real_craters/C126-750m.grd
DSAA
103 103
-38.29 38.29
-38.29 38.29
7843.3630998857 9701.3884004927
[rows 38 to 75 of 103, columns 0 to 83 of 103]
9080 9073 9065 9058 9049 9041 9036 9033 9028 9024 9030 9044 9049 9056 9056 9046 9040 9038 9034 9029 9027 9018 9013 9012 9010 9010 9005 9001 8999 8996 8994 8988 8978 8990 9000 9005 9006 9001 8997 9003 9012 9065 9245 9406 9378 9414 9415 9261 9095 8992 9005 9072 9173 9259 9314 9342 9321 9412 9492 9259 9269 9151 9014 8965 8929 8961 8966 8949 8946 8984 8942 8884 8962 8937 8908 8897 8893 8894 8899 8906 8908 8907 8911 8911
9083 9072 9067 9064 9055 9047 9039 9034 9030 9028 9035 9042 9057 9068 9074 9067 9053 9044 9036 9028 9023 9018 9015 9015 9015 9014 9010 9005 9001 8998 9001 9008 8989 8999 9003 9006 8998 9040 9059 9082 9138 9250 9410 9428 9322 9179 9001 8776 8635 8540 8566 8636 8758 8866 8915 8920 8921 9117 9241 9304 9342 9385 9205 9000 8930 8960 8956 8940 8941 8967 8972 8982 8982 8946 8915 8899 8894 8896 8906 8917 8932 8943 8937 8932
9088 9077 9070 9064 9057 9048 9042 9038 9037 9040 9051 9062 9070 9079 9092 9079 9061 9051 9043 9037 9036 9023 9021 9021 9019 9017 9011 9005 9000 8997 8998 9004 9000 8990 9000 9010 9026 9135 9236 9313 9398 9462 9269 8979 8829 8665 8537 8370 8245 8197 8228 8335 8446 8563 8638 8684 8764 8822 8883 8998 9102 9368 9298 9109 8969 8944 8953 8949 8947 8955 8964 8970 8965 8936 8908 8892 8892 8901 8916 8933 8951 8965 8962 8952
9096 9086 9075 9067 9059 9052 9045 9041 9041 9051 9065 9071 9074 9081 9080 9073 9064 9056 9048 9043 9033 9030 9027 9025 9019 9013 9007 9000 8995 8991 8985 8981 8989 8994 9002 9017 9072 9232 9418 9510 9555 9337 8935 8610 8413 8268 8179 8134 8102 8098 8123 8195 8266 8349 8382 8489 8691 8674 8643 8638 8679 8914 9152 9150 9008 8994 8978 8986 8958 8948 8945 8944 8937 8913 8881 8875 8886 8902 8923 8945 8967 8988 8985 8968
9103 9091 9080 9070 9062 9055 9048 9044 9041 9046 9067 9074 9079 9085 9087 9075 9067 9059 9053 9048 9044 9034 9030 9025 9016 9007 8998 8993 8990 8986 8981 8979 8983 8987 9007 9024 9121 9286 9422 9480 9429 9040 8621 8355 8212 8155 8090 8063 8088 8118 8131 8143 8178 8232 8280 8348 8445 8486 8498 8502 8492 8581 8901 9145 9112 9021 8995 8984 8990 8954 8943 8937 8919 8894 8863 8862 8881 8902 8928 8953 8975 8996 8996 8978
9109 9095 9083 9074 9064 9055 9050 9047 9046 9049 9059 9073 9083 9090 9091 9079 9072 9066 9059 9052 9052 9041 9036 9025 9015 9002 8991 8989 8986 8984 8984 8987 8987 8996 9015 9044 9164 9320 9417 9360 9175 8715 8339 8167 8158 8082 8030 8022 8042 8053 8064 8087 8105 8163 8221 8268 8313 8377 8422 8463 8453 8472 8689 8935 9139 9065 9033 9022 8997 8980 8958 8943 8914 8891 8868 8868 8884 8906 8931 8955 8980 8996 8998 8983
9112 9096 9081 9071 9065 9059 9055 9052 9050 9048 9050 9063 9080 9091 9099 9086 9079 9071 9063 9054 9051 9047 9038 9027 9016 9003 8996 8989 8986 8983 8981 8981 8983 8999 9025 9065 9209 9355 9384 9214 8902 8468 8131 8012 8015 7964 7960 7964 7986 7999 8021 8026 8041 8097 8143 8156 8203 8292 8362 8422 8457 8468 8624 8826 9191 9150 9084 9018 9004 9005 8969 8935 8913 8894 8879 8879 8892 8911 8935 8956 8975 8993 8996 8980
9117 9099 9083 9074 9067 9064 9061 9059 9054 9050 9045 9060 9072 9086 9096 9098 9088 9078 9069 9060 9051 9048 9042 9028 9018 9008 8997 8995 8990 8987 8979 8983 8995 9010 9037 9085 9251 9399 9380 9078 8676 8265 7992 7901 7889 7887 7908 7922 7932 7940 7950 7985 8016 8050 8074 8071 8130 8207 8299 8381 8403 8466 8592 8792 9221 9269 9138 9028 9001 8989 8962 8934 8912 8900 8888 8888 8902 8919 8936 8957 8970 8979 8976 8969
9121 9105 9087 9077 9070 9065 9063 9069 9074 9066 9065 9073 9090 9093 9102 9104 9094 9084 9075 9069 9066 9054 9034 9028 9021 9015 9013 9004 8996 8992 8996 8988 8998 9019 9050 9106 9262 9401 9338 8929 8472 8119 7891 7854 7856 7843 7884 7911 7931 7956 7972 7986 7988 8019 8048 8059 8093 8150 8260 8371 8473 8478 8537 8744 9138 9235 9145 9045 9000 8976 8952 8931 8917 8910 8905 8904 8920 8934 8950 8960 8967 8970 8968 8961
9127 9111 9093 9081 9073 9065 9062 9076 9093 9078 9072 9080 9095 9103 9104 9104 9097 9088 9079 9068 9064 9055 9041 9029 9023 9018 9013 9007 8999 8992 8979 8978 8992 9019 9058 9120 9252 9340 9189 8753 8314 8050 7911 7877 7891 7914 7910 7943 7982 8010 8032 8020 8002 8004 8024 8048 8073 8120 8222 8341 8481 8511 8572 8700 8871 9080 9161 9088 9010 8968 8946 8930 8925 8925 8930 8943 8947 8955 8960 8968 8968 8966 8963 8957
9134 9120 9101 9087 9077 9069 9065 9075 9087 9077 9072 9080 9089 9103 9109 9106 9099 9090 9079 9069 9062 9049 9041 9028 9024 9021 9015 9009 9004 8996 8987 8981 8980 9018 9063 9127 9227 9259 9036 8585 8192 8041 7973 7919 7958 7975 7986 8010 8044 8080 8094 8069 8034 8002 8005 8036 8055 8073 8177 8281 8363 8462 8588 8798 8916 9089 9240 9128 9034 8973 8937 8924 8924 8940 8955 8969 8975 8976 8975 8975 8973 8967 8957 8954
9148 9132 9113 9095 9083 9074 9072 9068 9067 9076 9079 9082 9086 9107 9115 9108 9100 9091 9082 9072 9064 9046 9029 9027 9028 9026 9021 9015 9010 9002 8990 8975 8991 9027 9076 9144 9207 9186 8923 8488 8252 8088 7962 7924 7943 7971 8024 8064 8107 8138 8169 8112 8065 8015 7997 8016 8033 8065 8147 8253 8317 8376 8528 8708 8907 9073 9250 9102 9020 8964 8925 8923 8939 8957 8976 9000 9001 8996 8990 8989 8982 8973 8958 8956
9157 9142 9120 9102 9090 9081 9074 9071 9068 9069 9079 9088 9102 9121 9114 9109 9100 9091 9084 9078 9066 9057 9041 9037 9034 9033 9032 9029 9020 9009 9000 8995 9003 9042 9090 9155 9189 9174 8892 8533 8411 8205 8032 7956 7949 7981 8031 8096 8150 8171 8164 8129 8084 8030 7994 7975 7970 8039 8135 8230 8299 8382 8497 8594 8756 9037 9296 9085 8991 8952 8934 8931 8956 8967 8988 9006 9013 9009 9003 9004 8998 8992 8984 8976
9154 9149 9130 9109 9100 9091 9082 9094 9099 9086 9090 9098 9104 9110 9114 9108 9099 9089 9080 9069 9060 9065 9057 9045 9038 9039 9042 9041 9034 9023 9016 9019 9030 9058 9105 9152 9145 9069 8853 8595 8516 8281 8092 7990 7945 7973 8052 8127 8193 8201 8161 8132 8094 8049 8001 7961 7947 8038 8144 8201 8265 8336 8404 8524 8887 9260 9249 9048 8978 8941 8924 8931 8943 8969 8994 9015 9021 9016 9010 9014 9012 9012 9011 9003
9137 9154 9145 9127 9118 9107 9100 9095 9107 9118 9112 9112 9110 9105 9106 9103 9096 9087 9077 9071 9066 9057 9043 9035 9038 9042 9047 9047 9044 9041 9036 9031 9042 9068 9109 9144 9126 9009 8844 8651 8529 8309 8126 7998 7956 7975 8060 8140 8201 8206 8176 8129 8091 8052 8000 7970 7962 8001 8051 8130 8174 8235 8352 8625 8985 9379 9136 9009 8963 8932 8923 8940 8963 8984 9001 9013 9018 9017 9014 9019 9018 9020 9019 9006
9144 9162 9166 9158 9141 9124 9109 9115 9126 9128 9131 9126 9122 9112 9105 9103 9097 9087 9077 9073 9074 9057 9039 9032 9039 9042 9044 9042 9043 9044 9040 9040 9054 9077 9104 9171 9193 9106 8889 8677 8503 8317 8168 8058 8012 8012 8048 8116 8154 8166 8155 8116 8074 8017 7996 7977 7957 7957 7972 7998 8064 8137 8322 8697 9139 9321 9096 8989 8952 8934 8938 8958 8981 9000 9010 9015 9018 9015 9013 9010 9016 9015 9009 8997
9159 9179 9185 9178 9164 9146 9134 9128 9142 9148 9146 9141 9133 9127 9117 9109 9101 9091 9081 9079 9084 9069 9052 9050 9049 9047 9042 9036 9040 9046 9047 9045 9067 9096 9117 9228 9307 9210 8926 8671 8505 8336 8206 8115 8067 8081 8085 8089 8107 8107 8106 8099 8074 8045 8023 8002 7980 7963 7971 7989 8027 8095 8345 8739 9177 9280 9096 8982 8956 8946 8954 8977 9003 9018 9019 9015 9005 9010 9009 9012 9009 9007 9000 8986
9144 9189 9194 9189 9182 9169 9153 9142 9157 9165 9159 9152 9145 9141 9128 9118 9109 9100 9089 9087 9089 9075 9063 9068 9065 9057 9047 9037 9041 9051 9044 9067 9086 9117 9153 9291 9445 9336 8942 8680 8571 8406 8260 8198 8154 8132 8138 8127 8125 8119 8111 8099 8087 8074 8056 8043 8038 8019 7999 8011 8081 8199 8454 8858 9213 9293 9043 8980 8970 8966 8974 8995 9018 9035 9028 9020 9015 9013 9011 9007 9005 9001 8993 8979
9107 9156 9182 9199 9200 9189 9175 9173 9175 9178 9171 9161 9152 9145 9135 9128 9121 9114 9107 9099 9090 9086 9085 9089 9079 9069 9060 9052 9058 9065 9071 9079 9097 9109 9156 9289 9426 9337 9006 8807 8664 8474 8346 8242 8193 8171 8168 8155 8142 8126 8115 8104 8096 8088 8079 8072 8076 8076 8067 8080 8200 8341 8570 8941 9249 9222 9086 9013 8982 8984 8995 9011 9027 9036 9031 9026 9026 9018 9013 9008 9000 8996 8990 8983
9073 9104 9154 9202 9212 9207 9202 9189 9198 9196 9180 9168 9156 9152 9141 9138 9135 9132 9128 9116 9105 9097 9085 9092 9088 9082 9078 9076 9078 9083 9083 9089 9102 9106 9141 9236 9305 9290 9159 9073 8824 8575 8473 8340 8265 8208 8200 8177 8158 8133 8119 8107 8105 8100 8097 8107 8123 8165 8196 8236 8382 8528 8762 9191 9347 9276 9173 9019 8989 9009 9020 9024 9028 9028 9030 9028 9024 9020 9013 9007 9001 8995 8990 8990
9058 9068 9122 9183 9200 9210 9225 9218 9208 9198 9182 9170 9166 9156 9150 9151 9150 9147 9134 9138 9131 9124 9129 9105 9098 9096 9095 9095 9094 9091 9096 9110 9111 9106 9133 9196 9260 9342 9406 9398 9089 8805 8602 8452 8347 8248 8230 8203 8179 8152 8129 8114 8107 8111 8112 8118 8185 8245 8324 8421 8606 8795 9020 9433 9376 9274 9046 9025 9017 9029 9032 9035 9036 9039 9032 9027 9025 9020 9015 9008 9001 8993 8986 8978
9064 9063 9089 9106 9140 9193 9234 9233 9203 9191 9180 9167 9157 9158 9161 9161 9165 9170 9170 9162 9156 9146 9136 9123 9113 9111 9110 9110 9113 9107 9110 9122 9127 9131 9142 9176 9232 9363 9556 9565 9371 9111 8831 8622 8519 8386 8298 8247 8223 8199 8166 8147 8148 8167 8153 8179 8313 8394 8498 8695 8910 9123 9361 9336 9181 9107 9066 9042 9043 9049 9051 9046 9039 9030 9027 9026 9026 9023 9017 9010 9002 8994 8984 8973
9079 9074 9077 9079 9113 9174 9222 9228 9202 9189 9181 9168 9154 9153 9160 9169 9180 9188 9190 9181 9169 9161 9153 9140 9132 9127 9122 9123 9132 9123 9120 9135 9152 9159 9168 9175 9210 9312 9399 9482 9595 9403 9107 8863 8691 8572 8434 8359 8340 8316 8281 8280 8283 8334 8374 8387 8547 8658 8755 9015 9185 9351 9382 9228 9129 9114 9107 9084 9070 9065 9066 9054 9042 9031 9027 9027 9028 9022 9021 9014 9005 8996 8987 8980
9092 9089 9083 9089 9116 9159 9202 9210 9195 9193 9190 9189 9170 9156 9160 9179 9193 9203 9206 9202 9190 9174 9161 9156 9154 9145 9134 9123 9113 9135 9139 9156 9181 9207 9200 9187 9199 9267 9327 9394 9497 9540 9443 9196 8974 8824 8640 8507 8501 8474 8492 8515 8526 8557 8605 8683 8844 8995 9114 9388 9332 9321 9276 9191 9121 9104 9107 9128 9094 9077 9070 9060 9048 9037 9030 9031 9033 9034 9025 9017 9007 8997 8988 8981
9112 9091 9084 9092 9113 9148 9185 9200 9204 9200 9197 9192 9174 9171 9187 9198 9206 9213 9211 9204 9192 9180 9173 9172 9172 9160 9144 9128 9124 9120 9139 9164 9197 9233 9220 9209 9214 9241 9266 9287 9339 9503 9640 9550 9329 9138 8872 8735 8638 8635 8625 8621 8679 8768 8843 8957 9140 9290 9403 9337 9314 9299 9241 9182 9150 9122 9131 9135 9106 9080 9073 9067 9056 9044 9037 9038 9038 9034 9029 9020 9009 8997 8986 8976
8975 9062 9082 9090 9100 9135 9172 9189 9200 9202 9199 9192 9181 9192 9211 9216 9216 9212 9209 9197 9191 9182 9174 9175 9182 9168 9153 9140 9130 9136 9141 9164 9188 9204 9217 9222 9221 9214 9211 9227 9254 9376 9550 9658 9607 9437 9227 9041 8892 8865 8827 8790 8877 9022 9167 9264 9387 9560 9455 9285 9297 9286 9237 9194 9202 9128 9143 9128 9115 9102 9088 9077 9069 9059 9052 9052 9050 9045 9038 9024 9010 8995 8982 8971
9091 9080 9090 9100 9115 9129 9139 9158 9186 9192 9197 9202 9196 9206 9218 9224 9225 9229 9221 9212 9199 9185 9171 9164 9173 9168 9160 9153 9147 9142 9151 9168 9183 9194 9206 9213 9209 9192 9183 9230 9278 9291 9454 9576 9609 9610 9618 9434 9248 9154 9099 9054 9134 9277 9437 9516 9471 9476 9373 9305 9305 9271 9226 9217 9190 9135 9132 9118 9108 9102 9096 9087 9081 9077 9077 9068 9062 9063 9043 9025 9008 8991 8976 8962
9094 9094 9103 9119 9140 9143 9134 9124 9158 9173 9185 9198 9206 9208 9216 9222 9231 9236 9237 9238 9211 9190 9171 9158 9162 9164 9162 9159 9153 9156 9170 9172 9184 9189 9195 9207 9204 9193 9202 9223 9233 9232 9367 9465 9512 9555 9623 9571 9460 9363 9371 9461 9430 9443 9506 9454 9405 9358 9299 9264 9278 9249 9241 9252 9191 9153 9145 9124 9117 9109 9101 9094 9091 9090 9086 9078 9065 9052 9039 9024 9004 8986 8970 8949
9095 9102 9111 9126 9152 9160 9151 9127 9133 9155 9170 9179 9198 9198 9201 9215 9234 9245 9240 9227 9214 9195 9177 9166 9165 9163 9162 9160 9155 9152 9164 9164 9166 9170 9180 9188 9200 9210 9219 9209 9205 9236 9301 9264 9182 9297 9443 9493 9456 9450 9464 9545 9485 9437 9451 9319 9296 9266 9238 9227 9246 9249 9266 9259 9217 9186 9196 9144 9135 9122 9106 9101 9096 9095 9100 9081 9064 9057 9042 9024 9005 8987 8968 8949
9100 9106 9114 9122 9123 9144 9160 9160 9150 9155 9165 9168 9168 9183 9197 9216 9235 9243 9242 9230 9213 9197 9187 9182 9167 9161 9164 9162 9158 9151 9152 9154 9143 9154 9173 9185 9211 9229 9242 9199 9186 9214 9345 9178 9046 8965 9110 9523 9471 9447 9388 9289 9330 9316 9250 9236 9230 9215 9198 9194 9212 9227 9242 9256 9248 9227 9199 9165 9157 9138 9119 9107 9095 9085 9071 9061 9053 9051 9038 9019 9003 8986 8970 8953
9103 9107 9112 9116 9120 9120 9140 9167 9153 9147 9155 9155 9155 9172 9190 9209 9234 9251 9233 9220 9203 9192 9187 9187 9178 9172 9173 9175 9174 9160 9159 9161 9162 9161 9179 9209 9227 9244 9257 9236 9216 9242 9340 9112 8897 8777 8882 9190 9451 9406 9311 9228 9242 9241 9232 9234 9210 9186 9167 9167 9187 9198 9203 9194 9222 9235 9218 9181 9162 9139 9128 9107 9090 9074 9055 9047 9042 9036 9022 9013 9002 8988 8974 8961
9107 9111 9116 9119 9119 9115 9117 9118 9123 9126 9132 9146 9155 9164 9179 9192 9196 9199 9196 9192 9186 9179 9174 9176 9173 9174 9176 9187 9202 9179 9168 9171 9169 9166 9161 9179 9224 9270 9260 9249 9249 9244 9265 9055 8883 8799 8891 9156 9367 9341 9270 9212 9205 9208 9211 9209 9184 9156 9127 9136 9158 9169 9173 9167 9179 9197 9217 9153 9139 9126 9110 9093 9082 9070 9058 9047 9038 9028 9019 9012 9003 8992 8980 8971
9111 9116 9122 9128 9130 9125 9118 9120 9127 9131 9131 9131 9143 9155 9163 9165 9165 9167 9170 9168 9165 9160 9152 9140 9139 9153 9165 9174 9169 9162 9160 9167 9184 9157 9144 9149 9178 9190 9217 9277 9269 9278 9313 9229 9071 8948 9091 9282 9277 9271 9237 9206 9191 9191 9187 9161 9139 9119 9103 9109 9116 9129 9148 9160 9183 9175 9154 9132 9128 9114 9098 9086 9079 9069 9058 9048 9038 9030 9024 9014 9005 8997 8991 8984
9113 9121 9129 9137 9143 9132 9124 9130 9145 9156 9141 9142 9145 9150 9153 9152 9140 9145 9147 9151 9151 9145 9135 9118 9109 9116 9151 9167 9164 9180 9150 9140 9138 9143 9136 9143 9158 9170 9195 9211 9248 9262 9289 9310 9270 9361 9269 9290 9236 9219 9199 9173 9155 9142 9133 9123 9108 9097 9092 9093 9089 9101 9130 9160 9182 9163 9135 9135 9120 9113 9101 9089 9081 9071 9063 9054 9039 9028 9023 9013 9009 9006 9004 9001
9119 9128 9136 9143 9150 9133 9130 9136 9147 9158 9146 9140 9145 9150 9153 9149 9149 9144 9144 9143 9141 9137 9130 9123 9120 9123 9148 9176 9171 9130 9129 9137 9141 9141 9144 9151 9173 9200 9216 9233 9250 9264 9279 9291 9289 9257 9251 9229 9219 9197 9166 9142 9121 9125 9124 9122 9116 9097 9085 9089 9092 9089 9114 9134 9151 9146 9142 9132 9126 9120 9108 9095 9083 9072 9061 9050 9034 9021 9009 9010 9015 9018 9021 9023
9126 9134 9141 9146 9147 9143 9139 9137 9135 9127 9118 9137 9147 9154 9159 9163 9160 9150 9139 9141 9139 9137 9132 9131 9131 9134 9142 9151 9139 9131 9132 9135 9140 9147 9157 9158 9165 9202 9227 9245 9245 9255 9282 9300 9284 9271 9242 9228 9222 9195 9148 9129 9117 9126 9123 9112 9101 9095 9091 9086 9088 9094 9107 9126 9130 9126 9132 9137 9141 9130 9115 9096 9087 9072 9054 9036 9026 9019 9017 9017 9025 9033 9041 9049
9133 9143 9146 9147 9147 9151 9145 9137 9131 9124 9132 9147 9151 9158 9164 9169 9170 9158 9150 9143 9139 9135 9133 9134 9136 9136 9131 9129 9131 9133 9135 9143 9142 9152 9163 9160 9161 9192 9201 9226 9258 9258 9285 9274 9250 9242 9235 9222 9205 9181 9161 9140 9131 9128 9119 9106 9092 9090 9095 9090 9094 9095 9103 9109 9121 9104 9122 9138 9145 9139 9126 9123 9093 9072 9052 9034 9026 9022 9025 9031 9039 9050 9062 9073
9147 9151 9149 9145 9145 9149 9149 9140 9134 9136 9145 9151 9157 9163 9169 9172 9172 9159 9148 9144 9139 9135 9132 9131 9124 9128 9129 9132 9125 9129 9142 9145 9144 9151 9149 9156 9161 9185 9185 9215 9259 9251 9260 9122 9238 9263 9228 9216 9202 9188 9176 9148 9127 9115 9111 9104 9096 9094 9092 9088 9100 9108 9105 9103 9112 9109 9125 9148 9149 9141 9130 9114 9095 9072 9053 9039 9031 9031 9038 9044 9055 9069 9083 9095
