real_craters/C126-300m.grd
DSAA
256 256
-38.29 38.29
-38.29 38.29
7842.1163777255 9707.4205091055
[rows 90 to 119 of 256, columns 67 to 133 of 256]
8990.98 8990.59 8989.88 8988.85 8988.07 8988.3 8986.97 8985.92 8984.52 8982.95 8981.31 8980.56 8981.09 8987.36 8992.88 8991.25 8986.16 8984.32 8989.29 8994.04 8997.95 9001.2 9003.7 9005.37 9000.31 8992.95 8985.82 8978.75 8972.48 8966.47 8960.95 8960.38 8964.15 8969.29 8975.13 8984.89 9002.35 9026.64 9049.01 9063.9 9075.92 9086.28 9118.48 9135.71 9141.4 9156.77 9206.91 9295.67 9386.05 9446.17 9492.63 9515.54 9555.38 9532.56 9498.23 9468.75 9453.94 9456.54 9475.68 9518.74 9554.29 9585.35 9567.92 9542.55 9527.32 9525.45 9532.72
8993.67 8992.83 8992.22 8991.36 8990.14 8989.06 8987.77 8986.68 8984.85 8982.45 8979.9 8977.92 8979.34 8986.11 8993 8992.61 8989.93 8989.13 8991.47 8995.28 8999.19 9002.59 9005.26 9006.18 8999.29 8991.38 8984.44 8977.84 8970.37 8963.37 8956.3 8955.88 8961.27 8968.43 8976.91 8987.84 9000.79 9025.98 9056.6 9084.5 9102.26 9107 9139.78 9170.02 9187.07 9196.92 9255.01 9347.98 9424.75 9462.26 9486.29 9475.69 9470.8 9488.95 9483.1 9483.17 9500.27 9518.93 9543.12 9596.72 9666.79 9707.42 9637.8 9591.08 9570.45 9575.05 9599.3
8995.85 8994.99 8993.97 8993.4 8992.87 8991.71 8989.93 8988.09 8985.91 8983.01 8979.6 8976.62 8977.61 8984.19 8990.5 8991.31 8990.73 8991.69 8994.14 8997.51 9000.97 9004.04 9006.29 9006.78 8999.33 8991.17 8984.41 8977.6 8970.73 8965.32 8961.32 8960.76 8964.42 8971.24 8982.45 8998.71 9017.65 9037.15 9078.84 9123.79 9159.3 9179.47 9219.08 9248.36 9252.92 9265.56 9319 9393.64 9446.91 9467.96 9459.64 9451.77 9454.83 9448.88 9441.3 9448.53 9484.47 9507.2 9521.52 9578.44 9623.25 9660.51 9606.47 9567.99 9555.39 9570.36 9609.46
8998.48 8997.63 8996.6 8995.65 8994.55 8993.06 8991.77 8990.22 8988 8984.84 8981.12 8977.49 8977.27 8981.07 8986.53 8988.66 8990.11 8992.64 8995.98 8999.25 9002.28 9004.85 9005.99 9004.41 8998.41 8992.12 8986.16 8980.46 8975.89 8971.16 8970.07 8969.83 8972.29 8978.52 8991.2 9011.62 9034.37 9060.73 9118.58 9181.23 9236.16 9277.37 9290.19 9303.95 9317.48 9350.61 9393.11 9445.47 9473.37 9475.06 9464.36 9465.7 9454.74 9399.05 9360.02 9352.83 9375.27 9385.45 9386.79 9407.68 9440.52 9480.39 9483.34 9477.11 9481.88 9506.16 9549.75
9000.56 8999.5 8998.95 8997.83 8996.07 8994.82 8993.54 8992.05 8990.61 8988.16 8984.32 8979.57 8977.69 8977.69 8980.05 8986.06 8990.5 8994.34 8997.51 9000.4 9002.95 9005.11 9006.34 9004.35 8999.3 8994.94 8991.17 8986.87 8984.25 8981.88 8979.87 8983.18 8985.95 8990.96 9002.96 9025.36 9054.1 9095.59 9173.27 9250.22 9313.09 9346.1 9332.57 9310.21 9358.46 9406.04 9434.83 9463.5 9469.36 9457.65 9442.3 9402.95 9365.11 9279.75 9224.13 9196.22 9191.46 9195.77 9199.73 9213.71 9240.55 9282.47 9316 9337.19 9358.69 9389.74 9428.39
9002.14 9001.22 8999.96 8998.59 8997.44 8996.2 8995.33 8994.3 8993.72 8992.7 8990.25 8986.39 8981.82 8977.86 8979.19 8986.82 8993.15 8997.17 8999.71 9001.79 9003.66 9005.44 9007.3 9005.91 9002.01 9000.09 9000.03 8998.18 8997.22 8998.16 9003.78 9004.08 9007.24 9011.65 9021.12 9043.12 9091.45 9156.39 9245.43 9324.02 9385.89 9409.96 9392.43 9378.45 9389.05 9397.58 9427.86 9442.98 9414.98 9375.98 9321.45 9229.75 9167.74 9094.83 9045.49 9007.29 8980.06 8990.4 9005.44 9024.9 9054.07 9092.34 9134.88 9173.16 9208.59 9242.62 9274.67
9004.21 9002.24 9000.73 8999.58 8998.66 8997.48 8997.05 8996.98 8996.97 8997.85 8997.97 8995.82 8988.77 8981.64 8982.36 8991.21 8999.28 9000.72 9001.73 9002.88 9003.98 9004.49 9004.38 9006.71 9005.74 9010.21 9013.3 9014.41 9014.41 9013.74 9019.29 9030.45 9039.63 9046.84 9055.46 9072.81 9161.85 9256.34 9327.93 9392.3 9447.8 9457.66 9436.93 9431.98 9418.74 9401.29 9377.35 9372.31 9298.71 9216.48 9111.83 9023.73 8964.54 8900.48 8856.38 8817.96 8792.68 8801.43 8821.7 8844.51 8872.11 8911.81 8957.73 9002.1 9043.53 9080.31 9110.78
9005.27 9003.48 9001.79 8999.73 8998.66 8998.83 8998.73 8999.12 9000.36 9002.22 9004.95 9006.68 8995.98 8986.95 8986.98 8994.53 9001.7 9002.24 9002.85 9003.91 9004.85 9004.35 8998.18 8998.38 9009.73 9023.32 9033.3 9040.39 9039.61 9035.79 9046.62 9070.46 9090.1 9101.9 9112.95 9153.7 9275.58 9367.17 9393.95 9421.78 9473.86 9455.15 9404.46 9393.45 9359.84 9315.99 9237.21 9174.65 9108.4 9020.72 8910.2 8843.32 8785.37 8720.92 8673.68 8637.35 8618.24 8626.05 8649.77 8673.2 8700.37 8739.4 8786.89 8835.83 8882.63 8922.87 8954.28
9005.72 9003.83 9001.97 9000.97 8999.1 8998.59 8999.03 8999.91 9001.51 9004.06 9007.02 9006.8 9000.16 8992.5 8990.7 8994.1 8998.38 9000.46 9002.33 9004.46 9006.67 9008.52 9004.09 8999.75 9022.19 9045.1 9065.65 9079.05 9082.83 9073.65 9089.84 9132.82 9163.76 9181.72 9191.71 9216.37 9388.13 9448.22 9411.39 9377.02 9358.17 9321.76 9269.37 9219.68 9167.51 9109.35 9032.32 8953.4 8898.32 8823.74 8723.88 8675.05 8615.74 8550.82 8503.04 8468.35 8452.33 8460.51 8481.24 8507.51 8538.65 8577.95 8626.1 8682.25 8735.6 8780.72 8816.26
9006.12 9003.81 9002.04 9000.82 8999.58 8999.04 8998.55 8999.23 9000.64 9003.11 9006.06 9006.33 9002.14 8997.46 8993.34 8991.33 8993.37 8997.63 9001.25 9004.53 9008.26 9013.48 9018.97 9024.68 9044.67 9075.99 9108.56 9133.37 9150.58 9157.48 9183.03 9224.5 9259.67 9284.91 9302.95 9345.66 9469.99 9462.06 9366.72 9270.87 9182.65 9134.15 9082.04 9017.96 8946.17 8887.11 8829.8 8767.75 8709.98 8643.63 8552.14 8514.12 8450.96 8389.25 8349 8318.13 8305.38 8315.32 8329.16 8363.3 8399.2 8437.4 8480.3 8547.63 8605.99 8653.91 8692.43
9005.93 9003.55 9001.27 8999.81 8998.48 8997.44 8996.93 8996.81 8997.52 8999.07 9002.14 9003.42 9001.87 8999.6 8994.71 8990.13 8991.23 8995.94 9000.26 9004.34 9008.29 9012.12 9011.69 9025.51 9065.63 9110.44 9157.83 9198.31 9236.2 9259.4 9293.58 9330.4 9366.04 9397.65 9422.16 9441.81 9471.2 9397.04 9268.61 9134.71 9012.71 8950.63 8893.41 8829.47 8750.83 8687.2 8642.9 8592.67 8536.54 8475.34 8389.53 8355.06 8299.95 8244.69 8223.38 8205.94 8200.7 8211.36 8227.68 8277.29 8317.84 8349.72 8388.16 8445.94 8498.2 8543.34 8579.1
9004.56 9002.18 9000.18 8998.38 8996.43 8994.98 8994.46 8993.48 8993.09 8993.06 8993.49 8995.53 8998.06 8999.29 8995.42 8992.94 8993.12 8996.25 9000.37 9004.71 9008.8 9001.74 9008.18 9035.28 9089.02 9146.13 9208.08 9265.24 9326.15 9386.86 9406.64 9429.85 9460.9 9495.48 9525.57 9500.83 9413.36 9286.48 9140.09 8989.85 8858.46 8782.65 8717.68 8649.64 8570.06 8507.69 8470.34 8426.95 8374.3 8318.12 8239.46 8219.67 8188.06 8147.1 8141.77 8140.91 8142.53 8151.27 8173.92 8230.6 8276.14 8297.18 8333.06 8369.8 8410.12 8447.88 8477.6
9002.42 9000.02 8997.66 8995.8 8994.45 8992.76 8991.03 8989.55 8987.66 8985.86 8985.67 8987.47 8990.84 8993.08 8993.12 8994.51 8994.6 8996.91 9001.15 9006.13 9011.5 9005.84 9022.69 9059.34 9116.02 9179.74 9250.8 9319.28 9395.32 9465.31 9483.12 9498.58 9521.46 9548.94 9568.14 9476.8 9292.43 9152.23 9001.92 8848.05 8715.45 8634.91 8561.91 8483.96 8401.54 8348.96 8310.23 8276.55 8232.55 8179.21 8149.58 8151.4 8130.76 8110.14 8104.66 8102.52 8108.82 8118.83 8136.76 8169.4 8206.81 8237.25 8267.64 8299.29 8335.47 8368.72 8394.93
9000 8997.71 8995.62 8994.11 8992.04 8990.37 8988.32 8986.04 8983.32 8979.5 8974.28 8979.52 8984.73 8986.94 8987.93 8989.38 8992.72 8997.13 9002.65 9008.84 9015.6 9013.03 9041.55 9085.25 9142.8 9210.72 9282.69 9353.66 9429.14 9496.68 9513.48 9525.48 9537.54 9545.28 9528.76 9388.31 9185.4 9023.43 8869.59 8721.37 8598.14 8511.37 8435.39 8355.78 8271.5 8242.54 8202.7 8175.98 8139.43 8106.22 8112.86 8112.93 8104.72 8099.69 8098.47 8096.25 8101.26 8107.86 8118.33 8134.13 8161.11 8184.59 8200.77 8234.68 8273.82 8305.7 8330.13
8997.57 8995.54 8993.53 8991.33 8989.59 8988.04 8985.93 8983.96 8981.15 8977.91 8975.67 8977.96 8982.6 8984.36 8983.74 8984.67 8990.53 8997.14 9004.19 9011.78 9020.22 9021.79 9051.53 9104.34 9165.33 9234.43 9303.9 9368.56 9428.85 9474.85 9504.1 9514.69 9514.74 9496.63 9428.59 9264.77 9063.78 8897.25 8743.5 8604.7 8493.18 8409.7 8339.44 8278.67 8244.01 8205.11 8179.13 8138.23 8102.18 8080.06 8080.44 8084.3 8089 8098.66 8107.06 8109.75 8110.13 8113.47 8122.42 8134.93 8146.82 8157.04 8165.77 8194.47 8229.1 8257.55 8280.45
8994.34 8992.81 8991.12 8989.79 8988 8986.42 8984.52 8982.79 8980.73 8978.83 8979.16 8979.48 8982.07 8982.99 8982.56 8984.14 8990.96 8998.51 9006.66 9015.75 9015.34 9033.29 9064.15 9120.58 9184.79 9253.24 9315.83 9374.28 9422.43 9458.16 9476.67 9479.54 9465.98 9429.47 9342.68 9146.51 8943.3 8772.36 8620.69 8487.51 8391 8321.5 8263.35 8212.22 8177.62 8161.27 8147.48 8115.78 8089.72 8071.08 8062.83 8066.13 8074.57 8087.75 8104.04 8125.74 8113.65 8118.43 8130.75 8142.46 8142.41 8146.1 8158.56 8177.52 8198.77 8221.38 8242.34
8991.83 8990.45 8989.03 8987.98 8986.56 8985.02 8983.64 8982.57 8981.47 8979.78 8977.11 8980.79 8982.98 8984.11 8985.71 8988.31 8993.88 9001.24 9009.93 9020.21 9022.94 9043.37 9077.74 9137.26 9202.48 9269.39 9327.17 9378.48 9411.09 9432.51 9441.01 9429.33 9398.95 9346.44 9242.29 9010.4 8807.46 8646.81 8501.97 8378.63 8299.06 8247.31 8205.38 8161.46 8135.21 8125.97 8105.53 8087.07 8071.81 8059.83 8054.26 8053 8058.84 8067.27 8076.14 8084.8 8093.48 8101.99 8116.45 8133.49 8128.48 8131.11 8144.1 8158.95 8173 8192.53 8213.5
8989.65 8988.8 8987.67 8986.57 8985.83 8984.6 8983.38 8982.85 8983.27 8986.04 8987.14 8984.37 8984.04 8985.69 8989.04 8992.7 8997.19 9004.26 9013.32 9024.44 9030.43 9052.98 9092.82 9155.35 9219.45 9285.5 9340.95 9386.76 9414.27 9417.81 9402.14 9368.37 9315 9238.81 9115.66 8874.36 8683.25 8529.39 8390.84 8277.75 8216.76 8186.46 8169.18 8151.82 8138.66 8116.52 8081.86 8059.45 8044.16 8041.05 8035.22 8035.93 8041.94 8049.73 8055.96 8060.68 8066.26 8069.1 8079.02 8089.68 8098.98 8105.26 8114.16 8125.66 8143.37 8165.01 8188.13
8988.53 8987.98 8987.25 8986.3 8985.47 8984.32 8983.36 8982.88 8983.6 8984.69 8985.79 8985.77 8987.45 8986.84 8989.17 8993.52 8999.58 9007.34 9017.15 9028.97 9036.26 9061.95 9110.53 9173.77 9237.22 9301.45 9353.42 9394.55 9419.76 9402.07 9360.58 9301.09 9222.11 9112.46 8952.61 8756.77 8578.29 8424.67 8289.53 8184.06 8142.54 8130.88 8138.53 8157.6 8131.43 8082.76 8045.45 8028.41 8017.86 8005.02 8006.82 8013.4 8022.59 8033.54 8042.81 8042.81 8043.81 8044.71 8052.38 8061.61 8070.32 8076.29 8081.22 8090.13 8112.81 8137.45 8162.75
8988.75 8987.91 8987.12 8985.86 8984.6 8983.76 8982.66 8982.01 8982.15 8981.68 8981.95 8982.36 8983.43 8985.12 8988.91 8994.02 9001.41 9010.38 9021.03 9033.82 9043.24 9069.99 9124.82 9190.27 9255.41 9317.39 9364.28 9396.18 9406.62 9373.12 9312.45 9231.14 9130.67 9007.61 8844.95 8652.6 8482.14 8332.49 8201.96 8105.48 8075.52 8072.31 8086.57 8111.34 8078.38 8028 8001.92 7994.05 7988.28 7977.21 7981.25 7990.19 8000.41 8011.59 8020.52 8020.82 8024.59 8030.26 8038.24 8043.29 8046.59 8050.41 8055.2 8065.01 8085.35 8110.13 8135.83
8989.49 8988.33 8987.19 8986.48 8985.17 8983.67 8982.01 8981.47 8980.56 8980.78 8980.59 8980.42 8980.27 8983.17 8986.67 8994.13 9003.19 9013.17 9024.66 9038.42 9050.91 9082.95 9141.49 9208.68 9274.67 9333.03 9374.04 9395.49 9383.87 9338.95 9262.53 9162.11 9042.38 8902.49 8732.71 8548.52 8391.74 8251.72 8131.23 8046.84 8017.39 8010.46 8013.64 8014.52 8000.25 7973.07 7960.68 7960.44 7959.61 7955.72 7960.38 7967.89 7977.03 7985.87 7990.72 7996.23 8002.79 8012.75 8021.38 8023.96 8024.14 8027.71 8032.31 8040.55 8060.38 8084.95 8108.62
8991.13 8989.94 8988.89 8987.8 8986.27 8984.61 8982.54 8980.72 8978.46 8977.63 8979.35 8982.58 8984.44 8984.78 8986.75 8996.06 9006.32 9016.99 9028.94 9043.04 9057.21 9101.15 9162.62 9227.49 9292.69 9347.98 9387.89 9402.16 9381.4 9311.88 9215.53 9095.77 8958.86 8805.87 8631.06 8457.01 8309.42 8180.67 8074.45 8002.08 7969.19 7955.9 7948.93 7940.8 7937.53 7929.31 7926.17 7931.16 7935.08 7935.41 7939.98 7947.99 7955.88 7963.35 7970.74 7971.67 7973.85 7979.5 7983.48 7993.06 8001.2 8008.45 8014.39 8021.16 8040.95 8064.24 8084.64
8993.76 8992.39 8990.81 8989.24 8987.42 8985.65 8983.68 8981.57 8977.5 8973.24 8978.62 8984.6 8988.33 8991.21 8995.04 9002.42 9011.61 9022.08 9034.26 9048.69 9063.31 9115.66 9179.95 9244.15 9310.31 9366.01 9406.13 9414.87 9375.65 9291.37 9172.38 9033.03 8880.69 8711.1 8536.86 8371.86 8234.47 8115.37 8021.1 7958.52 7926.5 7913.45 7906.31 7900.07 7895.99 7894.36 7900.47 7908.31 7917.04 7922.3 7925.44 7931.4 7937.18 7941.36 7944.71 7945.5 7947.32 7945.95 7950.81 7969.06 7984.07 7994.95 8004.41 8016.02 8032.23 8049.23 8065.52
8997.74 8995.58 8993.52 8991.41 8989.12 8987.51 8985.98 8984.79 8981.74 8978.52 8981.69 8986.77 8991.66 8998.43 9004.98 9009.47 9017.16 9027.49 9039.96 9055.29 9072.75 9124.76 9189.97 9255.52 9323.44 9381.4 9425.58 9440.22 9388.77 9272.98 9129.56 8971.34 8806.91 8644.31 8458.14 8298.39 8167.78 8055.17 7963.37 7912.7 7891.19 7883.23 7881.21 7878.92 7872.16 7874.96 7884.74 7893.31 7899.61 7906.26 7913.18 7919.9 7923.88 7925.15 7924.14 7932.29 7941.51 7946.83 7953.4 7964.78 7977.07 7987.48 7997.77 8011.64 8023.87 8036.09 8050.8
9002.36 8998.75 8996.07 8993.47 8991.27 8989.72 8989.12 8989.7 8990.52 8989.69 8986.71 8987.37 8992.27 8999.86 9007.52 9013.45 9021.56 9032.17 9045.4 9061.9 9080.95 9124.07 9193.63 9261.22 9329.58 9387.33 9433.56 9459.59 9391.63 9244.29 9079.99 8906.18 8727.76 8547.53 8380.42 8233.44 8110.49 8006.6 7923.2 7880.56 7866.34 7863.71 7865.01 7863.12 7856.15 7855.69 7870.94 7906.35 7896.88 7896.09 7905.8 7914.47 7919.96 7921.75 7926.38 7939.51 7948.45 7955.46 7962.46 7969.66 7977.65 7984.76 7991.14 7998.02 8007.52 8022.24 8038.3
9005.69 9001.71 8998.7 8995.94 8993.82 8992.1 8991.35 8992.53 8996.25 8995.66 8989.07 8987.08 8991.59 8998.46 9006.35 9014.78 9024.25 9035.69 9049.65 9062.71 9087.94 9131.23 9195.31 9261.91 9326.17 9380.09 9415.2 9414.89 9337.75 9191.79 9019.94 8837.06 8650.41 8471.66 8309.36 8176.64 8066.68 7969.15 7891.45 7861.88 7854.38 7855.65 7858.59 7856.35 7847.67 7842.12 7852.85 7869.99 7884.32 7894.31 7905.47 7916.76 7925.39 7930.98 7939.24 7951.76 7960.65 7967.08 7972.48 7979.46 7984.33 7987.2 7988.24 7988.14 7993.25 8009.78 8027.4
9007.71 9003.76 9000.06 8997.46 8994.95 8992.56 8991.12 8990.78 8992.13 8990.68 8986.26 8985.69 8990.42 8999.23 9006.8 9015.08 9025.64 9038.34 9053.18 9066.82 9089.6 9134.21 9196.28 9259.64 9318.23 9363.73 9384.67 9358.69 9270.17 9126.4 8952.18 8766.05 8577.09 8398.71 8249.97 8131.49 8035.42 7949.32 7881.73 7860.22 7856.03 7858.62 7864.37 7863.29 7856.29 7856.16 7863.69 7866.65 7881.84 7895.6 7911.06 7925.89 7938.44 7949.27 7958.52 7967.62 7979.19 7987.39 7992.61 7995.72 7996.23 7994.68 7991.64 7987.62 7988.39 8002.31 8017.87
9008.27 9004.79 9001.92 8998.84 8996.18 8993.44 8990.48 8986.81 8981.31 8980.7 8980.46 8981.11 8986.6 8995.85 9004.3 9013.98 9026.04 9040.14 9056.25 9072.06 9097.91 9140.85 9195.72 9254.19 9305.84 9343.26 9357.58 9333.71 9217.22 9061.04 8881.95 8695.23 8514.53 8345.93 8199.92 8098.18 8019.74 7950.68 7897.29 7875.83 7868.77 7869.42 7875.52 7880.09 7883.05 7890.75 7897.66 7895.68 7897.1 7905.29 7924.09 7941.67 7957.14 7971.83 7981.82 7991.1 8003.5 8014.78 8018.57 8016.7 8013.38 8008.25 8001.98 7996.01 7993.87 8000.6 8010.24
9008.87 9005.94 9002.67 8999.91 8996.98 8993.95 8990.47 8986.11 8980.66 8978.59 8978.13 8977.78 8981.39 8988.04 8998.89 9011.41 9025.56 9041.1 9058.35 9076.27 9101.54 9144.34 9194.86 9246.59 9290.69 9319.12 9322.38 9277.37 9157.28 8994.47 8811.35 8623.44 8440.17 8281.09 8155.69 8075.54 8017.65 7968.78 7927.79 7901.83 7888.65 7885.51 7889.9 7904.64 7915.34 7926.1 7932.51 7928.37 7924.45 7930 7946.19 7963.27 7978.9 7992.37 8004.58 8015.39 8031.3 8044.11 8045.72 8040.71 8033.59 8025.31 8016.29 8008.11 8002.88 8001.54 8004.43
9010.11 9007.31 9004.18 9001.34 8998.45 8995.45 8992.06 8988.62 8986.01 8982.23 8981.12 8979.17 8977.52 8981.49 8994.46 9009.21 9025.13 9041.96 9060.04 9079.3 9102.48 9145.41 9191.97 9236.63 9272.43 9291.56 9285.38 9228.19 9095.65 8927.89 8742.57 8555.14 8378.15 8231.05 8124.18 8062.28 8022.32 7995.88 7964.83 7927.73 7908.9 7904.56 7913.89 7937.02 7961.08 7959.82 7954.72 7954.78 7954.36 7961.75 7974.92 7989.38 8004.15 8018.7 8030.59 8042.53 8059.2 8070.16 8070.31 8064.16 8054.53 8043.71 8032.07 8020.86 8010.74 8003.26 7998.33
