real_craters/C126-300m.grd
DSAA
256 256
-38.29 38.29
-38.29 38.29
7842.1163777255 9707.4205091055
[rows 60 to 89 of 256, columns 67 to 133 of 256]
8958.98 8959.2 8959.46 8959.73 8959.65 8959.49 8959.24 8958.58 8958.29 8957.68 8956.94 8955.39 8954.29 8953.21 8951.66 8949.41 8947.91 8948.78 8949.08 8950.82 8951.31 8952.06 8957.65 8960.38 8961.03 8960.3 8958.21 8952.77 8948.69 8955.22 8957.26 8957.97 8957.69 8956.72 8955.65 8955.49 8955.54 8956.27 8957.75 8960.75 8964.31 8962.88 8963.42 8965.75 8969.08 8973.85 8987.07 9004.38 9021.71 9026.72 9034.08 9041.92 9046.47 9044.66 9039.5 9038.82 9036.59 9014.12 8993.86 8975.04 8958.16 8945.27 8937.62 8932.11 8929.91 8927.49 8931.71
8958.64 8958.96 8958.95 8959.05 8959.63 8959.58 8960.01 8959.82 8959.31 8958.67 8958.21 8957.96 8956.93 8955.22 8952.62 8949.47 8947.55 8949.45 8949.62 8954.36 8959.3 8961.08 8960.75 8960.94 8960.42 8958.81 8956.74 8953.99 8952.73 8953.12 8954.4 8955.78 8956.04 8955.3 8952.99 8952.79 8953.86 8954.35 8955.42 8956.21 8956.55 8958.14 8961.01 8966.06 8973.31 8982.82 8993.69 9007.76 9020.86 9026.11 9033.69 9040.93 9045.04 9046.02 9045.85 9043.94 9034.62 9015.76 8997.99 8978.89 8961.8 8949.09 8940.04 8934.35 8931.03 8928.64 8928.73
8957.62 8957.95 8958.5 8958.73 8958.73 8958.91 8959.06 8959.19 8960.23 8960.21 8960.33 8959.19 8958.71 8957.98 8956.06 8954.02 8952.73 8954.39 8960.03 8960.69 8964.92 8966.12 8964.03 8962.36 8960.85 8959.08 8956.8 8953.31 8950.9 8952.13 8953.29 8954.25 8955.02 8955.67 8956.1 8954.35 8952.92 8952.05 8952.02 8951.81 8950.44 8954.31 8959.35 8965.3 8973.45 8985.89 8995.06 9006.84 9017.64 9026.99 9033.82 9040.3 9044.07 9045.17 9045.73 9045.17 9033.82 9021 9003.1 8982.78 8961.52 8951.36 8946.04 8936.57 8929.66 8926.46 8926.89
8959.15 8959.71 8960.16 8961.27 8961.63 8962.22 8962.42 8962.56 8962.07 8962.16 8962.02 8961.52 8961.63 8961.62 8961.42 8960.49 8958.2 8955.35 8954.72 8961.96 8967.72 8967.87 8965.39 8963.1 8961.34 8960.05 8959.09 8955.13 8954.09 8953.68 8953.51 8953.8 8954.72 8956.3 8956.53 8954.28 8951.65 8949.69 8947.86 8943.72 8948.13 8952.22 8958.41 8964.09 8969.21 8976.62 8991.11 9004.36 9016.55 9024.29 9031.49 9039.94 9043.3 9042.57 9039.95 9039.66 9034.56 9025.84 9009.88 8990.87 8970.9 8957.24 8948.87 8937.06 8926.79 8925.74 8926.35
8959.99 8960.66 8961.24 8962.07 8962.53 8962.93 8963 8963.84 8964.1 8964.37 8964.65 8964.79 8965.26 8965.71 8966.71 8967.99 8964.55 8959.67 8957.76 8962.38 8966.35 8966.96 8964.99 8962.83 8961.23 8960.65 8962.7 8967.62 8961.02 8955.84 8953.92 8953.34 8953.59 8955.3 8957.69 8952.66 8948.66 8946.7 8947.29 8954.07 8952.96 8956.24 8960.23 8964.89 8968.98 8976.18 8989.17 9001.53 9012.48 9019.82 9025.7 9030.1 9037.39 9041.04 9039.71 9037.37 9035.44 9029.18 9016.62 9000.67 8985.52 8967.03 8949.58 8938.04 8928.56 8926.63 8927.33
8960.47 8961.09 8961.65 8962.72 8963.03 8963.55 8964.06 8964.88 8965.58 8966.04 8966.61 8967.43 8967.86 8968.29 8969.4 8971.01 8968.44 8965.22 8963.67 8964.5 8966.9 8965.33 8963.53 8961.7 8960.08 8959.19 8958.53 8959.43 8958.15 8955.27 8953.45 8952.1 8950.94 8949.48 8949.52 8946.52 8943.88 8942.06 8942.7 8944.37 8952.87 8958 8962.36 8967.62 8974.02 8980.72 8989.83 8999.14 9006.63 9011.68 9020.17 9028.57 9034.22 9040.38 9039.3 9031.64 9032.51 9031.67 9021.89 9007.25 8992.39 8977.16 8960.61 8943.37 8930.78 8928.67 8929.64
8961.97 8962.69 8963.37 8963.77 8964.36 8965.03 8965.58 8966.12 8966.94 8967.51 8967.86 8968.49 8969.13 8969.78 8970.07 8969.97 8969.58 8969.07 8966.6 8963.86 8962.72 8962.57 8961.5 8960.2 8958.6 8956.59 8954.05 8951.15 8953 8953.15 8952.32 8951.19 8948.99 8944.41 8938.68 8940.5 8938.66 8936.18 8935.15 8939.13 8950.4 8958.37 8962.7 8968.35 8977.97 8984.78 8989.98 8997.54 9005.03 9011.13 9015.67 9019.77 9030.09 9037.37 9037.16 9033.49 9033.38 9031.81 9024.3 9011.67 8999.09 8988.26 8972.6 8951.45 8931.19 8932.3 8932.28
8962.97 8963.69 8964.68 8965.34 8965.97 8966.56 8966.87 8967.22 8967.75 8968.39 8968.95 8969.2 8970.1 8970.26 8970.11 8969.37 8968.82 8967.94 8965.32 8961.33 8958.8 8959.49 8959.66 8959.13 8957.98 8956.16 8954.81 8951.93 8951.76 8952.32 8952.01 8951.25 8949.92 8948.46 8944.91 8939.38 8934.98 8931.13 8928.29 8931.6 8948.69 8957.19 8959.9 8963.88 8969.98 8978.27 8986.72 8995.53 9002.63 9006.34 9013.97 9021.68 9026.75 9032.42 9033.61 9033.27 9034.02 9033.17 9027.5 9015.93 9005.85 8999.79 8985.08 8962.63 8944.45 8936.04 8932.28
8963.65 8964.28 8964.96 8965.54 8965.86 8966.44 8967.01 8967.13 8968.01 8968.64 8969.3 8969.92 8970.43 8970.93 8970.74 8969.31 8966.91 8963.96 8961.13 8959 8957.93 8957.72 8958.42 8958.75 8958.17 8956.41 8954.89 8953.93 8952.85 8952.95 8952.67 8951.78 8950.96 8950.52 8946.42 8939.26 8933.24 8928.21 8925.45 8931.17 8945.56 8951.32 8954.09 8956.9 8961.31 8970.95 8982.23 8993.61 9003.82 9005.44 9011.61 9017.89 9022.39 9027.52 9030.26 9032.84 9034.48 9034.01 9030.05 9022.33 9015.01 9008.63 8992.48 8969.26 8950.71 8935.88 8931.44
8965.38 8966.12 8966.77 8966.62 8967.12 8967.34 8968.74 8969.24 8969.64 8970.12 8970.42 8971.02 8971.25 8971.5 8971.29 8969.12 8964.66 8960.18 8956.83 8954.19 8954.32 8956.28 8958.38 8959.78 8960.13 8958.42 8954.07 8954.08 8954.88 8954.65 8953.71 8952.14 8950.5 8949.03 8944.68 8938.7 8932.8 8927.76 8925.14 8931.61 8943.91 8946.05 8948.07 8949.79 8955.17 8965.01 8977.85 8991.2 9004.34 9009.83 9008.64 9010.53 9016.68 9022.09 9031.1 9033.94 9035.34 9034.77 9031.41 9028.98 9023.67 9015.23 8995.81 8969.95 8948.66 8939.28 8932.68
8966.73 8967.05 8967.57 8968.48 8968.96 8968.96 8968.92 8969.29 8969.73 8970.04 8970.14 8970.45 8970.65 8970.64 8970.14 8966.95 8961.83 8957.9 8953.54 8949.27 8951.17 8955.52 8959.04 8962.19 8964.46 8965.33 8963.4 8960.39 8959.82 8958.24 8955.94 8953.08 8949.4 8945.27 8942.02 8937.98 8933.45 8929.26 8927.12 8932.64 8942.78 8944.63 8944.57 8943.77 8946.52 8960.2 8974.71 8987.87 8999.03 9007.37 9009.8 9010.23 9012.66 9019.76 9030.91 9034.17 9036.04 9036.86 9036.59 9030.52 9025.07 9018.14 8995.84 8968.38 8948.18 8936.57 8933.58
8968.75 8969 8969.59 8970.04 8970.05 8969.98 8970.42 8970.56 8970.77 8970.73 8970.42 8970.33 8970.01 8969.31 8967.35 8963.06 8956.77 8952.02 8951.67 8953.24 8953.71 8956.81 8960.82 8964.99 8969.23 8973.89 8978.97 8972.94 8966.54 8962.53 8959.11 8955.24 8950.61 8943.9 8942.23 8939.38 8935.94 8932.83 8931.63 8936.3 8944.15 8945.76 8944.79 8943.01 8946.14 8960.62 8975.17 8986.73 8995.36 9008.15 9013.96 9012.89 9009.98 9009.36 9026.74 9031.65 9035.56 9037.24 9035.43 9028.33 9020.89 9009.84 8989.43 8964.86 8947.47 8940.82 8937.13
8970.13 8970.44 8971.05 8971.32 8971.57 8971.85 8971.54 8971.43 8971.66 8970.84 8970.14 8969.47 8968.79 8967.62 8964.78 8959.88 8953.96 8949.91 8950.39 8951.86 8955.13 8958.38 8962.61 8967.49 8972.44 8977.57 8981.1 8977.05 8970.48 8965.76 8961.95 8958.33 8954.89 8951.71 8946.78 8943.12 8939.92 8937.63 8937.66 8943.17 8949.6 8949.34 8949.43 8949.15 8953.89 8967.16 8980.43 8991.23 8999.84 9010.11 9015.59 9014.09 9012.47 9013.2 9018.42 9030.29 9034.64 9035.85 9035.63 9028.11 9017.14 9003.26 8983.27 8962.01 8948.14 8942.15 8939.55
8972.56 8972.89 8973.16 8973.65 8973.73 8973.39 8973.44 8973.07 8972.63 8971.34 8970.39 8969.18 8967.57 8966.11 8964.68 8957.86 8951.6 8949 8950.07 8953.36 8955.85 8959.87 8964.6 8969.85 8974.93 8978.66 8978.21 8976.6 8972.34 8968.53 8965.36 8962.22 8959.25 8955.84 8951.56 8947.61 8944.6 8943.04 8943.71 8949.64 8951.63 8953.94 8958.33 8961.63 8967.69 8978.26 8989.18 8999.87 9007.73 9010.64 9010.83 9011.1 9014.6 9024.12 9032.11 9033.94 9033.85 9031.98 9028.23 9020.76 9010.51 8998.36 8977.63 8958.05 8946.88 8942.08 8939.5
8973.58 8973.82 8974.11 8974.23 8974.26 8974.51 8974.28 8973.94 8973.23 8972.21 8970.78 8968.6 8966.19 8963.27 8960.8 8955.12 8949.23 8947.2 8948.99 8952.41 8956 8960.73 8966.02 8971.5 8977.05 8982.04 8978.69 8976.23 8973.33 8970.38 8967.94 8965.78 8963.41 8959.91 8955.53 8951.37 8948.57 8947.93 8950.04 8954.05 8956.01 8959.98 8970.25 8980.54 8985.61 8989.95 8996.83 9006.47 9012.45 9010.89 9005.29 9004.48 9008.61 9022.15 9035.9 9036.04 9031.64 9025.94 9017.99 9008.85 9001.2 8989.02 8971.7 8954.45 8945.8 8941.44 8937.84
8974.48 8974.66 8975.04 8975.16 8975.23 8975.15 8975.03 8974.55 8973.8 8972.65 8971.04 8968.85 8965.72 8961.14 8955.54 8954.61 8951.31 8949.15 8948.18 8949.72 8955.96 8961.75 8967.33 8972.64 8977.63 8982.78 8984.01 8976.98 8973.98 8971.91 8969.99 8968.56 8967.95 8964.82 8959.22 8954.95 8951.95 8950.63 8951.93 8954.85 8956.72 8964.67 8979.7 8998.29 8999.19 8997.04 8998.99 9003.23 9006.2 9005.23 8999.83 8998.15 8998.84 9012.95 9030.43 9032.34 9027.41 9020.31 9011.01 9002.28 8996.97 8986.46 8970.78 8952.9 8946.93 8943.16 8936.32
8975.11 8975.68 8975.8 8975.88 8976.04 8976.32 8976.23 8975.78 8975.06 8974.29 8972.56 8970.18 8967.01 8963.55 8960.41 8958.85 8957.24 8954.14 8952.11 8953.18 8958.09 8963.75 8969 8973.47 8976.61 8977.1 8974.77 8974.54 8973.69 8972.61 8971.35 8969.86 8968.95 8966.07 8961.36 8957.45 8954.8 8953.32 8953.13 8957.72 8964.35 8973.02 8981.78 8991.71 8996.62 8997.63 8997.21 8995.15 8996.47 8998.5 9001.06 8993.7 8993.96 9004 9024.54 9025.26 9021.92 9015.75 9007.4 9001.6 9000.87 8992.17 8976.76 8962.21 8951.74 8945.21 8936.05
8976.36 8976.53 8977.44 8977.59 8977.53 8977.53 8977.7 8977.35 8976.75 8975.75 8974.77 8972.81 8970.11 8967.98 8966.09 8964.84 8963.51 8959.41 8956.88 8957.77 8961.82 8966.97 8971.56 8975.08 8976.74 8976.52 8973.78 8973.54 8973.83 8973.56 8972.96 8971.56 8965.72 8964.62 8962.63 8959.26 8957.21 8957.93 8960.71 8964.71 8972.26 8978.85 8981.8 8983.46 8992.64 8997.77 8998.08 8993.36 8992.13 8990.52 8988.32 8985.63 8984.51 9002.81 9007.86 9016.75 9016.85 9013.57 9008.52 9008.85 9010.79 9002.39 8984.23 8967.44 8955.63 8944.32 8930.48
8976.94 8977.11 8977.84 8978.02 8978 8978.58 8978.54 8978.34 8977.99 8977.24 8976.43 8975.38 8973.98 8972.42 8971.33 8970.46 8968.75 8963.97 8958.45 8960.85 8966.08 8970.96 8975.22 8978.03 8978.5 8976.96 8975.3 8974.24 8974.61 8974.61 8974.85 8975.83 8976.96 8970.76 8964.91 8960.63 8958.29 8959.69 8965.7 8972.41 8981.56 8987.62 8986.68 8986.55 8995.96 9002.88 9005.48 9004.88 8996.91 8986.88 8980.13 8980.93 8987.58 9002 9012.9 9013 9013.55 9013.67 9013.94 9016.47 9015.56 9006.93 8992.03 8975.96 8960.27 8944.08 8926.56
8976.93 8977.72 8977.93 8978.17 8978.19 8978.86 8979.08 8979.18 8979.57 8979.12 8978.84 8978.75 8977.87 8976.59 8975.81 8975.64 8974.79 8970.9 8966.29 8968.36 8972.5 8976.45 8980.11 8983.12 8984.24 8978.77 8977.61 8976.86 8976.27 8975.58 8975.37 8976.91 8981.61 8972.88 8966.23 8961.5 8958.21 8958.37 8970 8985.73 8992.52 8998.59 8997.19 8998.04 9006.45 9013.31 9016.78 9015.54 9008.11 8996.27 8988.39 8984.3 8987.02 9006.1 9007.17 9009.3 9011.27 9014.21 9017.64 9022.28 9017.48 9010.6 8999.65 8984.28 8966.65 8947.93 8928.47
8977.6 8978.18 8978.42 8978.7 8980.12 8980.43 8980.64 8981.26 8981.52 8981.79 8981.87 8982.4 8982.31 8981.83 8980.1 8978.24 8978.44 8979.91 8981.44 8979.83 8980.37 8982.51 8985.68 8989.45 8993.79 8992.92 8985.6 8981.52 8979.22 8977.02 8974.46 8971.62 8969.1 8968.44 8965.77 8962.65 8959.6 8959.1 8974.95 8994.54 8998.37 8999.9 9007.11 9015.37 9019.91 9027.15 9031.74 9030.25 9025.16 9017.34 9009.37 8999.61 8990.73 8998.91 9000.86 9005.8 9009.97 9013.85 9018.24 9020.73 9022.21 9016.85 9008.85 8993.7 8974.88 8955.73 8937.64
8978.02 8978.65 8979.35 8979.75 8980.61 8980.39 8980.91 8982.77 8983.31 8983.93 8984.55 8985.7 8986.55 8988.54 8983.96 8980.66 8981.2 8986.48 8991.58 8988.13 8986.57 8987.3 8989.6 8993.39 8998.58 8996.44 8989.74 8984.87 8981.77 8978.9 8974.73 8967.94 8962.79 8965.92 8966.45 8965.54 8964.93 8966.57 8980.66 8995.33 9001.32 9002.04 9008.85 9018.99 9030.41 9041.04 9050.64 9051.89 9043.04 9040 9036.6 9031.93 9010.17 8989.35 8996.03 9006.61 9013.39 9016.38 9016.55 9018.89 9019.37 9022.05 9016.43 9001.82 8984.11 8966.06 8947.52
8978.92 8979.38 8980.22 8981.09 8981.63 8981.22 8981.75 8982.52 8983.44 8984.68 8986.24 8987.81 8988.41 8987.58 8985.34 8982.57 8983.44 8987.13 8990.66 8990.31 8989.46 8989.56 8990.7 8992.85 8995.9 8995.83 8989.87 8986.06 8983.7 8981.87 8979.63 8974.29 8968.17 8970.54 8970.28 8970.22 8972.05 8978.63 8988.98 9000.11 9007.68 9015.03 9020.06 9028.21 9039.79 9052.02 9063.85 9063.5 9050.39 9044.68 9058.58 9064.04 9032.84 9002.2 9005.74 9018.22 9026.63 9029.76 9030.57 9036.15 9046.58 9030.68 9018.99 9008.65 8995.58 8979.44 8960.5
8980.03 8980.4 8980.33 8980.51 8981.3 8981.54 8981.87 8982.77 8984.05 8985.26 8987.06 8988.92 8990.03 8989.79 8986.5 8983.06 8983.78 8985.49 8987.43 8989.87 8990.45 8990.42 8990.15 8989.61 8988.59 8987.43 8986.64 8985.96 8985.3 8985.35 8986.72 8991.63 8988.35 8978.82 8974.91 8974.52 8977.66 8982.33 8990.24 9002.28 9014.57 9024.94 9030.6 9038 9046.75 9056.87 9069.88 9065.88 9051.54 9051.52 9069.27 9078.91 9051.76 9023.95 9033.39 9044.63 9049.78 9051.71 9053.12 9051.41 9049.7 9038.16 9024.78 9021.91 9013.94 9000.17 8981.58
8980.62 8980.9 8980.81 8981.2 8981.68 8981.57 8981.96 8982.93 8984.31 8985.72 8987.17 8988.74 8990.12 8991.09 8988.09 8986.02 8986.7 8987.69 8988.92 8990.61 8991.12 8990.68 8989.31 8986.66 8982.73 8982.1 8983.95 8984.88 8985.56 8986.69 8989.24 8992.11 8989.48 8982.4 8977.61 8976.66 8980.53 8989.53 8995.36 9007.17 9021.97 9035.6 9045.89 9048.26 9051.04 9054.83 9056.99 9054.07 9044.94 9051.26 9072.89 9080.69 9072.05 9074.88 9090.14 9089.32 9082.25 9075.71 9071.28 9067 9060.97 9054.39 9050.23 9050.2 9045.19 9031.69 9010.95
8981.63 8981.62 8981.21 8981.49 8981.46 8981.99 8982.79 8983.36 8984.45 8985.77 8987.01 8987.8 8986.39 8986.7 8989.15 8990.74 8990.77 8992.52 8992.82 8992.54 8992.33 8991.62 8990 8986.94 8983.05 8983.28 8983.94 8984.54 8985.3 8986.19 8987.65 8988.59 8986.04 8981.18 8977.08 8975.36 8977.09 8984.51 8999.86 9014.21 9029.67 9045.02 9057.87 9055.4 9054.21 9053.98 9053.94 9053.19 9049.49 9069.62 9105.56 9115.89 9153.09 9199.43 9177.08 9150.5 9122.74 9099.23 9091.15 9090.95 9082.31 9082.7 9089.36 9094.97 9092.01 9079.39 9056.18
8982.87 8982.9 8982.96 8982.9 8982.35 8982.69 8983.06 8983.75 8984.7 8985.89 8987.44 8988.56 8987.83 8987.26 8988.1 8990.47 8991.5 8993 8994.23 8994.22 8993.97 8993.47 8992.56 8991.19 8988.33 8986.4 8985.57 8984.59 8984.28 8984.25 8984.7 8984.58 8982.26 8978.46 8975.47 8973.43 8974.07 8983.23 8998.56 9018.65 9036.6 9050.64 9056.71 9060.06 9058.35 9058.95 9066.38 9077.21 9094.21 9139.96 9199.47 9235.26 9289.59 9307.47 9269.19 9219.73 9172.15 9130.11 9122 9126.85 9123.53 9131.87 9145.03 9157.44 9158.12 9146.28 9119.96
8984.62 8984.48 8984.28 8984.16 8983.73 8983.72 8983.68 8984.09 8984.66 8985.47 8987.25 8989.79 8992.9 8989.55 8984.51 8983.87 8989.54 8994.84 8994.9 8994.73 8995.01 8995.27 8995.32 8995.82 8998.69 8993.35 8987.64 8984.45 8982.25 8981.37 8981.52 8980.74 8978.88 8976.24 8974.5 8973.09 8974.65 8989.05 9010.75 9028.37 9045.01 9060.53 9073.64 9068.23 9065.71 9066.75 9080.56 9117.03 9164.61 9241.51 9333.76 9405.28 9425.39 9409.91 9354.91 9291.62 9231.81 9188.67 9181.26 9189.43 9198.11 9211.23 9228.88 9242.83 9245.41 9234.29 9208.77
8986.13 8986.37 8986.02 8985.82 8985.32 8985.02 8985.13 8984.97 8984.76 8985.05 8986.22 8988.7 8991.8 8989.43 8984.87 8983.12 8987.27 8991.77 8993.29 8994.44 8995.87 8997.13 8998.03 8998.39 8997.25 8994.07 8987.56 8983.04 8979.52 8977.44 8977.6 8978.91 8975.48 8974.42 8974.87 8977.68 8984.76 9003.5 9025.62 9040.03 9054.6 9067.54 9071.11 9079.72 9079.93 9081.47 9104.13 9169.2 9246.05 9340.35 9449.74 9522.35 9519.2 9486.6 9426.9 9361.08 9296.71 9252.42 9259.36 9275.88 9290.56 9309.92 9331.81 9343.02 9345.3 9336.36 9321.07
8988.64 8988.17 8987.63 8987.77 8987.05 8987.29 8986.2 8985.5 8984.84 8983.98 8983.68 8984.74 8986.09 8988.36 8989.52 8987.92 8985.29 8985.01 8989.98 8993.74 8996.66 8999.16 9001.13 9003.03 8999.66 8994.01 8987.02 8980.86 8976.07 8972.14 8970.33 8970.74 8969.93 8971.94 8975.57 8983.14 8998.52 9019.37 9038.44 9051.58 9064.43 9082.85 9102.53 9105.97 9106.11 9112.17 9148.96 9231.43 9321.74 9409.97 9503.28 9553.16 9560.16 9532.22 9475.92 9422.33 9374.52 9337.43 9362.03 9385.96 9404.19 9432.87 9450.73 9449.62 9444.24 9438.1 9433.45
