real_craters/C127-300m.grd
DSAA
260 260
-38.9025 38.9025
-38.9025 38.9025
6616.8498849268 8991.5121888512
[rows 210 to 239 of 260, columns 67 to 133 of 260]
8438.34 8448.07 8477.34 8499.06 8491.6 8478.31 8463.43 8447.43 8431.31 8420.08 8416.57 8415.89 8412.24 8412.33 8415.19 8420.13 8425.99 8433.31 8441.89 8451.06 8456.23 8454.08 8456.73 8457.38 8456.44 8455.18 8454.99 8455.38 8456.97 8460.02 8464.13 8469.43 8475.63 8482.32 8489.54 8496.86 8503.67 8502.75 8500.23 8500.14 8501.15 8500.38 8497.44 8494.05 8490.23 8485.2 8480.96 8477.71 8476.6 8477.16 8478.76 8482.37 8485.26 8488.83 8487.73 8486.25 8479.02 8468.74 8460.4 8478.94 8499.97 8515.18 8523.72 8528.23 8529.78 8547.15 8576.14
8434.79 8443.53 8475.59 8496.39 8490.04 8479.72 8468.6 8455.82 8441.69 8432.58 8432.21 8434.28 8427.47 8424.57 8425.44 8429.21 8435.15 8442.66 8451.49 8460.29 8465.01 8463.08 8464.75 8462.87 8460.21 8459.36 8458.68 8457.58 8458.29 8460.83 8464.99 8470.34 8476.58 8483.02 8489.75 8496.04 8500.45 8500.75 8498.47 8499.83 8500.75 8500.34 8497.23 8493.37 8489.4 8484.73 8480.7 8476.86 8474.08 8476.17 8481.44 8487.45 8492.63 8499.28 8502.59 8503.31 8500.58 8494.34 8490.89 8507.28 8529.21 8545.95 8556.65 8562.43 8563.23 8586.14 8608.95
8430.48 8430.9 8457.28 8476.89 8479.55 8476.9 8472.05 8465.36 8456.34 8447.95 8443.22 8440.96 8435.12 8432.46 8433.22 8436.73 8441.93 8449.35 8458.05 8467.34 8474.09 8473.13 8469.8 8466.21 8463.68 8460.38 8458.45 8456.76 8457.34 8460.14 8464.79 8470.45 8476.62 8483.2 8489.46 8494.96 8499.01 8500.74 8501.49 8502.98 8502.37 8501.33 8497.83 8494.44 8489.92 8485.49 8481.86 8478.54 8475.62 8479.54 8487.53 8495.99 8505.74 8513.56 8520.35 8525.21 8528.61 8530.49 8535.23 8548.86 8566.2 8581.71 8594.43 8600.76 8593.94 8601.28 8598.61
8432.99 8428.09 8439.24 8455.13 8466.57 8471.68 8473.29 8474.22 8473.44 8462.46 8448.77 8439.44 8437.6 8436.79 8437.9 8441.24 8446.34 8453.19 8461.34 8470.83 8478.63 8475.79 8470.13 8465.71 8461.7 8456.65 8453.13 8452.45 8454.14 8457.88 8463.03 8469.26 8475.84 8482.78 8489.25 8494.64 8497.37 8501.86 8508.83 8509.51 8505.97 8503.53 8499.4 8495.56 8491.13 8488.21 8485.23 8483.46 8483.76 8487.77 8496.4 8507.81 8519.21 8529.73 8541.09 8552.53 8559.12 8568.3 8579.77 8590.9 8602.11 8613.94 8626.33 8637.16 8635.61 8594.51 8531.7
8442.64 8435.86 8432.58 8444.36 8457.57 8466.17 8471.91 8476.77 8482.09 8468.08 8451.45 8440.97 8438.73 8438.8 8440.61 8443.97 8448.47 8454.25 8460.79 8469.17 8476.54 8476.8 8470.41 8462.07 8454.67 8449.15 8445.38 8446.38 8449.9 8454.68 8460.69 8467.76 8474.92 8482.51 8489.7 8496.47 8502.46 8510.41 8518.82 8516.12 8509.95 8505.65 8501.05 8496.83 8493.33 8490.49 8488.4 8488.31 8490.38 8496.41 8507.69 8519.96 8533.26 8547.01 8561.35 8576.14 8590.11 8603.71 8618.61 8626.38 8629.27 8632.92 8640.19 8651.66 8653.32 8547.2 8419.58
8451.21 8445.28 8438.32 8444.77 8453.78 8461.28 8467.64 8472.27 8468.68 8463.35 8450.44 8441.51 8439.05 8439.24 8441.24 8444.57 8448.61 8452.98 8457.19 8461.43 8466.25 8468.23 8463.81 8455.54 8447.76 8442.43 8440.31 8441.61 8445.68 8451.58 8458.54 8466.03 8474.07 8482.55 8491.19 8499.51 8509.02 8520.23 8522.96 8519.37 8513.47 8507.93 8503.57 8499.67 8496.06 8492.86 8491.89 8492.34 8494.87 8505.61 8517.7 8532.3 8547.92 8564.51 8583.88 8600.98 8615.09 8631.76 8645.07 8649.86 8640.57 8631.19 8622.9 8615.68 8591.41 8452.37 8302.91
8452.04 8451.63 8454.04 8451.17 8452.4 8456.1 8460.69 8466.52 8470.33 8458.28 8448.16 8440.96 8437.94 8438.42 8441.09 8444.52 8448.17 8451.01 8453.14 8452.8 8448.04 8448.24 8450.86 8448.25 8442.67 8437.85 8435.67 8436.62 8441.45 8448.23 8455.68 8463.94 8472.71 8482.11 8491.45 8500.84 8509.68 8515.16 8518.41 8519.23 8515.09 8510.22 8505.87 8501.83 8497.97 8495.48 8494.81 8494.96 8501.46 8514.73 8526.73 8543.07 8561.29 8582.1 8601.46 8620.53 8635.59 8648.51 8657.22 8651.55 8634.39 8608.98 8574.73 8530.25 8455.59 8320.96 8177.75
8448.62 8450.64 8456.63 8451.7 8449.02 8449.02 8449.79 8451.79 8452.93 8443.89 8441.05 8435.34 8434.05 8436.48 8440.27 8444.31 8448 8450.86 8451.89 8450.36 8445.38 8442.82 8444.72 8444.82 8441.81 8437.68 8433.64 8433.45 8438.32 8445.43 8453.58 8462.05 8471.04 8480.81 8490.82 8500.93 8510.09 8515.53 8517.85 8519.74 8515.93 8511.97 8507.58 8503.71 8500.49 8498.32 8498.5 8498.78 8507.46 8522.4 8535.04 8552.9 8572.07 8594.27 8615.35 8635.33 8649.21 8661.7 8663.09 8648.05 8621.47 8574.2 8510.87 8431.24 8325.01 8187.35 8051.76
8448.21 8445.06 8445.44 8445.49 8443.33 8440.56 8437.03 8430.98 8425.09 8421.62 8414.78 8421.48 8427.85 8433.6 8438.9 8444.06 8448.24 8451.55 8453.31 8453.2 8451.91 8446.63 8446.72 8446.2 8444.49 8441.24 8435.08 8432.23 8436.67 8443.53 8451.47 8460.15 8469.4 8479.15 8489.48 8500.39 8511.62 8522.39 8523.17 8521.88 8517.36 8514.53 8510.55 8507.31 8503.61 8501.86 8501.23 8499.74 8510.23 8528.26 8543.43 8561.23 8583.2 8603.67 8624.4 8644.5 8663.17 8671.22 8675.62 8663.2 8610.75 8535.02 8443.28 8338.38 8216.04 8074.98 7942.4
8449.46 8443.46 8440.78 8440.86 8438.27 8433.72 8427.95 8420.27 8413.82 8408.41 8400.9 8414.05 8424.93 8433.4 8439.98 8445.51 8449.55 8453.44 8456.45 8458 8457.72 8456.3 8452.49 8449.67 8448 8446.27 8438.5 8434.29 8436.56 8442.28 8449.56 8458 8466.83 8476.25 8486.32 8497.3 8509.75 8523.26 8524.81 8522.24 8518.68 8516.78 8514.22 8512.38 8509.16 8506.95 8505.23 8502.86 8514.25 8533.16 8550.77 8571.19 8591.78 8609.32 8629.59 8648.61 8664.94 8674.54 8677.08 8662.9 8592.65 8491.5 8374.97 8248.02 8116.24 7982.69 7859.89
8452.68 8447.94 8443.97 8440.4 8435.87 8429.95 8423.51 8418.67 8414.73 8411.31 8409.27 8419.04 8428.23 8435.84 8442.02 8447.42 8452.18 8456.53 8460.51 8463.85 8464.44 8462.73 8456.38 8451.39 8448.83 8447.96 8439.52 8434.59 8436.36 8441.63 8448.17 8455.83 8463.88 8472.47 8481.54 8491.05 8500.92 8511.02 8516.93 8518.84 8517.91 8517.6 8517 8517.13 8515.26 8513.51 8510.96 8506.23 8519.35 8539.6 8558 8577.62 8597.43 8612.16 8630.11 8644.02 8658.03 8663.4 8661.24 8638.34 8559.15 8442.89 8308.42 8163.69 8027.62 7902.34 7785.31
8455.07 8452.47 8448.24 8442.66 8436.25 8429.16 8421.76 8415.83 8418.61 8424.76 8429.92 8431.94 8436.42 8441.34 8445.82 8450.36 8455.24 8459.47 8463.49 8467.13 8464.95 8459.27 8454.99 8450.11 8445.41 8439.51 8435.17 8433.23 8436.39 8441.5 8447.42 8454.04 8461.31 8468.78 8476.47 8484.09 8490.73 8496.04 8505.93 8514.39 8516.76 8519.13 8520.43 8523.41 8523.39 8522.51 8521.81 8515.36 8528.5 8546.57 8563.58 8581.23 8595.35 8611.16 8625.8 8634.79 8645.69 8644.05 8632.57 8594.8 8513.39 8394.18 8249.1 8090.68 7952.95 7830.05 7714.94
8457.35 8457.1 8452.83 8446.18 8438.9 8431.48 8424.24 8418.7 8427.38 8438.64 8444.65 8445.25 8446.38 8448.72 8451.74 8454.58 8458.09 8461.56 8465.08 8467.42 8464.02 8455.67 8452.21 8448.76 8442.67 8435.26 8432.81 8434.64 8438.12 8442.19 8447.18 8452.92 8459.17 8465.57 8471.95 8478.44 8485.56 8493.8 8503.44 8512.23 8516.8 8521.97 8525.36 8528.07 8532.42 8534.82 8538.05 8535.43 8542.57 8555.33 8568.18 8581.11 8591.89 8603.59 8614.14 8620.91 8625.04 8618.54 8601.49 8559.17 8478.57 8354.16 8202.76 8040.75 7895.94 7767.93 7653.98
8460.33 8462.58 8457.54 8450.15 8443 8436.59 8431.33 8429.55 8439.71 8452.94 8457.71 8455.83 8455.28 8455.29 8456.89 8459.61 8461.9 8464.03 8465.93 8467.18 8466.65 8461.05 8455.99 8451.08 8443.65 8436.3 8433.89 8437.13 8440.51 8443.3 8447.52 8452.53 8457.78 8463.04 8468.29 8473.67 8479.69 8490.24 8503.21 8511.61 8517.87 8523.53 8531.07 8536.07 8542.86 8550.02 8552.63 8554.33 8555.88 8563.52 8570.28 8576.85 8583.97 8591.1 8596.49 8597.21 8595.91 8586.28 8567.94 8533.66 8456.95 8320.87 8165.12 8002.77 7847.69 7708.86 7598
8463.02 8465.6 8460.51 8453.74 8447.54 8442.66 8439.91 8441.6 8449.79 8463.26 8465.36 8462.73 8461.55 8461.36 8462.4 8464.43 8465.92 8466.77 8467.03 8465.67 8466.21 8467.62 8465.08 8456.94 8446.94 8437.93 8434.32 8437.6 8441.21 8444.42 8448.27 8452.43 8456.86 8461.3 8465.65 8470.23 8475.27 8485.78 8500.72 8510.81 8519.28 8527.25 8535.43 8542.46 8552.74 8564.34 8566.6 8566.67 8564.64 8568.09 8568.78 8570.69 8571.83 8572.26 8569.96 8566.04 8558.45 8544.63 8522.81 8488.63 8416.17 8278.61 8123.28 7962.36 7798.78 7652.39 7546.43
8463.55 8464.82 8461.46 8456.41 8451.7 8448.02 8446.58 8448.29 8453.02 8459.25 8463.51 8464.69 8465.4 8466.64 8467.71 8469.13 8470.08 8470.03 8469.54 8469.86 8470.41 8475.92 8476.6 8462.88 8450.74 8440.99 8436.35 8438.7 8442.48 8445.66 8449.37 8453.06 8456.96 8460.62 8464.24 8468.61 8474.8 8485.52 8499.23 8509.92 8519.55 8528.57 8538.4 8547.96 8560.51 8574.73 8580.55 8579.4 8570.36 8567.16 8563.36 8558.96 8553.81 8547.15 8539.02 8528.24 8513.72 8493.11 8463.37 8421.95 8349.99 8218.78 8068.53 7909.33 7745.28 7598.82 7498.09
8463.27 8463.61 8461.96 8458.61 8454.98 8452 8450.57 8450.89 8452.8 8454.89 8460.44 8464.64 8467.47 8469.9 8471.97 8473.54 8474.3 8473.75 8471.73 8471.6 8475.66 8477.33 8474.22 8463.71 8453.28 8445.02 8440.55 8441.32 8443.82 8447.86 8451.58 8454.73 8458.03 8460.86 8463.75 8467.4 8473.01 8483.91 8496.97 8508.52 8518.33 8528.94 8540.17 8550.65 8564.1 8576.97 8580.73 8577.99 8568.1 8559.83 8552.06 8541.73 8530.26 8518.7 8502.85 8484.26 8462.4 8432.94 8392.25 8338.85 8262.25 8140.79 8002.12 7848.99 7688.14 7544.73 7453.35
8465.62 8465.31 8463.4 8460.64 8457.71 8454.83 8453.08 8452.48 8452.86 8455.04 8459.55 8464.34 8468.48 8471.83 8474.68 8477.49 8478.99 8478.79 8475.87 8472.45 8476.93 8473.38 8467.16 8460.9 8454.41 8448.82 8445.74 8445.64 8447.54 8452.07 8455.42 8457.75 8460.16 8462.41 8464.55 8467.4 8472.1 8482.78 8496.11 8507.32 8516.74 8528.85 8539.45 8551.5 8563.95 8571.37 8570.83 8565.92 8559.25 8549.63 8535.53 8519.95 8502.05 8485.43 8462.35 8435.94 8409.86 8368.12 8316.01 8249.95 8161.13 8054.04 7930.76 7786.77 7632.31 7496.36 7418.48
8468.71 8467.59 8465.55 8463.12 8460.37 8457.39 8454.24 8453.45 8453.53 8455.32 8460.05 8465.13 8469.81 8473.78 8477.41 8480.72 8483.68 8485.47 8485.44 8481.93 8476.68 8469.39 8462.1 8458.49 8455.64 8452.67 8450.16 8453.26 8457.17 8459.35 8460.78 8462.01 8463.53 8464.95 8466.5 8468.88 8473.46 8482.59 8494.11 8504.67 8513.81 8527.5 8538.91 8551.72 8562.8 8567.21 8563.8 8555.85 8548.32 8534.38 8516.09 8494.9 8474.55 8448.79 8419.21 8390.92 8353.72 8303.52 8244.1 8168.67 8076.83 7973.6 7859.06 7725.24 7582.64 7458.27 7394.09
8470.22 8469.42 8468 8466.03 8463.74 8461.18 8458.29 8457.11 8456.09 8457.28 8462.2 8467.26 8471.74 8475.78 8479.62 8483.64 8487.46 8491.63 8494.78 8487.59 8474.24 8465.66 8459.84 8458.26 8458.02 8457.99 8459.6 8462.76 8466.8 8466.58 8465.9 8466.2 8467.3 8468.39 8469.55 8471 8474.57 8482.17 8491.2 8500.38 8509.61 8519.37 8537.7 8550.82 8562.24 8565.01 8561.23 8550.04 8539.05 8520.3 8497.92 8472.22 8447.33 8415.83 8380.34 8350.01 8300.45 8244.69 8180.02 8100.02 8005.47 7905.05 7797.66 7673.77 7544.08 7433.58 7378.19
8473.55 8472.42 8471.28 8469.82 8467.99 8466.19 8465.06 8463.31 8462.12 8463.05 8466.41 8470.2 8473.82 8477.25 8480.91 8484.67 8488.82 8493.45 8496.43 8480.72 8465.3 8461.47 8460.22 8460.33 8461.19 8463.04 8465.97 8468.73 8471.12 8470.27 8469.15 8469.24 8470.5 8472.25 8473.74 8474.63 8476.81 8482.64 8488.54 8495.24 8504.59 8514.61 8535.1 8548.94 8560.79 8563.7 8557.93 8544.78 8530.93 8509.51 8483.67 8458.26 8426.37 8389.79 8360.69 8316.99 8258.65 8201.16 8130.62 8046.89 7953.11 7856.09 7756.91 7638.87 7517.77 7418.78 7366.55
8478.41 8476.63 8475.54 8474.22 8472.57 8470.97 8470.74 8469.56 8469.84 8470.23 8471.4 8473.6 8476.05 8478.7 8481.3 8484.04 8486.89 8489.21 8489.75 8468.68 8457.45 8458.25 8460.41 8462.26 8463.99 8466.56 8469.45 8471.24 8471.54 8470.4 8469.72 8470.63 8472.93 8476.1 8479.37 8481.47 8482.61 8485 8487.24 8491.2 8499.43 8517.08 8530.71 8545.73 8558.14 8562.03 8554.64 8540.97 8523.77 8499.85 8475.54 8444.59 8410.13 8371.65 8342.5 8294.33 8232.69 8170.64 8097.59 8012.99 7924.94 7832.93 7735.21 7619.26 7499.95 7405.91 7355.8
8481.59 8480.89 8480.04 8478.87 8477.42 8475.53 8473.33 8474.81 8474.99 8475.43 8475.92 8477.16 8478.61 8480.25 8481.48 8482.45 8482.79 8481.38 8476.23 8460.46 8455.76 8457.76 8460.48 8463.18 8466.07 8468.96 8471.37 8471.63 8469.18 8467.15 8467.78 8470.24 8473.99 8478.92 8485.03 8492.19 8491.71 8487.79 8486.25 8487.72 8493.94 8510.86 8525.03 8538.93 8553.79 8561.04 8554.86 8536.75 8516.09 8492.94 8464.9 8433.22 8397.24 8357.18 8329.71 8279.24 8218.96 8154.73 8080.68 7996.03 7913.8 7830.72 7738.41 7613.66 7489.21 7395.55 7346.6
8488.13 8486.67 8485.26 8484.11 8483.09 8482.51 8481.67 8481.06 8479.36 8480.02 8479.93 8480.38 8481.16 8481.85 8481.99 8481.06 8478.98 8475.07 8468.38 8462.26 8459.78 8460.45 8462.15 8464.36 8468.19 8470.95 8471.99 8469.57 8465.43 8461.73 8464.37 8468.32 8473.07 8478.96 8486.07 8493.81 8492.89 8486.38 8482.84 8483.28 8487.16 8494.34 8504.24 8530.01 8543.98 8550.02 8544.72 8528.12 8508.79 8484.59 8456.81 8425.19 8389.32 8349.06 8322.24 8268.84 8211.16 8147.55 8074.15 7989.93 7908.23 7827.62 7747.01 7614.14 7483.18 7390.52 7340.66
8497.36 8493.18 8490.4 8488.83 8488.07 8488.18 8486.82 8485.36 8491.38 8484.05 8482.87 8483.36 8484.07 8484.13 8483.29 8480.91 8476.97 8471.97 8469.26 8468.72 8465.15 8464.74 8466.45 8469.34 8471.35 8473.28 8475.1 8475.85 8465.86 8459.76 8462.07 8465.92 8470.42 8475.9 8482.26 8486.7 8484.77 8479.34 8474.94 8474.7 8477.16 8483.97 8493.85 8518.27 8528.13 8527.75 8523.67 8513.88 8498.49 8477.78 8451.7 8421.52 8387.07 8364.86 8318.81 8270.09 8212.05 8151.32 8078.49 7995.67 7910.71 7824.72 7751.27 7613.26 7478.46 7388.9 7340.05
8503.4 8497.66 8494.24 8492.46 8491.69 8490.52 8487.26 8481.25 8475.16 8481.67 8484.43 8486.21 8487.22 8487.19 8485.72 8482.72 8477.21 8470.1 8465.97 8468.55 8467.51 8468.4 8470.86 8472.94 8474.43 8474.5 8474.52 8472.94 8465.77 8461.29 8461.19 8463.19 8466.05 8469.87 8474.98 8480.51 8475.46 8468.77 8463.32 8459.63 8462.81 8472.22 8483.33 8507.15 8514.5 8511.81 8509.59 8504.32 8492.04 8472.79 8448.96 8422.18 8399.29 8369.82 8324.82 8280.13 8224.66 8165.71 8097.33 8014.99 7929.72 7833.55 7746.35 7610.6 7482.01 7398.04 7348.08
8504.1 8499.21 8496.29 8494.77 8494.35 8494.74 8489.87 8482.28 8477.65 8482.63 8486.78 8489.24 8490.59 8491.02 8489.68 8486.88 8481.47 8472.11 8464.64 8465.59 8468.23 8471.18 8474.93 8479.37 8477.6 8474.11 8470.21 8464.46 8461.99 8460.54 8459.93 8460.2 8460.76 8461.58 8462.7 8463.3 8461 8456.45 8451.33 8446.97 8450.16 8461.81 8474.45 8498.26 8505.62 8506.42 8504.37 8498.56 8488.36 8472.09 8450.92 8435.34 8410.98 8374.49 8339.24 8294.95 8242.88 8188.68 8127.74 8049.74 7969.54 7861.18 7731.15 7609.92 7498.4 7418.31 7364.23
8502.31 8499.11 8497.2 8495.8 8495.1 8495.47 8493.15 8489.79 8488.03 8489.08 8491.46 8493.31 8494.83 8495.73 8495.89 8494.34 8490.89 8482.88 8471.74 8468.2 8470.8 8473.65 8476.87 8479.9 8477.41 8472.81 8467.81 8462.52 8460.71 8460.14 8459.27 8457.61 8455.72 8453.42 8450.47 8447.6 8447.67 8445.6 8442.42 8439.76 8443.05 8454.82 8468.1 8490.01 8499.01 8503.68 8502.64 8497.4 8488.32 8474.99 8459.22 8443.03 8422.24 8389.82 8356.67 8318.58 8269.89 8223.51 8167.04 8095.46 8020.72 7909.28 7733.17 7620.11 7521.43 7444.16 7385.65
8502.16 8499.47 8497.84 8496.35 8494.63 8494.5 8496.51 8497.84 8497.66 8497.08 8497.11 8497.83 8499.36 8500.93 8502.52 8503.65 8504.01 8502.18 8488.19 8477.73 8476.1 8476.27 8476.78 8476.4 8474.36 8471.32 8467.53 8463.92 8462.08 8461.72 8459.38 8455.85 8452.04 8447.54 8442.75 8439.54 8439.2 8438.35 8437.11 8436.89 8441.03 8450.98 8463.74 8484.39 8494.89 8501.74 8500.46 8495.21 8491.03 8481.3 8467.76 8455.36 8433.92 8409.62 8381.57 8348.2 8309.09 8264.18 8210.79 8146.32 8070.21 7952.72 7762.86 7647.94 7553.19 7475.69 7411.68
8502.74 8501.49 8500.52 8498.37 8495.01 8493.21 8501.04 8506.74 8506.67 8503.9 8502.21 8502.05 8503.46 8505.66 8508.45 8512.19 8515.91 8515.87 8500.93 8487.88 8482.24 8479.33 8477.12 8474.56 8472.29 8470.6 8468.4 8465.17 8463.16 8461.95 8459.15 8455.3 8450.34 8444.58 8438.96 8435.64 8434.95 8434.8 8434.76 8435.8 8439.9 8448.51 8460.04 8479.15 8490.3 8499.03 8498.15 8495.34 8490.66 8485.72 8476.27 8466.94 8454.01 8437.04 8413.95 8384.77 8350.95 8309.53 8258.23 8194.88 8113.89 7989.91 7808.83 7689.99 7597.33 7515.26 7444.34
