real_craters/C127-500m.grd
DSAA
157 157
-38.9025 38.9025
-38.9025 38.9025
6617.8995736427 8976.4335320023
[rows 0 to 29 of 157, columns 67 to 133 of 157]
7700.7 7697.5 7696.65 7704.78 7704.27 7707.31 7744.66 7837.77 7917.35 8007.92 8071.75 8117.58 8138.56 8143.96 8153.87 8158.19 8155.07 8145.19 8128.22 8109.24 8100.63 8103.98 8108.6 8105.95 8100.55 8097.19 8092.66 8080.23 8073.88 8060.77 8056.55 8054.75 8049.68 8047.08 8045.54 8044.41 8045.12 8038.56 8034.26 8031.01 8028.11 8028.1 8018.31 8006.72 8012.92 8011.1 8008.86 8015.16 8018.54 8016.89 8014.42 8013.04 8011.27 8010.33 8009.61 8008.69 8007.29 8003.5 7998.12 7991.54 7984.9 7981.81 7982.73 7980.39 7974.65 7963.31 7946.31
7698.14 7692.53 7690.63 7700.04 7700.85 7708.75 7741.91 7808.42 7878.75 7976.82 8055.19 8106.32 8143.23 8162.02 8161.69 8159.21 8155.23 8140.57 8122.38 8107.34 8105.84 8106.41 8105.14 8104.76 8104.02 8104.04 8097.44 8081.04 8075.45 8071.49 8065.9 8059.55 8052.79 8048.69 8046.91 8044.64 8041.54 8037.05 8034.06 8031.07 8027.55 8020.41 8020.26 8019.19 8019.98 8015.34 8014.56 8024.79 8025.81 8021.82 8016.75 8016.83 8017.44 8016.64 8016.21 8015.53 8013.8 8010.06 8005.1 7999.61 7995.05 7994.72 8005.88 7989.6 7978.22 7956.4 7923.07
7695.78 7689.11 7684.88 7698.07 7694.54 7704.31 7745.54 7809.87 7896.34 7995.68 8065.34 8105.26 8143.09 8164.54 8164.67 8157.73 8146.45 8133.7 8122 8112.43 8108.98 8108.54 8112.19 8111.54 8104.82 8099.53 8092.95 8096.85 8112.94 8079.1 8069.79 8062.3 8056.01 8053.18 8050.84 8045.92 8035.9 8035.3 8036.39 8032.92 8029.23 8028.8 8028.14 8032.44 8020.11 8025.09 8031.86 8038.58 8030.47 8028.2 8028.03 8029.75 8025.22 8023.83 8023.44 8022.97 8021.51 8017.61 8012.7 8008.05 8005.15 8005.09 8028 8006.25 7986.06 7953.13 7908.34
7694.54 7687.6 7681.27 7685.41 7683.18 7688.71 7713.55 7814.98 7959.33 8055.28 8102.67 8127.25 8150.91 8167.85 8166.19 8156.82 8142.14 8131.4 8125.53 8119.33 8118.02 8119.15 8113.76 8108.65 8102.53 8094.89 8091.29 8096.52 8106.48 8075.84 8067.74 8061.27 8061.32 8058.21 8058.24 8056.66 8049.95 8049.15 8045.81 8037.1 8029.47 8028.48 8030.55 8031.48 8038.95 8037.33 8041.62 8040.76 8032.81 8033.22 8033.81 8030.82 8029.47 8029.9 8030.74 8030.2 8028.73 8025.46 8020.76 8016.03 8012.31 8013.29 8020.33 8020.36 7997.73 7952.34 7894.79
7700.55 7693.65 7682.33 7678.47 7674.68 7679.68 7709.09 7826.02 8004.17 8116.61 8149.28 8162.93 8176 8174.92 8170.82 8161 8147.26 8136.33 8134.98 8129.2 8121.2 8114.7 8110.4 8105.42 8101.42 8096.05 8092.01 8089.81 8095.61 8075.12 8061.7 8056.11 8054.34 8062.6 8068.52 8072.87 8083.15 8081.45 8059.19 8043.47 8032.23 8034.14 8037.53 8039.02 8039.86 8040.49 8039.78 8040.45 8039.06 8037.57 8034.61 8034.01 8033.57 8035.39 8037.74 8038.99 8036.94 8034.28 8029.36 8023.51 8018.41 8014.75 8025.45 8037.23 8010.24 7946.63 7867.56
7718.99 7709.08 7691.22 7678.7 7674.48 7681.42 7716.38 7836.35 8031.69 8161.48 8187.17 8182.84 8171.44 8176.37 8175.69 8170.42 8159.75 8146.8 8139.06 8130.12 8121.78 8114.15 8112.3 8108.87 8102.69 8096.12 8090.69 8087.48 8084.82 8074.86 8063.69 8061.87 8064.65 8077.62 8078.22 8079.03 8082.15 8075.76 8064.04 8050.9 8039.22 8039.13 8042.58 8041.96 8039.36 8039.63 8038.95 8041.12 8043.14 8043.44 8042.59 8038.5 8038.33 8041.18 8044.68 8048.43 8054.95 8045.84 8038.85 8032.71 8026.9 8024.62 8032.36 8048.1 8020.12 7937.98 7828.36
7740.05 7727.75 7710.21 7688.37 7684.51 7694.79 7731.51 7842.93 8046.58 8194.5 8210.47 8194.23 8176.18 8183.19 8185.13 8183.93 8181.79 8177.87 8149.44 8130.96 8122.35 8118.62 8113.4 8111.06 8103.1 8096.57 8091.68 8090.67 8093.43 8077.3 8071.97 8088.01 8102.56 8094.53 8082.08 8076.35 8070.17 8064.07 8066.09 8059.76 8046.34 8041.35 8043.4 8043.16 8040.62 8040.21 8041.94 8045.08 8049.11 8046.66 8045.19 8042.54 8042.26 8046.46 8050.32 8054.12 8055.83 8052.5 8046.93 8042.51 8037.64 8033.13 8034.57 8044.4 8020.32 7933.21 7814.83
7736.31 7726.77 7718.71 7704.24 7703.47 7718.74 7758.78 7859.1 8041.69 8192.3 8221.01 8207.5 8192.63 8198.75 8197.08 8194.55 8194.59 8188.69 8147.58 8129.43 8120.45 8112.82 8109.57 8104.82 8101.59 8096.36 8089.36 8084.24 8080.91 8070.93 8075.72 8088.81 8090.4 8082.74 8076.63 8071.33 8067.07 8066.82 8075.52 8080.96 8053.62 8048.32 8044.54 8049.34 8048.44 8046.93 8051.39 8048.52 8048.85 8044.88 8041.38 8046.24 8051.57 8052.14 8054.35 8057.24 8058.84 8056.59 8053.85 8051.6 8049.61 8046.55 8040.42 8048.12 8033.66 7933.48 7815.04
7711.02 7709.11 7708.77 7715.08 7728.75 7752.85 7789.04 7864.39 8037.24 8181.13 8229.11 8227.11 8219.52 8211.99 8202.76 8197.14 8191.52 8176.43 8143.57 8128.89 8120.19 8114.85 8109.4 8107.57 8103.59 8097.99 8092.66 8085.59 8079.37 8068.68 8079.72 8087.02 8079.02 8069.94 8067.67 8065.82 8064.86 8071.97 8083.29 8100.47 8088.33 8076.44 8073.18 8077.53 8079.85 8085.76 8073.69 8055.79 8050.67 8045.47 8045.65 8051.28 8054.97 8056.57 8055.97 8056.23 8058.03 8057.83 8058.26 8058.63 8059.2 8057.8 8050.31 8051.32 8043.57 7923.45 7787.07
7696.28 7699.07 7704.81 7729.21 7761.03 7800.59 7847.4 7911.95 8068.23 8199.91 8241.84 8241.54 8228.62 8208.96 8199.37 8193.7 8187.04 8172.13 8144.74 8134.04 8122.27 8108.45 8101.28 8103.26 8103.33 8101.03 8095.53 8087.63 8081.07 8072.19 8082.7 8078.49 8070.44 8064.04 8062.55 8061.19 8060.41 8060.78 8081.33 8111.98 8133.27 8124.5 8126.67 8089.09 8099.83 8119.92 8095.76 8078.66 8052.09 8050.04 8053.57 8058 8063.07 8060.96 8056.38 8051.26 8051.88 8057.72 8061.78 8063.69 8064.09 8062.74 8057.94 8042.85 7988.62 7906.14 7780.65
7694.38 7696.34 7712.15 7750.58 7799.57 7859.17 7930.26 8022.22 8129.96 8225.38 8245.2 8229.59 8205.14 8190.56 8188.23 8186.36 8185.23 8182.3 8167.7 8148.74 8131.01 8114.27 8106.13 8108.58 8109.25 8107.4 8102.86 8097 8101.06 8095.22 8080.48 8073.97 8069.47 8066.33 8062.14 8059.89 8059.56 8062.12 8078.3 8103.15 8135.53 8130.81 8117.95 8087.19 8089.83 8090.04 8095.7 8095.03 8064 8053.66 8058.36 8063.98 8067.64 8063.89 8057.81 8052.82 8053.55 8060.14 8065.18 8068.49 8069.01 8068.66 8063.01 8038.04 7980.3 7916.35 7840.04
7694.39 7698.54 7727.29 7775.35 7839.8 7915.12 8005.74 8109.3 8180.23 8219.71 8223.08 8204.55 8188.2 8180.33 8177.48 8176.61 8178.9 8190.28 8187 8158.86 8141.09 8128.47 8120.87 8121.24 8120.16 8114.29 8115.08 8121.87 8115.44 8104.05 8082.5 8074.26 8068.7 8063.72 8062.91 8062.41 8062.88 8068.83 8074.24 8083.2 8098.22 8104.05 8093.9 8082.64 8082.97 8080.31 8092.98 8100.25 8074.35 8062.96 8069.72 8072.4 8070.76 8065.11 8059.91 8057.6 8059.92 8065.32 8070.78 8074.86 8077.99 8078.14 8073.46 8055.01 8011.2 7938.43 7852.56
7692.33 7707.15 7740.47 7798.67 7873.45 7959.37 8053.37 8150.95 8199.66 8196.85 8191.2 8187.76 8179.87 8173.28 8167.03 8163.75 8161.23 8156.43 8158.72 8155.03 8147.15 8141.44 8139.22 8128.84 8118.75 8111.46 8108.44 8104.1 8108.13 8016.72 8073.14 8072.73 8067.92 8065.23 8065.36 8066.94 8067.42 8066.67 8067.21 8072.83 8087.18 8091.84 8093.88 8092.89 8087.45 8089.83 8101.91 8113.41 8114.34 8117.73 8099.17 8084.56 8071.07 8063.87 8063.16 8060.72 8065.97 8071.91 8077.02 8081.5 8082.87 8086.56 8084.38 8069.45 8024.41 7945.64 7843.18
7703.09 7712.76 7752.65 7817.56 7896.96 7983.68 8075.01 8159.21 8199.48 8189.13 8176.65 8172.82 8165.61 8159.97 8154.58 8151.68 8145.94 8140.55 8142.81 8150.36 8148.42 8145.02 8142.41 8125.77 8110.1 8102.87 8093.68 8082.1 8091.64 8029.99 8067.74 8070.4 8070.88 8068.61 8072.94 8076.41 8076.07 8074.35 8076.19 8082.25 8085.13 8086.27 8089.26 8089.8 8089.66 8095 8108.16 8131.93 8146.53 8147.53 8120.04 8095.31 8076.96 8068.77 8069.71 8075.51 8075.05 8078.83 8083 8087.65 8093.71 8094.76 8092.52 8076.06 8029.4 7961.06 7880.32
7708.52 7720.67 7765.94 7836.67 7917.27 8001.1 8082.74 8153.55 8188.58 8181.2 8165.97 8157.05 8149.93 8139.91 8147.31 8146.42 8140.58 8130.63 8153.9 8152.35 8146.64 8138.98 8128.91 8117.85 8109.66 8096.22 8084.96 8073.18 8071.18 8074.68 8072.05 8072.69 8080.26 8086.91 8090.21 8088.8 8086.08 8084.46 8085.08 8083.19 8081.33 8078.77 8080.08 8084.51 8087.05 8090.79 8100.17 8116.18 8123.68 8126.87 8116.49 8100.07 8084.48 8075.11 8074.1 8074.67 8080.2 8084.63 8088.84 8089.74 8093.01 8098.62 8098.73 8085.21 8023.01 7949.51 7936.34
7729.44 7739.41 7785.81 7859.89 7937.05 8015.62 8087.52 8145.9 8176.55 8170.2 8151.62 8142.93 8148.52 8156.29 8152.93 8148.5 8146.51 8155.2 8158.22 8151.96 8142.04 8131.17 8119.2 8108.5 8095.83 8088.54 8081.57 8077.1 8074.58 8073.01 8069.97 8080.98 8090.67 8102 8105.93 8099.52 8093.84 8090.14 8085.81 8078.49 8073.86 8076.03 8078.71 8081.91 8083.91 8085.3 8090.92 8102.13 8109.05 8113.75 8111.22 8101.85 8090.21 8083.19 8078.73 8079.83 8085.24 8090.23 8094.31 8093.74 8095.08 8102.64 8104.33 8089.86 8028.04 7945.21 7918.96
7751.82 7765.38 7823.66 7895.05 7967.5 8034.62 8093.82 8141.33 8170.46 8164.7 8148.29 8144.47 8151.24 8159.72 8155.33 8150.11 8147.7 8148.92 8151.27 8145.86 8135.88 8123.9 8111.98 8100.65 8092.86 8086.27 8079.8 8076.26 8074.96 8069.52 8073.9 8087.48 8095.86 8106.86 8111.89 8103.89 8097.58 8093.21 8091.11 8082.7 8075.91 8075.94 8085.31 8084.2 8083.38 8083.08 8083.32 8099.26 8113.73 8119.4 8115.58 8106.82 8093.57 8081.55 8083.32 8087.08 8091.47 8096.47 8100.63 8102.85 8106.23 8109.34 8109.94 8101.43 8063.36 8003.96 7975.38
7775.41 7811.77 7882.67 7944.44 8003.14 8056.26 8103.21 8139.51 8162.04 8160.43 8150.16 8152.06 8152.47 8151.61 8151.69 8149.47 8145.32 8142.32 8143.04 8138.99 8129.99 8117.59 8102.78 8091.89 8087.98 8084.37 8081.88 8076.16 8074.24 8075.77 8087.53 8088.84 8094.76 8100.84 8101.52 8100.69 8096.09 8091.08 8086.85 8079.2 8079.33 8080.68 8082.2 8084.83 8084.5 8086.06 8093.01 8101.05 8117 8136.31 8132.13 8115.16 8099.28 8088.77 8089.72 8093.4 8097.56 8102.4 8106.89 8107.82 8109.43 8115.61 8115.51 8109.66 8090.75 8054.25 8024.3
7861.2 7928.65 7975.1 8008.42 8047.11 8083.26 8114.63 8139.27 8152.54 8155.64 8154.12 8154.91 8154.02 8156.29 8154.69 8148.73 8144.73 8141.36 8140.37 8134.84 8125.47 8114.18 8101.78 8092.32 8087.23 8085.65 8089.33 8088.09 8077.99 8086.69 8087.99 8085.94 8091.57 8096.39 8099.26 8097.34 8093.11 8087.18 8082.18 8081.05 8081.46 8083.75 8085.67 8085.55 8085.51 8086.63 8088.6 8097.06 8112.74 8144.55 8136.72 8118.74 8103.58 8092.09 8093.99 8098.55 8102.45 8107.1 8113.25 8119.97 8120.99 8120.38 8119.27 8113.47 8099.7 8091.15 8049.06
8015.83 8067.16 8069.83 8076.84 8093.51 8113.15 8131.1 8145.03 8151.85 8155.18 8153.37 8153.01 8152.59 8151.08 8147.68 8145.95 8143.77 8141.61 8136.44 8130.41 8123.76 8113.64 8104.11 8097.14 8092.39 8090.15 8090.16 8086.19 8083.81 8089.13 8088.7 8086.3 8088.4 8092.58 8095.97 8094.24 8089.7 8086.09 8080.15 8081.6 8080.47 8082.58 8086.49 8086.77 8087.22 8087.65 8089.35 8094.66 8102.36 8123.52 8123.19 8114.82 8104.26 8097.28 8099.61 8102.06 8105.67 8109.9 8115.09 8119.91 8122.78 8122.91 8121.43 8120.71 8115.04 8095.89 8051.98
8148.18 8158.97 8142.36 8135.2 8136.53 8140.18 8148.52 8155.01 8157.95 8160.37 8163.03 8154.31 8151.49 8147.22 8143.64 8144.14 8141.21 8139.6 8138.63 8134.5 8124.59 8113.84 8104.63 8099.67 8096.07 8097.91 8088.12 8081.43 8082.21 8087.18 8086.15 8083.38 8084.88 8087.59 8089.87 8088.73 8087.31 8085.62 8083.7 8078.6 8080.71 8083.11 8086.45 8088.1 8089.15 8090.4 8092.11 8098.15 8112.62 8123.92 8116.95 8107.38 8101.67 8098.95 8098.46 8103.8 8106.88 8110.59 8113.56 8114.74 8119.91 8123.68 8125.77 8126.18 8121.97 8063.55 8028.54
8209.58 8208 8187.7 8175.21 8164.71 8163.37 8163.75 8165.55 8166.74 8166.92 8163.36 8156.24 8153.36 8150.52 8147.54 8147.08 8146.46 8143.08 8140.65 8138.27 8124.64 8112.73 8101.18 8090.86 8089.34 8088.42 8081.36 8076.74 8087.94 8086.42 8081.44 8081.08 8082.2 8083.42 8083.61 8084.65 8084.24 8083.52 8084.77 8086.81 8085.18 8088.15 8089.4 8090.49 8091.98 8094.1 8098.86 8104.77 8110.92 8115.41 8100.15 8097.08 8096.75 8098.16 8103.12 8104.38 8106.45 8108.73 8111.28 8114.1 8118.7 8123.63 8125.85 8123.62 8108.8 8060.74 8038.76
8241.6 8222.95 8210.6 8196.97 8188.7 8183.1 8179.03 8175.16 8173.66 8170.41 8161.7 8158.09 8157.52 8157.44 8156.89 8148.5 8145.39 8140.25 8135.76 8126.75 8122.21 8111.84 8098.46 8085.99 8081.43 8079.07 8075.63 8077.95 8080.98 8080.44 8084.66 8079.99 8078.62 8079.6 8081.93 8081.69 8080.06 8080.11 8078.71 8077.45 8083.24 8086.87 8088.92 8090.42 8093.1 8097.11 8102.79 8107.15 8108.67 8109.99 8092.93 8091.76 8093.38 8096.26 8099.8 8102.16 8104.9 8106.98 8108.96 8109.83 8117.68 8122.57 8125.5 8123.04 8110.63 8071.07 8078.83
8252.01 8237.37 8224.9 8215.08 8204.97 8197.61 8190.25 8183.23 8175.8 8168.34 8162.82 8161.99 8163.53 8164.85 8160.3 8147.04 8126.74 8134.15 8137.59 8139.45 8128.53 8114.44 8098.86 8084.94 8078.94 8078.09 8076.99 8079.01 8078.4 8077.55 8078.97 8076.27 8075.77 8073.83 8071.89 8070.66 8071.9 8074.41 8075.02 8077.58 8083.65 8086.86 8086.76 8088.61 8092.06 8097.16 8103.93 8110.91 8125.48 8141.02 8105.24 8096.36 8093.51 8092.53 8093.22 8097.08 8101.67 8105.69 8108.87 8111.64 8118.5 8122.72 8124.68 8123 8120.27 8113.05 8102.32
8263.44 8250.88 8236.38 8228.86 8219.55 8209.95 8199.31 8189.22 8179.73 8170.18 8170.27 8165.3 8171.84 8176.54 8176.24 8158.07 8137.23 8140.05 8145.94 8149.06 8136.86 8118.55 8100.64 8086.34 8079.07 8078.93 8078.33 8074.85 8078.01 8081.64 8076.01 8076.09 8073.86 8065.83 8061.49 8059.88 8061.51 8066.05 8065.68 8069.12 8075.91 8077.39 8080.81 8085.07 8090.37 8096.94 8105.19 8116.83 8135.98 8159.7 8126.58 8108.53 8097.57 8089.01 8090.46 8093.99 8099.14 8104.47 8109.89 8114.7 8121.04 8125.43 8129.68 8129.34 8129 8127.39 8123.97
8266.27 8258.88 8248.57 8242.72 8232.39 8220.33 8207.96 8196.48 8186.34 8181.69 8180.77 8180.32 8185.21 8191.95 8192.61 8176.05 8156.59 8155.04 8155.4 8152.97 8141.2 8122.79 8103.5 8086.33 8076.71 8077.51 8075.67 8072.75 8076.58 8077.11 8072.74 8068.25 8057.32 8056.49 8052.65 8048.39 8050.84 8053.94 8056.28 8058.02 8060.6 8065.36 8073.45 8080.14 8086.62 8094.07 8102.75 8112.64 8130.98 8150.98 8140.61 8120.65 8104.59 8091.61 8087.94 8093.41 8098.44 8103.88 8109.28 8117.07 8125.23 8133.43 8138.31 8138.92 8135.08 8125.42 8118.25
8275.02 8275.91 8275.69 8258.9 8243.38 8227.76 8211.78 8199.9 8191.73 8190.79 8190.9 8189.37 8201.94 8209.82 8210.01 8203.14 8184.13 8173.25 8166.02 8158.85 8146.14 8127.8 8107.54 8088.56 8077.85 8079.37 8081.68 8079.17 8077.51 8076.39 8068.64 8060.84 8056.24 8054.87 8051.45 8045.66 8048.63 8050.5 8054.11 8054.1 8055.57 8061 8069.36 8076.22 8082.63 8089.89 8098.85 8112 8126.97 8138.76 8136.96 8124.43 8112.23 8102.48 8098.03 8097.87 8099.45 8103.02 8106.54 8116.43 8129.87 8139.84 8149.08 8153.32 8147.88 8142.41 8132.56
8276.31 8281.5 8284.32 8268.68 8252.84 8237.45 8219.48 8204.23 8192.69 8189.81 8198.15 8226.06 8236.67 8226.2 8218.86 8212.81 8201.45 8185.12 8174.43 8165.32 8152.33 8133.51 8113.99 8095.5 8083.97 8084.57 8102.68 8083.75 8079.84 8082.92 8078.66 8069.97 8064.22 8063.26 8061.53 8061.04 8062.64 8059.21 8058.25 8055.93 8057.57 8063.55 8069.12 8073.83 8079.69 8084.99 8092.35 8100.06 8115.77 8126.03 8128.08 8122.82 8117.89 8113.37 8104.81 8099.99 8101 8106.33 8110.69 8121.97 8135.75 8147.52 8161.53 8174.05 8173.3 8155.44 8139.52
8272.73 8275.41 8273.62 8269.1 8258.86 8245.42 8225.68 8210.07 8193.21 8177.84 8190.61 8236.13 8248.68 8230.29 8209.45 8195.59 8193.41 8187.15 8179 8169.54 8157.23 8141.13 8123.44 8104.58 8087.08 8089.18 8088.71 8085.67 8084.46 8085.44 8087.93 8082.62 8079.63 8076.4 8075.12 8077.17 8085.64 8082.89 8069.35 8066.35 8066.59 8069.67 8070.84 8073.51 8076.92 8081.01 8086.43 8096.32 8109.1 8115.51 8114.22 8114.37 8120.44 8121.34 8105.08 8095.27 8102.15 8115.51 8128.88 8135 8141.57 8152.16 8169.32 8192.6 8228.28 8202.04 8153.7
8274.49 8274.73 8276.19 8273.99 8265.4 8253.55 8236.8 8220.62 8201.47 8176.58 8200.04 8228.95 8237.7 8225.5 8207.84 8193.58 8189.39 8186.86 8182.44 8174.19 8162.23 8151.78 8136.65 8120.37 8106.28 8101.11 8096.96 8093.24 8092.2 8093.98 8093.98 8090.83 8087.45 8085.14 8085.83 8090.23 8098.53 8093.9 8088.08 8080.14 8073.87 8072.73 8073.6 8074.5 8075.94 8077.35 8079.89 8088.38 8108.21 8108.65 8100.57 8103.43 8124.77 8130.24 8109.77 8093.97 8099.7 8116.39 8142.17 8139.17 8141.1 8150.38 8164.37 8183.2 8210.05 8229.85 8190.48
