real_craters/C127-300m.grd
DSAA
260 260
-38.9025 38.9025
-38.9025 38.9025
6616.8498849268 8991.5121888512
[rows 90 to 119 of 260, columns 134 to 200 of 260]
8385.68 8393.49 8396.71 8395.2 8395.78 8394.07 8387.13 8374.74 8365.63 8364.34 8360.04 8352.78 8342.1 8331.67 8326.87 8327.09 8326.22 8323.87 8318.86 8311.27 8301.97 8290.7 8279.22 8268.97 8257.22 8244.5 8233.18 8239.42 8240.8 8236.57 8228.97 8218.59 8211.45 8189.52 8176.88 8172.76 8175.73 8177.95 8181.01 8180.76 8176.83 8175.18 8177.49 8183.54 8190.77 8198.18 8205.49 8211.86 8216.58 8217.25 8213.8 8206.43 8197.75 8189.13 8180.44 8171.76 8162.76 8153.24 8142.85 8132.73 8123.72 8116.5 8110.46 8105.41 8099.31 8093.49 8090.42
8381.59 8382.85 8369.48 8384.44 8402.74 8409.52 8402.9 8381.37 8372.82 8377.83 8372.29 8361.12 8346.22 8331.16 8320.55 8315.08 8312 8311.16 8309.52 8305.8 8297.17 8285.33 8270.91 8258 8254.11 8252.14 8250.6 8252.79 8253.2 8252.07 8252.7 8258.91 8247.76 8220.42 8207.44 8189.13 8187.6 8185.67 8191.2 8190.4 8182.56 8175.98 8175.18 8181.22 8188.57 8196.1 8203.44 8209.87 8215.13 8218.71 8216.63 8208.39 8199.58 8190.87 8182.08 8172.9 8162.69 8151.75 8139.89 8129.15 8120.8 8114.58 8110.63 8108.29 8093.16 8078.7 8069.98
8413.3 8410.93 8390.59 8407.71 8433.73 8442.8 8438.08 8429.14 8422.6 8407.04 8395.15 8376.49 8354.6 8333.61 8316.29 8305.82 8300.98 8301.41 8302.95 8301.38 8295.82 8285.05 8270.01 8253.91 8261.04 8267.85 8273.03 8273.15 8268.84 8265.5 8266.2 8271.74 8266.82 8246.21 8236.55 8227.05 8211.33 8200.27 8199.87 8195.23 8186.77 8179.06 8176.26 8180.49 8187.21 8194.37 8201.27 8207.55 8213.25 8217.58 8214.99 8207.88 8200.09 8192.06 8183.56 8174.65 8164.38 8152.7 8138.31 8123.4 8117.71 8111.49 8105.2 8097.86 8082.11 8064.02 8053.32
8490.9 8481.36 8466.3 8476.96 8492.09 8492.77 8483.57 8468.14 8451.68 8443.38 8428.28 8400.99 8367.85 8337.42 8313.02 8298.26 8292.24 8295.4 8302.72 8305.8 8301.12 8292.28 8281.88 8276.97 8276.2 8285.25 8296.83 8292.72 8279.93 8270.83 8266.91 8265.57 8264.2 8246.79 8234.4 8234.22 8224.89 8215.05 8208.2 8199.6 8189.63 8181.52 8177.68 8180.91 8186.87 8193.19 8199.34 8204.66 8209.6 8214.35 8210.92 8206.04 8200.14 8193.22 8185.44 8176.98 8167.5 8157.21 8144.61 8130.13 8120.21 8109.39 8097.24 8084.68 8067.93 8054.39 8045.65
8575.31 8558.83 8567.32 8577.85 8562.65 8546.55 8533.63 8516.46 8489.51 8496.47 8476.2 8434.77 8384.24 8340.56 8311.58 8293.66 8286.62 8293.09 8307.7 8316.15 8312.15 8305.2 8296.47 8286.41 8288.35 8295.25 8304.79 8297.42 8280.68 8268.83 8261.29 8256.07 8251.46 8237.52 8227.03 8220.44 8216.82 8209.26 8206.51 8198.69 8190.22 8183.57 8179.24 8182.88 8188.03 8193.49 8198.63 8202.4 8204.47 8205.77 8205.86 8203.7 8199.44 8193.53 8186.51 8179.04 8170.84 8163.28 8157.55 8146.73 8126.89 8109.29 8091.35 8069.53 8055.32 8049.25 8042.13
8590.91 8583.24 8623.26 8650.17 8604.38 8579.91 8577.3 8584.72 8591.59 8581.17 8540.27 8481.93 8410.39 8344.73 8322.85 8295.55 8286.78 8295.92 8314.7 8326.43 8327.2 8323.26 8316.42 8309.31 8302.82 8297.67 8292.48 8282.07 8270.46 8261.24 8253.86 8248.58 8242.18 8233.78 8222.28 8209.66 8205.57 8199.35 8195.76 8193.35 8189.37 8185.88 8185.66 8185.41 8189.28 8193.98 8198.21 8200.94 8201.59 8200.58 8204.01 8203.33 8200.19 8195.06 8188.48 8181.03 8172.51 8165.27 8160.15 8149.67 8129.47 8110.61 8092.16 8073.59 8059.38 8049.58 8039.33
8503.28 8518.45 8563.47 8592.37 8570.71 8567.41 8590.57 8635.06 8690.65 8666.04 8603.49 8539.01 8466.94 8404.43 8378.52 8335.74 8319.46 8321.18 8328.09 8341.87 8350.13 8347.43 8339.2 8329.11 8316.17 8298.06 8277.88 8262.03 8257.75 8254.04 8247.97 8243.17 8243.74 8237.37 8225.01 8209.48 8199.98 8195.46 8190.77 8190.74 8189.46 8187.15 8183.82 8186.34 8191.22 8195.52 8199.5 8202.84 8204.56 8203.07 8206.11 8205.18 8201.47 8196.14 8189.63 8182.45 8173.29 8162.97 8150.88 8140.43 8127.88 8112.59 8096.42 8081.34 8067.97 8053.95 8040.89
8364.09 8393.02 8425.44 8447.6 8470.06 8501.11 8550.93 8621.75 8712.1 8692.41 8630.29 8586.96 8554.61 8517.96 8482.58 8444.55 8411.5 8391.75 8382.93 8387.47 8388.59 8378.11 8362.48 8348.26 8329.46 8300.5 8272.28 8252.48 8252.56 8253.96 8250.86 8247.82 8251.2 8239.69 8229.67 8215.42 8205.3 8195.61 8192.36 8192.46 8192.21 8191.58 8189.94 8192.45 8195.34 8198.13 8201.8 8206.51 8212.83 8218.15 8213.45 8209.63 8203.74 8197.74 8191.32 8184.1 8174.9 8162.94 8146.22 8136.98 8128.46 8115.66 8101.52 8087.67 8074.08 8059.93 8045.8
8234.55 8258.52 8280.81 8299.42 8339.24 8392.92 8455.74 8529.97 8598.92 8611.56 8590.38 8586.27 8617.18 8608.52 8578.82 8564.07 8521.98 8496.18 8489.43 8467.31 8440.17 8411.1 8382.72 8358.09 8332.69 8303.32 8275.89 8256.28 8259.13 8263.65 8263.86 8257.01 8248 8239.4 8232.12 8219.75 8209.08 8201.13 8197.29 8197.19 8197.46 8198.25 8201.47 8202.25 8199.58 8200.21 8203 8207.86 8215.2 8221.69 8218.53 8211.92 8204.96 8198.69 8192.94 8186.56 8179.06 8169.73 8157.5 8145.55 8134.09 8120.93 8107.23 8093.82 8080.99 8067.1 8054.05
8127.57 8141.3 8149.28 8158.58 8199.38 8261.51 8326.48 8391.55 8443.17 8471.5 8487.24 8507.7 8540.46 8565.5 8590.45 8618.09 8603.53 8607.45 8599.07 8543.9 8487.43 8438.03 8396.98 8362.62 8334.77 8304.66 8285.72 8277.11 8276.42 8278.14 8279.88 8262.92 8245.04 8241.38 8234.58 8225.59 8214.01 8209.72 8204.78 8204.69 8203.23 8202.44 8202.6 8201.87 8200.05 8200.16 8201.93 8205.27 8209.65 8214.45 8219.19 8210.05 8203.41 8198.05 8193.24 8188.55 8183.61 8178.82 8172.12 8157.04 8141.72 8127.18 8113.05 8099.41 8086.56 8074.01 8063.04
8059.71 8046.34 8033.52 8029.2 8062.35 8121.51 8181.51 8237.87 8283.19 8316.46 8346.71 8374.25 8405.58 8445.3 8493.74 8550.45 8603.81 8664.68 8652.9 8578.72 8510.04 8450.7 8401.14 8356.08 8316.59 8298.1 8290.61 8292.95 8287.6 8288.28 8288.96 8266.12 8247.78 8250.93 8243.26 8231.97 8227.51 8223.79 8221.46 8213.34 8208.33 8204.46 8201.05 8197.88 8197.9 8198.06 8198.83 8200.17 8201.14 8202.53 8203.43 8201.1 8198.4 8195.7 8192.83 8189.63 8186.15 8183.24 8178 8163.25 8147.4 8132.57 8118.15 8104.57 8091.23 8078.98 8069.1
7972.91 7947.59 7925.58 7920.4 7942.57 7984.06 8033.64 8082.95 8126.48 8161.45 8192.18 8218.07 8244.4 8292.7 8342.08 8417.61 8516.5 8601.32 8604.3 8553 8498.26 8444.37 8397.05 8349.87 8303.11 8293.25 8291.15 8283.51 8286.76 8292.73 8288.87 8260.64 8253.02 8262.98 8251.56 8240.81 8233.08 8227.42 8225.82 8218.38 8212.04 8206.59 8201.49 8198.04 8196.16 8195.63 8195.29 8195.02 8196.1 8194.19 8189.67 8191.07 8192.86 8192.73 8191.52 8189.04 8185.75 8181.4 8174.54 8163.7 8150.19 8136.46 8122.82 8109.21 8094.88 8082.16 8072.75
7844.17 7827.74 7811.41 7806.76 7816.66 7846 7887.22 7931.14 7973.76 8010.39 8036.81 8059.87 8087.98 8138.53 8194.86 8280.97 8385.2 8467.41 8488.68 8485.77 8459.42 8425.38 8389.98 8352.53 8319.36 8307.33 8303.01 8297.93 8298.9 8300.59 8291.53 8259.31 8252.32 8257.68 8258.39 8255.34 8241.4 8231.03 8225.71 8220.42 8214.66 8208.15 8201.93 8196.93 8194.51 8193.73 8192.54 8190.01 8185.04 8185.45 8185.14 8186.67 8189.55 8190.81 8190.18 8187.99 8184.29 8178.92 8171.62 8162.76 8151.67 8139.43 8126.99 8114.63 8101.97 8089.69 8077.47
7722.17 7710.5 7694.35 7679.02 7680.92 7706.84 7744.97 7785.82 7826.26 7861.21 7886.42 7910.12 7940.87 7994.65 8055.75 8141.88 8240.95 8334.95 8387.89 8411.62 8409.54 8397 8379.43 8356.91 8339.46 8328.18 8323.28 8322.84 8319.21 8310.6 8299.42 8280.36 8276.11 8263.34 8263.18 8268.61 8248.66 8235.33 8228.07 8223.47 8217.58 8210.64 8203.61 8196.24 8194.88 8193.8 8192.34 8190 8186.5 8185.38 8185.09 8186.39 8189.8 8190.34 8189.23 8186.98 8183.07 8178.13 8171.19 8162.63 8152.74 8141.85 8130.73 8120.28 8110.15 8099.14 8081.35
7631.87 7618.48 7585.79 7557.15 7546.86 7573.27 7613.82 7653.63 7689.38 7717.42 7744.52 7775.18 7812.73 7862.24 7922.68 8002.29 8092.34 8191.47 8302.04 8336.6 8353.29 8361.86 8362.69 8360.22 8351.51 8345.99 8345.82 8338.57 8326.55 8313.27 8299.79 8288.28 8308.66 8267.28 8261.66 8266.7 8254.35 8244.03 8237.13 8230.12 8222.28 8214.36 8207.46 8202.97 8198.24 8195.32 8194.21 8193.91 8193.79 8193.28 8194.56 8196.2 8193.09 8190.73 8188.43 8185.74 8182.17 8176.73 8170.43 8162.54 8153.22 8143.59 8133.35 8123.34 8113.49 8101.71 8082.84
7539.82 7525.23 7485.1 7446.53 7422.83 7457.05 7501.8 7540.95 7571.26 7590.02 7618.63 7652.76 7690.94 7737.73 7794.32 7865.84 7948.86 8048.23 8188.49 8250.14 8290.54 8320.78 8344.28 8362.98 8373.49 8377.73 8372.2 8354.09 8327.82 8310.96 8294.89 8283.29 8280.37 8260.16 8263.92 8270.7 8258.55 8248.94 8245.82 8236.19 8225.72 8217.45 8210.07 8203 8198.58 8196.66 8195.7 8197.11 8199.24 8197.14 8199.3 8202.8 8193.61 8190.14 8187.6 8184.98 8181.78 8178.92 8171 8162.49 8153.43 8144.11 8134.16 8124.31 8113.95 8102.49 8084.4
7435.13 7419.14 7395.53 7366.46 7346.85 7375.19 7416.08 7452.13 7481.95 7503.55 7531.33 7551.37 7582.47 7622.48 7668.73 7733.46 7813.84 7919.18 8063.04 8155.16 8221.67 8278.14 8324.61 8365.86 8396.46 8413.27 8406.04 8380 8341.83 8317.2 8298.35 8290.23 8286.56 8278.28 8276.64 8273.87 8258.18 8257.67 8245.46 8234.34 8227.11 8219.41 8212.41 8206.02 8201.25 8197.79 8194.87 8194.9 8196.38 8193.45 8191.2 8186.51 8187.49 8187.65 8186.73 8184.52 8180.23 8173.13 8169.43 8162.46 8153.88 8144.23 8133.96 8123.51 8112.84 8100.1 8082.86
7348.39 7337.26 7327.55 7313.49 7306.08 7323.93 7352.78 7382.57 7413.44 7448.58 7485.8 7512.4 7513.67 7519.43 7547.61 7606.23 7683.43 7793.27 7942.58 8058.76 8151.21 8232.37 8302.38 8366.04 8417.14 8449.22 8446.82 8419.56 8376.5 8332.52 8305.02 8297.06 8299.26 8299.67 8293.85 8278.45 8272.02 8263.85 8248.14 8239.02 8228.56 8221.01 8214.95 8210.75 8206.5 8198.29 8192.01 8187.14 8185.19 8185.82 8183.76 8178.63 8183.34 8186.32 8187.05 8185.84 8181.84 8175.17 8169.92 8163.5 8154.83 8144.98 8134.51 8123.67 8112.14 8099.74 8084.86
7285.11 7285.86 7279.95 7274.29 7278.97 7288.38 7300.84 7321.67 7347.39 7376.3 7410.55 7445.72 7435.93 7422.83 7436.28 7486.1 7559.6 7673.75 7832.26 7966 8081.08 8183.41 8277.62 8362.12 8434.43 8484.99 8490.32 8465.89 8422 8359.78 8321.3 8310.4 8310.52 8309.35 8306.88 8292.53 8275.6 8250.94 8241.79 8235.85 8228.25 8222.54 8217.05 8211.7 8205.75 8197.31 8190.03 8182.98 8180.24 8182.73 8183.48 8184.64 8185.59 8187.94 8189.38 8189.23 8187.42 8182.16 8174.37 8165.33 8155.68 8144.63 8133.43 8122.22 8110.49 8098.37 8084.78
7229.2 7243.77 7235.85 7230 7237.2 7241.16 7247.04 7261.07 7279.38 7297.07 7315.94 7360.55 7343.26 7323.74 7331.53 7371.85 7443 7561.58 7728.03 7878.58 8010.7 8132.95 8247.2 8350.93 8443.46 8514.78 8524.53 8503.01 8474.96 8402.41 8351.67 8332.15 8320.89 8315.88 8314.39 8301.14 8274.48 8253.08 8240.33 8230.86 8228.98 8226.15 8220.87 8212.91 8202.88 8196.83 8191.14 8187.2 8185.15 8185.94 8187.13 8187.26 8188.96 8191.52 8193.01 8193.79 8193.64 8188.75 8178.46 8167.39 8155.99 8144.51 8132.71 8120.66 8108.56 8094.85 8081.87
7166.44 7176.82 7173.77 7171.22 7170.67 7173.59 7184.66 7197.43 7212.46 7229.37 7250.4 7286.33 7240.11 7207.2 7216.36 7261.41 7336.16 7462.92 7635.46 7795.84 7939.37 8076.55 8206.37 8330.52 8439.74 8519.6 8540.26 8511.48 8463.57 8414.72 8382.78 8360.35 8340.22 8331.2 8318.1 8302.85 8274.24 8258.56 8247.61 8232.9 8237.62 8236.91 8230.67 8219.83 8208.54 8199.46 8194.76 8192.58 8192.1 8192.93 8194.26 8194.4 8195.49 8196.61 8197.08 8197.26 8196.68 8191.04 8180.31 8168.05 8155.99 8144 8132.13 8120.18 8108.35 8095.12 8081.54
7101.02 7104.74 7107.98 7108.19 7108.62 7112.44 7121.54 7132.36 7144.95 7162.03 7191.44 7167.91 7128.59 7091.18 7110.1 7162.33 7240.78 7372.25 7546.21 7713.07 7863.81 8011.82 8156.1 8294.83 8422.01 8525.41 8551.44 8499.59 8427.27 8387.26 8413.8 8396.25 8370.57 8360.35 8343.07 8314.35 8273.94 8260.35 8258.45 8256.7 8260.55 8259.09 8249.36 8233.87 8214.57 8206.08 8202.17 8197.65 8200.09 8203.15 8204.8 8206.72 8206.42 8202.41 8200.68 8199.41 8196.44 8189.63 8179.87 8168.07 8155.63 8143.61 8131.69 8120.03 8108.83 8098.24 8085.3
7040.62 7048.98 7049.42 7044.51 7047.06 7053.87 7057.8 7065.22 7075.02 7082.2 7079.04 7054.9 7042.72 7014 7036.43 7083.26 7158.74 7288.94 7457.65 7627.57 7782.81 7938.36 8091.36 8240.16 8380.64 8504.2 8542.27 8471.4 8391.05 8375.15 8410.99 8418.9 8402.16 8386.91 8375.49 8337.11 8291.3 8269.42 8268.19 8285.26 8294.69 8290.42 8276.11 8255.32 8232.96 8221.37 8219.01 8217.04 8217.53 8218.52 8217.55 8214.8 8210.27 8206.47 8203.81 8200.97 8197.52 8188.86 8178.68 8167.47 8155.69 8143.46 8131.3 8119.96 8109.39 8100.31 8089.6
6980.01 6981.01 6977.37 6975.39 6978.42 6984.34 6989.89 6998.85 7008.43 7014.28 7011.36 7018.1 7014.95 6994.44 7001.42 7025.92 7085.11 7209.09 7369.63 7537.83 7697.29 7856.4 8012.95 8166.05 8308.46 8426.86 8472.88 8423.35 8344.86 8342.82 8385.91 8396.18 8383.65 8380.01 8385.99 8360.5 8317.43 8269.77 8285.69 8317.58 8335.97 8326.72 8306.78 8283.02 8258.11 8245.07 8244.47 8244.78 8242.45 8239.55 8234.21 8225.27 8213.85 8212.43 8207.75 8201.94 8196.69 8187.06 8177.1 8166.34 8154.83 8142.86 8130.58 8118.46 8107.04 8095.18 8084.73
6921.9 6913.06 6904.74 6904.97 6907.53 6912.2 6923.21 6937.62 6951.73 6966.13 6984.58 7033.96 7036.19 7018.9 6994.66 6987.01 7023.36 7139.66 7290.33 7449.33 7614.21 7773.07 7928.7 8079.84 8219.7 8337.78 8403.92 8380.41 8326.62 8347.63 8370.52 8347.33 8336.24 8343.19 8348.32 8322 8258.49 8230.74 8275.87 8339.1 8376.4 8357.63 8335.91 8314.42 8294 8281.43 8277.6 8272.43 8271.59 8266.08 8256.73 8245.11 8235.92 8224.4 8214.99 8203.28 8189.24 8184.23 8176.52 8166.44 8154.48 8142.32 8130.02 8117.56 8105.09 8092.38 8080.65
6871.71 6857.26 6843.77 6841.15 6842.88 6848.16 6861.93 6882.95 6906.25 6932.62 6968.98 7049.96 7063.87 7049.39 6997.33 6964.11 6980.87 7091.01 7234.67 7388.9 7537.38 7688.66 7839.07 7984.34 8120.57 8240.88 8331.19 8348.83 8339.74 8359.99 8353.53 8309.41 8299.41 8304.83 8311.68 8283.53 8224.04 8197.13 8235.37 8316.59 8372.66 8368.36 8355.31 8344.01 8334.62 8328.06 8326.26 8317.81 8309.25 8297.92 8283.75 8267.41 8248.76 8238.43 8227.77 8213.22 8197.35 8188.23 8178.85 8167.77 8155.51 8142.87 8130.33 8117.74 8105.35 8093.61 8081.15
6832.87 6811.38 6793.06 6786.91 6787.59 6791.08 6808.88 6838.03 6869.14 6905.18 6955.9 7041.51 7057.86 7041.4 6996.74 6959.82 6970.89 7065.75 7189.12 7321.89 7461.38 7604.5 7747.36 7884.91 8016.16 8134.48 8235.63 8318.17 8383.39 8392.19 8354.92 8305.41 8277.82 8259.69 8254.84 8240.07 8206.51 8186.89 8207.85 8280.82 8351.67 8357.08 8361.15 8366.59 8375.09 8383.46 8381.09 8369.89 8350.49 8331.61 8313.02 8293.44 8271.65 8259.28 8246.9 8230.97 8214.57 8198.19 8184.36 8170.8 8156.94 8143.53 8130.59 8118.52 8107.19 8093.74 8085.1
6804.29 6777.03 6754.73 6743.24 6744.12 6750.1 6769.81 6804.07 6841.69 6880.93 6931.26 7018.51 7035.72 7022.13 6999.47 6977.78 6989.91 7060.23 7155.25 7262.2 7390.2 7522.45 7655.17 7785.97 7911.15 8024.81 8130.05 8259.31 8388.84 8417.61 8380.8 8314.17 8271.63 8223.96 8210.76 8214.18 8198.59 8196.08 8204.36 8246.48 8289.69 8329.02 8355.16 8378.4 8404.14 8424.62 8422.82 8406.52 8384.71 8361.53 8340.88 8322.5 8305.84 8289.33 8269.25 8247.75 8226.77 8207.76 8189.94 8173.51 8157.89 8143.14 8129.7 8117.99 8109.21 8104.73 8091.88
6787.54 6752.59 6719.93 6706.87 6712.16 6723.16 6745.23 6779.84 6821.43 6868.59 6927.34 7017.96 7036.87 7017.89 7003.86 7013.24 7027.29 7059.89 7126.28 7219.67 7326.73 7442.82 7568.29 7693.12 7814.43 7926.07 8030.04 8171.42 8315.01 8374.34 8387.42 8351.86 8286.39 8231.14 8197.19 8175.56 8186.97 8207.68 8213.09 8232.37 8267.7 8304.69 8342.99 8378.81 8415.76 8457.26 8451.3 8432.73 8409.03 8383.08 8361.4 8344.98 8335.68 8317.32 8287.28 8264.43 8239.97 8215.12 8194.07 8175.22 8157.8 8142.05 8127.64 8115.1 8104.63 8096.93 8092.39
6785.27 6742.76 6701.87 6685.75 6692.67 6706.53 6729.43 6758.29 6800.84 6860.77 6934.06 7009.08 7010.06 6982.49 6975.4 7007.77 7026.79 7037.81 7084.99 7158.87 7253.03 7365.6 7491.13 7610.66 7730.34 7842.21 7948.61 8083.86 8236.82 8335.37 8359.74 8343.96 8300.36 8252.68 8205.3 8161.97 8176.51 8206 8220.29 8232.05 8248.81 8286.28 8330.26 8369.75 8404.22 8431.67 8456.55 8446.53 8420.92 8392.65 8369.83 8351.78 8337.3 8317.05 8290.28 8265.93 8242.19 8217.69 8195.78 8175.78 8157.6 8140.81 8125.39 8111.58 8099.59 8092.35 8090.02
