real_craters/C127-1000m.grd
DSAA
45 45
-22.23 22.23
-22.23 22.23
3127.2503243235 5228.9441681007
4454.95 4457.68 4468.85 4465.3 4463.71 4451.25 4451.62 4458.49 4460.62 4462.94 4463.84 4467.76 4449.65 4466.12 4531.22 4467.21 4527.54 4527.49 4510.41 4503.04 4526.76 4535.24 4518.18 4493.36 4493.93 4496.51 4480.21 4487.04 4469.6 4451.96 4441.49 4435.29 4417.37 4379.08 4354.9 4363.12 4391.35 4393.47 4398.77 4415.19 4389.83 4387.41 4377.78 4366.42 4350.7 
4442.89 4440.54 4432.78 4431.18 4440.22 4445.5 4459.28 4473.64 4475.11 4491.96 4520.78 4498.13 4493.39 4499.4 4532.31 4497.07 4545.65 4546.79 4553.47 4534.36 4539.3 4521.49 4504.91 4476.01 4507.39 4515.78 4521.45 4540.79 4516.06 4491.41 4480.77 4481.96 4435.47 4385.72 4361.85 4384.78 4397.45 4390.8 4382.28 4394.63 4382.42 4381.54 4377.51 4367.53 4357.53 
4442.03 4441.02 4427.9 4433.89 4431.85 4452.38 4472.85 4487.97 4484.98 4492.3 4505.57 4498.35 4509.52 4513.21 4534.63 4531.67 4552.29 4522.4 4559.07 4561.3 4553.09 4515.01 4527.89 4498.31 4488.35 4515.21 4536.22 4580.95 4549.88 4514.3 4486.54 4496.5 4455.11 4425.25 4411.9 4396.35 4390.84 4390.61 4388.88 4385.19 4391.54 4385.59 4379.31 4376.59 4375.53 
4441.99 4451.31 4460.56 4454.73 4442.81 4447.14 4455.36 4477.51 4493.08 4509.21 4530.61 4511.71 4507.58 4527.06 4549.12 4529.11 4543.04 4519.21 4542.54 4581.22 4590.11 4557.53 4528.67 4510.23 4483.06 4505.62 4553.14 4583.02 4559.56 4528.74 4506.46 4487.95 4468.7 4464.04 4433.88 4411.12 4390.91 4400.07 4391.35 4409.4 4408.22 4395.06 4383.74 4373.71 4368.19 
4447.26 4449.87 4459.05 4469.35 4464.07 4453.56 4452.97 4464.34 4493.68 4511.34 4547.33 4543.25 4526.3 4527.61 4516.06 4533.25 4526.65 4545.77 4660.63 4647.2 4625.51 4605.54 4571.46 4513.11 4497.67 4504.57 4540.68 4566.4 4552.81 4537.45 4515.68 4492.73 4496.03 4495.09 4458.53 4429.49 4417.13 4433.34 4406.16 4408.43 4405.94 4393.06 4381.34 4371.49 4365.29 
4452.94 4444.63 4449.22 4466.22 4476.21 4462.88 4457.18 4472.89 4518.83 4557.81 4566.86 4570.03 4552.88 4541.92 4538.46 4535.25 4523.06 4547.72 4581.56 4553.1 4596.86 4596.61 4592.48 4547.94 4538.43 4526.72 4518.05 4533.7 4540.62 4538.48 4523.81 4509.55 4488.23 4486.02 4487.55 4458.37 4437.46 4465.94 4406.42 4397.25 4393.48 4388.79 4380.31 4370.63 4370.23 
4469.87 4462.08 4466.04 4480.61 4478.27 4474.49 4474.83 4506.29 4537.78 4571.35 4557.54 4544.23 4574.02 4585.98 4518.55 4519.05 4534.68 4516.14 4494.61 4468.14 4494.65 4599.29 4606.67 4589.88 4587.08 4554.62 4550.77 4522.03 4545.87 4560.48 4560.01 4519.31 4528.23 4542.04 4516.32 4492.57 4477.48 4442.87 4405.08 4388.87 4390.91 4389.97 4383.38 4376.71 4379.38 
4488.68 4491.39 4492.42 4504.58 4485.35 4491.54 4506.91 4518.19 4533.03 4577.39 4566.88 4583.73 4613.97 4614.87 4516.38 4510.12 4538.47 4515.33 4496.48 4491.94 4492.61 4536.1 4585.12 4621.36 4631.69 4634.92 4641.8 4566.26 4574.22 4570.81 4556.31 4526.57 4543.39 4595.14 4558.75 4526.96 4495.95 4414.22 4390.97 4405.27 4415.89 4407.34 4394.96 4388.23 4385.44 
4508.37 4521.9 4516.75 4512.3 4514.9 4514.67 4521.4 4532.29 4571.63 4579.12 4585.91 4586.59 4582.99 4613.91 4550.83 4540.3 4545.24 4611.31 4695.43 4737.45 4715.27 4658.63 4671.48 4672.17 4718.86 4649.41 4648.34 4651.45 4595.74 4551.69 4535.97 4528.38 4544.05 4602.09 4592.65 4564.31 4534.71 4435.45 4382.47 4484.02 4459.52 4428.49 4401.29 4390.43 4393.48 
4511.14 4508.06 4521.05 4545.65 4540.96 4544.77 4558.77 4600.55 4625.51 4602.12 4575.42 4549.11 4571.28 4598.5 4587.19 4633.37 4653 4794.52 4934.85 4966.42 4938.48 4771.53 4724.01 4701.13 4626.84 4610.73 4644.96 4605.09 4576 4563.2 4559.57 4584.65 4592.9 4602.21 4645.7 4618.46 4619.58 4554.79 4499.74 4532.97 4492.86 4446.93 4404.92 4389.69 4394.84 
4518.83 4536.26 4543.48 4542.83 4553.42 4570.23 4584.21 4633.87 4691.33 4619.41 4591.47 4582.23 4639.11 4712.19 4727.32 4789.16 4880.28 4926.45 4963.31 5072.8 5093.68 5006.41 4764.9 4710.85 4741.62 4670.11 4669.59 4615.54 4590.33 4583.51 4566.76 4560.39 4681.39 4620.41 4640.47 4666.04 4649.14 4621.71 4560.54 4532.79 4499.77 4466.93 4433.75 4422.01 4432.2 
4512.13 4530.93 4533.86 4526.45 4560.88 4586.19 4584.32 4611.5 4644.26 4635.28 4642.26 4692.93 4821.06 4908.78 4801.93 4915.1 4846.48 4907.63 4967.58 4954.2 4767.54 4587.75 4524.78 4560.71 4753.83 4899.45 4832.64 4740.77 4740.56 4664.07 4610.62 4563.66 4567.15 4601.5 4603.31 4622.27 4647.8 4625.5 4526.42 4504.31 4499.77 4483.92 4471.66 4462.62 4444.97 
4492.19 4500.48 4509.24 4513.63 4543.89 4572.76 4569.61 4561.1 4621.52 4605.23 4566.88 4598.63 4834.78 4851.61 4802.73 4956.11 4978.54 4702.56 4510.66 4307.7 4128.21 4029.11 4100.64 4181.65 4241.03 4338.71 4547.3 4683.53 4815.4 4850.11 4684.3 4551.33 4528.45 4563.98 4532.8 4562 4625.67 4603.15 4506.8 4502.15 4507.15 4509.99 4509.47 4511.73 4501.86 
4483.26 4484.34 4496.69 4520.79 4553.86 4589.43 4567.22 4541.68 4591.16 4586.95 4519.74 4625.61 4934.81 4873.71 4915.17 4827.24 4473.05 4098.85 3895.22 3747.84 3599.13 3645.45 3754.95 3820.35 3810.69 3817.32 4000.55 4175.31 4273.68 4451.43 4643.45 4716.17 4582.51 4582.13 4599.53 4607.25 4551.25 4551.76 4545.21 4517.69 4519.13 4529.96 4538.76 4538.26 4534.75 
4487.2 4478.09 4474.1 4501.94 4534.7 4578.56 4574.79 4575.73 4606.03 4609.47 4566.59 4806.17 5021.1 4828.03 4639.46 4388.72 4004.09 3673.05 3479.47 3428.24 3408.25 3462.91 3531.15 3574.12 3597.22 3653.73 3705.95 3777.93 3792.06 3942.33 4342.27 4616.76 4606.55 4555.89 4548.62 4566.26 4528.54 4533.81 4509.48 4523.89 4535.08 4545.02 4537.44 4516.75 4497.67 
4480.43 4468.27 4464.53 4476.49 4509.66 4542.01 4552.21 4552.09 4583.09 4624.27 4638.31 4678.72 5043.16 4807.33 4350.37 3910.28 3599.63 3421.95 3357.6 3349 3328.8 3330.36 3378.09 3409.32 3425.98 3453.85 3474.07 3552.5 3658.03 3676.13 3911.22 4261.74 4589.58 4620.58 4577.92 4550.94 4521.11 4518.04 4492.09 4514.92 4535.45 4551.77 4540.16 4494.96 4475.73 
4454.32 4452.58 4469.82 4470.75 4479.51 4483.29 4519.76 4599.27 4644.02 4660.36 4622.43 4764.31 5077.55 4974.75 4236.69 3594.86 3431.98 3398.54 3328.73 3275.01 3265.5 3237.08 3278.98 3305.55 3307.43 3294.5 3304.09 3371.53 3394.6 3448.05 3578.85 4005.13 4582.17 4715.76 4606.01 4593.96 4517.61 4487.7 4510.7 4521.16 4531.04 4536.81 4528.43 4501.11 4478.04 
4457.09 4454.94 4470.03 4491.67 4511.02 4490.95 4528.4 4628.33 4703.29 4742.46 4831.34 4960.68 4734.23 4945.24 4062.61 3387.3 3397.55 3378.69 3288.71 3244.95 3216.24 3200.41 3242.99 3268.08 3262.77 3251.02 3240.29 3276.24 3320.19 3297.67 3357.78 3777.88 4378.04 4760.43 4664 4583.51 4587.21 4546.43 4550.31 4544.79 4534.36 4521.41 4515.09 4520.84 4487.87 
4483.28 4490.89 4495.29 4512.58 4534.34 4527.43 4559.19 4648.18 4756.85 4786.17 4810.3 5026.48 4678.09 4301.35 3789.35 3327.08 3348.42 3293.08 3226.1 3222.05 3219.61 3243.17 3270.9 3286.2 3273.23 3228.89 3210.35 3226.01 3244.75 3239.8 3259.46 3580.21 4026.7 4588.47 4755.26 4562.58 4620.39 4572.03 4578.51 4570.51 4545.7 4499.67 4499.58 4491 4470.4 
4487.99 4498.19 4507.56 4523.14 4536.36 4540.87 4562.02 4672.75 4698.39 4698.44 4846.87 5141.52 4708.97 3998.28 3571.9 3316.03 3257.24 3220.61 3194.12 3227.63 3255.71 3312.28 3350.28 3356.47 3312.51 3268.37 3206.07 3192.37 3210.97 3229.22 3259.82 3484.06 3818.69 4439.54 4694.04 4648.22 4533.64 4535.38 4596.07 4590.69 4584.6 4570.36 4503.08 4469.79 4446.44 
4495.8 4508.41 4511.68 4530.6 4550.99 4557.61 4563.18 4635.6 4629.28 4691.21 4908.14 5063.49 4674.14 4011.9 3501.97 3207.5 3280.67 3186.91 3174.21 3236.81 3322.28 3409.79 3436.33 3451.42 3452.31 3322.46 3210.73 3181.42 3189.85 3246.4 3367.71 3483.63 3733.65 4334.74 4636.71 4572.47 4530.68 4552.23 4552.43 4577.91 4606.66 4587.19 4489.33 4421.93 4417.67 
4492.42 4500.65 4521.88 4543 4562.12 4574.73 4584.44 4608.65 4714.82 4707.03 4888.78 4968 4583.57 3962.68 3469.36 3228.96 3307.96 3203.71 3199.66 3253.22 3367.56 3481.05 3446.66 3503.09 3522.76 3366.52 3220.87 3154.46 3158.47 3227.98 3366.87 3529.91 3790.36 4426.9 4683 4640.36 4573.86 4567.2 4503.6 4539.27 4603.44 4606.19 4483.09 4409.58 4412.6 
4486.1 4502.43 4534.26 4552.9 4569.28 4581.36 4586.71 4646.29 4660.91 4645.66 4894.38 4918.66 4546.39 3927.65 3468.76 3261.42 3274.14 3209.72 3221.97 3297.23 3415.61 3346.07 3367.47 3486.67 3518.35 3394.99 3238.73 3127.25 3144.98 3176.94 3315.14 3644.55 4051.75 4612.43 4818.15 4687.07 4598.73 4542.17 4483.73 4503.15 4539.71 4543.4 4510.19 4467.27 4439.97 
4497.07 4512.87 4536.67 4557.63 4577.66 4566.68 4553.68 4547.77 4661.55 4732.91 4785.15 4977.67 4676.73 4030.92 3513.34 3288.99 3259.43 3210.93 3206.54 3264.94 3332.54 3388.61 3363.09 3433.12 3453.99 3375.18 3264.67 3177.23 3190.19 3181.65 3333.72 3774.92 4328.71 4923.32 5072.09 4871.45 4574.59 4531.79 4507.52 4511.45 4520.15 4521.92 4506.86 4484.33 4467.77 
4494.38 4517.64 4534.51 4554.28 4570.12 4559.72 4538.12 4517.33 4622.45 4805.33 4915.89 5043.68 4754.65 4275.84 3653.76 3340.78 3286.32 3233.64 3236.81 3248.5 3234.75 3265.63 3297.61 3346.31 3355.36 3305.07 3228.86 3218.19 3209.53 3198.33 3408.49 3850.36 4381.29 4950.46 5092.32 4881.69 4650.45 4528.74 4525.27 4527.66 4531.53 4518.74 4513.63 4491.69 4474.5 
4474.54 4517.2 4531.87 4547.05 4557.5 4561.54 4535.55 4509.25 4595.29 4729.5 4871.2 5111.5 4919.99 4537.57 3859.74 3472.72 3396.14 3270.95 3256.2 3248.68 3201.01 3191.01 3216.14 3265.26 3285.11 3262.76 3220.54 3209.89 3237.65 3277.77 3476.3 3952 4448.87 4888.74 5016.85 4838.96 4618.02 4552.97 4536.1 4528.46 4513.3 4496.9 4475.76 4479.46 4473.54 
4470.89 4501.26 4523.19 4535.29 4542.77 4542.73 4556.66 4523.28 4553.74 4665.09 4759.63 4995.4 5060.73 4679.29 4023.18 3623.7 3565.25 3348.8 3261.44 3222.45 3195.58 3199.21 3204.35 3245.57 3266.97 3266.85 3256.72 3272.43 3279.85 3345.81 3581.71 4083.48 4532.92 4847.51 4937.69 4740.2 4514.72 4540.3 4524.82 4498.02 4472.73 4477.09 4474.32 4472.7 4473.93 
4470.47 4503.24 4518.95 4532.69 4539.4 4543.29 4524.48 4511.67 4521.81 4549.49 4700.84 4821.28 5154.9 4843.3 4306.35 3841.03 3781.57 3530.59 3372.76 3294.66 3263.26 3228.44 3210.64 3249.89 3282.31 3303.08 3319.95 3334.39 3366.18 3465.01 3823.2 4347.93 4700.3 4874.24 4887.65 4730.39 4546.27 4513.22 4513.09 4508.12 4490.94 4481.42 4478.55 4479.07 4481.24 
4466.92 4495.68 4514.37 4526.93 4534.2 4538.05 4517.35 4496.3 4516.65 4511.14 4600.17 4874.23 5228.94 5033.74 4660.99 4143.06 3881.99 3714.53 3557.33 3486.66 3450.66 3361.57 3269.38 3271.64 3334.58 3372.07 3396.03 3468.57 3493.27 3655.81 4175.64 4751.55 4921.34 4896.35 4837.15 4690.42 4475.52 4482.65 4498.76 4503.28 4501.3 4494.09 4490.24 4488.64 4488.49 
4477.06 4500.05 4511.43 4518.49 4532.07 4525.54 4515.63 4528.2 4507.87 4501.41 4531.13 4874.01 5133.6 5065.04 4978.79 4422.7 3989.88 3823.13 3668.22 3636.35 3611.96 3501.72 3397.72 3442.58 3440.92 3467.64 3496.65 3532.71 3613.4 3993.27 4507.91 5088.18 5038.07 4814.22 4603.11 4554.8 4564.37 4497.66 4500.68 4498.94 4499.05 4500.2 4501.1 4500.67 4502.41 
4503.67 4504.84 4496.29 4493.73 4490.62 4502.86 4578.09 4616.32 4570.82 4550.43 4566.72 4851.11 4926.29 4910.1 5086.82 4801.5 4383.86 3974.41 3774.22 3704.77 3749.44 3658.32 3516.48 3519.05 3598.69 3642.99 3645.83 3721.95 3987.59 4457.89 4857.91 5121.22 4984.47 4747.67 4593.85 4640.75 4622.06 4540.38 4511.22 4495.48 4495.7 4499.14 4505.68 4512.09 4514 
4504.96 4498.72 4486.31 4474.39 4470.01 4477.23 4634.59 4715.82 4640.63 4612.41 4618.37 4641.09 4758.61 4823.97 5013.95 5062.73 4907.86 4388.61 4135.94 3989.88 3871.32 3812.08 3712.7 3742.36 3885.57 3952.98 3977.27 4157.24 4473.16 4903.27 5171.1 4962.05 4829.26 4682.18 4645.93 4637.58 4586.44 4544.35 4524.81 4506.31 4510.68 4522.15 4525.02 4524.13 4518.4 
4490.65 4492.09 4486.85 4483.09 4489.1 4521.98 4652.36 4818.99 4776.89 4647.68 4661.09 4677.64 4666.47 4673.67 4806.66 4937.95 5000.66 4935.01 4713.34 4499 4374.86 4293.58 4245.51 4279.82 4329.89 4404.78 4511.36 4744.5 5019.15 5038.93 4956.28 4747.08 4663.67 4570.24 4517.76 4547.38 4552.57 4545.88 4542.7 4540.31 4546.11 4553.93 4550.05 4538.35 4525.18 
4486.15 4486.76 4488.84 4495.63 4507.48 4529.68 4558.34 4686.91 4737.85 4680.66 4637.49 4633.71 4601.22 4591 4647.51 4639.24 4676.34 4677.26 4778.12 4841.44 4921.67 4913.15 4919.71 4845.4 4711.34 4791.36 5048.59 5096.58 4956.03 4878.41 4754.62 4627.39 4592.76 4538.5 4503.09 4494.89 4511.51 4530.18 4528.86 4537.98 4553.77 4577.88 4565.22 4543.61 4524.42 
4475.92 4483.52 4493.38 4501.26 4508.7 4503.45 4508.63 4537.37 4554.44 4542.49 4530.82 4544.81 4538.6 4576.98 4661.64 4605.24 4611.83 4627.81 4733.29 4829.96 4945.07 4938.21 4964.07 4782.94 4799.42 4851.47 4959.31 4783.02 4682.54 4751.02 4718.27 4651.09 4610.15 4580.28 4523.78 4516.58 4391.7 4529.67 4514.27 4510.13 4534.04 4579.21 4564.8 4543.53 4522.68 
4473.04 4480.08 4488.86 4496.98 4502.36 4502.61 4507.05 4518.17 4524.68 4484.95 4528.55 4540.84 4503.75 4502.33 4558.33 4596.57 4613.2 4656.09 4646.18 4701.5 4725.19 4796.59 4674.98 4720.99 4714.95 4712.87 4680.4 4633.78 4697.21 4682.97 4683.33 4640.85 4622.63 4608.95 4542.42 4517 4513.78 4515.23 4502.89 4516.63 4522.6 4552.11 4545.62 4532.08 4513.86 
4466.15 4472.8 4481.54 4491.27 4501.78 4507.74 4506.45 4495.69 4494.01 4498.53 4530.35 4493.4 4495.39 4515.78 4535.05 4568.21 4574.6 4589.78 4630.59 4606.78 4568.76 4553.15 4639.14 4668.28 4622.91 4582.26 4527.37 4557.64 4600.62 4609.6 4672.13 4633.94 4601.37 4555.21 4548.19 4536.44 4535.84 4543.21 4515.91 4529.61 4522.77 4522.92 4524.82 4518.17 4505.63 
4450.76 4459.33 4471.83 4486.54 4501 4502.26 4493.66 4491.38 4491.37 4509.92 4527.55 4491.79 4499.62 4520.7 4559.71 4565.18 4574.3 4559.12 4563.98 4572.06 4574.12 4585.08 4562.88 4545.08 4544.8 4529.44 4515.08 4517.95 4551.16 4566.45 4533.51 4560.31 4583.3 4593.09 4542.63 4520.67 4544.36 4553.69 4590.04 4576.98 4528.21 4509.32 4510.13 4506.72 4500.25 
4435.29 4446.44 4461.44 4476.17 4489.53 4486.03 4478.19 4483.86 4484.17 4519.79 4517.57 4493.98 4499.44 4506.12 4508.05 4515.43 4553.69 4530.74 4519.76 4540.88 4559.67 4560.08 4545.33 4520.97 4523.54 4517.56 4509 4512.22 4523.7 4542.6 4523.05 4528.42 4530.89 4506.86 4510.37 4510.98 4531.27 4540.62 4597.23 4577.85 4510.08 4504.99 4502.05 4500.61 4498.89 
4433.54 4442.52 4456.45 4467.03 4470.67 4466.19 4464.97 4474.7 4473.62 4493.41 4518.31 4498.2 4499.06 4494.12 4489.73 4499.91 4476.62 4514.63 4504 4517.11 4530.92 4550.08 4528.8 4544.09 4538.12 4518.84 4508.62 4508.87 4520.29 4526.09 4509.38 4501.94 4496.43 4490.55 4487.33 4487.65 4516.21 4534.01 4520.73 4517.95 4486.91 4495.13 4499.47 4503 4506.47 
4438.55 4452.54 4460.46 4463.96 4462.93 4462.29 4462.1 4464.61 4469.41 4475.36 4523.93 4506.92 4543.65 4505.45 4488.56 4490.13 4489.97 4502.98 4504.93 4505.81 4514.72 4522.03 4523.73 4546.03 4536.37 4510.89 4503.99 4502.06 4522.58 4519.37 4499.57 4498.94 4499.27 4494.48 4468.67 4477.58 4497.03 4506.44 4500.7 4512.01 4505.81 4492.64 4503.12 4510.39 4515.46 
4484.04 4479.69 4472.28 4468.2 4469.21 4470.01 4471.15 4479.9 4491.12 4479.62 4513.03 4513.65 4544.97 4509.96 4497.24 4500.32 4484.88 4489.83 4490.59 4501.6 4509.82 4515.95 4517.76 4535.3 4511.69 4503.94 4501.18 4516.59 4521.62 4504.39 4487.88 4496.27 4496.95 4483.49 4475.03 4471.72 4471.82 4483.37 4488.7 4505.54 4511.65 4508.18 4511.73 4517.78 4523.32 
4493.11 4489.32 4482.14 4475.41 4464.18 4476.13 4470.2 4478.01 4485.4 4494.65 4492.5 4509.2 4575.94 4513.66 4505.29 4542.53 4500.14 4491.73 4495.66 4496.39 4497.66 4502.59 4505.01 4506.78 4518.38 4508.55 4496.95 4489.61 4511 4496.98 4493.53 4492.93 4489.3 4486.37 4484.47 4476.46 4474.28 4475.04 4500.29 4505.02 4509.97 4518.53 4518.77 4520.73 4527.62 
4485.52 4488.81 4489.66 4489.59 4487.44 4486.21 4483.39 4471.22 4483.45 4483.78 4478.02 4479.27 4526.75 4513.3 4516.5 4619.28 4567.76 4551.95 4510.71 4494.04 4489.63 4489.25 4496.21 4495.79 4510.11 4496.21 4491.79 4491.15 4499.18 4496.6 4502.14 4511.57 4515.01 4496.77 4481.26 4488.83 4489.24 4489.41 4497.1 4514.38 4519.37 4523.76 4520.89 4521.57 4526.19 
4498.4 4493.45 4492.95 4499.89 4528.69 4514.52 4512.28 4484.92 4478.36 4494.12 4475.16 4467 4494.5 4493.22 4492.25 4526.89 4508.41 4503.21 4496.23 4487.98 4486.96 4499.54 4491.51 4476.35 4479.69 4488.81 4491.42 4496.94 4497.1 4494.72 4525.44 4525.9 4519.19 4494.99 4502.43 4491.78 4498.35 4509.18 4504.74 4515.86 4491.86 4513.92 4506.82 4510.87 4518.95 
