real_craters/C127-750m.grd
DSAA
105 105
-38.9025 38.9025
-38.9025 38.9025
6617.8995687294 8933.1502762632
[rows 0 to 37 of 105, columns 0 to 83 of 105]
7996 8004 8022 8081 8343 8400 8368 8312 8282 8274 8274 8266 8256 8249 8245 8247 8250 8252 8253 8254 8255 8258 8266 8268 8259 8234 8213 8216 8231 8229 8184 8011 7930 7881 7841 7804 7765 7728 7702 7685 7678 7675 7674 7686 7703 7699 7697 7706 7707 7790 7917 8042 8118 8141 8154 8159 8145 8119 8101 8107 8106 8098 8093 8078 8061 8056 8050 8046 8044 8042 8034 8029 8028 8012 8013 8009 8015 8018 8014 8012 8010 8009 8007 8001
7998 8002 8012 8067 8263 8322 8329 8306 8273 8267 8258 8257 8252 8247 8247 8250 8252 8253 8254 8253 8251 8259 8264 8269 8267 8255 8239 8241 8243 8234 8205 7949 7869 7832 7802 7772 7744 7716 7691 7683 7676 7674 7673 7688 7701 7694 7689 7700 7708 7776 7876 8022 8103 8156 8164 8156 8138 8114 8107 8108 8107 8104 8099 8090 8072 8065 8054 8050 8045 8036 8035 8030 8024 8027 8019 8021 8032 8027 8020 8020 8020 8019 8018 8011
7998 7998 8002 8026 8097 8212 8276 8302 8291 8271 8256 8254 8252 8247 8247 8254 8256 8258 8257 8255 8252 8253 8263 8270 8277 8280 8280 8267 8248 8205 8117 7910 7836 7800 7776 7754 7734 7712 7693 7687 7680 7676 7679 7688 7696 7692 7681 7684 7689 7752 7959 8082 8127 8161 8166 8150 8131 8121 8118 8116 8109 8099 8091 8105 8076 8064 8061 8058 8057 8047 8046 8032 8028 8030 8039 8039 8041 8033 8034 8029 8030 8031 8029 8023
7997 8002 7997 7999 8039 8154 8232 8277 8293 8279 8265 8259 8254 8246 8250 8249 8262 8263 8261 8259 8258 8256 8271 8280 8282 8296 8303 8316 8254 8158 8033 7923 7824 7780 7759 7742 7731 7719 7709 7715 7719 7689 7678 7685 7704 7706 7684 7675 7680 7752 8021 8161 8175 8178 8173 8159 8140 8135 8121 8112 8107 8099 8089 8086 8075 8059 8054 8071 8078 8099 8063 8041 8036 8043 8039 8039 8040 8041 8036 8034 8038 8042 8045 8037
7994 7997 8005 8005 8054 8174 8259 8285 8274 8285 8285 8278 8264 8248 8256 8276 8276 8271 8268 8264 8255 8267 8292 8307 8313 8325 8345 8356 8251 8114 7961 7859 7805 7776 7762 7748 7740 7736 7740 7742 7738 7711 7675 7692 7744 7733 7710 7685 7695 7766 8047 8209 8194 8179 8185 8183 8178 8138 8122 8116 8111 8100 8092 8094 8077 8078 8103 8087 8076 8066 8066 8052 8041 8044 8041 8041 8045 8048 8045 8041 8046 8052 8056 8050
7996 8006 8051 8099 8177 8259 8310 8307 8285 8302 8325 8311 8278 8268 8280 8281 8278 8276 8274 8274 8279 8286 8309 8335 8372 8385 8359 8347 8212 8095 7980 7858 7794 7766 7758 7758 7751 7747 7731 7723 7723 7727 7712 7724 7729 7721 7714 7711 7734 7804 8037 8213 8217 8210 8201 8195 8181 8135 8120 8111 8106 8100 8091 8082 8068 8082 8085 8074 8069 8067 8081 8088 8057 8056 8061 8063 8050 8048 8042 8052 8054 8056 8060 8057
8012 8052 8140 8218 8359 8358 8347 8335 8319 8326 8341 8326 8297 8284 8282 8275 8275 8277 8281 8286 8294 8300 8305 8322 8364 8271 8157 8096 8082 8048 7978 7878 7798 7763 7749 7750 7754 7756 7739 7711 7706 7718 7741 7750 7712 7698 7705 7745 7801 7875 8068 8231 8242 8218 8199 8191 8172 8139 8122 8101 8103 8103 8096 8084 8072 8081 8070 8063 8061 8060 8081 8126 8125 8104 8100 8107 8079 8049 8054 8061 8061 8054 8052 8060
8052 8138 8262 8397 8447 8410 8384 8373 8359 8358 8352 8334 8299 8283 8279 8276 8275 8277 8284 8298 8317 8304 8279 8243 8167 8004 7949 7908 7986 8086 8038 7896 7789 7762 7751 7748 7748 7750 7727 7710 7707 7715 7731 7735 7707 7695 7718 7790 7888 8019 8159 8241 8216 8183 8183 8182 8192 8168 8136 8117 8114 8113 8110 8110 8096 8078 8069 8064 8061 8063 8077 8109 8118 8094 8085 8086 8100 8059 8062 8069 8065 8057 8057 8065
8139 8243 8349 8456 8417 8407 8402 8403 8418 8407 8367 8341 8316 8293 8277 8261 8257 8271 8281 8291 8307 8291 8252 8175 8040 7937 7889 7888 7955 8163 8151 7945 7799 7768 7758 7755 7751 7749 7734 7719 7712 7712 7712 7706 7697 7699 7740 7835 7959 8103 8200 8187 8188 8177 8167 8163 8156 8158 8147 8140 8129 8115 8108 8099 8017 8079 8068 8065 8067 8068 8067 8083 8092 8097 8087 8095 8113 8117 8099 8078 8064 8062 8066 8075
8247 8322 8367 8389 8387 8393 8401 8418 8447 8434 8371 8322 8302 8282 8254 8255 8271 8267 8273 8283 8284 8278 8244 8176 8060 7894 7840 7841 7917 8129 8139 7979 7827 7792 7775 7762 7751 7744 7748 7728 7716 7705 7703 7701 7702 7708 7759 7866 7993 8121 8195 8178 8165 8151 8150 8145 8136 8150 8148 8139 8122 8104 8088 8075 8070 8067 8075 8078 8082 8080 8082 8089 8081 8090 8089 8099 8126 8133 8120 8089 8072 8074 8078 8084
8365 8374 8364 8355 8370 8391 8406 8417 8440 8427 8364 8310 8284 8261 8237 8239 8249 8255 8258 8265 8279 8280 8268 8236 8137 7954 7865 7838 7956 8223 8189 8037 7886 7846 7815 7784 7755 7735 7733 7727 7711 7705 7709 7711 7717 7738 7786 7899 8016 8119 8177 8161 8143 8152 8153 8147 8155 8156 8142 8125 8109 8091 8082 8076 8073 8075 8091 8106 8100 8092 8086 8073 8076 8080 8084 8087 8102 8117 8111 8096 8083 8078 8085 8093
8404 8388 8366 8352 8358 8380 8396 8403 8408 8387 8353 8315 8277 8256 8240 8239 8251 8241 8243 8253 8274 8285 8293 8306 8277 8131 8067 8059 8144 8289 8231 8114 7991 7941 7885 7826 7768 7731 7737 7732 7729 7735 7737 7735 7740 7769 7849 7953 8046 8122 8167 8155 8148 8154 8153 8148 8144 8145 8133 8114 8096 8090 8080 8074 8072 8084 8096 8107 8103 8095 8089 8079 8078 8085 8084 8086 8100 8124 8123 8103 8085 8087 8095 8102
8386 8378 8368 8359 8362 8384 8392 8394 8389 8386 8347 8318 8284 8263 8250 8238 8225 8223 8224 8251 8269 8283 8291 8296 8293 8295 8298 8300 8297 8248 8229 8175 8117 8042 7967 7890 7803 7729 7751 7751 7748 7764 7797 7802 7811 7892 7975 8028 8083 8128 8153 8154 8155 8155 8155 8147 8141 8139 8125 8108 8092 8085 8089 8081 8087 8086 8092 8098 8097 8090 8082 8081 8084 8085 8086 8087 8097 8129 8137 8111 8092 8097 8102 8110
8367 8369 8370 8367 8369 8383 8379 8373 8368 8359 8337 8309 8285 8254 8257 8244 8225 8216 8209 8216 8269 8271 8271 8266 8271 8281 8271 8262 8242 8221 8216 8201 8171 8118 8047 7977 7892 7790 7799 7824 7817 7868 7918 7951 8012 8121 8112 8111 8129 8146 8155 8158 8153 8150 8144 8143 8139 8133 8124 8109 8099 8094 8090 8082 8089 8087 8086 8092 8091 8087 8082 8081 8082 8087 8088 8089 8096 8117 8120 8107 8099 8102 8107 8113
8363 8367 8366 8366 8366 8364 8363 8357 8350 8335 8324 8320 8287 8291 8271 8252 8230 8218 8219 8224 8244 8251 8250 8244 8249 8253 8247 8238 8234 8221 8211 8207 8204 8168 8117 8073 8036 7952 7922 7976 8033 8059 8074 8109 8178 8215 8188 8167 8163 8165 8167 8166 8156 8152 8148 8147 8143 8141 8125 8107 8091 8090 8081 8078 8086 8080 8082 8084 8085 8084 8085 8084 8088 8090 8092 8096 8105 8117 8100 8097 8098 8103 8106 8110
8362 8365 8360 8357 8359 8359 8340 8339 8335 8327 8320 8305 8273 8268 8257 8238 8223 8216 8216 8224 8231 8236 8236 8235 8238 8240 8230 8233 8232 8217 8208 8205 8199 8182 8160 8145 8142 8095 8068 8111 8163 8187 8191 8210 8255 8234 8218 8203 8192 8181 8175 8164 8159 8161 8159 8141 8136 8131 8124 8106 8084 8079 8076 8081 8078 8079 8077 8077 8077 8076 8077 8080 8086 8089 8093 8100 8107 8124 8098 8093 8095 8098 8103 8108
8366 8369 8352 8354 8353 8374 8331 8325 8329 8338 8338 8315 8271 8264 8249 8219 8214 8214 8214 8216 8225 8224 8224 8223 8231 8238 8240 8229 8207 8198 8199 8196 8189 8183 8181 8183 8182 8182 8168 8181 8217 8234 8239 8249 8254 8260 8236 8224 8210 8195 8180 8171 8165 8175 8176 8146 8140 8148 8137 8109 8086 8078 8078 8076 8082 8076 8074 8063 8060 8064 8066 8073 8077 8083 8090 8101 8117 8150 8127 8103 8089 8091 8099 8107
8363 8369 8364 8361 8356 8324 8315 8312 8311 8310 8291 8254 8239 8251 8242 8217 8212 8220 8216 8226 8222 8219 8217 8221 8226 8235 8242 8228 8208 8194 8193 8190 8184 8178 8189 8198 8208 8215 8219 8228 8242 8256 8261 8264 8274 8270 8261 8245 8225 8205 8189 8185 8185 8198 8199 8177 8164 8159 8143 8115 8086 8076 8076 8076 8073 8066 8055 8053 8045 8049 8054 8056 8062 8075 8084 8096 8112 8138 8145 8116 8096 8094 8099 8106
8349 8361 8373 8368 8370 8354 8321 8309 8298 8281 8256 8245 8238 8241 8229 8207 8206 8210 8207 8218 8219 8216 8211 8211 8221 8231 8235 8228 8212 8200 8195 8192 8191 8192 8199 8206 8215 8228 8249 8265 8255 8259 8264 8272 8272 8278 8284 8261 8237 8212 8193 8192 8226 8231 8219 8209 8185 8170 8152 8124 8095 8083 8103 8081 8083 8075 8064 8062 8061 8062 8058 8056 8064 8071 8080 8088 8100 8122 8128 8120 8113 8102 8101 8109
8335 8356 8382 8363 8345 8363 8322 8297 8277 8258 8239 8237 8242 8233 8213 8204 8205 8217 8214 8214 8220 8217 8212 8211 8220 8228 8232 8232 8232 8207 8202 8203 8206 8216 8211 8212 8216 8243 8272 8295 8279 8273 8278 8282 8283 8272 8271 8267 8249 8222 8196 8176 8231 8237 8208 8193 8188 8176 8158 8138 8112 8094 8092 8088 8090 8090 8085 8081 8085 8101 8079 8072 8072 8073 8076 8081 8096 8112 8107 8115 8125 8096 8101 8131
8321 8330 8349 8353 8341 8337 8306 8282 8260 8241 8224 8222 8227 8219 8206 8207 8213 8211 8230 8234 8226 8222 8220 8218 8222 8225 8232 8231 8223 8215 8213 8212 8214 8217 8215 8218 8239 8264 8279 8291 8280 8281 8285 8289 8287 8279 8287 8278 8263 8246 8230 8231 8229 8226 8209 8190 8188 8185 8179 8160 8141 8116 8106 8102 8100 8098 8091 8089 8096 8095 8096 8075 8075 8076 8074 8074 8085 8106 8103 8119 8146 8104 8092 8105
8314 8319 8334 8351 8356 8306 8286 8265 8247 8230 8218 8216 8215 8210 8212 8233 8246 8251 8251 8242 8230 8223 8221 8223 8224 8228 8228 8222 8223 8230 8225 8222 8220 8218 8214 8215 8235 8263 8272 8275 8282 8286 8284 8294 8290 8289 8288 8284 8276 8267 8259 8241 8234 8233 8218 8203 8195 8193 8194 8180 8172 8176 8155 8127 8109 8117 8096 8092 8094 8097 8097 8091 8090 8080 8074 8073 8084 8109 8108 8122 8152 8095 8075 8086
8313 8310 8329 8343 8346 8286 8261 8251 8237 8223 8212 8210 8205 8208 8239 8240 8232 8227 8226 8227 8225 8220 8212 8219 8229 8237 8242 8248 8264 8248 8239 8233 8227 8221 8217 8217 8234 8255 8269 8280 8290 8296 8301 8300 8288 8288 8291 8290 8288 8282 8270 8247 8243 8249 8226 8210 8199 8196 8187 8188 8193 8197 8197 8161 8143 8138 8108 8101 8102 8103 8107 8100 8091 8083 8075 8069 8075 8092 8087 8107 8139 8084 8065 8084
8321 8329 8317 8317 8314 8296 8268 8247 8232 8220 8216 8203 8194 8199 8220 8225 8218 8211 8210 8216 8219 8220 8222 8227 8236 8247 8260 8272 8271 8265 8255 8242 8234 8226 8221 8225 8230 8252 8273 8289 8300 8305 8310 8296 8285 8287 8290 8294 8297 8298 8294 8270 8255 8252 8226 8209 8209 8206 8200 8202 8211 8223 8216 8207 8183 8153 8119 8127 8119 8114 8117 8108 8099 8088 8079 8070 8069 8066 8057 8073 8087 8070 8061 8071
8326 8335 8309 8289 8278 8288 8264 8248 8228 8208 8201 8196 8192 8194 8208 8214 8210 8212 8205 8214 8220 8223 8229 8234 8243 8254 8265 8273 8269 8262 8255 8247 8243 8242 8240 8230 8236 8266 8286 8304 8310 8306 8298 8288 8285 8280 8288 8299 8300 8304 8309 8282 8256 8235 8226 8228 8228 8228 8229 8231 8230 8233 8236 8242 8217 8196 8150 8116 8117 8135 8142 8131 8103 8094 8088 8082 8080 8081 8070 8064 8070 8057 8056 8065
8319 8326 8304 8275 8260 8257 8264 8254 8230 8206 8196 8194 8182 8175 8183 8192 8210 8216 8217 8216 8221 8224 8229 8237 8244 8253 8265 8274 8273 8264 8252 8250 8252 8258 8263 8263 8287 8296 8317 8323 8314 8305 8295 8291 8279 8273 8278 8287 8295 8297 8295 8279 8258 8235 8245 8244 8247 8251 8254 8249 8239 8230 8223 8221 8211 8197 8186 8125 8135 8128 8124 8124 8104 8098 8099 8105 8100 8095 8093 8089 8069 8039 8014 8037
8308 8307 8296 8273 8254 8245 8257 8263 8233 8203 8192 8185 8175 8169 8174 8184 8199 8210 8218 8214 8218 8225 8233 8238 8245 8253 8259 8262 8265 8269 8249 8253 8259 8267 8279 8307 8321 8316 8311 8312 8309 8303 8295 8284 8280 8271 8274 8289 8291 8288 8278 8270 8259 8248 8257 8265 8270 8274 8276 8268 8238 8220 8210 8206 8206 8198 8195 8155 8146 8141 8122 8110 8104 8102 8106 8114 8114 8113 8121 8104 8068 8037 8022 8037
8300 8301 8290 8270 8254 8248 8270 8282 8239 8195 8188 8179 8172 8168 8174 8182 8190 8218 8186 8202 8214 8225 8234 8238 8245 8250 8253 8254 8262 8259 8255 8257 8264 8275 8292 8300 8327 8325 8316 8294 8304 8304 8302 8307 8285 8276 8278 8284 8289 8287 8278 8265 8252 8250 8263 8279 8290 8295 8291 8275 8244 8220 8204 8202 8205 8204 8180 8140 8153 8154 8142 8124 8108 8104 8108 8111 8122 8131 8143 8123 8073 8039 8026 8033
8289 8287 8277 8260 8255 8255 8268 8299 8247 8198 8187 8175 8173 8177 8177 8181 8194 8210 8200 8201 8210 8218 8227 8237 8243 8248 8253 8258 8270 8266 8257 8263 8271 8283 8298 8307 8321 8329 8321 8316 8311 8309 8308 8300 8291 8281 8283 8293 8292 8288 8282 8270 8252 8258 8272 8306 8325 8318 8299 8267 8241 8234 8225 8212 8203 8200 8190 8162 8150 8156 8146 8126 8111 8110 8116 8124 8129 8131 8128 8112 8069 8032 8014 8017
8280 8280 8275 8252 8262 8279 8305 8310 8247 8200 8188 8176 8175 8179 8177 8176 8184 8192 8194 8199 8207 8225 8230 8235 8243 8250 8255 8260 8260 8269 8272 8269 8276 8289 8303 8308 8318 8340 8352 8337 8320 8314 8309 8309 8293 8282 8277 8279 8282 8286 8289 8288 8289 8295 8304 8334 8351 8335 8313 8290 8263 8235 8226 8213 8213 8217 8211 8179 8165 8173 8153 8133 8123 8123 8128 8133 8139 8140 8131 8105 8069 8023 7985 7998
8281 8279 8277 8262 8271 8296 8325 8290 8235 8201 8186 8178 8177 8180 8180 8179 8185 8198 8201 8201 8200 8199 8218 8233 8245 8254 8259 8260 8262 8262 8259 8265 8278 8290 8302 8298 8317 8339 8339 8323 8318 8313 8309 8299 8289 8285 8283 8276 8278 8291 8299 8309 8323 8335 8348 8354 8371 8345 8325 8308 8296 8249 8232 8238 8243 8232 8218 8193 8186 8189 8164 8148 8140 8138 8148 8153 8154 8154 8147 8125 8080 8024 7999 8001
8269 8272 8272 8262 8273 8289 8294 8252 8214 8185 8181 8180 8180 8182 8184 8187 8189 8190 8195 8194 8193 8197 8215 8235 8250 8262 8272 8272 8266 8261 8256 8265 8279 8292 8301 8317 8325 8334 8323 8317 8320 8316 8308 8293 8287 8290 8288 8284 8289 8307 8316 8326 8338 8352 8356 8358 8348 8342 8330 8317 8311 8284 8265 8267 8259 8234 8208 8201 8200 8202 8182 8166 8154 8152 8163 8168 8166 8163 8157 8140 8090 8037 7991 7988
8250 8262 8270 8268 8269 8272 8266 8236 8201 8184 8181 8184 8186 8189 8194 8196 8195 8201 8195 8194 8200 8196 8225 8243 8257 8270 8282 8281 8273 8273 8275 8276 8283 8294 8304 8316 8331 8347 8324 8320 8329 8331 8314 8305 8301 8299 8300 8301 8305 8318 8332 8337 8347 8368 8366 8362 8353 8346 8339 8331 8331 8322 8265 8258 8251 8233 8217 8214 8188 8200 8199 8181 8172 8167 8179 8178 8173 8170 8163 8149 8105 8066 8022 7973
8230 8254 8265 8267 8264 8256 8246 8213 8191 8184 8187 8192 8196 8197 8199 8198 8188 8204 8201 8203 8237 8258 8252 8258 8266 8275 8283 8284 8286 8284 8281 8281 8284 8294 8309 8308 8326 8342 8334 8337 8355 8370 8352 8322 8311 8313 8325 8328 8332 8346 8349 8348 8345 8354 8375 8372 8366 8362 8350 8338 8339 8340 8304 8258 8248 8238 8222 8214 8210 8201 8193 8190 8187 8185 8175 8174 8175 8173 8165 8144 8115 8079 8035 7997
8219 8254 8288 8283 8260 8240 8213 8183 8184 8189 8191 8198 8208 8209 8215 8209 8201 8211 8237 8263 8270 8279 8272 8270 8272 8275 8277 8280 8282 8279 8273 8269 8280 8291 8293 8303 8317 8327 8335 8353 8378 8411 8447 8369 8324 8329 8337 8348 8375 8391 8380 8368 8353 8347 8360 8376 8391 8382 8359 8344 8337 8344 8324 8274 8270 8247 8229 8212 8226 8174 8206 8203 8198 8190 8176 8173 8173 8171 8162 8124 8099 8069 8037 8020
8228 8244 8272 8263 8249 8227 8198 8178 8184 8187 8191 8195 8201 8207 8214 8204 8205 8260 8289 8277 8273 8274 8274 8274 8274 8275 8277 8275 8269 8266 8272 8271 8283 8296 8308 8312 8318 8321 8339 8367 8385 8403 8427 8396 8349 8351 8372 8408 8430 8390 8415 8403 8386 8384 8388 8395 8392 8381 8356 8344 8355 8338 8313 8273 8287 8245 8202 8181 8179 8159 8173 8195 8204 8213 8192 8180 8171 8160 8143 8109 8105 8081 8053 8043
8221 8211 8203 8232 8236 8220 8197 8178 8169 8175 8187 8193 8190 8195 8190 8184 8212 8283 8295 8277 8265 8265 8270 8273 8276 8278 8275 8277 8274 8274 8275 8280 8289 8301 8316 8337 8339 8352 8401 8390 8386 8388 8396 8391 8367 8391 8418 8433 8468 8494 8496 8470 8432 8393 8395 8401 8390 8367 8355 8333 8332 8323 8300 8273 8238 8238 8216 8184 8173 8177 8174 8183 8201 8217 8211 8190 8170 8147 8123 8105 8096 8092 8068 8065
8184 8180 8176 8223 8231 8218 8204 8193 8186 8188 8192 8200 8202 8196 8185 8188 8246 8288 8282 8266 8261 8262 8267 8274 8280 8287 8291 8288 8287 8285 8282 8290 8304 8309 8319 8336 8365 8397 8409 8404 8391 8389 8422 8438 8424 8483 8526 8530 8626 8630 8577 8547 8505 8431 8423 8414 8448 8429 8391 8336 8302 8302 8292 8259 8273 8271 8268 8251 8224 8202 8184 8180 8196 8212 8213 8194 8173 8142 8116 8099 8059 8057 8052 8045
