real_craters/C127-500m.grd
DSAA
157 157
-38.9025 38.9025
-38.9025 38.9025
6617.8995736427 8976.4335320023
[rows 0 to 29 of 157, columns 0 to 66 of 157]
7996.07 8000.61 8008.7 8021.63 8049.27 8157.8 8342.92 8399.73 8393.73 8367.9 8330.25 8299.09 8281.89 8275.27 8274.05 8274.34 8268.85 8262.74 8255.72 8249.16 8247.28 8245.08 8247.24 8248.27 8249.98 8251.29 8252.46 8253.14 8253.63 8254.13 8254.75 8255.8 8261.4 8265.96 8268.11 8267.24 8258.94 8242.47 8224.76 8212.5 8210.06 8222.62 8231.04 8231.74 8220.93 8184.13 8068.32 7975.7 7930.47 7895.58 7867.29 7840.55 7814.58 7790.14 7764.63 7739.59 7717.22 7702.25 7686.27 7682.23 7677.94 7675.44 7674.41 7673.66 7677.35 7695.46 7702.8
7997.43 8000.24 8005.18 8015.48 8046.2 8147.62 8332.03 8354.33 8353.74 8343.52 8323.2 8292.66 8274.39 8269.76 8266.39 8266.42 8261.08 8255.77 8251.84 8247.45 8246.79 8247.09 8249.56 8250.06 8251.16 8252.18 8252.81 8252.81 8252.85 8252.68 8252.84 8258.03 8262.2 8265.11 8267.85 8268.59 8265.87 8253.18 8239.16 8233.23 8231.19 8235.55 8239.4 8238.64 8232.61 8218.88 8061.11 7933.6 7887.56 7859.83 7836.25 7814.48 7791.99 7769.96 7750.03 7728.68 7709.26 7694.78 7683.21 7679.49 7676.07 7673.99 7672.85 7671.5 7678.76 7694.35 7701.25
7998.48 7999.62 8002.49 8008.34 8029.16 8088.55 8196.75 8265.33 8297.19 8314.39 8316.79 8293.26 8276.41 8271.06 8263.38 8254.21 8255.09 8256.57 8253.31 8247.81 8246.17 8246.99 8248.93 8251.79 8253.48 8254.35 8255.05 8254.81 8253.99 8252.6 8250.46 8252.32 8258.53 8263.45 8267.66 8270.67 8270.88 8265.52 8256.64 8248.23 8248.18 8249.02 8244.43 8234.09 8215.27 8166.21 8001.2 7891.33 7853.21 7828.2 7809.1 7790.55 7772.69 7757.28 7739.83 7723.14 7705.14 7690.1 7684.1 7682.27 7676.7 7674.47 7674.1 7675.49 7683.86 7694.59 7700.4
7998.19 7998.07 7998.67 8002.06 8014.39 8043.93 8096.79 8179.87 8238.46 8276.39 8305.09 8298.85 8290.81 8278.25 8265.18 8256.05 8254.03 8253.8 8251.57 8248.83 8245.02 8247.06 8252.24 8254.7 8256.45 8257.79 8258.01 8257.29 8255.84 8253.76 8251.62 8251 8255.71 8262.59 8267.81 8272.41 8276.62 8279.48 8277.62 8279.91 8271.81 8263.5 8247.93 8221.39 8184.04 8116.58 7975.53 7874.86 7836.15 7810.42 7791.03 7775.77 7760.87 7748.19 7733.82 7719.25 7705.12 7693.08 7687.97 7682.75 7679.69 7678.08 7674.4 7678.72 7685.43 7691.67 7695.85
7997.6 7998.6 7998.16 7997.87 8001.71 8012.18 8049.8 8129.02 8196.58 8241.35 8272 8291.95 8296.9 8283.94 8270.83 8260.26 8257.25 8253.81 8251.43 8248.91 8244.85 8247.79 8250.31 8254.29 8259.77 8261.6 8261.46 8260.23 8258.86 8257.09 8255.87 8250.53 8257.24 8266.2 8272.14 8276.3 8276.41 8281.21 8290.93 8289.57 8297.69 8287.52 8252.04 8203.13 8144.31 8084.57 7970.15 7880.13 7827.18 7794.68 7775.55 7759.97 7747.69 7739.37 7728.29 7719.76 7709.7 7701.66 7697.22 7702.01 7701.11 7690.08 7676.59 7676.9 7680.61 7689.69 7696.49
7995.64 7998.47 7999.89 7997.09 7995.51 7998.81 8035.7 8114.22 8184.84 8232.57 8260.44 8284.85 8292.29 8283.87 8277.42 8268.92 8266.42 8261.13 8255.52 8248.09 8248.64 8252.01 8257.33 8264.49 8266.99 8266.29 8264.84 8262.87 8260.67 8258.79 8257.58 8258.69 8265.72 8274.4 8283.22 8289.65 8291.54 8299.7 8309.77 8317.63 8334.61 8313.63 8255.98 8183.42 8095.33 7996.31 7933.8 7871.27 7818.34 7787.95 7769.92 7756.52 7748.53 7740.1 7734.72 7727.63 7723.02 7719.37 7728.09 7734.47 7734.08 7709.84 7687.67 7675.9 7677.07 7696.32 7715.14
7994.03 7994.13 7999.86 8005.16 8005.49 8006.88 8054.24 8136.85 8206.88 8258.97 8283.15 8283.38 8273.93 8281.7 8286.62 8284.96 8280.53 8274.11 8264.34 8252.32 8245.36 8255.57 8271.6 8278.26 8275.69 8272.24 8269.79 8267.84 8265.28 8261.68 8255.24 8259.1 8275.35 8291.82 8301.92 8311.45 8312.5 8312.89 8334.65 8344.73 8357.17 8328.23 8251.37 8161.9 8063.06 7961.36 7892.45 7832.98 7804.79 7784.02 7769.16 7761.54 7751.26 7743.54 7739.86 7736.5 7736.45 7740.49 7742.71 7741.69 7737.77 7722.29 7698.29 7674.94 7677.76 7709.71 7743.71
7994.2 7993.02 8009.95 8031.34 8052.37 8064.9 8120.48 8195.54 8251.94 8292.6 8303.15 8292.39 8277.79 8287.22 8301.62 8314.73 8309.37 8291.57 8274.7 8258.52 8260.56 8269.89 8278.48 8283.64 8278.81 8275.67 8273.55 8272.16 8270.9 8270.4 8270.9 8272.82 8287.42 8305.06 8318.53 8336.02 8345 8354.83 8363.48 8360.01 8362.09 8320.84 8233.63 8144.03 8055.87 7963.08 7888.3 7824.13 7793.55 7779.19 7766.63 7763.95 7757.55 7751.26 7747.41 7743.77 7741.49 7729.76 7729.08 7730.12 7729.17 7728.11 7713.52 7696.15 7708.22 7724.15 7741.75
7999.84 8004.32 8036.33 8075.66 8111.75 8161.04 8243.03 8280.32 8305.83 8324.73 8322.75 8308.46 8296.28 8302.82 8317.45 8331.94 8329.3 8307.81 8287.34 8275.79 8281.62 8285.3 8280.4 8278.51 8276.95 8276.29 8276.08 8276.78 8277.5 8278.54 8280.15 8287.09 8297.4 8311.33 8325.78 8354.72 8396.06 8416.29 8351.44 8323.34 8317.32 8268.77 8178.59 8114.03 8060.47 7993.71 7904.61 7836.01 7794.69 7772.9 7758.87 7758.28 7760.25 7756.9 7753.67 7752.87 7749.62 7736.38 7719.78 7716.47 7713.22 7717.71 7725.45 7727.55 7729.78 7729.86 7718.95
8011.76 8027.78 8081.11 8140.18 8192.64 8265.64 8358.65 8361.69 8355.31 8347.06 8340.83 8329.82 8319.05 8321.19 8331.9 8340.66 8336.09 8314.47 8296.91 8287.65 8283.18 8281.53 8278.12 8271.14 8275.25 8276.78 8278.56 8281.33 8284.85 8287.98 8293.76 8298.6 8301.2 8305.42 8313.46 8332.98 8364.01 8329.89 8224.78 8157 8105.53 8087.45 8081.88 8064.64 8025.7 7978.23 7911.35 7847.4 7797.7 7771.27 7757.36 7749.22 7750.41 7749.47 7754 7756.08 7755.71 7738.86 7713.99 7708.64 7705.55 7711.56 7727.83 7741.07 7748.38 7740.35 7711.67
8033.33 8066.88 8141.93 8220.93 8301.1 8381.57 8437.32 8412.58 8390.2 8375.6 8363.94 8355.07 8342.53 8341.26 8347.9 8347.47 8339.47 8318.88 8295.42 8284.94 8282.28 8280.45 8277.62 8279.8 8277.07 8276.76 8279.59 8283.96 8290.88 8300.76 8312.37 8308.87 8300.14 8290.28 8280.27 8262.52 8232.46 8135.62 8048.19 7996.66 7930.4 7943.54 8004.12 8046.4 8021.32 7980.91 7925.13 7842.61 7791.13 7768.39 7756.14 7751.11 7747.36 7747.43 7747.41 7751.19 7751.4 7732.23 7713.02 7707.35 7706.74 7709.52 7724.63 7737.11 7747.32 7738.97 7709.78
8076.52 8140.69 8212.75 8298.06 8391.36 8450.76 8441.05 8422.65 8405.08 8391.92 8386.12 8383.44 8379.2 8376.32 8369.46 8357.49 8344.94 8330.32 8303.54 8286.05 8282.22 8276.17 8272.88 8272.18 8271.1 8272.77 8277.34 8283.75 8291.82 8304.5 8319.3 8308.83 8291.35 8268.29 8235.94 8186 8110.99 8014.32 7948.13 7922.6 7909.4 7902.87 7975.6 8081.99 8177.88 8099.39 7972.54 7857.08 7792.5 7768.99 7757.39 7752.3 7749.96 7748.44 7748.17 7748.32 7743.75 7722.49 7714.01 7710.06 7707.32 7710.63 7714.43 7723.31 7725.72 7717.12 7703.22
8139.01 8210.09 8275.89 8348.57 8427.38 8442.21 8417.07 8410.05 8404.47 8402.22 8401.45 8409.34 8417.61 8418.37 8394.27 8366.83 8344.4 8331.48 8316.2 8301.59 8285.86 8276.63 8266.4 8255.33 8257.11 8267.75 8274.21 8280.56 8287.42 8292.16 8307.36 8299.73 8280.97 8251.81 8205.83 8136.96 8040.03 7965.2 7912.69 7889.38 7894.78 7881.8 7954.63 8093.03 8217.89 8150.84 8011.56 7881.3 7798.57 7773.62 7762.9 7758.06 7754.18 7753.55 7751.04 7748.16 7749.5 7734.26 7723.09 7716.06 7712.1 7711.69 7711.84 7711.91 7709.55 7702.7 7696.8
8218.73 8278.21 8321.62 8366.38 8405.56 8406.25 8396.35 8396.21 8395.89 8399.18 8409.46 8426.49 8441.16 8442.48 8409.68 8370.04 8334.35 8315.49 8309.98 8301.63 8280.21 8266.63 8257.98 8260.7 8267.72 8267.04 8270.51 8276.15 8283.12 8291.67 8289.17 8287.19 8273.36 8243.87 8199.34 8132.21 8042.07 7943.69 7867.02 7854.58 7869.28 7847.89 7925.41 8071.24 8165.69 8138.5 8028.94 7902.07 7812.8 7789.13 7775.94 7768.27 7763.27 7755.78 7751.25 7747.06 7747.69 7749.9 7732.95 7721.58 7715.16 7711.69 7706.45 7704.82 7702.54 7697.99 7698.74
8286.14 8331.54 8351.65 8366.03 8372.53 8372.46 8378.84 8388.34 8396.11 8403.55 8414 8433.63 8449.21 8453.03 8415.69 8370.4 8331.66 8304.15 8294.72 8282.19 8264.04 8244.21 8243.3 8255.23 8262.49 8262.58 8264.83 8268.75 8274.61 8280.01 8280 8279.26 8270.01 8248.71 8214.75 8159.46 8075.54 7960.63 7859.79 7833.65 7824.32 7819.84 7914.78 8079.82 8172.36 8148.9 8050.98 7934.35 7842.3 7814.21 7797.41 7783.06 7768.73 7759.21 7750.56 7742.46 7741.42 7739.46 7732.71 7722.69 7714.48 7711.56 7700.16 7702.25 7703.34 7704.32 7705.55
8364.94 8376.91 8371.43 8364.44 8354.26 8358.66 8370.25 8384.19 8398.87 8406.09 8412.91 8422.21 8440.01 8441.87 8406.37 8364.16 8323.9 8300.32 8284.12 8269.61 8252.77 8237.38 8235.25 8242.88 8248.57 8253.92 8255.58 8257.78 8261.94 8269.88 8278.53 8281.72 8277.68 8268.27 8250.54 8213.26 8137.05 8017.99 7896.22 7865.19 7845.86 7849.48 7955.61 8147.16 8246.97 8188.89 8093.26 7979.5 7886.25 7856.72 7835.03 7815.12 7793.08 7773.36 7754.5 7739.81 7731.72 7733.24 7730.46 7722.47 7711.28 7705.48 7706.51 7709.43 7711.02 7711.25 7717.13
8402.24 8394.31 8380 8365.4 8352.07 8353.13 8362.38 8376.97 8388.31 8399.26 8410.06 8415.98 8417.81 8408.37 8385.22 8356.1 8325.89 8299.94 8277.83 8262.85 8249.09 8235.68 8232.87 8242.33 8252.67 8247.86 8246.3 8248.01 8251.29 8261.75 8276.6 8281.46 8284.52 8286.88 8287.88 8285.54 8233.28 8118.26 8006.89 7979.76 7967.15 7975.53 8064.15 8224.64 8292.97 8223.44 8136.41 8038.67 7947.89 7919.41 7891.18 7859.06 7826.48 7794.03 7762.54 7738.52 7732.28 7735.59 7732.34 7726.91 7720.35 7717.83 7724.48 7725.36 7725.21 7726.27 7732.55
8396.08 8390.39 8379.38 8366.78 8357.22 8351.55 8356.27 8372.87 8385.65 8394.25 8397.39 8402.15 8398.94 8379.4 8367.04 8350.45 8328.08 8303.34 8277.8 8263.92 8252.49 8244.67 8241.6 8238.95 8239.62 8235.59 8235.02 8238.3 8248.52 8259.17 8270.66 8282.1 8288.95 8295.33 8304.98 8321.89 8295.66 8228.24 8185.74 8162.52 8154.38 8184.95 8229.53 8271.3 8279.49 8231.87 8173.25 8106.01 8051.06 8001.6 7955.24 7911.5 7867.15 7821.34 7776.27 7739.4 7734.42 7740.94 7737.95 7735.47 7738.49 7738.59 7746.1 7751.77 7751.61 7745.65 7752.55
8386.06 8380.9 8375.46 8368.21 8359.55 8357.82 8362.27 8374.04 8390.49 8392.36 8389.66 8392.33 8389.04 8387.17 8373.25 8347.47 8325.95 8310.95 8284.12 8269.29 8258.78 8249.54 8242.06 8234.19 8225.33 8223.24 8222.55 8223.88 8238.08 8253.63 8268.86 8280.21 8286.05 8291.17 8295.24 8295.04 8293.01 8289.02 8313.38 8297.94 8280.47 8320.85 8297.27 8259.09 8244.84 8229.39 8194.15 8155.78 8116.64 8068.39 8016.01 7967.03 7916.39 7862 7802.8 7745.64 7739.76 7751.3 7752.58 7749.39 7747.54 7752.3 7776.49 7796.82 7803.66 7798 7811.41
8372.22 8370.15 8370.92 8369.69 8367.67 8364.43 8363.97 8376.06 8390.85 8389 8385.37 8379.75 8375.68 8371.85 8361.55 8340.92 8319.49 8295.22 8283.95 8272.27 8261.11 8253.64 8246.17 8236.15 8224.13 8217.95 8214.65 8208.68 8193.7 8263.11 8272.18 8275.59 8278.25 8278.78 8276.7 8271.79 8278.61 8289.42 8295.48 8287.87 8282.03 8264.87 8252.13 8228.57 8221.6 8216.66 8203.27 8181.37 8150.32 8115.33 8070.36 8021.19 7971.94 7916.87 7853.32 7779.28 7755.68 7774.9 7788.33 7785.92 7775.2 7793.2 7838.41 7869.88 7888.45 7902.92 7939.93
8364.69 8366.4 8369.04 8371.86 8370.17 8368.97 8376.24 8378.36 8377.87 8373.22 8369.01 8363.97 8361.37 8353.35 8340.65 8332.93 8323.54 8300.22 8290.05 8274.11 8265.77 8263.3 8252.61 8242.33 8228.4 8219.87 8214.75 8214.71 8240.21 8253.6 8263.06 8265.36 8265.72 8263.56 8260.04 8256.8 8263.05 8269.53 8267.26 8261.4 8258.06 8247.04 8236.02 8227.27 8217.33 8211.85 8208.3 8200.43 8189.25 8162.72 8116.72 8073.26 8030.87 7987.03 7938.28 7878.47 7817.34 7832.95 7859.54 7878.18 7888.77 7926.32 7943.74 7969.03 7992.88 8023.41 8071.69
8363.33 8367.24 8366.69 8366.13 8366.27 8365.26 8366.05 8366.22 8365.07 8362.62 8359.21 8355.04 8349.63 8339.78 8330.21 8323.93 8321.5 8314.37 8286.99 8285.38 8289.92 8271.01 8259.8 8243.51 8229.71 8220.29 8216.4 8218.7 8224.6 8228.44 8244.15 8250.47 8250.93 8250.09 8246.44 8243.25 8249.13 8252.87 8251.82 8247.33 8241.77 8232.52 8234.02 8226.82 8216.71 8210.89 8208.53 8206.31 8204.47 8187.39 8150.76 8116.54 8086.2 8060.36 8036.03 7998.19 7913.87 7922.23 7955.86 7998.34 8032.8 8049.32 8065.85 8074.48 8094.05 8129.1 8177.91
8361.31 8365.13 8363.87 8359.86 8358.86 8358.56 8358.48 8374.15 8358.09 8348.78 8346.55 8343.53 8338.43 8331.28 8321.89 8317.3 8307.05 8292.8 8270.57 8274.9 8269.5 8262.16 8250.11 8236.34 8224.62 8218.23 8215.85 8216.91 8221.18 8226.76 8234.11 8238.21 8240.27 8239.73 8238.23 8236.91 8241.25 8243.12 8240.33 8231 8233.54 8233.16 8235.01 8227.02 8214.68 8209.88 8208.09 8207.19 8202.33 8189.95 8168.41 8147.67 8130.99 8119.95 8116.32 8102.55 8024.85 8022.43 8051.11 8095.78 8126.92 8141.76 8158.85 8160.08 8171.59 8201.59 8245.27
8362.88 8366.54 8362.83 8358.61 8355.46 8355.15 8357.81 8380.23 8329.11 8334.16 8333.41 8335.36 8334.12 8333.21 8330.39 8328.38 8312.84 8294.4 8278.28 8269.78 8262.73 8253.32 8238.17 8226.16 8219.98 8216.56 8214.45 8214.41 8218.08 8224.54 8228.62 8231.67 8232.98 8232.75 8232.45 8233.8 8235.3 8238.18 8239.02 8240.76 8234.18 8229.58 8223.84 8213.33 8208.62 8206.05 8203.31 8200.44 8196.49 8188.88 8178.43 8169.9 8163.68 8160.26 8160.29 8150.4 8116.18 8108.12 8125.01 8160.58 8188.72 8203.46 8214.34 8212.6 8219.86 8237.97 8257.34
8365.98 8371.14 8363.49 8351.66 8354.11 8354.38 8353.21 8366.13 8354.62 8330.63 8325.6 8326.79 8329.1 8334.23 8344.46 8337.92 8332.77 8294.32 8270.79 8264.45 8263.34 8248.73 8228.3 8215.12 8214.38 8213.54 8214.43 8213.99 8214.64 8219.74 8224.64 8225.88 8223.79 8224.35 8223.67 8225.63 8230.85 8235.14 8239.49 8240.47 8234.21 8221.73 8206.91 8196.92 8199.08 8199.41 8197.34 8193.49 8189.2 8184.67 8181.9 8181.12 8181.86 8183.27 8182.38 8180.66 8176.36 8168.3 8174.34 8187.35 8216.9 8233.95 8232.68 8239.31 8245.38 8252.57 8254.37
8366.08 8373.52 8366.93 8361.66 8358.73 8357.27 8352.56 8343.43 8323.55 8320.32 8317.68 8317.58 8318.63 8320.62 8319.05 8307.51 8286.91 8260.95 8246.24 8252.66 8254.91 8243.72 8223.97 8212.16 8213.09 8218.55 8216.59 8215.52 8221.86 8222.77 8221.59 8220.42 8220.18 8220.01 8221.28 8223.83 8227.69 8233.12 8238.55 8242.31 8235.25 8220.31 8207.63 8198.07 8195.77 8194.52 8192.63 8189.16 8184.77 8180.51 8181.88 8187.2 8192.68 8197.4 8200.89 8207.76 8208.12 8205.62 8210.21 8222.46 8236.05 8248.54 8259.34 8257.68 8258.51 8263.14 8267
8359.12 8362.63 8364.22 8363.55 8364.53 8363.67 8363.87 8347.86 8311.57 8312.2 8311.88 8310.25 8305.29 8301.6 8295.86 8275.01 8251.56 8241.26 8237.95 8244.35 8248.99 8239.02 8220.34 8208.38 8210.01 8215.23 8214.12 8214.5 8225.03 8224.1 8220.9 8219.34 8217.07 8214.69 8211.67 8217.22 8223.9 8230.33 8236.04 8240.38 8235.02 8221.47 8207.16 8195.51 8193.87 8192.18 8190.38 8188.4 8184.19 8178.32 8183.22 8191.29 8198.05 8204.55 8211.41 8216.47 8223.34 8229.71 8235.68 8239.73 8246.55 8253.46 8257.32 8260.02 8264.25 8268.43 8273.53
8349.32 8355.58 8367.49 8373.39 8370.63 8367.01 8370.35 8373.5 8337.3 8320.72 8312.74 8305.94 8297.76 8286.64 8274.17 8255.6 8246.52 8241.32 8238.35 8241.44 8239.54 8229.39 8213.52 8202.48 8205.6 8209.47 8210.27 8207.02 8214.62 8219.63 8219.26 8217.73 8214.46 8211.21 8209.39 8213.72 8221.07 8227.7 8232.94 8235.14 8231.75 8224.09 8211.84 8203.02 8197.55 8194.57 8193.09 8191.64 8190.51 8190.56 8193.84 8198.83 8203.75 8209.24 8215.42 8222.18 8235.06 8248.76 8260.77 8264.84 8254.99 8257.94 8259.24 8263.83 8270.02 8273.5 8271.84
8339.67 8349.31 8376.62 8383.69 8371.54 8361.08 8351.88 8364.93 8350.68 8324.09 8306.56 8294.9 8283.08 8270.94 8256.88 8242.71 8241.5 8240.62 8243.55 8241.73 8230.44 8218.22 8208.17 8203.01 8205.42 8213.03 8213.13 8209.52 8210.49 8216.44 8218.78 8217.82 8214.66 8210.97 8206.63 8213.14 8220 8225.76 8230.16 8231.17 8229.89 8229.97 8227.6 8210.73 8201.86 8199.6 8198.99 8199.17 8200.94 8205.68 8208.5 8207.29 8208.39 8211.45 8217.29 8227.03 8246.78 8265.3 8281.65 8284.9 8270.68 8267.93 8270.34 8274.15 8277.31 8280.47 8281.82
8329.91 8341.18 8365.85 8372.57 8364.46 8353.56 8341.15 8356.98 8340.72 8317.19 8299.49 8284.62 8270.11 8257.39 8245.06 8237.18 8229.42 8233.61 8239.32 8236.44 8221.18 8208.15 8204.29 8203.29 8205.21 8207.57 8204.82 8201.73 8211.59 8220.41 8221.51 8219.83 8216.94 8213.65 8211.58 8214.9 8220.32 8225.01 8229.72 8232.41 8234.43 8231.82 8231.1 8216.13 8206.85 8205.59 8205.78 8206.68 8209.83 8214.97 8216.7 8213.2 8213.01 8215.93 8221.07 8242.23 8259.79 8276.36 8293.15 8295.51 8282.23 8276.83 8278.24 8282.1 8283.64 8285.55 8284.44
