real_craters/C127-750m.grd
DSAA
105 105
-38.9025 38.9025
-38.9025 38.9025
6617.8995687294 8933.1502762632
[rows 38 to 75 of 105, columns 0 to 83 of 105]
8153 8164 8183 8209 8218 8213 8211 8214 8221 8208 8207 8209 8206 8216 8240 8256 8286 8293 8280 8270 8254 8258 8267 8275 8283 8289 8294 8297 8300 8304 8297 8316 8326 8326 8347 8367 8388 8416 8431 8434 8423 8418 8502 8570 8605 8658 8696 8756 8771 8688 8597 8570 8651 8629 8585 8634 8567 8554 8494 8344 8290 8310 8319 8302 8298 8276 8255 8235 8211 8200 8188 8185 8195 8202 8205 8196 8178 8162 8124 8076 8047 8029 8031 8021
8146 8148 8160 8177 8191 8203 8206 8209 8206 8218 8229 8239 8249 8262 8274 8276 8277 8281 8274 8266 8257 8265 8271 8278 8285 8291 8298 8305 8311 8315 8319 8322 8332 8353 8376 8413 8420 8447 8478 8494 8505 8500 8645 8734 8841 8815 8748 8801 8719 8598 8471 8431 8451 8408 8359 8428 8512 8699 8610 8535 8445 8395 8390 8351 8289 8252 8250 8242 8211 8193 8193 8193 8200 8212 8213 8199 8182 8151 8126 8092 8057 8032 8027 8019
8150 8144 8149 8172 8190 8197 8198 8199 8210 8237 8259 8277 8299 8304 8296 8290 8280 8270 8260 8275 8288 8278 8278 8283 8290 8297 8303 8310 8318 8333 8331 8335 8347 8371 8419 8425 8416 8437 8491 8563 8642 8721 8804 8798 8818 8715 8558 8437 8373 8273 8218 8170 8126 8098 8082 8077 8204 8343 8415 8495 8598 8650 8480 8362 8295 8287 8286 8244 8226 8217 8206 8199 8199 8204 8209 8198 8188 8179 8142 8106 8075 8051 8039 8038
8180 8162 8163 8181 8199 8190 8183 8188 8220 8268 8288 8304 8323 8321 8300 8279 8268 8264 8267 8273 8276 8278 8281 8287 8295 8306 8309 8313 8318 8321 8329 8338 8355 8375 8423 8443 8458 8408 8495 8620 8765 8933 8905 8720 8551 8389 8261 8105 8034 7977 7947 7888 7831 7829 7823 7793 7849 7956 8031 8119 8311 8474 8442 8357 8308 8301 8282 8257 8255 8227 8213 8197 8193 8185 8185 8191 8187 8173 8149 8118 8088 8058 8047 8050
8161 8160 8166 8177 8186 8179 8173 8176 8232 8287 8300 8316 8339 8337 8301 8276 8267 8266 8268 8277 8276 8277 8285 8292 8300 8309 8315 8319 8321 8322 8337 8363 8361 8373 8426 8473 8482 8410 8504 8638 8783 8851 8705 8535 8331 8152 8012 7856 7784 7809 7713 7622 7556 7566 7585 7489 7521 7614 7681 7784 7956 8230 8327 8361 8364 8329 8290 8261 8265 8244 8222 8204 8196 8196 8200 8191 8184 8172 8151 8127 8100 8060 8057 8049
8157 8167 8172 8175 8176 8171 8168 8168 8204 8272 8294 8316 8328 8324 8301 8276 8273 8276 8284 8292 8271 8278 8288 8298 8305 8311 8321 8328 8332 8340 8357 8377 8374 8398 8435 8496 8515 8468 8526 8618 8699 8625 8468 8328 8154 7988 7832 7709 7629 7552 7486 7388 7319 7339 7338 7310 7334 7407 7491 7510 7626 7920 8180 8359 8455 8386 8300 8301 8274 8250 8226 8212 8196 8184 8182 8186 8185 8172 8153 8127 8097 8068 8067 8049
8192 8186 8187 8182 8169 8171 8174 8193 8199 8248 8280 8302 8318 8322 8314 8301 8292 8291 8295 8301 8289 8288 8295 8304 8314 8322 8330 8337 8345 8357 8374 8393 8395 8413 8452 8487 8507 8517 8550 8583 8582 8442 8300 8142 7975 7812 7658 7543 7445 7390 7311 7214 7157 7169 7203 7197 7206 7240 7301 7259 7334 7659 8023 8329 8531 8478 8355 8324 8291 8246 8232 8218 8196 8190 8191 8194 8196 8182 8153 8123 8092 8064 8069 8047
8206 8220 8209 8201 8192 8193 8192 8207 8229 8250 8277 8300 8318 8328 8327 8333 8320 8304 8301 8305 8301 8300 8306 8314 8328 8339 8343 8350 8359 8371 8383 8403 8405 8434 8474 8495 8544 8593 8577 8557 8513 8412 8193 7994 7804 7619 7467 7342 7300 7240 7161 7073 7029 7029 7040 7040 7051 7070 7054 7012 7105 7437 7840 8220 8537 8397 8415 8389 8324 8266 8297 8261 8222 8219 8218 8207 8200 8181 8153 8123 8098 8077 8056 8043
8209 8223 8228 8232 8233 8230 8237 8240 8256 8264 8282 8310 8331 8342 8353 8361 8342 8309 8300 8303 8306 8306 8311 8320 8329 8342 8352 8362 8374 8384 8397 8410 8424 8473 8508 8552 8600 8610 8590 8534 8443 8304 8073 7852 7637 7433 7268 7157 7096 7070 7025 6966 6931 6914 6886 6868 6882 6924 7011 7043 6973 7243 7634 8012 8322 8333 8348 8321 8277 8246 8376 8334 8305 8292 8267 8234 8203 8179 8152 8121 8090 8064 8046 8041
8198 8212 8250 8276 8277 8283 8294 8284 8280 8270 8299 8327 8350 8372 8377 8362 8346 8309 8301 8311 8308 8309 8317 8327 8334 8346 8361 8373 8386 8398 8415 8412 8420 8482 8510 8554 8567 8609 8601 8520 8361 8114 7919 7710 7490 7264 7125 7043 6987 6964 6940 6910 6891 6854 6789 6742 6755 6838 6974 7023 6975 7145 7440 7768 8061 8373 8357 8231 8208 8202 8303 8374 8429 8391 8337 8295 8242 8194 8154 8121 8101 8077 8062 8038
8210 8241 8293 8353 8402 8421 8387 8364 8325 8323 8328 8348 8374 8396 8393 8367 8359 8327 8312 8316 8311 8309 8322 8334 8346 8358 8370 8383 8396 8412 8429 8429 8446 8484 8482 8476 8551 8659 8639 8531 8329 7972 7783 7596 7398 7209 7076 6998 6953 6953 6979 6971 6936 6868 6768 6683 6708 6782 6930 6944 6970 7053 7254 7561 7847 8170 8329 8276 8165 8221 8254 8356 8426 8426 8363 8315 8256 8201 8153 8113 8091 8083 8065 8043
8227 8266 8355 8449 8533 8562 8503 8432 8383 8359 8350 8368 8395 8419 8420 8393 8373 8340 8314 8321 8325 8322 8332 8345 8355 8368 8381 8393 8406 8418 8430 8448 8475 8478 8476 8473 8618 8737 8676 8534 8279 7909 7698 7514 7339 7179 7067 7008 6962 6993 7083 7116 7043 6942 6836 6747 6668 6680 6729 6765 6845 6972 7161 7436 7720 8038 8333 8280 8197 8201 8269 8331 8371 8370 8327 8279 8234 8193 8149 8108 8091 8103 8066 8041
8251 8306 8427 8540 8646 8708 8607 8506 8423 8358 8353 8380 8409 8438 8445 8422 8395 8374 8355 8347 8348 8342 8348 8360 8377 8380 8389 8398 8408 8419 8431 8451 8454 8473 8519 8576 8642 8773 8706 8512 8179 7847 7648 7469 7307 7169 7073 7024 7004 7066 7213 7233 7136 7022 6918 6826 6705 6651 6667 6726 6835 6959 7160 7384 7635 7994 8391 8260 8184 8244 8297 8303 8282 8285 8278 8249 8215 8187 8153 8116 8093 8081 8053 8044
8260 8404 8509 8612 8701 8744 8644 8544 8461 8401 8377 8395 8418 8441 8451 8436 8425 8404 8380 8376 8372 8358 8364 8372 8375 8392 8402 8409 8417 8425 8435 8455 8471 8492 8541 8593 8644 8818 8735 8496 8112 7828 7631 7452 7288 7150 7046 7003 7009 7066 7162 7260 7163 7065 6974 6886 6755 6659 6630 6651 6761 6949 7145 7382 7614 7979 8342 8291 8192 8254 8330 8289 8235 8225 8247 8259 8227 8199 8169 8136 8114 8096 8101 8053
8293 8415 8574 8662 8715 8721 8651 8572 8488 8405 8407 8421 8435 8437 8438 8447 8446 8425 8401 8410 8410 8385 8385 8399 8411 8408 8413 8420 8426 8432 8438 8454 8463 8476 8517 8546 8621 8804 8725 8469 8114 7832 7630 7441 7273 7119 6996 6955 6967 6997 7043 7116 7100 7051 6995 6920 6782 6640 6618 6638 6755 6981 7213 7439 7662 7965 8344 8362 8233 8271 8324 8286 8198 8206 8231 8265 8255 8216 8187 8171 8141 8121 8066 8037
8346 8528 8661 8700 8719 8713 8673 8611 8548 8492 8463 8479 8479 8464 8460 8464 8452 8431 8403 8426 8445 8419 8413 8412 8416 8420 8424 8428 8433 8439 8442 8444 8451 8462 8500 8537 8639 8785 8702 8404 8091 7841 7639 7442 7257 7086 6941 6909 6917 6948 6968 6995 7007 7000 6983 6967 6843 6706 6684 6752 6862 7075 7304 7537 7760 7956 8277 8329 8323 8329 8328 8260 8204 8170 8212 8257 8246 8213 8187 8169 8144 8116 8046 8009
8361 8537 8681 8709 8719 8711 8691 8649 8620 8610 8581 8579 8567 8527 8511 8475 8448 8431 8415 8441 8471 8459 8449 8435 8431 8435 8439 8443 8447 8450 8453 8449 8462 8478 8498 8525 8647 8789 8708 8365 8079 7842 7633 7447 7259 7081 6933 6871 6867 6863 6878 6891 6924 6945 6949 6936 6892 6855 6854 6894 7020 7211 7422 7649 7859 8010 8167 8357 8340 8330 8306 8236 8217 8159 8198 8228 8217 8191 8173 8149 8131 8099 8048 8034
8384 8478 8634 8700 8711 8701 8679 8666 8665 8685 8696 8694 8688 8652 8558 8511 8471 8433 8444 8452 8458 8479 8482 8470 8456 8452 8455 8459 8464 8468 8471 8475 8470 8489 8519 8529 8644 8777 8713 8373 8053 7849 7660 7470 7280 7093 6932 6855 6845 6844 6834 6825 6865 6903 6920 6913 6908 6973 7029 7082 7195 7353 7548 7763 7984 8001 8104 8260 8316 8348 8233 8135 8176 8179 8211 8209 8163 8167 8169 8156 8127 8092 8060 8049
8422 8530 8663 8710 8716 8712 8670 8667 8671 8691 8763 8777 8802 8837 8765 8689 8604 8511 8477 8461 8444 8476 8489 8457 8462 8460 8458 8462 8468 8477 8484 8481 8464 8478 8517 8546 8642 8728 8664 8391 8070 7887 7710 7520 7324 7129 6952 6866 6848 6841 6827 6818 6859 6908 6948 6973 7013 7099 7129 7160 7296 7481 7685 7867 7967 8011 8139 8255 8229 8152 8095 8126 8199 8263 8250 8215 8152 8163 8174 8169 8133 8098 8071 8067
8496 8611 8715 8714 8710 8717 8680 8659 8658 8669 8721 8784 8839 8899 8932 8927 8784 8702 8584 8512 8477 8485 8497 8479 8467 8459 8455 8455 8461 8473 8491 8501 8489 8521 8560 8568 8643 8718 8712 8460 8163 7980 7795 7599 7401 7200 7022 6911 6877 6854 6833 6825 6887 6961 7027 7089 7157 7235 7247 7254 7390 7601 7810 7964 8059 8227 8167 8130 8136 8117 8204 8214 8253 8303 8279 8228 8203 8187 8179 8164 8137 8109 8086 8075
8581 8659 8709 8692 8670 8655 8644 8638 8640 8655 8700 8747 8795 8844 8868 8851 8838 8829 8709 8602 8526 8514 8529 8507 8468 8447 8439 8441 8450 8463 8483 8506 8512 8527 8564 8576 8634 8702 8756 8600 8320 8111 7903 7697 7496 7304 7131 6992 6944 6912 6882 6888 6965 7047 7125 7202 7304 7331 7353 7395 7545 7744 7917 8045 8211 8448 8200 8042 8109 8186 8227 8259 8287 8308 8290 8263 8241 8218 8184 8159 8142 8120 8100 8077
8652 8682 8684 8647 8616 8603 8615 8609 8616 8631 8646 8660 8708 8732 8755 8762 8790 8825 8756 8665 8578 8535 8525 8484 8434 8418 8416 8420 8428 8438 8448 8461 8487 8518 8554 8575 8608 8649 8697 8758 8488 8240 8015 7802 7600 7406 7232 7096 7053 7043 7059 7057 7094 7161 7236 7309 7378 7435 7483 7560 7754 7920 8049 8152 8342 8391 8153 8115 8177 8238 8326 8376 8324 8317 8287 8258 8263 8248 8214 8176 8146 8123 8105 8080
8680 8681 8649 8605 8577 8562 8558 8579 8590 8594 8590 8578 8632 8678 8682 8697 8707 8719 8690 8619 8565 8504 8436 8370 8358 8371 8381 8394 8409 8421 8431 8449 8467 8501 8534 8558 8568 8573 8576 8649 8518 8312 8109 7905 7707 7519 7348 7225 7189 7207 7242 7219 7239 7300 7359 7408 7443 7485 7512 7689 8003 8108 8217 8293 8496 8310 8200 8228 8278 8335 8410 8373 8310 8309 8300 8275 8272 8258 8232 8183 8139 8110 8096 8077
8684 8679 8644 8583 8559 8552 8564 8569 8567 8558 8544 8536 8541 8546 8596 8624 8623 8598 8587 8571 8516 8432 8298 8254 8280 8320 8343 8366 8388 8406 8418 8450 8484 8501 8536 8562 8550 8519 8471 8482 8465 8351 8203 8017 7833 7633 7476 7355 7339 7388 7414 7386 7398 7453 7513 7557 7571 7599 7635 7822 8041 8238 8382 8513 8414 8301 8267 8305 8371 8426 8425 8314 8273 8288 8297 8269 8248 8226 8193 8153 8113 8081 8062 8065
8695 8671 8625 8578 8560 8546 8563 8563 8547 8526 8502 8526 8516 8494 8525 8545 8557 8580 8545 8509 8420 8301 8228 8203 8232 8267 8298 8325 8358 8394 8426 8432 8470 8507 8558 8573 8555 8519 8468 8440 8444 8373 8267 8121 7958 7810 7657 7521 7506 7558 7559 7544 7560 7621 7679 7751 7852 7820 7875 8018 8213 8369 8488 8561 8487 8397 8329 8371 8405 8396 8358 8264 8246 8247 8247 8235 8205 8168 8131 8109 8078 8049 8021 8030
8708 8668 8621 8588 8572 8556 8557 8551 8531 8508 8492 8502 8506 8491 8487 8488 8502 8528 8516 8456 8368 8262 8221 8195 8207 8237 8268 8298 8331 8373 8438 8435 8448 8485 8572 8579 8565 8551 8552 8543 8496 8417 8324 8223 8092 7936 7843 7722 7706 7772 7768 7759 7770 7816 7845 7883 7944 8013 8079 8207 8355 8464 8534 8558 8462 8442 8389 8337 8333 8311 8263 8221 8221 8217 8218 8202 8172 8127 8093 8071 8046 8021 8003 8017
8714 8671 8634 8600 8570 8554 8551 8543 8519 8495 8470 8462 8466 8470 8469 8465 8462 8466 8466 8464 8390 8276 8225 8192 8202 8224 8254 8281 8305 8336 8381 8461 8476 8493 8550 8573 8571 8573 8591 8637 8546 8471 8411 8359 8289 8171 8092 7994 7954 7959 7979 8013 8079 8028 8000 7997 8047 8193 8214 8339 8462 8524 8540 8504 8438 8469 8330 8320 8301 8265 8233 8213 8188 8196 8196 8176 8158 8145 8080 8053 8024 7995 7986 8006
8710 8671 8634 8601 8571 8548 8537 8520 8512 8491 8467 8451 8447 8452 8457 8455 8452 8472 8498 8489 8422 8297 8233 8196 8201 8225 8250 8275 8295 8310 8371 8455 8465 8465 8520 8533 8553 8567 8571 8584 8540 8496 8478 8483 8525 8522 8357 8234 8165 8187 8168 8213 8239 8211 8154 8097 8146 8241 8349 8500 8565 8566 8520 8454 8376 8341 8335 8318 8265 8228 8194 8174 8171 8182 8180 8148 8142 8131 8090 8055 8019 7986 7976 7975
8701 8669 8637 8603 8568 8550 8545 8541 8519 8497 8477 8461 8448 8451 8456 8460 8464 8483 8497 8486 8426 8311 8237 8201 8210 8236 8266 8290 8308 8309 8320 8419 8449 8454 8478 8499 8520 8536 8509 8478 8482 8481 8490 8522 8580 8599 8502 8412 8335 8245 8298 8358 8387 8384 8346 8314 8429 8573 8647 8688 8600 8530 8456 8411 8392 8353 8326 8296 8225 8216 8196 8188 8164 8164 8145 8125 8126 8109 8094 8061 8024 7993 7979 7976
8691 8666 8642 8626 8595 8567 8556 8545 8523 8506 8489 8469 8460 8460 8464 8472 8491 8490 8484 8484 8451 8348 8268 8225 8231 8260 8292 8323 8356 8385 8427 8450 8447 8448 8469 8485 8490 8475 8427 8387 8411 8453 8482 8505 8528 8532 8534 8513 8493 8410 8369 8380 8469 8498 8538 8598 8705 8763 8687 8630 8544 8480 8439 8423 8440 8383 8307 8268 8256 8251 8249 8240 8209 8147 8128 8130 8131 8137 8116 8066 8029 8005 7988 7978
8688 8665 8645 8618 8618 8595 8569 8532 8530 8522 8507 8490 8471 8469 8469 8473 8469 8487 8496 8499 8489 8435 8351 8279 8276 8303 8333 8369 8411 8470 8496 8467 8445 8451 8468 8476 8470 8461 8446 8379 8402 8450 8467 8467 8470 8497 8525 8542 8514 8480 8417 8354 8435 8529 8629 8740 8566 8539 8499 8451 8476 8485 8445 8426 8439 8381 8332 8333 8329 8289 8238 8216 8176 8155 8158 8157 8137 8120 8094 8060 8024 7995 7982 7969
8700 8679 8653 8631 8644 8622 8598 8580 8562 8547 8531 8514 8488 8477 8471 8473 8486 8492 8493 8497 8498 8489 8415 8344 8338 8356 8377 8407 8444 8481 8475 8454 8432 8439 8465 8457 8456 8459 8511 8504 8507 8488 8476 8455 8398 8446 8511 8563 8615 8562 8478 8451 8472 8510 8562 8600 8473 8455 8432 8390 8429 8461 8438 8420 8397 8360 8334 8324 8315 8279 8231 8202 8182 8175 8169 8154 8138 8101 8072 8053 8025 7990 7987 7976
8718 8698 8677 8664 8646 8643 8631 8614 8596 8573 8550 8527 8505 8479 8465 8461 8468 8481 8498 8501 8483 8489 8449 8428 8420 8409 8415 8429 8450 8466 8444 8437 8429 8439 8446 8458 8458 8468 8515 8553 8550 8511 8500 8502 8493 8493 8514 8536 8559 8544 8483 8441 8432 8438 8437 8424 8478 8505 8473 8433 8426 8414 8410 8384 8369 8324 8320 8309 8286 8253 8218 8195 8182 8164 8175 8172 8141 8123 8070 8061 8056 8023 8011 7999
8735 8732 8718 8700 8679 8667 8659 8655 8635 8597 8559 8518 8483 8468 8453 8439 8430 8441 8455 8455 8447 8439 8443 8463 8457 8442 8440 8445 8450 8446 8443 8432 8421 8416 8427 8441 8463 8484 8486 8495 8492 8497 8510 8546 8615 8545 8508 8493 8474 8468 8462 8455 8422 8383 8396 8410 8448 8513 8520 8469 8452 8466 8435 8392 8375 8329 8312 8300 8271 8234 8213 8192 8190 8192 8172 8155 8122 8087 8070 8074 8084 8074 8032 8011
8728 8707 8713 8723 8695 8691 8687 8680 8656 8608 8565 8529 8488 8461 8444 8425 8409 8410 8419 8424 8432 8433 8469 8461 8446 8449 8449 8452 8452 8447 8441 8429 8425 8422 8420 8434 8473 8481 8467 8463 8461 8474 8487 8501 8503 8508 8484 8457 8418 8424 8434 8433 8419 8414 8396 8406 8428 8453 8504 8471 8449 8444 8431 8431 8383 8331 8319 8299 8265 8236 8218 8200 8195 8169 8154 8135 8109 8090 8087 8092 8098 8086 8032 8012
8705 8654 8639 8720 8730 8736 8713 8686 8655 8606 8559 8520 8481 8462 8447 8429 8409 8401 8415 8423 8433 8440 8465 8461 8452 8453 8454 8455 8456 8451 8436 8420 8410 8406 8416 8433 8454 8480 8459 8446 8435 8446 8453 8452 8449 8460 8456 8446 8435 8409 8420 8421 8404 8365 8392 8391 8394 8413 8416 8432 8440 8453 8463 8449 8406 8363 8344 8312 8274 8265 8233 8213 8172 8151 8147 8140 8123 8108 8115 8120 8115 8090 8032 8007
8674 8584 8506 8526 8767 8764 8728 8682 8631 8593 8547 8516 8496 8476 8459 8442 8424 8415 8422 8439 8444 8457 8456 8455 8456 8455 8453 8454 8454 8440 8423 8414 8404 8406 8414 8426 8432 8453 8447 8437 8439 8432 8431 8425 8425 8441 8444 8433 8429 8445 8419 8389 8362 8362 8393 8371 8368 8394 8423 8421 8422 8449 8444 8423 8394 8413 8381 8349 8320 8273 8243 8223 8188 8165 8168 8175 8173 8162 8155 8145 8133 8079 8020 8001
8655 8539 8422 8397 8625 8723 8703 8663 8624 8582 8548 8547 8520 8500 8474 8462 8442 8433 8423 8427 8448 8490 8459 8449 8463 8453 8448 8446 8443 8437 8426 8418 8409 8405 8411 8416 8427 8428 8427 8423 8416 8416 8416 8423 8430 8440 8448 8441 8434 8443 8411 8383 8370 8391 8392 8339 8352 8383 8402 8397 8398 8419 8439 8409 8423 8429 8398 8354 8303 8273 8239 8224 8214 8205 8192 8185 8192 8182 8159 8122 8078 8030 8002 8000
