real_craters/C127-500m.grd
DSAA
157 157
-38.9025 38.9025
-38.9025 38.9025
6617.8995736427 8976.4335320023
[rows 120 to 149 of 157, columns 67 to 133 of 157]
8488.91 8492.71 8497.27 8501.19 8498.41 8490.59 8482.18 8468.66 8460.97 8456.81 8448.14 8436.12 8422.17 8405.35 8373.36 8400.52 8407.99 8408.83 8414.92 8413.88 8410.83 8413.12 8409.85 8403.53 8400.75 8388.88 8394.82 8385.73 8376.1 8360.75 8342.82 8325.67 8319.51 8316.63 8298.28 8275.01 8244.94 8227.3 8196.48 8228.77 8238.27 8229.98 8207.36 8201.63 8197.05 8157.89 8116.22 8094.45 8079.19 8062.43 8048.91 8039.45 8028.33 8009.03 8003.89 8000.01 7996.01 7990.29 7985.37 7983.19 7981.15 7978.71 7975.96 7978.58 7988.96 8000.77 8010.28
8494.21 8497.36 8500.63 8504.71 8502.12 8495.75 8489.46 8482.36 8478.35 8473.84 8468.39 8461.78 8447.56 8417.87 8413.56 8411.66 8432.52 8444.82 8439.11 8434.42 8430.53 8430.63 8423.59 8416.87 8415.81 8412.45 8397.66 8381.57 8373.68 8367.36 8369.09 8379 8388.18 8359.92 8334.2 8312.6 8300.98 8283.32 8287.21 8277.14 8277.49 8263.06 8224.19 8194.31 8177.35 8147.21 8117.28 8095.86 8079.36 8062.44 8046.79 8029.65 8013.28 8000.09 7997.41 7996.04 7992.75 7987.83 7983.9 7985.25 7985.3 7984.21 7983.06 7976.46 7985.55 7996.95 8004.41
8495.99 8498.31 8501.42 8502.71 8501.24 8497.56 8495.39 8495.5 8494.26 8487.92 8485.46 8487.93 8494.57 8460.81 8418.25 8415.77 8448.56 8464.9 8460.99 8456.24 8447.33 8429.23 8414.36 8421.32 8414.32 8411.48 8404.34 8382.98 8365.27 8369.7 8384.91 8403.86 8415.76 8385.96 8358.12 8345.71 8332.13 8314.2 8305.85 8300.25 8303.81 8292.5 8250.25 8202.66 8172.55 8140.24 8121.65 8100.1 8081.36 8064.06 8045.79 8025.36 8002.92 7995.51 7993.91 7993.37 7993.03 7991.27 7988.73 7990.94 7991.65 7990.81 7985.16 7976.71 7986.76 7995.86 8003.75
8496.55 8496.91 8498.48 8503.86 8498.1 8495.63 8495.8 8498.94 8501.9 8493.86 8491.18 8495.32 8506.51 8499.01 8462.94 8448.43 8449.08 8467.81 8481.02 8482.96 8476.1 8461.6 8449.62 8442.83 8419.27 8434.05 8431.07 8394.78 8366.38 8373.18 8390.87 8408.69 8413.53 8392.83 8359.63 8332.36 8326 8312.58 8296.16 8299.13 8303.39 8292.44 8253.75 8193.74 8161.55 8140.45 8119.86 8102.74 8083.89 8068.88 8050.64 8029.76 8008.19 7997.82 7993.02 7992.34 7995.33 8002.48 8003.76 7998.88 7998 7999.48 8000.8 7991.54 7994.93 7996.85 7995.86
8495.9 8492.45 8488.22 8485.48 8488.36 8488.76 8489.55 8492.43 8494.72 8488.03 8485.51 8486.68 8484.49 8494.29 8513.41 8509.31 8483.59 8492.14 8501.6 8504.51 8505.61 8509.41 8509.38 8497.34 8476.26 8461.24 8436.62 8416.58 8389.4 8381.75 8396.12 8410.6 8418.01 8392.74 8354.49 8323.21 8313.01 8302.7 8294.78 8300.29 8311.52 8282.25 8232.53 8188.49 8159.78 8141.09 8131.43 8115.02 8097.71 8078.97 8059.28 8040.91 8020.73 8006.34 7994.22 7990.24 7996.17 8000.87 8004.01 8003.62 8003.36 8003.87 8002.72 8011 8007.64 8000.21 7991.2
8492.66 8486.08 8479.39 8475.4 8480.55 8482.89 8481.93 8478.75 8475.65 8475.52 8479.97 8481.35 8480.89 8495.87 8517.12 8566.7 8575.9 8541.75 8514.2 8506.43 8518.43 8540.37 8555.44 8563.67 8548.41 8489.12 8441.44 8402.24 8371.32 8386.23 8402.75 8411.43 8407.94 8384.21 8350.23 8324.32 8309.02 8300.42 8296.33 8295.89 8296.25 8271.39 8238.36 8186.43 8160.26 8142.76 8141.14 8125.52 8112.42 8089.71 8068.25 8048.35 8031.33 8016.79 8004.24 7998.63 7999.8 8001.84 8004.22 8006.65 8007.72 8008.18 8007 8017.15 8012.37 8002.82 7995.09
8490.4 8483.2 8477.79 8477.52 8480.26 8483.37 8482.07 8473.62 8455.09 8472.23 8493.93 8502.33 8499.37 8534.01 8572.2 8624.36 8657.23 8543.29 8484.38 8473.38 8500.53 8557.28 8620.01 8622.72 8586.09 8519.82 8465.7 8418.42 8393.43 8409.05 8417.41 8417.3 8406.37 8381.68 8345.88 8321.72 8314.96 8307.04 8296.44 8285.37 8267.98 8253.43 8222.3 8182.47 8154.37 8142.85 8135.63 8126.73 8112.77 8096.35 8076.95 8055.56 8037.65 8024.18 8016.28 8011.81 8007.51 8002.31 8006.51 8010.84 8014.18 8015.32 8017.62 8013.08 8008.06 8002.96 7998.7
8488.4 8481.41 8475.24 8477.27 8486.15 8496.1 8500.08 8497.63 8485.84 8506.79 8539.07 8554.9 8560.61 8604.11 8619.31 8582.9 8490.27 8415.59 8376.88 8381.86 8423.09 8504.81 8617.83 8595.05 8577.52 8576.19 8538.75 8500.69 8473.56 8464.33 8450.64 8433.18 8414.65 8393.14 8366.53 8344.63 8328.66 8311.86 8303.21 8291.68 8266.68 8244.74 8217.19 8184.86 8162.43 8154.17 8136.43 8128.99 8119.51 8104.58 8086.43 8065.66 8041.84 8026.74 8028.06 8025.23 8020.73 8014.66 8014.71 8016.33 8019.54 8022.89 8025.43 8014.66 8006.6 8002.11 7997.97
8489.17 8483.72 8479.7 8484.52 8500.18 8516.37 8533.26 8544.52 8554.63 8573.25 8597.8 8617.57 8610.38 8582.04 8510.22 8419.37 8238.38 8212.2 8216.65 8239.26 8281.24 8346.26 8410.76 8377.12 8359.68 8519.53 8632.3 8615.53 8568.92 8525.55 8479.41 8446.1 8421.85 8404.77 8401.24 8379.89 8351.71 8325.33 8307.49 8293.06 8276.94 8245.28 8211.6 8189.84 8176.58 8156.88 8141.27 8135.16 8127.31 8112.39 8094.11 8078.35 8043.74 8027.32 8040.49 8035.64 8031.07 8033.52 8022.82 8020.35 8022.59 8026.4 8030.53 8022.14 8007.71 8003.61 8000.45
8493 8489.15 8489.27 8499.57 8520.3 8543.1 8567.49 8592.8 8616.95 8631.42 8633.53 8644.19 8647.64 8416.38 8302.09 8214.99 8016.13 8010.65 8040.3 8069.67 8100.83 8128.22 8137.18 8103.8 8151.78 8312.16 8524.34 8628.87 8643.4 8538.87 8473.07 8441.37 8428.74 8427.43 8438.36 8415.98 8376.99 8335.52 8313.46 8297.64 8279.51 8248.63 8217.01 8195.91 8183.65 8172.02 8153.8 8143.66 8132.93 8116.9 8095.62 8072.73 8052.98 8031.63 8046.66 8037.97 8026.26 8019.03 8019.22 8020.01 8021.72 8024.07 8026.93 8031.47 8009.17 8007.1 8007.61
8496.41 8494.25 8496.69 8516.95 8539.43 8569.34 8602.75 8630.32 8652.01 8651.41 8618.06 8567.08 8463.39 8223.15 8100.88 8019.09 7836.59 7851.22 7886.79 7911.41 7925.05 7923.07 7899.98 7872.93 7967.97 8131.73 8294.25 8445.78 8482.31 8430.64 8403.13 8406.01 8425.89 8449.13 8472.2 8445.58 8406.7 8363.25 8331.76 8299.06 8274.27 8251.23 8231.61 8216.07 8200.59 8180.29 8163.88 8152.37 8143.08 8127.64 8099.13 8082.59 8063.02 8045.79 8046.76 8038.69 8020.64 8008.69 8015.47 8019.45 8020.9 8020.33 8016.03 8006.89 8009.42 8010.25 8016.44
8501.24 8500.02 8503.89 8528.47 8555.72 8589.15 8623.5 8657.55 8670.46 8652.57 8566.7 8433.46 8248.16 8015.4 7905.61 7827.04 7734.71 7746.94 7763.6 7775.43 7768.67 7746.79 7716.27 7697.02 7793.34 7947.6 8067.93 8178.83 8203 8232.8 8279.49 8341.99 8408.81 8468.47 8485.9 8469.26 8437.75 8409.76 8364.12 8310.06 8275.96 8251.32 8233.35 8218.27 8200.9 8188.09 8169.75 8156.91 8145.81 8125.74 8097.99 8077.39 8068.7 8061.01 8058.76 8047.29 8030.24 8018.71 8020.35 8020.26 8019.25 8017.47 8012.85 8005.82 8002.8 8010.88 8021.82
8509.93 8506.34 8508.42 8536.75 8569.43 8600.31 8633.05 8662.28 8675.3 8652.79 8502.09 8300.43 8080.6 7869.53 7723.02 7648.16 7694.38 7683.12 7670.36 7660.78 7640.33 7611.09 7581.27 7560.86 7632.12 7760.97 7847.54 7934.01 7961.63 8031.25 8134.59 8247.86 8368.03 8482.39 8508.02 8490.62 8455.97 8414.14 8362.85 8312.82 8272.73 8244.99 8226.03 8207.87 8188.32 8173.41 8161.87 8158.09 8150.68 8134.76 8102.36 8078.88 8067.77 8066.94 8067.58 8059.7 8054.44 8042.19 8031.01 8025.85 8022.97 8019.17 8017.1 8015.71 8005.22 8014.56 8024.9
8522.08 8520.11 8518.84 8549.28 8579.14 8605.09 8630.98 8648.19 8645.8 8593.23 8423.69 8181.7 7945.5 7747.34 7599.26 7566.62 7640.27 7627.75 7608.67 7584.49 7556.23 7523.9 7490.65 7470.62 7495.92 7573.93 7661.85 7756.83 7783.02 7861.9 7995.23 8146.53 8305.34 8461.45 8517.11 8507.97 8468.81 8405.05 8337.9 8295.28 8251.33 8232.12 8220.67 8211.32 8195.82 8179.68 8171.11 8164.3 8154.91 8142.03 8106.78 8070.82 8060.82 8063.27 8074.21 8062.31 8056.04 8047.88 8038.35 8032.03 8027.32 8023.51 8021.19 8022.06 8019.59 8021.25 8026.2
8538.89 8546.51 8546.81 8562.37 8578.84 8595.83 8607.55 8611.04 8597.5 8539.05 8361.51 8103.29 7850.22 7649.38 7514.44 7505.51 7574.19 7572.85 7550.12 7527.19 7497.65 7461.97 7425.81 7399.99 7401.87 7450.68 7550.29 7663.13 7664.69 7731.08 7867.42 8035.94 8218.72 8417.32 8542.98 8533.85 8489.78 8414.39 8322.89 8265.16 8234.74 8222.4 8217.93 8217.27 8214.16 8206.75 8195.95 8172.64 8153.78 8134.31 8101.55 8068.38 8051.91 8043.31 8055.75 8054.92 8044.39 8043.83 8042.54 8038.56 8033.91 8028.48 8023.12 8015.85 8019.39 8021.84 8024.56
8556.41 8568.37 8567.19 8568.31 8569.43 8569.78 8565.42 8554.21 8526.97 8471.96 8295.5 8037.43 7766.77 7554.12 7467.07 7447.26 7492.43 7500.52 7494.22 7475.24 7454.07 7421.05 7379.96 7339 7341.53 7374.96 7463.92 7527.4 7535.23 7596.78 7746.15 7923.7 8117.02 8331.46 8552.33 8557.75 8522.82 8460.01 8369.27 8258.29 8228.43 8221.69 8220.17 8220.97 8230.88 8235.86 8200.42 8169.9 8148.4 8123.22 8091.27 8063.4 8048.45 8041.54 8053.95 8053.92 8049.91 8050.16 8049.98 8045.6 8040.72 8033.38 8026.88 8019.05 8015.02 8018.05 8022.55
8566.44 8581.67 8572.63 8560.04 8546.46 8529.08 8507.31 8476.91 8427.3 8346.2 8179.83 7940.84 7675.02 7473.43 7403.17 7398.67 7422.14 7436.99 7436.02 7424.4 7410.45 7385.09 7358.97 7327.71 7309.01 7315.07 7347.12 7382.75 7422.53 7492.45 7644.19 7823.87 8018.27 8239.33 8493.61 8560.33 8553.46 8511.78 8436.6 8306.19 8255.93 8234.07 8230.23 8233.12 8239.43 8249.13 8212.79 8174.22 8146.39 8116.41 8086.37 8062.55 8051.04 8046.44 8049.53 8059.37 8065.69 8062.25 8058.74 8054.25 8049.02 8043.12 8036.74 8031.7 8025.75 8024.86 8023.62
8566.16 8567.63 8556.94 8539.01 8513.15 8478.93 8436.39 8387.61 8311.4 8196.65 8034.04 7832.64 7585.5 7414.31 7369.9 7369.49 7385.52 7389.49 7391.29 7385.66 7373.21 7359.31 7345.58 7331.59 7315.7 7303.54 7298.86 7314.67 7352.98 7426.45 7571.23 7748.55 7940.6 8156.09 8459.31 8560.24 8572.88 8543.55 8489.31 8377.32 8285.87 8248.54 8245.07 8257.64 8270.46 8258.21 8223.07 8185.14 8149.8 8116.82 8086.67 8065.18 8057.9 8053.92 8054.59 8067.72 8076.76 8073.58 8068.24 8062.67 8057.28 8052.12 8047.07 8043.42 8038.77 8026.6 8025.78
8563.53 8562.12 8543.1 8514.4 8473.57 8427.73 8368.63 8304.78 8208.68 8077.25 7914.2 7732.19 7520.8 7383.4 7352.8 7348.11 7343.41 7360.07 7362.63 7359.27 7348.98 7336.28 7323.59 7322.54 7314.29 7302.99 7284.46 7287.8 7320.75 7390.66 7526.5 7700.83 7896.39 8134.19 8446.11 8569.78 8581.61 8547.03 8483.56 8395.56 8298.33 8254.71 8254.47 8271.74 8288.08 8255.35 8223.35 8190.95 8154.44 8119.14 8088.77 8074.29 8069.97 8067.38 8066.7 8078.26 8085.94 8080.83 8074.3 8067.96 8062.06 8057.54 8053.87 8049.99 8045.75 8033.12 8031.72
8560.73 8556.3 8533.78 8496.77 8452.02 8394.42 8336.71 8248.25 8141.26 8004.13 7849.55 7682.23 7485.68 7364.82 7330.43 7330.24 7345.16 7347.99 7344.93 7337.6 7327.19 7315.09 7301.59 7300.68 7300.6 7294.91 7275.63 7284.35 7315.28 7378.36 7508.87 7684.55 7881.32 8124.73 8439.39 8575.32 8578.77 8533.57 8478.01 8404.55 8304.25 8259.5 8257.43 8260.95 8257.67 8264.78 8233.33 8197.23 8156.72 8121.87 8099.45 8086.77 8083 8081.88 8082.13 8086.06 8088.49 8084.43 8078.82 8072.69 8066.56 8061.61 8057.21 8053.6 8050.33 8049 8039.97
8553.31 8555.92 8521.93 8481.12 8429.97 8374.83 8314.14 8223.76 8111.51 7979.63 7841.55 7680.03 7468.12 7350.34 7310.9 7312.64 7329.68 7336.72 7332.87 7325.14 7314.23 7302.55 7291.92 7294.2 7310.62 7312.63 7295.28 7303.36 7331.01 7391.49 7518.77 7698.44 7899.44 8149.29 8457.24 8580.08 8562.83 8504.72 8433.34 8394.45 8322.63 8280.86 8264.13 8254.09 8259.41 8250.8 8220.9 8186.16 8153.78 8122.21 8099.12 8094.87 8095.28 8093.59 8090.33 8089.8 8089.32 8086.73 8082.74 8077.15 8071.21 8064.85 8058.45 8053.18 8049.13 8043.67 8040.86
8527.44 8522.39 8505.74 8471.71 8424.91 8382.41 8309.8 8220.61 8115.28 7981.85 7837.19 7684.22 7459.54 7347.63 7299.66 7297.23 7318.12 7328.06 7322.89 7316.75 7309.05 7298.37 7291.31 7304.67 7326.8 7340.92 7338.15 7349.21 7376.75 7439.4 7563.38 7743.52 7941.77 8177.63 8427.07 8541.19 8531.33 8475.58 8407.56 8352.31 8329.56 8304.19 8276.04 8248.09 8223.79 8224.23 8204.42 8177.48 8151.9 8126.24 8107.19 8101.61 8099.1 8099.06 8098.8 8095.65 8091.73 8088.95 8084.74 8079.22 8072.98 8066.71 8059.22 8051.87 8043.63 8041.56 8043.22
8507.2 8505.78 8494.94 8467.66 8435.43 8386.74 8326.05 8244.63 8151.04 8026.41 7867.9 7672.44 7476.6 7367.86 7311.18 7293.5 7305.19 7314.03 7313.52 7313.36 7310.05 7307.11 7309.17 7328.06 7360.29 7378.08 7389.25 7404.72 7438.13 7508.15 7633.87 7816.51 8003.07 8207.52 8396.43 8491.85 8494.36 8451.44 8395.47 8352.62 8345.56 8331.64 8290.92 8250.67 8216.99 8203.98 8189.18 8169.36 8153.12 8137.32 8119.59 8110.29 8102.18 8102.3 8103.46 8100.21 8095.85 8092.37 8088.76 8083.29 8077.46 8070.55 8062.89 8054.36 8046.67 8045 8049.06
8498.7 8502.14 8492.81 8472.59 8448.78 8413.99 8358.54 8293.67 8211.24 8105 7957.94 7682.76 7518.79 7405.57 7335.03 7305.67 7299.7 7299.95 7309.93 7318.54 7324.91 7328.16 7337.84 7363.15 7404.53 7426.73 7435.27 7455.83 7504.48 7588 7722.31 7917.96 8119.45 8273.95 8395.37 8464.9 8459.84 8429.46 8396.04 8376.28 8359.58 8339.47 8301.37 8254.28 8212.08 8187.65 8170.15 8160.26 8155.5 8151.69 8132.65 8123.84 8114.21 8114.94 8110.31 8105.08 8100.84 8097.04 8090.3 8086.53 8080.73 8074.41 8067.12 8060.2 8053.25 8050.33 8053.29
8492.78 8498.05 8492.95 8484.52 8467.87 8447.72 8411.29 8359.21 8288.06 8185.72 8019.51 7747.76 7586.93 7459.06 7373.78 7336.9 7315.55 7309.26 7317.62 7332.28 7345.45 7360.26 7379.94 7401.12 7427.12 7451.49 7460.06 7497.69 7573.31 7681.88 7830.63 8025.79 8206.67 8332.09 8391.43 8414.31 8420.11 8406.37 8388.26 8375.2 8362.79 8348.82 8310.82 8264.1 8218.9 8186.23 8168.01 8159.79 8156.92 8156.9 8142.8 8145.28 8147.8 8133.5 8122.31 8111.49 8107.03 8099.87 8094.49 8088.58 8082.81 8078.24 8073.08 8068.41 8065.31 8063.88 8058.97
8470.14 8485.17 8493.11 8495.37 8492.82 8482.01 8465.69 8431.32 8376.49 8274.28 8088.78 7827.13 7680.16 7537.66 7435.9 7381.8 7344.61 7326.8 7336.34 7354.33 7373.99 7394.13 7411.2 7425.77 7448.32 7471.4 7478.73 7532.38 7647.36 7785 7943.15 8141.3 8307.08 8381.62 8390.69 8371.99 8382.79 8383.45 8375.96 8364.4 8356.71 8347.68 8315.86 8274.82 8228.36 8190.79 8172.28 8163.6 8161.2 8156.6 8163.36 8164.67 8153.7 8146.25 8137.22 8127.86 8115.05 8106.15 8099.34 8092.4 8086.6 8081.13 8076.75 8074.25 8074.76 8073.34 8064.63
8458.18 8477.02 8494.73 8508.42 8515.77 8518.85 8512.07 8502.41 8469.82 8387.67 8199.93 7952.41 7797.85 7645.19 7524.57 7437.72 7387.72 7364.59 7371.27 7385.53 7408.73 7435.01 7455.71 7447.78 7438.77 7459.43 7508.02 7585.78 7741.15 7907.25 8075.43 8283.54 8432.61 8452.37 8408.25 8355.45 8356.5 8369.54 8366.2 8354.62 8346.73 8339.97 8315.47 8276.88 8236.72 8202.76 8182.48 8177.48 8180.46 8187.74 8191.03 8186.8 8164.02 8158.96 8151.42 8136.73 8123.23 8113.23 8105.11 8097.72 8090.96 8084.54 8079.84 8077.32 8077.53 8080.55 8068.74
8460.96 8475.86 8497.72 8516.03 8523.28 8534.79 8528.64 8541.07 8545.46 8524.77 8375.39 8098.28 7945.55 7785.11 7646.19 7521.24 7456.8 7439.18 7416.67 7416.69 7442.31 7471.7 7482.95 7468.88 7455.52 7499.96 7585.85 7696.91 7866.42 8056.23 8243.09 8462.26 8589.83 8527.83 8429.57 8339.6 8332.21 8367.37 8358.75 8342.82 8333.16 8328.22 8311.11 8283.18 8246.12 8212.29 8202.17 8205.36 8218.16 8213.09 8206.1 8194.97 8179.44 8175.8 8169.39 8149.29 8129.71 8119.6 8111.19 8103.22 8095.28 8088.04 8080.64 8075.24 8069.76 8065.46 8055.47
8467.53 8475.82 8488.01 8499.87 8512.71 8526.45 8541.11 8560.77 8595.23 8633.77 8531.91 8284.78 8118.04 7956.35 7815.14 7682.39 7573.93 7489.52 7437.55 7437.99 7471.44 7508.24 7504.06 7502.23 7526.54 7607.59 7708.75 7827.1 8005.77 8216.38 8432.45 8616.01 8673.77 8555.73 8437.63 8335.18 8316.65 8338.64 8341.02 8331.39 8323.04 8317.04 8303.73 8287.32 8259.77 8239.32 8231.48 8239.05 8243.13 8223.79 8218.46 8211.76 8202.37 8192.55 8185.01 8161.15 8138.87 8128.58 8117.98 8105.57 8096.07 8087.48 8080.98 8071.27 8059.59 8044.76 8036.75
8466.8 8474.94 8483.66 8491.29 8501.15 8514.75 8528.01 8555.1 8585.79 8625.4 8602.93 8470.9 8304.24 8151.21 8024.23 7889.46 7727.62 7539.84 7442.87 7464.25 7519.1 7569.67 7585.85 7602.18 7650.7 7746.95 7855.17 7970.06 8138.61 8343.34 8562.48 8639.65 8578.46 8510.72 8426.42 8352.46 8328.38 8331.79 8328.51 8323.01 8319.26 8313.62 8301.38 8277.74 8269.16 8260.2 8251.59 8247.44 8249.14 8240.71 8233.44 8227.52 8216.04 8201.82 8188.85 8172.75 8155.3 8135.73 8121.68 8111.72 8101.84 8091.09 8081.16 8071.1 8057.32 8043.5 8036.73
