real_craters/C127-300m.grd
DSAA
260 260
-38.9025 38.9025
-38.9025 38.9025
6616.8498849268 8991.5121888512
[rows 60 to 89 of 260, columns 67 to 133 of 260]
8273.67 8272.7 8271.12 8268.73 8265.9 8263.87 8260.43 8257.3 8253.77 8250.77 8248.25 8246.27 8244.9 8244.05 8243.67 8243.69 8244.7 8246.36 8241.59 8236.3 8231.28 8229.51 8232.5 8242.22 8255.48 8267.1 8277.08 8284.97 8289.4 8294.1 8305.15 8311.35 8310.95 8309.76 8308.12 8306.03 8303.41 8299.83 8294.63 8289.56 8287.37 8285.28 8285.23 8282.84 8280.47 8278.99 8279.57 8284.15 8290.2 8295.97 8298.7 8299.04 8299.58 8300.65 8301.87 8303.37 8305.16 8307.86 8306.25 8294.02 8282.26 8271.19 8261.67 8252.58 8243.17 8234.89 8231.29
8275.79 8278.33 8274.57 8271.61 8269.46 8267.23 8261.36 8256.58 8252.89 8250.25 8248.61 8248.36 8248.05 8248.37 8249.31 8251.02 8254.23 8258.46 8252.37 8245.83 8238.17 8234.1 8245.6 8258.08 8269.43 8279.44 8288.66 8297.63 8306.32 8311.61 8314.79 8316.36 8314.64 8311.73 8308.75 8305.53 8301.88 8297.62 8292.01 8287.64 8287.96 8286.31 8283.02 8280.28 8277.83 8276.23 8276.6 8280.26 8285.84 8291.57 8294.82 8296.21 8297.69 8298.77 8300.05 8301.05 8301.4 8299.49 8296.5 8290.72 8282.01 8273.5 8265.64 8253.65 8242.85 8234.52 8232.78
8274.16 8276.15 8275.03 8272.39 8269.73 8265.93 8260 8254.7 8251.64 8250.1 8249.19 8249.33 8250.23 8251.65 8253.58 8256.25 8259.5 8261.36 8260.99 8259.16 8256.05 8253.76 8274.42 8281.35 8286.22 8292.39 8299.8 8308.69 8319.23 8323.45 8322.33 8320.26 8316.74 8312.71 8308.99 8305.19 8301.31 8297.25 8293.67 8291.57 8290.53 8285.73 8281.06 8278.27 8275.62 8273.5 8272.83 8276.13 8280.98 8284.7 8287.91 8292.45 8295.07 8296.56 8297.56 8297.76 8297.41 8296.11 8291.85 8286.35 8279.51 8272.22 8264.7 8253.42 8243.01 8234.81 8234.69
8270.83 8274.9 8273.24 8271.3 8269.09 8264.85 8258.92 8252.09 8249.91 8249.61 8250.32 8251.57 8253.32 8255.37 8257.78 8260.43 8263.59 8266.15 8269.62 8274.22 8282.63 8293.66 8297.58 8300.31 8301.25 8303.68 8307.88 8313.99 8321.94 8324.91 8324.86 8321.61 8316.8 8312.32 8308.17 8304.51 8300.7 8297.31 8295.03 8294.7 8292.67 8286.41 8280.71 8277.34 8274.33 8271.74 8270.23 8272.98 8277.96 8282.09 8286.31 8290.55 8293.03 8294.21 8294.46 8293.76 8292.32 8290.49 8286.94 8281.85 8276.08 8269.26 8260.08 8252.74 8244.28 8236.95 8237.45
8265.37 8267.66 8268.38 8268.53 8268.77 8268.01 8260.05 8250.45 8248.78 8249.54 8251.03 8252.84 8255.26 8257.94 8260.92 8264.19 8267.73 8271.81 8277.44 8285.52 8296.15 8306.65 8313.77 8313.07 8311.97 8311.59 8312.25 8313.67 8315.42 8318.41 8320.69 8317.99 8313.96 8310.42 8307.25 8303.97 8300.72 8297.17 8293.8 8291.02 8289.72 8285.52 8281.23 8277.43 8274.09 8271.34 8270.1 8272.53 8276.97 8282.98 8289.17 8290.28 8291.42 8292.01 8291.86 8290.26 8286.78 8280.78 8279.73 8277.18 8272.63 8267.27 8261.99 8254.72 8247.28 8241.78 8242.47
8261.46 8260.88 8262.28 8264.86 8266.86 8268.91 8260.93 8251.28 8249.41 8250.51 8252.52 8254.89 8257.61 8260.71 8263.96 8267.55 8271.38 8275.74 8281.85 8291.31 8305.2 8315.65 8321.22 8321.01 8319.06 8316.93 8314.58 8311.56 8308.93 8309.59 8309.88 8310.36 8309.26 8307.71 8305.72 8303.32 8300.66 8297.22 8292.49 8286.56 8284.23 8285.53 8282.33 8278.48 8274.72 8271.55 8270.2 8271.01 8275.51 8281.75 8287.16 8288.4 8289.74 8290.27 8289.76 8287.92 8284.89 8281.64 8277.31 8274.03 8269.73 8265.07 8260.8 8255.27 8250.41 8249.42 8253.07
8258.71 8256.85 8258.15 8261.82 8263.14 8260.73 8256.34 8252.85 8251.49 8252.24 8254.29 8256.81 8259.68 8263.21 8266.92 8270.85 8274.93 8278.48 8282.84 8292.43 8301.81 8314.58 8322.56 8324.54 8323.4 8320.92 8317.3 8311.25 8303.36 8302.44 8302.8 8303.35 8304.67 8305.22 8304.66 8303.33 8301.42 8298.73 8295.02 8290.64 8293.72 8288.64 8284.55 8280.28 8276.21 8272.27 8267.91 8267.8 8274.54 8279.14 8281.2 8285.17 8288.31 8289.3 8288.78 8286.77 8283.78 8280.19 8276.27 8272.1 8267.18 8262.02 8256.57 8252.34 8251.11 8253 8258.57
8253.84 8256.03 8259 8261.63 8261.85 8259.18 8256.28 8255.11 8254 8254.04 8255.62 8258.16 8261 8264.69 8268.7 8273.25 8278.42 8284.95 8292.81 8293.81 8297.66 8314.47 8325.61 8326.8 8326.05 8324.34 8321.7 8317.59 8309.83 8300.4 8293.45 8298.8 8302.33 8304.06 8304.48 8304.03 8303.09 8301.82 8300.69 8300.83 8307.06 8294.29 8287.67 8282.75 8278.54 8275.25 8273.93 8275.76 8277.4 8279.94 8282.38 8286.06 8288.54 8289.17 8288.56 8286.79 8283.29 8278.59 8275.83 8271.14 8265.5 8259.44 8254.18 8251.13 8249.36 8250.95 8252.99
8254.42 8258.94 8262.87 8264.26 8263.76 8262.07 8259.82 8257.07 8255.55 8255.99 8257.88 8260.62 8263.82 8267.67 8272.01 8276.8 8281.95 8287.64 8292.17 8295.38 8301.27 8316.22 8325.05 8326.52 8326.74 8326.51 8325.71 8326.5 8321.22 8306.01 8297.64 8300.64 8303.39 8304.92 8305.45 8305.36 8305.02 8304.88 8305.5 8307.61 8305.77 8296.74 8290.37 8285.42 8281.25 8278.15 8277.26 8278.52 8278.79 8282.77 8286.93 8289.63 8290.44 8290.06 8289.08 8287.56 8286.58 8283.47 8277.4 8271.59 8265.19 8258.1 8250.62 8244.91 8246.91 8250.05 8254.78
8257.21 8262.87 8268.09 8267.91 8266.66 8265.26 8263.32 8258.3 8255.74 8257.6 8260.29 8263.23 8266.47 8270.44 8275.16 8280.1 8285.34 8290.01 8291.09 8298.65 8304.07 8314.16 8321.37 8324.55 8326.52 8327.26 8326.51 8324.29 8320.99 8314.29 8309.1 8307.66 8307.84 8307.84 8307.67 8307.38 8307.32 8307.32 8307.57 8308.23 8301.8 8296.13 8292.06 8287.56 8283.3 8279.81 8276.52 8272.69 8279.84 8285.21 8290.32 8293.24 8292.51 8290.73 8289.26 8287.71 8285.46 8282.89 8278.9 8273.32 8266.99 8259.48 8251.26 8244.79 8248.15 8252.58 8255.49
8257.32 8265.09 8271.07 8269.84 8268.57 8267.59 8264.23 8261.88 8258.9 8260.85 8263.33 8265.7 8269.47 8273.33 8277.99 8283.16 8288.79 8294.98 8303 8304.9 8307.32 8307.94 8315.23 8321.72 8326.29 8329.07 8328.63 8323.2 8323.28 8322.81 8319.56 8316.6 8314.03 8312.25 8311.01 8309.96 8309.23 8308.93 8308.21 8306.26 8301.5 8298.52 8294.14 8289.53 8285.22 8281.71 8280.07 8283.13 8282.5 8286.18 8292.91 8296.81 8292.93 8290.27 8288.99 8288.09 8286 8283.62 8280.78 8276.28 8270.88 8264.69 8257.87 8252.08 8255.73 8260.59 8265.46
8263.06 8264.76 8267.62 8267.7 8268.33 8270.17 8274.08 8269.01 8265.86 8265.66 8266.39 8268.32 8272.09 8275.93 8280.72 8286.03 8291.94 8298.32 8303.13 8306.21 8305.85 8305.67 8312.44 8320.19 8327.14 8332.68 8336.09 8336.79 8337.11 8338.26 8332.15 8324.66 8319.38 8315.8 8313.78 8312.26 8311.1 8310.16 8308.48 8307.21 8305.62 8301.7 8296.15 8290.85 8286.23 8282.5 8279.56 8276.9 8278.85 8283.27 8288.05 8290.11 8288.65 8287.74 8287.72 8288.77 8290.75 8288.03 8284.64 8281.3 8277.74 8273.88 8269.91 8268.26 8269.52 8273.55 8278.15
8261.79 8260.86 8260.12 8262.46 8265.8 8269.04 8271.31 8271.42 8271.95 8269.07 8268.3 8270.25 8273.61 8277.92 8282.89 8288.02 8293.3 8299.4 8305.31 8309.02 8308.3 8307.8 8312.61 8320.49 8329.16 8337.56 8345.35 8351.56 8349.43 8349.14 8338.83 8329.06 8322.56 8318.21 8315.29 8313.54 8312.03 8310.73 8308.9 8309.06 8308.7 8303.38 8296.74 8291.04 8286.43 8282.56 8279.25 8276.59 8277.07 8279.14 8280.49 8280.9 8282.39 8283.75 8285.09 8286.85 8290.4 8289.5 8288.22 8287.32 8286.51 8285.72 8284.99 8282.6 8286.66 8290.24 8291.47
8256.62 8257.39 8256.02 8258.78 8263 8265.89 8267.67 8267.91 8267.34 8266.59 8267.86 8270.45 8274.27 8278.85 8283.61 8288.56 8294.02 8299.08 8302.61 8303.85 8303.78 8305.39 8311.85 8320.72 8330.36 8340.26 8350.02 8356.48 8349.72 8342.23 8335.21 8328.46 8323.11 8319.2 8316.38 8314.64 8312.95 8311.23 8309.17 8307.61 8308.18 8302.3 8295.8 8290.67 8286.57 8283.07 8280.19 8278.16 8276.9 8276.71 8275.97 8275.15 8277.41 8280.45 8282.68 8283.25 8281.39 8288.07 8291.74 8293.66 8295.49 8297.87 8302.25 8311.02 8314.18 8310.57 8307.61
8256.66 8258.12 8258.32 8259.84 8261.89 8263.14 8263.08 8262.19 8260.55 8262.25 8265.48 8269.66 8274.25 8279.22 8283.97 8289.06 8294.19 8298.65 8301.51 8302.84 8300.01 8300.93 8310.21 8320.41 8330.43 8339.83 8347.99 8350.98 8341.52 8330.1 8327.69 8324.38 8320.89 8318.48 8315.92 8314.02 8312.4 8310.89 8309.05 8308 8304.39 8297.65 8292.88 8289.28 8286.43 8284.16 8282.07 8279.72 8277.93 8277.13 8274.65 8272.37 8275.16 8279.39 8283.18 8286.62 8289.07 8292.4 8296.7 8300.17 8303.99 8308.46 8314.91 8324.28 8328.69 8328.19 8331.96
8261.38 8262.08 8262.32 8262.52 8262.37 8261.55 8260.67 8259.48 8258.07 8259.93 8263.83 8268.46 8273.57 8278.83 8284.78 8289.89 8294.17 8299.04 8303.26 8305.24 8299.66 8301.22 8311.06 8320.95 8329.96 8337.49 8341.84 8340.3 8333.02 8324.32 8321.97 8320.36 8318.42 8316.49 8314.83 8313.2 8311.41 8309.83 8307.61 8304.24 8297.1 8291.42 8289.62 8288.07 8286.7 8285.55 8284.99 8285.07 8284.86 8280.56 8276.68 8274.61 8276.68 8281.05 8285.81 8291.67 8297.43 8299.41 8302.94 8307 8311.41 8316.19 8321.58 8326.02 8329.25 8336.33 8344.37
8267.55 8266.74 8266.98 8266.97 8263.47 8260.8 8257.76 8254.74 8255.54 8258.01 8262.74 8268.21 8273.83 8279.36 8285.04 8290.03 8294.8 8299.13 8303.54 8308.71 8305.07 8307.54 8315.33 8323.19 8330.23 8335.63 8339.5 8336.63 8327.72 8321.21 8319.04 8318.35 8317.83 8316.23 8315.4 8313.32 8311.66 8309.59 8306.61 8301.03 8294.29 8289.71 8287.78 8287.13 8287 8286.99 8287.18 8288.05 8288.46 8283.41 8279.87 8278.37 8280.31 8284.94 8289.78 8292.84 8297.39 8304.73 8309.56 8313.9 8318.38 8322.98 8327.11 8329.72 8331.52 8340.87 8346.71
8272.15 8270.05 8268.13 8265.8 8263.51 8261.42 8258.6 8255.89 8255.37 8256.96 8263.06 8269.14 8274.93 8280.3 8285.48 8290.23 8294.81 8299.06 8301.91 8304.43 8314.09 8316.89 8320.61 8326.14 8331.24 8333.83 8332.09 8328.54 8322.31 8318.14 8317.31 8318.29 8319.34 8318.4 8317.82 8315.49 8313.14 8310.14 8307.44 8301.87 8294.36 8288.86 8286.53 8287.41 8288.44 8289.03 8289.1 8288.54 8286.12 8284.99 8283.55 8282.82 8285.22 8290.9 8297.42 8303.28 8307.27 8312.41 8316.92 8321 8325.08 8329.47 8334.16 8339.06 8346.06 8349.92 8354.14
8275.45 8272.47 8268.15 8263.24 8264.03 8264.18 8263.36 8262.23 8261.18 8262.42 8266.6 8271.65 8276.95 8282.05 8286.98 8291.71 8295.88 8299.15 8302.35 8303.96 8313.2 8319.67 8324.13 8329.41 8334.13 8335.83 8330.45 8324.75 8316.19 8313.69 8316 8318.65 8320.86 8322.97 8321.9 8320.09 8316.58 8311.16 8306.72 8301.24 8292.95 8284.31 8286.64 8289.64 8291.18 8291.97 8292.16 8291.46 8289.73 8289.06 8288.68 8289.3 8292.27 8297.64 8306.25 8317.43 8320.71 8321.25 8323.98 8327.16 8330.9 8335.16 8340.14 8346.33 8352.88 8354.4 8356.23
8279.07 8275.73 8271.61 8267.89 8268.16 8269.08 8269.86 8270.67 8269.46 8268.69 8271.25 8275.28 8279.3 8283.53 8288.05 8292.46 8296.88 8300.42 8301.75 8302.77 8308.68 8318.62 8325.62 8331.9 8337.92 8342.98 8345.54 8331.65 8317.9 8314.63 8317.47 8321.22 8324.53 8326.73 8327.05 8325.62 8321.24 8314.64 8307.75 8303.62 8298.21 8291.59 8293.32 8294.74 8295.58 8296.07 8297.01 8296.2 8295.33 8294.62 8295.25 8295.95 8297.79 8303.31 8310.9 8319.4 8324.55 8326.91 8329.28 8332.3 8335.42 8339.1 8343.14 8349.49 8356.31 8362.26 8363.99
8282.3 8279.53 8276.86 8274.82 8274.51 8274.78 8275.63 8278.32 8276.29 8275.02 8277.09 8278.85 8281.28 8284.61 8288.67 8293.84 8298.9 8303.81 8307.54 8315.32 8319.08 8321.15 8326.59 8333.24 8340.27 8346.97 8349.73 8336.09 8319.88 8318.24 8321.21 8325.53 8329.58 8332.92 8335.7 8335.1 8330.14 8321.68 8312.79 8311.47 8309.57 8308.95 8306.5 8302.18 8300.56 8300.71 8302.84 8302.52 8302.22 8303.24 8304.34 8304.47 8306.17 8309.78 8314.26 8317.64 8325.64 8331.34 8334.5 8337.01 8338.29 8340.8 8344.55 8349.68 8357.36 8367.77 8370.55
8284 8282.72 8281.52 8281.54 8280.96 8279.81 8278.79 8276.8 8278.89 8284.39 8283.23 8281.46 8282.27 8284.91 8288.59 8293.78 8299.6 8306.97 8316.56 8320.25 8320.41 8320.67 8325.55 8332.34 8339.51 8345.44 8346.51 8336.71 8325.48 8324.25 8327.2 8331.95 8337.57 8342.69 8346.31 8348.5 8344.56 8333.98 8320.73 8322.04 8319.07 8320.97 8315.18 8308.15 8305.86 8306.29 8308.5 8311.84 8316.54 8318.53 8316.03 8314.62 8314.9 8318.21 8322.53 8325.42 8332.35 8337.64 8339.66 8340.76 8341.98 8343.02 8344.26 8346.87 8348.02 8355.74 8365.35
8284.51 8284.48 8284.57 8285.91 8285.56 8283.55 8281.7 8279.75 8281.22 8284.74 8282.42 8280.84 8282.06 8284.5 8288.35 8292.83 8298.14 8304.82 8313.63 8311.18 8307.79 8315.17 8321.93 8329.24 8336.49 8342.1 8342.56 8337.1 8332.13 8331.09 8334.75 8340.56 8347.36 8355.12 8361.51 8366.59 8366.94 8357.96 8335.4 8326.6 8321.71 8317.38 8312.84 8309.96 8309.71 8311.92 8315.19 8320.35 8327.09 8330.68 8326.74 8324.73 8326.25 8330.69 8337.1 8342.24 8345.56 8346.88 8348.03 8347.74 8346.7 8345.97 8344.84 8344.36 8345 8353.19 8359.93
8283.5 8284.43 8285.35 8287.26 8287.37 8285.24 8283.76 8285.31 8285.32 8277.22 8274.9 8276.94 8280.08 8283.67 8287.76 8291.58 8295.17 8297.97 8299.82 8301.69 8305.6 8310.41 8317.79 8325.19 8332.4 8339.31 8340.73 8335.91 8333.58 8335.94 8341.44 8348.57 8356.95 8366.51 8376.3 8386.1 8394.53 8398.14 8377.21 8335.51 8328.89 8319.16 8311.65 8311.54 8313.63 8316.8 8321.35 8326.19 8332.37 8336.77 8334.87 8333.98 8334.52 8341.89 8354.88 8361.86 8361.61 8359.7 8357.61 8355.56 8353.19 8350.48 8347.24 8343.28 8339.96 8339.89 8352.41
8281.3 8282.05 8283.76 8286.45 8287.67 8283.6 8281.35 8280.07 8275.85 8270.59 8269.18 8273.43 8277.95 8282.33 8286.65 8290.21 8292.77 8293 8291.64 8296.71 8298.02 8307.58 8314.86 8321.29 8327.15 8332.26 8334.5 8333.22 8334.05 8339.83 8347.86 8356.55 8366.18 8377.08 8388.83 8402.01 8417.34 8431.56 8416.81 8373.37 8351.45 8330.52 8316.33 8316.37 8319.97 8322.88 8327.48 8331.28 8335.15 8339.22 8341.6 8345.88 8347.69 8359.83 8374.9 8379.77 8376.34 8372.58 8368.51 8365.21 8361.55 8356.91 8351.81 8345.75 8340.39 8342.51 8349.63
8278.82 8279.13 8279.67 8280.2 8279.18 8277.59 8275.95 8273.88 8271.59 8268.01 8268.02 8272.36 8277.12 8281.87 8286.54 8290.38 8293.36 8295.08 8295.89 8299.55 8305.06 8309.37 8313.77 8318.23 8322.41 8324.99 8328.19 8332.36 8337.15 8343.88 8353.51 8363.01 8373.28 8384.01 8396.15 8410.62 8428.05 8445.41 8448.68 8418.16 8379.84 8350.99 8332.54 8327.07 8328.15 8331.18 8334.75 8338.16 8338.95 8338.71 8351.44 8365.64 8378.8 8390.39 8399.93 8397.22 8388.85 8384.85 8381.43 8376.52 8371.61 8366.11 8359.75 8352.15 8346.21 8347.74 8353.89
8276.76 8276.07 8274.87 8272.78 8270.6 8270.7 8270.98 8269.91 8266.73 8268.38 8270.62 8273.33 8277.79 8282.69 8287.65 8292.32 8296.43 8300.57 8302.21 8302.05 8308.7 8312.17 8314.58 8317.07 8320.06 8324.91 8326.17 8328.62 8337.53 8348.4 8358.2 8368.58 8377.54 8387.05 8397.87 8409.88 8424.05 8442.67 8454.28 8432.09 8396.63 8367.8 8349.71 8338.49 8336.43 8338.96 8343.2 8348.22 8351.73 8355.15 8371.39 8389.39 8406.5 8413.14 8405.97 8400.05 8395.99 8394.97 8394.4 8390.09 8385.56 8379.31 8370.82 8363.81 8357.52 8355.3 8363.8
8275.13 8274.03 8271.68 8268.13 8264.3 8265.91 8268.54 8270.1 8271.1 8271.3 8271.46 8274.25 8278.96 8284.13 8289.34 8294.56 8299.83 8304.64 8306.64 8306.09 8310.25 8314.32 8316.96 8317.42 8317.71 8320.96 8326.62 8329.23 8343.18 8356.19 8365.27 8372.68 8381.52 8387.17 8395.81 8403.33 8409.64 8417.67 8440.19 8427.21 8399.23 8373.67 8354.88 8345.4 8344.92 8348.95 8355.07 8363.36 8373.34 8386.32 8401.58 8412.93 8425.26 8421.04 8382.61 8389.47 8403.27 8409.52 8411.45 8405.31 8400.06 8394.34 8386.98 8379.48 8374.88 8379.54 8384.56
8274.38 8273.23 8271.12 8267.15 8263.45 8265.36 8269.08 8272.74 8277.31 8275.3 8272.34 8275.93 8280.82 8286.11 8291.34 8296.59 8302.22 8308.88 8313.74 8316.82 8319.35 8322.14 8323.1 8321.1 8317.8 8318.97 8337.58 8349.22 8361.81 8369.6 8374.69 8378.81 8384.84 8388.92 8392.15 8394.77 8394.14 8394.02 8411.99 8410.07 8393.74 8373.8 8356.01 8350.49 8353.53 8360.15 8368.7 8379.46 8394.32 8417.45 8427.72 8430.06 8436.58 8430.34 8394.93 8406.12 8425.29 8432.43 8434.41 8428.9 8423.58 8413.4 8404.56 8400.09 8396.83 8403.2 8402.47
8275.49 8274.74 8273.11 8270.49 8268.53 8269.43 8271.68 8274.17 8276.56 8276.66 8277.59 8279.89 8283.47 8288.25 8293.47 8298.86 8304.23 8309.11 8317.93 8325.73 8331.59 8335.93 8332.93 8330.07 8327.39 8333.53 8362.53 8392.67 8386.97 8384.55 8383.6 8383.49 8384.1 8387.99 8388.57 8390.76 8386.63 8387.12 8395.76 8398.37 8390.14 8376.02 8362.09 8359.82 8366.39 8375.99 8386.54 8397.82 8409.02 8419.86 8428.83 8441.47 8449.18 8444.86 8446.28 8454.76 8464.29 8468.41 8467.22 8460 8449.36 8435.16 8422.71 8415.23 8404.99 8401.25 8396.6
