real_craters/C127-300m.grd
DSAA
260 260
-38.9025 38.9025
-38.9025 38.9025
6616.8498849268 8991.5121888512
[rows 150 to 179 of 260, columns 0 to 66 of 260]
8682.11 8683.68 8683.18 8679.89 8668.06 8645.34 8619.35 8604.11 8591.87 8580.84 8570.83 8562.53 8559.06 8561.28 8559.18 8557.06 8563.77 8572.44 8578.01 8581.97 8584.3 8585.21 8586.14 8586.77 8586.84 8583.2 8559.54 8559.53 8575.2 8593.67 8614.42 8639.81 8649.81 8652.99 8655.85 8663.2 8672.3 8682.27 8684.84 8685.31 8685.28 8687.88 8688.26 8684.91 8678.4 8660.94 8638.9 8610.91 8590.78 8574.6 8555.15 8534.93 8504.71 8467.98 8432.21 8399.21 8360.28 8341.77 8337.96 8336.94 8339.52 8352.82 8357.49 8363.12 8367.15 8373.24 8379.61
8683.31 8684.46 8682.27 8677.74 8666.74 8654.15 8613.99 8594.81 8582.28 8572.15 8563.43 8557.43 8555.59 8556.93 8558.97 8564.29 8569.13 8570.41 8572.81 8574.33 8574.67 8574.13 8572.72 8570.86 8568 8561.5 8546.42 8543.98 8553.61 8564.25 8573.54 8582.85 8584.37 8599.34 8615.94 8629.27 8642.36 8652.05 8652.62 8653 8650.43 8647.39 8641.41 8624.04 8623.64 8619.06 8607.83 8594.15 8577.84 8557.02 8538.23 8521.8 8484.03 8432.81 8383.67 8335.94 8294.72 8288.7 8295.07 8300.91 8307.81 8326.26 8334.43 8342.82 8351.05 8359.15 8367.24
8684.75 8685.15 8681.98 8674.28 8661.97 8643.36 8605.24 8588.12 8576.37 8566.89 8558.82 8552.12 8550.72 8553.69 8558.11 8564.66 8568.98 8568.69 8568.74 8567.74 8565.72 8562.4 8558.61 8554.07 8548.47 8541.28 8534.53 8533.71 8538.11 8541.02 8538.41 8528.31 8538.5 8556.35 8577.13 8595.27 8609.44 8619.19 8620.81 8621.7 8619.88 8613.86 8600.39 8584.8 8582.81 8584.31 8580.15 8571.88 8555.57 8531.84 8508.14 8484.86 8444.68 8389.46 8335.69 8283.53 8248.15 8249.08 8259.58 8269.94 8280.22 8303.39 8314.99 8324.37 8334.59 8343.8 8352.85
8688.09 8685.66 8679.81 8670.42 8655.65 8638.21 8602.53 8584.41 8573.42 8564.9 8557.38 8550.94 8547.18 8549.54 8555.77 8561.18 8563.9 8566 8564.56 8561.53 8557.29 8552.35 8546.02 8538.61 8530.21 8523.69 8522.68 8526.7 8529.25 8527.98 8522.59 8514.48 8513.49 8527.5 8545.3 8563.45 8576.81 8587.4 8590.43 8592.23 8593.68 8588.79 8576.88 8560.66 8557.01 8560.23 8556.72 8545.23 8526.05 8499.73 8467.95 8433.05 8390.56 8341.17 8294.33 8250.86 8223.33 8223.01 8233.31 8246.58 8259.74 8274.3 8294.87 8304.62 8316.15 8327.29 8337.02
8692.84 8687.27 8677.7 8665.03 8648.37 8629.35 8599.41 8582.6 8572.96 8565.4 8558.64 8552.22 8546.26 8548.31 8555.14 8562.34 8567.72 8565.47 8561.28 8555.92 8549.6 8542.31 8534.01 8525.02 8515.08 8504.68 8511.17 8525.06 8525.84 8522.47 8517.03 8506.62 8496.31 8506.74 8522.55 8536.21 8547.73 8555.67 8558.28 8563.41 8571.04 8576.27 8583.3 8565.71 8553.28 8547 8537.41 8523.28 8503.78 8467.64 8425.97 8378.85 8330.88 8295.68 8261.32 8228.54 8205.23 8205.43 8215.54 8227.29 8243.02 8257.92 8273.06 8284.88 8296.95 8308.93 8321.27
8699.21 8688.67 8676.05 8660.62 8642.66 8618.56 8594.5 8583.19 8575.13 8568.43 8562.49 8555.68 8548.35 8549.75 8555.92 8563.63 8569.89 8564.3 8557.49 8550.19 8541.92 8533.41 8524.62 8515.13 8505.88 8499.83 8507.79 8523.91 8523.16 8518.99 8513.39 8500.3 8488.91 8495.12 8504.44 8514.89 8522.26 8525.57 8525.17 8534.29 8548.71 8561.54 8574.41 8561.35 8549.53 8536.97 8520.83 8500.78 8474.2 8436.24 8390.63 8338.49 8287.3 8262.64 8239.37 8215.78 8198.24 8196.89 8203.8 8213.7 8230.4 8244.01 8258.02 8268.69 8281.08 8292.86 8303.82
8704.63 8691.02 8676.09 8659.19 8639.94 8616.21 8598.26 8587.02 8579.34 8572.99 8567.66 8561.75 8553.37 8552.92 8556.3 8561.07 8563.41 8559.04 8552.27 8544.32 8535.61 8526.61 8517.42 8508.1 8500.27 8495.83 8501.32 8516.2 8515.68 8513.46 8511.34 8500.35 8489.76 8490.64 8493.85 8498.33 8502.19 8502.55 8500.51 8509.29 8525.31 8540.42 8554.69 8546.54 8537.76 8525.27 8504.81 8479.24 8446.7 8410.79 8367.97 8318.01 8268.71 8247.45 8230.48 8213.83 8198.41 8194.34 8198.93 8206.42 8219.92 8230.21 8242.33 8255.86 8268.96 8281.07 8293.24
8708.85 8692.92 8676.88 8659.72 8641.51 8621.68 8605.5 8591.91 8584.83 8577.67 8571.87 8565.68 8558.29 8556.09 8556.13 8556.99 8554.93 8552.15 8546.73 8538.89 8529.97 8520.65 8511.12 8502.24 8494.92 8490.83 8493.36 8499.07 8502.05 8503.23 8505.27 8502.69 8494.51 8487.97 8486.55 8486.6 8487.29 8487.53 8487.32 8492.31 8501.69 8513.93 8523.38 8524.52 8524.29 8510.09 8489.56 8465.01 8432.12 8398.85 8359.68 8314.46 8272.44 8246.7 8230.78 8218.86 8202.03 8194.84 8195.89 8201.98 8209.15 8221.54 8231.74 8244.79 8258.19 8270.04 8282.03
8712 8695.45 8678.03 8661.49 8644.51 8628.23 8614.65 8602.11 8590.43 8580.8 8574.05 8568.92 8564.22 8557.66 8555.18 8554.34 8551.98 8548.62 8542.49 8534.1 8524.74 8515.2 8505.66 8496.43 8488.68 8483.65 8484.08 8484.41 8485.8 8488 8491.51 8494.07 8489.67 8482.98 8479.84 8478.17 8477.07 8476.9 8477.52 8479.03 8482.13 8487.26 8491.59 8494.52 8492.59 8485.76 8476.39 8460.67 8436.8 8404.84 8364.31 8320.16 8279.97 8251.31 8233.03 8219.5 8202.95 8194.75 8194.36 8199.2 8205.33 8214.28 8225.95 8236.76 8253.46 8264.95 8276.49
8712.92 8696.59 8678.96 8662.97 8647.29 8632.86 8623.01 8608.21 8593.34 8581.53 8570.84 8563.31 8558.98 8554.48 8552.45 8552.1 8552.62 8548.54 8539.11 8529.77 8520.04 8510.56 8500.81 8490.66 8481.76 8473.15 8466.09 8466 8468.49 8471.23 8471.1 8473.68 8474.66 8473.44 8472.03 8470.96 8469.52 8468.54 8467.3 8466.42 8466.57 8467.02 8469.24 8471.29 8459.6 8466.16 8470.9 8464.37 8448.84 8419.14 8375.98 8329.09 8286.27 8254.99 8235.66 8219.62 8202.13 8193.35 8192.32 8197.05 8203.94 8212.54 8223.16 8232.98 8248.24 8259.35 8270.41
8712.73 8696.63 8679.96 8663.82 8648.78 8633.89 8620.21 8603.81 8592.62 8581.86 8570.18 8557.56 8550.14 8549.34 8548.19 8547.43 8547.77 8543.64 8533.27 8524.7 8516.2 8506.68 8497.14 8486.73 8476.68 8465.9 8457.05 8456.25 8457.74 8458.28 8459.27 8457.98 8461.75 8464.35 8465.26 8464.52 8463.53 8461.77 8460.38 8459.11 8457.16 8456.68 8461.04 8468.46 8473.37 8475.17 8477.38 8473.53 8461.96 8435.18 8389.59 8339.23 8290.38 8256.73 8240.87 8225.87 8205.25 8193.88 8192.6 8196.22 8202.57 8211.45 8220.22 8231.55 8242.57 8253.59 8264.96
8711.38 8695.55 8679.91 8663.63 8649.05 8633.46 8617.46 8599.89 8592.02 8582.22 8573.69 8558.92 8549.68 8546.4 8543.75 8540.8 8536.38 8529.64 8524.89 8519.6 8512.71 8504.31 8494.88 8484.8 8474.67 8464.36 8455.65 8452.59 8451.86 8449.53 8447.49 8451.68 8454.58 8457.64 8459.42 8459.82 8459.27 8457.38 8455.33 8453.4 8452.88 8455.02 8463.07 8475.34 8488.39 8491.53 8489.01 8483.97 8473.15 8447.89 8402.43 8350.53 8300.31 8263.78 8245.76 8230.4 8210.32 8198.13 8194.69 8196.56 8202.62 8210.88 8219.97 8230.5 8241.18 8252.08 8263.02
8709.37 8694.2 8679.28 8663.13 8648.92 8633.95 8620.3 8610.03 8593.09 8580.07 8569.32 8558.44 8550.19 8545.28 8541.35 8536.48 8528.73 8520.12 8519.43 8516.96 8511.41 8503.83 8494.94 8485.53 8475.79 8465.89 8457.41 8452.65 8450.15 8448.25 8447.03 8447.77 8450.89 8453.93 8456.25 8457.02 8456.56 8455.26 8452.44 8449.42 8452.12 8459.56 8468.65 8482.02 8494.84 8499.87 8498.15 8491.96 8481.33 8458.69 8413.49 8361.19 8311.41 8272.66 8248.61 8229.3 8210.45 8197.21 8195.05 8197.23 8203.65 8211.58 8221.67 8231.88 8242.67 8253.1 8263.57
8705.62 8691.75 8677.04 8663.11 8649.21 8635.31 8621.49 8604.86 8592.67 8577.57 8563 8555.96 8549.71 8545.5 8541.74 8537.29 8530.42 8522.62 8521.87 8518.93 8513.02 8505.37 8496.52 8487.55 8478.7 8469.65 8461.55 8456.02 8452.54 8448.65 8446.25 8446.33 8449.12 8452.15 8454.57 8456.03 8456.16 8455.71 8454.06 8453.61 8454.48 8457.64 8471.86 8486.43 8501.31 8508.39 8502.41 8494.71 8484.56 8465.84 8420.35 8368.34 8318.8 8277.37 8250.1 8229.21 8210.02 8196.72 8195.75 8199.24 8206.55 8214.55 8226.3 8236.84 8247.47 8257.89 8268.29
8702.28 8689.23 8675.9 8662.69 8649.78 8636.49 8624.22 8613.66 8595.23 8579.89 8565.32 8554.32 8550.07 8547.21 8544.89 8542.45 8539.49 8536.73 8532.1 8525.13 8516.51 8508.02 8499.01 8490.72 8482.45 8474.37 8468.11 8462.32 8455.55 8449.99 8447.29 8447.49 8449.4 8452.03 8454.52 8456.37 8457.54 8458.28 8458.35 8459.3 8461.52 8466.57 8477.26 8488.02 8497.03 8501.32 8498.45 8491.45 8479.89 8458.37 8419.11 8371.6 8323.32 8281.28 8251.5 8230.67 8213.01 8200.85 8198.94 8202.41 8211.25 8221.15 8231.85 8243.46 8254.55 8265.47 8275.95
8698.15 8686.5 8674.38 8662.46 8649.96 8636.66 8621.88 8602.69 8596.33 8589.07 8574.37 8559.97 8554.18 8551.68 8549.89 8548.96 8549.7 8551.96 8543.58 8531.6 8520.74 8510.94 8502.49 8494.18 8486.65 8479.78 8474 8467.78 8457.41 8448.92 8447.82 8449.38 8451.71 8453.96 8455.99 8458.19 8460.26 8462.26 8464.35 8465.42 8471.9 8481.66 8484.78 8488.4 8490.34 8490.27 8490.44 8485.8 8473.63 8450.05 8417.33 8376.03 8328.68 8282.21 8256.71 8237.3 8219.55 8206.54 8203.89 8207.46 8215.22 8226.75 8237.86 8251.31 8262.65 8275.56 8286.22
8694.45 8684.19 8673.16 8661.94 8650.51 8638.98 8626.13 8613.98 8608.11 8605.74 8588.25 8568.05 8561.15 8557.75 8555.13 8553.88 8554 8555.72 8546.81 8533.23 8522.66 8513.28 8505.44 8498.21 8490.97 8484.56 8478 8471.2 8460.34 8451.8 8451.67 8453.4 8455.53 8457.43 8459.51 8461.36 8463.82 8466.96 8471.19 8477.62 8486.62 8491.94 8489.89 8488.5 8486.09 8481.89 8484.87 8483.16 8473.97 8453.91 8425.91 8388.48 8341.89 8293.3 8266.06 8248.07 8230.32 8216.22 8211.86 8215.42 8222.72 8233.48 8247.52 8259.33 8271.59 8285.77 8295.88
8689.45 8680.3 8670.33 8660.85 8651.29 8642.23 8634.09 8624.96 8624.58 8613.62 8594.6 8576.37 8570.57 8565.73 8561.07 8556.55 8552.12 8546.52 8538 8529.98 8522.61 8516.03 8509.73 8502.87 8496.05 8489.13 8481.23 8473 8463.85 8460.11 8462.48 8460.36 8459.88 8460.84 8462.38 8464.71 8466.94 8470.3 8475.52 8484.11 8491.92 8491.64 8490.2 8488.66 8486.56 8484.25 8484.22 8485.78 8482.35 8472.01 8449.64 8411.45 8366.34 8319.48 8286.71 8266.96 8247.43 8231.14 8224.77 8227.73 8235.56 8246.24 8258.87 8271.15 8283.96 8296.94 8309.41
8686.18 8676.96 8668.93 8659.86 8652.04 8644.62 8640.46 8640.91 8619.71 8608 8600.14 8590.51 8582.5 8575.22 8567.77 8559.59 8549.86 8537.76 8528.33 8525.86 8523.02 8519.35 8514.68 8508.91 8502.5 8495.12 8485.95 8475.35 8472.46 8473.04 8467.98 8465.1 8464.13 8464.29 8465.36 8467.15 8469.29 8471.97 8475.14 8478.65 8480.51 8484.99 8487.34 8488.68 8489.34 8488.72 8488.64 8492.16 8492.78 8490.94 8475.73 8438.58 8398.3 8357.21 8319.96 8295.4 8271.24 8252.24 8242.83 8243.63 8251.36 8262.01 8273.98 8286.1 8300.36 8313.74 8327.36
8686.82 8678.64 8669.94 8660.59 8652.14 8644.59 8638.78 8630.37 8609.65 8612.09 8610.72 8604.53 8595.64 8586.07 8575.86 8565.14 8552.53 8536.89 8524.7 8526.79 8527.12 8525.21 8521.41 8516.37 8510.31 8503.44 8495.49 8487.48 8481.58 8475.14 8469.06 8467.51 8467.53 8467.55 8468.39 8469.25 8470.41 8472.16 8473.39 8472.33 8468.84 8477.95 8484.73 8488.76 8491.9 8497.2 8498.73 8498.33 8499.31 8497.93 8485.97 8461.22 8431.67 8401.39 8366.2 8330.99 8299.28 8276.1 8263.16 8262.9 8269.8 8280.03 8291.53 8304.2 8316.93 8330.42 8344.99
8690.33 8681.76 8672.78 8663.49 8654.11 8644.56 8635.03 8621.87 8610.42 8622.33 8630.33 8620.96 8608.21 8597.02 8586.29 8574.75 8562.13 8548.27 8537.79 8537.33 8536.58 8534.18 8530.12 8525.04 8519.31 8513.09 8507.08 8502.12 8493.41 8481.76 8473.21 8471.29 8470.84 8470.53 8470.25 8470.59 8471.16 8472.16 8473.56 8474.77 8475.96 8480.95 8485.94 8489.38 8491.55 8493.31 8498.76 8498.52 8500.93 8500.59 8494.45 8479.02 8459.54 8438.95 8405.47 8363.76 8327.23 8300.3 8284.44 8284.2 8291.26 8300.96 8311.86 8323.62 8335.8 8348.71 8362.25
8695.12 8686.82 8678.08 8668.19 8658.72 8648.33 8637.2 8626.53 8623.57 8634.42 8636.49 8630.06 8618.96 8608.5 8597.75 8587.11 8576.48 8567.24 8561.2 8554.86 8549.79 8545 8540.08 8534.44 8528.95 8522.98 8517.2 8511.84 8500.51 8486.38 8479.99 8477.09 8474.48 8472.62 8470.42 8469.82 8470.12 8472.58 8474.76 8478.69 8483.49 8487.42 8489.29 8490.93 8491.19 8487.88 8485.72 8494.34 8500.01 8501.69 8499.7 8490.89 8479.03 8459.81 8421.87 8388.87 8354.64 8325.88 8306.35 8308.59 8316.04 8325.67 8334.53 8345.09 8355.36 8367.43 8379.33
8701.56 8692.97 8683.27 8673.98 8663.61 8653.64 8643.46 8634.85 8635.22 8643.52 8644.96 8636.47 8627.57 8619.15 8610.05 8600.61 8592.1 8585.27 8580.45 8571.83 8563.71 8556.6 8550.28 8543.58 8538.05 8531.49 8525.21 8518.86 8504.84 8491.57 8488.5 8483.08 8478.71 8474.58 8471.4 8470.57 8470.25 8470.98 8474.31 8479.65 8487.73 8491.33 8491.35 8492.5 8494.01 8494.29 8492.06 8496.4 8499.48 8499.23 8496.66 8495.33 8493.47 8482.58 8445.9 8412.36 8383.53 8356.19 8338.68 8338.6 8344.4 8350.95 8357.63 8365.28 8373.59 8382.59 8393.44
8707.92 8700.4 8692.3 8683.43 8673.47 8663.63 8653.47 8644.64 8641.74 8647.06 8642.85 8639.71 8634.59 8628.28 8621.19 8614.13 8606.57 8599.9 8593.25 8585.14 8577.23 8569.88 8562.22 8554.41 8546.3 8539.03 8532.26 8525.57 8514.81 8501.63 8495.78 8488.4 8481.43 8475.87 8471.84 8469.25 8467.98 8468.51 8470.66 8475.37 8483.51 8488.07 8489.53 8492.11 8496.48 8503.62 8509.96 8503.81 8499.64 8495.35 8491.43 8493.89 8500.09 8501.8 8464.9 8432.56 8409.2 8388.59 8375.94 8373.78 8375.68 8377.72 8379.86 8384.17 8389.22 8396.86 8405.69
8716.36 8707.83 8699.95 8690.42 8683.17 8674.08 8665.98 8659.74 8655.75 8651.69 8642.8 8644.23 8642.13 8638.32 8633.32 8627.32 8620.87 8613.3 8603.78 8596.61 8590.78 8582.75 8573.63 8564.79 8555.83 8546.53 8538.19 8529.77 8518.17 8511.79 8502.04 8491.63 8482.22 8475.65 8470.39 8466.37 8464.07 8463.22 8463.94 8466.4 8472.59 8479.29 8483.21 8487.05 8493.33 8501.85 8507.54 8504.78 8496.68 8489.35 8485.13 8486.92 8492.98 8493.57 8468.99 8444.49 8430.09 8419.48 8415.42 8412.24 8407.5 8403.09 8401.22 8402.06 8405.23 8410.01 8417.03
8723.73 8716.88 8707.33 8700.37 8692.69 8685.66 8680.27 8676.12 8674.85 8660.77 8653.23 8651.92 8649.9 8646.92 8643.54 8638.87 8633.71 8627.74 8620.21 8613.46 8605.5 8595.49 8584.64 8573.92 8562.85 8551.58 8541.77 8532.16 8524.03 8516.64 8504.19 8490.32 8480.09 8472.48 8466.42 8461.62 8457.65 8455.52 8455.38 8458.89 8466.69 8472.4 8472.4 8476.15 8482.87 8491.88 8501.85 8499.59 8487.76 8478.79 8473.6 8472.69 8475.19 8473.99 8456.13 8444.7 8443.67 8445 8453.21 8449.77 8435.62 8425.95 8420.85 8419.37 8420.14 8423.22 8427.68
8735.22 8729.49 8723.23 8717.55 8710.78 8703.95 8696.5 8690.72 8679.81 8670.63 8666.1 8663.28 8659.85 8656.71 8653.5 8650.27 8647.36 8643.73 8639.89 8633.55 8621.91 8608.71 8596.01 8582.39 8568.89 8555.5 8542.78 8530.61 8521.2 8507.45 8496.1 8484.38 8475.55 8468.36 8462.09 8456.87 8451.65 8447.5 8444.39 8444.48 8448.9 8451.17 8454.71 8459.91 8466.41 8473.47 8480.23 8478.36 8470.75 8463.51 8457.22 8453.24 8453.31 8451.13 8445.97 8444.63 8450.82 8457.93 8468.17 8466.21 8451.7 8440.92 8434.85 8432.05 8431.96 8433.19 8435.48
8733.42 8727.02 8721.76 8732.28 8726.45 8720.15 8714.22 8707.22 8697.68 8688.03 8680.83 8673.56 8668.76 8665.2 8662.55 8661.31 8659.19 8657.92 8656.09 8650.01 8636.63 8621.04 8605.3 8589.48 8573.92 8558.37 8543.48 8525.49 8508.99 8493.01 8480.39 8475.59 8469.67 8463.41 8457.34 8451.49 8444.95 8439.11 8432.78 8427.19 8426.98 8427.62 8434.84 8442.05 8447.66 8450.97 8450.41 8449.91 8450.37 8448.48 8444.26 8440.67 8438.73 8437.67 8440.31 8444.15 8454.24 8460.95 8465.19 8463.19 8454.65 8447.37 8443.18 8440.85 8440.51 8441.51 8442.96
8732.22 8724.3 8717.67 8718.61 8716.33 8716.14 8718.24 8718.99 8716.04 8703.89 8690.17 8680.62 8675.11 8671.23 8669.3 8670.58 8669.72 8669.27 8668.35 8663.75 8647.84 8630.56 8612.67 8594.93 8577.87 8561.18 8545.69 8530.44 8513.97 8496.21 8476.55 8470.94 8465.45 8459.33 8453.09 8446.66 8439.31 8432.09 8424.3 8416.56 8414.38 8414.74 8419.83 8426.44 8430.85 8432.17 8428.82 8427.46 8434.65 8437.38 8437.16 8436.58 8434.96 8437.55 8443.53 8449.87 8459.18 8461.02 8458.28 8453.2 8450.88 8448.71 8446.93 8445.65 8445.55 8445.98 8446.5
8728.66 8717.16 8708.9 8707.21 8710.91 8714.6 8722.13 8722.68 8713.69 8701.28 8692.15 8689.57 8686.82 8685.21 8684.45 8682.54 8680.73 8679.39 8676.36 8668.94 8653.49 8634.83 8615.51 8597.84 8580.18 8563.03 8547.32 8533.62 8521.45 8505.68 8485.46 8471.58 8463.37 8456.52 8449.9 8443.38 8436.25 8428.29 8420.29 8414 8408.87 8407.21 8410.11 8415.26 8419.24 8421.07 8420.69 8423.3 8427.68 8431.09 8433.14 8434.56 8433 8439.67 8453.44 8467.82 8467.77 8462.62 8454.13 8445.73 8447.17 8448.43 8448.83 8448.84 8448.46 8448.89 8449.85
