real_craters/C127-500m.grd
DSAA
157 157
-38.9025 38.9025
-38.9025 38.9025
6617.8995736427 8976.4335320023
[rows 120 to 149 of 157, columns 0 to 66 of 157]
8700.58 8689.57 8676.32 8650.29 8615.07 8595.41 8575.83 8549.32 8542.64 8535.12 8529.68 8527.06 8523.36 8514.88 8505.7 8496 8498.67 8481.58 8468.18 8458.26 8473.65 8483.15 8479.21 8484.96 8485.85 8491.71 8502.57 8500.65 8493.9 8494.77 8500.52 8499.32 8503.05 8502.31 8493.5 8478.42 8454.79 8434.86 8430.63 8428.73 8427.6 8424.99 8423.27 8424.49 8411.36 8394.32 8379.15 8366.14 8355.68 8354.03 8350.18 8344.91 8346.29 8352.52 8351.7 8351.61 8369.1 8383.52 8396.26 8407.19 8418.93 8431.33 8443.41 8459.42 8479.34 8484.97 8485.75
8689.71 8675.15 8660.01 8638.1 8594.6 8575.6 8556.56 8537.58 8534.5 8530.51 8526.69 8523.19 8519.84 8516.6 8501.12 8484.84 8477.07 8472.98 8459.45 8446.85 8474.99 8492.86 8494.59 8486.73 8485.15 8493.06 8504.97 8498.76 8487.16 8484.69 8490.65 8498.29 8520.86 8524.57 8509.97 8494.37 8469.58 8454.71 8443.71 8440.36 8439.84 8440.45 8440.1 8435.72 8418.01 8394.42 8369.68 8361.95 8359.37 8353.35 8348.05 8343.18 8345.37 8354.9 8359.67 8361.81 8375.46 8390.97 8403.42 8414.56 8423.55 8430.62 8444.09 8462.41 8474.61 8486.08 8491.31
8681.63 8659.34 8632.94 8599.89 8574.3 8562.96 8554.8 8549.54 8535.88 8526.34 8519.83 8515.29 8512.1 8506.02 8490.79 8481.39 8478.44 8478.73 8482.24 8500.17 8499.99 8489.07 8488.94 8478.29 8480.03 8481.92 8481.07 8473.16 8465.51 8454.88 8441.17 8471.71 8505.12 8515.41 8503.59 8486.63 8473.63 8458.25 8454.14 8451.95 8451.95 8457.24 8461.54 8452.03 8426.2 8398.17 8375.15 8365.19 8362.7 8357.26 8351.93 8346.7 8346.32 8354.91 8364.63 8372.58 8389.98 8403.15 8414.73 8424.54 8432.79 8439.68 8452.19 8470.98 8483.67 8491.02 8494.13
8672.45 8645.82 8614.61 8575.55 8559.61 8555.45 8550.94 8548.69 8529.59 8518.49 8512.68 8507.51 8502.25 8497.86 8486.39 8466.49 8476.74 8488.7 8501.43 8510.95 8485.4 8452.07 8445.68 8461.96 8468.63 8468.42 8458 8448.47 8449.05 8443.15 8433.7 8452.71 8480.93 8494.95 8491.33 8477.55 8478.92 8478.52 8471.71 8460.28 8455.61 8464.91 8475.38 8460.99 8432.38 8402.71 8378.71 8371.72 8368.37 8364.91 8362.07 8358.71 8358.88 8367.49 8383.14 8404.61 8415.11 8421.15 8428.98 8437.57 8446.88 8456.69 8469.56 8484.98 8497.05 8497.9 8497.2
8664.42 8635.87 8612.94 8602.22 8571.67 8551.63 8539.63 8530.64 8506.71 8508.27 8505.15 8498.59 8490.87 8484.37 8500 8499.66 8490.3 8499.62 8513.5 8527.42 8519.46 8476.94 8457.67 8460.39 8462.5 8460.4 8453.8 8448.16 8448.27 8446.45 8435.45 8445.62 8468.89 8486.18 8485.98 8487 8487.07 8488.5 8479.63 8460.02 8446.69 8438.69 8451.66 8455.89 8436.36 8407.44 8378.64 8375.12 8374.89 8376.03 8377.91 8380.74 8387.2 8398.64 8414.12 8429.97 8433.91 8436.72 8442.81 8450.81 8460.88 8473.39 8487.84 8496.41 8502.59 8501.5 8499.07
8661.08 8621.52 8586.97 8581.17 8562.39 8543.79 8526.63 8499.3 8504.29 8509.56 8505.3 8496.78 8485.6 8471.4 8477.93 8491.11 8494.95 8502.36 8513.07 8524.45 8533.65 8512.49 8479.68 8468.02 8463.26 8461.4 8459.68 8457.79 8458.96 8455.71 8446.78 8450.58 8461.73 8465.34 8477.55 8489.09 8483.65 8477.04 8465.64 8451.05 8438.82 8430.47 8457.57 8464 8444.61 8417.35 8394.11 8380.93 8383.17 8390.28 8397.35 8405.24 8414.34 8429.94 8438.92 8442.92 8442.45 8446.5 8452.52 8460.8 8471.6 8483.97 8494.64 8502.45 8505.37 8502.37 8498.21
8659.7 8605.94 8557.55 8536.51 8537.53 8531.61 8525.47 8527.66 8533.43 8517.4 8506.42 8495.94 8486.14 8479.94 8486.97 8490.47 8492.99 8498.63 8504.23 8505.68 8500.84 8490.07 8482.03 8473.12 8470.03 8469.12 8469.87 8471.84 8477.19 8483.9 8476.08 8470.46 8469.54 8465.4 8471.24 8471.33 8470.8 8464.22 8450.37 8444.05 8438.22 8447.61 8489.16 8481.62 8457.08 8429.04 8407.68 8395.95 8399.98 8408.02 8417.62 8429.5 8443.85 8448.88 8452.7 8451.21 8450.19 8453.53 8459.26 8467.13 8477.92 8490.28 8502.39 8502.39 8501.94 8501 8497.35
8646.54 8589.8 8544.62 8529.57 8526.49 8526.46 8525.04 8525.38 8524.93 8520.12 8508.56 8497.42 8488.76 8483.02 8476.87 8479.81 8487.69 8491.71 8493.11 8491.59 8484.8 8486.59 8483.99 8479.93 8476.18 8476.02 8479.02 8485.66 8493.14 8507.9 8515.68 8509.47 8487.87 8477.15 8476.55 8478.77 8478.89 8471.94 8459.1 8446.31 8436.21 8446.62 8496.58 8486.75 8467.22 8444.16 8429.93 8431.97 8423.23 8424.97 8433.8 8447.17 8461.31 8460.92 8462.85 8459.46 8458.37 8457.69 8461.87 8469.83 8480.4 8491.59 8500.64 8499.52 8500.14 8500.47 8495.71
8609.52 8569.47 8539.05 8527.81 8526.01 8524.05 8521.82 8522.42 8530.73 8521.45 8511.19 8501.14 8492.19 8485.14 8481.79 8483.42 8484.48 8487.17 8488.21 8487.56 8485.48 8485.92 8488.05 8485.44 8482.9 8481.81 8484.43 8489.22 8494.66 8504.26 8520.63 8514.48 8498.21 8485.13 8487.59 8498.23 8501.1 8487.94 8474.13 8453.78 8436.32 8428.2 8460.17 8473.89 8473.12 8467.15 8452.14 8440.17 8435.27 8436.98 8444.72 8457.47 8472.45 8474.84 8467.64 8462.07 8456.67 8455.23 8460.34 8469.37 8480.3 8490.75 8497.51 8503.64 8505.47 8502.49 8496.69
8580.52 8553.94 8537 8540.14 8530.58 8524.5 8519.41 8510.73 8506 8517.49 8512.04 8503.45 8495.04 8487.6 8484.42 8483.13 8483.03 8484.17 8485.49 8486.13 8485.9 8494.72 8492.27 8488.74 8485.8 8484.14 8484.42 8486.85 8491.32 8501.59 8516.42 8512.07 8508.49 8500.08 8500.79 8512.09 8517.92 8502.9 8484.87 8467.88 8449.11 8436.97 8439.62 8460.47 8471.61 8478.96 8461.41 8441.03 8438.73 8441.85 8448.62 8458.42 8470.84 8476.94 8464.08 8450.93 8444.15 8447.7 8455.9 8467.13 8479.78 8492.03 8503.35 8519.46 8515.78 8506.49 8499.02
8573.53 8556.55 8539.58 8537.17 8532.79 8527.86 8523.57 8520.5 8521.96 8519.2 8511.57 8503.57 8495.93 8490.1 8484.65 8482.19 8482.95 8483.82 8484.82 8485.56 8486.91 8492.25 8490.56 8488.45 8486.79 8485.15 8484.51 8484.25 8492.94 8512.31 8530.33 8539.27 8527.42 8511.2 8506.02 8515.38 8517.22 8512.16 8506.55 8479.45 8456.43 8450.94 8450.13 8454.56 8462.39 8471.87 8455.18 8441.1 8438.18 8442.28 8448.27 8452.96 8453.17 8450.9 8450.91 8441.35 8436.59 8440.27 8450.92 8464.06 8478.94 8494.03 8509.27 8518.17 8518.94 8510.17 8502.61
8565.55 8564.88 8552.96 8537.71 8533.88 8530.98 8529.83 8533.09 8541.19 8518.55 8509.19 8501.5 8494.94 8489.5 8484.77 8482.87 8485.39 8486.82 8486.23 8485.04 8482.64 8479.68 8484.77 8486.12 8486.09 8485.75 8486.22 8489.16 8503.85 8525.63 8544.89 8558.42 8544.89 8524.95 8515.86 8520.67 8532.08 8511.46 8490.09 8469.52 8453 8448.33 8449.62 8445.67 8443.26 8438.76 8430.73 8428.76 8433.71 8441.4 8448.15 8452.11 8450.81 8444.17 8445.26 8441.82 8434.29 8435.26 8446.61 8460.67 8476.33 8493.23 8510.3 8519.89 8520.9 8513.43 8506.93
8559.93 8567.12 8554.6 8543.44 8536.6 8533.61 8531.43 8529.72 8522.88 8511.98 8505.8 8499.5 8493.27 8489 8488.48 8486.83 8492.25 8493.18 8489.77 8484.66 8478.55 8483.38 8482.55 8484.36 8485.5 8486.45 8487.84 8491.91 8497.1 8518.6 8545.41 8569.29 8558.08 8534.83 8520.36 8519.65 8511.83 8504.94 8486.91 8468.24 8454.35 8443.58 8440.6 8436.1 8426.64 8414.6 8404.92 8414.41 8431.02 8442.02 8449.86 8456.09 8459.23 8458.21 8451.06 8448.14 8439.22 8435.39 8444.17 8457.09 8471.69 8488.23 8507.95 8525.16 8521.92 8517.12 8513.29
8578.19 8563.12 8542.23 8539.17 8537.62 8534.44 8530.59 8526.4 8520.54 8510.48 8503.73 8498.37 8493.32 8487.64 8485.32 8498.49 8505.84 8503.54 8497.34 8488.84 8480.87 8481.11 8481.82 8482.8 8483.98 8485.84 8488.18 8491.33 8495.17 8509.42 8531.81 8548.83 8549.47 8534.4 8524.41 8523.13 8520.62 8513.17 8497.67 8479.05 8458.54 8451.69 8443.72 8433.44 8421.46 8416.46 8424.13 8429.57 8438.49 8446.63 8454.22 8461.41 8467.98 8460.13 8452.13 8444.87 8436.2 8434.72 8443.11 8454.21 8466.43 8479.58 8491.87 8502.98 8516.6 8518.4 8520.01
8538.84 8565.15 8553.19 8544.45 8539.27 8535.87 8531.48 8525.77 8517.41 8507.94 8503.36 8499.12 8495.66 8494.62 8500.72 8527.62 8523.38 8515.08 8506.77 8497.89 8488.04 8486.59 8484.77 8484.24 8485.27 8485.84 8488.43 8491.04 8493.84 8504.72 8518.17 8524.28 8528.39 8527.89 8523.04 8531.06 8539.74 8528.12 8502.4 8477.67 8459.64 8460.37 8450 8437.93 8426.88 8429.58 8448.8 8450.72 8451.57 8454.86 8459.76 8464.82 8467.79 8457.65 8450.98 8440.32 8433.08 8438.15 8444.09 8452.67 8462.12 8471.81 8482.61 8499.22 8513.82 8521.43 8531.42
8558.84 8559.38 8554.84 8549.33 8543.54 8538.72 8533.85 8527.12 8518.93 8509.99 8506.84 8502.2 8497.34 8495.04 8513.5 8540.86 8531.86 8522.95 8515.22 8509.35 8500.84 8486.07 8485.24 8484.32 8485.56 8488.25 8491.62 8493.37 8495.27 8505.06 8514.33 8518.53 8521.71 8528.52 8530.39 8539.25 8546.59 8533 8500.63 8472.26 8461.98 8465.61 8455.9 8446.1 8440.99 8447.73 8467.42 8463.14 8462.76 8464.04 8466.25 8467.37 8465.77 8468.67 8461.28 8444.35 8434.3 8439.8 8445.58 8452.28 8459.57 8466.6 8474.76 8494.71 8513.11 8526.71 8540.36
8561.59 8572.22 8562.19 8554.28 8548.43 8543 8536.88 8531.48 8527.73 8524.77 8515.5 8508.59 8504.55 8503.5 8511.6 8520.42 8526.57 8524.92 8519.29 8511.81 8499.77 8485.66 8482.56 8482.01 8485.18 8489.33 8493.11 8497.13 8503.21 8510.7 8519.85 8527.36 8530.56 8539 8545.45 8544.73 8538.83 8521.88 8495.27 8472.08 8462.53 8463.46 8459.09 8452.91 8449.85 8452.08 8457.63 8464.52 8468.42 8471.64 8473.56 8471.74 8472.45 8477.82 8468.26 8449.87 8439.67 8442.9 8448.49 8454.13 8459.54 8464.76 8473.06 8492.14 8511.39 8528.32 8544.49
8567.69 8567.1 8562.02 8558.07 8553.94 8547.67 8542.62 8537.67 8533.92 8528.72 8520.94 8515.2 8511.45 8510.37 8514.93 8518.59 8525.24 8525.16 8520.46 8513.36 8497.19 8478.84 8473.02 8480.07 8486.82 8491.78 8495.81 8500.3 8507.05 8515.36 8528.45 8545.4 8557.32 8550.67 8548.52 8542.88 8527.46 8506.99 8490.47 8473.82 8467.31 8466.22 8462.42 8457.72 8453.43 8452.94 8456.62 8464.73 8471.4 8477.12 8481.12 8480.63 8476.97 8471.51 8461.23 8453.37 8447.97 8450.21 8456.04 8459.7 8462.65 8465.76 8472.18 8490.17 8508.67 8524.28 8546.9
8574.22 8567.04 8564.67 8563.05 8560.84 8556.08 8551.31 8545.02 8538.08 8529.37 8526.04 8523.78 8519.66 8524.84 8529.83 8534.68 8534.1 8528.08 8518.82 8510.66 8490.7 8466.84 8466.58 8484.63 8492.62 8496.26 8498.28 8501.03 8507.03 8516.46 8531.94 8547.86 8552.93 8550.1 8547.96 8539.36 8522.25 8508.39 8490.91 8476.92 8470.94 8469.59 8466.99 8463.25 8458.86 8456.9 8459.49 8467.6 8474.66 8481.05 8487.64 8494.62 8481.84 8465.23 8458.44 8458.39 8460.66 8466.34 8466.89 8466.69 8468.45 8470.28 8474.33 8487.32 8502.1 8518.03 8543.95
8596.41 8589.29 8575.88 8572.9 8569.44 8564.17 8559.78 8553.75 8547.62 8541.89 8540 8538.69 8536.54 8535.21 8546.06 8551.8 8547.79 8534.18 8515.28 8494.14 8477.04 8461.64 8491.05 8501.05 8502.33 8502.32 8501.81 8500.05 8506.09 8517.62 8530.74 8543.83 8549.14 8545.87 8536.67 8523.92 8515.44 8502.79 8493.69 8484.45 8478.66 8475.6 8473.56 8470.9 8469.56 8468.02 8469.13 8472.83 8477.69 8482.43 8487.4 8492.38 8461.95 8458.79 8461.57 8464.13 8468.7 8471.44 8470.21 8470.42 8474.16 8478.58 8480.66 8486.17 8494.03 8517.35 8539.85
8596.03 8604.34 8589.95 8583.98 8579.62 8576.34 8570.92 8565.95 8560.86 8554.82 8553.45 8557.97 8562.25 8560.66 8568.72 8574.04 8567.19 8544.8 8514.49 8487.16 8475.28 8480.4 8514.98 8515.21 8510.08 8508.5 8508.16 8507.94 8510.16 8515.96 8526.98 8539.67 8549.58 8543.12 8529.63 8517.79 8513.3 8507.41 8500.78 8492.83 8485.23 8483.18 8481.38 8479.38 8476.93 8477.05 8477.4 8478.46 8480.5 8481.83 8480.78 8474.3 8457.86 8458.56 8462.55 8467.91 8471.63 8468.74 8464.92 8469.39 8477.1 8488.64 8495.09 8485.96 8487.06 8498.45 8516.09
8613.82 8603.65 8599.34 8595.15 8591.98 8588.73 8584.93 8581.36 8577.16 8573.65 8573.89 8576.09 8581.74 8585.72 8593.05 8602.58 8596.41 8559.58 8517.21 8482.34 8475.83 8486.01 8502.63 8508.55 8510.19 8511.67 8513.07 8515.8 8514.18 8512.1 8522.29 8532.04 8538.63 8533.47 8526.81 8521.33 8518.78 8515.06 8512.68 8509.16 8500.89 8493.5 8489.56 8488.37 8486.82 8489.09 8483.32 8483.65 8484.42 8482.88 8476.82 8469.45 8467.7 8465.14 8468.95 8472.27 8475.31 8469.89 8460.11 8465.5 8473.27 8483.52 8484.4 8475.43 8474.42 8482.14 8512.04
8615.41 8609.93 8607.02 8605.6 8603.64 8601.73 8600.18 8598.51 8595.86 8592.83 8592.44 8589.61 8591.37 8598.08 8609.4 8619.9 8612.96 8570.59 8522.31 8484.85 8476.45 8476.81 8482.52 8498.42 8508.8 8512.46 8514.77 8515.78 8516.24 8517.14 8520.5 8524.6 8523.71 8523.91 8525.11 8526.15 8527.66 8530.08 8526.77 8518.77 8508.21 8498.88 8494.63 8493.85 8488.72 8476.08 8483.55 8488.3 8489.92 8487.82 8479.81 8464.99 8466.66 8470.58 8476.34 8476.1 8471.27 8463.98 8460.75 8460.86 8463.03 8466.68 8464.99 8456.13 8449.15 8463.07 8483.31
8619.08 8618.68 8617.27 8616.42 8615.39 8615.05 8615.04 8615.43 8616.7 8617.48 8608.8 8601.25 8597.2 8607.33 8618.11 8623.46 8613.94 8576.71 8530.55 8494.73 8485.3 8480.46 8487.18 8506.31 8512.84 8515.72 8516.86 8519.13 8518.22 8518.08 8520.68 8523.13 8522.68 8522.93 8526.83 8528.64 8536.37 8543.13 8537.52 8520.22 8505.89 8498.96 8496.34 8494.91 8494.47 8492.56 8492.96 8495.19 8497.45 8498.3 8496.12 8483.08 8471.8 8474.66 8478.15 8475.04 8467.66 8461.55 8461.29 8456.9 8452.01 8445.52 8443.52 8440.79 8438.23 8451.91 8473.99
8625.53 8631.41 8628.14 8625.66 8625.56 8625.98 8628 8631.11 8635.07 8641.64 8634.75 8620.81 8616.62 8621.44 8624.68 8623.54 8614.19 8582.05 8547.22 8518.91 8505.51 8499.07 8502.61 8518.14 8519.84 8520.81 8518.7 8517.19 8521.59 8522.48 8526.24 8527.99 8526.87 8526.48 8535.06 8544.27 8549.19 8547.96 8539.52 8525.81 8506.97 8501.73 8499.4 8493.78 8501.88 8507.95 8503.46 8502.34 8505.05 8510.04 8516.72 8507.88 8486.08 8479.59 8475.5 8471.71 8468.59 8463.28 8461.22 8455.53 8446.77 8437.46 8434.79 8434.61 8436.39 8447.56 8467.14
8637.59 8636.58 8635 8633.87 8634.52 8635.79 8637.94 8642.48 8646.36 8651.36 8648.92 8639.87 8641.25 8636.97 8629.46 8620.89 8607.61 8581.69 8557.2 8539.39 8528.78 8529.22 8533.61 8525.84 8529.41 8531.09 8527.12 8524.48 8531.9 8536.77 8538.36 8537.17 8537.01 8538.84 8545.51 8555.14 8556.31 8548.3 8534.42 8523.22 8517.78 8514.17 8509.69 8504.57 8506.79 8511.17 8506.19 8505.51 8508.29 8513.48 8520.49 8511.1 8494.16 8484.83 8477.35 8472.9 8472.5 8474.13 8467.84 8459.25 8448.4 8437.38 8434.63 8435.54 8438.3 8446.52 8461.25
8651.49 8641.41 8638.4 8640.52 8642.67 8643.95 8645.81 8648.68 8651.35 8653.6 8651.11 8647.7 8647.57 8640.85 8629.8 8616.13 8596.57 8573.49 8550.97 8541.61 8543.82 8553.79 8566.08 8544.41 8543.74 8547.33 8553.72 8551.74 8546.79 8544.73 8544.29 8545.14 8547.85 8550.15 8552.57 8556.27 8556.03 8550.02 8538.04 8520.27 8529.96 8529.92 8521.13 8514.92 8501.78 8497.94 8500.91 8504.02 8507.6 8510.7 8512.16 8508.52 8500.24 8489.57 8480.77 8475.89 8473.62 8475.17 8474.21 8469.98 8456.02 8442.27 8439.19 8441.1 8445.91 8452.04 8455.67
8653.64 8649.58 8648.82 8649.45 8650.48 8650.99 8652.33 8653.17 8653.92 8653.87 8653.1 8650.93 8645.42 8638.65 8627.03 8613.05 8595.43 8573.36 8548.66 8543.47 8550.61 8562.15 8571 8560.82 8557.46 8558.04 8566.67 8567.29 8558.92 8554.5 8553.12 8554.15 8555.66 8555.56 8556.57 8556.31 8553.75 8550.49 8545.24 8535.64 8535.39 8535.08 8528.07 8512.21 8495.99 8490.7 8496.07 8501.95 8506.61 8508.54 8506.91 8519.35 8506.65 8492.44 8480.55 8471.89 8471.68 8475.15 8491.2 8491.39 8467.28 8449.15 8445.87 8447.57 8453.45 8459.81 8457.44
8665.47 8661.77 8661.55 8660.46 8658.43 8656.9 8656.39 8655.29 8654.19 8653.06 8652.83 8644.06 8643.94 8635.47 8623.52 8609.77 8596.48 8576.06 8550.5 8547.42 8553.23 8561.6 8569.59 8574.54 8565.88 8560.32 8552.76 8560.88 8566.16 8565.45 8564.64 8563.57 8562.27 8562.08 8559.87 8557.81 8554.77 8552.83 8547.18 8535.42 8537.42 8540.12 8538.57 8522.96 8495.33 8489.05 8494.52 8501.29 8507.41 8511.51 8512.65 8515.22 8505.22 8492.51 8480.16 8470.39 8471.39 8476.12 8492.39 8494.82 8473.87 8459.05 8452.52 8452.65 8455.73 8458.5 8461.63
8676.05 8674.41 8673.77 8668.95 8665.19 8662.21 8659.5 8656.68 8654.03 8651.36 8646.97 8641.14 8641.3 8631.75 8619.44 8605.48 8588.79 8569.63 8557.78 8552.01 8553.3 8556.41 8562.46 8560.4 8558.97 8566.3 8570.02 8573.58 8575.15 8573.91 8571.77 8569.03 8565.89 8564.58 8563.37 8562.91 8564.27 8558.38 8551.68 8548.11 8561.05 8568.86 8547.18 8522.93 8499.03 8492.51 8495.4 8501.21 8508.34 8515.26 8519.19 8507.03 8500.04 8491.28 8482.17 8475.14 8475 8478.72 8483.62 8480.73 8468.12 8458.36 8455.45 8456.15 8458.57 8462.3 8463.75
