real_craters/C128-750m.grd
DSAA
108 108
-40.25 40.25
-40.25 40.25
3452.1127595484 4894.5833268247
[rows 0 to 37 of 108, columns 0 to 83 of 108]
4438 4437 4438 4439 4438 4438 4436 4433 4431 4431 4433 4432 4430 4431 4433 4438 4470 4441 4445 4438 4467 4488 4503 4573 4512 4497 4500 4486 4467 4450 4438 4431 4428 4430 4429 4426 4429 4428 4427 4426 4425 4424 4428 4436 4443 4436 4440 4432 4425 4432 4440 4441 4439 4437 4443 4436 4433 4432 4432 4428 4425 4425 4424 4424 4425 4425 4424 4425 4428 4428 4428 4426 4425 4423 4424 4436 4463 4437 4435 4433 4429 4424 4420 4422
4437 4437 4437 4437 4437 4436 4435 4433 4432 4431 4434 4432 4429 4429 4434 4472 4588 4526 4470 4435 4439 4479 4523 4565 4506 4468 4432 4449 4452 4445 4436 4428 4428 4428 4427 4426 4428 4428 4427 4425 4424 4424 4426 4429 4430 4423 4429 4425 4423 4427 4431 4434 4434 4434 4429 4431 4432 4434 4435 4441 4431 4429 4427 4424 4422 4421 4423 4426 4429 4428 4427 4425 4424 4424 4430 4440 4450 4462 4453 4446 4437 4428 4420 4422
4436 4436 4436 4437 4437 4436 4434 4434 4433 4433 4433 4435 4434 4440 4453 4505 4530 4513 4477 4448 4470 4481 4494 4486 4466 4447 4430 4438 4443 4442 4439 4425 4426 4426 4426 4425 4427 4427 4426 4424 4423 4424 4424 4425 4424 4422 4423 4424 4424 4425 4428 4430 4430 4429 4428 4428 4431 4434 4435 4432 4439 4436 4429 4424 4422 4435 4447 4441 4430 4428 4427 4426 4424 4425 4429 4425 4435 4470 4466 4455 4445 4435 4425 4427
4435 4434 4434 4438 4437 4436 4435 4434 4434 4433 4432 4436 4439 4446 4461 4489 4457 4450 4436 4526 4505 4479 4464 4440 4434 4447 4454 4453 4450 4450 4453 4459 4427 4424 4425 4423 4425 4426 4425 4423 4423 4424 4424 4423 4423 4423 4422 4424 4426 4426 4430 4432 4431 4428 4427 4431 4434 4437 4442 4456 4458 4443 4433 4425 4424 4439 4435 4426 4426 4426 4425 4430 4430 4431 4429 4424 4431 4466 4468 4458 4449 4442 4444 4437
4435 4435 4437 4438 4438 4436 4433 4434 4435 4432 4431 4435 4438 4444 4449 4433 4490 4450 4437 4494 4474 4463 4451 4440 4432 4461 4485 4469 4459 4452 4450 4456 4477 4446 4425 4426 4423 4426 4427 4426 4424 4426 4425 4424 4423 4423 4422 4423 4426 4429 4435 4438 4438 4429 4431 4438 4440 4442 4445 4447 4447 4443 4437 4428 4422 4429 4426 4423 4425 4427 4429 4431 4435 4433 4427 4425 4424 4447 4454 4452 4447 4443 4439 4435
4435 4435 4436 4439 4438 4436 4436 4435 4435 4433 4431 4434 4438 4439 4430 4429 4435 4458 4434 4474 4434 4442 4447 4463 4430 4457 4476 4473 4461 4449 4436 4436 4451 4488 4489 4446 4428 4426 4436 4438 4426 4426 4426 4424 4423 4422 4421 4424 4429 4438 4441 4447 4457 4463 4460 4451 4445 4442 4440 4432 4433 4437 4441 4442 4439 4442 4426 4423 4423 4425 4426 4427 4427 4422 4423 4424 4423 4426 4436 4441 4440 4437 4433 4431
4435 4435 4436 4438 4437 4436 4436 4436 4435 4433 4431 4432 4432 4430 4430 4433 4433 4472 4430 4430 4431 4434 4435 4431 4431 4460 4478 4470 4457 4443 4430 4427 4432 4449 4464 4467 4476 4471 4455 4448 4430 4436 4431 4426 4422 4422 4422 4422 4429 4436 4441 4447 4460 4493 4475 4455 4446 4440 4437 4429 4428 4433 4444 4459 4462 4442 4424 4422 4423 4423 4424 4424 4424 4421 4422 4423 4422 4423 4432 4434 4434 4432 4428 4425
4436 4435 4434 4434 4435 4435 4435 4435 4435 4432 4428 4430 4431 4433 4433 4434 4433 4434 4430 4429 4436 4427 4423 4426 4430 4466 4478 4468 4455 4441 4430 4426 4425 4428 4436 4444 4443 4450 4453 4453 4453 4448 4437 4427 4422 4425 4428 4424 4433 4438 4438 4437 4437 4437 4445 4443 4439 4433 4428 4426 4424 4430 4439 4450 4447 4432 4422 4422 4422 4422 4422 4422 4422 4422 4423 4423 4423 4425 4429 4434 4435 4431 4427 4424
4436 4435 4435 4435 4435 4434 4435 4435 4435 4432 4428 4430 4431 4432 4433 4432 4432 4432 4429 4428 4428 4423 4417 4416 4467 4475 4474 4461 4449 4436 4427 4425 4426 4426 4428 4429 4426 4426 4438 4450 4464 4454 4439 4429 4423 4434 4449 4451 4444 4435 4429 4429 4427 4424 4429 4431 4431 4427 4423 4424 4421 4425 4430 4434 4456 4443 4422 4421 4421 4422 4422 4422 4422 4422 4421 4421 4420 4423 4432 4439 4437 4432 4427 4423
4436 4435 4434 4434 4433 4433 4432 4432 4433 4432 4428 4429 4431 4431 4432 4432 4435 4430 4429 4427 4426 4423 4418 4417 4472 4470 4462 4455 4443 4433 4425 4425 4425 4426 4426 4425 4425 4424 4429 4433 4431 4432 4435 4434 4429 4443 4462 4472 4449 4434 4425 4425 4425 4423 4424 4424 4425 4423 4422 4421 4420 4421 4423 4423 4425 4427 4420 4421 4421 4421 4422 4422 4423 4421 4420 4419 4419 4425 4449 4445 4437 4431 4426 4422
4436 4435 4434 4433 4432 4432 4432 4431 4432 4431 4429 4430 4430 4430 4430 4430 4429 4429 4427 4427 4427 4426 4429 4438 4471 4465 4453 4445 4435 4429 4425 4426 4425 4424 4424 4423 4422 4424 4426 4426 4425 4426 4430 4439 4450 4444 4445 4445 4440 4431 4424 4424 4424 4423 4422 4422 4422 4422 4421 4420 4419 4419 4420 4420 4422 4420 4419 4420 4421 4421 4421 4422 4423 4423 4420 4418 4418 4423 4444 4438 4434 4428 4424 4423
4435 4434 4434 4433 4433 4433 4432 4430 4431 4431 4430 4430 4429 4430 4429 4428 4428 4426 4427 4424 4425 4431 4444 4466 4481 4458 4443 4437 4430 4428 4425 4424 4425 4424 4423 4422 4421 4423 4424 4424 4424 4424 4426 4428 4431 4434 4432 4432 4432 4428 4424 4424 4422 4421 4421 4421 4421 4421 4420 4419 4419 4419 4420 4421 4421 4419 4420 4421 4421 4420 4420 4420 4419 4419 4419 4418 4420 4425 4428 4424 4426 4426 4424 4421
4434 4433 4432 4431 4433 4433 4432 4432 4431 4431 4430 4430 4430 4430 4429 4428 4426 4423 4425 4422 4422 4432 4453 4473 4474 4443 4435 4433 4430 4428 4426 4426 4424 4423 4423 4422 4422 4423 4425 4424 4423 4424 4425 4422 4422 4425 4427 4427 4426 4426 4427 4424 4423 4420 4420 4420 4420 4420 4420 4420 4419 4419 4420 4421 4420 4419 4422 4421 4420 4419 4418 4418 4418 4417 4416 4417 4420 4439 4448 4428 4427 4424 4422 4421
4433 4433 4432 4432 4434 4433 4433 4432 4432 4431 4431 4431 4431 4431 4431 4429 4425 4422 4432 4437 4430 4435 4458 4476 4479 4444 4433 4432 4429 4428 4428 4426 4424 4424 4423 4422 4423 4425 4429 4431 4431 4432 4428 4423 4421 4422 4422 4423 4423 4423 4423 4423 4422 4419 4419 4419 4420 4420 4420 4420 4419 4419 4419 4420 4422 4423 4424 4421 4419 4418 4418 4417 4415 4415 4416 4415 4416 4435 4470 4447 4430 4424 4422 4421
4433 4432 4432 4432 4433 4433 4433 4432 4432 4431 4430 4429 4429 4432 4435 4438 4432 4458 4486 4462 4446 4451 4466 4488 4498 4462 4442 4434 4429 4427 4425 4424 4423 4424 4423 4422 4422 4425 4432 4430 4432 4437 4431 4423 4421 4422 4423 4422 4422 4421 4422 4422 4421 4419 4419 4419 4419 4420 4419 4419 4419 4419 4419 4418 4419 4424 4421 4420 4418 4418 4417 4416 4415 4414 4415 4415 4415 4421 4420 4425 4425 4423 4421 4422
4433 4432 4432 4432 4432 4432 4433 4433 4433 4432 4430 4429 4430 4434 4442 4454 4482 4482 4453 4437 4434 4441 4465 4497 4525 4495 4455 4439 4432 4429 4426 4424 4423 4423 4422 4422 4421 4423 4424 4422 4424 4428 4428 4425 4424 4422 4421 4421 4421 4420 4420 4421 4420 4419 4418 4419 4419 4419 4418 4418 4418 4417 4418 4418 4417 4416 4418 4419 4418 4419 4418 4416 4414 4414 4415 4415 4416 4417 4417 4420 4423 4423 4423 4424
4433 4432 4432 4432 4432 4432 4433 4435 4435 4432 4429 4426 4429 4435 4443 4453 4462 4437 4436 4430 4427 4432 4455 4487 4526 4503 4459 4440 4431 4428 4425 4424 4423 4423 4423 4422 4421 4421 4422 4422 4422 4423 4427 4433 4427 4422 4420 4420 4420 4420 4421 4421 4420 4419 4419 4419 4419 4419 4418 4418 4418 4418 4418 4418 4416 4415 4418 4420 4424 4422 4419 4417 4416 4415 4415 4415 4417 4418 4417 4418 4420 4422 4422 4421
4433 4432 4432 4431 4430 4431 4432 4433 4436 4432 4429 4426 4427 4433 4441 4447 4441 4429 4429 4427 4425 4425 4439 4452 4446 4450 4442 4435 4430 4428 4426 4427 4427 4424 4423 4422 4422 4422 4422 4420 4421 4422 4426 4433 4427 4422 4419 4419 4419 4420 4420 4421 4419 4419 4418 4418 4418 4418 4418 4418 4417 4417 4418 4418 4417 4417 4419 4420 4421 4420 4419 4418 4417 4417 4417 4419 4423 4424 4418 4419 4421 4421 4420 4419
4433 4432 4432 4431 4432 4430 4431 4432 4432 4430 4428 4428 4426 4429 4436 4442 4443 4432 4428 4427 4426 4425 4429 4430 4429 4433 4431 4430 4428 4425 4424 4424 4423 4422 4423 4423 4423 4424 4422 4423 4421 4421 4422 4423 4423 4421 4420 4419 4420 4420 4421 4421 4419 4418 4417 4417 4417 4417 4418 4417 4417 4416 4418 4416 4416 4419 4419 4418 4417 4416 4418 4421 4421 4421 4425 4427 4426 4428 4421 4423 4422 4421 4419 4417
4433 4432 4431 4430 4429 4430 4430 4429 4428 4428 4427 4425 4424 4428 4435 4440 4435 4429 4428 4427 4426 4426 4426 4425 4426 4429 4428 4428 4427 4425 4424 4423 4422 4422 4422 4423 4424 4424 4422 4421 4421 4420 4420 4421 4421 4420 4420 4420 4420 4421 4422 4422 4418 4417 4418 4418 4418 4419 4419 4417 4416 4416 4419 4415 4415 4416 4417 4417 4416 4415 4416 4417 4421 4428 4426 4422 4422 4423 4419 4426 4423 4420 4418 4416
4433 4432 4431 4429 4429 4429 4430 4429 4429 4427 4425 4423 4424 4428 4439 4444 4439 4433 4428 4428 4426 4427 4427 4425 4425 4428 4427 4427 4427 4425 4421 4422 4420 4422 4423 4424 4425 4423 4420 4420 4420 4419 4419 4420 4421 4421 4421 4420 4421 4422 4422 4420 4418 4417 4417 4418 4418 4420 4419 4417 4416 4414 4416 4416 4415 4417 4417 4416 4415 4415 4414 4414 4416 4417 4420 4419 4417 4414 4417 4416 4419 4418 4416 4415
4434 4432 4430 4429 4427 4429 4429 4430 4428 4425 4422 4421 4424 4430 4455 4461 4442 4436 4429 4428 4425 4426 4426 4424 4424 4426 4426 4427 4426 4425 4423 4421 4420 4421 4423 4425 4427 4429 4428 4421 4419 4419 4420 4420 4420 4420 4420 4420 4421 4421 4421 4421 4417 4417 4418 4418 4419 4418 4417 4416 4416 4414 4414 4415 4415 4417 4417 4416 4416 4414 4414 4413 4414 4416 4416 4415 4413 4413 4415 4414 4415 4415 4415 4414
4434 4432 4430 4428 4428 4428 4428 4429 4427 4424 4420 4418 4422 4444 4488 4523 4482 4438 4429 4427 4424 4425 4426 4425 4425 4426 4425 4427 4426 4424 4422 4421 4421 4422 4424 4426 4428 4430 4427 4421 4419 4419 4419 4419 4419 4419 4419 4420 4421 4421 4421 4420 4416 4416 4418 4418 4419 4416 4416 4416 4416 4417 4413 4414 4415 4417 4417 4416 4416 4416 4414 4413 4413 4414 4414 4413 4412 4412 4414 4413 4413 4413 4413 4413
4434 4432 4430 4428 4426 4427 4428 4427 4425 4422 4418 4418 4430 4486 4507 4513 4464 4429 4427 4426 4426 4426 4426 4424 4425 4427 4424 4426 4424 4422 4422 4422 4421 4422 4424 4425 4427 4427 4424 4419 4419 4418 4418 4419 4418 4418 4419 4419 4420 4421 4421 4418 4416 4416 4417 4418 4418 4415 4415 4417 4417 4417 4414 4413 4414 4416 4416 4416 4416 4414 4414 4413 4412 4412 4414 4415 4412 4411 4412 4411 4411 4412 4412 4412
4433 4431 4429 4427 4425 4425 4425 4424 4422 4420 4419 4421 4434 4497 4485 4440 4431 4428 4425 4429 4429 4428 4428 4424 4424 4426 4423 4424 4423 4421 4421 4421 4421 4423 4424 4425 4425 4424 4422 4420 4420 4419 4418 4418 4418 4418 4418 4419 4419 4420 4419 4416 4416 4416 4417 4418 4418 4416 4417 4418 4419 4417 4415 4414 4414 4416 4416 4416 4416 4415 4415 4414 4413 4412 4413 4414 4410 4410 4411 4411 4411 4411 4411 4410
4432 4430 4429 4427 4425 4424 4425 4424 4422 4421 4420 4423 4434 4449 4446 4427 4426 4426 4424 4424 4425 4425 4425 4422 4423 4424 4422 4421 4423 4421 4421 4421 4421 4422 4423 4423 4423 4422 4419 4419 4419 4418 4418 4417 4417 4417 4418 4418 4418 4419 4418 4417 4415 4417 4418 4419 4417 4418 4419 4420 4421 4424 4416 4414 4414 4415 4416 4416 4415 4415 4414 4413 4413 4413 4413 4412 4410 4410 4410 4412 4412 4411 4409 4408
4432 4430 4428 4426 4425 4425 4425 4424 4422 4422 4422 4425 4432 4434 4431 4428 4427 4426 4425 4423 4423 4423 4423 4423 4423 4422 4421 4420 4420 4418 4419 4421 4421 4422 4422 4422 4422 4421 4421 4419 4418 4418 4417 4416 4415 4416 4417 4418 4418 4418 4419 4419 4415 4418 4420 4423 4424 4423 4423 4422 4420 4416 4414 4413 4415 4415 4415 4415 4415 4415 4414 4414 4412 4412 4412 4411 4411 4411 4410 4413 4411 4411 4409 4408
4431 4429 4427 4426 4425 4424 4424 4424 4423 4423 4424 4425 4426 4431 4435 4430 4429 4427 4425 4423 4423 4423 4423 4422 4422 4422 4421 4419 4418 4419 4420 4421 4422 4423 4423 4422 4422 4422 4422 4419 4417 4419 4418 4415 4415 4417 4419 4420 4421 4420 4420 4423 4422 4419 4421 4425 4431 4431 4430 4427 4422 4418 4415 4411 4414 4415 4415 4415 4415 4415 4417 4415 4413 4412 4412 4411 4410 4414 4426 4413 4410 4410 4409 4407
4429 4428 4427 4426 4424 4423 4425 4424 4424 4424 4426 4429 4431 4439 4453 4442 4430 4426 4425 4424 4422 4421 4423 4423 4422 4422 4420 4418 4418 4419 4420 4420 4422 4423 4425 4426 4424 4421 4420 4419 4418 4419 4418 4417 4415 4416 4418 4425 4426 4426 4426 4425 4420 4418 4421 4426 4435 4437 4436 4432 4425 4418 4413 4410 4413 4414 4415 4415 4415 4414 4414 4414 4413 4412 4411 4410 4409 4412 4412 4410 4411 4410 4408 4407
4429 4428 4426 4425 4425 4425 4425 4426 4428 4429 4432 4434 4444 4465 4481 4450 4429 4424 4423 4422 4421 4421 4420 4421 4421 4421 4421 4417 4418 4420 4419 4418 4421 4425 4428 4431 4430 4423 4419 4421 4424 4419 4417 4416 4415 4416 4416 4418 4420 4429 4430 4434 4424 4418 4422 4427 4435 4443 4442 4440 4433 4421 4413 4413 4414 4415 4416 4416 4415 4414 4411 4412 4412 4412 4413 4412 4410 4412 4411 4409 4408 4409 4408 4407
4429 4427 4426 4425 4424 4424 4426 4431 4432 4432 4430 4432 4437 4439 4440 4437 4430 4425 4422 4421 4420 4421 4419 4419 4420 4421 4420 4418 4421 4422 4417 4417 4422 4427 4432 4438 4443 4443 4439 4441 4441 4426 4419 4417 4416 4421 4426 4429 4431 4449 4529 4479 4444 4428 4434 4432 4446 4446 4446 4448 4456 4440 4418 4416 4417 4418 4419 4418 4417 4415 4413 4411 4411 4411 4412 4415 4413 4417 4415 4411 4406 4410 4409 4407
4429 4426 4425 4423 4423 4426 4439 4443 4435 4427 4424 4427 4427 4424 4430 4431 4427 4424 4422 4421 4420 4420 4419 4419 4420 4420 4420 4417 4418 4419 4418 4418 4423 4428 4435 4444 4456 4476 4459 4443 4447 4431 4425 4424 4425 4434 4447 4456 4456 4435 4539 4512 4483 4477 4461 4460 4439 4450 4452 4449 4441 4434 4436 4452 4424 4417 4416 4417 4417 4417 4415 4412 4409 4408 4408 4412 4435 4417 4421 4424 4410 4408 4408 4408
4428 4426 4424 4423 4423 4428 4451 4440 4434 4429 4426 4425 4423 4423 4427 4426 4424 4423 4421 4421 4422 4420 4420 4420 4420 4419 4419 4416 4417 4419 4418 4419 4423 4428 4435 4442 4451 4459 4450 4435 4445 4437 4430 4424 4430 4447 4470 4494 4514 4525 4505 4519 4498 4466 4490 4495 4476 4472 4471 4460 4432 4443 4443 4423 4422 4429 4428 4428 4424 4422 4417 4412 4409 4406 4403 4395 4373 4381 4416 4433 4408 4408 4407 4407
4429 4426 4425 4423 4424 4431 4453 4436 4433 4431 4430 4426 4423 4421 4425 4424 4422 4422 4421 4421 4421 4421 4421 4420 4420 4418 4418 4416 4417 4418 4418 4420 4424 4428 4432 4436 4438 4434 4434 4429 4431 4438 4435 4429 4431 4461 4495 4536 4584 4639 4600 4577 4551 4531 4542 4538 4502 4503 4504 4502 4494 4463 4440 4414 4427 4437 4441 4437 4433 4423 4414 4410 4409 4406 4401 4388 4369 4373 4404 4417 4411 4407 4406 4405
4429 4427 4426 4425 4425 4433 4465 4435 4434 4432 4431 4427 4424 4422 4425 4425 4424 4422 4422 4421 4420 4420 4420 4420 4419 4417 4416 4417 4417 4417 4418 4421 4425 4427 4429 4430 4430 4430 4429 4429 4434 4439 4444 4445 4449 4482 4524 4574 4628 4676 4696 4649 4624 4615 4601 4569 4550 4559 4556 4552 4564 4532 4494 4476 4458 4455 4458 4456 4445 4421 4416 4412 4413 4411 4406 4401 4395 4394 4404 4410 4408 4406 4406 4405
4431 4429 4428 4425 4426 4428 4445 4449 4438 4434 4431 4428 4427 4426 4428 4428 4425 4423 4422 4421 4419 4419 4420 4419 4418 4417 4415 4417 4417 4417 4418 4422 4425 4426 4427 4426 4423 4421 4427 4431 4438 4445 4453 4464 4470 4491 4531 4581 4631 4688 4684 4686 4703 4709 4704 4649 4650 4643 4626 4602 4575 4604 4542 4472 4457 4471 4476 4481 4482 4467 4437 4419 4418 4418 4414 4412 4417 4411 4409 4408 4407 4405 4406 4405
4430 4430 4428 4428 4428 4431 4456 4446 4441 4436 4432 4430 4430 4431 4429 4429 4426 4424 4422 4421 4420 4419 4420 4419 4418 4417 4415 4416 4419 4426 4429 4426 4426 4426 4426 4425 4424 4423 4428 4433 4438 4443 4458 4467 4471 4490 4524 4570 4630 4647 4639 4708 4772 4849 4867 4869 4773 4723 4702 4686 4657 4647 4641 4558 4520 4508 4501 4500 4511 4509 4461 4434 4426 4422 4424 4420 4414 4407 4407 4406 4407 4406 4408 4406
4431 4431 4431 4430 4429 4429 4443 4446 4444 4440 4435 4432 4432 4432 4426 4425 4426 4424 4421 4420 4419 4420 4419 4419 4419 4419 4421 4428 4432 4431 4431 4429 4428 4428 4428 4429 4430 4431 4432 4435 4439 4449 4462 4470 4454 4478 4522 4554 4588 4671 4671 4701 4766 4883 4895 4820 4771 4739 4755 4776 4717 4652 4617 4594 4556 4541 4523 4506 4499 4495 4447 4430 4426 4432 4428 4424 4415 4407 4406 4404 4405 4405 4408 4405
