real_craters/C128-300m.grd
DSAA
269 269
-40.25 40.25
-40.25 40.25
3432.0253234972 4947.2146888842
[rows 180 to 209 of 269, columns 0 to 66 of 269]
4434.55 4435.52 4435.54 4434.53 4433.2 4431.53 4429.37 4426.85 4426.17 4425.41 4425.03 4423.35 4421.37 4420.78 4420.44 4420.26 4420.13 4420.04 4419.89 4419.67 4419.42 4419.01 4418.65 4417.18 4415.73 4414.56 4413.57 4411.84 4409.9 4409.94 4410.51 4411.27 4412.04 4412.85 4413.71 4414.61 4415.57 4416.6 4416.64 4415.85 4415.05 4414.24 4413.48 4412.39 4410.96 4409.81 4409.25 4409.52 4410.33 4411.22 4411.49 4411.71 4411.88 4411.85 4411.42 4410.79 4410.53 4409.51 4408.97 4415.99 4414.79 4411.27 4411.66 4412.56 4409.39 4406.96 4406.52
4433.88 4433.72 4433.77 4433.11 4432.06 4430.71 4429.09 4427.64 4426.51 4425.8 4424.74 4423.4 4422.36 4421.31 4420.74 4420.57 4420.42 4420.32 4420.08 4419.87 4419.5 4418.86 4417.69 4415.57 4414.63 4413.72 4412.5 4410.92 4409.68 4409.9 4410.49 4411.05 4411.79 4412.63 4413.53 4414.47 4415.43 4416.2 4416.31 4415.71 4414.89 4413.93 4412.79 4411.75 4410.68 4409.73 4409.32 4409.38 4409.95 4410.58 4410.86 4410.99 4410.93 4410.52 4409.4 4408.27 4408.59 4408.93 4411.74 4421.51 4422.15 4412.19 4408.34 4407.85 4407.03 4406.29 4405.77
4432.75 4432.4 4431.91 4431.58 4431.03 4430.3 4429.26 4427.81 4427.21 4426.69 4425.38 4423.83 4422.27 4421.23 4420.99 4420.73 4420.62 4420.5 4420.32 4419.98 4419.54 4418.94 4417.9 4415.77 4414.43 4413.22 4411.8 4410.5 4409.9 4409.69 4410.1 4410.73 4411.4 4412.16 4413.04 4413.97 4414.87 4415.55 4415.75 4415.24 4414.5 4413.57 4412.44 4411.35 4410.28 4409.31 4408.45 4408.42 4409.22 4409.99 4410.17 4410.24 4410.24 4410.03 4409.43 4408.53 4408.24 4409.1 4413.12 4420.41 4424.12 4418.58 4410 4405.82 4405.22 4405.03 4405.79
4428.32 4429.69 4429.65 4430.02 4430.12 4430.19 4430.18 4429.53 4429.49 4428.48 4426.79 4425.03 4423.24 4422.03 4421.48 4421.16 4420.79 4420.56 4420.28 4420 4419.52 4418.96 4418.26 4416.55 4414.76 4413.16 4411.5 4410.11 4408.95 4409.35 4409.9 4410.37 4410.89 4411.59 4412.38 4413.26 4414.13 4414.73 4414.73 4414.65 4413.88 4413.04 4412.35 4411.03 4409.81 4408.84 4408.2 4408.13 4408.46 4408.96 4409.15 4409.42 4409.67 4409.9 4410.16 4409.38 4408.09 4408.11 4411.57 4418.8 4420.71 4416.75 4412.18 4406.09 4405.13 4404.87 4405.77
4423.73 4425.42 4427.07 4428.44 4429.2 4429.98 4431.07 4433.51 4433.36 4430.06 4428.37 4426.69 4425.12 4423.15 4422.06 4421.53 4421.07 4420.57 4420.26 4419.96 4419.39 4418.61 4417.9 4416.91 4414.82 4413.26 4412.2 4410.54 4409.36 4409.35 4409.83 4409.88 4410.3 4410.9 4411.59 4412.34 4413.16 4414.12 4415.07 4414.01 4412.9 4411.98 4411.05 4410.11 4409.08 4408.18 4407.7 4407.72 4407.31 4407.22 4407.93 4408.7 4409.13 4409.54 4409.77 4408.87 4407.47 4406.92 4409.84 4416.32 4419.18 4418.6 4414.89 4408.46 4406.66 4405.48 4405.54
4421.18 4423.31 4425.36 4427.29 4428.46 4429.35 4430.19 4430.35 4429.53 4429.5 4429.35 4429.84 4426.22 4423.13 4421.87 4421.73 4421.21 4420.89 4420.3 4419.9 4419.19 4418.46 4416.62 4415.57 4414.12 4412.7 4411.56 4410.53 4409.91 4409.18 4408.6 4408.96 4409.59 4410.13 4410.65 4411.21 4411.75 4412.41 4413.4 4412.13 4411.42 4410.77 4409.94 4409.21 4408.29 4407.33 4406.41 4405.43 4406.35 4407.08 4407.85 4408.3 4408.51 4408.67 4408.81 4407.86 4406.65 4406.37 4408.49 4412.78 4417.49 4420.46 4417.38 4412.71 4408.9 4406.37 4405.28
4423 4423.54 4425.09 4426.74 4428.12 4428.89 4429.16 4428.71 4428.32 4428.19 4428.41 4428.59 4426.03 4423.8 4422.5 4422.3 4421.46 4420.79 4419.85 4419.66 4419.45 4419.32 4417.09 4414.59 4413.38 4411.99 4410.53 4409.85 4409.19 4408.67 4408.42 4408.63 4409.05 4409.41 4409.72 4409.95 4410.04 4409.83 4408.69 4409.25 4409.72 4409.74 4409.37 4408.58 4407.64 4406.63 4405.69 4405.39 4406.08 4407.23 4407.95 4408.16 4407.87 4407.35 4406.99 4406.38 4405.76 4405.54 4407.1 4409.02 4413.03 4417.32 4423.36 4415.05 4410.09 4405.7 4402.88
4423.33 4424.17 4425.81 4427.25 4428.55 4429.13 4429.02 4428.19 4427.15 4427.07 4426.75 4425.49 4424.86 4424.51 4423.24 4422.6 4421.58 4420.77 4420.17 4419.87 4419.57 4419.46 4417.28 4414.81 4413.21 4411.94 4410.7 4409.65 4408.78 4408.35 4408.46 4408.61 4408.61 4408.75 4408.86 4408.8 4408.53 4408.04 4407.62 4407.72 4408.38 4408.92 4408.78 4408.06 4407.11 4406.13 4405.32 4404.94 4406.02 4407.66 4408.75 4408.31 4407.37 4406.18 4405 4405.08 4405.15 4405.19 4406.52 4408.86 4407.5 4406.89 4412.34 4413.97 4408.28 4403.02 4397.89
4423.32 4425.28 4426.8 4428.22 4429.41 4430.04 4429.99 4428.94 4427.32 4427.18 4426.51 4425.04 4424.32 4424.52 4423.5 4422.73 4421.98 4421.53 4421.13 4420.55 4419.94 4418.78 4415.79 4414.25 4413.25 4412.2 4411.04 4409.71 4408.67 4408.1 4408 4408.05 4408.18 4408.25 4408.17 4407.9 4407.46 4406.81 4406.05 4406.28 4407.46 4408.45 4408.43 4407.62 4406.64 4405.69 4404.97 4404.91 4405.87 4407.87 4409.33 4408.37 4407.11 4405.6 4404.52 4404.59 4405.03 4405.73 4404.84 4403.8 4402.63 4400.39 4400.67 4402.89 4403.75 4401.19 4398.74
4428.07 4426.94 4427.65 4428.93 4430.26 4431.27 4431.67 4431.29 4429.96 4429.76 4428.6 4426.36 4424.64 4424.47 4423.75 4423.5 4423.45 4423.2 4422.78 4421.74 4420.33 4418.5 4416.23 4414.78 4413.73 4412.46 4411.12 4409.77 4408.52 4407.75 4407.62 4407.69 4407.95 4407.96 4407.75 4407.36 4406.81 4406.13 4405.59 4405.76 4406.73 4407.97 4407.96 4407.15 4406.28 4405.37 4404.52 4404.12 4404.86 4406.67 4407.82 4407.87 4407.12 4405.86 4404.54 4404.59 4404.63 4404.3 4403.55 4402.05 4400.42 4398.7 4398.92 4402.86 4402.67 4399.69 4397.82
4426.73 4426.84 4427.98 4429.54 4431.51 4433.26 4434.64 4435.19 4435.76 4434.77 4433.63 4430.76 4427.21 4424.83 4424.31 4425.62 4426.5 4426.48 4425.48 4423.77 4421.61 4419.12 4417.82 4416.11 4414.65 4413.42 4411.7 4409.91 4408.45 4407.54 4407.7 4408.05 4408.1 4407.9 4407.54 4407.05 4406.45 4405.79 4405.14 4404.91 4405.91 4406.79 4406.89 4406.48 4405.92 4405.24 4404.36 4403.14 4403.46 4405.92 4407.35 4407.58 4407.27 4407.24 4406.31 4404.83 4404.37 4404.4 4403.32 4402.11 4400.34 4398.55 4398.06 4398.88 4398.69 4397.81 4397.15
4423.29 4425.62 4427.81 4430.3 4432.98 4436.08 4438.95 4440.99 4440.34 4442.04 4443.04 4439.16 4433.37 4428.65 4427.96 4430.69 4432.09 4431.52 4429.46 4426.72 4423.9 4421.7 4419 4417.22 4415.39 4413.68 4411.86 4409.93 4408.43 4407.75 4407.83 4408.49 4408.39 4407.99 4407.48 4406.92 4406.31 4405.76 4405.31 4405.25 4405.32 4405.44 4405.66 4405.67 4405.69 4405.55 4405.31 4404.4 4404.1 4407.09 4407.97 4407.22 4406.51 4406.55 4405.81 4403.93 4402.99 4403.32 4403.4 4403.06 4401.62 4399.54 4397.1 4397.18 4396.69 4396.43 4396.23
4422.15 4424.63 4427.54 4430.77 4434.19 4438.71 4444.03 4449.64 4454.89 4458.88 4458.83 4453.25 4443.24 4440.25 4437.97 4441.49 4441.39 4438.81 4434.74 4430.04 4425.82 4422.88 4421.13 4418.31 4415.85 4413.54 4411.53 4409.71 4408.16 4407 4407.67 4408.56 4408.55 4408.09 4407.52 4406.88 4406.28 4405.79 4405.51 4405.23 4405.15 4404.73 4404.77 4404.94 4405.24 4405.68 4406.72 4409.29 4413.24 4408.99 4406.77 4405.53 4404.82 4403.51 4402.85 4402.14 4401.47 4403.58 4407.93 4406.97 4403.75 4400 4396.88 4397.31 4396.83 4396.16 4395.96
4421.39 4423.91 4426.94 4430.34 4434.47 4440.09 4447.68 4457.28 4469.57 4478.55 4478.63 4476.04 4469.21 4467.99 4461.76 4459.38 4454.84 4448.39 4440.88 4433.53 4427.34 4423.48 4421.35 4418.33 4415.99 4413.76 4411.32 4409.41 4408.01 4407.41 4407.56 4408.27 4408.47 4408.15 4407.6 4406.96 4406.28 4405.7 4405.47 4406.04 4405.04 4404.39 4404.16 4404.19 4404.47 4405.13 4406.39 4408.6 4410.79 4407.26 4404.76 4403.73 4403.53 4403.24 4402.06 4400.98 4400.61 4404.47 4410.91 4410.11 4406.66 4399.71 4396.47 4397.94 4397.12 4396.89 4397.28
4420.89 4423.25 4425.65 4428.84 4433.06 4438.81 4446.76 4458.78 4476.47 4493.68 4492.56 4498.69 4513 4504.98 4489.73 4481.35 4470.97 4458.89 4447.09 4436.48 4428.22 4423.78 4421.07 4418 4415.41 4412.45 4410.62 4408.96 4407.63 4406.8 4407.09 4407.99 4408.44 4408.15 4407.59 4406.89 4406.06 4405.22 4404.39 4403.64 4403.61 4403.83 4403.59 4403.67 4404.03 4404.25 4405.08 4404.79 4402.13 4403.61 4403.62 4403.1 4402.67 4402.11 4401.2 4400.5 4400.88 4404.64 4410.29 4410.5 4410.37 4411.36 4401.05 4398.1 4397.56 4398.03 4400.72
4420.51 4422.06 4424.11 4426.65 4430.25 4434.87 4440.99 4450.16 4463.65 4483.08 4485.82 4502.9 4525.75 4528.14 4519.08 4503.6 4485.87 4468.36 4452.04 4438.04 4427.66 4423.86 4421.49 4417.95 4415.13 4412.1 4410.15 4408.58 4407.22 4406.34 4406.44 4407.6 4408.38 4408.23 4407.69 4406.91 4405.97 4404.83 4403.39 4401.79 4401.59 4402.27 4402.54 4402.95 4403.31 4403.71 4403.95 4403.71 4402.32 4403.75 4403.67 4402.89 4402.16 4401.53 4400.36 4399.94 4400.79 4403.02 4405.71 4407.49 4408.59 4408.92 4399.21 4398.91 4396.1 4398.49 4403.86
4419.69 4421.05 4422.17 4423.75 4425.96 4428.8 4431.84 4435.24 4436.85 4431.65 4461.06 4489.53 4514.98 4528.58 4531.47 4517.4 4495.45 4473.99 4454.67 4438.08 4425.48 4423.39 4421.27 4417.84 4414.93 4412.06 4410.09 4408.47 4407.03 4405.62 4405.42 4407.44 4408.63 4408.34 4407.75 4407.01 4406.08 4404.86 4403.2 4401.08 4399.89 4400.58 4401.45 4402.19 4402.79 4403.21 4403.43 4404.15 4407.69 4406.89 4404.81 4402.3 4402.66 4400.68 4399.24 4398.93 4399.79 4401.01 4402.02 4403.32 4402.3 4400.53 4402.96 4400.68 4397.17 4399.02 4404.66
4419.43 4420.06 4420.32 4420.89 4421.6 4422.39 4422.77 4422.4 4420.53 4421.19 4443.95 4472.85 4495.93 4513.61 4528.57 4519.67 4496.9 4474.37 4454.26 4436.92 4424.61 4423.23 4420.7 4417.55 4414.77 4412.09 4410.23 4408.7 4407.45 4406.58 4406.6 4407.74 4408.43 4408.13 4407.72 4407.16 4406.42 4405.46 4404.12 4402.19 4400.02 4399.95 4400.87 4401.69 4402.32 4402.67 4402.76 4402.54 4401.92 4403.99 4409.98 4414.3 4406.81 4399.63 4398.18 4397.83 4398.22 4400.69 4401.96 4401.18 4399.09 4398.26 4401.33 4401.65 4398.95 4399.71 4404.53
4419.21 4418.93 4418.38 4417.92 4417.42 4417.25 4415.92 4414.55 4413.69 4417.3 4435.71 4462.21 4485.09 4501.99 4517.46 4509.96 4489.41 4469.2 4450.69 4434.46 4422.94 4421.44 4419.28 4416.86 4414.76 4412.42 4410.53 4409.03 4408.01 4407.7 4408.25 4407.71 4407.54 4407.75 4407.63 4407.32 4406.9 4406.38 4405.72 4404.98 4403.36 4400.85 4401.08 4401.72 4402.43 4402.9 4402.93 4401.9 4399.27 4401.83 4414.53 4426.04 4411.19 4399.75 4399.11 4398.13 4398.06 4400.6 4401.72 4400.82 4399.55 4398.83 4399.48 4400.48 4400.14 4400.11 4402.67
4418.97 4417.61 4416.41 4415.21 4414.07 4413.84 4411.29 4410.1 4410.39 4414.93 4431.06 4456.81 4483.68 4505.67 4500.4 4487.77 4474.59 4459.61 4444.89 4431.77 4421.87 4419.26 4417.76 4416.08 4414.32 4412.39 4410.65 4409.22 4408.16 4407.52 4407.17 4407.18 4407.53 4407.57 4407.51 4407.41 4407.28 4407.16 4407.12 4406.69 4403.84 4402.12 4401.83 4402.29 4403.03 4403.78 4404.66 4405.21 4404.04 4403.82 4413.84 4415.14 4411.5 4407.11 4403.3 4399.89 4398.92 4399.8 4400.73 4400.65 4400.72 4399.44 4397.72 4397.29 4397.99 4397.78 4398.34
4418.28 4417.04 4415.47 4414.25 4412.78 4411.35 4409.66 4408.95 4409.91 4414.55 4428.36 4451.85 4476.29 4492.99 4483.26 4468.12 4458.45 4448.27 4437.95 4428.88 4422.69 4418.75 4416.9 4415.42 4413.9 4412.26 4410.7 4409.28 4408.07 4407.11 4406.29 4406.53 4407.02 4407.24 4407.3 4407.3 4407.34 4407.52 4407.96 4408.64 4405.43 4402.77 4402.39 4402.67 4403.58 4404.98 4407.06 4410.56 4417.77 4429.25 4415.1 4403.92 4413.9 4416.48 4407.8 4400.51 4398.48 4400.56 4400.54 4399.8 4399.06 4397.98 4396.45 4395.63 4395.55 4394.53 4394.72
4417.77 4417.17 4415.54 4414.35 4413.06 4411.22 4410.54 4410.16 4411.29 4415.68 4426.69 4445.77 4465.27 4477.53 4467.99 4452.34 4444.62 4437.77 4430.69 4424.08 4419.76 4417.72 4416.24 4415.12 4413.98 4412.31 4410.68 4409.2 4407.93 4406.88 4406.27 4406.17 4406.6 4406.98 4407.06 4407.08 4407.1 4407.21 4407.46 4407.77 4405.44 4403.47 4403.09 4403.19 4403.99 4405.4 4407.71 4411.59 4417.8 4424 4413.23 4406.13 4418.8 4419.42 4409 4400.35 4398 4400.46 4399.75 4398.45 4397.02 4396.38 4395.67 4395.58 4396.33 4393.51 4393.33
4418.05 4417.59 4416.26 4415.38 4414.42 4412.42 4412.01 4412.76 4414.05 4417.23 4424.51 4439.98 4454.32 4462.15 4454.03 4439.66 4433.69 4429.45 4424.82 4419.9 4417.31 4416.49 4415.55 4414.8 4414.09 4412.19 4410.54 4409.12 4407.84 4406.72 4405.82 4405.73 4406.44 4406.75 4406.71 4406.67 4406.55 4406.39 4406.11 4405.37 4405.48 4404.36 4403.08 4402.87 4403.25 4404.21 4405.76 4407.63 4408.77 4405.21 4407.01 4409.95 4418.19 4415.31 4406.33 4397.67 4396.14 4397.57 4397.97 4397.18 4396.26 4395.66 4395.11 4394.27 4393.64 4393.75 4393.54
4417.83 4417.61 4416.97 4416.26 4415.81 4414.98 4415.21 4416.47 4418.15 4421.03 4425.2 4436.95 4445.54 4449.01 4442.5 4431.3 4426.67 4424.11 4421.33 4418.53 4417.21 4416.09 4414.79 4413.72 4412.72 4411.48 4410.18 4408.95 4407.8 4406.74 4405.87 4405.56 4405.89 4406.12 4406.26 4406.15 4405.9 4405.46 4404.82 4403.97 4402.91 4402.44 4402.4 4402.32 4402.51 4402.88 4403.27 4403.37 4402.35 4400.55 4402.4 4407.6 4411.75 4408.79 4402.29 4395.78 4394.86 4396.57 4396.77 4396.36 4395.79 4395.59 4395.33 4394.87 4393.41 4394.57 4394.07
4418.55 4418.63 4417.96 4417.47 4417.43 4417.62 4418.73 4420.12 4422.7 4427.01 4433.56 4437.62 4439.76 4438.79 4433.93 4427.36 4423.58 4421.39 4419.47 4418.14 4416.88 4415.32 4413.89 4412.4 4411.23 4410.66 4409.83 4408.85 4407.84 4406.95 4406.25 4405.92 4405.94 4405.9 4405.96 4405.72 4405.25 4404.6 4403.73 4402.8 4401.87 4401.51 4401.9 4402.17 4402.26 4402.19 4401.8 4400.88 4399.14 4397.12 4398.31 4401.43 4403.24 4402.63 4399.08 4394.97 4394.36 4395.31 4396.97 4396.89 4395.71 4396.48 4396.18 4395.29 4394.02 4393.86 4393.74
4419.84 4419.84 4419.77 4420.42 4420.87 4421.62 4421.87 4424.26 4426.68 4430.68 4437.29 4437.21 4436.12 4434.1 4430.51 4427.15 4423.31 4420.09 4418.11 4416.74 4415.28 4414.3 4413.21 4411.86 4410.84 4410.32 4409.61 4408.76 4407.88 4407.15 4406.76 4406.74 4406.34 4406.24 4405.89 4405.39 4404.79 4404.03 4403 4401.84 4401.35 4401.3 4401.55 4401.68 4401.4 4400.4 4400.17 4399.06 4397.76 4396.26 4396.48 4397.59 4398.92 4399.33 4397.76 4396.74 4396.97 4397.2 4399.47 4400.5 4400.22 4398.68 4397.61 4396.81 4395.84 4394.53 4394.12
4421.44 4421.87 4421.93 4422.61 4423.52 4424.59 4424.9 4427.43 4429.23 4430.76 4431.56 4432.61 4433.37 4432.5 4430.02 4425.8 4421.68 4418.76 4416.94 4415.69 4414.55 4413.63 4412.97 4412.29 4411.4 4410.56 4409.73 4408.85 4407.97 4407.18 4406.55 4406.03 4406.1 4406.55 4405.63 4405.05 4404.48 4403.82 4402.94 4401.91 4402.06 4402.37 4401.96 4401.17 4400.33 4399.46 4398.83 4397.81 4396.9 4396.67 4397.15 4398.02 4398.71 4398.44 4397.3 4397.84 4404.56 4405.35 4402.14 4402.76 4402.58 4400.39 4399 4397.37 4395.49 4395.25 4395.52
4422.1 4423.05 4424.26 4424.63 4425.91 4427.27 4427.78 4430.2 4431.45 4431.48 4429.36 4430.37 4432.48 4431.77 4429.46 4423.35 4418.56 4417.56 4415.9 4414.44 4413.5 4413.09 4412.94 4412.72 4411.97 4410.93 4409.93 4408.95 4408.01 4407.11 4406.31 4405.62 4405.41 4404.9 4404.96 4404.66 4404.25 4403.86 4403.56 4403.28 4403.29 4403.75 4402.19 4400.85 4399.72 4398.67 4397.63 4396.89 4396.48 4396.85 4397.61 4399.06 4399.13 4399.06 4398.3 4397.64 4398.6 4400.62 4400.59 4399.49 4400.27 4400.86 4400.56 4399 4395.6 4393.4 4393.98
4422.05 4423.55 4425.18 4426.42 4428.1 4429.79 4430.63 4432.85 4434.12 4435.14 4435.61 4436.25 4434.45 4431.32 4427.32 4423.87 4421.07 4418.07 4415.22 4413.19 4412.28 4412.49 4412.83 4413.18 4412.25 4411.13 4410.08 4409.08 4408.1 4407.12 4406.16 4405.42 4404.91 4404.93 4404.66 4404.34 4404.05 4403.86 4403.91 4404.08 4403.39 4402.59 4401.68 4400.61 4399.54 4398.59 4397.47 4396.75 4396.4 4396.73 4397.24 4398.47 4400.31 4400.92 4402.19 4401.14 4398.19 4397.99 4398.31 4398.89 4399.82 4401.68 4403.22 4403.79 4402.98 4398.94 4392.2
4421.62 4423.62 4425.63 4427.38 4429.11 4431.11 4432.51 4434.94 4436.64 4438.59 4441.66 4443.19 4436.04 4430.8 4426.7 4424.6 4424.16 4418.66 4414.42 4412.28 4411.99 4412.2 4412.44 4412.37 4411.98 4411.11 4410.15 4409.17 4408.2 4407.22 4406.16 4405.02 4404.52 4404.51 4404.3 4404.04 4403.78 4403.55 4403.36 4403.13 4402.59 4402.04 4400.91 4400.01 4399.04 4398.25 4397.49 4396.78 4396.2 4396.26 4397.49 4396.9 4398.25 4398.64 4397.88 4398.07 4397.71 4397.49 4397.27 4396.25 4399.57 4403.14 4406.38 4409.29 4411.66 4411.63 4395.74
