real_craters/C128-500m.grd
DSAA
162 162
-40.25 40.25
-40.25 40.25
3443.8883730021 4933.6636680889
[rows 90 to 119 of 162, columns 0 to 66 of 162]
4433.16 4432.83 4431.88 4431.42 4428.57 4427.94 4429.82 4433.62 4437.79 4442.56 4447.61 4453.22 4459.28 4466.15 4475.38 4482.37 4488.55 4483.11 4475.36 4459.11 4441.71 4433.27 4428.38 4424.43 4420.67 4417.97 4420.16 4422.82 4424.85 4421.67 4420.29 4418.84 4417.45 4416.45 4415.49 4414.63 4412.85 4412.88 4412.93 4413.67 4414.1 4415.63 4415.59 4415.05 4414.36 4413.02 4410.59 4410.5 4417.04 4423.78 4432.09 4436.45 4434.1 4434 4433.94 4441.1 4454.61 4503.05 4614.63 4719.18 4783.84 4719.22 4542.92 4327.26 4096.52 3892.03 3724.68
4432.04 4431.14 4431.06 4431 4428.07 4427.69 4428.49 4430.42 4433.17 4436.8 4440.56 4444.43 4448.23 4452.15 4454.83 4466.95 4474.86 4464.3 4447.13 4438.33 4429.11 4424.91 4422.69 4420.4 4418.14 4416.9 4418.01 4419.61 4420.65 4420.77 4419.89 4418.69 4417.39 4416.29 4415.44 4413.29 4412.53 4412.61 4412.17 4414.95 4421.32 4419.1 4416.56 4415.03 4413.95 4412.91 4411.08 4411.87 4417.05 4421.55 4425.86 4429.55 4425.62 4423.62 4425.83 4431.89 4441.96 4489.16 4592.54 4675.36 4696.29 4672.9 4569.36 4411.24 4221.04 4012.47 3811.01
4431.38 4430.43 4428.25 4429.75 4428.38 4426.13 4426.01 4427.59 4430.08 4432.47 4434.77 4436.59 4438.12 4438.79 4441.43 4442.3 4458.71 4447.02 4428.37 4424.02 4422.56 4420.96 4419.26 4417.73 4416.45 4416.27 4416.75 4417.75 4419.54 4419.54 4418.91 4418.13 4417.25 4416.15 4415.31 4414.53 4412.3 4412.17 4411.31 4412.24 4414.98 4416.67 4415.42 4414.28 4413.27 4412.22 4411.1 4415.57 4416.76 4420.26 4427.04 4424.97 4420.1 4418.49 4419.94 4431.05 4456.38 4506.47 4586.65 4660.86 4695.85 4678.55 4617.4 4515.39 4373.19 4184.15 3957.24
4431.34 4430.57 4430.15 4431.87 4430.99 4425.47 4423.62 4425.18 4427.2 4428.73 4429.57 4429.97 4429.58 4427.94 4424.43 4420.37 4431.33 4431.34 4421.31 4419.34 4420.01 4419.59 4418.24 4416.92 4415.81 4415.2 4415.33 4416.82 4418.71 4419.09 4418.66 4417.7 4416.86 4416.05 4415.73 4415.83 4412.45 4410.33 4410.34 4410.27 4410.31 4412.11 4413.26 4413.07 4412.41 4411.44 4410.07 4407.95 4411.57 4415.62 4418.95 4418.12 4413.71 4411.12 4412.53 4424.69 4460.7 4510.8 4577.15 4657.07 4715.88 4706.3 4675.73 4627.77 4553.36 4401.4 4157.41
4431.62 4431.49 4433.03 4432.78 4430.61 4424.82 4423.09 4424.37 4426.35 4427.88 4428.59 4428.65 4426.8 4423.95 4419.1 4417.76 4420.82 4422.76 4421.04 4419.43 4419.64 4419.42 4418.07 4416.63 4415.36 4414.64 4415.11 4417.77 4418.82 4418.42 4417.81 4417.11 4416.27 4415.56 4415.24 4413.96 4412.74 4410.5 4410.74 4410.36 4410.81 4411.62 4412.08 4411.91 4411.61 4410.86 4409.53 4407.14 4408.79 4411.53 4414.21 4411.18 4406.03 4402.06 4400.17 4406.48 4420.31 4473.42 4547.04 4620.62 4685.21 4710.27 4723.21 4725.27 4707.05 4609 4377.52
4432.25 4431.9 4431.98 4431.96 4428.96 4425.91 4425.05 4425.64 4427.19 4428.17 4427.04 4426.14 4425.05 4422.63 4418.89 4417.78 4418.94 4420.46 4420.59 4419.89 4419.52 4419.4 4418.11 4416.54 4415.29 4414.56 4415.27 4418.09 4418.03 4417.93 4417.35 4416.57 4415.89 4415.01 4414.1 4414.35 4413.92 4411.54 4411.46 4410.62 4410.86 4411.08 4411.4 4411.43 4411.22 4410.54 4409.61 4407.18 4407.82 4408.41 4408.89 4404.23 4397.46 4392.65 4391.11 4394.02 4405.53 4453.29 4518.09 4568.79 4614.38 4694.98 4749.22 4793.26 4836.32 4825.3 4626.26
4433.4 4432.45 4431.51 4432.22 4427.85 4425.15 4425.94 4426.11 4426.43 4426.64 4425.95 4423.5 4421.62 4420.94 4421.42 4421.89 4418.6 4419.24 4419.47 4418.76 4419 4419.38 4417.73 4416.15 4414.89 4414.2 4415.17 4417.99 4417.6 4417.31 4417.03 4416.45 4415.53 4414.48 4413.52 4413.35 4412.83 4411.72 4411.33 4410.68 4410.73 4410.95 4410.83 4410.93 4410.98 4410.69 4409.92 4407.51 4407.11 4406.48 4405.47 4399.44 4392.98 4388.23 4385.91 4389.19 4406.93 4451.35 4511.78 4568.03 4618.94 4688.84 4749.48 4807.55 4870.99 4924.3 4806.39
4434.54 4433.6 4431.74 4432.65 4428.42 4425.8 4425.49 4427.87 4428 4426.61 4424.89 4423.14 4421.83 4420.64 4420.82 4420.48 4418.53 4415.51 4415.45 4416.51 4417.21 4417.3 4416.71 4415.64 4414.51 4413.65 4413.57 4417.27 4417.73 4417.16 4416.74 4416.34 4415.63 4414.49 4413.41 4414.1 4413.77 4412.74 4410.39 4410.46 4410.29 4409.92 4410.43 4410.7 4410.76 4410.67 4410.2 4408.18 4406.64 4405.74 4403.57 4398.68 4393.11 4388.44 4384.71 4387.89 4403.24 4448.92 4512.01 4583.25 4631.27 4680.75 4730.7 4769.57 4793.39 4760.46 4784.69
4435.26 4434.88 4431.31 4431.04 4429.04 4427.42 4427.08 4433.27 4432.14 4429.53 4426.55 4423.94 4421.81 4419.48 4417.46 4417.06 4416.18 4413.35 4413.2 4414.66 4415.71 4415.88 4415.86 4415.1 4414.16 4413.32 4413.1 4417.03 4416.73 4416.95 4416.9 4416.47 4415.92 4415.14 4413.94 4412.88 4412.73 4412.46 4409.66 4410.75 4410.23 4410.41 4410.32 4410.47 4410.54 4410.44 4410.1 4408.12 4406.96 4405.72 4403.61 4397.8 4392.85 4389.11 4387.33 4390.41 4405.6 4445.42 4500.27 4565.79 4613.32 4656.63 4696.68 4727.14 4733.1 4699.09 4713.68
4435.25 4435.11 4431.87 4429.69 4432.08 4432.97 4450.44 4443.63 4436.67 4431.42 4427.55 4424.21 4421.7 4418.49 4415.02 4414.44 4414.18 4413.83 4413 4413.96 4414.86 4415.74 4415.24 4414.44 4413.91 4413.72 4414.19 4417.43 4416.66 4417.25 4416.94 4416.47 4416.02 4415.74 4415.67 4412.14 4413.05 4410.98 4409.68 4409.54 4409.85 4409.97 4410.14 4410.28 4410.31 4410.16 4409.55 4407.75 4406.19 4406.16 4404.42 4398.01 4393.94 4390.84 4390.46 4394.7 4408.99 4437.13 4475.01 4517.42 4565.85 4611.81 4651.51 4687.32 4717.57 4747.86 4748.69
4434.22 4431.89 4430.45 4429.7 4438.83 4455.87 4454.19 4444.76 4436.75 4431.21 4427.25 4423.56 4420.86 4418.07 4415.17 4411.77 4413.14 4415.86 4414.48 4414.29 4414.14 4413.79 4413.79 4414.09 4414.16 4414.26 4414.58 4413.08 4417.44 4417.97 4417.02 4416.27 4415.8 4415.35 4415.2 4411.42 4412.61 4411.63 4409.63 4408.89 4409.48 4409.83 4409.89 4409.9 4409.9 4409.69 4409.05 4407.56 4405.45 4405.63 4404.52 4399.65 4396.55 4394.46 4394.81 4398.68 4409.36 4425.13 4449.51 4481.96 4527.35 4574.88 4619.81 4663.37 4708.67 4761.81 4781.04
4433.49 4433.45 4430.48 4428.47 4439.41 4454.75 4447.24 4437.65 4432.93 4429.09 4425.95 4422.9 4420.7 4418.58 4416.68 4412.38 4413.5 4415.84 4415.16 4414.46 4413.9 4413.56 4413.64 4413.93 4414.19 4414.44 4414.39 4412.59 4415.06 4416.06 4416.27 4415.91 4415.28 4414.19 4412.5 4412.88 4414.17 4411.9 4408.69 4408.8 4409.59 4409.51 4409.35 4409.38 4409.35 4409.05 4408.66 4407.2 4406.07 4406.39 4404.67 4402.21 4399.55 4398.57 4398.41 4401.65 4407.54 4412.23 4422.2 4442.26 4490.52 4541.07 4590.81 4638.05 4685.1 4732.67 4769.36
4432.8 4432.3 4432.17 4432.29 4440.36 4446.62 4438.94 4430.39 4427.66 4425.96 4423.67 4421.93 4420.34 4418.83 4417.3 4412.69 4410.79 4413.63 4414.68 4414.31 4413.83 4413.54 4413.5 4413.96 4414.37 4414.65 4414.39 4414.02 4413.96 4415.39 4415.37 4415.2 4414.86 4414.23 4413.57 4415.04 4413.89 4410.63 4408.53 4409.5 4410.28 4409.67 4409 4409.1 4409.34 4409.15 4408.8 4407.94 4405.01 4404.94 4404.72 4403.75 4402.4 4402.16 4402.59 4405.46 4407.57 4403.9 4404.73 4419.43 4462.1 4509.67 4558.27 4602.49 4644.15 4676.36 4698.15
4431.55 4431.29 4435.52 4444.25 4447.16 4440.06 4430.5 4423.81 4422.95 4422.65 4421.73 4420.85 4419.59 4418.01 4416.03 4412.98 4410.94 4413.38 4413.99 4413.73 4413.55 4413.42 4413.47 4414 4414.69 4414.92 4414.12 4410.27 4411.85 4413.38 4414.42 4414.62 4414.63 4414.77 4414.46 4413.1 4413.03 4410.87 4409.56 4415.13 4412.13 4410.05 4409.17 4408.71 4408.76 4408.88 4408.91 4408.42 4405.69 4405.75 4405.09 4404.34 4404.16 4403.86 4404.69 4406.13 4405.45 4399.71 4398.49 4412.91 4446.99 4487.83 4529.77 4570.75 4609.73 4647.1 4675.36
4430.82 4430.48 4436.7 4443.42 4444.5 4436.56 4427.29 4421.27 4420.72 4420.46 4420.21 4419.7 4418.86 4417.35 4414.98 4412.51 4410.01 4411.32 4412.25 4413.02 4413.26 4413.32 4413.44 4413.91 4414.53 4415.06 4414.99 4410.69 4410.7 4412.92 4413.53 4414.12 4414.27 4413.85 4413.5 4412.8 4412.2 4411.85 4411.78 4410.61 4409.76 4409.1 4407.97 4408.3 4408.54 4408.73 4408.96 4408.61 4405.62 4405.65 4405.46 4405.46 4405.21 4405.11 4404.91 4405.44 4404.45 4398.16 4399.31 4412.09 4438.3 4471.42 4509.8 4545.03 4582.64 4626.02 4685.26
4431.91 4432.76 4436.8 4441 4440.72 4432.09 4423.19 4421.97 4420.28 4419.73 4419.53 4419.25 4418.66 4417.74 4415.78 4412.14 4409.38 4411.27 4411.76 4412.48 4412.96 4413.08 4412.7 4413.8 4414.28 4414.29 4413.05 4410.4 4409.95 4411.2 4412.71 4413.98 4414.81 4414.34 4413.72 4412.71 4411.46 4411.28 4412.57 4410.08 4409.11 4408.26 4407.88 4407.94 4408.35 4408.86 4409.11 4408.74 4406.03 4405.31 4405.37 4405.66 4405.76 4405.68 4405.23 4404.25 4403.2 4399.22 4400.13 4411.36 4432.97 4459.62 4488.21 4520.3 4550.52 4574.96 4592.97
4433.64 4433.16 4436.14 4438.03 4436.77 4429.38 4422.92 4421.76 4420.57 4419.92 4419.63 4419.32 4418.93 4418.29 4416.64 4413.24 4410.05 4410.23 4411.62 4412.33 4413.02 4413.61 4414.26 4414.38 4414.24 4413.43 4411.94 4410.32 4409.61 4410.1 4412.21 4413.95 4415.86 4417.94 4416.17 4413.23 4411.86 4414.62 4417.41 4413.53 4408.6 4407.3 4406.99 4407.32 4408.13 4409.05 4409.64 4409.41 4406.92 4405.01 4405.96 4406.17 4406.17 4406.04 4405.74 4405.12 4404.24 4401.14 4402.68 4409.86 4424.44 4443.59 4463.7 4491.6 4510.72 4522.57 4523.88
4433.95 4436.28 4435.73 4434.5 4431.82 4427.07 4422.89 4421.94 4420.66 4419.83 4419.51 4419.36 4419.02 4418.46 4417.08 4414.7 4412.28 4409.81 4411.19 4412.13 4413.16 4414.12 4414.57 4415.01 4414.63 4413.44 4411.48 4409.61 4409.03 4410.73 4412.03 4413.37 4415.19 4417.41 4415.85 4417.52 4416.91 4423.9 4419.05 4410.63 4407.88 4406.58 4405.91 4406.7 4408.1 4409.17 4409.92 4410.56 4410.37 4408.65 4407.44 4406.85 4406.69 4406.61 4406.62 4407.27 4406.34 4404.9 4407.2 4410.48 4418.1 4428.79 4440.98 4454.89 4470.3 4485.03 4511.94
4434.32 4436.04 4434.4 4431.83 4427.85 4425.9 4424.78 4421.76 4420.58 4420.16 4419.89 4419.63 4419.32 4418.85 4417.11 4414.75 4412.91 4409.86 4410.52 4411.78 4413.09 4414.52 4416.1 4416.34 4415.08 4413.83 4412.06 4409.83 4409.25 4410.54 4411.55 4412.04 4412.24 4411.62 4410.6 4410.33 4415.11 4412.7 4411.93 4407.33 4406.61 4406.19 4406.14 4407.19 4408.72 4409.49 4410.12 4410.8 4410.13 4408.95 4408.1 4407.53 4407.15 4407.06 4407.02 4406.51 4406.95 4407.2 4408.7 4410.56 4415.74 4422.47 4431.76 4435.01 4442.17 4448.86 4465.57
4433.25 4433.03 4432.14 4430.47 4428.12 4426.55 4424.92 4422.86 4421.13 4420.72 4420.47 4420.13 4419.5 4418.23 4414.86 4413.47 4411 4409.81 4410.32 4411.35 4412.68 4414.22 4415.71 4415.99 4414.79 4413.02 4411.24 4409.61 4408.91 4409.76 4410.53 4410.65 4410 4408.18 4408.64 4414.92 4424.84 4411.11 4406.46 4405.64 4406.21 4407.06 4407.85 4409.46 4410.68 4410.64 4410.44 4410.03 4410.15 4408.22 4408.07 4407.9 4407.67 4407.5 4407.53 4407.95 4407.79 4407.88 4408.47 4409.5 4409.19 4410.07 4411.49 4414.47 4419.43 4423.44 4446.28
4427.5 4429.3 4429.93 4430.17 4430.23 4429.73 4426.98 4424.07 4421.92 4421.12 4420.68 4420.27 4419.52 4418.56 4416.03 4413.23 4410.55 4409 4409.87 4410.63 4411.75 4413.15 4414.49 4414.84 4413.84 4412.51 4410.59 4408.83 4408.1 4408.45 4408.98 4409.51 4409.96 4409.47 4407.79 4413.19 4420.51 4414.44 4405.89 4404.9 4406.48 4408.04 4412.5 4416.31 4413.17 4412.27 4410.98 4409.56 4409.37 4408.57 4408.88 4408.6 4408.26 4407.79 4407.36 4407.35 4407.19 4407.77 4407.67 4407.41 4407.34 4408.19 4409.15 4409.44 4410.19 4408.43 4409.41
4421.68 4425.07 4427.82 4429.6 4431.03 4430.34 4429.27 4427.28 4422.71 4421.74 4420.9 4420.4 4419.49 4417.06 4415.59 4412.95 4411.2 4409.85 4408.91 4409.52 4410.47 4411.44 4412.58 4413.94 4411.84 4410.43 4409.15 4407.58 4406.19 4406.63 4407.7 4408.56 4408.98 4408.23 4406.45 4409.96 4417.87 4418.28 4410.82 4406.35 4405.93 4406.14 4408.59 4408.82 4414.17 4413.63 4411.47 4409.53 4409.62 4408.9 4409.47 4409.33 4409.07 4408.31 4407.08 4405.65 4406.19 4406.99 4407.43 4405.31 4404.17 4402.86 4402.73 4403.08 4403.28 4408.28 4422.08
4423.65 4424.73 4427.19 4428.85 4428.63 4427.68 4427.63 4426.07 4423.74 4422.32 4420.71 4419.67 4419.51 4418.48 4414.29 4411.94 4409.98 4408.76 4408.46 4408.75 4409.16 4409.42 4409.15 4408.18 4409.07 4409.25 4408.08 4406.45 4405.23 4406.4 4407.95 4407.87 4406.52 4405.75 4405.26 4407.38 4410.51 4416.79 4414.35 4404.94 4398.93 4402.63 4411.56 4419.12 4419.41 4415.85 4412.13 4409.29 4409.74 4409.39 4409.69 4410.26 4409.71 4408.96 4407.67 4406.41 4405.5 4404.8 4404.97 4404.29 4406.18 4407.19 4408.11 4405.17 4405.4 4405.94 4400.25
4423.78 4426.48 4428.79 4430.2 4429.56 4427.34 4426.62 4424.37 4424.37 4422.81 4421.76 4421.07 4419.98 4416.86 4413.95 4412.26 4410.18 4408.42 4407.95 4408.1 4408.2 4407.84 4406.98 4405.78 4407.35 4408.58 4407.33 4405.7 4404.77 4406.27 4409.3 4407.62 4405.15 4404.54 4405.47 4404.27 4402.43 4399.89 4402.48 4401.29 4398.08 4402.4 4414.81 4430.93 4422.98 4417.03 4412.83 4409.42 4410.1 4411.43 4411.88 4412.74 4411.36 4409.89 4408.55 4407 4404.97 4403.15 4402.7 4403.17 4403.79 4404.03 4404.51 4404.26 4404.31 4403.14 4400.39
4427.43 4427.51 4429.92 4432.81 4434.51 4434.77 4432.15 4427.14 4424.32 4424.83 4425.79 4424.23 4421.25 4417.97 4415.37 4413.15 4410.46 4408.06 4407.63 4408.02 4407.8 4407.1 4406.09 4404.99 4406.05 4407.33 4406.5 4405.31 4403.7 4404.33 4407.09 4407.43 4406.76 4404.89 4404.41 4403.08 4400.37 4398.14 4399.86 4398.35 4397.71 4401.81 4410.5 4415.12 4416.55 4415.09 4413.18 4411 4413.55 4418.33 4421.14 4416 4412.19 4410.14 4408.64 4407.04 4404.09 4401.69 4401.14 4401.62 4401.96 4402.49 4402.85 4403.57 4403.16 4401.9 4396.84
4422.59 4426.82 4431.46 4437.2 4443.43 4446.23 4449.05 4439.12 4431.06 4434.29 4435.19 4430.52 4424.81 4420.32 4417.06 4413.56 4410.5 4407.93 4407.71 4408.61 4407.88 4406.91 4405.97 4405.31 4405.18 4405.16 4405.39 4405.73 4406.36 4408.05 4407.9 4406.11 4404.45 4403.21 4402.27 4404.76 4402.67 4397.76 4396.99 4396.18 4396.72 4403.7 4407.57 4408.7 4410.62 4411.92 4412.86 4416.35 4416.46 4421.47 4417.23 4413.12 4410.87 4409.3 4407.86 4405.78 4403.4 4400.75 4399.84 4400.28 4400.81 4401.24 4400.31 4399.77 4399.4 4398.18 4394.66
4421.36 4425.6 4431.59 4439.86 4454.19 4474.85 4480.43 4475.87 4469.04 4461.39 4451.98 4439.03 4427.58 4421.93 4417.47 4413.85 4410.01 4407.69 4407.49 4408.46 4408.01 4406.96 4405.87 4405.45 4405.01 4404.23 4404.19 4405.01 4407.4 4409.18 4404.74 4403.53 4402.94 4400.97 4401.98 4411.61 4407.33 4397.41 4397.74 4396.98 4398.23 4405.77 4408.61 4408.55 4408.76 4408.89 4408.83 4409.2 4410.76 4409.4 4407.51 4408.03 4408.19 4407.56 4406.84 4405.2 4402.12 4398.95 4398.98 4398.78 4398.7 4399.28 4399.43 4399.21 4398.54 4397.4 4394.12
4420.57 4423.78 4428.4 4435.74 4449.15 4475.55 4489.72 4517.59 4520.42 4498.85 4472.09 4446.63 4428.26 4422.83 4416.97 4411.97 4409.2 4407 4406.72 4408.37 4408.07 4406.91 4405.29 4403.16 4402.03 4402.77 4403.2 4403.91 4404.01 4401.73 4403.59 4402.48 4401.45 4400.11 4402.25 4407.49 4409.53 4404.57 4398.37 4398.06 4407.15 4412.99 4410.5 4409.53 4408.67 4406.83 4404.33 4401.4 4404.74 4406.76 4405.04 4406.23 4406.23 4405.5 4404.33 4402.5 4400.43 4398.78 4397.98 4397.95 4398.27 4398.94 4399.23 4399.14 4398.15 4397.07 4395.49
4419.57 4421.28 4423.14 4425.97 4428.82 4427.21 4451.95 4499.05 4526.69 4520 4482.56 4449.18 4425.39 4422.61 4417.23 4411.97 4409.09 4406.75 4405.62 4408.83 4408.14 4407.09 4405.51 4402.87 4399.52 4400.71 4402.01 4402.82 4403.29 4406.59 4406.34 4404.98 4399.73 4398.4 4400.07 4401.96 4400.56 4401.36 4400.62 4398.92 4407.87 4410.39 4409.91 4409.98 4409.97 4405.7 4403.04 4401.87 4402.81 4404.06 4406.22 4406.1 4404.8 4403.45 4402.19 4400.57 4398.54 4396.88 4396.76 4396.85 4397.21 4397.61 4398.04 4398.33 4398.12 4397.16 4396.19
4419.2 4418.41 4417.53 4416.89 4414.57 4413.68 4434.9 4477.58 4508.51 4508.91 4475.38 4444.98 4423.02 4419.98 4416.2 4412.5 4409.58 4407.85 4408.18 4407.54 4407.72 4407.35 4406.65 4405.66 4403.53 4400.98 4401.98 4402.94 4402.61 4398.58 4413.74 4419.43 4399.9 4398.33 4399.46 4401.49 4399.75 4399.1 4400.56 4399.94 4404.62 4409.35 4405.84 4404.4 4401.98 4403.32 4402.25 4401.52 4402.28 4403.74 4405.94 4404.2 4403.23 4401.38 4399.12 4397.77 4396.9 4396.11 4395.73 4395.85 4396.23 4396.86 4397.46 4398.04 4398.62 4398.8 4393.65
