real_craters/C128-300m.grd
DSAA
269 269
-40.25 40.25
-40.25 40.25
3432.0253234972 4947.2146888842
[rows 90 to 119 of 269, columns 134 to 200 of 269]
4870.71 4862.18 4867.66 4870.84 4868.99 4823.59 4777.42 4746.05 4725.24 4715.74 4705.85 4698.54 4691.04 4682.77 4677.9 4666.82 4655.89 4648.52 4650.45 4644.34 4638.38 4635.16 4625.56 4574.04 4545.16 4521.75 4515.53 4510.85 4507.5 4504.3 4499.54 4497.93 4496 4494.9 4496.87 4500.5 4507.04 4513.35 4516.22 4510.2 4489.51 4466.46 4447.73 4433.44 4435.72 4430.81 4427.22 4425.14 4423.68 4421.76 4425.68 4424 4422.45 4421.01 4419.63 4418.07 4415.23 4412.34 4409.32 4407.3 4407.09 4407.03 4406.84 4406.54 4406.03 4406.09 4406.63
4906.63 4886.49 4853.99 4848.79 4843.95 4823.56 4794.42 4764.96 4744.85 4732.45 4727.56 4724.28 4720.08 4714.86 4710.38 4696.66 4679.69 4661.12 4650.7 4646.57 4647.82 4656.42 4667.39 4617.49 4583.53 4575.48 4553.63 4533.19 4524.12 4519.21 4514.46 4510.99 4509.58 4504.48 4505.44 4506.85 4511.59 4516.64 4517.56 4505.82 4487.89 4467.02 4450.46 4439.18 4440.65 4434.89 4429.15 4426.7 4423.97 4430.52 4428.88 4427.19 4425.41 4423.54 4421.52 4418.12 4414.95 4411.76 4408.7 4406.28 4406.36 4406.34 4406.1 4405.71 4405.25 4405.3 4405.94
4907.36 4898.19 4857.12 4836.5 4821.53 4808.44 4787.34 4764.8 4749.98 4742.47 4738.43 4741.26 4748.09 4749.16 4743.37 4719.65 4698.66 4670.68 4646.65 4645.07 4644.23 4642.55 4639.27 4616.78 4593.34 4574.12 4556.52 4546.12 4537.12 4530.68 4525.44 4519.57 4514.33 4510.27 4506.68 4505.66 4506.89 4513.35 4524.45 4506.04 4480.53 4460.47 4447.4 4441.74 4445.12 4434.48 4430.41 4427.23 4425.56 4431.2 4429.83 4428.21 4426.35 4424.25 4421.91 4419.92 4415.98 4412.03 4409 4406.3 4406.09 4405.88 4405.5 4405.01 4404.45 4404.26 4405.25
4947.21 4905.74 4859.15 4832.79 4811.7 4790.52 4766.09 4749.25 4739.13 4738.16 4743.87 4755.63 4771.59 4784.82 4790.64 4772.36 4746.35 4701.15 4661.42 4658.93 4646.73 4618.02 4596.17 4600.36 4591.8 4573.6 4559.15 4556.85 4548.34 4539.2 4531.38 4524.45 4515.83 4509.22 4503.95 4497.93 4494.2 4492.97 4492.78 4481.15 4462.19 4446.63 4436.36 4428.48 4421.52 4424.12 4428.03 4427.82 4427.79 4430.05 4429 4427.43 4425.55 4423.43 4422.8 4419.91 4415.89 4412.69 4409.64 4407.36 4406.46 4405.93 4405.37 4404.82 4404.07 4404.14 4404.79
4886.26 4854.73 4827.15 4811.7 4791 4757.77 4728.84 4714.54 4709.45 4714.89 4730.03 4754.33 4786.23 4817.47 4845.14 4859.44 4822.36 4770.07 4724.42 4704.91 4674.55 4626.83 4597.25 4604 4603.06 4594.31 4584.4 4575.38 4561.89 4549.94 4537.57 4526.8 4520.43 4510.12 4498.55 4487.1 4476.16 4463.86 4453 4447.99 4439.42 4429.4 4421.89 4414.75 4409.57 4416.68 4424.43 4427.75 4428.86 4429.49 4428.48 4426.9 4424.64 4424.27 4421.53 4418.58 4415.13 4412.27 4409.73 4407.96 4406.5 4405.5 4404.85 4404.46 4404.19 4404.57 4404.91
4739.56 4720.23 4709.01 4736.93 4727.2 4692.48 4668.11 4662.19 4664.9 4677.85 4702.57 4738.81 4784.09 4835.04 4885.5 4911.83 4892.02 4861.84 4819.78 4773.47 4729.7 4674.71 4633.18 4634.77 4630.3 4624.31 4621 4598.01 4579.73 4565.75 4551.32 4537.62 4521.3 4508.22 4492.39 4475.82 4459.54 4439.68 4425.77 4422.8 4419.24 4413.84 4408.92 4405.64 4408.87 4417.8 4424.96 4430.27 4430.36 4429.98 4429.57 4427.84 4425.65 4423.12 4420.34 4418.89 4415.41 4412.28 4409.7 4407.47 4406.01 4405.24 4404.81 4404.61 4404.55 4404.59 4405.59
4582.42 4555.67 4547.46 4586.99 4597.58 4589.25 4583.2 4588.39 4602.74 4624.2 4656.96 4702.64 4758.23 4825.84 4899.19 4946.63 4930.16 4904.6 4872.52 4832.31 4797.59 4756.17 4709.32 4686.31 4665.14 4646.49 4631.7 4613.64 4598.37 4585.05 4570.33 4553.45 4535.32 4514.83 4496.33 4473.7 4449.8 4424.25 4408.77 4407.7 4406.3 4403.09 4400.48 4400.01 4414.12 4426.14 4431.89 4432.91 4432.55 4432.41 4430.99 4429.14 4426.89 4424.31 4421.88 4418.78 4415.58 4411.92 4408.96 4406.32 4404.8 4405.04 4405.09 4405.23 4405.45 4405.66 4407.44
4432.19 4404.03 4396.81 4411.15 4440.39 4461.21 4479.06 4499.92 4523.2 4552.15 4590.98 4639.56 4699.91 4774.75 4863.05 4921.43 4919.25 4909.02 4886.36 4860.45 4846.86 4847.94 4777.8 4733.6 4697.1 4663.89 4627.9 4624.48 4616.48 4605.14 4589.64 4570.9 4551.52 4530.02 4507.27 4480.86 4450.87 4423.27 4408.42 4405.51 4403.62 4400.56 4399.03 4403.98 4426.19 4441.01 4441.54 4438 4435.88 4435.09 4433.35 4431.29 4428.86 4426.06 4423.69 4420.25 4416.66 4412.33 4409.05 4405.89 4404.19 4404.89 4405.32 4405.91 4406.83 4408.52 4410.43
4298.4 4271.17 4262.5 4268.82 4301.49 4337.31 4369.23 4399.25 4429.49 4462.41 4502.07 4549.44 4604.9 4672.64 4754.77 4815.98 4847.4 4892.06 4864.63 4841.95 4836.2 4825.57 4785.41 4754.48 4719.81 4687.27 4658.96 4649.25 4643.09 4626.47 4610.08 4590.2 4570.78 4546.91 4522.39 4494.22 4461.04 4429.31 4417.68 4415.86 4412.75 4407.32 4402.64 4410.27 4440.59 4457.37 4446.78 4441.57 4439.3 4437.6 4435.77 4434.84 4432.15 4429.01 4425.5 4422.43 4418.34 4412.96 4409.33 4405.83 4404.32 4404.99 4405.6 4406.39 4407.53 4409.16 4410.54
4179.88 4151.76 4145.42 4149.75 4183.66 4222.97 4264.07 4299.16 4332.4 4365.98 4401.79 4441.16 4483.82 4532.48 4582.99 4640.4 4694.57 4737.06 4758.49 4767.07 4780.17 4766.17 4759.68 4752.35 4730.65 4710 4695.31 4685.9 4673.79 4656 4633.72 4612.21 4590.02 4564.99 4539.91 4513.82 4483.72 4455.83 4443.36 4439.28 4433.9 4425.83 4413.01 4411.62 4430.87 4439.96 4441.17 4442.03 4441.9 4440.92 4439.53 4437.21 4434.3 4430.9 4428.3 4424.08 4419.71 4415.32 4410.49 4406.56 4404.82 4405.31 4405.8 4406.57 4407.49 4408.45 4409.44
4080.98 4051.17 4040.17 4046.27 4083.6 4125.87 4166.78 4203.74 4236.19 4267.52 4296.23 4323.59 4352.02 4379.33 4406.79 4455.63 4511.68 4562.17 4603.86 4647.57 4700.08 4741.04 4735.45 4733.65 4727.28 4722.75 4718.8 4716.24 4707.6 4688.14 4661.23 4636.9 4611.72 4589.06 4564.41 4539.34 4517.73 4503.7 4485.05 4473.51 4465.54 4457.97 4445.87 4437.63 4432.72 4421.88 4439.11 4444.84 4446.4 4445.96 4444.5 4441.8 4438.38 4434.44 4430.31 4425.75 4421.09 4417.11 4411.89 4407.69 4405.94 4405.73 4405.98 4406.66 4407.36 4407.98 4408.56
4001.75 3954.84 3949.86 3964.26 4002.98 4042.2 4078.5 4113.74 4143.61 4167.81 4188.14 4205.52 4220.2 4231.47 4243.67 4280.66 4322.84 4368.68 4433.4 4494.98 4563.38 4670.56 4683.24 4689.66 4705.28 4723.17 4738.06 4747.12 4743.92 4721.41 4693.11 4666.35 4638.85 4615.02 4587.21 4566.27 4546.7 4537.44 4521.12 4508.6 4501.72 4499.05 4495.71 4480.59 4464.15 4458.52 4453.28 4453.65 4453.7 4452.32 4450.48 4446.96 4442.77 4438.71 4433.75 4428.63 4423.47 4418.54 4412.79 4408.23 4406.1 4404.96 4406.09 4406.77 4407.48 4408.06 4408.18
3958.96 3910.64 3900.34 3911.74 3940.33 3971.91 4001.11 4028.71 4050.74 4068.54 4081.46 4092.38 4095.36 4097.35 4104.15 4125.44 4156.6 4199.93 4263.32 4328.34 4390.65 4501.56 4567.54 4613.96 4661.73 4710.06 4756.96 4790.77 4778.23 4751.98 4724.96 4692.74 4663.77 4637.12 4612.81 4587.23 4568.75 4559.34 4547.69 4539.24 4535.66 4536.13 4539.92 4518.35 4494.61 4478.39 4469.89 4467.21 4465.17 4462.17 4458.16 4453.43 4448.21 4443.7 4437.94 4432.1 4426.87 4421.08 4414.25 4409.23 4406.14 4404.77 4406.43 4407.25 4408.06 4409.19 4410.99
3951.82 3918.06 3887.81 3885.15 3898.15 3919.43 3934.67 3956.39 3971.75 3982.5 3987.38 3989.18 3981.2 3974 3973.98 3986.61 4009.31 4050.78 4107.8 4167.85 4230.23 4324.61 4432.9 4517.61 4598.35 4676.75 4750.01 4800.22 4796.85 4770.78 4740.56 4707.93 4679.3 4654.59 4629.27 4603.5 4581.95 4570.58 4568.33 4564.9 4563.85 4563.03 4557.32 4541.89 4519.43 4494.19 4487.97 4484.56 4480.03 4474.22 4468.27 4461.96 4455.41 4448.77 4442.13 4435.55 4429.84 4423.45 4415.92 4410.52 4407.14 4405.21 4407.05 4407.93 4408.81 4409.79 4410.66
3951.28 3918.83 3875.24 3864.49 3866.02 3873.91 3882.23 3897.32 3905.69 3910.24 3908.27 3902.17 3886.36 3863.36 3853.25 3865.98 3885.56 3920.95 3970.51 4022.71 4077.22 4186.98 4306.24 4415.61 4521.45 4623.38 4718.26 4797.21 4793.17 4768.76 4738.94 4711.68 4686.05 4663.72 4640.42 4615.48 4598.27 4588.72 4587.82 4587.17 4587.97 4587.68 4581.5 4565.77 4546.25 4528.14 4514.66 4504.96 4496.25 4487.56 4479.27 4471.15 4462.38 4454.57 4446.95 4439.6 4431.94 4425.22 4419.31 4411.73 4408.28 4405.92 4407.77 4408.83 4409.75 4410.23 4410.22
3938.64 3895.71 3847.53 3842.26 3839.21 3839.9 3843.47 3847.44 3847.83 3847.9 3845.83 3836.83 3820.7 3789.14 3768.32 3776.66 3782.47 3815.1 3857.59 3901.42 3956.19 4065.71 4194.12 4316.47 4437.63 4553.11 4659.02 4740.24 4760.67 4746.28 4726.48 4705.54 4685.54 4667.53 4647.88 4626.69 4611.41 4605.44 4606.16 4606.28 4608.12 4609.29 4608.74 4588.58 4571.12 4554.63 4540.15 4525.28 4511.81 4500.23 4489.54 4479.59 4469.8 4460.79 4452.14 4443.18 4435.35 4427.32 4420.5 4413.04 4409 4406.13 4408.37 4409.92 4411.33 4411.89 4411.07
3912.84 3879.25 3837.47 3821.99 3809.48 3804.5 3802.16 3801.95 3801.31 3801.03 3797.97 3792.45 3780.84 3766.71 3749.57 3731.73 3717.22 3744.43 3777.12 3807.79 3854.17 3963.52 4092.83 4220.76 4347.66 4466.98 4577.97 4672.1 4702.73 4701.41 4694.55 4685.35 4673.26 4662.23 4648.44 4634.05 4621.65 4620.28 4621.34 4622.12 4623.47 4621.13 4615.52 4603.59 4589.7 4578.17 4563.38 4541.69 4525.05 4510.68 4497.95 4486.88 4476.18 4466.12 4456.13 4445.86 4437.61 4429.4 4422.37 4414.33 4410.1 4407.06 4409.31 4411.46 4413.81 4415.64 4416.35
3835.1 3828.69 3820.91 3794.93 3775.81 3765.07 3759.94 3757.89 3756.05 3756.07 3755.86 3757.09 3754.89 3750.88 3738.96 3721.95 3715.52 3717.36 3730.67 3745.12 3776.12 3879.61 4006.18 4134.62 4258.93 4374.84 4481.15 4565.73 4615 4636.52 4646.97 4651.24 4651.36 4648.48 4643.52 4638.74 4637.02 4634.91 4633.77 4634.64 4635.49 4633.46 4626.34 4613.83 4599.89 4584.89 4568 4551.08 4534.06 4518.4 4504.26 4491.93 4480.26 4469.45 4459.29 4449.8 4440.88 4432.15 4424.57 4415.11 4411.52 4408.39 4410.39 4413.16 4416.63 4420.68 4425.09
3712.9 3728.59 3751.34 3743.89 3731.4 3723.76 3720.44 3718.39 3717.82 3718.78 3720.33 3724.18 3733.56 3738.54 3732.4 3720.36 3712.48 3707.86 3708.15 3713.96 3735.02 3823.68 3941.36 4061.51 4177.61 4285.02 4383.09 4462.19 4520.73 4562.8 4589.56 4609.03 4622.87 4630.69 4633.85 4634.56 4639.69 4640.59 4640.86 4642.01 4642.33 4645.4 4636.57 4619.02 4604.18 4589.06 4571.95 4557.79 4541.07 4525.28 4510.85 4496.69 4484.39 4474.08 4463.41 4453.38 4444.27 4435.38 4427.14 4416.67 4412.28 4408.68 4410.77 4414.09 4418.47 4424.08 4430.88
3639.7 3638.16 3658.91 3674.43 3678.16 3680.39 3680.2 3679.88 3681.32 3680.75 3682.72 3688.23 3704.79 3729.35 3720.66 3716.2 3712.69 3701.59 3697.6 3703.63 3722.03 3791.42 3889.73 3996.26 4100.45 4199.31 4290.22 4369.69 4434.7 4486.95 4528.88 4563.08 4590.88 4611.46 4622.46 4622.33 4620.14 4638.13 4645.08 4644.94 4640.84 4638.42 4629.49 4615.77 4602.47 4592.43 4585.38 4562.11 4545.15 4530.14 4516.71 4503.59 4490.81 4477.87 4466.86 4456.48 4447.05 4437.78 4429.16 4418.8 4412.91 4408.59 4408.95 4414.02 4418.57 4423.67 4429.21
3606.83 3589.8 3590.7 3610.86 3628 3637.3 3642.64 3646.97 3647.84 3647.26 3647.31 3645.6 3649.18 3663.92 3677.18 3697.01 3702.48 3688.59 3683.55 3690.5 3716.04 3768.14 3854.06 3941.74 4032.04 4119.82 4203.79 4281.97 4351.86 4409.76 4464.91 4514.69 4558.38 4595.1 4620.17 4626.89 4626.03 4647.7 4652.63 4646.97 4633.37 4617.55 4613.81 4607.13 4597.17 4585.92 4569.61 4557.86 4545.19 4531.88 4519.67 4506.36 4493.92 4482.85 4471.5 4459.44 4449.89 4440.22 4431.41 4422.71 4413.89 4408.95 4408.58 4413.37 4417.17 4420.73 4423
3606.48 3570.62 3562.21 3574.98 3591.87 3603.34 3610.93 3614.98 3619.54 3618 3613.43 3604.48 3589.89 3581.12 3619.94 3653.91 3666.59 3661.48 3659.54 3662.42 3694.43 3744.41 3813.46 3890.09 3965.64 4043.77 4119.95 4193.98 4261.81 4330.56 4398.94 4464.23 4526.32 4582.76 4630.47 4664.63 4677.9 4676.32 4667.43 4652.17 4629.12 4607.24 4604.82 4600.09 4591.91 4581.66 4565.3 4557.33 4546.49 4533.93 4520.44 4507.89 4497.37 4485.52 4474.1 4464.21 4453.51 4442.26 4432.87 4424.05 4414.79 4409.2 4408.49 4412.79 4415.87 4418.3 4418.94
3594.67 3562.81 3554.51 3560.73 3568.89 3578.18 3586.21 3591.05 3592.88 3590.85 3586.52 3576.56 3563.52 3559.9 3579.72 3595.81 3615.6 3628.21 3634.47 3640.89 3674.12 3720.73 3781.02 3842.36 3906.89 3973.67 4040.7 4109.08 4179.66 4251.42 4329.53 4412.13 4492 4568.47 4639.96 4703.61 4722.87 4704.75 4682.66 4658.89 4633.24 4614.93 4604.39 4596.85 4589.25 4582.89 4575.98 4564.47 4549.48 4536.16 4522.8 4510.33 4497.77 4486.12 4476.68 4465.58 4454.89 4445.01 4435.22 4425.64 4416.17 4410.64 4409.46 4412.57 4415.04 4417.37 4419.32
3587.26 3562.01 3550.88 3547.78 3550.74 3556.7 3562.78 3567.7 3570.25 3570.55 3567.8 3562.74 3556.38 3554.09 3561.41 3568.75 3584.73 3602.22 3616.14 3634 3667.2 3697.9 3747.65 3799.15 3852.87 3909.04 3966.34 4025.94 4087.58 4169.35 4261.22 4358.33 4454.45 4546.66 4632.67 4705.76 4729.56 4715.45 4691.02 4661.82 4631.18 4614.9 4602.66 4594.96 4587.84 4583.07 4576.49 4565.18 4549.82 4536.31 4523.81 4511.91 4499.85 4488.51 4477.12 4466.26 4457.19 4446.74 4436.97 4428.04 4418.24 4412.55 4410.41 4412.25 4414.18 4416.73 4420.18
3602.81 3577.17 3554.74 3538.06 3538.57 3541.95 3545.44 3548.91 3551.9 3556.09 3558.56 3559.97 3559.65 3557.61 3558.5 3562.33 3572.92 3586.08 3600.49 3627.43 3655.45 3680.76 3718.73 3760.18 3803.5 3850.61 3898.58 3948.73 4008.16 4091.41 4191.2 4302 4412.95 4519.59 4612.47 4673.02 4711.59 4712.74 4692.83 4662.52 4622.1 4596.93 4600.25 4595.32 4587.62 4581.34 4571.98 4560.26 4546.61 4534.97 4523.61 4512.61 4502.1 4492.14 4480.45 4469.49 4457.99 4448.16 4438.53 4429.06 4419.31 4412.67 4409.82 4411.08 4412.81 4415.19 4418.07
3625.86 3607.46 3570.07 3541.16 3535.04 3533.57 3533.9 3537.53 3540.91 3544.95 3551.89 3561.64 3572.27 3567.27 3560.04 3559.71 3567.76 3578.39 3587.05 3598.65 3634.95 3664.17 3693.61 3726.2 3761.65 3797.02 3836.46 3877.92 3932.42 4013.73 4120.14 4242.45 4368.16 4491.37 4601.27 4669.75 4707.13 4709.04 4692.47 4667.49 4637.29 4616.6 4608.85 4600.12 4589.44 4579.66 4567.04 4554.76 4541.48 4531.85 4522.09 4513.92 4503.78 4493.65 4483.32 4472.34 4460.44 4449.75 4438.89 4429.45 4419.68 4411.77 4407.67 4409.08 4410.95 4413.04 4415.09
3628.26 3614.8 3582.19 3555.46 3538.27 3529.29 3525.74 3525.73 3528.51 3533.41 3542.44 3555.13 3574.19 3567.54 3558.61 3558.1 3567.22 3579.19 3591.38 3601.68 3627.65 3651.07 3671.9 3696.56 3723.43 3750.12 3780.42 3812.61 3854.58 3931.27 4048.62 4181.29 4317.8 4457.49 4595.4 4709.33 4710.05 4701.69 4687.2 4669.81 4658.45 4640.61 4621.8 4607.86 4593.59 4579.76 4561.4 4542.34 4536.91 4530.01 4521.89 4513.31 4503.35 4495.18 4484.53 4473.94 4462.92 4451.47 4441.17 4431.51 4420.2 4411.36 4406.08 4407.46 4409.58 4411.51 4413.17
3617.75 3607.36 3581.26 3558.23 3535.86 3521.97 3516.04 3514.22 3516.13 3521.11 3528.48 3537.36 3543.14 3550.83 3552.99 3558.84 3569.33 3584.24 3603.25 3623.81 3633.24 3642.62 3658.15 3675.51 3694.42 3714.06 3736.68 3760.69 3792.89 3861.12 3983.89 4119.84 4260.41 4404 4546.44 4653.51 4676.15 4677.84 4672.17 4659.74 4643.74 4638.66 4630.2 4616.86 4600.87 4582.38 4565.04 4543.22 4539.17 4532.7 4525.28 4514.82 4505.03 4495.43 4484.88 4477.37 4466.07 4455.42 4444.15 4432.6 4421.64 4412.52 4406.59 4405.72 4408.6 4410.16 4411.51
3605.53 3596.44 3568.6 3540.77 3520.46 3510.21 3505.01 3503.45 3504.12 3507.78 3513.73 3522.77 3531.59 3539.49 3544.22 3554.81 3571.94 3588.51 3604.41 3626.89 3639.81 3640.87 3648.02 3659.15 3674.37 3688.96 3706.2 3726.66 3756.99 3817.77 3933.33 4062.7 4196.12 4330.22 4457.45 4557.12 4609.79 4638.29 4651.48 4649.79 4634.67 4641.78 4640.66 4629.03 4612.23 4593.05 4576.32 4563.02 4547.42 4538.9 4530.72 4521.84 4512.23 4499.82 4488.55 4478.41 4467.28 4457.93 4446.54 4435.64 4426.37 4414.72 4408 4406.3 4408.51 4409.26 4410.06
3580.3 3575.34 3551.46 3522.5 3503.75 3499.07 3495.96 3494.48 3494.27 3494.76 3498.66 3507.47 3522 3536.38 3546.77 3561.14 3579 3594.99 3615.56 3640.24 3645.17 3637.22 3640.95 3650.12 3659.96 3672.89 3687.65 3708.09 3739.79 3797.12 3897.27 4012.63 4131.83 4249.8 4357.44 4455.76 4537.15 4594.61 4633.83 4656.23 4655.82 4664.69 4659.56 4645.22 4626.64 4606.28 4587.69 4564.08 4552.93 4546.94 4537.62 4528.09 4518 4506.61 4491.97 4480.9 4470.45 4459.18 4450.18 4438.51 4429.57 4417.81 4410.98 4407.93 4408.96 4409.27 4409.26
