real_craters/C128-300m.grd
DSAA
269 269
-40.25 40.25
-40.25 40.25
3432.0253234972 4947.2146888842
[rows 150 to 179 of 269, columns 67 to 133 of 269]
4415.41 4416.07 4416.01 4415.7 4415.28 4414.86 4414.36 4413.78 4412.94 4411.8 4409.71 4409.92 4413 4417.22 4421.36 4425.14 4430.29 4437.08 4436.36 4433.66 4433.24 4433.06 4433.71 4433.07 4436.22 4441.95 4449.55 4462.93 4507.87 4574.63 4641.95 4702.73 4751.47 4775.72 4751.42 4673.35 4569.05 4448.81 4318.43 4182.48 4049.28 3927.22 3811.9 3723.09 3682.39 3663.78 3654.44 3647.13 3624.97 3590.76 3574.9 3569.12 3568.52 3573.48 3584.26 3589.85 3592.83 3590.92 3588.26 3584.03 3580.23 3574.9 3574.44 3573.43 3572.18 3573.97 3578.43
4420.67 4418.92 4417.48 4416.42 4415.58 4414.91 4414.28 4413.62 4412.83 4412.11 4409.76 4410.22 4413.64 4416.92 4420.26 4423.36 4426.65 4429.14 4431.89 4429.83 4427.04 4426.47 4426.54 4427.55 4430.35 4435.23 4440.7 4450 4496.6 4562.63 4625.62 4677.72 4712.02 4717.66 4704.55 4656.62 4579.09 4481.58 4370.48 4250.24 4126.41 3999.17 3874.36 3770.53 3716.06 3686.81 3669.54 3659.14 3644.77 3614.58 3594.91 3580.33 3577.59 3591.66 3604.48 3609.19 3609.58 3606.4 3602.1 3597.44 3592.57 3589.03 3588.78 3590.49 3587.66 3587.53 3590.97
4421.62 4419.64 4417.68 4416.39 4415.31 4414.56 4413.93 4413.33 4412.62 4412.07 4410.24 4412.29 4415.43 4417.15 4419.48 4422.26 4425.46 4427.35 4428.1 4424.74 4422.76 4421.7 4422.67 4424.23 4428.16 4434.16 4442.34 4454.62 4499.74 4558.79 4614.18 4659.97 4681.23 4678.47 4679.01 4651.65 4596.05 4520.21 4429.5 4324.83 4209 4085.23 3954.83 3835.22 3765.96 3723.02 3692.16 3673.5 3669.05 3647.65 3627.98 3615.31 3612.74 3627.84 3634.72 3634.05 3630.44 3623.09 3614.63 3609.24 3607.46 3609.46 3605 3601 3598.11 3598.2 3602.01
4418.07 4417.43 4416.42 4415.51 4414.81 4414.16 4413.5 4412.89 4412.27 4411.57 4411.08 4414.45 4416.69 4416.82 4418.48 4421.81 4425.97 4427.49 4425.32 4421.1 4419.98 4418.39 4419.05 4421.33 4426.67 4435.96 4450.84 4470.44 4510.34 4559.68 4609.05 4653.05 4678.73 4692.02 4685.31 4663.51 4622.98 4566.26 4495.12 4411.48 4309.07 4191.25 4057.95 3925.39 3837.34 3776.49 3725.3 3685.19 3674.03 3668.29 3669.2 3675.83 3685.18 3682.94 3677.02 3667.92 3653.62 3640.45 3626.95 3617.82 3615.57 3617.52 3608.55 3604.41 3603.33 3607.71 3615.01
4411.43 4413.41 4414.27 4414.27 4413.93 4413.46 4412.96 4412.37 4411.73 4411.03 4410.4 4412.12 4413.92 4414.69 4416.58 4419.41 4423.22 4423.95 4421.88 4418.54 4416.93 4414.55 4414.56 4417.47 4423.73 4435.99 4457.98 4489.83 4518.45 4559 4605.05 4651.13 4685.6 4706.27 4702.59 4684 4655.08 4615.71 4565.95 4507.07 4433.91 4325.94 4181.21 4039.67 3931.66 3852.07 3781.71 3721.13 3699.91 3701.27 3715.67 3735.77 3753.16 3740.27 3724.5 3705.53 3682.32 3661.81 3641.29 3625.19 3614.57 3604.95 3597.1 3593.51 3610.29 3621.75 3631.52
4410.39 4411.56 4412.67 4413.09 4413.08 4412.79 4412.41 4411.9 4411.3 4410.53 4409.32 4407.66 4408.6 4411.27 4413.91 4415.81 4417.15 4418.45 4417.34 4414.29 4412.11 4410.95 4409.32 4411.88 4417.13 4429.29 4451.23 4485.33 4512.48 4551.5 4596.15 4644.88 4690.14 4718.81 4714.36 4702.64 4686.27 4664.57 4636.23 4598.73 4544.85 4448.59 4309.15 4161.88 4040.42 3950.13 3871.33 3802.08 3750.32 3750.03 3769.26 3790 3802.04 3792.72 3770.88 3745.46 3717.09 3687.38 3660.38 3635.73 3617.15 3604.88 3604.42 3611.73 3629.25 3644.36 3657.43
4410.73 4411.38 4411.98 4412.28 4412.32 4412.21 4411.91 4411.49 4410.93 4410.18 4409.06 4407.22 4407.86 4409.25 4411.44 4413.15 4414.52 4415 4412.62 4409.67 4407.44 4404.57 4403.12 4404.65 4408.31 4415.83 4428.56 4449.36 4490.22 4533.16 4577.56 4625.33 4674.02 4707.44 4711.94 4713.86 4712.87 4707.93 4698.69 4680.28 4643.13 4567.86 4440.54 4290.7 4159.74 4067.04 3983.53 3907.23 3843.1 3824.4 3836.02 3851 3860.68 3846.88 3817.58 3785.89 3751.56 3720.36 3685.77 3651.36 3626.78 3616.68 3627 3643.01 3659.55 3677.83 3693.47
4411.21 4411.67 4411.65 4411.78 4411.75 4411.65 4411.43 4411.12 4410.66 4409.96 4408.76 4406.94 4407.61 4408.58 4409.81 4411.44 4414.34 4412.36 4408.18 4405.22 4401.81 4399.41 4396.94 4396.7 4399.13 4403.16 4408.77 4424.5 4468.8 4513.03 4554.97 4593.14 4624.12 4658.97 4693.13 4715 4731.5 4743.49 4752.77 4755.62 4744.91 4695.09 4580.55 4434.99 4300.76 4204.22 4109.96 4021.42 3948.17 3920.18 3916.96 3919.1 3919.76 3899.26 3864.37 3830.02 3793.75 3757.53 3718.28 3676.88 3639.89 3625.02 3640.38 3668.86 3697.65 3720.87 3735.42
4410.96 4411.05 4411.28 4411.42 4411.37 4411.29 4411.13 4410.89 4410.56 4410 4409.14 4407.24 4407.59 4407.94 4408.33 4408.94 4409.39 4408.7 4404.3 4400 4396.51 4393.61 4392.33 4391.74 4393.21 4396.4 4402.98 4420.37 4458.46 4498.89 4536.86 4566.68 4584.71 4623.13 4674.88 4711.89 4742.21 4767.65 4792.6 4816.06 4833.23 4820.38 4721.56 4587.71 4460.08 4364 4261.96 4161.44 4076.12 4033.19 4012.16 3993.7 3972.64 3945.99 3912.82 3879.03 3846.44 3811.39 3771.49 3726.01 3674.47 3657.33 3669.43 3714.03 3754.36 3779.91 3793.86
4410.84 4410.91 4411.03 4411.12 4411.16 4411.12 4411.05 4410.88 4410.61 4410.15 4409.57 4408.07 4407.46 4407.36 4407.26 4407.2 4407.01 4405.38 4400.78 4397.28 4393.64 4390.54 4388.86 4387.88 4389.18 4393.77 4405.29 4425.55 4455.75 4492.41 4528.53 4558.26 4578.94 4617.71 4668.03 4709.01 4745.58 4778.3 4812.44 4847.73 4889.48 4915.37 4834.43 4725.31 4630.55 4539.14 4442.41 4331.53 4209.64 4162.01 4118.36 4077.51 4035.77 3999.3 3964.25 3936.09 3909.94 3881.53 3848.4 3808.56 3765.42 3758.46 3777.56 3810.6 3840.11 3857.73 3865.19
4410.71 4411 4410.74 4410.78 4410.85 4410.9 4410.96 4410.91 4410.66 4410.3 4409.52 4407.83 4407.25 4407.02 4406.59 4406.28 4405.66 4403.33 4398.93 4395.66 4392.21 4389.36 4386.34 4385.56 4387.05 4391.81 4402.59 4423.53 4455.07 4491.5 4528.7 4563.5 4595.98 4626.83 4667.76 4706.51 4742.74 4775.81 4809.93 4843.53 4883.56 4915.36 4868.42 4808.78 4771.29 4697.1 4609.11 4520.57 4410.39 4312.22 4236.99 4169.17 4105.05 4051.69 4025.57 4006.58 3988.35 3968.24 3947.16 3927.06 3907.62 3921.59 3938.49 3946.74 3948.97 3947.12 3942.57
4410.34 4410.08 4410.3 4410.52 4410.68 4410.76 4410.79 4410.77 4410.65 4410.35 4409.78 4408.31 4407.19 4406.74 4406.16 4405.69 4404.56 4402.08 4398.46 4395.28 4392.13 4388.05 4385.88 4385.02 4386.33 4390.21 4399.57 4421.45 4454.29 4491.22 4531.61 4572.06 4603.19 4635.14 4668.1 4701.06 4733.34 4760.55 4788.01 4810.29 4825.9 4821.08 4807.19 4810.56 4829.36 4789.85 4748.52 4678.14 4559.91 4450.39 4356.65 4272.41 4190.49 4122.9 4104.17 4091.7 4077.93 4062.93 4053.48 4061.25 4094.41 4114.51 4125.19 4090.38 4060.81 4038.96 4019.79
4410.17 4409.89 4410.13 4410.37 4410.53 4410.61 4410.66 4410.66 4410.6 4410.45 4410.13 4409.03 4407.23 4406.65 4406.03 4405.57 4404.01 4401.15 4397.88 4395.01 4392 4388.6 4386.63 4385.81 4386.37 4390.74 4400.58 4422.39 4452.81 4488.83 4530.57 4577.2 4620.87 4636.99 4661.91 4689.98 4715.3 4739.95 4759.62 4768.93 4763.22 4727.9 4721.81 4755.53 4766.12 4761.15 4765.55 4772.54 4667.07 4555.44 4463.28 4380.54 4301.37 4236.96 4210.68 4195.33 4177.92 4158.86 4147.16 4157.24 4200.46 4248.08 4272.28 4200.87 4151.98 4120.36 4096.96
4410.22 4410.31 4410.33 4410.31 4410.4 4410.45 4410.5 4410.51 4410.46 4410.31 4409.92 4408.71 4406.98 4406.92 4406.12 4405.54 4404.05 4400.82 4397.56 4394.58 4391.64 4389.54 4387.84 4387.29 4388.31 4392.58 4402.01 4422.41 4449.4 4482.42 4519.49 4560.95 4597.81 4620.52 4645.6 4669.4 4694.16 4714.66 4731.46 4737.48 4731.4 4703.14 4695.66 4716.1 4708.05 4705.03 4722.22 4734.24 4696.03 4622.9 4554.85 4488.43 4425.1 4366.62 4338.1 4316.99 4287.92 4254.35 4223.48 4203 4209.48 4243.56 4264.11 4248.17 4219.3 4193.23 4171.56
4410.1 4410.07 4410.11 4410.21 4410.27 4410.34 4410.38 4410.36 4410.27 4410.04 4409.55 4408.46 4406.86 4406.63 4406.2 4405.85 4404.38 4400.64 4397.29 4394.86 4392.17 4390.44 4389.11 4389.04 4390.58 4395 4403.98 4421.48 4444.33 4471.42 4501.47 4531.23 4561.36 4592.33 4621.02 4646 4670.47 4689 4706.98 4718.89 4720.73 4723.38 4725.61 4723.8 4711.43 4703.88 4706.8 4712.95 4701.75 4668.26 4628.34 4589.89 4554.04 4519.5 4491.91 4454.74 4406.79 4353.66 4297.43 4242.24 4218.21 4240.25 4265.37 4279.58 4275.57 4262.33 4246.44
4409.86 4409.93 4410.03 4410.14 4410.25 4410.18 4410.28 4410.23 4410.08 4409.74 4409.25 4408.32 4405.32 4406.02 4406.1 4406.23 4404.62 4400.88 4398.35 4395.7 4393.17 4391.57 4390.65 4391.1 4393.18 4397.69 4406.48 4419.78 4438.2 4459.19 4482.88 4507.89 4534.93 4565.64 4593.22 4618.81 4642.46 4665.4 4687.1 4707.08 4723.56 4748.13 4765.97 4752.05 4734.48 4722.97 4716.58 4711.51 4714.13 4703.86 4690.41 4679.89 4676.35 4680.12 4657.76 4597.51 4528.6 4459.32 4387.07 4310.4 4271.13 4285.3 4307.56 4326.59 4332.02 4325.17 4316.52
4409.66 4409.84 4410 4410.02 4410.06 4410.07 4410.06 4409.97 4409.81 4409.45 4408.95 4407.97 4405.82 4405.55 4405.72 4405.76 4404.8 4401.25 4398.94 4396.62 4394.98 4393.84 4393.22 4393.8 4395.64 4399.84 4407.24 4416.97 4430.67 4446.32 4465.59 4486.28 4511.77 4540.06 4568.36 4593.22 4619.43 4645.5 4668.98 4694.94 4723.78 4756.44 4779.45 4773.71 4757.95 4743.85 4737.29 4728.49 4735.23 4737.5 4740.6 4750.12 4771.67 4809.11 4806.19 4720.86 4640.04 4569.19 4500.18 4424.84 4375.64 4361.22 4375.12 4392.91 4399.12 4396.99 4389.83
4409.57 4409.7 4409.79 4409.76 4409.77 4409.77 4409.78 4409.68 4409.52 4409.15 4408.65 4407.86 4406.29 4405.51 4405.58 4405.56 4404.98 4402.28 4400.59 4398.92 4396.62 4395.81 4395.48 4396.14 4397.98 4401.44 4407.25 4413.2 4421.91 4433.08 4447.74 4468.74 4490.49 4519.12 4548.02 4577.46 4605.7 4631.89 4659.75 4687.18 4716.81 4750.69 4780.44 4784.71 4777.95 4773.92 4765.38 4751.99 4756.55 4763.93 4775.66 4792.65 4820.68 4859.67 4865.79 4791.23 4724.37 4671.06 4626.88 4585.84 4527.29 4469.84 4471.76 4477.81 4476.41 4471.03 4464.31
4409.59 4409.56 4409.41 4409.33 4409.43 4409.25 4409.26 4409.18 4409.28 4408.99 4408.45 4407.52 4406.43 4406 4406.2 4406.07 4405.05 4403.23 4402.06 4400.97 4398.99 4398.41 4398.36 4398.29 4400.05 4402.71 4406.54 4409.61 4413.65 4419.72 4428.69 4441.24 4466.64 4496.72 4527.31 4557.03 4586.95 4614.91 4644.25 4671.91 4700.25 4729.71 4758.78 4774.77 4789.82 4807.36 4790.21 4770.25 4775.11 4781.18 4793.15 4809.03 4827.68 4840.89 4829.82 4805.81 4774.71 4748.99 4737.47 4741.53 4689.73 4629.76 4594.62 4572.31 4555.06 4541.47 4532.32
4409.79 4409.61 4409.17 4409.16 4409.27 4409.34 4409.32 4409.29 4409 4408.81 4408.43 4407.71 4406.44 4406.04 4406.26 4405.77 4404.91 4403.78 4402.95 4402.3 4400.98 4400.7 4400.83 4400.89 4402.51 4404.66 4406.83 4406.86 4407.47 4409.27 4412.48 4420.34 4446.81 4476.71 4507.77 4536.19 4566.93 4594.99 4624.06 4649.65 4675.26 4698.78 4714.28 4738.52 4777.92 4812.35 4801.86 4786.75 4786.02 4788 4798.1 4808.32 4816.28 4816.35 4807.11 4804.47 4800.8 4796.95 4798.52 4803.85 4801.53 4780.22 4705.5 4656.2 4623.51 4601.82 4589.23
4410.37 4409.89 4409.22 4409.03 4409.02 4409.05 4409.08 4409.3 4409.14 4408.97 4408.66 4408.22 4406.73 4404.92 4405.15 4405 4405.05 4404.19 4403.75 4402.7 4402.42 4402.32 4402.6 4402.96 4404.56 4406.91 4408.46 4405.22 4402.98 4402.28 4404.79 4414.77 4435.96 4464.03 4492.47 4520.39 4549.33 4576.15 4602.39 4627.35 4652.62 4668.8 4674.89 4694.37 4732.18 4760.87 4798.59 4788.62 4781.78 4784.14 4790.28 4797.65 4801.27 4800.74 4795.3 4800.21 4812.21 4821.57 4828.07 4830.89 4841.13 4821.95 4768.19 4715.53 4677.58 4651.72 4638.58
4411.21 4410.19 4409.6 4409.17 4408.89 4408.87 4408.88 4408.93 4408.89 4408.87 4408.79 4408.46 4407.25 4405.31 4405.81 4405.35 4405.11 4404.58 4404.31 4403.69 4403.61 4403.63 4403.92 4404.18 4405.45 4407.18 4407.72 4403.44 4400.08 4398.43 4400.66 4410.26 4429.85 4454.37 4480.43 4506.83 4531.88 4557.43 4582.53 4606.89 4630.21 4648 4660.89 4675.48 4688.39 4695.73 4749.52 4752.55 4758.34 4763.44 4771.04 4778 4782.66 4784.58 4785.48 4797.46 4814.99 4830.78 4847.47 4861.66 4859.69 4838 4791.41 4746.39 4710.49 4683.97 4666.98
4411.12 4410.07 4409.36 4408.88 4408.54 4408.52 4408.63 4408.74 4408.88 4408.93 4408.9 4408.66 4407.93 4405.6 4405.8 4405.59 4405.23 4405.04 4404.99 4404.3 4404.4 4404.45 4404.27 4404.77 4405.49 4406.02 4405.73 4401.76 4398.56 4397.82 4399.44 4408.71 4425.75 4446.91 4469.3 4492.99 4517.35 4540.85 4564.87 4588.73 4611.77 4636.23 4661.62 4682.37 4676.23 4663.16 4674.88 4707.11 4727.09 4738.05 4745.97 4754.34 4761.36 4772.05 4784.86 4797.78 4811.69 4824.95 4837.74 4845.99 4837.52 4820.34 4789.44 4753.43 4723.19 4698.01 4680.74
4409.89 4409.38 4408.6 4407.99 4408.27 4408.34 4408.45 4408.6 4408.76 4408.9 4408.97 4408.65 4407.92 4405.3 4405.5 4405.54 4405.34 4405.44 4405.42 4405.07 4405.19 4405.25 4404.75 4404.98 4405.32 4405.54 4404.89 4400.71 4397.97 4397.99 4400.76 4409.07 4423.1 4441.13 4461.21 4482.29 4506.55 4527.24 4549.73 4572.23 4596.09 4622.09 4655.32 4688.3 4685.62 4675.53 4674.15 4687.02 4701.38 4711.5 4718.08 4724.8 4736.94 4752.43 4776.45 4793.47 4797.53 4805.18 4811.46 4814.49 4807.82 4794.73 4772.4 4744.55 4718.07 4696.24 4677.74
4409.25 4408.78 4408.42 4408.45 4408.15 4408.24 4408.41 4408.62 4408.88 4409.01 4408.99 4408.79 4408.1 4405.93 4405.46 4405.45 4405.38 4405.49 4405.6 4405.53 4405.57 4405.5 4405.21 4405.11 4405.01 4405.02 4404.24 4400.4 4398.27 4398.27 4401.26 4409.43 4422.32 4438.35 4456.11 4475.27 4496.07 4515.61 4536.17 4557.78 4578.51 4599.64 4624.99 4648.09 4660.3 4667.63 4682.17 4669.77 4673.07 4678.65 4685.96 4693.13 4705.5 4720.3 4744.41 4761.84 4764.24 4773.55 4787.41 4792.2 4792.25 4771.02 4746.47 4722.16 4704.04 4684.81 4665.35
4408.73 4408.23 4407.92 4407.69 4407.73 4407.76 4408.26 4408.41 4408.68 4409.06 4409.23 4408.92 4407.98 4405.71 4405.24 4405.19 4405.4 4405.63 4405.72 4405.77 4405.79 4405.73 4405.5 4405.19 4404.62 4403.73 4403.3 4399.85 4399.1 4398.97 4401.77 4409.27 4420.44 4434.1 4450.95 4465.72 4482.29 4499.27 4519.05 4536.91 4553.14 4566.41 4577.81 4578.22 4586.71 4610.72 4627.69 4632.14 4637.04 4639.95 4647.21 4653.99 4664.67 4677.11 4688.65 4695.7 4711.35 4726.55 4739.21 4745.87 4750.32 4731.84 4713.53 4695.26 4679.92 4659.98 4643.88
4408.34 4407.62 4407.29 4407.19 4407.35 4407.64 4407.99 4408.51 4408.95 4409.34 4409.48 4409.27 4408.52 4406.12 4404.85 4405.07 4405.56 4405.84 4406.05 4406.1 4406.05 4405.89 4405.67 4405.49 4404.98 4404.17 4403.85 4401.19 4400.33 4400.44 4402.75 4408.46 4417.22 4427.53 4442.04 4455.51 4469.09 4485.89 4498.88 4511.3 4523.64 4532.77 4536.59 4531.58 4541.43 4559.7 4576.1 4590.01 4596.9 4600.84 4610.06 4617.06 4624.65 4633.35 4636.77 4641.14 4658.07 4672.87 4680.6 4679.89 4670.03 4678.33 4672.28 4661.84 4648.45 4634.5 4621.51
4407.99 4407.12 4406.69 4406.71 4406.87 4407.47 4408.09 4408.65 4409.3 4409.54 4409.92 4409.84 4409.33 4407.32 4406.06 4406.19 4406.2 4406.27 4406.33 4406.27 4406.26 4406.22 4406.12 4406.08 4406.12 4406.13 4405.37 4402.41 4402.49 4402.98 4404.46 4408.93 4416.17 4424.21 4433.39 4442.02 4455.36 4466.4 4474.18 4491.04 4503.02 4510.46 4515.91 4524.72 4543 4542.78 4549.55 4558.51 4564.29 4570.05 4576.14 4581.07 4585.09 4589.37 4593.45 4601.26 4613.01 4623.87 4629.4 4630.11 4627.23 4632.89 4630.5 4624.81 4615.78 4606.12 4592.92
4407.55 4406.74 4406.28 4405.91 4406.32 4407.17 4407.99 4408.63 4409.23 4409.66 4410.13 4410.41 4410.74 4409.34 4408.94 4408.14 4407.39 4407 4406.75 4406.65 4406.55 4406.5 4406.52 4406.6 4406.91 4407.57 4406.64 4404.9 4404.75 4405.75 4407.52 4409.58 4413.8 4419.14 4425.47 4432.87 4440.77 4448.54 4457.63 4468.2 4475.96 4484.11 4495.24 4518.26 4543.13 4552.01 4533.05 4529.3 4535.45 4540.89 4543.37 4545.4 4544.96 4546.69 4551.09 4560.49 4569.73 4580.54 4590.94 4594.72 4596.99 4597.87 4594.2 4590.71 4583.67 4572.65 4561.75
4406.98 4406.37 4406.06 4405.97 4406.37 4407.31 4408.17 4408.9 4409.32 4409.76 4410.23 4410.79 4411.38 4411.15 4409.2 4408.99 4408.1 4407.57 4407.22 4406.98 4406.89 4406.84 4406.82 4406.8 4406.71 4406.61 4406.76 4406.54 4406.12 4407.42 4408.04 4410.25 4413.21 4418 4423.63 4429.47 4434.7 4440.31 4444.39 4453.61 4456.11 4461.24 4471.27 4485.6 4520.91 4557.36 4524.39 4507.72 4507.26 4508.47 4510.8 4510.58 4509.51 4507.52 4507.32 4509.19 4517.2 4534.61 4552.75 4553.59 4557.87 4563.8 4561.03 4558.09 4553.17 4545.53 4535.72
