real_craters/C128-500m.grd
DSAA
162 162
-40.25 40.25
-40.25 40.25
3443.8883730021 4933.6636680889
[rows 30 to 59 of 162, columns 0 to 66 of 162]
4433.37 4432.44 4431.6 4430.81 4429.94 4429.33 4429.41 4428.82 4429.08 4429.66 4429.87 4428.78 4429.4 4428.18 4426.17 4424.78 4423.83 4423.62 4424.28 4426.18 4431.17 4438.02 4442 4443.5 4439.21 4434.32 4432.68 4427.84 4427.64 4427.57 4426.27 4426.54 4427.34 4426.78 4425.43 4424.41 4424.91 4426.56 4427.52 4427.14 4427.32 4427.12 4426.68 4426.13 4424.13 4420.69 4422.74 4421.96 4420.35 4421.12 4421.9 4422.78 4423.64 4424.3 4424.46 4424.01 4421.68 4420.03 4420.1 4420.01 4419.7 4419.46 4419.15 4418.55 4419.55 4420.28 4420.61
4433.73 4432.66 4431.61 4430.58 4429.53 4428.6 4427.49 4427.98 4429.05 4429.06 4428.52 4429.04 4428.79 4427.37 4424.93 4423.26 4422.2 4423.02 4423.96 4423.66 4433.8 4446.08 4452.23 4448.17 4441.3 4436.87 4432.28 4428.29 4428.27 4427.63 4425.94 4426.1 4427.39 4426.84 4425.24 4423.69 4424.18 4425.96 4426.96 4426.58 4426.9 4426.77 4426.1 4424.86 4424.26 4423.55 4421.99 4420.51 4419.72 4420.58 4421.75 4422.87 4423.95 4424.96 4425.76 4425.97 4425.23 4424.03 4420.51 4419.81 4419.49 4419.18 4419.21 4419.81 4419.96 4420.1 4420.23
4433.97 4432.65 4431.4 4430.21 4429.17 4428.16 4427.61 4428.16 4428.67 4428.37 4429.39 4429.26 4427.13 4425.52 4423.32 4421.17 4420.08 4420.8 4422.38 4424.81 4440.32 4461.79 4473.33 4461.47 4446.37 4440.93 4432.79 4429.73 4429.74 4427.66 4426.14 4425.13 4425.98 4426.12 4425.33 4424.24 4424.54 4425.49 4425.98 4426.05 4426.76 4426.81 4426.48 4426.01 4424.47 4423.39 4421.92 4420.27 4419.69 4420.71 4421.93 4423.31 4424.63 4425.88 4427.13 4428.78 4431.16 4430.79 4425.21 4420.86 4419.6 4419.13 4418.88 4419.05 4419.79 4419.9 4419.75
4434.18 4432.67 4431.13 4429.88 4428.79 4427.98 4427.69 4427.76 4428.27 4428.1 4428.29 4428.62 4427.38 4425.91 4422.38 4419.82 4418.16 4418.09 4421.69 4430.78 4454.53 4484.06 4508.49 4516.74 4481.52 4449.09 4432.13 4429.15 4427.35 4426.19 4424.05 4424.19 4425.49 4425.88 4425.52 4425.39 4425.24 4425.54 4425.29 4425.19 4427.09 4426.87 4426.31 4425.66 4423.87 4422.72 4421.73 4420.92 4420.65 4421.21 4422.21 4423.42 4424.76 4426.21 4427.75 4429.34 4431.2 4429.4 4420.11 4420.42 4419.36 4418.77 4418.62 4418.88 4419.54 4419.46 4419.2
4434.26 4432.59 4431.05 4429.69 4428.49 4427.58 4427.26 4427.76 4427.98 4428.14 4430.39 4427.75 4426.23 4424.72 4421.36 4418.8 4417.27 4417.52 4422.03 4448.55 4477.85 4502.36 4525.62 4546.21 4489.67 4446.1 4428.09 4427.92 4426.11 4425.45 4423.85 4424.56 4426.12 4426.85 4425.31 4424.16 4424.86 4425.94 4426.91 4424.27 4428.28 4426.46 4424.39 4422.76 4422.48 4422.2 4421.99 4421.57 4421.32 4421.68 4422.54 4423.6 4424.8 4425.88 4427.13 4428.3 4428.35 4424.57 4419.37 4419.31 4419.03 4418.65 4418.33 4418.31 4418.6 4418.88 4418.71
4433.98 4432.39 4430.89 4429.46 4428.1 4426.8 4425.89 4425.4 4427.37 4426.92 4426.42 4425.61 4423.89 4422.58 4420.07 4418.47 4418 4420.46 4433.04 4472.46 4509.41 4504.99 4496.22 4471.32 4450.81 4435.89 4426.91 4426.77 4425.73 4427.12 4426.63 4426.54 4427.29 4427.41 4425.44 4423.76 4424.5 4425.87 4426.7 4424.11 4425.9 4425.29 4423.98 4422.63 4421.53 4421.9 4421.88 4421.43 4421.33 4421.86 4422.59 4423.59 4424.4 4425.27 4426.32 4426.77 4426.46 4424.63 4419.6 4419.27 4419.13 4418.83 4418.38 4417.79 4418.34 4418.54 4418.37
4433.36 4431.97 4430.4 4428.97 4427.56 4426.38 4425.04 4424.02 4425.96 4425.45 4424.88 4423.85 4421.95 4419.85 4419.64 4418.92 4419.49 4422.84 4433.76 4473.15 4508.18 4489.49 4460.09 4435.02 4431.57 4430.58 4426.6 4425.09 4425.33 4428.95 4429.12 4428.87 4428.22 4428.47 4425.69 4423.7 4424.18 4425.4 4426.21 4423.69 4424.38 4423.67 4422.75 4421.9 4421.26 4421.34 4421.32 4420.68 4421.07 4421.89 4422.87 4423.76 4424.2 4424.94 4425.31 4425.04 4424.33 4423.1 4420.1 4419.66 4419.66 4419.19 4418.81 4418.04 4418.49 4418.15 4418.16
4432.5 4431.34 4430.02 4428.81 4427.39 4425.97 4424.86 4424.23 4424.7 4425.26 4424.55 4423 4421.88 4423.01 4420.44 4419.93 4420.95 4424.4 4432.99 4456.26 4474.4 4462.13 4439.44 4427.72 4426.51 4426.68 4425.17 4423.88 4425.64 4426.15 4426.67 4426.39 4426.88 4427.04 4424.44 4422.91 4423.61 4424.61 4425.62 4424.66 4421.06 4422.03 4422.45 4421.82 4421.22 4421.76 4421.1 4420.68 4420.98 4421.82 4422.55 4423.44 4423.65 4424.07 4424.06 4423.39 4422.25 4420.13 4418.93 4420.59 4419.95 4419.16 4418.72 4418.67 4417.44 4417.38 4417.47
4432.24 4430.99 4429.65 4428.37 4427.19 4426.07 4425.08 4424.12 4424.1 4424.8 4424.63 4422.94 4421.5 4420.22 4420.23 4420.54 4421.83 4425.81 4432.34 4440.39 4441.63 4439.93 4430.41 4426.75 4426.3 4426.81 4425.27 4424.5 4424.24 4424.14 4424.37 4424.27 4424.71 4424.41 4423.15 4422.42 4422.9 4423.48 4423.42 4421.43 4419.86 4421 4421.76 4420.98 4419.76 4420.68 4420.68 4420.57 4421.05 4421.48 4421.91 4422.34 4422.75 4422.55 4422.29 4422.22 4421.55 4419.65 4417.62 4419.09 4419.24 4418.7 4417.98 4417.42 4417.08 4416.65 4416.47
4432.19 4430.65 4429.31 4428.04 4426.75 4425.77 4425.14 4424.98 4424.73 4425.12 4424.09 4423.05 4421.97 4421.78 4421.72 4421.44 4423.04 4426.18 4431.55 4435.94 4432.89 4431.8 4428.79 4428.08 4427.1 4426.81 4425.56 4424.75 4425.11 4422.46 4423.18 4423.78 4423.52 4423.03 4422.64 4422.48 4422.58 4422.67 4422.29 4421.25 4419.99 4419.88 4420.48 4419.24 4418.25 4418.48 4420.15 4420.92 4421.17 4421.47 4421.68 4421.97 4422.15 4421.89 4421.91 4421.59 4421.5 4420.8 4419.01 4418.79 4418.54 4418.34 4417.78 4416.79 4416.22 4415.7 4415.41
4431.75 4430.15 4428.84 4427.75 4426.66 4425.67 4425.03 4424.64 4424.12 4423.82 4423.76 4423.39 4422.62 4422.64 4423.02 4422.82 4423.94 4425.65 4428.8 4433.77 4434.93 4433.26 4428.6 4427.64 4428.05 4427.18 4425.85 4424.95 4425.03 4422.4 4422.52 4422.78 4423.11 4423.34 4423.13 4422.45 4422.31 4422.2 4421.75 4420.22 4418.62 4418.41 4417.37 4418.16 4418.22 4418.98 4419.99 4420.75 4421.32 4421.49 4421.8 4422.06 4422.22 4422.24 4421.93 4421.41 4421.83 4421.52 4420.1 4418.88 4418.04 4418.24 4418.58 4417.87 4415.98 4415.05 4414.84
4430.63 4429.34 4428.18 4427.25 4426.31 4425.54 4424.65 4424.11 4424.59 4426.7 4424.59 4423.7 4422.82 4422.22 4422.29 4424.54 4425.64 4426.31 4425.35 4423.5 4435.69 4437.58 4427.78 4431.72 4429.61 4427.81 4425.98 4425.27 4424.79 4422.28 4422.4 4422.95 4422.73 4422.46 4421.66 4422.22 4422.27 4421.98 4421.48 4420.56 4418.53 4418.13 4417.79 4418.37 4419.11 4419.56 4420.53 4421.16 4421.68 4422.44 4423.12 4423.67 4423.86 4423.08 4422.2 4421.81 4421.98 4421.94 4421.14 4418.51 4417.27 4418.2 4419.41 4418.89 4416.4 4415.13 4415.45
4429.55 4428.64 4427.69 4426.74 4426.02 4425.23 4424.52 4423.71 4423.56 4424.7 4424.55 4423.95 4423.67 4423.78 4425.13 4426.14 4428.06 4429.51 4429.74 4429.62 4444.01 4450.69 4446.8 4436.89 4430.39 4426.65 4425.45 4425.45 4424.85 4422.5 4421.82 4421.86 4421.67 4422.59 4423.72 4422.82 4422.33 4421.97 4421.35 4420.23 4416.95 4417.67 4417.63 4418 4419.13 4419.89 4420.08 4420.65 4421.41 4422.49 4423.5 4424.9 4425.5 4425.58 4424.52 4422.47 4420.61 4420.11 4420.34 4418.55 4417.6 4418.12 4419.04 4418.48 4416.92 4416.21 4415.49
4428.79 4428.14 4427.27 4426.64 4425.89 4425.41 4424.74 4424.32 4425.21 4425.8 4424.48 4424.78 4425.63 4424.99 4423.22 4428.46 4431.18 4434.21 4440.04 4454.72 4466.73 4478.02 4460.97 4443.36 4430.08 4424.99 4424.4 4424.45 4424.21 4422.84 4421.41 4420.63 4420.57 4421.51 4422.42 4422.44 4422.03 4421.78 4421.32 4420.41 4417.54 4417.08 4417.58 4418.99 4420.22 4419.72 4418.96 4419.63 4421 4422.7 4424.73 4426.43 4427.67 4428.02 4427.07 4424.08 4419.95 4418.24 4418.57 4419.12 4418.72 4419.32 4417.72 4417.01 4416.98 4416.75 4414.76
4428.53 4427.88 4427.32 4426.65 4426.06 4425.56 4424.78 4424.69 4425.25 4424.1 4425.27 4427.51 4428.75 4430.94 4439.61 4433.57 4433.02 4436.29 4443.37 4456 4466.32 4469.22 4455.56 4440.84 4429.34 4424.77 4423.83 4423.21 4422.7 4421.23 4420.59 4420.78 4420.17 4419.51 4419.59 4420.79 4421.07 4421.27 4421.26 4421.08 4418.53 4417.15 4418.66 4420.02 4419.78 4418.36 4417.27 4418.66 4420.92 4423.49 4426.24 4428.9 4431.28 4432.76 4432.72 4429.88 4422.04 4420.83 4421.78 4426.24 4429.01 4424.71 4418.35 4416.69 4416.32 4415.64 4414.61
4428.57 4427.78 4427.03 4426.09 4425.57 4425.18 4425.21 4424.22 4424.17 4425.85 4428.85 4431.63 4431.87 4432.44 4432.78 4431.26 4431.21 4433.42 4437.47 4440.54 4443.11 4442.09 4437.86 4435.81 4429.66 4426.28 4423.86 4422.63 4422.2 4420.31 4419.96 4420.35 4420.05 4418.97 4418.51 4419.46 4420.3 4420.77 4420.9 4420.72 4419.08 4417.27 4420.11 4425.1 4419.98 4417.71 4416.35 4418.35 4421.13 4424.34 4427.72 4431.43 4435.28 4438.78 4441.56 4442.15 4439.6 4436.8 4438.56 4439.36 4440.34 4432.72 4422.05 4419 4417.71 4416.14 4415.75
4428.76 4427.14 4425.5 4424.48 4423.71 4423.25 4423.31 4423.88 4425.27 4432.06 4438.1 4437.18 4433.63 4430.12 4426.13 4425.65 4427.38 4428.72 4429.62 4429.15 4429.96 4433.3 4434.48 4432.58 4430.89 4426.79 4423.69 4421.87 4420.32 4419.99 4419.22 4420.02 4419.59 4418.93 4418.83 4419.19 4419.79 4420.18 4420.36 4419.94 4418.9 4418.72 4419.09 4419.81 4423.23 4418.24 4416.3 4418.59 4421.63 4425.03 4429.08 4433.61 4438.45 4444.11 4450.7 4458.22 4461.71 4453.85 4445.33 4443.64 4447.19 4438.99 4427.66 4422.85 4421.05 4419.83 4415.72
4428.66 4426.92 4425.59 4424.61 4423.3 4422.4 4422.41 4424.74 4428.37 4441.82 4449.86 4441.32 4434.92 4429.57 4424.99 4424.27 4425.99 4426.95 4426.19 4424.25 4424.2 4428.91 4430.18 4428.49 4425.93 4424.61 4423.09 4421.71 4421.08 4420.55 4420.19 4420.26 4419.34 4418.54 4418.65 4419.2 4419.69 4419.98 4419.86 4419.58 4418.69 4417.28 4417.53 4416.95 4418.46 4418.72 4418.62 4419.51 4422.3 4425.76 4429.94 4434.6 4439.95 4446.39 4454.93 4467.57 4481.1 4463.51 4447.69 4443.03 4449.13 4444 4430.39 4426.52 4424.68 4425.68 4428.1
4428.03 4426.63 4425.25 4424.12 4422.77 4422 4423.12 4425.05 4430.96 4451.04 4443.7 4438.79 4434.5 4430.18 4427.05 4425.89 4425.5 4424.95 4423.58 4423.07 4424.34 4426.66 4427.62 4425.84 4423.98 4423.1 4422.32 4421.45 4420.85 4421.75 4421.49 4420.94 4420 4419.77 4419.71 4419.82 4419.65 4419.64 4419.41 4419.21 4418.63 4417.01 4417.42 4417.21 4418.37 4417.81 4418.06 4420.1 4422.71 4425.78 4429.77 4433.94 4438.84 4444.45 4451.14 4458.8 4463.67 4454.59 4442.01 4436.6 4444.87 4444.66 4434.77 4429.88 4426.16 4424.12 4428.9
4427.96 4427.04 4425.8 4424.81 4423.45 4422.05 4423.45 4425.61 4435.67 4450.68 4437.68 4434.85 4433.08 4431.3 4429.72 4428.73 4426.24 4424.45 4423.02 4422.29 4423.06 4426.45 4425.38 4423.91 4422.67 4422.36 4421.91 4421.41 4421.15 4421.83 4421.42 4421.23 4420.82 4420.84 4420.62 4420.33 4419.7 4419.15 4418.74 4418.43 4418.03 4416.25 4417.39 4417.57 4419.09 4417.82 4418.15 4420.33 4423.06 4425.98 4429.37 4432.42 4436.11 4439.82 4442.97 4443.77 4442.35 4440.86 4434.26 4429.72 4434.7 4438.41 4438.94 4433.49 4428.6 4421.99 4424.27
4428.58 4427.25 4426.21 4424.82 4423.17 4422.86 4424.19 4427.86 4436.19 4453.84 4440.42 4433.64 4432.13 4431.36 4430.8 4429.39 4427.19 4424.97 4423.23 4421.76 4421.29 4424.95 4424.53 4423.17 4422.25 4422.14 4421.72 4421.39 4421.09 4421.29 4421.15 4420.95 4420.63 4420.58 4420.5 4420.09 4419.57 4418.74 4417.85 4417.11 4416.49 4415.82 4417.31 4417.3 4417.98 4418.67 4419.09 4421.28 4423.66 4425.92 4428.73 4430.76 4433.11 4435 4435.78 4434.78 4433.29 4432.44 4430.15 4428.99 4430.69 4434.15 4437.35 4437.09 4434.94 4432.34 4431.43
4428.36 4427.99 4427.22 4425.59 4425.13 4424.24 4425.18 4429.16 4439.62 4465.33 4440.76 4433.96 4433.33 4432.37 4431.64 4430.99 4428.22 4425.86 4424.09 4422.08 4421.32 4424.51 4424.25 4424.94 4423.59 4422.69 4422.11 4421.55 4421.2 4421.08 4420.22 4419.91 4419.78 4419.92 4420.14 4420.08 4419.2 4418.1 4416.94 4415.88 4415.16 4416.57 4417.06 4417.12 4417.23 4418 4419.48 4422.06 4424.44 4426.37 4428.06 4429.33 4430.45 4431.01 4431.1 4431.07 4429.63 4429.06 4428.56 4428.23 4432.39 4433.41 4439.7 4442.42 4443.14 4443.93 4443.52
4430.23 4429.01 4427.76 4426.8 4425.87 4424.06 4425.01 4427.38 4434.1 4447.58 4446.3 4440.51 4436.54 4434.22 4432.45 4430.78 4428.82 4427.04 4425.23 4424.34 4423.29 4425.2 4435.66 4426.51 4424.22 4423.31 4422.54 4421.85 4421.27 4420.98 4419.55 4418.69 4419.25 4419.38 4419.75 4419.56 4418.64 4417.48 4416.31 4415.23 4415.12 4417.1 4416.81 4416.92 4416.92 4417.99 4419.42 4422.37 4423.99 4425.6 4426.75 4427.64 4427.97 4427.49 4426.73 4428.2 4427.84 4427.26 4428.54 4431.16 4437.87 4452.48 4447.17 4448.87 4452.09 4453.11 4463.38
4430.71 4429.88 4428.67 4427.65 4427.1 4426.18 4426.76 4429.1 4434.75 4450.41 4454.89 4445.12 4439.13 4436.04 4433.4 4431.26 4429.32 4428 4427.64 4427.49 4427.57 4427.85 4424.83 4426.28 4425.1 4424.08 4423 4422.03 4421.34 4421.23 4420.22 4418.91 4419.48 4419.58 4419.45 4419.09 4418.15 4416.9 4416.11 4414.92 4414.99 4417.12 4416.49 4416.49 4417.71 4417.05 4421.08 4423.64 4424.79 4425.67 4426.53 4427.02 4426.16 4424.92 4422.27 4417.55 4421.3 4425.78 4429.25 4432.98 4436.37 4437.53 4445.89 4453.14 4461.35 4470.69 4468.96
4430.1 4430.22 4429.04 4427.96 4427.12 4427.44 4427.72 4429 4438.22 4458.4 4454.75 4442.74 4440.46 4437.63 4434.46 4431.44 4429.89 4429.74 4429.88 4430.25 4430.25 4428.65 4427.87 4429.46 4426.51 4424.78 4423.36 4422.02 4421 4420.44 4420.59 4419.17 4419.64 4420.06 4419.14 4418.48 4417.95 4417.18 4416.2 4415.16 4415.33 4416.69 4416.43 4420.87 4425.69 4427.71 4425.81 4425.83 4425.76 4425.97 4425.77 4425.8 4425.96 4424.82 4423.18 4421.05 4422.95 4426.49 4430.27 4433.37 4436.35 4439.21 4446.01 4455.73 4464.64 4471.45 4471.22
4431.21 4431.04 4430.67 4429.31 4428.87 4428.09 4428.06 4428.63 4434.62 4445.24 4447.78 4446.33 4442.7 4439.72 4436.29 4433.06 4431.22 4430.93 4431.03 4431.73 4432.19 4427.74 4426.55 4426.81 4426 4424.44 4422.77 4421.88 4420.6 4419.65 4420.36 4419.7 4419.77 4418.93 4418.74 4418.76 4418.57 4418.1 4417.79 4417.04 4416.63 4420.74 4433.49 4431.91 4431.79 4432.22 4429.39 4427.89 4427.39 4427.24 4426.62 4426.87 4426.6 4426.9 4427.09 4425.45 4428.08 4429.49 4432.15 4436.07 4439.62 4441.31 4447.84 4457.92 4466.48 4471.12 4466.55
4430.77 4430.7 4430.72 4430.5 4430.22 4430.1 4430 4428.57 4433.42 4442.39 4447.85 4445.02 4445.04 4442.83 4439.33 4436.3 4434.05 4432.26 4431.62 4431.47 4431.23 4425.48 4425.03 4426.03 4425.86 4424.73 4423.44 4422 4420.29 4419.2 4419.44 4419.84 4420.48 4419.6 4418.43 4418.65 4418.79 4418.93 4419.88 4422.6 4426.74 4431.83 4430.13 4430.09 4430.83 4430.98 4429.88 4428.64 4428.13 4427.88 4428.22 4428.15 4428.67 4429.77 4431.49 4433.72 4432.24 4432.36 4433.96 4436.74 4440.3 4445.82 4455.96 4462.15 4467.22 4466.19 4452.82
4431.01 4430.25 4430.74 4431.41 4431.17 4431.58 4432.73 4432.98 4433.93 4438.6 4442.43 4449.06 4448.59 4445.78 4441.85 4437.9 4434.7 4432.32 4430.81 4429.67 4428.84 4424.84 4424.9 4427.09 4425.51 4424.15 4423 4421.92 4421.06 4420.54 4421.28 4419.81 4420.49 4419.42 4418.25 4418.31 4418.58 4419.23 4420.39 4422.87 4426.03 4427.65 4426.68 4427.47 4428.35 4429.02 4428.76 4428.51 4428.62 4428.65 4428.44 4429.18 4429.21 4429.99 4432.86 4435.25 4433.7 4433.65 4434.96 4436.98 4440.41 4455.24 4468.35 4467.69 4464.97 4462.79 4456.39
4431.48 4430.19 4431.21 4431.94 4432.69 4433.12 4433.54 4433.77 4434.25 4435.72 4439.59 4447.17 4451.33 4448.16 4443.31 4438.11 4433.68 4431.76 4430.28 4428.72 4427.74 4424.23 4424.76 4425.6 4424.27 4423.35 4422.68 4422.07 4421.51 4421.29 4421.2 4418.48 4419.36 4419.01 4418.55 4418.73 4418.93 4419.29 4419.27 4419.17 4420.49 4422.5 4424.97 4425.51 4425.42 4427.23 4428.98 4429.54 4429.56 4429.58 4429.69 4428.84 4429.58 4430.71 4431.74 4433.06 4434.48 4435.65 4436.97 4440.35 4447.71 4464.67 4474.31 4475.56 4474.37 4474.97 4480.67
4431.74 4432.39 4432.39 4432.77 4433.35 4433.91 4435.5 4434.9 4433.8 4434.17 4441.2 4451.03 4453.99 4449.13 4443.93 4438.52 4432.49 4432.02 4430.48 4428.44 4427.49 4426.2 4425.8 4422.59 4422.69 4422.71 4422.47 4422.17 4421.8 4421.37 4421.07 4420.47 4418.27 4418.6 4419.02 4419.87 4420.71 4420.01 4418.9 4417.53 4417.68 4419.33 4425.29 4424.77 4425.73 4427.46 4429.07 4430.2 4430.66 4430.95 4430.67 4429.72 4430.12 4430.91 4433.09 4434.26 4435.45 4437.22 4439.89 4445.91 4459.44 4473.11 4480.98 4490.48 4487.68 4507.42 4524.01
