real_craters/C128-500m.grd
DSAA
162 162
-40.25 40.25
-40.25 40.25
3443.8883730021 4933.6636680889
[rows 90 to 119 of 162, columns 67 to 133 of 162]
3667.01 3651.2 3626.74 3577.77 3568.22 3569.93 3584.11 3589.6 3585.84 3579.17 3573.08 3570.16 3569.33 3577.14 3586.44 3597.66 3606.09 3609.27 3603.08 3600.56 3600.01 3617.26 3611.45 3618.59 3663.65 3723.21 3787.08 3849.89 3916.43 3975.87 4035.07 4105.26 4260.24 4544.6 4723.35 4812.56 4830.26 4814.99 4779.36 4726.96 4675.55 4620.84 4580.21 4543.92 4513.07 4483.96 4471.52 4454.06 4440.13 4429 4418.83 4410.23 4404.98 4399.07 4396.95 4395.1 4393.79 4393.82 4393.57 4393.37 4395.4 4394.42 4392.76 4391.96 4392.09 4392.1 4391.98
3717.14 3675.77 3658.97 3617.89 3589.4 3603.98 3618.82 3617.19 3608.16 3600.94 3597.85 3596.67 3591.62 3596.06 3603.51 3608 3607.88 3601.07 3598.18 3611.46 3642.35 3675.61 3665.72 3690.61 3734.61 3800.74 3877.55 3956.89 4043.71 4128.78 4215.11 4300.92 4466.74 4744 4843.06 4819.4 4816.45 4792.69 4753.92 4709.21 4653.56 4606.68 4554.73 4512.52 4466.18 4444.12 4445.62 4438.03 4429.88 4422.46 4414.54 4407.16 4402.08 4396.04 4394.67 4394.28 4394.13 4394.32 4394.45 4393.87 4394.12 4394.25 4393.57 4392.73 4392.49 4392.4 4392.24
3814.17 3721.86 3676.76 3673.24 3687.38 3693.21 3678.82 3655.76 3631.48 3616.08 3616.39 3604.97 3606.58 3618.75 3627.22 3630.76 3625.63 3610.48 3600.45 3654.36 3702.33 3732.86 3753.66 3766.49 3811.61 3886.06 3971.75 4072.18 4176.44 4290.56 4411.11 4534.45 4671.61 4825.02 4866.63 4815.03 4784.21 4757.68 4714.71 4672.24 4617.77 4574.4 4530.77 4482.6 4441.54 4420.54 4424.41 4424.13 4421.33 4416.57 4410.69 4404.34 4398.95 4393.04 4393.07 4393.09 4393.32 4394.7 4394.31 4394.06 4394.87 4394.7 4393.62 4393.19 4393.04 4392.96 4392.82
3969.66 3837.42 3740.81 3748.25 3783.07 3785.44 3748.64 3707.29 3661.44 3623.64 3601.27 3604.13 3632.08 3653.83 3665.38 3667.57 3663.11 3650.68 3647.08 3685.71 3723.98 3743.86 3754.2 3819.74 3890.86 3982.44 4077.26 4187.05 4303.07 4436.94 4585.3 4750.28 4814.17 4834.6 4821.9 4774.75 4745.36 4715.32 4679.96 4631.33 4592.34 4544.33 4505.53 4462.54 4426.29 4401.78 4410.96 4415.23 4415.41 4412.81 4408.18 4402.56 4396.61 4391.44 4391.45 4391.74 4392.06 4391.93 4394.93 4398.06 4395.28 4395.73 4394.28 4393.73 4393.71 4393.82 4394.27
4171.86 4024.97 3898.35 3868.21 3884.46 3878.56 3824.11 3764.21 3704.16 3644.81 3620.91 3652.74 3687.07 3713.63 3723.6 3722.38 3716.43 3709.31 3699.99 3680.25 3739.35 3789.84 3806.3 3875.42 3955.27 4053.26 4157.81 4270.2 4393.71 4531.85 4675.9 4810.73 4831.56 4789.81 4765.53 4736.51 4694.96 4673.39 4644.92 4603.33 4569.83 4534.94 4496.29 4459.78 4423.78 4398.71 4407.18 4413.07 4414.42 4412.16 4407.96 4402.53 4396.82 4392.13 4390.57 4391.16 4391.98 4393.36 4395.87 4398 4394.36 4394.1 4393.38 4393.6 4393.86 4394.44 4395.32
4431.99 4264.05 4104.87 4037.09 4000.27 3957.11 3903.39 3848.66 3787.21 3709.57 3668.5 3715.98 3778.85 3804.1 3809.61 3804.38 3789.79 3770.93 3761.77 3773.49 3812.7 3864.09 3893.38 3953.86 4038.86 4131.93 4234.29 4343.12 4460.26 4584.2 4703.03 4780.02 4775.03 4702.38 4634.86 4641.4 4638.65 4629.69 4610.37 4582.03 4554.08 4524.45 4494.18 4463.97 4432.86 4401.68 4414.01 4419.27 4416.54 4412.79 4408.43 4404.43 4399.35 4395.47 4392.29 4392.2 4392.68 4392.6 4393.08 4392.88 4389.73 4391.17 4392.42 4393.03 4393.64 4394.35 4395.25
4709.88 4561.73 4384.45 4244.5 4140.02 4049.07 4000.88 3968.3 3929.52 3889.78 3889.61 3916.11 3927.74 3925.41 3914.53 3895.76 3872.68 3859.89 3862.67 3868.05 3904.08 3921.61 3964.6 4034.86 4119.41 4209.66 4300.74 4397.03 4494.83 4597.26 4697.09 4771.72 4722 4634.38 4548.63 4575.64 4597.99 4602.66 4588.2 4567.4 4546.39 4520.25 4494.81 4470.04 4458.92 4463.66 4440.01 4427.58 4418.36 4412.62 4408.02 4404.68 4401.13 4397.63 4395.08 4394.37 4394.55 4394.11 4393.83 4392.93 4391.01 4392.04 4391.98 4392.47 4393.09 4393.84 4394.51
4813.08 4773.4 4632.03 4453.39 4307.33 4179.84 4144.19 4119.8 4099.52 4138.09 4198.03 4157.03 4091.5 4055.6 4027.77 3998.39 3968.57 3943.1 3950.12 4014.5 4002.79 4014.4 4048.5 4120.19 4197.7 4276.55 4352.31 4430.77 4505.16 4572.32 4634.71 4679.16 4664.38 4615.78 4580.16 4586.34 4594.68 4596.27 4582.68 4562.99 4540.11 4516.22 4493.22 4469.75 4462.65 4464.99 4437.81 4425.08 4415.55 4410.4 4407.77 4406.81 4405.8 4402.18 4399.68 4399.93 4398.34 4395.6 4394.36 4393.65 4390.95 4391.47 4391.44 4392.12 4392.78 4393.57 4394.06
4694.72 4722.27 4705.06 4595.18 4490.92 4392.08 4346.04 4296.78 4237.85 4202.23 4243.29 4255.34 4214.42 4176.79 4142.94 4107.9 4071.37 4040.15 4016.12 4013.51 4107.28 4147.03 4193.83 4235.45 4294.64 4349.22 4409.81 4466.49 4515.37 4552.09 4566.55 4585.79 4610.47 4619.93 4619.83 4631.46 4615.31 4595.53 4575.47 4552.26 4528.37 4503.67 4481.46 4460.14 4442.74 4417.37 4408.38 4411.48 4408.29 4405.68 4405.08 4406.98 4415.18 4418.54 4415.62 4410.47 4401.83 4395.58 4391.59 4391.32 4390.53 4390.76 4390.72 4391.5 4392.35 4393.29 4393.8
4722.63 4711.43 4711.55 4688.26 4659.49 4650.23 4597.98 4492.03 4378.16 4263.57 4276.78 4313.02 4315.47 4299.16 4274.3 4244.28 4206.42 4170.92 4165.97 4182.39 4303.39 4339.67 4358.24 4377.86 4384.35 4415.86 4452.72 4489.41 4516.23 4536.82 4536.06 4553.77 4592.53 4634.89 4688.61 4674.91 4624.26 4587.67 4557.22 4537.57 4513.55 4490.53 4468.07 4449.37 4426.93 4403.26 4394.95 4400.91 4401.55 4401.23 4400.49 4400.49 4400.24 4407.34 4416.59 4410.27 4400.03 4393.62 4389.11 4389.84 4389.5 4389.59 4390.47 4391.44 4392.11 4392.96 4393.49
4760.36 4747.42 4745.64 4755.24 4776.58 4837.16 4806.17 4669.98 4567.15 4459.21 4407.08 4428.23 4432.16 4421.85 4406.07 4394.99 4379.58 4369.61 4437.43 4500.7 4584.84 4606.93 4532.89 4482.22 4475.5 4483.73 4497.3 4517.36 4538.71 4553 4560.13 4572.28 4589.95 4614.58 4641.99 4638.95 4607.76 4574.04 4543.16 4514.12 4490.77 4474.32 4456.02 4435.93 4417.01 4400.15 4390.52 4394.77 4396.22 4396.01 4395.07 4392.83 4388.55 4392.61 4397.22 4394.42 4392.97 4391.02 4389.58 4389.94 4389.27 4388.73 4390.24 4391.33 4392.09 4392.97 4393.6
4802.95 4787.87 4776.19 4788.35 4812.71 4837.1 4815.19 4773.77 4748.11 4739.27 4641.79 4588.32 4555.64 4537.97 4532 4549.16 4586.6 4624.29 4698.39 4740.36 4729.07 4698.3 4630.12 4561.13 4526.28 4524.63 4528.2 4540.69 4558.05 4580.96 4613.76 4603.63 4591.57 4580.49 4576.08 4585.62 4578.02 4552.03 4526.17 4503.95 4484.15 4465.32 4446.45 4429.57 4412.92 4399.08 4391.87 4393.13 4393.12 4392.4 4391.26 4389.05 4387.97 4387.71 4386.86 4385.33 4387.35 4387.75 4388.11 4389.3 4390.33 4389.18 4390.72 4391.61 4392.24 4392.79 4393.38
4762.62 4803.54 4784.75 4788.89 4801.61 4804.59 4799.73 4812.08 4822.09 4831.17 4809.11 4713.6 4655.31 4627.5 4627.11 4662.35 4739.79 4803.25 4776 4764.06 4731.84 4696.78 4658.47 4615.41 4577.03 4560.92 4552.58 4556.03 4566.14 4587.19 4618.65 4603.04 4589.02 4587.34 4584.75 4589.85 4547.7 4524.07 4506.81 4491.38 4476.16 4457.2 4441.76 4424.66 4411.76 4400.95 4394.41 4392.86 4392.02 4390.68 4389 4387.45 4388.64 4385.93 4384.81 4384.66 4384.87 4385.1 4384.94 4387.41 4390.03 4389.73 4391.3 4391.87 4392.2 4392.75 4393.36
4672.49 4708.14 4742.44 4754.02 4766.31 4777.66 4791.46 4817.05 4844.85 4858.1 4827.71 4758.21 4702.01 4671.82 4669.36 4697.07 4751.89 4805.79 4839.75 4773.09 4713 4680.14 4662.6 4631.12 4608.13 4590.43 4576.87 4565.98 4555.51 4554.68 4546.23 4558.05 4559.95 4572.61 4549.23 4512.63 4490.2 4483.6 4478.08 4469.98 4459.73 4446.77 4433.78 4421.17 4408.68 4400.79 4394.91 4392.19 4389.78 4388.06 4386.43 4385.01 4384.1 4383.97 4384.17 4384.19 4384.16 4384.11 4384.81 4386.37 4386.99 4387.91 4391.44 4391 4391.38 4392.04 4392.82
4684.47 4677.37 4696.78 4710.49 4723.64 4746.63 4787.63 4795.62 4807.98 4811.28 4788.96 4744.99 4705.57 4675.06 4664.8 4672.69 4693.3 4724.62 4738.06 4725.96 4685.26 4658.45 4633.59 4611 4592.36 4573.85 4558.44 4542.46 4529.68 4521.17 4508.27 4509.43 4505.61 4490.73 4458.58 4410.97 4429.14 4444.67 4448.33 4446.68 4441.86 4435.73 4425.77 4415.23 4405.56 4397.29 4391.55 4388.74 4387.45 4385.72 4384.09 4382.92 4382.06 4382.36 4383.41 4385.64 4384.01 4383.77 4383.55 4384.57 4386.78 4384.17 4386.79 4388.59 4389.67 4390.74 4391.67
4615.04 4640.65 4643.97 4650.86 4663.86 4685.21 4707.72 4726.3 4750.01 4760.4 4738.93 4705.39 4677.21 4646.65 4631.8 4622.71 4615.57 4637.05 4660.89 4650.57 4665.65 4629.27 4595 4569.02 4552.83 4533.83 4519.13 4505.54 4494.61 4493.62 4494.19 4479.02 4459.93 4421.81 4413.57 4396.21 4408.58 4424.62 4430.74 4429.87 4424.69 4416.8 4410.08 4405.17 4398.61 4392.94 4385.83 4385.4 4385.55 4384.05 4382.66 4381.72 4381.52 4381.95 4382.81 4382.81 4383.33 4383.82 4383.78 4384.15 4384.69 4382.73 4384.48 4386.6 4388.14 4389.29 4389.98
4544.04 4564.97 4581.65 4590.9 4603.44 4612.64 4619.08 4639.83 4656.09 4649.02 4656.6 4646.93 4629.95 4607.01 4585.49 4565.79 4560.04 4533.43 4530.08 4533.31 4534.9 4549.79 4536.9 4526.86 4515.23 4502.79 4486.92 4473.39 4457.5 4439.74 4438.32 4454.05 4452.26 4430.44 4431.78 4421.93 4433.57 4432.69 4426.32 4417.73 4413.63 4407.95 4401.51 4396.7 4393.95 4391 4385.88 4385.22 4385.66 4385.2 4383.25 4381.37 4381.41 4382.34 4382.79 4382.93 4383.29 4384.38 4385.47 4385.34 4385.38 4383.06 4383.81 4385.62 4387.03 4387.96 4388.5
4554.05 4528.57 4531.54 4539.17 4539.37 4541.69 4550.37 4566.17 4586.17 4594.23 4593.53 4587.2 4575.07 4557.17 4533.2 4502.77 4471.08 4444.05 4432.55 4433.15 4429.28 4459.3 4473.04 4481.37 4478.61 4475.61 4465.87 4449.97 4429.6 4404.18 4411.03 4443.48 4473.74 4493.84 4476.98 4497.28 4481.29 4444.51 4426.38 4416.47 4408.31 4404.31 4394.01 4391.24 4386.95 4384.66 4384.14 4384.54 4388.57 4390.14 4387.4 4381.35 4382.35 4386.15 4385.88 4384.09 4383.74 4385.25 4387.66 4393.56 4385.47 4382.92 4383.52 4385.21 4386.11 4386.55 4386.79
4517.07 4505.65 4493.2 4494.21 4490.95 4483.17 4469.65 4473.29 4513.23 4531.63 4540.45 4536.3 4529.03 4515.5 4495.57 4464.73 4426.55 4422.19 4410.77 4395.11 4382.84 4405.75 4433.65 4450.41 4454.98 4454.22 4446.41 4435.04 4417.77 4401.73 4408.96 4438.21 4472.48 4486.4 4474.73 4469.86 4450.49 4428.58 4411.86 4405.39 4398.2 4396.73 4392.17 4386.63 4382.48 4381.72 4381.5 4384.69 4393.27 4400.97 4401.86 4386.05 4392.27 4396.76 4392.14 4386.72 4383.05 4385.12 4386.72 4386.98 4389.1 4383.63 4384.04 4385.96 4385.95 4385.81 4385.52
4531.94 4492.22 4469.36 4461.42 4452.99 4439.89 4420.5 4418.96 4452.74 4481.95 4491.94 4494.62 4490.54 4481.48 4471.8 4468.51 4471.25 4474.43 4446.24 4410.04 4382.22 4388.33 4404.44 4412.2 4418.01 4415.68 4416.66 4416.01 4415.47 4403.96 4414.68 4426.36 4441.71 4450.76 4436.43 4411.53 4391.11 4400.88 4396.85 4394.29 4389.5 4388.98 4384.99 4379.67 4381.38 4379.45 4380.42 4384.84 4398.6 4415.92 4435.13 4456.32 4431.39 4415.22 4401.8 4389.24 4381.97 4384.51 4385.97 4387.38 4389.71 4390.22 4385.57 4386.29 4386.03 4385.64 4384.98
4444.44 4464.85 4449.05 4439.17 4430.63 4419.82 4408.88 4408.28 4425.3 4441.66 4456.66 4462.1 4460.39 4454.9 4447.79 4443.2 4452.27 4471.68 4464.4 4453.71 4420.45 4413.67 4414.75 4413.45 4410.97 4408.72 4409.35 4414.4 4425.89 4444.43 4424.51 4412.65 4401.65 4402.17 4403.01 4391.85 4382.96 4387.45 4390.69 4387.16 4384.95 4381.59 4379.39 4380.52 4380.29 4376.99 4379.19 4384.13 4400.51 4423.67 4455.77 4480.93 4456.86 4427.84 4406.73 4391.42 4382.12 4384.41 4386.03 4387.1 4389.75 4389.62 4386.92 4386.88 4386.53 4385.79 4384.85
4424.43 4425.5 4422.34 4423.32 4421.25 4415.61 4409 4407.05 4412.96 4426 4432.94 4437.36 4437.11 4432.03 4423.23 4409.55 4408.07 4413.71 4444.95 4477.49 4471.67 4453.36 4431.54 4419.15 4411 4407.57 4407.03 4409.1 4415.38 4426.02 4415.24 4403.21 4393.6 4390.38 4389.01 4386.33 4382.88 4384.92 4387.37 4388.37 4386.58 4378.6 4380.35 4375.98 4376.89 4379.42 4379.75 4382.92 4397.45 4414.89 4436.28 4475.7 4443.04 4423.54 4407.15 4392.25 4383.32 4384.57 4386.27 4388.6 4389.3 4390.39 4392.14 4388.9 4386.85 4385.79 4384.9
4396.75 4409.57 4414.96 4416.42 4418.73 4419.97 4416.99 4413.12 4406.25 4408.19 4414.69 4419.67 4419.75 4417.19 4410.75 4401.87 4399.83 4406.01 4419.95 4428.63 4447.79 4453.16 4431.85 4418.33 4410.44 4404.55 4401.49 4398.26 4392.19 4387.83 4395.94 4395.75 4392.16 4389.36 4387.04 4387.27 4386.04 4388.13 4385.86 4385.75 4387.13 4380.23 4380.74 4379.48 4378.25 4378.92 4382.21 4386.24 4394.45 4400.42 4393.65 4381.57 4409.64 4409.79 4400.65 4391.21 4383.84 4384.27 4385.78 4387.52 4388.14 4391.09 4385.54 4386.36 4386.82 4386.15 4385.4
4407.25 4405.43 4400.11 4407.81 4417.08 4425.04 4429.77 4417.76 4406.1 4403.36 4405.31 4406.53 4406.78 4406.99 4407.93 4404 4403.34 4402.67 4404.5 4406.67 4417.59 4412.02 4415.6 4411.58 4405.49 4401.25 4396.59 4391.63 4384.17 4381.51 4387.21 4391.8 4393.64 4390.73 4388.73 4389.21 4393.79 4390.35 4388.14 4387.37 4386.96 4387.52 4385.79 4378.72 4378.72 4380.2 4382.57 4389.94 4391.6 4394.67 4401.95 4403.72 4399.68 4399.42 4395.46 4388.44 4382.81 4383.29 4384.63 4385.37 4385.79 4389.53 4386.51 4388.08 4387.36 4386.63 4385.97
4396.83 4398.23 4394.74 4403.19 4415.12 4428.38 4445.07 4454.1 4411.05 4401.01 4401.49 4401.3 4401.6 4402.37 4404.98 4415.59 4403.88 4398.98 4398.17 4404 4403.03 4399.79 4402.89 4405.3 4404.54 4400.19 4395.34 4389.99 4385.8 4383.95 4386.57 4390.18 4392.16 4390.39 4388.34 4387.62 4384.86 4384.94 4385.08 4385.05 4383.26 4382.57 4383.11 4384.49 4384.77 4383.65 4380.51 4381.51 4384.39 4388.11 4390.55 4393.99 4393.78 4392.75 4389.53 4386 4383.01 4383.24 4384.08 4384.37 4384.79 4387.11 4385.62 4385.65 4386.93 4386.73 4386.37
4395.52 4398.48 4396.13 4402.02 4410.78 4420.93 4433.06 4450.02 4403.24 4398.95 4397.99 4397.93 4398.54 4398.27 4396.15 4391.42 4392.89 4392.72 4393.73 4394.94 4394.27 4391.42 4394.48 4397.69 4398.55 4397.42 4394.05 4389.77 4385.9 4384.98 4386.39 4388.49 4389.71 4388.67 4387.18 4385.58 4384.16 4383.55 4383.48 4383.36 4382.97 4381.05 4381.41 4380.94 4382.56 4382.22 4380.84 4379.87 4380.91 4381.97 4381.09 4383.08 4385.39 4386.53 4385.69 4384.07 4382.39 4382.63 4383.99 4384.45 4383.15 4384.41 4384.29 4385.49 4386.37 4386.73 4386.82
4393.81 4396.33 4397.6 4400.6 4404.88 4407.79 4401.92 4385.2 4393.52 4396.55 4396.69 4397.12 4397.9 4396.36 4394.66 4392.36 4390.72 4390.44 4391.3 4391.12 4390.57 4389.89 4391.84 4394.35 4395.33 4394.39 4392.21 4389.33 4385.38 4384.99 4385.68 4386.15 4386.75 4385.54 4384.26 4383.08 4383.36 4382.74 4382.84 4382.79 4382.86 4382.64 4381.96 4381.19 4379.02 4379.98 4380.15 4380.8 4380.71 4379.93 4379.04 4379.8 4381.16 4381.14 4381.33 4381.57 4382.41 4383.03 4384.09 4384.59 4383.14 4382.73 4382.42 4382.98 4385.44 4386.58 4387.25
4392.47 4392.65 4394.29 4396.98 4400.41 4400.91 4395.05 4386.89 4390.55 4394.12 4395.96 4397.26 4398.85 4398.48 4397.23 4394.08 4391.92 4390.26 4389.55 4390.05 4391.14 4392.2 4393.76 4395.35 4395.11 4394.38 4392.93 4390.89 4388.3 4386.87 4385.52 4383.96 4383.39 4383.43 4382.87 4382.38 4382.92 4382.82 4382.34 4382.49 4382.57 4382.58 4382.51 4382.03 4381.72 4380.2 4380.25 4380.33 4380.04 4379.28 4378.76 4379.11 4379.96 4379 4379.17 4379.89 4381.07 4381.2 4382.93 4383.71 4381.27 4380.8 4382.15 4382.38 4385.17 4387.78 4388.09
4393.26 4392.34 4393.47 4395.45 4397.83 4399.64 4401.46 4396.86 4392.69 4395.75 4398.96 4400.65 4401.3 4401.07 4400.23 4396.58 4391.69 4389.85 4389.82 4391.2 4394.39 4396.9 4399.05 4399.58 4397.4 4395.48 4394.07 4393.59 4392.58 4388.93 4385.86 4384.03 4383.02 4382.71 4382.59 4382.35 4382.17 4381.52 4381.87 4382.01 4382.13 4382.28 4382.35 4382.14 4381.75 4381.17 4380.8 4380.35 4379.85 4378.89 4377.93 4378.2 4379.06 4379.78 4379.71 4379.81 4380.31 4380.58 4380.51 4380.23 4379.23 4378.92 4380.62 4392.26 4392.85 4390.08 4388.11
4393.46 4395.36 4394.95 4396.52 4397.74 4399.7 4403.41 4394.84 4388.94 4397.63 4400.62 4401.34 4401.82 4402.22 4401.96 4396.94 4389.78 4389.24 4389.81 4392.8 4397.78 4408.24 4413.32 4402.92 4398.58 4395.75 4394.07 4393.57 4393.61 4389.25 4385.84 4383.32 4382.41 4382.34 4382.26 4382.02 4381.71 4381.54 4381.57 4381.81 4381.89 4381.99 4382.05 4381.95 4381.8 4381.49 4380.86 4380.32 4379.58 4378.45 4377.81 4377.43 4377.34 4377.71 4378.41 4378.83 4379.14 4379.49 4379.31 4378.94 4378.55 4378.1 4379.36 4399.76 4394.73 4389 4386.63
