real_craters/C128-750m.grd
DSAA
108 108
-40.25 40.25
-40.25 40.25
3452.1127595484 4894.5833268247
[rows 38 to 75 of 108, columns 0 to 83 of 108]
4431 4430 4432 4432 4433 4433 4438 4446 4449 4444 4438 4433 4431 4429 4425 4426 4425 4423 4422 4421 4421 4420 4419 4418 4419 4420 4423 4426 4426 4427 4429 4429 4429 4428 4429 4429 4433 4434 4434 4437 4442 4469 4468 4461 4460 4490 4535 4572 4557 4520 4633 4618 4638 4695 4686 4718 4650 4667 4747 4879 4893 4794 4670 4638 4617 4572 4536 4497 4450 4420 4409 4408 4428 4430 4427 4421 4414 4408 4405 4405 4406 4408 4411 4413
4431 4432 4433 4434 4435 4435 4435 4446 4453 4446 4438 4432 4430 4428 4425 4424 4423 4423 4422 4421 4421 4419 4419 4419 4420 4419 4418 4419 4425 4425 4428 4430 4431 4431 4429 4430 4433 4435 4437 4442 4464 4475 4485 4495 4509 4529 4554 4584 4701 4724 4538 4465 4420 4374 4307 4333 4409 4486 4594 4777 4886 4858 4830 4720 4643 4621 4579 4521 4446 4411 4404 4433 4444 4438 4433 4426 4416 4406 4405 4407 4411 4412 4413 4410
4434 4434 4434 4435 4434 4433 4429 4433 4449 4445 4441 4437 4432 4427 4425 4424 4422 4422 4422 4422 4422 4420 4420 4420 4421 4420 4418 4418 4422 4428 4429 4430 4429 4430 4431 4431 4432 4436 4439 4446 4470 4497 4531 4574 4607 4606 4536 4476 4438 4303 4270 4241 4198 4121 4029 4056 4159 4242 4309 4369 4493 4611 4735 4725 4722 4698 4641 4574 4520 4482 4462 4439 4443 4447 4442 4432 4420 4408 4406 4407 4409 4410 4412 4410
4434 4434 4434 4435 4437 4437 4431 4426 4429 4441 4446 4448 4436 4428 4424 4424 4423 4423 4423 4422 4422 4420 4420 4420 4419 4421 4423 4422 4426 4429 4430 4431 4432 4431 4432 4434 4440 4438 4439 4445 4464 4493 4553 4621 4675 4667 4439 4259 4096 3984 4007 4035 4023 3987 3905 3903 3961 4008 4019 4012 4064 4203 4407 4604 4773 4769 4691 4627 4574 4558 4555 4516 4480 4471 4457 4442 4427 4411 4406 4408 4411 4411 4415 4411
4436 4435 4435 4436 4439 4438 4439 4446 4438 4443 4447 4443 4437 4432 4426 4423 4426 4425 4423 4421 4419 4421 4420 4421 4421 4421 4423 4426 4428 4428 4429 4430 4430 4432 4432 4435 4438 4438 4439 4447 4464 4506 4574 4613 4558 4385 4239 4037 3833 3787 3847 3880 3900 3922 3874 3833 3836 3837 3823 3763 3769 3872 4081 4395 4673 4741 4697 4652 4609 4610 4613 4578 4540 4505 4477 4454 4433 4414 4406 4412 4411 4416 4415 4411
4435 4432 4434 4436 4435 4439 4442 4447 4451 4446 4445 4442 4437 4433 4429 4426 4428 4427 4425 4423 4420 4423 4423 4422 4422 4422 4422 4424 4428 4428 4428 4430 4430 4429 4431 4435 4439 4440 4442 4454 4509 4579 4709 4619 4421 4244 4068 3908 3791 3775 3771 3779 3781 3764 3767 3749 3731 3730 3736 3735 3714 3718 3872 4175 4438 4579 4626 4638 4640 4641 4645 4605 4565 4526 4492 4465 4440 4417 4408 4417 4432 4419 4414 4410
4435 4435 4435 4435 4433 4437 4440 4442 4442 4442 4440 4437 4435 4433 4430 4426 4428 4428 4427 4425 4424 4424 4425 4423 4422 4422 4422 4422 4427 4427 4429 4431 4427 4428 4431 4433 4440 4451 4457 4469 4554 4624 4585 4433 4247 4052 3940 3840 3777 3730 3725 3715 3696 3646 3581 3616 3636 3640 3635 3660 3693 3684 3783 4001 4210 4382 4519 4617 4641 4650 4612 4598 4563 4534 4503 4474 4447 4424 4408 4416 4422 4421 4409 4407
4437 4436 4435 4436 4433 4435 4438 4440 4439 4438 4438 4437 4435 4434 4435 4425 4426 4430 4429 4428 4427 4425 4425 4423 4423 4422 4421 4422 4424 4424 4430 4429 4427 4426 4425 4429 4447 4470 4485 4479 4567 4576 4254 4151 4051 3961 3871 3786 3714 3691 3685 3669 3653 3617 3557 3554 3570 3576 3564 3562 3597 3629 3722 3856 4005 4177 4402 4622 4727 4666 4613 4590 4575 4539 4507 4480 4453 4428 4412 4414 4422 4431 4413 4405
4436 4436 4436 4434 4432 4437 4442 4442 4438 4439 4442 4436 4434 4436 4437 4431 4448 4437 4433 4429 4426 4425 4426 4425 4424 4423 4422 4423 4423 4428 4429 4429 4424 4422 4424 4427 4456 4502 4536 4537 4467 4287 3993 3913 3893 3866 3822 3776 3713 3676 3656 3641 3631 3636 3603 3537 3532 3541 3566 3562 3570 3593 3669 3745 3834 3977 4268 4581 4711 4673 4619 4592 4561 4532 4511 4485 4457 4431 4409 4410 4415 4425 4416 4407
4437 4437 4434 4434 4434 4443 4452 4455 4450 4463 4463 4452 4430 4459 4461 4463 4443 4443 4438 4431 4425 4423 4425 4426 4425 4423 4422 4421 4421 4426 4426 4426 4421 4418 4421 4427 4481 4543 4569 4533 4360 4094 3822 3780 3780 3782 3765 3749 3714 3654 3631 3616 3603 3604 3594 3530 3507 3510 3528 3546 3576 3620 3643 3676 3720 3809 4121 4461 4638 4653 4640 4612 4569 4538 4515 4492 4465 4436 4411 4408 4411 4412 4410 4410
4439 4439 4434 4433 4438 4452 4469 4488 4510 4503 4490 4493 4507 4494 4485 4478 4470 4456 4443 4433 4426 4423 4424 4425 4426 4424 4423 4421 4419 4423 4424 4425 4420 4419 4419 4428 4505 4585 4612 4533 4274 3935 3702 3683 3686 3693 3665 3597 3582 3596 3603 3602 3585 3553 3554 3501 3489 3481 3489 3570 3592 3637 3637 3647 3681 3773 3991 4242 4491 4665 4697 4651 4601 4560 4532 4504 4472 4445 4418 4410 4408 4405 4404 4405
4436 4436 4435 4433 4441 4459 4482 4509 4526 4505 4503 4504 4503 4500 4489 4476 4469 4463 4448 4434 4424 4423 4424 4424 4425 4425 4421 4421 4418 4420 4420 4425 4418 4410 4412 4435 4532 4639 4689 4570 4239 3850 3633 3609 3613 3617 3592 3494 3487 3551 3595 3613 3620 3614 3587 3529 3504 3477 3455 3525 3580 3611 3624 3640 3673 3745 3900 4119 4406 4624 4719 4690 4631 4579 4549 4522 4489 4454 4425 4412 4407 4403 4403 4404
4438 4438 4434 4432 4443 4462 4486 4510 4527 4518 4510 4506 4500 4500 4493 4480 4473 4465 4451 4433 4422 4423 4423 4421 4423 4422 4420 4419 4418 4417 4425 4420 4414 4410 4413 4442 4557 4675 4759 4650 4231 3801 3594 3566 3551 3544 3522 3507 3496 3547 3603 3651 3679 3679 3656 3611 3563 3525 3496 3518 3548 3588 3603 3635 3678 3748 3841 4002 4368 4747 4782 4733 4664 4607 4581 4542 4500 4468 4434 4411 4405 4403 4414 4406
4439 4437 4435 4433 4445 4464 4485 4504 4518 4517 4513 4508 4501 4501 4495 4483 4477 4474 4455 4434 4423 4422 4422 4421 4418 4418 4418 4417 4419 4426 4431 4432 4418 4418 4425 4458 4561 4665 4725 4588 4196 3792 3567 3519 3505 3490 3469 3483 3509 3554 3621 3700 3780 3799 3780 3711 3657 3609 3556 3521 3499 3528 3577 3624 3679 3749 3798 3920 4313 4665 4774 4754 4704 4643 4613 4564 4509 4469 4431 4401 4402 4403 4410 4406
4436 4439 4437 4433 4445 4462 4480 4497 4509 4515 4522 4519 4519 4508 4502 4486 4476 4481 4459 4433 4423 4430 4420 4417 4416 4415 4415 4427 4437 4433 4427 4428 4426 4431 4443 4477 4555 4616 4612 4459 4151 3800 3579 3501 3493 3473 3452 3455 3502 3557 3632 3733 3881 3989 3938 3880 3808 3699 3604 3541 3502 3519 3570 3624 3674 3728 3762 3902 4297 4621 4749 4756 4722 4683 4634 4582 4525 4477 4434 4403 4403 4407 4406 4402
4436 4437 4436 4437 4446 4461 4477 4492 4505 4514 4536 4560 4558 4580 4502 4478 4479 4485 4459 4432 4421 4421 4420 4417 4416 4413 4419 4443 4454 4440 4428 4429 4431 4435 4446 4480 4538 4574 4531 4392 4149 3853 3621 3576 3527 3485 3460 3461 3495 3547 3611 3695 3816 4030 4001 3986 3917 3731 3601 3539 3526 3543 3580 3625 3673 3717 3756 3928 4353 4688 4752 4750 4715 4676 4634 4578 4525 4475 4433 4406 4403 4405 4403 4400
4438 4437 4436 4438 4447 4459 4473 4488 4504 4522 4534 4477 4278 4293 4410 4452 4476 4470 4453 4429 4419 4419 4419 4417 4417 4414 4442 4451 4452 4440 4429 4428 4431 4432 4436 4473 4527 4556 4529 4400 4199 3944 3675 3632 3572 3505 3461 3466 3498 3534 3575 3623 3702 3862 3900 3890 3824 3692 3557 3502 3518 3550 3585 3620 3665 3712 3769 3997 4382 4660 4737 4730 4693 4653 4610 4563 4515 4471 4433 4405 4402 4403 4403 4403
4441 4441 4437 4439 4446 4457 4471 4484 4500 4518 4536 4463 4246 4217 4366 4435 4466 4470 4450 4428 4419 4418 4418 4416 4415 4419 4429 4439 4442 4436 4428 4427 4429 4433 4437 4474 4513 4544 4534 4438 4270 4049 3810 3703 3612 3530 3455 3482 3514 3531 3543 3553 3585 3689 3751 3750 3694 3638 3524 3485 3513 3546 3580 3616 3660 3696 3848 4071 4421 4648 4725 4712 4663 4603 4568 4537 4499 4465 4433 4406 4403 4402 4403 4415
4440 4436 4435 4432 4441 4453 4467 4480 4495 4509 4531 4587 4477 4511 4447 4446 4453 4451 4440 4424 4419 4418 4417 4417 4417 4417 4418 4426 4430 4432 4428 4427 4430 4435 4455 4473 4506 4526 4525 4492 4369 4148 3903 3740 3643 3580 3548 3558 3545 3535 3525 3519 3523 3586 3639 3649 3624 3601 3533 3504 3522 3545 3571 3601 3635 3652 3773 4138 4524 4710 4740 4710 4641 4566 4524 4509 4483 4458 4433 4415 4408 4400 4403 4430
4436 4433 4430 4429 4437 4449 4462 4476 4489 4501 4512 4521 4535 4512 4479 4458 4447 4441 4436 4425 4419 4417 4417 4415 4416 4416 4414 4413 4421 4427 4431 4426 4430 4434 4435 4464 4487 4507 4521 4581 4570 4335 3967 3751 3660 3630 3627 3594 3562 3543 3529 3517 3507 3531 3583 3614 3621 3634 3576 3525 3513 3553 3579 3607 3623 3644 3784 4214 4595 4756 4764 4711 4634 4541 4486 4483 4471 4450 4429 4410 4399 4396 4396 4395
4434 4432 4431 4429 4435 4445 4457 4469 4484 4499 4506 4503 4502 4484 4467 4453 4441 4435 4432 4427 4421 4418 4416 4415 4414 4414 4414 4412 4417 4421 4424 4425 4427 4440 4455 4458 4471 4500 4553 4676 4745 4495 4072 3788 3673 3653 3651 3598 3568 3551 3538 3524 3501 3526 3572 3613 3654 3658 3595 3564 3551 3583 3622 3660 3684 3720 3896 4322 4680 4788 4776 4711 4633 4540 4484 4481 4464 4443 4422 4405 4394 4394 4392 4394
4434 4434 4432 4428 4432 4440 4449 4459 4472 4483 4495 4497 4489 4463 4445 4436 4427 4423 4428 4423 4421 4418 4416 4415 4414 4415 4413 4413 4415 4416 4414 4409 4421 4432 4441 4445 4454 4477 4549 4713 4823 4581 4188 3855 3670 3650 3627 3555 3562 3563 3559 3547 3541 3553 3581 3611 3641 3640 3600 3550 3563 3631 3699 3762 3822 3892 4110 4502 4806 4819 4781 4707 4628 4572 4551 4495 4461 4439 4420 4407 4400 4395 4391 4392
4433 4431 4431 4428 4430 4434 4441 4448 4457 4467 4479 4483 4469 4444 4430 4425 4420 4418 4424 4422 4420 4418 4416 4415 4413 4413 4415 4417 4416 4415 4413 4409 4418 4428 4435 4429 4432 4444 4515 4678 4761 4604 4307 3982 3722 3661 3623 3573 3581 3597 3591 3579 3579 3581 3594 3603 3603 3597 3617 3636 3646 3730 3830 3936 4036 4140 4404 4747 4828 4816 4762 4680 4603 4544 4487 4466 4445 4428 4414 4405 4397 4395 4394 4394
4432 4430 4430 4427 4427 4429 4433 4437 4440 4442 4449 4458 4431 4425 4421 4419 4417 4417 4418 4420 4419 4418 4416 4414 4412 4412 4413 4419 4416 4414 4412 4412 4417 4425 4425 4420 4423 4444 4517 4641 4685 4632 4464 4203 3882 3729 3671 3661 3668 3651 3622 3617 3603 3610 3622 3622 3606 3628 3698 3741 3758 3853 3984 4129 4292 4462 4690 4874 4808 4773 4706 4629 4564 4494 4435 4429 4426 4419 4409 4400 4393 4393 4394 4394
4431 4430 4433 4429 4423 4426 4428 4429 4428 4424 4419 4428 4421 4419 4419 4417 4415 4415 4417 4419 4418 4417 4416 4416 4412 4410 4410 4411 4413 4412 4411 4408 4411 4416 4415 4409 4410 4438 4514 4625 4719 4699 4650 4511 4169 3925 3767 3802 3803 3736 3659 3611 3624 3663 3682 3678 3672 3680 3734 3744 3849 3977 4130 4306 4510 4759 4832 4809 4753 4711 4650 4594 4528 4469 4412 4398 4414 4412 4405 4397 4391 4391 4392 4395
4432 4432 4432 4427 4425 4427 4428 4427 4425 4420 4418 4420 4421 4420 4419 4417 4415 4415 4418 4418 4417 4416 4415 4414 4413 4412 4411 4411 4412 4411 4411 4408 4408 4410 4405 4395 4393 4401 4467 4562 4638 4732 4790 4808 4528 4258 4036 3981 3927 3843 3750 3645 3712 3778 3789 3775 3751 3740 3810 3865 3963 4099 4255 4429 4618 4775 4767 4676 4659 4639 4607 4561 4515 4468 4418 4409 4417 4413 4407 4400 4394 4392 4393 4394
4434 4432 4432 4425 4426 4427 4427 4424 4422 4421 4422 4418 4418 4418 4419 4417 4415 4414 4418 4417 4417 4416 4414 4413 4414 4411 4410 4411 4411 4411 4411 4409 4407 4406 4399 4390 4385 4397 4461 4554 4637 4730 4810 4890 4813 4677 4438 4219 4059 4018 3976 3971 3989 3967 3939 3907 3884 3896 3940 3973 4081 4208 4344 4483 4621 4750 4678 4566 4581 4599 4578 4544 4510 4477 4466 4449 4424 4413 4407 4403 4398 4396 4395 4395
4435 4434 4432 4428 4428 4432 4429 4425 4421 4419 4418 4414 4414 4416 4416 4416 4414 4413 4417 4417 4417 4416 4415 4413 4413 4410 4410 4410 4410 4411 4410 4409 4407 4405 4397 4390 4387 4398 4456 4551 4629 4690 4737 4714 4722 4724 4677 4487 4330 4273 4205 4240 4233 4162 4109 4057 4015 3990 4097 4144 4231 4323 4420 4506 4566 4590 4619 4609 4624 4598 4569 4534 4498 4467 4440 4415 4413 4407 4406 4413 4414 4409 4399 4393
4435 4433 4430 4437 4456 4441 4432 4426 4421 4416 4414 4416 4413 4414 4415 4415 4414 4414 4416 4417 4417 4416 4416 4413 4412 4410 4409 4410 4410 4410 4410 4409 4406 4405 4398 4393 4392 4404 4439 4494 4561 4625 4684 4745 4756 4727 4721 4705 4726 4585 4401 4302 4347 4340 4308 4264 4223 4251 4413 4416 4404 4430 4474 4518 4541 4550 4603 4685 4656 4591 4544 4513 4479 4449 4413 4395 4399 4399 4398 4396 4406 4406 4396 4389
4434 4432 4429 4448 4448 4436 4430 4424 4420 4417 4412 4416 4415 4414 4414 4414 4414 4415 4413 4417 4416 4416 4414 4412 4413 4410 4409 4410 4409 4409 4409 4408 4406 4406 4402 4398 4398 4405 4416 4441 4507 4581 4654 4726 4781 4792 4774 4803 4848 4778 4718 4614 4551 4522 4513 4542 4594 4713 4717 4636 4539 4509 4526 4552 4585 4600 4590 4582 4592 4562 4522 4490 4459 4433 4408 4391 4393 4393 4391 4388 4389 4386 4388 4389
4432 4432 4437 4444 4435 4427 4425 4422 4420 4418 4413 4412 4415 4414 4413 4414 4414 4415 4413 4416 4415 4415 4414 4414 4413 4409 4410 4410 4409 4409 4409 4409 4405 4405 4404 4403 4404 4408 4402 4409 4465 4533 4600 4656 4691 4777 4777 4788 4794 4810 4837 4837 4719 4652 4654 4736 4818 4781 4716 4665 4610 4567 4553 4562 4588 4598 4584 4589 4557 4515 4494 4472 4449 4425 4407 4396 4392 4390 4388 4387 4385 4385 4385 4385
4431 4433 4444 4441 4428 4421 4421 4420 4419 4416 4413 4411 4413 4413 4413 4414 4415 4415 4410 4412 4414 4414 4414 4413 4412 4411 4411 4410 4408 4408 4409 4409 4405 4405 4405 4405 4405 4405 4398 4405 4446 4501 4557 4617 4690 4668 4709 4730 4760 4799 4817 4803 4740 4682 4669 4698 4748 4746 4678 4649 4611 4581 4557 4537 4521 4516 4513 4480 4423 4449 4452 4446 4434 4418 4403 4393 4389 4386 4384 4382 4383 4385 4384 4384
4433 4435 4440 4436 4423 4421 4420 4419 4419 4417 4412 4410 4412 4413 4413 4414 4414 4413 4410 4410 4413 4415 4415 4413 4411 4413 4411 4408 4408 4408 4409 4409 4405 4405 4406 4406 4405 4404 4399 4407 4436 4474 4513 4552 4555 4606 4624 4639 4665 4688 4720 4719 4681 4644 4615 4595 4613 4616 4652 4584 4550 4524 4503 4484 4482 4469 4443 4414 4396 4424 4428 4423 4412 4405 4396 4386 4383 4385 4382 4381 4382 4383 4384 4384
4434 4436 4435 4430 4423 4421 4420 4419 4419 4418 4414 4409 4411 4413 4414 4415 4414 4412 4409 4410 4412 4415 4418 4416 4418 4422 4411 4407 4406 4408 4409 4410 4408 4407 4407 4406 4407 4407 4404 4409 4421 4440 4465 4485 4526 4538 4542 4550 4554 4575 4598 4603 4595 4569 4534 4490 4447 4447 4449 4481 4488 4480 4466 4438 4405 4439 4478 4472 4506 4449 4423 4413 4404 4392 4387 4384 4385 4389 4384 4382 4385 4384 4384 4387
4435 4435 4431 4427 4425 4421 4420 4420 4419 4417 4414 4410 4411 4412 4415 4417 4415 4413 4410 4410 4411 4411 4410 4408 4413 4412 4407 4406 4406 4409 4410 4411 4411 4408 4408 4407 4407 4407 4408 4410 4415 4420 4428 4438 4465 4501 4483 4479 4462 4430 4497 4524 4520 4506 4482 4438 4430 4402 4380 4413 4435 4437 4438 4419 4407 4430 4480 4467 4437 4420 4404 4397 4393 4385 4379 4381 4388 4405 4409 4401 4400 4388 4384 4386
4429 4430 4430 4428 4427 4422 4421 4420 4420 4417 4413 4409 4410 4411 4413 4415 4414 4412 4409 4408 4409 4410 4409 4410 4421 4407 4405 4407 4413 4413 4412 4410 4410 4409 4408 4408 4407 4408 4408 4408 4408 4409 4411 4412 4416 4478 4451 4436 4419 4406 4431 4457 4467 4460 4450 4462 4482 4450 4403 4413 4412 4410 4410 4422 4431 4416 4401 4408 4388 4387 4392 4386 4381 4381 4378 4379 4389 4420 4467 4460 4419 4393 4381 4386
4421 4426 4429 4429 4429 4424 4422 4420 4419 4415 4412 4410 4408 4410 4411 4412 4411 4409 4407 4406 4408 4408 4407 4407 4417 4416 4406 4404 4409 4415 4414 4410 4410 4409 4410 4409 4407 4406 4407 4405 4404 4405 4405 4408 4421 4418 4419 4420 4416 4409 4410 4424 4431 4429 4415 4402 4415 4458 4464 4439 4417 4409 4405 4406 4408 4402 4391 4388 4385 4385 4387 4381 4378 4378 4377 4380 4387 4408 4418 4431 4414 4393 4384 4386
4423 4427 4430 4428 4426 4425 4423 4421 4420 4415 4412 4409 4408 4408 4408 4407 4408 4408 4406 4405 4409 4406 4405 4405 4403 4404 4401 4399 4417 4426 4416 4410 4410 4411 4412 4410 4408 4406 4403 4403 4404 4404 4404 4404 4400 4407 4403 4415 4425 4420 4405 4405 4408 4409 4407 4402 4403 4407 4423 4420 4412 4403 4396 4387 4384 4392 4393 4389 4390 4391 4387 4387 4388 4386 4379 4382 4392 4395 4403 4400 4399 4390 4382 4385
