real_craters/C128-300m.grd
DSAA
269 269
-40.25 40.25
-40.25 40.25
3432.0253234972 4947.2146888842
[rows 210 to 239 of 269, columns 0 to 66 of 269]
4421.37 4423.78 4426.15 4428.38 4430.61 4432.74 4434.5 4436.39 4438.34 4439.78 4440.21 4437.39 4434.6 4429.46 4424.21 4421.68 4419.72 4416.92 4413.92 4412.16 4412.07 4412.25 4412.35 4412.17 4411.75 4411.08 4410.24 4409.33 4408.42 4407.5 4406.58 4405.54 4404.77 4404.48 4404.06 4403.8 4403.51 4403.14 4402.62 4402.1 4401.56 4400.58 4399.81 4399.29 4398.58 4397.82 4396.99 4396.22 4395.4 4394.8 4394 4396.07 4396.49 4396.3 4396.48 4397.71 4396.67 4398.69 4398.2 4398.29 4400.72 4404.8 4409.05 4412.59 4412.86 4398.87 4403.15
4421.66 4424.24 4426.77 4429.2 4431.45 4433.7 4435.63 4437.52 4439.17 4440 4439.57 4438.13 4433.55 4428.38 4422.52 4418.5 4416.09 4414.96 4414.37 4413.33 4412.64 4412.58 4412.62 4412.47 4411.77 4411.04 4410.25 4409.41 4408.62 4407.91 4407.33 4406.83 4406.34 4405.18 4404.11 4403.68 4403.34 4402.9 4402.17 4401.54 4400.96 4400.09 4399.34 4398.85 4398.22 4397.55 4396.82 4395.88 4395.01 4393.85 4393.27 4395.67 4395.52 4394.75 4395.35 4401.63 4406.21 4402.45 4399.58 4399.14 4401.72 4406.18 4411.05 4414.76 4414.79 4400.87 4402.63
4421.97 4424.58 4427.2 4429.55 4432.01 4434.36 4436.61 4438.49 4439.88 4440.56 4440.05 4436.52 4434.12 4428.44 4421.71 4416.77 4414.1 4413.97 4414.72 4414.18 4413.33 4412.88 4412.69 4412.37 4411.68 4410.93 4410.19 4409.51 4408.82 4408.22 4407.85 4408.02 4408.08 4405.63 4404.1 4403.7 4403.31 4402.97 4402.56 4401.72 4400.83 4400.05 4399.38 4398.73 4398.11 4397.46 4396.81 4395.98 4395.15 4394.07 4393.36 4395.32 4394.88 4394.51 4396.5 4405.54 4409.71 4404.53 4399.49 4397.87 4401.68 4406.59 4411.93 4416.62 4419.32 4417.75 4410.37
4422.65 4425.14 4427.59 4430.11 4432.59 4434.97 4437.41 4439.24 4440.76 4441.68 4441.81 4442.62 4436.61 4429.78 4422.82 4417.42 4415.03 4414.63 4415.46 4414.63 4413.62 4412.91 4412.4 4411.93 4411.36 4410.72 4410.08 4409.42 4408.79 4408.27 4407.7 4407.07 4405.84 4405.21 4404.68 4403.85 4403.24 4402.85 4402.97 4401.83 4400.65 4399.91 4399.32 4398.53 4397.95 4397.46 4397.03 4396.46 4395.8 4395.07 4394.44 4394.64 4394.39 4395.15 4398.67 4406.14 4409.37 4403.11 4398.27 4397.37 4401.22 4406.47 4412.03 4417.16 4420.48 4419.95 4410.11
4422.78 4424.9 4427.36 4429.76 4432.23 4434.74 4437.06 4439.11 4441.02 4442.21 4442.42 4439.95 4436.62 4431.68 4425.28 4420.08 4416.16 4414.72 4415.37 4414.63 4413.58 4412.73 4411.94 4411.43 4411.01 4410.48 4409.89 4409.25 4408.65 4408.06 4407.49 4406.69 4405.57 4405.37 4404.6 4403.93 4403.08 4401.93 4400.7 4400.56 4400.04 4399.28 4398.55 4398.07 4397.83 4397.57 4397.24 4396.88 4396.52 4396.17 4395.5 4392.57 4393.63 4395.07 4397.27 4397.77 4399.35 4399.03 4396.4 4396.74 4400.6 4405.57 4410.83 4415.88 4419.48 4415.14 4405.58
4423.59 4425.45 4427.61 4429.93 4432.33 4434.59 4437 4439.15 4441.3 4442.99 4443.85 4443.19 4440.19 4434.51 4427.65 4421.56 4418.23 4416.37 4414.74 4414.09 4413.25 4412.53 4411.82 4411.26 4410.76 4410.22 4409.62 4409.01 4408.39 4407.79 4407.24 4406.84 4407 4406 4405.07 4404.19 4403.22 4402 4400.27 4400.15 4399.78 4398.93 4397.64 4397.96 4397.9 4397.72 4397.49 4397.19 4397.08 4396.93 4396.55 4393.31 4393.31 4394.97 4396.31 4395.69 4396.08 4396.31 4396.01 4396.92 4400.1 4404.37 4408.94 4413.35 4416.75 4413.99 4405.16
4423.86 4425.76 4427.88 4430.1 4432.33 4434.68 4437.04 4439.48 4441.62 4443.65 4445.2 4446.44 4444.31 4437.26 4429.55 4423.77 4419.05 4416.39 4414.16 4413.12 4412.86 4412.43 4411.85 4411.26 4410.68 4410.08 4409.47 4408.82 4408.16 4407.52 4406.92 4406.29 4405.68 4405.09 4404.85 4404.28 4403.58 4403.09 4402.68 4401.21 4400.23 4399.52 4399.25 4398.62 4398.12 4397.72 4397.41 4397.28 4397.26 4397.25 4396.5 4392.94 4392.81 4394.14 4395.56 4398.19 4396.55 4395.2 4394.58 4396.03 4398.92 4402.33 4405.81 4408.74 4410.2 4406.72 4397.5
4423.89 4425.56 4427.47 4429.59 4431.93 4434.19 4436.51 4438.91 4440.97 4443.04 4445.07 4447.26 4446.65 4438.07 4429.91 4422.23 4418.48 4415.93 4414.92 4413.55 4412.95 4412.52 4412.08 4411.31 4410.6 4409.95 4409.29 4408.6 4407.93 4407.22 4406.45 4405.6 4404.53 4404.17 4404.42 4404.14 4403.56 4403.11 4402.57 4401.55 4400.64 4400.03 4399.62 4399.17 4398.22 4397.51 4397.02 4396.82 4396.81 4397.07 4396.17 4392.22 4392.36 4393.9 4394.08 4394.26 4395.18 4394.47 4394.18 4395.32 4397.39 4399.81 4402.17 4403.58 4402.98 4398.15 4396.71
4423.41 4425.07 4426.84 4428.87 4431.2 4433.25 4435.25 4437.3 4439.26 4441.02 4442.61 4443.08 4440.51 4436.12 4430.1 4424.11 4420.27 4418 4415.99 4414.29 4413.38 4412.65 4411.91 4411.25 4410.57 4409.86 4409.18 4408.44 4407.71 4406.95 4406.15 4405.32 4404.51 4404.02 4403.85 4403.6 4403.21 4402.68 4402.04 4401.37 4400.68 4400.21 4400.07 4399.36 4398.23 4397.33 4396.79 4396.46 4396.28 4396.2 4395.27 4391.87 4392.77 4395.16 4394.16 4394.92 4394.81 4394.22 4393.48 4394.92 4396.27 4397.83 4399.21 4399.78 4399.25 4398.41 4399.07
4423.06 4424.74 4426.31 4428.03 4429.91 4431.78 4433.58 4435.38 4437.08 4438.21 4439.06 4438.96 4436.58 4434.15 4430.13 4426.86 4422.63 4417.54 4416.37 4415.03 4413.78 4412.88 4411.98 4411.21 4410.48 4409.75 4409.01 4408.27 4407.54 4406.82 4406.01 4405.2 4404.34 4403.54 4403.62 4403.31 4402.91 4402.25 4401.63 4401.04 4400.44 4399.97 4399.52 4398.91 4397.75 4396.66 4395.9 4395.42 4395.19 4395.29 4394.79 4393 4394.35 4397.04 4395.6 4396.01 4395.47 4394.93 4394.83 4395.04 4395.88 4396.8 4397.41 4397.41 4397.27 4397.4 4397.33
4422.61 4423.84 4425.28 4426.76 4428.63 4430.18 4431.64 4433.16 4434.45 4435.27 4435.56 4435.29 4436.02 4431.53 4428.63 4426.02 4422.21 4417.03 4415.68 4415.18 4414.01 4413.18 4412.27 4411.31 4410.47 4409.67 4408.89 4408.24 4407.46 4406.76 4406.12 4405.52 4405.18 4405.08 4404.57 4403.82 4402.97 4401.92 4401.19 4400.66 4400.11 4399.56 4399.03 4398.49 4397.24 4396.19 4395.36 4394.78 4394.55 4394.67 4395.08 4394.75 4397.75 4401.4 4396.87 4397.44 4396.16 4395.47 4395.14 4395.16 4395.47 4395.84 4396.05 4395.76 4395.32 4394.79 4395.65
4422.13 4423.29 4424.53 4425.81 4427.13 4428.4 4429.73 4430.83 4431.74 4432.14 4431.97 4430.61 4426.72 4426.5 4426.41 4424.31 4420.76 4416.26 4414.83 4414.69 4413.88 4413.09 4412.19 4411.28 4410.47 4409.87 4409.15 4408.7 4407.9 4407.08 4406.19 4405.66 4405.51 4405.96 4404.91 4404.39 4403.25 4402 4401.09 4400.42 4399.73 4399.02 4398.27 4397.44 4396.51 4395.51 4394.59 4394.01 4393.9 4394.88 4398.25 4403.24 4408.64 4408.7 4399.31 4397.65 4396.31 4395.9 4395.59 4395.62 4395.53 4395.61 4395.56 4394.96 4394.34 4393.82 4395.08
4421.36 4422.4 4423.49 4424.45 4425.78 4426.79 4427.72 4428.39 4428.99 4429.33 4429.16 4428.19 4426.23 4426.04 4425.89 4423.78 4420.16 4416.57 4415.24 4414.45 4413.59 4413.21 4412.31 4411.42 4411.11 4410.47 4409.67 4408.88 4408.09 4407.12 4406.27 4405.44 4404.62 4403.51 4403.94 4404.2 4403.35 4402.17 4401.11 4400.28 4399.5 4398.67 4398 4397.06 4396.11 4395.23 4394.35 4393.73 4393.58 4394.96 4401.93 4414.26 4425.18 4420.07 4402.51 4396.85 4395.94 4396.63 4396.62 4395.95 4395.77 4395.76 4395.6 4395.13 4394.26 4393.5 4393.57
4420.64 4421.7 4422.59 4423.47 4424.24 4425.32 4425.06 4425.51 4426.61 4426.85 4426.99 4427.33 4428.75 4429.05 4426.75 4424.78 4423.5 4419.19 4415.28 4414.17 4413.12 4412.12 4412.02 4411.91 4411.47 4410.98 4409.94 4409.3 4408.32 4407.29 4406.02 4405.17 4404.2 4403.41 4403.56 4404.09 4403.32 4401.98 4401.04 4400.22 4399.41 4398.58 4398.05 4396.98 4396.18 4395.33 4394.44 4393.8 4393.73 4395.46 4404.63 4419.1 4430.6 4424.84 4405.59 4396.79 4395.65 4395.32 4395.93 4396.37 4396.67 4396.94 4396.97 4396.56 4396.47 4395.19 4395.05
4420.63 4421.18 4421.79 4422.51 4422.73 4423.38 4423.73 4423.44 4423.25 4423.39 4423.46 4424.49 4427.46 4428.73 4425.33 4423.99 4422.48 4419.06 4415.81 4413.94 4413.16 4412.77 4412.4 4412.34 4411.95 4411.21 4410.4 4409.34 4408.28 4407.16 4406.08 4404.98 4403.97 4403.28 4403.36 4403.77 4403.01 4401.85 4400.95 4400.15 4399.44 4398.73 4398.09 4397.7 4396.88 4395.86 4394.99 4394.51 4394.71 4396.94 4406.17 4418.85 4429.82 4421.8 4407.34 4398.55 4396.44 4396.96 4397.64 4399.95 4402.12 4403.89 4406.03 4405.57 4403.58 4400.17 4397.69
4420.68 4421.39 4422.05 4422.83 4423.23 4423.29 4423.35 4422.88 4422.02 4421.19 4420.6 4420.15 4419.67 4418.5 4420.59 4421.99 4421.71 4418.11 4415.01 4414.48 4413.84 4413.52 4413.45 4413.57 4413.26 4412.5 4411.51 4410.17 4408.91 4407.63 4406.31 4405.27 4404.11 4403.3 4403 4402.87 4402.47 4401.7 4400.87 4400.19 4399.58 4399.01 4398.59 4398.61 4397.74 4396.67 4395.91 4395.73 4396.48 4399.3 4407.05 4415.66 4417.2 4415.28 4405.3 4399.88 4397.37 4396.52 4400.23 4405.29 4410.17 4413.92 4417.07 4416.67 4413.69 4407.51 4401.39
4420.58 4421.69 4422.79 4423.57 4423.89 4423.58 4423.12 4422.4 4421.25 4419.71 4418.18 4416.17 4413.88 4412.69 4416.42 4420.76 4423.21 4419.08 4417.53 4417.47 4416.03 4413.97 4415.42 4415.67 4415.29 4414.14 4412.76 4411.14 4409.6 4408.21 4406.91 4405.39 4404.02 4402.78 4402.3 4402.92 4402.4 4401.17 4400.73 4400.23 4399.7 4399.25 4398.93 4398.89 4398.22 4397.43 4396.88 4396.89 4398.01 4401.55 4407.44 4414.05 4418.91 4407.11 4401.81 4401.58 4398.24 4397.11 4403.4 4409.87 4416.15 4420.97 4426.99 4427.63 4425.17 4418.27 4407.64
4421 4422.8 4424.32 4425.18 4424.96 4425.12 4423.83 4422.43 4420.69 4418.74 4416.16 4413.04 4410.44 4408.89 4413.98 4421.02 4425.56 4426.01 4423.61 4424.25 4423.29 4420.36 4420.49 4419.31 4417.76 4415.71 4413.96 4412.11 4410.4 4408.74 4406.94 4405.35 4403.87 4402.61 4402.16 4403.08 4402.93 4401.41 4400.88 4400.39 4399.92 4399.49 4399.22 4399.11 4398.73 4398.24 4397.83 4397.83 4398.48 4401.21 4406.47 4410.9 4409.35 4402.42 4402.31 4402.94 4399.64 4400.05 4408.26 4416.74 4423.77 4429.77 4433.32 4435.99 4436.44 4433.69 4426.88
4422.99 4425 4426.59 4428.02 4427.82 4427.68 4425.89 4423.88 4421.47 4418.54 4415.4 4411.93 4408.94 4407.5 4412.55 4422.27 4432.98 4437.84 4436.82 4435.12 4435.6 4433.74 4427.25 4423.11 4419.98 4417.15 4414.96 4412.83 4411 4409.06 4407.27 4405.67 4404.13 4402.66 4402 4402.72 4403.17 4402.08 4401.26 4400.67 4400.19 4399.83 4399.6 4399.65 4399.57 4399.24 4398.98 4398.83 4398.73 4400.44 4405.63 4409.36 4407.41 4400.99 4402.27 4403.22 4402.41 4405.84 4416.38 4424.88 4431.78 4437.91 4443.22 4447.54 4450.34 4451.27 4450.71
4426.76 4429.14 4430.99 4431.79 4431.6 4430.46 4428.55 4425.96 4423.02 4419.86 4416.22 4412.38 4408.96 4406.74 4410.84 4419.73 4431.85 4442.85 4439.77 4437.92 4437.46 4435.64 4430.04 4425.27 4421.68 4418.63 4415.77 4413.69 4411.32 4409.45 4407.73 4406.19 4404.58 4403.1 4402.11 4402.61 4402.87 4402.18 4401.44 4400.81 4400.35 4399.96 4399.8 4399.97 4400.23 4400.15 4400.33 4400.64 4400.91 4402.21 4405.79 4408.8 4407.22 4398.83 4400.06 4401.45 4412.61 4422.22 4429.29 4435.23 4441.21 4446.51 4452.2 4457.31 4460.47 4459.66 4446.22
4432.05 4434.88 4436.82 4437.41 4436.69 4434.89 4432.27 4428.97 4425.44 4421.5 4417.5 4413.66 4410.18 4408.32 4409.67 4413.35 4416.46 4422.68 4428.06 4430.11 4431.38 4431.37 4428.58 4424.98 4421.51 4418.61 4416.15 4413.9 4411.83 4409.65 4408.04 4406.39 4405.2 4404.07 4403.75 4403.44 4402.82 4402.2 4401.53 4400.91 4400.43 4400.03 4399.82 4399.87 4400.16 4400.61 4401.57 4402.65 4404.29 4405.17 4405.75 4406.1 4402.26 4396.24 4399.61 4405.19 4430.2 4442.25 4441.34 4444.08 4448.5 4453.98 4459.73 4464.55 4467.52 4463.96 4439.57
4438.48 4442.6 4444.16 4443.88 4442.16 4439.34 4435.92 4431.52 4427.17 4422.98 4418.84 4415.27 4412.18 4410.37 4410.19 4410.95 4409.24 4409.73 4412.21 4414.1 4425.06 4426.89 4425.11 4422.8 4420.35 4418.09 4415.99 4414.06 4411.86 4409.96 4408.52 4406.98 4405.62 4404.66 4404.77 4403.89 4402.87 4402.25 4401.58 4400.99 4400.44 4399.98 4399.68 4399.52 4399.85 4400.82 4402.29 4404 4405.75 4405.85 4404.74 4402.85 4398.88 4396.1 4398.84 4404.53 4429.09 4442.32 4444.96 4447.7 4452.74 4458.99 4465.57 4470.58 4473.13 4471.24 4461.95
4450.26 4453.01 4453.35 4451.82 4448.79 4444.83 4440.26 4435.36 4430.22 4425.4 4420.89 4417.3 4414.2 4412.98 4413.2 4411.91 4410.22 4405.77 4405.34 4408.18 4416.88 4420.36 4420.12 4418.85 4417.72 4416.15 4414.38 4412.68 4411.16 4410.35 4408.81 4407.4 4405.94 4404.45 4403.33 4402.18 4402.19 4401.98 4401.51 4400.98 4400.35 4399.77 4399.39 4399.07 4399.55 4400.6 4402.52 4404.58 4405.68 4405.38 4403.57 4400.71 4397.41 4394.69 4396.96 4401.48 4415.66 4430.5 4439.22 4445.8 4451.22 4457.75 4461.88 4469.56 4472.76 4472.62 4467.74
4464.91 4463.89 4461.19 4457.11 4452.91 4446.92 4440.22 4434.88 4431 4426.23 4422.16 4419.72 4415.75 4412.94 4411.14 4410.66 4410.04 4406.78 4404.49 4406.45 4410.02 4414.48 4416.2 4416.35 4415.47 4414.07 4412.89 4411.6 4410.29 4408.8 4407.49 4406.62 4405.47 4404.16 4402.25 4401.16 4401.51 4401.73 4401.6 4401.06 4400.3 4399.54 4398.87 4398.52 4398.47 4399.97 4402.65 4405.31 4407.08 4405.78 4403.19 4400.22 4398.52 4397.39 4395.26 4398.21 4406.54 4418.8 4430.17 4437.95 4445.05 4453.09 4459.22 4464.05 4466.24 4468.98 4462.7
4478.16 4477.39 4472.63 4466.21 4459.71 4452.23 4445.75 4439.69 4433.93 4428.28 4424.57 4419.83 4415.71 4411.9 4409.31 4410.13 4409.82 4407.48 4404.96 4403.5 4407.58 4410.69 4412.94 4413.72 4413.36 4412.62 4411.79 4410.64 4409.65 4408.71 4407.77 4407.07 4406.02 4405.02 4403.97 4403.83 4403.61 4402.94 4402.64 4401.87 4400.84 4399.79 4398.91 4398.47 4398.7 4400.37 4402.92 4405.28 4407.43 4406.17 4403.53 4400.75 4400.27 4399.09 4395.5 4396.36 4399.46 4412.36 4421.73 4428.63 4435.05 4444.75 4450.38 4452.52 4460.83 4464.27 4461.48
4498.91 4491 4482.5 4473.68 4465.14 4457.62 4450.27 4443.42 4437.13 4430.45 4425.29 4420.61 4416.27 4412.41 4410.55 4410.41 4410.81 4408.52 4405.76 4405.1 4406.36 4408.69 4409.94 4410.96 4411.59 4412.05 4411.01 4410.33 4409.77 4408.93 4408.1 4407.44 4406.95 4406.48 4406 4406.15 4406.62 4405.69 4404.14 4402.5 4400.94 4399.64 4398.66 4398.25 4398.91 4400.81 4403.45 4405.65 4406.13 4407.31 4405.27 4401.61 4401.94 4400.37 4395.03 4395.56 4399.87 4408.77 4416.2 4419.27 4423.33 4427.03 4430.48 4434.78 4443.06 4452.35 4461.94
4513.53 4500.85 4488.43 4478.18 4468.47 4460.04 4452.25 4444.52 4437.68 4430.78 4425.49 4420.77 4416.75 4413.13 4410.75 4410.68 4410.3 4406.13 4403.12 4404.73 4406.04 4407.32 4408.31 4409.39 4410.22 4410.45 4410.35 4410.12 4409.69 4409.03 4408.05 4407.81 4407.55 4407.67 4408.23 4408.22 4408.87 4407.82 4405.4 4402.86 4400.89 4399.38 4398.34 4397.73 4397.86 4399.72 4404.6 4409.35 4411.85 4411.88 4410.04 4406.19 4403.73 4398.42 4393.78 4396.31 4404.08 4408.62 4409.27 4408.77 4408.06 4401.42 4399.96 4400.84 4411.18 4427.32 4455.08
4515.35 4501.92 4489.46 4478.63 4469.66 4460.9 4453.06 4445.29 4438.67 4432 4426.33 4421.07 4416.85 4412.78 4410.28 4411.06 4407.52 4404.84 4403.32 4406.93 4407.19 4406.69 4406.61 4407.45 4408.19 4408.42 4408.34 4408.53 4407.78 4407.38 4407.43 4407.11 4407.07 4407.93 4409.96 4414.03 4410.94 4409.85 4405 4402.31 4400.44 4398.99 4397.85 4397.12 4397.07 4399 4405.82 4414.08 4417.94 4416.85 4415.53 4412.9 4405.63 4398.89 4394.54 4397.18 4405.12 4407.9 4402.59 4394.14 4386.39 4376.71 4368.93 4363.99 4367.46 4382.18 4416.2
4502.32 4494.64 4485.07 4475.66 4466.94 4458.73 4452.14 4445.03 4438.68 4432.55 4426.32 4421.07 4416.56 4412.23 4409.45 4410.39 4409.25 4405.53 4403.75 4406.46 4406.2 4405.55 4405.69 4406 4406.31 4406.61 4406.55 4407.01 4406.79 4406.22 4406.18 4405.85 4405.59 4405.81 4406.41 4407.02 4404.76 4402.13 4401.76 4400.72 4399.52 4398.37 4397.4 4396.77 4396.77 4398.53 4405.39 4415.13 4419.51 4418.35 4417.29 4412.86 4403.71 4397.52 4395.46 4398.06 4406.16 4407.97 4399.28 4387.19 4372.38 4356.24 4341.66 4328.73 4321.12 4322.16 4335.95
4489.92 4484.27 4477.3 4469.9 4462.56 4455.71 4448.94 4442.7 4436.59 4430.96 4425.37 4420.31 4415.87 4411.97 4409.27 4409.72 4410.45 4406.26 4403 4403.29 4404.13 4404.02 4404.5 4404.74 4404.97 4404.93 4405.15 4404.94 4404.79 4404.49 4404.27 4404.19 4403.68 4402.89 4401.05 4397.62 4397.95 4398.8 4399.32 4399.23 4398.61 4397.84 4397.1 4396.62 4396.74 4398.16 4401.66 4407.08 4412.42 4415.38 4416.61 4412.53 4403.31 4398.68 4397.34 4400.47 4407.88 4409.61 4398.46 4381.76 4360.94 4336.36 4312.14 4288.8 4267.34 4249.42 4236.56
