real_craters/C128-1000m.grd
DSAA
47 47
-23 23
-23 23
8086.7789296045 9391.7794723296
8960.13 8958.71 8957.54 8957.82 8967.55 8969.13 9003.01 8995.05 8980.58 8977.74 8981.02 8984.71 9016.97 9047.51 9062.04 9060.22 9048.18 9036.52 9023.68 9019.67 9013.5 9004.6 8997.11 8994.89 8998.62 8998.7 9011.21 9006.8 9003.81 9007.03 9009.86 9001.36 9011.05 9013.84 9017.23 9017.85 9020.12 9025.62 9033.7 9045.39 9056.82 9060.06 9051.37 9039.39 9047.27 9058.92 9069.79 
8958.04 8958.59 8960.19 8965.62 8970.3 8964.56 9006.81 9001.97 8982.96 8977.8 8982.44 8994.17 9027.31 9062.82 9081.84 9052.86 9033.85 9028.84 9020.92 9019.74 9015.71 9007.71 9006.3 9008.73 9004.67 9000.7 8996.57 8994.6 8995.78 8996.08 9004.46 9008.5 9010.81 9014.57 9017.95 9020.9 9022.65 9026.36 9033.49 9044.93 9054.84 9056.18 9047.83 9039.05 9038.43 9043.07 9053.48 
8953.51 8956.73 8957.18 8963.75 8971.2 8970.91 9001.63 9000.83 8988.01 8984.99 8993.52 9017.23 9037.49 9067.3 9084.3 9064.61 9044.41 9038.31 9033.66 9035.77 9008.67 9009.17 9009.97 9007.86 9009.09 9006.53 9002.96 9001.72 9001.58 8998.63 9007.7 9008.11 9010.14 9013.93 9017.77 9022.32 9025.71 9023.86 9033.26 9048.72 9047.45 9044.69 9045.67 9039.51 9038.74 9041.94 9055.8 
8959.09 8957 8957.39 8960.15 8962.02 8969.97 8997 8993.08 8986.52 8988.35 9010.47 9014.74 9029.21 9062 9095.59 9060.39 9044.87 9048.01 9080.12 9062.04 9028.35 9011.68 9004.59 8993.73 9003.48 9009.54 9008.84 9006.61 9003.5 9003.85 9008.6 9007.19 9009.94 9011.24 9012.5 9018.17 9031.13 9045.53 9061.43 9071.17 9083.73 9091.3 9077.31 9044.33 9038.2 9036.91 9055.83 
8956.99 8955.53 8955.83 8962.39 8967.81 8969.26 8970.64 8979.4 8980.68 8986.77 9011.08 9008.75 9017.26 9037.97 9043.5 9032.43 9028.68 9030.88 9028.74 9008.71 9010.06 9011.58 9008.64 8998.87 9004.9 9003.48 9006.97 9006.31 9003.71 9003.79 9008.48 9007.36 9003.98 9008.39 9017.02 9022.24 9033 9054.59 9073.71 9074.27 9104.9 9134.85 9119.95 9114.97 9072.93 9034.45 9050.71 
8955.96 8955.21 8952.41 8962.02 8963.86 8968.88 8966.64 8980.24 8986.07 8986.05 8995.76 9009.7 9012.17 9016.23 9013.18 9015.66 9011.44 9011.46 9005.38 8998.59 9007.52 9017.77 9028.37 9021.56 9011.03 9009.25 9011.38 9008.02 9005.38 9003.69 9007.24 9004.53 9004.03 9010.75 9019.38 9026.31 9029.52 9033.28 9027.76 9044.7 9040.12 9044.85 9079.24 9122.33 9105.35 9101.19 9060.87 
8958.7 8958.71 8960.36 8963.74 8959.61 8962.32 8990.99 9012.26 9002.57 8996.33 8993.67 8993.6 9003.09 9008.21 9006.86 8998.35 8997.26 9003.15 9005.43 9012.5 9015.05 9020.87 9026.57 9027.2 9016.24 9010.38 9009.91 9009.77 9007.98 9005.42 9003.16 9003.91 9004.47 9013.75 9019.23 9025.89 9030.51 9031.71 9036.24 9035.28 9031.54 9028.67 9043.73 9065.12 9092.75 9101.08 9067.18 
8963.65 8961.76 8962.6 8957.01 8966.76 8997.5 9010 9010.86 9013.12 9021.26 8987.88 9005.26 9018.72 9010.81 8993.4 8984.74 8992.27 9001.18 9012.3 9023.08 9023.4 9023.18 9021.53 9030.02 9020.2 9033.87 9029.31 9015.26 9017.46 9012.96 9007.92 9005.3 9004.54 9012.02 9017.71 9024.97 9032.03 9033.94 9030.38 9030.64 9025.11 9014.5 9021.7 9037.46 9064.71 9075.87 9070.82 
8972.86 8964.92 8957.32 8963.95 8973.44 8991.15 8995.89 8995.44 9005.04 9014.56 9015.63 9025.4 9036.89 9020.58 8999.51 8988.54 8992.98 9001.02 9009.38 9016.87 9025.41 9028.79 9029.43 9041.12 9045.64 9029.44 9045.09 9043.38 9031.11 9023.74 9012.98 9007.15 9010.3 9008.68 9020.65 9032.01 9037.52 9040.91 9041.4 9034.55 9016.59 8994.94 9007.04 9013.78 9036.36 9051.48 9077.34 
8981.31 8973.8 8968.54 8959.04 8980.19 9014.63 9016.14 9000.8 8997.08 8988.22 9005.24 9033.86 9050.64 9032.08 9007.46 8994.32 8996.61 9000.16 9005.56 9015.36 9024.9 9033.64 9048.99 9051.62 9059.08 9048.15 9054.58 9046.35 9045.93 9035.42 9013.6 9021.19 9019.55 9017.43 9027.3 9038.63 9042.08 9047.7 9047.31 9044.51 9024.75 8996.23 9009.95 9020.71 9031.1 9042.28 9052.05 
8983.24 8971.26 8965.15 8963.22 8985.84 9021.91 9033.04 9018.91 9001.32 8989.61 8994.23 9025.35 9038.87 9037.96 9018.47 9001.63 9001.87 9004.06 9005.65 9009.5 9023.96 9034.94 9031.56 9050.64 9063.98 9071.95 9080.36 9082.09 9085.25 9070.97 9022.11 9049.68 9044.82 9061.34 9046.57 9045.3 9049.28 9056.42 9066.92 9063.07 9026.82 9007.81 9027.28 9035.43 9029.42 9046.52 9050.81 
8977.69 8969.61 8965.84 8962.6 8985.23 9010.55 9014.95 9005.82 9000.12 8991.5 8987.83 9011.07 9040.23 9039.36 9028.09 9018.95 9009.91 9009.27 9011.96 9016.35 9032.8 9052.96 9062.66 9065.19 9067.86 9063.91 9086.22 9115.35 9113.29 9120.81 9102.04 9045.8 9053.14 9066.07 9055.84 9052.78 9054.27 9058.62 9069.1 9071.34 9047.01 9031.32 9042.32 9034.1 9041.06 9044.75 9034.08 
8976.89 8973.46 8973.53 8970.87 8986.97 9007.36 9018.25 9002.31 9000.62 8998.07 8978.52 8993.91 9009.85 9024.52 9043.12 9019.59 9013.73 9018.72 9020.85 9031.35 9062.54 9097.76 9107.68 9111.61 9106.22 9069.6 9083.6 9067.68 9078.56 9116.69 9103.52 9048.89 9040.25 9044.77 9043.96 9045.92 9050.25 9055.09 9056.13 9061.07 9060.61 9050.68 9048.58 9032.48 9023.64 9030.56 9029.97 
8982.69 8996.94 8988.22 8981.11 8990.97 9003.23 9010 9019.28 9011.26 9009.7 8985.07 8987.92 8988.01 9002.09 9014.44 9011.96 9020.2 9036.55 9044.79 9068.36 9125.28 9167.91 9191.17 9185.79 9100.98 9118.68 9092.89 9065.86 9068.56 9085.52 9077.56 9061.58 9047.69 9035.83 9032.85 9039.11 9045.24 9049.54 9052.81 9056.56 9063.42 9059.55 9057.99 9026.18 8997.92 9003.76 9010.45 
8979.29 8986.72 8985 8986.37 8992.2 9002.11 9014.8 9021.74 9026.04 9027.37 9007.81 8992.13 8986.54 9002.61 9022.05 9018.4 9039.28 9088.9 9136.61 9169.08 9183.29 9198.44 9168.9 9108.97 9026.94 9020.8 9073.45 9137.25 9185.45 9124.05 9085.93 9100.16 9066.36 9035.89 9023.45 9032.2 9038.59 9047.06 9051.25 9048.79 9044.16 9049.19 9041.93 9019.47 8998.86 8995.19 8994.42 
8973.14 8974.77 8998.23 8983.72 8995.65 9008.99 9022.06 9029.24 9021.61 9062.34 9022.09 9007.18 8997.89 9022.74 9065.19 9034.26 9061.55 9147.25 9233.07 9183.12 9112.92 9055.22 8983.17 8884.29 8883.26 8896.1 8969.14 9111.71 9235.74 9145.98 9144.15 9134.73 9073.31 9043.13 9030.58 9027.85 9036.09 9047.4 9054.41 9051.8 9043.32 9045.66 9037.21 9022.28 9010.55 8992.9 8991.57 
8977.97 8990.81 9027.68 8991.9 9001.02 9016.37 9032.53 9025.64 9011.7 9030.41 9046.31 9024.46 9005.78 9014.62 9065.89 9117.55 9156.74 9159.15 9149.68 8973.91 8770.02 8666.01 8633.29 8679.54 8677.96 8685.49 8768.27 8872.01 8983.47 9218.38 9250.95 9190.97 9128.61 9062.69 9024.15 9021.19 9032.21 9048.37 9061.29 9064.28 9049.25 9049.52 9047.27 9028.59 9017.67 9008.28 9002.39 
8982.84 8984.76 8995.89 8994.02 9003.1 9017.67 9031.57 9041.09 9024.21 9031.37 9019.38 9014.5 9018.42 9026.34 9093.51 9201.8 9211.31 9065.3 8900.01 8652.96 8396.07 8346.77 8310.1 8287.27 8380.97 8463.68 8541.64 8639.87 8800.59 9174.98 9243.7 9175.78 9187.24 9092.73 9015.77 9013.03 9028.78 9047.37 9064.96 9068.06 9049.67 9061.21 9057.31 9039.22 9031.27 9017.26 9022.51 
8982.6 8975.98 8981.71 8990.26 9004.78 9019.59 9029.81 9037.79 9031.85 9052.5 9030.47 9026.16 9059.65 9090.14 9145.9 9189.2 9159.5 8881.04 8606.34 8391.98 8207.79 8175.34 8158.19 8139.82 8163.98 8244.63 8351.99 8448.55 8598.64 9013.12 9141.06 9221.81 9226.65 9202.91 9055.39 9011.54 9018.94 9040.73 9066.37 9079.25 9073.17 9076.19 9068.96 9044.83 9032.35 9026.98 9044.86 
8982.4 8970.62 8984.27 8987.23 9003.96 9022.25 9041.75 9059.04 9058.07 9085.98 9047.29 9031.99 9116.83 9224.95 9152.41 9063.01 8876.09 8623.96 8385.64 8233.44 8129.38 8128.85 8121.15 8118.71 8120.65 8158.96 8233 8303.13 8401.1 8666.62 8931.7 9087.85 9246.43 9266.48 9139.29 9029.96 9035.27 9048.79 9065.63 9081.07 9080.61 9075.55 9065.85 9047.22 9046.39 9040.77 9052.37 
8985.46 8976.23 8978.15 8988.02 9003.93 9021.02 9042.18 9061.04 9119.3 9121.32 9077.59 9061.08 9135.41 9153.13 9079.63 8907.34 8659.8 8407.45 8218.59 8151.75 8116.39 8110.98 8110.91 8115.46 8133 8147.04 8179.57 8214.4 8255.53 8393.74 8772.34 9111.95 9365.51 9266 9095.04 9073.48 9061.64 9056.39 9054.73 9065.24 9071.74 9065.19 9057.95 9065.25 9070.94 9052.45 9042.07 
8981.73 8978.51 8982.37 8989.98 9004.26 9021.79 9041.8 9082.5 9146.26 9137.26 9090.7 9046.79 9137.22 9174.07 9013.91 8801.74 8578.19 8326.78 8168.75 8119.66 8110.43 8113.4 8112.76 8119.72 8132.94 8132.37 8160.96 8182.39 8209.4 8333.87 8714.78 9129.27 9364.72 9285.82 9116.62 9125.71 9087.71 9064.03 9054.24 9054.82 9066.14 9078.94 9056.82 9053.65 9064 9065 9052.69 
8960.03 8963.6 8974.02 8985.77 8999.04 9017.18 9036.8 9061.42 9121.3 9127.07 9091.25 9061.83 9112.48 9072.44 8838.17 8688.13 8553.3 8286.71 8133.69 8114.26 8115.2 8123.46 8131.67 8130.55 8133.65 8146.32 8162.9 8179.34 8200.85 8320.11 8670.66 9055.48 9320.83 9257.05 9071.81 9107.24 9084.49 9056.04 9034.64 9050.31 9063.96 9078.26 9051.33 9054.8 9057.44 9061 9073.91 
8957.53 8946.87 8971.01 8985.21 9001.21 9017.04 9035.49 9060.34 9087.71 9109.16 9091.25 9062.79 9088.95 8932.94 8661.06 8573.8 8480.1 8261.24 8154.79 8134.77 8133.52 8143.36 8134.28 8115.04 8145.15 8164.7 8175.53 8184.6 8214.38 8325.78 8618.62 8938.02 9176.82 9194.27 9064.99 9072.89 9066.05 9046.42 9032.69 9036.51 9038.51 9038.67 9044.63 9053.04 9062.32 9061.48 9063.4 
8957.93 8960.39 8970.44 8985.91 9003.31 9019.89 9034.09 9045.6 9074.33 9087.19 9091.15 9117.7 9135.58 8949.34 8606.61 8510.45 8403.66 8295.49 8194.75 8158.31 8156.16 8154.6 8160.69 8127.46 8147.31 8179.22 8189.45 8189.36 8207.41 8346.56 8599.53 8865.08 9097.5 9239.88 9065.5 9074.11 9041.8 9030.45 9026.71 9026.71 9030.52 9035.06 9035.25 9036.07 9060.76 9059.56 9043.86 
8964.17 8956.75 8967.4 8983.79 9001.04 9017.27 9034.42 9056.75 9079.47 9102.77 9073.68 9055.38 9167.4 9049.21 8707.46 8574.49 8413.7 8279.59 8217.17 8167.69 8142.06 8139.38 8159.99 8162.98 8165.07 8171.23 8185.66 8208.93 8248.05 8356.92 8652.35 8973.21 9247.1 9337.72 9166.86 9020.27 9012.81 9018.22 9017.03 9015.42 9028.6 9033.97 9046.52 9054.98 9052.16 9044.85 9041.95 
8983.69 8963.62 8969.8 8983.23 8999.18 9014.97 9034.24 9061.12 9085.61 9107.59 9079.79 9058.54 9161.97 9160.76 8990.21 8774.14 8491.09 8285.08 8247.77 8190.04 8110.49 8131.02 8144.86 8135.89 8151.25 8176.9 8218.86 8270.08 8356.86 8491.23 8790.31 9088.5 9357.22 9278.75 9133.99 9055.46 9015.14 9020.1 9023.71 9020.56 9023.04 9035.26 9053.22 9062.34 9048.64 9041.26 9044.55 
8994.17 8977.42 8976.87 8985 8997.75 9012.54 9029 9044.91 9080.99 9089.55 9088.15 9093.75 9076.39 9205.35 9348.88 9015.1 8602.6 8371.72 8317.65 8249.65 8163.22 8086.78 8086.81 8109.18 8163.37 8222.73 8280.75 8343.37 8485.27 8763.57 8988.07 9139.13 9199.55 9151.06 9116.31 9073.85 9035.1 9017.59 9016.74 9023.17 9023.35 9048.37 9049.54 9050.01 9048.1 9043.02 9054.98 
8985.94 8978.69 8977.68 8983.11 8992.92 9005.01 9018.04 9037.66 9054.06 9068.6 9074.88 9085.48 9086.68 9216.41 9391.78 9121.34 8724.53 8530.34 8420.39 8337.96 8281.41 8187.92 8130.92 8151.65 8235.73 8298.62 8368.12 8402.18 8574.32 8959.74 9190.05 9190.99 9096.24 9074.04 9099.63 9091.91 9070.34 9034.19 9022.19 9026.63 9034.53 9047.88 9052.68 9048.24 9047.71 9047.35 9027.61 
8983.31 8973.95 8972.81 8980.91 8990.16 8999.64 9011.01 9018.61 9049.71 9041.22 9056.08 9061.15 9050.71 9139.38 9156.22 9062.11 8864.37 8633.9 8515.34 8432.88 8368.64 8362.06 8279.76 8337.49 8369.23 8383.42 8402.42 8478.85 8707.11 9156.45 9370.81 9259.32 9128.76 9102.02 9096.84 9087.76 9060.1 9034.47 9024.29 9031.18 9050.01 9060.13 9058.92 9056.28 9065.47 9037.74 9018.35 
8978.15 8961.96 8968.01 8981.15 8992.07 9000.87 9008.79 9019.48 9023.07 9057.17 9058.91 9059.72 9057.63 9098.8 9110.24 9117.21 9144.56 8868.41 8695.02 8656.7 8623.58 8627.92 8613.64 8590.83 8534.46 8518.18 8531.82 8639.53 8863.88 9170.82 9303.82 9259.41 9186 9139.26 9100.02 9070.28 9047.48 9040.72 9023.93 9030.11 9047.62 9066.32 9052.71 9053.27 9078.43 9035.73 9023.5 
8972.59 8960.91 8964.52 8976.7 8988.73 8999.91 9009.95 9015.72 9028.38 9009.62 9029.13 9062.87 9096.61 9154.1 9224.78 9251.08 9157.91 9088.36 8957.28 8783.95 8733.15 8737.29 8667.35 8689.28 8717.82 8723.43 8732.03 9001.17 9144.21 9188.97 9215.1 9190.96 9166.17 9130.23 9087.65 9084.29 9065.26 9074.22 9033.61 9031.51 9046.27 9054.25 9041.34 9041.5 9056.25 9058.12 9034.97 
8952.63 8955.53 8962.27 8972.21 8984.77 8999.19 9015.37 9030.85 9035.77 9022.03 9030.28 9049.97 9157.87 9216.99 9275.87 9300.21 9195.24 9159.25 9093.23 9020.37 8938.34 8846.96 8842.57 8908.88 8913.07 8941.71 9078.02 9237.98 9240.97 9157.58 9072.86 9109.24 9111.78 9104.66 9093.82 9110.95 9075.4 9071.68 9049.26 9030.75 9022.44 9037.95 9034.21 9027.42 9024.57 9041.54 9041.2 
8971.77 8958.37 8959.04 8966.05 8976.22 8991.22 9011.06 9028.46 9037.71 9046.97 9043.6 9075.06 9119.73 9153.02 9156.8 9120.27 9142.2 9134.7 9111.58 9151.97 9131.46 9175.89 9226.82 9131.67 9056.03 9062.59 9124.87 9141.78 9148.09 9121.02 9094.12 9080.2 9072.88 9055.2 9074.69 9099.4 9077.22 9060.25 9044.5 9029.81 9019.99 9010.49 9013.47 9012.36 8998.91 8998.65 9013.38 
8979.03 8960.13 8958 8961.69 8969.5 8979.17 8999.49 9016.63 9026.72 9083.05 9140.4 9120.59 9092.62 9089.32 9087.09 9097.3 9130.62 9131.52 9135.18 9080.39 9075.1 9073.69 9096.31 9122.03 9106.24 9099.02 9109.4 9094.39 9093.68 9091.25 9082.43 9073.07 9063.25 9056.66 9057.85 9071.54 9064.7 9054.69 9038.5 9024.23 9014.18 9012.09 9010.1 9013.82 9010.69 9007.85 9006.07 
8956.91 8952.86 8953.28 8957 8961.87 8963.96 8960.03 8970.2 8994.36 9054.33 9094.9 9051.42 9055.94 9058.53 9057.05 9062.1 9096.19 9112.16 9107.7 9077.17 9072.56 9076.45 9072.84 9079.24 9093.3 9099.92 9089.5 9076.63 9077.1 9078.8 9076.1 9074.71 9069.1 9060.49 9049.02 9058.83 9045.42 9036.9 9027.14 9017.14 9009.34 9004.46 9005.84 9002.29 9003.05 9005.09 9010.42 
8953.13 8952.93 8956.74 8960.97 8964.27 8963.12 8956.53 8961.44 8976.87 8995.76 8989.49 8995.76 9006.75 9011.82 9034.82 9063.43 9071.7 9086.76 9092.67 9071.71 9094.3 9090.01 9075.96 9072.94 9077.48 9083.11 9083.72 9087.64 9083.73 9085.24 9088.21 9084.33 9077.34 9070.47 9059.41 9053.62 9040.1 9029.54 9021.35 9016.78 9010.06 9002.81 9003.48 9002.8 9003.04 9003.3 9009.1 
8956.76 8959.89 8964.29 8967.96 8972.41 8974 8973.12 8969.7 8969 8958.5 8950.78 8981.25 8994.29 9004.94 9013.32 9030.02 9038.09 9057.74 9078.23 9077.17 9100.67 9099.83 9089.33 9071.58 9074.71 9080.55 9087.93 9083.81 9089.76 9089.3 9083.07 9080.05 9085.93 9087.99 9079.62 9054.32 9036.23 9036.21 9030.09 9013.21 9009.31 9008.46 9000.77 9002.86 9006.62 9003.61 9011.55 
8970.06 8970.4 8973.5 8976.05 8977.65 8981.67 8991.68 8980.29 8971.03 8963.98 8954.18 8972.84 8983.28 9002.01 8985.25 8974.21 8998.97 9031.96 9044.6 9055.83 9053.22 9072.4 9085.82 9068.14 9075.69 9085.72 9095.16 9100.96 9100.34 9092.13 9088.6 9089.86 9087.77 9089.16 9066.36 9039.04 9021.3 9018.97 9022.24 9015.1 9013.25 9024.04 9015.25 9010.37 9011.9 9008.63 9010.41 
8994.78 8984.7 8983.42 8982.87 8982.66 8980.76 8969.67 8976.36 8973.2 8971.23 8954.83 8947.31 8960.04 8957.43 8961.85 8962.99 8998.53 9029.02 9065.07 9079.38 9061.24 9029.46 9043.69 9070.56 9077.18 9093.64 9115.22 9128.74 9110.36 9085.93 9077.65 9084.03 9071.31 9076.76 9060.96 9025.48 9013.11 9019.97 9014.42 9007.8 9022.78 9037.92 9024.41 9001.43 9011.3 9009.14 9012.99 
8993.41 8988.82 8986.23 8985.49 8985.39 8986.88 8988.29 8976.66 8967.95 8957.3 8955.32 8952.79 8952.67 8954.58 8958.59 8962.03 9001.53 9021.73 9064.31 9087.37 9033.08 9021.02 9025.25 9033.03 9057.03 9077.23 9113.08 9107.15 9075.22 9057.17 9041.1 9008.8 9041.93 9056.98 9044.01 9019.58 9015.74 9014.96 9012.42 9009.66 9029.75 9029.9 9005.83 8996.51 8996.62 8998.06 8988.36 
8987.98 8993.01 8992.21 8991.76 8993.71 8990.47 8981.26 8975.7 8963.33 8951.75 8954.45 8956.28 8952.71 8950.78 8960.66 8979.12 8981.29 8991.42 8991.67 9029.97 9017.35 8984.5 8991.68 9012.24 9029.74 9035.81 9024.13 9024.32 9021.35 9029.39 9023.85 9020.51 9029.83 9041.68 9047.07 9021.71 9021.01 9024.82 9013.12 9006.4 9017.35 8997.62 9000.88 8995.64 8997.29 8995.68 8994.99 
8983.06 8985.71 8986.17 8987.17 8990.77 8996.99 8994.17 8975.43 8961.37 8947.86 8947.49 8948.13 8954.09 8961.51 8964.55 8965.85 8970.72 8975.41 8978.9 8987.9 9012.65 8966.8 8980.83 8995.21 9006.51 9005.49 9004.96 9007.08 9016.1 9020.67 9021.42 9020.91 9027.32 9029.6 9026.59 9009.66 8998.55 9005.65 9012.79 8985.48 8911.27 8974.72 9006 9004.17 9002.53 9000.69 9000.29 
8986.76 8986.27 8984.4 8982.4 8980.5 8979.16 8976.31 8968.2 8959.06 8952.34 8951.5 8935.43 8952.59 8965.69 8971.41 8965.99 8960.26 8970.67 8979.33 8969.82 8988.49 8983.37 8986.04 8992.11 8992.17 8990.11 8984.48 9003.71 9018.76 9021.79 9024.41 9028.48 9032.08 9032.78 9026.75 9031.34 9004.25 9008.64 9011.61 8987.31 8900.62 8935.61 9000.91 9001.43 9006.36 9003.56 9002.9 
8996.47 8990.82 8984.85 8978.41 8971.76 8964.26 8961.98 8959.55 8953.78 8947.81 8941.81 8936 8946.53 8962.62 8967.95 8966.25 8969.23 8972.54 8975.39 8989.76 8991.69 8989.98 8986.94 8980.15 8983.93 8989.21 8993.64 9005.51 9020.36 9019.48 9023.44 9028.8 9036.33 9045.64 9053.92 9057.87 9025.77 9019.33 9025.32 9016.48 9020.97 9018.62 9008.62 9002.49 9003.37 9000.97 9002.58 
9000.83 8994.82 8985.54 8975.16 8965.5 8957.41 8954.44 8951.02 8946.29 8939.06 8933.56 8935.04 8945.91 8958.83 8968.2 8968.54 8976.82 8980.56 8988.81 9001.94 8998.13 8997.16 8995.6 8987.42 8987.04 8986.99 8993.3 8999 9002.38 9011.41 9017.83 9024.21 9035.21 9058.6 9083.96 9083.12 9030.76 9019.51 9009.41 9017.24 9015.13 9016.31 9012.19 9009.99 8998.82 8995.14 8993.69 
9008.1 8997.63 8984.83 8972.34 8961.57 8949.92 8949.51 8945.8 8940.97 8937.28 8939.66 8950.37 8951.35 8954.39 8961.67 8968.94 8977.97 8986.61 8999.21 9015.61 9020.36 9031.69 9006.44 8992.96 8985.75 8983.42 8985.81 8991.48 8995 9006.62 9014.72 9024.49 9040.68 9061.47 9086.07 9096.88 9066.61 9027.13 9015.48 9011.94 9013.63 9013.07 9004.88 9002.8 8998.14 8994.63 8993.62 
