real_craters/C128-500m.grd
DSAA
162 162
-40.25 40.25
-40.25 40.25
3443.8883730021 4933.6636680889
[rows 60 to 89 of 162, columns 67 to 133 of 162]
4603.69 4588 4550.94 4513.11 4492.84 4489.61 4437.33 4337.58 4310.65 4287.21 4263.12 4236.85 4191.98 4128.54 4064.66 4050.51 4101.95 4171.76 4232.01 4284.85 4333.25 4383.42 4432.97 4523.87 4601.51 4670.76 4746.45 4740.66 4726.87 4717.18 4707.29 4677.14 4638.84 4598.91 4558.77 4518.01 4489 4467.97 4454.63 4433.68 4429.43 4436.07 4445.39 4445.74 4442.31 4436.7 4430.93 4422.96 4414.3 4407.22 4405.17 4406.25 4407.43 4408.48 4409.88 4409.65 4411.75 4411.41 4409.37 4407.97 4406.36 4404.62 4402.88 4401.37 4400.75 4401.87 4403.03
4672.42 4620.36 4518.22 4423.89 4342.42 4262.57 4179.47 4106.61 4113.09 4120.71 4122.15 4107.94 4072.91 4016.58 3930.17 3917.19 3972.76 4030.1 4082.19 4117.86 4140.6 4154.3 4170.04 4222.35 4303.63 4415.15 4562.93 4636.23 4687.42 4743.51 4771.36 4734.22 4686.51 4638.22 4598.21 4561.42 4543.82 4525.03 4520.18 4516.76 4479.94 4463.62 4460.25 4457.85 4451.84 4444.6 4435.67 4426.58 4416.48 4408.63 4404.82 4406.49 4407.84 4409 4409.99 4409.8 4411.67 4412.08 4410.12 4408.37 4406.62 4404.9 4403.19 4402.01 4401.6 4401.72 4402.41
4713.99 4595.34 4432.59 4298.57 4174.94 4057.11 3972.98 3933.22 3956.69 3982.06 3993.27 3993.6 3986.47 3968.28 3927.42 3879.56 3894.89 3920.24 3950.45 3967.53 3971.12 3955.37 3948.97 3976.72 4047.98 4145.13 4271.54 4452.67 4594.95 4730.85 4804.21 4767.01 4717.63 4668.59 4629.07 4588.42 4573.12 4570 4568.17 4556.27 4522.11 4493.91 4486.27 4476.16 4465.27 4453.89 4442.47 4432.12 4419.62 4410.41 4405.71 4407.56 4409.06 4410.28 4411.11 4412.49 4414.45 4414.26 4411.08 4408.73 4406.7 4404.92 4403.48 4402.19 4401.3 4400.7 4400.84
4512.91 4404.17 4293.25 4160.83 4022.96 3885.91 3803.91 3812.55 3852.83 3879.45 3896.77 3910.16 3920.92 3938.68 3909.79 3847 3843.03 3848.43 3855.92 3855.02 3846.35 3813.58 3776.66 3792.31 3847.76 3922.5 4055.82 4262.57 4465.05 4648.23 4763.73 4746.92 4711.53 4678.22 4644.48 4612.81 4604.34 4604.2 4606.32 4597.18 4566.18 4539.4 4517.17 4497.66 4480.03 4464.71 4450.47 4437.13 4425.19 4412.54 4406.52 4408.89 4411.15 4411.13 4412.88 4415.39 4414.33 4414.25 4411.23 4409.01 4407.17 4405.42 4403.81 4402.3 4400.86 4400 4399.57
4377.94 4262.14 4161.07 4045.68 3918.69 3793.77 3762.08 3769.99 3791.59 3806.39 3825.97 3831.55 3841.7 3860.52 3864.35 3821.03 3790.86 3779.59 3778.09 3776.64 3773.16 3762.03 3740.28 3709.34 3735.83 3772.97 3891.9 4104.3 4316.29 4506.42 4643.06 4669.95 4669.02 4659.72 4645.39 4630.47 4628.77 4630.07 4628.06 4616.42 4594.54 4571.22 4539.83 4514.4 4493.53 4474.91 4457.69 4440.83 4427.74 4414.75 4408.44 4410.91 4415.64 4420.38 4422.48 4418.81 4415.48 4413.39 4410.48 4408.55 4407.14 4405.62 4404.12 4402.81 4400.68 4399.85 4399.06
4291.21 4175.45 4061.08 3961.58 3866.72 3800.37 3798.56 3766.7 3762.89 3765.87 3767.28 3766.38 3749.12 3716.94 3704.69 3737.63 3719.74 3712.43 3710.19 3711.33 3716.42 3735.21 3729.87 3711.1 3704.88 3711.97 3797.24 3986.84 4175.65 4345.63 4472.32 4551.97 4596.02 4621.99 4631.64 4636.85 4641.12 4642.74 4644.57 4628.37 4602.87 4578.44 4551.29 4524.84 4500.77 4480.32 4463.2 4447.11 4432.24 4416.35 4409.12 4412.03 4419.09 4429.37 4433.26 4417.93 4412.54 4410.54 4409.08 4407.43 4406.31 4405.08 4403.99 4403.34 4403.65 4402.99 4400.67
4170.82 4043.05 3970.83 3897.92 3831.66 3791.13 3757.19 3739.08 3730.73 3726.06 3723.22 3708.81 3684.88 3637.02 3596.07 3606.98 3636.07 3647.15 3652.42 3652 3651.71 3665.23 3686.59 3707.16 3687.35 3696.87 3757.6 3901.84 4054.17 4200.06 4328.2 4428.2 4512.06 4579.33 4621.28 4620.01 4649.65 4644.51 4622.31 4612.78 4596.76 4575.14 4552.75 4530.17 4509.28 4489.03 4469.97 4451.88 4436.28 4419.94 4409.63 4411.37 4417.72 4423.37 4423.09 4420.41 4412.62 4408.93 4407.4 4405.72 4404.73 4404.13 4403.39 4402.87 4402.52 4401.57 4399.79
4064.8 3975.37 3910.43 3848.61 3791.69 3741.43 3700.39 3704.57 3700.23 3692.29 3684.78 3672.39 3650.9 3624.02 3570.1 3559.91 3580.16 3597.26 3604.82 3603.06 3590.1 3564.91 3600.6 3638.62 3644.15 3652.07 3720.53 3827.9 3944.44 4063.75 4180.68 4299.17 4421.71 4539.97 4644.07 4705.31 4685.56 4652.84 4615.05 4601.3 4589.38 4574.01 4555.34 4533.41 4511.39 4493.45 4475.25 4457.32 4439.27 4421.78 4410.6 4411.02 4415.52 4418.61 4418.12 4422.32 4413.76 4407.75 4405.36 4404.3 4404.14 4403.77 4403.08 4402.21 4400.7 4397.86 4397.25
3979.33 3931.74 3875.71 3819.69 3763.39 3720.22 3694.08 3685.73 3677.57 3670.37 3659.65 3651.39 3635.2 3607.51 3566.75 3546.62 3548.64 3558.42 3565.65 3567.53 3562.51 3553.78 3561.1 3577.78 3605.47 3640.26 3686.97 3765.27 3850.57 3941.18 4038.06 4166.16 4326.42 4491.83 4638.77 4726.83 4705.69 4657.99 4613.8 4598.79 4586.83 4577.01 4557.51 4535.07 4514.71 4495.17 4476.39 4460.13 4442.77 4427.52 4413.56 4410.13 4414.17 4419.02 4429.62 4434.47 4429.51 4407.36 4404.49 4403.9 4403.36 4403.08 4402.88 4401.89 4400.73 4398.81 4397.19
3896.88 3874.16 3838.03 3802.86 3764.48 3721.29 3689.76 3674.07 3661.77 3652.02 3641.14 3634.63 3632.03 3634.93 3607.76 3551.85 3534.65 3534.84 3540.64 3547.31 3559.72 3568.68 3559.35 3566 3583.7 3605.71 3659.29 3711.51 3770.95 3835.64 3912.42 4038.12 4225.78 4431.68 4612.77 4701.82 4703.36 4662.9 4612.7 4603.79 4587.91 4570.3 4549.87 4531.18 4514.4 4499.42 4481.94 4462.69 4445.04 4428.45 4413.38 4407.56 4411.33 4414.91 4417.29 4429.02 4427.34 4409.95 4405.79 4404.37 4403.32 4402.61 4402.01 4401.92 4401.29 4400.71 4398.15
3825.75 3810.73 3795.82 3781.32 3769.09 3721.86 3684.28 3661.83 3645.65 3635.53 3626.3 3619.78 3615.06 3618.79 3614.02 3570.28 3535.16 3520.83 3519.81 3528.09 3544.01 3558.48 3555.97 3565.89 3589.36 3614.25 3641.66 3674.2 3709.79 3749.95 3799.3 3907.38 4120.61 4355.02 4594.19 4698.97 4687.21 4663.99 4643.68 4620.49 4595.25 4566.09 4537.61 4529.81 4516.61 4502.63 4485.11 4467.12 4448.18 4431.46 4414.2 4405.56 4408.99 4411.85 4415.09 4417.13 4411.58 4411.15 4409.4 4405.9 4404.44 4403.42 4402.32 4401.35 4400.28 4399.12 4397.67
3764.2 3770.14 3758.67 3731.84 3729.82 3713.97 3666.9 3641.06 3628.14 3619.11 3608.76 3598.88 3585.68 3591.58 3597.55 3551.12 3514.92 3503.81 3501.71 3506.08 3518.67 3534.84 3543.68 3569.58 3597.73 3630.92 3638.87 3652.99 3672.62 3699.21 3734.78 3826.57 4025.95 4244.63 4452.52 4586.22 4640.01 4648.42 4642.76 4639.44 4613.27 4583.28 4554 4539.3 4524.26 4506.49 4489.07 4470.6 4453.65 4435.17 4417.34 4407.23 4408.57 4409.66 4410.36 4410.02 4409.77 4409.73 4409.05 4406.72 4404.98 4403.59 4402.29 4400.82 4398.92 4396.6 4396.58
3705.98 3707.93 3687.35 3649.93 3609.26 3600.09 3605.19 3605.98 3606.5 3606.07 3600.51 3588.26 3563.81 3555.47 3560.93 3529.88 3497.05 3492.08 3486.88 3484.29 3489.96 3520.49 3577.41 3586.09 3607.39 3645.07 3635.89 3638.37 3651.91 3674.27 3713.1 3798.3 3953.72 4131.24 4297.06 4464.51 4589.54 4677.19 4695.39 4671.12 4638.5 4606.09 4575.25 4552.73 4535.15 4517.8 4499.12 4477.58 4458.17 4441.29 4423 4411.28 4409.26 4408.48 4407.44 4405.41 4403.35 4404.04 4405.71 4405.75 4404.84 4403.72 4402.21 4401.08 4400 4398.51 4397.65
3651.16 3651.47 3632.48 3576.27 3518.92 3523.95 3546.81 3571.55 3588.77 3602.52 3607.34 3600.03 3585.41 3583.04 3574.24 3539.85 3509.94 3495.14 3483.01 3469.94 3463.68 3497.11 3546.34 3582.46 3604.11 3627.38 3629.65 3634.18 3644.52 3664.4 3703.94 3779.74 3897.55 4044.04 4203.28 4384.26 4544.25 4659.71 4710.05 4698.51 4664.26 4629.34 4588.66 4565.58 4546.12 4530.02 4511.24 4488.77 4467.85 4446.7 4427.76 4410.05 4409.87 4408.02 4405.43 4402.79 4402.42 4403.04 4403.98 4404.38 4403.81 4402.96 4401.85 4401.11 4401.18 4401.09 4399.57
3603.82 3602.96 3590.61 3533.13 3478.28 3475.65 3517.95 3559.06 3589.41 3609.1 3624.42 3628.69 3629.93 3620.95 3603.4 3568.88 3528.59 3516.59 3497.7 3476.78 3457.65 3485.51 3532.13 3568.12 3596.66 3615.41 3619.18 3631.04 3645.81 3665.44 3700.4 3753.79 3851.86 3975.41 4132.91 4333.47 4524.31 4643.8 4718.77 4725.98 4692.64 4652.01 4603.07 4579.54 4560.86 4536.65 4517.38 4498.87 4475.92 4452.76 4436.09 4415.7 4412.17 4408.12 4404.97 4403.02 4403.14 4402.93 4404.07 4403.88 4403.22 4402.47 4401.63 4400.43 4399.41 4399.83 4399.58
3557.38 3551.9 3535.7 3514.69 3495.77 3486.86 3516.97 3554.68 3590.85 3623.6 3647.17 3665.49 3670.3 3665.17 3648.42 3619.84 3594.5 3559.24 3533.87 3508.37 3489.91 3498.32 3522.19 3548.2 3584.44 3598.49 3600.49 3616.19 3638.43 3665.2 3702.27 3762.21 3827.25 3909.98 4058.43 4294.74 4544.26 4756.31 4777.13 4758.36 4719.15 4675.51 4622.82 4598.39 4581.29 4560.32 4534.33 4505.68 4487.77 4462.13 4442.56 4426.79 4413.58 4406.76 4404.01 4404.1 4409.02 4409.68 4404.91 4404.21 4403.38 4402.34 4401.31 4399.93 4398.25 4398.32 4398.25
3519.7 3509.47 3496.42 3493.64 3502.6 3502.44 3524.72 3559.33 3600.91 3642.88 3683.88 3716.45 3726.97 3727.76 3717.87 3686.42 3638.64 3610.58 3586.13 3557.12 3529.37 3519.9 3519.03 3518.45 3525.3 3558.15 3580.94 3607.07 3636.4 3668.08 3708.23 3763.83 3807.62 3850.9 3991.68 4253.86 4529.31 4751.27 4792.01 4775.31 4740.69 4696.11 4655.16 4626.99 4605.97 4580.54 4550.01 4519.48 4490.46 4466.96 4441.5 4418.72 4402.25 4403.43 4402.2 4401.36 4410.36 4416.42 4408.35 4405.46 4403.82 4402.57 4401.43 4400.39 4399.15 4398.44 4397.47
3491.87 3479.53 3463.81 3460.81 3484.78 3503.83 3531.61 3567.77 3611.92 3666.49 3725.66 3788.71 3828.01 3825.54 3813.8 3777.37 3722.34 3686.36 3655.58 3615.91 3576.96 3540.61 3517.67 3499.42 3492 3528.67 3565.47 3600.58 3631.62 3668.05 3707.3 3756.54 3788.79 3808.58 3954.05 4218.09 4479.94 4673.07 4758.33 4771.3 4751.23 4716.65 4681.9 4654.63 4627.35 4595.02 4562.44 4529.4 4491.55 4471.37 4443.58 4415 4399.3 4401.64 4402.44 4404.17 4407.44 4406.15 4404.96 4405.19 4404.14 4403.15 4402.07 4401.34 4400.45 4399.31 4399.48
3483.51 3469.37 3452.21 3451.16 3464.71 3497.19 3530.44 3570.11 3619.52 3679.12 3752.69 3846.71 3938.49 3953.21 3924.23 3884.84 3839.52 3794.07 3736.6 3670.54 3611.9 3564.51 3530.13 3504.22 3491.29 3521.03 3559.96 3596.44 3630.05 3665.73 3700.86 3738.48 3763.38 3786.45 3944.73 4208.71 4463.2 4643.73 4736.61 4763.08 4754.02 4729.32 4703.33 4675.48 4645.06 4608.01 4575.63 4540.52 4504.26 4472.65 4443.16 4415.05 4400.67 4402.03 4403.52 4407.03 4409.75 4400.22 4402.63 4404.48 4404.68 4403.74 4402.4 4401.22 4401.29 4398.3 4396.03
3491.8 3474.93 3461.37 3453.8 3451.28 3487.99 3525.69 3565.78 3613.22 3669.5 3742.36 3837.74 3964.18 4038.15 4001.43 3969.69 3958.53 3917.16 3804.76 3703.99 3627.97 3577.05 3541.07 3522.37 3513.48 3535.42 3564.25 3597.08 3628.54 3662.2 3695.76 3728.64 3756.91 3772.04 3955.13 4231.43 4499.01 4668.18 4738.57 4758.99 4751.93 4730.01 4706.89 4673.76 4647.92 4613.4 4578.33 4543.08 4502.07 4470.3 4441.29 4417.44 4403.15 4402.94 4404.06 4406.5 4406.69 4401.7 4400.45 4404.33 4405.95 4405.12 4402.67 4398.89 4396.09 4396.3 4395.56
3508.57 3481.95 3463.42 3456.81 3468.02 3488.47 3519.13 3554.42 3594.67 3642.08 3699.92 3772.61 3905.8 4011.26 3998.39 3982.16 3980.51 3938.2 3816.89 3701.95 3613.35 3555.41 3530.98 3526.48 3530.31 3549.12 3572.99 3601.93 3631.21 3662.44 3691.28 3721.05 3751.2 3787.96 3990.12 4268.86 4554.41 4703.75 4744.3 4754.12 4745.09 4721.95 4696.96 4664.18 4641.61 4607.59 4571.3 4539.49 4502.81 4469.99 4442.32 4418.85 4404 4402.74 4403.44 4404.23 4402.41 4401.49 4401.41 4407.24 4408.39 4406.98 4404.38 4399.95 4396.88 4396.46 4394.69
3528.87 3491.28 3465.2 3467.09 3468.03 3489.89 3517.25 3543.8 3573.02 3606.96 3646.32 3700.62 3812.81 3903.83 3923.64 3921.46 3905.12 3855.39 3776.72 3680.26 3587.69 3520.33 3507.47 3515.89 3536.75 3554.72 3577.43 3602.88 3630.79 3660.6 3689.39 3706.38 3745.79 3832.46 4035.44 4295.79 4544.83 4683.62 4734.13 4745.22 4730.93 4708.49 4683.75 4652.4 4626.12 4594.45 4561.33 4526.52 4496.22 4467.39 4441.98 4419.35 4403.09 4402.01 4402.64 4403.14 4402.61 4403.03 4403.27 4412.52 4410.23 4407.99 4407.28 4407.01 4403.2 4399.1 4395.98
3549.12 3500.39 3455.75 3443.89 3480.65 3498.87 3517.73 3535.31 3553.6 3571.64 3592.34 3624.92 3697.71 3778.81 3820.18 3829.47 3816.12 3787.63 3718.56 3638.74 3556.9 3495.68 3488.73 3496.02 3527.86 3552.9 3576.31 3601.44 3627.46 3650.17 3683.51 3725.87 3777.1 3876.18 4082.43 4319.8 4524.21 4660.44 4720.61 4734.62 4719.53 4690.54 4657.46 4627.92 4599.98 4573.99 4546.23 4516.37 4489.64 4464.42 4441 4420.28 4403.97 4401.75 4402.46 4402.11 4401.81 4404.25 4407.25 4410.25 4408.98 4407.99 4407.75 4409.08 4406.1 4400.8 4397.26
3573.92 3522.95 3475.83 3463.61 3498.82 3516.85 3525.33 3532.26 3537.26 3541.93 3546.1 3560.18 3624.29 3683.83 3723.77 3736.41 3722.81 3680.94 3657.12 3619.63 3543.06 3489.66 3488.23 3501.76 3525.52 3548.07 3569.27 3591.26 3615.17 3642.65 3671.98 3703.14 3805.76 3930.4 4130.51 4364.54 4560.01 4670.74 4719.04 4726.1 4709.88 4671.28 4631.62 4588.41 4563.77 4549.36 4531.11 4507.86 4482.27 4460.78 4439.9 4421.8 4405.61 4401.65 4403 4401.29 4400.19 4409.61 4419.68 4411.9 4407.17 4406.04 4405.06 4403.8 4402.89 4400.5 4398.2
3598.91 3560.74 3534.72 3536.2 3546.31 3539.5 3536.03 3531.68 3528.81 3524.28 3520.58 3522.06 3560.48 3612.15 3648.22 3663.72 3657.12 3631.19 3621.59 3599.93 3544.07 3504.12 3501.77 3517.81 3528.02 3547.84 3568.4 3590.02 3602.39 3626.64 3656.72 3700.71 3750.95 3915.74 4175.04 4430.64 4622.7 4705.54 4736.46 4730.84 4700.17 4660.79 4612.29 4563.38 4534.53 4522.86 4512.37 4492.34 4474.55 4456.54 4438.67 4424.02 4412.86 4407.84 4404.07 4399.94 4399.97 4416.91 4437.75 4416.32 4406.62 4403.47 4401.69 4400.35 4399.83 4399.28 4398.68
3623.1 3601.78 3594.02 3590.67 3576.77 3557.36 3545.46 3534.7 3527.07 3519.86 3516.9 3522.57 3534.73 3563.87 3597.3 3620.08 3626.67 3625.35 3622.38 3605.82 3561.23 3526.18 3509.25 3520.34 3532.5 3551.61 3572.2 3584.2 3602.63 3621.53 3643.71 3644.27 3721.55 3957.14 4228.84 4499.56 4699.39 4745.52 4754.43 4737.74 4702.11 4655.5 4600.12 4546.43 4512.83 4503.02 4495.36 4481.55 4467.28 4451.63 4436.37 4423.67 4415.25 4410.85 4402.14 4397.79 4395.65 4400.63 4397.86 4400.11 4401.37 4400.08 4398.56 4396.81 4397.5 4397.45 4397.31
3643.21 3635.32 3636.43 3625.62 3588.05 3569.68 3552.99 3541.92 3531.25 3522.65 3513.76 3506.68 3501.63 3536.21 3570.54 3598.68 3615.64 3622.38 3636.12 3633.16 3592.74 3553.17 3523.8 3510.73 3538.12 3558.3 3580.06 3601.22 3608.62 3626.18 3644.55 3654.96 3739.11 4005.05 4278.47 4539.87 4705.7 4766.13 4772.16 4745.2 4705.94 4652.96 4592.63 4528.03 4481.38 4483.06 4480.41 4474.05 4461.49 4447.01 4433.07 4419.63 4407.24 4397.25 4396.77 4395.48 4395.47 4395.4 4394.32 4394.33 4396.65 4397.26 4396.9 4396.06 4395.8 4395.63 4395.31
3652.72 3652.7 3657.13 3620.59 3595.49 3571.46 3556.76 3546.02 3537.33 3528.44 3515.64 3497.22 3498.67 3531.27 3564.46 3593.56 3617.59 3642.1 3664.86 3648.15 3600.91 3571.06 3561.06 3546.37 3555.28 3580.34 3602.38 3627.27 3648.82 3660.98 3670.27 3707.34 3803.81 4073.67 4349.36 4603.81 4747.19 4784.62 4778.75 4748.48 4701.23 4645.43 4588.41 4526.33 4479.28 4481.33 4480.54 4468.76 4455.27 4441.01 4428.12 4415.3 4404.17 4395.69 4394.91 4393.98 4393.19 4393.08 4394.51 4393.63 4395.03 4395.82 4396.61 4396.59 4395.03 4394.24 4393.62
3650.88 3656.79 3653.19 3571.19 3574.12 3565.38 3559.65 3555.43 3549.35 3541.53 3535.55 3532.2 3529.95 3544.02 3569.17 3595.3 3620.24 3643.45 3660.75 3647.15 3614.39 3578.08 3546.95 3548.76 3575.19 3610.49 3647.42 3676.59 3706.86 3734.29 3763.93 3803.12 3916.07 4174.25 4446.47 4671.35 4783.87 4808.37 4786.65 4749.08 4706.85 4649.95 4595.88 4548 4515.25 4500.73 4483.49 4469.02 4452.48 4438.61 4425.32 4413.44 4404.13 4394.62 4394.83 4393.82 4391.72 4391.12 4393.05 4392.16 4394.42 4394.82 4394.14 4393.79 4393.5 4392.99 4392.35
3649.92 3650.02 3636.79 3574.04 3553.96 3560.63 3566.07 3566.19 3563.04 3557.76 3550.29 3542.69 3547.43 3560.94 3578.56 3594.65 3612.7 3631.61 3648.65 3626.04 3600.79 3582.51 3542.9 3559.18 3604.37 3654.17 3701.72 3749.51 3793.66 3835.79 3877.91 3940.69 4076.23 4332.2 4577.42 4771.6 4826.61 4818.25 4789.06 4746.91 4698.05 4643.04 4599.75 4567.67 4564.55 4516.53 4488.81 4466.31 4449.11 4434.66 4422.55 4412.65 4406.2 4403.55 4398.52 4394.87 4392.38 4391.41 4392.55 4393.22 4395.76 4394.47 4392.07 4391.67 4392.26 4392.24 4391.88
