real_craters/C129-300m.grd
DSAA
270 270
-40.39 40.39
-40.39 40.39
10358.421752172 11849.026095958
[rows 180 to 209 of 270, columns 134 to 200 of 270]
11478.3 11490.1 11505.5 11517.7 11527.3 11533.1 11537.7 11540.5 11541.8 11541.9 11541.2 11538.5 11536.7 11532.8 11523.7 11517 11509.9 11502.8 11507.2 11510.1 11511.3 11511.3 11510.8 11509.6 11508 11505.6 11501 11494.2 11488 11482.8 11478.6 11477.1 11476.5 11476.5 11477.1 11478.3 11478.5 11473.7 11471.1 11469 11465.7 11464.4 11460.8 11458.1 11461 11464.4 11467.2 11468.9 11470.4 11468.9 11466 11463.5 11462 11462.1 11461.6 11461.5 11461.5 11462.6 11463.3 11464.4 11466.4 11469.3 11473.1 11477.6 11482.9 11486.9 11489
11465.2 11475.9 11487 11497.5 11506.3 11513.3 11517.3 11520.9 11523.2 11524.3 11524.3 11521.5 11518.6 11512.4 11501.6 11495.3 11491.9 11488.7 11492.7 11496.6 11499 11500.1 11500.3 11499.5 11497.9 11495.4 11491.6 11486.6 11482.6 11478.9 11476 11474.9 11474.9 11475.3 11476.6 11478.2 11476.6 11470.7 11467.7 11465.1 11462.4 11459.9 11456.7 11454.4 11456.3 11458.5 11459.8 11459.1 11457.1 11455.4 11456.6 11457.4 11457.9 11458.5 11458.8 11459.2 11460.3 11460.8 11461.5 11462.5 11464.5 11466.7 11470.3 11475.4 11481.7 11486.5 11491.1
11457.9 11465.7 11473.6 11482.5 11490.5 11497.3 11502 11506.1 11508.8 11510.4 11510.6 11509.1 11506 11500.1 11492.4 11487.3 11484.7 11483.3 11484.4 11487.1 11489.4 11490.7 11491.2 11490.4 11488.4 11485.5 11482.4 11478.4 11473.8 11472.5 11472.3 11472.2 11472.4 11473.2 11474.2 11475.3 11475.3 11468.2 11464.1 11462.3 11460.7 11458.4 11455.9 11454.1 11454.3 11454.7 11454.3 11451.8 11449 11447.2 11449.2 11451.6 11453.5 11454.7 11455.6 11456.7 11457.8 11458.4 11458.9 11459.8 11460.8 11462.7 11465.3 11469.1 11474.5 11481.8 11489.9
11451.7 11457.7 11463.8 11471.7 11479.1 11485.6 11491.1 11495.3 11498.2 11499.9 11500.3 11499.1 11496.7 11492.2 11488.4 11486.6 11481.4 11478.1 11478.4 11480.2 11482 11483.2 11483.5 11482.7 11480.8 11477.9 11475.9 11472.9 11468 11468.5 11469.3 11469.5 11469.8 11470 11470.4 11469.9 11467.6 11460.5 11459.1 11459.5 11459.5 11457.8 11456.9 11455.4 11453.8 11452.4 11450.8 11447.8 11444.5 11442.2 11444.7 11447.7 11449.9 11451.7 11452.8 11453.9 11454.5 11455.6 11455.8 11456.8 11457.4 11458.5 11459.2 11461.1 11464.4 11472.7 11482.2
11443.6 11450.7 11457.3 11464.8 11472 11478.4 11483.1 11487.3 11490.3 11492.2 11492.8 11491.9 11490.1 11485.4 11483.9 11482.4 11478.1 11475 11474.5 11475.2 11476.3 11477.2 11477.4 11476.9 11475.5 11474.1 11472.9 11471.5 11470 11468.4 11467.9 11467.5 11467.3 11466.9 11466.2 11464.1 11459.1 11453 11454.4 11455.6 11456.3 11456.1 11456.1 11455.1 11453.3 11451.4 11449.3 11446.8 11443.6 11442.1 11443.6 11445.8 11447.8 11449.3 11450.7 11451.4 11451.9 11452.8 11453.1 11453.7 11453.7 11454 11453.7 11453.8 11455.4 11463.3 11472.7
11437.6 11444.6 11451.2 11458.3 11465 11471.1 11475.4 11479.6 11482.7 11484.8 11485.8 11485.1 11484.1 11479.5 11478.2 11475.9 11473.8 11472.3 11471.1 11471 11471.8 11472.6 11472.8 11472.4 11471.4 11470.8 11471.2 11471.7 11470.5 11468.8 11467 11465.8 11465 11464.3 11463.1 11460.8 11457.4 11453.1 11452.4 11452.1 11453 11453.9 11453.6 11453.6 11452.9 11451.2 11449.1 11446.8 11444.5 11443.7 11443.8 11445.5 11446.9 11448.1 11449.1 11449.5 11450.2 11450.3 11450.7 11450.4 11450.2 11449.6 11448.7 11448.2 11449.2 11455.1 11464.7
11433.7 11440.5 11444.2 11450.1 11455.8 11461.1 11466 11470.2 11472.7 11475.3 11477.1 11478.1 11478.2 11474.8 11474.6 11472.1 11470.9 11468.4 11466.6 11467.6 11468.6 11469.3 11469.7 11469.5 11468.5 11467.7 11469.1 11471.5 11472.9 11467.9 11465.1 11463.6 11462.7 11462 11460.9 11459.4 11457.9 11456 11451.9 11449.6 11450.9 11453.4 11454.7 11454.4 11453.4 11451.6 11449.7 11447.8 11445.7 11444.4 11444.6 11446.1 11447.1 11447.8 11447.7 11447.9 11448 11447.7 11447.5 11447.3 11446.9 11446.3 11445.2 11444.1 11443 11447.9 11458.6
11430.7 11435.7 11437.4 11442.1 11446.7 11451.3 11455.3 11459.3 11463.2 11466.3 11468.9 11470.9 11472.4 11472 11473.9 11474.4 11472.2 11467.9 11465.2 11466.1 11466.5 11467.1 11467.7 11467.9 11467.3 11466.2 11465.7 11466.1 11465.5 11463 11461 11459.8 11459.5 11459 11458.6 11457.8 11456.8 11454 11450.5 11449 11450.4 11454 11456.9 11455.9 11454.1 11452.2 11450.5 11448.9 11447.4 11446.9 11446.8 11447.6 11447.7 11447.5 11447.3 11447 11445.9 11445.8 11445.5 11445.1 11444.8 11444.2 11443.6 11442.5 11441.4 11444.2 11452.5
11431.3 11430.9 11433.1 11436 11439.7 11443.5 11447.3 11451.3 11454.9 11458.8 11462 11465 11467.6 11469.6 11472.7 11474.5 11473.1 11470.1 11468.1 11466.1 11465 11465 11465.7 11466.8 11467.7 11465.2 11460.7 11457.7 11456.3 11455.5 11455.1 11455 11455.4 11455.6 11456 11456.1 11455.8 11453.6 11448.6 11445.5 11448.7 11453.9 11457.4 11456 11453.8 11451.7 11450.4 11449.7 11449.5 11449.7 11450 11450 11448.5 11447.4 11446.5 11445.7 11445.3 11444.8 11444 11443.7 11443.2 11443.3 11443.3 11443.1 11443.8 11445.5 11449
11433.1 11431.5 11432.6 11434.8 11437.7 11441.1 11444.6 11448.2 11451.8 11455.2 11458.5 11461.4 11464.6 11466.7 11470.8 11472.5 11471.8 11469.8 11468.5 11464.4 11462.1 11461.8 11462.6 11464.3 11466.4 11462.3 11454.3 11446.9 11446 11448.1 11449.5 11450.5 11451.6 11452.5 11453.5 11454.4 11454.6 11452.3 11447.1 11442.4 11446.4 11452.3 11456.4 11453.8 11452.1 11450.7 11450 11450.2 11451.1 11453.2 11454.7 11452.2 11449 11446.9 11445.4 11444.3 11443.5 11443 11442.7 11442.1 11442 11442.2 11443.5 11445.4 11448.7 11452 11450.2
11432 11430.6 11431.2 11433 11435.5 11438.5 11441.5 11444.9 11448.3 11451.8 11455.2 11458.5 11461.6 11464.6 11467.6 11469 11467.9 11465 11461.8 11458.3 11457.1 11457.4 11458.3 11459 11458.6 11454.9 11448.3 11441.7 11440.7 11442.9 11444.9 11446.6 11447.8 11449.2 11450.7 11452.4 11454 11454.3 11449.2 11442.9 11444.4 11446.1 11448.4 11448.6 11448.3 11448 11448.1 11448.8 11450.4 11453 11455.2 11451.8 11448.6 11446.5 11444.1 11442.8 11441.7 11441.6 11440.6 11440.6 11441 11441.8 11443.5 11446.4 11450.3 11454.2 11451.1
11428.3 11427.7 11428.6 11430.4 11432.8 11435.6 11438.8 11442.1 11445.4 11448.8 11452.1 11455.4 11458.5 11461.5 11464.5 11465.5 11463.6 11459 11451.9 11449.9 11451 11452.4 11453.6 11453.7 11451.6 11448.8 11444 11438.5 11438 11439.6 11441.4 11443.1 11444.5 11445.9 11447.2 11449.1 11451.8 11456.1 11454.5 11448.5 11443.9 11440.1 11440 11442.8 11443.8 11444.2 11444.9 11445.8 11446.9 11448.4 11448.4 11447.9 11446.1 11444.5 11443.1 11440.8 11439.6 11439.1 11438.5 11439.3 11439.4 11440.6 11442.4 11445.3 11448.1 11449.7 11450.2
11423.9 11424.5 11426.2 11428.3 11430.9 11433.8 11436.8 11440 11443.2 11446.4 11449.5 11452.5 11455.6 11458.2 11461.1 11463.1 11464 11455.1 11445.9 11443.7 11445.8 11448.3 11450.1 11450.6 11449.5 11446 11441.7 11438.8 11437.1 11437.7 11438.8 11440 11440.9 11441.7 11442.5 11443.4 11444.5 11447.8 11450.6 11448.7 11442.1 11439.7 11438.7 11438.5 11438.8 11439.4 11440.3 11441.6 11442.3 11443.4 11443.4 11443.3 11442.6 11441.5 11440.2 11437.9 11437.8 11437.5 11437.3 11437.1 11437.9 11438.7 11440.8 11443.2 11445.4 11447.5 11449
11419.5 11421.1 11423.6 11426.3 11429.1 11432.1 11435.2 11438.3 11441.4 11444.4 11447.2 11449.8 11452.2 11454.3 11456.1 11457.8 11458.1 11450 11441.9 11439.5 11442.4 11445.6 11448.1 11449 11447.8 11444.6 11440.3 11436.8 11436.3 11436.8 11437.4 11437.9 11438.2 11438.2 11437.7 11435.9 11433.3 11429 11419.5 11428.6 11433.3 11439.2 11436.9 11433.7 11433.5 11434.3 11435.6 11437.1 11438.2 11438.8 11438.8 11439 11439.2 11439 11438.7 11437.8 11437.3 11435.6 11436 11436 11437.1 11438.2 11439.6 11441.3 11442.8 11443.5 11447.1
11414.2 11417.4 11420.6 11423.7 11426.8 11430 11433.3 11436.4 11439.4 11442.1 11444.7 11447 11448.9 11450.2 11450.4 11449.5 11446.1 11442.3 11438.5 11437.8 11441.2 11444.6 11447.5 11449.3 11448.6 11444.9 11440.4 11436.9 11436.4 11436.4 11436.3 11436.3 11435.8 11434.8 11433.2 11429.4 11425.6 11418.2 11408.1 11412.2 11417.8 11424.6 11425.6 11425.4 11426.8 11428.7 11430.5 11432.2 11433.6 11434.4 11434.8 11435.2 11435.9 11436.1 11435.7 11435.6 11435.2 11434.9 11433.7 11434.2 11435 11436.5 11437.8 11439.8 11441.5 11443 11448.1
11408.6 11413.8 11417.4 11420.8 11424 11427.2 11430.5 11433.5 11436.4 11438.9 11441.3 11443.4 11445.1 11445.9 11445.3 11443.3 11439.3 11438 11438.6 11439.6 11441.7 11444.6 11447.8 11450.6 11450.2 11446.3 11441.7 11438.9 11437.5 11436.6 11435.6 11434.3 11432.8 11431 11429 11426.3 11422 11417.4 11412.5 11406.2 11403.7 11400.8 11409.5 11415.4 11419.1 11421.8 11424.3 11426.6 11428.7 11430.4 11431.8 11432.7 11433.1 11432.9 11432.3 11432.2 11432.1 11432.2 11430.9 11431.6 11432.8 11434 11435.7 11438.2 11440.8 11444.6 11451
11406 11410.8 11414.5 11418 11421.3 11424.6 11427.6 11430.5 11433.3 11436.1 11438.4 11440.3 11442 11442.8 11442.1 11441.1 11439.5 11439.3 11440 11440.9 11442.5 11444.5 11447.2 11450.4 11450.9 11448.1 11443.3 11440.7 11439.7 11437.9 11435.8 11433.9 11431.8 11429.4 11426.6 11424.1 11420.4 11416.1 11411.7 11404.4 11399.4 11397.2 11402.9 11408.7 11413.2 11416.5 11419.1 11421.6 11424.2 11426.8 11430.8 11433 11430.6 11428.7 11427.7 11427.9 11428.4 11428.8 11429.7 11430.2 11432.2 11431.9 11433.6 11436.1 11439.4 11443.8 11449.8
11404.6 11409 11412.6 11416.1 11419.5 11422.8 11426 11428.7 11431.4 11434.4 11436.6 11438.4 11439.7 11440.5 11440.4 11440.7 11442.4 11443.4 11441.7 11442.4 11442.6 11443.5 11445.3 11447.4 11449.4 11450.6 11449.9 11446.8 11443.5 11439.9 11436.9 11433.3 11430.4 11428 11425 11422.9 11419.7 11414.4 11406.7 11403.2 11401.2 11400.4 11403.2 11406.8 11410.3 11413.1 11415.6 11418 11420 11421.8 11425.9 11429.4 11424.7 11422.7 11422.4 11423.2 11424.1 11425.1 11428.1 11428.9 11429.7 11430.9 11432.7 11434.1 11437.2 11440.8 11444.8
11403.5 11406.6 11410.1 11413.4 11416.7 11419.9 11423 11425.8 11428.6 11431.9 11434.1 11436.1 11437.6 11438.7 11439.5 11439.5 11440 11439.2 11439.7 11440.7 11440.6 11441.4 11442.8 11444.6 11447.7 11451.8 11457.4 11451.8 11445.9 11441.3 11437.4 11434.1 11431.1 11428.1 11425.3 11422.1 11419.3 11416.1 11411 11407.6 11406.5 11404.9 11404.7 11405.8 11407.1 11409 11411 11412.5 11413.7 11413.6 11413.9 11413 11413.9 11415.4 11417.7 11419.6 11421.4 11423.6 11425.1 11426.7 11428 11429.6 11430.1 11432.4 11435 11437.6 11440.7
11401.6 11404.4 11407.3 11410.3 11413.3 11416.3 11419.3 11422.2 11424.9 11427.6 11430.4 11432.7 11434.6 11436.3 11438.1 11438.1 11437.4 11436 11436.9 11436 11437 11439.1 11440.6 11441.9 11445.2 11448.8 11450.7 11449.1 11445 11440.9 11437.2 11433.6 11430.4 11427.4 11424.5 11422.1 11420.3 11419.5 11419.7 11417 11412.6 11409.1 11406 11405.5 11405.5 11406.3 11407.3 11408.1 11408.2 11406.5 11403.9 11399.9 11404.2 11409.3 11412.7 11415.3 11417.5 11420 11422.1 11423.9 11425.6 11427.6 11428.8 11431.1 11433.1 11435.2 11437.1
11399.4 11401.8 11404.4 11407.2 11410.1 11412.9 11415.7 11418.4 11421.6 11423.3 11425.8 11428.4 11430.9 11433.9 11436.1 11437.2 11438.3 11438.5 11437.7 11435.3 11435.9 11438.3 11439.7 11440.4 11442.3 11444.3 11445.7 11444.6 11442.3 11439.1 11435.9 11432.7 11430.4 11427.5 11424.6 11422 11420.2 11419.3 11421.6 11418.4 11413 11409 11405.8 11404.5 11404.2 11405 11405.1 11405 11404.4 11403.1 11400.1 11396.8 11401.5 11406 11409.4 11412.2 11415.1 11417.7 11420.3 11423.1 11425.1 11426.5 11429.1 11431.2 11432.8 11434.2 11434.7
11396.5 11398.9 11401.3 11403.8 11406.5 11409 11411.6 11414.1 11417.1 11419.5 11422.1 11424.9 11428 11430.9 11433.9 11436.8 11439.6 11441.8 11441.4 11439.9 11439.4 11439 11439.4 11440.2 11439.5 11439.5 11439.8 11439.9 11439.2 11437.3 11435.1 11432.7 11429.8 11426.7 11423.8 11421.3 11419.5 11418.6 11423.9 11414.9 11408.4 11405.7 11405.1 11404.5 11403.7 11403.4 11402.9 11402.4 11401.6 11400.9 11400.3 11403.6 11404.4 11404.1 11406.5 11409.5 11412.6 11415 11418.3 11421.5 11424.5 11425.8 11428.3 11430.3 11432.1 11433.9 11435.3
11394 11396.6 11399 11401.4 11403.9 11406.3 11408.7 11411.1 11413.6 11415.8 11418.5 11421.7 11424.8 11428.1 11431.4 11435.4 11440.1 11444.3 11444.5 11443.6 11442 11438.4 11436.7 11436.5 11436 11435 11434.7 11436.5 11436.7 11435.7 11434 11431.7 11429.3 11426.4 11423.4 11421 11419.2 11419.4 11427.1 11423.4 11407.1 11404.7 11405.2 11404.5 11403.8 11402.7 11401.6 11400.1 11399.2 11398.7 11398.6 11401.3 11401.8 11401.1 11402.9 11406.3 11409.7 11413.4 11416.8 11420.1 11423.3 11425.9 11428 11430.3 11432.1 11433.9 11435
11391.8 11394.4 11396.8 11399 11400.8 11403 11405.2 11407.5 11409.8 11412.2 11414.9 11417.8 11420.9 11424.6 11428.8 11432.9 11438.4 11443.1 11443.6 11441 11437.7 11435.6 11433.4 11432.7 11433.8 11433.7 11433.9 11435.4 11435.8 11435 11433.5 11431.5 11429.7 11427.1 11424.3 11421.6 11419.4 11419.9 11425.9 11425.5 11413.1 11409 11407.7 11405.5 11404 11402 11400.6 11398.3 11397.1 11396 11394.8 11393.9 11393.9 11396.5 11399.4 11403.2 11407.8 11411.9 11415.5 11418.7 11421.9 11425.1 11427.7 11431.1 11433 11434.8 11435.7
11390.8 11393 11395.1 11397.1 11398.8 11400.7 11402.8 11405 11407.2 11409.2 11411.7 11414.5 11417.4 11420.7 11424.8 11429.3 11434.2 11438.1 11439.6 11438.1 11434.9 11433.5 11432.1 11432.5 11434.1 11435.7 11436.2 11436.5 11436 11434.9 11433.3 11431.5 11429.5 11427.5 11425.5 11422.7 11420.1 11419.4 11425.5 11428.4 11422.7 11415.8 11411.1 11408 11405.2 11402.8 11400.1 11398.1 11396 11394.2 11391.7 11389.3 11388.7 11392.9 11397.1 11401.5 11406.7 11411.1 11415 11418.4 11422.1 11425.9 11428.9 11432.1 11434.1 11436.6 11438.8
11390.2 11391.6 11393.2 11394.8 11396.4 11398.4 11400.3 11402.3 11404.2 11406.4 11408.7 11411 11413.6 11416.8 11419.9 11423.5 11428.5 11433.9 11437.6 11436.6 11434.7 11433 11430.2 11431.7 11435.8 11438.9 11439.4 11438.1 11436.6 11434.9 11433.3 11431.5 11429.9 11428.2 11427.1 11424.8 11422.6 11422 11427.4 11431.8 11428.2 11419.9 11414.1 11409.7 11406.4 11402.5 11400.2 11398.1 11395.8 11393.7 11390.9 11388.7 11388.4 11391.8 11396.2 11400.7 11405.2 11410.1 11414.2 11418.2 11422.2 11426.1 11429.6 11432.9 11436.6 11439.9 11442.7
11389.6 11390.3 11391.2 11392.4 11393.7 11395.8 11397.8 11399.5 11401.6 11403.9 11405.5 11407.4 11409.5 11411.3 11413.5 11416.3 11420.2 11426 11432.1 11433.5 11436.8 11435.3 11430.3 11431.5 11437.1 11444 11442.3 11439.2 11436.8 11435.1 11433.4 11431.7 11430.4 11429.3 11428.3 11427.1 11426.6 11427.6 11428.9 11430.6 11426.2 11419.7 11414.2 11409.7 11406.3 11402.7 11400.4 11398.3 11396.3 11392.6 11391.3 11390.3 11389.8 11392.9 11396.8 11400.9 11405.1 11409.3 11413.4 11418.1 11422.3 11426.5 11430.9 11434.9 11438.9 11444 11449
11388.7 11388.8 11389.3 11390.2 11391.3 11392.8 11394.2 11395.6 11397.2 11399.3 11400.9 11402.5 11404 11405.1 11406.1 11407.7 11408.9 11410.1 11412.6 11423.1 11436.4 11434.3 11428 11429.1 11434.6 11442.5 11440.4 11437.9 11435.9 11434.3 11432.9 11431.6 11431 11430.3 11429.9 11429.8 11427.9 11426.8 11427.8 11426.6 11421 11417.1 11413.1 11409.2 11406.1 11403.5 11401.3 11399.6 11397.8 11394.6 11393.5 11393.5 11394 11396 11398.9 11402.3 11406.1 11410.2 11415.2 11419.3 11423.7 11427.9 11432.3 11436.9 11440.7 11447.4 11455.6
11386.4 11386.4 11386.8 11387.5 11388.4 11389.3 11390.5 11391.8 11393.7 11394.8 11396.2 11397.3 11398.8 11399.9 11400.2 11400 11398.5 11395.5 11394.2 11408.1 11422.6 11425.1 11420.2 11424.2 11428.3 11430.6 11434.4 11434.8 11434.3 11433.3 11432.2 11431.2 11430.7 11430.4 11430.8 11432 11433.6 11430.9 11425.8 11422.2 11417.4 11414.4 11412.5 11409.9 11407.5 11405.5 11403.5 11401.9 11400.2 11397.6 11396.6 11396.7 11398.5 11399.1 11401.3 11404.5 11408.2 11412.5 11416.7 11420.9 11425 11429.1 11432.7 11437.3 11441.8 11447.8 11455.4
11383.8 11383.7 11383.9 11384.5 11385.4 11386.6 11387.8 11389 11390.3 11391.6 11392.7 11394 11395 11395.8 11395.5 11394.3 11392 11388.6 11387.3 11398 11410.8 11417.5 11418.8 11421.9 11424.4 11426.8 11430.2 11432 11432.3 11431.9 11431.1 11430.1 11429.2 11428.8 11429.4 11431.3 11435.3 11431 11422.1 11414.1 11413.3 11411.9 11410.8 11410 11408.8 11407.4 11405.7 11404.2 11401.8 11400.4 11399.3 11398.8 11399 11400.4 11403.2 11406.5 11410.1 11414.2 11417.8 11421.8 11425.9 11429.9 11433.9 11438 11441.9 11445.4 11448.6
