real_craters/C129-500m.grd
DSAA
163 163
-40.39 40.39
-40.39 40.39
10359.418642081 11847.476277554
[rows 90 to 119 of 163, columns 68 to 135 of 163]
10653.4 10630.5 10614.1 10602.9 10605.5 10594.7 10584.7 10571.7 10555.1 10535.5 10517.4 10495.1 10487.6 10460.2 10440.5 10432.2 10442.1 10465.3 10495.6 10526.4 10546 10603.3 10704.7 10812.6 10922.1 11031.2 11138.9 11243.6 11344.6 11440.4 11535.4 11637.1 11715.2 11725.2 11716 11690.1 11666.1 11639 11614.6 11585.2 11555.5 11544.6 11540.6 11538 11535 11530.9 11528.2 11526.2 11523.5 11508.1 11483.3 11463.4 11446.5 11430 11409.1 11404.4 11405 11406.1 11409 11416.1 11419.5 11410.1 11402.3 11396.7 11392.7 11390.5 11391.4 11391.8
10695.8 10672.8 10661.6 10649.1 10639 10636.9 10624.7 10619 10595.1 10579 10550.9 10531.4 10531.4 10505.3 10485.7 10480.4 10492 10513.4 10543.8 10578.4 10596.5 10652.8 10758.1 10868.2 10978.6 11090.2 11200.6 11308 11417.8 11520.6 11610.7 11697.9 11758.5 11741 11712.5 11679.3 11646.5 11618.2 11589.4 11558.8 11539.9 11537 11532.6 11531.3 11530.8 11530.5 11531.3 11531.5 11530 11518.2 11496.1 11486.6 11481.9 11446 11409.4 11404.7 11406 11403.8 11408 11415.7 11418 11410.5 11402.2 11395.5 11393 11390.7 11389.5 11390
10750.7 10731.4 10717.2 10708.2 10696.2 10683.3 10675.8 10657.8 10641.4 10623.7 10603 10581.1 10579.8 10555.7 10537.4 10539.2 10548 10567.1 10595 10631.6 10668 10736.6 10832.4 10942.3 11052.9 11161.7 11268.3 11377.6 11487.5 11596.4 11697.9 11757.2 11765.3 11739.2 11700.7 11662.8 11629.2 11597.6 11569.2 11543.3 11533.7 11528.6 11525.8 11526.3 11527 11529 11531.2 11532.3 11535.4 11534.8 11511.9 11507.9 11508.8 11474.4 11434.5 11419.2 11415.1 11417.7 11410.8 11410.8 11414.4 11404.7 11397.7 11391.5 11383.7 11385.1 11387.5 11388.6
10830.1 10811.3 10797 10783.9 10770.9 10757.5 10739.5 10717.3 10697.1 10675.9 10652.7 10631.1 10631.4 10603.8 10589.3 10594.3 10606 10626.6 10651.1 10677.8 10732.2 10819.2 10918.5 11029.9 11137.7 11241.3 11340.7 11436.7 11539.5 11642.6 11725.6 11785.4 11790.5 11748.1 11688.6 11642.3 11608.4 11581.1 11557.2 11537.4 11524.6 11519 11520 11520.6 11522.5 11523.9 11526.8 11528 11529.7 11525.4 11515.7 11518.7 11532.5 11496.6 11462.5 11435.4 11419.8 11408.9 11405.1 11401.1 11393.4 11392.2 11392.3 11391.4 11388.8 11387.6 11387.7 11387.8
10938.6 10914.6 10885.7 10867.6 10851.1 10827.2 10806.8 10788 10769.4 10750.5 10724.3 10690.8 10687 10657.3 10639.9 10648.7 10669.6 10697.7 10726.8 10757.6 10816.3 10902.9 11018.9 11128.3 11225.1 11316.1 11400.3 11484.7 11568.8 11656.2 11741.1 11758.3 11771.6 11709.3 11646.6 11609.7 11584 11562.6 11547.3 11537.5 11525.6 11513.4 11512.4 11514.1 11516.2 11519.1 11521.5 11522.7 11521.6 11515.5 11513.2 11513.9 11509.4 11493.4 11464 11439.2 11420.2 11408.5 11403.4 11396.5 11386.3 11386 11388.9 11392.3 11396.9 11391.6 11388.9 11387.8
11063.9 11028.1 10997.7 10974.8 10950.8 10931.7 10911.6 10890.4 10869 10845.6 10800.9 10765.3 10753.5 10713.3 10690.9 10707.3 10743.8 10786.1 10829.8 10879.1 10949 11039.9 11148.3 11242.2 11322.5 11389.2 11453.1 11514 11570.7 11621.2 11659.5 11648 11625.6 11575.3 11578.1 11569.9 11556.6 11541.7 11529.6 11521.8 11511.9 11506 11506.3 11507.5 11509.9 11513.6 11516.1 11518.3 11518.6 11520.3 11517.4 11516 11512.1 11497.9 11473.3 11448 11427.4 11416.8 11410.8 11401.8 11393.7 11388.2 11387.4 11389.6 11392.3 11390.3 11388.7 11387.8
11198.2 11146.6 11107.7 11075.1 11049.3 11027.4 11002.9 10984.9 10957.1 10921.3 10896 10860.1 10835.1 10780.4 10736 10776.7 10840 10897.2 10952.3 11017.7 11110.6 11221.4 11307.3 11363.3 11411 11452.7 11491 11527.1 11554.6 11565.7 11565 11555.6 11536.6 11521.8 11535.8 11541.2 11533.6 11522.2 11510.6 11507.1 11508.1 11499.8 11498.7 11500.5 11505 11508.7 11511.5 11514.6 11514.9 11513.4 11511.7 11511.9 11516.2 11504.8 11477.2 11453.1 11445.7 11439.3 11425.6 11411.7 11397.5 11388.4 11388 11386.7 11385.6 11387.5 11388.3 11388.2
11327.2 11260.2 11208.7 11169.7 11140.8 11119.9 11098.9 11091.3 11047.7 11029.2 11012.9 10978 10947.7 10895.1 10838.6 10897.2 10967.2 11027.6 11085.4 11142 11215.4 11370.2 11450.8 11479.6 11495.7 11508.4 11518.8 11534.6 11544 11543.3 11529.1 11517.4 11510.4 11517.4 11527.1 11529 11522 11508.7 11492.7 11492.3 11497.2 11489 11490.7 11494.3 11498.5 11502.4 11506.3 11509.8 11511.4 11510.9 11509.5 11509.9 11508.7 11501 11492.6 11483.2 11467.8 11455.8 11441.5 11426.3 11410.8 11400 11395.5 11389.8 11386.8 11387.9 11388.4 11388.7
11438.9 11362.9 11306.8 11263.7 11239.1 11213.1 11207.8 11202.6 11184.7 11135.5 11115.4 11097.2 11079.6 11060.9 11063.9 11082.8 11126.7 11178 11234.3 11292.5 11373.3 11490.8 11568.3 11580.7 11565.9 11548.7 11538.6 11536.5 11541 11548.2 11523.2 11476.7 11497.8 11530.5 11534.4 11528.5 11519.6 11506.2 11489.5 11483.4 11480.3 11480.5 11484.1 11488.8 11493.4 11497.5 11502 11507.7 11512.7 11517.2 11518.6 11513.6 11507.5 11503.9 11506 11509.2 11490.6 11472.1 11456.8 11442.7 11431.5 11421.4 11409.7 11399.2 11393.1 11392.3 11391.9 11391.5
11506.6 11432 11376 11333.5 11309.8 11285.6 11282 11268 11268.7 11211.5 11204.2 11195.6 11214.2 11239.6 11255 11266.5 11287.6 11328.3 11384.4 11452.5 11529.2 11653.1 11715.9 11667.3 11621 11578.2 11544.9 11522.1 11518.8 11554.3 11534 11502 11513.1 11536.9 11538 11531.3 11525 11518.1 11505.6 11491.1 11478.4 11475.8 11480.6 11484.9 11489.2 11493.5 11498.9 11505.3 11513.3 11523.7 11530.5 11521.1 11513.2 11503.5 11502.8 11508.9 11497.2 11482.1 11467 11456 11447.7 11439.9 11424.6 11412.6 11404 11399.5 11397.5 11395.8
11537.6 11483.3 11446.5 11411 11394.9 11373.9 11358.9 11357 11350.9 11363.5 11300.1 11298.9 11324.2 11385.8 11431.2 11410 11421.8 11458.2 11515.8 11594 11687.5 11759.1 11766.1 11712.4 11649.2 11592.6 11540.4 11493 11453.5 11449.6 11497.9 11543.5 11542.5 11541.1 11531.9 11530.6 11531.5 11531.4 11525.4 11508.4 11492.6 11483 11481.1 11481.8 11484.4 11489.2 11494.3 11501.9 11508.9 11518.4 11529 11534.2 11518.7 11497.4 11479.4 11474.1 11472.7 11474.4 11468.4 11464.1 11460.6 11451.9 11438.6 11418.3 11411 11408 11404.4 11400.6
11543.1 11515.9 11486.6 11461.6 11447.8 11432.7 11442.4 11435 11432.5 11434.6 11370.8 11377 11396.2 11426.3 11467.2 11491.1 11517.3 11555.2 11610.2 11686.3 11776.5 11808.8 11789.2 11711.1 11647.5 11590.1 11533.7 11470.4 11393.1 11319.5 11452.9 11555.7 11551.5 11530.7 11517.9 11526.5 11533.8 11540.3 11538.3 11520.4 11502.2 11489.6 11481.8 11478.9 11479.5 11483.6 11488.7 11493.1 11497.4 11501.8 11507.2 11509.3 11493.4 11453.3 11450.8 11456.3 11460.8 11462.6 11464.7 11466.8 11470.7 11473.9 11460 11433.1 11425.3 11419.8 11412.9 11406.7
11533.1 11517.8 11505.1 11490.4 11478.7 11488.4 11482.7 11481.6 11485.2 11492.4 11428.2 11451.5 11467.3 11448.8 11485.2 11550.5 11585.3 11618.7 11662 11720 11782.4 11785.7 11710.4 11667.4 11626.1 11581.5 11534.4 11483.8 11432 11388.3 11482.1 11556.6 11548.3 11525.9 11519.9 11526.3 11533.2 11542.3 11540.8 11520.9 11504.2 11488.5 11480.6 11477.6 11478 11479.5 11480.6 11484.4 11486.7 11484 11474.3 11481.6 11474.5 11449.7 11443.5 11448.7 11446.5 11453 11458.6 11464.7 11472.2 11485.4 11481.3 11467.4 11447.4 11432.8 11422.3 11413.5
11527.8 11528.7 11526.9 11525.2 11518 11515.6 11515.8 11511.9 11521.2 11535.9 11554.2 11525 11575.6 11623.5 11621.7 11623.4 11633.8 11651 11675 11704.1 11731.3 11712.5 11638.3 11620.9 11601.5 11571 11538.9 11512.9 11510.1 11532.4 11520.5 11537.3 11538.5 11534.3 11537 11523.3 11525.4 11534.1 11538.1 11525.2 11508.3 11487.9 11477.8 11475.8 11475.6 11475.6 11477.9 11478.1 11478.2 11475.5 11474.9 11476.1 11474.2 11457.2 11448.1 11445.8 11448.2 11448.5 11452.6 11455.7 11458.7 11460.8 11467.3 11486.7 11456.9 11440.6 11429.2 11420
11503.2 11515.2 11523.1 11517.4 11520.5 11523.1 11521.7 11529.9 11542.2 11560 11582.1 11576.9 11644.9 11743.7 11712.7 11673.9 11661.8 11660 11663.7 11662.8 11640.4 11602.4 11613.4 11604.6 11587 11563.2 11542.2 11526.9 11521.2 11521.7 11520.1 11520.5 11521.7 11517.8 11504.8 11507 11510.3 11514.5 11531.3 11548.7 11522.2 11492.1 11478.6 11475.9 11475.3 11475.2 11474.1 11473.7 11473.2 11472 11471.3 11472.7 11473.2 11465.2 11455.2 11444.4 11440.5 11444.5 11446.6 11446.6 11443 11433.7 11432.1 11441.3 11447 11441 11433.7 11426.9
11462.8 11475.5 11495.4 11504.3 11511.7 11519 11526 11536.2 11549.2 11566.1 11585.1 11585.3 11630.1 11657.8 11680.2 11669 11657.4 11650 11642.7 11628.5 11601.4 11582.8 11593.8 11592.2 11576.4 11558.4 11543 11531.6 11521.7 11515.3 11513.4 11509.3 11505.4 11498.5 11490.4 11491.3 11495 11498.5 11515.9 11531.4 11518.1 11494.8 11481.8 11476.8 11474.5 11473.1 11472 11471.6 11471.4 11471.3 11472 11473.2 11472.1 11469.3 11461.4 11454.4 11446.6 11445.5 11444.8 11441.4 11435.7 11429.5 11430.7 11437.3 11439.9 11438.9 11435.9 11433.1
11441.6 11456.4 11467.9 11475.6 11482.6 11491.7 11501.8 11513.4 11530.1 11545.5 11562.5 11580.2 11582.6 11601.8 11623.9 11633.5 11632.4 11626.5 11618.2 11605.6 11589 11581.1 11587.9 11585.1 11567.7 11552.2 11540.3 11533.7 11529.7 11517.8 11506.5 11498.3 11492.5 11484.3 11476.3 11479.8 11484.8 11488.4 11495.3 11500.8 11499.5 11490.5 11482.4 11477.6 11473.8 11471.4 11470 11469.6 11469.4 11469.8 11471.9 11474.7 11481 11477.2 11470.6 11462 11458 11452.1 11447.3 11441.6 11434.7 11428.4 11426.4 11434.8 11437.2 11437.8 11437.3 11436.3
11427 11439.8 11450.3 11458.7 11475.7 11484.7 11493.8 11502.6 11512.5 11522.5 11530.7 11537 11530.3 11537.3 11567.6 11583.7 11589.9 11589.9 11586.1 11580 11575.9 11579.8 11579.6 11570.2 11550.8 11539.7 11532.9 11529.1 11527.1 11510.8 11488.6 11485.2 11481.9 11477.3 11473.1 11476 11478.9 11481.2 11479.3 11479.1 11483.4 11484.3 11482.8 11476.6 11470.7 11467.4 11466 11465.9 11466.8 11469.2 11472.6 11474.8 11482.4 11482.1 11475.5 11468.7 11463.1 11458.6 11451.8 11444.1 11437.3 11431.2 11429.6 11433.1 11436.5 11438 11437.7 11436.4
11423 11432.8 11444.8 11453.6 11461.8 11469.1 11477 11484.6 11491.6 11496.4 11499.9 11499.5 11488.7 11495.1 11522.5 11541 11551.3 11555.3 11554.3 11552.3 11550.4 11549.5 11536.2 11520.8 11521.6 11520.9 11517.9 11515.2 11510.4 11498.1 11484 11478.9 11477.5 11476.8 11476.5 11474.8 11472.7 11472.2 11465.8 11464.9 11470.3 11475.4 11480.2 11470.4 11464.9 11462.7 11462 11462.6 11465.2 11467.9 11473.3 11479.7 11486.7 11486.8 11480.7 11471.5 11472.5 11468.1 11459.6 11451.3 11443.1 11436.4 11433.2 11435.1 11437.2 11438.2 11437.8 11436
11419 11425 11430.5 11436.9 11443.4 11450.4 11459.5 11465 11469.2 11472.2 11472.3 11469.4 11463.4 11470 11488.9 11505 11515 11521.4 11524.3 11522.3 11518.1 11504 11494.3 11488.9 11495.8 11499.7 11500.4 11498.4 11494.2 11486.3 11480.3 11475.4 11474.9 11476.2 11478.9 11470.6 11465.9 11461.5 11456.6 11455.6 11459.1 11459.2 11455.4 11456.9 11458 11458.8 11459.3 11460.8 11462.1 11465.1 11470.1 11479.5 11487.8 11490.6 11481.4 11474.1 11476.7 11474 11465.7 11457.3 11449.3 11441.8 11436.4 11439.3 11439.8 11439.8 11439.4 11437
11416.5 11420.9 11425.3 11430.1 11435.3 11440.3 11445.4 11449.4 11452.4 11453.5 11453.1 11450.7 11450.6 11456.6 11468.2 11481.4 11492.4 11499.4 11503.2 11503.4 11499.2 11490.2 11484.5 11479.7 11481.9 11485 11485.8 11483.8 11478.9 11474.1 11468.9 11470.2 11470.7 11471.6 11472.1 11463.4 11460.6 11459.3 11456.4 11454.2 11452.7 11448.9 11443.6 11446.8 11451 11453.5 11455.1 11456.3 11457.5 11458.9 11461.3 11466.2 11478.7 11487.4 11478.9 11476.9 11478.1 11475.9 11469.8 11463 11455.8 11448.7 11444.1 11443.7 11442.6 11442.6 11442.6 11441
11415.3 11417.7 11421 11424.3 11428.2 11432.9 11436.5 11439.6 11441.8 11442.4 11441.6 11439.1 11436.8 11444.7 11456.9 11468.3 11478.5 11486 11489.2 11490.1 11487.9 11482.1 11478.8 11474.4 11473.7 11475.2 11475.8 11474.5 11472.9 11471.3 11468.9 11467.3 11466.3 11465.3 11461.3 11452.5 11454.1 11455.3 11455 11453.6 11450.6 11446.7 11443.1 11444.2 11447.2 11449.5 11450.9 11451.8 11452.7 11452.8 11452.1 11452.6 11463.2 11474.9 11475.8 11477.8 11477.4 11475.6 11473.2 11468.8 11462.8 11455.7 11448.8 11444.3 11444.5 11445.6 11447.1 11448.5
11412.3 11414.6 11417.2 11419.2 11422.1 11424.4 11427.1 11429.4 11431.1 11432.3 11431.9 11431.2 11429.8 11437.1 11445.2 11454.9 11463.7 11470.9 11475 11477.8 11478.3 11474.8 11471.4 11468.2 11467.4 11468.9 11469.8 11468.9 11468.2 11471.8 11469.1 11464.5 11462.7 11461.3 11458.9 11456 11450.2 11451.9 11454.6 11453.8 11450.9 11447.7 11444.8 11444.9 11447 11448 11448 11447.7 11447.4 11446.9 11445.5 11443.3 11450.7 11467.7 11471.2 11476.3 11477.9 11477 11477.4 11473.6 11469.2 11464 11455.1 11446.3 11446.8 11448.5 11451.1 11453.5
11408.1 11409.8 11409.5 11411.5 11413.9 11415.9 11417.3 11419 11420.6 11422.2 11424.4 11428.3 11426.7 11432.7 11434.3 11440.5 11447 11453.6 11459.9 11465 11469.1 11472.9 11475 11469 11466.3 11465.7 11466.5 11467.5 11464.4 11461.2 11458.9 11456.9 11456.3 11457 11456.8 11453.7 11447.3 11451 11457.1 11454.7 11451.4 11449.5 11448.7 11448.9 11448.2 11447.1 11445.9 11444.8 11444.2 11443.9 11443 11442.5 11445.6 11452.4 11464.8 11471.9 11480 11487 11481 11476.6 11473.7 11471.6 11463.7 11452.9 11449.7 11450.9 11453.1 11455.4
11400.9 11402.4 11404.3 11406.4 11409.1 11410.7 11412.6 11413.8 11415.8 11418 11421.8 11429.6 11437.6 11432.7 11432.1 11436.1 11441.4 11447 11452.5 11458.3 11463.7 11469.2 11471.9 11468.6 11464 11460.6 11461.6 11464.3 11457.1 11444.7 11445.7 11448.5 11450.4 11452.4 11454.1 11452.1 11443 11447.4 11455 11451.4 11449.8 11450 11452.6 11455 11449 11445.6 11443.7 11442.7 11441.6 11441.6 11443.2 11448.1 11453.8 11448.4 11455.1 11469 11475.8 11480.5 11477.1 11475 11473.9 11472.8 11465.2 11453.1 11451.1 11452.1 11454 11455.4
11391.7 11393.7 11396.1 11398 11399.8 11402.3 11404.7 11407.5 11409.7 11413 11417.8 11423.3 11426.9 11426.1 11429 11432.5 11437.3 11442.7 11448.3 11453.8 11459.1 11464.1 11465.1 11458.5 11450.2 11451.8 11453.9 11452.5 11447.2 11438.2 11439.3 11442.2 11444.7 11446.9 11450.2 11456.3 11450 11442.7 11440.2 11443.8 11444.6 11445.9 11448.3 11448.6 11446.3 11443.7 11440.3 11439.2 11439.2 11439.7 11442.2 11447.1 11450 11450.5 11455.6 11464.6 11472.4 11468.8 11470.3 11472 11472 11469.4 11462.7 11453.6 11452 11452.7 11454.1 11454.3
11382.9 11385 11388.2 11390.9 11392.8 11395.6 11398.6 11401.8 11404.3 11407.1 11411.3 11415.5 11420.8 11421.7 11425.5 11429.9 11434.8 11440 11445.1 11449.9 11454.1 11457.6 11461.5 11451.3 11441.1 11444.7 11448.8 11448.4 11443.3 11437.3 11436.9 11438.3 11439.4 11439.7 11438.1 11436.6 11437.4 11438.3 11438.1 11435.5 11436.7 11438.7 11440.3 11440.4 11440.4 11439.3 11437.7 11436 11436.4 11438.2 11439.7 11442.7 11444.9 11452.7 11472.3 11485.8 11479.5 11471.4 11468.8 11470 11470.7 11469.6 11463 11457 11453 11453.1 11454.9 11456.3
11374.5 11377.4 11380.9 11384.2 11387.5 11390.6 11392.8 11395.5 11398.6 11401.4 11403.8 11404 11408.2 11414.5 11420.1 11425.4 11430.8 11435.9 11440.7 11444.9 11448 11448.8 11446.1 11440.3 11438.1 11442.7 11447.8 11449.4 11443.5 11437.4 11436.3 11435.6 11434.3 11432.3 11428.5 11417.2 11408.4 11413.9 11420.6 11424.1 11427.5 11430.7 11432.9 11433.6 11435 11435 11434.8 11434.1 11433.4 11434.6 11437.1 11440.6 11444.6 11456.9 11479.9 11491.7 11482.1 11470.1 11467 11470.4 11470.7 11466.6 11461.8 11453.3 11450.6 11453.2 11455.6 11457.8
11366.6 11371.3 11375.4 11379.4 11382.7 11386 11389.2 11392 11393.9 11396.3 11398.6 11398.6 11402.9 11409.3 11415.2 11420.9 11426.2 11431.1 11435.7 11439.5 11442.4 11442.3 11440.4 11439.2 11440.5 11443.3 11447.6 11451.6 11446.2 11440.5 11438.3 11435.2 11431.7 11427.5 11423 11416.1 11406.7 11398 11403.2 11412.1 11417.6 11421.9 11426 11431.9 11430.9 11428.2 11428.2 11429 11430.4 11431.4 11433.6 11438.1 11445.6 11456.1 11476.3 11479.1 11477.4 11474 11473.8 11474.7 11474.7 11471.2 11465.1 11456.1 11453.6 11455.4 11456 11455.5
11359.9 11366 11371.3 11375.4 11379.5 11382.9 11385.8 11388.4 11391.1 11393.2 11394.7 11396.9 11400.8 11405.9 11411.6 11417.8 11423.2 11428.2 11432.6 11435.8 11438.5 11439.9 11440.8 11442 11442 11441.8 11444 11447.7 11453.3 11450.1 11442.2 11435.9 11430.9 11426.6 11420.5 11414.5 11405.4 11403.3 11404 11407.7 11411.4 11414.4 11416.2 11419.5 11418.5 11419 11421.2 11424.4 11426.8 11429 11431.6 11434.6 11439.7 11445.3 11452.5 11466.9 11472.6 11476.6 11478.8 11480.3 11481.1 11480.1 11472.8 11468.4 11465.1 11459.6 11456.7 11455.1
