real_craters/C129-500m.grd
DSAA
163 163
-40.39 40.39
-40.39 40.39
10359.418642081 11847.476277554
[rows 90 to 119 of 163, columns 0 to 67 of 163]
11244.3 11247.2 11247.2 11248 11251.8 11258.1 11265.5 11272.3 11279.1 11285.6 11291.7 11297.5 11302.6 11303.1 11297.3 11291.5 11286.4 11282.9 11284.1 11287.1 11289.8 11292.5 11294.5 11298 11298.6 11302.5 11304.6 11306.3 11312.7 11321.3 11320.1 11317.1 11320 11324 11316.9 11321.1 11321.5 11315 11305.4 11295 11305.1 11310.4 11312.1 11330.8 11343.9 11340.7 11337.9 11338.1 11341.6 11347.7 11360.3 11375 11387.6 11413.3 11445 11502.1 11568.8 11635.4 11705.3 11747.6 11655.8 11461.8 11245.7 11058.3 10941.5 10844.9 10764 10698
11243.8 11245.6 11247 11250 11259.8 11264.3 11269.7 11275 11279.4 11284.6 11288.5 11291.4 11292.8 11294.5 11291.5 11288.1 11283.5 11281.5 11284.3 11289 11293 11295.4 11296 11296.8 11299 11301.8 11302.2 11303.7 11309.4 11315.9 11318.7 11320.1 11329.5 11330.1 11317.5 11322.1 11320.6 11313.3 11307.4 11305.4 11305.7 11308.9 11314.3 11323.2 11327.5 11330.4 11332.1 11334.2 11338.7 11350.8 11362.1 11376.3 11382.8 11403.4 11438.6 11486.8 11544.2 11603.6 11677.9 11724.3 11668 11516 11335.5 11163.3 11038.8 10924.1 10817.4 10741.1
11249.9 11246.9 11250.2 11255.7 11267.8 11270.4 11274 11277.8 11281.3 11283.4 11286.9 11287.3 11283.4 11285.9 11287.5 11286.8 11284.6 11283.5 11287.3 11292.1 11296.7 11300 11300.2 11299 11297.6 11296 11294.9 11297.4 11303.3 11309.5 11312.8 11317.2 11334.3 11337.9 11324.7 11317.7 11314.3 11311 11308.3 11308.2 11311 11316.1 11322 11322.3 11320.5 11323.1 11326.2 11328.4 11331.2 11337.5 11356.9 11379.4 11387.9 11395.8 11427.1 11463.1 11506.2 11568.7 11630.9 11684.7 11665.3 11563 11430.5 11282.5 11160.7 11023.3 10880.4 10783.2
11247.6 11248.3 11257.9 11269.6 11273.9 11274 11276.5 11278.4 11281.3 11284 11286.4 11288.6 11288.8 11288.8 11287.9 11287.7 11287.9 11288.9 11291.8 11294.9 11299.4 11305.9 11306.5 11301.5 11297.2 11293.3 11290.7 11293.3 11299.1 11302.5 11306.1 11313.7 11331.8 11333.9 11316.3 11310.8 11308.5 11308.2 11309.5 11311.8 11316.2 11321 11324.3 11324.7 11322.7 11322.6 11323.6 11323.9 11324.9 11330.3 11347.3 11363.2 11367.1 11378.1 11396.7 11420.1 11448.9 11481.4 11561.4 11626.1 11642.7 11598.2 11534.4 11443.9 11320.4 11152.4 10974.4 10868.6
11248 11253.3 11265.1 11270.1 11269.9 11274.4 11276.9 11278.8 11281.2 11283.2 11286.1 11290.3 11297.1 11292.8 11289 11288.7 11290.1 11292.8 11294 11295 11297.3 11299.8 11299.5 11298.3 11296.6 11294.1 11292.2 11295.8 11300.4 11307.1 11319.2 11339.3 11325.7 11312.2 11307.4 11303.8 11301.8 11305.6 11310.2 11315.7 11320.9 11327.3 11331.2 11332.9 11330.6 11326.9 11323.8 11321.9 11322.2 11327.7 11338.8 11347.2 11349.8 11358.5 11371.1 11387.1 11406.9 11423.8 11499.5 11556.5 11576.2 11618.6 11635.9 11625.4 11510.9 11307.6 11097.6 10982.1
11249.6 11259.7 11276.5 11281.1 11278.1 11277.9 11277 11277.8 11279 11281.3 11283.6 11285.5 11287.7 11288.6 11287.8 11288.3 11289.6 11291.9 11292.4 11292.3 11293.1 11294.3 11293.5 11295.7 11298.1 11298.3 11293.9 11295.2 11302.9 11313.3 11332.2 11334.7 11321.2 11313.3 11305.6 11303.3 11302.7 11305.8 11308.7 11315.3 11324.4 11334.9 11345.7 11346.4 11338.6 11331.3 11324.5 11320.2 11319.5 11324 11333.2 11341.9 11336.7 11345.5 11359.4 11379.3 11402.6 11433 11471.9 11517.5 11568.9 11631.4 11708.2 11773.5 11692.4 11464.1 11236.1 11118.3
11252.1 11269.7 11301.9 11309.1 11290.1 11284 11280.3 11279.3 11279.8 11280.3 11281.6 11281.5 11279.9 11283.8 11285.8 11286.8 11287.6 11288 11287.9 11287.6 11287.6 11287.4 11287.3 11294.5 11302.6 11309.7 11313.3 11310 11307.5 11308.1 11306.2 11319.1 11321.5 11312.3 11306.5 11305.8 11304.2 11307.3 11313.3 11314.9 11323.9 11337.4 11351.9 11353.3 11340.6 11329 11322.1 11317.9 11315 11319.2 11327.1 11331.4 11329.6 11339.1 11354.1 11375.3 11399.2 11425.2 11448.9 11477.8 11512.3 11601.2 11719.9 11832.2 11799.9 11587.2 11375.8 11265.2
11263.3 11281.3 11325.4 11310.4 11294.9 11286 11281.5 11280.3 11280.8 11281.5 11282.3 11283.1 11284.3 11283.3 11284.2 11284.8 11285.2 11285.9 11285.5 11282.5 11280.7 11283.9 11284.4 11295.2 11307.2 11321 11341.5 11324 11310.7 11306.5 11306.1 11309.3 11312.6 11308.6 11306.6 11308.7 11312.3 11299.7 11290.7 11303.9 11317.9 11332.6 11345.8 11347.6 11333.5 11319.8 11318.6 11317.7 11316.2 11318.7 11323.9 11324.7 11328.2 11336.5 11349.7 11368.3 11394.2 11413.4 11425.7 11437.4 11452.7 11546.7 11671.1 11775.7 11783.3 11663.4 11509.1 11410
11268.2 11294.7 11315.6 11286.8 11284.4 11281.8 11280.3 11279.8 11279.9 11281 11282.6 11284.1 11284.8 11284.1 11284 11283.3 11282.8 11282.1 11280.4 11278.4 11274.4 11272.6 11285.5 11297.8 11309.3 11320.1 11324.5 11317.7 11310 11305.8 11304.1 11303.4 11305.4 11302.9 11305.1 11307.9 11309.5 11292 11275 11294.8 11311.4 11324.3 11332.6 11332.5 11327.3 11320.8 11318.4 11318.9 11321.1 11321.7 11322.9 11324.9 11328.3 11334.8 11345 11358.9 11386.6 11404.4 11407.5 11415.3 11431.2 11498.6 11597.4 11682.8 11734 11715 11656.8 11540.2
11278 11315.3 11289.8 11271 11273.6 11275.7 11278.1 11279 11279.3 11280.2 11280.9 11286.6 11286.2 11283.2 11282.9 11282.4 11281.8 11279.9 11277 11280 11281.3 11286.8 11295.5 11302.3 11310.2 11317.1 11318.8 11313.8 11309.9 11305.7 11298.7 11302.9 11302.2 11301.2 11301.8 11304.1 11304.6 11304.9 11301.8 11300.5 11308.7 11317.5 11323.7 11326.3 11323.3 11321 11319.1 11318.1 11321 11320.2 11320.8 11320 11326.9 11333.7 11342 11353 11370 11385.6 11393.6 11402.2 11416.7 11462.3 11527.7 11571.9 11586.7 11688.9 11728.6 11605.7
11286.5 11313.3 11278.5 11272.5 11268.6 11274.4 11280.6 11281.4 11280.1 11278 11276.2 11274.1 11276.5 11279.1 11279.4 11281.8 11282.6 11283.2 11281.2 11288.1 11294.4 11299.2 11300.9 11303.8 11308.7 11314.9 11321.3 11324.4 11315.3 11308.4 11305.8 11300.3 11298 11296.1 11295.6 11298 11303.2 11309.6 11307 11303.8 11307.5 11313.2 11317.3 11317.3 11319.4 11320.5 11316.9 11313.2 11312.2 11316.5 11320.6 11322.4 11327.2 11332.9 11339.9 11349.6 11367.3 11377.4 11385.7 11396.9 11414.3 11444.3 11481.2 11504.3 11516.9 11583.2 11615.8 11593.5
11275.8 11309.8 11297.5 11284.5 11285.7 11290.2 11287 11283.2 11280.2 11276.6 11272.6 11269.1 11271.2 11275.6 11277.2 11280.8 11283.7 11287.3 11295.6 11293 11293.1 11296.5 11297.8 11300.6 11304.5 11309.4 11314.5 11316.5 11312.3 11309.5 11298.1 11286.1 11279 11283.8 11286.3 11288.6 11289.3 11286.9 11292.6 11298.4 11304.3 11310.3 11314.9 11315.4 11316.3 11313.6 11310.6 11309 11308.4 11313.2 11318.9 11324.4 11328.4 11332.8 11338.4 11346 11358.9 11368.4 11379.3 11392.4 11412.7 11437.2 11459.6 11481 11506.3 11559.9 11582.5 11571.4
11261.7 11273.2 11277.6 11280 11296.1 11301.5 11287.2 11281.3 11278.5 11275.7 11271.9 11267 11271.2 11274.2 11278.8 11280.6 11282.7 11284.7 11284.5 11285.7 11287.3 11288 11291.4 11294.1 11297.1 11300.5 11303.7 11307 11317.7 11312.9 11306.5 11286.2 11271.6 11273.5 11276.8 11278.6 11278.9 11278.9 11283.8 11292.8 11301.7 11309.8 11316.5 11321 11319.8 11313.8 11309.2 11308.4 11309 11311.6 11316.3 11324.4 11329.5 11333.5 11337.3 11340.9 11346.3 11359.6 11373.7 11389.7 11409 11429.4 11447.1 11467.7 11498.5 11529.9 11549.2 11547.4
11258.6 11260.9 11263.3 11268.1 11274.7 11276.1 11276.1 11275.4 11275.6 11276.2 11277.4 11275.4 11276.5 11276.9 11279 11281.1 11282 11283 11282.2 11283.1 11283.1 11284.1 11286.3 11289.7 11290.6 11291.2 11291.9 11292 11289 11299.4 11301.5 11282.3 11267 11268.9 11270.9 11271.3 11270.9 11269.9 11279 11289.1 11300.5 11310.8 11320 11327 11326.6 11321 11315.3 11308.9 11307.3 11310.6 11315.6 11324.3 11330.7 11335.2 11338 11339.8 11344.2 11351.6 11365.6 11381.6 11399.4 11417.7 11431.2 11448.7 11474.2 11505.7 11517.6 11527.2
11257.8 11258.7 11261 11261.3 11260.7 11259.9 11264.2 11267.8 11271.3 11276.2 11283.3 11291.5 11283.5 11280.7 11280.9 11281.7 11282.6 11283.4 11284.9 11285 11282.8 11281.1 11282.7 11284.7 11286.1 11285.4 11280.9 11274.1 11271.6 11280.9 11279.4 11270.8 11266.5 11269.3 11269.1 11268 11265.8 11265.3 11275.9 11286.5 11298.7 11311.1 11322.3 11330.3 11332.1 11327.8 11320.4 11312 11309 11311.3 11316.1 11326.6 11333.6 11339.1 11341.6 11338.2 11335.6 11345.3 11359.5 11374.6 11388.4 11400.3 11411.5 11423.1 11435.9 11443.6 11468.7 11491.1
11255 11257 11258.9 11253.4 11250.8 11251.6 11254.9 11260.3 11265.5 11270.4 11276.4 11280.1 11280.7 11279.6 11279.9 11281.3 11282.8 11283.9 11283.5 11281.2 11280.2 11277.9 11281.2 11283.3 11284.2 11283.3 11278.4 11271.9 11284.5 11284.4 11277.2 11273.5 11281.5 11275.1 11270.8 11267.8 11265.9 11267.3 11273.1 11284.7 11298 11311.7 11325 11336.4 11340.8 11333 11322.4 11313.5 11311.7 11314.2 11320.7 11330 11337.7 11344 11350 11351.4 11339.3 11344.3 11356.9 11369.5 11380.5 11388.2 11396.2 11399.8 11397.4 11395.8 11422.8 11445.2
11249 11243.4 11242.2 11241.2 11241.8 11241.4 11247.4 11253.4 11258.3 11261.9 11265.1 11269.4 11273.4 11276.6 11277.9 11280 11282 11283.7 11287.3 11291.6 11288.7 11285.1 11282.1 11283.8 11285.9 11286.8 11285.9 11280.1 11285.9 11286.2 11281.8 11281.9 11280.3 11275.6 11271 11267.6 11265.1 11263.8 11270.3 11282.8 11296.9 11311.6 11326 11338.8 11344.7 11337.8 11327.1 11318.6 11317.7 11318.1 11321.3 11335.8 11342.5 11349 11356.7 11368.1 11354.7 11350.8 11359.9 11368.8 11377.9 11387.1 11390.3 11386 11376 11369.9 11397.3 11422.8
11241.7 11235.2 11235.4 11235.7 11237.6 11241 11244.1 11248.1 11252 11254.8 11254.6 11258.6 11265.7 11271.8 11276.1 11279.5 11282.4 11284.7 11287 11289.7 11284.5 11280.9 11284 11287.6 11291.4 11295.2 11300.3 11309.4 11299.6 11276.7 11278 11275.3 11272.3 11270.8 11268.4 11266.5 11265.6 11264.7 11269.7 11281.3 11295.2 11310 11324.5 11337.1 11344.9 11341.9 11337.8 11334.5 11328.1 11326.6 11328.2 11340.9 11347 11351.5 11355.3 11357.1 11359.3 11362 11365.3 11370.9 11376.4 11382.7 11384.5 11381.8 11377.7 11375.8 11395.1 11411.5
11237.7 11234.4 11234.6 11233.7 11235.9 11237.7 11240.8 11244.6 11247.8 11250.2 11252.4 11255.8 11261.4 11266.4 11270.5 11274.4 11277.3 11279.5 11279.5 11275.1 11270.2 11276.7 11284.3 11288.8 11292.5 11297.2 11304.1 11314.6 11304.2 11271.7 11272.3 11271.2 11266.9 11265.4 11264.9 11264.8 11264.7 11266.1 11270.6 11279.7 11292.4 11306.6 11320.7 11332.9 11340.8 11341.3 11339.7 11337 11332.8 11336.4 11344.3 11346.3 11348.9 11351.4 11353.3 11353.8 11363.3 11368 11369.9 11372.7 11375.6 11377 11379.4 11383.6 11389.3 11393.4 11403.6 11412.7
11237.4 11234.6 11234.1 11235.1 11235.9 11237.3 11239.7 11242.9 11245.4 11247.5 11248.9 11253.4 11258.8 11263.9 11268.7 11273.1 11276.7 11280 11280.7 11276.2 11279.4 11287.1 11289.9 11291.9 11293 11296.6 11297.3 11295 11282.4 11276.9 11267.6 11267.3 11261.1 11261.3 11261.9 11262.5 11263.8 11262.8 11265.1 11276.1 11289.1 11302.7 11316.2 11328.3 11336.9 11339.5 11334.8 11330.6 11330.3 11329.6 11340.9 11347 11348.4 11350.6 11352.9 11355.9 11363.6 11369.4 11371.4 11372.6 11373.7 11374.2 11375.9 11385.8 11399.3 11413.5 11414 11414.2
11238.2 11233.3 11232.9 11234.4 11236.1 11238.3 11240.4 11241.8 11243.9 11245 11246.7 11251.8 11257 11262.4 11267.5 11272.5 11279 11284.3 11291.2 11302 11314.2 11303.4 11296.4 11294.4 11294.1 11292.7 11290.9 11285.4 11275.4 11259.8 11262.5 11262.6 11259 11261.2 11261.5 11260.3 11260 11259.9 11262.2 11273.1 11285 11297.6 11310.8 11323.3 11334.8 11338.4 11338.3 11336.4 11330 11321.8 11337.7 11341.6 11345.4 11349.5 11354 11358.4 11366.1 11372.6 11370.6 11370.8 11372.4 11375.1 11380.3 11383.9 11391.9 11403.6 11411.2 11414.2
11238 11234.1 11234.4 11235.4 11236 11237 11238.3 11239.9 11242.4 11245.2 11249.2 11252.4 11257 11262.3 11267.7 11273.4 11278.7 11285 11295.1 11315.1 11327 11306.3 11296.4 11291.9 11289.8 11288.4 11284.5 11276.8 11265.7 11261.8 11264.6 11264.8 11265.7 11267 11263.2 11258.6 11256.6 11258.9 11265.9 11271.8 11281.4 11292.7 11304.4 11316.2 11325 11331.6 11336.9 11340.6 11333 11324.6 11320.3 11333.6 11341 11346.8 11355 11362.3 11362.1 11362.9 11365.9 11367.6 11370.2 11374.6 11379.8 11379 11378.7 11394.6 11407.2 11411.8
11235.3 11234.5 11234.7 11234.2 11234.6 11234.6 11235.5 11237 11239.6 11242.8 11247.3 11251 11255.7 11261.6 11267.5 11272.8 11279.1 11282.5 11286.5 11284.9 11283.4 11290.3 11289.9 11287.4 11286.1 11281.4 11278.6 11273.9 11268.6 11264.9 11264 11276.4 11283.2 11274.8 11264.9 11256.8 11253.7 11256.2 11260 11267.5 11276.4 11285.8 11296.2 11307.4 11320.1 11327.5 11329.5 11335.2 11331 11329.7 11327.1 11332.4 11338.5 11342.6 11346 11350.9 11355.1 11360.4 11360.1 11361.9 11365.7 11370.8 11375.3 11377.4 11378.2 11391.6 11402.3 11409.1
11233.3 11232.2 11234 11233.5 11232.6 11231.6 11231.3 11233.5 11235.6 11237.2 11240.8 11245.7 11250.8 11256.1 11261.9 11268.8 11274.5 11279.9 11280.3 11272.9 11267.2 11277.7 11283.2 11283.2 11279.7 11277.3 11273.8 11271.4 11273.6 11265.3 11255.2 11261.7 11275.1 11272.6 11263.1 11254.9 11251.8 11254.2 11258.3 11263.7 11270.7 11277.8 11285.1 11292.4 11300.8 11297.1 11283.5 11298.6 11319.3 11327.3 11333.6 11333.6 11336.3 11338.6 11336.6 11339.7 11345.6 11346.8 11350.8 11355.9 11361 11366.6 11373.8 11381.6 11388.2 11397.4 11406.1 11407.1
11233.5 11232.1 11233.2 11232.2 11229.2 11228.7 11229.7 11231.1 11232.6 11233.3 11236.6 11242.8 11249.1 11255.6 11261.7 11268.4 11274.3 11279.6 11281.3 11272.6 11267 11278 11282.6 11281.7 11278.3 11272.7 11268 11263.2 11257.3 11250.2 11251.7 11257.3 11266 11263.4 11257.3 11253.8 11252.8 11253.9 11256 11260.9 11266.2 11270.5 11273.7 11274.8 11269.9 11259.1 11259.4 11282 11312.4 11324.9 11330.2 11333.1 11336.3 11341.3 11341.3 11342.6 11342.5 11340.1 11344.7 11351.5 11357 11362.3 11367.8 11380.2 11394.8 11397.5 11402.4 11400.6
11233.6 11233.1 11231.3 11226.7 11224.5 11225.8 11227.9 11229.6 11230.6 11231.1 11234.5 11240.4 11246.8 11253.4 11259.8 11266.5 11273.9 11282.6 11289.1 11287.9 11291.4 11292.2 11285.9 11278.5 11275.5 11269.3 11262.8 11257.5 11252.2 11250.5 11253.2 11256.2 11250.5 11247.3 11249.4 11250.5 11252.2 11254.6 11258.4 11261.4 11262.3 11263.7 11264.7 11263.3 11258.9 11253.9 11255.7 11277.4 11314.2 11325.2 11324.2 11327.3 11334.1 11346.2 11363.1 11354.6 11346.4 11341.8 11343.9 11349.9 11355.3 11358.8 11362 11371.5 11383.8 11387.9 11383.7 11389.8
11237.3 11234.8 11230.2 11224.8 11220.7 11223.8 11227.3 11228.9 11229.5 11229.8 11233.3 11238.7 11244.7 11250.9 11257.1 11263.5 11271.4 11282.6 11303.8 11321.5 11327.9 11307.2 11289.9 11278.6 11270.6 11263.9 11256.9 11250.7 11244.7 11247.3 11261.2 11257.8 11244.7 11239.5 11244.4 11248.2 11250.9 11253.3 11255.5 11257.2 11258.6 11259.4 11259.5 11258.3 11255.8 11254.2 11255.3 11260.5 11283.3 11285.4 11303.2 11314.6 11325.6 11337.7 11348.3 11351.1 11347.9 11347.1 11349.3 11351.7 11354.9 11357.2 11359.8 11365.8 11375.1 11378.3 11380 11381.3
11234.2 11232.9 11229.7 11225.9 11223.7 11223.6 11226 11227.7 11228.4 11230.4 11233.1 11237.9 11243.5 11249.4 11256.1 11262.3 11267.3 11272.7 11280.2 11308 11310 11296.8 11283.7 11273.6 11266.6 11260.4 11254.2 11249.5 11247.5 11252.1 11263 11250 11243.4 11242.1 11242.5 11247 11249 11250.8 11251.9 11252.4 11254.7 11255.8 11256.5 11255.1 11254 11254.6 11255.3 11254.5 11259.8 11265.3 11283.1 11299.7 11313.2 11322.6 11328.6 11339.8 11345.7 11350.4 11353.3 11353.2 11353.9 11356 11360.7 11369.2 11369 11369.3 11370.9 11371.9
11228.5 11228.2 11229.3 11229.5 11223.5 11223.4 11225.3 11226.6 11226.9 11228.6 11232.3 11238.1 11244 11250.1 11255.2 11259.8 11263.9 11263.8 11260.5 11277.6 11279.5 11274.1 11270 11265 11260.9 11257.1 11254 11250.8 11249.1 11256.2 11242.3 11240.8 11238.4 11235 11241.4 11245 11247.7 11248.8 11249.6 11250.6 11251.4 11252.7 11253.7 11254.3 11254.2 11253.9 11254.7 11254.6 11256.9 11262.4 11275 11290.1 11305.2 11317.1 11322.4 11335 11342.1 11347.1 11350.2 11352 11351.3 11351.5 11353.3 11355.3 11357.2 11357.7 11357.4 11360.6
11230.7 11226.8 11228.2 11229.3 11225 11224.4 11226 11227.1 11227 11226.7 11233 11239.7 11245.8 11252.1 11257.1 11262.2 11266 11267.9 11270.1 11274.7 11263.2 11256.6 11256.9 11257.1 11256 11255.4 11254.3 11255.5 11253.8 11247.9 11240.3 11237.5 11238.1 11243.5 11244.3 11247.3 11247.3 11247.3 11246.7 11245.7 11248.6 11250.9 11252.9 11254.5 11255.1 11254.5 11254.5 11254.6 11254.7 11258.2 11269 11282.1 11297.4 11321.2 11338.4 11331.4 11335.7 11342.7 11348 11348.7 11346.3 11344.8 11343.5 11344.4 11345.3 11347.7 11348.1 11352
