real_craters/C129-300m.grd
DSAA
270 270
-40.39 40.39
-40.39 40.39
10358.421752172 11849.026095958
[rows 120 to 149 of 270, columns 67 to 133 of 270]
11347.9 11352.5 11355.9 11357.3 11361.8 11365.9 11370.3 11374.8 11379.4 11383.3 11388.3 11393.8 11399.3 11402.4 11407.5 11415.7 11426.1 11439.5 11454.8 11467.5 11474.1 11487.6 11507.9 11535.6 11592.6 11648.4 11688.2 11712.7 11705.1 11649.9 11573.3 11487.1 11399.9 11350.7 11314.1 11255.8 11192.9 11132.4 11080.3 11021.6 10963.1 10904.6 10846.4 10789.1 10733.4 10680.4 10631.6 10590.7 10558 10538.8 10526.9 10559 10563.4 10568 10572 10573 10574.1 10573.8 10569.3 10565.8 10561.9 10554.5 10547 10537.2 10527.6 10517.2 10505.8
11353.6 11356.9 11359.9 11361 11364.6 11367.9 11372.1 11376.3 11380.2 11385.3 11387.5 11392.3 11398.2 11405.1 11412.5 11420.3 11433 11449.7 11470.1 11473.3 11475.8 11492 11510.7 11530 11579.4 11637.6 11675.6 11693.4 11682 11633.9 11565.9 11492.2 11426.8 11421.9 11391.6 11284.6 11195.1 11121.3 11061.6 10999.3 10938.7 10879.1 10820.4 10762.7 10706.6 10653 10603.2 10560.9 10528 10511 10497.7 10498.2 10541.9 10546.2 10550.2 10553.2 10554.9 10555.3 10553.1 10550.5 10545.9 10538.4 10531.7 10524.5 10513.4 10503.6 10493.4
11357.8 11359.8 11363.5 11364.5 11367.4 11370.5 11372.9 11376 11379.7 11383.7 11388.5 11392.8 11398.3 11404.6 11412.3 11421.6 11433.7 11449.9 11470.5 11475.5 11479.9 11496.4 11516.9 11535.3 11576.4 11630.6 11665 11676.7 11663.3 11617.1 11554.1 11490.3 11442.6 11414.1 11369 11264.7 11173.9 11099.9 11032 10973.7 10912.6 10853.2 10794.5 10736.9 10681 10627.4 10577 10533.2 10501.7 10486.9 10472.4 10479.5 10523 10527.5 10531.6 10534.9 10537 10537.5 10537 10535.2 10532 10525.6 10520 10513.3 10505.2 10493.9 10483.9
11358.6 11359.3 11360.9 11366.2 11369.3 11371 11373.8 11376.9 11380.7 11384 11388.7 11393.3 11399.1 11405.2 11412 11420.2 11430.2 11440.6 11450.8 11466.6 11482.5 11499.9 11521.4 11540.7 11594.4 11637.5 11661.3 11665.4 11645.7 11599.1 11533.4 11464.1 11401.4 11339.4 11268.6 11201 11131.7 11067.7 11004.8 10948 10888.8 10829.7 10771.4 10714.3 10659.9 10606.8 10556.2 10511.9 10482.4 10467 10462.4 10463.2 10508.1 10512.9 10517.1 10520.6 10521 10522.2 10522.1 10520.9 10518.3 10513.6 10508.6 10502.9 10497.2 10488.8 10477.6
11357.8 11359.7 11362 11364.1 11370.6 11372 11374.5 11377.7 11380.9 11384.9 11390 11394.4 11399.9 11405.8 11411.2 11418.8 11425.9 11432.8 11437.7 11459.8 11481.8 11502.2 11523.6 11553.5 11627.6 11650.3 11661.7 11658.6 11636.1 11583.2 11505.4 11419.8 11337.7 11262.7 11185.7 11137 11087 11033.1 10977.9 10919.7 10862.4 10804.1 10746.6 10690.4 10636.5 10585.4 10537.9 10497.6 10470.1 10449 10446.9 10447.8 10446.8 10496.6 10500.5 10503.9 10506.4 10508 10509.8 10509.4 10507.8 10505.5 10501.6 10496.6 10489.7 10483.4 10474.6
11359 11359.4 11364 11373.7 11373.7 11373.1 11375.1 11377.7 11381.2 11385 11389.5 11394 11400 11406.2 11412.8 11419.3 11425.6 11432.1 11443.9 11462.9 11486.1 11508 11529.3 11567.1 11640.1 11655.1 11659.1 11652.3 11629.6 11569.5 11474.4 11372.6 11282.4 11208.7 11141.4 11095.2 11052 11004.5 10951.6 10898 10841.3 10784 10727.2 10672.3 10618.9 10569 10523.8 10486.1 10459.3 10440.2 10432.7 10431.8 10429.9 10485.5 10489.5 10493 10495.9 10498 10499.1 10499.3 10496.5 10494.5 10491.4 10492.7 10487 10482.2 10473.9
11359.9 11360 11363.7 11369.1 11371.7 11372.9 11375.3 11377.6 11380.6 11383.8 11389.3 11393.9 11400.4 11406.4 11413.9 11420.6 11427.8 11435 11445.2 11471.7 11494.7 11519.2 11542.4 11582.6 11634.2 11646.3 11648.7 11641.3 11617.7 11552.8 11441.5 11324.2 11233.9 11171.1 11115 11072.2 11030.9 10984 10932.7 10879.2 10823.5 10766.8 10712.5 10656.8 10603.5 10554.1 10510.2 10473.5 10447.1 10429.9 10419 10418.4 10417.3 10473.1 10476.7 10480.9 10483.8 10486 10487.5 10488.1 10487.8 10487 10484.9 10482 10479.5 10475.6 10469
11359 11363.6 11364.2 11363.5 11367.6 11371.6 11374.5 11377.7 11381.2 11384.6 11389 11393.7 11399.4 11405.6 11413.2 11421.4 11431.5 11444.2 11463.4 11490.4 11516.6 11535.7 11545.3 11570.7 11613.3 11628.5 11631.9 11624.1 11597.7 11530.9 11407.9 11279 11195.4 11146.6 11107.1 11066.8 11020.4 10970.1 10918.2 10863.5 10807.8 10751.1 10696.3 10640.5 10587.3 10538.5 10495 10459 10432.8 10417.8 10406.5 10407.4 10408.2 10408.3 10466.6 10470 10473 10475.5 10477.2 10478.3 10476.3 10475.8 10476.2 10474.3 10471.7 10468.4 10466.8
11357.9 11365.9 11365.4 11363.6 11366.4 11370.8 11373.8 11376.7 11379.9 11383.6 11387.5 11392.6 11398.9 11405.2 11413.3 11423 11435.2 11451.7 11475.9 11508.3 11546.1 11549.7 11540.4 11553.3 11588.5 11607.4 11612.3 11603.6 11573.8 11505.8 11378.5 11244.4 11170.3 11131.2 11102.5 11063.9 11012.3 10961.6 10907.4 10850.5 10793.1 10735.9 10681.1 10625 10571.5 10522.7 10478.9 10442.6 10416.6 10404.7 10394 10397.2 10395.8 10395.9 10457.3 10460.6 10462 10464.3 10467 10468.3 10469.1 10469.3 10469 10470.3 10469.1 10467.3 10465.5
11360.3 11363 11364.5 11365.6 11368.3 11371 11372.6 11375 11377.9 11381.4 11385.6 11390.2 11395.9 11402.8 11411.8 11422.5 11437 11454.1 11478.5 11509.2 11538.6 11545.4 11543.4 11554.5 11575.2 11589.8 11594.4 11584.5 11551.8 11483.9 11359 11226.7 11160 11121.5 11087.4 11046.3 11001.9 10952.9 10899.6 10842.5 10780.8 10725.3 10667.4 10610.9 10558.1 10508.7 10463.3 10426.7 10403.8 10391.7 10386.6 10384.6 10382.1 10382 10449 10452.1 10454.8 10457.2 10459.2 10462.6 10463.8 10464.7 10465.1 10465.3 10465.5 10465.2 10463.6
11358.9 11358.5 11361.7 11367.3 11371.5 11370.3 11370.3 11372.3 11374.8 11377.8 11381.2 11385.9 11391.9 11399.2 11408.1 11420.2 11435.9 11456.8 11478 11500.4 11518 11528.3 11538.5 11555.6 11569.6 11579.1 11581 11569.3 11536.9 11473.5 11353.1 11228.8 11165.2 11123.8 11083.2 11038.2 10997.9 10949 10891.7 10832.3 10773.1 10712.2 10653.4 10596.4 10543.4 10493.4 10447.2 10411.8 10392.1 10379.6 10374.4 10372.3 10370 10438.3 10441.6 10444.7 10449 10451.6 10453.9 10455.9 10457.7 10459 10460.1 10461.1 10462 10467.6 10468.5
11348.9 11350.4 11356.4 11362.3 11366.1 11366.3 11367.1 11368.5 11370.5 11373.2 11376.7 11380.8 11386.7 11393.7 11402.7 11414.3 11429.4 11449.7 11469.2 11489.8 11509.8 11520.7 11523.2 11550.7 11566.4 11575 11575.7 11562.8 11530.6 11470.2 11358.6 11241.9 11183.6 11141.8 11102.7 11059.3 11009.7 10950.5 10886.8 10823.6 10758.8 10696.3 10637.1 10583.6 10530.2 10481.8 10434.1 10400.3 10381.9 10370 10366.8 10366 10362.1 10434.3 10437.7 10440.9 10443.8 10446.3 10448.5 10450.5 10452.3 10458.7 10460.3 10462 10463.7 10467.8 10470.2
11345 11346.4 11351.5 11354.4 11356.5 11360 11362.5 11364.7 11367.1 11369.5 11372.8 11377.1 11382.4 11388.6 11395.6 11405 11417.4 11433.6 11453.3 11475 11497.3 11515.8 11526.3 11555.3 11568 11574.7 11575.9 11563.4 11534.5 11481 11378.6 11270.9 11212.5 11169.9 11133.2 11092.5 11029.5 10958.3 10886.8 10818.1 10752 10687.7 10627.9 10572.4 10518.6 10472.5 10426.7 10395.3 10376.2 10365.9 10362.5 10359 10364.4 10365.2 10435.9 10439 10441.7 10444.2 10450.2 10452.5 10454.5 10456.5 10460.5 10462.5 10464.6 10467 10471.3
11341.3 11344.7 11348.3 11350.2 11353 11355.8 11357.5 11359.4 11361.4 11363.5 11367.5 11371 11375.8 11381.6 11388.3 11395.5 11403.5 11413 11436.2 11458 11477 11494.4 11517.2 11554.2 11570 11579.4 11583.2 11573.5 11547.4 11500.7 11407.9 11308.3 11247.1 11198.4 11158.6 11119.8 11043.5 10955.8 10876.7 10804.5 10737.7 10675.4 10616.7 10561 10509.1 10465.5 10421.6 10392.7 10375.6 10364.6 10361.7 10358.7 10358.4 10373.8 10435.7 10441.4 10444.4 10447 10449.4 10453.3 10455.4 10457.4 10459.4 10462.7 10465 10467.6 10471.6
11337.3 11344.3 11346.6 11348 11351.5 11352.8 11354.1 11356 11358.3 11361.3 11364.3 11367.9 11372.3 11376.6 11382.4 11388.3 11395.2 11404.7 11424.5 11444.4 11463.7 11484.3 11514.1 11546.9 11570.8 11586 11593.4 11591.9 11571.9 11526.2 11440.6 11353.7 11284.3 11220.4 11165.1 11115 11030.5 10937 10857.1 10787.1 10725.1 10664.5 10607.3 10553.5 10503.2 10460.3 10418 10391.1 10375.1 10365.1 10362.3 10360.6 10361.6 10383.2 10438.2 10441.4 10445.3 10448 10450.4 10452.6 10455.3 10457.2 10459.2 10461.9 10464 10466.5 10469.6
11341 11343.3 11344.2 11344.8 11346.4 11348.2 11350.1 11352.2 11354.6 11357.3 11360.3 11363.9 11367.6 11371.5 11376.4 11382.7 11391.5 11403.4 11416.9 11434 11452.3 11474.7 11504.2 11541.9 11573.2 11595.9 11610.5 11617.3 11608.8 11572.9 11511.7 11421 11323.2 11233.7 11150.4 11068.8 10981.8 10901.3 10830.4 10765.7 10706.8 10649.5 10595.9 10545.8 10498.7 10458.2 10418.8 10393.2 10377 10367.3 10365.6 10362.9 10367.3 10386.7 10389.8 10442.3 10445 10448.9 10451.1 10453 10455.1 10456.7 10458.3 10460 10461.4 10463.4 10466.1
11333.8 11338.3 11340.1 11340.9 11343.1 11344.5 11345.4 11347.3 11349.8 11352.7 11355.5 11358.7 11362.2 11366.2 11371.3 11376.9 11384.3 11395.2 11409.8 11426.2 11444.7 11467.4 11500.2 11542.9 11579.7 11608.2 11630.6 11650.6 11654 11630.7 11588.6 11479.3 11353.9 11239.8 11129.7 11018.4 10924.5 10859.6 10800.4 10744.9 10689.1 10636.4 10587.8 10540 10496.4 10459.1 10423.9 10397.1 10380.4 10370.4 10372.8 10370.8 10377.9 10391.9 10394.4 10446.1 10448.4 10450.4 10451.8 10453.2 10454.4 10454.6 10456.6 10457.6 10457.7 10458.9 10460.7
11331.4 11336.1 11335.6 11336 11337.3 11338.2 11340 11342.5 11345.5 11348.7 11351.8 11355 11358 11361.6 11365.3 11370.4 11377.8 11388.6 11402.9 11420.2 11441.6 11467.1 11502.9 11546.2 11585.1 11620.3 11650.7 11685.4 11697.5 11681.1 11614.4 11497.5 11368.8 11242.3 11117.8 10994.8 10893.7 10832.2 10779 10725.7 10676.7 10627.2 10579.2 10536.1 10494.4 10460.9 10429.6 10402 10385.2 10379.7 10382.5 10380.4 10386.6 10387.8 10397.9 10401.3 10452.3 10453.8 10454.8 10455.6 10456.1 10455.2 10455.3 10455.4 10454.1 10454.4 10455
11326 11328.1 11330.3 11330.6 11330 11330.5 11334.4 11337.8 11341 11344.6 11347.7 11351 11354 11357.6 11361.2 11365.6 11371 11382.4 11396.7 11413.1 11433.5 11461.9 11508.6 11550.4 11591.7 11631.3 11669.8 11700.6 11735.1 11724.5 11643.8 11505.2 11374.4 11246.8 11119.1 10996 10891.2 10824.2 10769.6 10716.3 10666.1 10618.5 10572.8 10531.8 10494.1 10460.3 10431.3 10405.9 10392.4 10388.6 10387.9 10391 10394.1 10395.4 10403.5 10405.6 10455.7 10456.5 10455.9 10457.6 10457.3 10455.1 10454.3 10453.2 10450.4 10449.3 10449
11324.8 11326.3 11327.8 11327.8 11326.8 11327.5 11331.2 11334.4 11337.6 11340.6 11343.8 11347 11350.3 11354.1 11358 11362.6 11367.3 11379 11392.5 11406.8 11422.5 11450 11508.6 11553.5 11595.3 11640.5 11683 11720.6 11763.9 11757.2 11655.3 11505.6 11380.9 11256.7 11131.4 11009.8 10902.9 10829 10769.5 10714.8 10663.2 10616.4 10571.5 10531.8 10495 10460.9 10433.7 10412.4 10402.1 10398.8 10397.6 10400.1 10402.5 10403.4 10408.7 10412.4 10413.7 10462 10461.6 10459.1 10457.8 10457.2 10453.6 10451.3 10448.8 10446.6 10442.2
11326.8 11327.2 11327.6 11327.8 11327.4 11327.8 11330.8 11332.8 11335.3 11338 11340.9 11344 11347.3 11351.6 11356.4 11363 11369 11379.3 11391 11405.2 11422.1 11449.3 11506.7 11548.6 11594.4 11642.1 11688.6 11732.2 11780.5 11787.5 11684.5 11517.3 11395.1 11274.3 11151.5 11031.7 10923 10841.2 10775.9 10717.3 10663.8 10619 10575.2 10535 10500.7 10466.9 10438.1 10422.1 10413.2 10409.5 10409 10410.2 10409.9 10412.7 10416.8 10421.8 10423.1 10423.2 10466.9 10465.1 10461.4 10458.6 10455.3 10449.4 10445.4 10441.7 10435.9
11327.9 11328.7 11330 11329.6 11330 11332.8 11332 11332.4 11334.3 11336.9 11339.5 11342.6 11346.2 11350.3 11355.5 11363.5 11375.8 11380.2 11390.4 11404.6 11423.9 11447.8 11490 11537.9 11588 11638.5 11686.8 11731.3 11774.8 11781.6 11688.3 11537.9 11419.5 11300.1 11178.1 11058.6 10948.3 10859.9 10787.9 10725.5 10671.2 10623.9 10581.7 10541.8 10510.2 10477.6 10448.9 10434.4 10425.6 10420.8 10422.8 10423.6 10423.3 10425.9 10426.6 10430.4 10435.3 10434.4 10472 10469.2 10465.8 10459.9 10455.3 10450.1 10443.6 10438.4 10430.6
11330.8 11334.1 11333.2 11331.1 11330.4 11330.8 11330.7 11332 11334.2 11336.9 11339.3 11342.3 11345.8 11349.7 11354 11358.6 11364.8 11377.9 11389.8 11402.9 11417.3 11442.6 11476.4 11528.1 11580.3 11629.9 11677.1 11718.2 11747.3 11746.9 11676.3 11563.3 11451.7 11332.5 11209 11087 10975.3 10879.2 10800.7 10735.8 10681.2 10632.5 10589.7 10550.7 10519.8 10489.2 10460.8 10448.6 10439.3 10436.2 10437.9 10437.8 10438.3 10439.4 10440.2 10446.3 10450.3 10449.5 10448.3 10476.4 10471.9 10465.2 10459.3 10452.7 10443.8 10435.9 10428.2
11333.6 11332.6 11331.8 11331.9 11329.9 11326.9 11328.2 11331.6 11334.6 11337.5 11340 11342.8 11346 11349.8 11353.8 11358.9 11366.4 11377.8 11390.5 11404.4 11420.4 11449.7 11484.2 11527.8 11573.1 11618.8 11662.3 11700.3 11726.4 11729.5 11679.8 11596.4 11489.7 11370.2 11242.4 11113.8 10994.3 10891.4 10811 10746.4 10691.9 10644.7 10602 10563.4 10529 10497.3 10473.3 10463.9 10456 10451.6 10454.3 10452 10454.8 10455.2 10455.8 10463.1 10461.8 10462.3 10459.8 10455.6 10478.5 10472 10463.1 10455.1 10444.7 10436.1 10426.2
11337 11336.1 11335.6 11335.6 11332.8 11329.2 11329.5 11332.6 11335.5 11337.9 11340.3 11342.8 11345.9 11349.8 11354.9 11361.2 11369.3 11379.6 11392.1 11407.6 11424.6 11451.9 11490.9 11526.3 11564.5 11605.6 11645.3 11680.4 11705.9 11716.2 11689.4 11626.3 11532.7 11412.9 11278.4 11139.4 11006 10894.5 10819 10758.4 10707 10662 10620.7 10582.3 10543 10507.7 10491.5 10482.4 10476.2 10470.8 10472.1 10471.4 10468.9 10471.3 10470.1 10479.8 10477.4 10474.4 10472.7 10467.5 10462.8 10480.2 10470 10460.8 10448.8 10438.8 10426.7
11340.5 11343.3 11345.3 11342.7 11338.4 11335.4 11334.8 11335.9 11337.6 11339.2 11341 11343.3 11346 11349.8 11355.6 11364.8 11371.9 11380.2 11392.3 11408 11425 11450.9 11480.7 11515.7 11552.7 11591.1 11628.2 11660.9 11688.8 11705.5 11704.9 11672.7 11585.9 11461.2 11318.5 11169.6 11022.5 10901.2 10830.1 10775.5 10727.8 10686.1 10648.2 10614.2 10577.6 10542.2 10522.5 10509.3 10500.8 10494.2 10490.5 10493.4 10490 10495.4 10489.4 10486.5 10491.5 10487.7 10479.6 10478.4 10471.4 10465.1 10477.4 10466.9 10453.8 10443.1 10430.5
11340.8 11347.1 11353.7 11347.8 11342.7 11340.2 11339.1 11339.4 11339.9 11340.5 11341.5 11342.8 11345 11348.2 11353 11359.8 11368.5 11378 11389.5 11403 11415.5 11445.2 11472.3 11503.7 11539 11575.8 11611.7 11643.1 11666.4 11686.2 11722.9 11730.8 11644 11511.6 11362.7 11208.2 11055.8 10927.3 10854.8 10800.8 10754.5 10715.6 10680.9 10654.4 10634.2 10600.8 10563.2 10540.6 10529.8 10521.4 10513.4 10518.6 10514.3 10513.3 10509.8 10507.5 10503.3 10502.3 10492.6 10486.9 10481.7 10474.5 10465.3 10475.9 10463.5 10450.2 10436.6
11334.3 11341.4 11348.1 11345.8 11342.9 11342.1 11342 11342.8 11342.1 11341.4 11341.4 11341.9 11343.5 11345.8 11349.3 11353 11363.4 11374.2 11385.4 11396.8 11404.4 11433.8 11458.9 11487.8 11523.4 11560.9 11597.4 11630.2 11655.9 11687.6 11735.2 11755 11683.8 11555.2 11407.4 11254.1 11104.1 10974.8 10895.5 10838.4 10790.4 10748.7 10713.4 10687.8 10671.5 10640.1 10597.7 10571.8 10556 10550.5 10541.8 10539 10539.9 10536.4 10530.1 10526.7 10522.4 10520.6 10512.2 10502.9 10495.5 10487.8 10477.5 10466.6 10475.4 10460.2 10445.8
11322.6 11329.1 11336 11336.1 11338.3 11343.3 11348.2 11346.2 11343 11341.1 11340.4 11340.5 11341.8 11344.1 11346.8 11351.5 11360.7 11370.9 11381.4 11391.7 11401.6 11425.5 11446.3 11472.4 11508.1 11546.8 11585.5 11621.7 11653.5 11693.6 11739.7 11761.1 11704.4 11587.5 11448.6 11302 11159.4 11034.4 10946.7 10884.5 10830.4 10784 10743.7 10710.3 10680.3 10648.7 10619.9 10597.1 10589.3 10577.8 10570.7 10565.6 10566.4 10560.3 10555 10551.8 10545.9 10538.1 10532.1 10522.3 10513.9 10502.2 10493.6 10480.4 10489.3 10473.8 10459.1
11311.5 11314.9 11314.7 11320.6 11330.3 11339.8 11347.3 11345.1 11341.7 11339.7 11338.8 11339.1 11340.4 11342.8 11345.9 11350 11360 11369.4 11378.4 11386.8 11397.5 11417.2 11435 11457.7 11494.2 11533.7 11574.5 11614.4 11649.3 11692.2 11735.5 11753.1 11709.5 11609.5 11483.9 11348.8 11214.9 11093.5 11001.9 10934.6 10875.6 10823 10775.4 10733.6 10696 10664.5 10641 10622.3 10613.6 10602.5 10594.1 10588 10593.7 10588.2 10581.5 10575.3 10571 10563.7 10554.6 10547 10536.1 10526 10512.8 10502.2 10487.9 10490.7 10476.5
