real_craters/C129-1000m.grd
DSAA
47 47
-23.08 23.08
-23.08 23.08
5278.4426297759 7155.9708424756
6314.33 6312.91 6337.59 6363.6 6375.06 6379.56 6361.16 6344.95 6363.07 6378.29 6388.91 6399.19 6402.25 6413.76 6420.68 6430.68 6444.23 6456.08 6470.83 6479.91 6493.71 6506.07 6519.12 6523.11 6480.21 6474.1 6479.45 6480.52 6487.83 6487.22 6468.87 6458.42 6407.09 6343.02 6329.57 6407.51 6391.95 6412.57 6391.88 6386.49 6365.86 6344.67 6336.35 6346.86 6362.09 6353.03 6367.62 
6335.43 6356.11 6354.81 6350.42 6368.69 6372.91 6371.45 6367.97 6370.24 6383.06 6396.57 6398.68 6399.16 6398.49 6406.94 6422.62 6438.16 6455.75 6475.6 6489.19 6509.86 6526.93 6517.75 6513.7 6515.54 6514.45 6504 6497.84 6511.22 6515.66 6535.24 6528.08 6466.92 6364.5 6366.32 6455.02 6483.43 6474.87 6469.7 6426.6 6386.54 6352.14 6341.33 6347.63 6363.09 6361.27 6363.58 
6383.27 6393 6380.48 6376.39 6373.96 6372.73 6370.29 6376.77 6376.59 6381.75 6396.63 6401.05 6400.49 6401.83 6407.84 6421.67 6440.73 6466.14 6483.21 6505.57 6532.01 6562.29 6597.35 6571.42 6550.56 6559.08 6581.96 6549.79 6533.26 6539.47 6503.37 6517.8 6493.59 6437.92 6415.13 6455.46 6489.44 6502.32 6492.03 6441.85 6395.44 6362.86 6345.02 6345 6344.31 6360.43 6380 
6381.35 6394.76 6402.54 6398.65 6389.22 6382.88 6380.46 6392.79 6388.3 6401.84 6408.55 6408.84 6406.85 6405.67 6408.51 6425.7 6443.99 6463.37 6487.98 6521.79 6552.86 6589.84 6622 6611.74 6586.68 6585.72 6579.39 6546.8 6530.51 6515.12 6492.49 6518.34 6486.55 6470.21 6481.54 6507.63 6534.87 6540.77 6489.1 6439.96 6398.74 6380.7 6355.79 6347.47 6353.08 6383.63 6405.87 
6397.4 6432.63 6426.6 6418.91 6415.61 6408.16 6395.81 6399.22 6398.44 6387.49 6409.46 6417.61 6418.11 6416.13 6416.91 6434.17 6451.45 6463.75 6493.66 6531.02 6566.51 6605.38 6633.42 6629.27 6622.63 6606.76 6579.57 6549.51 6527.73 6500.97 6501.26 6494.78 6478.35 6491.78 6502.24 6526.96 6687.3 6657.41 6477.65 6429.17 6387.26 6358.62 6348.29 6357.52 6374.21 6485.13 6484.84 
6436.46 6457.71 6453.23 6451.24 6455.24 6452.33 6437.69 6421.23 6423.3 6410.94 6424.18 6431.44 6436.16 6435.74 6440.26 6450.95 6465.41 6479.71 6505.79 6541.49 6574.78 6609.69 6641.3 6654.72 6636.08 6624.14 6622.13 6592.36 6555.99 6524.25 6515.64 6512.67 6491.03 6521.01 6520.48 6518.45 6563.25 6540.28 6490.93 6431.62 6376.24 6338.46 6346.24 6369.06 6384.27 6448.78 6495.95 
6472.48 6480.09 6496.25 6495.5 6496.68 6504.96 6519.9 6524.72 6493.92 6471.51 6454.9 6459.15 6460.72 6457.81 6456.76 6467.39 6482.56 6496.48 6519.65 6555.74 6585.42 6616.61 6637.35 6653.62 6634.7 6598.34 6621.78 6640.79 6615.02 6580.42 6551.27 6543.65 6512.48 6524.48 6520.11 6515.61 6506.79 6500.34 6477.8 6440.71 6400.67 6369.25 6377.41 6398.13 6417.17 6457.45 6460.92 
6478.91 6492.77 6525.03 6520.21 6530.16 6557.33 6587.53 6637.43 6572.61 6509.67 6495.16 6491.47 6490.28 6483.59 6484.23 6492.09 6506.72 6526.04 6551.72 6584.93 6609.57 6638.13 6671.42 6654.01 6646.73 6621.28 6625.55 6650.16 6677.15 6644.28 6601.22 6592.07 6560.03 6530.85 6536.64 6529.7 6510.76 6491.51 6482.05 6456.22 6432.99 6424.78 6414.94 6432.65 6453.08 6481.42 6467.56 
6475.52 6497.63 6496.43 6537.68 6574.78 6608.01 6635.66 6650.95 6612.12 6563.67 6541.89 6524.29 6516.26 6511.95 6513.89 6520.39 6542.79 6565.24 6597.44 6624.27 6664.89 6683.46 6656.19 6671.72 6681.88 6691.21 6654.68 6645.23 6642.49 6644 6625.17 6641.07 6667.81 6604.17 6584.55 6550.78 6519.99 6512.25 6487.97 6461.53 6435.54 6424.82 6432.01 6448.22 6462.06 6459.79 6455.92 
6470.5 6521.91 6531.87 6570.53 6613.61 6655.05 6706.88 6763.13 6707.52 6642.08 6583.41 6553.02 6541.29 6543.55 6542.02 6549.54 6585.87 6605.15 6581.94 6667.88 6725.15 6761.62 6765.68 6754.75 6751.59 6719.36 6682.86 6681.98 6623.72 6656.32 6704.24 6723.71 6672.09 6699.92 6629.4 6578.86 6531.8 6493.96 6480.61 6463.3 6448.05 6440.92 6444.39 6454.38 6458.53 6441.43 6429.69 
6461.45 6518.49 6586.48 6627.88 6654.89 6679.47 6722.92 6805.83 6810.82 6691.72 6604.84 6577.76 6573.11 6581.83 6585.93 6606.09 6656.11 6675.9 6698.95 6757.88 6785.91 6841.29 6966.5 6908.5 6913.85 6891.82 6939.75 6810.04 6732 6700.62 6680 6692.03 6691.17 6701.77 6647.16 6608.15 6573.98 6499.2 6469.97 6463.4 6454.38 6449.67 6451.42 6450.21 6445.74 6420.49 6403.02 
6443.24 6498.79 6621.22 6684.75 6684.13 6674.86 6663.24 6647.23 6859.4 6767.96 6616.38 6596.15 6608.52 6598.06 6622.91 6646.56 6735.76 6819.94 6925.88 6864.04 6753.02 6709.65 6751.39 6912.35 7115.66 7155.97 7076.5 6917.48 6789.92 6789.36 6761.22 6761.51 6725.31 6664.31 6637.39 6605.91 6592.51 6559.78 6496.47 6479.67 6459.29 6455.93 6451.78 6445.9 6435.95 6404.94 6415.29 
6435.13 6483.03 6637.74 6726.99 6707.45 6684.02 6663.3 6641.94 6855.14 6772.83 6620.16 6618.27 6646.65 6685.2 6694.77 6731.91 6797.04 6839.25 6918.88 6787.69 6593.76 6452.56 6365.17 6564.42 6799.84 6847.97 6869.43 6900.21 6990.91 6924.5 6912.29 6770.96 6741.73 6669.85 6621.15 6604.47 6586.16 6548.2 6518.02 6505.31 6505.71 6476.77 6456.69 6442.33 6426.02 6410.58 6399.68 
6438.63 6492.91 6629.35 6711.95 6705.39 6701.49 6724.18 6794.14 6873.27 6723 6642.24 6652.49 6676.61 6729.16 6809.55 6883.15 6849.99 6710.41 6532.25 6379.3 6316.38 6268.65 6191.03 6205.16 6259.1 6309.28 6378.28 6509.98 6675.05 6884.11 6972.23 6805.84 6693.39 6659.61 6613.9 6596.41 6574.65 6558.22 6529.53 6509.63 6500.12 6478.43 6457.78 6441.7 6427.1 6429.65 6429.68 
6440.09 6493.24 6575.57 6643.82 6677.73 6709.89 6742.58 6789.41 6749.81 6696.34 6674.77 6667.22 6682.19 6726.62 6827.42 6938.31 6777.03 6523.64 6274.05 6113.92 6071.68 6014.22 5957.32 5941.83 5953.63 6041.79 6072.29 6149.3 6360.06 6697.52 6988.7 6950.9 6766.33 6682.37 6621.08 6612.4 6620.84 6581.39 6530.76 6506.96 6478.99 6471.41 6456.18 6440.77 6430.05 6458.65 6490.68 
6433.99 6456.12 6511.18 6556.8 6605.91 6647.35 6677.11 6695.68 6693.86 6668.29 6656.68 6637.15 6633.34 6638.39 6649.74 6600.64 6460.66 6288.03 6117.28 6007.47 5860.7 5842.89 5849.38 5774.39 5838.35 5833.25 5863.43 5891.34 6068.91 6313.45 6614.48 6952.33 6937.72 6813.88 6719.74 6640.89 6580.98 6573.25 6534.72 6510.15 6499.87 6471.74 6456.36 6449.8 6450.65 6470.54 6489.45 
6437.56 6459.31 6468.5 6488.97 6542.48 6588.7 6623.48 6652.24 6685.37 6687.74 6608.7 6595.96 6590.16 6542.09 6489.17 6327.59 6168.48 6043.93 5850.98 5652.11 5596.52 5525.98 5501.18 5559.12 5555.05 5609.38 5680.16 5767.79 5896.38 6054.31 6278.01 6598.81 6965.31 6914.67 6829.09 6675.49 6566.82 6561.63 6509.39 6484.49 6476.11 6464.77 6455.69 6450.12 6454.77 6468.87 6474.05 
6438.2 6447.64 6460.25 6477.03 6521.71 6558.26 6590.04 6623.86 6678.26 6645.18 6631.24 6626.36 6582.95 6469.22 6358.82 6200.82 6032.19 5848.67 5643.41 5459.97 5413.23 5390.65 5405.77 5427.87 5432.57 5456.06 5517.43 5605.9 5760.02 5961.66 6089.51 6294.6 6721.5 6825.4 6774.4 6712.41 6600.44 6572.36 6536.58 6479.35 6463.65 6463.94 6452.57 6442.66 6451.11 6469.68 6477.32 
6436.98 6444.79 6470.6 6502.21 6532.01 6559.34 6582.58 6599.2 6636.89 6634.65 6701.98 6746.6 6628.73 6431.88 6244.72 6036.55 5825.13 5665.42 5506.65 5378.26 5349.54 5363.5 5373.96 5383.79 5391.55 5401.86 5413.14 5459.8 5610.29 5810.3 5945.26 6118.83 6429.63 6691.04 6755.84 6806.2 6782.23 6649.78 6559.06 6515.13 6500.7 6482.43 6458.99 6438.19 6446.05 6476.23 6501.74 
6435.7 6452.04 6484.23 6519.81 6546.7 6572.45 6590.96 6602.68 6604.95 6632.66 6779.86 6904.68 6667.25 6391.61 6113.59 5856.99 5593.94 5513.85 5422.5 5356.24 5332.86 5343.31 5357.35 5369.52 5370.44 5364.96 5358.89 5377.51 5454.8 5593.27 5827.71 6059.85 6427.77 6646.18 6749.39 6686.08 6679.71 6696.34 6637.36 6616.15 6556.37 6508.93 6477.07 6450.32 6456.38 6475.89 6496.51 
6464.17 6483.19 6505.11 6528.31 6558.75 6584.78 6607.33 6617.61 6624.91 6621.19 6763.47 6855.41 6608.51 6311.24 6020.42 5737.69 5503.77 5423 5371.31 5332.46 5320.45 5332.66 5348.35 5346.88 5351.13 5355.95 5339.28 5332.78 5343.06 5413.64 5683.4 5954.6 6310.41 6558.52 6654.81 6683.68 6681.69 6703.07 6666.01 6632.82 6573.89 6534.9 6506.83 6490.76 6478.9 6478.25 6485.8 
6507.86 6517.27 6530.03 6554.14 6572.67 6589.28 6621.75 6676.09 6663.15 6702.29 6705.39 6644.33 6430.14 6169.89 5909.61 5649.75 5424.49 5363.67 5338.77 5322.79 5309.64 5314.76 5373.15 5402.73 5395.18 5406.14 5330.64 5296.32 5299.88 5343.85 5461.73 5820.23 6140.44 6423.36 6635.19 6721.02 6729.74 6726.62 6654.09 6587.25 6556.04 6537.46 6525.84 6518.77 6501.78 6487.35 6466.41 
6555.93 6546.8 6546.98 6547.77 6555.4 6579.47 6598.84 6616.6 6652.12 6655.97 6658.84 6426.08 6209.14 6011.73 5798.84 5582.2 5399.5 5338.56 5321.21 5312.87 5306.24 5316.61 5495.33 5582.83 5600.88 5427.41 5325.15 5284.15 5283.25 5302.34 5354.88 5648.95 6008.48 6355.06 6625.21 6674.49 6692.7 6701.24 6623.41 6553.29 6524.11 6525.94 6529.39 6523.05 6519.02 6507.78 6501.22 
6570.57 6567.66 6563.11 6559.91 6563.53 6578.89 6598.7 6619.98 6655.87 6709.33 6762.18 6326.41 6075.61 5919.54 5746.65 5558.05 5398.38 5315.88 5316.28 5305.44 5297.09 5348.27 5674.61 5985.65 5779.68 5470.78 5323.7 5278.44 5278.68 5293.75 5358.38 5533.87 5961.53 6351.24 6597.34 6631.88 6671.44 6703.5 6621.69 6496.44 6494.88 6525.02 6559.4 6576.7 6543.16 6521.04 6502.59 
6638.08 6596.04 6583.52 6576.59 6576.11 6586.36 6613.69 6641.55 6666.85 6723.04 6743.49 6372.19 6066.58 5893.16 5731.17 5557.06 5413.61 5317.89 5314.44 5302.51 5301.71 5343.68 5644.54 5825.09 5549.74 5442.71 5319.3 5282.77 5295.11 5317.44 5394.76 5600.12 5980.02 6345.74 6555.48 6650.33 6659.02 6731.09 6639.21 6499.52 6499.68 6532.71 6559.4 6564.18 6544.75 6524.96 6523.37 
6632.04 6609.63 6597.82 6594.87 6591.66 6605.91 6599.89 6619.24 6658.59 6704.45 6787.11 6438.58 6122.77 5955.31 5783.04 5602.72 5435.97 5319.94 5313 5302.62 5304.28 5336.36 5444.78 5484.8 5375.29 5333.84 5314.37 5295.83 5306.33 5341.14 5455.95 5690.48 6022.06 6297.69 6508.58 6534.06 6617.12 6720.73 6630.25 6559.02 6549.33 6554.23 6561.89 6560.82 6542.64 6515.86 6489.62 
6609.74 6609.16 6619.16 6626.3 6656.33 6638.31 6644.72 6639.92 6651.14 6673.4 6754.58 6556.37 6283.02 6080.89 5890.63 5688.02 5491.8 5347.88 5324.68 5312.62 5313.16 5317.89 5327.12 5333.2 5330.71 5321.49 5320.38 5311.21 5325.88 5391.68 5561.56 5843.22 6134.1 6384.22 6473.42 6484.51 6593.7 6699.62 6645.87 6585.44 6575.02 6567.86 6572.18 6568.25 6554.17 6541.11 6534.28 
6585.9 6608.75 6626.94 6638.1 6635.37 6631.78 6616.24 6628.95 6640.82 6668.61 6719.7 6649.15 6446.85 6250.41 6047.39 5819.47 5591.92 5398.64 5362.51 5330.55 5320.27 5322.68 5326.24 5329.53 5342.63 5348.07 5352.36 5366.55 5405.37 5578.77 5784.41 6010.86 6263.5 6491.85 6485.99 6480.97 6604.16 6689.94 6663.12 6623.48 6601.93 6573.54 6560 6579.03 6604.57 6610.76 6597.83 
6597.08 6625.16 6639.77 6652.84 6656.96 6633.75 6591.54 6604.44 6638.6 6669.32 6694.08 6685.62 6598.78 6426.48 6218.33 5983.3 5742.72 5516.36 5458.89 5384.47 5343.52 5341.65 5341.53 5343.6 5384.99 5448.19 5507.24 5514.96 5547.61 5771.79 5939.59 6125.53 6327.06 6502.74 6498.19 6569.43 6641.93 6675.81 6659.48 6614.31 6576.09 6577.02 6591.42 6604.21 6657.58 6697.1 6603.94 
6625.2 6633.36 6647.73 6661.45 6681.25 6652.37 6557.47 6588.55 6638.64 6694.07 6731.17 6707.95 6743.04 6590.75 6380.21 6168.36 5964.36 5767.87 5665.75 5553.68 5450.64 5396.87 5386.12 5420.73 5503.57 5605.62 5758.94 5766.82 5808.2 5941.46 6048.63 6199.29 6352.3 6450.28 6525.42 6591.77 6631.69 6633.28 6604.9 6595.01 6586.69 6590.32 6601.5 6624.73 6666.6 6707.82 6525.57 
6601.92 6632.4 6643.71 6646.89 6635.09 6602.66 6577.02 6594.39 6637.17 6688.36 6725.01 6691.69 6788.7 6674.64 6499.36 6321.07 6176.32 6064.96 5907.15 5693.84 5587.16 5549.53 5658.4 5691.32 5744.93 5822.38 5903.62 5964.78 6037.13 6087.74 6164.23 6305.36 6437.03 6534.2 6607.92 6617.79 6601.68 6634.65 6618.56 6601.36 6601.1 6612.83 6616.68 6600.59 6564.22 6530.8 6334.53 
6646.93 6649.27 6640.15 6627.03 6602.48 6569.7 6567.89 6590.01 6627.58 6657.83 6653.02 6676.67 6702.37 6666.67 6578.77 6465.81 6355.11 6237.8 6105.59 5960.6 5733.66 5777.72 5916.37 5980.44 5990.75 5995.58 6056.21 6101.01 6169.43 6270.76 6295.57 6451.35 6572 6681.86 6765.35 6707.13 6698.98 6684.21 6647.61 6603.77 6585.31 6604.1 6591.59 6572.68 6472.16 6216.92 6174.21 
6611.42 6641.63 6627.7 6616.36 6599.94 6584.62 6564.11 6587.96 6611.25 6634.4 6661.7 6670.27 6696.52 6686.51 6637.15 6564.17 6499.16 6400.03 6245.07 6092.51 5936.89 6002.14 6195.71 6227.19 6189.91 6100.04 6116.58 6200.56 6349.51 6466.38 6669.39 6674.47 6716.86 6781.83 6796.56 6761.5 6692.28 6677.61 6637.08 6602.8 6582.26 6597.47 6604.98 6616.69 6590.89 6509.15 6252.5 
6634.65 6614.08 6615.93 6618.32 6611.93 6586.38 6585.97 6594.04 6607.14 6621.49 6638.46 6676.3 6693.19 6711.98 6690.04 6664.23 6635.08 6591.8 6475.3 6213.64 6089.43 6179.5 6328.19 6449.07 6416.93 6373.37 6414.4 6555.5 6622.64 6769.67 6834.08 6829.62 6819.11 6817.87 6810.77 6753.47 6705.98 6703.87 6663.17 6621.25 6604.09 6596.94 6620.32 6656.63 6747.81 6673.89 6366.94 
6619.02 6601.67 6609.15 6622.48 6635.06 6639.04 6611.95 6600.69 6599.72 6601.67 6600.32 6610.85 6679.32 6726.99 6717.56 6732.61 6768.77 6829.77 6880.26 6681.65 6507.12 6360.6 6467.19 6550.04 6574.49 6624.18 6643.39 6648.22 6720.83 6880.75 6987.72 6896.03 6842.8 6822.05 6798.99 6742.52 6703.48 6723.39 6689.06 6646.33 6626.54 6616.97 6655.51 6729.07 6851.56 6762.94 6435.77 
6598.05 6611.11 6619.73 6634.89 6649.93 6660.36 6619.96 6599.99 6592.66 6591.8 6595.95 6623.83 6646.68 6655.12 6686.78 6732.23 6805.11 6895.37 6939.52 6957.25 6911.98 6813.06 6823.34 6760.94 6713.54 6660.49 6725.34 6742.97 6900.48 6910.08 6894.91 6852.78 6811.89 6781.45 6748.12 6729.71 6732.41 6744.72 6697.49 6659.43 6625.07 6615.22 6685.71 6778.01 6904.9 6792.61 6476.1 
6603.17 6611.86 6633.61 6641.08 6641.95 6620.21 6598.92 6583.59 6575.36 6574.72 6583.42 6611.5 6623.87 6611.07 6647.24 6703.45 6771.93 6848.55 6923.16 6924.07 6930.95 6997.3 6978 6931.27 6888.05 6877.77 6817.19 6836.3 6759.86 6731.01 6745.28 6763.01 6747.27 6731.54 6724.75 6715.16 6684.8 6666.58 6669.44 6652.88 6627.46 6633.98 6696.07 6785.4 6902.23 6799.46 6533.74 
6617.98 6644.07 6648.72 6638.11 6628.61 6618.1 6582.09 6566.24 6563.33 6562.42 6565.14 6577.06 6594.5 6575.37 6609.94 6664.53 6720.17 6768.18 6809.01 6867.8 6837.36 6774.81 6767.93 6760.69 6697.41 6708.87 6724.77 6714.53 6659.3 6658.1 6676.78 6698.19 6707.2 6681.79 6720.61 6710.36 6654.3 6639.24 6644.33 6631.24 6628.9 6625.78 6681.19 6750.45 6825.16 6762.26 6594.24 
6631.5 6668.95 6636.44 6610.05 6586.64 6560.59 6542.74 6542.13 6549 6553.34 6554.89 6556.87 6565.46 6544.69 6579.54 6625.13 6674.03 6705.21 6741.53 6815.83 6839.37 6759.77 6686.35 6693.02 6688.6 6698.32 6695.35 6693.54 6743.1 6652.9 6654.72 6679.46 6707.57 6736.21 6701.22 6670.55 6651.35 6652.42 6649.16 6645.24 6634.34 6632.88 6652.51 6700.19 6750.22 6725.57 6652.1 
6633.71 6584.77 6582.13 6570.06 6548.99 6523.07 6502.97 6527.77 6541.69 6551.68 6560.45 6561.93 6572.5 6577.56 6593.88 6614.05 6643.46 6680.28 6745.09 6854.48 6858.4 6806.6 6733.87 6716.83 6776.8 6779.59 6853.21 6762.25 6659.62 6637.29 6638.79 6660 6688.25 6720.82 6691.64 6665.39 6658.45 6687.06 6646.02 6625.05 6600.08 6576.67 6604.77 6647.28 6677.44 6689.55 6685.96 
6595.42 6579.81 6563.19 6551.35 6533.73 6525.1 6537.24 6528.9 6537.65 6550 6565.72 6590.54 6599.87 6605.19 6605.3 6615.09 6636.72 6667.5 6709.28 6766.99 6801.91 6769.98 6709.79 6711.28 6713.08 6735.85 6733.36 6671 6595.79 6605.51 6619.33 6638.89 6655.71 6663.83 6676.25 6683.62 6644.46 6651.42 6605.89 6538.04 6529.63 6547.55 6586.85 6613.24 6642.1 6660.66 6681.55 
6581.8 6583.07 6572.47 6542.32 6518.99 6510 6504.13 6516.73 6534.13 6550.54 6568.15 6587.96 6639.22 6620.56 6606.81 6616.47 6629.43 6649.15 6665.11 6651.79 6725.32 6733.47 6713.46 6694.67 6656.93 6657.68 6644.6 6600.48 6572.61 6583.66 6606.03 6623.28 6635.28 6645.99 6658.29 6644.54 6639.21 6623.78 6574.78 6518.17 6527.48 6577.02 6593.86 6592.12 6599.85 6626.04 6644.43 
6576.32 6581.22 6549.84 6534.17 6514.94 6507.61 6506.47 6519.05 6533.51 6549.73 6569.24 6588.81 6623.9 6628.8 6615.3 6614.36 6613.15 6606.45 6588.44 6615.25 6616.46 6670.21 6722.61 6664.7 6619.93 6595.84 6562.81 6555.62 6574.27 6580.44 6592.48 6607.35 6622.26 6641.33 6662.1 6678.99 6647.09 6615.44 6566.08 6518.98 6539.79 6566.42 6569.48 6572.87 6582.85 6600.14 6621.48 
6570.51 6556.4 6545.99 6525.43 6518.12 6515.03 6519.68 6527.21 6536.13 6554.08 6574.36 6599.72 6639.26 6633.58 6635.08 6611.93 6591.91 6570.67 6551.92 6560.93 6572.42 6592.95 6584.37 6584.69 6582.12 6571.25 6550.79 6549.22 6563.55 6570.35 6580.64 6594.35 6612.19 6636.28 6665.16 6694.27 6672.09 6608.95 6569.45 6551.83 6545.62 6558.45 6563.79 6556.44 6561.46 6581.96 6597.21 
6565.18 6570.61 6525.19 6502.38 6501.05 6506.19 6509.6 6520.6 6535.75 6552.15 6572.78 6591.8 6596.58 6609.07 6608.84 6593.43 6570.79 6546.82 6526.99 6529.29 6546.62 6562.25 6556.6 6556.41 6566.28 6573.79 6573.18 6554.69 6545.11 6553.78 6570.43 6585.93 6601.62 6627.89 6656.66 6684.33 6652.69 6599.88 6578.39 6590.8 6585.79 6585.25 6595.33 6566.13 6564.41 6579.59 6589.14 
6550.01 6529.83 6485.49 6483.9 6479.01 6491.86 6502.1 6510.11 6533.94 6552.82 6571.15 6585.68 6594.7 6604.04 6594.38 6572.88 6557.37 6560.26 6586.74 6540.41 6533.08 6569.93 6560.96 6559.6 6563.13 6561.57 6553.41 6539.67 6532.26 6549.58 6568.48 6582.61 6599.64 6614.03 6634.68 6656.51 6638.46 6598.57 6583.07 6596.78 6606.45 6590.37 6568.16 6565.41 6570.75 6581.53 6590.44 
6532 6503.33 6533 6491.61 6477.73 6490.53 6507.65 6525.8 6532.85 6546.36 6561.19 6580.65 6604.07 6603.21 6573.65 6561.89 6542.94 6521.73 6571.4 6545.76 6538.82 6569.35 6551.27 6527.61 6532.22 6541.67 6529.32 6504.12 6529.34 6547.89 6564.88 6587.27 6598.63 6605.96 6604.79 6603.69 6604.63 6571.83 6543.71 6562.18 6577.65 6578.66 6605.45 6592.57 6579.84 6586.99 6598.25 
