real_craters/C129-500m.grd
DSAA
163 163
-40.39 40.39
-40.39 40.39
10359.418642081 11847.476277554
[rows 30 to 59 of 163, columns 68 to 135 of 163]
11392 11394.7 11397 11399.5 11401.2 11402 11401.7 11403.5 11408.8 11414.9 11420.8 11426.2 11425.6 11425.9 11432.2 11440 11448.9 11458.2 11467.4 11477.3 11485.8 11491.7 11491.6 11492.2 11510.7 11493.3 11474.4 11459.7 11442.8 11427.8 11413.6 11399.8 11391.8 11394.8 11399.6 11409.7 11414.4 11418.2 11419.6 11407.9 11396.9 11395.5 11389 11392.1 11398.1 11401 11397.6 11393 11404.2 11410.3 11406.1 11401.7 11398.2 11399.9 11402.1 11404.7 11406.7 11408.1 11409.1 11410.1 11410.6 11411.1 11412.2 11413.1 11414 11415.1 11419.9 11422.3
11396.4 11400.8 11405.1 11408.8 11412.2 11415.4 11418.7 11420.3 11420.8 11423.6 11426.7 11428.5 11427.4 11426.1 11431.8 11440 11448.3 11457.7 11467.8 11478.1 11489.8 11502.9 11514.1 11515.6 11510.9 11496.6 11478.4 11461.4 11445.8 11430 11414.9 11401.6 11393.6 11393.8 11396.9 11406.8 11411.4 11417.1 11422.2 11409 11395.4 11394.4 11395.9 11397 11397.8 11406.2 11411.1 11413.3 11411.5 11411.5 11409.1 11404.2 11399.6 11400 11401.5 11404 11405.7 11408.1 11409.6 11410.6 11411.3 11411.8 11413.3 11414.4 11416.7 11421.7 11421.8 11424.1
11401.1 11407.3 11413 11418.3 11423.2 11428 11432.8 11433.9 11432.1 11432.4 11432.9 11432.7 11430.5 11428 11433.2 11440 11448.2 11456.7 11466.2 11477 11490.5 11508.1 11533.2 11529.8 11505.1 11489.9 11479.5 11463 11447.9 11430.5 11416.3 11404.7 11398.1 11393.7 11394 11401.2 11404.6 11408.8 11409.8 11406.5 11402.3 11399.4 11400.4 11402.5 11405.2 11414.7 11427.5 11425.5 11415.9 11415.6 11414.6 11409.3 11404.6 11402.4 11402.2 11403 11404.2 11406.5 11409.4 11411.4 11413 11414.8 11414.7 11415.1 11416.1 11419 11423.1 11427.1
11407.4 11414 11420.9 11426.5 11432.7 11439.1 11442.8 11443.7 11441.8 11440.7 11439.6 11437.6 11434.9 11433.4 11435.1 11439.8 11446.4 11453.9 11463.7 11473.6 11485 11498.1 11509.5 11513.7 11504.2 11494.1 11482.5 11467.3 11447.6 11431.2 11417.4 11404.1 11393.5 11389.8 11389.7 11391.8 11397.4 11398.3 11397.7 11395.7 11395.3 11397.2 11402.4 11408.5 11414.7 11418.5 11420.3 11426 11434.6 11432.3 11424.8 11415.6 11407.8 11403.7 11403.5 11404.4 11405.3 11407.5 11410 11412 11413.6 11414.2 11414.7 11415.1 11415.9 11419.6 11425.2 11432.3
11413 11420.4 11428.5 11436.8 11443.9 11450.1 11452 11453.3 11450.5 11448.4 11446.3 11444.8 11443 11437.6 11436.5 11439.8 11445.8 11452.6 11460.1 11468.4 11476 11482 11483.7 11492.8 11498.7 11499.6 11487.3 11469.8 11452.5 11433.2 11416.2 11401.3 11389.6 11384.5 11383.9 11386.4 11391.9 11392.5 11392 11394.5 11398.5 11402.9 11408.8 11413.2 11417.9 11419.3 11418.9 11430.7 11460.4 11449.5 11434.7 11421.1 11408.4 11403.2 11404.8 11405.8 11407.6 11408.4 11409.6 11412.5 11413.9 11415.1 11415 11414.6 11414.3 11417.8 11426.6 11437
11417 11425.8 11434.6 11445.2 11454.1 11462.3 11465 11463.9 11458.7 11454.8 11451.3 11448.6 11446.1 11438.1 11437.1 11440 11444.4 11450.1 11456.6 11462.8 11467.4 11470.8 11472.8 11483.1 11493.9 11501.9 11489 11473.2 11454.7 11433.3 11414.9 11398.1 11384.4 11378.2 11379.2 11386.1 11388.9 11392.8 11395.6 11396.8 11406.9 11419.5 11419.4 11409.6 11412 11414.6 11419.7 11431.7 11449.5 11451 11440.4 11427.4 11413.9 11408 11409.3 11409.3 11408.6 11408.8 11410.7 11412.1 11413.7 11416.1 11415.8 11413.7 11411.9 11417.3 11428.1 11440.1
11421.1 11430.1 11441.3 11451.2 11461.6 11472.6 11479.7 11472.7 11465 11459.7 11454.3 11447.7 11438.4 11439.7 11439.4 11439.3 11442.4 11446.9 11451.7 11455.8 11460.1 11464.4 11469.5 11479.1 11487.8 11491.9 11487.6 11474.3 11453 11433.3 11414 11395.7 11380 11373.1 11375.8 11380.7 11387.4 11390.8 11399 11409 11420.8 11432.1 11427.7 11407.6 11410.2 11414 11413.1 11429.5 11448.8 11450.2 11442.5 11432.6 11424.5 11419.9 11415.5 11412.4 11410 11409.6 11411.2 11412.1 11413.2 11415.8 11415 11411.6 11410.3 11417.1 11429.3 11443.4
11424.9 11434 11446.1 11456.1 11466 11474.4 11477.6 11474.1 11468.8 11463.1 11457.4 11451.1 11446.4 11439.3 11435.2 11437.4 11440.8 11444.7 11448.7 11452.5 11455.8 11460.2 11468.8 11478.5 11487.7 11490.8 11490.3 11476.8 11455.5 11436.1 11415.7 11396.2 11379.4 11371.5 11375.3 11382.9 11390.9 11392 11405.8 11424.2 11433.2 11442.2 11439.8 11416.2 11414.1 11414.1 11409.4 11425.2 11453.6 11448.1 11440.9 11433.9 11429 11425.3 11418.8 11414.6 11412.2 11411.2 11410.9 11411.5 11411.7 11411.5 11409.4 11407.7 11407.2 11416.3 11429.8 11445.2
11427.4 11436.7 11448.7 11459.4 11469.5 11476.1 11478.7 11475 11470.7 11465.7 11460.6 11455.7 11450.9 11442.2 11435.3 11437.4 11440.6 11444.4 11447.8 11450.7 11453.8 11456.6 11464.3 11480.2 11496.1 11511.1 11499 11481.6 11460.4 11441 11420.7 11400.2 11381.9 11372.8 11378.2 11388.6 11401.8 11411.3 11417.3 11426.6 11434.8 11443.3 11447.4 11430.5 11421.8 11415.1 11410.1 11416.6 11434.6 11437.1 11434.4 11430.3 11426.3 11422.5 11418.7 11416 11414.1 11412.5 11411.2 11409.2 11410 11408.1 11406.1 11405.1 11407 11417 11429.2 11443.9
11428.8 11439.1 11451.2 11461.2 11470.8 11477.5 11479.6 11475.4 11471.5 11467.3 11462.9 11458.8 11455.1 11447 11440.1 11440.9 11443.4 11446.4 11449.3 11452.1 11455.4 11459.9 11469 11483.2 11499.6 11515 11501.1 11486.6 11466.7 11448.7 11429 11408.3 11388.5 11375.7 11384.3 11396.9 11412 11422 11422.2 11422.7 11428.2 11431.7 11429.2 11433.8 11427.4 11415 11405 11409.7 11419 11424.9 11426.1 11424.1 11420.1 11415.9 11414.5 11414.2 11413.6 11412.7 11410.3 11408.3 11406.8 11405.8 11404 11403.8 11407.3 11415.4 11426.2 11438.7
11431.2 11441.1 11452.3 11461.8 11471 11478.6 11479.6 11474.7 11471.3 11467.5 11463.8 11459.8 11454.9 11450.1 11447 11447.2 11448.8 11450.3 11451.7 11453.8 11456.9 11464.2 11473.7 11484.4 11497.1 11506.4 11499.2 11488.5 11475.4 11458.7 11441 11422.7 11404.1 11387.7 11397.7 11406.6 11415.5 11420.1 11418 11417.6 11421 11422.1 11420.5 11424.2 11419.2 11405.6 11396.9 11397.8 11407.1 11415.4 11418.8 11418.4 11414.7 11409 11410.8 11413.9 11414.6 11413.5 11411.2 11407.9 11405.8 11403.6 11402.4 11401.8 11403.6 11411.6 11420.9 11430.7
11432.6 11444.1 11453.3 11461.7 11468.7 11474.9 11476.3 11472.3 11470 11467 11464 11460.9 11457.5 11455.2 11454.5 11454.8 11454.7 11454.9 11455.6 11456.7 11458.6 11460.7 11472.2 11485 11496.4 11504.3 11504.2 11499.4 11487.8 11471.9 11455.1 11439.9 11430 11428.8 11422.2 11416.3 11415.8 11414 11411.7 11412.4 11417.3 11417.6 11413.2 11410.9 11404 11394.3 11388.9 11393.2 11403.9 11409.9 11413.9 11415.1 11414.2 11408.7 11413.6 11417.3 11416.5 11413.9 11410.6 11407 11403.1 11400.7 11398.8 11398.9 11401.4 11408.2 11415.2 11421.7
11435.3 11444.3 11454.2 11461.4 11466.2 11464.7 11471.5 11469.7 11468.2 11466.1 11463.8 11461.8 11460.3 11459.9 11461 11461.7 11462.1 11462 11461.6 11461.6 11463 11468.7 11476.6 11488.8 11501.4 11513.9 11525.5 11519 11502.1 11485.4 11468.8 11454.6 11446.7 11447.2 11432.9 11420.5 11416.1 11415.6 11414.3 11416.2 11419.3 11420 11417.4 11412 11402.4 11389.3 11385.8 11391.8 11403.6 11406.7 11410.3 11414.8 11419.6 11425.9 11427.8 11423.8 11419 11414.2 11409.6 11405.3 11401.2 11398.4 11396.9 11397 11400.8 11405.3 11409.9 11414
11439.3 11447.9 11456.1 11465.2 11471.2 11473.6 11474.3 11469.8 11467.8 11465.3 11463 11462.2 11463.3 11467.9 11467.9 11469.8 11470.1 11469.2 11468.3 11467.6 11467.1 11470 11481.2 11494.6 11508.2 11522.9 11538.7 11531.4 11515.8 11497.8 11479.7 11462.8 11448.2 11434.7 11423.5 11416.3 11411.1 11413.9 11421.6 11424.3 11424.7 11425.2 11425.6 11417.4 11399.2 11386.4 11387.2 11393 11399.3 11403.1 11408.2 11414.4 11423.6 11433.3 11435.9 11427.2 11419.2 11412.7 11407.5 11402.4 11398.1 11395.2 11393.5 11394.3 11399.9 11402.3 11404.7 11406.8
11442.5 11451.4 11461.2 11469.2 11478.4 11484.1 11479 11471.6 11468 11465.1 11462.4 11460.9 11461.3 11465 11473.2 11479 11477.5 11475.4 11473.9 11473.3 11472.5 11474.9 11488.2 11502.5 11516.1 11527.6 11539.5 11544.1 11528.2 11508.7 11488.1 11467.6 11447.6 11428.6 11416.1 11412 11410.5 11417.9 11429 11431.5 11428.6 11426.3 11425.8 11414.6 11388.4 11384.4 11391.2 11395.5 11393.6 11398.1 11404.6 11411.7 11420 11430.5 11434.8 11422.9 11415.3 11409.5 11404.2 11399.4 11395.3 11391.3 11389.9 11391.8 11396.7 11399 11400.7 11402.1
11447.5 11454.2 11461.6 11471.1 11478.5 11481.6 11477.5 11472.8 11468.8 11465.2 11461.7 11458.5 11456.2 11459.1 11471.7 11483.6 11480.6 11479.7 11479.9 11480.8 11482.1 11485.9 11499.1 11512.8 11526.6 11539.8 11554.9 11556.3 11539.3 11518 11495.3 11472.3 11449.8 11428.9 11415.5 11412 11413 11424 11438.5 11435.2 11428.4 11420.6 11410.2 11392.6 11380.1 11383 11391.8 11403 11390.1 11394.1 11400.9 11407.2 11412.2 11414.1 11409.8 11410.7 11408.4 11404.8 11400.4 11395.6 11391.2 11387.1 11385.5 11388.5 11393.7 11395.9 11397.7 11399
11451.3 11457.5 11464.1 11472.5 11479.5 11482 11477.3 11473.8 11470.5 11466.7 11462.7 11457.9 11452.5 11447.3 11459.6 11474.5 11477.5 11479.7 11484.6 11489.6 11496.1 11503.3 11512.4 11524.7 11538.8 11553.6 11566.6 11562.2 11546 11523.7 11499.6 11475.3 11452.2 11431.5 11417.2 11414.7 11418.6 11427.8 11435.7 11433.1 11424.5 11413.6 11399.5 11383.7 11378.6 11379.8 11378.1 11386.1 11387.4 11392.2 11398.8 11403.9 11406.7 11404.3 11399.1 11402 11402.6 11400.1 11396.5 11391.9 11385.7 11382.5 11380.6 11384.1 11390.3 11393.2 11395.2 11397
11453.7 11459.3 11465.1 11473.3 11478.9 11481.7 11477.8 11475.8 11473.6 11470.8 11467.3 11462.1 11455.4 11448.9 11454.1 11465.9 11473.6 11480.6 11487.7 11497.7 11507.8 11514.9 11523.2 11533.4 11545.9 11561.9 11582 11572.5 11550.1 11525.7 11501.2 11477.4 11454.8 11435.7 11422.5 11416.9 11417.3 11425.3 11432.3 11427.7 11419.9 11409.1 11398 11392.5 11382.5 11380.6 11378.2 11382 11386 11393.7 11401.3 11404.8 11404.5 11403.3 11400.2 11399.7 11398.6 11395.8 11392.5 11388.6 11384.5 11380.5 11377.5 11379.3 11386.2 11390 11392.6 11394.6
11455.1 11459.4 11463.9 11468.2 11477.8 11480.4 11478.3 11478.3 11478.3 11477.6 11475.8 11472 11466.1 11459.7 11459.1 11464.1 11474.1 11483.9 11493.1 11504.4 11517.2 11524 11530 11537.1 11546.5 11558.2 11570.6 11568.7 11547.2 11523.7 11500.9 11478.8 11457.9 11439.1 11423.5 11417.5 11416.7 11419 11420.4 11421.7 11416 11406.2 11394.5 11382 11378.5 11377.8 11378.4 11385.1 11392.3 11402.8 11409.4 11409.6 11406.8 11404.9 11404.6 11399.5 11394.6 11391.5 11388.2 11386 11382.4 11379.1 11376.5 11381.7 11385.5 11388.2 11390.7 11392.6
11456.3 11458.9 11461.8 11465.7 11468.1 11475.6 11478.3 11482.5 11485.9 11487.5 11486.4 11485.7 11483.7 11480.8 11478.7 11479.4 11483.5 11490.7 11500.3 11511 11524.4 11529.7 11533.3 11537.6 11542.8 11547.5 11549.6 11551.2 11536.7 11517.6 11498.8 11480.4 11461.9 11443.6 11427.1 11421.2 11421.3 11422.8 11423.4 11422.2 11416.3 11406.9 11394.6 11380.9 11377.3 11378.5 11379.6 11391.2 11411.3 11423.9 11421.9 11415.8 11409.5 11404.2 11397 11393.8 11391.2 11388.2 11384.3 11384.2 11381.3 11379.9 11381 11385.4 11386 11387.6 11388.6 11390
11458.7 11460.9 11462.3 11462.7 11463 11474.1 11481 11488.6 11495.6 11501 11504.6 11507.4 11508.7 11507.9 11503.5 11498.5 11495.3 11500.1 11507.6 11516.3 11523.6 11530.3 11534.2 11536.8 11537.5 11536.5 11534.3 11532.9 11520.1 11507.3 11494.7 11481.6 11467.5 11453.2 11437.2 11427.9 11426.7 11434.1 11433.8 11427.7 11420.4 11411.5 11401.2 11388 11379.4 11377 11375.8 11394 11426.5 11445.4 11429.8 11418.6 11409.9 11402.9 11396.5 11392.6 11389.3 11386.2 11383.3 11381.5 11380.4 11379.9 11381.4 11385.5 11386.5 11387.1 11388.1 11388.8
11460.8 11463 11464.6 11466.8 11471.1 11480.6 11488.6 11497.4 11506.7 11515.3 11522.2 11528.8 11534.7 11540.4 11544.9 11517.5 11507.8 11514.7 11520.1 11524.9 11528.3 11534.2 11537.5 11537.3 11533 11526.2 11518.7 11508.2 11499.9 11496.6 11491.5 11484 11475.4 11466.5 11458 11440.3 11432.6 11441 11440.3 11433.6 11425.6 11417.8 11411.5 11408.9 11407.5 11380.6 11374.5 11391.5 11415.3 11424.8 11422.1 11414.6 11407 11400.2 11396.1 11392.1 11385.9 11383.2 11381.7 11380 11379.8 11380 11380.3 11384.3 11385.1 11385.8 11386.5 11388
11465.1 11467.5 11470.4 11474.4 11479.3 11487.3 11498.4 11510.5 11522.5 11534.2 11545.9 11555.1 11562.5 11567.6 11565.7 11544.4 11534.8 11541.4 11542.4 11537.8 11542.4 11542.2 11544.6 11542.6 11534.1 11521 11502.5 11484.4 11486.6 11491.7 11492 11489.4 11485.3 11480.8 11473.1 11452.3 11443.8 11448.2 11445.4 11438.6 11430.3 11422.7 11417.8 11415.5 11407.6 11385.5 11382.1 11388.9 11398.4 11403.8 11408.6 11406.9 11401.4 11394.8 11387.9 11381.2 11380.8 11380.4 11380.4 11381.3 11381.5 11381.6 11382.9 11384.8 11383.5 11384.7 11386.2 11387.4
11475.3 11478.2 11481.9 11487 11495.5 11503 11516.2 11531.1 11547.9 11562.3 11575.3 11585.9 11593.3 11594.3 11588 11584.7 11586 11584.3 11579.9 11555 11537.2 11560.9 11565.6 11558.7 11544.1 11525 11500.4 11475.7 11490.9 11496.6 11499 11497.7 11496.4 11494.1 11491.1 11476.3 11463.4 11461.1 11451 11442.6 11434.8 11426.1 11417.9 11408.5 11394.9 11381.8 11376.3 11381.1 11390.8 11396.3 11401.8 11400.8 11396.4 11390.1 11382.8 11377.2 11378 11379.8 11381.2 11382 11382.5 11383.4 11386.7 11384.7 11382.8 11383.8 11386.7 11389.3
11492 11494.4 11496 11495.8 11507.1 11519 11534.9 11551.8 11568.6 11584.9 11599.9 11613.3 11624.4 11632 11630.6 11630.4 11623 11637.6 11643.4 11636.6 11616.5 11610.9 11598.2 11583.3 11563.9 11542.5 11520.8 11508.5 11510.6 11509.5 11509.7 11509.2 11507.8 11506.5 11505.4 11503.5 11478.1 11458.5 11454.2 11446.9 11437.7 11427.6 11416.4 11403.8 11386.6 11372.5 11368.8 11379 11389.5 11401.4 11399.5 11395.9 11392.3 11387.2 11381.2 11377 11377.6 11380.7 11382.4 11382.8 11382.6 11382.5 11383.2 11382.7 11380.5 11382.4 11387.1 11392.1
11509.1 11510.1 11509.8 11500.5 11512.7 11532.3 11551 11570.2 11591 11609.8 11627 11643.6 11659.6 11673.6 11688.1 11691.7 11703.2 11695 11709 11745 11729.8 11672 11636.3 11607.4 11584.2 11563.9 11547.4 11536.4 11525.7 11523.1 11521.2 11520.4 11518.7 11515.3 11510.2 11498.7 11485.7 11471.1 11462.4 11452.7 11442 11429.8 11416.3 11403.9 11394 11377.5 11370.2 11378.9 11385.5 11390.8 11392 11391 11389.3 11386.6 11382.2 11373.6 11380.3 11383.5 11383.4 11382.8 11383 11383.1 11383.5 11381.9 11377.8 11381.7 11388 11395.6
11528.3 11528.7 11523.7 11510.7 11525.3 11548.5 11568.6 11586.4 11605.5 11623.3 11642.4 11664.8 11686.2 11706.7 11716.9 11718.6 11709.3 11723.2 11736.3 11753.1 11739.6 11699.9 11662.8 11631.8 11605.6 11583.2 11568.3 11559.7 11541.5 11533.7 11531 11529.9 11528.9 11525.9 11517.2 11509.1 11499.9 11486.8 11474.5 11461 11446.8 11431.6 11416.9 11403.6 11398.3 11389.7 11373.9 11374.9 11380 11382.7 11384.6 11386.4 11387.2 11388.1 11390 11396.2 11393.9 11388.1 11385.5 11384.3 11384.5 11386.5 11388.2 11384.5 11381.9 11383.7 11388 11395.2
11550.9 11554.5 11536.8 11529.3 11545.3 11567.2 11582.2 11595.3 11608.4 11624 11643.4 11670.9 11701 11733.2 11765.1 11778 11757.7 11758.2 11751.9 11704.4 11716.3 11706.7 11676.9 11645.3 11617.1 11595.2 11579.2 11563 11543.6 11539.5 11537.4 11539.6 11541.5 11541.5 11533.2 11523.4 11521.8 11509 11489.1 11471.7 11454.3 11437.5 11421.4 11406.4 11395.8 11389 11370.6 11375.5 11379.8 11380.2 11381.1 11384 11386.1 11388.8 11393.2 11399.3 11396.7 11389.4 11384.8 11382.9 11383.1 11386.9 11388.4 11385.6 11385 11385.1 11385.8 11387.3
11579.5 11590.7 11577.5 11578.2 11581.5 11590.4 11593.2 11595.6 11605.8 11616.5 11633.6 11659.2 11693.5 11738.9 11799.3 11847.5 11810.8 11787.9 11792.1 11799.8 11757.3 11718 11680.6 11648.2 11622.1 11601.4 11581.2 11563.5 11553.4 11542.2 11544 11551.4 11558.9 11565.3 11569.1 11561 11543.9 11523.9 11503.7 11482.7 11462.4 11443.8 11427 11412.6 11400.7 11389.3 11379.1 11383.1 11384.7 11382.4 11381.7 11383.5 11385.7 11387.1 11389.4 11392.3 11390.6 11384.9 11381.3 11379.6 11379.2 11379.6 11381.8 11384.4 11382.7 11381.9 11384.6 11385.8
11605.7 11630.6 11632.7 11628.1 11624.4 11616 11602.2 11589.3 11584.7 11588.7 11601 11628.9 11662 11709.3 11760.1 11781.8 11755.2 11743.4 11777.7 11841.5 11765.9 11714.1 11675.3 11650.4 11626.4 11602.3 11582.2 11564.1 11542.3 11540.9 11552.9 11569 11583.3 11592.9 11602.4 11598.6 11572.1 11540.1 11516.3 11493 11470.3 11449.7 11431.7 11417.4 11406.3 11396.6 11391.7 11390.1 11388.8 11387.6 11386.1 11386.1 11385.8 11385.2 11383.9 11380.8 11376.9 11376.6 11376.5 11376 11375.9 11373.6 11388.6 11386.3 11382.7 11381.8 11387.5 11391.9
