real_craters/C129-300m.grd
DSAA
270 270
-40.39 40.39
-40.39 40.39
10358.421752172 11849.026095958
[rows 90 to 119 of 270, columns 134 to 200 of 270]
11637.5 11641.1 11642.9 11643.6 11641.3 11630.6 11637.8 11648.4 11654.6 11659.2 11662.1 11659 11645.5 11633 11621.8 11611 11599.9 11588.1 11576.2 11563.7 11552.5 11539.2 11526.8 11516.9 11513.8 11512.9 11513 11512.4 11511.6 11512.1 11512 11511.3 11510.5 11508.8 11508.1 11507.2 11505.9 11504.6 11489.7 11475.4 11462.8 11458.1 11455.3 11451.4 11446.3 11440.7 11434.3 11428 11421.1 11413.8 11406.2 11397.4 11386.6 11378.2 11368.6 11367.4 11373 11380.2 11385.8 11391.4 11397.9 11400.5 11398.1 11395.8 11393.9 11392.1 11389.7
11661.7 11668.8 11677.7 11685.8 11680.4 11680.9 11682.7 11684.2 11690.6 11701.3 11719.4 11746.7 11721.6 11683.3 11657.1 11636.8 11619.7 11604.8 11590.9 11576.9 11564.5 11553.2 11543.1 11534 11527.1 11523.2 11521.8 11520.6 11519.8 11519 11518.3 11518.2 11517.2 11515.5 11513.5 11510.5 11505.7 11498.7 11490.9 11480.8 11471.2 11464.5 11460 11455.4 11449.7 11443.4 11436.4 11428.8 11421.4 11413.9 11406.3 11399.3 11391.8 11382.3 11371.7 11369.1 11373.4 11380.2 11384.3 11388.2 11391.9 11393.6 11393.6 11392.6 11391.3 11390.1 11388.5
11683.2 11691.9 11699.4 11705.5 11706.5 11718.7 11718 11710.6 11716.5 11728.3 11748.3 11771 11748.5 11711.8 11681.9 11658.5 11638.2 11621.2 11605.8 11591.8 11578 11567.1 11558.3 11551.3 11551.3 11539.2 11530.6 11527.7 11525.9 11524.5 11523.8 11523.6 11522.6 11521.1 11518.4 11513.9 11508.7 11501.6 11494.8 11486.7 11477.3 11471.9 11466.4 11460.5 11453.7 11445.9 11438.2 11430.2 11422.1 11413.5 11405.9 11399.8 11397.8 11389.5 11378.2 11370.3 11372.9 11377.2 11381.1 11384.2 11386.7 11388.1 11388.8 11389.1 11388.9 11388.4 11387.8
11701.2 11711.9 11717.3 11712.7 11719.8 11716.5 11709.2 11721.4 11731.5 11737.7 11745.2 11765.9 11742.6 11718.5 11695.1 11671.9 11651.7 11633.7 11617.1 11602.5 11589.6 11577.2 11569 11562.8 11559 11546.7 11537 11534 11532.4 11530.7 11530.2 11529.7 11528.9 11528.1 11524.9 11519.9 11513.5 11509.3 11504 11497.9 11489.7 11482.1 11473.9 11465.8 11458.2 11448.9 11440.3 11431.6 11422.9 11414 11405.9 11398.8 11398.3 11394.6 11387.1 11375.8 11372.8 11375 11378.2 11380.9 11382.4 11383 11384.7 11385.8 11386.7 11387.1 11387.5
11716.1 11731.4 11744.1 11750 11749.1 11733.6 11721.3 11738.4 11745.3 11740.7 11723.8 11703.5 11719.4 11715.1 11700.7 11680.2 11660.9 11641.5 11624.8 11608 11595.2 11584.2 11575.4 11567.6 11562.7 11549.7 11540.2 11538.1 11536.7 11535.9 11536.9 11537.3 11537.3 11536.7 11533.8 11528.1 11520.4 11517.5 11515.4 11512.2 11505 11493.9 11483.2 11473.3 11463.5 11454 11444.1 11434.8 11425.7 11416.4 11407.4 11399.5 11396.7 11394.3 11388.9 11372.2 11371.8 11374.3 11377.4 11379.6 11380.4 11380.5 11382.1 11383.7 11385.4 11386.4 11387.4
11724.9 11748.2 11771.8 11789.7 11792 11783.2 11779.2 11769.7 11766.8 11755.5 11728.8 11701 11719.3 11719.8 11706.5 11686.6 11668 11646 11629.3 11613.8 11600.6 11590.3 11579.4 11568.2 11560.5 11548.2 11540.9 11540.6 11539.6 11539.8 11541.8 11543.7 11545.3 11546.7 11545.6 11541.3 11533.4 11528 11527.2 11525.3 11517.1 11504.6 11492.4 11481 11470.6 11459.8 11449.4 11438.9 11428.9 11419.3 11410.1 11402 11395.6 11390.7 11384.6 11371.1 11372.9 11377.1 11380.1 11380.8 11380.5 11379.9 11381 11382.5 11384.3 11385.5 11387
11724.4 11755.1 11790.4 11823.1 11832.8 11816.6 11804.5 11788.9 11785.2 11785 11780.4 11762.7 11749.2 11732.1 11711.1 11691.2 11669.7 11649.6 11633 11620 11606.2 11593.6 11581.7 11569.9 11561.3 11552.5 11545.4 11541.8 11541.1 11543.1 11546.8 11550.8 11554.7 11558.5 11560.8 11561.1 11556.8 11551.3 11545.2 11536.3 11525.5 11513.6 11501 11488.4 11476.4 11464.8 11453.8 11442.8 11432.8 11422.9 11413.9 11406 11399.1 11393 11385.1 11377.3 11377.9 11381.9 11384.5 11383.3 11382 11380.8 11381.3 11382.6 11384.1 11385.4 11386.3
11717.1 11749.9 11786.3 11830.3 11840.8 11809 11791 11779 11785.4 11804.5 11841.5 11833 11778 11741.8 11712.8 11690.7 11670.8 11653.6 11637.7 11621.4 11608 11594.9 11583.2 11570.9 11562.8 11556.7 11544.6 11541.2 11543 11547.9 11554.4 11560.9 11566.9 11572.5 11577.8 11584.2 11592.6 11583.2 11570 11547.8 11534.1 11522 11508.9 11495.9 11482.8 11469.8 11457.7 11446.5 11435.9 11426 11417.5 11410.2 11403.5 11397.7 11389.9 11385.3 11384.5 11385.9 11386.8 11385.7 11384.5 11383.5 11383.4 11384 11385 11385.6 11386
11693.5 11724 11754.2 11778.6 11779.6 11765.5 11740.2 11739.7 11758.9 11781.8 11820.8 11813.1 11769.7 11732.8 11708.6 11683.5 11667 11651.8 11637.4 11623.3 11610.8 11595.7 11583.2 11572.1 11561.3 11547.5 11537.7 11540.4 11546.5 11555.7 11565.9 11574.6 11583.4 11589.6 11594.8 11600.4 11606.5 11599.1 11588.5 11566 11546.2 11530.5 11516.7 11502.6 11488.6 11474.8 11462 11449.8 11438.5 11428.5 11419.9 11412.5 11406.2 11400.9 11395.1 11392.4 11391.2 11390.2 11389 11388.9 11388.1 11386.9 11386.1 11386.1 11386.2 11385.9 11385.6
11653.5 11682.2 11708.2 11727.8 11731.8 11721.8 11697.3 11699.6 11719.3 11725.6 11718.6 11730.9 11727.2 11706.9 11690.4 11670.5 11655.3 11641.3 11629.5 11618.7 11606.5 11596.6 11587 11573.4 11561.4 11544.3 11532.9 11540.9 11554.3 11568.8 11582 11592.8 11602 11607.4 11609.8 11609.3 11604.1 11599.7 11585.7 11571.2 11554.4 11537.5 11522.9 11507.8 11493.1 11479.4 11464.8 11452 11440.3 11430 11421.1 11413.5 11407.3 11403.4 11399 11398.5 11397.5 11395.7 11394.9 11393.7 11392.5 11391.4 11390.3 11389.3 11388.2 11387.1 11385.7
11606.8 11630 11657.4 11680.3 11696.9 11688.9 11676.5 11678.7 11686.6 11679.3 11656.9 11673.1 11680 11671.2 11660.9 11646.5 11635.2 11624.1 11616 11609 11604.7 11597.6 11589.2 11578.6 11566.6 11552.5 11538.3 11547.1 11567.2 11586 11601.7 11613.9 11622.4 11627.2 11626.5 11621 11612.7 11602.9 11590 11575.4 11558.3 11541.3 11527 11511.4 11497.2 11481.9 11467.9 11454.2 11441.8 11431.1 11422 11414 11408.1 11402 11401.4 11401.2 11400.8 11400.4 11399.7 11398.1 11396.8 11396.1 11396.3 11391.9 11389.7 11388.2 11386.9
11548.7 11566.7 11591.2 11616.6 11641.9 11644.4 11649.3 11658.4 11658.6 11655.3 11648.1 11645.5 11641.7 11635 11625 11616.6 11609.7 11606 11602.4 11600.3 11598.4 11596.4 11593 11586.6 11576.4 11556.4 11543.5 11562.5 11588.6 11609.5 11625.3 11637.6 11645.6 11649.5 11647.3 11637 11623.1 11610.8 11598 11580.7 11561.8 11546.3 11530.6 11514.6 11501.4 11485.2 11471.3 11456.7 11443.3 11431.6 11422.5 11414.3 11407.3 11403.1 11404.1 11404.8 11405.1 11404.9 11403.9 11402.8 11400.5 11397.5 11393.7 11392.5 11391.7 11390.3 11388.3
11478.4 11493.2 11511.7 11533.7 11556 11570.9 11589.1 11606.1 11614.4 11624.2 11643.3 11618.7 11603.3 11594.9 11586.9 11583.6 11581.8 11583 11585 11588.2 11592.3 11599.9 11602 11602.7 11600.3 11584.2 11572.8 11597.3 11621.9 11638.9 11651.7 11661.9 11670.3 11675.3 11674.9 11664.1 11645 11623.3 11596.6 11578.6 11564.5 11550.3 11535.1 11519.4 11505.7 11489.3 11474.7 11458.4 11443.5 11430.5 11420.5 11413.9 11409.1 11405 11408.6 11409.9 11410.1 11409.9 11410 11408.2 11404.4 11399.9 11395.3 11394 11394.4 11393.4 11391.2
11402.6 11409.5 11422.8 11437.5 11454.3 11474.5 11497.4 11525.1 11539.6 11553.7 11565 11562.7 11551.6 11546.3 11545 11545.1 11550 11556.6 11567.9 11577.5 11588.1 11599.6 11612.1 11623.9 11638.1 11644 11649.9 11660.9 11667.5 11673 11678.9 11686.1 11694.1 11701.8 11707 11706.1 11682.1 11644 11606.2 11582.9 11570.6 11557.1 11541.7 11525.7 11509 11493.4 11476.4 11460.9 11444.2 11429.3 11417.3 11415.3 11415.7 11415.3 11416.8 11415.8 11415.1 11413.8 11412.9 11411.4 11408.7 11404.7 11399.2 11399.2 11399.8 11398.1 11395.4
11321.4 11320.5 11323.8 11329.4 11343.2 11357.2 11371.3 11400.7 11431 11461.9 11482.6 11489 11488.7 11489.3 11495.2 11501.9 11514.4 11528.1 11543.5 11560.6 11578.6 11598.1 11619.1 11643 11674.8 11706.7 11739.2 11733.5 11713.5 11704.5 11702.9 11706.7 11714.2 11724 11733.5 11740.3 11711.6 11666.8 11625.4 11599.4 11582.9 11567.2 11549.8 11532.7 11515.1 11497.4 11480.9 11465.3 11447.6 11431.1 11419 11420.2 11426.1 11429 11425.1 11420.5 11417.2 11416.1 11415.6 11414.9 11413.4 11412.4 11412.2 11411.3 11407.9 11403.9 11400.2
11238 11226.5 11214.9 11206.5 11200.2 11201.4 11213.2 11239.2 11290.9 11356.1 11392.8 11399.4 11407.8 11419.3 11435.2 11452.8 11469.8 11491 11513.6 11537.4 11562.6 11589.6 11618.8 11651.6 11693.8 11739 11790 11772.6 11739.3 11723.2 11717.4 11719.6 11726.6 11737.2 11747.8 11749.7 11724.4 11684.3 11648.2 11617.7 11598.6 11579.9 11560.6 11541 11522.2 11503.3 11485.3 11471.1 11453.6 11437.5 11426 11426.2 11431.5 11432.6 11426.9 11422.7 11419.9 11418.1 11417.4 11417 11416.9 11418.5 11422.4 11422 11414.6 11409 11404.8
11147.2 11127.6 11105.6 11081.4 11056.7 11038.3 11049.6 11069.2 11130.8 11211.1 11263.4 11289.3 11314.7 11340 11365 11392 11421.2 11450.4 11479.7 11510.5 11542.3 11575.4 11610.2 11647.1 11689.2 11729.8 11761.8 11757.8 11737.1 11725.5 11721.6 11723.6 11729.5 11739.2 11750.3 11761.9 11727.6 11689.8 11659 11639.2 11615.6 11592.9 11569.4 11548.2 11528 11510.2 11492.5 11478.2 11462.2 11447.8 11436.5 11431.8 11429.7 11428.5 11426.3 11423.5 11420.9 11419.6 11419 11417.8 11418.5 11420.3 11423.3 11423 11416.1 11411.3 11408.1
11060.1 11032.2 11004.7 10969.6 10933.3 10905.3 10907.5 10924.3 10979.3 11056.1 11122.7 11172.3 11216.4 11258 11296.9 11333 11370.5 11405.7 11443 11480.4 11520.4 11558.2 11596.1 11633.5 11668.4 11698.7 11708.5 11714.7 11713.4 11714 11715.2 11717.9 11722.2 11728.3 11734 11734 11715.8 11686.2 11659.5 11656.5 11628.9 11602.1 11576.6 11554 11534 11515.5 11497.7 11484.5 11471.3 11460.6 11448.4 11437.4 11430.1 11427.1 11425.3 11425.7 11424.5 11423.5 11422.8 11420.1 11419.3 11419.2 11417.8 11414.8 11412.8 11411.3 11409.9
10984.8 10951.3 10917 10876.2 10833.2 10795 10797.1 10812.3 10853.3 10919.7 10994.5 11062.5 11124.2 11178.6 11229 11272.7 11319.1 11363.3 11405.5 11448.7 11491.4 11535.4 11576.1 11614.3 11646.9 11670.3 11669.4 11676 11688.6 11698.3 11703.3 11705.9 11707.2 11708.5 11709.5 11708.6 11700.6 11687.3 11671.4 11658.5 11633.3 11605.2 11579.5 11556.4 11535.7 11518.8 11500.5 11488.2 11477.3 11468.1 11455.6 11442.1 11431.8 11430.5 11430.4 11433.1 11435 11434.6 11429.7 11424.6 11421.8 11419 11414.4 11408.8 11410.4 11411.9 11412.2
10916.9 10881.3 10845 10803.9 10763.2 10726.3 10725 10735.3 10760.2 10808.2 10889 10968.6 11042.3 11105.8 11165.5 11221.3 11271.5 11321.9 11370.3 11418.5 11465.6 11511.4 11557.7 11597.9 11631.7 11657.6 11662.7 11665 11678.2 11688 11691.9 11691.9 11689 11684.6 11681.4 11683.1 11685.9 11687.8 11680.1 11658.6 11630.7 11602.8 11577.4 11555.8 11537.3 11519.6 11504 11490.5 11479.8 11467.6 11456.7 11446.5 11439.1 11437.7 11442.6 11444.1 11443.2 11443.3 11435.6 11430.4 11426 11421.5 11416.5 11411.8 11412.1 11414 11414.9
10858.1 10822.2 10787.8 10750.7 10717.3 10691.9 10686.5 10693.3 10707.1 10732.1 10812.9 10894.3 10972.5 11041 11108.6 11170.4 11224.8 11280.9 11339.3 11389.5 11437.9 11487 11534.2 11580.8 11621.6 11659.4 11686.4 11694.1 11687.1 11688.1 11686.6 11681.6 11673.9 11663.4 11651.6 11655.1 11670.5 11679.2 11671.6 11648.1 11620.7 11595.7 11573.5 11554.5 11537.7 11521.1 11506.7 11493.5 11481.5 11469.1 11458.8 11450.6 11445.6 11441.8 11441.8 11441.5 11441.5 11439.5 11436.8 11433 11429.4 11426 11422.2 11417.8 11418.2 11418.4 11418.4
10801.6 10773 10742 10707.9 10683.3 10666 10662.5 10671 10686 10703 10766.8 10840.9 10914.8 10986.5 11056.6 11122 11180.6 11241.3 11301.7 11356.6 11410.2 11461.9 11511.7 11559.9 11607.8 11655.6 11702.9 11738.3 11708.8 11693.5 11685.4 11676.9 11666.9 11653.5 11637.7 11645.9 11665.6 11670.9 11659.7 11634.2 11606.6 11585.7 11568.7 11553.1 11538.7 11523.1 11509.5 11496.6 11484.8 11472.5 11461.3 11452.5 11446.7 11442.2 11438.8 11436.5 11438.5 11437.1 11437.5 11436.2 11433.9 11431.7 11429.7 11429.4 11426.4 11423.2 11421.7
10752.9 10726.7 10702.7 10670.9 10653.5 10640.1 10639.3 10650.6 10667.6 10686.1 10735.7 10799.5 10872.6 10939.2 11007.8 11077.8 11138.7 11202.9 11263.3 11321.5 11378.5 11432.5 11484.5 11534.8 11584.2 11635.3 11680.4 11717.2 11716.8 11694.5 11683.4 11676.9 11670.1 11661 11649.4 11664.6 11683.1 11679.9 11661.7 11627.3 11593.5 11577.2 11565.5 11553.6 11540.3 11526.9 11513.6 11499.7 11488.2 11476 11463.3 11452.6 11445.6 11442.5 11440.9 11441.6 11440.8 11440.7 11441.4 11440.9 11439.3 11437.4 11435.1 11432.5 11429.5 11426.3 11423.8
10707.4 10685.2 10663.3 10638.6 10624.6 10614.9 10616 10627.1 10643.3 10665.8 10708.5 10763.8 10825.2 10893.3 10959.8 11031.7 11093.3 11157.2 11218.1 11277.6 11337.3 11393.1 11448 11500.7 11550.9 11599.3 11636.5 11672 11697.1 11681.3 11677.7 11678.8 11680.9 11683.7 11692.4 11707.8 11726.3 11724.4 11689.7 11636.5 11589.9 11575.6 11567.9 11558.6 11546 11532.3 11518 11503.1 11491.1 11478.7 11464.8 11453.6 11446.5 11443.8 11442.9 11443 11444.1 11446 11446.7 11446.4 11445.5 11442.4 11438.5 11435.4 11432 11427.6 11424.7
10661.6 10643.3 10626.6 10606.9 10596.6 10588.1 10590 10602.4 10619.8 10643.6 10680.6 10729.3 10784.3 10850.8 10914.3 10974.8 11046.1 11110.7 11172.5 11235.9 11299 11357.5 11413.7 11467.9 11517.8 11561.9 11590.8 11609 11639.5 11652.1 11666.7 11680.9 11693.9 11707.2 11726.6 11749.4 11777.2 11787.9 11731.4 11659.5 11597.5 11585.8 11579.5 11569.4 11555.7 11540.1 11523.1 11506 11491.4 11478 11465.1 11456.7 11449.4 11445.3 11443.9 11443.8 11445.7 11448.6 11449.6 11449.5 11450.2 11444.4 11438.7 11434.9 11431.5 11426.3 11423.4
10621.7 10606.4 10592.1 10576.3 10569.4 10563.6 10564.8 10577.2 10594.3 10616.5 10653.4 10701.1 10750.1 10811.6 10872.2 10930.9 11000.5 11065 11127.5 11193 11256.2 11320.8 11380.2 11436.5 11486.8 11531.3 11559.6 11580.8 11593.1 11625.9 11658.1 11685.1 11708 11725.3 11741.8 11772.8 11803.5 11814 11757.5 11689.6 11631.4 11613.6 11601.8 11587 11569.3 11550 11529.1 11508.5 11489.2 11474.9 11463 11455.7 11449.4 11445.9 11444.7 11444.8 11446.1 11447.6 11447.8 11447.1 11445.7 11440.8 11434.6 11429.4 11425 11421.5 11420.3
10584.7 10571.6 10560.2 10548.3 10543.3 10539.1 10542.9 10552.9 10564.5 10588.5 10625.6 10671.6 10719 10773 10834.4 10892.6 10955.3 11024.3 11088.1 11155.4 11220.2 11288.4 11349.9 11408.8 11462.8 11510.2 11543.3 11573.3 11583.3 11618.3 11656.4 11691 11722.6 11747.5 11763.8 11780.4 11795.4 11795.1 11759.3 11716.6 11679.7 11655.5 11633.6 11610.9 11587.2 11562.9 11537.4 11511.8 11488 11472.2 11460 11450.6 11447.1 11445.7 11445.5 11446.3 11446.1 11445.2 11444.1 11441.4 11438.8 11434 11427.8 11421.4 11415.3 11414.8 11416.1
10555.1 10543.7 10533.5 10522.4 10518.5 10515.6 10520.4 10530.3 10546.5 10565.5 10603.3 10645.2 10692.5 10746 10803 10861.7 10924.2 10988.6 11055.5 11121.8 11187.7 11252.5 11318.5 11379.9 11438 11482.1 11535.3 11582.1 11607.7 11629.1 11661.1 11696.5 11733.7 11771.6 11787.3 11772.5 11761.6 11754.9 11745.4 11732.6 11722.7 11698.3 11666.5 11636.2 11606.9 11578.3 11548.9 11518.8 11490.6 11473.6 11460.5 11450.5 11446.9 11445.9 11446.1 11446.4 11445 11441.2 11436.2 11434.5 11431.1 11426.5 11420.9 11415 11409.3 11410 11412.2
10530.9 10519.3 10509.2 10500 10493.1 10489.1 10493.7 10503.5 10519.8 10541.5 10577.5 10618.1 10665.6 10719.1 10776.7 10835 10897.4 10961.4 11025.5 11091.1 11156.4 11221.6 11286.2 11350.6 11412 11463.3 11522.5 11580.1 11619.6 11639.5 11661.7 11694 11730.3 11767.2 11774.1 11746.5 11716.3 11711 11725.4 11734.9 11740.5 11724 11691.7 11658.3 11626.2 11595 11563.1 11531.3 11501.4 11481.1 11465.6 11455.4 11449 11447 11446.9 11446.8 11444.8 11439.9 11434.5 11429.7 11424.9 11420.1 11415.5 11411 11407.6 11407.6 11410
10512.2 10498.8 10488.2 10477.8 10468.8 10461.7 10463 10472.3 10492.1 10515.4 10548.3 10588.2 10635.2 10688.7 10746.3 10806.5 10868.7 10932.3 10996.3 11061 11125.8 11189.5 11253.9 11317.8 11372.6 11437 11499.8 11561.3 11604.1 11632.7 11652 11678.3 11708.3 11734.2 11737.3 11714.6 11682.8 11685.5 11710.4 11729.5 11738.9 11730.2 11706.2 11675.2 11643.3 11611.6 11578.5 11545.9 11518.6 11491.4 11471.3 11457.9 11451.1 11448.4 11448.1 11448.9 11447.8 11440.5 11433.5 11426.7 11420.4 11415.1 11412 11408.9 11405.4 11406 11409.6
