real_craters/C129-500m.grd
DSAA
163 163
-40.39 40.39
-40.39 40.39
10359.418642081 11847.476277554
[rows 0 to 29 of 163, columns 0 to 67 of 163]
11231.4 11232.5 11233.8 11235.4 11238.5 11240.3 11241.9 11244.4 11247.4 11250.4 11253.5 11256.8 11260 11263.3 11266.4 11269 11269.9 11270.2 11274.1 11282.1 11294.8 11308.6 11322.4 11335.5 11338.7 11322.3 11312.7 11313.2 11320.6 11331.4 11345.2 11350.4 11346.3 11341.7 11334 11340.9 11350.4 11358.6 11366.7 11375.9 11384.4 11392.6 11397 11391.9 11387.8 11391.1 11401.2 11414.2 11423.8 11419.8 11412.5 11397.8 11400.1 11415.5 11425.4 11432.8 11438.3 11440.2 11442.1 11440.3 11436.3 11426.7 11415.7 11398.9 11391.8 11395 11394.4 11393.8
11230.1 11231.4 11232.8 11234.3 11236.9 11238.5 11240.1 11242.4 11245.2 11248 11251.1 11254.3 11257.6 11260.1 11262.3 11265.3 11267.6 11268.4 11269.6 11285.3 11301.5 11315 11326 11332.9 11330.3 11317.9 11310.1 11317.3 11328.4 11343.5 11363 11375.1 11387.1 11402.2 11378.6 11362 11363 11366.5 11370.6 11375.2 11381.6 11385.5 11387.5 11385.1 11381.8 11385.4 11394.2 11406.5 11417.3 11421.1 11423.7 11423.7 11434.3 11433.1 11434 11436.8 11440.4 11441.7 11443.7 11442.4 11435 11420.5 11410.8 11398 11389.1 11390.7 11391.6 11391.9
11229.4 11230.8 11232.1 11233.4 11235.3 11236.9 11238.5 11240.8 11243.5 11246.5 11249.5 11252.5 11255.6 11257.9 11258.2 11261.5 11266.2 11272.9 11276.3 11296.3 11312.5 11321.4 11327.6 11332.3 11335.2 11317.3 11311 11319.8 11332.7 11347.8 11362.7 11376.4 11393.3 11408.5 11409.8 11387 11374.5 11372.2 11373.2 11376.3 11379.4 11381.1 11381.4 11381.5 11372.9 11374.1 11384.3 11395.3 11405.6 11418.6 11435 11457.5 11458 11446 11439.7 11439.3 11440.9 11444.4 11447.3 11448.2 11444.1 11432.2 11414.2 11396.5 11385.9 11387.1 11388.2 11390.8
11228.5 11230 11231.6 11233.4 11234.2 11235.4 11237 11239.2 11242.4 11245.4 11248.3 11251 11253.5 11256.7 11259.2 11260 11268.5 11288.8 11310.2 11325.3 11328.2 11327.8 11326.6 11324.8 11324 11312.7 11311.6 11321 11334 11348 11359.6 11368.7 11379.1 11382.2 11385 11381.5 11374.9 11374.2 11374.3 11376.5 11377.3 11377.9 11376.5 11371.3 11368.1 11371.8 11378.1 11386 11394.6 11411.3 11432.8 11454.5 11454.6 11446.1 11440.4 11441.2 11443.9 11448.2 11453.1 11457.4 11457.3 11445.5 11419.6 11395.9 11384.3 11384.2 11385.6 11389.7
11227.5 11228.9 11230.2 11231.7 11234.7 11233.6 11233.3 11238.1 11241.8 11244.9 11247.9 11250 11251.2 11254 11259.3 11261.6 11273.2 11302.6 11343 11351.7 11338.8 11329.8 11322.2 11314.1 11301.3 11300.3 11309.9 11321 11334.4 11349.1 11362 11370.1 11370.2 11359.1 11362.4 11368.1 11370.2 11371.8 11373.8 11375.7 11376.7 11375.3 11373.8 11372.2 11371.8 11368.4 11373.5 11378.7 11387 11401.2 11420.6 11437.1 11437.6 11435.3 11433.6 11436.1 11440.4 11446.1 11452.9 11460.8 11466.6 11453.8 11423.3 11397.3 11382.3 11381.5 11382.2 11386
11226.2 11227.4 11228.5 11230.3 11232.6 11234 11236.8 11239.1 11242 11245.1 11248 11250.5 11252.3 11255.1 11260 11260.9 11271.2 11299.5 11330.5 11342 11334.6 11326.6 11318.7 11309.4 11298 11299.6 11310.4 11322.4 11336.2 11350.8 11367.1 11382.2 11370.9 11361.1 11354.4 11361.1 11367.9 11373.1 11375.1 11378.1 11380.1 11379.1 11376.1 11370.2 11371.4 11371 11371.9 11374.7 11378.5 11389 11404.7 11417.4 11416.7 11418.3 11422.1 11427.3 11432.1 11438.8 11446 11454.4 11464.2 11450.1 11419.4 11394.5 11381 11379.6 11379.7 11382.1
11224.6 11225.8 11227 11228.2 11231 11234 11236.8 11239.7 11242.9 11246 11249 11252.1 11255.6 11257.4 11259.3 11261.4 11266.3 11287.3 11308.8 11320.7 11321.4 11320.4 11316.4 11310.1 11304.2 11305 11313.2 11323.8 11335.6 11348.4 11361.5 11371.7 11364.9 11355.3 11353.3 11358.4 11365.2 11371.6 11377.4 11382.1 11385 11385.8 11383.7 11378.3 11375.1 11371.8 11371.6 11373.1 11375.6 11381.5 11389.2 11395.5 11392.1 11401.4 11410.1 11416.9 11423.5 11429.6 11435.4 11439.2 11437.3 11429 11409.9 11391 11381 11378 11377.7 11378.5
11223.6 11224.4 11225.7 11227.9 11230.5 11233.9 11236.7 11240.7 11244.1 11247.2 11250.3 11253.5 11256.8 11259.4 11260.8 11261.4 11262.9 11276.7 11286.9 11293 11309 11316.6 11316.2 11312.1 11308.9 11310.5 11315.3 11323.8 11333.5 11343.5 11350.5 11352.5 11355.2 11354.7 11353.2 11357.5 11363.2 11369.4 11376.2 11382.3 11388.3 11393.1 11392.1 11386.2 11380.2 11373.1 11371.9 11373 11375 11377.2 11379.2 11375.8 11382.4 11392.2 11401.2 11407.6 11413.3 11418.1 11421.6 11422.4 11419.8 11413.9 11403.4 11392.5 11381.8 11379.2 11377.9 11377.7
11222.3 11222.9 11224.6 11226.7 11230.9 11235 11239.6 11242.7 11245.2 11248 11251.2 11254.1 11257.2 11262 11263.4 11264.1 11266.5 11274.7 11283.6 11288.6 11311.7 11320 11319 11314.5 11309.7 11310.3 11316.5 11323.8 11331.6 11338.5 11343.1 11344.3 11349.9 11354.4 11354 11357.9 11363.4 11370.1 11376.5 11383.2 11390.4 11399.2 11408 11395.2 11377.8 11372.1 11372 11374.2 11377.4 11380.2 11378.5 11377.5 11381.4 11388.2 11394.7 11400.2 11404.8 11408 11409.5 11408.3 11405.2 11403.8 11399.1 11389.9 11382.8 11380.1 11377.7 11377.7
11221.3 11222.6 11223.7 11228 11231.8 11235.7 11240 11243.1 11245.6 11248.6 11251.5 11254.6 11257.7 11261.5 11265.1 11268.7 11266.2 11277 11301.1 11326.6 11335.9 11331.3 11324.1 11317 11312.3 11312 11316.7 11323.3 11330.1 11336.2 11340.1 11343.6 11347.6 11350.4 11352.4 11358.8 11364.4 11370.3 11376.3 11382.4 11389.5 11396.7 11402.1 11389.8 11376.7 11370.2 11371.8 11374.8 11379.4 11384 11379.5 11377.6 11382 11387 11390.9 11394.3 11397 11398.8 11399.1 11397.8 11396.4 11397.6 11396.6 11389.7 11383.5 11380.4 11377.8 11377.6
11220.7 11222.2 11223.6 11228 11232.1 11235.6 11238.8 11241.8 11245 11248.1 11251.3 11254.3 11256.5 11257.7 11261.8 11262 11251.5 11274.9 11315.5 11364.9 11356 11339.2 11327.3 11317.8 11308.8 11311.4 11317 11323.2 11329.3 11334.6 11339.4 11342.9 11342 11348.1 11356.4 11360.8 11365.5 11370.3 11375 11379.9 11384.2 11387.5 11388.4 11379.6 11373.9 11371.8 11372.8 11375.4 11377.1 11376.8 11376.1 11377.9 11383.1 11387.2 11387.9 11389.6 11390.8 11391.5 11391.8 11391.2 11391.1 11393.7 11395.3 11385.8 11381.6 11379.9 11379.4 11378.1
11220.5 11222.4 11224.9 11229.4 11232.6 11235.1 11237.7 11240.6 11243.9 11247.1 11250.7 11254.2 11256.7 11255.7 11261.8 11261.3 11256.1 11274 11308.7 11342.4 11344.6 11334 11325.7 11320.2 11316.8 11316.2 11319.2 11324 11329.4 11334.9 11339.8 11345 11348.5 11345.7 11356.1 11361.7 11365.5 11368.9 11372.1 11375.5 11377.1 11376.7 11373.6 11369.3 11370.3 11371.9 11373.6 11375.4 11376.2 11373.4 11375.9 11377.3 11381.1 11383.3 11384.9 11385.8 11386 11386.4 11386.6 11387.4 11389.1 11390.6 11389.5 11381.8 11379.5 11379.4 11379.5 11378.2
11220.1 11223.1 11227.6 11231.5 11232.8 11234.4 11236.5 11239.4 11242.2 11245.7 11249.7 11253.9 11257.7 11261.3 11265.5 11269.8 11267.9 11274.8 11293.5 11307.5 11314.8 11319.2 11319.6 11319.5 11319.8 11319.3 11321.6 11326 11330.3 11336 11340.7 11346.1 11351.1 11347.9 11357.1 11361.6 11363.8 11366.1 11368.2 11370 11370.4 11369.3 11367.4 11369.2 11372.6 11373.2 11374.7 11376.5 11379.1 11385.1 11385.4 11381.6 11380.3 11381.3 11382 11382.5 11382.7 11383.1 11383.3 11383.6 11386.2 11389.1 11389.7 11380.3 11379.6 11380 11380.5 11379.8
11219.5 11222.1 11226.2 11230.4 11231.4 11232.4 11234.2 11236.2 11239.8 11243.8 11248.5 11253.1 11257.1 11261.5 11268.4 11273.4 11275 11276.1 11282.6 11286 11293.4 11305.7 11312.1 11316.2 11319.7 11321.7 11324.9 11328.2 11331.2 11335.4 11338.8 11341.4 11342.5 11341.5 11354.9 11359.1 11360.3 11361.8 11363.2 11364.5 11366.2 11368.5 11369.5 11369.8 11369.4 11372.8 11374.7 11376.5 11378.3 11380.3 11377.8 11376.8 11377.4 11378.2 11379 11379.8 11380.2 11380.4 11380.5 11381.4 11385 11389.5 11389.3 11384.2 11381.5 11380.9 11381.2 11381.7
11218.4 11219.8 11221.6 11227 11228.9 11229.7 11230.5 11233.5 11235.7 11241.3 11247.1 11252.3 11256.3 11261 11267 11274.4 11278.6 11277.3 11277.7 11281.1 11289.6 11298.7 11308.4 11311.4 11317.4 11325.7 11329.5 11329.8 11332.5 11335.5 11338.5 11338.9 11336.6 11348.1 11351.9 11353.9 11355.8 11358.2 11360.2 11361.8 11363.4 11366.8 11370.5 11372.7 11370.3 11372.5 11374.7 11375.5 11375.2 11372.8 11370.3 11372.3 11374.1 11374.5 11376.4 11378.1 11378.4 11378.6 11378.4 11378.6 11383.3 11389.4 11394.2 11387.4 11383.7 11382 11381.3 11380.3
11217 11218 11221.6 11225.4 11226.9 11227.3 11226.9 11225.7 11232.1 11240 11246.7 11252.1 11256.5 11263.2 11269.7 11274.6 11276.6 11275.2 11274.3 11274.8 11279.8 11294.4 11312 11323.7 11327.2 11326.1 11324.2 11329.5 11333.8 11337 11340.8 11346.5 11354.7 11358.6 11351.2 11349.9 11353 11356.2 11358.5 11359.9 11360.5 11359.9 11365.8 11371.2 11371.7 11375.7 11375.8 11375.6 11374.4 11372.3 11371.4 11372.5 11373.8 11375.4 11376.5 11377.2 11377.9 11377.6 11377.5 11377.9 11382 11386.3 11388.9 11386.6 11383.5 11381.6 11380 11380.9
11215.8 11216.3 11223 11224.8 11225.7 11226.2 11226.8 11228.5 11233.6 11240.8 11248.4 11255.3 11261.8 11266.7 11273.5 11274.1 11275 11275.4 11272.3 11269.6 11270.3 11290.5 11315.5 11345.1 11340.1 11331.4 11326.8 11332.2 11334.6 11336.5 11339.7 11345.9 11357.7 11357.4 11349.7 11347.1 11351.7 11355.9 11358.3 11359.8 11360.4 11362.2 11364.7 11369.4 11372.6 11375.5 11376.9 11376.5 11374.9 11373.3 11373.7 11373.7 11375.2 11377.2 11377.8 11377.3 11376.9 11376.8 11377.5 11379.4 11381.2 11385 11386 11382.9 11381 11379.2 11377.3 11378
11215.3 11216.3 11220.7 11223.6 11225 11225.8 11227.6 11230.3 11235.3 11242.5 11250.5 11258.5 11263.6 11266.2 11269.2 11273.2 11275.4 11276.8 11272.7 11270.4 11274.4 11287.2 11305.6 11326.1 11332.2 11334.6 11344.5 11336 11334.7 11334.7 11336.2 11337.3 11341 11349.8 11348.9 11347.8 11354.2 11357.4 11358.5 11359.2 11360.6 11362.2 11364.2 11365.5 11372.3 11376.7 11380 11378.5 11376 11373.5 11372.9 11373.7 11375.2 11378.4 11378.5 11376.6 11375.8 11375.7 11375.8 11376.4 11377.9 11379.6 11379.5 11379.5 11378 11375.7 11372.5 11371.4
11215 11216.1 11220.4 11222.6 11224.2 11225.5 11227.9 11231.4 11237 11244.7 11252.1 11259 11265.9 11265.9 11269.3 11274.4 11276.9 11275.8 11272.8 11272.9 11276.4 11284.3 11293.2 11302.6 11319.4 11328.6 11328.1 11334 11334.2 11333.3 11333.1 11335.8 11338.3 11350.3 11358.9 11360.4 11364 11361.4 11359.9 11359.1 11359.9 11361.9 11364.8 11365.1 11374.4 11386.4 11383.8 11380.2 11376.7 11373.5 11372.5 11373.3 11373.9 11374.6 11374 11373.2 11373.3 11374 11374.7 11374.2 11374.1 11372.4 11375.7 11376.4 11375.2 11372.7 11368.8 11365.8
11214.7 11214.6 11218.9 11222.4 11224.3 11226 11228.7 11233.6 11240.9 11249 11255.6 11259 11260.5 11267 11274.3 11280.2 11281.3 11274.8 11274.2 11280.3 11281.9 11292.8 11296 11299.5 11317 11328.3 11337.5 11337.3 11334 11331.3 11329.5 11329.9 11342.2 11360.5 11372 11382 11370.8 11364.3 11361.3 11359.8 11359 11360.4 11364.1 11365.9 11374 11382.5 11383.1 11380.8 11377.7 11373.6 11372.1 11372.3 11371.3 11370.1 11369.6 11368.6 11369.7 11371.6 11376 11376.4 11372.9 11373 11374.3 11375.3 11374.1 11371.7 11368.8 11367.2
11215.9 11215.4 11220.8 11223.4 11225 11226.9 11229.8 11234.8 11243.8 11257.3 11266.6 11269.5 11280 11296.4 11296.2 11292.5 11284.4 11273.6 11279.2 11299.1 11319 11329.6 11328.7 11324 11325.8 11330.6 11334.7 11335.1 11332.8 11330.6 11328.7 11329.2 11341.8 11365.7 11369 11366.4 11364.4 11361.6 11359.8 11358.6 11358.3 11360.6 11365.9 11366 11371.1 11377.4 11380.1 11380.7 11380 11376 11372.8 11372 11369.7 11365.4 11361 11363.3 11366.3 11368.6 11364.2 11367.5 11370.8 11373.2 11377.6 11376.3 11374.5 11372.4 11370.3 11369.2
11219.7 11222.2 11224.4 11225.7 11226.5 11227.6 11230.3 11234.4 11244.5 11270.5 11300.8 11325.7 11333.6 11340.7 11321.5 11307.7 11297.4 11284.5 11293.8 11322.8 11351.1 11362 11352.1 11341.5 11333.5 11332.1 11331.9 11332.4 11331.8 11331.2 11330.3 11331.3 11340 11363.6 11361.1 11354.6 11354.1 11355.7 11356.7 11357.3 11357.4 11359.1 11362.6 11364.4 11368.1 11372.4 11376.6 11379.9 11383 11389.2 11383.7 11375.8 11370.6 11364.1 11358.9 11360.5 11363.5 11367 11373.8 11373 11371.2 11374.7 11378 11377.5 11375.4 11373.1 11371 11369.9
11223 11227 11227.8 11228.1 11228.2 11228.9 11230.8 11234.9 11244.2 11279.9 11322.6 11337.3 11327.1 11309.6 11312.6 11314.5 11325.5 11347.7 11344.3 11339.4 11349.1 11351 11335.1 11334.6 11333.4 11332.1 11330.5 11330.6 11332.8 11333.3 11332.9 11333.7 11340.1 11349.2 11350.3 11345.8 11347.5 11351.7 11354.7 11356.9 11359.2 11359.6 11358.6 11360.4 11366.1 11371.7 11376 11378.2 11380.7 11383.4 11385.7 11382 11372.8 11364.9 11359.8 11359.2 11361.3 11364 11367.4 11370 11372.5 11378.6 11380.6 11379.4 11377 11374.3 11371.6 11370.2
11225 11228.2 11230 11230.2 11229.9 11230.4 11232.7 11238.3 11252.8 11282.9 11310.9 11303.9 11292.2 11284.9 11294.5 11306.3 11321.1 11335.6 11337 11330.8 11325.1 11319.8 11327.5 11329.4 11330.8 11331.7 11332.2 11332.9 11336.5 11337.3 11337.4 11338.4 11341.1 11342.7 11344.3 11345 11347.3 11351 11354.3 11356.3 11357.9 11359.4 11357.7 11359.5 11366.1 11371.5 11374.8 11376 11375.8 11375 11379.2 11379.8 11372.2 11365.2 11359.4 11358.8 11360.1 11362 11364 11368.6 11373.4 11375 11382.2 11381.7 11378.5 11374.9 11372.3 11370.2
11227.8 11230.7 11232 11231.8 11231.3 11231.6 11233.8 11239.3 11252.5 11280.3 11302.6 11282.3 11271 11270.5 11279.2 11290.3 11298.6 11300.7 11306.8 11308.7 11307.2 11307.8 11322.3 11323.6 11326.3 11330.7 11336.7 11343.7 11342.1 11341.5 11342.4 11344.1 11342.6 11342.1 11342.8 11344.5 11347.6 11352.7 11355.6 11356.3 11357.8 11358.2 11362.3 11364.5 11367.3 11370.7 11373.2 11375.8 11373.8 11370 11373.6 11373.5 11370.1 11365.1 11361.4 11360.1 11360.6 11362.1 11364.8 11368.8 11374.5 11380.6 11386.5 11383.9 11379.1 11374.4 11370.1 11369.3
11231.6 11235.9 11234.3 11233.1 11232.3 11232.6 11234.5 11239.1 11249.1 11276.7 11310.9 11275.5 11264 11261.6 11270 11277.8 11283.1 11284.1 11283.3 11291 11296.5 11300.8 11305.7 11314.7 11320.4 11326.6 11334.8 11343.2 11341.8 11342 11344.5 11345.8 11343.7 11341.6 11343.7 11348.3 11352.7 11358.9 11359.6 11358.6 11354.5 11353.8 11364 11366.7 11367.3 11372.3 11378.9 11380.5 11378.9 11372.8 11374.9 11373.1 11369.3 11365.8 11364.9 11363.7 11361.4 11363.3 11365.8 11369.1 11373.8 11393 11391.6 11385.7 11379.7 11374.5 11371.6 11370.4
11232.5 11235.5 11235.4 11235 11234.2 11234.6 11236.4 11240 11246.6 11266.3 11290.6 11281.8 11267.9 11262.8 11266.4 11272 11275.9 11277.7 11277.1 11282.9 11290.6 11297.7 11302.3 11309 11314.6 11320.9 11326.6 11329.8 11334.6 11339 11341.8 11342.3 11343.1 11342.4 11346.9 11359.1 11372.5 11368.7 11364.8 11362 11362.7 11357.4 11348.2 11355.3 11362.8 11371.3 11376.2 11386.8 11393.8 11393.7 11383.9 11375.2 11371.1 11368.2 11359.6 11353.2 11362.3 11366.8 11369 11370.7 11374.2 11385.2 11388.3 11384.8 11379.9 11374.3 11370.9 11371.7
11234.1 11234.9 11235.3 11234.8 11234.9 11235.1 11236.1 11239.1 11244.4 11253.2 11267.3 11284.9 11267.1 11262.6 11265.7 11270.1 11273.8 11276.8 11277.3 11281.3 11287.7 11294.1 11299.2 11305.2 11311.1 11316.2 11320.3 11322.7 11329.3 11336.4 11341 11343.2 11342.3 11341.8 11346.7 11361.8 11373.6 11372.8 11368.1 11362.5 11359 11361.2 11343.8 11346.2 11357.3 11369.3 11384.3 11390.3 11398.1 11402.2 11391.9 11379.9 11378 11377.8 11373.5 11376.2 11370.4 11372.5 11373.2 11372.8 11374.5 11376.4 11382.5 11383.1 11380.9 11376.2 11373.3 11375.3
11234.7 11237.8 11236.5 11235.9 11235.1 11234.9 11235.6 11237.1 11239.5 11241.6 11248.1 11259.1 11266.6 11264.8 11267.4 11271 11275.7 11280.9 11283.3 11284.5 11287.7 11290.3 11295.6 11302.1 11307.7 11312.4 11316.6 11320.4 11327.3 11335.4 11341.9 11342.7 11343 11343 11346.3 11359 11368.9 11370.8 11370 11367 11363.7 11363.1 11349 11346.6 11354.2 11363.8 11374.5 11382.3 11388.5 11395.1 11397.8 11393 11393.1 11393.8 11388.4 11380.9 11377.9 11374.3 11373.8 11374 11374.7 11378 11381.3 11382.9 11383.6 11383.5 11382.4 11381.5
11237.1 11238.3 11236.8 11236.7 11235.2 11236 11235.4 11235.8 11236.9 11240.1 11242.4 11248.8 11257.9 11263.9 11268.3 11273.7 11278.7 11283.2 11286.5 11287.3 11289 11292.3 11296 11300.8 11305.6 11310.1 11314.7 11321.3 11327.9 11333.3 11338.6 11341.7 11345.2 11348.7 11349.6 11361.6 11364 11368 11370.7 11374.1 11371.3 11363.7 11350.5 11349.2 11353.1 11357.7 11361.1 11371.5 11387 11395.3 11403 11414.5 11418.9 11408.4 11398.1 11392.7 11386.9 11377.7 11375 11375.8 11378.7 11380.9 11381.7 11383 11384.7 11387.9 11389.1 11387.2
