real_craters/C130-500m.grd
DSAA
163 163
-40.6175 40.6175
-40.6175 40.6175
8779.2651150085 10122.836543344
[rows 0 to 29 of 163, columns 0 to 66 of 163]
9679.79 9682.83 9686.7 9687.43 9688.4 9688.67 9687.57 9684.13 9677.89 9680.28 9683.01 9685.4 9691.96 9692.16 9692.42 9692.77 9693.75 9699.32 9702.49 9702.06 9705.91 9703.31 9704.85 9706.33 9705.87 9684.16 9633.67 9559.96 9748.94 9708.96 9701.74 9707.35 9712.55 9715.84 9716.86 9715.3 9715.35 9714.3 9713.23 9713.45 9713.43 9712.77 9710.37 9717.42 9724.01 9728.21 9726.28 9726.15 9726.37 9726.1 9725.87 9725.53 9725.38 9731.4 9737.85 9736.96 9735.55 9735.37 9738.04 9741.38 9743.46 9740.43 9741 9742.77 9745.11 9747.53 9750.52
9679.15 9682.57 9684.93 9686.79 9687.73 9687.52 9686.27 9684.47 9681.12 9678.39 9679.93 9685.25 9690.6 9688.06 9689.43 9689.91 9691.28 9693.36 9697.17 9702.35 9695.83 9697.64 9699.25 9699.89 9697.19 9682.09 9664.51 9713.13 9733.33 9702.45 9699.54 9704.16 9709.87 9712.45 9712.48 9713.89 9713.43 9711.52 9710.76 9710.08 9709.98 9710.38 9711.04 9711.95 9718.96 9723.01 9724.17 9724.57 9724.67 9725.04 9725.43 9726.17 9729.95 9732.51 9735.81 9733.9 9734.25 9739.17 9740.54 9744.58 9743.55 9743.78 9742.13 9743.43 9745.52 9747.98 9750.51
9678.67 9682.77 9685.12 9686.36 9685.98 9685.37 9685.23 9685.49 9686.88 9681.6 9678 9679.93 9686.49 9689.5 9686.82 9686.54 9689.47 9694.11 9694.68 9694.75 9694.38 9692.82 9693.16 9692.86 9690.23 9686.04 9688.04 9703.37 9705.65 9699.49 9697.46 9700.67 9706.81 9707.33 9707.38 9708.31 9708.13 9707.58 9707.64 9706.69 9707.01 9708.39 9710.56 9711.41 9716.54 9721.27 9722.93 9723.56 9724.49 9725.03 9725.69 9726.7 9727.95 9732 9736.06 9732.87 9734.54 9738.21 9737.43 9738.73 9744.01 9741.04 9742.28 9743.78 9745.75 9748.26 9750.93
9679.83 9683.05 9684.62 9685.31 9684.78 9684.27 9684.3 9683.88 9683.12 9679.1 9674.82 9673.67 9671.6 9678.67 9681.02 9682.34 9687.4 9691.12 9691.3 9690.44 9689.91 9688.96 9687.58 9686.89 9686.64 9685.6 9688.4 9691.56 9693.5 9694.86 9694.05 9694.06 9693.51 9698.57 9701.1 9702.48 9703.22 9702.26 9701.06 9702.24 9703.86 9705.69 9708.97 9711.25 9715.51 9718.89 9720.9 9722.4 9723.91 9725.04 9725.98 9727.19 9729.72 9731.81 9733.32 9732.58 9734.83 9738.45 9737.83 9740.57 9743.52 9741.08 9742.1 9743.74 9745.45 9747.33 9749.91
9681.91 9682.89 9683.2 9682.89 9682.38 9681.4 9680.91 9680.44 9678.43 9675.36 9673.52 9672.83 9668.57 9671.41 9675.4 9679.38 9683.61 9682.92 9685.66 9684.58 9685 9684.62 9683.03 9680.41 9680.95 9683 9687.22 9687.57 9685.68 9686.38 9688.33 9689 9688.42 9692.93 9696.3 9698.02 9698.24 9698.38 9697.98 9699.57 9701.72 9703.27 9705.43 9710.16 9717.19 9716.56 9719.91 9722.26 9724.02 9725.53 9727.06 9727.93 9728.37 9729.81 9732.03 9733.06 9737.4 9739.51 9740.92 9742.75 9742.87 9742.56 9742.73 9743.59 9744.57 9745.42 9745.68
9681.8 9681.16 9681.38 9680.86 9679.31 9678.85 9678.16 9677.18 9675.87 9675.09 9676.26 9673.57 9670.48 9668.64 9671.2 9674.63 9678.79 9679.7 9684 9683.48 9682 9681.35 9679.51 9677.12 9675.93 9680.3 9683.67 9685.72 9685.43 9686.02 9687.29 9688.97 9690.63 9692.19 9694.38 9695.76 9696.62 9697.05 9696.98 9699.1 9701.82 9704.4 9708.26 9712.19 9718.28 9716.99 9720.51 9722.31 9724.17 9726.3 9727.43 9728.62 9729.12 9730.39 9733.14 9738.08 9737.66 9737.51 9741.78 9743.32 9742.13 9742.75 9743.27 9743.6 9744.2 9744.38 9744.18
9680.11 9678.17 9675.94 9674.44 9674.71 9675.38 9675.23 9674.67 9674.55 9674.99 9672.07 9674.8 9668.27 9666.81 9667.66 9669.76 9670.78 9677.25 9678.78 9677.81 9677.39 9677.64 9678.28 9678.35 9678.14 9680.72 9683.08 9685.08 9686.2 9685.57 9687.2 9689.24 9691.26 9692.8 9694.04 9695.11 9695.99 9697.25 9699.29 9701.54 9703.38 9705.73 9709.03 9716.75 9718.97 9721.02 9722.06 9722.89 9724.9 9727.61 9729.42 9730.63 9731.69 9732.97 9734.02 9736.89 9740.82 9741.45 9743.42 9744.13 9743.47 9743.77 9743.86 9743.61 9743.89 9743.9 9743.67
9675.64 9674.43 9671.52 9668.15 9671.72 9672.36 9671.87 9671.18 9670.24 9669.33 9672.67 9668.51 9667.23 9664.31 9664.18 9664.68 9668.5 9668.52 9671.69 9674.7 9675.49 9676.48 9677.62 9679.88 9681.72 9682.05 9683.64 9685.39 9685.86 9686.16 9688.23 9690.46 9692.11 9693.67 9694.69 9695.22 9695.24 9697.59 9700.39 9702.78 9705.37 9707.29 9711.07 9715.22 9720.97 9724.21 9723 9724.53 9726.14 9728.22 9730.63 9732.94 9735.18 9735.67 9739.64 9744.17 9744.53 9741.78 9745.31 9745.23 9744.12 9744.68 9743.58 9743.06 9742.84 9742.84 9742.88
9670.81 9672.15 9673.8 9677.84 9673.32 9670.63 9669.05 9667.7 9666.2 9667.35 9662.63 9659.8 9662.31 9661.7 9662.21 9662.98 9664.83 9666.79 9668.06 9671.9 9673.76 9674.98 9676.74 9677.83 9679.9 9682.24 9684.04 9685.47 9685.93 9687.69 9690.67 9692.76 9694.29 9695.52 9696.25 9696.82 9697.56 9699.62 9702.44 9705.29 9707.67 9709.62 9709.88 9715.04 9720.82 9719.48 9721.94 9724.76 9727.17 9729.82 9732.5 9735.72 9739 9741.47 9745.53 9747.13 9745.51 9741.7 9741.14 9742.32 9743.09 9743.44 9741.64 9740.85 9741.04 9741.35 9741.88
9668.73 9669.85 9670.58 9663.05 9668.01 9667.32 9666.31 9664.96 9663.04 9659.14 9657.73 9660.8 9658.96 9660.43 9660.95 9661.38 9664.23 9666.41 9668.98 9670.92 9673.27 9675.68 9677.06 9678.25 9680.58 9682.84 9684.66 9686.13 9686.87 9688.91 9692.99 9694.66 9696.48 9697.5 9698.18 9699.23 9701.22 9703.39 9705.1 9707.38 9709.08 9712.05 9710.48 9718.93 9717.75 9718.9 9721.82 9724.93 9727.48 9729.98 9732.76 9736.82 9742.49 9749.69 9751.66 9747.68 9745.76 9743.16 9741.21 9740.33 9742.35 9739.54 9737.09 9736.56 9737.86 9738.7 9740.67
9667.62 9667.32 9665.91 9664.19 9664 9664.19 9664.09 9663.08 9661.39 9660.28 9658.79 9658.84 9661.89 9660.52 9659.77 9661.41 9665.68 9666.36 9666.98 9670.18 9673.43 9676.19 9678.25 9679.2 9682.41 9684.64 9686.1 9687.2 9687.03 9691.25 9696.66 9700.54 9699.58 9699.43 9699.99 9701.03 9702.8 9704.39 9705.69 9708.22 9706.78 9706.77 9708.4 9714.33 9719.3 9725.12 9725.51 9726.29 9728.02 9729.96 9732.08 9735.59 9740.72 9750.98 9753.46 9748.93 9747.44 9739.86 9737.3 9735.4 9736.27 9731.29 9731.45 9733.1 9734.75 9737.51 9739.25
9666.32 9665.8 9664.45 9662.88 9662.78 9663.05 9662.62 9661.78 9660.74 9659.74 9658.01 9659.62 9657.83 9658.57 9658.05 9658.01 9661.58 9665.04 9667.33 9670.8 9673.81 9677.47 9680.26 9683.95 9686.07 9687.84 9688.92 9689.07 9691.01 9696.63 9699.31 9698.63 9700.01 9700.06 9700.64 9701.58 9702.65 9703.74 9704.94 9704.54 9705.03 9706.01 9707.82 9719.33 9723.79 9727.69 9726.22 9725.77 9726.12 9726.78 9730.11 9731.42 9732.5 9732.43 9738.16 9744.18 9741.01 9723.5 9715.3 9721.76 9715.01 9719.17 9722.67 9726.06 9730.26 9734.71 9737.09
9666.56 9664.56 9663.32 9661.34 9661.69 9662.17 9661.85 9660.86 9660.3 9659.92 9658.64 9656.88 9656.95 9656.86 9657.48 9657.81 9660.44 9663.84 9669.64 9671.85 9673.87 9675.92 9680.78 9686.56 9690.14 9691.95 9693.02 9693.01 9695.06 9699.12 9701.05 9699.19 9699.85 9700.63 9701.56 9702.56 9703.31 9702.97 9706.24 9708.98 9709.54 9709.03 9707.98 9717.99 9729.46 9730.52 9727.07 9725.75 9724.84 9724.05 9724.24 9724.14 9724.05 9722.8 9719.24 9716.47 9704.68 9707.95 9720.2 9719.99 9711.78 9711.73 9716.14 9720.4 9724.63 9730.34 9739.07
9662.85 9661.6 9661.74 9663.79 9663.8 9661.16 9660.15 9659.55 9659.73 9660.24 9659.33 9656.02 9655.2 9655.43 9655.82 9658.44 9659.82 9662.8 9668.27 9672.07 9675.13 9677.17 9684.44 9691.14 9694.33 9695.86 9697.51 9699.15 9698.07 9700.15 9700.68 9698.68 9699.57 9700.96 9702.29 9703.55 9705.23 9708.5 9708.87 9707.37 9711.91 9710.88 9716.05 9725.32 9746.39 9736.45 9728.64 9725.02 9723.09 9720.93 9718.76 9717.13 9715.63 9715.16 9714.07 9703.08 9701.84 9701.52 9723.04 9719.7 9707.08 9707.55 9710.29 9713.36 9717.19 9722.58 9730.38
9654.86 9656.83 9658.07 9659.2 9659.59 9657.94 9657.21 9657.13 9657.62 9657.64 9653.81 9652.78 9653.64 9654.4 9655.2 9657.1 9659.73 9661.77 9665.9 9671.65 9677.32 9685.84 9695.06 9698.19 9698.01 9699.17 9700.75 9702.41 9695.66 9691.16 9696.92 9696.39 9699.6 9701.58 9703.02 9704.68 9706.01 9706.7 9713.75 9722.54 9731.21 9734.83 9722.4 9731.12 9742.75 9736.2 9726.65 9724.52 9721.08 9717.02 9712.27 9708.76 9705.76 9702.79 9691.93 9690.82 9698.28 9702.34 9719.33 9714.82 9707.83 9707.43 9705.83 9706.6 9708.54 9711.71 9715.54
9651.73 9652.89 9653.42 9653.34 9651.95 9652.9 9653.35 9653.79 9654.72 9654.81 9653.56 9650.14 9651.49 9652.31 9652.03 9654.8 9658.27 9662.16 9665.93 9671.37 9677.83 9683.41 9687.94 9695.25 9697.73 9699.96 9702.35 9704.79 9697.18 9691.7 9694.84 9699.52 9701.58 9703.46 9704.69 9706.57 9708.74 9711.89 9720.02 9730.75 9736.38 9728.98 9730.59 9727.64 9735.36 9732.86 9729.23 9723.17 9716.33 9710.62 9705.45 9699.85 9694.18 9685.29 9673.84 9679.78 9687.05 9701.06 9707.41 9701.77 9700.87 9701.27 9699.89 9699.82 9700.05 9701.1 9703.05
9652.99 9650.81 9649.45 9647.88 9646.18 9648.23 9650.28 9651.54 9652.07 9651.97 9650.49 9648.77 9650.56 9649.97 9650.44 9652.7 9657.64 9664.35 9664.35 9670.89 9678.11 9685.13 9689.99 9691.18 9695.76 9699.04 9700.05 9699.23 9698.9 9698.17 9698.87 9703.11 9704.38 9705.7 9707.41 9709.42 9711.85 9716.21 9722.43 9730.44 9732.28 9718.06 9719.52 9730.05 9720.28 9724.94 9728.71 9718.05 9710.16 9703.52 9697.16 9691.1 9685.34 9678.59 9671.98 9676.62 9682.07 9690.8 9689.9 9686.36 9689.92 9692.06 9693.32 9693.18 9692.76 9692.89 9694.6
9652.08 9648.77 9646.78 9645.18 9643.99 9646.08 9647.99 9649.22 9649.76 9649.83 9648.79 9648.41 9650.47 9651.34 9650.31 9653.12 9656.14 9659.03 9663.34 9671.12 9678.71 9685.69 9690.66 9690.2 9693.54 9698.04 9701.66 9698.54 9701.68 9700.39 9705.56 9705.09 9705.21 9706.65 9708.46 9710.94 9712.9 9715.04 9718.86 9723.24 9716.98 9714.93 9715.05 9708.8 9712.09 9714.01 9710.14 9706.5 9700.9 9694.62 9688.09 9681.95 9676.47 9674.57 9675.64 9677.07 9678.42 9683.76 9680.83 9679.78 9685.1 9689.23 9688.5 9687.71 9686.89 9686.08 9687.83
9643.73 9644.15 9643.91 9643.84 9645 9645.34 9646.47 9647.75 9648.43 9649.23 9650.08 9648.13 9651.13 9654.29 9655.05 9655.31 9655.75 9657.56 9664.78 9672.61 9679.53 9685.35 9688.55 9687.93 9687.36 9691.75 9701.91 9710.08 9702.9 9703.83 9703.84 9704.72 9707.17 9709.87 9712.23 9714.05 9715.78 9716.72 9717.45 9718.79 9717.34 9722.49 9716.66 9717.49 9712.71 9708.23 9703.45 9697.54 9691.02 9684.45 9678.42 9672.68 9667.72 9664.24 9672.62 9675.89 9678.46 9681.63 9682.21 9681.59 9683.94 9684.76 9684.65 9683.4 9682.25 9681.84 9683.67
9638.8 9640.1 9641.48 9642.35 9642.89 9644.03 9645.3 9646.41 9647.64 9648.43 9649.08 9649.17 9650.22 9652.92 9653.42 9653.55 9657.56 9661.82 9668.74 9674.3 9679.58 9685.34 9691.24 9690.02 9682.38 9680.39 9677.89 9684.99 9695.4 9702.83 9705.18 9706.85 9709.08 9711.38 9714.41 9716.86 9718.92 9722.03 9724.56 9719.64 9721.78 9722.34 9721.95 9718.22 9711.57 9703.66 9696.53 9688.71 9680.88 9674.99 9670.4 9666.63 9663.65 9664.88 9669.54 9678.96 9686.32 9690.49 9688.62 9690.53 9686.73 9685.71 9683.39 9681.66 9680.34 9680.6 9684.76
9638.04 9639.13 9640.49 9641.69 9642.7 9643.98 9645.34 9646.67 9647.39 9647.9 9647.79 9648.7 9649.85 9651.35 9651.71 9654.83 9660.68 9671.1 9677.46 9683.06 9687.01 9690.54 9692.07 9692.07 9685.85 9674.25 9665.95 9672.15 9689.9 9703.98 9707.06 9708.27 9710.66 9712.39 9714.64 9717.36 9720.52 9724.77 9726.18 9722.61 9725.53 9723.44 9722.36 9721.12 9710.72 9697.65 9686.24 9676.25 9668.02 9664.95 9662.63 9661.02 9660.27 9661.39 9668.83 9685.39 9704.19 9652.94 9686.76 9697.63 9687.81 9685.03 9682.88 9680.83 9679.36 9679.77 9682.89
9639.28 9639.88 9640.68 9641.87 9643.36 9644.73 9645.58 9646.48 9647.1 9647.79 9648.07 9649.21 9651.18 9653.82 9651.57 9658.17 9668.94 9678.82 9686.61 9692.47 9696.14 9694.12 9692.6 9698.02 9698.6 9681.09 9654.5 9667.21 9690.31 9709.71 9717.33 9713.99 9712.34 9711.91 9713 9716.01 9719.96 9724.1 9728.16 9724.46 9724.38 9726.36 9725.17 9723.11 9708.14 9690.14 9670.02 9654.03 9655.42 9656.26 9656.77 9657.6 9658.73 9659.81 9667.52 9686.3 9711.38 9574.78 9692.85 9705.38 9684.5 9683.66 9682.61 9680.97 9679.38 9679.29 9681.87
9638.64 9639.91 9641.14 9642.33 9643.61 9644.81 9645.72 9646.94 9647.5 9646.94 9646.76 9650.84 9648.1 9647.83 9650.06 9659 9671.06 9682.43 9689.15 9700.04 9709.41 9702.03 9699.08 9716.48 9730.06 9710.82 9676.5 9686.91 9697 9701.53 9703.11 9712.06 9706.99 9706.07 9708.7 9712.58 9717.3 9721.7 9723.74 9723.65 9723.5 9727.33 9724.55 9721.67 9705.31 9685.67 9665.43 9651.44 9649.87 9651.45 9653.78 9656.25 9659.57 9661.5 9665.54 9679.4 9696.31 9710.94 9700.62 9691.64 9680.85 9682.9 9682.76 9681.32 9680.06 9679.16 9680.73
9639.11 9640.72 9642.17 9643.16 9643.19 9642.83 9645.7 9647.53 9649.53 9651.67 9647.07 9646.01 9643.82 9647.43 9657.16 9671.4 9666.09 9666.52 9681.63 9700.69 9728.38 9759.51 9783.35 9806.53 9761.71 9761.33 9737.85 9731.28 9708.88 9684.63 9690.07 9693.59 9692.36 9696.11 9700.75 9707.33 9713.68 9719.24 9723.02 9723.53 9728.41 9722.16 9724.04 9718.56 9702.28 9683.98 9666.05 9653.15 9649.52 9650.08 9652.11 9654.78 9657.15 9656.7 9659.76 9668.35 9686.52 9690.39 9685.3 9683.85 9682.29 9682.8 9682.92 9681.2 9680.32 9680.03 9680.39
9640.51 9641.88 9644.05 9645.35 9645.86 9646.03 9647.61 9648.59 9649.83 9650.59 9657.21 9649.7 9646.79 9657.11 9687.26 9677.27 9664.86 9657.94 9660.41 9672.99 9705.36 9783.56 9760.26 9717.3 9694.6 9744.56 9819.96 9744.34 9714.05 9687.71 9673.42 9671.41 9676.96 9684.36 9690.75 9700.21 9708.6 9716.08 9722.85 9725.76 9725.28 9723.8 9725.38 9714.96 9699.23 9682.62 9666.98 9654.93 9650.64 9650.12 9651.7 9653.99 9655.8 9654.49 9655.37 9660.21 9684.89 9678.92 9677.01 9679.51 9680.74 9680.03 9679.81 9680.09 9680.62 9681.47 9681.21
9643.31 9645.95 9647.03 9647.98 9649.27 9652.85 9650 9649.07 9649.21 9649.23 9649.43 9654.76 9665.69 9662.92 9660.19 9661.58 9659.78 9641.65 9621.83 9609.21 9604.73 9591.88 9558.55 9501.66 9507.77 9546.46 9602.97 9646.67 9691.67 9737.37 9682.03 9661.19 9668.49 9677.19 9685.57 9693.29 9703.58 9712.66 9719.28 9721.25 9725.63 9723.5 9718.08 9708.77 9694.11 9679.25 9666.3 9656.72 9651.54 9650.34 9651.13 9653.34 9655.8 9654.62 9654.58 9659.24 9677.1 9676.03 9672.72 9674.11 9675.89 9676.05 9676.05 9678.77 9680.16 9680.78 9680.83
9646.17 9649.1 9650.43 9650.42 9649.91 9647.07 9647.7 9648.7 9649.06 9649.38 9647.81 9649.43 9659.81 9654.97 9653.56 9650.49 9655.54 9617.96 9569.81 9521.66 9478.84 9438.58 9363.19 9303.61 9289.41 9315.06 9388.36 9499.75 9610.71 9700.55 9693.38 9670.44 9668.36 9674.78 9681.12 9688.34 9699.03 9708.14 9718.48 9722.77 9723.08 9719.24 9716.12 9700.6 9685.97 9672.35 9661.93 9654.48 9650.64 9649.44 9650.41 9652.28 9652.72 9653.45 9655.45 9661.03 9672.83 9669.71 9667.74 9670.12 9671.86 9673.97 9677.48 9678.35 9680.32 9680.72 9681.4
9648.27 9652.84 9652.46 9653.3 9652.67 9648.22 9648.7 9650.31 9648.97 9648.01 9648.35 9652.41 9665.79 9652.98 9647.27 9637.69 9635 9588.73 9511.31 9421.95 9333.6 9259.57 9183.67 9107.32 9100.73 9129 9218.68 9352 9483.4 9602.12 9681.01 9694.74 9676.6 9676.43 9677.24 9682 9693.07 9702.83 9713.95 9718.73 9720.33 9722.76 9705.18 9685.57 9672.83 9663.71 9656.45 9650.6 9648.55 9648.72 9650.05 9652.32 9653.53 9653.05 9656.32 9660.74 9663.94 9661.74 9666.58 9668.09 9667.17 9671.56 9673.94 9676.04 9679.19 9683.82 9682.64
9648.85 9649.15 9653.09 9657.44 9660.95 9661.91 9662.5 9657.13 9649.08 9647.86 9654.17 9664.11 9662.85 9639.33 9637.32 9642.66 9654.48 9573.07 9459 9331 9196.19 9095.63 9055.78 9009.96 8997.98 9014.53 9102.89 9232.41 9361.44 9501.49 9657.55 9716.92 9681.21 9678.04 9680.32 9684.89 9690.22 9697.49 9703.97 9705.87 9710.68 9705.29 9677.51 9666.7 9660.91 9655.5 9650.78 9647.73 9646.78 9647.68 9649.88 9652.65 9655.23 9654.38 9656.82 9660.28 9660.11 9658.58 9663.98 9666.91 9668.49 9668.93 9670.9 9672.47 9674.89 9678.38 9681.35
9650.68 9653.22 9656.57 9661.3 9668.86 9683.25 9686.49 9663.38 9649.25 9648.77 9657.13 9664.29 9655.76 9634.6 9634.39 9651.15 9667.55 9556.75 9415.78 9264.19 9115.7 9024.21 9002.33 8996.98 8985.83 8977.38 9047.32 9152.61 9271.91 9436.9 9628.17 9726.02 9685.38 9679.1 9676.09 9678.94 9685.34 9687.94 9694.92 9694.77 9669.77 9662.76 9646.17 9648.77 9649.61 9647.73 9646.03 9643.81 9643.11 9644.51 9647.15 9650.96 9655.96 9654.84 9656.81 9659.22 9662.89 9660.9 9663.84 9664.75 9664.75 9665.96 9667.68 9669.54 9671.25 9674.46 9682
