real_craters/C130-300m.grd
DSAA
272 272
-40.6175 40.6175
-40.6175 40.6175
8779.7834931556 10157.039986348
[rows 60 to 89 of 272, columns 134 to 200 of 272]
9769.51 9779.34 9789 9798.14 9801.89 9811.26 9816.91 9823.54 9822.08 9824.76 9827.31 9826.37 9822.17 9815.61 9805.62 9791.77 9772.78 9746.45 9713.96 9696.97 9667.65 9621.96 9568.35 9510.65 9459.78 9488.65 9586.52 9698.15 9817.01 9948.27 10016.9 9987 9947.06 9926.01 9909.42 9898.03 9886.14 9873.65 9863.74 9855.53 9847.67 9841.97 9837.8 9832.72 9829.76 9827.1 9824.44 9823.38 9822.65 9822.44 9821.9 9827.36 9828.05 9831.68 9836.77 9844.68 9856.11 9856.6 9862.3 9874.12 9888.14 9866.72 9841.82 9837.27 9837.39 9839.56 9842.34
9773.95 9782.28 9790.27 9797.62 9800.14 9811.16 9817.36 9822.72 9826.32 9830.22 9833.77 9835.29 9837.81 9836.76 9834.79 9831.66 9827.19 9820.36 9801.85 9786.47 9747.08 9695.28 9640.51 9585.58 9536.56 9557.77 9658.24 9764.78 9873.88 9979.13 9987.67 9963.16 9940.61 9921.34 9905.4 9894.58 9883.38 9870.05 9862.03 9852.77 9845.11 9838.2 9835.67 9831.81 9829.46 9827 9824.94 9823.95 9823.19 9823.08 9823.98 9827.77 9828.06 9829.89 9831.35 9832.57 9829.66 9832.64 9845.13 9853.67 9853.49 9841.08 9828.88 9831.2 9835.93 9841.06 9846.54
9780.83 9786.63 9791.71 9796.58 9800.11 9816.16 9820.12 9827.35 9832.38 9838.1 9842.25 9846.36 9850.06 9855.58 9861.51 9870.33 9882.73 9900.79 9931.06 9891.57 9834.26 9779.59 9731.93 9693.5 9666.55 9682.66 9758.22 9832.25 9904.81 9963.65 9959.26 9939.46 9926.37 9910.39 9896.63 9885.47 9876.97 9868.32 9858.02 9850.39 9844.01 9836.62 9835.21 9831.85 9829.55 9827.82 9826.28 9824.78 9823.79 9823.51 9830.19 9829.46 9827.94 9826.43 9825.45 9823.27 9818.56 9821.73 9830.6 9834.66 9830.26 9824.61 9824.39 9828.66 9835.84 9843.24 9850.62
9791.28 9793.43 9795.28 9797.27 9799.51 9820.62 9821.34 9831.15 9837.28 9841.89 9847.21 9856.02 9863.53 9872.41 9883.59 9899.84 9922.44 9951.84 9982.24 9958.77 9905.05 9856.73 9823.57 9810.54 9822.64 9856.93 9872.54 9894.47 9920.77 9938.76 9932.67 9918.14 9906.35 9893.78 9883.43 9875.21 9871.01 9864.4 9855.7 9850.97 9846.62 9842.61 9837.81 9833.41 9831.21 9829.33 9827.12 9826.18 9825.18 9824.78 9830.15 9829.07 9827.76 9825.89 9823.11 9819.59 9815.9 9818.81 9823.75 9825.29 9822.49 9820.44 9822.58 9829.03 9837.64 9846.39 9854.57
9804.97 9803.05 9802.37 9801.73 9801.51 9801.18 9819.67 9831.23 9836.65 9842.32 9848.32 9860.63 9869.53 9884.53 9898.59 9915.52 9939.4 9969.78 10000.4 9988.68 9946.01 9912.05 9895.83 9902.55 9940.71 9999.61 9959.77 9938.39 9927.81 9916.19 9902.33 9891.45 9882.4 9875.78 9870.55 9867.15 9863 9859.4 9854.02 9850.5 9848.96 9847.88 9840.4 9835.39 9832.52 9830.9 9829.55 9828.47 9827.48 9825.54 9829.94 9828.61 9827.44 9825.45 9823.33 9820.48 9818.09 9821.42 9822.39 9823.3 9823.74 9824.52 9824.89 9831.64 9841.08 9850.09 9858.23
9819.13 9814.51 9811.62 9809.8 9808.82 9808.79 9815.99 9829.48 9832.43 9837.62 9843.7 9861.84 9871.39 9887.75 9902.44 9920.19 9939.95 9962.95 9979.76 9974.85 9956.1 9939.99 9936.88 9950.73 9983.18 10013.3 9985.78 9953.51 9925.03 9897.57 9872.9 9858.65 9857.81 9858.78 9858.85 9859.16 9857.41 9854.78 9851.79 9847.88 9844.65 9842.31 9839.54 9836.22 9833.96 9832.04 9831.28 9829.97 9829.97 9828.88 9829.44 9828.05 9827.76 9825.87 9825.13 9823.01 9821.68 9822.16 9822.38 9824.19 9826.56 9829 9829.89 9837.55 9847.03 9854.52 9860.99
9829.69 9824.47 9821.1 9818.96 9817.8 9817.44 9815.2 9816.44 9825.29 9829.85 9835.37 9856.98 9866.34 9877.51 9891.04 9912.79 9927.1 9943.36 9950.1 9948.46 9946.94 9944.79 9949.74 9963.26 9981.05 9982.34 9973.79 9947.67 9914.97 9881.23 9851.23 9834.4 9840.06 9847.66 9851.87 9854.15 9854.04 9852.41 9849.72 9844.92 9839.26 9836.33 9836.53 9835.47 9833.85 9832.72 9831.35 9831.37 9830.04 9832.31 9828.61 9829.14 9828.9 9826.89 9826.55 9825.5 9824.83 9820.4 9822.81 9826.16 9829.63 9833.67 9841.18 9849.72 9855.28 9859 9862.61
9835.07 9830.14 9826.33 9823.76 9820.78 9819.73 9818.56 9819.45 9823.49 9826.65 9841.23 9847.65 9855.65 9876.33 9886.64 9903.55 9911.56 9919.71 9924.35 9925.19 9928.74 9934.09 9943.14 9954.94 9968.1 9974.46 9961.13 9934.32 9903.01 9868.55 9834.96 9824.91 9834.35 9843.96 9850.15 9852.05 9852.28 9851.1 9848.9 9844.8 9838.84 9836.08 9836.81 9836.28 9836.4 9835.43 9834.44 9834.03 9833.4 9833.16 9829.07 9831.56 9830.06 9828.5 9826.93 9826.65 9825.97 9823.35 9825.52 9829.58 9834.5 9841.16 9855.98 9865.6 9863.36 9862.17 9862.63
9839.39 9835.86 9832.1 9829.85 9823.92 9823.86 9824.42 9825.08 9828.45 9831.33 9835.44 9839.19 9846.61 9862.14 9870.86 9879.24 9892.83 9896.16 9899.34 9897.73 9905.48 9915.91 9926.22 9937.27 9945.5 9948.39 9937.47 9916.91 9893.52 9865.95 9838.28 9831.84 9844.25 9850.11 9853.28 9853.12 9852.01 9850.74 9849.21 9847 9844.66 9840.6 9838.88 9837.87 9836.53 9835.36 9834.31 9834.45 9833.55 9832.76 9829.81 9827.81 9829.43 9828.35 9827.45 9827.33 9827.28 9827.37 9829.61 9833.74 9840.16 9849.72 9864.05 9872.49 9864.09 9860.73 9859.73
9843.15 9840.1 9837.24 9835.41 9831.02 9829.97 9831.9 9832.16 9833.26 9835.85 9839.61 9844.47 9845.86 9851.75 9857.44 9863.63 9873.02 9874.32 9876.92 9873.84 9882.24 9894.5 9904.97 9913.55 9917.62 9910.66 9902.03 9898.69 9888.6 9874.94 9862.07 9867.42 9867.33 9861.64 9857.5 9855 9852.4 9850.53 9849.68 9849.6 9849.75 9844.99 9840.6 9837.46 9835.55 9834.56 9833.63 9832.14 9831.64 9829.59 9828.83 9828.86 9828.47 9828.98 9828.21 9827.61 9827.71 9829.42 9831.42 9836 9842.67 9851.23 9855.26 9851.52 9854.39 9854.36 9854.11
9846.12 9842.71 9840.8 9839.2 9837.24 9834.89 9834.55 9836.29 9836.34 9838.15 9841.07 9844.17 9847.1 9850.82 9851.2 9854.5 9856.68 9857.01 9857.83 9856.37 9863.6 9875.38 9884.47 9891.17 9893.55 9889.02 9885.12 9886.41 9886.12 9887.15 9896.36 9895.96 9882.71 9870.88 9862.28 9856.14 9852.64 9849.45 9847.87 9849.12 9851.21 9845.35 9840 9836.94 9835 9833.78 9832.33 9830.22 9829.87 9829.16 9829.43 9830.19 9830.33 9830.44 9829.29 9827.32 9827.15 9827.65 9830.84 9836.65 9841.28 9844.89 9844.88 9842.77 9844.67 9846.24 9847.04
9847.36 9846.02 9844.65 9843.44 9842.76 9842.31 9842.35 9842.25 9840.25 9841.45 9842.48 9844.45 9844.06 9846.14 9846.89 9848.03 9847.08 9846.54 9845.56 9847.19 9851.49 9859.05 9867.22 9872.25 9874.8 9875.09 9876.77 9876.49 9880.02 9887.83 9902.67 9905.91 9885.2 9874.43 9864.58 9856.49 9850.01 9845.75 9842.22 9841.92 9843.06 9838.88 9836.07 9833.65 9833 9832.44 9830.49 9829.77 9830.07 9830.79 9831.32 9833.18 9833.3 9833.46 9832.54 9830.38 9831.1 9833.98 9836.67 9838.17 9838.97 9839.32 9838.54 9837.75 9836.8 9838.33 9840.04
9849.77 9848.55 9846.92 9845.8 9845.16 9844.7 9844.61 9842.89 9842.38 9843.28 9843 9844.06 9841.29 9841.94 9840.48 9840.17 9840.2 9838.7 9835.94 9838.51 9841.19 9844.52 9851.05 9855.36 9858.25 9859.25 9858.85 9863.99 9868.47 9874.17 9881.46 9889.3 9883.36 9873.08 9863.12 9854.54 9846.89 9840.03 9833.94 9828.68 9826.62 9828.41 9829.02 9828.6 9828.84 9828.77 9829.37 9830.39 9831.26 9832.43 9833.22 9835.21 9836.13 9836.9 9837.72 9838.12 9838.41 9841.11 9843.06 9839.15 9836.32 9833.57 9829.99 9825.45 9827.7 9831.32 9833.88
9851.24 9849.98 9847.35 9846.14 9845.43 9841.87 9841.36 9840.84 9840.96 9840.9 9839.47 9839.72 9836.58 9836.1 9835.03 9833.06 9831.12 9829.85 9826.29 9825.03 9825.41 9830.32 9836.41 9840.47 9843.75 9846.06 9849.68 9851.96 9855.4 9858.36 9862.95 9873.41 9875.65 9865.83 9858.36 9850.8 9842.88 9834.54 9826.21 9818.51 9816.47 9819.42 9822.35 9824.8 9826.58 9828.09 9829.57 9830.83 9831.97 9833.11 9834.53 9835.74 9838.09 9839.98 9842.45 9844.76 9843.43 9842.31 9840.92 9837.35 9833.67 9828.66 9823.01 9821.33 9823.8 9826.82 9828.61
9851.91 9849.92 9847.14 9845.95 9845.2 9841.14 9840.47 9839.27 9838.29 9837.55 9837.18 9836 9835.46 9833.55 9831.59 9827.5 9824.78 9822.32 9817.88 9815.37 9814.78 9818.9 9824.24 9827.99 9831.34 9833.63 9836.33 9840.15 9843.66 9845.87 9848.52 9852.57 9851.17 9854.91 9852.58 9846.96 9839.51 9830.85 9821.35 9812.69 9811.28 9814.89 9819 9822.94 9825.75 9828.04 9829.85 9831.72 9833.02 9835.47 9836.21 9837.3 9838.78 9841.33 9844.34 9847.38 9844.59 9841.11 9836.34 9835.63 9832.74 9828.42 9824.44 9825.46 9826.05 9824.88 9824.37
9850.16 9847.07 9845.09 9843.84 9842.97 9839.81 9839.09 9837.75 9838.07 9836.68 9835.56 9832.84 9831.11 9829.1 9826.78 9823.68 9820.24 9816.12 9811.35 9809.36 9810.25 9810.82 9815 9818.39 9821.41 9823.45 9826.46 9830.71 9835.21 9839.29 9841.44 9840.87 9845.38 9850.38 9848.95 9844.17 9837.35 9829.14 9819.58 9811.04 9810.59 9814.82 9819.13 9822.98 9826.26 9829.15 9830.71 9833.58 9834.88 9836.14 9837.21 9838.14 9839.03 9840.56 9842.14 9843.74 9842.78 9841.05 9839.47 9837.14 9833.85 9830.7 9828.99 9827.54 9825.63 9823.32 9821.49
9845.68 9843.43 9841.83 9840.63 9839.94 9838.91 9838.1 9835.35 9834.45 9832.35 9830.48 9828.73 9826.81 9823.78 9821.05 9817.24 9814 9810.62 9807.18 9804.01 9800.89 9803.87 9806.7 9810.69 9813.33 9815.26 9818.73 9823.4 9829.05 9834.44 9838.75 9843.18 9852.57 9851.65 9848.06 9843.39 9837.52 9830.41 9822.17 9814.54 9814.74 9818.27 9821.99 9825.29 9828.33 9831.82 9833.5 9835.67 9836.9 9837.04 9838.2 9838.87 9839.06 9839.01 9837.87 9837.84 9839.79 9840.36 9841.49 9838.34 9835 9832.27 9829.5 9826.34 9823.58 9821.91 9819.97
9840.29 9839.54 9838.59 9837.75 9837.34 9836.69 9833.89 9831.48 9830.48 9828.9 9827.09 9824.77 9821.68 9818.85 9816.96 9812.85 9809.26 9805.34 9802.55 9800.61 9799.07 9799.81 9802.05 9804.99 9807.33 9808.56 9810.68 9815.24 9824.56 9834.08 9838.72 9843.06 9848.2 9849.75 9847.41 9843.6 9839.41 9834.63 9829.02 9823.32 9823.05 9825.15 9827.22 9829.48 9831.63 9833.61 9835.55 9837.06 9838.37 9839.27 9840.06 9840.44 9839.92 9838.42 9836.74 9836.53 9838.29 9838.73 9837.7 9836.47 9835.43 9833.71 9831.04 9828.32 9824.48 9821.34 9819.27
9834.14 9834.02 9833.52 9833.07 9831.98 9831.32 9828.31 9828.65 9826.55 9824.99 9823.29 9821.24 9818.81 9815.85 9814.04 9808.87 9806.09 9803.74 9801.11 9798.37 9796.1 9796.77 9798.79 9801.08 9803.21 9804.41 9805.93 9810.25 9820.58 9831.46 9835.91 9838.94 9844.21 9846.99 9845.49 9843.5 9841.3 9839.31 9838.05 9837.27 9833.46 9832.4 9832.57 9833.58 9835.09 9836.41 9837.75 9838.89 9840.84 9841.67 9842.32 9842.43 9841.77 9839.31 9837.09 9837.26 9838.83 9838.97 9837.55 9836.48 9836.38 9835.25 9834.97 9831.58 9823.85 9820.86 9818.62
9826.77 9827.79 9827.74 9827.54 9827.31 9826.64 9825.07 9825.05 9823.23 9821.72 9820.2 9818.24 9815.79 9812.71 9810.32 9807.67 9804.85 9801.35 9799.37 9797.3 9795.01 9795.21 9797.03 9798.91 9801.21 9803 9804.6 9806.16 9816.57 9826.71 9828.97 9830.46 9835.39 9841.78 9841.89 9842.39 9842.78 9843.19 9844.48 9844.23 9841.02 9838.55 9837.27 9837.27 9838.52 9839.21 9841.3 9842.4 9843.67 9844.79 9845.42 9845.35 9844.22 9841.96 9838.79 9839.41 9841.35 9841.99 9841.8 9840.65 9838.29 9834.68 9831.39 9827.46 9823.63 9820.91 9818.21
9821.39 9822.89 9823.13 9823.04 9823.76 9823.16 9822.71 9821.34 9820.5 9818.16 9816.83 9814.41 9812.06 9810.12 9807.9 9805.24 9803.32 9800.49 9799.17 9797.24 9793.91 9793.78 9797.21 9799 9801.62 9804.56 9807.79 9812.87 9813.19 9813.93 9820.66 9823.55 9826.41 9832.35 9837.7 9840.85 9842.99 9844.67 9847.79 9848.68 9844.93 9842.4 9841.54 9841.2 9841.91 9842.87 9843.84 9845.45 9846.46 9847.74 9848.47 9849.34 9849.34 9847.4 9843.77 9844.62 9845.63 9846.03 9847.33 9847.37 9839.57 9832.28 9825.68 9821.15 9822.7 9820.75 9818.02
9817.65 9819.37 9819.72 9819.75 9819.2 9818.26 9818.99 9817.94 9817.25 9815.55 9814.15 9812.58 9811.1 9809.46 9807.54 9804.79 9802.62 9800.44 9800 9798.74 9797.58 9799.08 9799.41 9800.45 9803.25 9807.01 9811.55 9814.76 9815.38 9814.5 9818.54 9822.36 9825.91 9829.16 9836.04 9840.29 9842.98 9844.54 9845.54 9846.29 9845.96 9845.07 9844.72 9844.54 9844.7 9845.59 9846.32 9847.73 9848.6 9850.3 9851.45 9853 9854.93 9856.17 9856.49 9853.02 9850.1 9848.32 9847.63 9845.92 9837.26 9828.71 9821.37 9816.45 9816.64 9817.23 9817.61
9815.84 9815.21 9815.43 9814.67 9814.26 9813.69 9814.84 9814.94 9814.31 9813.65 9812.53 9811.21 9810.63 9808.8 9807.12 9805.15 9803.04 9801.05 9800.54 9800.06 9799.51 9800.39 9801.33 9802.31 9805.26 9809.46 9814.89 9820.53 9822.21 9821.71 9821.32 9823.94 9828.73 9834.21 9837.67 9841.38 9843.7 9844.31 9843.78 9844.6 9846.01 9846.97 9847.27 9847.42 9847.92 9848.35 9848.66 9850.05 9850.66 9851.93 9853.07 9855.13 9858.41 9862.89 9866.75 9858.97 9852.54 9847.92 9843.74 9838.94 9831.63 9824.51 9817.93 9812.72 9811.84 9813.88 9817.97
9812 9811.5 9811.88 9812.06 9811.25 9812.17 9812.6 9812.18 9812.11 9811.58 9810.85 9809.66 9808.83 9808.13 9806.76 9805.24 9803.4 9802.15 9801.47 9801.1 9800.27 9800.6 9801.93 9803.54 9806.52 9810.46 9815.9 9822.25 9823 9821.66 9822.39 9824.68 9827.5 9833.72 9840.06 9843.84 9845.85 9846.14 9844.8 9845.94 9847.52 9848.85 9850.01 9850.25 9850.49 9851.05 9851.26 9851.54 9851.91 9852.78 9853.78 9855.34 9858.04 9860.64 9862.25 9857.67 9851.73 9845.79 9839.03 9830.64 9825.65 9821.08 9816.07 9811.95 9810.93 9813.17 9818.04
9808.24 9809.13 9809.75 9810.53 9810.61 9810.96 9810.73 9810.6 9810.43 9809.57 9810.2 9809.47 9808.4 9807.55 9806.73 9805.39 9804.41 9803.19 9803.02 9802.29 9801.23 9801.81 9802.85 9804.62 9807.16 9810.36 9814.11 9817.19 9818.37 9819.55 9821.94 9825.62 9831.16 9838.69 9844.23 9847.39 9849.15 9850.07 9849.57 9849.72 9850.44 9851.41 9851.72 9852.18 9852.11 9852.57 9852.39 9852.65 9852.68 9852.87 9853.45 9853.35 9854.4 9854.25 9854.09 9852.82 9849.17 9843.81 9836.95 9828.72 9823.79 9820.12 9815.98 9812.71 9812.63 9815.31 9817.49
9805.77 9807.43 9808.64 9809.7 9810.48 9811.1 9811.29 9812.42 9812.34 9810.37 9809.88 9810.3 9809.24 9807.98 9807.82 9806.61 9805.18 9804.25 9804.01 9803.16 9802.09 9801.61 9803.51 9805.53 9807.61 9809.64 9811.64 9813.04 9814.47 9817.56 9821.18 9826.1 9832.47 9841.77 9848.54 9850.97 9852.44 9854.13 9857.07 9853.9 9852.87 9853.25 9853.29 9853.33 9853.29 9853.48 9852.99 9853.29 9852.98 9853.01 9851.6 9851.37 9850.94 9849.66 9849.44 9849.21 9847.38 9843.46 9838.01 9832 9826.81 9822.19 9817.71 9813.97 9813.13 9814.72 9813.92
9803.36 9805.56 9807.29 9809.21 9811.27 9812.3 9812.66 9813.04 9813.84 9812.4 9812.06 9811.22 9810.14 9809.41 9808.72 9807.24 9806.85 9806.18 9805.37 9804.75 9804.2 9804.67 9806.09 9807.33 9808.45 9809.61 9810.58 9811.01 9811.62 9815.73 9820.2 9825.55 9833.11 9844.15 9851.66 9853.23 9853.72 9853.94 9853.79 9854.09 9854.24 9854.18 9854.38 9854.53 9854.48 9854 9854.13 9853.58 9853.31 9850.91 9850.57 9849.76 9848.95 9847.59 9847.63 9848.09 9847.69 9845.36 9841.51 9836.78 9831.82 9826.95 9821.71 9816.46 9813.52 9812.84 9809.36
9802.38 9804.33 9806.7 9808.05 9812.37 9813.44 9814.53 9815.11 9815.39 9815.18 9815.49 9814.07 9813.53 9812.63 9810.89 9810.21 9809.9 9809.17 9807.71 9807 9807.16 9808.96 9810.02 9809.55 9809.58 9810.23 9810.82 9811.59 9812.42 9816.17 9819.67 9824.11 9830.36 9840.71 9851.84 9853.33 9853.3 9852.75 9852.58 9853.05 9854.22 9854.59 9854.99 9854.65 9854.94 9854.38 9854.37 9852.12 9851.64 9850.58 9850.01 9849.74 9847.85 9845.89 9847.33 9849.01 9850.1 9849.43 9847.03 9843.08 9838.53 9834.66 9828.94 9821.42 9814.95 9811.59 9809.14
9803.53 9806.41 9808.74 9810.42 9812.27 9814.09 9815.84 9816.39 9817.34 9817.13 9818.95 9818.17 9817.55 9816 9815.08 9814.29 9812.32 9812.12 9810.39 9809.06 9809.2 9810.62 9811.43 9811.54 9811.1 9811.33 9812 9813.47 9816.98 9817.42 9819.27 9822.66 9826.96 9835.33 9848.24 9851.49 9852.17 9851.18 9850.91 9852.4 9853.71 9854.64 9854.87 9854.85 9854.99 9852.69 9852.54 9851.84 9851.61 9852.09 9851.28 9850.2 9848.55 9847.47 9849.25 9851.81 9854.21 9855.32 9855 9852.51 9849.07 9846.41 9841.25 9832.44 9824.92 9829.42 9828.39
9805.11 9808.63 9810.94 9812.77 9814.19 9817.9 9819.09 9819.69 9820.02 9821 9820.3 9819.79 9820.18 9819.42 9818.58 9818.01 9816.48 9815.31 9812.98 9810.84 9810.84 9812.02 9813.34 9812.99 9812.66 9813.11 9813.62 9814.34 9815.46 9816.99 9819.15 9822.16 9826 9832.71 9842.56 9849.89 9851.82 9852.28 9852.16 9852.57 9853.59 9854.15 9854.73 9854.61 9852.62 9852.63 9852.09 9853.34 9853.22 9852.93 9852.5 9851.74 9850.71 9850.1 9852.8 9855.88 9859.34 9862.41 9865.23 9866.39 9861.24 9864.53 9858.67 9852.94 9852.61 9859.79 9862.26
