real_craters/C130-500m.grd
DSAA
163 163
-40.6175 40.6175
-40.6175 40.6175
8779.2651150085 10122.836543344
[rows 120 to 149 of 163, columns 67 to 133 of 163]
9665.63 9669.87 9677.06 9682.82 9685.33 9685.07 9686.37 9689.26 9692.84 9697.45 9702.61 9707.98 9713.61 9719.11 9724.47 9730.32 9734.77 9739.04 9742.5 9745.65 9748.74 9752.87 9756.07 9759.13 9761.3 9763.07 9764.63 9765.54 9765.68 9765.18 9764.76 9764.15 9763.65 9763.09 9760.75 9764.9 9775.56 9788.06 9803.86 9812.97 9796.37 9785.41 9781.59 9780.48 9781.96 9782.42 9784.56 9786.61 9787.66 9788.09 9786.68 9784.63 9783.46 9790.47 9793.36 9797.84 9801.97 9804.71 9808.62 9815.49 9822.38 9823.48 9824.25 9828.93 9834.29 9839.43 9844.3
9668.91 9669.98 9678.26 9685.28 9685.93 9685.17 9686.62 9690.15 9693.37 9697.09 9701.73 9706.64 9711.78 9716.73 9721.95 9728.52 9735.34 9740.59 9741.97 9743.62 9744.06 9742.55 9750.88 9755.53 9758.13 9760.29 9762.18 9763.46 9762.91 9762.49 9762.14 9762.23 9761.96 9761.42 9761.38 9768.26 9775.58 9785.7 9795.97 9795.95 9790.86 9783.56 9776.1 9772.87 9773.53 9777.33 9780.16 9782.4 9784.14 9783.92 9783.42 9783.08 9783.26 9791.32 9791.71 9796.45 9800.54 9803.99 9807.58 9812.55 9815.8 9818.63 9820.34 9826.88 9833.82 9840.6 9847.36
9671.84 9675.65 9680.3 9686.11 9685.99 9683.35 9684.57 9688.01 9692.2 9696.3 9700.78 9705.37 9709.94 9714.14 9717.94 9721.2 9729.17 9736.69 9739.41 9742.71 9745.46 9747.44 9750.07 9753.01 9754.74 9756.45 9758.39 9759.59 9759.51 9759.42 9759.5 9759.85 9759.89 9760.23 9760.8 9764.98 9772.88 9779.36 9782.76 9781.48 9780.76 9776.71 9770.76 9768.94 9770.91 9773.86 9777.1 9779.2 9780.67 9781.91 9782.14 9782.63 9786.69 9793.87 9796.46 9798.75 9802.17 9805.65 9808.93 9812.25 9813.79 9814.21 9818.8 9826.7 9833.95 9841.59 9849.26
9670.34 9675.39 9679.75 9685.12 9685.08 9682.5 9683.04 9687.12 9691.21 9695.41 9700.12 9704.52 9708.57 9712.19 9715.3 9718.01 9722.35 9727.06 9735.68 9742.21 9747.93 9751.3 9750.89 9751.21 9751.65 9752.52 9753.16 9754.34 9755.38 9756.24 9757.07 9757.81 9758.62 9759.86 9761.96 9766.55 9770.57 9773.95 9775.74 9776.73 9773.54 9769.59 9765.87 9765.3 9767.86 9771.73 9775.65 9778.53 9780.27 9781.15 9781.35 9781.98 9785.38 9793.16 9796.62 9800.63 9804.66 9808.65 9812.49 9814.52 9816.13 9818.59 9823.12 9828.98 9835.45 9842.02 9849.08
9665 9668.15 9675.48 9682.11 9684.01 9681.82 9682.02 9685.25 9689.51 9695.34 9699.8 9703.6 9707.33 9711.03 9714.38 9717.68 9721.54 9726.36 9734.87 9741.32 9746.94 9749.59 9749.08 9748.66 9748.19 9748.27 9748.68 9749.85 9751.25 9752.01 9753.03 9754.47 9756.47 9758.88 9762.03 9765.58 9767.99 9769.11 9768.98 9768.13 9766.7 9764.77 9761.62 9760.91 9766.01 9771.35 9775.73 9779.92 9781.86 9782.3 9782.91 9783.22 9785.84 9794.74 9799.37 9803.78 9807.74 9811.74 9815.63 9817.97 9820.05 9824.33 9828.4 9832.84 9837.72 9842.81 9847.86
9662.98 9665.39 9671 9678.76 9682.72 9683.78 9685.54 9689.35 9693.79 9697.71 9700.8 9703.79 9706.9 9710.37 9714.09 9718.14 9724.04 9733.06 9736.07 9739.4 9743.27 9745.03 9745.11 9744.96 9744.44 9744.46 9744.44 9745.76 9746.94 9748.21 9749.54 9751.32 9753.58 9756.96 9760.04 9763.93 9765.27 9764.25 9763.14 9761.63 9762.45 9763.76 9764.08 9768.93 9770.39 9773.39 9776.87 9779.44 9781.96 9783.54 9785.32 9788.68 9797.4 9803.3 9804.57 9807.38 9810.58 9814.22 9818.23 9820.61 9822.9 9828.19 9833.34 9836.36 9839.7 9843.45 9847.35
9663.79 9664.99 9669.31 9677.35 9683.35 9686.76 9689.48 9694.7 9700.4 9700.23 9701.35 9703.53 9706.38 9709.78 9713.76 9718.42 9724.57 9730.97 9733.77 9735.49 9737.26 9738.92 9739.77 9739.74 9740.06 9740.95 9743.05 9742.34 9743.23 9744.46 9745.78 9747.38 9749.5 9752.56 9757.18 9759.21 9759.88 9758.95 9758.74 9758.8 9761.05 9765.71 9772.25 9776.21 9774.7 9775.73 9777.9 9781.18 9782.76 9784.8 9787.59 9792.97 9803.94 9807.83 9808.6 9810.53 9813.02 9815.88 9818.26 9820.93 9824.67 9829.37 9836.39 9838.73 9841.68 9844.75 9848.38
9662.33 9664.3 9669.25 9679.52 9688.11 9690.59 9692.62 9696.02 9698.34 9699.13 9700.42 9702.53 9705.31 9708.62 9712.71 9717.46 9722.74 9726.25 9728.74 9730.31 9731.05 9732.73 9733.94 9734.71 9735.19 9736.81 9739.51 9738.65 9739.22 9740.49 9741.89 9743.46 9744.5 9744.55 9746.28 9749.82 9751.46 9753.86 9754.63 9755.11 9758.2 9766.22 9775.01 9777.7 9777.23 9777.34 9778.66 9781.02 9782.3 9784.29 9787.82 9793.69 9806.7 9808.84 9810.05 9812.07 9814.9 9817.6 9820.06 9823.08 9826.22 9830.5 9835.26 9839.5 9843.04 9846.35 9850.25
9651.55 9662.03 9671.08 9679.91 9688.48 9692.05 9694.93 9694.28 9694.67 9696.2 9697.83 9699.98 9702.83 9706.43 9710.45 9714.57 9718.69 9722.06 9723.92 9725 9726.57 9727.42 9728.22 9728.93 9729.32 9730.02 9730.8 9733.33 9735 9736.73 9738.35 9739.72 9740.92 9741.52 9742.92 9745.97 9748.66 9750.66 9751.98 9753.27 9757.18 9765.24 9772.72 9776.09 9776.94 9777.43 9778.69 9780.69 9781.42 9783.06 9786.44 9792.41 9802.66 9806.47 9810.44 9813.29 9816.45 9819.82 9823.43 9826.49 9828.62 9832.06 9835.94 9840.53 9844.67 9848.28 9851.88
9652.99 9658.77 9666.37 9677.04 9687.94 9689.94 9689.51 9691.13 9692.55 9693.24 9694.05 9696.22 9699.34 9703.16 9707.21 9710.56 9712.49 9715.14 9717.03 9719.09 9721.04 9722.17 9723.04 9723.51 9723.47 9724.22 9725.9 9727.93 9730.55 9732.79 9734.67 9736.64 9738.54 9741.24 9742.57 9744.36 9747.59 9749.01 9751.08 9753.75 9758.1 9764.42 9771.33 9774.86 9775.06 9776.61 9778.04 9779.41 9780.16 9781.27 9783.2 9787.3 9800.44 9805.89 9809.72 9813.47 9817.36 9821.73 9826.29 9830.15 9831.84 9835.57 9839.48 9843.11 9847.02 9851.08 9854.92
9654.78 9657.34 9660.06 9672.34 9681.24 9685.48 9687.83 9688.34 9687.88 9687.76 9689.22 9692.05 9695.73 9699.71 9704.09 9708.14 9711.43 9712.66 9713.11 9714.57 9714.88 9717.82 9718.84 9719.05 9718.33 9716.73 9718.93 9723.29 9726.52 9729.41 9731.81 9733.86 9735.66 9738.28 9740.34 9742.14 9743.84 9747.57 9750.92 9754.32 9757.49 9763.4 9767.7 9770.99 9774.08 9775.82 9776.66 9777.79 9779.25 9780.54 9781.49 9784.14 9795.9 9802.62 9808.08 9812.81 9817.69 9822.69 9828.1 9832.14 9834.21 9836.38 9841.67 9845.38 9849.26 9853.8 9858.61
9656.93 9659.5 9665.13 9671.11 9675.91 9681.12 9684.81 9684.82 9680.96 9680.08 9683.68 9687.94 9692.23 9696.54 9701.08 9706 9710.75 9712.99 9712.97 9714.86 9715.56 9715.58 9715.85 9715.94 9715.48 9715.47 9716.98 9720.55 9723.77 9726.68 9729.06 9731.31 9732.92 9734.21 9737.78 9740.56 9744.04 9747.32 9751.15 9755.54 9760.5 9763.46 9765.82 9771.78 9774.11 9775.97 9777.9 9778.85 9779.64 9780.28 9781.61 9786.25 9797.08 9801.2 9806.28 9811.5 9816.88 9822.44 9828.44 9834.83 9836.62 9839.01 9842.1 9846.7 9850.82 9855.11 9860.3
9654.04 9660.59 9667.16 9671.4 9674.71 9678.66 9681.86 9681.53 9676.74 9675.21 9679.14 9683.39 9688.1 9692.95 9697.89 9703.05 9708.49 9712.57 9713.59 9715.25 9715.02 9713.78 9713.58 9713.63 9714.18 9715.74 9717.02 9719.26 9721.86 9724.56 9726.84 9729.54 9732.43 9734.25 9737.29 9739.95 9742.76 9746.63 9751.13 9755.83 9760.91 9763.47 9765.81 9768.74 9771.64 9776.29 9779.48 9780.51 9780.58 9781.17 9783.02 9787.58 9794.02 9798.56 9804.04 9809.71 9815.19 9820.44 9825.83 9830.34 9834.42 9839.57 9845.53 9849.12 9851.33 9853.83 9857.63
9655.45 9659.88 9665.35 9669.63 9673.69 9677.32 9679.22 9678.74 9674.91 9674.5 9675.83 9679.75 9684.31 9689.17 9694.05 9698.8 9703.49 9707.57 9711.13 9710.45 9710.32 9710.61 9711.15 9711.46 9712.43 9713.71 9715.93 9718.02 9720.36 9722.87 9725.74 9728.21 9731.22 9734.38 9736.96 9739.32 9742.66 9746.84 9750.99 9755.05 9758.62 9762.07 9765.5 9770.05 9774.33 9777.34 9779.78 9780.44 9780.24 9781.42 9783.52 9789.26 9792.98 9796.68 9801.58 9807.05 9812.76 9818.38 9823.17 9827.47 9830.67 9837.3 9844.64 9849.41 9850.65 9851.64 9853.77
9654.49 9656.89 9659.37 9664.52 9671.7 9675.63 9673.97 9671.08 9669.19 9668.4 9672.21 9676.2 9680.53 9685.21 9689.94 9694.26 9697.51 9699.53 9705.35 9704.99 9705.48 9707.06 9708.74 9710.07 9711.33 9712.48 9714.95 9716.93 9719.25 9721.9 9724.22 9726.74 9730.07 9733.01 9735.9 9738.83 9743.45 9747.54 9750.57 9754.31 9757.78 9762.57 9768.17 9774.06 9776.89 9776.84 9779.26 9778.5 9778.61 9779.8 9783.08 9789.92 9791.76 9794.67 9799.47 9805.16 9811 9816.36 9821.34 9825.45 9828.81 9835.17 9842.03 9846.83 9848.95 9851.34 9854.34
9648.45 9652.95 9656.46 9661.81 9668.52 9671.7 9668.13 9663.78 9664.98 9667.43 9669.76 9672.68 9676.44 9681.05 9685.71 9690.03 9693.43 9696.45 9698.88 9699.25 9701.52 9704.35 9706.77 9709.14 9711.39 9713.18 9714.73 9716.69 9718.39 9720.12 9722.62 9724.96 9728.97 9732.09 9734.46 9737.36 9741.06 9744.36 9749.34 9753.88 9759.29 9765.46 9770.85 9771.66 9772.13 9771.47 9771.86 9773.66 9774.87 9776.22 9779.3 9786.16 9787.6 9791.36 9797.01 9803.42 9809.82 9815.58 9820.66 9825.29 9830.64 9835.07 9839.08 9842.9 9846.57 9850.93 9855.19
9642.75 9650.14 9656.19 9661.42 9665.08 9664.97 9663.71 9661.65 9662.72 9665.88 9666.5 9668.29 9671.9 9676.16 9680.58 9685.65 9690.41 9694.78 9696.66 9697.7 9699.97 9703.59 9707.24 9709.8 9712.05 9713.6 9714.96 9716.18 9717.55 9719.15 9720.9 9722.42 9725.4 9728.95 9732.38 9735.68 9739.57 9744.38 9748.38 9752.65 9757.09 9760.73 9763.01 9766 9765.58 9767.26 9766.56 9769.74 9771.16 9772.39 9773.56 9781.02 9782.33 9787.95 9794.66 9801.72 9808.74 9815.38 9821.49 9827.03 9831.6 9836.27 9839.29 9839.63 9845.13 9849.49 9853.88
9641.09 9648.78 9656.52 9662.79 9662.59 9660.81 9660.64 9660.62 9659.5 9657.93 9659.75 9663.51 9667.36 9671.67 9676.49 9681.65 9687.27 9693.01 9694.53 9694.57 9700.92 9704.79 9707.66 9710.18 9713.2 9714.89 9715.1 9715.64 9716.53 9717.58 9718.71 9720.09 9723.22 9726.45 9729.83 9733.99 9738.42 9743.03 9747 9751 9754.41 9756.35 9761.15 9765.31 9770.21 9769.7 9770.08 9768.45 9768.96 9770.11 9772.73 9779.42 9779.59 9786.32 9793.69 9801.62 9809.39 9816.44 9823.61 9829.84 9834.41 9837.97 9842.44 9843.99 9846.89 9851.43 9854.87
9641.34 9647.13 9653.81 9660.4 9659.65 9659.37 9659.4 9658.04 9655.64 9653.19 9655.28 9659.44 9663.78 9668.09 9671.74 9676.62 9682.2 9689.85 9695.7 9701.01 9705.37 9707.55 9708.82 9710.11 9711.19 9713.06 9714 9714.96 9715.58 9715.47 9716.27 9717.68 9721.18 9724.41 9728.14 9732.58 9736.84 9739.9 9745.57 9750.14 9754.08 9758.46 9760.83 9762.46 9762.13 9764.77 9765.91 9767.55 9768.21 9769.12 9771.61 9778.72 9778.96 9785.56 9793.97 9802.75 9810.83 9818.49 9825.45 9832.55 9835.96 9838.5 9840.23 9845.24 9848.09 9851.56 9855.4
9641.04 9644.39 9647.4 9646.86 9653.51 9658.15 9657.38 9653.65 9650.94 9651.31 9653.34 9656.75 9660.9 9665.09 9668.45 9671.78 9675.25 9680.5 9689.71 9708.42 9710.6 9710.08 9710.08 9709.86 9709.78 9711.7 9713.31 9714.62 9715.07 9715.21 9715.38 9714.9 9716.31 9722.59 9728.07 9732.43 9737.04 9741.45 9745.72 9749.86 9753.67 9757.35 9758.54 9761.48 9765.45 9768.52 9767.32 9767.39 9767.93 9768.87 9771.74 9776.11 9778.22 9787.46 9796.25 9804.68 9812.47 9819.98 9826.67 9831.95 9834.02 9837.49 9839.06 9842.53 9847.27 9849.28 9854.85
9640.12 9641.72 9642.78 9643.58 9647.55 9651.87 9652.08 9649.22 9647.88 9648.41 9650.89 9655.16 9658.97 9662.6 9665.42 9667.56 9668.97 9668.57 9678.5 9706.05 9709.95 9709.95 9709.96 9709.27 9708.63 9710.98 9713.87 9714.84 9715.76 9716.34 9716.31 9715.87 9718.15 9723.29 9728.76 9733.35 9738.18 9742.69 9746.62 9749.52 9752.39 9754.73 9757.26 9762 9766.32 9768.39 9768.26 9766.93 9766.65 9768.02 9773.12 9778.08 9783.89 9791.73 9799.03 9806.56 9814.05 9821.42 9828.06 9832.16 9835.67 9838.02 9840.36 9844.14 9848 9851.92 9855.38
9639.29 9640.12 9640.53 9641.01 9643.85 9646.6 9647.36 9646.57 9645.93 9648.19 9651.98 9655.64 9659.43 9662.84 9665.34 9666.92 9667.83 9668.89 9678.39 9695.48 9704.58 9707.95 9709.47 9709.2 9709.61 9712.13 9714.73 9716.42 9717.85 9718.63 9718.49 9719.26 9721.71 9726.06 9730.25 9735.16 9739.85 9744.54 9747.67 9749.44 9751.06 9752.62 9756.31 9761.96 9765.96 9767.53 9767.95 9766.84 9765.67 9766.27 9773.29 9789.95 9794.45 9797.78 9802.35 9808.2 9815.19 9822.68 9830.02 9837.99 9838.13 9839.91 9842.55 9845.12 9848.59 9851.79 9856.02
9638.9 9639.43 9639.99 9641 9642.93 9644.9 9645.75 9646 9645.39 9649.17 9651.35 9657.75 9661.82 9665.14 9667.46 9669.53 9670.93 9673.31 9677.81 9689.86 9700.18 9706.1 9709.16 9710.2 9710.24 9714.52 9717.54 9719.31 9720.94 9722.11 9722.34 9723.91 9726.34 9729.7 9733.13 9737.29 9741.43 9744.64 9747.1 9749.64 9750.5 9751.81 9759.04 9763.41 9766.72 9768.93 9768.41 9766.5 9764.76 9765.4 9777.19 9794.64 9798.36 9800.91 9804.03 9809.23 9815.46 9822.67 9830.74 9838.56 9840.31 9842.46 9845.65 9848.64 9851.12 9854.45 9857.18
9638.97 9639.6 9640.25 9640.78 9642.53 9646.5 9649.42 9650.33 9652.48 9654.88 9660.17 9662.82 9665.66 9668.64 9671.43 9673.41 9676.54 9679.76 9684.31 9690.31 9698.9 9706.17 9710.47 9714.1 9716.93 9718.7 9721.04 9723.34 9724.51 9725.91 9726.99 9729.28 9731.15 9733.31 9735.92 9739.62 9743.48 9747.61 9751.07 9750.97 9751.57 9755.01 9761.4 9765.58 9768.49 9770.82 9769.81 9766.76 9764.24 9765.65 9780.94 9794.73 9797.64 9800.72 9804.41 9808.81 9814.09 9820.54 9828.59 9836.34 9840.32 9843.74 9847.74 9851.84 9856.04 9857.29 9858.41
9639.95 9640.98 9641.75 9642.47 9644.96 9650.08 9655.7 9655.8 9657.02 9659.67 9663.88 9667.56 9670.05 9673.39 9676.18 9679.46 9683.49 9687.79 9690.69 9697.5 9704.41 9709.12 9713.04 9716.61 9719.83 9721.99 9724.16 9726.61 9728.24 9730.02 9732.11 9733.59 9735.28 9736.46 9738.44 9741.15 9744.39 9748.45 9751.49 9750.63 9751.64 9756.37 9763 9767.66 9770.51 9772.33 9770.99 9767.8 9764.68 9764.04 9776.92 9783.89 9792.23 9797.41 9801.33 9805.24 9809.4 9814.67 9821.29 9830.92 9836.77 9843.95 9846.82 9851.1 9856.98 9857.3 9857.77
9641.98 9643.55 9644.7 9645.81 9648.27 9653.42 9657.76 9659.6 9659.3 9663.14 9668.44 9671.68 9674.75 9678.21 9681.6 9685.25 9689.37 9695.01 9701.56 9703.69 9708.76 9713.3 9716.12 9718.19 9720.9 9724.16 9726.74 9729.41 9730.73 9733.59 9736.81 9738.46 9739.07 9739.19 9740.08 9741.62 9743.58 9745.53 9746.13 9746.94 9749.29 9755.88 9764.76 9769.12 9771.47 9772.62 9771.88 9769.83 9767.9 9767.21 9778.5 9781.77 9788.59 9793.92 9798.34 9801.5 9804.19 9807.33 9809.66 9814.48 9826.63 9835.64 9840.8 9846.38 9852.16 9854.29 9855.19
9645.92 9647.48 9648.61 9649.97 9652.85 9657.26 9661.78 9664.69 9667.45 9669.86 9671.68 9675.03 9678.47 9681.59 9684.82 9688.32 9692.67 9697.23 9702.06 9708.29 9715.13 9717.94 9720.04 9721.64 9723.74 9726.2 9728.65 9731.02 9734.01 9736.65 9741.34 9743.54 9741.76 9740.61 9740.34 9740.74 9741.68 9742.59 9743.46 9742.54 9742.43 9750.72 9764.41 9768.08 9770.94 9772.3 9773.09 9773.69 9774.84 9778.58 9788.21 9787.53 9788.67 9791.98 9794.85 9797.34 9799.62 9801.69 9804.36 9808.77 9815.94 9823.58 9830.31 9838.35 9846.11 9850.63 9852.31
9650.96 9651.96 9652.98 9654.29 9656.42 9661.49 9667.35 9671.12 9672.5 9673.88 9676.95 9680.5 9682.44 9684.99 9688.01 9691.48 9695.28 9699.46 9704.14 9711.27 9719.34 9722.47 9724.12 9725.33 9726.38 9727.76 9729.76 9731.95 9734.77 9737.42 9741.24 9742.94 9741.5 9739.93 9739.23 9738.99 9739.09 9739.48 9739 9738.54 9738.84 9745.44 9756.63 9761.72 9765.25 9768.6 9774.95 9778.97 9781.75 9786.77 9791.3 9789.22 9788.77 9789.89 9791.77 9794.05 9795.52 9797.11 9799.41 9803.14 9807.32 9809.93 9818.74 9826.54 9829.04 9842.07 9846.4
9656.32 9656.91 9657.86 9659.12 9660.74 9666.52 9673.89 9677 9675.17 9675.19 9680.15 9683.49 9686.13 9688.91 9692 9695.02 9698.32 9702.32 9707.51 9714.53 9722.82 9726.21 9727.69 9728.64 9728.37 9728.77 9730.04 9731.45 9733.78 9735.97 9738.22 9739.43 9738.88 9738.26 9737.19 9736.58 9736.2 9736.31 9737 9735.8 9735.4 9740.83 9746.32 9756.86 9766.35 9779 9784.21 9784.54 9786.12 9791.86 9790 9788.85 9788.27 9788.41 9789.57 9791.13 9792.65 9793.71 9794.56 9798.1 9802.85 9808.85 9812.3 9815.71 9824.58 9835.19 9840.79
9660.48 9661.26 9662.84 9665.01 9668.36 9672.4 9675.98 9678.22 9680.53 9683.17 9683.81 9685.82 9688.89 9692.46 9695.56 9698.39 9700.96 9703.84 9710.36 9718.6 9726 9728.68 9728.77 9729.56 9728.19 9728.28 9728.97 9730.12 9731.84 9733.66 9735.71 9736.32 9736.18 9736.21 9735.62 9734.87 9734.05 9733.17 9732.51 9732.49 9734.15 9741.54 9750.71 9764.08 9779.83 9785.28 9788.26 9786.31 9787.03 9791.85 9790.52 9788.23 9787.89 9788.26 9789.14 9790.09 9791.23 9792.34 9793.86 9796.63 9800.42 9804.18 9806.1 9806.91 9815.82 9831.8 9834.97
