real_craters/C130-300m.grd
DSAA
272 272
-40.6175 40.6175
-40.6175 40.6175
8779.7834931556 10157.039986348
[rows 90 to 119 of 272, columns 67 to 133 of 272]
9704.21 9710.94 9718.18 9725.98 9730.16 9727.32 9724.76 9722.81 9722.77 9724.76 9726.39 9727.53 9728.43 9728.8 9728.4 9728.42 9727.2 9725.92 9726.95 9728.65 9732.09 9733.21 9732.25 9730.79 9729.88 9730.25 9730.78 9731.22 9731.4 9731.85 9732.49 9733.84 9736.67 9741.82 9747.2 9751.62 9752.54 9756.73 9762.23 9766.39 9775.02 9784.63 9794.83 9805.39 9809.16 9812.63 9816.13 9821.57 9827.55 9833.21 9837.5 9832.68 9823.95 9814.5 9804.42 9793.87 9786.14 9786.08 9787.65 9787 9785.42 9783.89 9784.46 9788.76 9794.74 9799.82 9804.47
9706.68 9712.2 9718.37 9723.72 9726.56 9728.28 9728.78 9729.72 9730.23 9730.95 9730.03 9729.05 9728.42 9727.75 9728.14 9725.29 9723.19 9721.47 9721.94 9732.03 9734.89 9734.45 9733.4 9732.65 9731.74 9731.33 9731.59 9732.13 9732.59 9733.15 9733.97 9735.57 9738.69 9743.89 9749.89 9755.25 9756.68 9764.92 9769.51 9772.31 9780.18 9789.12 9795.1 9805.95 9813.69 9817.85 9820.84 9825.59 9831 9836.77 9840.59 9835.14 9826.63 9817.2 9807.2 9796.68 9788.21 9787.58 9788.9 9787.4 9785.32 9782.27 9785.05 9791.47 9798.58 9804.94 9809.67
9707.55 9712.08 9717.2 9722.11 9726.13 9728.64 9730.73 9734.6 9741.45 9736.19 9732.76 9730.26 9727.99 9725.78 9723.72 9722.27 9720.53 9718.58 9717.18 9735.28 9736.84 9735.02 9733.61 9734.61 9732.76 9732.42 9732.97 9733.73 9734.58 9735.4 9736.48 9738 9740.98 9747.04 9754.83 9762.63 9775.42 9779.51 9781.76 9784.95 9790.76 9798.19 9806.75 9813.81 9819.09 9821.76 9824.12 9827.4 9831.56 9835.85 9839.75 9834.76 9828.32 9820.68 9812.36 9803.5 9795.48 9792.37 9792.67 9791.76 9790.96 9788.81 9792.55 9799.22 9805.87 9812.14 9815.75
9707.91 9711.52 9715.37 9719.84 9724.87 9726.83 9729.42 9733.33 9736.71 9735.67 9733.52 9730.85 9727.88 9724.41 9721.44 9720.7 9720.09 9719.65 9719.58 9736.23 9735.26 9733.4 9731.67 9729.92 9731.96 9733.3 9734.5 9735.87 9737.52 9738.67 9739.86 9741.3 9743.34 9751.3 9761.55 9773.94 9791.34 9793.64 9794.1 9795.7 9799.8 9807.65 9816.87 9822.93 9824.99 9824.8 9825.67 9827.37 9829.72 9831.72 9832.17 9832.59 9829.54 9825.05 9819.75 9814.27 9810.01 9806.2 9801.91 9799.65 9801.61 9802.84 9806.84 9811.38 9816.16 9822.4 9826.4
9708.6 9710.43 9712.48 9714.97 9717.56 9721.21 9725.6 9729.62 9730.84 9733.32 9734 9731.99 9728.6 9724.62 9721.21 9720.76 9721.91 9723.67 9726.94 9726.25 9730.54 9730.77 9730.27 9730.23 9732.28 9734.72 9736.99 9738.95 9740.92 9742.84 9744.77 9746.63 9749.38 9757.32 9768.28 9781.19 9797.11 9802.97 9804.49 9805.18 9808.61 9815.76 9823.7 9831.65 9828.79 9826.18 9826.1 9826.91 9828.08 9829.75 9831.03 9832.8 9832.9 9831.52 9829.43 9827.31 9827.36 9825.09 9815.95 9812.21 9816.13 9816.94 9815.9 9826.5 9829.95 9835.21 9838.29
9708.77 9708.8 9709.17 9709.79 9710.57 9715.16 9722.02 9728.32 9732.39 9735.7 9736.67 9734.54 9730.59 9725.61 9721.89 9722.89 9725.07 9727.63 9730.73 9726.66 9728.43 9729.51 9730.26 9731.58 9734.23 9737.16 9739.84 9742.8 9745.55 9748.16 9751.03 9754.16 9757.97 9765.75 9775.81 9785.24 9801.96 9809.94 9813.26 9817.18 9822.59 9824.77 9827.81 9829.81 9826.83 9825.7 9824.96 9825.57 9826.4 9828.71 9832.18 9834.84 9837.74 9839.81 9840.5 9840.54 9841.02 9837.1 9831.54 9828.76 9836.64 9838.82 9834.76 9843.79 9845.61 9846.99 9836.38
9707.62 9706.93 9706.44 9705.9 9705.49 9710.42 9720.15 9729.68 9737.58 9742.21 9742.25 9739.02 9734.09 9729.85 9727.22 9727.26 9728.87 9730.99 9732.74 9730.39 9729.43 9730.37 9731.71 9733.81 9737.36 9741.09 9744.21 9747.37 9750.72 9754.27 9758.19 9763.39 9769.07 9776.89 9785.86 9795.37 9807.86 9814.33 9817.93 9823.17 9829.86 9833.58 9831.46 9824.17 9821.14 9824.11 9825.88 9826.6 9825.37 9824.68 9829.89 9838.63 9845.19 9851.04 9854.89 9855.79 9856.41 9855.42 9853.05 9848.95 9858.41 9860.96 9852.48 9852.07 9848.18 9836.14 9832.28
9706.38 9705.4 9704.58 9704.14 9704.44 9709.84 9720.47 9732.41 9743.66 9749.95 9749.68 9744.74 9738.55 9731.69 9731.14 9732 9733.25 9734.71 9734.54 9731.59 9731.04 9733.08 9736.02 9738.79 9742.01 9745.37 9748.72 9752.23 9756.29 9760.39 9765.51 9772.41 9780.42 9789.01 9796.28 9802.72 9809.96 9814.67 9818.03 9821.71 9826.95 9838.75 9840.45 9825.63 9820.27 9826.82 9830.08 9831.39 9830.6 9829.8 9836.8 9847.85 9858.37 9866.8 9870 9874.8 9876 9881.58 9885.38 9880.29 9880.77 9873.42 9858.64 9856.94 9847.11 9816.85 9811.41
9704.45 9704.03 9703.59 9703.89 9705.77 9711.51 9721.09 9734.04 9750.27 9764.78 9755.53 9750.13 9744.65 9739.04 9737.2 9736.93 9738.22 9739.26 9739.62 9733.36 9733.81 9737.33 9740.64 9743.96 9747.09 9750.26 9753.92 9757.68 9761.84 9766.37 9771.69 9778.75 9788.81 9800.59 9803.63 9808.96 9810.95 9813.01 9815.52 9818.24 9822.52 9833.1 9841.28 9834.43 9832.35 9835.5 9840.3 9842.45 9842.76 9842.55 9849.85 9859.89 9871.55 9882.2 9890.26 9899.02 9904.46 9924.61 9923.97 9916.26 9907.98 9888.58 9859.14 9837.19 9811.07 9790.78 9776.12
9703.74 9703.96 9703.84 9704.53 9706.17 9710.32 9719.99 9731.51 9742.87 9750.19 9752.53 9754.12 9752.46 9744.8 9740.98 9741.65 9743.23 9744.35 9743.49 9740.95 9740.72 9743.39 9746.29 9749.87 9752.69 9755.63 9759.16 9762.65 9766.66 9771.25 9775.84 9781.48 9787.39 9791.19 9802.93 9810.07 9809.36 9810.12 9811.88 9814.57 9817.62 9821.88 9829 9838.24 9843.01 9846.41 9853.23 9856.78 9858.8 9859.79 9864.59 9871.89 9881.64 9891.81 9906.35 9922.65 9933 9947.58 9947.76 9931.92 9924.14 9900.93 9853.73 9818.63 9791.93 9768 9752.11
9704.22 9704.87 9705.47 9706.45 9708.04 9711.56 9719.92 9728.76 9734.38 9731.29 9748.98 9759.52 9763.91 9758.37 9746.56 9747.2 9749.24 9750.7 9749.45 9747.03 9746.41 9749.17 9755.38 9756.19 9757.99 9760.58 9763.55 9767.05 9771.22 9774.98 9779.15 9783.14 9786.59 9790.22 9797.42 9802.49 9803.48 9804.72 9807.98 9812.34 9816.26 9819.23 9834.61 9841.6 9850 9855.85 9866.08 9873.07 9875.41 9876.62 9876.11 9877.68 9884.14 9894.92 9914.38 9939 9957.91 9967.29 9963.29 9948.55 9945.56 9898.75 9832.95 9784.69 9762.5 9739.01 9724.9
9706.08 9706.78 9708.22 9709.77 9711.82 9715.4 9722.34 9730.7 9737.86 9746.78 9756.93 9767.7 9775.12 9768.72 9756.12 9753.87 9754.44 9756.66 9755.58 9748.39 9745.78 9750.63 9757.18 9759.53 9761.61 9764.34 9767.55 9771.46 9774.94 9778.66 9782.31 9785.41 9787.47 9789.03 9792.2 9796.01 9797.68 9796.66 9806.32 9812.43 9818.91 9828.81 9839.89 9843.98 9845.05 9863.41 9879.7 9889.58 9890.59 9886.55 9881.46 9874.39 9873.33 9879.87 9899.3 9934.77 9971.71 9969.05 9948.29 9941.06 9942.71 9853.39 9779.26 9725.13 9726.29 9703.32 9697.04
9707.68 9709.37 9711.77 9714.27 9716.44 9719.49 9726.8 9736.28 9745.52 9755.37 9765.17 9774.89 9782.02 9775.02 9763.07 9758.54 9757.35 9757.17 9754.02 9747.1 9742.87 9748.94 9756.57 9760.5 9764.09 9767.49 9771.24 9774.38 9778.32 9782.05 9785.45 9788.54 9790.69 9789.98 9787.36 9792.53 9800.49 9810.24 9811.56 9813.93 9817.28 9824.64 9838.45 9847.58 9860.18 9874.73 9892.7 9906.77 9908.7 9900.29 9881.25 9860.84 9845.33 9838.86 9846.17 9872.41 9906.32 9857.67 9815.48 9810.46 9790.87 9738.21 9689.72 9670.77 9682.99 9683.94 9670.65
9709.88 9713.06 9716.46 9719.48 9722.95 9726.73 9734.1 9744.05 9753.3 9761.18 9770.62 9779.17 9781.83 9772.87 9764.14 9759.64 9757.53 9756.15 9752.5 9747.02 9742.98 9747.31 9753.21 9761.16 9766.25 9770.42 9774.09 9777.43 9780.74 9784.59 9788.86 9792.64 9796.27 9799.09 9793.82 9797.79 9806.45 9811.92 9816.53 9817.35 9816.48 9820.4 9835.78 9849.19 9862.24 9879.72 9902.57 9921.77 9925.78 9907.68 9871.83 9833.92 9799.98 9773.58 9755.26 9743.89 9724.58 9672.38 9624.81 9615.35 9602.11 9588.73 9581.15 9580.85 9609.53 9622.21 9628.37
9712.25 9716.53 9721.39 9726.16 9731.56 9737.12 9744.62 9753.31 9761.39 9770.27 9778.38 9782.34 9780.34 9766.19 9760.78 9758.63 9756.91 9753.71 9751.76 9749.06 9749.65 9753.44 9759.24 9764.66 9768.89 9772.11 9775.75 9779.41 9782.89 9787.21 9792.02 9796.72 9801.92 9806.74 9805.31 9808.19 9815.14 9822.9 9825.41 9823.71 9822.47 9825.2 9838.8 9851.95 9860.1 9877.8 9904.46 9928.71 9941.58 9905.65 9843.33 9785.04 9733.7 9686.67 9643.08 9599.43 9555.19 9508.95 9464.28 9441.74 9429.36 9443.14 9469.91 9486.27 9532.92 9557.78 9561.18
9713.71 9718.87 9724.89 9731.88 9740.27 9749.47 9757.55 9761.75 9766.54 9773.53 9779.91 9781.66 9782.59 9761.05 9756.65 9757.23 9758.07 9756.62 9754.43 9751.35 9749.19 9763.31 9769.02 9768.86 9770.86 9774.15 9777.09 9780.22 9784.49 9789.33 9794.15 9799.28 9805.17 9811.59 9814.97 9817.62 9823.57 9831.1 9833.2 9831.14 9830.36 9837.01 9846.32 9859.76 9867.41 9877.27 9893.11 9906.4 9928.18 9867.3 9789.35 9723.38 9663.12 9603.7 9540.24 9474.22 9424.27 9386.96 9343.13 9313.61 9293.53 9327.28 9373.43 9411.61 9467.21 9499.01 9504.62
9715.74 9721.48 9728.25 9736.41 9745.91 9757.24 9765.74 9765.33 9765.3 9767.62 9771.25 9770.25 9769.81 9751.39 9751.79 9756.03 9761.1 9763.91 9759.11 9754.73 9753.91 9761.03 9768.06 9769.66 9771.52 9774.35 9777.65 9780.86 9785.44 9790.39 9795.32 9800.79 9806.63 9812.59 9819.33 9823.16 9828.59 9833.78 9836.32 9837.22 9837.97 9841.88 9849.91 9869.05 9884.89 9885.86 9863.07 9833.25 9809.82 9761.14 9702.45 9645.2 9589.09 9528.8 9459.24 9383.89 9344.52 9326.46 9289.27 9262.05 9232.24 9267.35 9320.63 9366.18 9394.13 9451.85 9452.29
9715.86 9722.53 9729.47 9737.59 9746.74 9757.01 9764.06 9762.01 9757.91 9753.67 9748.8 9750.75 9746.48 9741.83 9747.08 9753.99 9761.91 9767.57 9761.46 9756.81 9754.68 9759.95 9765.42 9768.88 9771.9 9774.86 9778.37 9781.51 9786.58 9790.69 9795.69 9800.87 9806.82 9812.43 9817.48 9825.55 9831.1 9836.29 9839.69 9839.46 9842.81 9837.13 9850.08 9868.41 9888.73 9896.26 9805.51 9723.42 9654.21 9631.02 9600.29 9564.12 9523.66 9475.79 9416.48 9344.89 9330.84 9342.29 9342.46 9328.01 9276.62 9283.23 9320.26 9351.02 9368.15 9421.21 9426.86
9715.69 9721.92 9728.37 9735.65 9743.52 9751.38 9756.67 9753.99 9747.99 9740.58 9732.71 9737.03 9736.98 9737.71 9744.12 9751.35 9757.51 9760.54 9759.91 9757.08 9755.5 9759.66 9763.61 9767.5 9771.29 9775.12 9778.74 9784.28 9787.65 9791.6 9795.96 9800.56 9805.93 9813.59 9823.15 9826.95 9831.62 9835.5 9836.12 9835.64 9833.58 9839.72 9852.41 9843.84 9831.76 9812 9699.03 9598.16 9526.67 9511.23 9500.61 9487.63 9468.39 9445.04 9417.84 9376.86 9378.07 9401.69 9447.81 9456.35 9404.5 9378.59 9356.3 9343.19 9338.78 9385.88 9394.27
9714.72 9720.42 9725.52 9731.36 9737.16 9742.31 9745.57 9743.08 9738.54 9732.6 9727.8 9733.01 9736.3 9737.46 9743.46 9749.97 9755.47 9758.26 9758.2 9756.77 9755.52 9756.5 9761.03 9765.8 9770.2 9774.6 9779.31 9784.23 9787.59 9791.35 9794.56 9798.94 9803.59 9808.87 9817.68 9825.25 9831.79 9835.99 9834.99 9832.92 9828.7 9853.5 9852.49 9790.39 9722.03 9641.25 9552.74 9466 9410.44 9410.18 9414.21 9417.59 9418.45 9420.04 9433.77 9462.58 9434.3 9435.78 9465.32 9463.52 9467.16 9441.39 9368.63 9317.61 9291.99 9345.81 9353.02
9713.74 9717.29 9721.52 9725.9 9729.66 9732.37 9732.27 9732.23 9730.9 9728.17 9726.42 9730.8 9734.1 9739.03 9744.73 9750.2 9754.02 9756.85 9757.74 9757.01 9755.57 9754.23 9759.4 9764.5 9769.2 9774.06 9778.55 9783.04 9786.2 9790 9793.41 9796.6 9800.78 9804.94 9811.48 9821.84 9833.38 9842.31 9847.42 9840.16 9837.1 9849.1 9813.79 9703.42 9594.94 9487.15 9409.46 9349.13 9319.39 9328.13 9342.81 9356.3 9369 9382.16 9402.99 9430.11 9418.07 9417.03 9428.7 9432.83 9423.16 9393.64 9332.01 9281.48 9257.71 9297.6 9305.08
9711.75 9715.43 9718.45 9721.13 9723.19 9724.5 9725.37 9725.67 9725.18 9725.77 9727.73 9732.33 9738.83 9742.09 9747.15 9752.31 9756.41 9758.16 9758.72 9758.29 9757.7 9756.64 9760.41 9764.91 9769.4 9774.19 9778.33 9782.18 9785.07 9788.07 9791.76 9794.98 9798.81 9803.16 9808.99 9820.49 9836.15 9848.28 9856.56 9849.25 9850.15 9798.12 9701.03 9581.09 9468.12 9361.94 9295.59 9257.51 9249.18 9265.47 9284.31 9302.19 9319.01 9332.32 9341.07 9344.18 9356.4 9360.16 9367.74 9360.3 9315.71 9280.26 9249.12 9218.26 9206.77 9260.35 9254.87
9710.54 9712.99 9715.52 9716.84 9717.75 9717.26 9716.97 9716.84 9719.46 9724.02 9729.99 9736.84 9738.84 9744.63 9749.8 9755.12 9760.27 9760.68 9760.47 9760.02 9760.5 9761.03 9762.76 9766.12 9770.41 9774.21 9778.09 9782.05 9785.68 9787.93 9791.39 9794.6 9797.99 9803.75 9812.04 9824.3 9837.61 9849.82 9851.37 9852.73 9834.27 9707.55 9554.65 9445.78 9351.37 9268.73 9218.65 9198.74 9204.26 9219.55 9238.64 9255.8 9270.1 9284.81 9292.44 9295.36 9293.92 9284.36 9261.52 9215.63 9185.69 9155.17 9157.37 9154.84 9150.18 9206.87 9205.83
9710.21 9712.11 9712.97 9713.08 9712.52 9710.89 9707.17 9706.49 9714.19 9721.62 9730.2 9738.52 9743.15 9747.24 9752.31 9757.12 9760.82 9762.54 9762.26 9761.31 9760.39 9762.25 9765.02 9767.75 9770.99 9774.54 9778.88 9781.96 9784.99 9788.54 9791.59 9794.59 9797.37 9800.53 9811.84 9822.47 9834.25 9846.53 9859.31 9854.05 9761.04 9594.72 9426.52 9324.16 9251.77 9191.19 9163.87 9173.35 9185.06 9194.4 9205.21 9218.44 9231.06 9244.52 9253.72 9253.83 9241.18 9216.97 9174.32 9118.38 9096.03 9078.32 9091.6 9105.95 9117.28 9175.02 9175
9709.07 9709.61 9709.69 9709.72 9708.52 9707.45 9706.07 9706.74 9712.65 9718.73 9725.25 9730.41 9741.63 9748.64 9754.65 9759.19 9762.62 9764.88 9765.17 9763.8 9761.2 9764.3 9767.72 9769.99 9772.46 9775.02 9778.46 9782.11 9785.92 9792.07 9795.14 9798.22 9800.61 9804.14 9811.06 9814.5 9821.79 9824.26 9822.82 9789 9632.89 9472.48 9317.13 9225.16 9175.05 9143.41 9143.26 9186.74 9179.72 9178.99 9183.65 9191.77 9199.45 9208.38 9216.71 9216.44 9202.84 9175.15 9126.35 9081.53 9063.81 9056.66 9068.5 9086.44 9102.56 9146.93 9159.35
9705.73 9706.07 9706.27 9706.35 9706.5 9706.83 9708.55 9711.53 9713.98 9716.76 9719.28 9723.28 9739.87 9750.17 9758.12 9763.14 9766.04 9768.98 9769.47 9768.89 9768.05 9769.82 9771.56 9772.02 9773.73 9778.53 9782.4 9786.51 9790.12 9796.54 9799.57 9802.7 9806 9811.86 9816 9812.05 9805.31 9781.27 9737.63 9669.36 9508.57 9362.35 9225.72 9145.98 9117.91 9113.65 9131.45 9163.54 9160.8 9161.63 9165.48 9170.46 9173.42 9175.43 9176.66 9181.46 9182.44 9168.6 9128.82 9091.05 9068.46 9058.62 9061.03 9070.43 9082.51 9121.81 9142.19
9703.8 9704.13 9704.48 9704.39 9705.34 9706.49 9709.39 9714.08 9714.65 9716.62 9719.93 9727.54 9741.58 9753.15 9762.62 9771.16 9774.72 9774.47 9774.36 9774.4 9775.21 9773.03 9772.24 9772.32 9775.38 9778.98 9786.06 9790.92 9795.46 9803.52 9806.63 9806.7 9809.98 9818.59 9826.94 9823.96 9792.59 9738.52 9652.1 9557.93 9410.01 9275.97 9153.17 9086.96 9077.9 9088.69 9109 9118.97 9131.87 9141.11 9145.01 9149.67 9152.36 9150.98 9153.86 9161.7 9174.11 9186.96 9185.51 9132.78 9093.16 9071.46 9062.8 9062.2 9064.31 9097.19 9119.87
9702.74 9702.7 9702.73 9702.93 9703.77 9705.04 9706.82 9709.23 9712.67 9717.24 9723.43 9736.49 9747.38 9756.95 9766.2 9773.27 9777.57 9778.37 9777.89 9776.89 9775.19 9772.67 9770.55 9771.44 9776.71 9781.49 9791.06 9797.26 9802.7 9810.17 9812.24 9809.49 9811.5 9824.74 9839.23 9838.44 9789.9 9708.09 9597.51 9453.24 9329.56 9212.18 9110.24 9055.54 9055.18 9070.32 9089.55 9095.17 9108.55 9121.34 9128.87 9133 9134.67 9134.53 9134.21 9145.09 9159.78 9182.23 9211.15 9155.94 9116.1 9091.5 9080.61 9056.57 9045.78 9071.91 9088.14
9701.96 9701.85 9701.72 9701.95 9702.57 9703.5 9704.57 9706.54 9711.04 9717.41 9725.72 9740.54 9749.38 9759.1 9769.12 9777 9780.26 9780.68 9779.89 9778.25 9775.26 9771.8 9768.89 9770.38 9778.99 9785.83 9792.95 9803.39 9809.83 9814.7 9815.95 9815.21 9815.97 9832.61 9849.72 9846.81 9789.87 9682.29 9549.95 9380.25 9257.75 9159.82 9087.34 9048.44 9049.31 9062.72 9073.05 9082.16 9097.63 9109.69 9117.7 9121.64 9121.1 9119.83 9126.38 9127.84 9133.62 9134.22 9125.55 9116.82 9091.61 9075.38 9059.83 9036.72 9025.04 9052.22 9052.51
9699.91 9699.62 9699.81 9700.34 9700.54 9701.68 9703.06 9705.43 9709.97 9716.25 9724.28 9736.27 9746.22 9757.75 9770.43 9781.13 9782.14 9780.85 9779.75 9779.74 9777.04 9771.59 9767.03 9770.16 9781.09 9789.67 9798.55 9810.72 9818.27 9823.6 9823.46 9822.37 9823.24 9836.58 9851.51 9857.79 9791.97 9649.24 9491.1 9318.68 9181.78 9114.51 9073.16 9053.16 9053.93 9066.39 9083.78 9087.65 9092.62 9103.14 9110.84 9114.59 9111.86 9103.24 9099.78 9111.04 9112.66 9101.34 9085.61 9073.67 9051.23 9038.34 9020.02 9011.13 9017.2 9027.19 9023.11
