real_craters/C130-1000m.grd
DSAA
47 47
-23.21 23.21
-23.21 23.21
10361.466264193 11851.956402749
11337.4 11352.4 11346.4 11351.5 11355.3 11361.4 11364.6 11347.3 11309.7 11385.7 11429.2 11403.9 11419.5 11406.1 11400.1 11399.8 11407.3 11422 11439.4 11454.9 11458 11451.6 11447.5 11437.8 11439.9 11452 11466.2 11476.4 11488.7 11500.3 11469.5 11429.9 11396.9 11381.4 11388.8 11392.9 11395.8 11412.1 11413.3 11417.9 11443.7 11445.7 11417.3 11405.2 11407.4 11409.8 11413.4 
11330.6 11341.8 11344.4 11337.8 11345.1 11351.8 11352.8 11354.5 11377.8 11408.9 11436.3 11435.5 11424.7 11403.3 11401.7 11403.3 11414 11431.7 11452.6 11473.3 11475.2 11461.7 11449 11439.8 11438.8 11446.4 11454.5 11463.2 11479.6 11489.3 11472.1 11430.7 11391.7 11372.1 11382.7 11391.1 11420.8 11438.3 11408.4 11412.5 11443.7 11447 11430.8 11420.3 11412.2 11410.1 11412.5 
11335.5 11336.9 11345.3 11346.3 11348.3 11353.9 11354.9 11359.3 11375.1 11383.4 11409.2 11420 11416.3 11404.5 11401.1 11403.4 11417.8 11436.4 11459 11476.3 11475.6 11467 11457.7 11445 11438.8 11445.1 11451.4 11457.5 11483.6 11515.5 11481.6 11440.8 11399.2 11374.7 11396.1 11422.4 11427 11438.8 11430.8 11412 11420 11431.1 11425.7 11418.4 11414.3 11411.6 11408.4 
11338.9 11340.5 11334.6 11358.8 11357.8 11363.2 11364.3 11367.8 11361.4 11361.5 11392.2 11408.7 11419 11413.3 11396.9 11398.2 11420.1 11440.5 11460.7 11477.1 11473.8 11467.5 11460.2 11452.8 11451.1 11452.6 11455.4 11462.7 11486 11503 11494.2 11462.3 11428.3 11406 11412.4 11415.8 11415.8 11417.8 11414.5 11395.7 11398.4 11414.6 11415.6 11406.8 11415.6 11412.5 11405.8 
11347.3 11345.1 11335.4 11341.7 11360.5 11374.3 11383.3 11374.2 11359.4 11355.8 11396.1 11418.6 11445.4 11432 11412.5 11410.4 11427.2 11445 11462.4 11467.7 11469.6 11465.8 11462.3 11463.7 11465.8 11466 11464.9 11469.4 11493.4 11523.5 11522.7 11488.8 11456.6 11437.2 11416.9 11415.5 11421.1 11422.9 11412.4 11386 11397.7 11406.9 11417.9 11434.5 11422.9 11410.9 11401.9 
11352.6 11355.9 11349.2 11341.1 11359.4 11379.6 11387 11371.7 11361.7 11356.8 11402.6 11434 11442.1 11442.9 11435 11431.7 11438.5 11451.9 11469.2 11484.2 11472.7 11465.1 11459.5 11461.3 11483.1 11478.2 11477.3 11481.1 11509.7 11535.3 11549.6 11510 11465.8 11423.8 11410.9 11425.7 11432.7 11421.9 11395.5 11386.4 11398.2 11398.5 11412.2 11422.7 11414.1 11404.3 11394.7 
11348.9 11352.6 11334.4 11341.5 11360 11379.1 11383.8 11372.2 11374.4 11387 11420.3 11443.7 11444.6 11443.4 11440.6 11441.2 11446.8 11457.9 11469.1 11482.1 11475.2 11469.1 11460.1 11446.2 11468.2 11480.1 11494.8 11510.8 11531.7 11561.9 11564.9 11521.1 11471.6 11429.9 11416.4 11430.7 11427.7 11407 11386.5 11378.3 11383.8 11396.1 11404.3 11401.2 11400.3 11396.1 11387.1 
11348.1 11363 11356.3 11346.6 11359.9 11377.2 11384.9 11384.8 11392 11409.7 11443.8 11463.7 11450.2 11445.4 11436.2 11445.2 11452.2 11458.6 11464.2 11477.3 11480 11483.1 11480.6 11472 11471.8 11487.5 11509.5 11528.5 11538.5 11553 11555.5 11516.2 11475.2 11437 11418.6 11419.7 11420 11402.5 11377.8 11377.8 11394.7 11417 11411.3 11403.1 11394.4 11386.7 11382.8 
11335.2 11345.5 11346.3 11353.7 11360 11361.9 11373.3 11385.6 11399.4 11419.8 11441.4 11452.6 11461.2 11459.1 11458.9 11452.8 11456.6 11461.7 11465 11476.3 11493.9 11510 11521.5 11529.3 11510.1 11508.9 11522.1 11532.6 11536.5 11529.2 11513.8 11498.6 11480.5 11458.8 11431.5 11440.3 11429.3 11413 11400.9 11374 11404 11433.4 11412.9 11398.9 11390.2 11383.2 11379.4 
11326.8 11331.9 11330.7 11352.7 11364.5 11373.4 11380.9 11387.2 11402.7 11423 11452.9 11458.6 11473.1 11461 11454.8 11463 11469.6 11474.9 11482.3 11497.7 11525.3 11553.8 11574.6 11585.3 11570 11568.5 11544.7 11553.4 11550.5 11519.7 11474.1 11494.4 11493.8 11489 11461.8 11454.9 11439 11423.1 11407.3 11381 11387.2 11399.9 11400.9 11387.9 11377.9 11380.5 11382 
11328.2 11337.2 11341 11351.1 11368 11389.1 11392 11403.9 11414.6 11417.4 11426.9 11456.1 11462.1 11459.8 11463 11482.1 11498.2 11505.2 11497.6 11526.6 11563.8 11600.1 11635.5 11660.8 11674.1 11679.1 11723.8 11652.2 11597.6 11553.8 11522.9 11518.6 11517.1 11511.2 11496.3 11464.2 11448.3 11425.1 11399.6 11368.8 11383.4 11394.6 11391.2 11384.2 11374.4 11382.9 11383.4 
11327 11332.5 11335.7 11347 11362.8 11380.7 11388.3 11394.2 11401.5 11416.3 11421.9 11426.5 11444.4 11458.8 11477.4 11503.4 11532.1 11546.4 11521.8 11559.9 11593.7 11624.8 11669.2 11725.9 11757.2 11745 11705.8 11702.6 11637.7 11589.3 11562.3 11537.7 11538.1 11534.9 11519.4 11497.9 11462.6 11430.5 11400.5 11383 11376.4 11380.4 11385.6 11390.5 11402.3 11387.1 11383.5 
11319.2 11328.4 11330.6 11343.4 11356.8 11374.6 11383.8 11389.2 11396.6 11408.2 11416.3 11438.1 11439.9 11454.6 11482 11521.2 11570.5 11618.2 11616.8 11609.6 11591.9 11598.5 11638.3 11720.3 11809.5 11762.3 11852 11713.1 11646.4 11600.4 11562 11541.6 11566.5 11588.3 11589.5 11528.9 11483.5 11442 11412.5 11391.6 11387.5 11385.4 11385.8 11385.5 11384.9 11378.1 11376.8 
11314.4 11317.3 11319.1 11324.3 11347.1 11370 11384 11388.5 11392.1 11402.5 11409.8 11433.7 11454.6 11465.2 11484.1 11516.7 11569.3 11666.1 11747.3 11624.9 11543.3 11514.8 11522.1 11563.1 11646.8 11661.3 11648.6 11627.8 11604.8 11596.7 11574 11570.6 11631.9 11644.2 11603.9 11547.6 11498 11448.9 11415.1 11403.9 11403.8 11397.4 11391 11382.9 11369.2 11371.2 11378.5 
11309.2 11307.7 11311.7 11314.8 11362 11386.4 11390.3 11392.4 11397.6 11404 11413.8 11423.3 11456.4 11461.6 11477.6 11478.1 11487.2 11513.7 11529.1 11484.3 11411.7 11359 11322 11297.4 11306.4 11369.2 11465.9 11480.4 11524.5 11589.5 11682 11736.6 11708.9 11739.2 11651.8 11573.5 11512.4 11457 11421.3 11424.8 11416.3 11414.3 11408.3 11396.1 11385.6 11385.5 11384.5 
11306.8 11337 11333.8 11335.6 11389.1 11399.4 11394 11394.1 11402.7 11416.4 11432.2 11458.4 11479.5 11519.3 11475.4 11406 11342.8 11283.7 11242.3 11251.1 11211.6 11151.9 11082.7 10998.4 10875.1 10857.1 11078.3 11251.4 11389.8 11528.6 11654.2 11694.5 11709.7 11719.5 11674.1 11610 11531 11479.4 11441.6 11427.7 11428.2 11418.8 11411.2 11410.8 11413.4 11404.2 11386.7 
11330.2 11348.8 11343.8 11347.6 11366.2 11382.7 11388.7 11390.7 11399.8 11450.2 11464.4 11502 11548.4 11580.4 11439.4 11293.7 11172.2 11096.2 11029.9 11036.4 11008.1 10962.4 10887.3 10788.3 10687.7 10674.7 10810.5 11053.5 11259.5 11445.1 11609 11719.3 11679.7 11636.4 11668.1 11589.2 11535.8 11489.6 11453.2 11437.6 11437.4 11431.6 11424.9 11420.2 11420 11409.4 11388.5 
11328.6 11364.3 11340.6 11339.5 11347.6 11369.9 11383.7 11390.1 11390 11422 11482.9 11556.6 11595.7 11546.4 11335.5 11158.1 10988.8 10844.6 10786.3 10822.1 10806.1 10765.8 10708 10640.9 10589.8 10597.7 10699.8 10896.2 11116.7 11324.7 11508.2 11601.6 11676.8 11736 11782.1 11594.6 11557.2 11497 11457.6 11444.1 11449.7 11443.8 11428 11421.2 11419.4 11406.9 11393.8 
11349.2 11378.9 11343.3 11339.1 11357.5 11371.6 11383.6 11397.6 11405.1 11443 11507.6 11714.2 11543.1 11246.1 11178.2 11003.4 10816.7 10653.5 10602.6 10647.2 10643.4 10613.2 10572.8 10532.5 10502 10515.2 10607.6 10779.9 10987.9 11207.5 11410.7 11601.2 11687 11779.5 11727.3 11724.2 11615.7 11509.5 11454.6 11446.6 11436 11422.1 11408 11416 11425.2 11421.1 11375.1 
11369.6 11370.1 11353.9 11354.7 11363.5 11376.4 11389.1 11410.4 11451.9 11482.8 11565.7 11692.5 11526.6 11405 11103 10900.6 10706.5 10547.9 10496.7 10548.9 10553.6 10538.7 10511 10473.1 10428.2 10408.6 10498.7 10678.8 10886.8 11085 11290.8 11505.3 11599.9 11668.6 11695.3 11729.5 11668.9 11558.9 11464.3 11448.6 11437.7 11417.4 11414.7 11418 11427.6 11435.8 11419.1 
11360.7 11357.3 11356.5 11358.6 11370.3 11377.2 11391.7 11410.1 11432.3 11492.1 11635 11653.6 11443.7 11170.7 11006.6 10818.8 10631.3 10482.5 10441.3 10497.4 10504.6 10501.2 10487.6 10460.4 10410.3 10371 10414.4 10593.9 10787.5 10950.2 11115.2 11249.8 11460.8 11658.9 11702.1 11749.6 11719.5 11625.3 11468.9 11444.8 11439.1 11429.8 11418.1 11415.4 11415.9 11413.7 11408.8 
11366.3 11348.9 11351.9 11360.1 11364.7 11376.8 11389.7 11410.8 11452.2 11551.8 11587.7 11605.2 11311.8 11107.7 10950.9 10761.1 10576.4 10436.9 10400.6 10459.1 10468.4 10472.6 10468.2 10461.4 10445.5 10419.6 10426.1 10548.6 10701.6 10854.9 10994.9 11118.8 11334.3 11650.6 11698.9 11693 11743.2 11695.5 11480.7 11446.2 11439.5 11430.7 11416.4 11408.6 11406.6 11404.9 11406 
11326.1 11336.3 11342.7 11347.7 11364 11368.2 11377.3 11399.3 11449.7 11517.2 11564.5 11558.2 11292.6 11111 10935.8 10719.7 10529.1 10391.8 10363.4 10437.4 10446.8 10453.2 10463.8 10475 10485.6 10474.8 10453.6 10530.1 10664.5 10814.5 10939.1 11039.1 11108.2 11286 11532.3 11653.1 11744.4 11678.1 11504.2 11455.3 11436.4 11421.4 11412.3 11405.3 11401.3 11397.5 11403.2 
11323.6 11326.3 11332.1 11342.7 11348.6 11353.9 11363.2 11377.5 11405.6 11467.3 11566.3 11604.2 11422.5 11166.8 10900.1 10678.7 10502.6 10385.5 10361.5 10386.1 10448.2 10455.5 10462.3 10473.6 10488 10476.6 10436.1 10517.1 10650.8 10794.7 10939.2 11047.5 11109.6 11264.8 11493.8 11675.9 11752.9 11659 11528.6 11470.1 11432.2 11430.3 11420.6 11413.8 11403.6 11384.1 11374.9 
11316.9 11323.1 11325.5 11327.4 11330.9 11338.4 11349.3 11360.5 11384.3 11447.2 11583.3 11700.5 11566.9 11132 10810.1 10637.3 10495.2 10400.8 10390.4 10402.8 10456.1 10455.2 10450.7 10448.4 10444.2 10410.1 10410.1 10511.6 10655.2 10812.9 10961.6 11100.1 11182.4 11342.4 11547.2 11735.1 11801.9 11677.4 11562.1 11490.6 11451.3 11439.2 11423.2 11433.4 11418.7 11396.1 11370.2 
11327.1 11327.8 11327.6 11329.1 11330 11332.3 11340.3 11353.6 11380.7 11430.1 11575.5 11745.7 11599.8 11198.2 10845 10644.1 10512.8 10433.4 10425.2 10429 10436.9 10464.1 10442.7 10418.2 10397.1 10381.6 10408.6 10519.8 10674.9 10845.6 11009.5 11156 11280.2 11455 11611.6 11731.9 11707 11621.6 11564.7 11501.3 11445.8 11416 11424.1 11432.6 11428.8 11427.7 11365.5 
11345.8 11332.7 11333.3 11339.5 11337.4 11334.3 11341.4 11353.7 11381.3 11433.8 11550.6 11674.2 11677.5 11317.1 10875.5 10691.2 10560.6 10494.5 10480.8 10480 10478.2 10461 10449.6 10407.6 10367.4 10383 10431.2 10541.8 10715 10900.7 11083.1 11243.4 11392.7 11620.9 11668.1 11681 11645.2 11614.1 11563 11517.2 11474.4 11451.2 11440.9 11427.4 11422.5 11417 11389.2 
11322.9 11323.5 11309.9 11325.2 11337.7 11346 11340.3 11346.1 11371.9 11414 11501.9 11627.9 11756.4 11462.3 11005.2 10799.1 10680.5 10591 10565.9 10553.1 10533.7 10503 10486.2 10434.2 10391.9 10430.5 10492.1 10585.8 10782.4 10994.3 11198.8 11383.3 11576.4 11715.6 11688.6 11652.1 11613.2 11557.5 11546 11529.2 11517.3 11483.2 11443 11422.5 11409.3 11414 11411.1 
11319.5 11316.7 11307 11308 11320.2 11327.6 11332.3 11344 11371.4 11393.6 11469.5 11583.3 11713.6 11561.5 11210.3 10957 10756.2 10682.1 10657.7 10645.3 10619.9 10580 10537.9 10511.4 10487.1 10520.7 10586.9 10669.7 10888 11112.1 11333.7 11549.5 11716.8 11735.1 11669.1 11608.5 11549 11534.2 11530 11530.4 11531.8 11511.9 11489.1 11430.1 11406.3 11404.4 11417.3 
11312.3 11307.2 11309.8 11319.5 11325.3 11322.3 11323.5 11326 11356 11370.7 11405.5 11458.4 11601.4 11611.4 11489.8 11209.5 10892.5 10828 10795.4 10768.6 10727.2 10686.6 10640.8 10611.5 10602.2 10636.6 10687.6 10837.9 11055.7 11264.9 11460.9 11663.2 11787.9 11731.9 11629 11572.2 11533.5 11517.7 11519.9 11524 11527.9 11520.2 11525.3 11479.7 11426.9 11405.7 11395.4 
11304.5 11304.8 11311.5 11330.3 11350.9 11336.2 11321.3 11320.7 11338.3 11340 11371.6 11428.5 11499.9 11613.4 11779.1 11534.7 11155.1 11052.3 10993.7 10948.4 10906.4 10861.4 10779.7 10723.7 10718.8 10804.8 10905.7 11078.4 11271.4 11409.3 11526.2 11617.7 11619.2 11562 11561 11534.6 11516.8 11504.5 11507.6 11513.6 11518 11520.8 11515.2 11487.6 11438.5 11417.3 11397.8 
11307.2 11308 11292.1 11324.2 11347.1 11323.9 11318.1 11318.6 11326.5 11333 11360 11411.5 11428.9 11510.4 11741.8 11699.4 11452.3 11289.3 11191.3 11134.5 11109.2 11048.5 10996.4 10924.5 10930.8 11058.2 11171.5 11403.8 11502.2 11519.7 11537.4 11540.6 11514.4 11523.4 11527.1 11502.6 11491.9 11487.9 11494.7 11503.6 11510.5 11510.2 11509.7 11498.7 11482.1 11451.6 11421.4 
11301.6 11304 11301.8 11312.7 11323.9 11321.9 11317.7 11319.6 11320.8 11331.1 11348.4 11381.3 11397.5 11443.7 11546.5 11644.6 11625.3 11455.9 11361.5 11317 11295.4 11285.3 11226.6 11275.9 11302.1 11360.5 11490.3 11694.3 11675.2 11579.1 11513.3 11554.2 11515.7 11540.7 11530.1 11518.7 11489.7 11478.2 11485.5 11494.7 11508.1 11527.8 11520.4 11500.6 11501.6 11474.1 11454.2 
11284.9 11285.1 11293.5 11306.9 11315.9 11314.8 11309.1 11310.9 11321.2 11331.6 11342.7 11364.1 11386.2 11430.5 11473.1 11543.1 11568.1 11523 11478.9 11466.8 11449.3 11449.5 11397.2 11425.4 11505.3 11575.1 11704.9 11805.5 11696.6 11580.7 11459.3 11331 11560.7 11517.3 11528 11542.5 11517.9 11487.6 11478.2 11482.7 11492.6 11496.5 11499.1 11443.8 11458.3 11461.8 11469.4 
11270.2 11268.3 11283.1 11305.7 11324.9 11325.3 11312.4 11309.2 11318.1 11334.8 11339 11346.6 11375.2 11409.4 11438.4 11489.2 11514.7 11522.9 11523.8 11517.4 11516 11541.9 11538.1 11677.4 11640.4 11654 11695.6 11675.8 11612.3 11565.3 11516.9 11530.5 11533.6 11534.4 11519.9 11532.5 11526.1 11481.6 11475.5 11476.4 11476.9 11473.7 11475.9 11454.9 11443.2 11449.3 11453.9 
11269.4 11265.3 11277.8 11304.9 11332.4 11338.6 11317.3 11313.9 11328 11343.5 11359.8 11342.7 11365.9 11385.6 11394.6 11385.1 11435.9 11464 11485.5 11501.2 11529.6 11559.9 11607.2 11640.8 11661 11643.4 11619.7 11580.1 11587.9 11554.9 11531.1 11515.5 11505.6 11491.7 11488.5 11497.9 11521.6 11489.5 11476.4 11472.6 11471.1 11470.7 11474.3 11467.3 11454.5 11446.3 11438.1 
11266.7 11265.9 11275.1 11302.2 11330.7 11343.9 11337.7 11330 11339.6 11350.4 11356.4 11364.7 11370.4 11379.7 11382.1 11378.4 11409.2 11437.2 11457.6 11475.6 11492.8 11512 11523.9 11521.6 11571.5 11580.9 11572.9 11578.2 11555.3 11533.5 11524.6 11502.5 11482.1 11475.8 11475.9 11478.3 11476.2 11484.2 11472.9 11465.4 11465.4 11470 11480.6 11481.1 11468.7 11458.3 11441.4 
11261.5 11262.4 11268.7 11294.2 11321.1 11339.8 11331.1 11327.1 11345.2 11349.5 11354.6 11370.8 11372.2 11374.2 11383.6 11409.3 11414.9 11423.8 11434.7 11447.2 11459.9 11465.9 11462.6 11464.7 11495.1 11512.8 11515.1 11496.2 11486.3 11494.6 11492.5 11480.3 11473.5 11475.7 11467.6 11459.3 11455.1 11453.5 11453.9 11457.7 11460 11464.5 11480.2 11486.6 11476.3 11471 11455 
11261.1 11256.2 11267.3 11285.2 11308.3 11323.6 11338.4 11329.2 11328.7 11343.8 11360.1 11362 11364.9 11372.2 11378.3 11389.4 11410.1 11416.7 11422.3 11429.4 11435.4 11438.8 11436 11441.3 11464.7 11481.1 11486.7 11478.7 11472.4 11472.7 11471.8 11471.4 11466.2 11463.1 11452.6 11454 11452.6 11445.2 11445.3 11449.4 11450.4 11450 11451.3 11474.2 11478 11475.1 11467.7 
11257.9 11252.5 11259.4 11272.1 11283.4 11278.7 11279.1 11322.5 11334 11338 11336.5 11342.9 11352.4 11363.6 11380.7 11397.4 11404.9 11405.9 11410.1 11413.8 11417.5 11419.9 11428.8 11433.1 11438.3 11450.8 11462.6 11472.1 11469.9 11464.2 11468.1 11453.9 11453.7 11455.5 11451 11452.8 11452.9 11450.1 11450.7 11446.1 11443.6 11443.2 11445.6 11453.8 11475.3 11483.3 11475 
11248.3 11252.9 11260.1 11261 11261.3 11255.5 11263.5 11327.5 11320.5 11339.5 11360 11344 11348.8 11357.5 11364.3 11383.6 11385.4 11390.2 11394.8 11399.6 11405.2 11410.6 11420.2 11424.2 11431.8 11441.9 11452.6 11462.4 11453.7 11449 11450.8 11437.9 11440.7 11444.4 11454.5 11440.2 11440.7 11443.9 11445.1 11440.8 11437.3 11439.8 11447.3 11454.3 11474.3 11468.1 11471.3 
11243.5 11249.2 11250.8 11254 11254.5 11253.8 11254.3 11260.8 11289.3 11316.1 11333 11347.8 11352.5 11353.7 11364.4 11364.4 11366.7 11374.3 11381.1 11388.5 11394 11399 11401.3 11412 11423.6 11434.2 11442.6 11445.4 11438.2 11443.6 11450.1 11438.2 11434.6 11428.7 11415.6 11400.9 11419.7 11428.1 11432.5 11432.2 11430.6 11434 11441.6 11467 11482.6 11467.3 11472.2 
11245.7 11246.6 11245.4 11249 11254.2 11254.6 11255.3 11254.1 11274.1 11304.3 11325.2 11336.4 11346.8 11341.6 11338.5 11344 11349.9 11362.9 11372.6 11380.7 11386.9 11391.7 11398.3 11404.2 11414.7 11425.3 11433.7 11438.7 11437.5 11440 11447 11449.1 11435.1 11424.5 11416.3 11407.2 11406.9 11411.1 11407.9 11416.4 11423.2 11428.8 11435 11446.6 11466.2 11478.8 11483 
11243 11245.1 11243.3 11247.1 11253.9 11269.4 11267.5 11271.8 11265 11265.3 11281.7 11297.7 11303.9 11319.8 11330 11337.9 11349.7 11355.7 11364.3 11372.7 11380.4 11385 11386.7 11396 11404.1 11412.5 11421.4 11431.8 11444.2 11439.8 11437 11437.4 11432.5 11423.1 11421.8 11404.2 11403.6 11400 11402.4 11404.9 11416.2 11426.1 11432.6 11434.7 11463.2 11486.3 11486.1 
11242 11243.2 11241.9 11245.2 11252.3 11255.5 11260.5 11259.5 11259.4 11258.2 11261.4 11263.5 11270.8 11307.2 11329.9 11336.3 11338.2 11348.2 11357.2 11364.7 11373.1 11381.9 11386.9 11390.8 11396 11402.5 11409.6 11419.3 11435.3 11433.7 11436 11437.6 11432 11427 11424.6 11421.3 11406 11396.8 11388.9 11397.4 11412.6 11426.1 11437.8 11454 11473.1 11492.6 11494.1 
11238.4 11241.5 11243.7 11247.4 11251.6 11253.1 11254.5 11254 11255.6 11257.2 11255.9 11258.5 11270.7 11300.5 11328.8 11327.5 11335.9 11344.5 11350.8 11356.2 11365.6 11377.4 11387.3 11385 11386.9 11390.7 11395.5 11397.9 11390.5 11422.6 11426.2 11433.5 11430.9 11430.5 11428.4 11413.8 11407.8 11402.1 11397.6 11403 11415.7 11429.5 11443.4 11455.9 11474.2 11522.1 11523 
11235.9 11240.7 11244 11247 11249.4 11254.3 11250.6 11248.3 11253.2 11254.1 11254.9 11256.6 11262.7 11282 11296.7 11306.5 11328.6 11341.1 11342.1 11346.7 11353.5 11363.9 11373.1 11373.3 11377.7 11381.6 11384.3 11386.7 11390.2 11404.8 11423.7 11428.6 11424 11415.5 11408.4 11409.4 11410.1 11407 11405.1 11409.7 11419.7 11431.7 11442.7 11444.9 11471.2 11522.5 11517.1 
