real_craters/C130-300m.grd
DSAA
272 272
-40.6175 40.6175
-40.6175 40.6175
8779.7834931556 10157.039986348
[rows 180 to 209 of 272, columns 67 to 133 of 272]
9604.02 9609.88 9614.12 9618.31 9622.4 9623.8 9624.19 9625.12 9624.71 9623.61 9622.42 9621.28 9621.78 9624.07 9625.85 9627.18 9629.99 9633.35 9636.3 9638.94 9641.5 9643.46 9645.23 9647.1 9648.83 9650.41 9651.71 9652.79 9653.8 9654.65 9655.77 9657.47 9657.58 9657.19 9657.08 9657.09 9656.92 9657.07 9657.05 9658.85 9662.64 9666.97 9671.11 9673.91 9674.24 9673.53 9674.31 9677.12 9678.48 9677.2 9675.2 9677.47 9692.12 9705.71 9715.45 9727.72 9740.24 9749.55 9756.59 9763.99 9769.33 9774.4 9779.46 9784.62 9789.22 9792.96 9795.25
9604.55 9610.24 9613.69 9622.81 9623.95 9623.5 9622.53 9622.92 9623.06 9622.4 9621.33 9620.24 9621.02 9623.05 9625.15 9627.47 9629.98 9632.42 9635.29 9638.97 9641.67 9642.49 9644.25 9646.54 9648.66 9650.29 9651.61 9652.88 9654.07 9655.06 9655.97 9657.73 9658.3 9657.81 9657.48 9657.44 9657.77 9658.52 9659.34 9660.87 9662.84 9665.35 9667.96 9669.33 9670.15 9669.23 9670.36 9675.7 9675.51 9673.83 9672.29 9673.87 9679.84 9687.31 9694.18 9705.5 9719.33 9729.99 9738.2 9749.38 9755.68 9761.1 9765.74 9769.66 9771.7 9773.51 9769.45
9604.93 9610.02 9614.94 9621.41 9623.78 9623.67 9622.73 9622.65 9622.43 9621.93 9621.29 9620.93 9621.42 9622.92 9624.86 9627.49 9629.78 9630.97 9633.07 9635.65 9637.72 9639.59 9642.31 9645.45 9648.24 9649.89 9651.49 9653.04 9654.44 9655.62 9656.95 9659.07 9658.44 9657.47 9657.07 9657 9657.59 9659.39 9662.89 9662.32 9662.54 9664.08 9666.08 9668.76 9670.99 9671.85 9671.63 9671.79 9671.2 9669.1 9668.01 9668.62 9673.58 9678.44 9684.49 9693.97 9706.53 9717.05 9726.43 9735.28 9741.49 9746.5 9750.31 9752.69 9753.13 9755.41 9748.55
9605.76 9610.69 9616.99 9621.5 9623.63 9624.19 9624.07 9623.19 9622.53 9621.96 9621.61 9622.02 9622.18 9623 9624.39 9625.78 9626.76 9628.92 9630.35 9631.07 9631.98 9635.88 9639.83 9643.4 9646.58 9648.82 9650.84 9652.66 9654.41 9656.04 9657.73 9658.15 9657.25 9656.48 9655.88 9655.78 9656.22 9657.38 9658.82 9660.1 9660.68 9661.93 9663.64 9666.11 9668.19 9667.95 9668.74 9669.19 9668.2 9665.64 9665.11 9666.75 9670.46 9675.13 9681.62 9689.81 9699.56 9708.89 9717.72 9725.28 9731.59 9736.72 9739.92 9741.35 9740.53 9739.79 9732.56
9607.03 9611.13 9614.3 9620 9623.44 9624.23 9624.41 9623.67 9622.95 9622.09 9621.28 9621.11 9621.9 9623.04 9624.27 9625.46 9626.41 9628 9628.9 9629.09 9629.7 9633.94 9638.08 9641.18 9644.37 9647.52 9649.95 9651.95 9653.81 9655.65 9657.38 9656 9655.72 9655.18 9654.69 9654.46 9654.27 9654.29 9654.91 9656.55 9658 9659.22 9660.22 9660.67 9660.17 9661.04 9664.85 9667.15 9666.91 9664.27 9664.23 9665.89 9669.56 9674.55 9680.59 9687.75 9694.64 9702.22 9709.87 9716.75 9722.92 9727.62 9731.15 9732.23 9731.71 9729.31 9725.36
9608.5 9612.11 9614.12 9618.55 9622.61 9623.26 9623.64 9624.14 9623.73 9622.65 9621.24 9620.51 9621.87 9623.4 9624.89 9626.34 9627.86 9628.52 9629.07 9629.67 9631.05 9634.52 9638.17 9641.11 9644.03 9647.01 9649.3 9651.18 9652.74 9653.97 9655.04 9655.14 9654.37 9653.88 9653.35 9652.79 9652.19 9651.56 9651.66 9653.85 9655.68 9656.86 9657.47 9657.12 9656.41 9660.12 9664.06 9667.06 9667.72 9664.2 9665.04 9667.59 9670.93 9674.93 9679.29 9684.26 9689.22 9695.11 9701.64 9707.7 9713.01 9717.74 9722.61 9724.08 9724.79 9724.22 9723.02
9609.94 9613.45 9614.1 9617.06 9621.63 9623.14 9624.6 9625.45 9625.18 9624.06 9622.66 9621.87 9622.89 9624.26 9625.75 9627.32 9629.02 9629.34 9629.87 9631.05 9633.48 9636.19 9639.36 9642.87 9645.23 9647.07 9648.83 9650.43 9651.62 9652.17 9652.26 9653.06 9652.74 9652.31 9651.83 9651.34 9650.84 9650.4 9650.79 9652.42 9654.09 9655.54 9656.67 9657.26 9658.64 9662.11 9665.46 9667.56 9667.43 9664.89 9667.16 9670.59 9673.51 9675.81 9677.46 9679.72 9684 9689.76 9695.66 9701.36 9707.19 9711.61 9714.31 9716.44 9718.31 9719.64 9720.84
9611.02 9614.18 9614.13 9614.72 9618.21 9623.86 9627.11 9627.81 9627.15 9626.01 9624.95 9624.38 9624.58 9625.48 9626.72 9628.05 9628.91 9629.78 9630.37 9631.46 9633.73 9636.31 9639.75 9643.65 9645.7 9647.04 9648.29 9649.52 9650.56 9651.42 9650.75 9650.9 9651.07 9650.73 9650.32 9649.97 9649.79 9650.02 9650.69 9651.87 9653.39 9655.04 9656.61 9658.62 9661.84 9666.83 9667.86 9669.32 9668.77 9666.66 9670.58 9675.17 9679.12 9677.49 9676.31 9675.89 9679.99 9685.9 9691.7 9697.36 9702.39 9706.83 9710.7 9713.48 9716.21 9718.43 9720.55
9611.16 9613.5 9613.36 9613.12 9615.06 9627.24 9630.67 9630.26 9629.02 9627.69 9626.8 9626.17 9626.02 9626.55 9627.64 9628.89 9630.3 9630.7 9630.43 9630.67 9631.57 9634.14 9638.68 9643.09 9645.14 9646.37 9647.55 9648.62 9649.55 9650.46 9650 9650.15 9649.99 9649.48 9649.03 9648.65 9648.68 9649.39 9650.21 9651.39 9653.12 9655.08 9657.24 9659.67 9663.06 9666.79 9669.26 9671.95 9674.41 9673.03 9674.65 9677.42 9680.09 9677.83 9676.39 9675.9 9679.07 9684.03 9689.12 9694.18 9698.87 9703.44 9707.43 9710.84 9714.31 9717.4 9720.33
9611.55 9612.7 9613.48 9613.85 9615.8 9629.54 9633.01 9632.02 9630.13 9628.49 9627.55 9626.93 9626.8 9627.38 9628.36 9629.49 9630.6 9630.77 9630.06 9629.59 9629.63 9631.77 9636.4 9641.28 9643.47 9645.1 9646.53 9647.56 9648.18 9648.43 9648.54 9649.17 9648.8 9648.3 9647.9 9647.47 9647.36 9647.64 9649.06 9650.86 9653.16 9655.49 9657.83 9660.4 9663.61 9666.87 9669.26 9672.98 9677.21 9678.47 9677.82 9677.59 9676.52 9676.98 9677.02 9677.75 9680.09 9683.87 9688.19 9692.65 9697.11 9701.39 9705.58 9708.81 9712.83 9716.92 9720.61
9612.33 9614.02 9614.77 9614.4 9613.98 9630.57 9633.22 9631.95 9629.91 9628.05 9626.52 9626.6 9627.19 9628.01 9628.94 9629.79 9630.29 9630.21 9629.71 9628.9 9628.13 9628.99 9633.06 9637.57 9641.13 9643.72 9645.64 9646.93 9647.34 9646.85 9647.01 9646.81 9647.15 9647.36 9646.93 9646.42 9646.04 9646.45 9648.21 9650.58 9653.29 9655.98 9658.58 9660.85 9662.71 9664.51 9667.92 9671.59 9675.82 9680.03 9678.84 9677.86 9676.74 9677.24 9678.03 9679.39 9681.48 9684.4 9687.92 9691.98 9696.23 9700.45 9704.73 9708.87 9713.23 9717.54 9721.91
9612.71 9613.62 9614.35 9614.42 9614.32 9628.81 9630.69 9629.92 9628.66 9627.35 9626.22 9626.59 9627.44 9628.4 9629.39 9630.27 9630.63 9630.1 9630.27 9629.18 9627.86 9627.89 9631.38 9635.29 9639.53 9642.8 9645.23 9646.99 9647.92 9647.81 9647.65 9647.61 9648.06 9647.46 9646.64 9645.8 9645.16 9645.62 9648 9650.8 9653.9 9657.1 9659.81 9662.12 9663.33 9665.15 9667.33 9669.2 9672.26 9676.41 9678.2 9678.5 9678.73 9678.7 9679.2 9680.55 9682.46 9684.87 9688.11 9692.18 9696.35 9700.54 9704.83 9709.32 9713.88 9718.46 9722.93
9612.85 9613.42 9613.73 9614.67 9615.39 9621.28 9625.69 9626.47 9626.51 9626.52 9627 9627.11 9627.8 9628.74 9629.89 9630.96 9632.31 9634.08 9631.88 9630.48 9629.64 9630.05 9632.5 9635.83 9639.31 9642.58 9645.33 9647.69 9649.48 9650.32 9650.11 9650.34 9649.76 9648.11 9646.87 9645.78 9644.96 9645.34 9648.31 9651.84 9655.4 9658.86 9661.65 9664.42 9667.32 9667.63 9667.8 9667.77 9667.55 9674.65 9678.43 9679.55 9679.14 9679.51 9680.4 9681.16 9682.47 9685.15 9688.67 9692.58 9696.68 9700.85 9705.3 9710.03 9714.66 9719.35 9724.01
9612.32 9613.31 9612.72 9613.7 9620.51 9620.7 9621.26 9622.79 9623.89 9624.42 9625.26 9626.55 9627.74 9628.94 9630.11 9631.34 9632.6 9633.27 9632.56 9631.88 9631.63 9632.26 9633.89 9636.64 9639.8 9642.89 9645.74 9648.56 9651.34 9652.29 9650.91 9650.09 9649.32 9648.71 9647.6 9646.49 9645.85 9646.66 9649.61 9653.4 9657.34 9660.96 9664.31 9666.91 9668.08 9669.48 9669.83 9669.64 9670.56 9677.66 9680.83 9681.98 9682.08 9682.33 9682.55 9682.38 9682.6 9685.75 9689.4 9693.06 9697.25 9701.25 9705.54 9710.03 9714.73 9719.53 9724.5
9611.75 9611.59 9611.49 9611.93 9620.35 9615.39 9617.11 9619.51 9621.59 9623.21 9624.33 9626.2 9627.8 9629.1 9630.39 9631.46 9632.3 9632.19 9632.85 9633.17 9633.33 9633.94 9635.21 9637.85 9640.75 9643.56 9646.23 9648.7 9651.33 9653.18 9651.68 9651.15 9650.83 9650 9648.84 9647.78 9647.03 9648.1 9651.46 9655.38 9659.36 9663.6 9667.52 9670.54 9672.14 9672.86 9673.62 9674.4 9676.48 9681.47 9684.03 9685.42 9685.87 9685.91 9685.84 9685.25 9685.23 9687.89 9690.84 9694 9697.62 9701.59 9705.78 9710.18 9714.66 9719.41 9724.18
9612.25 9613.24 9611.52 9611.61 9619.83 9612 9614.74 9617.46 9620.11 9622.65 9624.67 9626.2 9627.76 9629.2 9630.61 9631.73 9632.64 9633.53 9634.05 9634.71 9635.15 9635.79 9637.81 9640.01 9642.2 9644.44 9646.61 9648.31 9649.29 9650.48 9651.82 9652.32 9652.82 9651.49 9650.26 9649.41 9649.57 9650.75 9653.51 9657.31 9661.67 9666.29 9670.87 9675.07 9677.47 9677.68 9678.16 9679.72 9682.52 9685.18 9688.03 9688.83 9689.81 9691.65 9688.85 9688.53 9690.35 9691.11 9692.22 9694.65 9697.89 9701.81 9705.84 9710.18 9714.6 9719.19 9723.74
9610.68 9612.07 9611.95 9612.24 9620.67 9617.31 9614.94 9616.69 9619.18 9621.41 9623.59 9625.93 9627.7 9629.36 9630.7 9632.04 9633.19 9633.81 9635.08 9636.62 9637.4 9638 9640.2 9642.07 9643.67 9645.41 9647.16 9648.61 9649.3 9649.31 9651.09 9652.46 9653.04 9652.35 9651.39 9650.68 9650.45 9652.4 9655.37 9659.09 9663.34 9668.04 9673.14 9678.27 9680.63 9680.17 9680.03 9681.75 9685.72 9690.88 9691.68 9690.4 9689.83 9689.2 9688.56 9689.04 9690.92 9691.26 9692.15 9694.49 9697.74 9701.51 9705.5 9709.69 9714.04 9718.47 9722.89
9609.72 9611.29 9613.19 9614.21 9619.43 9613.89 9614.58 9616.78 9619.06 9621.03 9623.27 9625.38 9627.13 9628.79 9630.66 9632.38 9634.06 9635.62 9637.39 9639.06 9640.07 9641.09 9642.56 9643.63 9644.69 9646.24 9647.92 9649.48 9650.63 9650.93 9651.93 9652.77 9653.12 9652.9 9652.33 9652.04 9651.95 9653.94 9656.86 9660.29 9664.13 9668.4 9673.17 9678.27 9679.28 9676.82 9675.43 9677 9681.82 9687.7 9689.7 9689.35 9688.24 9685.57 9687.12 9687.09 9686.93 9687.83 9690.57 9693.7 9697.28 9701.05 9705.09 9709.26 9713.4 9717.6 9721.76
9608.54 9611.71 9616.03 9619.03 9617.29 9615.01 9615.79 9617.56 9619.89 9622.12 9623.7 9625.24 9626.81 9628.49 9630.38 9632.4 9634.78 9637.43 9639.92 9641.37 9642.41 9643.79 9644.66 9644.32 9644.96 9646.42 9648.35 9650.44 9652.38 9654.01 9653.27 9653.1 9653.56 9653.18 9652.73 9653.44 9655.22 9656.16 9658.26 9661.06 9664.25 9667.59 9670.86 9673.58 9673.74 9671.54 9670.26 9671.22 9676.72 9682.2 9685.8 9687.56 9687.65 9688.08 9687.15 9685.57 9684 9684.8 9689.3 9693.22 9696.98 9700.77 9704.66 9708.42 9712.4 9716.37 9720.27
9608.49 9612.75 9619.02 9624.41 9616.01 9613.51 9616.26 9618.12 9620.49 9622.96 9623.79 9624.76 9626.1 9627.8 9629.74 9632 9634.65 9637.82 9641.07 9642.2 9643.61 9644.42 9643.25 9643.3 9644.32 9645.94 9648.14 9650.7 9652.99 9653.49 9653.02 9652.19 9651.68 9651.27 9651.98 9653.21 9654.93 9656.9 9659.1 9661.57 9664.11 9666.41 9667.86 9667.56 9668.14 9667.14 9666.22 9668.64 9674.55 9680.71 9684.98 9686.33 9686.78 9686.82 9686.38 9685.46 9685.14 9686.77 9689.9 9693.31 9696.87 9700.46 9704.07 9707.81 9711.65 9715.37 9718.98
9608.76 9613.47 9619.94 9624.65 9614.42 9612.83 9616.44 9617.72 9619.82 9621.8 9622.52 9623.41 9624.75 9626.35 9628.41 9630.63 9633.34 9636.24 9638.33 9641.48 9643.63 9645.08 9642.64 9641.66 9642.65 9644.44 9646.75 9649.64 9652.66 9653.29 9652.04 9650.56 9648.83 9649.04 9651.21 9652.56 9654.02 9656.87 9659.43 9661.8 9664.02 9665.62 9666.46 9666.11 9665.97 9665.07 9664.53 9669.46 9674.59 9679.71 9683.54 9685.21 9685.71 9685.3 9685.38 9685.93 9687.16 9689.18 9691.23 9693.87 9696.94 9700.22 9703.6 9707.09 9710.61 9714.11 9717.53
9609.59 9614.04 9618.82 9621.15 9614.36 9612.61 9615.28 9615.63 9617.17 9619.26 9620.36 9621.7 9623.18 9624.78 9626.63 9628.74 9631.13 9633.94 9638.35 9639.37 9641.82 9644.07 9640.91 9639.14 9640.29 9642.08 9644.3 9646.91 9650.13 9651.29 9649.82 9649.11 9648.96 9649.95 9651.84 9653.53 9655.2 9657.36 9659.6 9661.74 9663.87 9665.64 9666.89 9667.38 9666.77 9666.19 9667.1 9671.79 9675.37 9679.56 9682.76 9684.88 9685.32 9685.05 9685.33 9686.3 9687.94 9689.99 9692.01 9694.23 9697 9699.99 9703.04 9706.3 9709.51 9712.82 9716.08
9611.93 9614.39 9617.01 9617.56 9612.59 9609.77 9610.27 9612.37 9613.51 9615.17 9617.66 9619.65 9621.28 9623.07 9624.71 9626.24 9628.06 9629.79 9630.86 9634.03 9637.46 9639.94 9636.97 9635.98 9637.49 9639.21 9641.05 9642.43 9642.69 9644.19 9646.07 9647.24 9648.93 9651.22 9652.78 9654.83 9656.51 9657.77 9659.5 9661.61 9663.85 9666.06 9667.94 9668.89 9668.53 9668.21 9668.93 9671.09 9675.84 9680.52 9684.36 9685.69 9685.61 9685.01 9684.81 9686.45 9688.23 9690.64 9692.51 9694.5 9696.84 9699.47 9702.49 9705.53 9708.64 9711.73 9714.79
9611.87 9613.83 9615.59 9614.67 9610.25 9607.75 9609.25 9610.28 9611.49 9613.38 9615.64 9617.72 9619.45 9621.12 9622.46 9623.9 9624.9 9625.72 9626.38 9628.74 9631.67 9633.72 9633.43 9633.56 9634.62 9636.15 9637.76 9638.81 9639.09 9640.5 9642.42 9644.39 9646.95 9650.09 9651.89 9654.45 9656.17 9657.27 9658.82 9660.94 9663.43 9666.2 9668.86 9670.39 9670.12 9669.95 9669.53 9671.13 9676.77 9681.65 9685.67 9686.59 9685.98 9685.54 9686.69 9686.14 9687.75 9690.29 9692.22 9694.33 9696.57 9699.15 9702.04 9704.92 9707.78 9710.64 9713.46
9610.45 9612.9 9615.02 9615.74 9610.34 9607.47 9607.91 9609.36 9610.64 9612.44 9614.41 9616.2 9617.69 9618.86 9620.2 9621.13 9621.85 9622.4 9623.11 9624.46 9626.2 9627.58 9629.57 9630.75 9631.47 9632.74 9634.64 9636.66 9637.67 9637.75 9638.83 9640.66 9642.82 9645.04 9648.51 9652.3 9654.15 9655.38 9657.11 9659.41 9662.2 9665.4 9668.67 9670.6 9670.88 9671.63 9673.45 9675.64 9678.59 9682.45 9685.93 9686.73 9685.75 9684.32 9682.26 9684.43 9686.48 9688.52 9690.93 9693.63 9696 9698.69 9701.35 9704.11 9706.82 9709.5 9712.1
9610.67 9612.08 9613.14 9612.59 9609.77 9607.49 9608.04 9609.15 9611 9612.47 9613.53 9614.75 9616.09 9617.11 9618.02 9618.84 9619.35 9619.62 9619.87 9620.65 9622.09 9623.38 9625.04 9626.26 9627.32 9628.85 9630.93 9633.37 9633.5 9633.35 9634.61 9636.52 9638.62 9640.74 9644.63 9648.37 9650.46 9652.13 9654.17 9656.71 9659.74 9663.21 9666.81 9669.05 9670.1 9671.73 9674.76 9677.35 9679.38 9682.41 9685.4 9686.39 9685.21 9683.51 9682.61 9683.62 9685.52 9688.43 9691.18 9693.06 9695.5 9698.14 9700.89 9703.57 9706.2 9708.69 9711.06
9610.7 9611.26 9611.49 9610.55 9608.78 9607.2 9606.51 9608.35 9611.03 9612.19 9612.92 9613.78 9614.75 9615.69 9616.46 9617.14 9617.56 9617.66 9617.4 9617.65 9619.4 9620.55 9620.77 9621.1 9622.79 9624.64 9626.01 9626.71 9625.6 9627.79 9630.06 9632.31 9634.74 9637.84 9640.31 9642.94 9645.52 9647.82 9650.34 9653.04 9656.27 9659.78 9664.14 9666.23 9667.61 9669.47 9671.79 9675.47 9678 9681.16 9684.4 9685.66 9684.55 9682.93 9681.84 9682.54 9684.45 9687.17 9689.42 9692.03 9694.99 9697.8 9700.52 9703.16 9705.6 9707.97 9710.2
9609.75 9610.41 9610.51 9609.43 9607.73 9606.58 9606.36 9608.1 9610.41 9611.6 9612.17 9612.84 9613.59 9614.41 9615.24 9615.78 9616.4 9616.59 9616.51 9616.49 9617.84 9618.45 9617.91 9617.46 9619.19 9621.01 9622.06 9621.31 9621.07 9623.5 9626.02 9628.33 9630.51 9632.49 9634.73 9637.43 9640.36 9643.34 9646.23 9649.05 9651.94 9654.9 9657.6 9661.33 9664.04 9666.22 9668.4 9670.93 9674.97 9678.92 9682.43 9684.23 9683.93 9682.46 9680.66 9681.52 9683.72 9685.32 9687.41 9691.34 9694.71 9697.59 9700.18 9702.59 9704.88 9707.3 9709.44
9609.01 9609.78 9609.45 9607.89 9605.94 9604.59 9604.97 9607.27 9609.88 9610.63 9611.07 9611.52 9612.36 9613.26 9613.94 9614.78 9615.56 9616.28 9617.17 9617.18 9617.88 9617.57 9616.96 9616.25 9617.12 9618.52 9619.79 9620.57 9619.27 9620.89 9623.09 9625.07 9626.76 9628.07 9629.12 9631.55 9635.7 9639.18 9642.28 9645.06 9647.58 9650.06 9653.59 9657.05 9660.76 9663.44 9664.9 9668.35 9672.14 9676.5 9680.82 9683.87 9683.64 9682.76 9682.09 9682.94 9684.75 9686.5 9688.67 9692.33 9695.6 9698.17 9700.51 9702.71 9704.83 9706.91 9708.98
9611.54 9609.73 9607.24 9605.52 9603.76 9602.25 9603.05 9605.4 9608.04 9608.72 9609.38 9610.14 9610.97 9612.21 9613.17 9613.95 9615.01 9616.3 9618.44 9623.79 9620.68 9619.05 9617.6 9616.14 9616.15 9616.92 9617.46 9617.42 9617.78 9619.2 9621.07 9622.87 9624.28 9624.98 9625.6 9628.48 9632.77 9636.22 9639.25 9641.81 9643.95 9645.69 9647.55 9653.7 9658.78 9662.7 9664.97 9665.98 9669.29 9674.09 9678.61 9682.06 9683.03 9683.49 9683.89 9685.08 9687.17 9689.47 9691.95 9694.91 9697.31 9699.23 9701.09 9702.88 9704.88 9706.62 9708.68
