real_craters/C130-750m.grd
DSAA
109 109
-40.6175 40.6175
-40.6175 40.6175
8785.4310750876 10154.989508136
[rows 38 to 75 of 109, columns 0 to 83 of 109]
9639 9641 9644 9651 9644 9645 9632 9621 9618 9585 9558 9583 9581 9579 9584 9598 9608 9606 9603 9619 9639 9660 9680 9694 9711 9725 9712 9708 9708 9719 9735 9737 9726 9726 9732 9729 9733 9741 9748 9757 9773 9802 9817 9828 9826 9826 9826 9836 9844 9845 9835 9848 9850 9839 9828 9805 9805 9792 9800 9808 9819 9841 9840 9844 9847 9847 9851 9860 9858 9857 9851 9848 9846 9847 9852 9856 9861 9864 9862 9855 9852 9850 9843 9847
9631 9635 9639 9638 9641 9642 9634 9606 9582 9562 9550 9560 9587 9589 9586 9605 9608 9602 9613 9627 9644 9660 9676 9692 9700 9703 9705 9704 9704 9718 9755 9751 9737 9737 9737 9736 9744 9753 9763 9777 9800 9811 9817 9833 9831 9838 9841 9858 9882 9900 9916 9889 9836 9778 9756 9748 9764 9779 9795 9804 9820 9853 9852 9857 9858 9850 9856 9869 9862 9854 9848 9843 9839 9836 9836 9843 9849 9853 9854 9855 9846 9844 9835 9833
9629 9630 9633 9640 9641 9630 9623 9588 9546 9547 9549 9557 9588 9590 9583 9619 9627 9596 9613 9632 9650 9662 9672 9685 9698 9701 9703 9705 9708 9719 9735 9760 9755 9751 9751 9749 9758 9765 9773 9783 9792 9801 9809 9821 9845 9870 9881 9878 9899 9966 9958 9891 9762 9713 9701 9735 9755 9773 9792 9808 9829 9845 9872 9870 9868 9855 9855 9859 9850 9848 9844 9839 9834 9828 9823 9832 9839 9843 9841 9841 9842 9845 9846 9828
9623 9623 9622 9622 9616 9611 9612 9570 9540 9546 9558 9569 9579 9586 9595 9628 9629 9607 9630 9650 9659 9667 9675 9685 9692 9700 9705 9712 9720 9731 9755 9777 9770 9758 9751 9746 9763 9773 9782 9792 9798 9805 9817 9820 9854 9901 9919 9840 9774 9748 9642 9608 9601 9633 9632 9634 9640 9671 9709 9746 9789 9841 9883 9885 9878 9866 9856 9854 9845 9844 9840 9835 9830 9827 9826 9828 9832 9835 9838 9842 9845 9833 9826 9821
9620 9619 9616 9614 9600 9587 9589 9547 9549 9557 9568 9583 9598 9599 9600 9621 9631 9648 9660 9664 9666 9673 9682 9693 9693 9698 9707 9719 9736 9761 9768 9778 9756 9759 9755 9761 9770 9777 9787 9800 9814 9825 9834 9839 9869 9884 9873 9698 9543 9387 9297 9293 9410 9481 9525 9554 9585 9621 9660 9706 9757 9826 9900 9943 9943 9898 9869 9865 9854 9843 9838 9833 9827 9826 9824 9824 9825 9827 9832 9832 9825 9816 9811 9815
9618 9618 9616 9612 9592 9567 9539 9550 9558 9569 9586 9623 9602 9633 9618 9625 9655 9692 9674 9659 9666 9675 9685 9688 9689 9695 9706 9720 9738 9757 9747 9737 9740 9757 9759 9758 9769 9778 9789 9800 9818 9831 9837 9837 9844 9721 9530 9496 9435 9370 9452 9367 9342 9396 9450 9498 9538 9587 9627 9668 9724 9785 9890 1e+004 1.001e+004 9918 9881 9881 9859 9842 9836 9830 9825 9820 9818 9819 9819 9816 9809 9806 9805 9802 9806 9816
9615 9615 9615 9614 9604 9575 9545 9549 9561 9577 9597 9606 9577 9638 9641 9646 9693 9720 9689 9662 9673 9680 9685 9691 9694 9698 9707 9716 9725 9729 9728 9730 9742 9754 9758 9755 9766 9778 9787 9796 9806 9833 9851 9836 9610 9364 9292 9333 9370 9395 9420 9355 9251 9294 9332 9378 9428 9489 9549 9607 9669 9714 9794 9804 9867 9909 9941 9900 9851 9839 9834 9829 9824 9819 9814 9816 9815 9811 9803 9799 9803 9805 9811 9820
9612 9613 9614 9609 9606 9571 9542 9549 9564 9583 9599 9633 9653 9655 9650 9650 9691 9725 9709 9698 9690 9689 9689 9691 9696 9705 9707 9712 9713 9709 9717 9738 9749 9760 9762 9762 9769 9778 9786 9794 9805 9833 9863 9623 9301 9167 9189 9220 9252 9246 9155 9082 9116 9177 9209 9251 9283 9330 9395 9452 9521 9601 9665 9658 9755 9845 9915 9974 9894 9862 9853 9841 9827 9815 9812 9816 9814 9811 9809 9806 9812 9815 9815 9821
9610 9611 9608 9601 9592 9561 9542 9550 9574 9592 9606 9614 9644 9653 9649 9645 9674 9711 9711 9702 9702 9695 9688 9690 9694 9701 9705 9705 9705 9708 9715 9721 9754 9769 9772 9772 9773 9784 9795 9804 9817 9801 9666 9336 9107 9120 9150 9161 9165 9178 9131 9063 9071 9135 9166 9209 9242 9285 9332 9377 9434 9511 9613 9719 9772 9775 9781 9988 9989 9909 9886 9859 9835 9818 9808 9803 9814 9814 9813 9817 9819 9812 9811 9814
9603 9604 9602 9588 9568 9541 9548 9573 9589 9605 9624 9629 9636 9643 9653 9654 9667 9685 9704 9725 9713 9701 9691 9696 9701 9704 9702 9702 9702 9704 9713 9737 9762 9780 9779 9773 9772 9792 9811 9815 9839 9800 9497 9172 9046 9073 9103 9122 9124 9135 9129 9078 9031 9054 9090 9120 9152 9186 9221 9264 9319 9390 9518 9725 9857 9748 9691 9941 1.001e+004 9977 9930 9879 9840 9818 9802 9797 9814 9818 9825 9841 9848 9825 9812 9818
9592 9591 9577 9557 9541 9541 9554 9578 9599 9613 9623 9630 9637 9649 9674 9679 9675 9679 9691 9697 9700 9704 9703 9695 9698 9698 9698 9697 9697 9700 9709 9719 9754 9778 9770 9768 9776 9807 9835 9830 9817 9728 9330 9068 9065 9072 9093 9120 9111 9115 9080 9028 8985 8995 8997 9016 9044 9076 9104 9137 9180 9230 9333 9520 9754 9700 9645 9819 1.005e+004 1.003e+004 9970 9901 9837 9806 9788 9787 9812 9821 9837 9844 9854 9837 9823 9829
9577 9572 9554 9543 9547 9550 9556 9583 9609 9619 9628 9635 9644 9681 9711 9678 9671 9678 9680 9680 9685 9694 9689 9689 9690 9693 9694 9695 9695 9695 9695 9708 9739 9759 9755 9751 9762 9820 9853 9841 9715 9487 9184 9025 9073 9061 9102 9155 9192 9166 9118 9042 8971 8975 8966 8983 8994 9012 9019 9029 9054 9090 9148 9321 9615 9629 9625 9792 1.009e+004 1.008e+004 1e+004 9914 9817 9774 9771 9777 9790 9810 9825 9843 9841 9830 9830 9836
9563 9555 9549 9548 9560 9558 9562 9586 9614 9624 9630 9640 9651 9691 9712 9659 9661 9672 9676 9677 9680 9681 9679 9678 9680 9686 9690 9694 9697 9698 9694 9707 9736 9745 9738 9750 9774 9840 9883 9849 9620 9320 9108 9046 9074 9051 9106 9169 9206 9187 9132 9051 8964 8963 8954 8965 8969 8963 8957 8953 8956 8977 9026 9204 9452 9566 9592 9757 1.005e+004 1.008e+004 1.003e+004 9912 9810 9765 9757 9765 9775 9795 9803 9824 9823 9817 9828 9838
9552 9546 9549 9549 9549 9554 9579 9603 9623 9644 9648 9652 9670 9674 9673 9651 9657 9670 9674 9675 9677 9676 9680 9679 9682 9683 9690 9695 9700 9708 9722 9726 9740 9733 9730 9760 9803 9862 9912 9861 9561 9215 9161 9080 9036 9056 9124 9148 9159 9151 9100 9032 8947 8955 8952 8955 8953 8936 8919 8908 8899 8905 8970 9186 9506 9565 9516 9661 9943 1.015e+004 1.004e+004 9915 9805 9765 9760 9762 9775 9786 9794 9807 9814 9819 9827 9835
9545 9543 9546 9549 9549 9560 9590 9621 9655 9656 9659 9651 9641 9645 9649 9652 9655 9663 9668 9672 9675 9678 9684 9687 9694 9704 9694 9695 9699 9707 9718 9719 9734 9734 9739 9765 9796 9873 9929 9862 9532 9202 9193 9071 9031 9051 9094 9087 9081 9063 9035 8979 8930 8972 8972 8955 8936 8911 8875 8856 8848 8865 8935 9171 9490 9585 9570 9556 9835 1.002e+004 1e+004 9907 9820 9779 9767 9771 9778 9778 9788 9813 9821 9821 9829 9835
9541 9548 9556 9563 9565 9587 9606 9627 9643 9663 9659 9648 9634 9635 9645 9647 9651 9654 9660 9668 9674 9674 9673 9678 9685 9691 9691 9691 9695 9696 9688 9712 9724 9725 9737 9765 9801 9871 9931 9843 9524 9223 9165 9020 8988 8987 8987 8985 8984 8980 8983 8980 9021 9043 9003 8966 8924 8890 8862 8845 8834 8844 8915 9128 9407 9566 9615 9555 9758 9938 9945 9879 9813 9789 9780 9782 9790 9791 9799 9817 9824 9824 9838 9838
9537 9542 9569 9586 9597 9607 9614 9623 9629 9642 9647 9646 9662 9664 9647 9641 9643 9651 9659 9660 9665 9666 9665 9665 9669 9675 9679 9684 9690 9696 9703 9720 9728 9721 9739 9757 9785 9857 9922 9823 9525 9247 9119 9002 8938 8902 8887 8876 8890 8913 8944 8991 9113 9114 9031 8971 8926 8896 8869 8845 8832 8838 8900 9070 9280 9471 9613 9627 9723 9822 9908 9852 9788 9778 9783 9794 9805 9816 9818 9823 9828 9837 9848 9845
9542 9562 9589 9598 9604 9610 9615 9619 9621 9624 9631 9636 9645 9693 9660 9636 9633 9634 9638 9646 9657 9657 9651 9653 9661 9663 9665 9677 9686 9695 9703 9702 9706 9701 9721 9739 9770 9840 9926 9809 9512 9247 9068 8986 8931 8866 8817 8816 8832 8856 8903 8971 9082 9076 9004 8967 8930 8906 8888 8868 8857 8856 8901 9022 9163 9359 9592 9756 9756 9759 9887 9828 9768 9765 9778 9795 9815 9840 9832 9828 9833 9844 9849 9849
9546 9573 9596 9600 9607 9611 9616 9619 9623 9623 9624 9626 9631 9666 9656 9633 9625 9616 9613 9628 9649 9650 9644 9657 9663 9660 9680 9673 9675 9679 9662 9659 9674 9670 9695 9715 9738 9796 9874 9749 9467 9240 9073 9007 8962 8881 8833 8818 8817 8829 8856 8880 8901 8925 8944 8934 8923 8915 8912 8901 8896 8897 8935 9015 9118 9296 9565 9728 9760 9753 9904 9809 9748 9753 9772 9795 9815 9823 9828 9826 9841 9846 9848 9849
9543 9573 9595 9603 9605 9608 9614 9616 9620 9621 9621 9622 9622 9622 9627 9632 9624 9613 9595 9615 9623 9631 9638 9667 9665 9665 9657 9651 9652 9654 9626 9633 9657 9652 9676 9695 9716 9757 9817 9675 9397 9157 9096 9078 9037 8948 8875 8849 8828 8822 8825 8816 8796 8817 8870 8895 8915 8928 8928 8930 8929 8947 8992 9044 9126 9276 9529 9712 9793 9791 9886 9784 9738 9748 9768 9789 9809 9827 9819 9817 9838 9846 9847 9848
9545 9563 9586 9602 9603 9601 9606 9612 9615 9618 9619 9621 9624 9627 9634 9631 9623 9621 9627 9619 9604 9615 9624 9650 9648 9645 9624 9618 9623 9620 9608 9620 9645 9651 9667 9682 9702 9737 9772 9651 9412 9165 9171 9199 9180 9027 8932 8892 8857 8837 8825 8807 8788 8785 8832 8876 8915 8947 8963 8973 8973 8984 9026 9094 9177 9298 9491 9663 9753 9795 9794 9743 9733 9750 9769 9787 9800 9804 9810 9813 9832 9844 9843 9844
9530 9548 9572 9588 9595 9601 9606 9612 9614 9617 9620 9622 9622 9623 9620 9617 9617 9621 9628 9628 9626 9623 9628 9623 9618 9602 9583 9593 9604 9607 9614 9632 9618 9643 9657 9672 9692 9716 9757 9686 9534 9278 9175 9250 9252 9124 9033 8937 8888 8868 8854 8833 8808 8791 8829 8888 8943 8972 9006 9025 9031 9039 9096 9178 9264 9354 9480 9529 9556 9716 9766 9752 9749 9760 9778 9793 9807 9813 9810 9813 9831 9842 9843 9842
9524 9543 9568 9585 9591 9595 9607 9617 9628 9620 9626 9632 9628 9623 9618 9605 9608 9612 9619 9629 9634 9606 9602 9599 9594 9584 9576 9583 9596 9609 9622 9628 9610 9632 9649 9667 9684 9708 9741 9756 9721 9443 9200 9209 9294 9278 9203 9012 8947 8920 8904 8885 8847 8814 8860 8925 8985 9017 9063 9086 9111 9156 9211 9293 9387 9454 9579 9598 9647 9756 9795 9784 9774 9780 9791 9802 9813 9817 9814 9814 9828 9836 9837 9835
9534 9554 9572 9584 9586 9595 9614 9625 9627 9622 9633 9645 9632 9613 9604 9603 9601 9601 9598 9616 9644 9607 9593 9585 9583 9580 9582 9586 9598 9599 9621 9618 9610 9630 9647 9664 9679 9697 9730 9785 9817 9626 9283 9141 9190 9342 9438 9150 9026 8997 8984 8973 8960 8908 8937 8987 9042 9064 9122 9199 9245 9239 9318 9390 9502 9706 9640 9707 9852 9851 9818 9787 9791 9794 9800 9809 9818 9820 9819 9819 9827 9829 9828 9838
9550 9564 9577 9584 9587 9598 9625 9629 9623 9632 9631 9633 9623 9610 9605 9599 9596 9594 9597 9614 9621 9594 9580 9578 9579 9580 9588 9614 9607 9605 9617 9616 9614 9638 9652 9663 9676 9689 9717 9759 9781 9678 9399 9219 9170 9250 9322 9342 9157 9113 9093 9080 9080 9060 9038 9051 9092 9155 9220 9310 9406 9486 9460 9453 9466 9443 9491 9703 9845 9867 9835 9817 9807 9806 9808 9813 9820 9822 9823 9824 9828 9830 9831 9842
9563 9579 9593 9586 9594 9610 9615 9616 9613 9613 9615 9611 9608 9600 9592 9593 9590 9584 9586 9601 9617 9605 9586 9577 9577 9581 9596 9614 9612 9621 9618 9619 9619 9635 9652 9661 9674 9691 9710 9735 9754 9705 9570 9459 9340 9326 9475 9380 9289 9257 9217 9181 9138 9113 9097 9093 9131 9195 9288 9385 9496 9621 9550 9499 9439 9411 9545 9716 9815 9845 9830 9821 9815 9810 9812 9814 9819 9821 9827 9831 9830 9827 9832 9836
9564 9584 9608 9601 9600 9600 9597 9597 9603 9605 9603 9599 9596 9593 9594 9592 9583 9570 9566 9592 9619 9603 9581 9576 9574 9575 9579 9591 9610 9616 9629 9629 9633 9639 9645 9655 9667 9677 9694 9717 9742 9755 9764 9818 9533 9368 9438 9525 9516 9413 9338 9269 9207 9142 9100 9117 9178 9257 9346 9420 9517 9586 9586 9575 9546 9601 9790 9784 9801 9823 9863 9837 9818 9813 9812 9813 9817 9819 9826 9830 9829 9829 9832 9835
9557 9576 9588 9579 9581 9583 9585 9589 9598 9596 9590 9583 9585 9587 9590 9590 9578 9556 9536 9545 9612 9587 9577 9569 9569 9569 9567 9574 9617 9630 9635 9632 9634 9633 9636 9647 9659 9668 9679 9704 9726 9773 9836 9917 9715 9482 9305 9458 9595 9488 9412 9337 9295 9223 9065 9139 9229 9315 9370 9429 9486 9560 9612 9674 9755 9815 9856 9822 9784 9797 9838 9818 9812 9808 9807 9808 9810 9814 9817 9820 9822 9819 9825 9833
9556 9565 9573 9580 9572 9573 9580 9595 9586 9581 9577 9577 9577 9585 9599 9588 9575 9550 9527 9529 9613 9581 9558 9565 9571 9577 9581 9586 9596 9609 9617 9618 9615 9623 9629 9641 9654 9666 9679 9692 9707 9747 9784 9804 9828 9786 9508 9364 9467 9490 9457 9397 9322 9183 9100 9209 9311 9377 9433 9459 9447 9509 9637 9745 9835 9878 9852 9816 9786 9789 9827 9806 9807 9806 9804 9803 9805 9808 9812 9816 9818 9821 9825 9836
9543 9547 9545 9551 9558 9566 9571 9567 9570 9569 9564 9564 9566 9571 9574 9571 9568 9551 9542 9550 9544 9541 9543 9561 9573 9586 9602 9604 9598 9606 9608 9608 9607 9616 9626 9638 9652 9670 9678 9684 9697 9725 9754 9768 9801 9830 9806 9574 9482 9544 9532 9483 9415 9331 9314 9361 9422 9481 9548 9585 9573 9629 9725 9810 9871 9857 9806 9787 9782 9787 9804 9827 9809 9804 9801 9800 9801 9805 9807 9811 9816 9822 9831 9839
9531 9536 9537 9542 9546 9556 9565 9575 9569 9563 9556 9554 9556 9557 9558 9557 9555 9556 9555 9546 9544 9540 9558 9561 9574 9589 9601 9604 9612 9611 9608 9612 9612 9617 9625 9635 9645 9654 9669 9677 9682 9704 9735 9738 9744 9774 9861 9890 9771 9689 9627 9581 9536 9517 9540 9507 9535 9588 9667 9770 9888 9861 9845 9869 9896 9856 9788 9773 9779 9789 9804 9817 9804 9802 9801 9801 9803 9807 9813 9813 9815 9820 9834 9840
9530 9535 9537 9541 9543 9547 9556 9565 9565 9563 9555 9554 9553 9553 9556 9562 9560 9555 9553 9558 9535 9532 9543 9557 9572 9588 9604 9616 9614 9619 9622 9623 9625 9625 9627 9635 9642 9648 9656 9666 9672 9684 9694 9695 9711 9768 9843 9917 9933 9807 9721 9675 9646 9588 9542 9583 9631 9686 9774 9898 1.005e+004 9983 9906 9878 9881 9832 9794 9780 9780 9786 9791 9792 9797 9799 9801 9804 9806 9809 9812 9814 9814 9819 9833 9841
9522 9534 9548 9547 9541 9533 9540 9576 9574 9572 9561 9557 9555 9550 9549 9548 9548 9547 9543 9538 9532 9531 9539 9552 9567 9583 9597 9605 9609 9622 9628 9625 9630 9635 9635 9640 9646 9650 9651 9649 9661 9667 9669 9677 9694 9733 9769 9799 9829 9813 9772 9750 9763 9829 9785 9711 9713 9748 9806 9880 9956 9936 9885 9834 9794 9794 9789 9781 9781 9787 9788 9787 9796 9798 9800 9801 9805 9808 9813 9813 9815 9823 9830 9839
9508 9529 9574 9553 9531 9513 9488 9482 9598 9576 9562 9554 9540 9541 9544 9544 9543 9540 9538 9534 9535 9533 9538 9547 9563 9581 9594 9605 9616 9626 9627 9625 9628 9634 9639 9643 9648 9651 9652 9654 9657 9658 9658 9670 9685 9686 9698 9712 9773 9782 9781 9787 9804 9830 9812 9768 9756 9775 9800 9814 9806 9841 9833 9799 9772 9776 9781 9780 9779 9778 9785 9792 9797 9800 9801 9803 9804 9806 9808 9811 9815 9827 9833 9838
9496 9519 9564 9538 9517 9507 9511 9554 9561 9561 9552 9546 9531 9535 9539 9542 9538 9537 9537 9530 9542 9552 9540 9545 9563 9579 9594 9609 9623 9623 9623 9621 9624 9629 9637 9643 9647 9652 9654 9657 9658 9657 9659 9666 9670 9671 9676 9675 9696 9726 9751 9766 9777 9778 9756 9750 9755 9766 9777 9782 9787 9798 9798 9785 9774 9774 9776 9777 9778 9780 9789 9801 9804 9803 9802 9801 9804 9805 9807 9810 9815 9827 9826 9832
9485 9490 9497 9501 9498 9504 9515 9532 9550 9548 9543 9539 9536 9539 9542 9542 9541 9542 9541 9539 9561 9581 9567 9566 9573 9585 9598 9610 9622 9624 9622 9622 9623 9626 9630 9635 9644 9650 9655 9658 9656 9656 9659 9661 9666 9668 9667 9666 9677 9698 9720 9735 9739 9731 9717 9732 9749 9760 9767 9770 9772 9778 9779 9774 9772 9772 9772 9773 9778 9785 9792 9798 9808 9803 9801 9802 9803 9807 9809 9809 9811 9816 9820 9827
9483 9486 9489 9486 9492 9504 9513 9531 9551 9542 9542 9552 9551 9549 9548 9546 9546 9547 9552 9549 9589 9580 9576 9574 9582 9591 9602 9612 9619 9624 9624 9621 9624 9628 9630 9635 9643 9649 9652 9654 9653 9651 9652 9656 9657 9665 9666 9669 9677 9685 9700 9713 9721 9722 9726 9734 9744 9753 9760 9767 9769 9769 9769 9769 9770 9770 9771 9775 9778 9783 9790 9792 9796 9798 9797 9798 9803 9807 9808 9808 9810 9818 9821 9823
9486 9488 9483 9482 9495 9512 9529 9539 9547 9548 9548 9556 9566 9558 9557 9561 9554 9548 9540 9549 9609 9589 9586 9584 9594 9600 9606 9613 9613 9631 9629 9627 9627 9630 9630 9633 9644 9647 9650 9650 9649 9648 9650 9655 9661 9669 9675 9677 9677 9679 9691 9703 9712 9720 9727 9734 9743 9752 9761 9767 9769 9768 9766 9770 9770 9770 9771 9775 9778 9779 9780 9787 9790 9794 9796 9799 9804 9809 9808 9807 9807 9812 9815 9818
