real_craters/C130-300m.grd
DSAA
272 272
-40.6175 40.6175
-40.6175 40.6175
8779.7834931556 10157.039986348
[rows 180 to 209 of 272, columns 134 to 200 of 272]
9794.15 9787.97 9774.59 9763.31 9758.48 9755.22 9756 9758.23 9762.38 9767.65 9773.32 9778.82 9783.37 9786.01 9787.04 9786.58 9789.67 9793.02 9798.57 9805.1 9807.91 9807.12 9802.81 9796.24 9788.48 9781.46 9775.68 9772.9 9772.99 9774.81 9776.26 9776.77 9777.93 9779.4 9779.49 9778.47 9777.75 9777.57 9777.36 9777.49 9778.67 9783.46 9788.7 9793.39 9797.26 9799.62 9802.31 9802.5 9802.68 9802.3 9802.02 9801.73 9801.4 9800.91 9800.33 9801.56 9802.84 9803.6 9804.36 9804.91 9805.19 9804.98 9807.01 9808.55 9809.9 9811.68 9813.76
9756.56 9743.61 9743.62 9740.34 9745.52 9748.11 9750.87 9754.17 9758.13 9762.68 9767.53 9771.77 9775.26 9777.48 9778.95 9779.95 9782.17 9785.18 9789.62 9794.3 9795.64 9795.36 9792.96 9788.77 9783.96 9779.95 9776.05 9774.57 9773.61 9773.99 9774.75 9775.17 9775.78 9776.29 9776.48 9776.87 9777.36 9777.99 9778.9 9780.56 9783.13 9787.3 9791.46 9795.86 9800.94 9806.26 9804.99 9805.21 9804.57 9803.59 9802.75 9802.08 9801.71 9801.38 9801.06 9801.98 9802.89 9803.82 9804.6 9805.51 9806.41 9807.33 9807.75 9808.72 9809.74 9811.17 9812.72
9733.12 9719.55 9725.56 9731.8 9737.08 9743.42 9747.28 9751.77 9755.8 9760.05 9763.77 9767.27 9770.13 9772.04 9773.56 9775.47 9777.1 9778.55 9782.47 9785.65 9786.5 9786.6 9785.21 9782.55 9779.31 9776.43 9774.12 9773.87 9773.24 9773.01 9772.84 9773.58 9773.96 9773.89 9773.99 9775.27 9776.89 9778.48 9780.46 9783.48 9788.32 9791.37 9793.46 9796.78 9801.12 9806.21 9807.76 9807.2 9805.83 9804.15 9802.82 9801.99 9801.76 9802.43 9803.13 9802.7 9803.05 9803.94 9805.02 9806.33 9807.5 9808.35 9808.58 9808.94 9809.45 9810.37 9811.43
9723.33 9714.96 9719.38 9724.08 9732.57 9740.39 9746.41 9751.9 9756.06 9760.24 9763.12 9766.09 9768.23 9769.46 9770.32 9771 9771.7 9774.13 9777.19 9779.17 9779.65 9779.89 9779.15 9777.47 9775.19 9772.8 9771.79 9772.34 9772.03 9771.93 9771.98 9772.02 9772.57 9772.75 9772.93 9774.77 9776.89 9779.1 9781.65 9784.28 9788.8 9791.45 9793.32 9795.71 9798.31 9800.45 9806.63 9807.36 9805.47 9803.7 9802.29 9801.26 9800.81 9801.26 9802.16 9802.13 9802.75 9803.76 9805.13 9806.77 9808.55 9809.25 9808.9 9808.78 9808.83 9810.03 9810.61
9722.17 9719.93 9722 9726.89 9732.82 9738.62 9744.24 9749.56 9753.6 9757.74 9760.42 9763.28 9765.4 9767 9767.99 9768.06 9768.58 9771.06 9772.45 9774.53 9776.03 9774.89 9774.54 9773.58 9772.29 9771.01 9770.46 9770.96 9771.11 9771.23 9771.2 9771.46 9771.9 9772.81 9773.5 9774.95 9777.02 9779.5 9782.67 9785.96 9787.37 9789.37 9791.81 9793.78 9795.44 9797.23 9803.17 9804.95 9803.5 9802.11 9800.78 9799.73 9798.88 9797.85 9798.57 9800.49 9802.11 9803.66 9805.22 9806.84 9808.6 9809.19 9808.97 9808.88 9808.93 9809.8 9810.38
9723.17 9724.12 9726.12 9730.4 9734.18 9738.26 9742.88 9747.52 9751.05 9754.84 9758.19 9760.48 9763.15 9765.21 9767.18 9769.41 9769.25 9769.87 9769.65 9770.94 9772.16 9770.93 9771.02 9770.66 9770.08 9769.95 9769.75 9770.22 9770.25 9770.5 9770.97 9771.45 9771.89 9773.1 9774.02 9775.5 9777.16 9779.16 9781.62 9784.2 9786.3 9788.22 9790.44 9791.87 9793.05 9794.55 9797.47 9799.84 9800.1 9799.59 9798.81 9798.1 9797.52 9797.24 9797.85 9799.81 9801.75 9803.62 9805.2 9806.52 9806.96 9808.1 9808.57 9808.64 9808.85 9809.19 9809.91
9723.53 9725.84 9728.14 9730.75 9734.01 9737.76 9741.09 9744.68 9748.2 9751.62 9755.23 9759.12 9761.96 9764.25 9766.37 9768.76 9768.94 9769.26 9768.38 9768.84 9769.79 9768.01 9768.55 9768.79 9768.66 9768.31 9769.18 9769.95 9770.11 9770.16 9770.62 9771.25 9772.02 9773.85 9775.32 9776.32 9777.2 9778.28 9779.82 9782.34 9785.7 9789.26 9789.42 9789.97 9791.03 9791.87 9793.67 9796.11 9796.79 9797.04 9796.87 9796.72 9796.53 9797 9798.06 9799.7 9801.7 9803.7 9805.4 9806.79 9807.94 9808.01 9808.19 9808.14 9808.23 9808.21 9808.84
9724.2 9726.24 9728.9 9732.72 9736.57 9738.29 9741.19 9744.65 9748.22 9751.54 9755.15 9758.67 9761.78 9763.91 9765.47 9765.57 9767.59 9768.14 9768.04 9767.85 9768.11 9768.49 9766.89 9767.92 9768.99 9769.47 9769.58 9770.15 9770.29 9770.07 9770.37 9771.11 9772.17 9774.06 9775.61 9776.54 9777.1 9777.63 9777.56 9779.96 9782.97 9785.42 9785.98 9787.54 9789.37 9791.7 9793.39 9791.99 9793.65 9794.92 9795.51 9795.78 9795.58 9795.54 9797.43 9799.78 9802.02 9804.21 9806.01 9807.15 9807.47 9808.15 9808.01 9807.84 9807.3 9807.06 9807.64
9724.33 9725.72 9727.83 9731.85 9734.61 9737.81 9740.95 9744.34 9747.75 9751.22 9755.03 9758.62 9762.15 9764.58 9766.2 9766.87 9767.99 9768.7 9768.22 9767.99 9767.67 9767.95 9766.69 9768.07 9769.82 9770.55 9770.16 9770.3 9770.38 9770.36 9770.43 9771.18 9771.97 9773.88 9775.07 9776.06 9776.95 9777.9 9778.93 9779.34 9779.54 9778.72 9781.78 9785.06 9787.47 9789.21 9789.68 9790.21 9791.64 9793.44 9794.91 9795.82 9795.83 9795.47 9797.99 9800.48 9802.7 9804.83 9806.79 9808.24 9808.78 9808.72 9808.26 9807.52 9806.78 9806.35 9806.41
9724.63 9727.49 9730.29 9732.42 9734.35 9737.77 9740.93 9744.33 9747.63 9751.18 9755.64 9759.04 9762.73 9765.67 9768.36 9770.28 9770.06 9769.57 9769.25 9768.49 9768.38 9768.05 9766.76 9767.98 9769.4 9770.03 9770.03 9770.15 9770.44 9770.56 9770.71 9771.33 9771.76 9773.16 9774.28 9775.33 9776.69 9778.07 9779.38 9779.26 9779.01 9779.05 9781.21 9783.86 9786.14 9787.75 9787.77 9788.63 9790.47 9792.81 9794.91 9796.8 9798.51 9799.57 9800.36 9801.62 9803.31 9805.29 9807.52 9809.9 9810.79 9809.65 9808.58 9807.51 9806.53 9805.61 9805.12
9726.21 9729.26 9732.04 9734.55 9736.77 9738.66 9741.37 9744.85 9748.16 9751.75 9755.91 9759.53 9763.15 9766.54 9769.86 9771.91 9771.46 9771.45 9770.61 9769.26 9769.06 9768.22 9768.4 9767.9 9768.98 9769.44 9769.78 9770.06 9770.46 9770.81 9770.95 9770.95 9771.62 9772.64 9773.68 9774.94 9776.3 9777.89 9778.95 9779.31 9779.58 9780.78 9782.07 9783.55 9785.49 9787.57 9791.04 9788.03 9790.29 9792.91 9795.06 9797.47 9800.7 9803.09 9802.13 9802.28 9803.32 9805.06 9807.21 9810.33 9811.6 9809.45 9807.96 9806.75 9806.45 9805.58 9804.87
9727.01 9731.33 9735.91 9736.98 9737.5 9739.28 9741.8 9744.97 9748.26 9752.04 9755.65 9759.54 9763.38 9767.11 9770.56 9772.47 9772.25 9772.13 9771.4 9770.97 9770.07 9768.49 9767.43 9767.88 9768.8 9769.12 9769.61 9770.03 9770.34 9770.69 9770.88 9771.03 9771.5 9772.08 9772.74 9773.92 9775.21 9777.55 9779.18 9779.33 9779.63 9780.37 9781.46 9783.23 9785.19 9786.7 9786.36 9789.25 9792.18 9793.68 9794.88 9796.55 9799.07 9800.96 9801.09 9801.61 9802.71 9804.02 9805.26 9805.95 9807.01 9807.35 9806.93 9806.29 9805.84 9805.56 9805.85
9728.74 9733 9737.92 9738.68 9738.73 9739.96 9742.28 9745.11 9748.21 9751.78 9755.45 9759.27 9763.2 9766.99 9770.46 9772.24 9772.23 9772.15 9771.57 9771.33 9770.43 9769.53 9768.52 9768.36 9767.54 9768.76 9769.55 9769.94 9770.28 9770.62 9770.94 9771.11 9771.38 9771.55 9771.39 9771.03 9773.37 9776.4 9778.24 9778.97 9779.39 9779.65 9780.71 9783.1 9785.48 9787.67 9789.55 9794.22 9795.39 9794.34 9794.05 9794.24 9794.72 9796.39 9798.39 9800.02 9801.52 9802.97 9803.91 9803.83 9804.49 9805.47 9805.58 9805.3 9805.3 9805.88 9807.66
9729.32 9733.57 9737.33 9739.23 9739.35 9740.14 9742.15 9744.83 9747.88 9751.32 9754.94 9758.77 9762.46 9765.99 9769.31 9771.02 9771.34 9771.61 9771.24 9770.98 9770.66 9770.19 9769.6 9770.15 9770.2 9770 9769.99 9770.06 9770.21 9770.43 9770.72 9771.13 9771.47 9771.73 9771.75 9771.53 9773.78 9775.59 9777.44 9778.85 9779.62 9780.11 9781.15 9783.54 9786.22 9789.36 9793.68 9796.09 9794.86 9793.56 9792.52 9791.79 9791.23 9792.82 9795.66 9798.05 9800.18 9802.02 9803.55 9804.81 9804.65 9804.39 9804.06 9803.91 9804.3 9805.4 9808.57
9728.95 9733.1 9738.22 9739.56 9738.93 9739.63 9741.54 9744.1 9747.15 9750.65 9754.25 9757.92 9761.41 9764.49 9766.69 9769.04 9770.1 9770.72 9770.78 9770.56 9770.42 9770.6 9770.38 9771.53 9772.2 9771.11 9770.46 9770.15 9770.07 9770.19 9770.47 9770.99 9771.48 9772.19 9773.28 9775.56 9776.57 9776.63 9778.26 9779.64 9780.42 9781.28 9782.49 9784.51 9786.75 9789.5 9792.69 9794.26 9793.14 9791.51 9790.58 9789.92 9789.71 9791.29 9793.83 9796.4 9798.86 9801.1 9803.15 9804.58 9804.31 9803.5 9802.79 9802.35 9802.6 9803.52 9805.92
9728.23 9731.77 9734.53 9736.07 9737.85 9738.82 9740.59 9743.18 9746.29 9749.84 9753.44 9757.09 9760.35 9763.31 9765.79 9767.61 9768.8 9769.6 9769.93 9769.87 9770 9770.27 9770.39 9771.37 9771.68 9771.06 9770.43 9770.01 9769.77 9769.8 9769.96 9770.48 9771.19 9772.26 9773.84 9776.08 9778.78 9780.94 9780.79 9780.96 9781.6 9782.67 9784.4 9785.32 9786.41 9788 9789.55 9789.92 9788.18 9788.59 9788.65 9788.53 9788.73 9790.33 9792.61 9795.12 9797.71 9800.05 9802.14 9803.66 9803.11 9802.04 9801.01 9800.5 9800.47 9800.73 9802.03
9727.18 9731.05 9734.84 9737.61 9737.01 9737.22 9739.08 9741.91 9745.21 9748.8 9752.42 9756.03 9759.39 9762.39 9764.72 9766.56 9767.56 9768.09 9768.57 9768.87 9769.13 9769.48 9769.6 9770.49 9770.76 9770.32 9769.87 9769.49 9769.3 9769.25 9769.43 9769.89 9770.65 9771.8 9773.49 9775.85 9779.21 9782.67 9781.96 9781.63 9782.04 9782.89 9784.19 9784.71 9785.54 9786.24 9785.93 9784.42 9785 9786.41 9787.23 9787.6 9788.14 9789.62 9791.58 9793.94 9796.33 9798.74 9800.67 9801.65 9801.23 9800.02 9798.73 9798.04 9797.6 9797.75 9800.08
9725.78 9729.55 9733.6 9736.36 9735.28 9735.15 9737.28 9740.51 9744.06 9747.61 9751.21 9754.82 9758.42 9761.69 9764.25 9765.52 9766.22 9766.96 9767.23 9767.66 9768.02 9768.35 9768.39 9769.02 9769.38 9769.32 9769.15 9768.87 9768.69 9768.48 9768.51 9768.83 9769.46 9770.48 9772.16 9774.24 9777.14 9779.28 9780.15 9781.03 9781.95 9782.44 9782.12 9783.18 9785.04 9785.54 9784.62 9783.03 9784.46 9785.78 9786.57 9787.08 9787.78 9788.85 9790.57 9792.73 9795.08 9797.54 9799.55 9800.1 9799.24 9797.82 9796.26 9795.22 9794.49 9794.33 9796.23
9724.05 9727.4 9730.26 9732.13 9732.21 9732.9 9735.49 9739.29 9742.96 9746.52 9749.98 9753.42 9757.02 9760.6 9763.22 9764.11 9764.69 9765.41 9765.71 9766.3 9766.87 9767.37 9767.09 9767.09 9767.77 9768.16 9768.27 9768.13 9767.85 9767.68 9767.53 9767.66 9767.92 9768.54 9769.68 9771.07 9773.36 9774.23 9777.05 9780.11 9782.53 9783.67 9782.92 9784.3 9786.9 9786.92 9785.29 9784.43 9785.51 9785.95 9786.1 9786.35 9786.93 9787.86 9789.22 9791.1 9793.34 9795.83 9798.66 9799.21 9797.12 9795.35 9793.73 9792.27 9791.4 9791.2 9793.46
9722.22 9725.17 9727.13 9727.07 9729.83 9731.11 9734.62 9738.74 9742.3 9745.5 9748.55 9751.64 9754.9 9758.3 9760.77 9761.77 9762.64 9763.57 9764.03 9764.81 9765.53 9766.4 9766.89 9766.91 9767.24 9767.38 9767.33 9767.01 9766.79 9766.54 9766.39 9766.35 9766.36 9766.42 9766.44 9765.48 9764.68 9767.78 9774.13 9779.68 9784.41 9787.97 9789.49 9791.1 9792.48 9790.32 9786.58 9782.95 9784.68 9785.43 9785.06 9785.18 9785.49 9786.33 9787.51 9789.15 9791.01 9793.01 9794.87 9795.41 9794 9792.47 9790.64 9789.13 9788.44 9788.69 9793.39
9720.77 9723.71 9726.28 9728.64 9730.97 9733.15 9736.13 9739.28 9742.11 9744.63 9747.05 9749.47 9752.04 9754.37 9756.83 9758.71 9760.14 9761.48 9762.6 9763.14 9764.32 9765.2 9766.11 9767.44 9766.84 9766.53 9766.31 9766.04 9765.75 9765.39 9765.06 9765.03 9764.8 9764.44 9763.84 9761.9 9761.54 9765.91 9773.11 9780.16 9786.99 9794.03 9800.93 9804.98 9801.04 9794.54 9788.37 9783.44 9782.88 9783.28 9783.03 9783.8 9784.02 9784.29 9785.28 9786.66 9788.18 9789.52 9790.79 9791.09 9790.43 9789.39 9788.01 9786.79 9785.69 9785.52 9789.94
9719.24 9722.4 9725.94 9729.9 9732.93 9735.74 9738.41 9740.33 9742.16 9743.88 9745.5 9747.08 9748.9 9751.94 9753.57 9755.49 9757.52 9759.3 9760.81 9761.81 9762.89 9763.73 9764.57 9764.91 9765.42 9765.2 9764.86 9764.81 9764.51 9764.25 9764.04 9763.64 9763.3 9762.87 9762.27 9760.57 9761.87 9767.21 9773.58 9780.66 9788.39 9797.45 9808.85 9816.82 9806.22 9796.4 9789.18 9783.9 9781.3 9780.11 9779.35 9780 9780.64 9781.25 9782.33 9783.77 9785.02 9785.94 9785.95 9787.05 9787.26 9786.96 9785.8 9784.63 9783.52 9783.08 9786.44
9717.78 9720.98 9724.63 9729.03 9732.84 9736.27 9739.37 9740.95 9741.97 9743.06 9744.11 9744.82 9744.92 9745.01 9748.85 9752.35 9755.11 9757.25 9758.97 9760.1 9761.15 9762.26 9763.36 9764.01 9763.99 9763.61 9763.3 9763.12 9763.06 9763.04 9762.97 9762.92 9762.51 9761.87 9761.64 9760.99 9763.48 9768.98 9774.05 9780.19 9787.11 9794.76 9802.83 9807.14 9800.06 9793.27 9787.6 9783.11 9779.05 9775.39 9774.57 9774.19 9775.91 9777.92 9779.59 9781.08 9782.44 9783.5 9784.33 9784.6 9784.77 9784.71 9784.02 9783.27 9782.76 9782.87 9787.57
9716.28 9719.06 9722.07 9725.34 9729.39 9734.96 9739.96 9740.49 9741.2 9742.22 9743.26 9743.78 9743 9741.21 9746.06 9750.34 9753.23 9755.31 9756.96 9757.93 9759.18 9760.3 9761.61 9762.32 9762.19 9761.9 9761.73 9761.52 9761.29 9761.27 9761.16 9761.39 9761.18 9760.84 9761.07 9761.97 9766.03 9769.38 9773.35 9778.41 9783.69 9788.42 9790.53 9787.73 9788.46 9786.97 9783.83 9780.68 9777.43 9772.39 9771.11 9770.94 9772.82 9775.12 9777.06 9778.84 9780.31 9781.69 9782.95 9782.97 9782.97 9782.93 9782.64 9782.8 9783.04 9784.59 9789.61
9714.6 9716.98 9719.2 9721.19 9724.33 9730.64 9736.52 9737.68 9739.26 9741.12 9742.97 9744.55 9745.76 9746.78 9747.99 9750.24 9752.17 9753.66 9755 9755.71 9756.75 9757.82 9759.19 9759.8 9759.84 9759.83 9759.68 9759.58 9759.55 9759.94 9759.98 9759.9 9760.04 9760.29 9760.54 9760.98 9763.03 9766.83 9771.69 9775.99 9779.76 9782.49 9783.17 9781.77 9781.97 9781.18 9779 9776.16 9772.83 9768.82 9769.08 9770.23 9771.43 9773.29 9775.27 9777.17 9778.64 9779.58 9780.39 9781.4 9781.97 9782.17 9782.2 9782.43 9783.31 9786.34 9791.7
9713.27 9715.26 9717.04 9718.4 9720.2 9725.34 9729.24 9732.96 9736.59 9739.9 9742.88 9745.75 9748.76 9750.87 9750.4 9750.82 9751.57 9752.38 9753.23 9753.71 9754.29 9755.13 9756.11 9756.71 9757.13 9757.27 9757.45 9757.97 9758.17 9758.37 9758.64 9758.58 9759.2 9759.84 9760.31 9760.65 9762.79 9766.71 9770.52 9773.71 9776.3 9778.04 9778.94 9779.5 9778.66 9776.71 9774.36 9771.48 9767.98 9766.75 9767.46 9769.1 9770.06 9771.86 9774 9776.11 9777.69 9778.43 9779.26 9780.62 9781.35 9781.49 9781.58 9781.98 9782.98 9786.26 9792.16
9712.28 9714.21 9715.86 9717.63 9720.16 9722.27 9724.07 9729.08 9734.42 9738.83 9742.66 9746.18 9749.41 9751.17 9751.07 9750.8 9750.81 9751.11 9751.12 9751.55 9751.86 9752.33 9752.54 9753.41 9754.28 9754.97 9755.42 9755.82 9756.42 9756.48 9757.4 9757.66 9758.48 9759.55 9760.62 9762.5 9764.71 9767.69 9769.69 9771.62 9773.27 9774.29 9774.96 9775.41 9774.47 9772.47 9770.33 9767.95 9765.76 9765.25 9764.23 9765.53 9768.02 9770.64 9773.2 9775.55 9777.64 9779.28 9780.36 9780.85 9781.19 9781.38 9781.41 9781.88 9782.16 9784.96 9790.22
9711.49 9713.47 9715.42 9717.37 9719.63 9721.63 9723.55 9728.25 9733.74 9738.28 9742.11 9745.68 9748.93 9750.35 9750.19 9749.8 9749.49 9749.45 9749.1 9749.22 9749.43 9749.74 9750.13 9750.75 9751.65 9752.46 9752.69 9753.27 9753.93 9754.61 9755.32 9756.28 9757.37 9758.88 9760.42 9762.47 9764.75 9766.81 9768.33 9769.48 9770.32 9770.67 9770.73 9770.39 9769.55 9768.34 9766.89 9765.17 9763.54 9761.26 9760.66 9762.78 9766.91 9770.16 9773.06 9775.59 9777.99 9780.43 9781.57 9781.63 9781.89 9782.12 9782.22 9782.54 9782.25 9783.29 9789.83
9711.04 9713.25 9715.29 9717.33 9719.59 9722.73 9726.25 9730.57 9734.63 9738.07 9741.3 9744.34 9746.98 9748.19 9748.25 9747.91 9747.62 9747.47 9747.01 9746.89 9746.97 9747.17 9747.33 9748.25 9748.91 9749.66 9750.24 9750.93 9751.64 9752.43 9753.47 9754.66 9756.09 9757.85 9759.58 9761.58 9763.72 9765.38 9766.65 9767.33 9767.45 9767.15 9766.62 9765.7 9764.73 9764.76 9764.44 9763.42 9761.53 9761.12 9763.15 9765.31 9768.13 9770.9 9773.55 9775.98 9778.27 9780.66 9781.8 9782.18 9782.61 9783.02 9783.7 9784.35 9785.29 9787.85 9795.02
9710.77 9712.98 9715.25 9717.65 9720.6 9724.6 9729.91 9734.14 9735.7 9737.68 9739.89 9742.33 9744.48 9745.31 9745.43 9745.39 9745.3 9745.2 9744.71 9744.66 9744.66 9744.6 9745.1 9745.91 9746.53 9747.27 9747.93 9748.66 9749.44 9750.34 9751.52 9752.82 9754.58 9756.47 9758.58 9760.21 9762.76 9764.37 9765.42 9765.16 9764.52 9763.94 9763.21 9762.22 9761.49 9762.55 9763.35 9763.74 9763.61 9765.63 9768.44 9769.22 9770.64 9772.51 9774.65 9776.73 9778.54 9779.77 9781.5 9782.58 9783.47 9784.27 9785.53 9787.3 9790.25 9796 9802.23
