real_craters/C130-500m.grd
DSAA
163 163
-40.6175 40.6175
-40.6175 40.6175
8779.2651150085 10122.836543344
[rows 90 to 119 of 163, columns 67 to 133 of 163]
9280.16 9275.45 9202.94 9065.4 8982.76 8947.42 8926.99 8914.03 8903.82 8892.29 8875.57 8847.19 8822.76 8821.43 8860.49 8903.64 8945.46 8985.27 9001.08 9033 9063.28 9075.3 9095.94 9110.78 9136.65 9175.32 9211.07 9260.83 9323.19 9386.91 9433.05 9523.98 9579.49 9592.88 9605.54 9647.05 9726.58 9778.4 9794.64 9787.82 9777.98 9773.82 9777.58 9783.47 9790.91 9798.71 9806.09 9813.09 9816.93 9815.42 9813.74 9813.3 9816.5 9827.52 9835.17 9836.39 9836.89 9833.55 9834.88 9838.57 9840.41 9841.14 9841.69 9841.78 9841.95 9843.38 9841.06
9297.46 9386.65 9363.78 9188.13 9052.25 8996.87 8974.49 8962.71 8952.88 8946.21 8934.27 8916.38 8880.87 8863.63 8905.39 8945.23 8984.53 9023.69 9037.6 9070.55 9107.83 9143.34 9170.25 9196.37 9205.57 9218.13 9280.95 9330.8 9395.51 9475.26 9583.72 9714.03 9653.17 9657.44 9717.87 9796.83 9818.73 9827.09 9812.47 9782.72 9784.21 9785.93 9788.57 9791.8 9798.21 9804.14 9810.12 9815.8 9818.49 9818.11 9816.98 9817.28 9820.78 9826.87 9833.1 9830.81 9828.05 9833.54 9836.35 9839.31 9841.35 9842.44 9843.45 9844.66 9845.66 9845.86 9845.86
9246.57 9385.83 9451.73 9319.51 9150.25 9062.88 9039.17 9025.27 9017.49 9010.49 9005.65 9000.33 8978.9 8957.06 8971.48 8995.54 9026.05 9035.13 9067.89 9104.34 9147.93 9210.52 9260.43 9297.95 9310.67 9319.71 9365.44 9394.44 9438.35 9504.49 9607.47 9599.85 9589.31 9664.1 9772.25 9886.6 9878.56 9856.37 9829.2 9796.14 9796.44 9795.85 9797.28 9799.8 9802.87 9808.25 9813.69 9819.68 9822.23 9820.75 9820.2 9821.13 9823.3 9826.26 9826.46 9828.38 9832.27 9840.24 9842.22 9841.74 9842.91 9844.74 9846.32 9847.9 9849.36 9849.63 9850.24
9210.27 9273.55 9322.28 9362.69 9278.24 9157.14 9122.5 9105.49 9093.29 9081.37 9077.57 9080.32 9075.92 9048.94 9037.64 9042.35 9062.1 9091.71 9129.87 9171.57 9219.97 9276.71 9339.87 9406.25 9468.13 9484.17 9459.81 9452.19 9455.57 9466.17 9461.91 9410.95 9491.29 9637.13 9762.66 9845.14 9871.6 9857.63 9834.83 9825.76 9811.87 9806.99 9806.22 9807.15 9808.18 9811.46 9815.23 9819.5 9821.93 9821.86 9823.03 9823.23 9825.29 9827.74 9831.06 9828.33 9831.5 9841.4 9841.75 9842.73 9843.76 9845.68 9847.74 9850.17 9852.96 9856.04 9854.72
9260.7 9320.21 9362.89 9391.99 9325.45 9242.41 9211.43 9194.7 9179.61 9157.77 9139 9121.58 9104.67 9099.92 9083.13 9076.33 9086.68 9114.47 9161.56 9213.57 9269.32 9332.96 9404.69 9484.91 9599.88 9611.17 9534.78 9497.14 9468.45 9435.73 9396.76 9395.48 9497.65 9643.48 9752.01 9822.57 9849.92 9847.71 9832.72 9827.28 9817.93 9811.48 9809.63 9809.28 9810.22 9812.46 9815.37 9818.38 9820.79 9823.33 9825.71 9827.51 9828.3 9829.1 9829.84 9828.32 9834.74 9835.8 9838.74 9842.48 9844.82 9846.53 9848.98 9851.56 9854.26 9855.99 9857.6
9322.23 9412.03 9572.07 9466.1 9387.12 9357.91 9323.7 9288.81 9261.81 9226.4 9194.73 9155.66 9120.4 9123.89 9105.36 9095.86 9112.54 9144.63 9199.5 9252.02 9312.34 9370.5 9434.22 9493.94 9513.12 9566.89 9559.56 9534.07 9502.03 9458.3 9423.65 9506.42 9619.94 9705.2 9766.6 9812.58 9835.51 9841.7 9834.06 9823.57 9821.64 9815.84 9812.36 9810.72 9811.13 9812.32 9814.53 9816.86 9819.34 9822.36 9827.62 9831.79 9831.21 9830.26 9830.21 9829.43 9834.07 9838.57 9840.33 9842.92 9845.63 9847.77 9850.03 9852.39 9855.07 9857.6 9859.2
9364.55 9383.58 9437.98 9492.3 9556.1 9515.84 9444.03 9380.16 9337.9 9288.37 9250.24 9206.53 9154.55 9129.6 9099.56 9101.48 9134.47 9177.64 9231.01 9287.91 9345.52 9390.64 9447.91 9516.57 9588.74 9588.07 9585.81 9580.27 9568.86 9546.08 9542.94 9677.99 9789.6 9781.62 9788.68 9800.69 9812.35 9835.06 9863.13 9850.87 9828.3 9817.8 9813.24 9812.3 9811.81 9811.78 9813.58 9816.9 9817.94 9821.33 9825.71 9830.43 9829.61 9828.73 9829.09 9826.58 9831.67 9832.62 9838.84 9842.95 9845.96 9848.47 9850.89 9852.69 9854.03 9856.61 9859.78
9477.69 9368.98 9314.09 9434.74 9627.8 9599.46 9514.67 9447.58 9396.4 9334.85 9299.15 9268.78 9248.06 9131.27 9072.66 9104.31 9156.57 9213.6 9269.98 9318.84 9354.88 9399.51 9448.14 9516.4 9613.47 9608.31 9607.98 9629.93 9654.69 9683.17 9718.44 9785.32 9827.87 9823.81 9804.42 9785.34 9784.32 9819.86 9844.22 9842.82 9822.92 9815.21 9812.43 9810.89 9809.7 9809.98 9811.03 9812.68 9814.43 9817.68 9820 9822.07 9824.18 9824.36 9822.89 9819.55 9824.39 9830.17 9837.06 9843.05 9846.84 9849.89 9852.01 9853.5 9854.59 9857.26 9860.75
9641.62 9483.11 9338.47 9359.82 9451.24 9565.97 9520.56 9474.75 9429.49 9386.01 9339.44 9306.31 9267.74 9129.47 9064.23 9119.11 9187.43 9253.12 9295.02 9346.17 9386.12 9422.14 9445.08 9458.41 9474.25 9563.57 9616.63 9673.31 9733.94 9816.22 9871.99 9864.36 9872.67 9840.01 9809.97 9785.93 9782.85 9811.36 9837.44 9813.1 9808.15 9808.58 9808.11 9805.78 9804.9 9805.56 9806.97 9808.73 9810.44 9813.2 9815.59 9817.48 9819.7 9820.8 9820.03 9816.41 9824.89 9836.01 9839.8 9844.2 9848.08 9851.39 9854.06 9856.13 9856.47 9859.5 9862.75
9837.33 9697.32 9507.52 9394.38 9370.54 9467.24 9491.79 9484.47 9456.52 9422.16 9377.42 9322.18 9236.17 9137.85 9099.81 9170.54 9245.71 9310.98 9352.74 9398.95 9432.71 9457.93 9459.65 9447.22 9462.73 9548.22 9637.22 9711.34 9776.69 9834.78 9876.63 9873.02 9852.06 9829.11 9804.75 9786.35 9780.46 9801.61 9826.85 9805.95 9806.43 9807.38 9806.85 9805.63 9804.18 9803.14 9803.42 9804.98 9807.13 9809.42 9812.17 9814.55 9816.61 9818.26 9819.78 9820.8 9825.46 9831.98 9839.92 9844.96 9848.93 9852.73 9856.08 9860.24 9864.37 9865.14 9865.5
9864.09 9862.12 9735.57 9562.29 9426.22 9446.98 9500.97 9518.78 9502.81 9470.34 9428.12 9375.03 9301.55 9235.22 9211.2 9274.45 9333.08 9385.88 9437.37 9472.1 9507.61 9529.99 9530.87 9509.8 9524.69 9606.29 9688.29 9756.71 9810.64 9833.7 9850.16 9851.03 9822.24 9803.2 9791.5 9783.57 9781.16 9789.17 9800.51 9818.74 9815.79 9809.83 9806.65 9804.84 9802.98 9801.08 9800.41 9801.75 9804.55 9806.86 9808.54 9810.91 9814.04 9816.99 9819.81 9825.14 9829.81 9832.38 9839.73 9845.36 9850.19 9853.88 9857.71 9861.95 9867.31 9868.26 9868.53
9790.46 9806.96 9838.92 9780.69 9624.17 9550.72 9578.59 9580.56 9561.11 9531.4 9494.98 9457.14 9425.58 9424.55 9445.3 9422.86 9426.08 9445.84 9485.28 9531.7 9584.38 9628.33 9656.79 9662.35 9676.09 9718.48 9766.51 9812.16 9855 9897.42 9879.62 9839.85 9796.02 9779.84 9779.14 9780.04 9784.69 9792.19 9811.63 9842.61 9815.64 9808.09 9804.55 9802.75 9801.38 9800.24 9799.17 9801.3 9804.09 9806.3 9806.66 9809.15 9812.92 9815.04 9818.07 9823.92 9830.62 9834.94 9841.94 9847.17 9851.52 9855.05 9858.34 9861.43 9863.87 9868.7 9872.12
9764.1 9789.24 9860.71 9902.89 9843.23 9771.38 9712.81 9668.7 9627.43 9592.78 9564.31 9535.98 9516.44 9519.93 9540.04 9512.4 9510.26 9535.25 9565.74 9611.76 9667.29 9733.33 9811.46 9888.33 9881.93 9847.07 9844.64 9858.78 9881.16 9895.9 9875.74 9832.69 9787.61 9771.75 9774.49 9779.35 9785.7 9788.14 9803.52 9823.73 9808.49 9803.86 9802.49 9801.82 9801.37 9800.77 9800.22 9802.77 9805.58 9809.38 9813.21 9813.09 9813.47 9814.69 9816.92 9828.13 9834.39 9836.71 9843.97 9849.74 9853.42 9856.17 9858.82 9861.62 9865.03 9870.01 9875.28
9755.98 9801.53 9857.45 9907.62 9928.4 9917.91 9821.75 9743.08 9695.11 9660.82 9630.22 9605.06 9565.39 9508.53 9520.08 9541.14 9570.69 9600.95 9634.61 9686.39 9747.89 9824.01 9922.75 10026.1 10007.8 9932.27 9894.44 9881.43 9885.9 9895.17 9862.19 9822.98 9791.75 9778.45 9776.99 9780.06 9784.46 9787.22 9792.59 9793.03 9793.22 9798.03 9799.76 9800.3 9801.27 9802.48 9804.14 9804.85 9807.22 9811.13 9817.22 9815.19 9813.67 9814.03 9816.94 9830.73 9833.13 9837.53 9844.92 9852.34 9854.29 9856.4 9858.9 9861.59 9865.26 9870.58 9876.23
9733.78 9765.09 9822.79 9894.9 9913.34 9926.08 9852.12 9785.63 9742.1 9713.95 9692.86 9686.74 9679.11 9655.39 9596.28 9599.75 9633.67 9660.11 9692.54 9733.38 9791.82 9863.34 9954.16 10051.3 10019.4 9952.59 9906.39 9876.87 9860.14 9853.08 9831.59 9809.14 9795.02 9788.9 9781.21 9780.88 9784.29 9788.34 9790.22 9791.45 9794.21 9796.33 9797.96 9799.43 9800.55 9801.93 9804.82 9805.74 9807.53 9809.6 9809.49 9812.82 9813.55 9814.48 9817.19 9826.78 9832.53 9837.82 9847.47 9850.82 9852.93 9855.65 9858.61 9861.78 9865.62 9870.46 9875.3
9715.89 9761.94 9769.16 9776.94 9823.35 9828.59 9824.66 9798.3 9772.1 9754.34 9749.29 9763.24 9796.69 9868.53 9785.19 9726.72 9705.1 9712.94 9734.51 9766.99 9806.39 9855.15 9906.08 9956.05 9952.27 9919.83 9884.7 9851.17 9817.15 9793.85 9795.5 9792.88 9789.28 9779.82 9780.55 9780.88 9784.13 9789.22 9788.45 9787.6 9791.39 9795.58 9797.28 9798.8 9799.69 9800.54 9801.55 9804.52 9806.92 9809.74 9812.8 9812.45 9813.34 9814.78 9818.26 9825.15 9830.48 9836.61 9841.7 9846.08 9850.19 9853.98 9857.65 9861.67 9865.56 9869.48 9873.38
9693.77 9702.6 9717.44 9729.44 9758.07 9793.71 9801.42 9792.96 9784.17 9779.67 9782.38 9797.98 9826.45 9845.09 9822.76 9776.3 9750.11 9745.2 9760.32 9781.25 9805.3 9825.8 9833.71 9833.32 9862.99 9865.28 9847.87 9821.91 9791.28 9773.77 9776.87 9779.55 9782.62 9779.7 9779.52 9779.3 9780.53 9783.81 9785.85 9787.52 9791.77 9796.4 9798.61 9799.43 9800.33 9801.36 9802.39 9803.9 9805.62 9807.37 9808.95 9811.19 9812.78 9815.31 9820.21 9829.62 9832.97 9836.2 9841.18 9843.76 9847.69 9851.96 9856.1 9860.73 9864.25 9867.58 9871.01
9679.37 9680.09 9685.68 9685.42 9707.62 9742.58 9758.59 9768.46 9774.81 9779.74 9787.22 9799.1 9811.46 9821.7 9808.07 9783.54 9760.92 9759.17 9766.44 9778.47 9790.95 9798.15 9795.32 9796.18 9814.65 9824.5 9818.13 9802.53 9783.28 9772.34 9772.38 9777.37 9779.02 9781.26 9779.45 9778.05 9776.62 9777.18 9785.15 9792.01 9796.28 9798.65 9801.11 9801.37 9801.46 9801.58 9802.55 9803.58 9804.64 9805.55 9807.09 9809.48 9812.4 9815.49 9820.85 9830.81 9831.79 9834.38 9837.95 9841.38 9845.85 9849.91 9853.82 9857.05 9861.28 9865 9868.25
9669.89 9675.65 9675.83 9673.01 9681.65 9696.46 9714.22 9735.63 9750.69 9761.39 9770.39 9776.97 9779.01 9770.35 9755.52 9746.53 9751.31 9755.16 9761.73 9769.77 9776.9 9780.86 9782.3 9786.66 9792.95 9799.12 9797.5 9789.7 9781.07 9774.04 9774.29 9775.2 9776.29 9777.38 9777.46 9777.71 9778.62 9780.68 9788.9 9796.63 9804.79 9804.49 9803.85 9802.83 9801.69 9800.8 9801.72 9803.51 9804.84 9805.87 9807.1 9809.1 9811.27 9814.73 9822.54 9827.34 9826.42 9829.69 9833.91 9839.92 9843.99 9847.66 9851.94 9856.51 9859.2 9862.05 9865.08
9671.55 9670.95 9669.13 9666.79 9670.6 9679.38 9693.54 9711.86 9725.99 9738.57 9745.84 9748.96 9749.05 9731.3 9719.03 9729.09 9740.41 9748.29 9755.64 9761.81 9766.96 9770.69 9773.13 9775.7 9780.63 9784.43 9783.4 9779.85 9775.24 9773.28 9772.8 9772.45 9773.28 9773.24 9774.94 9777.97 9781.62 9788.93 9792.91 9797.72 9804.25 9807.95 9805.22 9802.81 9801.57 9803.2 9802.74 9803.69 9805.73 9807.87 9808.74 9809.05 9809.95 9811.81 9817.68 9820.25 9822.66 9825.7 9830.45 9835.22 9840.19 9844.48 9848.55 9853.6 9856.11 9858.89 9861.66
9661.01 9666.73 9665.88 9664.34 9668.46 9676.88 9688.44 9700.52 9713.03 9723.53 9730.58 9732.11 9728.7 9722.92 9720.48 9727.82 9737.73 9747.03 9754.4 9759.94 9764.45 9767.23 9768.14 9769.8 9773.39 9775.88 9774.72 9773.24 9771.11 9770.85 9771.11 9771.17 9771.79 9773.02 9774.87 9778.52 9783.9 9787.32 9791.01 9794.31 9797.19 9805.18 9802.97 9800.74 9799.12 9797.54 9800.56 9803.21 9805.87 9808.69 9809 9808.87 9809.87 9811.01 9817.55 9818.01 9820.16 9823.87 9827.33 9832.48 9837.16 9841.15 9844.42 9847.45 9851.93 9855.47 9858.39
9661.49 9666.85 9666.29 9666.66 9671.62 9676.58 9681.52 9689.98 9700.36 9709.39 9717.5 9721.17 9722.23 9723.65 9726.48 9730.56 9737.05 9743.52 9749.85 9755.49 9760.33 9764.64 9768.94 9769.17 9768.78 9770.11 9768.67 9769 9768.1 9769.77 9770.2 9770.62 9771.48 9774.04 9776.05 9778.03 9781.35 9785.82 9789.54 9790.91 9792.34 9796.3 9797.82 9797.58 9796.92 9798.18 9799.79 9803.09 9805.88 9807.34 9808.22 9808.26 9808.62 9810.21 9817.38 9819.23 9820.6 9821.8 9823.71 9827.29 9833.82 9838.2 9841.77 9844.61 9849.19 9852.52 9855.16
9667.29 9669.92 9669.83 9672.43 9679.53 9676.99 9674.8 9683.88 9693.2 9701.97 9709.02 9714.18 9718.46 9723.91 9727.07 9733.28 9737.16 9742.67 9748.33 9754.22 9760.3 9764.53 9765.25 9768.18 9767.8 9767.75 9768.18 9768.21 9770.1 9770.06 9770.35 9770.58 9771.76 9774.41 9776.4 9777.44 9778.25 9781.44 9783.21 9787.25 9790.94 9790.07 9793.32 9795.25 9795.56 9795.88 9800.03 9803.84 9806.8 9807.52 9808.22 9807.36 9806.96 9807.96 9812.29 9814.67 9816.32 9817.62 9821 9824.53 9830.59 9836.47 9841.17 9844.81 9847.43 9850.16 9852.87
9667.06 9671.95 9676.99 9677.85 9676.9 9676.99 9677.99 9683.1 9690.23 9697.69 9704.77 9710.76 9717.53 9724.5 9728.9 9732.82 9737.32 9742.47 9748.28 9755.16 9761.26 9766.3 9770.34 9769.66 9769.23 9768.4 9768.04 9768.32 9770 9770.07 9770.45 9770.68 9771.33 9773.54 9775.25 9777.55 9779.39 9779.03 9780.32 9784.62 9787.73 9788.5 9791.26 9794.94 9798.12 9799.89 9801.69 9804.7 9808.46 9810.81 9808.77 9807.15 9805.49 9805.34 9811.27 9811.63 9814.26 9816.29 9820.9 9825.4 9830.72 9836.23 9840.41 9843.58 9845.83 9848.16 9850.83
9664.5 9669.23 9675.37 9678.44 9678.18 9678.5 9680.48 9684.13 9690.01 9696.82 9704.11 9711.37 9718.9 9726.12 9732.89 9736.46 9738.8 9743.31 9749.13 9755.47 9761.7 9767.76 9772.27 9771.38 9771.38 9770.14 9768.41 9768.21 9769.34 9769.85 9770.41 9770.81 9771.37 9772.51 9774.76 9776.91 9779.31 9779.67 9781.59 9783.92 9786.84 9787.59 9792.2 9795.02 9798.87 9801.86 9802.01 9804.02 9806.53 9808.77 9807.52 9806.17 9805.39 9806.26 9813.93 9813.57 9816.96 9821.1 9822.91 9825.77 9831.23 9836.65 9840.09 9842.18 9844.04 9846.25 9848.67
9668.27 9668.18 9671.2 9679.31 9680.16 9680.71 9681.53 9684.62 9690.68 9697.4 9704.6 9712.06 9720.15 9728.17 9735.65 9738.95 9739.77 9743.73 9748.78 9754.74 9761.16 9767.43 9771.83 9771.29 9771.48 9770.76 9769.93 9768.88 9769.06 9769.87 9770.37 9770.87 9771.28 9771.49 9770.23 9775.02 9778.23 9779.44 9780.22 9784.06 9788.38 9794.42 9795.14 9793.55 9793.04 9795.68 9799.29 9802.12 9803.92 9804.5 9805.04 9804.97 9806.06 9811.3 9820.18 9818.34 9819.35 9822.35 9824.63 9827.01 9833.56 9835.09 9835.47 9838.73 9841.57 9844.16 9846.47
9673.1 9674.45 9678.83 9684.38 9686.05 9686.42 9685.38 9687.44 9692.31 9698.15 9704.95 9712.4 9720.21 9728.17 9735.48 9739.22 9739.37 9742.77 9747.74 9753.71 9759.77 9764.97 9768.7 9770.46 9770.62 9770.39 9770.68 9771.81 9771.24 9770.24 9770.07 9770.44 9771.26 9772.46 9775.48 9776.73 9778.82 9780.45 9782.06 9785.16 9789.43 9794.11 9792.33 9790.46 9789.58 9792.04 9796.41 9800.43 9803.76 9804.22 9802.9 9802.44 9803.5 9810.01 9814.86 9815.23 9818.95 9823.72 9825.45 9826.27 9828.07 9830.09 9832.7 9836.01 9839.33 9842.13 9844.76
9679.99 9681.01 9687.22 9691.03 9690.11 9689.69 9689.44 9691.89 9693.28 9698.43 9705.05 9711.97 9719.43 9726.8 9732.93 9737.17 9737.52 9740.86 9746.19 9752.21 9758.11 9763.21 9766.69 9768.44 9768.97 9769.35 9769.42 9770.91 9770.65 9769.82 9769.46 9769.57 9770.54 9772.43 9775.99 9782.48 9781.77 9781.99 9784.07 9785.24 9786.68 9786.03 9785.91 9787.54 9788.05 9790.53 9794.46 9798.43 9801.74 9801.73 9799.71 9798.47 9798.76 9804.93 9808.19 9809.9 9815.92 9822.45 9823.8 9823.38 9823.33 9826.54 9831.03 9834.53 9837.62 9840.22 9842.88
9674.3 9674.04 9682.18 9687.91 9688.17 9686.6 9686.25 9685.67 9691.57 9697.75 9704.01 9710.81 9717.84 9724.5 9730.61 9734.72 9734.22 9738.25 9744.26 9750.25 9756.26 9762.06 9764.96 9766.03 9766.68 9767.48 9767.7 9768.22 9768.84 9768.76 9768.23 9768.17 9768.67 9770.17 9773.35 9777.62 9779.5 9781.98 9782.19 9783.97 9785.83 9783.88 9785.17 9786.39 9787.47 9789.09 9792.23 9796.33 9799.71 9798.41 9795.69 9793.82 9793.05 9798.31 9803.74 9806.48 9811.28 9816.71 9819.61 9820.34 9821.1 9824.12 9830.93 9833.58 9836.37 9839.13 9841.68
9666.76 9667.73 9677.2 9685.1 9686.65 9686.54 9685.44 9686.58 9691.46 9697.37 9703.41 9709.63 9715.82 9721.68 9726.21 9727.25 9731.01 9736.84 9742.88 9748.01 9753.19 9758.83 9761.38 9763.02 9764.09 9765.37 9766.65 9767.07 9767.32 9767.02 9766.65 9766.31 9766.23 9766.19 9765.43 9765.09 9775.8 9784.47 9789.75 9792.67 9790.63 9784.08 9785.42 9785.03 9785.23 9786.55 9789.04 9792.19 9794.85 9793.67 9791.11 9788.74 9788.65 9798.95 9799.35 9801.78 9806.04 9809.96 9813.33 9817.66 9819.5 9821.94 9827.73 9831.5 9835.16 9838.84 9841.9
