real_craters/C130-750m.grd
DSAA
109 109
-40.6175 40.6175
-40.6175 40.6175
8785.4310750876 10154.989508136
[rows 0 to 37 of 109, columns 0 to 83 of 109]
9680 9685 9687 9689 9688 9681 9680 9683 9692 9692 9693 9697 9702 9706 9703 9705 9706 9662 9560 9735 9702 9710 9716 9717 9715 9714 9713 9713 9710 9721 9728 9726 9726 9726 9726 9728 9738 9736 9735 9739 9743 9740 9743 9746 9751 9752 9757 9763 9772 9773 9773 9775 9781 9787 9791 9786 9779 9772 9775 9787 9800 9801 9799 9798 9798 9797 9798 9800 9801 9803 9808 9815 9823 9832 9838 9843 9850 9859 9866 9873 9875 9877 9882 9887
9679 9684 9687 9687 9686 9686 9681 9681 9690 9690 9688 9692 9695 9695 9695 9697 9694 9680 9712 9709 9699 9706 9710 9711 9711 9710 9708 9709 9711 9713 9722 9724 9725 9725 9727 9730 9737 9733 9740 9740 9745 9743 9743 9747 9750 9751 9757 9764 9769 9771 9772 9773 9774 9777 9781 9771 9759 9762 9770 9786 9802 9805 9806 9805 9802 9800 9800 9802 9807 9810 9813 9817 9824 9832 9837 9843 9853 9861 9868 9874 9877 9877 9883 9888
9680 9684 9685 9685 9684 9683 9679 9674 9672 9680 9682 9690 9691 9690 9689 9688 9687 9686 9692 9695 9694 9693 9699 9702 9703 9702 9702 9705 9709 9713 9719 9722 9724 9726 9727 9731 9733 9733 9738 9738 9744 9741 9744 9746 9750 9752 9754 9768 9769 9768 9770 9772 9768 9764 9763 9760 9759 9763 9769 9788 9803 9807 9806 9806 9806 9805 9803 9802 9805 9813 9813 9817 9821 9828 9838 9849 9854 9861 9870 9877 9879 9881 9885 9889
9682 9682 9682 9680 9679 9678 9675 9674 9669 9671 9678 9683 9684 9683 9683 9679 9677 9683 9686 9685 9688 9689 9692 9696 9697 9697 9699 9703 9707 9717 9716 9721 9724 9726 9728 9729 9732 9735 9738 9743 9742 9743 9744 9744 9745 9746 9750 9770 9781 9764 9767 9768 9761 9751 9747 9772 9780 9781 9786 9796 9804 9807 9808 9809 9808 9806 9803 9800 9796 9798 9810 9818 9823 9837 9840 9843 9849 9858 9869 9876 9880 9885 9888 9891
9680 9677 9674 9675 9675 9675 9675 9673 9668 9667 9670 9674 9679 9678 9678 9678 9678 9682 9685 9686 9687 9690 9693 9695 9696 9698 9702 9705 9709 9718 9721 9723 9725 9729 9731 9732 9734 9740 9741 9744 9743 9744 9744 9744 9744 9745 9748 9759 9766 9766 9766 9766 9757 9747 9751 9783 9797 9795 9800 9804 9806 9808 9809 9809 9811 9808 9806 9801 9796 9798 9812 9823 9835 9843 9843 9841 9846 9855 9863 9872 9879 9885 9888 9892
9673 9673 9669 9672 9671 9669 9664 9665 9665 9663 9664 9668 9670 9674 9675 9678 9680 9683 9685 9686 9689 9693 9694 9696 9696 9700 9703 9708 9711 9717 9722 9723 9727 9730 9734 9738 9743 9747 9742 9749 9744 9744 9743 9742 9743 9742 9743 9754 9764 9766 9766 9763 9755 9749 9752 9766 9785 9796 9802 9808 9809 9809 9808 9812 9815 9813 9810 9807 9806 9810 9820 9830 9838 9845 9847 9844 9848 9857 9866 9873 9880 9886 9892 9892
9669 9670 9663 9668 9666 9664 9659 9658 9659 9661 9661 9666 9669 9672 9676 9678 9681 9684 9686 9687 9693 9696 9697 9699 9701 9704 9707 9711 9710 9719 9719 9723 9727 9731 9737 9746 9752 9747 9743 9741 9742 9738 9737 9738 9741 9741 9740 9753 9761 9763 9764 9761 9752 9746 9750 9761 9780 9796 9808 9811 9811 9810 9812 9817 9819 9817 9816 9816 9816 9821 9828 9837 9845 9850 9850 9849 9850 9859 9872 9877 9880 9884 9886 9892
9667 9666 9663 9664 9663 9662 9660 9656 9660 9659 9659 9666 9666 9672 9677 9680 9684 9687 9688 9691 9699 9701 9700 9701 9703 9705 9705 9705 9708 9714 9728 9727 9728 9730 9733 9739 9747 9752 9733 9731 9721 9726 9730 9734 9738 9737 9741 9752 9757 9756 9757 9755 9748 9742 9751 9766 9783 9796 9807 9811 9812 9812 9814 9817 9820 9820 9821 9824 9829 9831 9836 9842 9851 9850 9848 9847 9851 9859 9872 9875 9880 9884 9890 9892
9667 9664 9661 9662 9662 9660 9660 9657 9657 9657 9658 9662 9670 9673 9676 9684 9690 9693 9693 9697 9701 9700 9701 9702 9703 9705 9709 9708 9708 9721 9731 9726 9725 9724 9724 9724 9719 9710 9708 9723 9712 9714 9720 9728 9739 9752 9736 9746 9751 9746 9737 9740 9744 9750 9763 9782 9789 9797 9804 9809 9811 9812 9815 9819 9821 9822 9824 9827 9831 9834 9838 9843 9846 9847 9847 9849 9850 9858 9866 9872 9878 9884 9890 9892
9659 9660 9661 9661 9659 9658 9659 9655 9655 9655 9658 9661 9667 9674 9682 9693 9696 9698 9699 9694 9698 9698 9701 9703 9706 9709 9712 9721 9718 9746 9737 9726 9722 9718 9713 9710 9704 9699 9701 9728 9706 9707 9710 9715 9722 9727 9731 9746 9745 9738 9732 9736 9744 9753 9769 9782 9791 9797 9802 9807 9810 9814 9816 9818 9820 9822 9824 9827 9830 9834 9837 9841 9845 9846 9848 9850 9856 9860 9862 9870 9876 9882 9887 9891
9652 9653 9653 9653 9653 9655 9655 9651 9651 9652 9655 9660 9666 9675 9683 9693 9698 9701 9705 9694 9695 9701 9703 9706 9709 9715 9731 9732 9731 9735 9733 9727 9716 9708 9700 9690 9674 9684 9701 9707 9701 9700 9700 9700 9703 9717 9734 9741 9739 9732 9729 9736 9749 9763 9778 9790 9793 9797 9799 9802 9809 9815 9819 9820 9819 9822 9824 9826 9829 9832 9835 9837 9840 9843 9846 9852 9863 9863 9865 9869 9875 9881 9886 9890
9651 9649 9646 9645 9649 9651 9651 9649 9650 9650 9653 9659 9663 9675 9686 9690 9695 9700 9697 9700 9704 9704 9706 9709 9712 9718 9728 9721 9715 9709 9719 9715 9706 9695 9686 9679 9672 9678 9686 9681 9687 9690 9690 9690 9692 9709 9731 9738 9734 9727 9724 9738 9756 9772 9779 9787 9794 9797 9799 9801 9810 9817 9821 9822 9820 9822 9823 9825 9827 9830 9832 9834 9836 9839 9841 9852 9857 9861 9864 9869 9875 9880 9884 9884
9644 9644 9644 9645 9646 9648 9649 9649 9651 9654 9655 9656 9665 9676 9685 9689 9687 9696 9710 9703 9704 9706 9710 9713 9716 9716 9719 9719 9717 9715 9708 9701 9691 9681 9673 9666 9673 9678 9682 9681 9684 9685 9683 9682 9684 9703 9723 9732 9728 9723 9726 9739 9760 9780 9787 9793 9797 9800 9802 9806 9812 9818 9822 9822 9821 9821 9823 9824 9826 9828 9831 9833 9834 9836 9843 9851 9861 9862 9865 9868 9874 9880 9887 9891
9638 9640 9642 9643 9645 9647 9648 9648 9650 9652 9654 9662 9672 9680 9688 9691 9683 9673 9677 9699 9710 9709 9713 9715 9720 9727 9721 9722 9722 9716 9701 9689 9675 9668 9663 9662 9670 9690 9709 9695 9688 9684 9681 9680 9684 9700 9717 9724 9723 9721 9723 9737 9755 9777 9790 9797 9799 9801 9804 9807 9813 9817 9819 9818 9818 9820 9822 9824 9826 9827 9829 9830 9829 9827 9826 9838 9856 9852 9861 9865 9871 9878 9887 9897
9639 9640 9642 9644 9646 9647 9648 9648 9651 9654 9658 9673 9687 9695 9694 9694 9699 9667 9667 9700 9717 9714 9712 9714 9720 9726 9724 9724 9725 9716 9690 9659 9655 9657 9658 9659 9668 9702 9575 9729 9684 9683 9681 9679 9682 9694 9712 9717 9717 9721 9727 9734 9742 9762 9789 9797 9799 9801 9804 9808 9811 9814 9816 9813 9813 9816 9820 9824 9826 9828 9828 9830 9825 9819 9812 9818 9831 9834 9850 9859 9867 9876 9886 9899
9639 9641 9643 9643 9646 9648 9648 9648 9648 9646 9664 9666 9686 9711 9722 9738 9750 9722 9708 9698 9693 9701 9702 9708 9716 9722 9723 9724 9724 9713 9684 9658 9649 9652 9656 9661 9663 9682 9706 9689 9681 9683 9681 9680 9680 9685 9688 9698 9710 9724 9730 9731 9737 9759 9788 9793 9796 9799 9801 9805 9808 9810 9817 9806 9804 9809 9815 9823 9826 9829 9827 9821 9821 9816 9808 9806 9809 9824 9841 9854 9866 9874 9880 9904
9641 9643 9645 9646 9648 9649 9651 9653 9647 9671 9677 9659 9660 9685 9784 9741 9695 9802 9744 9703 9673 9674 9684 9696 9709 9720 9726 9725 9725 9707 9683 9660 9651 9651 9654 9655 9655 9672 9679 9678 9681 9680 9680 9681 9681 9680 9678 9689 9710 9724 9729 9729 9733 9746 9767 9781 9790 9795 9798 9799 9801 9803 9798 9800 9797 9801 9803 9811 9821 9833 9839 9833 9831 9823 9813 9806 9807 9818 9835 9853 9866 9878 9888 9900
9645 9648 9649 9650 9649 9649 9650 9649 9661 9654 9656 9648 9598 9555 9508 9427 9399 9446 9576 9706 9693 9663 9675 9687 9701 9715 9723 9726 9716 9698 9676 9660 9651 9650 9653 9655 9655 9667 9674 9671 9674 9676 9679 9680 9681 9680 9684 9704 9718 9723 9727 9729 9731 9738 9750 9771 9784 9791 9794 9792 9793 9802 9801 9810 9813 9801 9794 9792 9816 9839 9862 9871 9850 9833 9820 9812 9811 9818 9840 9856 9870 9883 9895 9900
9648 9653 9653 9651 9649 9650 9648 9651 9666 9650 9638 9618 9511 9377 9260 9144 9101 9161 9352 9545 9681 9680 9676 9679 9693 9708 9719 9722 9705 9679 9664 9653 9649 9650 9652 9652 9656 9663 9662 9668 9667 9673 9676 9682 9683 9681 9684 9713 9720 9719 9727 9733 9738 9745 9755 9767 9778 9789 9800 9799 9800 9824 9836 9849 9843 9810 9805 9806 9819 9841 9866 9876 9857 9839 9824 9812 9821 9837 9851 9862 9873 9885 9897 9895
9650 9653 9660 9670 9677 9655 9647 9660 9649 9635 9648 9623 9436 9221 9051 9008 8983 9017 9187 9385 9643 9694 9680 9681 9689 9696 9699 9691 9660 9656 9651 9647 9646 9647 9652 9655 9657 9661 9659 9665 9665 9668 9671 9674 9681 9688 9696 9716 9720 9723 9731 9740 9750 9757 9763 9769 9782 9799 9815 9831 9847 9858 9890 9910 9893 9860 9830 9812 9822 9836 9851 9856 9849 9838 9830 9832 9829 9843 9858 9865 9873 9883 9890 9886
9652 9656 9661 9670 9663 9656 9655 9662 9655 9634 9649 9601 9381 9145 9000 8998 9013 9012 9111 9291 9607 9719 9677 9672 9668 9681 9674 9639 9639 9642 9643 9642 9639 9643 9644 9649 9657 9665 9664 9663 9664 9667 9670 9672 9686 9702 9718 9715 9725 9732 9739 9746 9753 9760 9770 9781 9787 9806 9827 9860 9890 9860 9839 9844 9925 9941 9887 9834 9828 9835 9842 9843 9840 9832 9828 9828 9829 9855 9859 9861 9864 9871 9877 9874
9653 9654 9658 9661 9660 9658 9652 9656 9633 9624 9645 9566 9356 9119 8996 9001 9013 8996 9078 9259 9586 9733 9669 9652 9648 9637 9635 9629 9632 9636 9639 9641 9641 9644 9640 9642 9654 9661 9656 9666 9664 9665 9668 9676 9693 9714 9731 9731 9731 9737 9745 9754 9757 9754 9768 9778 9794 9809 9825 9852 9910 9788 9665 9625 9756 1.001e+004 9924 9845 9837 9837 9838 9836 9832 9828 9823 9818 9824 9843 9852 9852 9852 9852 9859 9868
9655 9656 9658 9659 9658 9660 9656 9662 9649 9624 9622 9544 9377 9185 9069 9016 8953 8990 9104 9287 9558 9713 9668 9647 9639 9633 9639 9636 9629 9633 9638 9643 9653 9650 9640 9639 9651 9651 9652 9657 9660 9668 9677 9688 9704 9718 9733 9736 9736 9741 9748 9756 9758 9756 9771 9791 9812 9827 9823 9791 9711 9636 9560 9521 9590 9861 9936 9869 9852 9844 9838 9831 9826 9822 9819 9813 9810 9832 9841 9840 9838 9835 9845 9865
9657 9659 9659 9660 9660 9664 9659 9659 9664 9637 9618 9561 9447 9290 9212 9130 9026 9104 9218 9369 9571 9694 9658 9645 9637 9635 9634 9634 9636 9635 9638 9640 9641 9649 9665 9646 9648 9646 9648 9653 9670 9690 9705 9707 9716 9724 9730 9738 9741 9744 9751 9754 9756 9758 9777 9800 9819 9829 9817 9769 9673 9595 9520 9461 9560 9829 9970 9899 9869 9851 9842 9830 9823 9821 9818 9826 9835 9843 9836 9837 9836 9831 9842 9863
9658 9660 9661 9661 9662 9659 9657 9657 9661 9660 9643 9606 9568 9517 9434 9357 9267 9354 9488 9558 9619 9654 9665 9647 9635 9629 9629 9631 9632 9636 9639 9639 9634 9641 9653 9655 9653 9651 9657 9668 9686 9703 9708 9718 9731 9742 9739 9744 9743 9747 9761 9777 9765 9760 9781 9799 9816 9826 9827 9812 9772 9712 9605 9469 9666 9977 9958 9907 9876 9854 9838 9829 9824 9822 9827 9837 9849 9873 9840 9838 9846 9854 9855 9863
9659 9660 9661 9660 9660 9667 9658 9658 9655 9650 9628 9629 9642 9678 9612 9594 9684 9649 9690 9692 9663 9657 9659 9642 9628 9620 9627 9632 9636 9643 9648 9648 9647 9652 9667 9669 9666 9670 9678 9688 9699 9707 9721 9729 9744 9754 9751 9751 9752 9752 9771 9781 9788 9783 9792 9813 9827 9843 9857 9880 9928 9941 9814 9783 9863 9947 9918 9888 9865 9850 9839 9831 9826 9826 9828 9822 9817 9827 9822 9839 9859 9873 9862 9850
9657 9658 9657 9658 9659 9659 9659 9661 9656 9644 9611 9624 9634 9631 9645 9662 9678 9683 9677 9676 9664 9653 9644 9631 9618 9612 9625 9652 9661 9663 9661 9662 9667 9675 9678 9688 9691 9695 9700 9708 9715 9724 9727 9737 9749 9753 9752 9755 9757 9756 9784 9813 9831 9830 9816 9813 9821 9839 9858 9899 9949 9968 9941 9988 9967 9891 9852 9858 9856 9847 9839 9833 9832 9832 9828 9825 9822 9825 9831 9850 9866 9878 9857 9837
9656 9657 9658 9657 9656 9656 9660 9661 9659 9658 9637 9636 9632 9625 9633 9637 9638 9663 9674 9648 9637 9623 9616 9626 9613 9615 9646 9672 9678 9672 9674 9676 9678 9679 9686 9707 9721 9715 9727 9729 9728 9730 9733 9741 9747 9753 9751 9753 9756 9764 9809 9835 9840 9841 9833 9825 9823 9830 9843 9882 9902 9905 9927 9952 9931 9862 9835 9852 9851 9846 9838 9836 9834 9830 9829 9827 9826 9834 9858 9864 9861 9860 9843 9828
9655 9655 9655 9657 9657 9661 9659 9666 9659 9655 9655 9649 9646 9632 9613 9621 9633 9622 9604 9615 9617 9615 9637 9638 9624 9625 9657 9703 9696 9686 9690 9692 9692 9692 9696 9717 9727 9727 9735 9738 9738 9740 9739 9743 9744 9744 9750 9757 9782 9815 9846 9866 9854 9849 9842 9837 9836 9838 9846 9852 9853 9853 9876 9888 9883 9890 9890 9863 9849 9848 9841 9834 9831 9830 9831 9829 9829 9838 9843 9843 9846 9843 9832 9825
9654 9654 9655 9656 9662 9655 9656 9655 9654 9653 9654 9654 9641 9618 9586 9605 9617 9591 9588 9600 9608 9614 9631 9639 9632 9641 9661 9680 9695 9707 9704 9707 9710 9700 9710 9728 9738 9736 9739 9740 9742 9743 9741 9742 9747 9745 9755 9772 9808 9845 9862 9867 9851 9852 9848 9846 9841 9841 9841 9837 9832 9828 9836 9847 9853 9862 9881 9859 9839 9820 9823 9827 9830 9833 9837 9842 9842 9837 9825 9825 9831 9830 9823 9818
9652 9653 9653 9653 9653 9657 9655 9655 9657 9654 9656 9655 9617 9595 9590 9590 9596 9602 9595 9603 9610 9617 9624 9639 9646 9644 9661 9674 9686 9698 9709 9720 9734 9752 9742 9752 9760 9760 9747 9741 9742 9741 9750 9762 9759 9749 9768 9789 9817 9848 9846 9854 9871 9853 9845 9842 9838 9836 9832 9824 9816 9808 9810 9819 9827 9839 9844 9848 9832 9811 9818 9827 9834 9836 9839 9841 9841 9837 9830 9824 9819 9818 9818 9817
9652 9652 9652 9651 9650 9654 9655 9656 9655 9657 9656 9651 9603 9586 9592 9596 9599 9604 9623 9617 9617 9624 9636 9659 9685 9656 9655 9669 9678 9687 9711 9728 9743 9757 9759 9773 9772 9770 9753 9748 9747 9744 9743 9745 9759 9757 9785 9817 9826 9828 9824 9823 9823 9835 9835 9833 9830 9826 9821 9814 9806 9799 9798 9804 9809 9833 9843 9846 9839 9834 9831 9835 9839 9841 9841 9837 9839 9836 9835 9823 9818 9816 9817 9824
9651 9651 9651 9651 9652 9655 9653 9652 9657 9655 9652 9641 9604 9583 9585 9615 9614 9615 9619 9620 9623 9628 9634 9644 9655 9653 9665 9674 9688 9718 9730 9733 9736 9733 9744 9755 9752 9748 9746 9744 9757 9751 9747 9743 9741 9760 9793 9828 9825 9816 9814 9812 9815 9819 9821 9822 9820 9818 9814 9808 9802 9797 9797 9802 9812 9811 9824 9837 9844 9848 9843 9843 9846 9849 9851 9846 9847 9846 9826 9823 9817 9815 9813 9815
9649 9650 9651 9650 9650 9651 9653 9656 9656 9652 9645 9623 9595 9579 9582 9592 9602 9601 9607 9617 9625 9632 9638 9647 9659 9665 9669 9689 9713 9730 9735 9732 9733 9740 9739 9738 9738 9737 9738 9739 9755 9758 9763 9750 9745 9764 9793 9814 9814 9810 9806 9810 9813 9812 9812 9812 9813 9812 9809 9807 9803 9801 9801 9807 9820 9822 9827 9840 9846 9846 9849 9850 9851 9853 9857 9863 9848 9830 9818 9811 9821 9815 9812 9813
9647 9648 9650 9650 9648 9651 9652 9656 9652 9646 9638 9606 9570 9571 9579 9589 9594 9596 9604 9615 9627 9636 9643 9647 9659 9663 9678 9696 9711 9719 9723 9729 9733 9736 9735 9740 9741 9736 9734 9736 9747 9749 9758 9760 9758 9777 9801 9813 9812 9807 9801 9802 9803 9803 9808 9810 9812 9812 9810 9808 9805 9804 9803 9808 9812 9817 9830 9850 9854 9854 9854 9854 9853 9853 9850 9849 9845 9832 9820 9813 9813 9814 9812 9812
9646 9647 9647 9647 9652 9651 9653 9652 9646 9621 9580 9576 9568 9566 9574 9589 9594 9592 9601 9613 9628 9643 9656 9665 9675 9672 9685 9702 9715 9716 9715 9726 9733 9737 9731 9736 9733 9732 9732 9733 9743 9747 9762 9776 9786 9799 9815 9819 9810 9798 9803 9791 9792 9799 9808 9812 9816 9817 9818 9815 9812 9809 9811 9811 9812 9817 9825 9850 9852 9853 9855 9855 9852 9851 9849 9849 9854 9850 9841 9822 9825 9824 9810 9809
9645 9645 9646 9645 9646 9649 9647 9648 9637 9606 9570 9562 9558 9563 9572 9593 9598 9590 9599 9615 9633 9653 9674 9689 9679 9689 9695 9710 9727 9727 9726 9728 9728 9726 9727 9734 9731 9731 9732 9734 9744 9753 9765 9785 9808 9818 9832 9834 9811 9786 9788 9783 9793 9805 9815 9820 9824 9825 9825 9823 9821 9814 9813 9815 9817 9819 9826 9847 9853 9854 9855 9852 9853 9854 9855 9859 9869 9891 9880 9870 9864 9847 9837 9833
9643 9643 9646 9648 9647 9648 9643 9632 9624 9601 9582 9572 9560 9566 9571 9594 9603 9595 9606 9617 9637 9658 9682 9705 9687 9691 9702 9711 9722 9729 9738 9731 9723 9720 9719 9734 9731 9734 9737 9740 9754 9788 9793 9805 9823 9825 9831 9833 9822 9807 9799 9801 9812 9825 9836 9839 9840 9839 9838 9834 9831 9825 9824 9829 9836 9834 9836 9853 9861 9857 9852 9851 9851 9853 9860 9863 9870 9873 9869 9859 9861 9859 9867 9858
