real_craters/C130-500m.grd
DSAA
163 163
-40.6175 40.6175
-40.6175 40.6175
8779.2651150085 10122.836543344
[rows 60 to 89 of 163, columns 67 to 133 of 163]
9859.14 9877.62 9880.64 9878.56 9880.62 9898.63 9944.81 9973.98 9958.11 9949.56 9830.59 9762.26 9723.09 9708.79 9701.42 9726.56 9739.75 9755.21 9767.36 9779.85 9792.44 9801.22 9815.5 9829.32 9842.64 9873.98 9872 9871.46 9869.53 9868.13 9859.28 9852.3 9854.95 9858.3 9856.15 9850.35 9848.59 9846.59 9844.24 9840.21 9836.84 9834.23 9830.36 9825.84 9822.82 9828.48 9834.82 9839.04 9841.88 9843.3 9841.08 9841.39 9840.65 9841.69 9842.94 9846.71 9846.06 9833.3 9824.34 9818.42 9816.48 9822.87 9817.61 9820.43 9830.01 9839.09 9847.56
9876.47 9904.25 9907.78 9878.87 9847.33 9837.22 9872.26 9861.85 9801.94 9776.88 9693.35 9671.28 9682.07 9666.48 9668.56 9679.1 9688.78 9687.51 9703.16 9701.31 9722.92 9745.36 9769.36 9794.61 9827.47 9876.89 9878.97 9876.03 9873.34 9867.05 9864.86 9858.02 9855.13 9854.46 9849.71 9844.68 9845.23 9844.6 9842.43 9838.64 9835 9831.74 9828.41 9826.91 9825.59 9827.5 9830.52 9833.48 9835.94 9837.58 9838.52 9839.04 9840.82 9843.85 9840.67 9837.62 9834.68 9827.54 9821.28 9816.25 9814.22 9815.81 9816.21 9823.75 9832.78 9841.27 9848.68
9879.82 9923.15 9932.06 9847.49 9761.95 9694.32 9635.04 9563 9496.2 9476.17 9496.1 9533.47 9574.01 9590.86 9606.22 9614.55 9617.31 9635.13 9642.13 9664.98 9689.56 9718.38 9747.48 9778.39 9812.41 9874.64 9888.71 9895.6 9899.97 9894.14 9883.12 9863.57 9858.42 9857.33 9855.17 9847.25 9844.48 9841.51 9838.1 9835.2 9831.5 9828.57 9827.16 9827.47 9825.96 9826.45 9827.53 9829.35 9831.51 9834.53 9840.01 9844.33 9842.62 9839.67 9832.91 9822.66 9819.11 9819.43 9817.61 9815.6 9814.02 9818.12 9822.22 9831.64 9838.78 9844.68 9849.8
9880.62 9883.1 9873.44 9752.55 9648.1 9543.47 9425.21 9362.22 9296.8 9251.35 9338.64 9410.41 9473.97 9501.46 9524.82 9540.92 9564.7 9585.37 9607.81 9626.18 9660.36 9690.6 9722.18 9756.85 9797.71 9833.66 9900.48 9928.55 9950.04 9943.35 9914.3 9884.78 9868.53 9866 9864.92 9853.98 9843.88 9840.35 9837.59 9834.4 9830.18 9827.47 9826.01 9825.39 9823.66 9824.03 9824.11 9824.92 9826.37 9828.46 9831.95 9832.84 9829.02 9825.06 9820.51 9812.7 9811.18 9813.87 9816.16 9818.61 9826.79 9828.91 9835.87 9844.07 9845.97 9848.3 9851.31
9886.69 9735.65 9636.07 9590.73 9529.14 9449.93 9337.76 9343.17 9346.67 9275.48 9316.37 9358.99 9420 9441.23 9468.12 9497.45 9526.79 9549.54 9575.92 9608.12 9634.22 9662.93 9698.13 9736.14 9780.97 9819.45 9905.33 9961.18 10033.4 9998.13 9940.04 9892.28 9874.29 9876.67 9876.48 9858.47 9844.59 9840.47 9836.48 9832.88 9830.76 9826.63 9823.2 9820.73 9819.76 9821.11 9821.31 9821.44 9820.49 9819.21 9816.13 9813.93 9813.36 9811.43 9807.68 9802.9 9806.24 9811.99 9817.49 9822.28 9830.6 9842.39 9844.64 9848.11 9848.63 9850.55 9853.33
9679.93 9521.82 9435.7 9436.19 9432.55 9427.77 9461.73 9427.23 9486.87 9465.05 9382.27 9321.47 9352.93 9387.46 9418.39 9448.32 9483.63 9530.75 9552.49 9576.63 9607.94 9640.44 9675.2 9716.49 9753.35 9790.21 9867.17 9907.7 9998.31 9981.14 9935.75 9906.76 9898.69 9892.84 9880.76 9856.9 9841.65 9836.9 9833.52 9830.19 9826.95 9823.47 9819.87 9816.54 9816.27 9817.98 9818.12 9817.1 9814.88 9811.22 9804.7 9800.57 9801.91 9800.56 9800.84 9799.96 9806.51 9813.49 9820.64 9830.05 9841.89 9843.53 9843.93 9844.08 9847.5 9851.72 9855.72
9425.23 9319.61 9292.1 9319.57 9344.88 9370.02 9392.18 9396.38 9420.05 9382.11 9310.49 9251.22 9284.39 9304.83 9332.27 9360.4 9394.73 9427.99 9473.26 9507.53 9548.64 9587.62 9624.88 9668.71 9697.3 9734.45 9794.06 9793.64 9813.14 9867.31 9896.17 9924.24 9940.59 9918.98 9879.01 9851.41 9840.95 9836.24 9833.89 9830.46 9828.19 9823.77 9819.59 9816.83 9814.27 9815.95 9815.1 9814.82 9812.17 9808.48 9802.78 9797.93 9800.67 9803 9803.71 9807.69 9810.96 9816.57 9823.94 9832.83 9841 9840.91 9842.4 9843.31 9847.32 9853.14 9858.22
9256.49 9198.18 9208.21 9237.36 9263.47 9285.29 9291.69 9281.4 9233.39 9172.26 9148.35 9147.51 9206.04 9209.5 9232.99 9255.68 9291.76 9328.57 9373.7 9414.52 9441.77 9481.68 9522.8 9565.19 9606.81 9665.24 9698.03 9692.47 9709.55 9777.9 9843.29 9904.77 9962.85 9951.15 9921.08 9871.06 9853.73 9849.33 9844.12 9838.97 9833.8 9827.42 9818.76 9814.61 9812.54 9810.14 9815.12 9814.16 9812.08 9809.6 9807.52 9805.69 9805.34 9809.94 9810.66 9814.73 9815.32 9818.92 9824.67 9832.44 9841.41 9842.13 9842.53 9844.86 9849.67 9855.46 9860.5
9150.69 9175.09 9181.37 9189.91 9205.2 9221 9224.35 9190 9108.22 9065.97 9068.77 9089.53 9152.77 9174.58 9195.7 9212.12 9239.93 9269.76 9291.94 9324.8 9360.07 9401.53 9440.97 9484.68 9540.46 9597.76 9641.54 9657.98 9667.63 9747.86 9799.13 9832.26 9867.04 9960.46 9990.91 9928.48 9880.59 9871.7 9860.67 9851.65 9841.45 9829.2 9819.09 9813.31 9810.55 9807.8 9815.63 9814.54 9813.53 9811.73 9810.74 9805.94 9810.26 9813.72 9812.69 9813.32 9814.12 9816.57 9820.89 9829.01 9831.24 9833.89 9842.78 9849.53 9855.27 9858.99 9862.79
9103.7 9139.03 9150.2 9156.73 9162.22 9165.29 9173.02 9176.86 9131.39 9075.01 9059.94 9070.61 9112.23 9136.38 9166.27 9195.05 9223.76 9241.75 9271.11 9300.3 9331.86 9358.89 9396.07 9433.56 9482.38 9541.43 9612.59 9678.94 9751.02 9772.48 9779.77 9768.09 9781.21 9930.21 10016.7 9989.28 9917.56 9902.43 9885.73 9867.55 9851.83 9834.67 9822.98 9815 9807.91 9803.59 9815.19 9814.42 9814.61 9814.28 9813.22 9814.46 9819.24 9818.56 9813.49 9811.1 9810.73 9812.29 9815.74 9820.77 9831.45 9839.63 9846.67 9853.56 9859.05 9861.79 9864.66
9070.41 9090.75 9113.61 9128.16 9132.91 9133.52 9145.1 9173.11 9180.82 9111.84 9088.16 9048.8 9077 9096.47 9118.98 9149.25 9172.95 9205 9230.08 9252.16 9266.65 9286.38 9317.46 9353.84 9405.38 9470.9 9556.3 9676.58 9782.24 9822.44 9782.88 9728.45 9713.98 9902.31 10005.9 10005.3 9968.32 9941.49 9913.38 9884.98 9861.86 9838.89 9826.19 9814.99 9803.81 9799.35 9801.05 9814.64 9816.14 9817.96 9819.75 9828.92 9834.94 9836.57 9831.18 9814.26 9811.2 9813.41 9816.56 9829.66 9848.6 9849.81 9852.05 9856.13 9859.86 9863.04 9865.75
9066.4 9086.31 9097.73 9112.58 9114.53 9102.21 9114.5 9109.24 9088.85 9055.5 9025.43 9013.14 9032.88 9037.72 9048.06 9060.94 9086.37 9101.17 9133.18 9154.75 9180.38 9205.84 9234.97 9270.79 9315.67 9376.6 9465.21 9606.4 9806.25 9860.69 9776.88 9701.27 9670.65 9807.44 9951.26 10018.9 10009.9 9979.15 9941.61 9903.71 9869.65 9840.19 9821.08 9808.3 9799.3 9795.76 9811.92 9813.84 9817.02 9823 9830 9840.01 9847.08 9854.95 9850.08 9813.58 9814.83 9818.67 9825.11 9843.29 9851.76 9852.54 9854.29 9857.25 9860.89 9863.17 9865.39
9068.9 9070.15 9093.27 9113.02 9122.14 9110.98 9118.18 9105.88 9079.93 9048.96 9006.24 8985.37 9002.7 8990.28 8997.14 9010.51 9031.71 9044.25 9067.71 9084.37 9103.93 9129.74 9149.77 9179.97 9211.4 9265.06 9333.18 9431.68 9634.04 9754.22 9729.14 9673.6 9644.67 9724.29 9911.93 10052.2 10045.2 10012.5 9969.9 9925.87 9880.14 9836.88 9815.44 9796.46 9787.65 9785.75 9788.92 9812.32 9817.43 9825.42 9836.95 9841.56 9848.25 9854.2 9849.48 9828.11 9823.49 9825.92 9833.37 9846.8 9849.88 9850.92 9853.25 9856.2 9859.04 9861.25 9863.37
9064.09 9075.46 9098.49 9127.03 9156.12 9178.24 9159.12 9138.79 9105.84 9064.31 9007.74 8973.28 8981.86 8966.33 8970.92 8984.41 8994.37 9004.95 9019.32 9027.71 9042.73 9048.9 9072.55 9087.16 9115.95 9154.17 9202.72 9284.44 9488.02 9654.56 9667.62 9640.85 9632.72 9706.82 9901.78 10079.2 10088.5 10043.9 9991.48 9938.33 9874.5 9821.89 9786.82 9778.24 9777.65 9778.11 9784.57 9791.93 9811.82 9819.92 9833.5 9840.77 9845.96 9844.78 9839.32 9835.85 9830.05 9831.66 9837.59 9845.93 9845.98 9848.07 9850.97 9853.61 9855.82 9858.57 9860.81
9065.82 9070.6 9103.17 9143.32 9182.81 9206.28 9189.5 9165.32 9126.42 9078.28 9013.08 8968.99 8969.28 8954.83 8959.65 8969.12 8981.31 8990.16 8991.59 8997.75 8994.69 9002.98 9007.72 9020.46 9034.37 9059.91 9100.04 9175.6 9382.4 9561.85 9600.77 9604.63 9614.67 9693.2 9888.76 10081.4 10107.9 10058.5 10010.5 9948.96 9871.62 9814.9 9776.93 9766.99 9767.17 9769.01 9777.55 9785.08 9802.79 9806.69 9815.58 9834.6 9844.4 9836.53 9825.05 9823.31 9828.49 9833.8 9839.75 9845.87 9844.2 9846.76 9849.41 9851.97 9854.82 9856.93 9858.49
9054.31 9060.96 9105.95 9149.74 9186.98 9206.12 9195.36 9174.37 9131.67 9082.11 9014.23 8964.46 8957.83 8952.71 8953.9 8964.57 8964.42 8968.93 8962.1 8955.46 8956.64 8952.2 8955.27 8956.5 8967.87 8988.22 9025.71 9113.61 9300.69 9452.23 9548.52 9573.38 9592.42 9670.71 9855.76 10054.5 10103.3 10071.7 10026.8 9958.39 9873.17 9809.78 9773.29 9759.85 9757.28 9762.85 9767.34 9775.29 9783.74 9795.8 9803.17 9817.96 9824.74 9822.68 9818.84 9822.39 9827.92 9834.44 9842.47 9848.57 9847.86 9846.82 9848.31 9850.29 9852.29 9854.25 9855.91
9040.33 9079.54 9120.29 9147.47 9168.89 9179.25 9174.55 9156.93 9115.89 9070.6 9011.84 8964.44 8948.25 8949.88 8948.69 8953.83 8952.94 8952.53 8950.34 8937.28 8932.95 8922.05 8915.39 8914.17 8918.23 8939.21 8984.03 9090.73 9287.56 9475.05 9551.58 9554.24 9544.05 9615.5 9792.08 9987.31 10122.8 10117.5 10043.2 9953.86 9877.16 9803.53 9767.5 9759.62 9759.23 9761.39 9765.28 9774.05 9781.29 9789.44 9795.89 9803.7 9806.37 9811.07 9809.14 9818.87 9827 9833.32 9840.64 9844.49 9843.93 9845.44 9846.93 9848.59 9850.42 9851.94 9853.02
9035.15 9087.29 9124.5 9130.07 9136.9 9137.17 9130.42 9115.88 9079.19 9037.88 8979.25 8923.35 8940.24 8967.59 8964.49 8960.54 8949.06 8942.79 8932.74 8916.24 8894.88 8886.9 8873.34 8873.38 8882.64 8899.58 8957.3 9085.11 9297.52 9515.36 9582.56 9558.32 9507.42 9549.78 9709.24 9901.4 10056.8 10099.5 10038.1 9950.75 9874.81 9807.91 9775.3 9762.9 9760.55 9761.79 9771.68 9774.06 9777.6 9784.28 9791.72 9803.34 9814.62 9816.5 9817.76 9822.05 9827.49 9832.36 9838.24 9844.32 9843.58 9844.45 9845.64 9846.93 9848.11 9849.01 9849.67
9038.82 9069.65 9094.28 9088.9 9085.77 9081.17 9071.06 9055.74 9034.59 9001.61 8959.67 8929.95 8957.53 8985.49 8971.68 8971.44 8948.41 8936.34 8920.2 8899.32 8874.98 8863.54 8854.82 8847.55 8854.22 8876.64 8934.58 9072.67 9279.68 9489.75 9577.74 9582.19 9570.35 9523.78 9638.95 9834.72 9997.16 10029.2 10002.1 9946.03 9873.95 9820.24 9787.5 9773.46 9767.2 9769.89 9773.28 9777.89 9781.07 9776.03 9787.85 9805.2 9820.15 9821.16 9820.08 9824.6 9829.48 9832.97 9840.26 9841.9 9842.09 9843.72 9844.75 9845.22 9845.89 9846.33 9846.42
9010.41 9019.86 9027.26 9023.39 9020.44 9017.1 9013.36 9007.73 8997.86 8985.48 8975.52 8988.83 9008.58 9022.26 8991.78 8975.09 8950.56 8925.14 8901.51 8881.02 8863.4 8854.86 8841.3 8837.58 8843.28 8863.04 8915.74 9051.64 9241.92 9428.24 9546.66 9593.72 9601.47 9540.76 9607.97 9782.47 9948.04 9975.74 9963.59 9916.49 9864.2 9821.92 9795.16 9781.76 9778.4 9779.15 9781.56 9784.54 9786.27 9780.7 9793.1 9809.08 9822.2 9822.73 9822.13 9824.83 9831.96 9835.23 9839.55 9841.77 9842.95 9843.78 9844.17 9844.26 9844.07 9843.26 9843.96
8966.8 8955.16 8947.24 8947.37 8947.07 8950.2 8953.78 8959.97 8968.87 8978.52 9003.59 9056.2 9075.18 9065.08 9017.28 8984.28 8956.41 8929.12 8906.14 8886.54 8869.76 8848.07 8837.62 8831.58 8836.4 8854.85 8913.75 9032.21 9195.85 9375.52 9508.83 9577.95 9622.07 9579.39 9615.24 9738.03 9847.85 9913.19 9928.3 9894.16 9845.9 9807.14 9790.62 9783.82 9781.93 9786.06 9790.11 9794.68 9798.58 9797.02 9804.76 9814.65 9823.23 9825.81 9826.03 9828.86 9843.16 9840.68 9845 9845.94 9845.72 9844.92 9844.09 9843.29 9842.72 9842.63 9841.87
8911.72 8896.06 8887.27 8878.13 8877.5 8890.25 8906.1 8921.84 8943.97 8973.47 9008.22 9112.59 9132.83 9093.99 9030.86 8987.9 8955.06 8926.03 8905.95 8887.08 8869.25 8851.18 8840.26 8831.63 8834.79 8850.78 8899.99 9004.14 9138.58 9280.38 9410.69 9531.91 9613.11 9626.99 9653.87 9722.71 9783.71 9882.86 9908.04 9875.69 9824.98 9787.71 9780.2 9778.08 9783.03 9790.14 9798.27 9805.09 9814.63 9818.11 9818.42 9821.39 9824.98 9827.75 9833.37 9842.6 9847.93 9844.51 9848.12 9847.23 9847.25 9845.68 9843.94 9842.38 9841.11 9840.01 9838.63
8881.46 8855.59 8826.71 8826.6 8834.17 8845.83 8858.43 8885.8 8917.99 8960.88 9033.36 9125.45 9138.79 9083.11 9020.64 8982.51 8956.91 8936.13 8917.61 8901.14 8880.62 8867.13 8856.79 8845.76 8845.79 8856.82 8893.94 8979.81 9086.34 9191.25 9305.43 9472 9608.3 9687.43 9740.73 9745.46 9752.32 9848.28 9892.75 9863.28 9808.45 9774.86 9770.13 9772.93 9780.76 9790.32 9799.52 9812.12 9828.96 9838.49 9829.45 9826.71 9826.86 9828.02 9838.68 9847.45 9849.28 9845.89 9849.43 9851.11 9848.38 9845.75 9843.26 9841.22 9839.43 9837.58 9837.58
8889.41 8846.58 8819.55 8812.84 8817.15 8822.54 8833.71 8857.49 8886.55 8921 8962.44 9017.6 9036.62 9020.18 8986.11 8964.63 8948.25 8933.47 8921.09 8900.11 8889.76 8880.54 8870.25 8865.56 8865.4 8875.33 8911.5 8974.4 9055.82 9141.77 9250.65 9428.08 9589.58 9713 9795.74 9764.9 9743.99 9817.5 9889.26 9851.19 9791.22 9759.96 9758.13 9764.49 9773.36 9787.8 9801.63 9815.46 9831.12 9837.44 9831.79 9828.5 9829.7 9838.68 9843.37 9846.41 9848.33 9845.43 9850.06 9848.62 9847.45 9844.95 9842.45 9840.03 9837.72 9835.69 9834.32
8908.52 8862.05 8832.81 8819.19 8817.05 8817.34 8823.52 8837.98 8855.51 8872.16 8886.34 8901.08 8914.57 8936.08 8944.4 8932.83 8932.55 8922.76 8921.42 8914.4 8912.45 8908.36 8899.13 8895.6 8891.16 8908.04 8935.18 8985.9 9046.49 9117.98 9213.68 9392.9 9564.57 9684.93 9752.8 9759.63 9747.24 9810.66 9904.26 9847.11 9774.77 9747.91 9749.2 9758.31 9772.01 9788.46 9802.12 9815.48 9824.71 9827.56 9827.81 9825.8 9828.44 9841.01 9845.98 9846.03 9847.93 9845.41 9849.91 9847.34 9845.85 9843.53 9841.22 9838.67 9836.19 9833.54 9832.45
8949.14 8897.03 8858.95 8840.46 8831.18 8822.15 8821.1 8826.06 8831.67 8832.91 8826.41 8819.23 8826.45 8863.4 8890.95 8899.63 8910.79 8918.07 8922.86 8920.03 8919.84 8920.36 8915.97 8914.56 8921.01 8946.19 8974.24 9008.42 9056.97 9118.02 9203.25 9371.54 9536.56 9659.66 9730.65 9771.35 9768.2 9801.38 9900.25 9833.26 9759.75 9740.68 9744.72 9755.42 9769.18 9783.72 9797.85 9812.45 9831.76 9830.88 9823 9819.98 9820.12 9839.15 9846.52 9846.08 9847.76 9845.02 9848.82 9846.29 9844.41 9842.43 9840.13 9837.75 9835.41 9833.37 9832.2
9016.79 8943.17 8892.23 8867.82 8852.57 8835.65 8826.61 8824.26 8821.42 8812.86 8799.74 8786.35 8786.02 8818.9 8852.58 8874.69 8896.62 8913.91 8929.26 8937.23 8942.05 8939.7 8941.25 8941.66 8950.57 8975.11 9004.94 9036.25 9081.57 9139 9217.13 9368.2 9518.92 9652.78 9787.35 9813.4 9803.28 9844.87 9863.72 9800.98 9745.15 9735.21 9742.2 9754.43 9767.7 9780.44 9793.27 9803.89 9809.98 9816.39 9815.44 9814.53 9817.07 9835.26 9844.96 9845.52 9846.46 9844.46 9846.98 9844.99 9842.96 9841.07 9839.09 9836.9 9834.78 9833 9831.73
9078.89 8984.48 8932.38 8902.78 8877.94 8856.84 8842.63 8832.93 8825.47 8812.96 8800.57 8788.3 8779.27 8799.38 8831.91 8869.44 8890.59 8914.9 8938.99 8953.45 8962.75 8970.73 8972.53 8973.42 8978.83 8991.48 9025.91 9069.19 9119.26 9176.61 9248.06 9368.57 9491.34 9605.35 9721.27 9752.97 9773.52 9811.15 9794.04 9764.23 9730.62 9733.22 9743.75 9756.84 9769.38 9781.24 9791.93 9800.27 9801.94 9808.04 9810.05 9811.67 9815.84 9832.41 9842.78 9844.39 9843.47 9843.09 9843.07 9842.31 9841.66 9840.03 9838.26 9836.39 9834.26 9832.25 9831.36
9135.12 9038.74 8992.06 8940.19 8903.22 8874.69 8860.19 8850.71 8841.4 8828.74 8813.68 8797.81 8784.46 8795.39 8827.74 8865.5 8902.29 8921.14 8949.47 8970.65 8989.33 9000.74 9006.7 9012.33 9016.21 9022.49 9065.72 9114.83 9175.29 9230.78 9292.69 9381.47 9473.74 9538.78 9555.59 9596.96 9697.24 9759.12 9770.48 9753.01 9736.11 9742.22 9750.91 9761.48 9775.04 9786.56 9796.26 9805.62 9810.3 9810.7 9809.63 9811.24 9817.57 9831.74 9841.53 9843.35 9842.71 9842.81 9842.99 9841.46 9840.41 9839.74 9838.66 9837.1 9834.93 9832.5 9832.41
9208.17 9135.82 9080.82 8994.82 8934.73 8905.54 8889.13 8877.99 8870.02 8855.91 8838.62 8820.63 8801.44 8804.85 8835.33 8874.71 8913.89 8936.1 8966.64 8996.85 9021.37 9038.71 9049.07 9054.48 9067.56 9085.84 9132.74 9184.92 9245.19 9300.83 9350.43 9422.44 9499.68 9532.34 9521.3 9552.77 9669.52 9740.52 9765.35 9767.84 9759.46 9757.99 9763.08 9770.86 9780.23 9793.37 9801.81 9810.29 9816.22 9814.33 9811.3 9811.72 9816.68 9829.33 9838.59 9841.31 9841.55 9842.57 9839.76 9840.08 9840.26 9840.47 9840.13 9839.16 9837.61 9834.45 9834.11
