real_craters/C131-500m.grd
DSAA
165 165
-40.915 40.915
-40.915 40.915
4575.2338025255 6779.3440409532
[rows 120 to 149 of 165, columns 0 to 66 of 165]
5543.01 5542.55 5544.45 5544.71 5545.63 5543.82 5541.35 5538.12 5535.75 5533.89 5534.3 5530.13 5513.07 5503.05 5507.81 5507.32 5504.66 5502.42 5501.3 5501.66 5501.61 5494.94 5487.72 5481.72 5476.85 5472.06 5467.15 5464.4 5460.98 5459.37 5457.31 5457.08 5450.42 5450.53 5451.05 5451.85 5455.92 5472.11 5489 5501.65 5508.89 5513.84 5508.19 5500.92 5497.86 5499.99 5510.3 5522.26 5518.26 5515.73 5498.79 5497.55 5505.73 5504.34 5499.6 5506.79 5508.34 5514.42 5517.82 5521.29 5524.09 5528.12 5534.28 5534.16 5535.25 5536.39 5534.9
5535.47 5542.61 5548.39 5555.73 5549.35 5543.37 5535.89 5533.33 5530.58 5531.72 5527.95 5518.42 5493.16 5497.38 5508.17 5506.67 5503.69 5501.52 5501.43 5500.62 5499.25 5494.71 5486.91 5480 5474.01 5469.19 5465.14 5460.75 5457.58 5455.43 5453.93 5452.84 5450.2 5448.14 5448.4 5449.25 5451.11 5469.57 5484.67 5485.49 5488.3 5492.95 5490.49 5486.5 5486.74 5489.66 5498.79 5517.1 5518.7 5505.63 5480.89 5488.73 5492.41 5489.7 5487.08 5490.03 5493.25 5506.96 5512.59 5515.61 5518.16 5521.04 5523.9 5526.92 5527.8 5526.62 5530.71
5528.32 5533.94 5542.22 5549.82 5547.57 5544.98 5541.2 5534.62 5531.08 5532.96 5523.5 5521.66 5538.29 5541.39 5517.02 5507.53 5502.61 5499 5495.82 5493.11 5491.7 5489.51 5481.96 5475.8 5470.68 5467.39 5463.04 5459.03 5455.01 5450.46 5447.9 5445.72 5442.52 5444.14 5446.26 5453.06 5459.31 5464.93 5472.86 5477.06 5480.3 5479.25 5474.39 5467.27 5461.17 5456.52 5467.94 5481.67 5500.33 5499.15 5490.82 5491.35 5490.86 5490.28 5495.59 5507.27 5509.5 5509.79 5510.06 5510.31 5511.24 5513.18 5516.65 5518.11 5523.25 5527.64 5528.07
5522.98 5524.51 5530.07 5531.75 5541.69 5547.2 5542.17 5530.14 5519.66 5511.15 5511.34 5515.25 5520.28 5516.89 5510.44 5504.51 5500.32 5496.88 5492.79 5489.11 5491.53 5487.73 5475.58 5472.18 5468.71 5464.52 5460.38 5455.61 5452.05 5446.95 5441 5435.8 5434.51 5436.25 5439.05 5446.72 5454.46 5449.74 5447.34 5473.15 5476.28 5469.92 5461.56 5450.59 5435.65 5433.04 5446.62 5457 5475.77 5497.74 5495.04 5494.65 5487.19 5494.07 5504.81 5523.22 5524.15 5511.63 5506.8 5503.84 5502.43 5502.89 5504.78 5510.52 5515.85 5519.41 5522.17
5520.57 5521.24 5524.39 5529.43 5539.36 5550.32 5547.45 5525.23 5512.16 5507.01 5507.51 5507.22 5503.2 5496.3 5498.66 5498.99 5498.33 5496.77 5493.52 5489.49 5488.39 5480.85 5471.57 5470.25 5468.03 5464.79 5460.51 5455.72 5450.29 5443.72 5435.36 5431.73 5430.45 5431.06 5427.96 5424.23 5428.47 5437.8 5448.81 5465.16 5467.44 5460.61 5451.89 5443.28 5436.26 5430.8 5438.07 5443.85 5454.8 5468.55 5463.69 5467.25 5464.76 5467.84 5485.4 5503.88 5508.08 5501.75 5496.5 5492.89 5490.22 5489.63 5491.71 5494.65 5505.06 5513.9 5517.89
5520.19 5519.54 5524.32 5529.11 5538.82 5545.82 5539.24 5522 5513.85 5513.04 5510.1 5504.26 5496.41 5489.58 5492.06 5495.2 5496.64 5497.31 5497.63 5496.5 5486.55 5476.22 5475 5471.43 5467.68 5463.98 5459.34 5455.18 5450.3 5444.6 5435.88 5434.42 5440.76 5429.83 5421.36 5413.78 5419.11 5431.92 5441.66 5446.62 5453.87 5450.67 5442.94 5435.1 5426.79 5425.62 5433.71 5435.35 5435 5433.82 5423.19 5431.02 5435.58 5435.03 5451.43 5474.76 5482.75 5483.73 5482.21 5479.17 5476.46 5474.3 5473.88 5477.48 5490.84 5510.5 5512.97
5522.32 5521.9 5528.25 5539.84 5542.68 5534.74 5525.97 5515.37 5516.6 5517.38 5511.41 5503.99 5496.23 5489.87 5491.95 5495.32 5498.18 5500.54 5502.05 5500.28 5487.58 5478.37 5478.98 5473.85 5468.89 5464.4 5459.49 5454.51 5450.34 5447.78 5449.95 5437.02 5425.81 5424.57 5420.45 5417.63 5422.15 5433.34 5445.2 5454.83 5450.34 5443.93 5435.23 5427.56 5423.47 5425.46 5434.85 5430.48 5423.79 5416.3 5412.96 5416.4 5420.22 5421.99 5432.45 5435.11 5457.15 5465.79 5467.23 5464.87 5461.51 5458.15 5455.69 5456.16 5470.01 5488.97 5496.94
5525.74 5527.19 5532.49 5539.46 5536.29 5522.14 5516.61 5513.78 5515.91 5516.74 5511.5 5504.06 5497.99 5493.04 5493.8 5497.03 5500.22 5503.24 5505.47 5503.89 5493.55 5480.05 5477.01 5474.73 5469.89 5465.06 5459.36 5454.1 5449.09 5445.13 5441.12 5430.2 5420.63 5425.29 5424.89 5421.05 5427.51 5436.25 5451.83 5459.58 5446.84 5436.59 5428 5420.6 5418.1 5421.26 5427.05 5432.34 5422.97 5415.1 5416.61 5416.98 5417.77 5422.19 5431.79 5446.09 5448.66 5452.64 5453.83 5452.15 5447.9 5444.21 5439.38 5436.66 5446.54 5465.64 5476.45
5528.42 5530.11 5531.79 5531.03 5526.22 5519.34 5516.39 5515.87 5512.95 5510.44 5507.21 5503.77 5499.89 5497.78 5497.35 5498.8 5501.86 5504.4 5506.95 5507.73 5495.53 5476.3 5474.55 5474.11 5471.15 5466.38 5461.26 5454.79 5447.76 5440.3 5432.29 5430.75 5427.44 5428.59 5434.01 5440.41 5435.18 5433.13 5433.14 5434.64 5433.64 5428.4 5421.14 5413.07 5411.04 5416.58 5418.53 5421.57 5418.61 5414.64 5421.78 5420.34 5418.71 5420.37 5427.84 5436.44 5441.33 5443.14 5442.95 5440.34 5436.07 5431.26 5425.92 5420.65 5425.17 5434.77 5439.9
5529.45 5529.32 5528.9 5527.19 5525.57 5519.31 5516.37 5514.97 5511.01 5507.69 5505.16 5502.98 5500.17 5498.65 5497.97 5500.19 5503.45 5505.95 5506.6 5503.79 5492.13 5474.45 5473.49 5474.65 5472.32 5467.89 5462.64 5456.08 5449.48 5441.71 5435.76 5440.36 5435.93 5429.96 5436.07 5443.44 5435.89 5427.98 5420.15 5418.36 5422.9 5422.39 5418.51 5413.24 5411.87 5414.51 5413.07 5412.35 5415.34 5421.46 5431.68 5426.32 5419.58 5419.27 5424.82 5430.31 5435.57 5436.4 5434.48 5431.51 5427.07 5422.13 5417.41 5415.57 5419.04 5424.33 5429.91
5529.02 5527.98 5525.96 5522.61 5517.48 5514.76 5511.44 5510.05 5510.05 5506.13 5504.32 5503.18 5501.48 5498.36 5497.01 5501.89 5505.14 5507.33 5507.88 5504.86 5494.77 5475.03 5474.19 5476.7 5473.09 5467.29 5461.33 5455.58 5450.91 5447.33 5446.06 5449.01 5438.81 5428.12 5429.84 5431.7 5430.33 5424.59 5417.21 5417.44 5420.73 5422.28 5421.61 5418.06 5417.15 5416.13 5408.51 5406.52 5412.04 5423.87 5435.83 5430.07 5420.31 5420.15 5432.8 5436.68 5434.92 5432.23 5429.63 5424.88 5420.87 5416.03 5413.29 5413.87 5420.45 5427.72 5442.48
5527.64 5526.72 5524.37 5519.12 5514.18 5511.22 5506.47 5505.27 5507.34 5506.39 5505.95 5505.16 5504.08 5504 5505.78 5505.34 5506.27 5508.09 5509.54 5507.24 5496.49 5482.07 5479.86 5477.97 5472.37 5465.29 5459.3 5453.77 5449.61 5449.05 5446.25 5439.67 5429.15 5416.96 5423.48 5427.33 5426.09 5424.07 5422.32 5420.74 5422.59 5425.06 5426.67 5427.71 5423.5 5418.3 5408.9 5404.68 5406.77 5413.8 5428.36 5433.6 5431.28 5430.22 5439.32 5438.72 5432.2 5428.13 5424.58 5421.05 5416.4 5412.53 5408.85 5407.49 5411.48 5429.17 5450.88
5526.02 5525.23 5522.77 5515.91 5508.74 5508.17 5502.7 5502.98 5506.16 5509.28 5509.01 5507.58 5506.4 5506.53 5506.01 5505.08 5506.54 5508.89 5510.96 5513.44 5511.55 5493.86 5485.14 5479.27 5469.66 5461.54 5455.05 5449.21 5444.12 5438.55 5432.97 5422.65 5420.68 5421.78 5421.12 5421.91 5422.85 5424.39 5426.11 5423.28 5426.67 5429.64 5431.03 5432.2 5425.95 5418.92 5408.84 5404.15 5405.67 5410.29 5431.8 5436.85 5438.8 5432.94 5425.81 5426.53 5425.71 5423.5 5420.32 5417.58 5414.24 5410.79 5407.98 5405.63 5409.4 5429.18 5452.89
5524.78 5524.07 5522.37 5517.08 5508.45 5505.9 5499.9 5503.12 5510.83 5518.47 5512.17 5508.23 5505.28 5502.67 5497.2 5501.23 5503.56 5506.49 5509.94 5514.6 5522.04 5502.36 5485.22 5472.44 5463.33 5456.13 5449.94 5444.56 5439.25 5432.82 5427.03 5421.42 5420.02 5419.45 5418.45 5419.26 5420.05 5422 5426.98 5431.45 5435.77 5435.15 5431.77 5428.67 5425.71 5421.06 5413.31 5409.84 5409.67 5413.6 5431.52 5434.01 5428.23 5424.91 5418.61 5419.22 5420.01 5418.88 5417.06 5414.5 5412.5 5410.58 5409.22 5408.87 5413.98 5431.51 5451.05
5524.06 5523.26 5520.61 5519.38 5521.89 5514.56 5506.43 5506.12 5509.63 5512.04 5510.71 5507.08 5503.77 5501.05 5501.48 5499.2 5500.32 5501.98 5503.48 5504.97 5504.41 5489.6 5470.08 5459.68 5455.26 5451.05 5446.16 5441.36 5436.59 5432.76 5428.49 5425.31 5420.94 5417.13 5418.98 5417.92 5417.79 5418.01 5423.16 5443.12 5447.36 5440.19 5433.87 5426.6 5425.87 5425.89 5430.84 5427.98 5419.59 5414.37 5425.72 5429.54 5429.31 5424.54 5418.17 5418.15 5417.79 5416.6 5414.52 5412.78 5410.2 5410.08 5410.43 5413.51 5422.5 5435.88 5452.62
5524.39 5523.5 5521.48 5521.34 5521.38 5516.53 5511.92 5507.97 5505.51 5504.35 5505.47 5503.87 5501.44 5498.72 5494.02 5495.03 5496.39 5496.2 5494.94 5490.04 5479.07 5470.65 5465.42 5454.77 5450.53 5448.2 5444.66 5440.02 5434.24 5430.95 5429.04 5427.66 5424.86 5419.83 5415.88 5417.69 5418.38 5417.73 5422 5439.56 5444.36 5439.5 5437.4 5434.39 5428.48 5423.48 5435.31 5446.18 5435.56 5433.11 5421.96 5423.29 5430.66 5428.08 5427.68 5420.24 5417.3 5415.48 5413.93 5412.3 5413.4 5412.18 5413.7 5417.02 5423.38 5435.63 5453.45
5525.74 5524.35 5524.69 5525.25 5519.45 5512.55 5510.99 5506.52 5501.44 5499.96 5501.35 5501.53 5500.32 5498.28 5496.51 5495.41 5494.04 5491.83 5487.79 5481.22 5472.06 5463.63 5455.31 5448.97 5448.38 5447.26 5445.13 5441.03 5434.94 5426.04 5433.15 5433.44 5430.43 5429.63 5422.32 5420.74 5423.23 5423.64 5425.21 5429.65 5431.39 5433.05 5432.67 5433.1 5433.54 5432.91 5430.64 5436.23 5434.32 5440.31 5427.71 5424.77 5424.66 5424.63 5422.74 5419.63 5417.89 5416.61 5415.44 5416.27 5415.22 5415.63 5416.45 5419.54 5424.11 5433.56 5447.48
5529.35 5525.09 5520 5516.73 5521.6 5513.59 5516.13 5509.12 5502.82 5499.65 5499.44 5499.16 5498.78 5498.44 5497.38 5495.83 5492.36 5487.58 5482.73 5476.06 5468.79 5460.82 5452.94 5452.3 5450.85 5449.55 5447.33 5444.89 5443.1 5443.6 5441.27 5438.13 5431.33 5425.86 5420.52 5425.43 5433.87 5437.49 5435.6 5430.11 5424.83 5428.96 5431.53 5434.54 5437.87 5436.46 5432.39 5432.46 5423.36 5429.06 5436.03 5435.36 5427.03 5421.39 5418.78 5418.11 5415.91 5415.55 5415.98 5416.96 5416.25 5417.81 5419.8 5422.53 5426.02 5431.15 5434.91
5534.74 5527.72 5519.1 5513.24 5516.34 5513.07 5509.08 5506.84 5505.82 5500.49 5497.56 5496.44 5496.15 5496.49 5497.89 5497.7 5490.14 5483.52 5478.35 5472.99 5467.72 5462.37 5456.26 5456.71 5454.66 5452.62 5450.11 5447.94 5446.38 5443.02 5437.47 5432.53 5427.1 5419.73 5418.26 5430.08 5446.78 5461.33 5454.85 5438.24 5426.69 5429.24 5430.86 5436.23 5437.95 5435.55 5429.81 5427.09 5420.5 5414.34 5424.95 5430.71 5421.2 5414.61 5413.25 5412.45 5412.64 5413.39 5414.33 5416.33 5417.98 5420.05 5422.16 5424.76 5427.69 5428.9 5424.96
5539.48 5532.15 5523.4 5514.72 5513.9 5510.05 5506.51 5499.97 5498.88 5496.69 5494.23 5492.15 5491.13 5490.63 5490.76 5486.12 5482.5 5478.36 5475.08 5471.22 5467.68 5464.05 5460.88 5458.6 5458.8 5455.55 5451.43 5448.45 5446.34 5440.81 5431.01 5425.79 5420.18 5415.41 5417.63 5432.45 5454.28 5474.04 5466.43 5446.79 5432.75 5433.24 5438.39 5436.47 5435.82 5430.21 5420.69 5417 5412.84 5407.34 5404.06 5389.33 5400.35 5404.42 5406.87 5409.79 5412.35 5414.1 5416.41 5417.7 5419.87 5421.06 5423.32 5425.45 5428.32 5429.43 5417.19
5546.23 5540.86 5533.75 5526.71 5523.98 5518.31 5507.76 5499.62 5494.91 5491.61 5489.6 5487.94 5485.9 5483.45 5479.34 5474.73 5474.35 5473.72 5472.18 5470.53 5468.66 5467.19 5467.59 5469.96 5465.01 5457.13 5450.97 5445.99 5441.98 5436.32 5428.86 5422.42 5416.42 5411.54 5410.07 5431.03 5456.2 5470.02 5467.54 5451.19 5434.35 5433.18 5437.72 5433.27 5426.84 5421.24 5415.96 5408.77 5400.46 5398.99 5406.92 5417.91 5400.77 5404.25 5404.31 5406.22 5409.83 5413.57 5416.52 5419.79 5421.51 5424.07 5425.83 5427.65 5426.51 5422.05 5412.19
5557.98 5550.93 5545.84 5550.62 5543.88 5533.05 5509.56 5494.18 5487.98 5486.87 5485.06 5483.41 5481.54 5478.41 5474.38 5469.99 5470.17 5470.69 5470.61 5470.15 5469.64 5468.23 5467.31 5463.02 5459.91 5455.12 5448.4 5441.18 5433.82 5429.81 5426.12 5419.99 5414.05 5410.7 5408.56 5428.78 5460.79 5483.1 5472.71 5453.75 5435.59 5429.72 5428.97 5428.87 5424.58 5415.81 5411.8 5412.18 5405.8 5403.95 5408.36 5408.93 5399.34 5394.65 5398.38 5403.89 5408.74 5412.7 5417.03 5422.08 5424.6 5427.12 5428.77 5428.97 5426.21 5419.53 5416.13
5575.9 5568.16 5555.85 5536.29 5539.87 5536.31 5521.58 5503.01 5489.55 5484.66 5482.89 5480.98 5478.77 5476.03 5472.74 5469.4 5468.71 5469.51 5470 5470.11 5470.56 5471.7 5466.24 5456.16 5455.26 5452.13 5445.72 5437.4 5428.28 5424.46 5420.66 5416.87 5411.79 5408.15 5403.37 5423.81 5459.68 5484.82 5473 5453.85 5436.81 5429.87 5428.24 5426.88 5425.07 5417.17 5412.35 5412.53 5418.12 5415 5409.62 5396.18 5393.67 5389.24 5397 5405.29 5411.26 5416.27 5420.24 5423.87 5424.33 5428.39 5429.63 5431.12 5430.41 5428.6 5426.94
5601.07 5590.36 5574.41 5564.88 5562.67 5545.04 5523.5 5506.49 5489.65 5484.72 5481.51 5479.22 5476.91 5475.06 5473.02 5471.08 5471.05 5470.07 5469.39 5469.6 5470.32 5470.96 5464.44 5454.87 5455.07 5451.25 5445.5 5437.83 5427.8 5424.01 5420.35 5415.14 5410.49 5404.52 5400.62 5418.15 5451.33 5470.96 5464.56 5449.25 5432.77 5424.8 5425.26 5425.36 5426.07 5422.11 5413.99 5410.19 5420.18 5423.56 5419.82 5412.91 5403.21 5399.58 5401.09 5405.02 5407.91 5411.84 5415.62 5419.76 5422.8 5425.81 5429.19 5431.59 5434.91 5438.92 5440
5640.87 5616.52 5591.68 5570.06 5560.74 5546.58 5527.28 5509.33 5494.33 5486.05 5481.25 5478.11 5476.01 5474.02 5473.59 5476.4 5474.58 5469.98 5468.35 5467.81 5467.36 5465.85 5460.75 5454.34 5456.15 5450.97 5447.21 5442.71 5435.92 5426.51 5419.14 5414.42 5410.34 5407.92 5401.9 5413.77 5443.27 5459.93 5453.92 5442.38 5429.81 5422.54 5423.09 5423.64 5420.51 5408.76 5411.56 5413.69 5444.65 5434.13 5424.79 5416.33 5408.68 5409.89 5408.06 5410.09 5413.34 5416.26 5419.82 5423.64 5426.71 5429.79 5432.61 5435.49 5437.27 5443.53 5447.86
5680.64 5635.43 5602.9 5578.02 5563.73 5547.63 5527.99 5511.78 5497.49 5487.66 5481.1 5477.73 5474.96 5473.11 5471.97 5470.91 5468.56 5466.36 5465.54 5464.96 5463.31 5460.22 5454.99 5453.73 5454.48 5451.11 5448.09 5446.45 5443.72 5431.81 5422.2 5414.66 5408.77 5404.54 5400.43 5406.64 5426.23 5440.95 5441.92 5436.06 5428.41 5421.33 5419.11 5419.63 5421.61 5416.57 5416.33 5420.98 5423.35 5433.61 5419.01 5405.3 5406.67 5413.39 5412.6 5414.75 5417.92 5420.13 5422.46 5423.62 5426.41 5429.44 5432.26 5435.38 5438.32 5442.01 5448.06
5673.75 5630.58 5602.07 5583.15 5557.13 5538 5520.37 5509.86 5496.6 5486.56 5480.31 5477.2 5474.73 5472.58 5470.07 5466.28 5462.44 5463.8 5463.82 5462.63 5460.35 5458.11 5455.36 5447.55 5451.21 5451.65 5444.72 5438.98 5434.94 5429.9 5423.6 5416.49 5408.84 5404.41 5404.54 5406.23 5418.95 5429.33 5433.68 5430.87 5425.38 5419.53 5414.39 5411.13 5411.65 5416.81 5416.14 5420.83 5426.6 5428.6 5414.4 5401.2 5404.11 5413.51 5415.17 5416.98 5421.79 5424.24 5429.45 5432.09 5435.35 5437.49 5436.51 5438.09 5439.65 5440.54 5445.08
5625.54 5599.33 5574.68 5555.06 5539.58 5520.08 5502.26 5492.27 5485.99 5480.84 5477.03 5474.18 5474.14 5472.34 5470.59 5467.16 5464.99 5463.13 5462.66 5460.32 5456.88 5453.6 5449.62 5440.76 5441.93 5442.31 5438.17 5433.19 5430.93 5431.24 5426.53 5420.88 5416.33 5416.06 5421.25 5428.21 5431.76 5433.35 5432.86 5428.81 5423.15 5413.37 5411.76 5409.81 5410.58 5412.81 5411.37 5414.53 5432.21 5440.75 5423.76 5407.63 5402.8 5414.38 5425.75 5431.41 5437.48 5440.67 5445.74 5449.98 5457.58 5454.19 5455.73 5446 5445.42 5442.56 5438.33
5571.06 5558.19 5540.23 5523.5 5509.35 5491.55 5473.3 5470.73 5473.54 5474.5 5474.15 5473.81 5475.86 5475.22 5473.23 5470.9 5466.46 5466.61 5463.73 5459.38 5453.77 5447.98 5439.08 5436.93 5435.41 5433.85 5433.34 5429.46 5429.09 5430.16 5428.7 5425.74 5425.95 5430.43 5440.11 5452.46 5449.99 5442.53 5435.47 5427.89 5421.02 5418.3 5414.56 5411.06 5415.88 5419.42 5417.26 5415.7 5427.72 5436.76 5421.56 5415.62 5417.02 5423.17 5431.47 5439.01 5444.25 5450.04 5456.28 5462.3 5466.97 5470.16 5481.96 5478.05 5468.97 5457.99 5455.18
5526.79 5520.76 5506.27 5494.08 5483.85 5467.52 5459.83 5462.19 5467.14 5471.78 5474.52 5476.25 5477.12 5477.56 5478.26 5477.57 5475.49 5474.26 5467.83 5460.52 5452.82 5445.86 5441.42 5440.01 5441.89 5438.13 5432.35 5429.73 5428.14 5426.87 5428.68 5428.54 5428.57 5437.85 5450.88 5462.18 5458.72 5449.15 5438.82 5428.55 5419.32 5417.25 5419.44 5419.04 5426.83 5428.55 5427 5418 5414.11 5414.74 5413.89 5421.83 5437.1 5432.62 5431.32 5432.78 5434.92 5432.38 5434.68 5436.57 5439.96 5445.35 5452.88 5471.41 5486.62 5477.77 5455.3
