real_craters/C131-1000m.grd
DSAA
48 48
-23.38 23.38
-23.38 23.38
9004.8155400187 10916.410662105
10269 10262.1 10222 10187.6 10159.3 10124.1 10061 10083.6 10087.3 10067.4 10072.9 10048.1 10050.1 9989.58 9969.19 9961.5 9984.36 9983.87 9984.52 9969.83 9952.92 9938.83 9905.17 9897.56 9930.2 9947.91 9938.66 9920.01 9901.31 9881.37 9872.27 9887.9 9947.41 9915.09 9885.9 9937.01 9895.75 9835.86 9761.46 9675.96 9623.48 9643.26 9652.48 9665.18 9671.98 9644.1 9583.73 9534.65 
10345.9 10250.8 10252.5 10225.2 10213.5 10167.5 10116 10139.4 10129.3 10106.1 10049 10043.5 10017.4 9989.95 9999.13 10009.5 9987.99 10004 10019.9 10043 9989.89 9945.56 9903.96 9904.98 9961.59 9980.13 9959.02 9932.52 9911.56 9895.11 9892.87 9897.28 9887.31 9888.38 9885.73 9882.98 9867.96 9834.08 9790.81 9711.54 9660.28 9694.08 9703.35 9713.6 9707.97 9680.41 9686.03 9690.09 
10407.6 10328.7 10311 10275.4 10243.3 10193.6 10152.5 10167.6 10131.1 10042 10006.9 10016.2 10002.3 10047.1 10029.7 10025.7 10024.6 10013.3 10011.4 10005.7 10005.1 9959.23 9923.92 9977.33 10002.9 9993.68 9968.43 9945.72 9924.16 9907.01 9889.11 9867.6 9874.54 9907.22 9878.33 9877.03 9873.09 9871.97 9857.4 9785.77 9707.26 9722.91 9739.99 9742.84 9726.27 9711.45 9710.61 9687.32 
10433.6 10418.5 10358.6 10263.1 10221.5 10171.2 10138.2 10158.3 10130.7 10065.1 10043 10024.8 10044.9 10017.2 10017.4 10015.4 10018.5 10016.6 10010.7 10001.7 9992.34 9967.2 9961.51 10027.1 10015.9 9979.6 9961.5 9944.66 9925.2 9902.77 9878.54 9858.11 9817.83 9875.5 9876.44 9863.1 9870 9872.64 9865.11 9808.8 9728 9741.13 9763.11 9763.83 9734.34 9709.29 9710.57 9704.88 
10424.7 10368.2 10328.7 10265.4 10260.1 10203.6 10165.3 10188.5 10184.8 10128 10064.5 10035.1 10021.3 10025.2 10018.8 10012.4 9985.16 10028.3 10044.6 10022.8 9980.31 9983.42 10059.6 10039.9 10005.1 9974.19 9967.96 9963.23 9937.81 9906.43 9881.74 9870.43 9833.63 9843.31 9843.37 9841.55 9854.65 9848.88 9837.97 9794.83 9754.74 9762.89 9779.18 9776.68 9734.04 9706.46 9720.53 9665.68 
10361.9 10343.6 10369.5 10382 10332.7 10255.7 10219.2 10231.1 10232 10177 10140 10106.6 10113.1 10077 10059.3 10069.5 10088.5 10094.5 10111.7 10075.2 10007.6 10016.5 10028.5 10024.1 9999.35 9983.62 10009.7 9996.61 9967.77 9920.83 9870.46 9876.16 9871.82 9874.22 9795.01 9825.55 9851.16 9864.39 9823.64 9769.46 9758.28 9794.22 9798.58 9783.94 9733 9693.46 9653.19 9641.12 
10253 10353.4 10405 10104.9 10148.1 10287.8 10266.3 10275.3 10277.8 10215.2 10174.2 10172.1 10181.1 10174 10148.1 10147.9 10171 10169.5 10149.4 10105.5 10055.1 10069.2 10077.9 10104 10116.7 10162.7 10115.5 10065 10017.7 9964.36 9892.41 9885.84 9875.67 9845.67 9839.5 9835.64 9857.44 9871.35 9833.99 9820.32 9851.78 9843.64 9823.31 9779.71 9723.66 9693.94 9685.36 9688.35 
10414.8 10419.3 10418.6 10429 10433.1 10341.1 10311.9 10280 10234.2 10228.4 10255.6 10217.6 10211 10195.4 10207.4 10197.7 10183.6 10161 10175 10128.1 10053.6 10103.7 10257.8 10279.4 10261.5 10203.9 10166.2 10121.5 10078.5 10038.5 10017.2 9918.35 9897.87 9900.37 9881.4 9874.64 9864.16 9841.77 9828.02 9831.85 9866.53 9868.32 9865.07 9824.46 9724.29 9707.54 9723.52 9724.75 
10525.7 10491.2 10477.1 10439.2 10421.9 10402.3 10343.3 10311.7 10292.7 10284.3 10279.2 10271.5 10267.3 10280.9 10284.5 10220.3 10142.6 10156.2 10199.3 10172.4 10143.4 10184.4 10314.4 10341 10259.5 10243.9 10213.4 10161 10120.7 10087.6 10033.7 9992.22 9946.65 9913.36 9926.41 9914.09 9887.65 9850.99 9843.88 9865.09 9889.25 9885.59 9894.99 9859.33 9758.13 9734.41 9714.86 9698.25 
10476.3 10475.2 10464.6 10462.3 10427.4 10394.6 10376.3 10360.8 10352.1 10326.5 10362 10345.8 10330.4 10325.5 10288.7 10234.1 10205.9 10237 10202 10163.5 10177.9 10141.3 10356.2 10425.7 10338.8 10293.6 10235.8 10183.2 10152.1 10144.2 10128.5 10102.9 10017.5 9962.61 9951.9 9954.54 9934.27 9915.55 9904.44 9896.81 9935.4 9916.63 9899.78 9877.32 9817.15 9795.96 9735.71 9679.5 
10484.1 10465.7 10475.8 10474.1 10451.1 10412.1 10415.7 10417 10396.8 10389.2 10382.4 10390.1 10445.6 10344.8 10247.8 10249.4 10317.3 10366.2 10191.1 10048.2 9971.82 10024.5 10246.5 10367.3 10308.3 10255.7 10221.4 10146.4 10149.8 10172.9 10168.7 10124.8 10049.3 10014.9 10033.6 10003.2 9973.27 9962.98 9945.71 9904.5 9953.04 9930.06 9883.48 9905.07 9933.69 9893.67 9831.49 9666.16 
10462.6 10422.9 10449.4 10506.6 10499.1 10472.7 10464.2 10471.3 10477.5 10448.1 10426.2 10396.9 10372.3 10346 10277 10273.8 10279.3 10197.2 10017.1 9992.56 9956.33 9919.77 9959.49 9998.77 9970.18 9929.02 9899.75 9993.16 10097.6 10188.7 10194 10123.3 10081 10047.7 10091.9 10027.3 9977.35 9940.24 9910.85 9927.58 9941.66 9886.65 9873.19 9897.22 9935.73 9950.29 9958.57 9841.89 
10401 10387.5 10413.7 10478.6 10507 10509.5 10496.1 10493 10486.6 10468.4 10429 10420.5 10433.7 10388 10394.6 10372.1 10230.1 10077.9 10008.6 10007.1 9958.23 9872.77 9762.73 9604.04 9635.8 9655.73 9675.18 9847.66 10012 10236.1 10359.5 10312.7 10163.2 10038.1 10027.9 9988.99 9962.69 9929.08 9901.84 9955.78 10013.8 9898.49 9862.13 9872.13 9905.13 9943.26 9951.33 9906.54 
10390.4 10379 10440.7 10460.9 10476.6 10494.3 10498.5 10493.1 10477.6 10442.5 10396.6 10405.8 10396.5 10463.2 10600.1 10540.5 10291.3 10122 9998.97 9912.16 9898.86 9919.13 9708.03 9495.98 9497.59 9544.8 9609.48 9698.97 9831.22 10024 10304.9 10399 10239.4 10097.3 9988.37 9960.94 9962.06 9951.38 9975.38 9993.01 10014 9896.89 9858.44 9895.36 9912.97 9922.83 9933.52 9948.46 
10431.8 10440 10441.9 10456.1 10467.4 10493.7 10497.8 10491.5 10468.6 10408.3 10407.6 10411.8 10379.4 10559.5 10724.1 10612.2 10317.6 10031.4 9916.26 9851.58 9774.58 9698.92 9582.64 9501.86 9392.71 9380.01 9393.04 9448.59 9559.9 9699.81 9983.45 10203.4 10357 10278.8 10121.1 10031.9 10003 9982.55 9966.5 9977.9 9978.88 9917.02 9928.79 9939.25 9931.78 9916.35 9930.56 9963.92 
10437.1 10446.9 10445.8 10449.1 10484.5 10505.1 10510.8 10487.9 10487.9 10453.2 10356.5 10420.9 10595.3 10694.8 10743.8 10599.9 10238.7 9887.39 9768.57 9704.65 9621.66 9516.97 9412.21 9300.74 9230.86 9162.17 9152.26 9207.18 9300.2 9445.26 9661.12 9930.35 10204.7 10474.6 10313.6 10162.3 10092.3 10028.8 9986.61 10008.1 9978.14 9943.05 9911.05 9914.89 9931.17 9940.95 9956.8 9997.46 
10438.6 10437.8 10446.7 10493.9 10505.8 10520.7 10539.1 10542.3 10472.7 10473.4 10370.7 10612.2 10755.2 10742.5 10704.7 10508.9 10079.3 9785.86 9677.26 9567.38 9471.54 9365.85 9276.6 9259.55 9184.2 9123.31 9093.11 9111.33 9121.15 9152.69 9420.4 9630.86 9834.06 10240 10459.1 10335 10221.3 10108 10015.4 10023.7 10035.7 10026.8 9976.38 9935.59 9957.01 9967.97 9972.94 9967.93 
10459.3 10456.1 10448.3 10471.7 10485 10521.2 10563.3 10596.9 10514.3 10482.1 10517.8 10684.8 10916.4 10718.4 10402.1 10022.4 9842.32 9695.56 9479.32 9384.31 9357.22 9304.19 9251.88 9219.17 9160.91 9092.92 9089.32 9102.86 9090.84 9088.07 9138.11 9351.68 9551.14 9931.48 10379.9 10428.8 10312.3 10171.1 10063 10059.7 10099.5 10077 10045.3 10029.9 9995.48 10002.5 9986.41 9974.17 
10467 10453.9 10427.8 10428.2 10458.3 10518.1 10565.7 10596.2 10582.7 10557.6 10621.5 10744 10817 10538.4 10148.2 9882.58 9624.98 9433.81 9361.14 9311.96 9321.03 9311.58 9299.67 9211.66 9131.21 9076.25 9093.88 9152.24 9134.93 9119.69 9160.75 9235.35 9377.2 9788.39 10064.7 10360.9 10342.8 10212.2 10096.6 10068.3 10064 10022.9 10081 10023.6 10002.8 9979.54 9972.61 9965.77 
10458.4 10440.6 10449.8 10462.1 10471.3 10518.8 10566.7 10598.3 10608.7 10630.4 10656.8 10606.4 10521.4 10205.9 9930.18 9658.76 9491.05 9390.44 9301.73 9329.62 9334 9310.73 9249.13 9265.46 9185.06 9110.76 9112.57 9170.99 9146.15 9123.55 9135.72 9247.33 9357.69 9637.06 9931.7 10377.2 10370 10215.2 10067.7 10133.5 10084.9 10079.9 10087.8 10034.1 9995.79 9966.15 9955.58 9938.12 
10446 10446.4 10468.2 10487.6 10499.6 10526.5 10568.8 10599.8 10620 10707.8 10707.2 10566.2 10232.2 9904.89 9753.67 9567.23 9516.51 9404.71 9301.42 9365.98 9366.52 9372.32 9380.26 9408.68 9354.53 9269.26 9186.19 9144.45 9150.5 9170.54 9206.99 9309.2 9489.9 9589.69 9816.7 10293.5 10366.3 10217.4 10097.5 10098.6 10096.4 10084.1 10074.1 10046.9 10003.5 9959.73 9960.55 9942.93 
10475.5 10472.1 10510.3 10503 10521.6 10523.6 10538 10584.7 10642.1 10660.2 10671.9 10490.5 10127.9 9840.33 9717.48 9569.37 9423.25 9337.59 9308.09 9335.68 9355.74 9417.25 9523.19 9572.45 9666.81 9440.08 9248.87 9086.35 9163.05 9224.39 9258.03 9303.26 9444.13 9593.92 9761.53 10190.3 10310.5 10216.2 10142.1 10139.3 10129.8 10077.6 10060.2 10052.7 10039.2 10023.9 9992.45 9981.08 
10502.7 10489.6 10530 10508.9 10507.5 10509.7 10515.7 10610.2 10615.3 10646.1 10667.2 10495.2 10150.1 9866.41 9748.79 9600.83 9315.6 9257.37 9233.27 9234.3 9304.39 9390.18 9468.95 9478.62 9442.63 9416.44 9269.85 9120.37 9049.45 9156.29 9207.8 9235.78 9378.16 9558.7 9749.58 10022.9 10216.6 10215.8 10195.5 10233.2 10205.8 10174 10103.8 10082.8 10041.7 10016.8 10016.5 10010 
10522.1 10516.6 10535.2 10557.5 10513.2 10513.1 10523.1 10588.7 10634.9 10601.4 10652.9 10509.7 10180.7 9845.27 9738.46 9576.7 9305.86 9193.53 9123.6 9159.45 9273.65 9348.72 9375.55 9340.85 9252.04 9319.4 9269.96 9122.21 9058.17 9031.6 9117 9208.64 9400.56 9574.92 9801.32 10049 10218.3 10252.2 10266.6 10286.6 10239.8 10167.7 10131.9 10132.4 10066.9 10039.2 10040.7 10050.6 
10524.7 10525.9 10551.6 10550.4 10519.1 10543.1 10586.9 10603.5 10619.6 10581.4 10643.9 10577.3 10216.1 9853.81 9720.07 9574.68 9354.73 9217.44 9183.77 9173.83 9215.27 9311.61 9413.53 9434.06 9286.63 9269.85 9160.77 9027.91 9032.33 9078.26 9116.2 9201.57 9364.22 9598.65 9866.07 10140.4 10226.5 10267.2 10282.9 10269.5 10249.6 10190.2 10164.8 10148.9 10105.3 10075.7 10060.5 10059.1 
10529.4 10552.8 10564.2 10543.5 10551.4 10568.8 10600.7 10614.5 10616.2 10557.3 10627.4 10657.8 10288.3 9922.45 9741.12 9548.56 9291.93 9231.24 9183.37 9062.46 9143.15 9255.34 9368.7 9418.34 9354.12 9214.72 9046.3 9004.82 9044.96 9050.52 9127.32 9202.75 9363.96 9618.86 9864.18 10079.4 10302.4 10369.6 10324.6 10263.4 10215 10194.5 10186.9 10176.4 10148.6 10118.2 10095.6 10052.4 
10496.2 10546.3 10549.2 10517.6 10522 10560 10638.6 10655.6 10624.1 10602.5 10616.5 10666.5 10384.5 10059.9 9861.08 9593 9332.79 9238.09 9168.47 9065.34 9101.17 9199.8 9264.11 9282.57 9286.39 9238.6 9143.56 9099.06 9093.9 9077.33 9162 9276.47 9470.52 9687.52 9915.6 10131.5 10470.6 10411.8 10331.7 10284.9 10271.1 10185.9 10167 10208.3 10167.3 10160.2 10170.3 10185.5 
10456.9 10508.8 10520.8 10485 10488.9 10510.5 10535.2 10609.4 10588.4 10531.2 10654.7 10700.3 10471.4 10218.8 10001.5 9687.34 9383.51 9249.28 9208 9105.56 9153.49 9207.9 9229.35 9206.83 9230.21 9234.17 9155.33 9109.87 9095.4 9028.59 9201.87 9420.54 9557.04 9802.19 10047.7 10282.5 10587.5 10366.6 10295.5 10268 10241.5 10187.4 10190.4 10204.2 10183.1 10197.2 10224.6 10252.8 
10467.2 10489.9 10482 10507.9 10536 10537 10520.6 10556.9 10558.8 10520.1 10610.1 10687.8 10488.8 10248.4 10023.6 9833.02 9524.23 9326.44 9263.24 9287.03 9270.89 9266.17 9261.76 9250.16 9203.57 9136.27 9133.28 9116.66 9149.73 9101.03 9298.86 9526.34 9731.05 9949.22 10200.9 10464.7 10544.4 10304.2 10256.1 10231 10214.7 10197.4 10223.9 10182.5 10183.2 10221.7 10250.9 10244.3 
10474.2 10489.1 10505.6 10540.6 10539.2 10538.1 10499.4 10492.4 10512.9 10448.6 10508.8 10627.6 10436.1 10218.7 10036.6 9956.4 9670.95 9413.81 9367.48 9366.85 9360.89 9339.24 9325.69 9295.99 9249.12 9205.93 9161.69 9153.69 9180 9289.99 9443.11 9656.28 9862.78 10072.2 10296.1 10504.5 10432.2 10298.8 10246.3 10214.2 10199.8 10207.8 10251.7 10214.6 10199 10243.7 10282.8 10294 
10498.1 10527.6 10532.9 10545.9 10522.4 10505.3 10495.1 10478.6 10496 10454.2 10456 10444.7 10393.3 10243 10047.3 9980.89 9769.44 9550.88 9504.98 9424.64 9394.39 9389.82 9369.71 9347.95 9288.44 9246.87 9248.3 9204.6 9323.19 9490.33 9666.2 9825.22 9985.61 10164.4 10329.5 10435.3 10408.1 10345.7 10268.5 10212.6 10188 10224.8 10269.9 10247.7 10236.8 10242.8 10270.4 10280.5 
10538.8 10538 10533.6 10565.4 10551 10490.2 10495.4 10452.4 10440.8 10481.1 10479.5 10479.1 10457.8 10384.5 10280.2 10065 9973.14 9779.41 9670.23 9634.38 9506.79 9475.93 9444.27 9372.77 9345.52 9407.8 9451.96 9433.75 9536.33 9718.93 9860.78 10027.3 10101.4 10213 10331.8 10410.7 10416.8 10367.4 10282.8 10207.3 10169.6 10202.4 10236.4 10182.7 10188.1 10213.1 10243.5 10250.2 
10549.7 10554 10560.4 10613.3 10595.1 10571.6 10478.1 10457.7 10459.4 10423.2 10495.8 10587 10572.9 10541.3 10485.6 10297.2 10160.1 10012.7 9903.01 9732.14 9640.18 9615.58 9589.58 9548.77 9552.57 9594.53 9596.98 9657.59 9796.31 9915.4 10096.8 10101.7 10208.8 10286.6 10363.9 10431.7 10486.3 10376.3 10282.9 10217.4 10179.2 10205.8 10221.2 10191.1 10170.9 10170.2 10180.3 10203.6 
10531.2 10544.9 10565.6 10599.6 10579.3 10540.8 10504 10459.6 10446.3 10454.3 10501.4 10562.7 10598.6 10639.3 10684.3 10589.4 10430.3 10326.2 10171.2 10003 9862.41 9829.94 9786.5 9746.5 9735.02 9764.42 9786.65 9851.16 9987.06 10123.8 10202.1 10279.8 10333.3 10371.5 10398.8 10429 10439.6 10310.9 10264.8 10232.1 10219.4 10236.1 10230.5 10237.3 10143.8 10144.3 10148.4 10169.9 
10476.9 10506.1 10550.6 10562.9 10554 10548.6 10524.7 10498.2 10501 10502.3 10503.3 10535 10578.5 10648.1 10736.1 10741.6 10634.5 10551.1 10423.7 10397 10236.1 10117 10053.5 9989.86 9928.56 10037.4 10099.8 10137.9 10247.1 10312.4 10427.4 10542.9 10454.5 10420.6 10422.5 10400.1 10340.1 10317.3 10256 10205.4 10217.4 10274.5 10244.8 10204.7 10156.4 10142 10153.6 10152 
10478.3 10515.8 10536 10538.3 10525.2 10533.3 10519.1 10494 10491.8 10498.5 10502.8 10508 10528.7 10607.4 10656 10667.2 10701.2 10601 10595.2 10608.7 10602.7 10433.5 10336.7 10281.8 10260.9 10327.4 10312.4 10438.2 10602.2 10771.9 10720.3 10539 10492.8 10445 10414.6 10389 10344.5 10295.5 10274.3 10237.9 10233.6 10318.2 10270.5 10215.6 10169.5 10127.1 10089.1 10105.2 
10513.2 10500.6 10507.3 10528.6 10558.3 10507.1 10504.5 10472.4 10470.3 10492.6 10493.9 10506.7 10541 10578.8 10627.6 10634.1 10636.4 10659.1 10615.1 10641.4 10682.7 10641.1 10561.1 10555 10636.1 10654 10800.9 10718.6 10750.2 10722 10644.3 10568 10474.4 10422.4 10393.6 10385.2 10358.7 10320.3 10302.2 10290.1 10236.2 10237.7 10242.3 10133.8 10141.8 10117.3 10069.3 10063.9 
10486 10457.5 10482 10514.5 10495.4 10481.9 10502.9 10446 10451 10477.4 10478.1 10488.3 10534.4 10541.8 10583.8 10597.5 10589.8 10578.6 10590 10617 10675.8 10675.7 10649.4 10658.4 10728 10698.3 10537.1 10631.8 10606.6 10487.8 10436.5 10455.6 10435.7 10406.1 10374.7 10344.2 10307.7 10291.2 10308 10305.8 10242.2 10222.9 10209.1 10181.8 10146 10110.7 10082.8 10043.7 
10463.3 10438.4 10453.7 10446.1 10425.6 10462.4 10521.3 10446.4 10417.7 10441.2 10462.4 10459.5 10428.4 10487.6 10558.4 10603.5 10608.7 10580 10575.7 10609.9 10611 10632 10653.7 10664.5 10668.9 10637.4 10659.5 10712.8 10460.7 10430.4 10415.6 10400.6 10401.4 10378.7 10348.3 10330.1 10332.3 10330.7 10304.4 10316.7 10279 10270.4 10220.9 10213.4 10107.3 10044 10052.5 10040.3 
10469 10457.6 10461.6 10496.7 10484.8 10475.3 10499.8 10468.7 10465.4 10461.1 10471 10476.9 10494.4 10466.2 10406.3 10437.3 10539.4 10584 10612 10620.1 10652.6 10628.9 10610.7 10594 10558.6 10507.9 10480.6 10503.6 10455.5 10413.1 10368 10366.7 10347.2 10326.2 10303.7 10288.2 10302.7 10297.5 10294 10306.8 10321.8 10263.9 10163.8 10093.3 10049 10007.8 10035 10068 
10493.2 10466.9 10464.8 10474.5 10471.7 10508.7 10524.9 10504.6 10470.3 10478.1 10484.2 10496.2 10513.2 10475.1 10423.6 10430.5 10519.2 10558.8 10540.6 10575.8 10625.7 10620.3 10572.7 10553.1 10534.6 10529.6 10563.9 10603.9 10510.4 10432.7 10368.5 10348.9 10335.3 10308.8 10276.2 10251.8 10275.4 10338.8 10334 10322.9 10317.1 10248.1 10173.3 10087 10078.5 10108.4 10097.4 10122.2 
10456.2 10519.1 10485.9 10468.9 10466.5 10484.7 10522.4 10558.7 10527.9 10493.1 10491.4 10499.3 10500.6 10488 10473.9 10475.5 10502.5 10513.1 10499.6 10510.1 10517.4 10492.4 10514.9 10528.9 10542.9 10570.1 10554.5 10530.9 10452.9 10392.6 10367.8 10355.4 10343.5 10324.6 10289.2 10228.1 10263.4 10310.7 10293.8 10299.1 10277.4 10190.9 10100.3 10099 10131.7 10205.9 10163.5 10154.8 
10327.4 10457.2 10507.7 10480.6 10471.8 10472 10463.4 10496.6 10479.4 10481.1 10484.6 10488.6 10491.9 10484.3 10471.1 10466.6 10470.3 10484.7 10476.2 10483.4 10485.8 10473.6 10476.5 10496.9 10520.2 10513.6 10474.1 10448 10407.4 10401 10400.7 10395 10383.7 10370.4 10346.5 10310.6 10288.7 10255.8 10209.3 10257.6 10238.4 10144 10076.1 10105 10164.3 10173.2 10159.9 10164.6 
10517.8 10514.4 10497.1 10476.3 10461.5 10463.3 10461.8 10452.9 10451.8 10465.3 10470.5 10474 10474.2 10458.1 10460.6 10492.3 10495 10483.7 10480.8 10483.1 10474.4 10453.7 10464.8 10482.3 10499.9 10513.2 10453.1 10451.6 10444 10441.9 10454 10438 10434.5 10429.5 10427.3 10423.9 10342.6 10272.5 10196.4 10202.4 10188.9 10134.1 10067.9 10138.5 10225 10241 10171 10125.4 
10489.5 10491.8 10491.7 10480.9 10462.8 10465.8 10462.7 10464.1 10452.9 10449.3 10456.8 10463.8 10464.6 10457.4 10463.9 10488.9 10490.8 10485.5 10477.2 10487.5 10453 10441.2 10454.2 10462.9 10472.8 10453.5 10459.1 10466 10478.7 10451.9 10431.4 10447 10456.6 10466.1 10466.1 10447.8 10390.8 10312.7 10229.7 10134.2 10137.8 10174.9 10164.1 10210.4 10268.9 10288.6 10193.1 10083.6 
10510.7 10495.5 10498.9 10486.4 10476 10448.1 10448.4 10424.6 10418.1 10432.4 10446 10457.9 10466.5 10461.9 10470.2 10502.1 10518.6 10499.4 10465.4 10442.8 10430.1 10427.9 10424.4 10442.5 10458.8 10492.2 10505.1 10549.1 10500.1 10473.1 10447.1 10451.7 10460 10478.2 10498.1 10478.5 10430.9 10380.6 10349 10148.2 10154.6 10252.1 10307.4 10313.6 10327.6 10255.7 10146 10097.5 
10511.8 10503 10489.3 10483.9 10460.7 10427.5 10411.5 10390.6 10402.5 10422.2 10440.6 10459.7 10470.2 10472 10467.7 10484.4 10555 10517.3 10472.3 10410.4 10431.1 10427 10411.7 10418.9 10428.8 10431.1 10449.7 10436.4 10418.3 10426.8 10415.8 10411.4 10424.5 10456.6 10525.4 10515.3 10441.9 10402.1 10364.3 10256.9 10241.1 10319 10356.6 10332.7 10305 10208.3 10105.5 10145.1 
10512 10499.3 10504.5 10510.9 10478.1 10459.6 10424.8 10417.1 10410.2 10427.9 10451.8 10469.5 10481 10479 10453.3 10465.4 10490.4 10511.1 10522.1 10503 10469.7 10433.6 10402 10396.9 10400.1 10397.9 10383.2 10385.5 10373.7 10378.9 10369.6 10354.3 10373.5 10395.6 10403.2 10416.6 10402.2 10369 10301.6 10274.6 10287 10339.1 10309.5 10278.9 10287.5 10179.3 10104.4 10200.6 
