real_craters/C131-750m.grd
DSAA
110 110
-40.915 40.915
-40.915 40.915
4577.5759825161 6727.1788727923
[rows 0 to 37 of 110, columns 0 to 83 of 110]
5357 5353 5355 5371 5381 5378 5378 5373 5370 5372 5368 5361 5352 5342 5321 5268 5249 5239 5224 5240 5261 5281 5301 5309 5318 5328 5327 5335 5342 5353 5363 5378 5408 5398 5376 5384 5415 5448 5466 5487 5509 5520 5527 5547 5545 5575 5596 5599 5594 5588 5589 5593 5598 5603 5607 5607 5602 5598 5594 5591 5590 5589 5582 5574 5566 5585 5604 5594 5579 5588 5590 5588 5586 5586 5591 5592 5594 5592 5584 5570 5553 5536 5520 5506
5362 5371 5387 5372 5387 5384 5377 5374 5369 5360 5371 5373 5357 5350 5345 5280 5270 5255 5239 5252 5268 5285 5298 5308 5314 5314 5321 5328 5335 5344 5353 5356 5370 5375 5364 5371 5389 5415 5448 5477 5511 5531 5532 5538 5538 5561 5575 5571 5562 5566 5575 5582 5590 5597 5603 5606 5600 5602 5592 5584 5578 5573 5572 5569 5566 5574 5586 5577 5562 5574 5585 5589 5589 5594 5601 5605 5606 5605 5600 5586 5566 5546 5532 5518
5366 5374 5383 5375 5390 5391 5387 5380 5370 5359 5354 5346 5346 5343 5333 5286 5297 5277 5264 5267 5278 5292 5304 5306 5311 5309 5315 5321 5327 5335 5347 5350 5338 5334 5346 5359 5373 5397 5430 5460 5483 5511 5528 5525 5530 5553 5579 5570 5558 5555 5562 5572 5583 5593 5601 5603 5596 5583 5584 5579 5572 5569 5571 5572 5571 5579 5591 5581 5568 5578 5585 5594 5602 5609 5612 5616 5618 5619 5619 5604 5572 5552 5543 5526
5371 5371 5368 5375 5386 5397 5400 5385 5371 5365 5347 5333 5338 5332 5306 5285 5307 5298 5289 5288 5291 5296 5300 5300 5300 5305 5309 5312 5314 5317 5319 5320 5320 5325 5338 5356 5372 5392 5417 5442 5470 5480 5490 5508 5519 5538 5549 5553 5546 5543 5554 5566 5578 5589 5599 5604 5603 5592 5586 5578 5572 5570 5573 5581 5584 5582 5598 5584 5571 5577 5589 5602 5615 5624 5624 5625 5626 5625 5621 5606 5582 5561 5547 5530
5373 5373 5374 5377 5387 5400 5401 5384 5365 5352 5351 5348 5351 5343 5320 5297 5326 5335 5315 5305 5300 5298 5297 5296 5297 5302 5305 5306 5306 5303 5294 5299 5318 5332 5348 5363 5374 5390 5410 5425 5434 5462 5479 5519 5519 5526 5534 5536 5539 5543 5547 5556 5569 5583 5597 5612 5612 5607 5590 5581 5572 5569 5571 5577 5575 5572 5556 5555 5562 5574 5591 5610 5625 5630 5639 5635 5630 5626 5621 5609 5587 5565 5547 5539
5377 5380 5384 5382 5384 5390 5389 5373 5358 5350 5361 5377 5372 5365 5344 5310 5341 5337 5324 5313 5305 5298 5294 5292 5295 5299 5303 5302 5301 5298 5299 5299 5319 5343 5367 5379 5378 5392 5403 5419 5444 5472 5468 5492 5507 5521 5529 5530 5532 5531 5538 5545 5556 5572 5588 5604 5596 5586 5585 5584 5581 5570 5558 5554 5553 5550 5532 5540 5545 5565 5593 5620 5645 5667 5656 5643 5628 5624 5620 5609 5592 5571 5549 5551
5386 5387 5388 5392 5391 5365 5361 5361 5361 5362 5370 5373 5377 5380 5363 5327 5351 5344 5330 5315 5307 5301 5295 5293 5297 5300 5304 5301 5299 5295 5288 5290 5312 5353 5381 5389 5419 5388 5387 5404 5428 5446 5454 5486 5483 5503 5522 5528 5524 5526 5527 5534 5543 5555 5567 5578 5573 5568 5571 5577 5583 5562 5537 5505 5494 5530 5558 5533 5542 5567 5598 5630 5659 5682 5656 5618 5620 5619 5617 5615 5594 5575 5555 5552
5389 5392 5394 5394 5389 5343 5334 5354 5367 5374 5378 5381 5379 5372 5356 5347 5355 5345 5323 5315 5312 5309 5301 5296 5306 5309 5308 5305 5302 5300 5297 5287 5300 5352 5392 5350 5325 5338 5359 5383 5413 5442 5435 5433 5446 5461 5487 5505 5503 5503 5511 5520 5529 5537 5543 5545 5544 5549 5549 5554 5558 5545 5525 5495 5485 5518 5561 5540 5541 5573 5603 5633 5659 5670 5657 5640 5622 5612 5604 5600 5582 5568 5560 5564
5390 5392 5392 5386 5376 5336 5337 5360 5383 5387 5385 5383 5375 5360 5352 5360 5358 5343 5322 5317 5322 5325 5327 5330 5325 5320 5316 5311 5308 5305 5302 5295 5309 5331 5376 5287 5231 5287 5333 5366 5393 5413 5409 5415 5408 5410 5437 5460 5474 5485 5496 5506 5513 5518 5523 5528 5534 5529 5524 5519 5520 5520 5525 5543 5532 5556 5562 5580 5593 5589 5610 5636 5660 5673 5666 5640 5622 5610 5593 5564 5571 5590 5598 5626
5388 5392 5391 5387 5382 5346 5355 5373 5391 5392 5386 5378 5367 5351 5364 5387 5376 5360 5335 5332 5342 5344 5348 5349 5335 5330 5322 5317 5312 5307 5306 5317 5323 5339 5365 5284 5232 5283 5327 5367 5375 5367 5372 5380 5373 5381 5392 5418 5445 5466 5480 5490 5498 5503 5507 5511 5518 5511 5497 5481 5476 5491 5505 5522 5554 5578 5593 5582 5569 5586 5608 5635 5661 5682 5675 5641 5627 5621 5609 5594 5604 5633 5649 5658
5387 5391 5397 5405 5393 5376 5378 5386 5390 5391 5383 5371 5363 5359 5380 5406 5421 5399 5389 5386 5371 5360 5353 5347 5336 5330 5321 5319 5315 5315 5317 5319 5323 5330 5341 5361 5344 5318 5329 5347 5359 5365 5364 5354 5355 5364 5368 5393 5424 5451 5470 5478 5484 5488 5491 5491 5501 5491 5476 5460 5458 5470 5481 5487 5532 5562 5560 5546 5549 5581 5610 5639 5661 5674 5668 5653 5648 5649 5645 5642 5649 5670 5674 5660
5384 5389 5395 5395 5386 5388 5394 5400 5409 5395 5381 5365 5346 5343 5390 5415 5426 5422 5420 5416 5385 5366 5354 5347 5336 5326 5326 5320 5315 5315 5316 5317 5317 5321 5325 5342 5346 5334 5328 5328 5349 5347 5336 5348 5348 5360 5366 5386 5411 5437 5454 5465 5472 5475 5476 5471 5472 5472 5462 5453 5454 5464 5473 5488 5515 5531 5522 5526 5551 5589 5620 5647 5668 5681 5690 5688 5688 5684 5684 5691 5700 5686 5674 5668
5380 5386 5391 5392 5379 5376 5397 5408 5407 5401 5386 5367 5345 5363 5404 5421 5440 5421 5409 5393 5374 5359 5351 5347 5337 5326 5318 5318 5313 5310 5313 5314 5313 5315 5319 5335 5339 5334 5329 5329 5339 5338 5343 5335 5338 5351 5363 5382 5403 5424 5441 5454 5460 5464 5461 5464 5461 5459 5457 5453 5460 5471 5478 5482 5498 5514 5519 5559 5585 5607 5628 5651 5673 5693 5708 5721 5728 5715 5711 5723 5732 5715 5706 5695
5382 5385 5387 5385 5376 5379 5399 5416 5426 5409 5396 5386 5385 5400 5401 5414 5427 5408 5389 5361 5351 5345 5339 5336 5327 5321 5317 5316 5312 5306 5310 5312 5305 5297 5310 5321 5329 5331 5329 5326 5342 5341 5348 5337 5339 5345 5362 5380 5399 5418 5435 5447 5455 5458 5456 5461 5460 5459 5461 5461 5473 5487 5498 5501 5505 5528 5556 5602 5622 5627 5638 5656 5677 5703 5736 5738 5736 5721 5710 5709 5713 5713 5717 5701
5389 5389 5386 5379 5374 5394 5401 5408 5412 5410 5403 5404 5421 5442 5442 5443 5429 5401 5374 5350 5337 5331 5326 5319 5316 5316 5313 5312 5312 5313 5309 5306 5305 5303 5306 5314 5322 5326 5331 5334 5329 5336 5324 5332 5338 5348 5365 5382 5400 5421 5437 5448 5455 5453 5454 5452 5460 5472 5475 5480 5492 5508 5521 5520 5528 5554 5588 5621 5632 5637 5646 5659 5675 5695 5713 5718 5727 5697 5685 5676 5665 5652 5653 5652
5411 5400 5391 5380 5376 5391 5400 5415 5416 5410 5405 5404 5417 5428 5414 5405 5403 5386 5361 5336 5320 5320 5317 5314 5311 5309 5309 5308 5308 5310 5302 5301 5305 5310 5309 5315 5316 5321 5323 5321 5322 5320 5316 5322 5335 5347 5365 5384 5403 5424 5438 5454 5463 5463 5464 5459 5474 5489 5490 5494 5509 5525 5537 5537 5557 5576 5599 5613 5626 5635 5645 5652 5662 5671 5675 5670 5655 5655 5653 5642 5618 5610 5620 5620
5415 5406 5399 5398 5409 5402 5395 5404 5409 5407 5402 5393 5377 5386 5398 5395 5383 5365 5354 5336 5325 5315 5311 5306 5299 5305 5304 5301 5300 5296 5292 5294 5298 5303 5305 5305 5309 5313 5317 5307 5299 5306 5306 5314 5327 5343 5366 5386 5408 5429 5453 5465 5474 5478 5485 5489 5492 5498 5503 5513 5520 5533 5547 5554 5566 5581 5598 5600 5616 5629 5638 5645 5649 5650 5642 5636 5627 5631 5632 5626 5619 5623 5631 5609
5417 5406 5403 5405 5409 5383 5387 5399 5406 5405 5401 5392 5380 5381 5397 5386 5374 5371 5358 5338 5318 5310 5309 5310 5315 5305 5297 5291 5291 5290 5283 5286 5293 5296 5300 5292 5303 5305 5301 5295 5296 5303 5301 5304 5318 5343 5369 5391 5413 5434 5455 5472 5484 5492 5509 5520 5506 5490 5508 5518 5523 5530 5540 5537 5547 5575 5592 5596 5607 5618 5625 5631 5636 5636 5632 5629 5633 5633 5627 5621 5618 5623 5617 5602
5406 5406 5406 5399 5386 5378 5410 5413 5412 5410 5406 5401 5398 5396 5374 5368 5383 5392 5369 5341 5314 5307 5308 5311 5314 5301 5289 5280 5275 5272 5270 5279 5283 5287 5301 5314 5304 5300 5296 5290 5298 5292 5287 5293 5306 5335 5370 5397 5417 5439 5461 5478 5484 5500 5521 5531 5523 5520 5518 5519 5517 5516 5515 5525 5544 5566 5576 5579 5593 5604 5611 5618 5624 5628 5630 5632 5631 5628 5624 5618 5609 5608 5608 5603
5407 5409 5407 5400 5383 5398 5406 5412 5419 5415 5412 5407 5399 5398 5381 5385 5397 5401 5383 5354 5323 5310 5308 5306 5304 5289 5277 5268 5261 5270 5282 5280 5280 5291 5304 5303 5300 5296 5292 5291 5307 5291 5282 5288 5306 5352 5385 5410 5431 5447 5463 5475 5484 5498 5517 5535 5526 5524 5522 5517 5513 5502 5504 5531 5550 5564 5572 5578 5587 5591 5599 5608 5615 5622 5628 5633 5628 5626 5624 5620 5614 5600 5593 5600
5411 5411 5412 5421 5409 5410 5449 5443 5431 5421 5413 5409 5403 5394 5389 5402 5408 5407 5399 5372 5344 5323 5310 5299 5283 5274 5270 5262 5256 5276 5288 5277 5279 5287 5297 5294 5294 5291 5289 5289 5291 5288 5293 5296 5312 5374 5407 5429 5446 5458 5467 5477 5483 5489 5489 5495 5510 5516 5513 5517 5518 5513 5513 5544 5561 5567 5581 5590 5591 5581 5590 5600 5610 5618 5625 5630 5628 5628 5625 5620 5620 5594 5589 5592
5411 5411 5410 5417 5434 5473 5495 5462 5436 5420 5412 5412 5420 5415 5391 5387 5414 5441 5423 5389 5354 5327 5319 5305 5287 5276 5267 5257 5249 5265 5271 5259 5260 5277 5292 5296 5294 5286 5284 5283 5284 5298 5310 5323 5336 5399 5428 5446 5461 5471 5479 5487 5486 5486 5483 5487 5500 5507 5521 5524 5534 5543 5543 5574 5578 5588 5603 5594 5575 5580 5586 5595 5606 5615 5623 5627 5630 5628 5625 5616 5596 5604 5593 5586
5410 5405 5409 5410 5452 5499 5457 5435 5422 5412 5405 5400 5412 5429 5403 5395 5416 5433 5423 5398 5372 5355 5334 5318 5303 5289 5277 5261 5247 5230 5236 5247 5256 5264 5269 5295 5295 5273 5273 5284 5298 5321 5332 5329 5342 5387 5437 5456 5468 5479 5485 5486 5491 5494 5497 5497 5500 5503 5501 5526 5549 5575 5584 5595 5586 5580 5604 5594 5569 5573 5582 5592 5603 5613 5623 5629 5630 5629 5624 5621 5616 5596 5582 5564
5421 5420 5419 5418 5454 5482 5431 5408 5408 5410 5408 5401 5415 5429 5417 5409 5418 5425 5420 5401 5380 5363 5340 5329 5328 5324 5290 5263 5245 5199 5213 5241 5252 5259 5270 5291 5287 5257 5279 5325 5341 5360 5363 5377 5392 5425 5454 5464 5476 5488 5498 5500 5508 5504 5504 5503 5504 5507 5516 5533 5553 5569 5575 5582 5586 5597 5602 5598 5589 5573 5582 5593 5604 5615 5624 5629 5630 5621 5625 5624 5621 5609 5571 5545
5436 5437 5437 5436 5450 5451 5416 5394 5405 5412 5417 5423 5433 5435 5421 5417 5422 5429 5422 5399 5373 5344 5331 5327 5328 5321 5291 5262 5240 5248 5235 5235 5248 5260 5274 5287 5280 5250 5291 5327 5338 5370 5384 5398 5432 5463 5457 5469 5483 5497 5514 5540 5532 5513 5502 5508 5512 5514 5523 5543 5558 5566 5575 5578 5585 5591 5610 5597 5581 5585 5585 5593 5604 5615 5626 5639 5645 5645 5634 5624 5624 5616 5565 5550
5444 5448 5455 5461 5459 5441 5431 5418 5415 5421 5430 5442 5439 5430 5412 5421 5425 5427 5418 5396 5367 5337 5321 5318 5313 5299 5285 5267 5248 5229 5238 5238 5257 5271 5287 5296 5280 5261 5311 5337 5356 5380 5391 5406 5417 5438 5452 5471 5487 5501 5514 5523 5528 5528 5519 5528 5530 5529 5540 5564 5575 5578 5594 5599 5594 5595 5594 5588 5574 5570 5581 5590 5600 5612 5625 5641 5649 5629 5614 5606 5604 5587 5556 5549
5451 5454 5464 5477 5468 5469 5473 5443 5429 5431 5440 5453 5455 5450 5439 5427 5425 5425 5420 5395 5367 5335 5316 5313 5305 5289 5280 5269 5257 5254 5269 5282 5290 5293 5318 5331 5313 5293 5315 5352 5353 5370 5390 5413 5429 5440 5467 5481 5493 5504 5514 5521 5532 5547 5565 5557 5557 5566 5592 5596 5598 5598 5608 5608 5597 5596 5595 5585 5575 5576 5580 5587 5595 5605 5614 5621 5617 5605 5597 5591 5587 5573 5548 5548
5455 5463 5463 5458 5461 5456 5457 5446 5439 5441 5445 5449 5459 5455 5432 5425 5423 5422 5413 5395 5371 5349 5336 5318 5305 5291 5284 5280 5272 5278 5305 5336 5334 5348 5363 5375 5375 5359 5339 5369 5347 5366 5389 5403 5426 5468 5493 5495 5501 5507 5515 5522 5533 5553 5570 5578 5582 5584 5598 5610 5619 5606 5602 5600 5593 5595 5592 5582 5574 5571 5576 5586 5593 5598 5601 5600 5595 5599 5602 5592 5564 5541 5531 5549
5452 5449 5451 5461 5457 5453 5457 5457 5452 5452 5453 5456 5463 5456 5428 5422 5423 5420 5415 5396 5376 5355 5337 5322 5314 5308 5298 5285 5271 5281 5317 5344 5352 5364 5391 5410 5394 5385 5393 5397 5371 5388 5415 5430 5437 5475 5488 5502 5513 5517 5522 5527 5540 5565 5586 5596 5603 5608 5609 5616 5623 5596 5601 5592 5584 5583 5582 5575 5568 5565 5575 5583 5588 5591 5592 5593 5596 5596 5593 5584 5544 5532 5550 5554
5453 5446 5441 5449 5458 5457 5455 5469 5464 5462 5464 5471 5472 5465 5444 5429 5425 5422 5415 5400 5379 5356 5328 5326 5323 5318 5305 5285 5273 5280 5312 5337 5343 5362 5375 5384 5401 5407 5407 5419 5412 5418 5435 5451 5468 5482 5502 5516 5525 5532 5537 5540 5551 5582 5603 5611 5618 5621 5613 5615 5624 5596 5597 5586 5566 5569 5572 5569 5565 5571 5579 5580 5580 5580 5580 5581 5586 5585 5582 5547 5542 5548 5565 5566
5457 5460 5469 5473 5470 5467 5462 5479 5474 5472 5472 5482 5488 5479 5460 5436 5429 5424 5419 5404 5383 5362 5352 5336 5328 5325 5314 5289 5268 5270 5280 5305 5324 5338 5365 5390 5406 5413 5405 5415 5442 5445 5455 5461 5475 5496 5520 5534 5541 5547 5554 5561 5567 5588 5611 5625 5628 5626 5621 5620 5626 5608 5614 5594 5574 5577 5571 5564 5558 5556 5579 5575 5573 5571 5569 5566 5558 5561 5556 5552 5554 5565 5584 5574
5462 5475 5499 5489 5481 5481 5492 5516 5493 5486 5480 5493 5506 5495 5465 5440 5430 5423 5419 5405 5381 5361 5341 5330 5324 5319 5306 5276 5255 5263 5279 5299 5321 5340 5365 5383 5396 5398 5402 5421 5456 5465 5468 5466 5482 5511 5530 5547 5560 5568 5578 5591 5606 5613 5634 5646 5643 5633 5630 5629 5627 5623 5621 5606 5595 5571 5571 5564 5557 5551 5554 5564 5566 5563 5560 5555 5552 5560 5578 5574 5573 5568 5572 5575
5463 5467 5466 5478 5484 5491 5492 5488 5501 5501 5501 5509 5512 5499 5475 5448 5429 5417 5409 5395 5370 5352 5339 5326 5315 5304 5290 5278 5266 5269 5286 5310 5334 5356 5372 5387 5398 5379 5393 5431 5462 5481 5488 5499 5503 5524 5552 5577 5577 5585 5597 5616 5646 5694 5677 5672 5681 5673 5647 5638 5648 5628 5614 5614 5606 5595 5577 5567 5558 5553 5554 5560 5559 5557 5551 5546 5545 5549 5552 5552 5548 5552 5557 5566
5460 5457 5436 5471 5476 5487 5499 5497 5505 5519 5525 5538 5540 5528 5492 5447 5428 5409 5388 5365 5353 5342 5330 5317 5309 5297 5282 5274 5253 5282 5315 5328 5348 5365 5381 5395 5405 5390 5433 5443 5461 5491 5507 5492 5499 5524 5556 5569 5582 5593 5606 5624 5652 5685 5682 5682 5684 5679 5654 5650 5675 5670 5641 5616 5603 5590 5581 5571 5563 5559 5564 5559 5551 5545 5539 5532 5523 5513 5512 5517 5523 5526 5527 5536
5464 5462 5464 5467 5466 5468 5498 5516 5534 5538 5538 5542 5539 5557 5517 5468 5432 5405 5376 5348 5341 5336 5330 5320 5308 5295 5282 5269 5267 5294 5327 5334 5345 5367 5389 5405 5403 5418 5436 5456 5476 5500 5502 5481 5496 5518 5529 5560 5586 5604 5618 5626 5634 5646 5668 5666 5651 5649 5644 5636 5632 5641 5633 5619 5608 5596 5583 5575 5568 5559 5551 5552 5547 5541 5533 5525 5515 5507 5513 5509 5508 5510 5509 5512
5466 5467 5471 5477 5471 5476 5509 5538 5568 5556 5550 5543 5553 5570 5535 5476 5439 5409 5379 5355 5344 5338 5332 5318 5311 5298 5285 5276 5280 5299 5319 5333 5331 5367 5404 5428 5450 5455 5458 5455 5475 5509 5520 5481 5507 5532 5550 5579 5610 5630 5640 5639 5633 5674 5675 5671 5660 5657 5652 5629 5627 5625 5622 5610 5591 5583 5580 5576 5572 5566 5556 5552 5545 5541 5534 5525 5516 5509 5512 5508 5507 5507 5505 5504
5474 5480 5485 5486 5483 5488 5509 5539 5574 5564 5560 5554 5551 5604 5545 5485 5445 5417 5392 5371 5358 5348 5341 5338 5318 5302 5292 5286 5293 5311 5331 5348 5370 5399 5435 5465 5481 5492 5448 5419 5451 5487 5507 5519 5538 5566 5600 5626 5650 5672 5682 5677 5667 5675 5688 5689 5691 5690 5694 5684 5655 5629 5629 5612 5587 5579 5580 5579 5580 5583 5588 5546 5549 5543 5535 5525 5516 5509 5513 5515 5510 5509 5509 5513
5479 5491 5502 5501 5500 5503 5515 5524 5519 5558 5592 5562 5532 5558 5530 5486 5452 5429 5410 5398 5381 5361 5344 5335 5312 5304 5298 5291 5309 5334 5351 5366 5383 5426 5469 5507 5485 5502 5463 5448 5450 5472 5500 5534 5576 5613 5642 5669 5714 5740 5752 5747 5723 5691 5735 5745 5691 5742 5752 5748 5722 5688 5663 5647 5613 5589 5583 5581 5581 5581 5575 5570 5566 5559 5548 5534 5522 5515 5514 5516 5516 5514 5513 5509
