real_craters/C131-300m.grd
DSAA
274 274
-40.915 40.915
-40.915 40.915
4576.1268789956 6781.9935362351
[rows 30 to 59 of 274, columns 67 to 133 of 274]
5319.42 5317.24 5315.19 5313.28 5311.55 5310.5 5309.77 5310.29 5312.43 5314.28 5314.17 5314.01 5313.26 5312.75 5313.49 5317.21 5314.89 5315.47 5318.3 5323.3 5330.53 5337.84 5339.74 5339.41 5337.73 5335.76 5333.49 5331.03 5329.06 5327.65 5327.87 5330.49 5334.72 5338.52 5339.84 5338.72 5337.97 5338.33 5341.21 5344.52 5339.36 5332.75 5329.74 5337.3 5342.75 5349.11 5352.81 5357.1 5361.81 5368.5 5375.9 5384.08 5392.58 5401.14 5409.54 5417.52 5426.42 5433.61 5439.85 5445.15 5450.29 5454.84 5457.84 5459.8 5461.99 5463.09 5464.27
5318.44 5316.39 5314.38 5312.36 5310.29 5308.47 5307.06 5308.7 5312.69 5318.27 5318.07 5314.28 5311.45 5308.84 5305.79 5302.62 5305.3 5309.06 5312.71 5317.65 5325.74 5333.02 5335.56 5335.63 5335.06 5334.03 5332.38 5330.52 5328.76 5326.86 5326.43 5329.61 5335.28 5340.22 5340.94 5339.46 5339.75 5341.09 5345.02 5346.31 5339.81 5331.54 5327.1 5329.36 5335.1 5341.61 5348.99 5355.75 5363.15 5368.68 5375.39 5383.27 5391.23 5399.32 5407.24 5414.77 5423.55 5429.32 5434.86 5441.38 5446.63 5451.12 5454.61 5456.8 5458.99 5459.66 5460.9
5317.27 5315.45 5313.89 5311.89 5309.67 5307.33 5304.7 5305.82 5310.68 5315.69 5316.04 5312.75 5309.41 5305.85 5301.35 5296.24 5299.46 5304.9 5309.97 5315.11 5320.85 5325.85 5329.82 5330.97 5332.18 5332.1 5331.44 5330.2 5328.47 5326.32 5323.52 5327.77 5335.41 5343.26 5342.47 5340.54 5341.66 5344.58 5349.97 5348.81 5340.6 5334.43 5331.47 5332.74 5335.51 5339.97 5347.06 5353.86 5360.99 5368.1 5375.23 5382.72 5390.35 5398.14 5405.84 5413.18 5421.64 5427.19 5432.45 5439.59 5444.66 5448.7 5452.06 5454.7 5456.93 5457.92 5459.08
5314.97 5315.21 5313.61 5311.9 5309.94 5307.71 5305.69 5306.22 5308.23 5309.59 5310.82 5309.92 5307.73 5304.85 5301.76 5298.93 5299.82 5303.82 5308.87 5313.91 5317.69 5321.13 5325.11 5327.24 5328.81 5329.57 5330.41 5330.18 5329.28 5328.42 5326.13 5328.72 5333.24 5339.67 5340.68 5340.8 5341.75 5343.76 5343.53 5341.5 5338.37 5336.14 5336.01 5339.78 5340.1 5341.97 5347.38 5353.56 5360.27 5367.9 5375.18 5382.62 5390.2 5397.71 5405.25 5412.59 5421.31 5427.91 5434.27 5439.82 5444.05 5447.77 5451.4 5453.77 5455.59 5456.73 5457.73
5314 5314.53 5313.35 5312.18 5311.02 5309.34 5307.26 5307.29 5307.85 5307.72 5308.1 5307.68 5306.5 5304.85 5303.39 5301.78 5301.43 5304.02 5308.03 5312.87 5314.95 5318.01 5321.82 5324.24 5326.17 5327.38 5328.33 5329.33 5330.42 5332.07 5332.88 5331.22 5329.62 5329.02 5337.71 5341.43 5339.09 5335.98 5331.27 5332.12 5334.04 5336.05 5339.42 5340.93 5340.38 5343.14 5348.58 5355.26 5362.06 5368.67 5375.84 5383.22 5390.77 5398.33 5405.55 5412.87 5421.9 5428.85 5435.11 5440.3 5444.54 5448.09 5451.31 5453.92 5455.21 5456.57 5452.15
5312.31 5313.19 5312.53 5312.11 5312.1 5312.22 5311.97 5309.91 5308.78 5308.42 5307.05 5306.29 5305.79 5305.08 5303.44 5302.56 5302.81 5304.33 5306.34 5308.19 5311.38 5315.41 5319.13 5321.6 5323.74 5325.29 5326.57 5328.33 5330.49 5334.1 5337.16 5332.44 5328.64 5328.16 5335.09 5338.17 5334.52 5329.07 5324.18 5325.96 5329.66 5333.72 5337.96 5338.44 5339.02 5343.89 5349.62 5356.38 5363.06 5369.53 5376.42 5383.76 5391.49 5398.65 5406.13 5415.58 5422.72 5429.89 5435.76 5441.61 5445.56 5448.99 5452.05 5454.73 5456.13 5457.45 5453.06
5310.52 5311.58 5311.32 5311.41 5312.16 5313.57 5314.54 5310.71 5307.36 5305.53 5304.98 5304.91 5305.14 5305.78 5306.63 5305.02 5303.95 5305.31 5305.88 5305.53 5308.85 5313.67 5317.33 5319.05 5321.04 5322.87 5324.65 5326.45 5328.41 5330.79 5332.27 5330.31 5328.78 5328.77 5331.66 5332.36 5329.44 5325.15 5320.85 5321.97 5325.65 5329.99 5333.95 5337.08 5341.04 5345.51 5350.03 5356.53 5363.38 5370.2 5377.43 5384.68 5392.32 5399.96 5407.43 5416.41 5423.83 5430.64 5437.83 5442.12 5446.41 5450.51 5453.86 5456.98 5458.25 5454.07 5455.97
5309.15 5309.16 5309.26 5309.45 5310.24 5311.49 5311.64 5308.11 5304.29 5301.86 5302.33 5303.04 5304.07 5305.62 5307.92 5307.86 5308.58 5307.58 5307.67 5308.52 5311.05 5313.7 5315.62 5317.42 5318.99 5320.67 5322.5 5323.91 5324.83 5324.64 5324.31 5325.26 5326.87 5326.82 5325.78 5325.3 5323.81 5321.14 5316.32 5318.42 5321.88 5326.06 5330.58 5336.44 5341.72 5345.12 5349.43 5355.62 5363.11 5370.08 5377.47 5385.01 5393.52 5401.36 5408.36 5417.18 5424.66 5431.02 5434.66 5440.55 5447.89 5453.26 5456.92 5460.32 5462.08 5458.47 5460.13
5307.62 5307.14 5306.6 5306.49 5306.58 5306.29 5305.81 5303.62 5301.9 5300.34 5299.88 5300.7 5302.05 5303.71 5305.3 5307.19 5308.57 5308.01 5309.19 5312.7 5315.93 5315.09 5314.59 5315.33 5316.73 5318.25 5319.96 5321.24 5321.92 5320.88 5319.19 5318.13 5317.64 5316.98 5316.07 5316.98 5317.23 5315.93 5314.75 5315.13 5318.13 5322.03 5325.97 5330.31 5336.09 5341.99 5348.07 5355.48 5363.06 5370.59 5378.41 5386.41 5394.33 5402.27 5410.67 5418.5 5426.32 5433.67 5439.6 5445.64 5452.02 5457.17 5461.01 5463.68 5466.54 5463.52 5465.47
5305.35 5304.54 5303.79 5303.26 5302.57 5300.6 5299.1 5298.25 5296.53 5296.22 5296.77 5297.88 5299.22 5300.72 5302.71 5303.46 5303.37 5305.71 5307.97 5311.02 5315.28 5313.19 5312.09 5312.46 5313.85 5315.33 5316.97 5318.55 5319.83 5320.31 5316.58 5310.91 5304.75 5305.44 5307.16 5309.77 5311.92 5310.61 5308.86 5311.47 5314.8 5318.62 5323.06 5328.17 5332.09 5338.8 5346.3 5354.7 5363.19 5371.28 5379.25 5387.49 5396.05 5404.37 5412.08 5420.29 5428.89 5437.58 5445.7 5452.49 5457.64 5461.88 5465.72 5468.5 5466.36 5469.41 5472.06
5301.81 5300.92 5300.53 5299.91 5299.19 5297.29 5295.55 5293.97 5292.01 5291.89 5293.34 5294.89 5296.51 5297.62 5298.44 5301.49 5303.17 5304.81 5305.24 5304.33 5303.97 5305.95 5307.17 5308.71 5310.58 5312.12 5313.5 5315.15 5316.88 5317.66 5312.45 5304.95 5299.86 5299.1 5301.04 5304.5 5307.52 5306.99 5305.79 5308.3 5311.78 5315.69 5320.76 5326.49 5330.96 5337.79 5345.77 5353.84 5363.59 5371.82 5380.25 5388.57 5397.49 5406.42 5413.94 5422.71 5432.09 5440.84 5450.3 5458.82 5462.09 5465.95 5469.89 5473.08 5471.2 5474.92 5478.49
5298.13 5297.37 5296.9 5297.03 5296.42 5294.76 5292.82 5290.95 5289.44 5289.11 5290.07 5291.91 5294.29 5297.28 5299.56 5301.25 5304.73 5304.84 5303.11 5300.61 5295.65 5298.18 5302.12 5305.12 5307.32 5308.72 5309.96 5310.93 5311.82 5312.44 5306.68 5299.5 5293.14 5295.75 5298.86 5301.21 5301.71 5301.45 5303.16 5305.66 5308.31 5312.23 5317.28 5323.23 5328.87 5337.75 5348.75 5357.93 5365.99 5373.68 5382.4 5390.96 5399.62 5406.31 5414.85 5424.08 5433.75 5443.03 5451.92 5459.25 5464.37 5469.3 5473.21 5477.22 5476.13 5479.81 5484.37
5294.41 5293.37 5292.88 5293.43 5293.94 5293.5 5290.34 5287.59 5286.24 5285.59 5286.55 5288.56 5291.37 5294.9 5297.21 5298.47 5300.5 5301.1 5301.13 5300.76 5294.61 5294.4 5299.58 5303.03 5304.94 5305.93 5306.3 5306.38 5305.15 5303.16 5300.07 5295.93 5293.5 5295.3 5298.37 5300.97 5302.14 5303.78 5302.82 5303.01 5304.92 5308.31 5313.02 5319.17 5327.04 5337.04 5349.93 5360.47 5367.58 5375.5 5383.99 5392.41 5401.3 5408.51 5416.86 5425.57 5435.41 5444.47 5452.8 5459.43 5465.94 5471.96 5476.9 5474.9 5479.58 5484.88 5490.44
5290.92 5289.65 5288.66 5288.77 5289.94 5290.76 5285.91 5281.78 5280.34 5280.74 5282.58 5284.97 5287.59 5290.31 5292.43 5293.6 5294.53 5296.18 5298.82 5300.56 5295.29 5297.38 5301 5302.79 5303.72 5304.09 5303.62 5302.28 5299.78 5296.61 5295.21 5293.6 5293.82 5296.67 5299.62 5302.05 5304.51 5302.23 5299.62 5299.11 5300.72 5303.64 5307.97 5314.77 5323.57 5333.62 5345.33 5356.91 5366.91 5375.92 5384.75 5393.39 5402.4 5410.1 5418.99 5427.74 5436.97 5445.91 5454.11 5460.95 5468 5474.58 5479.29 5478.37 5483.55 5489.2 5495.62
5286.97 5285.18 5283.54 5282.78 5282.44 5281.9 5278.39 5273.77 5271.9 5275.5 5278.91 5281.82 5284.11 5285.81 5287.95 5289.21 5289.7 5291.7 5297.6 5302.01 5307.23 5307.9 5305.37 5304.04 5303.36 5302.48 5301.34 5299.78 5297.5 5294.63 5292.68 5291.48 5293.25 5297.97 5300.28 5300.61 5301.03 5295.49 5293.67 5294.07 5295.79 5298.74 5302.52 5308.61 5317.96 5329.47 5342.82 5355.26 5366.21 5376.1 5385.9 5395.42 5403.06 5411.93 5421.12 5430.13 5438.36 5447.68 5456.15 5463.84 5470.98 5477.12 5480.62 5480.82 5486.2 5492.41 5499.29
5282.47 5279.71 5277.37 5275.68 5274.31 5273.05 5272.19 5269.59 5268.96 5273.35 5277.14 5279.82 5281.82 5283.09 5285.39 5286.92 5287.67 5290.33 5299.5 5307.36 5313.03 5312.45 5307.74 5304.73 5302.66 5301.06 5299.5 5297.9 5296.63 5294.55 5291.25 5289.63 5292.47 5297.41 5298.38 5295.44 5290.98 5286.38 5286.77 5288.76 5291.39 5294.54 5298.46 5304.58 5314.17 5323.25 5339.15 5354.99 5367.44 5378.43 5389.59 5399.37 5405.73 5414.53 5423.38 5432.31 5441.61 5449.96 5458.85 5467.47 5474.18 5479.48 5483.02 5482.86 5488.2 5494.56 5501.82
5277.51 5274.3 5271.33 5268.87 5267.45 5268.06 5270.14 5271.62 5272.89 5275.28 5277.44 5279.11 5280.71 5283.06 5284.56 5286.9 5289.6 5294.26 5303.45 5312.41 5312.45 5309.07 5305.93 5303.43 5301.42 5299.64 5297.84 5296.01 5294.21 5292.36 5290.25 5289.23 5293.69 5297.92 5297.43 5291.3 5281.98 5278.38 5281.55 5284.72 5287.95 5291.81 5297.14 5304.29 5313.7 5328.59 5346.81 5359.7 5371.75 5384.04 5394.49 5403.59 5412.64 5420.11 5427.93 5437.23 5445.29 5452.88 5460.57 5468.67 5475.26 5479.91 5479.42 5483.79 5489.08 5495.33 5502.68
5272.44 5269.49 5266.24 5263.49 5261.46 5264.32 5271.16 5276.8 5278.81 5279.01 5279.12 5279.24 5279.39 5280.65 5283.93 5287.67 5292.5 5299.12 5304.82 5309.85 5307.96 5304.28 5302.83 5301.25 5299.39 5297.71 5296.16 5294.44 5292.22 5290.92 5290.23 5290.68 5297.59 5305.88 5300.22 5292.5 5283.39 5278.66 5280.61 5283.3 5286.25 5289.9 5295.74 5304.4 5317.9 5342.07 5354.9 5365.63 5377.8 5390.15 5400.52 5410.58 5419.56 5426.85 5433.46 5440.25 5446.97 5454.59 5461.31 5468.47 5475.12 5478.77 5479.11 5483.64 5488.99 5494.82 5501.44
5267.96 5264.67 5262.71 5260.6 5260.22 5265.26 5274.64 5282.37 5284.12 5282.72 5281.17 5279.86 5278.66 5279.3 5283.35 5287.79 5292.96 5298.52 5301.43 5302.7 5302.67 5301.01 5299.96 5298.84 5297.44 5295.99 5294.86 5294 5292.89 5291.33 5290.48 5292.41 5297.13 5302.05 5299.21 5294.2 5288.19 5283.02 5283.01 5284.35 5286.29 5289.04 5293.99 5303.96 5320.45 5342.83 5355.05 5370.83 5384.52 5395.55 5406.72 5416.1 5424.32 5431.72 5438.98 5443.77 5450.25 5456.14 5461.51 5465.45 5468.95 5475.36 5477.84 5482.85 5487.78 5492.76 5498.01
5265.1 5261.83 5260.47 5259 5261.34 5268.28 5278.88 5287.95 5288.01 5284.58 5281.46 5279.65 5279.37 5280.05 5282.91 5286.81 5291.35 5295.35 5297.44 5297.83 5298.73 5298.51 5297.28 5296.32 5295.42 5294.44 5293.34 5293.08 5293.22 5291.08 5289.67 5289.31 5293.11 5294.94 5294.13 5291.72 5290.16 5287.79 5287.19 5287.81 5288.8 5290.2 5293.52 5304.71 5322.09 5342.18 5359.96 5378.59 5392.54 5403.32 5413.39 5421.95 5429.74 5437.36 5444.78 5449.2 5453.71 5458.55 5462.71 5464.69 5465.67 5474.09 5480.27 5481.99 5486.13 5489.82 5493.33
5264.14 5260.73 5257.33 5256 5258.57 5268.06 5280.84 5291.15 5288.82 5283.51 5279.06 5276.95 5279.14 5279.58 5280.74 5284.44 5289.35 5293.99 5296.95 5297.03 5295.87 5294.72 5293.47 5293.71 5293.44 5292.24 5291.57 5290.48 5290.14 5288.9 5288.48 5289.19 5290.21 5291.1 5289.7 5287.91 5289.53 5290.87 5291.92 5293.01 5294.13 5295.17 5297.1 5308.44 5325.34 5353.01 5378.16 5392.09 5403.67 5414.16 5422.42 5430.17 5437.35 5443.85 5450.01 5454.79 5458.93 5463.27 5465.87 5468.71 5472.64 5477.64 5481.75 5482.2 5484.88 5487.49 5489.2
5262.31 5258.48 5254.36 5252.62 5254.66 5265.21 5278.06 5287.08 5284.51 5279.03 5273.91 5269.86 5268.65 5271.07 5275.4 5280.85 5286.62 5292.66 5296.81 5296.65 5293.96 5289.52 5290.68 5292.27 5292.01 5290.73 5289.32 5287.45 5285.58 5285.95 5285.66 5285.89 5285.94 5286.48 5286.81 5287.27 5290.41 5294.77 5297.65 5300.23 5302.75 5305.29 5308.64 5317.93 5333.02 5362.87 5393.28 5405.26 5413.77 5422.48 5428.89 5435.64 5443.14 5449.23 5454.61 5459.76 5463.81 5467.02 5471.5 5474.7 5479.72 5482.64 5484.83 5483.62 5484.97 5485.94 5486.5
5259.68 5255.82 5252.71 5250.41 5252.47 5261.53 5271.58 5277.39 5276.47 5272.02 5266.79 5261.2 5255.1 5261.51 5269.03 5275.77 5282.57 5289.3 5294.28 5294.98 5294.59 5293.79 5294.22 5293.34 5291.4 5289.01 5287.32 5286.12 5285.35 5284.03 5282.84 5282.46 5283.42 5284.01 5285.54 5289.81 5296.6 5301.24 5304.89 5308.45 5312.75 5318.64 5324.71 5329.68 5341.92 5370.22 5403.5 5413.69 5421.8 5430.07 5436.66 5442.15 5450.81 5456.34 5461.47 5466.05 5469.29 5472.42 5476.13 5479.44 5484.68 5486.73 5487.17 5485.24 5485.85 5486.2 5485.89
5260.33 5255.75 5251.79 5248.21 5249.33 5257.27 5266.22 5269.55 5267.59 5263.53 5259.43 5255.68 5253.72 5257.62 5264.24 5270.7 5277.09 5283.58 5290.21 5293.11 5295.1 5298.21 5299.11 5295.36 5291.02 5286.81 5284.13 5283.38 5283 5281.9 5283.21 5283 5282.6 5283.54 5285.3 5291.14 5303.15 5308.85 5312.63 5316.08 5321.11 5329.28 5336.57 5337.29 5345.24 5368.79 5400.07 5415.34 5427.09 5435.79 5443.33 5450.21 5456.59 5461.76 5465.99 5469.23 5473.02 5476.41 5479.55 5482.31 5485.36 5487.09 5488.11 5486.57 5486.96 5487.27 5486.95
5262.15 5256.87 5251.87 5245.92 5243.81 5249.91 5263.33 5264.17 5256.7 5253.45 5252.32 5252.14 5253.24 5256.25 5261.05 5266.12 5270.94 5275.53 5279.58 5286.68 5292.79 5298.49 5300.64 5296.19 5289.75 5283.55 5278.98 5276.78 5277.04 5277.83 5280.1 5282.01 5283.23 5285.84 5287.96 5293.68 5311.77 5317.85 5321.1 5323.46 5326.06 5330.91 5336.41 5338.58 5344.88 5362.98 5393.58 5416.02 5429.75 5439.98 5447.34 5453.89 5458.42 5463.33 5468.35 5471.94 5475.93 5478.72 5481.44 5483.39 5484.78 5486.15 5488.14 5487.74 5488.77 5489.54 5489.76
5264.74 5258.95 5253.42 5247.23 5237.54 5231.1 5239.48 5240.13 5237.59 5240.65 5244.67 5248.66 5252.25 5255.08 5258.58 5262.34 5265.92 5268.75 5270.45 5278.39 5288.76 5297.74 5301.65 5296.07 5287.42 5278.68 5271.91 5269.09 5272.12 5276.37 5275.36 5285.73 5290.39 5295.52 5297.37 5304.43 5322.92 5327.67 5330.66 5331.77 5330.61 5327.52 5331.57 5340.2 5347.44 5362.24 5397.05 5420.21 5433.63 5444.28 5451 5457.15 5461.57 5466.83 5471.27 5475.64 5479.44 5482.5 5483.94 5485.27 5485.13 5486.18 5488.88 5489.91 5491.78 5493.14 5493.99
5267.41 5260.23 5253.9 5247.4 5229.35 5201.2 5173.4 5192.53 5214.4 5228.39 5238.27 5245.6 5250.72 5253.72 5256.6 5259.66 5262.72 5266.31 5267.41 5275.27 5287.07 5296.94 5301.93 5294.93 5283.88 5272.96 5264.37 5261.51 5270.66 5284.02 5295.53 5305.15 5313.09 5314.52 5315.65 5317.25 5330.95 5338.56 5341.76 5342.72 5341.82 5337.76 5341.64 5351.67 5358.6 5370.43 5402.48 5425.64 5438.98 5448.86 5455.08 5460.34 5465.35 5470.21 5474.65 5479.33 5483.28 5486.27 5488.64 5488.91 5487.33 5486.29 5491.26 5493.87 5496.15 5497.35 5498.11
5268.89 5260.27 5252.74 5244.73 5226.35 5195.85 5156.78 5178.4 5205.9 5223.04 5235.1 5244.2 5249.83 5252.5 5254.97 5257.68 5260.65 5264.61 5270.74 5277.3 5286.49 5295.21 5299.87 5291.72 5279.55 5267.25 5257.49 5255.35 5272.31 5294.99 5315.03 5323.19 5331.46 5333.25 5340.11 5346.76 5349.25 5352.17 5354.69 5357.2 5360.21 5365.37 5368.36 5374.39 5381.97 5392.69 5415.57 5435.68 5446.57 5453.95 5459.25 5464.63 5469.42 5474.19 5478.84 5483.2 5487.14 5490.73 5493.88 5494.92 5494.07 5491.96 5498.22 5501.94 5502.34 5502.2 5501.78
5269.28 5258.91 5249.42 5242.14 5234.34 5229.16 5225.31 5213.28 5217.08 5225.66 5235.08 5244.45 5249.24 5251.12 5253.52 5256.39 5259.39 5262.04 5268.11 5278.09 5285.7 5292.19 5293.87 5287.41 5274.98 5261.93 5252.52 5253.84 5275.83 5302.63 5322.37 5326.19 5331.48 5340.41 5354.44 5367.66 5364.95 5364.92 5366.86 5370.29 5376.53 5386.1 5391.18 5398.86 5411.96 5425.49 5442.59 5454.26 5456.14 5459.39 5462.38 5466.56 5470.9 5476.66 5481.33 5486.02 5490.86 5495.98 5499.64 5503.58 5506.5 5507.65 5512.28 5513.25 5510.28 5507.71 5505.24
5269.29 5257.66 5246.11 5237.34 5240.38 5250.81 5260.08 5239.98 5230.38 5230.46 5235.24 5242.79 5246.71 5249.34 5252.69 5256.28 5259.93 5264.53 5270.89 5277.98 5284.64 5289.99 5292.14 5284.92 5271.33 5258.01 5249.27 5254.11 5279.91 5308.03 5324.33 5326.52 5330.08 5338.98 5349.44 5364.81 5371.02 5373.48 5376.06 5380.34 5386.57 5394.47 5404.46 5416.42 5431.2 5448.75 5462.75 5464.54 5460.38 5461.27 5464.11 5468.59 5473.14 5478.24 5485.09 5489.6 5494.94 5500.49 5506.61 5513.45 5521.28 5530.22 5531.86 5525.92 5518.32 5513.09 5508.45
