real_craters/C131-750m.grd
DSAA
110 110
-40.915 40.915
-40.915 40.915
4577.5759825161 6727.1788727923
[rows 38 to 75 of 110, columns 0 to 83 of 110]
5476 5472 5496 5531 5521 5519 5522 5529 5540 5552 5587 5589 5553 5532 5510 5484 5457 5438 5425 5414 5395 5374 5350 5315 5311 5317 5312 5319 5340 5365 5378 5385 5405 5451 5503 5551 5548 5549 5488 5456 5463 5486 5526 5576 5634 5686 5721 5762 5810 5832 5852 5859 5830 5808 5851 5890 5944 5848 5820 5785 5748 5722 5712 5672 5628 5602 5591 5585 5584 5577 5575 5582 5584 5575 5562 5548 5532 5514 5511 5521 5518 5518 5517 5517
5481 5486 5499 5516 5530 5531 5524 5546 5540 5534 5550 5557 5535 5512 5493 5468 5449 5447 5440 5423 5405 5396 5375 5353 5345 5352 5362 5378 5374 5378 5389 5402 5428 5475 5528 5561 5586 5555 5487 5468 5488 5524 5570 5632 5703 5778 5845 5869 5903 5914 5934 5981 6011 5997 5939 5917 5896 5869 5874 5921 5915 5849 5815 5754 5644 5631 5614 5602 5589 5574 5567 5608 5598 5589 5576 5562 5545 5516 5504 5508 5521 5523 5522 5519
5486 5491 5504 5519 5548 5542 5523 5520 5535 5530 5525 5520 5511 5494 5483 5468 5458 5463 5461 5458 5453 5430 5405 5389 5381 5379 5385 5380 5389 5400 5396 5408 5438 5485 5545 5604 5572 5537 5484 5482 5519 5567 5622 5686 5761 5852 5975 6132 6023 5932 5923 5999 6162 5947 5818 5826 5834 5738 5741 5873 5920 5947 5921 5840 5712 5682 5652 5621 5601 5585 5569 5587 5600 5598 5587 5576 5566 5556 5512 5538 5530 5528 5526 5526
5490 5493 5511 5542 5554 5544 5538 5537 5538 5521 5521 5504 5477 5479 5483 5488 5494 5483 5480 5487 5490 5456 5425 5409 5397 5392 5390 5390 5388 5396 5392 5394 5424 5477 5537 5602 5571 5533 5508 5523 5553 5612 5666 5726 5786 5855 5947 6027 5906 5819 5779 5773 5746 5593 5490 5501 5492 5466 5435 5432 5476 5650 5882 6019 5857 5746 5675 5638 5616 5600 5601 5602 5616 5613 5601 5587 5577 5572 5536 5544 5535 5528 5525 5525
5495 5503 5512 5521 5532 5537 5539 5547 5531 5515 5495 5493 5480 5483 5484 5488 5489 5482 5479 5482 5485 5454 5426 5411 5400 5398 5396 5388 5383 5388 5386 5381 5410 5460 5505 5533 5559 5520 5538 5537 5572 5630 5705 5758 5785 5800 5798 5725 5659 5619 5563 5471 5371 5315 5244 5190 5177 5168 5157 5124 5137 5304 5536 5762 5821 5718 5660 5622 5611 5613 5643 5664 5646 5630 5611 5590 5571 5552 5543 5539 5527 5522 5520 5515
5496 5502 5508 5514 5524 5523 5520 5514 5499 5493 5467 5490 5522 5492 5480 5475 5471 5466 5460 5457 5449 5430 5412 5397 5400 5388 5393 5386 5390 5397 5395 5393 5414 5448 5483 5516 5527 5541 5520 5548 5616 5697 5775 5797 5777 5736 5666 5563 5473 5441 5366 5271 5177 5113 5045 4930 4925 4931 4865 4818 4838 5012 5252 5454 5576 5597 5589 5579 5591 5604 5630 5645 5656 5639 5615 5588 5559 5532 5520 5507 5507 5511 5515 5519
5497 5500 5505 5509 5509 5503 5493 5478 5462 5454 5445 5491 5478 5471 5463 5457 5451 5445 5435 5425 5411 5402 5393 5380 5362 5394 5400 5397 5407 5416 5411 5412 5423 5443 5467 5499 5514 5476 5504 5585 5673 5795 5873 5831 5756 5669 5573 5469 5442 5302 5198 5111 5021 4942 4863 4794 4796 4803 4806 4790 4811 4854 4971 5221 5371 5451 5498 5536 5557 5580 5599 5612 5659 5640 5613 5583 5554 5523 5492 5488 5492 5503 5511 5518
5503 5503 5501 5502 5495 5482 5470 5456 5444 5457 5452 5454 5439 5439 5436 5433 5431 5420 5409 5402 5392 5386 5382 5376 5378 5397 5385 5403 5423 5428 5424 5420 5430 5442 5455 5482 5496 5496 5525 5642 5735 5878 5938 5840 5717 5591 5483 5390 5236 5120 5033 4952 4872 4789 4698 4715 4711 4720 4748 4782 4755 4739 4748 4981 5172 5293 5381 5449 5502 5544 5575 5608 5642 5634 5609 5577 5548 5517 5483 5478 5486 5498 5506 5512
5508 5502 5490 5479 5464 5459 5456 5452 5456 5460 5443 5418 5404 5407 5408 5402 5386 5380 5383 5381 5377 5375 5375 5379 5390 5405 5402 5416 5434 5438 5439 5439 5440 5442 5446 5465 5479 5494 5582 5755 5808 5937 5938 5779 5631 5490 5359 5225 5068 4977 4879 4786 4739 4698 4656 4647 4653 4646 4621 4648 4650 4632 4647 4820 4992 5139 5257 5361 5443 5510 5562 5593 5626 5633 5613 5575 5529 5503 5485 5487 5495 5501 5504 5505
5504 5494 5475 5452 5435 5444 5448 5448 5451 5438 5420 5406 5391 5390 5390 5382 5373 5369 5366 5367 5366 5366 5375 5383 5394 5403 5401 5419 5436 5451 5453 5452 5449 5445 5444 5440 5456 5539 5672 5822 5865 5834 5768 5649 5512 5364 5223 5085 4983 4854 4760 4684 4676 4672 4664 4643 4633 4620 4600 4607 4607 4600 4605 4711 4876 5038 5176 5300 5410 5502 5579 5631 5652 5665 5635 5588 5543 5521 5522 5528 5516 5508 5505 5499
5508 5486 5462 5442 5441 5450 5453 5450 5439 5428 5426 5404 5391 5385 5382 5375 5365 5358 5360 5364 5366 5369 5381 5389 5390 5401 5406 5424 5445 5457 5463 5466 5460 5456 5435 5432 5446 5541 5693 5824 5972 5723 5589 5496 5374 5234 5090 4938 4768 4695 4683 4664 4670 4683 4683 4664 4645 4633 4631 4616 4602 4590 4594 4657 4807 4969 5124 5266 5394 5517 5620 5710 5770 5721 5656 5603 5560 5545 5546 5535 5521 5514 5509 5500
5475 5464 5452 5444 5455 5464 5469 5464 5448 5427 5416 5411 5400 5390 5383 5375 5366 5360 5365 5371 5377 5389 5393 5403 5413 5439 5436 5439 5454 5454 5450 5462 5473 5482 5487 5462 5487 5613 5756 5856 5995 5647 5475 5371 5254 5119 4974 4829 4688 4659 4656 4663 4690 4724 4736 4696 4674 4652 4644 4620 4599 4590 4597 4644 4776 4932 5091 5247 5396 5537 5660 5743 5776 5732 5662 5617 5590 5560 5552 5543 5527 5524 5518 5512
5435 5439 5441 5453 5473 5489 5491 5486 5468 5432 5419 5423 5408 5397 5390 5382 5378 5381 5378 5382 5389 5386 5408 5423 5435 5444 5450 5450 5433 5441 5456 5469 5490 5509 5530 5520 5554 5673 5858 6026 5984 5595 5421 5300 5180 5051 4922 4792 4686 4664 4654 4671 4718 4774 4831 4757 4721 4678 4636 4615 4596 4587 4598 4650 4773 4922 5082 5246 5409 5564 5704 5804 5794 5686 5641 5618 5597 5570 5556 5559 5542 5536 5532 5529
5434 5434 5437 5450 5492 5512 5515 5512 5489 5451 5429 5409 5408 5403 5396 5393 5389 5387 5390 5400 5413 5433 5438 5443 5456 5462 5470 5464 5464 5460 5458 5483 5514 5547 5578 5623 5625 5709 5848 6075 5890 5593 5414 5276 5146 5020 4894 4780 4692 4664 4654 4680 4746 4813 4866 4869 4791 4686 4631 4610 4592 4578 4592 4654 4784 4931 5095 5261 5428 5591 5743 5874 5882 5637 5612 5609 5603 5580 5566 5556 5552 5546 5542 5540
5446 5444 5450 5467 5499 5519 5528 5535 5522 5470 5427 5408 5407 5408 5407 5403 5400 5395 5406 5421 5437 5454 5457 5454 5452 5468 5474 5482 5482 5472 5471 5504 5542 5587 5662 5711 5682 5712 5832 5934 5799 5612 5422 5266 5139 5009 4887 4781 4701 4665 4656 4696 4779 4852 4904 5009 4835 4692 4643 4606 4597 4593 4592 4659 4797 4948 5111 5275 5439 5597 5742 5846 5824 5653 5603 5602 5596 5584 5570 5566 5563 5551 5545 5542
5455 5456 5465 5481 5502 5520 5527 5526 5505 5463 5429 5414 5413 5416 5419 5423 5424 5425 5434 5445 5455 5462 5463 5462 5460 5456 5471 5480 5482 5490 5517 5537 5567 5606 5672 5726 5721 5752 5887 6019 5781 5588 5427 5279 5150 5021 4903 4794 4706 4661 4652 4711 4813 4914 4943 4894 4773 4671 4647 4617 4606 4609 4602 4673 4807 4956 5112 5273 5433 5586 5718 5809 5811 5640 5592 5592 5582 5562 5553 5553 5548 5543 5540 5537
5474 5467 5465 5478 5500 5516 5512 5509 5492 5452 5424 5418 5422 5428 5435 5444 5453 5462 5471 5473 5475 5475 5476 5476 5473 5474 5490 5498 5493 5501 5545 5567 5595 5636 5698 5736 5756 5798 5955 6008 5857 5560 5413 5278 5152 5026 4910 4803 4712 4654 4654 4721 4829 4950 4979 4798 4694 4642 4648 4597 4608 4616 4610 4689 4808 4949 5095 5258 5411 5555 5682 5777 5817 5644 5584 5561 5546 5528 5531 5533 5529 5528 5527 5525
5487 5478 5469 5477 5487 5488 5491 5483 5476 5457 5436 5428 5435 5445 5455 5468 5482 5497 5504 5501 5496 5492 5491 5499 5505 5511 5513 5526 5528 5547 5576 5592 5614 5655 5723 5767 5782 5790 5872 5960 5779 5535 5392 5267 5144 5029 4915 4807 4715 4658 4652 4714 4804 4891 4891 4744 4661 4635 4641 4638 4629 4631 4628 4704 4813 4942 5080 5228 5372 5508 5629 5715 5741 5663 5598 5558 5535 5528 5520 5518 5514 5513 5513 5513
5499 5489 5486 5484 5485 5482 5482 5475 5473 5463 5455 5446 5453 5464 5474 5488 5504 5522 5534 5523 5515 5511 5513 5526 5531 5522 5542 5531 5558 5586 5602 5613 5627 5652 5734 5772 5787 5806 5879 6006 5711 5508 5367 5251 5155 5040 4926 4825 4726 4656 4653 4700 4763 4815 4826 4784 4724 4669 4672 4667 4653 4644 4640 4705 4811 4934 5070 5211 5350 5481 5598 5683 5722 5681 5614 5565 5538 5521 5517 5513 5506 5505 5505 5506
5504 5497 5489 5490 5490 5489 5483 5483 5472 5461 5457 5462 5470 5480 5492 5508 5521 5534 5541 5536 5532 5529 5528 5544 5555 5557 5564 5568 5588 5617 5623 5631 5642 5658 5717 5727 5766 5814 5937 6024 5682 5500 5372 5251 5168 5055 4943 4848 4743 4664 4657 4682 4713 4744 4785 4848 4814 4698 4676 4677 4681 4662 4643 4699 4809 4931 5068 5206 5336 5467 5583 5672 5722 5691 5619 5565 5544 5534 5519 5513 5510 5502 5501 5500
5519 5507 5497 5498 5499 5494 5485 5474 5473 5476 5494 5475 5486 5497 5509 5521 5533 5538 5536 5544 5548 5551 5563 5558 5567 5577 5578 5588 5608 5625 5632 5647 5665 5692 5714 5728 5765 5829 5925 5878 5641 5519 5418 5333 5220 5101 4978 4864 4754 4672 4657 4665 4674 4670 4708 4735 4699 4685 4678 4691 4709 4687 4657 4711 4821 4948 5082 5214 5345 5467 5581 5675 5733 5715 5622 5564 5544 5530 5517 5509 5502 5501 5498 5495
5545 5525 5514 5514 5516 5512 5503 5490 5492 5501 5503 5502 5507 5515 5525 5537 5546 5553 5564 5566 5569 5570 5565 5568 5579 5592 5598 5607 5624 5635 5647 5667 5685 5701 5714 5721 5765 5817 5870 5842 5749 5587 5509 5404 5280 5148 5010 4883 4763 4677 4661 4660 4662 4665 4683 4696 4696 4697 4710 4711 4704 4693 4685 4734 4845 4975 5104 5240 5367 5485 5593 5686 5751 5742 5633 5567 5540 5525 5512 5503 5499 5501 5494 5489
5567 5545 5533 5533 5538 5544 5540 5520 5508 5511 5507 5516 5520 5528 5538 5550 5561 5571 5581 5588 5592 5593 5593 5587 5608 5619 5625 5642 5649 5654 5674 5692 5705 5715 5720 5735 5767 5806 5790 5805 5833 5698 5604 5485 5353 5207 5060 4917 4778 4677 4663 4663 4669 4677 4691 4704 4716 4731 4739 4737 4721 4707 4713 4769 4892 5027 5156 5281 5398 5510 5608 5694 5761 5774 5638 5565 5536 5517 5505 5497 5494 5494 5487 5483
5584 5564 5554 5552 5555 5561 5554 5529 5520 5518 5520 5522 5528 5539 5549 5561 5573 5586 5603 5614 5615 5619 5623 5646 5644 5649 5647 5663 5673 5696 5707 5721 5730 5739 5743 5749 5813 5822 5778 5769 5851 5858 5713 5570 5420 5274 5122 4968 4818 4686 4663 4672 4688 4704 4716 4731 4751 4759 4768 4769 4778 4764 4786 4851 4970 5095 5217 5327 5434 5538 5629 5704 5759 5762 5645 5573 5529 5508 5496 5489 5487 5479 5476 5474
5598 5585 5572 5565 5564 5564 5555 5533 5530 5530 5529 5539 5536 5546 5557 5570 5582 5598 5619 5629 5633 5642 5656 5668 5676 5668 5668 5677 5673 5688 5731 5750 5761 5771 5766 5772 5828 5860 5826 5792 5852 5894 5776 5636 5488 5343 5194 5040 4883 4748 4739 4707 4717 4728 4753 4765 4777 4785 4796 4813 4807 4824 4884 4952 5068 5181 5284 5389 5486 5561 5633 5696 5742 5752 5640 5573 5529 5501 5486 5479 5473 5464 5464 5463
5596 5587 5578 5571 5567 5559 5547 5534 5535 5532 5532 5533 5542 5551 5563 5576 5585 5602 5616 5629 5643 5652 5666 5674 5668 5674 5684 5684 5681 5702 5742 5764 5790 5801 5789 5826 5892 5963 5956 5899 5870 5861 5798 5685 5560 5428 5294 5143 4992 4856 4761 4755 4780 4805 4802 4804 4803 4811 4847 4900 4937 4980 5037 5087 5216 5304 5376 5444 5509 5575 5627 5677 5710 5736 5650 5564 5520 5492 5476 5467 5460 5457 5456 5455
5604 5587 5579 5573 5568 5560 5546 5534 5537 5539 5538 5534 5542 5552 5564 5578 5584 5600 5622 5644 5644 5654 5663 5658 5661 5666 5668 5666 5681 5709 5732 5781 5810 5813 5836 5980 6103 6129 6078 5948 5900 5919 5797 5688 5587 5484 5375 5261 5126 4971 4833 4807 4822 4848 4867 4871 4839 4898 4939 5030 5092 5119 5226 5374 5377 5409 5458 5507 5544 5585 5617 5649 5667 5674 5636 5560 5504 5481 5468 5459 5451 5449 5448 5449
5607 5588 5581 5576 5571 5564 5557 5537 5541 5541 5539 5539 5543 5550 5561 5571 5582 5594 5609 5617 5629 5639 5658 5683 5648 5632 5619 5614 5638 5712 5784 5879 5894 5940 6040 6279 6364 6303 6173 6011 5947 5834 5770 5703 5636 5562 5491 5409 5317 5181 5046 4940 4899 4929 4966 4975 4974 4981 5027 5128 5197 5249 5344 5404 5461 5506 5528 5549 5568 5584 5597 5609 5618 5615 5601 5559 5496 5478 5466 5455 5445 5437 5440 5443
5599 5588 5583 5579 5574 5570 5569 5553 5548 5551 5544 5540 5541 5546 5555 5565 5573 5582 5594 5600 5609 5611 5615 5627 5615 5603 5585 5576 5585 5746 5977 6131 6191 6206 6286 6425 6503 6409 6247 6067 5952 5823 5752 5703 5662 5625 5593 5554 5492 5385 5217 5158 5153 5135 5110 5063 5023 5024 5105 5201 5321 5408 5476 5479 5572 5610 5612 5607 5605 5600 5597 5594 5583 5585 5594 5561 5507 5483 5468 5456 5445 5437 5437 5440
5598 5589 5584 5580 5576 5571 5562 5551 5549 5549 5544 5541 5543 5541 5548 5556 5563 5569 5579 5597 5587 5578 5566 5583 5584 5583 5573 5543 5569 5768 6058 6255 6319 6352 6356 6385 6382 6348 6135 5874 5757 5743 5709 5687 5670 5655 5650 5657 5671 5610 5491 5316 5393 5372 5321 5212 5113 5168 5272 5317 5406 5535 5642 5790 5788 5703 5666 5643 5621 5606 5583 5571 5562 5565 5581 5546 5516 5491 5473 5460 5450 5441 5437 5438
5596 5590 5584 5579 5575 5569 5557 5544 5543 5543 5540 5538 5542 5540 5542 5545 5549 5552 5553 5553 5549 5546 5553 5556 5551 5557 5550 5523 5556 5709 5906 6074 6145 6192 6204 6170 6167 6195 5980 5760 5729 5687 5667 5665 5671 5675 5696 5732 5762 5767 5747 5612 5552 5631 5620 5556 5464 5552 5566 5588 5618 5702 5752 5760 5736 5719 5700 5675 5644 5617 5583 5569 5550 5529 5511 5516 5508 5490 5475 5465 5456 5453 5447 5440
5595 5587 5581 5577 5573 5570 5561 5543 5542 5540 5539 5542 5540 5538 5536 5535 5535 5534 5527 5513 5508 5511 5512 5508 5506 5522 5528 5526 5540 5624 5689 5720 5786 5829 5884 5890 5884 5842 5786 5706 5687 5650 5633 5639 5646 5672 5725 5790 5874 5877 5900 5998 6007 5916 5936 5942 5910 5910 5822 5860 6012 5875 5820 5778 5759 5732 5680 5677 5641 5610 5585 5564 5545 5522 5502 5492 5492 5487 5478 5468 5460 5452 5441 5441
5590 5578 5577 5575 5571 5565 5555 5542 5543 5539 5535 5530 5526 5531 5533 5531 5524 5518 5507 5496 5489 5485 5481 5490 5499 5508 5515 5526 5546 5576 5588 5576 5572 5590 5635 5637 5658 5624 5658 5668 5644 5622 5612 5616 5635 5667 5708 5758 5786 5832 5854 5905 5977 5997 6092 6259 6074 5949 5890 5900 5856 5872 5836 5816 5797 5740 5683 5632 5640 5607 5580 5558 5539 5535 5507 5492 5487 5484 5477 5468 5460 5454 5451 5447
5583 5573 5574 5573 5570 5564 5559 5544 5538 5534 5530 5522 5526 5525 5528 5522 5515 5506 5495 5485 5476 5471 5469 5479 5491 5494 5506 5523 5547 5564 5565 5560 5519 5525 5555 5569 5579 5592 5626 5629 5620 5603 5594 5604 5628 5651 5676 5698 5726 5732 5713 5663 5733 5862 5960 5985 5855 5808 5795 5758 5798 5811 5807 5793 5775 5729 5681 5660 5626 5592 5565 5541 5522 5511 5503 5504 5488 5480 5471 5464 5456 5450 5451 5452
5584 5579 5576 5573 5571 5564 5548 5537 5532 5529 5528 5533 5541 5543 5521 5511 5503 5495 5488 5478 5472 5469 5471 5477 5492 5499 5498 5499 5530 5539 5549 5544 5524 5524 5532 5536 5549 5570 5611 5609 5599 5589 5581 5598 5618 5636 5646 5648 5642 5650 5630 5599 5639 5708 5726 5670 5695 5704 5696 5702 5748 5759 5750 5738 5712 5687 5650 5633 5603 5576 5551 5526 5504 5484 5489 5499 5490 5479 5471 5462 5454 5449 5448 5453
5591 5587 5575 5573 5570 5568 5552 5533 5530 5527 5523 5519 5529 5525 5509 5501 5495 5489 5484 5477 5472 5473 5476 5481 5489 5502 5492 5482 5481 5502 5527 5530 5524 5522 5527 5532 5547 5561 5572 5585 5585 5584 5586 5594 5604 5612 5615 5612 5609 5597 5582 5569 5595 5613 5613 5593 5647 5651 5638 5660 5697 5694 5687 5677 5666 5641 5612 5589 5569 5550 5532 5514 5494 5480 5479 5484 5482 5477 5469 5461 5453 5446 5443 5451
5581 5565 5569 5573 5577 5569 5549 5541 5529 5525 5521 5517 5512 5501 5497 5495 5492 5487 5483 5479 5475 5477 5475 5475 5476 5486 5489 5489 5487 5498 5513 5499 5418 5468 5524 5527 5557 5569 5564 5567 5563 5562 5592 5595 5592 5591 5589 5581 5572 5566 5557 5556 5573 5564 5559 5559 5598 5619 5642 5663 5658 5646 5631 5613 5600 5575 5561 5551 5541 5530 5517 5504 5491 5479 5474 5473 5479 5475 5468 5461 5453 5448 5444 5449
5564 5560 5563 5569 5573 5573 5553 5532 5531 5524 5518 5513 5504 5496 5493 5490 5487 5484 5481 5480 5483 5480 5476 5480 5491 5499 5496 5491 5500 5508 5492 5445 5418 5482 5516 5531 5562 5567 5558 5557 5559 5570 5576 5579 5581 5577 5574 5571 5560 5546 5537 5539 5539 5533 5513 5518 5546 5581 5607 5596 5599 5593 5577 5549 5508 5495 5509 5515 5514 5511 5505 5499 5493 5485 5475 5470 5475 5471 5465 5458 5453 5448 5444 5448
