real_craters/C131-500m.grd
DSAA
165 165
-40.915 40.915
-40.915 40.915
4575.2338025255 6779.3440409532
[rows 60 to 89 of 165, columns 0 to 66 of 165]
5485.53 5488.67 5495.6 5503.57 5511.62 5526.73 5548.94 5547.14 5535.13 5521.52 5505.36 5517.01 5536.11 5534.96 5528.45 5526.18 5524.12 5521.33 5516.6 5504.32 5493.16 5484.21 5473.76 5458.79 5453 5459.32 5459.63 5458.79 5455.46 5451.42 5444.94 5434.08 5419.24 5403.28 5390.29 5383.18 5378.33 5375.89 5380.03 5386.76 5382.95 5384 5387.62 5392.27 5397.71 5395.86 5400.88 5414.01 5434.77 5461.92 5497.23 5537.46 5576.27 5602.97 5577.59 5546.16 5533.62 5488.6 5471.36 5486.74 5509.78 5538.87 5572.02 5607.77 5647.98 5693.65 5744.5
5488.24 5488.99 5493.65 5507.6 5523.28 5539.45 5543.5 5546.41 5540.05 5533.01 5532.19 5535.75 5538.66 5529.91 5526.86 5522.12 5515.02 5504.37 5487.67 5483.88 5484.44 5482.42 5480.59 5481.44 5483.91 5477.15 5474.41 5473.45 5475.66 5483.44 5490.41 5461.78 5438.02 5419.55 5406.77 5399.39 5394.15 5388.2 5385.35 5382.92 5381.62 5385.48 5388.92 5394.92 5399.87 5396.17 5396.53 5404.6 5426.87 5458.23 5495.81 5538.35 5584.94 5618.4 5577 5530.7 5515.31 5501.84 5499.1 5508.58 5532.66 5564.29 5600.63 5640.17 5681.49 5722.71 5768.59
5491.61 5494.21 5499.96 5511.78 5528.27 5544.12 5550.85 5546.01 5542.01 5539.65 5539.11 5539.79 5537.8 5523.65 5517.98 5520.02 5510.94 5492.37 5473.27 5474.97 5479.99 5482.67 5485.94 5493.3 5492.23 5488.77 5483.13 5481.96 5484.13 5491.49 5490.69 5472.07 5447.92 5428.57 5414.88 5406.7 5401.59 5395.86 5393.62 5393.44 5394.59 5384.25 5386.91 5392.25 5394.95 5391.15 5388.55 5391.73 5415.35 5449.4 5486.81 5525 5562.06 5591.11 5577.49 5553.29 5534.39 5520.41 5531.99 5532.69 5552.89 5590.22 5628.85 5666.74 5707.16 5744.26 5779.42
5494.89 5500.09 5505.37 5512.05 5520.23 5526.54 5533.09 5538.39 5538.44 5540.12 5543.79 5547.65 5533.53 5516.81 5510.79 5501.65 5497.04 5491.86 5473.08 5479.68 5482.23 5483.74 5486.42 5492.07 5497.6 5487.56 5481.87 5480.53 5482.67 5486.31 5489.9 5468.91 5446.86 5429 5415.48 5407.57 5396.71 5398.61 5398 5397.24 5395.73 5385.95 5382.86 5386.94 5389.86 5387.18 5382.7 5381.4 5406.18 5439.58 5473.4 5504.2 5528.01 5546.84 5562.93 5523.2 5525.16 5541.59 5528.86 5542.26 5564.91 5592.03 5644.37 5691.41 5732.68 5761.95 5783.11
5496.26 5500.71 5504.91 5509.46 5514.07 5518.37 5528.07 5530.77 5530.64 5530.71 5532.65 5533.34 5516 5503.67 5498.58 5473.05 5480.39 5496.53 5509.01 5495.46 5487.58 5483.3 5482.41 5481.98 5481.21 5477.09 5472.72 5471.06 5470.94 5470.26 5464.09 5452.19 5436.24 5422.08 5410.01 5403.81 5401.98 5396.98 5392.75 5392.84 5384.61 5372.61 5381.68 5387.54 5390.87 5389.15 5386.14 5389.05 5407.1 5433.54 5462.46 5486.85 5507.1 5525.14 5547.79 5537.82 5535.32 5525.37 5521.84 5551.43 5584.45 5616.04 5682.38 5748.43 5769.88 5783.94 5787.32
5495.54 5497.48 5502.32 5507.22 5511.6 5518.09 5522.59 5520.76 5518.15 5514.92 5510.16 5502 5492.09 5485.79 5478.27 5463.38 5477.94 5501.55 5517.18 5497.74 5485.25 5477.39 5473.02 5469.97 5466.67 5463 5460.03 5456.37 5452.55 5449.38 5443.52 5432.79 5420.18 5409.02 5398.45 5390.82 5385.43 5383.35 5389 5393.71 5393.49 5391.74 5392.86 5400.42 5400.78 5398.09 5396.6 5398.94 5413 5431.91 5453.82 5475.99 5498.1 5516.31 5520.64 5541.06 5524.78 5515.07 5528.66 5570.19 5619.19 5676.14 5738.46 5780.11 5807.08 5801.08 5780.4
5496.33 5498.68 5501.13 5505.5 5509.29 5510.2 5511.48 5508.57 5503.28 5496.88 5488 5476 5467.38 5465.21 5445.78 5446.17 5476.52 5488.24 5482.62 5479.63 5472.78 5466.26 5461.62 5457.98 5451.96 5450.15 5445.97 5438.57 5432.42 5427.76 5416.81 5408.18 5403.2 5395.78 5387.24 5376.88 5361.77 5373.44 5397.81 5399.34 5397.51 5395.92 5403.66 5413.09 5412.83 5408.93 5408.36 5412.99 5419.99 5433.04 5448.91 5465.85 5486.55 5508.06 5517.66 5495.85 5488.21 5500.57 5543.09 5596.05 5654.26 5729.19 5808.49 5860.01 5848.55 5815.32 5769.16
5498.89 5498.61 5501.41 5503.48 5505.57 5507.46 5503.14 5495.38 5487.75 5479.48 5469.39 5456.39 5447.32 5441.74 5437.99 5442.56 5462.76 5465.77 5459.11 5456.24 5453.56 5449.63 5446.88 5444.94 5448.03 5443.54 5431.55 5423.58 5418.24 5409.48 5400.42 5394.36 5390.8 5386.18 5379.95 5374.08 5371.35 5382.83 5398.42 5397.95 5400.2 5404.71 5416.82 5426.48 5422.44 5418.28 5415.96 5418.23 5425.16 5434.69 5445.63 5457.51 5469.63 5499.1 5512.32 5466.33 5477.95 5512.55 5568.53 5630.36 5687.04 5757.1 5872.58 5927.96 5884.76 5823.11 5754.53
5504.3 5506.21 5502.23 5499.97 5498.91 5499.56 5491 5481.19 5473.92 5467.22 5458.92 5450.29 5444.73 5449.4 5466.14 5454.48 5451.43 5438 5430.94 5432.17 5431.27 5430.37 5428.18 5425.24 5422.29 5417.26 5409.01 5403.87 5399.27 5395.08 5389.37 5385.99 5382.88 5380.58 5378.82 5376.8 5379.6 5388.14 5397.87 5385.74 5388.98 5411.12 5421.85 5425.57 5428.67 5427.26 5424.27 5424.9 5430.61 5436.54 5443.68 5452.21 5464.72 5489.62 5496.26 5474.28 5496.78 5521.8 5604.41 5680.41 5740.58 5819.48 5922.1 5948.61 5892.27 5806.92 5719.71
5507.26 5505.51 5499.31 5492.29 5486.11 5480.98 5469.37 5463.87 5460.75 5457.81 5454.3 5451.54 5454.45 5463.32 5463.26 5447.09 5431.28 5411.35 5407.61 5410.57 5412.34 5411.54 5408.32 5402.46 5392.51 5382.94 5385.53 5385.84 5384.66 5382.05 5379.25 5375.44 5375.74 5375.72 5377.33 5380.39 5387.22 5396.58 5399.6 5400.52 5405.06 5418.08 5428.58 5432.55 5436.4 5436.92 5437.72 5436.94 5437.67 5440.17 5442.54 5446.68 5462.96 5477.5 5484.47 5470.49 5507.02 5559.86 5679.4 5750.79 5790.45 5858.89 5975.99 5969.25 5862.85 5760.16 5659.55
5506.46 5503.82 5493.55 5482.09 5469.99 5456.71 5443.25 5447.31 5449.93 5450.54 5449.74 5450.21 5449.86 5448.75 5438.54 5429 5418.76 5402.84 5395.76 5395.52 5397.84 5397.08 5393.26 5386.39 5375.92 5365.75 5371.66 5372.76 5372.89 5372.22 5371.14 5371.18 5370.95 5373.39 5377.56 5383.95 5392.72 5405.41 5405.84 5406.03 5412.34 5429.52 5450.45 5447.34 5446.45 5446.4 5443.46 5444.52 5444.17 5443.63 5442.64 5441.88 5440.92 5448.24 5464.54 5490.82 5512.82 5600.47 5745.91 5810.7 5830.45 5859.73 5902.27 5873.31 5784.24 5686.03 5591.48
5503.93 5498.03 5486.46 5472.06 5456.6 5442.85 5434.62 5440.42 5446.36 5448.89 5449.11 5447.71 5448.59 5443.28 5427.64 5419.36 5418.65 5396.54 5390.49 5389.07 5388.13 5387.5 5383.2 5377.43 5371.97 5369.3 5366.07 5365.96 5365.7 5365.77 5365.16 5363.19 5368.65 5375.38 5380.84 5386.09 5392.16 5402.39 5404 5400.83 5410.7 5421.32 5424.14 5447.22 5453.57 5455.56 5456.86 5454.31 5451.62 5448.67 5444.52 5441.19 5442.89 5440.46 5447.36 5492.42 5585.4 5679.15 5771.74 5850.84 5890.36 5855.06 5787.75 5739.1 5676.41 5594.01 5504.13
5508.94 5496.77 5479.42 5463.99 5448.64 5436.85 5436.23 5444.77 5450.01 5451.96 5450.92 5447.33 5439.22 5434.22 5427.92 5426.63 5419.34 5396.29 5390.63 5387.38 5383.93 5382.59 5378.29 5372.84 5366.73 5362.31 5359.75 5360.61 5362.22 5364.08 5365.53 5368.2 5372 5378.99 5384.73 5388.92 5389.6 5393.49 5402.41 5404.29 5414.48 5424.61 5435.51 5452.46 5457.83 5462.16 5467.75 5463.24 5459.54 5456.42 5450.39 5435.93 5428.86 5435.24 5443 5491.2 5568.03 5683.02 5756.89 5868.42 5968.86 5852.28 5691.58 5619.28 5563.98 5493.79 5410.11
5497.58 5484.87 5469.61 5457.16 5448.7 5447.3 5455.94 5456.36 5458.6 5460.36 5458.8 5452.38 5440.3 5430.6 5423.6 5414.77 5408.82 5397.56 5394.38 5389.78 5386.12 5380.84 5376.75 5371.16 5364.23 5355.58 5356.7 5360.64 5364.48 5367.76 5371.3 5376.91 5382.75 5386.33 5391.8 5396.18 5396.45 5388.69 5416.78 5415.42 5425.9 5437.53 5457.48 5460.68 5456.94 5457.99 5462.88 5465.47 5467.5 5469.59 5467.51 5462.68 5448.85 5438.92 5460.88 5516.79 5587.91 5676.99 5771.41 5894.19 5994.42 5832.23 5625.41 5536.12 5471.89 5404.81 5323.22
5465.28 5461.4 5455.26 5449.75 5446.58 5449.17 5454.59 5462.49 5470.2 5471.98 5470.42 5464.33 5453.28 5432.04 5424.78 5418.32 5417.51 5414.34 5403.21 5395.01 5388.23 5384.02 5380.01 5374.79 5368.6 5364.16 5364.52 5366.57 5369.6 5374 5378.55 5385.46 5389.76 5394.88 5402.15 5408.97 5416.58 5432.49 5434.96 5440.91 5438.93 5442.71 5445.19 5453.64 5450.18 5448.05 5451.59 5464.77 5473.67 5481.78 5489.38 5493.44 5482.3 5469.67 5485.49 5561.41 5669.98 5772.8 5828.64 5932.95 6031.21 5805.83 5578.04 5475 5402.95 5334.71 5253.19
5440.04 5441.07 5442.18 5442.66 5447.59 5456.17 5468.2 5479.97 5486.19 5487.56 5485.04 5478.54 5465.63 5440.39 5424.05 5419.41 5422.5 5420.99 5408.48 5399.25 5392.51 5388.81 5383.91 5379.03 5375.95 5377.08 5377.51 5375.8 5378.26 5381.69 5385.26 5386.72 5388.49 5403.06 5413.11 5422.54 5430.32 5433.6 5442.34 5445.34 5448.84 5447.74 5439.08 5433.65 5445.05 5451.35 5458.94 5471.91 5484.64 5497.8 5509.06 5524.73 5516.81 5508.62 5533.99 5603.67 5705.03 5832.4 5927.38 6029.37 6026.48 5774.66 5546.4 5441.26 5360.84 5282.77 5203.34
5429.81 5432.68 5435.52 5436.72 5438.03 5459.6 5484.67 5500.46 5503.42 5504 5501.44 5492.72 5474.88 5456.72 5431.03 5423.05 5413.16 5412.46 5408.41 5403.28 5397.94 5394.49 5388.88 5386.83 5384.43 5384.17 5385.19 5384.36 5387.86 5392.98 5398.94 5404.23 5410 5421.17 5428.6 5436.95 5448.46 5458.78 5463.95 5464.47 5459.63 5453.79 5445.53 5445.48 5450.39 5460.55 5470.37 5482.37 5499.13 5515.68 5528.68 5537.06 5563.96 5572.07 5580.06 5640.09 5724.78 5830.41 5995.76 6149.38 5988.16 5747.12 5548.15 5432.5 5342.34 5259.52 5177.58
5435.82 5434.61 5436.26 5438.7 5444.66 5466.23 5493.43 5512.66 5516.55 5518.36 5518.63 5514.23 5497.49 5472.08 5439.88 5427.93 5410.35 5408.35 5407.29 5405.51 5402.03 5398.46 5394.13 5393.9 5391.23 5388.61 5389.55 5392.14 5398.66 5407.24 5416.94 5429.61 5444.62 5442.78 5443.74 5447.99 5454.58 5462.61 5463.05 5472.15 5469.77 5466.07 5467.24 5471.46 5458.65 5454.81 5471.02 5493.29 5515.63 5539.49 5565.63 5590.78 5631.83 5640.83 5633.96 5666.19 5731.75 5830.47 5971.51 6050.69 5907.12 5703.01 5546.03 5436.12 5338.14 5246.96 5161.72
5443.67 5441.26 5442.84 5447.38 5456.44 5475.51 5497.89 5513.93 5522.47 5527.27 5531.09 5535.36 5523.04 5484.57 5451.19 5426.83 5407.11 5407.39 5407.98 5407.15 5407.11 5404.41 5402.66 5400.47 5398.67 5395.01 5393.1 5401.89 5411.93 5421.93 5432.51 5444.88 5455.31 5455.11 5453.25 5452.32 5452.61 5460.35 5480.38 5475.57 5476.65 5482.73 5481.03 5471.68 5467.51 5464.26 5483 5508.85 5533.52 5561.57 5599.69 5654.97 5692.04 5695.89 5675.68 5684.48 5727.55 5823.41 5920.23 5925.71 5834.36 5701.09 5560.93 5441.67 5336.28 5237.36 5148.41
5449.7 5449.08 5451.55 5457.9 5467.75 5482.92 5499.93 5512.74 5523.4 5529.08 5532.52 5533.65 5517.37 5481.76 5456.02 5432.17 5415.65 5410.6 5409.35 5409.7 5411.58 5412.15 5413.32 5412.28 5410.7 5408.03 5405.29 5416.87 5427.18 5437.08 5445.68 5454.23 5462.2 5461.06 5459.02 5456.57 5454.66 5456.2 5460.7 5468.16 5477.22 5483.55 5484.13 5482.5 5484.25 5494.99 5507.83 5528.42 5550.61 5575.7 5600.11 5647.06 5718.34 5722.04 5702.86 5707.87 5749.79 5814.49 5927.13 5947.14 5793.39 5708.43 5571.31 5446.85 5337.12 5249.5 5156.29
5457.49 5457.57 5459.31 5465.96 5476.8 5487.37 5502.73 5516.82 5524.11 5525.46 5525.07 5518.33 5502.89 5477.81 5451.9 5427.68 5415.29 5413.61 5414.24 5416.69 5418.78 5421.74 5425.55 5426.62 5428.04 5429.32 5434.62 5439.49 5445.91 5452.54 5458.27 5462.2 5462.43 5463.97 5464.56 5462.4 5460.4 5459.46 5460.72 5471.58 5479.27 5480.1 5481.74 5485.55 5498.7 5520.66 5532.62 5548.47 5569.17 5593.18 5624.18 5669.8 5715.11 5726.45 5725.6 5740.86 5791.48 5899.96 5990.42 6010.21 5823.48 5658.01 5545.08 5441.91 5350.76 5256.43 5165.65
5471.19 5466.66 5464.44 5465.49 5473.39 5485.94 5501.08 5518.77 5518.57 5515.78 5513.76 5510.59 5494.86 5469.21 5443.28 5424.62 5416.26 5417.68 5419.58 5423.41 5427.75 5432.8 5437.34 5442.5 5447.45 5452.71 5457.11 5464.15 5466.83 5469.64 5471.69 5472.48 5472.31 5473.36 5473.7 5472.35 5468.33 5470.97 5475.25 5486.54 5491.36 5491.16 5489.73 5487.76 5509.05 5536.8 5553.25 5568.51 5587.48 5611.76 5643.06 5686.38 5727.52 5732.22 5746.15 5769.84 5832.13 5936.71 6007.08 6001.52 5904.51 5654.27 5528.11 5434.44 5342.83 5256.2 5168.79
5481.02 5474.9 5469.15 5463.69 5469.15 5481.56 5492.17 5497.37 5500.4 5501.1 5498.25 5493.39 5484.01 5466.07 5441.96 5427.38 5423.2 5424.11 5428.61 5434.7 5440.84 5447.6 5454.09 5461.18 5467.83 5475.76 5486.17 5490.56 5487.92 5486.88 5485.76 5484.48 5483.52 5483.47 5485.83 5488.22 5491.32 5495.04 5501.27 5503.47 5510.18 5518.85 5510.83 5505.86 5527.71 5555.3 5571.55 5585.36 5602.88 5627.19 5661.84 5704.29 5739.89 5754.88 5768.69 5791.44 5808.43 5886.07 5959.66 6006.21 5882.13 5650.04 5515.76 5421.58 5333.63 5247.85 5165.2
5488.8 5482.95 5476.83 5472.13 5474.2 5480.67 5485.8 5487 5488.38 5488.45 5484.04 5475.81 5475.07 5466.01 5450.79 5431.69 5431.17 5432.37 5437.32 5443.34 5450.25 5457.97 5465.81 5476.33 5485.44 5495.44 5503.66 5507.77 5506.46 5503.24 5499.7 5496.55 5493.85 5494.21 5499.63 5504.67 5507.15 5513.18 5516.14 5514.79 5520.14 5527.52 5532.19 5542.84 5563.02 5580.37 5589.05 5600.33 5614.65 5634.73 5668.79 5718.25 5758.49 5778.85 5782.38 5787.17 5804.23 5858.78 5931.77 5949.67 5800.94 5616.72 5491.26 5398.36 5317.39 5239.07 5160.48
5497.04 5490.18 5485.55 5484.83 5482.51 5483.11 5484.56 5483.87 5482.74 5482.6 5478.26 5473.75 5473.05 5467.14 5460.36 5455.37 5445.03 5444.24 5448.37 5455.93 5463.87 5471.07 5480.49 5489.07 5499.96 5511.49 5523 5528.29 5523.82 5517.31 5512.47 5509.02 5507.19 5509.43 5515.81 5524.58 5526.97 5519.17 5523.94 5530.14 5531.28 5530.9 5550 5567.7 5583.98 5596.5 5604.27 5612.58 5622.96 5637.1 5662.21 5725.4 5773.21 5775.93 5785.98 5796.61 5813.32 5864.14 5945.6 5956.59 5758.74 5593.63 5480.55 5383.26 5298.72 5229.87 5169.23
5501.54 5495.73 5491 5488.58 5486.95 5486.74 5487.09 5487.01 5487.32 5482.86 5479.52 5475.61 5473.32 5466.58 5457.23 5455.96 5453.08 5455.97 5461.8 5467.92 5475.66 5483.6 5492.6 5502.14 5512.53 5524.62 5538.17 5552.09 5537.75 5528.75 5524.05 5520.99 5518.83 5519.35 5529.09 5542.98 5546.9 5535.51 5542.23 5557.98 5554.84 5556.92 5571.1 5590.22 5605.2 5611.89 5617.51 5624.06 5631.82 5643.12 5670.69 5716.05 5746.15 5761.07 5774.34 5791.18 5829.89 5893.71 5981.64 5976.88 5727.67 5577.69 5475.94 5381.1 5303.73 5234.59 5165.39
5505.77 5501.04 5494.9 5490.04 5490.19 5490.7 5491.22 5490.32 5487.73 5483.73 5481.16 5478.85 5472.08 5465.78 5458.77 5458.45 5453.31 5467.46 5472.31 5478.19 5486.02 5494.61 5502.93 5513.36 5520.47 5529.42 5536.42 5536.59 5538.12 5536.24 5534.85 5533.25 5531.39 5529.02 5539.62 5549.49 5556.82 5562.09 5562.26 5565.3 5567.72 5575.18 5589.66 5608.11 5625.12 5625.31 5629.17 5635.4 5643.31 5651.34 5671.83 5711 5724.92 5734.66 5760.11 5779.47 5842.82 5927.14 6027.67 5945.17 5710.85 5563.22 5473.19 5389.51 5307.07 5262.43 5187.23
5514.95 5508.64 5500.64 5494.71 5495.5 5496.48 5496.85 5494.87 5492.08 5484.23 5477.17 5473.9 5472.49 5471.75 5473.3 5496.29 5467.56 5473.53 5482.2 5489.64 5498.83 5505.17 5512.88 5521.15 5529.76 5535.26 5536.79 5533.4 5539.68 5543.39 5544.79 5545.69 5547.99 5557.21 5556.1 5558.04 5564.97 5573.54 5575.25 5574.6 5578.73 5589.07 5602.9 5617.77 5626.51 5630.92 5637.89 5647.72 5659.13 5673.58 5690.68 5712.11 5721.44 5734.11 5760.12 5789.88 5850.84 5921.73 5951.25 5854.85 5668.5 5568.29 5489.46 5419.28 5363.37 5305.59 5230.95
5530.93 5520.61 5510.66 5504.85 5504.84 5506.32 5506.18 5502.93 5493.5 5488.84 5480.45 5478.27 5479.51 5483.09 5486.27 5496.33 5502.11 5488.43 5495.89 5503.33 5510.66 5518.04 5525.01 5532.06 5537.75 5543.65 5545.69 5544.98 5551.63 5555.22 5557.73 5559.24 5560.87 5563.15 5562.06 5559.39 5570.42 5581.76 5585.6 5589.45 5593.78 5601.51 5614.48 5625.94 5631.32 5635.92 5648.79 5661.29 5674.48 5690.63 5703.83 5714.27 5722.44 5734.68 5758.58 5791.81 5843.27 5899.87 5926.31 5817.11 5688.07 5596.61 5530.27 5473.96 5407.52 5338.93 5263.32
5549.23 5534.57 5522.67 5516.69 5516.29 5517.77 5519.25 5518.77 5515.76 5509.77 5498.72 5493.94 5495.88 5502.09 5504.23 5503.91 5504.68 5508.24 5509.87 5513.53 5519.45 5526.36 5533.72 5541.77 5547.56 5553.21 5558.1 5566.34 5569.36 5570.11 5571.8 5572.74 5571.99 5567.11 5565.64 5573.51 5580.26 5590.44 5597.42 5600.51 5600.33 5615.64 5626.64 5634.01 5639.13 5649.41 5662.18 5674.69 5686.7 5695.48 5705.34 5711.83 5719.54 5732.25 5759.77 5790.46 5825.53 5850.45 5849.16 5849.15 5817.9 5645.26 5582.72 5530.34 5468.79 5391.54 5309.2
