real_craters/C131-500m.grd
DSAA
165 165
-40.915 40.915
-40.915 40.915
4575.2338025255 6779.3440409532
[rows 120 to 149 of 165, columns 67 to 133 of 165]
5535.85 5537.37 5540.98 5549.8 5543.43 5527.4 5517.28 5512.39 5514.69 5525.47 5539.91 5558.32 5579.4 5552.54 5543.62 5554.3 5548.44 5536.27 5525.05 5515.72 5506.84 5501.9 5498.42 5494.79 5490.86 5486.49 5480.69 5475.11 5469.28 5465.53 5464.35 5463.49 5461.78 5461.61 5462.78 5464.49 5467.11 5469.2 5471.42 5473.05 5474.15 5474.12 5477.04 5480.37 5482.13 5481.92 5480.16 5472.72 5461.73 5458.07 5455.38 5452.6 5450.23 5447.9 5445.27 5443.06 5440.84 5439.26 5437.44 5438.34 5443.8 5448.49 5448.11 5446.41 5437.84 5428.35 5429.32
5531.75 5532.41 5533.55 5535.69 5529.61 5520.5 5510.87 5503.29 5499.02 5507.64 5535.6 5575.46 5589.86 5527.69 5523.06 5534.37 5529.63 5522.6 5513.38 5501.6 5491.96 5484.92 5490.16 5489.73 5486.97 5484.44 5480 5475.33 5470.59 5466.53 5463.11 5459.18 5460.43 5461.94 5463.55 5465.38 5466.84 5468.95 5470.9 5472.48 5473.49 5474.56 5476.41 5479.59 5481.4 5480.12 5477.67 5474.26 5465.32 5460.19 5457.3 5454.7 5451.86 5446.46 5443.37 5440.57 5437.6 5434.23 5430.41 5437.69 5444.13 5449.58 5453.21 5447.95 5447.93 5443.26 5436.29
5527.05 5525.59 5523.2 5519.57 5516.78 5510.24 5501.47 5493.25 5485.13 5490.24 5513.82 5531.9 5509.45 5499.44 5519.17 5522.23 5513.13 5510.73 5505.34 5497.68 5490.19 5489.85 5489.03 5487.91 5485.44 5482.63 5480.52 5476.31 5472.22 5467.84 5462.73 5459.22 5459.5 5462.3 5463.95 5465.86 5467.65 5469.73 5471.05 5472.51 5473.33 5473.71 5475.46 5477.27 5478.66 5476.62 5474.1 5469.29 5463.22 5461.8 5459.36 5455.37 5451.79 5447.86 5443.87 5440.68 5436.39 5432.78 5433.4 5442.07 5444.04 5448.67 5452.24 5448.61 5455.29 5449.16 5432.27
5520.6 5516.81 5512.81 5508.34 5505.29 5501.41 5495.96 5488.91 5484.33 5487.12 5495.89 5493.99 5479.42 5504.88 5513.45 5515.32 5514.72 5505.43 5501.35 5499.46 5494.48 5489.94 5489.07 5486.89 5485.42 5481.96 5478.17 5475.17 5471.14 5467.33 5462.64 5460.89 5460.18 5462.26 5463.87 5465.59 5467.38 5469.24 5470.93 5472.66 5474.04 5475.21 5474.11 5470.93 5471.25 5473.09 5471.86 5468.28 5468.85 5466.02 5462.78 5459.24 5454.82 5450.04 5445.24 5440 5434.97 5431.72 5431.41 5434.7 5440.86 5444.83 5445.67 5448.76 5458.08 5447.73 5429.55
5513.44 5506.89 5501.01 5500.16 5495.01 5492.67 5491.08 5489.94 5486.81 5489.09 5493.02 5494.65 5504.04 5518.89 5523.23 5510.08 5499.46 5498.39 5496.33 5492.62 5489.39 5489.13 5490.35 5486.62 5483.22 5480.23 5476.86 5474.1 5470.5 5467.09 5463.95 5460.39 5459.88 5461.91 5463.1 5464.47 5466.12 5468.56 5470.59 5472.48 5474.53 5475.9 5474.7 5475.89 5473.18 5471.93 5472.01 5473.98 5470.9 5468.66 5466.86 5462.5 5457.37 5451.87 5445.72 5440.49 5435.11 5430.54 5430.59 5433.74 5439.68 5444.6 5448.64 5453.37 5455.69 5446.92 5431.15
5504.63 5495.78 5485.59 5479.22 5485.19 5487.88 5488.94 5492.44 5497.52 5495.67 5495.22 5499.5 5509.45 5524.42 5521.87 5505.53 5494.04 5494.31 5493.12 5491.93 5487.94 5486.87 5487 5484.28 5481.25 5478.61 5475.28 5472.01 5469.17 5466.04 5462.61 5460.68 5459.93 5461.12 5462.18 5463.82 5465.4 5467.33 5469.5 5471.8 5474.07 5474.69 5473.66 5470.63 5471.18 5470.35 5469.35 5464.92 5470 5476.89 5471.7 5465.43 5459.21 5453.58 5448.16 5442.29 5436.98 5431.81 5430.53 5433.69 5440.46 5448.15 5455 5454.67 5450.09 5446.66 5443.6
5491.98 5485.05 5479.04 5476.47 5479.38 5482.76 5485.55 5488.11 5493.67 5493.96 5496.07 5501.44 5509.11 5507.26 5510.86 5505.34 5498.57 5495.98 5493.3 5489.1 5488.23 5485.59 5484.01 5482.4 5480.21 5477.5 5474.59 5471.49 5467.87 5464.84 5461.26 5459.35 5458.42 5458.17 5460.87 5462.67 5464.27 5466.08 5468.01 5469.83 5471.5 5472.87 5473.29 5472.54 5470.76 5469.18 5467.79 5471.02 5480.2 5482.55 5473.07 5466.17 5460 5454.67 5449.74 5445.2 5440.88 5435.8 5434.17 5438.41 5442.09 5443.24 5441.39 5447.17 5448.92 5448.63 5446.5
5474.42 5474.67 5473.79 5474.39 5477.31 5479.32 5481.92 5482.83 5478.9 5488.97 5494.11 5498.65 5503.3 5509.2 5514.61 5510.92 5504.5 5499.13 5495.81 5492.81 5485.9 5484.71 5484.21 5482.51 5480.02 5477.6 5474.62 5471.59 5468.45 5464.86 5460.81 5456.76 5454.28 5456.41 5459.72 5461.51 5462.83 5464.15 5465.76 5467.92 5469.91 5470.68 5471.35 5476.38 5470.15 5467.69 5466.48 5465.95 5467.55 5469.27 5467.98 5463.6 5458.98 5453.94 5449.78 5446.33 5444.34 5445.5 5440.28 5438.58 5441.48 5446.44 5442.33 5450.71 5459.91 5449.63 5446.02
5455.8 5465.88 5474.16 5475.97 5476.11 5477.96 5480.93 5486.38 5489.82 5489.22 5490.35 5493.05 5497.49 5508.95 5513.06 5514 5507.15 5500.39 5496.15 5494.25 5492.44 5486.82 5482.2 5481.64 5479.42 5476.87 5474.35 5471.43 5468.78 5465.71 5462.07 5457.57 5454.16 5457.23 5460.27 5461.56 5462.3 5462.72 5463.41 5464.83 5466.37 5466.82 5466.4 5466.13 5466.4 5465.53 5464.16 5463.72 5464.95 5462.19 5461.83 5460.3 5457.22 5453.7 5450.18 5446.88 5444.04 5441.75 5435.79 5434.26 5440.71 5445.04 5443.63 5454.29 5459.79 5452.25 5456.57
5448.34 5459.81 5466 5471.4 5473.72 5475.1 5476.54 5481.18 5487.95 5485.5 5485.7 5486.78 5487.63 5494.84 5500.43 5500.4 5501.1 5497.06 5493.09 5489.96 5487.67 5485.11 5484.01 5481.5 5478.81 5476.48 5473.9 5471.64 5469.05 5466.38 5463.77 5462.67 5461.56 5461.86 5462.12 5461.83 5461.92 5461.59 5461.15 5460.6 5460.37 5461.9 5462.55 5462.88 5463.9 5463.45 5462.03 5459.41 5453.72 5458.01 5457.55 5456.89 5456.23 5453.85 5450.8 5447.03 5442.22 5436.08 5433.4 5434.95 5443.51 5450.89 5448.36 5454.91 5458.74 5456.96 5472.22
5453.73 5461.46 5462.14 5469.47 5472.07 5471.75 5470.09 5466.19 5468.31 5477.58 5482.05 5484.19 5483.34 5489.25 5493.34 5496.86 5495.61 5492.45 5488.09 5483.53 5479.83 5481.78 5481.9 5480.76 5478.73 5476.14 5473.86 5471.99 5469.71 5467.94 5466.79 5466.86 5471.97 5467.37 5463.72 5461.88 5461.37 5460.93 5459.78 5457.44 5453.06 5457.86 5462.29 5463.88 5463.46 5462.89 5461.81 5460.34 5458.41 5455.72 5455.63 5455.33 5454.28 5452.5 5449.79 5447.08 5443.99 5439.03 5436.7 5438.06 5441.76 5444.25 5460.04 5456.74 5459.67 5467.52 5476.19
5461.96 5469.79 5476.65 5474.37 5472.88 5470.11 5466.44 5465.03 5467.47 5473.62 5479.97 5485.28 5488.5 5490.07 5490.19 5492.65 5494.2 5490.1 5483.92 5482.06 5482.48 5481.96 5481.18 5480.22 5479.18 5477.12 5474.39 5471.61 5469.42 5467.46 5465.7 5465.28 5465.06 5461.5 5460.77 5460.64 5460.61 5460.93 5460.21 5459.03 5459.04 5458.96 5461.24 5463.01 5463.18 5463.08 5462.24 5460.97 5459.39 5457.39 5455.87 5456.12 5456.28 5454.57 5451.95 5449.27 5447.72 5446.33 5439.96 5437.38 5438.2 5444.73 5462.07 5461.96 5464.63 5471.36 5477.46
5466.25 5474.23 5478.77 5477.16 5473.29 5468.99 5464.31 5459.57 5464.99 5473.51 5481.35 5489.08 5497.48 5488.19 5493.33 5500.22 5497.9 5492.02 5483.82 5485.2 5485.94 5483.49 5483.37 5483.89 5479.23 5477.27 5475.44 5473.62 5470.51 5467.36 5464.69 5460.81 5454.01 5453.64 5457.34 5458.2 5459.22 5460.76 5462.12 5463.33 5462.7 5461.86 5460.13 5461.56 5462.93 5463.53 5463.72 5463.11 5458.53 5455.43 5455.97 5458.75 5459.15 5457.53 5454.78 5450.99 5445.09 5442.75 5442.26 5440.87 5441.61 5452.83 5468.23 5467.56 5465.64 5469.26 5477.73
5465.98 5473.56 5475.83 5476.26 5472.73 5468.58 5465.47 5464.31 5468.3 5475.46 5483.78 5492.3 5499.51 5509.72 5501.78 5507.81 5503.24 5499.43 5496.26 5493.13 5488.49 5482.96 5479.46 5475.83 5478.85 5479.16 5477.43 5475.11 5472.11 5467.71 5463.63 5460.13 5457.86 5457.33 5456.63 5457.27 5459.24 5461.56 5465.08 5468.18 5469.36 5467.3 5463.6 5463.52 5464.8 5465.54 5466.63 5468.72 5472.85 5468.49 5464.9 5466.05 5464.67 5461.41 5457.68 5454.3 5451.98 5449.35 5448.69 5449.04 5452.74 5462.72 5469.53 5464.85 5462.87 5461.68 5472.83
5467.64 5478.12 5479.69 5475.4 5470.79 5466.99 5465.8 5469.58 5471.61 5478.7 5487.31 5497.8 5510.32 5517.51 5499.59 5504.37 5503.67 5502.69 5500.3 5483.33 5479.46 5480.13 5480.1 5477.99 5482.03 5480.93 5479.19 5476.32 5473.2 5467.49 5464.73 5461.37 5459.56 5457.55 5456.63 5457.1 5458.2 5460.68 5465.7 5471.86 5473.67 5472.87 5469.59 5467.52 5466.04 5465.97 5467.45 5470.27 5474.53 5476.57 5477.29 5476.23 5471.39 5465.8 5460.59 5457.08 5455.5 5454.93 5454.96 5459.47 5465.17 5472.97 5471.51 5463.23 5463.61 5463.83 5474.28
5470.6 5479.5 5479.38 5471.7 5467.15 5464.48 5462.88 5462.02 5471.28 5480.19 5489.93 5500.93 5512.59 5517.15 5510.5 5505.19 5500.27 5496.49 5489.1 5475.01 5473.48 5478.92 5484.33 5490.04 5487.86 5484.07 5480.29 5476.06 5472.77 5470.81 5467.1 5463.65 5460.01 5457.57 5455.16 5455.48 5455.07 5455.43 5459.5 5473.93 5476.34 5473.89 5475.04 5467.59 5463.38 5463.4 5465.43 5468.47 5470.48 5478.64 5494.97 5488.67 5478.58 5469.52 5462.25 5456.46 5453.51 5454.72 5457.93 5463.33 5468.19 5467.49 5472.26 5471.78 5470.03 5469.95 5476.53
5458.8 5457.52 5460.83 5461.29 5460.82 5461.61 5462.59 5465.09 5472.78 5480.99 5490.23 5501.37 5514.44 5518.15 5510.33 5499.44 5495.2 5490.35 5482.13 5471.37 5473.49 5479.51 5486.59 5491.9 5490.96 5486.59 5481.12 5476.34 5472.65 5472.69 5469.28 5466.22 5461.11 5448.3 5456.41 5455.79 5451.92 5447.06 5441.85 5436.22 5443.44 5453.15 5462.9 5456.68 5455.42 5457.58 5461.62 5466.85 5473.94 5486.78 5504.02 5492.92 5480.14 5469.18 5460.13 5453.16 5449.44 5452.93 5458.08 5463.09 5459.8 5461.73 5469.68 5474.36 5476.59 5479.41 5477.71
5435.02 5440.97 5443.78 5448.47 5453.45 5457.95 5464.11 5470.08 5475.21 5482.71 5489.38 5494.29 5500.5 5510.73 5512.1 5494.54 5490.98 5487.41 5481.81 5479.14 5475.54 5479.68 5486.58 5494.04 5491.78 5486.21 5480.75 5476.03 5475.19 5474.54 5473.28 5470.92 5471.11 5475.2 5466.27 5458.49 5449.93 5439.94 5426.97 5410.86 5413.18 5416.8 5422.07 5435.44 5442.73 5448.99 5455.72 5463.56 5475.07 5487.67 5487.54 5483.92 5475.64 5466.7 5457.35 5450.43 5447.04 5451.42 5456.83 5460.55 5457.73 5458.01 5466.06 5473.81 5479.14 5483.93 5479.12
5418.01 5416.31 5425.14 5435.33 5445.17 5453.53 5461.66 5469.15 5476.52 5482.99 5488.9 5492.26 5492.64 5496.86 5498.57 5486.98 5486.69 5484.04 5475.95 5469.6 5470.63 5475.6 5483.3 5490.55 5491.95 5482.9 5475.11 5474.48 5472.97 5472.11 5473.36 5474.64 5477.15 5479.12 5471.51 5460.45 5449.44 5437.58 5424.71 5410.71 5405.93 5404.22 5408.79 5419.67 5429.48 5437.96 5445.92 5455.33 5467.39 5480.92 5475.25 5474.53 5470.89 5464.18 5456.38 5448.78 5446.4 5451.48 5457.55 5463.51 5462.31 5458.15 5461.29 5470.87 5479.54 5483.95 5486.96
5405.19 5396.52 5409.3 5424.7 5439.3 5451.63 5461.23 5468.33 5475.49 5482.98 5489.07 5489.24 5484.67 5477.79 5483.63 5480.56 5479.35 5485.64 5475.08 5461.19 5463.48 5466.46 5473.47 5486.33 5487.08 5472.3 5464.11 5461.13 5465.77 5467.9 5471.11 5474.24 5476.21 5473.32 5468.94 5460.76 5450.09 5438.13 5426.72 5417.6 5407.02 5400.69 5403.69 5411.59 5421.42 5430.03 5438.9 5445.89 5450.95 5449.6 5461.51 5465.97 5465.42 5461.43 5455.39 5448.13 5447.13 5454.1 5459.28 5462.15 5460.54 5459.86 5464.2 5475.17 5485.51 5491.85 5496.4
5395.61 5389.8 5405.67 5420.92 5436.63 5450.35 5460.98 5467.5 5473 5478.85 5487.55 5495.86 5483.52 5455.73 5443.56 5451.32 5454.32 5469.77 5475.38 5466.83 5453.97 5451.33 5452.2 5453.08 5450.66 5448.99 5452.02 5454.81 5456.7 5463.11 5468.19 5471.84 5474.84 5473.65 5471.17 5462.43 5451.68 5439.82 5427.84 5416.99 5408.26 5400.21 5402.6 5409.44 5417.05 5423.43 5430.25 5436.03 5440.14 5441.07 5449.85 5459.31 5462.71 5460.42 5456.96 5451.55 5453.12 5460.04 5464.19 5462.92 5458.97 5462.45 5474.66 5484.58 5494.33 5497.6 5496.12
5411.79 5410.84 5410.36 5420.49 5434.67 5450.49 5462.58 5465.27 5465.4 5466.82 5471.27 5479.36 5470.68 5437.17 5413.92 5409.46 5420.07 5414.83 5425.97 5433.52 5434.02 5432.17 5428.18 5418.62 5410.18 5424.32 5435.83 5444.29 5448.15 5455.02 5461.02 5468.69 5474.09 5477.87 5476.17 5464.46 5452.7 5440.96 5429.72 5419.4 5412.38 5409.44 5405.91 5408.3 5412.72 5418.69 5424.27 5430.31 5436.98 5449.49 5459 5465.45 5463.16 5460.92 5461.25 5464.59 5466.04 5470.28 5476.02 5476.92 5469.28 5471.85 5481.42 5492.02 5501.8 5502.05 5494.77
5422.14 5410.25 5412.18 5419.7 5431.04 5446.11 5462.28 5456.74 5452.07 5448.42 5442.35 5429.77 5427.94 5425.59 5417.01 5403.56 5408.95 5413.31 5403.95 5407.74 5413.93 5414.69 5411.54 5403.7 5400.51 5411.91 5424.1 5434.44 5442.94 5447.91 5455.96 5464.84 5471.32 5476.46 5474.79 5464.24 5452 5440.75 5431.1 5421.7 5412.83 5408.88 5405.78 5406.22 5409.45 5413.92 5419.34 5424.45 5430.46 5439.4 5456.07 5468.88 5459.04 5456.41 5459.05 5471.7 5472.46 5476.77 5487.84 5503.84 5505.17 5485.26 5488.57 5497.9 5503.6 5507.04 5504.36
5432.37 5416.37 5415.66 5418.95 5423.48 5429.95 5438.07 5437.34 5434.63 5431.06 5424.76 5413.88 5413.54 5420.47 5425.98 5416.73 5413.28 5413.3 5404.18 5399.81 5401.43 5402.96 5402.94 5400.98 5403.58 5410.68 5420.95 5429.69 5437.71 5446.12 5451.44 5459.04 5465.77 5470.61 5470.35 5460.68 5448.8 5438.11 5428.14 5418.64 5408.55 5401.96 5402.75 5404.88 5407.63 5411.36 5415.3 5419.47 5422.95 5425.19 5428.77 5436.93 5444.49 5446.23 5446.39 5445.1 5460.35 5473.53 5486.06 5502.46 5505.61 5494.23 5497.68 5504.66 5510.04 5514.02 5511.42
5447 5424.67 5421.49 5420.25 5416.7 5410.65 5409.55 5416.67 5419.32 5418.81 5416.54 5414.06 5422.07 5434.65 5436.38 5430.01 5417.54 5409.84 5392.26 5392.89 5395.4 5397 5399.41 5401.56 5408.07 5411.87 5417.55 5424.95 5431.7 5439.07 5444.87 5451.68 5457.56 5461.23 5459.74 5454.87 5443.24 5432.98 5424.51 5415.28 5405.92 5400.09 5400.99 5403.16 5406.06 5409.28 5412.94 5416.52 5419.4 5421.7 5424.2 5426.44 5434.29 5438.63 5438.13 5437.45 5452.83 5467.39 5477 5475.17 5469.6 5478.91 5500.94 5508.52 5515.56 5515.48 5511.04
5454.67 5438.84 5434.5 5427.02 5416.14 5403.06 5399.03 5405.57 5410.22 5412.14 5414.42 5416.63 5425.49 5441.25 5425.7 5408.79 5420.14 5413.07 5394.04 5390.32 5391.83 5394.78 5397.46 5401.13 5405.87 5408.64 5413.34 5419.41 5426.67 5430.94 5437.55 5443.71 5449.45 5454.85 5458.5 5449.34 5435.31 5424.52 5416.22 5410.58 5405.86 5402.64 5401.61 5402.86 5405.14 5408.51 5411.63 5415.16 5418.23 5421.36 5424.69 5427.59 5431.87 5436.73 5442.2 5446.45 5454.09 5464.32 5476.24 5488.86 5493.32 5490.89 5487.29 5506.18 5527.39 5532.98 5525.13
5461.43 5469.71 5453.83 5438.2 5423.93 5408.7 5403.45 5406.42 5408.01 5408.97 5412.54 5416.02 5418.2 5415.98 5416.59 5416.85 5430.42 5413.11 5397.63 5392.41 5391.45 5392.44 5394.58 5397.09 5397.95 5402.2 5408.68 5414.77 5418.63 5424.34 5429.57 5434.84 5438.98 5442.27 5444.58 5435.21 5424.27 5415.09 5405.81 5404.68 5404.36 5403.39 5402.86 5404.48 5407.19 5408.96 5411.92 5414.78 5417.41 5420.4 5424.32 5425.85 5429.51 5436.33 5446.44 5454.6 5455.11 5460.01 5469.1 5484.02 5494.64 5490.61 5484.76 5494.94 5511.36 5538.56 5532.09
5451.31 5464.41 5457.62 5446.95 5437.9 5426.82 5419.6 5414.83 5409.62 5405.29 5405.09 5412.26 5413.51 5414.24 5417.7 5424.28 5414.46 5405.26 5397.69 5394.17 5392.76 5392.94 5394.15 5395.87 5398.06 5400.89 5405.01 5410.11 5414.92 5418.95 5423.86 5427.08 5428.41 5426.86 5418.73 5416 5414.05 5409.86 5403.46 5402.79 5401.94 5402.04 5403.42 5405.79 5408.96 5412.22 5414.75 5417.68 5419.26 5419.03 5417.85 5420.07 5424.9 5431.56 5439.62 5446.58 5449.62 5452.58 5454.39 5459.99 5475.32 5485.78 5491.9 5491.55 5495.48 5504 5517.3
5451.28 5451.64 5448.74 5448.58 5452.56 5456.08 5441.72 5425.58 5412.5 5402.14 5395.03 5399.11 5410.2 5416.24 5417.06 5414.99 5403.09 5403.29 5400.72 5396.01 5393.96 5393.74 5394.28 5395.54 5397.62 5399.42 5402.93 5406.98 5410.23 5414.31 5417.87 5420.05 5420.33 5418.01 5413 5410.06 5408.95 5408.62 5407.05 5401.92 5398.83 5400.24 5402.81 5406.01 5409.31 5413.34 5416.6 5418.86 5420.4 5420.13 5419.25 5419.55 5421.99 5426.52 5431.54 5437.84 5443.85 5447.51 5450.55 5460.93 5478.12 5493.64 5500.88 5495.65 5492.58 5495.9 5505.56
5448.46 5436.22 5432.38 5444.92 5458.57 5468.85 5453.49 5433.41 5415.79 5401.05 5390.07 5390.49 5408.05 5416.32 5413.83 5408.2 5403.22 5404.73 5402.54 5398.81 5397.24 5396.24 5395.88 5396.47 5398.04 5399.95 5401.52 5404.51 5407.48 5410.16 5413.28 5414.95 5415.49 5413.85 5410.12 5407.16 5407.17 5407.05 5405.53 5399.95 5396.76 5399.48 5403.38 5407.13 5411.56 5414.79 5417.75 5420.45 5422.47 5423.42 5423.27 5420.6 5419.11 5423.36 5428.97 5435.48 5442.06 5447.98 5454.94 5467.97 5484.7 5500.69 5506.47 5501.5 5495.4 5494.69 5499.11
