real_craters/C131-300m.grd
DSAA
274 274
-40.915 40.915
-40.915 40.915
4576.1268789956 6781.9935362351
[rows 120 to 149 of 274, columns 201 to 267 of 274]
5518.79 5515.8 5513.32 5510.99 5508.86 5506.36 5503.03 5498.88 5493.56 5487.2 5480.49 5476.14 5477.87 5481.32 5484.54 5486.03 5484.02 5479.16 5481.88 5502.58 5525.78 5544.08 5537.96 5524.82 5511.46 5502.81 5511.16 5548.72 5592.6 5619.53 5618.4 5639.51 5681.6 5675.46 5654.62 5687.64 5647.92 5609.21 5590.62 5574.93 5545.58 5549.01 5558.6 5556.62 5548.58 5542.48 5540.57 5536.28 5521.82 5510.01 5502.34 5494.33 5490.82 5487.54 5488.85 5489.2 5488.31 5487.04 5487.27 5489.12 5491.21 5492.7 5494.76 5496.62 5498.34 5500.19 5501.62
5520.24 5518.27 5516.16 5514.16 5512.15 5509.46 5506.19 5502.09 5496.65 5489.76 5481.12 5474.36 5478.04 5481.65 5483.53 5483.64 5482.23 5481.65 5487.06 5500.8 5520.52 5537.96 5531.82 5520.8 5511.22 5502.66 5505.25 5524.69 5541.34 5560.29 5573.51 5565.36 5582.72 5609.55 5626.14 5634.75 5623.78 5598.51 5574.3 5546.73 5512.98 5513.7 5527.27 5530.48 5527.09 5519.3 5508.46 5508.05 5506.16 5500.32 5495.64 5490.36 5487.87 5487.07 5487.31 5486.6 5485.63 5486.9 5488.68 5491.55 5493.56 5495.18 5496.51 5498 5499.53 5501.04 5502.39
5522.85 5521.53 5519.75 5517.84 5515.96 5513.73 5510.76 5507.16 5502.7 5497.1 5489.9 5483.22 5485.43 5486.09 5484.86 5483.2 5482 5479.24 5484.14 5495.08 5508.01 5516.57 5518.5 5515.02 5509.1 5502.5 5501.36 5509.1 5514.17 5524.74 5538.1 5533.21 5525.53 5547.67 5561.76 5560.02 5571.05 5565.84 5552.06 5534.23 5518.95 5515.66 5513.96 5512.88 5508.85 5500.52 5489.16 5490.88 5492.55 5491.25 5489.3 5488.02 5486.34 5485.1 5486.33 5484.97 5485.82 5486.25 5489.12 5492.95 5495.92 5497.24 5498.19 5499.33 5500.65 5501.9 5503.34
5527.55 5526.04 5524.63 5522.27 5520.54 5518.24 5515.86 5513.3 5510.7 5507.82 5505.39 5505.28 5500.21 5493.85 5487.52 5481.51 5476.04 5473.07 5477.74 5486.99 5496.11 5502.63 5506.85 5509.77 5508.83 5507.21 5503.3 5503.31 5509.35 5515.94 5524.94 5536.18 5530.41 5523.89 5516.33 5510.21 5527.68 5531.33 5527.98 5520.71 5515.86 5511.6 5504.89 5501.31 5497 5490.36 5484.55 5483.83 5484.94 5486.31 5486.16 5485.32 5486.06 5484.79 5484.22 5482.38 5480.69 5484.59 5488.95 5493.83 5497.34 5498.16 5499.1 5500.27 5501.72 5503.22 5504.81
5532.93 5531.11 5529.6 5527.79 5525.99 5524.11 5522.32 5520.68 5519.36 5518.77 5519.57 5521.32 5513.27 5501.64 5490.67 5480.08 5470.49 5468.8 5472.49 5479.29 5485.87 5490.69 5494.6 5500.52 5514.04 5505.51 5498.84 5495.05 5498.03 5503.23 5509.79 5514.53 5508.46 5500.42 5495.15 5496.31 5506.77 5509.84 5510.27 5507.73 5502.43 5496.11 5495.04 5492.87 5489.72 5485.41 5482.11 5481.47 5481.9 5482.46 5484.68 5484.64 5485.88 5484.85 5483.35 5481.71 5480 5484.24 5488.91 5493.3 5496.47 5497.96 5499.1 5500.42 5502.03 5504.02 5505.86
5538.57 5536.12 5534.21 5532.74 5530.98 5528.97 5528.13 5527.27 5527.03 5527.3 5528.26 5528.12 5520.35 5507.39 5493.95 5481.04 5468.88 5464.12 5468.51 5473.35 5477.98 5481.49 5482.53 5479.77 5474.18 5473.42 5479.39 5482.57 5482.89 5489.14 5492.82 5492.1 5482.51 5481.13 5482.56 5486.58 5494.36 5497.64 5497.63 5496.74 5493.1 5490 5488.58 5487.12 5485.34 5483.7 5482.31 5480.67 5480.92 5481.39 5483.52 5484.15 5484.42 5484.27 5483.94 5483.66 5483.75 5486.85 5489.93 5492.8 5495.42 5496.92 5498.59 5500.49 5502.37 5504.43 5506.43
5543.05 5540.91 5539.32 5537.76 5535.97 5534.95 5534.11 5533.6 5533.51 5533.62 5533.61 5531.95 5524.33 5511.1 5497.27 5484.27 5473.81 5469.26 5467.89 5469.6 5472.19 5474.47 5473.22 5466.19 5460.21 5460.94 5467.8 5475.69 5481.07 5481.42 5480.6 5475.65 5474.26 5475.28 5485.37 5489.36 5488.76 5487.7 5487.86 5487.24 5486.68 5486.35 5484.14 5482.1 5481.33 5481.77 5481.82 5479.86 5479.72 5480.23 5481.29 5482.37 5483.24 5483.59 5484.68 5486.61 5489.75 5490.78 5491.28 5492.27 5492.98 5495.08 5497.81 5500.34 5502.74 5505.17 5507.47
5547.51 5545.45 5543.96 5542.12 5540.5 5539.42 5538.74 5538.36 5537.73 5537.54 5536.4 5533.8 5526.35 5513.73 5500.24 5487.21 5476.89 5471 5467.57 5466.99 5467.84 5468.27 5465.95 5462.53 5461 5464.31 5465.7 5470.22 5475.25 5475.41 5474.73 5468.52 5459.16 5469.97 5492.43 5490.27 5483.26 5480.08 5478.9 5478.59 5478.9 5480.42 5478.07 5476.21 5476.24 5477.05 5477.26 5476.91 5476.82 5477.59 5478.64 5480.07 5481.61 5483.76 5485.71 5488.16 5490.24 5491.7 5492.38 5492.61 5492.62 5494.64 5497.66 5500.44 5503.06 5506 5508.53
5552.6 5549.4 5546.72 5544.76 5542.61 5541.38 5540.75 5540.1 5539.98 5539.6 5538.34 5534.51 5526.75 5516.06 5502.74 5488.84 5476.7 5469.74 5465.76 5464.91 5464.62 5464.64 5462.97 5459.65 5459.55 5461.95 5462.59 5462.86 5464.29 5467.69 5468.95 5464.04 5455.9 5459.16 5461.45 5473.17 5474.01 5473.28 5471.99 5471.32 5470.89 5469.43 5468.59 5468.72 5469.5 5471 5471.74 5472.4 5472.82 5474.17 5476.33 5478.41 5480.71 5483.79 5486.25 5488.82 5491.25 5492.94 5493.63 5493.98 5494.33 5496.06 5498.55 5501.15 5503.65 5506.28 5508.81
5556.78 5552.8 5548.69 5546.38 5545.46 5543.59 5542.71 5542.82 5542.01 5541.56 5540.36 5537.1 5530.58 5520.19 5505.97 5490.2 5474.41 5466.16 5464.39 5463.96 5463.33 5462.11 5459.56 5456.13 5456.36 5457.26 5459.59 5460.72 5461.03 5461.82 5462.19 5462.09 5458.34 5454.97 5460.82 5462.72 5465.13 5466.68 5466.22 5466 5463.54 5460.21 5459.97 5461.55 5462.02 5462.2 5464.51 5467.16 5469.2 5471.55 5473.85 5477.19 5480.05 5483.09 5486.2 5489.32 5492.08 5493.9 5495.11 5495.87 5496.88 5498.28 5499.84 5501.79 5503.81 5506.12 5508.38
5558.78 5552.94 5550.35 5547.33 5545.44 5544.17 5543.21 5542.73 5542.46 5542.84 5542.21 5541.27 5537.57 5526.39 5511.08 5494.37 5474.96 5466.15 5466.61 5465.89 5464.36 5462.58 5461.86 5462.7 5459.98 5458.94 5457.83 5458.83 5458.44 5456.89 5455.68 5457.97 5457.21 5454.78 5454.89 5456.84 5459.99 5461.28 5461.31 5460.21 5458.46 5456.89 5456.56 5456.49 5456.41 5456.09 5458.92 5462.79 5466.28 5469.49 5472.58 5475.25 5478.67 5482.17 5486.09 5489.64 5493.1 5495.58 5496.58 5497.45 5498.62 5500 5500.69 5502.23 5504.11 5506.31 5508.65
5555.98 5550.87 5549.29 5546.71 5544.7 5542.96 5541.97 5541.59 5541.26 5541.21 5541.5 5542.59 5543.32 5531.18 5516.22 5502.66 5489.57 5479.05 5474 5470.42 5466.98 5463.04 5459.36 5456.71 5457.25 5456.37 5454.42 5453 5452.76 5452.27 5451.94 5453.03 5452.89 5451.82 5450.87 5451.62 5454.67 5455.89 5456.16 5455.57 5454.52 5453.4 5452.72 5453.19 5453.41 5454.09 5456.36 5459.99 5463.63 5467.3 5470.97 5474.45 5478.27 5482.15 5485.77 5489.86 5493.84 5496.21 5497.77 5498.36 5498.85 5499.68 5500.4 5502.05 5504.14 5506.36 5508.59
5550.87 5547.53 5546.25 5544.12 5542.46 5541.11 5540.15 5539.42 5538.72 5538.11 5537.74 5537.61 5535.84 5527.27 5517.72 5511.07 5506.39 5493.13 5483.01 5476.77 5471.41 5465.02 5456.78 5452.3 5455 5453.32 5450.25 5447.78 5447.86 5448.44 5448.31 5449.39 5448.4 5446.62 5446.49 5447.86 5450.67 5451.55 5452.01 5452.04 5451.65 5450.97 5450.6 5451.2 5451.76 5452.82 5454.69 5457.85 5461.59 5465.5 5469.51 5473.57 5477.72 5481.81 5486.06 5490.2 5494.56 5497.67 5499.21 5498.81 5497.72 5497.03 5499.16 5501.67 5503.87 5505.92 5507.96
5544.24 5542.39 5541.9 5540.53 5539.25 5538.11 5537.19 5536.19 5535.17 5533.82 5531.86 5528.93 5522.94 5517.39 5513.76 5511.51 5512.26 5498.16 5488.68 5482.85 5477.18 5470.71 5462.18 5455.1 5450.02 5449.02 5446.93 5444.98 5444.81 5445.92 5447.32 5445.73 5444.8 5444.53 5445.21 5446.93 5448.38 5448.96 5449.3 5449.53 5449.66 5450.11 5450.91 5449.84 5449.68 5450.95 5452.58 5455.84 5459.53 5463.66 5467.76 5472 5476.66 5480.95 5485.26 5489.72 5494.62 5500.16 5500.24 5498.9 5497.73 5497.41 5499.64 5501.77 5503.64 5505.48 5507.31
5536.96 5536.94 5536.17 5535.41 5534.45 5533.64 5533.14 5532.24 5530.9 5529.04 5526.06 5521.74 5514.99 5510.08 5507.88 5504.05 5496.78 5495.04 5491.83 5488.98 5484.25 5478.99 5472.05 5459.71 5450.83 5448.49 5445.7 5443.01 5442.52 5442.56 5442.71 5441.61 5442.62 5443.57 5445.07 5447.01 5447.84 5448.15 5448 5447.86 5447.63 5448.14 5449.1 5447.13 5445.73 5446.72 5449.88 5453.8 5457.69 5462.18 5466.46 5470.78 5475.1 5479.46 5483.71 5487.91 5492.29 5496.52 5497.64 5497.66 5498 5500.07 5501.35 5502.45 5503.79 5505.36 5507.08
5530.48 5529.88 5529.32 5529.46 5529.26 5528.75 5526.9 5525.89 5524.67 5524.05 5520.66 5517.27 5511.25 5506.02 5504.42 5501.88 5500.44 5501.5 5500.92 5494.92 5490.71 5487.28 5482.89 5464.58 5459.49 5452 5447.28 5444.06 5441.78 5439.31 5437.12 5438.83 5443.43 5446.89 5449.81 5448.89 5448.3 5447.68 5447.16 5446.27 5445.28 5444.22 5443.02 5442.91 5443.81 5445.25 5448.24 5452.27 5456.37 5460.73 5464.96 5469.3 5473.56 5477.65 5481.71 5485.34 5488.58 5490.54 5492.48 5495.1 5496.95 5500.07 5501.87 5502.41 5503.64 5505.26 5507
5524.65 5523.43 5523.02 5522.95 5522.64 5522.27 5521.77 5520.99 5520.2 5518.82 5516.95 5514.73 5511.75 5508.81 5503.63 5499.38 5498.8 5500.44 5499.65 5497.93 5494.11 5491.32 5489.33 5469.04 5461.66 5454.29 5448.91 5445.63 5443.38 5442.21 5439.64 5440.3 5446.66 5454.1 5451.61 5450.02 5448.94 5447.82 5446.66 5445.2 5443.36 5440.96 5438.25 5439.03 5442.11 5444.75 5447.25 5451.06 5455.28 5459.56 5463.72 5468.03 5472.18 5476.16 5479.85 5483.08 5485.66 5487.59 5489.73 5492.55 5494.7 5498.03 5500.03 5501.08 5502.92 5504.87 5506.78
5518 5517.58 5517.07 5516.87 5516.66 5516.39 5515.91 5515.45 5514.81 5514.1 5513.27 5512.43 5512.09 5510.63 5502.31 5494.49 5494.05 5499.77 5505.22 5498.61 5493.72 5488.65 5482.44 5463.26 5457.94 5457.06 5449.29 5446.24 5446.66 5445.37 5442.32 5444.3 5451.85 5452.49 5452.03 5451.48 5450.16 5449.08 5447.5 5445.63 5443.1 5440.13 5437.16 5437 5439.08 5442.25 5445.81 5450.09 5454.5 5458.93 5463.47 5467.61 5471.61 5475.24 5478.48 5481.41 5483.88 5486.12 5488.36 5490.62 5492.06 5493.44 5495.09 5499.19 5502.47 5504.95 5506.95
5513.28 5512.52 5512.43 5512.51 5512.54 5512.82 5512.61 5512.24 5511.08 5510.55 5509.99 5509.51 5509.09 5507.1 5499.11 5491.33 5490.81 5494.76 5496 5495.02 5491.74 5485.62 5471.03 5472.14 5475.59 5467.43 5461.02 5456.1 5453.86 5451.16 5447.7 5451.39 5461.52 5468.5 5459.85 5454.79 5451.93 5450.11 5448.49 5446.63 5444.3 5441.48 5438.33 5436.95 5437.73 5441.08 5445.47 5450.32 5455.03 5459.59 5464.06 5468.12 5471.91 5475.26 5478.29 5480.81 5483 5485.07 5486.96 5489.58 5491.17 5492.55 5494.68 5499.66 5503.36 5505.91 5507.85
5508.81 5508.28 5508.36 5508.72 5509.01 5508.6 5508.48 5508.2 5507.73 5507.15 5506.99 5505.98 5504.57 5500.69 5495.6 5489.84 5489.42 5490.51 5489.85 5491.53 5491.45 5489.3 5490.42 5483.93 5481.04 5477.08 5475.38 5469.54 5463.84 5458.21 5455.59 5458.27 5465.55 5469.9 5461.55 5455.84 5452.86 5451.32 5450.14 5448.71 5447.02 5444.77 5441.89 5439.54 5438.86 5441.77 5446.46 5451.7 5456.59 5461.17 5465.44 5469.16 5472.69 5476.08 5478.84 5481.18 5482.98 5484.79 5486.85 5489.75 5492.5 5495.93 5499.73 5503.18 5505.93 5508 5509.5
5504.77 5504.95 5505.33 5505.85 5506.67 5506.86 5506.79 5506.47 5505.7 5504.76 5503.81 5502.28 5500.95 5498.75 5495.75 5491.97 5491.23 5491.44 5489.26 5493.08 5493.72 5491.14 5488.35 5486.26 5481.52 5481.25 5480.09 5477.16 5473.78 5471.84 5465.79 5463.55 5461.62 5459.54 5456.54 5453.64 5452.92 5452.73 5452.39 5451.63 5450.71 5449.46 5447.82 5445.16 5441.06 5443.99 5449.31 5454.43 5459.21 5463.49 5467.51 5470.84 5473.75 5476.77 5479.49 5481.8 5483.59 5485.42 5486.82 5491.21 5495.98 5500.14 5504.68 5507.69 5509.53 5510.83 5511.68
5503.19 5502.85 5503.2 5503.72 5504 5504.03 5503.81 5503.33 5502.47 5501.48 5499.95 5499 5498.5 5499.39 5497.85 5495.49 5494.2 5496.15 5501.46 5501.51 5498.43 5493.86 5487.01 5484.67 5483.95 5484.89 5483.96 5481.47 5479.21 5478.38 5476.47 5468.35 5461.82 5457.39 5453.39 5452.17 5454.03 5455.11 5455.39 5455.46 5455.32 5454.95 5453.69 5449.26 5444.15 5448.43 5453.77 5458.41 5462.6 5466.5 5470 5472.71 5475.65 5478.47 5481 5483.48 5485.57 5487.62 5490.29 5494.4 5499.58 5504.67 5510.09 5512.48 5513.36 5513.83 5513.99
5502.89 5502.42 5502.12 5502.17 5502.17 5501.97 5501.56 5501.41 5500.27 5498.54 5496.98 5496.02 5494.67 5493.57 5492.37 5492.43 5494.36 5497.26 5502.77 5503.35 5501.63 5502.61 5498.46 5490.16 5487.36 5488.81 5488.83 5482.93 5478.63 5476.03 5473.17 5468.73 5464.62 5460.62 5457.26 5456.6 5457.63 5458.47 5458.93 5459.52 5460.25 5461.01 5461.03 5457.4 5453.02 5456.8 5460.46 5463.89 5467 5469.78 5472.73 5475.37 5478 5480.39 5482.89 5485.36 5488.17 5490.57 5493.52 5497.74 5503.19 5508.57 5514.11 5516.46 5516.84 5516.75 5516.28
5506.22 5502.88 5501.81 5501.51 5501.25 5500.84 5500.23 5499.22 5498.18 5496.2 5494.89 5493.06 5490.4 5486.82 5486.57 5491.18 5492.67 5493.73 5493.28 5493.78 5499.11 5503.42 5498.33 5487.95 5488.23 5487.77 5485.7 5480.03 5473.83 5469.44 5467.7 5468.09 5466.14 5464.79 5463.99 5463.96 5463.01 5462.93 5463.11 5463.72 5465.21 5467.56 5470.95 5473.27 5469.53 5468.35 5468.49 5469.48 5470.76 5472.47 5474.84 5478.14 5480.6 5482.95 5485.54 5488.18 5490.94 5493.72 5496.98 5501.34 5506.88 5512.02 5516.8 5519.19 5519.9 5519.61 5518.49
5503.86 5502.07 5501.38 5500.86 5500.23 5499.48 5498.69 5497.57 5496.38 5494.97 5492.53 5490.32 5487.51 5484.25 5484.79 5490.11 5490.44 5490.47 5489.97 5491.37 5494.5 5494.74 5489.39 5482.17 5485.29 5482.3 5479.01 5475.74 5471.21 5469.63 5470.31 5469.97 5469.88 5469.03 5468.93 5469.05 5467.79 5467.18 5467.11 5467.96 5469.36 5472.15 5477.37 5485.71 5483.9 5478.34 5475.82 5474.76 5474.96 5475.9 5477.62 5479.68 5482.04 5484.64 5487.67 5490.63 5494.04 5497.48 5501.85 5506.72 5511.11 5515.58 5519.25 5521.61 5523.17 5522.54 5520.59
5501.04 5501.51 5501.29 5500.24 5499.14 5497.95 5497 5495.94 5494.65 5493.27 5491.31 5489.43 5487.23 5484.87 5483.1 5486.39 5488.19 5488.28 5488.46 5489.91 5490.3 5491.85 5485.34 5480.34 5479.9 5477.46 5475.25 5473.79 5471.76 5472 5472.68 5472.08 5472.2 5472.06 5472.18 5472.08 5471.17 5470.38 5470.11 5470.47 5471.38 5473.13 5475.8 5481.09 5486.67 5483.06 5480.28 5478.38 5477.8 5478.16 5479.56 5481.62 5484.06 5486.75 5489.8 5493 5496.48 5500.36 5505.08 5510.03 5514.95 5519.91 5524.45 5527.1 5527.97 5525.53 5522.05
5501.69 5502.03 5501.43 5499.69 5497.99 5496.64 5495.13 5493.66 5492.36 5491.17 5489.63 5488.76 5488.24 5488.15 5488.55 5487.94 5487.15 5486.47 5485.52 5483.97 5485.37 5483.55 5481.09 5478.52 5478.13 5476.23 5475.16 5473.84 5473.61 5472.41 5473.04 5473.74 5473.6 5474.47 5474.61 5474.61 5473.45 5472.5 5472.22 5472.3 5472.47 5472.47 5471.74 5472.98 5482.84 5483.68 5482.22 5480.63 5480.02 5480.35 5481.36 5483.36 5486.14 5488.9 5492.18 5495.53 5499.04 5502.74 5507.03 5511.96 5517.45 5524.16 5532.32 5537.52 5534.04 5527.97 5522.56
5501.74 5502.75 5501.29 5499.04 5496.66 5494.59 5492.62 5491.03 5489.71 5488.69 5487.99 5487.9 5488.5 5490.57 5494.52 5488.6 5486.25 5485.11 5484.1 5482.67 5485.31 5483.87 5481.87 5479.96 5479.78 5481.36 5478.73 5474.44 5469.58 5471.44 5474.09 5476.72 5477.84 5476.98 5475.92 5474.85 5473.69 5473.33 5473.49 5473.77 5473.65 5472.76 5470.71 5471.93 5481.83 5482.88 5482.32 5481.39 5481.21 5482.02 5483.13 5485.39 5488.45 5491.58 5494.92 5498.26 5501.51 5504.81 5508.12 5510.76 5517.85 5525.67 5536.19 5545.03 5535.9 5527.03 5520.9
5500.02 5501.93 5500.22 5497.41 5494.78 5492.47 5490.38 5488.7 5487.38 5486.46 5485.93 5485.87 5486.88 5488.79 5488.63 5485.16 5483.8 5483.73 5484.63 5487.36 5490.51 5493.57 5489.14 5485.08 5482.68 5485.41 5482.18 5477.01 5472.65 5472.2 5475.8 5479.6 5480.6 5479.09 5476.64 5473.71 5472.88 5473.86 5474.51 5474.99 5475.12 5474.74 5473.64 5474.87 5480.68 5481.12 5480.64 5480.32 5481 5482.34 5484.71 5487.44 5490.7 5494.19 5498.22 5501.39 5504.78 5507.83 5510.41 5512.4 5517.86 5523.64 5528.75 5531.61 5525.96 5521.02 5516.82
5497.1 5499.04 5497.91 5495.14 5492.44 5490.03 5488.01 5486.34 5485.02 5484.05 5483.47 5482.66 5482.99 5484.17 5484.63 5479.98 5480.17 5481.78 5484.14 5487.2 5489.7 5491.1 5491.37 5487.39 5484.37 5483.97 5482.55 5479.38 5477.65 5474.98 5478.05 5482.53 5483.03 5480.81 5478.01 5474.52 5473.42 5474.92 5475.8 5476.31 5476.81 5477.63 5478.91 5480.46 5481.88 5477.9 5476.86 5477.66 5480.09 5482.65 5486.03 5489.63 5493.48 5497.44 5501.02 5504.86 5508.41 5511.48 5514.14 5516.72 5518.64 5520.17 5518.38 5512.16 5513.14 5513.43 5511.94
