real_craters/C131-500m.grd
DSAA
165 165
-40.915 40.915
-40.915 40.915
4575.2338025255 6779.3440409532
[rows 60 to 89 of 165, columns 67 to 133 of 165]
5801.02 5866.71 5945.31 6037.86 6083.78 6022.15 5963.08 5929.65 5927.49 5959.95 6032.92 6142.04 6051.8 5964.65 5865.48 5831.26 5866.94 5887.87 5791.64 5756.34 5764.71 5825.39 5964.22 5981.4 6026.08 5945.37 5913.79 5875.77 5801.2 5707.39 5686.85 5672.38 5650.51 5633.25 5617.97 5604.64 5592.46 5579.03 5568.98 5566.08 5592.26 5599.53 5600.62 5595.84 5589.47 5580.63 5573.21 5566.33 5559.95 5546.69 5509.01 5521.07 5533.66 5530.02 5528.5 5527.55 5526.12 5525.41 5525.6 5523.4 5517.94 5512.19 5505.88 5502.89 5503.93 5515.93 5547.62
5820.76 5883.52 5966.75 6084.87 6210.34 6047.96 5931.88 5878.06 5862.25 5874.96 5917 5960.19 5873.64 5720.09 5642.34 5645.53 5655.31 5658.46 5625.9 5595.57 5580.02 5579 5636.15 5670.91 5731.91 5820.93 5911.28 6030.03 5959.98 5830.76 5757.62 5712.95 5675.54 5649.38 5629.65 5614.75 5603.24 5592.56 5585.43 5580.99 5580.99 5599 5607.05 5605.16 5599.05 5590.33 5582.07 5575.23 5574.07 5576.89 5533.95 5532.29 5539.06 5535.62 5531.89 5528.24 5526.68 5525.76 5526.2 5523.94 5513.17 5501.57 5496.86 5503.66 5511.6 5518.61 5556.79
5817.2 5859.73 5907.69 5950.09 5928.64 5850.95 5809.36 5771.38 5741.65 5721.66 5702.14 5667.8 5603.85 5492.88 5427.21 5435.83 5437.14 5431.55 5417.56 5397.11 5377.69 5349.79 5368.43 5390.24 5466.78 5612.28 5774.34 5959.36 5976.81 5892.06 5805.55 5737.19 5690.72 5660.24 5631.1 5614.42 5607.54 5607.45 5607.54 5612.67 5620.45 5624.07 5622.01 5615.61 5606.5 5595.98 5586.52 5578.58 5573.1 5566.18 5544.56 5542.88 5543.83 5536.28 5530.33 5526.69 5524.57 5523.23 5523.24 5524.28 5507.63 5498.41 5495.99 5507.11 5524.45 5544.45 5546.61
5799.76 5816.71 5819.47 5796.96 5724.61 5680.61 5664 5635.48 5598.62 5551.99 5486.53 5418.78 5382.81 5329.49 5281.09 5248.13 5232.33 5223.17 5212.67 5201.84 5191.84 5191.63 5159.92 5166.2 5233.33 5383.17 5542.71 5671.39 5841.6 5878.49 5783.2 5714.44 5669.97 5643.03 5624.48 5614.57 5613.21 5613.91 5626.49 5649.2 5655.85 5646.92 5638 5626.69 5614.5 5601.58 5588.47 5576.68 5564.09 5552.64 5543.97 5543.74 5539.05 5530.76 5525.6 5522.69 5520.76 5519.19 5514.72 5505.12 5501.76 5496 5492.51 5508.27 5527.59 5538.37 5549.57
5780.43 5764.35 5734.16 5684.49 5631.21 5553.06 5537.99 5509.79 5465.47 5403.27 5322.79 5244.31 5224.61 5188.81 5132.46 5075.85 5004.45 5017.25 5031.43 5025.08 5003.65 4977.21 4932.31 4949.38 5017.2 5169.57 5326.92 5459.59 5605.43 5681.68 5681.99 5656.98 5635.27 5619.07 5602.99 5597.11 5601.25 5611.32 5629.33 5659.99 5667.59 5660.65 5648.15 5634.28 5619.64 5603.84 5586.95 5570.43 5552.63 5540.2 5533.56 5534.87 5520.98 5516.99 5516.34 5516.49 5517.49 5517.42 5514.62 5506.91 5506 5500.21 5499.4 5510 5526.41 5540.43 5564.07
5749.22 5709.61 5657.64 5592.56 5503.54 5451.51 5441.9 5398.12 5344.04 5283.45 5222.63 5164.42 5108.47 5069.04 5036.63 4954.12 4896.99 4888.99 4899.14 4892.87 4844.65 4775.39 4798.01 4807.04 4855.93 5000.66 5151.8 5313.8 5424.76 5513.96 5556.19 5566.19 5564.01 5565 5575.66 5579.51 5588.48 5605.95 5617.25 5626.85 5638.62 5653.14 5650.38 5637.42 5620.45 5602.65 5584.39 5564.35 5540.83 5525.24 5516.85 5510.13 5499.64 5501.94 5506.01 5509.59 5513.01 5516.22 5520.3 5530.15 5518.81 5505.53 5498.37 5506.66 5520.35 5525.62 5548.27
5717.29 5662.4 5597.82 5527.6 5454.79 5444.09 5382.56 5302.17 5235.26 5174.4 5113.8 5055.07 5000.74 4952.43 4894.51 4851.17 4808.97 4808.42 4812.82 4814.6 4800.94 4752.5 4785.2 4795.15 4810.41 4886.04 4976.1 5107.21 5277.37 5376.86 5436.12 5481.27 5508.35 5528.86 5551.09 5561.64 5576.58 5588.34 5599.73 5606.22 5622.09 5654.86 5651.82 5637.3 5619.47 5600.28 5580.25 5561.12 5540.22 5518.97 5501.34 5486.95 5489.03 5492.18 5498.71 5504.8 5509.98 5514.8 5519.85 5523.42 5516.44 5504.19 5494.41 5501.49 5515.57 5521.7 5541.93
5685.4 5613.24 5543.27 5479.73 5437.04 5400.04 5277.79 5191.69 5125.28 5066.84 5013.67 4957.1 4896.64 4842.76 4800.88 4768.51 4762.18 4748.49 4751.69 4765.79 4804.3 4845.31 4795.29 4782.94 4816.4 4802.18 4830.87 4950.3 5149.22 5244.48 5315.8 5379.93 5428.31 5467.08 5502.69 5525.63 5547.52 5565.52 5582.53 5597.69 5627.36 5652.66 5648.37 5633.79 5616.48 5596.9 5577.4 5559.03 5544.14 5519 5493.72 5483.8 5483.3 5486.18 5492.83 5499.29 5505.22 5510.85 5514.81 5515.69 5510.62 5502.87 5496.68 5502.45 5517.01 5529.89 5558.46
5634.92 5551.54 5476.75 5406.01 5341.17 5233.99 5115.09 5069.88 5013.68 4955.56 4908.36 4855.99 4803.29 4750.46 4690.79 4680.19 4691.36 4696.45 4699.06 4703.85 4712.02 4759 4756.66 4742.77 4721.6 4707.42 4708.06 4806.46 4966.92 5098.89 5193.18 5276.57 5339.88 5394.36 5435.96 5477.84 5513.03 5541.73 5565.68 5584.76 5607.06 5636.35 5640.07 5630.88 5615.23 5595.08 5572.69 5550.44 5532.66 5510.05 5488.37 5479.17 5475.62 5482.09 5491.71 5498.82 5504.19 5508.21 5510.65 5512.25 5508.95 5501.26 5494.52 5498.22 5516.11 5552.8 5584.38
5567.45 5478.31 5393.65 5310.63 5219.49 5106.41 5026.87 4975.59 4913.54 4849.22 4786.88 4761.61 4731.65 4697.82 4664.68 4648.52 4651.34 4657.78 4658.03 4650.48 4633.83 4630.57 4668.37 4667.57 4650.89 4638.83 4643.48 4727.23 4860.28 4978.64 5085.62 5173 5249.49 5322.93 5382.23 5434.53 5481.39 5520.73 5553.57 5575.61 5596.39 5622.15 5633.39 5631.44 5618.27 5596.93 5570.04 5540.79 5511.94 5501.65 5488.13 5483.73 5480.56 5488.64 5496.55 5500.36 5503.25 5505.18 5506.97 5508.33 5506.99 5496.7 5489.45 5491.97 5507.31 5530.17 5583.19
5495.33 5401.04 5307.53 5217.95 5121.28 5042.96 4998.11 4900.13 4827.95 4762.22 4702.06 4700.26 4690.9 4673.85 4655.78 4640.37 4637.75 4639.3 4634.78 4623.78 4609.7 4609.39 4617.35 4616.88 4618.68 4608.65 4607.73 4674.45 4783.49 4893.71 5001.33 5100.77 5188.17 5265.38 5338.29 5395.09 5454.52 5506.26 5551.38 5583.81 5606.09 5622.46 5638.4 5643.04 5629.71 5605.23 5574.98 5541.6 5511.98 5508.06 5505.66 5511.24 5518.6 5510.48 5505.49 5504.5 5504.45 5503.23 5501.6 5498.63 5493.68 5490.51 5488.74 5492.48 5506.4 5527.62 5543.83
5408.94 5310.75 5216.12 5119.99 5026.77 4964.9 4875.68 4803.56 4752.7 4705.61 4670.54 4670.06 4672.5 4670.81 4668.24 4662.35 4642.63 4634.94 4627.17 4616.49 4601.67 4604.68 4606.92 4605.44 4602.82 4595.17 4594.23 4633.48 4718.67 4826.36 4936.99 5040.75 5135.33 5223.47 5304.3 5379.55 5449.19 5512.37 5566.82 5614.13 5647.86 5669.2 5678.77 5674.23 5650.87 5620.04 5586.91 5556.97 5536.37 5526.26 5525.63 5528.85 5528.32 5520.54 5513.11 5509.06 5505.71 5502.57 5497.9 5491.97 5485.5 5484.41 5487.97 5495.75 5490.23 5503.7 5526.27
5319.59 5222.64 5127.4 5027.28 4929.15 4822.34 4713.23 4709.36 4695.44 4675.05 4663.13 4667.27 4676.18 4680.88 4681.63 4673.91 4655.31 4644.46 4635.31 4628.45 4626.99 4617.91 4612.27 4604.77 4596.05 4589.47 4590.49 4610.69 4680.97 4782.23 4892.24 4999 5100.03 5195.17 5286.06 5368.44 5453.4 5526.02 5593.87 5654.63 5712.32 5752.78 5751.08 5706.97 5665.96 5628.73 5595.11 5567.7 5548.03 5542.28 5543.94 5539.93 5531.92 5523.27 5517.12 5512.75 5509.06 5504.73 5498.36 5488.91 5478.73 5478.44 5484.12 5486.42 5479.09 5496.75 5534.54
5237.78 5143.08 5047.58 4946.15 4840.97 4728.94 4671.12 4665.83 4664.34 4660.44 4663.11 4675.47 4690.06 4702.26 4703.85 4690.01 4673.14 4660.99 4650.18 4641.27 4641.34 4636.36 4616.2 4602.54 4593.39 4589.46 4594.26 4602.43 4663.61 4758.37 4863.86 4971.49 5080.62 5179.35 5277.86 5370.74 5462.24 5546.05 5620.59 5685.36 5739.31 5774.27 5768.79 5723.94 5675.83 5637.31 5605.73 5579.62 5559.66 5552.22 5549.57 5550.29 5546.85 5524.4 5520.69 5518.23 5514.56 5510.03 5503.93 5494.71 5480.76 5481.03 5483.88 5483.02 5481.54 5494.55 5520
5168.45 5072.53 4981.95 4885.28 4790.4 4700.91 4660.79 4656.59 4654.56 4657.6 4669.35 4690.21 4715.3 4737.46 4751.76 4735.79 4701.44 4685.57 4668.83 4651.26 4641.6 4634.15 4614.99 4600.99 4592.76 4591.85 4597.49 4602.62 4659.62 4747.3 4847.26 4952.37 5058.71 5164.11 5268.07 5368.32 5465.15 5557.58 5641.84 5711.35 5754.76 5772.39 5772.99 5719.41 5672.54 5639.09 5614.88 5601.85 5577.28 5560.29 5552.65 5551.64 5542.25 5531.07 5527.94 5525.15 5521.85 5518.58 5514.65 5510.54 5508.54 5502.5 5490.07 5478.46 5471.97 5482.85 5496.88
5119.38 5032.4 4945.64 4856.64 4770.32 4697.62 4665.1 4659.68 4653.97 4657.58 4675.75 4705.7 4741.25 4776.34 4810 4790.88 4740.23 4720.28 4693.74 4665.47 4638.82 4625.98 4612.07 4599.2 4590.53 4588.62 4595.62 4608.24 4663.73 4745.04 4839.47 4941.19 5047.6 5159.4 5264.36 5373.13 5478.85 5578.72 5670.3 5748.72 5795.91 5791.15 5748.1 5688.99 5653.47 5631.5 5616.78 5601.96 5584.02 5566.04 5555.09 5556.21 5557.58 5542.24 5536.66 5533.58 5530.38 5527.95 5526.29 5526.27 5527.67 5518.66 5496.9 5475.65 5464.81 5472.73 5480.87
5093.84 5012.54 4926.74 4843.6 4764.13 4699.23 4665.04 4663.84 4654.77 4657.77 4683.26 4720.57 4766.2 4808.47 4848.25 4834.02 4796.98 4765.58 4720.14 4679.08 4643.15 4620.71 4608.87 4596.5 4586.47 4583.12 4591.72 4611.04 4667.39 4750.87 4846.52 4948.06 5058.72 5164.63 5275.13 5387.2 5495.12 5598.72 5697.08 5787.32 5862.83 5900.05 5719.54 5647.9 5627.91 5618.74 5614.8 5614.75 5591.07 5574.17 5562.91 5559.78 5556.05 5548.5 5544.58 5541.75 5539.05 5537.3 5536.05 5535.88 5534.74 5524.79 5502.55 5481.44 5470.37 5467.87 5470.21
5076.6 4994.37 4915.54 4834.12 4761.89 4704.73 4668.47 4663.5 4655.89 4659.15 4693.52 4740.05 4786.72 4827.92 4858.86 4893.39 4891.43 4823.77 4743.39 4671.31 4636.09 4619.47 4605.61 4594.64 4584.41 4575.23 4587.24 4608.26 4670.3 4758.13 4853.04 4954.08 5060.97 5173.33 5284.8 5394.84 5505.08 5611.88 5713.45 5807.3 5887.19 5913.23 5727.34 5629.46 5611.88 5607.46 5605.85 5600.38 5590.65 5578.3 5569.27 5563.55 5556.87 5555.36 5552.2 5546.11 5543.24 5541.26 5540.53 5540.14 5537.49 5526.3 5507.01 5483.55 5468.52 5464.63 5464.11
5061.47 4975.81 4903.56 4828.29 4762.09 4710.19 4673.33 4663.55 4656.03 4665.02 4706.24 4759.17 4810.98 4853.63 4884.07 4957.93 4980.89 4863.99 4755.89 4675.34 4647.08 4623.22 4602.81 4597.09 4591.22 4586.79 4590.17 4603.94 4673.9 4767.39 4865.56 4968.48 5076.57 5184.78 5294.72 5405.03 5513.13 5616.86 5715.74 5801.87 5861.44 5867.47 5738.77 5639.42 5608.21 5601.16 5601.51 5596.63 5588.5 5585.43 5574.59 5566.52 5566.41 5568.93 5556.27 5550.07 5545.6 5543.41 5542.46 5542.37 5541.75 5535.8 5514.43 5485.85 5465.63 5465.6 5463.43
5068.7 4992.16 4907.2 4836.97 4771.31 4713.67 4672.26 4658.51 4654 4668.88 4719.22 4781.28 4842.19 4889.19 4912.84 4961.68 4959.74 4844.76 4743.22 4675.86 4655.7 4633.35 4615.56 4603.52 4602.07 4605.96 4599.25 4615.64 4681.63 4777.07 4876.65 4979.68 5087.81 5193.37 5300.79 5409.44 5514.67 5611.7 5705.29 5783.14 5828.35 5815.14 5731.28 5642.09 5603.93 5596.48 5605.19 5604.43 5582.13 5569.87 5564.77 5561.21 5560.8 5558.88 5551.68 5547.84 5544.19 5541.88 5540.51 5539.97 5540.33 5542.31 5520.83 5503.97 5486.14 5474.97 5466.86
5084.58 5002.38 4922.29 4847.34 4779.6 4717.29 4675.08 4656.53 4651.15 4672.22 4730.77 4800.72 4874.48 4942.27 4987.43 4929.34 4846.02 4774.99 4705.26 4655.73 4651.48 4627.01 4610.53 4606.24 4608.13 4609.73 4602.28 4622.55 4695.28 4781.66 4879.19 4978.27 5079.48 5187.96 5293.01 5398.07 5501.49 5597.15 5686.88 5761.74 5810.91 5827.66 5747.62 5625.85 5594.11 5585.04 5586.44 5581.59 5565.2 5556.4 5549.74 5548.73 5549.05 5544.99 5542.71 5540.7 5538.77 5536.74 5535.47 5533.34 5529.76 5520.39 5513.59 5510.51 5497.14 5485.03 5476.2
5084.77 5001.31 4926.67 4851.21 4784.27 4720.61 4673.88 4652.27 4651.42 4677.53 4738 4811.81 4890.53 4970.49 5007.68 4904 4773.91 4715.75 4669.19 4648.77 4659.22 4612.32 4599.13 4606.12 4610.89 4613.54 4608.76 4630.16 4701.6 4781.3 4869.08 4968.76 5067.7 5167.26 5279.36 5382.64 5482.5 5576.97 5662.72 5735.95 5791.09 5823.03 5764.25 5630.58 5590.55 5574.54 5563.25 5554.46 5543.03 5530.74 5533.35 5535.29 5535.49 5533.84 5531.35 5530.2 5529.97 5529.28 5527.79 5524.11 5520.41 5511.16 5505.33 5500.91 5500.55 5495.42 5488.23
5082.33 5003.28 4925 4853.22 4784.57 4725.36 4677.23 4653.64 4651.06 4680.09 4735.63 4803.03 4877.25 4948.81 4973.23 4862.21 4739.63 4679.28 4655.33 4651.63 4649.19 4621.88 4612.86 4615.46 4612.81 4609.73 4619.18 4641.47 4711.49 4786.26 4871.96 4961.89 5059.05 5156.77 5256.79 5355.46 5449.91 5541.17 5624.86 5697.59 5751.79 5782.3 5744.56 5639.03 5598.48 5573.08 5551.18 5540.36 5532.85 5525.09 5524.21 5524.43 5523.9 5523.3 5520.74 5519.61 5519.29 5518.6 5517.52 5516.24 5514.12 5512.19 5505.18 5495.84 5500.06 5499.82 5492.82
5084.97 5005.07 4931.44 4858.23 4789.92 4728.39 4681.95 4653.99 4649.77 4677.16 4725.45 4783.48 4842.79 4882.39 4878.53 4818.42 4720.64 4668.72 4643.44 4623.95 4638.48 4653.06 4641.73 4634.62 4634.1 4633.21 4630.45 4650.76 4717.17 4789.57 4872.69 4960.51 5055.14 5148.7 5244.6 5340.02 5432.13 5520.45 5600.54 5668.57 5715.78 5736.35 5704.82 5656.09 5613.65 5581.08 5557.94 5539.4 5528.81 5523.96 5519.48 5517.71 5515.67 5512.64 5511.96 5511.98 5511.84 5511.72 5510.92 5510.3 5509.21 5508.08 5500.8 5489.38 5493.93 5494.6 5489.68
5091.51 5016.01 4945.76 4872.75 4803.37 4737.83 4687.49 4650.66 4651.04 4674.44 4714.44 4759.77 4802.88 4830.49 4835.44 4808.78 4747.99 4708.78 4669.32 4658.79 4664.18 4667.38 4660.68 4651.81 4645.57 4642.4 4640.22 4656 4719.33 4788.53 4870.26 4952.61 5041.6 5136.08 5229.86 5323.38 5413.26 5498.41 5577.03 5645.17 5693.49 5719.93 5711.36 5672.11 5626.23 5588.86 5562.5 5542.15 5527.17 5519.12 5517.38 5515.5 5512.7 5507.79 5505.11 5505.34 5505.93 5506.68 5506.35 5505.34 5503.42 5501.26 5496.32 5490.79 5490.86 5491.2 5492.5
5100.24 5023.88 4959.01 4883.41 4817.22 4748.48 4695.08 4653 4652.75 4671.04 4699.22 4730.77 4763.43 4797.07 4812.08 4822.54 4849.48 4824.8 4720.75 4700.56 4681.35 4670.79 4671.37 4666.68 4656.1 4649.38 4642.76 4655.56 4713.38 4785.34 4863.3 4949.2 5031.15 5121.21 5221.71 5311.89 5399.49 5489.1 5565.28 5631.06 5683.96 5716.04 5722.57 5676.11 5630.56 5591.65 5563.32 5545.48 5535.5 5525.86 5519.43 5515.78 5513.54 5512.77 5501.85 5502.53 5502.83 5502.64 5502.26 5499.67 5498.48 5496.92 5497.71 5494.38 5497.78 5505.07 5499.74
5118.3 5052.53 4974.29 4897.17 4825.18 4760.21 4702.61 4658.68 4656.69 4666.42 4682.96 4701.02 4716.53 4728.68 4763.27 4800.25 4848.13 4834.93 4715.38 4691.05 4679.86 4673.63 4680.65 4686.54 4683.02 4662.44 4646.95 4658.08 4713.33 4785.98 4867.61 4950.8 5040.64 5134.06 5223.51 5311.45 5399.94 5481.45 5560.5 5627.59 5679.07 5715.24 5724.52 5686.12 5636.01 5592.09 5561.96 5546.68 5540.12 5530.11 5520.97 5515.51 5512.65 5511.17 5503.97 5501.66 5501.09 5500.41 5499.06 5497.1 5493.68 5489.39 5484.67 5491.65 5493.11 5490.19 5500.06
5152.99 5073.21 4991.85 4907.8 4839.31 4766.67 4706.51 4663.01 4656.17 4661.25 4670.68 4677.29 4678.57 4674.35 4707.76 4742.79 4750.33 4713.27 4695.8 4681.4 4678 4680.45 4691.06 4704 4715.91 4677.31 4655.44 4665.27 4720.41 4795.14 4875.46 4964.24 5052.53 5142.01 5229.6 5317.55 5401.26 5479.57 5557.27 5624.21 5681.04 5720.01 5739.57 5699.03 5637.89 5591.59 5560.67 5546.56 5535.88 5527.75 5519.75 5513.82 5509.39 5505.02 5500.87 5501.06 5499.53 5497.92 5496.12 5493.91 5490.79 5486.88 5483.06 5487.88 5488.63 5490.02 5491.66
5178.4 5093.24 5005.95 4922.68 4843.01 4772.09 4710.57 4665.31 4658.4 4658.93 4660.8 4663.69 4663.58 4664.46 4684.47 4702.74 4703.66 4690.61 4688.46 4687.05 4691.41 4695.36 4701.03 4704.26 4696.92 4683.49 4671.55 4681.76 4732.26 4807.01 4889.05 4974.92 5061.74 5149.16 5232.99 5318.07 5406.18 5482.46 5560.27 5628.48 5686.95 5730.35 5752.42 5715.73 5647.54 5596.28 5563.29 5547.02 5538.17 5527.18 5517.77 5510.32 5505.38 5501.19 5502.99 5501.28 5497.83 5494.75 5492.03 5489.98 5488.37 5488.46 5490.88 5487.91 5485.69 5483.15 5484.24
5221.38 5126.25 5042.03 4954.83 4863.91 4783.87 4712.05 4668.07 4662.09 4660.85 4660.87 4662.3 4664.09 4668.29 4679.29 4689.94 4695.14 4698.16 4699.05 4703.78 4712.61 4715.51 4713.86 4708.41 4699.98 4693.09 4687.59 4697.39 4749.23 4827.73 4910.06 4997.08 5084.26 5169.02 5261.3 5344.65 5426.74 5503.19 5573.6 5639.92 5695.6 5740.11 5764.82 5735.57 5655.64 5595.92 5561.71 5544 5531.24 5522.55 5513.64 5506.73 5501.79 5498.53 5501.27 5499.73 5495.09 5491.24 5488.21 5486.28 5485.52 5486.58 5488.66 5483.83 5483.59 5486.68 5492.72
