real_craters/C131-300m.grd
DSAA
274 274
-40.915 40.915
-40.915 40.915
4576.1268789956 6781.9935362351
[rows 210 to 239 of 274, columns 134 to 200 of 274]
5509.39 5510.52 5508.04 5502.97 5499.6 5497.81 5496.18 5494.59 5492.7 5489.96 5488.4 5487.62 5486.25 5484.75 5484.54 5482.89 5482.1 5480.73 5479.23 5477.57 5476.27 5474.19 5472.35 5470.48 5468.08 5466.23 5464.42 5462.02 5460.62 5459.19 5458.52 5457.81 5457.8 5459.31 5460.5 5461.56 5462.64 5463.68 5464.54 5465.6 5466.71 5467.88 5469.1 5470.57 5470.93 5468.43 5472.39 5473.3 5473.65 5473.47 5472.02 5470.62 5469.47 5468.5 5467.84 5468.18 5473.09 5478.53 5482.46 5482.64 5476.43 5471.49 5467.45 5463.88 5460.31 5457.07 5453.88
5509.85 5512.51 5510.69 5507.07 5503.45 5500.52 5498.04 5496.03 5494.48 5493.26 5489.05 5485.15 5484.54 5484.36 5481.8 5482.95 5482.1 5481.11 5479.37 5477.92 5475.99 5474.21 5472.37 5470.5 5468.27 5466.39 5463.9 5461.76 5459.85 5457.55 5456.17 5455.51 5456.11 5458.38 5459.66 5460.75 5461.74 5462.64 5463.46 5464.73 5465.66 5466.65 5467.74 5469.17 5470.22 5471.88 5471.24 5471.87 5473.49 5476.28 5472.91 5470.25 5468.69 5467.62 5467.08 5467.12 5467.4 5468.45 5473.18 5473.39 5471.55 5468.92 5465.5 5462.33 5459.34 5456.42 5453.69
5521.25 5516.3 5513.77 5511.46 5507.01 5502.83 5499.6 5497.25 5495.54 5493.63 5490.65 5486.79 5485.71 5485.69 5487.58 5484.52 5482.1 5481.1 5479.11 5477.47 5475.87 5474.15 5472.37 5470.48 5468.62 5466.71 5464.57 5462.48 5459.55 5456.59 5453.64 5452.77 5454.94 5458.05 5459.58 5460.68 5461.55 5462.28 5463.12 5463.58 5464.29 5465.08 5466.05 5467.51 5468.52 5469.37 5469.53 5469.51 5469.38 5469.16 5469.65 5468.49 5467.29 5466.32 5465.76 5465.3 5464.82 5464.8 5465.91 5465.58 5466.12 5465.31 5463.39 5461.02 5458.41 5455.97 5453.5
5513.63 5513.53 5513.68 5513.03 5508 5503.47 5499.95 5497.27 5495.53 5494.69 5493.14 5491.52 5488.09 5485.91 5483.14 5482.08 5481.52 5480.53 5478.66 5477.12 5475.47 5473.79 5472.08 5470.74 5468.97 5467.14 5465.22 5463.03 5460.78 5457.8 5454.69 5454.06 5456.25 5458.79 5460.08 5461.05 5461.66 5462.14 5462.54 5462.74 5463.15 5463.79 5464.42 5465.67 5466.45 5466.49 5467.01 5466.84 5466.37 5466 5466.38 5466.48 5465.95 5465.21 5464.33 5463.8 5464.08 5465.74 5463.52 5462.35 5462.48 5461.92 5460.64 5459.44 5457.47 5455.35 5453.22
5501.19 5506.05 5507.99 5509.07 5505.23 5501.56 5498.49 5495.9 5493.62 5491.98 5492.38 5492.78 5488.2 5485.49 5483.47 5482.27 5481.3 5480.25 5478.53 5477.09 5475.58 5473.99 5472.11 5470.48 5468.85 5467.43 5465.78 5464.38 5462.62 5460.54 5459.14 5458.91 5459.21 5460.69 5461.19 5461.43 5461.57 5461.68 5462.05 5462.3 5462.31 5462.19 5462.28 5463.12 5464.89 5465.69 5464.4 5464.27 5463.97 5464.42 5464.67 5464.8 5464.5 5463.87 5463.12 5462.1 5460.92 5459.05 5459.05 5461.02 5460 5459.16 5458.26 5457.15 5455.71 5454.09 5452.3
5497.19 5499.27 5500.04 5499.47 5499.96 5498.42 5495.91 5493.35 5491.54 5489.34 5486.69 5485.58 5484.95 5484.31 5483.9 5483.13 5481.19 5479.75 5478.08 5476.69 5475.15 5473.62 5472.43 5470.89 5469.36 5467.65 5466.32 5465.2 5464.43 5463.61 5463.06 5462.44 5462.87 5463.2 5462.62 5462.24 5461.97 5461.82 5461.6 5461.5 5461.16 5460.53 5459.87 5459.42 5458.59 5459.65 5461.19 5462.28 5462.21 5462.73 5463.53 5463.67 5463.4 5462.8 5462.05 5460.73 5458.61 5455.32 5456.05 5456.48 5456.88 5456.96 5456.67 5456.99 5456.14 5454.93 5453.35
5490.44 5494.75 5496.78 5497.29 5496.77 5495.24 5493.02 5490.33 5486.97 5484.58 5481.61 5480.46 5481.95 5482.67 5482.24 5480.94 5480.66 5479.52 5477.89 5476.49 5475.06 5473.61 5472.42 5470.99 5469.96 5468.63 5467.46 5466.58 5465.86 5466.31 5467.43 5468.81 5467.59 5464.98 5463.66 5462.62 5462.08 5461.8 5461.4 5461.06 5460.53 5459.8 5458.41 5456.52 5453.7 5455.56 5458.9 5461.39 5462.92 5463.54 5463.33 5463.19 5462.84 5462.29 5461.61 5460.64 5459.54 5458.86 5457.4 5455.25 5455.49 5456.13 5456.4 5454.84 5454.05 5453.04 5451.77
5492.27 5492.39 5493.7 5494.92 5494.69 5493.27 5491.07 5488.19 5486.31 5483.65 5481.8 5480.87 5481.28 5481.86 5481.89 5482.52 5480.47 5479.33 5477.69 5476.43 5475.05 5473.81 5472.44 5471.08 5469.93 5468.66 5467.88 5467.3 5466.8 5467.23 5469.5 5473.91 5469.74 5465 5463.2 5462.17 5461.72 5461.5 5461.01 5460.78 5460.34 5459.54 5458.4 5456.56 5453.74 5455.56 5458.43 5461.22 5463.92 5464.19 5463.73 5463.49 5463.27 5462.88 5462.32 5461.33 5460.86 5461.29 5460.53 5457.68 5456.52 5455.69 5455.38 5455.19 5454.76 5454 5453
5489.61 5490.58 5491.79 5493.62 5494.22 5492.7 5489.53 5485.76 5483.48 5482.23 5482.62 5482.35 5481.92 5481.9 5481.36 5479.39 5480.21 5479.53 5478.04 5476.89 5475.63 5473.69 5472.33 5471.13 5469.76 5468.5 5467.56 5466.37 5465.85 5465.49 5465.59 5465.89 5463.03 5461.44 5460.97 5460.73 5460.7 5460.58 5460.88 5460.92 5460.78 5460.03 5459.47 5458.54 5459.07 5458.2 5459.19 5460.79 5461.97 5463.07 5463.18 5463.19 5463.14 5462.92 5462.27 5461.5 5460.82 5460.33 5458.56 5457.5 5456.92 5455.85 5455.96 5456.33 5456.2 5455.64 5454.67
5487.26 5491.33 5495.32 5496.71 5496 5493.61 5489.7 5484.39 5478.72 5481.68 5482.17 5483.11 5483.04 5482.51 5482.38 5481.54 5481.63 5480.07 5478.48 5477.31 5476.15 5474.47 5473.17 5471.04 5469.7 5468.46 5467.1 5465.36 5464.27 5462.7 5459.86 5454.63 5453.86 5456.7 5458.43 5459.16 5459.65 5459.54 5459.77 5460.25 5460.71 5461.17 5461.3 5460.9 5459.52 5460.29 5460.49 5460.6 5461.54 5461.92 5462.51 5462.93 5463.13 5463.14 5462.79 5462.26 5461.03 5457.27 5453.17 5453.6 5452.61 5455.38 5456.78 5457.65 5457.8 5456.84 5455.72
5491.03 5495.76 5501.37 5501.4 5499.25 5496.23 5492.15 5487.07 5483.98 5486.16 5488.48 5486.49 5484.38 5483.06 5483.09 5486.16 5482.64 5479.68 5478.79 5477.5 5476.51 5475.39 5474.45 5472.35 5470.82 5468.65 5467.02 5465.44 5463.33 5460.88 5457.73 5453.4 5452.66 5455.05 5456.93 5457.93 5458.11 5458.76 5459.54 5460.71 5461.7 5462.72 5463.7 5464.33 5464.01 5463.36 5462.22 5460.36 5459.18 5461.23 5462.6 5463.14 5463.55 5463.83 5464.03 5464.18 5463.67 5462.28 5460.86 5457.93 5456.15 5457.53 5459.28 5460.02 5459.98 5459.15 5457.77
5500.63 5501.3 5507.54 5505.61 5502.72 5499.89 5497.05 5493.39 5489.37 5491.53 5492.46 5488.09 5484.59 5482.38 5480.7 5477.17 5477 5478.71 5479.26 5478.79 5477.73 5476.72 5475.49 5473.93 5472.2 5469.84 5467.16 5464.73 5462.67 5460.66 5458.41 5456.6 5456.6 5456.21 5456.5 5456.95 5457.72 5458.48 5459.49 5461.41 5463.01 5464.72 5466.43 5467.94 5468.3 5467.01 5465.33 5462.61 5460.58 5462.29 5463.6 5464.32 5464.85 5465.33 5465.9 5466.76 5467.69 5469.72 5471.57 5466.01 5459.5 5462.31 5463.72 5464.03 5463.6 5461.93 5460.02
5505.53 5503.3 5508.03 5506.44 5504.4 5502.62 5501.56 5501.75 5498.84 5492.51 5490.03 5485.56 5482.88 5481.1 5479.3 5477.22 5477.13 5478.83 5479.82 5479.46 5478.89 5477.86 5475.9 5474.12 5472.27 5469.99 5466.83 5464.69 5462.39 5460.6 5459.24 5458.79 5458.62 5457.1 5456.34 5456.25 5457.13 5457.89 5459.06 5461.27 5463.45 5465.99 5468.44 5470.01 5470.78 5470.45 5469.25 5468.1 5466.54 5465.34 5465.32 5465.51 5465.96 5466.51 5467.35 5468.36 5470.4 5473.4 5476.92 5474.45 5473.16 5471.15 5470.09 5469 5467.1 5464.77 5462.08
5509.46 5499.58 5503.62 5504.84 5503.91 5502.97 5502.74 5502.42 5496.21 5485.45 5479.68 5479.91 5480.17 5480.23 5480.12 5478.87 5478.58 5481.25 5481.59 5481.11 5480.39 5478.81 5477.38 5475.42 5472.97 5471.01 5467.31 5464.98 5463.4 5461.24 5460 5459.23 5457.88 5456.96 5456.7 5456.54 5457.24 5457.87 5458.9 5460.53 5463.06 5466.56 5470.39 5472.05 5473.21 5473.64 5472.32 5470.51 5468.92 5467.48 5466.46 5465.95 5465.84 5466.34 5467.34 5468.75 5470.83 5473.4 5476.56 5476.72 5477.11 5477.28 5476.77 5474.51 5471.67 5468.19 5464.95
5510.04 5501.5 5503.58 5503.62 5502.34 5501.07 5500.04 5499.47 5491.06 5478.83 5473.44 5475.6 5478.06 5480.23 5482.27 5484.29 5486.56 5485.66 5484.49 5483.12 5481.39 5479.46 5477.9 5475.71 5473.62 5471.37 5468.28 5466.36 5465 5462.81 5461.09 5459.72 5458.54 5456.86 5455.81 5456.27 5456.31 5456.5 5456.99 5458.09 5460.45 5464.75 5471.54 5478.49 5477.94 5475.41 5474.29 5471.9 5470.04 5468.28 5466.05 5464.93 5464.48 5464.98 5466.13 5467.67 5469.59 5470.96 5471.54 5475.06 5478.34 5483.45 5484.66 5480.85 5476.36 5471.51 5467.21
5512.71 5512.59 5508.41 5502.98 5499.83 5497.3 5494.39 5489.56 5482.5 5474.03 5471.35 5473.67 5477.2 5480.78 5484.4 5488.14 5491.34 5489.54 5487.26 5484.97 5482.53 5479.94 5477.45 5475.48 5473.14 5475.16 5470.04 5468.39 5466.58 5464.18 5461.77 5459.56 5457.96 5455.72 5454.92 5455.52 5455.3 5454.74 5454.21 5454.19 5455.13 5458.21 5465.51 5478.8 5474.33 5470.97 5473.88 5479.15 5473.32 5467.38 5463.87 5462.31 5462.14 5462.98 5464.51 5466.31 5468.54 5470.19 5471.59 5478.93 5494.72 5500.63 5493.63 5486.39 5479.66 5473.84 5468.43
5516.7 5510.02 5503.59 5499.81 5496.98 5494.19 5490.43 5483.7 5478.34 5470.32 5470.14 5473.53 5477.29 5481.34 5485.64 5489.62 5492.04 5491.5 5489.28 5486.36 5483.45 5480.52 5477.73 5475.01 5472.67 5473.57 5472.09 5469.68 5467.51 5465.74 5463.05 5459.3 5453.79 5452.45 5455.25 5456.25 5455.28 5453.56 5451.51 5449.37 5447.52 5446.41 5446.75 5451 5453.14 5456.02 5462.65 5471.61 5466.91 5461.21 5458.63 5457.87 5458.55 5460.13 5462.35 5464.97 5467.79 5470.92 5474.9 5483.89 5500.53 5505.4 5497.24 5488.65 5481.22 5474.17 5467.91
5517.39 5511.92 5499.35 5496.31 5494.11 5491.81 5488.88 5486.5 5480.54 5476.29 5474.12 5475.09 5478.07 5481.96 5486.25 5490.49 5492.6 5492.73 5490.24 5487.37 5484.06 5480.38 5477.71 5475.02 5477.15 5475.56 5474.85 5471.78 5470.67 5467.97 5465.77 5463.09 5458.38 5458.44 5459.28 5458.56 5455.87 5452.52 5448.8 5444.59 5439.65 5433.7 5425.74 5418.22 5428.27 5434.96 5440.16 5444.99 5447.98 5448.9 5449.83 5451.28 5453.57 5456.22 5459.4 5463.25 5467.45 5472.44 5479.11 5487.71 5497.17 5500.36 5493.75 5486.49 5479.9 5473.45 5467.16
5514.56 5510.75 5497.34 5493.28 5491.4 5489.6 5486.91 5482.83 5480.79 5479.91 5476.2 5475.75 5478.01 5481.6 5485.93 5490.23 5495.27 5493.58 5489.92 5487.15 5483.5 5480.32 5477.04 5474.44 5475.56 5475.53 5474.25 5473.94 5472.73 5470.64 5470.85 5470.47 5473.21 5473.13 5466.64 5462.24 5457.39 5452.38 5446.94 5440.9 5433.86 5425.28 5415.2 5409.08 5413.18 5417.03 5417.38 5418.25 5428.4 5435.5 5440.16 5443.97 5447.67 5451.42 5455.48 5459.97 5465.07 5471.69 5480.02 5487.44 5489.96 5487.8 5485.78 5481.71 5476.34 5470.83 5465.18
5505.88 5501.44 5490.58 5489.43 5488.96 5487.72 5485.74 5482.64 5477.38 5474.24 5473.07 5473.72 5476.19 5479.98 5484.45 5488.2 5488.59 5489.82 5489.25 5485.36 5481.95 5478.08 5475.5 5476.2 5474.65 5473.24 5473.94 5473.61 5473.75 5474.09 5474.82 5476.42 5478.3 5478.27 5471.56 5464.95 5458.73 5452.57 5446.09 5439.08 5431.3 5422.39 5412.81 5406.85 5406.84 5407.45 5406.71 5408.33 5416.55 5424.58 5430.95 5436.15 5441.03 5445.62 5450.35 5455.41 5461.19 5468.2 5476.76 5484.06 5482.64 5476.99 5478.02 5476.51 5473.27 5469.04 5464.35
5496.56 5494.19 5486.88 5486.16 5485.97 5485.36 5482.71 5477.65 5470.75 5467.01 5467.74 5469.8 5472.69 5476.61 5481.54 5486.9 5492.46 5494.4 5489.42 5482.54 5477.07 5473.05 5471.28 5472.54 5472.03 5471.46 5472.19 5472.58 5473.55 5474.55 5475.89 5477.6 5478.54 5477.99 5472.3 5465.58 5459.12 5452.53 5445.7 5438.47 5431 5423.56 5416.79 5410.49 5406.34 5404 5403.54 5405.85 5410.51 5417.11 5423.36 5428.95 5433.87 5438.8 5443.78 5449.75 5455.49 5461.6 5468.77 5476.59 5475.8 5474.89 5474.11 5472.44 5470.08 5466.58 5462.73
5482.9 5487.94 5485.1 5482.02 5481.73 5483.45 5483.38 5477.78 5466.62 5459.78 5463.24 5465.36 5467.59 5471.05 5475.87 5482.28 5492.54 5497.23 5485.54 5477.04 5470.28 5466.62 5466.79 5465.79 5467.1 5468.09 5469.07 5470.15 5472.35 5473.93 5475.65 5476.74 5475.98 5474.23 5470.16 5465.45 5459.2 5452.72 5445.86 5438.69 5431.6 5425.28 5421.53 5415.22 5407.85 5402.89 5401.03 5402.73 5406.82 5412.35 5418.06 5423.51 5429.5 5434.53 5439.31 5444.96 5449.48 5453.38 5456.34 5458.36 5461.31 5468.58 5469.22 5468.09 5466.99 5464.92 5461.64
5464.26 5472.5 5475.5 5472.05 5472.42 5478.25 5488.12 5484.22 5473.88 5465.56 5462.2 5460.76 5460.94 5462.8 5466.07 5470.4 5477.16 5479.28 5471.71 5465.68 5461.51 5459.66 5459.64 5460.23 5461.54 5464.88 5466.98 5468.75 5470.73 5472.49 5474.59 5475.48 5473.55 5469.56 5468.61 5466.54 5459.76 5453.49 5446.69 5439.54 5432.35 5425.32 5418.09 5413.07 5408.03 5402.69 5400.13 5401.25 5405.19 5409.55 5414.59 5419.58 5425.39 5430.76 5435.15 5439.34 5442.87 5445.21 5445.22 5441.84 5445.62 5453.89 5459.59 5463.42 5464.09 5463.12 5460.38
5445.33 5446.01 5452.57 5452.51 5454.65 5461.03 5474.3 5475.48 5477.98 5469.3 5458.7 5453.79 5452.09 5451.9 5452.7 5453.13 5454.24 5453.88 5450.51 5449.74 5450.19 5452.02 5453.83 5453.85 5456.53 5460.11 5463.45 5466.55 5469.41 5471.67 5473.57 5474.92 5474.54 5472.57 5471.15 5468.02 5461.14 5454.75 5447.83 5440.66 5433.34 5426.31 5419.55 5413.99 5409.09 5403.7 5399.45 5401.02 5404.73 5408.98 5413.58 5418.23 5422.76 5425.98 5430.05 5433.63 5436.97 5439.49 5440.84 5440.79 5444.55 5450.8 5456.72 5461.47 5462.7 5462.17 5460.01
5427.64 5420.85 5422.42 5427.55 5432.43 5434.55 5433.93 5445.04 5455.44 5452.66 5446.56 5443.18 5441.27 5439.81 5438.36 5435.8 5430.65 5424.09 5427.58 5433.14 5438.91 5443.3 5447.46 5450.2 5451.42 5455.25 5458.49 5463.22 5466.75 5469.76 5472.5 5474.69 5476.41 5477.09 5475.2 5470.46 5462.74 5455.98 5448.88 5441.7 5434.41 5427.52 5421.52 5415.95 5411.12 5407.38 5404.26 5403.68 5405.52 5408.4 5411.54 5415.37 5419.09 5423.01 5426.8 5430.21 5433.64 5436.79 5441.23 5447.67 5455.35 5456.87 5460.37 5463.48 5462.81 5461.65 5460.45
5421.4 5412.16 5406.54 5409.84 5415.71 5416.85 5412.37 5417.96 5418.45 5426.13 5429.65 5430.14 5429.46 5427.6 5425.1 5420.79 5413.19 5404.94 5410.75 5419.93 5428.44 5434.93 5440.17 5444.93 5445.94 5450.3 5454.15 5458.96 5462.28 5466.48 5470.13 5474.48 5476.77 5478.62 5476.94 5471.61 5463.2 5456.08 5448.9 5441.92 5435.28 5428.72 5422.18 5417.55 5413.35 5411.38 5410.24 5407.12 5406.49 5407.78 5410.18 5412.89 5416.31 5419.85 5422.93 5426.58 5430.15 5434.06 5439.45 5446.5 5454 5460.53 5466.29 5466.61 5463.36 5461.17 5460.48
5422.38 5414.62 5406.36 5403.98 5408.78 5412.65 5413.47 5407.76 5403.4 5410.11 5415.56 5417.82 5418.39 5417.33 5414.84 5410.88 5404.56 5400.59 5404.18 5412.13 5419.69 5427.3 5433.6 5438.86 5442.95 5447.71 5452.22 5454.99 5459.56 5463.93 5468.94 5472.84 5475.93 5477.35 5475.58 5471.55 5463.01 5455.66 5448.55 5441.79 5435.5 5430 5424.77 5418.59 5413.74 5411.23 5409.78 5407.21 5406.14 5406.7 5408.46 5410.62 5413.53 5416.65 5419.94 5423.05 5426.66 5430.46 5435.09 5440.33 5447.43 5461.04 5473.6 5466.85 5461.41 5458.86 5458.09
5421.17 5418.39 5410.74 5404.9 5408.73 5412.78 5412.49 5406.39 5402.22 5403.58 5406.51 5408.64 5409.71 5409.48 5407.99 5405.42 5401.39 5399.77 5402.85 5409.27 5415.61 5422.96 5428.95 5434.31 5439.67 5446.08 5450.48 5454.06 5458.25 5462.42 5466.55 5470.26 5473.94 5477.13 5478.03 5471.15 5461.74 5454.44 5447.5 5440.91 5434.74 5429.38 5423.87 5417.65 5411.96 5408.17 5405.94 5405 5404.65 5405.44 5406.98 5409.38 5411.87 5414.57 5416.95 5419.9 5422.93 5426.1 5429.53 5434.04 5440.97 5449.04 5457.69 5456.53 5454.39 5453.12 5453.09
5421.87 5425.9 5422.16 5412.65 5412.82 5414.54 5412.39 5406.53 5401.94 5399.99 5400.63 5401.9 5402.95 5403.33 5403.15 5402.56 5400.83 5402.18 5405.32 5409.39 5414.34 5421.52 5426.46 5432.1 5437.52 5442.18 5446.69 5451.69 5456.27 5458.63 5463.01 5466.59 5469.7 5472.27 5472.33 5465.77 5458.39 5451.94 5445.36 5438.98 5432.79 5427.05 5421.44 5415.38 5409.41 5404.02 5401.99 5402.2 5403.42 5404.76 5406.5 5408.15 5410.39 5412.8 5415.13 5417.67 5420.16 5422.3 5424.22 5425.48 5424.32 5431.11 5435.65 5441.05 5444.65 5446.02 5447
5431.53 5435.34 5436.54 5423.29 5417.28 5415.42 5410.16 5402.82 5398.17 5395.76 5396.03 5397.26 5398.69 5399.77 5400.59 5401.49 5401.62 5405.11 5408.86 5411.03 5414.73 5420.09 5424.66 5429.04 5433.49 5438.62 5443.32 5447.59 5450.27 5454.47 5458.47 5461.82 5464.18 5463.23 5457.55 5458.86 5455.63 5448.72 5442.37 5436.2 5430.23 5424.25 5418.73 5413.18 5407.26 5401.85 5400.08 5400.59 5402.1 5403.66 5405.35 5407.4 5409.49 5411.7 5414.09 5416.29 5418.36 5419.9 5420.83 5422.05 5422.9 5424.74 5426.15 5431.55 5436.99 5440 5441.23
