real_craters/C131-300m.grd
DSAA
274 274
-40.915 40.915
-40.915 40.915
4576.1268789956 6781.9935362351
[rows 240 to 269 of 274, columns 134 to 200 of 274]
5438.18 5435.09 5431.14 5420.55 5417.51 5415.79 5407.57 5394.88 5390.17 5391.72 5393.01 5394.65 5396.17 5397.82 5399.26 5401.11 5402.35 5406.25 5410.17 5411.87 5413.26 5417.67 5422.21 5425.82 5430.04 5434.4 5439.17 5443.43 5445.87 5449.87 5453.47 5456.83 5459.61 5461.07 5461.56 5458.76 5453.07 5445.14 5438.52 5432.47 5427.36 5423.18 5417.49 5411.68 5406.36 5401.89 5400.31 5400.24 5401.57 5402.86 5404.38 5406.27 5408.16 5410.17 5412.4 5414.44 5416.4 5418.29 5419.77 5421.39 5423.25 5424.47 5425.51 5429.02 5432.98 5436.15 5437.89
5438.56 5426.77 5414.05 5411.36 5417.65 5418.93 5409.2 5394.91 5389.43 5389.9 5390.98 5392.97 5394.52 5396.14 5397.73 5399.76 5401.63 5405.09 5411.57 5410.21 5411.07 5415.13 5418.81 5423.03 5427.02 5430.57 5434.68 5436.96 5441.14 5444.88 5448.58 5452.07 5455.34 5458.5 5461.48 5457.12 5449.62 5440.66 5433.65 5427.42 5422.31 5419.17 5414.28 5409.77 5406.2 5403.51 5401.8 5401.31 5401.76 5402.82 5404.15 5405.77 5407.53 5409.41 5411.63 5413.55 5415.55 5417.36 5419.26 5421.34 5423.42 5425.05 5426.45 5428.89 5431.81 5434.76 5437.39
5428.1 5419.33 5409.94 5415.24 5423.6 5423.94 5412.57 5401.9 5394.22 5391.21 5391.01 5391.58 5392.66 5394.34 5395.98 5397.74 5399.83 5400.76 5401.63 5405.16 5407.89 5412.22 5415.67 5420.36 5424.14 5427.45 5431.03 5432.84 5436.36 5440 5443.25 5446.31 5449.34 5452.68 5455.02 5451.87 5443.72 5434.74 5427.88 5421.5 5415.26 5409.82 5408.45 5406.89 5405.74 5404.89 5403.04 5402.15 5402.12 5402.95 5404.28 5405.93 5407.62 5409.4 5411.6 5413.37 5415.33 5417.02 5419.04 5421.17 5423.09 5425.14 5427.14 5429.43 5431.2 5434.2 5438.02
5418.12 5416.09 5413.45 5425.77 5431.39 5422.69 5411.18 5400.79 5395.44 5392.64 5391.86 5391.53 5392.05 5393.14 5394.46 5395.96 5397.44 5397.62 5398.34 5401.67 5405.14 5409.48 5413.11 5416.89 5421.01 5424.39 5425.22 5428.34 5431.41 5434.74 5437.28 5439.68 5441.67 5443.59 5445.08 5441.6 5434.33 5427.07 5421.54 5415.97 5410.14 5405.09 5404.7 5404.55 5404.43 5404.19 5403.21 5402.79 5403.17 5404.33 5405.9 5406.56 5408.21 5410.25 5411.76 5413.39 5415.15 5416.75 5418.22 5420.25 5422.37 5424.72 5425.42 5426.79 5429.32 5432.86 5437.63
5415.76 5417 5419.22 5428.49 5427.36 5417.58 5407.26 5398.71 5395.79 5393.54 5392.53 5391.95 5392.23 5392.81 5393.81 5394.99 5396.3 5397.2 5399.03 5401.04 5403.46 5406.91 5410.08 5413.36 5416.79 5420.28 5421.8 5424.7 5427.42 5429.53 5431.32 5432.75 5433.33 5432.35 5428.43 5423.63 5422.65 5419.23 5415.97 5411.95 5407.47 5404.22 5403.34 5402.99 5402.94 5402.86 5402.64 5403.08 5403.99 5405.09 5406.94 5408.77 5409.65 5411.61 5413.08 5414.68 5416.26 5417.76 5418.41 5419.44 5420.36 5421.2 5421.59 5422.93 5426.35 5430.26 5435.06
5416.24 5418.29 5421.45 5420.7 5411.74 5406.32 5403.45 5399.5 5396.94 5394.58 5393.59 5392.86 5392.91 5393.3 5394.05 5394.94 5396.01 5397.17 5399.06 5400.49 5402.16 5405.12 5408.16 5411.03 5414.06 5416.83 5419.01 5421.49 5423.88 5425.57 5426.62 5426.7 5425.62 5423.32 5417.75 5412.99 5414.39 5413.3 5411.9 5409.77 5407.1 5404.26 5403.04 5401.93 5401.51 5401.51 5401.83 5402.77 5404.01 5405.61 5407.54 5409.43 5411.3 5413.25 5414.6 5416.11 5417.94 5418.85 5419.51 5418.84 5418.5 5417.62 5418.96 5420.69 5423.93 5427.56 5431.58
5416.95 5417.7 5417.95 5413.75 5404.29 5402.9 5402.69 5400.95 5398.53 5395.96 5394.29 5393.66 5393.56 5393.81 5394.22 5394.92 5395.85 5397.05 5398.59 5399.71 5401.23 5403.63 5406.46 5408.94 5411.84 5413.19 5415.78 5417.76 5420.01 5421.31 5421.96 5421.6 5420.22 5418.03 5414.31 5411.82 5410.82 5409.85 5409.44 5408.9 5408.38 5406.38 5403.36 5401.01 5399.62 5399.68 5400.86 5402.24 5403.92 5405.77 5407.81 5409.77 5411.49 5413.93 5415.72 5417.21 5418.82 5419.7 5420.41 5420.12 5419.11 5418.74 5418.99 5420.46 5422.38 5424.98 5428.17
5416.57 5415.57 5413.3 5408.2 5402.64 5403.36 5404.9 5403.75 5400.67 5397.79 5395.79 5394.42 5394 5393.97 5394.24 5394.86 5395.68 5397.23 5397.99 5398.5 5400.44 5402.71 5404.86 5407.11 5409.29 5410.25 5412.79 5414.64 5416.44 5417.52 5418.38 5418.06 5416.84 5414.86 5412.02 5409.78 5408.72 5408.54 5408.07 5408.22 5408.4 5406.28 5402.97 5399.94 5398.58 5398.59 5400.22 5402.08 5404.17 5406.26 5408.9 5410.93 5412.83 5415.16 5416.85 5418.36 5419.63 5420.65 5421.44 5421.28 5420.85 5420.16 5419.71 5419.8 5420.76 5422.89 5425.83
5415.49 5413.49 5410.27 5405.96 5403.24 5403.37 5405.28 5404.23 5400.97 5398.72 5397.31 5396.6 5395.73 5395.14 5395.22 5395.79 5396.07 5397.46 5398.33 5400.18 5400 5401.66 5403.34 5405.37 5407.31 5408.79 5409.9 5411.46 5413.42 5414.4 5415.2 5415.11 5413.97 5412.94 5410.55 5408.06 5407.2 5407.67 5407.19 5407.1 5407.08 5404.93 5401.73 5398.44 5396.88 5397.62 5399.98 5402.29 5404.65 5406.87 5409.36 5411.99 5413.94 5415.8 5417.55 5419.17 5420.74 5421.97 5423.12 5423.28 5423.34 5422.93 5421.55 5419.09 5418.98 5421.2 5424.18
5413.59 5411.54 5408.92 5406.43 5404.51 5401.22 5399.72 5400.15 5399.65 5399.13 5398.54 5398.07 5397.61 5397.34 5397.17 5396.89 5396.97 5397.51 5397.54 5397.09 5398.99 5400.7 5401.67 5403.4 5405 5406.13 5407.59 5409.28 5410.45 5411.38 5412.53 5413.43 5413.51 5413.07 5411.21 5407.18 5407.46 5408.98 5407.23 5405.63 5404.61 5402.89 5400.65 5397.41 5395.13 5397.38 5400.4 5402.94 5405.23 5407.33 5409.3 5412.34 5414.05 5416.1 5417.94 5419.51 5421.24 5423.23 5424.21 5425.47 5426.49 5426.73 5425.01 5420.89 5418.99 5420.03 5422.92
5409.97 5408.81 5407.56 5406.24 5404.17 5397.6 5395.33 5397.08 5398.28 5399 5399.03 5398.79 5398.47 5398.21 5398.04 5397.78 5397.53 5397.52 5397.11 5397.78 5398.2 5399.46 5400.02 5401.76 5404.11 5405.61 5407 5408.47 5409.65 5410.94 5412.46 5413.16 5414.19 5414.9 5415.83 5416.68 5417.59 5413.8 5408.43 5403.95 5401.03 5401.63 5401.27 5399.2 5396.89 5400.05 5403.05 5405.34 5407.38 5409.38 5411.26 5411.91 5413.61 5415.28 5417.27 5419.35 5421.39 5424.09 5425.56 5427.3 5429.08 5429.95 5428.21 5422.67 5418.61 5418.72 5421.38
5404.89 5405.44 5405.42 5405.08 5401.89 5396.5 5396.74 5397.51 5398.03 5399.1 5399.31 5398.98 5398.8 5398.92 5398.57 5398.22 5397.79 5397.34 5396.39 5396.44 5397.21 5398.46 5399.75 5401.31 5403.69 5405.26 5406.73 5408.05 5409.22 5410.63 5411.59 5412.57 5413.91 5415.69 5419.59 5427.13 5427.83 5417.57 5409.83 5404.16 5400.76 5403.31 5405.57 5406.19 5405.24 5406.35 5407.38 5408.4 5409.66 5410.85 5412.37 5413.24 5415.01 5416.74 5418.64 5420.67 5422.69 5423.82 5426.11 5428.34 5430.56 5432.14 5431.16 5423.77 5417.65 5416.87 5419.05
5399.8 5401.9 5402.85 5402.56 5400.67 5398.52 5398.93 5398.98 5398.97 5399.24 5399.3 5399.07 5398.91 5398.84 5398.11 5397.89 5397.33 5396.76 5395.49 5395.28 5396 5397.32 5399.31 5401.09 5402.72 5404.23 5405.73 5407 5408.19 5409.19 5410.24 5411.46 5412.77 5414.37 5416.98 5420.16 5419.29 5415.1 5410.69 5406.75 5405.3 5408.24 5412.04 5417.07 5418.23 5413.65 5411.63 5411.04 5411.36 5412.24 5413.4 5414.78 5416.36 5417.95 5419.7 5421.8 5423.69 5424.44 5426.72 5428.81 5431.01 5432.83 5432.01 5423.45 5415.5 5414.83 5416.85
5395.74 5398.95 5400.88 5401.49 5401.23 5400.84 5401.49 5400.41 5399.48 5399.69 5399.54 5399.37 5398.16 5397.77 5397.43 5397.06 5396.78 5395.79 5395.15 5394.5 5395.01 5396.62 5398.41 5400.51 5402.1 5403.41 5404.75 5405.98 5407.13 5408.18 5409.17 5409.87 5410.85 5411.71 5411.8 5410.52 5408.33 5411.4 5412.49 5411.84 5411.62 5413.97 5416.5 5420.84 5421.64 5416.73 5414.05 5412.81 5412.61 5413.09 5413.94 5415.06 5416.7 5417.85 5419.45 5421.36 5422.62 5424.6 5426.61 5428.61 5430.18 5431.5 5430.05 5422.76 5414.47 5413.73 5416.78
5393.24 5397.28 5400.35 5401.28 5402.21 5402.23 5402.15 5401.03 5399.97 5399.93 5399.23 5398.61 5398.73 5398.35 5398.08 5397.48 5396.88 5396.28 5394.89 5394.29 5394.5 5396.47 5398.28 5400.26 5401.72 5403.05 5404.15 5405.28 5406.32 5407.13 5408.03 5408.79 5409.01 5409.14 5408.2 5406.63 5406.01 5411.14 5417.3 5420.52 5420.81 5419.65 5417.51 5415.86 5415.86 5414.94 5413.92 5413.29 5413.13 5413.41 5414.07 5415.29 5416.46 5417.71 5419.35 5420.89 5421.95 5423.84 5425.56 5427.17 5428.13 5429.46 5429.24 5422.43 5414.59 5413.22 5416.67
5392.44 5397.02 5401.81 5405.41 5405.66 5401.73 5401.95 5401.86 5401.17 5399.79 5399.05 5398.62 5398.84 5398.44 5398.16 5397.78 5397.38 5396.89 5395.85 5395.75 5395.98 5397.3 5398.66 5400.15 5401.27 5402.56 5403.65 5404.69 5405.66 5406.2 5406.71 5407.37 5407.72 5407.65 5406.72 5405.49 5405.43 5412.26 5423.05 5436.54 5432.71 5423.8 5417.11 5411.23 5411.13 5412.31 5412.73 5412.6 5412.53 5412.73 5413.21 5414.16 5415.12 5416.58 5418.22 5419.64 5420.87 5422.1 5423.44 5424.59 5424.82 5425.75 5425.42 5420.16 5413.03 5411.85 5415.62
5391.65 5395.96 5402.08 5410.58 5410.52 5402.81 5402.71 5402.46 5401.65 5400.85 5399.45 5398.92 5398.33 5398.26 5398.11 5397.41 5397.32 5397.31 5397.37 5397.86 5399.72 5398.67 5399.7 5400.31 5401.08 5401.98 5402.84 5403.69 5404.9 5405.7 5406.41 5406.77 5407.16 5407.28 5406.95 5406.79 5407.57 5412.34 5420.07 5431.33 5429.68 5422.07 5416.41 5411.91 5410.69 5411 5411.4 5411.15 5411.13 5411.24 5411.59 5412.58 5413.36 5415 5415.74 5416.89 5418.08 5419.79 5420.65 5421.63 5421.72 5421.4 5420.13 5415.74 5410.48 5409.96 5414.22
5390.49 5393.31 5397.23 5403 5408.37 5406.99 5404.56 5402.76 5401.4 5400.33 5399.04 5397.68 5397.17 5396.73 5396.83 5396.91 5397.13 5397.5 5398.02 5398.62 5398.17 5399.53 5399.94 5400.06 5401.05 5401.63 5402.28 5402.95 5403.88 5404.6 5405.28 5406.21 5406.79 5407.33 5407.9 5408.86 5410.26 5410.84 5409.26 5406.46 5412.61 5414.84 5414.56 5414.05 5411.64 5410.51 5409.94 5409.7 5409.51 5409.55 5409.81 5410.04 5411.08 5412.11 5412.91 5413.88 5414.88 5415.2 5416.6 5417.16 5417.34 5416.7 5414.18 5410.55 5407.46 5407.78 5412.59
5389.02 5390.3 5391.39 5390.83 5397.92 5403.35 5402.73 5400.86 5399.52 5398.26 5397.7 5396.48 5396.33 5396.32 5396.48 5396.78 5397.18 5397.79 5398.57 5399.34 5401.37 5400.71 5400.62 5400.66 5400.9 5401.24 5401.66 5403.13 5403.75 5404.39 5405 5405.84 5406.57 5407.44 5408.25 5410.34 5412.37 5410.83 5403.78 5398.1 5403.39 5408.78 5411.25 5410.8 5410.5 5409.17 5407.94 5407.23 5407.02 5406.97 5407.06 5407.43 5408.38 5409.06 5409.16 5410.16 5411.28 5411.94 5412.41 5412.8 5412.59 5411.89 5409.59 5406.71 5404.87 5405.62 5410.47
5387.46 5388.28 5389.44 5390.81 5390.39 5391.86 5396.81 5397.25 5396.73 5396.02 5395.64 5395.57 5394.74 5394.98 5395.41 5395.99 5396.85 5397.65 5398.56 5399.39 5399.94 5400.56 5400.45 5400.31 5400.33 5401.28 5401.67 5402.12 5402.61 5403.16 5404.78 5405.46 5406.23 5407.19 5408.48 5410.12 5412.42 5410.62 5403.32 5399.36 5401.67 5405.7 5410.21 5412.23 5408.66 5406.85 5405.48 5404.61 5404.06 5403.9 5403.34 5403.7 5404.75 5405.39 5405.22 5406.12 5407.01 5407.75 5407.94 5408.62 5408.6 5408.3 5406.65 5404.45 5404.21 5405.25 5409.04
5386.07 5386.65 5387.96 5389.22 5389.34 5390.98 5393.23 5393.99 5393.68 5393.45 5393.32 5393.52 5393.56 5393.92 5394.6 5395.38 5396.24 5397.18 5398.26 5399.02 5399.74 5400.68 5401.03 5401.1 5400.42 5400.59 5400.83 5401.12 5403.16 5403.62 5404.1 5404.64 5405.29 5406.03 5407.15 5408.12 5408.8 5407.12 5403.59 5401.16 5401.92 5403.17 5404.3 5405.17 5404.02 5402.87 5401.56 5400.72 5400.44 5400.44 5400.61 5399.68 5400.12 5400.8 5404.07 5404.61 5404.51 5405.09 5405.54 5406.37 5405.81 5405.91 5405.98 5406.11 5405.98 5405.96 5408.43
5384.4 5384.96 5386.55 5388.4 5389.75 5391.27 5392.08 5391.07 5390.69 5391.17 5390.61 5391.25 5392.85 5393.68 5394.55 5395.4 5396.31 5397.17 5398.04 5398.47 5399.4 5400.33 5400.92 5401.38 5402.07 5402.75 5403.39 5402.15 5402.5 5402.87 5403.29 5403.75 5404.95 5406.09 5406.44 5406.15 5406.24 5405.98 5406.39 5405.42 5403.29 5401.14 5399.18 5397.99 5397.86 5397.75 5397.22 5398.08 5396.87 5396.99 5397.54 5399.94 5400.27 5400.78 5402.6 5402.52 5402.73 5402.81 5402.9 5403.08 5403.13 5403.59 5405.29 5407.75 5408.42 5408.35 5410.21
5383.56 5383.38 5384.02 5386.76 5390 5389.74 5387.44 5386.65 5387.28 5388.22 5389.14 5390.34 5392.05 5393.15 5394.2 5395.21 5395.98 5396.88 5397.67 5397.74 5398.2 5398.84 5400.38 5401.51 5402.55 5403.51 5404.39 5403.61 5404.18 5404.71 5405.19 5403.7 5404.14 5405.63 5405.95 5406.02 5405.32 5405.35 5409.61 5409.6 5404.75 5399.61 5395.74 5393.73 5393.54 5394.14 5394.62 5395.28 5395.89 5396.56 5397.33 5398.9 5399.25 5399.54 5399.27 5399.48 5399.66 5399.15 5399.46 5399.32 5399.88 5400.6 5402.75 5406.38 5409.67 5413.23 5406.46
5383.55 5382.39 5381.49 5383.91 5388.29 5386.79 5381.26 5381.76 5383.51 5385.62 5387.43 5388.81 5389.94 5391.33 5392.65 5393.86 5395.04 5396.02 5396.96 5397.35 5398.23 5399.62 5400.01 5401.33 5402.54 5403.31 5404.4 5405.22 5405.95 5406.56 5407.03 5405.98 5406.12 5407.05 5407.33 5406.63 5405.79 5405.33 5412.87 5412.36 5405.29 5397.59 5391.15 5389.3 5389.57 5390.69 5391.56 5392.96 5393.91 5394.72 5395.31 5395.71 5396.07 5396.45 5396.36 5396.49 5396.21 5396.26 5396.13 5395.98 5396.36 5396.56 5398.17 5400.53 5404.53 5410.92 5413.96
5384.88 5382.73 5381.61 5382.52 5383.87 5382.73 5378.01 5378.44 5380.41 5382.7 5384.62 5386.44 5388.09 5389.66 5390.98 5392.64 5393.88 5395.24 5396.35 5396.85 5397.43 5398.06 5399.51 5400.95 5402.21 5403.39 5404.3 5404.89 5405.55 5406.11 5406.89 5407.17 5407.23 5409.85 5409.28 5407.74 5407.88 5409.69 5417.62 5413.33 5404.35 5395.5 5388.34 5386.22 5386.31 5387.34 5388.28 5389.06 5390.25 5391.01 5391.52 5391.79 5392.33 5392.14 5392.43 5392.49 5392.43 5392.46 5391.86 5392.19 5392.17 5392.14 5392.9 5392.86 5396.56 5404.07 5410.49
5387.45 5384.38 5381.45 5381.7 5382.11 5381.29 5378 5377.65 5379.36 5381.02 5382.83 5384.54 5386.24 5387.86 5389.56 5391.29 5392.95 5394.51 5395.82 5396.89 5397.03 5397.37 5399.31 5401.38 5402.33 5403.18 5404.08 5404.75 5405.38 5405.98 5406.51 5406.93 5409.49 5410.97 5410.5 5410.38 5409.63 5409.87 5412.72 5409.47 5401.64 5393.24 5386.78 5384.34 5384.12 5384.64 5386.12 5387.05 5387.81 5388.77 5388.84 5389.22 5389.21 5389.09 5389.13 5389.2 5389.48 5389.38 5389.17 5388.95 5388.89 5388.82 5388.98 5389.37 5392.28 5397.56 5404.93
5390.56 5387.64 5385.1 5382.88 5381.98 5381.52 5379.27 5378.39 5379.21 5380.45 5382.04 5383.64 5385.49 5387.23 5388.94 5390.71 5392.5 5394.3 5395.98 5397.41 5398.02 5398.19 5400.59 5402.29 5402.6 5403.31 5403.06 5403.44 5403.92 5404.46 5405.05 5405.66 5409.04 5411.01 5412.03 5412.36 5410.98 5408.77 5407.21 5404.91 5398.58 5390.93 5385 5382.78 5382.04 5382.31 5382.81 5383.29 5384.11 5385.96 5386.45 5386.26 5386.48 5386.13 5386.25 5386.06 5385.88 5385.89 5385.77 5386.31 5386.18 5386.21 5386.02 5386.61 5388.75 5393.68 5404.23
5393.27 5390.97 5388.64 5384.8 5381.68 5380.58 5379.82 5379.98 5380.05 5380.6 5381.47 5382.81 5384.44 5386.33 5388.12 5389.97 5392.06 5394.01 5396.04 5398.19 5400.03 5402.74 5404.07 5403.49 5402.69 5402.44 5402.47 5403.15 5403.69 5404.38 5405.2 5409.29 5410.35 5412.22 5412.7 5413.59 5413.8 5412.07 5409.71 5404.1 5397.06 5389.41 5383.85 5381.37 5380.73 5380.48 5380.54 5380.97 5381.04 5381.66 5381.58 5381.15 5381.74 5381.95 5382.21 5382.41 5382.58 5382.77 5382.43 5382.54 5382.58 5382.86 5383.62 5384.91 5387.02 5392.6 5403.27
5394.81 5392.9 5390.67 5386.76 5383.86 5381.76 5381.45 5381.49 5380.41 5380.39 5381.2 5382.25 5383.7 5385.28 5387.48 5389.61 5391.51 5393.48 5395.79 5398.34 5400.95 5405.64 5406.31 5403.94 5402.44 5401.96 5401.97 5402.33 5402.96 5404.62 5405.74 5410.13 5411.7 5413.6 5415.27 5416.3 5416.77 5415.71 5411.98 5405.49 5397.55 5388.72 5382.93 5380.82 5379.81 5379.05 5378.51 5379.03 5379.36 5379.18 5379.39 5379.85 5380.22 5382.23 5382.17 5380.7 5381.57 5381.71 5382.38 5380.99 5381.53 5381.85 5382.46 5384.27 5386.93 5393.15 5403.27
5395.08 5393.46 5391.01 5387.86 5385.04 5382.81 5381.43 5380.43 5379.81 5380 5380.87 5381.87 5383.51 5385.14 5386.86 5388.79 5390.62 5392.56 5394.69 5397.13 5399.08 5402.04 5402.9 5401.74 5400.97 5400.88 5401.23 5401.9 5402.86 5404.07 5405.68 5410.67 5413.36 5415.83 5417.99 5419.79 5420.38 5418.68 5414.59 5410.03 5401.1 5390.03 5383.63 5381.79 5380.64 5381.42 5379.83 5380.69 5381.83 5382.75 5383.03 5382.84 5383 5383.2 5383.41 5382.18 5382.16 5381.67 5381.55 5381.58 5381.42 5381.04 5382.06 5384.15 5387.52 5395.68 5402.63
