real_craters/C132-500m.grd
DSAA
165 165
-41.0375 41.0375
-41.0375 41.0375
8002.2296526049 9881.0463234331
[rows 90 to 119 of 165, columns 0 to 66 of 165]
9391.43 9398.16 9398.77 9395 9391.96 9394.02 9399.26 9388.39 9382.13 9375.01 9379.4 9378.48 9374.95 9372.43 9372.64 9381.03 9386.49 9394.14 9416.42 9419.74 9419.7 9421.38 9425.39 9424.88 9416.15 9403.18 9388.46 9375.93 9365.17 9355.79 9346.95 9339.23 9332.71 9330.17 9317.99 9309.5 9306.64 9305.92 9303.6 9317.71 9326.15 9329.7 9333.93 9336.87 9340.19 9341.01 9340.78 9355.5 9359.98 9363.28 9369.1 9381.5 9392.43 9406.62 9426.7 9432.01 9446.64 9464.01 9494.06 9538.13 9522.3 9320.68 9139.53 8985.02 8879.11 8815.74 8748.21
9389.79 9398.18 9400.94 9398.16 9392.83 9385.01 9375.26 9387.11 9388.22 9384.69 9391.7 9389.16 9387.14 9384.85 9381.67 9393.56 9394.4 9401.85 9406.45 9412.34 9417.31 9418.72 9415.67 9405.96 9398.3 9386.94 9383.36 9375.85 9368.16 9359.68 9351.13 9343.76 9336.33 9327.09 9319.42 9316.51 9314.98 9315.4 9320.02 9326.78 9334.38 9337.27 9339.18 9340.22 9339.82 9340.04 9344.26 9353.38 9360.61 9358.47 9363.09 9364.77 9367.73 9367.73 9376.01 9408.91 9436.25 9459.46 9482.99 9492.36 9451.66 9332.05 9182.53 9032.41 8912.86 8894.81 8835.31
9393.18 9402.75 9404.59 9400.75 9394.03 9387.99 9386.47 9382.46 9385.78 9402.87 9403.76 9398.22 9396.11 9396.66 9394.57 9387.72 9390.34 9394.05 9400.09 9409.46 9415.06 9416.84 9414.83 9410.38 9398 9389.7 9380.48 9374.19 9367.51 9359.74 9353.27 9345.86 9339.59 9333.56 9329.34 9324.84 9324.15 9326.16 9329.52 9335.71 9341.93 9343.51 9343.18 9343.19 9341.33 9341.24 9349.64 9353.11 9357.78 9360.47 9363.65 9362.73 9356.31 9344.94 9348.04 9385.01 9413.33 9430.28 9440.2 9432.92 9393.89 9320.53 9211.31 9080.2 8953.87 8897.03 8872.46
9400.86 9407.83 9408.19 9403.19 9396.39 9390.68 9388.38 9388.62 9395.81 9393.99 9398.36 9399.37 9399.98 9401.2 9397.06 9384.18 9388.85 9390.24 9392.94 9409.98 9416.16 9417.75 9415.53 9403.55 9396.03 9383.12 9380.41 9375.4 9367.77 9359.59 9353.88 9347.26 9341.77 9336.42 9347.18 9350.28 9340.41 9338.2 9342.11 9346.73 9349.15 9349.97 9350.84 9350.5 9348 9338.33 9339.86 9346.89 9356.22 9360.45 9364.37 9362.62 9356.93 9353.3 9354.59 9372.34 9387.57 9394.47 9391.76 9380.68 9362.24 9323.5 9257.75 9160.97 9043.91 8936.54 8876.18
9408.72 9411.91 9411.08 9406.31 9398.99 9391.51 9387.39 9385.64 9388.14 9387.63 9390.9 9395.94 9400.08 9401.68 9398.93 9394.14 9395.28 9399.1 9403.37 9415.09 9418.19 9421.45 9423.27 9423.24 9409.63 9396.84 9388.61 9380.27 9372.49 9365.65 9358.72 9352.45 9348.28 9351.46 9357.24 9356.35 9343.85 9347.69 9351.77 9356 9356.91 9355.24 9357.99 9357.44 9359.68 9368.43 9358.76 9358.88 9362.59 9365.46 9364.71 9362.79 9360.3 9354.7 9354.91 9362.06 9361.77 9360.64 9353 9325.91 9337.65 9341.01 9318.88 9271.12 9170.91 9032.65 8936.39
9415.84 9416.98 9414.9 9410.38 9403.92 9395.2 9392.98 9389.73 9388.61 9382.15 9386.59 9393.4 9398.57 9400.1 9398.64 9403.2 9403 9408.62 9418.29 9414.35 9419.23 9424.83 9430.03 9433.16 9425.73 9416.65 9397.23 9384.91 9376.48 9368.74 9362.25 9356.09 9351.46 9347.09 9363.94 9372.76 9361.52 9358.41 9358.81 9360.63 9342.33 9357.97 9361.32 9364.02 9366.21 9367.62 9370.46 9365.75 9376.66 9375.58 9372.16 9369.41 9367.83 9373.23 9354.89 9350.82 9344.99 9338.71 9335.93 9332.57 9345.97 9368.33 9380.75 9365.04 9272.22 9118.15 9005.27
9422.92 9422.32 9418.41 9415.19 9410.59 9407.76 9401.24 9397.91 9392.61 9386.81 9386.66 9393.98 9399.07 9400.62 9390.5 9400.32 9407.63 9412.76 9414.52 9414.58 9420.54 9427.27 9432.87 9434.75 9425.19 9406.04 9396.22 9387.04 9379.1 9372.14 9367.26 9363.56 9359.53 9357 9358.75 9377.33 9376.47 9365.9 9361.21 9364.48 9363.07 9368.1 9367.65 9368.03 9375.94 9389.38 9395.28 9412.47 9394.49 9381.32 9373.84 9369.23 9369.55 9371.63 9353.81 9337.57 9325.83 9320.19 9322.05 9335.64 9350.26 9381.82 9421.68 9459.98 9362.46 9187.28 9061.19
9429.09 9427.76 9426.86 9419.74 9414.31 9411.48 9406.64 9403.07 9398.45 9390.37 9394.58 9399.47 9403.81 9401.79 9396.86 9405.18 9412.03 9416.52 9421.33 9419.15 9422.76 9428.49 9432.29 9431.28 9422.51 9408.6 9398.52 9392.7 9385.4 9379.69 9374.18 9369.19 9367.53 9372.79 9387.19 9372.52 9371.38 9360.94 9363.19 9367.71 9389.7 9380.93 9371.26 9366.5 9364.66 9367.85 9390.41 9405.08 9392.72 9378.99 9369.21 9363.02 9361.29 9351.78 9339.39 9322.95 9310.05 9302.7 9302.19 9310.2 9336.57 9374.94 9423.93 9460.17 9418.36 9286.16 9134.38
9430.08 9427.81 9425.66 9419.13 9413.56 9410.65 9411.46 9410.81 9398.33 9390.18 9401.01 9410.44 9414.06 9415.96 9416.26 9418.07 9415.6 9416.88 9419.75 9421.11 9425.23 9429.65 9432.45 9431.64 9424.31 9410.82 9401.26 9395 9389.35 9384.28 9380.56 9376.37 9373.34 9370.24 9357.44 9355.22 9347.75 9352.55 9361.63 9377.28 9369.89 9374.71 9373.02 9368.75 9357.22 9355.58 9371.93 9383.61 9374.97 9363.45 9358.27 9352.88 9351.77 9350.74 9326.75 9309.76 9294.65 9282.59 9277.85 9289.11 9312.56 9347.08 9390.28 9429.39 9466.73 9452.44 9292.53
9428.25 9423.86 9419.6 9416.45 9412.04 9410.18 9414.05 9414.9 9403.61 9407.03 9418.56 9420.92 9419.38 9418.43 9414.64 9415.11 9414.34 9414.39 9414.46 9420.29 9427.1 9429.89 9432.55 9433.86 9429.23 9416.5 9406.34 9399.91 9395.1 9390.51 9386.06 9382.2 9379.15 9370.04 9358.03 9353.76 9350.35 9354.54 9361.22 9360.74 9373.67 9381.07 9378.64 9374.91 9364.49 9360.36 9356.13 9344.77 9343.54 9347.34 9344.54 9336.21 9327.03 9320.07 9308.43 9297.35 9283.04 9265.86 9247.77 9249.21 9279.4 9308.21 9338.23 9383.6 9475.71 9605.79 9500.74
9418.22 9420.55 9421.52 9420.53 9418.04 9415.47 9417.88 9421.78 9432.96 9428.63 9431.97 9423.62 9419.44 9416.39 9413.13 9409.46 9411.74 9413.54 9414.72 9420.52 9427.38 9428.88 9431.09 9433.49 9432.35 9420.37 9410.46 9404.86 9399.41 9394.81 9389.93 9384.91 9379.78 9375.12 9371.88 9363.02 9359.49 9364.65 9371.55 9375.96 9383.28 9388.9 9385.98 9389.72 9386.35 9372.99 9356.59 9333.35 9333.4 9342.94 9341.71 9327.79 9302 9291.28 9295.48 9289.67 9276.59 9263.2 9251.36 9244.64 9255.44 9269.93 9289.02 9326.38 9409.72 9463.45 9479.29
9415.95 9421.74 9422.91 9423.95 9426.54 9423 9419.43 9439.87 9448.35 9438.15 9429.29 9422.47 9421.04 9419.02 9416.06 9412.65 9412.27 9415.04 9418.29 9421.67 9422.31 9424.8 9426.34 9427.45 9426.6 9421.26 9417.16 9407.47 9400.98 9395.81 9392.16 9388.49 9383.56 9381.18 9376.34 9377.4 9387.4 9392.49 9387.44 9387.83 9388.41 9385 9390.66 9401.51 9409.29 9392.37 9374.12 9358.93 9354.07 9353.87 9352.09 9342.35 9318.2 9305.14 9301.94 9293.57 9279.01 9264.06 9258.98 9245.79 9238.39 9237.95 9240.28 9268.64 9341.86 9391.01 9392.75
9433.94 9428.5 9427.36 9426.56 9422.31 9419.08 9411.53 9434.83 9445.16 9432.71 9422.39 9419.87 9421.61 9420.75 9417.43 9412.19 9414.21 9418.2 9421.56 9421.42 9421.3 9420.9 9421.02 9419.18 9414.79 9413.24 9410.17 9405.75 9401.4 9396.76 9393.69 9390.98 9388.49 9384.51 9388.66 9394.3 9404.67 9407.89 9396.39 9388.14 9383.24 9382.03 9395.99 9408.78 9405.26 9405.46 9392.79 9382.33 9376.39 9371.77 9370.97 9373.66 9381.79 9353.43 9325.76 9303.51 9281.88 9260.43 9237.57 9229.97 9221.03 9215.47 9216.06 9235.41 9287.66 9316.87 9325.5
9442.54 9434.14 9429.12 9427.38 9429.9 9428.01 9424.04 9434.83 9434.85 9435.31 9429 9421.38 9420.23 9418.53 9416.44 9414.78 9417.85 9422.61 9427.31 9428.91 9419.02 9418.18 9417.95 9415.61 9410.27 9408.11 9404.21 9403 9401.77 9400.14 9400.56 9399.66 9398.31 9403.54 9413.57 9411.53 9409.12 9405.64 9397.92 9387.3 9384.87 9391.29 9405.07 9420.77 9433.56 9417.29 9404.74 9393.93 9387.64 9385.24 9388.31 9396.19 9395.11 9376.92 9341.67 9311.89 9285.86 9261.25 9235.77 9222.85 9208.39 9199.27 9214.63 9229.22 9242.03 9250.69 9224.55
9445.66 9437.96 9433.4 9432.01 9435.6 9436.98 9446.81 9436.28 9434.02 9447.45 9440.97 9423.97 9418.42 9416.55 9416.39 9417.07 9421.66 9427.27 9432.55 9432.81 9419.74 9418.8 9418.09 9416.79 9415.64 9411.77 9405.76 9403.55 9401.87 9401.47 9402.1 9402.81 9404.77 9408.88 9414.05 9405.22 9415.18 9417.39 9401.01 9386.45 9384.13 9405.57 9417.85 9419.42 9414.75 9418.78 9410.24 9400.55 9392.83 9393.63 9395.83 9399.8 9411.75 9379.05 9347 9317.56 9290.19 9266.13 9247.56 9223.1 9202.28 9181.44 9155.45 9168.4 9193.32 9208.22 9200.01
9447.03 9441.44 9436.78 9432.75 9426.68 9435.37 9441.3 9436.78 9452.38 9450.67 9448.35 9430.38 9422.5 9419.16 9419.53 9420.15 9425.07 9431.81 9437.59 9443.99 9433.18 9424.43 9420.72 9418.28 9417.74 9411.86 9405.76 9402.27 9402.29 9404.01 9405.61 9407.5 9410.09 9413.47 9419 9427.74 9417.75 9411.53 9399.21 9392.36 9398.08 9421.12 9427.99 9427.06 9427.05 9418.02 9412 9406.86 9394.57 9400.33 9398.3 9386.4 9364.59 9362.98 9344.11 9317.84 9293.07 9269.63 9248.96 9228.25 9207.39 9184.54 9160.85 9159.59 9166.43 9186.54 9190.18
9450.88 9444.4 9439 9432.61 9431.87 9434.4 9438.34 9439.68 9435.16 9431.52 9432.13 9430.33 9430.73 9427.46 9426.95 9427.9 9432.51 9438.26 9440.31 9438.19 9431.22 9428.81 9423.57 9417.13 9408.91 9400.78 9396.24 9398.69 9403.8 9407.62 9412.25 9413.58 9415.43 9414.31 9420.54 9419.81 9408.64 9390.05 9393.3 9401.41 9413.5 9439.24 9436.85 9424.66 9418.37 9416 9415.76 9417.42 9425.8 9417.06 9407.11 9394.23 9374.78 9362.58 9343.94 9320.29 9293.39 9272.63 9255.54 9238.91 9224.02 9208.7 9191.06 9182.79 9178.1 9168.53 9146.73
9452.34 9449.48 9445.7 9442.07 9437.52 9435.32 9434.84 9439.97 9437.4 9433.21 9430.68 9432.16 9432.65 9432.11 9436.58 9441.66 9446.43 9446.1 9443.65 9439.36 9439.6 9436.28 9428.34 9419.25 9408.06 9400.46 9400.19 9404.03 9410.77 9415.8 9417.65 9417.85 9419.77 9423.13 9423.34 9420.89 9413.58 9400.16 9402.86 9414.39 9426.57 9436.36 9431.95 9417.15 9410.2 9412.45 9414.02 9419.48 9428.2 9419.37 9411.08 9410.09 9401.11 9369.11 9343.7 9318.37 9293.16 9271.24 9258.59 9252.25 9247.07 9239.22 9231.15 9214.23 9200.15 9175.33 9143.19
9463.36 9456.58 9452.33 9449.33 9445.75 9439.41 9437.97 9442.6 9443.05 9439.29 9438.49 9440.22 9442.69 9444.49 9445.36 9451.26 9457.48 9451.73 9448.22 9445.38 9445.18 9442.44 9434.14 9425.66 9417.91 9414.31 9412.74 9415.68 9421.96 9423.5 9424.13 9424.13 9421.19 9420.19 9428.24 9438.96 9428.16 9415.33 9416.03 9429.64 9447.72 9449.57 9434.34 9413.26 9405.65 9406.97 9409.71 9409.51 9404.75 9402.04 9401.27 9397.37 9387.13 9367.01 9344.8 9321.13 9296.48 9267.95 9260.5 9267.63 9273.2 9270.68 9253.71 9244.54 9217.2 9196.98 9157.76
9471.01 9463.82 9457.79 9453.39 9449.33 9443.73 9442.2 9447.15 9449.74 9447.79 9447.09 9456.14 9451.99 9448.51 9449.33 9451.12 9450.48 9451.14 9451.3 9450.71 9448.79 9445.6 9438.03 9433 9429.96 9431.43 9435.56 9438.44 9437.49 9434.63 9430.88 9430.82 9430.43 9427.08 9428.94 9428.93 9424.67 9417.09 9422.25 9438.96 9450.28 9440.05 9419.95 9409.7 9403.8 9403.34 9403.52 9403.66 9400.35 9396.2 9390 9378.76 9371.58 9363.68 9349.45 9332.63 9311.17 9284.26 9280.19 9288.54 9301.67 9326.12 9333.74 9282.21 9245.14 9225.25 9176.68
9474.23 9468.28 9462.22 9457.72 9455.28 9452.61 9451.86 9457.19 9460.95 9455.94 9454.3 9464.08 9458.26 9451.89 9450.91 9449.33 9447.84 9449.24 9451.87 9455.16 9457.99 9440.88 9437.99 9436.99 9439.96 9447.25 9455.06 9463.25 9448.27 9439.51 9436.29 9436.53 9439.34 9434.29 9427.02 9420.67 9417.06 9428.86 9441.18 9443.63 9446.22 9434.81 9416.28 9398.2 9400.47 9402.46 9403.56 9402.1 9399.55 9394.46 9386.04 9374.63 9370.18 9364.88 9355.77 9345.9 9338.16 9329.86 9314.82 9308.06 9310.44 9332.59 9345 9315.11 9259.97 9208.9 9173.63
9470.58 9470.95 9467.75 9461.48 9465.54 9461.62 9462.91 9466.84 9471.43 9471.16 9469.9 9469.97 9458.9 9452.64 9451.1 9450.07 9448.46 9448.64 9449.11 9450 9446.68 9440.34 9435.41 9435.1 9438.64 9445.61 9450.52 9456.12 9440.44 9434.02 9434.41 9436.35 9438.24 9430.36 9422.65 9415.27 9411.88 9422.44 9434.64 9439 9444.8 9439.86 9410.12 9404.76 9408.17 9405.93 9404.42 9402.52 9398.96 9392.99 9388.01 9382.75 9375.35 9368.38 9363.28 9358.62 9357.55 9357.6 9338.01 9317.02 9299.49 9279.91 9303.52 9348.66 9317.77 9200.98 9176.62
9478.18 9475.44 9476.72 9479.89 9479.06 9470.86 9468.67 9473.13 9479.51 9488.33 9488.54 9488.16 9467.49 9455.47 9452 9452.14 9451.82 9447.6 9442.86 9438.76 9435.1 9429.75 9427.84 9426.88 9428.61 9433.24 9425.86 9409.99 9416.25 9421.66 9426 9432.6 9434.89 9427.56 9419.68 9411.65 9404.02 9409.78 9414.55 9427.89 9438.66 9439.02 9433.23 9425.33 9416.48 9411.63 9408.5 9405.52 9401.16 9400.46 9391.99 9381.01 9381.24 9373.97 9367.76 9363.04 9362.31 9362.34 9341.4 9320.87 9299.27 9268.28 9295.4 9339.69 9333.95 9273.7 9212.79
9476.55 9479.44 9483.6 9484.79 9474.37 9470.85 9472.92 9477.66 9484.06 9492.01 9454.05 9484.47 9462.82 9458.24 9454.14 9451.06 9450.99 9442.42 9436.61 9429.2 9415.73 9421.69 9418.84 9415.33 9412.29 9407.43 9400.73 9398.98 9403.05 9411.88 9418.46 9423.97 9428.54 9422.64 9418.41 9414.2 9408.59 9406 9405.63 9421.03 9435.23 9442.53 9441.25 9440.5 9431.37 9427.39 9420.72 9414.05 9405.17 9393.24 9400.28 9401.6 9388.93 9378.88 9372.17 9363.89 9354.98 9342.15 9338.03 9326.25 9317.6 9319.44 9322.63 9337.53 9345.25 9316.19 9246.91
9485.58 9487.49 9488.16 9486.48 9479.82 9473.79 9477.71 9481.06 9483.67 9489.31 9472.04 9485.08 9471.31 9463.9 9458.13 9451.45 9441.96 9434.24 9435.59 9431.62 9424.85 9416.73 9410.95 9405.46 9398.81 9390.22 9384.92 9386.41 9396.76 9410.59 9416.55 9416.7 9412.72 9416.45 9419.39 9419.7 9417 9413.05 9412.51 9422.16 9432.29 9437.58 9417.4 9414.2 9430.97 9428.34 9422.69 9418.06 9412.77 9408.62 9409.51 9406.42 9391.31 9380.79 9372.38 9364.07 9356.02 9348.1 9335.95 9327.64 9325.97 9334.15 9332.9 9335.36 9349.38 9328.18 9261.55
9498.35 9498.1 9493.52 9492.26 9494.02 9490.13 9488.5 9486.75 9483.31 9481.84 9487.19 9479.14 9469.3 9468.88 9463.07 9455.88 9447.93 9441.72 9442.27 9440.79 9440.24 9425.87 9408.73 9401.28 9393.43 9385.52 9384.33 9389.74 9408.7 9426.24 9427.55 9421.19 9414.01 9421.9 9425.47 9428.46 9430.18 9423.02 9425.41 9427.91 9431.31 9434.4 9429 9451.86 9440.65 9433.17 9425.91 9419.7 9417.18 9420.63 9399.66 9382.6 9383.2 9378.05 9370.93 9363.14 9351.98 9342.65 9333.88 9324.8 9319.07 9330.85 9325.53 9326.46 9330.59 9311.23 9262.69
9506.21 9506.83 9502.95 9503.99 9509.18 9507.16 9501.08 9495.03 9491.64 9492.17 9490.07 9483.96 9482.13 9475.37 9467.89 9462.27 9459.3 9457.95 9452.35 9447.21 9441.71 9423.39 9411.15 9404.37 9397.04 9392.8 9403.45 9437.09 9463.25 9459.93 9450.42 9438.36 9432.57 9433.26 9435.62 9437.43 9434.97 9429.46 9429.81 9428.35 9428.49 9424.81 9414.73 9451.78 9440.7 9431.18 9423.57 9418.31 9411.22 9398.51 9386.43 9378.85 9378.05 9375.25 9370.54 9364.15 9357.74 9346.41 9333.59 9320.79 9306.84 9297.76 9316.55 9327.15 9313.1 9294.69 9262.76
9507.96 9509.63 9511.13 9515.25 9522.89 9522.02 9511.05 9502.19 9495.44 9490.83 9486.12 9486.87 9482.76 9475.47 9468.66 9465.59 9467.3 9469.94 9458.33 9449.2 9441.46 9434.93 9423.07 9413.18 9407.34 9405.81 9417.98 9471.84 9505.87 9495.75 9478.89 9462.73 9455.24 9451.47 9448.71 9446.46 9444.7 9435.98 9429.79 9427.44 9426.85 9422.87 9424.05 9423.33 9429.97 9426.19 9419.25 9412.46 9403.47 9394.92 9387.03 9382.33 9379.72 9375.84 9370.26 9364.54 9358.38 9347.93 9334.37 9322.07 9309.4 9305.46 9316.86 9323.09 9315.73 9295.93 9268.96
9506.79 9506.45 9510.98 9518.24 9524.57 9522.75 9515.31 9506.19 9497.69 9493.16 9484.09 9474.09 9469.95 9465.76 9463.85 9463.71 9465.41 9461.12 9455.62 9447.57 9440.69 9433.94 9429.06 9425.5 9422.77 9424.48 9443.29 9490.56 9529.72 9523.86 9505.9 9489.54 9477.44 9467.11 9461.73 9454.04 9445.29 9435.91 9432.68 9431.8 9431.31 9429.86 9422.19 9414.63 9418.91 9420.11 9416.08 9409.63 9400.95 9388.73 9383.53 9387.15 9382.86 9376.75 9370.28 9364.26 9358.17 9347.19 9335.98 9325.3 9316.52 9314.02 9318.67 9322.6 9318.53 9299.8 9278.53
9507.75 9508.03 9511.05 9521.62 9529.13 9523.22 9518 9508.57 9499.17 9491.56 9496.4 9476.03 9462 9457.13 9458.79 9459.07 9459.39 9453.69 9449.73 9444.91 9440.62 9439.45 9440.39 9442.35 9443.2 9445.53 9452.5 9504.74 9545.97 9543.98 9527.14 9509.31 9496.36 9482.83 9473.57 9461.34 9450.04 9438.52 9436.35 9435.35 9438.07 9437.95 9428.77 9416.56 9414.63 9411.76 9407.19 9403.21 9399.57 9397.95 9400.44 9395.69 9387.4 9379.06 9370.46 9362.22 9354.74 9345.72 9336.98 9329.22 9324 9320.73 9320.51 9317.43 9309.4 9300.59 9285.25
