real_craters/C132-300m.grd
DSAA
275 275
-41.0375 41.0375
-41.0375 41.0375
8000.5524752499 9880.6121375596
[rows 240 to 269 of 275, columns 0 to 66 of 275]
9541.67 9543.28 9546 9551.33 9552.06 9553 9555.48 9564.99 9578.52 9589.63 9598.22 9604.67 9609.16 9616.05 9616.2 9615.77 9615.53 9615.02 9615.47 9615.5 9616.78 9618.16 9622.67 9648.03 9680.57 9700.75 9690.54 9690.15 9691.39 9692.92 9693.85 9694.46 9694.34 9690.11 9692.36 9694.1 9682.66 9667.59 9651.99 9638.66 9632.1 9630.25 9627.44 9626.65 9627.13 9628.51 9630.33 9629.32 9624.96 9616.46 9602.7 9585.74 9566.91 9548.92 9530.83 9512.46 9494.3 9477.06 9460.68 9443.93 9426.51 9409.42 9391.2 9369.07 9341.59 9332.72 9340.23
9544.71 9546.92 9549.42 9551.85 9552.05 9554.57 9561.94 9575.2 9590.6 9601.56 9609.29 9615.96 9617.88 9616.57 9620.39 9620.54 9619.82 9618.6 9618.93 9618.8 9618.55 9620.98 9625.76 9650.18 9686.48 9707.36 9694.01 9692.26 9694.24 9695.91 9697.25 9697.55 9697.27 9694.47 9700.04 9701.72 9687.07 9670.6 9654.77 9641.21 9631.36 9625.99 9624.09 9623.93 9624.31 9625.05 9626.75 9624.84 9618.55 9608.97 9590.52 9571.17 9553.37 9535.09 9516.91 9499.6 9482.19 9465.8 9448.82 9431.44 9413.61 9395.32 9374.85 9351.94 9327.42 9310.99 9300.55
9548.18 9550.47 9552.11 9553 9551.27 9555.28 9573.72 9593.71 9609.17 9616.84 9620.66 9622.94 9626.05 9630.87 9627.38 9625.78 9624.82 9624 9623.6 9624.36 9629.75 9632.7 9636.75 9658.27 9692.88 9708.33 9699.03 9696.62 9699.63 9702.61 9703.91 9703.68 9702.96 9704.22 9708.02 9703.17 9687.85 9670.91 9654.84 9640.57 9629.34 9624.25 9621.9 9620.35 9618.85 9616.82 9615.3 9610.64 9602.25 9592.52 9571.33 9552.76 9537.02 9518.29 9503.62 9488.49 9472.88 9456.81 9439.93 9422.4 9404.51 9385.16 9365.43 9344.66 9327.15 9311.84 9304.23
9550.82 9553.98 9554.54 9555.22 9552.31 9556.6 9593.07 9625.81 9632.58 9633.75 9632.41 9630.92 9632.32 9632.71 9632.47 9631.36 9630.98 9631.3 9630.86 9629.94 9629.86 9635.5 9649.5 9672.82 9695.72 9703.72 9700.64 9704.71 9710.34 9712.07 9712.02 9711.08 9709.63 9709.54 9707.58 9699.12 9685.49 9668.71 9653.27 9639.12 9627.09 9621.93 9619.21 9615.9 9611.41 9605.08 9593.9 9586.52 9575.91 9558.48 9544.98 9529.1 9509.46 9499.99 9488.44 9475.72 9461.87 9446.19 9429.82 9412.84 9393.23 9375.67 9358.48 9341.56 9327.5 9315.51 9310.08
9551.09 9555.03 9554.09 9553.9 9556.78 9571.69 9612.79 9648.83 9652.9 9649.5 9644.25 9639.53 9638.41 9637.7 9635.84 9637.15 9639.32 9641.68 9642.58 9640.8 9635 9641.11 9669.34 9706.16 9722.56 9733.38 9733.4 9727.89 9727.25 9724.66 9721.15 9717.5 9714.1 9711.35 9706.8 9699.7 9678.62 9662.71 9649.61 9637.9 9628.32 9622.34 9617.57 9610.94 9603.25 9596.01 9587.05 9570.34 9552.82 9532.77 9522.26 9510.12 9497.35 9485.6 9475.5 9463.87 9450.83 9434.54 9419.55 9403.39 9386.02 9369.13 9353.04 9339.12 9331.17 9319.48 9311.9
9548.76 9552.93 9551.08 9549.32 9560.19 9591.66 9629.81 9660.68 9665.87 9661.4 9655.08 9648.67 9642.27 9637.56 9638.29 9642.86 9648.6 9654.99 9660.51 9664.65 9665.56 9680.85 9722.32 9762.17 9771.13 9781.46 9775.3 9757.76 9747.4 9737.98 9729.5 9722 9715.73 9709.87 9703.06 9678.27 9662.93 9652.9 9643.9 9636.04 9629.2 9623.88 9617.56 9605.14 9591.52 9580.1 9575.63 9552.37 9534.28 9521 9509.23 9495.62 9481.63 9471.59 9462.9 9451.97 9438.7 9423.68 9407.92 9392.42 9375.99 9361.71 9348.21 9335.95 9324.95 9320.22 9315.92
9546.01 9549.77 9549.11 9550.95 9568.42 9608.36 9644.07 9668.23 9673.32 9668.63 9661.9 9654.75 9647.43 9642.22 9642.89 9649.48 9659.15 9670.89 9683.82 9699.14 9718.02 9746.85 9782.72 9803.84 9805.68 9806.41 9797.77 9781.44 9763.03 9746.93 9733.98 9722.84 9712.46 9701.9 9685.96 9653.19 9644.33 9641.81 9636.79 9632.48 9629.22 9626.23 9617.4 9597.95 9573.82 9548.08 9524.46 9516.98 9510.8 9510.4 9498.51 9482.15 9467.73 9461.38 9455.7 9444.2 9429.82 9414.77 9398.71 9383.76 9369.62 9356.36 9344.75 9335.36 9327.59 9321.46 9316.64
9545.61 9548.39 9550.09 9555.04 9573.87 9619.99 9655.89 9674.85 9677.14 9671.96 9665.12 9659.23 9653.59 9647.35 9647.35 9656.5 9670.57 9687.69 9708.14 9733.14 9766.28 9800.71 9813.24 9814.85 9813.42 9809.67 9794.55 9784.62 9765.9 9747.35 9732.22 9718.95 9705.98 9692.29 9672.78 9648.63 9636.87 9633.13 9629.74 9626.69 9623.78 9618.87 9609.69 9586.63 9555.94 9520.49 9489.67 9483.97 9479.75 9476.13 9470.38 9467.52 9468.97 9466.23 9453.66 9438.18 9422.06 9406.41 9391.25 9377.02 9363.41 9351.28 9339.88 9331.25 9325.59 9321.44 9318.44
9549.31 9551.17 9555.73 9563.86 9584.21 9635.75 9669.98 9676.88 9676.46 9673.06 9667.68 9664.74 9659.97 9652.11 9650.86 9663.09 9680.29 9700.84 9726.36 9755.58 9789.49 9816.63 9813.41 9809.67 9797.32 9779.5 9759.76 9770.82 9756.33 9739.63 9724.45 9711.06 9698.72 9686.07 9671.33 9651.2 9634.27 9625.81 9621.59 9619.42 9616.78 9609.48 9602.8 9576.98 9540.23 9507.5 9479.38 9462.22 9449.96 9436.38 9432.79 9449.97 9465.94 9467.98 9449.98 9430.21 9412.46 9396.84 9382.61 9369.4 9356.84 9344.93 9333.36 9322.05 9316.98 9319.07 9318.23
9559.66 9560.41 9568.08 9578.75 9596.47 9646.85 9678.64 9678.86 9676.13 9674.65 9672.45 9672.82 9672.4 9660.58 9657.04 9670.42 9689.1 9710.62 9734.56 9762.53 9791.91 9815.77 9808.48 9802.28 9773.55 9722.39 9713.7 9741.15 9735.84 9725.2 9712.92 9700.83 9688.44 9678.77 9672.41 9658.9 9628.38 9614.83 9610.41 9609.64 9610.42 9612.51 9595.74 9557.4 9517.58 9486.82 9463.28 9442.78 9428.75 9419.04 9420.76 9432.67 9452.27 9461.36 9436.06 9415.56 9399.45 9385.62 9372.95 9361.02 9349.38 9338.93 9329.3 9321.55 9315.44 9317.15 9316.25
9575.91 9577.87 9588.5 9601.46 9620.28 9655.26 9679.96 9681.34 9678.31 9677.4 9678.03 9679.38 9681.42 9670.16 9668.04 9679.2 9696.67 9716.21 9735.8 9757.57 9778.24 9791.54 9790.02 9781.96 9750.11 9709.64 9694.92 9709.66 9711.09 9705.38 9696.39 9685.79 9674.57 9664.13 9654.53 9633.41 9601.84 9598.45 9596.77 9595.28 9594.06 9591.24 9557.12 9520.28 9486.86 9452.32 9432.23 9422.56 9413.54 9406.34 9402.59 9411.15 9418.09 9413.28 9405.91 9394.46 9383.46 9372.78 9362.55 9352.87 9343.52 9334.22 9326.11 9321.57 9315.24 9316.67 9316.07
9602.63 9605.8 9617.53 9630.58 9646.88 9668.48 9685.01 9686.45 9682.94 9680.46 9680.26 9679.87 9681.51 9676.79 9676.02 9689.97 9706.09 9722.22 9735.06 9749.32 9757.93 9758.93 9756.86 9746.51 9723.84 9693.22 9682.98 9689.52 9690.36 9686.33 9680.61 9671.14 9660.84 9645.97 9625.23 9597.92 9586.49 9584.99 9582.87 9578.31 9568.82 9547.54 9523.4 9495.09 9460.71 9430.35 9414.3 9408.06 9403.02 9398.43 9395.4 9393.57 9386.43 9376.06 9374.34 9371.65 9366.2 9359.79 9352.05 9344.67 9337.2 9329.93 9322.54 9313.87 9314.18 9316.44 9316.71
9645.18 9645.87 9653.17 9664.29 9676.54 9691.44 9696.81 9700.96 9690.35 9686.62 9683.53 9680.27 9682.38 9690.12 9691.93 9708.1 9720.14 9728.23 9735.02 9740.39 9741.98 9739.59 9735.75 9732.58 9720.83 9690.93 9670.12 9670.63 9671.93 9669.9 9664.57 9656.08 9645.95 9630.9 9609.18 9586.6 9583.24 9577.47 9571.92 9563.55 9549.63 9527.43 9499.06 9466.59 9438.29 9416.57 9406.08 9401.66 9397.51 9396.78 9397.8 9384.62 9368.51 9353.67 9352.44 9353.02 9351.2 9347.57 9343.08 9337.61 9332.02 9326.38 9322.04 9318.89 9315.35 9316.48 9316.33
9684.18 9683.68 9688.66 9699.89 9717 9736.35 9754.45 9740.12 9720.61 9708.32 9702.19 9699.21 9705.37 9722.17 9740.21 9742.43 9737.82 9734.56 9733.07 9732.16 9730.49 9727.79 9725.2 9730.75 9734.25 9703.4 9674.48 9663.46 9658.86 9656.48 9651.98 9644.62 9634.42 9622.65 9606.62 9589.63 9578.81 9572.53 9564.6 9553.52 9538.6 9518.73 9480.88 9432.59 9420.38 9414.32 9404.59 9398.11 9393.6 9391.18 9389.16 9374.44 9357.53 9343.67 9340.97 9341.33 9339.86 9337.26 9334.18 9330.86 9327.12 9322.98 9320.41 9317.84 9317.36 9316.55 9315.73
9709.26 9710.56 9718.24 9731.37 9746.78 9766.38 9790.93 9781.21 9760.54 9759.9 9755.76 9738.97 9743.6 9759.23 9774.68 9766.58 9749.46 9737.87 9729.8 9724.4 9720.28 9716.42 9714.81 9725 9740.61 9712.42 9687.55 9663.9 9650.48 9647.01 9642.43 9635.91 9627.56 9619.33 9608.65 9596.94 9583.35 9572.77 9560.85 9546.34 9529.98 9509.22 9472.1 9421.72 9412.79 9410.57 9403.71 9396.41 9389.24 9381.9 9371.94 9360.18 9350.13 9343.22 9337.9 9334.41 9332.64 9330.2 9327.85 9325.18 9322.39 9319.72 9317.89 9316.25 9316.68 9316.1 9315.49
9710.53 9724.17 9739.67 9758.92 9780.17 9802.29 9820.61 9818.91 9811.83 9825.31 9823.51 9821.8 9800.82 9788.66 9781.35 9767.58 9750.17 9735.45 9724.31 9716.58 9709.89 9704.8 9702.77 9707.5 9716.97 9695.14 9664.06 9647.51 9644.4 9641.1 9636.74 9629.36 9622.28 9615.41 9611.09 9605.94 9593.91 9576.85 9559.37 9540.6 9520.65 9498.76 9469.62 9427.49 9416.25 9413.08 9404.9 9396.6 9387.3 9376.04 9361.21 9350.53 9344.8 9338.01 9332.28 9329.72 9327.06 9324.72 9323.43 9321.81 9319.94 9317.87 9315.43 9314.11 9315.93 9315.97 9315.67
9709.83 9732.08 9755.48 9781 9810.16 9839.65 9845.07 9847.44 9856.06 9870.95 9866.55 9859.98 9833.58 9805.04 9781.33 9760.96 9743.67 9728.41 9716.31 9707.1 9698.85 9692.39 9689.4 9692.74 9693.99 9675.89 9648.52 9643.92 9643.84 9638.25 9631.69 9624.8 9617.71 9612.13 9609.81 9608.34 9600.14 9578.52 9556.15 9533.99 9511 9484.38 9451.87 9428.39 9419.56 9415.39 9407.24 9399.44 9390.03 9378.3 9363.99 9352.92 9345.75 9337.91 9331.62 9327.1 9323.86 9321.6 9319.48 9318.26 9317.43 9316.99 9316.71 9315.5 9316.11 9316.21 9315.92
9713.76 9738.86 9766.15 9794.83 9824.07 9848.68 9848.25 9853.15 9870.18 9871.27 9876.77 9874.02 9840.89 9807.19 9776.03 9750.32 9733.65 9719.23 9706.76 9696.1 9686.41 9679.46 9675.49 9675.97 9676.5 9668.09 9651.85 9646.62 9644.91 9637.08 9628.23 9619.7 9611.4 9604.56 9600.08 9594.46 9585.97 9569.81 9548.63 9527.23 9504.25 9477.85 9451.07 9437.74 9425.74 9415.66 9411.01 9404.02 9396.38 9386.53 9374.15 9362.26 9353.52 9343.22 9333.53 9325.89 9321.13 9317.48 9315.22 9314.63 9314.86 9316.22 9318.54 9317.07 9316.71 9316.23 9316.01
9716.93 9744.72 9774.04 9802.29 9827.35 9843.57 9850.08 9858.68 9870.4 9876.27 9869.32 9853.74 9831.79 9800.77 9768.1 9740.67 9723.34 9709.44 9696.2 9684.38 9674.2 9666.18 9662.31 9658.95 9667.9 9668.8 9659.95 9658.8 9649.56 9637.11 9625.56 9615.67 9605.65 9595.71 9586.31 9572.32 9559.54 9552.25 9537.33 9519.45 9500.27 9480.13 9461.33 9448.97 9437.66 9425.79 9416.81 9409.96 9404.01 9397.36 9390.17 9381.38 9365.4 9348.49 9332.93 9324.23 9318.16 9314.72 9313.23 9312.46 9312.99 9314.52 9314.88 9315.65 9316.07 9315.82 9315.52
9722.39 9750.22 9780.46 9808.59 9831.16 9843.44 9847.73 9850.62 9863.01 9869.55 9860.7 9843.67 9820.45 9791.73 9760.37 9732.01 9714.61 9700.4 9687.04 9674.82 9663.02 9652.65 9645.98 9650.17 9660.3 9666.69 9675.1 9671.05 9647.45 9632.04 9621.48 9610.91 9599.46 9587.15 9574.37 9558.18 9542.97 9536.79 9526.19 9512.24 9497.53 9484.11 9472.92 9455.65 9440.46 9429.69 9421.82 9416.51 9413.02 9409.36 9405.16 9395.73 9377.39 9355.23 9337.65 9323.23 9315.57 9312.28 9311.19 9311.33 9311.43 9312.34 9313.86 9313.95 9315.38 9315.51 9315.26
9727.6 9757.36 9787.91 9816.51 9839.63 9853.44 9847.19 9835.85 9853.1 9862.31 9851.59 9833.24 9810.62 9783.43 9754.19 9727.41 9708.87 9693.59 9679.82 9666.89 9654.31 9642.21 9634.35 9644.51 9654.44 9659.1 9672.66 9654.08 9633.44 9625.84 9618.3 9607.7 9595 9580.97 9566.29 9551.43 9538.68 9527.69 9516.22 9503.84 9492 9482.01 9474.96 9451.25 9430.29 9428.38 9425.62 9423.25 9421.9 9419.78 9417.93 9414.37 9387.24 9356.77 9330.95 9317.31 9311.94 9309.86 9309.44 9310.02 9310.56 9310.79 9309.44 9313.21 9314.73 9315.14 9315.09
9732.97 9765.15 9796.78 9826.61 9852.2 9870.95 9858.45 9829 9846.71 9858.44 9844.8 9825.26 9802.32 9776.39 9749.52 9724.52 9704.56 9688.04 9673.09 9659.95 9648.08 9637.55 9631.76 9638.11 9645.77 9650.29 9659.52 9653.47 9638.97 9628.97 9619.09 9606.26 9591.43 9575.65 9559.87 9544.42 9531.54 9519.32 9506.53 9494.3 9482.79 9471.5 9457.69 9434.3 9419.32 9425.94 9429.67 9429.88 9428.05 9425.4 9421.86 9412.93 9386.21 9353.96 9323.35 9312.02 9310.06 9309.43 9309.66 9310.4 9311.74 9313.1 9315.56 9314.78 9315.7 9316.45 9316.77
9741.42 9775.78 9806.91 9836.52 9862.01 9880.61 9867.94 9826.77 9833 9845.31 9841.63 9820.23 9794.15 9768.67 9744.02 9721.27 9701.02 9683.1 9667.87 9654.72 9643.12 9634.44 9629.29 9631.78 9639.04 9644.57 9652.84 9654.54 9649.6 9637.68 9621.96 9606.02 9589.23 9571.67 9553.55 9536.08 9517.29 9505.1 9495.03 9484.93 9473.69 9460.96 9445.48 9428.98 9420.56 9432.42 9437.66 9437.54 9434.62 9429.33 9421.11 9405.15 9382.49 9354.91 9328.14 9315.41 9311.53 9310.26 9310.16 9310.61 9311.78 9310.86 9311.89 9314.79 9316.32 9317.52 9318.19
9758.51 9790.9 9819.75 9845.25 9866.63 9878.88 9866.55 9830.14 9811.67 9812.88 9818.96 9804.73 9782.66 9759.2 9736.21 9716.14 9696.26 9678.46 9663.54 9650.7 9639.81 9631.52 9625.82 9626.9 9637.22 9644.54 9650.54 9655.64 9650.06 9638.74 9624.42 9606.84 9589.17 9570.1 9550.32 9531.44 9511.51 9495.37 9486.42 9478.09 9467.31 9455.18 9442.26 9429.78 9438.82 9450.16 9450.46 9446.94 9442.02 9434.13 9422.6 9407.87 9385.78 9359.36 9337.91 9324.01 9316.52 9314.18 9313.08 9312.4 9312.74 9315.36 9315.66 9315.34 9316.93 9318.8 9320.36
9784.32 9809.39 9833.07 9853.42 9868.87 9876.96 9870.89 9842.81 9812.87 9795.13 9786.15 9784.02 9768.99 9748.73 9726.77 9706.14 9687.74 9673.3 9660.37 9649.31 9639.06 9630.83 9624.69 9623.8 9630.38 9641.86 9640.95 9635.15 9642.57 9640.18 9625 9605.75 9586.22 9566.82 9547.69 9529.51 9511.14 9497.3 9486.48 9475.11 9464.51 9454.1 9444.57 9436.47 9458.66 9470.41 9466.01 9459.86 9451.48 9439.64 9424.73 9407.87 9386.12 9362.16 9340.27 9325.53 9322.63 9320.72 9317.92 9314.85 9312.17 9310.74 9312.18 9315.02 9317.31 9320.07 9322.99
9811.89 9829.24 9845.78 9859.6 9869.41 9873.8 9868.64 9857.61 9841.58 9807.68 9787.64 9774.38 9758.28 9739.11 9718.51 9697.49 9679.76 9668.92 9658.34 9648.18 9639.23 9631.48 9625.32 9620.94 9619.01 9627.73 9627.75 9629.05 9638.12 9637.74 9621.78 9602.66 9583.1 9563.73 9545.71 9529.16 9516.57 9504.26 9485.37 9472.44 9462.44 9455.61 9452.35 9456.77 9473.87 9479.99 9476.15 9469.54 9459.3 9445.4 9427.68 9405.62 9383.91 9368.29 9348.08 9333.27 9335.88 9331.38 9324.9 9318.64 9311.29 9303.34 9306.29 9307.63 9318.54 9322.01 9325.46
9835.61 9846.01 9854.71 9863.18 9868.48 9869.84 9866.28 9853.45 9831.41 9812.52 9795.28 9769.24 9749.22 9730.81 9713.02 9695.25 9680.32 9669.35 9658.76 9649.21 9640.44 9632.64 9626.67 9623.62 9620.15 9611.27 9612.66 9622.78 9628.94 9626.03 9613.68 9596.41 9577.98 9559.85 9541.46 9525.74 9513.26 9497.66 9477.29 9468.97 9462.89 9459.23 9458.84 9461.51 9469.94 9480.73 9484.74 9479.48 9469.01 9454.42 9435.61 9412.38 9392.3 9385.67 9381.93 9379.71 9360.89 9344.2 9331.88 9322.79 9315.06 9313.2 9310.04 9308.84 9319.38 9323.41 9326.99
9852.69 9856.94 9861.8 9863.44 9864.29 9862.08 9856.65 9831.66 9805.49 9793.11 9777.41 9756.66 9738.91 9723.1 9708.64 9696.56 9686.82 9672.07 9660.35 9650.63 9641.75 9633.77 9626.79 9622.3 9618.59 9605.62 9603.89 9618.36 9613.97 9615.15 9602.21 9585.14 9570.11 9553.55 9537.32 9519.64 9500.53 9480.3 9472.55 9467.66 9463.92 9462.76 9464.5 9470.56 9480.67 9492.55 9497.46 9491.13 9480.19 9466.05 9449.11 9429.44 9411.86 9407.23 9408.09 9406.51 9375 9351.46 9336.06 9325.44 9318.19 9315.11 9312.1 9312.61 9320.59 9323.48 9326.67
9861.32 9863.03 9863.61 9860.92 9857.09 9849.8 9836.1 9809.43 9785.28 9768.93 9751.4 9739.18 9728.06 9716.18 9704.2 9692.89 9681.92 9670.43 9661.84 9653.09 9644.75 9635.8 9626.01 9614.45 9608.21 9601.98 9599.68 9603.98 9595.98 9592.07 9583.12 9572.75 9561.02 9547.6 9531.98 9516.09 9497.66 9481.34 9474.35 9469.28 9467 9467.77 9471.76 9482.46 9507.9 9521.88 9513.14 9502.56 9490.82 9478.25 9465.38 9452.31 9438.64 9426.77 9409.8 9386.79 9367.45 9349.54 9335.34 9324.47 9317.45 9318.02 9313.38 9317.05 9321.98 9323.75 9326.41
9864.3 9864.55 9862.62 9856.88 9849.33 9838.09 9821.96 9802.54 9782.12 9760.22 9737.09 9727.01 9719.3 9710.87 9701.27 9689.3 9674.35 9669.39 9664.8 9656.88 9648.68 9639.9 9630.96 9621.74 9616.66 9612.62 9608.36 9598.72 9583.77 9570.56 9564.92 9561.63 9554.18 9543.79 9530.43 9516.17 9500.83 9484.64 9475.97 9471.8 9471.83 9474.98 9481.46 9498.9 9524.46 9532.72 9522.62 9510.59 9498.47 9487.51 9478.83 9473.87 9472.02 9446.09 9410.88 9377.93 9359.32 9345.21 9333.38 9323.99 9315.9 9306.67 9315.3 9320.16 9325.32 9327.84 9329.06
