real_craters/C132-1000m.grd
DSAA
48 48
-23.45 23.45
-23.45 23.45
3018.2731222351 4826.8199441829
4224.99 4276.97 4290.7 4296.52 4293.02 4288.36 4294.35 4291.72 4249.36 4283.78 4288.71 4329.01 4363.93 4371.02 4379.01 4394.19 4403.27 4310.45 4277.32 4295.65 4287.48 4283.76 4278.86 4317.38 4296.46 4299.63 4289.72 4285.24 4283.24 4267.02 4267.35 4279.75 4265.98 4242.07 4230.82 4218.42 4225.95 4226.87 4232.81 4227.11 4267.04 4312.02 4374.65 4375.56 4321.49 4268.08 4230.01 4217.46 
4327.2 4326.3 4331.95 4336.75 4345.86 4342.33 4319.11 4246.37 4234.27 4312.2 4323.43 4398.59 4458.82 4443.21 4426.06 4416.8 4390.63 4331.85 4285.47 4309.83 4321.32 4280.86 4278.13 4291.92 4284.01 4278.59 4268.85 4277.38 4279.1 4279.02 4309.34 4317.56 4271.57 4271.79 4241.03 4216.53 4209.87 4224.9 4238.24 4254.35 4267.7 4273.57 4304.55 4356.63 4329.73 4282.46 4238.62 4220.31 
4321.52 4322.33 4333.9 4365.4 4411.63 4386.46 4370.15 4371.73 4332.42 4356.46 4439.16 4458.61 4474.23 4441.67 4417.47 4414.92 4399.73 4355.81 4312.56 4305.51 4294.7 4284.2 4297.6 4294.08 4286.06 4269.59 4267.17 4282.62 4291.55 4294.61 4303.03 4309.88 4282.5 4264.93 4240.2 4213.55 4212.72 4228.09 4240.37 4271.1 4288.19 4317.33 4262.35 4374.15 4344.34 4306.46 4256.4 4229.43 
4314.01 4272.43 4212.85 4222.31 4245.06 4244.72 4293.5 4367.72 4414.26 4543.87 4544.48 4482.01 4424.95 4397.11 4377.08 4386.27 4385.95 4355.59 4319.67 4291.49 4277.66 4299.44 4300.93 4304.69 4306.15 4306.75 4303.61 4293.67 4291.3 4297.99 4319.13 4290.83 4276.44 4264.01 4244.45 4228.31 4233.33 4243.74 4256.36 4258.95 4288.88 4356.63 4363.36 4400.23 4358.22 4308.28 4270.29 4241.77 
4330.88 4132.93 3992.17 3867.92 3832.18 3854.39 4027.35 4321.81 4490.91 4559.28 4535.23 4472.17 4416.92 4391.75 4374.36 4368.62 4363.87 4340.26 4300.24 4287.22 4284.31 4304.87 4323 4333.17 4327 4296.64 4316.19 4289.89 4265.58 4290.17 4284.54 4285.09 4287.76 4275.02 4257.5 4254.96 4259.15 4260.33 4262.15 4264.9 4283.05 4361.08 4420.04 4394.02 4331.49 4283.32 4243.29 4215 
4106.02 3889.73 3786.12 3681.23 3731.64 3763.94 3752.43 3998.15 4407.78 4606.07 4532.14 4459.65 4395.72 4371.53 4346.07 4358.88 4368.52 4339.67 4316.21 4305.56 4309.6 4304.48 4330.64 4346.44 4337.38 4324.96 4294.74 4291.25 4279.49 4287.62 4300.24 4289.64 4289.54 4269.99 4269.53 4269.22 4279.16 4277.05 4278.78 4294.46 4311.23 4339.26 4364.27 4326.6 4280.38 4250.31 4229.48 4222.04 
3903.68 3718.83 3673.23 3655.95 3692.69 3671.63 3701.77 3806.12 4231.71 4600.05 4533.06 4448.36 4368.03 4318.78 4331.55 4337.2 4339.84 4292.7 4310.91 4311.54 4314.04 4326.59 4343.69 4348.78 4357.12 4359.56 4323.15 4308.73 4309.01 4311.42 4295.35 4294 4289.84 4283.95 4283.74 4288.2 4281.99 4284.72 4288.4 4299.44 4329.4 4321.91 4366.81 4285.26 4248.02 4237.01 4229.37 4221.3 
3748.81 3657.05 3625.45 3629.71 3608.72 3580.79 3719.79 3767.41 4231.62 4583.91 4495.17 4416.55 4346.49 4303.97 4323.98 4314.55 4311.97 4319.17 4337.34 4355.4 4357.68 4368.77 4366.01 4377.71 4376.96 4362.9 4338.65 4330.59 4318.42 4344.33 4321.33 4306.55 4309.09 4299.89 4287.9 4278.64 4279.89 4285.14 4292.57 4304.01 4313.99 4298.51 4369.53 4318.04 4260.23 4238.11 4225.59 4244.3 
3634.73 3593.26 3558.6 3537.34 3473.11 3492.87 3608.03 3816.85 4345.21 4583.85 4445.4 4389.32 4321.45 4274.44 4301.73 4302.88 4314.59 4393.24 4384.79 4383.13 4380 4380.23 4400.65 4404.62 4409.96 4416.48 4402.82 4366.28 4351.64 4362.34 4359.09 4359.07 4331.07 4299 4280.48 4276.05 4281.96 4289.53 4299.21 4315.15 4356.39 4305.87 4339.51 4356.6 4286.69 4254.64 4233.44 4236.92 
3605.5 3519.2 3489.44 3476.92 3431.06 3431.5 3587.3 3901.81 4371.76 4567.07 4449.52 4365.37 4316.34 4281 4311.37 4324.02 4356.83 4411.62 4407.96 4370.84 4422.44 4432.05 4425.69 4441.1 4430.81 4432.12 4437.48 4417.16 4414.35 4432.15 4419.2 4369.44 4355.71 4307.83 4276.51 4281.38 4290.57 4302.33 4308.63 4316.8 4341.41 4307.81 4331.35 4358.39 4269.66 4249.16 4251.25 4248.35 
3749.11 3516.58 3515.44 3526.69 3446.29 3494.64 3708.37 4091.89 4497.28 4551.3 4379.47 4354.43 4333.26 4322.62 4346.95 4368.63 4403.16 4427.98 4442.39 4461.67 4456.42 4558.29 4472.74 4475.75 4478.5 4491.77 4506.55 4469.63 4471.23 4493.14 4456.28 4450.79 4386.58 4341.59 4293.24 4300.23 4305.97 4311.73 4318.01 4324.26 4297.64 4274.88 4335.11 4366.56 4251.66 4261.04 4288.44 4311.79 
4061.55 3805.69 3784.23 3807.75 3793.07 3853.74 4071.61 4366.59 4601.59 4483.66 4372.78 4356.26 4367.14 4399.87 4402.26 4448.29 4466.46 4503.6 4462.2 4293.48 4296.81 4262.03 4389.54 4414 4280.43 4393.55 4545.7 4672.91 4577.55 4460.2 4484.53 4486.69 4478.68 4411.4 4355.32 4334.07 4328.77 4325.82 4326.67 4332.2 4314.19 4290.44 4341.98 4378.12 4247.24 4278.09 4331.95 4398.59 
4354.97 4268.34 4240.27 4246.08 4278.71 4357.28 4527.92 4574.48 4469.66 4397.7 4365.59 4352.77 4369.71 4390.44 4421.3 4536 4465.63 4373.47 4275.78 4226.2 4243.75 4360.25 4329.42 4095.21 3836.5 3920.6 4118.89 4428.88 4534.44 4700.8 4570.2 4526.19 4536.51 4457.06 4373.33 4364.36 4350.55 4337.48 4327.69 4317.45 4309.23 4302.55 4336.86 4356.67 4278.96 4304.67 4359.67 4418.49 
4329.87 4393.28 4449.16 4604.41 4735.42 4784.08 4774.62 4571.96 4420.86 4359.6 4323.16 4343.72 4379.83 4433.11 4475.61 4358.62 4341.28 4312.31 4297.25 4299.58 4209.88 4010.14 4019.64 3933.45 3899.73 3724.92 3667.64 3879.64 4157.74 4470.6 4826.82 4601.41 4498.83 4475.33 4434.17 4406.19 4381.16 4355.85 4329.23 4311.64 4295.42 4302.55 4318.84 4326.84 4301.8 4316.14 4359.25 4407.66 
4324.03 4330.32 4415.84 4623.8 4731.42 4673.04 4569.03 4445.35 4375.7 4345.49 4339.08 4375.58 4429.39 4526.26 4587.82 4245.12 4228.34 4266.8 4299.45 4152.07 3974.12 3828 3777.76 3728.52 3707.08 3681.91 3671.25 3590.98 3797.11 4065.72 4433.26 4648.07 4721.03 4603.01 4477.13 4439.07 4400.19 4362.28 4325.99 4296.8 4291.22 4287.01 4303.13 4297.39 4299.41 4310.25 4345.41 4385.33 
4372 4359.67 4407.86 4556.32 4617.22 4574.29 4499.08 4379.5 4335.55 4345.07 4377.37 4440.59 4533.66 4609.91 4550.86 4249.27 4172.47 4159.37 4157.68 3903.98 3716.04 3724.11 3666.05 3629.64 3579.7 3573.73 3597.13 3651.51 3661.23 3812.59 4031.32 4259.4 4570.08 4722.93 4532.2 4464.64 4429.76 4382.26 4332.87 4289.47 4293.93 4294.09 4301.75 4323.53 4273.04 4286.73 4317.68 4349.52 
4572 4492.99 4510.97 4483.17 4502.56 4517.25 4413 4347.78 4327.95 4352.93 4386.72 4464.61 4620.13 4552.64 4349.14 4253.62 4117.16 3955.55 3748.12 3593.2 3515.69 3503.35 3668.63 3643.22 3535.2 3442.8 3361.94 3452.14 3531.6 3675.16 3956.59 4158.64 4382.34 4769.42 4691.84 4560.06 4504.83 4427.59 4355.23 4309.72 4289.91 4282.25 4295.92 4329.98 4304.26 4286.77 4311.66 4342.12 
4490.42 4481.51 4447.27 4427.64 4402.88 4381.74 4373.07 4365.11 4342.38 4375.92 4429.28 4529.51 4675.79 4541.9 4330.37 4297.9 4076.28 3802.16 3496.46 3374.17 3321.64 3346.63 3441.28 3430.22 3429.56 3344.85 3306.97 3396.47 3503.04 3598.48 3750.84 3914.13 4292.98 4605.83 4795.24 4759.73 4616.86 4496.1 4391.29 4328.21 4296.39 4279.2 4292.63 4338.8 4344.66 4287.03 4311.9 4351.02 
4402.73 4383.66 4375.26 4360.09 4335.21 4322.31 4341.49 4340.11 4366.92 4422.66 4489.65 4560.54 4704.38 4550.87 4428.22 4309.06 4024.87 3725.1 3453.81 3301.67 3273.63 3267.45 3262.05 3270.99 3257.98 3241.19 3230.75 3360.64 3540.02 3523.25 3551.27 3746.27 4024.98 4380.4 4610.42 4740.42 4692.48 4553.25 4403.47 4319.79 4295.91 4275.98 4292.27 4340.99 4344.19 4291.05 4326.25 4371.99 
4323.51 4314.67 4292.88 4284.01 4292.73 4290.36 4317.96 4342.2 4409.08 4490.29 4573.04 4605.85 4595.82 4427.8 4274.74 4184.12 3935.33 3650.78 3388.77 3255.79 3268.53 3266.34 3263.77 3262 3239.29 3219.9 3198.84 3293.2 3464.99 3420.37 3387.03 3587.03 3911.48 4141.39 4539.56 4807.2 4742.62 4582.49 4415.67 4330.14 4288.34 4269.28 4314.67 4332.23 4320.37 4309.93 4322.48 4356.7 
4311.45 4293.73 4283.78 4284.07 4272.57 4292.31 4332.37 4367.67 4429.5 4509.97 4617.85 4703.66 4379.78 4297.31 4191.38 4078.84 3818.6 3581.64 3376.47 3262.09 3268.99 3275.73 3272.63 3272.81 3246.95 3210.75 3207.71 3199.53 3216.29 3327.48 3359.19 3535.16 3748.55 3993.83 4503.32 4789.24 4729.56 4574.39 4413.07 4335.17 4304.63 4298.48 4327.48 4332.34 4325.63 4300.33 4305.95 4324.07 
4301.29 4283.07 4280.08 4280.6 4262.34 4281.22 4341.76 4373.27 4414.83 4467.53 4505.27 4428.86 4175.52 4262.54 4234.15 3878.22 3683.08 3512.46 3362.3 3275 3279.24 3298.02 3323.16 3386.17 3283.33 3202.39 3171.73 3137.32 3170.76 3263.97 3281.88 3515.49 3743.69 3867.38 4322.17 4606.53 4627.91 4533.74 4415.65 4347.62 4325.52 4306.14 4306.65 4340.6 4358.58 4295.18 4293.81 4311.34 
4301.65 4290.75 4266.56 4250.47 4261.81 4286.08 4322.06 4337.39 4384.58 4410.31 4397.56 4251.61 4148.04 4297.55 4246.81 3751.6 3556.22 3442.22 3344.69 3288.45 3298.46 3331.8 3360.58 3388.35 3331.57 3217.27 3151.13 3087.03 3137.92 3199.21 3399.85 3487.96 3731 3958.71 4168.39 4424.82 4511.24 4492.12 4436.3 4379.14 4347.75 4303.07 4315.04 4363.89 4401.51 4306.04 4303.87 4332.98 
4265.71 4248.05 4257.22 4245.68 4268.63 4287.61 4308.1 4332.57 4384.9 4434.59 4437.74 4345.71 4184.07 4256.65 4123.82 3637.46 3485.46 3407.81 3348.74 3294.55 3293.76 3294.88 3280.08 3338.57 3376.09 3317.12 3197.31 3059.42 3104.16 3238 3389.81 3420.29 3698.11 4065.68 4077.23 4275.59 4423.96 4461.6 4436.47 4379.75 4338.32 4318.14 4336.6 4389 4452.43 4362.68 4333.3 4379.35 
4251 4258.62 4257.71 4206.29 4283.23 4305.03 4313.42 4345.39 4418.01 4513.7 4582.74 4570.09 4214.55 4170.44 3983.16 3623.41 3488.97 3430.25 3356.57 3302.71 3298.65 3265.26 3239.39 3208.23 3344.02 3420.24 3217.59 3035.29 3018.27 3178.53 3270.44 3501.6 3725.85 4090.54 3976.85 4220.98 4409.23 4461.26 4455.96 4395.55 4324.87 4322.53 4360.1 4388.65 4466.73 4401.81 4350.6 4382.55 
4244.44 4241.35 4243.27 4246.6 4285.06 4313.31 4314.1 4358.78 4448.17 4551.69 4657.37 4666.4 4323.26 4158.18 3925.79 3691.45 3531.19 3444.63 3371.16 3314.11 3304.72 3246.33 3278.63 3292.47 3315.53 3279.98 3152.85 3023.7 3087.21 3164.3 3269.44 3547.74 3750.72 3929.82 3909.27 4228.02 4483.87 4473.88 4428.84 4380.62 4338.59 4327.82 4327.63 4366.41 4427.31 4437.6 4382.21 4297.62 
4258.18 4268.24 4271.58 4270.08 4307.41 4302.92 4302.07 4334.37 4432.4 4536.66 4641.86 4679.02 4524.2 4273.93 3956.15 3630.99 3516.66 3449.96 3385.95 3332.53 3306.32 3305.92 3277.63 3288.07 3258.65 3199.9 3118.37 3033.06 3098.4 3177.55 3336.23 3633.41 3715.5 3724.58 3759.07 4254.16 4582.45 4471.66 4405.89 4382.31 4345.67 4325.6 4326.61 4357.67 4392.56 4424.18 4412.39 4286.99 
4256.98 4269.9 4270.59 4280.75 4285.77 4281.19 4275.1 4326.42 4410.2 4497.22 4587.01 4633.57 4530.82 4324.04 4014.28 3672.59 3505.11 3471.18 3412.19 3354.62 3329.88 3314.99 3300.91 3285.82 3264.8 3171.58 3144.76 3090.96 3203.24 3242.58 3437.13 3650.69 3635.05 3594.01 3862.1 4291.57 4534.86 4460.86 4408.61 4382.11 4349.05 4330.19 4326.7 4349.37 4382.52 4438.54 4430.22 4348.82 
4261.35 4264.97 4267.34 4273.81 4262.32 4284.48 4243.19 4340.16 4400.44 4465.57 4518.4 4540.98 4472.62 4403.24 4108.08 3786.61 3604.59 3513.87 3442.3 3382.94 3345.43 3321.32 3312.06 3273.11 3197.01 3169.63 3204.77 3258.83 3361.8 3393.61 3547.07 3673.35 3724.68 3767.51 4053.46 4409.01 4496.42 4430.02 4406.95 4384.21 4355.11 4330.74 4320.66 4358.55 4337.58 4348.78 4465.39 4380.17 
4263.72 4264.18 4269.47 4270.82 4262.17 4270.89 4271.52 4315.23 4354.6 4404.9 4450.62 4498.17 4517.5 4494.29 4196.9 3829.9 3609.62 3526.29 3463.06 3420.18 3389.55 3363.57 3341.91 3305.33 3238.4 3226.86 3252.16 3280.12 3405.03 3568.19 3659.44 3709.43 3760.56 3883.46 4300.68 4565.69 4476 4429.74 4399.5 4392.74 4363.67 4336.74 4333.06 4369.6 4296.98 4216.51 4480.03 4325.18 
4267.91 4272.09 4267.77 4296.35 4262.78 4291.78 4276.3 4266.12 4311.4 4357.03 4383.03 4485.51 4576.15 4532.51 4278.24 3919.83 3584.49 3566.65 3513.52 3458.17 3470.58 3451.81 3403.39 3367.51 3334.13 3314.8 3292.77 3335.2 3542.44 3760.38 3829.67 3806.59 3869.29 4016.26 4456.82 4574.71 4446.7 4410.62 4393.6 4387.87 4366.86 4348.42 4337.18 4365.47 4305.55 4205.84 4406.34 4280.95 
4278.08 4280.42 4285.19 4296.07 4269.12 4285.63 4292.13 4276.86 4295.04 4341.37 4385.64 4493.64 4639.51 4636.09 4376.15 4139.04 3938.21 3764.5 3621.5 3517.02 3578.36 3587.43 3535.06 3481.01 3402.81 3398.5 3405.67 3483.1 3669.28 3951.14 3905.38 3864.56 3903.44 4178.07 4517.81 4470.92 4416.35 4371 4362.56 4360.51 4358.95 4361.43 4380.73 4420.94 4374.86 4277.09 4299.22 4268.06 
4290.29 4270.27 4276.9 4276.69 4264.33 4279.06 4287.82 4291.83 4296.17 4324.83 4353.58 4446.14 4513.42 4513.51 4419.3 4306.18 4235.81 4030.52 3784.72 3571.58 3689.26 3727.15 3708.56 3659.42 3623.86 3574.56 3576.5 3711.85 3839.72 3786.18 3867.19 3878.09 4019.9 4366.12 4435.63 4411.1 4367.44 4342.6 4339.23 4345.15 4348.63 4360.68 4394.78 4472.87 4425.34 4318.15 4257.52 4259.7 
4312.33 4345.99 4324.13 4289.27 4277.43 4251.31 4259.36 4268.05 4281.25 4305.95 4339.81 4388.29 4439.32 4454.17 4431.67 4388.38 4308.02 4237.93 4067.97 3877.8 3784.59 3767.21 3735.7 3749.57 3682.25 3713.6 3782.54 3857.46 3882.26 3917.48 4066.23 4159.67 4353.28 4460.6 4423.13 4389.54 4369.16 4354 4331.99 4328.03 4338.23 4345.69 4352.13 4359.66 4385.23 4315.71 4246.79 4241.24 
4314.32 4309.2 4313.67 4292.65 4277.31 4273.79 4263.22 4266.66 4277.68 4291.51 4308.32 4353.45 4392.47 4421.13 4428.65 4456.52 4566.95 4546.9 4386.85 4225.39 4081.33 4013.9 3938.2 3823.56 3778.89 3859.51 3941.29 4011.71 4056.63 4307.27 4490.37 4608.16 4492.36 4405.53 4384.98 4381.91 4366.53 4345.26 4328.62 4326.84 4332.68 4337.8 4344.5 4372.86 4405.44 4324.21 4245.51 4250.02 
4325.85 4319.06 4285.79 4263.83 4281.75 4292.5 4276.36 4272.14 4283.45 4289.11 4305.59 4326.77 4351.51 4382.09 4413.02 4454.44 4494.94 4531.28 4593.53 4588.59 4333.94 4111 4025.44 3999.24 3973.67 4073.37 4154.31 4322.08 4500.32 4657.18 4663.55 4542.57 4464.77 4421.12 4380.68 4367.1 4348.57 4340.63 4346.79 4337.8 4339.2 4344.72 4355.74 4400.19 4441.77 4349.5 4267.27 4257.65 
4335.62 4316.51 4291.94 4285.37 4291.18 4288.26 4284.14 4286.74 4289.95 4275.58 4277.35 4299.14 4318.56 4338.99 4375.28 4413.49 4441.02 4459.68 4507.43 4530.57 4539.87 4544.04 4423.8 4436.59 4504.21 4564.17 4608.42 4672.07 4643.81 4501.07 4493.71 4481.36 4412.21 4372.01 4355.03 4364.3 4336.36 4334.68 4339.87 4345 4347.48 4352.28 4364.53 4397.77 4467.02 4354.55 4265.8 4268.19 
4361.18 4339.89 4298.26 4303.24 4294.69 4287.03 4290.76 4295.47 4298.29 4295.91 4290.09 4288.67 4281.37 4306.45 4339.75 4378.49 4413.18 4442.84 4433.59 4456.69 4496.11 4496.03 4484.41 4487.43 4538.55 4549.63 4563.82 4544.46 4463.74 4410.05 4433.92 4372.98 4346.94 4329.09 4334.53 4349.41 4354.91 4353.63 4347.98 4358.73 4359.58 4359.2 4372.2 4426.94 4396.65 4319.43 4249.58 4263.77 
4382.22 4360.37 4315.56 4329.38 4318.26 4294.87 4298.56 4305.44 4321.9 4320.15 4312.73 4304.97 4295.97 4288.26 4320.52 4348.21 4368.56 4365.41 4403.88 4397.33 4366.73 4357.36 4379.32 4400.04 4439.3 4486.95 4468.67 4438.9 4406.19 4393.59 4361.53 4330.59 4319.48 4311.2 4340.03 4370.59 4391.81 4408.5 4400.24 4383.75 4373.05 4361.26 4345.24 4286.87 4267.74 4266.29 4241.78 4253.32 
4394.01 4386.44 4365.15 4380.3 4342.78 4337.18 4310.74 4313.68 4323.81 4314.74 4310.38 4321.16 4328.72 4318.44 4319.46 4330.65 4339.03 4359.99 4340.96 4343.68 4320.57 4315 4346.12 4387.08 4422.82 4434.24 4411.22 4386.28 4375.94 4352.59 4324.34 4322.3 4329.69 4337.28 4369.03 4382.08 4432.55 4435.13 4420.18 4376.53 4349.35 4337.44 4325.11 4287.45 4240.52 4261.51 4242.19 4264.28 
4407.67 4411.67 4444.22 4424.78 4388.44 4349.77 4326.54 4327.19 4320.81 4292.12 4289.29 4287.13 4293.47 4303.79 4308.13 4315.59 4319.04 4309.6 4338.89 4325.72 4300.83 4317.96 4343.11 4370.78 4399.23 4371.29 4368.63 4351.26 4342.83 4351.55 4346.24 4344.35 4362.69 4376.24 4394.73 4421.79 4449.97 4420.33 4365.14 4340.95 4332.5 4327.86 4316.41 4322.8 4269.99 4257.92 4250.93 4239.22 
4302.09 4356.82 4433.17 4441.01 4410.88 4382.26 4358.32 4342.9 4328.25 4306.26 4287.8 4284.81 4284.9 4288.46 4297.73 4314.8 4324.37 4327.62 4332.88 4340.12 4347.3 4343.66 4347.91 4398.77 4395 4377.69 4354.15 4345.7 4343.49 4358.13 4357.67 4376.88 4402.15 4426.01 4426.64 4427.55 4392.57 4241.11 4255.76 4283.44 4293.38 4299.55 4298.79 4291.99 4254.26 4280.03 4257.33 4246.86 
4222.35 4241.71 4237.77 4404.07 4441.33 4398.31 4380.86 4359.22 4331.11 4324.62 4322.45 4314.09 4313.23 4308.54 4316.24 4333.52 4347.57 4356.03 4367.35 4359.75 4354.33 4331.46 4330.72 4366.8 4385.43 4377.28 4373 4356.49 4370.27 4384.02 4387.32 4412.94 4429.94 4458.55 4476.89 4446.49 4409.19 4239.9 4237.58 4257.9 4264.61 4270.18 4269.73 4262.13 4257.67 4246.62 4250.94 4255.72 
4203.85 4211.29 4229.94 4319.91 4418.47 4419.67 4412.45 4383.08 4360.74 4386.81 4385.22 4366.8 4359.48 4349.32 4348.26 4370.7 4385.36 4383.45 4365.18 4360.39 4359.37 4351.95 4364.52 4388.56 4395.95 4386.35 4391.47 4421.64 4416.96 4417.39 4423.48 4452.88 4431.87 4401.91 4368.37 4329.93 4329.86 4260.48 4269.94 4251.02 4250.34 4251.51 4248.67 4242.7 4242.78 4233.28 4241.39 4254.23 
4213.16 4226 4218.01 4242.09 4292.3 4415.61 4425.34 4382.27 4371.67 4439.85 4441.93 4438 4409.76 4399.7 4410.38 4411.42 4422.35 4435.91 4398.73 4352.96 4333.38 4356.75 4379.37 4404.81 4415.09 4422.51 4427.64 4454.99 4454.25 4429.38 4426.85 4465.09 4386.36 4331.33 4306.25 4256.43 4260.71 4247.1 4253.26 4245.46 4239.99 4237.76 4235.87 4230.08 4225.87 4226 4231.78 4234.1 
4219.23 4204.68 4223.14 4210.37 4220.66 4310.28 4371.75 4327.13 4270.49 4338.73 4416.06 4435.23 4415.73 4420.95 4452.14 4418.75 4426.88 4447.6 4407.09 4361.39 4336.13 4355.45 4373.79 4386.08 4395 4406.83 4430.83 4380.39 4424.25 4373.41 4357.33 4293.9 4308.12 4285.08 4250.98 4247.54 4244.56 4249.14 4234.09 4239.45 4237.97 4234.72 4231.7 4226.04 4223.12 4226.46 4231.4 4242.94 
4195 4188.04 4209.49 4226.18 4220.48 4209.25 4263.11 4246.37 4204.36 4216.71 4297.1 4337.1 4353.93 4361.5 4400.13 4361.96 4372.56 4421.67 4382.09 4366.15 4356.5 4368.92 4374.25 4369.65 4376.2 4382.58 4368.14 4261.16 4273.54 4285.48 4264.28 4264.51 4265.22 4259.43 4253.02 4252.37 4236.88 4246.73 4246.04 4243.08 4239.81 4236.26 4232.63 4228.68 4220.79 4227.89 4231.33 4235.51 
4192.32 4196.61 4200.33 4197.21 4193.85 4183.16 4188.9 4196.09 4192.43 4211.49 4210.33 4236.52 4277.55 4277.74 4241.74 4271.46 4277.91 4271.11 4377.18 4363.38 4356.24 4383.52 4385.98 4349.93 4345.42 4325.84 4279 4265.68 4238.94 4254.26 4259.04 4255.35 4251.62 4249.76 4248.05 4244.7 4251.14 4251.13 4249.2 4246.9 4242.58 4238.64 4238.55 4235.7 4231.13 4222.05 4225.6 4232.51 
