real_craters/C132-300m.grd
DSAA
275 275
-41.0375 41.0375
-41.0375 41.0375
8000.5524752499 9880.6121375596
[rows 210 to 239 of 275, columns 67 to 133 of 275]
9514.02 9514.7 9501.42 9476.96 9461.34 9451.87 9444.46 9436.75 9430.95 9426.09 9421.49 9417.39 9414.17 9410.99 9408.33 9405.05 9397.13 9387.39 9382.31 9380.79 9379.81 9379.17 9379.23 9379.52 9380.21 9381.32 9373.16 9362.81 9352.78 9343.03 9333.3 9323.15 9313.05 9309.25 9310.45 9311.48 9311.82 9308.42 9305.41 9303.55 9304.19 9306.23 9307.61 9307.39 9305.71 9302.14 9295.54 9285.39 9270.49 9252.17 9239.27 9230.26 9223.15 9222.65 9227.1 9236.65 9241.16 9240.77 9235.88 9228.09 9220.48 9209.78 9193.6 9182.56 9169.23 9158.44 9148.91
9513 9500.67 9487.73 9468.49 9447.67 9443 9435.58 9432.64 9429.75 9425.43 9421.21 9416.98 9412.95 9409.35 9406.16 9402.76 9397.3 9392.38 9387.89 9382.46 9379.05 9377.04 9375.79 9374.92 9373.9 9372.42 9366.65 9358.56 9350.34 9341.74 9332.9 9323.66 9314.73 9310.91 9312.59 9315.38 9318.84 9315.22 9313.37 9312.18 9310.71 9311.24 9312.03 9312.63 9311.64 9310.1 9306.49 9300.1 9289.09 9269.29 9253.13 9235.35 9211.24 9209.75 9209.12 9234.56 9246.28 9248.14 9243.89 9236.52 9225.49 9220.42 9209.27 9190.04 9177.67 9165.96 9155.94
9512.86 9499.51 9484.34 9468.19 9453.38 9444.45 9439.83 9435.47 9430.68 9425.86 9420.79 9415.87 9411.12 9406.64 9402.44 9398.44 9394.74 9391.43 9386.6 9381.44 9376.49 9373.04 9370.63 9368.73 9366.06 9361.66 9358.75 9353.14 9346.7 9339.95 9333.35 9326.77 9320.38 9316.68 9315.4 9315.83 9317.4 9316.62 9315.42 9315.6 9315.8 9316.17 9316.86 9317.72 9318.81 9320.04 9320.52 9320.63 9319.79 9315.76 9302.03 9267.78 9223.13 9237.2 9256.51 9263.39 9265.48 9262.53 9255.77 9245.81 9234.49 9228.58 9216.62 9198.98 9186.34 9174.19 9163.27
9515.58 9499.21 9487.86 9473.18 9458.74 9449.04 9444.69 9438.41 9431.41 9425.1 9418.9 9413.07 9407.6 9402.48 9397.54 9392.64 9389.79 9388.28 9387.63 9377.3 9370.98 9366.94 9364.28 9362.28 9360.17 9356.53 9352.31 9347.39 9342.39 9337.48 9333.29 9330.11 9327.08 9321.6 9317.27 9314.4 9314.05 9317.67 9319.53 9319.52 9319.45 9319.85 9320.96 9322.76 9325.96 9329.49 9334.02 9341.13 9350.68 9365.72 9366.23 9327.86 9300.02 9305.11 9320.66 9304.08 9290.73 9279.65 9268.16 9256.82 9250.18 9238.87 9226.1 9213.17 9195.5 9182.9 9172.17
9525.86 9509.74 9496.94 9480.33 9464.32 9454.02 9446.21 9438.84 9432.08 9424.26 9416.76 9409.83 9403.55 9397.89 9392.93 9387.45 9382.31 9377.92 9371.85 9366.58 9362.15 9358.86 9356.69 9355.1 9354 9352.12 9346.37 9341.74 9337.29 9333.47 9330.98 9330.68 9331.4 9323.52 9317.42 9314.23 9314.18 9318.59 9323.17 9322.19 9321.68 9321.95 9323.72 9326.15 9330.49 9335.86 9343.24 9354.1 9367.97 9385.44 9391.25 9375.2 9367.78 9358.94 9354.01 9331.25 9311.7 9294.47 9280 9266.77 9261.45 9251.23 9237.62 9225.41 9211.97 9198.64 9185.5
9539.05 9532.67 9508.22 9487.2 9469.84 9457.83 9450.39 9443.27 9432.63 9423.11 9414.59 9406.61 9398.85 9392.24 9387.23 9381.24 9372.89 9365.33 9357.67 9354.07 9351.66 9349.33 9347.71 9346.64 9345.13 9342.3 9338.81 9334.69 9330.89 9327.69 9325.18 9323.62 9322.78 9318.23 9313.92 9312.74 9313.93 9316.46 9319.39 9320.9 9321.31 9322.48 9324.75 9328.16 9332.9 9339.53 9348.26 9357.8 9370.67 9382.5 9388.55 9384.36 9380.47 9373.35 9361.84 9342.15 9323.5 9304.37 9288.24 9284.34 9272.96 9262.14 9248.39 9236.4 9224.68 9211.29 9197.48
9535.36 9530.66 9508.83 9489.04 9472.12 9458.86 9451.4 9441.54 9430.25 9420.26 9411.09 9402.23 9393.34 9384.89 9376.18 9369.6 9362.59 9355.13 9348.54 9343.96 9341.47 9339.5 9337.92 9336.85 9338.13 9335.47 9330.23 9326.71 9323.63 9320.78 9317.58 9313.41 9310.09 9309.89 9308.16 9304.68 9307.65 9313.05 9316.24 9317.65 9319.15 9320.77 9323.69 9327.32 9332.42 9338.43 9346.67 9355.09 9364.16 9370.77 9371.83 9373.84 9372.58 9368.59 9358.58 9341.79 9326.56 9309.68 9295.76 9291.74 9281.2 9272.3 9259.31 9248.42 9236.97 9223.86 9209.83
9518.36 9511.23 9497.46 9483.94 9473.33 9465.62 9451.09 9435.61 9425.73 9416.78 9407.62 9398.15 9388.39 9378.38 9368.23 9360.43 9353.69 9346.49 9338.95 9334.58 9332.55 9330.54 9328.08 9325.55 9321.08 9321.39 9320.58 9318.75 9316.56 9313.94 9311.12 9307.63 9304.52 9304.03 9303.78 9305.54 9305.59 9308.54 9311.51 9312.23 9314.79 9317.3 9320.94 9324.87 9330.05 9334.88 9341.14 9348.46 9353.68 9359.11 9361.11 9365.16 9365.77 9360.8 9351.71 9336.99 9328.03 9315.42 9303.06 9294.46 9285.15 9278.53 9270 9260.07 9249.51 9237.57 9225.19
9492.84 9485.36 9477.57 9471.01 9466.93 9465.61 9448.97 9431.25 9421.97 9413.89 9404.74 9394.74 9384.08 9373.09 9362.29 9354.8 9347.71 9340.65 9333.54 9328.92 9325.88 9322.94 9319.59 9316.11 9314.82 9312.5 9312.14 9311.44 9310.11 9308.51 9306.53 9305.34 9302.52 9299.61 9298.77 9298.46 9299.49 9300.89 9303.28 9305.7 9307.97 9312.61 9314.4 9317.43 9325.33 9326.85 9335.7 9340.1 9341.35 9347.29 9351.76 9354.68 9355.15 9353.27 9342.59 9331.43 9321.28 9310.94 9302.83 9294.3 9286.55 9283.75 9277.42 9270.68 9261.62 9253.59 9244.07
9471.72 9457.97 9451.99 9451.58 9449.7 9446.21 9439.9 9429.25 9420.48 9411.89 9402.27 9391.79 9380.71 9369.33 9358.31 9351.13 9344.27 9337.63 9331.48 9326.34 9321.71 9317.79 9313.35 9308.08 9302.18 9304.64 9305.86 9306.38 9305.64 9303.83 9301.56 9299.03 9297.04 9294.45 9292.6 9293.98 9292.07 9292.29 9295.29 9298.6 9302.26 9305.56 9307.5 9312.07 9313.37 9319.13 9324.87 9325.8 9328.38 9331.85 9333.13 9337.73 9337.43 9334.23 9326 9317.17 9310.35 9302.52 9295.83 9286.94 9280.6 9281.27 9278.04 9275.86 9274.07 9270.6 9265.14
9446.09 9428.83 9427.53 9429.13 9428.92 9431.23 9430.39 9424.87 9418.32 9409.6 9399.63 9388.82 9377.77 9366.78 9356.59 9349.6 9343.05 9336.6 9329.52 9322.72 9319.85 9315.22 9309.88 9304.58 9301.34 9301.12 9302.5 9303.47 9303.13 9301.59 9298.46 9294.71 9292.66 9290.7 9286.26 9281.16 9284.56 9288.08 9289.66 9293.05 9296.77 9300.02 9302.02 9304.53 9307.3 9310.3 9312.43 9313.76 9314.77 9314.53 9312.43 9311.85 9310.83 9308.32 9303.29 9299.83 9295.7 9291.48 9288.13 9284.56 9279.63 9281.79 9283.23 9282.46 9284.14 9285.57 9287.51
9425.5 9410.15 9407.97 9407.66 9406.67 9406.16 9408.97 9413.26 9413.38 9406.56 9396.14 9385.5 9374.94 9364.77 9355.86 9349.13 9343.16 9337.72 9332.9 9328.95 9322.01 9315.2 9308.51 9302.76 9300.36 9299.93 9301.66 9303.15 9303.64 9302.47 9298.85 9293.8 9293.68 9292.27 9287.95 9282.88 9280.02 9276.79 9283.05 9288.27 9292.46 9295.66 9297.46 9299.44 9300.63 9301.81 9302.8 9303.41 9302.38 9300.35 9295.28 9288.95 9283.26 9277.78 9281.2 9283.61 9283.79 9283.82 9283.31 9282.94 9285.1 9285.72 9291.12 9293.05 9296.95 9301.71 9307.52
9413.95 9399.4 9394.25 9389.57 9384.77 9380.83 9385.16 9404.26 9412.95 9401.91 9390.62 9380.15 9370.77 9362.62 9355.01 9348.38 9343.09 9339.28 9336.51 9333.55 9324.99 9316.75 9308.74 9301.11 9297.57 9299.97 9302.61 9305.1 9306.8 9307.14 9305.95 9302.57 9301.14 9299.58 9296.61 9291.59 9285.2 9278.41 9282.3 9286.35 9289.66 9291.88 9293.42 9294.53 9294.81 9294.97 9294.47 9292.5 9291.2 9288.69 9284.79 9277.41 9267.97 9262.01 9265.05 9269.58 9273.42 9277.34 9279.8 9282.16 9286.33 9288.98 9292.26 9296.59 9303.68 9312.15 9319.94
9404.78 9393.3 9383.67 9375.13 9367.63 9360.58 9361.59 9384.71 9396.1 9390.91 9381.89 9372.48 9364.35 9358.94 9352.74 9345.93 9342.07 9339.85 9337.05 9331.31 9327.02 9319.73 9310.9 9303.4 9300.83 9302.62 9305.98 9309.22 9311.92 9313.87 9315.65 9316.96 9311.93 9308.9 9307.57 9303.13 9297.08 9292.8 9289.16 9288.2 9288.13 9288.37 9287.36 9286.49 9285.86 9284.91 9283.28 9281.46 9279.95 9278.68 9278.12 9270.89 9259.88 9253.4 9252.73 9257.81 9263.23 9269.79 9274.59 9278.97 9283.56 9287.96 9293.76 9301.48 9308.06 9316.82 9325.47
9404.01 9390.03 9374.79 9365.88 9357.76 9349.43 9348.33 9364.89 9377.77 9377.4 9371.22 9363 9354.71 9348.06 9343.84 9340.94 9339.67 9339.91 9340.06 9339.69 9334.36 9324.99 9314.84 9305.17 9303.88 9307.6 9311.43 9315.01 9317.95 9320.45 9321.91 9321.45 9318.8 9315.76 9313.44 9309.75 9305.47 9300.35 9294.16 9290.07 9287.5 9285.29 9284.47 9283.04 9281.37 9279.31 9275.68 9272.79 9269.89 9267.83 9269.16 9264.77 9244.04 9237.59 9240.81 9247.98 9255.32 9262.8 9269.17 9275.28 9280.98 9287.14 9293.32 9301.42 9308.76 9319.3 9326.96
9393.71 9372.65 9366.28 9363.11 9357.33 9350.19 9345.7 9356.03 9365.86 9365.59 9361.09 9353.73 9344.76 9335.22 9333.37 9335.36 9336.77 9338.96 9342.01 9347.96 9341.25 9330.49 9321.8 9311.77 9312.08 9315.44 9318.63 9321.81 9324.74 9327.28 9328.37 9327.24 9324.01 9319.52 9316.17 9311.96 9309.31 9304.09 9296.21 9290.2 9286.26 9283.46 9280.86 9278.96 9276.25 9272.75 9269.08 9264.83 9259.4 9252.88 9245.88 9238.91 9221.42 9221.92 9231.42 9240.93 9249.61 9258.98 9266.35 9273.85 9280.61 9287.58 9295 9301.85 9309.27 9318.64 9326.05
9388.52 9367.26 9369.35 9370.49 9366.21 9358.69 9352.16 9354.44 9356.58 9357.55 9354.29 9347.77 9339.41 9331.64 9329.97 9332.28 9334.32 9336.36 9337.55 9337.02 9333.8 9333.07 9332.34 9329.95 9326.94 9325.8 9326.41 9328.22 9330.9 9334.17 9336.17 9334.39 9329.18 9321.81 9312.05 9309.7 9306.11 9301.1 9295.05 9289.94 9285.48 9282.52 9279.29 9276.08 9271.78 9267.36 9262.78 9257.45 9251.16 9240.85 9226.33 9214.97 9212.59 9219.88 9228.49 9237.48 9246.57 9254.36 9263.95 9271.04 9278.26 9286.65 9295.18 9302.58 9309.77 9316.72 9324.22
9422.92 9401.24 9397.12 9391.07 9382.86 9374.91 9367.54 9364.66 9360.57 9356.99 9351.95 9345.19 9337.91 9332.63 9330.75 9331.91 9333.16 9333.94 9333.04 9329.1 9328.86 9334.46 9341.2 9350.96 9339.58 9334.03 9332.28 9332.92 9335.6 9339.72 9344.04 9341.44 9334.62 9326.41 9316.59 9308.98 9300.98 9295.8 9292.01 9288.19 9284.22 9280.61 9277.07 9273.47 9268.28 9264.08 9258.91 9251.69 9245.02 9236.7 9228.1 9224.69 9230.05 9228.74 9231.3 9238.4 9245.51 9252.86 9262.23 9269.73 9278.11 9286.73 9294.44 9301.49 9308.89 9315.33 9321.16
9449.37 9446.96 9432.27 9413.77 9401.81 9394.67 9390.99 9382.99 9370.94 9361.25 9353.42 9345.76 9337.57 9332.05 9332.31 9333.8 9334.38 9334.44 9333.23 9331.65 9331.89 9334.85 9340.08 9345.56 9340.74 9336.81 9335.07 9335.2 9336.94 9340.53 9345.18 9343.22 9338.51 9332.73 9323.6 9311.12 9298.91 9292.97 9289.61 9286.16 9282.44 9278.79 9275.04 9271.14 9266.37 9262.05 9257.29 9251.84 9245.67 9238.48 9233.17 9234.09 9234.77 9234.49 9236 9241.4 9247.9 9254.9 9262.89 9270.4 9277.28 9284.41 9292.68 9299.74 9306.33 9312.27 9318.07
9452.77 9454.05 9442.44 9425.97 9415.21 9409.3 9407.57 9396.99 9377.8 9364.81 9357.07 9349.48 9340.99 9335.07 9336.14 9337.3 9337.5 9336.99 9335.76 9334.67 9333.87 9333.47 9332.72 9332.17 9335.39 9335.5 9335.05 9334.85 9335.14 9336.08 9337.93 9338.85 9339.16 9338.48 9330.85 9314.77 9299.42 9292.74 9288.4 9284.77 9280.51 9277 9273.14 9269.2 9264.72 9260.52 9256.2 9251.73 9247.47 9242.93 9238.12 9238 9234.55 9234.99 9239.01 9245.42 9251.8 9258.5 9266.33 9270.82 9277.46 9284.16 9291.25 9297.63 9302.96 9308.99 9314.64
9446.59 9441.75 9434.48 9427.49 9420.07 9414.75 9410.79 9400.23 9382.43 9370.12 9362.46 9356.56 9349.85 9344.81 9344.07 9343.2 9342.09 9340.92 9339.52 9338.17 9336.13 9333.63 9329.74 9328.7 9332.02 9333.92 9334.25 9333.46 9331.83 9329.24 9327.96 9331.48 9335.48 9339.77 9333.64 9317.78 9304.61 9294.53 9288.61 9283.94 9279.8 9275.7 9271.78 9267.83 9263.93 9259.92 9256 9252.52 9250.58 9249.81 9247.79 9240.85 9233.87 9237.53 9242.55 9248.74 9254.54 9260.35 9269.08 9275.25 9281.33 9286.19 9292.2 9297.52 9302.46 9306.19 9310.45
9440.78 9436.16 9430.49 9424.42 9418.77 9412.98 9406.19 9395.5 9382.55 9372.07 9366.99 9365.44 9363.67 9359.17 9354.02 9349.82 9346.8 9345.04 9343.7 9343.05 9342.26 9337.4 9331.43 9330.01 9332.55 9334.08 9334.25 9332.9 9330.06 9325.33 9321.19 9324.45 9326.94 9329.21 9323.06 9311.47 9303.06 9293.66 9288.3 9284.13 9280.48 9276.82 9273.26 9269.58 9265.26 9260.14 9256.06 9252.71 9250.63 9252.25 9252.67 9241.52 9238.2 9242.13 9246.8 9252.27 9257.31 9262.38 9268.72 9275.36 9280.83 9286 9290.78 9295.72 9300.42 9304.99 9308.37
9436.18 9430.3 9423.8 9418.71 9413.61 9407.35 9400.83 9389.94 9376.95 9368.01 9368.43 9372.11 9377.33 9371.84 9361.57 9354.63 9350.56 9348.38 9347.43 9347.19 9346.9 9342.55 9336.75 9335.32 9336.3 9336.73 9336.12 9334.34 9331.51 9327.29 9323.02 9320.67 9317.02 9309.6 9305.89 9298.22 9291.48 9289.64 9286.94 9283.69 9280.55 9277.34 9273.98 9270.5 9265.66 9262.36 9258.46 9253.97 9248.76 9240.87 9239.16 9240.32 9244.8 9249.27 9253.2 9258.11 9261.93 9266.34 9271.66 9275.61 9280.32 9284.92 9290.15 9294.2 9297.33 9302.04 9304.92
9432.06 9426.99 9419.26 9413.43 9406.98 9399.49 9393.14 9383.9 9373.09 9366.31 9367.11 9371.33 9378.2 9372.28 9361.91 9355.36 9351.79 9350 9349.6 9349.76 9349.71 9348.4 9345.26 9343.63 9342.21 9340.98 9339.23 9337.02 9334.69 9331.95 9326.8 9319.75 9311.96 9302.4 9298.27 9293.08 9289.18 9288.23 9286.51 9283.95 9281.51 9278.56 9275.47 9272.28 9268.75 9265.43 9261.69 9257.54 9252.09 9243.59 9239.55 9245.62 9252.15 9256.73 9260.46 9263.44 9266.57 9268.63 9272.12 9274.99 9279.62 9282.87 9286.2 9290.62 9294.02 9298.32 9301.52
9433.57 9426.61 9419.81 9408.37 9398.17 9389.56 9382.23 9375.57 9369.78 9366.75 9362.54 9360.17 9362.5 9358.95 9354.46 9351.74 9350.5 9350.44 9350.99 9351.81 9352.56 9353.94 9358.75 9352.47 9348.22 9344.91 9341.86 9339.07 9336.75 9334.93 9329.04 9319.79 9311.41 9305 9299.45 9295.96 9292.6 9290.06 9287.57 9285.15 9282.66 9279.92 9277.12 9274.15 9271.3 9268.68 9265.62 9262.69 9260.28 9260.87 9260 9260.72 9263.59 9265.02 9265.79 9266.57 9268.18 9270.83 9273.68 9276.12 9279.62 9282.98 9285.55 9288.59 9291.92 9296.35 9298.85
9436.22 9424.6 9412.61 9400.64 9388.6 9378.13 9369.16 9363.15 9363.45 9363.77 9353.17 9340.34 9332.75 9338.7 9343.22 9345.88 9347.88 9349.98 9352.08 9353.72 9354.28 9355.21 9355.58 9356.19 9352.23 9347.75 9343.44 9339.58 9336.34 9333.03 9326.91 9318.84 9311.11 9304.51 9302.35 9300.61 9297.01 9293.09 9289.72 9286.65 9283.8 9281.34 9278.91 9276.57 9274.34 9272.27 9270.03 9267.99 9266.78 9266.15 9267.14 9270.02 9271.46 9270.79 9269.74 9269.46 9270.43 9271.34 9273.38 9277.65 9280.41 9282.67 9285.33 9288.09 9289.82 9291.96 9295.11
9435.81 9419.57 9405.15 9390.29 9376.48 9365.95 9357.38 9351.71 9355.3 9350.42 9339.76 9327.09 9316.15 9326.41 9335.13 9340.93 9345.31 9349.39 9353.14 9356.61 9359.13 9361.38 9362.72 9360.08 9355.22 9349.48 9343.89 9338.69 9333.82 9329.16 9323.39 9317.08 9311.24 9307.04 9305.42 9304.34 9300.4 9295.75 9291.77 9288.38 9285.71 9283.23 9280.98 9279.39 9277.45 9275.93 9274.66 9273.22 9272.09 9271.19 9271.01 9270.92 9271.19 9270.29 9271.61 9271.8 9272.3 9274.65 9274.37 9275.76 9278.12 9279.42 9281.47 9283.82 9286.19 9288.69 9291.54
9428.94 9406.33 9388.4 9372.42 9360.59 9353.18 9348.33 9345.97 9346.62 9336.41 9329.53 9326.01 9324.64 9326.39 9331.77 9337.53 9342.75 9347.88 9353.2 9359.08 9366 9371.01 9369.2 9364.65 9357.3 9350.07 9343.18 9336.86 9330.55 9324.08 9319.51 9314.81 9310.71 9307.96 9307.16 9306.82 9302.31 9297.47 9293.44 9290.04 9287.35 9285 9283.21 9282.37 9281.02 9280.02 9279.15 9278.63 9277.81 9276.3 9276.84 9275.94 9274.23 9272.87 9274.14 9274.08 9273.9 9274.08 9274.31 9275.77 9276.75 9278.06 9279.71 9281.36 9283.01 9285.06 9287.73
9409.27 9383.11 9360.63 9346.33 9341.55 9340.13 9340.56 9341.84 9339.92 9331.98 9326.77 9326.79 9326.59 9327.53 9330.39 9334.6 9339.48 9344.83 9350.86 9358.28 9368.08 9379.23 9379.18 9366.93 9356.94 9348.4 9340.8 9334.13 9327.63 9321.51 9316.71 9312.23 9308.81 9306.64 9305.83 9305.35 9301.68 9297.81 9294.31 9291.4 9289.18 9287.2 9285.23 9284.8 9283.84 9283.53 9283.56 9283.9 9284.92 9285.46 9286.47 9285.58 9282.38 9280.18 9278.3 9276.59 9275.23 9274.67 9274.4 9274.76 9276.02 9276.5 9277.77 9279.64 9280.78 9282.43 9284.53
9375.61 9353.57 9333.28 9321.24 9323.13 9328.02 9333.03 9338.36 9339.26 9333.28 9328.83 9328.26 9327.85 9327.41 9329.1 9332.08 9336.12 9340.92 9346.24 9352.92 9361.48 9371.45 9372.11 9361.38 9351.85 9343.69 9336.66 9330.5 9324.99 9319.42 9314.68 9309.62 9304.16 9302.37 9302.06 9301.38 9299.27 9296.84 9294.51 9292.23 9290.41 9288.62 9287.23 9285.71 9285.22 9285.25 9286.4 9288.58 9292.16 9294.64 9295.12 9292.98 9288.28 9284.76 9281.07 9278.14 9275.72 9274.46 9273.58 9274.07 9273.93 9274.31 9276.68 9277.61 9278.72 9279.89 9280.61
