real_craters/C132-750m.grd
DSAA
110 110
-41.0375 41.0375
-41.0375 41.0375
8002.3116778518 9877.1127160044
[rows 0 to 37 of 110, columns 0 to 83 of 110]
9412 9383 9039 9021 8964 8705 8619 8588 8574 8567 8602 8640 8708 8874 9033 9163 9324 9383 9379 9382 9339 9298 9258 9209 9166 9128 9122 9091 9062 9034 9018 9042 8996 8984 8977 8965 8950 8950 8944 8938 8922 8906 8891 8874 8836 8820 8806 8795 8772 8740 8730 8725 8718 8729 8703 8661 8617 8573 8566 8567 8542 8546 8546 8544 8541 8543 8547 8548 8560 8549 8520 8489 8470 8451 8447 8445 8451 8433 8428 8431 8436 8429 8418 8461
9411 9217 8951 8859 8836 8613 8534 8502 8482 8498 8525 8570 8637 8757 8903 9015 9152 9410 9495 9432 9409 9362 9297 9229 9165 9121 9091 9087 9054 9015 8953 8841 8937 8960 8966 8965 8962 8953 8944 8934 8921 8908 8895 8874 8839 8822 8807 8789 8766 8719 8715 8733 8741 8754 8723 8679 8631 8591 8578 8570 8569 8564 8557 8547 8541 8541 8541 8547 8565 8541 8539 8500 8479 8462 8454 8449 8448 8432 8429 8433 8439 8411 8344 8241
9440 9075 8789 8646 8546 8488 8460 8446 8428 8430 8474 8536 8600 8660 8782 8855 9010 9174 9452 9553 9488 9414 9319 9224 9145 9097 9108 9080 9050 9019 8991 8971 8948 8959 8966 8971 8978 8963 8949 8935 8921 8907 8891 8872 8845 8827 8810 8795 8773 8760 8783 8783 8777 8761 8736 8693 8648 8605 8584 8590 8592 8585 8571 8558 8552 8542 8538 8541 8560 8554 8557 8526 8494 8472 8458 8450 8440 8432 8430 8433 8441 8419 8352 8245
9437 8959 8677 8548 8479 8458 8435 8442 8433 8450 8481 8502 8541 8610 8712 8830 8930 9082 9355 9590 9569 9471 9347 9215 9108 9073 9061 9073 9050 9029 9016 8998 8979 8972 8972 8973 8970 8963 8954 8941 8924 8907 8887 8866 8851 8833 8814 8791 8779 8779 8804 8806 8783 8752 8742 8695 8659 8624 8601 8610 8628 8605 8581 8562 8548 8541 8536 8534 8526 8561 8587 8542 8506 8466 8455 8448 8441 8430 8428 8432 8435 8432 8430 8499
9356 8893 8619 8547 8502 8460 8462 8505 8532 8569 8555 8498 8518 8589 8665 8733 8813 9008 9282 9595 9624 9510 9368 9222 9106 9056 9033 9060 9044 9029 9014 9003 8996 8987 8981 8976 8971 8969 8962 8946 8928 8907 8886 8872 8862 8843 8826 8812 8796 8766 8798 8805 8769 8712 8689 8687 8657 8633 8613 8623 8626 8606 8584 8564 8546 8542 8541 8539 8520 8552 8582 8564 8517 8480 8463 8459 8444 8427 8432 8438 8438 8432 8448 8451
9215 8915 8667 8533 8517 8472 8508 8610 8720 8742 8660 8537 8530 8583 8645 8704 8772 9000 9179 9426 9603 9505 9364 9214 9087 9045 9024 9049 9036 9025 9016 9010 9005 8997 8990 8983 8979 8972 8964 8949 8929 8907 8885 8870 8864 8850 8836 8821 8805 8806 8797 8779 8748 8711 8701 8676 8648 8617 8612 8614 8614 8592 8576 8561 8548 8546 8546 8544 8477 8547 8548 8546 8519 8495 8475 8463 8446 8446 8446 8446 8441 8439 8442 8444
9128 8881 8670 8538 8464 8457 8580 8700 8814 8846 8755 8622 8574 8592 8637 8700 8801 8975 9181 9396 9533 9472 9347 9208 9081 9036 9020 9041 9030 9021 9017 9012 9008 9001 8994 8987 8981 8979 8969 8952 8934 8916 8896 8872 8856 8859 8846 8830 8817 8784 8766 8747 8719 8691 8667 8661 8640 8617 8608 8586 8577 8570 8567 8560 8551 8549 8551 8551 8552 8541 8522 8520 8515 8499 8480 8470 8456 8463 8464 8459 8450 8441 8436 8430
9079 8840 8630 8508 8425 8476 8608 8726 8870 8939 8784 8669 8609 8607 8637 8683 8755 8954 9206 9372 9486 9436 9332 9206 9084 9036 9019 9037 9028 9020 9017 9017 9012 9006 8999 8991 8984 8979 8970 8954 8939 8926 8916 8906 8899 8880 8865 8841 8808 8783 8765 8739 8705 8681 8660 8659 8640 8616 8594 8582 8564 8564 8569 8564 8557 8555 8564 8560 8575 8531 8512 8516 8518 8519 8515 8492 8479 8486 8484 8476 8468 8441 8441 8436
9070 8857 8680 8528 8407 8473 8559 8645 8751 8778 8680 8621 8592 8606 8631 8675 8776 9043 9246 9348 9414 9404 9318 9203 9095 9039 9019 9015 9031 9021 9015 9018 9012 9005 8997 8990 8988 8988 8975 8958 8939 8926 8922 8915 8901 8883 8874 8850 8818 8780 8764 8716 8699 8683 8675 8665 8647 8621 8600 8593 8591 8593 8586 8577 8568 8571 8592 8612 8609 8559 8524 8521 8526 8528 8523 8503 8517 8525 8503 8488 8475 8463 8453 8439
9102 8925 8790 8591 8473 8449 8418 8499 8573 8591 8539 8522 8550 8590 8637 8705 8833 9032 9263 9348 9433 9399 9299 9187 9086 9029 9018 9041 9037 9034 9028 9026 9018 9009 9000 8991 8988 8996 8977 8955 8934 8915 8899 8890 8878 8866 8853 8837 8817 8780 8775 8739 8710 8695 8684 8673 8661 8642 8622 8608 8615 8625 8609 8595 8583 8586 8623 8654 8613 8554 8531 8534 8539 8538 8531 8519 8546 8535 8519 8501 8481 8468 8453 8436
9166 9002 8865 8791 8573 8476 8370 8403 8444 8425 8408 8447 8517 8589 8653 8717 8781 9015 9300 9394 9474 9388 9280 9177 9086 9034 9023 9025 9048 9049 9044 9034 9020 9007 8997 8986 8977 8967 8967 8950 8929 8904 8880 8875 8871 8858 8833 8831 8822 8788 8781 8743 8728 8710 8693 8684 8679 8661 8643 8630 8637 8644 8632 8618 8603 8602 8649 8680 8601 8562 8578 8560 8555 8555 8553 8553 8557 8545 8534 8513 8489 8480 8455 8437
9217 9057 8924 8899 8682 8553 8450 8409 8433 8432 8406 8429 8520 8612 8691 8756 8890 9140 9377 9496 9435 9328 9248 9173 9104 9059 9051 9046 9057 9059 9052 9035 9017 9003 8987 8976 8969 8973 8964 8948 8927 8904 8877 8878 8878 8864 8849 8841 8837 8819 8819 8777 8750 8732 8719 8709 8701 8683 8673 8669 8667 8664 8655 8640 8629 8634 8669 8695 8626 8571 8584 8575 8571 8570 8571 8565 8578 8577 8552 8526 8502 8475 8462 8451
9351 9206 9029 8990 8749 8668 8636 8536 8498 8444 8396 8429 8554 8681 8798 8889 9048 9228 9333 9416 9361 9270 9217 9169 9136 9120 9078 9053 9056 9058 9049 9030 9015 8998 8981 8966 8963 8964 8959 8944 8929 8914 8910 8896 8891 8882 8864 8852 8846 8834 8803 8780 8763 8750 8747 8742 8732 8707 8703 8720 8693 8697 8674 8659 8656 8664 8686 8698 8654 8595 8583 8581 8578 8575 8567 8562 8566 8566 8556 8536 8518 8508 8484 8467
9404 9382 9160 9035 8864 8752 8734 8702 8595 8501 8482 8505 8632 8784 8935 9099 9225 9354 9402 9340 9269 9221 9189 9160 9133 9113 9077 9055 9042 9026 9021 9018 9011 8999 8984 8968 8938 8951 8960 8950 8934 8917 8911 8909 8910 8902 8882 8857 8831 8803 8792 8778 8768 8761 8761 8756 8757 8717 8703 8704 8697 8683 8671 8666 8671 8683 8695 8707 8677 8613 8592 8581 8576 8575 8576 8562 8557 8561 8552 8541 8531 8523 8499 8481
9358 9405 9331 9073 8881 8816 8761 8765 8686 8599 8554 8600 8748 8916 9089 9275 9470 9440 9335 9281 9243 9208 9175 9149 9117 9061 9062 9049 9028 9006 9004 9010 9009 9010 9003 8982 8963 8948 8951 8955 8939 8915 8900 8914 8921 8917 8895 8863 8825 8793 8787 8779 8773 8768 8759 8746 8741 8696 8697 8698 8689 8664 8658 8666 8673 8685 8689 8687 8665 8632 8598 8583 8574 8569 8562 8566 8561 8559 8548 8545 8538 8534 8508 8488
9314 9404 9488 9361 9128 8962 8800 8794 8788 8750 8701 8745 8913 9073 9225 9372 9521 9334 9248 9231 9214 9174 9165 9150 9130 9113 9087 9056 9025 8997 9002 9010 9016 9023 9028 9024 9016 9007 9007 8984 8960 8938 8926 8928 8935 8933 8909 8875 8838 8808 8786 8776 8783 8775 8757 8728 8730 8715 8702 8698 8691 8670 8663 8668 8670 8671 8670 8661 8637 8612 8598 8585 8571 8560 8553 8567 8560 8566 8557 8550 8541 8524 8506 8489
9278 9324 9385 9571 9480 9203 8978 8913 8963 8937 8946 9027 9137 9219 9302 9402 9368 9229 9189 9202 9202 9173 9165 9157 9150 9141 9111 9072 9031 8996 9007 9017 9026 9036 9045 9064 9080 9065 9047 9014 8985 8959 8946 8943 8944 8940 8917 8889 8869 8839 8826 8844 8810 8790 8773 8754 8723 8712 8711 8711 8710 8696 8685 8675 8668 8664 8663 8656 8629 8618 8614 8596 8571 8551 8549 8556 8568 8557 8555 8557 8549 8538 8509 8488
9288 9277 9289 9418 9489 9366 9297 9334 9237 9199 9289 9432 9367 9334 9331 9305 9298 9187 9203 9214 9222 9197 9172 9167 9167 9163 9137 9090 9038 8994 9017 9028 9039 9050 9063 9077 9088 9078 9054 9034 9005 8985 8965 8955 8951 8951 8926 8895 8869 8873 8854 8854 8827 8805 8784 8765 8732 8726 8725 8724 8712 8704 8690 8679 8668 8659 8649 8652 8636 8631 8634 8609 8574 8543 8555 8574 8573 8570 8574 8565 8554 8546 8513 8488
9280 9264 9302 9342 9406 9357 9402 9423 9378 9409 9545 9501 9421 9378 9365 9320 9234 9175 9227 9223 9186 9167 9168 9176 9184 9185 9161 9109 9057 9028 9034 9042 9051 9061 9070 9077 9082 9081 9076 9051 9023 8988 8977 8966 8954 8941 8922 8897 8867 8838 8840 8860 8835 8808 8784 8763 8747 8740 8737 8733 8721 8708 8694 8682 8672 8664 8654 8671 8661 8643 8648 8620 8583 8557 8563 8576 8574 8565 8578 8570 8551 8521 8519 8490
9289 9251 9279 9312 9203 9273 9356 9382 9348 9331 9339 9348 9342 9331 9332 9289 9217 9243 9223 9207 9179 9167 9176 9190 9198 9197 9176 9124 9070 9047 9051 9058 9065 9071 9075 9078 9080 9084 9087 9064 9040 9025 8994 8975 8958 8944 8916 8893 8878 8830 8821 8807 8823 8794 8771 8759 8760 8752 8747 8745 8738 8702 8683 8681 8679 8677 8681 8681 8680 8641 8654 8630 8591 8557 8562 8592 8578 8594 8592 8575 8557 8539 8521 8496
9275 9270 9283 9315 9322 9296 9301 9286 9284 9271 9265 9266 9269 9259 9235 9238 9233 9223 9196 9182 9174 9184 9199 9206 9207 9204 9183 9135 9077 9055 9071 9077 9081 9085 9087 9090 9087 9086 9081 9067 9047 9031 9005 8984 8962 8937 8909 8858 8811 8797 8797 8805 8775 8768 8757 8747 8746 8753 8752 8749 8734 8705 8701 8691 8690 8689 8693 8701 8690 8644 8672 8647 8599 8557 8559 8583 8557 8589 8586 8579 8567 8548 8529 8509
9306 9289 9304 9328 9310 9289 9284 9276 9267 9266 9270 9257 9228 9215 9193 9200 9209 9189 9189 9179 9179 9203 9226 9216 9209 9200 9192 9145 9106 9090 9094 9100 9102 9104 9105 9106 9098 9089 9079 9065 9053 9039 9015 8995 8975 8952 8914 8853 8804 8792 8788 8768 8748 8755 8756 8750 8761 8763 8760 8751 8735 8728 8712 8705 8703 8706 8718 8714 8698 8665 8689 8671 8623 8574 8567 8567 8592 8598 8611 8608 8580 8550 8521 8509
9328 9313 9332 9292 9278 9279 9279 9273 9264 9262 9264 9241 9206 9196 9194 9194 9204 9219 9224 9224 9206 9225 9229 9221 9208 9185 9145 9149 9148 9134 9128 9126 9125 9125 9123 9126 9112 9096 9075 9060 9055 9042 9021 9003 8986 8968 8937 8871 8820 8791 8766 8766 8761 8763 8774 8777 8780 8774 8769 8760 8748 8735 8720 8715 8714 8716 8727 8722 8709 8694 8697 8694 8679 8645 8602 8589 8597 8625 8641 8621 8580 8543 8515 8500
9349 9361 9308 9272 9275 9271 9276 9279 9260 9230 9257 9239 9200 9180 9170 9185 9212 9217 9209 9205 9217 9239 9237 9223 9203 9182 9165 9160 9159 9157 9154 9154 9149 9147 9142 9134 9122 9107 9092 9078 9050 9031 9016 9003 8991 8979 8952 8917 8852 8818 8777 8768 8763 8783 8807 8821 8793 8784 8778 8770 8759 8735 8732 8726 8720 8722 8732 8725 8720 8713 8702 8717 8739 8717 8650 8611 8597 8617 8624 8617 8578 8539 8517 8507
9411 9353 9302 9278 9287 9286 9277 9255 9231 9210 9214 9184 9162 9171 9205 9238 9228 9223 9204 9180 9214 9245 9239 9226 9206 9189 9184 9187 9184 9182 9173 9170 9170 9170 9171 9160 9144 9122 9092 9058 9048 9025 9000 8987 9004 8980 8951 8928 8878 8837 8778 8772 8779 8816 8841 8851 8805 8798 8795 8789 8782 8737 8718 8716 8726 8731 8728 8732 8717 8713 8717 8744 8773 8762 8699 8658 8634 8623 8627 8629 8579 8549 8536 8530
9424 9372 9314 9305 9306 9302 9291 9270 9247 9231 9213 9191 9183 9164 9177 9237 9226 9216 9187 9212 9226 9249 9257 9227 9209 9196 9188 9197 9219 9203 9195 9195 9191 9193 9200 9206 9169 9142 9113 9089 9060 9018 8980 8945 8911 8935 8958 8933 8865 8825 8793 8794 8843 8867 8864 8848 8815 8814 8810 8799 8786 8743 8721 8719 8739 8772 8773 8778 8742 8751 8768 8789 8789 8800 8765 8736 8660 8639 8628 8583 8565 8550 8541 8538
9399 9389 9361 9345 9337 9333 9320 9306 9288 9263 9229 9208 9189 9164 9155 9185 9204 9211 9218 9221 9219 9209 9213 9212 9203 9193 9184 9188 9197 9204 9205 9205 9204 9209 9212 9199 9185 9161 9136 9098 9036 8996 8964 8917 8868 8882 8895 8826 8818 8809 8802 8830 8895 8896 8883 8869 8863 8856 8825 8801 8776 8753 8728 8720 8744 8762 8771 8779 8796 8802 8819 8825 8812 8828 8829 8804 8742 8674 8589 8567 8540 8538 8544 8557
9392 9413 9410 9386 9369 9357 9344 9334 9315 9280 9238 9176 9162 9159 9153 9160 9187 9207 9227 9220 9210 9199 9204 9202 9197 9193 9194 9195 9199 9203 9201 9203 9207 9216 9228 9219 9192 9166 9144 9125 9010 8978 8970 8950 8897 8875 8825 8823 8819 8814 8819 8835 8910 8904 8893 8881 8872 8854 8824 8798 8772 8747 8739 8734 8749 8768 8778 8804 8808 8821 8828 8845 8849 8853 8857 8850 8825 8734 8619 8591 8539 8535 8546 8558
9400 9424 9426 9406 9389 9378 9361 9336 9308 9267 9226 9177 9149 9147 9148 9157 9178 9199 9211 9217 9212 9198 9190 9179 9183 9193 9204 9209 9209 9200 9195 9194 9196 9207 9237 9221 9183 9152 9122 9081 9006 8986 8997 9021 9016 8925 8863 8840 8831 8853 8881 8928 8932 8921 8900 8894 8863 8827 8810 8801 8789 8782 8777 8770 8762 8763 8775 8791 8837 8842 8831 8840 8881 8867 8859 8866 8856 8779 8667 8586 8552 8544 8544 8549
9415 9424 9399 9398 9382 9380 9366 9329 9289 9247 9212 9177 9156 9144 9138 9156 9175 9193 9213 9213 9204 9198 9174 9156 9172 9191 9212 9230 9209 9196 9186 9177 9171 9168 9168 9169 9152 9128 9096 9041 8986 8993 9004 9032 9029 8953 8881 8857 8835 8882 8939 8974 8955 8928 8884 8856 8832 8786 8810 8813 8818 8822 8800 8792 8779 8780 8799 8840 8912 8867 8839 8838 8868 8865 8866 8875 8856 8793 8692 8603 8564 8550 8542 8538
9405 9403 9400 9379 9362 9353 9348 9325 9288 9239 9213 9180 9148 9143 9146 9170 9181 9188 9183 9187 9215 9192 9160 9145 9167 9183 9197 9207 9203 9194 9180 9165 9149 9130 9113 9114 9117 9104 9081 9057 9023 8986 8986 8993 8994 8976 8940 8941 8956 8961 8982 9004 8949 8879 8847 8827 8844 8858 8831 8835 8841 8841 8811 8797 8793 8794 8791 8807 8841 8854 8853 8853 8890 8897 8916 8894 8853 8788 8705 8625 8580 8563 8549 8537
9383 9376 9376 9363 9348 9338 9340 9323 9298 9290 9245 9192 9151 9181 9216 9204 9201 9192 9187 9185 9168 9172 9156 9172 9176 9176 9176 9169 9201 9197 9181 9159 9134 9111 9107 9091 9088 9079 9057 9024 8976 8965 8966 8957 8978 9007 9036 9048 9040 9017 8999 8977 8923 8881 8906 8929 8877 8851 8840 8848 8854 8853 8815 8816 8804 8775 8782 8790 8805 8839 8863 8886 8916 8943 8946 8900 8847 8786 8717 8662 8607 8585 8568 8552
9374 9372 9365 9357 9347 9341 9340 9328 9315 9307 9271 9217 9194 9248 9240 9227 9215 9207 9199 9198 9199 9167 9143 9192 9190 9177 9164 9184 9218 9198 9172 9145 9117 9094 9084 9071 9065 9059 9050 9014 8927 8946 8966 8984 9008 9044 9074 9083 9066 9035 8999 8948 8932 8959 8955 8946 8882 8832 8835 8858 8867 8861 8817 8816 8796 8766 8784 8793 8809 8844 8878 8923 8998 8970 8927 8882 8838 8793 8733 8693 8652 8616 8594 8571
9389 9375 9363 9358 9354 9350 9350 9340 9325 9316 9294 9263 9256 9248 9245 9231 9220 9213 9214 9213 9211 9169 9146 9201 9200 9183 9169 9185 9215 9197 9168 9135 9102 9074 9053 9056 9053 9050 9050 9068 8954 8975 8984 9012 9038 9077 9109 9124 9079 9050 9008 8968 8927 8895 8880 8870 8867 8843 8856 8882 8890 8877 8833 8819 8797 8788 8806 8811 8837 8864 8897 8940 8966 8935 8879 8845 8808 8770 8729 8705 8672 8641 8620 8603
9404 9384 9361 9357 9361 9360 9363 9352 9333 9332 9317 9296 9285 9244 9232 9226 9218 9213 9214 9217 9198 9156 9123 9190 9203 9186 9174 9186 9213 9205 9170 9131 9091 9053 9028 9038 9038 9034 9026 9010 9078 9017 8998 9009 9056 9107 9141 9132 9131 9081 9029 8961 8900 8885 8873 8855 8884 8916 8948 8938 8929 8909 8885 8850 8831 8814 8811 8831 8854 8883 8907 8926 8892 8876 8835 8806 8777 8747 8718 8699 8679 8666 8647 8625
9404 9377 9362 9366 9365 9370 9373 9374 9347 9337 9321 9295 9263 9236 9228 9223 9215 9204 9184 9151 9132 9135 9171 9205 9206 9184 9168 9192 9228 9191 9148 9115 9075 9037 9022 9025 9023 9017 9005 8997 9000 8999 8995 9018 9073 9132 9167 9145 9148 9117 9074 9015 8941 8857 8841 8872 8939 8994 9015 8995 8979 8963 8917 8885 8818 8821 8824 8860 8894 8896 8898 8890 8857 8818 8799 8779 8755 8728 8709 8696 8703 8690 8674 8658
9398 9383 9363 9361 9362 9371 9375 9381 9354 9332 9316 9289 9249 9233 9229 9221 9208 9188 9164 9144 9130 9149 9193 9218 9219 9209 9158 9182 9226 9167 9121 9082 9051 9025 9015 9012 9008 9003 9002 8993 8974 8979 8997 9023 9103 9156 9178 9159 9175 9160 9133 9112 9099 9068 8989 8993 9022 9039 9037 9041 9044 9042 9050 8971 8846 8843 8852 8867 8879 8888 8879 8863 8815 8796 8791 8776 8749 8721 8710 8716 8707 8702 8692 8668
9403 9382 9371 9369 9347 9368 9381 9368 9356 9349 9327 9297 9274 9256 9250 9233 9205 9180 9153 9132 9163 9213 9225 9232 9239 9266 9295 9232 9145 9114 9085 9057 9029 9009 9003 8999 8996 8993 8993 8990 8962 8986 9051 9121 9176 9201 9189 9182 9214 9200 9191 9181 9176 9244 9268 9174 9124 9097 9088 9088 9093 9103 9106 9065 9018 8935 8862 8855 8879 8887 8881 8846 8827 8829 8813 8784 8755 8729 8711 8705 8710 8713 8719 8699
