real_craters/C132-500m.grd
DSAA
165 165
-41.0375 41.0375
-41.0375 41.0375
8002.2296526049 9881.0463234331
[rows 60 to 89 of 165, columns 0 to 66 of 165]
9372.83 9432.41 9418.53 9404.11 9387.95 9376.08 9377.5 9379.05 9377.95 9375.74 9374.85 9370.39 9357.09 9339.12 9324.17 9324.76 9317.91 9313.35 9309.29 9304.32 9296.68 9286.43 9274.62 9261.03 9242.14 9225.92 9210.25 9193.36 9183.7 9179.65 9215.41 9271.57 9301.5 9313.75 9318.54 9327.59 9330.74 9321.18 9324.6 9305.37 9261.55 9204.95 9149.42 9104.82 9073.6 9046.21 9022.28 8998.47 8974.07 8950.85 8943.43 8957.66 8965.32 8971.13 8972.73 8974.73 8976.02 8982.86 8997.98 9024.21 9051.63 9089.49 9164.68 9250.08 9317.05 9336.97 9344.92
9388.13 9404.36 9409.75 9407.16 9394.64 9392.55 9387.81 9383.33 9378.03 9373.03 9370.98 9372.31 9367.51 9346.75 9330.26 9323.61 9317.53 9311.49 9306.93 9307.3 9302 9293.75 9282.38 9269.85 9257.47 9246.53 9229.32 9221.63 9217.57 9234.31 9277.33 9300.21 9319.95 9323.11 9326.55 9329.42 9328.34 9323.63 9325.88 9309.34 9261.59 9209.17 9161.12 9120.69 9083.03 9057.95 9036.02 9013.79 8991.04 8967.81 8965.01 8973.68 8979.58 8983.32 8983.4 8982.66 8987.18 8998.86 9024.87 9064.95 9116.47 9188.84 9243.5 9254.05 9290.39 9331.46 9335.26
9380.98 9381.13 9397.78 9396.33 9397.1 9400.36 9398.97 9390.1 9380.03 9370.23 9365.53 9372.28 9372.29 9351.51 9336.38 9322.03 9318.16 9312.95 9309.49 9307.99 9303.57 9299.36 9290.24 9280.35 9270.94 9260.21 9253.07 9246.93 9248.13 9257.8 9297.08 9318.34 9323.25 9323.95 9325.28 9329.69 9321.93 9329.37 9323.81 9301.32 9260.51 9210.38 9157.98 9113.08 9090.88 9073.82 9057.34 9039.48 9019.58 9003.28 8997.13 8998.19 8999.81 9000.68 9000.13 8999.26 9001.73 9014.79 9049.66 9103.8 9169.02 9238.15 9295.95 9342.03 9347.84 9343.68 9326.47
9261.15 9329.74 9384.15 9397.69 9397.34 9402.57 9402.43 9394.46 9383.86 9373.69 9372.4 9375.09 9370.44 9350.79 9326.56 9326.02 9324.55 9315.7 9308 9306.32 9306.91 9303.21 9295.58 9288.9 9281.81 9276.21 9272.27 9271.59 9274.71 9285.74 9316.41 9328.37 9330.82 9317.67 9305.16 9324.73 9332.82 9337.33 9327.88 9301.64 9264.95 9217.85 9164.78 9120.65 9105.62 9096.48 9085.61 9072.44 9053.57 9015.68 9034.18 9031.17 9027.97 9023.16 9021.1 9019.23 9022.69 9033.46 9076.81 9140.32 9211.81 9288.08 9364.69 9403.58 9388.35 9351.34 9317.22
9233 9301.97 9350.4 9376.98 9387.13 9385.18 9401.57 9396.59 9388.84 9382.32 9386.61 9381.32 9371.99 9357.26 9336.76 9348.28 9335.21 9319.6 9312.96 9310.75 9306.49 9301.22 9298.33 9296.99 9294.77 9292.64 9291.38 9291.43 9296 9308.31 9321.85 9330.34 9331.15 9310.28 9275.35 9255.22 9328.65 9347.71 9337.66 9311.16 9275.9 9234.64 9187.65 9142.92 9135.93 9130.61 9120.93 9111.14 9101.76 9103.07 9084.4 9069.16 9061.09 9056.04 9052.42 9050.61 9052.52 9061.39 9111.23 9175.83 9244.35 9308.33 9354.36 9403.64 9380.7 9328.79 9281.42
9325.23 9318.5 9337.26 9364.7 9381.33 9384.61 9398.72 9401.28 9395.36 9387.71 9390.17 9391.48 9387.9 9371.17 9357.7 9344.29 9333.32 9328.95 9324.39 9310.63 9298.82 9299.25 9302.93 9305.41 9305.02 9304.72 9305.33 9306.29 9313.14 9319.46 9324.06 9329.29 9330.75 9314.57 9291.82 9278.05 9332.87 9340.67 9329.34 9313.48 9289.11 9260.36 9229.8 9197.45 9186.22 9171.17 9153.22 9139.24 9132.21 9131.3 9114.8 9095.89 9086.21 9084.02 9083.82 9087.67 9092.56 9111.64 9157.24 9216.8 9280.25 9337.94 9381.11 9387.23 9342.39 9277.67 9208.76
9344.82 9332.87 9328.06 9347.86 9375.83 9389.12 9408.09 9412.93 9405.28 9395.81 9393.16 9399.4 9395.91 9380.85 9364.38 9341.72 9333.68 9329.22 9311.07 9302.71 9299.57 9309.17 9315.17 9314.29 9314.43 9315.32 9316.8 9320.51 9324.16 9326.52 9326.22 9328.73 9332.13 9325.02 9323.01 9337.29 9335.39 9329.61 9317.66 9312.75 9303.22 9292.68 9283.85 9283.93 9254.08 9212.52 9176.41 9148.29 9134.38 9129.39 9121.34 9110.52 9108.47 9113.16 9123.2 9131.6 9139.95 9164.53 9205.5 9261.33 9318.25 9371.71 9400.8 9365.75 9295.82 9208.87 9117.79
9347.55 9338.5 9331.85 9342.25 9379.43 9388.65 9413.21 9424.9 9415.7 9406.01 9401.22 9401.25 9397.9 9386.13 9373.99 9369.53 9355.65 9328.86 9303.29 9299.22 9304.81 9312.96 9320.57 9321.71 9323.48 9325.57 9328.52 9331.75 9335.24 9335.99 9333.38 9333.78 9330.2 9329.11 9332.14 9335.23 9340.93 9338.01 9320.21 9317.6 9319.48 9320.95 9324.12 9330.55 9299.39 9245.43 9192.47 9143.81 9101.54 9090.29 9114.58 9122.69 9134.1 9149.72 9162.82 9179.37 9196.19 9214.69 9261.7 9308.37 9357.68 9400.21 9432.01 9350.38 9237.92 9126.18 9013.32
9356.48 9350.96 9349.16 9359.03 9403.43 9397.54 9407.07 9428.65 9422.38 9411.89 9407.78 9408.5 9400.84 9388.73 9373.78 9361.72 9353.34 9335.55 9312.66 9307.83 9307.53 9315.23 9324.42 9326.5 9331.22 9335.27 9338.34 9340.9 9344.24 9347.72 9352.87 9351.63 9339.25 9335.35 9337.85 9340.98 9349.71 9345.77 9321.03 9324.08 9332.11 9340.31 9345.76 9343.9 9318.07 9267.76 9206.24 9138.85 9078.34 9071.17 9115.66 9138.66 9164.82 9183.74 9204 9229.77 9258.68 9288.79 9316.75 9356.94 9388.81 9411.96 9390.57 9302.2 9165.6 9029.13 8897.44
9366.12 9363.1 9367.94 9388.42 9412.37 9396.93 9410.85 9428.39 9426.11 9417.13 9409.6 9409.07 9401.04 9390.36 9378.47 9364.03 9341.5 9339.17 9332.25 9322.72 9317.48 9316.52 9317.73 9329.45 9338.15 9343.99 9347.32 9350.45 9352.4 9354.26 9357.6 9355.18 9345 9339.67 9337.69 9344.13 9350.39 9343.45 9321.75 9327.42 9336.67 9346.94 9353.79 9353.87 9333.8 9289.42 9231.58 9156.95 9057.07 9081.46 9140.4 9180.69 9205.16 9227.5 9247.95 9271.04 9298.43 9326.87 9354.05 9385.32 9406.22 9424.7 9412.77 9254.12 9074.11 8920.91 8780.33
9370.82 9371.51 9376.38 9390.07 9366.94 9356.85 9394.63 9429.35 9422.98 9415.07 9408.09 9401.96 9401.28 9393.95 9383.67 9365.55 9354.09 9361 9351.35 9337.27 9327.19 9325.63 9326.05 9340.23 9349.35 9354.64 9357.09 9357.73 9357.37 9356.08 9351.93 9344.78 9334.79 9326.31 9333.8 9336.1 9335.1 9326.89 9325.2 9334.21 9344.23 9354.33 9360.93 9361.25 9348.93 9315.21 9276.19 9233.24 9178.18 9179.86 9204.29 9226.96 9249.45 9267.21 9289.17 9303.56 9312.99 9334.95 9366.17 9387.75 9410.16 9415.58 9364.84 9123.35 8951.93 8810.94 8681.1
9378.34 9375.61 9374.11 9368.85 9372.54 9368.78 9387.37 9409.14 9406.91 9405.86 9407.35 9405.68 9404.82 9400.77 9396.17 9389.03 9384.36 9385.9 9367.13 9350.05 9340.67 9342.52 9352.41 9361.71 9364.81 9365.2 9365.48 9363.39 9361.72 9358.07 9352.24 9342.77 9338.04 9336.48 9335.94 9336.57 9336.34 9334.17 9334.12 9340.65 9347.55 9355.75 9362.18 9363.64 9354.27 9338.11 9322.98 9320.33 9335.19 9297.81 9280.38 9285.11 9295.6 9314.34 9322.33 9325.76 9326.99 9343.57 9370.18 9380.83 9387.81 9369.59 9282.62 8977.6 8819.6 8699.85 8597.94
9387.19 9381.9 9376.96 9370.21 9365.18 9363.79 9370.9 9376.6 9384.5 9392.72 9410.51 9417.34 9405.83 9401.44 9407.45 9420.91 9423.22 9400.21 9372.01 9359.7 9352.12 9360.49 9384.52 9386.24 9381.69 9377.82 9374.08 9369.82 9365.17 9359.85 9353.21 9344.62 9342.29 9340.87 9339.29 9339.21 9337.19 9339.59 9345.63 9351.63 9355.48 9357.85 9358.77 9360.99 9359.49 9352.87 9348.67 9350.79 9350.96 9338.06 9337.52 9339.39 9358.51 9367.98 9369.25 9357.28 9326.33 9344.39 9362.13 9363.22 9347.81 9301.45 9164.52 8865.81 8702.5 8587.83 8498.18
9395.61 9390.75 9386.41 9380.01 9380.76 9372.86 9380.68 9386.57 9370.02 9373.88 9384.01 9395.3 9382.9 9386.41 9402.26 9427.16 9436.97 9403.18 9377.28 9369.07 9369.59 9380.85 9394.3 9400.25 9394.43 9387.58 9381.36 9375.89 9370.53 9365.38 9359.11 9352.49 9349.09 9345.52 9343.39 9342.73 9345.36 9361.21 9363.33 9363.58 9363.79 9363.61 9362.73 9363.4 9365.22 9360.6 9358.49 9351.39 9337.46 9355.99 9378.29 9388.96 9402.21 9424.99 9429.95 9412.88 9366.42 9374.42 9368.83 9343.61 9298.29 9224.83 9077.49 8777.22 8604.2 8487.89 8371.14
9409.96 9402.93 9396.2 9390.49 9384.28 9375.55 9376.91 9366.06 9344.98 9350.89 9353.96 9353.72 9344.54 9359.96 9376.61 9396.31 9405.35 9389.41 9374.83 9375.98 9381.66 9390.65 9410.98 9412.21 9401.27 9393.12 9386.21 9379.73 9374.86 9370.42 9367.08 9367.69 9359.61 9351.41 9350 9350.4 9354.17 9377.66 9373.9 9372.99 9371.76 9371.14 9369.55 9366.61 9360.56 9363.66 9367.89 9364.48 9360.87 9374.55 9406.34 9423.82 9455.64 9476.28 9496.12 9508.63 9490.62 9439.53 9382.89 9321.84 9240.44 9126.07 8942.88 8666.9 8523.28 8440.3 8344.44
9425.88 9413.97 9404.43 9398.61 9394.46 9385.97 9352.6 9343.29 9331.29 9330.14 9332.74 9333.12 9328.52 9336.17 9345.72 9346.78 9344.82 9350.72 9364.51 9381.88 9400.12 9416.23 9413.13 9405.36 9402.27 9396.6 9390.13 9384.38 9380.22 9376.13 9371.79 9369.36 9368.5 9365.19 9360.44 9358.42 9367.66 9380.04 9377.85 9378.92 9378.37 9379.09 9378.1 9375.99 9369.23 9375.09 9382.29 9379.45 9382.19 9392.74 9423.58 9451.44 9481.73 9509.81 9537.3 9567.62 9567.6 9478.63 9385.94 9297.1 9189.38 9036.98 8823.58 8581.41 8480.07 8456.91 8414.26
9432.42 9416.87 9404.68 9396.36 9390.14 9364.05 9345.57 9328 9315.47 9314.24 9312.75 9314.89 9314.15 9321.13 9325.86 9324.34 9333 9347.95 9365.31 9388.08 9412.92 9429.62 9419.84 9405.83 9402.47 9397.07 9392.56 9388.63 9382.91 9379.4 9376.99 9374.37 9369.34 9361.87 9357.02 9361.51 9368.05 9373.4 9383.51 9386.04 9387.62 9386.59 9387.58 9390.26 9396.49 9400.2 9401.54 9402.52 9401.45 9403.37 9433.82 9463.08 9490.85 9519.07 9546.42 9563.79 9532.4 9464.67 9366.53 9269.72 9160.44 9018.91 8812.4 8582.01 8481.82 8495.23 8506.48
9422.21 9410.57 9397.51 9385.4 9372.91 9358.57 9337.08 9319.88 9318.16 9315.59 9307.99 9305.93 9312.31 9320.51 9320.7 9320.37 9325.96 9353.19 9368.69 9388.12 9410.14 9424.38 9420.68 9412.37 9403.25 9397.04 9391.51 9386.74 9383.49 9380.5 9379.02 9380.64 9376.97 9362.15 9356.86 9361.81 9370.54 9376.51 9383.89 9394.55 9395.33 9392.94 9394.29 9399.02 9407.53 9411.37 9409.3 9406.5 9405.37 9415.54 9430.24 9451.85 9481.84 9514.19 9538.35 9541.73 9501.2 9426.8 9325.99 9230.88 9137.88 9035.58 8842.7 8609.7 8492.11 8481.16 8445.9
9410.49 9399.12 9385.87 9369.43 9349.91 9340.12 9324.6 9324.39 9343.76 9330.64 9317.61 9317.46 9326.6 9327.48 9324.85 9318.64 9319.11 9343.62 9359.84 9380.93 9400.58 9415.32 9412.98 9403.63 9400.82 9395.37 9390.41 9385.44 9380.67 9378.6 9375.98 9372.67 9371.35 9362.38 9357.06 9363.19 9366.06 9378 9414.01 9404.76 9398.23 9394.78 9394.98 9399.56 9406.77 9411.59 9402.38 9401.15 9395.93 9410 9423.49 9441.35 9468.92 9497.7 9515.97 9519.12 9463.8 9375.78 9268.86 9171.53 9083.3 9012.95 8843.09 8654.88 8535.73 8460.77 8373.22
9391.17 9387.44 9377.74 9363.74 9345.26 9336.51 9330.53 9344.49 9356.17 9345.62 9337.9 9334.92 9334.84 9335.21 9334.99 9330.67 9317.29 9319.46 9344.94 9370.58 9392.42 9405.62 9409.56 9405.51 9399.04 9392.26 9386.37 9381.76 9378.15 9375.02 9372.16 9368.12 9358.61 9363.22 9367.08 9361.35 9359.31 9369.21 9393.13 9394.6 9391.35 9390.7 9390.33 9390.67 9390.26 9384.06 9385.35 9381.84 9381.9 9401.54 9414.93 9430.01 9453.02 9462.03 9466.11 9458.64 9399.2 9306.9 9196.65 9089.64 8976.37 8875.1 8778.28 8671.16 8565.93 8475.46 8363.01
9385.8 9381.91 9375.08 9367.56 9362.16 9353.78 9352.37 9365.93 9359.99 9351.94 9348.35 9348.06 9353.41 9345.33 9345.64 9349.3 9325.59 9313.59 9336.19 9364.11 9390.89 9412.58 9418.04 9409.27 9396.76 9386.91 9380.61 9376.1 9376.43 9374.71 9370.56 9370.44 9369.53 9362.69 9361.53 9352.45 9348.12 9333.44 9364.94 9369.63 9374.18 9376.96 9380.11 9381.14 9377.56 9369.36 9374.18 9367.37 9369.22 9368.78 9403.91 9420.77 9424.58 9420.04 9403.41 9361.79 9313.01 9226.96 9128.26 9014.82 8879.11 8738.7 8723 8684.64 8601.1 8453.51 8323.59
9385.89 9377.5 9375.13 9373.66 9372.61 9374.34 9375.05 9368.6 9358.31 9355.94 9355.22 9354.11 9347.47 9346.13 9353.81 9356 9342.63 9326.03 9340.89 9365.73 9390.13 9411.07 9413.1 9395.36 9385.3 9379.38 9378.72 9377.05 9375.94 9369.38 9368.91 9368.45 9366.17 9352.32 9328.25 9329.32 9324.54 9332.28 9337.12 9346.18 9357.21 9365.68 9372.92 9377.21 9379.88 9385.89 9372.83 9360.98 9357.95 9380.98 9389.86 9395.28 9396.94 9383.77 9356.07 9313.2 9253.74 9171.11 9078.36 8966.18 8848.84 8763.71 8737.74 8729.33 8674.19 8459.94 8304.25
9368.18 9372.85 9375.53 9376.86 9378.48 9381.01 9382.03 9380.8 9367.2 9365.41 9365.39 9363.45 9360.63 9351.63 9360.77 9374.65 9380.06 9355.46 9357.24 9373.34 9388.09 9396.88 9392.64 9379.46 9370.02 9368.88 9368.74 9367.4 9366.8 9368.68 9363.16 9364.23 9362.91 9341.51 9335.28 9319.38 9333.23 9347.33 9337.63 9332.35 9341.87 9351.73 9361 9369.93 9379.51 9383.3 9369.67 9349.35 9343.75 9368.05 9375.08 9380.84 9377.5 9357.76 9319.55 9269.72 9216.76 9140.88 9051.85 8949.65 8841.82 8772.78 8767.14 8771.2 8739.39 8481.15 8308.35
9390.53 9383.76 9378.12 9378.95 9384.45 9390.66 9391.7 9380.78 9376.78 9382.52 9378.14 9372.84 9370.1 9362.91 9365.67 9369.13 9375.13 9370.61 9376.39 9383.9 9388.41 9390.12 9386.93 9373.04 9366.02 9361.63 9359.92 9359.45 9358.51 9357.99 9356.39 9350.14 9338.82 9329.29 9316 9307.9 9306.35 9332.75 9328.55 9324.7 9331.39 9339.57 9349.83 9359.95 9370.52 9384.68 9356.6 9334.21 9331.91 9331.74 9368.46 9375.16 9371.16 9350.56 9311.86 9253.64 9209.02 9134.98 9051.24 8958.87 8862.45 8798.3 8792.22 8780.31 8718.37 8536.39 8326.77
9388.74 9378.63 9374.34 9376.16 9380.57 9383.74 9383.96 9382.6 9389.14 9390.22 9381.89 9375.43 9370.67 9375.96 9373.34 9371.59 9362.7 9371.68 9395.15 9394.23 9389.78 9381.76 9369.09 9362.46 9357.24 9355.88 9355.17 9353.9 9353.5 9349.26 9345.89 9337.23 9331.73 9324.36 9311.05 9304.1 9304.89 9309.21 9315.51 9317.61 9320.5 9329.39 9340.55 9350.11 9354.21 9338.06 9309.76 9313.41 9323.49 9353.58 9371.19 9379.63 9381.05 9368.46 9329.64 9283.62 9232.48 9152.78 9074.08 8993.03 8920.24 8857.91 8821.36 8785.98 8711.15 8525.6 8331.4
9371.83 9363.62 9367.76 9370.31 9370.34 9369.22 9363.19 9366.03 9362.03 9370.48 9372.35 9371.06 9374.3 9377.95 9374.51 9373.22 9369.8 9373.39 9406.02 9401.15 9392.67 9379.75 9359.78 9356.89 9349 9352.64 9353.79 9353.01 9349.29 9345.86 9338.18 9328.43 9316.12 9313.41 9305.9 9299.94 9300.09 9299.36 9301.34 9294.49 9305.85 9318.21 9331.3 9341.83 9346.59 9344.56 9333.31 9327 9330.91 9359.21 9374.66 9391.01 9401.52 9404.15 9381.36 9337.74 9271.74 9199.75 9121.55 9039.1 8963.22 8899.01 8846.68 8796.23 8723.64 8546.89 8356
9371 9362.94 9369.01 9369.19 9365.65 9360.18 9357.85 9362.67 9359.46 9357.27 9361.75 9361.68 9357.94 9347.72 9359.84 9369.39 9371.77 9385.9 9400.89 9403.96 9398.92 9390.34 9382.53 9368.21 9354.81 9357.23 9358.59 9355.54 9350.21 9342.89 9334.46 9323.48 9312.33 9307.64 9301.56 9294.62 9289.03 9291.8 9294.02 9293.28 9297.97 9313.36 9327.32 9339.51 9349.66 9353.87 9342.38 9339.19 9343.19 9375.49 9391.38 9404.5 9419.52 9429.93 9450.54 9409.03 9336.91 9259.38 9180.93 9089.81 8993.22 8925.9 8867.03 8798.74 8722.66 8592.36 8394.86
9385.39 9387.37 9380.08 9375.21 9369.15 9363.33 9375.05 9377.08 9366.45 9358.38 9360.02 9355.19 9344.41 9332.38 9335.16 9357.85 9373.46 9377.69 9402 9406.16 9404.96 9400.84 9396.1 9385.87 9378.42 9373.53 9368.26 9361.48 9354.25 9345.04 9334.34 9323.61 9311.09 9303.15 9298.42 9292.68 9288.53 9285.72 9279.61 9276.9 9294.26 9310.69 9325.54 9339.21 9351.82 9362.78 9367.97 9360.23 9358.07 9380.67 9397.1 9408.6 9423.44 9433.45 9429.99 9420.67 9369.77 9316.71 9249.99 9155.77 9035.68 8972.86 8900.27 8801.04 8688.85 8576.99 8423.08
9393.06 9395.3 9389.95 9383.31 9378.48 9376.37 9378.19 9382.17 9375.23 9385.44 9366.06 9358.36 9349.4 9346.67 9347.47 9357.72 9373.01 9388.79 9399.17 9409.39 9411.4 9409.29 9404.27 9402.89 9404.69 9394.96 9380.72 9369.02 9357.9 9347.82 9338.43 9328.7 9319.17 9306.75 9300.4 9297 9293.85 9290.62 9286.84 9289.97 9299.65 9313.29 9326.28 9338.11 9349.97 9361.68 9372.26 9368.31 9367.08 9388.86 9402.36 9402.06 9412.99 9424.56 9427.36 9421.68 9402.6 9377.14 9341.5 9278.09 9168.53 9078.26 8965.54 8829.99 8670 8567.69 8487.31
9394.28 9400.21 9396.23 9390.34 9386.76 9385.74 9388.54 9379.95 9369.72 9367.94 9369.38 9366.31 9361.87 9362.07 9359.16 9362.91 9374.85 9385.59 9409.74 9415.84 9417.36 9418.13 9419.05 9421.75 9423.25 9407.76 9388.32 9373.83 9362.54 9351.65 9342.55 9334.82 9326.07 9309.33 9307.71 9305.83 9300.05 9298.76 9301.91 9302.48 9312.09 9321.55 9329.84 9338.31 9346.76 9355.79 9365.98 9365.86 9367.02 9375.09 9374.9 9387.9 9405.73 9421.82 9428.92 9433.23 9435.94 9434.15 9439.68 9443.54 9391.23 9223.36 9059.22 8906.12 8773.42 8664.93 8618.15
