real_craters/C132-750m.grd
DSAA
110 110
-41.0375 41.0375
-41.0375 41.0375
8002.3116778518 9877.1127160044
[rows 38 to 75 of 110, columns 0 to 83 of 110]
9427 9406 9370 9369 9355 9375 9395 9366 9360 9356 9331 9306 9289 9292 9275 9246 9218 9178 9150 9140 9186 9248 9264 9263 9266 9298 9300 9223 9095 9076 9050 9022 8996 8982 8983 8985 8987 8979 8974 8969 8969 9019 9121 9201 9265 9331 9308 9207 9228 9219 9219 9238 9255 9325 9347 9238 9173 9148 9142 9153 9158 9150 9127 9093 9063 8978 8900 8866 8864 8884 8927 8948 8912 8883 8841 8799 8764 8734 8709 8698 8712 8730 8738 8720
9317 9430 9389 9370 9370 9378 9381 9371 9356 9332 9322 9312 9302 9297 9280 9256 9223 9194 9166 9149 9204 9282 9295 9298 9304 9317 9303 9224 9136 9075 9039 9005 8971 8943 8961 8969 8971 8972 8975 8984 8992 9058 9237 9311 9327 9321 9289 9241 9243 9189 9182 9240 9375 9348 9230 9137 9114 9151 9190 9215 9203 9189 9172 9099 9053 9027 8961 8900 8910 8940 8983 8966 8889 8900 8862 8823 8776 8742 8714 8700 8709 8732 8740 8724
9380 9425 9407 9382 9379 9379 9375 9375 9358 9329 9325 9315 9308 9301 9287 9269 9247 9220 9198 9189 9231 9294 9317 9326 9330 9327 9299 9227 9145 9087 9044 9008 8972 8945 8961 8971 8974 8976 8988 9022 9071 9156 9257 9330 9345 9354 9245 9172 9107 9058 9052 9098 9173 9156 8948 8910 8966 9076 9271 9256 9199 9202 9218 9172 9099 9045 8997 8954 9021 9087 9051 8984 8937 8916 8887 8847 8801 8751 8718 8712 8718 8762 8759 8749
9391 9395 9395 9397 9395 9384 9371 9369 9370 9341 9323 9315 9308 9305 9297 9282 9264 9250 9238 9244 9294 9321 9325 9324 9324 9327 9299 9230 9153 9097 9065 9037 9005 8989 8990 8992 8993 8995 9013 9074 9167 9259 9312 9337 9325 9260 9222 9209 8951 8867 8866 8868 8823 8711 8556 8666 8767 8864 8952 9031 9081 9158 9228 9215 9161 9100 9091 9081 9074 9079 9063 9036 8899 8962 8926 8876 8821 8770 8739 8734 8730 8748 8786 8779
9247 9351 9395 9398 9400 9390 9375 9376 9370 9338 9330 9321 9307 9310 9302 9293 9286 9278 9277 9285 9318 9332 9314 9291 9341 9337 9299 9238 9161 9113 9101 9085 9060 9037 9038 9032 9026 9027 9042 9124 9232 9350 9413 9362 9306 9253 9208 8942 8740 8675 8658 8636 8576 8497 8467 8521 8580 8628 8640 8723 8886 9058 9231 9294 9256 9264 9208 9154 9091 9033 9040 9014 8913 8952 8927 8880 8837 8791 8748 8728 8717 8702 8771 8785
9296 9326 9369 9382 9392 9397 9387 9388 9383 9359 9350 9330 9322 9301 9298 9302 9301 9300 9304 9313 9324 9332 9309 9257 9340 9338 9313 9264 9211 9171 9157 9137 9125 9114 9086 9077 9074 9078 9110 9183 9279 9362 9386 9315 9223 9135 8948 8720 8612 8527 8478 8440 8429 8441 8479 8429 8443 8450 8451 8525 8678 8876 9116 9388 9390 9395 9270 9189 9118 9040 9024 8969 8938 8918 8899 8873 8848 8814 8774 8731 8710 8723 8749 8769
9344 9329 9346 9382 9411 9412 9398 9397 9396 9374 9345 9332 9305 9298 9311 9316 9316 9319 9323 9328 9326 9331 9326 9332 9336 9323 9313 9301 9294 9285 9214 9158 9126 9122 9113 9117 9132 9148 9178 9252 9335 9408 9351 9222 9079 8926 8755 8610 8496 8410 8324 8270 8223 8195 8272 8322 8326 8325 8320 8341 8488 8642 8801 8976 9109 9272 9245 9195 9145 9123 9031 8949 8912 8899 8882 8876 8866 8850 8805 8753 8742 8741 8747 8759
9354 9345 9357 9394 9410 9425 9411 9406 9400 9380 9364 9346 9308 9304 9315 9324 9329 9334 9339 9343 9345 9340 9333 9337 9348 9329 9323 9333 9342 9326 9254 9162 9083 9103 9136 9168 9195 9232 9277 9324 9385 9407 9289 9098 8909 8744 8610 8512 8348 8232 8182 8143 8092 8097 8160 8212 8228 8232 8229 8257 8330 8426 8484 8583 8702 8934 9106 9135 9123 9103 9032 8956 8918 8903 8884 8891 8891 8887 8863 8785 8766 8755 8753 8755
9367 9367 9392 9399 9408 9429 9417 9407 9400 9385 9364 9343 9334 9322 9318 9326 9340 9350 9353 9354 9355 9346 9335 9340 9346 9320 9329 9345 9356 9348 9288 9196 9052 9134 9188 9230 9261 9295 9334 9378 9416 9416 9194 8943 8730 8581 8473 8321 8180 8071 8070 8060 8049 8042 8064 8107 8150 8165 8162 8149 8211 8276 8303 8316 8398 8579 8880 9028 9064 9048 8998 8944 8925 8936 8918 8913 8911 8904 8866 8793 8775 8767 8763 8765
9376 9375 9370 9366 9396 9417 9409 9406 9404 9395 9380 9381 9362 9341 9338 9350 9360 9363 9363 9359 9352 9339 9335 9336 9334 9332 9340 9354 9363 9359 9329 9302 9311 9261 9270 9289 9312 9322 9346 9378 9397 9349 8979 8768 8602 8407 8237 8150 8083 8028 8021 8029 8037 8048 8056 8078 8109 8129 8132 8127 8169 8228 8281 8317 8367 8517 8777 8942 9028 9047 9020 8948 8924 8935 8935 8929 8925 8919 8885 8821 8799 8799 8803 8784
9389 9381 9372 9365 9374 9380 9390 9423 9404 9403 9424 9421 9372 9358 9366 9392 9385 9378 9371 9364 9353 9344 9341 9340 9339 9347 9355 9358 9360 9363 9355 9351 9345 9347 9350 9376 9378 9342 9351 9361 9332 9212 8804 8596 8452 8264 8155 8098 8047 8021 8010 8020 8030 8044 8057 8076 8109 8131 8137 8132 8160 8208 8270 8278 8308 8488 8708 8904 9049 9105 9051 8975 8937 8942 8937 8934 8929 8922 8899 8863 8831 8804 8804 8799
9405 9396 9388 9382 9380 9360 9357 9362 9352 9376 9409 9406 9376 9376 9390 9417 9399 9388 9379 9371 9365 9359 9349 9348 9353 9371 9370 9369 9368 9363 9363 9363 9354 9389 9420 9456 9479 9460 9415 9347 9241 9050 8659 8475 8318 8211 8122 8065 8029 8013 8009 8018 8032 8043 8065 8086 8165 8179 8169 8154 8163 8181 8186 8189 8279 8416 8644 8903 9129 9282 9231 9045 8958 8942 8933 8928 8926 8925 8913 8895 8862 8826 8821 8815
9429 9410 9399 9388 9348 9333 9325 9329 9323 9336 9339 9347 9364 9395 9427 9408 9402 9394 9386 9379 9372 9371 9367 9359 9370 9376 9380 9381 9379 9377 9382 9388 9388 9418 9459 9504 9547 9572 9463 9322 9156 8878 8539 8468 8421 8243 8083 8031 8016 8015 8012 8017 8027 8053 8129 8270 8283 8247 8205 8169 8162 8164 8162 8168 8252 8331 8585 8897 9207 9426 9467 9254 9051 8962 8926 8921 8921 8922 8917 8910 8880 8853 8849 8837
9426 9406 9389 9372 9341 9316 9313 9306 9312 9321 9321 9348 9370 9402 9430 9416 9403 9393 9386 9381 9380 9378 9360 9359 9373 9378 9393 9393 9393 9402 9410 9411 9406 9426 9460 9508 9545 9531 9423 9274 9127 8909 8564 8486 8448 8209 8046 8006 8002 8010 8018 8027 8044 8107 8218 8380 8367 8292 8227 8174 8151 8151 8145 8156 8213 8318 8505 8860 9233 9478 9290 9209 9084 9004 8930 8931 8926 8911 8911 8915 8899 8877 8876 8859
9406 9390 9366 9340 9325 9342 9335 9322 9326 9328 9320 9321 9358 9390 9409 9408 9400 9391 9384 9379 9374 9365 9362 9362 9365 9404 9404 9395 9395 9401 9406 9393 9393 9415 9440 9482 9508 9481 9335 9185 9047 8893 8637 8487 8346 8164 8039 8005 8006 8016 8036 8072 8131 8182 8254 8373 8348 8275 8216 8169 8146 8140 8138 8139 8245 8398 8503 8820 9195 9334 9274 9209 9097 9050 9014 8982 8948 8920 8910 8909 8908 8907 8893 8870
9385 9379 9366 9354 9344 9363 9351 9345 9350 9343 9345 9318 9338 9380 9409 9411 9397 9385 9378 9375 9373 9370 9363 9358 9355 9358 9377 9379 9382 9382 9372 9375 9373 9407 9421 9431 9415 9351 9237 9070 8873 8738 8666 8502 8310 8136 8049 8018 8012 8023 8053 8127 8198 8230 8255 8266 8237 8201 8174 8145 8126 8127 8127 8130 8199 8349 8521 8814 9174 9332 9259 9162 9085 9062 9068 9034 8980 8930 8916 8901 8908 8935 8895 8860
9377 9375 9374 9375 9376 9366 9358 9357 9350 9352 9363 9337 9346 9380 9409 9400 9381 9377 9372 9373 9367 9367 9347 9319 9327 9338 9344 9358 9369 9379 9389 9363 9355 9385 9397 9384 9341 9263 9147 8996 8829 8748 8741 8541 8282 8164 8078 8039 8032 8036 8064 8111 8234 8242 8233 8144 8109 8123 8127 8124 8119 8121 8128 8135 8192 8311 8494 8812 9172 9282 9139 9031 9040 9035 9030 9041 9021 8991 8944 8911 8903 8918 8883 8865
9385 9379 9379 9386 9391 9376 9375 9373 9368 9362 9370 9379 9372 9385 9391 9380 9366 9362 9359 9357 9359 9352 9330 9308 9309 9339 9327 9340 9355 9370 9390 9354 9335 9369 9375 9358 9300 9223 9122 8987 8834 8784 8775 8595 8291 8137 8087 8054 8043 8048 8067 8114 8178 8218 8214 8102 8061 8091 8103 8106 8107 8119 8126 8132 8200 8313 8530 8858 9207 9223 9089 9014 9002 9003 9009 9038 9043 9025 8974 8930 8903 8889 8863 8862
9382 9373 9375 9379 9382 9387 9385 9377 9373 9375 9373 9363 9399 9393 9379 9362 9357 9355 9354 9350 9343 9330 9322 9301 9304 9311 9314 9322 9339 9350 9331 9311 9325 9366 9383 9382 9330 9261 9150 9029 8924 8841 8778 8589 8298 8122 8090 8076 8071 8064 8068 8098 8165 8186 8180 8133 8118 8110 8110 8106 8108 8117 8121 8120 8220 8352 8629 8951 9251 9306 9116 8976 8998 8988 8980 9018 9037 9024 8982 8938 8906 8890 8856 8845
9370 9365 9369 9364 9353 9364 9361 9364 9363 9358 9370 9379 9403 9400 9386 9370 9354 9356 9354 9347 9334 9318 9308 9299 9291 9299 9290 9309 9331 9345 9348 9330 9354 9378 9404 9425 9437 9349 9231 9106 8971 8880 8786 8655 8350 8216 8151 8118 8101 8084 8072 8084 8122 8155 8179 8184 8178 8142 8122 8106 8100 8099 8114 8123 8265 8481 8808 9112 9259 9273 9131 9091 9040 9000 8970 8991 9021 9010 8972 8936 8909 8895 8879 8886
9389 9386 9377 9369 9376 9375 9364 9358 9343 9335 9358 9378 9403 9407 9403 9392 9385 9375 9362 9349 9334 9317 9302 9297 9290 9284 9281 9303 9325 9345 9363 9363 9358 9394 9409 9429 9416 9397 9323 9215 9035 8941 8781 8611 8404 8257 8220 8187 8146 8110 8083 8084 8104 8126 8137 8143 8153 8141 8128 8112 8098 8099 8115 8130 8378 8770 8942 9128 9193 9227 9128 9122 9057 9007 8990 9002 8981 8973 8955 8931 8910 8906 8905 8936
9394 9398 9389 9384 9384 9375 9364 9366 9359 9366 9360 9381 9409 9416 9416 9413 9423 9395 9372 9355 9341 9329 9310 9303 9298 9298 9298 9315 9332 9345 9360 9368 9370 9386 9396 9419 9429 9430 9422 9413 9315 9084 8857 8660 8570 8421 8334 8267 8199 8141 8094 8089 8100 8110 8115 8120 8130 8131 8128 8119 8111 8114 8127 8210 8548 8816 8924 9022 9200 9220 9253 9092 9030 8991 8976 8971 8949 8948 8946 8933 8909 8917 8939 8956
9391 9400 9396 9392 9396 9388 9379 9382 9378 9375 9391 9394 9420 9419 9421 9422 9412 9392 9375 9360 9348 9337 9331 9315 9309 9308 9322 9331 9334 9340 9340 9348 9366 9368 9377 9393 9417 9439 9472 9522 9481 9208 8975 8860 8749 8643 8479 8361 8260 8176 8109 8096 8104 8111 8114 8116 8117 8126 8128 8125 8125 8129 8178 8358 8656 8814 8851 8973 9121 9160 9149 9051 8981 8952 8937 8940 8932 8934 8950 8960 8948 8922 8923 8947
9392 9404 9400 9390 9386 9382 9404 9399 9395 9395 9390 9394 9403 9413 9417 9414 9397 9384 9373 9363 9353 9343 9332 9322 9321 9325 9333 9341 9343 9341 9343 9358 9358 9362 9361 9351 9355 9409 9439 9449 9390 9244 9040 8907 8864 8717 8576 8444 8325 8218 8133 8116 8126 8135 8131 8113 8125 8130 8136 8136 8130 8135 8270 8490 8692 8721 8783 8923 9001 9051 9022 8949 8902 8910 8915 8918 8913 8931 8956 8982 8974 8927 8950 8953
9403 9410 9404 9394 9388 9395 9390 9397 9400 9398 9388 9391 9400 9415 9419 9414 9397 9383 9375 9364 9354 9346 9341 9358 9343 9343 9349 9351 9352 9352 9342 9349 9358 9363 9362 9357 9356 9378 9383 9370 9350 9293 9171 8995 8876 8777 8669 8537 8402 8269 8167 8152 8167 8183 8183 8141 8148 8145 8163 8173 8161 8207 8444 8640 8657 8701 8829 8947 9070 9071 9033 8947 8898 8892 8905 8916 8903 8926 8949 8968 8955 8922 8920 8909
9414 9416 9409 9398 9391 9391 9384 9391 9399 9399 9401 9404 9420 9417 9424 9430 9422 9404 9383 9371 9360 9353 9351 9377 9356 9357 9360 9354 9361 9364 9366 9357 9374 9371 9367 9364 9353 9349 9342 9329 9348 9368 9339 9148 8981 8886 8764 8630 8491 8338 8220 8199 8229 8258 8281 8330 8245 8213 8243 8265 8282 8396 8560 8667 8685 8779 8926 9103 9176 9116 9019 8940 8883 8898 8908 8913 8913 8928 8942 8937 8906 8844 8857 8860
9425 9423 9417 9410 9404 9398 9388 9392 9400 9395 9400 9412 9416 9418 9428 9434 9423 9399 9388 9378 9369 9365 9365 9378 9372 9363 9371 9372 9369 9372 9392 9410 9393 9375 9368 9367 9348 9323 9315 9319 9354 9413 9494 9266 9074 9005 8889 8760 8619 8461 8314 8309 8334 8360 8373 8364 8337 8328 8374 8422 8454 8511 8651 8726 8769 8877 9032 9324 9321 9048 8957 8945 8928 8925 8925 8919 8924 8940 8948 8941 8905 8871 8858 8865
9430 9428 9420 9412 9410 9403 9392 9403 9412 9413 9417 9416 9421 9422 9430 9433 9423 9403 9395 9385 9378 9373 9370 9359 9343 9359 9378 9374 9372 9361 9358 9385 9377 9363 9356 9355 9326 9302 9287 9295 9324 9384 9447 9437 9212 9120 9020 8899 8781 8662 8576 8508 8489 8495 8479 8435 8394 8447 8530 8613 8697 8773 8825 8908 8962 9098 9295 9394 9189 8985 8952 8967 8980 8967 8950 8944 8956 8954 8960 8954 8920 8875 8859 8865
9426 9421 9417 9409 9414 9408 9410 9424 9419 9416 9413 9414 9414 9426 9430 9434 9430 9411 9401 9395 9391 9383 9368 9358 9354 9361 9364 9381 9383 9373 9361 9343 9337 9344 9330 9308 9302 9285 9260 9235 9276 9314 9375 9528 9536 9296 9156 9047 8952 8863 8765 8689 8693 8678 8648 8580 8517 8585 8685 8797 8922 8901 9032 9145 9191 9267 9339 9152 8971 8936 8931 8960 8978 8972 8959 8954 8947 8950 8966 8968 8926 8872 8857 8879
9414 9422 9423 9428 9421 9444 9438 9424 9421 9418 9411 9413 9418 9423 9426 9428 9429 9420 9407 9398 9391 9386 9381 9371 9383 9385 9385 9385 9393 9403 9386 9358 9349 9350 9335 9296 9298 9283 9262 9252 9242 9247 9299 9397 9408 9332 9232 9159 9115 9062 8969 8942 8914 8887 8868 8847 8804 8730 8855 8963 9014 9128 9214 9251 9304 9184 9036 8928 8869 8876 8904 8937 8957 8959 8951 8929 8915 8938 8959 8958 8921 8867 8847 8857
9438 9429 9426 9422 9412 9440 9431 9419 9421 9420 9413 9418 9423 9424 9420 9419 9412 9409 9404 9399 9394 9393 9390 9395 9407 9401 9386 9381 9400 9413 9408 9389 9379 9377 9383 9380 9327 9291 9256 9229 9215 9214 9241 9298 9291 9288 9274 9264 9262 9243 9204 9141 9100 9074 9079 9142 9234 9125 9083 9097 9184 9098 9032 9034 9034 9006 8881 8895 8876 8876 8907 8930 8944 8950 8950 8946 8930 8941 8953 8958 8913 8876 8862 8872
9445 9435 9431 9437 9446 9432 9445 9428 9418 9416 9417 9424 9432 9425 9418 9417 9414 9407 9403 9402 9402 9403 9407 9411 9414 9406 9384 9393 9416 9419 9418 9403 9392 9394 9403 9394 9342 9298 9262 9230 9199 9170 9182 9213 9196 9201 9248 9302 9372 9444 9409 9337 9305 9213 9206 9257 9273 9269 9180 9097 9044 9027 8988 9003 8988 8952 8912 8943 8934 8918 8934 8943 8948 8952 8957 8952 8962 8955 8945 8930 8898 8873 8858 8850
9447 9439 9431 9431 9443 9442 9442 9434 9425 9421 9422 9431 9439 9440 9426 9419 9415 9404 9401 9405 9407 9412 9411 9428 9414 9400 9396 9419 9430 9425 9417 9411 9394 9403 9382 9362 9339 9302 9267 9237 9208 9175 9165 9173 9165 9144 9208 9291 9391 9530 9465 9342 9259 9229 9218 9235 9252 9192 9109 9093 9100 9081 9044 9030 9009 8969 8954 8999 8970 8979 8973 8967 8962 8966 8981 9002 9020 8978 8928 8894 8878 8857 8838 8836
9452 9446 9440 9436 9434 9439 9432 9432 9432 9433 9439 9445 9443 9437 9434 9423 9406 9399 9403 9413 9417 9418 9422 9422 9410 9396 9413 9432 9431 9412 9414 9417 9432 9414 9409 9378 9339 9301 9269 9252 9241 9229 9206 9181 9135 9117 9174 9248 9310 9305 9263 9252 9219 9189 9167 9166 9185 9117 9072 9098 9128 9078 9045 9033 9017 9005 8992 8995 8972 9007 9001 8988 8982 8989 8998 9016 9053 8975 8927 8893 8869 8853 8842 8838
9464 9457 9451 9444 9439 9445 9442 9446 9447 9446 9452 9453 9449 9448 9444 9431 9421 9418 9423 9428 9426 9425 9423 9434 9427 9414 9435 9454 9428 9408 9406 9408 9398 9398 9389 9371 9341 9308 9266 9271 9285 9262 9252 9214 9156 9117 9154 9205 9245 9238 9188 9172 9168 9102 9075 9058 9022 9028 9065 9067 9065 9050 9045 9045 9037 9030 9037 9014 9006 9023 9014 8998 8988 8983 9008 9018 8995 8923 8887 8873 8863 8852 8846 8848
9474 9465 9457 9452 9450 9458 9455 9457 9457 9451 9449 9449 9452 9458 9441 9437 9440 9450 9460 9442 9436 9437 9433 9425 9420 9440 9444 9442 9414 9399 9402 9403 9399 9389 9374 9367 9353 9337 9312 9306 9314 9354 9299 9226 9168 9131 9143 9177 9208 9211 9150 9080 8992 8990 8993 8977 8947 8960 9061 9036 9028 9051 9062 9059 9043 9039 9033 9036 9030 9029 9012 8995 8982 8983 8994 8985 8932 8887 8889 8874 8865 8858 8859 8855
9474 9472 9468 9468 9464 9472 9481 9473 9457 9452 9451 9450 9447 9446 9438 9433 9437 9445 9442 9430 9433 9437 9429 9417 9410 9424 9437 9447 9414 9410 9407 9403 9399 9391 9385 9373 9363 9360 9354 9325 9292 9278 9357 9246 9180 9139 9134 9156 9178 9163 9106 9042 8969 8946 8945 8936 8930 8939 8977 8989 9029 9027 9037 9024 9029 9032 9042 9051 8984 9006 9000 8987 8975 8970 8958 8946 8919 8905 8881 8875 8876 8874 8869 8879
9476 9481 9485 9472 9472 9480 9485 9488 9462 9455 9451 9451 9437 9423 9422 9418 9415 9407 9399 9410 9420 9428 9423 9416 9408 9406 9424 9441 9439 9428 9426 9416 9403 9397 9398 9382 9370 9359 9345 9330 9313 9315 9339 9329 9229 9145 9131 9149 9161 9155 9108 9044 8985 8951 8938 8930 8926 8930 8924 8936 8981 9010 9025 9028 9003 8998 9007 8979 8989 8985 8980 8970 8962 8960 8959 8946 8928 8917 8886 8888 8893 8896 8901 8917
