real_craters/C132-300m.grd
DSAA
275 275
-41.0375 41.0375
-41.0375 41.0375
8000.5524752499 9880.6121375596
[rows 120 to 149 of 275, columns 134 to 200 of 275]
8049.73 8054.26 8058.25 8064.77 8072.82 8082.95 8095.69 8108.69 8118.85 8126.51 8131.8 8133.11 8132.76 8131.93 8127.23 8132.42 8146.48 8163.67 8184.16 8205.03 8228.43 8254.3 8282.2 8302.85 8306.08 8329.53 8353.29 8349.75 8391.59 8469.65 8561.33 8656.91 8733.73 8810.54 8884.56 8948.33 8998.47 9037.8 9063.83 9083.79 9085.69 9071.86 9038.25 9009.4 8979.7 8952.56 8936.33 8933.25 8937.48 8945.88 8961.04 8947.51 8939.65 8936.65 8934.43 8932.38 8929.35 8928.3 8926.79 8924.47 8919.83 8911.04 8898.07 8880.2 8862 8846.43 8833.83
8051.05 8055.72 8058.98 8066.29 8073.65 8086.84 8103.13 8117.22 8128.58 8135.13 8140.37 8140.58 8140.47 8139.36 8136.31 8138.99 8147.92 8162.18 8179.24 8197.33 8217.05 8239.17 8266.77 8285.54 8260.7 8270.3 8286.45 8295.57 8347.92 8439.71 8539.05 8635.17 8704.99 8790.44 8872.91 8947.16 9010.06 9057.71 9096.73 9118.21 9110.87 9087.97 9062.14 9035.08 8998.03 8964.34 8946.62 8937.97 8937.3 8938.98 8933.54 8934.97 8935.23 8934.6 8934.15 8930.71 8929.69 8928.94 8927.88 8925.18 8919.99 8909.48 8901.59 8889.49 8876.22 8862.99 8849.51
8050.5 8056.24 8060.06 8066.83 8073.64 8094.12 8117.35 8135.87 8147.83 8152.44 8155.5 8153.5 8151.89 8149.44 8144.82 8145.74 8149.71 8161.83 8175.09 8188.49 8201.96 8213.72 8220.76 8219.76 8205.28 8216.32 8239.26 8272.88 8333.11 8414.59 8504.15 8589.85 8675.68 8772.75 8862.1 8949.14 9024.88 9090.8 9140.09 9172.23 9169.1 9136.05 9117.09 9083.13 9028.05 8972.82 8950.67 8941.78 8939.09 8936.84 8929.77 8927.78 8931.08 8931.99 8931.54 8930.3 8929.56 8928.81 8927.32 8925.52 8922.77 8918.6 8907.96 8898.31 8888.34 8877.58 8863.79
8050.43 8059.18 8065.01 8069.68 8075.8 8111.68 8143.04 8163.15 8173.16 8175.24 8172.87 8169.53 8165.51 8160.94 8153.36 8150.42 8153.81 8164.23 8172.72 8180.6 8187.39 8190.91 8187.92 8183.17 8186.71 8203.64 8236.59 8282.69 8337.35 8394.24 8464.34 8541.85 8657.73 8763.21 8862.78 8956.86 9046.74 9127.99 9197.37 9248.26 9275.54 9238.94 9208.06 9160.72 9079.76 8994.33 8962.36 8954.63 8946.88 8943.92 8936.17 8932.55 8932.26 8931.14 8929.25 8928.04 8926.85 8926.5 8926.2 8925.54 8923.27 8918.33 8912.86 8905.79 8898.04 8888.45 8875.81
8052.47 8066.28 8081.55 8093.35 8105.89 8156.45 8186.31 8201.42 8206 8203.77 8196.22 8187.23 8179.7 8172.25 8162.8 8160.9 8165.53 8167.05 8169.96 8173.2 8175.61 8176.06 8174.47 8171.48 8175.52 8198.84 8237.04 8293.43 8334.78 8370.41 8424.37 8500.26 8642.2 8753.2 8860.29 8967.74 9070.57 9166.38 9251.25 9324.26 9378.59 9377.6 9345.49 9266.19 9161.36 9051.6 8996.33 8979.44 8963.81 8951.21 8944.86 8941.86 8934.94 8928.26 8926.15 8924.43 8924.39 8924.42 8924.84 8925.25 8925.08 8921.86 8916.82 8911.26 8905.64 8900.03 8885.76
8057.29 8077.49 8113.6 8151.58 8196.01 8231.87 8245.34 8248.22 8242.76 8232.94 8221.82 8206.41 8194.48 8183.18 8169.12 8163.63 8163.1 8165.46 8166.18 8167.18 8167.61 8167.68 8166.45 8162.44 8164.92 8190.63 8224.36 8258.75 8303.55 8338.68 8384.32 8467.14 8621.18 8737.89 8853.75 8969.59 9085.58 9195.17 9295.52 9377.11 9431.38 9471.22 9450.14 9363.72 9246.45 9136.37 9066.62 9021.13 8987.43 8964.97 8947.37 8936.38 8930.8 8922.24 8923.53 8922.36 8922.7 8922.99 8923.28 8924.19 8925.82 8923.37 8918.49 8914.15 8910.14 8903.38 8892.9
8073.49 8102.74 8156.37 8219.09 8287.97 8312.21 8306.78 8294.76 8278.74 8261.19 8243.68 8223.93 8207.38 8192.11 8174.23 8164 8159.05 8161.41 8162.01 8162.03 8161.64 8160.92 8159.41 8155.06 8157.98 8183.57 8216.63 8251.39 8280.73 8309.57 8346.31 8422.98 8583.51 8711.3 8838.06 8968.24 9097.47 9221.14 9329.79 9412.17 9438.09 9391.84 9455.71 9407.11 9320.96 9239.92 9134.31 9061.12 9014.35 8982.84 8954.98 8933.61 8923.6 8915.21 8920.72 8920.82 8921.18 8920.94 8920.6 8920.42 8920.58 8919.37 8916.77 8914.28 8911.73 8911.39 8899.3
8099.38 8138.76 8198.09 8269.28 8342.72 8371.7 8355.41 8333.26 8308.89 8284.06 8260.95 8238.18 8216.29 8197.97 8176.98 8165.08 8157.71 8157.54 8157.42 8156.81 8155.85 8154.99 8154.17 8150.11 8155.13 8177.26 8207.33 8234.59 8266.47 8294.36 8323.99 8396.46 8545.78 8683.47 8820.54 8961.62 9102.83 9237.29 9354.57 9434.46 9427.07 9344.21 9381.83 9365.3 9306.88 9233.02 9145.94 9080.99 9033.68 9001.01 8966.95 8935.6 8917.96 8919.56 8921.37 8922.66 8922.63 8921.49 8919.22 8915.89 8911.73 8912.97 8913.88 8913.05 8910.34 8900.18 8891.64
8127.9 8170.12 8229.72 8299.3 8360.8 8397.02 8384.3 8357.17 8327.97 8297.83 8270.89 8245.65 8221.27 8200.97 8178.4 8164.78 8155.12 8151.04 8153.52 8152.06 8150.54 8148.64 8146.62 8145.6 8151.55 8169.62 8194.88 8220.2 8262.1 8299.71 8334.03 8399.63 8518.65 8655.6 8800.7 8950.9 9100.57 9242.93 9370.33 9459.2 9421.56 9311.76 9299 9292.29 9255.25 9167.72 9122.46 9083.69 9050.51 9016.33 8984.54 8952.58 8926.65 8925.52 8928.39 8929.61 8928.33 8925.23 8920.51 8914.33 8909.31 8909.82 8911.58 8912.38 8912.73 8913.83 8913.28
8155.87 8194.46 8250.54 8317.98 8385.88 8414.49 8395.05 8363.93 8332.96 8300.37 8272.62 8246.89 8221.88 8199.61 8177.81 8163.92 8154.73 8149.72 8150.22 8148.22 8146.23 8143.92 8141.6 8142.74 8148.41 8161.97 8188.56 8233 8282.25 8326.65 8371.84 8428.46 8508.98 8631.03 8779.19 8935.48 9089.3 9235.1 9362.5 9454.53 9393.18 9276.65 9269.48 9274.42 9256.2 9152.21 9113.67 9088.32 9060.19 9032.79 9007.06 8983.49 8943.83 8941.62 8942.98 8941.95 8937.76 8931.56 8924.38 8916.89 8909.46 8909.9 8910.77 8912.05 8914.27 8918.19 8917.5
8182.27 8214.21 8262.03 8321.4 8377.17 8405.64 8387.37 8357.42 8322.82 8291.13 8265.71 8241.59 8218.62 8195.57 8174.48 8160.92 8151.88 8148.15 8146.77 8144.27 8142.48 8141.31 8139.77 8138.06 8141.01 8151.94 8179.19 8256.21 8314.82 8357.94 8412.09 8456.63 8501.02 8610.82 8760.87 8919.69 9073.91 9215.46 9329.87 9390.62 9325.76 9254.86 9267.79 9282.63 9254.94 9162.38 9120.4 9092.04 9068.03 9048.36 9029.91 9011.75 8980.72 8968.19 8966.92 8960.22 8951.15 8940.97 8930.69 8922.48 8917.52 8911.88 8910.67 8910.81 8911.91 8913.63 8914.03
8205.87 8231.28 8267.52 8312.59 8353.21 8374.99 8358.81 8332.01 8302.09 8274.67 8248.74 8228.65 8208.17 8187.63 8168.68 8154.82 8145.1 8143.38 8141.59 8139.39 8137.91 8137.67 8136.75 8133.77 8134.56 8141.05 8161.05 8242.28 8298.27 8369.44 8451.18 8486.86 8510.86 8604.99 8751.64 8909.88 9061.78 9197.85 9299.12 9340.56 9291.42 9258.28 9276.15 9302.95 9263.84 9187.63 9133.67 9100.45 9077.93 9060.39 9049.32 9047.97 9028.77 9007.56 8997.19 8982.55 8967.4 8952.28 8937.6 8925.22 8916.65 8912.52 8910.12 8908.8 8907.98 8906.69 8906.49
8225.09 8246.69 8271.98 8295.28 8317.37 8327.06 8315.14 8293.35 8268.41 8245.84 8227.61 8208.55 8193.08 8175.45 8160.27 8147.7 8138.06 8135.36 8134.56 8133.38 8132.45 8132.02 8132.54 8134.56 8131.76 8134.92 8152.06 8211.36 8267.82 8357.17 8455.58 8496.06 8526.07 8612.9 8750.74 8902.7 9053.27 9187.44 9289.39 9338.32 9295.97 9269.27 9269.93 9268.25 9249.81 9179.8 9130.22 9098.57 9078.68 9064.88 9061.82 9067.14 9071.48 9050.39 9026.93 9004.5 8983.93 8964.53 8945.47 8928.09 8917.35 8913.83 8910.68 8907.87 8904.87 8900.89 8898.84
8235.9 8250.7 8265.46 8267.47 8274.54 8277.51 8262.44 8244.76 8225.9 8212.5 8201.04 8186.93 8175.34 8161.24 8149.74 8140.05 8131.12 8127.6 8127.81 8127.86 8127.57 8127.21 8128.1 8130.12 8129.75 8134.07 8151.91 8206.17 8258.03 8327.4 8407.95 8470.29 8529.51 8622.62 8753.03 8900.09 9047.52 9181.64 9288.76 9341.58 9298.47 9274.11 9261.49 9253.36 9209.21 9143.69 9112.11 9088.54 9073.91 9065.99 9063.45 9065.39 9065.05 9070.72 9044.62 9020.5 8998.48 8977.44 8955.94 8935.55 8923.99 8919.49 8915.23 8910.47 8904.39 8898.68 8895.15
8239.52 8237.79 8228.98 8232 8226.06 8216.16 8203.91 8191.96 8184.56 8176.6 8171.8 8167.36 8158 8148.92 8140.83 8132.82 8124.67 8121.17 8122.84 8123.71 8123.86 8123.53 8125.01 8125.79 8129.18 8136.25 8154.99 8203.92 8246.75 8297.31 8358.37 8437.24 8518.7 8620.78 8751.89 8898.35 9044.7 9178.12 9283.34 9337.46 9317.76 9269.12 9235.73 9230.5 9174.37 9111.66 9087.87 9075.73 9066.56 9060.81 9058.24 9059.47 9069.45 9064.3 9047.76 9030.1 9011.54 8992.06 8970.72 8949.61 8937.57 8930.31 8923.1 8915.55 8907.47 8900.86 8899.06
8241.34 8235.66 8223.35 8207.73 8181.05 8152.04 8143.32 8142.83 8143.87 8141.9 8141.66 8143.12 8142.12 8136.99 8130.67 8125.97 8122.31 8120.86 8120.48 8121.43 8122.38 8123.28 8126.49 8129.55 8131.5 8139.95 8160.72 8196.14 8239.2 8287.1 8345.23 8420.94 8505.8 8608.63 8746.56 8899.51 9046.04 9177.12 9273.33 9311.7 9291.38 9236.12 9177.08 9114.43 9064.64 9063.36 9060.51 9054.93 9050.9 9047.36 9045.34 9044.01 9042.09 9041.99 9043.35 9035.05 9022.78 9008.49 8992.19 8968.32 8958.07 8946.83 8935.36 8923.53 8912.8 8904.06 8900.38
8241.48 8239.2 8230.76 8197.69 8149.58 8102.16 8093.6 8101.58 8111.31 8118.37 8120.37 8124.53 8126.88 8123.55 8120.62 8118.82 8119.06 8119.12 8119.49 8120.19 8122.36 8125.47 8128.77 8131.44 8133.26 8141.76 8160.99 8197.25 8240.54 8288.28 8348.62 8418.82 8502.32 8600.06 8747.83 8904.39 9052.88 9182.32 9275.46 9290.96 9245.37 9189.82 9123.44 9054.59 9025.01 9029.37 9033.41 9032.59 9031.85 9030.5 9031.47 9028.79 9027.36 9039.28 9041.73 9038.98 9032.24 9024.84 9017.97 9014.64 8987.59 8966.87 8949.13 8933.58 8919.61 8907.87 8898.85
8236.06 8237.78 8233.99 8193.01 8132.38 8083.47 8067.63 8076.21 8088.69 8099.1 8106.6 8109.14 8113.7 8112.31 8112.36 8112.48 8114.55 8114.85 8116.24 8118.6 8121.23 8124.13 8128.41 8130.58 8132.95 8142.29 8163.9 8200.76 8243.73 8287.46 8347.8 8423.58 8513.76 8621.51 8762.89 8918.07 9065.94 9192.66 9280.04 9266.45 9199.75 9154.3 9095.82 9043.14 9035 9021.18 9016.13 9014.04 9015.74 9015.86 9018.15 9017.59 9022.29 9036.37 9041.64 9041.36 9039.37 9036.66 9034.46 9029.82 9006.35 8982.9 8962.6 8944.26 8927.86 8914.14 8903.09
8224.58 8225.26 8220.1 8179.02 8119.25 8068.37 8051.46 8065.02 8078.88 8089.46 8097.78 8102.39 8103.9 8104.94 8106.1 8107.17 8109.84 8108.2 8112.58 8117.54 8121.49 8123.72 8126.11 8127.46 8130.54 8140.57 8164.9 8204.47 8249.14 8291.57 8350.59 8434.6 8533.38 8646.09 8786.58 8939.54 9085.69 9207.63 9278.81 9253.08 9191.95 9144.94 9085.97 9039.04 9018.77 9012.57 9005.99 9005.52 9004.71 9008.21 9006.19 9006.71 9012.93 9031.69 9037.62 9040.55 9041.96 9042.3 9040.87 9032.57 9015.06 8993.94 8972.68 8954.13 8936.58 8921.94 8910.65
8210.03 8205.57 8186.21 8153.86 8112.62 8068.3 8056.08 8070.55 8083.03 8091.48 8096.88 8100.77 8102.85 8104.54 8105.28 8106.47 8107.19 8104.73 8110.96 8117.83 8123.36 8125.71 8124.79 8124.2 8126.66 8137.61 8165.98 8209.49 8255.46 8307.21 8361.37 8454.36 8560.13 8677.17 8814.94 8966.17 9110.63 9233.08 9311.23 9289.85 9226.21 9159.44 9089.87 9031.97 9015.48 9000.72 8996.63 8997.16 8996.68 8997.71 8995.2 8994.17 8995.75 9007.8 9027.26 9035.95 9040.64 9043.43 9043.62 9037.3 9019.45 8999.57 8979.19 8960.59 8943.23 8928.69 8919.42
8196.9 8192.13 8177.26 8154.04 8123.01 8093.73 8094.74 8094.58 8098.16 8099.14 8103.82 8103.71 8103.91 8106.63 8106.01 8106.03 8107.5 8109.87 8114.11 8118.06 8123.11 8124.98 8125.01 8121.02 8121.89 8134.08 8168.25 8219.67 8274.82 8314.37 8381.82 8486.39 8598.08 8714.43 8848.63 8998.58 9136.01 9253.86 9342.13 9328.21 9260.65 9179.2 9101.21 9025.9 8989.04 8986.53 8991.59 8995.26 8995.06 8991.05 8988.46 8984.61 8983.18 8993.54 9020.64 9029.23 9035.73 9040.5 9040.97 9034.14 9018.97 9001.42 8982.38 8963.79 8946.66 8931.66 8920.77
8186 8184.57 8176.95 8163.68 8144.33 8126.88 8125.04 8124.63 8120.19 8115.26 8114.9 8110.42 8110.33 8108.72 8106.3 8105.39 8106.73 8107.33 8110.99 8114.62 8118.92 8120.41 8119.17 8116.13 8116.85 8128.83 8170.18 8229.26 8293.24 8335.19 8415.56 8531.93 8653.64 8775.95 8904.58 9041.56 9160.47 9256.46 9315.79 9322.5 9268.16 9189.47 9112.86 9044.54 8984.66 8987.14 8998.26 9001.33 8998.03 8992.24 8985.92 8980.12 8979.28 8994.81 9010.14 9018.92 9028.22 9035.09 9037.81 9031.24 9016.56 9000.2 8982.76 8964.7 8946.87 8930.67 8916.49
8175.83 8180.2 8180.04 8172.29 8169.69 8161.81 8166.85 8155.47 8142.72 8131.77 8125.15 8118.64 8113.52 8109.17 8107.66 8105.12 8103.98 8103.47 8103.91 8107.49 8110.81 8114.45 8115.36 8112.74 8114.93 8131 8178.19 8240.84 8301.21 8354.59 8463.91 8593.46 8723.95 8855.69 8983.19 9091.93 9185.3 9258.51 9300.83 9309.47 9260.87 9188.17 9109.29 9053.03 9023.65 9021.62 9021.41 9015.97 9007.96 8996.63 8987.1 8978.21 8971.45 8967.04 8982.64 9005.82 9019.85 9028.74 9029.85 9024.44 9011.16 8994.49 8978.56 8962.63 8946.08 8930.69 8914.95
8165.63 8173.78 8185.51 8207.35 8186.87 8181.1 8186.52 8172.59 8156.07 8143.04 8133.79 8126.05 8117.78 8113.22 8107.59 8103.95 8100.87 8100.75 8101.19 8100.45 8103.57 8110.55 8113.9 8111.25 8116.36 8140.56 8194.72 8265.26 8340.4 8414.75 8534.7 8667.34 8798.95 8932.96 9053.11 9140.7 9207.61 9263.15 9297.49 9297.14 9248.93 9185.46 9120.56 9059.12 9071.42 9072.63 9052.62 9035.02 9018.69 9004.4 8991.51 8979.81 8969.31 8963.55 8981.5 8999.88 9013.16 9023.12 9031.26 9020.49 9005.21 8989.59 8975.05 8959.83 8945.12 8930.58 8917.51
8153.38 8162.01 8170.21 8171.43 8175.61 8177.23 8179.13 8171.96 8159.11 8147.03 8138.35 8129.79 8122.57 8114.6 8109.05 8103.69 8100.17 8095.65 8090.14 8091.58 8097.65 8109.12 8113.01 8109.98 8117.3 8149.48 8216.66 8300.22 8391.78 8487.3 8617.62 8744.02 8869.32 8997.03 9122.17 9175.06 9214.65 9250.99 9273.1 9268.32 9230.31 9178.9 9135.96 9115.1 9108.57 9104.4 9074.9 9048.22 9028.36 9011.59 8996.42 8984.88 8976.47 8969.97 8987.25 8999.54 9006.84 9012.03 9015.81 9007.41 8994.68 8981.4 8968.91 8955.18 8943.13 8930.09 8920.51
8140.46 8146.67 8150.87 8153.82 8156.93 8162.32 8165.15 8161.84 8154.81 8146.68 8138.66 8130.3 8123.67 8119.64 8112.41 8106.42 8100.44 8094.1 8088.18 8090.35 8096.71 8111.09 8113.85 8109.42 8117.58 8159.11 8244.98 8345.3 8449.96 8583.07 8722.84 8826.12 8923.92 9027.93 9130.22 9174.47 9199.86 9220.54 9239.35 9239.16 9213.79 9168.09 9124.09 9123.79 9123.66 9110.97 9084 9056.43 9031.99 9013 8998.66 8988.49 8985.47 8987.85 8996.86 9000.5 8998.68 8995.09 8991.3 8987.94 8980.98 8972.08 8961.68 8950.41 8939.17 8927.91 8920.11
8128.42 8132.38 8133.44 8130.58 8136.27 8146.11 8151.49 8150.43 8146.97 8141.82 8135.99 8132.61 8126.82 8120.57 8115.21 8109.31 8103.07 8097.37 8093.51 8098.73 8105.49 8114.86 8114.76 8111.74 8121.18 8175.38 8285.06 8406.01 8527.11 8710.61 8848.34 8890.02 8952.68 9025.12 9095.45 9142.36 9172.83 9188.31 9225.99 9236.77 9211.56 9171.24 9132.58 9143.04 9130.46 9110.23 9084.92 9057.83 9035.24 9016.63 9002.66 8992.81 8989.92 8993.95 9004.83 8996.76 8988.55 8979.36 8967.45 8971.45 8968.22 8962.49 8954.64 8946.06 8936.28 8926.32 8916.7
8119.14 8121.67 8121.96 8120.92 8125.24 8133.6 8140.07 8140.94 8139.79 8137.32 8134.02 8131.01 8126.44 8121.79 8117.58 8112.31 8107.23 8103.03 8102.52 8107.24 8113.19 8117.84 8118.19 8122.14 8142.83 8214.37 8339.68 8480.34 8624.49 8774.21 8855.86 8906.07 8952.71 9001.83 9047.05 9099.34 9153.71 9190.89 9219.76 9230.69 9221.5 9200.03 9165.03 9152.39 9131.48 9114.04 9073.81 9048.67 9029.11 9012.75 8999.74 8992.08 8989.02 8990.53 8987.3 8980.92 8976.8 8972.78 8971.2 8961.75 8958.71 8955.3 8949.16 8943.1 8934.52 8925.51 8915.02
8113.62 8115.54 8116.03 8116.75 8119.84 8125.16 8130.56 8132.97 8132.07 8132.25 8131.29 8129.34 8126.86 8123.46 8119.86 8115.57 8111.68 8108.58 8107.53 8111.49 8115.08 8118.64 8125.74 8141.17 8175.67 8264.72 8398.93 8548.74 8702.09 8797.45 8852.69 8893.05 8934.43 8974.44 9010.61 9067.75 9146.35 9201.12 9200.64 9214.53 9230.36 9241.49 9234.59 9175.87 9122.04 9067.05 9049.84 9034.23 9016.16 9001.95 8990.38 8981.88 8979.02 8978.01 8973.54 8970.63 8965.19 8953.82 8947.93 8950.49 8950.53 8949.87 8946.16 8942.18 8936.58 8928.35 8918.41
8110.67 8112.37 8113.35 8114.48 8116.35 8119.5 8122.19 8122.76 8125.31 8128.12 8128.9 8128.01 8126.42 8123.68 8121.25 8118.95 8116.23 8114.79 8114.42 8116.35 8117.52 8121.48 8140.03 8169.16 8217 8318.71 8455.41 8598.95 8728.3 8799.77 8824.57 8869.97 8910.21 8950.8 8994.29 9057.55 9142.71 9196.66 9187.9 9199.92 9226.6 9245.81 9224.83 9160.4 9109.62 9064.42 9044.14 9022.4 9001.78 8986.28 8976.12 8969.35 8965.05 8963.89 8968.57 8969.06 8956.35 8946.05 8940.41 8940.96 8943.95 8946.12 8946.99 8944.75 8941.96 8936.27 8928.78
