real_craters/C132-500m.grd
DSAA
165 165
-41.0375 41.0375
-41.0375 41.0375
8002.2296526049 9881.0463234331
[rows 0 to 29 of 165, columns 0 to 66 of 165]
9412.24 9412.35 9270.25 9039.87 9024.82 9012.76 8966.28 8775.05 8676.73 8619.53 8595.47 8582.49 8575.03 8562.09 8576.05 8600.81 8626.8 8652.44 8704.55 8805.06 8925.72 9026.92 9123.68 9193.8 9314.08 9380.24 9393.31 9393.86 9371.9 9368.61 9341.52 9314.72 9286.95 9261 9232.98 9188.55 9167.2 9145.68 9118.14 9124.9 9103.5 9083.36 9064.14 9045.6 9028.59 9018.19 9029.91 9029.96 8998.22 8986.93 8981.98 8977.59 8971.7 8960.79 8950.91 8949.97 8950.04 8946.92 8941.85 8934.75 8923.79 8913.09 8902.51 8892.77 8884.57 8862.91 8838.31
9409.76 9334.12 9174.34 8985 8923.76 8910.74 8862.9 8733.82 8617.75 8566.02 8538.45 8520.97 8505.16 8515.23 8531.4 8547.25 8572.16 8602.78 8652.01 8736.66 8834.43 8936.9 9012.59 9089.05 9204.83 9359.08 9489.81 9451.87 9424.59 9400.12 9381.16 9351.34 9326.2 9289.4 9250.81 9212.77 9172.81 9140.69 9119.67 9095.67 9101.92 9080.26 9058.58 9035.74 9009.69 8977.26 8941.15 8934.28 8954.08 8963.43 8967.88 8968.12 8965.81 8960.76 8952.48 8953.72 8948.54 8947.03 8939.43 8932.72 8923.73 8914.73 8905.39 8895.99 8883.91 8865.47 8844.57
9417.52 9263.74 9072.59 8911.23 8816.58 8783.01 8744.71 8600.42 8529.71 8504.94 8487.33 8473.94 8469.99 8465.69 8476.23 8501.77 8535.34 8574.71 8619.41 8684.1 8761.53 8856.25 8968.76 8995.88 9088.48 9212.08 9392.48 9531.46 9518.39 9464.48 9438.79 9402.77 9357.71 9309.27 9258.85 9209.32 9164.55 9133.42 9104.11 9087.49 9097.96 9076.74 9054.94 9031.2 9002.43 8959.94 8879.02 8867.6 8925.36 8948.96 8959.67 8964.49 8966.67 8968.28 8973.43 8962.68 8951.61 8939.23 8937.57 8931 8921.47 8912.71 8904.88 8896.1 8888.07 8869.27 8841.15
9440.35 9203.4 8962.68 8791.16 8686.63 8608.88 8547.79 8496.25 8484.09 8460.41 8451.82 8441.33 8429.3 8426.54 8436.19 8472.15 8511.74 8560.2 8599.13 8632.89 8691.88 8777.84 8842.5 8898.02 9002.41 9099.95 9255.81 9439.79 9556.24 9537.88 9489.63 9442.73 9386.03 9323.02 9261.65 9200.89 9150.76 9114.95 9093.25 9110.65 9091.72 9072.42 9052.73 9032.4 9011.47 8992.37 8993 8954.01 8947.23 8954.77 8961.42 8965.78 8969.03 8972.42 8977.31 8969.11 8959.94 8951.18 8941.05 8931.79 8922.89 8914.6 8903.5 8892.78 8881.66 8863.91 8847.28
9445.45 9149.89 8862.45 8698.65 8603.68 8512.22 8471.02 8490.45 8435.69 8435.58 8437.82 8431.57 8418.22 8423.49 8439.18 8469.29 8496.49 8523.5 8556.63 8593.85 8647.09 8723.9 8802.06 8872.95 8950.54 9039.4 9188.23 9359.58 9519.01 9552.46 9542.47 9491.9 9420.93 9344.7 9265.37 9186.53 9121.71 9094.45 9074.28 9065.67 9084.8 9068.22 9051.6 9035.63 9022 9014.01 9006.82 8989.71 8972.59 8967.74 8968.16 8970.1 8971.56 8971.86 8967.76 8965.11 8960.92 8955.67 8946.07 8937.05 8925.61 8914.29 8903.12 8890.45 8875.12 8857.28 8849.22
9419.37 9097.32 8782.84 8655.07 8584.67 8524.96 8491.94 8482.64 8441.78 8438.85 8450.16 8456.37 8454.01 8465.77 8487.69 8498.95 8498.53 8498.89 8527.95 8573.83 8628.45 8689.68 8757.94 8818.07 8892.66 8997.93 9127.28 9326.5 9575.68 9630.6 9601.6 9535.55 9455.36 9366.2 9274.43 9180.93 9110.97 9082.49 9061.58 9048.58 9078.85 9065.08 9051.24 9038.06 9026.43 9015.93 9004.48 8995.71 8985.62 8978.83 8974.7 8973.83 8973.02 8972.22 8970.11 8966.48 8963.51 8956.91 8949.73 8938.43 8926.95 8914.83 8901.65 8888.2 8875.23 8866.41 8856.42
9356.99 9050.57 8750.89 8620.04 8568.73 8533.67 8502.49 8466.68 8453.46 8460.1 8487.83 8516.32 8530.07 8551.25 8573.24 8555.64 8518.32 8485.52 8515.44 8560.83 8610.49 8662.5 8710.36 8746.3 8809.91 8896.18 9063.63 9264.41 9509.98 9629.98 9628.2 9561.41 9474.89 9378.11 9278.27 9184.95 9112 9073.07 9047.71 9031.5 9067.15 9055.94 9045.09 9034.98 9025.63 9015.4 9004.37 9000.59 8997.01 8990.29 8985.01 8981.33 8977.78 8975.06 8971.32 8968.01 8970.65 8964.51 8953.48 8942.33 8930.14 8916.37 8902.16 8888.39 8876.72 8869.9 8863.82
9266.76 9021.77 8799.27 8647.43 8555.36 8522.62 8514.41 8495.79 8465.61 8488.5 8541.6 8600.41 8657.87 8694.88 8673.46 8624.65 8555.55 8509.02 8519.93 8557.27 8600.67 8646.94 8688.22 8726.29 8760.8 8891.47 9048.17 9193.19 9359.86 9567.67 9621.55 9562.2 9474.82 9379.55 9279.31 9180.83 9101.99 9062.67 9041.39 9029.77 9058.76 9049.86 9041.24 9033.06 9025.24 9017.29 9012.46 9006.58 9004.67 8999.18 8993.81 8988.64 8984.37 8980.16 8976.39 8973.72 8968.97 8964.31 8955.46 8943.5 8930.4 8916.29 8901.14 8887.1 8874.77 8873.5 8871.95
9176.98 8994.5 8839.86 8674.65 8537.19 8538.82 8505.78 8484.85 8474.48 8527.48 8602.22 8678.96 8753 8790.64 8762.51 8697.41 8603.01 8531.96 8540.57 8566.18 8600.83 8639.03 8679.35 8723.89 8781.07 8921.32 9039.16 9158.31 9269.68 9484.73 9580.59 9542.45 9465.2 9370.96 9272.35 9174.61 9089.27 9052.07 9035.43 9025.71 9052.11 9044.46 9036.72 9029.19 9022.18 9015.68 9010.8 9009.26 9004.69 8999.78 8994.84 8990.09 8985.61 8981.85 8979.9 8977.56 8977.92 8967.83 8957.39 8945.22 8931.72 8918.45 8905.26 8889.99 8874.38 8865.07 8858.2
9129.19 8958.9 8808.62 8671.45 8570.49 8505.76 8465.64 8446 8488.66 8576.57 8654.63 8737.12 8810.56 8844.47 8828.93 8757.88 8662.48 8594.12 8573.42 8581.61 8604.22 8635.45 8674.35 8722.66 8793.85 8912.52 9030.08 9167.9 9320.78 9450.48 9532.07 9509.5 9442.37 9356.94 9263.66 9172.18 9088.56 9046.99 9028.86 9020.33 9015.91 9038.07 9031.02 9024.53 9019.33 9017.55 9012.46 9011.66 9008.26 9004.11 8999.32 8994.56 8989.64 8985.15 8981.29 8978.8 8978.42 8971.07 8959.9 8948 8935.92 8924.53 8912.06 8898.87 8881.05 8867.71 8854.13
9094.14 8928.53 8774.32 8638.63 8566.79 8491.04 8432.59 8432.24 8497.5 8605.18 8682.78 8768.65 8860.81 8927.19 8884.85 8797.86 8699.67 8633.4 8603.83 8602.27 8610.48 8636 8667 8714.42 8756 8856.89 9011.89 9182.83 9337.65 9430.91 9496.67 9479.05 9420.13 9346.13 9259.68 9172.43 9087.94 9044.7 9028.27 9017.03 9013.57 9035.02 9028.73 9022.92 9019.71 9015.46 9017.22 9014.23 9010.66 9006.42 9002.63 8997.88 8992.97 8987.92 8982.75 8976.8 8973.38 8970.3 8961.3 8950.79 8939.63 8929.22 8919.78 8911.73 8906.2 8893.01 8882.93
9071.35 8910.47 8769.74 8644.13 8556.61 8471.31 8420.28 8449.42 8529.56 8600.68 8670.16 8752.26 8847.14 8933.08 8860.58 8760.34 8692.81 8641.12 8610.41 8603.39 8618.14 8629.72 8656.83 8693.19 8752.37 8881.15 9050.21 9204.24 9319.99 9399.44 9482.98 9452.99 9402.73 9332.96 9253.88 9172.29 9095.91 9050.49 9032.07 9021.26 9014.06 9035.49 9029.43 9023.28 9018.74 9018.77 9020.75 9016.61 9013.43 9009.52 9004.75 8999.96 8995.45 8989.67 8984.96 8979.87 8979.27 8972.87 8963.72 8953.68 8942.78 8933.11 8925.66 8921.29 8914.67 8911.9 8912.01
9070.21 8918.8 8794.27 8679.74 8569.11 8476.27 8406.57 8451.86 8499.36 8560.47 8612.75 8682.39 8752.47 8788.28 8758.74 8685.45 8639.71 8611.26 8593.55 8596.49 8614.85 8629.34 8656.85 8691.39 8765.57 8916.9 9123.52 9238.01 9316.46 9372.24 9413.79 9422.61 9385.51 9325.54 9251.21 9173.15 9102.02 9053.08 9031.86 9019.82 9016.45 9036.8 9031.48 9025.33 9019.13 9014.04 9018.65 9016.64 9012.79 9007.9 9002.63 8997.46 8992.86 8989.38 8987.95 8987.54 8984.97 8976.48 8965.94 8954.28 8941.1 8931.11 8924.07 8922.08 8924.05 8912.8 8904.4
9077.13 8948.63 8841.43 8733.53 8636.86 8488.71 8434.38 8458.98 8434.68 8468.65 8520.49 8581.3 8636.71 8670.06 8646.79 8602.79 8559.88 8555.31 8566.31 8584.29 8606.19 8632.56 8669.43 8718.73 8811.65 8928.49 9170.04 9257.65 9314.3 9368.07 9397.22 9414.79 9374.55 9310.74 9238.41 9162.48 9098.09 9051.8 9025.51 9017.09 9014.98 9037.34 9033.65 9029.21 9025.14 9018.83 9022.31 9020.63 9017 9012.07 9006.46 9000.91 8996.4 8992.54 8990.85 8991.89 8989.6 8978.91 8965.58 8952.69 8938.68 8926.96 8917.02 8909.37 8902.81 8897.23 8888.03
9137.19 9004.59 8906.89 8835.73 8739.94 8556.87 8502.11 8501.5 8415 8382.55 8428 8483.06 8521.36 8530.71 8512.13 8486.24 8482.59 8504.84 8535.54 8567.51 8603.56 8636.22 8679.95 8738.91 8805.56 8862.91 9108.67 9255.27 9323.53 9367.47 9492.48 9447.34 9374.28 9300.41 9224.98 9154.64 9089.21 9031.39 9023.09 9018.11 9016.19 9042.01 9040.04 9037.93 9038.61 9040.41 9032.34 9026.61 9020.35 9014.31 9007.76 8999.91 8993.86 8988.67 8986.41 8988.08 8993.18 8976.68 8962.51 8948.7 8935.17 8921.44 8907.45 8894.32 8886.48 8882.51 8874.49
9164.1 9054.69 8955.2 8865.1 8819.13 8699.1 8570.21 8522.03 8432.27 8369.63 8383.37 8421.08 8446.12 8440.54 8423.38 8410.02 8421.57 8468.64 8515.12 8562.68 8608.43 8649.97 8691.93 8733.14 8775.77 8876.73 9113.79 9287.86 9366.9 9411.96 9479.77 9432.13 9359.16 9287.97 9217.24 9151.44 9091.5 9052.89 9027.6 9022.76 9024.3 9025.66 9047.89 9047.61 9048.51 9043.99 9039.27 9030.31 9021.42 9012.61 9004.38 8996.72 8990.79 8984.19 8978.23 8969.5 8969.22 8968.02 8958.51 8945.83 8931.51 8916.2 8899.07 8882.62 8875.56 8874.62 8872.23
9208.25 9088.23 8987.12 8896.61 8850.57 8808.51 8644.61 8554.85 8483.21 8415.33 8387.65 8407.13 8424.51 8422.39 8409.95 8407.86 8416.46 8453.41 8508.94 8569.94 8623.15 8671.6 8715 8749.82 8825.46 8949.53 9225.73 9360.09 9438.02 9536.3 9474.18 9385.6 9325.67 9265.72 9205.86 9150.6 9097.99 9045.39 9038.67 9039.55 9037.66 9055.73 9054.6 9054.68 9056.47 9051.34 9042.33 9031.63 9019.3 9008.91 8999.68 8991.47 8984.29 8976.9 8971.51 8968.7 8967.08 8963.76 8955.84 8943.44 8929.75 8913.66 8896.08 8875.44 8870.99 8875.36 8876.79
9244.72 9121.76 9043.71 8949.9 8916.06 8920.14 8713.3 8609.47 8569.9 8494.29 8421.79 8440.02 8448.25 8449.15 8450.35 8406.17 8401.85 8452.97 8521.45 8589.58 8654.58 8715.81 8760.89 8805.89 8920.89 9052.82 9240.64 9357.57 9437.34 9478.77 9426.54 9343.36 9291.15 9244.12 9198.57 9156.11 9119.11 9093 9075.67 9060.9 9053.57 9052.04 9058.49 9058.5 9060.94 9054.02 9041.99 9029.26 9017.54 9007.58 8997.65 8986.84 8978.61 8971.61 8967.77 8968.21 8971.7 8964.18 8954.83 8943.4 8930.27 8915.99 8901.73 8886.88 8881.67 8882.11 8880.21
9345.54 9242.34 9143.7 9025.24 8956.93 8997.66 8748.2 8675.78 8660.83 8634.24 8543.55 8519.77 8496.29 8465.37 8427.21 8397.59 8397.93 8463.84 8547.2 8628.56 8714.6 8788.39 8850.11 8908.01 9028.64 9182.59 9246.33 9324.64 9399.65 9419.01 9372 9297.39 9256.75 9221.13 9188.44 9158.11 9136.5 9127.38 9107.83 9080.06 9062.62 9050.39 9057.03 9056.65 9059.75 9051.34 9037.97 9026.7 9016.52 9006.75 8994.29 8982.57 8971.81 8964.02 8961.9 8963.25 8964.72 8960.19 8951.63 8941.84 8930.64 8920.23 8912.05 8909.63 8898.49 8894.05 8890.89
9404.02 9418.4 9260.34 9118.3 9016.1 9015.25 8840.56 8744.14 8715.57 8691.32 8685.08 8619.38 8559.45 8495.71 8423.97 8425.22 8410.45 8497.63 8588.75 8684.33 8779.31 8873.07 8964.48 9063.38 9172.41 9272.04 9320.68 9354.66 9372.72 9360.7 9308.85 9253.36 9223.71 9198.28 9174.27 9152.26 9138 9133.78 9114.81 9084.32 9064.98 9053.28 9049.1 9043.36 9042.6 9034.55 9027.43 9020.06 9013.8 9005.66 8996.73 8984.54 8972.29 8961.29 8948.83 8946.33 8956.45 8960.11 8953.36 8942.64 8932.31 8922.21 8916.41 8915.37 8908.28 8904.47 8904.68
9390 9436.2 9336.91 9188.82 9048.38 9030.37 8859.57 8789.22 8759.76 8762.8 8759.15 8694.68 8625.49 8562.78 8526.65 8519.87 8536.11 8573.33 8658.75 8761.55 8866.79 8974.38 9083.91 9202.76 9282.58 9358.95 9410.97 9427.76 9353.16 9298.71 9254.85 9223.21 9205.85 9186.86 9168.08 9148.46 9128.68 9109.57 9089 9072.07 9059.69 9048.04 9038.49 9025.22 9007.74 9012.61 9015.32 9014.25 9010.66 9004.57 8997.43 8987.67 8980.41 8964.89 8943.83 8934.22 8960.51 8960.39 8953.6 8948.51 8938.03 8924.65 8912.33 8904.44 8908.17 8910.54 8912.72
9358.37 9396.04 9393.41 9319.68 9129.52 9003.83 8876 8836.28 8791.6 8765.05 8773.69 8739.97 8683.62 8625.71 8567.53 8550.39 8570.46 8634.89 8736.87 8846.97 8957.79 9075.38 9194.56 9324.91 9456.15 9490.27 9409.05 9340.76 9305.81 9268.08 9244.35 9227.43 9196.8 9177.39 9159.98 9141.5 9119.95 9088.14 9056.19 9062.18 9056.38 9044.39 9030.78 9015.29 9002.4 9003.57 9008.39 9011.17 9009.06 9006.82 9008.02 9003.41 8991.72 8975.3 8962.36 8953.44 8942.62 8946.42 8956.87 8952.39 8940.87 8927.41 8909.29 8898.19 8908.24 8915.39 8919.88
9333.67 9378.75 9440.4 9495.51 9305.97 9158.34 9024.57 8939.35 8849.66 8762.66 8790.06 8775.01 8742.65 8705.34 8652 8596.66 8607.82 8711.03 8836.66 8953.34 9065 9174.2 9282.02 9389.1 9531.58 9458.47 9350.83 9271.48 9256.85 9243.55 9233.67 9206.38 9182.64 9170.45 9159.01 9144.81 9126.64 9105.3 9089.06 9076.54 9062.55 9044.06 9026.01 9009.29 8995.89 9001.45 9006.01 9010.52 9013.67 9020.95 9021.93 9018.37 9011.77 8998.86 8966.06 8966.06 8978.64 8982.64 8978.54 8968.38 8954.03 8938.49 8923.31 8912.12 8917.9 8924.3 8929.2
9298.37 9335.23 9409.28 9455.59 9484.66 9405.67 9223.85 9100.87 8964.36 8839.27 8802.63 8821.12 8826.27 8813.03 8808.84 8812.53 8795.04 8860.95 8964.71 9060.7 9156.7 9248.51 9349.72 9455.52 9517.39 9330.6 9270.93 9238.44 9220.15 9217.14 9206.62 9173.69 9163.82 9162.35 9157.22 9147.97 9137.75 9128.32 9121.3 9097.7 9074.34 9051.4 9029.12 9009.74 8999.11 9002.68 9007.6 9013.16 9018.24 9022.69 9028.35 9029.82 9035.05 9040.77 9061.52 9037.01 9029.45 9025.22 9005.78 8987.09 8970.22 8953.82 8941.82 8933.66 8931.78 8933.31 8937.12
9278.07 9304.08 9341.35 9391.22 9525.11 9587.51 9469.58 9280.2 9113.6 8968.23 8892.19 8929.02 8953.48 8939.84 8917.62 8933.71 8984.07 9047.99 9121.65 9180.71 9238.75 9297.34 9367.87 9416.49 9377.78 9275.74 9215.71 9189.56 9199.01 9202.68 9201.23 9183.77 9167.39 9164.74 9159.96 9155.19 9150.11 9144.1 9136.3 9113.95 9087.68 9061.32 9034.47 9009.91 8998.38 9005.61 9011.34 9017.72 9024.15 9030.65 9037.62 9042.65 9053 9067.56 9079.11 9072.18 9060.66 9049.59 9027.48 9006.08 8986.83 8969.4 8953.38 8945.61 8943.08 8942.47 8943.26
9284.98 9286.24 9285.66 9304.03 9383.88 9466.34 9521.84 9392.41 9264.86 9171.5 9134.84 9153.04 9132.44 9102.13 9067.66 9128.72 9237.79 9291.59 9290.1 9290.25 9305.93 9323.9 9327 9341.44 9313.43 9230.37 9189.54 9203.03 9207.19 9206.95 9199.02 9195.22 9179.46 9170.72 9166.22 9163.86 9161.23 9157.01 9147.25 9129.47 9102.43 9071.48 9039.16 9007.51 8999.39 9011.12 9018.29 9025.09 9031.91 9039.15 9047.26 9056.75 9066.55 9080.49 9097.87 9084.03 9072.32 9058.82 9039.47 9019.34 8999.98 8983.49 8969.33 8959.41 8953.03 8950.13 8948.46
9281.22 9270.8 9265.5 9288.79 9358.02 9473.23 9475.84 9413.14 9360.49 9368.7 9440.38 9388.19 9302.17 9277.32 9299.75 9397.06 9467.28 9488.92 9408.8 9366.55 9350.97 9343.17 9320.8 9323.47 9293.06 9208.72 9191.75 9208.11 9219.95 9216.62 9216.46 9198.17 9176.54 9171.01 9169.61 9170.91 9172.03 9171.47 9166.63 9147.7 9117.07 9082.56 9047.67 9015.78 9010.75 9019.59 9027.14 9034.22 9041.22 9048.39 9055.95 9064.11 9074.02 9080.7 9082.07 9083.38 9076.28 9067.67 9050.12 9032.88 9014.41 8997.23 8989.49 8971.54 8962.02 8956.33 8952.43
9279.41 9261.13 9266.58 9300.95 9363.8 9356.66 9412.99 9365.19 9367.58 9402.92 9416.29 9416.86 9377.59 9376.3 9458.31 9554.45 9514.57 9493.21 9427.49 9388.44 9372.15 9364.83 9349.6 9292.88 9241.72 9191.06 9188.45 9224.39 9235.46 9214.22 9190.12 9172.03 9166.54 9168.36 9172.05 9177.86 9182.06 9184.25 9181.9 9163.93 9130.79 9095.37 9060.44 9035.6 9029.98 9032.37 9037.46 9043.48 9049.78 9056.21 9062.68 9068.97 9074.17 9079.03 9083.32 9082.47 9080.51 9073.56 9062.22 9044.56 9025.72 9004.6 8981.66 8977.07 8970.08 8962.78 8955.61
9291.77 9268.66 9262.69 9289.62 9325.09 9330.05 9226.49 9251.77 9323.71 9373.27 9402.9 9389.72 9371.3 9366.29 9379.18 9409.15 9411.73 9378.45 9376.08 9362.44 9353.02 9358.55 9368.8 9256.31 9214.05 9211.01 9213.26 9225.91 9229.46 9205.9 9180.39 9164.82 9159 9169.42 9178.84 9186.29 9191.92 9193.68 9191.36 9174.33 9142.11 9104.56 9069.43 9041.55 9040.86 9043.96 9048.34 9053.63 9059.02 9064.05 9068.44 9071.92 9074.32 9076.76 9078.76 9081.22 9082.96 9077.61 9069.83 9054.79 9037.31 9020.5 9003.18 8989.15 8978.25 8968.57 8958.8
9282.98 9259.16 9248.86 9274.39 9297.75 9334.6 9247.69 9248.86 9299.67 9340 9367.54 9344.19 9328.43 9317.7 9303.13 9300.83 9315.11 9323.84 9318.95 9313.9 9307.56 9303.02 9294.39 9246.42 9224.73 9235.59 9230.4 9218.44 9208.22 9193.32 9178.79 9177.69 9169.04 9178.28 9189.93 9196.33 9200.34 9200.82 9198.05 9182.05 9149.72 9111.85 9074.07 9053.04 9051.11 9055.7 9060.5 9065.29 9069.75 9073.62 9076.64 9078.5 9078.76 9078.06 9079.1 9082.73 9084.75 9085.62 9076.34 9060.84 9045.3 9030.67 9016.16 9000.46 8986.56 8973.79 8961.67
