real_craters/C132-300m.grd
DSAA
275 275
-41.0375 41.0375
-41.0375 41.0375
8000.5524752499 9880.6121375596
[rows 210 to 239 of 275, columns 134 to 200 of 275]
9142.67 9137.3 9137.32 9139.12 9143.35 9155.29 9161.67 9169.29 9179.51 9190.81 9207.05 9231.71 9245.26 9240.84 9241.7 9253.36 9251.13 9231.42 9188.81 9160.69 9143.35 9134.7 9095.5 9062.09 9031.51 9000.79 8971.41 8952.87 8953.88 8952.92 8966.58 8972.04 8969.43 8967.5 8966.24 8963.25 8966.8 8971.22 8956.74 8951.88 8951.28 8951.66 8952.82 8952.41 8948.34 8944.18 8940.26 8935.67 8930.66 8924.68 8919.55 8921.56 8922.34 8923.46 8930.84 8936.43 8939.48 8938.63 8933.51 8926.54 8920.85 8920.3 8930.89 8939.3 8940.41 8943.57 8947.36
9147.07 9140.7 9140.11 9142.09 9145.9 9155.79 9159.03 9162.99 9167.19 9172.07 9175.22 9177.41 9172.64 9176.52 9197.88 9226.88 9221.81 9213.13 9197.66 9186.6 9180.78 9166 9135.69 9098.2 9063.65 9031.35 8995.26 8973.04 8987.94 8973.72 8974.13 8965.61 8956.02 8951.49 8949.73 8952.74 8962.28 8971.17 8961.24 8957.6 8958.32 8960.16 8961.96 8960.5 8956.55 8951.65 8946.4 8941.82 8936.6 8930.3 8923.99 8924.34 8924.79 8929.9 8928.83 8932.78 8937.79 8939.62 8937.51 8930.63 8929.7 8931.68 8934.95 8942.12 8943.48 8944.41 8947.76
9153.05 9145.5 9144.24 9146.72 9148.32 9152.48 9153.02 9154.58 9154.05 9148.78 9138.07 9115.65 9092.01 9090.34 9122.61 9151.87 9166.6 9175.92 9184.71 9193.31 9202.03 9200.53 9161.51 9123.41 9090.75 9067.28 9054.36 9054.24 9060.51 9047.44 8977.92 8947.95 8939.76 8935.67 8933.86 8943.38 8954.88 8961.47 8961.54 8961.81 8964.29 8967.12 8968.92 8968.52 8965.55 8958.82 8953.12 8948.41 8944.71 8942.46 8937.62 8933.34 8927.81 8917.79 8921.61 8933.02 8939.87 8944.85 8948.58 8947.65 8945.62 8943.78 8945.84 8943.6 8946.5 8948.33 8947.18
9161.67 9156.19 9149.89 9150.59 9151.76 9149.95 9147.61 9142.35 9137.01 9128.53 9114.48 9093.79 9072.89 9039.47 9066.41 9086.82 9099.15 9131.72 9162.22 9185.25 9200.02 9196.81 9168.76 9133.77 9103.06 9084.54 9093.32 9118.28 9076.59 9038.57 8937.38 8923.55 8927.7 8931.24 8937.4 8944.9 8953.27 8959.06 8962.67 8966.82 8969.16 8972.45 8978.14 8984.65 8972.04 8962.83 8957.06 8953.14 8950.95 8952.85 8953.69 8944.03 8939.09 8934.52 8937.42 8941.69 8944.13 8948.75 8959.61 8977.54 8960.73 8951.66 8947.76 8950.78 8948.99 8948.44 8951.66
9170.58 9157.11 9156.89 9154.74 9155.97 9153.16 9147.79 9139.53 9129.79 9119.16 9105.63 9090.24 9072.47 9065.29 9055.22 9052.27 9062.2 9103.05 9142.24 9172.28 9189.22 9186.63 9162.85 9130.34 9096.66 9066.48 9040.03 9013.06 8993.23 8965.96 8929.93 8921.2 8926.35 8933.72 8944.14 8951.01 8954.61 8958.92 8966.36 8970.64 8971.4 8972.82 8973.77 8972.24 8966.53 8962.78 8959.18 8956.09 8953.96 8948.62 8947.94 8951.19 8952.19 8959.1 8962.2 8950.47 8946.83 8945.34 8949.27 8956.9 8952.42 8949.58 8955.74 8954.03 8948.64 8949.05 8952.99
9183.02 9174.53 9164.91 9160.29 9163.11 9159.07 9151.25 9141.34 9128.79 9114.4 9101.15 9089.32 9060.44 9066.43 9059.58 9060.66 9066.08 9095.2 9130.92 9161.66 9179.18 9175.37 9151.18 9117.46 9080.12 9038.64 8988.04 8929.63 8921.83 8923.83 8932.12 8930.03 8934.03 8939.09 8943.01 8953.23 8957.76 8958.51 8959.28 8967.84 8971.6 8971.55 8968.07 8959.14 8962.25 8962.97 8961.19 8958.91 8957.98 8961.04 8959.3 8958.38 8960.22 8959.6 8952.38 8954.2 8946.54 8937.43 8926.57 8919.54 8929.99 8935.25 8941.41 8942.46 8939.84 8946.79 8956.44
9192.63 9176.13 9171.72 9168.87 9170.42 9164.1 9151.99 9138.74 9123.03 9105.13 9089.07 9076.64 9061.85 9054.1 9049.64 9058.38 9069.87 9094.2 9123.51 9152.17 9175.33 9166.85 9136.45 9101.21 9063.82 9021.18 8973.86 8930.17 8921.88 8926.95 8937.38 8939.91 8946.3 8952.74 8957.32 8961.46 8964.56 8966.36 8969.44 8973.06 8973.5 8972.25 8969.53 8968.87 8965.68 8965.14 8964.35 8962.53 8959.68 8956.01 8959.69 8963.77 8967.75 8972.23 8977.17 8962.22 8947.45 8933.5 8919.25 8911.09 8917.51 8920.57 8917.92 8911.13 8925.96 8947.77 8963.69
9208.21 9193.45 9186.53 9184.14 9182.94 9174.05 9161.56 9145.79 9126.15 9102.17 9075.71 9058.98 9063.53 9049.42 9038.08 9055.74 9073.76 9088.64 9108.7 9132.78 9164.98 9147.75 9117.03 9084.21 9050.32 9016.8 8981.46 8957.56 8947.22 8938.55 8939.08 8947.93 8960.58 8971.53 8971.61 8973.17 8973.56 8975.54 8978.72 8978.71 8977.56 8975.27 8972.3 8967.55 8968.36 8970.58 8970.24 8968.25 8963.7 8958.57 8963.45 8969.24 8973.74 8978.2 8980.36 8965.27 8948.74 8934.6 8927.07 8922.41 8919.36 8918.43 8912.3 8906.42 8930.48 8962.1 8980.88
9231.38 9217.23 9210.61 9210.81 9206.59 9195.83 9181.09 9162.52 9140.19 9113.22 9080.05 9059.44 9059.49 9041.25 9028 9043.28 9063.64 9075.8 9086.81 9094.27 9093.53 9100.28 9089.34 9068.11 9042.58 9013.04 8988.27 8967.01 8956.56 8943.92 8940.2 8954.03 8971.31 8991.01 8989.88 8983.52 8980.62 8981.23 8985.02 8987.01 8981.67 8978.49 8977.83 8979.67 8981.08 8979.3 8978.69 8977.81 8975.9 8969.72 8974.97 8977.36 8978.82 8978.33 8975.26 8963.63 8949.85 8935.6 8924.22 8924.2 8929.37 8933.56 8932.88 8928.13 8971.38 8993.56 9005
9261.43 9257.86 9254.36 9246.99 9236.19 9221.94 9205.66 9186.46 9164.68 9139.46 9111.4 9089.04 9067.89 9049.98 9038.36 9032.27 9050.19 9061.4 9065.73 9063.14 9053.34 9063.99 9066.31 9056.81 9039.87 9018.09 8994.98 8980.05 8967.81 8962.24 8956.1 8956.93 8967.36 8985.44 8991.38 8986.56 8983.38 8981.72 8982.25 8982.96 8980.16 8980.82 8982.85 8986.32 8988.74 8988.91 8989.45 8989.31 8990.73 9001.77 8990.26 8988.14 8985.99 8980.23 8970.97 8963.33 8957 8944.31 8925.42 8932.39 8949.58 8963.1 8979.38 9015.44 9035.41 9032.41 9032.03
9291.75 9299.07 9303.07 9284.34 9266.25 9248.64 9231.43 9213.33 9194.89 9176.04 9158.92 9145.8 9121.95 9085.64 9053.2 9037.95 9050.54 9052.8 9052.17 9050.69 9051.29 9053.71 9055.58 9049.99 9039.72 9023.75 9004.72 8985.75 8973.23 8967.02 8960.87 8955.54 8953.67 8960.54 8978.58 8985.91 8985.12 8980.58 8972.96 8969.54 8976.32 8983.75 8989.25 8992.53 8994.34 9000.14 9003.39 9003.12 8996.99 8988.71 9000.88 9002.29 8998.69 8990.19 8975.57 8973.14 8979.56 8975.9 8961.66 8968.97 8983.45 8997.14 9015.38 9041.62 9064.71 9057.88 9052.99
9315.35 9323.64 9323.6 9311.91 9292.33 9273.48 9256.57 9240.5 9225.84 9213.94 9205.31 9207.39 9215.38 9158.21 9076.25 9054.33 9058.77 9045.83 9043.24 9046 9051.05 9052.82 9055.37 9053.61 9046.66 9036.83 9018.25 8993.33 8974.05 8967.86 8964.92 8959.34 8953.04 8964.36 8983.72 8993.38 8994.3 8988.88 8974.88 8966.53 8978.73 8993.67 9002.94 9007.35 9010.33 9017.64 9023.11 9024.13 9022.32 9020.02 9021.07 9021.63 9019.22 9013.63 9004.18 9006.34 9020.7 9029.73 9035.82 9026.31 9024.62 9029.26 9038.74 9049.65 9065.98 9069.98 9065.2
9329.61 9339.75 9346.75 9331.23 9312.06 9293.69 9278.04 9264.57 9254.07 9247.51 9245.92 9244.76 9237.94 9198.41 9119.63 9071.02 9036.71 9036.35 9039.62 9042.14 9047.63 9055.89 9062.73 9065.92 9065.91 9059.43 9045.17 9014.82 8974.07 8973.82 8983.3 8979.94 8967.6 8971.78 8998.44 9013 9015.45 9012.32 9002.66 8991.76 9000.32 9015.74 9025.05 9031.69 9034.75 9044.05 9048.69 9050.58 9050.41 9048.47 9046.86 9045.31 9044.51 9045.42 9052.2 9062.69 9067.39 9079.48 9089.61 9073.39 9059.88 9055.65 9057.86 9064.36 9078.47 9078.21 9072.76
9335.99 9345.23 9346.59 9338.66 9324.06 9307.77 9293.83 9283.3 9274.93 9269.04 9266.44 9258.35 9243.16 9213.17 9158.18 9098.89 9064.18 9051.66 9049.9 9047.58 9053.1 9066.25 9077.13 9085.05 9089.79 9092.05 9091.36 9082.19 9046.72 9027.71 9031.42 9027.17 9014 9016.12 9038.52 9046.81 9048.3 9047.55 9048.15 9052.88 9045.51 9047.94 9053.72 9062.39 9074.37 9075.99 9075.89 9078.24 9079.25 9076.23 9071.88 9068.38 9067.92 9072.06 9084 9100.22 9094.81 9105.71 9115.33 9096.23 9081.22 9073.16 9071.47 9075.28 9081.9 9080.5 9075.32
9336.29 9343.43 9346.08 9340.31 9329.16 9315.9 9305.05 9295.83 9288.36 9280.87 9271.57 9262.72 9247.68 9223.56 9190.78 9150.54 9108.71 9087.04 9078.03 9068.62 9073 9086.91 9098.11 9107.2 9115.48 9124.25 9136.75 9155.13 9145.76 9121.32 9096.93 9093.9 9101.67 9112.72 9096.29 9088.46 9086.73 9084.14 9082.25 9077.01 9075.84 9079.69 9081.67 9087.36 9096.04 9096.97 9096.39 9100.41 9111.64 9102.37 9092.24 9087.26 9086.16 9088.1 9090.81 9085.52 9097.55 9100.89 9101.81 9097.29 9088.68 9081.99 9078.27 9076.14 9075.86 9078.44 9075.88
9333.79 9338.89 9340.91 9336.93 9329.31 9319.13 9310.75 9303.84 9297.48 9291.75 9283.18 9266.92 9251.89 9235.51 9214.04 9189.68 9155.12 9132.04 9120.54 9112.83 9111.19 9117.17 9123.98 9130.57 9139.12 9148.47 9161.42 9173.93 9161.2 9150.15 9141.51 9146.47 9162.9 9154.2 9140.73 9130.55 9123.98 9120.11 9117.45 9113.95 9114.59 9109.04 9104.49 9104.15 9106.11 9106.83 9106.57 9108.02 9111.83 9108.25 9102.71 9098.99 9098.02 9098.86 9100.19 9102.41 9100.71 9095.4 9090.81 9091.81 9088.52 9083.99 9080 9077.48 9079.35 9077.2 9075.75
9329.34 9332.68 9332.4 9329.22 9326.05 9319.24 9312.84 9306.58 9301.49 9297.13 9290.23 9275.88 9261.33 9246.35 9232.3 9215.98 9192.18 9177.95 9163.87 9161.99 9153.57 9150.07 9150.64 9152.87 9158.29 9163.88 9170.54 9172.42 9162.83 9156.49 9160.53 9170.17 9182.42 9180.72 9170.66 9160.96 9154.66 9151.71 9152.26 9153.57 9150.08 9131.1 9119.72 9114.56 9113.54 9112.31 9109.66 9106.96 9099.91 9106.19 9106.41 9105.53 9105.88 9106.75 9108.35 9110.23 9103.67 9100.36 9094.32 9088.87 9086.39 9083.17 9079.35 9074.63 9065.95 9071.58 9072.47
9325.31 9327.64 9326.05 9323.16 9323.36 9318.77 9313.39 9307.43 9301.32 9294.4 9288.56 9281.9 9268.78 9255.97 9243.63 9218.53 9205.51 9193.62 9191.04 9190.05 9183.59 9176.82 9173.89 9172.87 9173.44 9174.64 9174.85 9172.64 9163.85 9161.2 9167.62 9176.5 9185.77 9192.13 9188.56 9182.07 9177.74 9176.07 9177.68 9182.29 9166.87 9136.33 9124.74 9118.82 9114.6 9110.99 9110.27 9109.42 9110.02 9108.18 9108.18 9108.48 9109.82 9110.73 9111.6 9111.36 9099.68 9075.2 9078.84 9084.66 9084.24 9081.51 9078.2 9076 9076.96 9068.26 9072.49
9322.39 9325.17 9326.19 9326.99 9322.98 9317.65 9312.28 9306.24 9299.63 9292.08 9287.15 9282.84 9269.18 9254.38 9239.99 9224.11 9213.26 9209.14 9209.02 9209.12 9204.6 9198.42 9192.96 9188.51 9185.2 9182.33 9178.83 9174.62 9165.73 9163.21 9172.16 9180.33 9191.12 9199.77 9198.14 9193.94 9190.1 9188.23 9187.15 9182.23 9144.52 9126.14 9124.02 9120.97 9116.81 9112.08 9111.27 9110.27 9110.78 9109.02 9109.18 9110.19 9111.19 9111.85 9111.88 9110.25 9104.96 9097.96 9088.65 9087.4 9084.47 9080.45 9076.61 9074.98 9075.22 9075.43 9074.65
9318.1 9321.94 9324.87 9326.71 9321.09 9315.91 9309.96 9304 9297.4 9290.92 9284.94 9279.17 9264.52 9247.98 9230.85 9222.91 9218.01 9217.25 9222.7 9227.92 9222.59 9215.36 9207.83 9201.14 9194.97 9188.87 9182.39 9175.86 9171.93 9176.47 9179.55 9187.99 9197.96 9202.89 9201.98 9198.52 9195.82 9192.84 9186.34 9173.76 9143.9 9127.51 9126.9 9124.95 9122.34 9120.19 9113.55 9106.23 9103.81 9107.38 9109.74 9110.95 9111.25 9111.66 9111.36 9109.52 9110.69 9119.11 9106.94 9093.62 9085.91 9079.42 9073.64 9068.95 9066.78 9079.42 9072.5
9313.75 9317.44 9318.64 9317.38 9315.25 9312.06 9307.18 9301.65 9295.06 9287.52 9279.01 9268.85 9259.66 9246.25 9232.48 9227.17 9222.85 9218.34 9231.63 9242.32 9237.33 9229.52 9220.99 9212.46 9204.08 9196.12 9188.63 9182.96 9180.37 9177.07 9184.98 9191.19 9199.42 9201.77 9200.79 9199.08 9196.6 9193.35 9187.31 9177.8 9159.04 9141.28 9135.28 9130 9126.1 9124.11 9115.44 9106.61 9104.24 9108.58 9111.27 9111.21 9111.78 9111.79 9111.7 9112.49 9114.01 9111 9104.65 9095.04 9086.19 9078.82 9071.21 9063.39 9055.7 9055.91 9062.68
9311.01 9313.92 9313 9310.13 9309.91 9308.87 9305.09 9299.84 9293.33 9286.05 9277.04 9267.86 9259.9 9250.25 9240.98 9235.53 9233.67 9232 9243.17 9252.74 9248.96 9241.14 9232.4 9223.54 9213.72 9204.93 9196.51 9190.96 9189.29 9193.07 9192.63 9191.82 9189.36 9197.87 9198.49 9197.3 9195.32 9192.31 9187.86 9183.11 9175.15 9160.05 9144.63 9134.26 9126.81 9119.71 9117.51 9116.04 9114.21 9113.27 9113.18 9112.67 9112.4 9110.69 9110.36 9111.2 9110.12 9107.02 9101.09 9093.69 9085.97 9078.1 9070.45 9061.64 9052.87 9051.53 9057.76
9308.05 9309.89 9310.53 9309.65 9309.22 9307.98 9304.57 9299.57 9292.96 9285.53 9278.76 9271.79 9265.09 9258.45 9250.31 9249.31 9251.95 9253.43 9260.1 9263.4 9258.65 9251.09 9242.84 9234.29 9225.07 9215.49 9207.19 9202.7 9202.25 9204.38 9201.04 9197.97 9198.52 9197.63 9195.81 9194.56 9192.05 9188.97 9185.68 9183.74 9180.72 9164.54 9147.8 9135.14 9127.03 9121.72 9122.46 9126.08 9123.97 9118.65 9115.74 9113.2 9111.13 9109.34 9107.77 9106.99 9106.84 9099.56 9096.84 9092.12 9086.29 9079.65 9072.37 9064.5 9056.59 9054.38 9058.91
9304.7 9307.47 9309.91 9311.34 9311.01 9308.85 9305.75 9301.28 9295.07 9288.39 9282.58 9277.3 9272.63 9268.93 9263.75 9264.61 9268.82 9268.75 9273.18 9272.83 9266.32 9259.13 9251.44 9243.93 9235.94 9227.72 9218.94 9217.01 9216.44 9211.93 9206.82 9202.87 9199.69 9197.03 9194.33 9191.34 9187.23 9183.03 9178.88 9175.41 9174.37 9161.8 9140.02 9131.17 9126.42 9123.25 9126.84 9137.2 9129.52 9122.43 9117.45 9113.63 9110.48 9107.53 9104.49 9101 9094.77 9096.42 9094.55 9091.29 9087.01 9082.15 9076.86 9071.18 9065.78 9062.75 9063.96
9302.07 9304.86 9308.25 9310.95 9311.54 9310.09 9308.11 9305.21 9300.69 9295.63 9290.85 9286.07 9281.1 9276.71 9274.5 9276.74 9280.4 9275.27 9273.6 9275.74 9270.82 9265 9259.07 9252.93 9247.39 9241.88 9235.88 9233.93 9231.04 9224.13 9218 9208.72 9201.73 9198.85 9194.9 9189.31 9183.15 9175.96 9167.99 9158.59 9143.35 9117.33 9123.33 9124.36 9125.1 9127.83 9130.24 9127.4 9125.78 9121.46 9116.89 9112.91 9109.25 9105.61 9101.7 9097.57 9095.4 9095.48 9093.52 9091.51 9089.16 9086.33 9083.25 9080.06 9077.16 9075.89 9072.55
9298.19 9301.44 9305.5 9308.46 9310.29 9310.77 9310.91 9310.82 9309.82 9307.48 9305.13 9298.22 9290.8 9281.88 9277.83 9281.29 9289.2 9281.86 9272.74 9276.77 9274.8 9270.95 9266.15 9261.34 9257.31 9254.75 9255.14 9243.05 9237.93 9237.37 9228.17 9214.68 9206.45 9201.78 9195.37 9187.62 9178.99 9169.6 9158.62 9145.2 9128.4 9117.87 9116.62 9119.2 9122.15 9126.65 9128.87 9122.46 9120.51 9118.5 9115.64 9112.64 9109.17 9105.08 9100.8 9095.69 9090.91 9090.25 9091.76 9091.63 9090.94 9089.96 9088.76 9087.94 9086.96 9086.15 9083.67
9294.74 9297.82 9301.36 9304.78 9308.32 9310.36 9313.31 9316.45 9318.71 9317.91 9313.93 9309.63 9303.64 9297.6 9294.33 9297.2 9300.46 9295.04 9285.67 9282.62 9279.29 9275.33 9271.22 9267.7 9264.41 9261.77 9257.23 9246.38 9241.16 9237.87 9228.99 9224.53 9216.83 9206.24 9195.29 9185.04 9175.16 9164.05 9151.62 9137.71 9123.82 9115.95 9114.91 9116.31 9117.86 9119.52 9120.25 9118.73 9116.01 9114.27 9112.22 9109.46 9106.41 9103.02 9099.31 9096.02 9090.51 9090.08 9091.8 9092.3 9092.72 9093.14 9093.69 9093.79 9093.85 9092.99 9090.3
9289.93 9292.95 9295.72 9298.54 9302.13 9307.72 9314.97 9321.77 9325.78 9326.35 9324.47 9320.67 9317.44 9313.91 9311.53 9312.55 9314.72 9307.15 9298.18 9289.5 9283.75 9278.97 9274.73 9271.56 9268.55 9265.78 9260.76 9251.8 9247.05 9244.24 9239.1 9232.77 9222.77 9209.12 9196.77 9184.82 9172.83 9161.07 9148.02 9134.61 9123.4 9116.84 9114.51 9114.22 9113.36 9111.65 9107.85 9108.38 9111.42 9111.54 9110.52 9108.24 9106.33 9103.52 9100.23 9097.72 9096.13 9095.53 9091.7 9092 9092.97 9094.33 9095.92 9097.41 9097.01 9090.97 9077.1
9286.54 9288.4 9290.65 9291.9 9292.84 9304.64 9316.92 9327.55 9334.76 9334.5 9331.33 9329.37 9328.76 9329.88 9321.13 9314.89 9310.02 9307.92 9303.17 9294.17 9287.65 9282.38 9277.52 9273.95 9270.77 9268.19 9264.1 9256.5 9253.48 9251.9 9249.69 9239.81 9224.58 9210.17 9196.49 9183.58 9171.83 9159.27 9145.95 9133.98 9124.14 9117.55 9114.7 9113.09 9110.4 9107.43 9105.33 9107.09 9109.12 9109.72 9109.04 9107.66 9105.88 9103.69 9101.37 9099.4 9095.52 9087.27 9090.27 9091.54 9093.04 9095.27 9097.51 9099.24 9099.43 9093.28 9046.64
9282.38 9284.09 9286.42 9289.77 9296.92 9306.83 9319.32 9332.74 9342.43 9341.15 9337.17 9334.42 9331.62 9328.25 9321.17 9311.91 9303.43 9304.42 9303.27 9295.84 9290.03 9284.79 9280.02 9275.86 9272.02 9268.39 9265.5 9262.06 9258.89 9255.4 9251.76 9238.22 9221.9 9208.79 9195.5 9182.4 9170.24 9157.75 9145.59 9134.28 9124.5 9117.7 9116.27 9113.02 9109.18 9105.97 9104.66 9108.79 9109.11 9108.68 9107.7 9106.26 9104.74 9102.82 9101.02 9099.77 9097.28 9093.03 9090.46 9090.54 9091.78 9093.5 9095.87 9098.04 9098.77 9093.31 9053.38
