real_craters/C132-500m.grd
DSAA
165 165
-41.0375 41.0375
-41.0375 41.0375
8002.2296526049 9881.0463234331
[rows 120 to 149 of 165, columns 0 to 66 of 165]
9510.67 9514.05 9523.08 9528.33 9534.32 9533.29 9523.15 9511.01 9498.36 9489.95 9484.02 9470.53 9457.32 9455.56 9457.45 9457.95 9457.28 9452.46 9447.88 9445.41 9442.69 9443.14 9456.23 9464 9469.57 9476.04 9489.16 9525.03 9558.34 9558.85 9542.81 9521.52 9508.42 9493.86 9483.76 9468.36 9453.41 9442.03 9445.29 9447.93 9446.23 9447.3 9440.99 9429.53 9419.05 9413.19 9409.69 9405.67 9403.11 9404.25 9411.01 9399.59 9389.3 9380.27 9371.87 9361.48 9346.53 9344.24 9338.02 9332.35 9327.93 9323.12 9322.27 9319.29 9311.59 9302.82 9290.09
9518.5 9525.05 9529.19 9535.4 9538.77 9538.65 9527.9 9512.7 9495.98 9478.03 9474.91 9479.38 9481.7 9472.21 9464.81 9461.08 9459.49 9455.2 9451.99 9452.76 9453.09 9448.69 9478.74 9492.28 9500.49 9509.74 9524.58 9550.83 9573.76 9572.13 9556.26 9538.83 9518.8 9501.68 9485.44 9475.29 9462.34 9454.4 9455.95 9454.6 9452.29 9445.74 9443.13 9432.57 9422.54 9415.09 9409.63 9404.79 9400.91 9398 9396.5 9395.97 9390.23 9381.93 9373.41 9366 9359.2 9346.53 9338.17 9332.08 9326.77 9318.36 9309.11 9313.97 9313.88 9306.6 9295.11
9529.65 9533.25 9536.58 9542.86 9550.43 9545.58 9534.46 9518.27 9501.56 9491.96 9483.89 9492.02 9484.91 9475.29 9469.99 9467.96 9466.17 9459.9 9457.43 9470.7 9480.6 9497.06 9519.3 9524.55 9529.97 9540.41 9555.85 9574.99 9591.92 9582.66 9560.26 9538.38 9523.33 9505.58 9491.15 9482.37 9470.94 9467.84 9465.23 9463.04 9461.5 9457.12 9451.52 9437.44 9425.19 9419.44 9413.4 9407.39 9400.9 9394.44 9390.74 9391.25 9387.34 9381.89 9375.02 9365.3 9355.49 9347.09 9337.12 9328.01 9325.52 9311.73 9305.66 9313.98 9319.63 9307.87 9297.13
9536.34 9540.84 9545.41 9547.63 9549.4 9556.98 9543.32 9525.02 9505.96 9488.88 9481.49 9475.72 9474.62 9470.63 9472.04 9476.13 9481.25 9485.64 9493.37 9498.59 9509.28 9528 9542.44 9545.98 9551.99 9563.25 9577.95 9591.11 9596.01 9579.89 9554.12 9538.17 9520.65 9506.29 9495.15 9483.55 9475.73 9470.48 9470.23 9468.15 9475.09 9482.87 9479.84 9455.32 9435.38 9425.41 9417.64 9410.44 9403.21 9395.79 9393.13 9389.05 9384.93 9382.21 9378.46 9372.38 9361.33 9348.9 9335.32 9319.37 9294.79 9301.61 9298.18 9303.96 9307.48 9305.93 9300.17
9552.92 9557.37 9558.56 9559.33 9558.42 9556.7 9547.95 9531.72 9512.43 9491.75 9484.62 9485.25 9477.77 9472.45 9475.8 9484.49 9496.32 9512.22 9528.54 9521.66 9526.3 9537.46 9546.5 9553.36 9564.23 9577.37 9590.96 9597.02 9587.21 9566.47 9541.67 9524.22 9516.44 9507.42 9499.41 9487.45 9479.39 9475.83 9475.5 9480.29 9493.31 9507.62 9490.52 9464.72 9445.19 9430.96 9421.34 9413.91 9407.01 9399.88 9386.4 9380.84 9381.95 9382.21 9382.02 9380.41 9369.07 9352.09 9335.73 9321.45 9310.37 9302.39 9298.98 9302.94 9303.67 9303.18 9299.95
9575.68 9584.34 9579.07 9574.32 9571.3 9565.5 9556.42 9541.55 9523.5 9504.58 9480.99 9490.08 9493.57 9482.81 9483.34 9491.71 9503.78 9517.18 9527.19 9528.57 9533.09 9538.02 9542.55 9554.93 9571.16 9585.51 9598.51 9607.3 9589.99 9569.67 9545.07 9527.38 9519.87 9510.81 9500.62 9491.5 9483.69 9478.26 9479.51 9491.52 9506.07 9510.85 9481.68 9458.28 9444 9431.55 9422.53 9415.64 9410.35 9405.15 9387.78 9377.84 9380.03 9381.17 9382.06 9380.39 9369.6 9352.26 9335.24 9321.56 9313.11 9306.65 9300.27 9292.87 9298.59 9303.14 9301.98
9590.99 9594.8 9590.72 9586.2 9582.35 9578.14 9567.09 9552.06 9536.3 9514.76 9492.15 9505.06 9504.15 9491.05 9490.08 9497.95 9507.24 9513.79 9523.38 9531.26 9537.34 9541.98 9547 9561.82 9578.6 9590.96 9598.25 9596.55 9590.37 9572.7 9552.71 9538.4 9526.31 9515.62 9504.99 9496.45 9486.64 9479.13 9484.6 9504.44 9514.75 9502.92 9468.16 9448.69 9437.37 9429.48 9422.19 9415.41 9409.73 9404.64 9393.44 9384.64 9379.77 9377.86 9377.5 9377.4 9364.92 9349.59 9333.92 9316.97 9309.37 9313.58 9314.32 9311.48 9307.77 9309.32 9309.62
9594.96 9597.3 9598.01 9601.7 9594.58 9582.55 9570.97 9561.98 9551.47 9534.87 9508.98 9506.76 9505.91 9493.01 9498.8 9505.4 9511.19 9514.08 9513.7 9533.46 9544.5 9552.25 9559.97 9576.61 9591.23 9599.55 9601.26 9596.62 9595.01 9591.22 9574.52 9552.93 9537.19 9527.31 9512.83 9502.17 9492.44 9485.16 9489.34 9510.22 9515 9492.63 9466.24 9446.89 9440.52 9429.93 9421.31 9412.87 9405.08 9397.95 9392.43 9385.49 9376.3 9370.58 9367.09 9361 9354.58 9344.47 9334 9323.84 9317 9315.57 9316.77 9315.45 9316.57 9317.16 9319.15
9608.59 9599.03 9604.3 9611.17 9604.53 9590.77 9577.37 9572.61 9563.36 9550.46 9525.37 9517.41 9518.95 9507.89 9514.21 9516.4 9520.31 9523.27 9529.69 9542.65 9556.61 9569.85 9585.63 9600.63 9609.31 9612.59 9611.75 9607.95 9605.74 9599.43 9580.99 9559.94 9545.17 9531.09 9520.2 9510.59 9502.63 9496.84 9498.29 9517.82 9524.86 9501.85 9476.31 9454.32 9441.99 9430.58 9418.17 9407.09 9397.59 9388.85 9381.46 9373.76 9364.12 9358.74 9355.94 9354.1 9344.69 9337.23 9331.78 9331.69 9321.86 9314.37 9316.33 9322.68 9321.61 9322.48 9326.91
9608.71 9603.41 9613.19 9618.36 9610 9602.91 9597.32 9582.75 9568.48 9552.95 9537.64 9532.43 9537.04 9534.47 9528.9 9526.64 9531.22 9538.49 9548.44 9561.61 9572.68 9586.47 9603.6 9625.98 9627.26 9626.08 9625.34 9622.04 9614.92 9598.24 9569.59 9560.59 9548 9537.4 9527.66 9519.65 9514.71 9512.46 9512.46 9523.99 9538.1 9522.27 9485.78 9459.9 9449.17 9429.99 9414.24 9400.2 9387.23 9377.17 9363.36 9351.45 9346.5 9343.26 9341.79 9340.18 9332.22 9326.49 9321.42 9315.75 9313.05 9307.94 9312.92 9317.4 9320.31 9323.52 9329.76
9617.82 9609.64 9600.69 9604.13 9607.17 9604.69 9596.4 9591.3 9579.06 9560.01 9539.77 9536.19 9539.32 9531.04 9527.43 9533.9 9542.64 9552.6 9563.76 9577.22 9587.93 9598.83 9611.03 9633.28 9635.23 9634.28 9634.73 9637.74 9626.36 9601.09 9578.85 9562.83 9551.14 9541.05 9531.31 9522.53 9520.06 9520.54 9513.21 9517.51 9515.12 9500.46 9480.23 9468.6 9442.1 9423.22 9408.27 9392.16 9375.22 9360.2 9348.51 9335.59 9331.3 9327.45 9322.89 9319.22 9318.02 9314.74 9310.41 9305.09 9303.01 9304.09 9305.93 9310.21 9313.75 9318.5 9325.36
9616.93 9613.86 9598.85 9598.77 9603.64 9607.17 9609.87 9599.31 9586.79 9564.87 9537.7 9529.49 9534.67 9543.76 9540.08 9543.56 9553.77 9565.4 9578.33 9592.55 9601.71 9610.14 9619.46 9627.89 9634.47 9636.06 9635.54 9632.76 9621 9601.53 9583.44 9561.95 9550.07 9541.57 9533.72 9524.32 9523.9 9526.05 9529.96 9507.27 9475.92 9457.88 9454 9450.25 9435.18 9419.04 9404.08 9386.47 9367.34 9352.4 9341.02 9330.61 9322.74 9316.06 9307.74 9305.29 9306.75 9305.8 9302.4 9299.54 9294.61 9295.52 9293.14 9297.23 9302.81 9308.2 9313.53
9622.33 9621.75 9597.78 9591.37 9595.28 9601.22 9603.8 9591.88 9577.86 9562.53 9547.14 9537.63 9537.46 9539.8 9543.48 9553.25 9565.15 9578.05 9592.75 9607.22 9613.77 9620.24 9625.21 9630.12 9635.64 9635.3 9630.12 9620.51 9608.32 9596.53 9576.76 9559.05 9551.14 9543.1 9535.46 9528.55 9521.6 9518.02 9523.65 9475.04 9437 9416.34 9417.05 9419.15 9419.9 9414.67 9399.69 9381.52 9363.6 9349.89 9339.75 9328.82 9321.13 9311.63 9302.86 9300.28 9302.47 9302.91 9298.58 9293.79 9289.91 9281.42 9282.78 9287.36 9294.25 9299.68 9303.46
9602.16 9589.05 9575.22 9576.46 9583.77 9588.74 9586.31 9582.21 9561.09 9559.64 9555.23 9550.52 9541.1 9542.13 9555.89 9565.03 9575.9 9586.55 9598.23 9614.88 9622.87 9629.81 9636.55 9641.06 9640.97 9634.8 9623.37 9609.15 9595.83 9586.92 9551.38 9550.32 9546.65 9538.75 9530.76 9520.63 9507.03 9485.74 9449.38 9421.58 9415.46 9394.5 9385.27 9376.92 9390.57 9410.46 9390.7 9373.85 9360.61 9348.96 9341.14 9336.26 9326.42 9312.71 9299.92 9300.02 9304.65 9308.01 9308.39 9304.74 9300.99 9294.52 9284.35 9284.45 9288.22 9291.95 9293.19
9564.76 9565.59 9568.13 9576.55 9572.03 9573.76 9604.58 9602.16 9569.62 9552.51 9553.32 9551.17 9540.56 9545.29 9578.15 9580.14 9588.93 9596.21 9601.29 9611.65 9626.9 9638.77 9648.47 9655.7 9652.95 9637.3 9619.56 9599.94 9585.21 9559.47 9550.4 9551.55 9547.6 9537.09 9526.42 9512.59 9494.53 9466.38 9416.73 9398.23 9404.57 9382.82 9365.35 9351.25 9357.32 9379.57 9373.64 9359.8 9349.03 9342.01 9340.18 9339.35 9334.14 9318.78 9303.27 9306.39 9312.7 9317.88 9321.08 9319.44 9314.52 9309.52 9301.94 9292.63 9287.59 9285 9283.09
9559.81 9567.23 9580.21 9570.33 9559 9533.83 9514.96 9531.16 9580.95 9566.24 9557.05 9554.7 9547.02 9574.05 9592.38 9597.16 9601.65 9606.04 9610.79 9616.88 9631.37 9646.98 9658.43 9666.06 9658.24 9638.94 9618.83 9596.77 9571.54 9583.98 9580.45 9561.77 9549.6 9535.09 9521.64 9509.09 9493.3 9474.61 9462.3 9426.66 9389.31 9363.31 9365.29 9355.09 9349.58 9359.13 9357.68 9345.71 9329.44 9333.16 9336.81 9340.9 9340.66 9329.54 9320.26 9320.82 9324.22 9328.87 9332.35 9328.82 9318.98 9311.16 9307.04 9294.61 9286.83 9281.06 9275.45
9565.17 9567.53 9570.14 9599.95 9552.9 9496.26 9422.33 9448.22 9594.43 9576.92 9562.48 9562.5 9579.39 9604.15 9595.13 9613.55 9614.82 9617.03 9620.57 9626.14 9643.99 9655.3 9664.45 9668.93 9653.89 9636.88 9620.18 9606.27 9603.81 9600.2 9581.27 9567.5 9551.23 9537.49 9524.43 9505.56 9492.1 9480.06 9474.74 9463.36 9435.09 9410.06 9394.69 9380.32 9369.89 9361.72 9352.93 9341.15 9332 9331.85 9333.61 9332.15 9328.96 9338.3 9348.69 9335.6 9333.22 9337.06 9344.97 9338.63 9325.44 9310.07 9296.64 9290.57 9284.18 9278.18 9271.15
9558.78 9559.86 9571.38 9579.76 9549.33 9504.51 9458.55 9489.09 9606.49 9581.32 9565.63 9557.42 9606.51 9617.8 9609.7 9616.12 9625.26 9629.54 9633.96 9641.46 9656.28 9660.34 9662.99 9660.36 9647.46 9630.63 9617.93 9609.58 9605.18 9601.16 9587.14 9568.97 9552.17 9536.74 9521.36 9504.3 9493.15 9481.6 9470.29 9463.63 9453.16 9453.78 9422.97 9408.74 9403.63 9374.46 9357.67 9344.43 9334.18 9336.69 9336.86 9335.18 9333.8 9333.64 9334.38 9335.79 9334.98 9335.69 9338.72 9339.43 9337.06 9315.77 9294.61 9287.52 9280.85 9274.73 9268.03
9554.94 9554.66 9566.5 9565.03 9553.06 9538.6 9547.96 9597.9 9585.61 9578.91 9578.23 9581.76 9597.32 9607.03 9610.07 9627.72 9639.79 9643.66 9646.31 9654.07 9661.71 9661.14 9657.91 9650.96 9629.19 9619.77 9613.37 9607.53 9599.38 9585.72 9576.17 9566.34 9555.27 9541.08 9525.79 9513.47 9494.85 9478.97 9464.59 9456.28 9443.49 9435.72 9424.97 9415.19 9403.64 9382.11 9366.1 9359.34 9351.78 9347.15 9343.86 9341.65 9339.06 9332.57 9329.56 9333.64 9333.68 9329.67 9321.52 9329.55 9335.49 9317.04 9298.92 9287.35 9280.54 9274.13 9267.47
9548.06 9553.2 9566.55 9567.05 9563.75 9563.66 9575.85 9592.79 9589.13 9591.59 9592.1 9598.55 9593.5 9601.29 9621.43 9655.47 9659.57 9659.08 9657.14 9655.3 9658.68 9659.72 9651.57 9635.81 9619.68 9616.18 9611.71 9606.41 9592.72 9579.95 9573.98 9567.08 9557.54 9545.11 9528.49 9512.52 9495.82 9476.75 9458.61 9439.92 9435.88 9425.39 9416.53 9406.89 9395.07 9373.76 9367.99 9376.3 9371.03 9356.07 9349.63 9348 9347.57 9340.91 9337.16 9337.65 9336.14 9331.53 9324.16 9317.73 9304.66 9296.95 9289.69 9285.88 9281.22 9276.08 9269.37
9549.53 9556.8 9560.22 9568.86 9572.82 9573.16 9576.7 9576.42 9589.03 9596.29 9598.96 9601.12 9595.79 9601.05 9623.24 9664.9 9674.42 9671.91 9666.86 9663.3 9664.8 9664.91 9651.64 9634.58 9627.33 9618.16 9613.47 9612 9608.11 9596.05 9586.33 9576.79 9561.98 9544.07 9524.77 9508.46 9490.84 9478.08 9462.34 9452.15 9434.16 9423.57 9407.22 9391.88 9380.03 9369.36 9363.67 9363.07 9359.48 9352.56 9350.48 9351.03 9352.31 9355.39 9350.81 9344.94 9340.1 9336.22 9330.01 9314.85 9303.02 9295.74 9290.8 9286.81 9282.7 9278.05 9273.14
9548.13 9548.87 9551.93 9560.13 9568.68 9573.85 9577.38 9582.63 9584.19 9594.62 9602.68 9607.05 9608.17 9611.63 9626.35 9674.41 9684.73 9682.15 9677.42 9674.06 9678.47 9674.68 9655.31 9634.63 9617.26 9614.57 9617.04 9619.4 9620.9 9611.77 9605.66 9592.7 9567.3 9540.51 9514.2 9492.05 9475.34 9464.35 9462.41 9452.63 9438.55 9415.57 9392.63 9372.79 9357.03 9358.6 9347.88 9319.93 9331.74 9342.51 9348.22 9353.32 9356.37 9358.78 9357.57 9349.38 9341.17 9334.12 9325.76 9313.95 9305.3 9302.9 9296.58 9289.96 9284.84 9281.12 9277.45
9542.96 9541.19 9545.12 9552.05 9560.66 9570.77 9578.97 9585.34 9594.19 9601.31 9607.9 9614.91 9623.11 9622.46 9645.01 9682.73 9687.9 9686.64 9684.84 9688.24 9688 9679.35 9659.98 9637.37 9621.32 9617.37 9621.52 9625.42 9629.13 9625.06 9618.16 9601.34 9564.26 9530.92 9503.17 9481.05 9461.37 9451.67 9452.61 9458.8 9429.91 9391.21 9364.27 9350.8 9345.37 9343.25 9328.76 9325.1 9327.35 9336 9344.77 9353.96 9366.14 9372.68 9363.95 9350.69 9339.2 9328.28 9319.17 9311.83 9307.48 9306.92 9299.8 9292.74 9288.41 9285.09 9282.51
9540.11 9540.9 9548.68 9552.34 9557.74 9574.92 9588 9595.17 9605.7 9609.81 9612.09 9612.99 9611.03 9618.2 9662.22 9690.82 9688.7 9689.98 9690.75 9693.75 9695.65 9686.85 9666.5 9641.21 9622.52 9626.34 9625.83 9628.3 9629.67 9626.15 9610.67 9587.37 9553.45 9522.69 9493.46 9466.96 9441.35 9418.22 9399.94 9403.36 9383.13 9345.53 9322.94 9328.22 9336.2 9338.2 9328.71 9328.69 9327.65 9331.8 9338.84 9347.99 9361.22 9376.63 9359.91 9345.04 9333.53 9323.83 9315.27 9306.78 9302.65 9301.91 9297.98 9293.97 9290.54 9287.71 9285.41
9543.37 9547.29 9551.91 9553.91 9565.5 9589.32 9604.84 9613.98 9617.73 9618.29 9617.36 9616.89 9618.19 9622.33 9662.68 9705.23 9691.17 9694.69 9697.07 9695.75 9688.7 9697.67 9673.52 9647.78 9631.85 9625.26 9625.66 9627.26 9628.22 9618.55 9593.96 9561.9 9532.65 9502.52 9473.93 9445.63 9416.74 9384.53 9343.99 9315.9 9312.26 9310.38 9301.82 9314.18 9324.59 9332.7 9331.9 9324.29 9325.57 9327.65 9331.02 9335.55 9340.29 9341.19 9339.2 9331.99 9323.93 9319.05 9312.55 9306.41 9300.54 9296.73 9295.24 9292.9 9290.17 9288.17 9287.53
9548.98 9552.49 9553.11 9555.71 9593 9617.76 9623.68 9626.94 9630.89 9627.21 9625.88 9625.18 9633.11 9639.67 9673.99 9704.85 9697.41 9703.43 9706.13 9705.76 9707.31 9701.33 9675.15 9648.49 9627.88 9621.99 9618.52 9613.6 9606.85 9592.23 9562.68 9534.99 9507.36 9483.28 9456.9 9429.45 9399.4 9367.02 9334.93 9311.97 9307.04 9306.38 9309.26 9312.66 9318.66 9322.43 9326.99 9326.42 9324.09 9323.14 9323.11 9322.99 9321.53 9315.63 9318.79 9318.07 9313.11 9305.03 9307.91 9311.11 9302.46 9295.73 9294.27 9292.61 9290.52 9288.67 9287.24
9551.15 9554.94 9555.35 9570.89 9639.11 9650.89 9643.28 9638.17 9636.53 9636.82 9640.43 9641.11 9633.67 9656.66 9711.79 9730.74 9725.83 9724.93 9720.29 9714.67 9709.8 9697.85 9666.92 9644.5 9627.41 9618.7 9608.33 9595.84 9574.41 9545.39 9522.34 9500.21 9481.95 9462.83 9439.88 9412.55 9385.22 9356.54 9334.35 9317.92 9311.3 9309.97 9309.53 9314.02 9318.47 9321.88 9328.38 9324.28 9319.8 9316.95 9315.37 9312.77 9308.93 9304.4 9306.67 9309.06 9308.38 9307.19 9307.13 9307.37 9302.57 9297.34 9294.08 9291.39 9288.95 9286.68 9285.1
9547.05 9550.31 9552.17 9602.5 9658.75 9669.72 9659.5 9647.27 9638.98 9646.98 9661.24 9678.41 9696.06 9748.44 9794.17 9798.73 9777.91 9751.73 9731.08 9715.81 9701.88 9661.85 9647.36 9637.22 9629.15 9620.21 9592.83 9560.29 9535.5 9518.16 9501.54 9475.51 9462.02 9445.17 9421.56 9394.99 9369.88 9348.33 9330.35 9320.17 9312.35 9312.33 9314.29 9316.27 9319.92 9321.89 9317.98 9314.46 9312.57 9311.65 9309.13 9305.39 9300.71 9299.67 9302.93 9304.25 9305.79 9309.78 9305.91 9305.63 9303.96 9299.2 9294.34 9290.61 9287.89 9285.3 9282.92
9546.2 9550.04 9560.83 9624.17 9672.18 9675.86 9665.64 9656.83 9646.77 9658.74 9685.91 9722.65 9777.19 9814.91 9813.27 9803.41 9782.23 9756.8 9729.8 9707.33 9683.36 9647.71 9632.37 9626.44 9621.28 9608.91 9570.17 9511.97 9478.47 9468.31 9460.21 9468.08 9461.69 9434.23 9407.06 9381.98 9359.88 9339.94 9326.32 9320.58 9317.54 9314.3 9312.9 9316.46 9321.2 9320.7 9304.04 9305.37 9307.83 9306.63 9303.8 9301.78 9302.48 9304.44 9302.78 9299.93 9297.54 9295.88 9299.14 9300.47 9301.02 9297.22 9292.44 9288.71 9285.6 9282.78 9280.11
9558.75 9564.31 9582.48 9646.95 9679.66 9675.67 9672.1 9672.28 9656.62 9670.74 9703.49 9744.96 9793.81 9812.13 9796.47 9720.38 9737.1 9733.3 9712.92 9692.25 9676.31 9655.83 9617.82 9610.5 9611.11 9602 9540.86 9486.18 9447.7 9424.65 9421.96 9449.24 9450.67 9414.31 9388.84 9367.72 9348.2 9331.38 9318.27 9317.15 9314.56 9314.97 9316.2 9319.4 9323.54 9324.14 9302.83 9307.2 9307.29 9303.6 9299.65 9296.51 9296.51 9298.3 9298.1 9295.09 9292.35 9290.54 9289.68 9290.11 9291.29 9290.71 9287.95 9285.22 9282.34 9279.82 9277.58
