real_craters/C133-500m.grd
DSAA
166 166
-41.23 41.23
-41.23 41.23
2764.1694775545 4266.214962474
[rows 120 to 149 of 166, columns 67 to 133 of 166]
3751.78 3741.55 3743.26 3744.84 3747.54 3760.27 3777.21 3790.52 3792.02 3789.3 3785.1 3780.95 3784.44 3783.2 3782.36 3790.63 3814.3 3819.44 3823.89 3835.4 3847.62 3856.07 3848.3 3837.4 3828.63 3814.5 3792.46 3774.44 3760.36 3743.17 3729.17 3727.03 3727.38 3735.21 3729.06 3720.22 3711.89 3708.88 3705.59 3702.75 3705.57 3711.84 3719.41 3730.2 3750.66 3761.9 3761.37 3757.32 3758.63 3757.82 3755.67 3754.56 3756.07 3751.64 3741.47 3729.38 3724.77 3725.07 3726.16 3728.34 3730.86 3725.13 3716.46 3706.73 3697.4 3691.51 3682.25
3770.92 3760.83 3754.72 3750.22 3748.72 3759.29 3772.56 3783.73 3783.17 3776.3 3768.35 3769.11 3777.73 3775.71 3775.36 3780.04 3808.66 3823.02 3836.04 3844.5 3855.92 3859.92 3859.45 3861.64 3846.26 3830.38 3807.06 3787.27 3771.84 3757.2 3744.36 3738.16 3743.91 3752.12 3741.37 3728.77 3716.41 3713.5 3709.16 3703.16 3705.16 3710.42 3716.22 3728.95 3745.95 3754.26 3753.76 3750.86 3753.59 3755.06 3755.05 3755.95 3755.52 3747.48 3725.18 3714.99 3716.11 3715.5 3712.26 3713.63 3718.45 3719.25 3714.71 3706.72 3697.06 3687.99 3681.82
3774.92 3773.87 3765.68 3756.62 3753.57 3761.69 3777.95 3780.41 3773.9 3766.38 3762.05 3761.62 3771.19 3775.96 3780.47 3787.22 3806.67 3825.38 3839.27 3848.27 3862.1 3870.96 3861.28 3859.73 3855.29 3842.79 3821.99 3803.3 3788.9 3779.14 3778.37 3773.65 3769.22 3764.29 3752.17 3740.56 3732.12 3726.3 3720.57 3713.17 3713.2 3715.01 3718.19 3732.86 3750.46 3758.55 3756.95 3753.48 3755.3 3755.73 3755.63 3757.6 3762.45 3748.34 3724.05 3715.68 3716.32 3712.98 3706.46 3706.36 3715.44 3717.9 3714.17 3706.41 3696.14 3684.15 3680.08
3776.56 3776.39 3769.57 3758.24 3751.24 3753.88 3764.83 3766.82 3761.66 3755.45 3751.45 3754.93 3766.19 3783.93 3791.01 3796.38 3810.7 3823.3 3837.34 3848.06 3858.37 3863.33 3860 3856.91 3856.31 3844.09 3836.2 3816.89 3803.2 3793.68 3788.06 3781.24 3774.75 3769 3759.64 3750.84 3743.7 3740.54 3735.09 3731.28 3726.62 3725.19 3725.73 3742.63 3765.8 3775.7 3770.6 3764.14 3760.33 3756.25 3753.49 3752.94 3765.66 3752.14 3738.03 3736.49 3730.16 3718.63 3708.66 3707.1 3716.85 3720.06 3715.29 3707.47 3697.67 3685.99 3682.28
3772.29 3771.24 3765.16 3754.34 3744.95 3742.09 3748.44 3749.47 3748.31 3745.03 3743.77 3751.03 3763.38 3785.65 3796.1 3802.61 3811.66 3822.9 3836.4 3845.93 3852.66 3856.21 3861.5 3858.17 3852.29 3844.39 3832.63 3824.19 3812.94 3801.99 3789.71 3782.89 3778.65 3772.49 3765.22 3758.2 3753.55 3751.5 3746.5 3740.54 3738.01 3733.92 3732.45 3745.5 3780.17 3785.14 3787.16 3777.43 3763.63 3754.77 3748.66 3744.47 3745.3 3743.05 3736.16 3732.97 3736.11 3723.24 3712.07 3708.46 3719.63 3722.37 3716.04 3709.02 3702.01 3695.61 3691.42
3766.17 3762.09 3755.95 3748.01 3741.29 3738.57 3742.84 3738.78 3738.8 3738.31 3739.68 3750.98 3767.83 3786.47 3798.29 3807.53 3816.02 3825.31 3840.65 3843.74 3845.59 3853.83 3872.02 3873.85 3862.34 3858.89 3843.57 3832.53 3821.75 3811.25 3800.78 3790.64 3786.41 3777.16 3768.65 3761.74 3756.89 3755.16 3755.87 3753.53 3746.78 3739.93 3724.91 3722.24 3740.42 3747.73 3776.24 3769.26 3755.73 3749.02 3743.36 3736.45 3733.36 3731.35 3724.76 3718.21 3722.15 3720.67 3713.47 3711.3 3715.66 3717.59 3713.69 3709.02 3704.95 3702.51 3698.77
3758.12 3750.82 3744.73 3740.32 3737.97 3738.81 3740.46 3732.63 3733.54 3735.94 3740.2 3752.49 3769.47 3783.47 3801.18 3813.96 3821.52 3829.99 3850.4 3837.42 3829.37 3848.86 3870.61 3877.17 3869.93 3860.27 3851.51 3838.69 3828.69 3820.51 3812 3801.78 3791.02 3780.11 3770.48 3762.75 3757.13 3754.6 3759.44 3757.52 3747.44 3738.49 3715.87 3696.81 3690.76 3698.82 3705.61 3727.18 3737.54 3741.64 3741.11 3736.57 3729.74 3725.29 3721.14 3715.56 3718.04 3716.39 3711.33 3706.97 3708.98 3710.08 3708.85 3706.75 3704.44 3701.11 3696.34
3739.77 3731.68 3731.25 3729.37 3730.09 3734.23 3739.03 3731.17 3732.08 3737.14 3745.18 3757.33 3772.34 3784.93 3800.67 3814.01 3824.94 3832.49 3829.1 3824.11 3814.61 3826.74 3852.67 3868.51 3865.72 3851.57 3848.25 3839.39 3831.82 3826.07 3818.79 3807.63 3790.07 3779.78 3770.69 3762.97 3757.41 3755.54 3759.58 3754.41 3739.18 3720.78 3693.61 3685.55 3688.64 3680.19 3676.78 3700.96 3723.42 3737.84 3743.61 3735.29 3725.12 3722.92 3722.35 3721.79 3715.74 3712.66 3708.6 3705.35 3703.75 3702.45 3703.38 3703.34 3702.42 3699.95 3696.03
3720.54 3714.11 3713.02 3714.83 3717.09 3721.55 3725.3 3724.17 3729.66 3737.66 3748.78 3761.76 3774.35 3784.91 3794.77 3808.77 3821.55 3836.04 3817.02 3816.2 3819.09 3823.09 3835.53 3858.27 3864.48 3844.16 3843.22 3838.24 3831.71 3824.68 3816.36 3803.46 3787.91 3778.61 3769.93 3762.1 3756.11 3753.19 3757.4 3748.29 3727.43 3702.55 3678.84 3680.24 3685.91 3676.37 3675.17 3695.6 3720.23 3740.66 3751.98 3739.11 3725.78 3722 3719.24 3714.68 3710.61 3708.62 3706.68 3704.39 3701.94 3699.1 3699.35 3699.73 3699.44 3699.15 3700.08
3704.06 3700.57 3699.4 3699.69 3701.27 3703.08 3706.85 3717.87 3725.75 3735.68 3748.62 3763.17 3774.34 3782.01 3792.75 3803.25 3814.62 3821.76 3813.42 3812.82 3810.71 3812.28 3845.87 3853.49 3856.23 3845.31 3840.22 3835.68 3830.04 3822.89 3816.22 3806.54 3790.22 3778.53 3768.8 3760.7 3754.45 3750.57 3752.16 3741.42 3717.98 3689.74 3671.48 3677.25 3681.38 3673.98 3676.8 3696.63 3721.24 3745.53 3763.91 3750.81 3729.37 3722.51 3718.19 3710.96 3704.28 3704.91 3705.87 3705.67 3702.67 3697.29 3696.94 3696.19 3694.15 3691.6 3690.51
3688.45 3685.38 3683.81 3684.86 3687.16 3689.25 3695.35 3708.83 3719.26 3729.72 3741.67 3756.2 3768.18 3774.28 3784.69 3795.11 3804.99 3811.92 3813.34 3816.06 3814.15 3817.56 3837.98 3839.05 3833.44 3839.32 3836.23 3832.12 3828.08 3822.69 3816.16 3803.27 3789.96 3777 3766.91 3758.93 3753.06 3750.15 3752.43 3740.36 3717.81 3687.01 3669.52 3674.05 3675.86 3671.63 3678.43 3698.9 3724.68 3749.07 3765.03 3748.82 3730.77 3723.36 3718.92 3712.41 3705.72 3707.21 3706.51 3704.78 3702.32 3699.43 3697.48 3693.32 3687.26 3679.6 3669.44
3675.38 3675.25 3674.57 3675.45 3676.83 3678.04 3685.15 3699.19 3711.39 3721.5 3730.94 3739.83 3756.57 3766.51 3776.5 3787.39 3797.39 3803.14 3810.11 3820.27 3824.98 3817.76 3816.59 3821.9 3825.45 3829.53 3831.37 3829.14 3825.39 3821.87 3811.91 3792.43 3782.39 3772.19 3763.44 3756.36 3751.13 3749.61 3750.84 3745.67 3735.54 3706.34 3679.65 3673.35 3670.48 3668.67 3679.01 3700.59 3724.58 3747.84 3764.46 3744.37 3729.46 3723.34 3719.62 3714.83 3712.08 3714.09 3708.01 3700.73 3697.04 3701.77 3699.11 3690.7 3680.96 3669.25 3655.96
3664.92 3669.31 3669.75 3670.25 3670.26 3671.5 3676.97 3692.7 3704.24 3713.57 3722.86 3733.73 3751.81 3763.16 3772.71 3781.4 3788.71 3798.46 3805.04 3811.3 3810.8 3807.14 3805.59 3806.16 3809.53 3819.59 3824.23 3822.32 3818.72 3811.92 3802.98 3784.7 3773.92 3765.8 3758.58 3752.41 3747.09 3743.22 3743.15 3749.46 3762.71 3776.97 3721.77 3680.29 3677.65 3670.53 3683.66 3704.32 3722.77 3739.49 3750.05 3733.88 3723.85 3720.47 3721.42 3716.17 3714.82 3718.81 3708.61 3696.61 3690.06 3696.1 3695.54 3687.13 3676.05 3663.57 3649.93
3656.56 3663.22 3664.58 3665.35 3665.46 3667.17 3672.85 3683.12 3694.97 3706.31 3716.87 3729.48 3749.76 3758 3767.99 3776.34 3785.02 3791.71 3799.25 3800.59 3797.67 3795.59 3792.81 3790.01 3791.3 3815.71 3815.23 3812.96 3809.66 3805.5 3792.44 3773.09 3765.66 3759.42 3753.65 3748.19 3742.68 3737.3 3733.8 3744.38 3761.81 3772.27 3764.11 3746.33 3731.77 3716.34 3710.87 3713.29 3719.52 3726.4 3729.88 3715.7 3713.92 3713.8 3713.33 3713.22 3713.27 3718.75 3705.6 3693.52 3686.52 3690.76 3691.11 3683.31 3672.23 3660.74 3649.48
3650.78 3655.23 3658.53 3660.78 3661.62 3663.45 3668.91 3678.96 3689.89 3699.98 3710.88 3723.5 3739.78 3747.42 3758.94 3768.79 3777.57 3781.45 3791.58 3793.62 3789.46 3785.98 3781.3 3776.53 3778.44 3794.64 3799.26 3797.98 3795.68 3791.06 3779.99 3764.27 3759.63 3754.14 3749.12 3744.51 3739.23 3733.79 3726.39 3734.33 3747.73 3757.47 3763.36 3772.39 3760.13 3759.75 3733.04 3718.51 3713.89 3711.15 3704.44 3702.92 3704.31 3706.46 3709.34 3707.94 3705.75 3704.35 3697.98 3689.56 3683.7 3687.63 3688.67 3679.51 3668.19 3658.45 3650.52
3648.59 3650.48 3654.32 3658.45 3659.44 3661.94 3668.54 3676.41 3684.75 3692.83 3702.39 3714 3724.73 3729.93 3742.97 3756.7 3766.93 3773.85 3782.05 3785.46 3785.57 3780.38 3772.53 3765.39 3764.21 3776.4 3780.65 3780.21 3777.67 3773.37 3764.19 3753.3 3751.26 3747.3 3744.05 3740.86 3736.78 3729.77 3723.25 3725.24 3726.43 3732.84 3740.45 3736.84 3735.21 3726.62 3721.03 3712.09 3704.73 3698.78 3694.46 3694.65 3695.86 3698.32 3699.02 3699.37 3697.64 3696.83 3690.82 3684.91 3679.74 3683.4 3684.31 3672.78 3661.82 3653.76 3649.09
3648.99 3651.33 3653.5 3655.49 3658.92 3663.02 3667.09 3671.6 3677.22 3684.36 3692.05 3697.86 3702.58 3710.65 3725.83 3740.54 3754.12 3763.54 3766.75 3768.24 3774.8 3770.87 3762.96 3756.39 3756.3 3760.55 3763.09 3761.86 3757.94 3754.67 3747.25 3736.68 3736.74 3738.28 3737.9 3736.67 3735.71 3733.73 3723.46 3721.37 3715.61 3713.71 3718.97 3716.36 3712.55 3707.2 3705.47 3700.55 3695.18 3689.06 3683.93 3686.16 3687.54 3689.75 3691.91 3691.22 3691.49 3692.73 3684.39 3680.28 3678.38 3676.14 3673.28 3658.77 3649.56 3644.19 3641.56
3650.74 3652.86 3655.12 3656.48 3659.04 3662.52 3663.85 3666.45 3670.15 3676.16 3682.5 3687.41 3690.65 3694.84 3705.2 3722.24 3734.18 3742.24 3746.84 3749.59 3761.91 3757.56 3750.08 3745.47 3750.9 3749.56 3749.58 3746.84 3741 3736.66 3725.5 3718.32 3721.74 3728.95 3730.11 3730.29 3731.13 3731.94 3722.58 3723.74 3708.04 3705.1 3705.9 3703.99 3702.07 3699.06 3697.03 3693.46 3688.6 3682.59 3676.5 3678.35 3679.73 3680.29 3681.77 3683.61 3683.75 3684.37 3677.57 3671.32 3669.04 3657.79 3641.56 3636.86 3633.72 3630.5 3626.96
3654.05 3658.1 3661.76 3663.28 3662.66 3661.56 3663.1 3663.41 3663.77 3668.52 3674.55 3679.68 3680.44 3688.22 3693.82 3705.24 3709.97 3715.19 3723.23 3725.3 3740.29 3740.74 3731.99 3727.39 3740.04 3743.34 3737.95 3734.21 3729.51 3720.71 3705.39 3705.5 3712.26 3718.95 3720.85 3721.39 3721.58 3720.71 3713.48 3710.59 3699.12 3697.97 3699.64 3699.03 3697.02 3694.77 3691.49 3687.56 3682.37 3676.65 3673.17 3673.98 3675.02 3674.99 3676.94 3678.37 3678.15 3677.27 3668.77 3655.59 3641.51 3628.5 3619.45 3618.38 3618.85 3617.4 3613.9
3660.5 3670.89 3678.08 3678.9 3674.4 3668.56 3665.26 3662.9 3660.05 3662.24 3667.7 3673.13 3676.4 3681.5 3686.2 3689.38 3686.22 3689.5 3694.71 3705.63 3714.74 3715.31 3708.61 3703.51 3716.14 3718.37 3720.1 3722.46 3718.72 3709.94 3699.52 3698.6 3704.28 3707.83 3711.03 3711.73 3710.49 3709.25 3711.73 3706.51 3697.37 3695.18 3694.99 3694.36 3693.36 3690.73 3687.49 3684.11 3679.64 3674.12 3670.19 3671.71 3673.74 3673.57 3676.92 3674.08 3671.43 3667.28 3654.35 3637.92 3621.92 3610.44 3607.15 3607.58 3608.49 3608.24 3606.13
3670.74 3687.81 3700.22 3696.52 3689.57 3676.99 3666.1 3659.01 3653.68 3655.95 3662.43 3667.56 3671.4 3677.27 3678.97 3681.59 3678.65 3677.79 3678.45 3675.62 3684.49 3688.28 3684.39 3679.72 3692.47 3698.14 3703.68 3711.93 3715.99 3704.78 3690.38 3690.42 3696.38 3701.49 3703.32 3703.37 3701.94 3702.47 3706.8 3703.62 3698.08 3694.63 3693.58 3691.98 3690.44 3687.4 3683.73 3680.35 3677.55 3673.34 3668.21 3670.98 3675.71 3679.87 3672.14 3667.01 3661.5 3650.27 3634.62 3622.59 3610.31 3602.17 3601.79 3602.62 3603 3603.03 3602.5
3674.86 3692.93 3706.24 3701.34 3691.02 3674.97 3662.3 3652.22 3647.86 3652.61 3662.29 3666.55 3674.19 3680.45 3681.83 3680.87 3676.76 3671.55 3666.27 3665.9 3666.15 3666.42 3665.64 3663.99 3671.57 3675.82 3683.16 3695.73 3705.68 3695.26 3678.16 3678.7 3686.88 3692.29 3695.5 3696.23 3695.81 3697.05 3699.21 3698.63 3696.2 3692.67 3689.68 3689.1 3686.86 3683.11 3678.23 3674.53 3673.05 3670.45 3665.79 3666.7 3671.44 3676.32 3662.43 3656.07 3652.99 3644.87 3621.89 3610.46 3602.46 3598.09 3598.14 3599.13 3599.53 3600.27 3601.15
3666.74 3684.39 3696.73 3694.23 3680.52 3669.32 3657.28 3646.41 3647.27 3656.54 3668.76 3680.7 3686.31 3690.58 3687.31 3687.28 3672.67 3667.13 3664.05 3660.36 3659.06 3658.22 3656.23 3652.73 3657.5 3657.99 3660.94 3669.89 3671.81 3665.02 3654.58 3664.53 3675.54 3685.48 3689.49 3688.98 3688.62 3691.23 3694.66 3692.35 3687.55 3688.07 3687.74 3688.03 3685.36 3677.73 3668.99 3662.46 3660.27 3661.85 3656.08 3655.16 3657.32 3653.39 3644.05 3639 3634.63 3623.79 3603.92 3599.2 3595.8 3594.08 3594.36 3595.58 3597.45 3598.94 3601.02
3653.48 3671.89 3689.3 3686.76 3680.92 3666.94 3653.49 3643.68 3646.57 3658.33 3673.26 3692.28 3691.84 3698.69 3692.24 3683.76 3669.38 3661.96 3658.41 3656.06 3657.72 3656.41 3654.61 3652.97 3652.01 3649.87 3647.91 3651.39 3651.86 3646.42 3646 3652.73 3662.3 3672.19 3679.07 3677.29 3680.98 3684.36 3688.42 3690.06 3682.14 3681.49 3683.17 3684.48 3684.95 3668.46 3655.27 3644.43 3635.45 3627.16 3633 3638.28 3639.94 3633.66 3624.35 3620.23 3611.9 3597.73 3591.74 3591.08 3590.29 3589.97 3591.55 3594.2 3595.4 3597.9 3601.1
3645.28 3657.32 3669.94 3672.33 3671.8 3661.77 3649.71 3641.64 3641.76 3649.83 3664.07 3679.02 3684.6 3683.24 3681.13 3676.15 3663.14 3656.78 3653.52 3653.71 3654.1 3656.2 3657.24 3655.84 3653.1 3649.36 3646.18 3643.75 3643.37 3644.52 3643.19 3642.89 3642.52 3643.61 3650.14 3657.73 3665.15 3672.89 3679.47 3679.6 3671.22 3672.49 3670.33 3667.03 3661.53 3651.28 3638.37 3625.18 3612.86 3607.39 3616.35 3624.92 3625.93 3619.87 3614.46 3607.69 3598.35 3588.07 3587.02 3586.57 3585.96 3586.42 3587.43 3589.42 3591.87 3595.73 3600.28
3639.29 3645.37 3652.49 3658.26 3656.76 3651.27 3644.93 3638.54 3636.25 3638.15 3648.05 3656 3660.05 3662.14 3660.9 3659.62 3656.75 3653.09 3651.8 3653.73 3653.81 3658.43 3662.05 3661.03 3657.62 3652.65 3648.39 3644.06 3641.94 3641.16 3638.92 3636.46 3633.28 3630.26 3629.97 3638.5 3648.29 3658.6 3669.07 3671.61 3666.97 3664.16 3657.92 3648.74 3640.89 3633.66 3622.23 3608.93 3596.68 3596.71 3608.23 3619.99 3626.98 3618.59 3609.86 3600.28 3591.15 3584.02 3584.72 3582.78 3581.94 3581.53 3581.65 3582.65 3587.37 3593.07 3598.83
3634.75 3639.84 3647.76 3654.34 3654.75 3647.67 3640.74 3635.31 3632.61 3633.41 3637.52 3641.56 3646.57 3651.13 3655.14 3658.01 3654.69 3651.63 3650.12 3654.45 3656.3 3663.21 3669.42 3669.99 3663.85 3656.25 3649.86 3645.21 3640.9 3637.7 3634.48 3632.54 3631.16 3629.59 3624.86 3625.21 3629.04 3643.18 3657.18 3665.93 3661.63 3650.96 3643.77 3637.47 3629.85 3621.13 3609.91 3597.84 3587.78 3592.25 3603.61 3617.13 3630.67 3624.76 3606.42 3594.62 3586.3 3581.23 3578.53 3578.84 3577.97 3577.12 3577.29 3578.35 3583.87 3590.39 3596.91
3632.3 3637.74 3649.25 3656.26 3653.1 3643.53 3636.76 3632.43 3630.42 3630.94 3632.94 3637.33 3641.95 3646.49 3655.44 3665.42 3657.2 3652.04 3648.8 3653.61 3658.69 3669.06 3679.1 3679.79 3668.88 3658.46 3649.36 3642.88 3637.85 3631.61 3629.34 3628.58 3629.01 3629.93 3623.48 3618.82 3620.08 3628.61 3637.73 3641.17 3640.61 3637.56 3632.83 3631.2 3622.71 3612.18 3601.73 3591.49 3583.81 3588.99 3597.99 3607.71 3616.18 3604.56 3594.58 3586.48 3579.96 3575.13 3574.61 3575.32 3574.19 3573.11 3573.58 3577.24 3581.85 3587.5 3593.97
3633.14 3638.53 3646.44 3648.85 3645.22 3635.95 3632.76 3630.25 3629.1 3630.82 3633.91 3636.72 3640.26 3642.57 3650.21 3657.42 3657.37 3651.07 3647.74 3653.12 3658.45 3671.27 3686.36 3679.71 3670.74 3658.37 3650.82 3642.2 3633.95 3625.79 3624.84 3624.87 3624.54 3621.45 3617.65 3614.23 3614.08 3616.74 3616.96 3613.39 3614.79 3616.22 3615.75 3619.09 3612.3 3603.9 3595.91 3588.46 3583.69 3585.87 3590.66 3593.72 3591.04 3581.33 3580.19 3576.94 3572.95 3569.26 3568.95 3571.19 3570.79 3569.9 3570.77 3574.32 3578.71 3583.77 3589.44
3631.7 3644.65 3654.29 3653.84 3644.36 3634.36 3631.8 3630.18 3629.23 3631.66 3634.87 3638.19 3640.69 3641.86 3646.32 3652.78 3655.1 3652.14 3646.03 3648.61 3655.09 3667.57 3679.83 3678.83 3672.62 3660.93 3646.68 3637.71 3629.66 3622.71 3622.09 3622.16 3621.63 3619.72 3616.54 3613.11 3611.34 3610.01 3607.39 3603.73 3601.23 3601.99 3600.45 3596.64 3598.9 3595.76 3590.71 3586 3583.54 3583.75 3584.34 3583.54 3579.27 3572.34 3571.37 3570.03 3567.73 3565.48 3566.07 3568.18 3568.27 3567.96 3568.34 3571.52 3575.21 3579.43 3584.13
