real_craters/C133-300m.grd
DSAA
276 276
-41.23 41.23
-41.23 41.23
2763.7920427692 4259.7872368748
[rows 90 to 119 of 276, columns 201 to 267 of 276]
3841.5 3842.43 3836.2 3826.9 3820.28 3827.28 3831.99 3832.8 3831.7 3829.46 3826.29 3821.46 3813.84 3802.77 3788.99 3774.67 3762 3750.53 3742.42 3738.41 3738.41 3735.54 3721.16 3731.81 3740.55 3746.11 3747.94 3750.12 3753.54 3758.31 3763.67 3768.9 3774.74 3781.07 3787.87 3795.08 3802.82 3811.79 3820.94 3826.9 3824.63 3820.89 3815.66 3810.28 3806.72 3804.85 3804.51 3804.48 3801.86 3801.22 3803.19 3805.9 3806.88 3809.18 3812.27 3816.38 3815.41 3814.24 3814.76 3815.61 3816.34 3814.49 3813.15 3813.17 3813.06 3810.29 3804.56
3847.06 3846.69 3840.07 3834.76 3830.4 3830.72 3832.21 3833.18 3833.08 3832.01 3829.89 3826.39 3821.23 3810.99 3795.59 3780.4 3766.55 3754.4 3745.23 3740.35 3739.35 3737.89 3734.18 3735.15 3737.89 3739.91 3742.9 3746.82 3751.49 3756.8 3762.18 3767.05 3773.7 3781.4 3789.28 3796.66 3803.99 3811.76 3818.91 3823.08 3820.13 3814.93 3809.65 3805.74 3802.75 3800.76 3799.68 3798.84 3797.64 3797.77 3799.51 3802.18 3803.96 3806.54 3809.43 3813.56 3815.99 3818.08 3821.4 3824.42 3824.79 3823.69 3822.35 3821.71 3820.94 3816.69 3809.59
3841.57 3842.48 3839.58 3839.49 3838.95 3834.14 3833.18 3833.79 3834.4 3834.42 3833.47 3830.7 3824.89 3814.29 3799.3 3784 3769.64 3756.59 3746.37 3740.72 3740.61 3743.94 3748.01 3742.06 3737.38 3735.76 3738.35 3743.42 3749.15 3755.3 3761.52 3767.46 3774.6 3782.65 3789.89 3797.06 3803.96 3809.85 3813.91 3815.27 3812.27 3806.91 3802.01 3799.18 3796.84 3794.72 3792.82 3790.75 3790.88 3791.52 3792.66 3794.98 3798.31 3801.96 3804.86 3808.31 3813.4 3818.35 3823.26 3827.49 3829.31 3828.8 3827.56 3826.55 3825.31 3819.75 3811.58
3831.23 3834.02 3834.16 3832.54 3832.45 3832.42 3832.74 3833.8 3835.21 3836.3 3836.59 3835.15 3828.39 3814.62 3801.18 3786.62 3772.07 3758.54 3747.12 3742 3741.41 3741.92 3741.89 3740.04 3735.59 3733.1 3735.08 3740.51 3747.02 3754.16 3761.54 3769.65 3777.24 3783.49 3789.6 3796.06 3802.65 3806.84 3807.31 3806.4 3802.88 3798.5 3794.48 3792.3 3790.26 3788.17 3786.06 3784.22 3784.16 3784.82 3785.74 3787.59 3792.35 3796.86 3800.89 3803.95 3810.47 3816.73 3822.4 3827.99 3831.38 3830.82 3829.29 3827.47 3824.56 3818.89 3810.88
3831.5 3831.06 3829.6 3826.94 3827.3 3829.24 3830.32 3833.11 3835.54 3837.34 3838.66 3838.76 3832.35 3817.48 3803.82 3789.42 3774.9 3761.03 3749.41 3744.17 3742.64 3741.43 3739.84 3736.61 3732.88 3730.73 3732.56 3738.29 3745.25 3752.79 3761.29 3769.99 3778.29 3782.82 3787.8 3793.05 3798.3 3800.94 3799.04 3795.6 3792.87 3790.66 3788.12 3786.04 3783.93 3781.82 3779.88 3778.76 3778.27 3778.73 3780.1 3782.71 3787.58 3793.13 3798.76 3802.3 3808.11 3814.57 3821.19 3827.15 3830.8 3829.84 3827.97 3825.72 3822.46 3816.2 3808.46
3833.61 3830.31 3827.28 3825.36 3826.07 3828.31 3831.12 3833.4 3835.23 3837.44 3839.29 3838.9 3830.86 3820.54 3807.1 3792.79 3778.01 3763.91 3752.25 3746.5 3743.04 3741.31 3739.99 3733.62 3730.18 3728.99 3731.17 3736.91 3744.01 3751.73 3759.26 3767.71 3775.23 3779.98 3784.38 3788.31 3791.28 3792.07 3790.69 3787.45 3785.34 3784.44 3782.77 3780.52 3778.18 3775.89 3773.82 3772.44 3772.21 3773.37 3775.41 3778.36 3783.57 3790.23 3796.6 3800.29 3805.94 3811.93 3817.6 3823.79 3826.97 3826.49 3824.29 3821.39 3817.83 3811.88 3805
3829.75 3827.52 3825.51 3824.1 3825.36 3827.74 3830.98 3832 3833.89 3836.55 3838.91 3839.54 3832.19 3823 3810.27 3796.31 3781.65 3767.24 3754.6 3747.48 3742.59 3739.3 3735.78 3729.7 3727.59 3727.74 3730.28 3735.73 3742.52 3749.85 3757.11 3764.26 3770.41 3775.94 3780.4 3783.56 3784.75 3783.85 3784.47 3782.95 3781.22 3780.13 3778.07 3775.76 3773.25 3770.78 3768.56 3766.59 3766.69 3769.2 3771.88 3774.73 3780.52 3788.27 3794.62 3798.29 3804.07 3809.69 3814.43 3820.69 3823.15 3822.08 3819.18 3814.91 3810.4 3806.53 3801.27
3821.79 3823.96 3824.85 3824.73 3825.69 3826.37 3826.44 3828.5 3831.64 3834.79 3837.42 3838.79 3833.13 3824.97 3813.46 3800.29 3786.23 3771.88 3758.02 3747.82 3741.49 3736.38 3731.43 3726.56 3725.81 3727.03 3730.02 3735.62 3742 3748.79 3755.28 3761.43 3766.93 3772.43 3777.19 3780.38 3781.57 3781.4 3782.04 3781.54 3779.86 3777.53 3775.25 3772.07 3768.85 3766.46 3764.66 3763.49 3764.2 3767.18 3770.63 3774.18 3780.18 3787.95 3794 3797.35 3802.54 3808.03 3813.93 3818.16 3819.18 3817.26 3814.01 3809.72 3805.54 3802.13 3797.98
3818.25 3822.77 3826.7 3828.4 3827.56 3826.34 3825.26 3826.21 3829.25 3832.49 3835.1 3836.28 3833.4 3827.15 3816.75 3804.58 3791.42 3777.56 3762.07 3748.43 3741.22 3734.91 3728.73 3724.74 3725.62 3728.03 3731.93 3736.55 3742.24 3748.2 3754.31 3759.94 3764.75 3770.4 3775.46 3779.1 3781.2 3781.61 3782.4 3781.69 3779.35 3774.8 3771.05 3767.2 3764.35 3762.86 3762.14 3762.05 3763.28 3767.11 3771.56 3776.65 3782.46 3788.89 3793.25 3796.07 3800.86 3805.67 3810.06 3814.64 3814.32 3811.97 3809 3805.57 3802.12 3798.86 3795.4
3817.54 3823.33 3828.93 3831.58 3829.82 3827.31 3824.75 3824.64 3827.65 3830.69 3832.91 3834.26 3836.17 3829.78 3819.69 3808.53 3796.75 3784.25 3768 3751.72 3743.19 3735.81 3729.02 3726.14 3727.51 3730.02 3733.6 3737.68 3742.87 3748.58 3754.43 3760.04 3765.16 3770.4 3775.05 3778.91 3782.19 3784.97 3784.41 3781.22 3776.95 3770.63 3764.38 3760.43 3759.7 3759.88 3760.54 3761.96 3764.81 3767.84 3772.64 3780.04 3785.37 3790.13 3792.46 3794.99 3799 3803.79 3807.35 3808.89 3807.77 3805.63 3803.47 3801.55 3798.74 3795.92 3793.36
3817.97 3824.33 3830.67 3833.2 3831.75 3829.34 3826.51 3825.62 3828.06 3830.29 3831.69 3833.59 3836.75 3830.64 3821.21 3811.07 3800.93 3790.67 3776.1 3758.33 3747.21 3739.08 3732.83 3730.46 3731.25 3732.55 3734.9 3738.67 3743.64 3749.3 3755.06 3760.91 3766.63 3771.44 3775 3778.45 3782.02 3785.82 3784.37 3779.02 3773.45 3766.43 3759.01 3755.04 3756.26 3757.93 3759.64 3761.72 3764.25 3767.98 3772.06 3775.38 3785.8 3789.92 3791.66 3792.33 3795.06 3799.73 3801.64 3801.25 3799.53 3797.91 3796.68 3796.14 3794.29 3792.6 3791.34
3819.16 3824.58 3830.42 3833.43 3833.44 3832.64 3830.67 3828.97 3831.22 3831.63 3830.91 3831.22 3833.47 3828.6 3820.34 3811.12 3802.03 3793.5 3780.12 3762.35 3750.54 3742.81 3738.25 3736.92 3735.86 3735.39 3736.33 3739.53 3744.54 3750.24 3755.9 3761.6 3767.17 3771.54 3774.2 3776.66 3778.91 3780.36 3778.55 3774.26 3769.67 3763.23 3757.05 3753.87 3755.42 3757.51 3759.5 3761.74 3764.63 3767.92 3772.05 3777.54 3782.65 3786.23 3787.37 3787.23 3788.54 3790.71 3791.21 3790.37 3789.86 3789.09 3788.47 3788.01 3788.27 3788.5 3789.08
3819.67 3823.82 3827.24 3831.8 3834.77 3836.59 3838.24 3839.81 3838.22 3834.8 3831.1 3830.46 3830.43 3825.74 3817.88 3808.77 3799.33 3789.09 3774.85 3760.65 3751.03 3744.74 3741.85 3741.99 3739.83 3737.79 3737.59 3740.32 3745.68 3751.41 3756.85 3762.04 3766.59 3770.02 3772.68 3774.05 3774.36 3773.03 3770.53 3768.01 3764.48 3760.67 3757.52 3755.85 3757.22 3758.73 3760.17 3761.81 3764.21 3767.3 3771.67 3776.42 3779.62 3780.94 3780.51 3780.46 3780.45 3780.66 3780.09 3779.83 3780.22 3780.22 3780.1 3780.6 3782.09 3783.97 3786.04
3818.88 3823.65 3827.73 3832.19 3836.02 3839.72 3844.43 3849.27 3844.45 3838.39 3833.37 3831.88 3830.09 3823.13 3814.33 3804.52 3794.14 3782.86 3767.6 3756.36 3749.08 3744.1 3741.61 3741.33 3740.41 3739.36 3739.64 3742.31 3747.62 3752.99 3757.91 3762.53 3766.6 3770.04 3771.29 3771.6 3770.55 3767.75 3764.54 3763.29 3760.67 3759.56 3759.98 3760.7 3761.1 3761.25 3761.49 3761.99 3762.82 3766.01 3770.79 3775.34 3778.03 3777.69 3776.06 3774.51 3773.08 3773.32 3770.98 3770.72 3772.22 3772.58 3772.45 3773.37 3776.5 3779.56 3782.48
3815.79 3823.54 3831.24 3833.61 3836.35 3839.92 3844.06 3847.49 3844.67 3840.24 3836.46 3834.8 3829.3 3820.02 3809.81 3799.1 3787.85 3775.73 3761.4 3751.97 3745.95 3741.71 3738.98 3737.68 3739.47 3740.77 3742.77 3745.94 3750.41 3754.98 3759 3762.88 3766.3 3768.64 3770.08 3769.87 3768.44 3765.81 3763.3 3762.07 3760.44 3760.79 3763.55 3766.4 3765.49 3764.15 3763.19 3762.91 3763.03 3765.64 3770.21 3774.6 3777.01 3775.89 3773.69 3771.36 3769.68 3769.56 3767.6 3766.83 3767.15 3767.07 3766.94 3768.54 3772.31 3776.11 3779.38
3809.95 3819.39 3828 3831.28 3834.33 3837.55 3839.93 3840.25 3840.77 3840.94 3836.44 3830.97 3824.89 3815.66 3804.84 3793.18 3781.43 3769.86 3755.93 3747.84 3742.72 3739.01 3736.43 3735.34 3738.74 3742.33 3746.62 3750.95 3753.86 3756.75 3759.65 3762.78 3765.78 3768.71 3769.15 3768.64 3767.59 3765.99 3763.87 3764.03 3763.4 3764.11 3766.78 3769.05 3768.06 3766.08 3764.72 3764.2 3764.58 3766.6 3770.07 3773.6 3776.21 3774.72 3772.14 3770.07 3769.19 3769.31 3767.74 3765.69 3764.53 3763.86 3763.54 3765.77 3770.01 3774.12 3777.59
3803.2 3811.31 3819.2 3825.5 3830.54 3834.63 3836.92 3836.52 3839.02 3843.15 3843.48 3828.83 3820.67 3811.08 3799.77 3787.39 3775.29 3763.99 3750.92 3744.26 3740.21 3737.18 3735.07 3734.35 3738.24 3743.66 3749.88 3755.55 3756.58 3757.51 3759.06 3761.35 3764.11 3766.92 3767.37 3767.02 3766.9 3767.23 3768.5 3767.91 3767.83 3768.45 3768.81 3769.72 3768.6 3766.7 3765.62 3765.45 3766.08 3767.58 3769.83 3771.84 3773.01 3773.02 3770.74 3768.65 3767.65 3767.21 3765.79 3764.22 3763.14 3762.59 3762.8 3765.35 3769.59 3773.93 3777.73
3796.56 3803.28 3811.12 3819.39 3826.59 3832.62 3837.11 3840.05 3843.16 3845.15 3840.74 3828.99 3818.71 3807.71 3795.46 3782.22 3768.82 3757.12 3746.51 3742.03 3739.44 3737.23 3735.53 3734.86 3739.14 3744.59 3751.04 3757.07 3756.74 3756.22 3756.74 3758.26 3760.53 3763.45 3763.85 3763.89 3764.96 3766.98 3769.6 3769.78 3769.59 3769.7 3768.45 3767.86 3766.72 3765.61 3765.37 3765.92 3767.22 3768.76 3769.64 3770.09 3770.03 3771.12 3768.82 3766.48 3764.57 3764.08 3763.25 3762.79 3762.45 3762.47 3763.57 3766.31 3770.52 3775.15 3779.74
3790.88 3795.91 3804.27 3814.39 3823.68 3831.68 3838.99 3845.77 3849.56 3847.05 3839.23 3828.59 3817.98 3806.06 3792.86 3778.72 3764.72 3752.91 3744.55 3742.36 3741.28 3739.92 3738.33 3737.09 3739.69 3745.04 3749.82 3753.55 3753.18 3752.5 3752.67 3753.5 3754.79 3756.35 3757.29 3758.7 3761.12 3764.2 3767.41 3768.31 3767.96 3767.23 3765.62 3763.88 3762.92 3763.16 3763.92 3765.31 3767.2 3769.17 3768.89 3768.49 3768.8 3768.48 3766.39 3764.13 3762.1 3761.23 3761.56 3762.16 3762.54 3762.89 3764.02 3767.6 3772.07 3776.91 3782.13
3785.71 3790.49 3799.66 3810.74 3821.23 3831.05 3840.05 3848.07 3851.76 3847.73 3837.64 3828.98 3818.79 3806.51 3792.74 3777.99 3763.27 3751.89 3746.45 3746.22 3746.34 3746 3744.53 3742.31 3743.07 3747.02 3748.44 3748.09 3747.36 3747.5 3747.85 3748.07 3748.2 3748.04 3749.15 3752.2 3755.93 3759.79 3762.88 3764.43 3764.52 3763.58 3761.67 3759.91 3759.25 3760.19 3761.7 3763.52 3765.47 3767.3 3766.94 3766.22 3765.31 3764.83 3763.68 3762.05 3760.6 3760.05 3761.64 3762.66 3763.56 3764.32 3765.69 3769.49 3773.89 3778.52 3783.37
3782.08 3788.28 3798.1 3808.94 3819.69 3829.98 3839.6 3847.82 3851.97 3848.77 3841.11 3832.99 3821.55 3809.22 3795.67 3780.83 3765.77 3754.65 3752.98 3754.53 3755.58 3755.83 3754.76 3752.35 3750.4 3752.51 3750.41 3744.92 3742.57 3743.63 3744 3743.6 3742.54 3741.42 3742.13 3745.69 3750.31 3755.02 3759.17 3761.33 3760.68 3758.82 3757.49 3756.22 3755.76 3757.03 3758.95 3760.97 3762.81 3763.71 3764.63 3764.25 3762.61 3761.71 3761.62 3760.76 3759.52 3760.69 3762.68 3763.86 3765.29 3767.05 3769.11 3772.16 3775.83 3779.86 3783.78
3780.08 3789.89 3798.6 3808.01 3818.14 3827.85 3837.53 3846.03 3851.54 3849.88 3844.32 3835.5 3824.84 3813.65 3801.72 3788.52 3773.66 3765.8 3766.11 3767.44 3768.41 3768.97 3768.84 3767.99 3765.84 3764.32 3758.92 3749.11 3743.35 3743.24 3742.61 3741.01 3738.76 3736.55 3736.39 3739.96 3744.93 3750.18 3755.22 3758.21 3757.04 3755.24 3754.03 3752.9 3752.46 3753.94 3756.06 3758.39 3760.59 3762.42 3763.71 3763.93 3762.78 3761.74 3761.42 3761.02 3760.84 3762.44 3763.66 3764.71 3766.76 3769.88 3772.49 3774.53 3777.53 3781.09 3784.52
3778.21 3790.28 3798.49 3806.87 3815.77 3824.78 3833.73 3842.12 3848.4 3846.66 3840.64 3834.92 3827.15 3818.61 3809.84 3801.2 3792.63 3788.61 3784.33 3782.8 3782.71 3783.61 3785 3787.14 3788.73 3785.09 3774.01 3760.38 3750.61 3747.27 3744.08 3740.61 3737 3733.79 3732.38 3735.5 3740.09 3745.18 3749.94 3753.02 3752.96 3752.48 3751.23 3749.94 3749.7 3751.13 3753.4 3756.01 3758.73 3761.45 3763.65 3764.93 3765.11 3763.72 3762.74 3761.86 3761.67 3763.14 3763.51 3764.21 3766.55 3770.36 3773.23 3775.5 3778.5 3782.14 3785.87
3778.77 3789.2 3797.01 3804.44 3812.1 3820.04 3827.88 3835.15 3841.27 3839.35 3836.93 3833.69 3828.6 3823.04 3817.65 3813.61 3810.36 3806.7 3800.43 3797.26 3796.32 3797.5 3800.03 3804.65 3810.96 3806.81 3791.08 3775.27 3762.97 3754.38 3747.9 3742.16 3737.04 3732.88 3731.36 3732.19 3735.85 3740.43 3744.59 3746.98 3748.25 3748.43 3747.53 3746.49 3746.55 3748.18 3750.62 3753.53 3756.66 3760.12 3763.22 3765.86 3767.03 3766.09 3763.96 3762.1 3760.39 3759.3 3760.28 3761.58 3764.25 3768.22 3771.56 3774.77 3778.42 3782.54 3786.65
3776.02 3786.62 3794.6 3801.44 3808.23 3814.58 3820.51 3825.68 3829.14 3829.21 3833.07 3831.73 3828.79 3825.7 3822.89 3820.6 3818.27 3815.05 3811.19 3808.45 3807.4 3808.72 3811.36 3815.7 3820.51 3818.84 3803.85 3787.59 3773.52 3761.81 3752.67 3744.96 3738.15 3732.49 3728.59 3729.14 3732.35 3736.47 3740.46 3743.75 3743.8 3743.07 3742.29 3742.42 3743.33 3745.21 3747.9 3750.91 3754.13 3757.43 3761.1 3765.36 3766.73 3764.96 3763.23 3761.25 3758.79 3755.94 3755.8 3757.61 3760.49 3763.97 3768.51 3772.92 3777.43 3782.2 3786.85
3776.6 3785.91 3792.77 3798.9 3804.72 3809.53 3813.52 3816.07 3816.99 3819.36 3827.13 3827.98 3827.2 3826.39 3825.59 3824.47 3822.08 3820.2 3817.79 3816.04 3815.18 3816.18 3818.08 3820.49 3822.12 3822.82 3811.03 3795.31 3780.2 3767.62 3757.33 3748.37 3740.33 3733.26 3727.89 3727.61 3729.9 3733.4 3736.94 3739.65 3739.62 3738.23 3737.25 3738.5 3740.07 3742.35 3745.31 3748.43 3751.58 3754.89 3758.55 3762.28 3762.98 3762.4 3760.48 3758.27 3755.78 3752.22 3751.33 3753.45 3756.65 3760.87 3765.64 3770.8 3775.95 3781.2 3786.6
3779.44 3784.94 3790.9 3796.47 3801.06 3804.76 3807.29 3808.39 3809.01 3812.5 3819.21 3822.71 3824.33 3825.3 3826.49 3827.49 3825.59 3823.97 3821.9 3820.52 3819.75 3820.21 3821.36 3822.23 3821.95 3823.66 3814.71 3799.82 3784.13 3771.98 3761.63 3752.11 3743.36 3735.45 3729.25 3727.59 3728.81 3731.25 3733.9 3736.28 3735.95 3734.88 3734.81 3735.44 3737.12 3739.87 3743.35 3746.75 3749.42 3751.78 3754.11 3757.15 3757.57 3757.9 3755.7 3754.54 3752.02 3748.12 3747.54 3750.14 3753.39 3757.63 3763.25 3768.91 3774.41 3779.7 3784.8
3777.93 3782.92 3789.68 3794.7 3798.52 3801.06 3802.48 3803.27 3803.03 3805.24 3812.05 3817.8 3820.93 3823.06 3824.87 3827.81 3827.65 3825.64 3823.62 3822.36 3821.72 3821.83 3822.3 3822.56 3822.4 3823.88 3816.51 3802.98 3788.01 3776.43 3766.16 3756.31 3747.21 3739.01 3732.57 3729.55 3729.18 3730.09 3731.36 3732.35 3732.01 3731.42 3732.04 3732.9 3735.08 3738.45 3742.76 3746.42 3748.72 3750.02 3751.12 3753.82 3754.33 3753.71 3752.02 3751.27 3749.08 3746.02 3746.22 3749.05 3751.96 3755.99 3762.22 3768.08 3773.48 3778.3 3782.79
3779.28 3784.75 3790.54 3793.95 3797 3798.5 3800.06 3801.06 3801.68 3804.45 3810.27 3814.95 3817.91 3819.66 3820.67 3821.35 3825.57 3824.42 3822.74 3821.89 3821.43 3821.36 3821.61 3821.66 3821.54 3821.01 3816.35 3805.55 3793.59 3782 3771.03 3760.8 3751.43 3743.26 3737.06 3733 3730.57 3729.92 3729.8 3729.52 3728.9 3728.25 3728.07 3731.37 3735.12 3739.35 3744.64 3748.28 3750.57 3751.12 3750.68 3753.74 3754.39 3753.39 3751.83 3750.2 3749.1 3747.78 3748.54 3751.29 3753.71 3757.63 3763.41 3768.77 3773.49 3777.7 3782.04
3781.47 3792.82 3792.01 3793.57 3795.33 3797.36 3799.28 3801.09 3802.86 3806.91 3811.37 3813.85 3815.61 3816.59 3816.67 3816.06 3819.73 3820.6 3819.91 3819.53 3819.42 3819.58 3819.88 3819.81 3819.69 3818.94 3815.35 3807.08 3797.29 3786.66 3775.66 3765.33 3755.65 3747.34 3740.46 3735.52 3732.17 3730.66 3729.8 3728.77 3727.78 3727.69 3727.76 3732.54 3738.8 3745.07 3749.34 3752.83 3755.29 3756.3 3756.12 3758.54 3758.52 3756.49 3753.84 3752 3751.64 3752.3 3754.15 3757.26 3759.18 3762.49 3766.97 3771.02 3774.64 3777.9 3781.86
