real_craters/C133-1000m.grd
DSAA
48 48
-23.56 23.56
-23.56 23.56
7853.0877484192 9659.9069821757
8962.08 8964 8967.02 8971.6 8966.24 8962.07 8959.87 8958.34 8958.66 8961.16 8967.45 8971.62 8966.26 8971.44 8976.51 9001.98 9032.9 8999.78 8977.36 8968.89 8962.79 8963.83 8937.59 8914.29 8919.26 8926.97 8908.74 8897.6 8878.32 8869.05 8867.4 8861.75 8849.84 8842.88 8834.51 8824.95 8825.05 8831.93 8836.54 8845.91 8853.1 8855.25 8834.06 8810.86 8797.76 8797.36 8806.49 8810.74 
8973.92 8970.01 8970.63 8969.89 8963.55 8962.38 8959 8957.32 8956.22 8956.99 8956.99 8958.75 8957.87 8969.34 8978.81 8988.23 8990.38 8986.27 8962.93 8963.87 8976.84 8990.77 8976.69 8932.3 8917.75 8922.71 8917.64 8916.07 8912.37 8882.86 8870.42 8869.7 8860.21 8850.49 8841.92 8838 8829.36 8834.48 8837.27 8845.83 8849.54 8848.86 8835.83 8816.64 8801.29 8800.5 8809.22 8811.01 
8974.65 8971.58 8970.84 8963.93 8965.38 8961.75 8960.02 8958.22 8956.41 8952.76 8945.33 8956.34 8965.1 8972.33 8981.12 8973.2 8966.16 8964.17 8961.62 8966.73 8985.25 9007.73 9003.19 8951.19 8921.5 8937.54 8939.2 8921.39 8911.91 8886.09 8883.46 8872.71 8866.88 8859.91 8857.81 8855.78 8843.54 8837.72 8840.64 8848.21 8857.95 8856.61 8839.36 8820.53 8804.78 8799.22 8801.72 8797.82 
8972.81 8971.18 8966.66 8954.29 8957.87 8958.65 8959.4 8959.42 8957.88 8954.13 8952.25 8950.95 8959.31 8963.4 8962.5 8960.71 8957.34 8963.55 8965.9 8973.56 9020.4 9046.31 9034.83 8974.64 8932.94 8934.24 8939.04 8925.67 8910.29 8891.71 8881.99 8881.12 8874.68 8878.92 8884.17 8875.09 8856.51 8838.3 8831.1 8839.99 8853.37 8853.8 8838.82 8822.61 8810.23 8801.28 8793.74 8784.08 
8969.77 8968.33 8969.16 8956.4 8953.61 8957.26 8958.64 8960.83 8961.3 8959.86 8955.65 8961.42 8964.64 8958.65 8952.17 8954.71 8953.58 8948.67 8959.21 8986.42 9024.3 9044.03 9039.44 8989.95 8949.49 8926.17 8932.1 8946.4 8932.56 8905.18 8893.63 8890.12 8894.35 8893.4 8889.4 8887.98 8866.31 8846.99 8843.79 8843.76 8843.51 8845.23 8834.47 8820.14 8805.54 8793.57 8789.39 8784.6 
8966.73 8964.13 8956.58 8957.68 8958.48 8960.21 8962.83 8964.75 8966.68 8968.8 8970.11 8964.66 8962.01 8956.06 8953.88 8948.98 8941.06 8940.64 8963.27 8986.67 9009.82 9032.22 9033.08 9013.69 8966.96 8931.51 8937.37 8931.41 8942.52 8923.21 8910.61 8906.12 8908.82 8889.45 8867.63 8865.85 8862.94 8860.54 8864.05 8850.31 8841.18 8835.58 8828.66 8817.44 8798.73 8784.02 8795.64 8798.26 
8967.81 8966.55 8966.13 8962.09 8960.3 8964.43 8966.92 8968.34 8969.91 8971.3 8967.34 8954.35 8958.53 8957.59 8955.17 8950.16 8936.21 8928.34 8947.79 8969.91 9009.39 9016.89 9034.78 9030.05 8993.02 8934.91 8940.02 8960.47 8980.75 8967.63 8928.19 8901.09 8879.1 8875.37 8856.89 8853.53 8857.5 8853.29 8860.79 8843.14 8822.04 8827.26 8829.77 8824.52 8821.97 8829.88 8820.07 8819.5 
8977.43 8971.51 8970.8 8970.81 8970.01 8971.11 8972.27 8972.79 8971.33 8968.2 8956.65 8951.28 8963.73 8978.59 8968.16 8956.55 8943.58 8944.03 8952.78 8976.93 9008.98 9014.3 9033.25 9028.69 8978.38 8940.61 8944.31 8923.55 8954.41 8966.27 8898.28 8889.73 8887.18 8879.6 8871.55 8850.11 8861.86 8872.55 8858.88 8841.95 8829.62 8831.02 8835.82 8837.9 8840.67 8842.21 8839.38 8837.57 
8984.38 8977.14 8971.6 8973.24 8975.09 8974.85 8975.59 8975.88 8974.11 8966.41 8956.86 8950.88 8968.76 8976.8 8972.75 8969.62 8955.56 8955.25 8982.82 8997.77 8999.78 8996.13 9025.87 9003.73 8973.2 8942.05 8912.63 8918.96 8936.62 8949.73 8929.17 8892.34 8894.61 8891.49 8881.12 8866.04 8864.68 8861.54 8850.3 8840.19 8837.77 8839.16 8840.92 8845.57 8851.53 8852.71 8852.08 8845.39 
8987.43 8985.05 8980.84 8976.61 8976.57 8977.25 8978.19 8978.89 8979.2 8978.3 8976.26 8968.28 8980.84 8977.87 8975.88 8980.21 8959.91 8984.63 8998.46 9016.54 9000.74 8989.41 9009.8 9021.88 8998.88 8939.6 8904.38 8919.89 8936.09 8942.54 8907.32 8884.63 8908.15 8901.19 8884.53 8863.41 8863.29 8863.63 8853.24 8852.86 8853.99 8846.69 8849.41 8856.3 8863.87 8867.07 8866.42 8859.83 
8996.14 8995.78 8998 8992.6 8984.03 8979.32 8980.36 8981.46 8984.54 8989.12 8981.81 8990.08 8990.55 8991.06 8983.89 8977.34 8972.99 8999.59 9025.11 9060.68 9042.29 9037.61 9031.58 9042.96 9017.86 8979.07 8928.73 8924.69 8938.72 8934.94 8895.02 8889.45 8921.51 8905.71 8879.44 8870.97 8867.07 8867.95 8880.41 8871.08 8849.82 8849.02 8856.68 8861.87 8869.72 8876.46 8876.69 8875.18 
9004.72 9011.16 9014.61 9001.99 8978.22 8982.12 8982.7 8982.5 8985.61 8986.97 8991.62 8993.96 8991.69 8985.44 8984.86 8982.85 8973.54 9012.43 9056.71 9059.18 9105.94 9262.65 9183.76 9116.11 9131.31 9119 9027.08 9007.97 8985.19 8941.04 8923.32 8903.54 8892.42 8892.28 8885.88 8885.53 8890.92 8896.2 8884.4 8872.29 8853.53 8857.1 8865.19 8868.89 8873.91 8877.88 8879.51 8881.89 
9028.88 9018.07 9006.92 9001.04 8997.41 8990.24 8987.98 8986.79 8984.1 8985.6 8987.1 8992.67 9001.55 8990.47 8972.49 8969.33 8988.97 9049.73 9107.67 9125.57 9395.03 9563.51 9407.63 9395.59 9464.6 9447 9310.08 9161.51 9127.87 9082.67 8999.24 8932.68 8918.45 8916.21 8891.96 8903.56 8913.35 8924.74 8940.66 8889.57 8885.71 8883.31 8876.75 8878.08 8881.25 8878.73 8877.44 8884.77 
9029.85 9018.46 9013.79 9006.25 9001.21 8998.2 8995.69 8992.12 8984.95 8977.52 8990.3 8997.42 9006.25 8988.3 8969.64 8967.95 9014 9135.04 9259.58 9320.73 9471.19 9454.92 9425.32 9510.16 9555.86 9566.76 9659.91 9520.55 9366.47 9263.2 9148.15 9085.6 8918.2 8934.53 8921.95 8943.2 8948.22 8970.21 8946.72 8924.55 8915.27 8895.96 8887.73 8886.58 8891.11 8889.82 8890.21 8894.21 
9024.67 9017.2 9010.93 9012.16 9013.1 9005.9 9000.44 8996.94 8996.58 8986.83 8993.56 9002.22 9005.12 9007.9 9010.28 9031.5 9078 9363.11 9430.73 9392.76 9272.56 8995.49 8843.4 8876.27 9000.14 9128.73 9171.21 9172.94 9342.95 9392.77 9294.82 9226.39 9058.25 8924.75 8970.14 8959.45 8945.98 8981.85 8883.33 8954.52 8941.95 8905.9 8894.15 8896.03 8905.31 8913.38 8917.27 8918.62 
9029.54 9020.69 9015.52 9018.08 9016.71 9009.51 9002.06 8998.73 9002.15 9002.04 8990.7 9003.55 9020.12 9094.39 9166.6 9275.75 9405.92 9279.07 9053.1 8838.2 8638.64 8423.91 8291.84 8340.28 8471.88 8657.48 8774.82 8780.95 8907.35 9046.67 9207.74 9398.31 9227.52 8955.54 8942.92 8945.73 8938.27 8958.74 8974.89 8978.76 8940.77 8901.99 8892.47 8899.83 8918.86 8939.73 8954.84 8950.53 
9039.15 9029.8 9027.39 9021.06 9013.39 9004.71 8996.78 8991.19 8983.43 8987.5 8993.76 9005.57 9032.89 9223.88 9469.29 9535.54 9358.82 8824.87 8492.26 8274.78 8146 8114.8 8098.05 8141.8 8238.59 8348.36 8408.55 8620.52 8676.78 8649.88 8641.43 8918.41 9191.82 9021.51 8993.29 8979.11 8970.91 8948.42 8945.19 8942.98 8912.61 8874.79 8881.35 8901.45 8930.79 8959.88 8988.36 8976.65 
9047.84 9036.05 9029.66 9019.31 9005.69 8994.45 8989.29 8984.63 8980.19 8983.38 8988.99 9016.26 9078.39 9290.25 9431.27 9410.75 8940.25 8428.28 8210.73 8121.98 8065.82 8063.09 8095.99 8140.78 8150.4 8207.51 8278.08 8374.08 8435.79 8473.38 8506.74 8520.56 8920 9163.58 9027.44 8996.51 8995.11 8958.42 8943.14 8922.84 8891.15 8854.42 8874.85 8903.91 8937.08 8970.03 8996.49 8989.4 
9046.25 9045.83 9033.1 9018.84 9002.33 8989.99 8987.14 8983.32 8981.57 8982.56 8996.62 9030.36 9130.77 9340.44 9381.03 9109.94 8565.34 8111.74 8078.65 8005.72 7974.57 7998.26 8019.01 8040.78 8052.62 8118.09 8182.94 8223.01 8353.67 8400.75 8441.47 8463.69 8697.2 9108.12 9115.8 9047.77 9002.6 9002.12 8956.82 8920.84 8892.33 8874.52 8883.66 8908.75 8940.84 8970.37 8995.45 8993.19 
9054.78 9048.13 9038.21 9021.33 9008.39 8996.43 8992.18 8986.79 8974.81 8990.36 9008.89 9047.24 9189.37 9393.95 9311.46 8833.6 8277.88 7947.25 7892.61 7886.94 7914.56 7930.67 7939.72 7961.66 8002.61 8049.99 8074.53 8112.09 8205.81 8328.79 8406.68 8465.23 8643.24 9066.16 9268.44 9093.7 9004.68 8988.55 8952.56 8915.89 8899.37 8885.29 8897.1 8919.39 8946.43 8966.21 8979.64 8975.8 
9071.99 9057.2 9033.46 9023.8 9016.63 9013.89 8999.81 8991.91 8993.75 8991.08 9018.77 9060.63 9198.68 9380.12 9180.48 8575.72 8095.67 7862.35 7863.08 7853.09 7891.69 7936.7 7969.19 7991.53 7990.15 8010.69 8044.75 8072.89 8142.8 8287.14 8452.1 8488.66 8585.96 8894.77 9181.9 9111.97 9015.39 8970.95 8942.7 8923.26 8914.78 8911.42 8924.12 8941.46 8957.13 8965.86 8968.21 8962.74 
9063.79 9052.21 9037.75 9025.25 9020.34 9015.21 9004.79 8994.52 8983.67 8977.07 9015.11 9073.43 9194.39 9287.78 8964.38 8357.46 8042.54 7938.36 7918.76 7960.8 7964.31 8009.66 8054.06 8069.35 8033.13 8000.53 8019.04 8052.04 8098.46 8226.09 8353.21 8490.31 8664.26 8813.34 9070.12 9225.9 9049.38 8972.14 8934.49 8924.25 8934.61 8951 8963.61 8968.8 8971.9 8971.05 8966.06 8959.21 
9066.76 9048.7 9027.35 9028.06 9026.24 9018.7 9012.44 9002.38 8984.16 8982.61 9024.45 9092.88 9187.66 9190.49 8802.59 8269.88 8093.9 7947.96 7929.54 7970.07 8036.01 8093.38 8136.3 8149.66 8080.79 8015.52 8001.17 8028.45 8064 8181.11 8312.87 8375.65 8580.51 8841.39 9073.14 9246.3 9041 8964.01 8919 8933.82 8956.71 8983.8 9003.09 8996.23 8988.45 8984.4 8972.6 8952.39 
9069.02 9046.54 9049.9 9038.07 9034.82 9034.76 9028.02 9013.7 9008.45 9007.34 9045.57 9112.22 9171.46 9153.22 8778.85 8475.89 8248.51 8023.91 7949.92 7983.9 8060.75 8147.22 8175.68 8152.28 8103.75 8040.47 7986.09 7945.47 8034 8169.19 8274.31 8378.56 8504.39 8693.74 9095.48 9260.15 9003.44 8947.59 8932.32 8942.96 8967.74 8998 9017.97 9011.68 9003.53 9005.26 8999.49 8990.05 
9065.81 9056.35 9043.01 9037.48 9040.82 9049.38 9045.16 9036.65 9025.48 9027.56 9063.65 9119.23 9139.8 9006.57 8775.59 8588.68 8307.82 8071.74 7951.96 7967.46 8081.87 8187.8 8221.24 8159.21 8106.42 8060.18 7988.92 7953.9 8016.91 8104.28 8188.32 8267.18 8425.29 8814.96 9391.16 9099.83 8983.5 8933.52 8925.04 8947.79 8978.03 9004.58 9015.18 9017.09 9012.06 9018.03 9018.86 9024.02 
9074.57 9059.26 9035.79 9036.7 9041.8 9043.64 9042.46 9044.29 9038.47 9047.1 9076.32 9122.62 9194.36 9114.28 8822.26 8568.08 8323.99 8130.14 8016.73 8012.44 8069.17 8145.34 8165.9 8142.89 8089.62 8018.33 7991.57 7958.51 7956.41 7983.01 8040.87 8136.58 8417.72 8964.09 9321.04 9041.17 8963.01 8933.98 8943.39 8974.07 9000.05 9011.77 9019.21 9015.04 9011.45 9016.58 9015.41 9005.93 
9085.36 9072.85 9054.9 9055.11 9049.97 9040.74 9037.09 9045.63 9046.36 9063.16 9102.38 9158.18 9327.1 9263.91 8837.08 8584.56 8357.96 8190.28 8113.88 8097.31 8106.79 8103.65 8106.45 8103.15 8085.94 8057.82 8028.36 8005.34 7976.44 7982.53 8019.57 8117.08 8486.46 9028.8 9301.93 9009.7 8967.22 8953.51 8968.48 8999.56 9019.2 9020.48 9006.83 9009.86 9008.49 9008.46 9004.58 8992.35 
9092.43 9082.79 9079.71 9080 9065.29 9051.54 9040.76 9058.1 9064.56 9086.73 9120 9193.23 9402.77 9374.99 8865.86 8701.1 8457.37 8269.13 8200.51 8160.81 8155.09 8140.48 8123.92 8110.72 8096.9 8084.61 8068.5 8065.46 8059.43 8032.32 8113.66 8293.69 8638.61 9157.25 9225.72 9047.85 8981.22 8980.39 8992.98 9020.22 9043.24 9028.61 9022.43 9016.16 9010.71 9002.82 8995.72 8987.11 
9108.59 9097.79 9088.28 9090.3 9082.96 9077.92 9067.17 9083.59 9083.63 9097.42 9105.64 9167.98 9286.26 9293.07 9113.05 8939.5 8581.69 8442.45 8281.21 8208.81 8198.65 8165.44 8133.98 8115 8104.39 8100.05 8096.63 8115.88 8165.71 8205.9 8328.92 8529.06 8880.5 9362.56 9277.51 9104.05 8986.43 9009.17 9020.69 9027.64 9027.8 9029.51 9025.98 9019.49 9010.99 9003.02 8994.47 8989.39 
9146.53 9133.28 9126.24 9103.81 9100.71 9099.31 9091.06 9094.18 9108.19 9115.31 9110.38 9147.5 9222.51 9353.79 9531.23 9309.59 8913 8611.2 8443.08 8276.34 8235.91 8199.56 8163.12 8134.05 8117.35 8122.54 8120.66 8183.92 8275.18 8404.31 8652.73 8898.98 9279.41 9357.67 9201.5 9035.04 9026.67 9037.4 9039.19 9037.75 9036.74 9029.17 9025.67 9020.25 9013.06 9003.33 8992.42 8981.37 
9163.39 9157.39 9146.69 9129.52 9122.09 9118.2 9123.08 9119.06 9117.4 9138.81 9150.35 9161 9196.56 9327.15 9452.83 9536.11 9329.86 8933.39 8694.75 8521.2 8347.24 8307.64 8271.3 8210.67 8212.56 8267.16 8282.07 8400.05 8565.13 8721.82 9046.36 9314.53 9388.82 9155.23 9122.99 9090.43 9064.23 9063.22 9058.41 9045.17 9029.02 9025.96 9025.62 9023.69 9016.85 9006.31 8994.84 8982.91 
9198.11 9174.83 9158.24 9156.58 9145.45 9130.66 9116.36 9135.07 9144.01 9170.78 9206.25 9196.25 9186.67 9263.17 9333.2 9466.81 9541.65 9367.98 9078.22 8834.09 8598.42 8510.57 8477.06 8518.43 8520.86 8559.26 8623.08 8787.21 8998.95 9221.21 9350.5 9320.23 9253.2 9136.48 9104.19 9120.02 9104.63 9076.66 9065.63 9051.71 9036.96 9030.4 9031.31 9033.65 9022.25 9010.7 8996.68 8985.04 
9196.54 9182.15 9172.91 9178.81 9164.97 9142.86 9123.31 9119.67 9144.73 9182.93 9228.95 9218.5 9214.21 9231.8 9248.7 9275.09 9446.53 9654.35 9519.32 9257.98 8920.05 8739.3 8705.98 8683.23 8714.75 8852.68 8973.2 9175.55 9414.4 9414.6 9288.53 9290.18 9198.76 9179.69 9132.9 9138.61 9117.93 9088.32 9076.28 9063.62 9049.1 9042.5 9042.39 9036.46 9028.28 9013.74 8996.85 8980.5 
9198.6 9184.77 9170.55 9174.31 9169.49 9155.73 9148.25 9147.34 9150.17 9177.86 9192.56 9211.65 9216.45 9198.11 9200.54 9269.3 9311.31 9535.22 9632.09 9575.99 9448.95 9187.5 9064 8986.16 8982.77 9197.76 9391.36 9451.67 9517.34 9361.67 9319.4 9266.76 9218.56 9191.69 9130.06 9128.7 9113.72 9101.57 9089.97 9079.41 9071.58 9065.91 9059.83 9065.67 9036.53 9013.9 8992.28 8973.03 
9221.33 9191.67 9166.29 9160.49 9164.23 9160.85 9156.83 9155.82 9170.12 9178.22 9189.26 9197.52 9207.7 9193.91 9207.27 9235.02 9230.7 9409.62 9500.88 9548.58 9615.4 9517.69 9367.49 9399.43 9448.84 9444.02 9502.56 9419.74 9356.25 9281.64 9279.91 9249.83 9258.02 9211.74 9152.89 9140.54 9118.13 9109.31 9097.95 9091.56 9090.22 9085.29 9069.75 9051.65 9034.39 9010.22 8985.59 8962.23 
9219.98 9197.42 9177.93 9167.56 9162.49 9161.65 9151.35 9146.01 9158.34 9158.54 9161.37 9178.52 9195.8 9214.67 9224.31 9191.59 9223.12 9306.98 9128.27 9171.2 9389.12 9442.97 9455.61 9445.42 9441.51 9396.94 9342.2 9268.17 9244.13 9219.03 9225.47 9239.67 9259.41 9245.21 9208.75 9177.39 9147.41 9128.61 9112.58 9098.47 9092.88 9094.23 9065.66 9056 9035.72 9010.61 8987.4 8960.89 
9213.7 9195.24 9187.64 9180.55 9167.61 9170.29 9169.56 9152.94 9156.24 9155.7 9156.86 9184.94 9214.64 9244.99 9244.64 9204.78 9236.91 9307.21 8988.48 8810.83 9017.04 9419.88 9422.62 9301.19 9257.06 9258.34 9228.31 9219.71 9194.09 9174.89 9186.35 9204.4 9217.87 9238.06 9232.14 9184.63 9163.31 9139.97 9123.57 9096.33 9076.24 9047.09 9046.55 9039.22 9022.25 9006.02 8987.99 8966.63 
9188.53 9178.81 9172.75 9174.8 9173.31 9178.44 9195.21 9179.93 9167.75 9172.56 9165.9 9161.08 9204.22 9269.8 9259.98 9254.09 9244.49 9266.66 8926.41 8801.9 8952.46 9321.34 9340.34 9247.67 9202.59 9206.96 9210.94 9193.44 9155.17 9122.27 9152.42 9167.55 9170.01 9170.26 9195.96 9180.77 9143.17 9125.08 9103.45 9085.85 9069.49 9054.6 9040.46 9027.92 9017.38 9005.62 8992.1 8977.01 
9160.37 9153.71 9140.53 9122.69 9139.6 9163.75 9167.37 9165.94 9156.38 9160.77 9153.01 9142.37 9158.19 9165.52 9215.1 9256.9 9282.13 9313.56 9214.75 9076.31 9253.06 9281.54 9247.77 9210.93 9178.95 9180.8 9164.39 9129.64 9103.35 9100.4 9105.33 9126.91 9148.31 9174.65 9166.76 9135.76 9138.42 9113.46 9095.81 9082.04 9069.99 9057.09 9042.43 9029.38 9021.43 9007.8 8999.63 8992.55 
9144.67 9138.73 9127.52 9114.14 9117.95 9159.17 9185.25 9158.77 9134.91 9139.03 9140.49 9139.3 9159.76 9190.89 9212.36 9239.31 9258.28 9285.92 9294.67 9270.38 9239.56 9229.75 9201.54 9171.37 9135.42 9128.16 9123.07 9116 9094.44 9084.87 9089.46 9092.92 9126.19 9156.6 9147.78 9138.56 9122.69 9116.98 9101.68 9085.43 9071.41 9059.96 9041.69 9022.76 9008.44 9012.35 9015.05 9015.67 
9140.1 9136.81 9131.55 9131.65 9132.79 9146.44 9142.52 9131.4 9131.81 9139.57 9147.17 9159.34 9161.34 9200.62 9234.92 9245.21 9253.11 9287.59 9288.71 9271.83 9236.19 9222.97 9195.59 9137.47 9121.86 9125.47 9119.78 9103.81 9094.3 9090.81 9085.25 9094.22 9112.91 9132.64 9125.68 9133.67 9142.25 9130.24 9109.35 9090.67 9071.67 9047.13 9028.02 9019.13 9021.27 9022.46 9033.72 9044.41 
9140.12 9134.87 9132.69 9140.62 9134.74 9130.01 9128.21 9129.29 9140.32 9144.45 9151.47 9163.6 9156.96 9181.96 9194.66 9249.47 9250.09 9287.69 9232.22 9247.29 9219.3 9209.51 9181.73 9159.51 9135.11 9126.89 9112.51 9096.65 9090.12 9095.51 9095.75 9098.24 9102.66 9110.34 9103.52 9128.82 9144.55 9140.29 9125.07 9101.75 9072.53 9045.73 9029.84 9025.16 9035.77 9041.94 9057.14 9074.47 
9143.49 9136.83 9129.59 9124.69 9128.31 9136.23 9131.91 9132.13 9141.38 9146.82 9150.65 9157.48 9155.04 9186.33 9201.75 9229.45 9245.76 9197.55 9218.26 9269.74 9231.2 9208.23 9188.88 9160.8 9132.53 9108.62 9107.66 9102.59 9097.41 9094.48 9096.18 9107.07 9108.58 9109.68 9112.88 9129.99 9144.72 9140.18 9123.49 9103.99 9071.76 9048.83 9035.43 9038.12 9046.08 9062.03 9081.8 9099.55 
9151.39 9141.02 9129.53 9117.27 9122.77 9153.75 9155.4 9150.66 9151.07 9144.89 9151.29 9159.55 9173.61 9200.78 9207.06 9201.72 9234.82 9249.42 9268.36 9264.89 9232.2 9214.28 9191.35 9163.44 9141.68 9124.64 9114.7 9106.9 9105.63 9109 9114.57 9114.35 9102.75 9093 9102.48 9127.92 9134.92 9128.06 9104.01 9075.98 9067.55 9054.74 9046.71 9059.26 9068.71 9087.12 9104.65 9111.92 
9163.77 9151.35 9136.86 9124.1 9115.92 9131.75 9167.88 9169.05 9163.87 9165.21 9168.37 9174.78 9192.23 9199.69 9204.72 9202.73 9212.49 9225.61 9267.26 9267.47 9250.75 9227.43 9204.2 9177.64 9162.99 9143.78 9130.63 9122.28 9116.64 9115.07 9115.85 9099.29 9095.77 9092.44 9092.34 9101.36 9118.41 9104.06 9093.35 9082.55 9072.63 9067.05 9073.03 9085.94 9114.68 9132.29 9127.54 9120.42 
9178.27 9165.04 9150.15 9139.22 9134.63 9132.44 9176.26 9179.76 9193.13 9189.39 9192.26 9191.71 9199.18 9205.95 9201.98 9211.8 9220.84 9228.24 9266.02 9277.77 9266.05 9240.32 9213.19 9194.99 9180 9169.83 9147.03 9130.51 9133.47 9123.52 9118.23 9106.56 9097.62 9094.16 9091.33 9093.55 9092.12 9096.3 9093.53 9087.32 9083.65 9079.07 9082.21 9102.33 9134.78 9150.01 9135.81 9125.11 
9189.05 9174.66 9160.69 9147.27 9134 9133.26 9135.87 9176.29 9198.69 9202.27 9201.33 9189.2 9200.96 9218.51 9210.49 9222.01 9223.37 9272.19 9301.63 9301.97 9274 9243.88 9227.12 9213.87 9194.4 9178.56 9165.02 9145.5 9150.21 9141.08 9118.62 9116.77 9119.18 9105.98 9100.21 9084.85 9070.28 9093.28 9095.91 9101.64 9097.8 9094.05 9092.08 9111.15 9136.05 9140.33 9125.88 9099.27 
9194.72 9185.41 9173.35 9159.74 9152.73 9153.89 9153.08 9179.98 9208.83 9210.83 9213.15 9195.63 9208.48 9218.81 9219.15 9225.89 9250.86 9299.93 9305.37 9306.16 9271.04 9242.43 9233.28 9233.74 9217.92 9206.6 9193.01 9176.95 9162.72 9151.3 9152.14 9137.15 9126.17 9093.65 9060.06 9039.56 9058.79 9085.58 9098.17 9104.9 9107.4 9113.62 9119.45 9129.04 9134.17 9127.53 9111.7 9090.72 
