real_craters/C133-500m.grd
DSAA
166 166
-41.23 41.23
-41.23 41.23
2764.1694775545 4266.214962474
[rows 60 to 89 of 166, columns 67 to 133 of 166]
3983.53 3971.25 3967.87 3971.23 3973.21 3941.25 3914.67 3902.25 3897.63 3885.34 3848.16 3815.96 3796.3 3789.51 3791.82 3818.92 3836.96 3874.66 3927.52 3987.32 4040.75 4110.24 4179.42 4189.56 4122.4 4099.13 4061.44 4018.73 3973.4 3949.79 3917.35 3891.84 3868.7 3849.77 3842.23 3834.5 3820.65 3802.7 3781.43 3763.36 3752.58 3745.47 3745.9 3749.3 3753.82 3759.06 3765.44 3776.81 3804.93 3803.74 3804.53 3806.36 3811.91 3813.78 3822.14 3832.31 3831.75 3827.44 3826.34 3830.29 3832.91 3835.64 3821.21 3804.28 3786.7 3758.33 3741.56
3974.89 3972.96 3972.18 3950.39 3906.62 3874.64 3838.95 3806.71 3776.26 3742.38 3710.74 3687.08 3669.5 3663.13 3662.67 3688.86 3703.84 3796.63 3907.1 3995.84 4018.32 3965.58 4020.99 4072.67 4085.46 4120.31 4145.14 4090.45 4021.15 3990.46 3940.28 3918.84 3890.23 3868.23 3867.94 3865.22 3845.87 3816.97 3788.15 3767.22 3755.15 3747.65 3747.88 3750.63 3754.81 3759.1 3764.48 3772.27 3786.9 3789.91 3799.32 3809.03 3813.34 3816.18 3822.58 3830.01 3834.36 3835.46 3835.28 3833.57 3830.12 3830.23 3818.89 3803.69 3787.62 3761.74 3746.24
3992.04 3975.78 3962.88 3902.52 3842.92 3794.38 3742.95 3694.89 3644.67 3592.32 3568.93 3552.4 3539.26 3532.85 3537.39 3547.84 3573.62 3721.99 3895.46 4024.77 4014.54 3779.98 3825.06 3876.35 3950.74 4014.41 4109.7 4133.29 4087.22 4062.43 4006.71 3959.47 3927.95 3902.01 3921.72 3914.73 3881.74 3839.99 3798.1 3773.59 3761.52 3753.3 3752.29 3754.26 3756.61 3759.46 3762.88 3765.4 3771.82 3776.89 3788.09 3801.58 3810 3814.58 3821.88 3830.33 3836.35 3843.21 3849.51 3839.27 3833.31 3827.75 3812.94 3795.74 3776.24 3754.83 3744.71
4034.34 3974.14 3906.96 3844.89 3764.93 3699.1 3631.07 3571.79 3518.78 3473.8 3442.44 3425.72 3415.7 3406.48 3404.82 3417.75 3441 3647.29 3889.49 4087.11 4070.07 3587.19 3626.13 3700.69 3783.73 3856.44 3955.86 4049.6 4119.62 4126.73 4071.39 4013.59 3988.6 3980.35 4015.8 3983.12 3929 3869.29 3811.52 3780.48 3766.15 3759.62 3758.34 3758.26 3759.27 3760.48 3762.73 3766.37 3764.86 3767.05 3775.74 3788.49 3798.06 3802.6 3816.15 3829.38 3834.33 3839.29 3840.08 3840.94 3832.31 3822.07 3804.84 3785.43 3765.72 3747.84 3740.12
4052.97 3940.33 3833.96 3751.17 3629.43 3562.8 3505.08 3450.33 3397.68 3351.88 3321.46 3309.75 3301.77 3289.7 3274.61 3287.2 3292.63 3549.08 3872.31 4150.66 4150.74 3384.74 3450.41 3546.41 3624.4 3701.28 3788.84 3893.86 4036.74 4130.25 4117.4 4084.95 4066.74 4073.95 4108.67 4051.7 3976.09 3903.77 3835.92 3798.45 3775.98 3769.86 3767.55 3765.77 3764.37 3763.27 3762.54 3759.5 3757.83 3759.21 3765.14 3777.06 3787.55 3793.11 3803.4 3816.24 3827.9 3835.82 3838.34 3844.48 3832.4 3815.85 3796.63 3775.08 3755.04 3742.6 3737.75
3939.27 3835.11 3708.58 3617.43 3487.2 3421.97 3382.25 3337.9 3288.62 3232.88 3208.12 3212.2 3211.32 3202.11 3194.46 3204.54 3206.62 3445.54 3788.23 4118.96 4208.87 3259.58 3329.38 3396.9 3475.98 3551.93 3628.05 3730.34 3875.45 4019.5 4085.96 4112.54 4126.05 4172.16 4184.61 4106.72 4021.91 3935.77 3861 3826.63 3798.56 3786.94 3780.72 3775.05 3770.85 3766.97 3764.2 3759.8 3757.21 3758.15 3765.31 3773.14 3779.53 3784.09 3792.01 3805.97 3822.78 3836.98 3849.36 3847.36 3831.52 3814.14 3792.38 3768.51 3748.21 3743.37 3742.07
3806.23 3692.48 3566.85 3474.46 3353.51 3306.38 3277.51 3247.64 3206.48 3158.78 3137.89 3147.17 3149.24 3145.41 3149.95 3158.38 3161.78 3337.85 3618.51 3900.88 4012.47 3196.38 3242.5 3290.11 3346.44 3413.94 3485.29 3593.9 3719.04 3834.64 3963.52 4048.99 4124.41 4215.35 4206.38 4134.69 4054.2 3967.62 3889.73 3851.59 3824.12 3807.82 3795.73 3785.16 3777.05 3770.84 3768.1 3768.53 3770.78 3766.49 3766.11 3771.85 3776.82 3778.7 3785.98 3801.69 3819.69 3836.47 3849.84 3848.77 3836.46 3817.6 3795.67 3770.61 3752.76 3754.53 3755.97
3676.45 3561.92 3439.8 3348.49 3258.31 3219.42 3202.19 3180.05 3152.76 3126.25 3111.58 3109.58 3110.82 3110.64 3115.76 3125.73 3134.81 3236.54 3405.08 3518.17 3461.82 3259.88 3204.21 3240.3 3270.84 3319.85 3385.19 3489.84 3575.49 3707.58 3835.36 3950.9 4064.18 4172.17 4187.94 4149.92 4080.5 3995.42 3929.87 3881.68 3855.83 3831.69 3812.73 3796.78 3784.04 3774.67 3770.29 3773.72 3780.7 3771.37 3763.6 3767.89 3773.54 3775.65 3786.69 3801.65 3816.63 3832.16 3846.17 3848.16 3837.87 3823.4 3806.97 3789.23 3779.22 3777.7 3778.57
3550.42 3435.29 3333.19 3258.58 3189.31 3161.37 3149.07 3136.47 3118.47 3099.71 3086.77 3088 3089.53 3091.94 3098.56 3103.69 3110.29 3154.01 3220.31 3220.91 3174 3197.07 3190.83 3214.48 3236.11 3261.06 3313.36 3412.39 3486.96 3595.59 3717.95 3852.94 3986.51 4103.49 4143.09 4124.26 4083.26 4019.73 3968.72 3916.12 3884.04 3853.94 3828.42 3807.21 3790.07 3777.44 3770.7 3771.2 3772.69 3769.57 3765.39 3767.47 3768.62 3772.99 3785.84 3798.61 3810.89 3823.1 3834.25 3836.39 3834.39 3827.31 3819.73 3815.33 3808.58 3801.2 3801.16
3433.8 3329.34 3248.51 3180.87 3137.27 3117.83 3114.81 3106.62 3095.7 3085.36 3078.59 3075.76 3075.59 3077.94 3082.83 3088.73 3097.84 3113.53 3123.12 3116.56 3131.69 3364.05 3172.48 3192.74 3225.81 3239.93 3279.74 3357.71 3416.43 3512.4 3610.44 3765.23 3919.99 4046.53 4099.68 4105.9 4081.93 4035.65 3991.51 3942.24 3904.09 3870.49 3841.5 3815.79 3794.44 3777.74 3768.39 3769.52 3781.13 3773.83 3774.02 3771.96 3767.17 3771.34 3783.27 3794.84 3804.72 3812.35 3816.61 3819.36 3827.95 3826.89 3825.59 3822.95 3819.44 3816.04 3815.71
3331.41 3254.62 3196.33 3137.15 3108.88 3099.43 3092.26 3084.09 3077.45 3071.91 3068.18 3065.03 3064.01 3065.64 3068.57 3078.3 3088.63 3094.48 3092.9 3103.44 3135.17 3332.32 3146.12 3174.17 3206.9 3228.19 3259.45 3315.92 3357.67 3461.19 3551.35 3708.14 3869.01 4005.24 4064.37 4086.52 4070.73 4054.99 4013.39 3961.03 3920.36 3883.82 3851.68 3822.81 3797.68 3776.62 3760.47 3761.32 3765.72 3770.27 3769.01 3767.9 3764.38 3771.28 3781.67 3791.8 3799.2 3803.58 3804.83 3806.85 3817.78 3822.73 3825.64 3827.95 3824.69 3821.7 3821.17
3260.88 3203.65 3165.16 3134.11 3104.22 3084.22 3073.73 3067.6 3062.83 3057.95 3055.62 3051.68 3051.5 3054.78 3061.13 3068.72 3079.07 3084.16 3092.11 3107.38 3125.21 3180.94 3141.8 3168.34 3196.95 3215.86 3242.04 3280.83 3328.7 3447.45 3557.05 3681.52 3807.25 3945.9 4023.24 4064.22 4086.69 4081.7 4035.87 3978.74 3933.26 3893.71 3858.51 3827.94 3801.34 3778.4 3762.75 3757.53 3757.75 3760.8 3756.73 3755.49 3758.61 3771.7 3784.51 3792.26 3796.05 3799.53 3801.01 3804.74 3813.18 3817.53 3819.08 3822.99 3822.93 3820.68 3820.38
3212.25 3169.16 3145.34 3125.75 3101.35 3079.69 3063.36 3054.93 3048.11 3041.92 3034.59 3036.1 3037.82 3042.28 3049.37 3057.33 3066.27 3072.67 3087.96 3104.19 3125.38 3134.63 3143.43 3164.46 3182.6 3194.38 3220.83 3251.98 3299.48 3409.64 3571.22 3660.59 3754.1 3886.36 3989.62 4059.28 4100.09 4108.21 4054.71 3989.68 3941.13 3900.46 3863.67 3831.03 3803.25 3780.89 3765.57 3759.9 3762.3 3770.39 3758.8 3748.56 3752.95 3766.94 3781.57 3789.81 3794.27 3798.63 3802.74 3810.01 3812.84 3814.43 3814.5 3813.87 3815.74 3816.38 3816.78
3177.91 3145.02 3121.54 3099.95 3083.09 3071.02 3051.58 3042.4 3034.37 3028.19 3024.98 3023.08 3023.53 3028.26 3036.22 3044.71 3054.23 3067 3080.52 3095.02 3107.79 3127.87 3143.38 3159.41 3171.98 3184.54 3203.19 3227.33 3264.74 3361.46 3518.85 3619.19 3718.12 3844.87 3961.31 4057.31 4126.16 4141.82 4071.79 3991.04 3946.33 3905.73 3869.03 3835.95 3806.36 3783.67 3767.3 3764.02 3770.94 3779.14 3761.04 3747 3749.94 3761.02 3773.49 3783.54 3790.93 3798.06 3804.79 3810.36 3812.13 3813.76 3812.52 3807.53 3809.51 3811.5 3812.97
3154.64 3129.23 3114.54 3085.44 3063.65 3048.11 3038.93 3029.45 3019.88 3012.68 3008.02 3005.33 3006.72 3014.14 3022.33 3031.44 3042.63 3056.38 3073.77 3092.92 3107.9 3124.43 3140.32 3154.52 3168.61 3174.58 3188.79 3204.77 3232.56 3306.68 3444.36 3542.68 3661.91 3806.59 3936.37 4058.71 4154.73 4181.46 4093.59 4012.17 3957.57 3912.52 3873.95 3839.36 3809.43 3785.3 3769.05 3765.19 3771.05 3772.37 3759.34 3754.96 3756.38 3758.96 3769.96 3778.09 3786.81 3796.47 3806.25 3809.78 3811.26 3814.37 3815.71 3807.65 3807.95 3809.66 3811.36
3140.22 3117.17 3103.58 3077.89 3052.81 3027.39 3021.46 3012.06 3002.39 2994.41 2988.68 2985.8 2985.49 2996.38 3005.91 3016.85 3029.22 3042.57 3061.27 3091.53 3106.96 3121.93 3135.41 3147.65 3157.15 3165.07 3177.74 3188.56 3208.7 3253.66 3346.38 3441.44 3568.53 3741.64 3900.58 4049.79 4175.48 4220.33 4124.42 4030.34 3969.57 3922.57 3880.59 3844.92 3812.96 3787.32 3770.13 3763.19 3763.91 3761.93 3766.46 3770.39 3767.78 3769.49 3766.48 3770.72 3782.24 3791.86 3798.99 3802.47 3807.55 3811.01 3816.6 3810.29 3809.57 3811.16 3813.04
3129.39 3105.94 3089.19 3066.27 3042.15 3015.04 2998.07 2990.83 2981.51 2973.51 2968.73 2966.14 2964.18 2970.56 2990.39 3006.04 3017.42 3026.52 3050.38 3088.32 3102.72 3116.37 3128.51 3140.9 3153.86 3155.27 3169.83 3181.84 3200.91 3226.3 3289.19 3368.95 3482.96 3672.12 3858.06 4027.02 4165.18 4219.73 4137.35 4038.37 3978.66 3930.95 3889.37 3850.97 3818.96 3790.18 3772.09 3762.31 3756.49 3751.45 3760.82 3766.64 3768.45 3772.02 3770.45 3773.58 3781.49 3787.5 3791.59 3793.15 3797.08 3801.26 3805.23 3807.82 3812.42 3815.97 3818.48
3122.31 3092.79 3070.9 3050.3 3026.89 3001.08 2980.57 2970.64 2959.4 2949.73 2943.66 2942.05 2946.4 2961.72 2989.02 3007.34 3016.34 3023.14 3047.67 3083.46 3094.19 3104.13 3114.64 3127.41 3135.19 3147.67 3160.92 3173.55 3200.39 3226.09 3267.7 3333.04 3430.01 3622.62 3821.4 3999.38 4129.83 4188.64 4133.11 4040.41 3986.78 3939.44 3896.75 3858.03 3825.33 3798.67 3777.32 3764.41 3755.97 3750.87 3753.15 3756.02 3761.95 3768.75 3775.75 3781.82 3784.72 3786.05 3788.43 3785.49 3784.69 3792.35 3799.28 3809.99 3817.92 3823.02 3826.31
3114.43 3084.57 3060.05 3036.49 3011.48 2986.01 2965.74 2951.97 2937.12 2924.94 2918.05 2923.16 2940.58 2976.98 3004.27 3022.94 3031.51 3024.97 3038.8 3071.66 3072.9 3075.45 3097.39 3114.31 3106.84 3132.61 3150.84 3166.34 3196.71 3219 3259.39 3323.76 3413.68 3596.63 3796.94 3981.42 4121.78 4168.73 4109.27 4045.97 3997.92 3949.39 3904.6 3862.25 3827.82 3803.21 3781.91 3769.72 3761.62 3757.28 3757.12 3756.31 3759.12 3768.51 3779.26 3787.25 3789.05 3788.96 3785.63 3781.47 3780.9 3792.55 3804.58 3820.85 3827.38 3832.55 3836.02
3107.94 3078.19 3051.88 3024.25 2996.7 2969.4 2946.18 2930.7 2916.24 2902.56 2892.87 2899.1 2960.88 3008.46 3026.03 3047.74 3068.44 3079.1 3070.56 3054.83 3063.01 3070.95 3083.09 3096.68 3098.81 3124.49 3146.35 3160.76 3185.77 3213.89 3258.76 3318.59 3412.09 3591.8 3789.64 3979.27 4133.97 4171.57 4113.75 4063.41 4014.26 3960.67 3909.44 3862.72 3824.87 3797.13 3780.83 3773.43 3769.74 3760.75 3757.66 3756.22 3763.4 3772.39 3781.54 3791.1 3792.88 3792.7 3790.74 3788.55 3791.1 3805.18 3823.29 3834.42 3838.09 3842.08 3845.75
3099.59 3070.1 3046.48 3013.88 2980.81 2951.11 2926.12 2909.27 2897.09 2883.63 2875.3 2884.01 2946.97 3000.69 3031.68 3063.89 3101.85 3140.37 3105.09 3042.8 3047.98 3058.17 3068.97 3085.18 3106.03 3126.25 3142.92 3152.78 3176.3 3204.77 3247.85 3318.6 3420.33 3600.76 3797.38 3984.44 4130.04 4193.67 4147.83 4091.82 4030.15 3970.67 3913.01 3861.84 3817.69 3789.29 3776.53 3771.96 3766.46 3760.92 3759.23 3761.53 3770.55 3777.03 3783.21 3789.81 3794.23 3797.15 3801.07 3802.33 3807.3 3820.78 3832.03 3844.48 3849.75 3852.05 3855.06
3093.33 3065.27 3039.33 3005.94 2967.52 2932.73 2907.65 2892.81 2877.12 2864.55 2862.46 2881.44 2933.99 2975.81 3016.22 3057.6 3103.57 3147.02 3120.78 3045.97 3036.59 3043.21 3056.42 3074.18 3108.04 3130.16 3137.1 3147.37 3171.71 3198.57 3238.7 3313.15 3431.8 3621.87 3818.9 4001.73 4151.7 4266.21 4199.3 4114.37 4043.15 3975.67 3914.77 3857.73 3810.37 3782.71 3773.23 3769.28 3761.08 3755 3753.85 3758 3768.08 3776.12 3781.68 3781.94 3791.46 3806.08 3809.03 3814.7 3826.74 3843.11 3855.2 3857.54 3858.77 3859.97 3861.6
3095.58 3064.07 3038.01 3006.26 2967.46 2927.21 2891.69 2866.5 2845.84 2838.94 2840.37 2856.28 2894.78 2940.62 2984.29 3027.22 3066.98 3099.35 3087.16 3028.88 3025.03 3034.11 3048.39 3066.28 3097.16 3121.65 3135.22 3149.01 3166.3 3194.35 3233.6 3304.63 3452.43 3646.91 3847.77 4029.32 4159.26 4233.41 4179.55 4111.36 4043.05 3977.93 3913.91 3855.42 3805.63 3778.2 3773.02 3773.77 3766.71 3750.96 3747.74 3751.56 3752.49 3767.88 3775.94 3771.31 3782.09 3804.9 3809.98 3820.26 3835.91 3855.71 3866.63 3865.76 3864.12 3862.52 3862.22
3111.4 3073.75 3048.41 3017.98 2980.42 2934.75 2878.1 2825.48 2814 2810.67 2815.09 2824.04 2851.32 2897.68 2940.52 2979.51 3011.03 3028.36 3017.36 2996.83 3010.7 3026.62 3047.27 3073.14 3095.01 3111.95 3122.12 3142.41 3169.24 3199.26 3237.24 3326.62 3489.34 3675.48 3876.31 4064.03 4182.07 4168.16 4132.46 4092.01 4036.82 3975.5 3911.31 3855.09 3807.09 3780.8 3772.6 3773.32 3767.14 3746.64 3739.14 3748.23 3753 3758.23 3761.25 3762.36 3770.99 3786.03 3802.69 3819.02 3835.74 3852.98 3869.97 3867.46 3864.74 3861.94 3859.77
3135.79 3088.31 3071.12 3037.03 2998.69 2951.37 2882.49 2815.36 2794.39 2792.83 2790.76 2794.06 2815.39 2856.56 2897.22 2931.77 2957.94 2966.31 2959.72 2980.42 3001.72 3018.45 3039.37 3067.91 3087.83 3093.21 3118.64 3137.52 3170.89 3207.25 3254.99 3325.37 3507.8 3696 3891.08 4073.73 4175.81 4152.14 4115.89 4079.12 4025.61 3968.33 3910.51 3855.9 3809.85 3781.39 3768.28 3762.36 3754.01 3737.53 3728.16 3737.96 3747.36 3752.73 3753.93 3758.04 3767.26 3781.58 3797.5 3817.11 3835.1 3849.18 3861.64 3864.1 3862.39 3858.54 3855.31
3166.84 3112.22 3089.53 3057.39 3018.57 2967.43 2898.49 2825.77 2792.03 2782.86 2776.02 2768.52 2788.74 2828.56 2867.22 2899.44 2922.25 2936.75 2946.05 2966.96 2990.33 3009.11 3025.66 3053.07 3080.8 3094.43 3110.69 3127.47 3165.12 3211.53 3271.72 3354.03 3523.17 3710.79 3896.16 4052.13 4149.08 4157.44 4122.58 4075.84 4022.7 3965.73 3907.95 3855.67 3810.95 3780.54 3760.95 3745.42 3736.53 3727.09 3721.55 3730.8 3745.67 3751.53 3752.8 3756.33 3765.84 3781.07 3797.08 3818.07 3836.56 3847.91 3856.13 3857.72 3855.2 3852.62 3847.07
3190.49 3150.2 3110.62 3076.03 3041.58 3000.46 2925.46 2847.75 2807.23 2791.59 2776.89 2764.17 2778.08 2815.39 2851.46 2882.9 2903.68 2922.56 2937.48 2953.48 2976.21 3002.97 3026.18 3050.39 3070.78 3087.82 3096.14 3120.31 3159.08 3208.37 3269.99 3364.16 3526.2 3721.16 3901.59 4049.81 4146.38 4178.63 4131.19 4076.51 4017.65 3959.97 3904.08 3854.07 3811.17 3778.12 3752.81 3733.35 3723.97 3717.91 3715.28 3726.6 3746.04 3749.44 3749.57 3755 3765.95 3780.66 3798.1 3820.78 3844.76 3854.12 3854.84 3852.32 3848.02 3843.61 3837.28
3214.13 3171.52 3119.75 3090.52 3063.77 3031.02 2960.38 2883.74 2845.16 2816.67 2792.75 2774.19 2785.05 2822.95 2855.5 2882.05 2904.5 2922.69 2937.34 2957.05 2979.6 3002.7 3023.95 3040.6 3061.41 3083.98 3099.94 3124.54 3160.24 3212.56 3265.56 3361.18 3555.28 3745.93 3920.25 4063.31 4156.81 4161.45 4122.09 4068.2 4010.24 3949.87 3893.77 3845.39 3804.55 3771.19 3744.6 3726.16 3717.35 3712.55 3710.8 3719.12 3733.06 3744.15 3749.45 3756.93 3767.51 3780.52 3798.17 3819.66 3841.27 3855.04 3852.79 3847.76 3841.54 3834.05 3826.51
3251.8 3201.27 3133.18 3099.86 3077.86 3055.32 3000.97 2930.92 2890.67 2851.51 2822.54 2801.89 2827.07 2849.79 2873.43 2895.44 2914.63 2930.32 2945.56 2963.11 2984.21 3005.92 3024.11 3019.43 3052.88 3081.25 3096.21 3130.52 3174.58 3236.93 3299.12 3390.65 3601.32 3785.31 3950.12 4079.99 4152.9 4140.34 4103.42 4053.4 3995.33 3936.34 3879.68 3830.5 3790.56 3760.77 3736.98 3721.18 3716.17 3716.21 3711.77 3716.39 3727.87 3743.09 3758.6 3765.91 3766.7 3781.54 3796.12 3814.25 3831.77 3848.4 3847.3 3842.11 3835.36 3827.22 3818.62
3279.34 3233.87 3140.79 3108.04 3086.66 3063.88 3022.79 2966.33 2918.48 2881.38 2856.73 2842.04 2862 2881.73 2897.75 2913.86 2930.01 2946.22 2963.08 2979.29 2994.45 3011.76 3030.12 3037.88 3058.21 3082.44 3105.57 3138.85 3198.35 3277.83 3337.74 3432.95 3645.72 3832.43 3989.45 4116.02 4161.79 4127.53 4083.7 4034.59 3978.45 3921.04 3866.17 3813.67 3775.12 3751.09 3732.14 3722.14 3718.02 3717.59 3716.84 3724.44 3731.99 3746.34 3767.61 3776.41 3771.27 3775.88 3790.61 3807.22 3823.83 3836.59 3840.16 3836.58 3830.1 3822.09 3812.6
