real_craters/C133-750m.grd
DSAA
111 111
-41.23 41.23
-41.23 41.23
2764.2242515744 4229.7720063811
[rows 0 to 37 of 111, columns 0 to 83 of 111]
3641 3644 3646 3636 3626 3629 3642 3646 3644 3650 3671 3687 3695 3704 3731 3760 3771 3779 3789 3783 3769 3748 3730 3749 3762 3765 3767 3767 3764 3755 3743 3729 3708 3704 3705 3707 3711 3713 3705 3699 3696 3693 3697 3701 3698 3694 3695 3711 3734 3758 3769 3772 3768 3768 3765 3757 3757 3758 3735 3720 3716 3723 3730 3736 3738 3741 3740 3738 3732 3728 3726 3721 3720 3733 3762 3776 3787 3791 3776 3766 3754 3739 3721 3708
3665 3653 3643 3631 3621 3625 3636 3644 3648 3656 3677 3688 3695 3703 3724 3744 3759 3770 3792 3791 3768 3741 3729 3730 3747 3765 3767 3757 3750 3736 3734 3729 3711 3703 3696 3695 3692 3691 3693 3692 3689 3690 3703 3710 3702 3694 3693 3705 3723 3741 3749 3765 3767 3772 3773 3773 3771 3769 3749 3732 3724 3726 3729 3732 3731 3727 3728 3731 3740 3734 3725 3723 3723 3747 3781 3797 3808 3816 3806 3790 3774 3761 3742 3716
3660 3649 3635 3626 3618 3622 3633 3639 3651 3668 3684 3691 3696 3712 3717 3729 3742 3750 3777 3795 3768 3739 3726 3740 3765 3763 3757 3747 3737 3725 3728 3733 3710 3695 3687 3685 3683 3683 3683 3686 3687 3692 3706 3722 3706 3690 3692 3700 3713 3723 3735 3754 3759 3765 3775 3782 3776 3767 3757 3746 3735 3733 3731 3730 3730 3726 3726 3731 3737 3731 3724 3723 3734 3760 3792 3805 3807 3801 3803 3795 3786 3778 3754 3719
3648 3639 3629 3622 3617 3623 3634 3642 3659 3679 3685 3689 3693 3707 3720 3724 3731 3736 3753 3783 3773 3750 3745 3788 3790 3768 3757 3749 3739 3728 3733 3747 3724 3696 3687 3685 3684 3679 3677 3685 3694 3703 3718 3729 3712 3698 3694 3698 3707 3716 3720 3747 3753 3758 3769 3777 3773 3767 3766 3763 3753 3744 3736 3729 3728 3729 3731 3738 3734 3736 3741 3741 3750 3768 3785 3798 3795 3790 3791 3790 3789 3783 3755 3715
3633 3629 3623 3620 3617 3621 3635 3649 3664 3676 3683 3688 3691 3703 3714 3720 3727 3729 3730 3751 3771 3811 3828 3799 3761 3761 3758 3753 3746 3742 3746 3755 3744 3722 3694 3689 3689 3678 3682 3700 3717 3728 3728 3726 3718 3709 3702 3702 3709 3720 3747 3753 3756 3756 3759 3763 3765 3769 3777 3783 3772 3755 3741 3729 3725 3729 3728 3732 3736 3745 3758 3758 3765 3775 3783 3788 3793 3790 3785 3783 3785 3781 3749 3706
3623 3627 3626 3622 3620 3627 3641 3657 3668 3676 3682 3689 3695 3708 3717 3726 3729 3729 3732 3734 3746 3750 3761 3751 3754 3760 3761 3759 3758 3757 3761 3760 3750 3735 3706 3690 3684 3681 3693 3723 3728 3728 3732 3725 3732 3728 3714 3706 3715 3730 3762 3760 3753 3749 3750 3753 3755 3767 3782 3797 3786 3765 3745 3728 3723 3723 3722 3726 3740 3762 3774 3771 3774 3776 3782 3781 3792 3787 3779 3775 3778 3773 3741 3700
3615 3623 3625 3624 3625 3632 3647 3665 3675 3680 3687 3696 3705 3711 3718 3721 3725 3729 3732 3733 3732 3732 3741 3746 3764 3767 3766 3767 3769 3770 3770 3767 3757 3742 3719 3699 3691 3693 3704 3728 3735 3738 3744 3752 3752 3747 3735 3729 3727 3729 3753 3759 3754 3748 3747 3749 3751 3767 3782 3795 3790 3769 3748 3727 3719 3721 3720 3726 3744 3765 3779 3773 3770 3769 3769 3781 3783 3781 3777 3773 3773 3766 3735 3700
3612 3622 3626 3626 3626 3638 3654 3671 3683 3690 3693 3701 3713 3722 3722 3720 3722 3728 3736 3738 3730 3732 3740 3747 3758 3768 3775 3778 3779 3779 3780 3769 3754 3736 3727 3711 3709 3718 3727 3738 3743 3744 3750 3757 3758 3757 3756 3753 3742 3732 3752 3756 3758 3757 3757 3754 3755 3769 3784 3790 3787 3772 3753 3733 3726 3724 3723 3730 3748 3768 3768 3766 3766 3770 3764 3769 3774 3778 3779 3776 3768 3754 3732 3708
3617 3629 3632 3631 3629 3644 3663 3671 3681 3696 3698 3697 3707 3722 3719 3715 3721 3728 3732 3727 3726 3729 3736 3743 3756 3773 3783 3786 3787 3785 3776 3769 3751 3728 3715 3709 3715 3734 3742 3751 3753 3748 3754 3759 3760 3764 3768 3770 3758 3749 3755 3755 3760 3766 3768 3758 3755 3770 3786 3786 3784 3773 3760 3747 3735 3726 3723 3733 3753 3759 3759 3760 3769 3778 3771 3769 3776 3778 3780 3780 3762 3742 3728 3714
3627 3638 3642 3642 3639 3650 3660 3663 3667 3681 3687 3685 3686 3704 3706 3707 3719 3726 3731 3728 3727 3732 3738 3741 3765 3789 3791 3791 3791 3789 3787 3778 3764 3740 3715 3709 3718 3736 3749 3760 3764 3759 3763 3767 3770 3771 3774 3777 3770 3765 3763 3761 3765 3770 3769 3760 3754 3770 3790 3794 3787 3777 3767 3756 3738 3725 3720 3735 3759 3758 3756 3759 3771 3782 3776 3776 3775 3775 3775 3773 3752 3734 3724 3707
3642 3653 3655 3656 3658 3661 3661 3664 3668 3676 3680 3679 3679 3689 3695 3702 3715 3725 3731 3736 3738 3747 3754 3759 3776 3792 3795 3795 3793 3791 3789 3789 3789 3778 3746 3727 3727 3743 3754 3763 3767 3765 3772 3787 3780 3773 3773 3772 3774 3774 3774 3775 3773 3773 3772 3762 3758 3769 3790 3794 3787 3781 3773 3764 3742 3725 3727 3746 3766 3758 3756 3766 3769 3772 3771 3773 3775 3770 3763 3755 3743 3735 3734 3723
3656 3669 3665 3666 3679 3680 3682 3682 3686 3688 3684 3681 3676 3685 3690 3702 3715 3724 3732 3744 3753 3766 3775 3787 3798 3801 3801 3798 3795 3793 3790 3793 3806 3806 3777 3757 3746 3757 3761 3764 3766 3768 3768 3756 3757 3770 3774 3776 3779 3780 3780 3783 3781 3777 3768 3761 3753 3762 3780 3789 3790 3784 3776 3766 3745 3724 3730 3755 3765 3754 3755 3763 3768 3769 3767 3766 3765 3758 3749 3739 3737 3740 3743 3736
3651 3655 3661 3664 3669 3696 3697 3697 3698 3692 3689 3687 3688 3693 3701 3710 3719 3725 3731 3739 3754 3774 3787 3801 3811 3811 3804 3799 3795 3793 3792 3793 3794 3800 3789 3777 3761 3763 3764 3769 3774 3776 3771 3763 3768 3773 3778 3781 3785 3787 3784 3784 3787 3784 3782 3770 3753 3760 3774 3785 3791 3782 3775 3766 3749 3729 3741 3753 3749 3745 3750 3757 3761 3767 3761 3758 3747 3741 3737 3735 3739 3741 3741 3732
3646 3651 3658 3666 3685 3701 3701 3705 3702 3693 3696 3698 3697 3709 3717 3721 3722 3724 3731 3737 3750 3776 3790 3802 3809 3805 3800 3796 3793 3792 3794 3792 3784 3789 3785 3783 3770 3763 3768 3778 3789 3788 3779 3782 3780 3780 3783 3786 3788 3787 3784 3783 3787 3787 3788 3780 3767 3769 3779 3778 3778 3775 3772 3769 3759 3744 3743 3743 3737 3734 3742 3748 3747 3750 3745 3736 3725 3723 3726 3729 3734 3736 3737 3725
3641 3647 3653 3660 3670 3690 3707 3708 3703 3699 3707 3718 3722 3731 3738 3737 3734 3732 3738 3743 3756 3776 3786 3793 3798 3794 3791 3789 3789 3790 3792 3791 3782 3776 3779 3782 3773 3762 3771 3787 3807 3809 3798 3791 3782 3786 3789 3792 3792 3796 3786 3782 3786 3783 3781 3778 3780 3782 3780 3778 3768 3769 3773 3778 3774 3763 3745 3738 3734 3732 3734 3739 3739 3733 3727 3719 3716 3716 3722 3722 3721 3729 3732 3725
3643 3646 3652 3662 3671 3679 3699 3701 3702 3704 3713 3726 3742 3751 3758 3752 3747 3747 3751 3758 3770 3778 3782 3782 3777 3779 3779 3779 3781 3785 3788 3788 3778 3771 3776 3779 3764 3762 3780 3800 3824 3830 3824 3814 3799 3797 3797 3797 3794 3793 3786 3780 3779 3777 3773 3776 3790 3797 3789 3779 3764 3768 3780 3788 3782 3767 3746 3735 3734 3734 3730 3733 3736 3733 3720 3722 3722 3724 3726 3725 3723 3726 3729 3728
3632 3643 3651 3659 3671 3675 3691 3702 3706 3710 3714 3721 3744 3758 3764 3756 3750 3757 3760 3771 3781 3780 3777 3775 3772 3767 3765 3770 3775 3780 3784 3781 3766 3767 3771 3775 3764 3779 3796 3812 3831 3834 3832 3831 3821 3814 3809 3800 3787 3783 3778 3774 3772 3769 3768 3773 3788 3796 3795 3783 3769 3776 3790 3791 3780 3764 3748 3734 3727 3729 3732 3734 3730 3725 3721 3724 3729 3736 3739 3735 3726 3725 3729 3736
3651 3651 3653 3656 3665 3673 3685 3701 3714 3715 3714 3726 3746 3759 3761 3753 3747 3748 3755 3769 3781 3775 3769 3767 3768 3761 3756 3763 3771 3779 3784 3781 3763 3762 3760 3759 3761 3790 3813 3832 3824 3809 3813 3833 3835 3830 3821 3809 3788 3776 3772 3767 3765 3764 3763 3765 3778 3787 3794 3785 3782 3792 3802 3792 3774 3762 3746 3732 3722 3728 3739 3734 3722 3712 3714 3730 3755 3757 3756 3749 3731 3724 3725 3733
3648 3655 3660 3661 3667 3674 3684 3698 3713 3714 3711 3713 3753 3761 3758 3750 3740 3734 3743 3751 3761 3760 3757 3754 3752 3749 3750 3757 3765 3774 3782 3785 3764 3761 3750 3754 3764 3790 3823 3845 3822 3791 3806 3849 3856 3847 3834 3818 3792 3779 3778 3770 3764 3763 3762 3763 3771 3778 3787 3793 3802 3810 3805 3784 3766 3753 3740 3728 3721 3730 3742 3733 3730 3715 3717 3740 3767 3778 3775 3769 3746 3729 3724 3727
3655 3664 3670 3673 3673 3674 3683 3695 3704 3707 3712 3743 3753 3745 3750 3745 3739 3738 3740 3744 3746 3743 3743 3741 3736 3735 3741 3752 3762 3771 3776 3771 3759 3759 3750 3754 3763 3791 3825 3852 3832 3799 3820 3852 3860 3861 3848 3831 3808 3794 3792 3781 3770 3767 3765 3764 3768 3774 3786 3805 3822 3819 3802 3783 3766 3752 3735 3721 3723 3735 3747 3749 3760 3765 3725 3752 3786 3794 3783 3775 3760 3740 3723 3713
3644 3665 3677 3685 3677 3674 3679 3692 3697 3698 3702 3729 3745 3755 3749 3742 3738 3735 3732 3739 3751 3738 3737 3735 3731 3732 3740 3752 3765 3773 3777 3774 3769 3765 3757 3759 3766 3791 3823 3845 3841 3827 3850 3868 3874 3875 3859 3842 3826 3815 3808 3798 3789 3781 3774 3766 3767 3775 3788 3815 3836 3831 3812 3796 3782 3759 3740 3729 3733 3741 3755 3769 3783 3778 3735 3763 3787 3783 3774 3766 3756 3740 3723 3715
3666 3667 3670 3675 3670 3665 3671 3681 3690 3690 3695 3718 3732 3725 3738 3737 3735 3731 3727 3729 3741 3741 3737 3734 3734 3736 3739 3756 3774 3784 3787 3780 3778 3784 3781 3778 3782 3801 3829 3846 3855 3869 3887 3898 3885 3877 3861 3847 3836 3831 3824 3817 3814 3804 3786 3768 3767 3778 3799 3823 3837 3836 3824 3811 3798 3779 3760 3752 3748 3748 3758 3781 3795 3783 3746 3761 3782 3780 3770 3755 3746 3733 3725 3729
3657 3655 3656 3659 3661 3661 3664 3665 3672 3680 3692 3720 3729 3731 3732 3732 3731 3730 3726 3727 3736 3741 3739 3737 3739 3747 3757 3776 3793 3804 3808 3803 3801 3811 3809 3806 3816 3824 3841 3850 3860 3875 3894 3896 3884 3868 3856 3847 3847 3840 3834 3831 3830 3826 3802 3779 3781 3799 3818 3830 3841 3835 3829 3820 3810 3793 3788 3779 3770 3762 3774 3793 3805 3798 3762 3759 3769 3773 3766 3751 3743 3734 3736 3746
3658 3632 3650 3658 3666 3669 3667 3664 3665 3672 3688 3718 3723 3721 3725 3729 3733 3730 3704 3746 3740 3741 3741 3742 3742 3747 3780 3806 3816 3824 3834 3834 3832 3827 3820 3815 3827 3830 3842 3843 3844 3861 3880 3886 3873 3859 3853 3846 3840 3837 3836 3840 3844 3840 3818 3799 3805 3823 3826 3830 3838 3829 3823 3822 3823 3819 3814 3804 3793 3783 3791 3800 3807 3797 3785 3775 3763 3762 3761 3752 3743 3737 3747 3756
3681 3673 3671 3676 3682 3683 3678 3668 3663 3666 3674 3705 3714 3715 3721 3729 3735 3739 3758 3754 3739 3739 3745 3749 3754 3762 3802 3831 3833 3835 3838 3830 3825 3825 3817 3804 3811 3815 3834 3836 3838 3849 3864 3870 3862 3854 3852 3847 3838 3840 3840 3844 3849 3843 3828 3818 3822 3835 3824 3819 3815 3813 3816 3816 3823 3830 3830 3818 3807 3796 3787 3794 3802 3799 3793 3795 3779 3757 3752 3746 3738 3734 3741 3752
3712 3707 3709 3707 3701 3694 3686 3675 3670 3668 3670 3687 3699 3706 3717 3729 3741 3750 3764 3758 3748 3740 3748 3763 3777 3795 3822 3840 3839 3836 3828 3808 3809 3806 3796 3789 3794 3800 3819 3826 3831 3834 3840 3850 3853 3855 3852 3848 3850 3849 3845 3841 3838 3832 3829 3828 3825 3815 3808 3809 3811 3812 3806 3804 3807 3818 3822 3816 3810 3807 3785 3787 3793 3802 3798 3799 3794 3761 3739 3733 3727 3722 3727 3740
3733 3734 3743 3742 3733 3713 3697 3683 3675 3675 3676 3680 3685 3695 3711 3730 3750 3771 3787 3787 3768 3753 3767 3781 3800 3827 3839 3840 3836 3830 3822 3801 3799 3794 3788 3788 3790 3790 3800 3808 3812 3814 3819 3829 3838 3841 3850 3852 3853 3852 3846 3836 3825 3821 3821 3823 3820 3803 3802 3802 3806 3805 3797 3788 3790 3805 3817 3811 3808 3804 3786 3782 3784 3795 3796 3801 3810 3781 3738 3726 3719 3716 3716 3722
3743 3750 3752 3754 3749 3733 3717 3694 3682 3683 3684 3680 3683 3691 3709 3731 3756 3785 3804 3803 3792 3794 3792 3795 3809 3831 3837 3833 3829 3822 3812 3800 3804 3800 3788 3784 3780 3775 3777 3789 3799 3803 3798 3801 3807 3827 3852 3853 3842 3849 3844 3828 3813 3803 3807 3808 3804 3798 3793 3794 3790 3787 3770 3767 3777 3792 3796 3795 3795 3795 3785 3779 3783 3788 3798 3815 3833 3807 3761 3735 3720 3710 3707 3711
3753 3765 3764 3758 3750 3733 3712 3676 3680 3684 3684 3678 3675 3686 3707 3729 3753 3776 3792 3797 3797 3797 3789 3793 3803 3813 3819 3820 3820 3815 3804 3791 3796 3791 3776 3772 3765 3760 3759 3774 3788 3792 3785 3788 3792 3815 3841 3845 3835 3836 3828 3814 3803 3797 3796 3797 3799 3808 3797 3787 3772 3761 3748 3754 3776 3786 3788 3772 3776 3779 3775 3771 3772 3786 3799 3821 3825 3808 3785 3754 3724 3713 3706 3713
3759 3765 3754 3759 3744 3724 3701 3687 3678 3677 3676 3675 3671 3685 3703 3723 3743 3762 3782 3794 3792 3785 3779 3783 3790 3796 3804 3813 3813 3806 3794 3779 3774 3764 3754 3750 3746 3745 3757 3769 3781 3787 3785 3793 3802 3811 3819 3821 3814 3806 3801 3798 3792 3786 3787 3796 3804 3808 3814 3794 3765 3753 3753 3760 3764 3766 3762 3752 3760 3760 3759 3760 3763 3780 3798 3815 3813 3804 3801 3781 3751 3737 3732 3746
3757 3771 3768 3747 3732 3724 3712 3700 3684 3675 3673 3678 3684 3689 3700 3715 3730 3749 3772 3787 3784 3780 3775 3774 3779 3786 3793 3803 3799 3783 3767 3757 3752 3744 3736 3732 3733 3738 3748 3760 3776 3788 3796 3809 3817 3817 3819 3816 3797 3779 3779 3786 3788 3787 3790 3799 3809 3807 3814 3799 3762 3755 3774 3764 3751 3754 3746 3745 3749 3741 3747 3753 3759 3774 3791 3802 3805 3805 3811 3804 3781 3771 3775 3787
3748 3759 3758 3738 3736 3729 3722 3711 3694 3684 3681 3683 3685 3691 3698 3707 3716 3729 3746 3764 3769 3770 3767 3765 3770 3774 3779 3781 3773 3754 3739 3735 3734 3730 3729 3727 3733 3748 3749 3753 3769 3788 3806 3823 3836 3835 3833 3825 3798 3779 3777 3785 3792 3800 3804 3805 3815 3821 3815 3809 3782 3781 3794 3777 3760 3757 3750 3750 3749 3744 3747 3754 3761 3774 3790 3801 3801 3805 3806 3812 3804 3786 3784 3786
3726 3741 3743 3735 3726 3719 3711 3706 3702 3698 3693 3692 3690 3695 3698 3702 3703 3705 3712 3731 3746 3758 3762 3761 3763 3763 3762 3758 3750 3739 3725 3724 3725 3725 3729 3732 3743 3758 3753 3752 3764 3776 3802 3823 3829 3829 3833 3830 3801 3787 3787 3795 3801 3802 3799 3800 3818 3842 3824 3812 3792 3802 3800 3789 3773 3758 3749 3750 3753 3751 3751 3757 3764 3779 3789 3800 3809 3816 3807 3813 3807 3789 3784 3788
3716 3729 3723 3724 3718 3712 3701 3700 3703 3690 3700 3705 3706 3701 3699 3697 3694 3688 3685 3699 3726 3754 3772 3767 3762 3755 3747 3747 3744 3729 3719 3719 3723 3724 3726 3732 3748 3762 3760 3760 3764 3771 3795 3815 3821 3821 3819 3836 3820 3811 3807 3817 3820 3815 3805 3800 3815 3840 3827 3810 3805 3800 3801 3788 3774 3764 3755 3753 3752 3748 3752 3756 3760 3768 3779 3789 3809 3810 3808 3807 3803 3809 3807 3806
3722 3727 3727 3730 3731 3724 3709 3704 3706 3707 3710 3714 3713 3707 3701 3696 3690 3686 3686 3694 3719 3756 3786 3776 3768 3756 3743 3743 3749 3732 3717 3718 3722 3724 3725 3732 3747 3771 3776 3767 3771 3781 3799 3815 3830 3839 3857 3869 3866 3864 3859 3859 3856 3846 3831 3828 3828 3834 3833 3830 3830 3806 3802 3784 3773 3769 3766 3760 3754 3760 3757 3753 3757 3764 3776 3786 3808 3802 3802 3802 3805 3820 3825 3819
3725 3733 3738 3748 3751 3750 3722 3715 3713 3709 3713 3716 3716 3710 3704 3698 3692 3688 3689 3699 3717 3754 3788 3788 3780 3765 3746 3740 3735 3727 3719 3721 3723 3725 3724 3736 3755 3779 3792 3789 3784 3790 3807 3829 3859 3887 3909 3928 3941 3932 3918 3911 3904 3893 3874 3883 3862 3832 3845 3859 3833 3816 3811 3782 3776 3772 3770 3769 3771 3774 3768 3761 3761 3765 3780 3795 3798 3791 3804 3804 3818 3837 3830 3831
3732 3739 3751 3758 3754 3763 3745 3734 3723 3715 3718 3715 3716 3713 3709 3703 3696 3691 3696 3707 3717 3749 3780 3807 3797 3780 3762 3748 3736 3730 3729 3731 3729 3732 3734 3743 3757 3785 3803 3797 3789 3794 3818 3860 3904 3937 3983 4006 4022 4000 3982 3975 3964 3956 3963 3993 3924 3842 3861 3920 3886 3862 3840 3819 3797 3787 3782 3781 3788 3784 3778 3776 3765 3769 3782 3802 3799 3791 3799 3816 3833 3840 3820 3833
3733 3737 3752 3762 3751 3731 3767 3753 3740 3730 3732 3722 3720 3718 3716 3710 3704 3700 3706 3713 3718 3752 3788 3816 3813 3800 3784 3770 3757 3750 3746 3753 3755 3753 3751 3759 3766 3789 3807 3803 3809 3819 3851 3919 3968 3995 3998 4016 4038 4036 4052 4033 4012 4009 4026 4056 3966 3871 3882 3943 3927 3913 3917 3913 3852 3812 3805 3797 3791 3787 3780 3771 3759 3765 3775 3785 3784 3793 3813 3832 3834 3838 3836 3833
