real_craters/C133-750m.grd
DSAA
111 111
-41.23 41.23
-41.23 41.23
2764.2242515744 4229.7720063811
[rows 38 to 75 of 111, columns 0 to 83 of 111]
3731 3737 3749 3759 3766 3773 3768 3760 3754 3747 3745 3737 3729 3724 3721 3719 3717 3715 3719 3720 3733 3770 3803 3823 3827 3818 3806 3795 3783 3771 3764 3772 3784 3776 3778 3786 3797 3804 3804 3821 3847 3867 3903 4010 4025 4002 3977 3973 3995 4023 4039 4035 4016 4013 4034 4020 3967 3910 3923 3971 3956 3944 3935 3930 3896 3862 3833 3811 3797 3789 3780 3764 3756 3758 3765 3773 3781 3797 3812 3834 3834 3829 3826 3833
3729 3735 3747 3751 3759 3764 3765 3760 3751 3742 3737 3745 3733 3731 3732 3733 3732 3733 3737 3744 3772 3801 3827 3849 3841 3831 3822 3813 3799 3775 3771 3771 3777 3787 3802 3810 3828 3834 3835 3874 3937 3951 3954 4019 4024 3988 3960 3958 3979 3990 4018 4009 3957 3943 3978 3995 3947 3946 4001 4066 4035 4010 3975 3944 3909 3877 3850 3825 3809 3797 3782 3764 3745 3749 3757 3764 3773 3793 3806 3816 3819 3824 3826 3826
3732 3737 3750 3768 3767 3768 3768 3757 3746 3731 3700 3707 3730 3737 3740 3743 3746 3753 3757 3768 3803 3826 3840 3851 3848 3838 3830 3821 3808 3791 3777 3770 3774 3785 3793 3814 3839 3860 3880 3926 4014 4011 4026 4017 3999 3976 3968 3973 3941 3907 3898 3868 3816 3793 3792 3826 3875 3958 4041 4156 4190 4108 4061 3998 3950 3903 3869 3847 3835 3812 3781 3758 3745 3747 3754 3762 3777 3807 3805 3810 3814 3828 3832 3825
3742 3756 3765 3782 3781 3768 3763 3758 3743 3739 3745 3739 3742 3746 3748 3752 3755 3761 3773 3792 3821 3839 3848 3852 3845 3840 3834 3827 3812 3791 3780 3774 3780 3789 3790 3818 3849 3886 3912 3938 3968 3995 4005 3999 3989 3973 3968 3904 3835 3771 3710 3649 3619 3599 3601 3612 3759 3961 4014 3881 3982 4049 4151 4092 4018 3954 3906 3881 3887 3846 3794 3765 3750 3751 3755 3761 3768 3780 3795 3813 3816 3825 3835 3845
3738 3773 3777 3752 3756 3774 3774 3766 3747 3745 3752 3752 3752 3753 3757 3760 3766 3773 3789 3810 3831 3844 3853 3860 3849 3842 3832 3821 3810 3793 3787 3787 3797 3811 3819 3839 3870 3914 3937 3955 3970 3994 3998 4015 4041 4008 3907 3813 3699 3601 3519 3456 3426 3410 3405 3419 3647 4002 4070 3594 3701 3820 3956 4094 4127 4037 3989 3993 3983 3900 3812 3773 3760 3758 3759 3761 3766 3766 3776 3794 3803 3824 3834 3840
3771 3775 3756 3749 3759 3770 3779 3780 3777 3759 3775 3776 3767 3763 3762 3765 3776 3787 3797 3816 3835 3842 3851 3858 3862 3844 3828 3814 3809 3798 3796 3803 3816 3835 3838 3853 3883 3923 3936 3953 3987 4035 4051 4060 4056 3953 3778 3626 3489 3417 3340 3270 3257 3248 3228 3238 3497 4007 4204 3358 3468 3587 3708 3870 4089 4122 4102 4158 4082 3958 3848 3799 3778 3772 3768 3764 3758 3757 3764 3779 3788 3803 3825 3841
3749 3736 3739 3748 3760 3775 3783 3784 3736 3757 3774 3778 3771 3766 3764 3762 3760 3774 3791 3808 3821 3831 3849 3860 3856 3839 3823 3810 3802 3803 3804 3805 3827 3849 3848 3860 3884 3904 3932 3965 4022 4075 4074 4025 3888 3753 3567 3416 3306 3266 3206 3136 3147 3148 3150 3160 3338 3771 4012 3218 3290 3380 3485 3650 3835 4010 4124 4230 4135 4011 3890 3836 3808 3790 3777 3769 3769 3768 3766 3775 3779 3793 3820 3844
3733 3718 3725 3740 3756 3777 3779 3779 3781 3760 3760 3767 3771 3771 3766 3762 3759 3763 3783 3801 3814 3840 3852 3857 3847 3830 3816 3803 3799 3804 3815 3821 3831 3839 3844 3854 3877 3902 3947 4012 4076 4050 4010 3900 3691 3555 3385 3260 3184 3164 3134 3101 3097 3099 3106 3118 3192 3342 3267 3166 3225 3266 3345 3497 3649 3838 4025 4165 4141 4049 3954 3888 3843 3811 3787 3773 3772 3774 3764 3769 3774 3794 3814 3835
3731 3712 3712 3731 3746 3756 3769 3766 3756 3757 3756 3765 3774 3775 3772 3766 3761 3769 3785 3803 3822 3850 3853 3853 3841 3823 3810 3800 3802 3819 3838 3843 3839 3837 3833 3839 3871 3907 3952 4013 4058 3995 3934 3824 3553 3375 3249 3156 3118 3111 3096 3081 3076 3076 3083 3093 3114 3123 3132 3242 3193 3234 3280 3395 3512 3684 3920 4082 4106 4064 3992 3922 3870 3828 3794 3772 3770 3777 3774 3769 3771 3789 3805 3815
3715 3715 3725 3738 3747 3753 3768 3776 3761 3762 3767 3784 3788 3786 3783 3777 3770 3780 3796 3810 3824 3838 3846 3849 3840 3821 3811 3804 3803 3821 3840 3842 3839 3836 3834 3844 3870 3903 3961 4043 4033 3953 3837 3665 3438 3255 3180 3117 3088 3078 3070 3064 3059 3059 3065 3079 3091 3102 3135 3191 3170 3211 3251 3319 3453 3617 3840 4017 4073 4076 4025 3948 3889 3840 3800 3769 3758 3761 3762 3763 3771 3787 3797 3802
3722 3729 3742 3756 3764 3770 3770 3771 3763 3765 3779 3801 3801 3798 3796 3796 3800 3807 3813 3822 3827 3833 3838 3838 3836 3822 3812 3807 3807 3816 3823 3835 3834 3835 3839 3848 3875 3912 4004 4088 4038 3929 3749 3524 3333 3187 3145 3114 3080 3059 3048 3039 3036 3039 3049 3062 3073 3096 3125 3138 3164 3187 3221 3267 3410 3615 3754 3941 4059 4109 4055 3964 3900 3847 3803 3772 3760 3764 3759 3748 3767 3787 3794 3801
3715 3728 3748 3759 3768 3772 3769 3766 3759 3761 3772 3800 3806 3804 3805 3813 3819 3824 3831 3836 3843 3841 3831 3825 3817 3815 3808 3803 3808 3817 3831 3838 3844 3844 3847 3859 3889 3937 4046 4098 4041 3916 3687 3430 3260 3149 3119 3077 3061 3041 3028 3019 3015 3018 3029 3043 3062 3085 3104 3135 3156 3174 3196 3222 3337 3539 3699 3891 4059 4161 4082 3975 3909 3854 3808 3776 3765 3776 3759 3749 3759 3777 3789 3802
3730 3731 3737 3747 3751 3760 3768 3762 3762 3763 3771 3792 3802 3803 3805 3810 3830 3841 3845 3849 3851 3844 3829 3820 3807 3803 3807 3810 3811 3818 3829 3838 3849 3850 3854 3874 3902 3951 4043 4073 4039 3915 3640 3355 3198 3126 3104 3066 3027 3018 3002 2991 2986 2987 3006 3023 3043 3076 3107 3129 3148 3161 3178 3195 3254 3396 3569 3822 4050 4217 4124 3998 3923 3862 3813 3777 3763 3762 3766 3769 3769 3765 3782 3796
3732 3741 3741 3744 3762 3769 3780 3780 3771 3781 3782 3790 3796 3798 3803 3811 3844 3851 3853 3857 3861 3854 3837 3829 3817 3814 3809 3805 3800 3815 3838 3835 3838 3846 3856 3870 3904 3955 4036 4108 4043 3880 3596 3329 3157 3111 3079 3046 3008 2985 2971 2959 2954 2956 2987 3010 3025 3069 3101 3117 3136 3146 3166 3185 3227 3315 3451 3742 4012 4197 4137 4010 3936 3874 3822 3782 3763 3751 3756 3762 3771 3776 3783 3787
3741 3745 3743 3756 3770 3771 3791 3806 3786 3779 3777 3782 3786 3789 3797 3813 3828 3842 3852 3861 3868 3872 3863 3846 3836 3828 3817 3816 3810 3807 3817 3829 3832 3846 3861 3883 3922 3977 4080 4141 4037 3827 3548 3313 3149 3098 3060 3024 2986 2959 2937 2920 2923 2957 3004 3029 3025 3057 3073 3087 3114 3122 3151 3185 3219 3298 3414 3697 3981 4160 4109 4021 3949 3883 3828 3792 3770 3759 3757 3756 3769 3784 3789 3788
3767 3754 3755 3761 3778 3779 3790 3797 3788 3771 3770 3769 3768 3777 3785 3791 3808 3828 3846 3861 3872 3874 3872 3858 3847 3835 3820 3817 3815 3801 3799 3829 3845 3851 3866 3894 3934 3988 4076 4146 4045 3794 3518 3301 3145 3087 3049 3004 2961 2928 2906 2887 2890 2996 3032 3073 3118 3061 3055 3070 3088 3119 3146 3169 3209 3289 3415 3693 3981 4171 4127 4050 3966 3886 3821 3784 3774 3768 3758 3762 3775 3787 3794 3796
3787 3775 3781 3787 3795 3783 3793 3805 3799 3784 3781 3774 3771 3773 3777 3780 3794 3818 3840 3861 3877 3888 3877 3868 3851 3831 3817 3812 3808 3799 3798 3812 3835 3851 3870 3890 3922 3982 4044 4105 4023 3781 3516 3326 3154 3077 3039 2987 2933 2898 2877 2862 2881 2955 3016 3080 3147 3067 3037 3050 3074 3121 3137 3159 3199 3280 3432 3721 4002 4216 4199 4078 3976 3884 3810 3776 3769 3757 3754 3764 3776 3782 3791 3809
3792 3779 3783 3793 3807 3800 3802 3801 3809 3826 3803 3786 3774 3775 3778 3785 3790 3813 3837 3861 3883 3902 3899 3878 3861 3848 3831 3808 3798 3798 3800 3808 3824 3849 3875 3904 3939 3988 4030 4093 4051 3793 3521 3354 3169 3082 3041 2992 2929 2860 2829 2826 2840 2897 2963 3024 3065 3020 3018 3038 3072 3108 3129 3156 3196 3266 3472 3762 4048 4196 4155 4073 3977 3882 3807 3775 3776 3758 3744 3751 3762 3767 3776 3799
3785 3773 3775 3789 3801 3805 3810 3800 3809 3813 3808 3795 3785 3782 3781 3776 3791 3815 3839 3861 3882 3897 3893 3879 3859 3842 3845 3814 3793 3792 3800 3802 3821 3849 3881 3923 3977 4012 4052 4150 4087 3812 3532 3367 3198 3111 3071 3019 2951 2847 2794 2792 2794 2836 2897 2947 2966 2967 3002 3028 3068 3091 3119 3153 3207 3286 3508 3794 4074 4172 4116 4056 3968 3882 3810 3774 3762 3745 3728 3743 3753 3756 3767 3788
3769 3786 3786 3795 3801 3814 3812 3806 3814 3822 3811 3802 3793 3793 3799 3808 3810 3821 3839 3858 3877 3893 3895 3873 3858 3849 3870 3825 3813 3804 3805 3807 3823 3850 3881 3921 3973 4023 4099 4213 4080 3837 3562 3416 3244 3155 3102 3049 2981 2871 2798 2779 2764 2800 2858 2903 2928 2950 2981 3016 3052 3084 3104 3141 3210 3310 3526 3809 4047 4166 4129 4050 3965 3880 3811 3767 3740 3726 3718 3738 3751 3753 3766 3788
3750 3754 3782 3804 3820 3820 3818 3808 3812 3815 3816 3811 3804 3806 3811 3811 3816 3826 3840 3854 3869 3884 3886 3870 3858 3857 3874 3886 3849 3831 3830 3834 3834 3850 3875 3904 3936 4005 4092 4196 4144 3920 3638 3470 3286 3197 3120 3077 3031 2915 2845 2804 2774 2804 2855 2894 2923 2946 2980 3014 3041 3073 3100 3138 3213 3303 3555 3836 4063 4172 4122 4040 3950 3869 3805 3757 3726 3715 3711 3724 3744 3752 3768 3788
3771 3778 3775 3809 3827 3829 3824 3820 3826 3831 3830 3827 3826 3825 3823 3823 3822 3828 3837 3848 3857 3862 3859 3860 3855 3854 3862 3874 3863 3849 3843 3841 3838 3845 3864 3889 3925 3992 4076 4144 4182 4013 3723 3498 3335 3245 3138 3093 3061 2980 2907 2853 2823 2856 2885 2913 2938 2964 2989 3017 3029 3069 3091 3155 3255 3346 3619 3892 4089 4155 4095 4016 3929 3846 3782 3744 3720 3717 3714 3724 3744 3771 3767 3786
3791 3815 3822 3824 3853 3860 3853 3857 3874 3864 3851 3842 3835 3829 3827 3824 3823 3827 3834 3842 3848 3849 3847 3850 3849 3846 3840 3851 3857 3858 3834 3814 3827 3836 3854 3881 3921 3990 4070 4124 4144 4063 3854 3588 3434 3304 3164 3110 3069 3009 2927 2890 2878 2906 2923 2941 2960 2986 3005 3029 3054 3076 3122 3191 3334 3444 3711 3959 4120 4119 4059 3986 3905 3827 3767 3735 3724 3717 3722 3738 3752 3773 3770 3778
3766 3827 3904 3932 3898 3903 3908 3893 3907 3889 3866 3852 3844 3842 3832 3820 3822 3828 3834 3839 3843 3845 3844 3848 3847 3843 3845 3856 3855 3846 3839 3824 3811 3824 3845 3873 3916 3997 4070 4108 4122 4083 4011 3711 3550 3400 3230 3146 3083 3010 2938 2913 2916 2942 2953 2967 2984 3001 3020 3046 3078 3119 3188 3280 3432 3554 3790 4026 4149 4102 4029 3953 3877 3813 3759 3724 3714 3711 3713 3734 3758 3764 3761 3768
3804 3829 3843 3861 3876 3912 3907 3892 3878 3879 3872 3861 3846 3828 3837 3821 3825 3831 3834 3837 3840 3845 3853 3849 3855 3858 3867 3857 3858 3858 3852 3834 3808 3818 3836 3860 3892 3952 4026 4080 4115 4093 4067 3838 3686 3515 3330 3223 3124 3023 2954 2932 2940 2958 2971 2982 2995 3013 3033 3067 3113 3177 3282 3385 3533 3642 3850 4079 4156 4080 3995 3918 3850 3797 3750 3715 3701 3699 3706 3719 3737 3756 3758 3766
3860 3725 3725 3706 3738 3845 3916 3916 3847 3873 3873 3867 3852 3836 3827 3828 3833 3834 3834 3834 3836 3841 3849 3864 3869 3872 3858 3860 3867 3866 3854 3836 3818 3820 3830 3844 3860 3891 3959 4013 4072 4090 4102 4081 3888 3691 3489 3352 3210 3075 3001 2970 2969 2983 2997 3006 3013 3031 3054 3105 3212 3312 3452 3540 3642 3740 3950 4072 4103 4020 3948 3881 3818 3764 3734 3717 3708 3699 3705 3714 3738 3758 3766 3777
3559 3448 3425 3423 3514 3687 3948 3986 3979 3915 3879 3868 3859 3861 3850 3856 3845 3838 3833 3831 3831 3833 3839 3854 3875 3891 3874 3871 3874 3869 3874 3864 3835 3828 3828 3834 3844 3868 3904 3945 4001 4035 4075 4194 4090 3915 3724 3526 3330 3173 3077 3042 3032 3028 3075 3098 3084 3134 3196 3286 3409 3525 3596 3635 3715 3809 3966 4014 4020 3948 3902 3846 3789 3738 3724 3727 3721 3712 3720 3723 3744 3764 3779 3791
3311 3214 3191 3198 3276 3429 3672 3806 3933 3892 3870 3864 3858 3857 3866 3866 3850 3840 3834 3830 3826 3824 3823 3837 3868 3894 3876 3873 3876 3867 3874 3873 3851 3835 3830 3826 3827 3832 3862 3895 3937 3966 4012 4123 4209 4081 3866 3640 3441 3279 3184 3155 3168 3199 3258 3318 3384 3451 3539 3505 3573 3649 3694 3728 3777 3842 3936 3964 3955 3910 3867 3818 3768 3730 3717 3719 3728 3727 3736 3743 3755 3768 3784 3789
3144 3018 2998 3000 3064 3193 3409 3551 3717 3794 3826 3842 3852 3861 3869 3851 3846 3840 3834 3828 3822 3815 3808 3810 3840 3864 3878 3869 3862 3859 3865 3864 3845 3830 3825 3824 3821 3815 3839 3862 3881 3919 3956 4031 4141 4132 3956 3725 3541 3390 3308 3320 3350 3409 3455 3500 3541 3582 3615 3633 3675 3743 3777 3790 3814 3861 3916 3945 3963 3904 3845 3795 3754 3723 3713 3710 3722 3729 3742 3765 3781 3789 3798 3800
3028 2978 2925 2889 2906 3007 3219 3397 3570 3692 3769 3813 3841 3854 3846 3842 3840 3838 3832 3826 3820 3815 3810 3812 3833 3829 3861 3862 3847 3855 3867 3853 3833 3822 3820 3821 3827 3834 3831 3842 3857 3880 3910 3963 4032 4093 4027 3802 3635 3510 3453 3480 3498 3530 3561 3586 3617 3652 3683 3682 3726 3786 3831 3839 3871 3878 3891 3896 3890 3858 3819 3779 3744 3724 3715 3714 3725 3734 3748 3772 3788 3799 3805 3804
2953 2935 2918 2904 2883 2881 3111 3322 3506 3625 3715 3789 3844 3875 3853 3840 3835 3831 3824 3821 3816 3813 3815 3821 3814 3809 3839 3849 3855 3854 3849 3835 3825 3818 3813 3814 3814 3814 3817 3828 3845 3873 3895 3931 3969 4028 4006 3862 3707 3601 3555 3582 3608 3636 3655 3667 3686 3708 3716 3727 3765 3809 3853 3892 3899 3878 3862 3840 3813 3811 3792 3762 3732 3720 3727 3726 3729 3736 3748 3764 3793 3792 3794 3800
2924 2944 3027 2981 2959 2917 3092 3330 3499 3624 3716 3790 3850 3886 3855 3843 3833 3825 3821 3817 3813 3813 3813 3813 3799 3816 3839 3846 3866 3845 3826 3821 3811 3798 3804 3806 3805 3797 3795 3816 3838 3850 3872 3896 3914 3982 4007 3855 3762 3693 3657 3679 3710 3764 3784 3778 3780 3781 3779 3787 3824 3879 3913 3898 3879 3860 3842 3830 3816 3797 3777 3755 3732 3732 3750 3743 3736 3739 3744 3754 3768 3777 3784 3792
2911 2934 2998 2965 2897 2906 3099 3335 3550 3666 3746 3813 3865 3895 3870 3848 3835 3828 3821 3817 3814 3810 3808 3806 3810 3836 3853 3850 3846 3832 3824 3823 3813 3806 3802 3800 3799 3785 3775 3805 3837 3838 3843 3850 3854 3939 4014 3915 3835 3797 3791 3855 3860 3903 3977 3970 3930 3890 3896 3890 3906 3896 3892 3868 3854 3840 3828 3825 3821 3796 3774 3758 3749 3753 3767 3768 3767 3758 3752 3754 3763 3770 3773 3772
2948 2933 2921 2906 2854 2900 3103 3347 3619 3735 3805 3851 3878 3892 3863 3845 3835 3828 3822 3817 3811 3805 3798 3793 3813 3850 3863 3854 3850 3832 3826 3825 3819 3813 3802 3791 3780 3773 3775 3796 3823 3835 3819 3813 3811 3884 3968 3938 3888 3870 3917 3977 3964 3948 3955 3953 3950 3936 3935 3925 3907 3878 3859 3843 3835 3828 3820 3812 3799 3787 3774 3761 3754 3762 3771 3775 3775 3769 3756 3748 3749 3752 3743 3726
3023 2910 2907 2916 2916 2946 3124 3339 3673 3820 3879 3894 3895 3873 3848 3842 3835 3828 3819 3812 3804 3798 3792 3792 3820 3854 3860 3853 3853 3842 3833 3829 3825 3815 3802 3782 3765 3763 3774 3779 3789 3795 3820 3820 3810 3829 3853 3872 3883 3889 3918 3922 3925 3914 3898 3893 3896 3899 3889 3895 3884 3867 3845 3830 3824 3823 3820 3801 3785 3779 3774 3767 3762 3771 3778 3773 3766 3760 3747 3733 3721 3718 3714 3700
3196 3016 2968 3006 2987 3007 3199 3407 3794 3918 3936 3923 3910 3889 3851 3847 3838 3828 3819 3810 3799 3790 3786 3791 3812 3857 3847 3843 3849 3849 3845 3840 3830 3824 3803 3777 3759 3753 3750 3760 3768 3789 3824 3830 3807 3792 3792 3814 3844 3855 3860 3868 3875 3875 3867 3854 3860 3863 3857 3859 3865 3860 3840 3822 3820 3818 3814 3798 3785 3779 3774 3772 3774 3777 3780 3768 3755 3743 3735 3723 3712 3708 3706 3697
3462 3253 3174 3212 3221 3229 3396 3600 3986 3990 3954 3919 3891 3870 3855 3848 3839 3829 3818 3807 3797 3790 3784 3785 3794 3813 3821 3831 3845 3845 3843 3838 3820 3806 3789 3772 3756 3751 3752 3757 3768 3805 3815 3803 3775 3763 3768 3784 3811 3826 3826 3838 3845 3856 3851 3844 3843 3847 3831 3832 3850 3854 3840 3822 3808 3805 3799 3795 3788 3780 3775 3773 3773 3774 3776 3762 3746 3734 3729 3722 3717 3712 3709 3713
3721 3569 3477 3522 3560 3598 3710 3830 3969 3970 3932 3894 3859 3845 3852 3849 3840 3827 3815 3805 3795 3789 3782 3775 3769 3780 3794 3804 3821 3820 3814 3804 3800 3788 3776 3768 3760 3750 3746 3751 3770 3785 3779 3776 3750 3750 3766 3785 3808 3824 3836 3841 3859 3855 3846 3847 3844 3843 3828 3818 3824 3840 3831 3825 3805 3790 3778 3775 3783 3776 3770 3767 3767 3767 3769 3758 3746 3735 3731 3726 3720 3717 3714 3718
