real_craters/C133-500m.grd
DSAA
166 166
-41.23 41.23
-41.23 41.23
2764.1694775545 4266.214962474
[rows 0 to 29 of 166, columns 0 to 66 of 166]
3641.12 3642.66 3644.6 3646.04 3639.63 3632.3 3625.65 3626.2 3633.48 3642.03 3645.87 3645.07 3644.32 3647.11 3655.26 3670.61 3682.82 3689.86 3694.52 3699.17 3715.38 3730.79 3752.5 3765.28 3770.66 3775.93 3782.1 3788.95 3786.98 3779.41 3768.85 3754.53 3740.4 3730.22 3739.47 3755.62 3761.88 3763.97 3765.05 3766.69 3766.64 3765.98 3764.27 3760.49 3751.59 3743.13 3735.22 3719.49 3707.78 3703.13 3704.83 3704.95 3707.32 3707.43 3711.01 3714.09 3710.79 3704.73 3700.81 3697.23 3695.52 3693.48 3693.75 3697.23 3700.81 3700.08 3697.6
3660.39 3654.63 3649.45 3644.73 3637.21 3628.92 3622.5 3622.76 3630.27 3637.73 3643.22 3645.41 3646.59 3650.66 3660.2 3673.4 3683.57 3689.93 3694.22 3698.36 3710.9 3726.75 3742.54 3756.78 3763.59 3770.44 3780.65 3796.77 3794.47 3784.1 3768.91 3751.61 3736.2 3729.49 3731 3736.44 3749.8 3760.66 3766.43 3766.9 3764.79 3760.94 3754.82 3746.4 3738.4 3737.62 3735.54 3723.12 3711.49 3707.87 3705.63 3701.53 3698.82 3698.11 3697.3 3696.56 3697.74 3696.94 3695.39 3693.18 3691.69 3690.96 3693.11 3701.4 3707.23 3705.21 3700.49
3665.71 3657.9 3648.62 3640.24 3633.07 3625.5 3619.55 3619.34 3627.48 3634.66 3639.42 3643.92 3648.44 3654.34 3665.57 3681.11 3687.76 3691.57 3695.95 3702.26 3711.28 3719.2 3731.15 3745.39 3752.84 3759.3 3767.36 3783.97 3796.04 3785.14 3766.91 3747.58 3731.15 3728.68 3730.51 3731.32 3746.38 3758.6 3760.09 3758.51 3754.64 3749.65 3744.28 3735.39 3729.18 3730.99 3731.9 3720.26 3709.14 3701.44 3695.48 3693.23 3691.1 3689.74 3688.39 3687.13 3688 3689.6 3690.21 3688.98 3687.68 3688.58 3692.09 3703.76 3714.13 3711.03 3703.28
3659.86 3653.94 3644.17 3635.17 3628.93 3622.56 3617.71 3617.99 3625.79 3633.13 3638.58 3640.36 3651.15 3662.67 3673.43 3683.76 3688.97 3692.15 3696.27 3704.58 3714.61 3716.65 3724.43 3734.77 3741.74 3746.74 3753.46 3777.1 3799.83 3788.01 3768 3747.51 3732.6 3725.66 3731.32 3751.09 3764.91 3764.69 3761.83 3756.85 3751.51 3744.12 3737.15 3728.53 3722.42 3727.51 3733.27 3726.64 3709.93 3698.74 3690.8 3686.73 3685.78 3684.54 3682.93 3682.21 3682.54 3682.92 3685.29 3686.17 3686.94 3689.25 3695.84 3705.75 3724.05 3717.88 3706.42
3653.24 3646.87 3638.49 3631.2 3625.38 3620.51 3617.06 3617.6 3627.14 3633.46 3638.58 3642.12 3656.46 3673.05 3680.41 3685.35 3688.62 3690.92 3693.86 3700.08 3714.92 3720.37 3723.99 3729.65 3733.63 3737.08 3742.89 3762.83 3794.59 3785.15 3771.04 3752.93 3732.13 3730.58 3738.42 3780.52 3787.48 3773.01 3763.81 3757.34 3751.59 3744.75 3737.27 3728.92 3722.68 3729.84 3739.65 3737.07 3717 3700.82 3689.5 3686.84 3685.06 3684.17 3683.32 3680.88 3678.92 3678.74 3681.63 3686.58 3689.89 3692.97 3702.77 3715.55 3731.47 3723.23 3710.75
3643.14 3638.46 3631.04 3625.88 3622.54 3619.3 3617.08 3618.72 3626.44 3634.01 3641.53 3649.05 3661.01 3674.03 3680.87 3685.09 3687.31 3689.43 3691.42 3696.49 3709.95 3717.99 3721.04 3724.77 3728.32 3731.06 3734.59 3744.75 3771.39 3773.93 3774.7 3776.9 3774.64 3785.55 3823.95 3803.52 3785.19 3770.47 3762.57 3757.76 3752.25 3746.54 3740.59 3734.79 3731.4 3737.51 3747.92 3753.69 3732.49 3711.3 3694.04 3688.57 3686.78 3686.76 3684.98 3680.99 3677.46 3677.17 3682.93 3693 3700.91 3706.51 3714.49 3723.4 3732.38 3724.39 3713.87
3633 3631.36 3626.29 3623.36 3621.66 3619.15 3617.33 3617.7 3625.9 3635.16 3644.07 3654.23 3663.68 3672.11 3678.45 3682.75 3686.15 3688.75 3691.14 3696.05 3707.55 3714.06 3718.5 3721.99 3726.77 3728.29 3729 3730.4 3742.92 3757.56 3770.7 3792.59 3820.52 3827.58 3811.4 3784.68 3760.75 3761.23 3760.14 3757.75 3753.86 3750.55 3746.49 3743.15 3741.2 3745.8 3752.99 3755 3743.95 3734.13 3706.4 3693.81 3689.34 3689.24 3689.12 3681.4 3675.92 3681.53 3693.24 3706.26 3716.55 3730.37 3726.96 3728.14 3731.9 3722.5 3717.71
3625.33 3627.29 3627.62 3625.21 3622.66 3620.37 3618.75 3619.3 3628.99 3638.59 3648.86 3658.53 3666.62 3673.52 3677.38 3681.37 3686.24 3690 3693.66 3702.87 3709.76 3715.94 3723.09 3729.25 3728.85 3728.69 3729.46 3729.86 3729.74 3742.85 3754.13 3763.71 3772.99 3775.68 3763.38 3757.03 3753.77 3756.89 3759.51 3759 3757.49 3755.49 3753.66 3752.59 3753.02 3755.58 3758.07 3756.49 3747.9 3740.97 3719.09 3701.63 3692.02 3687.46 3685.54 3681.19 3678.86 3688.29 3709.66 3721.67 3725.7 3728.81 3730.01 3730.51 3718.89 3721.64 3725.83
3620.13 3624.39 3627.87 3626.35 3624.01 3622.29 3621.92 3624.51 3633.02 3642.58 3655.12 3664.5 3669.91 3674.13 3678.94 3683.52 3688.48 3693.3 3697.8 3704.44 3711.59 3717.21 3721.84 3727.09 3727.98 3728.49 3730.21 3733.03 3733.38 3735.89 3739.27 3738.3 3744.71 3751.31 3748.66 3750.14 3756.1 3760.31 3761.69 3763.06 3762.65 3761.73 3760.14 3760.9 3763.83 3765.66 3763.76 3761.09 3751.34 3744.16 3730.11 3709.4 3695.57 3688.37 3684.47 3683.75 3684.5 3696.79 3716.14 3727.94 3730.14 3728.73 3732.08 3735.43 3738.79 3737.22 3739.16
3615.24 3620.66 3624.6 3625.37 3624.71 3623.66 3624.66 3629.57 3635.74 3646.68 3659.69 3669.44 3675.35 3678.97 3681.84 3686.53 3692.55 3698.93 3705.22 3706.97 3713.92 3717.57 3718.97 3722 3724.94 3727.66 3730.12 3732.03 3732.62 3733.17 3732.14 3730.92 3735.48 3741.48 3743.91 3750.77 3764.36 3767.42 3766.57 3766.4 3766.66 3767.15 3768.69 3769.33 3770.23 3769.55 3767.98 3765.01 3757.21 3750.26 3733.94 3718.94 3705.11 3693.93 3691.09 3692.34 3693.52 3704.11 3720.91 3731.96 3735.06 3736.5 3739.39 3744.35 3749.15 3751 3751.91
3612.35 3618.45 3621.68 3624.73 3625.1 3624.71 3625.48 3630.99 3639.65 3650.45 3663.46 3673.5 3681.19 3685.42 3685.75 3690.24 3696.31 3703.07 3711.46 3717.43 3719.26 3720.36 3721.39 3720.25 3722.6 3726.7 3730.49 3733.28 3737.29 3734.09 3730.62 3731.83 3738 3740.44 3743.33 3750.8 3763.27 3767.91 3769.86 3772.05 3774.68 3775.66 3776.16 3776.12 3775.91 3774.23 3771.43 3765.65 3755.88 3746.65 3735.11 3726.6 3713.73 3704.24 3703.16 3706.72 3713.12 3718.67 3728.79 3736.66 3740.41 3742.05 3744.07 3747.51 3753.32 3756.29 3757.32
3612.79 3620.36 3625.68 3627.02 3627.17 3626.32 3626.29 3632.91 3645.83 3658.25 3667.63 3675.91 3684.84 3691.53 3695.86 3696.54 3698.43 3703.67 3713.86 3724.6 3723.54 3721.84 3719.17 3718.44 3721.49 3725.99 3730.59 3735.7 3736.65 3732.94 3728.25 3726.36 3733.28 3738.19 3743.23 3750.25 3754.78 3761.87 3771.66 3776.91 3780.13 3781.43 3781.61 3781.55 3781.19 3781.29 3773.24 3764.55 3754.01 3740.38 3727.61 3724.19 3715.08 3711.23 3712.8 3719.95 3730.33 3733.02 3739.17 3745.38 3746.55 3745.06 3745.2 3751.25 3756.75 3758.95 3758.38
3616.9 3625.07 3630.23 3631.62 3631.29 3630.06 3629.32 3636.4 3650.84 3663.15 3669.98 3673.84 3681.1 3690.41 3701.33 3698.04 3696.2 3698.19 3707.17 3724.03 3721.04 3718.61 3717.35 3716.02 3720.77 3725.35 3729.5 3731.8 3730.3 3726.44 3726.36 3727.61 3731.19 3735.68 3740.52 3746.84 3755.79 3766.86 3777.28 3782.64 3785.34 3786.48 3786.58 3785.99 3783.33 3776.02 3772.3 3764.23 3751.31 3735.65 3722.82 3715.12 3709.41 3709.68 3715.33 3727.2 3739.1 3741.82 3747.95 3753.5 3753.38 3749.88 3748.66 3754.4 3759.14 3761.11 3760.08
3623.15 3630.99 3636.25 3638.24 3638.18 3636.74 3635.84 3643.15 3654.02 3661.8 3664.45 3667.45 3671.1 3681.11 3689.57 3690.97 3689.54 3688.53 3691.62 3707.68 3711.01 3710.52 3709.33 3711.85 3719.16 3724.54 3728.47 3731.13 3729.6 3724.36 3725.73 3728.28 3732.07 3735.95 3738.72 3743.04 3762.47 3781.44 3786.27 3788.2 3789.36 3789.94 3789.53 3789.04 3786.45 3783.17 3777.84 3769.51 3756.77 3739.82 3726.25 3712.01 3702.32 3709.86 3718.32 3729.69 3742.4 3746.89 3754.25 3761.51 3760.86 3756.79 3755.35 3759.48 3763.18 3763.67 3766.22
3630.3 3637.31 3643.14 3646.08 3646.76 3645.98 3644.12 3649.24 3656.08 3658.28 3659.22 3663.06 3666.07 3673.8 3680.19 3683.5 3682.91 3680.92 3682.43 3694.32 3699.8 3702.08 3704.24 3709.18 3719.11 3723.6 3727.85 3731.25 3732.54 3727.94 3728.79 3732.12 3737.75 3741.8 3743.47 3746.12 3767.43 3789.71 3792.33 3792.78 3792.86 3792.45 3791.57 3790.36 3789.19 3788.46 3784.77 3779.67 3772.1 3758.64 3742.37 3722.05 3714.17 3714.67 3719.71 3730.44 3740.85 3750.21 3758.11 3764.87 3765.45 3762.83 3762.74 3766.66 3769.3 3775.18 3773.81
3642.19 3652.04 3654.23 3655.4 3655.74 3656.52 3658.05 3659.68 3661.82 3660.6 3661.73 3665.97 3668.23 3674.31 3678.32 3680.36 3679.54 3678.38 3679.19 3685.91 3691.18 3694.84 3699.07 3705.73 3714.8 3721.93 3727.21 3731.04 3733.4 3734.79 3737.77 3743.42 3750.16 3753.88 3757 3760.85 3776.03 3788.23 3794 3795.27 3795.1 3794.05 3792.75 3791.54 3790.46 3789.36 3788.84 3788.88 3788.52 3783.56 3767.07 3745.71 3731.08 3726.68 3726.59 3736.93 3747.41 3754.25 3760.19 3765.43 3766.91 3765.51 3765.47 3771.77 3785.84 3782.33 3779.52
3654.16 3669.27 3667.11 3663.15 3662.9 3666.42 3670.15 3672.05 3674.52 3674.34 3674.31 3677.08 3679.72 3682.41 3683.47 3682.05 3679.92 3678.12 3677.2 3682.09 3686.94 3689.77 3695.98 3705.15 3714.52 3721.39 3726.8 3731.76 3737.95 3744.98 3749.26 3757.03 3763.62 3768.19 3774.52 3783.58 3790.8 3793.88 3797.81 3798.71 3797.99 3796.23 3794.42 3792.78 3791.34 3790.11 3791 3795.37 3801.32 3805.74 3788.79 3767.8 3751.54 3742.35 3740.07 3747.77 3756.02 3758.64 3762 3765.06 3766.17 3766.86 3766.38 3768.8 3768.08 3755.79 3761
3655.88 3664.11 3665.42 3664.23 3664.84 3669.08 3681.88 3684.18 3688.23 3687.66 3687.77 3690.17 3692.1 3690.91 3689.1 3685.73 3683.67 3681.63 3680.31 3684.06 3688.76 3692.68 3699.08 3707.87 3715.3 3721.08 3726.48 3731.87 3738.77 3747.56 3755.1 3765.39 3773.25 3779.97 3788.4 3798.95 3804.74 3806.02 3805.05 3802.58 3799.56 3796.98 3795.33 3793.46 3792.2 3790.35 3790.67 3796.78 3806.31 3814.39 3799.33 3784.06 3772.98 3757.23 3751.09 3755.08 3760.41 3761.92 3763.86 3766 3767.6 3769.86 3770.72 3768.76 3760.43 3752.73 3757.93
3650.93 3651.56 3658.18 3661.38 3663.32 3663.67 3669.21 3692.1 3699.65 3696.73 3696.18 3698.51 3697.97 3693.08 3690.64 3689.46 3688.16 3687.15 3687.68 3690.75 3696.04 3700.67 3706.49 3714.36 3719.31 3723.31 3726.64 3730.68 3735.43 3742.1 3754.29 3768.89 3779 3787.23 3796.28 3805.93 3811.24 3811.77 3809.15 3804.35 3800.63 3797.26 3795.3 3793.54 3792.65 3792.29 3793.23 3792.66 3794.47 3800.18 3797.2 3789.04 3781.47 3768.69 3760.71 3761.42 3763.52 3764.12 3766.67 3770.82 3774.03 3775.73 3774.96 3771.31 3766.37 3762.37 3768.42
3647.27 3649.58 3654.44 3658.58 3662.9 3670.17 3687.06 3696.56 3699.89 3699.43 3701.01 3703.34 3700.19 3692.46 3692.09 3693.93 3694.07 3692.14 3692.78 3699.44 3706.06 3710.11 3715.21 3719.63 3722.13 3723.67 3726.45 3730.38 3734.41 3740.34 3751.77 3770.62 3781.43 3789.85 3798.27 3806.49 3811.13 3810.2 3806.7 3802.53 3798.9 3795.78 3794.17 3793.02 3792.97 3793.56 3793.7 3789.68 3786.34 3789.83 3791.44 3787.34 3783.19 3777.03 3767.93 3763.69 3764.43 3766.8 3771.49 3778.01 3783.61 3784.41 3780.61 3776.15 3777.94 3782.48 3782.1
3645.88 3649.71 3652.19 3656.05 3661.46 3670.17 3681.49 3693.22 3703.36 3703.91 3705.38 3707.08 3702.57 3695.72 3696.07 3699.41 3703.04 3704.13 3703.62 3711.86 3718.74 3723.4 3725.56 3725.73 3724.65 3723.57 3728.07 3732.36 3735.78 3739.93 3749.71 3769.2 3780.87 3788.94 3796.33 3802.83 3806.13 3803.72 3799.46 3797.12 3794.91 3793.17 3792.41 3792.31 3792.44 3793.41 3793.39 3789.69 3782.6 3780.53 3783.68 3783.28 3782.69 3780.03 3771.81 3764.06 3764.18 3768.67 3775.55 3785.57 3794.52 3796.03 3790.93 3784.09 3783.64 3781.47 3778.17
3641 3644.81 3649.32 3653.37 3657.56 3660.52 3669.63 3684.21 3696.79 3707.46 3707.68 3707.94 3703.37 3699.1 3700.95 3706.71 3713.85 3721.65 3722.13 3727.78 3733.89 3738.15 3737.83 3736.43 3733.98 3731.64 3733.96 3737.87 3741.14 3746.63 3756.07 3770.64 3779.99 3786.43 3791.21 3795.27 3797.86 3794.97 3792.88 3790.86 3789.34 3788.83 3788.83 3789.86 3790.88 3792.02 3791.59 3790.13 3781.76 3776.45 3775.21 3779.07 3780.95 3781.46 3772.6 3762.93 3763.9 3770.66 3779.45 3793.99 3806.68 3810.58 3805.61 3798.11 3794.05 3787.53 3781.86
3640.92 3643.91 3647.98 3652.65 3657.55 3663.75 3669.45 3677.57 3688.14 3701.49 3703.34 3703.8 3701.99 3700.72 3704.64 3711.22 3719.97 3733.69 3737.74 3742.43 3749.31 3753.34 3749.68 3747.01 3744.7 3740.5 3742.86 3746.4 3750.14 3756.38 3766.12 3773.41 3779.76 3783.41 3785.2 3784.9 3781.91 3783.54 3784.19 3783.07 3782.53 3782.96 3784.2 3785.65 3787.79 3789.62 3791.1 3789.06 3780.87 3774.31 3772.15 3777.01 3781.29 3777.45 3767.46 3758.54 3765.08 3775.85 3787.92 3803.67 3819.47 3825.85 3821.57 3815.32 3809.63 3800.74 3791.91
3644.43 3644.38 3647.07 3651.96 3657.98 3666.27 3673.4 3674.87 3682.92 3695.98 3698.18 3699.66 3702.16 3703.96 3707.86 3713.24 3719.65 3730.95 3743.26 3750.79 3758.96 3761.55 3756.64 3751.84 3749 3750.91 3752.56 3754.93 3759.82 3766.82 3773.28 3778.88 3779.95 3780.51 3779.9 3777.53 3772.89 3773.75 3774.11 3773.72 3774.9 3776.78 3778.76 3781.29 3784.22 3785.98 3786.57 3782.08 3773.32 3769.6 3770.97 3775.25 3779.33 3773.47 3762.18 3760.98 3772.15 3784.6 3796.69 3812.31 3828.34 3836.36 3832.58 3830.16 3824.9 3815.91 3806.25
3631.88 3638.62 3646.19 3651.05 3655.84 3664.73 3670.91 3672.91 3679.59 3690.79 3698.9 3703.82 3706.17 3708.46 3710.8 3714.03 3717.85 3728.29 3743.53 3754.03 3762.35 3764.39 3759.14 3753.51 3750.38 3754.19 3757.15 3759.71 3766.35 3774.73 3780.76 3781.33 3778.97 3777.17 3775.3 3773.81 3772.35 3769.84 3764.5 3764.69 3767.97 3771.16 3774.92 3778.07 3782.3 3784.11 3783.29 3776.09 3765.73 3765.32 3768.36 3771.16 3775.13 3771.47 3764.19 3771.8 3785.08 3796.19 3806.84 3818.62 3830.71 3836.66 3832.03 3832.25 3832.22 3827.63 3820.87
3655.42 3648.53 3649.02 3651.58 3653.41 3651.98 3665.94 3671.11 3675.8 3686.63 3698.88 3706.43 3711.81 3713.72 3713.34 3714.58 3720 3732.28 3744.41 3754.59 3761.18 3762.37 3758.12 3751.85 3747.86 3750.5 3753.97 3757.99 3766.63 3779.28 3783.17 3780.31 3775.92 3772.63 3770.61 3770.46 3771.89 3767.55 3760.6 3759.09 3762.68 3767.2 3771.59 3777.1 3781.34 3783.4 3782.34 3775.76 3762.12 3761.93 3763.43 3764.08 3765.45 3762.61 3762.41 3777.94 3795.86 3807.94 3818.67 3825.77 3826.54 3822.02 3818.4 3819.46 3826.35 3832.98 3830.57
3644.63 3652.85 3653.79 3654.91 3656.06 3658.89 3665.08 3671.19 3675.65 3684.94 3697.03 3706.3 3716.2 3717.73 3714.16 3712.35 3718.08 3738.57 3748.6 3756.18 3760.26 3759.89 3755.16 3748.96 3744.93 3742.44 3743.21 3750.32 3759.16 3768.88 3776.34 3773.56 3769.04 3765.6 3763.74 3763.23 3763.77 3760.78 3754.94 3753.61 3757.87 3763.31 3768.72 3774.59 3779.39 3783.5 3784.23 3776.15 3764.78 3761.6 3760.54 3756.36 3756.03 3754.71 3760.26 3777.94 3799.35 3817.33 3833.89 3839 3821.33 3800.65 3801.26 3808.24 3824.4 3841.89 3840.33
3648.14 3653.64 3657.5 3659.51 3660.35 3662.25 3667.3 3671.65 3676.77 3684.26 3693.3 3703.74 3713.01 3714.98 3712.53 3710.88 3708.71 3737.46 3752.55 3758.75 3761.3 3757.78 3752.97 3746.04 3740.49 3736.41 3733 3742.94 3749.18 3753.39 3760.95 3761.03 3758.72 3756.62 3755.02 3753.52 3751.65 3749.66 3748.59 3749.89 3754.09 3759.51 3765.49 3771.18 3776.77 3781.51 3784.89 3775.78 3764.26 3761.25 3758.67 3750.1 3751.17 3757.15 3764.13 3779.51 3801.44 3822.69 3840.11 3842.72 3821.62 3795.29 3794.04 3805.55 3828.27 3854.35 3856.16
3648.94 3657.35 3662.7 3666.16 3667.9 3670.26 3671.24 3672.48 3676.67 3683.4 3691.16 3700.01 3706.98 3709.3 3709.67 3712.02 3726.48 3748.03 3753.56 3755.93 3761.54 3753.43 3748.37 3743.88 3739.97 3737.94 3739.37 3740.66 3743.36 3744.97 3746.94 3746.59 3747.61 3747.38 3746.09 3743.68 3740.22 3738.32 3740.93 3744.82 3750.06 3756.36 3762.97 3769.3 3773.9 3777.84 3777.2 3764.99 3758.99 3759.8 3758.01 3747.88 3750.82 3756.42 3765.05 3780.66 3803.33 3825.07 3843.84 3851.23 3828.22 3801.7 3798.42 3813.31 3836.73 3857.11 3860.65
3663.38 3665.96 3668.76 3673.29 3677.06 3676.98 3674.62 3672.01 3676.22 3682.29 3689.62 3695.61 3700.76 3703.44 3705.05 3710.26 3721.14 3746.88 3751.21 3750.5 3747.58 3749.53 3745.91 3742.11 3738.28 3736.07 3738.34 3738.37 3740.73 3745.17 3747.26 3740.56 3739.94 3740.19 3738.86 3736.47 3732.68 3729.93 3735.09 3739.62 3747.39 3755.06 3762 3768.46 3772.96 3775.2 3774.19 3766.76 3760.82 3761 3758.46 3752.9 3753.8 3755.98 3762.6 3779.6 3802.72 3824.28 3843.31 3853.33 3835.38 3813.17 3811.41 3828.28 3847.5 3859.82 3862.39
