real_craters/C133-300m.grd
DSAA
276 276
-41.23 41.23
-41.23 41.23
2763.7920427692 4259.7872368748
[rows 120 to 149 of 276, columns 0 to 66 of 276]
3721.77 3723.36 3726.59 3732.02 3736.85 3741.88 3747.22 3752.74 3758.45 3762.32 3764.03 3767.81 3770.01 3769.25 3769.33 3770.16 3771.25 3771.49 3769.46 3766 3763.13 3762.34 3763.92 3767.6 3773.65 3778.57 3786.05 3796.21 3801.93 3802.33 3801.05 3799.83 3798.51 3797.36 3796.52 3795.98 3795.37 3795.78 3796.76 3797.62 3800.38 3803.81 3805.93 3807.71 3810.34 3813.38 3816.84 3820.18 3823.16 3825.54 3826.77 3827.53 3831.27 3834.54 3836.63 3837.7 3838.23 3838.23 3837.94 3837.73 3835.71 3829.88 3823.8 3819.29 3815.1 3811.62 3809.08
3717.06 3721.96 3726.87 3731.41 3741.9 3749.73 3752.76 3757.23 3762.88 3767.41 3769.44 3774.33 3775.7 3773.04 3771.55 3771.13 3771.19 3770.67 3769.92 3766.7 3762.45 3761.33 3762.12 3763.92 3765.01 3771.43 3784.2 3795.57 3802.76 3804.99 3803.92 3802.72 3801.48 3800.52 3800.01 3800.23 3801.12 3802.99 3806.02 3809.58 3813.63 3819.06 3817.4 3816.86 3818.42 3820.88 3823.63 3826.35 3828.77 3830.68 3831.5 3830.99 3834.01 3835.78 3835.6 3835.02 3834.36 3833.39 3832.11 3830.29 3829.12 3830.55 3824.67 3818.76 3814.16 3810.51 3807.66
3714.55 3720.25 3726.08 3737.3 3743.7 3750.01 3753.45 3757.86 3762.95 3766.63 3769.56 3774.55 3775.05 3772.74 3771.2 3770.37 3769.81 3769.05 3769.15 3763.12 3760.37 3759.84 3760.51 3762.47 3766.14 3771.93 3782.9 3795.4 3804.68 3806.3 3805.4 3804.5 3803.6 3803.14 3802.78 3803.62 3805.54 3808.58 3813.11 3817.81 3818.68 3819.61 3821.65 3823.19 3825.3 3827.54 3829.96 3832.37 3834.56 3836.78 3839.04 3841.54 3841.11 3837.41 3834.42 3832.45 3830.61 3828.57 3826.14 3823.32 3821.34 3821 3820.44 3815.83 3812 3808.89 3806.28
3717.35 3721.38 3724.51 3729.84 3738.58 3744.89 3749.95 3754.93 3760.1 3762.89 3764.29 3767.99 3768.87 3769.02 3769.03 3768.65 3767.24 3765.69 3762.01 3758.83 3758.88 3759.22 3759.78 3761.1 3763.36 3770.4 3781.51 3793.39 3802.65 3805.34 3805.23 3805.08 3804.69 3804.33 3804.88 3805.81 3808.01 3811.33 3816.69 3822.71 3820.29 3816.25 3823.74 3828.48 3831.49 3833.88 3836.14 3838.33 3840.32 3842.37 3845.2 3850.05 3846.75 3837.99 3833.13 3830.33 3827.6 3824.64 3821.19 3817.21 3813.64 3811.42 3812.82 3810.83 3809.17 3807.49 3805.65
3724.46 3725.48 3726.46 3728.5 3733.06 3739.04 3745.11 3750.02 3754.02 3755.94 3755.94 3753.54 3760 3764.57 3766.86 3767.38 3766.1 3763.65 3761.63 3760.97 3759.76 3759.91 3760.21 3760.77 3762.02 3769.42 3780.07 3790.58 3799.19 3802.63 3803.58 3803.96 3803.96 3804.26 3805.51 3806.49 3808.13 3810.97 3815.57 3821.74 3826.62 3829.38 3831.93 3834.93 3837.49 3839.7 3841.7 3843.65 3845.31 3846.79 3847.47 3844.05 3838.32 3837.16 3832.73 3829.26 3826.01 3822.33 3818.11 3813.14 3807.74 3805.03 3803.92 3805.8 3806.63 3806.72 3806.32
3730.42 3730.28 3730.3 3730.52 3732.25 3736.72 3741.52 3745.4 3748.38 3750.28 3750.62 3750.73 3756.15 3762.54 3766.25 3767.73 3766.54 3763.66 3762.42 3764.14 3762.02 3762.17 3762.48 3762.99 3764.49 3771.09 3779.78 3788.4 3795.2 3799.55 3801.52 3802.39 3802.99 3803.54 3804.18 3805.24 3807.06 3808.82 3811.52 3817.43 3829.56 3838.26 3840.14 3841.64 3843.2 3844.72 3846.41 3848.18 3849.84 3851.11 3851.26 3849.77 3848.31 3840.4 3833.28 3829.48 3825.89 3821.9 3817.33 3812.17 3807.34 3804.58 3802.1 3803.71 3805.58 3806.83 3808
3733.98 3733.82 3733.91 3733.51 3734.36 3737.04 3740.06 3742.6 3745.04 3748.24 3749.61 3750.98 3758.79 3764.54 3768.66 3770.86 3770.17 3766.27 3762.85 3765.32 3764.94 3766.21 3767.1 3766.87 3768.59 3774.25 3780.92 3787.56 3792.92 3797.09 3799.49 3800.92 3801.33 3802.13 3802.62 3804.15 3805.71 3806.96 3808.43 3815.2 3831.37 3841.63 3845.5 3846.81 3847.83 3848.95 3850.45 3852.05 3853.73 3855.2 3856.22 3857.38 3855.27 3845.11 3836.28 3831.6 3827.88 3823.95 3819.28 3814 3809.09 3806.96 3803.98 3804.94 3806.26 3807.4 3808.97
3732.81 3735.82 3737.84 3738.97 3739.47 3739.44 3740.43 3742.04 3745.14 3751.08 3755.7 3759.53 3765.41 3768.71 3772.87 3776.68 3777.99 3775.3 3766.47 3767.09 3768.78 3771.73 3774.62 3775.03 3774.72 3779.04 3782.98 3787.75 3792.56 3795.91 3797.35 3798.41 3799.01 3800.02 3801.48 3803.44 3805.29 3807.43 3809.81 3819.31 3839.69 3848.71 3849.8 3850.19 3850.9 3851.81 3853.37 3855.18 3857.05 3858.74 3859.91 3859.69 3855.72 3848.29 3840.11 3835.03 3831.75 3828.05 3823.55 3818.52 3813.35 3812.32 3811.83 3809.49 3808.8 3808.52 3808.39
3731.07 3737.83 3742.08 3743 3742.7 3741.63 3741.95 3743.29 3747.35 3757.01 3767.89 3772.14 3769.95 3772.09 3777.27 3783.49 3789.41 3792.78 3777.55 3773.4 3774.1 3777.49 3783.14 3791.94 3788.69 3783.99 3784.38 3787.04 3791.11 3793.81 3794.66 3795.36 3796.27 3797.49 3799.43 3802.1 3805.46 3810.06 3816.74 3827.88 3844.5 3850.75 3850.65 3851.04 3852.12 3853.48 3855.38 3857.57 3859.77 3861.75 3862.97 3862.94 3860.04 3853.23 3843.3 3840.14 3837.75 3834.07 3829.66 3824.98 3821.22 3819.92 3819.3 3814.66 3812.1 3810.44 3808.45
3733.55 3740.89 3746.4 3744.32 3742.22 3742.41 3744.21 3747.34 3752.55 3762.08 3772.91 3773.91 3768.92 3773.58 3780.42 3788.57 3797.78 3806.44 3793.74 3783.46 3781.33 3780.83 3784.62 3790.31 3786.96 3783.07 3782.39 3784.8 3788.1 3790.32 3791.14 3791.5 3792.55 3794.32 3796.79 3799.91 3804.54 3811.28 3820.85 3829.86 3838.44 3844.21 3846.68 3848.68 3850.88 3853.29 3855.96 3858.76 3861.51 3864 3865.93 3867.24 3867.03 3861.83 3853.81 3849.86 3846.1 3841.4 3836.68 3832.14 3827.97 3825.69 3825.32 3818.72 3816.02 3813.46 3810.9
3740.69 3744.73 3746.64 3743.16 3740.44 3742.87 3746.87 3752.39 3758.53 3764.5 3770.32 3770.93 3768.98 3774.49 3782.24 3790.56 3799.64 3806.53 3801.42 3791.41 3785.52 3781.22 3780.05 3777.95 3777.17 3777.43 3778.38 3780.7 3783.95 3787.7 3785.82 3786.31 3787.83 3790.06 3792.83 3796.73 3801.72 3808.59 3817.77 3823.76 3828.03 3834.87 3840.11 3844.22 3847.96 3851.6 3855.29 3858.87 3862.28 3865.4 3868.03 3870.47 3871.71 3870.18 3867.65 3862.75 3855.48 3849.06 3843.7 3839.33 3835.87 3833.65 3832.17 3824.72 3820.29 3817.09 3815.14
3751.19 3749.96 3747.35 3742.98 3740.89 3744.84 3749.67 3755.05 3760.88 3765.92 3768.5 3770.31 3770.73 3775.95 3783.04 3790.9 3797.87 3801.99 3800.2 3793.6 3787.01 3780.31 3775.47 3770.63 3770.58 3772.41 3774.15 3775.61 3776.59 3776.07 3777.79 3780.01 3782.47 3785.26 3788.18 3792.07 3796.41 3801.74 3808.31 3814.16 3819.44 3826.65 3833.45 3839.36 3844.85 3849.82 3854.61 3859.04 3863.12 3866.56 3869.66 3872.2 3873.67 3874.23 3874.75 3870.54 3862.42 3855.59 3850.01 3845.74 3843.08 3842.67 3838.73 3829.7 3823.65 3819.78 3818.29
3762.38 3757.21 3751.63 3747.21 3745.87 3750.51 3754.26 3757.16 3763.34 3769.97 3773.69 3774.67 3775.05 3778.43 3783.69 3790.26 3795.48 3797.81 3796.85 3793.48 3787.53 3780.83 3773.91 3768.73 3768.61 3770.09 3771.46 3771.41 3770.66 3769.6 3770.7 3773.91 3777.49 3780.66 3783.67 3786.77 3790.1 3793.43 3797.24 3804.53 3811.76 3819.46 3827.26 3834.43 3841.06 3847.22 3852.97 3858.47 3863.35 3867.96 3871.17 3873.23 3874.14 3874.51 3874.38 3871.58 3865.64 3859.67 3854.3 3849.73 3846.2 3843.51 3840.1 3832.08 3824.54 3820.24 3818.15
3770.95 3765.99 3761.97 3759.48 3759.68 3762.06 3762.82 3763.16 3769.63 3777.56 3782.19 3781.09 3779.84 3780.53 3784.29 3789.85 3794.02 3796.62 3797.27 3794.61 3789.23 3782.31 3774.9 3770.21 3769.95 3770.58 3770.87 3769.68 3767.36 3764.34 3765.43 3769.57 3773.81 3777.02 3779.81 3782.6 3784.76 3786.85 3790.03 3796.96 3804.97 3813.15 3821.69 3829.86 3837.57 3844.79 3851.54 3858.07 3863.78 3869.24 3872.85 3874.78 3874.28 3872.39 3873.45 3871.53 3867.12 3862.43 3857.38 3852.1 3846.64 3841.14 3835.6 3828.77 3822.54 3818.87 3816.62
3778.11 3773.96 3769.57 3769.67 3774.96 3775.65 3774.12 3775.25 3779.85 3786.69 3791.43 3786.67 3781.51 3780.83 3785.22 3790.62 3794.36 3797.95 3800.18 3797.54 3792.96 3786.57 3778.81 3773.41 3774 3774.23 3773.43 3771.33 3768.19 3764.09 3764.73 3768.87 3772.04 3774.62 3776.85 3779.17 3780.69 3782.25 3785.05 3790.4 3798.15 3807.46 3816.94 3826.02 3834.68 3842.85 3850.51 3857.8 3864 3868.83 3873.82 3877.27 3878.26 3876.6 3875.29 3869.88 3868.81 3865.33 3860.43 3854.42 3847.18 3838.1 3831.07 3824.22 3819.93 3817.12 3814.73
3786.56 3783.52 3777.71 3773.72 3778.99 3781.43 3781.95 3785.42 3788.44 3792.93 3795.48 3791.04 3785.13 3783.24 3787.91 3792.62 3796.78 3802.88 3804.14 3801.45 3798.51 3794.56 3788.38 3781.89 3782.65 3781.21 3778.71 3775.72 3772.75 3771.11 3771.2 3771.48 3772.33 3773.79 3775.5 3777.07 3778.42 3779.43 3781.18 3786.15 3793.57 3803.03 3812.77 3822.27 3831.47 3840.29 3848.69 3856.64 3863.95 3871.16 3877.35 3882.59 3886.66 3888.74 3884.51 3876.68 3874 3870.25 3864.87 3858.42 3850.88 3841.92 3834.12 3826.49 3819.53 3816.67 3814.6
3795 3793.99 3786.48 3777.1 3778.38 3781.5 3783.63 3786.94 3792.75 3797.05 3797.59 3795.81 3791.37 3789.43 3792.66 3796.51 3800.48 3805.24 3805.56 3804.61 3804.62 3805.47 3807.74 3802.11 3796.43 3790.62 3785.36 3780.96 3777.82 3777.12 3777.21 3773.84 3773.33 3774.07 3775.4 3776.92 3778.67 3780.25 3781.9 3785.72 3791.96 3800.31 3809.64 3819.22 3828.72 3837.98 3846.95 3855.6 3864.75 3872.88 3880.4 3887.51 3894.34 3901.27 3896.23 3889.9 3882.35 3875.52 3868.82 3862.19 3855.96 3850.38 3843.26 3830.62 3822.05 3818.63 3814.05
3796.03 3793.28 3785.62 3777.41 3779.06 3781.77 3784.46 3787.97 3795.84 3804.22 3806 3801.46 3798 3796.54 3798.32 3800.72 3803.66 3802.4 3803.88 3805.75 3808.81 3813.67 3821.66 3821.36 3808.9 3799.71 3792.06 3786.27 3781.55 3777.83 3774.32 3773.77 3774.02 3774.89 3775.85 3777.48 3779.93 3783.82 3784.8 3786.12 3791 3798.9 3808.44 3818.28 3827.86 3837.52 3846.89 3856.06 3864.97 3873.67 3882.16 3890.37 3897.96 3901.41 3900.78 3895.88 3888.66 3880.15 3872.35 3865.44 3859.89 3855.91 3850.77 3838.41 3828.94 3825.7 3819.79
3786.73 3779.28 3779.12 3779.38 3781.26 3785.87 3786.76 3790.57 3797.64 3803.97 3806.31 3804.58 3802.82 3803.16 3802.77 3803.69 3803.84 3800.21 3801.76 3805.47 3809.61 3814.6 3820.84 3822.34 3813.73 3804.94 3796.93 3790.4 3784.64 3779.23 3774.22 3774.44 3775.32 3776.16 3776.92 3777.97 3779.76 3783.52 3782.97 3782.75 3788.95 3797.84 3807.58 3817.6 3827.52 3837.28 3846.86 3856.23 3865.4 3874.39 3883.22 3891.83 3900.01 3905.71 3906.26 3901.08 3892.12 3882.77 3874.53 3867.15 3860.99 3856.08 3851.63 3844.97 3837.38 3836.93 3836.47
3781.05 3774.08 3776.12 3779.18 3779.62 3781.13 3785.44 3790.81 3797.01 3805.56 3806.49 3804.98 3804.22 3804.24 3804.81 3806.14 3803.94 3797.34 3800.64 3804.97 3809 3811.98 3812.66 3816.13 3813.1 3807.32 3800.26 3794.05 3788.28 3782.97 3778.81 3777.85 3777.94 3778.44 3778.63 3778.46 3778.02 3777.96 3777.93 3778.43 3787.74 3798.21 3808.22 3818.4 3828.39 3838.06 3847.56 3856.8 3865.89 3874.73 3883.28 3891.55 3900.09 3909.22 3911.25 3899.61 3890.6 3883.09 3875.07 3867.35 3859.94 3852.79 3845.58 3842.77 3840.7 3842.97 3842.4
3785.36 3776.14 3773.04 3774.15 3776.15 3775.18 3780.56 3786.4 3790.67 3799.57 3800.77 3802.86 3804.49 3804.11 3806.98 3809.64 3808.94 3799.72 3801.64 3805.53 3809.39 3812.21 3813.74 3814.06 3812.6 3807.86 3802.66 3797.2 3792.09 3787.69 3784.56 3783.12 3782.01 3781.93 3781.71 3780.77 3778.38 3774.05 3778.33 3782.74 3791.41 3801.06 3810.56 3819.83 3829.38 3838.63 3847.8 3856.65 3865.45 3873.93 3881.85 3888.87 3894.61 3899.67 3902.24 3893.3 3889.64 3882.7 3874.66 3866.52 3858.67 3850.89 3843.7 3842.86 3843.45 3845.4 3841.44
3788.03 3783.73 3774.6 3774.76 3779.09 3784.18 3785.59 3785.73 3783.99 3775.32 3791.81 3801.29 3806.64 3810.86 3812.83 3811.71 3809.44 3803.63 3804.07 3807.21 3811.18 3814.33 3816.34 3816.35 3813.63 3809.26 3804.66 3799.93 3795.68 3792.13 3790.32 3788.36 3786.64 3786.31 3786.6 3786.79 3785.69 3782.88 3788.57 3793.71 3798.97 3805.84 3813.69 3821.84 3830.25 3838.81 3847.41 3856.2 3864.61 3872.67 3880 3885.91 3888.36 3882.21 3859.92 3885.46 3889.33 3881.22 3873.16 3865.34 3857.89 3851.09 3846.12 3846.37 3849.32 3852.08 3846.23
3777.27 3777.41 3785.29 3782.55 3782.53 3787.39 3791.68 3791.74 3789.79 3789.55 3796.12 3804.08 3810.06 3815.02 3816.14 3811.66 3806.97 3805.6 3806.24 3808.92 3813.3 3818.73 3821.43 3818.83 3815.17 3810.78 3806.79 3802.65 3798.7 3795.29 3792.6 3790.9 3790.49 3791.3 3792.88 3795.29 3798.59 3802.43 3802.82 3805.04 3806.67 3810.94 3817.04 3823.89 3831.3 3839.05 3846.97 3854.91 3863.35 3871.02 3878.14 3884.29 3888.54 3891.35 3904.13 3892.23 3883.12 3877.28 3870.92 3864.08 3857.49 3851.91 3848.44 3850.8 3858.32 3863.93 3857
3762.51 3763.59 3773.16 3777.29 3779.97 3785.21 3795.17 3798.16 3799.99 3802.11 3805.9 3810.03 3813.92 3816.44 3816.19 3813.27 3807.76 3806.34 3807.21 3809.69 3813.66 3820.5 3824.04 3819.5 3815.87 3811.97 3808.71 3805.21 3801.49 3797.88 3794.18 3792.3 3793.63 3796.03 3798.98 3802.5 3807.53 3811.92 3811.28 3811.6 3811.8 3815.13 3819.95 3825.79 3832.32 3839.39 3846.63 3853.84 3861.54 3868.87 3876.01 3882.99 3890.2 3898.86 3907.05 3896.89 3881.16 3875.2 3869.46 3863.39 3857.75 3853.23 3850.92 3854.35 3864.99 3874.15 3870
3758.23 3756.68 3754.81 3765.04 3774.37 3782.05 3788.98 3800.13 3810.95 3815.6 3815.58 3816.03 3817.52 3819.08 3819.48 3817.05 3810.64 3807.21 3807.6 3809.47 3812.04 3813.82 3815.77 3816.92 3816.06 3813.29 3811.08 3808.35 3805.17 3801.56 3797.18 3794.39 3797.46 3801.23 3804.27 3807.06 3809.44 3810.65 3809.46 3810.93 3813.97 3817.91 3822.24 3827.37 3833.14 3839.36 3845.87 3852.35 3859.61 3866.45 3873.3 3880.32 3887.84 3895.95 3903.37 3896.18 3886.03 3876.09 3868.74 3862.79 3858.04 3854.72 3854.11 3858.29 3868.58 3877.35 3880.27
3749.93 3749.99 3749.48 3759.91 3771.17 3782.3 3789.68 3797.37 3814.15 3824.89 3819.95 3819.69 3820.21 3820.69 3820.9 3817.73 3811.98 3808.33 3808.58 3810.16 3811.96 3814.44 3812.94 3816.17 3817.26 3815.55 3814.32 3812.38 3809.98 3807.01 3803.79 3800.76 3804.19 3807.67 3809.91 3811.33 3811.36 3811.01 3810.14 3811.98 3815.85 3819.88 3824.09 3828.93 3834.09 3839.66 3845.5 3851.38 3857.44 3863.32 3869.42 3875.51 3881.51 3886.73 3889.75 3886.15 3879.47 3872.88 3866.91 3861.8 3857.95 3855.37 3855.54 3859.31 3866.05 3874.02 3883.69
3765.35 3758.55 3756.5 3762.94 3770.55 3778.89 3784.38 3791.06 3795.33 3806.5 3818.14 3821.62 3822.19 3820.84 3817.79 3816.93 3809.76 3809.51 3811.31 3813.23 3814.45 3814.97 3817 3819.85 3821.55 3819.7 3818.94 3817.71 3816.1 3814.7 3813.75 3813.88 3814.85 3815.28 3815.78 3816.56 3817 3816.3 3814.44 3815.88 3818.5 3821.59 3825.47 3830.07 3834.56 3839.46 3844.58 3849.8 3855.03 3860.35 3865.26 3869.8 3873.6 3875.7 3875.37 3872.98 3871.31 3867.84 3863.77 3860.01 3857 3855.02 3854.69 3855.72 3861.49 3868.7 3882.18
3771.66 3772.22 3770.86 3772 3773.47 3772.21 3776.52 3793.84 3805.07 3814.17 3822.36 3826.06 3826.19 3823.98 3819.9 3820.39 3812.56 3814.07 3817.6 3820.2 3821 3820.79 3824.13 3826.92 3825.84 3825.79 3824.97 3823.85 3822.52 3821.9 3822.87 3826.5 3824.13 3821.83 3821.06 3821.35 3821.99 3821.8 3823.71 3820.66 3821.21 3823.44 3826.94 3830.63 3834.73 3838.63 3843.11 3847.63 3852.08 3856.3 3859.49 3862.86 3865.41 3865.96 3864.95 3863.28 3863.27 3862.4 3860.46 3858.07 3855.94 3854.48 3853.98 3854.56 3858.62 3864.41 3874.1
3772.69 3781.62 3784.36 3785.02 3783.98 3783.85 3792.48 3807.96 3827.34 3830.53 3831.6 3833.64 3834.28 3832.61 3827.87 3825.11 3820.5 3822.7 3827.75 3831.42 3832.35 3832.19 3835.02 3836.27 3834.53 3833.68 3832.11 3830.46 3828.99 3827.93 3827.86 3827.84 3826.5 3825.08 3824.68 3824.7 3823.58 3822.81 3821.15 3821.55 3822.49 3824.58 3826.76 3829.86 3833.37 3837.3 3841.26 3845.23 3849.07 3852.59 3855.13 3855.64 3857.57 3857.78 3856.99 3855.62 3857.16 3858.08 3856.64 3855.01 3853.58 3852.76 3853.14 3855.19 3855.93 3857.57 3859.55
3777.81 3792.28 3798.21 3801.14 3801.22 3799.31 3803.36 3813.51 3830.28 3836.88 3841.06 3844.43 3845.91 3844.9 3840.49 3832.3 3827.41 3835.38 3842.68 3848.01 3849.6 3846.29 3847.33 3848.21 3844.78 3842.41 3839.65 3837.13 3834.7 3832.77 3830.91 3828.53 3826.87 3826.82 3826.66 3826.92 3828.49 3823.28 3819.82 3821.28 3822.89 3824.54 3825.89 3828.31 3831.23 3834.22 3837.59 3841.04 3844.4 3847.37 3850.02 3853.23 3853.73 3853 3851.24 3849.47 3851.92 3853.59 3853.22 3852.08 3851.1 3850.34 3850.4 3851.34 3849.81 3847.4 3846.89
