real_craters/C133-500m.grd
DSAA
166 166
-41.23 41.23
-41.23 41.23
2764.1694775545 4266.214962474
[rows 30 to 59 of 166, columns 0 to 66 of 166]
3644.47 3659.84 3669.76 3676.87 3684.03 3682.52 3676.69 3674.79 3674.72 3679.43 3688.6 3694.14 3697.07 3697.91 3698.98 3701.93 3714.77 3737.05 3745.01 3750.83 3755.22 3749.35 3744.75 3740.4 3738.13 3736.64 3732.92 3732.23 3735.86 3742.93 3751.11 3739.76 3737.63 3736.83 3735.54 3733.46 3731.29 3731.56 3734.3 3740.04 3746.98 3755.79 3764.74 3770.81 3775.38 3776.55 3775.03 3771.76 3768.95 3766.5 3762.54 3757.24 3758.35 3760 3766.13 3781.88 3800.96 3822.57 3839.42 3846.97 3840.73 3830.37 3832.07 3849.98 3863.84 3871.25 3873.67
3648.74 3666.37 3668.7 3673.98 3680.06 3676.61 3673.02 3669.99 3668.04 3673.44 3677.88 3689.19 3692.28 3692.23 3692.75 3696.72 3705.79 3728.37 3736.23 3737.45 3739.15 3742.28 3739.73 3738.13 3737.02 3735.53 3728.58 3727.11 3729.77 3735.37 3744.65 3742.31 3738.65 3736.53 3734.79 3733.31 3732.31 3731.98 3735.3 3739.77 3747.62 3759.31 3769.24 3776.41 3780.47 3781.62 3779.3 3772.07 3774.62 3776.29 3775.13 3769.85 3768.73 3769.28 3773.88 3787.12 3806.38 3825.15 3838.92 3845.58 3849.24 3852.7 3862.24 3876.68 3889.04 3887.36 3882.79
3662.1 3662.59 3663.58 3665.86 3668.18 3668.39 3665.96 3662.99 3663.13 3667.55 3672.45 3677.57 3684.23 3685.45 3687.9 3693.8 3708.3 3724.57 3730.27 3731.33 3733.09 3735.67 3734.58 3733.95 3732.63 3730.57 3726.71 3726.4 3725.47 3729.79 3738.02 3743.22 3740.6 3737.69 3736.4 3735.43 3735.7 3737.92 3740.45 3742.38 3752.93 3767.94 3779.1 3787.09 3791.63 3792.65 3790.31 3780.73 3783.18 3790.47 3796.09 3793.7 3787.32 3788.4 3793.08 3800.22 3817.91 3833.23 3843.57 3853.28 3860.57 3868.74 3882.92 3893.3 3902.27 3894.91 3886.29
3656.86 3655.42 3654.43 3656.13 3658.5 3660.26 3660.96 3660.38 3661.5 3663.61 3664.66 3665.7 3672.09 3677.22 3682.8 3692.21 3712.36 3724.54 3728.62 3730.34 3730.96 3731.63 3732.01 3732.1 3730.91 3730.45 3727.77 3726.34 3725.92 3730.24 3735.85 3739.88 3740.74 3739.41 3737.77 3737.51 3739.09 3744.06 3748.85 3756.52 3768.85 3782.49 3792.98 3800.68 3806.09 3808.22 3806.63 3799.88 3800.77 3807.39 3813.04 3808.63 3804.68 3809.42 3816.08 3819.68 3830.9 3841.22 3846.57 3853.25 3859.96 3868.88 3881.73 3893.57 3898.25 3892.66 3883.81
3658.7 3648.83 3643.87 3649.58 3652.86 3658.38 3662.67 3663.79 3664.92 3664.7 3663.47 3664.1 3666.77 3671.38 3678.19 3689.95 3712.94 3722.67 3725.15 3724.77 3725.22 3727.17 3729.28 3731.12 3732.41 3732.01 3724.85 3722.78 3735.75 3740.73 3738.77 3739.49 3740.73 3741.2 3740.4 3740.18 3740.73 3744.16 3754.2 3772 3789.28 3800.32 3808.4 3815.13 3821.08 3826.9 3829.48 3825.03 3823.3 3822.82 3823.98 3817.97 3813.9 3818.2 3827.39 3829.66 3835.48 3843.12 3845.02 3845.03 3847.65 3859.84 3872.01 3884.87 3890.46 3885.99 3876.67
3660.8 3630.2 3644.83 3654.66 3659.97 3666.18 3671.78 3675.08 3673.45 3670.56 3666.46 3662.72 3663.34 3667 3672.73 3683.66 3712.6 3718.38 3720.2 3718.39 3720.06 3723.22 3726.89 3730.31 3733.3 3735.8 3728.79 3707.96 3733.6 3742.79 3740.46 3737.83 3742.19 3742.61 3743.11 3743.76 3744.25 3745.43 3759.3 3787.33 3811.24 3818.72 3822.91 3827.05 3831.97 3838.55 3840.28 3835.07 3834.69 3829.65 3827.76 3820.58 3812.53 3815.82 3823.38 3824.91 3830.19 3840.46 3841.63 3839.87 3840.97 3851.09 3861.4 3874.37 3880.99 3879.66 3868.92
3681.04 3675.51 3670.48 3671.43 3673.14 3678.2 3682.12 3684.23 3681.59 3678.31 3672.17 3664.34 3663.25 3665.07 3667.68 3674.31 3699.34 3708.74 3713.53 3715.47 3717.12 3721.1 3726.3 3731.2 3735.34 3738.21 3742.19 3758.01 3760.57 3748.82 3739.43 3732.84 3741.74 3744.92 3747.7 3750.95 3753.7 3757.08 3772.11 3801.93 3827.82 3832.16 3832.93 3834.29 3835.7 3837.64 3833.49 3828.21 3825.46 3824.85 3825.24 3817.32 3805.86 3803.74 3811.4 3814.93 3820.3 3834.33 3836.39 3836.54 3838.4 3845.43 3853.52 3863.9 3868.72 3869.98 3861.88
3702.53 3697.39 3695.34 3695.26 3693.48 3694.98 3693.02 3690.72 3687.64 3682.9 3676.01 3667.9 3667.87 3666.43 3666.44 3669 3684.86 3696.66 3704.05 3707.75 3712.82 3718.1 3725.55 3732.59 3738.74 3742.49 3748.33 3759.71 3747.96 3750.81 3744.34 3747.09 3743.45 3747.23 3754.34 3761.57 3768.62 3776.71 3791.63 3815.33 3834.4 3839.28 3838.67 3837.14 3834.98 3829.86 3818.91 3812.97 3813.79 3813.34 3811.14 3804.06 3795.18 3790.95 3798.62 3803.1 3809.32 3822.05 3828.63 3831.54 3836.32 3838.36 3842.72 3846.5 3854.1 3858.25 3855.57
3720.38 3717.65 3718.16 3722.23 3723.26 3718.74 3712.3 3702.28 3695.82 3688.1 3681.47 3676.64 3672.31 3670.01 3669.86 3671.39 3678.41 3687.35 3693.32 3697.47 3706.93 3715.15 3724.91 3734.87 3744.21 3752.57 3761.29 3770.72 3770.25 3761.17 3752.74 3741.34 3737.44 3751.1 3764.07 3774.83 3785.94 3798.88 3813.6 3828.53 3838.3 3840.77 3839.08 3836.06 3832.22 3826.1 3811.96 3803.95 3802.34 3801.17 3797.89 3791.23 3786.78 3789.38 3791.41 3794.15 3801.8 3814.96 3819.93 3822.01 3824.1 3825.89 3828.08 3834.55 3840.71 3846.81 3849.01
3733.3 3733.3 3736.38 3743.3 3745.09 3739.71 3733.21 3717.88 3708.2 3696.6 3687.74 3679.91 3675.19 3674.64 3675.59 3675.77 3678 3682.56 3685.38 3689.96 3700.32 3711.22 3723.24 3736 3750.38 3764.33 3776.91 3786.85 3787.47 3782.04 3767.65 3754.38 3754.52 3766.65 3775.65 3786.19 3799.64 3816.9 3834.88 3839.1 3839.81 3839.04 3836.35 3832.53 3828.05 3821.66 3805.97 3799.92 3798.69 3796.69 3791.59 3788.14 3785.77 3790 3789.64 3790.68 3790.09 3799.9 3806.42 3809.74 3811.66 3813.79 3814.42 3818.5 3824.82 3833.8 3838.19
3740.23 3744.09 3747.27 3751.68 3753.03 3750.58 3745.1 3734.32 3722.48 3712.03 3696.92 3685.24 3679.71 3679.59 3681.75 3682.68 3679.88 3681.17 3682.24 3687.08 3697.25 3710.29 3724.17 3739.06 3755.07 3773.29 3793.01 3800.84 3803.06 3795.37 3785.12 3779.54 3789.04 3787.21 3788.58 3795.95 3807.97 3824.5 3841.99 3841.01 3837.45 3834.44 3831.6 3827.46 3821.82 3814.72 3804.74 3800.54 3802.54 3801.93 3795.05 3788.31 3786.64 3787.83 3784.05 3780.8 3780.68 3784.35 3791.18 3797.85 3803.16 3805.99 3806.22 3802.53 3806.7 3810.92 3815.49
3745.66 3751.56 3749.89 3753.44 3753.18 3755.48 3751.05 3740.25 3729.88 3718.72 3700.58 3688.33 3681.93 3682.86 3685.56 3684.13 3680.86 3680.27 3682.18 3685.36 3694.66 3708.63 3723.23 3738.92 3755.93 3774.41 3793.12 3802.48 3802.25 3800.63 3796.26 3796.71 3797.48 3793.5 3793.47 3798.74 3808.21 3819.87 3829.58 3831.77 3830.22 3827.91 3825.71 3822.31 3816.85 3808.16 3798.38 3798.21 3803.02 3803.47 3793.17 3785.23 3781 3778.67 3775.91 3772.89 3767.53 3769.21 3778.23 3787.42 3795.19 3799.42 3798.6 3792.82 3792.96 3795.57 3800.79
3752.53 3760.8 3769.46 3764.49 3758.2 3756.42 3750.41 3739.44 3727.44 3711.56 3683.77 3676.18 3680.29 3683.02 3685.38 3684.48 3679.82 3676.86 3675.38 3681.02 3693.19 3706.52 3721.45 3736.67 3752.75 3768.24 3782.01 3792.1 3793.61 3797.85 3797.46 3797.37 3794.61 3788.56 3790.67 3796.01 3802.66 3809.92 3815.6 3818.87 3820.37 3819.95 3819.7 3817.15 3812.68 3804.02 3791.77 3792.04 3796.14 3796.86 3784.7 3776.33 3773.25 3770 3765.28 3762.47 3757.6 3758.99 3767.88 3779.41 3788.35 3793.03 3789.77 3784.77 3786.05 3788.92 3792.35
3757.69 3763.45 3750.89 3726.07 3761.73 3756.66 3747.6 3734.85 3719.39 3702.39 3683.75 3674.58 3677.78 3679.24 3680.11 3679.55 3676.94 3673.9 3669.85 3678.2 3690.91 3704.4 3718.23 3732.96 3746.9 3760.27 3770.53 3782.76 3792.34 3795.11 3794.03 3791.12 3785.69 3780.71 3784.34 3789.23 3794.5 3799.11 3800.94 3806.46 3812.63 3813.06 3814.83 3811.76 3807.36 3798.22 3786.27 3782.69 3782.16 3777.66 3768.96 3762.22 3757.55 3755.7 3752.12 3749.05 3750.23 3756.42 3765.81 3774.71 3782.55 3785.85 3784.51 3783.57 3787.12 3791.6 3796.88
3759.95 3767.58 3775.09 3777.1 3762.89 3751.98 3739.77 3728.71 3715.02 3702.71 3694.39 3685.73 3678.79 3674.89 3673.49 3674.02 3675.11 3675.32 3674.51 3681.37 3691.2 3701.95 3713.96 3727.06 3739.38 3752.49 3765.11 3781.12 3791.69 3792.48 3789.84 3785.91 3780.52 3776.92 3778.58 3781.87 3786.32 3790.8 3796.03 3801.81 3808.55 3818.09 3810.53 3803.11 3797.54 3787.64 3775.46 3769.9 3766.51 3761.72 3752.41 3746.93 3741.99 3740.53 3740.32 3740.62 3744.81 3753.98 3762.57 3770.7 3780.11 3788.6 3785.56 3788.24 3794.46 3800.47 3806.13
3756.7 3766.23 3774.33 3767.7 3753.14 3742.56 3731.9 3727.24 3719.44 3711.91 3704.95 3694.41 3684.03 3677 3674.02 3672.92 3676.1 3679.61 3683.9 3686.24 3692.47 3699.95 3709.72 3719.83 3730.28 3742.59 3756.54 3771.65 3783.02 3786.79 3784.24 3781.46 3779.23 3775.11 3772.39 3775.07 3778.94 3783.34 3787.65 3792.96 3800.27 3804.45 3799.27 3788.02 3777.77 3767.46 3758.91 3754.96 3751.55 3746.82 3740.82 3735.8 3731.63 3730.56 3733.28 3736.73 3741.22 3747.92 3755.28 3765.05 3776.04 3785.55 3790.06 3796.08 3804.53 3811.98 3816.72
3751.72 3759.54 3764.82 3759.69 3743.18 3706.48 3733.25 3730.29 3726.65 3721.25 3716.72 3702.64 3690.95 3682.48 3679.47 3677.78 3679.69 3682.22 3684.81 3688.08 3692.93 3698.45 3705.08 3712.67 3721.08 3730.59 3743.25 3755.7 3768.31 3775.36 3774.91 3774.46 3773.38 3769.05 3766.08 3769.37 3772.7 3776.39 3780.19 3784.12 3788.17 3790.24 3782.76 3769.67 3755.52 3746.68 3742.38 3740.89 3738.83 3735.33 3732.64 3730.02 3726.87 3726.07 3731.87 3740.2 3746.32 3748.58 3751.21 3759.85 3771.36 3782.64 3791.57 3804.24 3816.57 3823.53 3830.96
3741.36 3749.13 3755 3753.79 3744.33 3743.11 3735.47 3729.31 3726.03 3720.49 3714.54 3705.37 3696.97 3690.05 3687.16 3684.12 3684.77 3684.94 3684.61 3689.7 3693.72 3697.73 3702.45 3707.34 3712.53 3718.25 3725 3734.83 3747.93 3758.39 3762.15 3765.1 3767.46 3766.37 3761.81 3764.56 3767.27 3769.75 3772.15 3774.33 3773.75 3770.29 3763.39 3754.01 3742.4 3732.66 3730.16 3730.45 3729.92 3727.92 3728.53 3729.35 3729.29 3728.33 3736.09 3747.16 3754.08 3749.26 3748.72 3756.17 3767 3778.89 3790.71 3805.99 3820.4 3828.77 3837.5
3725.83 3736.78 3743.33 3742.59 3737.21 3731.74 3725.88 3721.27 3715.79 3711.18 3707.23 3704.24 3701.82 3700.03 3695.94 3693.01 3692.04 3691.14 3690.35 3693.66 3695.83 3698.16 3700.39 3702.56 3703.31 3704.45 3705.18 3711.7 3723.54 3737.4 3746.43 3754.89 3760.35 3761.99 3760.5 3762.42 3763.24 3763.31 3762.75 3761.74 3759.62 3755.8 3749.69 3743.03 3735.58 3725.48 3723.27 3724.11 3724.7 3725.08 3726.4 3729.36 3731.58 3734.01 3743.38 3753.49 3760.17 3752.54 3749.65 3756.09 3763.8 3771.53 3783.5 3802.05 3817.55 3825.79 3829.4
3716.25 3728.04 3731.97 3725.86 3727.65 3725.07 3718.35 3714.88 3707.44 3702.23 3699.97 3701.87 3703.44 3702.49 3682.13 3697.82 3700.04 3700.86 3699.6 3700.01 3699.01 3698.52 3698.31 3697.76 3696.5 3693.79 3689.96 3690.81 3699.57 3712.91 3731.17 3747.32 3758.82 3765.1 3764.18 3763.82 3761.97 3758.9 3754.58 3748.67 3749.49 3748.25 3743.67 3736.03 3727.23 3721.03 3719.45 3720.82 3722.35 3723.1 3724.58 3726.94 3730.52 3738.51 3748.52 3757.24 3763.6 3757.57 3754.76 3760.61 3763.46 3768.06 3778.02 3797.04 3813.81 3820.39 3821.97
3718.5 3725.42 3729.38 3722.2 3722.9 3722.21 3720.47 3717.52 3710.65 3701.76 3698.71 3701.42 3703.77 3705.15 3709.61 3704.58 3707.41 3711.2 3709.25 3707.1 3702.16 3699.89 3697.18 3694.77 3691.97 3688.53 3684.62 3684.18 3689.48 3701.1 3722.16 3744.53 3765.07 3779.89 3774.85 3768.35 3763.23 3757.56 3750.94 3745.11 3744.8 3747.03 3747.36 3735.68 3724.29 3716.65 3717.27 3719.61 3722.75 3724.15 3723.88 3724.62 3728.5 3734.69 3746.29 3759.26 3767.13 3764.69 3759.35 3761.84 3765.61 3770.15 3778.45 3794.87 3808.77 3817.3 3821.08
3721.91 3724.56 3730.05 3727.23 3729.12 3730.7 3731.25 3727.7 3719.13 3709.18 3704.2 3704.4 3705.75 3706.76 3707.7 3709.68 3712.26 3714.71 3713.05 3709.12 3704.7 3701.01 3697.68 3694.13 3690.21 3687.15 3684.9 3686.21 3690.26 3699.19 3718.73 3743.62 3768.36 3785.53 3780.36 3774.14 3767.74 3760.14 3751.26 3742.89 3741.94 3745.59 3749.12 3737.88 3726.28 3717.2 3717.04 3719.51 3721.53 3723.17 3723.93 3724.59 3728.41 3734.89 3746.83 3763.19 3777.01 3776.43 3768.62 3767.14 3771.47 3776.71 3787.27 3798.85 3809.38 3821.19 3829.54
3723.66 3726.58 3729.38 3734.17 3739.86 3745.92 3745.83 3744.04 3734.08 3716.69 3710.99 3710.13 3709.56 3708.97 3708.9 3711.54 3714.37 3717.14 3715.55 3711.22 3707.25 3703.04 3699.15 3694.89 3691.21 3688.08 3686.35 3687.32 3693.69 3699.94 3716.89 3741.76 3768.02 3789.35 3785.64 3781.77 3775.1 3766.04 3755.2 3744.01 3739.99 3740.69 3738.96 3733.97 3725.11 3717.83 3718.3 3720.46 3723.39 3724.51 3725.31 3724.12 3729.74 3738.96 3752.15 3768.27 3782.38 3786.49 3782.66 3781.46 3780.18 3783.99 3795.5 3805.1 3818.16 3832.61 3847.36
3727.65 3732.5 3738.81 3743.18 3748.03 3752.18 3754.62 3757.02 3748.04 3728.71 3721.78 3718.25 3714.62 3711.8 3711.1 3713.28 3714.61 3716.49 3715.62 3713.08 3708.91 3704.91 3700.89 3696.62 3692.57 3689.86 3689.34 3691.32 3698.01 3703.32 3716.71 3739.55 3763.86 3784.12 3794.69 3792.3 3785.26 3775.11 3762.95 3750.18 3742.89 3739.02 3732.79 3727.25 3722.7 3720.6 3722.19 3723.06 3723.56 3725.14 3725.39 3725.24 3733.01 3742.49 3755.35 3772.54 3791.02 3800.51 3797.32 3790.81 3785.88 3787.19 3795.82 3809.55 3826.11 3847.69 3871.62
3732.27 3736.07 3744.15 3750.62 3755.17 3758.85 3753.93 3757.79 3753.54 3744.61 3737.53 3730.35 3723.19 3716.98 3716.67 3718.11 3716.55 3715.23 3716.23 3714.93 3712.1 3708.81 3704.89 3700.43 3696.1 3692.33 3691.25 3696 3705.38 3708.15 3717.24 3737.64 3760.38 3780.05 3802.39 3805.15 3796.98 3786.16 3774.08 3761.91 3752.18 3744.52 3735.81 3730.9 3729.12 3728.77 3730.51 3730.66 3729.27 3731.74 3732.63 3734.08 3739.59 3747.06 3756.81 3774.69 3794.8 3802.99 3800.31 3792.76 3789.26 3790.39 3799.41 3818.19 3845.65 3874.97 3903.77
3733.95 3736.22 3744.07 3752.67 3759.81 3749.86 3746.17 3712.06 3739.16 3759.74 3752.25 3742.59 3733.82 3725.53 3728.44 3727.45 3722.37 3719.92 3719.22 3717.25 3714.92 3712.72 3709.17 3705.36 3700.98 3696.76 3695.87 3702.3 3711.54 3711.47 3716.96 3737.99 3761.7 3783.83 3807.31 3814.77 3808.58 3798.69 3787.69 3775.83 3765.03 3757.04 3748.24 3743.97 3738.95 3739.69 3742.98 3744.93 3744.52 3745.71 3745.98 3744.8 3749.48 3754.82 3762 3778.28 3795.53 3809.13 3804.76 3799.99 3799.61 3804.03 3812.6 3836.66 3876.36 3913.06 3944.59
3731.71 3732.42 3741.32 3750.59 3761.85 3769.45 3759.47 3763.28 3760.78 3770.91 3761.1 3752.54 3746.28 3739.73 3738.14 3736.74 3729.54 3724.61 3722.76 3720.22 3719.05 3716.06 3714.57 3711.31 3707.89 3704.78 3706.11 3711.12 3713.85 3714.19 3719.85 3743.74 3768.97 3791.73 3812.87 3821.14 3817.78 3810.36 3801.36 3791.73 3782.22 3773.72 3765.74 3763.19 3754.64 3753.4 3757.64 3764.61 3766.87 3763.22 3759.06 3758.61 3763.91 3768.36 3772.07 3786.77 3796.89 3800.92 3804.6 3811.08 3822.37 3827.8 3838.18 3867.18 3922.76 3969.28 3990.36
3730.82 3733.31 3741.44 3748.88 3755.16 3761.48 3766.46 3773.15 3771.37 3767.9 3763.16 3757.6 3753.86 3751.85 3746.78 3745.4 3739.94 3734.43 3729.02 3724.91 3723.09 3721.19 3719.51 3717.77 3716.76 3715.01 3716.71 3719.36 3719.32 3721.91 3733.28 3757.62 3782.14 3803.11 3818.87 3826.81 3826.68 3821.07 3813.71 3806.41 3799.32 3790.58 3782.71 3776.36 3767.9 3764.43 3767.97 3777.78 3783.96 3777.56 3775.24 3777.68 3782.72 3788.76 3797 3802.77 3804.48 3804.37 3813.93 3829.22 3846.98 3859.91 3874.37 3902.8 3970.31 4041.48 4024.58
3728.97 3733.04 3740.95 3748.07 3752.91 3755.83 3761.58 3765.89 3768.61 3767.75 3762.82 3758.42 3752.72 3746.7 3747.96 3747.45 3748.27 3743.02 3734.41 3730.96 3729 3727.21 3728.47 3727.56 3726.47 3725.97 3727.74 3729.66 3731 3738.53 3757.05 3779.44 3800.18 3819.32 3835.9 3841.13 3836.55 3830.15 3823.74 3817.88 3812.69 3803.68 3794.06 3777.48 3769.7 3769.24 3770.86 3774.39 3779.1 3782.99 3789.77 3796.35 3799.84 3807.94 3819.61 3823.81 3821.91 3820.06 3838.82 3865.8 3894.17 3914.78 3922.28 3935.49 3991.04 4033.35 4028.21
3729.84 3733.65 3739.35 3745.64 3748.45 3754.48 3759.04 3760.18 3762.75 3763.66 3761.86 3756.14 3748.8 3741.9 3730.51 3717.32 3718.33 3728.24 3730.85 3732.12 3734.24 3735.4 3735.56 3736.09 3737.01 3738.98 3741.8 3743.9 3748.32 3761.17 3785.33 3803.55 3818.12 3833.16 3847.5 3850.52 3844.25 3837.29 3830.99 3825.54 3820.43 3812.1 3802.66 3787.51 3776.88 3772.88 3770.7 3770.08 3774.89 3782.7 3791.4 3804.18 3808.46 3819.26 3834.44 3844.36 3844.69 3851.29 3876.65 3921.61 3985.19 3987 3977.13 3981.34 4009.39 4028.67 4017.83
