real_craters/C133-300m.grd
DSAA
276 276
-41.23 41.23
-41.23 41.23
2763.7920427692 4259.7872368748
[rows 210 to 239 of 276, columns 0 to 66 of 276]
3667.66 3668.03 3671.63 3675.67 3680.11 3685.19 3691.97 3697.15 3697.04 3690.09 3685.23 3683.36 3681.69 3679.29 3677.61 3674.05 3671.85 3671.14 3671.13 3671.08 3670.88 3670.1 3668.14 3664.05 3662.62 3661.41 3659.01 3655.77 3651.87 3648.51 3645.39 3640.43 3636.34 3632.74 3629.69 3626.62 3623.42 3619.88 3617.13 3613.85 3612.33 3616.96 3623.01 3629.96 3635.38 3641.62 3646.71 3650.78 3654.78 3657.68 3660.94 3663.89 3664.82 3667.36 3669.72 3672.88 3675.68 3678.09 3680.57 3684.32 3686.64 3687.99 3689.16 3691.53 3697.13 3704.05 3712.59
3672.36 3672.46 3673.64 3675.05 3677.46 3680.53 3684.14 3684.68 3676.84 3673.31 3677.78 3680.11 3680.18 3677.04 3671.26 3668.23 3665.81 3665.23 3664.71 3663.65 3662.23 3660.21 3657.06 3653.1 3650.35 3647.46 3643.95 3640.03 3636.1 3635.88 3640.7 3637.88 3631.62 3627.31 3624.08 3621.18 3618.36 3615.32 3612.79 3610.08 3608.42 3613.44 3620.62 3628.18 3634.45 3639.76 3644.64 3649.4 3653.6 3657.07 3660.69 3662.07 3664.76 3668.22 3671.35 3675.61 3679.93 3683.61 3684.85 3686.94 3688.87 3689.45 3689.38 3689.6 3691.55 3694.72 3702.6
3676.58 3677.11 3674.67 3673.86 3674.41 3675.04 3674.48 3671.65 3672.01 3672.8 3676.21 3679.34 3681.31 3682.29 3682.11 3669.3 3662.86 3661.03 3659.47 3657.51 3655.06 3651.84 3647.96 3644.48 3640.65 3635.17 3630.68 3626.24 3622.99 3623.52 3627.42 3627.88 3624.58 3621.75 3619.63 3617.56 3615.6 3613.52 3611.38 3610.22 3609.24 3614.21 3621.61 3628.79 3635.24 3640.71 3643.98 3648.62 3652.63 3655.77 3656.92 3660.73 3664.32 3668.33 3673.09 3678.1 3683.35 3687.33 3689.82 3691.97 3692.7 3692.01 3690.64 3689.35 3689.31 3690.63 3695.74
3675.75 3675 3672.53 3670.99 3670.57 3670.4 3669.95 3670.37 3676.97 3676.99 3678.07 3680.18 3682.96 3685.47 3682.42 3670.11 3661.65 3658.47 3655.61 3652.47 3648.8 3644.39 3639.41 3633.93 3628.51 3623.98 3619.58 3614.77 3609.9 3610.64 3613.13 3615.95 3616.8 3616.49 3616.25 3615.56 3614.88 3614.17 3613.61 3614.09 3615.19 3619.64 3625.68 3631.39 3637.05 3641.87 3643.92 3648.15 3651.98 3654.78 3656.26 3659.98 3664.58 3668.74 3673.63 3679.15 3685.36 3690.6 3695.78 3698.78 3697.61 3695.08 3692.52 3690.66 3690.08 3690.77 3693.24
3671.28 3669.67 3666.96 3666.18 3666.24 3666.53 3667.22 3669.41 3676.02 3677.55 3677.83 3679.79 3682.67 3684.36 3677.98 3669.23 3661.05 3656.73 3652.38 3647.9 3643.06 3637.77 3631.87 3625.11 3618.38 3615.19 3611.56 3607.26 3602.62 3603.19 3605.84 3608.57 3610.97 3612.39 3613.76 3614.66 3615.44 3616.28 3617.49 3620 3624.16 3628.3 3631.57 3635.73 3640.42 3644.61 3646.35 3649.93 3653.57 3655.58 3657.09 3660.51 3664.6 3668.53 3673.1 3678.49 3685.46 3693.5 3701.91 3705.38 3701.64 3697.04 3693.47 3691.57 3691.39 3692.12 3694.06
3659.42 3658.47 3657.95 3658.47 3659.98 3661.71 3664.17 3666.85 3673.41 3673.23 3674.05 3677.32 3679.95 3680.42 3677.5 3669.38 3662.05 3655.92 3649.82 3644.32 3638.6 3632.79 3626.66 3619.86 3613.76 3609.97 3607.01 3603.97 3601.32 3600 3600.95 3603.82 3606.81 3609.65 3612.11 3614.37 3616.56 3618.87 3621.59 3625.5 3630.19 3634.03 3637.42 3640.7 3644.98 3648.61 3650.61 3653.81 3656.13 3654.95 3657.79 3660.7 3663.72 3667.38 3671.33 3675.75 3680.81 3690.1 3705.06 3708.92 3701.91 3695.85 3691.65 3690.02 3691.23 3693.3 3697.01
3643.99 3644.8 3647.29 3649.67 3652.47 3655.98 3660.62 3665.7 3667.95 3668.85 3670.77 3673.89 3675.8 3676.59 3673.03 3667.59 3661.36 3654.54 3647.45 3640.73 3634.84 3629.15 3623.23 3617.05 3611.04 3607.63 3604.89 3602.56 3601.86 3598.14 3597.79 3600.72 3604.45 3608.1 3611.74 3615.23 3618.71 3622.29 3626.12 3630.74 3635.34 3639.67 3643.25 3646.52 3649.56 3652.43 3654.15 3656.38 3658.8 3656.42 3658.55 3660.78 3663.15 3665.81 3669.1 3672.63 3676.05 3683.2 3696.45 3700.79 3696.03 3690.45 3685.98 3683.79 3684.91 3688.18 3695.61
3628.23 3632.39 3636.93 3641.06 3645.02 3649.98 3655.47 3661.2 3661.1 3664.76 3668.19 3670.13 3670.04 3667.91 3666.34 3663.29 3659.4 3651.79 3643.44 3636.54 3630.87 3626.08 3621.37 3616.59 3611.62 3608.21 3604.28 3600.43 3597.63 3595.95 3596.23 3599.36 3603.44 3607.77 3612.19 3617 3621.61 3626.29 3631.04 3636.4 3640.83 3644.8 3649.25 3652.62 3655.21 3657.19 3658.23 3659.54 3656.14 3657.61 3658.98 3661.33 3662.83 3664.53 3666.98 3670.06 3674.92 3678.95 3684.94 3688.05 3686.17 3681.79 3677.1 3673.39 3671.02 3676.22 3683.91
3621.19 3624.34 3629.35 3633.59 3638.38 3642.8 3647.44 3652.36 3653.99 3659.63 3666.91 3664.53 3663.91 3663.21 3659.3 3655.39 3652.87 3644.84 3636.58 3630.81 3626.49 3622.98 3619.9 3617.33 3615.29 3611.09 3604.5 3598.31 3594.7 3594.89 3596.49 3599.17 3603.26 3608.05 3613.23 3619.07 3624.73 3630.51 3636.33 3642.6 3647.46 3651.1 3656.77 3660.04 3661.96 3662.39 3663.27 3663.79 3659.02 3659.78 3660.33 3661.57 3662.24 3662.98 3664.19 3665.47 3667.68 3671.88 3676.6 3677.97 3676.03 3672.06 3667.26 3662.68 3660.34 3665.23 3671.83
3615.32 3619.37 3624.32 3628.22 3632.15 3635.2 3637.73 3640.83 3642.99 3647.61 3651.52 3652.25 3654.35 3653.66 3647.34 3641.88 3635.85 3630.1 3626.46 3623.45 3620.84 3618.8 3617.32 3616.56 3616.59 3613.14 3604.25 3596.36 3592.56 3593.34 3595.8 3598.92 3603.51 3608.79 3614.94 3621.35 3628.19 3635.07 3642.08 3649.08 3656.63 3662.97 3666.81 3668.44 3669.07 3669.07 3669.24 3668.99 3664.01 3662.98 3662.75 3662.54 3662.31 3662.06 3661.59 3660.76 3660.01 3664.38 3669.68 3669.57 3667.2 3663.45 3658.87 3654.27 3652.34 3658.76 3664.48
3614.07 3617.8 3622.26 3625.77 3628.1 3629.51 3629.57 3630.82 3632.92 3634.39 3633.44 3635.48 3635.25 3634.11 3631.79 3626.95 3619.79 3615.89 3615.85 3615.4 3614.56 3613.65 3613.06 3613.02 3613.82 3611.33 3601.22 3593.72 3590.52 3591.01 3594.17 3598.35 3603.72 3609.86 3616.82 3624.01 3631.75 3639.7 3647.86 3656.26 3665.36 3672.86 3676.39 3676.81 3676.02 3675.18 3674.26 3668.92 3667.95 3666.64 3665.67 3664.67 3663.5 3662.31 3660.66 3658.41 3656.5 3659.63 3662.74 3661.96 3659.83 3656.74 3653.01 3649.62 3649.35 3656.01 3660.59
3618.03 3619.68 3622.23 3624.61 3626.32 3626.64 3625.71 3627.46 3628.25 3626.69 3623.15 3622.11 3620.44 3619 3618.42 3615.22 3610.35 3607.4 3607.61 3608.16 3608.31 3608.19 3607.8 3606.97 3604.72 3599.84 3595.25 3590.11 3588.4 3589.95 3593.27 3597.96 3604.06 3611.05 3618.62 3626.55 3634.86 3643.53 3652.61 3662.01 3672.36 3680.57 3684.46 3683.88 3682.4 3680.48 3678.69 3672.5 3670.43 3668.62 3667.01 3665.43 3663.57 3662.09 3660.57 3659.58 3658.26 3655.9 3654.74 3655.37 3654.46 3652.48 3649.97 3648.34 3650.79 3658.34 3662.57
3622.27 3622.66 3623.7 3624.96 3625.9 3625.99 3624.66 3623.94 3625.43 3622.38 3616.92 3612.93 3610.91 3610.41 3609.69 3607.37 3603.82 3601.03 3601.51 3602.28 3602.73 3602.85 3602.56 3601.23 3598.35 3593.69 3591.11 3588.19 3587.04 3588.75 3592.52 3597.77 3604.66 3612.23 3620.18 3628.75 3637.64 3646.9 3656.51 3666.38 3677.28 3686.12 3690.54 3689.21 3687.13 3684.33 3681.94 3675.5 3673.02 3670.42 3668.24 3666.1 3663.56 3661.75 3660.31 3660.79 3660.36 3653.78 3650.7 3651.68 3651.69 3650.66 3649.47 3649.49 3654.73 3663.43 3668.64
3626.63 3626.04 3625.86 3626.29 3627.04 3627.44 3626.74 3622.9 3621.26 3615.97 3608.63 3605.31 3605.13 3605.64 3605.01 3602.87 3599.93 3597.78 3597.44 3597.76 3598.24 3598.39 3598.17 3597.05 3595.13 3593.15 3589.6 3586.18 3585.59 3586.69 3591.46 3597.64 3605.22 3613.17 3621.68 3630.63 3639.95 3649.45 3659.14 3668.99 3679.36 3687.85 3692.62 3691.73 3689.69 3686.85 3681 3678.38 3674.71 3672.06 3669.67 3667.08 3664.49 3661.91 3659.15 3656.72 3655.22 3652.74 3651.12 3651.75 3651.66 3651.03 3650.64 3652.15 3660.97 3676.24 3675.68
3630.44 3628.74 3627.95 3627.84 3628.41 3629.46 3630.65 3627.6 3619.82 3611.85 3605.1 3602.25 3604.02 3605.18 3603.42 3600.69 3597.79 3595.52 3594.36 3594.45 3594.9 3595.15 3594.9 3594.06 3592.7 3590.91 3588.7 3587.02 3585.52 3586.48 3591.21 3598.13 3605.77 3614.08 3622.91 3632.03 3641.6 3651.09 3660.57 3669.85 3679.07 3686.4 3690.64 3691.36 3690.34 3688.3 3682.46 3679.84 3677.11 3674.33 3671.88 3668.93 3665.82 3662.51 3658.48 3654.59 3653.85 3655.61 3655.17 3654.46 3653.41 3652.65 3652.63 3655.16 3664.69 3677.78 3678.79
3632.95 3630.1 3628.66 3628.38 3628.82 3629.91 3631.2 3629.82 3622.3 3614.24 3607.38 3604.39 3606.84 3607 3603.94 3600.13 3596.21 3592.77 3591.59 3592.03 3592.65 3592.96 3592.76 3592 3590.88 3589.26 3588.02 3587.19 3585.71 3586.72 3591.4 3598.45 3606.42 3614.95 3623.86 3633.06 3642.64 3652 3661.13 3669.77 3677.93 3683.9 3687.69 3689.6 3689.77 3689.18 3683.81 3681.46 3679.03 3676.26 3673.63 3670.53 3667.2 3663.67 3659.74 3657.97 3659.49 3662.46 3660.86 3657.9 3655.59 3654.23 3654.45 3656.93 3664.37 3673.46 3676.29
3630.6 3628.32 3627.3 3627.09 3627.42 3628.12 3630.46 3630.19 3624.41 3619.76 3612.85 3610.03 3611.26 3609.19 3605.23 3600.69 3595.89 3591.5 3589.93 3590.75 3591.57 3591.92 3591.76 3590.98 3589.94 3588.54 3587.69 3587.32 3585.54 3586.68 3591.83 3599.03 3607.16 3615.7 3624.55 3633.73 3642.96 3652.11 3660.92 3669.09 3676.47 3681.74 3684.56 3687.94 3689.36 3689.13 3684.57 3682.75 3680.43 3677.77 3674.93 3671.87 3668.63 3665.23 3661.79 3660.14 3663.87 3668.85 3664.39 3659.92 3656.76 3655.17 3655.34 3658.01 3661.84 3666.42 3669.34
3623.19 3623.9 3624.26 3624.67 3625.04 3624.82 3624.2 3625.55 3622.09 3618.22 3613.85 3612.91 3613.69 3610.77 3606.62 3602.02 3597.05 3592.08 3590.05 3591.2 3591.99 3592.05 3591.56 3590.86 3589.77 3588.56 3587.58 3586.96 3586.03 3587.76 3592.76 3599.97 3607.77 3616.15 3624.89 3633.91 3642.92 3651.84 3660.46 3668.22 3675.37 3680.98 3686.05 3688.27 3689.08 3689.13 3684.82 3683.36 3680.85 3678.35 3675.78 3674.29 3671.3 3668.03 3664.3 3661.43 3663.7 3662.74 3661.84 3658.95 3656.29 3654.35 3653.19 3654.44 3656.25 3659.03 3660.95
3616.1 3618.69 3620.49 3621.69 3622.67 3623.14 3622.15 3620.84 3616.97 3611.64 3610.47 3612.62 3613.86 3611.38 3607.8 3603.84 3599.65 3595.51 3593.29 3593.97 3594.03 3593.68 3592.99 3592.01 3590.58 3589.13 3587.83 3587.12 3586.49 3588.77 3593.78 3600.91 3608.52 3616.65 3625.13 3633.79 3642.59 3651.32 3659.82 3666.57 3674.25 3680.27 3684.74 3687.48 3689.03 3686.7 3685.18 3683.22 3681.19 3678.89 3676.74 3675.9 3673.65 3670.95 3667.77 3665.49 3662.83 3659.35 3658.5 3656.84 3654.81 3652.86 3650.57 3647.08 3649.01 3650.23 3651.09
3611.33 3614.28 3616.56 3618.27 3619.75 3622.07 3624.48 3619.29 3613.27 3608.24 3608.12 3611.93 3613.21 3611.34 3608.75 3605.79 3603.12 3601.07 3599.89 3598.55 3596.97 3595.81 3594.76 3593.6 3592.12 3590.45 3588.39 3587.34 3586.15 3589.36 3594.92 3601.82 3609.04 3616.71 3624.78 3633.12 3641.61 3650.18 3658.65 3665.04 3673.15 3679.62 3683.58 3686.83 3689.44 3687.36 3685.35 3682.54 3680.69 3678.59 3676.92 3675.78 3674.81 3673.53 3671.3 3667.22 3663.66 3658.95 3656.87 3654.74 3652.87 3651.46 3650.21 3648.15 3643.51 3640.14 3639.09
3608.36 3611.14 3613.15 3614.68 3615.61 3616.69 3618.92 3615.39 3610 3606.24 3606.71 3611.43 3613.06 3611.01 3608.8 3606.92 3605.54 3605.53 3606.5 3602.7 3599.8 3597.94 3596.49 3595.37 3594.23 3592.8 3591.1 3589.62 3588.59 3591.71 3596.86 3603.02 3609.64 3616.56 3624.07 3631.93 3640.03 3648.37 3654.9 3663.57 3672.47 3680.28 3686.28 3690.2 3691.39 3687.72 3684.3 3681.46 3678.76 3676.76 3675.32 3674.94 3675.06 3675.93 3676.19 3673.73 3667.7 3661.17 3655.19 3651.94 3649.99 3648.71 3647.69 3644.11 3636.63 3629.44 3624.56
3607.28 3609.79 3611.34 3612.15 3611.72 3610.48 3610.52 3609.69 3606.43 3604.35 3605.42 3609.89 3611.09 3609.63 3608.16 3606.91 3606.08 3606.13 3606.05 3603.41 3600.82 3599.19 3597.97 3597.27 3596.6 3595.68 3594.37 3593.62 3593.34 3595.62 3599.62 3604.44 3610.23 3616.55 3623.24 3630.48 3638.1 3645.97 3653.51 3661.75 3670.83 3680.92 3690.56 3696.85 3693.91 3687.32 3682.27 3678.41 3675.49 3673.59 3671.83 3672.01 3673.4 3676.29 3679.89 3678.37 3665.94 3656.45 3650.61 3647.5 3645.4 3644 3642.42 3637.59 3628.83 3620.09 3613.69
3607.67 3609.68 3610.82 3610.99 3609.85 3607.79 3606.51 3604.72 3603.01 3601.98 3603.12 3606.69 3607.45 3607.27 3606.58 3605.81 3605 3604.01 3602.6 3601.33 3600.25 3599.52 3599.09 3598.91 3599.1 3599 3597.98 3597.35 3598.84 3599.31 3602.07 3605.62 3610.49 3615.89 3621.91 3628.1 3634.86 3642.19 3650.46 3657.57 3666.84 3677.56 3689.8 3699.41 3692.09 3682.94 3676.87 3672.37 3669.47 3667.71 3666.93 3667.04 3668.39 3671.48 3676.84 3672.29 3654.04 3645.6 3643.74 3641.65 3639.67 3637.67 3635.09 3629.46 3621.09 3612.51 3605.98
3609.21 3610.59 3611.29 3611.38 3609.87 3607.28 3604.67 3601.85 3600.17 3599.27 3599.59 3602.49 3603.93 3604.39 3604.65 3604.28 3603.38 3601.86 3599.59 3598.77 3599.04 3598.88 3599.03 3599.6 3600.88 3602.65 3602.04 3599.17 3599.17 3600.75 3603.23 3606.61 3610.75 3615.14 3619.82 3625.44 3631.11 3637.48 3645.05 3650.99 3659.06 3668.28 3678.64 3685.76 3680.49 3673.71 3667.42 3663.92 3661.66 3660.3 3659.38 3659.19 3659.27 3659.78 3660.16 3654.82 3644.64 3639.57 3638.03 3636.07 3633.69 3630.8 3627.05 3621.45 3614.17 3606.61 3600.99
3611.34 3612.67 3613.28 3613.03 3611.26 3607.87 3603.39 3600.18 3598.38 3597.22 3597 3597.51 3599.98 3601.91 3602.91 3602.91 3602.21 3600.76 3598.94 3598.07 3598.03 3597.93 3598.12 3598.94 3600.87 3604.4 3606.6 3600.86 3599.22 3601.4 3603.7 3606.42 3609.74 3613.29 3617.24 3621.93 3626.78 3632.23 3637.85 3642.87 3648.11 3654.05 3659.98 3662.92 3661.21 3658.16 3654.75 3653.07 3652.03 3651.36 3650.97 3650.32 3649.02 3646.29 3640.92 3639.64 3641.17 3637.6 3634.33 3631.3 3628.15 3624.48 3620.18 3614.7 3608.31 3602.42 3598.01
3613.31 3614.65 3615.75 3615.95 3613.98 3608.68 3602.65 3599.59 3597.55 3595.99 3594.86 3594.41 3596.93 3600.73 3602.15 3602.28 3601.51 3600.43 3599.39 3598.55 3597.5 3596.66 3596.31 3596.62 3597.95 3600.48 3602.94 3602.81 3601.77 3602.15 3603.16 3604.91 3607.35 3610.04 3613.46 3617.22 3621.22 3625.11 3628.92 3633.15 3636.31 3639.09 3640.16 3639.29 3639.38 3640.52 3640.32 3640.84 3641.3 3641.73 3641.83 3641.32 3639.74 3636.49 3632.08 3633.45 3637.71 3634.96 3630.84 3626.78 3622.65 3618.38 3614.07 3608.92 3603.84 3599.58 3597.02
3613.69 3615.72 3618.46 3619.54 3618.51 3611.8 3603.71 3600.37 3598.2 3596.39 3594.57 3595.78 3599.75 3602.29 3602.9 3602.27 3601.06 3599.94 3599.21 3598.23 3596.08 3594.38 3593.45 3593.05 3593.01 3593.6 3597.22 3603.29 3603.28 3602.08 3601.97 3603 3603.94 3606.13 3608.77 3611.69 3615.5 3618.38 3620.99 3623.71 3624.97 3625.04 3623.14 3619.63 3619.89 3623.92 3626.47 3629.01 3630.89 3632.27 3633.1 3633.34 3632.93 3631.6 3629.03 3632.12 3633.59 3631.22 3626.84 3622.14 3617.47 3612.76 3608.03 3603.79 3599.97 3597.06 3596.12
3612.94 3616.19 3620.2 3623.19 3623.89 3615.42 3606.24 3602.53 3600.18 3598.51 3598.03 3599.8 3604.75 3605.77 3604.35 3602.47 3600.72 3598.92 3597.46 3596.46 3593.26 3591.28 3590.09 3589.09 3588.13 3587.38 3591.61 3599.47 3600.4 3599.58 3599.19 3599.93 3601.31 3602.46 3604.46 3606.69 3609.24 3611.31 3613.21 3614.47 3614.7 3613.3 3610.15 3605.96 3605.78 3610.89 3614.62 3618.28 3621.11 3623.25 3624.89 3626.23 3627.25 3628.88 3632.19 3631.97 3631.55 3627.4 3622.45 3617.37 3612.47 3607.79 3603.45 3599.4 3596.2 3593.9 3593.09
3611.15 3615.56 3620.83 3625.7 3628.44 3618.35 3609.93 3605.79 3602.87 3600.97 3600.46 3603.14 3609.41 3608.32 3605.26 3602.38 3599.7 3597.02 3593.97 3590.28 3588.86 3587.58 3586.43 3585.4 3584.44 3583.88 3586.7 3590.97 3594.08 3594.7 3594.73 3595.62 3596.9 3598.69 3600.07 3601.8 3603.74 3605.25 3605.82 3605.99 3605.84 3604 3601.02 3597.85 3597.38 3601.95 3605.44 3609.35 3612.58 3615.24 3617.47 3619.51 3621.48 3623.22 3624.19 3627.1 3626.87 3622.62 3617.64 3612.49 3607.56 3603.19 3599.03 3595.34 3592.32 3590.12 3589.45
3608.29 3613.31 3619.33 3625.42 3630.44 3621.33 3613.88 3608.94 3605.25 3602.66 3601.16 3602.28 3606.49 3606.68 3604.52 3601.52 3598.27 3594.79 3591.06 3587.28 3585.3 3584.12 3582.86 3581.89 3581.4 3581.91 3582.38 3582.64 3586.68 3588.65 3589.68 3590.95 3592.37 3594.13 3595.65 3597.73 3599.05 3600.12 3599.78 3599.73 3598.95 3597.09 3594.61 3593.09 3592.95 3596.07 3598.72 3602.27 3605.45 3608.26 3610.17 3612.66 3615.36 3618.25 3619.82 3620.91 3620.43 3616.49 3611.99 3607.05 3602.22 3598.02 3594.53 3591.27 3588.84 3586.7 3584.74
