real_craters/C133-300m.grd
DSAA
276 276
-41.23 41.23
-41.23 41.23
2763.7920427692 4259.7872368748
[rows 60 to 89 of 276, columns 201 to 267 of 276]
3736.51 3735.11 3733.01 3735.94 3740.82 3743.19 3749.25 3754.79 3758.28 3754.82 3749.9 3744.43 3738.8 3733.36 3728.25 3723.79 3720.08 3719.79 3719.59 3721.98 3724.86 3726.91 3728.44 3729.2 3729.93 3730.98 3732.76 3735.03 3736.5 3735.26 3733.81 3732.54 3731.12 3729.01 3725.98 3722.38 3718.91 3715.76 3714.3 3717.67 3722.56 3727.6 3732.68 3737.79 3743.22 3748.33 3751.64 3745.35 3728.54 3713.4 3700.51 3691.34 3688.55 3687.66 3687.69 3687.55 3687.79 3687.5 3687.84 3687.43 3686.84 3686.65 3687.75 3689.32 3690.56 3691.89 3694.71
3732.27 3730.52 3727.83 3730.81 3735.53 3739.02 3745.16 3751.91 3756.06 3752.36 3747.16 3741.76 3736.41 3731.14 3726.3 3721.79 3718.9 3719.8 3720.55 3722.86 3725.63 3728.54 3729.98 3729.83 3729.29 3730.01 3731.61 3733.66 3734.92 3733.65 3731.92 3730.47 3729.17 3727.64 3725.42 3723.42 3721.88 3720.65 3720.97 3723.91 3728.1 3732.69 3737.42 3741.65 3744.86 3746.21 3744.35 3734.56 3719.32 3708.77 3700.05 3693.52 3691.49 3690.7 3690.11 3689.66 3689.82 3688.89 3688.1 3686.11 3685.58 3686.97 3688.42 3690.19 3691.39 3693.09 3695.38
3727.73 3725.38 3722.24 3725.66 3729.36 3732.97 3739.68 3746.45 3750 3747.19 3742.88 3738.04 3733.21 3728.31 3723.97 3720.14 3717.98 3718.84 3720.19 3722.61 3725.25 3728.53 3729.74 3728.15 3726.96 3727.6 3728.92 3730.4 3731.27 3730.47 3729.02 3727.57 3726.23 3725.08 3724.15 3724.51 3724.66 3724.99 3727.31 3729.89 3733.04 3736.89 3741.25 3745.19 3746.14 3742.4 3735.02 3722.65 3709.58 3704.01 3699.91 3697.92 3695.32 3694.88 3694.33 3693.47 3693.08 3692.08 3690.55 3687.39 3687.49 3688.98 3689.88 3691.2 3692.56 3695 3697.57
3723.32 3721.66 3719.68 3722.19 3725.84 3727.97 3733.27 3738.73 3741.62 3740.24 3737.33 3733.73 3729.68 3725.31 3721.49 3718.26 3716.94 3717.73 3718.07 3720.37 3722.42 3724.93 3725.82 3724.14 3723.57 3724.04 3725.28 3726.42 3726.96 3726.51 3725.51 3724.18 3722.64 3721.37 3721.52 3722.67 3724.36 3727.17 3730.95 3733.81 3736.44 3739.43 3743.02 3746.96 3746.57 3737.57 3726.42 3713.65 3703.82 3700.76 3699.54 3698.72 3698.82 3699.33 3699.32 3699.05 3698.45 3697.5 3696.34 3694.47 3693.25 3692.85 3692.6 3693.1 3694.38 3696.64 3699.96
3719.86 3718.56 3718.31 3719.37 3721.56 3723.12 3726.54 3729.75 3732.17 3732.81 3731.52 3729.06 3725.82 3722.45 3719.09 3715.92 3714.29 3715.4 3715.08 3716.61 3717.15 3717.97 3717.99 3718.49 3718.34 3719.94 3721.49 3722.46 3722.5 3722.65 3722.27 3721.08 3719.42 3717.97 3718.85 3720.65 3723.31 3728.1 3732.4 3735.93 3738.18 3739.81 3741.44 3743.11 3740.93 3730.34 3718.89 3707.7 3700.71 3699.1 3699.99 3702.01 3703.13 3704.35 3705.52 3706.1 3705.82 3704.08 3702.44 3704 3699.64 3697.11 3695.41 3694.63 3694.89 3696.91 3700.21
3717.12 3716.15 3715.89 3716.06 3716.19 3718.06 3720.45 3722.77 3724.98 3726.38 3726.34 3724.99 3722.81 3720 3717.05 3713.96 3711.49 3711.54 3710.52 3710.54 3710.43 3710.42 3709.74 3711.93 3714.02 3716.33 3718.18 3719.56 3720.18 3720.45 3719.98 3718.86 3717.4 3716.21 3717.46 3720.19 3723.89 3729.32 3734.76 3738.39 3739.02 3738.6 3737.24 3734.49 3729.04 3720.87 3712.12 3703.72 3697.83 3698.8 3701.21 3704.28 3706.96 3709.62 3712.37 3713.54 3712.95 3711.07 3706.69 3705.21 3704.32 3701.1 3697.64 3695.46 3695.17 3697.7 3701.23
3715.27 3714.02 3713.05 3713.06 3713.76 3713.95 3715.39 3717.23 3719.69 3721.67 3722.42 3721.95 3720.52 3718.13 3715.73 3712.92 3711.33 3709.77 3706.13 3703.64 3704.18 3704.95 3705.77 3708.57 3711.25 3713.74 3715.81 3717.55 3718.96 3719.28 3718.56 3717.68 3716.69 3715.99 3717.54 3720.88 3725.04 3730.46 3736.04 3739.56 3739.15 3736.94 3732.86 3726.42 3717.89 3712.27 3706.8 3701.28 3699.45 3701.24 3703.88 3706.66 3710.53 3714.73 3718.69 3721.09 3721.96 3720.75 3714.93 3711.75 3711.35 3706.85 3701.09 3698.12 3698.41 3700.9 3704.24
3714.69 3712.17 3709.81 3709.72 3709.47 3709.8 3711.35 3713.58 3716.18 3718.56 3719.88 3719.96 3719.42 3717.74 3715.38 3712.61 3711.24 3708.96 3704.4 3700.03 3700.99 3702.17 3703.09 3706.2 3709.54 3712.12 3714.11 3715.82 3717.15 3717.67 3717.49 3717.26 3717.19 3717.57 3719.37 3722.34 3725.87 3731.23 3736.67 3739.84 3739.23 3736.2 3730.62 3722.63 3713.5 3708.31 3704.33 3701.13 3703.09 3705.58 3709.04 3712.02 3716.53 3723.17 3726.89 3728.82 3730.9 3733.65 3732.73 3728.71 3723.17 3715.29 3707.97 3703.73 3704.17 3707.7 3711.45
3715.07 3710.42 3707.08 3705.52 3705.01 3706.6 3708.61 3711.08 3714.4 3717.35 3719.08 3719.95 3719.64 3718.41 3716.69 3714.83 3713.9 3711.27 3706.59 3702.5 3702.54 3702.94 3703.31 3707.01 3709.6 3711.57 3713.11 3714.39 3715.39 3716.16 3716.66 3717.33 3718.38 3720.15 3722.44 3724.86 3727.58 3732.99 3738.24 3740.63 3740.66 3737.31 3731.18 3723.06 3714.53 3708.41 3704.63 3702.44 3703.94 3709.41 3717.09 3724.06 3730.07 3736.43 3737.18 3736.06 3736.29 3742.87 3757.44 3750.58 3734.82 3724.79 3716.58 3712.76 3713.85 3718.38 3723.99
3718.74 3712.82 3706.36 3702.48 3703.69 3706.09 3708.27 3710.91 3715.31 3718.75 3720.73 3721.01 3721.26 3720.26 3719 3718.02 3717.52 3714.88 3711.13 3708.4 3707.24 3706.73 3706.34 3708.74 3710.47 3711.65 3712.52 3713.32 3714.02 3714.97 3716.03 3717.67 3719.71 3722.23 3725.07 3728.49 3732.05 3737.29 3742.53 3745.66 3744.7 3740.67 3734.33 3726.25 3717.31 3710.95 3706.97 3704.21 3704.66 3713.01 3727.24 3742.36 3753.39 3754.2 3747.4 3739.12 3733.57 3735.33 3748.73 3744.9 3736.24 3732.73 3728.79 3726.59 3726.91 3730.15 3736.05
3721.4 3716.65 3709.09 3703.13 3706.01 3709.65 3712.48 3715.47 3720.05 3723.04 3724.38 3724.44 3723.72 3722.81 3721.7 3721.15 3720.56 3718.25 3715.43 3713.55 3712.03 3711.19 3710.52 3711.3 3711.86 3712.14 3712.31 3712.55 3712.79 3713.43 3715.55 3718.27 3721.31 3724.61 3728.37 3733.03 3737.7 3742.9 3747.92 3751.26 3749.8 3745.58 3739.64 3732.25 3723.6 3716.8 3712.19 3707.7 3706.5 3716.34 3736.28 3759.86 3779.17 3771.39 3755.24 3738.58 3722.92 3710.4 3703.59 3717.42 3728.82 3738.58 3741.46 3741.59 3738.45 3738.64 3742.3
3729.13 3723.29 3716.23 3710.15 3713.36 3718.09 3721.93 3725.27 3728.41 3730.03 3730.15 3729.16 3727.57 3725.88 3724.43 3723.77 3723.59 3720.93 3718.02 3716.12 3714.18 3713.77 3714.15 3714.43 3713.5 3712.81 3712.25 3712.16 3712.22 3712.87 3715.7 3719.25 3723.19 3727.72 3732.93 3737.63 3742.81 3748.24 3752.91 3755.57 3754.85 3751.19 3746.22 3740.54 3734.9 3728.92 3720.29 3713.06 3709.99 3718.9 3740.26 3766.69 3790.43 3779.05 3758 3736.02 3711.96 3686.39 3670.19 3695.92 3722.66 3743.34 3749.96 3745.53 3743.25 3742.03 3742.2
3740.14 3733.54 3727.78 3723.14 3725.53 3731.21 3735.49 3738.3 3739.61 3739 3737.18 3734.67 3731.91 3729.1 3727.03 3726.39 3726.02 3722.12 3718.25 3715.11 3712.76 3713.26 3715.12 3716.15 3714.11 3712.75 3712.07 3711.92 3712.51 3713.76 3716.68 3720.62 3725.03 3729.93 3735.28 3740.97 3747.07 3752.91 3757.41 3760.35 3759.97 3756.72 3752.42 3748.04 3744.91 3739.76 3727.69 3718.51 3714.03 3720.18 3738.38 3760.37 3778.04 3772.24 3755.7 3735.87 3710.98 3679.43 3659.96 3693.13 3723.48 3748.04 3753.33 3745.71 3744.22 3742.08 3739.37
3750.97 3746.03 3742.1 3741.65 3739.84 3748.55 3754.93 3755.26 3752.68 3749 3744.92 3740.65 3736.37 3732.24 3728.92 3727.44 3725.83 3721.53 3716.71 3712.58 3709.87 3710.51 3712.69 3713.92 3712.62 3711.72 3711.52 3711.96 3713.07 3715.03 3717.99 3722.05 3726.8 3731.79 3736.94 3743.43 3750.12 3756.09 3761.09 3764.26 3764.54 3761.74 3757.23 3752.32 3747.52 3741.05 3730.86 3722.64 3718.02 3719.17 3733.12 3748.47 3759.01 3758.78 3751.43 3740.67 3726.4 3706.17 3695.98 3713.8 3730.87 3745.97 3751.21 3748.88 3744.87 3741.66 3737.65
3762.97 3759.18 3756.69 3757.54 3758.53 3767.56 3775.76 3771.77 3765.14 3758.13 3752.47 3746.57 3740.99 3735.4 3730.36 3727.92 3725.54 3719.77 3713.86 3708.84 3705.68 3705.86 3707.64 3708.92 3709.27 3709.9 3710.79 3712.05 3713.5 3715.49 3718.79 3723.45 3728.59 3734.14 3739.93 3746.37 3752.63 3758.37 3764.19 3768.68 3769.78 3766.28 3760.74 3754.21 3746.83 3738.49 3731.13 3725.12 3721.8 3720.89 3728.72 3737.82 3743.51 3746.03 3747.65 3747.69 3750.74 3764.3 3764.57 3743.98 3739.26 3739.91 3743.96 3745.18 3744.05 3741.7 3738.63
3774.71 3771.68 3771.15 3774.05 3774.66 3782.76 3789.42 3782.94 3774.35 3765.84 3758.87 3751.83 3745.18 3738.63 3732.47 3728.05 3724.02 3717.17 3710.11 3703.86 3699.73 3699.53 3700.37 3702.76 3705.35 3707.87 3710.05 3712.11 3714.09 3716.6 3720.13 3724.91 3730.42 3736.53 3743.34 3749.39 3754.81 3760.21 3766.7 3772.43 3774.26 3769.92 3763.38 3755.54 3746.7 3737.76 3731.44 3726.72 3723.55 3722.86 3726.95 3731.93 3734.79 3738.44 3744.62 3750.89 3760.93 3777.85 3776.22 3756.58 3743.11 3737.07 3739.75 3742.13 3742.6 3741.97 3740.63
3785.01 3781.26 3781.19 3783.22 3783.72 3789.6 3794.78 3787.39 3779.2 3771.2 3763.57 3756.28 3749.23 3742.2 3735.32 3727.83 3721.92 3714.35 3706.37 3698.76 3693.36 3693.02 3694.61 3697.88 3702.25 3706.72 3710.08 3713.01 3715.4 3717.86 3721.17 3726.43 3732.14 3738.14 3744.55 3750.46 3756.33 3762.2 3768.78 3774.44 3776.43 3772.37 3765.45 3757.14 3748.05 3739.19 3733.19 3729.05 3725.81 3725.35 3727.84 3731.06 3733.44 3736.71 3742.51 3748.38 3754.49 3759.8 3760.02 3751.68 3741.35 3735.07 3738.48 3740.44 3741.33 3741.93 3742.2
3792.49 3786.73 3784.03 3784.04 3785.13 3787.4 3788.58 3786.09 3780.49 3773.85 3766.92 3759.91 3752.92 3745.48 3736.91 3727.22 3720.27 3712.26 3703.66 3695.21 3688.96 3688.71 3692.17 3696.81 3702.31 3707.42 3711.45 3714.87 3717.55 3720.07 3723.38 3728.44 3733.93 3739.3 3744.59 3750.19 3757.17 3764.04 3770.41 3775.48 3777.87 3773.91 3767.3 3759.41 3750.72 3742.33 3736.81 3733.41 3730.64 3729.27 3731.45 3734.63 3736.18 3737.79 3742.18 3744.9 3745.54 3742.93 3745.53 3743.39 3738.01 3734.23 3734.84 3738.12 3740.41 3742.02 3743.15
3796.19 3788.53 3783.46 3782.62 3783.36 3784.49 3785.3 3784.45 3781.03 3775.98 3770.31 3763.84 3756.85 3749.21 3738.33 3727.94 3720.09 3711.73 3702.87 3694.23 3687.72 3688.23 3693.96 3700.27 3705.93 3710.42 3714.39 3717.93 3720.88 3723.65 3726.77 3731.33 3736.15 3740.87 3745.67 3750.98 3757.57 3764.2 3770.05 3774.62 3776.88 3774.32 3769.06 3762.36 3754.88 3747.37 3742.69 3740.55 3738.1 3736.57 3739.4 3742.5 3744.21 3744.58 3745.4 3744.11 3740.84 3738.28 3738.43 3737.82 3734.97 3733.16 3733.78 3737.74 3740.61 3742.37 3743.76
3797.88 3789.22 3782.49 3782.13 3782.7 3783.6 3785.04 3784.9 3783.06 3778.85 3773.29 3766.95 3760.2 3753.61 3744.05 3730.94 3721.87 3713.03 3704.18 3695.9 3689.95 3692.14 3698.57 3704.51 3709.87 3714.63 3718.6 3722.1 3725.18 3728.13 3731.09 3734.95 3739.02 3742.94 3747.29 3752.27 3757.47 3762.7 3767.94 3772.79 3775.39 3774.39 3770.9 3766.15 3760.78 3755.4 3752.05 3750.93 3749.64 3749.54 3752.31 3754.51 3755.64 3755.47 3751.86 3746.15 3739.87 3735.57 3735.81 3736.07 3735.82 3736.33 3737.67 3740.41 3742.21 3743.12 3743.52
3799.22 3791.79 3787.22 3786.19 3784.13 3785.11 3787.51 3787.86 3785.86 3781.97 3776.64 3770.04 3762.62 3755.35 3745.62 3735.22 3725.01 3715.75 3707.22 3699.98 3695.38 3698.59 3705.1 3710.14 3715.06 3720.07 3723.85 3727.07 3730.08 3733.19 3736.38 3739.25 3741.98 3744.81 3748.28 3752.45 3756.92 3761.5 3766.27 3771.36 3774.52 3774.82 3773.06 3770.48 3767.79 3765.7 3764.45 3763.36 3763.26 3764.68 3767.74 3767.19 3766.69 3766.39 3758.64 3749.36 3741.92 3737.46 3736.41 3736.68 3737.64 3741.53 3744.91 3744.41 3744.92 3744.97 3744.28
3800.85 3797.53 3797 3794.36 3790.38 3791.48 3793.71 3793.22 3790.55 3786.46 3780.96 3774.05 3765.01 3753.85 3744.16 3737.19 3727.9 3718.94 3711 3705.07 3702.46 3705.01 3711.56 3717.31 3722.66 3726.84 3729.74 3732.37 3734.93 3737.99 3741.74 3743.37 3744.53 3746.2 3748.58 3751.66 3756.13 3761.37 3766.61 3771 3774.19 3775.42 3775.25 3774.57 3774.1 3774.77 3775.85 3774.55 3775.75 3779.22 3780.98 3777.07 3772.9 3768.5 3760 3751.71 3744.68 3740.5 3739.2 3739.1 3739.36 3742.69 3746.1 3746.55 3747.74 3748.61 3747.75
3803.46 3804.52 3807.63 3804.05 3801.57 3803.19 3803.03 3800.38 3796.79 3792.32 3786.7 3779.72 3770.27 3756.95 3747.26 3739.89 3730.84 3722.1 3714.61 3709.26 3707.13 3711.16 3717.69 3724.55 3730.82 3734.18 3735.6 3736.94 3738.69 3741.1 3744.46 3745.6 3746.03 3747.23 3748.95 3751.22 3755.78 3761.62 3767.16 3771.03 3773.99 3775.93 3777.39 3778.14 3778.7 3779.73 3780.67 3781.32 3783.77 3787.9 3789.09 3782.51 3775.66 3767.49 3760.93 3753.5 3747.19 3743.58 3742.42 3743.02 3744.57 3740.14 3742.44 3747.33 3749.93 3752.34 3751.27
3805.4 3808.68 3811.53 3811.85 3812.62 3816.51 3812.3 3807.55 3803.53 3798.75 3793.29 3787.17 3779.78 3771.88 3757.08 3743.75 3733.73 3725.09 3717.97 3712.92 3711.32 3716.29 3722.47 3730.35 3738.4 3740.53 3740.39 3740.61 3741.24 3742.39 3743.88 3745 3746.46 3748.39 3750.35 3752.22 3756.81 3762.74 3767.27 3772.11 3775.58 3777.98 3780.29 3781.68 3782.34 3782.53 3782.26 3784.22 3786.79 3789.46 3789.08 3783.35 3777.26 3771.92 3763.84 3754.89 3748.35 3745.94 3745.34 3745.92 3747.52 3750.97 3749.01 3749.4 3750.88 3752.04 3749.54
3807.25 3811.12 3815.47 3818.31 3820.44 3821.65 3817.63 3813.36 3809.3 3804.65 3799.45 3793.94 3787.88 3780.68 3760.48 3746.55 3736.12 3727.41 3720.42 3715.95 3715.29 3719.05 3725.01 3733.08 3740.89 3743.31 3743.15 3742.97 3742.99 3742.81 3742.45 3743.46 3747 3750.61 3753.83 3756.71 3761.5 3767.34 3772.05 3776.66 3780.03 3782.26 3784.6 3785.9 3786.18 3785.85 3785.3 3786.12 3787.19 3787.49 3784.49 3781.57 3777.2 3770.22 3762.63 3756.66 3751.66 3749.78 3748.91 3748.11 3747.77 3748.1 3750.47 3751.54 3751.65 3749.88 3746.33
3811.42 3817.22 3822.6 3824.4 3824.82 3821.37 3820.11 3817.92 3814.46 3810.04 3804.98 3798.73 3791.19 3777.58 3759.12 3747.81 3738.14 3729.58 3722.43 3717.72 3716.86 3720.17 3726.46 3733.74 3739.75 3743.12 3744.26 3744.7 3744.68 3743.92 3742.78 3743.61 3749.24 3754.65 3759.41 3764.23 3769.65 3774.84 3780.03 3784.11 3786.95 3788.81 3790.46 3790.99 3790.65 3789.85 3789 3788.22 3787.32 3785.37 3782.23 3781.7 3779.59 3774.43 3767.98 3762.11 3758.05 3756.33 3754.78 3752.32 3750.07 3749.22 3752.75 3755.13 3754.99 3751.95 3748.47
3818.57 3827.78 3831.53 3829.43 3827.53 3823.48 3823.55 3822.12 3818.9 3814.64 3809.6 3803.2 3794.26 3779 3761.65 3750.68 3741.1 3732.24 3724.57 3719.04 3718.23 3722.38 3728.39 3734.82 3739.58 3743.16 3745.16 3746.37 3747.85 3747.09 3746.93 3747.55 3754.58 3760.7 3766.17 3771.53 3776.99 3783.16 3788.4 3792.61 3795.76 3797.58 3797.57 3796.87 3795.73 3794.14 3792 3790.64 3789.02 3786.1 3784.72 3786.17 3785.72 3783.5 3779.22 3772.16 3768.28 3766.09 3763.69 3760.61 3757.13 3755.52 3759.58 3762.67 3763.01 3760.12 3756.98
3826.18 3835.6 3835.12 3831.41 3829.94 3829.65 3829.76 3827.27 3823.56 3819.18 3814.07 3807.6 3798.78 3783.99 3767.7 3755.66 3745.36 3735.94 3727.79 3721.84 3722.9 3726.88 3732.28 3737.48 3741.2 3744.54 3747.46 3749.05 3750.49 3752.79 3754.57 3758.34 3763.29 3768.18 3773.45 3779.17 3785.58 3792.41 3798.09 3802.42 3805.11 3805.27 3804.28 3802.73 3800.82 3798.95 3797.08 3795.37 3793.14 3790.48 3789.87 3793.04 3793.96 3793.95 3792.19 3785.66 3781.65 3778.99 3775.87 3771.07 3768.02 3767.33 3770.97 3774.33 3775.93 3774.61 3770.42
3831.67 3837.3 3834.5 3829.35 3827.58 3835.75 3835.56 3831.43 3827.34 3823.11 3818.42 3812.44 3804.3 3790.18 3773.58 3761.41 3750.31 3740.4 3732.26 3727.21 3729.29 3732.14 3737.99 3740.82 3744.48 3748.58 3750.06 3751.24 3753.45 3756.69 3762.04 3770.03 3771.93 3775.1 3780.21 3786.64 3794.16 3801.82 3809.4 3814.71 3815.06 3813.11 3810.81 3807.83 3805.19 3803.4 3802.48 3801.1 3798.37 3796.8 3798.45 3800.99 3801.44 3802.86 3803.78 3800.05 3796.79 3793.29 3790.63 3788.34 3784.01 3782.75 3785.35 3788.24 3790.86 3790.98 3784.97
3836.04 3837.92 3833.78 3826.17 3821.32 3831.79 3835.07 3832.79 3830.05 3826.6 3822.48 3816.96 3809.07 3795.45 3781.21 3768.1 3756 3745.93 3737.9 3732.97 3735.08 3739.51 3743.79 3740.29 3744.81 3750.55 3750.84 3751.81 3754.59 3758.71 3764.55 3770.93 3774.99 3779.38 3785.08 3791.95 3799.79 3808.71 3818.25 3824.73 3822.95 3820.49 3816.07 3811.03 3807.57 3805.74 3805.35 3804.65 3801.94 3800.76 3801.47 3803.94 3805.91 3808.21 3810.97 3810.83 3808.54 3805.75 3804.45 3804.17 3801.54 3799.92 3800.24 3801.77 3803.32 3802.32 3796.62
