real_craters/C134-500m.grd
DSAA
166 166
-41.2475 41.2475
-41.2475 41.2475
3128.9323224141 5239.8704640915
[rows 30 to 59 of 166, columns 67 to 133 of 166]
4484.74 4502.56 4453.1 4505.07 4501.18 4499.44 4483.43 4476.38 4483.86 4485.7 4489.11 4496.02 4500.35 4509.13 4518.46 4529.63 4532.61 4530.48 4516.33 4506.47 4496.98 4495.56 4498.22 4492.63 4467.38 4442.77 4420.61 4402.18 4393.87 4388.05 4382.37 4376.25 4373.31 4372.44 4368.36 4372.27 4378.8 4383.44 4382.7 4381.02 4375.89 4371.1 4368.73 4368.88 4371.99 4376.24 4381.48 4387.05 4393.64 4399.21 4389.58 4379.25 4392.44 4389.3 4384.9 4381.64 4378.76 4376.27 4373.52 4366.15 4353.79 4341.37 4344.14 4345.58 4345.21 4345.01 4344.66
4491.57 4514.18 4458.42 4494.13 4495.84 4502.23 4498.39 4487.4 4489.39 4501.44 4505.89 4505.91 4508.45 4503.82 4500.09 4509.23 4521.27 4523.01 4512.68 4498.78 4496.4 4495.37 4494.71 4485.93 4466.66 4445.65 4426.78 4411.31 4400.11 4392.64 4388.08 4385.87 4383.38 4383.16 4377.44 4381.75 4389.01 4383.22 4380.04 4378.08 4374.21 4370.33 4368.51 4369.28 4372.45 4377.11 4381.25 4388.91 4399.72 4413.79 4409.29 4395.77 4415.23 4401.26 4392.15 4387.59 4384.38 4383.29 4382 4376.92 4365.28 4349.94 4350.32 4347.62 4346 4345.13 4346.74
4480.33 4495.23 4455.41 4482.87 4491.54 4506.64 4516.25 4501.83 4492.27 4502.09 4508.32 4509.84 4508.4 4501.36 4494.84 4503.12 4508.18 4520.88 4516.47 4498.33 4493.87 4491.14 4486.11 4474.44 4461.85 4446.46 4430.99 4416.63 4405.28 4397.19 4392.73 4393.72 4399.61 4385.2 4372.69 4375.42 4383.95 4380.44 4379.47 4376.56 4372 4367.69 4365.64 4369.26 4372.22 4376 4380.75 4387.57 4398.29 4417.66 4429.54 4425.67 4409.31 4398.95 4393.9 4391.93 4391.99 4392.06 4392.99 4394.29 4395.74 4385.04 4364.86 4350.06 4343 4344.07 4347.5
4463.15 4475.27 4471.82 4488.17 4493.68 4509.63 4527.38 4506.42 4496.74 4502.89 4509.74 4515.63 4513.25 4504.47 4499.64 4509.69 4518.79 4507.47 4514.89 4498.86 4491.7 4487.24 4481.33 4473.42 4459.39 4445.4 4434.65 4420.94 4408.81 4399.47 4392.66 4387.01 4378.31 4369.54 4367.68 4371.99 4378.95 4381 4380.18 4373.53 4369.23 4367.12 4366.72 4370.32 4373.81 4376.53 4378.67 4383.42 4394.37 4413.21 4434.21 4426.26 4386.57 4390.61 4393.49 4394.12 4394.76 4396.21 4399.12 4404.41 4412.58 4402.35 4374.37 4352.46 4342.3 4342.36 4344.96
4454.07 4469.53 4498.6 4495.95 4498.23 4504.66 4500.51 4513.07 4501.5 4501.28 4508.29 4518.39 4520.55 4512.85 4505.53 4513.48 4515.43 4509.79 4499.59 4492.53 4488.82 4485.1 4478.38 4465.7 4455.71 4443.28 4427.16 4419.9 4412.01 4402.93 4393.18 4381.62 4369.56 4364.4 4369.09 4376.52 4378.74 4380.6 4372.16 4367.57 4366.24 4366.55 4368.08 4374.12 4375.91 4377.56 4378.73 4379.96 4385.2 4406.62 4425.95 4409.21 4384.56 4389.97 4392.21 4393.22 4394.64 4396.55 4400.12 4404.21 4402.27 4393.63 4373.94 4353.78 4343.5 4341.61 4342.19
4466.09 4484.93 4510.85 4498.04 4499.85 4509.35 4509.05 4495.96 4494.68 4486.7 4502.07 4516.71 4522.26 4523.6 4524.97 4520.48 4518.31 4507.34 4497.62 4495.8 4491.15 4485.86 4479.42 4470.17 4459.93 4447.1 4434.55 4424.82 4417.87 4408.74 4397.61 4383.69 4370.42 4367.77 4374.01 4380.91 4389.89 4379.28 4365.27 4362.65 4363.36 4365.99 4372.14 4376.13 4378.89 4380.6 4381.36 4381.61 4386.76 4400.43 4415.68 4418.44 4403.53 4395.71 4392.34 4391.93 4391.25 4392.72 4395.38 4399.53 4406.62 4389.99 4369.86 4351.69 4344.48 4342.87 4342.95
4501.07 4504.64 4505.14 4512.41 4504.57 4517.76 4523.67 4509.24 4486.38 4485.6 4497.03 4511.01 4520.7 4525.05 4525.96 4525.7 4518.38 4510.13 4502.17 4497.53 4493.78 4488.42 4484.11 4480.71 4469.88 4452.74 4440.31 4434.39 4427.66 4418.72 4407.7 4394.25 4379.4 4380.13 4387.28 4392.69 4407.04 4384.22 4366.04 4360.24 4360.02 4364.43 4370.54 4375.88 4381.5 4384.61 4387.37 4388.85 4391.53 4398.16 4415.24 4433.18 4415.05 4399.53 4391.93 4387.99 4386.22 4385.12 4385.22 4385.24 4385.03 4376.79 4363.72 4351.79 4347.17 4346.59 4346.97
4532.26 4482.62 4490.12 4514.25 4519.03 4523.63 4533.01 4524.33 4501.21 4496.25 4500.08 4501.87 4519.79 4529.94 4530.49 4524.61 4512.75 4498.6 4494.1 4492.67 4492.58 4491.92 4488.23 4481.42 4471.56 4460.08 4449.36 4449.56 4444.59 4436.17 4425.97 4415.19 4404.05 4402.5 4409.14 4413.72 4406.23 4374.79 4366.14 4359.13 4356.84 4359.68 4368.59 4379.02 4386.03 4389.55 4392.37 4397.94 4400.3 4398.13 4419.51 4417.03 4406.89 4398.21 4390.21 4384 4380.92 4378.61 4374.46 4369.08 4365.45 4361.21 4356.97 4352.86 4351.19 4352.6 4354.8
4542.58 4473.09 4482.58 4518.2 4521.31 4525.24 4528.42 4516.16 4500.06 4497.95 4510.19 4525.97 4528.46 4534.37 4531.41 4522.51 4514.27 4500.11 4489.07 4489.79 4496.23 4497.5 4493.93 4485.69 4479.05 4484.3 4481.91 4473.76 4465.47 4455.76 4448.3 4441.55 4441.63 4440.52 4431.82 4422.32 4415.43 4399.81 4373.03 4358.86 4354.51 4355.12 4368.58 4386.92 4391.61 4392.98 4393.73 4396.68 4398.88 4403.7 4416.28 4388.25 4390.89 4390.53 4385.9 4381.41 4377.59 4372.56 4366.16 4357.22 4350.99 4352.75 4353.13 4351.3 4355.4 4359.46 4364.69
4538.52 4467.6 4487.19 4520.45 4531.77 4534.14 4530.94 4522.79 4510.64 4510.43 4518.31 4525.25 4530.48 4530.56 4524.45 4514.25 4508.8 4490.04 4479.12 4489.95 4507.21 4508.65 4504.25 4499.36 4498.38 4509.52 4509.63 4499.47 4487.39 4477.5 4468.39 4463.35 4462.43 4462.49 4453.36 4435.73 4427.43 4406.57 4375.54 4356.97 4356.16 4362.4 4379.21 4395.83 4395.8 4393.89 4390.43 4386.07 4386.45 4396.66 4399.81 4379.8 4382.27 4384.4 4383.05 4380.16 4376.9 4371.64 4363.95 4353.96 4349.13 4354.15 4357.75 4359.49 4362.03 4366.34 4372.14
4533.91 4494.51 4506.79 4534.54 4552.8 4547.03 4555.44 4561.76 4540.2 4528.53 4538.59 4538.28 4534.79 4525.86 4517.06 4510.55 4504.48 4485.21 4475.17 4487.7 4521.42 4518.45 4514.28 4515.36 4527.6 4538.16 4536.08 4523.76 4509.45 4497.55 4486.79 4480.69 4481.14 4495.51 4473.33 4449.86 4431.59 4406.59 4377.39 4358 4363.55 4374.8 4387.17 4397.65 4396.95 4393.49 4389.85 4382.44 4384.43 4391.19 4394.78 4384.36 4382.01 4382.68 4381.62 4380.39 4377.18 4372.05 4366.84 4359.39 4357.08 4361.3 4365.96 4367.95 4368.62 4370.51 4373.86
4526.63 4524.17 4526.66 4541.65 4549.94 4538.91 4532.47 4567.69 4544.14 4546.6 4570.91 4570.43 4540.28 4522.54 4514.95 4507.98 4492.63 4492.87 4491.12 4493.86 4506.79 4513.7 4518.31 4523.8 4533.28 4559.08 4558.84 4544.67 4528.23 4512.33 4500.02 4490.23 4487.64 4494.22 4480.76 4458.04 4438.89 4416.88 4391.23 4370.94 4379.03 4386.03 4392.02 4395.91 4394.43 4392.72 4391.27 4390.85 4380.06 4381.67 4383.74 4388.67 4385.94 4384.29 4383.85 4381.66 4378.79 4375.83 4373.58 4373.63 4370.51 4369.82 4374.51 4374.31 4372.21 4372.44 4372.98
4532.73 4530.96 4536.27 4547.79 4553.7 4529.92 4519.66 4548.65 4570.72 4558.62 4566.84 4563.55 4537.78 4509.39 4519.56 4526.22 4520.3 4505.35 4492.61 4484.58 4492.21 4508.08 4519.41 4529.08 4541.43 4579.06 4575.63 4560.09 4542.69 4525.08 4508.94 4494.24 4485.63 4496.79 4489.45 4466.56 4452.7 4434.75 4420.38 4418.64 4406.73 4397.38 4394.96 4390.41 4391.22 4391.14 4390.35 4388.57 4388.44 4385.41 4384.8 4389.76 4390.82 4389.05 4384.89 4381.95 4378.93 4376.82 4376.67 4379.73 4375.51 4371.39 4370.48 4371.8 4372.03 4372.48 4372.74
4535.7 4526.01 4537 4549.52 4557.44 4535 4505.29 4528.55 4556.3 4561.76 4563.63 4562.94 4547.22 4530.44 4521.81 4523.78 4531.5 4512.05 4490.97 4488.27 4501.92 4512.25 4520.17 4536 4558.67 4585.84 4582 4567.59 4550.39 4532.97 4516.23 4500.36 4490.87 4509.83 4494.96 4469.9 4450.8 4444.03 4441.82 4443.39 4428.73 4416.33 4401.82 4390.61 4388.81 4391.21 4392.23 4388.06 4394.1 4386.53 4391.24 4398.42 4398.12 4394.05 4388.78 4384.28 4381.01 4377.67 4375.54 4370.13 4371.16 4368.65 4365.36 4367.55 4370.47 4372.51 4374
4538.08 4526.99 4533.75 4541.94 4547.79 4527.07 4511.74 4518.45 4560.79 4570.8 4589.92 4591.29 4577.08 4557.24 4544.97 4531.57 4524 4515.04 4509.08 4488.19 4485.88 4495.77 4515.32 4538.28 4564.01 4580.93 4579.74 4568.47 4553.14 4537.49 4522.6 4509.72 4502.89 4495.56 4486.47 4475.66 4466.08 4464.77 4458.24 4443.51 4432.24 4422.87 4407.13 4392.86 4391.11 4396.24 4399.29 4394.67 4392.18 4384.44 4411.03 4413.53 4406.91 4400.62 4394.11 4387.82 4382.49 4377.57 4373.62 4370.81 4368.4 4366.44 4365.28 4366.76 4369.56 4372.4 4375.22
4524.93 4528.84 4531.38 4532.24 4528.71 4533.98 4541.64 4566.19 4571.56 4594.08 4628.33 4623.54 4615.96 4603.32 4587.51 4558.7 4532.33 4513.91 4489.82 4484.77 4481.38 4480.91 4508.73 4535.17 4563.54 4583 4575.28 4565.29 4553.42 4540.66 4528.31 4514.15 4500.59 4490.67 4484.22 4486.25 4488.54 4486.01 4474.15 4455.5 4439.8 4426.44 4413.83 4401.78 4399.86 4407.14 4410.8 4400.09 4388.97 4398.96 4427.76 4419.23 4409.74 4402.7 4395.66 4389.14 4383.01 4376.93 4371.25 4367.14 4365.76 4364.23 4363.91 4366.78 4370.62 4374.71 4378.41
4532 4534.11 4531.11 4527.96 4527.35 4536.48 4579.45 4651.63 4624.49 4635.05 4655.14 4634.51 4614.08 4606.94 4605.26 4582.35 4548.15 4522.65 4503.93 4496.68 4492.02 4494.21 4510.6 4530.31 4550.8 4567.76 4565.52 4558.54 4550.65 4542.29 4533.95 4524.15 4510.15 4497.38 4488.6 4490.38 4498.55 4496.47 4489.53 4472.19 4453.12 4438.05 4424.81 4415.72 4415.59 4423.62 4431.23 4418.38 4403.9 4413.57 4410.87 4411.47 4406.02 4399.5 4392.66 4386.63 4381.01 4375.7 4371.07 4367.22 4365.1 4363.18 4362.97 4367.5 4372.26 4377.15 4382.19
4546.11 4538.33 4530 4524.41 4524.35 4530.1 4578.34 4640.93 4652.24 4610.31 4620.81 4622.44 4619.48 4605.29 4587.26 4573.06 4558.71 4536.74 4513.8 4499.61 4499.95 4512.15 4516.09 4523.83 4536.93 4549.97 4552.99 4550.45 4547.21 4542.52 4538.07 4539.5 4528.51 4509.65 4495.26 4480.48 4482.12 4502.86 4506.62 4484.45 4468.25 4453.03 4438.14 4426.14 4422.73 4439.38 4453.71 4433.64 4407.33 4407.29 4403.35 4403.72 4400.98 4395.13 4389.86 4384.8 4379.84 4375.18 4371.7 4368.91 4366.68 4366.4 4366.96 4370.27 4374.77 4379.92 4385.59
4549.46 4538.47 4529.84 4524.04 4520.71 4526.08 4567.31 4582.05 4592.14 4561.52 4568.12 4589.2 4620.74 4606.09 4575.96 4586.98 4578.04 4556.48 4534.28 4526.46 4534.14 4529.13 4522.76 4520.86 4516.52 4532.87 4537.72 4540.5 4542.14 4542.18 4536.72 4530.31 4523.85 4515.88 4505.3 4492.04 4486.71 4489.64 4488.61 4491.14 4482.61 4467.15 4452.99 4440.63 4435.86 4453.93 4465.24 4430.67 4405.88 4398.78 4398.3 4395.93 4394.18 4392.29 4388.58 4384.38 4379.96 4375.01 4369.94 4369.62 4369.79 4369.53 4370.63 4373.88 4377.43 4381.7 4386.9
4532.82 4530.91 4530.23 4527.62 4524.08 4524.82 4538.56 4544.76 4530.5 4509.81 4511.9 4534.61 4561.74 4599.62 4634.35 4627.17 4600.94 4577.54 4562.06 4561.72 4570.16 4538.87 4529.29 4532.34 4530.24 4519.22 4526.82 4534.86 4540.6 4544.83 4541.1 4518.61 4520.79 4518.47 4511.12 4512.83 4500.74 4498.35 4503.51 4505.21 4493.44 4480.71 4470.46 4462.19 4461.19 4465.05 4456.3 4405.11 4405.19 4404.2 4389.94 4388.21 4387.92 4388.06 4387.1 4383.05 4379.69 4376.25 4374.71 4373.52 4374.29 4375.72 4376.36 4377.68 4379.96 4382.68 4385.83
4514.14 4518.64 4524.78 4530.38 4534.95 4532.97 4508.1 4517.06 4478.95 4469.86 4474.17 4490.96 4518.11 4577.12 4615.77 4611.15 4603.01 4591.98 4585.12 4586.79 4580.65 4555.74 4549.5 4550.37 4545.64 4524.44 4526.56 4538.51 4547.44 4554.04 4561.45 4573.75 4546.22 4527.15 4517.1 4527.6 4525.99 4531.52 4538.91 4529.84 4506.68 4495.73 4487.79 4480.63 4474.28 4464.26 4436.43 4401.34 4407.27 4401.63 4387.78 4388.61 4390.56 4390.44 4389.42 4386.33 4382.76 4377.7 4377.41 4377.2 4379.09 4381.09 4380.99 4380.97 4381.64 4382.72 4383.57
4505.89 4509 4519.73 4533.15 4549.36 4537.76 4513.65 4499.22 4483.42 4476.95 4472.01 4476.55 4501.26 4551.86 4590.69 4596.55 4599.42 4601.38 4599.17 4593.13 4601.68 4604.93 4597.32 4574.91 4554.4 4546.78 4543.09 4549.79 4557.96 4564.24 4568.8 4564.57 4553.49 4531.92 4514.52 4518.55 4539.7 4561.86 4576.65 4561.7 4534.79 4516.01 4505.48 4495.81 4484.48 4455.87 4415.64 4411.87 4404.23 4389.8 4390.47 4396.53 4400.18 4399.37 4397.37 4393.01 4387.77 4380.46 4377.73 4380.25 4382.22 4383.41 4383.67 4383.29 4383.23 4383.04 4382.45
4504.84 4508.59 4520.89 4533.47 4540.4 4517.3 4539.05 4502.11 4485.91 4490.91 4481.58 4485.79 4501.6 4528.43 4541.27 4562.98 4599.03 4614.18 4619.23 4630.19 4635.32 4634.47 4630.28 4636.82 4614.35 4578.18 4563.05 4570.31 4570.66 4569.71 4571.08 4567.34 4550.65 4533.8 4524.71 4530.25 4551.24 4584.42 4598.51 4579.19 4553.7 4536.77 4521.79 4508.61 4490.4 4453.04 4405.04 4394.68 4392.97 4392.4 4403.05 4410.86 4412.64 4410.81 4405.17 4398.87 4393.73 4388.43 4386.62 4385.23 4384.75 4384.15 4385.03 4385.44 4384.99 4384.1 4382.81
4510.41 4515.02 4523 4532.67 4541.29 4548.66 4523.82 4529.12 4535.57 4547.55 4566.67 4539.48 4534.56 4550.94 4576.66 4602.3 4622.4 4635.27 4644.7 4637.75 4654.2 4655.79 4651.78 4652.38 4643.43 4629.03 4622.8 4598.78 4582.8 4571.02 4565.04 4562.97 4545.69 4532.41 4525.19 4527.4 4549.31 4569.81 4592.72 4591.29 4567.79 4548.62 4537.3 4521.48 4497.86 4461.18 4413.39 4394.44 4383.53 4414.2 4432.12 4435.03 4430.75 4423.52 4414.61 4405.61 4398.83 4394.86 4392.86 4389.32 4388.24 4387.68 4388.28 4388.49 4387.72 4386.96 4385.44
4534.37 4534.99 4539.59 4542.36 4545.13 4578.97 4616.96 4644.7 4677.66 4672.86 4733.22 4700.01 4652.97 4636.85 4666.09 4670.34 4662.36 4663.17 4674.5 4709.64 4706.98 4675.65 4642.17 4636.55 4648.58 4652.99 4647.57 4613.37 4587.71 4567.01 4542.46 4530.82 4536.92 4532.58 4524.91 4527.71 4550.01 4575.82 4608.67 4610.23 4584.28 4567.21 4557.68 4544.74 4522.14 4488.5 4423.18 4387.88 4390.34 4472.81 4474.43 4466.03 4453.36 4438.57 4424.73 4411.8 4400.5 4393.25 4391.47 4390.91 4392.59 4392.93 4392.56 4392.26 4391.48 4390.46 4389.4
4567.47 4568.14 4568.05 4571.51 4578.4 4637.3 4701.09 4789.78 4872.87 4840.02 4760.54 4759.35 4759.55 4729.26 4710.74 4700.52 4690.38 4685.28 4682.17 4675.56 4654.89 4638.52 4653.95 4666.31 4654.64 4643.28 4626.76 4603.81 4584.89 4570 4564.64 4551.42 4546.04 4543.99 4539.83 4541.5 4561.79 4585.6 4613.1 4635.05 4613.88 4588.84 4583.56 4576.81 4565.74 4529.9 4453.25 4415.6 4431.23 4516.04 4507.78 4491.66 4473.36 4454.94 4435.48 4416.49 4399.16 4386.54 4387.54 4390.66 4395.3 4397.32 4396.36 4395.98 4394.93 4394.14 4392.72
4598.5 4616.56 4626.36 4631.35 4650.27 4729.84 4823.34 4916.63 4936.13 4949.47 4929.07 4919.36 4868.18 4808.26 4738.18 4722.04 4713.73 4702.2 4686.65 4651.35 4614.75 4608.57 4626.95 4652.07 4643.98 4625.04 4598.11 4586.33 4575.02 4567.86 4570.93 4567.74 4559.05 4565.32 4578.86 4570.39 4586.56 4589.45 4614.18 4645.88 4637.08 4616.9 4612.38 4612.38 4614.51 4615.81 4528.15 4483.48 4495 4534.04 4528.22 4509.5 4487.08 4465.15 4442.56 4421.72 4401.58 4383.65 4388.14 4392.85 4394.39 4397.29 4399.78 4400.08 4400.44 4398.78 4396.89
4649.37 4682.74 4700.39 4713.89 4729.39 4819.01 4901.43 4948.42 4935.25 4953.37 5031.02 5077.73 4966.36 4825.52 4756.09 4752.59 4734.66 4718.56 4704.59 4676.78 4640.53 4610.38 4604.71 4633.75 4634.22 4615.94 4588.34 4577.58 4572.56 4566.76 4548.15 4552.47 4560.51 4572.81 4610.15 4634.44 4633.82 4620.55 4633.13 4661.91 4645.6 4634.03 4638.33 4637.76 4635.76 4612.11 4586.7 4542.51 4540.28 4550.16 4535.3 4514.36 4492.53 4472.27 4451.67 4430.74 4412.36 4397.45 4398.99 4403.54 4401.52 4404.56 4407.7 4408.12 4406.79 4404.16 4400.95
4733.4 4759.47 4785.24 4826.87 4871.27 4895.97 4950.57 4971.29 4944.53 5027.51 5101.65 5115.86 5049.58 4966.16 4908.27 4802.59 4740.09 4723.64 4720.18 4725.45 4707.37 4656.89 4656.9 4664.14 4655.25 4630.47 4594.46 4581.32 4586.6 4583.69 4576.76 4566.67 4563.44 4562.2 4571.73 4680.16 4669.76 4637.76 4623.2 4620.41 4645.92 4667.76 4659.52 4651.98 4647.09 4631.26 4610.94 4572.96 4559.54 4550.92 4533.04 4514.71 4496.35 4479.86 4461.75 4444.46 4427.54 4416.5 4417.1 4423.04 4424.48 4422.4 4420.16 4417.66 4414.46 4410.46 4405.75
4806.26 4839.64 4852.95 4882.68 4933.67 4940.73 5008.12 4995.37 5000.76 5082.51 5089.75 5072.22 5045.44 5058.55 4932.16 4767.13 4693.11 4674.56 4703.21 4759.52 4810.21 4770.83 4730.13 4705.57 4706.85 4676.99 4627.53 4615.45 4627.43 4621.7 4604.75 4587.21 4575.01 4566.5 4571.65 4635.25 4641.95 4629.56 4620.2 4616.69 4636.5 4660.98 4658.67 4651.98 4647.41 4627.35 4618.6 4577.61 4563.54 4539.12 4521.79 4507.86 4499.56 4488.16 4473.85 4460.5 4452.43 4441.35 4439.72 4442.01 4448.6 4439.15 4432.41 4427.13 4421.62 4415.95 4410.05
