real_craters/C134-300m.grd
DSAA
276 276
-41.2475 41.2475
-41.2475 41.2475
3128.4985227432 5246.3864780498
[rows 180 to 209 of 276, columns 134 to 200 of 276]
4911.76 4878.58 4859.08 4841.29 4788.58 4741.49 4739.89 4743.36 4742.16 4744.31 4750.65 4757.35 4764.16 4764.51 4772.01 4775.99 4773.09 4758.19 4736.04 4712.62 4678.33 4646 4651.94 4695.82 4720.46 4715.82 4711.28 4710.46 4708.99 4705.19 4698.5 4685.57 4651.14 4634.85 4635.78 4629.75 4627.02 4623.34 4619.45 4616.72 4613.67 4606.69 4571.83 4551.84 4537.01 4533.88 4532.54 4522.92 4507.45 4494.19 4490.68 4521.07 4514.19 4514.78 4518.86 4517.94 4514.98 4514.31 4511.82 4514.46 4514.84 4513.5 4514.06 4516.83 4524.32 4537.24 4551.03
4830.18 4799.16 4765.46 4720.67 4682.11 4707.33 4730.87 4729.97 4719.01 4720.85 4723.08 4726 4727.06 4726.21 4725.1 4718.82 4708.55 4697.31 4677.54 4660.42 4644.54 4637.34 4653.94 4688.74 4704.09 4694.22 4681.05 4687.73 4691.09 4691.4 4688.18 4679.42 4653.37 4638.13 4638.24 4632.81 4627.43 4624.38 4620.13 4616.28 4613.46 4604.13 4588.54 4560.17 4540.83 4535.74 4530.96 4519.64 4511.87 4507.41 4509.25 4514.11 4516.97 4516.72 4515.65 4514.53 4510.57 4504.17 4509.1 4515.36 4517.81 4515.95 4515.14 4516.21 4521.54 4533.25 4546.1
4715.49 4707.35 4687.69 4660.83 4656.81 4676.95 4682.77 4680.92 4689.67 4692.07 4691.63 4690.75 4690.72 4685.85 4677.91 4661.83 4644.88 4629.16 4619.03 4615.89 4614.74 4620.49 4642.92 4680.66 4681.74 4674.27 4671.29 4672.34 4676.17 4679.77 4680.27 4675.81 4669.33 4660.79 4646.17 4635.71 4627.82 4620.94 4616.01 4610.83 4607.24 4603.09 4594.83 4564.01 4543.88 4534.61 4531.94 4524.48 4516.94 4515.54 4516.04 4516.22 4517.16 4518.43 4517.82 4514.93 4510.25 4507.64 4509.06 4514.53 4517.01 4517.07 4516.87 4517.34 4520.69 4528.91 4540.04
4614.52 4628.67 4633.97 4638.47 4662.34 4668.36 4658.8 4666.1 4671.09 4669.93 4667.57 4662.43 4658.46 4645.68 4631.94 4613.52 4588.53 4561.38 4567.3 4577.61 4586.53 4596.93 4616.68 4658.68 4648.98 4646.46 4649.35 4650.78 4658.19 4667.41 4674.22 4673.78 4672.42 4663.27 4648.62 4635.42 4625.79 4616.77 4609.05 4600.43 4593.57 4588.95 4571.82 4555.27 4545.03 4539.12 4537.95 4530.65 4523.69 4523.19 4522.92 4521.36 4521.65 4524.01 4522.87 4519.46 4513.36 4507.03 4506.76 4512.08 4516.99 4519.11 4519.74 4519.69 4520.65 4524.91 4527.94
4557.2 4580.76 4600.39 4621.91 4673.95 4686.34 4683.18 4670.94 4659.55 4649.12 4641.99 4633.81 4623.01 4610.54 4595.69 4575.88 4552.81 4533.44 4538.06 4551.25 4563.75 4575.57 4584.12 4593.72 4612.08 4616.62 4614.6 4621.82 4638.31 4654.35 4670.29 4680.14 4671.92 4661.59 4641.81 4627.76 4617.38 4607.71 4598.73 4586.63 4572.57 4554 4552.96 4549.39 4545.72 4541.32 4534.59 4532.51 4532.38 4531.93 4530.94 4531.05 4532.43 4533.33 4532.89 4529.02 4520.4 4509.73 4508.14 4513.72 4520.68 4523.97 4524.84 4524.48 4523.52 4524.03 4525.01
4555.83 4569.01 4586.28 4608.6 4666 4685.91 4676.4 4659.52 4639.04 4625.56 4615.62 4604.76 4594.29 4582.08 4568.03 4551.66 4535.29 4525.07 4525.94 4535.87 4548.17 4562.82 4586.59 4598.88 4599.7 4602.52 4598.93 4605.34 4621.02 4636.99 4655.55 4668.77 4653.82 4636.83 4623.88 4614.47 4607.52 4600.4 4592.53 4581.46 4565.43 4556.18 4560.3 4558.93 4548.5 4540.3 4531.06 4535.74 4541.87 4539.91 4538.79 4538.04 4538.29 4544.05 4549.61 4542.89 4532.62 4524.32 4523.56 4528.74 4532.09 4533.65 4533.21 4531.54 4528.85 4525.83 4524.6
4566.68 4571.85 4583.56 4604.31 4651.07 4655.16 4633.6 4617.65 4605.09 4596.97 4588.22 4580.26 4571.38 4561.42 4548.99 4537.07 4526.36 4520.92 4520.14 4525.41 4534.89 4547.65 4562.28 4579.13 4593.31 4599.68 4599.14 4601.62 4604.46 4611.89 4623.06 4629.08 4617.49 4603.72 4598.84 4597.55 4596.77 4594.84 4591.41 4584.98 4574.11 4572.63 4577.57 4568.27 4548.87 4531.34 4526.91 4535.38 4544.84 4543.94 4543.71 4544.59 4547.64 4552.05 4555.2 4551.33 4545.48 4541.21 4541.93 4547.27 4547.98 4546.16 4542.23 4538.58 4537.02 4523.28 4506.5
4576.46 4575.76 4580.64 4589.79 4583.61 4590.92 4588.63 4576.45 4571.74 4569.09 4563.97 4560.04 4552.62 4544.55 4536.07 4527.75 4520.81 4517.53 4515.44 4517.82 4524.05 4531.94 4540.3 4556.49 4578.56 4589.38 4587.28 4585.46 4583.61 4581.51 4578.07 4578.44 4577.57 4570.96 4575.36 4581.95 4586.29 4589.5 4592.48 4593.69 4590.47 4583.41 4573.18 4559.57 4546.12 4530.53 4519.3 4526.75 4537.29 4541.79 4544.11 4547.81 4554.11 4553.74 4553.84 4555.15 4557.67 4558.2 4555.86 4565.13 4565.91 4559.69 4550.75 4541.4 4530.93 4518.19 4505.53
4586.33 4577.08 4573.6 4568.39 4556.81 4545.74 4546.82 4545.73 4547.73 4548.48 4546.51 4543.15 4538.9 4533.22 4527.08 4521.71 4517.55 4515.08 4512.26 4512.92 4516.57 4521.79 4526.57 4541.45 4555.87 4565.92 4570.29 4566.45 4565.83 4555.6 4539.3 4537.24 4548.72 4554.19 4562.44 4570.78 4576.52 4582.3 4589.76 4599.43 4606.58 4585.36 4567.25 4552.59 4541.75 4524 4506.39 4517.05 4529.46 4537.24 4542.03 4545.66 4547.58 4551.03 4553.62 4560.1 4571.64 4584.76 4596.31 4597.67 4587.37 4572.9 4557.32 4542.36 4529.66 4519.85 4513.18
4585.72 4572.72 4568.32 4563.83 4554.61 4531.29 4520.42 4521.54 4530.62 4532.05 4533.45 4532.7 4529.88 4525.47 4520.07 4515.6 4512.67 4511.08 4509.76 4509.97 4512.2 4515.73 4523.19 4523.92 4540.64 4555.35 4567.31 4571.47 4561.38 4542.99 4523.89 4522.91 4535.69 4549.53 4558.5 4561.93 4566.3 4571.73 4579.49 4591.13 4599.68 4571.29 4556.46 4545.64 4535.85 4519.37 4505.24 4512.51 4525.04 4533.49 4538.71 4542.4 4546.97 4548.58 4551.3 4561.78 4582.97 4610.8 4635.05 4628.26 4606.39 4582.87 4560.58 4540.47 4523.01 4511.91 4509.66
4572.06 4560.08 4562.71 4562.63 4556.12 4539.31 4517.36 4509.08 4512.47 4522 4526.03 4526.52 4524.59 4521.39 4517.04 4512.2 4507.29 4507.48 4507.78 4508.49 4510.02 4511.34 4509.96 4516.91 4535.95 4556.27 4565.95 4573.61 4557.13 4538.45 4524.39 4521.96 4529.95 4541.68 4549.37 4550.59 4552.79 4556.12 4560.48 4564.46 4559.77 4541.5 4534.09 4532.16 4526.52 4511.57 4502.76 4510.08 4521.77 4531.05 4535.58 4537.19 4537.53 4539.43 4545.38 4557.4 4585.12 4621.35 4660.03 4645.18 4613.99 4585.16 4559.48 4536.75 4516.68 4507.54 4510.36
4562.52 4550.95 4554.03 4553.97 4545.65 4528.54 4521.11 4522.26 4519 4520.53 4523.03 4523.92 4522.48 4519.8 4516.17 4512.48 4508.65 4508.2 4508.07 4508.96 4510.52 4513.04 4513.41 4515.53 4530.54 4546.86 4553.09 4550.45 4542.64 4533.47 4525.84 4522.5 4524.63 4530.87 4536.99 4535.54 4536.5 4537.7 4537.12 4531.66 4520.82 4516.21 4518.67 4518.72 4515.75 4499.08 4494.83 4507.33 4523.48 4532.54 4533.24 4532.24 4530.6 4532.45 4541.44 4555.63 4577.02 4603.51 4630.73 4630.3 4604.05 4577.66 4553.23 4531.35 4513.33 4502.59 4503.44
4550.66 4542.47 4542.48 4540.77 4533.44 4523.81 4519.4 4519.18 4519.25 4523.89 4524.58 4524.02 4521.71 4519.18 4516.05 4514.29 4515.18 4510.28 4508.73 4509.25 4511.2 4515.99 4522.07 4514.21 4525.26 4537.32 4540.83 4534.6 4529.95 4528.49 4525.47 4520.29 4517.54 4515.72 4512.23 4517.85 4520.63 4520.71 4517.69 4509.65 4497.49 4494.88 4505.26 4507.03 4501.86 4488.59 4488.65 4503.12 4521.6 4530.71 4530.09 4528.27 4526.7 4528.72 4537.89 4551.4 4562.05 4571.5 4578.16 4591.56 4580.53 4561.64 4541.93 4523.41 4508.66 4501.65 4501.46
4544.84 4540.66 4533.86 4530.87 4526.24 4520.38 4519.82 4523.54 4533.77 4531.86 4529.54 4527.45 4523.74 4519.92 4516 4511.74 4508.08 4509.17 4508.64 4508.59 4509.98 4511.97 4512.82 4513.69 4523.45 4534.41 4536.39 4530.57 4527.06 4524.05 4521.12 4516 4511.35 4506.5 4500.38 4506.35 4508.9 4508.58 4504.97 4499.19 4483.67 4485.25 4492.9 4497.74 4498.71 4479.8 4482.26 4496.44 4512.89 4523.45 4524.99 4524.55 4523.53 4524.11 4532.51 4539.77 4545.54 4549.36 4554.02 4560.78 4553.86 4542.73 4528.56 4513.7 4500.76 4494.62 4500.18
4553.07 4549.31 4537.48 4530.34 4524.59 4521.12 4526.43 4533.66 4538.57 4539.37 4535.73 4531.19 4526.19 4521.03 4516.6 4513.21 4510.11 4508.48 4507.91 4507.92 4508.67 4509.81 4512.05 4518.62 4523.9 4528.94 4529.84 4530.38 4527.46 4519.46 4513.49 4510.44 4507.27 4504.5 4505.5 4502.95 4501.92 4500.57 4497.05 4492.93 4491.53 4485.48 4483.21 4489.93 4487.78 4472.48 4476.35 4489.14 4503.4 4513.65 4518.24 4520.91 4523.53 4526.43 4532.08 4533.45 4534.3 4533.39 4530.39 4526.79 4529.97 4526 4516.53 4504.47 4492.77 4490 4497.3
4545.79 4552.78 4544.12 4533.43 4525.82 4523.69 4534.04 4548.31 4552.85 4546.97 4540.32 4533.85 4527.25 4521.96 4516.86 4512.55 4510.15 4508.42 4507.5 4507.66 4508.43 4510.57 4514.4 4517.86 4523.14 4525.7 4525.25 4525.58 4521.56 4514.92 4509.97 4506.91 4504.54 4502.32 4500.17 4499.09 4498.1 4496.28 4492.73 4489.69 4492.02 4482.15 4477.63 4485.97 4485.65 4470.46 4472.57 4482.88 4494.51 4504.12 4511.35 4516.71 4522.84 4532.85 4533.58 4533.54 4530.41 4521.67 4513.61 4509.26 4516.32 4515.21 4508.54 4498.49 4487.38 4483.58 4490.71
4528.66 4543.53 4542.38 4532.55 4526.34 4526 4534.35 4553.18 4557.44 4550.78 4543.96 4535.76 4527.84 4521.34 4516.34 4511.82 4508.67 4507.59 4506.44 4506.51 4508.07 4510.85 4517.44 4526.73 4533.59 4533.76 4531.68 4523.52 4515.05 4510.69 4507.29 4504.31 4502.14 4500.25 4497.96 4497.47 4497.23 4495.72 4492.56 4487.63 4487.79 4482.39 4478.77 4481.67 4476.35 4464.6 4469 4478.59 4489.04 4498.08 4505.48 4510.94 4515.54 4519.73 4525.96 4535.13 4533.26 4514.42 4509.69 4518.62 4515.69 4511.9 4506.19 4498.32 4489.02 4482.65 4484.56
4520.37 4527.36 4527.19 4526.63 4524.77 4523.92 4531.57 4553.98 4565.5 4556.96 4544.93 4534.79 4526.28 4519.21 4514.96 4514.14 4510.01 4506.72 4505.57 4505.34 4506.52 4513.11 4518.97 4530.86 4540.82 4536.8 4533.44 4521.14 4507.75 4505.77 4504.17 4501.86 4500.31 4499.53 4499.46 4499.35 4498.25 4497.13 4495.61 4493.39 4489.6 4487.79 4482.41 4477.13 4466.92 4460.57 4466.88 4476.26 4486.19 4495.64 4501.56 4504.78 4507.04 4507.83 4514.99 4526.66 4526.42 4508.92 4507.41 4515.65 4515.14 4511.66 4507.16 4502.36 4497.15 4490.64 4486.37
4521.53 4523.58 4521.29 4522.83 4524.71 4527.18 4531.33 4549.26 4560.2 4552.39 4539.91 4530.01 4521.84 4514.93 4509.61 4505.46 4504.83 4504.33 4504.46 4504.33 4503.17 4500.9 4512.07 4521.3 4525.5 4528.94 4527.77 4520.22 4511.34 4503.6 4500.61 4499.24 4498.53 4498.72 4498.97 4499.03 4499.43 4499.15 4497.58 4491.59 4492.87 4492.52 4485.88 4478.39 4467.25 4462.82 4468.03 4475.43 4484.16 4493.5 4497.12 4498.43 4500.23 4502.7 4507.17 4510.09 4506.15 4501.58 4503.74 4509.43 4512.3 4511.79 4510.11 4507.94 4505.47 4498.33 4490.8
4523.05 4524.74 4521.22 4522.75 4526.65 4532.54 4538.15 4544.67 4545.29 4535.93 4529.37 4522.91 4516.35 4509.87 4503.17 4497.83 4498.94 4501.66 4503.83 4505.7 4506.09 4504.18 4510.93 4514.25 4512.81 4520.7 4523.88 4518.35 4511.13 4504.38 4498.82 4496.54 4496.32 4497.49 4499.11 4501.81 4500.34 4500.92 4501.2 4492.67 4492.04 4500.38 4487.74 4475.91 4473.44 4471.01 4471.47 4474.88 4480.17 4485.82 4488.95 4490.74 4493.14 4496.58 4499.3 4497.14 4493.83 4495.79 4500.21 4507.18 4510.8 4511.26 4511.66 4512.23 4511.81 4504.32 4495.44
4524.18 4528.66 4524.27 4522.8 4527.47 4535.33 4543.18 4541.14 4532.52 4521.69 4519.31 4516.22 4511.77 4506.37 4500.15 4495.02 4497.33 4500.63 4504.35 4508.96 4514.94 4518.93 4516.92 4516.01 4514.24 4517.55 4516.24 4511.57 4507.47 4499.48 4494.54 4493.69 4494.48 4495.72 4496.78 4495.76 4499.28 4500.74 4501.25 4489.45 4488 4493.37 4485.26 4475.97 4479.01 4476.66 4474.03 4474.1 4475.72 4477.53 4479.56 4482.5 4485.34 4487.32 4488.16 4489.25 4489.69 4490.2 4496.09 4502.84 4507.31 4509.61 4511.48 4513.71 4515.54 4508.62 4500.7
4520.58 4525.27 4519.53 4518.26 4524.77 4533.18 4537.68 4535.34 4520.34 4514.47 4513.47 4511.55 4508.91 4505.29 4501.77 4499.07 4498.92 4501.02 4504.82 4510.09 4518.27 4524.72 4520.43 4519.93 4523.24 4518.92 4511.86 4505.61 4497.08 4489.25 4488.86 4490.3 4492.11 4494.26 4496.32 4498.12 4498.92 4498.54 4495.44 4486.98 4483.58 4486.15 4481.61 4474.65 4476.92 4476.09 4473.88 4472.68 4472.07 4471.33 4471.9 4475.41 4478.59 4481.05 4482.38 4485.15 4485.95 4486.74 4493.06 4499.27 4503.76 4507.17 4509.18 4511.44 4512.98 4509.71 4505.61
4510.49 4507.68 4505.08 4508.72 4520.28 4532.16 4543.52 4535.84 4518.59 4513.38 4511 4509.9 4507.86 4505.54 4503.99 4503.04 4500.65 4501.05 4503.54 4507.08 4510.78 4514.35 4517.28 4518.83 4519.85 4517.32 4512.47 4504.22 4492.62 4484.29 4485.49 4488.37 4491.37 4493.96 4496.96 4500.09 4499 4496.07 4493.57 4487.91 4480.76 4482.99 4480.54 4477.36 4473.08 4474.02 4473.31 4471.8 4470.31 4468.74 4468.94 4471.3 4474.51 4478.02 4482.45 4483.89 4485.43 4487.16 4492.93 4498.89 4503.83 4504.93 4505.49 4505.68 4507.62 4508.68 4510.37
4503.68 4497.92 4499.68 4505.51 4515.52 4526.42 4538.75 4539.43 4526.52 4513.52 4511.2 4511.02 4508.9 4505.97 4502.38 4500.59 4500.13 4499.86 4500.84 4502.75 4505.76 4508.93 4512.24 4514.95 4515.43 4514.12 4510.81 4503.62 4492.43 4484.49 4485.49 4488.14 4490.61 4492.83 4495.27 4499.02 4496.27 4492.38 4487.84 4480.47 4480.96 4481.62 4480.47 4477.81 4475.34 4474.99 4474.01 4472.46 4470.47 4468.16 4466.67 4469.14 4472.33 4475.1 4477.99 4481.62 4486.58 4490.25 4494.8 4498.81 4501.75 4502.83 4502.72 4500.3 4499.5 4506.9 4512.06
4503.32 4502.46 4504.02 4506.96 4510.48 4514.65 4514.74 4524.01 4518.11 4516.73 4517.65 4513.77 4510.4 4507.45 4504.01 4501.05 4499.73 4498.46 4497.43 4497.19 4499.08 4502.4 4506.87 4511.14 4514.05 4513.58 4507.76 4499.68 4492.88 4488.67 4489.17 4490.44 4491.87 4492.78 4492.43 4489.6 4488.04 4488.7 4486.74 4483.74 4481.8 4481.52 4481.32 4482.15 4480.72 4478.32 4476.36 4474.38 4472.42 4470.04 4468.2 4470.32 4472.45 4473.55 4473.92 4479.61 4488.58 4494.55 4497.87 4499.57 4499.12 4502.45 4503.43 4502.65 4503.62 4508.83 4513.02
4501.62 4504.28 4502.51 4503.23 4505.52 4506.51 4506.32 4507.75 4509.9 4512.81 4519.11 4514.78 4510.9 4508.64 4509.16 4504.36 4499.39 4496.46 4494.4 4492.17 4488.75 4495.1 4501.78 4507.16 4511.75 4513.09 4504.22 4497.57 4496.66 4496.28 4494.61 4493.81 4494.28 4494.37 4492.79 4487.67 4485.88 4489.78 4488.98 4489.68 4489.88 4485.23 4479.61 4481.93 4484.57 4480.99 4478.64 4477.33 4476.12 4475.26 4474.82 4475.33 4475.65 4475.7 4475.61 4481.16 4492.45 4500.46 4501.3 4502.54 4504.76 4505.81 4506.71 4508.83 4510.59 4512.82 4515.68
4495.33 4495.07 4497.08 4500.56 4501.9 4502.12 4504.48 4512.27 4511.26 4511.64 4514.68 4512.16 4508.71 4504.99 4502.4 4500.17 4497 4494.32 4492.2 4490.64 4491.14 4493.56 4498.44 4502.86 4504.89 4501.69 4501.55 4498.43 4497.51 4498.14 4496.87 4496.86 4497.71 4498.54 4498.84 4499.16 4500.17 4498.52 4493.97 4491.93 4494.98 4490.61 4486.24 4483.9 4483.41 4481.73 4480.81 4480.65 4480.73 4481.27 4482.01 4481.91 4481.09 4480.51 4481.15 4485.09 4492.18 4499.64 4501.8 4504.25 4508.15 4508.4 4508.72 4510.63 4513.36 4515.93 4518.47
4491.67 4491.75 4496.62 4501.05 4499.42 4497.78 4496.51 4501.03 4506.23 4506.46 4507 4508.72 4505.28 4499.69 4493.1 4493.6 4493.72 4492.64 4491.22 4489.65 4490.03 4492.67 4496.48 4500.1 4502.67 4504.24 4501.13 4496.61 4492.48 4493.56 4496.21 4499.5 4501.89 4503.91 4506.05 4510.47 4517.46 4510.49 4499.59 4494.59 4496.62 4493.83 4489.94 4481.54 4480.41 4481.74 4482.91 4484.02 4485.51 4486.78 4488.52 4488.03 4486.47 4485.83 4486.3 4487.8 4488.84 4493.7 4499.86 4503.94 4504.78 4507.41 4510.61 4510.01 4513.78 4517.93 4520.38
4490.45 4492.48 4496.81 4498.55 4495.98 4494.18 4493.32 4496.93 4498.96 4497.71 4509.91 4507.36 4502.28 4497.84 4494.26 4492.37 4492.07 4491.81 4491.28 4489.99 4489.12 4492.58 4495.6 4498.17 4500.76 4505.36 4499.8 4496.45 4493.4 4494.58 4498.64 4503.44 4506.81 4509.16 4510.88 4511.85 4507.99 4514.11 4501.45 4499.72 4498.57 4494.82 4490.13 4480.02 4480.76 4483.58 4485.93 4487.72 4489.28 4490.86 4491.04 4490.28 4491.4 4490.37 4488.89 4488.01 4488.23 4493.63 4500.45 4505.64 4509.6 4513.46 4516.19 4518.15 4518.49 4519.83 4521.25
4485.25 4491.03 4499.16 4497.1 4493.77 4491.76 4489.86 4491.61 4494.92 4500.48 4509.07 4502.18 4497.28 4494.8 4494.11 4491.72 4491.34 4491.89 4492.69 4493.58 4494.12 4494.5 4495.55 4496.28 4496.06 4493.01 4493.52 4495.25 4496.53 4500.03 4504.68 4509.39 4512.47 4514.08 4514.95 4514.58 4514.51 4517.08 4512.38 4506.39 4500.1 4493.94 4489.59 4488.19 4484.63 4486.22 4488.39 4490.51 4491.94 4494.83 4498.09 4500.85 4498.21 4494.7 4490.99 4487.99 4489.67 4497.97 4503.81 4508.6 4513.59 4517.65 4520.32 4522.76 4520.08 4519.32 4520.3
