real_craters/C134-1000m.grd
DSAA
48 48
-23.57 23.57
-23.57 23.57
4900.5292459826 5701.4359529788
5415.16 5420.83 5423.33 5419.82 5418.22 5402.4 5409.32 5407.65 5412.44 5422.01 5425.83 5406.48 5398.88 5396.26 5403.74 5402.51 5404.19 5428.19 5420.66 5411.9 5416.48 5419.61 5424.98 5431.64 5431.33 5436.71 5450.55 5447.91 5456.9 5462.81 5474.39 5486.78 5477.55 5468.1 5484.38 5464.94 5466.55 5472.66 5487.38 5501.15 5506.64 5537.38 5550.53 5532.52 5514.33 5495.55 5489.43 5484.36 
5427.52 5439.09 5442.86 5419.56 5415.46 5397.47 5399.73 5406.03 5413.66 5408.96 5414.12 5409.22 5397.56 5401.84 5410.19 5406.79 5402.62 5410.32 5409.21 5403.01 5413.33 5418.74 5418.31 5415.76 5417.66 5427.61 5444.23 5464.14 5472.77 5475.51 5483.31 5484.17 5482.76 5481.54 5484.96 5459.52 5462.84 5469.16 5474.25 5480.18 5487.63 5506.05 5516.9 5500.27 5485.03 5478.59 5475.78 5478.76 
5430.13 5434.87 5428.49 5434.03 5408.87 5410.34 5404.18 5414.24 5413.22 5404.91 5382.84 5393.42 5398 5394.28 5399.8 5404.62 5404.96 5402.21 5402.62 5405.87 5414.33 5419.84 5419.08 5408.93 5420.21 5438.87 5441.29 5472.69 5499.19 5494.69 5492.15 5486.24 5475.33 5488.62 5473.88 5455.33 5462.54 5463 5465.78 5469.09 5473.91 5479.48 5474.52 5468.27 5466.99 5462.24 5471.17 5473.1 
5423.51 5421.27 5401.22 5400.78 5403.87 5393.98 5388.39 5390.08 5383.4 5378.47 5381.42 5386.18 5390.18 5398.51 5396.43 5394.08 5402.68 5414.92 5410.92 5413.14 5415.76 5417.45 5414.12 5411.18 5427.7 5445.52 5437.72 5476.78 5505.79 5502.45 5490.77 5483.7 5490.79 5481.88 5456.13 5455.09 5459.6 5457.92 5460.54 5466.38 5472.79 5471.18 5459.64 5460.75 5462.04 5455.41 5463.77 5471.28 
5404.78 5407.23 5408.06 5405.9 5399.11 5384.99 5375.79 5376.56 5377.11 5380.35 5383.7 5382.87 5384.81 5388.22 5392.3 5389.36 5403.68 5408.18 5416.85 5421.38 5418.27 5414.99 5412.51 5422.06 5434.35 5447.42 5443.17 5467.15 5504.83 5487.54 5486.18 5493.21 5492.18 5488.22 5463.06 5458.91 5455.63 5451.55 5457.09 5471.06 5475.27 5471.57 5465.56 5450.81 5449.6 5452.06 5469.04 5475.26 
5397.39 5388.4 5376.32 5383.85 5381.99 5381.85 5380.5 5377.49 5385.55 5391.74 5401.47 5400.65 5397.68 5412.35 5408.5 5392.28 5398.35 5419.43 5415.06 5420.08 5424.56 5420.64 5414.33 5426.38 5433.62 5438.84 5438.25 5450.01 5468.85 5464.68 5483.47 5510.13 5494.05 5475.21 5463.38 5457.09 5447.3 5456.29 5468.04 5474.17 5488.51 5480.4 5464.75 5452.64 5446.97 5452.01 5463.48 5473.37 
5403.02 5381.74 5370.07 5368.77 5370.37 5381.5 5389.36 5390.67 5393.17 5404.11 5413.05 5411.74 5411.1 5432 5436.48 5423.85 5410.75 5431.97 5443.49 5437.2 5444.85 5441.94 5423.3 5426.47 5431.72 5435.41 5428.01 5445.47 5454.52 5466.04 5490.74 5489.85 5484.05 5470.65 5457.69 5444.83 5446.89 5456.47 5462.56 5460.23 5457.65 5458.71 5453.02 5447.1 5450.31 5453.26 5455.86 5468.57 
5374.99 5378.71 5368.99 5360.18 5376.1 5379 5380.01 5395.52 5406.03 5415.31 5427.47 5430.89 5441.14 5464.9 5462.89 5460.25 5456.81 5479.31 5486.01 5476.64 5474.71 5473.79 5452.64 5429.15 5442.01 5443.56 5433.97 5457.99 5478.11 5473.86 5477.79 5488.21 5486.6 5456.93 5440.09 5441.31 5450.58 5453.34 5452.64 5453.36 5453.94 5453.9 5448.88 5447.07 5458.02 5464.6 5470.31 5468.37 
5377.48 5368.31 5374.44 5371.48 5380.43 5376.78 5377.94 5406.48 5418.94 5445.43 5455.9 5458.83 5469.6 5481.4 5480.57 5479.43 5475.83 5482.9 5509.19 5504.26 5500.71 5492.59 5478.21 5461.94 5475.68 5467.19 5448.94 5480.51 5484.75 5485.74 5489.72 5496.28 5493.84 5462.34 5442.2 5461.32 5459.15 5456.51 5453.02 5462.51 5463.37 5456.12 5450.41 5450.2 5458.2 5473.28 5461.53 5463.31 
5371.26 5361.95 5375.12 5377.01 5356.15 5368.31 5383.83 5397.55 5424.04 5459.53 5468.53 5465.6 5471.4 5480.57 5490.22 5499.42 5490.52 5484.39 5512.29 5514.16 5516.77 5521.27 5497.87 5504.65 5506.25 5500.04 5481.38 5497.42 5499.5 5494.83 5496.6 5510.26 5510.86 5490.71 5491.78 5487.17 5461.53 5468.37 5470.58 5469.89 5467.32 5455.29 5448.33 5446.08 5451.43 5468.25 5455.78 5456.9 
5361.21 5383.1 5373.89 5363.89 5357.71 5370.44 5395.07 5411.43 5430.34 5457.56 5469.89 5487.32 5468.18 5478.45 5490.47 5489.11 5487.8 5474.29 5477.56 5489.18 5506.18 5514.25 5513.81 5534.94 5539.51 5536.86 5520.72 5500.89 5503.98 5494.27 5498.58 5514.45 5516.8 5513.91 5504.1 5497.84 5494.14 5487.3 5479.83 5477.75 5470.7 5458.48 5445.87 5445.84 5446.7 5441.87 5452.41 5452.35 
5356.14 5376.2 5379.74 5360.53 5350.81 5377.4 5406.5 5429.06 5452.15 5464.59 5484.23 5492.16 5469.37 5466.83 5469.59 5464.26 5468.53 5459.57 5450.37 5460.1 5481.8 5494.25 5503.74 5529.26 5549.64 5554.35 5542.15 5533.28 5522.04 5500.01 5493.22 5507.15 5526.29 5520.52 5499.82 5503.39 5514.53 5501.47 5479.26 5453.99 5456.36 5447.9 5441.52 5444.11 5447.39 5449.22 5456.35 5462.48 
5356.02 5358.15 5370.89 5371.54 5371.3 5388.03 5416.09 5435.58 5440.17 5454.35 5476.3 5471.79 5462.43 5444.73 5440.08 5435.33 5426.7 5429.37 5434.23 5450.58 5457.55 5467.56 5478.11 5494.87 5502.83 5519.18 5512.69 5509.52 5491.43 5483.29 5477.55 5480.26 5489.92 5497.44 5498.1 5502.79 5510.08 5499.11 5472.23 5448.64 5440.91 5435.36 5436.26 5441.81 5446.02 5457.09 5458.57 5462.19 
5361.3 5361.99 5350.87 5357.01 5368.1 5389.8 5423.08 5445.33 5436.72 5464.4 5471.19 5460.82 5440.21 5425.82 5418.41 5422.65 5421.22 5415.06 5442.33 5459.41 5467.4 5472.63 5486.32 5488.61 5484.92 5491.46 5480.34 5472.42 5483.03 5472.71 5447.43 5451.64 5457.85 5469.87 5479.05 5494.58 5505.34 5494.76 5464.6 5443.2 5432.76 5429.94 5435.53 5444 5449.5 5456.52 5461.66 5457.1 
5351.51 5350.68 5361.02 5349.28 5348.62 5380.34 5421.45 5441.99 5444.42 5456.67 5454.63 5442.32 5421.97 5410.55 5415.7 5421.94 5429.5 5434.39 5456.56 5495.16 5498.69 5498.79 5522.82 5526.28 5524.11 5502.76 5494.74 5454.78 5453.56 5439.43 5435.69 5437.9 5447.4 5448.69 5468.86 5485.25 5495.87 5486.52 5458.7 5433.1 5427.54 5436.84 5447.47 5447.6 5444.45 5450.68 5457.08 5465.07 
5359.97 5354.02 5357.16 5352.77 5370.04 5402.78 5424.64 5444.08 5455.22 5455.78 5431.1 5420.58 5419.64 5405.47 5421.13 5430.13 5432.8 5439.17 5476.95 5508.71 5518.34 5558.69 5560.29 5611.9 5612.9 5598.26 5573.14 5528.01 5493.11 5457.45 5440.34 5425.33 5440.4 5456.89 5461.83 5484.17 5498.17 5500.15 5470.85 5449.33 5439.7 5440.5 5445.62 5450.93 5452.41 5450.91 5452.86 5461.65 
5362.83 5361.25 5359.26 5355.29 5388.98 5416.59 5426.84 5433.97 5446.29 5444.6 5417.45 5403.26 5405.02 5420.57 5445.63 5443.6 5430.94 5450.9 5503.3 5549.33 5585.05 5621.79 5540.29 5494.62 5494.69 5548.86 5596.41 5636.47 5598.24 5547.2 5493.07 5451.31 5445.97 5464.17 5478.31 5490.89 5495.73 5488.89 5481.85 5460.92 5443.15 5440.97 5441.81 5452.6 5466.57 5460.93 5446.42 5458.81 
5344.79 5351.09 5352.47 5366.02 5389.46 5409.83 5423.15 5427.45 5432.06 5427.43 5411.91 5398.44 5398.85 5408.54 5444.45 5435.83 5439.56 5479.85 5578.97 5644.18 5563.99 5416.85 5339.88 5315.06 5314.88 5333.51 5402.27 5512.61 5698.64 5685.78 5584.67 5501.22 5457.45 5462.82 5505.21 5500.9 5495.73 5490.52 5485.23 5474.41 5461.13 5449.41 5443.67 5448.63 5457.1 5459.24 5480.1 5461.34 
5355.33 5354.97 5357.55 5366.67 5385.16 5407.15 5421.76 5426.02 5423.9 5409.8 5404.04 5397.61 5387.24 5403.49 5442.16 5456.87 5473.89 5526.38 5556.14 5504.34 5385.52 5290.82 5241.47 5213.39 5203.45 5208.83 5236.03 5327.65 5504.37 5695.78 5658.64 5559.4 5482.3 5455.76 5493.51 5497.62 5491.4 5482.02 5484.22 5487.38 5478.78 5457.64 5440.63 5446.34 5451.74 5453.24 5454.58 5454.6 
5354.2 5359.17 5365.97 5378.42 5403.64 5419.23 5426.76 5429.07 5425.49 5408.76 5394.97 5388.16 5388.41 5395.04 5455.24 5475.89 5515.15 5581.99 5480.9 5359.1 5258.54 5200.87 5163.08 5137.48 5130.63 5132.15 5163.35 5211.68 5304.89 5490.63 5634.65 5628.38 5529.28 5481.61 5489.54 5494.12 5490.57 5483.11 5487.93 5496.46 5487.21 5464.58 5452.11 5450.98 5457.35 5457.74 5447.46 5439.3 
5368.34 5369.51 5386.98 5397.28 5424.79 5446.65 5445.23 5440.03 5423.4 5388.77 5384.1 5406.04 5399.76 5402.72 5451.16 5520.51 5602.99 5570.46 5409.38 5251.64 5178.45 5147.65 5114.38 5094.14 5082.53 5076.53 5086.96 5120.15 5186.55 5307.24 5519.6 5664.19 5563.73 5487.03 5490.26 5496.46 5493.43 5491.49 5499.99 5498.44 5478.49 5466.05 5457.63 5453.29 5455.39 5452.94 5441.6 5437.71 
5360.08 5390.03 5389.4 5398.23 5424.89 5444.7 5462.8 5457.53 5438.68 5411.54 5392.95 5398.13 5405.62 5406.28 5469.47 5560.01 5652.59 5513.04 5348.99 5202.48 5144.99 5103.19 5063.55 5038.85 5034.58 5034.44 5043.75 5058.89 5098.73 5192.09 5386.54 5597.06 5570.48 5498.83 5492.73 5499.51 5499.63 5501.05 5503.24 5494.84 5476.98 5466.07 5454.95 5452.84 5452.35 5445.85 5437.73 5438.78 
5354.62 5358.65 5378.83 5394.06 5421.87 5449.66 5465.74 5464.55 5452.38 5428.19 5403.5 5392.06 5393.14 5416.35 5500.93 5561.34 5602.91 5459.84 5309.81 5186.18 5131.74 5077.89 5016.84 4990.86 4989.59 4988.99 5002.21 5019 5040.59 5123.94 5289.47 5492.46 5567 5504.6 5489.07 5502.71 5505.81 5503 5499.68 5495.36 5481.16 5468.07 5461.43 5456.52 5453.58 5453.52 5451.99 5443.03 
5375.92 5378.82 5381.98 5395.8 5416.39 5441.02 5462.68 5463.4 5447.58 5424.84 5402.7 5389.08 5393.24 5434.04 5531.77 5588.88 5586.9 5444.54 5291.04 5158.73 5118.93 5062.91 4995.17 4970.73 4954.78 4936.48 4941.16 4969.64 5008.45 5079.57 5282.22 5468.3 5561.04 5502.55 5502.01 5527.96 5516.15 5499.73 5497.14 5492.61 5475.33 5467.8 5464.86 5460.06 5452.78 5442.45 5440.57 5438.23 
5377.67 5377.2 5382.93 5392.02 5404.25 5416.22 5448.61 5464.61 5453.73 5426.76 5403.05 5389.71 5404.91 5439.27 5529.12 5634.31 5641.02 5475.04 5300.15 5169.56 5114.13 5064 4996.01 4971.56 4940.63 4900.7 4900.53 4939.02 4973.34 5062.69 5285.63 5461.76 5548.76 5493.3 5493.49 5527.73 5522.24 5513.68 5513.03 5500.47 5477.49 5472.8 5468.01 5459.76 5451.93 5446.61 5446.47 5451.92 
5369 5376.01 5372.28 5385.45 5396.69 5409.24 5441.69 5461.36 5459.15 5435.53 5415.58 5400.74 5418.36 5439.02 5507.39 5583.33 5630.47 5505.83 5319.13 5173.73 5113.7 5058.27 4998.27 4983.17 4953.95 4920.31 4908.63 4933.38 4978.86 5113.25 5347.77 5491.48 5529.66 5482.51 5475.03 5506.83 5522.57 5533.45 5525.78 5511.24 5502.39 5485.88 5471.32 5459.54 5451.05 5441.19 5437.06 5438.48 
5377.39 5377.64 5377.17 5384.35 5395.84 5409.6 5439.18 5455.65 5451.65 5441.24 5430.51 5434.37 5438.7 5426.49 5477.57 5531.28 5610.69 5510.4 5356.26 5220.41 5138.6 5080.89 5027.24 5014.45 4988.07 4961.56 4958.18 4960.71 5035.38 5206.72 5424.17 5542.3 5519.54 5497.21 5509.52 5501.16 5529.94 5541.85 5527.27 5515.43 5503.05 5487.79 5474.24 5467.99 5452.85 5442.88 5437.75 5430.9 
5372.51 5368.96 5379.93 5388.02 5401.05 5416.1 5436.52 5451.49 5445.22 5440.02 5442.24 5413.84 5420.51 5419.81 5445.69 5503.17 5560.93 5503.73 5382.04 5266.55 5165.67 5118.74 5077.13 5059.68 5030.23 5002.42 5000.06 5041.73 5155.19 5320.46 5541.52 5545.59 5493.07 5509.74 5526.64 5541.24 5545.21 5541.1 5518.82 5504.58 5490.16 5474.62 5464.64 5459.57 5448.12 5443.58 5440.26 5442.05 
5354.8 5352.64 5369.94 5389.1 5406.55 5424.7 5446.22 5453.29 5451.03 5446.52 5428.19 5413.51 5406.49 5403.75 5423.84 5488.31 5531.58 5524.4 5465.93 5341.35 5229.59 5158.91 5126.61 5125.15 5096 5074.72 5122.36 5227.94 5336.38 5475.27 5553.66 5506.33 5505.05 5535.37 5537.71 5550.85 5546.43 5535.58 5516.52 5493.33 5473.91 5458.13 5450.69 5438.42 5441.34 5442.06 5438.37 5448.37 
5368.47 5366.26 5372.25 5391.33 5409.86 5428.21 5441.68 5452.03 5450.48 5433.91 5414.26 5401.74 5386.13 5384.27 5390.35 5441.35 5494.57 5547.75 5585.32 5439.27 5308.65 5260.46 5223.17 5233.23 5223.08 5208.29 5322.53 5402.12 5486.52 5566.81 5517.35 5494 5535.27 5566.16 5560.17 5543.79 5527.08 5516.91 5505.4 5491.91 5465.65 5450.02 5445.16 5453.31 5447.37 5436.23 5432.45 5437.93 
5380.67 5380.69 5386.26 5395.8 5410.22 5423.17 5434.39 5448.68 5442.85 5429.79 5425.01 5408.62 5385.01 5372.83 5367.82 5405.27 5459.96 5535.42 5578.37 5563.27 5416.7 5332.08 5355.41 5404.49 5455.32 5491.68 5547.18 5605.06 5543.74 5519.46 5530.03 5584.95 5584.93 5593.34 5576.56 5538.81 5498.01 5485.29 5484.58 5471.88 5449.19 5432.48 5436.36 5440.67 5441.47 5443.75 5435.14 5437.24 
5382.38 5390 5392.3 5396.63 5403.08 5411.68 5423.98 5442.53 5440.14 5437.17 5420.01 5418.09 5426.44 5393.42 5384.12 5390.93 5437.56 5499.79 5547.22 5527.77 5499.7 5515.65 5520.32 5530.59 5621.3 5701.44 5631.79 5567.4 5519.22 5485.1 5541.16 5572.03 5570.91 5573.25 5551.04 5510.52 5467.5 5455.95 5453.77 5442.86 5436.45 5430 5432.09 5433.4 5434.18 5434.48 5434.59 5441.49 
5395.89 5386.49 5393.68 5392.08 5393.19 5396.26 5405.39 5429.79 5432.33 5422.62 5405.32 5416.5 5428.25 5406.6 5389.14 5398.02 5420.57 5446.56 5471.17 5485.13 5483.11 5504.43 5538.81 5544.48 5564.82 5577.3 5555.92 5511.97 5488.07 5485.74 5511.88 5507.08 5527.22 5537.96 5528.99 5498.98 5451.4 5435.17 5430.75 5434.02 5428.74 5431.87 5430.3 5433.18 5434.56 5431.48 5433.5 5433.81 
5380.65 5394.58 5392.4 5382.99 5378.37 5372.08 5376.9 5409.93 5417.11 5405.3 5397.65 5415.65 5407.57 5403.75 5394.75 5387.1 5395.54 5403.42 5417.78 5455.14 5464.24 5469.46 5498.86 5494.49 5482.53 5483.86 5478.79 5475.41 5486.44 5500.87 5503.71 5522.69 5518.12 5517.68 5502.35 5475.5 5451.58 5426.59 5415.67 5410.41 5416.77 5416.61 5424.37 5433.3 5440.94 5440.56 5436.64 5436.88 
5360.45 5378.48 5372.91 5369.13 5362.82 5355.36 5345.76 5367.5 5380.13 5374.27 5383.71 5417.77 5417.97 5408.85 5399.36 5394.75 5399.53 5400.34 5400.93 5412.43 5429.23 5433.05 5449.08 5449.81 5421.22 5419.37 5442.76 5467.3 5492.95 5506.93 5533.3 5549.35 5532.66 5510.23 5475.98 5437.61 5428.4 5416.52 5410.91 5412.9 5414.15 5416.9 5424.35 5432.71 5437.31 5444.93 5443.05 5442.19 
5353.59 5360.91 5360.98 5357.19 5351.76 5344.25 5336.76 5347.88 5345.65 5350.15 5379.1 5403.61 5411.19 5420.44 5411.26 5419.4 5422.85 5415.25 5415.87 5414.53 5433.08 5466.39 5467.06 5449.45 5418.43 5411.67 5444.04 5483.11 5512.81 5500.45 5503.64 5526.69 5519.89 5499.55 5470.96 5453.27 5434.43 5405.67 5403.3 5408.67 5414.73 5423.16 5430.18 5433.29 5433.38 5436.21 5434.92 5427.55 
5350.73 5355.46 5351.88 5345.92 5342.4 5341.52 5339.91 5349.5 5340.76 5341.76 5363.35 5394.88 5409.55 5416.95 5417.09 5433.27 5447.19 5454.94 5454.5 5456.04 5468.39 5502.06 5502.57 5482.98 5465.01 5446.92 5457.57 5482.21 5498.67 5486.28 5487.46 5484.44 5476.46 5465.58 5453.86 5460.54 5435.05 5411.28 5403.67 5405.67 5412.68 5424.76 5433.77 5435.48 5435.64 5430.24 5434.22 5429.55 
5364.27 5349.35 5342.3 5335.55 5336.12 5340.46 5356.98 5358.02 5347.4 5339.52 5356.06 5378.02 5408.38 5432.41 5429.83 5445.57 5462 5474.49 5490.14 5499.42 5497.98 5495.94 5508.89 5501.97 5497.12 5483.11 5460.04 5479.54 5495.71 5468.94 5471.4 5459.16 5454.26 5424.52 5415.74 5429.57 5424.22 5404.98 5401.55 5402.81 5409.7 5421.33 5429.45 5434.07 5438.15 5441.71 5434.81 5435.02 
5376.36 5346.58 5332.49 5327.46 5328.95 5330.67 5331.95 5350.16 5342.76 5342.41 5340.78 5349.74 5373.69 5409.59 5432 5430.25 5459.14 5475.7 5479.48 5497.89 5498.69 5481.63 5486.8 5498.3 5497.98 5494.51 5492.89 5481.83 5474.61 5457.86 5444.48 5438.25 5429.43 5410.99 5400.94 5401.09 5407.59 5401.6 5399.43 5403.9 5410.7 5417.12 5423.34 5427.69 5430.87 5434.08 5437.93 5434.15 
5368.25 5347.56 5329.29 5326.59 5327.41 5326.97 5329.56 5338.45 5337.72 5344.1 5340.3 5363.92 5369.03 5385.07 5415.38 5435.15 5455 5475.06 5486.13 5482.46 5483.19 5469.93 5482.79 5493.43 5478.9 5485.5 5498.69 5477.04 5457.87 5456.27 5427.97 5404.97 5409.04 5409.24 5407.35 5394.19 5393.79 5387.73 5394.54 5403.73 5411.95 5410.49 5412.77 5423.54 5434.96 5433.65 5437.7 5437.87 
5354.83 5346.63 5341.95 5336.68 5330.09 5328.91 5329.38 5330.16 5334.97 5340.91 5347.7 5363.87 5368.46 5387.12 5408.83 5422.81 5435.91 5449.95 5461.98 5458.78 5452.01 5449.57 5466.21 5483.93 5466.22 5467.52 5469.42 5457.55 5444.12 5432.87 5415.21 5401.68 5394.97 5397.2 5398.96 5392.75 5385.58 5385.13 5391.51 5399.02 5405.06 5404.87 5404.66 5412.65 5425.71 5430.18 5435.21 5442.58 
5343.42 5340.69 5335.75 5330.83 5331.26 5331.44 5331.36 5330.72 5331 5338.85 5342.38 5339.69 5347.84 5391.94 5395.65 5388.24 5406.77 5412.99 5419.77 5432.77 5417.23 5427.05 5445.34 5454.99 5440.79 5450.04 5451.61 5431 5402.74 5394.93 5404.5 5382.81 5383.62 5390.3 5400.19 5387.57 5384.57 5382.42 5388.2 5395.18 5403.01 5401.26 5399.24 5406.44 5414.21 5420.46 5421.89 5436.83 
5339.21 5332.15 5328.82 5328.89 5334.71 5336.18 5333.95 5332.06 5336.43 5343.88 5338.6 5342.08 5351.63 5353.02 5360.95 5366.43 5378.11 5371.88 5405.9 5409.83 5391.43 5412.06 5429.96 5418.59 5415.32 5426.68 5431 5419.9 5392.48 5379.43 5382.61 5374.47 5379.36 5384.34 5390.82 5388.05 5374.19 5379.6 5384.13 5389.29 5391.36 5397.69 5403.57 5401.63 5399.22 5402.35 5411.75 5415.72 
5326.3 5324.95 5335.03 5347.11 5341.63 5337.6 5336.61 5331.17 5330.47 5337.28 5334.49 5334.59 5341.1 5356.18 5348.36 5360.79 5370.28 5374.79 5398.73 5401.14 5393.24 5406.89 5410.79 5389.56 5392.94 5418.38 5424.72 5416.81 5390.96 5374.82 5381.04 5372.4 5367.96 5367.3 5384.17 5385.89 5379.22 5378.65 5381.28 5385.75 5389.71 5397.98 5403.77 5403.38 5403.48 5406.25 5413.74 5421.26 
5330.08 5324.26 5336.14 5344.96 5347.18 5340.52 5342 5345.12 5336.61 5332.41 5328.07 5336.95 5342.86 5355.43 5354.21 5358.52 5361.07 5376.43 5396.32 5409.88 5412.22 5410.31 5409.32 5392.47 5383.54 5414.93 5415.69 5405.46 5390.44 5377.91 5380.25 5376.29 5369.25 5370.08 5375.06 5380.46 5376.86 5374.06 5380.76 5386.15 5392.66 5403.04 5419.06 5420.39 5414.07 5421.23 5422.55 5417.87 
5331.08 5332.84 5340.55 5353.04 5356.67 5359.55 5351.02 5343.26 5329.48 5335.67 5329.27 5344.22 5349.66 5344.79 5347.73 5336.63 5360.75 5379.13 5397.43 5418.92 5418.67 5408.38 5395.32 5385.32 5383.73 5402.44 5403.67 5397.47 5394.08 5396.68 5384.87 5385.92 5376.12 5376.28 5368.75 5373.9 5376.08 5382.01 5387.56 5386.43 5389.49 5399.53 5421.32 5432.09 5414.52 5415.86 5418.29 5415.33 
5339.18 5338.45 5338.98 5345.41 5351.57 5358.98 5350.93 5344.03 5341.79 5343.13 5337.52 5348.34 5345.33 5337.19 5337.93 5339.89 5377.04 5378.94 5392.91 5406.9 5405.32 5402.99 5401.71 5399.46 5388.63 5385.86 5395.19 5397.89 5393.29 5389.56 5385.12 5386.39 5374.61 5372.54 5368.64 5369.97 5381.26 5384.21 5385.42 5387.84 5389.93 5396.63 5411.14 5406.87 5414.51 5418.22 5414.18 5413.09 
5329.89 5329.47 5326.23 5330.75 5334.97 5338.03 5344.2 5347.49 5342.78 5336.68 5339.18 5350.85 5332.08 5337.19 5333.34 5354.46 5373.39 5376.22 5371.39 5377.37 5385.88 5400.29 5406.33 5405.22 5398.49 5399.05 5398.88 5397.24 5388.58 5388.42 5382 5384.43 5377.73 5380.82 5379.7 5376.02 5381.44 5384.23 5384.49 5389.54 5394.64 5400.58 5408.43 5401.92 5410.73 5423.77 5425.34 5424.14 
