real_craters/C134-750m.grd
DSAA
111 111
-41.2475 41.2475
-41.2475 41.2475
3131.3908049188 5236.6029459487
[rows 0 to 37 of 111, columns 0 to 83 of 111]
4348 4351 4352 4355 4357 4355 4356 4357 4361 4366 4374 4368 4361 4353 4347 4342 4345 4346 4346 4345 4345 4345 4344 4343 4344 4345 4355 4365 4355 4353 4351 4344 4347 4355 4352 4352 4353 4350 4349 4351 4356 4362 4388 4395 4379 4385 4368 4366 4367 4376 4375 4373 4371 4377 4384 4385 4386 4383 4388 4400 4399 4396 4392 4386 4381 4380 4387 4408 4405 4402 4404 4411 4411 4415 4427 4440 4444 4427 4407 4389 4376 4375 4379 4390
4358 4358 4356 4354 4351 4354 4355 4357 4363 4376 4384 4376 4371 4364 4351 4346 4356 4357 4355 4352 4349 4348 4350 4345 4343 4345 4356 4360 4358 4353 4355 4351 4347 4346 4345 4350 4352 4353 4353 4355 4355 4356 4378 4379 4381 4388 4386 4357 4357 4390 4386 4381 4380 4384 4384 4384 4385 4388 4392 4395 4399 4399 4396 4387 4384 4379 4385 4399 4400 4401 4420 4414 4403 4404 4410 4411 4411 4412 4404 4392 4380 4374 4394 4400
4375 4368 4359 4352 4352 4353 4353 4353 4355 4360 4368 4369 4368 4368 4371 4381 4370 4363 4357 4352 4349 4345 4343 4343 4343 4350 4362 4361 4360 4365 4364 4349 4343 4342 4342 4349 4357 4357 4356 4354 4354 4358 4363 4371 4377 4380 4388 4363 4369 4394 4395 4392 4381 4379 4382 4382 4384 4385 4387 4392 4398 4402 4405 4409 4408 4402 4423 4406 4395 4393 4418 4413 4401 4397 4397 4394 4397 4403 4403 4393 4380 4382 4399 4407
4384 4370 4360 4352 4351 4352 4351 4350 4346 4344 4355 4363 4367 4372 4381 4379 4378 4367 4359 4354 4349 4344 4342 4343 4344 4349 4360 4354 4355 4355 4351 4346 4343 4342 4344 4353 4356 4362 4360 4357 4356 4358 4363 4368 4370 4372 4388 4385 4365 4380 4397 4410 4407 4388 4386 4388 4386 4388 4388 4392 4402 4411 4419 4426 4437 4463 4426 4404 4391 4381 4400 4406 4401 4397 4392 4387 4391 4399 4406 4413 4403 4391 4403 4410
4364 4364 4358 4350 4351 4354 4352 4350 4346 4345 4351 4357 4363 4370 4378 4395 4374 4364 4358 4353 4350 4347 4344 4344 4345 4352 4357 4351 4351 4349 4344 4346 4350 4367 4361 4369 4376 4374 4368 4360 4356 4357 4362 4370 4374 4371 4389 4401 4363 4369 4396 4428 4453 4426 4382 4384 4389 4388 4389 4398 4409 4419 4431 4445 4453 4443 4423 4400 4391 4393 4404 4408 4404 4398 4394 4392 4393 4397 4405 4409 4402 4397 4411 4411
4356 4361 4358 4356 4360 4357 4354 4352 4349 4347 4351 4356 4360 4363 4363 4352 4356 4357 4355 4353 4351 4349 4346 4343 4342 4351 4350 4356 4357 4355 4357 4351 4348 4369 4386 4384 4392 4388 4376 4365 4360 4361 4365 4374 4383 4379 4388 4400 4359 4362 4390 4420 4441 4446 4399 4384 4395 4397 4404 4414 4422 4428 4436 4445 4451 4435 4415 4400 4396 4402 4408 4409 4404 4401 4398 4394 4396 4398 4401 4404 4403 4409 4414 4410
4368 4365 4361 4357 4359 4358 4356 4355 4355 4351 4354 4357 4358 4359 4356 4352 4352 4354 4354 4353 4351 4349 4346 4342 4335 4324 4336 4359 4364 4364 4360 4361 4350 4375 4376 4387 4395 4392 4383 4369 4358 4360 4363 4374 4378 4391 4411 4410 4362 4370 4392 4413 4421 4428 4446 4398 4408 4428 4437 4439 4434 4433 4435 4436 4435 4430 4410 4402 4401 4406 4410 4410 4406 4403 4402 4402 4399 4397 4396 4401 4412 4410 4405 4403
4370 4372 4367 4362 4358 4358 4358 4357 4354 4360 4360 4359 4358 4356 4354 4353 4352 4353 4356 4353 4350 4346 4347 4346 4345 4338 4347 4366 4364 4376 4392 4411 4399 4412 4401 4401 4411 4415 4396 4376 4362 4363 4367 4378 4389 4406 4410 4406 4392 4390 4403 4411 4411 4421 4452 4434 4427 4444 4464 4449 4436 4431 4428 4424 4409 4406 4403 4406 4402 4396 4406 4409 4405 4403 4404 4403 4400 4397 4396 4398 4410 4397 4393 4394
4403 4385 4368 4358 4354 4358 4362 4363 4364 4369 4366 4362 4358 4356 4353 4353 4353 4354 4358 4358 4357 4351 4356 4358 4362 4371 4377 4368 4363 4390 4424 4435 4437 4449 4420 4413 4426 4426 4406 4381 4362 4371 4372 4376 4377 4382 4392 4398 4412 4412 4417 4437 4431 4441 4482 4486 4454 4425 4420 4429 4430 4427 4422 4414 4406 4404 4404 4406 4401 4399 4404 4406 4400 4397 4399 4402 4396 4395 4396 4398 4406 4389 4386 4387
4383 4373 4365 4361 4359 4361 4365 4372 4382 4376 4369 4363 4359 4356 4353 4350 4350 4354 4359 4366 4373 4379 4375 4373 4374 4378 4396 4398 4378 4396 4426 4424 4411 4412 4404 4404 4420 4433 4406 4383 4365 4363 4373 4376 4374 4376 4393 4414 4427 4423 4418 4413 4430 4451 4465 4474 4478 4429 4416 4419 4426 4424 4419 4413 4409 4405 4400 4397 4397 4401 4403 4398 4393 4388 4381 4381 4387 4392 4396 4401 4401 4388 4383 4380
4357 4360 4361 4360 4366 4367 4367 4369 4371 4373 4368 4364 4361 4357 4352 4349 4347 4355 4363 4373 4385 4397 4389 4384 4387 4398 4424 4427 4413 4396 4391 4395 4387 4389 4387 4392 4402 4411 4395 4381 4374 4374 4375 4383 4386 4387 4422 4455 4445 4426 4415 4417 4438 4455 4464 4461 4452 4442 4442 4434 4431 4426 4420 4412 4405 4406 4406 4388 4394 4404 4414 4410 4400 4389 4371 4371 4380 4386 4392 4394 4395 4385 4379 4377
4354 4366 4385 4394 4383 4373 4367 4361 4357 4362 4364 4363 4361 4359 4355 4352 4354 4358 4367 4375 4383 4389 4391 4392 4394 4413 4439 4411 4388 4396 4403 4418 4375 4370 4374 4373 4379 4373 4375 4372 4367 4368 4374 4381 4396 4424 4448 4441 4438 4422 4414 4420 4455 4458 4450 4446 4441 4461 4466 4452 4443 4433 4423 4415 4409 4407 4406 4383 4397 4411 4430 4440 4419 4403 4385 4379 4379 4380 4382 4391 4396 4381 4375 4373
4376 4385 4417 4402 4387 4375 4366 4358 4354 4358 4361 4361 4361 4358 4357 4357 4355 4363 4372 4381 4388 4391 4393 4392 4394 4394 4390 4384 4365 4399 4455 4430 4376 4372 4374 4371 4373 4365 4365 4370 4367 4372 4375 4378 4400 4421 4429 4426 4421 4413 4413 4427 4458 4457 4452 4470 4471 4483 4484 4473 4457 4443 4429 4418 4409 4406 4401 4395 4394 4407 4428 4453 4435 4417 4412 4394 4383 4378 4376 4393 4388 4376 4374 4373
4397 4407 4399 4391 4382 4374 4366 4359 4356 4359 4362 4364 4365 4366 4365 4366 4370 4373 4379 4385 4395 4396 4393 4390 4386 4381 4377 4377 4367 4390 4409 4395 4370 4379 4391 4409 4388 4365 4365 4383 4397 4391 4386 4377 4385 4393 4402 4443 4400 4411 4416 4432 4454 4455 4468 4535 4561 4528 4504 4489 4471 4453 4434 4419 4406 4393 4399 4395 4392 4398 4405 4408 4414 4409 4410 4393 4383 4379 4382 4388 4381 4376 4373 4369
4372 4377 4380 4382 4376 4372 4367 4362 4359 4362 4364 4367 4368 4371 4373 4375 4374 4379 4387 4389 4389 4391 4392 4388 4381 4373 4372 4379 4390 4394 4388 4377 4374 4387 4396 4414 4402 4377 4374 4394 4406 4411 4411 4406 4399 4390 4387 4427 4399 4412 4420 4442 4462 4461 4484 4536 4556 4520 4508 4498 4483 4461 4437 4414 4398 4390 4394 4395 4397 4400 4394 4393 4393 4385 4378 4380 4380 4378 4377 4381 4384 4383 4377 4373
4385 4388 4384 4377 4373 4370 4367 4367 4366 4365 4367 4369 4369 4374 4379 4384 4393 4403 4400 4400 4392 4397 4395 4388 4380 4373 4368 4377 4389 4388 4380 4373 4380 4359 4381 4410 4409 4389 4381 4392 4400 4405 4425 4443 4436 4427 4403 4418 4397 4406 4415 4444 4474 4482 4493 4509 4507 4501 4508 4517 4493 4466 4440 4416 4398 4387 4390 4396 4396 4397 4385 4377 4376 4372 4367 4373 4376 4377 4381 4382 4389 4385 4378 4374
4400 4389 4377 4371 4370 4369 4366 4362 4364 4367 4369 4369 4373 4376 4383 4391 4399 4402 4410 4419 4427 4413 4402 4394 4385 4375 4366 4371 4378 4367 4373 4393 4372 4362 4378 4399 4407 4413 4419 4396 4387 4421 4430 4425 4431 4434 4431 4403 4402 4409 4409 4445 4476 4488 4495 4498 4487 4498 4504 4502 4487 4464 4442 4425 4403 4388 4382 4381 4384 4388 4383 4375 4372 4373 4374 4373 4373 4374 4376 4384 4385 4382 4377 4374
4388 4377 4367 4367 4367 4368 4367 4365 4365 4368 4372 4376 4379 4384 4389 4396 4400 4404 4417 4430 4441 4423 4410 4400 4391 4384 4379 4379 4394 4391 4380 4369 4369 4369 4393 4403 4407 4420 4426 4421 4439 4452 4441 4422 4421 4432 4434 4408 4404 4409 4428 4463 4486 4487 4497 4487 4487 4497 4495 4489 4475 4457 4439 4418 4401 4386 4378 4377 4376 4382 4377 4373 4367 4373 4375 4373 4373 4369 4366 4392 4375 4374 4374 4374
4376 4366 4367 4369 4373 4372 4369 4366 4366 4371 4376 4382 4387 4390 4395 4402 4410 4423 4418 4418 4421 4418 4410 4402 4397 4395 4396 4419 4406 4400 4395 4375 4372 4384 4422 4417 4410 4412 4413 4418 4440 4443 4436 4420 4415 4437 4432 4449 4436 4416 4432 4463 4489 4505 4506 4497 4493 4489 4487 4476 4461 4448 4431 4416 4396 4383 4374 4371 4369 4371 4381 4376 4368 4367 4371 4374 4376 4377 4372 4384 4370 4372 4374 4374
4379 4365 4375 4381 4379 4375 4372 4369 4370 4374 4380 4385 4392 4399 4404 4407 4411 4410 4412 4407 4406 4411 4410 4408 4405 4403 4401 4400 4425 4425 4409 4395 4379 4380 4437 4427 4415 4411 4400 4403 4412 4426 4424 4421 4431 4458 4448 4487 4479 4466 4451 4470 4487 4506 4520 4526 4508 4495 4489 4480 4467 4448 4418 4396 4387 4375 4368 4370 4371 4372 4391 4380 4368 4366 4370 4376 4380 4382 4383 4381 4373 4377 4376 4373
4386 4371 4415 4395 4385 4378 4373 4371 4374 4380 4386 4392 4399 4404 4409 4413 4414 4414 4408 4405 4407 4411 4415 4416 4414 4401 4400 4402 4457 4521 4322 4396 4392 4383 4419 4430 4435 4428 4412 4401 4405 4420 4415 4427 4460 4496 4453 4503 4499 4475 4484 4487 4496 4505 4518 4533 4530 4512 4497 4497 4493 4455 4421 4397 4388 4379 4373 4371 4372 4382 4383 4379 4371 4369 4372 4379 4387 4398 4390 4384 4389 4383 4379 4375
4387 4381 4419 4396 4388 4378 4371 4370 4378 4385 4392 4397 4402 4407 4410 4414 4417 4409 4410 4404 4408 4416 4420 4423 4418 4411 4403 4389 4451 4441 4185 4325 4418 4387 4402 4428 4444 4449 4454 4433 4425 4432 4438 4431 4457 4502 4456 4487 4504 4505 4491 4505 4509 4506 4496 4508 4522 4506 4495 4492 4483 4456 4429 4408 4395 4390 4392 4383 4381 4386 4380 4375 4369 4368 4372 4379 4389 4407 4422 4418 4402 4391 4388 4387
4386 4380 4383 4392 4391 4382 4372 4376 4387 4391 4394 4400 4405 4408 4412 4417 4423 4435 4436 4424 4423 4426 4429 4429 4430 4427 4419 4401 4424 4483 4409 4471 4460 4413 4395 4436 4460 4463 4459 4452 4442 4444 4437 4424 4442 4472 4472 4489 4510 4519 4497 4506 4516 4509 4500 4518 4507 4505 4492 4485 4473 4452 4435 4414 4399 4390 4378 4368 4372 4380 4380 4371 4367 4368 4374 4378 4383 4404 4434 4393 4391 4393 4395 4397
4388 4390 4394 4401 4396 4390 4385 4404 4401 4401 4403 4406 4410 4413 4417 4421 4426 4433 4441 4450 4442 4437 4437 4436 4439 4444 4453 4476 4466 4464 4456 4464 4480 4465 4474 4463 4462 4459 4452 4451 4452 4459 4453 4428 4445 4460 4507 4498 4504 4502 4499 4501 4516 4520 4516 4517 4512 4496 4489 4482 4466 4451 4427 4418 4406 4389 4370 4368 4378 4382 4368 4365 4366 4375 4377 4379 4380 4393 4420 4398 4392 4392 4393 4397
4394 4399 4407 4407 4402 4403 4409 4413 4412 4412 4413 4414 4415 4417 4419 4422 4425 4426 4433 4454 4444 4439 4438 4440 4445 4452 4462 4476 4465 4451 4446 4468 4473 4475 4479 4467 4455 4446 4448 4447 4456 4460 4458 4452 4480 4507 4505 4508 4518 4528 4486 4491 4511 4523 4526 4523 4510 4500 4494 4486 4481 4461 4440 4431 4419 4401 4379 4384 4393 4400 4366 4360 4364 4372 4381 4386 4389 4394 4415 4426 4400 4390 4386 4385
4395 4395 4391 4400 4406 4410 4417 4418 4420 4421 4421 4422 4422 4423 4424 4425 4425 4420 4413 4427 4434 4438 4440 4443 4448 4452 4460 4462 4462 4463 4471 4467 4458 4456 4458 4459 4457 4455 4456 4463 4463 4455 4452 4460 4513 4535 4485 4525 4525 4533 4502 4500 4520 4529 4532 4518 4499 4491 4494 4493 4482 4473 4463 4458 4445 4433 4424 4422 4419 4386 4369 4357 4356 4377 4389 4392 4399 4398 4421 4399 4394 4386 4379 4372
4406 4393 4369 4398 4406 4411 4410 4419 4426 4428 4429 4427 4429 4429 4430 4430 4430 4428 4427 4417 4429 4437 4443 4446 4448 4450 4448 4448 4456 4452 4451 4450 4445 4443 4450 4461 4467 4475 4486 4489 4484 4472 4470 4494 4530 4504 4487 4532 4534 4524 4511 4514 4525 4531 4524 4512 4490 4483 4507 4507 4499 4504 4510 4493 4478 4465 4462 4460 4436 4419 4376 4355 4362 4391 4396 4392 4386 4391 4400 4381 4384 4381 4377 4368
4410 4412 4394 4408 4404 4413 4430 4427 4428 4428 4432 4432 4433 4435 4437 4441 4443 4444 4441 4429 4430 4435 4440 4443 4443 4444 4441 4438 4430 4426 4432 4439 4447 4458 4479 4477 4477 4480 4507 4521 4503 4506 4495 4502 4527 4522 4517 4550 4544 4561 4546 4547 4558 4531 4515 4499 4487 4483 4517 4517 4521 4540 4548 4527 4506 4490 4488 4491 4453 4424 4382 4365 4382 4395 4396 4392 4386 4387 4386 4385 4384 4383 4378 4372
4416 4392 4405 4377 4394 4395 4426 4426 4427 4431 4433 4435 4436 4438 4441 4445 4448 4452 4452 4441 4434 4433 4435 4437 4438 4441 4442 4440 4429 4430 4429 4435 4451 4468 4478 4486 4485 4487 4497 4501 4497 4508 4509 4515 4533 4533 4536 4553 4530 4529 4571 4562 4564 4521 4520 4525 4505 4487 4492 4514 4529 4559 4576 4552 4525 4501 4486 4497 4467 4445 4420 4412 4397 4393 4391 4391 4389 4387 4385 4391 4389 4383 4379 4376
4422 4409 4403 4401 4397 4402 4407 4415 4422 4426 4429 4432 4434 4439 4443 4446 4452 4460 4458 4443 4436 4433 4433 4435 4438 4439 4444 4450 4449 4447 4444 4439 4447 4452 4467 4476 4490 4503 4520 4518 4505 4494 4513 4523 4549 4525 4535 4552 4535 4507 4561 4572 4575 4543 4529 4525 4515 4498 4496 4511 4538 4576 4581 4561 4536 4512 4498 4498 4472 4455 4449 4438 4421 4397 4389 4394 4389 4390 4399 4405 4398 4389 4382 4376
4425 4429 4413 4403 4400 4399 4402 4409 4419 4426 4431 4433 4437 4439 4443 4444 4448 4455 4462 4439 4434 4432 4435 4437 4440 4442 4447 4457 4465 4465 4466 4449 4449 4450 4461 4487 4492 4502 4530 4540 4529 4523 4520 4535 4533 4527 4531 4531 4534 4556 4572 4616 4624 4614 4588 4544 4514 4484 4481 4495 4535 4578 4575 4559 4541 4522 4501 4487 4486 4487 4474 4448 4426 4407 4400 4410 4400 4393 4428 4414 4403 4392 4383 4374
4415 4404 4420 4415 4407 4406 4407 4402 4411 4417 4424 4430 4435 4438 4441 4444 4443 4441 4425 4429 4432 4435 4440 4444 4445 4448 4448 4449 4456 4466 4471 4464 4456 4452 4453 4463 4493 4510 4530 4550 4548 4541 4517 4526 4518 4539 4531 4525 4533 4620 4648 4639 4631 4605 4600 4571 4529 4502 4495 4509 4527 4551 4560 4552 4543 4535 4521 4497 4486 4495 4499 4468 4446 4426 4420 4439 4429 4409 4405 4406 4397 4389 4380 4374
4411 4424 4430 4429 4417 4400 4396 4390 4399 4408 4412 4420 4427 4434 4441 4442 4442 4438 4424 4424 4436 4447 4454 4457 4457 4453 4449 4442 4449 4463 4471 4472 4463 4456 4458 4478 4512 4542 4575 4566 4572 4559 4542 4536 4531 4544 4530 4522 4526 4576 4592 4561 4589 4617 4576 4585 4556 4526 4534 4525 4521 4525 4538 4542 4542 4533 4524 4511 4492 4487 4489 4488 4467 4447 4436 4462 4431 4401 4398 4395 4392 4387 4380 4372
4415 4421 4427 4430 4425 4404 4389 4381 4396 4405 4416 4425 4431 4437 4438 4440 4442 4444 4448 4429 4446 4460 4468 4470 4470 4466 4459 4452 4456 4467 4478 4476 4471 4466 4473 4499 4531 4566 4565 4561 4556 4563 4564 4578 4546 4524 4528 4529 4523 4528 4497 4482 4509 4562 4628 4612 4585 4574 4574 4532 4542 4532 4526 4540 4548 4549 4532 4517 4518 4516 4528 4510 4488 4475 4470 4464 4400 4424 4388 4388 4389 4386 4381 4377
4417 4418 4417 4418 4413 4401 4377 4391 4400 4407 4413 4414 4421 4426 4430 4437 4449 4442 4440 4448 4476 4485 4486 4483 4481 4479 4476 4470 4477 4494 4481 4476 4480 4483 4494 4522 4534 4552 4554 4556 4550 4576 4600 4592 4536 4506 4520 4541 4538 4508 4483 4475 4477 4525 4591 4597 4601 4596 4602 4610 4575 4552 4543 4554 4564 4570 4553 4523 4519 4551 4577 4549 4516 4501 4484 4436 4412 4400 4390 4400 4399 4395 4388 4378
4417 4411 4406 4394 4394 4408 4387 4393 4400 4408 4411 4418 4423 4431 4438 4446 4461 4475 4493 4530 4528 4513 4503 4499 4495 4494 4495 4499 4497 4500 4498 4487 4495 4504 4523 4517 4530 4558 4575 4570 4587 4605 4619 4620 4527 4507 4521 4536 4528 4507 4498 4506 4502 4523 4543 4592 4624 4631 4641 4643 4654 4617 4585 4581 4571 4573 4549 4528 4528 4570 4592 4570 4543 4522 4493 4433 4399 4392 4416 4422 4417 4406 4396 4393
4413 4409 4402 4394 4408 4372 4390 4399 4410 4411 4418 4424 4429 4435 4447 4458 4477 4494 4520 4550 4548 4530 4518 4511 4507 4506 4512 4519 4515 4516 4513 4511 4512 4518 4525 4532 4568 4562 4582 4585 4590 4583 4599 4619 4554 4533 4540 4543 4579 4625 4678 4723 4700 4641 4666 4665 4663 4688 4707 4655 4637 4651 4648 4599 4567 4528 4537 4529 4528 4562 4609 4595 4567 4552 4522 4457 4388 4443 4474 4460 4439 4418 4400 4392
4398 4405 4408 4405 4404 4405 4413 4425 4431 4421 4424 4424 4438 4446 4454 4465 4477 4493 4511 4530 4534 4524 4516 4512 4510 4510 4513 4514 4512 4533 4537 4532 4531 4537 4535 4572 4594 4598 4596 4583 4579 4563 4589 4600 4575 4587 4594 4601 4680 4827 4919 4873 4807 4794 4728 4705 4694 4672 4627 4633 4666 4643 4618 4587 4570 4595 4554 4556 4554 4580 4613 4645 4602 4597 4593 4517 4447 4507 4520 4492 4460 4429 4399 4384
