real_craters/C134-500m.grd
DSAA
166 166
-41.2475 41.2475
-41.2475 41.2475
3128.9323224141 5239.8704640915
[rows 90 to 119 of 166, columns 67 to 133 of 166]
3811.11 3627.39 3537.8 3533.82 3445.17 3346.87 3282.98 3252.87 3246.61 3231.59 3210.12 3189.77 3190.82 3189.38 3197.55 3204.55 3217.33 3236.79 3254.47 3264.25 3269.43 3266.64 3258.36 3247.72 3242.06 3251.36 3247.24 3244.8 3274.18 3309 3331.66 3403.04 3617.45 3867.92 4120.2 4360.96 4565.61 4745.26 4884.95 4949.8 4928.19 4781.06 4740.66 4658.22 4514.62 4530.59 4544.45 4537 4528.61 4521.22 4506.76 4492.95 4485.55 4482.94 4480.22 4475.51 4470.47 4470.22 4472.81 4474.55 4474.04 4471.65 4468.14 4465.13 4459.63 4449.3 4435.62
3918.45 3712.86 3619.86 3612.68 3505.6 3406.35 3330.58 3285.4 3263.78 3240.19 3210.56 3200.98 3204.05 3204.57 3186.49 3190.03 3213 3233.12 3252.06 3263.66 3271.19 3273.26 3272.18 3270.09 3269.19 3280.21 3288.59 3283.35 3304.81 3341.7 3377.06 3472.94 3700.44 3953.1 4188.73 4410.46 4607.09 4764.4 4872.86 4934.78 4906.81 4756.1 4723.72 4611.89 4505.97 4525.41 4536.68 4529.87 4520.21 4504.36 4494.6 4482.18 4473.36 4476.21 4475.53 4472.82 4472.52 4471.49 4473.15 4474.41 4475.45 4474.44 4471.83 4469.37 4466.62 4458.47 4447.3
4045.73 3819.11 3722.49 3721.37 3608.01 3501.78 3403.16 3343.9 3307.07 3266.77 3239.93 3233.51 3231.05 3217.66 3203.2 3205.46 3214.7 3233.72 3252.89 3266.69 3278.07 3285.49 3291.29 3296.66 3309.11 3317.24 3322.45 3318.17 3343.92 3386.56 3450.3 3572.75 3820.78 4081.71 4315.85 4515.42 4680.26 4800.01 4875.23 4889.51 4850.83 4784.4 4673.09 4575.96 4530.93 4526.35 4527.67 4521.05 4515.75 4512.63 4505.8 4490.95 4482.41 4479.59 4477.4 4473.84 4471.63 4474.74 4476.2 4477.63 4479.14 4478.71 4476.04 4474.36 4471.56 4471.1 4464.59
4203.19 3960.26 3843.99 3815.59 3806.45 3635.35 3507.18 3430.05 3379.18 3340.85 3316.85 3296.34 3283.3 3261.74 3235.65 3220.12 3218.54 3238.34 3260.8 3280.25 3296.37 3309.58 3318.2 3325.45 3332.67 3337.05 3347.63 3384.46 3398.35 3437.5 3540.59 3723.73 3980.48 4252.35 4491.66 4659.33 4769.98 4849.45 4898.31 4920.64 4899.04 4790.79 4707.42 4590.1 4520.28 4505.58 4509.92 4510.92 4509.94 4508.82 4505.04 4502.2 4493.99 4487.34 4483.9 4484.15 4482.34 4480.76 4481.92 4482.55 4483.2 4483.78 4483.83 4483.26 4483.99 4487.77 4487.11
4374.19 4119.79 3964.17 3878.44 3841.3 3729.3 3599.77 3525.83 3470.41 3427.38 3408.93 3382.96 3366.05 3336.35 3288.23 3249.11 3238.14 3249.43 3272.3 3301.12 3323.92 3341.85 3351.58 3361.11 3363.62 3379.6 3416.38 3451.82 3459.12 3500.02 3650 3876.62 4160.1 4448.59 4691.03 4814.15 4872.64 4895.84 4903.82 4905.61 4901.28 4791.14 4695.51 4595.39 4477.05 4480.06 4497.68 4500.26 4502.7 4504.42 4505.92 4504.71 4499.52 4493.79 4489.76 4483.13 4485.39 4486.7 4485.48 4485.29 4486.22 4487.47 4488.71 4491.12 4495.24 4506.26 4515.33
4537.21 4270.18 4076.29 3942.91 3901.48 3795.12 3669.41 3604.97 3576.24 3548.21 3537.53 3539.38 3456.76 3406.84 3350.33 3306.26 3284.56 3274.13 3301.21 3336.75 3361.74 3379.71 3394.92 3408.29 3425.17 3458.51 3489.44 3503.18 3526.85 3600.06 3790.36 4048.55 4347.59 4651.34 4882.65 4955.94 4949.27 4915.25 4871.9 4823.37 4782.61 4704.8 4643.86 4582.46 4464.71 4465.07 4484.72 4493.83 4498.2 4500.75 4502.27 4503.12 4500.93 4497.57 4496.35 4502.64 4494.64 4492.28 4490.66 4490.84 4491.38 4492.89 4495.06 4498.69 4504.41 4519.06 4533.45
4695.06 4413.54 4187.04 4010.43 3947.07 3848.55 3742.43 3666.65 3637.72 3621.04 3628.34 3637.22 3536.44 3477.11 3407.06 3364.14 3354.48 3361.29 3373.04 3392.55 3408.06 3430.51 3446.76 3454.71 3470.39 3482.69 3509.11 3531.04 3601 3741.51 3957.6 4215.68 4517.43 4833.61 5059.63 5060.63 4998.23 4913.5 4821.57 4717.86 4605.96 4580.21 4554.06 4607.86 4498.94 4477.74 4488.37 4495.18 4498.12 4498.85 4500.53 4504.46 4500.75 4498.98 4499.2 4497.46 4498.82 4497.62 4497.31 4497.76 4498.93 4499.99 4502.61 4505.9 4510.15 4517.12 4529.5
4841.62 4562.13 4319.52 4088.06 3979.46 3877.56 3768.91 3698.12 3650.08 3638.45 3644.49 3639.41 3618.86 3567.58 3498.96 3424.87 3429.26 3463.62 3453.58 3459.35 3473.71 3484.22 3495.94 3505.16 3521.05 3539.26 3562.71 3602.05 3725.22 3925.42 4146.43 4375.69 4655.3 4960.58 5139.51 5104.54 5003.98 4890.36 4767.25 4658.8 4596.36 4578.81 4560.65 4635.26 4556.08 4513.14 4508.81 4506.93 4502.05 4498.46 4495.44 4495.77 4497.21 4497.97 4500.79 4503.5 4502.01 4501.95 4502.44 4503.2 4504.26 4505.42 4507.19 4508.84 4510.65 4513.04 4515.85
4951.8 4738.19 4505.32 4280.73 4153.65 3975.31 3814.92 3742.3 3675.62 3656.79 3672.42 3670.12 3685.1 3656.9 3615.15 3509.22 3474.62 3482.26 3502.61 3526.06 3552.43 3565.75 3579.8 3581.68 3597.58 3647.52 3670.74 3755.79 3918.44 4151.77 4369.59 4571.38 4802.54 5040.26 5146.17 5089.72 4977.95 4855.25 4730.45 4624.39 4591.1 4617.85 4620.8 4645.56 4591.27 4547.13 4529.73 4517.19 4506.29 4498.75 4492.13 4489.79 4494.83 4497.55 4498.71 4501.89 4503.83 4506.43 4508.16 4509.12 4509.63 4511.44 4511.47 4511.05 4510.28 4507.3 4508.9
5091.2 4949.95 4718.41 4517.14 4385.47 4149.11 3933.62 3844.32 3772.67 3725.02 3751.16 3782.99 3809.01 3723.75 3611.62 3551.01 3515.07 3514.31 3567.95 3615.26 3655.99 3678.59 3687.87 3689.98 3677.68 3678.38 3836 3972.34 4147.17 4398.93 4616.59 4818.39 4991.43 5095.44 5105.68 5034.91 4930.53 4817.18 4712.32 4625.36 4615.99 4634.15 4649.98 4655.25 4612.61 4565.8 4538.74 4522.47 4511.11 4502.39 4496.76 4494.25 4498.09 4500.82 4501.6 4502.12 4508.31 4513.61 4515.45 4516.13 4516.38 4515.73 4513.79 4512.15 4509.85 4502.42 4496.33
5129.27 5066.6 4916.31 4763.51 4647.33 4368.09 4125.12 4018.74 3903.12 3859.15 3867.9 3883.81 3867.33 3781.33 3680.18 3604.31 3569.61 3586.65 3670.86 3742.74 3789.05 3816.79 3834.05 3839.08 3835.04 3885.84 4056.13 4207.48 4387.6 4652.57 4841.44 5028.56 5153.03 5114.57 5040.99 4954 4864.96 4772.07 4692.33 4643.71 4639.2 4634.27 4631.65 4618.3 4587.41 4554.03 4538.56 4525.59 4517.28 4508.22 4498.04 4503.04 4505.35 4509.74 4512.7 4514.51 4516.72 4518.81 4519.65 4518.76 4517.4 4515.23 4513.6 4510.51 4507.48 4501.66 4492.99
5025.55 5064.28 5078.24 5027.31 4891.43 4603.24 4398.75 4274.29 4143.45 4073.9 4036.81 3967.66 3877.46 3873.53 3839.88 3772.93 3771.04 3770.7 3853.17 3926.67 3975.34 4012.4 4031.48 4044.04 4061.45 4136.38 4302.33 4460.64 4640.12 4872.84 4990 5105.39 5162.82 4978.69 4901.58 4847.71 4781.83 4711.2 4654.43 4626.56 4634.47 4630.88 4613.62 4579.5 4577.27 4560.01 4543.5 4534.04 4526.93 4519.63 4511.15 4503.76 4516.35 4523.55 4528.24 4529.22 4528.91 4528.28 4526.49 4522.87 4520.23 4517.7 4514.05 4511.01 4508.79 4506.62 4510.12
4929.8 4999.08 5090.78 5104.88 5009.08 4978.56 4719.54 4563.85 4425.04 4338.83 4267.81 4199.77 4108.15 4092.95 4093.78 4039.29 4040.94 4050.63 4105.79 4155.04 4198.68 4231.62 4262.43 4292.38 4328.14 4414.91 4581.44 4745.52 4917.13 5027.73 5045.53 5063.23 5026.53 4867.14 4790.65 4749.9 4699.38 4647.04 4599.47 4569.72 4573.04 4598.15 4568.26 4547.23 4561.32 4549.56 4547.42 4545.32 4537.75 4533.03 4532.49 4531.55 4534.39 4539.69 4545.01 4544.47 4540.5 4536.82 4532.43 4528.99 4524.67 4520.01 4515.3 4511.56 4509.68 4508 4509.99
4819.7 4880.84 4912.84 4946.83 4958.99 4938.16 4849.55 4811.21 4746.94 4615.74 4541.49 4491.6 4400.93 4373.51 4385.44 4348.88 4330.48 4349.34 4376.5 4391.18 4415.16 4447.47 4499.67 4562.05 4623.51 4732.57 4883.67 5003.01 5075.52 5051.27 5011.8 4967.14 4891.3 4783.39 4706.92 4672.04 4637.09 4591.98 4545.39 4506.07 4506.65 4553.61 4516.51 4522.72 4545.47 4543.3 4544.66 4547.21 4541.86 4539.27 4541.79 4553.52 4549.65 4554.67 4557.71 4557.54 4552.61 4545.82 4538.99 4532.14 4523.57 4518.42 4513.34 4510.43 4508.2 4507.65 4502.44
4769.85 4746.36 4696.46 4746.88 4809.38 4796.15 4789.15 4834.64 4868.01 4789.36 4754.35 4763.56 4741.26 4695.49 4704.98 4688.76 4656.54 4676.82 4633.92 4606.12 4604.32 4639.99 4717.01 4815.87 4920.34 5015.53 5092.92 5006.74 4974.48 4956.72 4929.54 4867.36 4772.76 4659.33 4640.11 4621.75 4594.43 4562.54 4526.57 4492.27 4498.16 4506.3 4494.63 4504.25 4521.38 4525.85 4535.71 4545.99 4538.2 4538.28 4541.2 4543.07 4554.11 4565.7 4574.96 4569.45 4560.96 4552.34 4541.83 4532.73 4525.22 4518 4513.15 4509.02 4506.46 4506.84 4506.28
4610.95 4619.8 4606.16 4637.91 4664.45 4654.03 4689.04 4756.19 4797.19 4842.71 4872.18 4928.87 5001.64 5006.55 4964.71 5032.32 4988.31 4984.64 4829.34 4755.29 4748.22 4786.22 4866.14 4994.07 5160.69 5132.34 5045.75 4961.02 4933.18 4885.64 4841.81 4790.02 4713.75 4646.49 4622.3 4604.45 4584.75 4561.84 4535.54 4511.38 4500.92 4492.85 4497.05 4502.74 4512.45 4525.34 4530 4522.55 4525 4532.12 4537.2 4543.99 4555.1 4570.53 4579 4575.78 4564.85 4553.98 4542.75 4534.24 4525.38 4517.28 4510.19 4504.74 4501.2 4502 4503.71
4607.89 4603.22 4618.52 4611.55 4606.92 4603.9 4641.38 4716.33 4794.47 4839.19 4893.24 4963.03 5045.03 4960.98 5001.5 5078.97 5095.65 4962.44 4849.75 4805.67 4797.31 4832.59 4907 5009.73 5119.61 5021.61 4851.52 4830.88 4828.6 4786.64 4777.27 4749.67 4716.18 4678.64 4636.71 4612.98 4596.26 4577.34 4551.25 4530.39 4508.78 4494.79 4518.51 4494.03 4515.15 4515.81 4529.94 4519.98 4515.83 4516.75 4522.2 4527.47 4545.47 4571.56 4586.47 4577.5 4566.6 4555.03 4544.14 4534.52 4523.91 4514.56 4506.06 4498.76 4493.44 4492.02 4485.94
4636.5 4607.14 4599.72 4611.28 4618.58 4628.81 4646.77 4669.93 4754.02 4793.55 4842.59 4901 4936.57 4927.07 4946.12 4927.05 4890.82 4747.6 4772.64 4783.14 4795.38 4821.74 4862.02 4898.58 4902.84 4830.24 4698.18 4671.59 4705 4750.54 4740.14 4724.91 4707.64 4679.64 4640.54 4621.13 4609.53 4600.36 4582.32 4546.84 4522.04 4505.52 4511.7 4461.1 4379.97 4491.83 4527.67 4519.69 4512.54 4508.55 4510.76 4517.57 4535.28 4560.75 4574.48 4571.2 4562.07 4552.33 4542 4531.45 4521.3 4510.95 4501.79 4492.11 4482.9 4478.49 4478.32
4603.75 4594.18 4595.14 4616.33 4655.12 4653.99 4652.72 4649.54 4690.35 4732.55 4767.67 4803 4859.86 4925.37 4878.58 4849.76 4768.64 4739.89 4741.56 4746.75 4757.35 4768.22 4775.09 4773.09 4742.87 4701.86 4646 4678.7 4718.55 4711.28 4709.69 4703.38 4685.57 4633.58 4632.73 4627.02 4620.63 4615.53 4606.69 4561.03 4535.25 4532.54 4512.37 4491.09 4521.07 4512.97 4519 4514.98 4512.03 4515.61 4513.5 4515.58 4528.28 4551.03 4561.52 4560.18 4553.44 4544.75 4535.7 4527.09 4517.25 4506.45 4495.7 4483.55 4470.29 4458.16 4454.02
4577.64 4599.37 4587.92 4599.48 4613.65 4640.97 4671.68 4647.67 4657.08 4677.56 4691.74 4695.17 4697.29 4750.91 4738.19 4686.61 4667.93 4701.2 4699.63 4700.04 4705.1 4698.94 4687.93 4665.17 4644.41 4627.75 4626.93 4672.53 4687.07 4675.04 4679.43 4683.4 4677.83 4656.87 4640.58 4628.16 4619.9 4612.43 4603 4575.08 4539.63 4530.21 4516.37 4512.97 4515.37 4517.53 4515.89 4509.64 4506.48 4515.44 4516.63 4516.4 4523.84 4542.85 4548.86 4547.17 4542.77 4536.68 4530.2 4522.03 4512.92 4503.27 4492.28 4480.75 4466.41 4443.32 4440.1
4554.95 4566.1 4573.8 4580.45 4587.34 4603.07 4609.12 4629.13 4635.69 4636.7 4631.24 4613.67 4581.64 4582.16 4608.44 4627.06 4672.89 4667.74 4667.09 4663.39 4652.66 4639.91 4611.16 4573.4 4549.97 4571.29 4588.9 4624.39 4633.91 4636.75 4647.7 4667.23 4675.55 4666.7 4642.96 4623.56 4606.52 4592.2 4580.27 4554.97 4543.1 4538.21 4526.87 4526.05 4524.67 4526.54 4524.51 4515.04 4504.45 4513.31 4520.31 4521.02 4522.89 4526.16 4532.66 4534.5 4533.14 4529.55 4523.58 4517.02 4509.43 4500.05 4491.04 4481.38 4473.95 4481.57 4465.94
4548.65 4562.63 4568.82 4573.8 4575.8 4583.21 4603.07 4642.26 4618.61 4606.26 4593.74 4577.26 4553.7 4550.84 4569.01 4599.51 4680.7 4676.4 4644.86 4622.18 4604.76 4586.36 4562.85 4535.29 4525.76 4539.68 4562.82 4599.35 4600.95 4598.93 4615.92 4642.78 4668.77 4642.42 4620.37 4607.52 4595.41 4577.02 4556.18 4561.23 4545.27 4531.06 4541.28 4539.73 4538.04 4542.02 4549.24 4532.62 4522.7 4529.99 4533.65 4532.14 4527.92 4524.6 4520.54 4522.72 4522.03 4519.97 4516.19 4510.29 4504.27 4496.61 4489.55 4482.46 4476.46 4467.45 4467.93
4552.6 4553.89 4567.69 4575.71 4575.81 4571.05 4570.31 4592.96 4594.85 4588.82 4581.71 4574.67 4569.3 4571.74 4574.68 4592.62 4612.69 4604.2 4583.71 4575.98 4565.7 4552.58 4536.47 4522.34 4518.32 4522.24 4536.7 4556.1 4591.69 4592.92 4590.98 4592.3 4596.98 4584.27 4584.07 4589.69 4591.95 4589.34 4580.7 4569.6 4541.88 4522.3 4538.52 4543.53 4547.52 4554.57 4554.03 4553.63 4550.59 4559.79 4555.12 4543.24 4526.8 4504.3 4510.68 4514.3 4515.43 4514.54 4512.13 4508.47 4502 4496.95 4491.41 4485.21 4480.75 4477.14 4471.78
4546.27 4539.54 4571.46 4572.28 4568 4559.43 4555.79 4556.58 4563.75 4567.41 4572.16 4573.9 4579.55 4592.15 4576.49 4568.13 4550.59 4535.28 4540.51 4542.11 4539.47 4532.09 4522.59 4516.24 4512.29 4512.61 4519.56 4532.63 4551.94 4567.6 4565.06 4544.04 4530.28 4549.3 4563.3 4573.26 4583.95 4603.16 4584.34 4555.2 4535.61 4502.33 4524.08 4537.79 4544.78 4550.56 4555.17 4576.07 4606.28 4605.17 4576.82 4547.48 4523.95 4511.86 4509.47 4509.53 4509.51 4508.03 4506.15 4503.56 4500.43 4496.72 4493.16 4489.15 4484.29 4476.47 4476.86
4517.45 4525.56 4554.3 4559.89 4555 4545.97 4536.99 4530.99 4539.9 4548.92 4557.56 4565.91 4575.26 4577.85 4560.08 4564.15 4553.23 4517.36 4507.26 4523.9 4526.52 4522.57 4515.55 4507.29 4507.42 4508.96 4511.34 4512.97 4543.14 4565.95 4564.06 4533.09 4521.96 4537.55 4549.97 4552.79 4559.03 4565.1 4541.5 4533.18 4523.41 4502.76 4517.97 4533.06 4537.19 4538.13 4548.11 4585.12 4648.65 4634.69 4585.16 4544.07 4510.96 4510.36 4507.81 4505.31 4504.73 4503.69 4502.46 4500.97 4499.26 4497.5 4495.83 4495.22 4495.23 4488.75 4484.71
4508.59 4503.1 4535.76 4550.73 4541.52 4532.56 4520.93 4515.76 4523.92 4534.63 4544.11 4552.08 4559.97 4558.95 4545.76 4547.15 4533.49 4520.18 4519.35 4522.91 4523.63 4520.31 4515.18 4512.72 4508.84 4509.6 4515.87 4515.83 4531.65 4544.18 4534.47 4528.19 4521.13 4520.39 4521.65 4525.86 4524.74 4510.76 4501.55 4510.81 4501.73 4490.43 4517.34 4532.38 4529.54 4528.62 4543.73 4567.46 4588.36 4600.63 4567.49 4532.54 4506.67 4501.49 4504.24 4502.07 4500.88 4499.06 4499.26 4498.87 4498.47 4498.14 4499.59 4501.23 4509.43 4511.55 4492.13
4495.65 4505.81 4508.37 4477.91 4506.3 4518.66 4516.86 4510.25 4513.35 4521.41 4530.3 4538.84 4544.81 4547.97 4543.08 4530.68 4523.37 4521.41 4532.26 4533.55 4528.31 4522.14 4514.85 4504.77 4508.59 4508.6 4510.63 4514.04 4527.06 4535.55 4530.92 4520.15 4513.94 4507.08 4502.1 4506.16 4503.16 4496.24 4485.3 4493.41 4488.44 4480.03 4504.73 4522.02 4523.3 4522.7 4533.76 4540.91 4546.56 4548.82 4536.77 4514.88 4494.96 4499.57 4499.21 4499.68 4500.09 4500.76 4501.44 4502.66 4502.88 4502.95 4502.27 4500.93 4498.13 4497.94 4490.89
4487.48 4497.25 4497.56 4479.58 4490.2 4507.55 4514.56 4502.33 4506 4512.95 4519.88 4526.62 4532.69 4539.91 4552.78 4536.86 4524.33 4534.04 4553.05 4544.75 4533.85 4523.87 4515.33 4510.15 4507.65 4507.7 4510.57 4517.1 4525.06 4525.25 4523.16 4512.83 4506.91 4503.04 4499.24 4498.1 4494.01 4490.32 4482.15 4483.3 4479.38 4472.57 4490.72 4506.85 4516.71 4529.1 4533.51 4530.41 4515.79 4512.33 4515.21 4502.1 4484.22 4490.71 4495.26 4498.19 4500.95 4503.09 4504.6 4505.98 4506.96 4507.36 4506.61 4503.49 4496.84 4495.71 4493.93
4491.04 4495.6 4490.53 4484.03 4491.92 4500.89 4501.81 4500.88 4502.95 4507.28 4512.45 4516.82 4521.78 4522.26 4532.7 4530.27 4524.76 4532.48 4565.45 4551.96 4535.28 4522.49 4514.98 4509.88 4506.2 4505.98 4514.01 4526.51 4538.9 4534.86 4510.88 4508.63 4502.71 4500 4498.97 4497.81 4495.23 4487.23 4485.59 4479.38 4464.7 4467.26 4483.53 4497.9 4506.8 4510.56 4522.67 4530.53 4506.31 4518.12 4511.68 4502.76 4492.14 4485.05 4491.87 4498.43 4503.25 4506.9 4509.68 4510.69 4512.45 4513.65 4514.03 4513.38 4512.05 4508.97 4501.65
4484.26 4487.82 4491.54 4490.23 4492.35 4499.86 4503.61 4505.7 4502.81 4503.55 4508 4512.17 4516.25 4520.05 4524.45 4521.72 4526.41 4533.78 4554.7 4543.9 4527.75 4515.36 4505.09 4502.27 4503.83 4504.26 4501.35 4516.16 4522.65 4525.83 4513.72 4502.18 4498.41 4498.12 4499.25 4499.98 4499.22 4489.23 4494.22 4480.51 4464.6 4469.13 4480.35 4493.35 4496.06 4499.87 4505.47 4499.45 4500.82 4509.69 4511.63 4510.06 4506.03 4492.05 4493.84 4498.46 4503.32 4507.04 4510.14 4512.82 4515.05 4517.34 4519.66 4524.65 4527.19 4522.36 4510.56
