real_craters/C134-300m.grd
DSAA
276 276
-41.2475 41.2475
-41.2475 41.2475
3128.4985227432 5246.3864780498
[rows 240 to 269 of 276, columns 67 to 133 of 276]
4459.95 4457.79 4460.1 4467.54 4474.39 4480.27 4482.58 4483.11 4478.92 4474.43 4480.87 4496.23 4515.07 4534 4544.45 4533.07 4516.72 4502.94 4502.77 4511.3 4518.92 4523.13 4521.11 4502.65 4501.17 4514.55 4519.41 4513.31 4505.65 4497.42 4489.68 4487.69 4481.97 4472.46 4462.22 4452.03 4446.22 4449.13 4452.88 4453.84 4452.61 4448.69 4450.11 4451.29 4452.03 4453.54 4455.38 4457.31 4459.07 4459.46 4459.9 4457.81 4453.49 4448.34 4445.3 4445.79 4447.14 4448.92 4450.67 4452.62 4455.03 4458.63 4463.2 4464.95 4469.2 4477.69 4483.39
4473.9 4474.53 4477.55 4482.39 4488.1 4492.64 4496.1 4498.23 4494.03 4487.77 4492.81 4505.5 4522.86 4543.28 4553.54 4538.45 4520.76 4506.86 4510.9 4521.97 4531.27 4534.69 4527.98 4500.95 4496.25 4506.24 4507.27 4503.27 4498.52 4493.48 4488.97 4487.25 4479.72 4469.45 4460.31 4451.7 4447.74 4450.57 4455.04 4459.08 4459.44 4455.54 4453.87 4454.68 4455.86 4456 4455.9 4455.32 4453.04 4450.74 4456 4458.06 4455.52 4450.51 4447.2 4446.5 4447.66 4449.61 4452.14 4455.06 4458.58 4462.87 4466.83 4471.57 4475.9 4479.32 4481.93
4487.27 4490.8 4495.27 4497.85 4501.83 4506.84 4514.44 4521.28 4514.44 4505.41 4504.84 4511.46 4522.94 4539.03 4548.15 4535.33 4523.01 4515.69 4522.96 4535.59 4546.18 4549.83 4536.81 4496.53 4491.6 4499.9 4503.21 4495.95 4492.46 4489.97 4488.53 4487.96 4478.9 4468.22 4460.42 4454.19 4451.01 4451.95 4455.27 4460.86 4462.11 4457.69 4455.25 4457.82 4459.09 4458.26 4456.83 4455.21 4453.77 4453.68 4456.15 4459.31 4457.59 4452.24 4448.5 4447.45 4448.7 4451.02 4454.05 4457.95 4462.55 4468.11 4474.29 4479.26 4482.1 4483.04 4482.73
4497.64 4503.81 4509.77 4511.08 4512.9 4518.17 4531.18 4543.65 4533.67 4521.77 4515.01 4513.64 4515.19 4518.36 4523.11 4524.63 4523.81 4525.65 4535.84 4549.48 4561.9 4568.05 4554.2 4495.66 4489.29 4497.56 4498.01 4488.39 4488.86 4487.48 4486.13 4485.65 4477.02 4467.01 4460.7 4456.59 4453.84 4452.82 4453.81 4458.75 4460.1 4457.58 4455.48 4460.77 4461.99 4460.31 4458.1 4455.97 4454.02 4454.08 4456.69 4458.73 4457.39 4452.97 4448.74 4448.36 4449.98 4452.58 4456 4460.3 4465.6 4472.42 4481.59 4489.23 4489.16 4486.59 4483.59
4505.57 4512.43 4520.2 4520.09 4518.59 4521.61 4538.18 4554.71 4545.73 4533.03 4522.3 4513.89 4506.79 4500.49 4504.98 4515.91 4524.76 4534.33 4545.91 4560.23 4574.58 4583.65 4565.35 4494.16 4490.99 4501.68 4506.23 4494.79 4491.11 4486.03 4480.75 4475.74 4469.37 4463.89 4460.04 4456.97 4454.69 4453.32 4453.6 4456.57 4458.46 4458.46 4458.84 4466.4 4465.06 4462.25 4459.55 4456.94 4454.76 4455.52 4457.49 4458.72 4457.77 4453.91 4450.31 4449.8 4451.68 4454.42 4457.81 4461.94 4467 4473.58 4482.37 4494.23 4492.86 4487.36 4482.58
4508.89 4514.47 4522.74 4522.16 4520.55 4520.3 4536.39 4553.51 4551.31 4539.81 4527.36 4514.74 4503.38 4494.36 4499.51 4513 4526.89 4539.59 4551.27 4564.81 4578.9 4590.16 4570.37 4497.09 4497.73 4511.14 4520.56 4509.65 4498.19 4486.4 4475.98 4466.39 4461.84 4460.92 4459.29 4457.36 4455.47 4453.95 4452.61 4453.21 4457.46 4460.95 4463.99 4468.01 4466.47 4463.39 4460.63 4458.6 4457.6 4458.24 4458.68 4459.37 4459.26 4454.97 4451.45 4451.5 4454.17 4457.16 4460.25 4463.55 4467.43 4471.49 4477.14 4489.52 4488.39 4483.52 4479.13
4509.15 4511.15 4512.14 4516.83 4525.26 4529.92 4553.12 4564.95 4556.31 4544.01 4527.22 4519.95 4505.98 4494.78 4500.52 4515.3 4531.14 4543.64 4552.16 4560.97 4571.16 4579.34 4554.99 4504.07 4508.35 4522.76 4534.21 4525.16 4504.34 4487.37 4473.64 4462.37 4460.19 4460.61 4459.69 4458.22 4456.71 4455.6 4455.47 4456.27 4459.99 4464.71 4468.91 4468.84 4466.56 4463.43 4461.26 4459.99 4459.93 4460.03 4459.51 4458.86 4457.42 4455.82 4453.98 4454.84 4457.75 4460.24 4462.6 4464.97 4467.32 4469.02 4471.07 4477.39 4477.13 4475.83 4473.95
4509.33 4510.21 4508.02 4517.98 4538.68 4550.06 4552.6 4557.92 4557.96 4557.01 4550.75 4537.26 4512.51 4497.55 4504.6 4520.55 4537.41 4546.57 4548.64 4550.42 4552.29 4551.99 4534 4514.06 4520.03 4532.45 4543.95 4527.16 4503.76 4487.2 4473.55 4462.05 4461.78 4462.87 4461.38 4459.99 4458.41 4457.69 4457.95 4459.87 4463.24 4468.26 4473.74 4472.53 4465.74 4462.75 4461.29 4460.46 4460.57 4460.87 4459.88 4458.42 4457.63 4457.43 4459.03 4461.09 4461.83 4462.87 4464.14 4465.51 4466.61 4466.98 4465.98 4463.52 4466.7 4468.5 4468.38
4511.21 4514.04 4519.3 4533.85 4557.05 4574.02 4554.73 4547.37 4552.21 4562.53 4586.14 4546.64 4515.65 4501.44 4511.34 4528.01 4541.9 4546.59 4542.95 4536.83 4529.56 4521.89 4519.91 4524.74 4530.4 4536.06 4537.84 4514.99 4497.58 4486.63 4476.29 4466.6 4467.42 4466.18 4462.79 4460.87 4460 4459.78 4459.93 4460.85 4465.01 4469.43 4473.45 4468.82 4462.12 4461.55 4461.14 4460.88 4462.88 4461.75 4460.01 4458.17 4456.36 4458.03 4462.52 4465.87 4464.79 4464.8 4465.39 4466.1 4466.51 4466.06 4464.62 4461.81 4461.73 4463.52 4464.23
4513.39 4517.21 4525.08 4539.38 4554.88 4575.71 4541.64 4535.03 4538.65 4541.48 4532.13 4523.38 4511.66 4507.7 4520.52 4538 4550.86 4548.55 4537.35 4524.32 4511.16 4504.57 4527.33 4539.12 4540.2 4536.23 4525.87 4505.39 4494.3 4488.56 4482.66 4476.59 4472.32 4468.13 4464 4461.78 4461.59 4462.19 4463.43 4464.29 4466.19 4468.92 4469.71 4465.13 4461.58 4461.97 4461.56 4461.19 4462.44 4462.14 4460.68 4458.91 4457.27 4458.76 4462.43 4464.83 4465.26 4465.55 4466.13 4466.78 4467.18 4466.68 4464.91 4460.99 4459.77 4462.29 4463.54
4513.38 4516.78 4519.54 4522.76 4526.6 4521.58 4518.65 4521.31 4524.53 4522.93 4514.7 4510.79 4510.11 4514.72 4530.6 4547.86 4560.16 4550.21 4533.28 4515.4 4499.98 4499.19 4548.44 4557.61 4550.57 4538 4521.32 4504.56 4495.69 4492.83 4491.34 4488.64 4477.75 4469.82 4465.62 4463.73 4463.49 4464.13 4465.48 4465.52 4466.5 4469.06 4470.85 4468.74 4467.38 4464.57 4463.03 4462.05 4462.4 4462.68 4461.72 4460.8 4460.08 4460.98 4462.61 4463.77 4464.65 4465.59 4466.66 4467.72 4468.69 4468.86 4467.34 4463.81 4462.29 4462.97 4462.61
4514.32 4514.82 4514.54 4511.93 4512.35 4510.02 4510.59 4514.95 4517.06 4515.35 4511.1 4512 4518.38 4526.98 4540.37 4553.98 4562.52 4548.17 4529.65 4510.43 4495.71 4504.63 4571.9 4574.28 4559.59 4541.31 4521.85 4503.88 4497.03 4498.02 4500.02 4498.7 4484.11 4472.59 4468.37 4466.11 4465.33 4465.4 4465.53 4463.73 4466.18 4469.48 4473.61 4479.49 4471.08 4466.44 4464.99 4464.98 4464.82 4463.9 4463 4462.52 4463.44 4464.85 4462.9 4462.64 4463.64 4465.39 4467 4468.59 4470.31 4471.91 4473.19 4470.9 4467.83 4464.7 4462.57
4512.98 4513.7 4514.03 4513.59 4512.51 4513.72 4515.95 4516.57 4516.17 4515.6 4516.15 4522.48 4534 4541.82 4547.4 4553.21 4554.74 4542.9 4527.17 4510.87 4498.32 4514.44 4589.33 4581.88 4562.93 4543.15 4524.62 4508.77 4500.27 4504.13 4508.3 4505.63 4489.61 4477.64 4472.92 4469.17 4466.94 4466.19 4466.56 4466.47 4467.56 4469.11 4470.74 4473.93 4467.58 4466.35 4466.15 4466.64 4465.72 4464.7 4463.88 4463.21 4463.09 4462.42 4461.83 4461.44 4463.35 4465.56 4467.23 4469.01 4471.2 4473.75 4476.22 4474.6 4470.68 4464.2 4460.54
4513.48 4514.7 4516.49 4516.53 4516.1 4521.94 4525.72 4521.66 4519.15 4518.54 4521.79 4532.86 4549.66 4553.17 4549.34 4545.46 4542.23 4536.39 4527.75 4517.67 4509.26 4527.22 4582.43 4573.85 4558.24 4541.26 4526.42 4513.75 4507.04 4511.36 4516.42 4514.22 4492.06 4481.69 4475.25 4471.09 4468.07 4466.58 4466.83 4468.79 4470.4 4470.19 4468.68 4467.73 4466.41 4467.44 4467.08 4466.31 4465.63 4465.34 4464.81 4464.03 4462.21 4459.2 4461.72 4464.11 4465.88 4466.42 4467.35 4468.77 4470.61 4472.91 4474.91 4470.86 4465.39 4461.65 4459.16
4518.39 4519.07 4519.46 4521.66 4520.14 4524.69 4528.01 4524.73 4521.42 4519.92 4522.83 4533.97 4558.77 4558.08 4546 4533.64 4529.52 4531.88 4532.28 4530.77 4528.28 4536.24 4555.36 4552.67 4545.06 4534.82 4526.35 4519.85 4516.25 4518.56 4520.22 4512.72 4491.18 4480.53 4476.38 4472.63 4469.05 4466.55 4467.05 4471.34 4475.09 4475.44 4473.96 4473.19 4473.02 4471.74 4468.94 4465.96 4466.45 4466.96 4467.21 4466.45 4464.68 4463.01 4464 4466.88 4467.5 4466.6 4466.95 4467.82 4468.72 4469.19 4468.1 4463.65 4457.84 4457.42 4456.37
4519.56 4520.24 4521.42 4524.48 4525.58 4526.38 4527.43 4525.9 4523.17 4522.01 4522.47 4529.3 4558.49 4555.43 4539.76 4522.92 4521.61 4531.69 4540.32 4546.17 4547.9 4529.57 4523.99 4527.45 4528.19 4525.67 4524.14 4523.91 4525.76 4524.99 4521.21 4510.8 4492.97 4482.08 4480.51 4475.79 4470.66 4466.41 4466.24 4473.62 4480.89 4484.36 4485.57 4484.35 4482.18 4477.75 4472.46 4468.68 4469.12 4469.98 4470.55 4470.66 4469.78 4467.51 4467.44 4466.88 4465.37 4465.45 4465.88 4466.3 4466.32 4465.41 4462.94 4458.93 4454.52 4455.55 4457.97
4518.99 4519.23 4521.01 4523.04 4525.02 4527.06 4527.63 4526.94 4525.04 4523.5 4523.26 4530.07 4553.97 4548.65 4533.7 4520.3 4522.74 4535.96 4549.84 4560.58 4560.42 4516.55 4500.94 4506.62 4512.64 4516.18 4520.22 4524.09 4530.33 4529.47 4521.95 4511.45 4499.08 4490.45 4487.36 4480.18 4473.29 4467.56 4466.85 4474.07 4482.38 4491.3 4495.38 4495.09 4492.44 4483.16 4476.1 4472.45 4472.51 4473.58 4475.03 4476.37 4477.33 4477.61 4475.78 4470.38 4465.32 4465.04 4465.25 4465.25 4464.76 4463.18 4460.34 4457.23 4454.51 4454.67 4457.5
4518.07 4518.86 4519.8 4520.67 4522.9 4527.51 4528.4 4527.93 4526.57 4525.07 4524.09 4526.26 4544.83 4539.66 4527.19 4519.66 4525.52 4540.85 4558.34 4571.65 4567.54 4503.48 4487.02 4492.75 4501.51 4508.27 4515.79 4523.25 4532.82 4532.78 4523.85 4514.75 4506.31 4499.33 4493.01 4484.37 4477.05 4471.23 4469.67 4474.55 4481.44 4488.53 4493.89 4496.8 4496.87 4485.1 4479.02 4475.44 4475.86 4477.13 4479.26 4482.15 4485.22 4488.66 4486.76 4477.13 4469.01 4466.61 4465.62 4465.04 4464.46 4463.5 4461.11 4457.61 4454.83 4454.81 4457.19
4519.58 4519.29 4518.85 4518.05 4518.95 4527.62 4528.97 4528.78 4527.94 4527.22 4526.84 4527.52 4537.47 4530.38 4520.12 4513.08 4525.99 4544.42 4564.04 4579.25 4573.58 4498.83 4481.69 4486.57 4494.48 4504 4512.77 4520.55 4529.16 4533.41 4526.19 4519.11 4512.3 4503.92 4495.18 4487.49 4481.21 4477.21 4474.48 4474.55 4476.79 4479.65 4485.18 4489.19 4487.41 4483.16 4481.49 4480.12 4478.79 4479.98 4482.9 4486.85 4491.11 4495.01 4493.28 4483.56 4474.4 4469.06 4466.46 4465.18 4464.57 4464.4 4462.65 4458.91 4455.85 4455.55 4457.45
4521 4520.48 4519.37 4517.18 4519.13 4527.35 4528.62 4529.01 4528.99 4529.48 4530.62 4531.84 4527.62 4521.85 4515.58 4514.52 4527.48 4545.59 4564.54 4579.15 4571.78 4497.07 4483.88 4487.95 4495.05 4504.12 4512.57 4519.81 4527 4532.61 4527.1 4524.01 4518.74 4510.18 4498.19 4489.88 4483.96 4480.39 4476.72 4473.54 4472.06 4472.89 4478.19 4482.6 4482.57 4480.85 4479.42 4478.34 4479.03 4481.78 4485.52 4489.88 4494.44 4497.93 4497 4487.1 4476.8 4470.38 4466.97 4465.26 4464.39 4463.66 4462.37 4460.32 4458.97 4459.26 4460.56
4522.36 4522.26 4521.78 4520.59 4523 4525.93 4526.57 4528.26 4529.88 4531.37 4533.04 4532.57 4522.28 4516.01 4513.47 4516.6 4528.55 4544.02 4559.39 4569.23 4556.86 4502.16 4493.25 4495.76 4500.85 4508.27 4515.62 4522.82 4529.77 4537.04 4533.87 4532.14 4527.05 4517.23 4499.94 4491.59 4485.67 4480.19 4476.73 4473.05 4468.91 4470.15 4474.66 4479.06 4482.78 4478.66 4472.67 4473.38 4477.5 4482.21 4486.89 4491.4 4495.57 4498.13 4498.47 4487.46 4477.18 4470.32 4466.81 4465.18 4464.33 4463.58 4462.64 4461.5 4460.69 4460.63 4462.5
4523.32 4523.91 4524.82 4527.4 4525.15 4523.1 4524.02 4526.2 4529.26 4532.04 4534.47 4531.81 4517.86 4513.64 4513.59 4518.31 4529.87 4541.39 4551.02 4555.2 4543.32 4515.62 4508.88 4508.08 4510.54 4515.58 4521.24 4527.35 4534.96 4546.27 4549.75 4542.01 4534.64 4521.55 4501.86 4493.51 4489.03 4484.52 4479.92 4475.27 4471.87 4471.64 4472.91 4475.53 4476.92 4473.11 4468.6 4471.58 4477.02 4482.46 4487.38 4491.8 4495.2 4496.15 4490.87 4485.4 4475.89 4468.79 4466.12 4465.12 4464.77 4464.49 4463.87 4462.85 4461.83 4461.75 4464.36
4524.63 4525.18 4526.32 4527.62 4523.35 4519.49 4521.46 4524.74 4529.25 4532.82 4534.98 4532.22 4517.09 4516.69 4519.26 4525.05 4533.8 4539.37 4542.77 4543.03 4540.71 4531.96 4525.93 4522.67 4522.65 4525.03 4528.29 4532.44 4537.99 4550.15 4551.78 4546.83 4539.39 4523.68 4502.09 4495.72 4493.56 4491.67 4484.86 4478.44 4472.98 4470.62 4470.91 4472.35 4473.34 4472.11 4471.06 4473.83 4478.01 4482.68 4487.48 4491.77 4495.02 4496.47 4495.8 4487.5 4475.56 4467.61 4465.69 4465.45 4465.8 4466.01 4465.48 4464.56 4464.09 4464.9 4466.94
4524.73 4525.52 4525.12 4523.87 4518.81 4514.9 4518.97 4524.87 4530.21 4534.26 4535.88 4531.19 4518.91 4527.1 4538.28 4542.63 4542.53 4539.06 4536.07 4534.6 4542.67 4545.57 4540.58 4534.97 4534.96 4534.75 4536.04 4538.22 4540.22 4543.16 4546.15 4547.2 4542.82 4527.26 4506.13 4499.06 4496.47 4494.16 4488.28 4481.97 4475.2 4469.12 4469.06 4470.21 4471.68 4473.64 4476.33 4476.31 4479.36 4483.6 4488.37 4492.48 4495.59 4497.48 4497.21 4489.42 4477.15 4468.28 4466.24 4466.33 4467.3 4468.25 4467.32 4466.4 4466 4466.57 4469.05
4524.6 4523.37 4522.74 4521.12 4515.15 4512.47 4517.96 4525.37 4531.76 4535.92 4537.32 4532.9 4520.35 4536.91 4579.97 4570.16 4549.82 4537.74 4530.56 4529.32 4549.98 4558.69 4555.25 4549.19 4545.73 4543.29 4542.84 4544.3 4546.83 4545.65 4546.02 4547.5 4545.39 4531.8 4510.98 4503.02 4499.31 4495.74 4491.21 4486.16 4480.64 4470.76 4468.64 4469.2 4470.36 4472.19 4472.99 4476.57 4480.46 4484.77 4488.77 4492.54 4495.67 4497.37 4496.09 4489.83 4479.59 4470.26 4467.81 4467.57 4468.35 4469.16 4468.42 4467.85 4467.86 4468.14 4471.28
4524.23 4522.88 4520.82 4517.88 4514.32 4513.55 4519.24 4527.8 4535.26 4539.33 4538.13 4531.75 4521 4531.66 4553.73 4557.19 4545.32 4533.29 4525.59 4528.72 4567.06 4571.84 4565.24 4559.56 4553.23 4548.75 4546.54 4547.04 4552.23 4553.5 4545.61 4547.35 4546.56 4536.02 4519.07 4508.42 4502.76 4498.75 4494.52 4490.42 4484.86 4473.59 4469.55 4469.45 4470.52 4471.02 4471.5 4477.15 4481.92 4485.91 4489.47 4492.53 4494.99 4497.04 4497.97 4494.66 4482.93 4473.9 4470.23 4469 4468.76 4468.76 4468.63 4468.78 4469.88 4471.94 4474.89
4523.52 4522.76 4520.19 4517.69 4515.99 4515.62 4521.85 4531.89 4542.56 4548.39 4543.42 4534.57 4527.28 4527.41 4533.88 4539.9 4535.9 4527.48 4521.64 4529.19 4576.39 4580.2 4572.91 4564.46 4556.74 4550.64 4546.05 4543.2 4543.06 4538.04 4540.27 4545.73 4548.91 4540.57 4526.34 4513.98 4504.23 4500.12 4498.16 4495.16 4489.01 4475.83 4471.69 4472.46 4473.59 4473.66 4475.74 4480.36 4483.92 4487.08 4489.7 4492 4494.04 4495 4495.26 4492.53 4483.67 4476.31 4472.65 4470.64 4469.07 4468.32 4468.48 4469.07 4470.65 4474.07 4476.82
4522.77 4523.5 4522.07 4520.28 4518.58 4517.25 4524.55 4537.65 4551.92 4565.75 4571.25 4558.99 4541.52 4531.17 4532.59 4532.37 4529.6 4524.33 4521.08 4531.67 4575.54 4579.21 4572.91 4564.84 4556.88 4549.65 4542.01 4536.38 4530.29 4523.05 4532.26 4540.99 4548.71 4542.06 4529.15 4516.78 4507.8 4504.51 4503.62 4501.58 4495.44 4479.89 4477.16 4479.32 4480.85 4482.45 4484.01 4485.27 4486.46 4488.15 4489.74 4491.25 4491.97 4491.91 4490.13 4484.63 4483.06 4479.08 4476.08 4472.85 4470.16 4468.47 4468.3 4468.64 4469.39 4469.95 4471.24
4522.39 4524.65 4527.93 4528.42 4525.24 4522.27 4528.6 4541.9 4558.66 4580.6 4607.01 4588.72 4553.85 4534.78 4532.11 4530.57 4528.01 4524.88 4524.08 4535.45 4564.23 4570.35 4567.15 4561.21 4554 4546.56 4538.59 4530.59 4522.79 4517.72 4523.69 4531.56 4538.35 4536.87 4531.45 4521.36 4516.12 4512.56 4511.01 4510.17 4506.28 4493.75 4489.83 4491.25 4491.86 4489.82 4490.01 4490.05 4489.45 4489.66 4489.92 4490.03 4490.09 4489.27 4487.6 4486.15 4484.4 4483.65 4479.99 4474.74 4471.51 4469.33 4468.21 4468.21 4468.4 4468.56 4470.81
4521.51 4522.62 4525.3 4531.09 4531.18 4528.37 4532.49 4542.94 4556 4571.53 4589.51 4577.2 4551.24 4534.13 4532.75 4531.22 4529.43 4528.09 4528.88 4538.22 4553.91 4559.18 4558.41 4554.23 4548.49 4541.59 4534 4525.94 4519.57 4516.09 4520.39 4521.51 4519.17 4527.44 4530.85 4524.82 4520.74 4518.47 4518.03 4517.94 4516.17 4510.07 4507.13 4507.16 4506.49 4503.83 4498.49 4495.05 4492.29 4490.88 4489.46 4489.13 4487.94 4486.53 4485.08 4484.69 4483.45 4483.1 4480 4474.43 4470.34 4468.66 4468.06 4468.31 4468.69 4469.84 4472.22
