real_craters/C134-750m.grd
DSAA
111 111
-41.2475 41.2475
-41.2475 41.2475
3131.3908049188 5236.6029459487
[rows 38 to 75 of 111, columns 0 to 83 of 111]
4401 4412 4427 4444 4461 4444 4422 4428 4426 4428 4434 4439 4448 4457 4461 4468 4476 4482 4494 4501 4503 4508 4508 4509 4510 4512 4512 4512 4535 4546 4551 4545 4556 4566 4602 4643 4663 4618 4592 4563 4534 4531 4600 4611 4604 4668 4700 4718 4819 4940 4935 4997 5078 4896 4756 4745 4719 4693 4641 4607 4634 4628 4588 4573 4567 4544 4561 4587 4634 4626 4633 4652 4634 4639 4636 4596 4543 4553 4535 4504 4472 4441 4412 4398
4428 4428 4449 4474 4488 4447 4426 4431 4427 4436 4441 4442 4449 4457 4469 4475 4478 4471 4481 4486 4491 4492 4497 4502 4508 4516 4528 4537 4542 4544 4549 4557 4571 4581 4592 4653 4698 4639 4610 4595 4594 4631 4716 4724 4679 4790 4822 4919 4928 4988 4959 5088 5106 5070 4978 4757 4702 4730 4774 4693 4685 4666 4606 4599 4599 4577 4568 4559 4668 4648 4619 4635 4673 4659 4649 4624 4576 4556 4526 4505 4484 4459 4437 4427
4474 4459 4471 4480 4466 4432 4428 4436 4437 4440 4443 4450 4459 4470 4479 4484 4490 4481 4482 4478 4467 4478 4484 4491 4499 4510 4525 4532 4536 4538 4549 4564 4589 4584 4593 4630 4657 4643 4628 4642 4677 4783 4864 4842 4711 4899 4893 4841 4909 5046 5009 4985 4888 4768 4647 4576 4574 4661 4863 4878 4832 4761 4706 4710 4679 4629 4594 4574 4569 4596 4606 4606 4620 4639 4648 4626 4585 4521 4508 4500 4490 4478 4468 4459
4502 4505 4490 4470 4442 4430 4434 4437 4445 4452 4458 4465 4471 4478 4484 4494 4504 4503 4488 4475 4474 4467 4473 4481 4490 4497 4503 4513 4517 4513 4536 4554 4567 4576 4576 4597 4641 4632 4611 4612 4642 4677 4901 4833 4713 4931 4963 4949 4905 4836 4731 4566 4423 4310 4235 4270 4319 4392 4464 4603 4771 4729 4818 4874 4786 4712 4634 4547 4536 4552 4570 4546 4574 4608 4648 4636 4569 4495 4499 4501 4499 4498 4496 4492
4501 4501 4490 4472 4443 4432 4434 4434 4440 4446 4452 4457 4466 4473 4484 4494 4505 4504 4486 4468 4450 4456 4467 4476 4483 4487 4487 4496 4506 4507 4529 4550 4570 4572 4555 4550 4591 4604 4571 4537 4571 4762 4933 4756 4796 4949 4903 4787 4530 4321 4233 4089 3967 3899 3882 3962 4026 4060 4078 4127 4286 4424 4555 4649 4783 4765 4681 4615 4559 4545 4590 4554 4558 4578 4610 4581 4532 4519 4509 4510 4516 4522 4526 4527
4485 4480 4479 4486 4459 4436 4433 4434 4437 4441 4446 4451 4465 4470 4477 4485 4496 4495 4482 4470 4459 4462 4471 4478 4482 4484 4480 4485 4494 4511 4536 4561 4590 4578 4557 4545 4585 4609 4559 4515 4604 4831 5000 4866 4874 4955 4678 4401 4116 3903 3803 3689 3592 3593 3648 3726 3783 3794 3769 3774 3902 4050 4145 4209 4329 4501 4665 4741 4634 4575 4582 4593 4598 4595 4544 4550 4543 4533 4520 4518 4526 4534 4537 4536
4478 4470 4471 4491 4465 4438 4433 4431 4433 4436 4441 4447 4451 4460 4464 4467 4473 4476 4475 4474 4478 4481 4481 4482 4484 4486 4488 4477 4479 4498 4521 4550 4580 4581 4569 4579 4604 4625 4582 4550 4733 4955 5113 4811 4712 4614 4347 4050 3789 3588 3489 3446 3429 3455 3509 3563 3605 3623 3631 3674 3721 3785 3836 3837 3919 4176 4480 4679 4632 4583 4552 4550 4572 4562 4531 4530 4530 4519 4523 4532 4540 4542 4535 4524
4486 4478 4467 4473 4461 4442 4429 4427 4431 4436 4444 4448 4451 4453 4451 4449 4449 4457 4468 4480 4489 4495 4492 4488 4485 4485 4484 4469 4469 4480 4496 4527 4559 4570 4562 4558 4599 4617 4616 4623 4688 4917 5119 4743 4500 4241 3988 3734 3532 3427 3393 3368 3359 3357 3400 3436 3466 3489 3505 3528 3559 3606 3659 3735 3696 3894 4135 4369 4548 4625 4559 4562 4571 4552 4546 4529 4494 4501 4517 4531 4543 4553 4539 4511
4497 4485 4453 4458 4458 4434 4417 4425 4429 4434 4439 4443 4446 4448 4448 4433 4417 4442 4464 4484 4497 4505 4501 4490 4481 4476 4470 4461 4453 4467 4475 4503 4512 4527 4549 4559 4586 4628 4627 4626 4631 4921 5128 4818 4395 3976 3672 3509 3413 3370 3328 3339 3331 3292 3309 3339 3364 3376 3377 3378 3388 3429 3504 3564 3573 3669 3834 4126 4462 4696 4639 4593 4602 4511 4500 4506 4503 4504 4517 4531 4544 4556 4537 4502
4496 4478 4444 4441 4432 4425 4423 4429 4435 4439 4444 4447 4451 4453 4453 4445 4437 4450 4468 4486 4500 4509 4501 4490 4474 4460 4452 4452 4467 4470 4472 4486 4484 4496 4552 4617 4650 4655 4641 4651 4757 4951 5053 4927 4369 3804 3479 3428 3411 3364 3302 3271 3273 3226 3242 3273 3296 3306 3297 3291 3296 3326 3376 3388 3410 3475 3601 3936 4379 4754 4695 4599 4621 4570 4513 4489 4505 4516 4523 4529 4535 4534 4527 4508
4463 4455 4443 4439 4431 4433 4437 4438 4441 4447 4449 4451 4454 4458 4464 4472 4482 4475 4477 4487 4494 4497 4493 4485 4473 4459 4453 4450 4473 4483 4493 4511 4491 4498 4565 4637 4688 4695 4732 4821 5007 4863 4811 4916 4262 3642 3381 3404 3397 3346 3266 3245 3227 3191 3214 3246 3266 3273 3259 3261 3246 3262 3301 3340 3326 3331 3430 3770 4221 4683 4755 4643 4607 4580 4575 4528 4554 4541 4539 4535 4529 4525 4517 4518
4458 4457 4458 4455 4442 4439 4442 4447 4449 4450 4451 4452 4454 4458 4466 4480 4492 4482 4479 4483 4487 4483 4485 4483 4478 4477 4474 4478 4482 4497 4517 4527 4510 4510 4581 4666 4735 4787 4796 4864 4960 4827 4704 4587 4036 3516 3326 3402 3359 3284 3257 3237 3207 3208 3227 3253 3269 3272 3265 3238 3222 3224 3250 3270 3278 3249 3301 3613 3995 4382 4692 4731 4563 4592 4599 4597 4564 4562 4553 4540 4523 4511 4506 4504
4479 4491 4466 4459 4452 4448 4458 4456 4456 4453 4453 4452 4452 4453 4456 4463 4472 4472 4474 4478 4482 4486 4487 4484 4483 4488 4490 4499 4497 4510 4527 4537 4534 4550 4597 4657 4745 4795 4705 4837 5026 4901 4769 4094 3794 3470 3322 3299 3279 3229 3196 3218 3232 3238 3267 3290 3302 3296 3271 3228 3204 3213 3219 3233 3248 3227 3292 3507 3801 4134 4585 4734 4600 4580 4610 4575 4577 4590 4577 4561 4532 4501 4498 4486
4471 4463 4453 4449 4458 4468 4467 4462 4458 4452 4450 4448 4447 4445 4441 4430 4438 4455 4465 4472 4477 4486 4488 4484 4483 4485 4495 4501 4508 4518 4530 4536 4541 4547 4602 4689 4690 4700 4696 4899 5127 4971 4629 3947 3629 3393 3270 3254 3229 3198 3199 3229 3251 3287 3325 3353 3362 3344 3303 3272 3230 3190 3194 3208 3229 3229 3289 3458 3684 4013 4499 4679 4705 4560 4536 4535 4575 4595 4590 4587 4582 4548 4501 4476
4456 4440 4440 4446 4453 4463 4470 4466 4459 4453 4448 4445 4443 4439 4433 4424 4429 4443 4454 4463 4471 4477 4480 4483 4485 4484 4503 4513 4511 4524 4536 4550 4556 4547 4594 4642 4634 4670 4769 4926 5070 4950 4452 3955 3581 3307 3219 3277 3213 3181 3184 3235 3284 3360 3403 3422 3432 3427 3386 3315 3232 3187 3182 3190 3227 3277 3355 3460 3631 3944 4430 4634 4645 4548 4529 4538 4561 4572 4587 4602 4605 4560 4491 4441
4451 4433 4432 4435 4443 4449 4455 4458 4457 4455 4452 4448 4444 4439 4434 4430 4433 4440 4448 4455 4463 4468 4474 4481 4491 4503 4501 4505 4515 4531 4547 4566 4567 4560 4590 4641 4658 4681 4789 4914 5007 4906 4357 3940 3556 3269 3241 3296 3206 3173 3188 3240 3314 3389 3466 3461 3479 3504 3468 3352 3246 3191 3167 3183 3215 3296 3394 3487 3635 3950 4448 4634 4640 4589 4551 4564 4542 4533 4563 4602 4623 4566 4475 4403
4453 4438 4433 4433 4437 4438 4443 4452 4454 4453 4450 4445 4442 4438 4435 4439 4436 4436 4442 4447 4454 4461 4469 4477 4485 4486 4492 4504 4524 4539 4553 4566 4581 4589 4584 4641 4707 4683 4736 4920 4954 4827 4328 3896 3536 3272 3279 3302 3225 3199 3215 3268 3356 3428 3424 3429 3484 3538 3501 3380 3256 3178 3142 3141 3183 3259 3381 3531 3719 4067 4544 4702 4693 4620 4579 4578 4523 4499 4533 4577 4610 4562 4486 4427
4451 4436 4429 4448 4445 4437 4435 4447 4450 4449 4447 4443 4441 4438 4434 4428 4433 4435 4436 4439 4443 4451 4463 4470 4480 4486 4486 4516 4534 4547 4560 4572 4581 4585 4578 4694 4667 4638 4755 4918 4935 4777 4330 3874 3532 3297 3270 3271 3218 3209 3234 3300 3396 3418 3284 3369 3459 3526 3495 3399 3287 3159 3131 3143 3166 3190 3363 3611 3899 4281 4666 4821 4745 4614 4598 4550 4507 4476 4506 4535 4546 4537 4509 4477
4444 4437 4436 4452 4463 4448 4436 4446 4446 4443 4441 4439 4439 4439 4444 4450 4438 4434 4433 4433 4434 4438 4444 4460 4482 4492 4497 4523 4537 4551 4566 4578 4565 4562 4560 4568 4650 4692 4686 4835 4950 4849 4431 3920 3562 3336 3283 3258 3212 3202 3225 3296 3358 3423 3376 3363 3426 3477 3458 3393 3323 3216 3182 3204 3182 3182 3383 3702 4086 4513 4946 5046 4950 4707 4570 4545 4508 4493 4507 4519 4523 4522 4510 4490
4436 4432 4426 4475 4501 4467 4443 4449 4440 4435 4433 4434 4435 4437 4443 4443 4440 4436 4433 4430 4428 4425 4422 4441 4479 4495 4508 4515 4534 4550 4566 4578 4568 4548 4537 4536 4634 4753 4798 4838 5002 4752 4613 4065 3639 3350 3294 3261 3229 3214 3227 3248 3264 3297 3336 3343 3380 3416 3397 3344 3277 3214 3152 3185 3188 3196 3431 3769 4159 4606 5018 5120 4961 4760 4604 4526 4517 4523 4521 4524 4523 4518 4510 4494
4434 4431 4432 4503 4524 4467 4424 4424 4423 4424 4427 4431 4435 4438 4441 4441 4442 4439 4436 4431 4425 4418 4413 4418 4424 4475 4515 4519 4533 4548 4561 4569 4565 4545 4531 4527 4602 4708 4869 4944 5039 4716 4757 4271 3790 3460 3320 3293 3241 3240 3246 3248 3225 3229 3244 3274 3314 3339 3329 3294 3239 3194 3244 3220 3225 3273 3490 3825 4188 4622 4997 5104 4929 4834 4664 4539 4527 4527 4529 4532 4524 4513 4512 4495
4445 4439 4424 4463 4470 4441 4403 4396 4401 4411 4422 4431 4439 4444 4448 4449 4448 4448 4444 4436 4426 4417 4408 4404 4413 4458 4499 4522 4531 4543 4554 4559 4562 4544 4522 4518 4585 4672 4792 4908 5093 4827 4924 4462 3949 3591 3421 3382 3277 3265 3253 3248 3207 3201 3187 3217 3259 3279 3285 3264 3232 3208 3211 3234 3271 3291 3545 3902 4274 4635 4935 5039 4921 4807 4573 4558 4539 4536 4527 4516 4505 4492 4476 4480
4463 4456 4449 4450 4443 4426 4390 4371 4376 4392 4409 4432 4446 4456 4463 4464 4458 4454 4448 4442 4433 4422 4415 4410 4416 4456 4490 4511 4525 4534 4541 4549 4546 4546 4557 4523 4563 4665 4748 4853 5046 4996 5023 4564 4049 3711 3538 3522 3347 3260 3247 3221 3190 3190 3198 3209 3237 3259 3269 3263 3248 3246 3247 3258 3309 3338 3617 3995 4361 4659 4885 4951 4781 4708 4515 4544 4537 4525 4507 4488 4483 4478 4470 4471
4476 4456 4460 4460 4459 4430 4399 4374 4366 4381 4406 4434 4455 4471 4481 4483 4474 4466 4458 4450 4442 4435 4430 4431 4446 4462 4491 4509 4520 4530 4538 4541 4538 4538 4533 4515 4530 4560 4652 4736 4873 5040 5063 4681 4215 3864 3668 3635 3448 3333 3282 3233 3212 3214 3190 3206 3233 3258 3274 3280 3284 3294 3306 3309 3364 3449 3755 4132 4455 4715 4872 4893 4778 4649 4521 4535 4526 4513 4499 4479 4477 4474 4470 4474
4475 4460 4461 4456 4461 4434 4402 4360 4341 4377 4410 4440 4469 4493 4501 4500 4489 4478 4468 4459 4452 4448 4449 4462 4467 4469 4486 4505 4517 4528 4535 4540 4546 4531 4519 4510 4518 4527 4633 4699 4759 5189 5126 4834 4452 4076 3844 3805 3635 3461 3379 3326 3296 3275 3236 3213 3238 3269 3296 3314 3325 3336 3348 3391 3437 3622 3980 4379 4659 4811 4898 4928 4791 4649 4520 4507 4511 4510 4505 4499 4487 4483 4482 4481
4459 4443 4443 4441 4442 4428 4403 4372 4376 4394 4421 4450 4486 4521 4546 4522 4501 4485 4475 4466 4462 4457 4455 4458 4474 4467 4488 4500 4514 4523 4531 4536 4539 4529 4517 4499 4515 4520 4527 4625 4755 5237 5178 4995 4726 4322 4021 3871 3763 3594 3524 3471 3449 3392 3321 3261 3260 3301 3341 3367 3384 3401 3471 3485 3542 3834 4256 4683 4888 4916 4891 4854 4762 4647 4466 4479 4496 4501 4504 4503 4496 4492 4489 4488
4437 4417 4421 4428 4429 4426 4417 4409 4406 4419 4438 4459 4485 4522 4556 4524 4503 4486 4475 4468 4461 4459 4460 4466 4468 4469 4480 4501 4514 4523 4528 4531 4528 4518 4516 4504 4506 4506 4510 4551 4688 5168 5166 5091 4955 4551 4187 3963 3849 3698 3638 3619 3637 3508 3407 3353 3361 3383 3408 3439 3455 3476 3509 3555 3742 4083 4517 4971 5061 4957 4822 4652 4580 4546 4499 4483 4495 4498 4501 4503 4499 4499 4499 4497
4427 4413 4418 4426 4434 4434 4426 4424 4435 4438 4445 4457 4471 4480 4489 4494 4489 4481 4474 4470 4468 4466 4468 4474 4476 4481 4498 4503 4502 4504 4508 4515 4518 4526 4545 4548 4527 4518 4521 4542 4807 5055 5021 4980 5039 4765 4406 4103 3918 3749 3657 3650 3649 3638 3562 3446 3471 3485 3509 3529 3540 3577 3606 3723 4037 4360 4722 5113 5106 4938 4748 4597 4603 4597 4572 4526 4514 4501 4492 4494 4498 4502 4503 4505
4437 4425 4422 4424 4431 4434 4430 4435 4448 4447 4451 4457 4458 4454 4459 4471 4476 4477 4475 4471 4470 4469 4468 4475 4494 4502 4510 4503 4496 4491 4484 4484 4493 4540 4626 4632 4583 4565 4581 4575 4746 4888 4880 4904 5116 5052 4718 4449 4149 3885 3773 3736 3783 3774 3612 3530 3514 3592 3656 3686 3690 3674 3836 4043 4399 4719 4991 5112 5035 4876 4712 4602 4634 4640 4613 4550 4522 4507 4497 4496 4501 4501 4508 4515
4449 4437 4427 4424 4424 4425 4429 4433 4430 4449 4459 4457 4454 4449 4452 4458 4465 4469 4470 4472 4472 4472 4471 4477 4498 4504 4504 4498 4489 4480 4473 4473 4476 4546 4690 4692 4632 4615 4610 4606 4625 4743 4784 4837 4993 5093 5005 4845 4481 4193 4017 3953 3908 3833 3744 3668 3659 3787 3874 3917 3938 3956 4176 4405 4767 5006 5170 5005 4902 4781 4677 4644 4634 4590 4581 4548 4529 4517 4502 4506 4516 4520 4523 4523
4448 4431 4427 4425 4428 4435 4438 4431 4456 4474 4469 4461 4452 4448 4448 4450 4458 4463 4467 4470 4472 4473 4474 4482 4484 4497 4500 4495 4488 4483 4481 4482 4498 4569 4748 4825 4772 4670 4670 4657 4655 4680 4702 4775 4874 4958 5091 5055 4979 4633 4425 4304 4200 4095 4094 4037 4051 4132 4199 4248 4292 4354 4581 4830 5028 5056 5027 4817 4750 4673 4599 4575 4598 4536 4561 4548 4545 4535 4532 4532 4540 4546 4541 4535
4443 4429 4424 4420 4436 4452 4465 4463 4480 4492 4478 4463 4448 4438 4440 4444 4454 4461 4465 4469 4473 4474 4475 4470 4477 4494 4490 4489 4486 4484 4486 4497 4528 4584 4711 4815 4807 4686 4672 4651 4664 4658 4634 4605 4708 4822 4797 4869 4873 4840 4888 4686 4639 4531 4543 4497 4508 4505 4510 4575 4689 4816 5012 5026 5008 4948 4832 4684 4641 4594 4532 4487 4532 4496 4533 4537 4539 4540 4540 4549 4561 4566 4557 4545
4434 4428 4424 4426 4453 4503 4508 4499 4499 4497 4483 4466 4449 4432 4437 4445 4456 4463 4470 4474 4478 4480 4482 4480 4477 4488 4485 4489 4492 4496 4503 4512 4527 4537 4601 4672 4714 4702 4633 4620 4607 4602 4587 4593 4626 4607 4606 4656 4654 4728 4797 4856 4929 5021 4965 5010 4985 4783 4748 4823 4994 5179 5046 4946 4886 4818 4714 4632 4604 4574 4536 4507 4493 4500 4512 4529 4523 4528 4537 4549 4571 4579 4565 4548
4431 4429 4428 4435 4469 4527 4534 4514 4499 4494 4485 4472 4460 4451 4446 4449 4462 4467 4472 4477 4481 4484 4482 4478 4476 4470 4479 4485 4492 4500 4505 4509 4509 4532 4534 4547 4565 4571 4551 4542 4564 4540 4552 4581 4660 4621 4612 4610 4613 4663 4784 4847 4940 4957 4973 5017 4836 4803 4802 4859 4965 4993 4753 4723 4752 4747 4716 4658 4616 4597 4563 4526 4497 4498 4418 4529 4521 4512 4513 4527 4568 4580 4565 4549
4434 4431 4430 4437 4463 4512 4519 4508 4505 4498 4493 4481 4465 4455 4453 4455 4459 4470 4475 4480 4483 4486 4487 4479 4465 4473 4478 4485 4493 4498 4503 4503 4503 4491 4523 4516 4505 4483 4496 4556 4570 4511 4511 4527 4590 4595 4595 4634 4654 4652 4690 4750 4803 4910 4879 4820 4740 4744 4757 4769 4773 4725 4646 4719 4711 4707 4686 4636 4627 4618 4607 4542 4533 4500 4521 4518 4515 4513 4514 4520 4551 4562 4553 4540
4430 4429 4426 4427 4433 4440 4451 4486 4520 4509 4511 4496 4473 4459 4458 4457 4456 4472 4475 4480 4486 4490 4490 4482 4471 4471 4473 4479 4487 4494 4498 4502 4501 4500 4510 4508 4508 4497 4500 4580 4544 4502 4500 4508 4533 4578 4579 4591 4622 4643 4646 4658 4651 4622 4665 4647 4661 4679 4676 4662 4615 4594 4609 4672 4664 4671 4672 4656 4627 4610 4600 4551 4536 4520 4518 4521 4512 4511 4518 4519 4533 4541 4539 4532
4421 4423 4421 4421 4419 4422 4432 4461 4476 4535 4519 4500 4493 4481 4468 4461 4465 4469 4475 4480 4483 4489 4497 4483 4474 4465 4468 4474 4480 4488 4497 4504 4508 4505 4505 4495 4495 4496 4506 4524 4496 4492 4499 4515 4532 4556 4569 4574 4583 4638 4619 4600 4577 4546 4569 4635 4676 4631 4605 4576 4535 4530 4563 4598 4599 4629 4669 4630 4608 4588 4556 4554 4531 4541 4538 4547 4533 4526 4534 4531 4525 4522 4522 4518
4416 4419 4420 4420 4424 4430 4443 4457 4461 4464 4478 4482 4490 4481 4466 4462 4463 4467 4470 4476 4480 4481 4477 4474 4457 4447 4456 4463 4473 4484 4495 4504 4506 4495 4496 4494 4492 4500 4515 4516 4491 4496 4500 4523 4560 4549 4571 4577 4565 4561 4578 4578 4574 4579 4577 4570 4566 4558 4551 4535 4519 4514 4526 4558 4578 4571 4553 4562 4581 4594 4586 4550 4513 4536 4547 4553 4565 4575 4566 4536 4511 4511 4513 4511
