real_craters/C134-300m.grd
DSAA
276 276
-41.2475 41.2475
-41.2475 41.2475
3128.4985227432 5246.3864780498
[rows 210 to 239 of 276, columns 201 to 267 of 276]
4520.89 4522.72 4520.66 4517.55 4516.14 4515.19 4515.64 4516.68 4518.9 4520.64 4522.67 4524.75 4526.63 4528.64 4530.48 4536.55 4540.62 4541.12 4538.79 4536.23 4534.55 4532.85 4531.3 4530.57 4529.26 4528.4 4527.52 4527.25 4527.29 4528.68 4530.87 4532.91 4533.93 4531.68 4532.9 4537.56 4545.65 4556.03 4558.49 4554.44 4538.17 4521.3 4507.34 4501.49 4494.89 4490.72 4490.17 4489.85 4492.02 4495.04 4498.27 4500.9 4501.82 4499.78 4499.77 4500.16 4496.48 4493.13 4491.35 4488.56 4485.87 4483.29 4481.16 4479.56 4479.32 4481.3 4485.22
4516.12 4519.16 4515.01 4511.3 4510.28 4510.81 4511.29 4512.39 4514.21 4516.26 4519.08 4521.15 4523.3 4524.69 4524.88 4526.39 4526.35 4530.29 4532.58 4532.31 4532.21 4531.57 4530.69 4530.19 4529.13 4528.41 4527.47 4527.58 4527.57 4529.13 4531.62 4534.55 4535.67 4533.72 4534.15 4539.15 4549.26 4563.75 4568.87 4564.76 4544.66 4526.82 4515.57 4507.68 4498.28 4492.43 4490.05 4492.82 4495.94 4499.13 4502.12 4504.53 4505.13 4503.2 4500.16 4495.23 4491.9 4491.12 4489.45 4488.58 4487.38 4485.16 4483.1 4481.48 4480.94 4483.11 4488.57
4501.84 4504.62 4503.98 4504.29 4504.15 4505.61 4507.53 4509.35 4511.66 4513.87 4516.28 4518.27 4520.76 4521.81 4524.61 4520.19 4518.18 4524.43 4526.89 4529.44 4530.33 4530.46 4530.06 4530.16 4529.23 4528.57 4527.4 4527.01 4526.35 4527.13 4528.65 4531.99 4531.88 4529.85 4530.03 4532.53 4538.05 4547.42 4556 4554.45 4540.19 4524.68 4510.56 4502.94 4498.99 4494.97 4493.8 4496.99 4500.7 4504.3 4506.99 4509.11 4510.14 4509.59 4501.95 4495.46 4489.31 4490.48 4492.21 4491.92 4489.44 4487.26 4485.49 4483.99 4483.15 4485.75 4495.49
4483.52 4483.6 4490.3 4494.77 4497.77 4500.72 4503.3 4505.98 4508.98 4512.32 4514.97 4517.63 4519.96 4521.72 4525.74 4522.77 4522.06 4526.12 4527.3 4529.23 4530.32 4530.74 4531.27 4531.14 4530.24 4529.14 4527.53 4526.03 4524.2 4523.18 4522.19 4522.95 4523.03 4522.28 4522.13 4522.07 4521.58 4525.25 4533.59 4535.94 4530.36 4519.66 4507.26 4501.48 4501.2 4500.24 4500.6 4503.04 4506.61 4509.45 4512.08 4513.78 4513.11 4510.45 4502.15 4495.4 4492.64 4492.52 4493.45 4493.08 4491.53 4489.91 4488.84 4488.29 4488.76 4493.26 4505.7
4473.44 4473.65 4481.39 4487.49 4492.84 4496.98 4501.01 4504.84 4508.71 4512.34 4515.95 4519.11 4522.33 4525.22 4530.08 4531.38 4532.2 4532.48 4531.19 4532.37 4533.34 4533.89 4534.16 4533.8 4532.79 4531.19 4529.02 4526.21 4522.23 4519.04 4514.94 4509.53 4512.47 4514.3 4514.38 4513.39 4511.65 4514.36 4520.1 4524 4522.89 4517.14 4510.2 4507.54 4505.49 4506.46 4507.73 4509.63 4512.56 4515.81 4518.34 4519.42 4517.19 4510.99 4503.45 4496.24 4496.02 4496.46 4495.92 4494.74 4494.11 4493.38 4493 4494.01 4498.8 4512.73 4520.77
4470.92 4474.7 4479.22 4482.91 4488.47 4493.16 4497.97 4502.93 4507.92 4512.41 4516.54 4520.25 4524.38 4528.08 4533.71 4538.46 4539.76 4538.4 4535.61 4536.09 4536.86 4537.52 4537.21 4536.74 4535.73 4533.84 4531.24 4527.55 4522.08 4517.54 4512.22 4507.68 4507.94 4509.47 4509.45 4508.57 4508.31 4512.16 4518.41 4520.84 4520.43 4517.44 4513.28 4508.58 4508.67 4510.45 4512.89 4515.85 4519.36 4522.97 4525.98 4527.86 4527.97 4522.49 4512.44 4506.26 4504.81 4503.21 4501.23 4499.3 4498.47 4497.95 4497.84 4499.51 4505.33 4521.22 4529.7
4469.32 4474.82 4476.56 4479.42 4484.75 4490.9 4496.08 4501.92 4507.72 4512.71 4517.13 4521.48 4525.24 4529.38 4535.16 4540.79 4542.41 4542.16 4538.8 4539.31 4540.16 4540.97 4540.61 4540.26 4539.44 4537.43 4534.89 4530.84 4525.36 4519.25 4513.57 4509.77 4508.44 4508.59 4508.01 4506.89 4506.99 4512.02 4518.63 4521.26 4521.44 4520.02 4517.84 4516.19 4514.19 4513.49 4517.6 4522.01 4526.71 4530.86 4534.49 4537.28 4538.52 4534.53 4525.86 4519.98 4515.92 4512.04 4508.76 4505.39 4504.64 4503.48 4502.7 4503.9 4509.61 4529.34 4532.79
4464.86 4466.26 4469.1 4474.89 4481.36 4488.25 4495.11 4501.82 4507.68 4513.24 4518.08 4522.17 4526 4529.7 4534.25 4538.34 4541.16 4543.69 4541 4542.23 4543.49 4544.55 4544.87 4544.57 4544.06 4542.29 4540.11 4536.51 4530.73 4523.67 4516.96 4513.07 4511.94 4511.47 4510.37 4508.57 4507.54 4513.33 4520.23 4523.34 4524.8 4524.65 4523.17 4520.77 4520.17 4520.07 4524.72 4529.6 4534.32 4538.9 4542.93 4546.37 4548.3 4547.75 4542.35 4532.85 4525.7 4521.04 4517.9 4515.36 4512.92 4509.53 4507.08 4506.94 4512.25 4528.86 4531.05
4461.25 4459.99 4462.4 4469.85 4477.42 4485 4493.11 4500.3 4507.13 4513.26 4518.96 4523.47 4527.08 4530.13 4532.74 4535.52 4539.59 4544.43 4543.08 4545.22 4546.96 4548.26 4549.16 4549.11 4549.01 4548.53 4547.12 4544.16 4539.29 4531.85 4522.46 4518.52 4519.33 4518.46 4516.59 4514.36 4513.58 4517.37 4522.65 4527.86 4530.53 4531.37 4530.82 4529.31 4529.53 4531.02 4533.94 4537.78 4542.05 4546.39 4550.55 4554.18 4558.28 4560.69 4563.59 4544.05 4533.92 4528.67 4525.84 4525.88 4520.65 4514.85 4510.8 4508.36 4509.42 4518.61 4524.86
4460.68 4459.29 4461.22 4468.29 4476.25 4484.07 4492.43 4500.37 4507.68 4515.04 4521.06 4526.41 4529.95 4532.15 4532.76 4534.02 4540.23 4546.66 4551.01 4548.97 4550.99 4552.48 4553.52 4554.47 4554.89 4554.77 4554.58 4553.88 4551.45 4546.44 4536.94 4533.15 4532.17 4529.3 4526.18 4523.51 4523.18 4526.54 4530.94 4535.91 4538.79 4540.22 4540.92 4541.28 4541.7 4541.59 4543.28 4545.52 4548.93 4553.1 4557.32 4560.59 4561.59 4565.68 4564.29 4551.09 4539.99 4533.62 4529.83 4527.29 4523.13 4518.12 4513.81 4510.26 4508.96 4514.92 4520.81
4462.45 4461.86 4463.33 4468.24 4475.72 4483.73 4492.28 4500.86 4509.29 4517.74 4524.54 4530.62 4534.67 4536.25 4537.24 4539.2 4545.13 4551.56 4556.34 4553.96 4555.92 4557.53 4558.58 4559.15 4560 4561.46 4562.64 4564.21 4565.69 4567.05 4566.13 4557.34 4548.88 4542.24 4537.65 4534.96 4535.56 4540.21 4544.22 4547.13 4548.75 4549.72 4550.96 4553.66 4554.34 4552.81 4550.87 4551.61 4554.05 4557.84 4562.52 4567.85 4570.29 4568.98 4561.4 4550.87 4542.16 4535.21 4530.54 4527.15 4523.74 4519.91 4516.78 4514.49 4514.21 4518.34 4520.53
4465.13 4463.18 4462.94 4468.4 4476.01 4484.64 4493.84 4503.25 4512.65 4521.67 4529.92 4537.24 4542.24 4545.15 4545.66 4547.81 4553.78 4559.48 4563.29 4560.29 4561.66 4562.44 4563.12 4564.3 4565.3 4567.46 4569.7 4572.95 4577.98 4584.64 4589.94 4576.38 4563.21 4553.84 4548.69 4547.53 4550.73 4556.25 4559.15 4559.65 4559.09 4558.4 4558.22 4558.94 4557.82 4555.8 4554.61 4554.77 4556.4 4559.56 4564.27 4570.6 4574.25 4571.28 4566.33 4551.75 4540.96 4533.53 4528.44 4525.43 4523.01 4519.96 4519.38 4520.96 4523.66 4523.58 4521.94
4468.71 4465.6 4463.91 4469.66 4477.36 4486 4495.53 4505.93 4516.46 4527.06 4536.97 4545.66 4552.62 4557.65 4559.7 4561.91 4566.49 4570.02 4571.22 4567.34 4567.49 4568.11 4568.18 4569.13 4569.89 4571.87 4574.37 4578.16 4583.99 4591.13 4594.33 4583.12 4570.66 4561.1 4556.19 4557.18 4564.41 4573.99 4574.12 4571.28 4568.24 4565.42 4562.76 4559.42 4556.32 4555.51 4555.16 4554.84 4555.79 4557.82 4560.92 4564.61 4565.37 4561.85 4554.11 4543.9 4535.71 4528.97 4523.63 4519.67 4517.1 4517.22 4519.57 4525.17 4531.95 4525.64 4522.07
4472.25 4469.89 4470.54 4473.22 4478.66 4486.81 4496.68 4507.91 4519.81 4532.15 4544.2 4555.52 4565.05 4572.93 4577.72 4580.57 4581.67 4582.5 4581.9 4580.92 4573.7 4572.6 4572.62 4572.26 4572.78 4574.12 4576.2 4579.18 4583.75 4588.57 4588.7 4580.8 4571.2 4563.13 4558.57 4559.27 4571.01 4584.34 4583.95 4579.38 4574.73 4570.51 4566.25 4561.72 4557.88 4556.08 4554.36 4552.9 4552.47 4552.98 4554.11 4555.43 4554.24 4549.75 4541.61 4533.74 4527.77 4522.16 4517.3 4513.15 4510.35 4512.55 4515.81 4519.58 4520.51 4520.16 4518.2
4474.5 4471.97 4472.56 4473.45 4478.32 4486.62 4497.38 4509.44 4522.64 4537.04 4551.56 4565.96 4578.75 4588.94 4594.19 4597.22 4597.2 4594.99 4592.03 4588.83 4579.96 4577.44 4576.15 4574.91 4574.92 4574.89 4575.17 4576.48 4578.47 4580.73 4579.8 4573.78 4567.02 4561.03 4557.93 4558.75 4573.66 4588.45 4587.04 4582.55 4578 4573.91 4569.46 4564.18 4558.83 4556.81 4552.99 4550.21 4547.88 4546.41 4545.48 4544.6 4542.49 4538.46 4531.64 4524.72 4519.27 4514.56 4510.59 4507.46 4506.22 4507.98 4510.8 4512.95 4513.84 4514.68 4514.5
4474.94 4470.76 4467.82 4469.65 4476.35 4485.2 4496.86 4509.82 4524.26 4540.19 4557.3 4575.43 4592.73 4607.26 4612.79 4615.23 4612.33 4607.23 4601.25 4595.32 4584.45 4581.02 4578.58 4576.48 4574.96 4573.8 4571.88 4571.09 4569.79 4568.66 4567.34 4564.45 4560.2 4556.28 4555.06 4560.37 4572.58 4584.93 4583.8 4580.96 4578.43 4575.72 4572.6 4567.91 4560.82 4555.08 4550.13 4546.2 4542.51 4539.05 4535.66 4533.07 4530.93 4528.19 4520.73 4515.17 4510.58 4506.81 4503.92 4502.14 4501.79 4504.32 4506.65 4507.71 4508.24 4510.22 4511.04
4475.32 4469.52 4465.76 4466.72 4473.85 4483.39 4495.12 4508.72 4524.18 4541.06 4560.31 4581.73 4604.99 4628.18 4642.04 4637.27 4626.34 4616.35 4607.37 4599.75 4593.87 4583.26 4579.4 4576.61 4573.38 4571.29 4570.35 4566.95 4562.21 4557.27 4556.37 4555.52 4553.24 4549.79 4547.69 4550.22 4560.04 4569.86 4574.08 4575.41 4575.67 4575.72 4575.18 4573.56 4560.06 4551.37 4546.61 4541.62 4536.77 4531.53 4525.93 4520.59 4519.05 4517.99 4511.53 4506.28 4502.47 4499.43 4497.27 4496.55 4498.75 4501.23 4504.55 4504.7 4505 4507.67 4508.96
4474.38 4467.68 4463.17 4463.11 4469.53 4480.15 4492.42 4506.19 4521.57 4538.87 4558.69 4581.67 4609.13 4641.11 4664.16 4650.81 4632.6 4618.74 4608.22 4599.29 4593.13 4582.81 4577.64 4574.54 4574.34 4571.56 4567.61 4563.77 4557.5 4550.16 4550.3 4549.58 4548.18 4544.03 4540.15 4539.52 4545.56 4554.29 4563.27 4568.62 4571.69 4573.75 4575.07 4575.86 4564.33 4551.4 4543.9 4537.5 4531.7 4525.48 4518.75 4512.05 4508.5 4503.99 4500.21 4497.43 4494.91 4492.67 4490.79 4490.1 4490.72 4497.07 4505.9 4505.91 4506.27 4507.36 4507.66
4474.1 4466.39 4459.69 4457.46 4465.55 4476.79 4488.82 4501.99 4516.5 4532.58 4550.87 4571.95 4598.15 4631.18 4657.16 4641.04 4624.66 4611.48 4603.23 4594.66 4588.71 4584.14 4578.58 4575.77 4572.41 4569.71 4565.81 4562.84 4559.5 4554.91 4551.23 4548.45 4546.4 4541.49 4535.78 4534.14 4538.4 4546.33 4555.49 4562.24 4566.54 4569.1 4570.27 4569.2 4559.62 4549.17 4540.3 4533.09 4526.72 4520.82 4514.74 4508.11 4502 4495.44 4490.02 4490.13 4488.6 4486.77 4485.07 4484.18 4485.71 4494.41 4510.22 4518.32 4510.59 4508.1 4507.64
4473.98 4466.26 4459.65 4457 4464.66 4474.38 4485.19 4496.9 4509.54 4523.16 4537.81 4553.44 4570.14 4587.5 4604.77 4605.97 4602.77 4598.77 4594.4 4589.17 4585.24 4582.3 4574.96 4572.78 4569.15 4567.16 4564.22 4562.9 4562.92 4561.72 4554.52 4549.3 4547.62 4543.43 4537.55 4534.84 4537.16 4544.03 4551.73 4557.6 4561.42 4563.38 4563.26 4559.61 4550.33 4542.23 4534.77 4527.64 4521.34 4516.08 4512 4505.95 4498.19 4493.64 4490.11 4486.48 4484.19 4482.24 4480.5 4479.36 4479.7 4488.32 4508.82 4508.28 4509.65 4507.81 4507.29
4474.72 4467.98 4462.98 4461.48 4465.32 4473.08 4481.66 4491.34 4501.83 4512.54 4522.93 4531.99 4537.97 4536.46 4543.85 4565.19 4576.36 4580.21 4581.12 4579.42 4578.14 4576.42 4572.93 4568.53 4566.25 4564.82 4562.97 4561.62 4560.47 4559.12 4555.52 4550.94 4550.08 4549.08 4551.84 4547.98 4543.08 4546.92 4551.75 4555.35 4557.44 4558.08 4556.93 4553.16 4543.31 4535.21 4528.3 4521.55 4515.28 4509.69 4505.05 4499.08 4491.8 4489.18 4487.05 4483.32 4480.69 4478.86 4477.39 4476.63 4477.65 4484.85 4502.6 4512.54 4509.27 4507.05 4505.75
4475.62 4470.04 4466.15 4464.49 4467.21 4472.17 4478.27 4485.84 4493.97 4502.09 4509.28 4514.49 4516.22 4513.22 4520.42 4539.64 4554.39 4561.83 4567.39 4568.73 4569.05 4569.55 4568.09 4564.3 4563.82 4563.13 4562.04 4560.41 4557.75 4557.01 4556.39 4555.31 4551.98 4548.94 4553.52 4554.67 4556.01 4553.85 4554.07 4554.48 4554.32 4553.31 4551.04 4546.57 4536.56 4527.58 4521.44 4515.39 4509.34 4502.89 4495.39 4488.76 4483.13 4482.18 4481.16 4479.07 4477.51 4476.53 4475.76 4475.35 4477.1 4483.47 4492.23 4501.63 4504.75 4504.57 4504.15
4476.63 4471.07 4468.29 4469.03 4469.31 4470.62 4474.47 4480.16 4486.52 4493.01 4498.47 4502.67 4505.5 4508.44 4515.34 4527.09 4540.5 4548.86 4554.97 4558.53 4561.06 4562.83 4563.67 4564.13 4560.99 4561.54 4561.8 4561.29 4559.88 4560.04 4559.78 4559.53 4555.85 4547.7 4534.46 4548.13 4556.08 4559.11 4556.88 4554.27 4551.78 4548.94 4545.65 4540.06 4530.51 4520.99 4515.5 4510.22 4504.52 4498.24 4491.24 4483.65 4474.81 4470.06 4473.27 4475.64 4475.82 4475.52 4474.98 4475 4475.75 4477.67 4486.89 4495.42 4500.21 4501.91 4502.52
4476.07 4471.23 4467.34 4466.83 4465.96 4466.65 4469.91 4474.75 4480.05 4485.45 4490.22 4494.64 4499.1 4505.61 4511.8 4519.97 4530.26 4538.1 4545.05 4549.95 4554.05 4557.48 4558.75 4560.31 4558.53 4560 4561.5 4562.7 4565.84 4565.54 4566.57 4566.89 4565.83 4562.02 4557.44 4567.69 4573.33 4565.85 4559.29 4553.95 4549.35 4544.93 4540.78 4535.86 4526.67 4517.73 4511.34 4506.82 4501.74 4495.91 4489.95 4483.67 4477.68 4472.55 4473.6 4475.43 4476.17 4476.24 4476.46 4476.4 4476.94 4479.39 4485.73 4492.2 4497.29 4499.82 4501.38
4474.7 4469.66 4464.42 4459.49 4458.32 4461.26 4465.12 4469.76 4474.68 4479.72 4484.18 4488.43 4492.8 4498.74 4505.91 4513.92 4523.11 4530.07 4537.17 4543.38 4547.27 4551.98 4554.47 4556.98 4558.78 4558.88 4560.38 4562.85 4565.54 4569.32 4573.14 4575.78 4579.13 4583.03 4584.9 4585.26 4582.82 4568.1 4559.3 4552.8 4546.87 4540.97 4535.34 4530.01 4524.13 4517.04 4510.04 4506.37 4501.08 4495.35 4490.16 4486.43 4483.93 4481.19 4478.93 4478.48 4478.61 4478.46 4478.35 4478.47 4479.26 4481.6 4485.64 4491.2 4496.27 4497.4 4499.29
4473 4467.49 4461.61 4456.06 4454.6 4457.25 4461.45 4465.83 4470.67 4475.49 4479.87 4483.97 4487.71 4491.89 4500.4 4508.45 4517.13 4525.52 4532.79 4539.26 4543.87 4547.23 4550.34 4553.43 4556.39 4557.57 4560.55 4563.48 4566.57 4572.83 4578.92 4583.6 4589.6 4596.16 4592.81 4568.12 4561.52 4561.18 4556.8 4550.87 4544.43 4537.52 4530.47 4525.96 4523.41 4519.8 4515.97 4508.85 4502.4 4496.39 4491.63 4489.54 4488.17 4485.83 4484.67 4483.48 4482.81 4482.17 4481.93 4481.97 4482.53 4484.11 4487.81 4492.25 4496.71 4500.02 4501.65
4472.89 4466.48 4460.3 4454.95 4452.94 4454.86 4459.01 4463.58 4468.45 4472.75 4477.3 4481.51 4485.59 4490.58 4498.29 4505.8 4514.29 4521.38 4528.44 4534.49 4539.89 4544.39 4548.47 4552.01 4554.39 4556.66 4561.61 4566.61 4572.24 4577.82 4584.19 4589.32 4595.24 4599.05 4590.09 4562.44 4555.07 4558.44 4555.75 4550.34 4543.38 4536.25 4528.06 4524.88 4525.49 4524.66 4519.16 4511.65 4504.9 4498.93 4494.57 4492.83 4492.91 4492.69 4490.18 4488.27 4486.92 4486.09 4485.61 4485.6 4486.14 4487.01 4490.44 4494.33 4497.75 4499.8 4500.28
4473.51 4466.41 4459.9 4454.28 4451.13 4453.81 4458.19 4462.96 4467.92 4472.88 4477.44 4481.17 4485.82 4490.88 4498.47 4505.58 4512.78 4519.07 4525.34 4531.21 4536.74 4541.27 4546.07 4548.72 4553.18 4555.62 4561.46 4567.29 4574.14 4581.67 4587.31 4593.73 4598.65 4600.52 4594.84 4583.05 4571.32 4565.34 4559.22 4552.07 4544.35 4537.67 4532.64 4529.69 4529.47 4529.35 4521.61 4514.3 4508.06 4502.26 4497.82 4495.5 4496.61 4497.45 4494.98 4492.59 4490.88 4489.82 4489.25 4489.36 4490.07 4492.54 4495.54 4497.46 4499.2 4500.43 4500.93
4473.95 4466.71 4460.36 4455.81 4453.54 4455.45 4459.13 4463.63 4468.45 4473.63 4479.03 4483.68 4489.64 4494.91 4500.99 4505.71 4511.49 4517.31 4522.95 4528.38 4532.75 4537.15 4540.9 4546.01 4550.54 4555.4 4562.12 4567.62 4575.73 4584.94 4591.24 4597.81 4602.55 4604.79 4604.59 4600.22 4588.33 4576.12 4565.44 4555.41 4545.96 4538.97 4536.42 4533.33 4532.96 4532.91 4525.28 4518.49 4512.08 4505.87 4500.96 4497.57 4499.45 4500.54 4498.07 4495.95 4494.39 4493.58 4492.95 4492.75 4493.54 4496.11 4500.27 4501.31 4502.03 4501.9 4501.74
4473.14 4466.15 4461.26 4458.33 4457.93 4459.1 4461.41 4465.43 4470.07 4475.47 4481.3 4487.24 4494.26 4500.21 4503.23 4507.14 4511.67 4516.7 4521.66 4526.64 4529.84 4534.62 4538.39 4543.48 4548.73 4554.62 4563.87 4572.86 4580.54 4588.47 4595.17 4602.28 4607.76 4611.42 4614.74 4613.83 4600.63 4586.28 4572.48 4559.79 4547.99 4537.98 4530.76 4532.77 4535.66 4536.82 4533.18 4525.77 4517.16 4508.57 4503.65 4501.36 4501.8 4501.35 4499.8 4498.52 4497.47 4497.08 4496.46 4496.02 4495.85 4496.54 4503.62 4504.84 4504.31 4503.71 4503.2
