real_craters/C134-500m.grd
DSAA
166 166
-41.2475 41.2475
-41.2475 41.2475
3128.9323224141 5239.8704640915
[rows 120 to 149 of 166, columns 67 to 133 of 166]
4488.12 4491.09 4485.71 4483.54 4488.98 4495.16 4500.84 4494.79 4495.52 4500.73 4506.36 4509.97 4514.43 4520.82 4528.66 4522.39 4529.84 4543.18 4535.83 4520.93 4516.22 4508.21 4497.99 4497.33 4503.04 4510.82 4518.93 4516.32 4515.34 4516.24 4508.78 4497.14 4493.69 4495.33 4496.77 4499.28 4501.21 4488.34 4493.37 4478.54 4479.37 4474.03 4475.11 4478.1 4482.5 4486.77 4488.59 4489.69 4493.9 4504.7 4509.61 4512.88 4514.31 4500.7 4500.49 4504.03 4507.74 4511.21 4513.83 4516.87 4520.23 4523.03 4525.94 4529.7 4532.49 4528.86 4519.41
4503.45 4506.18 4492.24 4484.95 4486.37 4489.62 4491.9 4491.97 4494.54 4499.76 4503.2 4507.47 4511.04 4513.53 4512.33 4509.61 4525.41 4539.84 4522.98 4512.65 4510.29 4506.35 4503.74 4500.44 4502.92 4509.98 4517.44 4519.29 4521.14 4512.97 4497.27 4485.04 4488.99 4493.44 4497.89 4499.08 4495.09 4483.56 4483.58 4478.16 4474.49 4473.45 4471.03 4468.76 4472.33 4477.82 4483.91 4485.15 4490.55 4500.62 4505.65 4507.51 4510.3 4509.2 4509.11 4509.95 4512.26 4514.9 4517.8 4521.02 4524.14 4526.91 4529.72 4531.68 4532.45 4531 4525.62
4509.91 4516.92 4507.56 4493.79 4488.07 4487.49 4491.6 4497.78 4501.39 4500.02 4501.6 4503.47 4504.4 4504.43 4498.65 4503.4 4516.72 4532.77 4528.85 4513.14 4511.84 4507.32 4499.88 4499.9 4499.29 4501.84 4507.14 4512.7 4514.45 4510.21 4495.9 4485.22 4488.85 4492.27 4495.11 4493.79 4488.64 4480.56 4481.38 4480.11 4476.67 4474.56 4471.62 4467.28 4468.97 4473.62 4476.89 4487.29 4494.45 4499.63 4502.37 4501.29 4502.5 4512.22 4514.92 4515.18 4515.57 4517.01 4519.2 4522.64 4526.39 4530.42 4533.59 4535.46 4534.17 4534.29 4530.66
4519.34 4546.89 4529.83 4504.76 4496.75 4491.4 4496.22 4497.48 4493.39 4496.09 4496.55 4497.01 4498.33 4499.78 4504.28 4502.78 4506.04 4506.32 4510.31 4517.12 4514.78 4509.11 4508.65 4499.39 4495.01 4491.26 4495.1 4505.5 4513.43 4504.22 4496.69 4495.91 4493.81 4494.46 4491.62 4485.88 4489.43 4490.48 4485.23 4478.52 4483.35 4478.64 4476.5 4475.01 4475.33 4475.81 4476.23 4492.45 4501.02 4503.15 4505.81 4507.94 4511.12 4515.68 4519.01 4519.14 4519.02 4519.69 4521.03 4523.91 4527.95 4532.87 4537.53 4542.3 4543.29 4538.74 4535.05
4545.21 4607.96 4582.43 4529.43 4520.74 4512.58 4514.37 4507.58 4504.32 4497.1 4493.67 4491.03 4491.27 4492.11 4491.9 4499.56 4499.9 4499.36 4509.17 4509.5 4509.73 4502.98 4493.7 4494.73 4491.87 4489.89 4493 4499.65 4503.1 4501.06 4494.89 4494.8 4498.6 4501.87 4504.83 4512.58 4501.37 4493.96 4493.12 4484.85 4481.28 4482.21 4483.5 4485.39 4486.26 4484.25 4486.08 4489.89 4499.03 4504.84 4507.5 4509.21 4514.66 4519.84 4522.77 4522.34 4521.73 4521.16 4522.47 4524.51 4528.37 4533.27 4539.68 4546.25 4545.72 4540.57 4535.14
4542.84 4594.99 4651.84 4586.62 4554.98 4563 4535.36 4515.47 4503.68 4495.97 4492.27 4490.76 4489.56 4488.13 4491.51 4499.06 4494.38 4492.73 4497.64 4502.8 4506.44 4498.31 4494.14 4491.81 4491.7 4490.74 4493.07 4496.86 4500.02 4497.97 4495.84 4497.33 4505.23 4509.97 4512.42 4510.13 4513.64 4501.94 4494.78 4484.25 4482.82 4487.2 4489.98 4492.79 4491.27 4492.4 4489.22 4488.55 4499.38 4508.19 4515.42 4519.93 4519.58 4521.21 4523.79 4523.08 4520.67 4520.33 4521.56 4523.17 4526.24 4531.48 4538.84 4550.18 4548.92 4540.01 4534.15
4520.54 4580.11 4638.54 4571.8 4543.95 4545.95 4527.47 4509.3 4495.92 4490.5 4488.99 4488.21 4487.84 4488.29 4494.5 4502.58 4494.09 4484.09 4485.92 4493.22 4490.18 4488.17 4487.6 4490.39 4493.34 4497.09 4496.3 4495.71 4493.12 4490.83 4497.03 4510.23 4517.17 4519.03 4519.39 4516.88 4505.1 4503.17 4490.99 4479.23 4487.89 4490.31 4492.34 4499.23 4507.43 4500.18 4493.35 4495.35 4503.56 4512.02 4516.55 4518.26 4513.79 4516.51 4522.68 4519.72 4516.14 4515.41 4517.89 4520.64 4524.04 4526.91 4530.48 4539.28 4540.52 4536.23 4533.49
4498.2 4514.06 4549.13 4516.37 4502.68 4499.12 4504.63 4499.65 4490.14 4487.98 4487.02 4486.37 4487.43 4494.73 4495.48 4491.21 4489.91 4482 4472.73 4477.25 4481.19 4484.97 4487.75 4490.02 4492.66 4498.46 4496.42 4496.98 4497.5 4497.43 4500.44 4518.23 4525.39 4525.41 4526.49 4526.51 4513.87 4504.34 4493.78 4510.98 4500.4 4493.35 4491.89 4494.68 4498.93 4505.37 4510.55 4506.58 4504.06 4509.81 4514.27 4487.44 4491.86 4500.59 4513.92 4507.87 4506.53 4508.38 4511.15 4514.83 4518.11 4521.75 4525.31 4519.78 4527.74 4530.07 4531.11
4478.53 4467.07 4478.23 4494.22 4492.65 4491.35 4495.34 4495.91 4495.13 4491.89 4488.2 4485.68 4482.98 4480.2 4484.2 4495.58 4493.24 4489.66 4485.51 4486.29 4479.53 4486.91 4490.57 4490.88 4489.06 4485.63 4494.38 4498.45 4501.4 4500.21 4499.64 4513.85 4522.85 4527.61 4528.88 4530.67 4529.43 4520.14 4498.13 4516.23 4499.04 4487.31 4483.69 4484.98 4489.85 4504.29 4530.88 4520.62 4500.99 4500.56 4497.47 4465.71 4472.76 4478.92 4478.01 4488.79 4495.54 4500.78 4506.03 4511.73 4516.5 4520.8 4526.71 4525.3 4529.37 4529.5 4531.22
4470.4 4460.53 4472.6 4492.22 4497.41 4496.43 4497.25 4497.52 4496.42 4494.11 4491.42 4487.71 4482.16 4473.49 4475.39 4479.7 4501.74 4491.32 4481.6 4480.03 4478.33 4491.06 4494.56 4493.5 4494.53 4497.3 4495.85 4499.52 4504.65 4511.91 4508.49 4521.98 4528.61 4525.32 4524.29 4530.27 4544.81 4561.33 4557.07 4488.61 4478.77 4474.3 4473.22 4473.67 4476.67 4486.27 4495.96 4508.09 4493.18 4490.12 4489.45 4470.99 4466.88 4468.66 4473.14 4480.43 4488.47 4496.28 4504.53 4512.41 4519.04 4525.56 4533.71 4540.13 4539.31 4536.09 4537.34
4476.38 4475.14 4504.34 4508.7 4506.38 4504.54 4504.3 4503.27 4500.26 4496.79 4494.13 4489.75 4484.94 4481.8 4478.33 4481.23 4490.32 4487.07 4481.66 4479.17 4481.42 4498.22 4496.45 4492.76 4490.17 4492.15 4495.42 4499.84 4505.1 4513.1 4513.1 4519.5 4523.37 4519.68 4513 4519.96 4545.58 4557.15 4536.1 4470.14 4458.83 4459.16 4460.95 4463.83 4463.71 4468.4 4473.12 4478.17 4483.12 4480.96 4473.23 4468.41 4464.52 4464.65 4468.12 4473.03 4482.81 4493.43 4504 4513.06 4520.46 4527.06 4534.72 4541.49 4544.21 4541.17 4542.3
4490.42 4502.61 4527.8 4528.81 4523.58 4516.04 4513.89 4510.3 4507.28 4503.84 4499.5 4494.07 4489.56 4485.07 4484.21 4482.37 4479.73 4486.59 4485.42 4485.01 4495.37 4492.84 4495.13 4491.95 4484.69 4485.73 4493.71 4498.58 4501.54 4501.24 4506.01 4517.08 4528.78 4511.85 4494.55 4492.79 4527.95 4529.77 4493.31 4441.72 4444.77 4450.53 4456.23 4461.14 4464.32 4466.96 4469.74 4478.46 4481.76 4478.69 4474.95 4468.6 4465.43 4462.19 4459.59 4463.81 4476.86 4490.5 4502.88 4513.89 4523.07 4528.88 4532.54 4537.77 4546.75 4546.35 4549.23
4503.13 4516.53 4526.03 4535.42 4536.42 4529.93 4520.98 4516.11 4514.48 4513.5 4505.25 4497.65 4493.39 4491.99 4491.8 4496.55 4504.06 4494.89 4486.53 4483.26 4499.42 4499.2 4496.72 4495.07 4494.75 4494.46 4496.54 4499.22 4500.62 4501.66 4506.64 4516.09 4519.14 4500.1 4472.38 4449.97 4453 4467.23 4449.31 4437.46 4439.73 4447.97 4457.66 4464.29 4469.48 4473.14 4475.57 4483.83 4481.16 4472.38 4469.85 4465.02 4466.09 4464.15 4461.83 4464.38 4475.72 4489.4 4503.71 4517.74 4528.92 4535.55 4537.24 4542.78 4553.31 4553.96 4557.11
4513.16 4524.71 4536.38 4541.1 4544.42 4532.43 4523.26 4518.29 4516.08 4516.29 4506.11 4497.74 4491.99 4490.75 4493.76 4498.4 4497.25 4494.53 4492.36 4481.24 4495.07 4498.54 4498.69 4500.02 4501.39 4501.3 4501.66 4501.6 4502.28 4501.72 4505.01 4513.78 4514.37 4490.68 4461.07 4438.61 4441.46 4444.05 4441.45 4443.03 4445.09 4449.39 4456.26 4464.97 4475.14 4483.39 4483.8 4491.23 4482.32 4463.95 4462.58 4470.96 4476.02 4470.35 4465.24 4464.1 4476.91 4491.92 4508.36 4525.22 4540.05 4550.37 4554.11 4560.03 4567.01 4570.18 4566.06
4515.53 4526.98 4525.21 4534.59 4540.64 4527.78 4520.54 4515.45 4511.06 4504.9 4501.02 4495.97 4489.67 4488.08 4492.95 4495.59 4501.85 4497.18 4491.8 4488.39 4493.76 4496.01 4499.26 4503.55 4506.64 4506.42 4504.78 4504.8 4504.75 4502.38 4504.2 4520.88 4507.87 4483.64 4460.25 4448.63 4453.28 4451.13 4452.88 4452.39 4451.63 4453.63 4459.36 4467.31 4476.09 4478.76 4482.49 4496.32 4485.1 4454.19 4455.4 4487.88 4488.56 4477.99 4471.55 4473.96 4478.93 4493.17 4512.62 4533.93 4555.13 4572.57 4583.57 4586.74 4586.18 4577.69 4574.52
4503.83 4518.12 4517.14 4523.9 4526.28 4515.97 4513.14 4509.73 4505.52 4502.12 4498.15 4495.43 4495.12 4494.56 4495.56 4496.54 4489.88 4487.23 4487.74 4484.8 4494.06 4490.96 4500.63 4506.66 4510.98 4509.19 4507.09 4506.01 4506.31 4502.73 4501.38 4522.76 4508.58 4486.23 4464.84 4451.03 4465.26 4461.08 4463.9 4457.86 4456.78 4456.22 4461.82 4468.8 4475.72 4480.95 4485.1 4490.65 4479.19 4453.78 4460.91 4497.23 4494.89 4481.16 4471.99 4467.51 4476.35 4492.96 4514.47 4540.19 4569.22 4598 4612.79 4614.06 4605.22 4595.32 4581.9
4481.18 4497.95 4509.88 4514.59 4506.45 4506.86 4507.24 4504.6 4500.82 4496.01 4493.79 4493.28 4493.4 4496.09 4498.5 4501.47 4505.05 4501.14 4489.22 4481.83 4493.58 4497.07 4504.78 4509.83 4511.73 4510.07 4507.04 4505.18 4505.95 4504.51 4507.38 4539.59 4543.84 4517.8 4486.49 4463.46 4472.53 4472.78 4453.76 4451.08 4452.58 4456.79 4463.66 4470.93 4477.37 4481.33 4482.42 4481.82 4473.91 4456.97 4464.54 4486.24 4492.42 4481.24 4470.23 4463.62 4470.78 4489.26 4512.39 4540.36 4574.75 4619.32 4661.18 4636.79 4615.3 4600.12 4590.59
4452.93 4473.61 4494.54 4504.95 4505.82 4506.95 4504.47 4501.04 4497.42 4493.55 4492.01 4493.84 4491.38 4496.77 4502.84 4507.24 4509.15 4504.77 4497.47 4492.13 4496.91 4505.8 4508.98 4512.92 4514.57 4510.13 4505.8 4503.04 4501.81 4503.67 4519.9 4594.66 4615.05 4580.91 4512.17 4477.07 4482.93 4474.87 4444.38 4441.84 4445.8 4453.18 4462.15 4473.45 4480.2 4483.28 4480.98 4473.48 4463.96 4460.68 4468.89 4485.83 4489.85 4481.43 4468.84 4456.73 4464.68 4483.6 4504.93 4529.78 4559.73 4599.64 4648.5 4622.22 4604.47 4592.26 4579.48
4438.1 4458.42 4483.94 4501.05 4506.68 4507.65 4500.41 4496.57 4494.63 4494.52 4496.56 4500.19 4506.7 4505.41 4508.6 4513.02 4516.59 4517.08 4511.46 4508.28 4503.01 4505.97 4510.58 4512.92 4512.28 4508.76 4504.37 4500.64 4499.78 4507.34 4526.78 4588.4 4603.34 4563.48 4521.31 4491.75 4481.33 4455.48 4430.48 4435.86 4443.25 4451.49 4460.46 4472.1 4480.72 4489.43 4482.1 4468.66 4453.59 4456.76 4467.57 4486.36 4491.42 4482.01 4470.11 4461.94 4465.32 4478.67 4494.71 4512.54 4529.22 4538.41 4543.85 4573.65 4580.68 4579.42 4576.85
4431.46 4451.91 4478.35 4497.93 4499.77 4499.39 4493.22 4491.03 4492.37 4497.28 4503.41 4504.06 4505.41 4508.82 4512.9 4517.75 4521.28 4526.27 4524.92 4523.2 4531.78 4513.88 4510.87 4510.88 4509.47 4505.97 4502.36 4499.02 4498.73 4512.12 4531.14 4529.89 4508.51 4504.23 4493.19 4500.51 4494.72 4449.65 4428.43 4431.53 4438.86 4446.34 4456.14 4468.78 4477.47 4484.97 4484 4469.99 4461.22 4458.34 4469.58 4485.07 4490.34 4482.89 4473.49 4467.45 4468.76 4474.11 4484.45 4495.75 4504.85 4508.53 4516.46 4540.09 4555.18 4561.82 4564.32
4434.83 4449.72 4472.02 4500.42 4479.44 4476.41 4477.55 4479.87 4484.21 4492.18 4501.33 4502.96 4503.72 4509.44 4515.06 4521.99 4534.14 4547.77 4536.46 4524.19 4522.45 4517.59 4509.85 4507.29 4504.69 4501.63 4499.47 4498.6 4498.03 4512.35 4531.02 4502.99 4457.17 4457.1 4454.61 4490.6 4493.92 4426.46 4439.53 4436.7 4441.63 4449.48 4458.11 4466.32 4472.8 4474.14 4483.68 4473.54 4463.57 4474.1 4477.78 4485.73 4486.86 4480.32 4472.1 4465.49 4463.39 4466.99 4474.74 4483.4 4491.08 4499.04 4510.14 4523.61 4537.37 4547.68 4553.99
4438.18 4448.29 4459.04 4455.68 4452.76 4455.29 4462.38 4466.85 4471.18 4477.29 4488.16 4495.2 4504.07 4508.99 4513.7 4519.69 4527.4 4534.65 4536.04 4528.03 4525.82 4520.86 4511.73 4507.99 4499.46 4494.72 4494.13 4498.72 4506.85 4503.38 4501.08 4475.87 4445.21 4449.01 4451.17 4455.19 4468.36 4443.91 4439.16 4438.25 4444.09 4451.46 4459.93 4468.02 4474.2 4477.25 4477.05 4480.14 4479.14 4484.73 4489.51 4490.21 4483.35 4477.97 4469.26 4459.31 4454.6 4459.87 4467.44 4475.49 4482.68 4488.91 4500.4 4514.32 4528.05 4539.26 4545.83
4440.85 4449.81 4456.94 4454.55 4450.93 4451.12 4453.1 4456 4458.02 4458.11 4453.8 4482.73 4506.08 4505.86 4508.01 4511.58 4516.33 4529.87 4536.18 4524.18 4526.23 4525.49 4504.64 4489.6 4484.99 4482.96 4483.4 4486.69 4492.59 4483.42 4467.71 4448.03 4442.94 4446.49 4448.38 4448.95 4454.12 4440.95 4433.84 4439.69 4446.43 4453.88 4462.16 4470.98 4479.53 4483.68 4484.66 4491.82 4499.81 4491.62 4507.75 4500.69 4490.49 4479.99 4468.71 4457.91 4451.12 4456.79 4464.73 4472.58 4479.95 4486.9 4498.13 4510.46 4521.35 4531.96 4540.67
4448.23 4454.32 4464.05 4465.6 4454.36 4448.06 4447.44 4449.79 4451.45 4451.2 4451.18 4468.07 4488.08 4495.5 4497.97 4499.84 4503.73 4516.72 4502.84 4494.49 4486.92 4485.16 4474.14 4465.24 4467.91 4469.64 4469.12 4465.3 4462.37 4463.73 4457.11 4450.11 4450.41 4448.19 4448.37 4448.63 4455.41 4445.61 4443.29 4446.46 4452.2 4458.9 4466.98 4475.05 4483.86 4485.9 4482.54 4500.39 4525.52 4491.81 4509.15 4507.82 4498.86 4483.36 4468.73 4459.12 4455.21 4458.53 4465.57 4474.14 4483.35 4494.3 4502.18 4509.98 4519.25 4527.2 4535.81
4453.01 4455.99 4459.07 4460.13 4456.67 4448.34 4445.46 4447.67 4450.67 4454.14 4460.07 4464.95 4475 4484.61 4486.75 4484.93 4481.05 4468.7 4456.58 4456.75 4452.62 4454.1 4451.76 4454.08 4458.2 4459.9 4459.34 4454.7 4452.28 4454.9 4455.1 4455.14 4451.32 4449.92 4447.75 4448.19 4451.07 4447.74 4450.72 4453.16 4456.57 4461.53 4466.88 4473.01 4482.18 4486.95 4487.93 4500.91 4509.67 4499.71 4513.57 4505.2 4495.99 4477.09 4466.03 4460.7 4460.47 4462.85 4469.29 4478.01 4488.14 4497.71 4505.07 4511.36 4518.02 4524.75 4531.37
4457.8 4456.03 4453.23 4454.57 4459.06 4451.81 4447.23 4448.94 4453.47 4459.79 4468.03 4476.52 4481.38 4482.41 4480.79 4475.17 4465.2 4451.23 4447.42 4455.67 4443.96 4424.07 4454.6 4451.67 4456.28 4458.34 4457.81 4455.05 4453.28 4454.2 4454.34 4453.34 4454.45 4455.01 4447.85 4447.2 4448.31 4449.62 4457.85 4458.52 4460.44 4464.05 4466.73 4469.06 4471.34 4482 4495.84 4503.71 4501.37 4496.49 4499.69 4492.34 4470.14 4461.85 4461.54 4460.96 4462.51 4466.99 4473.74 4482.33 4491.97 4502.91 4507.15 4512.95 4519.35 4524.5 4529.56
4461.76 4457.64 4453.91 4456.02 4458.57 4453.23 4448.62 4451.25 4456.53 4464.35 4475.98 4491.78 4488.58 4482.62 4476.71 4469.51 4460.35 4449.92 4453.15 4460.04 4467.26 4446.91 4455.25 4453.13 4456.88 4461.19 4463.4 4463.91 4460.65 4457.13 4454.32 4452.65 4452.83 4457.59 4448.48 4446.56 4447.64 4452.62 4459.8 4461.9 4464.78 4467.38 4468.77 4467.42 4465.33 4479.27 4500.38 4505.72 4501.49 4498.86 4498.59 4488.8 4472.38 4462.58 4461.03 4462.94 4467.28 4472.34 4479.37 4487.5 4495.04 4503.28 4507.64 4513.39 4519.15 4525.42 4531.01
4464.47 4459.87 4457.6 4458.48 4459.62 4454.97 4450.93 4455.17 4460.25 4466.07 4473.14 4489.52 4485.14 4477.8 4471.68 4464.77 4459.06 4453.76 4452.97 4458.4 4459.19 4456.24 4451.81 4453.08 4457.54 4461.55 4466.2 4470.53 4465.92 4459.32 4454.39 4450.4 4449.74 4450.82 4449.28 4448.2 4451.5 4456.67 4458.8 4463.13 4467.56 4471.8 4474.95 4474.12 4468.38 4478.72 4488.36 4490.2 4492.8 4497.81 4498.41 4487.82 4469.76 4460.57 4463.7 4468.85 4470.79 4476.11 4490.66 4496.67 4498.14 4501.48 4506.73 4512.87 4518.52 4525.93 4532.95
4464.22 4460.93 4460.62 4460.01 4458.15 4456.88 4457.82 4461.01 4463.7 4466.39 4467.79 4464.5 4470.6 4469.33 4466.07 4462.59 4461.76 4460.9 4464.14 4465.19 4461.08 4458.41 4458.96 4458.39 4461.28 4463.83 4466.81 4469.78 4465.32 4459.27 4453.91 4449.61 4447.74 4449.47 4458.23 4451.97 4461.08 4464.73 4464.36 4465.41 4470.58 4477.48 4485.39 4493.25 4492.4 4488.49 4478.94 4470.12 4467.61 4485.89 4489.44 4477.98 4466.13 4460.44 4470.49 4484.44 4494.46 4503.63 4515.61 4514.28 4506.64 4505.7 4511.66 4517.44 4523.77 4529.2 4536.49
4461.49 4461.05 4463.85 4460.88 4457.77 4458.14 4465.22 4465.04 4465.69 4466.66 4465.72 4461.19 4462.29 4463.9 4463.24 4459.24 4458.69 4462.06 4467.61 4470.38 4466.43 4461.28 4467.42 4465.52 4465.32 4465.44 4464.89 4463.47 4462.23 4458.39 4453.95 4450.32 4448.13 4450.39 4461.52 4460.44 4471.85 4467.48 4461.27 4465.18 4473.65 4482.99 4493.4 4509.6 4524.01 4499.23 4481.49 4470.58 4467.5 4475.82 4479.55 4475.99 4467.05 4463.38 4481.08 4507.61 4537.48 4561.08 4552.98 4534.9 4519.55 4515.85 4519.2 4524.86 4530.83 4536.81 4543.75
