real_craters/C134-500m.grd
DSAA
166 166
-41.2475 41.2475
-41.2475 41.2475
3128.9323224141 5239.8704640915
[rows 30 to 59 of 166, columns 0 to 66 of 166]
4386.01 4372.05 4379.44 4414.89 4400.45 4391.27 4384.92 4380.08 4375.35 4373.01 4371.52 4371.69 4373.9 4376.99 4381.65 4385.73 4389.82 4393.87 4398.68 4402.5 4405.15 4409.44 4411.97 4413.34 4413.52 4413.4 4413.03 4408.11 4405.55 4403.49 4406.65 4408.91 4412.31 4414.88 4415.77 4415.68 4414.03 4412.17 4400.71 4399.78 4401.69 4403.14 4456.64 4511.36 4457.42 4322.46 4335.54 4440.31 4392.44 4381.39 4392.88 4418.65 4428.62 4431.77 4435.24 4430.98 4423.62 4412.39 4404.32 4398.81 4405.45 4416.42 4422.49 4414.67 4418.83 4437.78 4460.23
4387.64 4379.96 4385.91 4401.87 4397.95 4393.95 4387.53 4381.31 4375.6 4372.16 4370.91 4372.16 4376.25 4380.88 4385.08 4389.41 4393.27 4396.71 4401.04 4404.65 4407.55 4410.19 4412.67 4414.81 4414.72 4411.33 4402.22 4406.23 4405.61 4403.67 4407.2 4411.74 4415.84 4418.01 4419.06 4419.56 4418.58 4417.8 4405.19 4400.37 4397.82 4394.47 4461.06 4520.48 4296.91 4195.88 4212 4396.87 4409.28 4390.19 4383.25 4408.92 4422.48 4434.16 4442.96 4443.56 4441.59 4439.48 4431.31 4417.12 4417.03 4423.73 4430.55 4432.74 4427.53 4435.02 4459.44
4386.38 4383.37 4385.05 4395.77 4397.38 4392.53 4388.42 4381.83 4375.59 4370.29 4368.1 4373.77 4380.3 4385.16 4389.15 4392.66 4396.35 4399.53 4402.42 4405.22 4407.86 4411.03 4413.87 4416.17 4418.3 4419.4 4419.55 4418.92 4411.62 4403.51 4411.19 4416.94 4421.16 4424.41 4426.11 4423.3 4423.47 4419.73 4415.52 4405.02 4391.34 4377.31 4438.39 4496.54 4315.46 4216.82 4266.12 4426.66 4430.95 4405.36 4381.94 4395.39 4418.12 4436.07 4445.49 4451.49 4455.55 4459.73 4458.12 4437.62 4431.46 4433.92 4437.37 4439.24 4430.91 4434.76 4453.04
4386.13 4383.71 4377.49 4382.92 4392.39 4391.5 4391.01 4385.21 4378.45 4372.47 4371.25 4380.59 4386.59 4389.37 4392.09 4394.43 4397.81 4401.39 4404.59 4407.2 4409.04 4412.14 4415.09 4418.68 4423.26 4430.58 4441.48 4436.34 4427.71 4421.9 4422.94 4425.28 4427.38 4428.74 4428.53 4429.01 4429.55 4426.89 4426.25 4418.81 4409.98 4390.67 4424.07 4459.2 4483.37 4409.31 4429.38 4492.61 4460.3 4428.94 4396.12 4395.18 4425.25 4445.17 4459.62 4466.72 4461.4 4459.13 4456.58 4444.24 4442.08 4443.77 4443.91 4437.19 4428.06 4423.01 4441.99
4387.24 4386.36 4384.18 4387.72 4395.89 4396.82 4393.87 4389.23 4383.02 4379.32 4396.44 4395.6 4396.14 4396.56 4397.87 4399.82 4400.62 4404.06 4407.59 4409.69 4412.49 4415.53 4418 4420.94 4425.41 4431.84 4436.1 4439.98 4442.98 4442.13 4436.64 4434.5 4434.55 4435.11 4436.04 4436.66 4436.03 4437.97 4440.56 4441.54 4449.4 4460.08 4448.97 4459.9 4470.29 4467.54 4464.97 4469.32 4476.73 4460.06 4439.25 4441.19 4451.36 4456.65 4462.17 4462.78 4459.17 4454.3 4450.36 4448.3 4449.2 4452.43 4455.2 4447.57 4430.65 4425.28 4440.3
4390.01 4388.96 4397.14 4402.19 4406.64 4401.99 4398.38 4395.37 4393.13 4392.39 4399.85 4406.01 4405.16 4404.65 4404.95 4405.83 4407.41 4410.19 4412.11 4413.63 4416.43 4419.56 4421.48 4424.35 4426.69 4428.65 4433.36 4440.33 4450.2 4451.55 4444.68 4439.64 4436.07 4436.52 4437.35 4439.98 4443.37 4445.98 4452.31 4458.64 4471.73 4486.24 4468.9 4462.99 4449.11 4448.19 4464.31 4474.71 4479.08 4476.36 4477.77 4495.18 4476.38 4464.93 4460.23 4457.53 4452.74 4450.03 4448.92 4452 4453.86 4458.4 4464.48 4453.89 4439.24 4438.85 4454.02
4393.68 4398.01 4399.5 4407.36 4410.06 4404.79 4402.07 4402.05 4404.06 4408.8 4412.72 4413.01 4412.25 4411.83 4412.41 4413.13 4413.63 4414.3 4414.81 4415.99 4418.01 4419.32 4421.81 4423.08 4424.81 4424.99 4426.8 4432.94 4448.2 4450.77 4444.27 4440.06 4437.98 4437.75 4439.32 4441.54 4445.25 4450.83 4453.56 4462.13 4472.07 4478.87 4464.98 4455.27 4446.58 4446.12 4462.19 4471.83 4473.1 4473.12 4476.69 4478.57 4471.48 4463.51 4455.06 4444.98 4447.21 4447.64 4445.8 4451.23 4455.68 4458.56 4460.01 4457.92 4451.26 4458.42 4480.03
4396.93 4409.56 4398.79 4395.74 4398.18 4403.38 4405.39 4406.5 4411.57 4421.89 4419.51 4417.53 4417.14 4416.8 4417.12 4417.53 4418.26 4419.06 4419.4 4420.32 4421.09 4422.02 4422.84 4423.38 4423.75 4422.1 4419.58 4419.1 4431.38 4437.6 4438.18 4438.37 4438.54 4440.46 4442 4443.56 4446.81 4450.85 4456.76 4460.76 4465.78 4463.17 4459.11 4460.42 4459.14 4461.19 4468.07 4467.01 4463.84 4461.92 4462.93 4460.54 4458.77 4458.87 4454.66 4449.09 4450.68 4453.49 4456.85 4457.72 4458.82 4457.24 4454.56 4452.4 4450.7 4468.59 4503.86
4394.51 4372.27 4384.43 4386.19 4398.18 4402.73 4406.78 4409.29 4411.53 4412.12 4415.77 4419.92 4422.55 4423.52 4424.26 4424.09 4424.66 4423.5 4424.03 4424.6 4424.21 4425.01 4426.68 4426.47 4425.34 4422.84 4417.58 4409.48 4413.51 4423.87 4431.39 4435.05 4438.59 4440.73 4441.38 4446.78 4449.66 4449.49 4454.9 4456.43 4457.93 4457.92 4468.13 4465.66 4465.06 4468.65 4464.62 4458.99 4452.51 4448.44 4451.18 4455.75 4458.36 4459.28 4460.23 4462.56 4462.79 4460.4 4460.87 4470.19 4468.64 4462.02 4451.66 4455.1 4462.53 4485.36 4520.74
4406.27 4403.62 4381.26 4369.4 4396.88 4401.04 4405.77 4409.74 4411.42 4409.71 4415.84 4421.26 4425.6 4427.49 4428.28 4429.36 4430.73 4428.13 4429.14 4430.14 4429.62 4430.25 4430.03 4430.18 4429.84 4427.91 4426.8 4427.08 4421.3 4420.31 4428.51 4434.49 4438.65 4442.65 4445.29 4447.39 4448.16 4449.5 4448.71 4448.24 4448.52 4447.96 4455.88 4455 4449.97 4450.64 4449.79 4449 4444.94 4440.84 4446.82 4449.52 4457.51 4463.85 4467.43 4471.57 4478.66 4485.74 4488.86 4488.04 4483.52 4476.28 4467.38 4469.88 4483.61 4505.18 4529.55
4410.03 4409.36 4409.62 4376.3 4392.82 4402.42 4404.78 4409.44 4418.17 4424.94 4424.3 4423.35 4427.61 4427.66 4428.11 4429.35 4430.8 4431.33 4432.84 4434.34 4434.89 4437.63 4438.45 4437.71 4437.91 4438.39 4439.4 4443.43 4423.15 4424.89 4430.42 4435.48 4438.93 4441.58 4443.96 4445.68 4446.91 4447.43 4442.99 4442.56 4441.09 4438.3 4433.73 4434.06 4432.16 4438.14 4440.07 4443.21 4445.1 4446.82 4456.53 4469.61 4473.1 4472.19 4474.28 4478.75 4488.52 4509.01 4522.68 4508.17 4498.76 4495.62 4494.14 4487.14 4491.59 4512.38 4528.79
4411.92 4409 4408.82 4406.12 4410.69 4401.62 4400.58 4404.6 4416.05 4431.76 4430.02 4426.44 4428.19 4427.9 4428.47 4429.37 4432.29 4433.98 4435.84 4435.89 4437.73 4439.6 4439.7 4441.69 4445.54 4447.04 4447.73 4443.3 4437.52 4432.62 4432 4432.21 4434.17 4436.26 4438.3 4439.77 4440.86 4441.99 4441.42 4440.77 4438.42 4435.86 4428.99 4424.25 4420.5 4420.91 4433.58 4440.69 4449.25 4460.94 4470.62 4478.71 4477.6 4479.3 4479.54 4480.05 4485.3 4503.11 4519.04 4509.27 4502.94 4508.07 4515.21 4501.78 4496.17 4514.94 4526.23
4415.84 4402.85 4393.4 4405.49 4385.51 4385.94 4394.3 4395.89 4393.28 4426.46 4427.13 4426.27 4426.89 4430.19 4431.17 4432.69 4434.31 4434.84 4436.43 4437.42 4438.29 4440.83 4443.31 4445.75 4448.11 4450.52 4453.44 4452.24 4445.67 4437.8 4434.07 4432.9 4433.4 4434.63 4435.57 4436.07 4438.33 4439.8 4441.89 4442.13 4440.84 4437.91 4428.66 4428.34 4432.01 4428.58 4430.36 4440.16 4450.85 4463.67 4472.35 4478.07 4486.5 4484.98 4484.75 4486.09 4489.61 4496.81 4508.99 4492.63 4496.92 4504.18 4510.5 4508.78 4512.43 4521.31 4533.26
4419.99 4409.76 4401.08 4401.47 4400.94 4400.44 4395.79 4396.48 4397.26 4409.79 4417.66 4420.35 4424.54 4426.74 4428.42 4430.49 4432.41 4433.44 4435.39 4437.48 4437.99 4439.21 4442.09 4445.37 4449.54 4454.5 4458.42 4454.73 4445.68 4439.77 4434.98 4432.65 4431.83 4432.41 4433.86 4437.05 4437.91 4440.21 4441.85 4444.2 4445.7 4445.97 4439.68 4438.15 4442.77 4440.58 4435.64 4440.03 4447.76 4455.53 4462.55 4471.65 4479.09 4484.16 4488.59 4494.79 4506.4 4516.63 4515.18 4501.11 4498.88 4496.68 4499.83 4510.15 4514.34 4526.92 4544.51
4425.78 4417.36 4410.18 4408.39 4403.1 4396.85 4398.06 4400.68 4408.12 4403.77 4409.73 4414.44 4420.66 4422.42 4424.31 4426.53 4428.32 4429.88 4434.27 4438.07 4440.4 4442.77 4445.93 4449.12 4453.56 4459.26 4462.52 4465.66 4449.71 4439.6 4435.25 4433.53 4432.33 4432.66 4433.19 4434.76 4436.35 4439.32 4441.66 4445.67 4450.69 4457.02 4459.79 4456.15 4453.77 4451.75 4442.11 4442.78 4446.69 4449.18 4454.3 4464.64 4474.3 4485.37 4491.43 4498.23 4507.2 4524.45 4531.09 4521.39 4512.28 4503.66 4503.66 4513.97 4524.09 4534.49 4547.23
4424.56 4431.12 4422.76 4413.44 4406.09 4401.25 4400.08 4399.54 4397.28 4401.51 4406.27 4411.74 4419.02 4424.12 4427.68 4430.86 4431.97 4434.54 4437 4439.35 4440.25 4442.61 4443.36 4445.3 4448.21 4452.89 4457.65 4462.34 4443.2 4436.86 4434.02 4433.35 4434.21 4434.76 4435.81 4437.29 4439.86 4440.87 4443.55 4447.49 4452.91 4462.17 4464.53 4463.3 4466.55 4466.36 4448.91 4448.66 4448.59 4449.13 4451.54 4460.86 4474.5 4488 4491.67 4498.16 4507.04 4530.32 4542.44 4536.19 4529.34 4524.73 4519.31 4520.34 4529.14 4535.86 4532.81
4418.24 4410.91 4417.2 4416.33 4412.57 4407.61 4404.29 4402.68 4403.65 4405.71 4403.49 4407.88 4416.08 4420.92 4424.75 4428.1 4431.38 4434.41 4435.25 4437.08 4439.64 4439.23 4441.42 4443.25 4444.38 4446.65 4442.92 4434.27 4433.01 4431.73 4431.02 4431.86 4434.29 4435.82 4440.2 4442.23 4443.46 4445.45 4446.77 4448.18 4450.28 4455.79 4459.65 4464.77 4469.01 4471.24 4464.82 4456.86 4453.39 4451.81 4453.31 4455.7 4463.4 4475.2 4490.83 4500.73 4508.4 4530.82 4546.37 4545.48 4542.01 4539.33 4529.12 4519.3 4524.76 4530.39 4518.12
4416.6 4414.21 4417.66 4423.5 4422.85 4413.66 4409.31 4405.97 4407.77 4404.3 4396.73 4399.41 4405.56 4410.07 4414.03 4418.34 4422.63 4427.16 4431.05 4435.28 4438.55 4441.14 4441.57 4444.9 4443 4443.56 4432.48 4421.16 4424.26 4428 4432.43 4436.9 4441.3 4444.93 4445.63 4448.05 4448.39 4448.72 4448 4448.66 4446.74 4445.44 4453.68 4463.78 4465.28 4470.94 4472.59 4464.51 4458.38 4453.93 4450.45 4452.31 4455.22 4478.65 4497.96 4512.29 4521.66 4535.55 4552.18 4556.77 4557.29 4553.92 4538.48 4518.1 4519.08 4517.1 4527.25
4410.67 4420.17 4425.56 4429.64 4431.73 4426.24 4416.62 4406.06 4395.69 4396.38 4392.48 4395.7 4398.72 4406.3 4410.58 4412.03 4417.88 4422.74 4427.45 4431.89 4435.76 4440.55 4440.9 4444.66 4441.53 4442.34 4433.74 4424.08 4422.13 4427.75 4435.52 4443 4449.64 4453.52 4456.39 4458.29 4456.53 4455.55 4452.3 4449.18 4444.73 4441.22 4448.88 4459.66 4464.97 4470.95 4476.2 4469.24 4463.05 4457.91 4455.98 4457.92 4467.11 4490.22 4512.39 4532.53 4549.23 4574.84 4566.13 4568.04 4571.73 4564.34 4553.02 4542.32 4538.42 4534.3 4530.98
4412.44 4420.36 4424.52 4430.51 4437.75 4431.09 4422.88 4409.61 4401.08 4392.3 4386.42 4394.49 4396.18 4405.13 4410.03 4415.34 4420.5 4425.61 4430.51 4435.41 4439.45 4440.13 4443.88 4441.56 4443.66 4445.06 4445.26 4443.32 4433.36 4432.9 4441.74 4451.07 4458.04 4463.31 4465.67 4465.89 4465.06 4461.78 4458.65 4452.81 4448.7 4443.7 4450.4 4458.52 4469.76 4474.57 4470.88 4472 4468.17 4463.87 4460.74 4467.08 4480.68 4503.54 4526.1 4549.92 4575.21 4572.98 4566.25 4564.36 4564.35 4563.47 4561.77 4562.37 4566 4567.84 4536.74
4414.63 4416.92 4421.35 4422.69 4408.99 4426.45 4426.86 4411.91 4391.92 4382.44 4380.12 4391.28 4394.39 4405.98 4411.63 4413.92 4417.41 4422.21 4423.05 4427.68 4429.14 4432.91 4436.34 4436.5 4441.94 4443.28 4443.91 4444.27 4434.45 4437.22 4452.88 4463.16 4469.67 4473.61 4475.18 4474.96 4474.54 4471.87 4468.82 4464.1 4460.1 4461.9 4463.15 4469.85 4478.42 4478.98 4477.25 4477.17 4473.74 4472.17 4472.08 4480.93 4499.21 4517.06 4533.57 4553.31 4572.45 4566.09 4559.5 4554.79 4546.13 4553.63 4568.92 4575.55 4582.62 4583.57 4545.58
4416.7 4419.01 4417.18 4416.76 4420.31 4411.38 4413.46 4429.97 4374.48 4377.14 4377.94 4395.34 4399.74 4404.52 4410.09 4412.77 4415.48 4416.72 4421.3 4423.35 4427.45 4430.31 4435.65 4438.7 4449.02 4446.1 4437.01 4440.18 4448.6 4456.01 4475.5 4483.37 4485.41 4485.56 4483.98 4482.58 4480.71 4479.6 4477.49 4475.72 4472.71 4471.32 4476.81 4487.17 4488.77 4481.47 4477.45 4477.63 4480.37 4481.99 4484.68 4493.61 4512.13 4527.86 4534.42 4547.64 4553.35 4554.31 4556.55 4554.94 4550.48 4563.5 4587.25 4599.6 4598.23 4581.05 4536.37
4415.67 4415.03 4412.37 4409.13 4403.81 4395.43 4396.8 4425.89 4404.62 4387.52 4380.16 4391.7 4399.41 4407.16 4411.5 4413.6 4413.37 4418.06 4422.93 4427.29 4431.25 4436.65 4441.44 4445.92 4456.6 4460.28 4462.9 4472.37 4492.01 4510.55 4511.22 4506.84 4502.12 4498.5 4494.06 4490.91 4488.85 4487.67 4487.24 4487.58 4487.91 4486.89 4489.72 4492.05 4501.68 4494.61 4484.57 4485.41 4489.08 4493.98 4501.87 4512.51 4517.4 4520.84 4529.37 4548.02 4569.47 4570.16 4565.35 4567.27 4575.46 4592.57 4606.71 4616.09 4614.18 4596.56 4534.98
4420.68 4414.68 4408.49 4403.28 4397.47 4397.07 4403.26 4381.94 4389.87 4387.63 4385.49 4396.32 4404.04 4404.49 4410.75 4411.67 4415.67 4420.58 4426.07 4430.99 4436.22 4442.11 4447.31 4452.74 4467.26 4478.61 4496.47 4508.82 4530.88 4556.27 4541.01 4525.87 4515.23 4509.05 4504.87 4500.92 4498.43 4498.23 4499.42 4501.84 4505.55 4505.88 4503.79 4502.8 4501.06 4501.36 4497.2 4498.31 4500.62 4505.75 4513.98 4522.82 4519.29 4515.99 4536.25 4550.21 4569.69 4575.35 4571.13 4579.14 4591.71 4605.64 4604.31 4614.34 4623.85 4627.68 4538.15
4412.8 4410.92 4406.54 4401.93 4395.88 4397.75 4408.18 4383.41 4381.1 4389.74 4395.37 4404.75 4410.43 4408.09 4415.29 4417.9 4422.18 4426.22 4429.11 4432.85 4439.44 4446.88 4454 4463.57 4477.46 4486.78 4502.27 4519.53 4539.44 4556.11 4548.2 4535.72 4525.64 4517.69 4512.55 4508.76 4506.63 4505.41 4507.28 4511.88 4518.66 4517.69 4515.43 4517.99 4510.17 4512.94 4511.74 4510.95 4512.26 4515.77 4519.28 4524.79 4527.77 4540.35 4567.76 4561.53 4574.22 4582.11 4582.19 4587.5 4589.9 4584.06 4582.83 4599.36 4615.73 4612.86 4554.41
4402.06 4400.75 4405.04 4404.22 4400 4397.87 4400.51 4403.07 4403.23 4406 4416.81 4418.43 4423.59 4422.49 4415.13 4420.02 4422.94 4426.71 4431.75 4437.64 4446.11 4450.67 4458.52 4467.67 4477.85 4487.23 4497.56 4514.57 4530.37 4540.94 4539.98 4531.92 4523.86 4517.98 4513.12 4509.79 4508.81 4508.77 4510.46 4513.81 4521.43 4520.32 4513.97 4519.2 4537.51 4529.89 4527.13 4523.32 4523.44 4527.41 4529.01 4528.01 4544.37 4565.62 4584.46 4582.79 4592.2 4593.81 4594 4588.14 4588.18 4559.47 4576.96 4592.29 4602.57 4596.29 4574.71
4396.56 4407.64 4411.64 4413.65 4415.46 4414.97 4420.86 4419.19 4414.82 4413.3 4426.04 4429.36 4433.99 4439.22 4433.67 4429.35 4433.46 4438.29 4441.42 4446.41 4450.36 4457.48 4460.75 4468.32 4477.19 4485.87 4496.76 4506.23 4516.85 4524.86 4524.06 4520.7 4516.85 4514.01 4511.96 4510.5 4510.43 4511.08 4510.99 4510.79 4509.95 4514.39 4517.32 4524.23 4543.42 4542.96 4539 4537.3 4540.05 4544.27 4550.41 4557.62 4583.8 4602.24 4616.53 4610.01 4608.11 4594.4 4582.64 4568.85 4561.61 4555.15 4569.38 4587.61 4598.21 4591.79 4574.95
4401.49 4409.54 4417 4427.13 4437.59 4450.3 4461.15 4453.15 4436.35 4421.86 4425.89 4425.8 4425.53 4433.81 4430.48 4433.74 4437.26 4443.6 4448.07 4454.21 4455.89 4460.92 4464.42 4471.84 4476.13 4479.38 4485.81 4494.18 4500.6 4500.75 4502.98 4506.7 4507.78 4508.14 4508.35 4509.36 4510.4 4511.83 4513.51 4512.02 4504.63 4520.2 4535.01 4543.34 4547.86 4550.68 4547.12 4546.9 4556.08 4561.38 4572.91 4601.86 4627.99 4661.41 4662.7 4635.94 4604.52 4591.51 4570.45 4555.93 4533.99 4529.08 4545.06 4599.52 4618.32 4595.25 4603.68
4417.84 4413.35 4424.07 4441.11 4457.19 4473.38 4487.99 4463.16 4441.61 4426.98 4430.35 4433.71 4433.41 4436.35 4427.84 4432.38 4437.5 4442.17 4451.61 4455.95 4461.28 4468.6 4471.56 4474.61 4476.49 4473.26 4474.91 4483.77 4489.01 4490.58 4493.64 4496.24 4499.12 4501.45 4503.69 4506.88 4508.63 4512.61 4517.29 4523.62 4531.14 4533.55 4543.07 4545.98 4545.43 4551.17 4552.01 4557.35 4566.92 4574 4581.7 4591.56 4622.82 4684.06 4700.4 4647.29 4622.71 4602.57 4587.84 4577.03 4572.01 4548.22 4584.56 4664.6 4693.37 4647.46 4663.58
4441.95 4441.32 4445.01 4456.83 4471.74 4486.68 4478.06 4446.66 4433.57 4427.57 4429.86 4430.97 4432.46 4431.5 4433.17 4441.84 4446.07 4450.46 4453.42 4457.49 4463.03 4470.1 4474.05 4483.83 4479.72 4473.99 4474.06 4479.46 4482.3 4483.22 4486.87 4485.6 4489.23 4492.63 4496.07 4500.75 4505.67 4511.18 4518.69 4528.44 4536.94 4537.6 4538.29 4542.47 4543.85 4546.71 4555.49 4559.05 4577.17 4582.79 4586.34 4596.73 4628.03 4674.1 4692.83 4656.36 4627.16 4616.61 4610.78 4602.69 4623.81 4698.11 4731.49 4770.93 4786.64 4631.57 4681.44
