real_craters/C134-300m.grd
DSAA
276 276
-41.2475 41.2475
-41.2475 41.2475
3128.4985227432 5246.3864780498
[rows 240 to 269 of 276, columns 0 to 66 of 276]
4491.45 4479.75 4474.13 4475.3 4476.52 4478.86 4480.35 4480.69 4481.51 4483 4483.73 4485.93 4485.76 4485.13 4484.07 4482.6 4480.17 4478.02 4478.65 4480.42 4482.02 4483.61 4486.26 4490.74 4491.6 4494.99 4499.77 4503.12 4505.51 4505.6 4504.36 4503.2 4504.62 4504.81 4503.52 4502.56 4500.48 4498.77 4495.68 4493.9 4491.89 4490.39 4489.13 4487.64 4487.17 4488.29 4488.7 4490.54 4493.37 4496.59 4501.04 4507.44 4514.59 4522.37 4530.5 4533.7 4525.86 4515.72 4508.17 4501.2 4494.75 4488.91 4483.76 4478.32 4472.59 4467.86 4463.53
4489.55 4476.75 4470.6 4472.52 4474.09 4475.34 4477.45 4478.35 4478.73 4479.5 4480.39 4481.4 4481.23 4480.86 4480.65 4480.02 4478.46 4478.23 4479.16 4482.02 4486.62 4494.35 4504.78 4504.04 4505.24 4506.76 4508.63 4509.77 4509.82 4511.51 4513.08 4512.29 4510.81 4509.21 4506.83 4504.78 4502.78 4500.74 4498.22 4496.37 4494.91 4493.56 4492.23 4490.9 4489.99 4489.85 4490.37 4491.93 4494.39 4498.52 4503.76 4510.8 4519.2 4528.3 4534.53 4536.97 4528.56 4520.88 4512.81 4505.54 4498.9 4493.35 4488.89 4484.75 4480.59 4477.34 4474.88
4486.72 4477.42 4472.61 4473.06 4473.58 4474.59 4475.35 4475.99 4476.92 4477.51 4478.42 4478.22 4478.55 4478.25 4478.2 4477.89 4476.89 4477.28 4478.83 4482.5 4488.6 4497.42 4507.51 4512.88 4516.89 4518.15 4517.74 4517.17 4517.07 4518.54 4520.68 4520.68 4517.02 4513.79 4509.46 4506.25 4504.09 4501.89 4499.88 4497.78 4496.18 4495.45 4493.85 4492.72 4491.77 4491.21 4491.27 4492.44 4494.75 4499.17 4504.86 4512.19 4521.03 4532.05 4545.63 4542.75 4530.33 4522.6 4514.78 4507.76 4501.71 4496.41 4493.28 4490.09 4487.19 4486.16 4485.85
4482.86 4479.01 4477.43 4475.64 4474.25 4474.2 4474.08 4474.25 4474.56 4476.15 4476.49 4476.62 4476.61 4476.56 4476.63 4476.05 4475.29 4475.8 4477.11 4480.98 4487.36 4495.5 4504.07 4517.89 4527.78 4527.17 4524.87 4523.31 4522.78 4524.15 4526.23 4525.47 4521.08 4516.34 4510.68 4506.66 4504.48 4501.92 4500.74 4498.96 4497.59 4496.41 4495.4 4494 4493.08 4492.36 4492.09 4492.62 4494.49 4499.09 4504.94 4511.65 4519.1 4527.26 4535.05 4536.89 4527.84 4522.08 4515.97 4510.53 4505.56 4501.24 4496.35 4493.45 4491.89 4492.47 4493.99
4478.59 4478.71 4479.75 4477.33 4474.47 4473.21 4472.52 4472.13 4472.65 4473.83 4474.41 4474.58 4475.5 4475.91 4475.44 4475.17 4474.52 4473.83 4473.26 4478.59 4484.41 4491.58 4503.29 4518.82 4532.59 4530.35 4527.56 4526.45 4526.69 4528.28 4530.09 4528.7 4523.64 4518.85 4513.6 4508.97 4505.67 4503.13 4500.58 4498.81 4497.68 4498.29 4497.58 4496.68 4495.77 4495.15 4493.96 4493.01 4494.26 4499.01 4504.72 4510.13 4515.22 4518.55 4519.95 4524.19 4521.31 4518.93 4515.08 4511.04 4507.38 4504.11 4500.87 4499.28 4498.6 4499.1 4501.28
4475.35 4476.29 4477.81 4476.53 4474.49 4473.54 4473.19 4473.03 4474.18 4474.34 4475.16 4475.22 4476.21 4476.17 4475.93 4475.73 4475.37 4475.27 4475.4 4478.03 4481.1 4484.44 4490.97 4506.24 4522.53 4524.14 4524.14 4525.23 4527.76 4530.51 4531.22 4529.37 4523.86 4518.84 4514.3 4510.72 4506.97 4505.23 4502.47 4501.72 4501.16 4500.39 4500.06 4499.97 4499.18 4498.31 4497.31 4496.32 4496.95 4500.38 4504.86 4508.64 4511.89 4514.71 4515.42 4518.56 4515.91 4515.3 4513.28 4510.73 4507.89 4505.92 4503.62 4502.88 4502.58 4503.32 4505.4
4472.31 4473.63 4474.49 4474.43 4473.43 4473.77 4474.3 4474.58 4476.63 4477.06 4477.67 4477.7 4477.49 4477.18 4477.02 4476.69 4477 4477.8 4478.98 4478.62 4478.38 4477.26 4475.78 4485.6 4503.85 4511.16 4515.31 4519.21 4523.97 4528.45 4528.2 4527.95 4520.95 4515.7 4511.89 4509.32 4507.95 4506.91 4506.34 4504.66 4504.69 4503.91 4503.97 4503.9 4503.57 4502.27 4501.5 4500.97 4501.32 4503.05 4505.75 4507.73 4509.45 4512.35 4516.4 4515.1 4512.08 4512.15 4511.24 4509.88 4508.24 4506.94 4505.5 4504.72 4504.71 4505.58 4506.89
4473.35 4472.87 4472.55 4472.84 4473.34 4474.53 4475.52 4477.62 4478.84 4480.74 4480.86 4480.84 4479.8 4479.38 4479.54 4478.66 4479 4479.77 4480.2 4479.19 4477.41 4474.55 4472.25 4473.92 4486.23 4497.63 4504.22 4509.12 4513.75 4518.1 4517.59 4518.39 4513.46 4509.4 4507.64 4506.9 4507.46 4507.9 4508.37 4507.22 4507.36 4506.23 4506.97 4507.77 4508.25 4508.09 4507.36 4505.98 4505.89 4506.65 4507.49 4507.44 4506.88 4506.44 4507.22 4509.81 4509.24 4509.65 4509.92 4509.57 4508.41 4507.73 4506.97 4506.67 4506.66 4507 4508.06
4474.4 4473.01 4471.86 4472.22 4473.58 4476.53 4478.76 4481.79 4484.16 4484.94 4484.5 4484.4 4481.96 4481.37 4480.77 4480.71 4480.86 4481.7 4482.28 4481.19 4478.12 4475.45 4474.97 4477.42 4481.47 4488.76 4494.14 4497.14 4498.71 4498.59 4499.02 4500.97 4499.34 4500 4501.72 4503.66 4505.22 4506.66 4508.1 4509.16 4510.11 4509.82 4510.95 4512.38 4513.75 4514.61 4514.32 4512.7 4512.29 4511.67 4510.24 4508.19 4505.85 4503.22 4503.32 4505.07 4506.37 4507.22 4508.28 4508.69 4509.08 4509.13 4508.69 4508.76 4508.75 4509.28 4510.36
4473.89 4472.81 4472 4472.52 4475.67 4480.45 4484.13 4486.94 4487.6 4486.24 4485.12 4484.71 4485.67 4484.79 4483.84 4483.02 4482.62 4482.51 4483.57 4481.77 4478.19 4476.28 4476.85 4479.66 4481.28 4483.73 4486.19 4486.8 4484.95 4480.12 4480.72 4480.46 4482.65 4490.56 4496.05 4499.8 4503.09 4505.66 4508.41 4510.28 4511.82 4514.12 4515.58 4516.63 4518.84 4521.46 4523.66 4522.22 4520.81 4518.08 4514.85 4511.48 4507.74 4504.49 4503.8 4504.47 4505.64 4506.94 4508.25 4508.9 4509.34 4509.73 4510 4510.26 4510.17 4510.78 4511.55
4475.01 4474.36 4473.82 4474.91 4478.44 4483.94 4487.95 4488.82 4490.07 4492.51 4492.11 4491.24 4487.71 4486.64 4485.47 4484.34 4483.24 4482.23 4480.18 4477.98 4476.74 4475.98 4476.43 4476.9 4478.49 4479.85 4480.75 4480.22 4477.53 4473.12 4473.02 4475.11 4479 4486.11 4492.81 4497.89 4501.67 4505.78 4508.81 4511.77 4514.14 4516.08 4518.45 4520.67 4523.18 4527.29 4534.31 4537.95 4529.51 4523.28 4518.74 4514.75 4510.7 4507.33 4506.14 4504.94 4506.4 4507.37 4508.58 4509.32 4509.87 4510.4 4510.53 4511.07 4511.45 4511.96 4513.03
4476.99 4477.29 4476.97 4478.11 4483.39 4490.73 4493.83 4496.18 4496.86 4496.89 4495.74 4494.12 4491.89 4490 4488.38 4486.36 4484.37 4481.36 4479.31 4477.54 4476.41 4475.61 4475.23 4473.85 4475.94 4477.84 4478.31 4477.48 4475.71 4473.93 4474.19 4476.3 4480.08 4485.96 4492.62 4498.11 4502.67 4507.22 4510.82 4513.04 4515.83 4518.24 4520.26 4522.46 4524.44 4527.06 4530.86 4535.62 4530.54 4525.75 4522.09 4518.69 4515.24 4510.9 4509.29 4510.21 4508.15 4508.51 4508.95 4509.27 4509.75 4510.26 4510.54 4511.07 4511.44 4512.96 4512.82
4478.76 4479.94 4482.55 4483.94 4491.09 4498.59 4502.57 4503.65 4503.02 4501.27 4499.05 4496.73 4494.48 4492.05 4489.64 4487.23 4484.83 4482.11 4480 4478.35 4476.71 4475.92 4475.43 4475.09 4477.17 4478.56 4478.41 4477.33 4476.65 4477.18 4478.71 4479.5 4481.93 4488.4 4494.42 4499.39 4503.85 4507.72 4510.19 4513.01 4515.76 4518.26 4519.95 4521.54 4522.72 4522.81 4520.5 4521.37 4526.48 4526.38 4524.96 4522.7 4520.61 4521.07 4513.9 4513.56 4510.27 4509.75 4509.57 4509.68 4509.67 4509.93 4510.69 4510.96 4511.35 4512.6 4512.62
4481.81 4488.02 4494.48 4498.37 4506.03 4512.65 4513.61 4511.77 4508.88 4505.32 4502.06 4498.98 4496.13 4493.29 4490.84 4488.16 4485.53 4482.88 4480.34 4478.04 4476.92 4476.72 4477.05 4479.37 4481.81 4481.01 4479.72 4478.54 4477.87 4478.49 4480.44 4483.63 4489.25 4492.71 4496.76 4500.13 4503.66 4507.01 4509.14 4512.1 4514.87 4517.55 4519.46 4521.35 4523.19 4522.41 4520.23 4521.84 4526.18 4527.96 4528.16 4526.58 4523 4519.63 4517.05 4514.56 4512.85 4511.85 4510.83 4510.27 4509.86 4510.3 4510.31 4510.49 4510.53 4511.21 4512.37
4486.61 4495.91 4514.41 4525.36 4531.95 4531.3 4525.89 4519.81 4514.26 4509.49 4505.1 4501.43 4498.11 4494.96 4492 4488.86 4486.18 4483.64 4481.23 4479.05 4478.37 4477.99 4477.97 4481.95 4485.62 4482.8 4480.92 4479.83 4479.03 4478.18 4478.96 4486.19 4494.18 4495.71 4499.07 4500.95 4504.58 4506.18 4510.18 4513.27 4516.81 4519.98 4522.87 4525.29 4526.41 4525.7 4523.52 4525.8 4529.51 4531.59 4532.64 4532 4526.64 4516.63 4519.25 4518.42 4517.36 4516.54 4516.16 4515.98 4516.02 4515.95 4515.08 4515.44 4515.9 4516.46 4517.89
4493.64 4526.04 4540.62 4555.14 4562.54 4548.02 4534.4 4524.49 4517.3 4511.58 4506.86 4502.88 4499.35 4496.02 4492.91 4489.97 4487.24 4484.73 4482.8 4481.94 4480.27 4479.47 4478.51 4480.46 4482.94 4482.43 4481.66 4480.96 4480.49 4480.3 4482.31 4488.46 4494.87 4498.17 4501.28 4503.55 4505.79 4507.74 4510.42 4513.5 4516.87 4520.48 4524.1 4528.25 4530.91 4532.41 4531.89 4533.55 4535.47 4536.25 4537.6 4539.78 4542.19 4536.14 4527.3 4522.4 4520.24 4518.52 4517.7 4517.09 4516.79 4516.71 4517.39 4517.58 4517.82 4518.11 4519.25
4491.16 4512.71 4531.55 4557.15 4570.35 4548.81 4533.57 4523.95 4517.11 4511.55 4506.99 4502.87 4499.55 4496.39 4493.25 4490.38 4487.78 4485.25 4483.28 4481.58 4480.68 4481.17 4482.3 4481.45 4480.25 4481.87 4482.32 4482.29 4482.44 4483.17 4485.91 4491.1 4497.05 4501.98 4503.18 4504.59 4506.14 4508.93 4511.4 4514.22 4517.26 4521.18 4525.53 4530.4 4535.95 4541.37 4544.66 4543.48 4541.55 4539.93 4540.04 4542.21 4550.59 4548.41 4531.65 4525.79 4522.47 4520.52 4519.4 4518.68 4518.27 4518.19 4518.62 4518.64 4518.69 4518.47 4518.59
4486.11 4492.04 4505.96 4524.42 4528.53 4526.59 4522.83 4518.15 4513.78 4509.66 4506.09 4502.44 4499.37 4496.28 4493.31 4490.43 4487.74 4485.53 4483.56 4482.17 4481.56 4482.05 4482.62 4482.75 4482.52 4482.85 4483.3 4483.73 4484.51 4485.83 4488.44 4493.11 4498.76 4503.51 4503.68 4504.26 4505.89 4508.13 4510.32 4513.31 4516.78 4520.7 4525.42 4530.98 4538.57 4548.21 4554.93 4549.93 4544.96 4541.85 4539.29 4536.49 4528.48 4524.48 4525.93 4525.12 4522.98 4521.35 4520.5 4519.75 4518.57 4518.21 4518.02 4517.95 4518.03 4518.23 4517.66
4486.23 4488.04 4492.7 4496.03 4492.67 4504.14 4509.84 4510.51 4509.09 4506.75 4504.11 4501.21 4498.47 4495.73 4492.94 4490.51 4488.1 4485.89 4483.89 4482.08 4481.25 4482.77 4483.15 4483.82 4484.13 4484.35 4484.9 4485.52 4486.26 4487.55 4489.68 4493.13 4497.49 4500.81 4502.3 4503.11 4504.4 4506.29 4508.59 4511.82 4514.84 4518.13 4522.98 4528.41 4535.8 4545.98 4553.46 4548.1 4543.57 4540.58 4537.61 4533.4 4525.43 4523.71 4523.21 4524.23 4523.21 4522.14 4520.85 4520.1 4519.57 4519.22 4519.03 4518.88 4518.93 4519.43 4519.53
4488.86 4488.59 4489.46 4489.79 4490.92 4496.59 4501.84 4504.27 4504.53 4503.61 4501.81 4499.57 4497.26 4495.04 4492.69 4490.42 4488.47 4486.5 4484.44 4483.39 4483.45 4484.97 4486.94 4485.81 4485.51 4486.06 4486.61 4487.24 4488.08 4489.09 4490.27 4492.75 4495.81 4497.82 4499.84 4501.81 4504.23 4506.07 4508.32 4510.88 4513.68 4515.4 4518.46 4522.24 4526.66 4531.7 4536.75 4537.99 4537.92 4537.54 4536.37 4535.16 4534.04 4527.12 4524.39 4524.18 4523.52 4522.72 4522.03 4521.3 4520.59 4520.82 4520.72 4520.73 4520.81 4520.29 4521.13
4487.19 4488.19 4489.14 4489.68 4491.86 4494.65 4497.32 4500.13 4499.62 4499.35 4499.69 4498.17 4495.01 4494.49 4492.6 4490.72 4488.9 4487.12 4485.75 4484.77 4485.18 4484.92 4485.49 4486.69 4487.61 4488.09 4488.43 4489.08 4489.78 4490.68 4491.96 4493.49 4494.4 4495.29 4497.43 4499.63 4502.7 4504.92 4507.21 4508.8 4510.9 4513.16 4515.24 4516.51 4516.63 4515.02 4518.68 4526.24 4530.67 4533.15 4534.33 4535.82 4537.83 4529.4 4527.02 4525.55 4524.53 4523.88 4523.35 4523.05 4522.74 4522.25 4522.13 4522.09 4522.11 4522.55 4522.34
4487.23 4487.96 4488.75 4489.99 4491.84 4493.79 4495.91 4497.02 4498.44 4498.68 4496.53 4495.66 4494.38 4492.68 4491.2 4489.7 4488.39 4487.06 4486.44 4484.87 4484.07 4484.76 4485.6 4487.56 4488.52 4489.15 4490.14 4490.93 4491.38 4492.02 4492.98 4493.85 4493.96 4493.76 4495.62 4498.25 4501.39 4503.89 4505.87 4507.53 4508.83 4510.34 4511.21 4510.98 4509.73 4508.03 4511.2 4518.68 4524.63 4528.67 4531.3 4532.96 4531.83 4530.15 4527.27 4525.9 4525.06 4524.49 4525.02 4524.81 4524.66 4524.54 4523.64 4523.22 4523.21 4523.25 4523.38
4488.66 4489.31 4490.11 4490.92 4491.35 4492.53 4494.47 4496.08 4497.15 4496.66 4496.84 4496.18 4495.24 4493.52 4492.23 4490.78 4489.43 4488.13 4486.74 4485.89 4485.98 4487.53 4489.21 4490.24 4490.59 4490.85 4492.55 4493.14 4493.28 4493.29 4493.64 4494.14 4493.86 4493.55 4495.52 4498.05 4500.84 4503.11 4505.08 4506.75 4507.59 4508.02 4507.94 4507.52 4506.74 4506.75 4509.59 4515.15 4520.61 4524.98 4528 4530.06 4530.87 4529.53 4527.46 4526.68 4526.15 4526.02 4524.93 4524.6 4524.73 4524.14 4524.02 4525.44 4525.29 4525.15 4525.06
4491.62 4492.21 4492.92 4492.68 4492.47 4492.83 4493.68 4494.64 4495.17 4495.14 4495.85 4495.44 4494.91 4493.58 4492.47 4491.44 4489.47 4488.34 4487.77 4486.74 4486.88 4489.84 4492.66 4493.94 4495.26 4496.12 4496.49 4495.58 4494.9 4494.39 4494.07 4493.67 4494.8 4496.35 4497.54 4499.01 4501.28 4503.15 4504.87 4506.27 4507.21 4507.64 4507.15 4506.54 4505.93 4506.29 4508.98 4513.49 4518.21 4522.43 4525.44 4527.01 4526.75 4528.6 4527.12 4526.95 4526.67 4526.39 4526.12 4525.35 4525.05 4524.78 4525.32 4523.53 4523.49 4524.4 4524.52
4494.74 4495.69 4494.63 4494.12 4494.17 4494.11 4493.73 4493.36 4493.04 4494.05 4494.38 4494.07 4493.34 4492.89 4492.17 4491.3 4490.57 4489.66 4488.83 4488.17 4488.46 4491.5 4494.87 4496.77 4499.41 4503.47 4499.08 4497.06 4496.05 4495.37 4494.96 4495.09 4496.22 4498.27 4499.64 4500.7 4502.33 4504.01 4506 4507.03 4507.93 4508.61 4508.21 4506.94 4506.31 4506.75 4509.31 4512.92 4517.02 4521.05 4524.4 4526.69 4526.98 4528.89 4529.9 4527.68 4527.17 4527.53 4527.43 4527.29 4527.24 4527 4526.72 4526.25 4525.93 4525.59 4525.01
4496.22 4497.18 4496.42 4496.27 4496.13 4495.53 4494.75 4493.98 4493.34 4492.84 4492.48 4491.98 4491.47 4491.27 4491.81 4491.29 4490.2 4490.16 4490.38 4490.23 4491 4493.94 4496.58 4498.03 4498.75 4497.27 4497.82 4497.36 4496.73 4496.24 4496 4495.99 4497.75 4500.52 4501.86 4502.66 4504.33 4505.99 4508.18 4509.5 4510.4 4511.14 4510.65 4509.71 4508.1 4507.57 4510.57 4514 4517.57 4521.11 4525.07 4528.82 4529.85 4530.06 4528.28 4527.95 4527.76 4527.49 4527.2 4526.68 4526.47 4525.78 4525.42 4525.07 4525.17 4524.78 4524.98
4496.55 4495.49 4498.36 4499.18 4497.96 4496.56 4495.37 4494.63 4494.14 4493.66 4493.27 4492.88 4492.27 4491.93 4491.74 4491.55 4491.57 4491.93 4492.09 4492.59 4493.66 4495.42 4498.06 4498.95 4498.7 4498.09 4497.48 4497.26 4497.17 4497.08 4497.38 4498.26 4499.75 4501.78 4503.25 4504.78 4507.48 4509.5 4511.68 4513 4514.04 4514.29 4514.31 4513.43 4512.08 4511.82 4513.68 4515.97 4518.8 4521.7 4525.12 4531.13 4531.68 4530.17 4527.66 4526.88 4526.29 4525.79 4525.37 4525.01 4524.72 4524.48 4524.29 4524.17 4524.7 4524.1 4523.82
4498.33 4499.73 4500.9 4501.28 4499.25 4496.63 4495.46 4495.07 4494.74 4494.35 4493.99 4493.75 4493.49 4493.32 4493.19 4493.15 4493.23 4493.83 4494.14 4494.93 4496.58 4499.3 4500.6 4500.24 4499.16 4497.72 4497.18 4497.12 4497.33 4497.61 4498.4 4499.73 4501.21 4502.41 4504.61 4507.26 4511.07 4513.82 4516.19 4517.74 4518.43 4518.7 4518.89 4518.36 4517.2 4517.35 4518.17 4519.32 4520.38 4521.41 4522.61 4525.71 4528.02 4528.46 4525.87 4525.06 4524.31 4523.73 4523.3 4523.03 4522.88 4522.7 4522.72 4522.78 4522.55 4522.65 4522.92
4500.06 4501.18 4502.43 4503.14 4499.95 4496.97 4495.91 4495.75 4495.32 4495.1 4494.55 4494.23 4494.01 4493.92 4493.91 4494.02 4494.29 4495.02 4495.76 4496.86 4498.41 4502.02 4503.41 4501.72 4499.94 4498.34 4497.65 4497.31 4497.54 4498.11 4499.09 4500.74 4502.2 4502.2 4504.36 4509.86 4515.72 4519.62 4522.57 4523.58 4524 4523.89 4523.51 4523.28 4523.09 4523.04 4522.43 4522.19 4521.67 4520.55 4518.53 4518.02 4524.93 4525.45 4524.9 4524.36 4523.79 4523.33 4522.99 4522.9 4522.78 4522.3 4522.3 4522.3 4522.13 4522.18 4522.19
4500.9 4502.05 4502.08 4500.96 4499.63 4498.72 4497.93 4496.89 4496.14 4495.58 4495.13 4494.69 4494.51 4494.44 4494.53 4494.78 4495.1 4496.41 4497.34 4498.36 4499.74 4503.21 4503.97 4502.48 4500.67 4498.8 4497.69 4497.84 4498.27 4498.68 4499.4 4500.78 4502.23 4502.48 4504.73 4514.55 4522.82 4527.32 4529.95 4529.96 4530.04 4529.47 4528.16 4527.44 4525.89 4526.54 4526.43 4525.73 4524.33 4521.74 4517.69 4515.64 4522.26 4524.46 4524.54 4524.16 4523.74 4523.4 4522.94 4522.77 4522.67 4521.67 4521.62 4521.83 4521.8 4521.29 4521.38
