real_craters/C135-300m.grd
DSAA
279 279
-41.6675 41.6675
-41.6675 41.6675
5274.2532647903 7196.0165713618
[rows 180 to 209 of 279, columns 67 to 133 of 279]
6615.54 6619.24 6624.12 6627.44 6631.61 6635.19 6639.03 6644.49 6648.17 6651.36 6653.94 6653.54 6646.43 6636.19 6626.08 6616.87 6609.18 6602.63 6597.79 6593.49 6590.57 6588.34 6586.91 6586.55 6586.24 6583.24 6585.68 6587.84 6590.81 6594.51 6599.84 6603.42 6618.72 6627.68 6631.78 6636.85 6639.38 6636.73 6637.37 6644.39 6654.96 6664.11 6677.61 6689.34 6702.15 6716.65 6742.19 6761.75 6783.97 6807.94 6832.51 6859.93 6889.41 6920.51 6941.56 6956.02 6935.31 6879.1 6899.55 6957.27 7011.45 6983.09 6945.57 6922.07 6916.79 6929.96 6959.97
6616.78 6621.5 6626.42 6630.89 6635.03 6637.99 6640.94 6643.93 6646.87 6648.06 6647.96 6645.9 6641.7 6628.22 6617.62 6610.09 6603.8 6597.43 6592.53 6588.69 6585.71 6583.48 6579.78 6578.87 6578.71 6578.67 6580.13 6583.08 6586.58 6591.36 6598.34 6607.38 6617.05 6617.49 6625 6629.69 6630.23 6625.16 6626.75 6633 6641.94 6652.62 6664.23 6675.27 6688.91 6704.13 6731.96 6751.82 6772.96 6795.22 6822.96 6848.82 6877.56 6907.51 6930.46 6951.6 6948.79 6908.18 6912.95 6923.84 6916.38 6951.6 6952.69 6957.47 6977.33 7017.86 7052.68
6620.3 6626.85 6630.96 6635.2 6637.89 6640.14 6643 6644.46 6645.56 6644.82 6641.24 6635.8 6627.35 6616.84 6608.12 6602.77 6597.55 6592.41 6588.13 6583.52 6580.52 6576.5 6574.52 6573.66 6573.57 6574.74 6576.72 6578.96 6582.28 6587.05 6595.32 6605.76 6616.88 6626.48 6627.75 6626.35 6623.73 6616.62 6616.66 6621.45 6630.74 6641.92 6654.44 6668.63 6682.99 6702.37 6720.6 6736.5 6761.28 6780.48 6807.04 6835.13 6858.53 6882.44 6907.08 6929.19 6951.87 6981.99 6942.38 6923.6 6921.25 6929.68 6941.78 6957.37 6982.55 7020.02 7033.07
6627.78 6633.88 6638.07 6640.99 6642.66 6643.24 6643.78 6641 6640.73 6639.47 6636.64 6628.73 6616.92 6609.38 6601.74 6596.95 6591.75 6586.85 6582.88 6579.14 6576.25 6574.16 6572.66 6572.08 6571.85 6571.3 6573.5 6576.51 6578.87 6582.46 6587.72 6593.8 6607.47 6628.06 6628.66 6623.03 6617.44 6609.11 6608.45 6612.77 6620.35 6631.05 6644.79 6660.15 6674.82 6692.29 6710.51 6729.39 6752.57 6773.78 6793.42 6817.44 6836.87 6855.08 6874.81 6892.38 6921.69 6953.26 6923.65 6908.86 6908.57 6909.21 6918.09 6931.23 6946.7 6960.96 6954.5
6636.44 6642.37 6644.74 6643.48 6643.78 6640.13 6639.41 6638.78 6638.55 6637.13 6635.02 6632.33 6623.93 6609.97 6599.97 6592.51 6586.63 6581.77 6577.84 6574.73 6572.19 6570.44 6569.28 6569.86 6569.94 6570.23 6570.53 6572.82 6573.58 6575.87 6579.49 6583.13 6596.09 6622.36 6623.69 6616.36 6609.44 6599.7 6597.58 6599.25 6608.39 6619.03 6633.2 6649.42 6665.88 6684.22 6702.56 6719.49 6742.75 6765.78 6781.38 6799.98 6815.02 6827.48 6840.14 6842.3 6835.31 6851.73 6870.49 6861.13 6865.52 6880.31 6887.16 6890.48 6892.61 6889.28 6868.54
6646.48 6647.81 6644.5 6644.42 6643.72 6640.61 6638.3 6635.68 6634.23 6632.93 6631.43 6629.48 6622.33 6608.68 6595.99 6588.4 6581.55 6576.81 6572.72 6569.86 6568.74 6567.49 6566.71 6567.5 6566.96 6566.54 6567.39 6567.15 6568.3 6569.95 6572.71 6576.52 6588.74 6608.95 6610.55 6605.97 6599.47 6588.74 6584.01 6584.73 6594.87 6607 6621.28 6637.41 6654.85 6670.58 6688.27 6704.13 6724.54 6743.86 6761.34 6776.21 6789.55 6801.15 6811.53 6811.61 6796.66 6824.13 6845.72 6840.54 6849.02 6859.34 6857.29 6846.78 6835.59 6823.57 6806.77
6652.24 6652.28 6648.74 6644.2 6642.25 6638.1 6634.19 6630.29 6628 6626.58 6625.5 6624.26 6615.7 6603.76 6594.91 6582.66 6575.04 6570.51 6567.31 6565.68 6564.71 6564.1 6563.83 6562.56 6562.66 6562.92 6563.02 6563.46 6564.3 6565.43 6567.17 6569.91 6576.05 6593.45 6598.36 6594.39 6588.26 6579.45 6574.06 6574.42 6583.2 6593.03 6607.4 6623.01 6639.77 6656.91 6675.63 6688.71 6704.38 6716.94 6736.33 6750.21 6763.65 6774.83 6788.67 6800.89 6826.93 6834.39 6855.52 6878.18 6869.91 6853.34 6834.64 6810.63 6784.29 6770.11 6767.41
6657.3 6654.9 6649.06 6642.77 6636.24 6630.65 6625.63 6621.47 6617.83 6615.71 6614.74 6617.23 6606.52 6592.37 6580.4 6572.13 6566 6562.19 6559.77 6558.24 6557.26 6557.12 6557.28 6557.28 6557.72 6558.23 6558.6 6558.4 6560.47 6561.36 6562.89 6565.23 6570.67 6584.08 6588.84 6583.49 6577.97 6572.01 6564.22 6564.66 6571.56 6580.55 6594.45 6609.29 6623.52 6645.99 6662.91 6676.84 6692.02 6701.25 6709.61 6722.54 6736.1 6750.93 6763.39 6780.29 6799.49 6814.72 6854.87 6914.57 6880.71 6851.71 6824.59 6790.56 6752.67 6737.39 6742.96
6659.55 6654.05 6645.63 6636.9 6630.32 6623.38 6617.62 6611.94 6606.52 6601.28 6596.35 6590.56 6585.08 6575.73 6566.73 6559.78 6554.93 6552.62 6551.52 6550.56 6550.86 6551.48 6551.66 6553.6 6554.42 6555.17 6555.55 6555.41 6555.97 6557.07 6558.93 6562.56 6569.77 6575.13 6573.25 6572.39 6568.8 6562.96 6554.95 6551.67 6559.25 6570.8 6585.33 6600.01 6616.01 6631.27 6643.99 6660.07 6672.68 6686.73 6694.54 6707.88 6719.47 6730.62 6743.93 6754.76 6762.19 6791.04 6823.02 6840.11 6855.69 6846 6824.34 6792.12 6753.15 6736.58 6733.33
6660.12 6646.95 6636.37 6626.93 6620.1 6612.99 6605.64 6599.89 6592.75 6585.93 6577.8 6568.78 6563.33 6557.75 6552.13 6546.59 6542.91 6542.32 6542.97 6544.5 6546.74 6548.5 6550.25 6551.56 6552.9 6553.78 6553.72 6554.72 6554.93 6555.83 6556.93 6558.04 6559.35 6564.01 6569.86 6567.09 6562.74 6557.12 6548.7 6543.19 6552.58 6566.03 6581.05 6595.64 6608.92 6623.83 6637.78 6652.11 6664.6 6676.63 6691.36 6696.49 6707.73 6717.85 6727.39 6739.47 6745.62 6789.46 6812.33 6813.96 6842.52 6846.45 6835.63 6813.7 6780.97 6759.98 6742.11
6645.05 6633.04 6622.98 6616.01 6607.84 6600.75 6594.26 6587.38 6579.6 6571.33 6562.34 6553.41 6547.19 6540.77 6535.42 6530.95 6529.93 6532.73 6536.04 6538.74 6541.51 6544.23 6547.3 6549.57 6551.05 6552.98 6554.97 6556.21 6556.66 6556.92 6556.93 6555.96 6555.13 6560.29 6566.68 6563.29 6559.99 6556.05 6549.13 6545.59 6552.65 6567.01 6581.65 6595.88 6609.16 6621.02 6632.71 6644.63 6656.31 6663.02 6674.05 6684.7 6696.54 6703.09 6720.94 6742.87 6766.11 6822.04 6845.76 6854.66 6856.34 6857.63 6855.76 6850.44 6835.1 6798.26 6763.7
6617.57 6613.28 6606.47 6601.4 6594.81 6588.49 6582.67 6574.89 6566.96 6558.42 6549.87 6541.24 6534.18 6525.98 6517.12 6512.19 6517.24 6523.89 6529.38 6534.04 6537.68 6540.56 6543.71 6547.44 6550.56 6552.93 6554.99 6556.58 6557.89 6558.42 6558.09 6557.35 6556.08 6556.69 6556.28 6558.25 6560.87 6559.69 6555.3 6553.01 6558.55 6572.85 6585.13 6596.86 6607.79 6614.87 6624.17 6634.5 6645.22 6651.93 6663.04 6677.03 6689.15 6704.54 6723.27 6752.15 6801.63 6856.12 6874.03 6878.74 6870.45 6868.14 6870.27 6876.51 6873.4 6826.31 6782.9
6595.46 6594 6590.49 6587.15 6582.26 6577.55 6570.53 6564.21 6556.82 6548.8 6539.74 6531.94 6524.92 6517.41 6507.14 6500.83 6510.45 6519.34 6526.28 6531.61 6535.98 6539.89 6543.5 6546.88 6549.64 6552.66 6555.93 6556.54 6557.94 6559.74 6560.29 6560 6557.58 6556.79 6564.55 6569.52 6567.02 6566.99 6566.45 6569.76 6576.22 6584.09 6591.39 6599.16 6605.42 6613.19 6621.13 6630.66 6640.95 6650.08 6663.66 6673.45 6685.09 6698.51 6716.28 6741.31 6778.26 6844.09 6859.84 6868.25 6868.38 6866.76 6866.71 6868.23 6859.61 6825.79 6789.32
6579.48 6577.2 6575.72 6573.62 6571.65 6567.4 6561.8 6555.95 6548.78 6540.62 6531.23 6524.81 6521.03 6516.09 6509.21 6504.76 6512.97 6520.32 6525.73 6530.26 6534.31 6538.4 6542.14 6545.59 6548.29 6551.65 6554.25 6556.83 6560.04 6563.03 6564.72 6565.89 6565.97 6567.33 6572.66 6571.26 6572.44 6575.79 6578.84 6587.46 6595.24 6596.44 6599.27 6603.83 6609.38 6616.29 6622.63 6630.91 6639.23 6647.75 6655.28 6664.76 6674.89 6686.47 6701.43 6724.51 6759.39 6789.18 6829.98 6849.97 6854.88 6853.36 6849.26 6841.67 6829.6 6810.25 6784.32
6564.1 6564.1 6565.73 6565.88 6563.68 6558.49 6553.69 6549.09 6543.31 6536.95 6529.46 6524.54 6522.17 6520.14 6519.04 6519.58 6523.18 6525.23 6527.05 6529.71 6533.69 6536.76 6540.15 6544.35 6547.5 6550.96 6554.74 6558.14 6561.17 6564.9 6568.66 6572.45 6576.93 6579.73 6574.9 6571.65 6577.79 6584.62 6589.91 6598.23 6603.99 6604.14 6604.74 6606 6610.08 6614.4 6621.06 6627.77 6635.14 6643.17 6653.03 6661.95 6670.21 6678.74 6688.02 6695.18 6726.25 6772.81 6817.32 6831.33 6835.34 6834.48 6828.63 6814.44 6804.82 6793.3 6774.4
6559.17 6558.92 6561.22 6561.04 6559.27 6556.2 6551.08 6544.3 6539.39 6535.66 6534.82 6528.64 6524.93 6524.93 6528.38 6537.37 6533.79 6530.29 6529.25 6530.42 6533.13 6536.33 6539.99 6544.24 6547.62 6551.76 6555.8 6557 6561.43 6567.08 6572.43 6579.08 6587.53 6595.44 6588.78 6580.16 6587.69 6594.57 6598.81 6604.41 6610.05 6607.47 6606.61 6607.89 6611.75 6615.06 6619.45 6625.51 6633.14 6640.67 6649.09 6658.15 6668.82 6677.31 6685.08 6689.09 6719.92 6770.79 6798.34 6804.32 6810.21 6814.11 6813 6805.27 6794.69 6782.4 6764.67
6566.23 6563.96 6563.04 6560.13 6555.73 6551.58 6546.44 6540.42 6535.31 6531.25 6528.53 6526.4 6524.73 6526.09 6529.77 6536.04 6534.69 6530.8 6528.79 6529.75 6531.5 6534.48 6537.83 6540.28 6545.15 6549.47 6553.9 6557.95 6562.95 6568.59 6575.35 6582.9 6591.93 6601.17 6602.8 6601.91 6604.31 6606.24 6607.16 6605.75 6604.72 6603.33 6605.22 6607.25 6610.3 6614.2 6620 6624.9 6630.97 6639.54 6647.72 6657.06 6670.97 6680.12 6691.35 6704.71 6721.08 6747.45 6755.89 6766.86 6780.55 6792.35 6800.72 6802.61 6791.36 6775.73 6757.84
6581.56 6575.94 6568.34 6561.03 6554.43 6548.01 6541.85 6535.78 6530.16 6525.14 6521.12 6520.38 6520.89 6522.58 6524.79 6528.33 6528.61 6526.61 6525.26 6526.46 6528.76 6531.26 6534.4 6540 6543.28 6547.63 6552.23 6556.76 6562.32 6568.14 6574.96 6582.48 6590.95 6598.89 6610.44 6624.22 6621.84 6618.1 6614.11 6607.04 6601.25 6601.94 6605.03 6608.22 6611.64 6615.74 6621.84 6627.56 6634.02 6641.56 6650.83 6660.03 6667.24 6679.84 6695.49 6708.7 6709.03 6705.37 6703.62 6725.92 6748.02 6768.94 6787.11 6795.59 6784.96 6768.67 6750.92
6589.4 6581.52 6571.24 6561.69 6553.01 6545.63 6538.42 6532.12 6525.77 6520.35 6516.07 6515.64 6516.03 6516.76 6517.03 6519.68 6520.35 6519.27 6520.55 6523.18 6527.05 6531.38 6536.13 6540.56 6544.44 6548.91 6553.68 6559.16 6564.64 6570.34 6576.41 6582.45 6590.12 6597.42 6611.42 6629.12 6631.08 6627.14 6620.81 6611.92 6606.42 6604.44 6606.19 6610.06 6614.11 6618.52 6623.3 6628.95 6632.79 6639.14 6645.97 6653.69 6663.06 6674.84 6689.51 6705.52 6689.66 6672.38 6666.58 6690.53 6716.79 6742.77 6768.32 6783 6771.31 6756.87 6742.51
6584.91 6580.26 6570.74 6560.78 6551.67 6543.77 6535.92 6528.78 6522.42 6517.43 6513.81 6511.83 6510.93 6510.27 6508.34 6507.31 6506.96 6510.1 6515.22 6520.08 6524.87 6530.08 6534.93 6538.69 6544.95 6549.85 6554.36 6558.9 6565.26 6570.72 6576.39 6582.23 6588.96 6596.26 6611.19 6631.43 6639.05 6634.28 6626.31 6616.44 6608.81 6606 6606.81 6609.58 6612.24 6615.83 6619.5 6623.71 6628 6632.74 6638.26 6644.73 6652.47 6660.32 6669.07 6674.57 6665.69 6651.76 6645.22 6663.96 6688.17 6712.13 6735.34 6749.59 6746.94 6739.88 6732.49
6585.37 6576.95 6567.11 6557.95 6549.33 6540.93 6533.39 6526.1 6519.24 6514.21 6511.1 6508.32 6507.02 6505.78 6501.99 6498.13 6495.74 6503.11 6510.97 6517.39 6523.11 6528.44 6532.06 6537.56 6542.31 6550.81 6554.64 6558.09 6565.06 6570.24 6575.57 6581.06 6587.86 6595.03 6610.96 6640.83 6646.46 6638.61 6630 6619.68 6611.04 6606.72 6608.11 6611.03 6613.94 6617.46 6621.02 6624.3 6623.08 6626.58 6630.64 6635.17 6640.02 6644.18 6645.89 6644.47 6643.71 6641.42 6633.41 6646.14 6663.81 6680.32 6693.12 6706.23 6716.42 6720.64 6722.21
6579.06 6568.8 6560.89 6553.43 6546.16 6538.65 6531.48 6524.04 6516.32 6508.75 6506.08 6505.87 6505.28 6503.94 6500.1 6496.43 6494 6501.76 6509.81 6516.44 6521.97 6527.59 6532.85 6537.31 6542.4 6548.99 6553.94 6559.2 6565.76 6570.42 6575.5 6580.86 6586.73 6593.5 6606.64 6633.65 6641.53 6637.67 6631.06 6622.18 6612.84 6606.84 6608.61 6611.14 6613.87 6615.64 6617.69 6619.61 6621.77 6622.16 6624.29 6626.92 6628.15 6628.67 6628.13 6625.88 6622.45 6626.25 6628.53 6636.07 6644.16 6652.78 6661.96 6673.83 6688.06 6699.62 6709.49
6567.57 6558.68 6553.2 6547.78 6542.16 6536.46 6529.38 6522.87 6515.98 6507.79 6505.48 6506.1 6505.97 6505.33 6504.14 6501.35 6501.02 6507.12 6513.42 6518.9 6523.67 6528.31 6533.14 6537.95 6543.45 6548.56 6553.58 6560.54 6565.48 6570.7 6576.02 6581.98 6588.05 6594.6 6604.67 6623.01 6632.92 6634.16 6630.74 6624.9 6616.88 6611.85 6611.92 6613.22 6614.44 6615.27 6615.62 6615.86 6616.07 6616.99 6616.87 6616.11 6614.42 6611.88 6608.12 6603.2 6597.65 6594.49 6617.92 6626.66 6626.24 6627.83 6630.33 6645.12 6662.07 6677.81 6693.1
6557.4 6550.44 6547.45 6544.04 6538.97 6533.7 6527.99 6523.01 6518.58 6516.22 6511.57 6509.4 6508.91 6508.89 6509.82 6510.15 6512.35 6517.4 6520.08 6522.78 6526.04 6530.09 6534.87 6539.52 6543.88 6549.08 6554.39 6559.59 6565.85 6572.74 6578.47 6584.27 6590.75 6597.8 6607.68 6619.74 6627.73 6632.31 6631.57 6628.05 6622.41 6619.15 6617.44 6616.59 6615.65 6614.53 6613.34 6612.35 6611.37 6609.84 6607.91 6605.09 6601.35 6596.25 6588.89 6583.01 6577.13 6573.41 6595.51 6606.08 6605.37 6605.23 6608.3 6621.43 6638.28 6654.65 6671.43
6554.25 6551.39 6546.69 6541.6 6536.3 6531.43 6526.56 6522.75 6519.68 6518.1 6514.85 6512.48 6512 6512.73 6515.23 6518.51 6528.3 6528.64 6525.98 6526.47 6528.15 6531.24 6535.32 6539.54 6544.43 6549.78 6555.01 6560.27 6567.01 6573.07 6579.39 6586.16 6593.59 6601.4 6610.26 6620.75 6630.46 6635.22 6634.55 6631.82 6627.64 6624.71 6622.65 6620.48 6617.83 6615.4 6612.58 6608.88 6605.78 6602.53 6598.83 6595.04 6590.44 6585.04 6574.66 6570.32 6565.98 6563.76 6572.3 6579.14 6584.29 6585.77 6589.98 6602.04 6616.68 6630.42 6643.11
6558.24 6555.83 6546.77 6539.39 6533.48 6528.81 6524.97 6521.9 6518.83 6515.7 6515.07 6514.14 6514.37 6515.46 6518.25 6520.98 6527.04 6528.84 6527.65 6527.85 6529.15 6532.77 6536.37 6540.68 6545.93 6550.88 6556.63 6562.32 6568.33 6574.71 6581.72 6589.23 6597.31 6605.78 6614.66 6628.24 6642.02 6640.09 6636.25 6634.08 6631.71 6629.31 6627.31 6624.46 6619.91 6614.91 6610.13 6605.33 6600.59 6595.41 6590.03 6585.26 6580.91 6578.24 6576.63 6565.21 6559.43 6560.03 6559.21 6562.3 6570.18 6572.07 6574.15 6586.62 6598.29 6608.04 6614.5
6565.6 6556.09 6543.64 6536.23 6530.1 6525.58 6522.88 6521 6519.39 6516.92 6516.03 6515.3 6515.27 6516.29 6518.43 6519.08 6522.07 6524.39 6526.17 6528.63 6531.08 6534.64 6538.09 6542.25 6546.44 6552.56 6558.23 6564.52 6570.72 6577.12 6584.13 6591.76 6600.77 6609.94 6622.39 6636.59 6643.22 6636.41 6633.48 6633.43 6634.31 6636.4 6635.21 6627.48 6620.28 6613.76 6607.43 6600.38 6594.22 6587.68 6581.4 6576.2 6570.41 6567.04 6567.77 6554.45 6546.06 6545.58 6553.01 6562.86 6562.68 6566.77 6572.14 6576.12 6583.74 6590.16 6594.01
6571.68 6558.25 6543.39 6532.54 6525.24 6520.78 6519.03 6519.09 6521.28 6521.46 6517.13 6515.23 6514.64 6515.3 6516.87 6516.19 6517.87 6520.08 6523.6 6527.16 6530.36 6533.91 6537.52 6541.95 6547.29 6552.59 6558.39 6565.19 6571.36 6577.75 6584.61 6592.04 6600.9 6610.21 6623.53 6636.32 6638.05 6628.17 6626.71 6629.07 6632.04 6636.78 6635.71 6625.66 6617.03 6609.56 6601.98 6594.85 6588.01 6581.2 6573.47 6566.1 6558.36 6549.34 6541.45 6538.73 6534.25 6536.03 6544.35 6551.33 6553.81 6553.68 6558.61 6565.99 6572.41 6577.15 6579.84
6571.83 6556.95 6538.75 6525.43 6517.84 6513.86 6512.61 6513.48 6517.11 6518.26 6514.18 6512.42 6512.29 6513.06 6514.44 6513.57 6515.65 6518.37 6521.74 6525.19 6528.84 6533.16 6538.09 6542.65 6548.64 6552.68 6558.47 6564.64 6571.12 6577.37 6583.3 6590.91 6598.01 6605.45 6613.74 6620.17 6623.56 6616.22 6617.25 6621.3 6623.89 6624.8 6621.86 6617.24 6610.71 6603.71 6596.24 6589.18 6581.61 6574.64 6566.94 6558.87 6549.29 6537.93 6529.39 6528.51 6528.05 6530.38 6536.4 6545.04 6544.06 6544.74 6550.14 6557.8 6563.9 6568.1 6569.9
6561.68 6544.69 6524.96 6513.84 6508.2 6505.29 6503.69 6503.44 6504.73 6506.46 6506.35 6506.94 6508.16 6509.35 6511.01 6512.98 6513.96 6518.33 6520.04 6523.25 6527.45 6532.15 6537.28 6542.4 6547.82 6552.67 6557.55 6563.57 6569.5 6575.05 6582.88 6588.39 6593.57 6597.94 6600.7 6600.62 6604.13 6603.49 6608.64 6612.91 6615.16 6613.55 6610.18 6608.67 6603.75 6597.39 6590.64 6583.49 6576.28 6569.58 6562.62 6555.12 6546.51 6536.26 6529.46 6526.79 6523.12 6526.51 6529.9 6529.41 6535.06 6538.63 6546.42 6553.53 6559.01 6562.45 6563.91
