real_craters/C135-500m.grd
DSAA
168 168
-41.6675 41.6675
-41.6675 41.6675
5274.6071812412 7194.6552771058
[rows 120 to 149 of 168, columns 0 to 66 of 168]
6733.88 6725.39 6716.81 6710.19 6702.94 6696.32 6689.38 6686.95 6681.61 6676.35 6663.66 6667.43 6661.14 6652.17 6643.29 6637.35 6630.53 6628.4 6626.22 6625.76 6615.75 6593.03 6570.62 6563.7 6578.98 6591.74 6600.12 6606.8 6617.46 6634.1 6631.97 6613.59 6603.12 6595.26 6589.18 6585.65 6583.46 6581.72 6580.91 6582.37 6587.9 6575.85 6559.49 6545.36 6532.04 6520.54 6513.38 6508.71 6506.8 6501.42 6499.07 6510.9 6521.15 6529.7 6537.17 6545.08 6553.25 6564.39 6572.9 6582.14 6594.34 6627.09 6644.35 6630.56 6614.36 6606.38 6608.97
6728.64 6720.55 6710.16 6698.84 6694.01 6687.93 6682.17 6684.1 6672.41 6662.83 6653.41 6649.55 6646.43 6640.92 6634.89 6628.38 6626.65 6624.73 6621.92 6615.93 6603.93 6593.02 6578.33 6573.36 6583.88 6596.84 6600.26 6603.45 6609.16 6623.65 6621.69 6595.3 6565.97 6567.42 6574.13 6576.91 6577.72 6579.01 6582.39 6587.92 6578.4 6562.91 6551.57 6540.83 6528.99 6516.56 6504.05 6505.51 6504.27 6499.16 6497.86 6510.25 6520.63 6529.08 6537.14 6545.65 6554.82 6564.76 6573.42 6582.14 6592.65 6617.1 6637.48 6631.28 6618.42 6607.79 6611.57
6727.18 6718.54 6707.27 6696.84 6689.31 6683.35 6674.69 6653.43 6656.52 6650.89 6642.99 6638.16 6634.26 6631.14 6628.38 6625.55 6623.72 6623.57 6621.48 6614.28 6603.59 6603.19 6600.14 6592.65 6591.42 6600.4 6623.49 6605.2 6598.56 6602.16 6595.81 6583.36 6562.76 6561.67 6566.86 6570.56 6571.76 6574.69 6577.5 6580.09 6559.26 6548.98 6543.77 6535.79 6526.64 6519.14 6514.28 6509.48 6509.18 6509.85 6514.45 6520.51 6524.75 6531.65 6539.04 6546.87 6555.57 6565.26 6575.98 6585.72 6597.13 6614.51 6628.65 6632.03 6625.5 6619.3 6616.99
6729.7 6718.6 6708.66 6696.3 6685.72 6676.22 6664.39 6651.66 6645.73 6641.49 6634.78 6629.62 6625.66 6622.34 6620.13 6621.38 6619.97 6622.58 6626.25 6630.19 6628.95 6620.4 6604.03 6596.07 6592.15 6589.97 6583.97 6586.57 6586.87 6593.81 6593.69 6582.52 6573.95 6565.98 6565.43 6567.66 6569.98 6571.7 6569.84 6563.86 6555.9 6553.74 6540.41 6531.39 6524.65 6519.31 6515.4 6513.84 6514.75 6518.63 6529.29 6527.6 6528.15 6532.32 6539.38 6549.14 6556.47 6566.07 6578.26 6589.69 6603.22 6618.83 6640.32 6636.37 6632.33 6627.64 6623.94
6730.28 6715.41 6702.98 6692.93 6678.91 6666.51 6653.63 6639.71 6639.47 6636.54 6630.46 6624.87 6620.27 6615.4 6607.9 6604.6 6613.11 6619.01 6626.76 6639.58 6661.68 6627.72 6603.33 6595.67 6591.59 6586.41 6580.17 6586.31 6591.04 6588.67 6582.31 6576.85 6572.52 6568.93 6567.87 6569.36 6569.1 6569.73 6566.78 6559.39 6568.55 6551.62 6535.35 6525.48 6520.82 6520.33 6517.44 6515.41 6515.93 6519.06 6520.61 6524.77 6529.54 6534.96 6541.26 6549.8 6559.22 6569.34 6580.45 6593.32 6609.48 6633.28 6638.22 6631.34 6633.05 6640.27 6628.9
6721.11 6707.51 6692.88 6679.55 6669.31 6659.64 6648.26 6639.27 6639.18 6635.2 6628.27 6621.92 6617.29 6613.12 6609.49 6606.86 6608.88 6613.3 6619 6623.52 6614.08 6612.69 6602.86 6597.28 6594 6593.33 6592.95 6592.04 6594.7 6587.58 6577.03 6575.08 6571.31 6569.22 6568.81 6570.16 6569.83 6568.23 6567.41 6566.08 6571.96 6551.97 6525.39 6514.36 6511.93 6515.93 6515.13 6511.98 6512.69 6515.12 6516.17 6521.25 6526.98 6534.08 6542 6550.35 6559.89 6570.3 6580.2 6592.1 6603.92 6616.01 6620.04 6616.12 6622.18 6623.22 6617.26
6711.91 6700.33 6686.76 6671.71 6659.06 6651.92 6642.21 6640.37 6643.13 6632.44 6627 6622.26 6615.37 6609.44 6612.69 6608.53 6604.53 6605.9 6608.12 6609.63 6609.09 6605.86 6601.3 6598.36 6594.25 6591.51 6593.15 6593.89 6602.54 6589.87 6576.05 6573.46 6568.99 6570.8 6569.83 6567.35 6564.55 6563.17 6563.14 6567.52 6561.93 6526.86 6504.68 6499.03 6496.25 6493.97 6498.37 6502.4 6506.02 6509.32 6512.47 6517.31 6523.46 6531.77 6540.61 6548.07 6557.75 6567.33 6577.24 6587.28 6593.12 6593.38 6597.68 6602.66 6609.47 6608.64 6605.17
6709.56 6695.23 6677.4 6663.94 6647.56 6629.27 6630.12 6625.5 6619.49 6625.04 6623.53 6623.9 6611.9 6602.9 6587 6592.43 6597.37 6598.36 6598.35 6598.13 6599.84 6603.72 6604.25 6600.33 6592.53 6584.89 6581.25 6582.88 6579.73 6578.76 6581.84 6579.43 6577.65 6574.25 6569.24 6564.1 6559.34 6556.36 6554.01 6551.2 6534.91 6493.83 6486.33 6487.05 6484.5 6482.04 6486.49 6493.41 6499.05 6503.25 6503.48 6507.72 6519.29 6530.03 6539.35 6547.2 6557.21 6566.93 6576.3 6583.62 6588.74 6590.43 6595.26 6600.14 6603.38 6603.98 6600.11
6709.94 6695.83 6680.34 6664.28 6648.4 6632.76 6629.04 6629.85 6629.9 6621.22 6616.58 6606.37 6606.16 6603.58 6603.22 6594.58 6592.8 6591.15 6589.11 6586.53 6585.71 6602.57 6618.69 6604.86 6591.01 6579.74 6575.47 6572.95 6566.55 6569.09 6570.85 6579.7 6583.6 6577.01 6568.45 6561.26 6556.28 6548.32 6540.66 6527.63 6507.51 6493.11 6489.01 6485.91 6480.49 6477.22 6481.45 6488.46 6495.32 6501.06 6501.39 6506.45 6520.06 6530.99 6539.87 6549.27 6557.24 6566.01 6574.54 6582.4 6589.26 6596.42 6605.41 6607.72 6600.62 6591.46 6580.43
6711.94 6702.48 6684.05 6673.2 6658.29 6644.86 6634.11 6627.72 6624.39 6619.24 6613.75 6612.46 6607.54 6604.91 6604.82 6597.97 6590.75 6586.87 6583.37 6579.09 6576.3 6591.43 6614.17 6604.84 6589.8 6574.53 6571.63 6574.08 6577.62 6580.96 6581.37 6588.47 6585.71 6575.5 6565.66 6559.09 6549.09 6540.64 6527.84 6510.26 6492.72 6519.39 6507.64 6492.72 6480.86 6474.23 6479.97 6487.57 6495.37 6503.14 6509.33 6522.45 6525.7 6532.27 6539.85 6546.93 6555.16 6561.22 6570.61 6580.01 6589.13 6601.87 6615.25 6613.94 6598.13 6580.32 6564.85
6718.02 6717.37 6709.44 6685.52 6664.22 6646.52 6633.9 6624.19 6616.81 6613.06 6610.74 6607.81 6604.06 6600.25 6596.23 6591.97 6587.38 6584.22 6582.96 6579.14 6578.61 6593.4 6607.54 6603.17 6590.54 6577.07 6575 6578.32 6584.5 6586.37 6587.05 6591.38 6585.11 6575.61 6566.77 6558.07 6547.45 6535.48 6521.63 6508.31 6505.98 6541.05 6518.94 6497.23 6484.71 6479.19 6482.03 6487.72 6495.32 6504.17 6512.1 6523.94 6527.07 6529.66 6534.5 6542.02 6547.57 6556.07 6565.33 6575.26 6585.37 6596.31 6606.44 6604.26 6595.7 6582.84 6565.86
6716.86 6719.24 6713.53 6694.76 6671.65 6651.49 6635.12 6621.17 6617.08 6611.2 6608.26 6605.77 6602.21 6595.01 6591.1 6588.31 6587.85 6588.28 6588.75 6589.94 6591.11 6592.13 6608.82 6612.79 6598.99 6578.88 6577.49 6578.3 6579.98 6581.63 6582.97 6584.72 6577.84 6570.85 6563.31 6552.8 6541.63 6530.79 6520.12 6515.15 6520.89 6563.06 6520.34 6496.2 6488.15 6484.73 6484.54 6487.73 6493.41 6500.74 6507.11 6518.04 6520.52 6523.09 6528.59 6535.55 6541.83 6550.89 6559.85 6569.07 6578.22 6586.73 6590.93 6593.79 6601.42 6600.72 6594.72
6708.7 6708.08 6707.74 6702.54 6685.34 6664.25 6640.1 6616.9 6609.24 6605.53 6605.24 6605.42 6601.05 6589.84 6585.24 6585.85 6589.33 6594.11 6601.33 6608.65 6614.1 6608.31 6640.04 6640.23 6619.43 6598.34 6582.11 6576.28 6574.47 6573.64 6574.8 6570.22 6569.29 6565.22 6557.37 6549.55 6540.01 6531.54 6525.78 6525.5 6532.24 6584.68 6524.14 6496.65 6492.92 6489.28 6486.34 6487.1 6490.77 6495.64 6500.79 6503.83 6508.69 6513.67 6521.5 6529.25 6536.44 6545.85 6554.53 6562.34 6570.95 6579.58 6589.82 6607.68 6620.06 6624.22 6629.22
6691.07 6697.78 6705.68 6713.35 6717.21 6685.79 6649.79 6617.14 6606.94 6602.82 6601.97 6604 6603.83 6585.83 6579.09 6582.82 6590.23 6600.62 6615.86 6635.91 6663.54 6689.95 6716.06 6679.27 6638.16 6608.03 6584.39 6574.32 6571.11 6569.43 6565.78 6566.99 6563.32 6558.21 6550.44 6543.55 6540.81 6534.88 6532.34 6532.42 6537.59 6562.07 6529.49 6505.31 6498.24 6492.06 6487.43 6487.19 6488.88 6491.24 6493.01 6491.35 6497.14 6505.74 6515.6 6524.31 6532.43 6540.4 6548.36 6556.53 6565.27 6575.92 6591.39 6627.64 6638.11 6636.02 6630.72
6678.84 6693.14 6703.71 6717.4 6722.27 6694.33 6658.12 6632.19 6606.03 6595.71 6596.98 6602.3 6600.34 6581.95 6576.32 6581.99 6590.81 6603.74 6622.01 6661.4 6721.1 6816.35 6797.64 6692.77 6623.31 6588.27 6571.91 6568.98 6569.39 6575.05 6563.5 6560.29 6561.46 6556.52 6549.56 6545.43 6539.36 6538.55 6535.61 6537 6537.65 6539.26 6533.44 6508.95 6494.08 6487.84 6485.91 6486.12 6487.81 6488.97 6488.65 6485.4 6490.7 6500.87 6510.57 6520.66 6528.76 6535.8 6542.8 6549.97 6559.04 6571.02 6589.25 6626.66 6636.54 6633.7 6627.41
6669.64 6672.4 6688.39 6704.73 6718.64 6684.54 6646.77 6614.81 6596.43 6585.76 6588.19 6596.84 6605.54 6587.58 6579.93 6581.18 6587.17 6597.37 6613.47 6640.52 6691.18 6750.2 6724.22 6649.58 6568.74 6541.3 6552.08 6561.51 6568.06 6570.22 6571.55 6570.29 6563.88 6554.36 6548.27 6543.01 6538.31 6534.26 6536.06 6536.47 6536.84 6535.54 6521.84 6502.87 6482.05 6480.52 6482.38 6483.95 6485.26 6487.23 6488.11 6485.84 6490.39 6501.3 6509.85 6519.09 6524.68 6530.51 6537.12 6544.55 6553.29 6562.97 6574.67 6597.35 6617.17 6613.83 6617.04
6659.16 6660.65 6669.82 6675.67 6673.57 6659.33 6636 6611.67 6587.76 6571.2 6581.62 6591.16 6590.17 6588.57 6581.79 6579.75 6582 6587.75 6593.9 6599.66 6594.98 6604.37 6620.62 6602 6544.36 6533.7 6549.78 6562.6 6571.32 6581.77 6591.42 6574.15 6556.93 6549.5 6542.72 6538.11 6533.97 6532.14 6531.76 6533.07 6531.05 6526.52 6495.21 6484.43 6476.55 6477.66 6478.45 6480.65 6484.14 6487.98 6492.01 6494.35 6501.87 6507.25 6513.12 6516.57 6520.98 6526.2 6532.04 6537.91 6545.05 6552.73 6561.67 6564.77 6572.11 6574.36 6571.73
6649.21 6655.1 6654.6 6649.65 6642.14 6637.06 6624.25 6606.63 6589.99 6579.58 6585.45 6593.66 6598.2 6583.94 6579.55 6577.36 6576.35 6576.85 6575.95 6570.82 6556.8 6566.17 6591.15 6589.16 6591.91 6569.08 6564.61 6576.72 6582.74 6577.89 6567.74 6567.97 6554.14 6543.66 6535.89 6530.07 6533.24 6529.86 6525.86 6521.82 6515.92 6502.3 6487.9 6476.95 6483.33 6476.77 6476.18 6479.02 6483.58 6489.47 6496.49 6503.73 6511 6513.75 6514.73 6516.96 6520.6 6525.28 6530.3 6534.91 6540.45 6545.53 6548.68 6542.37 6529.38 6536.22 6531.39
6633.67 6645.72 6640.96 6636.17 6629.08 6622.06 6615.97 6604.23 6595.02 6587.55 6594.09 6597.83 6601.85 6585.54 6578.08 6575.82 6574.45 6572.09 6568.77 6564.87 6563.04 6567.73 6577.44 6580.61 6572.34 6578.57 6585.03 6597.14 6606.35 6607.18 6600.45 6582.7 6556.72 6538 6528.84 6525.04 6521.27 6521.9 6517.21 6512.92 6503.72 6490.6 6480.89 6473.47 6469.76 6470.13 6473.11 6477.53 6484.04 6490.38 6498.31 6506.34 6518.28 6515.51 6513.07 6512.51 6515.85 6518.86 6524.39 6528.58 6529.65 6532.95 6535.34 6538.32 6521.5 6515.47 6512.09
6628.7 6620.87 6628.09 6626.52 6619.89 6609.62 6598.76 6595.67 6595.48 6603.94 6597.99 6595.92 6594.22 6586.04 6580.97 6577.5 6574.96 6572.15 6568.14 6565.64 6569.34 6573.75 6583.14 6579.27 6577.6 6582.43 6598.44 6618.17 6641.21 6663.25 6666.89 6611.99 6552.62 6533.46 6527.54 6522.9 6517.68 6513.7 6508.2 6499.62 6490.93 6482.78 6471.05 6460.87 6453.74 6463.41 6466.77 6472.65 6478.61 6485.05 6493.06 6500.51 6508.16 6509.13 6506.88 6507.65 6508.19 6510.77 6512.37 6515.45 6518.27 6518.91 6515.29 6504.09 6493.39 6505.54 6510.23
6624.73 6624.55 6624.3 6621.05 6613.16 6602.35 6590.29 6589.17 6588.06 6585.66 6587.1 6591.67 6591.73 6588.15 6587.15 6585.57 6573.5 6575.69 6570.75 6564.75 6558.98 6571.8 6578.81 6579 6576.22 6585.15 6604.12 6628.99 6663.65 6711.48 6727.36 6645.98 6561.28 6539.66 6534.87 6529.42 6521.21 6513.17 6504.37 6493.91 6485.33 6475.49 6463.65 6459.35 6456.43 6458.51 6463.15 6469.9 6475.23 6481.01 6488.95 6493.71 6496.94 6499.01 6497.28 6499.76 6502.5 6505.27 6506.95 6506 6506.03 6504.5 6501.84 6499.74 6503.18 6503.55 6509.43
6639.57 6633.2 6624.47 6618.32 6610.16 6600.86 6592.9 6587.62 6583.62 6579.43 6581.82 6591.86 6602.62 6597.49 6591.91 6589.18 6581.19 6577.58 6572.28 6572.76 6572.51 6578.01 6585.87 6582.39 6577.5 6583.63 6597.4 6623.83 6651.23 6689.14 6729.54 6668.43 6585.69 6563.46 6550.87 6536.59 6521.92 6509.02 6499.31 6488.52 6478.7 6470.13 6458.27 6460.3 6460.14 6461.33 6466.73 6471.47 6477.9 6480.95 6482.22 6483.25 6483.37 6483.41 6485.79 6487.92 6490.84 6495.03 6498.01 6498.88 6498.28 6496.27 6491.12 6486.59 6482.89 6489.23 6499.75
6641.7 6629.6 6621.88 6614.47 6608.68 6600.66 6593.6 6586.84 6581.76 6580.49 6587.29 6599.18 6602.95 6602.55 6606.64 6604.52 6596.47 6590.5 6585.25 6580.91 6579.77 6584.2 6590.24 6579.37 6569.54 6576.1 6586.28 6601.97 6615.25 6624.86 6665.66 6653.61 6637.75 6606.5 6567.5 6542.56 6524.24 6509.23 6496.5 6484.06 6473.45 6465.52 6456.84 6429.78 6442.17 6460.63 6468.06 6472.13 6475.99 6476.84 6475.4 6473.14 6468.2 6468.1 6473.88 6479.52 6483.55 6486.69 6489.03 6487.81 6488.74 6487.94 6484.03 6475.12 6472.69 6484.16 6487.41
6629.67 6623.38 6621.44 6618.97 6610.68 6603.38 6595.62 6589.24 6584.47 6584.24 6596.63 6623.38 6631.49 6635.36 6628.68 6626.38 6619.17 6609.14 6597.48 6590.68 6589.95 6584.05 6581.69 6568.93 6563.15 6569.19 6575 6578.45 6581.46 6580.02 6585.06 6600.53 6615.48 6599.37 6565.51 6543.36 6525.29 6509.95 6496.88 6481.48 6467.68 6455.56 6443.64 6429.9 6447.75 6467.85 6472.81 6474.88 6476.75 6475.25 6472.89 6467.47 6461.38 6460.36 6467.52 6474.35 6479.68 6482.35 6483.85 6485.57 6487.73 6488.45 6487.59 6488.7 6489.92 6482.5 6473.65
6621.84 6623.07 6622.28 6620.24 6614.83 6609.4 6601.75 6595.42 6590.5 6590.26 6608.54 6676.46 6715.8 6668.01 6656.28 6656.94 6647.47 6628.21 6608 6587.4 6580.01 6580.18 6577.83 6573.3 6568.23 6566.6 6566.68 6564.66 6557.38 6542.37 6537.28 6547.13 6556.93 6552.11 6549.13 6535.9 6521.93 6506.78 6492.01 6479.21 6463.92 6449.53 6430.58 6454.91 6495.13 6480.09 6478.88 6476.52 6475.31 6473.61 6470.9 6467.32 6462.1 6460.44 6467.05 6472.86 6475.96 6477.88 6479.54 6481.18 6482.35 6483.73 6487.19 6496.11 6492.45 6464.17 6461.66
6618.34 6618.75 6620.51 6620.96 6621.06 6618.6 6612.23 6604.67 6598.48 6600.9 6622.61 6720.67 6815.8 6742.6 6716.25 6703.66 6677.98 6647.32 6617.34 6590.64 6581.26 6577.45 6574.84 6575.63 6570.81 6566.01 6562.47 6558.04 6550.64 6536.38 6521.51 6521.28 6532.68 6538.25 6534.29 6526.68 6516.24 6504.82 6490.09 6479.14 6466.7 6456.91 6452.76 6455.2 6470.5 6475.29 6472.98 6470.78 6469.57 6469.73 6469.74 6470.57 6469.06 6469.39 6474.15 6475.34 6475.52 6474.89 6474.99 6474.69 6474.86 6475.95 6478.97 6481.63 6474.34 6465.14 6461.41
6618.63 6617.05 6615.16 6619.37 6629.63 6636.31 6626.21 6611.65 6602.42 6608.45 6651.45 6702 6765.05 6801.16 6797.73 6751.7 6706.29 6664.64 6626.44 6596.92 6583.51 6578.24 6574.43 6572.74 6571.27 6567.39 6563.5 6558.23 6553.14 6546.7 6528.6 6521.3 6522.22 6525.14 6524.16 6518.82 6512.06 6503.5 6493.16 6479.36 6468.62 6461.08 6458.39 6450.71 6457.86 6465.44 6464.33 6465.74 6466.04 6468.17 6470.73 6474.14 6479.45 6489.01 6484.46 6478.33 6474.27 6471.64 6471.25 6470.7 6470.77 6471.28 6469.97 6467.01 6470.31 6475.82 6469.78
6615.7 6614.03 6612.06 6617.92 6635.69 6651.51 6633.12 6610.59 6594.81 6590.04 6593.53 6627.12 6699.67 6793.94 6827.75 6773.8 6719.85 6671.55 6627.78 6592.58 6582.89 6579.94 6579.19 6579.9 6574.37 6570.91 6567.35 6563.18 6557.57 6547.72 6528.3 6513.7 6513.58 6514.27 6514.5 6512.64 6506.4 6498.21 6489.05 6481.11 6473.5 6465.79 6459.98 6449.13 6452.4 6453.7 6456.73 6461.63 6465.62 6468.47 6469.33 6475.3 6483.28 6490.5 6487.35 6478.6 6473.24 6470.43 6469.15 6467.58 6465.87 6463.55 6460.81 6456.47 6459.32 6476.37 6472.39
6613.77 6612.83 6607.91 6613.23 6630.86 6646.44 6623.46 6599.26 6577.71 6563.62 6555.08 6564.85 6630.41 6733.02 6781.33 6757.92 6713.33 6667.37 6625.14 6591.38 6583.35 6583.16 6585.98 6586.87 6575.99 6574.73 6570.86 6565.65 6558.77 6547.27 6529.21 6514.66 6510.46 6507.79 6507.24 6506.96 6502.67 6497.41 6491.71 6483.74 6474.73 6465.97 6455.17 6449.79 6443.4 6441.35 6448.63 6454.53 6460.41 6463.95 6468.67 6471.83 6477.17 6484.04 6479.51 6474.18 6471.26 6469.41 6466.97 6465.36 6462.74 6459.45 6456.24 6451.64 6451.19 6462.03 6466.33
6609.14 6610.58 6617.99 6605.95 6604.38 6608.61 6597.85 6581.57 6562.88 6549.28 6543.14 6543.66 6593.91 6679.62 6734.72 6727.24 6695.83 6657.19 6621.62 6595.64 6586.64 6586.06 6590.36 6581.69 6576.63 6579.06 6574.78 6567.45 6559.26 6546.5 6530.37 6518.33 6512.42 6508.66 6506.74 6502.51 6494.77 6488.15 6480.71 6475.1 6469.13 6463.06 6453.39 6445.15 6436.93 6440.07 6448.03 6454.08 6456.24 6458.88 6461.43 6464.16 6465.62 6463.91 6463.72 6465.51 6465.54 6465.21 6464.95 6463.24 6461.28 6459.58 6457.25 6455.14 6452.68 6451.55 6462.79
