real_craters/C135-500m.grd
DSAA
168 168
-41.6675 41.6675
-41.6675 41.6675
5274.6071812412 7194.6552771058
[rows 30 to 59 of 168, columns 0 to 66 of 168]
6014.96 6036.2 6061.01 6084.18 6095.56 6025.75 6001.18 5981.04 5965.99 5961.12 5962.55 5966.29 5973.81 5977.51 5974.47 5966.31 5973.41 5986.1 5997 6005.61 6020.56 6062.98 6120.86 6182.26 6245.08 6272.46 6288.35 6290.47 6329.07 6334.92 6330.45 6326.5 6316 6308.18 6296.84 6293.14 6294.7 6295.37 6293.36 6297.82 6301.79 6304.2 6305.79 6307.77 6310.45 6316.46 6321.71 6322.47 6314.85 6301.03 6311.42 6329.88 6357.34 6386.05 6396.98 6404.49 6415.96 6431.98 6443.1 6439.31 6441.62 6446.44 6458.28 6476.59 6485.13 6485.13 6488.59
6049.77 6078.98 6104.14 6098.43 6078.05 6085.12 6055.08 6012.18 5978.38 5967.97 5968.84 5978.1 5992.14 6008.68 6023.13 6033.06 6039.4 6040.83 6041.86 6039.05 6054.39 6109.73 6183.73 6260.54 6330.56 6379.43 6378.72 6333.45 6339.24 6344.44 6346.69 6339.25 6328.63 6318.13 6310.47 6303.97 6300.41 6298.34 6291.85 6298.95 6301.32 6302.97 6305.01 6307.28 6310.46 6321.94 6332.36 6338.5 6333.71 6310.65 6307.79 6319.22 6338.05 6358.44 6373.36 6387.62 6403.29 6419.28 6431.93 6439.56 6443.43 6451.89 6468.68 6493.62 6500.67 6491.51 6489.59
6068.54 6134.68 6187.16 6210.03 6209.87 6190.61 6126.33 6055.73 6003.25 5985.11 5986.06 5996.91 6013.87 6035.83 6062.87 6071.57 6068.31 6070.04 6063.67 6061.57 6083.79 6150.39 6235.85 6330.6 6422.95 6503.28 6522.23 6408 6401.05 6379.38 6378.29 6365.07 6343.79 6329.43 6321.07 6312.53 6310.04 6310.46 6308.93 6304.95 6304.28 6305.68 6307.16 6310.46 6316.52 6331.54 6346.04 6355.17 6348.91 6325.4 6311 6310.22 6320.58 6331.2 6350.37 6372.6 6389.91 6403.03 6417.22 6428.21 6437.68 6448.1 6461.79 6478.11 6484.27 6478.73 6478.99
6101.45 6200.52 6291.18 6355.43 6395.7 6316.46 6194.69 6098.33 6027.37 6004.91 6001.48 6011.07 6027.89 6053.94 6090.82 6097.73 6094.73 6086.24 6071.55 6079.93 6113.01 6189.93 6286.21 6394.45 6511.94 6638.36 6725.19 6557.02 6535.93 6475.59 6425.09 6395.01 6366.68 6341.36 6323.1 6318.23 6318.9 6322.29 6319.69 6308.62 6305.84 6308.25 6311.67 6315.91 6326.3 6343.09 6361.85 6377.86 6385.41 6353.32 6307.68 6301.13 6311.47 6325.06 6344.2 6365.63 6383.11 6391.78 6407.76 6421.5 6429.24 6435.31 6441.51 6444.19 6445.66 6451.91 6460.28
6144.97 6274.45 6399.01 6488.5 6432.63 6335.59 6224.66 6130.79 6060.01 6027.41 6014.11 6017.26 6029.91 6051.11 6079.34 6091.05 6095.65 6101.34 6086.41 6102.56 6147.6 6227.15 6324.72 6435.76 6559.96 6701.85 6856.26 6707.29 6612.7 6569.12 6475.15 6426.44 6385.99 6352.46 6331.05 6322.89 6322.59 6327.31 6320.45 6306.29 6306.01 6311.24 6317.06 6322.51 6333.01 6354.16 6374 6392.87 6409.01 6363.41 6307.05 6300.41 6311.68 6328.42 6346.96 6366.51 6383.34 6403.91 6407.99 6415.14 6422.02 6422.72 6421.36 6414.24 6407.86 6425.99 6440.81
6178.46 6335.5 6480.91 6506.95 6376.91 6304.12 6231.24 6152.69 6085.16 6044.92 6022.77 6014.43 6020.37 6030.03 6042.33 6063.18 6086.02 6109.83 6115.98 6135.6 6180.33 6261.24 6352.26 6448.03 6550.56 6652.57 6723.52 6690.47 6649.8 6567.26 6502.36 6449.86 6404.53 6364.26 6337.76 6328.09 6323.54 6320.62 6309.5 6298.28 6304.57 6315.78 6328.08 6339.66 6351.17 6364.44 6379.41 6392.17 6392.61 6350.75 6302.58 6302.46 6318.57 6340.08 6360.56 6372.3 6380.43 6383.88 6399.49 6407.78 6412.7 6411.82 6409.21 6400.83 6394.48 6412.41 6429.61
6188.42 6372.68 6555.89 6634.1 6407.91 6324.42 6248.5 6170.29 6105.22 6059.44 6024.22 6012.64 6010.02 6013.45 6010.62 6039.03 6067.3 6097.82 6129.65 6169.9 6221.69 6289.55 6362.8 6439.4 6511.6 6564.47 6573.85 6606.88 6612.76 6544.85 6515.64 6466.93 6423.55 6383.67 6355.07 6337.92 6324.73 6312.14 6298.31 6292.31 6306.45 6322.06 6337.94 6352.96 6363.23 6371.77 6381.04 6386.99 6383.44 6358.19 6318.54 6313.14 6330.94 6354.18 6375.99 6377.8 6381.4 6389.12 6394.66 6401.98 6406.29 6405.21 6404.77 6403.28 6402.44 6415.83 6425.23
6170.78 6373.23 6581.87 6683.4 6511.67 6379.9 6270.36 6178.58 6113.11 6059.76 6019.65 6006.53 6006.65 6012.98 6017.4 6032 6052.07 6082.9 6129.69 6197.29 6259.04 6308.37 6362.14 6418.94 6470.5 6506.16 6526.28 6548.53 6543.99 6535.56 6512.73 6476.33 6444.27 6411.28 6380.61 6355.44 6333.45 6312.89 6304.03 6305.51 6316.8 6331.14 6346.12 6360.58 6368.01 6373.54 6378.88 6381.08 6376.72 6364.18 6348.03 6338.35 6346.23 6359.01 6370.77 6376.58 6381.01 6385.36 6393.2 6399.11 6402.64 6402.08 6404.03 6408.9 6427.52 6424.16 6423.47
6124.79 6315.03 6520.48 6683.03 6590.84 6409.43 6276.48 6171.18 6081.02 6022.17 6007.77 6002.95 6007.6 6022.36 6033.78 6038.86 6054.23 6086.15 6144.18 6214.1 6269.36 6312.4 6359 6403.2 6444.11 6476.86 6498.86 6521.6 6531.44 6542.57 6498.05 6480.35 6463.13 6441.97 6409.77 6375.54 6346.26 6328.19 6321.27 6325.07 6332.53 6340.98 6349.91 6360.78 6366.16 6370.82 6374.8 6376.14 6373.9 6368.24 6363.99 6365.18 6359.75 6362.86 6367.27 6375.65 6384.21 6390.16 6394.41 6398.34 6399.52 6400.45 6401.34 6403.72 6404.05 6408.64 6416.58
6081.59 6217.83 6347.45 6458 6441.62 6346.57 6241.92 6148.41 6065.35 6010.43 5999.61 5999.05 6006.71 6026.23 6044.17 6049.12 6065.36 6104.31 6159.27 6215.34 6264.41 6307.73 6350.69 6391.88 6429.85 6467.84 6498.73 6514.33 6532.29 6533.34 6500.57 6486.89 6480.07 6469.31 6433.74 6392.96 6357.11 6332.69 6337.19 6346.04 6352.11 6352.63 6350.67 6350.55 6360.35 6367.83 6371.89 6372.65 6373.09 6372.91 6362.74 6364.55 6367.67 6368.52 6370.96 6378.55 6388.81 6395.13 6396.8 6398.5 6398.23 6399.19 6399.43 6399.24 6396.94 6401.62 6412.05
6056.94 6125.29 6182.48 6243.84 6264.9 6242.63 6186.08 6122.75 6062.18 6021.45 6003.98 5999.28 6004.5 6014.09 6035.41 6059.42 6084.65 6123.59 6168.32 6211.44 6258.92 6302.38 6345.46 6383.55 6420.51 6453.96 6484.61 6504.13 6519.45 6526.05 6509.73 6496.81 6490.21 6485.65 6445.59 6406.24 6371.47 6348.7 6358.89 6377.21 6375.05 6366.57 6358.38 6350.58 6360.92 6367.42 6370.37 6370.85 6371.04 6370.3 6373.73 6377.39 6375.92 6373.58 6374.09 6379.46 6388.93 6395.96 6397.38 6398.71 6399.62 6398.59 6398.98 6399.89 6402.14 6408.34 6412.48
6023.83 6061.24 6093.15 6130.69 6152.65 6153.58 6129.22 6090.94 6054.64 6028.98 6013.43 6008.69 6007.52 6011.26 6038.73 6079.43 6114.5 6146.08 6181.7 6216.96 6259.09 6301.32 6337.83 6373.98 6407.56 6440.82 6470.66 6492.48 6511.81 6530.88 6525.01 6505.28 6486.77 6467.05 6440.38 6412.34 6391.8 6379.57 6378.49 6388.8 6387.09 6379.12 6375.48 6373.69 6371.21 6372.26 6372.66 6372.23 6371.41 6369.36 6373.44 6379.37 6378.25 6376.48 6375.32 6378.62 6384.34 6393.23 6397.84 6399.81 6398.9 6398.42 6399.73 6401.32 6402.63 6405.49 6411.98
6007.43 6026.82 6045.33 6060.95 6075.87 6087.96 6082.43 6064.95 6044.91 6033.48 6020.53 6017.39 6020.63 6027.74 6057.37 6106.1 6166.65 6185.32 6209.04 6235.39 6272.1 6306.22 6335.9 6366.76 6394.42 6424.77 6457.13 6484.5 6511.15 6537.46 6533.07 6507.62 6478.55 6449.56 6428.82 6409.18 6397.57 6391.81 6385.39 6385.48 6384.99 6387.14 6386.56 6384.95 6382.38 6379.78 6377.67 6375.55 6373.19 6370.45 6372.05 6378.08 6380.71 6380.34 6378.16 6382.04 6393.73 6399.15 6401.78 6403.09 6403.14 6402.92 6402.17 6401.95 6402.96 6407.38 6412.08
6011.85 6008.54 6005.96 5998.12 6019.43 6039.24 6044.71 6043.05 6034.72 6025.8 6025.07 6029.78 6038.04 6056.03 6073.74 6109.27 6169.06 6235.84 6254.18 6264.69 6293.67 6317.91 6341.45 6364.8 6387.18 6410.65 6445.47 6481.24 6513.73 6538.57 6532.13 6512.2 6476.69 6443.19 6419.88 6399.87 6383.78 6380.87 6385.8 6388.56 6392.8 6397.79 6399.99 6397.05 6391.99 6388.44 6384.71 6381.4 6378.86 6377.23 6382.53 6385.78 6390.08 6387.62 6385.81 6393.5 6407.27 6407.47 6407.07 6407.23 6407.5 6405.22 6405.13 6405.08 6404.23 6403.19 6412.76
6012.98 5999.83 5983.95 5974.96 5991.84 6011.33 6026.25 6032.98 6033.03 6027.02 6031.82 6046.88 6054.57 6064.63 6078.95 6097.16 6140.18 6264.66 6280.38 6283.86 6309.86 6329.62 6351.02 6372.52 6388.52 6403.88 6444.38 6483.24 6514.64 6533.84 6546.68 6517.22 6474.2 6440.19 6413.89 6393.02 6376.12 6378.95 6392.35 6404.95 6412.99 6413.86 6411.26 6407.63 6402.8 6398.38 6394.28 6390.09 6387.19 6385.22 6386.53 6396.03 6400.34 6394.02 6389.54 6392.29 6410.73 6409.54 6410.09 6410.92 6411.67 6410.68 6410.13 6408.74 6409 6411.86 6416.63
6025.68 6006.22 5985.14 5975.84 5988.31 6005.87 6021.7 6034.5 6046.45 6052.77 6064.79 6076.34 6076.07 6075.14 6092.21 6108.03 6152.1 6229.08 6261.79 6279.34 6307.83 6337.68 6368.84 6392.04 6405.85 6419.42 6456.15 6491.19 6519.96 6544.6 6503.88 6487.88 6454.84 6428.3 6409.57 6393.5 6382.25 6389 6405.11 6423.17 6437.83 6427.7 6423.49 6417.66 6414.83 6411.1 6408.15 6404.12 6399.17 6393.76 6389.9 6393.37 6401.26 6398.63 6392.91 6388.82 6394.47 6406.02 6411.91 6415.09 6416.87 6416.21 6415.68 6414.58 6413.42 6412.51 6419.85
6042.58 6020.71 5994.84 5984.85 5993.22 6006.44 6024.6 6043.02 6066.06 6101.09 6130.94 6114.94 6112.67 6115.63 6123.18 6137.25 6174.09 6232.44 6261.53 6277.53 6307.04 6356.93 6400.22 6430.51 6447.4 6454.37 6480.28 6499.76 6514 6515.65 6455.07 6456.44 6432.37 6417.14 6408.75 6400.6 6396.1 6405.41 6420.65 6435.05 6438.06 6433.44 6415.88 6425.19 6429.13 6429.27 6427.66 6423.45 6418.19 6408.73 6402.52 6405.44 6408.73 6406.57 6401.33 6397.01 6400.51 6408.81 6415.32 6419.33 6421.65 6420.82 6421.59 6421.51 6422.02 6421.79 6427.34
6053.67 6033.16 6004.73 5997.94 6003.17 6014.15 6030.33 6049.25 6073.87 6102.96 6122.69 6132.23 6142.69 6151.53 6159.47 6178.61 6210.1 6251.4 6281.82 6300.69 6332.84 6399.34 6453.01 6489.2 6518.01 6524.67 6510.57 6502.07 6494.67 6476.38 6429.45 6424.08 6417.05 6412.29 6414.27 6415.62 6415.68 6426.28 6438.08 6449.49 6458.25 6450.7 6440.23 6443.05 6447.43 6449.26 6448.86 6446.8 6441.97 6433.15 6421.34 6419.3 6419.61 6418.32 6415 6410.01 6413.02 6419.63 6424.17 6428.12 6430.6 6431.66 6430.3 6431.84 6433 6434.25 6439.27
6059.85 6048.63 6018.42 6007.14 6014.42 6024.16 6036.48 6053.36 6071.04 6090.47 6109.29 6134.39 6162.68 6179.28 6189.05 6205.81 6236.33 6269.76 6301.92 6351.65 6397.9 6475.38 6520.32 6539.92 6556.38 6556.23 6523.9 6497.58 6473.71 6442 6403.86 6407.06 6398.99 6409.04 6422.9 6438.12 6449.02 6450.75 6456.55 6463.99 6470.74 6470.99 6467.84 6467.4 6467.59 6468.88 6469.85 6470.4 6468.85 6464.9 6451.9 6430.77 6435.79 6442.51 6438.25 6428.1 6427.75 6432.77 6436.63 6439.82 6442.09 6443.47 6442.75 6442.62 6443.86 6447.67 6453.81
6069.2 6066.96 6040.28 6026.81 6031.33 6037.41 6045.78 6054.95 6065.18 6078.75 6102.26 6124.92 6163.73 6191.22 6212.67 6235.62 6267.63 6297.08 6332.28 6436.43 6543.74 6602.73 6596.43 6573.08 6548.33 6529.88 6510.29 6483.27 6454.07 6422.52 6398.09 6396.39 6394.38 6409.78 6430.86 6453.38 6467.55 6468.51 6471.06 6475.47 6478.5 6488.88 6497.14 6490.7 6487.94 6487.97 6489.77 6493.21 6499.85 6503.64 6504.41 6488.89 6492.25 6484.71 6472.81 6464.03 6454.26 6449.59 6451.41 6453.12 6454.93 6455.57 6455.74 6454.52 6454.21 6454.84 6456.85
6079.39 6084.21 6064.18 6053.06 6051.43 6051.94 6053.52 6055.9 6059.05 6062.32 6064.79 6098.08 6145.55 6192.91 6236.42 6276.39 6315.96 6351.71 6385.54 6523.5 6715.4 6729.25 6648.44 6584.98 6534.01 6508.82 6489.6 6463.75 6437.06 6408.87 6392.74 6388.74 6396.46 6412.03 6434.45 6457.35 6471.13 6475.79 6479.65 6484.85 6493.73 6504.72 6508.9 6508.54 6506.9 6507.81 6513.88 6520.22 6529.94 6544.32 6569.25 6604.74 6571.25 6533.96 6507.16 6486.88 6471.86 6467.48 6469.92 6469.95 6471.34 6471.07 6470.38 6467.13 6465.57 6463.24 6460.97
6087.61 6101.36 6088.83 6082.71 6073.86 6067.52 6063.03 6060.45 6057.65 6055.86 6059.21 6087.27 6135.81 6194.94 6258.52 6322.84 6366.82 6419.21 6444.26 6539.9 6692.07 6703.47 6627.82 6566.64 6515.5 6489.9 6468.6 6443.94 6421.85 6399.66 6386.08 6388.13 6391.59 6414.12 6436.32 6456.48 6469.68 6477.13 6483.69 6490.05 6498.18 6517.46 6523.53 6518.18 6519.14 6523.37 6531.17 6541.98 6557.71 6574.28 6597.49 6628.55 6628.15 6578.17 6536.75 6503.12 6494.74 6488.81 6486.32 6486.06 6484.19 6485.12 6481.75 6480.33 6479.36 6478.2 6480.8
6095.6 6120.86 6133.14 6111.07 6095.42 6085.24 6076.16 6068.66 6063.6 6060.88 6066.57 6093.1 6140.65 6199.26 6261.45 6326.73 6382.49 6455.24 6472.79 6493.78 6535.03 6545.43 6546.06 6523.49 6496.05 6471.94 6449.25 6426.7 6409.05 6393.98 6389.77 6390.41 6398.87 6418.28 6436.05 6452.32 6465.47 6475.11 6484.04 6491.28 6495.79 6499.1 6511.27 6523.15 6533.05 6543.55 6555.41 6569.37 6581.56 6596.66 6604.52 6606.81 6661.05 6610.52 6564.08 6534.87 6517.41 6513.05 6506.43 6501.78 6500.38 6498 6497.8 6493.89 6492.89 6493.66 6496.21
6102.9 6124.11 6133.51 6125.62 6113.51 6103.5 6093.44 6084.29 6076.48 6072.78 6075.7 6107.71 6165.64 6202.08 6244.24 6294.43 6350.92 6399.91 6424.87 6434.01 6437.67 6441.48 6464.61 6469.35 6465.45 6445.46 6427.51 6416.29 6403.94 6396.57 6391.06 6401.24 6418.98 6425.91 6433.24 6443.78 6458.22 6471.81 6484.53 6493.56 6495.57 6488.98 6506.12 6528.19 6545.21 6561.47 6579.65 6594.69 6610.52 6625.99 6629.78 6630.38 6683.93 6626.46 6581.37 6556.37 6554.2 6538.24 6527.27 6519.86 6514.89 6511.36 6509.02 6507.91 6506.74 6508.35 6509.64
6106.79 6132.49 6134.37 6134.83 6126.04 6116.24 6105.39 6099.85 6093.75 6090.29 6095.51 6122.6 6163.99 6198.6 6228.39 6266.24 6309.24 6336.02 6365.61 6383.2 6390.48 6396.34 6407.75 6413.78 6415.31 6412.27 6407.55 6404.51 6406.63 6403.6 6398.03 6430.21 6435.29 6426.93 6426.47 6433.08 6449.73 6468.25 6485.72 6500.82 6510.52 6518.85 6522.85 6542.33 6563.67 6585.07 6604.71 6627.57 6645.61 6656.25 6667.77 6676.81 6706.2 6643.61 6610.33 6587.87 6573.47 6561.25 6547.94 6538.22 6530.61 6525.87 6523.19 6521.96 6522.44 6522.76 6525.55
6097 6125.85 6142.17 6138.17 6133.87 6126.29 6119.69 6112.59 6110.26 6109.56 6112.11 6126.36 6159.72 6198.49 6230.06 6259.69 6287.47 6305.82 6332.69 6351.56 6358.05 6366.96 6365.52 6363.35 6365.89 6378.54 6387.61 6394.21 6401.69 6411.3 6427.1 6419.19 6421.88 6416.22 6418.22 6424.85 6444.78 6464.55 6487.07 6511.2 6534.24 6537.46 6536.69 6555.8 6577.64 6597.56 6618.09 6643.44 6661.06 6685.39 6709.88 6735.49 6743.15 6688.34 6670.12 6639.9 6609.37 6584.98 6564.01 6553.69 6541.79 6536.37 6533.42 6533.06 6536.57 6537.37 6536.93
6082.64 6101.84 6132.33 6133.7 6130.73 6127.78 6125.23 6125.67 6126.76 6128.11 6131.52 6135.87 6174.16 6211.44 6243.24 6263.79 6281.46 6298.21 6308.28 6316.3 6325.68 6329.83 6331.66 6329.64 6335.56 6352.38 6367.26 6381.75 6393.7 6409.13 6425.86 6393.67 6390.47 6402.98 6412.67 6425.13 6441.28 6462.25 6487.21 6517.17 6549.13 6553.5 6556.79 6578.32 6596.49 6617.58 6634.69 6651.67 6676.26 6705.84 6746.22 6787.43 6809.31 6769.14 6735.23 6683.21 6634.06 6599.52 6578.56 6563.61 6554.7 6549.43 6547.41 6553.99 6554.88 6555.35 6552.87
6046.35 6064.95 6107.67 6119.95 6121 6122.31 6126.19 6132.54 6141.33 6152.32 6163.85 6178.96 6210.32 6232.01 6250.8 6264.08 6275.71 6286.97 6288.68 6290.68 6301.45 6310.17 6309.21 6306.57 6314.64 6331.21 6348.78 6364.61 6380.25 6394.92 6399.98 6374.89 6376.36 6396.52 6406.9 6420.11 6435.43 6456.9 6481.74 6512.5 6550.55 6580.58 6594.76 6611.03 6627.34 6639.28 6657.08 6667.46 6686.96 6708.71 6750.7 6794.25 6821.17 6814.18 6757.38 6704.55 6648.51 6609.06 6588.81 6577.03 6569.54 6567.16 6567.75 6566.13 6567.19 6575.61 6576.88
6038.39 6033.91 6084.04 6099.09 6108.03 6117.89 6128.48 6140.52 6155.42 6175.01 6203.15 6246.99 6254.02 6254.22 6252.2 6262 6265.29 6268.62 6272.6 6276.51 6286.87 6296.1 6296.2 6288.58 6298.06 6315.95 6333.98 6349.47 6362.83 6373.61 6374.97 6373.85 6375.37 6393.38 6394.14 6406.35 6426.45 6448.66 6472.71 6500.03 6526.42 6576.29 6627.14 6643.86 6653.98 6657.48 6664.59 6673.51 6683.45 6702.61 6722.83 6756.07 6824.97 6857.38 6783.89 6734.68 6674.83 6625.43 6597.43 6585.71 6581.12 6583.57 6588.24 6594.19 6582.25 6593.68 6607.17
6054.64 6035.89 6054.76 6074.33 6090.53 6110.26 6129.64 6147.83 6166.65 6188.11 6215.63 6254.44 6269.59 6273.73 6274.54 6268.95 6259.87 6257.54 6263.29 6268.77 6278.21 6290.42 6291.34 6286.98 6292.43 6305.59 6319.55 6332.96 6344.37 6352.02 6359.82 6368.12 6373.04 6385.77 6388.38 6400.17 6419.44 6440.02 6462.64 6490.65 6529.2 6594.08 6658.74 6675.76 6681.2 6675.17 6672.2 6680.39 6682.63 6675.51 6677.8 6683.42 6692.8 6822.62 6869.74 6789.45 6700.54 6630.71 6601.55 6594.65 6594.05 6598.65 6608.84 6617.99 6598.19 6614.8 6626.81
