real_craters/C135-300m.grd
DSAA
279 279
-41.6675 41.6675
-41.6675 41.6675
5274.2532647903 7196.0165713618
[rows 120 to 149 of 279, columns 67 to 133 of 279]
6452.99 6458.49 6464.61 6471.75 6480.31 6493.05 6503.49 6511.3 6519.49 6529.05 6540.55 6550.64 6557.41 6566.25 6577.93 6586.15 6594.83 6603.34 6612.56 6624.23 6639.87 6654.7 6669.3 6678.58 6679.5 6657.2 6643.46 6639.38 6639.95 6649.27 6649.99 6652.74 6651.35 6643.75 6626.59 6600.64 6568.14 6530.06 6487.37 6437.66 6388.68 6373.4 6322.08 6269.91 6220.41 6170.2 6127.64 6082.88 6032.51 5964.08 5912.51 5850.15 5789.62 5730.6 5671.53 5612.56 5554.21 5495.19 5445.9 5405.84 5392.25 5386.25 5383.72 5380.85 5378.89 5377.47 5378.79
6453.76 6460.72 6468.5 6477.48 6488.15 6505.16 6513.02 6516.38 6523.88 6532.41 6541.21 6550.87 6559.77 6568.04 6576.09 6583.69 6590.63 6597.86 6605.55 6614.36 6625.53 6642.74 6659.43 6675.92 6682.08 6659.97 6647.14 6646.37 6654.87 6672.72 6676.93 6683.81 6684.98 6673.3 6649.59 6614.75 6574.25 6527.29 6476.94 6422.32 6367.28 6343.88 6286.96 6229.46 6176.54 6124.3 6078.17 6034.82 5991.18 5906.6 5853.25 5792.14 5734.2 5678.38 5623.35 5569.33 5516.11 5463.9 5419.11 5380.6 5368.48 5364.72 5364 5365.22 5366.9 5370.79 5372.38
6455.44 6463.16 6471.93 6481.62 6491.21 6501.59 6509.63 6517.63 6527.26 6536.09 6544.82 6552.22 6560.58 6568.47 6575.48 6581.29 6587.7 6593.1 6598.12 6604.31 6614.68 6628.92 6644.67 6663.84 6670.36 6645.3 6637.04 6649.5 6673.02 6705.1 6722.34 6733.18 6730.7 6710.97 6677.79 6635.73 6586.18 6528.45 6470.9 6406.98 6344.16 6311.97 6249.53 6186.1 6129.57 6070.14 6012.71 5954.04 5897.79 5825.32 5783 5729.34 5678.23 5627.73 5578.3 5530.38 5483.63 5440.07 5403.01 5371.2 5356.77 5352.01 5351.74 5353.25 5358.9 5364.87 5366.27
6457.57 6466.42 6474.64 6484.06 6493.24 6501.4 6509.63 6519.23 6530.07 6539.82 6548.27 6556.07 6563.63 6570.24 6576.75 6582.41 6586.73 6590.4 6591.27 6593.78 6602.02 6613.6 6622.9 6627.32 6621.9 6611.77 6614.88 6651.64 6693.74 6745.29 6785.56 6807.88 6787.74 6753.61 6709.71 6657.71 6598.96 6532.17 6466.53 6396.15 6326.56 6255.89 6213.75 6143.57 6079.69 6011.74 5940.65 5864.59 5787.6 5735.73 5687.99 5668.51 5626.01 5582.61 5540.31 5498.19 5457.93 5421.45 5391.67 5365.73 5350.76 5344.72 5344.61 5346.61 5352.39 5357.36 5360.51
6460.73 6469.22 6478.29 6487.88 6497.22 6504.02 6510.76 6523.46 6534.22 6543.57 6551.95 6559.96 6567.59 6574.23 6579.99 6584.17 6588.19 6588.96 6589.93 6588.83 6594.07 6603.02 6606.6 6602.62 6596.08 6600.78 6612.35 6660.97 6715.78 6780.76 6834.54 6859.24 6836.09 6792.74 6738.07 6674.21 6606.1 6534.72 6461.13 6382.97 6307.1 6230.5 6178.72 6101.6 6032.19 5953.5 5874.6 5790.25 5712.96 5660.42 5621 5612.1 5577.51 5541.01 5505.36 5469.57 5436.36 5405.99 5382.25 5360.72 5346.75 5340.32 5338.97 5341.42 5346.62 5351.8 5354.93
6464.36 6473.14 6482.86 6493 6503.1 6512.41 6520.96 6531.53 6539.62 6548.08 6556.33 6564.14 6571.98 6578.48 6583.6 6588.12 6592.21 6593.49 6596.06 6597.1 6599.2 6602.02 6602.89 6602.32 6608.29 6622.94 6638.05 6677.86 6735.55 6809.47 6866.68 6895.3 6877.12 6824.27 6758.89 6685.28 6608.71 6532.2 6451.9 6371.23 6289.84 6208.53 6147.06 6063.75 5982.93 5904.52 5821.08 5732.43 5653.39 5602.29 5566.72 5565.39 5536.39 5505.78 5475.6 5445.11 5417.24 5391.68 5372.61 5355.24 5342.89 5336.79 5335.04 5336.76 5340.27 5344.81 5349.4
6470.65 6479.9 6489.2 6499 6509.43 6520.95 6536.35 6539.28 6544.63 6552.44 6559.76 6567.67 6574.99 6581.65 6587.6 6592.58 6594.93 6599.5 6604.15 6607.89 6607.99 6606.68 6606.89 6609.74 6619.78 6631.96 6644.83 6686.74 6747.14 6815.67 6895.46 6942.89 6910.4 6844.25 6767.79 6688.17 6604.82 6522.93 6438.7 6354.89 6269.32 6184.65 6114.83 6029.94 5943.94 5863.64 5777.67 5690.48 5618.8 5564.74 5527.44 5527.36 5501.76 5475.77 5449.57 5424.47 5400.9 5379.39 5363 5349.43 5339.1 5332.96 5330.98 5333.1 5336.13 5340.28 5344.94
6476.31 6485.57 6495.04 6504.51 6513.86 6523.56 6532.73 6539.55 6546.95 6555.46 6563.55 6572.6 6580.19 6586.78 6593.13 6598.68 6601.14 6606.12 6611.36 6616.24 6614.73 6612.55 6612.1 6614.46 6621.47 6628.44 6644.56 6684.79 6747.4 6817.39 6897.61 6943.1 6913.41 6845.14 6764.58 6681.08 6593.1 6506.49 6419.26 6330.95 6244.89 6157.97 6082.62 5995.42 5908.12 5827.67 5740.47 5662.16 5594.72 5539.38 5498.67 5496.31 5472.54 5449.78 5427.51 5406.07 5386.09 5367.82 5353.56 5341.44 5332.05 5327.05 5327.17 5330.31 5336.37 5339.47 5342.75
6484.44 6492.35 6500.81 6509.6 6517.25 6523.96 6529.22 6536.62 6548.75 6559.02 6568.27 6577.18 6584.85 6590.49 6597.74 6601.05 6606.87 6611.47 6613.87 6617.86 6618.91 6618.25 6617.22 6616.12 6615.8 6623.74 6628 6672.93 6739.32 6805.39 6876.92 6910.31 6888.83 6824.99 6745.23 6661.56 6573.31 6483.9 6393.39 6303.83 6217.59 6127.91 6049.04 5961.42 5872.9 5791.16 5710.38 5630.59 5573.11 5521.64 5472.43 5467.78 5446.16 5426.18 5407.42 5389.67 5372.85 5357.4 5344.18 5331.7 5318.92 5320.32 5322.85 5325.78 5332.58 5336.08 5341.08
6492.62 6500.07 6507.22 6515.38 6522.93 6528.08 6528.37 6537.46 6553.45 6562.9 6571.18 6578.68 6586.38 6594.42 6601.52 6606.43 6613.33 6618.63 6619.74 6618.84 6624.89 6626.14 6625.06 6621.95 6616.69 6619.37 6631.92 6673.31 6732.31 6786.92 6846.08 6869.31 6848.55 6789.15 6710.06 6627.75 6540.23 6453.39 6362.26 6273.09 6185.6 6096.97 6013.44 5926.28 5839.76 5759.72 5679.36 5598.63 5537.93 5482.56 5440.42 5439.13 5421.55 5405.36 5389.99 5375.3 5361.55 5349.22 5338.12 5329.44 5322.54 5320.56 5320.37 5321.1 5321.3 5329.48 5338.15
6501.06 6507.87 6514.73 6522.5 6530.51 6538.64 6547.64 6557.87 6563.87 6569.19 6575.02 6581.36 6588.18 6596.09 6603.07 6612.07 6621.22 6629.63 6635.31 6638.17 6638.48 6637.95 6637.48 6636.13 6634.83 6640.07 6663.02 6694.82 6731.18 6765.75 6809.25 6823.97 6804.04 6741.5 6662.81 6582.46 6499.61 6414.14 6327.49 6239.21 6154.78 6067.56 5982.53 5896.39 5811.58 5731.62 5651.38 5568.34 5501.78 5438.75 5408.39 5387.37 5399.97 5387.44 5375.23 5363.44 5352.42 5342.68 5333.99 5330.25 5328 5322.13 5319.02 5318.84 5322.86 5324.28 5328.16
6511.18 6515.78 6521.88 6529.53 6538.41 6548.67 6561.49 6573 6572.89 6573.96 6577.78 6583.82 6590.51 6598.28 6605.58 6616.32 6628.73 6641.42 6651.2 6654.55 6653.02 6650.96 6651.39 6654.88 6664.3 6681.81 6699.6 6717.41 6728.21 6741.38 6765.77 6767.55 6740.46 6679.54 6605.95 6531.85 6450.2 6367.63 6285.96 6200.16 6115.69 6031.18 5951 5866.49 5783.56 5703.47 5626.16 5543.6 5478.12 5417.07 5386.94 5366.9 5381.51 5371.61 5362.07 5352.72 5344.02 5336.59 5330.05 5327.12 5323.44 5318.99 5316.73 5316.84 5315.32 5319.94 5325.42
6520.02 6524.53 6530.59 6534.64 6543.15 6552.96 6564.42 6575.97 6573.94 6574.34 6578.25 6583.95 6591.22 6599.79 6607.48 6619.18 6633.59 6650.69 6667.43 6669.28 6663.86 6660.92 6661.82 6668.27 6682.51 6700.85 6709.98 6718.76 6714.95 6711.17 6716.63 6698.71 6660.56 6606.38 6539.96 6466.62 6394.63 6316.25 6237.03 6156.57 6077.17 5996.2 5920.4 5834.73 5754.88 5677.35 5601.37 5524.18 5462.45 5409.14 5374.92 5354.33 5367.36 5359.04 5351.17 5343.64 5336.71 5330.74 5325.87 5323.53 5320.22 5315.33 5312.01 5314.87 5319.06 5315.46 5321.79
6528.2 6531.61 6535.56 6540.34 6544.98 6551.79 6558.87 6565.13 6567.09 6570.44 6575.79 6582.44 6589.67 6598.53 6608.05 6619.07 6631.54 6648.71 6666.79 6669.73 6664.86 6662.95 6665.21 6671.44 6681.97 6693.26 6700.56 6696.05 6691.87 6678.34 6668.36 6636.34 6590.14 6533.27 6468.98 6403.27 6332.72 6260.19 6187.45 6112.12 6035.71 5958.78 5885.84 5802.53 5726.48 5651.76 5581 5510.49 5452 5399.83 5365.51 5344.23 5356.02 5348.54 5341.49 5335.25 5329.74 5324.92 5321.3 5319.72 5316.7 5310.87 5304.55 5297.61 5299.8 5309.08 5315.42
6536.72 6539.02 6542.04 6543.53 6546.32 6548.58 6551.31 6551.65 6557.98 6565.03 6572.57 6579.73 6586.98 6595.33 6603.8 6612.92 6622.56 6636.1 6648.74 6655.14 6657.24 6659.36 6662.97 6667.94 6673.43 6679.73 6685.28 6679.63 6674.12 6651.27 6612.59 6579.37 6521.88 6460.04 6396.39 6331.35 6261.23 6201.75 6133.25 6062.93 5992.19 5919.94 5854.11 5776.78 5704.31 5633.14 5565.6 5498.96 5440.67 5392.65 5358.68 5337.64 5347.56 5340.91 5334.88 5329.53 5324.8 5320.77 5317.56 5316.27 5313.32 5307.78 5302.02 5295.72 5298.17 5310.86 5331.7
6543.65 6544.4 6545.7 6545.6 6547.65 6547.62 6547.77 6548.23 6552.96 6560.87 6568.88 6576.32 6583.35 6590.63 6597.02 6603.25 6609.74 6617.39 6627.7 6636.79 6644.46 6650.89 6656.51 6660.64 6662.78 6661.11 6659.1 6677.85 6672.19 6636.15 6580.79 6528.6 6456.68 6387.28 6323.71 6262.54 6201.82 6139.31 6079.45 6014.23 5948.48 5881.17 5822.5 5748.16 5678.55 5612.04 5549.29 5489.04 5432.89 5386.71 5352.84 5332.23 5341.72 5335.32 5329.84 5325.05 5320.75 5317.18 5314.33 5314.22 5311.81 5307.72 5305.01 5306.7 5304.96 5313.11 5338.86
6549.29 6548.98 6549.71 6549.48 6548.6 6548.95 6547.86 6547.61 6551.97 6559.3 6566.62 6573.17 6578.78 6586.79 6592.14 6595.23 6598.11 6599.49 6602.96 6619.78 6633.88 6644.27 6652 6658.03 6661.46 6661.33 6666.65 6700.83 6688.88 6635.05 6560.48 6487.59 6398.31 6320.36 6257.71 6201.48 6145.96 6093.1 6034.44 5974.9 5914.17 5851.24 5787.74 5721.16 5656.93 5594.77 5536.65 5480.88 5426.11 5383.36 5349.02 5328.02 5337.34 5331.42 5326.31 5321.87 5317.81 5314.43 5311.72 5312.44 5311.3 5308.87 5306.04 5308.95 5305.22 5309.49 5337.67
6555.65 6555.53 6555.36 6554.77 6553.19 6552.17 6550.57 6551.54 6555.09 6560.09 6566.87 6572.26 6578.04 6584.32 6589.02 6592.06 6593.67 6592.91 6597.14 6612.73 6627.94 6639.92 6649.72 6658.34 6667.86 6679.02 6692.45 6716.48 6708.36 6646.01 6552.46 6457.97 6347.95 6258.27 6200.37 6148.88 6100.97 6050.36 5997.1 5941.71 5884.9 5826.59 5767 5703.25 5642 5583.27 5528.18 5475.13 5422.09 5381.13 5348.74 5326.72 5334.8 5329 5323.94 5319.27 5314.88 5312.14 5309.73 5310.42 5309.86 5308.53 5303.91 5299.42 5302.9 5311.24 5349.86
6560.4 6559.6 6559.02 6558.44 6556.45 6554.94 6555.13 6555.22 6558.19 6562.42 6568.57 6573.57 6580.02 6585.21 6588.56 6592.48 6596.26 6598.3 6603.09 6615.71 6628.77 6640.63 6651.54 6663.04 6676.84 6693.43 6713.2 6746.53 6748.47 6672.34 6558.91 6444.87 6317.35 6215.32 6159.99 6111.88 6067.83 6020.26 5970.6 5918.83 5864.63 5810.77 5754.32 5688.75 5630.29 5574.95 5521.75 5471.57 5420.87 5381.54 5348.7 5326.81 5315.45 5329.06 5324.16 5319.01 5314.95 5311.68 5309.06 5308.28 5307.49 5306.04 5302.07 5303.37 5305.48 5321.57 5372.07
6566.14 6564.19 6562.8 6561.52 6560.11 6559.96 6559.52 6559.35 6561.77 6565.69 6570.94 6576.1 6579.88 6587.33 6592.65 6597.99 6603.91 6611.87 6617.23 6624.28 6634.49 6645.71 6657.69 6670.68 6685.86 6704.86 6739.4 6817.93 6817.72 6707.84 6574.31 6446.89 6312.09 6200.75 6137.53 6087.66 6042.94 5996.83 5948.91 5899.66 5847.98 5796.97 5743.12 5690.44 5627.2 5573.17 5520.59 5471.9 5422.86 5384.29 5351.46 5328.41 5315.61 5328.71 5323.67 5317.73 5313.61 5309.91 5307.4 5305.66 5303.41 5300.28 5297.13 5297.49 5307.16 5331.06 5390.47
6570.7 6569.26 6566.86 6565.92 6565.21 6565.22 6565.12 6565.28 6566.44 6570.85 6574.07 6577.51 6582.82 6589.34 6596.66 6603.01 6610.53 6616.21 6624.44 6632.03 6640.94 6651.37 6663.57 6676.66 6694.68 6719.26 6765.61 6834.72 6837.49 6728.98 6588.9 6456.41 6320.99 6203.48 6130.96 6074.32 6028.3 5981.18 5934.67 5887.21 5837.19 5786.95 5735.08 5682.79 5619.34 5569.78 5517.83 5471.69 5424.99 5388.94 5356.37 5330.92 5315.67 5328.83 5323.18 5317.46 5312.85 5308.89 5305.68 5302.45 5301.02 5298.16 5299.66 5302.72 5306.35 5327.48 5395.84
6578.84 6576.54 6572.76 6571.73 6570.79 6570.5 6570.65 6572.12 6578.52 6576.54 6576.6 6580.5 6585.88 6591.76 6598.72 6609.68 6619.02 6623.73 6630.8 6638.38 6645.95 6655.28 6667.1 6681.62 6700.73 6727.43 6771.76 6851.64 6841.76 6730.45 6596.37 6455.33 6335.78 6215.97 6135.28 6072.46 6022.01 5971.66 5925.26 5876.62 5827.42 5776.64 5726.1 5678.54 5616.32 5569.54 5518.3 5473.99 5428.57 5393.35 5358.96 5332.81 5316.68 5328.25 5321.82 5316.49 5311.65 5307.3 5304.23 5301.52 5300.74 5300.28 5301.44 5301.68 5303.17 5321.4 5394.66
6586.24 6582.57 6580.6 6578.57 6576.34 6574.96 6574.36 6575.15 6577.42 6577.09 6577.53 6582.5 6587.35 6593.03 6600.5 6610.77 6625.44 6641.77 6641.27 6642.26 6648.17 6657.31 6668.71 6682.59 6699.9 6722.11 6750.71 6806.87 6793.39 6713.2 6597.8 6467.09 6353.09 6235.86 6147.53 6078.79 6020.84 5971.42 5922.16 5874.2 5824.95 5778.25 5728.21 5678.44 5619.44 5569.5 5520.57 5475.6 5432.48 5397.67 5362.99 5335.72 5317.19 5327.55 5321.51 5316.02 5311.17 5307.18 5304.17 5301.7 5301.09 5301.72 5302.39 5300.2 5301.64 5319.29 5391.2
6593.51 6588.95 6586.21 6584.01 6582.04 6579.43 6577.73 6576.28 6573.98 6575.27 6578.76 6583.74 6589.38 6594.39 6600.01 6608.48 6621.41 6637.12 6638.12 6640.37 6646.23 6655.44 6667.23 6681.28 6696.78 6714.79 6733.93 6755.14 6752.89 6701.67 6602.63 6480.35 6370.32 6255.53 6161.37 6089.4 6030.1 5978.05 5928 5878.22 5830.62 5782.52 5732.45 5682.63 5625.45 5575.95 5528.14 5481.34 5438.8 5402.28 5366.06 5337.2 5317.37 5326.74 5320.08 5314.46 5309.79 5305.92 5303.47 5301.34 5301.36 5301.94 5299.01 5299.78 5304.97 5326.07 5386.75
6597.72 6592.66 6589.14 6586.81 6584.8 6584.07 6581.44 6578.63 6575.96 6576.47 6581.31 6587.04 6593.25 6596.41 6599.3 6602.54 6606.66 6614.24 6624.92 6633.18 6641.37 6651.89 6664.36 6677.5 6693.37 6709.49 6726.35 6739.86 6744.57 6711.39 6618.53 6498.47 6386.68 6267.3 6170.27 6101.72 6044.25 5991.29 5942.31 5891.74 5844.49 5795.43 5744.64 5693.66 5639.61 5589.01 5540.16 5491.27 5446.76 5407.8 5369.35 5338.56 5317.36 5325.37 5318.72 5313.83 5309.3 5305.66 5303.41 5301.27 5301.64 5302.58 5302.83 5303.48 5309.21 5332.42 5379.03
6601.89 6597.41 6595.23 6591.81 6590.68 6589.15 6588.03 6585.7 6581.65 6581.43 6589.12 6596.73 6600.01 6601.01 6600.19 6598.3 6596.88 6600.19 6614.99 6627.64 6639.79 6649.97 6660.53 6676.93 6690.67 6705.51 6721.17 6739.49 6764.92 6744.61 6645 6522.34 6406.63 6279.65 6179.23 6116.75 6062.62 6011.73 5962.03 5912.1 5862.91 5811.79 5765.76 5708.24 5655.49 5608.12 5555.65 5505.15 5457.73 5415.02 5374.65 5341.68 5318.42 5325.48 5319.13 5313.06 5308.61 5305.06 5303.21 5301.36 5302.63 5302.98 5303.66 5305.94 5310.32 5329.17 5365.62
6603.88 6601.38 6600.14 6597.16 6596.32 6597.31 6598.54 6598.24 6598.33 6599.22 6604.06 6608.28 6608.89 6607.83 6605.1 6600.81 6597.78 6601.7 6612.89 6626.17 6638.6 6649.33 6660.81 6671.94 6684.57 6699.16 6717.9 6744.82 6782.52 6768.18 6670.02 6549.78 6434.66 6308.04 6205.75 6145.22 6092.55 6042.68 5992.75 5943.05 5892.64 5839.49 5785.95 5731.05 5675.89 5623.16 5570.48 5518.47 5469.08 5425.06 5381.53 5344.71 5320.32 5306.48 5319.89 5314.17 5310.85 5307.32 5304.71 5303.26 5304 5304.16 5304.15 5307.03 5310.45 5324.81 5350.32
6606.2 6604.73 6605.78 6606.12 6605.12 6607.97 6610 6613.98 6619.51 6623.07 6624.45 6623.25 6620.29 6617.57 6613.99 6609.11 6603.89 6607.54 6618.14 6629.2 6639.48 6649.62 6658.37 6671.16 6679.24 6692.11 6709.84 6734.37 6762.28 6762.97 6687.92 6579.26 6471.41 6352.48 6250.79 6186.54 6132.22 6080.59 6028.86 5976.16 5925.73 5870.62 5815.41 5760.25 5701.92 5646.67 5590.62 5536.56 5483.86 5436.06 5391.87 5351.59 5325.12 5310.25 5322.47 5316.76 5312.59 5309.09 5306.43 5306.41 5307.49 5307.39 5307.7 5309.01 5309.64 5319.64 5336.1
6611.41 6611.06 6610.86 6612.92 6614.79 6618 6621.61 6628.83 6639.98 6650.4 6645 6636.51 6631.02 6628.26 6626.27 6622.97 6617.28 6620.19 6628.05 6635.01 6642.6 6649.07 6656.99 6664.43 6673.16 6682.75 6695.96 6712.48 6733.06 6761.22 6707.73 6611.37 6513.05 6403.48 6304.86 6237.85 6180.58 6125.26 6070.09 6015.58 5959.33 5902.3 5849.93 5791.83 5732.91 5674.56 5613.77 5558.49 5503.24 5451.97 5406.44 5363.33 5333.88 5315.9 5327.13 5320.83 5316.31 5312.58 5309.81 5309.06 5310.24 5310.91 5311 5310.94 5311.29 5316.97 5325.71
6614.68 6616.62 6619.53 6619.76 6622.33 6625.7 6630.27 6637.88 6648.97 6668.01 6653.33 6642.42 6637.64 6636.79 6639.13 6643.16 6643.97 6641.31 6639.65 6640.15 6643 6647.04 6652.16 6658.68 6665.48 6672.29 6680.46 6689.65 6722.08 6778.78 6732.31 6643.8 6555.85 6458.09 6366.13 6295.74 6232.04 6171.5 6112.51 6054.84 5998.42 5939.37 5885.29 5823.4 5764.31 5703.87 5641.85 5583.05 5526.57 5472.1 5425.05 5380.98 5346.69 5324.06 5333.42 5326.54 5321.06 5316.81 5313.6 5312.63 5313.95 5314.6 5313.12 5312.12 5312.29 5316.07 5319.66
