real_craters/C135-300m.grd
DSAA
279 279
-41.6675 41.6675
-41.6675 41.6675
5274.2532647903 7196.0165713618
[rows 60 to 89 of 279, columns 0 to 66 of 279]
6188.09 6296.93 6412.59 6524.99 6617.38 6636.4 6501.97 6388.47 6340.27 6294.43 6247.49 6200.77 6156.55 6117.52 6084.02 6060.79 6036.77 6019.29 6011.24 6008.52 6010.16 6010.24 6012.11 6009.6 6021.03 6038.87 6055.9 6071.95 6090.82 6110.06 6130.5 6154.8 6181.45 6212.84 6252.56 6292.41 6335.4 6380.38 6425.74 6470.11 6511.67 6546.27 6567.64 6570.96 6583.17 6604.43 6611.78 6584.61 6545 6538.79 6514.39 6486.19 6456.78 6431.08 6406.32 6383.29 6363.88 6350.96 6341 6332.37 6324.36 6316.45 6308.86 6300.36 6292.4 6292.94 6301.18
6182.05 6297.28 6421.5 6544.69 6648.42 6676.58 6549.28 6441.06 6378.69 6318.51 6261.73 6208.9 6162.91 6124.73 6102.85 6065.03 6034.51 6018.46 6008.65 6007.31 6006.73 6009.12 6010.63 6011.18 6019.36 6032.79 6046.69 6060.24 6078.28 6103.53 6129.78 6160.58 6204.6 6239.06 6271.36 6304.34 6340.84 6379.27 6416.88 6453.4 6485.88 6512.66 6528.99 6538.01 6550.24 6566.7 6571.39 6556.91 6535.23 6537.14 6515.89 6489.58 6464.29 6442.53 6420.5 6399.12 6379.64 6364.74 6351.73 6339.81 6328.5 6317.12 6305.49 6300.52 6296.75 6298.51 6306.79
6160.49 6279.47 6407.13 6536.12 6646.3 6681.75 6609.9 6509.39 6419.66 6340.75 6272.45 6213.89 6161.64 6117.33 6084.25 6051.32 6027.33 6015.1 6008.34 6006.97 6006.78 6010.12 6015.96 6019.54 6024.55 6033.13 6043.67 6055.79 6074.07 6102.42 6133.01 6167.22 6224.81 6257.32 6283.81 6311.11 6342.35 6374.94 6408.04 6437.53 6464.98 6487.61 6502.9 6513.35 6527.16 6539.75 6540.3 6530.44 6540.19 6525.04 6506.31 6488.1 6469.93 6453.63 6435.73 6417.67 6398.85 6380.8 6364.32 6349.06 6335.62 6324.4 6314.76 6308.96 6307.85 6310.99 6316.1
6131.98 6246.7 6368.85 6495.71 6621.82 6690.33 6662.18 6551.49 6442.09 6352.46 6277.61 6212.31 6155.47 6102.23 6053.84 6026.63 6014.45 6008.14 6004.93 6003.77 6007.69 6013.47 6023.71 6031.38 6032.71 6037.59 6045.89 6058.34 6076.37 6107.19 6142.78 6182.74 6229.91 6261.56 6288.08 6312.76 6341.29 6370.25 6399.07 6424.41 6449.38 6470.25 6485.42 6496.46 6511.84 6524.3 6529.24 6532.56 6548.44 6523.13 6498.43 6485.86 6474.63 6463.79 6450.77 6436.14 6417.4 6397.23 6377.54 6359.25 6343.45 6331.97 6325.28 6319.38 6319.14 6322.34 6326.7
6104.08 6204.54 6309.96 6416.76 6523.88 6601.89 6604.71 6514.37 6418.99 6336.13 6264.09 6200.06 6142.38 6088.45 6040.87 6013.02 6005.14 6001.31 6000.79 6002.21 6008.39 6016.29 6030.63 6040.36 6040.42 6043.73 6050.68 6062.09 6083.14 6116.21 6152.91 6191.76 6229.37 6259.47 6286.3 6312.02 6338.59 6364.97 6391.6 6414.44 6438.59 6460.4 6477.88 6492.97 6506.48 6518.1 6527.34 6536.67 6546.48 6521.56 6496.73 6486.41 6479.89 6473.2 6465.03 6454.35 6435.29 6412.07 6389.31 6368.31 6349.96 6335.32 6328.01 6327.46 6330.19 6334.46 6338.32
6080.05 6159.66 6239.52 6315.29 6384.35 6446.44 6445.94 6418.23 6361.53 6299.56 6239.48 6182.7 6129.23 6080.12 6038.11 6010.32 6001.5 5998.83 5999.04 6001.46 6007.46 6016.42 6032.72 6044.46 6044.8 6049.78 6058.28 6071.59 6096.89 6127.08 6161.11 6195.98 6225.31 6255.34 6283.38 6308.63 6334.73 6359.75 6385.02 6406.34 6430.56 6453.73 6475.35 6495.8 6504.59 6514.48 6524.96 6536.46 6535.98 6520.45 6499.88 6490.13 6485.77 6481.88 6477.26 6469.43 6449.42 6424.54 6399.92 6376.9 6356.19 6338.7 6332.73 6336.55 6342.6 6347.66 6352.4
6065.01 6118.7 6172.08 6219.38 6261.94 6308.57 6319.45 6317.39 6291.43 6252.05 6207.2 6161.82 6116.04 6074.75 6040.43 6015.33 6004.25 5999.53 5998.45 5999.98 6004.21 6010.88 6024.15 6036.14 6045.44 6055.95 6068.11 6083.77 6109.37 6136.88 6166.67 6196.48 6223.34 6251.77 6278.46 6306.44 6332.32 6355.49 6379.94 6400.93 6423.89 6446.57 6468.35 6488.32 6498.37 6508.93 6518.76 6526.4 6528.33 6520.67 6505.87 6496.13 6491.86 6488.78 6486.11 6479.84 6458.36 6432.94 6408.38 6385.3 6363.9 6345.93 6341.81 6348.51 6357.65 6366.43 6369.23
6050.27 6083.31 6116.76 6144.92 6171.87 6205.83 6222.33 6233.21 6224.74 6202.58 6171.36 6137.27 6102.35 6070.04 6044.5 6025.2 6011.06 6003.61 6000.87 6000.39 6002.44 6006.99 6014.3 6028.82 6046.85 6063.91 6080.04 6096.94 6120.46 6145.97 6171.49 6194.57 6221.22 6250.07 6276.39 6302.83 6327.81 6352.21 6375.47 6395.86 6417.2 6437.25 6455.88 6474.06 6489.24 6501.81 6512.11 6519.4 6525.42 6523.53 6511.66 6502.76 6496.8 6491.72 6487.71 6482.5 6460.03 6436.22 6414.04 6393.66 6374.94 6359.14 6356.35 6362.31 6371.83 6383.88 6384.02
6029.32 6053.19 6076.34 6096.02 6115 6140.86 6156.21 6169.04 6167.85 6156.47 6136.37 6112.81 6087.17 6063.16 6044.07 6028.64 6015.85 6008.77 6005.9 6004.01 6004.69 6007.43 6013.35 6030.24 6053.21 6076.31 6097.07 6115.15 6135.35 6157.57 6179.6 6199.56 6224.98 6251.18 6277.77 6302.64 6325 6347.26 6368.42 6390.2 6410.07 6429.7 6450.34 6467.79 6481.35 6495.39 6507.22 6515.54 6525.56 6531.48 6521.34 6510.46 6500.3 6490.58 6480.71 6469.34 6453.09 6434.29 6416.15 6400.58 6388 6378.41 6373.51 6374.98 6381 6388.61 6389.5
6010.36 6030.97 6048.98 6065.93 6086.08 6106.62 6116.31 6120.17 6121.94 6117.23 6109.28 6091.81 6073.68 6056.45 6041.68 6028.46 6020.42 6015.74 6012.06 6012.43 6012.33 6012.85 6017.93 6038.19 6064.44 6092.73 6120.49 6142.02 6156.62 6174.03 6192.8 6210.87 6233.82 6257.65 6280.92 6303.13 6323.17 6344.82 6363.97 6383.48 6402.69 6421.92 6443.33 6460.99 6474.65 6489.21 6503.16 6515.24 6527.8 6538.68 6529.78 6515.81 6501.56 6486.8 6471.79 6457.36 6443.9 6429.27 6415.39 6404.14 6397.82 6395.37 6386.53 6383.25 6385.15 6390.33 6391.29
6008.35 6019.18 6029.36 6039.38 6050.34 6056.77 6067.98 6075.49 6081.3 6081 6081.58 6070.37 6059.37 6048.06 6038.14 6033.32 6024.98 6020.14 6019.44 6019.88 6021.93 6025.66 6032.43 6051.38 6076.61 6108.19 6146.67 6177.43 6185.16 6196.86 6211.3 6224.17 6245.52 6267.82 6288.91 6307.5 6325.67 6343.18 6360.72 6377.45 6394.97 6412.72 6431.18 6450.99 6468.61 6485.56 6501.52 6517.65 6532.51 6543.72 6532.49 6516.8 6501.33 6483.47 6464.06 6448.04 6435.79 6423.29 6411.61 6402.13 6396.81 6394.99 6388.77 6385.68 6385.26 6385.14 6383.82
6013.04 6013.15 6014.86 6016.79 6017.35 6013.17 6027.01 6039 6049.46 6053.01 6057.68 6052.75 6046.71 6039.42 6032.56 6024.86 6022.17 6023.14 6025.02 6027.56 6031.93 6041.48 6053.55 6064.59 6084.46 6113.27 6153.69 6194.44 6209.95 6225.2 6236.63 6241.88 6263.45 6281.75 6298.75 6314.1 6329.88 6344.45 6359.84 6374.66 6389.27 6404.29 6418.37 6442.08 6463.58 6483.63 6501.68 6519.79 6534.88 6535.97 6531.95 6518.74 6502.64 6482.36 6460.42 6443.11 6430.08 6417.62 6406.12 6396.03 6388.13 6384.3 6384.41 6385.15 6385.63 6384.36 6380.9
6011.57 6007.77 6004 5999.99 5994.56 5988.25 6000.77 6015.11 6025.84 6032.67 6039.98 6039.23 6037.57 6034.23 6029.82 6027.35 6026.66 6027.18 6031.49 6036.98 6042.73 6051.86 6062.46 6071.71 6085.98 6106.28 6133.74 6179.94 6237.81 6275.12 6265.58 6262.19 6279.06 6295.6 6308.04 6321.16 6334.98 6348.61 6361.85 6374.8 6386.49 6400.37 6417.56 6438.25 6461.07 6482.76 6502.16 6520.45 6537.78 6530.99 6534.92 6524.55 6506.31 6483.33 6460.58 6441.87 6426.47 6413.03 6400.58 6389.52 6380.33 6377.61 6381.09 6385.64 6389.41 6392.66 6397.01
6012.36 6005.13 5997.55 5988.53 5980.52 5976.14 5986.44 5999.69 6010.69 6019.26 6027.64 6031.68 6033.3 6032.97 6030.43 6026.43 6025.17 6032.75 6040.6 6047.55 6052.39 6058.52 6066.48 6075.09 6085.72 6098.31 6115.24 6167.74 6245.29 6299.32 6279.72 6270.38 6291.74 6306.89 6316.19 6328.01 6341.64 6355.47 6366.81 6378.24 6387.85 6397.72 6411.63 6436.85 6461.42 6484.16 6503.83 6519.79 6529.95 6560.46 6545.77 6529.41 6507.49 6481.88 6459.9 6440.02 6423.29 6409.28 6396.81 6385.39 6376.02 6375.41 6381.37 6389.03 6396.15 6402.69 6406.69
6017.17 6007.53 5997.36 5986.07 5976.73 5973.48 5981.02 5992.46 6003.55 6012.9 6022.61 6028.67 6033.46 6036.89 6037.07 6033.31 6031.19 6045.85 6055.41 6059.74 6062.87 6064.61 6070.98 6080.02 6089.35 6099.57 6116.76 6165 6228 6266.03 6272.73 6274.93 6290.84 6307 6319.41 6333.83 6348.87 6362.6 6376.37 6386.19 6393.75 6402.42 6416.84 6440.93 6465.58 6487.63 6506.62 6522.36 6533.09 6544.61 6533.14 6517.79 6497.68 6473.35 6452.23 6434.43 6419.66 6406.62 6395.16 6384.88 6376.85 6378.35 6385.7 6395.06 6404.72 6414.43 6423
6026.67 6015.51 6002.42 5989.28 5979.39 5976.14 5980.62 5990.6 6000.7 6012.3 6021.75 6029.38 6037.34 6045.11 6051.62 6055.5 6055.5 6072.53 6077.93 6078.53 6077.74 6074.12 6080.69 6090.67 6099.49 6109.51 6129.16 6169.55 6216.44 6250.26 6261.23 6269.14 6285.13 6302.46 6320.04 6339.38 6359.06 6375.22 6389.87 6401.09 6407.58 6413.89 6428.19 6450.95 6472.83 6492.73 6510.67 6525.86 6540.45 6527.87 6500.55 6494.34 6478.99 6459.11 6440.04 6426.76 6415.6 6405.38 6395.99 6387.92 6382.79 6385.69 6393.52 6403.18 6413.96 6424.92 6435.87
6037.18 6025.77 6010.14 5995.22 5984.57 5980.79 5983.57 5992.65 6001.3 6012.35 6021.78 6032.01 6042.97 6055.49 6069.82 6088.04 6113.38 6110.18 6104.14 6100.59 6099.25 6097.86 6101.86 6108.64 6116.3 6125.23 6141.38 6178.17 6217.94 6248.71 6258.48 6266.87 6281.31 6298.65 6323.43 6349.21 6373.92 6395.29 6411.4 6423.45 6430.44 6433.42 6446.33 6465.58 6482.83 6497.91 6510.83 6521.85 6528.13 6507.13 6470.26 6470.33 6461.51 6444.44 6428.86 6419.81 6412.73 6405.71 6399.09 6393.28 6391.23 6395.08 6402.92 6412.6 6422.57 6432.03 6440.07
6046.32 6036.5 6018.05 6001.08 5992.43 5988.7 5988.79 5997.62 6005.01 6015.33 6025.36 6036.48 6048.93 6064.14 6082.66 6106.72 6137.49 6132.92 6123.5 6120.28 6121.82 6126.5 6126.8 6130.76 6137.72 6147.85 6164.92 6194.73 6227.49 6254.92 6265.14 6273.14 6285.61 6302.29 6332.86 6365.92 6396.06 6421.55 6440.37 6454.75 6462.8 6462.08 6472.98 6485.61 6494.17 6502.12 6507 6510.36 6508.91 6489.41 6443.59 6445.05 6444.98 6431.55 6420.06 6415.15 6411.76 6407.95 6404.57 6400.82 6400.28 6405.77 6413.78 6422.43 6431.23 6438.48 6441.49
6052.77 6044.46 6024.57 6006.55 6001.64 5996.28 5994.62 6003.95 6010.64 6019 6029.34 6040.43 6053.38 6068.48 6085.79 6105.2 6121.65 6128.09 6130.32 6133.73 6139.27 6144.27 6148.07 6152.67 6160.66 6173.35 6191.62 6214.04 6240.69 6265.75 6276.89 6287.33 6300.63 6317.65 6353.23 6392.19 6426.41 6454.3 6474.82 6493.1 6507.04 6511.66 6511.32 6508.5 6504.39 6501.43 6500.42 6496.5 6486.67 6466.51 6432.77 6425.48 6427.73 6420.87 6414.6 6413.01 6413.04 6412.76 6413.13 6411.88 6412.34 6418.56 6425.92 6433.4 6441.14 6447.6 6452.92
6056.29 6049.22 6031.97 6012.71 6002.78 6001.01 6000.86 6009.87 6016.13 6024.21 6033.6 6043.86 6055.61 6068.82 6083.13 6096.86 6106.92 6117.69 6130.43 6141.76 6153.5 6161.99 6166.97 6172.34 6180.27 6193.54 6211.74 6230.58 6253.38 6277.63 6296.45 6309.32 6327.41 6348.52 6386.75 6430.26 6465.07 6490.87 6509.85 6527.01 6548.71 6580.1 6546.11 6525.07 6511.28 6500.63 6491.83 6480.9 6464.26 6441.82 6409.52 6412.83 6414.88 6410.84 6409.22 6411 6414.9 6419.64 6424.33 6428.03 6430.7 6434.74 6439.69 6445.23 6451.34 6457.27 6463.96
6060.26 6056.11 6045.22 6025.22 6010.89 6008.18 6012.32 6016.74 6023.01 6029.31 6038.23 6047.34 6056.97 6067.54 6078.7 6090.09 6101.38 6114.35 6129.27 6145.64 6163.68 6177.4 6182.29 6188.63 6196.56 6207.56 6224.69 6245.38 6264.8 6284.71 6304.54 6335.21 6367.05 6394.99 6437.74 6483.2 6513.07 6530.07 6540.56 6548.43 6556.89 6558.34 6547.89 6528.88 6510.92 6495.84 6481.29 6465.75 6445.61 6425.02 6402.04 6403.98 6404.38 6398.6 6402.03 6409.83 6418.01 6427.05 6436.66 6446.44 6450.8 6451.15 6453.03 6456.33 6460.58 6465.05 6469.56
6065.78 6064.1 6058.72 6039.21 6022.28 6019.57 6023 6026.75 6031.38 6036.38 6042.35 6049.55 6057.6 6065.46 6074.08 6083.91 6096.96 6112.18 6125.26 6143.77 6165.35 6181.75 6191.84 6201.56 6212.21 6224.55 6241.63 6262.44 6279.94 6295.83 6320.26 6369.54 6423.76 6470.29 6517.43 6554.82 6569.15 6570.51 6566 6559.5 6552.25 6543.84 6535.74 6521.56 6503.97 6487.69 6470.45 6452.45 6432.15 6415.07 6398.8 6397.61 6397.68 6392.63 6399.23 6410.2 6421.18 6433.73 6446.11 6458.95 6463.78 6463.44 6464.01 6465.89 6468.81 6471.79 6474.17
6072.11 6073.26 6069.51 6052.28 6037.48 6033.67 6035.45 6037.16 6039.83 6043.47 6047.05 6050.77 6056.14 6061.39 6067.31 6074.81 6085.58 6102.04 6113.18 6134.88 6161.92 6182.41 6198.14 6213.84 6228.95 6244.78 6264.96 6285.95 6304.01 6319.38 6341.44 6410.56 6492.92 6573.92 6630.64 6640.7 6627.05 6606.17 6584.72 6563.78 6543.58 6528.43 6521.24 6508.99 6493.65 6477.77 6460.06 6441.82 6422.34 6408.89 6395.77 6391.4 6393.07 6393.81 6400.26 6411.54 6423.83 6437.52 6451.69 6464.21 6469.52 6470.95 6471.87 6473.1 6475.64 6478.41 6481.16
6077.97 6082.17 6080.8 6065.73 6053.85 6049.43 6048.7 6048.82 6049.91 6050.6 6052.22 6054.65 6056.64 6058.9 6061.56 6064.69 6067.75 6069.32 6093.6 6120.61 6149.93 6176.92 6201.81 6225.86 6248.55 6269.72 6293.28 6316.33 6337.26 6356.05 6378.37 6452.02 6554.2 6667.9 6744.05 6715.55 6670.98 6629.65 6594.16 6562.73 6534.98 6516.44 6507.74 6495.78 6481.03 6465.16 6449.26 6433.8 6415.34 6402.61 6393.29 6388.15 6390.21 6394.72 6401.45 6412.69 6425.93 6439.83 6454.05 6465.44 6471.36 6474.1 6475.96 6478.2 6480.79 6484.26 6488.8
6083.43 6088.92 6089.08 6078.92 6070.32 6065.96 6062.99 6060.74 6059.14 6058.15 6057.62 6057.9 6057.48 6057.59 6057.8 6057.45 6057.38 6059.35 6081.12 6109.02 6136.64 6171.35 6205.17 6237.98 6270.54 6301.12 6325.11 6350.46 6375.5 6395.99 6418.54 6482.05 6582.68 6700.52 6787.54 6740.43 6681.2 6631.99 6591.09 6555.38 6523.67 6504.71 6494.99 6482.65 6469.55 6454.59 6439.5 6423.12 6407.25 6395.91 6388.71 6389.19 6387.91 6392.47 6402.06 6413.91 6427.46 6441.03 6454.06 6464.3 6470.9 6475.24 6478.52 6481.08 6484.79 6488.18 6493.31
6088.05 6095.44 6104.19 6096.7 6089.77 6084.88 6078.95 6073.9 6069.99 6066.47 6063.98 6062 6060.13 6058.76 6057.2 6055.96 6056.75 6062.45 6079.99 6105.63 6136.42 6171.33 6208.85 6247.29 6287.59 6325.28 6351.09 6380.32 6413.51 6440.79 6447.03 6489.13 6570.05 6658.9 6726.23 6693.51 6649.26 6609.37 6574.1 6542.08 6513.11 6495.07 6484.05 6470.8 6457.11 6444.52 6429.12 6416.22 6402.53 6392.64 6386.76 6393.77 6384.95 6387.99 6401.26 6415.15 6428.39 6441.43 6453.4 6463.52 6469.97 6474.69 6479.02 6482.83 6486.61 6490.51 6495
6092.79 6102.46 6124.67 6127.83 6114.24 6103.46 6093.74 6087.2 6081.8 6077.27 6071.43 6068 6064.76 6061.71 6059.67 6058.29 6060 6068.41 6084.2 6108.32 6136.75 6173.71 6211.47 6250.71 6292.58 6331.75 6361.77 6396.54 6439.53 6483.41 6470.95 6483.48 6531.02 6576.13 6594.78 6598.62 6587.89 6568.36 6546.33 6523.92 6502.56 6485.98 6473.08 6459.83 6445.4 6433.25 6419.26 6408.64 6398.18 6392.23 6387.6 6394.97 6387.87 6392.07 6404.26 6417.09 6429.27 6440.9 6451.49 6461.18 6467.74 6473.26 6478.5 6483.07 6487.07 6491 6494.85
6097.75 6110.59 6131.07 6139.52 6128.28 6117.02 6106.23 6098.61 6091.41 6085.94 6080.69 6076.01 6071.75 6067.7 6064.67 6063.26 6064.17 6070.95 6087.45 6115.5 6145.85 6179.01 6212.37 6247.11 6284.39 6321.23 6355.08 6392.02 6435.29 6475.41 6466.33 6466.7 6486.09 6501.03 6498.69 6510.77 6522.19 6521.01 6512.66 6501.6 6488.91 6474.14 6460.35 6448.31 6435.06 6423.84 6413.29 6404.53 6396.69 6392.8 6390.67 6390.13 6391.44 6398.46 6410.36 6420.7 6429.94 6439.57 6448.95 6457.83 6464.43 6470.98 6477.07 6482.79 6487.74 6490.88 6493.38
6102.01 6116.14 6127.39 6134.04 6131.82 6124.62 6117.6 6109.52 6102.32 6097.28 6091.81 6085.95 6080.46 6076.13 6072.96 6070.87 6071.04 6076.13 6093.93 6130.66 6161.18 6185.92 6211.28 6238.47 6267.48 6300.61 6335.42 6369.17 6402 6429.89 6434.24 6436.94 6444.88 6447.94 6442.72 6451.98 6468.93 6476.19 6477.53 6475.71 6470.37 6458.38 6445.34 6434.25 6424.45 6416.31 6409.31 6402.63 6396.3 6393.62 6391.13 6395.63 6399.19 6410.15 6420.63 6425.22 6430.25 6436.71 6443.73 6452.65 6459.91 6467.66 6475.47 6482.37 6488.53 6492.89 6494.99
6105.51 6121.06 6128.57 6132.2 6133.11 6130.14 6125.34 6116.9 6111.2 6107.11 6102.14 6094 6089.56 6085.35 6081.73 6080.33 6080.85 6086.87 6104.12 6146.5 6175.56 6189.33 6208.33 6228.98 6250.6 6279.98 6311.89 6339.2 6359.09 6374.27 6394.35 6404.3 6410.44 6412.44 6410.53 6416.67 6430.02 6438.34 6442.5 6444.63 6442.88 6435.9 6426.71 6419.59 6415.4 6410.13 6405.86 6403.72 6399.29 6395.59 6391.6 6406.38 6416.51 6426.2 6429.7 6428.12 6429.19 6431.89 6436.52 6445.05 6454.9 6464.72 6474.8 6483.6 6491.3 6497.31 6499.58
