real_craters/C135-300m.grd
DSAA
279 279
-41.6675 41.6675
-41.6675 41.6675
5274.2532647903 7196.0165713618
[rows 30 to 59 of 279, columns 0 to 66 of 279]
5836.89 5824.88 5816.91 5813.73 5810.98 5808.07 5804.76 5801.35 5798.58 5798.38 5795.71 5795.8 5796.7 5798.04 5799.43 5799.87 5800.35 5801.09 5801.14 5801.08 5800.12 5801.13 5801.68 5802.7 5805.83 5809.08 5812.19 5812.27 5803.97 5797.7 5793.37 5791.35 5794.07 5805.38 5820.29 5836.37 5852.34 5867.4 5880.98 5894.53 5908.4 5922.86 5939.08 5979.5 6037.47 6037.69 6060.13 6074.61 6094.61 6117.17 6137.05 6155.23 6173.09 6189.09 6205.58 6222.55 6237.8 6250.64 6263.29 6275.73 6297.18 6321.17 6324.29 6326.07 6326.82 6326.23 6324.59
5839.33 5828.03 5820.95 5817.77 5814.94 5811.76 5808.28 5804 5799.2 5799.64 5799.09 5799.92 5800.25 5801.35 5802.37 5803.57 5803.91 5804.42 5805.11 5805.38 5805.1 5805.45 5805.97 5807.36 5809.09 5810.46 5810.53 5808.22 5805.49 5802.3 5799.36 5798.19 5801.23 5814.7 5831.87 5849.89 5867.65 5883.66 5898.54 5913.88 5930.76 5949.36 5971.03 6005.03 6060.13 6061.26 6064.93 6084.08 6107.75 6129.98 6150.96 6169.28 6188.21 6204.88 6221.13 6236.32 6250.26 6260.92 6269.25 6273.62 6282.56 6298.38 6308.16 6312.9 6315.82 6318.88 6321.5
5845.24 5834.84 5828.16 5824.2 5820.76 5817.17 5813.29 5809.05 5802.94 5796.85 5802.2 5803.86 5803.92 5804.47 5806.24 5806.97 5806.43 5808.34 5809.67 5810.02 5810.18 5809.81 5809.6 5809.93 5810.91 5812.53 5812.98 5810.84 5809.28 5808.26 5806.94 5807.51 5814.14 5826.16 5843.38 5863.32 5882.77 5898.65 5914.29 5931.39 5951.81 5975.8 6006.01 6045.92 6070.51 6067.11 6075.57 6103.02 6126.6 6146.28 6165.53 6185.68 6203.47 6221.34 6236.22 6250.88 6263.3 6273.2 6280.36 6283.58 6285.59 6289.49 6295.58 6301.08 6305.89 6310.59 6315.33
5853.54 5843.41 5836.89 5832.15 5828.04 5823.96 5820.12 5816.48 5813.48 5807.65 5807.51 5807.33 5807.75 5808.5 5809.82 5810.83 5811.59 5812.44 5813.19 5814.91 5813.44 5814.36 5813.84 5813.05 5813.62 5816.69 5819.03 5819.29 5817.02 5817.04 5817.15 5817.46 5823.04 5836.84 5853.52 5874.64 5896.33 5911.34 5927.38 5947.09 5969.24 5996.33 6027.7 6060.25 6060.59 6065.34 6090.47 6127.34 6147.38 6164.11 6181.68 6200.51 6218.31 6235.61 6251.8 6265.96 6278.05 6287.62 6294.75 6298.47 6292.48 6284.97 6286.59 6291.99 6297.36 6301.85 6305.53
5862.04 5853.29 5846.6 5840.98 5836.08 5831.38 5827.21 5823.77 5821.56 5816.4 5810.85 5810.99 5812.58 5813.88 5815.29 5816.94 5818.46 5819.91 5820.74 5821.42 5821.2 5820.9 5820.52 5820.22 5821.58 5823.7 5825.79 5826.41 5826.36 5829.3 5831.88 5834.02 5838.74 5848.58 5861.86 5880.05 5902.06 5917.69 5936.26 5957.95 5981.98 6009.45 6037.72 6065.44 6066.19 6073.48 6109.82 6151.2 6163.93 6178.61 6195.6 6214.18 6231.75 6249 6265.52 6280.04 6292.42 6302.17 6308.72 6312.17 6298.56 6280.86 6280.92 6286.23 6292.01 6297.22 6301.73
5868.68 5862.93 5856.27 5850.12 5844.49 5839.2 5834.3 5829.41 5825.72 5822.46 5820.34 5818.48 5818.3 5819.6 5821.86 5823.96 5825.99 5828.14 5829.3 5830.64 5830.34 5830.28 5829.89 5829.58 5831.07 5834.34 5836.44 5836.07 5840.21 5846.77 5850.6 5854.56 5856.76 5860.03 5868.02 5879.29 5896.37 5918.86 5942.01 5966.45 5991.61 6017.96 6041.3 6057.39 6073.35 6093.3 6124.37 6147.61 6172.39 6190.21 6208.29 6226.6 6244.91 6262.66 6279.74 6295.27 6307.9 6316.82 6320.4 6316.4 6302.7 6284.94 6281 6284.28 6289.57 6295.43 6299.74
5874.18 5870.95 5864.61 5858.53 5852.94 5847.51 5841.9 5835.28 5828.09 5825.98 5825.21 5824.07 5823.63 5825.4 5827.82 5830.42 5833.16 5835.49 5836.64 5838.41 5839.99 5840.77 5841.03 5841.28 5842.85 5851.57 5857.97 5861.58 5865.64 5871.83 5872.07 5870.33 5868.73 5869.23 5873.49 5880.95 5896.95 5921.86 5947.77 5974.49 6000.84 6026.55 6047.76 6062.45 6090.27 6120.12 6143.38 6154.88 6181.41 6201.97 6221.06 6239.51 6258.44 6276.92 6294.32 6310.94 6324.81 6334.01 6334.41 6326.11 6311.84 6294.62 6285.41 6284.88 6288.93 6294.57 6298.46
5877.7 5876.18 5870.98 5865.87 5861 5856.03 5850.7 5844.18 5836.98 5832.76 5830.11 5826.98 5828.76 5831.19 5834.3 5836.83 5840.05 5843.15 5846.37 5848.91 5851.17 5853.37 5855.26 5857.58 5861.79 5878.65 5895.91 5905.75 5908.14 5907.67 5896.65 5885.61 5878.91 5876.78 5879.19 5886.96 5903.35 5927.26 5953.66 5981.88 6010.09 6037.24 6062.17 6082.74 6104.93 6131.65 6157.52 6176.87 6194.6 6212.74 6231.52 6249.28 6269.03 6287.99 6306.74 6324.97 6341.37 6354.38 6357.5 6344.89 6327.28 6303.6 6288.55 6285.55 6288.64 6293.92 6297.29
5878.48 5877.9 5875.15 5871.64 5868.08 5864.34 5860.03 5854.38 5847.27 5840.85 5836.69 5834.07 5835.68 5838.89 5842.45 5846.18 5848.56 5852.45 5856.11 5859.84 5864.14 5869.54 5873.56 5877.72 5883.76 5911.52 5949.09 5966.52 5974.13 5947.67 5919.65 5899.17 5887.61 5882.95 5884.47 5893.05 5910.09 5933.95 5961.5 5989.45 6018.83 6047.76 6078.39 6111.24 6136.45 6129.07 6158.3 6188.21 6204.2 6220.53 6240.57 6259.41 6278.58 6297.82 6316.78 6336.24 6355.99 6375.42 6391.46 6383.17 6347.23 6311.16 6289.06 6285.45 6287.86 6292.56 6295.7
5879.07 5879.21 5878.45 5876.89 5874.91 5872.82 5870.09 5865.49 5857.17 5850.35 5846.1 5844.16 5845.39 5847.83 5851.69 5855.69 5859.1 5862.54 5866.97 5873.2 5879.43 5886.5 5894.63 5903.44 5914.09 5944.33 5982.36 6000.62 6007.47 5970.38 5931.23 5904.74 5892.04 5887.45 5888.75 5896.6 5915.5 5940.26 5967.34 5996.9 6026.87 6056.46 6088.39 6120.46 6141.48 6134.23 6152.5 6185.95 6206.8 6226.78 6247.32 6266.09 6284.47 6303.36 6322.07 6342.03 6361.65 6383.6 6407.98 6402.53 6356.67 6316.15 6290.17 6285.44 6286.95 6290.49 6294.06
5881.63 5882.02 5882.4 5882.22 5881.69 5881.04 5879.86 5877.84 5870.75 5862.86 5858.24 5856.76 5856.52 5858.46 5862.35 5866.06 5869.07 5873.72 5880.11 5886.08 5893.99 5902.88 5915.09 5930.41 5952.27 5978.02 5996.08 6002.56 6001.2 5963.81 5926.73 5902.38 5892.86 5890.74 5893.17 5901.09 5922.03 5946.92 5974.85 6003.57 6033.45 6063.07 6093.69 6120.7 6136.49 6133.14 6151.14 6185.22 6209.92 6232.27 6251.49 6268.23 6288.1 6305.76 6323.16 6340.12 6358.12 6374.58 6385.72 6377.84 6348.09 6315.3 6291.3 6285.84 6287.19 6290.38 6293.37
5885.71 5886.4 5887.28 5888.13 5888.44 5888.7 5888.58 5887.51 5882.2 5877.91 5871.33 5867.36 5866.64 5868.96 5872.82 5876.75 5879.77 5884.04 5891.08 5898.27 5906.05 5916.12 5929.99 5948.57 5973.11 5993.7 5994.7 5982.66 5960.55 5937.15 5912.03 5895.73 5892.99 5895.07 5900.76 5910.21 5931.14 5955.67 5983.32 6012.19 6040.11 6071.4 6098.82 6122.45 6138.01 6146.01 6155.51 6189 6215.24 6239.36 6259.83 6273.3 6290.53 6306.7 6321.47 6335.59 6348.12 6356.48 6358.51 6351.3 6333.39 6310.24 6290.77 6286.29 6287.71 6290.86 6292.83
5889.62 5891.4 5893.35 5894.92 5895.76 5895.98 5896.31 5895.59 5891.38 5889.32 5882.76 5878.96 5878 5880.23 5884 5888.32 5892.5 5896.97 5900.8 5909.26 5915.69 5924.91 5936.45 5952.54 5972.88 5989.71 5975.99 5956.84 5935.11 5917.05 5901.82 5893.79 5895.64 5900.86 5910.96 5926.37 5943.13 5965.69 5992.63 6021.27 6047.92 6078.36 6105.08 6126.67 6143.01 6153.88 6163.05 6198.77 6224.52 6245.33 6263.58 6279.14 6294.6 6307.67 6319.67 6330.36 6337.25 6339.16 6338.06 6331.84 6320.42 6304.85 6291.64 6286.64 6287.11 6289.75 6292.44
5895.52 5898.01 5901.28 5903.78 5904.75 5903.59 5900.91 5900.58 5896.74 5895.66 5891.68 5889.73 5889.72 5891.88 5895.59 5898.9 5902.4 5905.69 5911.72 5917.18 5922.59 5929.26 5936.95 5945.23 5952.09 5947.9 5939.18 5930.68 5916.52 5906.73 5903.86 5901.65 5902.21 5906.82 5916.51 5933.25 5952.44 5976.33 6003.35 6031.62 6060.57 6084.55 6110.27 6132.74 6150.86 6163.45 6171.9 6216.13 6237.61 6253.2 6268.01 6282.75 6294.09 6305.27 6314.72 6322.86 6326.84 6325.48 6320.31 6317.78 6311.18 6300.46 6290.54 6286.56 6286.7 6289.08 6292.42
5901.27 5905.37 5910.95 5915.37 5916.75 5913.59 5905.18 5898.09 5896.24 5896.82 5898.66 5900.06 5902.22 5904.02 5906.04 5908.01 5910.33 5913.02 5917.76 5923.37 5928.22 5931.5 5934.92 5935.32 5931.94 5920.24 5916.53 5912.01 5905.15 5902.85 5908.98 5910.28 5910.37 5913.62 5919.35 5934.73 5960.57 5988.13 6013.21 6040.81 6068.63 6094.71 6119.69 6142.49 6160.92 6176.96 6193.05 6235.9 6249.64 6260.95 6274.55 6284.64 6295.92 6304.78 6310.9 6316.79 6320.15 6319.67 6314.29 6311.99 6306.39 6298.37 6291.21 6287.86 6287.4 6289.93 6293.42
5903.5 5913.69 5924.02 5931.82 5935.45 5932.14 5918.17 5897.81 5898.98 5902.78 5906.23 5910.77 5915.15 5916.96 5916.89 5917.31 5918.58 5920.2 5925.6 5928.53 5931.06 5933.54 5933.55 5929.71 5922.99 5910.14 5904.96 5902.54 5900.05 5901.95 5911.08 5916.78 5920.05 5923.92 5930.45 5947.16 5973.05 6001.36 6028.77 6056.39 6083.51 6109.06 6131.71 6156 6177.77 6185.59 6226.66 6251.35 6259.46 6269.14 6280.39 6289.85 6297.53 6304.12 6309.44 6313.03 6316.65 6319.52 6318.66 6311.18 6304.47 6298.01 6293.3 6291.01 6290.63 6293.03 6296.28
5909.22 5925.25 5940.18 5952.77 5960.96 5961.81 5950.72 5925.77 5909.1 5908.61 5915.95 5922.85 5932.11 5929.86 5928.09 5927.92 5928.81 5929.84 5930.14 5935.96 5936.94 5935.7 5935.87 5929.54 5922.66 5912.71 5903 5901.47 5901.4 5905.08 5917.92 5926.4 5932.67 5938.43 5947.72 5965.76 5990.09 6017.98 6046.51 6074 6100.57 6127.24 6152.57 6174.68 6195.93 6207.05 6261.12 6267.17 6269.35 6278.14 6287.57 6295.46 6301.24 6305.75 6308.2 6310.19 6311.8 6315.01 6314.85 6308.2 6302.41 6297.95 6294.64 6294.36 6297.22 6298.58 6299.97
5922.34 5942.28 5961.6 5978.4 5991.95 5998.82 5997.38 5975.39 5934.95 5926.15 5930.57 5934.77 5936.52 5938.12 5938.07 5938.35 5939.16 5939.42 5940.23 5940.67 5945.21 5942.95 5939.52 5933.3 5924.85 5917.05 5908.63 5907.88 5910.49 5916.61 5931.22 5940.26 5948.24 5956.18 5967.73 5987.34 6013.07 6040.03 6069.15 6098.89 6122.14 6148.76 6172.65 6194.66 6217.79 6237.91 6271.18 6278.18 6280.32 6287.66 6295.81 6301.66 6305.15 6307.35 6307.12 6306.61 6305.01 6303.95 6303.39 6301.48 6299.44 6297.94 6297.56 6300.49 6305.13 6303.76 6303.19
5944.22 5966.22 5986.94 6006.3 6024.51 6039.65 6043.97 6017.58 5976.23 5956.26 5951.62 5950.12 5947.51 5947.13 5947.72 5947.86 5947.87 5949.05 5950.23 5950.48 5952.99 5951.1 5947.74 5941.52 5929.71 5917.51 5916.63 5921.61 5927.21 5934.18 5947.48 5957.51 5966.44 5975.12 5988.67 6011.37 6039.44 6069.9 6098.35 6129.77 6158.22 6175.37 6198.64 6216.9 6238.97 6259.01 6283.13 6289.93 6294.47 6301.92 6306.6 6309.28 6309.94 6309.26 6307.2 6304 6298.6 6292.51 6292.72 6294.98 6296.31 6297.4 6299.49 6304.47 6307.55 6305.09 6303.88
5979.77 5996.36 6014.7 6033.37 6052.55 6073.95 6102.06 6072.98 6012.24 5987.11 5976.04 5969.26 5963.68 5959.34 5956.7 5955.86 5956.29 5957.62 5959.16 5959.81 5961.06 5963.6 5959.22 5955.52 5946 5936.04 5934.72 5944.6 5952.29 5957.95 5969.74 5979 5987.1 5995.72 6011.54 6038.67 6070.01 6104.09 6138.47 6168.65 6198.52 6216.32 6234.28 6251.75 6263.76 6271.59 6297.46 6311.2 6319.15 6319.19 6318.61 6319.04 6316.69 6312.61 6309.71 6304.19 6296.94 6288.23 6288.84 6292.02 6294.6 6296.29 6297.73 6300.95 6302.08 6302.22 6302.83
6016.42 6026.94 6042.4 6058.11 6071.96 6083.32 6097.89 6079.02 6033.78 6016 6002.68 5990.05 5978.1 5968.52 5963.27 5961.21 5961.87 5963.18 5966.13 5969.27 5971.69 5976.78 5977.34 5977.21 5972.41 5968.46 5969.12 5978.98 5986.29 5992.62 5999.28 6003.06 6009.86 6017.84 6036.28 6065.46 6099.84 6136.63 6174.13 6216.26 6249.21 6265.81 6279.81 6292.56 6297.67 6291.43 6317.39 6332.08 6335.77 6333.37 6331.03 6329.02 6325.77 6317.61 6314.4 6308.16 6301.45 6294.67 6293.3 6293.98 6294.89 6295.42 6294.5 6293.08 6294.13 6298 6300.65
6039.82 6052 6067.8 6081.88 6089.63 6083.64 6065.61 6068.02 6061.58 6050.04 6033.42 6013.56 5992.27 5974.94 5968.77 5965.16 5965.67 5966.54 5972.16 5977.44 5987.14 5991.92 5997.81 6004.09 6005.29 6009.42 6020.61 6018.69 6021.81 6028.79 6028.89 6027.03 6029.68 6038.29 6060.91 6094.78 6133.05 6175.51 6218.4 6259.25 6297.64 6325.35 6343.54 6345.95 6334.86 6317.84 6322.02 6336.29 6339.03 6341.42 6339.8 6337.4 6333.13 6326.47 6320.4 6315.15 6309.08 6304.85 6300.83 6298.67 6297.88 6296.9 6294.41 6289.43 6292.09 6297.14 6300.33
6054.88 6075.27 6099.71 6118.14 6125.91 6115.84 6090.55 6103.55 6109.97 6094.04 6069.67 6040.6 6011.31 5987.15 5976.78 5971.4 5971.41 5974.27 5981.19 5988.23 5998.33 6007.91 6020.24 6031.26 6040.87 6045.32 6050.4 6048.25 6049.24 6052.26 6048.93 6045.12 6046.68 6056.31 6082.3 6121.75 6167.37 6213.07 6262.22 6309.96 6356.05 6390.97 6413.32 6410.91 6381.95 6342.2 6334.6 6350 6347.9 6352.75 6352.08 6348.76 6342.09 6334.9 6327.47 6322.59 6317.06 6311.44 6307.19 6303.96 6302.66 6301.6 6300.41 6299.36 6300.37 6300.18 6301.22
6065.7 6099.58 6136.41 6164.85 6182.94 6187.12 6181.62 6181.11 6176.44 6150.71 6113.45 6073.35 6035.46 6004.92 5989.32 5981.82 5982.68 5985.7 5992.34 6000.75 6009.73 6022.61 6037.88 6053.78 6062.36 6066.45 6064.86 6065.28 6066.68 6067.55 6061.28 6060.01 6061.28 6073.04 6103.52 6146.55 6196.29 6250.17 6304.44 6358.65 6410.59 6460.98 6492.13 6499.23 6465.38 6385.46 6346.43 6392.56 6372.75 6372.24 6370.22 6364.9 6354.84 6345.19 6335.6 6328.1 6323.43 6318.28 6312.42 6309.6 6308.45 6308.38 6309.19 6307.9 6305.75 6304.06 6303.64
6079.89 6128.26 6178.19 6219.73 6252.62 6275.13 6288.52 6290.78 6264.51 6212.9 6157.37 6105.34 6059.87 6023.23 6003.03 5993.28 5992.88 5995.24 6001.38 6009.58 6020.92 6035.56 6052.41 6072.64 6085.78 6085.1 6080.54 6079.29 6078 6073.25 6067.8 6068.6 6073.22 6086.74 6122.37 6169.65 6223.28 6280.76 6340.68 6404.16 6467.67 6532.52 6582.49 6608.75 6585.4 6457.49 6368.58 6478.34 6426.13 6408.55 6396.78 6384.77 6372.07 6358.25 6344.99 6334.42 6327.07 6319.33 6315.88 6314.34 6314.04 6315.26 6317.24 6315.12 6309.41 6306.65 6305.04
6102.06 6162.81 6225.24 6280.68 6327.55 6360.81 6385.4 6407.43 6347.25 6265.66 6195.21 6134.43 6082.29 6038.86 6016.04 6005.65 6003.07 6004 6008.41 6017.13 6028.42 6043.43 6061.37 6084.12 6101.64 6098.12 6095.93 6093.67 6088.75 6080.85 6071.74 6075.03 6086.13 6105.71 6144.25 6193.71 6250.27 6311.63 6376.98 6446.28 6518.31 6595.97 6669.28 6725.36 6719.77 6553.39 6406.45 6593.47 6504.66 6449.27 6425.87 6406.73 6389.36 6371.88 6354.85 6340.93 6330.16 6321.58 6318.78 6318.13 6319.28 6321.24 6323.82 6321.98 6313.79 6308.39 6306.13
6129.88 6202.14 6274.11 6342.56 6401.82 6442.46 6452.18 6452.84 6372.05 6288.78 6217.57 6155.82 6102.35 6057.21 6031.36 6019.79 6013.47 6010.82 6013.1 6021.03 6030.67 6044.16 6060.86 6082.16 6099.17 6097.68 6098.17 6098.74 6097.52 6090.84 6077.88 6083.73 6100.72 6126.56 6166.94 6216.98 6274.14 6336.61 6403.69 6475.78 6553.01 6636.43 6727.53 6816.04 6856.42 6656.29 6490.38 6674.16 6578.74 6494.39 6456.44 6429.27 6406.04 6384.93 6365.53 6347.81 6334.9 6326.02 6321.78 6320.73 6322.1 6324.47 6327.32 6323.78 6313.23 6307.76 6305.92
6155.82 6236.5 6318.94 6397.81 6464.41 6515.89 6477.71 6384.47 6343.57 6285.44 6226.46 6170.34 6120.22 6079.15 6050.55 6033.04 6023.17 6015.74 6015.49 6021.41 6027.72 6038.39 6051.77 6066.76 6079.66 6085.07 6089.72 6094.33 6100.97 6099.92 6093.12 6099.17 6116.62 6142.73 6187.27 6238.04 6294.97 6356.38 6421.52 6491.5 6566.23 6646.62 6734.47 6824.21 6860.67 6709.89 6584.13 6695.89 6609.83 6521.29 6481.52 6450.18 6423.09 6397.01 6374.48 6353.91 6337.81 6328.55 6324.54 6322.7 6323.08 6325.41 6328.38 6322.95 6310.25 6304.73 6304.41
6174.65 6264.48 6358.1 6444.07 6506.52 6512.78 6447.23 6353.67 6318.3 6276.59 6229.01 6180.21 6133.96 6093.34 6062.03 6041.53 6027.37 6018.27 6015.18 6018.57 6023.35 6028.8 6036.93 6045.39 6056.07 6068.03 6079.72 6092.04 6104.55 6109.14 6111.9 6120.45 6136.1 6160.99 6208.2 6258.22 6312.87 6370.84 6431.24 6493.92 6558.98 6625.74 6690.64 6744.22 6756.47 6698.38 6644.73 6666.22 6598.02 6526.29 6497.3 6465.79 6436.49 6409.56 6383.44 6360.73 6341.08 6332.47 6327.78 6324.76 6323.01 6322.69 6322.23 6315.53 6304.47 6299.87 6302.04
6185 6284.95 6389.53 6487.17 6558.94 6558.65 6453.33 6357.15 6317.62 6278.43 6234.99 6189.58 6145.56 6106.04 6075.11 6051.69 6033.6 6019.12 6015.46 6013.83 6016.17 6018.07 6021.42 6023.65 6034.54 6051.63 6068.83 6088.6 6105.34 6115.35 6125.61 6140.76 6159.52 6187.58 6230.64 6276.17 6325.42 6378.12 6430.91 6484.78 6537.82 6586.63 6624.45 6640.47 6647.59 6652.14 6642.7 6624.35 6572.67 6530.89 6506.75 6477.44 6448.08 6420.84 6393.86 6370.69 6352.17 6340.43 6332.98 6327.42 6323.07 6318.87 6313.95 6305.32 6295.54 6294.32 6299.95
