real_craters/C135-1000m.grd
DSAA
49 49
-23.81 23.81
-23.81 23.81
4545.3860241704 6492.2397081387
5971.96 5989.16 5987.47 5973.54 5945.53 5918.53 5899.94 5901.12 5907.63 5920.68 5942.05 5971.18 5986.63 5955.32 5939.04 5931.37 5925.51 5921.71 5918.64 5900.7 5878.22 5870.98 5867.39 5863.83 5861.44 5861.58 5884.63 5873.99 5864.39 5894.6 5902.38 5898.86 5917.7 5919.51 5915.48 5925.48 5939.57 5942.55 5949.88 5939.71 5923.43 5898.16 5868.82 5848.74 5848.69 5843.16 5848.82 5834.38 5807.64 
5939.36 5927.5 5949.21 5969.46 5987.42 5965.04 5960.51 5936.08 5925.79 5927.54 5944.18 5970.7 5987.27 5954.13 5945.21 5937.07 5931.92 5929.96 5922.95 5916.82 5905.68 5890.86 5882.05 5877.63 5873.56 5867.08 5868.91 5891.59 5902.62 5938.45 5971.12 5960.01 5959.3 5920.81 5902.01 5901.34 5907.13 5914.73 5921.46 5911.73 5888.36 5854.03 5813.5 5807.1 5808.51 5811.86 5836.29 5830.12 5804.28 
5926.21 5932.83 5941.2 5959.6 5971.96 5948.03 5939.5 5936.85 5932.66 5934.43 5936.6 5936.99 5954.24 5952.84 5945.84 5941.44 5937.4 5936.42 5940.65 5929.02 5918.08 5906.02 5899.44 5894.98 5893.52 5894.3 5907.53 5937.78 5975.03 5990.92 6077.1 6197.89 5981.98 5895.51 5879.04 5865.26 5865.5 5878.66 5895.07 5895.76 5875.76 5842.05 5804.82 5799.21 5794.85 5790.35 5807.1 5817.91 5800.27 
5922.69 5916.25 5938.24 5948.93 5939.55 5933.21 5929.27 5932.29 5935.33 5932.36 5929.89 5928.62 5949.36 5949.43 5949.17 5949.93 5942.11 5931.9 5928.66 5923.6 5912.49 5912.83 5915.59 5918.92 5922.97 5932.52 5948.03 5964.89 5994.88 6020.06 6061.16 6073.3 5941.62 5877.25 5864.3 5862.44 5856.4 5861.17 5890.42 5895.66 5872.56 5851.08 5832.02 5812.99 5807.05 5797.02 5828.89 5814.52 5794.38 
5917.46 5920.04 5939.93 5955.86 5955.51 5935.23 5926.96 5927.38 5931.91 5932.82 5931.51 5930.57 5932.56 5937.12 5965.77 5965.57 5950.31 5932.39 5923.35 5916.73 5912.79 5922.68 5933.65 5943.51 5950.72 5955.58 5956.51 5967.31 5979.97 5985.62 5978.14 5935.76 5891.46 5863.88 5856.35 5859 5852.19 5848.74 5863.41 5867.6 5863.85 5856.6 5845.33 5825.3 5810.78 5812.79 5814.77 5810.95 5794.44 
5929.14 5925.01 5946.14 5973.19 5982.54 5941.12 5931.18 5930.38 5934.28 5936.21 5940.5 5946.29 5950.39 5996.42 6015.09 6002.75 5971.03 5933.79 5929.98 5931.02 5927.05 5939.45 5957.01 5972.45 5984.51 5986.53 5971.01 5973.27 5972.22 5945.03 5916.81 5877.96 5869.81 5858 5853.73 5849.29 5844.97 5844.51 5850.27 5850.14 5849.02 5852.37 5846.89 5829.61 5816.29 5810.05 5814.57 5806.85 5793.27 
5900.09 5914.51 5946.79 5979.87 5983.27 5953.12 5938.73 5936.18 5938.54 5945.49 5952.54 5975.19 6038.77 6099.48 6086.71 6038.41 5998.8 5978.44 5956.14 5946.41 5946.64 5954.83 5973.21 5995.68 6019.85 6049.84 6080.68 5968.19 5944.95 5912.72 5881.42 5853.83 5850.25 5847.33 5844.78 5840.1 5840.86 5863.72 5845.94 5828.06 5832.76 5835.21 5833.61 5828.08 5818.99 5789.84 5819.12 5804.13 5786.33 
5885.66 5902.51 5942.78 5970.25 5958.63 5953.79 5940.65 5937.37 5940.57 5949.16 5958.16 5980.16 6009.55 6051.68 6094.23 6051.06 6002.54 5968.44 5964.08 5971 5953.7 5966.32 5983.51 6008.71 6034.46 6063.17 6035.1 6023.44 5922.33 5887.08 5856.2 5829.57 5826.04 5843.83 5847.9 5842.53 5837.18 5859.39 5838.82 5831.44 5818.77 5816.93 5821.43 5825.42 5830.09 5834.48 5822.18 5805.34 5783.7 
5896.74 5890.67 5936.42 5985.96 5963.51 5939.3 5939.01 5941.71 5948.14 5953.77 5961.54 5974.23 5989.43 6023.25 6065.12 6039.09 5994.21 5946.68 5953.04 5950.29 5953.48 5968.94 5989.62 6010.12 6036.83 6060.06 6075.41 6002.36 5933.96 5882.56 5848.1 5823.39 5839.32 5858.75 5861.51 5855.24 5844.03 5822.37 5814.16 5802.05 5798.9 5807.3 5811.65 5821.89 5822.64 5819.86 5826.18 5821.45 5794.31 
5879.45 5889.78 5926.43 5947.63 5959.17 5940.35 5942.61 5949.67 5954.42 5960.64 5965.89 5963.96 5968.12 5982.24 6035.29 6016.07 6002.89 5985.37 5964.92 5948.56 5962.59 5997.48 6031.78 6054.7 6065.06 6051.17 6026.65 5950.74 5927.75 5900.43 5862.72 5830.63 5879.36 5888.45 5884.47 5875.47 5866.13 5830.37 5809.86 5794.73 5788.79 5784.28 5823.33 5856.95 5856.57 5842.55 5883.63 5857.36 5811.11 
5887.36 5888.81 5922.96 5957.69 5975.97 5950.19 5946.56 5949.58 5956.65 5967.21 5971.23 5976.22 5967.42 5956.24 5945.13 5985.45 6015.95 6026.09 5990.62 5960.59 5980.62 5998.65 6003.03 6017.63 6043.48 6043.98 6008.12 5943.86 5972.43 5958.98 5910.87 5862.43 5912.91 5910.25 5909.6 5898.91 5870.57 5844.51 5822.53 5813.92 5799.33 5783.12 5818.15 5853.15 5771 5584.07 5906.54 5857.96 5794.33 
5884.05 5901.08 5912.79 5935.49 5960.11 5945.43 5949.77 5955.06 5961.34 5968.99 5979.47 5986.65 5983.14 5979.55 5944.43 5978.61 6004.09 6030.98 6046.98 6026.22 6036.94 5964.14 5910.76 5916.29 5949.72 6026.55 6156.51 6278.72 6124.27 6046.03 6002.61 5910.92 5891.28 5931.61 5947.13 5925.53 5893.49 5856.14 5828.53 5820.52 5811.96 5808.98 5813.73 5816.99 5806.84 5811.32 5851.81 5831.94 5788.86 
5898.01 5906.82 5898.94 5909.1 5935.99 5946.91 5953.11 5957.24 5967.24 5978.16 5990.7 6000.85 6028.66 6076.74 6029.09 6031.82 6054.49 6078.2 6128.53 6161.1 6086.44 5871.89 5778.69 5745.58 5765.33 5857.59 6026.54 6018.81 6051.85 6062.91 6149.78 6224.12 6125.47 6076.54 6025.11 5962.54 5901.7 5858.29 5850.66 5825.58 5807.36 5801.37 5790.62 5775.4 5776.46 5779.96 5806.7 5785.4 5755.83 
5900.92 5904.42 5900.85 5904 5917.33 5947.35 5955.81 5965.45 5975.2 5981.95 5991.89 5995.82 6010.54 6006.66 6021.87 6106.78 6155.67 6099.08 6066.52 5982.3 5720.5 5628.57 5577.35 5560.27 5563.84 5603.66 5620.66 5598.45 5725.06 5904.99 6184.49 6492.24 6346.07 6269.37 6145.86 6019.33 5919.1 5873.29 5884.61 5831.35 5793.61 5788.87 5778.86 5764.87 5756.95 5760.52 5773.35 5761.09 5759.32 
5901.17 5896.74 5908.21 5905.7 5921.92 5943.49 5959.14 5965.71 5971.08 5976.91 5975.52 5979.23 5980.51 5971.21 6000.2 6154.53 6166.34 5973.76 5728.81 5534.59 5362.1 5344.51 5332.71 5319.42 5304.39 5275.74 5209.48 5304.67 5371.76 5567.01 5847.1 6137.15 6373.92 6407.38 6195.82 6052.56 5950.23 5893.29 5869.42 5833.75 5789.69 5786.48 5776.89 5766.11 5756.32 5749.67 5743.34 5774.5 5816.33 
5922.93 5913.34 5925.53 5940.14 5933.17 5940.89 5950.53 5942.72 5959.06 5962.3 5965.55 5954.01 5950.94 5953.83 5978.05 6142.26 5989.35 5682.59 5379.71 5197.48 5096.01 5095.07 5103.88 5100.12 5083.54 5057.94 5126.8 5156.72 5061.34 5221.47 5404.66 5668.75 5993.64 6126.78 6095.29 6032.48 5972 5939.25 5904.62 5854.98 5815.28 5799.41 5785.49 5774 5766.39 5758.44 5780.48 5799.05 5878.31 
5940.66 5928.14 5937.34 5938.2 5942.4 5949.1 5938.97 5955.89 5963.16 5964.19 5966.17 5959.31 5951.19 5939.34 6102.49 6049.22 5642.6 5362.68 5066.67 4949.18 4916.93 4905.1 4917.86 4921.42 4903.22 4873.74 4848 4836.18 4899.49 4987.14 5101.07 5332.29 5629.34 5824.7 5926.74 5964.22 5978.64 5976.95 5919.46 5884.77 5864.45 5829.49 5803.74 5776.03 5779.01 5776.89 5794.96 5814.17 5880.92 
5942.09 5936.96 5939.33 5942.91 5951.64 5965.26 5940.25 5951.04 5954.27 5965.19 5968.04 5972.2 5990.59 6025.73 6008.18 5670.43 5380.97 5134.98 4921.74 4814.2 4779.45 4775.01 4796.67 4806.82 4797.58 4764.67 4758.21 4781.73 4789.81 4844.04 4944.5 5144.04 5390.84 5607.98 5753.07 5869.74 5953.71 6011.98 5962.06 5925.72 5938.68 5885.2 5844.06 5802.68 5795.76 5783.07 5788.7 5837.42 5948.32 
5879.7 5919.17 5917.2 5959.84 5985.27 5994.08 5966.42 5983.46 5973.99 5949.92 5945.22 5955.21 5948.09 5928.78 5665.16 5327.28 5140.7 4987.33 4833.12 4745.16 4715.25 4701.97 4708.89 4718.25 4714.51 4708.95 4722.16 4743.49 4767.95 4798.71 4859.29 5027.1 5233.55 5434.58 5611.97 5778.58 5922.53 6004.65 5979.65 5936.82 5957.46 5932.95 5887.92 5842.06 5800.58 5776.58 5778.24 5875.05 6128.7 
5857.95 5869.01 5948.23 5982.54 6020.42 6015.59 5954.41 5980.97 5973.28 5961.93 5949.87 5932.99 5897.92 5826.61 5584.36 5167.34 5049.37 4890.97 4743.8 4692.67 4670.65 4660.75 4664.92 4673.43 4675.91 4683.84 4696.56 4717.12 4741.24 4770.55 4830.42 4964.24 5130 5264.89 5493.31 5719.22 5877.92 6024.6 6006.99 5920.67 5913.52 5934.06 5918.6 5945.64 5812.1 5778.31 5775.62 5819.17 5942.34 
5875.7 5901.94 5957.57 6003.93 6037.69 6020.22 5935.38 5941.46 5925.45 5897.73 5871.3 5833.09 5770.12 5647.81 5396.38 5162.52 5043.21 4837.26 4688.71 4646.83 4635.39 4635.65 4634.16 4644.78 4659.87 4669.17 4684.7 4700.67 4719.29 4747.97 4807.24 4937.34 5091.91 5244.59 5455.88 5694.42 5902.36 6082.05 6065.49 5938.63 5946.9 5951.68 5912.49 5890.36 5838.08 5783.85 5763.13 5764.37 5781.2 
5858.96 5925.6 5968.01 5957.45 5988.97 5993.66 5892.4 5900.84 5860.43 5805.03 5752.46 5691.78 5577.81 5497.35 5313.35 5176.49 5022.22 4788.16 4641.14 4606.18 4596.57 4596.27 4595.56 4602.21 4632.92 4675.56 4682.93 4691.02 4710 4745.26 4804.25 4920.38 5068.39 5216.76 5418.09 5644.57 5928.81 6187.86 6247.12 5908.27 5914.57 5947.57 5893.9 5832.17 5818.29 5785.78 5753.87 5739.17 5740.98 
5850.65 5928.25 5941.92 5931.17 5940.77 5960 5963.93 5823.25 5773.4 5720.96 5676.13 5607.94 5447.62 5383.29 5327.27 5147.9 5001.37 4754.34 4614.1 4585.58 4577.66 4571.42 4568.17 4564 4579.05 4703.27 4747.8 4706.41 4701.54 4745.14 4803.4 4909.08 5033.78 5113.96 5306.85 5599.26 5921.81 6200.09 6266.75 5909.08 5886.2 5905.08 5864.21 5855.6 5811.16 5781.76 5755.24 5742.33 5737.25 
5861.28 5885.63 5907.9 5907.68 5911.6 5921.83 5935.67 5777.93 5723.61 5659.87 5595.28 5516.93 5345.87 5310.34 5235.6 5096.94 4962.36 4739.6 4620.93 4584.86 4576.52 4583.41 4564.96 4553.51 4545.39 4722.34 4836.16 4768.68 4710.69 4738.67 4800.23 4900.09 5008.76 5070.09 5239.62 5544.75 5873.4 6156.22 6262.05 5993.79 5885.75 5818.09 5811.56 5828.82 5803.18 5773.65 5751.91 5741.73 5732.69 
5864.53 5880.12 5889.93 5886.64 5895.93 5897.22 5899.78 5737.93 5686.43 5628.47 5556.03 5470.48 5322.49 5299.78 5260.7 5120.32 4878.57 4715.43 4632.91 4585.06 4578.22 4582.31 4582.94 4602.02 4609.93 4735.71 4946.02 4819.72 4715.52 4730.97 4808.71 4905.08 5012.99 5082.96 5223.87 5512.13 5824.33 6105.26 6266.73 6153.56 5952.91 5794.03 5779.52 5810.28 5788.02 5760.45 5732.15 5715.51 5713.5 
5887.23 5863.93 5871.61 5881.2 5882.16 5884.76 5885.97 5732.7 5686.53 5636.63 5578.52 5502.8 5361.4 5323.06 5298.06 5111.7 4834.03 4748.79 4657.85 4608.54 4589.31 4587.4 4608.23 4666.92 4805.46 4826.78 4884.37 4777.52 4689.36 4724.75 4815.72 4904.07 5018.25 5149.19 5297.54 5503.01 5770.6 6042.71 6244.74 6190.72 5974.39 5814.15 5753.9 5763.68 5761.3 5737.9 5707.04 5684.36 5690.97 
5863.88 5842.59 5856.94 5845.31 5865.09 5867.07 5867.61 5753.22 5714.99 5673.06 5625.96 5581.06 5479.01 5417.97 5341.42 5160.89 4853.64 4746.58 4684.75 4645.52 4608.52 4590.41 4601.45 4644 4672.54 4633.36 4661.84 4688.92 4671.01 4693.56 4785.61 4905.98 5037.24 5170.94 5289.72 5490.97 5761.39 6016.79 6204.44 6212.48 5913.87 5809.06 5795.43 5754.91 5740.79 5725.64 5702.97 5694.75 5694.53 
5869.26 5857.67 5838.14 5848.11 5850.85 5851.86 5848.53 5794.42 5775.61 5765.9 5746.76 5699.26 5654.86 5564.05 5458.93 5244.68 4934.44 4772.6 4710.87 4668.33 4633.17 4600.77 4590.19 4603.43 4588.84 4590.2 4609.33 4644.59 4672.22 4714.54 4772.93 4914.33 5073.92 5220.48 5326.84 5527.9 5761.46 6001.39 6177.2 6084.25 5798.74 5756.75 5758.39 5740.98 5730.68 5721.3 5722.03 5739.64 5703.74 
5893.97 5909.85 5857.53 5829.55 5826.09 5820.69 5817.36 5817.45 5832.18 5846.18 5847.96 5847.14 5857.94 5777.42 5593.59 5273.85 4958.83 4831.43 4760.43 4706.71 4662.54 4622.41 4595.21 4592.11 4590.48 4592.74 4612.65 4644.04 4675.07 4707.97 4777.31 4948.04 5151.9 5346.28 5503.1 5661.56 5825.7 5966.09 6024.08 5894.11 5742.83 5733.49 5752.24 5734.91 5723.92 5713.8 5708.67 5688.36 5680.72 
6020.52 6015.26 5915.19 5829.18 5800.41 5793.67 5792.66 5839.62 5880.07 5916.64 5953.78 5987.71 6063.3 6001.99 5833.27 5412.24 5074.09 4910.2 4839.31 4774.38 4709.8 4651.16 4604.47 4599.58 4606.06 4612.78 4631.62 4663.17 4691.86 4731.91 4807.97 5021.44 5270.21 5516.87 5736.05 5904.93 5943.03 5965.55 5924.88 5834.37 5757.57 5733.07 5736.61 5725.76 5716.52 5705.18 5687.63 5676.97 5672.72 
6093.67 6065.82 5986.7 5827.52 5781.82 5774.73 5841.66 5800.99 5919.67 5970.12 6028.21 6083.62 6181.92 6191.15 6097.35 5615.74 5169.38 5040.84 4950.58 4862.12 4778.23 4693.69 4630.97 4618.84 4621.57 4630.27 4665.62 4704.29 4737.92 4811.13 4878.71 5135.02 5398.88 5678.79 5997.84 6164.2 6040.99 5984.02 5937.29 5814.65 5762.43 5735.81 5724.92 5718.47 5711.46 5703.36 5696.92 5687.78 5668.32 
5967.1 5965.88 5932.11 5825.06 5778.82 5776.75 5838.94 5820.02 5933.04 5981.76 6036.01 6098.05 6191.99 6239.62 6175.91 5810.63 5333.37 5159.72 5084.06 4991.35 4890.97 4780.57 4674.47 4653.86 4648.74 4660.35 4725.6 4781.91 4830.95 4913.37 5102.91 5289.58 5526.08 5798.74 6030.19 6130.62 6066.89 5975.95 5889.72 5813.56 5753.72 5741.76 5729.12 5714.23 5705.12 5697.21 5690.41 5684.48 5674.47 
5953.87 5926.8 5834.05 5809.62 5794.41 5790.57 5836.22 5833.89 5930.28 5975.54 6000.64 6049.54 6146.36 6178.7 6171.27 6008.43 5618.46 5326.01 5247.87 5138.13 5032.82 4916.09 4793.65 4778.27 4803.29 4785.69 4831.96 4892.68 4980.27 5110.81 5235.87 5425.89 5651.08 5868.52 6042.92 6150.25 6033.48 5937.59 5846.62 5772.01 5740.92 5733.36 5720.49 5710.08 5701.04 5691.08 5690.09 5693.69 5694.6 
5867.86 5831.18 5787.89 5775.34 5809.96 5799.03 5831.85 5840.28 5881.11 5913.41 5939.5 5992.32 6022.87 6039.28 6024.45 6081.72 5891.26 5576.91 5417.97 5312.21 5214.22 5115.41 5038.79 4962.48 4931.55 4926.64 4975.64 5022.5 5076.47 5218.89 5375.49 5601.54 5802.89 5925.87 5981.91 5943.1 5931.24 5886.14 5836.49 5771.32 5760.23 5752.19 5714.42 5705.96 5702.44 5696.41 5694.02 5695.79 5694.93 
5920.34 5833.77 5790.95 5779.79 5785.04 5791.15 5819.17 5838.84 5851.67 5868.94 5899.29 5920.46 5928.88 5924.94 5954.09 6001.82 5823.01 5697.55 5600.68 5493.38 5403.44 5326.66 5298.49 5272.36 5012.11 5097.89 5183.96 5222.26 5257.36 5468.45 5721.37 5922.29 5978.32 5979.92 5958.55 5900.27 5882.7 5844.52 5804.73 5776.43 5773.37 5764.86 5729.13 5705.93 5706.02 5715.52 5702.19 5692.89 5681.63 
6050.86 5911.88 5783.43 5773.71 5777.12 5775.88 5798.92 5819.01 5835.05 5840.81 5859.06 5867.7 5873.19 5887.86 5918.93 5988.57 6019.51 5832.79 5739.29 5652.69 5570.75 5492.66 5412.88 5346.65 5406.46 5452.53 5493.03 5558.53 5631.32 5889.53 6201.16 6287.69 6126.06 6045.39 5996.67 5967.08 5909.93 5820.14 5772.06 5779.02 5765.29 5733.95 5716.27 5693.94 5708.32 5714.83 5693.13 5689.67 5684.47 
6193.54 5978.09 5806.95 5759.85 5768.89 5768.07 5779.94 5792.69 5805.97 5813.51 5823.2 5824.88 5828.54 5828.23 5865.08 5920.25 5944.98 5947.88 5828.66 5745.09 5684.54 5642.63 5613.33 5643.3 5701.64 5737.76 5766.14 5889.82 6083.27 6128.88 6232.95 6207.98 6114.03 6034.58 5986.14 5982.66 5905.15 5839.96 5802.72 5784.95 5763.99 5730.8 5726.45 5730.64 5720.71 5707.93 5692.58 5692.28 5691.29 
5943.38 5980.38 5844.21 5769.77 5775.8 5759.58 5763.6 5775.25 5786.81 5796.28 5800.51 5810.06 5816.08 5837.69 5841.24 5864.35 5884.31 5892.72 5871.16 5818.98 5775.88 5773.19 5777.65 5819.34 5927.74 5898.32 5901.91 5967.99 6054.04 6061.82 6037.51 5998.35 6005.79 5969.92 5921.68 5817.32 5805.47 5871.35 5851.81 5804.73 5767.74 5754.48 5756.65 5771.94 5737.95 5712.76 5705.82 5697 5695.05 
5803.83 5830.59 5833.18 5772.98 5754.57 5740.33 5753.05 5763.69 5773.1 5785.51 5791.64 5797.72 5801.27 5797.99 5811.63 5813.04 5830.03 5882.35 5859.69 5850.7 5848.03 5861.09 5930.42 5980.91 5970.59 5941.9 5924.21 5920.18 5931.81 5939.67 5913.92 5908.52 5926 5923.55 5906.66 5903.47 5913.6 5905.36 5878.94 5831.01 5784.17 5757.62 5758.84 5755.79 5737.72 5710.69 5697.19 5693.28 5692.09 
5740.26 5731.26 5749.62 5753.68 5758.25 5741.75 5748.09 5756.58 5764.75 5773.22 5784.38 5792.61 5796.1 5799.95 5802.51 5808.41 5821.19 5816.67 5834.05 5839.57 5849.59 5865.03 5875.41 5872.73 5898.89 5895.98 5878.67 5859.08 5857.72 5871.9 5855.52 5874.89 5884.31 5890.11 5896.36 5909.41 5923.72 5946.62 5905.89 5850.34 5807.72 5767.67 5748.58 5745.41 5730.34 5694.2 5678.99 5680.93 5680.16 
5725.17 5713.29 5723.47 5749.1 5743.75 5755.59 5748.7 5753.7 5761.24 5769.21 5777.18 5786.19 5797.35 5803.23 5799.34 5801.32 5798.49 5795.72 5815.8 5829.36 5842.66 5849.03 5845.63 5830.11 5823.9 5832.95 5827.55 5815.77 5811.42 5816.91 5807.66 5829.55 5848.16 5865.87 5891.38 5921.64 5951.27 5966.63 5922.52 5861.38 5804.99 5748.33 5738.54 5733.46 5720.44 5689.89 5673.76 5668.58 5662.47 
5677.95 5679.17 5698.07 5716.53 5725.89 5734.88 5742 5749.02 5757.01 5763.02 5771.29 5778.53 5788.7 5795.1 5791.1 5786.54 5784.51 5777.62 5791.95 5801.7 5808.58 5811.12 5816.87 5798.38 5792 5791.08 5788.15 5791.41 5781.66 5776.8 5780.98 5788.99 5807.46 5840.18 5874.64 5917.85 5996.99 5981.04 5912.35 5847.63 5789.82 5753.1 5735.97 5718.26 5709.37 5691.51 5675.22 5664.35 5652.71 
5643.11 5642.54 5654.16 5676.48 5704.97 5719.79 5735.53 5746.08 5756.98 5764.36 5771.35 5772.96 5770.45 5772.83 5779.99 5784.85 5777.2 5772.75 5771.61 5784.18 5793.5 5790.97 5770.63 5784.75 5783.2 5769 5759.27 5747.24 5752.12 5753.41 5751.91 5752.89 5778.36 5813.7 5845.65 5872.88 5879.58 5893.46 5866.99 5817.61 5775.2 5743.66 5729.47 5723.44 5707.44 5684.66 5673.87 5662.57 5650.34 
5603.67 5612.84 5622.53 5647.02 5680.35 5704.02 5731.23 5741.7 5756.06 5765.88 5773.37 5775.48 5769.3 5765.68 5766.11 5769.09 5767.62 5765.05 5761.2 5780.79 5794.53 5803.55 5805.16 5790 5770.54 5753.07 5738.93 5723.12 5733.6 5740 5746.05 5756.08 5777.4 5798.78 5816.85 5828.67 5834.44 5827.46 5811.76 5786.26 5742.87 5735.82 5729.16 5698.84 5688.32 5690.18 5670.07 5657.06 5647.83 
5602.25 5604.86 5608.77 5626.68 5660.39 5688.22 5722.9 5737.77 5754.54 5768.01 5779.01 5784.25 5784.88 5776.4 5761.26 5754.02 5758.98 5757.61 5770.87 5794.03 5814.68 5823.34 5824.62 5809.93 5761.48 5740.81 5732.86 5727.52 5730.57 5737.99 5748.77 5765.27 5778.35 5791.91 5800.65 5800.74 5790.99 5783.55 5767.97 5745.95 5709.25 5671.3 5670.64 5673.58 5688.6 5668.07 5657.91 5643.44 5632.76 
5610.83 5613.47 5616.84 5614.96 5636.94 5666.16 5710.34 5728.59 5747.45 5762.45 5780.06 5797.33 5809.34 5795 5781.76 5772.46 5769.78 5774.88 5780.04 5826.18 5855.73 5860.09 5843.38 5814.71 5741.91 5733.26 5735.71 5736.01 5732.48 5736.39 5743.34 5750.87 5775.36 5785.14 5787.9 5788.26 5780.98 5757.24 5732.12 5702.48 5695.54 5668.35 5640.16 5651.68 5657.34 5646.31 5637.23 5628.66 5620.53 
5634.76 5624.24 5614.1 5620.84 5652.05 5678.74 5696.66 5716.06 5734.72 5753.1 5774.98 5797.76 5805.07 5798.67 5781.29 5785.83 5794.86 5796.27 5832.75 5891.29 5903.7 5916.1 5861.51 5794.91 5751.89 5733.71 5730.35 5731.47 5728.26 5729.83 5736.2 5756.5 5769.28 5774.31 5779.16 5783.59 5784.8 5756.7 5722.28 5675.37 5662.41 5667.47 5641.46 5634.75 5619.98 5625.19 5623.26 5619.44 5612.97 
5639.81 5630.76 5628.17 5643.46 5676.9 5680.77 5688.21 5705.2 5722.16 5736.93 5757.49 5778.15 5799.32 5786.15 5769.66 5807.4 5860.61 5899.52 5969.62 5964.16 5917.36 5881.21 5834.3 5793.77 5763.31 5737.92 5724.78 5722.84 5725.06 5723.64 5720.8 5718.78 5733.58 5757.18 5768.56 5775.48 5777.82 5762.85 5741.03 5711.34 5661.78 5632.16 5631.96 5622.61 5617.79 5612.59 5616.62 5611.19 5603.71 
5634.17 5637.37 5635.57 5658.78 5673.47 5684.36 5696 5699.2 5704.32 5715.38 5731.61 5746.81 5759.17 5770.01 5786.34 5844.02 5929.24 6041.09 6069.52 6003.18 5903.61 5815.53 5809.99 5786.7 5735.48 5723.57 5728.39 5727.6 5724.13 5720.01 5710.78 5695.05 5717.28 5743.02 5750.41 5761.39 5770.36 5772.6 5757.05 5745.06 5695.04 5630.84 5621.71 5620.12 5612.98 5618.28 5609.22 5606.77 5601.83 
