real_craters/C135-750m.grd
DSAA
112 112
-41.6675 41.6675
-41.6675 41.6675
5275.7475811315 7186.5844077558
[rows 38 to 75 of 112, columns 0 to 83 of 112]
6042 6081 6117 6122 6126 6137 6157 6183 6219 6244 6264 6280 6286 6293 6307 6304 6312 6339 6364 6387 6394 6373 6398 6413 6436 6470 6515 6575 6602 6627 6652 6670 6692 6731 6800 6827 6746 6670 6607 6582 6571 6570 6570 6579 6583 6604 6643 6677 6672 6691 6740 6772 6796 6851 6957 6904 6876 6895 6874 6916 6874 6788 6737 6702 6694 6681 6701 6686 6705 6698 6658 6621 6602 6565 6504 6471 6468 6463 6456 6451 6450 6450 6452 6450
6052 6046 6082 6105 6129 6155 6185 6237 6268 6268 6266 6257 6266 6276 6294 6289 6295 6318 6340 6355 6365 6368 6387 6393 6424 6456 6496 6556 6655 6671 6672 6671 6680 6689 6711 6810 6835 6719 6625 6594 6591 6598 6609 6606 6626 6649 6700 6748 6792 6850 6841 6794 6771 6794 6884 6977 7017 7069 7037 7047 6983 6866 6740 6752 6745 6737 6718 6691 6686 6680 6650 6621 6590 6585 6577 6493 6480 6472 6459 6452 6453 6452 6447 6444
6041 6031 6048 6086 6129 6167 6195 6217 6269 6299 6284 6266 6264 6271 6288 6288 6291 6305 6318 6332 6349 6375 6378 6396 6417 6445 6483 6568 6677 6704 6698 6682 6670 6643 6617 6666 6893 6751 6624 6604 6611 6629 6649 6634 6662 6682 6751 6815 6880 6962 6893 6765 6670 6591 6551 6625 6921 7079 7163 7149 7015 6940 6885 6860 6830 6752 6778 6795 6726 6671 6637 6616 6604 6601 6578 6532 6502 6490 6480 6468 6461 6453 6447 6438
6025 6012 6025 6081 6147 6204 6227 6228 6278 6307 6303 6283 6278 6279 6300 6300 6298 6304 6311 6321 6338 6371 6376 6399 6417 6441 6480 6574 6713 6728 6717 6693 6671 6664 6663 6710 6860 6741 6629 6616 6633 6657 6688 6693 6730 6759 6801 6818 6841 6894 6776 6614 6517 6407 6333 6419 6603 6717 6750 6774 6807 6877 6999 6929 6951 6943 6800 6733 6738 6655 6622 6608 6599 6574 6547 6524 6516 6507 6510 6492 6471 6457 6445 6435
6022 6004 6015 6090 6188 6278 6332 6326 6342 6381 6359 6317 6306 6299 6306 6312 6306 6307 6309 6314 6328 6356 6373 6403 6420 6445 6485 6577 6692 6718 6709 6700 6687 6718 6764 6863 6794 6713 6642 6640 6656 6681 6721 6785 6836 6851 6857 6776 6679 6545 6431 6378 6324 6287 6235 6217 6264 6314 6354 6365 6470 6563 6676 6826 6949 6975 6837 6710 6684 6659 6621 6603 6591 6573 6558 6545 6522 6510 6503 6489 6472 6457 6444 6435
6030 6012 6014 6119 6246 6379 6508 6575 6531 6570 6478 6394 6351 6322 6312 6310 6310 6310 6313 6317 6331 6361 6394 6406 6423 6447 6484 6558 6638 6676 6692 6705 6718 6749 6798 6816 6745 6699 6685 6665 6671 6690 6729 6813 6897 7011 6871 6685 6503 6300 6170 6162 6154 6093 6031 6004 6017 6036 6099 6107 6195 6281 6426 6652 6903 6999 6915 6741 6699 6652 6611 6605 6600 6603 6587 6544 6520 6503 6473 6478 6468 6454 6443 6436
6086 6057 6070 6165 6307 6470 6645 6751 6748 6720 6573 6469 6400 6350 6326 6327 6317 6316 6319 6325 6343 6373 6389 6408 6422 6442 6475 6525 6577 6619 6652 6684 6711 6735 6752 6750 6705 6685 6678 6664 6660 6669 6693 6749 6795 6814 6691 6524 6352 6198 6090 6019 5968 5932 5903 5883 5879 5922 5983 5997 5998 6026 6183 6416 6658 6877 7028 6881 6812 6716 6651 6634 6617 6619 6591 6553 6526 6512 6498 6481 6467 6456 6445 6435
6110 6097 6114 6203 6335 6493 6671 6804 6821 6737 6619 6518 6439 6377 6341 6324 6324 6325 6327 6338 6357 6379 6397 6405 6422 6438 6448 6487 6518 6550 6588 6622 6648 6673 6685 6675 6678 6667 6651 6634 6630 6628 6623 6614 6612 6534 6430 6319 6185 6069 5997 5862 5804 5815 5826 5762 5745 5795 5810 5820 5844 5880 6004 6175 6339 6592 6849 6975 6911 6827 6758 6685 6616 6563 6577 6547 6519 6507 6493 6480 6466 6455 6452 6457
6124 6131 6155 6233 6345 6477 6640 6801 6900 6763 6656 6559 6477 6412 6371 6352 6344 6338 6333 6332 6353 6386 6394 6413 6425 6441 6458 6467 6475 6499 6541 6579 6609 6632 6653 6674 6691 6676 6621 6593 6600 6588 6556 6539 6452 6322 6205 6129 6000 5855 5696 5646 5602 5548 5519 5570 5582 5580 5640 5684 5720 5786 5888 6011 6131 6333 6564 6891 6960 6907 6844 6736 6626 6574 6571 6532 6498 6488 6484 6471 6462 6455 6450 6448
6162 6183 6215 6275 6359 6442 6512 6711 6931 6771 6667 6586 6510 6443 6393 6387 6367 6355 6348 6339 6355 6382 6402 6417 6431 6441 6454 6457 6461 6475 6520 6553 6578 6603 6628 6658 6715 6653 6622 6606 6605 6570 6507 6414 6343 6218 6095 5985 5842 5682 5529 5477 5449 5418 5429 5452 5463 5465 5477 5533 5599 5680 5785 5911 6043 6159 6328 6663 6877 6874 6855 6753 6654 6587 6569 6538 6501 6472 6460 6463 6460 6453 6448 6453
6251 6297 6314 6340 6410 6459 6486 6616 6699 6705 6663 6610 6548 6484 6440 6403 6380 6376 6373 6372 6375 6382 6414 6439 6440 6438 6444 6457 6474 6504 6522 6547 6567 6591 6613 6647 6677 6649 6644 6657 6647 6580 6473 6347 6253 6133 6012 5856 5707 5562 5428 5381 5376 5376 5389 5399 5406 5415 5431 5453 5491 5555 5677 5824 5973 6043 6165 6380 6684 6767 6760 6757 6713 6640 6604 6566 6522 6485 6473 6473 6465 6452 6439 6432
6457 6529 6504 6483 6539 6556 6581 6630 6678 6686 6684 6653 6608 6546 6480 6438 6407 6407 6409 6413 6404 6408 6434 6453 6443 6436 6443 6462 6485 6507 6531 6553 6571 6586 6594 6614 6639 6617 6694 6780 6735 6614 6455 6284 6149 5981 5801 5698 5585 5476 5388 5347 5349 5361 5370 5378 5382 5388 5394 5398 5411 5457 5563 5695 5837 5938 6071 6258 6533 6692 6749 6786 6849 6787 6678 6606 6554 6526 6511 6496 6477 6458 6442 6439
6694 6807 6789 6799 6720 6674 6657 6663 6691 6687 6722 6711 6672 6627 6559 6506 6461 6453 6449 6439 6437 6428 6444 6443 6440 6434 6447 6472 6496 6521 6542 6563 6580 6592 6598 6602 6604 6635 6750 6902 6819 6634 6434 6227 6041 5835 5631 5563 5492 5420 5367 5337 5336 5347 5357 5366 5373 5371 5368 5364 5364 5391 5455 5545 5685 5858 6025 6236 6544 6663 6744 6747 6688 6707 6696 6656 6623 6612 6561 6525 6495 6473 6452 6446
6800 6935 6919 6903 6817 6766 6733 6704 6719 6863 6821 6755 6724 6728 6688 6581 6522 6519 6514 6506 6489 6462 6438 6435 6445 6453 6467 6489 6509 6528 6550 6573 6591 6606 6615 6617 6616 6629 6753 6912 6818 6607 6382 6160 5951 5743 5570 5481 5427 5380 5344 5321 5329 5340 5349 5356 5367 5362 5362 5349 5343 5348 5369 5407 5545 5786 5972 6176 6460 6608 6685 6684 6556 6647 6746 6684 6636 6615 6583 6548 6517 6493 6474 6463
6843 6889 6912 6854 6838 6820 6800 6767 6758 6763 6765 6733 6713 6723 6724 6623 6596 6574 6577 6574 6554 6527 6457 6468 6472 6486 6495 6507 6525 6547 6567 6580 6599 6620 6640 6642 6641 6663 6736 6811 6715 6513 6302 6085 5872 5669 5481 5386 5381 5353 5333 5323 5318 5326 5345 5353 5332 5344 5346 5347 5325 5315 5317 5344 5440 5618 5843 6090 6383 6524 6613 6666 6793 6725 6711 6690 6654 6600 6576 6551 6528 6515 6506 6492
6936 7005 6928 6880 6862 6844 6836 6836 6792 6722 6681 6671 6651 6613 6574 6569 6586 6600 6624 6630 6614 6573 6495 6535 6523 6512 6522 6528 6539 6558 6570 6581 6601 6628 6675 6663 6673 6702 6697 6663 6541 6370 6185 5991 5796 5607 5443 5352 5349 5333 5322 5314 5300 5314 5372 5416 5426 5413 5414 5359 5313 5293 5295 5320 5359 5456 5725 6006 6200 6431 6609 6734 6704 6725 6731 6682 6624 6579 6557 6542 6535 6527 6526 6509
6922 6898 6895 6872 6868 6888 6889 6879 6819 6726 6648 6629 6603 6566 6541 6550 6586 6598 6616 6649 6674 6652 6559 6576 6554 6552 6545 6546 6547 6547 6553 6573 6591 6605 6621 6647 6660 6655 6670 6541 6359 6205 6051 5889 5721 5565 5421 5336 5333 5321 5313 5309 5308 5329 5451 5547 5575 5563 5448 5357 5307 5285 5282 5304 5312 5376 5598 5871 6133 6386 6594 6691 6675 6698 6704 6667 6595 6553 6531 6526 6528 6529 6521 6522
6893 6902 6884 6849 6856 6906 6907 6879 6821 6737 6657 6622 6591 6556 6539 6550 6578 6577 6558 6644 6743 6741 6628 6643 6584 6570 6562 6558 6557 6553 6558 6571 6586 6595 6602 6636 6663 6704 6727 6487 6212 6090 5965 5830 5685 5538 5412 5332 5326 5315 5308 5307 5303 5349 5570 5803 5824 5704 5507 5361 5300 5278 5276 5287 5301 5364 5516 5795 6101 6371 6575 6708 6658 6680 6703 6667 6577 6505 6502 6516 6532 6548 6537 6540
6897 6911 6902 6873 6861 6865 6884 6879 6819 6741 6678 6641 6610 6581 6559 6547 6570 6571 6558 6665 6813 6847 6699 6674 6625 6586 6577 6571 6567 6566 6570 6577 6591 6610 6626 6648 6681 6750 6825 6494 6189 6039 5917 5795 5667 5534 5418 5338 5328 5314 5305 5299 5303 5374 5638 5941 5900 5694 5513 5378 5296 5277 5281 5296 5312 5373 5492 5780 6116 6386 6552 6634 6640 6673 6707 6679 6592 6483 6482 6512 6540 6566 6585 6560
6932 6968 6964 6911 6872 6864 6859 6834 6809 6758 6708 6665 6641 6626 6595 6576 6582 6582 6597 6674 6782 6810 6740 6700 6701 6632 6603 6589 6583 6577 6574 6581 6595 6618 6640 6653 6684 6729 6753 6518 6233 6046 5917 5796 5672 5539 5429 5345 5326 5313 5304 5302 5300 5369 5582 5779 5704 5499 5433 5357 5297 5284 5292 5313 5337 5416 5564 5822 6112 6351 6521 6619 6621 6662 6723 6709 6584 6497 6499 6522 6543 6560 6563 6557
6979 7023 7018 6942 6875 6859 6860 6846 6803 6761 6705 6689 6665 6642 6627 6617 6604 6592 6601 6663 6712 6740 6737 6725 6661 6631 6610 6599 6593 6591 6584 6596 6602 6597 6615 6645 6678 6714 6779 6570 6262 6089 5964 5839 5708 5574 5450 5351 5324 5310 5303 5304 5307 5353 5454 5532 5486 5383 5347 5317 5306 5295 5300 5321 5363 5464 5627 5875 6116 6320 6486 6590 6551 6631 6710 6700 6569 6555 6547 6543 6555 6562 6562 6553
7020 7051 7040 6979 6896 6878 6869 6850 6808 6774 6764 6726 6694 6667 6657 6647 6625 6615 6648 6676 6694 6709 6708 6686 6632 6621 6613 6609 6610 6618 6637 6636 6625 6615 6627 6647 6668 6695 6745 6638 6371 6187 6051 5913 5772 5626 5487 5371 5311 5316 5309 5310 5311 5325 5349 5345 5358 5335 5323 5317 5312 5302 5308 5339 5394 5530 5719 5957 6177 6341 6463 6488 6518 6611 6699 6728 6595 6574 6570 6564 6565 6574 6569 6555
7055 7090 7083 7029 6954 6907 6885 6861 6832 6800 6768 6746 6732 6714 6690 6664 6638 6635 6662 6692 6750 6707 6674 6635 6600 6597 6606 6617 6625 6633 6639 6636 6641 6677 6646 6641 6651 6670 6722 6701 6508 6324 6164 6013 5866 5704 5548 5411 5331 5331 5319 5318 5316 5317 5321 5321 5329 5330 5327 5327 5327 5327 5344 5400 5472 5645 5849 6066 6278 6462 6484 6465 6506 6601 6679 6694 6614 6596 6586 6577 6569 6569 6570 6567
7082 7125 7187 7057 6954 6917 6901 6874 6842 6811 6782 6765 6761 6750 6729 6704 6679 6656 6658 6670 6655 6668 6640 6611 6589 6587 6609 6623 6634 6640 6638 6634 6626 6606 6624 6632 6648 6673 6716 6719 6590 6437 6291 6145 5982 5805 5634 5478 5379 5366 5338 5323 5324 5324 5327 5329 5336 5347 5355 5354 5368 5378 5399 5517 5689 5837 5999 6170 6361 6511 6506 6456 6521 6617 6680 6698 6656 6626 6613 6582 6569 6558 6576 6597
7095 7117 7104 7035 6948 6913 6900 6871 6838 6810 6793 6785 6774 6774 6772 6763 6741 6705 6676 6659 6647 6641 6624 6596 6566 6599 6621 6633 6643 6650 6654 6642 6614 6602 6604 6626 6650 6672 6697 6721 6655 6557 6427 6276 6111 5932 5749 5582 5459 5435 5383 5337 5342 5337 5338 5339 5349 5382 5423 5476 5483 5487 5499 5649 5832 5944 6087 6236 6392 6531 6514 6493 6629 6645 6674 6702 6662 6615 6580 6579 6575 6582 6592 6623
7103 7105 7078 7028 6957 6932 6910 6870 6829 6806 6788 6787 6810 6811 6809 6817 6811 6741 6684 6662 6646 6636 6624 6609 6583 6627 6634 6640 6650 6662 6677 6678 6604 6556 6587 6622 6658 6689 6704 6693 6704 6661 6554 6396 6235 6066 5901 5730 5590 5559 5481 5395 5383 5366 5356 5368 5383 5453 5517 5571 5657 5662 5676 5792 5913 6001 6132 6271 6386 6456 6503 6552 6593 6633 6646 6642 6621 6596 6571 6578 6588 6595 6615 6649
7115 7116 7119 7065 6982 6962 6931 6872 6829 6808 6787 6765 6819 6820 6815 6828 6854 6737 6694 6667 6650 6637 6628 6626 6606 6611 6629 6645 6653 6658 6666 6651 6600 6568 6587 6623 6664 6709 6758 6698 6751 6828 6661 6510 6354 6208 6070 5949 5864 5742 5638 5570 5464 5442 5446 5485 5505 5591 5679 5797 5849 5859 5905 5943 6022 6136 6216 6320 6413 6469 6516 6582 6628 6640 6631 6607 6598 6595 6595 6595 6605 6605 6615 6630
7132 7120 7109 7064 7011 7018 6922 6880 6841 6824 6814 6811 6765 6779 6787 6784 6755 6713 6684 6655 6642 6634 6629 6631 6595 6608 6631 6640 6645 6643 6634 6609 6589 6578 6591 6620 6655 6690 6714 6679 6722 6777 6688 6571 6447 6317 6213 6126 6044 5904 5738 5619 5566 5579 5677 5708 5743 5780 5831 5891 5947 5984 6042 6095 6133 6180 6292 6399 6488 6560 6618 6625 6594 6594 6636 6638 6619 6602 6602 6602 6622 6614 6601 6573
7144 7113 7080 7053 7051 7024 6956 6906 6867 6844 6834 6832 6776 6763 6759 6742 6707 6666 6640 6651 6642 6630 6619 6611 6610 6641 6649 6643 6639 6627 6609 6583 6570 6572 6588 6616 6643 6664 6660 6666 6688 6705 6672 6607 6524 6436 6348 6260 6151 6060 5929 5762 5694 5756 5851 5931 5961 5958 5970 6006 6043 6081 6132 6221 6263 6276 6400 6500 6589 6668 6716 6713 6666 6665 6675 6693 6628 6603 6587 6597 6604 6592 6584 6531
7130 7089 7054 7025 7031 7068 7008 6918 6883 6865 6846 6810 6780 6764 6745 6717 6689 6676 6651 6640 6640 6627 6612 6594 6632 6634 6648 6638 6628 6616 6600 6576 6555 6564 6586 6608 6629 6643 6653 6658 6674 6699 6680 6641 6588 6529 6461 6386 6316 6199 6123 5942 5856 5958 6109 6146 6159 6106 6060 6077 6130 6202 6263 6287 6419 6517 6573 6632 6692 6762 6852 6790 6745 6713 6687 6660 6622 6601 6592 6596 6613 6600 6597 6566
7103 7064 7031 7009 6982 6979 6966 6932 6911 6889 6868 6846 6818 6778 6742 6712 6683 6671 6661 6634 6636 6630 6622 6612 6622 6613 6631 6628 6621 6615 6606 6598 6592 6575 6587 6601 6614 6631 6655 6675 6681 6701 6698 6675 6638 6597 6550 6493 6373 6259 6117 6007 5986 6059 6213 6325 6326 6253 6142 6165 6155 6255 6410 6548 6667 6753 6741 6749 6774 6803 6801 6782 6735 6697 6685 6655 6618 6605 6587 6583 6596 6607 6641 6647
7050 7028 7004 6979 6956 6938 6958 6994 6955 6913 6885 6872 6838 6789 6746 6712 6689 6674 6656 6651 6643 6640 6641 6642 6624 6636 6612 6614 6617 6617 6613 6600 6582 6588 6594 6602 6613 6622 6632 6654 6666 6698 6717 6703 6684 6670 6653 6633 6595 6488 6284 6122 6133 6212 6323 6413 6451 6437 6439 6426 6512 6624 6630 6731 6806 6850 6846 6827 6819 6818 6809 6776 6735 6701 6706 6692 6657 6622 6609 6605 6600 6626 6656 6736
6987 6977 6970 6962 6932 6908 6935 7022 6958 6907 6875 6855 6820 6782 6743 6708 6677 6663 6692 6655 6649 6647 6649 6647 6631 6623 6600 6607 6615 6623 6630 6632 6623 6606 6600 6599 6601 6604 6604 6598 6632 6694 6723 6716 6714 6726 6748 6779 6825 6796 6620 6488 6384 6313 6415 6497 6537 6568 6638 6616 6662 6676 6712 6741 6954 6963 6905 6861 6833 6820 6799 6767 6728 6698 6719 6712 6665 6641 6626 6621 6616 6653 6705 6810
6938 6934 6931 6926 6897 6884 6883 6881 6886 6857 6830 6811 6799 6770 6741 6708 6682 6675 6672 6659 6653 6653 6651 6642 6622 6599 6601 6610 6620 6632 6645 6663 6652 6616 6602 6598 6599 6598 6599 6615 6639 6669 6689 6699 6720 6746 6796 6853 6932 6962 6945 6883 6707 6592 6642 6619 6657 6630 6588 6667 6667 6661 6810 6903 6978 6956 6891 6847 6820 6800 6778 6747 6730 6724 6735 6717 6687 6656 6632 6623 6634 6680 6744 6811
6890 6888 6879 6874 6861 6852 6910 6842 6825 6807 6787 6765 6752 6762 6742 6707 6678 6680 6679 6663 6660 6660 6655 6640 6618 6602 6613 6618 6629 6639 6648 6652 6632 6610 6596 6588 6585 6583 6589 6602 6624 6636 6633 6657 6689 6736 6788 6851 6923 6951 6911 6978 6937 6994 6964 6932 6835 6794 6756 6762 6804 6858 6862 6885 6804 6833 6827 6806 6784 6763 6743 6728 6721 6724 6719 6703 6679 6654 6630 6611 6638 6698 6768 6843
6856 6848 6834 6816 6802 6820 6927 6808 6785 6767 6749 6752 6782 6794 6750 6709 6674 6666 6712 6677 6664 6671 6678 6657 6623 6598 6606 6630 6640 6643 6640 6633 6609 6595 6583 6576 6572 6574 6580 6594 6631 6620 6609 6628 6664 6709 6755 6815 6868 6924 6925 6913 6941 6973 6950 6964 6882 6895 6901 6819 6823 6823 6759 6726 6715 6739 6755 6747 6734 6726 6725 6721 6706 6678 6664 6667 6664 6651 6631 6625 6646 6701 6766 6834
6830 6820 6804 6789 6780 6781 6789 6775 6757 6740 6724 6741 6846 6800 6745 6705 6679 6659 6663 6649 6657 6668 6683 6664 6631 6612 6639 6650 6646 6638 6632 6629 6606 6582 6570 6566 6565 6564 6566 6573 6605 6598 6581 6600 6635 6679 6723 6766 6796 6808 6849 6857 6830 6795 6782 6783 6772 6723 6730 6745 6744 6734 6677 6658 6667 6685 6702 6713 6706 6682 6714 6743 6694 6655 6642 6647 6645 6636 6630 6622 6640 6689 6743 6798
6811 6799 6787 6775 6769 6764 6765 6751 6735 6719 6715 6722 6724 6729 6713 6685 6666 6661 6647 6646 6649 6650 6647 6648 6637 6623 6623 6655 6637 6621 6608 6597 6577 6558 6552 6552 6555 6556 6557 6561 6577 6572 6555 6569 6608 6638 6675 6711 6740 6764 6835 6851 6781 6734 6708 6698 6696 6638 6656 6693 6661 6682 6731 6682 6655 6663 6681 6700 6710 6711 6707 6693 6673 6647 6638 6646 6640 6630 6633 6631 6639 6668 6710 6754
