real_craters/C135-750m.grd
DSAA
112 112
-41.6675 41.6675
-41.6675 41.6675
5275.7475811315 7186.5844077558
[rows 0 to 37 of 112, columns 0 to 83 of 112]
5934 5850 5818 5830 5868 5922 5902 5842 5811 5830 5876 5920 5947 5943 5900 5865 5839 5844 5872 5901 5927 5956 5987 6027 6072 6107 6157 6204 6233 6258 6266 6259 6264 6280 6300 6309 6320 6330 6336 6332 6322 6314 6316 6315 6316 6312 6311 6310 6309 6306 6300 6297 6292 6293 6292 6285 6276 6258 6240 6216 6191 6199 6215 6205 6084 6061 6047 6047 6093 6152 6092 6030 6022 6039 6049 6044 6031 6016 5984 5960 5958 5945 5942 5946
5863 5822 5811 5816 5830 5831 5837 5822 5818 5868 5900 5944 6006 5985 5944 5875 5828 5837 5850 5867 5886 5914 5946 5984 6026 6066 6120 6177 6229 6225 6253 6258 6255 6264 6266 6291 6308 6318 6323 6322 6315 6310 6306 6305 6304 6302 6301 6300 6299 6296 6291 6287 6286 6290 6291 6293 6286 6276 6256 6219 6201 6197 6192 6147 6084 6057 6038 6048 6123 6176 6139 6062 6024 6021 6043 6058 6051 6022 5987 5965 5968 5963 5952 5931
5823 5810 5801 5811 5817 5819 5818 5815 5817 5844 5879 5926 5957 5976 5961 5877 5819 5832 5839 5849 5861 5890 5926 5963 6000 6042 6104 6155 6188 6217 6247 6263 6250 6257 6267 6287 6301 6311 6317 6322 6321 6305 6301 6297 6298 6294 6292 6293 6294 6293 6290 6290 6290 6295 6298 6300 6299 6292 6275 6240 6171 6184 6175 6140 6102 6069 6051 6043 6091 6163 6163 6138 6106 6065 6082 6094 6085 6057 6011 5989 5999 6016 6009 5961
5824 5807 5805 5812 5816 5813 5817 5820 5831 5831 5849 5882 5904 5905 5887 5840 5818 5824 5833 5844 5857 5888 5923 5959 5992 6030 6108 6192 6225 6232 6235 6237 6241 6258 6281 6288 6295 6304 6312 6317 6317 6306 6298 6290 6279 6276 6283 6287 6290 6291 6293 6298 6300 6300 6303 6306 6311 6311 6294 6255 6225 6187 6165 6155 6132 6105 6103 6101 6107 6206 6252 6207 6202 6240 6189 6160 6143 6122 6087 6054 6041 6054 6068 6050
5831 5805 5808 5812 5818 5812 5815 5822 5832 5837 5842 5839 5834 5830 5805 5798 5813 5813 5827 5849 5874 5903 5932 5961 5993 6035 6107 6194 6241 6229 6213 6209 6235 6254 6269 6281 6290 6298 6305 6310 6310 6305 6297 6288 6279 6278 6282 6285 6288 6290 6293 6297 6309 6301 6302 6307 6314 6330 6365 6324 6248 6207 6177 6180 6182 6181 6187 6192 6206 6292 6316 6277 6259 6259 6255 6227 6207 6199 6205 6147 6083 6055 6111 6187
5825 5806 5813 5823 5845 5825 5820 5823 5827 5824 5815 5805 5796 5794 5787 5781 5798 5799 5822 5860 5900 5924 5951 5981 6008 6042 6087 6127 6176 6204 6202 6213 6238 6252 6264 6273 6283 6293 6299 6305 6307 6305 6300 6294 6290 6289 6289 6289 6290 6291 6292 6292 6286 6294 6299 6304 6311 6321 6330 6317 6273 6243 6220 6217 6225 6258 6278 6302 6333 6376 6471 6460 6371 6331 6314 6282 6250 6240 6249 6184 6107 6063 6161 6136
5823 5821 5820 5836 5882 5842 5827 5824 5817 5807 5795 5781 5773 5772 5768 5766 5785 5795 5830 5871 5907 5944 5975 6005 6025 6050 6085 6119 6166 6206 6227 6240 6247 6251 6256 6267 6281 6291 6298 6303 6307 6307 6302 6298 6298 6302 6293 6292 6291 6291 6291 6289 6297 6292 6296 6300 6303 6296 6279 6326 6321 6291 6283 6281 6297 6330 6415 6432 6428 6446 6594 6537 6434 6403 6371 6326 6280 6234 6187 6165 6137 6116 6110 6081
5810 5809 5814 5823 5838 5839 5828 5826 5834 5828 5785 5769 5761 5761 5758 5758 5785 5817 5854 5890 5929 5967 6002 6028 6052 6082 6114 6134 6186 6228 6253 6262 6246 6250 6259 6271 6283 6293 6300 6302 6309 6310 6302 6298 6295 6290 6292 6294 6294 6294 6292 6287 6286 6290 6296 6301 6304 6300 6287 6322 6329 6315 6329 6326 6346 6393 6508 6539 6516 6511 6573 6531 6513 6492 6422 6363 6308 6244 6179 6166 6158 6152 6119 6148
5809 5808 5810 5813 5820 5819 5819 5820 5826 5820 5787 5769 5757 5752 5749 5758 5797 5830 5874 5911 5955 5999 6037 6066 6097 6142 6189 6215 6242 6258 6275 6260 6244 6253 6267 6278 6287 6297 6305 6308 6303 6303 6297 6296 6295 6294 6299 6299 6298 6296 6294 6289 6288 6289 6295 6302 6309 6319 6337 6312 6311 6304 6293 6319 6394 6475 6554 6618 6633 6621 6635 6634 6565 6514 6452 6390 6336 6292 6246 6202 6181 6144 6206 6261
5811 5818 5808 5805 5805 5804 5806 5804 5794 5776 5788 5780 5759 5742 5747 5765 5807 5842 5881 5933 5988 6040 6083 6121 6154 6220 6286 6315 6309 6289 6263 6251 6255 6260 6270 6281 6292 6304 6312 6320 6316 6289 6292 6296 6302 6313 6311 6309 6302 6299 6296 6292 6287 6288 6295 6301 6311 6322 6322 6298 6297 6296 6295 6349 6476 6614 6706 6728 6744 6754 6749 6740 6641 6549 6482 6418 6358 6316 6281 6232 6209 6186 6298 6380
5817 5811 5806 5800 5801 5797 5796 5793 5782 5771 5787 5782 5765 5753 5767 5790 5826 5872 5932 5997 6044 6090 6137 6187 6241 6299 6376 6412 6354 6315 6285 6266 6273 6270 6272 6282 6301 6316 6326 6326 6313 6302 6295 6299 6307 6317 6318 6318 6311 6308 6304 6299 6295 6297 6302 6309 6315 6318 6311 6295 6297 6307 6330 6395 6547 6735 6796 6788 6785 6791 6771 6802 6684 6572 6495 6425 6360 6321 6282 6258 6239 6268 6417 6506
5837 5815 5805 5797 5794 5794 5794 5792 5789 5791 5797 5789 5778 5780 5804 5835 5862 5910 5997 6073 6104 6142 6186 6238 6306 6339 6363 6377 6355 6326 6302 6286 6279 6278 6284 6301 6323 6342 6349 6348 6329 6297 6297 6303 6311 6320 6323 6326 6320 6318 6314 6309 6302 6297 6308 6315 6318 6315 6308 6304 6306 6324 6363 6442 6547 6675 6746 6752 6739 6662 6646 6648 6623 6558 6485 6411 6356 6309 6276 6271 6262 6291 6437 6621
5837 5815 5808 5800 5796 5798 5800 5801 5800 5802 5809 5808 5793 5800 5838 5876 5911 5955 6041 6085 6140 6183 6225 6258 6300 6325 6325 6331 6332 6322 6308 6313 6288 6289 6299 6321 6366 6388 6387 6367 6341 6314 6305 6312 6322 6332 6337 6343 6342 6332 6327 6322 6318 6325 6320 6323 6325 6326 6311 6303 6311 6328 6359 6408 6490 6569 6635 6660 6661 6584 6543 6576 6564 6531 6483 6420 6369 6327 6294 6284 6271 6272 6330 6501
5850 5831 5821 5811 5805 5807 5809 5810 5812 5811 5815 5813 5812 5826 5872 5915 5963 6041 6065 6130 6176 6222 6260 6286 6289 6294 6305 6314 6317 6316 6313 6309 6290 6318 6360 6394 6451 6454 6436 6404 6367 6321 6317 6329 6342 6356 6360 6368 6363 6350 6342 6334 6329 6330 6326 6330 6335 6330 6312 6306 6319 6330 6342 6378 6436 6468 6513 6558 6581 6501 6485 6530 6523 6498 6462 6421 6378 6351 6319 6308 6287 6280 6307 6391
5869 5854 5840 5828 5821 5819 5824 5829 5831 5830 5835 5838 5852 5859 5880 5932 5995 6052 6097 6164 6211 6257 6298 6320 6301 6283 6296 6305 6309 6312 6314 6309 6309 6365 6495 6605 6568 6526 6491 6456 6410 6365 6355 6358 6368 6386 6409 6393 6385 6374 6362 6350 6333 6308 6324 6340 6348 6350 6326 6325 6344 6348 6353 6430 6410 6409 6438 6474 6490 6482 6483 6494 6486 6459 6433 6402 6372 6350 6330 6320 6306 6299 6312 6374
5878 5872 5861 5847 5833 5834 5842 5850 5859 5867 5899 5949 5909 5881 5892 5945 6017 6088 6133 6194 6239 6287 6334 6374 6335 6286 6294 6301 6307 6312 6315 6319 6320 6384 6557 6696 6628 6561 6517 6494 6440 6421 6401 6385 6392 6403 6408 6417 6411 6397 6385 6370 6354 6333 6343 6358 6364 6362 6330 6347 6380 6401 6370 6360 6370 6365 6387 6420 6443 6455 6451 6440 6425 6420 6404 6384 6359 6344 6332 6323 6314 6318 6346 6360
5882 5883 5882 5876 5859 5858 5867 5877 5895 5924 5981 6002 5924 5891 5903 5963 6036 6110 6135 6201 6253 6298 6342 6381 6344 6287 6291 6298 6307 6314 6319 6321 6327 6374 6507 6624 6585 6539 6495 6456 6433 6406 6389 6397 6412 6431 6455 6449 6440 6429 6411 6398 6389 6397 6387 6380 6376 6373 6370 6374 6407 6472 6406 6358 6358 6367 6359 6397 6427 6418 6402 6401 6401 6396 6383 6365 6348 6333 6325 6320 6313 6314 6325 6347
5892 5898 5900 5897 5888 5886 5894 5905 5921 5943 5965 5932 5901 5901 5933 5988 6057 6119 6159 6223 6269 6301 6326 6329 6313 6287 6290 6299 6308 6315 6318 6314 6310 6342 6415 6444 6491 6488 6464 6437 6420 6402 6391 6407 6431 6455 6476 6477 6467 6453 6435 6423 6415 6406 6399 6397 6386 6369 6369 6378 6394 6388 6396 6370 6370 6392 6378 6397 6417 6390 6360 6374 6389 6380 6370 6357 6342 6331 6325 6318 6311 6303 6310 6336
5904 5930 5934 5898 5907 5918 5918 5922 5932 5932 5909 5901 5912 5923 5950 6019 6086 6147 6185 6257 6282 6302 6314 6320 6304 6292 6294 6302 6309 6318 6321 6314 6308 6324 6365 6405 6437 6447 6436 6425 6420 6405 6395 6423 6452 6476 6490 6495 6491 6477 6455 6443 6435 6431 6425 6411 6400 6384 6356 6373 6387 6395 6379 6410 6427 6400 6374 6395 6421 6382 6357 6367 6362 6366 6360 6353 6341 6333 6327 6320 6311 6301 6304 6323
5934 5985 6023 5979 5942 5942 5943 5945 5950 5940 5915 5917 5941 5964 6002 6076 6142 6199 6251 6285 6303 6308 6304 6296 6297 6301 6305 6304 6308 6311 6316 6318 6313 6308 6346 6394 6418 6426 6427 6429 6428 6427 6428 6452 6474 6498 6525 6531 6508 6491 6469 6455 6445 6438 6428 6416 6397 6376 6369 6378 6389 6400 6411 6435 6453 6441 6413 6401 6392 6368 6344 6342 6357 6357 6355 6354 6348 6341 6332 6324 6318 6317 6310 6313
6019 6053 6083 6054 6005 5974 5962 5966 5974 5979 5972 5987 6003 6015 6070 6169 6252 6291 6293 6336 6330 6321 6307 6294 6295 6293 6298 6303 6306 6309 6318 6324 6317 6306 6333 6375 6396 6411 6435 6440 6443 6455 6483 6487 6490 6505 6531 6535 6510 6491 6475 6462 6449 6437 6424 6422 6417 6396 6385 6390 6400 6407 6420 6448 6481 6469 6463 6436 6382 6355 6338 6328 6333 6344 6353 6359 6361 6351 6339 6328 6321 6317 6315 6322
6061 6133 6155 6149 6094 6009 5978 5985 6005 6040 6059 6060 6057 6060 6140 6266 6392 6463 6359 6364 6362 6344 6324 6313 6306 6305 6303 6304 6306 6311 6329 6346 6342 6312 6315 6336 6362 6390 6411 6431 6443 6461 6491 6488 6485 6493 6508 6512 6499 6483 6474 6464 6453 6437 6422 6429 6437 6416 6404 6409 6417 6424 6430 6440 6435 6442 6452 6439 6403 6344 6311 6314 6334 6352 6359 6363 6357 6353 6343 6329 6319 6311 6314 6326
6105 6259 6369 6395 6197 6060 6007 6007 6029 6074 6099 6092 6072 6097 6199 6351 6529 6715 6548 6557 6427 6380 6340 6320 6320 6324 6308 6307 6313 6322 6347 6375 6391 6321 6302 6320 6348 6378 6392 6417 6430 6438 6441 6447 6460 6471 6479 6479 6483 6477 6471 6465 6458 6449 6430 6445 6447 6435 6424 6429 6442 6454 6456 6446 6426 6431 6438 6443 6414 6390 6342 6331 6360 6379 6373 6372 6367 6358 6345 6332 6321 6314 6316 6322
6168 6387 6531 6344 6228 6107 6037 6018 6026 6049 6075 6099 6105 6139 6253 6400 6569 6755 6701 6651 6489 6415 6355 6328 6323 6326 6302 6310 6324 6338 6363 6388 6397 6314 6303 6327 6356 6378 6396 6408 6417 6414 6402 6410 6435 6451 6460 6468 6473 6477 6470 6471 6471 6475 6490 6488 6473 6440 6437 6444 6458 6470 6471 6466 6465 6441 6434 6417 6406 6392 6343 6342 6371 6388 6381 6377 6372 6363 6351 6337 6326 6323 6326 6331
6188 6473 6640 6366 6249 6136 6061 6014 6010 6010 6039 6080 6132 6201 6297 6406 6512 6566 6601 6544 6512 6443 6383 6346 6324 6303 6294 6317 6341 6361 6374 6385 6381 6332 6318 6347 6377 6380 6389 6399 6406 6405 6404 6414 6427 6439 6449 6461 6467 6474 6474 6480 6487 6496 6502 6510 6506 6460 6455 6460 6461 6468 6478 6484 6487 6456 6446 6426 6390 6353 6320 6345 6378 6380 6389 6381 6370 6369 6358 6346 6333 6330 6337 6349
6142 6451 6689 6486 6278 6132 6036 6008 6006 6024 6036 6064 6141 6249 6316 6388 6456 6497 6530 6542 6499 6465 6427 6380 6339 6318 6318 6333 6350 6365 6373 6378 6373 6366 6353 6359 6366 6381 6389 6397 6400 6402 6408 6414 6420 6430 6440 6448 6459 6472 6479 6490 6501 6510 6519 6521 6516 6485 6480 6483 6486 6491 6491 6491 6479 6479 6475 6435 6389 6338 6327 6423 6419 6409 6423 6420 6406 6392 6374 6356 6342 6339 6344 6356
6078 6269 6429 6381 6234 6102 6010 5999 6008 6042 6051 6086 6164 6241 6310 6374 6432 6489 6515 6538 6499 6484 6469 6411 6355 6336 6350 6355 6350 6356 6369 6372 6373 6367 6365 6369 6372 6386 6396 6398 6398 6399 6399 6398 6413 6425 6436 6447 6461 6477 6493 6501 6516 6525 6521 6506 6512 6512 6511 6509 6497 6499 6508 6512 6517 6529 6524 6510 6424 6356 6349 6443 6460 6486 6472 6471 6453 6421 6392 6365 6346 6342 6346 6358
6038 6102 6161 6192 6150 6079 6027 6005 6006 6020 6072 6119 6177 6238 6304 6362 6416 6462 6499 6521 6516 6494 6473 6423 6381 6369 6388 6378 6369 6366 6370 6371 6371 6370 6382 6376 6375 6383 6394 6399 6400 6399 6401 6408 6413 6424 6437 6455 6471 6484 6496 6515 6535 6553 6567 6565 6541 6541 6545 6556 6557 6525 6527 6537 6536 6512 6524 6515 6471 6416 6383 6429 6466 6482 6494 6506 6478 6437 6402 6373 6346 6341 6345 6346
6010 6032 6051 6075 6078 6052 6033 6021 6024 6044 6111 6186 6215 6261 6309 6353 6396 6441 6486 6527 6532 6491 6446 6415 6396 6386 6385 6387 6387 6385 6381 6377 6373 6369 6379 6382 6379 6391 6401 6403 6403 6402 6402 6405 6414 6425 6439 6451 6463 6488 6511 6530 6557 6584 6611 6631 6578 6564 6570 6577 6574 6557 6536 6529 6516 6502 6514 6506 6468 6450 6454 6454 6485 6500 6505 6514 6479 6438 6405 6381 6364 6350 6346 6345
6012 5996 5980 6012 6030 6034 6027 6034 6049 6070 6101 6212 6276 6301 6327 6360 6388 6427 6485 6528 6541 6493 6439 6403 6376 6385 6399 6407 6406 6400 6394 6388 6383 6384 6396 6394 6389 6410 6410 6410 6410 6409 6408 6408 6417 6429 6442 6456 6470 6492 6518 6541 6569 6597 6621 6624 6608 6594 6590 6588 6568 6544 6531 6519 6503 6489 6513 6504 6482 6476 6485 6497 6533 6570 6575 6499 6469 6435 6404 6382 6373 6353 6347 6349
6028 5996 5977 5996 6021 6042 6060 6080 6080 6088 6112 6196 6261 6294 6342 6386 6411 6443 6494 6534 6496 6465 6425 6400 6384 6400 6427 6433 6423 6417 6414 6407 6400 6392 6396 6401 6393 6389 6407 6415 6418 6417 6415 6414 6423 6435 6448 6460 6470 6497 6526 6551 6580 6609 6630 6630 6636 6619 6607 6590 6566 6547 6531 6507 6498 6502 6498 6489 6477 6492 6500 6504 6567 6703 6711 6517 6461 6427 6396 6370 6356 6349 6349 6362
6051 6013 5994 6005 6028 6060 6108 6130 6134 6143 6165 6223 6271 6302 6384 6453 6490 6499 6503 6499 6436 6429 6413 6410 6408 6426 6445 6447 6430 6439 6442 6440 6432 6417 6414 6414 6409 6410 6416 6423 6427 6427 6428 6429 6436 6447 6458 6471 6487 6507 6534 6561 6586 6611 6634 6652 6645 6630 6622 6625 6597 6574 6550 6526 6509 6486 6496 6489 6480 6514 6519 6511 6549 6618 6599 6517 6467 6429 6387 6353 6340 6344 6351 6369
6061 6037 6010 6020 6039 6062 6090 6122 6165 6187 6210 6258 6308 6391 6495 6541 6557 6536 6494 6452 6401 6399 6411 6434 6453 6456 6467 6473 6473 6471 6472 6474 6473 6463 6432 6447 6441 6430 6436 6441 6444 6446 6444 6448 6455 6460 6471 6482 6489 6513 6540 6565 6592 6620 6642 6650 6646 6635 6621 6629 6636 6613 6583 6546 6537 6528 6538 6509 6505 6527 6525 6508 6508 6525 6509 6509 6466 6428 6390 6359 6346 6355 6377 6387
6076 6070 6044 6045 6050 6059 6068 6090 6156 6212 6260 6316 6369 6594 6691 6605 6536 6506 6470 6426 6393 6393 6414 6448 6471 6476 6483 6497 6504 6501 6502 6508 6522 6542 6571 6524 6493 6474 6461 6465 6465 6465 6462 6460 6459 6472 6483 6494 6507 6529 6556 6572 6596 6620 6638 6643 6657 6631 6601 6579 6638 6642 6631 6609 6580 6556 6551 6532 6517 6521 6521 6514 6507 6504 6500 6486 6466 6443 6413 6389 6378 6385 6396 6414
6089 6107 6087 6074 6064 6059 6056 6071 6137 6230 6329 6403 6451 6612 6678 6585 6510 6475 6440 6406 6388 6384 6417 6449 6470 6481 6491 6506 6523 6519 6527 6541 6563 6590 6631 6600 6535 6503 6492 6490 6487 6487 6482 6481 6485 6491 6502 6516 6532 6552 6577 6601 6618 6639 6663 6659 6649 6642 6621 6604 6634 6651 6670 6670 6623 6596 6588 6572 6544 6518 6532 6530 6519 6507 6492 6487 6477 6454 6435 6431 6415 6413 6429 6441
6101 6133 6123 6102 6085 6074 6066 6080 6156 6228 6310 6398 6447 6463 6470 6491 6476 6444 6418 6399 6391 6400 6425 6443 6462 6480 6492 6491 6509 6536 6559 6583 6606 6615 6622 6644 6570 6543 6529 6515 6509 6508 6503 6502 6503 6512 6527 6542 6559 6580 6603 6627 6650 6663 6668 6681 6682 6670 6672 6661 6641 6648 6657 6659 6637 6617 6623 6642 6610 6593 6573 6557 6539 6518 6505 6496 6479 6461 6439 6421 6424 6427 6440 6455
6106 6133 6135 6121 6109 6098 6093 6110 6163 6214 6266 6320 6360 6383 6392 6403 6407 6404 6406 6406 6403 6437 6425 6427 6451 6480 6505 6518 6529 6559 6591 6625 6649 6671 6689 6671 6613 6584 6563 6544 6532 6527 6524 6525 6528 6534 6555 6572 6586 6606 6632 6669 6698 6713 6691 6672 6671 6700 6702 6681 6655 6648 6631 6634 6649 6653 6661 6658 6656 6634 6611 6579 6539 6518 6506 6498 6477 6459 6443 6427 6432 6438 6450 6458
6089 6123 6136 6130 6125 6122 6121 6125 6168 6224 6263 6292 6316 6333 6340 6341 6345 6368 6387 6405 6432 6402 6408 6420 6444 6478 6519 6562 6550 6582 6615 6645 6681 6726 6776 6758 6704 6642 6592 6566 6552 6542 6546 6548 6548 6560 6591 6612 6595 6600 6666 6717 6753 6784 6777 6787 6778 6770 6755 6729 6709 6694 6648 6648 6674 6717 6759 6696 6701 6698 6645 6606 6573 6533 6494 6488 6473 6463 6452 6445 6443 6446 6452 6456
