real_craters/C135-500m.grd
DSAA
168 168
-41.6675 41.6675
-41.6675 41.6675
5274.6071812412 7194.6552771058
[rows 60 to 89 of 168, columns 67 to 133 of 168]
6662.27 6686.89 6736.13 6780.56 6823.91 6868.01 6925.45 6965.51 6911.08 6826.63 6753.82 6698.44 6646.55 6608.2 6586.17 6609.32 6706.54 6899.84 7059.35 7112.93 7194.66 7152.67 7157.71 7046.66 6971.35 6924.85 6874.09 6854.12 6841.83 6825.03 6785.33 6753.2 6770.63 6790.81 6782.15 6732.97 6696.15 6660.84 6643.06 6627.63 6614.91 6604.66 6605.34 6601.16 6589.69 6553.17 6524.77 6503.49 6493.44 6486.47 6479.66 6466.78 6464 6460.89 6456.56 6452.08 6448.67 6443.12 6437.98 6430.36 6417.38 6402 6399.08 6419.84 6430.58 6454.28 6478.07
6702.25 6725.88 6770.55 6801.85 6834.18 6868.34 6918.78 6975.58 6886.52 6768.43 6670.24 6607.48 6532.17 6454.38 6393.98 6418.43 6529.74 6717.86 6882.02 6917.98 6941.5 6968.48 6980.89 6940.05 6920.31 6953.05 7006.89 6946.12 6911.55 6900.88 6880.76 6840.02 6800.32 6761.21 6758.79 6738.9 6703.92 6667.5 6633.93 6620.55 6611.13 6604.55 6600.24 6586.09 6568.85 6547.49 6525.24 6513.02 6505.06 6500.36 6500.44 6502.1 6482.42 6470.41 6460.94 6454.12 6447.6 6440.91 6434.64 6422.84 6415.77 6407.08 6403.01 6397.58 6428.82 6461.47 6492.65
6768.54 6783.21 6808 6812.54 6810.97 6812.18 6821.93 6834.78 6742.18 6631.31 6555.07 6485.11 6431.47 6365.47 6317.5 6353.73 6409.95 6502.69 6587.85 6634.06 6656.4 6670.05 6686.62 6728.73 6771.34 6844.99 6952.61 6924.23 6925.24 6954.44 6999.75 6951.17 6837.85 6741.59 6724.59 6733.09 6704.22 6645.39 6624.52 6613.81 6605.21 6598.51 6589.36 6561.53 6543.24 6541.69 6530.87 6522.1 6513.36 6508.9 6510.47 6510.93 6491.22 6476.15 6465.06 6456.83 6448.74 6440.52 6434.24 6427.81 6419.39 6414.11 6409.92 6410.4 6428.77 6449.58 6464.41
6836.19 6837.74 6854.57 6817.46 6769.41 6714.71 6653.35 6562.4 6486.2 6440.4 6394.06 6358.33 6329.56 6302.86 6273.71 6237.96 6257.31 6293.87 6327.67 6369.02 6395.84 6396.16 6423.4 6493.84 6559.02 6617.95 6684.4 6783.64 6862.6 6936.9 6993.09 6966.57 6865.54 6749.84 6706.94 6695.1 6680.39 6657.2 6629.62 6611.17 6601.21 6594.08 6584.92 6567.87 6556.13 6550.72 6546.3 6527.22 6515.83 6509.06 6506.44 6499.19 6488.6 6476.42 6466.23 6455.63 6446.66 6439.45 6433.19 6426.26 6425.09 6424.57 6422.13 6423.43 6436.4 6448.04 6457.96
6937.96 7003.15 6900.02 6803.71 6706.99 6603.58 6489.47 6349.36 6266.78 6261.84 6245.22 6247.76 6210.31 6176.94 6132.79 6079.16 6094.3 6113.61 6121.62 6160.02 6194.16 6186.4 6219.82 6291.78 6355.67 6411.52 6492.94 6629.48 6765.47 6887.99 6946.91 6964.78 6902.33 6791.78 6712.37 6693.84 6671.23 6642.32 6616.7 6606.38 6600.51 6594.87 6588.72 6592.51 6583.76 6560.4 6535.15 6523.12 6514.19 6504.13 6497.19 6491.6 6482.2 6472.78 6462.68 6454.12 6445.69 6439.03 6437.24 6436.61 6434.63 6438.34 6440.66 6445.46 6452.91 6462.39 6470.14
6948.21 6987.99 6873.75 6746.34 6622.13 6500.24 6369.72 6232.78 6144.93 6139.52 6123.42 6101.57 6086.97 6039.63 6006.04 5978.34 5977.43 5982.22 5979.78 6020.49 6066.15 6067.13 6090.39 6137.91 6184.64 6248.83 6346.51 6485.61 6649.66 6828.6 7044.34 6998.17 6959.28 6856.11 6750.37 6715.7 6693.89 6649.52 6615.48 6612.14 6608.48 6605.55 6606.79 6616.52 6600.02 6570.12 6541.95 6525.04 6514.03 6501.64 6482.28 6475.8 6476.31 6469.86 6461.93 6453.92 6446.13 6438.84 6434.05 6435.53 6443.9 6455.16 6465.14 6475.29 6476.77 6468.23 6470.13
6846.65 6850.06 6748.39 6632.72 6514.31 6398.89 6285.18 6181.05 6107.33 6064.2 6026.6 5995.33 5978.72 5930.88 5917.17 5903.59 5894.86 5893.79 5899.15 5965.23 5992.7 6017.1 6009.06 6015.95 6035.18 6066.65 6173.21 6324.53 6486.29 6656.49 6820.5 6928.36 7005.21 6987.12 6847.44 6824.25 6753.59 6693.97 6649.23 6636.78 6626.82 6617.04 6615.99 6613.96 6600.1 6573.68 6549.7 6530.66 6517.31 6509.09 6497.78 6487.64 6477.81 6470.13 6462.11 6454.65 6447.52 6439.72 6435.12 6437.85 6451.37 6469.55 6493.47 6511.93 6503.42 6486.44 6478.71
6688.04 6636.21 6567.56 6487.12 6388.29 6288.01 6196.23 6127.55 6093.38 5996.7 5928.86 5893.13 5884.82 5878.01 5869.42 5850.6 5820.59 5812.8 5833.91 5908.72 5897.25 5886.84 5902.87 5908.57 5917.21 5934.87 6034.6 6174.15 6311.56 6440.12 6579.69 6766.6 6945.23 7015.81 6917.95 6877.53 6822.82 6759.65 6701.53 6682.33 6654.5 6626.32 6605.62 6608.26 6590.32 6570.09 6549.16 6531.73 6516.99 6512.43 6528.8 6500.17 6480.72 6470 6462.51 6454.97 6449.68 6445.76 6440.24 6444.92 6457.91 6473.5 6488.26 6502.56 6516.44 6502.91 6485.87
6535.79 6463.97 6393.01 6334.79 6254.94 6167.39 6082.48 6011.36 5953.2 5868.37 5808.16 5771.26 5757.4 5771.19 5764.27 5759.69 5721.46 5713.64 5721.05 5741.52 5777.14 5782.17 5799.75 5814.38 5834.28 5876.85 5950.77 6053.71 6157.43 6258.85 6390.22 6573.71 6743.55 6889.25 6983.9 6937.23 6891.72 6840.58 6796.39 6744.63 6686.95 6631.75 6585.3 6564.14 6578.36 6562.4 6539.6 6518.85 6507.49 6503.5 6492.1 6489.86 6476.67 6467.12 6458.98 6454.98 6452.4 6453.21 6462.92 6459.62 6464.46 6472.03 6478.88 6483.63 6491.09 6477.88 6476.6
6410.48 6315.08 6237.88 6201.28 6131.3 6044.18 5952.62 5855.23 5749.52 5698.35 5667.61 5636.95 5604.99 5575.36 5555.18 5572.29 5597.69 5602.98 5597.36 5611.51 5656.48 5724.1 5710.38 5729.87 5763.52 5809.37 5880.85 5961.55 6045.75 6128.56 6244.02 6396.08 6548.57 6748.05 6935.26 6967.45 6931.59 6894.26 6861.22 6792.97 6715.65 6643 6587.23 6582.24 6579.35 6555.72 6528.69 6502.2 6494.25 6491.88 6497.88 6481.88 6471.68 6465.02 6459.12 6454.92 6451.57 6451.26 6449.4 6457.96 6465.32 6470.55 6475.53 6480.36 6473.9 6470.9 6472.07
6324.21 6223.46 6138.25 6098.36 6024.58 5934 5832.53 5723.76 5619.68 5565.39 5541.85 5517.16 5487.48 5458.51 5455.98 5475.1 5500.05 5511.46 5513.04 5507.94 5521.54 5546.58 5603.13 5646.04 5693.64 5760.06 5814.39 5889.21 5968.06 6044.43 6139.91 6254.15 6379.73 6597.67 6844.7 6936.37 6924.38 6899.96 6875.7 6816.78 6735.44 6661.7 6597.95 6579.4 6575.21 6553.23 6527.3 6498.95 6486.07 6473.82 6464.79 6467.23 6464.8 6461.47 6457.76 6453.74 6451.08 6450.02 6452.81 6456.26 6463.95 6468.94 6471.7 6468.81 6468.43 6479.83 6473.61
6260.9 6176.94 6102.17 6024.1 5933.42 5835.51 5732.91 5625.59 5525.43 5470.2 5449.06 5433.86 5414.97 5404.68 5414.3 5426.77 5441.33 5448.9 5446.19 5454.87 5463.06 5484.32 5524.23 5565.19 5611.04 5672.11 5742.02 5824.22 5916.44 6015.89 6081.75 6150 6243.98 6430.5 6644.36 6831.6 6858.15 6852.96 6833.07 6790.9 6742.93 6681.35 6617.41 6588.03 6574.74 6559.84 6539.12 6517.53 6494.04 6469.46 6458.36 6462.61 6462.93 6461.49 6456.66 6451.82 6446.75 6446.77 6451.46 6455.13 6462.77 6469.38 6473.58 6473.74 6471.02 6469.93 6470.07
6198.32 6125.11 6044.93 5936.35 5846.12 5746.49 5647.54 5549.29 5458.1 5401.99 5389.1 5383.74 5379.7 5380.52 5389.5 5397.72 5406.1 5410.96 5412.66 5423.41 5433.49 5445.79 5467.18 5495.52 5530.65 5587.89 5667.35 5760.09 5861.64 5969.06 6021.85 6069.67 6145.8 6283.84 6450.69 6679.01 6760.92 6784.26 6770.23 6759.49 6751.65 6717.1 6645.24 6619.47 6598.2 6582.49 6557.99 6539.49 6502.27 6479.75 6469.97 6471.19 6469.95 6466.34 6459.59 6450.98 6443.06 6434.69 6436.98 6449.81 6462.46 6472.76 6480.53 6482.41 6470.8 6469.07 6473.24
6122.79 6036.09 5955.29 5831.13 5750.19 5660.18 5573.81 5490.1 5415.6 5365.46 5356.84 5358.91 5365.17 5369.64 5376.61 5382.1 5386.74 5390.39 5392.83 5402.88 5411.01 5415 5423.81 5439.56 5463.4 5516.61 5594.33 5684.18 5784.76 5886.86 5945.07 5999.86 6074.87 6186.42 6321.7 6542.95 6668.5 6728.67 6748.21 6760.53 6777.38 6787.25 6764.08 6715.07 6668.08 6619.25 6577.51 6525.9 6503.49 6496.17 6490.84 6488.75 6482.23 6474.91 6465.64 6453.76 6442.38 6433.16 6433.9 6450 6464.28 6477.42 6489.37 6501.46 6494.48 6486.34 6485.38
6031.74 5907.28 5783.01 5696.35 5649.69 5580.69 5512.07 5447.06 5394.22 5355.6 5343.23 5345.59 5354.11 5360.14 5366.69 5372.02 5376.7 5378.34 5380.73 5385.35 5387.65 5387.79 5390.82 5396.98 5412.64 5456 5521.2 5598.31 5686.49 5779.47 5860.58 5935.45 6026.89 6144.32 6291.21 6467.37 6616.03 6696.49 6740.17 6764.32 6789.12 6829.72 6896.14 6776.23 6698.5 6649.19 6609.85 6575.95 6555.56 6537.96 6524.61 6512.86 6500.18 6483.93 6470.14 6458.03 6446.87 6440.01 6441.28 6452.58 6465.53 6479.22 6493.03 6506.67 6516.96 6501.72 6497.61
5951.33 5810 5671.1 5590.5 5566.4 5516.02 5464.31 5415.15 5376.69 5348.76 5336.64 5337.09 5343.55 5351.12 5358.18 5363.23 5368.8 5372.24 5373.16 5372.52 5370.84 5368.34 5367.39 5367.9 5378.03 5408.4 5455.42 5512.99 5584.79 5677.5 5781.49 5885.82 5991.04 6118.78 6285.1 6500.38 6606.58 6678.94 6733.53 6770.19 6753.92 6732.66 6733.98 6725.29 6690.68 6674.02 6644.4 6620.42 6608.19 6596.9 6565.33 6538.99 6518.48 6501.17 6482.09 6468.31 6454.76 6446 6445.37 6450.63 6467.62 6479.24 6492.4 6502.89 6506.39 6517.62 6509
5885.39 5741.6 5615.39 5529.35 5505.1 5464.35 5424.76 5388.24 5360.37 5341.08 5329.62 5331.01 5338.34 5344.11 5350.7 5357.24 5363.1 5370.62 5371.41 5365.54 5362.17 5358.83 5353.09 5350.03 5353.78 5370.95 5398.38 5432.57 5481.27 5570.7 5709.98 5863.98 5980.84 6090.52 6261.84 6473.74 6580.53 6651.82 6705.87 6742.46 6698.78 6599.02 6557.19 6663.19 6711.86 6702.43 6668.83 6637.14 6610.81 6608.3 6586.47 6558.37 6536.69 6513.25 6496.15 6480.77 6465.49 6451.35 6453.14 6463.67 6470.29 6478.66 6487.51 6496.41 6505.85 6523.16 6515.95
5825.1 5684.21 5575.45 5488.25 5458.13 5424.59 5394.67 5367.57 5344.87 5322.59 5320.15 5324.14 5332.82 5341.99 5347.18 5351.48 5354.38 5358.85 5359.7 5360.21 5364.25 5354.32 5346.05 5340.67 5343.74 5342.77 5352.85 5369.81 5399.58 5483.98 5629.85 5798.99 5921.99 6033.76 6202.72 6398.27 6530.51 6606.56 6659.25 6685.81 6674.78 6617.33 6596.47 6669.76 6724.39 6710.79 6681.28 6651.8 6629.98 6620.79 6592.64 6568.03 6546.59 6526.56 6507.69 6495.96 6484.63 6473.73 6467.29 6473.37 6475.14 6478.01 6482.49 6492.17 6508.6 6517.84 6511.92
5770.59 5639.58 5515.93 5425.95 5414.07 5392.03 5371.05 5351.94 5335.87 5329.6 5321.47 5319.13 5323.56 5329.92 5342.69 5350.42 5349.6 5335.03 5342.34 5344.84 5347.65 5352.41 5343.58 5329.95 5325.39 5319.53 5321.97 5331.59 5358.69 5425.71 5538.87 5675.66 5821.94 5963.83 6147.08 6348.31 6473.26 6551.87 6608.94 6637.43 6681.05 6754.53 6744.16 6713.89 6706.2 6701.37 6685.45 6661.89 6646 6607.75 6585.4 6565.66 6548.14 6533.14 6521.28 6510.98 6503.73 6501.44 6487.05 6486.05 6482.13 6479.77 6478.22 6481.74 6500.57 6503.16 6507.94
5729.14 5597.45 5477.73 5393.2 5380.95 5365.67 5351.25 5338.6 5328.72 5323.98 5316.52 5316.65 5317.95 5325.79 5347.25 5367.86 5374.52 5359.74 5366.73 5355.86 5368.86 5374.75 5347.39 5321.32 5306.82 5300.2 5301.65 5310.57 5334.46 5377.62 5449.92 5554.82 5727.65 5917.23 6083.75 6241.36 6374.87 6493.43 6581.5 6634.41 6692.47 6739.92 6749.69 6733.3 6729.1 6714.87 6683.59 6652.01 6620.85 6580.12 6571.49 6558.49 6546.22 6536.39 6527.67 6520.98 6515.96 6507.83 6498.73 6496.28 6489.81 6482.85 6475.34 6467.64 6482.82 6501.34 6507.39
5683.56 5565.64 5455.88 5378.32 5341.68 5347.92 5336.8 5327.73 5320.93 5318 5308.96 5297.27 5303.91 5320.87 5370 5412.78 5439.55 5453.11 5445.97 5431.45 5421.72 5392.48 5349.83 5318.48 5300.02 5289.64 5290.24 5300.14 5322.69 5340.02 5376.42 5459.72 5638.78 5856.65 6008.61 6143.59 6289.11 6447.13 6573.96 6687.53 6745.73 6699.61 6710.6 6720.15 6723.63 6709.59 6673.6 6632.86 6591.23 6569.78 6557.35 6546.81 6540.47 6534.41 6530.93 6527.12 6527.77 6522.91 6511.67 6504.45 6497.52 6489.65 6480.82 6467.28 6472.08 6492.47 6504.02
5644.75 5538.89 5440.63 5367.6 5330.39 5336.95 5328.27 5321.13 5315.79 5313.81 5306.9 5304.98 5307 5343.79 5414.71 5487.34 5526.45 5543.22 5551.36 5521.33 5460.05 5392.01 5347.6 5315 5294.85 5283.37 5283.15 5291.95 5309.57 5313.44 5333.79 5406.22 5560.42 5728.57 5922.22 6091.64 6255.7 6419.71 6560.07 6669.66 6708.71 6687.88 6689.87 6703.91 6707.73 6692.8 6660.87 6615.78 6573 6551.9 6539.13 6531 6527.6 6527.37 6527.94 6526.85 6523.38 6519.36 6519.56 6513.26 6506.88 6500.77 6495.37 6494.25 6482.39 6486.36 6504.4
5614.25 5519.87 5431.1 5362.17 5324.97 5330.06 5322.44 5315.57 5311.28 5311.63 5308.61 5303.09 5305.36 5353.75 5477.48 5597.05 5665.74 5677.64 5679.89 5639.86 5515.54 5404.59 5346.66 5309.12 5289.23 5277.7 5276.78 5283.29 5294.16 5298.65 5317.8 5382.35 5511.48 5686.42 5867.9 6056.91 6237.88 6404.46 6545.36 6649.81 6694.61 6667.98 6672.44 6691.63 6704.05 6697.15 6657.63 6602.14 6542.25 6524.63 6517.14 6516.55 6520.91 6526.58 6532.35 6533.52 6525 6525.68 6529.63 6522.97 6516.47 6510.3 6507.5 6506.22 6492.14 6489.31 6507.6
5599.67 5511.19 5427.49 5363.02 5324.18 5329.59 5320.97 5314.11 5309.05 5307.47 5305.02 5302.15 5312.76 5389.24 5546.61 5723.6 5885.86 5888.17 5797.69 5695.18 5551.85 5417.48 5348.88 5307.86 5285.68 5274.83 5274.61 5279.33 5287.18 5296.62 5323.34 5378.94 5469.3 5618.68 5829.54 6039.06 6229.01 6401.38 6535.42 6639.62 6701.06 6651.08 6658.6 6682.29 6701.16 6700.59 6659.21 6599.12 6533.07 6497.35 6492.37 6503.05 6514.82 6527.81 6541.68 6555.02 6562.57 6552.23 6544.45 6535.27 6523.35 6516.68 6511.72 6512.17 6502.8 6507.42 6509.59
5600.79 5509.06 5431.1 5369.74 5327.09 5329.23 5319.21 5311.68 5306.15 5302.9 5297.29 5302.74 5315 5410.95 5587.08 5791.21 5985.79 5949.64 5811.59 5703.5 5551.42 5432.03 5357.62 5305.11 5283.89 5275.88 5277.96 5286.74 5294.51 5303.38 5332.71 5382.46 5457.19 5602.53 5821.89 6045.32 6258.89 6409.68 6525.24 6611.51 6640.5 6624.87 6650.62 6678.53 6700.24 6706.54 6667.74 6609.38 6540.77 6478.73 6479.18 6496.43 6513.89 6532.93 6549.91 6569.15 6590.81 6575.35 6557.31 6543.86 6529.36 6521.63 6513.28 6500.77 6500.76 6500.07 6516.56
5591.99 5510.81 5437.67 5376.3 5329.99 5329.39 5318.79 5310.66 5304.47 5301.48 5301.19 5301.39 5306.64 5408.47 5578.62 5765 5913.51 5854.22 5697.63 5562.44 5501.7 5455.72 5364.18 5301.97 5283.04 5279.83 5284.68 5298.7 5305.71 5316.29 5345.74 5403.67 5491.16 5638.75 5839.17 6053.44 6256.33 6402.54 6508.23 6590.91 6642.65 6652.36 6647.48 6675.64 6707.97 6724.39 6686.55 6621.47 6557.99 6479.04 6479.27 6497.74 6516.18 6534.08 6550.22 6564.3 6571.95 6569.03 6558.22 6544.36 6531.33 6524.21 6521.05 6517.43 6505.76 6503.75 6528.5
5602.03 5521.37 5446.14 5382.97 5332.43 5327.72 5316.74 5309.1 5304 5301.25 5301.82 5299.83 5312.14 5397.95 5529.36 5667.18 5749.6 5695.17 5562 5462.31 5424.25 5375.62 5334.36 5303.5 5288.76 5285.62 5290.74 5306.08 5315.63 5332.79 5374.16 5442.34 5547.18 5689.91 5866.9 6054.5 6219.17 6366.57 6484.1 6571.05 6614.64 6613.49 6624.62 6665.48 6709.67 6740.7 6696.63 6606.27 6537.07 6499.37 6502.2 6513.32 6525.73 6539.37 6552.6 6560.1 6560.08 6561.33 6554.08 6541.39 6529.89 6520.83 6518.18 6517.94 6505.67 6508.51 6547.26
5633.6 5542.05 5461.79 5392.38 5335.65 5307.54 5316.95 5309.19 5304.35 5301.88 5302.95 5305.28 5317.09 5375.88 5457.59 5536.84 5582.7 5538.79 5450.17 5389.42 5363.38 5332.81 5316.63 5308.23 5296.14 5292.03 5295.82 5310.22 5322.8 5347.53 5400.01 5475.16 5581.99 5734.1 5898.61 6063.42 6213.13 6346.72 6461.17 6549.25 6585.55 6541.55 6588.63 6646.67 6699.64 6725.98 6687.64 6596.67 6543.38 6548.53 6542.26 6536.34 6539.25 6550.13 6556.96 6562.12 6565.38 6558.72 6550.03 6538.63 6527.05 6513.09 6495.95 6492.56 6499.1 6503.6 6551.96
5660.62 5568.74 5482.52 5407 5341.91 5311.03 5318.22 5310.52 5306.77 5304.11 5305.39 5307.31 5314.45 5347.23 5385.25 5405.2 5413.86 5415.58 5374.92 5347.63 5333.82 5322.26 5316.7 5311.71 5302.21 5296.9 5300.36 5315.29 5331.93 5361.43 5418.33 5508.31 5615.11 5775.87 5941.11 6094.67 6225.48 6340.35 6445.53 6516.24 6558.58 6524.71 6566.81 6630.95 6689.35 6730.06 6705.32 6607.08 6563.69 6568.36 6564.56 6556.14 6556.01 6558.96 6563.75 6563.95 6562.16 6560.13 6551.25 6539.87 6527.26 6515.54 6499.64 6498.55 6510.16 6523.43 6542.2
5705.75 5607.97 5513.65 5431.73 5359.11 5320.34 5324.5 5316.26 5310.71 5310.31 5311.6 5311.12 5313.17 5326.17 5338.46 5339.22 5341.26 5350.12 5339.76 5330.47 5323.68 5319.16 5317.44 5314.76 5307.38 5304.68 5307.71 5322.63 5350.38 5387.39 5459.07 5572.41 5701.3 5849.14 6003.47 6149.85 6274.93 6374.32 6449.61 6480.69 6480.67 6499.41 6554.1 6619.52 6679.35 6721.28 6707.03 6623.65 6583.65 6576.88 6573.6 6567.55 6563.12 6565.37 6568.35 6576.42 6573.74 6563.55 6557.5 6547.58 6536.37 6527.84 6521.08 6522.9 6536.21 6550.03 6557.63
