real_craters/C135-500m.grd
DSAA
168 168
-41.6675 41.6675
-41.6675 41.6675
5274.6071812412 7194.6552771058
[rows 60 to 89 of 168, columns 0 to 66 of 168]
6044.14 6034.73 6035.75 6051.52 6074.65 6101.27 6127.72 6152.64 6173.69 6191.86 6209.32 6232.03 6267.96 6288.57 6294.68 6281.73 6268.35 6262.01 6262.45 6265.48 6275.07 6286.1 6288.96 6285.04 6291.1 6300.84 6311.15 6320.48 6327.62 6337.5 6349.34 6366.65 6374.26 6377.61 6389.38 6400.38 6415.97 6433.72 6454.52 6481.39 6526.92 6600.05 6666.96 6697.43 6700.85 6696.42 6689.25 6679.28 6671.75 6658.68 6639.05 6623.63 6604.38 6764.47 6901.26 6821 6714.11 6629.62 6605.17 6603.38 6607.26 6617.28 6629.73 6643.04 6623.71 6632.21 6647.31
6030.5 6019.04 6018.48 6033.16 6063.92 6099.19 6135.58 6168.1 6193.23 6206.74 6211.4 6230.37 6270.5 6298.55 6310.85 6294.71 6281.56 6272.85 6270.27 6269.94 6277.8 6293.72 6300.13 6290.11 6293.71 6299.26 6306.24 6312.45 6320.25 6328.17 6337.66 6368.31 6374.14 6375.61 6387.07 6400.98 6415.05 6430.84 6449.68 6473.16 6504.22 6602.28 6688.37 6718.88 6719.64 6710.87 6700.51 6681.31 6673.79 6659.12 6644.52 6630.82 6625.7 6753.95 6889.03 6815.68 6716.28 6633.15 6610.54 6611.46 6619.96 6633.33 6649.62 6667.37 6652.9 6665.83 6686.07
6026.19 6014.65 6009.12 6023.17 6059.54 6105.77 6153.81 6196.08 6229.13 6240.92 6233.82 6245.1 6281.77 6301.73 6314.21 6309.61 6292.2 6285.09 6282.77 6282.71 6288.73 6301.48 6309.19 6299.81 6299.48 6302.09 6306.17 6309.43 6314.96 6322.48 6335.52 6363.88 6357.65 6373.52 6396.44 6404.72 6415.9 6430.74 6449.87 6477.2 6529.48 6614.33 6706.98 6731.34 6727.7 6716.11 6705.94 6690.03 6681.02 6668.49 6668.63 6674.64 6705.34 6795.81 6863.34 6788.61 6707.17 6640.94 6619.63 6625.42 6635.81 6649.63 6668.88 6691.62 6697.55 6718.52 6746.41
6023.89 6010.78 6003.09 6015.75 6061.07 6118.91 6180.67 6240.35 6286.91 6313.28 6308.02 6309.12 6321.72 6354.02 6364.43 6349.02 6317.66 6307.35 6302.04 6298.42 6298.66 6305.59 6312.29 6309.01 6306.32 6306.31 6307.18 6308.51 6311.84 6316.91 6331.39 6349.91 6356.6 6369.2 6395.03 6407.31 6418.78 6432.94 6452.4 6479.65 6524.02 6610.63 6690.48 6719.28 6721.54 6712.52 6706.22 6697.79 6696.11 6702.21 6722.65 6749.6 6799.88 6893.2 6824.96 6751.68 6694.81 6644.58 6633.56 6639.55 6651.96 6666.32 6686.41 6712.93 6755.94 6794.8 6808.96
6021.77 6009.94 6000.45 6010.58 6067.73 6139.11 6214.13 6289.94 6361.56 6421.47 6461.45 6453.7 6444.82 6496.94 6476.17 6420.95 6365.81 6344.98 6329.48 6316.31 6307.39 6307.71 6307.93 6310.42 6308.82 6308.5 6309.92 6310.84 6312.36 6315.5 6322.91 6345.48 6364.76 6379.5 6397.08 6408.57 6420.81 6435.03 6454.85 6483.55 6531.41 6595.1 6657.32 6690.15 6700.62 6703.94 6706.81 6706.61 6713.45 6731.85 6754.34 6794.78 6830.14 6856.75 6788.06 6727.59 6695.28 6671.03 6661.33 6656.64 6664.23 6675.91 6695.49 6723.16 6758.29 6812.44 6871.47
6036.61 6025.22 6013.53 6019.51 6084.64 6168.46 6257.61 6351.79 6446.58 6540.12 6617.49 6606.14 6569.97 6609.05 6580.34 6506.6 6441.21 6394.72 6363.25 6339.39 6323.21 6315.24 6311.6 6311.64 6311.71 6311.51 6311.46 6313.47 6315.66 6321.81 6332.96 6352.54 6370.22 6388.22 6401.44 6410.95 6421.5 6435.74 6454.72 6481.71 6520.01 6571.96 6619.75 6652.08 6670.1 6683.73 6694.02 6705.43 6716.65 6731.03 6761.4 6791.52 6805.79 6794.1 6736.93 6704.62 6691.77 6681.14 6673.29 6664.77 6669.76 6678.6 6693.83 6717.84 6776.92 6821.72 6872.4
6076.86 6057.88 6045.94 6059.86 6116.45 6201.55 6298.24 6403.29 6513.49 6628.51 6716.72 6731.03 6721.2 6754.28 6663.17 6568.91 6493.85 6438.09 6395.71 6362.98 6337.41 6324.97 6327.67 6320.65 6315.58 6315.51 6316.64 6318.14 6321.08 6327.27 6341.11 6359.89 6377.88 6388.79 6406.19 6411.7 6421.32 6433.72 6450.46 6475.22 6507.66 6544.65 6580.29 6612.2 6635.69 6656.02 6676.81 6697.45 6714.43 6732.05 6745.97 6758.75 6762.78 6751.82 6709.33 6697.45 6684.8 6678.52 6675.91 6662.51 6661.75 6667.12 6677.95 6697.25 6741.6 6771.85 6809.41
6107.11 6086.77 6079.31 6097.61 6148.1 6229.76 6327.04 6436.29 6548.61 6670.78 6778.96 6804.32 6807.69 6757.42 6691.81 6600.91 6526.17 6471.81 6423.12 6383.85 6349.47 6332.71 6325.62 6319.54 6319.92 6320.07 6321.28 6323.08 6327.04 6330.84 6343.14 6364.66 6382.36 6391.33 6400.97 6410.39 6420.22 6431.09 6442.99 6458 6484.28 6514.91 6542.18 6569.07 6591.96 6614.42 6637.05 6658.57 6673.33 6691.47 6705.39 6711.75 6713.08 6712.34 6691.51 6673.27 6671.88 6666.64 6663 6647.87 6645.63 6645.42 6651.7 6658.67 6666 6689.65 6699.91
6109.58 6104.03 6104.22 6121.18 6171.75 6245.65 6334.57 6434.47 6546.69 6663.65 6762.85 6826.8 6830.35 6778.95 6708.36 6631.77 6561.37 6500.73 6448.68 6404.28 6370.1 6347.31 6334.68 6325.29 6326.51 6327.17 6327.22 6328.04 6332.85 6348.08 6358.87 6370.9 6386.59 6397.12 6398 6411.16 6421.93 6432.1 6441.1 6448.45 6468.53 6489.1 6504.79 6520.4 6548.17 6574.59 6599.24 6619.96 6639.62 6653.98 6669.4 6675 6673.35 6668.83 6675.73 6668.02 6663.62 6647.29 6636.82 6623.05 6622.98 6620.62 6617.54 6610.73 6601.81 6608.8 6581.32
6118.83 6121.4 6129.9 6148.14 6194.62 6263.73 6343.44 6430.33 6529.1 6644.18 6757.01 6842.05 6883.38 6797.01 6725.41 6655.56 6589.6 6526.36 6472.96 6427.56 6392.4 6367.56 6355.48 6343.72 6341.17 6338.46 6335.34 6332.73 6331.82 6335.13 6352.68 6373.57 6392.66 6396.07 6408.27 6414.4 6424.07 6433.81 6444.36 6457 6463.87 6471.79 6478.19 6483.67 6513.64 6542.19 6568.38 6590.91 6610.14 6626.05 6641.08 6653.74 6663.7 6672.33 6680.58 6697.63 6663.34 6629.87 6594.62 6598.12 6603.41 6599.82 6590.15 6570.33 6544.63 6541.71 6491.15
6147.47 6146.97 6161.62 6181.63 6222.66 6283.15 6349.77 6420.68 6495.32 6586.46 6703.44 6830.26 6942.76 6838.26 6736.33 6667.74 6606.58 6549.15 6497.39 6451.58 6412.11 6385.14 6375.52 6373.52 6358.77 6349.81 6343.94 6338.92 6333.52 6331.05 6348.93 6371.69 6393.55 6392.47 6407.28 6418.16 6427.41 6436.07 6446.76 6459.93 6460.13 6462.02 6463.95 6469.78 6493.42 6523.01 6549.07 6571.45 6588.36 6605.11 6620.93 6638.38 6659.74 6688.15 6718.08 6698.76 6654.76 6622.93 6595.71 6593.86 6598.47 6591.95 6568.34 6536.15 6491.19 6437.02 6406.52
6169.7 6184.65 6209.04 6230.46 6262.34 6309.95 6364.43 6414.37 6455.37 6483.88 6597.73 6754.86 6882.67 6817.74 6729.34 6670.45 6618.45 6567.93 6519.44 6473.77 6431.46 6398.93 6392.51 6386.05 6370.85 6362.05 6356.07 6351.16 6346.74 6344.48 6356.16 6371.82 6386.19 6398.05 6414.52 6423.85 6431.58 6437.01 6442.55 6449.57 6454.05 6458.05 6461.78 6465.49 6488.41 6515.39 6538.68 6557.42 6572.97 6589.51 6605.16 6621.45 6637.61 6671.34 6702.52 6670.92 6639.72 6622.14 6613.77 6613.41 6611.02 6589.8 6556.1 6503.98 6445.37 6414.13 6340.4
6230.26 6254.98 6286.78 6296.42 6310.83 6350.76 6399.61 6437.17 6459.49 6474.92 6558.78 6668.12 6716.35 6727.8 6700.91 6667.18 6627 6586.63 6543.18 6499.82 6460.37 6432.96 6412.2 6387.62 6378.26 6374.19 6371.44 6369.36 6367.13 6367.01 6370.54 6376.99 6382.93 6410.18 6430.87 6437.02 6438.8 6438.14 6438.29 6442.61 6450.84 6459.53 6470.11 6485.71 6503.81 6518.29 6536.3 6550.54 6565.61 6582.94 6597.55 6612.58 6634.45 6659.65 6679.88 6665.77 6640.85 6637.97 6646.39 6649.04 6641.48 6611.18 6560.31 6494.38 6414.64 6367.39 6278.72
6350.2 6398.94 6411.52 6395.37 6367.15 6421.06 6465.49 6493.36 6511.59 6534.28 6582.15 6641.53 6676.44 6683.79 6684.21 6670.64 6646.48 6615.9 6578.71 6536.68 6494.06 6458.39 6436 6406.58 6392.38 6390.18 6389.96 6390.49 6392.23 6391.05 6389.31 6391.49 6398.54 6423.79 6453.74 6455.75 6444.19 6438.33 6436.47 6442.1 6451.58 6463.98 6478.76 6497.95 6512.81 6525.05 6538.75 6553.78 6567.85 6579.23 6590.21 6600.84 6614.64 6639.58 6671.41 6664.63 6643.5 6662.02 6694.87 6708.69 6695.05 6645.32 6572.35 6484.08 6385.08 6285.06 6215.07
6499.5 6566.29 6578.32 6555.09 6518.8 6550.65 6571.84 6575.86 6581.53 6595.66 6618.65 6655.92 6688.03 6687.41 6689.5 6689.82 6673.83 6648.59 6619.57 6582.68 6539.17 6496.52 6465.41 6433.78 6415.63 6414.13 6414.9 6415.67 6417.85 6416.44 6409.97 6409.14 6417.76 6437.02 6450.02 6446.74 6443.16 6437.39 6436.76 6443.08 6454.57 6469.38 6483.91 6498.37 6511.74 6530.16 6545.25 6558.47 6570.01 6580.22 6587.54 6591.65 6594.67 6613.26 6621.08 6610.86 6620.17 6692.65 6778.25 6819.63 6766.26 6686.26 6584.41 6473.61 6355.21 6236.11 6145.42
6660.82 6747.68 6761.85 6749.49 6751.93 6732.4 6695.12 6667.83 6651.11 6647.18 6651.36 6669.96 6701.5 6691.64 6692.73 6713.18 6711.1 6692.6 6665.36 6634.26 6593.16 6547.79 6514.77 6477.09 6452.4 6445.35 6443.82 6442.94 6437.86 6434.74 6431.58 6426.43 6424.05 6443.47 6446.43 6446.37 6441.09 6435.89 6432.39 6444.22 6459.38 6476.26 6491.4 6507.06 6521.77 6538.09 6552.25 6565.59 6577.65 6585.43 6592.26 6595.78 6595.88 6602.22 6601.67 6616.43 6640.84 6725.86 6839.15 6887.39 6826.9 6717.42 6592.51 6463.73 6330.49 6215.89 6081.75
6773.74 6909.82 6899.48 6888.43 6925.3 6868.69 6787.4 6741.52 6713.35 6694.84 6683.45 6675.33 6686.9 6734.86 6759.77 6769.75 6752.16 6728.44 6704.59 6688.81 6662.53 6611.17 6578.94 6526.97 6495.72 6487.73 6484.39 6480.95 6471.86 6465.88 6461.45 6450.33 6436.93 6443.35 6433.04 6443.95 6442.05 6440.76 6440.2 6453.92 6470.45 6485.55 6500.93 6518.36 6536.4 6545.4 6558.54 6571.27 6584.64 6593.81 6601.2 6607.58 6611.88 6609.49 6612.25 6628.13 6651.6 6741.03 6870.23 6959.58 6856.4 6723.71 6580.44 6436.57 6291.52 6150.94 6022.8
6803.53 6908.39 6925.4 6919.24 6899.45 6859.04 6822.74 6790.98 6768.92 6748.03 6725.03 6709.6 6728.45 6806.48 6917.27 6830.72 6775.34 6745.23 6727.4 6731.09 6755.11 6731.58 6620.1 6573.59 6538.85 6534.93 6529.54 6527.25 6525.5 6514.17 6501.45 6485.94 6462.35 6439.49 6446.73 6436.99 6446.75 6453.61 6461.53 6470.86 6484.09 6495.85 6509.53 6522.04 6529.3 6547.92 6565.06 6579.79 6590.47 6602.24 6609.22 6613.97 6618.44 6619.44 6616.76 6616.35 6626.75 6730.12 6847.79 6906.26 6827.69 6695.4 6548.99 6399.7 6252.91 6104.41 5967.46
6829.91 6872.31 6907.36 6911.15 6872.69 6840.84 6834.87 6820.48 6811.01 6793.62 6768.27 6750.14 6754.26 6777.3 6799.16 6783.94 6755.53 6733.41 6719.41 6725.76 6756.63 6755.64 6669.71 6608.75 6616.69 6572.68 6566.97 6568.61 6571.38 6559.23 6545.47 6528.92 6505.51 6454.6 6463.72 6457.47 6463.91 6473.73 6479.71 6490.02 6500.75 6508.58 6520.94 6533.82 6547.24 6561.48 6572.05 6582.84 6595.37 6609.95 6621.95 6632.36 6635.98 6636.48 6633.64 6630.81 6663.21 6726.43 6787.83 6830.19 6758.09 6627.88 6488.93 6344.17 6197.34 6054.55 5912.07
6895.77 6932.47 6948.72 6923.07 6889.19 6865.37 6850.65 6838.18 6822.11 6816.34 6807.71 6791.77 6772.84 6746.64 6711.6 6716.61 6709.45 6697 6684.26 6671.76 6648.9 6625.9 6596.19 6586.66 6566.6 6581.8 6592.64 6602.59 6604.94 6598.3 6585.8 6566.85 6531.57 6479.31 6486.08 6493.06 6497.57 6498.34 6502.24 6508.64 6513.57 6522.53 6531.6 6546.93 6567.76 6574.64 6577 6585.94 6598.63 6613.03 6635.74 6658.33 6661.07 6656.52 6662.12 6689.39 6712.79 6723 6728.23 6726.53 6649.51 6531.48 6403.2 6267.36 6130.18 5998.71 5864.15
6942.71 6972.88 6971.69 6925.53 6896.3 6879.58 6866.19 6856.44 6843.74 6845.29 6848.65 6842.94 6801.33 6748.76 6689.48 6669.38 6662.78 6657.89 6642.15 6617.76 6585.24 6564.17 6557.97 6569.25 6589.3 6598.69 6607.49 6625.61 6642.23 6633.76 6624.56 6605.96 6564.56 6509.05 6513.71 6536.49 6529.75 6524.17 6522.25 6525.3 6529.32 6533.64 6539.57 6548.65 6558.87 6565.39 6573.04 6583.69 6598.32 6612.76 6634.17 6661.46 6665.64 6663.14 6670.63 6686.58 6697.14 6688.94 6660.61 6616.66 6528.08 6421.14 6308.34 6189.23 6065.27 5938.04 5811.85
6929.6 6923.07 6902.14 6901.03 6886.1 6879.3 6869.69 6876.89 6885.34 6882.22 6879.48 6870.69 6819.42 6758.25 6691.33 6651.23 6637.79 6628.52 6610.24 6585.84 6563.58 6544.44 6540.5 6561.38 6588.94 6599.9 6604.2 6620.26 6640.89 6653.82 6663.84 6657.04 6614.04 6553.52 6537.32 6561.23 6549.35 6549.54 6546.86 6542.6 6542.44 6544.3 6545.42 6546.56 6547.99 6552.88 6565.96 6578.65 6591.61 6602.22 6613.49 6632.15 6643.84 6653.17 6661.04 6664.49 6664.9 6673.45 6610.66 6522.2 6406.37 6300.9 6197.32 6090.15 5983.57 5871.55 5758.27
6902.86 6902.28 6895.86 6885.18 6865.82 6845.62 6859.95 6888.63 6912.2 6904.62 6891.35 6869.11 6823 6765.01 6699.32 6650.77 6629.96 6614.06 6594.67 6568.64 6539.93 6535.89 6544.48 6559.63 6578.72 6590.02 6585.48 6585.05 6613.95 6664.96 6704.46 6717.29 6672.35 6598.47 6560.04 6600.45 6571.07 6567.92 6561.26 6554 6552.19 6551.86 6551.41 6550.22 6549.18 6552.98 6563.1 6573.82 6584.29 6591.76 6594.77 6596.96 6623.77 6643.56 6656.54 6666.87 6683.92 6703.27 6594.67 6449.8 6296.84 6195.69 6109.58 6019.28 5923.08 5823.02 5719.16
6891.61 6900.19 6900.61 6884.72 6862.99 6840.11 6854.9 6887.74 6913.43 6906.26 6893.2 6864.45 6823.51 6771.14 6710.66 6661.49 6634.51 6613.77 6592.74 6570.24 6551.16 6541.28 6543.02 6554.45 6573.33 6580.84 6567.22 6554.75 6597 6679.79 6751.51 6779.38 6732.68 6647.81 6592.72 6645.87 6589.62 6571.71 6567.98 6564.51 6562.11 6560.41 6559.43 6556.47 6555.07 6558.45 6566.48 6575.19 6584.95 6592.42 6598.48 6604.43 6624.34 6644.1 6664.22 6687.2 6722.31 6763.55 6616.73 6416.42 6219.92 6128.36 6051.7 5972.04 5886.68 5794.57 5701.76
6893.41 6905.63 6906.09 6896.36 6878.27 6859.69 6859.2 6870.1 6880.96 6889.28 6889.04 6872.83 6821.92 6766.03 6717.64 6671.6 6648.95 6626.8 6606.51 6586.24 6567.23 6554.61 6546.38 6551.17 6567.92 6575.7 6563.76 6553.07 6607.1 6700.65 6798.32 6873.8 6796.9 6697.19 6631.08 6690.28 6618.96 6582.96 6579.38 6575.38 6570.52 6567.53 6564.83 6563.77 6563.93 6564.64 6571.45 6578.35 6587.5 6599.43 6611.18 6623.71 6635.74 6653.16 6673.93 6705.07 6776.45 6844.55 6651.58 6424.61 6213.21 6099.13 6018.74 5941.18 5860.2 5775.73 5688.51
6910.19 6928.28 6931.27 6926.73 6905.06 6880.71 6867.39 6863.16 6863.57 6868.03 6860.92 6844.18 6815.05 6778.16 6734.94 6699.81 6666.75 6643.89 6626.31 6611.18 6595.26 6576.43 6562.55 6560.41 6574.04 6585.53 6574.9 6580.9 6628.21 6709.98 6802.29 6869.1 6811.55 6730.82 6673.35 6723.16 6661.98 6624.03 6603.94 6590.87 6584.84 6578.9 6575.52 6573.46 6572.69 6578.09 6576.68 6582.5 6592.12 6606.38 6625.77 6636.85 6643.87 6658.62 6680.27 6713.51 6774.56 6835.9 6656.27 6445.21 6236.71 6103.1 6008.33 5926.81 5846.07 5764.35 5683.06
6940.15 6967.28 6990.85 6977.18 6937.35 6898.86 6873.15 6863.58 6861.43 6858.46 6846.47 6829.82 6809.55 6778.45 6742.78 6714.62 6680.6 6660.91 6646.08 6636.82 6623.41 6601.93 6587.9 6582.41 6584.43 6585.13 6581.02 6592.22 6636.67 6699.68 6764.17 6803.35 6785.58 6746.11 6714.58 6730.81 6705.3 6662.66 6624.99 6605.49 6596.41 6589.39 6585.21 6581.11 6577.88 6574.25 6577.2 6585.46 6594.17 6603.78 6623.56 6636.07 6642.86 6657.82 6678.85 6705.76 6737.86 6749.95 6652.45 6468.05 6270.96 6121.55 6020.65 5935.5 5855.27 5773.4 5690.91
6970.28 7002.03 7029.13 7014.58 6963.59 6913.48 6876.02 6860.92 6859.01 6858.98 6853.11 6832.71 6806.22 6782.97 6744.94 6705.36 6690.35 6677.48 6662.01 6648.39 6636.73 6623.19 6614.14 6607.13 6599.78 6591.79 6586.82 6592.8 6637.04 6682.95 6719.51 6743.06 6751.07 6741.57 6733.9 6721.16 6676.6 6643.03 6625.92 6610.09 6602.12 6596.74 6591.99 6589.75 6586.4 6580.45 6584.34 6593.32 6599.78 6599.19 6596.84 6614.21 6635.18 6652.59 6673.16 6699.64 6725.47 6756.76 6688.57 6490.34 6291.46 6140.44 6047.3 5965.07 5883.77 5805.45 5713.55
7000.38 7026.3 7039.68 7025.12 6983.82 6928.91 6878.49 6865.94 6864.5 6864.17 6859.86 6835.28 6799.73 6766.71 6753.97 6736.83 6720.09 6698.96 6678.81 6657.04 6646.38 6641.79 6637.38 6635.54 6617.49 6605.19 6603.81 6615.44 6648.35 6677 6694.51 6709.3 6723.78 6725.72 6718.73 6693.54 6649.53 6633.51 6622.14 6610.5 6602.8 6601.65 6599.55 6599.47 6604.29 6608.21 6612.67 6615.35 6612.44 6606.35 6599.77 6613.17 6634.59 6652.14 6669.85 6690.09 6720.23 6773.06 6724.3 6537.03 6343.3 6190.32 6102.08 6018.78 5928.89 5845.04 5753.84
7025.86 7048.97 7059.3 7048.06 7011.62 6962.45 6917 6892.83 6880.36 6871.4 6858.79 6840.38 6815.28 6788.74 6772.94 6764.4 6742.77 6719.79 6701.11 6682.45 6670.4 6662.6 6654.9 6644.61 6628.5 6614.11 6633.94 6659.78 6669.5 6686.74 6695.87 6703.96 6709.1 6704.68 6691.5 6660.49 6624.56 6625.74 6614.41 6613.43 6610.92 6611.17 6613.27 6617.38 6624.39 6641.17 6651.98 6636.15 6629.75 6626.96 6619.47 6628.87 6639.06 6649.81 6663.57 6676.74 6696.46 6727.79 6742.88 6593.65 6424.88 6274.49 6175.91 6084.05 5990.65 5898.07 5803.76
