real_craters/C136-750m.grd
DSAA
113 113
-42.0175 42.0175
-42.0175 42.0175
8191.2506200546 11210.984494047
[rows 0 to 37 of 113, columns 0 to 83 of 113]
9319 9315 9316 9315 9318 9330 9335 9327 9323 9338 9337 9329 9329 9329 9329 9328 9326 9318 9305 9306 9320 9337 9352 9370 9374 9366 9367 9392 9405 9396 9389 9378 9387 9394 9400 9410 9415 9425 9434 9432 9432 9431 9426 9418 9404 9391 9378 9371 9365 9361 9359 9356 9349 9361 9367 9371 9375 9367 9359 9351 9347 9348 9367 9390 9380 9360 9354 9357 9365 9376 9387 9400 9392 9414 9440 9594 9706 9438 9242 9036 8897 8827 8805 8806
9319 9312 9313 9315 9320 9329 9337 9327 9324 9329 9330 9321 9335 9335 9334 9333 9333 9328 9307 9305 9318 9335 9354 9370 9374 9367 9365 9399 9408 9393 9390 9383 9384 9389 9395 9399 9412 9423 9432 9432 9432 9433 9438 9415 9402 9390 9377 9368 9362 9360 9359 9357 9355 9355 9367 9380 9364 9362 9356 9350 9347 9351 9372 9386 9375 9357 9354 9357 9367 9378 9391 9397 9408 9411 9415 9498 9645 9640 9461 9263 9119 9022 8959 8943
9318 9313 9312 9316 9322 9334 9348 9333 9326 9327 9337 9339 9339 9340 9338 9335 9332 9324 9311 9308 9319 9338 9362 9378 9381 9377 9386 9419 9434 9413 9401 9385 9382 9387 9393 9396 9412 9422 9429 9432 9433 9431 9430 9409 9399 9388 9378 9370 9363 9361 9358 9357 9359 9354 9360 9364 9364 9362 9355 9350 9348 9351 9373 9399 9377 9357 9355 9359 9373 9388 9402 9415 9423 9438 9456 9475 9601 9767 9641 9518 9411 9294 9202 9148
9318 9312 9313 9318 9327 9343 9356 9333 9325 9333 9354 9358 9349 9345 9341 9337 9332 9326 9316 9313 9316 9335 9364 9381 9385 9385 9388 9393 9397 9440 9434 9413 9385 9387 9398 9415 9420 9426 9432 9436 9436 9437 9429 9414 9399 9391 9380 9371 9365 9363 9363 9365 9358 9353 9354 9356 9371 9365 9357 9350 9352 9355 9373 9389 9373 9357 9361 9368 9380 9392 9404 9413 9425 9435 9444 9446 9461 9621 9699 9719 9723 9616 9524 9478
9321 9318 9320 9322 9332 9345 9352 9330 9325 9338 9363 9362 9355 9347 9343 9337 9331 9324 9319 9323 9321 9336 9360 9377 9381 9387 9392 9385 9387 9435 9344 9422 9385 9387 9402 9417 9427 9434 9439 9441 9439 9432 9439 9395 9396 9401 9385 9374 9372 9365 9358 9356 9354 9352 9355 9363 9376 9365 9356 9350 9358 9374 9385 9374 9354 9355 9371 9379 9390 9397 9405 9414 9424 9432 9438 9441 9429 9592 9704 9786 9889 9878 9792 9782
9332 9334 9337 9336 9340 9347 9353 9332 9337 9353 9368 9366 9359 9352 9344 9337 9331 9325 9322 9329 9321 9338 9360 9372 9371 9380 9387 9398 9430 9414 9409 9395 9386 9390 9407 9426 9436 9442 9448 9449 9447 9447 9458 9406 9403 9404 9388 9378 9376 9369 9363 9356 9352 9351 9356 9361 9360 9355 9350 9347 9355 9366 9366 9351 9345 9368 9383 9395 9398 9401 9406 9413 9422 9431 9431 9425 9469 9528 9615 9702 9754 9837 9860 9859
9343 9361 9355 9362 9349 9343 9343 9329 9337 9352 9365 9371 9361 9352 9345 9339 9333 9331 9330 9332 9328 9346 9369 9383 9378 9384 9384 9381 9385 9383 9380 9380 9385 9398 9414 9429 9441 9450 9458 9462 9458 9452 9467 9451 9416 9395 9389 9381 9372 9369 9367 9358 9349 9349 9354 9358 9345 9345 9344 9343 9346 9345 9339 9336 9342 9380 9388 9397 9397 9397 9401 9406 9412 9421 9422 9423 9462 9499 9554 9611 9661 9722 9791 9924
9341 9350 9345 9340 9343 9338 9328 9330 9345 9343 9359 9362 9356 9351 9346 9341 9337 9331 9334 9339 9346 9361 9383 9403 9406 9395 9383 9374 9378 9379 9379 9379 9396 9410 9420 9433 9445 9454 9464 9470 9475 9478 9468 9454 9419 9402 9395 9392 9373 9366 9362 9350 9344 9349 9346 9343 9337 9340 9341 9340 9338 9335 9333 9341 9363 9367 9374 9373 9380 9386 9391 9395 9401 9405 9408 9419 9452 9480 9515 9549 9571 9604 9636 9719
9329 9327 9328 9326 9336 9342 9330 9339 9333 9340 9347 9345 9345 9343 9340 9339 9340 9341 9348 9351 9356 9375 9396 9411 9403 9397 9384 9369 9374 9378 9381 9382 9394 9409 9420 9433 9445 9454 9462 9471 9486 9497 9482 9451 9423 9411 9402 9391 9376 9362 9351 9346 9341 9339 9338 9335 9339 9333 9330 9331 9331 9330 9330 9342 9355 9351 9359 9367 9372 9375 9379 9384 9389 9393 9399 9412 9433 9452 9473 9509 9539 9536 9525 9527
9326 9322 9321 9324 9331 9339 9323 9320 9316 9328 9337 9333 9332 9333 9336 9341 9347 9353 9364 9368 9370 9386 9405 9420 9409 9402 9382 9368 9373 9376 9381 9384 9389 9401 9418 9433 9445 9456 9462 9467 9480 9474 9462 9446 9428 9418 9407 9397 9376 9359 9348 9343 9339 9337 9335 9332 9330 9328 9325 9326 9327 9328 9328 9342 9354 9348 9353 9359 9362 9364 9369 9374 9380 9387 9401 9420 9430 9433 9446 9482 9510 9508 9476 9478
9327 9323 9320 9321 9323 9317 9312 9318 9324 9322 9318 9319 9320 9325 9330 9339 9350 9369 9384 9386 9386 9391 9407 9420 9413 9398 9382 9372 9373 9378 9382 9387 9388 9399 9416 9434 9452 9458 9464 9467 9467 9461 9444 9435 9429 9415 9405 9397 9371 9356 9347 9341 9336 9335 9334 9332 9328 9325 9322 9323 9325 9329 9340 9331 9352 9353 9349 9341 9342 9351 9359 9367 9375 9385 9399 9417 9424 9418 9422 9466 9523 9557 9464 9452
9333 9330 9327 9325 9323 9318 9315 9319 9317 9312 9301 9301 9309 9316 9324 9332 9341 9359 9348 9365 9371 9383 9399 9416 9412 9392 9380 9373 9377 9386 9385 9365 9385 9399 9415 9433 9446 9457 9463 9468 9457 9444 9436 9431 9429 9421 9414 9404 9388 9378 9346 9339 9335 9333 9334 9335 9326 9323 9321 9322 9324 9326 9326 9324 9342 9341 9337 9329 9330 9340 9350 9360 9370 9379 9387 9401 9410 9401 9400 9450 9527 9573 9448 9448
9331 9334 9331 9329 9328 9324 9314 9314 9314 9302 9290 9295 9301 9308 9314 9319 9321 9319 9319 9333 9352 9368 9383 9392 9391 9390 9377 9370 9375 9385 9388 9388 9388 9399 9415 9432 9447 9455 9458 9454 9442 9434 9431 9430 9429 9419 9407 9403 9373 9377 9351 9336 9334 9331 9330 9328 9323 9320 9320 9322 9323 9324 9324 9325 9329 9332 9330 9327 9328 9335 9343 9354 9365 9378 9387 9395 9396 9390 9390 9418 9478 9552 9456 9449
9338 9342 9340 9333 9325 9317 9314 9321 9319 9302 9295 9293 9297 9302 9307 9308 9307 9299 9303 9317 9337 9352 9366 9374 9377 9382 9374 9366 9363 9379 9381 9387 9390 9399 9416 9434 9448 9458 9457 9452 9451 9432 9428 9430 9435 9416 9404 9395 9382 9374 9357 9337 9335 9332 9330 9327 9323 9320 9321 9322 9323 9324 9324 9326 9336 9338 9328 9327 9328 9332 9340 9351 9366 9382 9402 9387 9382 9379 9383 9388 9388 9406 9439 9460
9354 9353 9348 9335 9323 9320 9320 9321 9314 9301 9297 9292 9295 9299 9303 9304 9303 9304 9300 9303 9324 9341 9356 9365 9366 9371 9368 9365 9366 9378 9379 9385 9388 9397 9416 9438 9460 9466 9457 9445 9433 9423 9426 9428 9401 9411 9399 9387 9378 9376 9358 9334 9333 9331 9329 9327 9324 9321 9321 9321 9323 9324 9327 9325 9339 9343 9334 9325 9325 9326 9332 9340 9355 9369 9387 9384 9372 9371 9374 9380 9392 9411 9438 9472
9356 9354 9350 9333 9321 9318 9311 9306 9301 9294 9297 9295 9295 9299 9302 9303 9301 9297 9298 9303 9315 9335 9358 9377 9393 9366 9364 9364 9366 9369 9377 9380 9385 9394 9417 9440 9460 9466 9454 9441 9434 9425 9424 9423 9424 9413 9394 9386 9379 9375 9367 9349 9334 9332 9329 9328 9326 9323 9322 9323 9323 9322 9324 9322 9324 9323 9322 9317 9313 9320 9324 9326 9324 9330 9346 9379 9369 9365 9365 9371 9386 9403 9448 9513
9357 9344 9332 9322 9313 9309 9302 9297 9294 9290 9296 9294 9296 9300 9304 9308 9312 9309 9302 9304 9312 9333 9362 9388 9387 9363 9361 9363 9365 9367 9370 9377 9387 9401 9420 9441 9458 9464 9452 9437 9427 9424 9421 9417 9410 9410 9407 9394 9379 9375 9375 9372 9352 9343 9329 9335 9333 9328 9327 9324 9321 9319 9317 9316 9317 9315 9314 9316 9319 9319 9319 9319 9316 9315 9329 9359 9363 9360 9355 9353 9365 9399 9477 9600
9350 9329 9316 9311 9306 9306 9297 9293 9289 9289 9292 9293 9296 9301 9307 9313 9322 9323 9315 9309 9315 9333 9364 9396 9404 9359 9356 9361 9364 9366 9368 9378 9391 9406 9425 9442 9456 9462 9444 9430 9419 9418 9416 9413 9407 9408 9413 9400 9377 9373 9375 9372 9366 9365 9372 9354 9349 9346 9332 9328 9323 9318 9315 9319 9319 9316 9315 9317 9320 9319 9319 9317 9316 9313 9325 9344 9353 9348 9344 9343 9364 9414 9500 9615
9340 9321 9311 9309 9308 9298 9294 9295 9288 9284 9284 9289 9294 9300 9307 9314 9318 9324 9329 9328 9319 9328 9354 9385 9390 9369 9366 9365 9364 9365 9368 9378 9395 9415 9430 9441 9446 9436 9431 9416 9417 9417 9414 9411 9408 9403 9393 9382 9376 9373 9372 9371 9371 9373 9372 9363 9357 9352 9341 9333 9326 9319 9316 9318 9317 9317 9315 9315 9316 9318 9318 9318 9317 9313 9318 9327 9327 9330 9336 9342 9368 9415 9471 9522
9334 9321 9312 9310 9308 9304 9294 9290 9285 9285 9276 9281 9289 9296 9305 9315 9323 9326 9327 9328 9328 9333 9331 9357 9399 9400 9398 9373 9364 9365 9370 9379 9401 9425 9440 9444 9441 9431 9428 9419 9418 9416 9412 9409 9406 9392 9380 9373 9374 9370 9369 9369 9371 9369 9363 9359 9356 9352 9348 9338 9330 9324 9319 9317 9317 9317 9316 9317 9319 9319 9319 9317 9316 9313 9314 9316 9318 9322 9332 9347 9373 9410 9465 9557
9328 9320 9311 9307 9306 9300 9291 9289 9284 9278 9274 9276 9282 9293 9304 9314 9323 9326 9322 9318 9326 9327 9304 9250 9325 9417 9409 9374 9366 9364 9370 9378 9405 9441 9449 9447 9445 9445 9434 9425 9418 9413 9409 9405 9403 9383 9376 9373 9373 9374 9364 9368 9369 9366 9362 9357 9352 9353 9347 9341 9334 9327 9325 9321 9316 9316 9318 9319 9320 9320 9319 9317 9315 9313 9313 9312 9312 9317 9327 9340 9373 9409 9460 9527
9321 9305 9304 9303 9305 9309 9310 9308 9299 9288 9279 9276 9280 9292 9304 9312 9321 9323 9323 9315 9328 9343 9316 9300 9361 9432 9422 9376 9369 9371 9376 9381 9404 9432 9445 9445 9442 9434 9428 9422 9415 9412 9407 9400 9392 9384 9375 9374 9371 9371 9368 9366 9365 9364 9362 9356 9347 9349 9348 9341 9336 9333 9329 9323 9317 9317 9316 9316 9320 9320 9318 9316 9314 9314 9314 9311 9310 9316 9324 9342 9367 9404 9446 9498
9317 9302 9301 9305 9309 9313 9321 9323 9320 9304 9292 9285 9283 9299 9309 9313 9309 9321 9323 9323 9323 9319 9333 9365 9395 9420 9408 9405 9373 9375 9379 9385 9403 9427 9440 9442 9438 9431 9425 9418 9414 9411 9406 9399 9391 9378 9369 9369 9371 9371 9369 9364 9364 9362 9361 9356 9347 9347 9342 9340 9336 9331 9327 9323 9318 9316 9315 9316 9322 9322 9319 9314 9312 9312 9312 9309 9307 9307 9319 9337 9368 9404 9450 9531
9308 9309 9303 9300 9307 9319 9336 9332 9319 9315 9306 9302 9308 9311 9319 9332 9334 9327 9324 9322 9320 9321 9330 9348 9367 9370 9388 9392 9380 9373 9378 9384 9403 9425 9437 9439 9435 9430 9425 9418 9415 9409 9406 9400 9393 9373 9364 9359 9360 9367 9360 9360 9363 9363 9361 9357 9351 9348 9345 9340 9335 9331 9331 9325 9319 9317 9319 9326 9325 9321 9317 9316 9313 9310 9311 9308 9305 9305 9317 9336 9362 9408 9462 9535
9315 9312 9307 9308 9309 9324 9342 9338 9332 9323 9314 9311 9315 9317 9323 9332 9332 9322 9318 9319 9319 9319 9321 9324 9341 9360 9366 9370 9362 9368 9370 9385 9406 9427 9437 9436 9432 9428 9423 9421 9418 9413 9407 9400 9393 9384 9364 9358 9358 9369 9364 9361 9363 9362 9360 9356 9354 9348 9345 9341 9336 9333 9331 9326 9320 9319 9321 9325 9322 9318 9315 9312 9311 9311 9311 9309 9304 9303 9315 9336 9368 9411 9466 9523
9317 9311 9306 9301 9305 9332 9352 9336 9325 9323 9316 9313 9307 9312 9320 9326 9321 9308 9304 9308 9310 9315 9318 9322 9332 9348 9402 9392 9382 9367 9371 9390 9410 9423 9430 9431 9428 9424 9420 9418 9416 9410 9404 9398 9390 9378 9367 9361 9351 9364 9364 9362 9363 9361 9359 9355 9353 9347 9345 9341 9338 9336 9336 9328 9321 9323 9334 9324 9319 9317 9315 9310 9317 9319 9317 9310 9306 9303 9301 9319 9358 9406 9462 9515
9316 9312 9304 9296 9295 9316 9331 9329 9322 9318 9315 9311 9309 9310 9314 9318 9314 9307 9303 9303 9306 9312 9316 9320 9328 9342 9371 9328 9391 9370 9376 9394 9405 9419 9425 9426 9425 9423 9421 9419 9415 9408 9401 9393 9384 9376 9373 9369 9365 9359 9364 9364 9363 9362 9361 9362 9355 9347 9344 9339 9338 9337 9338 9332 9324 9324 9324 9321 9316 9318 9326 9326 9316 9322 9317 9310 9306 9303 9286 9303 9346 9396 9456 9514
9329 9317 9304 9291 9281 9291 9306 9320 9332 9318 9314 9312 9309 9308 9309 9306 9308 9307 9305 9306 9310 9312 9314 9319 9331 9340 9353 9390 9364 9363 9383 9404 9415 9417 9419 9421 9420 9419 9418 9420 9413 9408 9400 9390 9380 9374 9370 9370 9364 9356 9363 9364 9363 9362 9360 9358 9358 9349 9346 9344 9340 9339 9340 9337 9337 9334 9326 9321 9317 9313 9333 9346 9326 9314 9313 9308 9304 9299 9297 9311 9343 9383 9425 9479
9336 9318 9307 9293 9282 9281 9294 9314 9331 9320 9314 9306 9303 9302 9305 9308 9307 9305 9306 9308 9311 9312 9313 9317 9325 9336 9347 9351 9352 9364 9385 9403 9409 9414 9417 9417 9416 9415 9415 9417 9410 9402 9394 9387 9380 9374 9375 9382 9366 9362 9364 9364 9364 9362 9359 9356 9354 9351 9347 9344 9342 9342 9342 9341 9339 9335 9334 9329 9323 9328 9322 9322 9317 9305 9303 9303 9302 9297 9299 9314 9341 9371 9403 9447
9328 9316 9310 9305 9294 9288 9297 9316 9333 9323 9314 9307 9301 9301 9303 9306 9306 9306 9306 9308 9310 9310 9313 9316 9323 9333 9338 9344 9350 9364 9382 9400 9407 9411 9412 9413 9413 9412 9412 9412 9408 9403 9387 9388 9382 9376 9382 9372 9369 9365 9364 9364 9363 9361 9360 9356 9355 9354 9350 9346 9343 9343 9345 9346 9344 9337 9344 9340 9332 9316 9321 9322 9318 9304 9300 9298 9297 9297 9296 9313 9341 9368 9387 9441
9317 9313 9312 9317 9308 9300 9305 9319 9334 9337 9316 9305 9301 9302 9302 9304 9305 9307 9307 9306 9305 9308 9312 9318 9326 9334 9338 9343 9350 9363 9379 9392 9402 9407 9408 9410 9411 9412 9411 9411 9405 9396 9400 9392 9384 9378 9379 9374 9366 9366 9365 9366 9365 9361 9363 9368 9368 9358 9350 9347 9344 9345 9349 9354 9362 9372 9359 9353 9346 9339 9320 9320 9322 9312 9301 9296 9294 9295 9295 9312 9339 9370 9397 9400
9309 9308 9309 9319 9310 9314 9315 9319 9329 9325 9311 9303 9299 9298 9299 9300 9302 9305 9307 9307 9308 9310 9313 9330 9342 9341 9340 9342 9350 9365 9381 9397 9402 9405 9407 9407 9408 9409 9412 9413 9406 9397 9397 9389 9383 9378 9377 9374 9373 9369 9366 9364 9364 9363 9364 9368 9369 9361 9354 9348 9342 9344 9351 9361 9369 9371 9367 9361 9370 9361 9343 9338 9331 9308 9300 9296 9294 9294 9293 9308 9331 9363 9383 9375
9308 9306 9305 9305 9303 9314 9319 9326 9326 9311 9307 9304 9302 9298 9287 9291 9300 9305 9308 9309 9310 9312 9313 9335 9360 9344 9340 9344 9359 9372 9386 9398 9401 9402 9404 9405 9406 9407 9413 9417 9409 9397 9383 9380 9379 9377 9378 9376 9375 9371 9369 9376 9368 9364 9364 9365 9365 9360 9353 9349 9329 9333 9354 9368 9379 9383 9380 9377 9382 9374 9377 9367 9345 9309 9300 9297 9295 9293 9298 9305 9315 9320 9360 9358
9317 9312 9309 9309 9315 9327 9326 9325 9325 9321 9312 9310 9307 9286 9286 9293 9302 9308 9310 9312 9313 9315 9318 9322 9331 9335 9338 9347 9378 9382 9389 9396 9399 9399 9404 9403 9404 9406 9409 9418 9410 9400 9392 9377 9376 9377 9379 9377 9375 9373 9372 9376 9380 9363 9369 9366 9367 9360 9348 9334 9357 9364 9371 9382 9392 9403 9400 9405 9413 9404 9388 9373 9343 9315 9305 9301 9299 9296 9291 9297 9313 9333 9329 9347
9318 9314 9309 9310 9324 9334 9334 9329 9326 9318 9311 9305 9290 9293 9293 9298 9302 9308 9313 9316 9319 9322 9321 9322 9326 9329 9332 9343 9364 9379 9388 9396 9401 9400 9399 9401 9404 9409 9411 9416 9410 9400 9388 9377 9376 9377 9377 9377 9376 9375 9379 9382 9376 9384 9393 9397 9376 9372 9372 9368 9394 9382 9391 9399 9405 9407 9407 9406 9422 9412 9387 9376 9350 9321 9312 9305 9301 9303 9296 9295 9309 9325 9329 9360
9318 9315 9312 9306 9322 9337 9347 9347 9336 9318 9312 9311 9314 9309 9306 9305 9308 9312 9317 9320 9322 9322 9321 9321 9324 9328 9332 9338 9355 9371 9383 9392 9401 9414 9402 9399 9401 9399 9404 9411 9406 9396 9385 9379 9378 9377 9377 9378 9376 9376 9380 9377 9381 9404 9413 9411 9387 9395 9422 9434 9410 9416 9415 9418 9420 9416 9417 9430 9423 9408 9385 9368 9360 9338 9319 9308 9300 9292 9289 9293 9303 9314 9332 9366
9318 9320 9315 9315 9327 9342 9353 9356 9347 9342 9331 9320 9311 9308 9308 9313 9312 9319 9322 9324 9324 9320 9323 9318 9324 9329 9332 9337 9348 9366 9381 9391 9398 9404 9400 9399 9400 9398 9402 9405 9403 9397 9389 9381 9380 9380 9379 9378 9373 9376 9378 9365 9382 9422 9423 9409 9400 9411 9442 9459 9439 9438 9438 9439 9443 9446 9447 9433 9412 9393 9381 9343 9340 9335 9321 9309 9299 9291 9288 9291 9297 9309 9325 9352
9320 9325 9323 9335 9345 9353 9363 9363 9355 9349 9336 9326 9321 9314 9313 9328 9338 9330 9328 9327 9328 9328 9325 9325 9328 9331 9333 9336 9352 9366 9382 9399 9410 9400 9398 9400 9402 9405 9403 9404 9401 9397 9394 9389 9385 9384 9382 9378 9370 9373 9375 9376 9429 9483 9451 9427 9422 9423 9448 9463 9470 9464 9463 9464 9466 9474 9473 9445 9418 9400 9397 9368 9332 9329 9321 9310 9300 9292 9287 9281 9291 9301 9304 9305
