real_craters/C136-500m.grd
DSAA
169 169
-42.0175 42.0175
-42.0175 42.0175
8191.4061372292 11242.18887726
[rows 60 to 89 of 169, columns 0 to 66 of 169]
9317.04 9322.78 9341.14 9351.05 9359.75 9367.97 9370 9366.91 9364.54 9364.93 9360.04 9355.39 9353.33 9350.72 9349.11 9350.47 9340.9 9335.6 9332.77 9331.53 9339.61 9341 9341.37 9340.31 9338.9 9337.16 9335.3 9333.75 9331.02 9328.01 9325.89 9324.4 9323.31 9320.91 9320.31 9320.4 9325.22 9327.19 9335.49 9338.34 9339.38 9344.42 9353.94 9360.07 9365.25 9370.33 9374.89 9378.08 9378.89 9383.24 9387.27 9388 9387.58 9391.57 9393.76 9395.94 9396.64 9395.85 9395.21 9395.35 9398.04 9402.71 9408.35 9414.39 9418.22 9428.23 9427.07
9316.38 9323.71 9345.1 9357.45 9365.51 9373.36 9374.3 9367.57 9361.49 9358.7 9355.75 9354.59 9352.87 9351.85 9351.94 9350.57 9342.71 9338.09 9334.67 9334.38 9342.05 9342.27 9339.85 9336.18 9336.95 9336.49 9335.22 9333.67 9330.81 9327.67 9324.14 9319.75 9325.94 9315.74 9309.9 9321.3 9328.35 9332.19 9335.81 9337.02 9339.41 9348.91 9354.04 9357.45 9360.79 9365.31 9369.95 9374.01 9377.95 9382.75 9389.13 9392.39 9391.4 9391.36 9392.75 9394.04 9393.78 9393.55 9393.88 9395.07 9399.09 9406.01 9413.97 9422.94 9432.49 9439.33 9440.35
9315.96 9324.48 9346.13 9356.88 9362.94 9368.19 9368.66 9364.31 9358.24 9352.13 9352.09 9352.94 9352.44 9351.78 9350.62 9347.63 9343.55 9340.32 9338.34 9338.99 9341.15 9340.26 9338.27 9336.25 9337.18 9337.36 9336.03 9334.08 9331.63 9327.94 9323.73 9321.62 9323.34 9314.88 9311.52 9321.86 9328.83 9331.45 9333.26 9332.21 9339.33 9348.84 9349.12 9350.64 9354.76 9360.51 9366.19 9371.5 9376.04 9380.96 9385.53 9388.36 9391.29 9390.43 9389.94 9390.04 9390.61 9391.47 9392.68 9395.96 9401.99 9410.11 9421 9432.15 9441.01 9448.4 9456.41
9317.15 9324.5 9339.53 9348.29 9355.12 9360.22 9361.42 9359.84 9356.4 9351.45 9351 9352.41 9352.29 9351.55 9349.84 9346.62 9344.22 9342.67 9341.6 9339.17 9339.13 9337.56 9337.49 9338.83 9339.29 9338.31 9336.65 9334.77 9332.51 9329.36 9324.01 9319.15 9319.65 9315.7 9316.37 9325.12 9331.09 9328.5 9328.13 9327.43 9332.74 9339.04 9338.85 9340.27 9348.21 9356.07 9363.46 9370.19 9375.16 9379.03 9382.59 9385.75 9390.46 9388.11 9386.67 9388.8 9389.07 9389.58 9390.96 9394.95 9401.99 9414.17 9429.82 9445.82 9460.07 9478.21 9494.7
9319.33 9322.07 9333.84 9339.59 9345.95 9350.31 9353.74 9354.42 9355.21 9351.2 9350.79 9351.6 9351.75 9351.22 9349.69 9347.08 9345.18 9343.78 9343.49 9344.06 9338 9326.98 9329.84 9344.67 9341.87 9339.23 9337.3 9335.6 9334.26 9333.46 9331.86 9325.11 9322.55 9320.93 9320.57 9323.38 9324.64 9325.37 9325.25 9326.66 9328.41 9331.62 9332.89 9336.14 9344.17 9353.44 9362.56 9370.86 9377.55 9382.3 9382.84 9382.5 9384.03 9385.11 9385.41 9387.89 9387.88 9388.52 9389.97 9393.16 9400.63 9418.68 9441.3 9465.2 9488.88 9514.33 9535.01
9326.98 9325.47 9324.04 9328.8 9336.46 9345.51 9346.42 9347.77 9346.93 9348.81 9350.68 9351.99 9352.47 9352.35 9351.46 9348.9 9344.94 9343.85 9343.79 9343.72 9337.26 9330.93 9334.37 9342.22 9341.8 9338.9 9336.56 9335.1 9334.35 9335.62 9341.57 9341.18 9326.64 9320.37 9320.84 9322.62 9324.17 9324.53 9324.62 9325.8 9328.02 9328.8 9330.22 9333.57 9342.31 9352.88 9363.05 9372.46 9380.74 9385.92 9383.96 9381.03 9382.63 9383.39 9384.57 9386.32 9387.18 9388.97 9391.32 9394.96 9403.27 9426.5 9456.31 9487.59 9516.83 9541.33 9561.63
9333.17 9331.28 9326.14 9322.47 9325.03 9329.81 9337.33 9342.61 9344.55 9350.29 9351.75 9351.88 9352.76 9353.51 9354.34 9353.24 9345.98 9344.15 9343.19 9340.56 9335.15 9338.98 9344.12 9343.18 9339.81 9337.54 9335.5 9333.83 9332.91 9332.03 9329.55 9328.11 9325.14 9320.91 9321.21 9322.12 9323.03 9324.6 9324.43 9325.61 9326.73 9328.41 9328.79 9331.36 9342.07 9353.77 9364.26 9374.05 9382.85 9387.95 9385.83 9380.71 9380.83 9381.63 9382.39 9384.34 9387.23 9391.01 9395.57 9401.31 9411.75 9439.33 9476.05 9513.8 9548.86 9575.85 9574.17
9327.41 9328.23 9327.42 9317.54 9319.95 9322.76 9330.07 9336.96 9348.5 9350.07 9349.44 9350.6 9352.55 9354.55 9356.74 9356.91 9351.79 9346.58 9342.86 9338.47 9336.16 9341.85 9342.38 9337.51 9335.62 9333.96 9332.57 9330.82 9329.16 9327.16 9324.59 9322.82 9322.14 9323.16 9321.41 9321.94 9323.21 9324.35 9323.61 9324.56 9324.72 9325.77 9329.03 9332.62 9346.32 9356.08 9364.99 9374.14 9383.31 9390.7 9386.52 9380.47 9380.71 9380.15 9380.24 9382.72 9388.42 9395.61 9403.84 9413.45 9426.25 9457.75 9499.34 9541.69 9578.24 9607.57 9606.05
9309.56 9312.93 9311.45 9319.69 9320.89 9321.87 9324.87 9328.54 9333.02 9341.67 9344.63 9347.97 9351.25 9355.69 9358.82 9359.85 9355.15 9350.17 9344.11 9340.1 9340.81 9339.11 9335.06 9329.95 9329.83 9329.86 9328.75 9327.38 9326.06 9323.83 9321.03 9319.49 9318.57 9318.85 9320.86 9321.78 9323.06 9323.37 9323.71 9324.79 9324.2 9324.15 9331.83 9355.07 9355.39 9357.52 9363.96 9371.76 9379.41 9384.78 9382.74 9378.28 9378.29 9377.5 9377.38 9382.21 9391 9403.2 9416.63 9433.39 9450.93 9482.8 9525.58 9567.42 9606.19 9626.3 9641.3
9315.57 9309.59 9305.46 9310.41 9317.31 9318.3 9318.76 9322.66 9328.49 9332.8 9338.31 9344.52 9349.86 9356.12 9360.84 9364.58 9364 9353.88 9346.1 9342.33 9342.72 9336.76 9328.37 9325.46 9325.16 9324.5 9324.39 9324.19 9322.79 9321.3 9319.71 9317.88 9316.17 9318.49 9320.49 9321.15 9322.47 9323.85 9323.88 9325.27 9325.92 9325.47 9330.76 9340.41 9347.38 9353.73 9360.3 9367.09 9373.37 9377.81 9377.34 9373.94 9374.09 9373.79 9374.21 9382.29 9398.02 9418.1 9438.09 9460.09 9482.25 9510.47 9548.84 9589.38 9629.91 9665.29 9668.79
9311.17 9311.45 9303.34 9306.83 9309.8 9309.42 9309.39 9309.84 9315.62 9323.26 9331.13 9339.43 9347.65 9354.54 9360.51 9365.34 9366.12 9360.07 9349.27 9343.5 9342.95 9334.12 9325.84 9323.42 9322.88 9322.21 9321.58 9320.32 9320.01 9318.64 9318.23 9317.16 9316.33 9317.67 9320.2 9320.55 9321.89 9323 9324.58 9325.41 9327.09 9327.64 9330.17 9333.21 9339.67 9348.34 9355.33 9361.21 9366.2 9370.02 9369.84 9367.88 9370.17 9371.27 9371.27 9384.54 9407.04 9431.59 9460.91 9487.37 9513.49 9537.31 9563.55 9588.84 9617.15 9654.32 9551.13
9301.52 9301.77 9299.86 9298.82 9298.63 9299.51 9299.04 9299.35 9304.06 9313.71 9323.89 9332.64 9341.18 9349.76 9358.09 9365.02 9371.21 9366.54 9356.17 9346.95 9338.86 9329.73 9325.34 9322.81 9320.73 9319.56 9319.94 9319.44 9318.07 9316.02 9314.02 9316.3 9318.77 9321.07 9321 9320.77 9321.93 9322.71 9321.37 9324.31 9327.29 9329.76 9332.44 9334.69 9338.99 9345.12 9350.86 9355.5 9358.75 9359.69 9359.57 9360.37 9362.33 9365.23 9369.09 9391.9 9419.46 9452.35 9486.9 9520.01 9548.23 9568.32 9565.91 9557.89 9543.51 9506.39 9359.34
9299.86 9298.8 9295.19 9294.45 9293.21 9292.2 9290.2 9287.01 9294.16 9305.82 9316.62 9326.97 9336.46 9345.62 9354.79 9360.96 9360.67 9364.13 9370.71 9357.03 9337.14 9329.48 9326.59 9323.05 9320.81 9320.09 9319.67 9319.2 9318.7 9318.55 9318.05 9317.19 9316.4 9317.13 9318.06 9320.67 9321.52 9321.92 9322.7 9324.83 9328.77 9331.74 9334.53 9336.28 9339.17 9343.26 9347.47 9351.06 9353.31 9353.61 9353.86 9355.63 9357.91 9359.89 9367.09 9398.25 9433.05 9476.19 9511.5 9545.82 9570.77 9574.69 9554.28 9511.12 9443.16 9332.36 9176.44
9300.79 9298.35 9293.64 9292.41 9291.19 9288.45 9285.27 9283.65 9291.31 9300.96 9311.45 9322.29 9332.24 9341.66 9350.94 9359.06 9366.1 9363.12 9365.04 9357.58 9345.89 9333.09 9323.84 9319.84 9320.84 9321.12 9320.87 9320.31 9319.92 9320.51 9320.11 9319 9318.12 9317.27 9318.28 9319.91 9320.86 9320.68 9322.32 9332.17 9332.43 9333.21 9334.88 9336.43 9338.81 9341.7 9345.2 9348.29 9350.49 9351.64 9352.93 9353.9 9355.59 9358.88 9366.76 9404.01 9445.75 9495.1 9537.1 9570.93 9592.88 9583.97 9550.69 9473.17 9362.25 9217.01 9069.88
9300.6 9296.54 9293.13 9291.85 9290.83 9287.46 9284.12 9283.8 9289.47 9298.15 9307.7 9318.58 9328.46 9337.77 9346.81 9355.74 9364.19 9362.75 9356.7 9355.25 9347.52 9339.46 9329.45 9324.95 9322.69 9322.5 9322.2 9321.6 9320.95 9319.06 9319.59 9319.71 9319.56 9317.3 9317.34 9322.63 9321.44 9320.02 9323.42 9329.1 9332.61 9333.29 9334.27 9335.51 9336.96 9340.77 9344.26 9347.22 9349.47 9350.91 9352.29 9353.11 9354.53 9358.43 9366.55 9409.4 9459.8 9512.75 9561.25 9601.35 9627.19 9624.42 9566.24 9451.1 9306.03 9139.89 8999.34
9298.78 9293.61 9290.67 9290.54 9290.76 9287.47 9283.94 9281.88 9288.08 9296.31 9306.79 9316.87 9326.13 9335.46 9342.99 9349.8 9354.16 9353.88 9357.1 9351.73 9344.26 9336.79 9329.88 9323.83 9326.37 9325.79 9324.64 9323.26 9322.3 9325.35 9321.36 9319.87 9318.28 9318.66 9320.16 9322.4 9322.05 9322.62 9324.87 9328.25 9331.05 9332.58 9333.42 9335.09 9337.46 9341.09 9344.93 9347.83 9349.78 9350.91 9351.53 9352.68 9353.47 9357.96 9368.19 9412.2 9465.12 9518.91 9571.54 9621.05 9657.4 9669.91 9594.68 9445.64 9266.78 9097.66 8951.87
9298.14 9295.38 9293.34 9296.64 9293.6 9289.41 9286.12 9284 9289.01 9296.79 9305.34 9314.56 9323.32 9332.13 9339.4 9344.34 9345.09 9349.8 9351.82 9347.53 9340.49 9332.27 9331.98 9332.97 9332.59 9330.34 9327.57 9324.9 9322.26 9318.5 9320.03 9320.74 9321 9320.65 9321.68 9321.33 9322.92 9324.31 9326.24 9328.77 9330.69 9332.28 9334.16 9336.05 9338.32 9343.25 9347.66 9350.17 9351.35 9351.89 9352.34 9353.09 9354.75 9358.15 9368.69 9413.71 9463.81 9517.53 9568.67 9617.29 9660.8 9688.66 9610.74 9439.04 9251.6 9084.57 8945.23
9294.59 9291.73 9294.66 9297.74 9296 9291.45 9288.64 9288.04 9291.63 9298.3 9306.12 9314.94 9322.64 9330.7 9336.92 9342.57 9347.42 9351.46 9349.58 9344.77 9339.07 9335.79 9337.38 9343.86 9339.27 9335.26 9330.86 9326.48 9322.63 9321.14 9319.62 9320.04 9320.35 9320.54 9320.21 9319.72 9322.02 9324.34 9326.63 9328.78 9330.99 9332.86 9334.33 9337.68 9342.41 9349.35 9352.89 9353.72 9353.63 9353.25 9352.87 9353.57 9355.58 9360.1 9368.02 9411.94 9459.83 9506.86 9551.27 9593.56 9627.8 9639.33 9565.55 9406.47 9237.28 9085.78 8958.52
9296.28 9295.63 9291.09 9294.33 9291.53 9289.15 9288.6 9288.25 9293.9 9300.19 9307.53 9315.19 9320.48 9327.11 9333.71 9340.23 9347.37 9350.72 9347.01 9343.73 9340.42 9340.35 9344.57 9345.72 9344.91 9339.18 9333.58 9327.94 9322.48 9318.4 9319.35 9319.83 9320.1 9320.21 9320.03 9320.16 9322.08 9324.01 9326.68 9329.9 9333.78 9336.31 9338.51 9344.03 9356.96 9361.86 9359.03 9357.67 9356.25 9354.79 9354.07 9354.29 9354.82 9357.76 9368.51 9408.32 9446.28 9492.49 9532.15 9557.84 9565.65 9532.03 9449.04 9352.14 9217.86 9092.52 8972.6
9293.8 9292.95 9288.82 9284.5 9286.2 9287.76 9286.91 9291.45 9297.88 9303.45 9308.99 9314.02 9318.09 9323.36 9328.97 9334.93 9340.52 9343.61 9343.79 9343.35 9342.18 9348.91 9351.3 9355.06 9348.92 9341.14 9335.1 9329.69 9324.29 9320.53 9320.44 9321.47 9320.59 9320.06 9320.76 9322.24 9323.3 9325.02 9327.52 9334.38 9338.8 9341.51 9344.68 9350.49 9358.42 9361.92 9362.2 9360.3 9358.13 9355.94 9354.52 9354.17 9355.69 9357.79 9367.49 9403.35 9442.68 9479.52 9512 9528.35 9519.9 9472.71 9393.08 9317.97 9206.14 9088.83 8958.18
9289.22 9290.71 9287.28 9282.44 9283.74 9287.4 9295.08 9301.43 9304.08 9307.18 9309.98 9313.57 9317.55 9321.56 9325.46 9329.24 9332.86 9338.69 9341.64 9344.09 9345.18 9343.54 9348.8 9346.68 9343.2 9340.41 9336.08 9331.4 9328.04 9324.61 9322.02 9320.97 9319.98 9319.36 9320.17 9322.68 9323.37 9324.85 9334.11 9342.55 9344.71 9346.39 9349.29 9354.36 9360.06 9364.37 9364.05 9361.72 9359.34 9357.01 9354.85 9353.96 9355.81 9359.82 9367.53 9399.86 9434.48 9471.61 9497.3 9510.73 9502.4 9471.07 9416.56 9324.1 9203.62 9079.29 8946.49
9287.94 9289.12 9287.4 9282.38 9284.29 9290.55 9301.57 9307.34 9308.02 9309.15 9311.12 9312.54 9315.19 9317.46 9319.9 9322.36 9324.6 9323.52 9342.62 9345.36 9347.88 9354.13 9353 9346.11 9341.68 9340.07 9336.46 9332.44 9328.45 9325.44 9322.39 9320.02 9319.23 9318.3 9317.39 9321.49 9322.49 9324.04 9336.22 9348.77 9349.44 9349.75 9350.25 9352.84 9359.44 9366.74 9364.2 9361.79 9359.58 9357.63 9356.05 9355.54 9357.4 9360.95 9368.4 9397.53 9432.51 9463.76 9490.13 9511.11 9513.41 9495.79 9445.57 9354.34 9212.75 9066.7 8899.32
9282.46 9281.73 9282.76 9282.68 9285.72 9292.53 9307.28 9309.69 9309.72 9310.13 9310.45 9310.44 9311.57 9313.47 9315.09 9316.9 9319.63 9326.6 9340.71 9344.34 9345.59 9350.18 9351.1 9349.06 9347.14 9341.21 9337.05 9333.36 9329.85 9326.19 9322.94 9321.29 9319.78 9319.38 9320.02 9319.76 9320.74 9323.73 9332 9346.72 9351.72 9352.42 9350.92 9347.83 9354.79 9359.67 9360.95 9360.29 9358.97 9357.77 9356.99 9356.76 9358.4 9362.06 9371.54 9397.13 9429.21 9459.47 9485.36 9508.94 9523.69 9529.03 9514.06 9398.56 9225.05 9066.22 8919.87
9279.63 9278.44 9280.26 9281.19 9285.65 9293.79 9303.67 9307.16 9308.27 9308.78 9309.18 9308.81 9309.34 9309 9311.25 9312.49 9315.74 9320.56 9335.64 9340.96 9346.3 9345.01 9344.7 9345.04 9341.66 9341.09 9337.94 9333.51 9330.24 9326.64 9323.56 9321.09 9321.69 9322.47 9324.05 9322.75 9326.36 9327.62 9337.74 9351.59 9355.83 9355.44 9353.99 9353.23 9354.33 9353.75 9357.21 9357.85 9357.53 9357.18 9357.28 9357.87 9358.68 9362.27 9371.31 9398.54 9428.3 9458.25 9484.77 9507.39 9529.17 9540.54 9533.61 9412.18 9219.16 9048.55 8893.53
9277.31 9276.56 9276.9 9279.51 9283.83 9287.9 9296.49 9302.87 9305.58 9307.35 9307.4 9308.52 9308.79 9308.63 9309.76 9311.57 9315.36 9330.2 9336.01 9335.48 9334.11 9339.63 9343.26 9343.58 9342.74 9342.39 9339.43 9334.78 9328.35 9327.89 9326.31 9324.82 9324.59 9324.48 9325.3 9328.33 9331.99 9335.78 9348.92 9360.28 9360.64 9359.22 9357.28 9356.4 9355.91 9356.4 9356.1 9356.44 9356.31 9356.09 9356.09 9356.78 9356.98 9363.05 9381.57 9402.17 9427.96 9453.43 9477.73 9499.63 9510.88 9510.45 9483.53 9365.04 9179.58 9008.78 8842.89
9278.68 9277.71 9278.21 9280.23 9282.69 9287.2 9294.83 9299.48 9301.99 9303.45 9304.4 9305.31 9306.22 9308.51 9309.61 9311.52 9316.43 9332.13 9337.05 9332.58 9330.28 9334.46 9339.01 9343.03 9347.32 9345.67 9342.01 9338.62 9336.35 9332.94 9332.29 9330.38 9328.45 9326.35 9326.95 9330.35 9334.46 9339.87 9351.37 9364.28 9362.77 9361.03 9358.84 9356.4 9355.05 9354.3 9355.07 9355.02 9354.6 9354.38 9354.23 9354.44 9356.03 9362.71 9379.89 9401.35 9427.78 9453.18 9474.37 9489.6 9492.04 9467.71 9390.26 9275.43 9145.57 8963.04 8778.51
9281.54 9279.17 9281.96 9281.99 9281.49 9284.68 9294.3 9295.86 9297.27 9298.86 9300.28 9301.4 9303.07 9305.51 9307.97 9310.61 9315.86 9332.34 9336.74 9333.11 9332.76 9330.73 9333.23 9341.2 9347.29 9348.54 9343.07 9338.74 9337.31 9334.1 9334.57 9333.34 9332.12 9334.31 9332.58 9331 9330.42 9346.27 9355.28 9358.58 9363.52 9362.9 9359.92 9356.64 9354.84 9356.49 9355.79 9353.72 9352.99 9352.62 9352.45 9352.62 9355.99 9365.1 9381.11 9399.92 9426.18 9452.37 9472.25 9481.79 9478.46 9452.51 9391.06 9298.5 9150.14 8988.66 8825.08
9277.5 9276.67 9276.49 9279.14 9279.37 9279.26 9290.57 9292 9292.97 9294.07 9295.58 9297.18 9299.45 9302.35 9306.04 9310.67 9317.55 9329.49 9335.9 9330.74 9326.76 9327.79 9328.47 9337.61 9353.59 9349.79 9341.45 9332.09 9327.8 9330.98 9331.84 9331.72 9332.3 9334.32 9333.94 9330.43 9340.56 9350.18 9360.06 9366.77 9367.58 9364.83 9361.41 9357.12 9354.37 9353.05 9352.26 9351.69 9351.29 9351.27 9351.53 9353.04 9355 9366.14 9382.09 9399.67 9426.44 9449.68 9469.94 9482.28 9484.04 9461.19 9409.67 9312.53 9180.34 9018.83 8869.42
9276.61 9274.89 9275.83 9280.57 9279.19 9278.52 9283.28 9285.85 9287.81 9289.35 9291.21 9294.02 9296.74 9300.57 9305.89 9311.99 9317.51 9329.22 9334.58 9335.88 9334.21 9330.05 9324.59 9331.05 9335.52 9339.08 9341.25 9337.45 9332.47 9331.25 9329.46 9329.94 9330.87 9329.61 9333.52 9335.34 9338.85 9360.36 9364.12 9372.45 9369.37 9365.83 9362.45 9358.29 9352.47 9352.57 9350.81 9349.53 9349.83 9350.39 9351.25 9353.36 9357.73 9365.3 9378.41 9396.24 9421.6 9445.63 9466.31 9481.37 9490.83 9480.41 9448.94 9376.8 9229 9054.89 8892.18
9275.33 9275.79 9277.91 9281.45 9278.32 9275.03 9276.75 9281.15 9284.21 9286.28 9289.1 9291.24 9294.49 9298.27 9304.2 9313.89 9326.93 9334.39 9340.68 9339.95 9342.5 9339.7 9338.26 9337.57 9333.73 9335.72 9345.54 9355.37 9347.55 9335.37 9327.96 9329.86 9331.62 9333.45 9335.92 9338.27 9340.7 9347.35 9358.39 9362.13 9364.45 9364.97 9363.62 9361.91 9363.1 9352.99 9345.11 9347.99 9349.19 9350.03 9351.36 9354.38 9357.94 9363.47 9374.76 9393.34 9418.02 9443.71 9471.89 9493.94 9508.15 9509.05 9487.98 9427.84 9279.3 9088.52 8925.89
