real_craters/C136-750m.grd
DSAA
113 113
-42.0175 42.0175
-42.0175 42.0175
8191.2506200546 11210.984494047
[rows 38 to 75 of 113, columns 0 to 83 of 113]
9317 9320 9326 9344 9360 9359 9357 9359 9355 9349 9335 9328 9325 9333 9341 9339 9339 9336 9332 9331 9330 9330 9326 9329 9330 9330 9333 9336 9350 9366 9382 9397 9407 9398 9397 9399 9402 9404 9402 9401 9400 9399 9396 9391 9390 9389 9384 9386 9385 9385 9394 9447 9637 9617 9548 9532 9504 9479 9481 9470 9495 9492 9486 9483 9482 9485 9492 9479 9470 9439 9404 9378 9362 9337 9323 9311 9300 9293 9288 9286 9289 9292 9310 9311
9316 9323 9335 9351 9355 9362 9360 9357 9353 9345 9333 9331 9330 9336 9341 9342 9340 9336 9332 9330 9329 9327 9324 9325 9328 9330 9338 9342 9355 9366 9378 9388 9393 9391 9391 9394 9397 9399 9399 9398 9398 9402 9405 9405 9403 9401 9402 9406 9426 9424 9467 9554 9779 9767 9718 9695 9655 9623 9567 9514 9519 9520 9510 9504 9493 9482 9466 9476 9469 9434 9423 9393 9350 9340 9326 9314 9301 9292 9288 9289 9288 9300 9315 9329
9317 9331 9351 9364 9370 9366 9365 9358 9353 9350 9350 9338 9333 9336 9341 9341 9339 9336 9334 9330 9326 9324 9321 9320 9325 9332 9338 9341 9354 9363 9370 9377 9379 9386 9388 9390 9394 9397 9396 9395 9398 9405 9414 9423 9427 9420 9420 9432 9468 9476 9549 9688 9763 9780 9820 9768 9748 9779 9645 9555 9568 9546 9533 9516 9489 9480 9467 9453 9433 9418 9406 9393 9370 9350 9334 9318 9303 9293 9289 9287 9282 9285 9324 9323
9316 9335 9358 9368 9372 9363 9354 9353 9353 9352 9348 9341 9337 9340 9341 9337 9337 9336 9334 9329 9324 9323 9315 9315 9329 9334 9336 9344 9353 9356 9363 9370 9377 9385 9391 9390 9392 9392 9393 9394 9401 9412 9427 9441 9447 9447 9451 9478 9517 9553 9595 9626 9604 9595 9611 9602 9613 9654 9553 9638 9631 9590 9542 9497 9470 9466 9463 9451 9422 9409 9400 9387 9374 9360 9341 9325 9310 9299 9294 9288 9282 9285 9295 9307
9317 9332 9348 9358 9361 9358 9351 9351 9352 9351 9347 9343 9342 9339 9338 9338 9339 9337 9335 9331 9324 9320 9316 9320 9331 9328 9327 9336 9339 9344 9356 9367 9375 9381 9386 9389 9387 9389 9390 9392 9402 9422 9446 9468 9495 9493 9518 9573 9587 9536 9454 9342 9280 9241 9279 9298 9279 9233 9204 9273 9455 9549 9471 9430 9424 9440 9460 9472 9473 9447 9418 9416 9398 9372 9352 9332 9316 9305 9300 9299 9293 9286 9298 9315
9324 9325 9335 9346 9350 9351 9350 9351 9352 9351 9347 9344 9344 9341 9327 9340 9342 9338 9335 9335 9339 9330 9320 9322 9324 9325 9326 9329 9331 9339 9353 9367 9379 9384 9382 9384 9386 9387 9389 9391 9400 9435 9476 9515 9550 9558 9584 9609 9588 9374 9223 9175 9140 8948 8916 8956 8935 8876 8846 8898 9051 9232 9272 9293 9329 9381 9452 9504 9496 9460 9435 9421 9402 9380 9358 9338 9324 9311 9305 9303 9294 9285 9287 9301
9333 9329 9322 9327 9337 9344 9350 9351 9353 9354 9353 9345 9343 9335 9339 9345 9340 9336 9334 9332 9330 9327 9321 9322 9323 9325 9326 9327 9329 9336 9354 9369 9383 9388 9381 9381 9382 9386 9391 9398 9412 9457 9514 9565 9574 9602 9591 9522 9323 9237 9162 9067 8902 8810 8671 8665 8672 8632 8615 8636 8716 8894 9022 9107 9186 9276 9396 9514 9541 9522 9452 9444 9410 9386 9360 9336 9318 9309 9305 9303 9293 9281 9280 9282
9320 9322 9320 9321 9327 9335 9346 9349 9352 9357 9358 9351 9343 9338 9341 9333 9333 9331 9330 9327 9323 9320 9320 9322 9323 9323 9325 9324 9331 9348 9357 9369 9382 9387 9380 9380 9379 9386 9399 9415 9437 9491 9556 9606 9623 9698 9546 9312 9171 9085 9035 8920 8817 8611 8525 8511 8508 8491 8491 8499 8533 8634 8775 8892 9006 9109 9234 9372 9506 9561 9488 9452 9410 9381 9360 9336 9312 9307 9305 9300 9288 9285 9283 9277
9316 9307 9310 9319 9319 9327 9333 9342 9350 9359 9365 9358 9346 9343 9337 9326 9325 9324 9324 9322 9320 9317 9318 9321 9322 9324 9325 9325 9331 9343 9354 9364 9373 9378 9374 9374 9374 9390 9418 9448 9482 9529 9589 9649 9669 9543 9346 9166 9011 8886 8762 8705 8601 8478 8434 8422 8406 8387 8383 8404 8415 8470 8592 8709 8818 8921 9021 9128 9362 9520 9525 9448 9414 9396 9376 9351 9327 9314 9306 9302 9296 9283 9280 9280
9305 9304 9302 9304 9304 9305 9318 9331 9344 9356 9366 9370 9352 9343 9332 9324 9322 9320 9319 9318 9317 9317 9320 9321 9322 9323 9325 9328 9331 9336 9346 9356 9362 9365 9364 9370 9370 9398 9442 9489 9532 9561 9576 9591 9461 9188 9092 9008 8825 8693 8584 8499 8441 8370 8347 8341 8330 8318 8316 8317 8313 8368 8473 8574 8673 8763 8841 8924 9124 9384 9495 9516 9451 9432 9398 9367 9344 9319 9307 9303 9287 9284 9286 9278
9300 9297 9294 9293 9290 9288 9306 9322 9336 9350 9361 9361 9371 9347 9329 9325 9321 9320 9319 9318 9318 9317 9317 9319 9322 9322 9325 9330 9335 9338 9343 9349 9353 9353 9356 9359 9367 9414 9476 9530 9571 9567 9511 9393 9176 8989 8914 8849 8704 8534 8405 8339 8314 8271 8272 8267 8268 8263 8254 8238 8244 8296 8381 8471 8557 8641 8719 8792 8926 9205 9383 9502 9526 9470 9415 9364 9332 9314 9302 9297 9288 9269 9262 9255
9301 9295 9292 9290 9284 9287 9300 9316 9330 9344 9358 9366 9364 9352 9336 9322 9322 9322 9321 9320 9320 9319 9318 9319 9320 9321 9336 9333 9335 9337 9341 9346 9350 9352 9353 9357 9366 9429 9505 9572 9609 9586 9460 9251 9033 8889 8801 8655 8527 8408 8288 8254 8247 8235 8229 8220 8227 8222 8213 8215 8222 8253 8305 8391 8479 8569 8652 8755 8828 9050 9264 9449 9516 9490 9430 9358 9315 9307 9298 9291 9288 9273 9274 9260
9299 9290 9291 9289 9284 9284 9296 9311 9326 9339 9350 9355 9357 9348 9337 9326 9326 9325 9323 9323 9321 9319 9319 9321 9322 9323 9328 9332 9333 9336 9341 9347 9350 9351 9353 9354 9368 9438 9519 9596 9657 9648 9446 9182 8952 8846 8741 8594 8427 8328 8249 8218 8214 8218 8217 8212 8210 8204 8202 8243 8208 8213 8247 8334 8428 8514 8597 8678 8788 8938 9163 9408 9505 9505 9448 9372 9328 9310 9296 9285 9271 9280 9284 9272
9296 9294 9298 9293 9288 9288 9298 9310 9323 9335 9343 9348 9352 9343 9333 9337 9336 9331 9325 9321 9320 9320 9321 9320 9323 9325 9329 9332 9334 9338 9346 9351 9352 9352 9353 9357 9369 9440 9513 9586 9648 9663 9426 9161 8950 8834 8700 8543 8351 8292 8251 8234 8218 8217 8216 8215 8208 8198 8191 8197 8203 8212 8230 8299 8382 8470 8548 8629 8708 8849 9088 9370 9529 9518 9457 9394 9347 9317 9298 9285 9277 9267 9281 9272
9296 9291 9294 9290 9289 9291 9300 9312 9320 9331 9340 9352 9347 9342 9340 9346 9345 9336 9328 9320 9319 9320 9320 9320 9322 9325 9330 9335 9339 9350 9362 9358 9356 9354 9354 9356 9369 9426 9492 9546 9566 9492 9352 9154 8973 8763 8598 8429 8252 8239 8230 8223 8217 8216 8215 8214 8210 8203 8198 8199 8206 8212 8222 8277 8352 8433 8510 8602 8700 8808 9060 9344 9518 9513 9446 9360 9334 9315 9300 9283 9276 9288 9276 9271
9291 9290 9283 9287 9290 9299 9305 9311 9317 9324 9332 9339 9342 9343 9348 9351 9346 9338 9331 9324 9321 9321 9320 9322 9323 9328 9338 9343 9348 9357 9362 9362 9359 9356 9354 9357 9367 9422 9474 9509 9506 9441 9318 9146 8949 8679 8511 8361 8246 8221 8217 8217 8214 8219 8224 8229 8230 8213 8202 8202 8205 8212 8217 8262 8328 8394 8467 8538 8655 8849 9103 9324 9474 9494 9428 9348 9325 9316 9312 9309 9309 9292 9275 9270
9288 9288 9282 9287 9302 9308 9309 9311 9315 9319 9322 9325 9343 9346 9354 9350 9342 9338 9332 9326 9322 9320 9318 9321 9322 9325 9349 9350 9350 9355 9367 9363 9360 9357 9356 9359 9368 9412 9464 9500 9513 9475 9354 9140 8899 8702 8489 8335 8249 8225 8220 8216 8217 8234 8253 8304 8306 8226 8202 8204 8204 8209 8214 8253 8317 8390 8458 8539 8662 8827 9090 9263 9448 9476 9412 9343 9323 9319 9322 9332 9325 9301 9283 9266
9281 9281 9282 9289 9306 9310 9309 9310 9310 9312 9315 9319 9338 9344 9348 9348 9345 9340 9334 9329 9323 9321 9321 9322 9322 9328 9347 9354 9352 9353 9359 9359 9358 9357 9358 9361 9372 9413 9458 9501 9529 9542 9413 9141 8903 8726 8467 8324 8262 8245 8234 8230 8242 8272 8287 8359 8357 8232 8204 8203 8206 8210 8212 8247 8311 8389 8472 8553 8739 8864 9098 9281 9421 9450 9393 9333 9320 9317 9320 9327 9322 9310 9289 9263
9277 9277 9280 9286 9296 9305 9307 9308 9309 9309 9312 9319 9336 9335 9340 9344 9343 9341 9335 9328 9326 9325 9324 9326 9332 9342 9360 9360 9357 9357 9356 9356 9356 9356 9357 9359 9382 9414 9453 9488 9511 9499 9365 9093 8843 8619 8438 8343 8281 8258 8259 8260 8272 8300 8377 8405 8362 8305 8211 8202 8207 8210 8210 8243 8311 8401 8504 8645 8808 8928 9139 9300 9413 9422 9374 9330 9321 9317 9312 9297 9311 9305 9288 9271
9280 9279 9281 9284 9295 9299 9301 9304 9306 9308 9311 9322 9335 9332 9332 9339 9349 9345 9339 9336 9335 9331 9329 9330 9332 9350 9360 9363 9359 9355 9356 9355 9354 9353 9353 9359 9380 9413 9452 9480 9484 9426 9278 9056 8792 8618 8486 8390 8320 8296 8291 8288 8291 8368 8463 8465 8540 8395 8220 8210 8205 8207 8208 8240 8314 8412 8522 8657 8834 8957 9120 9364 9436 9380 9357 9335 9324 9318 9312 9301 9300 9287 9277 9270
9277 9276 9279 9279 9291 9292 9294 9296 9299 9304 9311 9323 9336 9325 9328 9332 9354 9345 9332 9330 9332 9332 9334 9334 9341 9355 9367 9366 9361 9355 9353 9352 9351 9351 9353 9360 9382 9412 9450 9477 9484 9440 9313 9101 8869 8701 8549 8442 8363 8328 8306 8310 8314 8389 8365 8397 8492 8341 8252 8217 8208 8208 8213 8239 8311 8413 8534 8687 8850 9002 9219 9416 9434 9360 9346 9336 9326 9322 9319 9310 9286 9277 9268 9262
9276 9275 9282 9278 9279 9285 9288 9291 9296 9303 9313 9327 9336 9339 9334 9327 9334 9340 9347 9337 9328 9330 9333 9337 9340 9358 9367 9366 9363 9359 9353 9348 9349 9351 9353 9361 9376 9408 9445 9480 9498 9486 9406 9166 8908 8762 8613 8489 8377 8326 8327 8338 8350 8380 8348 8333 8358 8284 8251 8222 8212 8213 8210 8227 8312 8427 8542 8682 8875 9056 9296 9449 9418 9357 9339 9332 9326 9324 9322 9310 9279 9278 9266 9260
9276 9279 9279 9274 9277 9280 9284 9287 9290 9295 9307 9325 9343 9351 9350 9352 9344 9346 9352 9342 9331 9334 9336 9339 9344 9353 9360 9365 9364 9361 9354 9350 9350 9351 9354 9358 9367 9401 9443 9491 9529 9543 9473 9239 8967 8840 8728 8553 8397 8348 8356 8352 8358 8363 8356 8343 8316 8282 8249 8227 8218 8212 8205 8217 8330 8467 8582 8716 8925 9138 9344 9458 9408 9355 9335 9327 9324 9322 9316 9307 9295 9277 9263 9257
9280 9283 9279 9275 9276 9279 9282 9284 9286 9286 9285 9303 9322 9353 9354 9354 9351 9347 9338 9335 9331 9338 9348 9342 9343 9351 9363 9365 9363 9361 9357 9352 9350 9351 9354 9357 9361 9386 9441 9501 9559 9594 9570 9310 9054 8942 8814 8633 8465 8384 8362 8359 8372 8380 8375 8352 8320 8276 8251 8254 8249 8226 8215 8230 8382 8550 8712 8836 8947 9176 9371 9453 9392 9356 9327 9324 9323 9322 9320 9311 9297 9281 9261 9255
9280 9280 9277 9278 9279 9282 9284 9286 9287 9286 9284 9304 9337 9350 9349 9343 9351 9356 9344 9336 9332 9332 9338 9345 9346 9349 9355 9361 9360 9357 9353 9351 9350 9350 9353 9357 9360 9377 9437 9506 9572 9622 9609 9416 9159 9044 8908 8730 8563 8441 8386 8376 8391 8399 8385 8338 8298 8261 8258 8270 8279 8288 8276 8320 8474 8655 8844 8970 9067 9263 9399 9432 9359 9345 9337 9328 9323 9322 9324 9321 9316 9290 9259 9251
9278 9281 9281 9281 9284 9286 9288 9292 9295 9298 9299 9315 9335 9343 9342 9344 9351 9353 9342 9337 9333 9328 9333 9346 9346 9349 9356 9360 9358 9356 9353 9352 9350 9350 9353 9356 9365 9377 9434 9510 9588 9647 9664 9484 9270 9137 9051 8856 8647 8519 8458 8419 8419 8416 8387 8319 8279 8262 8289 8315 8338 8375 8376 8396 8604 8764 8899 9041 9180 9345 9414 9402 9339 9333 9342 9332 9323 9319 9320 9323 9314 9290 9259 9248
9278 9281 9285 9286 9282 9285 9292 9298 9306 9315 9329 9328 9334 9326 9335 9346 9348 9341 9327 9333 9330 9324 9335 9343 9344 9345 9351 9355 9354 9353 9352 9351 9348 9348 9352 9363 9377 9384 9434 9509 9588 9657 9690 9585 9385 9234 9164 8980 8761 8631 8563 8508 8475 8440 8389 8338 8334 8337 8364 8397 8419 8487 8526 8615 8812 8904 8971 9114 9267 9387 9416 9349 9325 9324 9331 9327 9319 9311 9309 9325 9328 9292 9260 9247
9280 9283 9286 9288 9286 9288 9296 9306 9316 9327 9332 9332 9325 9325 9329 9334 9335 9329 9328 9330 9330 9329 9337 9337 9334 9342 9344 9344 9345 9348 9352 9348 9346 9345 9352 9369 9388 9396 9428 9488 9561 9641 9708 9644 9519 9369 9261 9061 8878 8736 8650 8603 8549 8491 8433 8411 8440 8441 8475 8527 8578 8597 8670 8823 9006 9068 9147 9234 9360 9446 9397 9333 9317 9321 9324 9320 9313 9306 9305 9318 9303 9282 9258 9246
9288 9288 9290 9294 9291 9296 9303 9312 9322 9332 9338 9332 9328 9327 9324 9322 9317 9311 9328 9330 9330 9325 9330 9339 9342 9340 9338 9335 9340 9344 9342 9345 9347 9345 9355 9377 9394 9406 9415 9453 9514 9596 9706 9732 9685 9561 9317 9120 8976 8828 8723 8661 8599 8541 8516 8529 8533 8541 8610 8681 8739 8771 8843 8942 9099 9207 9277 9358 9446 9449 9363 9323 9313 9318 9320 9311 9306 9302 9304 9308 9284 9272 9262 9249
9294 9289 9292 9285 9292 9298 9306 9316 9324 9332 9334 9331 9326 9325 9321 9317 9316 9311 9318 9324 9332 9334 9322 9331 9335 9335 9339 9342 9345 9345 9344 9344 9350 9359 9358 9369 9382 9385 9382 9418 9458 9509 9586 9705 9751 9733 9503 9274 9104 8913 8764 8726 8641 8578 8599 8602 8630 8680 8775 8855 8919 8993 9078 9150 9255 9341 9383 9440 9467 9414 9345 9316 9308 9308 9300 9300 9299 9299 9302 9298 9281 9265 9257 9256
9293 9286 9278 9290 9294 9302 9308 9315 9324 9333 9335 9331 9324 9320 9320 9314 9309 9314 9325 9327 9336 9337 9331 9327 9337 9341 9343 9348 9350 9348 9349 9346 9347 9366 9371 9370 9379 9387 9375 9385 9400 9402 9381 9477 9576 9654 9709 9536 9302 9040 8823 8766 8700 8648 8666 8682 8723 8858 8963 9050 9145 9258 9359 9416 9485 9498 9498 9465 9411 9366 9320 9310 9303 9304 9295 9295 9294 9292 9294 9296 9271 9257 9244 9258
9284 9283 9287 9288 9292 9301 9304 9310 9320 9330 9334 9333 9327 9324 9323 9316 9313 9312 9325 9332 9334 9344 9339 9318 9328 9339 9340 9343 9345 9348 9351 9347 9345 9366 9370 9366 9373 9400 9388 9376 9370 9356 9345 9357 9430 9524 9629 9696 9464 9183 8959 8831 8798 8789 8777 8785 8843 8969 9110 9233 9361 9478 9548 9585 9610 9548 9507 9443 9355 9343 9345 9316 9295 9292 9293 9294 9296 9292 9284 9275 9263 9253 9248 9238
9277 9276 9275 9278 9282 9283 9288 9299 9312 9329 9332 9334 9334 9334 9332 9321 9310 9325 9316 9303 9308 9321 9338 9323 9320 9328 9332 9337 9340 9345 9345 9340 9337 9356 9363 9363 9374 9417 9378 9365 9356 9348 9346 9335 9374 9425 9437 9502 9448 9301 9139 8991 8949 8918 8922 8942 8994 9103 9237 9389 9528 9649 9721 9632 9504 9551 9509 9416 9357 9348 9358 9324 9306 9297 9299 9303 9303 9299 9286 9269 9256 9248 9243 9236
9273 9271 9278 9279 9277 9274 9278 9285 9293 9307 9317 9333 9335 9333 9331 9327 9322 9322 9311 9311 9317 9330 9331 9331 9323 9323 9325 9333 9339 9343 9346 9345 9343 9346 9348 9350 9355 9420 9391 9362 9349 9339 9329 9328 9341 9359 9378 9399 9400 9380 9375 9277 9178 9127 9134 9150 9225 9338 9435 9517 9633 9756 9744 9608 9531 9529 9472 9401 9392 9345 9321 9317 9319 9328 9326 9320 9307 9300 9279 9253 9245 9239 9230 9220
9275 9273 9276 9273 9271 9271 9272 9274 9274 9273 9290 9305 9320 9331 9332 9330 9327 9328 9329 9322 9322 9334 9335 9336 9328 9319 9324 9335 9343 9345 9342 9333 9322 9329 9337 9338 9341 9358 9351 9351 9343 9334 9328 9325 9332 9339 9348 9345 9370 9399 9471 9488 9393 9386 9407 9461 9533 9564 9576 9546 9584 9615 9530 9469 9409 9413 9380 9333 9329 9323 9307 9313 9338 9337 9328 9315 9298 9283 9262 9253 9245 9238 9228 9218
9275 9273 9272 9273 9271 9269 9269 9270 9269 9270 9272 9276 9301 9320 9322 9328 9330 9319 9314 9327 9337 9354 9323 9341 9336 9329 9331 9342 9357 9350 9341 9330 9322 9339 9337 9336 9340 9337 9335 9338 9336 9333 9328 9323 9321 9326 9329 9337 9348 9361 9359 9368 9413 9435 9462 9521 9540 9525 9478 9467 9462 9413 9384 9371 9358 9336 9329 9315 9315 9302 9295 9301 9319 9330 9320 9293 9279 9265 9247 9246 9243 9238 9236 9227
9274 9272 9272 9270 9268 9270 9271 9269 9269 9269 9267 9273 9294 9314 9318 9324 9331 9325 9319 9328 9341 9342 9354 9350 9344 9336 9338 9345 9351 9345 9339 9328 9324 9337 9336 9333 9328 9322 9322 9327 9332 9339 9329 9322 9316 9323 9322 9322 9335 9349 9361 9383 9386 9372 9361 9381 9411 9389 9376 9391 9390 9369 9357 9349 9333 9316 9319 9316 9300 9287 9277 9282 9299 9316 9312 9280 9256 9243 9238 9236 9237 9236 9232 9228
9271 9269 9271 9270 9269 9269 9261 9268 9268 9268 9269 9276 9295 9309 9314 9315 9317 9324 9327 9328 9337 9348 9360 9358 9353 9354 9357 9349 9337 9337 9345 9347 9341 9333 9330 9327 9325 9320 9313 9316 9327 9332 9334 9328 9339 9331 9322 9331 9325 9339 9357 9386 9351 9339 9345 9351 9336 9347 9359 9364 9365 9359 9356 9353 9338 9322 9312 9286 9274 9273 9275 9290 9305 9314 9302 9252 9234 9228 9230 9225 9231 9237 9234 9238
