real_craters/C136-1000m.grd
DSAA
49 49
-24.01 24.01
-24.01 24.01
8034.0797589487 9784.1050226026
9213.18 9217.35 9216.41 9210.89 9213.56 9223.27 9231.77 9230.54 9214.27 9221.1 9226.13 9223.37 9215.71 9182.43 9208.87 9239.37 9233.52 9213.41 9202.96 9215.79 9216.07 9221.8 9217.96 9210.46 9206.47 9233.55 9259.33 9245.29 9230.22 9223.53 9220.62 9217.99 9220.31 9220.56 9217.77 9203.32 9149.73 9141.01 9148.91 9158.04 9174.89 9189.54 9190.73 9186.05 9179.97 9162.05 9163.53 9171.17 9181.69 
9210.55 9209.3 9208.5 9208.24 9210.16 9216.88 9224.09 9223.9 9222.03 9226.95 9226.13 9232.4 9234.36 9201.36 9212.79 9244.03 9245.5 9244.77 9235.35 9238.95 9266.17 9251.54 9235.79 9219.65 9216.4 9242.43 9256.68 9239.94 9240.54 9227.64 9225.79 9226.54 9225.58 9224.82 9220.94 9204.49 9153.07 9142.64 9142.17 9147.32 9179.84 9191.4 9191.01 9184.36 9172.18 9164.95 9168.31 9174.63 9185.91 
9208.32 9206.97 9205.19 9205.65 9208.75 9228.03 9236.47 9234.07 9229 9219.35 9223.97 9246.1 9279.45 9285.99 9303.09 9277.18 9292.24 9289.2 9266.09 9252.96 9292.24 9270.43 9251.69 9235.54 9223.07 9229.66 9229.23 9224.53 9231.36 9230.45 9227.44 9226.65 9229.45 9226.31 9217.57 9202.38 9175.14 9157.92 9153.87 9153.03 9181.76 9195.46 9195.01 9187.71 9181.19 9176.22 9176.81 9181.2 9188.51 
9207.71 9202.5 9200.66 9206.05 9229.94 9261.12 9255.4 9245.77 9232.92 9212.98 9262.86 9278.11 9287.64 9303.11 9292.14 9303.79 9312.87 9279.43 9242.66 9229.01 9274.63 9278.37 9264.28 9243.37 9218.8 9216.39 9214.58 9202.83 9215.03 9226.07 9229.39 9227.29 9225.23 9220.99 9213.99 9198.24 9180.84 9182.73 9177.83 9180.77 9205.63 9203.59 9202.75 9200.81 9200.96 9189.77 9182.61 9187.41 9196.26 
9208.1 9200.16 9194.25 9212.07 9289.49 9287.3 9266.13 9255.57 9243.39 9226.81 9260.07 9291.78 9304.5 9306.27 9302.85 9318.53 9319.55 9251.34 9223 9230.92 9276.06 9281.43 9271.92 9251.06 9223.51 9227.51 9240.65 9252.46 9226.66 9233.02 9236.63 9235.23 9232.92 9226.54 9222.81 9221.89 9230.44 9213.61 9199.94 9194.77 9208.16 9216.86 9209.1 9205.96 9204.77 9191.1 9184.79 9189.56 9201.12 
9209.59 9200.01 9190.72 9227.73 9294.94 9263.38 9267.3 9267.12 9273.51 9277.04 9257.09 9305.9 9312 9319.81 9313.1 9312.13 9286.35 9220.82 9242.86 9245.85 9259.18 9282.95 9281.6 9274.62 9269.67 9273.32 9304.51 9304.07 9263.23 9250.33 9249.13 9241.11 9240 9241 9240.27 9242 9255.36 9232.17 9213.28 9203.26 9204.73 9208.88 9209.13 9202 9195.91 9188.21 9188.32 9191.36 9196.7 
9209.89 9202.71 9193.99 9215.95 9252.58 9244.17 9252.39 9263.08 9274.42 9261.28 9247.9 9292.65 9325.79 9324.24 9306.95 9288.67 9248.34 9264.31 9282.22 9306.04 9247.28 9290.94 9297.15 9291.79 9284.41 9271.01 9288.15 9309.5 9291.17 9277.99 9271.32 9268.65 9265.62 9263.59 9262.22 9248.84 9254.05 9242.27 9222.59 9208.09 9217.17 9217.66 9205.23 9192.43 9185.16 9187.46 9185.8 9188.59 9192.88 
9207.6 9204.56 9201.18 9201.87 9204.19 9230.46 9242.48 9255.69 9265.25 9255.82 9278.39 9283.69 9349.33 9332.81 9329.2 9378.99 9339.15 9302.75 9347.6 9379.2 9357.21 9353.07 9383.88 9338.92 9290.43 9269.11 9277.27 9332.81 9322 9314.98 9314.94 9307.85 9313.13 9292.6 9291.51 9327.23 9271.09 9257.36 9236.42 9210.53 9227.28 9206.89 9189.41 9180.64 9176.97 9184.41 9185.56 9189.46 9195.41 
9205.9 9202.86 9204.55 9202.13 9205.13 9214.8 9245.88 9264.38 9267.65 9273.02 9292.24 9321.84 9374.65 9391.63 9517.55 9587.8 9469.33 9345.64 9430.34 9404.65 9453.99 9512.82 9548.9 9554.4 9486.74 9350.95 9346.78 9307.8 9348.75 9346.09 9320.98 9303.33 9291.11 9292.58 9292.47 9277.55 9294.56 9285.99 9267.72 9241.48 9219.13 9192.78 9176.3 9177.8 9181.1 9190.12 9185.36 9196.59 9199.84 
9214.93 9203.47 9198.67 9199.98 9204.8 9219.07 9273.75 9279.43 9278.23 9281.15 9302.92 9315.1 9320.34 9496.26 9519.03 9494.68 9496.86 9455.74 9679.72 9605.26 9611.16 9644.5 9672.27 9784.11 9724.74 9778.43 9558.82 9399.48 9357 9296.52 9280.66 9291.74 9296.99 9296.97 9298.5 9292.33 9315.79 9313.85 9309.89 9280.17 9231.86 9183.15 9167.83 9182.92 9194.35 9196.55 9198.7 9206.21 9218.6 
9223.94 9217.23 9205.45 9217.06 9231.62 9348.38 9327.82 9301.93 9288.5 9304.27 9324.18 9302.89 9340.99 9647.76 9564.86 9436.07 9482.44 9542.54 9556.71 9562.35 9545.72 9513.17 9518.49 9614.44 9554.39 9590.28 9395.06 9284.68 9233.11 9211.25 9220.86 9248.87 9283.4 9309.42 9326.54 9332.19 9316.49 9328.39 9353.38 9329.54 9222.71 9182.48 9178.64 9180.72 9188.38 9186.4 9174.29 9209.56 9215.32 
9220.25 9229.47 9242.84 9247.65 9290.78 9333.64 9326.08 9304.38 9288.71 9271.28 9295.05 9271.97 9359.73 9572.58 9598.71 9646.92 9711.11 9494 9446.96 9402.09 9329.51 9253.1 9079.14 8958.72 9046.21 8970.17 8956.59 8928.31 9028.64 9075.42 9130.33 9196.57 9270.84 9326.4 9336.01 9345.74 9361.63 9361.61 9370.33 9328.11 9222.93 9189.45 9187.45 9188.24 9203.27 9216.14 9194.47 9223.41 9231.61 
9218.43 9227.19 9227.92 9248.48 9274.45 9281.94 9295.96 9292.24 9270.66 9279.9 9293.19 9330.9 9395.39 9551.21 9604.07 9653.74 9565.15 9487.63 9216.28 9081.62 8954.81 8778.75 8717.94 8658.16 8695.89 8769.08 8850.34 8883.62 8836.37 8907.46 9005.9 9125.29 9254.63 9387.13 9459.11 9457.06 9415.89 9364.01 9358.85 9320.46 9241.12 9199.74 9196.29 9219.85 9240.21 9271.57 9209.82 9222.9 9226.91 
9240.45 9240.99 9226.32 9248.16 9264.15 9285.22 9306.04 9289.1 9268.38 9277.79 9314.51 9353.32 9487.07 9562.32 9608.61 9537.58 9552.64 9424.69 8891.23 8736.02 8649.52 8581.98 8470.63 8464.16 8484.66 8555.44 8653.59 8692.39 8681.26 8728 8827.77 8964.81 9140.21 9369.71 9689.59 9623.92 9483.64 9411.19 9413.61 9352.69 9275.49 9233.65 9230.46 9235.72 9243.67 9230.91 9225.87 9216.71 9204.02 
9279.09 9262.26 9249.79 9263.12 9283.18 9308.02 9303.98 9294.47 9287.63 9288.09 9315.78 9400.47 9498.43 9559.84 9566.58 9493.32 9226.61 9061.34 8762.35 8591.77 8456.55 8303.16 8212.88 8217.7 8298.43 8341.11 8372.71 8411.7 8455.42 8532.07 8651.24 8780.09 8933.9 9118.21 9347.48 9440.62 9474.69 9516.07 9412.52 9401.96 9335.94 9280.83 9251.4 9266.3 9249.09 9215 9217.29 9193.14 9181.15 
9272.35 9278.86 9279.39 9277.98 9287.74 9286.41 9282.84 9300.1 9312.23 9331.57 9384.33 9425.84 9570.15 9545.74 9462.02 9323.5 9204.84 8869.99 8673.07 8511.96 8357.18 8200.77 8110.95 8128.14 8192.61 8226.68 8246.13 8279.9 8261.77 8348.6 8475.87 8602.33 8681.54 8750.66 8815.04 9130.85 9378.12 9596.52 9676.31 9526.8 9414.94 9351.85 9345.87 9310.93 9264.09 9226.81 9198.69 9217.65 9197.45 
9271.83 9283.06 9283.22 9278.43 9280.3 9281.42 9275.72 9284.76 9301.36 9305.74 9350.11 9526.06 9620.93 9513.29 9362.87 9251.46 9005.99 8617.46 8509.47 8405.98 8285.32 8173.05 8143.55 8136.51 8165.11 8192.63 8173.15 8188.15 8180.62 8224.18 8332.26 8437.17 8520.82 8514.6 8653.39 8941.36 9261.61 9502.76 9680.89 9584.22 9455.61 9373.98 9343.13 9305.58 9268.39 9226.58 9210.08 9221.98 9184.2 
9278.52 9259.73 9255.32 9268.11 9276.49 9279.66 9297.04 9253.55 9253.48 9322.77 9440.74 9601.79 9679.78 9544.21 9384.47 9084.02 8759.96 8467.94 8343.19 8299.41 8236.64 8162.23 8113.38 8146.93 8178.31 8167.67 8122.71 8134.11 8126 8145.59 8224.78 8309.14 8383.58 8392.94 8530.36 8847.5 9179.64 9486.52 9640.47 9544.11 9431.94 9353.49 9326.6 9309.08 9265.87 9232.96 9225.92 9213.33 9188.29 
9271.86 9246.78 9243.03 9265.91 9291.01 9291.15 9306.43 9256.74 9248.02 9456.16 9529.93 9638.82 9728.38 9544.59 9297.8 8937.3 8584.35 8375.45 8265.71 8244.42 8224.03 8190.33 8149.6 8207.96 8250.45 8236.87 8152.69 8127.31 8115.15 8113.64 8170.22 8237.44 8308.46 8354.73 8556.85 8827.81 9156.72 9430.81 9509.74 9469.41 9382.43 9280.96 9286.02 9278.42 9252.43 9229.96 9213.13 9194.59 9191.07 
9235.74 9223.98 9229.45 9273.82 9326.36 9381.86 9376.39 9324.23 9332.8 9399.16 9516.85 9573.28 9696.16 9467.61 9122.64 8654.9 8435.78 8296.75 8229.14 8243.04 8249.23 8259.9 8294.08 8345.76 8381.3 8389.29 8284.44 8172.37 8104.95 8101.93 8146.72 8198.36 8250.07 8252.46 8475.41 8810.69 9160.03 9449.77 9450.85 9422.31 9375.9 9333.23 9272.43 9236.84 9240.23 9221.95 9199.06 9203.74 9199.52 
9223.99 9230.27 9243.17 9293.71 9359.37 9418.17 9389.63 9329.66 9299.76 9382.27 9527.69 9582.88 9638.04 9317.73 8892.19 8563.38 8428.86 8373.27 8278.32 8255.88 8298.83 8355.91 8429.84 8508.03 8534.97 8513.56 8406.92 8258.79 8118.65 8105.15 8133.66 8162.57 8196.83 8200.26 8439.97 8793.56 9142.88 9418.04 9452.65 9400.1 9362.96 9345.06 9288.03 9266.83 9251.75 9232.72 9208.36 9186.79 9187.79 
9214.35 9240.57 9272.32 9315.81 9363.9 9410.84 9417.84 9318.51 9268.8 9475.9 9579.28 9637.67 9594.49 9168.86 8959.82 8597.39 8410.81 8372.65 8268.47 8278.04 8359.48 8470.26 8612.84 8667.52 8665.27 8642.81 8543.6 8377.62 8190.22 8141.69 8134.63 8134.58 8141.48 8126.07 8408.6 8770.64 9129.25 9365.41 9383.82 9377.6 9342.31 9290.21 9229.52 9293.83 9275.35 9248.29 9230.02 9182.89 9191.38 
9211.99 9230.12 9274.47 9309.98 9342.22 9375.8 9405.62 9389.23 9298.04 9538.4 9577.14 9593.46 9531.37 9067.6 8939.98 8577.9 8447.73 8395.7 8348.23 8342.82 8408.83 8518.42 8643.13 8714.7 8722.6 8698.63 8618.62 8475.05 8302.53 8171.66 8138.67 8109.65 8084.76 8064.96 8375.86 8752.29 9110.59 9371.74 9398.3 9347.97 9324.33 9297.16 9265.18 9272.59 9264.1 9240.72 9213.46 9192.74 9197.18 
9208.65 9230.77 9256.02 9281.5 9307.17 9328.27 9371 9424.79 9325.31 9495.74 9536.48 9653.43 9588.83 9009.88 8687.55 8513.77 8463.78 8398.54 8380.13 8397.27 8413.19 8450.94 8532.09 8646.78 8732.26 8775.98 8679.04 8553.14 8402.67 8241.89 8139.91 8094.61 8056.52 8034.08 8377.25 8748.82 9076.76 9262.16 9275.1 9293.74 9332.49 9361.93 9372.42 9285.08 9232.66 9221.87 9226.99 9214.68 9191.55 
9211.87 9234.36 9258.04 9287.01 9282.44 9286.67 9294.2 9421.34 9324.51 9477.01 9548.1 9710.55 9623.03 9020.16 8677.91 8435.36 8395.97 8417.32 8385.38 8400.92 8400.87 8415.93 8562.66 8690.34 8689.86 8702.83 8695.1 8651.18 8421.83 8195.62 8118.75 8092.8 8038.94 8126.06 8403.87 8762.06 9089.56 9293.84 9205.66 9265.33 9360.8 9421.66 9419.78 9288.59 9229.61 9204.84 9194.78 9202.6 9188.7 
9208.67 9213.59 9242.89 9268.89 9266.67 9264.98 9254.91 9280.81 9393.02 9462.97 9562.87 9709.96 9564.13 9065.41 8808.6 8565.64 8464.42 8423.34 8397.43 8346.09 8389.81 8423.65 8480.05 8511.45 8545.1 8568.74 8569.38 8512 8336.55 8158.12 8081.05 8079.36 8064.19 8203.97 8454.72 8773.89 9058.97 9224.5 9272.67 9324.11 9390.46 9462.36 9318.71 9290.23 9278.66 9189.38 9107.6 9134.75 9163.91 
9186.69 9218.08 9233.36 9226.81 9269.45 9277.97 9286.34 9312.63 9306.28 9431.29 9588.35 9619.5 9514.2 9139.8 8979.8 8708.25 8522.44 8506.7 8458.23 8422.15 8380.2 8395.9 8410.13 8441.39 8405.8 8395.72 8405.33 8319.52 8215.11 8105.67 8057.2 8069.22 8051.37 8191.2 8483.58 8783.95 9015.82 9182.87 9235.74 9296.79 9368.45 9434.73 9343.99 9298.16 9263.99 9179.17 9137.66 9135.79 9142.25 
9202.08 9225.55 9270.72 9320.74 9311.26 9309.94 9311.5 9403.97 9289.63 9435.44 9650.38 9667.43 9503.96 9197.74 9058.79 8858.21 8577.28 8527.8 8485.37 8420.26 8337.63 8291 8376.4 8415.18 8410.03 8387.85 8341.69 8247.88 8167.17 8101.55 8072.31 8088.46 8093.75 8252.52 8536.57 8840.42 9143.25 9232.83 9237.98 9294.27 9333.86 9332.14 9378.58 9323.89 9165.84 9156.35 9116.44 9114.76 9122.28 
9257.5 9302.61 9310.75 9340.97 9354.74 9351.04 9327.34 9272.62 9227.98 9412.45 9641.15 9685.25 9563.97 9233 9232.77 9036.64 8738.35 8593.39 8509.38 8442.97 8371.62 8323.83 8358.76 8417.72 8535.75 8458.81 8345.64 8235.95 8161.5 8154.92 8124.87 8133.38 8130.37 8334.24 8614.77 8898.57 9104.15 9253.19 9256.75 9320.01 9330.31 9336.07 9361.15 9317.96 9250.69 9182.41 9142.65 9128.68 9103.83 
9259.75 9275.79 9310.78 9349.34 9368.84 9375.35 9354.64 9269.95 9254.51 9348.1 9484.49 9625.57 9601.47 9309.91 9226.33 9098.69 8837.52 8629.6 8514.57 8470.58 8398.35 8349.4 8343.62 8392.08 8455.72 8431.57 8349.41 8261.83 8179.39 8080.01 8082.97 8223.79 8311.48 8501.16 8747.31 8964.23 9149.99 9250.75 9269.69 9265.43 9366.17 9379.95 9309.38 9243.46 9224.5 9187.3 9148.73 9110.21 9095.05 
9260.94 9272.33 9311.31 9351.46 9368.32 9370.06 9342.57 9303.58 9301.63 9289.94 9381.01 9552.2 9610.6 9381.5 9296.58 9088.23 8997.57 8701.83 8554.62 8446.26 8333.48 8304.14 8311.63 8311.01 8373.77 8388.73 8353.19 8287.38 8200.61 8144.02 8232.61 8381.74 8535.41 8695.53 8899.7 9083.8 9219.06 9306.87 9349.43 9500.93 9431.53 9399.48 9245.68 9150.31 9216.07 9181.19 9131.79 9099.43 9079.61 
9260.31 9306.8 9338.75 9337.05 9337.38 9348.18 9342.19 9295.07 9302.58 9275.66 9336.46 9496.46 9674.19 9619.42 9448.29 9196.08 9115.72 8891.52 8674.09 8525.32 8369.53 8357.41 8349.68 8297.37 8326.99 8405.94 8407.13 8362.38 8322.04 8378.24 8489.2 8608.55 8768.8 8881.93 9073.67 9255.41 9354.49 9374.62 9394.37 9381.76 9391.74 9355.81 9234.25 9152.03 9177.59 9147.79 9102.42 9094.85 9084.35 
9239.29 9305.22 9335.46 9320.88 9294.73 9277.39 9290.34 9326.82 9328.55 9278.81 9307.96 9404.34 9491.26 9618.36 9653.07 9346.35 9265.73 9083.94 8895.18 8723.03 8590.95 8560.37 8524.95 8462.09 8476.86 8520.19 8517.24 8507.97 8541.18 8561.5 8718.27 8739.53 8846.74 9020.15 9240.11 9488.13 9606.69 9475.93 9425.25 9398.47 9390.89 9351.64 9244.9 9159.96 9154.85 9136.9 9098.63 9085.94 9089.42 
9232.6 9292.87 9325.05 9303.37 9276.71 9255.47 9257.96 9264.84 9310.74 9283.92 9269.77 9320.69 9372.98 9438.87 9626.64 9657.93 9412.56 9295.65 9119.42 9022.03 9008.37 8861.34 8790.3 8746.07 8718.39 8679.24 8626.04 8589.78 8558.98 8571.11 8596.66 8790.29 8916.12 9131.84 9309.79 9499.82 9587.59 9519.45 9429.48 9389.78 9370.28 9342.94 9255.43 9170.98 9166.43 9180.41 9118.33 9082.05 9073.41 
9218.51 9257.96 9285.42 9283.85 9272.59 9257.46 9241.72 9250.05 9329.27 9243.5 9241.88 9270.28 9310.33 9359.23 9454.7 9526.14 9591.33 9557.45 9511.01 9308.47 9167.64 9104.75 9029.52 9001.92 8979.91 8845.86 8758.23 8724.84 8655.23 8755.82 8905.94 9191.12 9254.06 9290.22 9352.6 9398.98 9436.27 9432.07 9399.42 9353.17 9328.39 9318.88 9264.98 9200.76 9174.07 9120.51 9100.54 9087.05 9081.2 
9194.63 9213.05 9209.12 9236.44 9227.93 9255.16 9195.22 9207.19 9254.2 9238 9236.28 9243.34 9276.26 9445.42 9434.87 9462.73 9632.04 9669.81 9581.77 9564.75 9364.2 9288.55 9203.32 9091.45 8936.32 8831.39 8878.06 8940.26 9028.4 9181.41 9482.52 9510.01 9479.59 9399.99 9377.62 9387.22 9385.76 9391.69 9379.76 9359.96 9336.01 9325.4 9279.6 9234.39 9174.33 9125.01 9116.11 9116.54 9125.61 
9170.44 9177.02 9214.75 9200.19 9178.88 9193.83 9175.54 9173.69 9193.53 9247.68 9220.64 9219.67 9235.67 9333.33 9517.48 9471.5 9584.54 9665.65 9724.17 9694.76 9622.84 9492.4 9318.3 9190.9 8981.66 8989.31 9070.56 9160.88 9342.53 9494.76 9514.13 9516.08 9471.73 9406.92 9364.56 9358.77 9344.83 9357.46 9362.03 9377.02 9429.04 9351.29 9273.85 9202.96 9164.07 9155.35 9147.97 9137.35 9135.04 
9140.49 9147.43 9149.89 9148.38 9153.36 9146.8 9177.84 9163.86 9161.35 9166.35 9195.14 9210.23 9223.25 9274.52 9352.86 9552.43 9558.69 9583.86 9562.9 9628.5 9751.41 9595.43 9374.59 9268.79 9334.23 9342.78 9259.45 9294.85 9407.74 9428.57 9386.06 9505.47 9428.48 9376.47 9343.83 9318.09 9313.81 9329.08 9335.97 9346.56 9346.8 9308.15 9255.98 9204.68 9175.18 9162.63 9156.06 9147.81 9137.76 
9198.39 9161.97 9127.21 9126 9128.16 9144.28 9178 9161.98 9146.27 9155.78 9179.81 9204.69 9233.74 9238.96 9242.8 9313.08 9457.04 9519.1 9468.99 9408.49 9438.46 9430.99 9410.21 9343.49 9367.22 9323.43 9330.37 9317.34 9285.28 9246.98 9253.39 9233.13 9301.73 9314.39 9312.93 9313.92 9298.28 9302.13 9304.64 9304.79 9274.72 9260.84 9243.45 9211.5 9186.93 9180.92 9170.89 9156.11 9144.8 
9204.35 9182.81 9166.93 9148.34 9138 9163.84 9176.08 9157.79 9136.43 9143.77 9167.09 9189.13 9204.42 9198.48 9224.43 9263.47 9372.84 9436.38 9362.21 9370.31 9390.19 9424.75 9476.99 9555.29 9571.61 9523.25 9356.23 9300.8 9254.55 9210.17 9207.19 9218.3 9242.11 9260.9 9271 9276.61 9283.84 9281.33 9281.66 9280.65 9291.48 9276.05 9252.09 9227.76 9210.64 9206.17 9174.24 9167.05 9166.5 
9213.01 9201.54 9162.19 9124.6 9121.02 9153.67 9147.66 9133.3 9125.55 9132.89 9162.89 9181.74 9191.77 9210.46 9227.28 9263.79 9304.89 9302.25 9299.68 9294.11 9341.3 9405.01 9424.22 9426.28 9453.41 9360.4 9309.31 9270.32 9250.14 9241.21 9213.59 9207.84 9219.8 9227.37 9238.86 9246.7 9254.17 9250.62 9251.64 9254.37 9268.16 9284.79 9267.28 9240.37 9217.41 9208.56 9185.62 9183.9 9185.41 
9220.78 9214.1 9170.57 9133.15 9101.73 9134.48 9113.59 9112.32 9118.47 9146.81 9169.29 9187.03 9205.09 9235.45 9254.2 9242.07 9263.41 9274.46 9265.89 9251.7 9278.38 9248.07 9352.22 9395.57 9367.04 9337.5 9285.24 9256.71 9233.72 9211.04 9183.5 9177.15 9185.94 9205 9226.49 9233.99 9233.51 9233.69 9230.83 9239.94 9277.61 9309.06 9280.73 9247.54 9225.33 9216.09 9203.97 9209.88 9217.49 
9201.4 9198.12 9170.58 9135.6 9110.25 9101.8 9118.77 9120.31 9135.45 9164.4 9176.13 9197.94 9235.11 9260.44 9253.35 9226.41 9232.99 9233.43 9240.44 9242.29 9273.16 9302.15 9296.28 9311.65 9328.51 9320.56 9277.88 9243.71 9218.58 9189.17 9152.88 9136.16 9157.76 9178.73 9200.12 9210.63 9215.01 9217.64 9217.46 9228.21 9267.93 9296.81 9275.77 9244.94 9224.32 9230.8 9235.7 9239.22 9242.88 
9198.66 9196.75 9179.01 9152.59 9114.93 9163.96 9133.21 9130.57 9146.17 9171.11 9174.86 9184.06 9189.79 9221.28 9219.68 9215.65 9216.6 9216.68 9230.98 9244.92 9264.79 9283.57 9270.8 9291.22 9306.42 9291.3 9247.54 9232.64 9215.72 9188.35 9154.05 9136.84 9139.8 9157.69 9178.54 9190.14 9198.8 9210.33 9215.92 9217.12 9246.45 9275.85 9253.9 9234.65 9223.6 9237.02 9265.05 9259.13 9254.62 
9214.63 9224.06 9190.98 9141.83 9129.58 9149.84 9152.8 9158.79 9171.08 9188.99 9186.03 9171.99 9163.19 9194.48 9208.07 9205.26 9206.27 9205.52 9206.2 9217.48 9235.39 9243.64 9253.53 9283.26 9292.05 9287.49 9245.45 9236.15 9224.16 9214.88 9199.2 9173.08 9151.09 9151.73 9154.2 9170.99 9191.11 9204.71 9218.47 9231.34 9224.02 9201.86 9215.04 9220.88 9225.45 9233 9254.19 9255.48 9255.28 
9221.34 9252.87 9193.6 9119.07 9146.79 9179.2 9219.65 9180.12 9176.02 9212.4 9202.36 9174.95 9187.75 9195.99 9194.78 9194.04 9193.66 9194.91 9192.68 9198.89 9221.46 9243.98 9287.74 9282.68 9281.3 9272.86 9262.97 9248.44 9233.43 9219.8 9210.4 9204.96 9181.21 9168.55 9164.78 9169.91 9185.2 9199.73 9216.66 9213.27 9198.05 9170.43 9177.08 9197.51 9209.36 9213.98 9226.06 9234.26 9241.4 
9200.13 9195.69 9176.54 9153.29 9136.19 9174.13 9183.69 9197.15 9187.32 9176.49 9184.25 9176.3 9215.36 9203.33 9198.49 9191.42 9187.73 9188.62 9185.42 9194.19 9221.17 9246.33 9256.47 9265.7 9265.06 9260.54 9260.73 9252.98 9242.81 9236.47 9237.25 9233.71 9219.87 9196.06 9168.02 9171.5 9180.02 9194.13 9206.93 9234.12 9179.1 9151.58 9145.96 9153.52 9176.45 9196.09 9199.1 9211.31 9222.24 
9157.24 9167.37 9151.27 9139.9 9130.04 9133.75 9159.83 9175.41 9184.36 9176.52 9191.17 9172.76 9226.48 9236.1 9195.67 9197.41 9191.08 9183.1 9179.69 9198.43 9226.17 9254 9255.83 9250.69 9245.25 9243.24 9242.51 9244.58 9245.47 9248.6 9261.65 9257.53 9251.42 9215.61 9184.09 9177.36 9179.05 9184.2 9178.52 9150.09 9146.79 9120.47 9112.85 9123.08 9128.48 9141.16 9166.71 9185.16 9201.42 
9113.15 9076.42 9075.37 9120.79 9132.84 9162.22 9167.95 9164.38 9171.9 9179.46 9166.4 9195.94 9240.16 9231.58 9207.92 9201.34 9179.72 9185.65 9195.68 9209.15 9228.39 9256.02 9258.27 9241.91 9227.45 9218.56 9221.17 9239.34 9249.43 9256.59 9250.32 9236.57 9218.03 9192.55 9183.7 9166.71 9174.27 9183.03 9190.62 9174.58 9136.46 9102.66 9088.86 9091.67 9100.71 9121.81 9144.64 9168.47 9186.2 
