real_craters/C136-500m.grd
DSAA
169 169
-42.0175 42.0175
-42.0175 42.0175
8191.4061372292 11242.18887726
[rows 0 to 29 of 169, columns 67 to 133 of 169]
9395.43 9386.81 9377.77 9373.59 9368.23 9364.78 9362.08 9360.18 9359.3 9357.14 9353.72 9348.66 9356.67 9365.07 9367.17 9369.4 9375.42 9374.51 9370.02 9364.48 9358.99 9353.6 9349.59 9347.35 9346.18 9351.97 9367.14 9386.43 9388.9 9380.07 9365.8 9356.49 9354.43 9355.56 9359.18 9364.81 9371.94 9378.31 9386.53 9395.36 9404.9 9392.06 9406.64 9422.54 9440.04 9523.55 9669.99 9705.85 9541.42 9373.2 9241.54 9103.42 8976.22 8897.15 8841.39 8815.83 8804.6 8801.62 8808.51 8802.43 8799.36 8803.81 8825.85 8874.33 8915.4 9001.92 9151.69
9394.17 9385.31 9377.6 9372.33 9365.28 9362.79 9361.32 9360.03 9358.75 9356.69 9355.57 9354.95 9354.87 9358.52 9368.14 9377.69 9374.58 9365.59 9364.1 9360.88 9356.36 9351.69 9348.88 9347.01 9346.73 9353.9 9370.48 9383.5 9385.01 9375.75 9363.21 9354.79 9353.59 9354.92 9359.38 9365.29 9372.87 9380.96 9389.52 9398.23 9407.24 9406.42 9401.27 9406.95 9405.85 9477.36 9568.95 9660.94 9655.11 9515.74 9386.51 9249.22 9117.84 9035.51 8975.7 8924.15 8897.77 8891.01 8888.84 8887.4 8888.95 8894.64 8917.73 8962.17 9013.06 9133.96 9296.71
9393.53 9384.96 9377.48 9372.02 9365.55 9362.36 9360.88 9359.68 9358.57 9356.98 9356.79 9357.35 9354.92 9356.83 9365.39 9375 9370.61 9365.5 9362.77 9359.52 9355.31 9351.43 9348.87 9347.79 9349.7 9358.61 9373.92 9390.15 9388.89 9373.58 9362.48 9354.68 9353.75 9355.07 9360.51 9367.62 9375.38 9383.95 9392.73 9401.57 9405.19 9412.73 9420.94 9421.53 9428.13 9455.56 9520.51 9639.44 9724.84 9657.37 9532.28 9408.11 9294.09 9211.05 9139.18 9068.71 9029.01 9006.63 9002.12 9007.19 9013.44 9025.41 9045.91 9071.55 9125.91 9251.74 9443.6
9392.02 9384.53 9377.5 9372.9 9366.65 9363.08 9361.25 9359.74 9358.09 9357 9358.15 9358.84 9355.41 9355.25 9360.09 9363.92 9364.1 9364.48 9363.21 9359.77 9354.92 9351.37 9348.75 9348.5 9349 9353.54 9373 9394.14 9393.64 9376.77 9361.87 9355.09 9355.05 9356.56 9363.86 9373.18 9383.03 9392.89 9402.19 9410.63 9414.99 9423.09 9432.91 9446.72 9455.78 9456.43 9508.04 9600.96 9717.01 9734.23 9640.94 9557.04 9480.95 9411.27 9335.17 9253.44 9202.4 9160.23 9153.26 9160.58 9163.2 9192.55 9207.4 9217.67 9262.21 9379.11 9578.54
9392.88 9386.34 9378.85 9372.98 9367.86 9364.51 9362.65 9361.2 9360.63 9358.07 9360.81 9358.39 9355.26 9354.01 9355.27 9356.36 9359 9368.76 9366.22 9362 9356.31 9351.51 9349.89 9350.36 9349.99 9349.81 9370.68 9388.2 9389.37 9375.98 9358.99 9356.03 9358.14 9360.54 9368.14 9377.62 9386.5 9394.96 9403.31 9411.52 9419.69 9421.53 9432.07 9446.36 9458.58 9448.1 9448.32 9498.3 9602.41 9681.06 9688.04 9669.96 9654.21 9621.17 9550.07 9467.33 9412.71 9371.25 9357.49 9359.15 9365.56 9397.48 9403.36 9401.84 9429.41 9524.85 9703.6
9395.21 9389.83 9381.77 9373.86 9369.38 9366.85 9364.71 9362.18 9359.85 9363.07 9360.88 9357.02 9353.08 9352.38 9353.6 9355.46 9359.18 9370.21 9368.55 9362.99 9357.05 9350.96 9350.96 9354.37 9359.14 9366.3 9377.49 9384.53 9381.32 9365.41 9355.94 9357.5 9363.49 9369.42 9376.52 9383.27 9390 9396.68 9403.26 9410.71 9417.79 9425.17 9431.05 9431.08 9437.25 9451.48 9444.79 9441.35 9535.6 9650.26 9706.26 9740.6 9787.33 9810.24 9755.39 9688.19 9629.8 9600.78 9589.65 9574.94 9581.27 9613.76 9618.09 9613.51 9642.29 9719.18 9848.62
9401.99 9396.15 9384.78 9375.39 9373.05 9371.6 9367.69 9363.05 9358.04 9355.69 9356.25 9353.95 9351.83 9352.38 9354.85 9358.93 9368.94 9375.51 9368.53 9361.58 9355.57 9350.85 9351.53 9357.89 9367.76 9382.02 9384.52 9377.72 9367.24 9354.15 9350.53 9360.59 9370.7 9377.07 9383.75 9389.95 9394.62 9399.28 9404.82 9411.13 9417.7 9424.25 9429.76 9434.17 9438.27 9442.87 9435.1 9429.11 9524.54 9654.61 9704.25 9754.61 9823.98 9889.13 9878.25 9855.28 9792.05 9773.07 9777.64 9755.2 9780.24 9816.46 9822.14 9830.6 9846.82 9916.34 9967.61
9406.15 9399.99 9387.43 9378.03 9376.98 9376.56 9370.34 9365.33 9360.13 9355.38 9354.39 9352.7 9350.68 9352.59 9356.18 9360.08 9361.68 9369.33 9362.58 9356.94 9351.98 9346.79 9349.88 9357.35 9366.63 9379.09 9377.3 9364.6 9352.39 9348.5 9355.95 9368.68 9379.51 9387.88 9394.89 9395.98 9397.88 9401.03 9405.85 9411.8 9417.32 9423.88 9429.71 9434.21 9432.66 9424.18 9433.37 9456.32 9517.83 9601.85 9653.71 9709.23 9765.23 9793.92 9857.8 9887.77 9859.08 9844.13 9834.19 9863.78 9896.58 9928.42 9947.36 9986.3 9997.68 9964.11 9933.93
9405.72 9398.7 9388.66 9381.78 9377.88 9374.58 9370.68 9367.68 9366.11 9359.92 9354.77 9351.29 9350.29 9351.92 9356.34 9360.59 9362.37 9352.44 9352.27 9349.98 9347.7 9346.34 9348.23 9352.5 9356.77 9358.07 9353.94 9347.81 9340.22 9341.21 9362.87 9377.63 9386.68 9393.04 9398.52 9399.02 9399.51 9401.68 9405.06 9409 9413.74 9419.32 9425.7 9432.97 9429.59 9430.52 9442.5 9475.05 9497.74 9515.59 9584.45 9644.41 9689.07 9724.25 9779.07 9822.85 9849.34 9877.29 9900.17 9925.36 9931.71 9921.12 9902.2 9893.08 9834.22 9805.01 9758.91
9402.54 9392.9 9388.84 9382.92 9379.5 9371.91 9369.17 9368.34 9366.77 9362.04 9354.05 9348.52 9347.31 9350.26 9353.85 9356.8 9356.86 9345.01 9344.68 9344.6 9343.51 9341.22 9344.23 9346.1 9346.26 9343.46 9339.09 9336.9 9336.44 9341.85 9368.67 9382.98 9387.75 9393.3 9399.86 9396.79 9396.21 9397.9 9401.15 9403.72 9408.29 9412.47 9418.31 9422.68 9421.94 9421.78 9435.54 9461.66 9486.18 9516.32 9553.66 9593 9627.76 9661.4 9701.26 9741.33 9791.27 9871.01 9981.69 9926.75 9863.6 9795.47 9728.37 9674.88 9632.53 9607.69 9579.87
9405.27 9396.77 9392.06 9388.58 9385.45 9371.97 9367.94 9366.86 9364.05 9355.17 9350.2 9345.08 9344.85 9348.37 9349.19 9349.06 9346.04 9338.22 9340.25 9341.17 9341.99 9341.3 9340.19 9340.03 9338.63 9336.27 9334.46 9335.19 9342.63 9358.22 9371.6 9377.85 9379.84 9382.86 9386.25 9386.84 9388.63 9391.7 9394.89 9398.26 9401.93 9405.7 9409.01 9413.32 9412.3 9413.29 9429.61 9455.68 9475.57 9500.99 9527.99 9554.31 9577.92 9593.29 9627.17 9636.72 9689.04 9768.31 9839.13 9790.86 9705.55 9625.73 9576.45 9547.26 9530.89 9525.39 9545.44
9408.31 9399.41 9397.3 9396.22 9386.19 9374.6 9367.8 9362.88 9357.88 9351.33 9346.51 9342.92 9346.45 9345.26 9343.31 9340.77 9338.83 9340.3 9341.08 9337.76 9338.13 9339.84 9336.94 9335.24 9333.5 9332.08 9332.46 9337 9350.24 9362.85 9360.98 9363.46 9368.72 9369.34 9366.51 9376 9381.08 9384.1 9387.36 9389.79 9393.07 9396.02 9398.99 9401.27 9404.39 9410.81 9430.41 9447.14 9461.78 9480.73 9500.91 9522.43 9542.56 9557.46 9574.49 9566.52 9592.05 9630.23 9627.36 9597.85 9544.01 9518.49 9536.16 9541.16 9536.15 9532.46 9538.56
9414.08 9409.63 9402.47 9396.2 9385.72 9375.57 9366.55 9357.71 9350.57 9347.25 9344.03 9341.17 9339.6 9339.26 9337.98 9335.65 9337.47 9338.6 9333.32 9332.16 9329.8 9330.5 9331.48 9330.96 9330.16 9329.16 9329.56 9337.02 9347.72 9354.94 9353.02 9352.95 9359.17 9364.67 9370.05 9372.29 9374.32 9376.52 9379.13 9382.4 9385.5 9388.62 9391.18 9395.12 9399.41 9405.87 9418.18 9433.24 9446.8 9458.43 9472.66 9497.27 9519.25 9539.34 9546.08 9525.97 9525.29 9532.59 9511.46 9495.86 9510.5 9518.09 9531.27 9538.07 9532.2 9528.41 9524.56
9419.33 9414.01 9406.38 9398.04 9387.07 9374.12 9363.38 9354.55 9348.27 9345.22 9342.21 9339.89 9337.78 9336.67 9335.17 9332.97 9331.7 9330.85 9329.27 9328.02 9325.7 9326.14 9327.45 9328.08 9328.21 9327.74 9327.73 9337.1 9348.81 9355.03 9350.73 9348.79 9354.65 9361.1 9370 9367.16 9366.85 9368.89 9372.04 9375.73 9379.1 9382.34 9385.79 9390.89 9399.28 9408.68 9424.62 9430.94 9436.09 9441.85 9453.43 9476.61 9500.68 9516.89 9518.87 9500.64 9487.22 9488.01 9491.56 9490.25 9465.31 9507 9519.46 9514.85 9507.74 9498.5 9488.21
9419.97 9413.72 9404.44 9399.59 9390.85 9376.15 9363.85 9353.3 9348.09 9344.34 9340.79 9337.88 9336.78 9335.71 9334.29 9332.6 9330.68 9329.06 9327.44 9326.25 9327.29 9325.16 9325.48 9326.46 9327.97 9329.32 9330.49 9336.77 9345.27 9353.41 9351.87 9348.34 9351.53 9352.43 9353.12 9355.08 9357.5 9360.95 9365.28 9369.74 9374.38 9378.75 9383.75 9390.96 9402.29 9416.77 9426.48 9428.87 9427.98 9429.58 9437.81 9461.81 9489.31 9509.01 9517.68 9501.83 9468.99 9465.37 9472.43 9474.2 9470.6 9488.72 9495.41 9484.37 9480.93 9473.01 9476.58
9420.14 9408.97 9404.74 9400.72 9390.28 9371.19 9357.58 9353.63 9346.71 9343.1 9339.53 9336.47 9335.37 9334.84 9334.16 9332.98 9330.66 9328.06 9325.78 9324.14 9322.19 9322.9 9323.88 9325.34 9327.7 9331.66 9339.68 9333.78 9337.28 9351.55 9349.18 9355.77 9349.07 9343.25 9340.46 9342.23 9347.72 9353.73 9359.03 9364.43 9369.42 9374.98 9381.57 9388.94 9398.62 9411.28 9422.42 9423.93 9419.51 9416.93 9422.08 9448.89 9484.99 9523.23 9581.56 9523.04 9464.5 9451.61 9454.24 9455.71 9475.08 9488.4 9490.72 9476.91 9473.23 9470.61 9472.46
9423.14 9418.33 9412.69 9405.29 9395.59 9380.29 9370.53 9367.06 9346.87 9342.42 9338.39 9335.76 9334.02 9333.19 9334.35 9334.05 9331.07 9327.17 9324.55 9322.81 9321.41 9321.52 9322.71 9324.4 9326.28 9329.14 9330.53 9323.73 9332.17 9346.07 9344.8 9345.84 9341.43 9334.93 9328.38 9331.71 9339.58 9346.22 9352.74 9358.73 9365.02 9371.57 9377.39 9384.23 9390.17 9399.08 9410.77 9415.02 9409.3 9404.6 9406.09 9434.69 9479.24 9525.33 9566.82 9533.73 9460.58 9444.77 9453.65 9468.87 9479.42 9488.29 9492.67 9486.82 9477.76 9469.86 9468.14
9424.22 9418.36 9412.18 9407.26 9403.22 9392.74 9387.7 9371.72 9345.44 9340.12 9336.65 9334.69 9332.86 9331.72 9332.39 9332.16 9329.69 9325.08 9322.89 9321.63 9320.84 9321.23 9322.41 9323.74 9324.85 9325.51 9324.2 9322.22 9327.19 9335.09 9338.24 9336.03 9333.76 9330 9327.1 9329.07 9334.68 9341.11 9347.53 9354.26 9361.24 9368.46 9376.4 9381.64 9385.61 9393.03 9402.24 9404.26 9398.97 9394.77 9396.06 9420.78 9466.76 9529.82 9590.77 9552 9467.73 9444.52 9456.49 9475.79 9480.88 9486.85 9496.66 9495.61 9487.34 9479.35 9478.49
9423.39 9414.73 9407.37 9404.57 9399.77 9372.92 9378.02 9373.29 9351.25 9338.86 9335.47 9334.07 9332.38 9330.53 9330.24 9328.47 9326.4 9323.12 9320.19 9320.36 9320.29 9321.2 9322.44 9323.38 9324.23 9324.4 9323.98 9324.73 9325.57 9329.38 9332.06 9332.06 9329.88 9327.67 9326.58 9328.22 9332.27 9337.63 9343.4 9350.76 9358.34 9365.15 9373.39 9382.15 9386.76 9391.81 9396.89 9396.12 9391.79 9388.36 9389.67 9405.26 9433.28 9478.11 9539.24 9520.73 9456.39 9442.92 9458.28 9474.95 9480.58 9480.88 9489.37 9498.59 9499.77 9498.5 9501.37
9422.89 9413.32 9405.73 9400.59 9394.13 9384.51 9376.85 9370.87 9356.26 9339.84 9336.08 9334.53 9332.55 9331.43 9330.29 9328.86 9325.68 9322.35 9321.33 9320.32 9320.43 9321.48 9322.4 9323.38 9323.87 9323.92 9323.05 9326.02 9326.11 9330.42 9333.93 9331.38 9327.63 9326.66 9326.53 9327.78 9330.55 9335.1 9340.71 9347.83 9356.68 9364.54 9370.59 9386.5 9397.98 9394.14 9389.74 9388.93 9383.6 9382.35 9385.1 9391.72 9396.24 9393.61 9427.47 9437.29 9436.16 9445.21 9464 9479.84 9485.52 9487.33 9498.4 9506.91 9516.76 9525.23 9532.93
9418.35 9410.42 9402.77 9395.15 9387.96 9380 9375.71 9372.09 9356.62 9339.29 9335.69 9334.1 9331.89 9330.72 9329.75 9328.33 9325.59 9322.91 9321.32 9320.29 9320.84 9321.32 9321.38 9322.18 9322.97 9323.85 9324.3 9325.4 9326.84 9339.51 9346.87 9335.82 9328.61 9327.52 9327.67 9328.6 9329.16 9332.51 9337.52 9343.98 9353.07 9366.37 9379.55 9388.01 9400.52 9391.83 9381.25 9375.75 9375.79 9376.25 9379.6 9384.22 9384.1 9386.81 9398.33 9416.38 9440.03 9457.7 9473.17 9492.27 9499.49 9508.06 9513.69 9522.92 9536.94 9551.53 9563.5
9412.93 9407.56 9399.24 9390.86 9383.22 9378.19 9377.16 9372.65 9357.54 9338.4 9334.65 9332.69 9331.05 9330.41 9329.35 9327.76 9325.97 9324.28 9322.84 9320.85 9320.95 9321.18 9321.5 9322.52 9323.57 9324.88 9326.54 9325.6 9328.02 9338.94 9347.05 9339.26 9333.97 9326.72 9325.19 9324.79 9324.79 9327.86 9332.04 9337.2 9344.38 9355.21 9365.96 9372.97 9386.9 9387.3 9380.35 9372.16 9370.69 9371.3 9374.09 9377.77 9383.5 9392.26 9401.72 9420.88 9438.05 9459.28 9482.51 9499.3 9514.18 9521.36 9523.17 9539.38 9559.94 9575.06 9587.48
9418.87 9407.03 9395.61 9387.86 9382.41 9378.05 9376.81 9373.66 9363.1 9347.98 9334.01 9331.79 9331.39 9330.6 9329.46 9328.2 9326.74 9325.72 9325.35 9322.3 9321.8 9322.24 9322.59 9322.78 9323.27 9324.35 9326.57 9324.57 9324.72 9329.4 9332.56 9330.02 9326.69 9321.42 9315.92 9313.35 9318.97 9322.91 9326.26 9329.14 9331.47 9331.89 9337.2 9344.73 9354.65 9381.52 9380.26 9370.8 9367.46 9367.32 9368.52 9371.43 9380.88 9391.6 9399.67 9417.93 9442.82 9474.24 9506.99 9518.89 9532.68 9544.48 9552.84 9576.28 9584.58 9594.47 9610.29
9415.25 9406.99 9395.97 9390.29 9384.49 9378.72 9376.21 9374.48 9371.18 9367.5 9339.69 9338.16 9335.86 9331.99 9329.09 9329.14 9329.05 9327.41 9323.69 9321.69 9322.82 9323.11 9322.7 9322.74 9322 9321.49 9320.98 9319.34 9317.83 9319.49 9316.89 9318.62 9317.31 9316.54 9314.5 9313.81 9317.37 9320.07 9321.86 9322.69 9321.99 9319.65 9320.25 9322.39 9332.9 9366.58 9371.79 9366.22 9363.63 9362.5 9361.96 9363.76 9368.95 9378.68 9390.89 9411.22 9454.68 9507.64 9564.23 9588.52 9566.84 9585.56 9624.13 9616.81 9601.75 9602.29 9619.19
9409.98 9408.8 9406.54 9399.31 9388.02 9378.74 9375.99 9374.59 9375.33 9375.04 9364.88 9352.2 9345.75 9338.41 9329.12 9333.71 9335.43 9333.46 9329.44 9329.43 9326.77 9324.82 9323.18 9321.47 9320.22 9318.27 9316.57 9316.47 9315.52 9316.52 9315.52 9314.7 9313.93 9315.23 9317.31 9318.86 9319.59 9319.35 9319.26 9318.94 9317.8 9315.87 9314.41 9315.93 9328.93 9354.07 9361.77 9362.72 9361.12 9357.9 9354.93 9352.97 9352.85 9364.94 9386.46 9414.45 9477.18 9559.01 9637.97 9675.83 9644.4 9627.32 9615.25 9622.81 9611.73 9598.29 9614.07
9407.78 9409.81 9411.68 9407.03 9390.71 9375.71 9373.3 9374.5 9375.58 9375.06 9368.98 9362.53 9358.57 9356.63 9351.9 9348.83 9346.36 9343.83 9341.2 9333.09 9329.98 9326.84 9324.27 9322.53 9319.74 9316.76 9314.79 9316.33 9320.85 9318.12 9316.41 9314.81 9313.78 9315.75 9319.96 9326.92 9321.14 9319.43 9318.87 9318.07 9316.94 9315.43 9313.35 9314.32 9325.57 9341.36 9352.17 9359.81 9359.61 9351.34 9347.65 9346.83 9347.02 9361.88 9390.57 9429.76 9497.17 9591.17 9671.13 9732.91 9743.74 9716.81 9667.75 9649.63 9651.91 9636.48 9652.38
9406.58 9407.16 9409.09 9406.12 9388.62 9377.7 9373.35 9373.78 9373.84 9372.45 9370.48 9368.67 9368.59 9371.99 9375.63 9363.24 9356.28 9352.9 9351.98 9339.32 9333.83 9330.84 9327.38 9324.05 9320.05 9316.8 9315.21 9317.12 9319.31 9318.19 9316.64 9315.43 9315.21 9315.59 9316.55 9315.18 9318.12 9318.5 9318.36 9318 9317.32 9315.92 9313.71 9314.07 9324.44 9338.35 9340.59 9340.65 9337.29 9340.22 9340.84 9340.24 9345.92 9365.43 9396.99 9442.58 9497.11 9552.95 9611.37 9701.54 9807.85 9828.77 9778.3 9748.84 9748.21 9733.98 9764.69
9407.3 9399.96 9393.14 9383.32 9380.41 9375.96 9372.6 9372.05 9371.95 9370.83 9371.34 9371.36 9372.35 9374.56 9372.14 9365.25 9360.32 9357.38 9354.84 9342.69 9340.6 9335.32 9330.3 9325.63 9321.29 9317.48 9315.89 9318.02 9317.12 9317.15 9316.87 9316.07 9314.67 9314.74 9315.87 9316.04 9317.9 9318.43 9318.18 9317.89 9317.57 9317.31 9314.15 9313.52 9318.2 9324.98 9328.22 9327.39 9329.69 9331.93 9335.96 9338.26 9347.75 9368.06 9397.2 9433.08 9470.92 9507.83 9545.77 9643.13 9776.63 9843.89 9850.19 9890.21 9879.57 9865.92 9902.35
9399.51 9391.15 9382.91 9376.02 9374.87 9374.77 9371.65 9371.14 9370.21 9370.22 9370.79 9371.32 9371.18 9369.7 9366.58 9362.52 9359.84 9357.32 9354.46 9352.12 9347.18 9340.29 9334.15 9328.87 9324.09 9319.68 9317.04 9317.74 9317.11 9316.92 9317.12 9317.06 9315.77 9315.75 9317.3 9319.79 9319.25 9318.83 9318.43 9317.9 9317.27 9316.06 9314.12 9313.17 9314.33 9317.12 9319.81 9321.04 9324.25 9327.19 9333.37 9339.58 9351.6 9370.92 9395.82 9424.29 9462.44 9516.88 9566.66 9611.17 9663.19 9717.73 9812.29 9925.07 9968.16 9987.54 10008.6
9394.69 9383.77 9377.58 9373.77 9372.64 9373.39 9367.25 9368.54 9366.87 9363.41 9369.13 9370.03 9369 9366.23 9360.74 9358.01 9356.86 9355.03 9353.03 9351.11 9347.81 9342.58 9337.19 9331.85 9327.27 9323.82 9321.47 9317.85 9317.41 9316.54 9316.84 9317.12 9316.33 9316.06 9317.9 9318.59 9319.32 9319.16 9318.44 9317.67 9316.89 9315.62 9313.88 9312.88 9313.33 9314.19 9314.98 9315.33 9315.35 9322.35 9330.52 9338.94 9357.1 9374.32 9396.58 9425.03 9463.58 9519.14 9563.14 9588.44 9625.28 9701.36 9800.21 9913.21 10013.9 10082.4 10070.6
