real_craters/C136-300m.grd
DSAA
281 281
-42.0175 42.0175
-42.0175 42.0175
8189.0356948651 11245.581479282
[rows 120 to 149 of 281, columns 67 to 133 of 281]
9329.44 9331.2 9332.82 9334.53 9335.45 9336.77 9338.44 9340.7 9343.26 9345.83 9348.25 9350.4 9352.17 9353.31 9353.74 9353.48 9353.51 9354.64 9355.63 9356.78 9358.52 9359.67 9361.51 9367.09 9383.34 9406.05 9425.08 9449.36 9476.19 9496.18 9517.17 9539.5 9556.92 9570.77 9574.62 9572.41 9560.76 9540.01 9511.12 9473.22 9425.23 9358.19 9273.39 9176.44 9075.76 9017.38 8968.83 8940.46 8914.02 8888.56 8862.31 8833.87 8788.85 8704.19 8614.86 8560.27 8508.95 8459.15 8404.7 8358.02 8343.15 8334.41 8325.69 8314.42 8297.13 8279.39 8264.56
9331.27 9332.35 9333.53 9334.61 9335.74 9336.94 9338.6 9340.25 9342.34 9344.59 9346.76 9348.68 9350.04 9351.21 9351.93 9352.31 9353.08 9353.66 9354.38 9355.29 9357.04 9359.41 9360.85 9367.32 9385.67 9410.71 9433.88 9461.19 9490.6 9512.1 9532.24 9555.64 9571.6 9582.43 9580.31 9572.56 9558.29 9528.68 9486.7 9431.39 9369.05 9284.81 9195.39 9104.25 9021.22 8974.33 8923.98 8891.05 8860.72 8826.83 8790.58 8755.18 8707.88 8637.31 8566.17 8508.71 8456.96 8412.41 8373.46 8320.98 8302.15 8294.96 8289.37 8283.49 8271.15 8258.81 8253.46
9332.89 9333.16 9333.92 9335.03 9335.76 9336.65 9337.94 9339.49 9341.44 9343.55 9345.6 9347.44 9348.91 9350.1 9351.05 9351.7 9352.55 9353.12 9353.71 9354.59 9356.29 9358.22 9359.75 9366.51 9388.04 9414.92 9441.13 9470.57 9502.05 9527.49 9548.92 9573.36 9588.26 9599.31 9596.77 9586.04 9563.89 9523.32 9468.11 9400.33 9315.42 9229.46 9139.57 9055.02 8981.97 8929.64 8887.94 8852.96 8816.52 8773.23 8717.13 8662.21 8608.61 8561.79 8515.33 8458.47 8405.67 8355.32 8313.16 8282.61 8269.62 8264.36 8260.91 8258.3 8252.07 8245.28 8241.97
9333.05 9333.27 9333.8 9334.51 9335.2 9335.95 9336.83 9338.63 9340.87 9343.02 9345.04 9346.81 9348.31 9349.6 9350.46 9351.25 9352.19 9352.71 9353.27 9354.08 9355.35 9357.03 9359.29 9366.26 9390.36 9418.53 9447 9478.04 9510.96 9539.31 9567.75 9590.77 9607.12 9620.64 9621.26 9609.46 9577.56 9523.83 9455.8 9374.6 9277.58 9185.06 9092.45 9011.71 8958.84 8896.85 8858.8 8823.39 8785.09 8739.26 8681.59 8610.38 8537.65 8497.01 8459.19 8410.96 8360.56 8308.89 8271.11 8256.38 8246.14 8241.28 8238.43 8235.34 8229.89 8225.32 8225.31
9332.12 9332.81 9333.33 9333.83 9334.52 9335.52 9336.72 9338.54 9340.76 9343.03 9345.18 9346.96 9348.35 9349.43 9350.26 9350.87 9351.6 9352.17 9352.83 9353.45 9354.32 9356.83 9359.4 9367.06 9392.81 9421.24 9452.1 9481.95 9515.86 9546.89 9576.89 9603.51 9624.37 9641.63 9647.63 9638.24 9597.75 9530.28 9450.01 9355.67 9251.15 9152.83 9056.67 8975.34 8934.2 8877.84 8838.88 8802.15 8761.3 8716.84 8670.72 8587.93 8504.79 8458.51 8415.76 8371.92 8328.91 8284.24 8252.43 8235.75 8227.57 8225.36 8222.83 8218.99 8215.83 8218.91 8219.38
9331.45 9332.34 9332.98 9333.42 9334.2 9335.52 9336.88 9338.75 9341.09 9343.48 9345.62 9347.35 9348.77 9349.78 9350.46 9350.95 9351.41 9351.93 9352.68 9353.2 9353.75 9356.11 9360.01 9368.19 9394.37 9421.76 9454.06 9486.14 9518.91 9551.69 9581.81 9611.87 9638.19 9657.4 9670.05 9665.62 9618.58 9538.33 9445.64 9334.47 9232.96 9130.99 9033.93 8951.87 8918.88 8868.36 8826.14 8785.99 8740.93 8688.82 8629.87 8553.96 8478.15 8426.68 8387.97 8345.65 8310.77 8277.24 8248.9 8226.99 8217.83 8218.39 8216.69 8213.91 8213.66 8218.19 8218.08
9331.08 9332.02 9332.93 9333.99 9335.28 9335.97 9337.08 9339.06 9342.07 9344.73 9346.97 9348.59 9349.68 9350.39 9351.14 9351.52 9351.89 9352.39 9352.77 9353.48 9354.48 9356.82 9360.18 9368.65 9396.72 9424.12 9455.1 9486.29 9518.35 9551.37 9582.6 9612.27 9639.99 9664.53 9683 9684.57 9635.93 9545.62 9444.23 9327.55 9223.76 9121.86 9025.18 8945.4 8912.53 8865.86 8819.25 8773.6 8725.22 8665.66 8588.97 8519.83 8446.39 8396.62 8368.94 8326.96 8299.33 8277.58 8253.35 8234.71 8225.77 8220.97 8217.47 8214.42 8214.42 8216.88 8217.07
9331.07 9332.02 9333 9334.09 9335.37 9336.69 9338.34 9340.86 9344.04 9346.97 9349.09 9350.47 9351.31 9351.75 9352.03 9352.18 9352.31 9352.56 9353.32 9354.04 9355.61 9357.83 9359.99 9368.67 9396.81 9423.12 9451.4 9484.34 9515.25 9545.03 9576.29 9605.35 9631.9 9657.34 9677.66 9686.07 9638.56 9539.68 9434.09 9315.14 9215.67 9117.03 9023.61 8944.77 8906.4 8861.62 8811.99 8760.2 8710.82 8660.27 8594.41 8502.77 8421.94 8369.73 8346.63 8312.85 8287.6 8266.47 8252.21 8242.61 8235.89 8227.1 8220.87 8217.26 8216.84 8217.76 8217.3
9331.24 9332.32 9333.25 9334.11 9335.32 9338.08 9340.56 9342.45 9347.52 9350.54 9352.02 9352.77 9353.08 9353.14 9353.09 9352.86 9352.7 9352.91 9353.51 9354.45 9355.81 9359.46 9362.28 9368.39 9397.11 9420.7 9448.17 9480.77 9507.54 9536.21 9566.1 9592 9616.22 9635.88 9649.72 9654.4 9611.02 9516.31 9414.89 9303.53 9206.83 9115.19 9028.44 8956.23 8911.15 8858.99 8799.24 8740.25 8686.34 8637.2 8574.82 8475.21 8387.06 8330.29 8316.12 8294.89 8273.68 8259.22 8248.44 8243.37 8239.88 8230.55 8223.23 8218.77 8216.74 8216.22 8216.69
9332.1 9333.35 9334.45 9335.35 9336.44 9341.32 9346.55 9351.26 9354.43 9355.42 9355.44 9355.35 9355.05 9354.66 9354.2 9353.74 9353.27 9352.95 9353.74 9354.78 9356.66 9358.43 9357.29 9367.99 9395.42 9418.44 9444.21 9474.87 9502.36 9525.47 9554.78 9576.89 9593.33 9603.55 9604.54 9592.75 9548.95 9469.35 9384.61 9288.58 9201.87 9116.78 9036.62 8959.61 8903.16 8839.76 8774.81 8706.86 8647.2 8590.1 8518.38 8431.69 8346.05 8284.88 8276.43 8268.93 8254.83 8244.54 8239.79 8237.6 8235.95 8228.63 8222.58 8218.72 8216.69 8216.06 8216.25
9334.36 9335.88 9337.3 9338.51 9340.88 9346.16 9353.94 9362.59 9361.86 9359.85 9358.78 9357.95 9357.11 9356.25 9355.43 9354.59 9354.09 9354.22 9354.29 9354.57 9355.16 9356.9 9360.88 9368.51 9380.7 9414.38 9438.2 9469.1 9492.49 9515.53 9538.38 9553.75 9563.22 9565.65 9552.28 9518.32 9465.13 9414.51 9352.14 9267.92 9192.16 9115.24 9043.39 8972.6 8897.64 8807.28 8724.67 8660.57 8597.56 8535.86 8468 8389.31 8312.62 8251.73 8240.78 8240.33 8236.94 8231.75 8230.05 8228.18 8224.67 8222.1 8219.53 8217.39 8216.11 8215.46 8215.73
9337.11 9338.86 9340.47 9342.14 9344.18 9349.62 9356.8 9362.58 9363.07 9362.05 9360.92 9359.75 9358.56 9357.41 9356.25 9355.42 9354.81 9354.7 9354.62 9354.78 9355.71 9356.62 9359.96 9367.78 9379.23 9413.26 9436.49 9464.38 9486.15 9506.48 9526.35 9537.55 9541.01 9536.94 9514.58 9468.23 9408.45 9376.95 9327.87 9254.23 9185.36 9114.63 9042.97 8975.15 8896.72 8782.37 8687.54 8616.33 8550.29 8478.27 8416.87 8356.27 8293.81 8243.95 8228.68 8229.3 8226.55 8224.27 8222.74 8221.04 8218.19 8217.35 8216.7 8215.82 8215.42 8215.34 8215.74
9340.44 9341.96 9343.68 9345.96 9349.54 9353.73 9357.4 9359.63 9361.8 9362.85 9362.31 9361.14 9359.79 9358.43 9357.13 9355.8 9354.74 9353.87 9353.93 9354.95 9356.05 9357.7 9360.15 9367.19 9377.86 9409.5 9433.41 9455.88 9474.93 9496.69 9509.96 9518.72 9524.54 9514.93 9492.83 9455.96 9408.97 9369.14 9318.95 9247.91 9180.74 9110.59 9036.19 8949.46 8837.31 8744.15 8646.83 8580.84 8520.47 8457.33 8395.91 8338.32 8285.2 8244.63 8228.17 8223.44 8220.46 8218.92 8218.53 8217.85 8217.14 8216.13 8215.02 8214.37 8214.52 8215.99 8218.42
9343.86 9345.09 9346.44 9348.75 9352.11 9355.49 9358.55 9361.25 9363.41 9364.09 9363.34 9362.08 9360.64 9359.19 9357.72 9356.43 9355.09 9353.81 9353.77 9354.94 9356.76 9358.85 9361.3 9367.4 9376.84 9406.07 9427.95 9452.06 9470.34 9489.99 9501.44 9509.61 9510.48 9502.92 9485.79 9460.8 9432.72 9379.18 9319.57 9248.71 9179.02 9106.56 9030.27 8956.43 8823.84 8720.9 8627.67 8561.03 8503.65 8449.05 8385.56 8328.8 8281.65 8246.97 8231.43 8228.44 8219.25 8216.91 8216.9 8216.98 8216.97 8216.17 8214.56 8213.28 8214.04 8218.24 8227.14
9347.19 9347.69 9348.52 9349.94 9352.08 9355.01 9359.08 9363.76 9366.51 9365.52 9364.02 9362.44 9360.94 9359.47 9358.1 9356.92 9355.69 9354.82 9354.68 9354.92 9356.53 9359.15 9362.19 9367.68 9375.85 9405.68 9426.76 9446.8 9469.79 9485.25 9498.81 9507.47 9510.11 9505.82 9492.63 9469.42 9432.6 9388.82 9331.42 9254.58 9180.7 9098.75 9014.47 8919.14 8811.93 8720.86 8630.23 8559.22 8493.12 8429.16 8371.27 8320.48 8278.72 8247.55 8232.35 8228.42 8220.08 8218.1 8217.55 8217.55 8218.55 8218.54 8215.03 8213.41 8213.06 8222.38 8231.83
9349.52 9349.69 9349.85 9350.25 9351.2 9353.77 9357.64 9363.36 9366.74 9365.29 9363.69 9362.25 9360.85 9359.58 9358.38 9357.27 9356.35 9355.68 9355.54 9356.1 9358.1 9360.56 9363 9368.4 9376.13 9402.82 9425.27 9445.41 9463.76 9480.47 9494.4 9508.61 9514.14 9513.41 9505.68 9488.98 9458.8 9414.6 9354.34 9267.99 9184.26 9096.06 9004.65 8899.32 8808.12 8738.61 8665.19 8578.92 8488.55 8413.83 8358.59 8313.39 8276.61 8248.95 8233.54 8229.06 8223.12 8221.19 8219.63 8218.41 8217.08 8215.15 8215.79 8216.59 8217.69 8228.87 8238.12
9351.21 9351.39 9351.05 9350.3 9349.13 9347.98 9354.24 9359.71 9362.56 9362.9 9362.23 9361.36 9360.32 9359.35 9358.43 9357.56 9356.87 9356.33 9356.19 9356.68 9359.01 9361.74 9364.52 9370.3 9377.17 9402.08 9424.02 9442.35 9460.44 9477.18 9493.62 9506.05 9514.9 9519.72 9522.25 9513.01 9495.27 9452.78 9380.33 9282.22 9189.37 9097.38 9006.63 8916.43 8834.84 8767.2 8687.11 8588.07 8481.47 8398.51 8348.21 8308.63 8277.06 8253.77 8240.1 8235.83 8230.04 8225.85 8223.59 8221.44 8218.2 8216.22 8220.26 8224.59 8229.72 8241.32 8250.3
9352.81 9353.11 9352.51 9351.38 9349.94 9350.14 9353.24 9356.77 9359.19 9359.98 9360.18 9359.92 9359.46 9358.81 9358.17 9357.61 9357.2 9356.99 9357.12 9357.5 9359.56 9361.72 9364.76 9371.71 9378.4 9404.84 9423.79 9444.09 9462.79 9475.2 9490.16 9503.19 9514.27 9524.95 9532.08 9534.24 9530.55 9494.73 9405.63 9302.99 9193.51 9095.88 9003.77 8916.13 8853.62 8783.62 8685.6 8581.73 8472.06 8390.15 8342.8 8306.9 8279.24 8259.23 8246.87 8242.7 8234.49 8231.82 8229.66 8227.59 8225.6 8225.8 8229.57 8236.01 8243.6 8255.95 8268.29
9355.14 9355.05 9354.27 9353.18 9352.58 9352.93 9353.84 9355.1 9355.64 9357.02 9358.1 9358.38 9358.28 9357.95 9357.6 9357.48 9357.35 9357.44 9357.78 9357.98 9359.57 9361.47 9364.57 9371.5 9379.3 9404.77 9421.86 9441.18 9458.84 9474.73 9489.78 9503.52 9519.94 9529.6 9537.67 9542.97 9541.57 9509.99 9414 9303.89 9187.75 9086.24 8991.17 8898.91 8828.14 8753.37 8665.64 8569.05 8457.74 8384.01 8341.52 8309.91 8284.39 8265.05 8251.96 8249.2 8243.89 8240.2 8238.15 8236.44 8235.12 8235.32 8240.07 8247.61 8255.14 8272.19 8285.59
9357.86 9357.29 9356.37 9355.31 9354.64 9354.12 9354.52 9354.8 9354.56 9355.91 9356.72 9357.02 9357.03 9356.85 9356.7 9356.66 9356.83 9357.08 9357.36 9357.07 9358.53 9361.47 9366.73 9374.83 9388.17 9405.64 9421.43 9439.77 9456.36 9471.12 9485.97 9499.03 9513.29 9521.75 9528.67 9532.93 9525.94 9493.37 9400.8 9288.38 9170.41 9068.14 8972.27 8876.3 8789.97 8708.25 8619.49 8525.42 8435.63 8380.13 8345.91 8316.85 8292.02 8271.88 8258.03 8253.99 8251.86 8249.22 8248.21 8247.19 8246.43 8246.61 8251.86 8259.66 8267 8283.26 8297.9
9360.52 9359.59 9358.41 9357.28 9356.5 9356.55 9356.22 9355.69 9356.4 9356.24 9356.13 9356.4 9356.43 9356.31 9356.17 9356.01 9356.01 9356.37 9356.78 9356.8 9357.39 9361.01 9368.74 9381.57 9392.63 9406.97 9422.69 9438.58 9453.43 9467.93 9482.08 9493.12 9505.04 9510.88 9511.68 9507.37 9490.38 9465.59 9365.04 9258.13 9144.73 9041.91 8945.73 8842.89 8748.14 8659.95 8577.18 8494.17 8438.14 8393.65 8358.5 8328.53 8302.76 8281.32 8265.85 8259.03 8258.1 8259.21 8259.44 8259.24 8259.41 8261.5 8265.84 8272.33 8279.23 8292.87 8309.97
9361.75 9360.83 9359.51 9358.4 9357.29 9356.42 9355.64 9355.41 9354.96 9354.9 9355.37 9355.46 9355.48 9355.35 9355.19 9355.04 9355.11 9355.25 9355.41 9355.28 9356.94 9360.61 9367.51 9382.14 9393.72 9407.13 9422.44 9437.68 9451.57 9465.16 9480.64 9490.38 9497.14 9498.31 9493.06 9475.09 9438.48 9375.82 9306.08 9222.44 9124.67 9012.64 8900.23 8796.6 8716.46 8637.44 8567.24 8506.68 8464.57 8416.64 8377.14 8344.07 8316.95 8294.22 8276.91 8269.68 8268.53 8271.79 8272.07 8271.88 8272.59 8275.14 8278.27 8282.97 8292.23 8310.92 8337.61
9362.7 9361.79 9360.48 9358.99 9357.43 9355.82 9355.02 9355.07 9354.72 9354.91 9355.19 9354.9 9354.57 9354.27 9354.08 9353.91 9353.97 9353.89 9354.07 9355.64 9356.74 9360.95 9368.03 9379.7 9392.35 9406.5 9422.41 9438.38 9453.47 9466.06 9478.22 9485.76 9491.57 9488.41 9476.73 9451.6 9404.49 9324.71 9269.89 9201.97 9110.03 9000.03 8881.65 8780.66 8711.73 8640.41 8576.56 8521.9 8480.08 8436.98 8398 8364.06 8334.98 8311.15 8292.24 8283.67 8287.82 8287.61 8285.11 8283.53 8283.33 8284.89 8286.73 8289 8304.45 8335.95 8381.26
9363.42 9362.93 9361.58 9359.76 9357.79 9356.02 9355.01 9355.27 9356.37 9357.05 9355.38 9354.35 9353.7 9353.32 9353.06 9352.98 9352.74 9352.73 9352.96 9355.43 9356.65 9362.03 9369.64 9380.58 9391.61 9406.88 9422.49 9438.75 9452.02 9464.19 9474.9 9483.55 9485.99 9480.39 9467.33 9442.19 9402.39 9357.42 9292.51 9206.49 9114.39 9013.01 8913.17 8811.26 8735.94 8668.86 8600.3 8534.78 8493.69 8454.84 8418.27 8383.94 8354.11 8330.08 8311.79 8305.31 8307.81 8302.67 8296.35 8293.44 8292.13 8292.9 8293.25 8292.97 8316.09 8355.02 8401.68
9364.89 9364.15 9362.52 9360.54 9358.44 9356.15 9354.58 9354.71 9355.33 9355.29 9354.01 9353.17 9352.77 9352.34 9352.14 9352.03 9351.96 9352.04 9352.59 9354.51 9356.79 9363.27 9372.83 9382.21 9391.77 9405.75 9421.31 9436.9 9449.44 9464.56 9474.8 9482.71 9484.15 9480.06 9467.63 9444.37 9410.58 9367.15 9303.39 9220.09 9129.44 9034.32 8945.4 8848.44 8769.53 8705.32 8634.25 8562.46 8515.93 8476.31 8438.61 8403.39 8372.65 8347.34 8330.8 8321.88 8322.3 8310.58 8303.31 8301.37 8300.14 8300.93 8300.72 8298.41 8327.45 8366.85 8407.49
9367.13 9365.46 9363.64 9361.41 9358.74 9356.33 9354.8 9353.73 9353.05 9352.04 9352.18 9351.8 9351.51 9351.29 9351.24 9351.31 9351.47 9351.88 9353.04 9354.58 9356.43 9363.43 9372.01 9382.09 9392.09 9404.52 9421.3 9435.8 9449.68 9462.63 9473.28 9480.7 9483.77 9484.04 9472.37 9453.68 9422.78 9376.73 9312.53 9239.17 9149.08 9050.64 8956.25 8869.42 8795.09 8731.93 8666.42 8602.84 8549.15 8502.59 8461.05 8423.39 8390.01 8362.98 8344.97 8333.9 8324.12 8308.06 8305.8 8307.84 8310.62 8310.93 8312.3 8313.82 8339.79 8373.71 8399.96
9368.86 9366.54 9364.23 9361.96 9359.47 9356.45 9353.03 9352.6 9352.55 9352.19 9351.18 9350.53 9350.29 9350.16 9350.3 9350.58 9351.08 9351.97 9353.48 9355.76 9357.99 9363.43 9370.46 9379.96 9390.35 9402.68 9418.88 9433.16 9447.12 9460.28 9470.71 9479.04 9489.38 9488.97 9482.2 9467.35 9442.89 9404.77 9349.12 9269.55 9174.98 9069.74 8963.55 8881.95 8813.38 8751.38 8692.54 8641.04 8581.96 8528.29 8481.97 8440.33 8402.69 8371.82 8350.51 8333.99 8321.08 8304.65 8308.99 8315.14 8320.37 8322.94 8326.96 8327.64 8350.99 8379.63 8403.33
9367.99 9366.32 9364.57 9362.69 9360.54 9358.02 9354.78 9353.9 9352.7 9351.46 9349.82 9349.17 9349.28 9349.63 9350.01 9350.46 9351.01 9351.99 9353.39 9356.19 9358.9 9363.25 9369.29 9377.69 9387.34 9400.17 9416.43 9431 9445.28 9459.16 9470.82 9480.74 9492.46 9493.98 9491.31 9482.1 9466.52 9437.41 9391.73 9305.19 9205.97 9102.46 8984.52 8898.01 8832.47 8774.11 8721.3 8671.9 8606.04 8551.07 8502.22 8456.07 8413 8375.57 8347.29 8329.68 8322.56 8316.58 8319.86 8325.32 8330.69 8336.68 8342.18 8345.06 8358.68 8378.86 8401.33
9365.52 9365.35 9364.65 9363.45 9362.09 9361.03 9360.84 9357.99 9352.97 9348.53 9346.95 9347.84 9348.63 9349.23 9349.69 9350.3 9351.06 9352.16 9353.92 9356.27 9358.89 9362.44 9367.59 9375.26 9386.33 9398.39 9414.44 9429.18 9444.56 9459.99 9473.77 9489.48 9497.26 9503.51 9504.97 9500.48 9489.16 9463.74 9421.43 9336.5 9234.7 9122.29 8999.89 8918.48 8855.38 8800.9 8753.12 8706.55 8629.86 8578.07 8526.6 8474.62 8424.74 8378.82 8342.45 8327.69 8328.87 8332.85 8334.27 8336.32 8339.73 8344.52 8348.15 8352.16 8360.72 8368.67 8367.75
9363.84 9364.72 9364.58 9363.76 9362.9 9362.34 9362.4 9359.1 9353.24 9347.53 9346.74 9347.96 9348.68 9349.17 9349.66 9350.23 9351.05 9352.22 9354.25 9356.1 9358.14 9361 9365.35 9372.78 9384.03 9396.12 9411.84 9427.58 9444.05 9460.98 9476.88 9494.76 9507.43 9516.59 9522.36 9521.98 9511.4 9488.06 9439.95 9363.78 9264.05 9149.16 9023.13 8941.89 8880.93 8829.28 8783.25 8746.85 8677.89 8616.41 8555.64 8495.82 8437.71 8384.58 8341.9 8332.91 8338.06 8344.02 8346.62 8346.04 8346.85 8349.16 8352.66 8357.1 8360.89 8362.28 8356.5
