real_craters/C136-500m.grd
DSAA
169 169
-42.0175 42.0175
-42.0175 42.0175
8191.4061372292 11242.18887726
[rows 30 to 59 of 169, columns 67 to 133 of 169]
9392.44 9379.78 9375.76 9372.82 9373.03 9373.4 9373.07 9370.04 9364.29 9366.34 9369.66 9368.63 9367.02 9364.8 9361.73 9358.44 9354.86 9352.19 9353.77 9351.18 9347.01 9343.25 9338.05 9333.79 9329.36 9325.12 9324.73 9324.83 9318.55 9316.1 9316.31 9316.51 9317.64 9320.93 9318.81 9319.74 9319.89 9319.36 9318.53 9317.33 9316.06 9314.92 9313.66 9312.68 9313.27 9312.67 9312.33 9312.28 9315 9319.71 9327.26 9335.63 9354.14 9373.38 9395.8 9423.82 9460.45 9504.12 9541.52 9577.62 9630.6 9730.3 9828.73 9938.96 10044.7 10117.5 10068.7
9388.51 9380.01 9376 9375.78 9374.42 9372.35 9372.43 9369.7 9366.38 9367.15 9366.79 9366.24 9365.28 9363.88 9362.64 9359.5 9353.61 9347.61 9338.65 9351.33 9347.06 9343.38 9339.43 9335.14 9332.13 9329.1 9327.29 9324.46 9319.52 9316.28 9316.4 9317.14 9316.75 9315.64 9317.76 9319.68 9320.37 9319.69 9318.33 9316.85 9315.17 9314.14 9313.63 9313.09 9311.46 9311.53 9310.78 9311.1 9313.14 9318.07 9325.12 9335.18 9345.47 9367.49 9392 9419.37 9450.84 9485.5 9523.44 9586.14 9658.81 9746.63 9869.72 9989.99 10067.7 10074 10055.2
9387.38 9377.3 9373.55 9373.48 9373.34 9371.12 9370.5 9369.39 9369.7 9365.01 9364.39 9363.96 9363.75 9362.76 9361.86 9359.08 9352.79 9346.6 9349.97 9345.28 9347.36 9343.02 9339.08 9336.11 9333.73 9333.59 9329.8 9325.69 9320.38 9317.31 9316.53 9316.65 9315.47 9314.87 9316.84 9319.65 9320.78 9320.13 9318.49 9316.46 9315.09 9313.66 9313.01 9313.53 9316.29 9311.87 9309.82 9309.18 9311.19 9314.95 9322.33 9333.04 9347.88 9367.42 9391.25 9416.67 9445.05 9482.72 9529.2 9604.27 9688.32 9786.45 9900.6 10032.7 10113.9 10085.5 10072.2
9388.43 9371.89 9369.27 9369.06 9369.3 9371.22 9371.53 9370.63 9369.3 9364.37 9363.8 9363.74 9362.7 9361.98 9361.15 9358.48 9353.15 9346.78 9345.25 9347.67 9342.13 9341.45 9338.89 9335.59 9332.4 9329.54 9327.29 9324.04 9320.98 9318 9316.65 9315.96 9315.43 9314.58 9317.74 9321.51 9322.62 9320.78 9318.58 9316.03 9312.13 9312.32 9311.94 9311.81 9311.74 9310.36 9308.26 9306.72 9306.18 9310.08 9318.98 9329.79 9347.01 9367.92 9391.06 9418.43 9450.16 9498.93 9558.88 9626.56 9705.68 9784.68 9890.88 10027.6 10131.3 10096.1 10062.5
9385.83 9369.11 9365.15 9363.85 9363.13 9363.59 9368.36 9368.37 9363.18 9360.12 9361.55 9362.57 9362.38 9360.46 9360.72 9359.36 9354.52 9349.5 9348.75 9346.45 9345.06 9341.79 9338.69 9335.32 9331.59 9328.67 9329.69 9326.61 9322 9318.08 9317.09 9317.11 9317.74 9319.09 9322.39 9325.13 9324.35 9320.64 9318.1 9317.01 9319.98 9313.16 9311.08 9310.64 9310.45 9308.89 9306.73 9304.96 9304.78 9308.93 9317.62 9328.77 9343.07 9362.94 9391.32 9422.5 9457.81 9504.9 9563.58 9626.16 9691.15 9753.83 9852.13 9974.57 10048.7 10064.7 10045.2
9381.38 9368.52 9363.36 9360.32 9359.37 9358.04 9365.39 9366 9359.86 9359.25 9361.86 9363.56 9363.03 9362.61 9360.43 9358.65 9355.46 9352.72 9350.43 9347.12 9344.02 9341.8 9339.08 9335.81 9332.46 9330.41 9331.37 9327.74 9323.05 9319.52 9317.97 9317.95 9319.91 9325.1 9326.67 9323.9 9321.33 9318.71 9316.15 9314.08 9311 9312.01 9311.38 9310.48 9310.34 9308.47 9306.07 9304.01 9303.31 9306.42 9317.17 9331.78 9343.05 9362.27 9392.64 9426.4 9464.85 9508.98 9562.33 9617.25 9678.68 9745.15 9829 9930.19 9997.89 10026.4 10027.2
9388.82 9373.11 9363.89 9359.74 9356.83 9357.99 9364.19 9367.95 9363.54 9360.34 9361.6 9363.01 9362.33 9361.12 9359.69 9357.57 9355.57 9353.77 9350.52 9346.21 9344.94 9342.45 9339.39 9336.29 9333.83 9332.21 9330.68 9327.86 9323.5 9319.82 9318.86 9319.96 9321.32 9324.68 9324.17 9321.98 9319.36 9317.54 9315.17 9312.77 9311.58 9311.31 9310.83 9311.6 9311.38 9310.46 9307.05 9304.38 9302.63 9303.59 9315.1 9329.45 9344.5 9368.25 9394.58 9427.72 9465.57 9503.25 9549.48 9613.16 9693.36 9770.06 9843.37 9915.17 9963.04 9992.55 9996.23
9379.88 9369.69 9365.17 9361.37 9356.7 9353.33 9361.11 9367.93 9365.14 9359.82 9361.59 9362.47 9361.84 9360.59 9359.18 9357.23 9355.06 9353.74 9349.96 9344.69 9343.85 9343.42 9340.11 9337.08 9335.17 9334.26 9332.75 9329.35 9324.41 9319.7 9320.18 9324.82 9331.73 9326.28 9322.21 9320.22 9318.66 9316.54 9314.48 9311.35 9311.41 9314.07 9313.31 9320.65 9317.75 9311.93 9308.23 9305.12 9303.32 9303.5 9308.65 9322.24 9336.48 9359.46 9391.39 9426.11 9462.82 9497.51 9533.35 9569.46 9647.17 9767.29 9891.03 9916.57 9930.57 9962.52 9967.57
9388.35 9380.72 9370.8 9366.08 9362.24 9354.24 9358.52 9362.73 9364.1 9362.37 9363.04 9364.4 9361.88 9360.56 9359.55 9357.18 9354.78 9352.25 9349.19 9345.55 9345.55 9342.58 9339.44 9337.71 9336.57 9337.16 9336.96 9331.95 9326.47 9321.63 9320.97 9325.28 9325.76 9325.03 9321.61 9318.39 9316.1 9317.22 9317.51 9313.63 9314.14 9321.57 9324.26 9312.14 9313.82 9312.24 9309.01 9306.07 9304.01 9302.54 9293.46 9298.3 9323.47 9352.24 9385.54 9422.14 9461.43 9496.46 9531.77 9566.83 9623.98 9723.19 9827.09 9905.37 9956.3 9945.02 9947.83
9375.95 9377.68 9372.7 9369.38 9369.3 9365.39 9359.52 9361.76 9364.27 9364.19 9363.7 9363.01 9362.46 9361.17 9360.57 9361.12 9359.96 9354.59 9349.62 9344.73 9343.92 9336.28 9339.1 9338.08 9336.94 9337.98 9337.66 9334.2 9329.55 9324.07 9322.42 9325.31 9324.48 9322.64 9319 9316.42 9316.19 9320.5 9325.94 9328.41 9323.24 9315.81 9326.32 9322.65 9316.8 9312.18 9308.51 9305.7 9303.42 9302.1 9286.19 9288.75 9316.47 9345.98 9378.27 9415.05 9455.93 9501.36 9524.73 9556.94 9576.33 9667.57 9762.74 9859.45 9910.64 9901.85 9916.36
9373.38 9372.01 9369.52 9370.21 9367.86 9364 9359.02 9356.44 9364.41 9364.24 9363.52 9362.43 9361.8 9361.23 9360.42 9359.34 9357.36 9356.17 9350.94 9344.29 9341.21 9345.6 9341.59 9339.26 9337.92 9339.11 9339.23 9336.97 9334.35 9332.68 9332.52 9329.44 9327 9321.96 9316.72 9315.89 9316.77 9321.56 9333.53 9349.14 9335.43 9313.64 9301.23 9322.3 9316.43 9310.83 9306.96 9304.58 9302.01 9298.14 9297.2 9301.85 9318.19 9341.71 9371.34 9403.12 9436.01 9471.51 9504.23 9524.7 9543.64 9634.88 9735.4 9815.89 9854.73 9874.15 9879.53
9375.37 9374.24 9372.94 9373.1 9368.39 9364.63 9359.29 9353.34 9358.55 9363.06 9363.67 9363.39 9362.64 9361.06 9359.49 9357.97 9357.1 9356.98 9352.17 9347.92 9346.68 9346.1 9342.96 9340.65 9339 9340.67 9340.83 9339.61 9338.24 9338.25 9338.52 9332.56 9327.07 9323.86 9321 9317.32 9312.94 9319.41 9330.02 9339.11 9333.86 9327.09 9319.73 9307.88 9309.04 9307.63 9305.2 9303.18 9300.84 9297.28 9297.7 9305.57 9321.18 9343.54 9367.69 9390.44 9413.79 9446.62 9481.86 9509.07 9534.67 9620.05 9727.02 9774.66 9779.93 9809.46 9844.96
9375.89 9372.51 9375.45 9379.87 9381.02 9366.13 9362.83 9363.46 9364.15 9363.69 9364.12 9364.29 9363.15 9360.79 9358.76 9356.7 9354.98 9354.47 9352.39 9349.42 9347.21 9346.89 9342.99 9341.81 9341.59 9342.24 9342.45 9341.89 9340.73 9338.55 9335.03 9334.53 9334.28 9331.92 9325.93 9322.82 9324.41 9324.5 9322.14 9317.99 9322.58 9317.36 9309.28 9302.9 9303.03 9303.49 9302.86 9301.68 9300.25 9297.53 9299.01 9306.69 9321.99 9340.97 9360.57 9381.12 9402.84 9431.85 9459.19 9481.05 9516.61 9593.42 9676.12 9682.17 9693.75 9745.33 9830.58
9376.7 9373 9381.28 9380.22 9374.81 9366.56 9365.48 9365.46 9364.52 9364.22 9364.27 9363.32 9361.85 9360.52 9358.93 9356.72 9354.45 9354.35 9353.5 9351.11 9348.32 9347.16 9343.93 9342.53 9342.39 9343.23 9344.23 9344.54 9343.78 9340.5 9333.66 9337.26 9340.29 9338.72 9334.74 9329.59 9323.25 9318.93 9320.41 9321.1 9319.97 9316.26 9307.76 9301.46 9300.81 9300.59 9300.12 9299.02 9298.43 9296.96 9298.02 9306.83 9321.85 9339.59 9357.74 9375.89 9393.68 9427.8 9468.14 9491.76 9520.15 9556.84 9595.75 9609.42 9673.21 9806.54 9841.38
9378.42 9376.2 9379.12 9374.83 9365.21 9367.99 9365.98 9364.22 9364.85 9364.44 9364.68 9363.93 9362.09 9360.93 9360.43 9359.65 9356.74 9357.68 9356.6 9353.38 9351.29 9348.95 9344.97 9342.91 9342.64 9344.43 9346.41 9348.2 9349.63 9350 9348.43 9351.75 9349.31 9345.75 9343.01 9338.29 9328.27 9320.82 9321.32 9323.34 9321.86 9321.49 9311.1 9302.98 9300.83 9297.48 9296.51 9295.93 9296.88 9294.12 9295.47 9305.82 9321.82 9341.09 9360.7 9376.54 9387.74 9411.14 9444.88 9467.59 9484.81 9515.14 9554.96 9588.01 9634.12 9711.89 9773.99
9379.64 9377.68 9379.22 9376.57 9368.11 9366.02 9366.22 9365.57 9365.45 9364.63 9365.87 9364.89 9361.23 9361.43 9362.79 9365.37 9371.55 9367.67 9361.25 9355.48 9349.75 9347.37 9345.33 9343.86 9343.83 9345.64 9348.58 9352.32 9356.45 9361.89 9370.74 9367.23 9359.28 9355.29 9351.89 9346.4 9343.26 9332.32 9320.42 9316.26 9322.66 9322.11 9316.22 9306.94 9300.58 9297.35 9295.25 9294.48 9294.7 9295.28 9295.43 9304.46 9320.26 9339.42 9359.87 9380.75 9396.87 9401.06 9403.61 9420.17 9428.98 9470.89 9511.36 9569.32 9597.79 9660.35 9729.14
9379.46 9377.31 9377.83 9377.19 9373.7 9371.39 9369.24 9367.93 9366.64 9364.03 9364.82 9364.41 9362.2 9362.39 9364.14 9367 9369.88 9370.35 9364.04 9357.69 9351.9 9348.72 9345.44 9343.67 9343.5 9345.61 9350.11 9355.53 9361.36 9366.97 9369.82 9368.4 9364.28 9359.64 9360.73 9367.77 9359.16 9358.53 9330.27 9323.27 9330.57 9328.48 9316.9 9306.4 9300.5 9296.78 9294.98 9294.1 9293.98 9293.66 9294.15 9302.15 9317.1 9335.61 9359.34 9378.24 9398.27 9389.22 9380.93 9403.99 9426.83 9443.58 9457.93 9480.38 9560.49 9666.02 9753.77
9379.02 9378.05 9377.6 9375.17 9373.81 9374.72 9371.83 9367.55 9366.87 9366.14 9364.56 9363.94 9363.92 9363.55 9364.33 9365.97 9367.7 9367.66 9363.43 9358.51 9354.2 9351.59 9345.74 9339.36 9338.87 9344.51 9351.4 9358.98 9366.06 9371.68 9374.28 9373.8 9369.74 9362.99 9365.29 9359.83 9364.12 9355.42 9357.13 9352.28 9347.7 9336.17 9310.71 9302.88 9299.28 9296.91 9295.29 9294.17 9293.64 9293.83 9294.93 9302.76 9313.22 9325.49 9339.84 9356.65 9370.24 9370.8 9366.17 9392.84 9423.21 9421.79 9415.22 9440.55 9508.67 9601.22 9697.12
9377.53 9377.03 9377.51 9377.64 9375.69 9374.61 9372.06 9369.3 9368.93 9375.71 9376.27 9368.08 9365.1 9363.42 9363.68 9364.58 9365.32 9365.04 9362.01 9357.55 9352.84 9350.04 9343.03 9328.55 9331.82 9340.77 9354.33 9364.22 9372.21 9378.53 9382.38 9382.26 9380.27 9376.54 9378.37 9382.21 9378.98 9366.9 9376.64 9372.32 9362.28 9345.49 9317.29 9304.92 9300.49 9298.33 9296.67 9295.01 9293.61 9292.79 9297.94 9303.49 9308.15 9314.82 9317.03 9334.65 9359.77 9357.94 9355.82 9337.63 9387.87 9390.71 9382.2 9409.16 9459.53 9502.37 9648.71
9376.52 9376.93 9386.23 9373.95 9376.68 9374.87 9372.75 9371.04 9370.68 9373.66 9379.48 9374.31 9365.9 9363.83 9365.63 9365.3 9365.34 9365.86 9361.72 9355.79 9349.24 9342.4 9337.73 9342.94 9350.3 9356.26 9364.5 9373 9380.4 9387.3 9394.03 9400.29 9394.44 9390.75 9396.25 9406.71 9402.33 9393.98 9388.41 9377.97 9363.34 9343.15 9321.61 9309.02 9303.35 9300.27 9298.35 9297.16 9295.52 9292.31 9291.42 9293.59 9303.34 9312.46 9322.35 9329.58 9333.09 9345.64 9343.18 9331.87 9344.48 9355.61 9368.24 9400.51 9462.2 9464.81 9524.48
9376.26 9377.14 9378.17 9375.86 9376.76 9375.57 9374.23 9373.13 9372.86 9373.23 9376.65 9378.77 9368.82 9368.97 9374.37 9371.17 9367.56 9369.32 9364.83 9359.75 9351 9339.14 9355.29 9375.79 9369.44 9371.46 9377.43 9384.22 9390.41 9396.18 9402.3 9405.19 9404.01 9403.48 9407.87 9415.66 9413.44 9400.64 9382.8 9378.73 9368.66 9344.09 9319.71 9312.26 9307.53 9304.02 9301.62 9300.24 9300.1 9300.79 9295.09 9296.25 9301.55 9312.57 9326.25 9333.17 9333.54 9346.39 9351.66 9345.97 9342.57 9339.96 9339.16 9362.76 9410.1 9459.81 9490.62
9376.26 9376.87 9376.92 9376.52 9376.71 9375.89 9374.94 9375.64 9379.48 9386.52 9377.46 9376.16 9380.78 9387.04 9393.26 9397.6 9390.78 9375.95 9371.08 9372.9 9372.47 9365.79 9376.09 9394.22 9382.49 9385.25 9391.28 9397.36 9400.74 9404.61 9406.29 9405.51 9406.67 9407.15 9410.5 9421.84 9419.27 9403.73 9387.45 9379.95 9373.46 9349.52 9325.85 9317.91 9311.87 9306.82 9303.16 9301.14 9301.61 9304.78 9296.31 9293.34 9298.67 9308.96 9320.32 9325.51 9329.39 9351.17 9359.32 9354.83 9343.17 9330.21 9316.62 9326.16 9355.96 9428.07 9531.07
9377.08 9377.11 9376.97 9378.24 9377.21 9375.99 9375.74 9377.29 9380.94 9380.65 9376.73 9379.89 9392.79 9404.04 9409.49 9419.36 9408.69 9380.36 9379.65 9392.8 9406.88 9421.05 9407.88 9406.29 9404.38 9404.93 9407.07 9409.85 9413.33 9414.39 9412.42 9406.04 9410.97 9421.16 9430.7 9424.51 9416.59 9406.49 9394.1 9376.69 9364.43 9355.12 9340.72 9326.7 9316.77 9309.56 9304.32 9300.29 9297.18 9294 9290.51 9286.69 9295.52 9304.38 9312.45 9315.28 9328.87 9354.2 9367.56 9370.13 9336.97 9336.69 9313.3 9314.29 9341.27 9406.03 9540.97
9378.2 9378.14 9378.25 9378.56 9376.82 9375.05 9374.76 9377.69 9379.3 9376.76 9372.75 9380.68 9399.65 9413.79 9414.98 9410.1 9404.73 9398.88 9400.4 9411.12 9432.08 9451.63 9437.28 9418.95 9422.69 9422.6 9422.88 9423.42 9425.11 9426.86 9426.4 9423.89 9426.2 9429.95 9429.2 9420.43 9411.94 9397.57 9380.19 9366.79 9359.65 9359.93 9349.68 9332.25 9321.47 9312.9 9305.82 9299.7 9293.98 9289.43 9288.94 9292.17 9295.23 9301.17 9308.33 9318.16 9333.72 9358.82 9361.68 9296.22 9326.18 9346.18 9319.76 9316.36 9330.22 9371.24 9490.53
9380.09 9379.93 9379.49 9379.05 9375.78 9372.76 9374.99 9377.33 9377.96 9373.75 9364.49 9381.76 9412.15 9425.44 9422.87 9412.09 9405.51 9399.68 9401.52 9420.29 9441.63 9457.46 9453.85 9438.81 9437.66 9438.28 9438.03 9438.93 9440.42 9442.63 9445.25 9447.58 9446.74 9438.95 9426.91 9412.29 9395.37 9391.6 9381.13 9357.51 9330.09 9339.6 9338.8 9329.89 9320.76 9312.7 9305.58 9299.24 9293.55 9289.32 9288.06 9289.45 9292.36 9297.17 9304.18 9313.71 9325.07 9343.78 9365.26 9356.15 9351.54 9354.16 9341.16 9326.71 9326.15 9356.64 9448.39
9382.54 9382.03 9380.78 9378.94 9374.72 9369.93 9370.99 9375.87 9376.03 9378.67 9373.92 9398.86 9447.19 9475.6 9440.06 9414.56 9414.29 9411.32 9413.89 9426.39 9445.1 9462.45 9463.85 9462.91 9457.27 9454.77 9454.55 9453.62 9455.53 9458.94 9463.4 9468.7 9466.3 9450.31 9428.45 9412.5 9400.02 9391.44 9388.43 9368.08 9342.2 9328.92 9329.92 9326.64 9319.93 9312.57 9305.66 9299.29 9294.33 9289.65 9287.17 9286.19 9287.73 9292.98 9299.68 9308.92 9310.2 9305.26 9313.45 9343.9 9348.11 9348.39 9338.3 9331.32 9330.53 9352.07 9406.41
9385.67 9384.63 9384.83 9378.62 9376.64 9372.85 9370.95 9375.8 9375.8 9374.26 9403.62 9481.31 9517.97 9493.37 9471.59 9453.67 9450.84 9438.18 9423.34 9440.93 9452.86 9459 9469.09 9474.28 9472.29 9472.11 9471.95 9471.97 9471.26 9473.21 9477.33 9482.65 9483.06 9465.96 9440.65 9428.33 9414.1 9399.33 9394.94 9384.9 9369.39 9346.43 9335.12 9327.93 9320.85 9313.45 9306.59 9300.12 9294.88 9289.9 9286.54 9283.99 9285.45 9290.01 9293.89 9296.41 9301.35 9306.45 9308.47 9311.22 9317.82 9327.63 9322.86 9309.2 9321.41 9347.1 9371.82
9389.6 9387.69 9383.71 9384.33 9388.01 9385.12 9382.5 9386.38 9393.88 9414.86 9504.21 9636.78 9642.52 9587.24 9548.36 9534.23 9526.36 9503.95 9478.31 9482.21 9481.02 9469.22 9478.21 9495.02 9494.6 9489.96 9486.4 9482.75 9482.69 9482.03 9483.31 9487.16 9492.09 9480.14 9479.24 9470.37 9447.57 9427.91 9404.36 9389.97 9375.38 9361.52 9343.73 9331.79 9322.98 9314.68 9307.29 9300.4 9295.17 9290.35 9287.59 9286.02 9286.67 9288.69 9290.83 9295.79 9309.52 9316.72 9307.38 9311.79 9311.78 9306.36 9305.53 9306.26 9314.63 9342.32 9372.37
9397.2 9395.27 9393.82 9400.48 9405.49 9411.68 9406.37 9402.93 9436.25 9478.27 9591.2 9770.63 9760.34 9694.89 9658.14 9649.19 9629.22 9602.9 9572.48 9559.62 9533.41 9502.31 9499.57 9509.62 9514.55 9506.39 9501.58 9499.63 9494.49 9490.51 9485.43 9479.08 9468.01 9476.57 9490.12 9483.85 9455.29 9435.84 9422.51 9406.94 9378.39 9351.29 9344.03 9333.93 9325.1 9316.74 9308.48 9300.59 9295.09 9290.62 9288.38 9288.2 9289.43 9288.58 9292.8 9301.07 9314.04 9324.4 9326.62 9321.85 9317.28 9316.12 9324.69 9299 9323.79 9352.29 9391.98
9408.07 9405.71 9408.69 9414.16 9417.04 9436.7 9444.65 9464.1 9498.45 9565.41 9658.38 9788.08 9807.58 9780.77 9776.45 9760.67 9721.79 9701.38 9694.68 9660.02 9600.11 9540.88 9524.3 9530.55 9528.93 9522.43 9515.59 9509.5 9502.91 9495.48 9486.16 9475.54 9465.27 9464.97 9465.62 9452.59 9436.46 9423.05 9417.77 9404.33 9380.16 9357.6 9347.19 9337.7 9328.27 9318.64 9309.72 9300.59 9293.44 9289.86 9288.46 9287.65 9286.95 9285.75 9288.45 9300.54 9312.34 9325.12 9331.71 9330.08 9328.74 9324.43 9322.14 9305.83 9325.87 9370.54 9408.22
