real_craters/C136-300m.grd
DSAA
281 281
-42.0175 42.0175
-42.0175 42.0175
8189.0356948651 11245.581479282
[rows 180 to 209 of 281, columns 67 to 133 of 281]
9333 9336.88 9340.31 9343.48 9344.37 9345.45 9345.22 9344.02 9342.1 9339.11 9335.04 9331.72 9326.68 9322.04 9330.69 9325.2 9331.67 9335.95 9337.17 9338.33 9338.29 9338.02 9338.1 9340.67 9349.36 9356.06 9357.67 9356.47 9350.85 9353.63 9351.92 9349.09 9346.11 9342.5 9339.13 9335.61 9331.16 9327.76 9328.31 9325.9 9325.29 9325.88 9327.25 9332.38 9334.35 9337.49 9341.75 9345.53 9348.11 9347.36 9343.84 9350.28 9361.25 9370.47 9377.93 9391.33 9407.43 9434.39 9470.67 9488.4 9483.86 9483.11 9432.3 9393 9374.1 9377.27 9398.1
9335.44 9339.98 9343.75 9345.39 9348.37 9348.36 9346.89 9344.51 9341.37 9339.14 9337.75 9332 9322.9 9315.66 9325.45 9332.98 9333.94 9335.84 9336.86 9337.01 9336.9 9337.46 9339.56 9345.9 9347.32 9347.11 9346.4 9344.23 9346.97 9346.28 9345.15 9343.88 9341.72 9339.45 9337.07 9334.19 9330.65 9328.48 9327.96 9325.93 9324.4 9323.5 9323.91 9327.16 9329.85 9332.46 9335.53 9338.17 9339.55 9338.05 9338.96 9344.2 9352.02 9360.26 9369.18 9378.56 9387.59 9394.14 9392.9 9414.01 9432.66 9466.27 9444.22 9421.64 9414.81 9427.59 9464.74
9338.03 9343.14 9348.8 9355.42 9356.29 9351.82 9348.12 9344.63 9341.42 9338.35 9335.64 9330.17 9322.61 9318.5 9325.59 9336.5 9337.67 9336.92 9336.94 9336.72 9336.71 9337.06 9338.16 9338.18 9339.4 9340.48 9338.64 9337.62 9338.08 9339.71 9339.99 9339.26 9337.61 9336.67 9335.53 9334.03 9331.37 9328.85 9327.5 9325.4 9323.42 9322.57 9323.08 9322.35 9324.99 9327.56 9329.39 9330.98 9332.29 9334.18 9338.19 9342.79 9345.46 9351.37 9358.63 9363.78 9368.13 9366.41 9362.46 9362.7 9374.98 9398.79 9415.07 9418.89 9423.7 9435.37 9450.68
9340.65 9345.39 9350.67 9355.67 9355.81 9352.15 9348.07 9344.31 9340.62 9336.29 9331.07 9325.59 9322.87 9325.06 9332.99 9339.94 9339.64 9338.37 9337.12 9337.1 9336.43 9336.24 9336.4 9339 9340.25 9335.07 9332.75 9330.77 9332.84 9335.79 9336.29 9335.8 9335.19 9334.85 9335.1 9335.02 9333.79 9330.81 9327.95 9325.46 9323.2 9321.86 9321.93 9321.05 9321.38 9323.57 9325.26 9326.69 9326.75 9327.7 9328.94 9328.83 9336.22 9344.03 9350.27 9353.78 9355.63 9352.89 9350.97 9352.07 9357.7 9365.67 9390.83 9406.03 9413.48 9419.87 9428.85
9342.33 9346.31 9350 9352.28 9352.27 9350.28 9346.32 9342.64 9339.23 9334.83 9329.3 9324.29 9322.64 9324.19 9336.66 9340.6 9339.64 9338.91 9337.7 9337.43 9336.11 9335.01 9333.92 9331.34 9327.34 9328.42 9327.57 9329.38 9333.99 9335.64 9333.04 9332.85 9332.51 9333.7 9335.6 9336.84 9337.29 9333.53 9328.48 9325.56 9323.12 9320.92 9318.95 9316.05 9318.93 9321.78 9323.94 9324.42 9323.64 9322.44 9320.38 9320.91 9329.51 9337.48 9344.13 9348.62 9350.45 9349.26 9347.7 9355.41 9363.21 9376.4 9388.35 9394.98 9397.27 9397.11 9394.67
9343.84 9346.17 9348.21 9350.98 9353.82 9347.56 9343.62 9340.93 9338.84 9335.65 9330.89 9326.13 9324.09 9324.11 9330.52 9336.4 9337.13 9336.79 9335.93 9334.49 9333.91 9332.32 9330.33 9327.74 9326.8 9323.23 9321.52 9319.99 9322.24 9325.65 9326.22 9327.99 9330.28 9332.31 9335.06 9337.54 9339.59 9332 9328.98 9326.15 9323.43 9320.9 9318.7 9316.03 9319.74 9322.07 9323.31 9322.86 9321.77 9320.85 9321.07 9323.41 9329.61 9335.03 9340.14 9345.39 9352 9358.27 9360.52 9367.66 9379.86 9385.72 9389.58 9385.99 9381.87 9375.63 9366.2
9345.8 9345.75 9344.85 9343.39 9340.31 9338.75 9339.93 9340.7 9340.4 9338.87 9336.86 9333.22 9330.15 9327.96 9324.34 9330.58 9332.96 9332.43 9332.72 9332.43 9331.28 9330.42 9328.16 9324.52 9319.29 9319.43 9316.92 9312.13 9309.99 9311.83 9318.25 9322.91 9326.76 9330.16 9333.38 9336.26 9338.92 9335.03 9330.83 9327.82 9324.92 9322.29 9321.03 9322.64 9324.9 9325.44 9324.74 9323.12 9321.29 9320.06 9324.67 9332.6 9333.41 9334.02 9337.41 9343.94 9352.64 9365.51 9370.57 9375.77 9384.07 9387.89 9380.55 9373.44 9366.38 9359.04 9353.54
9348.54 9346.17 9342.52 9336.18 9327.03 9332.28 9338.25 9341.47 9343.12 9343.94 9344.81 9348.42 9340.27 9333.05 9332.27 9330.51 9331.81 9332.71 9332.24 9330.51 9329.33 9327.6 9326.15 9324.49 9323.3 9320.9 9316.66 9312.99 9310.57 9309.45 9314.47 9319.65 9324.16 9328.33 9331.25 9333.32 9334.28 9334.66 9332.71 9330.21 9327.42 9324.84 9324.32 9331.54 9332.52 9330.28 9327.34 9324.28 9321.81 9321.19 9327.86 9338.16 9331.76 9328.94 9333.08 9339.03 9346.26 9351.45 9362.39 9374.34 9386.94 9387.48 9373.47 9359.68 9351.59 9345.96 9344.3
9351.86 9347.86 9343.44 9338.82 9335.75 9337.82 9341.25 9344.55 9347.01 9349.05 9349.5 9346.12 9347.6 9347.99 9338.95 9334.75 9332.55 9329.89 9328.31 9326.69 9325.63 9324.6 9324.39 9324.52 9325.97 9322.16 9317.47 9314.79 9313.23 9311.27 9313.76 9318.15 9322.72 9326.84 9329.54 9331.3 9331.98 9335.82 9334.91 9333.18 9331.1 9328.96 9329.16 9340.11 9339.47 9334.75 9329.89 9325.47 9322.04 9320.28 9320.78 9319.89 9314.96 9319.35 9324.7 9331.55 9339.19 9347.97 9354.06 9363.98 9375.54 9370.72 9351.36 9340.37 9335.33 9333.54 9332.92
9353.48 9349.55 9346.03 9343.5 9343.89 9344.56 9345.89 9349.15 9352.38 9355.32 9357.18 9356.98 9353.22 9353.16 9349.05 9338.28 9331.73 9327.49 9325.29 9323.62 9322.21 9321.73 9321.38 9321.42 9321.06 9319.2 9316.18 9313.75 9311.95 9311.46 9313.74 9317.97 9322.41 9326.53 9329.36 9332.07 9333.95 9337.91 9337.67 9336.67 9335.94 9336.14 9338.8 9345.41 9343.57 9337.16 9330.56 9324.96 9320.5 9316.8 9310.15 9298.22 9301.69 9309.71 9316.23 9322.59 9329.81 9338.65 9342.78 9343.91 9341.78 9334.41 9320.72 9318.31 9319.21 9319.83 9319.82
9353.41 9349.91 9347.62 9346.47 9346.61 9347.43 9349.75 9352.5 9356.08 9360.25 9364.95 9370 9363.99 9355.2 9347.29 9335.12 9329.17 9324.58 9321.59 9320.33 9319.54 9318.64 9318.08 9317.83 9317.3 9316 9313.7 9311.98 9311.07 9310.99 9313.69 9317.92 9322.28 9326.25 9330.43 9334.61 9339.75 9341.32 9339.61 9339.04 9339.54 9342.11 9345.78 9347.37 9343.51 9336.29 9329.11 9322.69 9317.33 9312.92 9307.1 9303.23 9302.14 9305.29 9309 9312.4 9316.17 9321.98 9324.37 9322.56 9315.91 9309.01 9302.24 9303.43 9307.14 9309.55 9310.08
9351.33 9348.62 9347.39 9347.38 9348.36 9349.61 9351.98 9354.62 9357.82 9362.18 9367.55 9374.72 9373.98 9347.71 9328.75 9328.82 9325.46 9321.67 9318.87 9317.03 9316.33 9315.36 9314.72 9313.77 9312.83 9311.81 9310.57 9310.35 9310.7 9311.33 9314.35 9318.59 9322.62 9326.06 9330.37 9335.2 9339.33 9339.66 9339.25 9339.57 9340.58 9341.26 9342.65 9342.89 9339.22 9333.05 9326.02 9319.05 9312.69 9307.61 9304.96 9303.38 9302.98 9303.18 9303.73 9303.28 9300.82 9300.74 9305.6 9306.48 9303.56 9299.2 9295.16 9298.19 9301.04 9303.3 9304.02
9347 9345.79 9345.74 9347.06 9349.23 9351.6 9353.21 9354.3 9356.44 9359.52 9363.23 9366.01 9359.79 9344.1 9333.25 9332.4 9321.67 9318.21 9316.26 9314.8 9313.7 9312.7 9311.52 9309.9 9308.12 9307.19 9307.09 9308.88 9311.38 9314.13 9317.06 9319.5 9321.79 9325.12 9328.99 9333.32 9333.49 9334.88 9336.27 9338.21 9340.21 9341.7 9341.16 9339.11 9334.98 9329.22 9322.29 9314.95 9308.39 9303.91 9302.36 9302.91 9302.08 9301.35 9300.76 9298.48 9293.06 9288.21 9294.51 9297.16 9295.85 9292.71 9293.72 9296.81 9298.47 9299.8 9300.67
9340.36 9341.05 9342.29 9344.74 9348.48 9352.76 9352.31 9352.3 9353.59 9355.32 9356.16 9354.97 9351.55 9341.88 9326.88 9312.66 9313.89 9313.83 9313.02 9312.67 9312.08 9311.08 9309.88 9307.72 9304.36 9300.29 9304.52 9308.12 9311.46 9316.15 9319.85 9319.48 9319.77 9321.7 9325.1 9329.45 9327.71 9329.31 9332.12 9335.45 9338.95 9341.69 9340.87 9337.03 9331.92 9326.07 9318.75 9310.68 9303.76 9300.19 9299.36 9297.91 9298.5 9301.31 9301.17 9299.42 9296.77 9295.25 9294.75 9294.99 9294.18 9293.68 9294.36 9296.84 9297.99 9298.88 9299.64
9333.34 9335.92 9337.76 9340.51 9343.38 9345.87 9346.36 9347.1 9348.12 9349.62 9349.45 9347.46 9344.64 9343.33 9326.17 9309.32 9309.87 9311.33 9312.1 9312.35 9312.11 9311.25 9310.16 9308.37 9305.86 9304.08 9306.4 9309.11 9311.49 9315.29 9318.56 9316.4 9315.79 9316.66 9318.5 9320.85 9320.89 9323.06 9326.96 9331.13 9335.9 9340.21 9338.95 9334.94 9329.46 9323.72 9315.79 9306.51 9296.99 9294.65 9297.86 9302.5 9305.72 9304.26 9303.56 9303.2 9303.02 9300.59 9298.47 9296.95 9296.29 9296.37 9295.85 9297.7 9298.65 9299.06 9299.63
9327.32 9330.89 9333.68 9336.01 9337.11 9336.37 9338.82 9341.47 9343.32 9343.69 9343.39 9343.47 9344.45 9342.77 9329.51 9314.94 9313.46 9313.51 9312.82 9312.64 9312.55 9312.13 9311.82 9311.08 9310.52 9309.8 9311.31 9312.02 9312.78 9312.74 9309.65 9310.44 9310.67 9310.78 9310.8 9310.52 9311.42 9316.34 9321.13 9325.95 9330.26 9334.89 9335.06 9333.4 9329.94 9323.49 9314.52 9305.05 9296.82 9293.95 9296.98 9302.62 9307.9 9305.09 9304.71 9305.99 9307.54 9305.56 9301.97 9299.3 9298.09 9297.24 9296.81 9299.7 9299.17 9298.89 9299.17
9322.19 9325.75 9329.09 9331.29 9332.75 9333.57 9335.74 9337.48 9338.76 9339.08 9338.44 9336.6 9337.39 9335.86 9331.13 9328.23 9320 9314.87 9313.2 9312.73 9313.01 9312.77 9313.26 9314.16 9315.82 9318.74 9317.35 9314.6 9312.8 9309.95 9304.23 9305.89 9306.57 9305.99 9304.22 9303.7 9307.16 9310.67 9315.64 9319.99 9322.7 9324.45 9328.68 9330.91 9331.08 9323.19 9313.71 9304.7 9297.75 9294.9 9295.23 9297.22 9301.6 9301.56 9303.42 9306.23 9308.79 9307.1 9303.36 9300.3 9298.52 9298.46 9296.45 9298.94 9296.94 9297.06 9297.4
9317.95 9321.46 9324.85 9327.43 9329.01 9330.92 9332.76 9334.43 9336.09 9336.6 9335.86 9334.91 9335.16 9330.53 9327.75 9327.19 9318.89 9314.41 9313.12 9312.63 9313.08 9313.93 9315.02 9316.48 9318.83 9321.79 9319.82 9314.76 9310.73 9307.43 9305.8 9305.5 9305.18 9303.51 9300.56 9295.45 9298.8 9305.83 9311.17 9315.39 9318.49 9320.3 9323.33 9325.43 9325.25 9319.55 9311.87 9304.13 9297.29 9294.83 9293.68 9292.29 9290.01 9296.24 9300.41 9304.14 9307.31 9305.58 9302.31 9299.08 9296.63 9294.87 9291.06 9287.14 9292.09 9293.95 9294.71
9313.76 9317.51 9321.31 9324.55 9326.54 9327.46 9328.28 9333.2 9335.89 9336.68 9335.77 9333.43 9332.47 9328.24 9322.41 9311.86 9309.69 9312.21 9312.87 9313.72 9314.28 9315.36 9316.14 9317.52 9319.11 9320.5 9318.17 9312.66 9307.96 9305.42 9305.88 9306.81 9305.99 9304.06 9300.92 9300.82 9300.56 9304.13 9308.2 9311.93 9316.5 9319.53 9318.47 9318.71 9318.4 9314.76 9308.66 9303.83 9300.23 9296.54 9294.05 9292 9291.24 9294.28 9297.34 9299.85 9302.34 9301.44 9299.1 9296.04 9292.67 9289.38 9286.43 9287.28 9290.15 9291.2 9292.25
9308.77 9313.54 9318.3 9323.02 9326.45 9329.44 9332.72 9336.52 9338.13 9338.71 9338.18 9337.3 9336.45 9330.71 9323.48 9314.88 9312.62 9314.83 9314.96 9315.36 9315.98 9316.83 9317.5 9318.3 9318.34 9317.24 9314.07 9310.06 9304.94 9299.76 9305.2 9309.6 9309.1 9306.92 9303.05 9299.84 9302.5 9304.29 9306.55 9308.51 9308.72 9310.16 9311.03 9310.27 9310 9306.3 9302.88 9301.19 9300 9297.7 9295.84 9294.62 9294.86 9294.58 9295.27 9294.66 9294.72 9296.12 9294.69 9292.03 9288.81 9285.97 9284.36 9283.9 9286.59 9287.76 9288.89
9302.7 9309.48 9316.02 9322.44 9327.88 9334.32 9341.18 9341.3 9341.16 9341.26 9341.49 9343.82 9341.2 9334.54 9329.07 9325.92 9324.29 9320.01 9318.15 9317.82 9318.1 9318.72 9319.28 9319.55 9318.87 9316.36 9312.4 9310.69 9306.53 9302.46 9308.6 9313.71 9313.89 9312.5 9310.43 9307.66 9305.59 9305.15 9305.54 9306.71 9308.06 9306.12 9304.07 9300.68 9295.42 9293.13 9295.66 9297.59 9298.24 9298.13 9297.74 9297.41 9296.44 9297.44 9295.34 9292.93 9292.63 9292.78 9290.97 9287.96 9284.51 9280.99 9277.91 9277.3 9282.79 9283.77 9283.78
9297.77 9306.39 9314.34 9322.01 9328.83 9335.42 9340.28 9342.39 9343.21 9343.06 9342.52 9342.55 9343.04 9339.15 9331.93 9329 9326.95 9322.42 9320.19 9319.87 9320.25 9320.89 9321.6 9321.67 9321.42 9320.34 9318.98 9315.83 9312.75 9312.05 9315.64 9319.08 9317.81 9317.8 9318.51 9313.11 9307.89 9305.44 9304.2 9304.26 9306.18 9303.78 9298.83 9293.95 9288.24 9286.26 9290.6 9294.98 9297.58 9298.44 9299.16 9300.43 9302.92 9300.02 9296.61 9293.63 9293.88 9291.36 9288.35 9285.01 9281.17 9276.74 9273.24 9276.48 9280.86 9280.21 9277.51
9295.93 9304.86 9313.59 9321.94 9329.6 9336.31 9340.65 9344 9345.08 9344.31 9342.45 9340.32 9341.3 9334.63 9329.07 9324.99 9321.62 9320.5 9320.62 9321.18 9321.83 9322.66 9323.46 9323.96 9324.34 9324.77 9325.21 9321.83 9318.81 9317.38 9318.56 9319.58 9319.1 9319.34 9319.77 9312.56 9307.51 9304.72 9302.42 9299.57 9296.18 9295.96 9294.23 9290.64 9285.88 9283.64 9289.07 9293.84 9296.61 9298.23 9299.63 9301.31 9302.78 9301.62 9297.03 9293.21 9292.27 9289.31 9286.13 9282.71 9279.4 9276.33 9274.86 9278.39 9281.86 9277.67 9272
9295.85 9304.12 9313.12 9322.31 9330.88 9338.46 9344.43 9347.27 9347.46 9345.41 9342.62 9338.7 9333.29 9327.64 9324.51 9320.82 9315.11 9319 9321.01 9322.31 9323.36 9324.43 9325.37 9326.15 9326.69 9327.23 9328.78 9325.01 9323.36 9323.04 9321.43 9317.14 9318.29 9317.63 9314.13 9306.61 9305.98 9304.26 9301.66 9297.92 9293.01 9293.1 9292.81 9290.98 9288.96 9288.52 9291.75 9294.23 9296.21 9297.56 9298.88 9300.08 9300.45 9301.21 9295.71 9290.86 9289.24 9286.6 9283.74 9280.88 9278.54 9277.27 9278.04 9280.81 9281.65 9275.13 9267.5
9295.43 9303.45 9312.63 9322.11 9331.7 9340.78 9348.23 9352.07 9350.29 9345.94 9341.1 9337.14 9330.84 9325.05 9323.04 9321.72 9323.23 9321.67 9322.72 9323.94 9325.6 9326.71 9327.99 9328.87 9329.23 9328.42 9324.44 9325.58 9326.77 9326.51 9324.79 9322.04 9319.24 9316.35 9312.89 9308.27 9306.57 9305.22 9303.51 9301.1 9298.16 9295.85 9294.34 9293.05 9293.18 9296.02 9294.42 9295.67 9295.52 9296.14 9297.38 9298.52 9299.4 9298.05 9292.52 9288.5 9286.47 9283.56 9280.94 9278.73 9277.28 9277.09 9278.73 9280.25 9278.41 9272.14 9263.72
9294.05 9302.27 9311.6 9321.66 9332.17 9342.43 9351.83 9356.44 9352.18 9345.92 9338.68 9334.61 9329.31 9326.19 9324.36 9323.47 9320.93 9323.09 9325 9326.17 9327.36 9328.56 9329.2 9330.43 9331.48 9332.08 9331.76 9331.9 9330.83 9328.46 9325.7 9323.73 9320.35 9316.06 9312.6 9311.16 9308.55 9307.26 9306.03 9305.35 9303.74 9299.57 9296.47 9294.54 9293.67 9292.35 9291.49 9290.96 9291.88 9293.5 9295.2 9296.38 9295.77 9293.25 9287.24 9283.89 9282.24 9279.84 9278.04 9276.54 9275.26 9274.96 9275.58 9276.41 9276.7 9269.73 9261.79
9291.53 9300.35 9309.87 9320.08 9331.21 9341.93 9351.14 9355.74 9352.07 9345.14 9339.98 9332.64 9326.77 9325.8 9325.76 9326.69 9329.07 9328.55 9327.16 9327.42 9328.29 9329.43 9330.84 9332.37 9334.23 9336.55 9340.31 9339.87 9334.62 9330.17 9326.5 9325.38 9320.81 9316.34 9311.06 9310.91 9310.17 9309.05 9308.08 9307.43 9305.49 9301.44 9297.75 9294.96 9293.16 9292.51 9287.98 9283.64 9287.09 9290.47 9292.86 9294.51 9294.89 9288.31 9281.28 9276.67 9276.7 9275.78 9274.66 9273.61 9272.67 9272.01 9271.28 9271.17 9270.53 9267.52 9261.21
9289.48 9297.86 9307.2 9317.42 9328.34 9339.04 9348.74 9355.08 9350.22 9341.77 9334.4 9332.13 9329.64 9330.29 9330.6 9329.21 9328.72 9328.09 9328.38 9328.82 9329.54 9330.59 9332.01 9333.61 9335.81 9338.35 9340.96 9340.28 9335.62 9330.94 9326.91 9320.69 9317.41 9316.73 9317.24 9313.39 9311.53 9310.24 9309.26 9308.33 9305.87 9301.94 9297.95 9294.43 9291.28 9287.81 9285.26 9284.22 9285.69 9288.14 9290.49 9292.28 9292.88 9290.8 9281.52 9272.88 9272.92 9272.68 9271.77 9270.75 9269.88 9268.89 9267.89 9267.75 9268.95 9265.7 9261.16
9285.87 9293.92 9303.41 9313.54 9324.23 9333.96 9342.79 9348.83 9344.52 9337.38 9332.78 9335.79 9335.04 9333.27 9331.82 9329.74 9327.94 9327.67 9329.09 9329.61 9330.12 9331.07 9332.3 9334.13 9335.85 9337.79 9338.62 9337.19 9334.38 9329.57 9323.72 9318.4 9316.54 9316.29 9316.33 9314.8 9312.44 9310.83 9309.63 9308.22 9305.47 9301.31 9297.14 9293.18 9289.39 9285.97 9284.39 9284.3 9284.64 9286.1 9287.95 9289.4 9289.59 9286.91 9280.85 9276.49 9272.49 9270.8 9269.5 9268.62 9267.38 9266.08 9264.89 9264.09 9264.28 9263.7 9261.29
9281.02 9289.12 9299.04 9309.53 9319.42 9328.12 9334.54 9336.58 9335.93 9334.14 9334.13 9338.94 9336.98 9333.09 9331.72 9328.49 9329.35 9331.04 9330.32 9329.83 9329.9 9330.36 9331.42 9332.93 9334.73 9336.45 9337.32 9335.67 9333.85 9328.53 9321.2 9313.22 9309.72 9317.58 9317.16 9314.39 9312.15 9310.39 9309 9307.56 9304.25 9300.17 9295.81 9291.75 9288.01 9284.53 9282.55 9282.23 9282.68 9283.87 9285.17 9286.3 9286.18 9280.74 9274.48 9272.57 9270.79 9269.26 9267.93 9267.01 9265.61 9264.28 9262.76 9261.62 9263.22 9265.6 9261.15
