real_craters/C136-300m.grd
DSAA
281 281
-42.0175 42.0175
-42.0175 42.0175
8189.0356948651 11245.581479282
[rows 60 to 89 of 281, columns 134 to 200 of 281]
9360.58 9359.69 9358.55 9356.96 9355.9 9354.88 9353.77 9352 9349.66 9347.01 9344.85 9344.94 9343.32 9341.92 9340.03 9338.11 9336.29 9334.77 9333.48 9332.62 9331.63 9330.68 9329.25 9327.05 9324.4 9321.8 9319.82 9318.77 9319.04 9319.76 9320.19 9321.32 9323.81 9324.81 9324.45 9323.42 9321.98 9320.3 9318.94 9317.95 9316.67 9315.17 9313.63 9312.35 9311.78 9311.38 9311.31 9311.03 9310.94 9311.68 9310.66 9311.38 9311.17 9310 9307.63 9305.81 9304.38 9303.15 9302.54 9302.83 9307.62 9315.1 9324 9332.13 9340.94 9353.29 9368.25
9360.26 9359.34 9358.17 9357.02 9355.81 9354.8 9354.19 9352.57 9349.29 9346.2 9343.93 9343.87 9344.49 9342.62 9340.81 9338.95 9336.95 9335.31 9333.89 9333.07 9332.61 9331.28 9329.93 9327.67 9324.89 9321.93 9319.17 9318.45 9319.99 9321.94 9323.53 9324.32 9326.1 9324.88 9323.02 9322.05 9320.9 9319.62 9318.35 9317.22 9315.82 9314.33 9312.96 9311.63 9311.55 9311.88 9312.4 9312.17 9312.64 9316.02 9318.09 9315.49 9312.76 9310.49 9308.52 9306.48 9304.77 9303.54 9302.88 9303.55 9306.5 9312.36 9321.73 9328.86 9337.13 9349.22 9364.12
9360.04 9359.16 9357.91 9356.59 9355.15 9354.15 9353.32 9351.5 9348.73 9345.64 9342.55 9344.09 9344.84 9342.66 9340.56 9338.8 9337.44 9336.35 9335.51 9335.11 9335.09 9334.03 9331.68 9328.88 9325.81 9322.75 9320.24 9319.61 9321.32 9324.29 9329.24 9336.15 9329.23 9325.37 9322.67 9321.12 9319.85 9318.78 9317.55 9316.76 9315.91 9314.68 9312.76 9310.73 9310.71 9313.16 9315.26 9315.8 9316.03 9319.34 9323.02 9317.86 9314.02 9311.36 9309.14 9307.07 9305.36 9304.03 9303.24 9302.86 9303.33 9305.99 9314.12 9320.43 9329.83 9343.09 9358.91
9360.12 9359.35 9358.11 9355.54 9353.66 9353.86 9352.36 9350.77 9348.44 9346.01 9344.58 9345.28 9344.13 9342.03 9340.11 9338.73 9337.62 9336.81 9336.2 9336.6 9337.32 9336.63 9333.58 9330.37 9327.12 9323.92 9321.69 9321.25 9321.82 9324.63 9327.87 9327.97 9327.23 9324.77 9322.32 9320.49 9318.73 9317.17 9316.33 9316.79 9317.11 9316.53 9314.61 9311.75 9312.12 9315.74 9319.91 9322.4 9321.32 9316.89 9314.08 9314.78 9313.53 9311.51 9309.55 9307.63 9305.98 9304.54 9303.66 9302.77 9300.32 9296.36 9295.14 9306.98 9320.96 9336.75 9355
9360.48 9360.03 9359.57 9359.49 9359.45 9355.76 9352.3 9350.87 9348.43 9346.17 9345.01 9345.68 9344.96 9340.34 9339.3 9338.62 9337.87 9337.23 9337.1 9337.4 9337.92 9337.24 9334.75 9331.85 9328.62 9325.21 9321.67 9318.84 9321.52 9324.04 9325.37 9325.01 9324.54 9323.48 9322.44 9319.97 9317.62 9316.16 9315.73 9317.57 9319.33 9320.32 9319.46 9315.6 9315.84 9318.55 9323.59 9333.78 9330.28 9318.99 9312.28 9313.81 9313.33 9311.59 9309.56 9307.76 9306.16 9304.95 9303.94 9303.92 9301.25 9288.64 9283.52 9296.87 9313.74 9331.05 9348.73
9360.83 9360.57 9360.65 9361.5 9361.25 9357.31 9354.59 9351.67 9348.57 9345.58 9343.79 9343.92 9337.75 9337.66 9339.08 9338.81 9338.08 9337.34 9336.86 9337.71 9338.27 9337.66 9335.8 9333.33 9330.53 9327.46 9324.07 9321.29 9323.16 9324.98 9325.52 9324.48 9323.73 9321.95 9319.74 9317.57 9316.42 9316.21 9316.55 9319.45 9322.62 9325.94 9328.33 9327.81 9324.58 9320.14 9315.81 9321.88 9323.53 9322.38 9320.98 9316.8 9313.87 9311.38 9309.18 9307.29 9305.7 9304.48 9303.25 9302.58 9298.7 9286.19 9277.3 9294.21 9310.82 9327.82 9345.98
9360.96 9360.58 9360.34 9359.87 9358.18 9356.79 9354.85 9352.55 9349.02 9344.95 9339.62 9335.27 9345.25 9342.43 9340.85 9339.79 9338.73 9337.76 9337.21 9338.2 9339.06 9338.56 9337.07 9335.15 9333.04 9330.79 9328.81 9326.9 9327.7 9327.78 9327.32 9327.52 9325.03 9320.94 9316.69 9314.61 9315.62 9316.17 9318.97 9320.82 9325.22 9331.46 9338.39 9342.82 9334.71 9322.97 9306.81 9278.17 9298.8 9319.47 9322.84 9317.85 9313.84 9310.77 9308.45 9306.41 9304.81 9303.67 9301.71 9300.44 9298.64 9294.84 9295.61 9300.17 9312.23 9326.86 9342.19
9360.86 9360.27 9359.62 9358.76 9357.85 9357.41 9357.25 9353.84 9350.06 9346.3 9343.3 9344.48 9346.24 9345.05 9342.69 9340.87 9339.51 9338.54 9338.29 9339.12 9339.86 9339.54 9338.4 9337.03 9335.69 9334.7 9334.47 9335.55 9333.94 9331.12 9328.67 9326.08 9323.21 9321.15 9319.3 9318.34 9316.19 9315.23 9315.93 9318.92 9325.52 9333.76 9343.74 9353.83 9340.97 9328.95 9318.93 9311.84 9310.06 9317.23 9318.83 9315.18 9311.93 9309.37 9307.28 9305.82 9304.23 9302.68 9300.15 9298.34 9295.64 9297.28 9300.61 9305.4 9315.01 9327.72 9341.93
9360.61 9359.78 9358.9 9358.07 9357.6 9357.75 9357.48 9354.41 9350.99 9348.11 9346.48 9346.48 9347.14 9345.46 9343.46 9341.7 9340.36 9339.33 9339.06 9340.06 9340.7 9340.5 9339.64 9338.7 9337.85 9337.49 9337.86 9339.76 9337.46 9333.31 9329.9 9326.17 9323.33 9322.59 9321.54 9319.57 9316.98 9314.36 9310.54 9316.38 9324.23 9331.51 9339.06 9343.69 9338.19 9331.13 9328.1 9331.59 9317.42 9311.16 9311.16 9310.42 9309.04 9307.56 9305.78 9304.69 9303.29 9301.87 9299.06 9297.71 9297.28 9297.58 9301.31 9307.71 9317.06 9329.01 9343.48
9360.25 9359.25 9358.15 9357.09 9356.28 9356.08 9355.67 9353.79 9351.41 9349.18 9347.62 9346.83 9347.16 9345.74 9343.6 9342.13 9341.16 9340.67 9340.61 9341.14 9341.63 9341.47 9340.96 9340.3 9339.6 9338.92 9338.43 9337.68 9336 9334.05 9331.9 9329.73 9327.82 9325.86 9322.99 9319.58 9318.76 9317.89 9317.16 9320.36 9323.67 9326.66 9329.17 9330.85 9330.07 9326.87 9322.74 9317.15 9312.12 9305.51 9305.41 9306.1 9306.18 9305.17 9304.24 9303.37 9302.3 9301.17 9298.2 9297.46 9297.27 9297.68 9302.01 9308.67 9318.19 9329.61 9343.21
9359.99 9358.76 9357.53 9356.27 9355.21 9355.06 9354.47 9353.3 9351.79 9350 9348.34 9347.21 9348.38 9344.52 9343.29 9342.48 9341.81 9341.52 9341.67 9342.07 9342.46 9342.45 9342.16 9341.74 9341.03 9340 9338.55 9336.65 9335.12 9334.69 9334.28 9334.28 9334.1 9330.71 9327.08 9323.86 9322.82 9322.89 9326.01 9325.82 9323.08 9322.14 9319.9 9319.73 9322.56 9321.4 9317.36 9312.32 9307.73 9303.51 9302.48 9303.03 9303.22 9303.42 9303.02 9302.43 9301.68 9300.86 9297.57 9297.53 9298.23 9299.01 9302.74 9309.5 9318.64 9329.27 9340.97
9359.74 9358.71 9357.42 9356.01 9354.77 9354.09 9354 9353.42 9352.26 9350.74 9349.12 9347.81 9347.76 9345.02 9343.64 9342.86 9342.24 9341.84 9342.12 9342.63 9343.09 9343.45 9343.5 9343.33 9342.68 9341.38 9339.32 9337.06 9336.3 9335.5 9336.86 9337.98 9338.01 9335.34 9332.45 9330.73 9327.53 9325.21 9323.83 9322.23 9320.84 9320.13 9318.12 9317.95 9319.71 9318.84 9315.2 9310.29 9306.03 9302.45 9301.17 9301.46 9301.88 9301.95 9301.08 9301.25 9300.73 9300.15 9299.43 9297.13 9298.08 9298.91 9302.55 9309.32 9318.68 9328.97 9339.46
9360.03 9359.07 9357.93 9356.46 9354.79 9354.87 9354.68 9354.48 9353.56 9352.1 9350.4 9348.66 9348.31 9346.96 9344.73 9343.46 9342.66 9342.47 9342.78 9343.44 9344.06 9344.66 9344.95 9345.21 9344.94 9343.98 9341.58 9337.08 9331.77 9337.11 9340.66 9341.71 9340.97 9339.21 9336.89 9333.73 9330.32 9326.4 9321.16 9317.47 9318.53 9320.64 9323.37 9322.27 9320.76 9319.42 9316.93 9312.14 9306.26 9302.15 9300.65 9300.38 9300.41 9300.18 9299.6 9299.58 9298.68 9298.36 9297.85 9295.63 9296.35 9297.23 9301.81 9309.14 9318.52 9329.03 9339.93
9360.48 9360.03 9359.4 9358.28 9356.27 9355.51 9356.53 9356.51 9355.3 9353.54 9351.8 9350.84 9349.96 9348.54 9345.47 9343.93 9342.85 9342.29 9343.08 9344.08 9345.06 9345.96 9346.92 9347.67 9348.22 9348.26 9347.33 9344.63 9336.89 9346.22 9347.96 9347.15 9345.14 9343.62 9341.75 9338.85 9335.54 9330.41 9322.68 9314.41 9319.25 9321.35 9324.55 9323.4 9321.88 9321.31 9319.83 9314.84 9307.66 9302.83 9301.49 9300.7 9298.4 9297.61 9296.63 9296.37 9296.09 9297.3 9297.74 9294.54 9294.74 9295.63 9301.17 9308.8 9318.6 9329.3 9340.98
9361.19 9361.44 9361.65 9361.9 9361.45 9358.86 9361.16 9359.88 9357.62 9355.08 9352.62 9350.6 9348.88 9347.01 9345.58 9344.25 9343.2 9342.62 9343.51 9344.74 9345.85 9347.23 9348.69 9350.48 9352.06 9353.65 9355.59 9359.27 9369.4 9362.8 9357.19 9353.76 9351.34 9349.44 9347.61 9346.67 9343.98 9337.93 9333.17 9332.77 9324.38 9320.91 9319.97 9320.6 9321.57 9322.6 9323.44 9318.2 9311.49 9305.86 9302.31 9299.74 9299.71 9298.51 9297.79 9297.21 9296.75 9295.18 9295.27 9295.47 9294.34 9295.92 9300.68 9308.28 9318.17 9329.02 9340.66
9361.89 9362.79 9364.05 9366.13 9369.59 9372.31 9367.67 9363.68 9360.07 9356.62 9353.21 9349.75 9347.58 9347.3 9345.78 9344.57 9343.86 9343.64 9344.04 9345.18 9346.59 9348.58 9350.71 9353.11 9355.51 9358.36 9361.89 9366.85 9372.22 9369.23 9363.57 9359.28 9356.59 9354.55 9352.49 9350.12 9346.4 9345.53 9341.74 9333.86 9328.81 9320.42 9314.38 9317.71 9321.71 9323.73 9322.11 9319.3 9314.72 9308.91 9303.74 9300.58 9298.37 9296.94 9295.24 9294.88 9294.48 9294.66 9294.75 9295.02 9294.77 9295.43 9299.51 9307.26 9316.78 9327.86 9339.42
9362.72 9363.98 9365.63 9367.8 9370.95 9372.62 9370.37 9366.17 9361.98 9358.09 9354.31 9350.47 9347.91 9347.35 9345.91 9344.66 9344.13 9344.04 9344.06 9344.82 9346.97 9349.61 9352.47 9355.54 9358.68 9361.96 9365.44 9368.8 9370.14 9368.88 9366.08 9362.63 9359.54 9357.56 9357.15 9357.31 9358.12 9355.61 9352.34 9348.68 9338.9 9323.77 9312.75 9319.45 9324.92 9327.39 9326.73 9320.88 9314.51 9308.77 9304.05 9300.76 9298.54 9297.53 9295.96 9295.26 9294.81 9294.55 9294.33 9294.7 9294.74 9294.98 9298.33 9305.76 9315.09 9325.72 9337.74
9363.18 9364.28 9365.76 9367.4 9368.82 9370.15 9370.02 9366.61 9362.88 9359.19 9355.76 9352.82 9350.88 9348.82 9346.12 9344.21 9343.14 9342.91 9343.45 9345.04 9347.29 9350.34 9353.82 9357.51 9361.12 9364.64 9367.61 9369.75 9369.88 9369 9367.9 9365.11 9362.04 9360.35 9361.14 9364.65 9368.98 9363.38 9360.48 9362.09 9350.46 9334.67 9325.45 9329.61 9332.96 9333.33 9329.54 9321.26 9313.73 9307.37 9303.23 9300.42 9298.64 9296.96 9295.46 9294.72 9294.21 9293.93 9293.87 9294.24 9294.1 9293.7 9296.84 9304.48 9313.28 9323.03 9334.19
9363.64 9364.29 9365.43 9366.61 9367.86 9368.72 9368.45 9365.74 9362.71 9359.49 9356.52 9354.29 9352.7 9350.62 9347.17 9343.07 9340.58 9339.75 9341.21 9344.45 9347.07 9351.1 9355.13 9359.43 9363.82 9367.53 9370.55 9372.5 9372.99 9372.56 9371.19 9368.39 9364.72 9361.52 9363.48 9365.18 9363.23 9363.63 9362.43 9357.24 9352.96 9351.39 9348.21 9345.69 9344.53 9341.78 9333.98 9320.82 9308.67 9304.36 9301.79 9299.42 9297.62 9296.3 9295.3 9294.56 9294.16 9293.75 9293.56 9293.93 9294.35 9293.89 9296.69 9304.39 9311.57 9319.33 9327.92
9363.82 9364.03 9364.83 9365.74 9366.58 9366.36 9365.42 9364.3 9361.89 9358.99 9356.21 9353.86 9351.85 9351.83 9347.81 9340.41 9336.21 9334.63 9335.34 9339.93 9345.92 9351.94 9357.61 9362.63 9367.08 9370.88 9374.12 9376.39 9377.64 9377.89 9375.99 9373.26 9369.69 9366.35 9368.38 9369.63 9368.43 9369.23 9366.85 9361.21 9360.17 9367.52 9367.4 9360.73 9356.15 9351.62 9340.82 9323.28 9308.28 9303.9 9301.49 9299.55 9298.17 9296.97 9296.01 9295.2 9294.69 9294.02 9293.47 9293.5 9294.44 9298.13 9303.92 9305.63 9309.7 9315.03 9320.52
9363.24 9363.68 9364.2 9364.83 9365.53 9365.3 9365.04 9363.39 9361.27 9358.33 9355.54 9352.84 9350.85 9349.69 9346.2 9336.58 9328.55 9330.15 9332.14 9337.32 9346.95 9354.33 9360.58 9365.94 9370.54 9374.96 9378.53 9381.28 9382.61 9382.01 9382.03 9380.27 9377.57 9376.64 9377.61 9380.16 9382.21 9381.3 9377.19 9369.92 9366.84 9376.64 9376.58 9370.1 9364.07 9358.55 9345.49 9327.2 9313.54 9306.37 9302.79 9300.49 9299.17 9297.96 9296.97 9296.04 9295.01 9294.19 9293.39 9292.84 9293.66 9297.94 9302.75 9303.97 9306.84 9311 9314.82
9363.61 9364.16 9364.46 9364.55 9364.61 9365.7 9365.93 9363.41 9360.55 9357.24 9353.76 9350.93 9348.62 9344.85 9341.35 9336.25 9331.61 9336.11 9341.86 9346.84 9353.31 9359.38 9365.04 9370.53 9375.35 9379.82 9383.73 9387.32 9389.8 9390 9390.87 9388.7 9386.08 9383.28 9386.37 9392.18 9396.79 9397.11 9391.42 9386.24 9385.77 9385.15 9381.19 9374.45 9366.92 9359.39 9345.57 9328.63 9315.81 9309.08 9304.86 9302.18 9300.27 9298.9 9297.83 9297.11 9296.19 9295.23 9294.02 9292.61 9292.32 9293.87 9296.31 9299.09 9303.43 9308.19 9312.68
9365.3 9366.52 9366.47 9365.61 9365.24 9365.8 9365.96 9364.11 9360.95 9357.26 9353.16 9348.66 9343.64 9337.83 9335.91 9343.16 9348.2 9351.74 9357.14 9359.29 9362.19 9366.77 9371.78 9376 9380.58 9384.98 9389.16 9393.37 9397.83 9404.49 9400.72 9397 9395.13 9395.63 9399.26 9403.51 9409.59 9410.16 9403.41 9398.01 9394.55 9389.01 9382.6 9375.91 9367.16 9353.45 9342.49 9330.29 9319.16 9311.51 9307.03 9304.13 9302.32 9300.72 9299.53 9298.49 9297.72 9296.97 9295.74 9293.56 9291.66 9290.85 9288.61 9294.23 9300.71 9306.6 9312.46
9369.56 9371.59 9371.15 9367.94 9365.88 9367.5 9368.01 9365.92 9362.81 9359.75 9355.4 9348.97 9339.45 9335.58 9336.72 9363.43 9368.24 9366.99 9367.59 9368.37 9371.04 9374.54 9378.77 9383.02 9387.11 9390.53 9394.36 9398.13 9402.36 9403.87 9404.51 9402.67 9401.69 9404.06 9407.11 9409.92 9414.54 9415.05 9409.91 9402.92 9396.7 9384.11 9381.17 9376.83 9369.95 9359.16 9343.45 9328.74 9318.93 9312.91 9309.35 9306.73 9304.59 9302.92 9301.53 9300.43 9299.73 9299.36 9299.1 9298.34 9295.97 9293.46 9292.85 9295.5 9300.04 9305.86 9312.61
9378.1 9381.13 9380.96 9375.2 9371.51 9373.23 9371.36 9368.54 9366.46 9364.83 9362.11 9357.4 9351.02 9347.16 9351.69 9382.43 9386.08 9378.44 9372.86 9375.09 9379.09 9382.8 9386.77 9390.23 9393.64 9396.71 9399.66 9402.29 9405.5 9409.47 9409.06 9405.7 9404.45 9403.21 9403.85 9412.01 9418.08 9419.42 9413.74 9404.19 9390.75 9384.82 9381.41 9378.18 9374.04 9365.97 9346.08 9325.12 9317.92 9314.96 9311.84 9309.18 9306.7 9304.52 9302.8 9301.45 9300.8 9300.98 9302.2 9304.89 9302.53 9297.22 9296.08 9296.65 9299.32 9304.66 9311.32
9389.58 9393.26 9396.37 9397.41 9393.7 9384.35 9375.95 9371.62 9371.24 9372.46 9373.39 9372.47 9368.43 9366.53 9371.42 9393.48 9394.22 9387.32 9381.27 9384.04 9387.73 9391.28 9394.92 9397.73 9400.42 9402.63 9404.61 9405.84 9406.58 9406.33 9405.65 9406.67 9407.34 9406.71 9407.56 9416.24 9421.84 9423.31 9416.59 9407.15 9396.35 9387.45 9383.22 9378.37 9374.3 9369.29 9349.52 9332.2 9323.9 9319.25 9315.2 9311.87 9308.67 9305.98 9303.78 9302.12 9301.14 9301 9302.1 9304.28 9301.8 9296.31 9293.51 9293.74 9296.98 9302.35 9308.96
9400.77 9404.55 9410.9 9421.85 9413.46 9394.07 9378.99 9373.27 9377.03 9382.48 9387.95 9392.96 9396.75 9396.39 9391.24 9398.9 9400.83 9397.61 9394.52 9395.66 9398.04 9400.24 9402.78 9405.1 9407.65 9409.48 9410.41 9410.36 9408.75 9405.77 9404.83 9408.45 9412.86 9417.2 9423.23 9424.26 9424.21 9422.43 9416.44 9409.7 9405.81 9397.27 9384.53 9376.28 9368.27 9359.25 9351.85 9340.5 9332.12 9325.31 9319.24 9314.83 9310.79 9307.43 9304.61 9302.34 9300.74 9299.61 9298.86 9297.44 9295.61 9292.42 9288.82 9288.39 9294.11 9299.91 9305.95
9408.31 9411.1 9414.64 9417.72 9412.22 9397.77 9382.46 9377.19 9385.42 9393.97 9402.71 9413.28 9425.08 9428.51 9418.5 9412.99 9408.02 9410.53 9410.57 9409.34 9409.54 9410.48 9411.88 9413.85 9415.32 9416.38 9416.32 9415.96 9413.48 9409.25 9405.9 9413.03 9419.51 9425.41 9431.2 9428.57 9424.27 9419.35 9413.65 9407 9399.32 9389.76 9380.64 9372.77 9366.54 9361.42 9357.23 9350.11 9340.36 9331.15 9323.79 9317.93 9313.07 9309.18 9305.7 9302.69 9299.97 9297.82 9295.48 9293.03 9291.49 9289.87 9288.52 9290.08 9294.02 9298.79 9303.79
9413.6 9414.11 9412.96 9409.4 9406.87 9400.25 9394.59 9394.88 9397.64 9404.46 9415.63 9428.62 9441.98 9446.59 9436.74 9418.84 9414.55 9420.46 9423.15 9420.24 9419.32 9419.76 9420.27 9421.36 9422.81 9423.26 9423.82 9423.5 9422 9419.84 9419.03 9422.47 9426.4 9429.35 9430.48 9427.08 9421.83 9416.97 9410.33 9401.94 9391.99 9381.32 9374.12 9366.95 9363.2 9360.91 9360.94 9358.2 9345.49 9334.73 9326.83 9320.97 9315.74 9311.07 9307.04 9303.36 9299.89 9296.48 9293.19 9289.79 9289.21 9289.08 9290.18 9293.12 9294.49 9297.46 9302.07
9418.38 9417.07 9413.42 9409.54 9406.06 9402.38 9401.74 9404.16 9404.65 9412.25 9424.04 9437.92 9451.77 9459.12 9449.29 9439.49 9428.59 9424.27 9426.08 9428.39 9428.9 9428.53 9429.13 9430.05 9430.98 9432.67 9432.73 9433.6 9433.37 9433.54 9433.62 9434.09 9434.07 9432.42 9428.64 9423.24 9416.88 9410.05 9402.77 9397.05 9391.52 9379.71 9369.29 9358.45 9350.97 9349.85 9353.61 9353.22 9343.86 9335.28 9327.9 9321.63 9316.04 9311.34 9306.9 9302.96 9299.29 9295.81 9292.54 9289.91 9288.66 9288.64 9289.71 9291.16 9293.06 9295.99 9299.57
