real_craters/C136-500m.grd
DSAA
169 169
-42.0175 42.0175
-42.0175 42.0175
8191.4061372292 11242.18887726
[rows 90 to 119 of 169, columns 0 to 66 of 169]
9276.29 9277.63 9279.11 9279.24 9276.13 9274.48 9276.78 9278.97 9281.75 9284.23 9285.62 9287.64 9289.78 9293.44 9298.36 9307.45 9320.22 9329.78 9342.58 9350.35 9350.36 9350.06 9351.94 9349.56 9343.97 9344.49 9347.96 9352.36 9347.6 9337.74 9331.12 9332.49 9334.43 9335.72 9338.36 9340.3 9344.04 9349.97 9355.6 9359.68 9363.28 9364.92 9363.8 9362.05 9358.12 9354.06 9350.95 9349.55 9349.56 9350.09 9351.41 9354.09 9356.8 9359.99 9367.43 9388.85 9413.43 9442.53 9472.27 9505.35 9528.53 9541.98 9535.16 9473.03 9336.91 9123.2 8967.24
9277.91 9279.55 9279.78 9278.15 9275.76 9275.65 9274.94 9277.93 9280.39 9282.7 9284.29 9285.74 9287.07 9288.23 9289.72 9292.17 9301.37 9314.92 9326.63 9348.27 9353.94 9354.31 9356.18 9354.97 9351 9349.14 9346.08 9343.22 9340.02 9335.5 9333.98 9335.06 9340.13 9342.34 9340.29 9341.13 9342.7 9347.37 9354.72 9363.66 9369.16 9365.1 9363.35 9361.68 9359.64 9357.08 9357.63 9351.49 9350.17 9350.32 9351.45 9354.52 9356.39 9357.65 9361.95 9376.14 9406.53 9441.23 9480.71 9517.07 9548.99 9571.41 9581.06 9566.58 9407.49 9155.84 9021.17
9280.47 9283.41 9281.34 9277.67 9275.87 9275.48 9276.77 9278.8 9280.56 9282.25 9284.13 9284.84 9285.53 9285.03 9283.8 9283.1 9291.73 9309.34 9325.66 9348.92 9353.5 9352.7 9350.56 9348.7 9350.08 9347.11 9345.43 9336.48 9335.76 9331.39 9330.3 9334.33 9340.65 9345.99 9345.24 9343.82 9343.05 9347.43 9353.04 9357.49 9355.66 9361.49 9361.88 9360.8 9359.29 9355.98 9351.77 9350.67 9350.24 9350.33 9351.35 9354.25 9357.11 9357.75 9360.24 9370.68 9400.37 9439.13 9481.88 9523.51 9564.16 9594.13 9604.3 9563.18 9434.93 9215.24 9088.2
9279.84 9280.26 9279.59 9277.26 9277.08 9278.46 9279.05 9281.2 9282.64 9284.1 9285.4 9286.77 9286.93 9286.31 9284.3 9283.93 9294.67 9313.98 9336.81 9348.4 9350.52 9348.56 9344.55 9342.86 9351.38 9357.87 9351.44 9343.86 9338.03 9334.78 9332.41 9331.84 9332.4 9337.73 9343.65 9344.35 9345.69 9346.95 9351.49 9355.28 9360.79 9360.81 9360.34 9358.7 9355.75 9353.32 9351.58 9350.45 9350.03 9350.09 9350.77 9353.45 9356.42 9357.61 9359.59 9365.79 9394.72 9437.17 9482.4 9529.44 9572.33 9610.94 9627.01 9608.95 9514.34 9287.19 9159.38
9278.42 9280.96 9280.24 9278.54 9279.3 9281.16 9284.17 9285.4 9285.1 9286.36 9288.12 9290.14 9291.86 9292.19 9291.59 9289.29 9301.49 9318.91 9334.95 9344.35 9345.93 9344.24 9342.05 9342.49 9352.17 9362.16 9352.27 9343.14 9339.32 9339.66 9334.2 9329.81 9327.49 9333.21 9342.05 9346.96 9343.01 9346.26 9350.66 9356.34 9361.62 9360.73 9359.33 9356.99 9354.38 9352.05 9351.48 9350.61 9349.98 9349.89 9350.58 9353.3 9355.08 9358.02 9362.38 9369.43 9392.99 9434.14 9481.72 9530.55 9582.53 9622.82 9650.01 9644.79 9561.98 9355.75 9232.89
9277.18 9280.16 9281.68 9282.93 9281.65 9282.54 9284.46 9286.4 9286.37 9288.89 9291.67 9295.25 9298.55 9301.71 9305.46 9308.79 9315.31 9324.56 9332.06 9334.13 9336.84 9339.75 9343.37 9347.68 9349.69 9340.97 9341.58 9339.27 9335.55 9330.93 9331 9328.19 9330.41 9333.8 9340.53 9346.22 9346.47 9346.82 9349.79 9354.14 9357.38 9358.23 9357.06 9355.67 9355.04 9355.83 9352.42 9350.81 9349.61 9349.27 9350.6 9352.15 9356.69 9362.81 9368.34 9372.55 9391.93 9433.5 9484.24 9534.74 9586.6 9630.7 9662.86 9677.07 9633.86 9434.81 9307.74
9277.51 9280.61 9282.44 9285.01 9287.4 9284.53 9282.43 9280.93 9287.37 9291.62 9295.97 9300.27 9305.56 9311.87 9319.86 9328.87 9327.38 9329.22 9333.57 9328.24 9329.01 9335.06 9342.11 9350.74 9348.43 9344.93 9330.66 9327 9331.81 9333.14 9329.59 9325.81 9323.67 9334.55 9341.16 9340.35 9344.04 9342.8 9346.96 9350.79 9354.51 9354.97 9353.79 9353.22 9353.05 9352.14 9351.3 9349.65 9348.25 9347.93 9348.8 9351.74 9358.53 9367.11 9376.93 9384.54 9395.46 9434.48 9482.67 9535.11 9587.66 9636.18 9678.52 9690.05 9647.13 9511.61 9384.6
9277.85 9280.12 9283.34 9285.35 9285 9285.82 9285.03 9286.05 9289.2 9294.41 9300.48 9306.61 9313.29 9320.37 9327.06 9332.26 9332.16 9330.15 9328.69 9327.67 9326.92 9330.93 9336.01 9339.61 9340.77 9341.49 9329.94 9325.22 9329.86 9332.38 9329.58 9326.37 9324.05 9333.28 9338.16 9336.5 9330.84 9342.11 9344.22 9346.42 9349.29 9349.48 9348.66 9349.46 9350.59 9349.71 9349.77 9347.63 9346.57 9346.02 9347.72 9351.03 9360.76 9371.38 9384.76 9392.95 9400.05 9431.25 9472.25 9519.75 9571.09 9622.14 9672.7 9699.03 9667.05 9573.02 9471.09
9282.97 9283.85 9285.61 9286.68 9289.08 9289.32 9287.34 9286.15 9292.19 9298.33 9304.71 9311.3 9318.65 9325.77 9332.26 9334.72 9333.6 9330.97 9330.06 9325.96 9324.63 9326.94 9328.72 9328.63 9327.1 9324.24 9333.23 9330.11 9330.13 9332 9329.4 9328.48 9332.22 9339.02 9337.53 9338.2 9337.49 9340.71 9341.44 9340.94 9338.81 9337.43 9342.4 9345.58 9347.91 9350.98 9348.27 9346.31 9345.77 9344.88 9347.33 9354.28 9365.43 9377.94 9391.89 9400.02 9403.92 9425.91 9459.33 9500.55 9545.36 9599.48 9658.43 9716.24 9722.52 9643.5 9571.91
9287.63 9287.57 9288.55 9289.91 9293.12 9292.76 9291.43 9293.44 9297.93 9302.79 9308.54 9315.35 9322.39 9329.36 9335.74 9337.85 9334.08 9330.37 9327.94 9328.68 9325.4 9323.87 9322.94 9321.2 9317.17 9311.67 9320.16 9327.88 9330.71 9330.55 9329.79 9327.25 9327.46 9330.33 9336.46 9341.01 9341.51 9339.9 9339.33 9338.05 9335.82 9335.26 9339.61 9343.16 9344.06 9342.03 9343.04 9346.02 9346.69 9345.75 9346.47 9354.99 9368.85 9386.57 9394.21 9405.07 9406.25 9415.34 9437.31 9472.78 9514.17 9565.95 9629.37 9706.37 9747.55 9719.33 9684.95
9291.07 9289.93 9290.23 9294.34 9292.82 9290.65 9293.11 9299.12 9301.39 9305.85 9311.89 9317.79 9323.92 9329.63 9332.62 9334.09 9333.02 9329.01 9326.46 9326.57 9322.17 9321.6 9319.45 9316.37 9312.38 9309.47 9311.9 9321.41 9330.99 9333.69 9331.82 9332.07 9329.47 9330.03 9333.39 9336.31 9338.63 9337.91 9337.43 9338.11 9338.1 9339.13 9341.94 9343.4 9343.16 9341.77 9342.49 9344.92 9349.23 9355.31 9352.13 9356.12 9366.77 9376.56 9385.34 9388.45 9386.16 9393.87 9415.77 9443.81 9476.99 9518.25 9570.21 9642.34 9718.35 9750.39 9758.97
9293.36 9289.89 9286.8 9284.7 9281.4 9286.3 9292.02 9293.59 9298.71 9306.8 9312.99 9318.58 9324.46 9329.96 9334.02 9334.27 9332.43 9329.49 9326.91 9325.25 9322.69 9320.14 9317.52 9314.92 9311.56 9309.48 9309.07 9316.4 9313.39 9323.87 9332.3 9335.21 9329.62 9319.64 9314.64 9330.38 9333.57 9331.39 9337.12 9340.6 9343.46 9346.17 9346.87 9346.53 9345.89 9345.95 9345.08 9343.78 9349.86 9360.31 9358.07 9362 9367.05 9372.11 9380.96 9386.99 9361.56 9373.2 9394.96 9414.47 9436.43 9458.9 9482.49 9513.48 9586.96 9662.45 9711.98
9292.79 9288.34 9283.72 9277.8 9286.09 9291.75 9294.29 9298.55 9304.43 9307.94 9312.86 9318.42 9324.22 9330.09 9335.4 9334.63 9332.6 9328.6 9323.67 9319.84 9320.78 9319.57 9316.37 9311.8 9308.54 9311.03 9322.55 9325.36 9327.19 9329.84 9336.19 9337.66 9336.75 9330.56 9323.73 9333.71 9337.2 9340.08 9341.69 9343.06 9345.91 9350.6 9349.96 9348.54 9348.63 9349.27 9347.79 9344.78 9347.4 9355.38 9383.28 9370.99 9369.1 9371.08 9378.95 9387.37 9377.28 9374.51 9382.4 9390.95 9399.52 9403.83 9398.38 9381.49 9430.7 9515.09 9575.97
9289.55 9285.95 9284.46 9288.46 9291.24 9293 9294.26 9300.27 9305.4 9306.58 9310.05 9315.34 9322.2 9328.42 9332.08 9334.4 9333.15 9330.58 9324.29 9316.13 9323.08 9321.84 9317.39 9312.75 9308.94 9314.63 9320.5 9329.39 9345.11 9336.17 9338.5 9351.56 9345.08 9338.72 9324.72 9324.61 9333.19 9344.17 9343.03 9342.21 9344.09 9346.45 9347.15 9348.11 9349.57 9352.09 9353.12 9343.87 9345.4 9358.26 9364.77 9369.67 9368.42 9368.8 9377.57 9394.48 9397.48 9385.26 9379.65 9379.34 9373.6 9369.55 9358.95 9347.07 9358.34 9394.33 9452.55
9280.7 9280.91 9281.4 9284.57 9283.14 9282.62 9288.24 9293.43 9297.61 9299.95 9304.11 9310.35 9318.32 9326.62 9332 9333.94 9333.94 9331.79 9329.26 9325.54 9326.33 9324.8 9320.12 9314.67 9312.19 9314.76 9318.97 9318.39 9312.43 9320.58 9324.8 9335.71 9335.53 9338.78 9326.38 9315.49 9323.75 9328.65 9334.18 9337.27 9339.55 9341.21 9343.75 9345.93 9347.59 9348.51 9345.05 9341.16 9344.46 9359.33 9372.68 9368.92 9366.06 9366.14 9378.38 9396.11 9401.99 9389.71 9376.16 9367.56 9360.58 9356.72 9350.03 9344.05 9346.19 9383.6 9419.93
9277.29 9276.13 9275.71 9275.18 9278.42 9278.84 9282.3 9283.34 9283.25 9288.23 9295.27 9302.76 9312.25 9323.79 9331.39 9332.27 9333.66 9334.69 9333.63 9333.52 9334.28 9331.66 9324.2 9316.97 9310.03 9320.76 9329.33 9316.09 9297.83 9306.88 9307.54 9303.29 9335.33 9338.23 9330.25 9318.9 9320.21 9325.03 9328.28 9331.71 9335.03 9337.99 9340.26 9343.44 9345.42 9345.47 9342.02 9337.71 9337.06 9349.69 9361.6 9362.75 9361.88 9364.15 9373.99 9406.84 9417.54 9377.8 9369.36 9360.87 9356.25 9349.31 9346.64 9346.38 9336.62 9338.03 9373.61
9273.92 9272.95 9273.99 9277.64 9279.71 9284.77 9278.77 9275.85 9272.85 9279.62 9286.37 9293.03 9300.99 9312.86 9322.18 9324.26 9330.63 9336.8 9335.96 9334.78 9335.01 9332.28 9327.38 9322.12 9318.06 9321.55 9319.76 9312.74 9311.39 9309.09 9314.06 9323.54 9332.17 9333.14 9329.18 9322.89 9320.87 9320 9322.18 9326.8 9331.3 9335.42 9339.85 9342.06 9344.63 9345.94 9347.39 9339.87 9334.93 9346.79 9353.05 9352.96 9353.58 9359.9 9393.98 9411.75 9442.43 9379.7 9367.4 9358.75 9351.11 9344.99 9339.37 9333.7 9330.3 9331.08 9343.56
9272.84 9270.86 9266.09 9276.39 9276.89 9275.21 9274.29 9273.4 9274.81 9275.95 9279.54 9282.79 9285.43 9286.45 9295.64 9307.8 9319.55 9331.47 9332.18 9333.19 9333.77 9332.73 9329.63 9326.31 9325.78 9328.33 9321.96 9316.35 9313.67 9314.8 9318.89 9326.46 9332.39 9329.19 9331.25 9331.04 9324.51 9319.57 9317.86 9323.79 9329.89 9334.28 9332.16 9341.76 9344.11 9344.06 9341.98 9338.82 9342.36 9337.63 9340.69 9343.98 9344.71 9343.4 9339.84 9379 9404.43 9390.65 9365.57 9354.86 9347.43 9339.35 9333.14 9325.59 9326.33 9331.76 9336.41
9274.73 9272.62 9275.49 9275.61 9273.95 9270.97 9271.48 9271.38 9270.96 9271.81 9273.82 9274.84 9274.2 9271.57 9278.51 9289.97 9300.03 9310.97 9320.31 9328.63 9332.33 9332.29 9331.1 9329.03 9327.11 9327.96 9328.23 9328.62 9322.76 9321.05 9321.61 9328.78 9334.43 9334.69 9337.84 9335.07 9328.23 9320.94 9319.82 9324.47 9331.62 9338.07 9343.48 9345.23 9344.91 9342.1 9336.52 9330.23 9322.04 9327.44 9333.36 9337.17 9338.37 9337.73 9340.67 9354.32 9357.28 9350.85 9352.55 9348.06 9342.5 9336.76 9329.76 9328.31 9325.33 9326.32 9332.38
9275.66 9273.4 9271.11 9272.83 9273.14 9274.6 9272.08 9270.34 9269.48 9269.35 9270.4 9270.56 9269.97 9270.53 9272.33 9276.83 9280.75 9289.98 9306.52 9319.51 9326.38 9328.77 9328.9 9329.66 9328.99 9323.73 9323.52 9326.9 9325.41 9327.22 9329.8 9342.46 9343.47 9321.02 9339.98 9339.74 9332.92 9326.45 9321.58 9328.23 9335.62 9343.92 9353.09 9351.82 9346.4 9341.24 9337.27 9328.13 9317.4 9332.75 9336.63 9336.74 9336.51 9337.75 9338.7 9342.1 9340.08 9340.89 9341.88 9339.95 9337.44 9334.42 9330.07 9327.56 9324.42 9322.81 9323.84
9274.88 9273.38 9271.88 9271.52 9271.68 9270.51 9269.81 9269.61 9269.5 9270.19 9269.69 9269.17 9268.92 9268.4 9268.99 9269.62 9270.8 9280.19 9297.36 9311.62 9319.02 9320.02 9325.02 9329.12 9331.77 9319.91 9318.68 9319.5 9322.67 9332.33 9345.29 9352.65 9351.39 9341.13 9341.28 9342.58 9338.44 9333.22 9329.43 9333.21 9339.8 9347.4 9354.08 9352.72 9346.58 9340.26 9332.04 9323.89 9324.98 9339.88 9339.33 9337.62 9336.1 9335.28 9336.28 9333.39 9330.38 9332.9 9335.86 9334.72 9334.48 9335.36 9334.5 9328.26 9323.92 9321.22 9319.8
9273.83 9272.11 9273.16 9271.78 9270.32 9268.6 9268.14 9269.35 9270.57 9271.21 9269.9 9268.95 9268.97 9269.75 9268.01 9267.39 9269.26 9278.79 9293.89 9308.46 9316.28 9317.85 9321.33 9326.31 9331.04 9330.42 9321.6 9319.17 9323.1 9332.92 9340.55 9341.71 9349.33 9354.28 9350.46 9348.73 9344.26 9339 9333.51 9337.52 9342.87 9346.96 9350.98 9349.62 9342.63 9338.84 9332.49 9325.19 9324.11 9335.83 9337.11 9335.93 9333.71 9331.73 9327.74 9324.07 9320.95 9322.24 9325.85 9328.71 9332.31 9336.73 9339.12 9328.98 9324.33 9320.4 9316.03
9271.92 9270.08 9271.11 9271.18 9270.61 9269.56 9269.41 9269.35 9269.66 9269.77 9268.59 9268.38 9268.41 9268.64 9268.11 9268.12 9269.27 9280.24 9293.91 9303.4 9308.45 9315.52 9317.2 9320.16 9325.19 9318.72 9323.22 9322.01 9324.65 9331.72 9340.65 9342.28 9349 9357.36 9357.81 9354.49 9351.14 9348.58 9345.55 9348.26 9348.19 9345.05 9337.29 9330.02 9339.29 9342.01 9342.37 9344.8 9329.96 9329.28 9331.13 9333.24 9331.45 9328.31 9324.49 9320.75 9314.95 9309.12 9313.24 9321.93 9328.6 9333.62 9336.26 9332.1 9327.47 9323.17 9327.56
9270.47 9269.68 9270.81 9271.38 9270.84 9269.93 9269.12 9269.68 9269.71 9274.48 9269.18 9267.98 9267.35 9267.78 9269.07 9271.36 9276.04 9285.44 9297.88 9310.89 9317.81 9310.43 9309.76 9313.37 9317.39 9323.33 9327.36 9328.77 9326.76 9329.97 9335.88 9349.25 9352.81 9363.34 9360.45 9355.44 9353.79 9356.46 9365.61 9363.91 9354.04 9347.12 9340.52 9340.67 9343.74 9348.41 9352.07 9348.43 9350.3 9338.14 9331.3 9327.57 9325.11 9323.68 9323.66 9322.82 9316.16 9313.4 9312.68 9319.45 9326.47 9330.7 9333.58 9335.79 9333.23 9330.42 9341.72
9270.52 9270.57 9272.27 9271.94 9271.52 9270.9 9270.3 9270.92 9271.39 9271.22 9269.65 9267.65 9266.82 9267.65 9270.12 9274.57 9282.08 9290.64 9302.15 9313.74 9319.29 9315.73 9313.61 9311.32 9305.5 9315.05 9323.62 9323.13 9321.92 9329.87 9337.84 9345.37 9356.96 9357.96 9352.56 9350.22 9351.03 9355.75 9361.43 9360.57 9354.5 9348.99 9346.47 9347.01 9350.57 9356.08 9363.41 9370.74 9355.2 9338.09 9327.33 9321.59 9319.87 9318.43 9317.83 9316.82 9313.07 9311.07 9312.42 9319.32 9326.25 9333.35 9342.54 9339.61 9339.22 9343.61 9347.37
9270.8 9270.1 9271.82 9272.37 9272.66 9272.83 9274.56 9272.9 9272.44 9272 9269.69 9266.63 9265.33 9266.53 9270.02 9276.05 9283.11 9292.96 9303.85 9314.44 9320.88 9319.21 9316.03 9315.66 9315.52 9311.28 9314.22 9321.16 9327.2 9329.25 9335.55 9344.21 9343.96 9338.02 9334.23 9338.09 9341.89 9347.17 9353.93 9357.16 9349.76 9346.81 9347.45 9350.25 9353.51 9357.19 9363.54 9370.02 9344.36 9334.24 9321.74 9317.4 9315.11 9313.2 9311.2 9309.91 9308.56 9310.95 9314.83 9320.06 9325.65 9332.69 9335.73 9337.78 9339.92 9340.34 9340.02
9271.22 9272.12 9272.27 9272.66 9273.29 9274.12 9274.79 9274.02 9272.89 9270.8 9267.98 9265.23 9262.62 9264.06 9268.22 9275.64 9284.57 9292.04 9302.39 9313.07 9320.46 9319.86 9318.22 9316.65 9312.36 9305.49 9306.93 9318.26 9330.46 9337.55 9334.63 9325.54 9316.69 9323.9 9322.65 9324.36 9328.33 9332.35 9335.1 9334.21 9337.37 9339.81 9343.47 9350.87 9350.65 9352.12 9353.87 9350.64 9341.54 9312.35 9311.98 9312.74 9312.43 9310.64 9307.57 9301.81 9305.97 9311.23 9319.98 9318.46 9320.32 9325.71 9326.07 9330.38 9336.83 9341.21 9336.3
9271.12 9272.16 9271.86 9272.78 9273.3 9273.99 9274.13 9274.29 9273.51 9272 9269.89 9265.99 9261.99 9262.29 9264.65 9268.27 9276.25 9286.72 9297.94 9308.16 9313.36 9316.8 9314.9 9306 9298.07 9289.94 9300.24 9308.02 9325.02 9330.51 9319.43 9301.66 9292.07 9296.37 9303.79 9309.8 9314.34 9317.58 9318.44 9319.5 9326.07 9331.88 9336.01 9336.58 9340.02 9343.32 9343.52 9343.76 9342.77 9319.28 9313.17 9312.82 9312.63 9312 9311.08 9310.13 9311.5 9312.78 9310.49 9310.7 9310.78 9310.69 9313.17 9321.13 9328.66 9335.42 9333.4
9270.65 9268.97 9271.58 9272.26 9272.96 9273.49 9273.45 9274.05 9274.66 9274.84 9273.57 9269.56 9264.88 9262.93 9262.07 9263.03 9268.51 9279.54 9291.23 9303.65 9314.28 9309.84 9302.61 9286.85 9275.01 9262.53 9244.14 9284.69 9305.64 9312.65 9296.31 9280.06 9273.66 9280.16 9289.5 9296.83 9302.51 9306.06 9308.54 9311.01 9317.87 9324.22 9328.78 9331.39 9334.55 9336.77 9336.99 9334.98 9332.37 9328.88 9318.34 9313.43 9312.55 9313.92 9315.93 9320.28 9317.9 9311.59 9305.56 9305.51 9304.03 9298.76 9303.19 9312.48 9318.64 9321.75 9327.47
9270.98 9272.77 9271.63 9271.99 9272.54 9272.91 9273.53 9274.19 9274.95 9276.48 9278.14 9272.87 9269.42 9264.29 9261.03 9258.88 9263.99 9272.58 9281.7 9291.31 9300.93 9292.65 9282.82 9277.1 9269.49 9264.7 9267.75 9274.18 9284.24 9283.59 9281.28 9271.96 9268.72 9274.67 9282.23 9289.6 9294.13 9297.37 9300.81 9307.58 9311.16 9317.45 9324.01 9327.09 9329.88 9336.45 9336.94 9333.66 9328.48 9315.05 9310.66 9313.66 9314.71 9316.04 9317.88 9319.41 9315.19 9306.84 9304.77 9307.59 9304.8 9299.52 9302.04 9307.58 9313.23 9317.05 9316.21
