real_craters/C136-300m.grd
DSAA
281 281
-42.0175 42.0175
-42.0175 42.0175
8189.0356948651 11245.581479282
[rows 120 to 149 of 281, columns 0 to 66 of 281]
9299.86 9299.53 9298.34 9295.7 9294.92 9294.45 9293.5 9293.07 9292.46 9291.53 9290.2 9288.15 9286.49 9291.84 9298.8 9305.82 9312.39 9319.08 9324.98 9330.89 9336.46 9342 9347.38 9352.42 9357.66 9360.96 9362.09 9360.54 9362.95 9366.76 9370.71 9365.59 9352.79 9340.72 9332.25 9329.48 9328.69 9325.85 9323.79 9321.8 9320.81 9320.34 9320 9319.76 9319.52 9319.2 9318.91 9318.57 9318.4 9319.08 9318.05 9317.14 9317.27 9316.9 9316.32 9317.13 9317.31 9318.6 9320.16 9321.28 9321.52 9321.8 9321.85 9322.27 9323.73 9324.83 9327.17
9300.23 9299.86 9298.21 9293.96 9293.26 9292.74 9291.72 9290.89 9289.95 9288.51 9286.78 9284.69 9286.26 9290.27 9296.08 9302.58 9308.91 9315.8 9321.99 9328.26 9334.18 9339.1 9344.67 9349.93 9355.72 9359.59 9361.71 9361.02 9361.19 9365.17 9366.82 9363.41 9354.93 9346.05 9339.13 9331.85 9326.93 9324.76 9322.99 9320.98 9320.5 9320.19 9320.04 9319.87 9320.2 9319.99 9319.78 9319.63 9319.77 9320.11 9319.66 9318.74 9318.42 9318.89 9318.38 9316.51 9314.48 9317.88 9319.93 9321.15 9321.33 9321.45 9320.76 9321.27 9325.12 9327.54 9329.88
9301.01 9299.35 9297.67 9294.42 9292.85 9292.29 9292.23 9290.69 9288.69 9286.75 9284.79 9282.4 9283.9 9289.42 9294.31 9300.46 9306.59 9313.43 9319.6 9325.66 9331.64 9337.61 9343.21 9348.07 9353.21 9358.3 9363.75 9368.73 9363.73 9364.08 9365.16 9361.13 9355.14 9348.69 9342.3 9334.08 9325.96 9322.4 9318.25 9320.58 9321 9321.31 9321.32 9321.19 9320.92 9320.54 9320.14 9320.12 9320.33 9320.78 9320.28 9319.53 9319.11 9318.52 9318 9317.58 9319.28 9318.78 9319.52 9320.37 9320.58 9320.44 9320.43 9321.03 9327.94 9335.37 9333.54
9300.93 9298.55 9295.77 9294.04 9292.54 9292.01 9291.7 9290.31 9288.26 9286.13 9284.23 9283.01 9284.72 9288.19 9293.17 9298.62 9304.4 9311.54 9317.51 9323.55 9329.01 9334.79 9340.14 9345.6 9350.86 9356.47 9362.18 9366.15 9363.86 9362.19 9359.4 9358.37 9354.25 9349.24 9344.45 9338.77 9332.65 9326.83 9325.42 9322.72 9322.28 9322.15 9322.09 9321.76 9321.39 9321.24 9320.89 9320.52 9319.91 9321.49 9319.99 9319.72 9319.68 9319.65 9318.53 9317.43 9316.76 9318.62 9321.17 9321.67 9320.95 9320.05 9319.05 9321.84 9327.01 9331.53 9333.05
9299.62 9297.32 9294.51 9292.67 9291.64 9291.33 9291.37 9290.29 9288.12 9285.9 9283.93 9282.49 9283.51 9287.02 9291.87 9297.35 9303.02 9308.79 9315.74 9322.04 9327.82 9333.36 9338.44 9343.84 9348.86 9353.56 9358.26 9362.67 9361.82 9361.2 9361.44 9356.87 9352.65 9348.14 9343.56 9339.07 9333.9 9328.85 9325.96 9324.03 9323.84 9323.74 9323.53 9323.17 9322.64 9322.14 9321.74 9321.35 9319.9 9315.44 9319.4 9319.83 9319.54 9319.59 9318.54 9317.4 9315.9 9318.94 9323.92 9323.37 9321.91 9321.33 9322.03 9323.39 9325.56 9328.02 9330.82
9298.78 9296.48 9291.81 9290.29 9291.08 9290.54 9289.72 9290.15 9288.09 9286.08 9283.94 9281.67 9282.69 9286.56 9291.21 9296.31 9302.2 9308.71 9313.94 9320.62 9326.13 9332.02 9337.13 9341.47 9345.86 9349.8 9352.56 9354.89 9353.85 9355.68 9357.1 9354.4 9350.32 9345.86 9340.93 9336.79 9332.61 9328.54 9323.56 9325.47 9326.37 9326.43 9325.6 9324.9 9324.09 9323.26 9322.54 9322.28 9323.71 9326.02 9321.36 9320.25 9319.56 9317.97 9318.69 9318.66 9319.15 9320.57 9321.89 9322.71 9322.05 9322.13 9322.99 9324.28 9326.22 9328.25 9330.07
9298.7 9297.55 9292.84 9291.35 9292.61 9293.16 9291.16 9289.18 9288.78 9287.06 9285 9283.15 9283.56 9286.77 9291.64 9296.57 9301.91 9307.66 9313.17 9318.67 9324.87 9329.95 9334.74 9339.22 9343.08 9345.73 9346.99 9345.54 9347.18 9351.19 9352.03 9350.96 9347.68 9343.41 9338.73 9332.27 9330.77 9330.31 9330.71 9330.06 9329.79 9329.17 9328.51 9327.26 9325.9 9324.49 9322.99 9321.91 9320.79 9320.66 9320.85 9320.53 9320.67 9320.77 9320.01 9320.1 9320.85 9321.42 9321.47 9322.03 9322.56 9323.07 9323.73 9325.09 9326.92 9328.57 9329.91
9297.5 9296.75 9294.15 9293.71 9295.08 9297.57 9297.61 9293.87 9290.79 9288.63 9286.77 9284.9 9285.32 9288.2 9292.45 9297.32 9301.89 9306.97 9312.51 9317.74 9322.86 9328.78 9332.78 9337.27 9340.87 9343.93 9345.18 9345.2 9348.81 9353.18 9352.08 9349.2 9345.82 9341.48 9336.95 9332.35 9332.04 9333.45 9334.19 9334.88 9334.07 9332.5 9330.74 9328.9 9327.1 9325.19 9323.51 9321.67 9319.2 9318.66 9319.78 9320.23 9320.83 9321.2 9320.71 9320.78 9321.31 9321.44 9320.88 9321.66 9322.88 9323.69 9324.78 9325.91 9327.61 9328.87 9329.87
9295.09 9291.69 9292.28 9294.13 9296.04 9297.96 9297.7 9294.81 9292.14 9289.9 9288.61 9288.13 9287.6 9289.84 9293.84 9298.16 9302.43 9307.53 9312.77 9318.48 9323.17 9327.98 9332.26 9336.23 9339.23 9342.23 9345.04 9347.93 9351.1 9352.04 9350.52 9347.71 9344.28 9340.54 9337.15 9334.96 9334.73 9337.37 9341.58 9341.42 9338.11 9335.66 9333.18 9330.79 9328.3 9325.8 9323.77 9322 9321.25 9319.98 9319.58 9319.92 9320.13 9320.23 9320.55 9320.66 9320.76 9320.35 9319.7 9320.87 9322.33 9323.56 9324.52 9325.86 9327.35 9328.82 9330.07
9294.67 9291.53 9292.53 9293.69 9295.25 9297.76 9296.9 9294.81 9291.9 9290.01 9288.84 9288.37 9288.72 9291.11 9294.54 9298.61 9303.2 9307.73 9313.01 9318.43 9323.05 9327.25 9331.29 9335.13 9338.72 9342.04 9345.57 9349.5 9351.46 9349.62 9348.23 9346.08 9343.1 9340.11 9336.53 9332.36 9337.03 9340.58 9342.17 9341.68 9341.13 9339.08 9336.19 9333.05 9330.03 9327.13 9324.34 9321.86 9320.55 9319.7 9319.48 9319.65 9320.2 9320.34 9320.34 9320.34 9320.11 9319.2 9319.05 9320.38 9321.75 9323.3 9324.74 9327.14 9327.55 9328.99 9330.55
9296.28 9296.21 9294.34 9290.44 9292.16 9294.33 9293.22 9290.72 9289.33 9288.89 9288.6 9287.81 9289.04 9292.55 9296.53 9300.19 9304.17 9309.09 9313.84 9317.51 9320.48 9324.58 9328.38 9332.44 9336.27 9340.23 9344.27 9349.05 9352.63 9348.79 9347.01 9345.12 9343.05 9341.01 9339.47 9340.35 9342.86 9345.27 9346.15 9345.61 9344.91 9341.81 9337.96 9334.73 9331.28 9327.94 9324.62 9321.42 9318.41 9318.8 9319.35 9319.67 9319.68 9320.01 9320.21 9320.21 9320.12 9320.01 9319.86 9320.9 9322.08 9323.34 9324.4 9326.27 9327.69 9329.9 9332.43
9295.41 9294.84 9293.13 9291.06 9288.51 9286.39 9287.33 9287.11 9287.35 9287.76 9287.55 9286.31 9290.29 9294.59 9298.39 9301.91 9305.66 9309.43 9312.54 9315.71 9319.16 9322.36 9326.11 9329.35 9333.06 9336.43 9340.74 9344.72 9346.64 9346.06 9345.09 9344.08 9343.01 9342.09 9343.03 9347.68 9349.25 9350.32 9353.43 9356.65 9348.95 9343.67 9339.44 9335.69 9332.2 9328.87 9325.54 9322.13 9319.27 9319.36 9319.89 9320.44 9320.88 9320.53 9320.26 9320.16 9320.31 9320.86 9321.23 9322.05 9322.9 9323.96 9325.15 9326 9329.02 9332.35 9335.07
9292.77 9292.68 9291.82 9289.2 9286.13 9283.81 9284.56 9286.49 9287.93 9287.91 9287.16 9290.72 9294.69 9298.05 9301.47 9304.44 9307.1 9309.91 9312.63 9315.1 9317.71 9320.71 9323.82 9327.25 9330.5 9333.47 9336.92 9339.91 9342.18 9341.9 9343.11 9343.46 9343.17 9342.59 9341.9 9349.05 9351.35 9351.51 9352.9 9352.48 9347.96 9343.64 9339.88 9336.49 9333.15 9330.02 9326.98 9324.04 9321.69 9320.93 9320.79 9321.13 9321.89 9320.81 9320.19 9319.99 9320.22 9321.16 9322.34 9322.91 9323.42 9324.19 9325.83 9327.41 9331.23 9335.77 9338.6
9289.23 9289.82 9290.39 9288.68 9285 9282.39 9283.11 9284.79 9286.85 9289.59 9293.41 9298.95 9300.33 9301.99 9303.91 9306.33 9308.28 9310.51 9313.05 9315.65 9317.9 9320.37 9322.86 9325.32 9327.57 9330.23 9332.86 9335.31 9337.08 9339.6 9341.72 9343.34 9344.04 9344.25 9344.68 9344.46 9346.99 9349.54 9348.7 9344.74 9344.09 9342.29 9339.71 9336.85 9333.98 9331.19 9328.76 9326.59 9324.39 9322.8 9321.79 9321.26 9320.73 9320.35 9319.81 9319.55 9319.81 9321.14 9322.82 9322.93 9323.43 9324.17 9326.14 9332.03 9337.3 9340.66 9342.55
9290.14 9292.75 9290.98 9287.94 9284.76 9282.53 9282.71 9283.82 9285.72 9291.93 9298.49 9303.2 9304.78 9306.07 9307.01 9308.43 9310.1 9311.91 9313.77 9315.51 9317.06 9319.09 9321.12 9323.02 9325.06 9326.92 9328.72 9330.8 9335.92 9339.32 9341.76 9343.85 9345.07 9346.25 9347.71 9347.85 9349.38 9349.63 9347.19 9344.18 9342.2 9341.2 9339.42 9337.05 9334.53 9332.09 9329.96 9328.93 9326.94 9324.05 9322.33 9321.37 9320.81 9319.85 9319.27 9318.9 9319.16 9320.82 9322.06 9322.5 9323.2 9324.55 9325.61 9330.85 9343.63 9346.12 9346.74
9287.94 9289.43 9288.69 9287.6 9284.4 9282.38 9283.09 9285.1 9288.91 9294.5 9301.57 9306.56 9307.59 9307.93 9308.37 9309.15 9310.11 9311.51 9312.1 9313.46 9315.19 9316.43 9317.97 9319.39 9320.89 9322.36 9323.94 9325 9324.26 9334.34 9342.62 9344.63 9345.75 9347.17 9349.79 9354.13 9355.94 9351.66 9347.65 9342.37 9341.68 9341.26 9339.41 9337.24 9334.93 9332.44 9330.2 9327.38 9325.86 9324.24 9322.39 9320.8 9319.86 9319.39 9318.89 9318.3 9317.56 9318.45 9321.34 9321.76 9322.49 9323.74 9324.21 9328.94 9348.43 9348.77 9349.25
9283.44 9282.57 9284.31 9284.36 9282.79 9282.21 9283.7 9286.29 9290.39 9296.14 9304.06 9308.83 9309.45 9309.28 9309.28 9309.6 9310.15 9310.73 9311.85 9312.54 9313.58 9314.58 9314.95 9316.37 9317.58 9318.83 9320.29 9322.2 9327.56 9336.68 9342.46 9344.32 9345.47 9346.48 9348.56 9352.52 9353.43 9351.65 9349.13 9347.93 9345.82 9342.6 9340.05 9337.72 9335.37 9332.89 9330.74 9328.56 9326.33 9324.41 9322.64 9320.85 9319.76 9319.5 9319.12 9318.62 9318.28 9319.33 9320.88 9319.76 9321.29 9323.71 9323.93 9327.19 9340.5 9347.41 9350.08
9282.24 9280.72 9281.28 9282.13 9282.58 9282.66 9284.04 9286.9 9290.95 9297.36 9306.09 9309.14 9309.79 9309.84 9310.15 9309.19 9309.39 9309.75 9310.08 9310.48 9311.34 9312.37 9312.53 9313.46 9314.76 9315.91 9317.41 9319.68 9323.31 9329.55 9339.68 9342.73 9344.28 9345.06 9346.11 9349.46 9351.47 9349.91 9348.8 9348.74 9346.71 9343.02 9340.3 9337.92 9335.71 9333.46 9331.37 9329.43 9327.25 9324.91 9322.98 9322.29 9320.96 9320.18 9319.97 9319.87 9319.54 9320.58 9321.46 9319.56 9320.93 9321.96 9324.63 9329.47 9340.01 9346.71 9351.05
9280.19 9278.67 9279.29 9280.53 9281.36 9281.7 9283.76 9287.02 9291.54 9298.4 9305 9307.25 9308.57 9308.67 9308.91 9308.57 9308.7 9309.01 9309.31 9309.44 9309.58 9310.18 9310.4 9311.22 9312.19 9313.42 9315.02 9316.83 9319.19 9327.03 9336.44 9340.3 9342.6 9345.32 9346.64 9346.31 9345.48 9346.4 9346.23 9344.53 9342.47 9342.06 9340.61 9338.55 9336 9333.53 9331.4 9331.47 9327.59 9325.26 9323.19 9320.34 9320.85 9321.17 9321.37 9321.82 9322.78 9322.63 9322.35 9322.77 9324.28 9324.06 9327.32 9332.68 9339.51 9349.29 9353.68
9278.78 9277.58 9277.63 9278.21 9278.43 9280.2 9282.92 9286.29 9290.88 9294.95 9300.2 9303.86 9305.92 9306.73 9307.19 9307.37 9307.54 9307.8 9307.69 9307.97 9308.15 9308.19 9309.02 9309.77 9311.03 9312.18 9313.86 9316.72 9321.1 9326.51 9334.95 9337.8 9339.34 9341.34 9342.79 9342.84 9343.17 9344.23 9344.34 9343.33 9342.72 9341.96 9340.78 9339.09 9336.71 9333.56 9329.37 9325.48 9326.54 9325.82 9324.53 9324.08 9322.72 9322.69 9322.93 9323.45 9324.45 9324.46 9323.88 9325.77 9330.05 9330.07 9332.77 9339.98 9351.92 9356.28 9357.61
9277.31 9276.34 9276.63 9276.84 9277.2 9279.51 9282.04 9284.75 9287.26 9289.11 9296.49 9300.9 9303.54 9305.32 9306.23 9307.35 9307.54 9307.52 9308.4 9308.75 9308.79 9308.88 9308.8 9309.51 9310.35 9311.57 9313.28 9316.57 9325.1 9338.99 9336.01 9335.79 9335.21 9334 9336.43 9339.63 9342.45 9343.39 9343.58 9343.4 9342.74 9342.85 9341.96 9340.2 9337.79 9334.78 9330.9 9327.9 9327.95 9327.5 9326.31 9324.66 9324.8 9324.65 9324.47 9324.48 9324.68 9325.68 9327.58 9328.98 9331.99 9333.11 9337.78 9345.77 9355.32 9360.28 9360.95
9278.52 9277.07 9277.03 9277.23 9278.23 9279.73 9281.6 9283.67 9285.96 9288.34 9294.82 9299.02 9301.46 9303.4 9304.4 9305.2 9305.88 9306.46 9307.09 9306.63 9307.07 9307.7 9307.94 9308.62 9309.43 9311.03 9313.13 9317.88 9327.41 9338.19 9336.94 9334.59 9332.53 9330.67 9332.73 9336.37 9339.84 9341.64 9342.86 9344.16 9345.12 9345 9343.77 9341.72 9339.43 9337.23 9335.41 9333.42 9331.43 9330.41 9329.47 9328.14 9327.69 9327.07 9326.38 9325.69 9325.99 9326.94 9328.85 9330.92 9333.71 9337.72 9338.76 9346.67 9357.57 9363.18 9362.82
9278.54 9278.13 9278.28 9278.82 9279.28 9280.67 9281.72 9283.28 9286.04 9289.79 9295 9297.46 9299.33 9300.65 9301.63 9301.95 9302.72 9303.37 9304.03 9305.58 9306.24 9307.83 9308.47 9309.18 9310.03 9311.38 9313.39 9318.19 9328.23 9338.69 9336.3 9333.52 9331.88 9330.01 9331.43 9333.58 9335.76 9338.27 9341.62 9345.05 9348.38 9347.5 9345.58 9343.24 9340.88 9339.08 9337.84 9336.06 9334.09 9333.25 9333.52 9333 9330.92 9329.62 9328.6 9326.82 9325.34 9327.99 9330 9331.32 9332.99 9338.9 9342.84 9349.27 9358.29 9363.3 9362.94
9281.35 9279.3 9279.36 9280.98 9282.64 9282.01 9281.58 9282.28 9284.69 9291.69 9294.82 9296.01 9297.12 9298.03 9299.1 9299.95 9300.9 9301.83 9302.93 9304.39 9305.34 9306.54 9307.05 9308.11 9309.1 9311.03 9312.96 9318.13 9328.33 9337.81 9336.02 9333.22 9333.05 9333.25 9331.37 9331.4 9332.34 9335.24 9339.98 9344.72 9347.33 9348.58 9347.14 9344.13 9341.15 9339.25 9338.91 9336.69 9334.7 9334.17 9335.13 9334.86 9332.72 9331.67 9331.56 9332.27 9331.85 9330.78 9330.75 9330.52 9330.94 9338.94 9348.95 9353.65 9356.63 9358.28 9362.2
9279.85 9278.75 9278.65 9280.26 9281.12 9280.92 9280.58 9280.51 9281.14 9286.59 9292.83 9294.26 9295.09 9295.83 9296.55 9297.31 9297.89 9298.58 9300.19 9301.22 9302.28 9303.74 9305.57 9306.81 9308.53 9310.55 9312.75 9317.02 9328.15 9340.61 9338.22 9334.03 9332.13 9331.63 9329.89 9329.4 9330.09 9332.9 9338.12 9344.71 9350.72 9351.98 9348.49 9344.07 9339.9 9336.62 9336.1 9334.01 9333.08 9332.93 9332.69 9332.94 9332.69 9332.53 9333.2 9334.89 9335.68 9333.8 9331.78 9329.96 9330.94 9341.06 9348.56 9354.99 9358.57 9360.51 9363.83
9277.5 9277.04 9276.5 9276.12 9277.85 9279.14 9279.58 9279.21 9278.96 9283.34 9290.57 9291.67 9292.22 9292.76 9293.39 9294.07 9294.99 9295.9 9296.64 9298.01 9299.45 9301.12 9303.02 9305.26 9308.05 9310.67 9313.9 9319.68 9327 9332.96 9335.9 9334.29 9328.49 9325.74 9327.73 9327.79 9327.66 9329.52 9335.16 9343.21 9353.59 9354.64 9347.85 9342.98 9338.11 9332.09 9325.69 9328.81 9330.7 9331.29 9331.84 9331.74 9331.77 9332.1 9332.87 9334.32 9334.36 9333.87 9332.31 9329.2 9340.56 9346.94 9351.84 9358.26 9363.15 9366.77 9367.98
9277.23 9275.89 9275 9274.82 9277.35 9279.35 9279.53 9278.91 9279.01 9283.78 9287.44 9288.11 9288.66 9289.43 9290.2 9291.04 9291.91 9292.81 9293.88 9295.78 9297.42 9299.38 9302.15 9304.85 9307.98 9311 9314.35 9319.13 9326.52 9332.07 9334.98 9334.87 9332.73 9330.23 9329.41 9328.12 9326.29 9326.26 9331.09 9337.67 9342.44 9342.89 9343.09 9341.52 9338.37 9332.59 9326.3 9328.68 9330.28 9330.34 9329.76 9330.35 9330.7 9331.16 9331.39 9331.26 9332.43 9332.05 9332.29 9336.31 9340.75 9351.65 9359.94 9362.68 9366.96 9372.29 9371.67
9276.13 9275.37 9274.66 9275.07 9278.69 9281.37 9280.13 9278.79 9278.15 9278.25 9281.21 9283.88 9285.22 9286.5 9287.91 9288.94 9290.27 9291.92 9293.2 9294.62 9296.42 9298.58 9301.41 9304.55 9308.3 9312.59 9316.34 9321.09 9328.21 9332.89 9334.78 9335.15 9337.4 9336.93 9334.2 9331.42 9327.53 9323.61 9328.83 9333.43 9334.38 9335.6 9338.93 9341.42 9342.26 9340.87 9337.38 9335.11 9332.77 9330.42 9329.38 9329.22 9329.98 9330.7 9331.12 9331.07 9332.58 9335.1 9335.87 9336.23 9339.3 9349.55 9358.61 9362.13 9366.14 9370.68 9370.09
9275.39 9275.37 9275.4 9276.31 9279.59 9281.59 9280.04 9278.03 9276.36 9274.54 9277.07 9280.62 9282.74 9284.61 9286 9287.64 9288.89 9290.44 9291.89 9293.39 9295.16 9297.63 9299.97 9303.87 9308.1 9313.92 9320.89 9326.66 9331.79 9337.49 9339.13 9336.11 9340.31 9341.28 9339.64 9337.37 9334.66 9332.92 9334.59 9334.93 9333.42 9332.94 9337.67 9342.98 9347.82 9352.48 9350.96 9342.89 9336.37 9331.1 9327.35 9328.81 9330.01 9331.03 9332.02 9333.44 9334.53 9336.6 9337.56 9338.3 9340.23 9344.76 9351.21 9357.98 9361.97 9363.4 9364.34
9275.53 9276.08 9277.01 9278.33 9279.88 9281.03 9279.07 9276.57 9274.07 9274.16 9276.61 9278.87 9280.69 9282.69 9284.31 9285.49 9286.77 9288.05 9289.74 9291.27 9292.9 9294.98 9296.61 9300.98 9305.83 9312.74 9321.58 9327.72 9332.53 9339.34 9343.43 9341.73 9344.71 9345.97 9345.3 9344.43 9344.37 9346.06 9344.03 9340.4 9336.19 9333.09 9339.21 9345.15 9351.03 9357.81 9356.14 9346.77 9338.95 9333.08 9330.12 9329.96 9330.99 9332.08 9332.87 9333.74 9335.4 9336.7 9338.58 9340.49 9342.46 9346.09 9350.35 9355.32 9358.78 9360.38 9361.74
