real_craters/C137-750m.grd
DSAA
119 119
-44.3975 44.3975
-44.3975 44.3975
8113.3590726052 9903.0566738075
[rows 76 to 113 of 119, columns 0 to 83 of 119]
9178 9229 9241 9148 8832 8747 8631 8504 8430 8428 8447 8459 8517 8693 8933 9087 9171 9265 9300 9308 9281 9245 9221 9215 9206 9206 9225 9244 9266 9334 9320 9314 9317 9321 9325 9332 9333 9333 9348 9354 9367 9385 9394 9307 9282 9249 9203 9250 9293 9333 9365 9393 9426 9456 9507 9556 9562 9455 9455 9447 9416 9387 9344 9306 9354 9375 9373 9425 9402 9383 9366 9339 9324 9305 9286 9251 9234 9224 9220 9218 9213 9246 9236 9219
9173 9234 9252 9055 8773 8638 8524 8407 8349 8352 8356 8358 8370 8578 8775 9013 9147 9262 9314 9282 9259 9226 9226 9225 9214 9205 9222 9247 9266 9320 9314 9309 9320 9328 9346 9352 9345 9348 9367 9391 9377 9359 9302 9218 9192 9154 9102 9138 9169 9181 9237 9283 9301 9325 9442 9599 9593 9388 9401 9436 9461 9448 9473 9483 9403 9401 9396 9377 9330 9321 9300 9292 9275 9261 9244 9246 9231 9223 9222 9230 9243 9233 9198 9194
9147 9203 9254 9106 8816 8652 8510 8386 8325 8315 8315 8321 8339 8460 8681 8960 9082 9240 9348 9289 9263 9242 9231 9242 9229 9216 9220 9225 9259 9310 9289 9267 9279 9317 9347 9356 9346 9339 9366 9394 9326 9228 9161 9160 9141 9123 9115 9123 9123 9147 9173 9207 9234 9258 9360 9552 9449 9414 9392 9393 9413 9429 9438 9485 9397 9380 9371 9358 9266 9263 9253 9246 9232 9221 9190 9203 9221 9225 9224 9230 9238 9191 9172 9170
9109 9131 9153 9175 8907 8714 8542 8400 8344 8325 8323 8339 8336 8422 8742 8962 9085 9243 9351 9297 9278 9267 9255 9251 9242 9236 9231 9234 9242 9269 9256 9254 9263 9304 9348 9369 9339 9321 9335 9327 9273 9188 9133 9130 9121 9108 9099 9072 9062 9073 9120 9163 9193 9207 9234 9277 9293 9370 9407 9442 9456 9466 9478 9456 9375 9358 9338 9324 9234 9233 9230 9218 9213 9213 9222 9230 9220 9210 9216 9215 9221 9185 9188 9160
9045 9044 9051 9099 8980 8791 8599 8450 8383 8368 8371 8396 8439 8543 8825 8926 9100 9315 9411 9328 9279 9268 9269 9271 9266 9250 9242 9243 9272 9256 9250 9252 9256 9292 9331 9347 9328 9305 9299 9284 9229 9162 9131 9117 9104 9086 9072 9062 9057 9073 9102 9139 9173 9178 9141 9213 9367 9416 9437 9481 9500 9493 9504 9510 9414 9425 9407 9330 9318 9245 9231 9225 9208 9202 9204 9225 9225 9212 9213 9206 9207 9208 9193 9176
8987 8984 9002 9152 9049 8851 8647 8491 8453 8449 8451 8454 8497 8605 8785 8867 9159 9286 9331 9252 9240 9266 9276 9277 9251 9259 9247 9234 9228 9239 9241 9235 9248 9278 9308 9327 9324 9297 9256 9237 9224 9173 9132 9113 9096 9079 9071 9064 9059 9069 9096 9123 9147 9170 9189 9139 9313 9414 9485 9548 9574 9590 9598 9599 9458 9434 9403 9370 9297 9210 9202 9204 9205 9204 9196 9217 9242 9246 9221 9207 9200 9193 9187 9181
8939 8949 8980 9101 9050 8893 8706 8567 8559 8565 8586 8566 8572 8618 8786 9025 9242 9239 9237 9167 9171 9234 9274 9282 9258 9259 9249 9233 9233 9238 9242 9239 9246 9266 9287 9307 9299 9276 9224 9195 9222 9169 9143 9123 9096 9072 9076 9082 9075 9081 9101 9117 9115 9140 9173 9114 9201 9404 9560 9584 9588 9582 9588 9587 9468 9432 9403 9379 9321 9226 9225 9227 9229 9233 9250 9272 9257 9244 9223 9209 9208 9209 9202 9202
8910 8931 8966 9022 9012 8930 8811 8713 8707 8713 8725 8730 8746 8758 8960 9197 9212 9207 9140 9102 9133 9229 9251 9263 9255 9240 9234 9239 9244 9248 9242 9242 9246 9256 9263 9259 9275 9279 9257 9222 9200 9190 9155 9134 9102 9077 9084 9096 9091 9098 9113 9132 9155 9152 9142 9115 9177 9365 9565 9598 9600 9582 9575 9570 9463 9426 9400 9385 9323 9229 9232 9236 9242 9251 9262 9277 9260 9241 9220 9197 9228 9207 9211 9210
8899 8916 8941 8968 8985 8977 8966 8917 8870 8850 8875 8914 8897 9096 9241 9159 9086 9054 9040 9031 9064 9105 9156 9205 9218 9215 9223 9241 9244 9243 9243 9244 9246 9252 9255 9257 9266 9309 9336 9261 9223 9227 9176 9141 9110 9094 9094 9103 9111 9117 9125 9141 9169 9162 9142 9128 9211 9418 9546 9577 9597 9598 9586 9584 9480 9445 9427 9404 9340 9254 9256 9255 9258 9262 9265 9261 9253 9245 9238 9238 9248 9219 9214 9223
8886 8898 8915 8921 8957 8993 9074 9047 8964 8944 8971 9024 9064 9186 9164 9061 9010 8985 8970 8972 8971 9007 9042 9084 9160 9193 9233 9247 9247 9244 9253 9246 9250 9254 9258 9264 9271 9337 9384 9204 9048 9166 9205 9145 9117 9101 9106 9118 9130 9129 9130 9135 9137 9154 9169 9145 9208 9463 9536 9550 9574 9565 9571 9572 9476 9454 9433 9401 9351 9281 9277 9278 9276 9274 9273 9262 9249 9253 9266 9279 9271 9251 9242 9257
8868 8877 8883 8889 8917 8947 8956 8960 8959 8954 8969 8978 8987 8984 8995 8938 8957 8942 8935 8948 8952 8938 8956 8983 9060 9138 9232 9245 9255 9258 9251 9256 9257 9260 9263 9264 9282 9331 9370 9214 9044 9109 9198 9146 9127 9120 9124 9132 9135 9132 9133 9134 9137 9155 9180 9171 9207 9403 9466 9496 9530 9538 9545 9530 9449 9431 9414 9405 9352 9285 9285 9284 9283 9276 9264 9248 9242 9260 9286 9293 9265 9282 9257 9256
8853 8867 8872 8870 8892 8901 8890 8905 8922 8925 8928 8935 8923 8947 8944 8932 8932 8916 8912 8932 8954 8950 8928 8907 8969 9064 9140 9221 9268 9254 9258 9261 9263 9265 9270 9275 9285 9297 9313 9392 9339 9230 9190 9161 9138 9130 9132 9134 9120 9132 9142 9142 9141 9157 9172 9170 9180 9336 9425 9452 9470 9478 9506 9512 9435 9422 9392 9377 9343 9291 9289 9300 9293 9283 9277 9252 9237 9265 9299 9304 9252 9228 9208 9244
8842 8869 8865 8856 8870 8874 8877 8885 8895 8894 8880 8890 8916 8927 8936 8929 8904 8870 8880 8904 8924 8947 8937 8910 8920 9031 9131 9199 9253 9262 9266 9267 9273 9275 9278 9282 9283 9275 9304 9449 9445 9311 9231 9188 9154 9145 9156 9153 9147 9154 9163 9168 9171 9170 9168 9177 9255 9348 9406 9424 9474 9496 9477 9438 9397 9384 9359 9339 9326 9321 9294 9301 9298 9286 9273 9265 9261 9274 9295 9292 9231 9183 9178 9200
8811 8857 8861 8851 8855 8860 8866 8871 8875 8874 8873 8890 8907 8911 8912 8879 8866 8859 8868 8898 8925 8937 8909 8883 8900 8986 9068 9142 9242 9269 9274 9280 9287 9283 9280 9280 9289 9279 9321 9427 9427 9380 9291 9196 9162 9154 9163 9164 9179 9184 9190 9205 9210 9200 9188 9187 9281 9357 9394 9404 9390 9363 9338 9330 9310 9311 9303 9295 9284 9313 9285 9290 9301 9306 9298 9282 9274 9274 9272 9246 9209 9182 9176 9183
8789 8814 8834 8843 8846 8850 8857 8861 8861 8865 8875 8893 8896 8895 8879 8856 8858 8878 8903 8921 8948 8928 8889 8869 8862 8914 8947 9010 9152 9259 9281 9314 9296 9285 9279 9279 9287 9277 9318 9399 9391 9379 9327 9267 9193 9172 9172 9180 9189 9199 9211 9228 9239 9241 9252 9303 9333 9349 9364 9397 9332 9257 9202 9223 9223 9220 9222 9229 9233 9263 9277 9285 9300 9317 9311 9287 9275 9267 9255 9231 9198 9190 9206 9201
8792 8826 8840 8842 8846 8848 8851 8855 8857 8859 8864 8868 8869 8874 8863 8855 8870 8905 8915 8921 8915 8862 8869 8876 8887 8891 8903 8951 9049 9210 9282 9297 9288 9279 9273 9267 9273 9259 9306 9381 9381 9366 9347 9305 9225 9214 9213 9213 9207 9210 9231 9247 9266 9281 9297 9324 9322 9354 9408 9439 9249 9150 9086 9130 9126 9134 9152 9168 9186 9237 9260 9269 9281 9301 9291 9277 9277 9257 9237 9212 9201 9195 9196 9203
8782 8828 8839 8837 8842 8852 8856 8853 8852 8851 8851 8856 8859 8858 8853 8852 8908 8912 8882 8900 8850 8844 8858 8888 8921 8915 8905 8915 9003 9175 9237 9254 9266 9272 9268 9259 9262 9262 9314 9383 9386 9363 9375 9384 9338 9315 9283 9254 9236 9239 9272 9304 9309 9314 9322 9339 9344 9388 9477 9178 9065 8999 8966 9045 9060 9079 9115 9135 9171 9229 9245 9249 9259 9263 9248 9228 9238 9231 9207 9200 9199 9195 9195 9197
8778 8790 8811 8826 8832 8833 8841 8846 8848 8844 8838 8839 8847 8847 8844 8849 8894 8888 8850 8849 8862 8881 8879 8895 8925 8950 8917 8900 8981 9148 9209 9233 9265 9271 9268 9268 9261 9257 9310 9374 9386 9382 9390 9412 9421 9434 9420 9340 9307 9292 9339 9377 9356 9341 9330 9330 9347 9357 9272 8902 8854 8866 8908 8984 9019 9072 9099 9136 9156 9189 9231 9227 9224 9222 9212 9196 9206 9213 9203 9200 9195 9193 9193 9194
8781 8791 8805 8818 8827 8825 8835 8844 8845 8843 8840 8832 8844 8851 8859 8833 8838 8858 8868 8854 8837 8847 8877 8879 8884 8923 8905 8889 8987 9109 9206 9264 9281 9275 9266 9260 9262 9259 9291 9348 9374 9378 9390 9392 9396 9417 9443 9475 9418 9408 9421 9424 9387 9353 9329 9313 9366 9407 9206 8839 8763 8810 8894 8968 9017 9057 9081 9102 9117 9163 9218 9209 9202 9189 9193 9196 9210 9211 9204 9198 9195 9195 9196 9198
8792 8803 8807 8818 8833 8850 8845 8843 8843 8840 8835 8849 8846 8851 8862 8818 8816 8829 8827 8819 8826 8831 8835 8851 8861 8869 8877 8884 8985 9105 9210 9273 9284 9277 9266 9263 9272 9278 9278 9335 9370 9379 9390 9395 9405 9414 9436 9448 9455 9469 9446 9432 9388 9352 9325 9312 9367 9428 9249 8921 8798 8842 8876 8973 9012 9046 9064 9091 9114 9135 9207 9198 9185 9176 9190 9210 9216 9211 9204 9201 9195 9199 9202 9200
8814 8817 8811 8815 8823 8840 8838 8840 8846 8857 8860 8859 8837 8811 8810 8801 8807 8813 8812 8814 8827 8833 8832 8838 8851 8867 8871 8827 8952 9172 9239 9280 9280 9274 9265 9264 9271 9272 9265 9312 9372 9388 9396 9401 9378 9404 9420 9437 9432 9423 9402 9381 9358 9333 9315 9311 9346 9404 9327 9096 8964 8951 8977 9010 9029 9048 9070 9091 9114 9136 9212 9199 9191 9186 9191 9199 9209 9203 9192 9195 9200 9205 9209 9202
8794 8808 8808 8807 8806 8805 8818 8827 8836 8860 8875 8854 8822 8803 8808 8803 8799 8805 8804 8807 8815 8828 8830 8835 8844 8870 8890 8863 8930 9165 9265 9295 9284 9274 9264 9262 9266 9266 9268 9293 9351 9380 9395 9405 9399 9396 9382 9381 9396 9393 9365 9342 9328 9315 9309 9314 9334 9350 9400 9454 9266 9131 9094 9078 9076 9082 9102 9115 9132 9151 9214 9207 9213 9207 9197 9193 9194 9193 9183 9187 9196 9202 9208 9205
8817 8812 8801 8801 8802 8804 8808 8814 8818 8811 8813 8806 8805 8804 8805 8800 8799 8804 8805 8808 8811 8824 8830 8834 8842 8874 8905 8872 8911 9109 9231 9276 9292 9275 9264 9261 9264 9268 9272 9272 9334 9362 9381 9394 9392 9387 9376 9371 9372 9365 9338 9318 9310 9303 9299 9297 9296 9308 9348 9341 9337 9242 9190 9161 9151 9147 9150 9156 9165 9174 9231 9218 9218 9213 9200 9190 9177 9172 9187 9188 9193 9193 9198 9198
8796 8793 8795 8797 8799 8801 8802 8804 8812 8819 8812 8804 8799 8796 8799 8798 8801 8804 8805 8810 8812 8821 8829 8836 8850 8873 8912 8886 8897 9089 9218 9267 9268 9271 9263 9261 9257 9263 9260 9252 9297 9332 9358 9377 9370 9374 9378 9368 9357 9344 9320 9302 9296 9293 9290 9289 9294 9311 9325 9323 9306 9275 9238 9212 9197 9188 9185 9186 9189 9195 9235 9223 9227 9216 9200 9193 9197 9206 9197 9187 9188 9192 9196 9196
8795 8793 8793 8796 8799 8799 8799 8799 8805 8822 8840 8821 8806 8797 8798 8800 8800 8804 8805 8809 8811 8819 8828 8837 8847 8872 8909 8883 8901 9130 9227 9268 9265 9270 9277 9269 9261 9261 9255 9249 9270 9307 9335 9362 9368 9375 9368 9361 9347 9330 9305 9290 9288 9285 9285 9284 9277 9284 9291 9310 9297 9302 9286 9278 9264 9255 9247 9240 9235 9231 9230 9224 9217 9216 9208 9205 9210 9216 9207 9195 9189 9187 9197 9204
8793 8795 8795 8796 8799 8800 8800 8800 8801 8794 8802 8813 8811 8806 8801 8803 8799 8803 8804 8808 8810 8817 8828 8836 8850 8875 8899 8874 8914 9131 9233 9283 9261 9264 9270 9272 9271 9253 9251 9260 9272 9294 9317 9336 9358 9370 9376 9351 9334 9315 9292 9283 9282 9283 9284 9285 9285 9279 9281 9307 9305 9294 9284 9279 9274 9268 9262 9255 9248 9243 9229 9221 9218 9221 9220 9220 9219 9215 9208 9190 9190 9189 9196 9207
8798 8796 8794 8796 8796 8799 8800 8802 8804 8793 8793 8810 8809 8802 8806 8804 8801 8805 8803 8807 8811 8822 8827 8835 8850 8878 8906 8878 8890 9069 9184 9237 9248 9257 9266 9267 9261 9252 9255 9262 9269 9287 9305 9322 9344 9357 9359 9341 9319 9298 9283 9276 9277 9280 9283 9287 9292 9280 9273 9296 9297 9284 9273 9267 9261 9256 9250 9244 9239 9234 9228 9219 9222 9226 9235 9231 9229 9218 9219 9207 9195 9189 9189 9196
8802 8795 8795 8797 8799 8799 8801 8803 8803 8799 8798 8803 8802 8814 8815 8802 8800 8803 8805 8807 8813 8819 8822 8833 8850 8873 8896 8875 8883 9029 9141 9212 9237 9252 9264 9260 9254 9250 9251 9256 9269 9288 9305 9318 9332 9340 9345 9328 9304 9278 9261 9268 9273 9277 9282 9285 9286 9279 9268 9278 9276 9274 9267 9263 9258 9252 9247 9241 9236 9232 9228 9222 9220 9223 9228 9230 9231 9229 9222 9214 9200 9192 9188 9191
8803 8802 8802 8800 8799 8800 8802 8802 8800 8797 8796 8799 8803 8812 8819 8805 8801 8806 8809 8809 8808 8815 8827 8831 8844 8863 8891 8865 8876 9013 9124 9191 9215 9235 9251 9256 9249 9253 9251 9257 9273 9292 9313 9322 9322 9324 9328 9314 9295 9274 9265 9267 9271 9275 9279 9281 9283 9280 9274 9275 9274 9270 9265 9259 9254 9248 9243 9239 9235 9231 9228 9229 9230 9218 9214 9221 9226 9222 9217 9211 9201 9194 9192 9194
8799 8803 8807 8802 8799 8801 8803 8803 8801 8800 8795 8798 8802 8809 8815 8807 8805 8805 8792 8809 8810 8817 8826 8827 8840 8863 8882 8854 8891 9052 9123 9178 9203 9221 9229 9252 9252 9185 9264 9265 9278 9294 9315 9321 9318 9313 9313 9302 9289 9278 9269 9265 9267 9271 9276 9278 9277 9275 9273 9275 9275 9271 9262 9257 9252 9247 9243 9238 9234 9230 9227 9225 9221 9213 9207 9215 9224 9230 9221 9211 9205 9199 9195 9195
8794 8800 8806 8804 8803 8805 8807 8807 8805 8801 8797 8799 8802 8807 8810 8808 8809 8810 8813 8812 8813 8820 8830 8829 8848 8883 8905 8854 8874 9034 9121 9172 9203 9217 9197 9201 9245 9272 9259 9274 9281 9288 9298 9306 9308 9308 9300 9292 9282 9272 9266 9262 9266 9271 9274 9277 9277 9276 9278 9277 9274 9267 9256 9251 9246 9242 9238 9235 9231 9228 9225 9223 9220 9215 9211 9214 9226 9236 9223 9218 9221 9210 9199 9201
8787 8794 8800 8804 8806 8808 8812 8814 8807 8802 8801 8801 8807 8809 8809 8807 8806 8808 8812 8815 8816 8822 8829 8829 8858 8892 8904 8862 8900 9042 9139 9190 9211 9205 9163 9047 9138 9284 9279 9284 9282 9280 9277 9293 9302 9300 9288 9283 9278 9271 9267 9266 9268 9272 9277 9280 9281 9282 9279 9276 9268 9247 9247 9246 9243 9240 9237 9233 9230 9226 9224 9223 9223 9222 9220 9214 9196 9236 9239 9230 9234 9215 9203 9216
8779 8785 8793 8801 8805 8809 8815 8823 8833 8806 8801 8802 8809 8808 8808 8809 8812 8811 8815 8820 8825 8828 8831 8833 8870 8919 8886 8863 8962 9112 9188 9218 9226 9215 9197 9229 9238 9289 9277 9284 9284 9280 9281 9287 9294 9293 9278 9277 9277 9278 9272 9268 9272 9277 9282 9285 9286 9286 9279 9271 9258 9247 9244 9244 9242 9240 9237 9234 9230 9227 9223 9220 9223 9230 9234 9234 9240 9245 9251 9240 9230 9217 9211 9229
8771 8778 8784 8793 8800 8806 8811 8815 8812 8802 8799 8799 8802 8802 8802 8806 8810 8808 8817 8825 8830 8834 8836 8837 8881 8913 8872 8848 9011 9210 9239 9249 9256 9241 9225 9221 9258 9277 9278 9289 9287 9283 9282 9284 9288 9286 9275 9275 9275 9275 9275 9275 9279 9285 9289 9292 9293 9289 9280 9267 9257 9249 9244 9243 9242 9240 9238 9235 9232 9228 9222 9219 9223 9231 9240 9255 9277 9270 9270 9246 9227 9225 9221 9236
8768 8773 8779 8788 8794 8799 8802 8804 8800 8797 8793 8792 8793 8794 8797 8801 8805 8805 8816 8826 8833 8845 8866 8883 8896 8907 8874 8846 8975 9182 9230 9253 9266 9261 9249 9245 9260 9269 9289 9298 9294 9289 9287 9290 9289 9286 9280 9278 9276 9275 9280 9288 9290 9292 9295 9298 9300 9300 9284 9266 9257 9249 9245 9244 9243 9241 9239 9237 9235 9232 9227 9227 9218 9240 9236 9254 9281 9278 9259 9249 9238 9252 9258 9254
8767 8772 8777 8783 8788 8791 8793 8793 8789 8786 8783 8780 8782 8786 8790 8794 8800 8802 8814 8821 8829 8854 8901 8932 8910 8882 8862 8837 8927 9064 9188 9248 9273 9274 9273 9278 9285 9286 9304 9300 9298 9298 9297 9295 9291 9288 9293 9285 9278 9278 9285 9292 9296 9297 9299 9302 9305 9306 9290 9271 9261 9254 9249 9248 9246 9245 9244 9242 9241 9239 9248 9235 9204 9133 9205 9237 9247 9246 9254 9267 9265 9279 9290 9274
8767 8771 8773 8776 8782 8784 8784 8784 8777 8771 8771 8770 8772 8775 8781 8786 8790 8792 8804 8815 8823 8849 8905 8945 8934 8916 8893 8869 8954 9106 9197 9255 9291 9292 9291 9288 9293 9302 9308 9302 9300 9297 9298 9296 9295 9292 9300 9284 9281 9283 9288 9292 9295 9298 9301 9304 9306 9303 9295 9285 9272 9259 9250 9250 9249 9248 9247 9246 9246 9247 9251 9245 9236 9253 9230 9242 9250 9253 9255 9262 9267 9277 9281 9275
8768 8771 8772 8776 8780 8780 8778 8774 8766 8763 8759 8758 8761 8767 8774 8780 8784 8788 8789 8800 8812 8834 8863 8936 8940 8953 8972 8968 9050 9152 9228 9268 9288 9294 9293 9292 9294 9310 9311 9305 9302 9299 9298 9298 9303 9289 9248 9258 9276 9286 9290 9291 9294 9297 9300 9303 9305 9304 9300 9295 9280 9265 9254 9250 9253 9252 9251 9251 9251 9253 9256 9257 9253 9253 9253 9263 9268 9261 9252 9239 9244 9266 9270 9258
