real_craters/C137-500m.grd
DSAA
179 179
-44.3975 44.3975
-44.3975 44.3975
8111.9798691723 9889.9023738292
[rows 90 to 119 of 179, columns 67 to 133 of 179]
8721.47 8539.14 8447.39 8375.15 8305.03 8235.86 8217.51 8267.59 8293.25 8247.11 8205.23 8232.57 8320.81 8325.84 8342.3 8377.43 8404.08 8421.83 8425.55 8421.95 8413.9 8402.49 8393.51 8385.72 8366.59 8360.48 8490.87 8511.41 8529.34 8545.16 8562.8 8580.3 8626.17 8757.92 8755.78 8753.89 8752.51 8752 8752.74 8754.62 8684.14 8728.48 8838.87 8970.04 9106.09 9247.59 9394.55 9532.44 9661.04 9763.49 9776.22 9719.75 9571.18 9409.98 9318.62 9302.16 9305.2 9312.61 9320.68 9335.82 9340.67 9336.9 9332.69 9326.91 9320.53 9315.25 9312.5
8791.58 8619.42 8530.83 8446.7 8367.72 8293.94 8270.15 8305.41 8352.01 8281.78 8234.22 8258.55 8297.12 8296.7 8292.02 8300.01 8316.05 8345.54 8359.33 8371.93 8381.51 8371.88 8371.93 8371.4 8362.52 8360.62 8493.07 8516.68 8536.11 8556.95 8576.17 8594.34 8627.41 8767.85 8765.93 8764.37 8763.43 8763.48 8764.96 8768.3 8696.65 8763.13 8857 8967.58 9097.64 9235.94 9378.65 9519.32 9641.82 9731.68 9732.88 9695.21 9587.73 9444.79 9330.07 9298.29 9296.42 9301.69 9307.23 9316.57 9325.6 9323.5 9322.27 9323.24 9322.89 9319.9 9318.95
8911.6 8765.39 8657.54 8556.76 8459.71 8370.4 8324.67 8312.43 8308.13 8283.05 8256.07 8275.52 8291.75 8267.12 8240.57 8239.3 8258.45 8281.29 8297.66 8327.17 8336.58 8350.19 8344.01 8349.31 8359.62 8362.72 8480.07 8504.03 8529.32 8550.34 8572.88 8593.79 8643.39 8780.73 8778.52 8776.64 8775.31 8774.91 8775.9 8666.35 8709.24 8763.3 8849.36 8958.82 9085.23 9222.3 9363.06 9499.74 9619.11 9716.01 9710.7 9672.04 9569.98 9410.27 9316.53 9292.05 9295.31 9301.93 9302.46 9302.11 9302.69 9309.74 9313.95 9319.86 9328.14 9332.08 9327.48
9099.09 8938.26 8802.26 8678.3 8566.43 8464.94 8385.8 8324.25 8286.38 8284.72 8291.83 8319.2 8271.67 8223.4 8191.72 8180.49 8190.98 8214.59 8233.09 8260.7 8294.63 8301.47 8329.19 8340.23 8350.59 8359.15 8479.56 8505.83 8539.57 8563.75 8589.86 8609.05 8624.79 8796.48 8793.66 8790.96 8788.55 8786.68 8785.66 8785.79 8702.03 8743.92 8825.66 8940.31 9067.64 9204.35 9345.81 9482.92 9591.77 9666.77 9672.1 9646.34 9560.43 9448.54 9332.28 9284.82 9297.98 9313.98 9304.11 9296.29 9294.27 9302.19 9311.14 9321.58 9333.57 9344.35 9329.53
9241.82 9088.64 8924.97 8788.12 8670.04 8560.77 8453.67 8362.64 8311.72 8300.84 8311.76 8308.93 8282.67 8227.78 8161.26 8136.72 8111.98 8155.92 8207.3 8210.12 8238.84 8255.87 8279.11 8291.62 8313.08 8322.61 8462.11 8495.52 8536.83 8568.54 8598.28 8618.86 8616.21 8833.57 8827.35 8820.83 8814.14 8807.44 8800.95 8687.59 8703.18 8736.51 8808.6 8919.15 9047.61 9183.94 9327.02 9455.02 9564.37 9636.56 9621.59 9611.47 9541.82 9469.52 9391.85 9312.24 9300.6 9299.05 9301.82 9298.39 9296.02 9298.53 9303.91 9317.6 9332.77 9336.84 9314.9
9149.2 9118.45 8992.2 8868.44 8756.58 8653.07 8516.57 8398.89 8334.26 8313.92 8320.46 8326.85 8309.42 8292.6 8201.73 8148.15 8113.14 8143.63 8186.08 8189.29 8212.74 8238.7 8257.06 8285.79 8298.71 8309.54 8458.9 8489.26 8520.52 8560.55 8604.49 8631.55 8622.11 8891.8 8879.83 8866.98 8853.31 8839.01 8693.86 8703.3 8703.5 8732.38 8792.79 8900.63 9031.78 9168.54 9305.14 9432.18 9537.22 9588.33 9576.22 9553.23 9544.87 9479.84 9417.71 9344.41 9321.64 9311.58 9310.48 9309.54 9304.63 9298.89 9297.73 9311.04 9328.94 9339.91 9312.13
9091.39 9086.16 9012.91 8916.05 8814.08 8702.55 8572.36 8447.68 8365.99 8319.72 8287.71 8271.57 8286.38 8286.25 8249.54 8201.15 8171.97 8165.65 8179.92 8170.52 8189.47 8225.75 8242.95 8255.9 8266.65 8287.48 8450.05 8483.1 8528.87 8568.76 8611.76 8636.59 8641.11 8934.28 8919.72 8903.72 8886.24 8867.37 8847.4 8717.49 8719.24 8739.88 8794.85 8890.6 9003.51 9156.76 9297.1 9433.14 9536.44 9580.38 9569.44 9574.18 9557.87 9474.33 9396.68 9340.77 9354.07 9340.09 9323.51 9322.77 9312.47 9300.79 9295.04 9302.38 9315.24 9329.74 9304.12
9090.16 9075.18 9026.36 8948.97 8856.04 8756.95 8642.66 8510.59 8418.63 8347.78 8299.87 8272.57 8266.12 8255.79 8254.38 8253.71 8207.95 8170.53 8181.3 8176.55 8188.95 8210.67 8228.02 8252.63 8269.59 8299.05 8445.44 8487.21 8546.13 8599.81 8630.66 8657.12 8673.52 8961.94 8947.78 8931.78 8913.74 8893.52 8745.99 8741.55 8733.79 8742.13 8774.65 8876.99 8999.66 9153.41 9298.6 9444.93 9558.08 9599.38 9565.39 9549.15 9513.51 9432 9343.57 9342.58 9373.88 9338.09 9318.67 9311.52 9299.22 9292.28 9290.12 9287.04 9285.37 9279.72 9278.25
9110.95 9123.76 9052.07 8976.99 8901.29 8824.68 8737.38 8634.39 8504.57 8377.71 8312.04 8295.48 8281.14 8271.5 8315.23 8297.53 8221.04 8181.62 8199.35 8188.3 8199.05 8218.51 8236.46 8277.83 8289.26 8298.97 8319.06 8505.39 8568.67 8624.37 8652.11 8678.49 8714.76 8984.7 8972.61 8958.5 8941.96 8790.31 8781.13 8771.8 8758.93 8762.6 8792.25 8879.01 9005.87 9148.46 9320.94 9468.65 9591.53 9618.03 9548.46 9499.09 9451.18 9391.68 9349.84 9375.31 9376.43 9337.12 9303.14 9272.61 9272.16 9272.57 9271.05 9268.15 9262 9254.95 9258.16
9161.47 9149.69 9078.9 9006.16 8944.34 8894.88 8848.68 8764.44 8612.36 8460.21 8375.01 8346 8325.66 8308.91 8306.78 8284.1 8247.84 8223.81 8236.65 8225.39 8239.1 8260.96 8270.29 8282.78 8292.45 8302.25 8307.87 8514.85 8586.48 8636.43 8673.01 8702.03 8752.13 9014.4 9004.63 8992.86 8978.57 8961.16 8831.57 8810.41 8804.74 8795.77 8809.43 8888.16 9020.46 9165.09 9313.13 9489.06 9607.41 9593.23 9520.73 9447.22 9384.56 9361.21 9345 9356.5 9358.1 9336.61 9295.28 9259.12 9257 9259.03 9258.54 9255.18 9251.26 9248.89 9250.67
9278.27 9187.61 9097.65 9031.67 8980.69 8955.24 8950.25 8906.68 8719.8 8549.46 8466.72 8421.18 8390.08 8371.46 8361.29 8351.64 8305.63 8274.66 8291.45 8287.19 8295.25 8304.59 8316.69 8316.47 8324.31 8337.2 8363.65 8568.13 8662.18 8686.42 8724.54 8753.21 8786.2 9043.22 9037.01 9029.15 9019.07 8912.04 8909.13 8870.98 8861.33 8849.76 8857.13 8924.13 9049.97 9190.52 9328.97 9488.98 9580.28 9556.59 9489.37 9412.69 9361.78 9352.78 9344.76 9342.76 9337.36 9318.04 9291.89 9268.61 9255.47 9251.59 9249.94 9248.36 9246.54 9245.73 9247.87
9398.62 9198.12 9117.92 9063.69 9005.28 8994.18 8976.3 8914.37 8789.27 8658.53 8564.24 8512.82 8482.86 8439.46 8421.09 8407.73 8372.88 8350.26 8354.42 8343.67 8352.07 8362.76 8375.56 8382.02 8397.46 8431.81 8440.25 8632.56 8734.69 8762.52 8798.59 8840.1 8853.74 8870.22 9074.52 8994.84 8993.52 8983.5 8981.1 8954.72 8949.3 8931.43 8922.71 8970.16 9102.91 9233.31 9351.79 9480.3 9539.22 9516.62 9469.09 9413.78 9376.2 9354.56 9342.91 9333.16 9326.32 9308.33 9285.43 9267.42 9254.29 9246.99 9246.09 9246.84 9246.68 9246.33 9247.25
9504.22 9290.79 9175.76 9119.81 9092.3 9050.58 8998.02 8916.23 8823.79 8742.06 8630.27 8570.18 8534.48 8491.62 8471.85 8463.66 8428.47 8401.8 8421.61 8429.3 8419.31 8437.07 8444.25 8476.74 8518.04 8530.88 8584.1 8744.94 8821.92 8862.16 8891.56 8913.49 8927.76 8908.22 9104.71 9107.83 9075.23 9072.41 9054.32 9061.28 9056.71 9055.01 9047.77 9084.34 9197.9 9303.23 9404.3 9476.07 9517.9 9494.61 9462.4 9415.29 9371.4 9353.31 9344.06 9340.89 9334.99 9304.2 9275.61 9258.62 9254.93 9250.36 9250.04 9250.67 9250.16 9248.41 9247.11
9543.76 9370.69 9255.04 9182.41 9105.02 9112.93 9094.1 8987.06 8831.13 8702.69 8646.33 8597.23 8556 8523.24 8500.52 8483.7 8477.99 8471.89 8492.53 8500.18 8506.44 8508.1 8537.33 8594.2 8610.82 8671.09 8738.61 8845.7 8911.01 8933.51 8948.06 8957.25 9006.49 8971.74 9116.09 9118.57 9132.14 9145.32 9136.07 9159.5 9177.91 9199.99 9221.9 9255.08 9340.26 9398.92 9450.85 9478.49 9492.25 9474.2 9461.89 9451.97 9388.15 9352.55 9340.69 9338.22 9310.35 9294.08 9273.73 9262.27 9261.92 9266.13 9259.03 9256.98 9255.56 9250.15 9245.1
9558.65 9453.98 9357.74 9280.97 9222.48 9186.92 9148.08 9033.22 8858.85 8723.3 8679.55 8634.6 8586.23 8561.79 8548.09 8528.18 8533.46 8556.54 8573.53 8575.51 8576.75 8621.26 8664.41 8689.8 8760.35 8780.53 8826.8 8918.49 8957.43 8963.4 8984.12 9004.25 9043.8 9060.25 9148.64 9174.44 9189.15 9209.1 9227.81 9256.88 9299.02 9351.52 9425.1 9494.59 9520.85 9508.18 9499.51 9486.97 9467.9 9451.25 9439.75 9431.98 9365.8 9327.64 9325.51 9321.59 9310.61 9292.32 9276.45 9271.12 9271.38 9268.84 9266.23 9261.01 9255.51 9246.24 9237.29
9567.25 9554.34 9500.29 9377.17 9286.67 9251.52 9213.32 9101.65 8944.34 8822.45 8768.44 8711.03 8654.73 8627.83 8600.39 8570.53 8578.95 8613.41 8638.9 8666.98 8708.03 8776.07 8835.32 8869.83 8895.91 8880.12 8868.2 8979.54 9010.39 9028.04 9053.83 9063.51 9099.26 9159.62 9208.23 9219.39 9242.56 9266.2 9302.18 9342.54 9402.38 9480.47 9584.7 9718.81 9664.29 9589.93 9545.03 9508.86 9469.05 9427.56 9390.58 9364.85 9327.2 9313.36 9313.21 9314.99 9303.77 9290.85 9284.73 9281.45 9284.54 9284.34 9273.7 9262.38 9254.08 9237.69 9224.35
9591.35 9635.13 9644.47 9491.29 9385.64 9345.49 9249.82 9208.12 9104.18 8997.29 8911.57 8823.04 8749.59 8708.85 8746.47 8698.58 8675.53 8659.87 8674.48 8745.99 8830.8 8887.58 8929.27 8964.83 8955.73 8971.35 8964.17 8983.4 9102.13 9109.8 9125.05 9140.37 9153.74 9200.09 9252.87 9274.51 9300.42 9313.7 9352.07 9406.74 9464.84 9540.18 9629.67 9701.21 9679.77 9614.81 9553.72 9509.3 9452.54 9390.01 9327.41 9290.5 9296.86 9308.2 9311.16 9306.62 9293.11 9281.16 9276.45 9281.34 9289.35 9288.54 9276.05 9259.45 9241.22 9226.29 9208.73
9603.07 9642.59 9623.93 9632.95 9564.03 9506.8 9482.63 9400.74 9328.69 9213.21 9086.33 8961.57 8825.79 8758.07 8773.43 8804.59 8824.77 8752.5 8759.17 8859.51 8933.39 8980.51 9009.84 9025.59 9036.97 9059.76 9064.3 9068.33 9170.06 9167.91 9169.83 9179.35 9206.4 9257.18 9299.93 9312.07 9342.56 9364.01 9401.91 9444.35 9499.52 9562.07 9613.36 9641.2 9623.14 9581.79 9526.6 9469.6 9406.75 9343.29 9271.41 9235.72 9278.4 9311.24 9303.3 9298.78 9283.98 9268.24 9258.69 9270.43 9287.12 9287.96 9270.81 9256.83 9239.56 9214.64 9192.5
9605 9644.98 9652.89 9603.93 9581.79 9572.18 9576.03 9542.57 9512.33 9399.95 9262.89 9136.78 9017.78 8911.57 8812.24 8830.26 8840.15 8888.46 8943.35 9031.7 9087.57 9125.75 9134.9 9132.74 9134.87 9109.78 9106.21 9088.71 9220.73 9194.82 9200.65 9209.71 9255.77 9291.16 9339.15 9359.31 9375.23 9402.37 9442.52 9477.44 9517.86 9552.45 9574.79 9577.1 9557.64 9517.44 9469.01 9408.74 9350.57 9298.55 9238.76 9220.66 9257.15 9283 9277.8 9271.07 9268.91 9257.71 9246.86 9258.23 9266.71 9265.85 9254.34 9241.45 9224.65 9198.09 9174.71
9607.96 9659.72 9686.33 9609.13 9567.92 9539.03 9537.99 9578.22 9617.05 9513.19 9401.7 9312.84 9246.53 9162.35 9003.76 8965.96 8988.66 9099.58 9197.06 9259.38 9271.2 9258.96 9239.74 9217.78 9198.05 9185.34 9162.01 9129.69 9272.97 9237.25 9242.24 9282.65 9312.62 9319.06 9415.12 9381.18 9403.66 9429.75 9454.17 9493.72 9518.85 9539.39 9540.57 9533.77 9510.29 9459.21 9397.76 9337.02 9293.59 9265.44 9225.18 9218.8 9248.01 9267.83 9271.16 9269.4 9261.41 9255.55 9250.04 9252.62 9254.4 9247.15 9232.69 9213.13 9195.15 9177.58 9157.2
9593.75 9660.87 9735.55 9694.56 9594.96 9523.5 9511.49 9550.65 9555.66 9538.59 9491.41 9450.08 9428.82 9392.96 9269.12 9238.17 9249.09 9371.15 9518.56 9502.12 9428.98 9364.32 9319.71 9284.03 9257.59 9222.62 9212.95 9200.89 9344.95 9298.64 9289.59 9321.68 9337.2 9336.6 9442.87 9387.85 9417.5 9453.41 9481.18 9497.09 9514.04 9522.93 9506.3 9491.47 9467.66 9403.38 9333.46 9259.68 9249.26 9243.82 9240.98 9238.07 9250.28 9266.33 9257.34 9260.87 9258.56 9253.96 9254.3 9249.06 9242.53 9231.55 9214.06 9194.5 9177.24 9160.89 9142.47
9547.2 9601.15 9654.17 9652.79 9587.48 9545.91 9540.06 9550.5 9535.84 9550.17 9538.89 9525.99 9521.26 9496.5 9403.1 9431.08 9439.76 9541.4 9724.94 9643.25 9522.4 9433.33 9376.94 9332.47 9312.35 9293.5 9282.3 9266.58 9380.05 9346 9312.35 9329.64 9339.33 9348.91 9428.9 9397.18 9431.22 9464.85 9470.32 9501.16 9510.87 9504.82 9459.68 9433.1 9391.53 9353.1 9295.49 9244.74 9235.17 9236.92 9240.38 9242.65 9248.65 9254.94 9251.76 9247.43 9250.41 9253.92 9250.73 9244.07 9235.11 9220.69 9202.13 9180.57 9164.05 9149.76 9133.62
9483.94 9510.87 9514.36 9492.55 9534.4 9536.75 9543.98 9580.59 9613.86 9561.09 9547.98 9546.83 9548.8 9509.84 9461.73 9436.22 9459.62 9527.64 9593.81 9581.81 9526.5 9455.18 9405.45 9368.41 9325.79 9306.09 9283.24 9276.22 9348.06 9371.61 9324.41 9356.56 9351.81 9374.65 9454.67 9421.94 9453.36 9489.42 9497 9484.56 9470.39 9452.04 9413.72 9391.21 9370.18 9323.29 9278.67 9242.95 9235.16 9235.43 9241.26 9238.58 9240.38 9242.64 9251.09 9243.43 9240.05 9241.17 9240.9 9236.46 9226.32 9212.87 9196.15 9179.16 9161.29 9144.4 9128.89
9408.05 9419.24 9450.89 9507.08 9488.59 9494.14 9495.06 9494.84 9504.54 9511.86 9513.43 9527.19 9554.36 9591.09 9546.78 9497.36 9511.73 9538.32 9531.81 9529.23 9503.89 9452.77 9412.32 9362.87 9334.76 9308.38 9271.96 9251.84 9242.16 9356.88 9339.67 9332.6 9341.41 9402.21 9480.79 9447.43 9470.51 9454.47 9446.13 9434.52 9415.18 9399.05 9380.14 9351.22 9319.94 9297.99 9271.47 9250.23 9235.21 9231.84 9227.87 9229.78 9230.79 9238.92 9246.72 9236.45 9234.85 9234.77 9231.78 9228.67 9220.94 9204.6 9188.93 9177.2 9157.67 9141.82 9127.84
9321.29 9315.21 9321.77 9351.57 9367.4 9407.17 9405.63 9422.46 9429.83 9435.39 9447.04 9466.27 9504.38 9573.07 9566.31 9563.06 9553.51 9551.32 9546.89 9513.21 9470.01 9442.58 9404.13 9371.9 9333.12 9312.77 9295.14 9276.04 9262.72 9330.59 9341.72 9342.68 9357.73 9387.97 9452.63 9435.65 9429.84 9410.64 9393.18 9382.04 9369.15 9355.2 9341.06 9321.72 9313.04 9286.22 9256.46 9237.96 9232.41 9228.28 9227.88 9222.01 9219.35 9209.14 9240.89 9249.1 9244.18 9230.68 9224.53 9218.44 9207.36 9192.93 9177.04 9163.74 9151.16 9139.58 9128.98
9240.64 9213.4 9171.28 9156.97 9201.04 9219.59 9265.9 9281.47 9314.14 9345.22 9370.64 9387.46 9403.4 9400.16 9456.52 9504.11 9567.66 9602.77 9513.89 9426.71 9431.46 9446.02 9439.58 9439.85 9410.46 9404.92 9379.45 9373.37 9365.5 9352.95 9376.38 9367.86 9388.39 9393.77 9407.85 9387.81 9381.21 9369.01 9356.07 9348.7 9336.29 9323.45 9302.91 9291.83 9290.17 9274.39 9254.53 9239.21 9230.93 9224.54 9218.98 9220.28 9221.43 9225.86 9264.72 9246.85 9236.17 9227.68 9216.87 9208.3 9196.39 9179.68 9163.5 9150.77 9144.71 9137.86 9131.66
9185.15 9154.06 9111.55 9106.69 9140.18 9159.58 9185.08 9180.19 9224.58 9266.08 9293.04 9308.71 9315.95 9337.85 9403.17 9509.97 9600.44 9630.3 9511.41 9387.85 9396.83 9413.87 9442.49 9445.03 9454.9 9459.81 9465.3 9428.94 9436.88 9395.69 9408.12 9399.66 9403.7 9402.15 9382.81 9340.42 9334.86 9330.09 9317.92 9310.35 9298.97 9283.14 9274.96 9263.75 9259.03 9247.67 9248.8 9238.84 9229.01 9223.41 9220.66 9222.89 9227.88 9238.07 9244.82 9240.23 9214.25 9201.11 9199.03 9185.32 9175.6 9166.46 9155.73 9146.96 9141.59 9137.74 9133.94
9149.18 9131.44 9125.31 9131.36 9148.84 9159.16 9158.34 9200.46 9194.35 9217.16 9231.9 9250 9260.77 9254.09 9331.09 9490.33 9600.29 9598.97 9490.33 9399.83 9388.47 9389.34 9394.27 9414.36 9443.94 9463.48 9485.32 9495.17 9510.8 9413.74 9409.96 9403.46 9390.22 9379.82 9373.75 9332.49 9298.24 9286.7 9271.41 9271.92 9268.84 9258.84 9249.19 9232.18 9215.87 9200.67 9209.08 9222.38 9224.03 9222.79 9221.95 9224.26 9230.19 9240.86 9240.52 9221.93 9196.19 9190.91 9181.39 9169.09 9161.81 9157.56 9150.58 9144.61 9140.92 9137.54 9136.02
9127.67 9119.57 9104.93 9114.09 9108.54 9102.6 9102.25 9097.32 9144.81 9173.11 9192.9 9214.38 9233.24 9255.55 9277.95 9400.96 9468.11 9412.68 9379.63 9400.84 9394.27 9397 9396.33 9408.15 9410.99 9420.45 9425.84 9445.28 9450.62 9375.55 9380.41 9369.13 9365.03 9343.36 9347.12 9318.5 9256.81 9249.56 9246.5 9242.75 9230.48 9227.07 9221.31 9212.71 9201.1 9189.58 9210.06 9218.18 9221.69 9226 9224.45 9224.03 9225.49 9228.57 9229.72 9185.66 9164.42 9162.45 9167.81 9165.31 9160.14 9156.23 9150.35 9144.94 9141.75 9139.42 9137.61
9115.61 9110.5 9109.95 9095.9 9072.41 9062.57 9066.77 9074.71 9108.1 9141.33 9168.95 9190.32 9205.22 9213.9 9226.82 9265.92 9282.72 9296.41 9316.58 9368.12 9397.12 9410.93 9430.38 9441.04 9452.78 9462.9 9451.35 9457.46 9437.89 9373.06 9361.88 9347.84 9343.81 9333.05 9334.09 9316.47 9233.3 9231.4 9231.42 9227.59 9223.94 9212.57 9209.2 9207.26 9211.07 9227.99 9231.65 9223.54 9218.88 9213.55 9216.08 9217.45 9217.27 9216.06 9225.26 9183.44 9172.51 9179.19 9158.74 9162.67 9163.52 9157.34 9156.18 9147.57 9141.46 9140.47 9139.41
