real_craters/C137-500m.grd
DSAA
179 179
-44.3975 44.3975
-44.3975 44.3975
8111.9798691723 9889.9023738292
[rows 90 to 119 of 179, columns 0 to 66 of 179]
9206.02 9213.13 9220.74 9228.99 9237.46 9245.55 9253.38 9264.1 9269.57 9253.92 9262.62 9276.3 9284.16 9286.43 9277.39 9253.09 9241.23 9236.52 9220.2 9219.67 9214.49 9211.02 9223.74 9158.79 9096.7 9211.39 9267.44 9271.75 9267.74 9261.68 9259.9 9265.15 9272.97 9282.07 9296.02 9306.99 9309.22 9319.48 9340.3 9366.83 9316.02 9239.86 9220.93 9210.25 9202 9185.95 9162.17 9140.01 9133.68 9136.64 9134.36 9131.35 9133.86 9146.64 9161.82 9178.07 9197.14 9219.53 9243.45 9288.4 9333.97 9387.96 9448.05 9481.04 9458.73 9342.59 9079.01
9199.72 9206.97 9215.88 9224.36 9232.76 9239.93 9245.36 9253.78 9257.79 9248.49 9263.68 9280.85 9295.36 9301.94 9299.12 9271.83 9263.79 9275.64 9279.96 9253.9 9234.69 9221.3 9237.71 9237.41 9185.04 9260.05 9282.33 9269.19 9262.49 9257.87 9250.25 9255.32 9266.82 9276.16 9281.06 9283.74 9298.21 9321.82 9337.46 9344.83 9321.58 9265.18 9227.78 9205.83 9192.54 9172.66 9149.51 9127.68 9120.25 9121.27 9124.35 9128.17 9135.35 9146.5 9161.19 9176.56 9194.98 9217.01 9241.56 9278.51 9307.37 9365.9 9414.73 9439.16 9432.26 9351.81 9114.96
9195.46 9202.98 9211.05 9218.85 9227.31 9232.53 9235.66 9240.52 9251.19 9260.45 9280.8 9301.65 9319.23 9329.68 9329.76 9304.38 9285.5 9296.17 9292.29 9274.78 9255.38 9238.77 9236.41 9251.31 9253.12 9261.56 9268.49 9262.89 9261.62 9261.8 9256.4 9254.65 9267.53 9275.84 9280.8 9291.96 9304.99 9325.26 9341.12 9353.78 9328.99 9267.24 9227.07 9196.94 9175.73 9158.79 9144.64 9134.06 9127.35 9120.64 9121.95 9124.26 9134.22 9146.5 9160.22 9175.66 9191.76 9210.74 9230.32 9256.12 9301.71 9348.37 9357.06 9359.55 9342.87 9305.09 9192.42
9190.91 9198.08 9205.89 9213.64 9221.48 9226.99 9230.03 9235.88 9263.14 9283.15 9301.5 9321.93 9340.11 9353.58 9352.83 9316.93 9297.02 9312.96 9306.92 9291.03 9274.56 9263.4 9256.89 9263.18 9265.41 9267.53 9270.39 9272.15 9273.85 9275.41 9271.67 9274.34 9278.83 9282.86 9286.35 9294.7 9309.02 9324.84 9347.19 9354.33 9337.42 9286.4 9227.82 9189.29 9157.54 9147.28 9142.35 9140.36 9138.19 9124.44 9129.08 9130.77 9137.79 9147.17 9158.09 9171.84 9187.51 9203.27 9223.47 9250.52 9297.64 9362.09 9399.86 9340.43 9231.03 9205.46 9230.05
9188.2 9196.14 9203.12 9210.22 9216.82 9225.3 9234.02 9244.07 9283.19 9297.37 9314.49 9335.78 9357.92 9375.27 9374.82 9342.73 9325.93 9337.7 9335.21 9307.27 9289.7 9282.15 9293.24 9290.8 9285.74 9286.58 9289.89 9285.63 9291.47 9296.85 9293.41 9295.08 9295.66 9296.12 9298.13 9301.28 9306.96 9324.46 9355.34 9382.88 9350.18 9291.79 9233.73 9188.53 9152.44 9142.72 9144.04 9146.48 9138.43 9131.13 9135.87 9142.11 9141.46 9148.37 9158.95 9171.24 9185.87 9202.26 9222.84 9253.82 9304.22 9384.73 9456.95 9358.64 9216.71 9162.26 9169.62
9186.85 9195.32 9203.77 9211.24 9217.9 9229.78 9251.04 9268.97 9285.84 9298.08 9322.24 9347.08 9371.68 9392.61 9395.39 9313.48 9246.04 9313.03 9323.29 9299.38 9298.84 9298.3 9300.23 9303.86 9300.6 9299.44 9301.17 9307.24 9309.25 9321 9328.43 9316.18 9309.43 9307.85 9306.9 9307.57 9308.28 9318.68 9352.96 9377.17 9359.86 9321.34 9262.95 9195.67 9149.97 9141.86 9142.65 9141.42 9134.32 9127.93 9124.42 9127.92 9138.62 9148.12 9158.97 9171.37 9184.94 9201.86 9224.74 9255.72 9295.14 9364.66 9416.91 9355.92 9265.57 9194.18 9158.85
9188.61 9197.55 9206.27 9214.83 9224.26 9238.17 9257.4 9279.09 9293.86 9299.63 9323.25 9350.31 9376.63 9396.59 9391.22 9300.89 9216.87 9300.03 9319.42 9302.45 9304.64 9320.35 9323.88 9314.66 9309.82 9306.05 9305.34 9305.4 9314.44 9323.47 9333.37 9324.75 9318.64 9317.7 9319.28 9311.75 9310.36 9314.57 9332.7 9357.21 9360.88 9343.98 9284.49 9208.68 9157.96 9148.69 9144.2 9139.22 9133.33 9125.92 9124.07 9127.59 9137.27 9148.5 9159.52 9171.72 9184.09 9199.6 9219.74 9251.66 9290.7 9335.39 9361.48 9346.91 9265.76 9222.34 9149.08
9195.59 9205.39 9210.48 9219.3 9228.8 9240.42 9249.46 9252.58 9265.83 9292.93 9320.48 9346.96 9371.96 9392.3 9392.38 9364.4 9380.37 9344.8 9334.19 9318.39 9309.17 9288.8 9297.18 9323.28 9317.5 9307.45 9294.24 9304.26 9314.29 9316.89 9315.28 9319.31 9319.74 9322.73 9325.58 9325.1 9318.04 9310.48 9308.4 9317.28 9325.35 9311 9260.46 9229.02 9192.89 9160.39 9147.87 9144.74 9134.35 9129.12 9127.51 9131.74 9141.58 9153.32 9163.78 9175.23 9186.76 9199.69 9214.39 9247.97 9290.8 9320.9 9347.74 9389.27 9383.05 9258.24 9149.32
9201.22 9210.5 9218.82 9229.15 9231.72 9243.32 9254.16 9261.81 9279.32 9295.44 9318.85 9342.43 9364.7 9383.12 9394.29 9387.72 9381.62 9367.52 9356.15 9354.85 9343.5 9340.02 9343.99 9333.42 9316.75 9307.01 9299.38 9309.79 9313.25 9321.53 9318.79 9315.22 9316.74 9325.13 9327.14 9325.86 9317.5 9304.48 9296.3 9291.61 9287.96 9270.27 9228.74 9204.34 9182.33 9159.51 9142.5 9135.13 9135.37 9132.53 9130.42 9138.73 9150.32 9160.46 9171.1 9181.52 9192.6 9205.7 9223.57 9253.69 9288.22 9317.81 9359.38 9424.54 9460.67 9351.23 9185.33
9205.12 9214.03 9223.53 9234.47 9250.99 9252.49 9260.79 9273.29 9286.67 9298.2 9316.84 9337.32 9356.65 9369.46 9379.76 9390.9 9388.85 9380.83 9367.7 9369.49 9340.39 9323.81 9313.59 9303.31 9308 9309.71 9309.92 9301.92 9304.79 9318.76 9320.26 9317.52 9320.64 9329.54 9336.93 9322.55 9300.71 9301.4 9308.18 9299.39 9278.02 9239.8 9211.67 9179.61 9165.57 9156.72 9146.29 9143.91 9145 9146.08 9146.16 9151.98 9161.05 9172.12 9184.2 9190.7 9200.6 9214.31 9238.75 9265.07 9295.95 9324.04 9372.65 9430.88 9480.94 9498.04 9290.58
9216.04 9225.55 9237.85 9249.06 9256.27 9257.04 9251.38 9270.79 9277.84 9289.51 9307.87 9329.44 9350.03 9369.72 9385.17 9398.05 9408.81 9403.14 9381.07 9364.92 9327.39 9297.29 9282.04 9288.4 9304.04 9306.75 9237.33 9238.17 9295.12 9320.11 9324.43 9321.92 9323.33 9328.14 9329.17 9304.66 9283.92 9304.8 9333.69 9311.13 9266.67 9228.59 9204.34 9178.35 9167.25 9161.42 9153.74 9152.26 9158.78 9163.92 9166.85 9173.36 9178.98 9187.15 9195.72 9204.63 9213.41 9224.8 9245.37 9281.11 9319.23 9356.11 9408.92 9476.78 9555.83 9607.66 9434.39
9227.95 9238.01 9248.27 9259.77 9270.78 9281.56 9273.57 9267.26 9262.99 9283.03 9305.46 9325.86 9347.43 9369.26 9388.31 9405.55 9419.39 9426.17 9429.16 9405.08 9325.64 9310.78 9319.84 9307.16 9312.89 9320.24 9333.34 9302.59 9313.84 9333.4 9330.65 9323.41 9318.74 9320.86 9318.2 9304.05 9288.42 9313.4 9340.76 9308.91 9258.89 9222.67 9204.43 9188.28 9177.96 9172.62 9170.25 9171 9177.24 9183.81 9192.83 9194.18 9199.32 9209.36 9218.65 9226.11 9234.81 9241.5 9257.72 9303.85 9356.48 9402.01 9447.72 9503.13 9589.64 9653.78 9577.59
9234.22 9243.87 9252.12 9263.21 9275.11 9294.78 9325.66 9276.47 9258.92 9281.84 9308.7 9333.69 9352.35 9365.47 9390.2 9412.54 9428.4 9440.28 9447.66 9435.36 9325.15 9308.77 9338.69 9333.46 9322.71 9325.03 9348.35 9339.44 9329.16 9329.59 9325.61 9319.59 9313.86 9308.52 9299.21 9287.06 9282.88 9319.49 9341.95 9306.01 9247.37 9219.56 9205.71 9196.3 9190.53 9185.51 9175.68 9183.64 9199.01 9207.25 9200.95 9212.38 9221.05 9228.13 9236.24 9248.19 9261.96 9276.29 9292.41 9331.4 9381.48 9443.83 9468.43 9505.8 9559.5 9629.27 9696.4
9240.03 9245.44 9253.34 9260.06 9269.07 9276.1 9272.78 9257.25 9262.89 9290.82 9319.89 9346.32 9367.72 9385.39 9404.35 9423.61 9436.11 9439.02 9437.68 9428.69 9369.95 9309.61 9320.94 9319.18 9320.35 9321.79 9333.92 9337.81 9315.45 9323.4 9322.04 9311.35 9302.74 9288.08 9271.11 9263.77 9281.28 9334.18 9359.98 9310.42 9250.08 9219.13 9207.79 9200.7 9201.59 9202.19 9199.55 9201.56 9224.8 9248.76 9252.5 9247.21 9246.78 9249.63 9256.5 9270.3 9290.44 9321.17 9341.73 9351.04 9375.03 9404.18 9454.09 9496.11 9545.42 9616.97 9659.38
9240.87 9247.47 9252.65 9258.49 9262.38 9266.35 9279.86 9280.11 9288.14 9315.35 9343.89 9373.29 9396.01 9408.08 9424.56 9435.38 9442.99 9443.88 9415.38 9407.69 9387.87 9317.79 9315.3 9315.98 9320.45 9329.59 9365.12 9343.93 9302.96 9319.16 9315.59 9298.7 9276.68 9271.27 9266.7 9261.57 9283.08 9329.34 9358.29 9306.28 9252.16 9221.84 9203.99 9197.87 9210.5 9218.54 9202.14 9208.09 9234.08 9271.53 9272.77 9272.43 9262.41 9262.22 9269.68 9282.78 9303.58 9332.05 9347.51 9351.32 9366.49 9411.96 9452.39 9452.9 9505.19 9576.35 9634.12
9239.9 9244.54 9245.61 9252.54 9254.44 9257.73 9278.59 9287.73 9310.89 9339.26 9370.52 9403.62 9430.43 9443.82 9445.71 9443.59 9438.83 9428.18 9426.02 9421.14 9392.62 9341.1 9324.78 9339.54 9330.88 9311.72 9347.47 9329.25 9300.29 9316.65 9305.44 9287.83 9271.92 9258.32 9257.89 9254.95 9265.18 9286.57 9295.71 9285.22 9260.68 9231.88 9206.21 9203.8 9212.66 9229.4 9216.45 9212.13 9220.01 9227.09 9255.57 9262.82 9262.61 9267.24 9275.69 9287.15 9301.93 9316.18 9331.84 9341.31 9353.54 9398.49 9446.67 9455.39 9503.4 9523.54 9527.68
9231.92 9237.28 9243.64 9250.98 9253.59 9255.08 9274.59 9309 9330.9 9353.91 9382.38 9424.59 9475.83 9484.33 9460.52 9438.8 9430.02 9438.94 9433.38 9427.04 9401.92 9335.83 9337.41 9356.86 9351.43 9343.72 9367.42 9351.13 9313.32 9299.6 9291.54 9278.9 9264.02 9250.8 9240.47 9241.05 9251.93 9266.96 9271.37 9265.52 9247.08 9219.66 9198.13 9200.12 9200.87 9211.1 9208.35 9210.75 9223.68 9231.43 9236.59 9241.14 9258.48 9269.58 9277.13 9284.67 9294.05 9308.77 9317.19 9329.22 9347.15 9386.15 9427.68 9456.06 9499.09 9527.49 9551.55
9228.39 9236.83 9243.16 9254.54 9264.82 9270.96 9308.36 9340.29 9337.81 9347.4 9368.1 9407.18 9477 9495.33 9433.56 9402.56 9388.37 9384.74 9399.52 9419.26 9381.95 9349.36 9350.88 9370.72 9371.41 9366.89 9377.42 9364.08 9302.22 9287.98 9283.73 9275.93 9262.89 9247.34 9235.22 9234.16 9243.75 9257.05 9260.51 9253.9 9239.01 9216.69 9187.77 9181.39 9181.6 9171 9174.87 9204.73 9235.74 9263.28 9255.66 9250.02 9264 9273.87 9278.11 9281.03 9282.49 9286.86 9302.06 9317.7 9335.51 9366.82 9399.72 9431.77 9470.26 9503.79 9548.72
9219.47 9232.36 9243.6 9257.86 9278.99 9307.77 9307.97 9316.91 9321.87 9320.23 9326.46 9336.92 9324.6 9342.57 9348.39 9334.17 9323.76 9304.61 9342.12 9376.75 9390.65 9373.19 9365.04 9368.58 9366.21 9368.61 9371.78 9358.36 9309.83 9288.28 9286.96 9282.5 9272.05 9252.99 9238.79 9234.11 9237.7 9246.8 9250.45 9248.38 9243.77 9235.72 9209.21 9190.51 9184.61 9175.29 9189.22 9212.07 9230.67 9265.05 9274.06 9276.3 9281.71 9284.12 9283.61 9281.91 9278.48 9275.39 9294.65 9312.19 9328.42 9358.66 9388.17 9417.34 9464.43 9499.77 9547.94
9213.68 9224.06 9235.7 9251.92 9274.03 9293.14 9323.63 9312.91 9291.43 9277.34 9270.12 9270.37 9265.07 9253.17 9243.52 9238.72 9248.26 9301.51 9313.71 9263.5 9324.96 9348.57 9361.71 9375.24 9375.99 9364.2 9371.05 9366.9 9340.3 9307.44 9300.82 9297.52 9291.76 9267.09 9242.83 9230.74 9230.38 9234.34 9240.51 9242.99 9242.55 9235.23 9225.3 9207.79 9213.28 9222.57 9232.06 9235.41 9244.57 9257.68 9284.34 9305.96 9300.24 9294.9 9290.84 9287.05 9287.42 9293.29 9300.02 9316.2 9338.71 9362.02 9390.59 9420.17 9463.61 9502.66 9552.02
9204.58 9206.31 9215.09 9228.69 9248.43 9281.77 9278.48 9279.05 9244.02 9208.01 9181.5 9184.49 9222.42 9164.68 9124.99 9110.56 9119.59 9145.62 9165.27 9240.86 9282.63 9303.44 9342.43 9393.03 9422.85 9395.99 9384.06 9368.86 9344.14 9324.37 9315.56 9312.65 9308.47 9278.1 9246.61 9219.97 9220.29 9225.74 9231.78 9237.27 9238.92 9236.1 9233.83 9228.92 9248.13 9269.16 9261.98 9258.66 9262.43 9270.94 9290.82 9305.81 9307.59 9303.89 9298.34 9293.82 9290.41 9293.61 9305.62 9319.71 9339.74 9361.05 9385.78 9414.78 9447.65 9480.44 9532.75
9195.54 9197.3 9200.58 9205.38 9211.34 9225.19 9278.87 9253.51 9177.94 9103.31 9052.05 9025.2 9029.15 8993.24 8964.51 8955.11 8956.65 8965.68 8998.82 9079.16 9226.38 9267.02 9299.54 9368.78 9433.82 9420.44 9392.56 9362.49 9341.81 9328.58 9322.77 9319.74 9311.62 9269.77 9244.45 9217.07 9213.76 9217.03 9226.08 9233.98 9239.67 9240.19 9235.11 9250.19 9271.43 9280.26 9273.79 9272.47 9275.82 9289 9300.07 9307.94 9314.67 9313.41 9307.68 9302.85 9301.86 9305.08 9313.37 9324.25 9336.28 9359.01 9386.86 9415.03 9434.83 9452.34 9497.19
9186.93 9197.09 9204.05 9209.62 9215.56 9265.35 9341.48 9206.65 9078.08 8979.63 8893.26 8818.03 8766.53 8782.28 8789.16 8790.2 8795.25 8807.99 8862.81 8987.96 9074.84 9135.55 9218.41 9289.18 9356.01 9420.26 9381.6 9344.24 9337.45 9329.67 9323.14 9316.52 9309.11 9261.07 9235.21 9221.65 9212.22 9213.2 9221.95 9232.28 9245.13 9258.86 9263 9272.94 9289.07 9283.7 9281.76 9283.26 9289.74 9297.96 9310.93 9327.85 9331.56 9322.27 9315.81 9311.16 9308.41 9313.97 9324.44 9336.66 9347.83 9361.36 9380.26 9411.97 9424.93 9439.73 9458.31
9181.91 9201.68 9206.77 9218.94 9217.53 9233.12 9157.59 9052.26 8942.14 8840.85 8739.22 8640.49 8584.78 8605.7 8626.34 8636.48 8638.44 8639.51 8662.1 8822.42 8960.08 9062.27 9144.16 9205.09 9248.9 9329.36 9342.38 9340.67 9329.41 9325.28 9313.64 9300.81 9279.27 9248.21 9233.3 9226.72 9211.8 9208.76 9216.39 9229.71 9246.34 9266.37 9277.92 9296.42 9307.17 9290.46 9292.05 9292.58 9294.58 9303.65 9315.04 9325.52 9327.54 9324.99 9321.69 9319.44 9318.99 9324.84 9335.51 9350.67 9363.25 9367.32 9381.15 9405.36 9411.29 9405.88 9400.59
9179.65 9206.44 9224.38 9232.65 9229.23 9114.71 8927.29 8866.18 8791.55 8706.13 8609.25 8519.99 8471.41 8480.13 8494.57 8507.2 8512.64 8523.41 8540.1 8662.61 8824.81 8990.95 9077.73 9144.35 9196.53 9249.52 9298.41 9316.36 9334.12 9317.07 9297.72 9280.34 9271.09 9229.71 9223.4 9220.14 9209.27 9203.93 9211.06 9224.99 9241 9256.48 9270.43 9304.82 9329.83 9318.48 9308.44 9306.07 9305.73 9311.17 9317.46 9318.78 9319.18 9327.1 9328.38 9328.36 9332.49 9337.38 9345.35 9351.54 9361.27 9371.46 9386.04 9403.2 9383.86 9357.08 9335.55
9175.64 9215.09 9242.78 9242.42 9191.09 8991.29 8806.06 8739.74 8679.11 8601.52 8522.07 8453.46 8411.88 8403.62 8407.61 8420.49 8426.11 8443.18 8500.77 8568.29 8711.15 8868.79 9005.99 9102.28 9163.48 9215.23 9283.91 9306.06 9292.98 9293.63 9277.45 9255.42 9228.73 9222.65 9211.67 9211.18 9207.1 9201.94 9206.52 9220.66 9236.44 9245.64 9248.95 9298.82 9334.84 9319.21 9315.18 9316.74 9319.29 9319.83 9324.42 9330.19 9336.33 9337.96 9337.26 9336.3 9335.9 9348.61 9358.7 9358.87 9365.47 9377.45 9389.41 9402.81 9329.71 9280.9 9263.18
9174.11 9215.78 9248.12 9250.02 9160.25 8928.54 8778.48 8684.41 8610.35 8536.3 8457.76 8384.62 8356.85 8355.54 8359.73 8364.52 8366.96 8370.38 8378.47 8490.72 8609.83 8767.84 8933.37 9065.71 9149.51 9211.85 9290.58 9320.45 9286.23 9278.41 9262.83 9242.45 9226.41 9224.71 9222.79 9219.42 9214.03 9205.38 9206.58 9218.81 9234.24 9251.77 9258.06 9295.09 9318.89 9317.19 9310.57 9311.39 9317.83 9322.65 9329.71 9341.65 9351.9 9349.65 9345.04 9343.4 9350.43 9360.52 9376.25 9389.91 9381.29 9375.76 9364.14 9346.44 9267.9 9224.29 9204.99
9158.85 9200.13 9241.47 9262.98 9203.95 8937.19 8788.67 8685.4 8596.36 8512.27 8426.62 8350.39 8326.35 8324.65 8325.7 8330.3 8332.52 8332.33 8341.27 8407.45 8565.07 8691.28 8867.43 9034.81 9109.07 9178.41 9293.89 9344.31 9301.17 9276.45 9260.97 9243.06 9220.54 9219.13 9247.71 9236.51 9219.51 9215.24 9214.54 9218.46 9226.01 9235.99 9254.77 9293.9 9317.73 9306.54 9293.83 9289.55 9312.8 9313.84 9327.18 9343.79 9357.38 9354.54 9348.24 9342.86 9345.7 9363.59 9384.17 9395.99 9367.7 9325.5 9275.68 9207.38 9178.88 9172.99 9163.94
9141.25 9171.57 9205.46 9240.04 9240.95 9009.72 8844.02 8717.47 8613.15 8516.05 8432.4 8368.58 8329.55 8316.64 8310.95 8310.18 8309.63 8319.21 8326.9 8361.21 8519.31 8662.25 8829.55 9020.54 9071.48 9123.74 9296.22 9353.65 9313.13 9282.37 9267.93 9259.98 9244.95 9235.79 9241.1 9241.28 9234.7 9224.35 9217.37 9221.19 9223.56 9229.61 9250.46 9280.2 9307.12 9284.68 9271.82 9257 9259.96 9292.8 9318.83 9341.45 9355.91 9357.06 9348.39 9337.57 9339.24 9355.37 9376.05 9387.83 9335.36 9262.22 9201.73 9156.86 9171.4 9152.11 9138.46
9115.01 9131.62 9151.31 9168.48 9196.39 9098 8904.96 8768.66 8652.51 8541.56 8446.32 8371.2 8343.23 8328.28 8322.31 8319.85 8322.54 8332.84 8326.57 8352.78 8508.19 8716.59 8849.87 9020.61 9085.96 9110.52 9309.59 9353.81 9321.85 9286.41 9277.9 9270.01 9264.42 9254.49 9250.04 9248.04 9241.16 9236.84 9233.22 9229.97 9230.29 9234.48 9240.43 9262.37 9265.97 9257.39 9257.49 9253.83 9258.15 9282.57 9312.01 9340.4 9364.6 9364.17 9346.1 9327.4 9325.91 9336.22 9344.75 9337.53 9296.99 9240.25 9183.86 9147.68 9131.87 9132.25 9124.55
