real_craters/C137-750m.grd
DSAA
119 119
-44.3975 44.3975
-44.3975 44.3975
8113.3590726052 9903.0566738075
[rows 38 to 75 of 119, columns 0 to 83 of 119]
9330 9364 9385 9418 9454 9494 9528 9561 9603 9549 9510 9449 9416 9405 9413 9397 9401 9404 9387 9412 9447 9415 9424 9470 9533 9611 9609 9517 9360 9365 9310 9294 9280 9276 9277 9289 9281 9287 9311 9312 9309 9307 9323 9336 9342 9343 9350 9366 9356 9363 9390 9406 9429 9450 9493 9505 9517 9528 9512 9514 9501 9482 9466 9453 9441 9429 9418 9410 9398 9390 9384 9375 9367 9359 9352 9351 9332 9310 9325 9326 9321 9321 9322 9320
9344 9384 9412 9434 9451 9467 9479 9483 9514 9500 9446 9426 9419 9394 9351 9357 9386 9410 9402 9413 9425 9451 9468 9486 9588 9623 9602 9419 9361 9358 9316 9295 9281 9282 9292 9287 9293 9324 9327 9318 9311 9307 9320 9333 9340 9343 9350 9358 9351 9357 9376 9406 9425 9463 9513 9533 9555 9594 9639 9578 9535 9504 9487 9469 9454 9440 9428 9417 9401 9385 9383 9381 9375 9365 9356 9348 9340 9335 9335 9347 9362 9332 9325 9313
9387 9419 9440 9452 9461 9452 9440 9428 9403 9414 9395 9397 9379 9357 9304 9312 9360 9410 9403 9420 9448 9508 9521 9533 9535 9570 9558 9419 9362 9345 9317 9300 9293 9292 9289 9290 9295 9306 9323 9319 9316 9314 9322 9334 9347 9345 9349 9357 9360 9369 9383 9401 9439 9466 9501 9535 9560 9580 9613 9575 9541 9514 9495 9476 9461 9450 9440 9436 9422 9407 9406 9401 9388 9373 9357 9343 9355 9344 9344 9350 9344 9328 9300 9307
9439 9461 9467 9467 9467 9450 9428 9380 9315 9338 9361 9384 9397 9326 9287 9286 9323 9374 9414 9451 9509 9555 9540 9466 9482 9507 9517 9428 9362 9340 9321 9306 9302 9315 9308 9311 9313 9302 9308 9318 9324 9326 9324 9336 9348 9346 9347 9361 9379 9398 9409 9415 9466 9469 9500 9543 9565 9533 9464 9536 9525 9498 9488 9470 9457 9449 9445 9446 9454 9439 9435 9421 9398 9375 9359 9351 9367 9360 9362 9357 9350 9335 9327 9319
9486 9501 9488 9475 9461 9450 9441 9411 9309 9271 9293 9338 9362 9305 9247 9235 9274 9312 9365 9430 9512 9547 9548 9488 9468 9469 9475 9397 9351 9334 9321 9307 9308 9337 9359 9337 9320 9292 9302 9319 9333 9342 9328 9341 9351 9352 9350 9371 9392 9395 9410 9419 9403 9427 9496 9560 9591 9632 9615 9538 9505 9476 9467 9451 9442 9439 9441 9451 9474 9478 9472 9444 9413 9379 9353 9354 9386 9395 9359 9371 9360 9333 9324 9343
9523 9531 9496 9466 9438 9428 9430 9424 9349 9268 9271 9289 9296 9270 9225 9213 9261 9334 9365 9361 9349 9532 9496 9481 9463 9435 9398 9360 9339 9327 9315 9307 9319 9348 9339 9328 9307 9298 9309 9333 9346 9351 9349 9354 9365 9369 9375 9413 9421 9452 9483 9515 9521 9552 9599 9594 9581 9574 9547 9479 9401 9377 9425 9414 9410 9413 9425 9445 9476 9479 9482 9452 9416 9375 9339 9314 9319 9381 9421 9401 9383 9359 9354 9377
9519 9527 9477 9439 9411 9393 9383 9402 9345 9270 9265 9258 9240 9248 9217 9206 9229 9294 9274 9297 9346 9459 9476 9475 9460 9442 9373 9345 9335 9326 9318 9315 9337 9375 9377 9341 9321 9333 9353 9364 9369 9360 9362 9366 9372 9375 9397 9405 9442 9452 9516 9672 9777 9847 9740 9585 9500 9466 9399 9325 9286 9267 9363 9359 9362 9371 9389 9418 9456 9458 9446 9441 9408 9370 9326 9267 9167 9289 9428 9451 9420 9385 9380 9398
9468 9450 9419 9390 9363 9337 9306 9275 9282 9268 9262 9261 9261 9236 9210 9198 9206 9217 9226 9265 9316 9435 9503 9509 9477 9448 9419 9370 9342 9337 9340 9344 9361 9391 9404 9381 9363 9374 9393 9404 9410 9406 9386 9393 9399 9407 9403 9409 9484 9573 9714 9691 9699 9638 9577 9428 9326 9243 9209 9172 9223 9210 9282 9289 9300 9316 9337 9375 9407 9444 9488 9429 9392 9363 9347 9339 9344 9392 9486 9458 9440 9408 9397 9403
9402 9365 9356 9342 9320 9293 9261 9241 9244 9246 9258 9256 9240 9221 9203 9195 9207 9207 9230 9286 9318 9393 9459 9487 9439 9434 9416 9422 9357 9349 9363 9377 9381 9402 9425 9425 9385 9415 9442 9445 9441 9473 9435 9428 9409 9408 9427 9455 9481 9544 9461 9308 9224 9153 9212 9181 9132 9072 9051 9057 9135 9149 9188 9204 9223 9246 9271 9306 9349 9370 9352 9360 9360 9360 9373 9398 9464 9466 9463 9463 9439 9410 9402 9405
9353 9321 9311 9300 9283 9260 9239 9232 9236 9240 9254 9254 9229 9205 9197 9192 9198 9214 9243 9295 9284 9335 9451 9458 9432 9400 9378 9371 9345 9343 9354 9359 9358 9376 9421 9455 9444 9465 9486 9480 9446 9402 9419 9396 9396 9430 9542 9533 9377 9222 9048 8922 8878 8772 8870 8928 8943 8927 8952 8967 9042 9072 9087 9112 9138 9165 9197 9229 9276 9268 9224 9277 9310 9340 9363 9397 9407 9481 9528 9473 9439 9406 9403 9404
9328 9306 9289 9276 9261 9244 9227 9224 9227 9231 9244 9255 9231 9206 9196 9190 9199 9219 9244 9263 9278 9376 9424 9431 9420 9374 9354 9344 9324 9325 9326 9314 9337 9366 9419 9460 9466 9503 9550 9514 9473 9446 9427 9420 9405 9542 9603 9438 9213 8990 8833 8800 8747 8697 8689 8717 8763 8819 8833 8867 8919 8951 8995 9019 9052 9081 9114 9138 9207 9205 9232 9228 9264 9314 9364 9396 9408 9428 9395 9453 9431 9405 9400 9409
9308 9292 9276 9263 9250 9236 9223 9218 9219 9224 9239 9247 9234 9224 9203 9192 9197 9212 9222 9228 9292 9374 9401 9400 9386 9367 9339 9332 9322 9315 9310 9319 9336 9363 9417 9456 9470 9504 9534 9514 9470 9439 9426 9430 9439 9552 9389 9186 9018 8857 8767 8796 8665 8622 8518 8528 8555 8595 8674 8723 8813 8880 8921 8960 8963 8995 9023 9051 9136 9124 9074 9128 9215 9292 9364 9425 9459 9371 9370 9435 9401 9374 9390 9409
9292 9282 9269 9259 9248 9234 9223 9218 9218 9224 9225 9246 9231 9220 9206 9196 9196 9205 9215 9234 9300 9344 9361 9375 9365 9353 9339 9329 9325 9321 9312 9315 9347 9382 9387 9447 9446 9471 9504 9513 9472 9429 9411 9416 9444 9454 9125 8940 8826 8734 8715 8563 8486 8358 8341 8395 8407 8441 8525 8621 8722 8766 8817 8858 8887 8914 8939 8978 9071 9061 9037 9091 9174 9271 9377 9467 9522 9401 9364 9368 9362 9364 9377 9389
9296 9286 9275 9258 9248 9237 9229 9217 9217 9221 9212 9224 9229 9217 9210 9199 9207 9222 9224 9237 9279 9294 9368 9367 9355 9338 9344 9353 9348 9338 9330 9336 9337 9308 9281 9243 9345 9412 9478 9517 9549 9494 9410 9392 9552 9266 8912 8761 8668 8597 8541 8550 8372 8300 8325 8348 8409 8438 8473 8535 8635 8674 8723 8775 8816 8839 8862 8900 9007 8999 8974 9029 9126 9255 9388 9515 9608 9588 9410 9323 9338 9359 9370 9379
9279 9272 9266 9259 9247 9240 9235 9219 9220 9215 9226 9241 9243 9239 9228 9208 9210 9230 9235 9245 9284 9341 9364 9359 9360 9346 9337 9358 9351 9343 9347 9340 9282 9240 9236 9236 9281 9343 9391 9433 9485 9466 9414 9465 9432 9021 8740 8622 8554 8510 8540 8428 8273 8294 8322 8304 8313 8365 8401 8451 8504 8609 8666 8718 8758 8776 8799 8819 8945 8926 8864 8917 9051 9213 9390 9554 9680 9694 9480 9318 9320 9355 9377 9369
9265 9258 9258 9255 9250 9242 9242 9248 9232 9224 9219 9230 9250 9275 9256 9220 9228 9242 9246 9262 9295 9331 9320 9333 9341 9335 9328 9321 9325 9321 9323 9294 9244 9233 9233 9232 9252 9287 9315 9338 9367 9415 9430 9542 9334 8890 8627 8531 8477 8426 8348 8296 8292 8292 8270 8256 8215 8281 8348 8405 8459 8564 8622 8662 8703 8729 8745 8895 8876 8852 8823 8814 8972 9159 9356 9559 9743 9838 9632 9388 9365 9399 9408 9399
9251 9254 9255 9256 9256 9251 9239 9242 9234 9227 9212 9212 9236 9254 9244 9225 9240 9240 9254 9257 9276 9278 9297 9305 9305 9308 9328 9322 9308 9284 9249 9234 9216 9221 9228 9223 9232 9253 9273 9281 9287 9402 9511 9589 9326 8879 8598 8477 8419 8372 8259 8236 8284 8303 8319 8295 8238 8298 8348 8399 8450 8545 8596 8622 8657 8687 8698 8855 8829 8799 8768 8749 8908 9107 9323 9541 9753 9903 9754 9391 9412 9431 9435 9441
9241 9248 9254 9258 9264 9269 9261 9240 9234 9218 9206 9209 9226 9229 9229 9243 9242 9238 9255 9250 9264 9261 9286 9289 9284 9304 9325 9329 9301 9266 9228 9216 9198 9194 9197 9192 9207 9227 9249 9272 9307 9427 9587 9538 9251 8808 8546 8429 8362 8299 8219 8197 8211 8294 8418 8389 8370 8382 8393 8408 8430 8525 8567 8597 8634 8652 8669 8808 8784 8756 8729 8697 8846 9053 9278 9506 9706 9817 9714 9425 9389 9409 9422 9422
9233 9243 9250 9256 9264 9278 9287 9271 9247 9221 9209 9234 9243 9236 9237 9245 9236 9230 9239 9250 9258 9270 9276 9281 9297 9343 9334 9324 9288 9260 9236 9214 9198 9182 9167 9167 9188 9212 9233 9255 9321 9435 9503 9515 9150 8725 8486 8383 8313 8255 8203 8206 8181 8263 8362 8417 8431 8445 8422 8424 8426 8507 8546 8582 8610 8627 8663 8785 8761 8732 8700 8634 8790 9010 9231 9451 9646 9788 9700 9530 9378 9387 9390 9386
9223 9232 9243 9249 9260 9269 9293 9289 9266 9245 9240 9230 9242 9232 9234 9235 9221 9223 9238 9254 9253 9269 9270 9284 9314 9319 9330 9296 9266 9249 9232 9210 9195 9171 9152 9153 9175 9201 9227 9260 9338 9457 9522 9432 9075 8744 8473 8347 8280 8237 8202 8165 8162 8249 8371 8484 8522 8504 8442 8412 8390 8507 8552 8575 8601 8616 8655 8773 8751 8727 8699 8636 8780 8994 9221 9431 9624 9763 9769 9591 9457 9374 9362 9383
9216 9225 9235 9246 9259 9274 9301 9293 9278 9266 9272 9192 9198 9210 9223 9224 9225 9242 9254 9266 9266 9277 9274 9287 9303 9328 9340 9265 9236 9233 9223 9196 9170 9156 9146 9151 9170 9195 9222 9241 9331 9474 9548 9411 8973 8600 8419 8315 8257 8245 8226 8133 8127 8261 8432 8572 8591 8521 8470 8434 8408 8499 8533 8554 8576 8598 8652 8758 8745 8731 8720 8672 8793 8985 9199 9416 9616 9749 9633 9493 9331 9337 9353 9377
9209 9220 9231 9244 9259 9275 9280 9279 9281 9273 9243 9213 9184 9200 9205 9217 9147 9266 9263 9265 9265 9278 9282 9291 9300 9327 9369 9227 9217 9215 9198 9163 9146 9145 9137 9147 9167 9194 9224 9251 9346 9450 9497 9392 8941 8538 8390 8293 8225 8247 8247 8142 8204 8318 8412 8488 8501 8478 8443 8416 8382 8474 8512 8526 8553 8575 8665 8753 8748 8743 8741 8685 8804 8985 9194 9416 9630 9780 9737 9489 9327 9314 9337 9365
9203 9214 9227 9240 9250 9263 9248 9271 9289 9291 9256 9254 9256 9229 9215 9233 9141 9274 9272 9261 9256 9266 9281 9291 9308 9338 9355 9267 9220 9201 9173 9135 9125 9129 9133 9144 9167 9192 9225 9283 9342 9428 9464 9372 8958 8585 8451 8337 8238 8284 8308 8227 8279 8314 8326 8358 8392 8394 8397 8375 8365 8359 8508 8537 8567 8592 8691 8758 8756 8757 8760 8694 8795 8982 9188 9407 9608 9757 9718 9563 9352 9298 9303 9316
9195 9207 9219 9230 9236 9246 9262 9294 9320 9332 9301 9292 9291 9263 9238 9242 9253 9267 9261 9263 9255 9264 9277 9288 9309 9338 9356 9285 9219 9180 9155 9136 9125 9122 9126 9144 9165 9188 9217 9250 9318 9360 9356 9314 9088 8783 8620 8471 8344 8313 8299 8258 8286 8269 8237 8256 8292 8326 8343 8343 8351 8362 8494 8530 8562 8595 8782 8779 8776 8775 8778 8709 8812 8973 9169 9382 9579 9725 9693 9548 9328 9291 9302 9302
9189 9201 9212 9222 9231 9258 9294 9320 9351 9367 9327 9321 9318 9290 9273 9285 9277 9285 9282 9285 9281 9287 9290 9295 9311 9345 9369 9309 9220 9162 9143 9143 9136 9131 9138 9146 9163 9182 9208 9245 9322 9430 9303 9172 9207 9049 8816 8633 8476 8350 8294 8289 8297 8220 8160 8142 8198 8234 8265 8305 8326 8356 8488 8531 8581 8615 8811 8806 8800 8795 8790 8704 8784 8944 9141 9357 9542 9653 9643 9528 9406 9293 9306 9302
9187 9200 9211 9222 9253 9282 9299 9336 9374 9399 9302 9281 9319 9299 9299 9303 9301 9300 9307 9317 9328 9311 9308 9306 9309 9342 9371 9336 9248 9157 9142 9143 9132 9125 9131 9146 9163 9182 9208 9250 9313 9412 9322 9202 9146 9131 8944 8770 8598 8409 8322 8320 8318 8299 8178 8113 8160 8189 8229 8257 8292 8309 8477 8526 8589 8633 8898 8880 8860 8838 8699 8706 8762 8909 9117 9323 9504 9591 9560 9529 9444 9338 9315 9311
9193 9205 9217 9233 9251 9273 9297 9337 9377 9399 9331 9316 9324 9307 9301 9323 9312 9302 9307 9318 9323 9321 9322 9323 9313 9316 9343 9335 9260 9185 9153 9146 9132 9125 9133 9148 9165 9183 9204 9241 9311 9344 9355 9252 9118 9071 8990 8845 8682 8484 8364 8294 8262 8268 8239 8204 8170 8168 8198 8234 8251 8284 8458 8534 8605 8650 8953 8932 8907 8878 8737 8723 8759 8892 9085 9316 9514 9594 9569 9535 9390 9341 9357 9321
9202 9216 9230 9238 9255 9276 9297 9332 9366 9392 9388 9374 9357 9348 9341 9340 9315 9302 9310 9318 9318 9314 9326 9327 9314 9299 9291 9276 9222 9186 9155 9137 9135 9130 9142 9159 9175 9191 9212 9248 9299 9351 9447 9377 9132 9133 9024 8911 8795 8649 8453 8315 8291 8273 8351 8224 8186 8190 8212 8238 8285 8300 8481 8571 8640 8681 8720 8973 8951 8791 8777 8760 8775 8893 9095 9342 9554 9594 9514 9439 9358 9377 9352 9296
9210 9225 9244 9256 9255 9285 9297 9324 9355 9377 9395 9398 9370 9345 9300 9285 9305 9306 9271 9313 9321 9316 9332 9321 9284 9320 9302 9243 9201 9167 9156 9149 9153 9159 9165 9177 9191 9205 9225 9267 9318 9380 9464 9567 9290 9188 9062 8971 8923 8855 8604 8431 8372 8341 8327 8278 8252 8254 8280 8292 8304 8325 8506 8624 8686 8740 8783 9019 9004 8893 8845 8831 8825 8919 9124 9372 9568 9567 9451 9362 9347 9348 9336 9287
9228 9243 9260 9278 9280 9259 9284 9316 9349 9381 9407 9425 9432 9361 9315 9311 9314 9330 9306 9329 9329 9319 9321 9311 9290 9337 9297 9230 9202 9181 9173 9170 9181 9192 9196 9208 9221 9235 9246 9297 9378 9443 9527 9651 9529 9226 9099 9015 8992 8921 8738 8575 8507 8445 8420 8379 8352 8350 8360 8377 8406 8435 8587 8739 8793 8844 8848 9077 8997 8987 8962 8954 8934 8990 9190 9368 9523 9509 9432 9373 9346 9331 9315 9280
9238 9250 9263 9278 9281 9252 9286 9329 9361 9386 9420 9439 9445 9397 9311 9336 9322 9322 9335 9322 9323 9311 9295 9270 9289 9346 9295 9225 9206 9197 9194 9192 9219 9227 9232 9241 9253 9276 9316 9340 9393 9456 9528 9603 9645 9358 9191 9113 9076 8968 8777 8647 8568 8512 8484 8456 8444 8468 8466 8498 8540 8601 8674 8870 8921 8954 8961 9128 9105 9118 9115 9128 9141 9185 9328 9433 9502 9480 9446 9375 9347 9348 9307 9268
9241 9251 9258 9263 9280 9282 9319 9363 9399 9421 9437 9446 9411 9409 9317 9317 9321 9361 9339 9306 9312 9283 9272 9263 9291 9355 9293 9228 9199 9207 9220 9204 9243 9268 9269 9262 9273 9300 9341 9350 9375 9453 9469 9558 9608 9474 9338 9238 9184 9052 8792 8688 8617 8567 8537 8537 8578 8581 8616 8685 8749 8810 8845 8965 8982 9012 9078 9153 9188 9216 9253 9313 9410 9526 9525 9501 9472 9447 9431 9350 9324 9321 9298 9274
9236 9246 9249 9253 9271 9313 9352 9402 9456 9462 9442 9432 9435 9421 9334 9345 9339 9350 9328 9306 9295 9272 9251 9247 9261 9272 9269 9238 9209 9206 9229 9213 9219 9234 9251 9266 9279 9295 9315 9332 9358 9438 9473 9524 9554 9607 9538 9332 9266 9159 8974 8853 8744 8681 8667 8623 8643 8707 8826 8901 8935 8929 8933 9076 9098 9107 9151 9232 9265 9297 9365 9453 9581 9721 9637 9553 9481 9398 9326 9307 9307 9308 9288 9284
9228 9239 9256 9272 9313 9335 9346 9384 9471 9447 9395 9377 9397 9400 9350 9364 9371 9377 9359 9293 9283 9268 9245 9234 9246 9259 9251 9225 9185 9181 9165 9197 9246 9261 9255 9274 9280 9281 9289 9314 9342 9394 9444 9498 9571 9639 9628 9587 9519 9426 9313 9113 8920 8768 8800 8835 8749 8872 8975 9012 9034 9071 9073 9171 9167 9184 9235 9303 9340 9369 9429 9506 9591 9632 9594 9514 9424 9327 9234 9284 9304 9294 9272 9257
9217 9234 9257 9291 9321 9312 9295 9295 9276 9287 9278 9293 9328 9324 9370 9368 9366 9367 9357 9300 9293 9287 9257 9235 9235 9243 9245 9244 9216 9199 9204 9223 9238 9278 9298 9292 9287 9284 9288 9311 9342 9389 9435 9501 9573 9649 9640 9565 9553 9574 9561 9360 9206 9065 8879 8907 9047 9164 9209 9205 9185 9161 9131 9253 9218 9262 9296 9350 9383 9423 9469 9525 9550 9548 9501 9418 9334 9269 9211 9256 9272 9267 9259 9249
9204 9209 9227 9260 9274 9256 9196 9165 9208 9120 9093 9113 9146 9269 9305 9372 9425 9391 9365 9330 9317 9312 9271 9226 9220 9229 9238 9237 9233 9245 9268 9261 9265 9288 9307 9306 9298 9292 9298 9318 9346 9382 9426 9471 9551 9648 9755 9605 9504 9546 9551 9502 9452 9422 9278 9279 9478 9530 9406 9327 9270 9238 9226 9369 9301 9327 9328 9454 9409 9456 9492 9525 9521 9483 9421 9318 9248 9246 9241 9253 9258 9262 9253 9253
9192 9197 9206 9220 9322 9169 9023 8918 8858 8857 8853 8862 8935 9104 9191 9296 9411 9404 9347 9332 9324 9315 9252 9225 9212 9221 9235 9249 9253 9279 9283 9279 9288 9304 9323 9321 9312 9306 9314 9329 9348 9379 9419 9446 9487 9541 9555 9556 9562 9572 9575 9549 9541 9514 9440 9456 9602 9619 9493 9399 9348 9305 9278 9363 9333 9340 9338 9465 9437 9469 9494 9487 9459 9404 9350 9276 9235 9236 9239 9244 9250 9247 9246 9244
9182 9210 9220 9225 9119 8967 8817 8663 8566 8599 8617 8623 8647 8917 9068 9175 9247 9333 9342 9328 9310 9286 9239 9232 9210 9213 9233 9261 9282 9311 9294 9294 9296 9313 9325 9325 9322 9320 9330 9349 9365 9377 9409 9403 9393 9404 9473 9479 9494 9483 9501 9505 9534 9600 9533 9520 9543 9531 9476 9413 9331 9288 9270 9327 9342 9342 9359 9476 9459 9447 9429 9402 9381 9347 9303 9267 9238 9230 9228 9230 9250 9239 9234 9230
