real_craters/C137-300m.grd
DSAA
297 297
-44.3975 44.3975
-44.3975 44.3975
8107.3596583313 9899.9315993408
[rows 180 to 209 of 297, columns 67 to 133 of 297]
9244.63 9242.33 9227.21 9212.67 9199.14 9192.05 9190.07 9187.25 9183.15 9192.27 9204.1 9214.84 9224.52 9231.79 9249.76 9270.44 9276.73 9281.43 9287.45 9287.56 9286.97 9287.07 9286.6 9284.98 9283.87 9281.81 9280.29 9277.68 9280.17 9290.34 9301.12 9311.36 9322.05 9332.17 9350.02 9370.6 9387.7 9398.15 9424.08 9451.05 9477.27 9502.02 9527.28 9559.67 9593 9623.38 9646.54 9656.28 9640.08 9607.48 9565.52 9572.82 9569.21 9568.23 9569.38 9567.11 9560.56 9558.25 9542.54 9468.55 9384.82 9304.76 9231.29 9162.6 9096.78 9033.26 8968.46
9242.51 9238.56 9231.83 9222.29 9209.28 9203.75 9207.02 9211.18 9214.53 9223.53 9226.47 9230.36 9235.98 9241.44 9250.6 9266.91 9281.42 9293.89 9304.66 9300.55 9296.74 9293.73 9291.53 9289.64 9287.51 9285.44 9285.34 9288.26 9290.55 9295.56 9303.74 9313.94 9326.09 9341.09 9354.52 9371.63 9391.14 9406.69 9425.87 9453.4 9476.74 9503.09 9529.67 9560.47 9593.4 9625.65 9656.05 9673.98 9670.7 9624.34 9572.96 9566.12 9555.59 9542.43 9541.8 9557.66 9577.72 9599.49 9602.69 9531.99 9455.62 9387.29 9325.55 9273.48 9227.53 9185.73 9123.63
9239.21 9235.15 9233.52 9228.39 9220.73 9217.68 9227.57 9240.15 9250.75 9252.09 9247.49 9246.72 9250.39 9259.01 9260.87 9270.73 9285.31 9298.54 9308.95 9306.75 9303.01 9299.44 9296.72 9293.49 9291.14 9289.09 9289.24 9294.3 9296.78 9300.09 9307.19 9316.83 9329.11 9343.86 9356.18 9370.29 9383.82 9399.36 9423.15 9447.91 9469.49 9492.09 9519.04 9553.79 9589.64 9627.31 9662.88 9697.07 9720.41 9680.52 9619.53 9581.61 9549.02 9514.6 9504.65 9538.41 9567.48 9590.33 9594.7 9551.13 9499.98 9451.69 9408.2 9372.71 9345.73 9324 9276.44
9238.51 9236.57 9235.83 9233.17 9229.72 9233.54 9246.99 9262.38 9269.24 9264.48 9261.06 9259.46 9260.35 9263.13 9267.39 9277.61 9289.51 9299.69 9306.47 9307.97 9307.04 9304.68 9301.35 9298.13 9295.26 9292.97 9290.84 9289.16 9295.34 9302.81 9310.09 9318.76 9329.27 9342.35 9354.85 9369.13 9384.15 9398.8 9419.52 9438.87 9457.39 9476.71 9504.48 9540.14 9577.25 9613.85 9656.23 9701.31 9745.26 9724.05 9655.94 9599.15 9554.51 9513.88 9501.39 9529.55 9548.72 9552.48 9553.14 9545.89 9523.88 9495.68 9469.59 9450.01 9437.92 9432.52 9404.6
9239.55 9238.69 9233.21 9234.13 9239.26 9249.87 9262.5 9275.23 9275.08 9270.6 9269.25 9268.19 9268.37 9270.73 9279.62 9286.72 9295.07 9302.05 9305.25 9309.28 9311.39 9309.86 9307.19 9303.69 9300.51 9298.17 9296.64 9295.29 9300.38 9307.14 9314 9321.11 9328.27 9337.82 9352.88 9367.94 9384.12 9402.36 9418.58 9433.98 9445.52 9458.71 9486.96 9519.16 9552.63 9585.34 9625.5 9667.39 9707.33 9706.29 9652.19 9599.98 9562.05 9537.44 9529.99 9537.83 9543.46 9532.4 9533.44 9544.38 9540.3 9527.39 9514.37 9505.48 9501.26 9500.45 9476.88
9242.5 9243.36 9237.56 9241.58 9250.03 9260.97 9273.9 9282.06 9281.6 9277.51 9275.7 9275.57 9276.78 9280.91 9289.71 9295.13 9301.91 9308.43 9312.17 9316.58 9318.36 9316.37 9313.03 9309.56 9306.21 9304.02 9303.91 9308.21 9308.86 9313.25 9319.47 9325.96 9332.27 9340.95 9353.32 9367.12 9383.97 9405.85 9417.2 9427.79 9438.64 9449.94 9471.61 9496.44 9522.28 9549.9 9579.63 9603.49 9620.92 9623.48 9601.9 9577.67 9559.8 9545.82 9543.64 9551.37 9560.37 9556.62 9555.9 9557.02 9551.85 9544.79 9539.03 9538.01 9535.95 9529.92 9507.77
9247.44 9254.49 9257.56 9259.01 9264.75 9275.27 9285.67 9285.97 9283.69 9281.64 9280.93 9281.71 9284.39 9288.61 9293.1 9300.68 9308.39 9317.08 9327.44 9331.73 9326.42 9321.89 9318.03 9314.43 9311.05 9308.78 9307.5 9308.44 9313.92 9319.71 9326.48 9333.52 9340.01 9347.45 9356.42 9366.6 9378.89 9404.75 9414.71 9422.63 9432.48 9442.74 9454.32 9469.1 9486.92 9506.33 9523.38 9534.81 9527.28 9501.55 9532.29 9542.42 9542.32 9556.18 9548.28 9554.58 9579.04 9619.62 9595.59 9567.82 9555 9548.44 9542.84 9546 9547.37 9542.18 9510.08
9251.55 9263.71 9273.61 9273.76 9280.09 9292.59 9299.76 9289.51 9282.81 9285.1 9286.18 9287.11 9289.53 9293.82 9299.13 9304.82 9312.51 9321.78 9333.2 9338.09 9329.9 9324.71 9321.13 9318.38 9315.72 9313.71 9312.59 9313.7 9319.62 9326.24 9333.87 9342.76 9351.54 9356.7 9361.3 9368.18 9379.45 9401.09 9410.49 9417.04 9421.19 9424.98 9429 9437.17 9445.84 9455.51 9469.4 9478.64 9476.73 9472.12 9502.01 9512.9 9511.31 9493.84 9515.89 9530.99 9551.93 9582.59 9573.77 9552.32 9542.9 9537.55 9538.32 9546.41 9554.27 9555.31 9539.41
9251.85 9264.24 9272.15 9279.34 9290.23 9304.12 9309.15 9298.48 9291.53 9292.68 9293.17 9293.11 9293.54 9295.1 9300.26 9307.44 9314.15 9320.63 9325.47 9326.29 9326.32 9325.16 9323.71 9321.69 9320.4 9319.52 9319.56 9321.64 9326.61 9332.76 9340.32 9349.91 9361.67 9363.72 9365.79 9370.81 9379.42 9396.06 9407.06 9410.54 9409.1 9404.53 9400.95 9398.29 9400.88 9407.48 9413.4 9427.76 9457.12 9506.05 9493.84 9485.12 9493.02 9493.32 9492.06 9491.95 9489.88 9479.54 9504.5 9510.94 9508.33 9509.6 9517.6 9529.33 9546.16 9569.31 9595.32
9248.6 9260.11 9268.9 9277.58 9293.91 9312.63 9321.96 9314.32 9308.33 9304.04 9302.02 9300.86 9298.87 9300.21 9304.74 9310.66 9315.57 9318.97 9318.5 9316.35 9322.11 9325.52 9326.27 9325.87 9325.37 9325.7 9327.25 9329.79 9334.34 9339.23 9345.35 9351.67 9360.08 9364.1 9368.28 9373.84 9383.94 9396.71 9402.44 9399.68 9393.42 9380.27 9366.02 9356.06 9351.8 9350.6 9352.02 9361.8 9387.93 9428.81 9424.59 9422.71 9449.43 9489.84 9452.47 9443.97 9447.7 9450.87 9455.36 9462.83 9465.22 9472.42 9483.26 9497.46 9520.14 9553.65 9606.44
9243.11 9249.54 9253.45 9267.65 9291.32 9317 9334.88 9330.08 9320.89 9313.48 9310.26 9309.94 9310.9 9311.32 9312.59 9315.57 9318.46 9320.83 9319.98 9318.27 9324.57 9328.61 9330.04 9330.31 9330.26 9330.57 9333.19 9336.7 9341.47 9346.33 9349.85 9350.89 9351.93 9362.16 9369.9 9374.97 9384.5 9399.74 9405.16 9382.71 9356.47 9337.9 9324.11 9312.16 9302.89 9295.53 9287.08 9280.5 9275.18 9283.63 9302.55 9319.64 9336.2 9353.48 9366.51 9374.21 9390.26 9407.11 9405.4 9408.49 9419.5 9428.98 9440.19 9452.68 9472 9496.58 9527.57
9240.44 9244.57 9239.29 9255.37 9285.28 9313.5 9336.5 9334.27 9320.48 9316.45 9314.53 9315.92 9320.68 9318.35 9318.22 9320.25 9322.88 9326.25 9328.43 9331.08 9334.41 9335.91 9336.11 9335.2 9334.9 9334.51 9333.95 9340.9 9348.38 9354.45 9357.82 9356.35 9353.58 9365.65 9373.79 9379.23 9388.14 9401.39 9401.24 9358.42 9309.34 9290.72 9281.83 9270.08 9258.46 9242.51 9225.93 9206.22 9181.31 9172.91 9192.33 9218.69 9228.69 9246.26 9276.51 9291.75 9301.99 9317.54 9337.04 9351.73 9366.07 9380.23 9391.58 9401.71 9413.78 9422.81 9420.65
9240.93 9249.63 9244.1 9255.06 9282.21 9306.88 9319.22 9316.78 9317.02 9315.17 9313.79 9314.69 9316.03 9318.69 9320.71 9323.37 9327.05 9332.21 9337.91 9345.55 9346.23 9344.23 9342.22 9340.9 9340.06 9340.29 9341.82 9348.18 9356.19 9363.92 9370.43 9373.94 9374.37 9375.05 9378.06 9381.15 9383.74 9387.58 9379.03 9328.42 9281.07 9256.24 9243.29 9232.21 9219.19 9202.4 9182.12 9154.15 9122.88 9114.1 9129.78 9156.49 9167.91 9187.34 9212.3 9221.62 9216.28 9235.29 9272.11 9298.45 9318.67 9331.27 9342.46 9350.99 9358.54 9362.36 9368.11
9239.36 9250.42 9251.44 9261.18 9282.93 9306.24 9319.55 9320.33 9315.92 9311.23 9309.24 9310.37 9314.97 9318.54 9321.55 9324.34 9328.99 9335.95 9343.51 9350.61 9352.55 9350.55 9347.56 9344.93 9343.56 9343.58 9349.81 9354.43 9363.04 9372.71 9382.24 9390.42 9388.99 9379.64 9374.68 9375.47 9362.12 9351.03 9331.37 9280.12 9243.54 9221.96 9210.14 9199.89 9188.44 9173.55 9154.68 9130.58 9105.55 9103.37 9117.7 9138.93 9149.46 9164.19 9178.95 9185.69 9180.59 9196.83 9232.09 9254.88 9274.12 9288.59 9298.14 9306.38 9310.08 9315.3 9332.74
9232.9 9241.18 9247.99 9260.5 9282.64 9307.03 9320.87 9315.92 9309.77 9303.15 9299.17 9300.44 9312.13 9323.25 9318.5 9321.24 9327.92 9336.86 9345.65 9354.65 9357.51 9354.09 9350.49 9347.09 9344.43 9342.05 9345.12 9355.22 9365.89 9377.79 9389.1 9395.45 9388.56 9371.47 9354.5 9340.88 9313.48 9283.64 9244.21 9215.85 9191.8 9187.35 9181.98 9174.02 9164.2 9152.15 9138.77 9126.32 9119.9 9119.55 9134.93 9147.02 9162.15 9161.71 9164.34 9176.03 9193.87 9197.18 9208.22 9223.49 9239.48 9252.88 9259.1 9267.25 9273.96 9275.38 9275.77
9225.51 9230.15 9241.5 9256.83 9279.4 9302.74 9317.32 9310.34 9300.84 9291.67 9284.34 9278.07 9280.86 9293.77 9303.9 9313.13 9323.72 9335.08 9344.98 9352.76 9355.26 9355.22 9351.92 9347.6 9343.5 9339.68 9343.59 9353.14 9365.38 9378.42 9390.52 9396.7 9381.35 9353.37 9321 9286.63 9253.58 9209.45 9169.43 9174.43 9168.63 9165.9 9160.75 9153.66 9145.51 9136.59 9128.52 9121.94 9122.34 9124.57 9135.16 9141.33 9161.19 9147.24 9144.37 9156.79 9184.56 9182.81 9186.21 9198.36 9213.53 9220.55 9234.05 9241.93 9250.14 9253.66 9255.96
9223.7 9227.51 9238.67 9253.82 9272.65 9292.45 9308.65 9298.18 9286.97 9278.37 9270.54 9260.54 9255.2 9266.61 9287.09 9303.39 9318.79 9332.09 9343.68 9352.05 9356.87 9356.78 9353.13 9347.29 9341.5 9336.27 9339.05 9348.31 9359.82 9372.51 9385.08 9390.68 9367.82 9331.39 9288.77 9244.61 9211.25 9172.3 9156.27 9168.34 9168.19 9155.38 9146.61 9140.28 9132.75 9126.19 9121.4 9114.3 9109.07 9114.54 9115.34 9114.42 9107.44 9111.45 9110.89 9110.69 9116.69 9139.32 9157.9 9173.43 9188.68 9197.91 9210.66 9222.25 9232.5 9245.03 9256.8
9227.68 9231.09 9237.45 9247.76 9262.96 9277.45 9280.65 9271.67 9269.58 9266.01 9261.48 9257.15 9253.63 9261.05 9278.04 9296.39 9313.41 9329.3 9343.42 9354.31 9359.14 9360.15 9354.5 9346.07 9337.88 9332.73 9334.28 9340.42 9349.64 9359.73 9369.66 9375.75 9346.55 9309.32 9267.83 9226.63 9193.28 9164.2 9161.55 9158.24 9154.28 9144.46 9137.16 9131.82 9126.16 9120.59 9116.58 9115.91 9113.12 9108.14 9107.31 9091.95 9075.84 9079.64 9080.64 9075.24 9072.86 9103.16 9129.79 9150.96 9167.63 9182.84 9193.03 9205.05 9215.62 9228.22 9237.5
9231.68 9234.29 9237.17 9240.83 9254.39 9266.94 9267.6 9255.92 9256.51 9257.22 9256.14 9253.54 9252.69 9259.84 9273.98 9291.19 9308.97 9326.5 9343.39 9358.86 9370.8 9365.94 9355.37 9343.35 9331.65 9323 9324.1 9329.52 9336.05 9341.02 9341.69 9333.46 9316.61 9287.28 9253.91 9218.34 9185.63 9164.85 9141.37 9131.35 9131.72 9131.29 9127.26 9124.45 9119.15 9113.81 9109.45 9107.66 9105.31 9097.35 9088.74 9072.21 9058.74 9062.23 9065.26 9067.09 9074.21 9090.58 9112.92 9132.91 9150.45 9166.25 9179.5 9191.98 9199.87 9207.09 9211.18
9234.91 9237.87 9241.67 9244.51 9254.79 9262.06 9258.49 9248.8 9250.53 9252.77 9254.1 9253.14 9250.84 9257.8 9270.77 9287.22 9304.78 9322.59 9340.65 9358.76 9374.37 9366.95 9353.38 9339.35 9325.03 9311.54 9313.44 9317.92 9321.75 9322.54 9317.43 9305.12 9290.11 9265.87 9236.84 9204.35 9171.76 9145.79 9128.86 9123.06 9123.02 9122.69 9119.33 9117.05 9111.75 9105.62 9099.27 9093.42 9088.59 9083.96 9075.71 9065.54 9058.44 9057.16 9060.34 9066.07 9075.21 9086.46 9103.23 9120.36 9136.7 9152.9 9167.02 9180.39 9190.22 9196.91 9195.26
9238.3 9242.39 9249.99 9261.74 9266.48 9261.98 9255.67 9250.22 9249.93 9251.02 9253.82 9256.53 9249.53 9255.39 9267.62 9282.97 9299.63 9316.8 9333.62 9349.06 9359.25 9356.48 9346.84 9334.86 9320.27 9308.99 9307.18 9307.77 9308.23 9307.08 9303.14 9292.34 9272 9247.5 9218.95 9189.51 9159.08 9134.45 9133.23 9131.17 9122.56 9118.55 9114.04 9109.55 9103.6 9096.84 9089.2 9081.29 9077.88 9074.74 9069.72 9064.43 9059.01 9056.62 9059.55 9065.44 9074.31 9083.8 9097.67 9112.41 9127.43 9143.44 9158.18 9171.63 9183.47 9188.79 9182.53
9240.84 9244 9251.96 9265.07 9266.56 9257.14 9253.47 9251.74 9249.6 9247.97 9247.66 9246.97 9244.69 9251.86 9263.86 9278.27 9293.86 9309.57 9324.12 9335.77 9340.91 9341.83 9338.79 9330.55 9318.56 9307.63 9302.8 9298.74 9295.5 9292.46 9286.36 9275.64 9257.88 9234.37 9206.5 9182.07 9158.55 9139.32 9129.92 9126.95 9119.76 9115.15 9110.1 9103.74 9097.33 9090.31 9083.08 9075.85 9071.91 9069.79 9066.6 9060.16 9056.58 9056.51 9059.9 9066.12 9073.65 9083.35 9096 9108.76 9123.3 9137.34 9151.84 9165.37 9178.29 9187.26 9176.86
9237.64 9240.25 9244.41 9248.51 9248.22 9245.94 9249.34 9250.52 9245.95 9243.6 9240.45 9237.42 9238.83 9247.91 9260.05 9273.53 9287.96 9302.15 9314.9 9325.06 9330.77 9333.48 9332.66 9327.94 9319.55 9308.51 9299.07 9289.48 9281.51 9276.38 9276.29 9264.22 9246.66 9228.07 9205.11 9183.6 9162.05 9143.35 9128.64 9118.64 9115.78 9111.9 9106.5 9100.52 9093.81 9086.69 9079.54 9073.7 9070.58 9068.51 9066.01 9062.57 9057.24 9056.88 9059.48 9065.76 9072.69 9081.91 9093.09 9105.78 9118.53 9131.01 9143.9 9156.44 9169.74 9179.94 9176.13
9234.93 9234.99 9235.08 9231.75 9228.13 9235.05 9241.51 9243.19 9241.49 9240.83 9237.89 9234.65 9236.45 9245.52 9256.93 9269.24 9282.15 9294.93 9306.86 9316.78 9324.55 9328.55 9328.1 9325.4 9321.11 9311.33 9294.52 9278.78 9264.49 9252.66 9246.68 9241.7 9234.86 9227.16 9213.73 9190.79 9168.21 9149.2 9134.6 9123.62 9116.84 9111.57 9105.37 9098.34 9091.64 9084.64 9077.99 9071.77 9070.64 9069.5 9067.21 9062.79 9059.12 9058.86 9058.72 9060.49 9069.93 9080.9 9091.75 9102.98 9113.81 9124.35 9134.65 9144.49 9156.13 9167.37 9172.47
9234.89 9232.49 9230.68 9227.18 9225.62 9230.84 9235.86 9238.88 9240.22 9240.78 9240.89 9237.77 9237.7 9244.76 9254.45 9265.39 9276.81 9288.1 9298.99 9308.98 9317.27 9322.03 9322.25 9320 9315.83 9304.65 9286.86 9267.3 9246.88 9225.87 9207.78 9214.27 9222.32 9226.91 9220.9 9196.09 9173.14 9155.14 9143.52 9131.19 9120.93 9113.84 9106.53 9098.44 9090.41 9083.53 9079.51 9076.78 9073.38 9072.67 9072.46 9069.8 9066.21 9064.28 9062.47 9062.3 9071.09 9081.73 9091.84 9101.91 9110.74 9118.9 9125.64 9130.69 9136.81 9147.25 9162.71
9234.14 9232.3 9231.16 9230.66 9231.85 9233.45 9236.13 9239.82 9241.19 9241.41 9240.57 9237.92 9238.45 9244.44 9252.47 9261.71 9271.4 9281.03 9290.57 9299.94 9308.8 9316.02 9313.52 9310.14 9307.12 9295.76 9278.03 9257.76 9234.81 9209.49 9189.81 9199.4 9213.28 9223.34 9218.59 9194.43 9168.36 9154.44 9146.75 9131.66 9126.14 9117.99 9108.19 9098.55 9089.33 9081.37 9076.24 9074.99 9074.54 9076.21 9078.59 9080.64 9076.11 9071.92 9071.16 9073.76 9077.76 9085.59 9094.5 9103.22 9110.84 9116.91 9119.97 9120.06 9118.59 9127.3 9149.13
9234.46 9233.73 9233.75 9234.45 9235.83 9238.77 9239.96 9241.74 9241.98 9242.06 9242.07 9238.78 9239.37 9244.36 9251.01 9258.5 9266.33 9274.2 9281.62 9288.66 9295.39 9301.91 9298.89 9295.77 9290.03 9283.96 9271.85 9254.48 9232.81 9208.89 9192.92 9198.22 9209.25 9219.12 9213.88 9191.01 9166.56 9153.56 9145.48 9144.97 9136.09 9123.73 9112.16 9100.44 9089.17 9078.91 9069.93 9068.38 9074.12 9079.74 9083.28 9083.04 9081.34 9077.54 9075.83 9078.32 9083 9090.55 9098.57 9106.46 9113.6 9118.75 9120.67 9117.56 9110.42 9118.07 9139.7
9237.03 9236.36 9237.1 9238.86 9241.53 9245.56 9244.65 9243.16 9241.46 9241.89 9242.21 9239.9 9240.95 9244.81 9249.89 9255.42 9261.31 9267.19 9272.14 9275.75 9277.19 9274.8 9278.9 9282.74 9280.04 9278.79 9271.41 9258.7 9240.51 9219.43 9204.91 9204.9 9208.35 9211.5 9206.38 9190.44 9171.22 9158.36 9148.66 9150.51 9142.85 9128.68 9115.29 9102.59 9090.55 9079.42 9070.16 9069.41 9076.15 9084.15 9092.09 9092.06 9085.8 9082.38 9080.41 9081.98 9088.6 9096.34 9104.21 9111.92 9118.53 9124.41 9128.16 9127.34 9122.24 9127.12 9140.29
9238.09 9238.94 9240.38 9242.92 9246.36 9250.43 9247.04 9243.52 9241.81 9241.26 9240.98 9241.6 9242.31 9244.94 9248.73 9252.94 9257.32 9261.24 9263.82 9265.23 9263.57 9259.62 9265.22 9274.19 9283.46 9280.21 9277.19 9270.27 9257.33 9239.2 9224.17 9217.21 9210.73 9203.29 9200.98 9195.85 9184.31 9168.65 9155.2 9152.02 9144.46 9131.58 9118.45 9105.49 9093.55 9082.97 9075.48 9074.95 9080.49 9088.14 9095.31 9094.62 9088.23 9088.8 9089.95 9092.28 9096.34 9102.75 9109.33 9117.03 9124.08 9131.74 9139.53 9147.06 9153.55 9151 9149.26
9237.6 9240.1 9242.13 9244.7 9248.36 9249.4 9246.19 9242.91 9241.05 9241.53 9241.48 9241.3 9242.81 9244.54 9247.18 9250.29 9253.95 9256.62 9258.39 9258.82 9257.74 9256.82 9260.07 9265.37 9271.86 9281.41 9287.41 9288.23 9282.3 9268.29 9250.8 9234.83 9219.42 9203.93 9204.96 9205.46 9197.71 9181.05 9166.05 9156.09 9146.26 9134.09 9121.05 9108.41 9097.18 9087.92 9081.61 9081.21 9085.17 9091.42 9097.95 9098.37 9097.29 9096.7 9098.28 9101.16 9103.95 9109.07 9114.67 9121.66 9129.05 9138.1 9149.29 9162.74 9174.21 9168.31 9158.52
