real_craters/C137-500m.grd
DSAA
179 179
-44.3975 44.3975
-44.3975 44.3975
8111.9798691723 9889.9023738292
[rows 60 to 89 of 179, columns 67 to 133 of 179]
9344.66 9344.1 9346.31 9354.77 9356.2 9356.55 9357.83 9366.03 9376.9 9383.94 9401.37 9429 9452.86 9468.6 9492.36 9516.99 9536.18 9552.91 9569.34 9591.99 9627.32 9623.62 9584.43 9555.9 9530.96 9514.35 9502.2 9488.12 9475.95 9465.46 9456.38 9448.45 9441.3 9435.89 9431.83 9424.02 9406.21 9392.28 9395.59 9397.7 9394.58 9386.55 9379.97 9370.5 9363.55 9354.05 9344.07 9347.82 9349.47 9337.16 9335.55 9342.39 9347.49 9341.54 9341.64 9330.59 9308.2 9299.83 9306.4 9305.25 9302.29 9302.48 9312.08 9325.75 9317.01 9316.58 9336.9
9346.77 9344.6 9344.81 9347.66 9356.92 9365.02 9374.21 9383.43 9389.29 9392.74 9406.83 9426.26 9436.34 9465.38 9479.74 9510.24 9535.59 9554.08 9560.67 9550.93 9536.08 9550.01 9553.91 9544.65 9528.82 9513.98 9501.24 9487.27 9475.4 9465.53 9457.48 9450.98 9445.68 9441.47 9441.29 9437.15 9429.4 9429.75 9428.92 9418.31 9410.36 9400.38 9387.33 9375.31 9363.83 9354.19 9345.93 9350.02 9358.51 9352.67 9351.17 9352.64 9353.53 9356.34 9345.51 9334.08 9324.86 9315.71 9310.05 9307.59 9307.49 9314.76 9321.11 9327.41 9319.86 9323.65 9347.98
9347.72 9346.29 9346.43 9350.64 9363.54 9375.45 9389.77 9398.76 9405.21 9410.15 9416.9 9448.6 9481.3 9469.51 9492.38 9516.83 9543.64 9563.13 9566.87 9534.97 9445.53 9501.79 9535.17 9531.87 9517.69 9497.09 9494.43 9480.64 9469.18 9460.09 9453.22 9448.36 9445.51 9445.25 9447.68 9450.51 9448.36 9440.71 9435.78 9437.31 9425.11 9410.34 9393.21 9376.98 9364.22 9355.05 9352.01 9359 9370.17 9363.96 9361.23 9359.64 9357.43 9353.73 9346.8 9336.34 9330.7 9325.48 9321.51 9318.11 9310.27 9317.67 9323.95 9322.39 9316.55 9325.53 9348.38
9350.38 9347.59 9348.19 9356.81 9370.68 9383.92 9391.33 9396.77 9407.9 9410.48 9417.25 9423.3 9414.96 9440.45 9484.79 9522.53 9556.45 9577.66 9594.88 9604.64 9606.6 9555.55 9537.82 9520.61 9503.46 9495.91 9480.98 9467.99 9457.7 9450.04 9444.88 9442.05 9441.91 9445.41 9449.25 9464.1 9467.14 9469.71 9479.3 9459.51 9439.43 9419.94 9400.77 9379.35 9361.57 9352.9 9353.13 9368.3 9386.49 9386.9 9370.45 9358.13 9365.57 9365.75 9352.08 9335.8 9322.34 9326.96 9334.92 9338.03 9331.83 9321.65 9324.72 9324.69 9336.18 9357.42 9365.26
9358.18 9359.12 9356.15 9362.27 9380.89 9398.61 9409.21 9423.39 9431.56 9419.74 9441.87 9421.79 9405.53 9442.07 9476.81 9544.33 9573.8 9587.85 9606.07 9644.83 9685.12 9577.37 9523.5 9497.46 9473.26 9454.37 9458.99 9446.54 9437.89 9432.27 9429.55 9429.57 9433.63 9439.78 9450.62 9467.71 9468.95 9478.89 9484.95 9472.83 9452.2 9430.03 9407.83 9382.22 9363.76 9344.7 9343.01 9364.1 9416.34 9405.79 9406.71 9382.36 9381.9 9376.06 9362.93 9344.52 9325.83 9337.81 9353.92 9368.29 9371.59 9340.9 9338.07 9344.74 9355.01 9364.61 9376.42
9365.29 9369.31 9373.12 9389.76 9417.15 9419.21 9433.87 9458.67 9473.84 9503.95 9530.42 9546.56 9537.16 9582.86 9616.58 9612 9597.21 9581.33 9571.66 9557.4 9542.95 9502.38 9471.07 9435.63 9390.33 9371.94 9426.08 9416.18 9409.8 9406.63 9406.49 9409.28 9416.48 9427.57 9442.75 9461.8 9461.05 9477.88 9489.62 9477.31 9453.8 9430.44 9401.82 9377.61 9353.49 9329.33 9310.14 9301.84 9291.47 9358.27 9430.22 9419.78 9409.37 9393.94 9381.17 9364.03 9356.44 9360.42 9376.18 9396.01 9414.78 9388.05 9359.57 9339.14 9343.42 9347.79 9348.87
9369.66 9369.47 9383.66 9394.78 9411.08 9430.36 9444.81 9448.05 9489.71 9564.47 9642.21 9705.69 9734.48 9790.17 9776.93 9673.97 9599.07 9547.55 9512.08 9474.01 9432.88 9406.49 9388.95 9351.7 9308.12 9393.89 9383.92 9377.57 9374.25 9373.98 9376.63 9382.18 9391.61 9408.88 9424.9 9446.11 9451.3 9467.61 9482.5 9462.92 9446.72 9425.61 9402.14 9374.21 9346.57 9314.15 9275.46 9214.04 9185.35 9280.31 9368.86 9438.49 9443.38 9427.78 9403.77 9382.02 9370.32 9377.78 9391.81 9409.72 9421.14 9395.88 9381.41 9363.72 9337.85 9327.62 9328.67
9386.46 9389.36 9398.85 9394.69 9406.51 9442.83 9473.27 9494.67 9566.47 9621.14 9718.66 9818.69 9826.46 9873.24 9788.23 9641.26 9534.53 9462.88 9419.65 9408.89 9378.2 9306.33 9260.26 9256.56 9231.66 9336.22 9332.31 9330.73 9331.47 9334.75 9340.54 9348.88 9360.29 9376.92 9401.22 9421.37 9435.15 9445.54 9428.23 9444.24 9438.63 9416.6 9393.95 9365.84 9345.34 9322.47 9289.44 9234.23 9180.08 9286.62 9410.97 9460.02 9466.9 9450.54 9422.84 9399.03 9386.86 9389.72 9399.13 9410.07 9415.14 9408.65 9397.85 9385.68 9345.9 9334.15 9328.86
9402.91 9406.4 9404.24 9396.42 9416.56 9465.28 9520.58 9589.56 9678.56 9690.71 9677.53 9694.2 9626.33 9601.84 9592.95 9496.38 9407.43 9340.51 9283.68 9220.13 9206.12 9180.5 9160.97 9212.8 9204.01 9201.68 9273.37 9276.6 9282.21 9289.65 9298.99 9310.61 9322.6 9341.44 9368.68 9395.07 9413.05 9439.86 9483.81 9478.15 9430.53 9401.22 9377.2 9363.01 9354.46 9347.81 9346.07 9362.59 9366.95 9391.07 9482.57 9464.86 9459.76 9455.29 9433.68 9413.14 9400.14 9398.5 9401.95 9406.02 9418.53 9419.77 9397.06 9372.44 9360.19 9341.54 9329.87
9405.58 9406.95 9407.97 9423.6 9445.41 9476.01 9521.65 9609.53 9606.76 9504.16 9422.83 9367.59 9303.48 9274.56 9320.13 9287.94 9244.24 9198.08 9153.97 9087.42 9077.68 9075.64 9083.78 9115.73 9147.89 9202.05 9208.78 9216.97 9226.9 9238.05 9250.54 9264.46 9281.71 9297.83 9323.3 9361.66 9374.53 9398.34 9432.74 9422.09 9386.2 9371.11 9363.47 9360.43 9358.03 9367.5 9390.2 9441.22 9472.62 9456.86 9472.95 9455.54 9469.21 9455.54 9434.98 9419.06 9407.63 9402.09 9403.4 9405.33 9402.89 9406.43 9392.66 9374.16 9362.26 9337.12 9327.82
9404.42 9417.35 9460.38 9486.03 9484.81 9460.6 9438.2 9413.08 9325.43 9219.2 9131.41 9083.06 9021.29 8998.25 9043.17 9069.9 9075.62 9063.14 9045.74 9045 9016.29 9020.26 9020.42 9121.8 9132.22 9145.04 9156.58 9153.65 9166.99 9181.24 9196.28 9214.15 9232.9 9247.96 9273.53 9307.9 9322.88 9322.32 9291.64 9276.7 9316.83 9334.56 9345.29 9355.95 9364.01 9375.86 9395.72 9426.16 9446.79 9467.39 9497.14 9484.57 9451.52 9448.35 9428.84 9404.17 9399.88 9401.99 9404.04 9407.84 9405.81 9400.14 9394.79 9377.36 9348.65 9335.03 9335.02
9403.25 9437.59 9494.82 9616.69 9522.38 9408.68 9306.51 9190.59 9064.17 8976.24 8901.75 8881.71 8830.15 8756.11 8820.12 8883.96 8914.79 8927.61 8932.1 8918.25 8943.16 8962.53 8979.63 9033.76 9047.47 9062.09 9074.52 9091.11 9105.38 9122.63 9140.01 9157.85 9178.9 9200.26 9222.66 9256.13 9271.37 9264.17 9234.16 9229.83 9272.37 9296.72 9317.45 9333.03 9354.83 9375.73 9392.87 9407.45 9408.36 9476.46 9503.71 9514.5 9482.2 9455.48 9432.1 9410.58 9403.66 9403.27 9404.09 9401.48 9397.59 9400.28 9402.32 9386.78 9362.18 9362.15 9363.49
9410.92 9522.52 9599.01 9611.94 9469.35 9320.71 9175.37 9021.25 8876.62 8840.41 8803.2 8783.68 8744.82 8701.42 8709.05 8744.11 8775.65 8798.29 8828.39 8843.35 8862.02 8888.32 8898.06 8949.44 8958.76 8980.09 8996.23 9021.95 9043.34 9063.76 9083.67 9102.44 9122.18 9147.8 9161.35 9225.86 9224.73 9222.93 9217.86 9259.29 9247.69 9262.73 9289.36 9319.59 9350.01 9376.2 9390.9 9402.57 9417.29 9450.55 9441.84 9442.4 9474.96 9453.64 9430.03 9416.03 9403.92 9403.03 9406.72 9406.78 9401.82 9404.33 9402.69 9393.56 9382 9380.25 9379.75
9454.87 9582.28 9592.11 9463.71 9333.13 9193.89 9059.06 8928.7 8847.38 8797.81 8744.69 8730.2 8711.12 8692.56 8651.06 8628.53 8640.58 8665.93 8702.26 8743.13 8758.06 8780.17 8808.83 8864.67 8902.98 8927.63 8966.74 8988.91 9012.14 9004.79 9026.4 9045.76 9065.33 9089.1 9102.21 9182.61 9178.73 9174.85 9158.32 9170.13 9185.97 9220.12 9259.34 9299.76 9338.67 9374.57 9404.08 9416.58 9404.24 9397.34 9380.42 9380.04 9441.03 9439.08 9411.87 9387.95 9390.95 9398.29 9409.05 9421.35 9417.34 9408.45 9401.64 9396.48 9390.56 9388.38 9375.95
9470.37 9552.21 9455.35 9270.35 9159.86 9049.75 8943.03 8841.52 8769.2 8762.44 8803.43 8679.39 8644.75 8601.54 8519.32 8504.4 8519.85 8536.67 8552.45 8586.28 8636.4 8676.06 8707.33 8789.75 8834.78 8868.68 8900.9 8932.32 8950.99 8977.13 8967.91 8988.33 9006.49 9031.95 9045.54 9135.52 9129.95 9120.72 9081.99 9060.9 9115.81 9179.43 9233.66 9285.58 9335.85 9382.55 9422.17 9452.44 9471.23 9388.3 9358.26 9380.31 9428.8 9417.08 9390.47 9374.3 9381.36 9393.23 9405.93 9411.56 9404.37 9410.61 9413.13 9399.55 9389.79 9388.74 9384.31
9452.15 9482.12 9289.68 9089.59 8996.16 8911.11 8829.97 8754.2 8730.75 8694.79 8608.29 8557.35 8495.04 8404.79 8347.11 8393.09 8423.12 8436.23 8433.77 8476.16 8539.9 8585.61 8639.98 8689.4 8769.95 8802.1 8832.2 8861.51 8886.03 8911.34 8911.82 8933.75 8951.58 8971 8996.47 9093.12 9086.23 9077.38 9064.7 9044.03 9088.46 9149.22 9207.99 9269.16 9330.87 9391.66 9444.94 9492.09 9509.78 9408.76 9358.35 9369.45 9383.3 9379.75 9369.35 9365.23 9373.28 9384.1 9395.31 9407.27 9398.6 9409.48 9416.1 9396.7 9376.55 9360.54 9367.63
9474.83 9379.23 9141.94 8952.34 8856.83 8790.53 8725.44 8682.52 8633.12 8583.65 8533.87 8475.91 8382.4 8321.39 8314.23 8342.53 8369.99 8388.35 8384.51 8425.29 8485.06 8531.49 8575.39 8624.86 8702.73 8734.85 8768.29 8799.51 8818.4 8845.9 8860.4 8883.73 8901.58 8914.32 8947.09 9047.22 9041.97 9038.09 9039.78 9046.7 9080.88 9124.41 9185.96 9261.84 9338.41 9410.96 9480.13 9532.45 9551.23 9493.01 9407.68 9352.46 9333.12 9343.01 9352.61 9359.72 9368.12 9375.46 9379.27 9375.88 9388.46 9399.75 9402.29 9385.69 9363.42 9350.35 9355.2
9464.2 9227.04 8985.06 8829.66 8746.76 8685.17 8632.59 8587.63 8554.55 8557.13 8542.44 8418.36 8316.24 8299.76 8308.8 8333 8347.93 8382.3 8452.8 8442.36 8462.69 8491.88 8529.62 8559.66 8639.12 8667.97 8700.45 8737.69 8768.78 8796.35 8821.98 8833.36 8853.1 8863.6 8887.79 9008.22 9000.91 8995.91 8996.01 8983.76 9018.46 9082.35 9157.06 9243.38 9333.67 9423.75 9506.5 9574.61 9625.35 9605.73 9497.62 9376.65 9327.45 9324.71 9343.93 9357.71 9365.62 9372.32 9378.36 9381.46 9381.2 9389.95 9391.81 9374.87 9360.29 9358.52 9363.21
9335.36 9060.19 8852.74 8723.55 8653.19 8599.84 8558.85 8531.07 8542.5 8565.29 8460.13 8309.78 8282.24 8299.9 8336.36 8325 8319.96 8337.71 8370.31 8398.17 8423.31 8443.36 8480.87 8517.27 8586.86 8623.79 8661.34 8697.83 8729.45 8760.43 8784.84 8790.63 8810.49 8818.55 8832.54 8970.9 8959.25 8948.59 8938.71 8904.56 8940.59 9021.66 9114.28 9215.81 9322.4 9429.17 9532.22 9620.34 9675.55 9673.21 9568.94 9422.05 9323.49 9320.51 9328.28 9350.07 9366.36 9374.04 9375.5 9373.08 9369.53 9368.67 9367.39 9360.43 9357.88 9361.9 9365.22
9214.94 8924.09 8728.83 8633.73 8577.2 8534.88 8499.98 8473.2 8474.24 8468.43 8354.69 8263.93 8272.76 8292.25 8313.33 8298.56 8280.76 8269.85 8275.14 8325.98 8358.02 8393.43 8435.48 8459.06 8545.07 8592.91 8626.45 8668.77 8699.05 8724.01 8747.75 8757.75 8769.97 8778.24 8786.29 8923.93 8911.17 8897.38 8882.96 8834.38 8870.68 8958.94 9066.06 9181.9 9302.58 9428.26 9540.03 9645.22 9728.83 9752.75 9638.26 9445.34 9322.26 9313.79 9328.93 9359.76 9380.05 9383.88 9369.18 9356.6 9353.76 9349.17 9347.51 9346.75 9345.32 9369.81 9376.26
9148.08 8861.47 8668.16 8578.04 8524.47 8487 8457.72 8420.55 8370.83 8305.6 8292.4 8282.88 8300.77 8292.23 8275.41 8268.56 8254.78 8226.97 8220.35 8282.39 8319.98 8365.02 8400.16 8435.17 8527.13 8562.75 8596.5 8634.11 8663.9 8685.86 8709.3 8726.32 8736.46 8746.45 8894.27 8881.81 8867.57 8851.2 8833.8 8769.3 8803.67 8899.18 9016.29 9141.98 9272.9 9406.03 9539.59 9669.73 9778.64 9841.58 9755.03 9581.03 9418.07 9333.3 9387.02 9399.93 9406.32 9408.97 9403.83 9363.15 9349.39 9346.72 9343.47 9346.11 9358.55 9379.34 9389.34
9138.41 8854.4 8653.15 8547.23 8487.01 8447.47 8425.09 8393.04 8309.35 8243.33 8256.12 8302.45 8309.02 8300.19 8289.78 8287.58 8270.48 8232.46 8228.03 8280.64 8312.14 8361.56 8399.43 8421.98 8507.4 8545.66 8581.86 8617.06 8634.99 8651.23 8673.72 8700.84 8711.19 8711.76 8868.53 8852.64 8834.83 8815.12 8793.74 8718.12 8741.03 8850.11 8971.63 9106.16 9242.96 9380.7 9525.04 9667.76 9797.16 9889.9 9831.94 9669.91 9439.44 9359.99 9422.82 9428.31 9427.29 9432.02 9425.99 9379.58 9354.22 9338.79 9338.76 9343.61 9353.29 9377.15 9387.62
9110.28 8832.77 8638.79 8521.89 8453.43 8410.88 8377.84 8332.19 8268.34 8220.29 8220.73 8246.54 8269.42 8305.72 8346.33 8360.31 8328.97 8288.33 8283.41 8325.29 8340.94 8372.02 8395.61 8430.43 8505.88 8530.7 8564.35 8594.18 8616.42 8636.19 8656.46 8673.97 8692.14 8685.57 8846.93 8828.43 8808.09 8786.38 8764.84 8686.36 8737.74 8818.86 8933.51 9069.17 9214.15 9359.52 9507.85 9652.84 9783.43 9877.48 9843.33 9653.79 9390.29 9386.61 9425.42 9425.98 9429.53 9436.63 9441.66 9395.25 9367.68 9341.92 9346.83 9353.51 9362.65 9372.23 9378.09
9049.45 8776.89 8590.34 8487.91 8422.03 8376.12 8339.5 8293.03 8238.43 8201.76 8196.4 8197.41 8230.53 8297.36 8378.35 8422.86 8390.08 8376.01 8369.54 8384.79 8385.9 8403.88 8408.51 8424.95 8435.39 8524.9 8555.08 8576.41 8596.45 8615.88 8648.75 8651.11 8672.54 8671.3 8808.5 8793.44 8776.2 8757.05 8737.17 8720.82 8689.24 8772.41 8895.49 9034.61 9182.69 9334.86 9484.87 9624.9 9743.63 9810.5 9789.03 9642.94 9454.75 9372.31 9394.57 9406.32 9415.43 9422.64 9422.12 9407.15 9381.98 9369.76 9358.46 9359.84 9362.22 9361.82 9356.2
8993.62 8715.32 8539.35 8451.31 8389.38 8342.65 8303.56 8262.38 8220.09 8200.04 8198.47 8175.79 8201.48 8275.84 8351.05 8396.59 8413.94 8425.22 8426.46 8427.82 8419.71 8424.61 8430.65 8428.42 8414.73 8509.77 8539.91 8560.26 8580.93 8608.98 8630.82 8634.2 8654 8651.39 8791.66 8776.47 8759.06 8739.36 8717.51 8694.96 8636.14 8721.26 8855.55 9002.22 9151.48 9301.28 9447.97 9586.45 9703.18 9775.83 9753.74 9641.36 9530.86 9412.78 9380.64 9390.51 9396.74 9401.37 9403.64 9395.78 9382.86 9368.88 9359.04 9352.55 9350.17 9348.64 9353.7
8963.29 8682.3 8515.64 8426.61 8363.79 8316.29 8276.51 8242.46 8210.98 8200.25 8201.57 8175.2 8191.38 8258.72 8330.12 8385.05 8429.92 8431.6 8457.64 8460.53 8431.17 8415.87 8415.6 8408.86 8418.15 8508.61 8540.47 8565.26 8581.12 8598.55 8613.71 8628.49 8648.38 8643.1 8780.76 8765.87 8748.96 8729.87 8708.4 8685.79 8624.93 8701.28 8837.57 8985.79 9136.94 9279.68 9425.38 9554.9 9677.48 9768.76 9797.27 9695.21 9579.43 9475.78 9406.35 9386.13 9380.71 9380.12 9371.79 9374.18 9376.32 9372.26 9353.57 9338.55 9333.59 9328.78 9314.86
8938.63 8723.47 8524.86 8411.23 8341.95 8294.28 8260.69 8235.15 8210.06 8186.88 8163.21 8156.46 8182.27 8252.99 8336.61 8408.85 8487.49 8520.7 8518.57 8504.88 8455.61 8430.44 8412.65 8396.75 8384 8506.99 8533.4 8558.27 8573.96 8593.05 8607.36 8617.99 8634.45 8654.09 8773.45 8759.81 8744.67 8728.08 8710.25 8693.14 8633.5 8702.98 8834.22 8976.62 9125.91 9276.18 9411.16 9541.22 9654.62 9752.81 9783.79 9731.44 9607.8 9521.49 9425.67 9378.27 9364.86 9361.44 9379.02 9371.43 9358.94 9350.63 9346.88 9337.7 9327.61 9320.11 9316.79
8861.94 8635.71 8485.84 8384.91 8319.25 8275.71 8251.94 8239.25 8217.94 8173.87 8130.03 8142.22 8152.32 8256.63 8364.32 8468.13 8558.46 8608.53 8564.11 8513.48 8478.25 8449.79 8426.74 8407.87 8396.9 8505.03 8533 8547.18 8560.97 8580.78 8594.82 8608.69 8622.88 8669.8 8758.83 8749.5 8739.27 8728.4 8717.53 8710.06 8653.68 8724.1 8838.14 8971.3 9106.75 9249.43 9401.73 9538.87 9654.49 9737.92 9729.55 9660 9550.3 9435.14 9362.96 9350.27 9348.77 9350.98 9359.29 9372.45 9368.34 9356.54 9348.9 9339.69 9327.17 9318.06 9314.68
8800.17 8541.55 8431.86 8355.46 8297.32 8256.7 8242.28 8249.88 8271.8 8205.3 8127.07 8115.36 8182.96 8285.21 8387.78 8499 8561.9 8590.44 8554.09 8517.05 8483.48 8459.59 8430.8 8413.54 8391.6 8498.13 8526.04 8537.14 8552.44 8559.28 8574.72 8589.23 8619.63 8761.44 8755.25 8748.63 8741.76 8735.09 8729.47 8728.71 8675.29 8740.36 8844.11 8969.08 9107.61 9250.62 9398.33 9543.05 9663 9750.18 9736.93 9618.95 9499.53 9369.11 9330.85 9326.17 9338.22 9362.32 9384.37 9376.8 9373.91 9362.87 9348.26 9340.66 9325.24 9315.39 9313.77
8741.45 8520.36 8416.99 8349.45 8287.36 8237.78 8224.05 8249.06 8256.4 8213.98 8137.75 8160.15 8260.65 8320.28 8380.59 8449.37 8488.68 8500.48 8496.99 8477.82 8452.9 8434.04 8415.61 8388.96 8375.79 8480.05 8501.6 8519.11 8525.74 8543.25 8560.52 8574.52 8621.55 8757.25 8753.46 8749.64 8746.03 8743.06 8741.37 8741.78 8680.24 8748.02 8845.89 8969.73 9105.24 9249.81 9396.84 9545.15 9670.81 9768.54 9790.92 9681.14 9519.1 9354.95 9321.09 9312.75 9322.94 9344.35 9365.1 9360.85 9353.26 9348.53 9338.35 9327.24 9320.42 9312.54 9309.04
