real_craters/C137-300m.grd
DSAA
297 297
-44.3975 44.3975
-44.3975 44.3975
8107.3596583313 9899.9315993408
[rows 90 to 119 of 297, columns 0 to 66 of 297]
9112.81 9144.22 9170.64 9195.74 9218.71 9242.74 9267.35 9292.51 9319.04 9346.77 9381.6 9414.12 9443.53 9474.35 9507.15 9539.18 9570.56 9593.18 9589.34 9565.92 9534.55 9524.46 9522.85 9525.29 9535.32 9539.29 9539.04 9534.42 9520.15 9502.46 9486.68 9471.34 9453.39 9437.2 9422.4 9405.12 9396.91 9388.87 9382.91 9377.23 9373.8 9371.79 9371.23 9370.31 9372.01 9395.73 9412.61 9415.01 9397.52 9362.87 9330.64 9335.18 9333.96 9320.54 9308.94 9311.32 9315.88 9318.68 9322.19 9341.87 9361.16 9398.7 9439.97 9469.46 9491.04 9508.98 9525.18
9179.98 9207.01 9226.11 9244.32 9262.45 9279.25 9299.36 9324.21 9347.67 9372.83 9401.87 9429.71 9458.3 9489.23 9521.11 9553.93 9588.27 9614.03 9623.12 9609.18 9580.86 9575.1 9577.6 9582.92 9568.22 9549.52 9527.96 9501.28 9462.39 9446.59 9449.04 9445.56 9437.01 9427.18 9418.64 9410.26 9403.01 9397.03 9391.49 9386.07 9383.72 9381.95 9382.56 9383.56 9384.04 9384.49 9391.88 9406.75 9399.81 9383.23 9367.5 9373.8 9374.24 9343.65 9323.51 9327.59 9336.03 9341.65 9348.32 9368.88 9411.59 9466.63 9494.98 9516.71 9536.62 9557.52 9578.75
9249.15 9267.82 9276.28 9285.41 9300.13 9314.83 9331.41 9352.02 9371.65 9394.12 9418.15 9443.75 9469.88 9498.77 9530.89 9563.58 9599.41 9629.63 9654.57 9652 9631.68 9624.37 9616.34 9618.25 9592.88 9557.78 9521.62 9481.8 9440.47 9420.57 9423.83 9426.28 9428.71 9423.64 9418.47 9413.25 9410.15 9404.83 9400.02 9395.24 9393.35 9391.63 9392.31 9395.75 9398.63 9382.05 9382.54 9393.52 9404.24 9410.51 9424.47 9418.94 9404.91 9363.11 9341.82 9350.89 9368.71 9383.67 9393.18 9420.68 9470.81 9535.29 9544.5 9558.06 9575.4 9593.76 9610.26
9320.92 9318.25 9317.45 9322.16 9329.57 9340.24 9353.71 9368.83 9385.88 9405.03 9425.68 9448.2 9473.87 9499.33 9533.54 9561.46 9592.06 9623.76 9656.23 9671.36 9680.06 9666.38 9658.5 9652.63 9607.62 9559.35 9516.05 9474.21 9435.5 9413.14 9412.08 9412.16 9411.52 9415.39 9419.28 9421.22 9417.27 9410.68 9404.94 9400.56 9398.92 9398.51 9399.17 9397.93 9392.73 9382.61 9384.27 9398 9410.76 9424.07 9434.63 9434.93 9419.73 9369.8 9355.56 9375.61 9407.84 9448.89 9468.69 9470.25 9506.11 9543.77 9568.27 9585.89 9602.77 9618.59 9629.05
9328.97 9340.26 9343.27 9347.14 9353.32 9362.34 9372.9 9385.87 9400.49 9421.61 9439.18 9458.48 9483.11 9500.87 9526.29 9548.7 9574.1 9599.65 9622.6 9642.45 9663.65 9671.37 9666.94 9653.98 9595.17 9547.37 9506.34 9469.99 9439.33 9420.5 9411.44 9406.19 9400.92 9409.71 9419.11 9429.45 9421.43 9411.39 9404.41 9401.18 9401.03 9401.86 9402.85 9403.6 9395.01 9380.09 9385.39 9400.26 9414.45 9428.27 9437.47 9437.5 9415.82 9375.86 9371.89 9396.68 9431.74 9473.59 9483.88 9494.47 9517.74 9550.3 9580.21 9602.06 9617.69 9630.15 9635.6
9329.16 9346.66 9356.11 9363.15 9370.31 9381.5 9393.74 9405.7 9418.78 9436.74 9451.69 9468.88 9484.47 9500.8 9514.08 9531.79 9549.02 9566.44 9577.87 9591.55 9610.47 9625.69 9596.82 9564.09 9549.4 9521.75 9490.84 9463.92 9441.61 9426.32 9415.56 9408.47 9405.82 9406.54 9412.03 9419.75 9413.41 9403.92 9399.56 9399.33 9401.03 9403.22 9404.58 9402.19 9390.31 9384.43 9388.76 9400.01 9416.04 9430.54 9444.76 9448.39 9428.39 9398.31 9397.04 9414.84 9438.92 9460.02 9473.73 9496.57 9523.72 9556.02 9591.22 9611.6 9620.25 9619.76 9607.68
9332.73 9350.23 9363.34 9373.31 9385.28 9394.84 9406.77 9417.32 9429.49 9443.01 9453.72 9465.83 9474.03 9486.6 9500.95 9513.32 9525.96 9534.45 9539.49 9556.69 9585.48 9574.4 9541.2 9522.32 9512.3 9494.08 9473.41 9454.25 9440.12 9430.31 9419.19 9409.94 9404.91 9399.84 9397.31 9395.19 9390.69 9387.76 9388.29 9392.11 9397.24 9402.16 9406.1 9405.08 9395.86 9390.7 9396.97 9406.46 9416.71 9427.67 9438.64 9447.92 9442.19 9423.58 9422.28 9432.66 9447.53 9463.61 9479.23 9506.43 9542.97 9576.65 9608.89 9620.82 9618.82 9598.83 9563.49
9337.95 9354.16 9369.76 9382.7 9393.09 9402.39 9410.99 9419.89 9427.97 9440.59 9449.57 9458.64 9469.5 9478.49 9488.05 9496.18 9502.65 9506.37 9509.09 9527.5 9553.62 9546.45 9524.88 9508.58 9487.78 9468.06 9453.34 9441.47 9433.7 9429.67 9420.8 9409.25 9397.76 9391.32 9380.22 9367.6 9362.65 9367.73 9374.08 9382.28 9391.42 9400.17 9407.3 9411.12 9401.14 9395.73 9402.06 9408.95 9415.96 9422.72 9426.83 9432.26 9442.72 9440.64 9443.56 9451.54 9458.84 9469.48 9485.69 9522.16 9572.07 9627.43 9633.37 9627.98 9621.53 9600.01 9542.51
9345.27 9360.23 9377.71 9392.18 9403.76 9413.37 9424.08 9431.7 9438.74 9444.49 9450.98 9456.47 9462.53 9469.22 9472.67 9475.11 9477.89 9482.56 9480.23 9486.87 9504.14 9517.58 9514.38 9480.09 9453.43 9441.87 9433.29 9427.04 9422.27 9418.51 9418.32 9421.48 9408.11 9385.1 9365.48 9349.5 9343.1 9347.92 9357.4 9369.33 9382.8 9395.92 9406.26 9409.95 9405.97 9402.98 9406.9 9410.17 9414.99 9420.49 9424.86 9433.48 9446.13 9454.69 9463.31 9470.71 9474.98 9479.61 9497.46 9532.34 9576.3 9615.78 9618.78 9620.28 9619.83 9607.71 9541.08
9361.24 9375.31 9391.47 9403.58 9414.92 9426.68 9434.67 9442.66 9448.65 9451.03 9455.46 9459.21 9464.39 9459.52 9458.93 9460.23 9454.54 9455.77 9450.94 9448.94 9452.25 9480.01 9486.43 9449.99 9424.03 9418.7 9415.69 9413.37 9408.59 9405.15 9406.35 9415.64 9400.6 9373.61 9350.29 9332.12 9323.75 9328.57 9340.6 9355.85 9372.75 9390.13 9405.5 9413.05 9408.01 9403.11 9401.38 9408.01 9416.19 9423.84 9431 9441.67 9460.22 9474.56 9485.44 9492.65 9497.53 9501.71 9510.52 9533.37 9557.81 9572.1 9581.4 9599.52 9605.72 9590.97 9525.73
9381.97 9394.76 9407.36 9419.06 9429.79 9438.07 9444.79 9448.35 9452.17 9455.47 9459.19 9460.93 9454.76 9450.38 9449.11 9443.65 9438.03 9436.75 9430.75 9422.69 9412.48 9431.79 9434.04 9417.39 9400.56 9400.15 9401.01 9401.31 9397.46 9387.45 9383.49 9387.56 9376 9355.11 9332.64 9313.08 9304.32 9308.77 9323.78 9341.31 9360.95 9381.66 9402.61 9413.92 9414.98 9407.06 9398.27 9409.33 9421.53 9432.09 9441.06 9451.57 9482.06 9503.92 9509.6 9514.39 9520.29 9528.87 9531.14 9529.54 9538.94 9548.63 9562.86 9579.57 9586.89 9571.87 9514.44
9399.81 9414.89 9425.47 9435.4 9443.6 9446.64 9451.38 9454.53 9456.4 9457.75 9458.35 9451.75 9450.82 9447.09 9444.44 9431.51 9429.77 9422.27 9413.55 9406.05 9378.4 9387.95 9394.31 9387.24 9382.36 9384.98 9388.91 9392.44 9393.24 9388.72 9378.96 9360.23 9353.34 9337.22 9316.68 9294.79 9274.14 9290.03 9308.48 9328.11 9348 9368.97 9389.76 9400.32 9395.02 9392.27 9400.32 9417.59 9433.13 9446.92 9458.6 9470.34 9502.77 9525.57 9529.24 9529.67 9530.42 9531.28 9519.41 9511.14 9518.44 9532.31 9551.11 9559.21 9566.13 9555.67 9507.1
9420.18 9431.84 9443.15 9449.86 9455.21 9459.89 9462.54 9464.08 9459.14 9458.47 9457.2 9455.29 9451.45 9449.88 9436.59 9429.66 9425 9403.61 9383.63 9355.28 9337.24 9364.72 9363.6 9361.2 9364.1 9372.22 9377.67 9385.24 9393.01 9400.19 9396.38 9364.33 9343.33 9324.54 9305.59 9288.46 9275.28 9284.38 9297.44 9314.21 9333.54 9353.57 9369.3 9383.58 9391.7 9402.08 9419.33 9431.5 9447.83 9465.71 9481.71 9495.55 9525.99 9543.48 9543.67 9538.03 9525.17 9501.82 9482.13 9483.31 9494.8 9505.81 9513.94 9531.41 9540.65 9532.95 9502.41
9440.81 9451.68 9459.13 9465.71 9469.55 9469.06 9468.8 9468.88 9466.97 9469.82 9467.74 9464.96 9454.18 9447.84 9438.99 9428.59 9418.47 9395.54 9361.97 9325.76 9311.31 9322.79 9330.26 9336.74 9358.53 9357.47 9363.05 9374.72 9387.91 9400.82 9401.04 9362.93 9337.23 9316.69 9298.68 9287.56 9291.43 9285.67 9286.68 9298.98 9317.43 9339.87 9361.55 9380.79 9399.29 9413.42 9427.39 9440.93 9459.18 9482.86 9509.98 9533.27 9552.52 9556.77 9552.89 9543.48 9528.33 9491.22 9461.09 9462.96 9476.82 9489.08 9494.77 9510.81 9523.86 9519.15 9499.22
9461.98 9470.58 9478 9480.1 9480.03 9478.96 9476.32 9470.41 9469.37 9465.64 9468.07 9462.49 9458.26 9456.39 9442.48 9434.08 9422.59 9400.38 9370.14 9336.99 9310.87 9293.97 9291.88 9300.28 9313.93 9327.47 9341.64 9357.4 9373.32 9387.12 9390.33 9350.37 9329.66 9308.31 9288.92 9275.21 9269.71 9265.28 9268.72 9281.21 9298.29 9321.2 9354.43 9369.7 9393.16 9413.69 9428.19 9438.41 9458.56 9488.67 9528.94 9562.99 9568.08 9562.35 9557.01 9548.11 9527.68 9488.73 9460.76 9456.92 9469.02 9483.45 9492.34 9498.22 9510.97 9509.26 9486.1
9480.75 9489.61 9494.97 9494.4 9490.65 9485.42 9481.72 9475.94 9471.04 9463.84 9460.95 9458.61 9454.33 9452.59 9442.28 9441.85 9431.13 9416.24 9402.02 9362.45 9316.05 9283.35 9273.61 9275.15 9282.03 9298.47 9318.1 9335.99 9353.54 9365.76 9365.61 9350.91 9323.36 9298.92 9274.95 9255.31 9236.56 9233.1 9247.04 9262.2 9277.96 9293.12 9307.21 9331.2 9352.11 9372.39 9402.99 9424.42 9444.34 9473.81 9516.73 9548.33 9555.16 9554.16 9552.6 9549.58 9544.66 9502.72 9474.15 9463.21 9467.02 9473.08 9476.48 9479.46 9487.47 9485.9 9470.56
9499.05 9508.95 9512.6 9509.08 9502.35 9494.68 9486.33 9476.91 9471.26 9465.08 9457.65 9453.56 9446.7 9446.06 9441.96 9435.35 9434.09 9426.28 9413.2 9366.67 9307.9 9281.64 9270.85 9268.46 9270.82 9282.61 9299.78 9315.93 9332.62 9343.88 9353.47 9340.18 9313.02 9287.67 9262.49 9240.59 9221.64 9217.67 9231.31 9247.73 9263.06 9274.63 9285.05 9307.23 9326.69 9347.73 9387.2 9405.58 9417.69 9435.07 9468.11 9502.63 9520.45 9535.97 9540.75 9538.98 9534.92 9517.86 9491.44 9476.78 9468.31 9461.92 9455.37 9454.18 9457.96 9457.94 9446.37
9514.59 9525.79 9528.86 9520.28 9509.58 9498.13 9487.05 9476.6 9466.58 9455.49 9448.23 9442.76 9438.37 9440.2 9438.33 9437.61 9435.7 9427.31 9404.81 9374.03 9329.97 9295.18 9274.56 9266.08 9266.43 9274.31 9286.5 9297.98 9307.81 9317.93 9318.81 9313.05 9296.16 9274.65 9251.22 9231.44 9216.19 9211.76 9222.7 9239.25 9257.7 9275.28 9295.58 9324.5 9345.92 9376.83 9389.75 9387.23 9383.57 9381.92 9395.19 9459.58 9503.98 9526.03 9527.82 9518.02 9507.7 9509.05 9492.73 9482.45 9468.14 9455.23 9440.78 9431.06 9423.4 9426.02 9421.86
9523.46 9534.36 9535.87 9525.57 9511.46 9496.4 9482.19 9469.29 9459.79 9448.56 9437.35 9431.03 9426.56 9426.14 9425.92 9429.61 9433.06 9432.39 9418.07 9393.04 9354.85 9305.13 9276.64 9264.73 9264.59 9270.19 9276.98 9283.2 9287.97 9293.01 9291.81 9292 9277.96 9262.3 9242.96 9225.9 9212.58 9208.23 9217.66 9234.52 9257.34 9286.51 9317.39 9345.32 9354.74 9358.33 9370.3 9366.52 9352.22 9337.62 9340.5 9448.59 9527.66 9531.86 9516.95 9497.42 9479.45 9478.74 9478.2 9473.82 9465.16 9454.64 9442.8 9433.46 9406.97 9396.14 9385.87
9526.6 9537.09 9538.6 9526.97 9509.18 9491.31 9475.14 9460.54 9446.72 9434.64 9426.95 9419.53 9414.13 9412.96 9411.52 9416.17 9424.47 9436.75 9440.01 9397.45 9333.68 9290.56 9273.54 9263.14 9263.83 9269.16 9270.29 9271.14 9270.47 9270.87 9275.3 9264.63 9262.24 9251.57 9236.21 9221.87 9210.43 9205.57 9213.32 9228.15 9250.59 9286.33 9324.61 9359.21 9343.29 9329.97 9363.58 9345.71 9328.74 9318.47 9327.48 9434.1 9511 9517.02 9502.4 9483.19 9462.97 9457.9 9466.61 9466.7 9462.2 9457.7 9454.84 9447.03 9412.01 9382.56 9364.03
9522.85 9533.94 9540.67 9521.58 9501.04 9481.92 9466.18 9451.57 9434.7 9422.94 9414.12 9408.53 9402.08 9397.57 9393.69 9393.43 9399.32 9412.94 9424.79 9391.32 9332.45 9288.69 9274.92 9264.26 9262.87 9265.38 9265.29 9262.9 9257.22 9247.61 9241.45 9258.91 9255.22 9244.77 9231.26 9218.64 9209.28 9205.79 9209.08 9219.16 9233.46 9249.34 9287.46 9324.29 9304.25 9288.06 9309.27 9309.97 9307.74 9316.06 9342.23 9390.54 9448.39 9479.42 9485.06 9476.95 9468.24 9468.33 9468.97 9463.77 9460.33 9459.05 9456.17 9442.38 9416.59 9379.87 9359.09
9509.52 9516.52 9517.22 9502.35 9483.34 9464.7 9448.1 9434.87 9421.65 9409.97 9399.55 9390.34 9383.07 9376.27 9369.65 9363.33 9359.77 9357.1 9360.81 9374.08 9358.45 9312.22 9283.61 9267.31 9262.78 9264.31 9262.95 9259.86 9254.29 9242.84 9236.62 9260.5 9252.11 9240.2 9227.26 9215.93 9207.37 9202.89 9204.54 9210.45 9217.94 9226.26 9247.41 9262.46 9257.06 9250.4 9256.46 9270.54 9284.77 9303.35 9334.37 9351.58 9409.24 9453.12 9475.43 9484.19 9494.15 9493.1 9481.98 9469.6 9462.24 9459.44 9451.9 9431.87 9410.34 9386.17 9366.32
9489.03 9488.99 9484.2 9472.63 9457.31 9442.98 9428.41 9416.31 9404.28 9392.85 9382.7 9372.78 9361.92 9352.52 9342.29 9332.99 9320.67 9306.3 9307.75 9329.79 9330.59 9311.11 9283.79 9268.22 9262.85 9262.85 9262.23 9260.7 9259.81 9265.02 9266.18 9256.8 9247.71 9235.81 9223.31 9213.09 9205.24 9200.44 9200.58 9204.11 9209.09 9215.25 9223.35 9228.64 9232.46 9231.8 9233.65 9249.55 9269.27 9280.14 9297.29 9342.83 9397.08 9442.7 9474.28 9499.28 9518.44 9512.83 9496.46 9479.44 9468.14 9462.89 9453.07 9434.79 9420.33 9405.47 9384.69
9464.82 9459.11 9451.22 9440.71 9428.82 9416.64 9404.83 9393.96 9382.66 9371.95 9361.1 9350.31 9339.83 9328.79 9317.46 9303.51 9289.51 9275.66 9275.3 9282 9277.96 9276.29 9270.81 9265.02 9262.7 9262.2 9262.4 9261.6 9261.18 9261.32 9259.91 9252.44 9241.7 9230.71 9219.98 9210.26 9202.8 9198.5 9198.12 9201.48 9205.8 9208.81 9213.43 9216.92 9219.29 9224.41 9231.79 9250.16 9274.73 9292.47 9312.95 9352.71 9402.38 9448.36 9471.31 9495.37 9527.45 9520.77 9504.97 9491.02 9480.44 9468.89 9458.4 9447.65 9435.81 9423.86 9407.99
9438.3 9427.45 9417.28 9407.89 9399.35 9390.13 9381.99 9372.71 9362.97 9353.07 9342.46 9331.59 9321.5 9309.85 9296.18 9282.65 9268.12 9256.54 9255.68 9256.79 9254.88 9255.53 9257.57 9257.4 9258.5 9261.84 9263.33 9261.31 9258.68 9255.1 9250.34 9243.22 9234.92 9225.46 9215.5 9207.01 9200.35 9196.41 9196.19 9200.48 9206.31 9210.69 9209.67 9211.36 9217.03 9225.64 9242.44 9265.89 9291.55 9328.3 9342.62 9358.32 9397.34 9437.37 9455.43 9475.12 9513.28 9513.44 9501.71 9490.91 9483.23 9466.21 9460.63 9459.39 9439.56 9432.38 9428.42
9412.32 9397.96 9384.23 9374.4 9369.53 9365.16 9360.39 9353.49 9345.57 9336.7 9327.04 9316.61 9305.41 9293.41 9280.45 9267.83 9253.64 9245.18 9243.91 9244.51 9245.48 9248.59 9248.91 9248.48 9249.69 9258.68 9262.51 9259.94 9255.4 9250.23 9243.72 9237.38 9228.92 9219.95 9211.49 9204.35 9198.71 9195.47 9195.79 9199.98 9206.44 9209.74 9207.31 9208.36 9213.52 9226.87 9244.82 9268.15 9296.97 9323.53 9326.33 9337.58 9374.49 9411.91 9434.08 9455.62 9492.08 9498.74 9488.34 9470.1 9449.38 9448.54 9448.2 9438.69 9418.32 9421.48 9430.75
9388.79 9371.26 9353.49 9342.25 9342.9 9342.44 9339.42 9334.21 9327.63 9319.64 9310.75 9297.96 9287.59 9276.72 9265.55 9255.19 9245.55 9241.04 9238.69 9239.97 9241.67 9241.77 9242.86 9244.28 9247.91 9255.83 9260.52 9258.34 9251.98 9242.82 9236.53 9229.55 9221.34 9213.56 9206.85 9201.33 9196.88 9194.23 9193.89 9198.12 9204.39 9207.57 9206.33 9208.75 9217.2 9228.48 9242.58 9260.81 9297.61 9320.47 9311.53 9318.33 9348.32 9382.78 9415.03 9452.78 9485.81 9485.73 9474.46 9455.24 9433.35 9434.27 9433.72 9415.92 9393.3 9399.28 9414.88
9368.82 9351.77 9335.47 9325.48 9324.07 9323.67 9320.04 9315.7 9309.93 9302.73 9294.48 9283.55 9274.13 9264.58 9254.63 9245.66 9237.97 9234.65 9235.88 9237.93 9238.41 9238.48 9240.15 9242.12 9245.91 9254.64 9261.04 9257.8 9250.58 9241.02 9231.42 9220.8 9212.02 9207.45 9202.89 9198.6 9195.26 9193.27 9193.35 9195.57 9198.16 9202.39 9205.95 9209.88 9217.43 9233.36 9249.32 9270.9 9303.46 9333.05 9303.67 9304.04 9325.15 9349.42 9398.65 9448.48 9472.07 9473.02 9463.77 9449.77 9437.09 9428.59 9422.7 9406.66 9380.75 9382.59 9393.45
9351.91 9337.7 9325.26 9316.34 9311.88 9309.73 9305.79 9301.02 9295.72 9289.02 9282 9272.99 9264.48 9255.48 9246.38 9238.45 9232.05 9230.35 9232.14 9233.75 9235.23 9237.79 9239.04 9240.16 9243.85 9252.45 9260.23 9257.61 9250.87 9241.21 9229.74 9217.48 9207.92 9203.6 9200.02 9196.76 9194.05 9192.45 9192.61 9194.14 9197.12 9202.52 9209.59 9217.5 9227.47 9241.76 9259.2 9279.17 9302.35 9312.05 9285.59 9294 9317.97 9345.02 9394.16 9442.9 9461.04 9460.76 9454.55 9445.18 9434.56 9422.54 9407.81 9393.92 9383.25 9377.7 9375.61
9340.2 9328.88 9318.83 9309.23 9303.14 9299.56 9295.42 9290.39 9284.64 9278.32 9271.6 9264.69 9256.46 9248.33 9240.02 9233.05 9227.83 9228.02 9228.81 9229.71 9231.72 9234.17 9235.81 9237.18 9240.24 9248.38 9256.3 9256.79 9252.12 9243 9230.63 9217.98 9207.84 9202.48 9198.72 9195.6 9193.21 9191.32 9190.96 9193.44 9198.17 9204.27 9213.15 9226.05 9236.8 9247.8 9264.66 9286.31 9293.83 9290.97 9272.48 9293.02 9325.16 9360.91 9403.73 9432.5 9444.93 9448.09 9444.96 9439.13 9431.97 9417.76 9396.53 9381.01 9374.87 9368.99 9362.52
