real_craters/C137-300m.grd
DSAA
297 297
-44.3975 44.3975
-44.3975 44.3975
8107.3596583313 9899.9315993408
[rows 60 to 89 of 297, columns 134 to 200 of 297]
9403.12 9388.75 9375.82 9373.55 9377.24 9384.04 9394.1 9391.7 9387.75 9387.78 9390.18 9394.05 9398.89 9404.35 9409.73 9412.57 9412.89 9412.66 9411.34 9407.31 9403.49 9399.99 9397.35 9395.43 9393.84 9390.88 9391.72 9391.06 9390.76 9390.83 9391.27 9392.02 9393.43 9396.83 9396.03 9392.82 9387.75 9384.6 9380.39 9375.89 9371.05 9365.89 9360.84 9355.07 9348.84 9342.06 9334.78 9325.71 9315.55 9301.86 9288.54 9282.26 9280.41 9280.01 9278.1 9275.7 9274.9 9280.21 9284.69 9289.17 9294.99 9300.97 9307.21 9315.03 9321.57 9329 9336.8
9414.13 9401.53 9390.22 9385.02 9384.81 9388.18 9394.32 9394.28 9391.96 9392.78 9395.42 9399.7 9405.36 9412.46 9420.92 9429.46 9435.64 9432.42 9425.23 9417.9 9412.3 9407.62 9404.3 9401.8 9399.91 9397.89 9397.65 9397.24 9397.19 9397.44 9397.88 9398.31 9399.3 9401.24 9398.28 9394.93 9392.34 9391.9 9389.16 9385.55 9381.22 9376.34 9371.03 9364.69 9358.65 9352.22 9345.54 9338.12 9329.51 9319.2 9306.93 9293.01 9289.1 9287.74 9284.96 9281.26 9279.05 9280.47 9285.31 9290.2 9296.41 9302.36 9308.98 9315.9 9323.18 9331.15 9339.52
9422.82 9413.51 9405.68 9395.79 9389.42 9386.18 9386.21 9389.2 9391.8 9394.93 9398.38 9402.98 9408.88 9416.58 9426.96 9440.6 9457.49 9447.82 9434.15 9424.43 9417.08 9412.95 9409.55 9405.64 9405.06 9404.49 9403.21 9403.15 9403.46 9404.01 9404.62 9405.01 9404.77 9406.62 9401.19 9396.96 9398.37 9399.39 9397.42 9394.02 9389.65 9384.65 9379.25 9375.28 9369.48 9363.53 9357.1 9351.59 9346.64 9341.4 9334.11 9314.98 9305.79 9300.29 9294.7 9287.91 9282.12 9281.38 9285.39 9290.21 9296.21 9301.99 9308.67 9316.45 9324.7 9333.06 9341.84
9428.36 9419.71 9412.49 9401.69 9392.75 9383.83 9377.24 9385.4 9391.33 9396.02 9400.14 9404.54 9409.8 9416.2 9423.71 9434.86 9447.34 9442.14 9432.93 9424.88 9418.75 9415.35 9413.16 9411.93 9411.67 9410.96 9408.84 9409.21 9409.93 9410.89 9411.88 9412.64 9412.73 9414.37 9410.87 9409.09 9408.45 9408.12 9407.31 9403.67 9398.99 9393.73 9388.18 9384.02 9378.52 9373.16 9368.14 9364.59 9361.93 9360.28 9360.41 9345.33 9329.5 9314.36 9299.94 9287.59 9279.65 9282.77 9286.05 9288.97 9294.13 9299.4 9305.89 9315.03 9323.85 9332.43 9341.46
9430.64 9420.61 9412.05 9404.73 9397.58 9390.46 9385.86 9389.27 9394.15 9398.08 9401.59 9405.16 9408.69 9412.41 9414.62 9417.41 9420.09 9424.93 9423.95 9422.07 9419.88 9417.29 9416.21 9415.87 9415.01 9414.99 9415.13 9415.97 9417.14 9418.56 9420.09 9421.53 9422.59 9423.5 9423.06 9418.51 9421.56 9421.09 9418.48 9413.87 9408.51 9402.82 9398.94 9393.22 9387.87 9382.81 9379.48 9375.38 9372.43 9369.8 9368.35 9364.35 9350.43 9325.87 9304.59 9291.49 9289.34 9287.12 9286.15 9287.6 9291.18 9294.97 9301.22 9311.04 9321.25 9329.93 9339.12
9430.8 9420.46 9412.79 9408.13 9403.86 9401.87 9400.83 9397.9 9399.43 9401.63 9403.71 9405.42 9406.9 9407.83 9405.88 9404.61 9403.36 9411.52 9415.56 9417.18 9417.69 9418.46 9418.76 9416.19 9416.45 9418.37 9419.33 9420.68 9422.38 9424.41 9426.73 9429.27 9432 9435.47 9438.79 9439.01 9438.73 9434.79 9429.84 9423.73 9417.52 9411.4 9407.4 9401.87 9396.39 9391.48 9386.92 9383.24 9379.03 9373.62 9365.83 9365.52 9356.66 9329.73 9305.19 9289.07 9288.5 9285.58 9283.48 9284.29 9286.33 9290.27 9296.48 9306.5 9314.68 9324.39 9333.86
9430.6 9420.14 9414.65 9413.02 9410.27 9404.06 9403.14 9404.88 9405.26 9405.43 9405.74 9405.68 9405.4 9404.35 9400.54 9400.2 9402.15 9404.94 9409.91 9413.57 9415.51 9417.45 9417.2 9419.15 9420.09 9421.56 9423.03 9424.85 9427.05 9429.64 9432.65 9436.18 9440.39 9445.3 9453.5 9459.9 9456.76 9447.17 9439.25 9431.65 9424.7 9418.18 9414.46 9408.94 9403.86 9399.02 9394.39 9389.79 9384.73 9378.71 9371.69 9365.55 9350.75 9326.5 9301.41 9281.89 9277.39 9278.4 9279.08 9279.32 9281.82 9286.13 9292.73 9302.12 9310.35 9319.33 9328.98
9431.57 9420.44 9417.87 9420.24 9421.2 9419.27 9415.41 9413.38 9411.1 9409.19 9407.81 9406.3 9404.81 9402.51 9397.66 9395.35 9396.72 9401.76 9406.58 9409.95 9412.97 9414.79 9415.52 9416.64 9418.24 9423.49 9425.4 9427.64 9430.25 9433.29 9436.81 9440.93 9445.86 9450.83 9460.75 9471.51 9465.92 9453.25 9445.11 9437.43 9430.49 9424.04 9420.16 9414.76 9410.02 9405.22 9400.54 9396.57 9391.15 9384.29 9375.95 9362.47 9343.13 9323.4 9298.87 9276.41 9274.18 9276.93 9274.59 9273.58 9275.24 9280.81 9287.53 9297.37 9305.59 9314.19 9323.77
9436.67 9427.58 9426.1 9429.05 9433.9 9438.95 9432.02 9422.21 9415.97 9412.03 9409.52 9407.44 9405.59 9403 9397.88 9393.64 9395.43 9401.3 9405.59 9408.99 9410.76 9413 9415.57 9415.12 9417.14 9424.5 9426.69 9429.18 9432.03 9435.29 9439 9443.19 9447.89 9451.75 9458.24 9459.93 9457.12 9451.85 9446.3 9439.83 9433.4 9427.18 9424.33 9419.17 9415.45 9410.79 9406.18 9401.6 9396.75 9389 9380.35 9367.78 9349.53 9330.09 9302.55 9276.32 9272.11 9275.11 9267.52 9266.16 9268.28 9274.33 9281.13 9288.55 9298.24 9306.98 9316.23
9444.4 9443.97 9436.53 9433.74 9438.28 9447.46 9436.52 9424.63 9417.27 9413.03 9410.43 9408.84 9407.6 9406.16 9402.58 9398.18 9399.97 9403.75 9406.94 9410.27 9411.99 9414.16 9414.89 9414.13 9416.32 9424.44 9426.77 9429.37 9432.31 9435.62 9439.29 9443.26 9447.33 9450.14 9453.31 9450.83 9448.37 9447.84 9445.07 9439.88 9433.96 9427.97 9425.68 9420.73 9418.43 9414.01 9409.65 9404.77 9400.82 9394.85 9389.75 9384.1 9374.33 9347.31 9312.29 9279.27 9263.29 9260.11 9254.8 9256.16 9260.3 9265.93 9272.12 9279.38 9289.28 9298.38 9306.92
9443.32 9446.44 9434.67 9427.81 9426.18 9427.96 9424.24 9418.65 9414.2 9411.29 9409.58 9409.01 9409.11 9410.07 9411.2 9412.69 9410.38 9408.46 9409.3 9409.23 9410.99 9411.86 9413.6 9416.69 9418.7 9422.88 9425.2 9427.8 9430.71 9433.95 9437.5 9441.26 9444.97 9447.92 9450.43 9448.16 9445.55 9446.47 9443.98 9438.9 9433.07 9427.18 9425.39 9420.68 9417.66 9413.53 9409.59 9405.25 9402.74 9399.03 9395.35 9393.75 9388.77 9361.82 9324.72 9285.18 9255.31 9238.99 9241.01 9246.53 9251.25 9256.8 9262.86 9269.54 9279.65 9287.87 9295.85
9432.18 9423.17 9420.31 9414.45 9406.64 9400.81 9406.41 9408.76 9408.56 9407.88 9407.67 9407.98 9409.21 9410.39 9416.07 9423.19 9417.14 9411.69 9409.41 9408.63 9409.59 9410.76 9412.72 9417.95 9419.77 9421.21 9423.46 9425.96 9428.75 9431.82 9435.16 9438.69 9442.26 9445.63 9449.75 9451.2 9452.16 9449.02 9443.29 9437.6 9431.57 9425.77 9420.35 9418.11 9415.44 9411.55 9407.95 9405.53 9402.87 9400.4 9395.68 9390.42 9387.32 9370.73 9338.75 9306.13 9275.49 9239.85 9238.53 9241.85 9245.19 9249.56 9254.86 9260.38 9268.68 9275.91 9283.49
9421.34 9412.91 9407.19 9402.87 9396.6 9392.28 9396.83 9400.94 9402.84 9403.79 9404.71 9405.71 9407.3 9408.94 9412.82 9415 9414.25 9411.04 9408.86 9408.3 9408.19 9411.38 9414.61 9416.12 9417.8 9419.33 9421.41 9423.7 9426.24 9429.02 9432.05 9435.29 9438.7 9442.31 9447.14 9452.18 9461.34 9449.44 9441.68 9434.97 9428.99 9423.47 9418.4 9416.31 9413.13 9408.77 9405.69 9402.89 9402.95 9399.5 9394.83 9386.76 9388.7 9376.37 9347.9 9322.32 9297.07 9264.52 9247.02 9242.06 9242.15 9244.3 9247.63 9251.52 9258.48 9264.03 9270.7
9408.39 9397.47 9396.11 9395.28 9396.25 9395.84 9394.04 9396.04 9398.19 9399.83 9401.09 9402.29 9403.61 9404.49 9406.91 9408.39 9408.75 9409.08 9408.75 9409.01 9409.47 9412.05 9412.06 9413.47 9415.4 9417.12 9419.01 9421.07 9423.32 9425.76 9428.4 9431.21 9434.22 9437.44 9442.22 9444.61 9442.15 9441.22 9436.17 9429.72 9424.12 9418.96 9414.28 9410.06 9409.6 9406.52 9403.77 9402.51 9400.76 9399.27 9396 9393.09 9388.75 9373.16 9345.96 9318.35 9290.71 9265.07 9249.52 9243.37 9240.78 9240.2 9242.42 9244.39 9249.37 9252.49 9258.09
9399.94 9390.3 9388.87 9388.67 9390.12 9391.66 9390.68 9392.29 9394.23 9396.04 9397.13 9398.31 9399.14 9399.25 9400.24 9401.82 9403.1 9406.06 9406.93 9407.89 9408.97 9410.27 9411.73 9412.98 9412.65 9414.18 9415.83 9417.6 9419.5 9421.53 9423.68 9425.95 9428.32 9430.75 9434.43 9435.6 9436.28 9433.06 9428.2 9422.79 9417.97 9413.47 9409.35 9405.6 9405.89 9403.16 9400.7 9399.24 9397.07 9395.24 9393.72 9391.14 9382.1 9363.09 9336.99 9307.53 9276.98 9259.15 9251.44 9245.91 9240.72 9237.87 9237.25 9237.29 9239.73 9240.19 9240.57
9396.58 9388.4 9386.23 9384.44 9381.76 9383.78 9386.29 9388.65 9390.62 9392.34 9393.52 9394.67 9395.23 9395.33 9392.97 9394.07 9399.3 9402.4 9403.61 9404.98 9405.83 9408.28 9409.61 9410.72 9409.09 9410.42 9411.82 9413.29 9414.82 9416.41 9418.04 9419.68 9421.31 9422.83 9425.51 9425.64 9424.97 9422.46 9418.59 9414.47 9410.55 9406.78 9403.23 9399.93 9400.28 9397.75 9395.4 9393.42 9391.21 9390.07 9388.15 9385.56 9375.09 9351.44 9329.98 9302.8 9274.8 9268.97 9264.05 9248.66 9239.68 9235.06 9232.84 9232.25 9232.22 9230.24 9226.27
9401.99 9393.29 9388.22 9385.08 9382.46 9383.03 9384.54 9386.55 9388.25 9389.82 9391.72 9392.88 9393.66 9394.4 9391.98 9392.88 9397.28 9399.69 9400.81 9403.1 9404.26 9405.37 9406.53 9407.52 9405.94 9407.05 9408.17 9409.29 9410.39 9411.46 9412.48 9413.4 9414.17 9414.69 9416.24 9415.01 9413.2 9410.72 9408.1 9404.69 9401.4 9398.12 9394.96 9391.95 9391.66 9389.24 9386.95 9387.26 9384.27 9382.72 9380.08 9377.06 9369.23 9350.52 9329.02 9306.05 9285.27 9272.4 9259.85 9245.43 9236.36 9232.04 9229.44 9227.88 9227.15 9223.81 9217.71
9403.2 9397.22 9392.45 9388.93 9386.35 9385.52 9385.6 9386.12 9387.13 9388.32 9389.57 9391.04 9392.74 9396.13 9399.05 9397.39 9397.45 9399.11 9399.85 9401.04 9401.13 9402.4 9403.26 9404.08 9401.8 9402.67 9403.5 9404.27 9404.96 9405.54 9405.98 9406.24 9406.27 9405.97 9406.4 9405.49 9402.57 9400 9398.25 9395.14 9392.45 9389.7 9386.97 9384.28 9384.43 9382.06 9379.66 9377.17 9376.6 9374.25 9369.53 9362.59 9351.96 9343.76 9328.86 9310.04 9292.15 9270.8 9249.12 9237.07 9231.35 9228.39 9227.12 9226.29 9224.21 9221.29 9216.14
9408 9402.08 9397.47 9393.87 9390.98 9388.6 9387.23 9386.47 9386.66 9387.66 9388.77 9390.29 9392.34 9395.99 9397.68 9397.38 9397.76 9398.18 9398.59 9399.14 9398.81 9399.77 9400.52 9401.19 9399.4 9399.98 9400.46 9400.81 9401 9401.01 9400.79 9400.31 9399.52 9398.36 9397.64 9396.9 9393.58 9391.85 9389 9386.64 9384.7 9382.68 9380.58 9378.38 9378.73 9376.48 9373.94 9371.04 9368.65 9364.95 9359.34 9351.72 9342.26 9339.54 9328.53 9310.57 9290.51 9264.3 9234.51 9228.82 9228.52 9228.42 9228.39 9227.83 9225.3 9223.82 9220.36
9411.43 9406.54 9401.9 9398.46 9395.43 9391.52 9388.8 9387.05 9386.53 9386.89 9387.68 9389.04 9392.21 9394.7 9396.04 9396 9396.62 9396.99 9397.46 9397.67 9397.43 9398.37 9399 9399.5 9397.77 9398.07 9398.2 9398.12 9397.82 9397.26 9396.38 9395.17 9393.59 9391.61 9389.99 9388.56 9384.61 9380.33 9380.09 9378.28 9376.75 9375.18 9373.48 9371.57 9369.39 9370.08 9367.41 9364.21 9361.25 9357.94 9351.75 9344.97 9338.98 9337.51 9328.47 9308.92 9286.63 9260.45 9230.56 9227.36 9229.79 9231.51 9232.56 9232.46 9230.41 9230.18 9229.11
9417.65 9409.92 9404.33 9401.63 9398.45 9392.79 9389.08 9386.98 9385.96 9385.92 9386.26 9387.18 9390.23 9392.43 9394.05 9393.78 9394.51 9395.19 9395.98 9396.28 9396.56 9396.58 9397.06 9395.57 9395.77 9395.76 9395.51 9395.01 9394.22 9393.11 9391.64 9389.79 9387.54 9384.91 9381.99 9382.02 9377.55 9375.13 9372.67 9371.03 9368.51 9367.25 9365.91 9364.31 9362.38 9364.11 9361.57 9358.39 9355.35 9350.52 9344.93 9338.65 9333.1 9334.32 9327.72 9306.39 9279.77 9252.13 9238.39 9236.39 9236.6 9237.19 9237.97 9238.41 9237.52 9239.04 9239.86
9416.6 9409.73 9403.32 9398.69 9395.53 9390.94 9387.66 9385.59 9384.41 9383.64 9383.65 9384.16 9387.62 9388.5 9390 9390.9 9392.38 9393.57 9394.83 9395.64 9396.95 9397.61 9398.05 9393.38 9393.51 9393.38 9392.96 9392.23 9391.16 9389.7 9387.83 9385.52 9382.75 9379.55 9375.97 9375.41 9371.1 9368.5 9365.33 9363.83 9362.45 9361.98 9361.28 9360.14 9358.46 9358.84 9356.19 9352.87 9349.08 9345.52 9339.77 9334.06 9329.43 9329.81 9325.72 9306.19 9280.38 9258.42 9255.68 9251.6 9246.56 9244.48 9244.01 9244.71 9245.06 9247.75 9250.03
9415.72 9407.37 9399.79 9393.02 9389.11 9387.32 9385.66 9384.2 9383.26 9382.7 9382.48 9382.52 9385.3 9384.23 9384.85 9388.02 9390.73 9392.67 9394.26 9395.7 9397.22 9397.97 9398.42 9392.4 9392.41 9392.12 9391.5 9390.53 9389.16 9387.38 9385.15 9382.44 9379.21 9375.48 9371.14 9367.21 9364.2 9359.38 9356.79 9356.73 9356.44 9356.63 9356.29 9355.3 9353.67 9353.79 9351.26 9347.98 9344.08 9339.78 9335.89 9330.68 9326.45 9326.78 9326.12 9309.09 9287.88 9271.69 9265.16 9260.61 9254.81 9251.77 9251.08 9252.18 9252.7 9255.88 9259.68
9412 9403.97 9396.41 9390.52 9386.94 9385.06 9384.38 9383.42 9382.82 9382.41 9382.18 9382.08 9384.61 9384.37 9384.96 9387.49 9390.64 9392.7 9395.72 9396.37 9398.76 9399.3 9399.68 9391.87 9391.73 9391.25 9390.41 9389.19 9387.56 9385.5 9382.97 9379.96 9376.42 9372.33 9367.57 9363 9358.93 9351.65 9348.98 9350.75 9351.66 9352.26 9352 9350.96 9349.23 9346.9 9346.62 9343.34 9339.58 9335.95 9331.74 9328.11 9324.45 9325.08 9327.77 9311.44 9291.78 9276.23 9268.89 9264.91 9260.08 9257.65 9257.22 9258.23 9259.21 9262.8 9267.65
9407.88 9400.88 9393.56 9387.5 9385.34 9384.62 9384.77 9384.58 9384.44 9384.33 9384.15 9383.98 9385.6 9385.61 9386.67 9388.86 9393.07 9395.31 9397.4 9398.96 9400.7 9401.28 9401.54 9392.65 9392.24 9391.45 9390.29 9388.73 9386.76 9384.38 9381.57 9378.31 9374.59 9370.38 9365.58 9361.23 9357.04 9347.9 9344.74 9348.71 9349.52 9349.8 9349.17 9347.83 9347.79 9345.54 9342.28 9339.12 9336.12 9332.46 9328.62 9325.33 9323.1 9322.74 9324.5 9308.89 9291.23 9275.89 9267.39 9264.23 9263.03 9262.15 9262.11 9262.96 9265.19 9268.16 9272.7
9406.05 9399.7 9392.88 9387.44 9386.15 9386.16 9386.9 9387.41 9387.47 9387.52 9387.59 9387.76 9389.21 9387.09 9389.8 9393.03 9396.28 9398.51 9401.04 9402.87 9403.29 9403.92 9404.04 9395.01 9394.37 9393.34 9391.91 9390.09 9387.86 9385.25 9382.23 9378.82 9375.03 9370.9 9366.5 9362.4 9360.11 9354.7 9352.1 9352.03 9350.95 9350.04 9348.69 9346.89 9346.35 9343.91 9340.5 9337.31 9333.81 9330.32 9326.96 9323.2 9319.84 9317.13 9311.66 9303.78 9288.94 9272.74 9265.1 9265.78 9266.32 9266.4 9266.79 9267.84 9269.91 9275 9275.35
9407.9 9401.29 9394.32 9389.44 9389.56 9390.43 9391.56 9392.12 9392.61 9392.77 9392.98 9392.72 9395.85 9398.66 9397.94 9399.08 9400.82 9403.29 9404.89 9406.36 9407.14 9407.57 9407.46 9398.31 9397.35 9395.99 9394.24 9392.12 9389.63 9386.79 9383.62 9380.15 9376.42 9372.55 9368.74 9365.79 9365.66 9363.58 9362.59 9357.98 9354.34 9352.04 9349.85 9347.53 9346.09 9343.37 9340.5 9337.11 9333.41 9329.12 9325.51 9321.16 9316.82 9311.32 9312.01 9303.37 9288.92 9274.72 9268.78 9272.32 9270.49 9270.09 9270.69 9271.65 9273.71 9276.43 9278.67
9411.34 9405.44 9399.79 9395.22 9396.17 9397.41 9398.71 9399.59 9399.96 9399.9 9399.72 9398.28 9401.52 9404.99 9404.02 9405.13 9406.5 9408.99 9409.76 9410.15 9410.15 9410.21 9409.75 9402.72 9401.37 9399.65 9397.57 9395.16 9392.44 9389.43 9386.17 9382.7 9379.08 9375.5 9372.44 9370.01 9370.6 9368.12 9365.98 9362.23 9358.08 9355.57 9352.84 9350.08 9348.84 9345.89 9341.76 9338.16 9334.23 9329.98 9326.37 9321.42 9316.34 9311.68 9308.98 9300.77 9290.46 9281.63 9276.44 9274.69 9272.7 9272.45 9273.33 9274.78 9276.44 9277.86 9280.33
9414.58 9410.57 9408.74 9407.37 9405.37 9405.66 9406.46 9407.07 9407.21 9406.64 9405.74 9404.59 9405.2 9406.32 9408.45 9410.73 9412.21 9414.74 9415.49 9415.09 9413.87 9413.39 9407.09 9405.8 9404.12 9402.08 9399.73 9397.08 9394.17 9391.04 9387.74 9384.33 9380.89 9377.5 9375.05 9373.14 9374.88 9371.43 9367 9365.26 9361.31 9357.75 9354.43 9351.19 9348.94 9345.67 9342.44 9338.69 9334.7 9330.39 9326.02 9321.88 9316.45 9310.71 9302.15 9295.94 9292.42 9287.87 9283.25 9276.34 9274.05 9274.42 9275.78 9277.35 9279.97 9280.71 9281.05
9416.16 9414.23 9413.29 9413.78 9413.38 9413.97 9414.59 9414.94 9414.66 9413.53 9411.88 9411.76 9409.63 9410.35 9413.68 9417.01 9419.16 9421.27 9421.67 9420.92 9421.24 9420.37 9410.64 9409.12 9407.24 9405.03 9402.53 9399.76 9396.77 9393.61 9390.32 9386.98 9383.69 9380.21 9377.75 9376.45 9374.25 9376.11 9374.06 9369.63 9364.51 9360.66 9357.09 9353.59 9350.52 9347.04 9344.18 9340.43 9336.49 9332.27 9328.53 9323.73 9317.65 9309.68 9303.07 9299.64 9296.7 9292.83 9288.79 9280.05 9276.7 9277.14 9278.86 9280.63 9283.58 9284.29 9282.88
