real_craters/C137-300m.grd
DSAA
297 297
-44.3975 44.3975
-44.3975 44.3975
8107.3596583313 9899.9315993408
[rows 0 to 29 of 297, columns 134 to 200 of 297]
9346.95 9350.3 9353.09 9355.38 9356.95 9357.51 9356.63 9356.19 9353.72 9350.62 9348.54 9348.18 9350.03 9351.47 9350.41 9355.1 9355.9 9355.65 9354.99 9353.76 9352.08 9349.46 9344.38 9336.95 9326.2 9314.87 9302.42 9292.11 9287.79 9285.61 9287.3 9290.78 9295.4 9300.63 9308.59 9313.69 9319.11 9324.11 9327.97 9330.49 9331.7 9329.68 9324.16 9322.28 9311.21 9295.48 9280.38 9276.74 9286.85 9288.52 9290.37 9293.35 9295.64 9298.13 9300.49 9304.36 9306.9 9311.95 9314.3 9317.34 9319.72 9321.6 9323.25 9324.64 9325.4 9326.93 9328.09
9351.81 9355.21 9357.28 9358.85 9359.66 9359.8 9359.91 9360.99 9361.38 9361.06 9359.97 9359.43 9359.59 9360.16 9360.34 9360.51 9360.67 9360.32 9360.06 9359.14 9358.33 9357.02 9354.21 9348.49 9338.12 9324.16 9309.24 9302.06 9288.88 9285.47 9287.11 9290.33 9294.32 9297.83 9304.49 9309.02 9313.4 9316.39 9319.52 9319.63 9319.1 9315.36 9306.63 9306.02 9302.69 9291.29 9276.28 9269.38 9276.51 9281.28 9283.99 9287.42 9289.89 9293.71 9296.27 9299.81 9302.35 9305.99 9308.21 9311.15 9312.83 9314.58 9316.07 9317.29 9318.18 9318.72 9318.92
9359.66 9362.14 9363.52 9364.04 9364.18 9364.08 9364.89 9367.31 9369.93 9372.01 9371.49 9370 9368.92 9368.61 9368.23 9366.56 9365.55 9364.71 9364.15 9363.37 9363.43 9363.59 9363.54 9361.81 9353.29 9333.14 9308.89 9281.79 9281.11 9284.87 9287.98 9291.25 9293.56 9296.99 9302.64 9306.02 9308.22 9310.52 9311.72 9312.79 9310.92 9308.2 9306.78 9308.78 9306.5 9293.28 9277.83 9268.51 9271.36 9275.84 9278.88 9281.95 9284.7 9288.19 9290.72 9293.69 9296.15 9300.26 9302.34 9304.66 9306.34 9307.93 9309.27 9310.32 9310.99 9311.03 9310.44
9371.96 9371.99 9371.79 9370.94 9370.08 9369.43 9370.64 9373.81 9378.06 9382.45 9381.68 9378.81 9376.83 9375.07 9372.95 9371.1 9369.32 9367.59 9366.5 9366.14 9365.82 9367.58 9369.95 9371.45 9363.68 9340.99 9314.65 9293.09 9287.88 9288.92 9291.25 9293.93 9295.61 9298.27 9302.49 9303.47 9305.41 9306.68 9306.74 9307.13 9305.24 9303.97 9302.23 9310.29 9313.68 9297.45 9281.61 9270.76 9271.54 9273.44 9275.4 9277.97 9280.59 9282.7 9285.12 9287.62 9289.97 9295.3 9297.38 9299.29 9301.3 9302.47 9303.79 9304.81 9305.43 9304.18 9303.74
9388.05 9384.35 9381.43 9378.73 9376.69 9375.64 9376.39 9379.16 9383.57 9389.35 9387.93 9384.67 9382.2 9381.06 9377.72 9374.22 9371.56 9368.57 9366.56 9365.56 9365.17 9367.2 9370.67 9374.07 9366.58 9345.45 9324.16 9309.67 9299.67 9295.74 9295.96 9297.34 9298.53 9300.29 9301.85 9301.57 9302.48 9304.58 9303.52 9303.08 9301.8 9300.66 9300.8 9306.82 9310.56 9298.51 9284.08 9274.37 9271.23 9271.2 9271.67 9273.43 9276.1 9278.59 9281.4 9284.08 9288.89 9291.09 9293.62 9295.53 9296.64 9297.82 9299.25 9300.43 9301.28 9300.81 9300.9
9404.38 9396.77 9390.8 9386.22 9383.06 9381.7 9381.26 9382.51 9385.47 9387.54 9388.86 9387.69 9385.54 9379.52 9378.48 9376.26 9372.36 9368.09 9364.68 9362.03 9361.07 9362.06 9364.2 9365.29 9358.91 9343.4 9326.74 9312.91 9304.27 9301.13 9300.66 9301.05 9301.69 9302.42 9303 9302.5 9302.58 9302.69 9302.31 9301.26 9299 9298.26 9298.03 9301.76 9308.71 9296.02 9282.6 9271.8 9267.45 9267.18 9268.12 9269.79 9271.95 9275.2 9277.63 9279.73 9282.02 9287.22 9288.65 9290.51 9292.3 9293.87 9295.33 9296.62 9297.73 9299.11 9299.9
9416.86 9406.98 9399.1 9392.64 9388.09 9385.41 9383.74 9383.69 9385.58 9389.01 9389.1 9389.45 9389.62 9390.89 9383.57 9377.91 9371.94 9366.1 9360.86 9356.5 9353.49 9352.53 9352.91 9351.97 9346.56 9336.71 9324.96 9314.3 9307.34 9305.95 9305.62 9305.13 9304.8 9304.49 9304.02 9303.59 9303.01 9302.47 9301.76 9300.36 9298.32 9296.62 9295.51 9294.55 9296.4 9290.4 9278.74 9267.65 9263.64 9264.37 9264.83 9266.85 9268.65 9271.27 9273.49 9275.18 9280.04 9282.13 9284.06 9286.36 9289.08 9290.94 9292.47 9293.89 9295.24 9296.53 9298.18
9424.84 9414.69 9405.79 9397.84 9391.56 9386.93 9384.49 9383.34 9383.69 9384.77 9387.78 9390.11 9391.76 9389.62 9385.75 9378.83 9370.95 9363.28 9355.56 9348.53 9342.65 9338.96 9338.32 9340.15 9334.62 9327.78 9321.57 9315.86 9311.9 9311.76 9311.28 9309.68 9308.16 9306.84 9305.57 9304.33 9303.29 9303.23 9301.37 9299.93 9298.12 9296.07 9294.85 9292.11 9295.23 9285.32 9274.54 9265.34 9260.21 9258.76 9261.61 9264.51 9266.67 9268.37 9271.2 9273.37 9277.5 9279.71 9281.76 9283.86 9285.74 9287.58 9289.26 9290.5 9292.15 9293.92 9296.34
9429.6 9420.26 9411.25 9402.72 9394.78 9388.71 9385.06 9382.8 9382.01 9383.24 9386.93 9390.64 9394.03 9394.57 9387.45 9379.19 9369.61 9359.54 9349.18 9338.95 9329.22 9321.3 9316.79 9317.04 9315.91 9315.73 9317.16 9319.15 9320.69 9319.37 9316.94 9313.93 9311.39 9309.06 9307.24 9305.58 9304.2 9303.7 9302.23 9300.65 9298.88 9297.7 9296.62 9294.34 9286.41 9278.76 9270.34 9261.86 9257.21 9258.06 9260.4 9262.98 9265 9266.64 9269.05 9271.19 9275.79 9277.99 9280.13 9281.86 9283.05 9284.78 9286.59 9288.36 9290.51 9292.33 9293.7
9433.89 9426.28 9417.83 9408.31 9398.26 9390.68 9386.93 9383.77 9381.33 9382.35 9387.04 9391.78 9395.22 9394.74 9388.3 9379.8 9369.05 9356.91 9343.59 9329.93 9315.74 9302.36 9290.47 9284.33 9292.28 9301.79 9311.2 9321.34 9330.24 9326.26 9320.69 9316.2 9313 9310.18 9307.95 9306.94 9305.39 9303.82 9302.82 9301.8 9300.53 9298.85 9298.41 9295.87 9285.36 9276.02 9268 9260.06 9256.35 9259.82 9260.98 9262.35 9263.33 9265.08 9267.82 9270 9273.85 9276.17 9278.45 9280.71 9281.15 9283.5 9285.44 9287.31 9288.94 9290.75 9291.11
9438.25 9432.73 9425.97 9417.11 9406.39 9397.67 9393.45 9388.11 9383.22 9384.17 9389.81 9394.81 9397.44 9395.96 9390.19 9380.89 9368.7 9354.84 9339.55 9323.25 9305.92 9288.05 9269.9 9260.97 9274.07 9289.23 9303.57 9317.53 9329.31 9326.5 9321.06 9316.77 9313.61 9310.75 9309.07 9307.07 9305.52 9305.59 9304.05 9302.57 9301.17 9300.26 9299.34 9296.17 9288.55 9278.04 9267.52 9259.06 9255.72 9257.97 9260.32 9261.24 9262.04 9263.43 9265.64 9267.7 9271.42 9273.71 9275.99 9278.07 9280.27 9281.09 9283.77 9285.78 9288.78 9290.55 9290.81
9442.37 9439.76 9436.23 9430.48 9421.86 9414.14 9407.28 9398.45 9388.12 9389.78 9397.2 9401.89 9403.34 9401 9394.3 9384.12 9371.01 9355.51 9338.52 9320.3 9300.46 9280.26 9261.87 9254.7 9265.86 9280.93 9295.64 9308.52 9317.23 9318.72 9317.63 9315.8 9313.47 9311.25 9309.78 9308.04 9307.12 9305.48 9304.59 9303.73 9301.99 9300.64 9298.13 9294.21 9288.19 9278.39 9266.71 9256.71 9250.11 9256.3 9259.31 9259.61 9260.22 9261.39 9264.25 9266.47 9270.2 9272.64 9275.08 9277.5 9279.84 9281.75 9284.07 9286.15 9287.06 9288.87 9289.56
9446.38 9447.6 9448.94 9448.42 9443.84 9437.02 9428.2 9416.82 9406.5 9406.69 9412.34 9414.98 9412.26 9408.98 9402.19 9390.84 9376.22 9359.16 9340.32 9320.65 9299.8 9279.48 9262.15 9256.54 9264.67 9277.27 9290.02 9300.48 9306.5 9310.76 9313.49 9313.48 9312.27 9310.84 9309.42 9309.22 9308.18 9306.63 9306.32 9304.9 9302.54 9300.41 9295.57 9291.72 9286.13 9277.2 9264.32 9255.41 9250.3 9252.32 9254.76 9257.01 9258.22 9260.03 9261.49 9263.49 9267.35 9269.67 9272.02 9274.36 9276.89 9278.91 9281.92 9284.04 9285.99 9287.89 9290.13
9450.13 9455.4 9461.64 9468.27 9472.88 9465.7 9454.18 9441.73 9428.07 9430.91 9435.38 9436.43 9431.09 9425.28 9415.26 9400.99 9384.14 9365.28 9345.4 9324.74 9303.85 9283.89 9265.88 9261.1 9267.87 9277.55 9287.83 9297.2 9304.65 9309.51 9311.08 9311.32 9310.97 9310.77 9310.11 9309.38 9309.34 9307.23 9306.77 9305.73 9303.45 9299.61 9293.19 9287.32 9278.72 9266.47 9259.52 9254.52 9251.74 9251.48 9252.57 9254.66 9256.71 9257.74 9259.41 9261.44 9265.08 9267.43 9269.8 9272.19 9274.73 9278.47 9282.04 9284.16 9286.19 9288.06 9290.66
9454.03 9462.31 9471.51 9482.56 9494.59 9488.8 9479.57 9472.27 9464.37 9463.2 9463.71 9463.68 9463.36 9448.03 9431.84 9413.88 9394.66 9374.38 9353.56 9332.04 9311.86 9293.57 9278.07 9272.01 9274.75 9280.65 9288.25 9296.21 9304.54 9309.51 9308.32 9307.97 9308.64 9309.23 9309.27 9310.39 9309.72 9308.55 9307.27 9306.7 9303.37 9299.74 9291.9 9283.73 9272.7 9259.13 9256.19 9254.39 9253.58 9252.48 9252.38 9253.51 9254.94 9256.92 9259.79 9262.5 9265.09 9267.85 9270.41 9272.93 9275.59 9279.4 9282.17 9284.31 9286.31 9288.26 9290.04
9458.16 9466.64 9475.4 9485.03 9495.74 9498.23 9498.6 9501.33 9505.85 9495.92 9491.6 9488.12 9482.2 9467.03 9447.6 9427.11 9405.75 9384.04 9362.48 9341.34 9321.86 9305.32 9294.15 9285.5 9283.1 9284.99 9289.43 9294.43 9298.78 9300.87 9303.19 9305.2 9306.77 9307.85 9308.7 9309.84 9309.72 9309.16 9307.74 9306.5 9303.63 9300.48 9292.64 9284.4 9271.28 9261.78 9258.83 9256.5 9253.44 9252.07 9253.32 9253.02 9254.5 9257.86 9260.68 9264.46 9267.56 9270.27 9273.1 9275.81 9278.66 9280.25 9282.13 9284.3 9286.47 9288.44 9290.34
9460.84 9469.22 9476.64 9481.33 9486.33 9500.82 9510.38 9516.21 9519.63 9518.3 9514.61 9508.16 9498.65 9482.32 9461.94 9439.71 9416.65 9393.45 9371.06 9349.89 9330.77 9314.25 9301.98 9294.34 9290.14 9289.24 9290.86 9293.04 9294.64 9296.38 9298.78 9301.78 9304.32 9306.45 9307.7 9308.48 9308.8 9308.85 9308.41 9307.3 9305.05 9301.97 9296.23 9291.14 9285.52 9275.96 9268.52 9262.03 9256.11 9252.35 9251.61 9252.12 9254.41 9257.6 9261.7 9266.16 9269.53 9273.59 9276.62 9279.43 9281.87 9283 9285.19 9286.36 9288.43 9290.37 9292.42
9461.3 9470.04 9479.3 9488.25 9494.45 9508.65 9520.41 9525.74 9528.69 9534.78 9534.05 9526.61 9512.32 9496.95 9474.76 9450.31 9425.88 9401.73 9378.87 9357.43 9337.99 9321.43 9308.42 9300.98 9296.21 9293.39 9292.5 9292.64 9293.5 9294.82 9295.71 9298.73 9301.82 9305.22 9306.93 9308.21 9308.55 9308.18 9308.92 9308.05 9306.81 9304.49 9301.82 9299.07 9295.96 9289.93 9279.58 9269.13 9260.53 9253.79 9250.57 9251.82 9255.26 9259.36 9264.28 9269.41 9273.34 9276.29 9279.27 9281.94 9284.41 9286.6 9288.35 9288.63 9290.85 9292.84 9294.6
9459.9 9468.57 9479.41 9495.28 9509.88 9516.09 9529.78 9544.02 9549.27 9549.78 9550.77 9549.55 9535.97 9511.14 9484.33 9457.74 9432.45 9407.18 9383.9 9362.84 9343.71 9329.04 9318.45 9308.02 9301.88 9298 9295.95 9294.43 9292.49 9291.16 9293.33 9297.46 9301.26 9303.91 9306.95 9308.31 9308.23 9308.4 9307.96 9307.84 9307.87 9306.97 9305.81 9305.38 9305.66 9297.57 9285.21 9275.72 9266.94 9258.91 9254.45 9254.65 9258.4 9262.29 9266.77 9270.64 9274.09 9278.87 9281.65 9284.13 9286.25 9288.08 9289.56 9289.97 9291.82 9293.54 9295.33
9455.27 9462.67 9472.12 9481.72 9494.58 9509.56 9528.16 9553.76 9558.24 9553.55 9555.77 9563.96 9550.51 9517.51 9488 9460.31 9434.57 9410.47 9387.74 9366.53 9346.29 9330.33 9320.11 9311.93 9306.48 9302.89 9299.78 9297.47 9294.88 9293.14 9294.57 9298.36 9302.44 9304.77 9307.05 9308.18 9309.22 9309.3 9309.11 9308.43 9308.35 9307.93 9307.89 9307.79 9307.57 9300.89 9289.89 9281.24 9274.83 9269.8 9264.01 9260.87 9262.72 9266.65 9269.75 9273.1 9276.06 9280.54 9282.22 9284.37 9286.19 9288.13 9289.7 9291.68 9293.55 9295.36 9297.01
9447.42 9452.92 9461.07 9470.3 9479.72 9492.22 9506.94 9524.48 9534.13 9536.94 9540.74 9542.64 9532.48 9508.96 9483.25 9457.99 9433.56 9410.5 9388.99 9368.5 9348.27 9328.28 9317.94 9314.94 9311.64 9308.58 9305.75 9303.05 9300.44 9297.71 9298.3 9302.07 9305.36 9307.09 9308.68 9308.99 9309.42 9310.33 9309.85 9307.96 9308.17 9307.33 9307.51 9306.7 9305.51 9300.46 9291.97 9283.03 9279.58 9280.45 9270.2 9264.34 9267.47 9271.5 9273.83 9275.89 9278.07 9281.86 9283.43 9285.26 9287.19 9289.03 9289.69 9291.69 9293.6 9295.58 9297.87
9436.48 9439.45 9446.11 9457.57 9462.02 9467.22 9474.02 9479.22 9495.43 9507.36 9513.52 9513.92 9506.95 9491.38 9471.85 9450.06 9429.14 9408.41 9389.12 9370.89 9353.88 9337.71 9327 9322.06 9318.08 9314.89 9312.41 9310.49 9309.3 9306 9305.95 9309.49 9311.3 9311.91 9311.55 9311.23 9310.43 9309.74 9309.06 9307.96 9306.64 9305.45 9304.37 9302.99 9300.53 9295 9283.22 9277.78 9276.78 9278.01 9272.37 9269.18 9273.81 9277.62 9280 9282.14 9282.72 9285.55 9285.59 9287.03 9288.71 9289.56 9291.59 9292.52 9294.48 9296.71 9298.62
9424.08 9422.93 9422.68 9425.27 9431.78 9438.55 9443.4 9447.61 9462.8 9476.55 9484.33 9484.97 9481.52 9470.97 9456.23 9438.98 9421.61 9403.62 9387.78 9373.26 9360.64 9350.23 9339.79 9331.03 9325.39 9321.94 9319.98 9319.83 9320.09 9319.85 9320.04 9320.28 9318.89 9316.97 9314.39 9312.12 9310.2 9309.18 9307.39 9306.51 9304.32 9302.19 9300.38 9297.33 9292.61 9282.73 9270.82 9268.84 9269.28 9271.07 9273.67 9278.46 9282.81 9284.76 9285.14 9285.78 9285.34 9286.84 9289.08 9290.35 9291.18 9292.69 9292.71 9295.29 9297.83 9299.52 9301.56
9412.46 9407.25 9399.72 9393.26 9402.94 9412.52 9419.55 9426.27 9437.33 9449.03 9457.9 9460.79 9458.25 9450.34 9438.73 9425.55 9411.56 9397.64 9384.57 9373.35 9364.75 9358.15 9347.51 9338.06 9331.71 9329.29 9329.32 9329.51 9331.44 9334.81 9336.38 9331.86 9326.49 9321.58 9317.59 9313.66 9310.5 9307.64 9306.33 9303.13 9300.58 9298.22 9295.54 9292.51 9287.13 9277.93 9268.1 9262.31 9261.46 9263.15 9272.89 9288.7 9292.61 9292.37 9290.55 9289.93 9290.23 9290.56 9290.66 9291.63 9292.88 9294.21 9295.81 9296.37 9298.06 9299.78 9301.75
9403.89 9397.03 9386.85 9378.78 9385.15 9391.98 9399.26 9407.7 9413.2 9422.56 9432.82 9440.4 9435.7 9429.31 9420.84 9411.13 9400.54 9389.89 9379.11 9369.7 9362.85 9358.15 9349.06 9341.41 9336.43 9335.61 9334.36 9335.69 9339.98 9344.7 9347.51 9340.24 9331.91 9324.99 9319.24 9314.42 9309.45 9306.71 9303.19 9299.67 9297.54 9294.65 9290.85 9288.23 9284.29 9281.25 9265.36 9255.91 9255.55 9258.74 9271.66 9295.1 9300.02 9297.49 9295.33 9293.57 9292.21 9292.3 9292.95 9294.1 9295.57 9295.5 9297.08 9298.84 9300.86 9302.68 9304.48
9399.29 9393.89 9385.23 9377.4 9376.54 9376.06 9374.94 9378.03 9386.8 9394.74 9402.76 9410.19 9409.89 9407.38 9403.07 9396.62 9388.98 9380.27 9371.32 9362.96 9354.87 9348.52 9344.39 9341.75 9338.8 9338.09 9337.85 9340.46 9342.86 9347.43 9349.84 9342.39 9333.67 9325.61 9319.27 9314.33 9309.69 9306.02 9302.1 9297.46 9294.53 9291.3 9288.64 9284.05 9279.03 9272.02 9255.46 9247.49 9252.98 9261.45 9275.58 9299.33 9302.7 9298.92 9296.38 9294.37 9293.18 9293.61 9294.26 9295.78 9297.27 9299.17 9301.21 9303.01 9305.7 9304.35 9306.19
9398.13 9396.21 9390.23 9381.91 9373.68 9365.02 9358.36 9357.51 9363.14 9368.52 9370.09 9374.34 9384.28 9386.56 9386.02 9382.63 9377.48 9370.78 9363.51 9355.63 9346.95 9340.4 9339.53 9339.91 9338.67 9338.64 9338.48 9340.94 9342.08 9344.18 9344.1 9337.9 9330.5 9323.33 9317.32 9312.01 9307.85 9303.99 9300.54 9295.27 9291.67 9287.55 9285.08 9279.67 9273.01 9264.68 9250.36 9244.46 9254.45 9269.05 9287.27 9297.13 9297.46 9294.52 9293.14 9292.57 9292.46 9293.61 9294.18 9296.2 9298.47 9300.55 9303.07 9305.55 9307.9 9310.04 9312.28
9397.67 9401.4 9402.36 9390.87 9373.42 9356.52 9343.54 9340.94 9344.81 9349.12 9352.7 9357.85 9365.73 9369.68 9371.37 9370.73 9368.05 9364.19 9357.81 9350.86 9343.78 9338.41 9337.81 9338.18 9337.74 9338 9337.38 9338.22 9337.43 9336.99 9334.65 9329.84 9323.81 9318.67 9313.4 9309.23 9305.19 9301.44 9298.09 9294.29 9290.12 9286.72 9281.43 9276.04 9268.61 9259.79 9249.35 9246.47 9258.5 9272.24 9287.75 9285.92 9284.96 9285.66 9286.87 9288.53 9290.92 9293.27 9293.91 9296.53 9299.27 9302.19 9304.88 9308.16 9311.01 9313.36 9315.51
9393.43 9400.9 9411.32 9396.81 9369.88 9347.72 9331.32 9327.68 9331.19 9335.82 9340.78 9346.65 9353.48 9357.69 9360.91 9362.66 9361.46 9357.98 9353.04 9346.68 9341.81 9338.05 9337.24 9337.43 9336.96 9337 9335.5 9334.08 9331.28 9328.53 9323.5 9318.8 9315.05 9312.14 9309.04 9305.89 9301.93 9298.78 9295.32 9291.74 9288.63 9285.11 9279.93 9274.16 9266.83 9258.87 9254.38 9259.32 9265.71 9270.43 9272.46 9271.9 9272.63 9275.95 9279.98 9283.2 9286.37 9290.74 9292.12 9295.42 9298.78 9302.74 9306.07 9309.14 9313.61 9317.33 9319.8
9382.88 9387.14 9390.72 9378.88 9358.02 9337.52 9321.72 9318.93 9322.08 9326.6 9331.37 9337.4 9343.32 9348.08 9352.18 9355.48 9355.98 9354.78 9350.54 9343.52 9335.04 9333.54 9336.5 9337.59 9336.94 9334.78 9332.02 9329.04 9324.74 9320.48 9313 9308.83 9307.23 9305.1 9303.65 9301 9299.04 9295.57 9292.96 9290.25 9288.46 9284.5 9279.55 9274.87 9268.86 9262.06 9260.45 9277.62 9274.76 9269.09 9262.67 9260.15 9261.87 9267.06 9273.44 9278.58 9284.25 9287.88 9292.06 9295.42 9299.08 9302.74 9306.31 9310.56 9313.95 9317.6 9320.62
