real_craters/C137-750m.grd
DSAA
119 119
-44.3975 44.3975
-44.3975 44.3975
8113.3590726052 9903.0566738075
[rows 0 to 37 of 119, columns 0 to 83 of 119]
8285 8287 8285 8294 8294 8300 8302 8305 8308 8313 8320 8326 8332 8339 8350 8365 8374 8374 8408 8552 8611 8617 8626 8664 8746 8876 9170 9262 9254 9270 9272 9269 9176 9212 9294 9343 9396 9401 9388 9338 9329 9320 9330 9350 9395 9430 9401 9363 9394 9436 9419 9384 9351 9343 9352 9357 9357 9351 9349 9350 9356 9354 9347 9326 9296 9286 9293 9309 9322 9331 9327 9310 9276 9289 9295 9301 9311 9318 9323 9326 9329 9339 9346 9338
8287 8290 8293 8295 8294 8301 8306 8309 8317 8326 8333 8336 8340 8348 8359 8371 8376 8375 8434 8529 8569 8597 8636 8686 8754 8926 9192 9272 9262 9262 9253 9240 9258 9273 9284 9339 9401 9467 9407 9342 9330 9326 9341 9398 9414 9411 9397 9388 9387 9423 9424 9405 9369 9362 9367 9367 9369 9377 9374 9370 9367 9365 9367 9360 9293 9286 9295 9301 9308 9310 9305 9309 9272 9275 9281 9289 9295 9303 9307 9309 9305 9293 9318 9342
8286 8292 8297 8297 8296 8301 8310 8320 8327 8333 8339 8343 8347 8356 8366 8374 8380 8385 8412 8482 8543 8566 8608 8659 8788 9039 9289 9296 9268 9257 9246 9249 9276 9281 9296 9340 9379 9457 9401 9342 9328 9328 9352 9404 9404 9372 9365 9368 9396 9434 9437 9438 9448 9415 9394 9383 9382 9388 9387 9379 9370 9362 9363 9358 9319 9301 9301 9303 9304 9301 9298 9307 9275 9267 9271 9278 9283 9291 9295 9298 9301 9309 9298 9322
8291 8294 8296 8297 8298 8303 8313 8324 8331 8337 8345 8349 8354 8357 8368 8376 8381 8386 8415 8467 8527 8550 8575 8675 8856 9089 9297 9288 9275 9251 9245 9256 9261 9280 9309 9345 9399 9446 9384 9345 9332 9331 9360 9381 9385 9375 9360 9367 9391 9407 9430 9465 9452 9438 9413 9393 9384 9384 9392 9387 9366 9343 9329 9326 9318 9316 9311 9307 9304 9301 9297 9290 9267 9258 9264 9271 9278 9283 9287 9291 9296 9304 9309 9321
8317 8299 8293 8299 8300 8303 8314 8322 8331 8339 8345 8352 8360 8361 8372 8379 8386 8395 8422 8472 8533 8564 8578 8671 8971 9204 9267 9257 9229 9229 9228 9223 9224 9239 9284 9338 9381 9388 9359 9347 9358 9391 9401 9402 9393 9369 9358 9365 9391 9421 9433 9440 9458 9443 9430 9407 9391 9384 9397 9390 9362 9323 9278 9274 9311 9326 9315 9309 9306 9302 9300 9288 9262 9258 9262 9266 9273 9278 9283 9289 9291 9295 9305 9318
8326 8300 8293 8298 8301 8313 8321 8326 8333 8340 8346 8351 8354 8364 8378 8385 8393 8402 8444 8500 8555 8605 8606 8793 9078 9246 9254 9243 9215 9213 9208 9212 9224 9265 9291 9332 9360 9361 9341 9338 9398 9434 9420 9398 9377 9360 9355 9367 9391 9430 9453 9435 9429 9444 9454 9459 9436 9419 9424 9409 9371 9322 9271 9266 9294 9309 9312 9311 9309 9304 9297 9282 9257 9251 9256 9260 9267 9274 9280 9286 9291 9295 9306 9317
8294 8294 8293 8296 8310 8321 8315 8328 8337 8343 8347 8352 8357 8364 8380 8389 8394 8405 8466 8562 8658 8693 8658 8886 9120 9252 9255 9246 9224 9206 9198 9208 9224 9235 9281 9330 9370 9354 9337 9367 9408 9423 9409 9387 9365 9360 9362 9372 9384 9400 9417 9435 9430 9449 9471 9495 9500 9497 9487 9448 9395 9341 9300 9284 9292 9300 9306 9309 9311 9307 9297 9271 9258 9252 9254 9262 9269 9276 9282 9287 9292 9297 9303 9310
8283 8289 8293 8297 8306 8314 8324 8331 8338 8346 8354 8356 8359 8367 8385 8388 8391 8406 8479 8574 8709 8721 8707 8884 9107 9189 9237 9211 9206 9200 9196 9193 9207 9225 9264 9316 9379 9371 9345 9391 9377 9380 9387 9379 9370 9367 9372 9372 9375 9383 9390 9411 9440 9453 9474 9510 9531 9544 9533 9481 9417 9360 9320 9299 9294 9292 9300 9306 9308 9307 9305 9302 9277 9255 9255 9267 9277 9283 9288 9293 9296 9300 9301 9305
8282 8286 8293 8299 8305 8310 8325 8336 8345 8350 8352 8356 8361 8373 8390 8386 8378 8410 8488 8568 8660 8741 8757 8874 9123 9157 9216 9186 9186 9190 9193 9210 9218 9227 9262 9288 9303 9338 9334 9360 9358 9369 9369 9369 9368 9365 9366 9370 9375 9381 9383 9406 9437 9443 9455 9479 9513 9535 9538 9483 9421 9368 9320 9312 9305 9298 9305 9309 9309 9308 9307 9305 9286 9280 9266 9275 9280 9286 9289 9294 9300 9305 9308 9308
8284 8290 8295 8300 8306 8312 8328 8339 8348 8353 8357 8361 8366 8377 8394 8382 8372 8438 8521 8570 8614 8683 8780 8918 9115 9170 9199 9193 9183 9180 9186 9207 9229 9238 9267 9285 9283 9320 9322 9336 9345 9349 9354 9361 9369 9368 9365 9368 9371 9384 9380 9396 9417 9419 9411 9414 9431 9460 9470 9446 9408 9374 9349 9329 9325 9329 9325 9316 9309 9305 9298 9288 9265 9267 9288 9289 9288 9291 9295 9300 9301 9308 9318 9316
8287 8291 8296 8301 8305 8312 8327 8341 8350 8356 8360 8364 8370 8380 8398 8380 8377 8520 8580 8625 8659 8698 8758 8940 9177 9184 9212 9199 9182 9163 9156 9179 9201 9219 9273 9316 9335 9328 9316 9330 9347 9334 9342 9351 9361 9375 9374 9367 9373 9378 9372 9382 9398 9401 9390 9376 9371 9392 9407 9401 9383 9362 9346 9339 9339 9348 9337 9319 9307 9297 9289 9278 9246 9263 9304 9296 9293 9297 9301 9307 9308 9311 9311 9316
8291 8295 8299 8303 8307 8315 8329 8342 8354 8360 8365 8369 8375 8388 8404 8382 8368 8517 8641 8715 8770 8806 8774 8894 9054 9124 9206 9218 9177 9148 9137 9151 9205 9250 9288 9345 9384 9336 9313 9320 9321 9324 9332 9342 9352 9374 9376 9366 9372 9370 9368 9375 9384 9391 9407 9373 9332 9341 9355 9366 9363 9348 9337 9338 9337 9332 9321 9310 9301 9292 9283 9266 9250 9272 9276 9283 9290 9296 9306 9313 9320 9322 9315 9313
8296 8300 8304 8307 8311 8318 8331 8345 8354 8363 8369 8373 8381 8395 8412 8392 8380 8577 8714 8775 8852 8874 8817 8835 8908 9054 9185 9188 9164 9141 9159 9167 9234 9265 9279 9321 9348 9330 9320 9324 9312 9320 9331 9336 9341 9355 9367 9364 9365 9371 9374 9374 9373 9368 9361 9341 9313 9321 9332 9346 9353 9348 9339 9336 9326 9314 9301 9296 9292 9287 9283 9276 9284 9268 9249 9270 9283 9296 9305 9316 9325 9335 9343 9345
8301 8305 8309 8313 8317 8323 8334 8348 8360 8368 8373 8379 8389 8401 8420 8404 8416 8721 8771 8783 8820 8901 8874 8852 8868 8998 9172 9165 9153 9152 9160 9198 9256 9259 9261 9271 9297 9317 9330 9358 9370 9346 9337 9336 9338 9345 9360 9361 9360 9371 9378 9376 9366 9346 9314 9314 9312 9311 9319 9334 9351 9373 9362 9337 9318 9301 9290 9283 9284 9285 9285 9288 9291 9280 9273 9272 9281 9291 9302 9314 9329 9345 9367 9389
8304 8308 8314 8320 8326 8332 8342 8355 8365 8372 8377 8383 8394 8406 8420 8408 8413 8631 8728 8741 8743 8879 8919 8889 8871 8970 9108 9138 9142 9162 9195 9200 9184 9195 9199 9231 9274 9311 9332 9376 9372 9354 9342 9337 9338 9342 9352 9358 9362 9371 9380 9381 9362 9338 9318 9300 9294 9294 9305 9320 9335 9351 9345 9327 9309 9291 9274 9274 9274 9281 9282 9284 9284 9294 9295 9280 9283 9289 9300 9312 9325 9338 9355 9372
8306 8312 8319 8326 8333 8339 8345 8359 8369 8378 8383 8391 8401 8408 8411 8402 8419 8586 8704 8734 8762 8873 8925 8910 8886 8968 9085 9105 9118 9134 9160 9178 9152 9165 9185 9211 9265 9311 9342 9372 9349 9344 9339 9336 9336 9341 9349 9369 9372 9374 9382 9382 9355 9329 9310 9292 9287 9290 9298 9305 9314 9318 9318 9311 9300 9285 9272 9274 9277 9281 9281 9283 9290 9296 9303 9289 9287 9295 9306 9316 9324 9334 9343 9366
8312 8317 8324 8332 8339 8344 8353 8363 8373 8380 8389 8397 8407 8410 8405 8400 8440 8618 8719 8731 8787 8890 8902 8900 8904 8980 9073 9082 9078 9084 9092 9135 9145 9171 9200 9281 9304 9329 9359 9375 9342 9340 9338 9335 9330 9332 9347 9368 9378 9383 9383 9373 9344 9315 9298 9291 9293 9300 9300 9299 9295 9286 9297 9299 9294 9285 9278 9280 9282 9282 9281 9275 9273 9287 9287 9276 9286 9295 9304 9309 9317 9324 9331 9354
8315 8322 8330 8339 8347 8356 8361 8368 8377 8385 8393 8403 8412 8416 8416 8410 8438 8530 8607 8680 8772 8777 8872 8856 8907 8962 9021 9037 9049 9069 9103 9121 9157 9190 9241 9260 9312 9332 9346 9383 9350 9346 9342 9337 9328 9324 9342 9351 9362 9364 9370 9358 9330 9301 9290 9303 9310 9318 9311 9304 9295 9280 9294 9299 9298 9296 9292 9295 9293 9288 9283 9275 9264 9269 9263 9275 9287 9295 9300 9304 9315 9326 9337 9381
8320 8329 8338 8347 8354 8362 8366 8376 8385 8393 8400 8409 8419 8422 8424 8424 8436 8461 8502 8608 8665 8735 8838 8857 8911 8940 9014 9034 9047 9061 9081 9124 9166 9201 9232 9273 9311 9335 9341 9355 9367 9357 9349 9343 9338 9343 9348 9345 9350 9354 9369 9346 9320 9295 9298 9323 9322 9321 9322 9319 9322 9321 9311 9309 9310 9315 9329 9327 9308 9297 9289 9284 9279 9268 9270 9286 9293 9295 9297 9301 9310 9322 9336 9353
8332 8338 8347 8355 8363 8368 8373 8385 8394 8403 8409 8419 8427 8422 8421 8428 8453 8515 8582 8675 8702 8764 8863 8929 9003 9021 9046 9053 9068 9111 9108 9136 9177 9207 9238 9261 9290 9329 9342 9351 9367 9363 9356 9350 9343 9333 9326 9343 9353 9355 9333 9327 9313 9304 9309 9334 9339 9340 9335 9333 9336 9334 9326 9320 9318 9321 9334 9326 9309 9302 9295 9292 9293 9281 9291 9308 9301 9300 9301 9305 9308 9317 9332 9339
8338 8348 8357 8367 8375 8381 8383 8393 8403 8410 8418 8429 8438 8420 8409 8416 8479 8653 8828 8887 8917 8927 8971 9045 9097 9122 9123 9121 9124 9127 9141 9164 9184 9203 9223 9241 9263 9305 9339 9359 9366 9369 9366 9360 9353 9335 9316 9323 9332 9322 9314 9316 9309 9302 9303 9311 9342 9350 9347 9343 9345 9342 9337 9330 9324 9316 9304 9293 9299 9303 9301 9299 9295 9280 9288 9302 9297 9297 9299 9300 9301 9297 9292 9315
8347 8358 8371 8383 8391 8397 8399 8406 8414 8421 8431 8441 8445 8420 8412 8416 8546 8790 9000 9036 9022 9025 9050 9100 9141 9139 9158 9167 9159 9152 9149 9156 9179 9198 9217 9242 9267 9290 9337 9367 9379 9382 9378 9369 9359 9354 9349 9337 9331 9319 9327 9326 9320 9309 9316 9327 9345 9354 9354 9352 9350 9349 9347 9343 9335 9323 9304 9285 9305 9312 9312 9307 9299 9294 9289 9267 9282 9290 9297 9301 9299 9287 9280 9314
8357 8370 8383 8397 8410 8416 8415 8416 8423 8431 8439 8431 8403 8447 8504 8580 8767 8922 9016 9076 9053 9077 9066 9096 9159 9176 9212 9204 9190 9167 9143 9173 9185 9197 9204 9232 9279 9319 9346 9376 9405 9407 9395 9379 9368 9369 9372 9359 9352 9364 9350 9357 9351 9342 9346 9349 9339 9355 9362 9361 9355 9359 9362 9359 9354 9344 9338 9345 9338 9334 9327 9318 9306 9297 9285 9277 9279 9287 9297 9306 9303 9306 9314 9350
8366 8380 8395 8411 8428 8446 8447 8431 8431 8429 8426 8425 8422 8547 8703 8877 9079 9056 9047 9071 9085 9093 9113 9151 9220 9313 9276 9226 9191 9164 9164 9181 9192 9206 9233 9291 9350 9365 9369 9413 9449 9436 9412 9388 9372 9378 9385 9380 9388 9420 9426 9406 9393 9376 9365 9362 9358 9369 9379 9382 9377 9379 9381 9378 9375 9371 9374 9384 9369 9355 9343 9330 9314 9295 9280 9274 9281 9290 9300 9314 9328 9338 9349 9368
8376 8390 8405 8422 8440 8463 8481 8433 8430 8425 8425 8436 8554 8725 8932 9080 9150 9138 9124 9114 9101 9081 9098 9120 9239 9303 9286 9245 9209 9187 9181 9187 9203 9218 9247 9310 9363 9385 9393 9442 9487 9460 9425 9393 9374 9382 9390 9387 9391 9403 9435 9435 9431 9421 9385 9379 9398 9389 9398 9412 9416 9410 9400 9395 9393 9392 9394 9397 9386 9377 9364 9350 9331 9303 9282 9278 9278 9290 9306 9323 9343 9365 9376 9366
8386 8399 8413 8428 8442 8452 8446 8437 8434 8420 8431 8480 8642 8848 9062 9165 9142 9164 9179 9142 9132 9122 9134 9169 9265 9296 9293 9272 9244 9244 9219 9213 9235 9247 9253 9325 9387 9405 9424 9455 9497 9470 9433 9397 9375 9386 9395 9393 9396 9395 9412 9435 9446 9437 9416 9392 9382 9395 9407 9425 9451 9425 9412 9410 9407 9408 9410 9408 9406 9400 9388 9375 9363 9356 9326 9297 9280 9290 9305 9324 9348 9371 9376 9375
8396 8412 8429 8438 8442 8442 8432 8435 8442 8440 8439 8514 8660 8837 9066 9157 9161 9188 9196 9182 9186 9184 9210 9217 9277 9327 9314 9306 9317 9315 9292 9286 9298 9316 9344 9382 9419 9419 9410 9443 9481 9467 9439 9409 9393 9395 9397 9401 9406 9406 9419 9440 9452 9442 9417 9405 9401 9402 9406 9405 9407 9416 9418 9417 9421 9426 9433 9442 9440 9425 9409 9397 9385 9374 9363 9302 9285 9284 9293 9316 9340 9365 9363 9346
8409 8431 8451 8465 8470 8463 8448 8449 8481 8484 8491 8587 8692 8807 9021 9122 9177 9185 9181 9183 9184 9185 9185 9216 9278 9317 9314 9317 9320 9305 9338 9358 9364 9380 9400 9408 9407 9403 9391 9413 9447 9461 9447 9423 9413 9414 9410 9408 9417 9416 9431 9448 9452 9443 9421 9431 9424 9411 9406 9397 9398 9409 9414 9417 9428 9435 9446 9460 9456 9439 9426 9414 9402 9387 9351 9297 9280 9268 9280 9300 9325 9357 9343 9319
8428 8456 8485 8502 8514 8509 8485 8482 8512 8527 8654 8762 8845 8964 8961 9063 9119 9156 9160 9141 9151 9190 9218 9222 9239 9274 9288 9295 9299 9296 9391 9412 9403 9409 9412 9395 9380 9396 9392 9419 9467 9474 9469 9452 9448 9445 9431 9410 9417 9419 9440 9455 9455 9444 9437 9422 9418 9411 9409 9413 9411 9409 9412 9421 9426 9434 9443 9450 9447 9438 9424 9418 9407 9399 9392 9323 9243 9246 9259 9279 9303 9310 9310 9295
8456 8493 8553 8587 8609 8614 8582 8597 8678 8808 8939 8928 8940 8936 8969 9064 9146 9191 9197 9183 9181 9229 9270 9264 9260 9256 9272 9273 9321 9327 9366 9404 9415 9419 9422 9412 9401 9398 9390 9433 9483 9493 9487 9497 9486 9493 9484 9471 9434 9436 9464 9478 9475 9430 9400 9396 9396 9401 9404 9408 9409 9409 9411 9416 9421 9427 9434 9443 9445 9431 9417 9410 9404 9399 9390 9344 9275 9242 9242 9250 9267 9306 9284 9277
8503 8568 8622 8674 8717 8764 8833 8877 8932 8947 8976 9035 9028 9052 9073 9094 9143 9167 9158 9210 9243 9241 9250 9287 9259 9275 9290 9311 9318 9356 9354 9391 9420 9428 9444 9460 9415 9394 9402 9457 9515 9506 9476 9456 9466 9488 9498 9510 9500 9530 9491 9450 9444 9414 9388 9381 9387 9392 9394 9391 9400 9404 9409 9409 9412 9415 9419 9423 9421 9412 9403 9395 9393 9388 9381 9326 9269 9247 9233 9229 9221 9210 9251 9280
8549 8624 8699 8769 8841 8911 8973 9010 9044 9090 9118 9104 9090 9057 9074 9115 9125 9101 9111 9170 9248 9246 9250 9289 9277 9291 9312 9337 9337 9351 9371 9405 9436 9476 9471 9455 9415 9399 9430 9462 9516 9482 9439 9427 9417 9422 9448 9486 9515 9508 9488 9487 9435 9414 9399 9389 9386 9388 9391 9398 9398 9400 9401 9400 9401 9402 9401 9399 9395 9388 9383 9380 9374 9366 9347 9326 9276 9230 9228 9226 9215 9211 9244 9273
8612 8709 8801 8888 8970 9047 9135 9184 9147 9152 9160 9177 9172 9134 9145 9165 9171 9162 9166 9258 9257 9258 9271 9289 9293 9311 9332 9355 9375 9393 9436 9439 9434 9446 9425 9406 9358 9377 9408 9416 9407 9399 9378 9356 9373 9388 9424 9453 9461 9423 9445 9452 9425 9421 9407 9399 9388 9386 9387 9393 9394 9396 9397 9395 9395 9392 9387 9381 9374 9369 9365 9361 9358 9348 9334 9325 9257 9240 9239 9240 9244 9250 9257 9273
8701 8813 8915 9013 9104 9181 9239 9261 9240 9226 9264 9338 9285 9246 9246 9238 9244 9254 9268 9301 9270 9283 9295 9297 9322 9332 9358 9383 9531 9611 9568 9468 9394 9341 9332 9313 9307 9311 9333 9361 9367 9360 9341 9330 9354 9394 9409 9411 9401 9411 9424 9434 9433 9420 9401 9388 9384 9382 9385 9385 9392 9397 9399 9392 9390 9386 9378 9368 9356 9352 9353 9350 9345 9337 9326 9326 9280 9263 9256 9258 9268 9267 9262 9269
8820 8936 9039 9133 9218 9293 9344 9316 9287 9292 9357 9392 9391 9311 9315 9305 9292 9282 9319 9305 9290 9319 9291 9288 9311 9348 9389 9440 9572 9603 9548 9442 9352 9292 9293 9306 9295 9291 9308 9329 9343 9346 9337 9333 9342 9353 9356 9355 9377 9394 9412 9430 9436 9413 9397 9387 9388 9389 9391 9392 9399 9404 9405 9395 9392 9386 9377 9367 9359 9354 9350 9344 9338 9330 9320 9311 9278 9268 9268 9271 9277 9274 9259 9254
8966 9065 9151 9231 9316 9400 9474 9546 9405 9416 9489 9568 9513 9494 9401 9360 9340 9344 9396 9402 9321 9303 9296 9297 9323 9381 9413 9472 9495 9469 9436 9382 9318 9283 9292 9295 9288 9287 9302 9315 9327 9333 9340 9339 9336 9341 9354 9353 9372 9377 9396 9422 9430 9420 9408 9403 9405 9405 9404 9408 9412 9414 9412 9403 9398 9390 9382 9374 9372 9364 9355 9348 9340 9329 9319 9302 9288 9275 9275 9279 9281 9280 9279 9282
9133 9200 9255 9317 9386 9469 9548 9601 9547 9547 9543 9511 9473 9436 9405 9387 9376 9374 9394 9405 9337 9333 9316 9327 9381 9476 9528 9565 9422 9385 9367 9335 9295 9279 9306 9335 9298 9285 9297 9308 9319 9334 9338 9339 9335 9342 9362 9354 9358 9368 9384 9402 9407 9412 9420 9425 9429 9427 9422 9424 9430 9432 9420 9415 9408 9400 9391 9383 9382 9372 9364 9355 9347 9337 9326 9313 9299 9282 9285 9290 9291 9291 9289 9296
9308 9314 9335 9379 9423 9489 9564 9644 9672 9649 9556 9451 9413 9416 9420 9406 9398 9398 9381 9405 9438 9385 9376 9453 9512 9577 9617 9607 9372 9365 9336 9307 9284 9276 9285 9306 9286 9283 9298 9307 9311 9310 9337 9341 9337 9340 9351 9374 9374 9372 9387 9395 9402 9431 9447 9462 9470 9469 9458 9460 9463 9458 9449 9435 9425 9414 9404 9395 9394 9389 9374 9364 9355 9349 9341 9331 9303 9290 9302 9305 9300 9308 9311 9314
