real_craters/C137-500m.grd
DSAA
179 179
-44.3975 44.3975
-44.3975 44.3975
8111.9798691723 9889.9023738292
[rows 0 to 29 of 179, columns 0 to 66 of 179]
8284.65 8286.89 8287.58 8285.16 8292.14 8294.61 8294.25 8298.39 8300.89 8302.38 8304.11 8305.65 8307.34 8310.68 8315.51 8319.96 8323.51 8327.75 8331.92 8336.38 8341.39 8349.58 8357.83 8369.22 8373.78 8372.74 8376.82 8401.8 8479.03 8582.83 8610.82 8615.35 8618.22 8624.06 8642.02 8676.18 8731.79 8803.11 8919.08 9124.96 9252.64 9260.69 9254.54 9262.26 9271.69 9273.01 9270.09 9269.32 9235.06 9150.73 9229.1 9283.14 9314.99 9350.45 9386.89 9410.56 9393.85 9393.38 9365.5 9336.14 9331.04 9324.8 9320.08 9325.45 9338.28 9353.35 9384.23
8285.7 8287.41 8289.44 8290.85 8294.61 8295.41 8294.24 8297.7 8301.55 8304.34 8306.61 8309.28 8314 8319.57 8326.22 8330.04 8331.43 8333.92 8336.82 8340.23 8349.23 8352.86 8362.65 8371.88 8375.04 8371.8 8375.59 8421.13 8511.7 8561.81 8586.93 8596.48 8611.41 8634.72 8665.8 8695.7 8740.11 8809.47 8928.42 9119.9 9235.53 9266.72 9260.03 9258.24 9262.81 9259.01 9248.61 9241.36 9266.75 9295.09 9278.82 9278.53 9310.16 9348.63 9387.87 9427.98 9458.23 9416.13 9368.02 9340.65 9333.03 9325.79 9321.84 9329.05 9350.91 9371.7 9401.32
8288.11 8289.41 8292.49 8295.85 8296.44 8296.1 8294.86 8298.89 8303.58 8306.87 8309.81 8313.39 8320.09 8325.75 8330.79 8334.28 8337.07 8339.42 8342.61 8347.84 8354.38 8359.91 8367.22 8374.33 8377.71 8376.37 8383.11 8414.79 8465.55 8527.55 8556.33 8573.65 8595.76 8625.07 8659.33 8664.8 8734.89 8855.37 9036.88 9221.65 9277.6 9279.75 9267.93 9264.57 9260.25 9252.73 9242.86 9239.4 9246.68 9259.29 9268.13 9272.65 9307.85 9345.75 9381.86 9422.69 9472.71 9427 9370.32 9340.33 9331.17 9327.92 9327.69 9336.99 9373.01 9427.17 9420.43
8285.85 8289.87 8293.52 8297.45 8297.43 8296.83 8296.21 8298.94 8304.34 8309.77 8315.84 8323.48 8326.54 8330.6 8334.74 8338.39 8341.53 8344.11 8346.88 8351.33 8358.36 8364.93 8370.05 8375.81 8379.5 8380.62 8389.51 8408.78 8434.13 8501.65 8539.64 8555.84 8571.38 8599.58 8647.78 8661.11 8758.85 8908.95 9105.15 9270.99 9305.01 9290.06 9271.67 9265.12 9255.15 9247.33 9242.26 9255.27 9274.58 9272.94 9281.59 9289.72 9314.61 9345.49 9372.11 9400.6 9456.96 9418.51 9366.1 9340.39 9330.15 9327.13 9327.69 9341.15 9375.19 9407.6 9408.95
8288.84 8291.78 8293.69 8295.09 8297.25 8298.45 8296.94 8299.45 8305.27 8311.79 8319.47 8327.45 8330.52 8333.96 8338.12 8342.06 8345.83 8348.81 8351 8350.32 8358.89 8367.11 8371.59 8376.27 8379.61 8382.14 8390.32 8413.84 8455.46 8492.12 8525.79 8543.39 8553.52 8565.38 8649.11 8700.72 8804.06 8952.83 9126.1 9287.06 9306.6 9287.4 9280.72 9264.39 9252.19 9246.71 9247.2 9263.82 9279.7 9293.62 9300.19 9314.87 9321.1 9349.64 9379.05 9402.97 9430.97 9403.97 9360.01 9336.79 9330.32 9325.9 9327.26 9344.39 9370.74 9385.33 9388.33
8295.78 8296.66 8294.74 8294.88 8296.43 8297.14 8298.16 8300.47 8306.4 8312.8 8319.49 8325.47 8330.53 8335.36 8340.59 8346.89 8348.86 8352.27 8355.94 8357.57 8360.6 8368.47 8373.48 8377.83 8381.28 8384.69 8390.35 8409.44 8429.36 8476.78 8525.48 8543.32 8556.18 8570.74 8597.05 8691.27 8849.55 9004.44 9173.77 9281.11 9290.96 9272.36 9258.14 9250.32 9243.03 9240.77 9245.12 9244.37 9243.46 9248.04 9263.48 9287.5 9319.07 9350.57 9387.78 9437.04 9433.07 9389.68 9353.56 9347.26 9339.42 9332.8 9343.29 9363.04 9379.95 9385.27 9385.96
8316.12 8304.09 8295.07 8293.28 8296.51 8300.51 8299.62 8300.87 8305.88 8313.76 8319.64 8323.88 8330.1 8336.13 8340.98 8344.82 8349.48 8353.94 8359.55 8362.2 8362.63 8371.46 8376.51 8380.96 8385.38 8389.72 8399.85 8418.12 8441.48 8487.84 8527.98 8550.87 8569.27 8580.08 8599.96 8719.01 8925.32 9127.58 9221.2 9263.11 9269.25 9251.05 9229.5 9229.79 9229.01 9228.12 9226.03 9221.35 9222.7 9227.5 9243.78 9274.56 9309.53 9344.92 9373.95 9392.26 9388.09 9367.35 9346.08 9347.91 9354.58 9363.86 9394.38 9401.22 9399.59 9402.69 9401.66
8327.61 8307.34 8295.06 8292.94 8296.44 8301.26 8300.38 8300.47 8309.96 8317.95 8321.88 8326.59 8331.7 8336.84 8341.35 8345.63 8349.39 8352.84 8356.07 8358.49 8366.44 8375.05 8380.31 8385.04 8389.24 8393.88 8405.76 8432.59 8472.48 8509.88 8547.02 8571.67 8588.13 8585.99 8638.16 8815.95 9007.88 9189.1 9244.43 9253.86 9255.45 9239.44 9219.73 9217.74 9216.75 9215 9214.21 9223.3 9220.78 9232.35 9255.5 9280.65 9310.49 9339.39 9360.31 9368.06 9365.4 9351.06 9337.7 9344.32 9373.51 9401.94 9424.41 9421.91 9410.02 9399.97 9386.68
8313.52 8303.68 8295.93 8293.7 8295.58 8298.6 8303.51 8309.37 8332.41 8320.46 8323.29 8328.79 8334.33 8338.68 8342.32 8345.83 8349.1 8351.9 8353.61 8360.33 8367.25 8377.89 8383.58 8388.63 8395.2 8398.98 8411.57 8443.19 8478.43 8520.65 8566.05 8603.62 8637.67 8628.92 8694.28 8875.36 9060.81 9209.81 9259.92 9255.45 9252.62 9242.19 9218.21 9213.26 9208.81 9204.78 9203.17 9206.38 9222.8 9248.96 9278.42 9286.7 9310.05 9336.91 9356.34 9364.78 9357.94 9342.94 9334.01 9344.15 9391.35 9434.92 9434.8 9423.92 9408.52 9391.86 9374.61
8295.26 8295.57 8292.73 8293.25 8294.92 8298.32 8309.05 8328.92 8304.14 8313.75 8323.86 8330.83 8336.23 8340.32 8344 8346.39 8349.73 8353.17 8356.18 8359.56 8368.26 8379.16 8385.88 8390.31 8393.75 8396.28 8415.26 8457.42 8512.58 8579.9 8641.83 8707.6 8679.02 8654.8 8759.61 8930.17 9088.35 9215.59 9261.57 9257.75 9250.33 9244.22 9228.73 9213.02 9204.55 9199.3 9198.53 9211.48 9221.08 9233.59 9239.86 9272.33 9304.06 9336.61 9365.04 9363.38 9351.22 9339.21 9346.26 9368.74 9398.18 9423.04 9423.19 9413.75 9400.59 9385.08 9367.78
8285.27 8288.98 8290.73 8292.5 8294.8 8297.99 8306.89 8320.35 8325.34 8323.59 8326.68 8331.88 8336.5 8342.34 8346.69 8350.64 8354.05 8355.38 8357.84 8360.35 8370.36 8382.87 8387.54 8390.18 8391.96 8395.16 8416.89 8468.2 8533.69 8610.96 8694.32 8739.33 8696.2 8689.61 8798.46 8945.68 9087.55 9189.02 9236.21 9239.39 9238.6 9234.53 9219.6 9207.96 9201.78 9198.67 9198.01 9201.4 9209.94 9218.85 9229.49 9259.42 9295.19 9332.95 9378.5 9419.78 9355.1 9341.83 9366.22 9390.49 9390.55 9396.4 9402.6 9397.39 9390.21 9380.92 9373.7
8282.36 8286.23 8289.79 8292.44 8295.74 8299.99 8305.77 8308.26 8315.17 8323.15 8329.36 8335.17 8341.85 8345.19 8348.95 8352.74 8354.85 8356.52 8359.17 8362.54 8372.29 8385.87 8388.18 8387.33 8388.66 8392.97 8421 8472.99 8530.33 8592.73 8685.78 8742.4 8719.81 8707.73 8765.62 8923.23 9078.37 9158.87 9172.71 9227.76 9220.07 9195.76 9197.69 9197.97 9197.64 9200.41 9196.4 9195.68 9205.86 9211.7 9220.09 9252.07 9282.94 9313.26 9339.89 9356.1 9363.75 9347.07 9374.26 9383.67 9371.95 9368.97 9377.05 9381.27 9379.45 9375.81 9372.15
8282.16 8284.98 8288.44 8292.63 8296.54 8301.21 8304.9 8307.55 8314.2 8324.22 8331.9 8338.55 8344.5 8348.19 8350.84 8352.14 8353.2 8357.32 8360.77 8366.09 8376.75 8388.47 8389.01 8384.1 8381.1 8386.57 8428.46 8479.31 8531.49 8591.98 8651.77 8714.27 8749.84 8752.93 8769.28 8926.28 9092.83 9157.5 9164.25 9212.25 9204.07 9184.04 9185.56 9188.54 9191.04 9193.7 9201.38 9211.21 9218.24 9216.51 9230 9255.31 9275.93 9291.87 9301.17 9317.93 9342.13 9337.78 9352.02 9362.3 9359.21 9362.51 9369.98 9369.56 9370.23 9369.7 9369.13
8283.1 8286.81 8290.29 8293.72 8297.65 8301.93 8306.66 8308.46 8316.04 8327.47 8334.47 8341.18 8347.39 8350.67 8353.01 8355.04 8357.78 8359.89 8363.41 8371.31 8380.35 8391.67 8389.26 8379.33 8375.14 8395.07 8443.37 8496.88 8538.96 8574.39 8616.33 8655.86 8741.07 8812.73 8822.7 8949.77 9092.97 9154.9 9168.06 9193.32 9193.42 9184.77 9182.89 9182.87 9184.32 9188.12 9187.86 9216.43 9232.65 9221.97 9250.27 9265.2 9275.12 9282.37 9281.19 9297.46 9328.96 9326.91 9330.42 9343.58 9348.24 9349.17 9354.11 9358.62 9361.2 9364.22 9366.42
8284.65 8287.93 8291.56 8294.88 8298.5 8302.13 8305.27 8308.98 8316.31 8327.99 8335.86 8342.48 8348.06 8352.37 8355.35 8357.59 8360.05 8362.7 8366.14 8371.36 8382.81 8394.03 8390.38 8376.76 8371.34 8400.11 8479.1 8529.87 8562.2 8586.24 8611.61 8636.94 8694.61 8751.5 8823.97 8973.75 9110.71 9163.77 9181.09 9201.03 9204.86 9196.32 9184.73 9178.32 9175.66 9178.97 9181.58 9212.48 9228.09 9211.29 9224.15 9255.43 9279.18 9292.37 9295.88 9306.6 9323.24 9321.19 9322.68 9336.51 9346.86 9342.81 9344.36 9349.09 9353.38 9358.32 9364.84
8286.98 8289.73 8292.87 8296.13 8299.23 8302.23 8305.33 8309.2 8316.15 8326.98 8336.2 8343.63 8349.54 8354.21 8357.54 8359.68 8361.4 8365.63 8369.62 8372.69 8385.53 8397.22 8392.79 8374.13 8373.46 8458.65 8530.13 8570.61 8603.84 8625.14 8649 8667.28 8715.67 8750.81 8829.13 8995.05 9160.59 9180.96 9188.8 9208.2 9215.44 9197.4 9184.9 9172.05 9162.04 9157.28 9162.6 9186.43 9201.45 9199.11 9225.27 9262.97 9292.96 9318.39 9330.73 9331.73 9325.57 9314.69 9318.76 9333.04 9349.5 9337.05 9335.35 9340.86 9346.58 9352.21 9358.65
8289.49 8292.44 8295.11 8297.99 8300.64 8303.2 8306.01 8310.26 8317.12 8327.91 8336.95 8344.97 8352.22 8357.33 8360.18 8362.54 8364.77 8369 8371.8 8377.84 8389.77 8400.82 8396.06 8372.05 8365.37 8435.72 8542.57 8609.29 8656.56 8699.96 8731.01 8744.1 8767.56 8766.34 8825.63 8970.53 9116.45 9140.51 9168.68 9202.34 9215.84 9204.02 9183.93 9164.61 9148.94 9141.16 9152.37 9166.39 9194.6 9224.5 9246.85 9275.34 9309.14 9346.54 9383.75 9357.83 9328.92 9311.57 9316.76 9324.92 9332.47 9330.18 9329.58 9334.05 9339.56 9345.84 9352.46
8292.42 8294.59 8297.49 8300.17 8302.54 8304.86 8307.1 8311.75 8319.57 8328.61 8337.96 8346.04 8353.13 8358.37 8362.45 8365.79 8368.92 8372.1 8375.79 8382.9 8394.08 8404.93 8401.06 8373.79 8367.5 8449.79 8570.68 8648.78 8703.26 8742.7 8778.2 8821.79 8820.02 8787.99 8816.36 8900.2 8992.03 9054.91 9125.3 9190.86 9230.4 9210.11 9180.19 9158.03 9141.12 9136.16 9142.18 9153.73 9194.92 9232.21 9257.95 9280.53 9312.85 9352.3 9384.28 9362.2 9330.33 9314.47 9315.82 9318.92 9316.36 9314.12 9321.61 9328.97 9334.9 9340.4 9346.18
8295.54 8298.26 8300.75 8303.15 8305.44 8307.87 8310.75 8314.87 8320.61 8330.47 8339.9 8347.49 8353.82 8359.32 8364.62 8368.81 8372.12 8372.36 8379.61 8387.39 8399.72 8410.23 8408.74 8379.96 8374.31 8480.65 8616.25 8699.73 8745.72 8783.2 8826.96 8884.23 8853.16 8817.76 8818.09 8844.34 8894.27 8987.98 9087.2 9173.14 9199.23 9187.43 9169.97 9151.82 9137.84 9147.09 9164.92 9167.39 9216.76 9255.56 9264.85 9273.6 9300.54 9330.16 9352.49 9344.43 9328.19 9321.81 9320.72 9322.87 9316.19 9309.06 9321.19 9329.02 9333.45 9336.78 9340.47
8299.07 8301.99 8304.18 8306.48 8308.98 8311.61 8314.54 8318 8323.52 8332.83 8342.11 8349.88 8356.45 8361.92 8367.46 8371.74 8375.73 8377.21 8385.34 8392.35 8405 8416.38 8417.82 8389.17 8399.68 8548.26 8720.14 8755.28 8774.82 8807.93 8868.48 8922.1 8888.62 8852.2 8838.69 8841.74 8869.33 8940.34 9053.4 9162.61 9181.46 9167.02 9159.15 9150.76 9145 9156.27 9179.79 9201.48 9245.07 9278.86 9268.17 9269.4 9279.49 9294.35 9309.79 9320.25 9321.45 9323.59 9332.17 9341.31 9339.96 9335.13 9334.37 9333.56 9334.66 9335.88 9337.54
8301.91 8305.21 8307.31 8309.94 8312.85 8315.88 8318.93 8322.02 8326.98 8334.57 8344.46 8353.4 8360.83 8367.56 8371.16 8374.18 8376.86 8380.39 8386.92 8396.64 8408.46 8419.7 8423.55 8392.97 8395.96 8571.71 8751.17 8768.82 8770.63 8773.31 8780.3 8865.38 8909.46 8896.35 8870.05 8857.2 8859.31 8902.27 9023.35 9141.7 9168.09 9156.37 9151.89 9150.81 9154.96 9161.81 9181.72 9205.82 9233.12 9249.78 9242.14 9234.97 9247.6 9264.15 9282.02 9303.27 9317.41 9329.12 9348.47 9370.96 9381.12 9367.53 9349.36 9341.2 9337.37 9336.68 9337.4
8303.46 8306.22 8309.84 8313.25 8317.02 8321.02 8325.16 8329.74 8333.37 8340.8 8350.81 8357.74 8364.06 8369.15 8373.72 8376.85 8379.39 8385.18 8392.16 8399.95 8408.94 8419.13 8423 8394.05 8399.94 8537.57 8689.65 8729.62 8742.32 8745.39 8742.97 8815.63 8909.69 8922.11 8897.78 8880.44 8867.86 8902.88 9001.34 9098.39 9140.9 9139.9 9142.09 9150.26 9164.04 9187.95 9198.2 9199.36 9192.06 9195.95 9199.67 9197.86 9214.62 9242.43 9270.46 9292.96 9314.98 9326.46 9352.67 9380.23 9379.36 9365.35 9352.92 9344.75 9339.89 9336.71 9337.8
8306.48 8309.29 8312.73 8316.75 8321.29 8325.44 8330.71 8336.06 8337.79 8343.95 8355.06 8361.14 8367.22 8373.1 8377.14 8380.32 8383.62 8389.45 8396.98 8403.42 8409.53 8414.78 8418.89 8393.7 8399.98 8510.1 8607.96 8694.26 8726.92 8733.46 8743.52 8798.37 8913.78 8928.34 8913.04 8900.16 8880.46 8907.2 8990.72 9074.25 9116.5 9115.65 9126.08 9139.34 9155.8 9179.62 9196.15 9189.86 9164 9163.89 9174.12 9179.18 9195.38 9205.12 9244.73 9286.73 9314.34 9324.05 9354.29 9372.94 9364.21 9354.73 9348.06 9343.08 9338.93 9335.95 9336.29
8306.65 8311 8315.68 8319.84 8324.62 8329.68 8334.5 8338.64 8340.62 8344.64 8356.33 8363.26 8369.87 8376.85 8380.63 8384.2 8388.9 8397.05 8401.72 8405.81 8409.1 8408.44 8404.76 8388.4 8411.88 8519.88 8639.43 8706.41 8728.44 8740.43 8765.46 8832.34 8904.48 8920.54 8914.55 8907.08 8892.82 8922.07 8991.37 9050.23 9106.36 9102.28 9107.83 9120.1 9132.99 9140.69 9159.21 9162.09 9150.62 9154.12 9167.36 9183.9 9206.79 9228.06 9262.28 9296.49 9321.13 9336.6 9364.54 9374.73 9350.53 9343.24 9342.03 9339.24 9336.78 9334.68 9334.83
8311.09 8314.19 8318.7 8323.72 8328.8 8333.82 8338.26 8341.16 8345.36 8351.3 8357.88 8365.45 8371.87 8376.88 8382.29 8387.64 8392.91 8402.36 8406.3 8408.66 8410.18 8409.02 8402.33 8394.85 8425.79 8533.79 8669.62 8721.27 8723.12 8739.88 8781.98 8921.73 8896.88 8902.95 8903.8 8902.29 8901.29 8936.96 9000.06 9082.04 9086.45 9084.38 9080.47 9087.7 9092.54 9088.39 9126.31 9139.73 9140.56 9156.84 9173.06 9191.83 9227.89 9288.65 9297.53 9314.21 9329.23 9345.92 9376.81 9374.03 9344.21 9339.45 9339.04 9338.3 9336.11 9333.02 9331.11
8312.32 8317.23 8322.24 8327.52 8332.87 8338.34 8343.47 8348.56 8352.81 8356.22 8362.9 8368.7 8374.6 8380.38 8385.76 8390.91 8397.74 8404.96 8409.3 8411.84 8413.03 8412.34 8406.16 8404.53 8432.79 8513.81 8609.35 8660.34 8683.98 8722.69 8782.74 8815.27 8837.36 8895.82 8883.92 8880.81 8908.03 8940.31 8988.8 9027.2 9035.12 9030.44 9052.78 9058.43 9064.81 9080.41 9086.17 9126.79 9164.73 9169.17 9186.15 9207.2 9238.18 9272.42 9305.4 9322.36 9332 9345.53 9370.74 9379.37 9349.31 9343.57 9341.95 9340.62 9338.37 9334.57 9329.55
8316.43 8320.76 8326.31 8332.05 8337.71 8343.38 8349 8354.98 8359.13 8363.28 8367.01 8372.79 8378.36 8382.68 8386.95 8393.63 8398.66 8406.55 8412.63 8415.91 8417.65 8418.07 8412.56 8412.26 8431.66 8474.42 8521.58 8566.58 8621.5 8681.47 8745.66 8742.16 8764.84 8851.5 8859.87 8860.54 8893.27 8928.05 8963.03 8995.72 9022.87 9046.99 9047.22 9053.6 9079.93 9108.85 9128.62 9128 9145.48 9174.61 9199.36 9231.19 9268.15 9285.89 9307.23 9326.53 9333.54 9339.41 9351.98 9373.75 9354.87 9350.39 9347.1 9344.67 9341.34 9337.08 9331.38
8318.68 8325.21 8331.26 8337.17 8342.91 8348.27 8353.66 8358.67 8362.53 8365.04 8371.32 8378.06 8383.69 8388.69 8393.66 8398.41 8403.13 8411.72 8417.78 8420.26 8421.73 8422.69 8423.3 8425.74 8433.39 8452.34 8466.74 8493.99 8571.19 8629.93 8669.26 8694.78 8753.49 8831.99 8849.08 8865.47 8898.88 8927.91 8942.52 8992.94 9024.69 9036.06 9044.68 9052.22 9062.87 9080.73 9100.21 9131.75 9158.89 9181.74 9205.44 9227.19 9244.91 9284.07 9306.48 9326.11 9334.86 9338.85 9344.43 9359.9 9367.89 9360.41 9354.78 9350.19 9345.86 9341.43 9337.9
8326.8 8331.26 8336.63 8342.37 8348.23 8353.81 8358.79 8362.76 8365.66 8369.26 8376.29 8383.91 8390.01 8396.01 8402.27 8404.64 8409.36 8417.53 8423.76 8423.29 8422.86 8423.55 8426.26 8432.24 8440.08 8462.33 8478.51 8503.78 8586.92 8628.26 8645.75 8724.69 8762.82 8833.3 8868.13 8905.92 8948.67 8968.13 8966.62 9008.45 9037.17 9037.81 9050.54 9070.44 9085.81 9086.8 9094.02 9134.48 9166.72 9188.75 9208.73 9232.4 9270.19 9274.82 9294.7 9317.67 9336.54 9341.07 9346.82 9360.1 9372.57 9366 9359.85 9354.61 9350.34 9346.37 9342.84
8334.06 8337.71 8343.07 8349.08 8354.52 8360.13 8364.83 8368.91 8371.88 8374.68 8381.38 8390.09 8396.01 8401.63 8406.56 8410.29 8417.35 8424.11 8428.53 8424.98 8420.79 8418.78 8422.04 8429.12 8452.49 8504.37 8563.24 8624.64 8692.2 8726.15 8740.48 8770.24 8813.8 8873.3 8923.55 8979.15 9026.13 9040.2 9057.48 9062.36 9068.94 9063.89 9074.21 9087.94 9128.81 9124.48 9124.02 9150.29 9174.3 9192.4 9210.24 9228.64 9241.9 9256.14 9276.96 9300.95 9329.58 9339.26 9345.53 9351.73 9362.75 9366.27 9363.7 9358.55 9355.8 9351.24 9346.87
