real_craters/C137-1000m.grd
DSAA
52 52
-25.37 25.37
-25.37 25.37
8576.5022522917 10368.698145215
[rows 0 to 38 of 52, columns 0 to 51 of 52]
8942.82 8965.14 9002.06 9056.76 9106.09 9138.31 9166.26 9244.42 9336.02 9436.06 9544.22 9679.23 9841.27 10024.5 10096.3 10156.2 10207.7 10259.1 10228 10178.8 10122.6 10075.8 10047.8 10019.1 9987.26 9954.69 9925.53 9910.77 9894.52 9887.53 9868.99 9862.54 9850.22 9856.69 9827.53 9798.01 9771.13 9787.53 9749.44 9687.47 9595.47 9518.86 9488.67 9473.53 9456.93 9436.57 9416.73 9400.01 9377.48 9323.17 9298.11 9276.7
8942 8970.85 9022.15 9082.22 9145.1 9171.2 9183.56 9255.57 9339.4 9424.51 9515.1 9630.47 9789.81 9952.99 10076.1 10181.4 10251 10245.7 10209.2 10161.1 10113.8 10076.5 10057.4 10027.7 9999.05 9971.21 9948.95 9951.54 9968.91 9960.93 9928.44 9907.44 9897.06 9907.9 9891.77 9870.05 9841.65 9833.95 9784.77 9708.79 9628.84 9558.81 9536.19 9519.25 9499.82 9478.3 9453.22 9422.52 9394.98 9375.13 9374.33 9357.25
8964.31 8991.62 9044.34 9099.04 9141.33 9209.71 9240.34 9291.1 9351.33 9421.17 9510.91 9615.71 9730.38 9870.74 10010.6 10139.3 10219 10241 10185 10137.4 10100.8 10070.9 10048 10024.3 10002.8 9984.95 9978.45 9988.59 10018.4 10021.6 10005.7 9977.97 9955.04 9991.76 9984.42 9944.79 9905.34 9869.5 9816.7 9729.35 9657.61 9595.74 9581.87 9563.87 9538.37 9518.65 9496.34 9453.99 9456.89 9459.51 9468.9 9453.94
8995.4 9038.35 9077.78 9134.16 9137.07 9233.02 9273.76 9320.04 9362.68 9416.29 9478.14 9565.13 9662.96 9785.08 9916.32 10043.6 10126.9 10148 10116.9 10094.8 10081.3 10061.8 10030.5 10016 10007.1 10001.5 9996.29 10013.6 10042.5 10053.4 10062.2 10058.3 10054.5 10079 10063.1 10009.7 9969.79 9926.1 9856.64 9762.66 9696.99 9651.4 9640.19 9616.72 9592.72 9586.39 9589.82 9583.68 9576.24 9575.32 9598.85 9580.13
9029.17 9072.89 9101.12 9122.93 9185.77 9220.44 9279.57 9328.76 9364.89 9406.44 9445.8 9513.4 9592.77 9691.38 9794.38 9906.13 10007.8 10054 10070.8 10070.4 10062.5 10051.4 10015.4 10012.9 10016.7 10026.1 10039.5 10064.5 10088.6 10101.4 10097.2 10141.8 10131.4 10105.5 10092.3 10045.1 10006.6 9950.23 9881.63 9801.18 9748.96 9722.14 9705.28 9677.5 9650.16 9665.99 9702.51 9729.26 9686.96 9682.37 9700.49 9685.54
9080.45 9139.96 9145.72 9148.22 9165.66 9207.46 9260.1 9316.13 9358.49 9403.68 9452.27 9500.19 9550.64 9626.65 9718.48 9836.39 9923.38 9979.15 10011.9 10031.2 10036.6 10040.6 10016.4 10012.7 10027.1 10050.8 10083.2 10118.8 10144.5 10166.3 10185 10166.9 10135.2 10116.9 10079 10043.4 10006.4 9953.79 9910.38 9854.24 9813.57 9786.39 9777.5 9749.97 9728.18 9750.13 9793.03 9813.58 9787.98 9785.57 9807.99 9779.88
9123.32 9212.16 9185.94 9176.17 9170.79 9183.35 9238.18 9295.7 9350.11 9398.07 9441.44 9512.87 9541.64 9601.44 9662.37 9767.39 9861 9922.74 9955.11 9981.65 10005.5 10017.3 10005.1 10011.4 10035.4 10067.8 10107.1 10143.5 10184.8 10198.2 10187.4 10155.7 10109.4 10111.7 10053.7 10031.9 10005.1 9969.63 9942.33 9920.95 9894.82 9883.08 9853.11 9825.98 9814.27 9831.04 9861.55 9875.79 9855.79 9841.81 9832.57 9808.96
9130.77 9174.77 9202.16 9197.71 9196.91 9208.78 9242.37 9291.56 9364.46 9432.93 9485.88 9601.54 9672.88 9688.25 9682.83 9736.82 9831.88 9892.61 9927.5 9949.94 9994.12 10014.3 9998.16 10007 10037.3 10076 10125.3 10185.3 10215.5 10206.1 10183.1 10148.5 10102.1 10097.5 10049.2 10036.1 10010.9 9989.28 9972.25 9959.74 9950.25 9945.99 9912.02 9887.43 9876.61 9892.87 9921.66 9915.77 9893.91 9874.38 9850.41 9782.49
9135.65 9172.92 9198.28 9236.48 9230.81 9250.26 9277.35 9318.03 9417.93 9530.74 9635.56 9741.68 9839.07 9834.15 9826.64 9832.52 9867.33 9898.35 9919.44 9963.28 10003.1 10036.4 10017.4 10018.7 10034.5 10064.4 10106.3 10158 10186.3 10209 10192.8 10160.8 10125.1 10101.2 10071.6 10057 10041.9 10012.1 9997.72 9988.6 9970.9 9961.3 9947.63 9930.22 9928.18 9942.02 9960.64 9939.13 9920.6 9893.01 9851.82 9787.49
9148.12 9173.72 9190.87 9216.05 9254.52 9290.72 9338.09 9397.67 9514.2 9637.73 9748.5 9850.09 9925.86 9932.34 9916.26 9898.98 9916.33 9924.49 9931.13 9959.24 10016.1 10055.7 10046.5 10023.1 10014.1 10023.7 10049.4 10078.8 10104.8 10144.9 10179.2 10172.4 10155 10136.2 10106.1 10083.4 10066.5 10060.8 10045.1 10027.3 10001.4 9994.95 9980.18 9959.61 9954.42 9973.94 9982.88 9950.25 9951.28 9906.98 9853.8 9783.2
9174.52 9193.02 9204.8 9227.33 9296.25 9341.46 9414.02 9512.59 9616.97 9737.67 9844.31 9924.01 9984.04 9982.82 9974.16 9955.97 9955.92 9961 9959.95 10003.7 10092.9 10109.7 10042.7 9984.56 9960.58 9956.54 9969.23 10000.3 10014.5 10035.5 10109.2 10193.8 10211.1 10169.3 10127.9 10111.9 10112.1 10113.4 10087.5 10073 10052.4 10047.7 10025.3 9997.96 9990.59 10003.1 9994.9 9970.49 9955.41 9913.44 9861.77 9797.74
9212.77 9218.9 9218.33 9248.49 9365.22 9429.3 9496.5 9570.23 9662.73 9760.82 9864.61 9945.36 9987 9986.12 9980.23 9975.02 9979.74 10018.7 10062.6 10133.1 10154.9 10078 10000.5 9913.22 9873.9 9860.59 9864.15 9887.5 9894.85 9934.39 10014.7 10087 10230 10190.2 10108.1 10127.1 10148 10141.9 10119.8 10123 10119.7 10102.1 10072.9 10057.2 10040.1 10037.2 10044.5 9995.2 9962.95 9911.73 9861.18 9801.98
9266.22 9274.97 9304.87 9324.92 9370.08 9462.2 9542.16 9611.23 9683.91 9771.08 9871.29 9963.35 9994.8 9966.35 9962.64 9995.83 10025.4 10078.8 10144.7 10181.1 10106.2 10023.4 9925.24 9822.92 9766.36 9742.16 9740.7 9749.2 9753.61 9781.39 9879.47 9932.85 10127.2 10188.3 10037.2 10148.8 10197 10163 10141.8 10146.7 10144.2 10136.3 10102.6 10077.7 10061.9 10051.8 10023.2 9990.9 9949.7 9897.78 9847.6 9797.47
9327.79 9323.48 9310.88 9358.03 9433.07 9531.63 9611.58 9645.87 9688.22 9747.48 9858.05 9968.76 9993.25 9968.01 10027.2 10056.6 10086.7 10115.7 10162.5 10168.2 10025.9 9940.41 9825.75 9699.97 9639.33 9605.08 9593.51 9596.61 9599.16 9640.43 9730.17 9839.95 9988.94 10220.3 9958.67 10202.2 10256.2 10200.7 10174.7 10171.9 10193.6 10150.8 10106.2 10072.2 10059.3 10055.1 10031.6 9980.17 9933.58 9878.37 9824.6 9778.06
9389.07 9382.72 9392.61 9451.4 9543.39 9599.47 9634.24 9682.31 9714.98 9742.18 9844.68 9942.9 9973.42 9957.04 10023.9 10070.4 10090.3 10091.1 10105.2 10093.7 9912.13 9814.05 9697.34 9592.13 9506.99 9452.44 9453.96 9439.74 9445.44 9497.69 9584.31 9719.01 9852.5 10076.1 9898.18 10254.1 10317.1 10271.1 10219.9 10184.5 10166 10131.1 10093.6 10057.3 10047.4 10041 10008.5 9962.11 9911.61 9853.21 9803.69 9765.71
9433.1 9430.4 9459.39 9528.84 9619.39 9669.81 9676.61 9717.35 9758.52 9760.32 9835.85 9917.02 9939.81 9947.31 9944.87 9986.96 10004.2 9999.53 9987.73 9940.09 9808.12 9662.77 9534.04 9417.42 9324.01 9268.78 9276.87 9269.06 9289.17 9343.39 9459.33 9568.58 9692.04 9967.44 9762.38 10161.7 10368.7 10323.4 10248.5 10191.9 10142.4 10109 10081.1 10052.3 10032 10016.4 10001.4 9936.05 9869.81 9821.92 9792.22 9780.59
9450.04 9448.46 9489.94 9591.13 9678.92 9714.64 9739.78 9728.38 9740.09 9758.55 9813.78 9882.85 9876.02 9870.35 9874.58 9896.08 9908.46 9892.74 9849.65 9792.3 9672.88 9499.13 9339.28 9185.82 9089.6 9079.62 9092.85 9081.08 9082.38 9136.36 9222.71 9379.37 9627.49 9896.5 9643.91 10063.2 10259.9 10310.6 10288 10201.1 10133.3 10100.2 10070 10039.4 10009 9987.38 9956.76 9903.23 9840.18 9800.12 9789.01 9792.45
9437.72 9440.44 9465.75 9582.26 9646.03 9670.71 9682.88 9699.32 9711.61 9727.81 9764.79 9794.31 9789.76 9792.76 9812.74 9844.99 9839.85 9786.79 9700.16 9602.6 9464.04 9301.75 9156.68 9036.79 8962.76 8927.63 8912.53 8905.68 8913.12 8956.58 9011.56 9168.47 9382.89 9710.17 9539.97 9984.77 10087.1 10208.5 10270.3 10200 10127.7 10092.6 10045.5 10005.3 9975.75 9949.6 9925.13 9879.04 9824.51 9791.94 9794.3 9807.84
9417.8 9421.48 9443.39 9509.66 9571.45 9622.79 9637.35 9660.63 9689.96 9708.19 9722.82 9730.87 9729.48 9732.83 9806.22 9892.72 9812.38 9695.58 9553.5 9389.35 9201.11 9067.61 8988.19 8904.95 8824.21 8808.31 8789.79 8768.05 8776.06 8810.44 8847.19 8926.52 9107.36 9427.51 9333.08 9877.39 9973.9 10082.7 10146.3 10113.3 10071.2 10070.7 10009 9966.87 9943.71 9923.38 9904.12 9871.87 9831.72 9805.6 9811.08 9821.1
9396.98 9405.44 9416.49 9452.95 9508.52 9562.58 9596.7 9621.84 9641.46 9675.46 9687.97 9703.36 9718.63 9731.53 9813.27 9891.23 9774.55 9605.84 9428.04 9246.02 9085.05 8945.69 8882.49 8820.56 8772.6 8728.09 8701.25 8688.44 8702.1 8781.14 8794.54 8816.95 8933.77 9133.82 9191.74 9644.23 9824.65 9937.18 10011.7 10012.4 9995.52 10004.9 9956.79 9930.75 9922.04 9915.18 9907.44 9885.22 9856.71 9833.57 9835.81 9842.49
9387.95 9399.75 9409.41 9404.43 9458.35 9517.79 9560.15 9588.21 9599.47 9640.75 9671.73 9714.52 9770.07 9766.6 9813.57 9849.01 9718.25 9526.66 9319.9 9127.53 8994.8 8900.83 8830.55 8767.56 8701.51 8672.23 8650.63 8646.77 8696.2 8795.58 8810.44 8782.42 8853.69 9024.36 9128.32 9395.33 9609.89 9779.75 9900.12 9949.78 9949.92 9940.98 9913.64 9900.83 9908.24 9926.5 9919.04 9908.09 9895.51 9885.21 9866.81 9853.13
9402.61 9419.31 9426.34 9445.49 9469.19 9487.16 9521.29 9546.17 9564.12 9616.11 9651.49 9712.36 9783.85 9776.55 9839.84 9820.12 9659.76 9439.51 9214.26 9035.58 8926.11 8881.84 8807.36 8740.45 8681.68 8651.24 8639.52 8637.19 8709.18 8794.7 8819.11 8757.36 8793.27 8919.05 9189.94 9164.54 9488.12 9662.49 9809.28 9901.23 9898.37 9879.55 9864.72 9869.62 9883.3 9905.76 9921.28 9927.26 9932.86 9932.74 9893.63 9876.99
9432.14 9435.73 9448.47 9458.76 9469.47 9484.37 9505.28 9529.28 9547.5 9577 9612.99 9683.69 9754.63 9780.18 9871.29 9817.57 9619.77 9374.82 9124.13 8920.48 8883.93 8826.47 8782.16 8739.85 8686.82 8682.79 8688.96 8663.83 8695.32 8778.92 8797.59 8787.36 8800.22 8883.31 9031.14 9061.55 9409.7 9567.34 9703.6 9857.42 9861.24 9829.97 9829.33 9842.42 9858.68 9895.53 9916.72 9932.02 9949.91 9961.74 9904.14 9890.88
9424.55 9429.78 9448.42 9467.02 9478.08 9479.38 9488.23 9518.57 9531.24 9556.95 9576.59 9661.93 9739.76 9810.56 9892.99 9804.94 9587.18 9333.11 9081.4 8888.65 8845.24 8792.58 8776.25 8781.04 8788.15 8799.75 8809.27 8777.84 8718.42 8735.12 8735.93 8720.03 8780.46 8890.28 9006.7 9048.37 9340.46 9492.39 9612.31 9813.53 9841.99 9791.49 9805.97 9825.01 9844.55 9876.08 9901.67 9922.38 9945.21 9957.04 9931.66 9904.14
9373.83 9415.93 9454.12 9496.27 9522.48 9504.21 9487.99 9494.72 9505.13 9523.14 9549.71 9659.42 9769.87 9826.35 9906.89 9766.13 9541.68 9294.5 9071.54 8906.04 8840.14 8782.83 8779.35 8834.65 8920 8954.44 8889.19 8831.66 8764.51 8725.9 8695.01 8691.87 8731.44 8820.93 8983.37 9033.49 9277.91 9453.57 9615.63 9873.76 9869.05 9779.74 9796.26 9821.27 9842.1 9866 9883.49 9900.83 9919.66 9937.13 9921.32 9891.9
9360.49 9392.43 9444.88 9495.49 9524.58 9502 9477.35 9478.99 9489.97 9511.63 9547.52 9642.43 9757.88 9800.1 9823.73 9691.81 9478.57 9241.47 9025.92 8887.28 8773.49 8705.7 8752.06 8850.54 8966.33 9001.66 8907.32 8875.62 8808.72 8701.15 8647.46 8652.87 8715.09 8838.97 8940.26 9043.83 9247.55 9464.74 9654.66 9859.99 9887.85 9811.66 9817.26 9831.95 9840.53 9857.49 9865.71 9872.45 9879.98 9894.18 9889.05 9872.76
9379.73 9413.22 9441.87 9472.15 9482.28 9472.18 9480.91 9478.81 9484.4 9504.34 9536.58 9627.54 9723 9748.46 9735.75 9608.84 9408.94 9180.47 8956.57 8830.02 8740.18 8682.36 8725.41 8825.58 8935.72 9019.84 8968.12 8968.71 8829.35 8681.57 8635.54 8649.31 8714.2 8794 8903.35 8888.91 9275.11 9527.62 9724.19 9870.79 9885.35 9839.6 9847.1 9849.72 9853.05 9849.53 9847.9 9855.94 9856.26 9864.65 9863.29 9851.26
9404.27 9417.27 9436.89 9448.14 9446.54 9454.87 9472.6 9485.26 9497.03 9511.83 9563.19 9618.06 9677.75 9699.32 9681.75 9552 9363.18 9142.23 8928.39 8835.1 8755 8690.92 8703.46 8768.62 8846 8904.93 8937.71 8904.28 8775.23 8652.37 8631.22 8682.08 8742.45 8826.59 8899.21 8918.9 9235.1 9552.51 9875.22 9863.09 9848.72 9851.58 9866.98 9868.18 9853.29 9835.27 9827.96 9825.85 9836.1 9841.96 9843.4 9829.02
9420.34 9430.44 9437.16 9442.69 9443.53 9454.3 9478.54 9515.22 9514.99 9541.3 9585.32 9626.09 9665.34 9683.45 9659 9536.31 9362.05 9163.5 8967.51 8896.37 8807.33 8711.6 8691.77 8716.67 8738.31 8736.81 8766.55 8733.52 8662.25 8600.64 8617.94 8681.23 8776.34 8868.53 8963.6 9112.35 9049.62 9512.47 9880.17 9852.75 9829.61 9882.77 9902.3 9870.57 9853.16 9814.65 9801.28 9806.76 9813.45 9818.58 9821.77 9820.45
9425.38 9430.28 9442.49 9449.4 9450.3 9461.18 9481.53 9499.08 9513.11 9539.76 9600.8 9624.53 9670.38 9704.66 9673.04 9552.53 9402.98 9244.73 9123.89 9016.05 8904.14 8805.22 8711.15 8708.78 8682.46 8631.92 8629.87 8615.19 8585.36 8576.51 8634.42 8719.59 8804.16 8929.26 9051.15 9193.86 9036.09 9522.91 9890.62 9828.05 9784.57 9852.85 9867.11 9833.48 9805.53 9785.8 9777.82 9786.08 9797.25 9800.41 9795.7 9806.84
9428.73 9445 9454.52 9463.31 9469.6 9475.62 9487.65 9492.86 9504.03 9539.02 9594.29 9631.64 9663.43 9698.75 9674.06 9583.09 9465.56 9338.94 9218.01 9125.14 9004.4 8899.51 8832.44 8760.01 8696.95 8620.63 8584.68 8576.5 8583.51 8614.16 8714.5 8795.69 8949.57 9031.85 9096.65 9316.89 9105.03 9598.44 9874.75 9827.73 9800.86 9840.83 9815.6 9801.69 9786.1 9763.35 9766.7 9777.88 9786.48 9789.87 9790.64 9799.82
9426.22 9455.97 9466.03 9479.31 9488.29 9482.59 9507.3 9522.51 9538.04 9547.53 9595.48 9661.66 9672.97 9708.56 9687.36 9619.38 9530.19 9438.5 9375.91 9229.87 9096.43 8970.61 8906.86 8834.36 8759.98 8683.94 8645.85 8637.38 8656.73 8686.21 8744.31 8900.68 9048.26 9142.45 9254.76 9520.77 9112.41 9654.12 9862.1 9833.01 9842.91 9823.02 9798.43 9793.58 9755.24 9757.76 9769.14 9779.19 9788.71 9792.37 9794.53 9812.16
9427.55 9457.76 9472.05 9490.57 9521.12 9516.72 9513.89 9515.95 9511.78 9532.28 9594.71 9649.11 9688.08 9738.54 9709.86 9647.21 9579.93 9511.27 9444.94 9329.52 9196.63 9052.14 8955.1 8908.92 8853.91 8789.2 8736.65 8743.46 8754.83 8798.21 8883.32 9001.26 9131.29 9253.51 9378.53 9658.11 9243.92 9657.49 9813.39 9810.11 9826.21 9820.97 9807.88 9788.4 9777.45 9766.88 9777.32 9787.05 9796.89 9803.2 9813.53 9841.99
9375.87 9434.57 9458.06 9474.31 9491.77 9506.31 9501.39 9490.03 9498.84 9536.01 9597.49 9638.42 9687.52 9746.99 9729.03 9688.61 9634.59 9565.05 9502.81 9423.67 9326.33 9219.47 9094.83 9034.22 8988.33 8940.5 8935.51 8905.65 8923.58 8971.95 9050.62 9170.3 9300.92 9419.05 9597.92 9750.18 9439.61 9717.2 9770.85 9778.96 9808.67 9815.13 9786.28 9784.34 9767.01 9773.72 9782.4 9797.62 9814.35 9831.12 9851.81 9890.34
9328.54 9405.04 9422.58 9435.66 9448.22 9454.91 9450.12 9457.74 9479.56 9513.72 9573.38 9606.64 9664.48 9715.63 9722.14 9712.01 9695.05 9668.1 9592.76 9531.55 9465.05 9416.09 9339.24 9217.52 9155.08 9097.45 9070.5 9107.9 9126.53 9235.36 9326.72 9401.18 9501.33 9581.2 9685.5 9767.76 9651.2 9710.98 9727.8 9754.52 9781.18 9776.35 9752.32 9748.4 9742.4 9756.1 9777.77 9804.23 9834.72 9864.85 9892.75 9916.4
9301.91 9325.92 9363.47 9386.09 9399.13 9403.15 9405.39 9427.74 9462.22 9508.37 9557.88 9590.52 9629.33 9668.15 9698.31 9719.54 9740.34 9755.89 9709.15 9630.87 9572.54 9530.13 9484.54 9388.68 9331.6 9303.62 9295.13 9383.74 9446.86 9528.96 9572.49 9607.53 9635.54 9751.98 9795.56 9728.47 9730.19 9680.17 9692.81 9723 9754.02 9739.33 9719 9713.15 9717.97 9739.74 9767.21 9802.37 9846.59 9893.37 9910.48 9914.98
9263.71 9299.02 9317.72 9339.75 9358.54 9370.78 9383.58 9412.27 9454.36 9516.48 9555.31 9586.64 9602.99 9627.67 9669.37 9706.22 9740.99 9776.45 9735.1 9688.17 9647.92 9600.23 9501.67 9512.23 9511.31 9500.61 9576.28 9614.94 9679.16 9716.49 9719.2 9710.69 9751.19 9812.56 9783.98 9712.74 9671.63 9648.22 9662.15 9690.39 9720.16 9720.49 9692.2 9689.67 9695.99 9713.69 9741.35 9778.35 9830.04 9888.57 9896.15 9885.17
9258.37 9254.03 9267.39 9300.27 9330.43 9362.67 9385.24 9413.01 9455.66 9516.56 9563.7 9587.97 9592.52 9610.95 9650.32 9684.62 9715.05 9727.57 9712.72 9699.34 9695.6 9705.77 9747.77 9702.81 9682.29 9711.63 9677.91 9700.55 9725.19 9750.11 9745.45 9746.14 9756.67 9731.25 9693.88 9674.74 9661.95 9641.69 9652.55 9664.91 9680.51 9686.48 9676.14 9661.93 9666.76 9680.11 9701.85 9731.77 9772.07 9816.28 9833.22 9839.66
9238.98 9227.58 9235.24 9273.83 9312 9349.08 9368.07 9402.56 9441.27 9480.36 9559.08 9580.99 9605.8 9618.26 9639.32 9665.6 9686.25 9688.44 9688.47 9696.26 9713.02 9753.1 9815.62 9794.6 9749.53 9757.06 9764.47 9754.04 9762.62 9773.9 9748.78 9726.94 9678.78 9635.98 9634.89 9647.55 9647.45 9642.46 9653.36 9677.84 9699.86 9681.8 9654.75 9629.08 9628.31 9640.78 9656.61 9673.56 9688.2 9704.37 9741.09 9762.42
