real_craters/C138-300m.grd
DSAA
297 297
-44.4325 44.4325
-44.4325 44.4325
8979.628011222 10978.793483157
[rows 0 to 29 of 297, columns 0 to 66 of 297]
10276.8 10276.9 10277.6 10277.5 10277.2 10277.5 10277.2 10276.8 10276.1 10275.4 10277.1 10279.1 10277.2 10275.9 10276.2 10276.7 10276.8 10277.4 10278.6 10279.2 10279.9 10280.2 10279.5 10278.2 10276 10271.2 10263.9 10265 10272.1 10273.3 10272.3 10270.3 10268.8 10264.1 10256.9 10251.1 10247 10244.2 10241.7 10240.5 10239.5 10239.2 10238.6 10238.4 10237.9 10237.8 10239.2 10239.3 10238.2 10235.9 10235 10232.3 10229.6 10227 10225.1 10224.8 10227.4 10234.7 10245.6 10247.6 10240.2 10231.1 10222.2 10213.9 10209.4 10209.2 10201.9
10280 10280.5 10280 10279.8 10279.4 10278.5 10278.3 10278.6 10279.3 10280.8 10278.9 10277.5 10276.3 10275.7 10275.2 10274.8 10275.2 10275.8 10277.9 10280.6 10283 10285 10286.7 10287.4 10288.1 10287.3 10286 10286.2 10289.4 10286.1 10281.9 10277.6 10275.1 10269.9 10263.3 10257.4 10253.2 10250.6 10247.3 10246.3 10245.1 10244.5 10244.1 10243.8 10243.8 10244.7 10247.5 10249 10250.3 10252.1 10246.4 10241.2 10236.3 10231.4 10227.2 10225.7 10229.6 10236.1 10244.6 10246 10239.8 10231.7 10224.9 10224.2 10228.7 10220 10211.3
10284.2 10284.3 10284 10283.3 10282.3 10281.4 10280.1 10279.7 10280.1 10280.6 10276.9 10273.9 10274.1 10274.9 10274.7 10273.6 10271.8 10272.2 10277.7 10282.8 10287.2 10290.8 10293.9 10296.7 10300.5 10304.8 10311.3 10318.2 10306.9 10297.4 10289.6 10282.2 10274.9 10271.2 10267.3 10262.8 10259.4 10256.4 10253.7 10252.2 10250.9 10249.4 10249.4 10249.3 10250.2 10250.3 10254.7 10256.6 10258.1 10258.4 10253.9 10248.7 10243 10236.9 10230.4 10226.4 10232.7 10239 10243.7 10243.9 10239.1 10231.6 10223.6 10218.7 10225.4 10224.4 10219.1
10289.1 10288.7 10287.8 10286.5 10285 10283.3 10281.7 10280 10278.1 10275 10273 10272.5 10273.8 10275.4 10275.9 10274.9 10272.6 10272.9 10280.4 10287.1 10292.4 10296.9 10300.8 10305 10310.7 10317 10324.8 10326.6 10314.9 10304 10294.7 10286 10279.5 10274.1 10269.9 10266 10262.5 10259.4 10257.1 10254.8 10253.7 10253.1 10253 10253.5 10253.5 10255.3 10258.9 10263.3 10263.5 10261.5 10259.1 10257 10251.7 10245 10238.6 10235.2 10238.8 10242.9 10244.5 10243.9 10240.1 10233.7 10224.4 10211.2 10214.7 10230.6 10227.8
10294.7 10293.4 10291.7 10289.8 10287.6 10285.4 10283 10280.5 10277.5 10273.4 10271.5 10272.1 10275.8 10278.2 10279.5 10279.9 10280.2 10281.5 10287.9 10293.8 10298.7 10303 10307.2 10311.7 10316.5 10322.3 10327.3 10323.6 10314.5 10305.4 10296.4 10288.6 10281.6 10277 10272.2 10268.2 10264.7 10260.2 10257.7 10256 10254.9 10254.2 10254.9 10255.7 10257.5 10259.9 10263.9 10268.3 10270.1 10267.5 10267.7 10267 10261.1 10253.9 10247.6 10244.3 10245 10246.3 10246.1 10246 10243.4 10240.5 10236.1 10230.9 10242 10243 10241
10300.4 10298.1 10295.3 10293 10290.1 10287.3 10284.5 10281.7 10279.3 10277.8 10277.9 10278.4 10281.2 10283.5 10285.7 10288.1 10291.4 10296.2 10298.7 10301.7 10305.2 10308.6 10312.3 10315.8 10319.8 10323 10323.5 10319.2 10311.1 10303.3 10295.8 10290.2 10285.2 10279 10273.2 10268.9 10264.6 10261.8 10259.6 10258 10257.2 10257 10257.6 10258.8 10260.8 10264.1 10268.4 10272.6 10278.8 10284 10286.2 10278.9 10270.4 10262.2 10255.2 10250.2 10248.6 10247.9 10246.5 10246 10247.3 10251.5 10256.2 10260.7 10268.8 10268.1 10259.1
10305.8 10302.5 10299.4 10296.2 10292.9 10289.6 10286.3 10283.2 10281 10280.1 10284.1 10287.2 10287.9 10289.6 10292.3 10296 10300.6 10306.3 10307.5 10308.8 10310.6 10312.9 10315.8 10318.8 10320.8 10321.8 10318.9 10312.5 10304.4 10298.3 10292.9 10289.2 10285.3 10278.8 10273.3 10268.9 10265.3 10262.5 10260.4 10259.1 10258.4 10258.4 10259 10261.1 10263.3 10266.4 10269.6 10275 10283.3 10292.5 10294.5 10286.5 10277.3 10269.1 10261.8 10254.6 10251.5 10250.3 10248.1 10244.5 10252.4 10263.2 10275.9 10291.4 10291.7 10287.6 10274.7
10309.5 10305.9 10302 10298.3 10294.6 10291.2 10287.9 10284.8 10282.2 10280.2 10284.9 10291 10293.2 10295.4 10298.7 10302.6 10306.6 10311 10313.1 10314.3 10315.3 10316.9 10318.5 10320.4 10321.4 10321.1 10316.7 10304.9 10294.7 10292.1 10288.5 10285.1 10281.1 10276.6 10271.8 10267.8 10265.2 10261.9 10260.1 10258.6 10257.9 10258.7 10259.1 10260.4 10263 10265.9 10266.7 10272.2 10280.9 10288.8 10293.5 10286.3 10279.3 10273.5 10268.5 10263.4 10257.7 10256.7 10255.2 10254.9 10261 10272.5 10286.3 10298 10300.1 10295.1 10284.5
10312.7 10308.7 10304.7 10300.8 10297.6 10294 10289.8 10286.5 10284.1 10282.2 10285.3 10292 10296.2 10299.7 10303.4 10307.4 10311.4 10315.3 10317.3 10318.4 10319.1 10319.8 10320.9 10321.1 10321 10320.1 10316.6 10303.3 10291.5 10287.6 10283.9 10283.3 10279.1 10273.7 10269.9 10267 10264.3 10262.2 10260.5 10259.2 10258.4 10258.6 10258.8 10259.5 10261.7 10263.7 10260.5 10265.3 10272 10276.5 10277.4 10277.3 10276.2 10274.6 10274.1 10274.2 10272.6 10268.4 10264.4 10262.9 10268.2 10279 10290.4 10299.6 10303.1 10302.3 10292.6
10313.9 10309.9 10305.8 10302 10298.3 10294.9 10291.8 10289.3 10287.2 10285.7 10289 10294.3 10298.9 10303.1 10307.3 10311.1 10315.1 10318.6 10320.3 10320.5 10321 10321.5 10321.2 10320.4 10318.8 10316.5 10312.1 10302 10292.5 10284.7 10277.7 10272.2 10270.7 10269 10267 10265.1 10263 10261.1 10259 10258.2 10257.2 10256.5 10257 10256.7 10257.3 10259.3 10253.6 10256.2 10259.9 10262.6 10265.1 10268.4 10270.2 10272.3 10276.3 10282.6 10286.8 10279 10272.7 10270.2 10274.5 10284.4 10292.9 10298.1 10302 10300.2 10292.9
10314.7 10310.9 10307 10303.3 10300.2 10297 10294.1 10291.6 10290 10289.2 10291.7 10297.1 10302 10306.5 10310.5 10314.1 10317.1 10319 10320.1 10320.9 10321.3 10321.2 10320.4 10318.6 10315.7 10311.2 10304.6 10298 10291.3 10281.6 10272.9 10263.3 10264 10265.4 10264.5 10262.9 10260.9 10259.1 10257.5 10256.7 10255.3 10254.2 10254.3 10253.5 10253 10253.1 10247.7 10248.7 10251.6 10251.3 10255.9 10257.9 10260.9 10265.6 10272.2 10281.9 10288.5 10281.7 10276.3 10275 10278.8 10287.4 10303.3 10306.4 10300.1 10295.5 10291.1
10314.8 10311.3 10308 10305 10302 10299.3 10296.9 10294.8 10293.5 10293 10295.5 10300.5 10305.7 10310.2 10313.9 10316.6 10318.4 10318.9 10319.3 10320.4 10321.1 10320.8 10319.6 10317.3 10313.8 10308.6 10301.3 10293.7 10283.8 10278.8 10273.4 10267.7 10265.2 10264.2 10262.5 10260.9 10257.8 10255.9 10254.1 10252.3 10251.8 10250.2 10248.8 10247.8 10246.6 10245.5 10244.5 10239.6 10238.7 10238.9 10239.8 10243.6 10249.6 10255.1 10262.5 10271.4 10277.3 10276.1 10274 10274.1 10277.1 10283.7 10285 10293.8 10295.6 10292.7 10291.7
10314.3 10311.5 10308.6 10306.1 10303.7 10301.8 10299.7 10298.4 10297.9 10296.9 10298.2 10304.8 10310.5 10314.4 10317.3 10319.1 10319.9 10319.7 10319.1 10320.4 10320.5 10320.1 10318.6 10316.5 10313.3 10308.6 10301.7 10293.3 10283.6 10279.7 10276.7 10274.1 10267.8 10263.7 10260.1 10257.3 10254.1 10251.6 10249.1 10246.8 10244.9 10243 10241.2 10239.5 10237.9 10236.3 10234.7 10231.9 10230.4 10227.4 10227.4 10231.2 10237.3 10243.2 10249.3 10255.9 10263.4 10265.2 10267.5 10271.1 10275.8 10283.3 10289.2 10292.1 10293.8 10291.4 10290.4
10313.4 10311.3 10309.2 10307.2 10305.8 10303.9 10302.5 10301.8 10302.8 10307.2 10311.5 10315.1 10317.1 10319.5 10321 10321.8 10322.1 10321.4 10321 10320.4 10319.9 10318.9 10317.8 10316 10313.2 10308.9 10302.3 10295.2 10290.2 10283.1 10277.1 10272.5 10267.3 10262.2 10257.1 10252.9 10249.4 10246.2 10243.2 10240.3 10237.7 10235.2 10233 10230.9 10229 10226.9 10224.8 10221.4 10217.3 10214.4 10214.6 10218.3 10224.5 10231.1 10235.7 10236.8 10242.2 10250.9 10259.6 10267.3 10275.3 10284.8 10295.1 10295.5 10295.6 10295.9 10294.1
10313.2 10312.1 10310.9 10310 10308.8 10307.7 10306.6 10305.9 10306.2 10306.6 10314.4 10320 10323.1 10324.4 10324.7 10324.3 10323.9 10323 10321.6 10320.2 10319.2 10317.7 10316.5 10315.7 10313.9 10310.2 10303.3 10295.2 10287 10280.2 10275.1 10269.9 10265.2 10259.6 10253.7 10249.9 10245.8 10241.7 10238.2 10235 10231.9 10229.1 10226.3 10223.5 10220.7 10218.5 10211 10208.1 10204.6 10205.8 10200.1 10202.4 10211.8 10221.3 10227.4 10227.4 10230.6 10240.3 10253.4 10264.1 10272.4 10282.2 10290.5 10294.3 10296.4 10298 10298.1
10314 10314.2 10313.9 10313.6 10313.7 10313 10312.1 10311.3 10311.5 10311.9 10318.5 10327.7 10329.2 10329 10327.7 10326.2 10324.8 10323.4 10321.5 10319.3 10316.6 10314.7 10313.8 10313.9 10314.5 10312.9 10304.3 10293.7 10283.4 10276.8 10274.8 10270.2 10263.3 10256.9 10250.8 10248.1 10244 10240.3 10236.9 10233.5 10230.2 10226.9 10224.2 10220.7 10217.2 10205 10205.4 10201.9 10205.1 10201.4 10193.6 10193.4 10203 10214.7 10228.1 10233.1 10231.4 10236 10252.4 10264.2 10271.4 10278.7 10284.2 10288.7 10292.7 10297.8 10302
10316.9 10318.7 10319.6 10320.1 10320.4 10319.8 10318.8 10318.1 10318.7 10322.4 10329.1 10335.7 10334.6 10332.4 10329.6 10327 10324.4 10322.6 10321.6 10317.7 10312.4 10309.5 10308 10308.9 10311.5 10312.5 10302 10290.3 10280.2 10274.2 10273.7 10268.8 10260.7 10252.8 10247.2 10243 10238.6 10234.7 10231.7 10228.1 10224.6 10221 10217.4 10213.9 10218.3 10214.6 10206.8 10202.9 10209.9 10204.6 10197.8 10195.9 10198.7 10204.9 10224.7 10256.4 10241.2 10242.3 10259.8 10267.9 10272.2 10276.5 10278.8 10279 10281.5 10288.4 10297.2
10322.3 10325.5 10327.2 10328.1 10327.1 10326.2 10325.2 10324.4 10324.1 10325.4 10332.5 10337.4 10337.9 10335.2 10331 10326.6 10322.2 10318.6 10315.8 10310.9 10305.1 10301.6 10299.8 10299.8 10301.5 10302.3 10292.9 10283.4 10275.6 10269.6 10270.4 10263.5 10254.6 10247.1 10241.3 10237.1 10236.9 10233.3 10229.8 10226.3 10222.7 10218.9 10215 10239.9 10236.9 10220.5 10216.8 10216.5 10217.3 10212.6 10207.2 10201.4 10193.4 10179.2 10181 10214.2 10236.6 10266.9 10272.8 10270.5 10268 10267.8 10266.3 10261.5 10259.6 10262 10266.8
10330.4 10333.4 10335.2 10336 10335.2 10334.5 10333.1 10331.8 10331.4 10332.9 10338 10342.3 10341.9 10337.9 10332 10325.6 10318.9 10312.2 10305.4 10299 10294.3 10291.4 10289.4 10287.6 10285 10282.3 10278.1 10272.6 10269 10272.6 10261.4 10252.5 10246.6 10242.2 10238.9 10238.1 10235.3 10232.3 10229 10225.4 10221.6 10217.6 10254.7 10252.2 10250 10239.9 10240.7 10223.4 10219.8 10215.4 10217.5 10222.8 10191 10137.1 10098.1 10110.8 10196.2 10272.3 10273.6 10265.7 10255.1 10245.9 10243.1 10235.4 10228 10222.3 10215.6
10342.6 10344.6 10345.8 10345.9 10345.5 10344.5 10342.5 10340.3 10339.2 10340.9 10345.1 10349.2 10347.1 10340.8 10333 10324.9 10315.8 10306 10295.1 10286.3 10283.4 10281.7 10279.5 10276.3 10270.8 10266 10263.7 10259.3 10254 10246.3 10237.1 10236.3 10236.7 10236.3 10236.3 10234.8 10232.7 10229.9 10226.7 10223.1 10219.1 10259.4 10258.7 10257.2 10255.1 10251.5 10240.2 10229.1 10224.5 10212.5 10210.2 10213.2 10167 10089.6 10025 10040.2 10142 10230.2 10254.9 10252.6 10241.5 10232.8 10220.2 10204.6 10190.9 10181.5 10180.9
10357.3 10357.6 10357.8 10357.8 10357 10355.3 10353 10349.5 10345.9 10346 10350.4 10354.9 10351.3 10342.3 10333.8 10325.2 10315.4 10303.7 10289.3 10277 10276.3 10276.3 10273.8 10269.4 10263.3 10258.1 10253.5 10247.7 10239.6 10230 10219 10223.7 10229.1 10232.5 10233.9 10233.8 10232.7 10230.4 10227.4 10241.2 10239.2 10255.1 10253.9 10251.8 10240.3 10234.6 10234.4 10229.2 10222.7 10202.7 10190.4 10165 10125.5 10055.1 9982.51 10005.8 10109.9 10198.4 10236.3 10235.4 10222.3 10210.7 10190.7 10169.5 10151.7 10137.6 10132.6
10372.3 10371.6 10370.7 10370.2 10369.1 10367.6 10365.2 10361 10355.6 10353.2 10353.9 10353.8 10348.7 10341.3 10334.7 10327.6 10318.7 10307.3 10292.4 10279.2 10278.3 10278.2 10274.2 10267.1 10259.1 10253.2 10248.1 10241.5 10231.7 10217.7 10211.4 10219.7 10226.8 10231.5 10234.5 10234.9 10235.2 10233.2 10230.3 10226.6 10222.3 10237.1 10231.3 10228.1 10223.8 10232.9 10232.4 10226.4 10217.8 10202.3 10185.2 10155 10124.8 10060.5 9987.19 10016.3 10109.8 10200.3 10224.9 10213.6 10195.4 10177.1 10149.8 10130.9 10113.5 10097.3 10090.7
10387 10385.6 10383.5 10382.2 10380.8 10380 10378.7 10375.9 10368.6 10363.8 10358.2 10349.4 10342.1 10339.2 10337 10333.1 10327 10318.4 10307 10292.9 10292.4 10289.9 10281.8 10270.8 10259.8 10253 10248.3 10242.5 10234.7 10223.8 10220.5 10226 10231.5 10235.1 10237.3 10237.6 10236.3 10234.2 10230.8 10226.7 10225.8 10221.8 10216.7 10211.2 10205.8 10233.3 10227.6 10220.7 10216.4 10204.1 10191.1 10176.7 10160.8 10108.9 10054.3 10071.4 10126 10182.2 10199.5 10183.5 10158.5 10122.8 10105.5 10094.6 10081.1 10066.6 10057.2
10402.6 10400 10397.1 10394.2 10392.1 10391.4 10392.4 10394.4 10393.8 10381.9 10366.9 10349.2 10336 10341 10343.1 10342 10339.2 10335.3 10331.1 10329.5 10322.5 10310.8 10297.3 10280.5 10264.4 10258.5 10254.8 10250.1 10246 10246.8 10242.5 10238 10239.1 10242.4 10244.3 10245.4 10244.1 10240.2 10236.9 10232.8 10227.5 10222.3 10216.6 10210.7 10209.2 10222.6 10215.9 10220 10211.5 10203.8 10193.6 10186.6 10178.9 10160.3 10161.3 10135.3 10140.6 10162.2 10165.5 10147.5 10124.9 10095 10076.4 10068.2 10058.4 10047.5 10038
10419.5 10414.4 10409.2 10405 10401.8 10400.6 10402.1 10407.7 10413.6 10397.3 10378.4 10362.8 10354.7 10354.1 10354.1 10353.9 10353.7 10353.5 10354.3 10355.8 10348.3 10334.7 10319.4 10300.1 10278.7 10273 10267.5 10261.1 10256.1 10252.9 10246.9 10248.9 10249.8 10252.2 10253.3 10252 10249.2 10246.1 10242.2 10237.9 10233 10227.7 10222 10211.6 10209.8 10203.4 10196.7 10207.8 10211 10200.9 10190.2 10179.5 10167.6 10170.9 10180.9 10154 10138.5 10127.8 10116.6 10112.5 10098.6 10077.5 10061.2 10053.3 10047.1 10040.2 10034.9
10433.8 10426.6 10419.9 10414 10409.2 10405.5 10404.1 10406.1 10407.7 10397.6 10385.4 10377.9 10376.6 10369.1 10366.6 10367 10368.2 10370 10371.9 10372.1 10367.9 10358.5 10346.4 10331.8 10313.9 10298.2 10284.7 10273.3 10265.1 10261.5 10263.2 10263.5 10262.8 10259.4 10261.2 10257.7 10253.6 10249.3 10244.6 10239.6 10234.2 10228.6 10223.4 10216.6 10210 10203.1 10201.6 10194.3 10197.6 10190 10181 10174.5 10163.1 10156.9 10149 10143.2 10128.3 10108.8 10092.2 10090.9 10083.7 10067.4 10053.1 10047.9 10044.7 10042.1 10039.4
10443.7 10436.2 10428.5 10421 10413.7 10407.2 10400.9 10395.3 10391.2 10390 10386.3 10381.7 10377 10375.6 10377.1 10379 10381.4 10384.2 10387.1 10388 10385.5 10380.8 10373.3 10364.5 10348.8 10323.8 10302.3 10285.2 10273.1 10269.4 10282.5 10280.7 10277.1 10272.5 10267.5 10264.7 10259.5 10254.1 10248.6 10242.8 10237.2 10232.6 10221.7 10215.4 10209.1 10202.9 10193.9 10188.9 10184.2 10179 10172.9 10171.3 10161.1 10149.1 10140.1 10135.4 10123.1 10104.9 10086.9 10086.6 10080.9 10066.6 10053.1 10049.8 10048.6 10048.8 10052
10451.5 10443.7 10434.8 10426 10417 10408 10397.7 10386.9 10381.3 10385.4 10387 10385.3 10380.4 10383.1 10387.6 10390.1 10392.7 10396 10400.1 10403.6 10404.7 10400.5 10394 10387.6 10370.2 10341.7 10315.8 10294.8 10279.7 10275.2 10294.8 10294.2 10286.3 10277.3 10272 10265.7 10259.5 10252 10244.4 10236.9 10235 10226.9 10220.1 10213.6 10208.2 10202.8 10197.2 10190.4 10186.2 10181.4 10175.3 10171.1 10163.9 10157.4 10148.5 10139.9 10126.1 10111.7 10101.6 10094.3 10089.9 10075.6 10062.8 10056.6 10054.2 10053.7 10057.2
10457.8 10448.9 10439.6 10429.9 10420.1 10409.7 10398.9 10387.5 10382.8 10387.7 10392 10394.9 10397.7 10399.9 10399.7 10399.9 10401.2 10403.9 10408.4 10415.2 10421.3 10412.4 10403.8 10396.4 10377.7 10349.8 10323.5 10301.6 10286.1 10283.7 10297.5 10300.8 10292.5 10282.6 10278.3 10269.3 10260.5 10251.9 10246.4 10247.1 10240.2 10233.3 10226.5 10221.3 10217.4 10211.2 10208.8 10202.4 10196.4 10190.3 10182.3 10178 10176.9 10182.4 10172.1 10151.2 10132.3 10117 10106 10097.2 10094.7 10081.5 10070 10063.7 10059.3 10055.1 10046.5
10460.4 10452.2 10442.9 10433.1 10423.4 10413.9 10404.7 10396.2 10392.9 10395.7 10400.1 10405.5 10412.6 10413.9 10409.6 10407.1 10405.6 10405.9 10408.3 10413.3 10417.5 10408.4 10399.7 10392.4 10374.2 10349.5 10325.6 10305.1 10290.3 10289.2 10301.2 10305.7 10297.9 10287.8 10283.4 10274.6 10266.1 10260.1 10256.5 10249.5 10242.7 10237.5 10234.7 10230.8 10224.3 10217.1 10210.8 10205.1 10199.3 10194.1 10189 10186.2 10188 10194.9 10183 10159.1 10136.5 10116.2 10098.2 10089.1 10085 10080.7 10075.9 10070.5 10065.7 10058.2 10043.3
