real_craters/C138-500m.grd
DSAA
179 179
-44.4325 44.4325
-44.4325 44.4325
8977.4252238532 10978.094175821
[rows 60 to 89 of 179, columns 67 to 133 of 179]
10329.7 10325.5 10322.5 10297 10262 10235.7 10217.2 10205.6 10221.2 10235.3 10220.1 10213.1 10182.5 10168.3 10181 10188.2 10120 10141.3 10239.5 10351.8 10458.3 10426.1 10380.3 10335.9 10314.1 10292.3 10265 10236.3 10210.5 10183.2 10165.9 10150.8 10145.9 10140.1 10136.8 10122.5 10110.8 10100.9 10058.4 10013.3 9978.72 9959.92 9944.71 9950.23 9956.53 9951.75 9943.02 9930.92 9920.05 9910.5 9902.96 9899.55 9894.07 9896.65 9930.03 9932.54 9924.25 9914.37 9906.43 9899.12 9887.91 9872.95 9837.22 9811.05 9806.28 9789.07 9763.5
10352 10332.1 10291 10251.7 10238.7 10239 10238.9 10233.4 10235.7 10268.1 10223.6 10145.1 10137 10109.6 10084.1 10069.6 10063.4 10102.1 10201.7 10326.6 10435.3 10421 10388.6 10371.3 10349.4 10302.6 10270.6 10244.4 10208.2 10181.1 10161.8 10155.7 10157 10162.1 10167.9 10157.1 10138.6 10104.8 10074.9 10034.2 10002.7 9984.16 9990.14 9990.45 9985.77 9976.51 9964.4 9955.5 9946.81 9949.01 9960.52 9934 9909.21 9902.87 9942.46 9947.19 9938.68 9925.58 9908.34 9894.46 9888.74 9897.15 9909.86 9890.4 9860.4 9836.07 9804.06
10395.6 10347.7 10302.3 10250 10232 10246.5 10268.6 10306 10354.5 10368.6 10285.9 10200.8 10109.8 10055.4 9996.58 9976.43 9990.4 10025.9 10131.4 10251.7 10365.5 10375.4 10341.3 10317.7 10288.8 10263.7 10258.1 10228.6 10176.5 10151.1 10145.2 10151.3 10161.2 10172.8 10182.6 10168.5 10146.2 10126.2 10085.2 10046.9 10019.5 10010.9 10023.5 10028.9 10017.6 9999.81 9984.3 9972.18 9964.01 9963.37 9967.09 9943.81 9918.1 9902.11 9950.2 9952.63 9941.87 9929.18 9902.04 9883.75 9884.78 9908.21 9933.08 9930.7 9907.36 9886.57 9861.38
10402.5 10355.8 10330.4 10296.8 10254.1 10260 10287 10343.7 10448.8 10424.9 10223.8 10115.5 10063.7 10026.1 10000.2 9968.94 9959.59 9989.63 10045.8 10127.4 10225.6 10271.3 10217.9 10201 10201.5 10143.9 10137.3 10126 10090.3 10087.9 10107.2 10128.9 10156.6 10173.5 10171.7 10165.5 10138.4 10111.7 10087.9 10058 10033.2 10047.4 10071.4 10068.5 10045.1 10018.2 9995.84 9977.95 9964.63 9954.76 9945.9 9932.48 9922.99 9931 9950.96 9945.33 9931.03 9911.38 9887.53 9868.32 9870.39 9906.68 9936.94 9940.74 9934.32 9928.97 9922.73
10362.5 10348.3 10323.4 10282.2 10256.4 10271 10285.5 10287.1 10249.6 10228.7 10091.6 10023.9 10011.5 9996.45 9992.32 9960.84 9936.26 9924 9950.05 9973.68 9977 10020.6 10013.6 9990.55 9956.66 9947.72 9929.32 9917.82 9954.9 10000.7 10051.4 10098.8 10147.2 10186.2 10191.4 10188.8 10150.4 10120.2 10106.5 10077.6 10045.9 10049.7 10084.8 10090.4 10056 10025.9 10000 9976.37 9957.26 9940.13 9923.44 9912.76 9916.24 9929.61 9932.95 9940.36 9921.76 9885.72 9872.92 9872.75 9879.46 9900.83 9927.44 9937.64 9943.7 9950.63 9960.85
10372 10357.6 10332.9 10299.9 10298.9 10303.7 10283.7 10244 10175.7 10108.1 10006.2 9987.23 9990.11 9981.68 9935.58 9938.46 9918.43 9894.93 9874.04 9848.21 9801.54 9779.53 9794.56 9787.52 9760 9766.86 9751.11 9737.49 9828.46 9915.25 9987.81 10066.4 10145.4 10219 10267.2 10262.8 10216.8 10181.4 10155.4 10111.5 10063.9 10053.2 10052.2 10063.5 10040.6 10013 9991.38 9971.93 9951.72 9931.21 9909.31 9900.72 9910.59 9930.08 9973.14 9974.49 9932.82 9886.38 9871.49 9879.24 9881.77 9887.75 9901.09 9922.45 9939.39 9951.88 9953.94
10402.4 10385.8 10380.1 10384.8 10387.1 10368.7 10312.9 10238.4 10154.1 10085.3 10032.2 10007.5 10000.2 10005 10002.2 9959.5 9919.15 9874.79 9833.34 9770.12 9684.28 9615.03 9629.41 9644.48 9645.51 9661.53 9668.48 9670.87 9772.32 9852.45 9929.55 10018.4 10118.8 10238 10332.7 10353.4 10353.2 10300.7 10230.1 10156.8 10082.5 10038.6 10043.7 10028.6 10007.3 9989.81 9977.2 9962.06 9944.92 9927.75 9910.03 9902.93 9923.8 9957.4 10015.6 10008.5 9947.46 9894.82 9866.72 9863.19 9869.47 9873.31 9882.94 9908.84 9930.36 9945.51 9954.28
10405.4 10419.1 10443 10465 10528.3 10473.5 10370.6 10263.4 10147.3 10089.6 10085.3 10028.9 9999.43 10000.2 10015.1 9957.01 9928.04 9900.6 9842.96 9737.66 9619.47 9534.3 9532.21 9556.75 9583.12 9604.09 9647.97 9768.22 9758.1 9793.77 9859.9 9945.01 10050.4 10184.3 10309.4 10389.3 10452.4 10394.6 10295.6 10201.2 10127.4 10066.7 10034.1 10003.8 9980.66 9976.4 9970.95 9962.66 9951.35 9938.97 9928.04 9924.61 9952.91 9982.45 10007.5 9996.22 9949.36 9888.54 9854.6 9856.89 9865.76 9872.77 9883.16 9905.08 9922.96 9934.82 9943.32
10406.9 10454.4 10513.9 10582.3 10643.5 10549.7 10424.3 10300.1 10184 10119.7 10063.1 10005.7 9959.68 9921.17 9901.35 9903.39 9904.75 9920.75 9860.95 9715.85 9593.67 9498.49 9483.38 9500.47 9517.28 9547.41 9586.19 9618.54 9662.19 9706.47 9764.62 9840.43 9934.52 10035.8 10165.9 10317.7 10462 10402.1 10322.2 10235.4 10135.3 10094.3 10075 9983.97 9956.34 9960.62 9959.85 9960.74 9953.31 9951.79 9955.08 9974.09 9977.88 9995.06 10013.8 10009.2 9954.93 9890.47 9853.24 9858.65 9879.51 9893.46 9901.78 9912.82 9919.67 9923.76 9925.33
10408.9 10491 10578 10645.2 10631.3 10566.7 10453.1 10324.9 10215.6 10127.9 9996.19 9959.37 9913.7 9852.25 9821.19 9835.02 9834.74 9822.47 9763.25 9665.76 9577.29 9514.41 9460.68 9455.65 9480.48 9502.87 9504.52 9537.41 9568.24 9594.8 9643.23 9711.31 9791.92 9903.02 10025.5 10155.2 10247.5 10314.5 10313 10277 10190 10130.5 10079.1 10008.3 9975.33 9975.72 9974.34 9972.1 9967.89 9965.53 9968.1 9976.44 9964.9 9981.85 10012.1 10022.3 9958.05 9900.57 9870.21 9885.05 9907.01 9934.55 9936.25 9925.13 9920.06 9917.03 9918.5
10425.9 10542.8 10641.2 10710.3 10715.7 10620.5 10477.5 10329.3 10188.8 10042.2 9962.23 9922 9883.86 9851.06 9808.38 9780.63 9752.04 9708.14 9643.34 9590.54 9533.26 9504.14 9435.67 9398.24 9394.3 9390.67 9387.26 9404.56 9423.46 9457.9 9508.22 9569.24 9638.73 9711.43 9847.14 9996.59 10128.8 10212.6 10288.4 10352.2 10348.2 10260.5 10181 10107.1 10052.4 10026.7 10012.4 10000 9990.78 9981.13 9972.93 9966.89 9958.35 9979.03 9992.02 9978.52 9948.98 9912.82 9896.66 9925.13 9926.99 9941.06 9940.48 9930.78 9922.78 9915.41 9914.09
10538.3 10621 10702.3 10786.7 10794.1 10642.1 10479.2 10309.4 10147.9 10034.7 9988.11 9870.7 9835.14 9828.64 9777.46 9716.89 9669.5 9620.77 9579.09 9508.25 9449.18 9383.61 9351.3 9311.67 9278.92 9246.93 9254.2 9253.65 9271.69 9322.41 9375.49 9434.39 9503.01 9586.39 9697.69 9824.06 9959.61 10088.6 10217.9 10379.2 10529.2 10476.2 10383.9 10243.6 10145.8 10090.1 10060.5 10035.2 10014.6 9995.95 9980.86 9967.23 9996.33 9996.98 9986.94 9966.41 9947.9 9929.27 9933.18 9928.63 9926 9928.54 9931.05 9931.02 9927.7 9922.13 9916.06
10653 10687.9 10727.5 10747.9 10707.5 10616.5 10447.4 10258.3 10077.3 9908.32 9785.14 9774.87 9752.36 9713.49 9678.68 9630.05 9578.39 9525.86 9468.56 9418.48 9367.76 9305.75 9256.65 9234.65 9200.31 9164.99 9161.97 9156.84 9167.51 9212.59 9261.78 9308.45 9366.91 9457.95 9562.05 9668.77 9792.28 9942.21 10077.5 10222.2 10387.5 10480.3 10433.6 10304.4 10194.6 10156.4 10121.8 10087.4 10055.3 10025.6 9999.26 9985.33 10011.4 10007 9992.82 9975.95 9958.53 9939.85 9912.39 9912.54 9915.98 9916.53 9924.06 9931.58 9935.82 9941.26 9949.79
10695.5 10719 10732.6 10721.8 10661.7 10589.8 10392.1 10186.5 9999.7 9855.35 9752.72 9714.44 9677.14 9626.48 9590.74 9545.92 9492.99 9437.44 9384.76 9341.32 9310.7 9279.38 9227.66 9195.22 9163.16 9132.9 9117.41 9104.85 9101.83 9139.95 9173.29 9199.82 9227.32 9289.19 9425.85 9601.32 9708.29 9796.97 9902.8 10009.3 10181.6 10407.2 10436.7 10372.5 10280.4 10235.6 10194.9 10153 10105.4 10064.5 10027.5 9999.79 9998.21 10009 10005.5 9991.21 9981.44 9970.04 9942.86 9927.92 9921.83 9916.92 9928.16 9939.17 9946.29 9949.9 9956.34
10738.2 10743.2 10724.3 10707.7 10725.4 10537.3 10298.1 10099.8 9929.76 9794.08 9744.59 9683.65 9621.33 9573.69 9522.19 9476.14 9428.51 9370.98 9310.49 9279.87 9270.01 9261.44 9228.18 9185.63 9149.13 9123.79 9103.83 9093.14 9093.25 9111.69 9121.51 9124.1 9121.45 9158.73 9290.15 9431.4 9547.72 9641.5 9739.49 9844.9 10023.1 10259.9 10413.5 10453.9 10375.7 10328.2 10273.6 10213.6 10157.8 10102.9 10055.9 10011 10000.9 10023.6 10032.9 10032.1 10030.9 10022.8 10011 9970.54 9945.87 9935.59 9946.55 9956.38 9963.76 9967.47 9969.6
10835.2 10758 10674.7 10592.1 10493.4 10290.6 10128.2 9981.27 9849 9756.02 9763.44 9620.72 9538.61 9492.4 9448.45 9412.76 9373.58 9325.61 9268.23 9243.18 9240.89 9235.43 9220.68 9178.58 9138.21 9111.44 9095.22 9096.47 9125.6 9110.38 9100.72 9090.94 9082.07 9106.16 9180.6 9275.64 9382.14 9484.76 9588.51 9723.54 9900.39 10089.7 10352.3 10536.1 10490.6 10408.3 10338.8 10266.5 10201.3 10137.8 10084.5 10047.3 10046.6 10048.9 10064.1 10089 10097 10064.5 10034.4 9997.56 9987.87 9976.02 9975.57 9977.88 9983.75 9990.85 9986.96
10877.7 10735.9 10588.6 10427 10235.4 10047.4 9953.46 9856.56 9762.9 9707.06 9611.49 9488.3 9428.97 9388.37 9378.25 9361.21 9335.98 9305.95 9272.28 9250.81 9238.37 9219.75 9189.51 9162.18 9126.33 9094.08 9081.66 9089.44 9098.83 9102.97 9100.13 9090.23 9079.47 9088.24 9114.69 9141.67 9258.54 9358.68 9451.43 9561.45 9739.82 9948.1 10207.4 10395 10440.4 10427 10375.6 10307.9 10235.2 10165.6 10109.4 10060.4 10047.6 10060.4 10078.3 10101.3 10105.9 10074.1 10048.1 10042.7 10035.4 10025 10003.4 9994.53 9995.88 10003.6 9995.71
10834.8 10674 10484.6 10284.5 10071.5 9943.29 9860.42 9744.08 9630.06 9541.05 9465.91 9405.53 9361.15 9335.87 9331.97 9327.69 9317.08 9307.61 9303.75 9294.67 9251.29 9217.92 9195.5 9155.47 9113.75 9084.21 9074.64 9087.49 9104.26 9116.87 9116.68 9109.32 9104.93 9101.89 9110.92 9137.72 9203.27 9276.88 9346.14 9431.93 9631.39 9846.6 10046.8 10195.3 10356.9 10417.1 10385.6 10330.8 10257.6 10190.9 10130.5 10082.4 10063.4 10065.3 10076.8 10087.8 10088 10056.4 10043.9 10039.2 10045.9 10032.6 10013.7 10002 9996.34 9997.33 9988.13
10780.3 10566.3 10360.6 10170.7 9993.31 9889.9 9782.3 9639.21 9524 9440.94 9391.08 9364.61 9326.57 9312.38 9318.56 9320.68 9317.47 9312.01 9310.31 9302.39 9254.38 9213.27 9161.28 9132.76 9103.1 9076.75 9068.52 9093.21 9130.86 9151.11 9142.29 9134.01 9124.12 9119.08 9128.16 9161.54 9187.88 9237.49 9295.83 9382.07 9595.66 9796.79 9940.16 10073.9 10255.8 10366.5 10377.1 10339.5 10277.2 10207.3 10141.9 10093.7 10071.8 10068.6 10072.7 10063 10029.6 10022.9 10035.6 10080.1 10043.7 10023 10012.7 10002.4 9991.58 9978.88 9978.16
10601.6 10394.5 10223.8 10060.1 9911.38 9768.61 9622.57 9542.53 9456.52 9395.47 9354.19 9331.87 9317.63 9313 9322.68 9324.74 9320.48 9309.68 9290.8 9263.58 9246.57 9226.2 9189.98 9141.64 9110.47 9080.46 9064.81 9099.08 9144.45 9171.01 9159.06 9150.71 9155.05 9128.84 9116.14 9136.15 9180.04 9230.44 9289.32 9383.29 9544.15 9714.34 9859.19 10014.4 10189.1 10331.9 10381.7 10350.3 10285.4 10208.6 10138.1 10096.2 10085.1 10087.4 10082.9 10063.4 10037.2 10035.2 10056.4 10099.2 10051.8 10022.3 10010.3 9998.61 9992.84 9988.16 9972.02
10425.6 10227 10080.8 9946.4 9820.06 9678.69 9529.14 9494.88 9445.88 9393.71 9354.5 9303.4 9312.52 9328.67 9336.79 9333.76 9327.4 9311.35 9283.32 9250.52 9250.75 9263.86 9261.03 9184.98 9146.55 9109.91 9084.74 9111.43 9149.02 9170.92 9160.48 9146.28 9130.93 9123.48 9113.67 9135.68 9189.68 9247.79 9300.36 9360.14 9495.29 9644.42 9787.33 9941.6 10162.6 10380.7 10406.8 10366.2 10293.1 10209.4 10120.9 10069.6 10111.1 10130.5 10103.5 10082.9 10080.6 10081 10087.1 10086.9 10054 10031.6 10012.8 9993.76 9975.92 9967.05 9960.67
10238.2 10065 9951.22 9841.92 9732.09 9619.89 9538.13 9505.4 9478.9 9408.8 9337.45 9304.51 9355.64 9351.36 9353.21 9352.46 9351.31 9335.34 9308.97 9265.69 9290.27 9316.1 9311.01 9252.29 9216.78 9175.66 9137.56 9140.3 9153.79 9163.41 9152.75 9143.87 9136.13 9134.92 9130.04 9161.01 9218.38 9285.73 9371.49 9435.98 9485.88 9600.91 9732.13 9878.27 10113.6 10382.6 10413.9 10372.2 10297.9 10208.4 10116.1 10063.6 10110.1 10133.2 10110.3 10091.4 10077.8 10079.3 10084.8 10083.3 10074.1 10041.8 10016.4 9990.16 9957.87 9945.75 9952.56
10071.3 9915.97 9846.59 9763.79 9668.95 9574.93 9525.41 9516.59 9503.92 9412.71 9323.55 9299.01 9360.99 9362.91 9365.04 9365.97 9369.3 9371.12 9369.08 9376.21 9399.37 9406.39 9388.16 9353.79 9312.61 9267.82 9221.94 9185.47 9157.34 9145.01 9137.17 9150.4 9164.61 9169.68 9186.48 9206.4 9250.15 9310.66 9393.5 9492.23 9510.57 9593.19 9698.08 9824.55 10030.6 10305.4 10390.8 10363.5 10294.5 10211.7 10134.2 10096.2 10103.6 10100.7 10105.5 10095.1 10083.3 10085 10080.5 10074.7 10062.9 10044.8 10023.3 10000 9971.66 9959.22 9961.6
9978.31 9845.29 9794.94 9725.97 9642.95 9556.89 9513.48 9490.74 9464.37 9383.91 9308.87 9292.45 9320.84 9352.19 9366.41 9363.45 9379.98 9402.15 9436.51 9493.69 9516.83 9505.68 9496.08 9462.89 9429.2 9365.14 9297.34 9226 9157.17 9104.24 9112.08 9152.06 9183.53 9205.03 9226.59 9242.1 9269.38 9310.91 9364.29 9465.26 9550.99 9603.9 9681.06 9787.15 9969.21 10264 10363.9 10343.7 10285.4 10214.5 10150.8 10117.3 10119 10123.2 10115.7 10104.5 10085 10074.2 10071.2 10063.1 10056.8 10047.3 10034.5 10022.8 10013.3 9995.82 9982.66
9961.38 9847.67 9793.5 9725.99 9650.32 9575.26 9514.16 9431.35 9372.12 9340.76 9313.11 9306.36 9327.07 9335.48 9339.21 9354.79 9381.26 9416.26 9465.42 9520.96 9556.79 9571.17 9613.21 9666.75 9554.15 9441.26 9342.92 9249.84 9160.29 9086.72 9093.05 9163.29 9204 9224.55 9249.46 9258.07 9271.7 9304.49 9359.37 9448.36 9542.51 9596.45 9668.72 9767.17 9925.37 10206 10319.3 10309.5 10267.6 10212.5 10162.2 10141.5 10143.2 10138.2 10137.5 10127.9 10105.5 10076.9 10069.7 10059.6 10060.2 10051.8 10043.8 10038.9 10044.3 10020.4 10001.3
9980.96 9869.05 9808.81 9740.7 9671.39 9606.06 9477.9 9355.09 9309.03 9300.75 9309.8 9371.88 9340.06 9299.8 9303.73 9328.85 9367.73 9412.55 9465.86 9526.21 9573 9563.72 9583.95 9626.66 9582.3 9459.91 9356.62 9260.78 9173.84 9101.4 9084.44 9122.35 9165.27 9213.05 9260.89 9248.38 9252.06 9276.3 9341.09 9421.87 9502.95 9576.5 9656.28 9752.37 9879.15 10106 10240 10261.6 10245.4 10207.6 10161.3 10160 10175.1 10177.5 10177.2 10165.4 10148.2 10110.1 10088.4 10065.8 10056.3 10058.2 10048.4 10035.7 10022.2 10018.4 10010.4
10004.6 9875.24 9825.81 9755.73 9684.79 9608.9 9459.55 9319.11 9283.42 9258.96 9249.46 9236.63 9209.08 9233.72 9262.95 9302.46 9343.19 9390.44 9429.99 9468.14 9481.14 9479.94 9464.61 9443.87 9467.69 9418.31 9347.85 9270.87 9189.23 9120.61 9074.24 9049.96 9096.25 9157.57 9203.01 9208.41 9217.73 9236.4 9282.23 9380.69 9466.68 9562.4 9655.03 9754.13 9868.6 10031.5 10158.1 10218.8 10229.3 10214.1 10189.5 10199.6 10217.2 10233.9 10225.3 10203.6 10183.7 10173.4 10127 10101.3 10090.8 10081 10061.4 10039.4 10014.2 10017.2 10017.6
10028.9 9926.13 9831.9 9756.69 9682.29 9592.82 9452.53 9311.98 9255.56 9217.22 9183.37 9153.05 9140.17 9179.31 9233.88 9278.36 9315.6 9357.46 9389.27 9405.67 9398.19 9388.77 9358.31 9325.84 9356.67 9359.66 9328.1 9275 9198.68 9122.48 9063.14 9044.51 9056.4 9081.82 9118.59 9154.68 9185.02 9221.31 9298.9 9380.33 9463.09 9562.95 9667.32 9774.41 9889.19 10020.4 10138 10207.3 10230.5 10235.1 10233.5 10239.5 10253.9 10265.2 10257 10228.4 10199.7 10179.8 10149.2 10137.5 10136.6 10111.7 10079.9 10051.6 10034 10027.7 10027.6
10023.8 9860.08 9801.04 9744.83 9674.16 9585.9 9461.28 9312.98 9246.79 9197.2 9150.52 9121.62 9122.74 9155.78 9216.59 9270.94 9308.02 9347.15 9370.59 9375.97 9350.61 9341.55 9301.29 9252.9 9293.2 9319.47 9306.67 9270.69 9197.05 9122.57 9076.92 9058.19 9047.3 9031.4 9060.4 9117.85 9161.38 9210 9323.05 9402.48 9480.62 9578.93 9690.22 9806.49 9919.01 10057.2 10187.1 10219.7 10239.6 10253.1 10267.7 10266.8 10275.9 10287.7 10280.9 10236.1 10196.4 10164.7 10144.8 10131.7 10142.3 10129.6 10097.1 10062.8 10039.7 10039.1 10039.5
10019.6 9842.62 9779.58 9731.81 9665.75 9588.09 9491.74 9343.27 9258.15 9202.58 9157.8 9129.96 9170.73 9172.74 9206.35 9244.55 9286.19 9326.12 9362.05 9386.47 9388.33 9366.83 9310.34 9243.14 9293.69 9294.66 9275.84 9256.23 9170.09 9087.43 9053.76 9075.74 9058.87 9067.15 9078.54 9110.41 9151.25 9204.04 9312.75 9394.28 9485.27 9594.89 9716.89 9848.67 9989.24 10115.2 10176.4 10221.3 10246 10255.6 10262.8 10277.1 10280.3 10274.1 10254.2 10234.1 10190 10160.7 10151.5 10158.4 10162.2 10146.3 10113.7 10083.9 10064.3 10054.8 10051.9
