real_craters/C138-500m.grd
DSAA
179 179
-44.4325 44.4325
-44.4325 44.4325
8977.4252238532 10978.094175821
[rows 30 to 59 of 179, columns 0 to 66 of 179]
10476.8 10502.3 10511.5 10515 10500.3 10485.9 10472.1 10458.7 10448.2 10446 10437.9 10436.2 10441.1 10437 10433.9 10429.4 10431.6 10446.5 10454.2 10459.6 10456.8 10445.8 10433.2 10418.9 10402.9 10387.2 10372.3 10356.2 10344 10334.2 10325.8 10310.2 10291.2 10270.3 10265 10256.9 10242.2 10225.7 10204.5 10188.6 10180.5 10172.3 10162.1 10158.4 10159 10158.9 10157 10154.1 10148.8 10142.6 10128.4 10098 10075.7 10073.9 10042.5 9961.84 10006.5 10005.9 9979.54 9949.6 9922.86 9908.03 9898.85 9864.89 9867.63 9840.73 9841.89
10486.8 10510.9 10522.2 10521.7 10508.5 10494.6 10481.5 10470.5 10461.4 10453.1 10452.7 10457.5 10465.1 10461.3 10456.4 10447.7 10449.2 10457.8 10464.6 10469.1 10465.7 10458.3 10446.8 10431.9 10416 10400.9 10386.3 10372.4 10359.3 10347.9 10339.1 10323.1 10304.1 10282.4 10287.7 10274.2 10250.3 10228.5 10215.4 10206.6 10195 10183.7 10172.2 10169.2 10170 10169.2 10167.2 10163.2 10159.1 10155.3 10151.3 10121.3 10086.8 10073 10056.6 10057.2 10037.8 10011.4 9990.84 9966.08 9943.9 9933.12 9942.09 9885.15 9871.46 9859.88 9882.05
10488 10507 10515.7 10516.1 10507.6 10497.9 10489.5 10482.1 10474.8 10468.7 10468.9 10472 10473.9 10467 10459.9 10464 10468.9 10474.3 10478.5 10482.8 10479 10473.2 10461.3 10445.8 10430.8 10416.2 10400.9 10387.1 10373.5 10359 10338.2 10329.9 10319.7 10310.1 10303.7 10280.6 10257 10234.5 10228.8 10221.5 10212.8 10200.8 10188.7 10184.6 10184.4 10181.2 10176.1 10169.6 10162.5 10155.2 10145.1 10099.5 10071.8 10065.3 10042.9 10010 10013.1 10016.8 10007.6 9986.61 9967.67 9960.59 9968.04 9927 9905.46 9894.07 9897.16
10489.2 10495.5 10499.3 10504 10504.4 10500.8 10494.6 10490.3 10486.9 10486.3 10487.1 10485.3 10480.8 10474.7 10467.3 10485.8 10489.3 10491.3 10492.9 10497.3 10500.3 10489.5 10471.4 10456 10440.7 10425.5 10412.2 10397.4 10383.5 10371.3 10364.7 10345.2 10333.7 10320.7 10297.7 10286.6 10269.8 10252.9 10248 10246.4 10236.3 10220.8 10208.9 10204.7 10199.3 10191.3 10181.4 10170 10158.6 10143 10112.7 10065.6 10045.2 10043.4 10025.2 10009.1 10024.3 10029.5 10019.3 10004.7 9990.82 9982.88 9986.7 9969.86 9955.65 9932.39 9929.78
10495.1 10498.8 10498.4 10499.7 10502.9 10502.5 10500.8 10498.7 10498 10499.4 10501.6 10500.2 10497.6 10492.8 10488.9 10503.5 10507.9 10506.2 10504.4 10502.9 10504.7 10492.7 10474.7 10460.1 10446.4 10432.9 10419.2 10405.9 10391.3 10376.4 10364.3 10355 10347.1 10334.5 10317.4 10302.3 10286 10271.8 10267.2 10266.8 10254.6 10232.8 10221.1 10217.5 10211.1 10198.4 10184.2 10169.2 10152.6 10132.6 10103.9 10040 10016.8 10010.3 10010.4 10021.7 10051.5 10049.3 10035.4 10021.6 10010.4 10002.4 10001.2 9986.97 9971.58 9953.05 9951.8
10506 10504.8 10500.2 10503.1 10507.5 10509.1 10508.6 10507.5 10506.2 10505.5 10506.3 10514.9 10520.1 10516.3 10514.7 10517.5 10523.9 10519.6 10512.5 10503.9 10494 10481.3 10472.5 10462.5 10452.2 10440.8 10427.1 10414.3 10400 10383.7 10368.1 10367.6 10360.6 10352.6 10340.7 10317.3 10298.3 10287 10277 10270.8 10257.2 10228.8 10217.1 10224.7 10217.6 10202 10184.5 10166.1 10144.7 10119.3 10084.5 10020.7 9999.37 9991.72 10006.5 10033.5 10083.1 10069.3 10050.5 10033.3 10022.9 10026.4 10016.6 9989.48 9973.71 9975.35 9992.48
10520.6 10518.4 10515.9 10514.4 10516.7 10518.1 10518.2 10517.3 10515.4 10513.1 10511.5 10524.2 10533.7 10538.4 10542.1 10552.6 10543.4 10533.2 10521.2 10509.1 10492 10476.9 10471.3 10465.2 10456 10445.1 10434.6 10422 10409.7 10398.2 10387.7 10381.4 10373.3 10363.2 10346 10322.3 10299.5 10284.4 10267.1 10251.2 10235.5 10214.8 10211 10221.9 10214.2 10199.7 10182.7 10162.6 10137.1 10104.2 10060.9 10026.3 10009.3 10001.5 10026.1 10055.4 10088.1 10075.8 10055.6 10033.7 10015.2 10000 9994.93 9989.17 9982.36 9977.43 10015.9
10538 10539.2 10535.8 10531.2 10530.8 10531 10530.7 10529.7 10528.1 10527.4 10530.2 10542.2 10552.9 10560.5 10565.5 10565.4 10558.3 10547.4 10533 10516.9 10496.5 10477.1 10475.8 10470.7 10460.6 10450.9 10441.1 10430.9 10421.3 10407.1 10398.1 10391.9 10384.9 10369.6 10347.5 10319.2 10289 10260.7 10237.2 10222.6 10208.3 10200.5 10202.2 10208.4 10201.5 10196.1 10181.8 10161 10135.5 10105.7 10074.6 10051.3 10049.1 10052.4 10057.9 10079.4 10078 10078.5 10056.8 10029 10000.7 9979.75 9977.77 9969.45 9985.27 9990.15 9998.5
10556.2 10557.6 10557.1 10548.3 10545.7 10544.3 10543.4 10542.7 10542.3 10543 10547.4 10563 10573.3 10581.3 10587.8 10579.8 10572.3 10560.6 10546.7 10530.4 10514.5 10502.2 10491.1 10480.6 10470.1 10458 10446.8 10442.2 10433.8 10426.9 10413.4 10402.4 10394.6 10377.8 10348.7 10314.2 10278.8 10240.4 10211.7 10209.4 10202 10197.3 10199.6 10204 10207.2 10199.2 10184.4 10165.4 10142.1 10113.1 10078 10063 10068.9 10072.2 10069.3 10088.2 10111.4 10088.1 10056.7 10021.1 9987.2 9963.52 9978.71 10010.8 10006.6 10018.2 10003.3
10572.5 10565.1 10561.8 10562.9 10561.3 10558.8 10557.1 10556.5 10557.2 10557.6 10560.9 10565.2 10582.8 10598.3 10608.3 10600.4 10587.2 10572.4 10558 10546.7 10534.8 10523.7 10509.9 10495.4 10480.8 10468.1 10455.1 10444.1 10437.8 10437.5 10419.9 10404.8 10399.3 10392.8 10353.1 10311.1 10280 10247.5 10220.2 10223.5 10221.1 10211.7 10207 10212.4 10219.8 10207.1 10192.1 10173.4 10152.7 10134.6 10105.1 10082.7 10072.2 10065.1 10064.7 10086.7 10109.4 10089.5 10054.8 10017.2 9979.04 9950.07 9974.22 10012.8 10029.9 10014.6 10006.8
10587.8 10580.7 10580.1 10580.3 10576.5 10573.2 10571.5 10571.4 10572.4 10573.7 10576.8 10581.1 10596.3 10612.4 10625.5 10614.9 10600.7 10584 10568.7 10558.2 10549.8 10544.6 10527 10505.8 10487.6 10472.5 10460.1 10445.1 10429.7 10409.6 10403.9 10394.9 10387.3 10375.1 10337.3 10305.2 10291.8 10280.8 10275.9 10259 10244.8 10219.2 10214.4 10211.8 10213.2 10213.4 10200.8 10183.4 10163.7 10142.5 10137.1 10114 10087.9 10069.9 10064.5 10073 10092.4 10080.9 10054.9 10022.5 9984.87 9947.6 9959.11 10008.9 10027.6 10024.9 10015.1
10602 10598.8 10599.1 10595.6 10588.7 10584.7 10583.4 10584.3 10587 10590.2 10598.2 10604 10611.7 10621.6 10620.9 10626.8 10609.6 10589.3 10572.7 10560.2 10554.2 10551 10532.4 10507.6 10489.4 10474.4 10460.8 10449.7 10427.9 10399.5 10394.3 10383.2 10366.2 10340.8 10324.5 10312.5 10310.8 10312 10314.4 10289.8 10259.6 10234.6 10232.9 10231.5 10233.9 10228.1 10212.5 10194.3 10177.5 10164.9 10156.1 10135.4 10115.6 10080.4 10049.8 10058.3 10069.7 10073.5 10064.7 10043.9 10018.3 9993.14 9991.35 10016.9 10025.3 10027.8 10029.5
10611 10608.1 10606.9 10602.1 10595.8 10593.5 10594.2 10596.6 10601 10605.4 10613.1 10617.4 10623 10628 10632.7 10629.2 10606.7 10585.7 10568.6 10555.2 10543.7 10533.9 10516.7 10498.1 10484.1 10472.5 10461.2 10450.7 10441.4 10427.6 10400.1 10377.8 10354.2 10334.1 10328.9 10329.2 10330.9 10332.2 10331.2 10308.8 10284.2 10272.6 10265.1 10258 10262.3 10242.7 10223.6 10205.9 10188.9 10172 10158.9 10147.8 10126.1 10095.2 10065.6 10059.4 10077.2 10087.1 10084.5 10073.7 10062.2 10061.8 10065.4 10059 10044.4 10043 10048.4
10614.4 10609.4 10602.7 10595 10597.2 10600.3 10604.1 10608 10612.7 10618.1 10625.6 10632.1 10629.3 10626 10621.8 10605.4 10590.9 10574.1 10557.5 10542.4 10526 10504.6 10487.2 10484.1 10478 10469.7 10461.1 10454.2 10446.4 10429.8 10404.4 10378 10352.8 10336.5 10343.7 10355.6 10351.8 10346.5 10333.8 10323.1 10316.8 10324.8 10305.1 10271.1 10240.6 10237.3 10231.8 10218.9 10202.3 10187.2 10179.5 10167.5 10145.6 10115.1 10071.7 10078.5 10101.3 10112.9 10108.8 10099.7 10091.5 10078 10064.9 10063.3 10077.9 10061.9 10045.1
10614 10606.6 10600.4 10595.1 10600 10606.9 10614.1 10620.4 10625.2 10628.5 10627.4 10633.6 10630.5 10620.2 10605.3 10595 10577.8 10559.8 10545 10531.5 10516.6 10495.9 10479.4 10478.3 10473.2 10465.4 10457.7 10452.3 10450.2 10432 10403.4 10377.5 10360.8 10352.2 10357.2 10368.1 10369.4 10363 10353.7 10351.5 10357.2 10396.1 10350.7 10293.5 10243.2 10249.9 10246.8 10239.2 10223.8 10214.8 10213.2 10190.3 10168.8 10145.2 10111.5 10112.5 10131.9 10143.8 10129.8 10113.8 10107.1 10090.5 10053.2 10047.2 10048.7 10042.7 10024.1
10615.2 10609.8 10603.6 10599.9 10605.3 10614.8 10624 10631.7 10638.7 10641.9 10638 10634.9 10636.1 10621 10598.6 10572.5 10550.8 10540.3 10533.1 10523.4 10513.4 10503.4 10495.2 10482.5 10469.5 10456.1 10444.7 10439.4 10443.5 10424.9 10392.6 10369.1 10358 10354 10359.1 10379.1 10382.4 10382.9 10386.7 10393.1 10403.5 10419.1 10385.5 10332 10293.4 10283.2 10275.3 10265.5 10250.9 10240.4 10231 10210.7 10188 10170.3 10147.4 10142.9 10156.9 10166.3 10140.1 10108.5 10079.7 10053.5 10022.8 10020.8 10027.1 10025.2 10004.9
10615.5 10611.7 10608.5 10605.4 10614.6 10626.3 10636 10643.8 10651.4 10658.8 10669.2 10664.8 10642.6 10620.4 10591.6 10555.8 10530.9 10526 10522.3 10515.8 10510.8 10508.9 10507.8 10485.3 10462.4 10442.8 10425.5 10410.3 10398.9 10386.5 10369.1 10351.8 10339.2 10342.4 10351.7 10361.6 10381.4 10398.5 10416.3 10433.9 10446.9 10446.2 10412.5 10367.7 10328.4 10319 10309 10291.6 10274.9 10265.7 10246.7 10223.4 10198.9 10176.4 10155.5 10154.3 10166.4 10173.6 10138.4 10094.8 10050.6 10024.9 10008.6 10007.6 10016 10017.4 10003.2
10614 10611.5 10617.6 10621.8 10630.4 10640.9 10649.6 10657.3 10663.4 10669.3 10670 10655.5 10632.6 10606.1 10579.6 10553.7 10534.6 10521.1 10515.4 10507.9 10502.7 10501.1 10499.1 10475.7 10451.2 10427.9 10405.4 10379.7 10349.8 10348.9 10345.9 10337 10329 10338.2 10349.8 10362.7 10386.4 10411.4 10435.3 10459.6 10463.7 10459.1 10429.6 10400.1 10376.5 10377.1 10346.3 10310.1 10276.7 10259.1 10242.3 10222.7 10191.6 10158.3 10144.3 10151.4 10159.5 10154.2 10129.4 10087.3 10037.9 10021.9 10012.2 10010.2 10014.7 10013.5 10015.8
10620.1 10621.3 10630.9 10639.8 10649.1 10657.2 10662.4 10666.8 10670.4 10672.3 10667.7 10649.9 10626 10595.6 10570.8 10550.5 10535.7 10519.5 10508.1 10499 10490.5 10483 10474.4 10456.6 10433.9 10412.3 10390.5 10366.1 10341.7 10338.1 10336.9 10333.1 10332.9 10345.2 10362.9 10382.3 10406.8 10421.7 10436.5 10448 10447.2 10445.8 10435.7 10420.3 10414.7 10425.2 10369.4 10313.5 10270.7 10246.3 10227 10205.6 10178.5 10142.8 10137.3 10148.6 10157.2 10153 10132.8 10099.3 10062.6 10047.9 10043.1 10025 10022.9 10028.1 10045.9
10619.4 10627.4 10644.7 10661.6 10670.9 10672 10672 10672.6 10672.6 10669.9 10660.2 10643.6 10618.9 10591.9 10562.5 10541.6 10528.5 10510.8 10499.2 10487.7 10475.1 10461.6 10448.5 10430.1 10414.6 10401 10385.7 10368.9 10355.1 10346.2 10342.9 10339.9 10339.5 10358.3 10381.5 10409.4 10430.4 10430.6 10430.7 10430.9 10440.6 10448.5 10442 10421.4 10404.3 10395.7 10357.1 10305.7 10258.3 10232.9 10224.3 10195.8 10175.2 10143 10139.6 10154 10165.6 10167.3 10153.4 10124 10084.8 10060.4 10045.6 10046.3 10034 10036.2 10040.8
10626.6 10636.2 10654.7 10675.1 10684 10680.2 10676.5 10673.1 10669.9 10665.6 10650.8 10623.4 10591.3 10564.8 10542.9 10528.8 10515.1 10504.4 10491.8 10476.4 10460 10440.7 10416.7 10402.1 10399.5 10395.8 10388.5 10378.8 10368.6 10361.2 10357.5 10358.8 10365.9 10374.5 10394.4 10420 10436.7 10432.6 10424.9 10415.4 10419.3 10438.6 10433.7 10405.8 10377 10352.4 10334.8 10300.3 10264.6 10267.5 10256.6 10237.8 10203.5 10170.9 10160.1 10171.7 10184.6 10194.5 10185.1 10156.4 10128.1 10087 10060.9 10051.1 10036.4 10019.1 10020.3
10637.8 10647.2 10662.5 10675.9 10678.8 10680.2 10675.2 10667.6 10660.1 10653.9 10635.1 10599.7 10561.4 10525.7 10517 10514.4 10515.5 10504.3 10487.2 10470.8 10453.1 10431.2 10405.7 10390.5 10396.3 10400.1 10399 10395.2 10388.2 10379.2 10373.3 10372.5 10377.2 10385.2 10401.7 10418.2 10433.5 10427.4 10422.4 10407.2 10401.6 10408.7 10401 10381.2 10358.3 10339.5 10336.2 10327 10298.2 10314.1 10300.9 10274.4 10234.8 10196.2 10187 10193.8 10203 10208 10195.5 10179.1 10155.3 10130.3 10099.8 10066.1 10053.4 10039.9 10041.3
10650.5 10658.7 10670.5 10681 10682.6 10680.9 10669.2 10655.6 10641.5 10628.2 10605 10571.8 10535 10495.8 10493 10497 10500.5 10494.3 10480.6 10467 10451.9 10434.2 10414 10400.7 10409.4 10414.4 10415.7 10415.1 10409.1 10397.8 10388.1 10381 10381.9 10390.2 10399.4 10409.9 10414.2 10419 10424.8 10434.6 10404.5 10377.1 10374.7 10352 10344.9 10343.8 10360 10395.2 10393.8 10346.6 10327.7 10319.5 10261.8 10218 10213.8 10219.9 10228.8 10233 10228.9 10199.1 10175.5 10162.4 10137.4 10115.3 10101.2 10098.1 10104.6
10665.3 10670.2 10678.6 10690.3 10704.2 10680.7 10659.9 10639.4 10617.1 10589.7 10567.7 10540.5 10505.4 10475.8 10476.2 10480.5 10481 10477.2 10473.1 10466.8 10457.9 10447.6 10439.2 10436.1 10434.9 10435.5 10434.9 10431.9 10425.3 10415.5 10403.8 10395.7 10393.3 10397.6 10410.7 10411 10408.6 10414 10414 10399.6 10339.6 10311.6 10290 10311.8 10337 10357.7 10380.7 10396.7 10280 10178.6 10255 10303.5 10275.2 10249.2 10242.9 10246 10250.9 10261.5 10256.8 10226.1 10199.9 10186.9 10164.9 10152.7 10144.2 10142.4 10154.1
10676.8 10678.1 10681 10684.3 10679.2 10665.3 10645.1 10621.8 10595.9 10568.2 10544.5 10518.4 10486.5 10468.8 10469.5 10471.7 10469.5 10465.7 10473.2 10473.1 10469.6 10465.4 10464.6 10465.1 10461.3 10457.6 10455 10450 10442.3 10431.6 10419.8 10408 10406.4 10415.2 10420.6 10422 10413.4 10418.9 10408.1 10361.1 10292 10265.7 10248.5 10293.2 10342.6 10386.4 10406.6 10356.3 10150.4 10080.2 10144.3 10224.8 10283.3 10267.6 10266.1 10265.4 10270.9 10275 10278.8 10249.7 10218.6 10198.8 10174.9 10160.9 10171.6 10170.2 10178.4
10685.8 10682.3 10680.3 10675.6 10662.5 10647.7 10629.1 10605.3 10579.2 10553.9 10532 10510.5 10489.3 10474.1 10473.1 10476.8 10480.3 10483.4 10486.7 10486.6 10483.9 10481.6 10482.6 10487.5 10480.1 10473.6 10472.8 10473.3 10459.7 10446.4 10435.3 10426.9 10423.1 10423.2 10432.9 10436.1 10436.7 10446.4 10437.3 10388.4 10299.6 10286.5 10281.4 10325.6 10367.6 10398.1 10411 10414.7 10233.2 10170.5 10185.9 10252.6 10315.3 10297.7 10288.9 10284.8 10277.6 10268.3 10249.9 10226.7 10213 10200.3 10199.9 10189.1 10176 10182.6 10186.7
10687.5 10684.8 10679.8 10671.3 10653.1 10636.8 10617.5 10591.8 10564.8 10541.9 10524 10509.9 10495.5 10480.7 10482.2 10489.2 10500.1 10512 10508 10503.1 10498.1 10494.2 10491.3 10487.3 10482.4 10479.6 10479.6 10477.9 10467.1 10455.2 10447.7 10443.4 10436.3 10432.6 10432.7 10449.9 10465.5 10486.6 10500.5 10478.2 10374.6 10377.4 10394 10411.6 10414.5 10406.5 10409.4 10471.7 10435.6 10355.1 10398.5 10363.5 10340.2 10324.1 10311.8 10298.4 10281.2 10261.3 10237.3 10226 10225 10231.2 10246.9 10234.7 10212.2 10221.2 10210
10691.7 10688.8 10682.6 10673.3 10660.4 10641.4 10611.7 10580.7 10551 10527.2 10517.8 10511 10503.1 10486.9 10492.1 10502.8 10516.3 10528.5 10525.2 10517.8 10510.5 10503.7 10496.1 10486.9 10481.3 10478.2 10476.3 10474.5 10464.5 10456.7 10453.5 10451.8 10447.5 10443.3 10447.2 10461.3 10474.7 10499.5 10547.2 10573.6 10528.5 10492.9 10512.5 10501.9 10464.7 10443.2 10434.9 10438.2 10439.1 10430.9 10439 10419.2 10380.8 10348 10327.4 10309.7 10290.8 10274.2 10251.1 10236.4 10245.9 10257.6 10274.7 10269.7 10256.9 10249.8 10239.6
10704.6 10696.7 10687.2 10675.8 10663.9 10643.5 10605.2 10571.4 10543.3 10523.1 10514.9 10510.2 10505.3 10493.8 10503.3 10515.5 10528.2 10538.5 10536.4 10529.2 10520.8 10511.3 10501 10490.9 10480.5 10472.4 10465.5 10459.6 10454 10449.6 10451 10454.5 10451.8 10455.8 10458.5 10467.9 10477.9 10490.4 10535.1 10556.9 10543.4 10526.9 10528 10516 10493.1 10483.6 10481.6 10453.2 10439.7 10433.4 10421.5 10420 10406.5 10368.8 10344 10327.1 10311.6 10297.5 10288.7 10282.4 10278.8 10278.7 10276.9 10281.1 10271.1 10274.6 10263.1
10722.1 10707.1 10691.1 10673.1 10651.4 10623 10592.2 10561.4 10537.1 10522.7 10516.1 10511.3 10506.5 10509.6 10517.2 10528.1 10538.1 10544.5 10543.2 10537.6 10529.1 10519 10507.2 10492.6 10478.4 10467.4 10453 10444.8 10441.6 10438.9 10436.2 10441 10450.9 10462 10466 10478.7 10494.9 10517.5 10509.9 10510.7 10512.3 10508.6 10501.9 10491.5 10489.1 10491.4 10498.5 10468.1 10446.7 10437 10424.6 10412.2 10389.9 10376.2 10361.8 10347.7 10335.5 10323.8 10314.6 10312.7 10308 10310.9 10301.5 10315.2 10325.3 10316.2 10313.2
