real_craters/C138-300m.grd
DSAA
297 297
-44.4325 44.4325
-44.4325 44.4325
8979.628011222 10978.793483157
[rows 240 to 269 of 297, columns 134 to 200 of 297]
10351.2 10374.8 10394.9 10411.3 10423.6 10432.1 10436.9 10438.2 10435.3 10434.2 10431.1 10427.1 10425.3 10424.5 10423.6 10422.6 10419.9 10419.6 10423.8 10426.5 10428.1 10440.2 10466.6 10487.9 10494.5 10490.2 10483.1 10477 10465.8 10466.7 10468.4 10462.2 10461 10458.7 10453.6 10444.5 10432.9 10417.7 10402.8 10391.5 10388.2 10389.5 10396.6 10400.8 10406 10411.9 10418.5 10426.4 10432 10421.1 10401.9 10381 10360.7 10339.2 10318.7 10301 10282.6 10265.7 10248.8 10233.7 10212.4 10195.7 10185.9 10185.3 10201 10229.2 10255
10357.7 10387.2 10405.9 10419.7 10429.6 10435.9 10438.5 10437.5 10433.5 10427.9 10426.3 10425.8 10425.7 10426.3 10427.2 10428.4 10429.3 10429.1 10428.7 10425.2 10415.3 10420.5 10461 10495.6 10494.9 10479 10463.8 10449.8 10428.6 10431.9 10443.2 10442.1 10441.3 10443.4 10444.4 10441.9 10433.4 10421.7 10412.5 10406.9 10403.3 10402 10404.5 10405.3 10407.3 10409.5 10411 10411.3 10410.7 10402.6 10390.1 10373.2 10355.2 10335.7 10317.6 10299.9 10283.9 10270.2 10257.3 10243.3 10218.4 10194.9 10176.8 10167.7 10184.3 10214.4 10239.5
10362.2 10396.2 10418.7 10431.7 10439.7 10444 10444.9 10442.4 10436.4 10429.1 10427 10427.5 10428.7 10431 10434.2 10436.6 10438.2 10439.9 10440.5 10438.8 10433.6 10437.3 10462.8 10485.8 10479.5 10458.5 10438.5 10420.4 10400.1 10399.3 10406 10410.3 10417.9 10425 10434.8 10443.8 10427.3 10419.8 10417.8 10418.3 10417.7 10413 10410.2 10408.1 10407 10406.1 10403 10395.3 10384.7 10384.3 10377.2 10364.2 10348 10329.3 10313.1 10296.5 10282.6 10271.7 10262.6 10247.9 10221.5 10195.3 10173.9 10164.7 10188.2 10220.2 10247.5
10364.2 10407.7 10432.9 10444.2 10450.2 10453.2 10453.6 10451.3 10446.7 10440 10433.5 10431.2 10433.4 10437.7 10442.6 10446.4 10446 10451.5 10456.1 10460.1 10466.7 10466.2 10462.9 10460.2 10448.3 10430 10409.3 10391 10381.9 10385.1 10379.8 10385.2 10395.5 10402.8 10406.2 10402.3 10407.4 10409.7 10415.2 10427.2 10431.5 10417.1 10410.6 10407.7 10406 10403.8 10399.1 10389.9 10379 10376 10368.5 10356.4 10340.8 10324.4 10308.2 10291.8 10278.1 10268.2 10262.8 10251.4 10221.4 10196.5 10177.5 10173.1 10206.6 10236.6 10264
10367.4 10418.3 10446.5 10455.4 10460 10462.5 10463.3 10462.3 10459.6 10451.9 10436.8 10434.1 10438.4 10444.2 10451.2 10459.3 10469.7 10468.8 10471 10475.6 10481.3 10473 10456.4 10439.1 10420.8 10401.3 10380.3 10362.6 10363.9 10374.4 10370.7 10372.3 10378.4 10382.6 10383.4 10384 10387 10392.9 10400.6 10410.7 10415 10406.3 10403.3 10403.3 10403.4 10402.6 10399.5 10394 10386.4 10375.7 10364.3 10351 10335.1 10318.5 10300.9 10285.4 10270.2 10256.8 10246.3 10233.9 10214.9 10197.8 10185.8 10189.3 10227.3 10251.1 10263.8
10379.7 10425.3 10453.9 10463 10468.7 10472.1 10473.5 10473.5 10472 10465.8 10445.3 10440 10445.2 10451.3 10458.1 10466.2 10478.4 10478.1 10479.7 10482.1 10480.8 10466.7 10444.3 10420.2 10397.2 10375.6 10355.6 10338.9 10339.1 10353.3 10360 10363.4 10365.5 10366.5 10364.9 10361.9 10366.5 10373.3 10378.5 10381.9 10383 10384.2 10390.4 10396.2 10400.1 10402.6 10401.9 10397.4 10389.3 10377 10362.9 10346.8 10329.1 10310.9 10292.8 10275 10258.8 10242.1 10224.5 10214 10206.3 10198.6 10196.6 10209.9 10248.2 10262.2 10258.9
10387.3 10421.5 10450.1 10466 10475.4 10480.4 10482.5 10482.9 10481.9 10478.8 10464 10453.7 10455.5 10460.3 10464.5 10464.1 10465 10477.6 10483.3 10483.9 10476.9 10457 10429.2 10399 10371.4 10353.1 10338.1 10324.7 10323.2 10340.9 10353 10355 10354.6 10353.1 10351 10349 10351.6 10355.6 10357.2 10354.4 10347.9 10361.1 10377.3 10389.5 10397.7 10403.8 10406.1 10402.6 10393 10379 10361.1 10341.9 10323.1 10302.6 10283.6 10263.9 10246.2 10229.5 10214.5 10204.2 10199 10198.5 10206 10226.4 10259.5 10270.9 10262.6
10403.1 10426.2 10449.4 10470.6 10482.4 10488.3 10490.4 10490 10487.3 10481.4 10471.7 10464.5 10466.1 10471.2 10475.5 10474.5 10474.2 10482.8 10486.8 10484.8 10473.5 10447.2 10414.2 10379.3 10348.9 10334.5 10328.6 10323.6 10320 10336.4 10344 10345.5 10344.6 10342.7 10340.6 10339.9 10341 10341.9 10342.3 10340 10335.2 10351.5 10369.4 10384.2 10395.5 10404.2 10409.6 10412.9 10399.8 10380 10358.2 10337.1 10316.5 10294.3 10273.2 10251.9 10232.2 10215.9 10205.8 10194.6 10190.5 10194.2 10208.7 10232.8 10262.7 10275 10267
10416.2 10439.5 10462.7 10480.9 10490.9 10496 10497.7 10496.4 10491.7 10482 10472.5 10470.1 10476.3 10483.5 10491.1 10498.7 10500.1 10495.1 10491 10483.5 10468 10437.3 10401.1 10363.6 10330.9 10318.4 10319.1 10322.5 10320.1 10327.6 10332.7 10336.8 10335.3 10332.8 10330.2 10329.6 10330.2 10330.9 10333.5 10336.9 10343.3 10354.7 10367.1 10381.1 10393.1 10403 10409 10408.4 10397 10376.9 10354.2 10331 10307.1 10285.1 10261.4 10238.8 10216.7 10197.8 10183.7 10178.6 10178.2 10183.2 10195.7 10219.8 10248.3 10265.4 10269.1
10413.4 10439.1 10478.1 10491.5 10498.8 10502.8 10504.1 10502.9 10499.2 10493 10486.7 10482.8 10488 10495 10503.4 10510.8 10511.4 10503.2 10493.5 10479.7 10457.9 10427.8 10391.1 10352.6 10318.2 10303.4 10302.9 10312.5 10320.6 10325.9 10330.3 10329.6 10326.2 10322.2 10318.8 10315.8 10314.9 10320.6 10326.8 10334.7 10347.2 10356 10365 10377.1 10388.9 10399.3 10405.9 10405.2 10391.7 10370.9 10347.4 10323.6 10299 10275 10250.5 10225.8 10202.5 10180.9 10164 10163.4 10165.7 10170.4 10179.3 10202.8 10231.4 10250.8 10263.4
10409.6 10432.5 10475.3 10494.8 10503.8 10508.1 10509.2 10508.7 10507.4 10507 10505.2 10500.5 10498.7 10503.1 10510 10514.7 10513.4 10505.8 10494.4 10478.7 10454.3 10422.1 10385 10346.6 10311.6 10292.4 10286.1 10296 10311.5 10322.1 10324.8 10319.7 10315.2 10311.1 10307.9 10305.8 10306.4 10312.5 10320.3 10329.3 10337.1 10346.7 10360 10371 10381.8 10392.4 10400.5 10400 10383.5 10361.5 10337.6 10313.4 10289.2 10264.2 10240.5 10215.8 10192.5 10171 10155.9 10155.5 10158.5 10162.7 10170.6 10195.5 10226.5 10250.7 10261.7
10409.2 10428.6 10468.7 10494.7 10506.7 10511.4 10512.7 10512.4 10511.6 10510.9 10508.6 10502.5 10502.7 10506.3 10511.8 10516.6 10512.7 10504.6 10493.8 10478 10452.6 10418.9 10381.8 10344.7 10311.3 10288.8 10276.9 10278.1 10290.2 10301.2 10305.3 10304.5 10302 10299.8 10297.8 10296.8 10299.5 10304.5 10313.5 10324.1 10335.8 10347 10353.8 10361.7 10370 10379.2 10388.8 10389.9 10369.2 10346.8 10323.9 10300.8 10278.4 10254.8 10232.7 10210.4 10188.6 10169 10156.7 10155.6 10158.4 10163.3 10173.4 10196.4 10226.8 10259.1 10263.1
10411 10425.5 10469.3 10498 10509.5 10513.6 10514.6 10514 10512.7 10510.5 10506.8 10502.1 10502.2 10504.8 10507.2 10507.8 10505.5 10499.8 10491.6 10477.3 10450.9 10416.6 10380 10344.5 10312.9 10289.1 10275 10272.1 10275.5 10279.3 10284.9 10287.9 10289.1 10289.3 10288.1 10287.1 10287.7 10295 10306 10317.7 10329.2 10338.3 10344.1 10348.5 10352.2 10356.6 10361.4 10360.6 10344 10326.1 10307 10288 10267.9 10248 10228.2 10208.6 10189.1 10172.9 10163.5 10161.8 10164.3 10169.6 10180.7 10200.4 10223.6 10239.8 10257.6
10416.5 10434.6 10473.8 10502.9 10511.8 10514.4 10514.7 10513.7 10512 10509.1 10505.4 10502.3 10502 10501.3 10498.8 10496 10494 10490.9 10486.3 10477.3 10448.6 10412.9 10377.6 10344.1 10314.3 10291.4 10276.3 10268.2 10265 10266.4 10269.7 10274.2 10278.6 10280.8 10280.6 10279.3 10279.2 10286.7 10298.4 10310.6 10321.2 10327.3 10332.9 10332.5 10329.8 10326.8 10322.2 10317.4 10311.8 10301 10287.4 10273.1 10258.4 10242.4 10225.6 10209.2 10193.2 10180.1 10173.1 10172.3 10174.6 10179.5 10189.5 10205.8 10225.5 10245.1 10256.9
10421.4 10434.6 10472.8 10503.9 10510.8 10512.4 10512 10511.3 10509.3 10508 10506.8 10505.8 10503 10497.5 10489.3 10481.3 10481.2 10478.2 10473.4 10465.4 10437.8 10405.3 10373.1 10342.2 10314.9 10293.6 10278.1 10264.5 10256.2 10253.6 10263.5 10269 10272.5 10275 10275.3 10274.5 10275 10281.1 10291.3 10302.9 10315 10325.3 10322.8 10314.5 10304.7 10295.4 10289.1 10284.2 10280.3 10275.6 10268.4 10259.8 10249.1 10238.2 10226.3 10214.1 10200.6 10188.8 10185.2 10186.2 10188.4 10192.2 10199.7 10212.4 10227.5 10246 10253.1
10426.1 10436.4 10467 10496.5 10504.5 10507.1 10507.2 10506.4 10504.8 10503.7 10503.6 10504.2 10501.6 10493.8 10484.6 10476.4 10470.8 10463.7 10452 10437.5 10418.9 10394 10366 10338.3 10313 10291.8 10278 10261.5 10249.2 10247.6 10256.8 10264.3 10270.1 10272.7 10272.1 10271.1 10272.1 10276 10282.4 10292.4 10304.3 10314.8 10308.5 10294.3 10278.7 10263.3 10248.6 10248.3 10251.5 10252.4 10250 10246.4 10241.5 10235.6 10229.5 10222.9 10214.1 10202.6 10203.1 10204.4 10205.3 10207.5 10212.4 10220.4 10228.3 10231.6 10238.2
10432 10443.1 10463.4 10483.6 10494.8 10499.2 10500 10499 10497.2 10495.3 10493.5 10495.8 10496.1 10487 10478.3 10470.4 10462.2 10452.7 10436.4 10415.5 10404 10383.7 10358.7 10332.9 10309.1 10289.6 10277.8 10258.1 10237.7 10237.8 10254.4 10267 10273.5 10273.9 10270.7 10266.6 10264.2 10265.1 10269.1 10277.3 10287.6 10294.7 10289.1 10271.7 10253.4 10236.2 10220.5 10222.3 10228.1 10232.3 10234.4 10235.1 10234.9 10234.3 10233.8 10233.9 10234.3 10234.3 10228.4 10225.7 10224 10224.8 10227.4 10231.5 10235.5 10236.9 10243
10438.1 10448.5 10462.5 10476.5 10486.3 10490.4 10490.8 10489.4 10487.4 10484.3 10479.2 10478.9 10482.1 10473.9 10464.6 10458.3 10453 10446.9 10437.5 10420.8 10399.8 10376.5 10352 10326.9 10303.4 10283.9 10270.9 10247.7 10219.1 10224.7 10260.5 10283.7 10282.9 10277.3 10269.7 10261 10252.7 10248.5 10251.2 10258.1 10266 10273.4 10265.9 10246.2 10228.6 10214.3 10206.9 10205.9 10211 10216.9 10222.1 10225.9 10229.1 10232.2 10236.9 10243.3 10252.4 10261.3 10250.8 10245.5 10241.5 10240 10241.8 10245.1 10249 10255.6 10267.1
10442.9 10452.7 10464.3 10474.5 10480.6 10481.5 10480.2 10478.1 10476.1 10474.4 10473.1 10472.5 10464.6 10455.4 10448 10443.9 10441.8 10440.3 10438.3 10423.5 10396.5 10370.6 10344.8 10319.9 10295.7 10274.4 10256.1 10234 10211 10225 10265 10291.3 10288.5 10280.4 10269.4 10256.5 10241.7 10227.8 10233.3 10238.4 10240.9 10239.7 10231.3 10217.4 10204.2 10192.9 10187.3 10191.4 10198.4 10206 10212.8 10218.4 10223.9 10229.5 10236.8 10246.1 10257.9 10266.1 10262.2 10259.2 10257.4 10256.3 10257.4 10259.5 10262.7 10267.6 10274.2
10445.9 10454.9 10465.2 10474.5 10475.4 10471.7 10467.9 10464.7 10462.3 10461.6 10464.1 10463.5 10444.4 10432.5 10428.9 10427.4 10427 10427.5 10427.7 10412.6 10387.2 10361.9 10336.8 10312.1 10288 10266.8 10249.8 10232.8 10217.7 10235.7 10269.7 10290.5 10291.5 10282.6 10269.9 10255.6 10240.1 10225.4 10224.6 10222.9 10218.2 10209.9 10199.7 10189.8 10182.1 10175.4 10173.1 10180.9 10189.8 10198.6 10206.5 10213.1 10219.4 10225.9 10233.7 10243 10254.2 10262.1 10264.4 10267 10270.6 10274.5 10273.4 10272.9 10274.1 10276.1 10278.4
10446.6 10453.5 10460.2 10466.9 10464.7 10458.5 10453.2 10448.9 10445.4 10442.7 10439.9 10432.8 10414.8 10407.9 10408.5 10409.7 10409.1 10407.1 10404.8 10392.3 10372.6 10351.3 10328.5 10305.6 10281.9 10259.8 10248.1 10239.5 10235.2 10252.1 10280.5 10307.6 10297.1 10283.7 10270.8 10257.6 10244.5 10234.3 10224.5 10213.5 10201.4 10186.1 10171.5 10167.8 10166.3 10165.1 10168.4 10176.5 10186.4 10195.7 10203.6 10210.4 10216.3 10221.9 10227.7 10235 10245.8 10254.5 10260.6 10268.3 10277.2 10285.2 10284.1 10282.9 10283.2 10284 10284
10445.1 10449.3 10453.1 10452.3 10447.5 10441.1 10435.8 10431.3 10426.8 10421.4 10413.3 10401.5 10390.8 10390.3 10395.3 10394.3 10391.4 10384.8 10373.5 10368.3 10357.9 10341.9 10322.7 10302.3 10281.6 10261.7 10249.5 10248.2 10253.8 10266.7 10284.9 10293.3 10288.7 10281.3 10271.4 10259.7 10248.4 10238.1 10224.6 10208.7 10192.2 10174 10156.9 10157.1 10159.4 10160.7 10166.8 10177.6 10188.2 10197 10204.3 10209.6 10214.1 10217.9 10220.9 10224.2 10227.8 10239 10252.4 10264.4 10276.3 10285.9 10287.5 10288.7 10290.3 10292.3 10293.1
10441.9 10442.9 10441.7 10435.6 10426.9 10420.7 10417.1 10413.8 10409.2 10402.8 10392.8 10381.2 10378.6 10380.5 10382.2 10381.6 10377.9 10370.5 10361.2 10356 10348.9 10336.8 10320.6 10302.9 10285.3 10271.1 10260.9 10259.4 10263.8 10279.1 10290.9 10293.5 10285.5 10281 10272.5 10261.7 10250.1 10237 10223.3 10207.5 10190.5 10173.8 10160.3 10160.1 10163.9 10167.9 10175.8 10185.9 10195.3 10202.7 10208.1 10211.8 10215 10216.5 10217 10216.7 10215.4 10228.8 10244.9 10258.6 10269.7 10279.3 10286.3 10291.2 10295.2 10299.4 10303.9
10437.1 10435.2 10431 10417.2 10401.2 10399.4 10399.3 10398.1 10395.1 10389.2 10380.8 10372.5 10374.9 10377.2 10374.2 10373.1 10369.7 10363.6 10356.9 10352 10345.8 10335.9 10322.9 10307.1 10290 10275.5 10270.7 10276.2 10285.2 10294.8 10304 10308.9 10298 10286.6 10275.6 10263.6 10251.7 10238.8 10225.5 10209.7 10193.8 10180.4 10172.9 10173.1 10178.3 10184.6 10192.9 10200.8 10207.8 10213.3 10216.5 10218.3 10219.7 10219 10217.6 10216.1 10217.4 10227.9 10242.1 10255 10265.1 10275 10285.1 10292.6 10298.2 10303.2 10307.9
10431.5 10426.4 10420.1 10403.6 10382.4 10383.1 10385.5 10385.9 10383.9 10380.4 10375.1 10371 10373.2 10373.9 10369.5 10368.3 10365.8 10361.6 10356.2 10351.9 10346.5 10339.2 10329.9 10316.8 10300.6 10284.7 10282.7 10294.4 10304.8 10309.7 10316.3 10320.4 10309.3 10293.6 10279.4 10265.1 10252.2 10240.9 10229.7 10212.6 10198.8 10189.2 10184.6 10189.3 10200 10210.3 10216.9 10220.9 10224.9 10227.8 10228.6 10228.2 10226.5 10224.5 10221.9 10220.2 10222.1 10232 10244.2 10255.8 10265.5 10276.2 10287 10295.4 10301.2 10304.9 10307.3
10424.5 10416 10406.6 10392.1 10375.4 10375.1 10376.7 10377.2 10376.3 10375.1 10373.3 10371.1 10370.7 10370.4 10367.4 10365.5 10363.7 10362.2 10359.1 10354.6 10350 10345.2 10339.8 10332.1 10320 10303.2 10297.4 10308.1 10316.3 10318.7 10323.4 10326 10316.8 10299.7 10281.5 10263.9 10248.4 10235.9 10225.5 10211.9 10203.2 10198.9 10198.8 10208.3 10225.8 10242.3 10244.3 10245 10244.7 10243.4 10242.4 10239.3 10236.1 10232.6 10229.1 10227.2 10229.6 10239.1 10250.8 10261.7 10270.3 10281.3 10291.9 10299.9 10305.1 10307.2 10305
10417.7 10405.5 10392.6 10381 10376.3 10374.2 10372.2 10371.5 10371.5 10372.2 10373.3 10373.5 10373.2 10370.3 10366.1 10363.2 10361.5 10361.2 10359.1 10356.3 10353.9 10352.4 10351.4 10350.6 10347.2 10327 10313.7 10314.4 10318 10321 10325.2 10327.8 10322.8 10303 10280.2 10258.7 10240 10224.4 10212.9 10206.4 10206.2 10210.2 10217.1 10231.1 10252.7 10268.2 10269.9 10268 10264.2 10260.5 10256.7 10252.1 10247.5 10242.8 10238.4 10236.1 10239 10248.7 10260.7 10273.3 10283.8 10292.7 10301 10307.8 10312.7 10314.7 10312.8
10411.1 10396.3 10381 10370.7 10375.9 10372.4 10367.8 10366.6 10367.8 10370.3 10373.9 10378.1 10380.7 10373.9 10364.3 10359.7 10357.5 10357.6 10356.5 10355.6 10355.6 10357.2 10360 10364.5 10368.6 10348.6 10328.2 10318.3 10318.2 10319.3 10321.4 10322.3 10318.6 10299.8 10274 10250.1 10228.6 10210.2 10197 10198.4 10209.4 10224.2 10241 10260.8 10282.2 10294.3 10293.6 10288.8 10283 10277.4 10271.7 10266.4 10260.9 10255.6 10250.6 10246.6 10249.3 10260.4 10272.7 10287.1 10301.2 10306.3 10311.1 10316.8 10322.5 10327.4 10331.5
10407.7 10390.7 10373.3 10360 10362.3 10361.4 10360 10361.1 10363.3 10367 10372.1 10378.3 10382.6 10372 10360.1 10355 10351.5 10349.7 10350.4 10352.6 10355.3 10358.8 10363.1 10368.9 10373.4 10363.4 10341.5 10324.1 10319.3 10315.8 10313.1 10308.8 10301.1 10287.3 10261 10237.5 10217 10198.8 10184.5 10193.5 10214.9 10239.9 10266.6 10292 10311.9 10319.6 10314.2 10306.9 10300 10293.4 10287.3 10281.4 10275.8 10270.5 10265.9 10263.6 10266.1 10274.5 10284.6 10296.4 10308.7 10314.6 10320.2 10326.2 10332.8 10340.2 10349.3
10405.8 10388 10369.9 10354.1 10347.2 10346.6 10351.4 10355.3 10359.3 10363.2 10367.7 10371.9 10373.9 10365 10354.8 10349.9 10345.3 10341.5 10344.2 10348.2 10351.8 10356.4 10361 10366 10370.9 10371.2 10350.4 10332.1 10320.7 10312.6 10303.7 10292.1 10277.9 10261.3 10241.5 10223.6 10207.8 10194.5 10185.8 10197.6 10224.4 10255.6 10289.1 10322.6 10331.9 10333.7 10329.2 10323.3 10314.2 10307.7 10301.9 10296.3 10291.3 10286.8 10282.7 10279.8 10283.4 10290.2 10297 10302.3 10309.2 10319.9 10328 10334.8 10341.7 10349.5 10359.6
