real_craters/C138-750m.grd
DSAA
119 119
-44.4325 44.4325
-44.4325 44.4325
8986.4662208337 10976.328569501
[rows 56 to 83 of 119, columns 0 to 61 of 119]
1.066e+004 1.064e+004 1.062e+004 1.06e+004 1.058e+004 1.056e+004 1.054e+004 1.055e+004 1.057e+004 1.058e+004 1.06e+004 1.06e+004 1.06e+004 1.059e+004 1.059e+004 1.058e+004 1.058e+004 1.057e+004 1.059e+004 1.054e+004 1.052e+004 1.05e+004 1.049e+004 1.048e+004 1.048e+004 1.048e+004 1.048e+004 1.048e+004 1.048e+004 1.047e+004 1.049e+004 1.051e+004 1.05e+004 1.053e+004 1.052e+004 1.052e+004 1.053e+004 1.057e+004 1.061e+004 1.065e+004 1.064e+004 1.065e+004 1.058e+004 1.036e+004 1.008e+004 9871 9773 9668 9563 9403 9329 9316 9370 9324 9339 9378 9442 9527 9574 9620 9652 9456
1.067e+004 1.065e+004 1.062e+004 1.06e+004 1.057e+004 1.055e+004 1.054e+004 1.055e+004 1.056e+004 1.058e+004 1.059e+004 1.06e+004 1.059e+004 1.057e+004 1.056e+004 1.056e+004 1.057e+004 1.059e+004 1.059e+004 1.056e+004 1.054e+004 1.051e+004 1.049e+004 1.048e+004 1.048e+004 1.049e+004 1.05e+004 1.051e+004 1.05e+004 1.05e+004 1.05e+004 1.052e+004 1.051e+004 1.051e+004 1.051e+004 1.051e+004 1.052e+004 1.059e+004 1.063e+004 1.061e+004 1.065e+004 1.066e+004 1.061e+004 1.037e+004 1.011e+004 9886 9799 9692 9568 9323 9271 9251 9222 9234 9280 9342 9410 9469 9484 9467 9469 9418
1.068e+004 1.065e+004 1.062e+004 1.06e+004 1.057e+004 1.055e+004 1.054e+004 1.055e+004 1.056e+004 1.057e+004 1.058e+004 1.058e+004 1.056e+004 1.054e+004 1.052e+004 1.052e+004 1.055e+004 1.059e+004 1.061e+004 1.057e+004 1.054e+004 1.052e+004 1.05e+004 1.048e+004 1.048e+004 1.05e+004 1.051e+004 1.051e+004 1.052e+004 1.05e+004 1.052e+004 1.054e+004 1.055e+004 1.051e+004 1.051e+004 1.051e+004 1.051e+004 1.059e+004 1.064e+004 1.062e+004 1.064e+004 1.066e+004 1.06e+004 1.039e+004 1.013e+004 9912 9793 9686 9540 9317 9228 9165 9144 9162 9253 9312 9365 9386 9364 9323 9290 9336
1.067e+004 1.064e+004 1.062e+004 1.058e+004 1.056e+004 1.054e+004 1.053e+004 1.054e+004 1.055e+004 1.056e+004 1.056e+004 1.054e+004 1.054e+004 1.053e+004 1.052e+004 1.051e+004 1.054e+004 1.057e+004 1.059e+004 1.057e+004 1.054e+004 1.052e+004 1.05e+004 1.048e+004 1.049e+004 1.05e+004 1.052e+004 1.053e+004 1.052e+004 1.053e+004 1.053e+004 1.056e+004 1.056e+004 1.053e+004 1.052e+004 1.054e+004 1.056e+004 1.058e+004 1.062e+004 1.062e+004 1.056e+004 1.062e+004 1.062e+004 1.042e+004 1.014e+004 9863 9764 9673 9552 9353 9232 9161 9158 9172 9222 9285 9344 9386 9383 9310 9241 9294
1.067e+004 1.064e+004 1.061e+004 1.058e+004 1.056e+004 1.053e+004 1.053e+004 1.054e+004 1.055e+004 1.055e+004 1.055e+004 1.053e+004 1.054e+004 1.054e+004 1.055e+004 1.054e+004 1.054e+004 1.054e+004 1.054e+004 1.055e+004 1.053e+004 1.052e+004 1.051e+004 1.051e+004 1.05e+004 1.051e+004 1.051e+004 1.051e+004 1.052e+004 1.052e+004 1.054e+004 1.057e+004 1.056e+004 1.053e+004 1.054e+004 1.056e+004 1.059e+004 1.059e+004 1.061e+004 1.06e+004 1.059e+004 1.062e+004 1.07e+004 1.048e+004 1.018e+004 9905 9769 9665 9540 9371 9238 9222 9176 9155 9176 9243 9325 9414 9499 9385 9318 9259
1.066e+004 1.063e+004 1.061e+004 1.059e+004 1.056e+004 1.054e+004 1.055e+004 1.055e+004 1.056e+004 1.056e+004 1.056e+004 1.055e+004 1.055e+004 1.056e+004 1.056e+004 1.057e+004 1.056e+004 1.056e+004 1.054e+004 1.053e+004 1.052e+004 1.052e+004 1.052e+004 1.052e+004 1.051e+004 1.051e+004 1.051e+004 1.052e+004 1.053e+004 1.055e+004 1.058e+004 1.054e+004 1.054e+004 1.055e+004 1.055e+004 1.058e+004 1.06e+004 1.061e+004 1.062e+004 1.06e+004 1.056e+004 1.059e+004 1.075e+004 1.053e+004 1.024e+004 9949 9793 9673 9511 9315 9234 9227 9158 9059 9113 9194 9280 9364 9422 9384 9339 9214
1.065e+004 1.063e+004 1.06e+004 1.057e+004 1.056e+004 1.055e+004 1.057e+004 1.057e+004 1.057e+004 1.057e+004 1.057e+004 1.058e+004 1.058e+004 1.057e+004 1.057e+004 1.057e+004 1.057e+004 1.059e+004 1.056e+004 1.052e+004 1.052e+004 1.052e+004 1.051e+004 1.05e+004 1.051e+004 1.05e+004 1.05e+004 1.049e+004 1.052e+004 1.054e+004 1.057e+004 1.053e+004 1.053e+004 1.053e+004 1.055e+004 1.059e+004 1.066e+004 1.068e+004 1.063e+004 1.063e+004 1.061e+004 1.056e+004 1.071e+004 1.057e+004 1.032e+004 1.004e+004 9865 9734 9539 9351 9251 9225 9145 9063 9077 9152 9225 9284 9313 9311 9287 9219
1.066e+004 1.064e+004 1.062e+004 1.06e+004 1.058e+004 1.058e+004 1.058e+004 1.058e+004 1.059e+004 1.059e+004 1.06e+004 1.06e+004 1.06e+004 1.058e+004 1.056e+004 1.055e+004 1.055e+004 1.056e+004 1.054e+004 1.052e+004 1.052e+004 1.052e+004 1.053e+004 1.052e+004 1.051e+004 1.051e+004 1.05e+004 1.048e+004 1.046e+004 1.05e+004 1.054e+004 1.053e+004 1.05e+004 1.05e+004 1.052e+004 1.055e+004 1.059e+004 1.062e+004 1.065e+004 1.057e+004 1.056e+004 1.064e+004 1.073e+004 1.061e+004 1.04e+004 1.019e+004 1.003e+004 9825 9578 9358 9263 9215 9168 9057 9088 9155 9206 9233 9221 9238 9278 9261
1.068e+004 1.067e+004 1.066e+004 1.064e+004 1.061e+004 1.06e+004 1.059e+004 1.06e+004 1.06e+004 1.061e+004 1.061e+004 1.061e+004 1.061e+004 1.057e+004 1.055e+004 1.053e+004 1.053e+004 1.053e+004 1.052e+004 1.052e+004 1.052e+004 1.053e+004 1.053e+004 1.053e+004 1.052e+004 1.051e+004 1.05e+004 1.049e+004 1.047e+004 1.049e+004 1.054e+004 1.05e+004 1.049e+004 1.05e+004 1.049e+004 1.051e+004 1.053e+004 1.058e+004 1.062e+004 1.054e+004 1.053e+004 1.062e+004 1.072e+004 1.063e+004 1.045e+004 1.026e+004 1.011e+004 9908 9675 9443 9294 9236 9225 9171 9173 9204 9228 9236 9228 9223 9208 9200
1.07e+004 1.069e+004 1.069e+004 1.067e+004 1.065e+004 1.063e+004 1.063e+004 1.062e+004 1.062e+004 1.062e+004 1.062e+004 1.062e+004 1.061e+004 1.057e+004 1.054e+004 1.055e+004 1.053e+004 1.052e+004 1.053e+004 1.054e+004 1.054e+004 1.054e+004 1.054e+004 1.053e+004 1.053e+004 1.051e+004 1.05e+004 1.05e+004 1.047e+004 1.048e+004 1.049e+004 1.048e+004 1.051e+004 1.053e+004 1.055e+004 1.053e+004 1.052e+004 1.054e+004 1.057e+004 1.055e+004 1.052e+004 1.058e+004 1.069e+004 1.063e+004 1.045e+004 1.027e+004 1.006e+004 9961 9803 9559 9399 9276 9266 9284 9277 9271 9270 9264 9258 9235 9187 9138
1.071e+004 1.07e+004 1.068e+004 1.066e+004 1.064e+004 1.063e+004 1.063e+004 1.062e+004 1.062e+004 1.062e+004 1.062e+004 1.062e+004 1.061e+004 1.058e+004 1.055e+004 1.055e+004 1.055e+004 1.054e+004 1.056e+004 1.057e+004 1.056e+004 1.056e+004 1.056e+004 1.055e+004 1.053e+004 1.052e+004 1.051e+004 1.049e+004 1.047e+004 1.048e+004 1.049e+004 1.05e+004 1.054e+004 1.054e+004 1.055e+004 1.053e+004 1.05e+004 1.05e+004 1.051e+004 1.053e+004 1.045e+004 1.05e+004 1.064e+004 1.059e+004 1.042e+004 1.025e+004 1.011e+004 1e+004 9915 9672 9427 9338 9337 9338 9343 9337 9326 9316 9297 9261 9224 9198
1.07e+004 1.069e+004 1.068e+004 1.065e+004 1.061e+004 1.062e+004 1.063e+004 1.064e+004 1.062e+004 1.062e+004 1.062e+004 1.062e+004 1.061e+004 1.058e+004 1.055e+004 1.058e+004 1.063e+004 1.063e+004 1.061e+004 1.06e+004 1.059e+004 1.057e+004 1.055e+004 1.054e+004 1.053e+004 1.052e+004 1.051e+004 1.049e+004 1.047e+004 1.049e+004 1.053e+004 1.054e+004 1.056e+004 1.053e+004 1.05e+004 1.049e+004 1.049e+004 1.05e+004 1.05e+004 1.051e+004 1.043e+004 1.045e+004 1.052e+004 1.049e+004 1.038e+004 1.024e+004 1.008e+004 1.001e+004 9965 9758 9604 9524 9439 9430 9404 9376 9367 9355 9346 9362 9263 9217
1.069e+004 1.068e+004 1.068e+004 1.065e+004 1.063e+004 1.062e+004 1.061e+004 1.06e+004 1.06e+004 1.061e+004 1.062e+004 1.062e+004 1.06e+004 1.06e+004 1.06e+004 1.066e+004 1.065e+004 1.065e+004 1.063e+004 1.062e+004 1.06e+004 1.057e+004 1.055e+004 1.054e+004 1.053e+004 1.052e+004 1.051e+004 1.052e+004 1.052e+004 1.054e+004 1.053e+004 1.053e+004 1.054e+004 1.053e+004 1.052e+004 1.053e+004 1.049e+004 1.046e+004 1.046e+004 1.047e+004 1.047e+004 1.046e+004 1.045e+004 1.042e+004 1.039e+004 1.03e+004 1.016e+004 1.007e+004 9961 9844 9652 9576 9532 9446 9403 9417 9407 9387 9353 9281 9286 9281
1.067e+004 1.066e+004 1.066e+004 1.066e+004 1.066e+004 1.063e+004 1.06e+004 1.057e+004 1.059e+004 1.061e+004 1.062e+004 1.063e+004 1.065e+004 1.066e+004 1.067e+004 1.064e+004 1.063e+004 1.063e+004 1.062e+004 1.061e+004 1.059e+004 1.057e+004 1.055e+004 1.054e+004 1.053e+004 1.053e+004 1.052e+004 1.052e+004 1.054e+004 1.054e+004 1.054e+004 1.054e+004 1.057e+004 1.056e+004 1.052e+004 1.048e+004 1.05e+004 1.046e+004 1.044e+004 1.045e+004 1.049e+004 1.048e+004 1.049e+004 1.048e+004 1.046e+004 1.041e+004 1.034e+004 1.021e+004 1.005e+004 9989 9872 9730 9671 9645 9542 9502 9477 9454 9404 9346 9371 9424
1.064e+004 1.063e+004 1.062e+004 1.064e+004 1.065e+004 1.063e+004 1.06e+004 1.058e+004 1.059e+004 1.061e+004 1.062e+004 1.064e+004 1.065e+004 1.066e+004 1.066e+004 1.064e+004 1.064e+004 1.063e+004 1.061e+004 1.06e+004 1.058e+004 1.056e+004 1.055e+004 1.054e+004 1.053e+004 1.053e+004 1.053e+004 1.054e+004 1.055e+004 1.055e+004 1.056e+004 1.056e+004 1.062e+004 1.06e+004 1.057e+004 1.055e+004 1.047e+004 1.046e+004 1.045e+004 1.044e+004 1.043e+004 1.048e+004 1.054e+004 1.06e+004 1.055e+004 1.052e+004 1.048e+004 1.038e+004 1.024e+004 1.013e+004 9992 9920 9833 9715 9655 9605 9585 9561 9526 9504 9521 9571
1.062e+004 1.061e+004 1.061e+004 1.061e+004 1.061e+004 1.063e+004 1.063e+004 1.062e+004 1.062e+004 1.061e+004 1.062e+004 1.064e+004 1.066e+004 1.066e+004 1.064e+004 1.063e+004 1.063e+004 1.062e+004 1.06e+004 1.058e+004 1.057e+004 1.056e+004 1.055e+004 1.054e+004 1.053e+004 1.052e+004 1.052e+004 1.053e+004 1.055e+004 1.056e+004 1.055e+004 1.056e+004 1.06e+004 1.06e+004 1.057e+004 1.053e+004 1.05e+004 1.045e+004 1.045e+004 1.045e+004 1.044e+004 1.049e+004 1.055e+004 1.06e+004 1.06e+004 1.06e+004 1.062e+004 1.056e+004 1.043e+004 1.034e+004 1.033e+004 1.019e+004 1.003e+004 9869 9726 9731 9720 9694 9667 9648 9655 9678
1.063e+004 1.063e+004 1.064e+004 1.066e+004 1.065e+004 1.064e+004 1.063e+004 1.064e+004 1.062e+004 1.06e+004 1.061e+004 1.062e+004 1.065e+004 1.066e+004 1.064e+004 1.063e+004 1.061e+004 1.062e+004 1.06e+004 1.058e+004 1.055e+004 1.055e+004 1.055e+004 1.053e+004 1.052e+004 1.051e+004 1.05e+004 1.05e+004 1.051e+004 1.053e+004 1.054e+004 1.06e+004 1.058e+004 1.057e+004 1.056e+004 1.054e+004 1.051e+004 1.048e+004 1.047e+004 1.047e+004 1.047e+004 1.05e+004 1.053e+004 1.056e+004 1.06e+004 1.064e+004 1.071e+004 1.081e+004 1.064e+004 1.052e+004 1.037e+004 1.031e+004 1.024e+004 1.016e+004 1.008e+004 9954 9913 9877 9838 9809 9808 9850
1.066e+004 1.071e+004 1.071e+004 1.072e+004 1.069e+004 1.064e+004 1.061e+004 1.057e+004 1.055e+004 1.055e+004 1.057e+004 1.059e+004 1.061e+004 1.061e+004 1.061e+004 1.063e+004 1.064e+004 1.063e+004 1.061e+004 1.059e+004 1.058e+004 1.057e+004 1.055e+004 1.053e+004 1.051e+004 1.049e+004 1.049e+004 1.048e+004 1.047e+004 1.049e+004 1.054e+004 1.056e+004 1.056e+004 1.056e+004 1.054e+004 1.054e+004 1.052e+004 1.05e+004 1.051e+004 1.05e+004 1.05e+004 1.05e+004 1.052e+004 1.055e+004 1.058e+004 1.064e+004 1.07e+004 1.071e+004 1.072e+004 1.065e+004 1.062e+004 1.05e+004 1.044e+004 1.042e+004 1.036e+004 1.019e+004 1.013e+004 1.008e+004 1.003e+004 9982 9976 1.006e+004
1.068e+004 1.076e+004 1.075e+004 1.072e+004 1.068e+004 1.062e+004 1.057e+004 1.05e+004 1.047e+004 1.05e+004 1.052e+004 1.055e+004 1.056e+004 1.056e+004 1.059e+004 1.063e+004 1.065e+004 1.064e+004 1.062e+004 1.06e+004 1.058e+004 1.056e+004 1.054e+004 1.052e+004 1.05e+004 1.048e+004 1.046e+004 1.046e+004 1.047e+004 1.051e+004 1.053e+004 1.054e+004 1.054e+004 1.053e+004 1.053e+004 1.054e+004 1.052e+004 1.05e+004 1.049e+004 1.049e+004 1.05e+004 1.05e+004 1.051e+004 1.051e+004 1.055e+004 1.06e+004 1.065e+004 1.066e+004 1.069e+004 1.069e+004 1.062e+004 1.06e+004 1.057e+004 1.058e+004 1.059e+004 1.045e+004 1.036e+004 1.03e+004 1.025e+004 1.022e+004 1.021e+004 1.028e+004
1.072e+004 1.078e+004 1.074e+004 1.067e+004 1.064e+004 1.06e+004 1.054e+004 1.049e+004 1.046e+004 1.047e+004 1.049e+004 1.051e+004 1.051e+004 1.051e+004 1.057e+004 1.065e+004 1.067e+004 1.065e+004 1.062e+004 1.06e+004 1.057e+004 1.054e+004 1.053e+004 1.051e+004 1.049e+004 1.047e+004 1.046e+004 1.048e+004 1.051e+004 1.051e+004 1.052e+004 1.053e+004 1.054e+004 1.054e+004 1.052e+004 1.051e+004 1.051e+004 1.049e+004 1.048e+004 1.049e+004 1.05e+004 1.05e+004 1.05e+004 1.051e+004 1.054e+004 1.058e+004 1.062e+004 1.066e+004 1.066e+004 1.069e+004 1.071e+004 1.066e+004 1.062e+004 1.065e+004 1.069e+004 1.067e+004 1.056e+004 1.049e+004 1.046e+004 1.049e+004 1.06e+004 1.055e+004
1.079e+004 1.079e+004 1.073e+004 1.067e+004 1.062e+004 1.057e+004 1.052e+004 1.048e+004 1.046e+004 1.046e+004 1.048e+004 1.049e+004 1.05e+004 1.051e+004 1.057e+004 1.066e+004 1.068e+004 1.065e+004 1.061e+004 1.058e+004 1.055e+004 1.053e+004 1.051e+004 1.05e+004 1.048e+004 1.047e+004 1.047e+004 1.049e+004 1.051e+004 1.049e+004 1.049e+004 1.05e+004 1.053e+004 1.056e+004 1.05e+004 1.049e+004 1.051e+004 1.047e+004 1.044e+004 1.049e+004 1.049e+004 1.049e+004 1.049e+004 1.052e+004 1.055e+004 1.057e+004 1.06e+004 1.061e+004 1.06e+004 1.06e+004 1.061e+004 1.06e+004 1.061e+004 1.063e+004 1.065e+004 1.069e+004 1.065e+004 1.061e+004 1.06e+004 1.064e+004 1.065e+004 1.07e+004
1.077e+004 1.076e+004 1.072e+004 1.066e+004 1.059e+004 1.054e+004 1.05e+004 1.046e+004 1.044e+004 1.044e+004 1.046e+004 1.048e+004 1.05e+004 1.052e+004 1.055e+004 1.057e+004 1.063e+004 1.063e+004 1.059e+004 1.056e+004 1.052e+004 1.05e+004 1.05e+004 1.05e+004 1.049e+004 1.048e+004 1.047e+004 1.048e+004 1.048e+004 1.045e+004 1.046e+004 1.049e+004 1.051e+004 1.049e+004 1.048e+004 1.048e+004 1.05e+004 1.046e+004 1.043e+004 1.045e+004 1.047e+004 1.047e+004 1.048e+004 1.049e+004 1.051e+004 1.053e+004 1.057e+004 1.059e+004 1.061e+004 1.059e+004 1.058e+004 1.058e+004 1.059e+004 1.061e+004 1.065e+004 1.069e+004 1.067e+004 1.065e+004 1.065e+004 1.068e+004 1.075e+004 1.069e+004
1.077e+004 1.073e+004 1.065e+004 1.06e+004 1.055e+004 1.051e+004 1.048e+004 1.045e+004 1.043e+004 1.043e+004 1.045e+004 1.047e+004 1.049e+004 1.051e+004 1.053e+004 1.055e+004 1.058e+004 1.058e+004 1.056e+004 1.054e+004 1.051e+004 1.05e+004 1.05e+004 1.05e+004 1.05e+004 1.049e+004 1.05e+004 1.049e+004 1.046e+004 1.044e+004 1.045e+004 1.046e+004 1.045e+004 1.044e+004 1.044e+004 1.048e+004 1.052e+004 1.046e+004 1.042e+004 1.041e+004 1.044e+004 1.046e+004 1.046e+004 1.045e+004 1.043e+004 1.049e+004 1.054e+004 1.059e+004 1.061e+004 1.06e+004 1.059e+004 1.058e+004 1.058e+004 1.061e+004 1.062e+004 1.062e+004 1.064e+004 1.066e+004 1.066e+004 1.067e+004 1.066e+004 1.064e+004
1.078e+004 1.07e+004 1.058e+004 1.051e+004 1.051e+004 1.049e+004 1.047e+004 1.044e+004 1.043e+004 1.043e+004 1.044e+004 1.046e+004 1.048e+004 1.05e+004 1.053e+004 1.054e+004 1.052e+004 1.051e+004 1.052e+004 1.053e+004 1.052e+004 1.051e+004 1.051e+004 1.051e+004 1.051e+004 1.05e+004 1.049e+004 1.048e+004 1.046e+004 1.045e+004 1.044e+004 1.046e+004 1.05e+004 1.046e+004 1.045e+004 1.048e+004 1.05e+004 1.048e+004 1.045e+004 1.045e+004 1.045e+004 1.046e+004 1.047e+004 1.047e+004 1.046e+004 1.047e+004 1.046e+004 1.048e+004 1.05e+004 1.058e+004 1.058e+004 1.057e+004 1.061e+004 1.062e+004 1.063e+004 1.06e+004 1.062e+004 1.062e+004 1.061e+004 1.061e+004 1.06e+004 1.056e+004
1.08e+004 1.071e+004 1.059e+004 1.052e+004 1.051e+004 1.049e+004 1.047e+004 1.045e+004 1.043e+004 1.043e+004 1.044e+004 1.046e+004 1.047e+004 1.049e+004 1.051e+004 1.051e+004 1.049e+004 1.049e+004 1.051e+004 1.052e+004 1.053e+004 1.053e+004 1.052e+004 1.052e+004 1.051e+004 1.051e+004 1.05e+004 1.049e+004 1.048e+004 1.048e+004 1.046e+004 1.047e+004 1.047e+004 1.048e+004 1.049e+004 1.049e+004 1.049e+004 1.049e+004 1.047e+004 1.047e+004 1.047e+004 1.047e+004 1.048e+004 1.049e+004 1.053e+004 1.048e+004 1.042e+004 1.04e+004 1.043e+004 1.051e+004 1.057e+004 1.061e+004 1.059e+004 1.061e+004 1.066e+004 1.07e+004 1.064e+004 1.06e+004 1.058e+004 1.056e+004 1.052e+004 1.049e+004
1.083e+004 1.075e+004 1.062e+004 1.057e+004 1.054e+004 1.052e+004 1.049e+004 1.046e+004 1.044e+004 1.043e+004 1.045e+004 1.046e+004 1.047e+004 1.048e+004 1.048e+004 1.048e+004 1.048e+004 1.048e+004 1.049e+004 1.052e+004 1.055e+004 1.055e+004 1.054e+004 1.052e+004 1.051e+004 1.051e+004 1.05e+004 1.05e+004 1.05e+004 1.047e+004 1.046e+004 1.047e+004 1.047e+004 1.047e+004 1.049e+004 1.051e+004 1.053e+004 1.051e+004 1.049e+004 1.048e+004 1.048e+004 1.049e+004 1.049e+004 1.05e+004 1.051e+004 1.048e+004 1.044e+004 1.043e+004 1.044e+004 1.052e+004 1.054e+004 1.056e+004 1.053e+004 1.056e+004 1.06e+004 1.06e+004 1.059e+004 1.056e+004 1.055e+004 1.054e+004 1.053e+004 1.054e+004
1.086e+004 1.082e+004 1.073e+004 1.065e+004 1.06e+004 1.056e+004 1.052e+004 1.048e+004 1.045e+004 1.044e+004 1.045e+004 1.046e+004 1.047e+004 1.047e+004 1.047e+004 1.048e+004 1.046e+004 1.045e+004 1.048e+004 1.052e+004 1.054e+004 1.055e+004 1.053e+004 1.052e+004 1.05e+004 1.048e+004 1.049e+004 1.05e+004 1.048e+004 1.054e+004 1.049e+004 1.048e+004 1.047e+004 1.046e+004 1.048e+004 1.049e+004 1.054e+004 1.057e+004 1.054e+004 1.051e+004 1.049e+004 1.049e+004 1.05e+004 1.05e+004 1.05e+004 1.049e+004 1.048e+004 1.046e+004 1.048e+004 1.05e+004 1.052e+004 1.051e+004 1.05e+004 1.051e+004 1.053e+004 1.051e+004 1.05e+004 1.052e+004 1.053e+004 1.054e+004 1.055e+004 1.057e+004
1.088e+004 1.088e+004 1.087e+004 1.075e+004 1.066e+004 1.06e+004 1.055e+004 1.05e+004 1.047e+004 1.044e+004 1.045e+004 1.046e+004 1.047e+004 1.048e+004 1.048e+004 1.048e+004 1.046e+004 1.044e+004 1.047e+004 1.051e+004 1.053e+004 1.052e+004 1.052e+004 1.051e+004 1.05e+004 1.048e+004 1.048e+004 1.036e+004 1.03e+004 1.041e+004 1.05e+004 1.05e+004 1.048e+004 1.047e+004 1.048e+004 1.047e+004 1.048e+004 1.053e+004 1.051e+004 1.049e+004 1.049e+004 1.049e+004 1.049e+004 1.049e+004 1.049e+004 1.049e+004 1.048e+004 1.047e+004 1.046e+004 1.047e+004 1.049e+004 1.049e+004 1.048e+004 1.049e+004 1.049e+004 1.048e+004 1.047e+004 1.048e+004 1.05e+004 1.052e+004 1.053e+004 1.052e+004
