real_craters/C138-750m.grd
DSAA
119 119
-44.4325 44.4325
-44.4325 44.4325
8986.4662208337 10976.328569501
[rows 0 to 27 of 119, columns 0 to 61 of 119]
1.028e+004 1.028e+004 1.028e+004 1.028e+004 1.028e+004 1.028e+004 1.028e+004 1.028e+004 1.028e+004 1.028e+004 1.027e+004 1.027e+004 1.027e+004 1.027e+004 1.025e+004 1.024e+004 1.024e+004 1.024e+004 1.024e+004 1.024e+004 1.023e+004 1.023e+004 1.022e+004 1.024e+004 1.024e+004 1.022e+004 1.021e+004 1.019e+004 1.016e+004 1.013e+004 1.01e+004 1.007e+004 1.005e+004 1.004e+004 1.002e+004 9942 9876 9886 9875 9875 9864 9824 9794 9758 9735 9756 9791 9827 9873 9924 9856 9815 9777 9754 9757 9792 9862 9942 9908 9905 9912 9916
1.029e+004 1.029e+004 1.028e+004 1.028e+004 1.027e+004 1.027e+004 1.027e+004 1.028e+004 1.029e+004 1.03e+004 1.031e+004 1.032e+004 1.029e+004 1.027e+004 1.026e+004 1.026e+004 1.025e+004 1.025e+004 1.026e+004 1.026e+004 1.026e+004 1.024e+004 1.023e+004 1.024e+004 1.024e+004 1.022e+004 1.023e+004 1.021e+004 1.018e+004 1.014e+004 1.011e+004 1.007e+004 1.004e+004 1.001e+004 9968 9924 9903 9880 9845 9842 9832 9806 9799 9773 9740 9736 9755 9790 9824 9898 9923 9888 9867 9883 9899 9966 9919 9909 9884 9871 9872 9877
1.03e+004 1.029e+004 1.029e+004 1.028e+004 1.028e+004 1.028e+004 1.029e+004 1.03e+004 1.031e+004 1.031e+004 1.032e+004 1.031e+004 1.03e+004 1.028e+004 1.027e+004 1.026e+004 1.026e+004 1.026e+004 1.026e+004 1.028e+004 1.029e+004 1.026e+004 1.025e+004 1.025e+004 1.025e+004 1.026e+004 1.027e+004 1.024e+004 1.02e+004 1.015e+004 1.01e+004 1.006e+004 1.002e+004 9980 9926 9900 9875 9869 9854 9843 9835 9826 9813 9801 9776 9750 9739 9779 9820 9873 9879 9879 9900 9934 9935 9924 9902 9841 9844 9839 9845 9850
1.031e+004 1.03e+004 1.029e+004 1.028e+004 1.029e+004 1.03e+004 1.031e+004 1.031e+004 1.032e+004 1.032e+004 1.032e+004 1.03e+004 1.029e+004 1.028e+004 1.027e+004 1.026e+004 1.026e+004 1.026e+004 1.026e+004 1.027e+004 1.029e+004 1.028e+004 1.027e+004 1.026e+004 1.027e+004 1.03e+004 1.03e+004 1.026e+004 1.022e+004 1.016e+004 1.009e+004 1.006e+004 1.002e+004 9978 9933 9908 9898 9885 9865 9844 9826 9825 9841 9814 9772 9749 9743 9796 9831 9817 9827 9839 9860 9870 9898 9895 9885 9838 9830 9842 9836 9837
1.031e+004 1.031e+004 1.03e+004 1.029e+004 1.029e+004 1.03e+004 1.031e+004 1.032e+004 1.032e+004 1.032e+004 1.031e+004 1.029e+004 1.027e+004 1.027e+004 1.026e+004 1.026e+004 1.026e+004 1.025e+004 1.025e+004 1.025e+004 1.026e+004 1.026e+004 1.028e+004 1.028e+004 1.028e+004 1.031e+004 1.029e+004 1.027e+004 1.023e+004 1.019e+004 1.014e+004 1.008e+004 1.003e+004 9992 9959 9928 9908 9898 9880 9860 9836 9771 9857 9822 9774 9733 9752 9788 9811 9801 9804 9809 9826 9840 9855 9855 9862 9829 9806 9813 9816 9820
1.031e+004 1.031e+004 1.03e+004 1.03e+004 1.03e+004 1.032e+004 1.032e+004 1.032e+004 1.032e+004 1.032e+004 1.031e+004 1.029e+004 1.028e+004 1.026e+004 1.025e+004 1.025e+004 1.024e+004 1.023e+004 1.023e+004 1.022e+004 1.022e+004 1.023e+004 1.025e+004 1.026e+004 1.028e+004 1.029e+004 1.029e+004 1.028e+004 1.024e+004 1.02e+004 1.016e+004 1.01e+004 1.005e+004 1e+004 9968 9951 9943 9916 9894 9879 9871 9844 9833 9829 9795 9728 9734 9753 9801 9813 9796 9791 9801 9814 9813 9831 9813 9773 9769 9776 9791 9798
1.031e+004 1.031e+004 1.031e+004 1.031e+004 1.032e+004 1.033e+004 1.033e+004 1.032e+004 1.032e+004 1.031e+004 1.031e+004 1.029e+004 1.027e+004 1.026e+004 1.025e+004 1.024e+004 1.023e+004 1.022e+004 1.02e+004 1.021e+004 1.019e+004 1.021e+004 1.023e+004 1.025e+004 1.027e+004 1.029e+004 1.03e+004 1.028e+004 1.023e+004 1.019e+004 1.014e+004 1.009e+004 1.005e+004 1.001e+004 9990 9975 9952 9933 9902 9880 9865 9833 9808 9809 9801 9751 9719 9740 9773 9788 9787 9785 9779 9765 9765 9776 9787 9764 9760 9768 9771 9778
1.033e+004 1.033e+004 1.033e+004 1.033e+004 1.034e+004 1.034e+004 1.033e+004 1.031e+004 1.03e+004 1.029e+004 1.029e+004 1.027e+004 1.027e+004 1.025e+004 1.024e+004 1.023e+004 1.022e+004 1.025e+004 1.024e+004 1.022e+004 1.021e+004 1.017e+004 1.016e+004 1.028e+004 1.026e+004 1.025e+004 1.024e+004 1.023e+004 1.019e+004 1.015e+004 1.011e+004 1.007e+004 1.004e+004 1.002e+004 9999 9975 9955 9926 9893 9865 9852 9821 9774 9747 9735 9721 9724 9734 9720 9749 9772 9791 9761 9738 9750 9807 9801 9768 9748 9746 9754 9762
1.036e+004 1.036e+004 1.036e+004 1.035e+004 1.035e+004 1.035e+004 1.032e+004 1.03e+004 1.028e+004 1.027e+004 1.026e+004 1.024e+004 1.022e+004 1.023e+004 1.023e+004 1.023e+004 1.024e+004 1.025e+004 1.023e+004 1.022e+004 1.019e+004 1.008e+004 1.002e+004 1.023e+004 1.022e+004 1.017e+004 1.013e+004 1.018e+004 1.013e+004 1.009e+004 1.006e+004 1.004e+004 1.003e+004 1.002e+004 1e+004 9990 9942 9900 9892 9871 9853 9844 9773 9752 9736 9768 9779 9747 9752 9746 9752 9751 9732 9711 9725 9780 9795 9777 9738 9727 9734 9738
1.04e+004 1.039e+004 1.039e+004 1.038e+004 1.036e+004 1.034e+004 1.034e+004 1.032e+004 1.031e+004 1.028e+004 1.026e+004 1.024e+004 1.023e+004 1.024e+004 1.024e+004 1.024e+004 1.023e+004 1.022e+004 1.022e+004 1.022e+004 1.019e+004 1.015e+004 1.011e+004 1.019e+004 1.013e+004 1.008e+004 1.005e+004 1.005e+004 1.006e+004 1.002e+004 1e+004 1.001e+004 1.001e+004 9998 9993 9978 9917 9886 9882 9877 9860 9855 9832 9804 9758 9779 9787 9760 9750 9746 9737 9724 9704 9687 9698 9766 9785 9781 9760 9730 9730 9733
1.043e+004 1.042e+004 1.041e+004 1.041e+004 1.039e+004 1.037e+004 1.037e+004 1.037e+004 1.037e+004 1.034e+004 1.03e+004 1.027e+004 1.026e+004 1.026e+004 1.026e+004 1.025e+004 1.023e+004 1.022e+004 1.02e+004 1.02e+004 1.018e+004 1.016e+004 1.014e+004 1.009e+004 1.008e+004 1.005e+004 1.004e+004 1.004e+004 1.002e+004 1e+004 1e+004 1.001e+004 1e+004 9982 9955 9916 9871 9846 9840 9853 9846 9842 9837 9794 9769 9809 9776 9752 9750 9744 9731 9708 9691 9675 9665 9715 9733 9746 9772 9731 9723 9727
1.046e+004 1.043e+004 1.041e+004 1.038e+004 1.039e+004 1.039e+004 1.04e+004 1.04e+004 1.042e+004 1.04e+004 1.035e+004 1.029e+004 1.03e+004 1.028e+004 1.027e+004 1.025e+004 1.024e+004 1.022e+004 1.021e+004 1.019e+004 1.018e+004 1.017e+004 1.014e+004 1.011e+004 1.009e+004 1.006e+004 1.005e+004 1e+004 9989 1.005e+004 1.005e+004 1.002e+004 9995 9960 9918 9871 9869 9848 9826 9823 9821 9818 9821 9796 9784 9798 9765 9759 9757 9751 9739 9726 9712 9693 9680 9675 9665 9683 9676 9707 9716 9724
1.046e+004 1.044e+004 1.042e+004 1.041e+004 1.041e+004 1.042e+004 1.041e+004 1.04e+004 1.039e+004 1.038e+004 1.034e+004 1.03e+004 1.031e+004 1.03e+004 1.028e+004 1.026e+004 1.024e+004 1.023e+004 1.022e+004 1.02e+004 1.019e+004 1.02e+004 1.016e+004 1.01e+004 1.008e+004 1.008e+004 1.007e+004 1e+004 1.002e+004 1.007e+004 1.008e+004 1.005e+004 1.001e+004 9964 9927 9919 9917 9888 9854 9821 9823 9835 9856 9834 9782 9782 9777 9778 9775 9765 9753 9742 9733 9725 9727 9727 9697 9694 9696 9717 9725 9728
1.046e+004 1.044e+004 1.042e+004 1.042e+004 1.042e+004 1.042e+004 1.041e+004 1.038e+004 1.034e+004 1.032e+004 1.033e+004 1.031e+004 1.031e+004 1.03e+004 1.028e+004 1.026e+004 1.025e+004 1.023e+004 1.022e+004 1.02e+004 1.018e+004 1.016e+004 1.015e+004 1.012e+004 1.01e+004 1.008e+004 1.01e+004 1.015e+004 1.015e+004 1.015e+004 1.012e+004 1.008e+004 1.003e+004 9977 9935 9923 9910 9877 9836 9842 9855 9858 9863 9828 9804 9794 9810 9803 9795 9782 9769 9757 9749 9754 9761 9781 9774 9765 9759 9747 9742 9744
1.045e+004 1.044e+004 1.042e+004 1.042e+004 1.042e+004 1.043e+004 1.041e+004 1.036e+004 1.032e+004 1.033e+004 1.035e+004 1.037e+004 1.031e+004 1.028e+004 1.028e+004 1.027e+004 1.026e+004 1.025e+004 1.023e+004 1.021e+004 1.019e+004 1.018e+004 1.017e+004 1.017e+004 1.014e+004 1.012e+004 1.011e+004 1.01e+004 1.015e+004 1.017e+004 1.014e+004 1.009e+004 1.004e+004 9991 9937 9903 9889 9877 9881 9908 9918 9906 9879 9849 9852 9846 9838 9820 9815 9804 9793 9780 9769 9783 9813 9843 9829 9805 9787 9763 9752 9751
1.046e+004 1.045e+004 1.043e+004 1.042e+004 1.043e+004 1.042e+004 1.04e+004 1.036e+004 1.033e+004 1.033e+004 1.037e+004 1.039e+004 1.034e+004 1.03e+004 1.029e+004 1.028e+004 1.027e+004 1.025e+004 1.024e+004 1.022e+004 1.02e+004 1.02e+004 1.02e+004 1.02e+004 1.018e+004 1.015e+004 1.012e+004 1.01e+004 1.015e+004 1.018e+004 1.015e+004 1.011e+004 1.006e+004 1.002e+004 9969 9912 9900 9893 9931 9957 9954 9918 9867 9876 9890 9877 9861 9848 9843 9833 9819 9807 9801 9800 9810 9816 9793 9769 9762 9758 9758 9762
1.047e+004 1.046e+004 1.043e+004 1.043e+004 1.043e+004 1.043e+004 1.041e+004 1.038e+004 1.034e+004 1.034e+004 1.038e+004 1.039e+004 1.037e+004 1.034e+004 1.032e+004 1.03e+004 1.029e+004 1.027e+004 1.025e+004 1.023e+004 1.022e+004 1.021e+004 1.021e+004 1.02e+004 1.019e+004 1.016e+004 1.013e+004 1.012e+004 1.015e+004 1.018e+004 1.016e+004 1.012e+004 1.008e+004 1.004e+004 9980 9917 9908 9919 9944 9946 9922 9876 9824 9835 9854 9871 9891 9898 9884 9869 9850 9836 9823 9811 9790 9768 9756 9742 9745 9752 9764 9772
1.048e+004 1.047e+004 1.045e+004 1.044e+004 1.044e+004 1.044e+004 1.043e+004 1.039e+004 1.036e+004 1.038e+004 1.041e+004 1.041e+004 1.04e+004 1.037e+004 1.035e+004 1.034e+004 1.032e+004 1.03e+004 1.028e+004 1.025e+004 1.023e+004 1.022e+004 1.021e+004 1.019e+004 1.018e+004 1.017e+004 1.016e+004 1.014e+004 1.015e+004 1.016e+004 1.015e+004 1.013e+004 1.01e+004 1.006e+004 1e+004 9954 9963 9957 9953 9926 9885 9852 9832 9825 9808 9860 9930 9942 9922 9899 9882 9865 9853 9828 9802 9795 9773 9760 9759 9764 9775 9785
1.046e+004 1.047e+004 1.046e+004 1.045e+004 1.044e+004 1.043e+004 1.041e+004 1.039e+004 1.039e+004 1.042e+004 1.044e+004 1.045e+004 1.043e+004 1.041e+004 1.039e+004 1.037e+004 1.035e+004 1.033e+004 1.03e+004 1.028e+004 1.025e+004 1.023e+004 1.022e+004 1.022e+004 1.02e+004 1.019e+004 1.018e+004 1.016e+004 1.015e+004 1.015e+004 1.015e+004 1.013e+004 1.011e+004 1.009e+004 1.005e+004 1e+004 1e+004 9994 9967 9927 9883 9848 9823 9796 9796 9843 9896 9926 9926 9908 9895 9884 9863 9845 9833 9829 9825 9807 9789 9791 9793 9801
1.046e+004 1.048e+004 1.048e+004 1.047e+004 1.046e+004 1.043e+004 1.04e+004 1.041e+004 1.04e+004 1.042e+004 1.044e+004 1.045e+004 1.044e+004 1.044e+004 1.042e+004 1.04e+004 1.038e+004 1.036e+004 1.033e+004 1.031e+004 1.029e+004 1.027e+004 1.027e+004 1.023e+004 1.022e+004 1.02e+004 1.018e+004 1.017e+004 1.016e+004 1.015e+004 1.015e+004 1.014e+004 1.013e+004 1.011e+004 1.007e+004 1.004e+004 1.004e+004 1.003e+004 9986 9937 9883 9862 9838 9821 9808 9859 9901 9908 9902 9903 9903 9904 9908 9901 9863 9826 9830 9832 9810 9812 9810 9813
1.048e+004 1.051e+004 1.052e+004 1.049e+004 1.047e+004 1.046e+004 1.045e+004 1.044e+004 1.045e+004 1.044e+004 1.043e+004 1.044e+004 1.046e+004 1.046e+004 1.045e+004 1.043e+004 1.04e+004 1.038e+004 1.036e+004 1.034e+004 1.033e+004 1.03e+004 1.027e+004 1.026e+004 1.024e+004 1.021e+004 1.019e+004 1.018e+004 1.016e+004 1.016e+004 1.016e+004 1.016e+004 1.015e+004 1.014e+004 1.009e+004 1.008e+004 1.002e+004 1.001e+004 9998 9957 9920 9908 9864 9847 9869 9901 9930 9911 9890 9894 9902 9914 9933 9946 9897 9846 9832 9833 9826 9817 9824 9831
1.049e+004 1.052e+004 1.052e+004 1.05e+004 1.049e+004 1.047e+004 1.046e+004 1.047e+004 1.047e+004 1.046e+004 1.046e+004 1.047e+004 1.047e+004 1.048e+004 1.047e+004 1.045e+004 1.043e+004 1.04e+004 1.038e+004 1.036e+004 1.033e+004 1.032e+004 1.03e+004 1.029e+004 1.025e+004 1.023e+004 1.021e+004 1.02e+004 1.018e+004 1.018e+004 1.018e+004 1.017e+004 1.016e+004 1.015e+004 1.009e+004 1.007e+004 1.004e+004 1.002e+004 1.001e+004 9984 9953 9962 9892 9882 9905 9918 9933 9918 9894 9894 9902 9911 9913 9901 9932 9886 9852 9843 9846 9856 9862 9852
1.049e+004 1.05e+004 1.05e+004 1.05e+004 1.05e+004 1.049e+004 1.049e+004 1.049e+004 1.048e+004 1.047e+004 1.05e+004 1.049e+004 1.05e+004 1.05e+004 1.049e+004 1.046e+004 1.044e+004 1.042e+004 1.04e+004 1.038e+004 1.036e+004 1.034e+004 1.032e+004 1.029e+004 1.027e+004 1.025e+004 1.025e+004 1.023e+004 1.021e+004 1.02e+004 1.019e+004 1.017e+004 1.015e+004 1.012e+004 1.005e+004 1.004e+004 1.002e+004 1.003e+004 1.003e+004 1.001e+004 9992 9989 9977 9938 9933 9924 9935 9900 9884 9897 9905 9913 9910 9899 9890 9864 9841 9851 9874 9897 9890 9864
1.05e+004 1.05e+004 1.05e+004 1.051e+004 1.051e+004 1.05e+004 1.05e+004 1.051e+004 1.051e+004 1.051e+004 1.051e+004 1.052e+004 1.051e+004 1.05e+004 1.048e+004 1.047e+004 1.045e+004 1.043e+004 1.041e+004 1.039e+004 1.036e+004 1.036e+004 1.035e+004 1.032e+004 1.029e+004 1.028e+004 1.027e+004 1.024e+004 1.022e+004 1.022e+004 1.02e+004 1.017e+004 1.014e+004 1.01e+004 1.002e+004 9996 1.001e+004 1.007e+004 1.006e+004 1.003e+004 1.002e+004 1.001e+004 9980 9972 9982 9972 9960 9900 9896 9913 9918 9919 9917 9915 9884 9871 9836 9847 9880 9874 9861 9858
1.052e+004 1.052e+004 1.052e+004 1.052e+004 1.052e+004 1.052e+004 1.052e+004 1.052e+004 1.054e+004 1.055e+004 1.056e+004 1.054e+004 1.052e+004 1.05e+004 1.047e+004 1.047e+004 1.046e+004 1.044e+004 1.042e+004 1.04e+004 1.039e+004 1.038e+004 1.036e+004 1.033e+004 1.029e+004 1.027e+004 1.024e+004 1.022e+004 1.021e+004 1.022e+004 1.02e+004 1.017e+004 1.013e+004 1.007e+004 1.003e+004 1.001e+004 1.004e+004 1.008e+004 1.007e+004 1.004e+004 1.001e+004 9988 9985 9978 1.001e+004 9974 9961 9915 9919 9938 9933 9926 9921 9918 9905 9898 9906 9899 9895 9865 9846 9856
1.055e+004 1.056e+004 1.054e+004 1.054e+004 1.054e+004 1.054e+004 1.054e+004 1.055e+004 1.057e+004 1.058e+004 1.058e+004 1.056e+004 1.054e+004 1.051e+004 1.049e+004 1.048e+004 1.046e+004 1.045e+004 1.044e+004 1.042e+004 1.041e+004 1.04e+004 1.037e+004 1.033e+004 1.027e+004 1.022e+004 1.021e+004 1.02e+004 1.02e+004 1.02e+004 1.019e+004 1.017e+004 1.013e+004 1.008e+004 1.006e+004 1.008e+004 1.007e+004 1.01e+004 1.008e+004 1.003e+004 9982 9973 9994 1.002e+004 9997 9970 9946 9941 9957 9952 9943 9936 9924 9901 9898 9909 9923 9938 9897 9873 9865 9872
1.058e+004 1.056e+004 1.057e+004 1.056e+004 1.056e+004 1.056e+004 1.056e+004 1.056e+004 1.059e+004 1.061e+004 1.06e+004 1.058e+004 1.056e+004 1.054e+004 1.053e+004 1.05e+004 1.048e+004 1.046e+004 1.045e+004 1.043e+004 1.041e+004 1.04e+004 1.039e+004 1.032e+004 1.028e+004 1.023e+004 1.023e+004 1.022e+004 1.021e+004 1.022e+004 1.02e+004 1.018e+004 1.015e+004 1.012e+004 1.009e+004 1.007e+004 1.006e+004 1.01e+004 1.008e+004 1.002e+004 9966 9964 1.002e+004 1.002e+004 1.001e+004 9991 9967 9935 9917 9944 9954 9949 9934 9912 9901 9922 9951 9912 9889 9883 9900 9901
1.06e+004 1.06e+004 1.059e+004 1.058e+004 1.058e+004 1.058e+004 1.059e+004 1.06e+004 1.061e+004 1.062e+004 1.062e+004 1.06e+004 1.057e+004 1.056e+004 1.055e+004 1.052e+004 1.049e+004 1.047e+004 1.044e+004 1.041e+004 1.039e+004 1.038e+004 1.035e+004 1.031e+004 1.03e+004 1.031e+004 1.028e+004 1.023e+004 1.023e+004 1.022e+004 1.022e+004 1.02e+004 1.017e+004 1.015e+004 1.012e+004 1.008e+004 1.006e+004 1.007e+004 1.007e+004 1.004e+004 9997 9973 1.002e+004 1.003e+004 1.002e+004 1.001e+004 9978 9943 9933 9965 9967 9964 9953 9932 9918 9929 9918 9900 9876 9893 9928 9928
