real_craters/C138-300m.grd
DSAA
297 297
-44.4325 44.4325
-44.4325 44.4325
8979.628011222 10978.793483157
[rows 60 to 89 of 297, columns 201 to 267 of 297]
9680.54 9661.39 9639.75 9614.51 9586.84 9569.02 9563.89 9560.37 9557.3 9554.24 9550.67 9547.55 9543.85 9540.39 9538 9541.24 9553.95 9573.34 9592.19 9602.08 9601.48 9599.46 9589.17 9567.07 9545.06 9523.32 9499.85 9479.17 9472.9 9477.04 9486.22 9493.04 9498.62 9503.22 9508.95 9514.49 9521.78 9530.69 9531.31 9526.3 9525.07 9525.63 9526.08 9525.09 9524.06 9521.46 9521.23 9522.18 9525.98 9530.3 9532.97 9533.39 9533.21 9531.57 9530.12 9527.89 9522.95 9515.62 9507.7 9505.31 9509.39 9510.71 9503.51 9497.68 9491.92 9487.07 9482.25
9706.43 9687.96 9666.48 9645.47 9625.15 9604.09 9587.31 9574.34 9563.93 9554.98 9545.73 9536.74 9528.14 9519.77 9512.88 9512.26 9525.86 9547.31 9568.65 9589.94 9588.75 9586.87 9582.42 9567.52 9543.82 9520.73 9496.54 9476.18 9470.03 9472.73 9481.67 9488.8 9494.48 9499.2 9503.13 9506.58 9513.21 9524.84 9524.2 9518.78 9517.85 9516.76 9516.43 9513.91 9510.81 9508.24 9512.69 9512.69 9513.13 9516.03 9519.48 9521.78 9521.45 9519.06 9515.19 9508.89 9500.26 9491.43 9483.92 9482.44 9484.77 9485.08 9481.95 9481.76 9480.65 9479.05 9477.25
9742.71 9710.22 9687.86 9673.18 9661.78 9637.21 9610.11 9589.13 9572.28 9557.75 9543.91 9530.56 9517.64 9504.88 9493.88 9489.42 9503.53 9524.27 9543.78 9555.75 9564.71 9572.47 9576.21 9570.63 9545.73 9521.59 9497.96 9476.82 9472.4 9474.12 9482.06 9488.22 9494.02 9497.83 9499.27 9497.73 9495.7 9502.25 9504.47 9507.12 9511.3 9511.71 9509.65 9505.11 9499.02 9492.57 9491.55 9494.78 9499.34 9503.94 9508.7 9510.99 9511.08 9509.58 9503.94 9496.2 9483.58 9474.08 9470.39 9466.77 9462.2 9456.6 9460.56 9466.16 9469.06 9470.64 9471.34
9742.82 9710.43 9693.82 9686.56 9683.12 9655.76 9624.6 9600.08 9580.1 9562.29 9546.12 9529.67 9513.22 9496.94 9482.62 9477.5 9490.48 9508.97 9525.62 9535.33 9542.71 9557.8 9567.79 9571.49 9547.58 9521.8 9501.74 9488.47 9480.36 9479.18 9485.98 9491.6 9496.76 9499.76 9499.63 9493.56 9480.11 9463.26 9482.95 9499.15 9508.44 9510.91 9508.53 9500.94 9491.18 9478.32 9469.64 9476.83 9487.58 9495.74 9500.97 9503.46 9503.82 9500.64 9495.42 9487.5 9475.86 9467.12 9463.85 9458.51 9451.25 9444.06 9448.62 9455.81 9460.96 9464.67 9467.47
9692.27 9688.38 9682.49 9680.15 9679.57 9654.46 9627.9 9605.18 9585.59 9568.46 9550.67 9533.13 9514.59 9496.04 9480.43 9475.72 9487.33 9503.82 9519.37 9528.38 9537.45 9545.78 9553.09 9559.62 9536.11 9514.56 9501.37 9493.32 9486.8 9488.18 9492.06 9498.36 9504.13 9507.26 9507.86 9502.2 9489.73 9475.1 9490.81 9505.38 9515.37 9517.34 9514.05 9504.74 9491.84 9474.52 9461.87 9471.62 9484.32 9493.38 9499.46 9502.03 9501.53 9497.66 9491.56 9483.53 9474.26 9465.12 9464.59 9458.63 9450.45 9444.1 9444.8 9450.46 9457 9461.92 9465.67
9675.46 9667.71 9662.17 9656.41 9650.85 9638.21 9622.53 9606.45 9590.6 9575.25 9559.18 9542.08 9523.07 9503.07 9486.11 9481.98 9493.19 9508.6 9523.28 9534.13 9536.69 9533.63 9530.92 9522.23 9508.66 9498.09 9492.63 9492.51 9489.08 9493.72 9500.14 9508.41 9515.74 9520.28 9523.89 9524.28 9524.41 9521.19 9521.97 9525.75 9531.55 9531.68 9526.37 9517.37 9500.85 9485.92 9475.68 9481.93 9491.81 9499.63 9506.41 9507.43 9506.09 9501.57 9493.55 9486.52 9480.2 9471.05 9470.77 9465.32 9455.37 9445.86 9444.84 9450.49 9456.59 9461.07 9464.39
9669.44 9654.99 9642.41 9629.26 9621.18 9619.46 9614.99 9607.25 9597.45 9586.04 9572.94 9557.14 9539.56 9518.67 9499.32 9495.68 9508.05 9521.76 9533.07 9537.06 9525.57 9522.87 9513.31 9495.27 9483.49 9480.65 9477.62 9479.09 9488.16 9498.47 9508.62 9518.95 9529.49 9536.62 9544.23 9551.24 9560.83 9567.44 9555.8 9551.39 9553.06 9551.08 9546.3 9538.62 9523.16 9508.29 9499.34 9503.16 9508.44 9513.26 9514.15 9513.21 9511 9506.37 9498.77 9493.15 9491 9490.56 9488.03 9477.58 9466.32 9455.31 9451.85 9456.61 9460.21 9463.79 9464.91
9667.32 9648.93 9629.32 9610.57 9603.25 9609.23 9611.95 9610.76 9605.72 9598.69 9589.68 9579.44 9565.46 9547.45 9526.01 9523.05 9534.79 9543.92 9546.4 9541.75 9532.25 9523.23 9510.23 9492.6 9479.1 9473.01 9470.61 9477.03 9491.32 9505.56 9518.85 9531.19 9543.72 9555.25 9566.58 9575.72 9580.78 9582.33 9581.16 9576.66 9576.2 9573.75 9570.15 9565.65 9554.52 9541.69 9532.56 9533.08 9532.78 9529.65 9526.91 9521.65 9517.29 9513.55 9507.17 9502.58 9501.34 9497.83 9495.56 9493.03 9483.25 9472.97 9467.31 9468.17 9469.8 9469.59 9467.95
9665.25 9644.45 9623.28 9609.32 9605.84 9611.5 9616.39 9618.07 9617.95 9614.92 9610.28 9604.79 9599.26 9589.61 9577.31 9572.29 9574.73 9576.29 9573.37 9564.08 9549.69 9536.68 9521.23 9504.11 9488.77 9476.7 9472.14 9483.03 9502.1 9519.56 9534.25 9548.14 9561.75 9574.87 9589.55 9601.96 9609.81 9609.47 9605.02 9599.78 9595.04 9596.2 9594.79 9595.06 9594.33 9591.62 9581.54 9571.01 9558.76 9549.15 9540.6 9531.94 9526.58 9522.23 9518.27 9515.14 9514.45 9510.51 9520.1 9514.8 9505.31 9493.8 9484.88 9486.02 9485.72 9482.15 9475.7
9643.84 9626.82 9620.73 9617.52 9619.03 9623.44 9628 9630.64 9631.86 9634.17 9633.62 9633.18 9634.23 9636.96 9640.87 9628.94 9618.56 9613.63 9609.06 9596.09 9577.85 9560.9 9542.35 9521.42 9500.22 9492.64 9491.68 9505.96 9524.75 9539.94 9553.47 9566.72 9579.99 9594.47 9609.86 9625.51 9643.15 9638.31 9625.99 9617.89 9612.65 9613.16 9615.13 9621.26 9633.71 9649.23 9633.19 9605.31 9582.49 9566.35 9554.41 9545.23 9538.82 9534.57 9531.98 9531.97 9530.72 9531.35 9539.71 9537.89 9531.78 9522.31 9512.68 9512.93 9507.22 9498.15 9486.21
9632.88 9618.46 9624.89 9633.27 9637.54 9641.12 9644.15 9647.19 9649.66 9652.7 9655.22 9658.68 9664.41 9673.45 9682.08 9668.44 9653.48 9645.39 9643.06 9627.13 9609.76 9591.86 9571.82 9550.11 9528.09 9529.35 9537.71 9547.19 9557.21 9566.39 9575.5 9585.9 9596.79 9609.31 9623.47 9637.11 9646.46 9645.24 9636.79 9628.46 9624.03 9623.33 9624.45 9635.73 9654.6 9672.11 9656.09 9624.48 9599.19 9579.88 9565.94 9554.93 9548.38 9543.77 9543.53 9547.12 9550.88 9556.03 9555.81 9561.54 9559.51 9558.36 9558.45 9546.75 9530.71 9514.53 9498.18
9634.49 9621.52 9637.58 9654.61 9659.05 9659.51 9661.14 9663.66 9666.43 9670 9673.98 9679.2 9686.21 9694.53 9698.39 9688.27 9674.33 9663.54 9657.99 9646.24 9635.35 9622.26 9606.63 9592.27 9580.88 9584.45 9598.68 9594.31 9593.04 9593.82 9597.18 9602.86 9609.55 9619.11 9630.54 9642.29 9649.2 9646.31 9638.89 9631.18 9625.76 9624.7 9625.24 9635.37 9651.86 9666.68 9650.3 9625.59 9603.66 9585.19 9573.81 9563.02 9556.49 9553.68 9554.05 9559.12 9566.39 9577.7 9588.6 9582.87 9579.75 9583.13 9588.06 9572.29 9550.19 9528.99 9508.8
9645.75 9635.01 9654.49 9678.32 9678.18 9676.8 9677.35 9679.08 9681.98 9685.42 9689.84 9695.17 9701.09 9706.71 9707.39 9698.76 9685.79 9671.29 9656.57 9657.09 9652.86 9645.9 9641.15 9637.23 9638.55 9636.56 9642.76 9633.26 9623.89 9618.85 9616.59 9616.78 9619.21 9624.28 9631.25 9641.18 9650.38 9642.47 9633.98 9627.06 9620.92 9618.48 9617.05 9621.99 9628.25 9631.21 9625.73 9611.46 9596.18 9583.98 9573.34 9565.86 9560.31 9557.78 9557.86 9563.4 9571.28 9581.47 9585.26 9583.98 9584.93 9590.47 9594.34 9583 9561.49 9538.71 9516.88
9661.28 9649.03 9664.23 9685.14 9688.19 9689.37 9690.86 9693.52 9696.35 9699.92 9703.48 9707.27 9710.93 9713.84 9712.57 9705.45 9694.62 9682.1 9672.01 9672.84 9673.32 9672.12 9673.26 9674.45 9678.76 9676.34 9674.21 9661.88 9648.87 9638.98 9632.57 9628.39 9626.61 9625.79 9625.87 9627.31 9631.99 9628.52 9622.07 9618.4 9612.01 9607.83 9603.74 9602.44 9598.55 9595.09 9596.2 9591.86 9584.95 9577.32 9569.99 9564.41 9559.81 9558.38 9557.82 9560.02 9564.85 9571.28 9567.99 9569.46 9575.96 9584.79 9591.21 9583.66 9563.94 9542.29 9521.4
9677.63 9658.97 9665.04 9680.49 9691.15 9696.87 9702.75 9705.89 9708.8 9711.88 9714.59 9716.74 9717.89 9718.17 9715.54 9710.4 9703.12 9696.07 9691.9 9692.06 9697.01 9703.2 9700.28 9699.64 9704.57 9706.15 9697.57 9680.28 9665.92 9654.43 9645.46 9637.35 9631.41 9625.84 9618.57 9607.15 9602.41 9610.82 9609.97 9607.21 9603.04 9597.4 9590.3 9584.11 9572.91 9567.39 9572.7 9574.88 9573.49 9569.34 9564.75 9559.99 9556.03 9554.59 9552.39 9551.02 9549.15 9547.95 9547.65 9549.26 9557.9 9569.32 9580.14 9577.58 9557.18 9538.44 9521.52
9695.84 9669.74 9670.67 9684.58 9697.42 9704.57 9712.97 9716.51 9719.47 9723.4 9725.7 9726.29 9724.95 9721.04 9718.08 9714.94 9710.15 9705.45 9703.53 9705.5 9712.37 9721.52 9714.9 9709.96 9709.68 9706.89 9697.51 9684.69 9671.37 9660.8 9650.99 9642.71 9635.32 9625.93 9616.99 9604.85 9599.36 9602.56 9602.31 9599.35 9595.33 9589.35 9580.42 9571.43 9560.34 9555.14 9558.55 9562.31 9562.76 9561.11 9558.53 9554.45 9550.55 9547.73 9543.88 9540.41 9534.95 9529.32 9526.15 9526.29 9535.06 9545.53 9555.61 9554.54 9539.67 9527.66 9516.43
9717.12 9691.59 9692.47 9702.91 9709.49 9714.66 9724.8 9728.31 9731.33 9733.89 9735.76 9735.79 9733.72 9727.1 9723.67 9720.74 9716 9709.93 9708.24 9710.71 9714.68 9717.02 9714.03 9708.33 9701.58 9694.04 9689.05 9680.93 9672.12 9660.35 9651.19 9642.56 9635.04 9627.66 9620.74 9616.43 9609.51 9603.43 9598.97 9594.41 9589.45 9582.4 9573.97 9563.81 9553.34 9549.7 9551.14 9554.27 9555.55 9554.83 9554.12 9549.72 9545.23 9539.6 9534.61 9529.86 9524.29 9517.45 9509.65 9506.64 9511.89 9518.05 9519.4 9515.68 9515.36 9512.27 9508.13
9738.97 9716.47 9716.62 9721.82 9722.57 9725.99 9735.46 9738.21 9740.9 9743.51 9745.27 9745.84 9745.83 9742.82 9735.11 9727.88 9721.35 9717.23 9712.85 9711.25 9711.02 9710.45 9707.93 9703.37 9695.26 9684.25 9682.24 9674.66 9666.45 9656.65 9648.19 9641.01 9634.29 9627.91 9625.29 9623.63 9615.05 9605.7 9599.01 9593.11 9588.46 9580.89 9571.39 9559.71 9547.23 9544.83 9547.76 9551.63 9552.78 9552.26 9550.02 9545.61 9539.95 9532.03 9526.58 9520.36 9511.83 9503.44 9495.27 9489.74 9492.55 9495.52 9494.9 9492.79 9495.12 9497.37 9498.02
9756.4 9736.57 9733.58 9733.46 9731.7 9732 9743.81 9746.55 9749.19 9751.69 9753.46 9754.5 9755.97 9756.23 9744.75 9733.15 9723.34 9716.29 9712.43 9709.48 9706.66 9702.45 9701.1 9701.91 9698.03 9686.6 9678.79 9668.28 9660.01 9652.53 9644.21 9638.03 9631.58 9626.62 9623.89 9623.05 9613.72 9606.53 9599.63 9595.41 9589.38 9583.68 9573.73 9560.94 9547.52 9546.25 9549.43 9551.44 9551.28 9549.82 9546.05 9541.29 9534.63 9526.72 9519.13 9511.53 9507.75 9495.67 9484.65 9477.5 9479.7 9481.15 9479.53 9477.08 9481.15 9485.86 9488.16
9764.61 9746 9745.38 9739.12 9736.79 9737.14 9739.61 9753.31 9756.08 9758.4 9760.02 9760.89 9760.22 9756.99 9747.1 9734.63 9722.48 9712.22 9709.94 9708.05 9705.2 9699.53 9699.33 9706.34 9708.15 9698.27 9673.46 9661.74 9652.99 9647.21 9641.53 9635.1 9629.56 9624.62 9618.88 9610.6 9608.47 9605.47 9600.26 9597.64 9592.88 9587.3 9580.47 9570.17 9559.91 9556.12 9555.43 9553.84 9551.87 9548.55 9544 9538.69 9531.73 9521.7 9512.3 9501.04 9489.99 9483.95 9477.4 9472.54 9473.64 9475.38 9474.05 9472.06 9475.42 9480.62 9482.36
9763.1 9740.61 9724.97 9731.24 9735.36 9741.54 9746.09 9758.81 9761.88 9764.15 9765.86 9765.66 9762.52 9756.12 9746.71 9734.17 9721.67 9712.71 9709.5 9708.97 9708.62 9708.31 9710.95 9714.69 9716.62 9702.1 9662.53 9654.01 9646.66 9642.48 9638.49 9634.7 9629.78 9624.31 9617.55 9611.65 9607.61 9605.49 9601.61 9600.28 9597.08 9593.74 9590.45 9584.19 9575.82 9570.51 9564.22 9559.13 9554.5 9549.94 9544.4 9537.99 9530.58 9520.1 9507.64 9494.44 9482.23 9478.3 9474.84 9471.6 9475.31 9478.36 9477.8 9475.08 9477.82 9483.62 9483.73
9758.66 9729.79 9709.39 9722.58 9734.38 9745.58 9752.47 9763.78 9767.2 9769.47 9770.61 9769.95 9767.08 9759.62 9747.41 9733.47 9720.26 9711.22 9709.38 9710.5 9713.29 9717.92 9722.7 9719.39 9714.04 9689.66 9654.98 9646.77 9642.77 9639.85 9637.34 9634.75 9631.06 9626.09 9619.17 9612.86 9610.19 9607.08 9603.43 9603.28 9601.06 9599.49 9600.35 9602.12 9598.94 9585.77 9573.44 9564.52 9558.17 9553.4 9546.33 9539.8 9531.39 9520.96 9508.3 9494.38 9483.65 9480.57 9479.16 9479.68 9484.71 9489.56 9491.99 9489.51 9492.64 9498.51 9494.41
9759.02 9736.03 9722.55 9732.26 9742.35 9750.8 9758.21 9768.19 9771.69 9773.92 9774.83 9773.87 9769.88 9761.87 9748.32 9733.3 9718.99 9710.02 9708.63 9710.78 9715.03 9720.42 9721.66 9716.88 9704.45 9681.82 9655.25 9643.96 9641.24 9639.35 9637.59 9636.73 9634.63 9630.92 9625.77 9620.51 9615.44 9611.17 9606.61 9604.87 9601.58 9599.73 9602.56 9611.34 9611.62 9592.94 9578.22 9568.4 9560.61 9555.01 9548.79 9543.43 9535.78 9526.62 9514.82 9500.34 9490.52 9489.45 9489.12 9492 9498.12 9505.75 9516.43 9525.58 9531.67 9526.77 9513.57
9761.22 9750.19 9752.9 9752.99 9753.97 9759.67 9764.74 9769.34 9776.27 9778.31 9779.66 9777.57 9771.97 9762.44 9749.25 9733.41 9717.65 9708.5 9707.16 9708.65 9712.41 9718.54 9725.99 9710.15 9689.69 9668.9 9650.98 9643.34 9641.38 9640.55 9640 9639.84 9638.48 9637.28 9635.76 9631.3 9623.1 9616.62 9610.09 9605.4 9599.57 9595.82 9595.09 9597.89 9596.79 9586.18 9576.27 9568.56 9562.37 9557.11 9553.11 9548.1 9542.7 9536.97 9529.1 9514.79 9505.65 9505.18 9503.13 9500.94 9506.11 9521.83 9541.73 9565.24 9577.14 9557.74 9536.45
9757.57 9751.04 9754.62 9759.21 9763.22 9768.21 9773.15 9776.55 9781.86 9783.8 9783.87 9782.2 9778.15 9766.5 9751.17 9734.9 9719.17 9709.45 9705.64 9704.02 9704.92 9706.61 9706.31 9692.15 9672.98 9657.71 9647.12 9643.28 9641.98 9642.91 9643.62 9643.83 9644.16 9644.27 9642.67 9637.97 9629.66 9621.46 9613.14 9606.12 9598.79 9590.58 9581.47 9572.6 9571.5 9572.61 9571.15 9567.52 9563.58 9559.12 9555.94 9553.73 9552.22 9551.64 9551.91 9546.68 9537.68 9528.9 9522.13 9515.25 9516.35 9537.5 9560.5 9583.35 9593.45 9578.74 9556.93
9750.33 9743.98 9751.68 9763.31 9772.5 9777.5 9781.46 9785.27 9788.17 9789.21 9788.04 9785.47 9780.32 9767.89 9751.96 9736.33 9723.32 9711.45 9703.2 9697.7 9693.33 9688.34 9681.02 9668.79 9655.77 9648.76 9646.01 9643.82 9644.5 9646.13 9648.37 9649.51 9650.78 9651.16 9650.05 9644.32 9635.73 9626.46 9616.84 9609.18 9599.9 9587.5 9572.2 9554.48 9555.6 9563.77 9567.27 9567.22 9565.39 9562.18 9560.23 9559.52 9560.02 9564.19 9573.89 9590.02 9576.23 9554.32 9542.85 9537.75 9539.56 9554.48 9575.35 9593.91 9602.87 9593.17 9573.61
9747.99 9741.08 9759.63 9782.41 9783.42 9786.75 9790.91 9792.98 9794.14 9793.77 9791.61 9787.5 9779.56 9766.58 9750.79 9735.11 9721.29 9709.38 9699.4 9690.79 9681.89 9671.11 9657.72 9646.39 9641.38 9641.7 9640.94 9643.66 9647.4 9650.6 9653.29 9655.96 9657.01 9656.97 9654.63 9649.44 9641.35 9631.88 9621.85 9614.1 9603.49 9591.08 9575.95 9557.33 9558.52 9565.47 9569.18 9569.78 9569.06 9566.93 9564.75 9564.03 9564.91 9569.03 9577.55 9594.33 9583.4 9567.83 9559.36 9557.87 9562.86 9570.65 9587.3 9603.66 9613.85 9605.29 9586.43
9757.7 9750.58 9767.88 9784.81 9790.73 9797.09 9800.22 9801.44 9800.9 9798.63 9794.59 9789.25 9780.65 9764.92 9748.2 9731.36 9715.58 9705.07 9695.16 9685.84 9674.91 9661.07 9643.58 9632.82 9635.81 9643.17 9645.3 9648.66 9652.74 9655.08 9658.09 9660.95 9662.96 9663.64 9660.49 9655.5 9646.94 9637.15 9629.99 9621.28 9611.33 9601.96 9593.41 9585.4 9578.46 9577.25 9576.56 9575.98 9574.84 9572.54 9570.69 9568.37 9567.6 9567.86 9566.4 9560.47 9569.11 9569.61 9568.83 9570.71 9577.2 9580.62 9595.4 9611.03 9621.35 9614.28 9596.13
9784.98 9784.84 9788.14 9784.36 9801.16 9809.61 9812.02 9811.33 9808.8 9803.71 9796.86 9788.15 9777.38 9761.47 9744.94 9728.52 9713.84 9702.59 9693.07 9683.95 9673.72 9661.25 9646.74 9639.46 9650.22 9656.01 9659.59 9658.77 9658.35 9659.57 9661.46 9663.96 9667.71 9671 9670.69 9662.04 9652.14 9642.58 9636.22 9628.09 9620.47 9614.34 9611.43 9610.52 9598.63 9591.13 9587.16 9584.44 9581.41 9578.95 9575.97 9572.91 9569.99 9567.11 9561.86 9556.64 9564.17 9570.05 9573.59 9577.05 9580.62 9585.08 9601.05 9616.08 9626.07 9620.52 9601.87
9820.05 9829.08 9823.49 9821.9 9825.07 9826.88 9825.43 9822.45 9816.92 9809.47 9799.61 9786.73 9772.33 9758.35 9741.73 9725.99 9711.82 9701.57 9693.23 9685.85 9679 9671.43 9665.45 9667.46 9673.18 9672.84 9672.46 9667.55 9663.55 9661.97 9662.28 9664.38 9668.58 9673.51 9674.31 9664.82 9655.2 9646.62 9641.07 9633.89 9627.34 9622.1 9619.3 9616.88 9608.9 9602.1 9597.68 9593.77 9589.98 9586.35 9582.84 9577.89 9574.07 9570 9565.74 9564.6 9568.29 9573.17 9577.35 9581.72 9586.74 9590.77 9604.18 9618.76 9628.54 9623.47 9604.06
