real_craters/C138-1000m.grd
DSAA
52 52
-25.39 25.39
-25.39 25.39
8001.6371584869 9638.1142859298
[rows 0 to 38 of 52, columns 0 to 51 of 52]
9192.82 9220.14 9211.55 9204.51 9192.14 9123.59 9078.16 9091.27 9095.55 9098.92 9100.88 9097.46 9090.8 9079.9 9061.37 9040.95 9013.01 8986.12 8955.56 8913.69 8833.83 8791.67 8792.04 8766.71 8754.11 8755.59 8746.08 8759.05 8758.02 8747.1 8730.01 8712.74 8702.21 8701 8710.53 8710.47 8677.23 8664.95 8662.85 8595.13 8562.16 8567.27 8588.8 8596.96 8598.63 8568.73 8531.95 8511.91 8484.08 8474.74 8474.44 8477.5
9227.96 9228.47 9215.03 9188.69 9140.82 9149.69 9140.42 9129.74 9129.02 9127.79 9125.54 9122.96 9101.85 9076.48 9061 9050.58 9021.78 8999.17 8975.58 8943.17 8855.27 8805.83 8767.48 8766.34 8761.47 8775.83 8781.58 8776.55 8770.6 8759.05 8738.15 8724.13 8716.39 8714.58 8723.03 8721.69 8707.45 8696.23 8696.41 8679.76 8620.69 8590.12 8604.87 8642.41 8620.07 8565.83 8523.89 8495.61 8490.99 8488.22 8490.22 8494.27
9229.78 9238.69 9215.65 9188.86 9158.24 9169.18 9166.87 9164.83 9159.04 9156.71 9151.55 9138.21 9118.24 9091.32 9060.1 9036.35 9010.26 8997.39 8981.58 8958.7 8922.65 8824.32 8786.24 8779.44 8777.33 8819.17 8830.56 8794.25 8785.47 8776.87 8753.93 8724.76 8720.58 8724.14 8732.63 8720.51 8713.01 8708.64 8728.75 8761.12 8690.4 8626.38 8611.49 8615.78 8624.91 8563.85 8530.63 8518.11 8501.9 8502.55 8505.46 8511.79
9244.11 9249 9218.12 9197.62 9193.56 9209.29 9202.7 9190.24 9188.9 9186.43 9194.35 9182.84 9145.21 9106.38 9070.61 9035.41 8987.08 8951.01 8945.3 8955.66 8919.71 8867.79 8789.55 8788.68 8851.13 8859.59 8841.97 8805.98 8807.36 8796.5 8778.44 8722.01 8717.82 8747.02 8764.57 8759.07 8736.61 8746.82 8775.97 8790.73 8755.78 8711.75 8641.9 8634.58 8590.03 8565.2 8543.46 8535.33 8521.7 8521.7 8520.77 8523.31
9210.46 9211.46 9207.59 9195 9184.81 9191.64 9202.76 9203.33 9201.74 9208.77 9212.8 9198.99 9170.16 9137.5 9080.05 9004.44 8964.24 8899.9 8869.96 8886.65 8821.91 8810.74 8803.06 8845.93 8902.37 8885.41 8868.96 8877.78 8829.38 8797.27 8761.07 8732.01 8721.79 8755.09 8767.29 8782.56 8803.36 8814.14 8824.91 8815.99 8830.61 8806.53 8730.66 8614.2 8566.43 8533.96 8541.32 8557.51 8542.03 8538.5 8532.1 8529.67
9199.1 9208.54 9192.64 9193.47 9197.74 9206.24 9201.68 9201.12 9201.68 9211.17 9232.09 9211.96 9171.47 9137.98 9078.34 8983.2 8979.73 8975.44 8914.85 8838.04 8826.48 8810.05 8837.14 8879.92 8914.46 8896.65 8881.08 8867.68 8821.71 8793.86 8761.27 8753.45 8744.75 8758.1 8765.17 8799.67 8818.38 8828.86 8848.25 8866.99 8864.29 8860 8824.88 8671.84 8595.87 8544.6 8542.27 8557.85 8561.44 8548.2 8540.75 8536.45
9200.08 9170.36 9165.9 9187.33 9212.77 9215.65 9198.47 9184.17 9177 9177.84 9208.47 9179.5 9142.38 9101.63 9027.23 8991.19 9005.49 9047.17 8982.56 8883.37 8846.02 8847.83 8919.41 8965.52 8937.59 8898.55 8875.69 8816.85 8806.05 8808.35 8811.39 8798.43 8786.5 8772.81 8792.99 8839.04 8881.41 8841.69 8841.55 8864.9 8856.1 8871.42 8838.35 8720.23 8596.86 8556.2 8543.49 8539.95 8548.85 8549.76 8547.72 8546.17
9195.59 9152.55 9156.56 9179.81 9197.52 9204.45 9196.65 9178.28 9158.54 9135.12 9111.37 9115.26 9108.68 9080.14 9051.9 8993.72 8985.38 8991.72 8985.5 8946.42 8952.13 8964.11 8980.78 9001.74 8902.98 8851.35 8835.81 8847.55 8831.16 8836.3 8842.95 8814.2 8795.46 8794.63 8792.03 8810.3 8849.93 8852.17 8856.13 8897.14 8912.67 8893.35 8833.95 8732.93 8626.6 8574 8554.57 8538.32 8545.94 8551.32 8552.74 8555.8
9171.1 9156.58 9180.51 9177.48 9172.77 9206 9202.79 9177.12 9143.5 9111.13 9082.86 9081.68 9072.57 9051.61 8973.92 8950.52 8964.2 8963.14 9008.1 9047.47 9057.44 9035.55 9000.11 8951.24 8907.26 8940.7 8932.38 8861.59 8838.27 8852.14 8858.37 8814.12 8818.06 8781.68 8776.24 8786.7 8817.49 8859.34 8896.46 8954.55 8954.5 8895.93 8830.14 8747.31 8675.94 8613.64 8583.76 8560.2 8552.96 8555.19 8557.22 8561.81
9176.77 9152.36 9203.17 9185.53 9163.52 9209.43 9204.41 9171.88 9129.07 9087.7 9063.37 9061.11 9055.45 9053 9041.3 8951.46 8976.8 9008.88 9051.41 9103.27 9107.26 9057.7 9006.57 8960.94 8902.02 8881.14 8889.31 8853.24 8843.05 8875.6 8879.62 8837.74 8814.23 8788.81 8794.32 8804.23 8839.02 8880.49 8945.6 8973.02 8903.26 8856.41 8803.61 8745.06 8699.84 8655.56 8619.24 8595.95 8560.49 8562.6 8562.68 8562.31
9164.81 9123.43 9203.57 9189.51 9173.37 9205.77 9210.13 9167.29 9115.24 9061.8 9027.8 9037.9 9035.23 9026.13 9025.36 9036.8 8998.32 9021.21 9087.72 9140.12 9127.24 9100.91 9034.56 8943.61 8889.64 8880.11 8860.22 8899.48 8952.77 8936.4 8920.49 8888.56 8846.16 8820.79 8810.87 8832.91 8866.83 8901.21 8927.07 8890.8 8843.05 8805.13 8765.93 8726.33 8699.09 8674.55 8654.14 8625.88 8591.59 8578.72 8569.4 8568.45
9130.09 9189.66 9218.42 9192.58 9139.26 9229.64 9202.62 9136.89 9086.03 9044.88 9020.92 9020.27 9015.49 9001.42 8985.24 8989.28 8991.35 9031.41 9117.12 9170.86 9145.77 9141.99 9096.79 9037.86 8944.85 8853.64 8911.44 8986.63 9026.72 9007.74 8997.14 8956.2 8896.07 8819.03 8827.88 8868.27 8896.37 8893.76 8881.34 8832.74 8794.72 8775.77 8741.9 8709.04 8706.5 8701.96 8685.72 8673.2 8628.27 8591.12 8578.58 8575.95
9179.1 9213.17 9233.95 9241.16 9283.28 9192.36 9140.51 9096.87 9054.82 9021.33 9008.31 9001.77 8997.3 8999.2 8986.22 8965.65 9027.98 9099.8 9170.49 9176.48 9198.42 9193.14 9173.08 9155.38 9164.49 9189.26 9107.45 9082.63 9040.99 9071.12 9080.81 9098.48 9026.37 8940 8858.71 8865.72 8891.82 8879.86 8844.13 8808.65 8805.71 8778.53 8743.75 8715.24 8715.82 8705.28 8709.69 8689.1 8633.96 8596.58 8588.47 8581.27
9236.81 9263.21 9255.36 9291.18 9295.84 9169.17 9080.85 9048.52 9011.58 8985.12 8983.38 8986.58 8980.12 8974.39 8968.35 8987.6 9114.88 9219.46 9298.44 9314.09 9196.62 9225.56 9217.27 9242.76 9295.23 9343.87 9220.06 9158.29 9144.1 9149.27 9150.87 9132.26 9091.14 9033.76 8910.59 8864.88 8864.68 8915.61 8944.76 8898.9 8855.18 8797.45 8752.52 8717.22 8697.73 8717.36 8734.8 8722.13 8658.47 8619.38 8606.82 8605.87
9274.44 9303.43 9311.92 9319.87 9300.65 9185.77 9089.05 9036.45 8989.68 8946.65 8959.73 8968.97 8972.27 8976.88 8996.57 9019.2 9259.4 9330.71 9347.92 9282.31 9204.39 9186.48 9152.32 9239.14 9367.27 9219.23 9069.28 9108.2 9204.95 9232.75 9200.87 9190.62 9099.71 9044.64 9000.93 8908.41 8959.39 9004.46 8968.92 8930.09 8879.58 8825.38 8766.13 8723.6 8700.9 8714.94 8744.23 8732.05 8676.75 8644.77 8634.26 8619.61
9310.9 9324.49 9329.2 9328.71 9296.51 9195.82 9109.02 9053.95 9010.78 8966.6 8977.19 8983.25 8984.56 9003.99 9076.99 9209.87 9258.47 9333.43 9310.66 9227.56 9154.41 8963.03 8940.53 8962.9 8914.45 8700.81 8770.43 8902.44 9073.62 9141.43 9157.68 9219.45 9205.39 9093.35 9048.81 9039.02 9082.79 9072.12 9017.48 8961.17 8928.32 8867.43 8795.82 8732.7 8729.96 8740.1 8774.39 8768.65 8741.86 8711.87 8681.61 8655.71
9330.45 9311.61 9312.08 9340.23 9293.46 9205.73 9116.49 9097.36 9073.52 9021.08 9034.18 9025.38 9021.91 9039.85 9154.48 9304.04 9410.06 9345.86 9278 9215.98 8903.96 8692.42 8672.5 8642.39 8535.65 8463.8 8539.29 8619.01 8655.64 8767.89 8974.99 9198.11 9261.39 9262.27 9209.46 9144.91 9063.6 9036.21 9010.92 8911.22 8940.31 8877.87 8819.21 8760.19 8728.72 8712.46 8742.28 8785.26 8781.25 8780.82 8728.01 8689.58
9330.35 9309.15 9306.09 9336.29 9307.84 9256.09 9196.88 9170.81 9139.38 9127.17 9094.54 9086.55 9091.96 9120.46 9230.82 9348.27 9381.63 9263.23 9113.91 8894.62 8647.76 8507.52 8439.54 8387.9 8410.99 8416.08 8403.13 8409.21 8410.26 8494.68 8716.55 8998.22 9293.86 9375.14 9289.49 9189.87 9098.17 9026.57 8958.69 8921.6 8897.66 8873.59 8841.26 8796.19 8735.37 8714.97 8741.98 8765.81 8773.38 8770.78 8743.48 8717.6
9334.21 9330.28 9335.04 9333.44 9319.24 9323.88 9330.79 9234.27 9133.2 9099.65 9126.34 9153.84 9186.54 9228.18 9319.53 9406.65 9329.48 9103.89 8882.12 8676.36 8517.65 8368.79 8246.96 8176.02 8104.39 8195.41 8261.87 8268.15 8263.9 8299.24 8451.98 8595.73 8769.83 8994.19 9153.03 9161.85 9132.1 9063.1 8949.35 8913.58 8879.94 8885.68 8878.33 8861.51 8775.28 8756.7 8750.19 8755.17 8754.04 8753.91 8734.61 8710.22
9350.16 9336.81 9345.88 9332.1 9329.83 9349.67 9351.99 9278.42 9138.89 9100.12 9183.7 9236.55 9278.34 9332.32 9391.47 9427.08 9218.52 8895.36 8639.28 8501.12 8305.47 8111.69 8079.01 8062.48 8043.5 8063.83 8125.82 8166.35 8168.78 8156.45 8253.1 8310.73 8332.78 8473.06 8836.62 9043.62 9067.31 9016.5 8942.65 8933.03 8919.37 8910.86 8908.25 8886.59 8792.93 8768.62 8760 8763.34 8754.39 8740.86 8737.9 8720.71
9340.81 9336.49 9337.15 9332.68 9343.81 9358.91 9362.56 9335.16 9326.38 9296.09 9292.3 9322.01 9329.38 9347.62 9383.35 9361.69 8942.95 8679.48 8454.07 8205.79 8117.41 8039.88 8016.26 8027.53 8040.09 8054.46 8080.64 8117.79 8129.05 8130.03 8194.47 8270.86 8321 8433.72 8702.45 8943.52 9047.61 9046.88 8950.88 8931.85 8940.47 8931.09 8926.44 8915.69 8830.8 8802.69 8806.59 8787.63 8770.93 8758.58 8739.8 8718.47
9351.61 9345.02 9343.14 9365.51 9364.33 9363.94 9363.65 9360.38 9342.33 9365.1 9393.15 9429.21 9409.82 9377.46 9336.56 9204.96 8740.51 8469.4 8271.39 8142.78 8066.64 8023.09 8009.26 8021.8 8036.51 8057.8 8088.1 8149.11 8153.46 8144.69 8175.43 8215.96 8206.06 8333.6 8603.62 8921.26 9140.98 9125.09 8991.89 8939.49 8928.55 8930.13 8927.42 8915.86 8882.88 8842.45 8812.61 8807.55 8785.88 8764.57 8735.92 8712.78
9374.75 9366.37 9360.04 9377.8 9378.9 9379.65 9375.36 9378.51 9380.55 9406.39 9457.28 9516.12 9574.38 9463.19 9280.31 9004.94 8549.05 8455.65 8301.75 8098.09 8029.26 8014.31 8011.37 8018.99 8034.19 8101.5 8255.67 8255.06 8206.71 8165.55 8164.61 8164.83 8178.34 8293.74 8504.69 8927.24 9306.68 9461.09 9196.73 8998.69 8934.24 8922.08 8922.49 8921.3 8909.03 8866.82 8847.24 8834.91 8801.68 8758.92 8749.86 8739.85
9380.85 9359.01 9364.63 9377.83 9395.46 9393.01 9400.92 9411.16 9402.41 9418.11 9456.53 9521.84 9534.54 9409.64 9214.37 9015.64 8581.35 8479.22 8287.13 8049.69 8001.64 8007.43 8020.59 8035.36 8087.58 8208.47 8412.97 8332.49 8237.28 8168.03 8151.02 8143.92 8158.73 8272.68 8445.19 8887.37 9365.93 9281.01 9187.05 9057.53 8965.84 8937.59 8923.34 8909.5 8916.48 8892.57 8878.44 8862.38 8824.43 8798.77 8802.22 8781.34
9365.13 9364.46 9360.76 9375.4 9393.45 9389.6 9390.74 9384.48 9379.05 9404.37 9432.28 9462.57 9453.02 9289.34 9070.32 8859.64 8655.97 8464.65 8211.15 8044.18 8007.06 8013.36 8041.89 8114.63 8194.18 8256.84 8325.26 8266.66 8200.86 8151.28 8134.46 8132.01 8132.86 8268.35 8503.04 8849.45 9287.65 9267.27 9202.09 9079.37 9069.17 9013.27 8946.95 8913.17 8902.76 8917.66 8906.17 8867.37 8848.88 8840.54 8833.03 8815.86
9367.92 9347.42 9329.06 9333.8 9349.69 9368.25 9378.16 9384.32 9359.24 9381.37 9395.74 9379.38 9302.48 9155.72 8946.78 8755.51 8726.61 8430.76 8203.48 8076.49 8031.58 8029.93 8057.4 8127.94 8244.14 8232.97 8142.13 8133.26 8133.61 8125.34 8120.01 8125.06 8137.07 8239.79 8446 8847.38 9271 9202.04 9044.86 9044.71 9037.84 9039.5 9002.07 8950.34 8909.04 8919.56 8901.23 8860.64 8865.5 8886.17 8892.87 8862.16
9348.81 9325.57 9306.11 9336 9326.63 9342.31 9362.74 9388.49 9333.35 9331.9 9375.01 9344.03 9246.68 9119.74 8942.8 8796.11 8776.4 8505.42 8169.4 8085.85 8053.36 8049.27 8064.11 8130.01 8202.39 8207.51 8076.8 8080.96 8101.09 8105.21 8111.38 8125.39 8134.01 8251.35 8479.88 8904.23 9297.72 9133.16 9009.54 9001.86 8998.3 9035.51 9043.34 8993.06 8932.99 8906.51 8862.35 8858.39 8869.52 8885.49 8904.95 8871.09
9325.21 9311.82 9299.32 9300.63 9297.54 9321.64 9343.77 9343.92 9327.19 9362.5 9392.64 9399.29 9326.7 9185.44 9027.16 8889.79 8787.16 8519.06 8191.45 8116.94 8096.03 8075.8 8070.45 8100 8160.28 8180.96 8162.72 8141.66 8116.65 8105.77 8104.17 8115.44 8123.44 8301.15 8633.58 9054.68 9300.2 9164.6 9018.48 9008.13 8976.09 8998.49 9030.28 8991.83 8937.37 8898.14 8874.67 8862.06 8877.79 8876.14 8845.02 8826.54
9319.71 9301.59 9290.26 9284.15 9280.88 9314.71 9342.71 9364.79 9359.06 9383.5 9411.75 9435.47 9414.27 9304.41 9133.95 8961.05 8784.8 8556.55 8285.37 8206.77 8162.13 8117.06 8083.23 8087.32 8119.6 8143.96 8155.54 8152.43 8127.85 8108.28 8090.54 8116.13 8140.53 8471.64 8877.53 9156.29 9231.82 9151.48 9118.36 9033.71 8990.53 9000.41 8983.91 8968.29 8931.84 8913.99 8896.09 8926.63 8923.78 8894.23 8876.15 8879.18
9331.72 9309.08 9304.09 9298.85 9303.79 9322.85 9340.97 9359.31 9365.64 9376.78 9390.51 9424.44 9433.28 9432.53 9435.77 9193.36 8881.22 8651.96 8514.15 8359.38 8259.27 8169.22 8098.46 8091.19 8105.21 8113.64 8120.33 8127.68 8127.65 8118.03 8111.55 8123.74 8259.4 8721.1 8892.77 9033.36 9192.21 9258.32 9081.09 9009.1 8974.14 8971.83 8941.77 8947.43 8935.84 8914.05 8929.44 8954.35 8953 8936.91 8898.06 8876.33
9341.28 9323.33 9319.96 9315.57 9330.85 9337.46 9340.19 9340.02 9355 9359.2 9367.85 9369.17 9415.64 9465.34 9494.41 9309.3 9010.14 8893.14 8733.24 8535.77 8370.26 8232.79 8122.93 8102.47 8116.45 8118.9 8114.7 8124.32 8129.51 8127.78 8130.14 8177.33 8447.83 8779.71 8780.71 8958.22 9080.9 9147.44 8980.63 8931.33 8926.24 8920.16 8924.87 8945.64 8972.95 8947.51 8928.98 8947.93 8951.24 8950.69 8927.62 8896.28
9345.35 9335.98 9345.79 9338.25 9347.46 9349.66 9349.61 9335.58 9349.77 9360.81 9362.14 9351.58 9376.06 9395.53 9383.01 9313.98 9138.02 8918.97 8797.41 8652.72 8478.06 8306.35 8166.15 8143.23 8163.47 8169.58 8129.2 8138.83 8150.53 8157.79 8147.38 8346.04 8627.61 8676.16 8763.8 8924.78 9063.06 9017.17 8941.34 8893.72 8901.93 8918.09 8913.39 8943.65 8974.83 8947.17 8928.09 8928.33 8917.68 8980.53 8948.53 8901.27
9354.07 9346.52 9367.01 9357.51 9357.16 9360.14 9364.08 9367.86 9369.51 9374.09 9367.28 9373.03 9349.43 9339.47 9330.3 9368.6 9352.85 9094.35 8943.86 8782.87 8608.55 8414.65 8235.7 8210.19 8256.03 8287.6 8351.22 8217.42 8249.07 8280.65 8342.53 8538.39 8674.07 8723.21 8890.39 9133.7 9162.88 9032.88 8934.64 8889.28 8906.36 8915.14 8918.14 8939.34 8935.2 8886.97 8852.93 8857.59 8898.33 8964.51 8951.61 8893.61
9367.98 9377.53 9371.59 9361.61 9372.66 9376.81 9367.1 9377.3 9405.62 9377.14 9363.53 9351.36 9320.98 9303.4 9314.64 9383.47 9459.17 9252.96 9068.1 8939.91 8780.86 8596.32 8393.77 8396.17 8403.33 8414.4 8376.89 8345.74 8424.39 8511.38 8596.88 8684.77 8788.5 8873.75 9067.45 9406.74 9178.98 8961.11 8954.36 8948.2 8936.95 8929.65 8938.99 8951.11 8952.81 8898.81 8861.22 8862 8879.2 8950 8944.67 8908.38
9380.48 9367.39 9352.24 9356.12 9360.1 9380.01 9372.27 9359.98 9347.47 9347.97 9335.77 9322.05 9294.06 9265.28 9257.65 9316.59 9402.8 9638.11 9327.88 9130.31 8980.84 8848.97 8751.2 8621.94 8633.06 8602.53 8516.03 8497.12 8632.08 8767.64 8880.3 8912.84 9088.18 9176.07 9344.15 9213.6 8983 8934.51 8967.79 8994.16 8962.7 8955.48 8950.35 8961.97 8967.54 8907.79 8856.84 8868.48 8883.22 8932.25 8929.97 8914.56
9386.63 9380.83 9377.92 9388.53 9388.25 9386.18 9402.2 9385.66 9353.89 9352.03 9335.96 9302.5 9290.51 9262.22 9244.88 9240.76 9288.64 9402.48 9370.63 9240.84 9151.22 9096.66 8996.56 8946.26 8910.5 8883.67 8861.55 8779.16 8849.3 8988.26 9100 9214.92 9257.58 9229.07 9066.27 8911.1 8864.92 8892.37 8938.29 8960.68 8953.87 8927.25 8920.67 8953.09 8955.83 8903.47 8840.63 8856.48 8861.74 8898.67 8899.82 8917.48
9398.88 9406.9 9408.43 9403.99 9386.26 9393.1 9423.55 9412.67 9391.19 9384.08 9396.12 9368.58 9306.22 9256.72 9220.72 9201.52 9232.57 9255.33 9247.34 9271.13 9295.1 9311.89 9258.19 9207.08 9155.06 9139.97 9238.82 9266.09 9162.77 9104.64 9046.32 9005.71 8981.59 8994.01 8906.78 8918.25 8883.07 8909.21 8933.94 8945.24 8952.16 8949.91 8941.43 8949.59 8940.23 8897.36 8875.46 8865.91 8877.97 8889.47 8881.8 8881.47
9407.61 9413.59 9423.55 9410.01 9390.16 9427.39 9427.5 9416.69 9403.9 9399.55 9383.57 9360.95 9313.74 9264.84 9223.63 9178.28 9160.07 9193.61 9157.29 9217.03 9322.52 9479.54 9518.31 9344.95 9253.16 9223.76 9252.04 9246.52 9144.3 9085.06 9101.64 9017.65 9037.99 8985.33 8945.43 8990.01 8959.39 8962.45 8958.74 8956.44 8969.2 8984.01 8982.64 8945.14 8904.94 8876.05 8846.04 8838.47 8864.28 8891.29 8906 8891.23
9417.81 9422.01 9417.95 9394.12 9415.7 9435.25 9415.32 9413.06 9422.16 9417.87 9410.1 9364.87 9313.47 9269.19 9249.44 9233.75 9208.21 9170.04 9114.01 9168.88 9265.19 9318.77 9258.81 9243.23 9205.29 9165.84 9164.59 9162.58 9070.79 9103.46 9109.14 9050.27 9032.61 9012.81 8994.63 8993.95 8970.64 9003.53 8988.31 8983.61 8995.02 9017.84 9041.96 8936.86 8893.36 8863.31 8844.88 8837.9 8858.63 8923.46 8938.74 8938.65
