real_craters/C138-500m.grd
DSAA
179 179
-44.4325 44.4325
-44.4325 44.4325
8977.4252238532 10978.094175821
[rows 0 to 29 of 179, columns 0 to 66 of 179]
10276.8 10277 10277.4 10277.6 10277 10275.8 10277 10278.2 10275.9 10276.6 10277.1 10278.9 10279.9 10280 10277.6 10271.6 10259.6 10272.7 10272.4 10269.3 10262.1 10251.5 10245.2 10241.3 10239.6 10238.9 10238.3 10237.9 10239.7 10237.7 10235.2 10230.9 10226.5 10224.7 10230.6 10247.4 10241.3 10226.3 10212 10209.9 10197.9 10182.7 10164.3 10144.8 10124.7 10103.7 10081 10066.3 10056.6 10046.7 10037.9 10026.5 9979.73 9933.47 9889.75 9873.4 9888.48 9883.18 9872.11 9875.69 9871.85 9845.25 9821.91 9802.25 9779.27 9755.07 9737.2
10282.7 10283 10282.1 10280.2 10279.5 10281.1 10278.1 10274.6 10275 10274 10273.1 10278.9 10285.6 10290.4 10294.1 10299.1 10308.9 10299.6 10287.7 10277.4 10269.8 10261.6 10255.1 10251.5 10249.1 10248 10247.8 10248.4 10253.5 10256.4 10252.5 10243.2 10233.5 10224.4 10234.9 10244.5 10240.1 10227.5 10223.3 10224.8 10212.2 10196.5 10177 10155.5 10132 10109.7 10089.7 10067.5 10049.3 10032.5 10018.6 9998.31 9961.05 9926.97 9911.55 9899.86 9877.89 9857.52 9853.9 9847.02 9844.65 9825.43 9803.79 9795.17 9784.09 9763.74 9741.4
10290.9 10289.5 10287 10284.1 10280.9 10276.6 10272 10273.4 10276.5 10276.3 10273 10284.6 10294.1 10301.3 10309.1 10319.1 10329.7 10312.4 10296.4 10283 10273.9 10267.4 10261.1 10257.4 10253.1 10252.5 10253.6 10256.8 10263.5 10265.3 10261.1 10257.2 10246.4 10238.5 10243.2 10245.2 10241.5 10231.4 10212.9 10233 10228.7 10211.5 10189.1 10163.9 10137.5 10110.8 10083.7 10061.9 10039.6 10015.6 9993.05 9959.66 9931.29 9909.13 9889.31 9882.78 9869.27 9847.76 9841.68 9836.96 9831.44 9822.33 9814.94 9813.47 9796.28 9778.73 9754.75
10300.3 10296.1 10292 10287.3 10282.6 10278.6 10277.8 10280.1 10284.1 10287.9 10294.3 10299.4 10305 10310.9 10316.8 10322.8 10321.8 10308.9 10296.3 10287.4 10277.6 10269.2 10262.9 10259.1 10257.2 10257.3 10259.2 10263.7 10270.6 10279.7 10286.6 10274.1 10260.5 10250.6 10248.3 10246.2 10246.8 10253.8 10261.6 10268.8 10253.1 10230.6 10204.6 10174.7 10141.9 10110.2 10080.3 10055.4 10031.8 10004.3 9972.95 9937.32 9911.24 9896.46 9878.44 9870.96 9867.56 9858.17 9847.11 9842.33 9838.47 9830.19 9824.99 9814.14 9809.63 9799.46 9789.18
10308.5 10302.1 10296.5 10290.5 10285 10281.1 10284.6 10291.2 10294.5 10300.4 10308.2 10311.9 10313.6 10316.7 10320.2 10321.3 10311.5 10296.7 10290.3 10284.3 10276.3 10268.4 10263.1 10259.6 10258 10258.1 10261.4 10264.9 10272.2 10284.2 10293.9 10282.7 10270.9 10260.8 10253.6 10251.8 10256.7 10276.8 10298.1 10293.8 10274 10248.5 10218.2 10184.8 10147.6 10107.7 10076.4 10052.3 10027 9999.67 9968.53 9936.84 9912.01 9900.51 9890.57 9885.43 9877.9 9866.99 9852.64 9844.31 9837.4 9827.42 9837.5 9825.81 9825.06 9807.67 9785.53
10313.4 10306.5 10300.3 10294.3 10288.2 10284.1 10285.5 10295.6 10302 10308.5 10315.2 10318.9 10319.7 10320.9 10320.8 10319.5 10308.7 10290.2 10282.4 10280.5 10271.4 10266.4 10262.6 10259.6 10258.6 10258 10259.7 10262.2 10261.4 10270.2 10268.6 10274.8 10274.4 10277.2 10275 10266.5 10269 10286.4 10300.1 10302.9 10286 10260.3 10229.7 10196.8 10158.8 10114.5 10077.9 10056.8 10031.9 10004.1 9975.73 9949.25 9925.55 9912.39 9903.86 9895.73 9888.79 9878.87 9858.68 9843.44 9831.81 9797.76 9734.71 9851.38 9846.07 9811.59 9778.72
10314.7 10308.3 10302.4 10297 10292.3 10289.6 10291.6 10300.3 10307.7 10313.9 10318.3 10320.4 10321.3 10320.7 10318 10311.7 10300.8 10288.4 10273.6 10263 10265.1 10263.1 10259.9 10257.2 10255.5 10253.7 10253.5 10253.3 10248.4 10250.6 10255.8 10259.6 10266.9 10280.7 10285.2 10275.6 10278.1 10294.4 10304.6 10296.2 10286.9 10266.1 10238.6 10207.1 10176.5 10144.5 10106.6 10072.1 10041.7 10012.7 9985.97 9963.23 9946.39 9923.31 9909.43 9902.77 9896.41 9884.3 9869.17 9857.81 9846.13 9804.51 9765.3 9844.4 9850.09 9816.57 9783.03
10314.4 10309.2 10304.5 10300.9 10297.6 10296.2 10297.9 10306.8 10314 10318.1 10319.4 10319.4 10320.9 10319.3 10315.8 10308.9 10296.5 10281.1 10275.7 10268.7 10263.6 10258.4 10253.5 10250.7 10247.3 10244.6 10241.2 10239.2 10235.2 10232.4 10231.2 10239 10249.1 10260.9 10270.1 10270.4 10275.2 10284.7 10291.9 10291.4 10287.8 10268.7 10243.9 10216.2 10188.5 10164.8 10127.5 10085.6 10051.3 10020.9 9994.9 9970.75 9948.45 9938.09 9930.2 9923.06 9907.88 9892.21 9878.21 9869.46 9867.79 9844.43 9835.75 9841.4 9839.04 9824.35 9797.8
10313.3 10310.2 10307.7 10305.2 10303.3 10305.1 10316.2 10318.5 10321.4 10322.6 10322.4 10321.4 10319.7 10318 10315.2 10309.4 10298.2 10288.6 10276.9 10268.9 10259.8 10252.4 10246.4 10241 10236.2 10232 10228.4 10224.7 10220.5 10214.2 10209.9 10216.2 10229.5 10233.1 10242.3 10259.3 10273.3 10290 10295.7 10296.7 10292.9 10274.5 10245.6 10216.9 10187.2 10156 10124.4 10089 10056.2 10027.5 10002.1 9979.7 9960.84 9961.68 9953.57 9935.73 9916.81 9901.06 9890.94 9882.43 9875.83 9859.51 9845.84 9838.27 9831.59 9828.25 9812.12
10313.9 10313.9 10314 10312.8 10311.3 10311.4 10317.7 10328.7 10328.5 10326.2 10323.9 10321 10316.8 10314.1 10313.9 10313.1 10297.9 10281 10274.9 10266.2 10255.5 10246.9 10240.5 10234.4 10228.9 10223.5 10218.1 10204.5 10202.8 10203.6 10194.2 10198.3 10217.6 10232.8 10230.7 10255.2 10270.5 10282 10289.6 10297.3 10301.8 10273.5 10239.7 10207.6 10178.5 10148.4 10117 10085.5 10056.6 10031.4 10010 9993.56 9983.14 9972.39 9957.55 9942.43 9930.54 9909.29 9889.69 9878.64 9869.54 9852.99 9831.03 9812.66 9807.48 9812.11 9805.15
10320.2 10324.3 10324.4 10323.7 10322.2 10322.5 10331.1 10336.9 10333.1 10326.8 10321.3 10318.7 10308.7 10303.6 10304.2 10309.7 10290.4 10275.2 10271.9 10260.8 10247.9 10239.9 10233.4 10227 10220.9 10215.1 10238 10233.5 10217.1 10212.3 10204.5 10197.7 10191.6 10236.8 10251.1 10269 10270.5 10273.4 10268.8 10273 10279.2 10248.6 10215 10185.9 10159.4 10136.4 10102.4 10073.1 10048.4 10031.1 10014.2 10002.2 9991.45 9971.17 9960.79 9944.19 9929.7 9905.4 9877.29 9866.98 9859.35 9842.55 9814.91 9783.79 9771.12 9762.57 9761.24
10334 10337.5 10338.6 10337.2 10334.7 10334.2 10340 10344.3 10336.9 10325.5 10313.1 10300.1 10291 10287.2 10282.9 10276.4 10270.7 10265 10256.4 10245 10240.1 10236.9 10232.9 10227.4 10221.3 10214.5 10252.9 10240.7 10226.3 10219.7 10218.1 10220.1 10110.9 10080 10229.6 10268.9 10253 10238.6 10224.8 10211.2 10206 10204.5 10183.4 10154.1 10125.5 10096.2 10079.3 10059.8 10041.7 10028.3 10013.4 10002.4 9991.05 9978.28 9959.64 9935.04 9913.46 9897.69 9881.14 9865.34 9855.1 9841.39 9822.99 9789.86 9758.34 9748.93 9736.08
10356.6 10357.2 10357 10354.8 10350.5 10344.9 10350.1 10354.1 10339.6 10325.5 10308.3 10285.1 10276.4 10275.3 10267.8 10258.7 10250.6 10237.6 10219.9 10227.3 10233 10233.3 10230.6 10247.5 10255 10253.4 10241.7 10234.4 10231.3 10216 10192.9 10147.3 10039 9995.44 10163.4 10239 10225.2 10202.6 10167.3 10141 10140.1 10175.9 10144.7 10112.7 10085.4 10066.2 10050.7 10040.3 10031.3 10022.3 10014 10006 9999.21 9984.64 9950.69 9922.77 9896.64 9892.81 9886.35 9869 9856.75 9844.96 9843.09 9819.98 9690.01 9757.98 9742.14
10381.3 10379.1 10377.4 10375 10371.3 10361.6 10356.3 10346.5 10338.6 10330.7 10317.3 10295.5 10285.3 10280.9 10265.9 10252.6 10243.9 10229 10213.7 10226.4 10234.7 10236.7 10234.3 10231.7 10239.4 10233.9 10227.1 10219.2 10229.5 10215.2 10189.2 10154.8 10072.2 10038.6 10158.8 10208.7 10176.5 10128.4 10104.8 10079.4 10080.7 10121.6 10093.6 10062.7 10035.2 10018.2 10019 10020.2 10018.2 10012.6 10003.7 10000.9 9997.92 9985.68 9942.42 9911.43 9894.58 9888.01 9886.01 9873.19 9861.63 9852.62 9853.38 9844.61 9788.19 9803.9 9756.66
10407.3 10401.8 10396.3 10394.1 10397.9 10400.6 10370.5 10337.1 10344.6 10345.2 10341.5 10337.9 10332.3 10308.9 10279 10261.5 10254.9 10248.7 10246.3 10241.5 10245.4 10246.8 10243.9 10236.3 10228.6 10219.6 10213.1 10222.3 10211.6 10212.4 10194.7 10179.6 10167.9 10147.9 10147 10148.5 10119.9 10077 10061.3 10045.9 10031.8 10037.6 10044.3 10026.4 9999.9 9992.43 10005 10010 10007.9 9998.72 9994.98 9986.36 9979.12 9949.57 9912.3 9887.47 9874.03 9872.39 9875.67 9870.77 9861.31 9858.17 9853.08 9842.31 9821.46 9796.76 9761.81
10433.2 10421.6 10411.9 10405.4 10405.5 10406.3 10385.5 10376.6 10367.2 10366.2 10368.4 10371.3 10367.1 10349.9 10324.9 10297.4 10276.7 10263.3 10261.9 10262.9 10258 10257.6 10250.9 10243.2 10234.5 10225.4 10215 10203.7 10197.4 10195.9 10182.2 10167.9 10156 10145.2 10118.9 10092.6 10085.6 10058.2 10047.3 10042 10036.5 10041.2 10024.3 10012.4 9994.42 9996.06 10004.1 10011.2 10004.8 9992.86 9980.03 9963.03 9944.59 9908.46 9878.96 9859.38 9846.91 9843.17 9848.67 9854.2 9848.94 9843.95 9842.69 9840.36 9815.51 9789.91 9763.94
10448.5 10435.1 10421.4 10407.6 10392.7 10384.4 10386.4 10379.4 10380.7 10385.8 10390.5 10396.2 10396.2 10389.4 10377.6 10337.3 10298.5 10274.7 10288.6 10285.3 10272.8 10266 10256.6 10245.6 10235.6 10226.8 10213 10203.6 10190.7 10182.2 10176.7 10163.8 10148.1 10138.3 10116.1 10095 10086.5 10064.1 10053.1 10052 10063.9 10032.2 10003 10018.6 10040.2 10032.5 10025.4 10013.3 9999.54 9983.81 9961.74 9937.22 9905.89 9873.08 9863.24 9849.06 9836.83 9826.36 9827.3 9832.44 9830.76 9829.05 9828.27 9827.99 9820.22 9792.4 9778.92
10458.7 10443.7 10427.7 10411 10392.8 10386.1 10394 10401.2 10404.2 10402.3 10404 10411 10424.6 10407.2 10392.4 10352 10310.9 10285.2 10297.2 10298 10283.4 10269.1 10254.4 10245.1 10239.7 10228.5 10222.4 10215.7 10205.2 10195.4 10184.1 10179 10187.2 10156.6 10124.1 10102 10094.1 10076 10064.5 10055.9 10033.5 9948.48 9971.54 10022 10056 10055.7 10040.2 10022.4 10002.2 9979.26 9952.82 9924.13 9886.1 9879.53 9881.83 9875.49 9857.63 9838.98 9828.01 9817.34 9817.42 9813.49 9817.78 9827.64 9832.25 9801.43 9776.49
10462.1 10448.1 10432.5 10418.6 10408.9 10403.9 10407.7 10415.2 10415.9 10410.2 10404.2 10400.3 10397.5 10385.2 10376.4 10344.5 10312.7 10290.1 10304.9 10305.7 10292.5 10276.9 10262.9 10254.1 10242.6 10235.9 10227.7 10217.2 10208.5 10199.1 10193 10190.3 10197.3 10163.9 10126.6 10092.1 10079.6 10078.8 10074.6 10067.1 10044.5 9967.55 9994.6 10048.6 10064.4 10074.9 10058.9 10036.7 10013.1 9984.58 9956.06 9930.7 9914.75 9916.18 9915.45 9909.25 9881.2 9861.47 9835.29 9818.23 9819.72 9824.48 9834.03 9848.74 9858.26 9826.82 9782.79
10464.7 10448.6 10434.8 10423.1 10415.5 10414 10417.1 10423.6 10426.4 10410.7 10394.9 10376.3 10350.4 10340.9 10334.6 10329.1 10313.1 10298.4 10302.7 10303.2 10292.4 10279.6 10267.3 10255.9 10243.4 10232.6 10225.2 10213.7 10205.4 10194.7 10186.8 10179.3 10178.9 10156.8 10130.8 10101.4 10087.4 10081.7 10080.6 10086.9 10103.2 10113.3 10094.6 10119.9 10142.9 10110.6 10086.2 10056.9 10026.8 9994.44 9965.13 9939.62 9927.89 9933.33 9928.15 9913.15 9878.52 9845.27 9834.01 9829.38 9835.79 9845.18 9853.73 9861.27 9859.71 9832.11 9804.61
10455 10445.3 10434.3 10423.6 10414.3 10416.3 10421.3 10425.5 10422.8 10408.2 10386 10359.1 10329.6 10314.4 10314.7 10327.4 10325.2 10308.7 10313.4 10308.5 10289.6 10279.3 10270.5 10261.2 10251.7 10242.6 10231.8 10220.3 10209.2 10197.3 10185.3 10167.8 10144.6 10150.9 10144.2 10129.5 10109.1 10095.6 10088.4 10100.5 10118.5 10153.2 10165.9 10159.1 10154.9 10135 10106.3 10073 10039.9 10006 9973.12 9940.76 9921.23 9914.39 9902.53 9888.44 9866.87 9839.17 9848.03 9854.84 9865.44 9869.97 9864.34 9864.94 9847.37 9821.84 9818.02
10448.7 10446.5 10435.1 10424 10415.4 10418.3 10423.7 10428.7 10428.5 10407.9 10380.7 10351.7 10325.4 10318.4 10328.6 10344.7 10360.9 10354.1 10316.8 10283 10281.5 10280.1 10275.8 10269.5 10261.3 10251.9 10241.3 10230.8 10219.2 10205.7 10194.1 10178.4 10169.7 10170.5 10167.7 10162.7 10143.6 10125.3 10115.5 10108.4 10105.9 10109.2 10149.4 10166.2 10165.3 10145.3 10117.7 10086.1 10052.9 10012.6 9980.3 9946.81 9915.02 9901.07 9888.44 9885.24 9874.09 9874.28 9886.39 9905.46 9913.74 9907.93 9901.12 9882.83 9859.11 9842.61 9846.89
10465.4 10452.1 10438.8 10426.5 10419.9 10420.8 10424.6 10427.2 10427.2 10403.9 10377.9 10350.6 10326.4 10323.6 10339.3 10361.4 10388.1 10385.8 10328.4 10283.4 10283.9 10284.9 10282.5 10276.9 10268.6 10257.6 10246.5 10234.5 10223.1 10211.3 10200.6 10192.8 10193.7 10191.9 10189.5 10188.5 10173 10149.7 10128.1 10115.6 10102.2 10098.2 10133.3 10172.7 10175.1 10153.7 10125.5 10094.8 10063.3 10030.7 9997.84 9965.65 9930.43 9912.02 9927.83 9890.04 9886.87 9907.67 9925.56 9948.36 9953.52 9934.97 9919.4 9891.02 9879.4 9884.56 9881.1
10456.7 10453.4 10443 10428.9 10421.7 10423.1 10425.4 10423.1 10406.7 10397.2 10379.1 10354.4 10330.2 10319.4 10339.6 10367.7 10390.7 10384.3 10348.2 10316.1 10305.9 10299.2 10292.2 10284.7 10275 10264.4 10252.8 10241.9 10229.3 10218.3 10209.1 10203.8 10202.3 10202.3 10202 10199.5 10188.4 10165.8 10146.7 10124.4 10109.7 10106.6 10140 10175 10180.6 10162.4 10136 10107.3 10078.1 10047.5 10014.4 9981.49 9936.5 9908.06 9887.48 9891.19 9901.49 9933.01 9946.21 9961.11 9961.06 9933.14 9906.85 9866.02 9850.88 9858.51 9884.25
10471.4 10465.4 10451.1 10433.7 10424.5 10426.9 10428.6 10428.1 10425.3 10411.7 10388.7 10363.9 10340 10326.7 10347.4 10373.5 10389.2 10386.6 10370.3 10351.5 10333.9 10319.8 10308.7 10299.1 10289.5 10278.2 10266.2 10253.4 10240 10229.3 10219.6 10212.2 10209.7 10208.6 10205.4 10205.1 10195.6 10171.9 10151.5 10134.8 10123.3 10121.1 10139.8 10174.2 10178.1 10163.2 10142.6 10118.1 10090.7 10059.1 10026.7 9990.79 9939.89 9912.41 9904.1 9908.83 9918.1 9939.79 9948.07 9947.25 9933.87 9908.04 9875.17 9834.92 9826.21 9836.89 9855.76
10478.2 10477.7 10461.5 10446.3 10436.4 10434.7 10435 10436.7 10438.5 10426.8 10399.4 10375 10354.8 10348.1 10368.3 10389.1 10396.1 10396.4 10387.9 10373.1 10356.5 10342.3 10329.1 10315.9 10303 10290.6 10278.1 10266 10252.5 10240.3 10228.6 10222.3 10215.6 10210.5 10201.3 10191.4 10184.7 10173.1 10159.7 10148 10137.9 10131.6 10137.1 10170.2 10170.5 10159.6 10143 10121.1 10097.5 10070.9 10040.1 10003.1 9950.9 9934.98 9938.89 9941.85 9941.91 9950.91 9944.83 9929.03 9904.94 9881.96 9853.95 9831.36 9822.94 9850.27 9859.72
10474.8 10477.2 10466 10453.4 10446.7 10443 10440.9 10439.8 10439.5 10428.1 10403.9 10382.5 10370.3 10374.1 10395.9 10416.7 10426.7 10421 10405.3 10387.9 10373.7 10364.3 10353.6 10340.4 10327.7 10313.9 10299.6 10284.1 10269 10252.6 10235.5 10219.9 10214.5 10208.2 10201.4 10186.9 10181.2 10177.1 10172.6 10164 10153.2 10148.2 10150.5 10157.6 10159.7 10152.9 10141.2 10126 10106.3 10083.9 10056.9 10021 9977.25 9965.53 9968.5 9973.68 9965.43 9959.13 9942.88 9919.8 9891.05 9869.01 9846.33 9833.06 9821.05 9811.75 9802.36
10465.6 10469.6 10467.9 10458.3 10453.9 10450.2 10444 10437.9 10428.8 10415.5 10401.3 10389.1 10383.7 10398.6 10420.6 10440.6 10460.5 10443.2 10424.9 10410.7 10397.9 10387.6 10375.8 10362 10347 10333.4 10316.5 10301.4 10284.8 10268.1 10248.2 10229.6 10223.6 10217.3 10217.4 10210.7 10195.1 10189.1 10185.3 10177.3 10164.5 10156.8 10151.1 10148 10150.8 10148.4 10141.2 10130.4 10116.9 10099.5 10080.2 10052.6 10009.9 9998.31 10003.3 9995.37 9990.51 9972.44 9948.93 9921.06 9892.5 9865.89 9844.47 9829.68 9812.77 9794.32 9791.92
10463.4 10477.7 10474.8 10472.6 10467.3 10460.4 10451.1 10438.5 10421.5 10401.3 10400.1 10396.1 10393.9 10407.9 10426.7 10442.6 10454.8 10448.8 10439.2 10434.4 10425.7 10411.5 10397.6 10383.7 10368.7 10352.3 10335.8 10318.8 10305.3 10289.5 10272.7 10256.7 10247.6 10241.1 10236 10225.8 10216.3 10204.1 10190.6 10177.9 10169.2 10163 10157.6 10145.9 10147.8 10147 10142.9 10136.2 10126.9 10114.5 10100.7 10081.3 10044.9 10023.4 10013.5 10022.7 10002.2 9986.73 9957.81 9925.44 9888.78 9865.76 9848.99 9828.95 9819.86 9804.98 9799.09
10462.9 10465.1 10487.6 10489.9 10484.2 10472.7 10460.2 10446.9 10430.3 10414.6 10414 10411.3 10403 10409.6 10425.9 10432.4 10439 10445.8 10447.6 10449.9 10444.9 10431.4 10416.4 10402 10386.8 10373 10356.4 10341.9 10325.5 10313.8 10301.9 10287.6 10275.6 10274.8 10255.7 10238.4 10227.4 10212.6 10194.7 10178.2 10172.5 10167.5 10160.4 10149.7 10150.4 10150.6 10148.7 10144.6 10138.9 10128.2 10112.3 10085.8 10060.5 10053 10040.2 10023.1 10028.8 9999.94 9969.02 9934.92 9901.07 9880.65 9868.3 9848.23 9847.03 9823.45 9805.3
