real_craters/C138-750m.grd
DSAA
119 119
-44.4325 44.4325
-44.4325 44.4325
8986.4662208337 10976.328569501
[rows 84 to 111 of 119, columns 0 to 61 of 119]
1.089e+004 1.087e+004 1.085e+004 1.078e+004 1.07e+004 1.064e+004 1.058e+004 1.053e+004 1.048e+004 1.045e+004 1.046e+004 1.047e+004 1.048e+004 1.048e+004 1.048e+004 1.048e+004 1.048e+004 1.049e+004 1.05e+004 1.049e+004 1.049e+004 1.05e+004 1.05e+004 1.051e+004 1.052e+004 1.051e+004 1.051e+004 1.053e+004 1.045e+004 1.049e+004 1.051e+004 1.05e+004 1.048e+004 1.047e+004 1.047e+004 1.046e+004 1.046e+004 1.047e+004 1.045e+004 1.046e+004 1.047e+004 1.047e+004 1.048e+004 1.048e+004 1.049e+004 1.048e+004 1.046e+004 1.047e+004 1.048e+004 1.048e+004 1.048e+004 1.048e+004 1.047e+004 1.048e+004 1.048e+004 1.048e+004 1.046e+004 1.047e+004 1.048e+004 1.05e+004 1.051e+004 1.051e+004
1.088e+004 1.085e+004 1.081e+004 1.078e+004 1.072e+004 1.066e+004 1.061e+004 1.055e+004 1.051e+004 1.048e+004 1.048e+004 1.049e+004 1.049e+004 1.049e+004 1.048e+004 1.048e+004 1.05e+004 1.051e+004 1.052e+004 1.051e+004 1.051e+004 1.051e+004 1.051e+004 1.052e+004 1.054e+004 1.055e+004 1.052e+004 1.051e+004 1.051e+004 1.051e+004 1.05e+004 1.049e+004 1.047e+004 1.046e+004 1.046e+004 1.046e+004 1.046e+004 1.045e+004 1.046e+004 1.046e+004 1.046e+004 1.047e+004 1.047e+004 1.047e+004 1.047e+004 1.046e+004 1.045e+004 1.047e+004 1.05e+004 1.05e+004 1.049e+004 1.048e+004 1.048e+004 1.048e+004 1.048e+004 1.046e+004 1.044e+004 1.046e+004 1.048e+004 1.049e+004 1.05e+004 1.051e+004
1.087e+004 1.086e+004 1.081e+004 1.078e+004 1.074e+004 1.07e+004 1.065e+004 1.059e+004 1.054e+004 1.05e+004 1.049e+004 1.05e+004 1.05e+004 1.049e+004 1.049e+004 1.053e+004 1.053e+004 1.052e+004 1.053e+004 1.055e+004 1.055e+004 1.054e+004 1.054e+004 1.054e+004 1.053e+004 1.048e+004 1.047e+004 1.052e+004 1.049e+004 1.049e+004 1.049e+004 1.049e+004 1.048e+004 1.046e+004 1.046e+004 1.047e+004 1.046e+004 1.047e+004 1.046e+004 1.045e+004 1.045e+004 1.046e+004 1.046e+004 1.047e+004 1.046e+004 1.046e+004 1.046e+004 1.047e+004 1.049e+004 1.049e+004 1.049e+004 1.048e+004 1.048e+004 1.049e+004 1.046e+004 1.044e+004 1.045e+004 1.046e+004 1.046e+004 1.047e+004 1.047e+004 1.046e+004
1.089e+004 1.086e+004 1.083e+004 1.081e+004 1.077e+004 1.073e+004 1.068e+004 1.063e+004 1.057e+004 1.052e+004 1.05e+004 1.05e+004 1.051e+004 1.052e+004 1.054e+004 1.057e+004 1.055e+004 1.054e+004 1.054e+004 1.057e+004 1.057e+004 1.056e+004 1.055e+004 1.054e+004 1.054e+004 1.047e+004 1.047e+004 1.054e+004 1.05e+004 1.049e+004 1.05e+004 1.05e+004 1.049e+004 1.048e+004 1.047e+004 1.046e+004 1.046e+004 1.044e+004 1.042e+004 1.043e+004 1.044e+004 1.045e+004 1.046e+004 1.046e+004 1.047e+004 1.047e+004 1.046e+004 1.048e+004 1.049e+004 1.05e+004 1.05e+004 1.048e+004 1.047e+004 1.047e+004 1.044e+004 1.043e+004 1.043e+004 1.044e+004 1.044e+004 1.045e+004 1.046e+004 1.047e+004
1.094e+004 1.091e+004 1.088e+004 1.085e+004 1.081e+004 1.076e+004 1.072e+004 1.067e+004 1.062e+004 1.056e+004 1.053e+004 1.051e+004 1.052e+004 1.055e+004 1.058e+004 1.058e+004 1.057e+004 1.056e+004 1.056e+004 1.058e+004 1.057e+004 1.055e+004 1.053e+004 1.053e+004 1.053e+004 1.053e+004 1.052e+004 1.053e+004 1.051e+004 1.05e+004 1.049e+004 1.048e+004 1.048e+004 1.047e+004 1.045e+004 1.043e+004 1.043e+004 1.041e+004 1.04e+004 1.041e+004 1.043e+004 1.044e+004 1.045e+004 1.046e+004 1.047e+004 1.047e+004 1.047e+004 1.048e+004 1.052e+004 1.055e+004 1.053e+004 1.049e+004 1.045e+004 1.042e+004 1.042e+004 1.043e+004 1.04e+004 1.041e+004 1.043e+004 1.044e+004 1.046e+004 1.051e+004
1.098e+004 1.097e+004 1.094e+004 1.089e+004 1.084e+004 1.08e+004 1.075e+004 1.071e+004 1.069e+004 1.067e+004 1.064e+004 1.057e+004 1.057e+004 1.058e+004 1.059e+004 1.061e+004 1.06e+004 1.059e+004 1.059e+004 1.059e+004 1.057e+004 1.055e+004 1.053e+004 1.052e+004 1.05e+004 1.051e+004 1.052e+004 1.052e+004 1.052e+004 1.051e+004 1.05e+004 1.049e+004 1.049e+004 1.047e+004 1.045e+004 1.041e+004 1.041e+004 1.04e+004 1.04e+004 1.041e+004 1.043e+004 1.044e+004 1.045e+004 1.047e+004 1.047e+004 1.047e+004 1.046e+004 1.047e+004 1.049e+004 1.054e+004 1.053e+004 1.05e+004 1.047e+004 1.042e+004 1.043e+004 1.044e+004 1.043e+004 1.042e+004 1.041e+004 1.042e+004 1.042e+004 1.042e+004
1.097e+004 1.097e+004 1.096e+004 1.092e+004 1.086e+004 1.082e+004 1.077e+004 1.074e+004 1.073e+004 1.074e+004 1.072e+004 1.063e+004 1.061e+004 1.063e+004 1.063e+004 1.063e+004 1.061e+004 1.059e+004 1.058e+004 1.058e+004 1.055e+004 1.053e+004 1.051e+004 1.049e+004 1.048e+004 1.048e+004 1.05e+004 1.052e+004 1.051e+004 1.05e+004 1.05e+004 1.051e+004 1.051e+004 1.049e+004 1.047e+004 1.044e+004 1.042e+004 1.042e+004 1.041e+004 1.041e+004 1.043e+004 1.044e+004 1.046e+004 1.047e+004 1.048e+004 1.048e+004 1.046e+004 1.046e+004 1.047e+004 1.049e+004 1.051e+004 1.051e+004 1.052e+004 1.05e+004 1.048e+004 1.045e+004 1.043e+004 1.04e+004 1.04e+004 1.04e+004 1.04e+004 1.04e+004
1.097e+004 1.096e+004 1.096e+004 1.092e+004 1.086e+004 1.08e+004 1.076e+004 1.074e+004 1.072e+004 1.071e+004 1.067e+004 1.065e+004 1.063e+004 1.064e+004 1.064e+004 1.063e+004 1.06e+004 1.057e+004 1.054e+004 1.053e+004 1.053e+004 1.051e+004 1.049e+004 1.048e+004 1.048e+004 1.048e+004 1.047e+004 1.047e+004 1.047e+004 1.048e+004 1.049e+004 1.05e+004 1.052e+004 1.05e+004 1.047e+004 1.045e+004 1.043e+004 1.042e+004 1.041e+004 1.043e+004 1.044e+004 1.046e+004 1.047e+004 1.048e+004 1.048e+004 1.047e+004 1.043e+004 1.043e+004 1.045e+004 1.047e+004 1.05e+004 1.051e+004 1.052e+004 1.056e+004 1.052e+004 1.045e+004 1.039e+004 1.036e+004 1.038e+004 1.038e+004 1.038e+004 1.037e+004
1.095e+004 1.096e+004 1.096e+004 1.09e+004 1.083e+004 1.078e+004 1.074e+004 1.072e+004 1.07e+004 1.069e+004 1.066e+004 1.064e+004 1.063e+004 1.061e+004 1.061e+004 1.061e+004 1.058e+004 1.054e+004 1.051e+004 1.05e+004 1.051e+004 1.05e+004 1.049e+004 1.049e+004 1.048e+004 1.048e+004 1.048e+004 1.045e+004 1.044e+004 1.046e+004 1.049e+004 1.051e+004 1.052e+004 1.052e+004 1.053e+004 1.051e+004 1.046e+004 1.042e+004 1.043e+004 1.045e+004 1.046e+004 1.046e+004 1.047e+004 1.047e+004 1.048e+004 1.045e+004 1.039e+004 1.038e+004 1.042e+004 1.047e+004 1.05e+004 1.049e+004 1.048e+004 1.051e+004 1.05e+004 1.045e+004 1.041e+004 1.039e+004 1.039e+004 1.039e+004 1.039e+004 1.04e+004
1.084e+004 1.085e+004 1.09e+004 1.081e+004 1.076e+004 1.072e+004 1.071e+004 1.069e+004 1.068e+004 1.067e+004 1.065e+004 1.064e+004 1.062e+004 1.059e+004 1.059e+004 1.057e+004 1.055e+004 1.054e+004 1.052e+004 1.051e+004 1.051e+004 1.05e+004 1.049e+004 1.048e+004 1.048e+004 1.046e+004 1.044e+004 1.042e+004 1.042e+004 1.044e+004 1.047e+004 1.051e+004 1.053e+004 1.053e+004 1.056e+004 1.055e+004 1.051e+004 1.049e+004 1.048e+004 1.047e+004 1.047e+004 1.047e+004 1.047e+004 1.046e+004 1.045e+004 1.042e+004 1.036e+004 1.038e+004 1.041e+004 1.044e+004 1.047e+004 1.045e+004 1.044e+004 1.045e+004 1.046e+004 1.044e+004 1.043e+004 1.041e+004 1.041e+004 1.04e+004 1.039e+004 1.042e+004
1.061e+004 1.061e+004 1.065e+004 1.064e+004 1.064e+004 1.064e+004 1.064e+004 1.064e+004 1.065e+004 1.065e+004 1.065e+004 1.065e+004 1.063e+004 1.063e+004 1.06e+004 1.058e+004 1.057e+004 1.055e+004 1.054e+004 1.054e+004 1.052e+004 1.051e+004 1.049e+004 1.049e+004 1.049e+004 1.047e+004 1.044e+004 1.04e+004 1.04e+004 1.042e+004 1.044e+004 1.048e+004 1.052e+004 1.054e+004 1.056e+004 1.054e+004 1.054e+004 1.053e+004 1.051e+004 1.05e+004 1.049e+004 1.048e+004 1.047e+004 1.046e+004 1.043e+004 1.04e+004 1.04e+004 1.038e+004 1.04e+004 1.041e+004 1.042e+004 1.042e+004 1.041e+004 1.042e+004 1.041e+004 1.043e+004 1.044e+004 1.047e+004 1.043e+004 1.042e+004 1.042e+004 1.044e+004
1.044e+004 1.042e+004 1.04e+004 1.046e+004 1.052e+004 1.055e+004 1.058e+004 1.06e+004 1.062e+004 1.064e+004 1.065e+004 1.065e+004 1.063e+004 1.061e+004 1.06e+004 1.058e+004 1.057e+004 1.055e+004 1.054e+004 1.054e+004 1.053e+004 1.051e+004 1.05e+004 1.048e+004 1.046e+004 1.045e+004 1.044e+004 1.044e+004 1.041e+004 1.041e+004 1.042e+004 1.043e+004 1.047e+004 1.053e+004 1.055e+004 1.056e+004 1.057e+004 1.055e+004 1.053e+004 1.051e+004 1.05e+004 1.048e+004 1.047e+004 1.046e+004 1.044e+004 1.041e+004 1.039e+004 1.038e+004 1.039e+004 1.041e+004 1.043e+004 1.04e+004 1.038e+004 1.035e+004 1.038e+004 1.042e+004 1.045e+004 1.044e+004 1.043e+004 1.042e+004 1.042e+004 1.044e+004
1.035e+004 1.033e+004 1.032e+004 1.036e+004 1.043e+004 1.049e+004 1.053e+004 1.057e+004 1.06e+004 1.062e+004 1.065e+004 1.065e+004 1.064e+004 1.062e+004 1.06e+004 1.057e+004 1.054e+004 1.054e+004 1.054e+004 1.053e+004 1.052e+004 1.051e+004 1.05e+004 1.047e+004 1.044e+004 1.043e+004 1.042e+004 1.041e+004 1.041e+004 1.041e+004 1.042e+004 1.041e+004 1.043e+004 1.049e+004 1.052e+004 1.057e+004 1.053e+004 1.053e+004 1.055e+004 1.052e+004 1.05e+004 1.048e+004 1.047e+004 1.046e+004 1.045e+004 1.042e+004 1.038e+004 1.038e+004 1.039e+004 1.04e+004 1.04e+004 1.038e+004 1.035e+004 1.034e+004 1.039e+004 1.043e+004 1.044e+004 1.043e+004 1.043e+004 1.043e+004 1.043e+004 1.042e+004
1.031e+004 1.03e+004 1.03e+004 1.033e+004 1.038e+004 1.044e+004 1.049e+004 1.054e+004 1.057e+004 1.06e+004 1.062e+004 1.064e+004 1.064e+004 1.063e+004 1.06e+004 1.057e+004 1.055e+004 1.055e+004 1.054e+004 1.053e+004 1.052e+004 1.051e+004 1.051e+004 1.054e+004 1.05e+004 1.047e+004 1.044e+004 1.042e+004 1.042e+004 1.043e+004 1.043e+004 1.044e+004 1.042e+004 1.05e+004 1.048e+004 1.022e+004 1.017e+004 1.035e+004 1.052e+004 1.051e+004 1.05e+004 1.047e+004 1.046e+004 1.045e+004 1.045e+004 1.042e+004 1.039e+004 1.039e+004 1.039e+004 1.038e+004 1.038e+004 1.036e+004 1.035e+004 1.035e+004 1.043e+004 1.045e+004 1.046e+004 1.044e+004 1.043e+004 1.045e+004 1.045e+004 1.047e+004
1.029e+004 1.029e+004 1.029e+004 1.031e+004 1.036e+004 1.041e+004 1.047e+004 1.052e+004 1.056e+004 1.059e+004 1.062e+004 1.064e+004 1.062e+004 1.06e+004 1.059e+004 1.058e+004 1.057e+004 1.057e+004 1.056e+004 1.055e+004 1.053e+004 1.05e+004 1.049e+004 1.048e+004 1.055e+004 1.052e+004 1.05e+004 1.047e+004 1.045e+004 1.044e+004 1.044e+004 1.045e+004 1.041e+004 1.049e+004 1.031e+004 1.004e+004 1.001e+004 1.024e+004 1.049e+004 1.052e+004 1.05e+004 1.045e+004 1.044e+004 1.044e+004 1.045e+004 1.043e+004 1.042e+004 1.041e+004 1.039e+004 1.038e+004 1.038e+004 1.037e+004 1.036e+004 1.037e+004 1.044e+004 1.047e+004 1.048e+004 1.048e+004 1.045e+004 1.046e+004 1.047e+004 1.048e+004
1.03e+004 1.029e+004 1.028e+004 1.03e+004 1.034e+004 1.04e+004 1.045e+004 1.051e+004 1.055e+004 1.059e+004 1.061e+004 1.062e+004 1.06e+004 1.059e+004 1.058e+004 1.058e+004 1.058e+004 1.057e+004 1.055e+004 1.054e+004 1.052e+004 1.05e+004 1.048e+004 1.047e+004 1.056e+004 1.052e+004 1.051e+004 1.05e+004 1.047e+004 1.045e+004 1.044e+004 1.043e+004 1.042e+004 1.046e+004 1.031e+004 1.008e+004 1.003e+004 1.025e+004 1.051e+004 1.05e+004 1.045e+004 1.043e+004 1.042e+004 1.04e+004 1.04e+004 1.04e+004 1.04e+004 1.039e+004 1.039e+004 1.039e+004 1.039e+004 1.04e+004 1.039e+004 1.04e+004 1.045e+004 1.049e+004 1.05e+004 1.048e+004 1.048e+004 1.05e+004 1.05e+004 1.048e+004
1.03e+004 1.029e+004 1.029e+004 1.03e+004 1.035e+004 1.04e+004 1.045e+004 1.051e+004 1.056e+004 1.06e+004 1.061e+004 1.06e+004 1.059e+004 1.058e+004 1.057e+004 1.056e+004 1.054e+004 1.053e+004 1.052e+004 1.052e+004 1.051e+004 1.049e+004 1.05e+004 1.054e+004 1.051e+004 1.05e+004 1.049e+004 1.048e+004 1.046e+004 1.044e+004 1.042e+004 1.041e+004 1.043e+004 1.044e+004 1.042e+004 1.036e+004 1.025e+004 1.037e+004 1.046e+004 1.044e+004 1.042e+004 1.041e+004 1.04e+004 1.037e+004 1.035e+004 1.036e+004 1.036e+004 1.038e+004 1.04e+004 1.041e+004 1.043e+004 1.043e+004 1.041e+004 1.04e+004 1.045e+004 1.051e+004 1.051e+004 1.051e+004 1.05e+004 1.051e+004 1.051e+004 1.048e+004
1.03e+004 1.03e+004 1.031e+004 1.033e+004 1.036e+004 1.04e+004 1.046e+004 1.051e+004 1.057e+004 1.061e+004 1.062e+004 1.06e+004 1.058e+004 1.057e+004 1.056e+004 1.055e+004 1.053e+004 1.051e+004 1.05e+004 1.049e+004 1.048e+004 1.048e+004 1.048e+004 1.047e+004 1.048e+004 1.044e+004 1.043e+004 1.044e+004 1.044e+004 1.044e+004 1.042e+004 1.041e+004 1.041e+004 1.045e+004 1.049e+004 1.05e+004 1.053e+004 1.047e+004 1.044e+004 1.041e+004 1.04e+004 1.041e+004 1.04e+004 1.039e+004 1.037e+004 1.037e+004 1.037e+004 1.041e+004 1.042e+004 1.042e+004 1.043e+004 1.043e+004 1.042e+004 1.041e+004 1.045e+004 1.051e+004 1.051e+004 1.051e+004 1.05e+004 1.05e+004 1.049e+004 1.048e+004
1.03e+004 1.031e+004 1.031e+004 1.032e+004 1.035e+004 1.04e+004 1.046e+004 1.052e+004 1.058e+004 1.062e+004 1.063e+004 1.061e+004 1.059e+004 1.058e+004 1.056e+004 1.055e+004 1.054e+004 1.053e+004 1.051e+004 1.048e+004 1.048e+004 1.048e+004 1.048e+004 1.048e+004 1.046e+004 1.044e+004 1.043e+004 1.043e+004 1.044e+004 1.045e+004 1.044e+004 1.045e+004 1.046e+004 1.047e+004 1.047e+004 1.046e+004 1.045e+004 1.044e+004 1.041e+004 1.039e+004 1.04e+004 1.041e+004 1.042e+004 1.043e+004 1.043e+004 1.041e+004 1.04e+004 1.043e+004 1.044e+004 1.043e+004 1.043e+004 1.042e+004 1.042e+004 1.042e+004 1.045e+004 1.05e+004 1.05e+004 1.05e+004 1.05e+004 1.048e+004 1.046e+004 1.042e+004
1.03e+004 1.031e+004 1.031e+004 1.03e+004 1.034e+004 1.04e+004 1.046e+004 1.053e+004 1.058e+004 1.062e+004 1.063e+004 1.062e+004 1.061e+004 1.058e+004 1.057e+004 1.055e+004 1.054e+004 1.053e+004 1.051e+004 1.05e+004 1.049e+004 1.048e+004 1.047e+004 1.047e+004 1.046e+004 1.045e+004 1.044e+004 1.045e+004 1.046e+004 1.047e+004 1.048e+004 1.049e+004 1.05e+004 1.048e+004 1.046e+004 1.044e+004 1.044e+004 1.042e+004 1.041e+004 1.039e+004 1.04e+004 1.042e+004 1.044e+004 1.046e+004 1.047e+004 1.046e+004 1.047e+004 1.047e+004 1.046e+004 1.044e+004 1.043e+004 1.041e+004 1.042e+004 1.044e+004 1.046e+004 1.048e+004 1.047e+004 1.047e+004 1.047e+004 1.044e+004 1.044e+004 1.042e+004
1.031e+004 1.031e+004 1.031e+004 1.031e+004 1.034e+004 1.04e+004 1.047e+004 1.054e+004 1.059e+004 1.063e+004 1.062e+004 1.059e+004 1.058e+004 1.058e+004 1.057e+004 1.056e+004 1.054e+004 1.052e+004 1.051e+004 1.05e+004 1.05e+004 1.048e+004 1.048e+004 1.047e+004 1.046e+004 1.046e+004 1.046e+004 1.047e+004 1.048e+004 1.049e+004 1.052e+004 1.053e+004 1.051e+004 1.048e+004 1.048e+004 1.049e+004 1.048e+004 1.044e+004 1.042e+004 1.041e+004 1.042e+004 1.044e+004 1.046e+004 1.047e+004 1.048e+004 1.049e+004 1.049e+004 1.048e+004 1.046e+004 1.045e+004 1.043e+004 1.043e+004 1.043e+004 1.044e+004 1.045e+004 1.045e+004 1.044e+004 1.042e+004 1.04e+004 1.04e+004 1.039e+004 1.037e+004
1.031e+004 1.031e+004 1.031e+004 1.032e+004 1.035e+004 1.041e+004 1.048e+004 1.055e+004 1.06e+004 1.063e+004 1.062e+004 1.058e+004 1.057e+004 1.058e+004 1.058e+004 1.057e+004 1.056e+004 1.053e+004 1.052e+004 1.051e+004 1.049e+004 1.049e+004 1.049e+004 1.05e+004 1.051e+004 1.051e+004 1.048e+004 1.049e+004 1.05e+004 1.051e+004 1.053e+004 1.053e+004 1.051e+004 1.049e+004 1.049e+004 1.049e+004 1.049e+004 1.047e+004 1.045e+004 1.043e+004 1.044e+004 1.046e+004 1.048e+004 1.048e+004 1.049e+004 1.05e+004 1.049e+004 1.047e+004 1.046e+004 1.045e+004 1.045e+004 1.044e+004 1.045e+004 1.044e+004 1.043e+004 1.039e+004 1.039e+004 1.039e+004 1.037e+004 1.037e+004 1.037e+004 1.035e+004
1.032e+004 1.032e+004 1.033e+004 1.033e+004 1.036e+004 1.043e+004 1.05e+004 1.057e+004 1.063e+004 1.065e+004 1.064e+004 1.061e+004 1.061e+004 1.061e+004 1.06e+004 1.059e+004 1.059e+004 1.057e+004 1.055e+004 1.053e+004 1.052e+004 1.053e+004 1.053e+004 1.052e+004 1.054e+004 1.054e+004 1.052e+004 1.051e+004 1.052e+004 1.053e+004 1.053e+004 1.053e+004 1.052e+004 1.051e+004 1.051e+004 1.05e+004 1.05e+004 1.049e+004 1.047e+004 1.046e+004 1.048e+004 1.049e+004 1.051e+004 1.053e+004 1.052e+004 1.052e+004 1.05e+004 1.048e+004 1.047e+004 1.046e+004 1.046e+004 1.047e+004 1.045e+004 1.043e+004 1.04e+004 1.038e+004 1.037e+004 1.037e+004 1.037e+004 1.037e+004 1.036e+004 1.036e+004
1.035e+004 1.036e+004 1.036e+004 1.036e+004 1.038e+004 1.045e+004 1.053e+004 1.06e+004 1.065e+004 1.068e+004 1.066e+004 1.065e+004 1.067e+004 1.062e+004 1.06e+004 1.059e+004 1.059e+004 1.06e+004 1.057e+004 1.057e+004 1.059e+004 1.059e+004 1.058e+004 1.055e+004 1.054e+004 1.053e+004 1.052e+004 1.052e+004 1.053e+004 1.053e+004 1.054e+004 1.053e+004 1.052e+004 1.051e+004 1.051e+004 1.05e+004 1.05e+004 1.05e+004 1.049e+004 1.049e+004 1.05e+004 1.051e+004 1.052e+004 1.053e+004 1.053e+004 1.053e+004 1.052e+004 1.05e+004 1.048e+004 1.047e+004 1.047e+004 1.047e+004 1.046e+004 1.042e+004 1.038e+004 1.035e+004 1.036e+004 1.037e+004 1.038e+004 1.036e+004 1.035e+004 1.035e+004
1.039e+004 1.041e+004 1.042e+004 1.042e+004 1.042e+004 1.051e+004 1.057e+004 1.062e+004 1.067e+004 1.068e+004 1.066e+004 1.062e+004 1.06e+004 1.059e+004 1.058e+004 1.058e+004 1.058e+004 1.056e+004 1.055e+004 1.057e+004 1.06e+004 1.06e+004 1.059e+004 1.057e+004 1.055e+004 1.052e+004 1.053e+004 1.053e+004 1.053e+004 1.054e+004 1.053e+004 1.051e+004 1.047e+004 1.049e+004 1.051e+004 1.051e+004 1.051e+004 1.052e+004 1.051e+004 1.05e+004 1.051e+004 1.052e+004 1.052e+004 1.052e+004 1.052e+004 1.051e+004 1.05e+004 1.049e+004 1.047e+004 1.046e+004 1.046e+004 1.047e+004 1.046e+004 1.043e+004 1.038e+004 1.035e+004 1.035e+004 1.036e+004 1.036e+004 1.035e+004 1.034e+004 1.034e+004
1.046e+004 1.05e+004 1.052e+004 1.054e+004 1.058e+004 1.061e+004 1.063e+004 1.065e+004 1.067e+004 1.066e+004 1.063e+004 1.06e+004 1.057e+004 1.056e+004 1.056e+004 1.056e+004 1.055e+004 1.053e+004 1.053e+004 1.055e+004 1.057e+004 1.058e+004 1.056e+004 1.057e+004 1.056e+004 1.053e+004 1.052e+004 1.052e+004 1.052e+004 1.052e+004 1.053e+004 1.049e+004 1.045e+004 1.046e+004 1.051e+004 1.052e+004 1.053e+004 1.051e+004 1.051e+004 1.052e+004 1.053e+004 1.053e+004 1.053e+004 1.052e+004 1.052e+004 1.05e+004 1.049e+004 1.047e+004 1.046e+004 1.045e+004 1.045e+004 1.045e+004 1.046e+004 1.042e+004 1.039e+004 1.035e+004 1.035e+004 1.037e+004 1.038e+004 1.036e+004 1.032e+004 1.032e+004
1.058e+004 1.059e+004 1.062e+004 1.066e+004 1.073e+004 1.07e+004 1.067e+004 1.066e+004 1.065e+004 1.063e+004 1.061e+004 1.059e+004 1.056e+004 1.055e+004 1.055e+004 1.054e+004 1.054e+004 1.053e+004 1.052e+004 1.053e+004 1.054e+004 1.055e+004 1.056e+004 1.054e+004 1.052e+004 1.053e+004 1.052e+004 1.051e+004 1.05e+004 1.05e+004 1.049e+004 1.047e+004 1.044e+004 1.045e+004 1.052e+004 1.053e+004 1.053e+004 1.049e+004 1.049e+004 1.051e+004 1.053e+004 1.054e+004 1.054e+004 1.053e+004 1.052e+004 1.051e+004 1.049e+004 1.046e+004 1.043e+004 1.043e+004 1.042e+004 1.041e+004 1.04e+004 1.04e+004 1.039e+004 1.038e+004 1.038e+004 1.038e+004 1.041e+004 1.04e+004 1.033e+004 1.032e+004
1.066e+004 1.066e+004 1.068e+004 1.071e+004 1.074e+004 1.072e+004 1.069e+004 1.064e+004 1.06e+004 1.058e+004 1.057e+004 1.056e+004 1.054e+004 1.054e+004 1.054e+004 1.053e+004 1.052e+004 1.051e+004 1.05e+004 1.051e+004 1.051e+004 1.051e+004 1.053e+004 1.052e+004 1.049e+004 1.049e+004 1.05e+004 1.05e+004 1.049e+004 1.047e+004 1.047e+004 1.045e+004 1.042e+004 1.044e+004 1.051e+004 1.051e+004 1.049e+004 1.047e+004 1.047e+004 1.05e+004 1.054e+004 1.054e+004 1.055e+004 1.055e+004 1.053e+004 1.05e+004 1.05e+004 1.048e+004 1.045e+004 1.043e+004 1.041e+004 1.038e+004 1.035e+004 1.037e+004 1.038e+004 1.04e+004 1.038e+004 1.036e+004 1.034e+004 1.035e+004 1.032e+004 1.032e+004
