real_craters/C138-500m.grd
DSAA
179 179
-44.4325 44.4325
-44.4325 44.4325
8977.4252238532 10978.094175821
[rows 90 to 119 of 179, columns 67 to 133 of 179]
10037.6 9870.24 9785.96 9726.46 9657.76 9581.84 9498.64 9368.65 9262.87 9219.6 9201.09 9185.3 9205.17 9174.51 9179.52 9212.9 9257.54 9309.13 9361.31 9410.84 9458.83 9436.81 9357.61 9288.19 9283.11 9269.82 9220.47 9161.06 9089.13 9027.97 8977.43 9032.28 9059.47 9078.4 9094.44 9116.7 9151.68 9203.01 9274.23 9367.57 9481.25 9603.5 9732.3 9872.69 10022.6 10142.7 10178.6 10229.6 10262.2 10266.9 10268 10283.2 10281.3 10268.2 10253 10249.4 10243 10184.9 10158.4 10165.9 10162.8 10147.3 10128.2 10102.2 10084.8 10074.6 10066.2
10069.8 9899.45 9780.9 9733.29 9656.22 9566.87 9463.17 9322.71 9244.03 9229.61 9234.38 9207.78 9140.87 9126.33 9140.89 9176.94 9229.75 9285.36 9343.52 9406.94 9473.73 9465.91 9401.07 9356.95 9333.03 9249.4 9164.52 9070.65 9010.4 8995.23 8994.86 9040.21 9055.06 9080.01 9093.82 9120.35 9152.76 9192.1 9244.15 9353.04 9480.4 9610.96 9741.82 9873.66 10003.6 10112.9 10190.7 10257.8 10300.4 10314.3 10311.2 10302.3 10287.5 10267.9 10263.3 10251.8 10258 10201.3 10173.1 10183 10171.6 10158.9 10146.8 10132.7 10112.6 10096.3 10084.4
10108.9 9928.4 9806.11 9749.06 9663.19 9559.07 9435.4 9303.2 9238.74 9231.39 9225.93 9187.6 9113.65 9060.58 9093.35 9139.21 9196.37 9250.78 9308.96 9365.89 9412.68 9418.51 9384.17 9354.36 9305.92 9215.83 9138.31 9047.65 8994.89 9005.08 9022.89 9044.98 9046.76 9050.42 9089.55 9128.81 9168.17 9204.46 9280.77 9368.55 9497.09 9623.93 9749.08 9869.54 9981.69 10084.9 10210.7 10307.2 10353 10370.8 10353.6 10322.5 10294.3 10260.3 10218.9 10215.1 10212.3 10192 10180 10187 10185.9 10176.8 10165.9 10146.3 10130.6 10116.9 10106.6
10164.1 9974.3 9838.54 9792.71 9695.56 9577.09 9456.23 9332.18 9254.86 9235.89 9223.8 9178.37 9109.65 9045.45 9064.98 9108.46 9160.11 9217.02 9268.85 9312.12 9342.94 9352.64 9338.84 9314.68 9270.29 9205.15 9152.08 9093.83 9058.66 9047.5 9045.6 9057.14 9055.25 9058.64 9095.87 9145.62 9201.67 9261.07 9323.22 9428.5 9535.25 9652.2 9769.3 9881.55 9984.37 10083.4 10258.5 10382 10409.2 10395.5 10367.3 10331.8 10298.3 10266.1 10223.3 10212.3 10192.2 10180.8 10170.4 10181.5 10197.4 10209.3 10181.6 10153.6 10145.2 10139.2 10134.4
10235.6 10077.2 9963.22 9874.1 9748.12 9606.38 9462.99 9340.24 9272.22 9239.76 9220.27 9172.97 9100.04 9068.31 9057.47 9098.62 9146.45 9197.64 9235.98 9262.56 9276.94 9281.3 9285.47 9285.6 9273.92 9240.55 9186.34 9144.44 9125.91 9099.82 9098.7 9094.85 9072.55 9077.28 9105.85 9163.4 9228.8 9278.08 9362.41 9474.37 9579.15 9692.72 9809.73 9921.32 10025.6 10140.1 10336.4 10474.3 10458.2 10408.1 10364 10329.1 10302.9 10284 10284.4 10268 10226.2 10182.4 10150.6 10170.2 10197.7 10208 10190.8 10165.8 10160.5 10160.8 10165.2
10304.5 10175 10088.3 9957.34 9806.79 9645.01 9476.39 9348.78 9281.01 9241.55 9213.58 9183.03 9141.73 9052.52 9063.9 9111.72 9155.59 9191.89 9219.5 9234.12 9230.82 9213.55 9239.27 9262.87 9297.54 9262.19 9205.61 9161.91 9133.5 9118.71 9126.93 9115.05 9045.39 9043.33 9105.3 9182.65 9267.5 9354.81 9423.02 9517.05 9627.55 9744.09 9865.4 9980.24 10091.4 10208.9 10407.1 10555.3 10485.9 10385.9 10342.5 10314.8 10295.8 10282.9 10276.8 10269.9 10236.5 10188.8 10166.9 10179 10200 10214.9 10199.4 10180.4 10176.8 10181.7 10192.3
10354 10231.5 10133.3 10016.7 9866.19 9704.13 9540.74 9394.71 9303.27 9253.05 9217.92 9209.06 9202.1 9112.75 9115.92 9155.16 9184.8 9207.56 9223.4 9229.32 9222.1 9207.94 9220.71 9229.13 9232.17 9233.52 9192.47 9155.49 9125.08 9109.94 9092.65 9095.73 9026.36 9029.84 9112.45 9204.17 9301.5 9423.81 9465.21 9562.24 9685.09 9808.54 9934.43 10055.1 10172.2 10291.5 10460.7 10587.2 10486 10361.4 10316.3 10293.6 10278.1 10266.5 10250.9 10241.8 10225.7 10183.3 10161 10192.5 10201.2 10203.5 10189.5 10183.3 10188.6 10198.7 10211.7
10374.1 10253.2 10165.4 10046.9 9914.1 9770.88 9612.73 9465.19 9344.04 9286.29 9248.16 9236.62 9234.98 9220.75 9211.64 9214.26 9222.45 9233.75 9240.83 9242 9238.58 9243.44 9226.46 9204.52 9180.88 9162.52 9159.36 9145.01 9139.38 9123.5 9122.52 9122.31 9058.65 9064.64 9144.59 9243.52 9341 9470.08 9524.41 9636.7 9758.3 9881.76 10010.1 10136.5 10262.8 10377.9 10502.6 10589.5 10458.4 10330.3 10290.4 10272.5 10259.4 10248.8 10236.1 10229.2 10210 10182.9 10178.3 10215.2 10202 10180.7 10177.1 10186.3 10197.2 10211.5 10226.3
10370.7 10255.9 10125 10015.3 9949.54 9845.87 9713.29 9540.43 9439.4 9334.73 9273.46 9264.45 9264.14 9285.1 9283.1 9272.78 9268.43 9267.3 9266.95 9263.1 9259.75 9251.5 9233.91 9204.81 9166.5 9136.67 9145.25 9133.6 9111.92 9115.89 9143.1 9150.39 9065.05 9103.65 9197.49 9302.79 9423.78 9532.13 9657.62 9735.69 9838.38 9955.25 10078.8 10209.3 10343.9 10474.4 10572.5 10536.5 10406.7 10300.8 10272.2 10254.7 10240.3 10229.7 10220.8 10213.1 10204.8 10197.7 10211.5 10223 10206.2 10179.6 10167.7 10185 10205.6 10224.7 10240.7
10355.5 10242.5 10127.9 10037.6 9984.91 9915.21 9800.77 9616.59 9473.27 9363.09 9310.92 9305.56 9304.08 9310.7 9318.86 9320.4 9314.26 9308.1 9301.71 9296.7 9288.35 9277.31 9254.84 9222.4 9196.6 9192.74 9165.96 9139.94 9112.11 9120.66 9148.84 9155.93 9131.31 9184.94 9270.71 9366.42 9469.23 9604.82 9708.52 9809.81 9909.24 10019.8 10139.2 10264.1 10394 10519.8 10590.1 10474.3 10374.2 10306.1 10266.3 10245.3 10230.1 10217.2 10209 10203.9 10202.2 10203.8 10216.7 10229 10217.7 10192.8 10171.9 10186.7 10211.9 10235.5 10255.6
10339.9 10227.7 10128.5 10040.2 10003.7 9962.85 9864.57 9688.77 9518.73 9426.8 9380.96 9371.52 9363.07 9368.54 9373.52 9362.38 9352 9341.54 9335.74 9327.59 9318.73 9298.4 9274.77 9251.9 9225.18 9207.79 9191.93 9163.09 9146.29 9152.49 9163.55 9182.2 9243.34 9294.78 9367.39 9448.55 9538.76 9661.09 9762.01 9868.6 9971.48 10076.2 10189.9 10302.3 10414.9 10506.7 10534.4 10421.8 10328.3 10296.2 10268.9 10246 10227.7 10213.1 10203.5 10199.9 10202.4 10209.1 10231.4 10254.1 10240.4 10212.4 10190.1 10202.2 10220.7 10246.4 10266.1
10328.4 10227.3 10118.3 10023.3 10007.4 9984.33 9896.61 9742.78 9626.42 9587.2 9512.48 9449.03 9422.54 9430.84 9427.34 9385.29 9374.87 9366.22 9362.22 9354.51 9346.2 9347.7 9356.31 9286.84 9245.32 9216.84 9212.83 9192.97 9160.86 9122.75 9177.59 9246.65 9333.11 9400.39 9474.98 9553.28 9628.08 9738.34 9846.05 9935.36 10030.5 10129.6 10225.2 10320.5 10410.4 10474.1 10498.6 10396.2 10322.5 10305.3 10281.8 10255.5 10232 10213.1 10202 10197.5 10201.4 10217.5 10248.3 10280.8 10260.5 10236.8 10226.1 10224.6 10232.1 10247.1 10267.5
10339.7 10254.8 10156.8 10050.8 10028.7 9985.92 9906.97 9784.57 9641.16 9553.88 9544.49 9510.07 9470.56 9426.53 9403.93 9394.36 9395.79 9391.82 9383.35 9371.51 9357.87 9346.99 9326.67 9288.95 9263.68 9250.04 9256.59 9252.13 9229.84 9209.18 9249.28 9327.45 9404.8 9495.84 9584.38 9674.01 9772.02 9830.09 9898.7 9992.08 10083.4 10169.8 10257.8 10332.6 10397.4 10436.2 10427.9 10408.5 10412 10344.2 10302.6 10264.6 10235.7 10210.7 10193.9 10188.3 10204.3 10227.5 10255.6 10269.2 10262.5 10246.3 10243.2 10236.2 10234.8 10247.9 10259.3
10376.9 10314.9 10242.4 10168.6 10091.2 9998.71 9940.68 9881.85 9790.62 9647.13 9612.15 9583.1 9545.74 9487.49 9429.62 9431.02 9437.62 9431.72 9417.55 9399.23 9374 9334.62 9279.84 9292.94 9302.55 9307.91 9345.67 9349.84 9336.26 9326.89 9356.37 9417.31 9503.78 9604.67 9691.97 9779.22 9881.87 9913.47 9967.98 10048.1 10119.3 10194.2 10269.1 10332.3 10383.8 10419.2 10435.2 10419.4 10380.3 10357.2 10317.5 10276.8 10241.1 10209.2 10187.8 10179.3 10194.2 10241.2 10255.8 10272.7 10251.4 10223.3 10221.7 10221.3 10223.5 10232.6 10245.5
10432.6 10393.9 10346.3 10295.7 10191.6 10077.3 10017.4 9980.04 9943.88 9792.83 9717.98 9677.84 9648.14 9638.68 9587.2 9513.24 9495.6 9479.84 9463.56 9448.28 9418.43 9377.65 9339.16 9349.77 9378.88 9413.53 9462.23 9457.7 9453.32 9441.05 9474.85 9544.52 9654.78 9726.15 9800.03 9867.23 9937.17 10037.8 10068 10104.2 10156 10211 10280.1 10335.5 10378.3 10411.9 10427 10414.7 10412.8 10364.1 10322.8 10280.3 10241 10204.1 10174.9 10170 10186.2 10203.2 10229.6 10233.1 10211.4 10176.6 10168.3 10188 10201.5 10214.2 10228.9
10500.2 10472.2 10442.7 10395.2 10303.2 10184.7 10119.7 10053.8 9948.64 9866.01 9831.79 9788.76 9736.78 9684.85 9672.26 9602.14 9568.25 9550.9 9533.38 9512.84 9487.6 9457.23 9429.58 9442.9 9475.26 9522.02 9553.19 9544.7 9556.47 9582.4 9615.44 9699.65 9762.34 9830.7 9907.95 9971.22 10035 10099 10130.1 10162 10205.1 10249.1 10295.8 10342.6 10384.7 10414.3 10428.4 10416.7 10393.1 10365.3 10323.1 10281.3 10241.9 10205.1 10173.2 10168.8 10183.6 10200.2 10213.7 10207.9 10189.3 10160.5 10150.2 10165.7 10180.5 10192.7 10205.7
10559.3 10543.8 10531 10498 10415.8 10307.2 10240.3 10174.4 10102.9 10031.6 9987.13 9917.2 9835.76 9743.12 9673.51 9643.2 9629.04 9622.17 9607.74 9591.29 9570.89 9554.77 9555.7 9560.02 9571.46 9597.93 9610.12 9600.01 9606.9 9661.25 9732.58 9800.63 9840.36 9922.18 10016.4 10106.2 10132.8 10102.5 10165.5 10213.6 10254.7 10290.5 10332.5 10367.1 10399.7 10434.3 10460.7 10493.9 10447.1 10372.3 10320.1 10279.2 10244.7 10216.2 10191.2 10180.5 10174 10208.4 10219.4 10222.5 10216.2 10190.1 10172.9 10167.7 10163.1 10169.9 10176.2
10595.5 10596.8 10605.7 10600.7 10542.5 10436.7 10376.7 10322.3 10307.4 10295 10170.2 10057.1 9956.89 9850.25 9745.78 9710.68 9719.27 9714.22 9702.21 9686.01 9668.79 9650.87 9640.43 9636.82 9657.42 9668.95 9658.36 9663.17 9663.78 9742.57 9829.6 9843.03 9935.36 10022.7 10103.5 10166.9 10142 10167.4 10236.6 10283.1 10315.4 10348.4 10373.3 10397 10420.7 10440.9 10465.1 10479.8 10430.7 10351.4 10307.3 10274.1 10247.7 10230.1 10222.9 10206.4 10212.7 10230.1 10230.3 10232.9 10235.6 10232.5 10184 10141.9 10146.1 10152.6 10155.1
10613.2 10637.4 10666.1 10692 10675.9 10607.7 10519.4 10444.5 10366.2 10328 10266.3 10185.3 10107.5 10023.7 9929.15 9878.82 9855.35 9839.74 9817.88 9795.55 9771.94 9754.88 9740.73 9744.26 9754.1 9772.63 9785.64 9797.24 9828.6 9861.05 9916.9 10001.8 10074.4 10129.6 10172.8 10204.5 10205.9 10292.6 10323.5 10341.2 10359.3 10373.7 10384 10398.5 10412.9 10429.3 10436.6 10434.9 10364.8 10307.7 10286.7 10262.3 10240.9 10231.2 10234.6 10219.6 10227.8 10237.9 10237.9 10229.2 10222.9 10234.7 10191.4 10143.1 10141.9 10144.6 10148.1
10614.4 10654.8 10700.6 10768.6 10827.7 10721.8 10628.4 10556.9 10484.2 10391.7 10337.7 10310.6 10272.7 10244.4 10241 10085.5 10016.8 9980.22 9954.97 9929.16 9904.5 9875.71 9847.47 9829.57 9860.26 9902.6 9924.96 9942.04 9921.68 10009.8 10134.6 10189.5 10163.1 10181.7 10250.1 10270.2 10370.3 10459 10424.3 10404.1 10397.5 10397.6 10402.6 10403.5 10409.1 10410.2 10404.3 10385.9 10340.1 10305.6 10278.6 10253.7 10231.1 10213 10206.1 10218.7 10233.2 10253 10249.9 10232.1 10212.8 10220.9 10192.4 10173.8 10147.4 10144.3 10147.8
10606.4 10643 10688.3 10728.4 10734.9 10745.5 10685 10640.9 10629.4 10572.7 10475.4 10434.8 10413.3 10407.1 10392.1 10255.8 10171.1 10130.8 10096.6 10065.7 10034.6 10000.4 9965.24 9939.13 9983.09 10047.1 10121.9 10110.4 10100.6 10147.5 10210.5 10251.3 10289 10330.2 10419.6 10447.6 10520 10541.9 10493.4 10456.7 10435.6 10422.3 10422.5 10422.9 10412.5 10398.6 10378.1 10333.5 10315.6 10313.9 10280.8 10254.1 10227.6 10203.5 10200.8 10220 10247.8 10277.7 10269.6 10242.5 10211.7 10202.8 10183.1 10150.9 10143.4 10141.6 10145.8
10583.9 10623.2 10655.9 10683.6 10717 10715.2 10696.7 10671.2 10610.9 10557.3 10557.9 10534.8 10521.2 10517.9 10479 10378 10331.5 10292 10251.1 10212.9 10175.3 10143.9 10114.5 10104.3 10130.9 10183.3 10186.1 10184.9 10229.2 10280.1 10314.8 10392.9 10496.4 10587.3 10670.4 10722.6 10581.3 10530.5 10510.1 10487 10460.1 10442.8 10429 10417.4 10407.2 10390.8 10367.5 10332.1 10302.7 10289.7 10279.1 10259.2 10234.4 10204.2 10202 10231 10273.2 10306.1 10288.2 10256.9 10220.1 10200 10182.9 10168.6 10152.2 10135.4 10128.6
10564 10602.4 10631.9 10654.4 10640.4 10660.9 10686.7 10702.9 10694.4 10610.7 10621.7 10600.3 10595.4 10613.3 10663.3 10632.1 10527.5 10448.7 10388.6 10349.1 10316.7 10294.8 10287.1 10281.2 10318.3 10342.9 10336.8 10332.3 10324.6 10453.6 10567.2 10621.2 10692.7 10773.6 10769.9 10710.4 10582.3 10539.3 10516.6 10492.6 10468.8 10446 10431.8 10414.2 10401.3 10388.6 10368.2 10343.1 10319.8 10298.4 10289.8 10274.5 10257.5 10240.1 10228.4 10234.8 10272.2 10317.9 10293.6 10268.4 10246.6 10207.9 10177.4 10166.5 10147.9 10123 10098.4
10558 10588.1 10614.8 10638.7 10663.2 10654.6 10668.3 10697.5 10727.6 10719.9 10652.5 10624.6 10625.4 10647.1 10687.5 10715.7 10659.1 10576 10513.2 10469.2 10444.8 10446.7 10465.6 10534.5 10543.9 10527.4 10542.3 10544.5 10558.3 10635.4 10772.1 10778.4 10777.9 10836.3 10807.9 10713 10633.2 10565.7 10517.3 10485.3 10452.5 10444.5 10423.2 10407.1 10396.4 10389.9 10378.9 10343.1 10306.8 10310.4 10306.7 10292.3 10281.7 10273.2 10249.8 10228.2 10229.1 10268.6 10272.4 10261.8 10243.4 10165.9 10152.2 10147.5 10135 10112.3 10081.4
10555.6 10575.5 10597.8 10621.8 10638.4 10630 10631.1 10630.7 10638.2 10651.5 10609.6 10612.9 10624.5 10639.4 10647.4 10675.4 10694.8 10646.3 10598.9 10568.7 10556.9 10562.5 10592.4 10637 10646.1 10660.1 10715.9 10813.4 10769.1 10721.9 10712.1 10742.3 10727.5 10704.6 10689 10634 10651.6 10563.8 10508.3 10472.6 10447.2 10421 10416.1 10392.7 10385.9 10384.4 10389 10352.9 10299.2 10319.1 10310.8 10302.2 10297.8 10290.5 10262 10235.4 10227 10238.2 10247.5 10238.6 10207.7 10130.3 10137.1 10141.9 10133.8 10114.8 10084.9
10547.1 10560.6 10581 10597.2 10595.8 10590.2 10601.2 10594 10590.6 10592.9 10591.2 10598.6 10611.7 10628.2 10643.5 10665.6 10681.3 10670.4 10642.2 10625.3 10619.5 10629.7 10656 10686.1 10704 10704.1 10708.2 10705.8 10704.9 10699.3 10714.6 10677.6 10630.5 10572.4 10539.8 10532.1 10527.5 10510.3 10477.9 10451.9 10428.2 10409.8 10396.1 10380.5 10371.5 10362.7 10353.1 10321.9 10278.7 10281.8 10294.2 10304.3 10307.3 10297.9 10269.1 10239 10228.5 10238.6 10232.3 10218.7 10191.2 10149.4 10147 10151.9 10157.2 10122.6 10107.9
10518 10536.2 10562.1 10582.5 10591.6 10599.3 10600.5 10590.2 10583.4 10578.1 10582.1 10588.5 10599.6 10615.1 10637.3 10669.3 10694.5 10676.4 10660.9 10649.2 10651 10659.3 10681.2 10727.7 10756.8 10697.2 10633.3 10529.7 10568.3 10627.2 10613.8 10600.1 10541.2 10479.5 10436.1 10429.2 10431 10450.7 10446.3 10432.3 10417.3 10403.4 10387.7 10372.5 10359.1 10341 10314.8 10307.4 10302.5 10294 10297.4 10309.4 10316.3 10305.5 10275.9 10239.7 10225.9 10220.9 10217.5 10206.2 10191.1 10181.9 10162.9 10142.1 10118.6 10107 10100.2
10469.1 10505.7 10542.4 10588.9 10612.9 10624.1 10609.2 10593.2 10585.2 10580.6 10574.8 10574.3 10591.4 10608 10622 10633.6 10655.5 10657.7 10659.3 10653.5 10658.8 10669.2 10679.2 10700.4 10686.7 10662.7 10620.6 10570.3 10600 10659.5 10621.7 10501.1 10468.3 10437.2 10412.4 10401.7 10403.8 10422.2 10423.3 10416.7 10406.6 10392.3 10374.6 10360.9 10349 10331 10314.2 10320.7 10338.5 10327.2 10314.4 10313 10323.9 10320.7 10287.1 10250.7 10241.7 10243.4 10234 10206.9 10182 10205.8 10173.8 10122.5 10080.5 10077 10083.5
10449.1 10482.2 10510.4 10548.8 10576.5 10599.3 10599.4 10608.9 10592 10579.8 10570.7 10575.4 10595.7 10609.5 10616.8 10608.3 10618.8 10627.3 10639.4 10651.8 10656.5 10661.4 10662.7 10665.2 10669.5 10634.9 10620.7 10660.7 10685.8 10711.8 10642.3 10458.1 10426.9 10429.7 10425.1 10417.3 10411.4 10400.9 10393.6 10398.7 10388.6 10376.9 10361.7 10345.9 10335.9 10329.8 10330.5 10333.8 10345.3 10327.3 10297.8 10303.7 10314.9 10315.1 10298.9 10280.9 10271.6 10272.7 10255.8 10217.6 10203.3 10210.5 10159.8 10097.5 10050.9 10040.4 10047.8
10461.1 10469 10467 10471.8 10493.7 10511 10545.2 10584 10583.3 10576.1 10570.5 10600.9 10606.5 10615.5 10625.5 10628.5 10595.2 10611 10626.8 10630.4 10628.9 10620.9 10620.5 10613.6 10606.9 10575.2 10561.3 10569.6 10589.6 10599.8 10549.6 10439 10416.5 10417.8 10405 10408.5 10404.7 10385.2 10371.9 10368 10356.1 10351.9 10337.4 10326.3 10316.4 10316.5 10327.8 10326.3 10329.3 10309.4 10283.6 10292.1 10301.8 10309.1 10307.6 10289 10287.2 10278.6 10251.6 10191.6 10157.4 10138.2 10105.7 10065.5 10026.6 10010.5 10014.9
