real_craters/C138-300m.grd
DSAA
297 297
-44.4325 44.4325
-44.4325 44.4325
8979.628011222 10978.793483157
[rows 0 to 29 of 297, columns 201 to 267 of 297]
9779.07 9780.8 9780.51 9780.18 9779.99 9781.24 9783.14 9782.49 9782.39 9782.73 9784.3 9787.32 9792.28 9797.77 9800.96 9800.74 9800.06 9797.86 9794.57 9790.54 9786.25 9782.31 9778.14 9774.12 9765.86 9754.81 9743.24 9733 9733.76 9739.59 9743.76 9746.66 9748.77 9750.48 9752.62 9757.51 9753.94 9748.36 9743.2 9737.92 9732.27 9725.21 9717.95 9710.53 9703.84 9697.91 9696.9 9697.32 9699.93 9697.47 9686.48 9676.08 9667.16 9660.04 9652.47 9659.17 9670.27 9677.97 9683.38 9685.84 9687.41 9687.88 9687.79 9688.44 9689.14 9689.35 9690.79
9775.46 9777.1 9777.08 9778.12 9777.85 9777.82 9777.37 9777.79 9778.68 9781.25 9782.26 9785.29 9789.05 9795.78 9803.39 9806.7 9805.9 9803.03 9798.99 9793.83 9788.4 9782.99 9777.62 9772.61 9765.58 9757.48 9748.64 9739.9 9738.51 9740.56 9741.61 9741.89 9741.11 9738.59 9735.33 9732.52 9735.65 9736.89 9735.61 9733.07 9729.11 9723.41 9716.46 9708.34 9699.13 9692.09 9691.71 9692.57 9692.37 9690.03 9682.74 9675.41 9668.09 9659.71 9647.62 9650.22 9659.08 9666.85 9671.83 9675.88 9678 9680.01 9681.58 9683.91 9686.89 9690.97 9694.63
9769.08 9772.27 9772.9 9773.59 9773.57 9774.39 9775 9776.34 9776.05 9778.25 9781.34 9782.67 9784.06 9796.97 9807.48 9813.85 9813.42 9808.73 9802.89 9796.67 9789.69 9782.81 9776.48 9771.06 9765.8 9761.42 9758.97 9754.75 9747.41 9744.35 9741.38 9738.73 9735.34 9730.38 9723.37 9717.35 9723.37 9728.46 9730.51 9729.84 9726.49 9722.23 9716.47 9708.19 9698.17 9690.73 9689.9 9689.69 9686.72 9682.37 9679.4 9675.97 9670.53 9661.81 9648.57 9649.06 9654.76 9660.57 9664.93 9668.44 9670.68 9672.59 9674.86 9677.9 9681.62 9686.84 9687.95
9764.61 9766.85 9767.24 9767.34 9768.48 9770.16 9770.99 9773.26 9775.56 9778.4 9781.32 9786.32 9790.6 9804.23 9815.66 9823.64 9820.41 9814 9806.73 9798.63 9791.12 9782.47 9774.16 9768.12 9765.13 9763.06 9763.72 9764 9753.16 9747.29 9742.56 9738.41 9733.76 9727.74 9720.59 9716.66 9720.44 9724.93 9727.67 9728.17 9725.57 9722.84 9718.58 9712.2 9701.66 9693.08 9693.34 9691.65 9687.15 9681.47 9679.48 9677.97 9675.33 9672 9656.24 9653.06 9654.15 9656.38 9658.86 9661.18 9662.72 9664.65 9666.53 9669.6 9672.5 9674.19 9673.6
9760.69 9763.19 9765.25 9766.52 9767.46 9767.35 9768.38 9769.56 9772.44 9776.57 9782.65 9792.9 9808.76 9815.37 9821.86 9825.82 9824.08 9817.67 9809.87 9801.39 9792.15 9782.51 9772.91 9766.71 9764.97 9762.51 9758.3 9755.34 9753.26 9749.79 9745.08 9740.31 9735.42 9730.07 9724.41 9721.01 9723.05 9725.46 9727.33 9728.19 9727.6 9726.32 9724.45 9721.47 9716.34 9707.89 9704.58 9699.87 9692.93 9685.45 9683.38 9682.13 9678.97 9675.7 9666.97 9657.69 9654.92 9653.64 9653.7 9654.55 9655.6 9656.18 9657.3 9659.3 9662.48 9665.41 9668
9756.92 9759.16 9760.51 9761.71 9762.74 9763.65 9765.47 9767.48 9770.03 9773.51 9780.2 9790.96 9817.51 9822.73 9824.75 9824.38 9823.32 9819.61 9812.79 9803.58 9793.95 9784.14 9775.16 9769.67 9767.66 9765.27 9760.53 9757.17 9755.84 9753.19 9748.81 9743.9 9739.23 9735.22 9732.69 9730.06 9728.72 9729.53 9730.34 9731.41 9731.44 9732.59 9733.04 9733.56 9735.75 9731.19 9719.7 9711.73 9703.91 9696.06 9693.75 9688.76 9680.3 9671.17 9665.01 9658.68 9654.47 9650.4 9648.47 9648.96 9648.07 9647.25 9646.98 9647.57 9651.8 9658.48 9665.36
9753.51 9757.21 9758.32 9759.89 9760.69 9761.84 9763 9766.01 9768.44 9770.61 9775.4 9783.89 9812.77 9822.04 9823.46 9822.91 9823.16 9821.1 9814.99 9806.52 9797.43 9787.58 9779.11 9774.74 9773.17 9772.21 9771.26 9767.21 9762.42 9758.25 9753.54 9749.16 9744.31 9740.55 9738.54 9736 9734.54 9734.7 9735.52 9737.1 9738.4 9739.63 9740.54 9741.92 9742.6 9738.31 9730.21 9722.83 9717.94 9715.18 9712.56 9697.43 9681.73 9669.26 9665.34 9658.92 9652.85 9647.26 9644.57 9641.6 9641.32 9638.84 9636.71 9635.42 9636.54 9640.42 9653.5
9755.14 9756.89 9757.35 9757.55 9759.21 9760.53 9761.82 9763.06 9764.8 9766.9 9769.93 9780.21 9802.1 9812.53 9817.14 9821.5 9824.74 9822.07 9816.49 9810.02 9802.12 9793.06 9783.44 9781 9780.57 9780.09 9779.44 9775.08 9769.56 9764.72 9759.83 9754.9 9749.94 9745.51 9740.91 9739.7 9739.62 9739.93 9741.75 9742.94 9744.22 9745.95 9746.79 9747 9745.21 9741.35 9735.81 9730.27 9727.4 9729.41 9724.93 9701.18 9680.62 9666.26 9664.05 9657.64 9651.37 9646.01 9638.92 9635.29 9632.52 9629.44 9625.61 9622 9619.84 9619.61 9633.38
9755.92 9757.83 9757.63 9757.59 9757.76 9758.61 9759.75 9760.74 9762.23 9763.72 9764.38 9759.71 9779.41 9796.25 9807.56 9816.14 9821.89 9821.41 9818.09 9813.87 9809.12 9802.24 9792.42 9791.25 9789.8 9787.33 9785.57 9781.06 9776.39 9771.7 9766.83 9761.95 9756.95 9752.04 9747.27 9746.23 9746.12 9746.26 9747.74 9748.18 9749.53 9750.32 9751.27 9750.76 9748.09 9743.99 9738.29 9732.16 9726.93 9722.71 9713.7 9694.32 9675.76 9659.88 9658.89 9654.36 9647.48 9641.96 9636.88 9631.14 9626.63 9623.42 9617.87 9611.94 9606.59 9602.68 9608.36
9755.38 9757.41 9757.91 9760.57 9759.72 9760.13 9760.7 9760.74 9761.94 9763.76 9766.37 9775.85 9774.78 9784.69 9797.97 9808.38 9816.58 9817.5 9816.97 9817.19 9817.04 9816.89 9814.83 9807.77 9801.18 9793.95 9787.92 9786.03 9783.52 9779.6 9774.97 9769.72 9764.66 9760.06 9756.94 9754.44 9753.23 9752.71 9752.53 9753.66 9753.35 9753.85 9755.14 9754.72 9752.18 9746.87 9739.66 9731.4 9721.82 9708.65 9693.91 9684.46 9671.79 9659.09 9654.24 9649.77 9644.49 9638.57 9635.2 9630.76 9625.64 9620.06 9613.56 9605.81 9598.37 9593.11 9593.23
9761.67 9761.69 9761.86 9761.74 9761.9 9760.44 9761.04 9761.32 9762.29 9763.91 9766.85 9771.62 9775.2 9782.02 9789.98 9799.73 9805.54 9809.62 9813.97 9817.83 9822.46 9828.6 9831.73 9822.65 9813.41 9803.41 9794.57 9794.72 9792.81 9789 9784.25 9778.6 9772.65 9767.48 9764.13 9761.8 9760.27 9758.85 9758.46 9758.3 9758.12 9757.61 9758.12 9758.05 9755.61 9748.95 9740.66 9731.02 9718.83 9703.35 9688.5 9681.37 9672.89 9661.6 9650.99 9645.58 9641.86 9638.94 9634.72 9630.36 9625.69 9619.56 9612.38 9603.33 9593.68 9586.11 9584.14
9761.63 9761.51 9761.18 9761.17 9762.04 9762.09 9761.06 9761.29 9762.17 9763.36 9764.68 9765.41 9768.22 9771.74 9783.23 9793.46 9798.89 9804.01 9809.19 9814.4 9821.07 9829.35 9834.06 9829.66 9824.56 9819.36 9813.03 9808.67 9804.08 9799.07 9793.55 9787.18 9780.11 9773.52 9770.17 9767.92 9767.37 9766.55 9765.25 9764.46 9762.74 9761.41 9760.51 9759.12 9755.65 9749.15 9741.16 9731.9 9720.42 9706.01 9690.91 9685.74 9678.82 9670.61 9654.12 9645.86 9641.67 9638.69 9636.08 9632.17 9627.85 9621.55 9614.51 9605.87 9594.15 9584.18 9580.49
9762.57 9762.23 9762.4 9762.3 9762.95 9762.07 9761.92 9761.88 9762.16 9763.44 9765.32 9766.07 9766.23 9769.04 9778.34 9788.64 9803.23 9803.5 9802.16 9806.24 9813.22 9821.03 9827.03 9829.83 9831.32 9833.82 9831.65 9822.23 9815.24 9809.32 9802.96 9796.25 9788.14 9778.46 9773.72 9774.52 9774.71 9773.75 9771.97 9769.89 9767.77 9764.96 9762.26 9758.74 9754.12 9749.01 9742.45 9735.09 9726.08 9716.21 9706.41 9700.05 9683.96 9667.22 9655.87 9647.56 9643.59 9641.14 9638.35 9634.6 9630.13 9625.34 9620.68 9615.21 9606.26 9598.31 9594.99
9767.98 9767.4 9767.17 9765.02 9764.68 9764.03 9762.22 9761.85 9761.48 9761.87 9764.68 9766.2 9765.1 9769.15 9772.43 9776.9 9783.6 9784.04 9787.66 9794.13 9802.66 9810.07 9818.22 9826.1 9831.74 9836.33 9835.52 9829.87 9823.89 9818.1 9812.63 9806.78 9799.46 9789.26 9784.11 9783.9 9782.57 9780.32 9778.27 9774.88 9771.31 9767.68 9763.59 9758.18 9753.59 9749.18 9744.62 9739.14 9733.77 9728.83 9726.21 9717.74 9693.59 9671.4 9660.06 9650.79 9647.75 9645.35 9642.22 9637.67 9633.26 9629.92 9627.87 9628.46 9632.63 9628.33 9624.07
9769.52 9769.65 9769.55 9769.16 9769.14 9768 9764.97 9762.05 9759.97 9756.93 9753.46 9753.24 9755.9 9765.72 9758.62 9758.23 9761.36 9764.46 9768.91 9777.58 9789.79 9805.27 9813.23 9820.22 9827.13 9833.61 9834.8 9832.39 9829 9825.03 9821.08 9817.46 9813.97 9809.29 9802.68 9796.76 9792.07 9787.43 9782.14 9778.33 9774.56 9770.89 9764.84 9757.33 9752.54 9750.73 9747.2 9743.12 9739.95 9736.91 9734.92 9729.2 9714.95 9694.07 9672.75 9657.79 9656.61 9653.49 9648.26 9642.2 9636.57 9632.83 9631.31 9634.32 9642.46 9642.26 9640.13
9769.54 9770.35 9771.31 9772.01 9770.83 9769.54 9767.23 9764.2 9760.09 9753.29 9746.64 9742.45 9739.2 9730.44 9732.11 9736.03 9738.83 9741.93 9746.45 9757.47 9770.99 9786.34 9800.51 9811.32 9819.48 9824.55 9829.98 9832.18 9831.61 9829.38 9827.02 9825.75 9825.61 9825.75 9817.05 9807.08 9799.38 9792.57 9787.96 9783.51 9779.5 9774.95 9769.47 9761.46 9756.6 9754.58 9751.03 9746.92 9743.53 9740.8 9738.93 9736.86 9727.33 9711.52 9693.57 9679.62 9674.21 9665.59 9655.99 9647.06 9639.49 9633.26 9629.78 9628.87 9629.94 9631.44 9631.34
9773.96 9773.91 9774.6 9773.54 9772.83 9771.6 9769.92 9766.14 9761.43 9754.18 9745.15 9737.79 9729.71 9719.83 9716.87 9717.98 9716.43 9712.25 9724.63 9737.05 9749.51 9764.02 9783.78 9802.44 9814.25 9819.35 9828.16 9832.46 9832.3 9830.61 9829.42 9829.97 9831.38 9829.13 9822.5 9812.38 9803.53 9796.4 9791.08 9787.08 9784.41 9781.36 9777.47 9771.07 9764.64 9759.4 9754.05 9749.24 9744.49 9740.97 9738.78 9737.12 9728.29 9720.65 9715.09 9711.48 9696.05 9678.13 9663.17 9650.62 9640.01 9631.38 9623.82 9618.22 9615.23 9614.78 9613.75
9775.55 9776.46 9776.89 9776.86 9776.48 9775.45 9773.13 9770.46 9767.26 9759.56 9746.56 9740.04 9729.78 9718.72 9711.79 9708.85 9706.57 9707.21 9712.76 9720.16 9729.81 9744.9 9770.42 9798.16 9819.93 9826 9834.88 9834.5 9831.32 9828.29 9827.16 9828.38 9831.84 9833.5 9823.1 9812.27 9803.54 9796.91 9792.76 9789.4 9787.88 9786.7 9785.69 9780.73 9772.47 9763.39 9754.7 9749.15 9742.76 9737.52 9731.65 9727.04 9727.26 9723.66 9723.61 9726.49 9706.79 9683.82 9666.35 9651.61 9639.03 9627.55 9616.47 9605.88 9598.11 9598.01 9596.71
9778.59 9779.82 9780.31 9780.45 9780.45 9780.35 9779.09 9777.46 9775.17 9771.61 9766.15 9751.04 9735.97 9721.5 9710.99 9706.7 9703.41 9703.67 9705.08 9706.43 9712.35 9727.19 9756.82 9793.75 9836.65 9860.37 9845.86 9833.58 9825.91 9821.62 9819.34 9818.82 9820.94 9823.33 9814.21 9806.02 9799.06 9793.69 9790.23 9788.42 9788.25 9789.51 9792.03 9789.39 9777.98 9765.65 9755.19 9746.34 9738.93 9731.96 9726.27 9721.9 9720.1 9717.24 9714.61 9710.26 9695.18 9678.69 9664.26 9650.66 9637.55 9624.52 9610.99 9597.15 9586.43 9586.29 9585.22
9781.79 9783.1 9783.84 9784.83 9785.04 9783.74 9782.94 9782.24 9781.98 9782.13 9778.88 9761.87 9744.72 9729.16 9715.81 9710.4 9703.18 9696.67 9694.03 9694.67 9697.74 9711.22 9739.44 9774.15 9818.96 9856.89 9832.69 9820.46 9813.42 9809.17 9806.19 9803.64 9800.1 9796.95 9797.79 9794.86 9791.36 9787.79 9785.08 9784.51 9784.66 9786.85 9791.6 9790.93 9777.21 9764.14 9753.15 9743.72 9735.12 9727.07 9719.55 9711.28 9706.74 9705.42 9699.08 9685.8 9675.57 9669.1 9659.37 9647.76 9635.29 9622.39 9608.88 9595.7 9585.86 9582.02 9580.07
9784.66 9787.49 9788.3 9788.3 9787.72 9786.9 9786.42 9785.48 9784.86 9784.59 9780.42 9766.78 9752.54 9741.14 9732.35 9719.08 9706.48 9695.86 9689.84 9687.31 9688.34 9698.88 9719.9 9742.08 9753.79 9768.38 9792.07 9795.21 9794.39 9793.04 9790.75 9787.6 9782.78 9780.21 9782.66 9782.51 9780.92 9778.7 9776.11 9774.11 9772.85 9773.65 9778.87 9777.99 9767.11 9756.69 9747.23 9738.77 9730.6 9721.18 9714.15 9703.28 9701.36 9696.82 9689.11 9677.32 9669.03 9663.8 9656.18 9645.83 9634.43 9622.17 9609.33 9596.62 9587.42 9582.15 9578.02
9791.62 9791.58 9791.43 9792.02 9790.97 9789.81 9788.85 9786.64 9783.76 9780.04 9775.03 9766.45 9756.35 9748.98 9743.54 9726.81 9710.62 9697.73 9688.16 9683.96 9684.14 9690.69 9703.14 9717.12 9732.24 9745.76 9759.39 9768.41 9773.22 9775.28 9775.14 9772.91 9769.98 9768.51 9770.12 9770.15 9768.94 9765.2 9762.81 9761.06 9759.36 9756.7 9755.82 9754.03 9750.37 9744.27 9738.14 9730.9 9724.67 9718.15 9711.68 9701.8 9697.34 9691.94 9685.35 9677.25 9670.19 9663.38 9654.43 9644.83 9634.97 9624.09 9612.58 9600.28 9591.1 9585.38 9579.65
9798.31 9797.88 9797.26 9795.96 9794.81 9792.82 9790.84 9787.12 9781.84 9774.41 9769.24 9763.73 9755.78 9749.03 9743.81 9727.61 9712.53 9699.67 9688.21 9682.93 9682.11 9684.25 9689.75 9696.96 9705.7 9719.02 9733.91 9745.12 9753.07 9758.26 9760.67 9760.57 9758.63 9758.25 9759.58 9759.04 9757.36 9753.36 9750.47 9747.12 9746.12 9741.95 9737.61 9735.48 9734.28 9731.5 9728.32 9724.29 9719.89 9715.03 9711.27 9703.94 9694.54 9688.15 9683.01 9678.08 9672.75 9663.41 9652.96 9643.26 9634.3 9626.1 9618.29 9608.94 9599.91 9591.97 9584.78
9804.67 9803.53 9801.79 9800.01 9797.44 9795.44 9792.17 9787.7 9781.6 9773.41 9767.19 9761.44 9753.19 9743.94 9730.19 9721.45 9712.7 9702.99 9691.72 9683.22 9679.87 9678.41 9679.28 9681.37 9683.47 9696.95 9713.04 9725.98 9736.12 9743.45 9748.48 9751.33 9749.71 9750.68 9750.71 9747.82 9744.41 9744.35 9740.24 9735.62 9730.33 9724.82 9723.18 9720.7 9719.58 9719.34 9718.54 9716.24 9714.3 9712.6 9711.54 9706.92 9688.77 9682.83 9679.94 9677.81 9676.17 9661.81 9648.92 9639.83 9632.83 9627.93 9625.12 9623.19 9610.84 9599.09 9590.32
9810.73 9807.98 9805.32 9803.11 9800.4 9797.7 9794.07 9789.52 9783.66 9775.52 9768.37 9760.41 9751.16 9740.67 9730.82 9721.56 9713.34 9706.51 9698.52 9683.87 9676.27 9673.34 9672.04 9672.07 9675.44 9684.35 9698 9710.34 9721.35 9730.57 9738.83 9745.48 9748.32 9746.49 9742.75 9740.59 9736.74 9732.05 9726.71 9720.42 9714.38 9706.92 9701.17 9702.48 9705.27 9706.5 9707.6 9708.11 9708.31 9708.5 9709.12 9703.03 9680.92 9679.02 9674.6 9668.57 9661.41 9649.66 9640.35 9633.68 9629.09 9626.37 9625.31 9624.78 9614.08 9602.23 9593.22
9815.04 9812.15 9809.11 9806.17 9802.78 9799.74 9796.08 9791.75 9787.15 9781.17 9771.32 9760.5 9750.22 9738.72 9727.32 9718.27 9713.43 9708.99 9701.46 9686.69 9676.08 9671.33 9667.85 9665.76 9667.28 9674.82 9686.55 9698.14 9709.23 9719.36 9729.11 9738.57 9746.03 9740.37 9735.52 9730.53 9725.09 9719.98 9713.77 9707.59 9701.48 9692.88 9684.64 9688.21 9692.42 9695.09 9697.44 9698.86 9700.48 9702.4 9703.44 9699.16 9686.53 9681.71 9669.68 9655.73 9640.24 9633.51 9629.51 9625.78 9622.88 9621.17 9619.6 9615.47 9609.22 9600.61 9592.26
9816.86 9812.62 9808.96 9806.41 9803.17 9799.93 9797.07 9793.32 9789.25 9783.47 9773.08 9761.19 9749.3 9737.8 9725.35 9716.26 9713.25 9711.65 9710.41 9697 9681.96 9673.47 9666.37 9661.33 9660.81 9666.6 9677.79 9688.34 9698.56 9708.33 9717.63 9726.7 9730.9 9729.17 9724.48 9719.27 9713.96 9708.71 9701.95 9695.91 9690.62 9685.94 9681.42 9680.72 9682.51 9684.67 9687.17 9689.66 9691.91 9693.88 9696.1 9697.63 9694.92 9682.32 9664.37 9646.66 9630.43 9622.56 9619.87 9617.85 9615.46 9614.2 9613.95 9612.46 9604.33 9596.95 9590.02
9818.39 9813.56 9809.5 9806.12 9802.97 9799.65 9797.07 9793.49 9789.25 9782.42 9773.37 9761.83 9750.21 9738.42 9725.92 9715.71 9713.3 9712.03 9710.64 9705.21 9692.33 9677.19 9666.03 9658.58 9656.6 9661.2 9670.99 9679.99 9689.5 9697.69 9704.97 9711.91 9716.93 9715.13 9712.13 9708.23 9703.01 9696.96 9691.29 9685.15 9679.67 9677.57 9677.96 9672.74 9672.53 9674.12 9676.52 9678.55 9681.2 9684.23 9683.93 9680.43 9680.96 9672.65 9656.91 9640.21 9624.98 9616.44 9613.03 9610.51 9607.94 9605.29 9603.2 9602.11 9596.9 9592.21 9587.63
9817.36 9812.89 9809.21 9805.38 9802.52 9799.29 9796.22 9792.68 9788.72 9782.98 9773 9762.67 9751.93 9741.6 9729.6 9718.5 9714.67 9710.57 9705.01 9700.06 9692.24 9676.39 9664.01 9656.4 9654.51 9657.46 9666.18 9674.64 9682.62 9689.24 9693.49 9693.9 9696.48 9700.87 9700.99 9697.85 9692.86 9686.76 9679.94 9673.21 9666.48 9660.87 9658.34 9659.31 9660.1 9661.63 9663.99 9666.66 9669.49 9673.64 9676.88 9676.21 9670.36 9660.69 9648.25 9634.97 9621.69 9612.64 9609.02 9605.2 9600.77 9595.71 9590.38 9587.97 9588.04 9587.27 9586.01
9814.38 9809.94 9806.48 9803.44 9800.98 9798.27 9795.16 9790.74 9784.26 9778.66 9772.05 9764.08 9755.2 9746.2 9736.33 9726.17 9718.68 9710.03 9700.8 9692.01 9681.34 9668.39 9658.35 9652.11 9651.03 9655.89 9663.01 9671.11 9678.5 9684.67 9687.81 9687.19 9689.22 9691.97 9691.91 9688.1 9682.77 9676.32 9668.94 9661.32 9653.85 9647.47 9644.87 9646.3 9647.98 9649.57 9651.62 9654.46 9656.69 9660.06 9664.92 9664.66 9655.8 9647.71 9639.92 9631.23 9622.08 9614.89 9608.8 9602.5 9595.98 9588.82 9581.45 9579.69 9581.75 9583.23 9584.64
