real_craters/C138-750m.grd
DSAA
119 119
-44.4325 44.4325
-44.4325 44.4325
8986.4662208337 10976.328569501
[rows 28 to 55 of 119, columns 0 to 61 of 119]
1.061e+004 1.061e+004 1.06e+004 1.06e+004 1.06e+004 1.06e+004 1.061e+004 1.062e+004 1.063e+004 1.063e+004 1.062e+004 1.059e+004 1.056e+004 1.054e+004 1.052e+004 1.05e+004 1.048e+004 1.047e+004 1.045e+004 1.044e+004 1.04e+004 1.036e+004 1.033e+004 1.033e+004 1.034e+004 1.033e+004 1.031e+004 1.028e+004 1.027e+004 1.026e+004 1.024e+004 1.021e+004 1.019e+004 1.016e+004 1.015e+004 1.011e+004 1.006e+004 1.008e+004 1.009e+004 1.008e+004 1.007e+004 1.007e+004 1.006e+004 1.005e+004 1.005e+004 9994 9974 9965 9969 9985 9984 9986 9986 9975 9959 9951 9929 9906 9897 9913 9936 9949
1.061e+004 1.06e+004 1.059e+004 1.06e+004 1.061e+004 1.062e+004 1.063e+004 1.063e+004 1.063e+004 1.061e+004 1.06e+004 1.057e+004 1.055e+004 1.052e+004 1.049e+004 1.048e+004 1.047e+004 1.046e+004 1.045e+004 1.044e+004 1.04e+004 1.036e+004 1.035e+004 1.036e+004 1.036e+004 1.035e+004 1.034e+004 1.038e+004 1.033e+004 1.024e+004 1.024e+004 1.024e+004 1.021e+004 1.021e+004 1.018e+004 1.014e+004 1.01e+004 1.012e+004 1.013e+004 1.011e+004 1.011e+004 1.006e+004 1.005e+004 1.005e+004 1.002e+004 9986 9988 9996 1.001e+004 9983 9996 1.001e+004 1.002e+004 1.003e+004 9988 9971 9933 9902 9903 9925 9967 9975
1.062e+004 1.061e+004 1.06e+004 1.061e+004 1.063e+004 1.064e+004 1.065e+004 1.065e+004 1.064e+004 1.061e+004 1.056e+004 1.054e+004 1.053e+004 1.052e+004 1.05e+004 1.049e+004 1.047e+004 1.044e+004 1.043e+004 1.043e+004 1.038e+004 1.036e+004 1.035e+004 1.037e+004 1.038e+004 1.039e+004 1.041e+004 1.042e+004 1.038e+004 1.031e+004 1.029e+004 1.028e+004 1.025e+004 1.024e+004 1.021e+004 1.018e+004 1.015e+004 1.016e+004 1.016e+004 1.011e+004 1.006e+004 1.002e+004 1.002e+004 1.003e+004 9998 1.001e+004 1.002e+004 1.002e+004 1.001e+004 1.002e+004 1.001e+004 1.001e+004 1.002e+004 1.003e+004 1.002e+004 9983 9935 9919 9934 9967 9992 9992
1.061e+004 1.061e+004 1.062e+004 1.063e+004 1.065e+004 1.066e+004 1.067e+004 1.067e+004 1.063e+004 1.059e+004 1.055e+004 1.053e+004 1.052e+004 1.051e+004 1.05e+004 1.049e+004 1.045e+004 1.042e+004 1.038e+004 1.036e+004 1.035e+004 1.033e+004 1.034e+004 1.036e+004 1.039e+004 1.043e+004 1.046e+004 1.046e+004 1.042e+004 1.037e+004 1.036e+004 1.031e+004 1.027e+004 1.025e+004 1.022e+004 1.017e+004 1.015e+004 1.016e+004 1.015e+004 1.01e+004 1.003e+004 1.001e+004 1.001e+004 1.001e+004 1.002e+004 1.005e+004 1.003e+004 1.003e+004 1.003e+004 1.002e+004 1.002e+004 1.001e+004 1.001e+004 1e+004 1.001e+004 9997 9948 9916 9975 1.002e+004 1.001e+004 9996
1.062e+004 1.063e+004 1.065e+004 1.066e+004 1.067e+004 1.067e+004 1.067e+004 1.066e+004 1.062e+004 1.058e+004 1.055e+004 1.052e+004 1.05e+004 1.049e+004 1.048e+004 1.046e+004 1.043e+004 1.04e+004 1.036e+004 1.034e+004 1.034e+004 1.033e+004 1.035e+004 1.038e+004 1.042e+004 1.043e+004 1.044e+004 1.045e+004 1.043e+004 1.042e+004 1.042e+004 1.033e+004 1.026e+004 1.023e+004 1.019e+004 1.015e+004 1.014e+004 1.016e+004 1.015e+004 1.011e+004 1.006e+004 1.005e+004 1.003e+004 1.004e+004 1.004e+004 1.002e+004 1.002e+004 1.002e+004 1.001e+004 1.002e+004 1.002e+004 1.002e+004 1.001e+004 1e+004 9998 9983 9959 9966 1.002e+004 1.004e+004 1.001e+004 9975
1.062e+004 1.064e+004 1.067e+004 1.068e+004 1.068e+004 1.067e+004 1.067e+004 1.064e+004 1.06e+004 1.056e+004 1.053e+004 1.051e+004 1.049e+004 1.047e+004 1.044e+004 1.041e+004 1.04e+004 1.039e+004 1.037e+004 1.036e+004 1.035e+004 1.036e+004 1.037e+004 1.041e+004 1.044e+004 1.043e+004 1.042e+004 1.044e+004 1.043e+004 1.039e+004 1.036e+004 1.031e+004 1.026e+004 1.025e+004 1.022e+004 1.017e+004 1.016e+004 1.018e+004 1.019e+004 1.015e+004 1.01e+004 1.005e+004 1.005e+004 1.003e+004 1.003e+004 1.002e+004 1.001e+004 1.002e+004 1.001e+004 9992 1.001e+004 1.003e+004 1.003e+004 1.001e+004 1e+004 9967 9991 1.006e+004 1.005e+004 1.003e+004 9993 9970
1.064e+004 1.066e+004 1.068e+004 1.068e+004 1.067e+004 1.066e+004 1.065e+004 1.061e+004 1.055e+004 1.051e+004 1.051e+004 1.051e+004 1.048e+004 1.046e+004 1.043e+004 1.039e+004 1.04e+004 1.04e+004 1.04e+004 1.039e+004 1.038e+004 1.038e+004 1.039e+004 1.041e+004 1.043e+004 1.042e+004 1.041e+004 1.04e+004 1.039e+004 1.036e+004 1.034e+004 1.035e+004 1.033e+004 1.032e+004 1.027e+004 1.021e+004 1.019e+004 1.021e+004 1.021e+004 1.019e+004 1.015e+004 1.011e+004 1.007e+004 1.006e+004 1.006e+004 1.005e+004 1.004e+004 1.004e+004 1.004e+004 1.003e+004 1.005e+004 1.007e+004 1.009e+004 1.006e+004 1.001e+004 9975 1.001e+004 1.004e+004 1.003e+004 1.002e+004 9992 9965
1.066e+004 1.067e+004 1.069e+004 1.069e+004 1.066e+004 1.063e+004 1.06e+004 1.056e+004 1.051e+004 1.048e+004 1.048e+004 1.049e+004 1.047e+004 1.046e+004 1.044e+004 1.043e+004 1.043e+004 1.043e+004 1.043e+004 1.042e+004 1.04e+004 1.039e+004 1.04e+004 1.041e+004 1.041e+004 1.042e+004 1.041e+004 1.033e+004 1.031e+004 1.033e+004 1.036e+004 1.04e+004 1.026e+004 1.026e+004 1.031e+004 1.025e+004 1.024e+004 1.025e+004 1.026e+004 1.023e+004 1.019e+004 1.017e+004 1.014e+004 1.014e+004 1.015e+004 1.012e+004 1.007e+004 1.009e+004 1.01e+004 1.011e+004 1.012e+004 1.013e+004 1.013e+004 1.009e+004 1.005e+004 1.004e+004 1.004e+004 1.003e+004 1.004e+004 1.002e+004 1.003e+004 1.003e+004
1.068e+004 1.068e+004 1.068e+004 1.067e+004 1.064e+004 1.06e+004 1.056e+004 1.053e+004 1.048e+004 1.047e+004 1.047e+004 1.047e+004 1.048e+004 1.047e+004 1.047e+004 1.047e+004 1.047e+004 1.046e+004 1.046e+004 1.044e+004 1.042e+004 1.041e+004 1.041e+004 1.043e+004 1.042e+004 1.042e+004 1.035e+004 1.027e+004 1.026e+004 1.034e+004 1.04e+004 1.038e+004 1.009e+004 1.013e+004 1.025e+004 1.028e+004 1.027e+004 1.027e+004 1.028e+004 1.025e+004 1.021e+004 1.018e+004 1.017e+004 1.017e+004 1.019e+004 1.018e+004 1.017e+004 1.015e+004 1.016e+004 1.017e+004 1.019e+004 1.016e+004 1.015e+004 1.011e+004 1.007e+004 1.006e+004 1.008e+004 1.009e+004 1.011e+004 1.012e+004 1.014e+004 1.017e+004
1.069e+004 1.068e+004 1.067e+004 1.064e+004 1.062e+004 1.058e+004 1.054e+004 1.052e+004 1.049e+004 1.048e+004 1.049e+004 1.05e+004 1.05e+004 1.05e+004 1.049e+004 1.049e+004 1.048e+004 1.048e+004 1.048e+004 1.046e+004 1.045e+004 1.044e+004 1.043e+004 1.044e+004 1.046e+004 1.049e+004 1.043e+004 1.035e+004 1.037e+004 1.04e+004 1.04e+004 1.046e+004 1.037e+004 1.034e+004 1.034e+004 1.032e+004 1.03e+004 1.028e+004 1.025e+004 1.023e+004 1.022e+004 1.024e+004 1.021e+004 1.022e+004 1.02e+004 1.019e+004 1.02e+004 1.02e+004 1.019e+004 1.019e+004 1.016e+004 1.017e+004 1.017e+004 1.013e+004 1.007e+004 1.005e+004 1.012e+004 1.023e+004 1.027e+004 1.025e+004 1.024e+004 1.02e+004
1.069e+004 1.069e+004 1.067e+004 1.066e+004 1.061e+004 1.056e+004 1.052e+004 1.051e+004 1.05e+004 1.049e+004 1.051e+004 1.053e+004 1.053e+004 1.052e+004 1.051e+004 1.049e+004 1.048e+004 1.047e+004 1.047e+004 1.046e+004 1.045e+004 1.045e+004 1.045e+004 1.046e+004 1.048e+004 1.053e+004 1.057e+004 1.052e+004 1.054e+004 1.049e+004 1.046e+004 1.045e+004 1.044e+004 1.043e+004 1.042e+004 1.036e+004 1.033e+004 1.03e+004 1.027e+004 1.025e+004 1.025e+004 1.027e+004 1.027e+004 1.026e+004 1.024e+004 1.024e+004 1.025e+004 1.024e+004 1.02e+004 1.015e+004 1.013e+004 1.017e+004 1.018e+004 1.015e+004 1.01e+004 1.008e+004 1.018e+004 1.031e+004 1.035e+004 1.028e+004 1.022e+004 1.022e+004
1.072e+004 1.07e+004 1.067e+004 1.064e+004 1.059e+004 1.055e+004 1.052e+004 1.051e+004 1.051e+004 1.051e+004 1.053e+004 1.054e+004 1.054e+004 1.053e+004 1.052e+004 1.05e+004 1.048e+004 1.046e+004 1.045e+004 1.044e+004 1.044e+004 1.045e+004 1.046e+004 1.047e+004 1.05e+004 1.051e+004 1.052e+004 1.051e+004 1.051e+004 1.049e+004 1.049e+004 1.047e+004 1.044e+004 1.043e+004 1.041e+004 1.038e+004 1.035e+004 1.033e+004 1.032e+004 1.031e+004 1.031e+004 1.03e+004 1.031e+004 1.031e+004 1.03e+004 1.03e+004 1.031e+004 1.027e+004 1.022e+004 1.018e+004 1.016e+004 1.02e+004 1.021e+004 1.019e+004 1.019e+004 1.02e+004 1.022e+004 1.032e+004 1.037e+004 1.034e+004 1.029e+004 1.027e+004
1.074e+004 1.071e+004 1.067e+004 1.062e+004 1.058e+004 1.054e+004 1.052e+004 1.053e+004 1.053e+004 1.054e+004 1.055e+004 1.055e+004 1.055e+004 1.054e+004 1.053e+004 1.051e+004 1.048e+004 1.045e+004 1.044e+004 1.043e+004 1.043e+004 1.044e+004 1.046e+004 1.049e+004 1.051e+004 1.051e+004 1.049e+004 1.049e+004 1.048e+004 1.047e+004 1.047e+004 1.046e+004 1.046e+004 1.044e+004 1.042e+004 1.039e+004 1.038e+004 1.037e+004 1.036e+004 1.036e+004 1.034e+004 1.037e+004 1.036e+004 1.033e+004 1.034e+004 1.033e+004 1.03e+004 1.026e+004 1.023e+004 1.021e+004 1.025e+004 1.022e+004 1.018e+004 1.015e+004 1.017e+004 1.01e+004 1.017e+004 1.035e+004 1.044e+004 1.039e+004 1.033e+004 1.03e+004
1.074e+004 1.071e+004 1.067e+004 1.063e+004 1.059e+004 1.055e+004 1.054e+004 1.057e+004 1.058e+004 1.057e+004 1.057e+004 1.058e+004 1.058e+004 1.056e+004 1.053e+004 1.051e+004 1.049e+004 1.046e+004 1.044e+004 1.044e+004 1.045e+004 1.045e+004 1.046e+004 1.048e+004 1.049e+004 1.05e+004 1.049e+004 1.05e+004 1.048e+004 1.047e+004 1.047e+004 1.047e+004 1.047e+004 1.045e+004 1.042e+004 1.041e+004 1.041e+004 1.041e+004 1.04e+004 1.038e+004 1.038e+004 1.038e+004 1.037e+004 1.041e+004 1.041e+004 1.035e+004 1.028e+004 1.023e+004 1.025e+004 1.029e+004 1.035e+004 1.028e+004 1.015e+004 1.006e+004 9981 9999 1.009e+004 1.027e+004 1.039e+004 1.035e+004 1.032e+004 1.027e+004
1.073e+004 1.07e+004 1.067e+004 1.065e+004 1.062e+004 1.057e+004 1.057e+004 1.06e+004 1.06e+004 1.059e+004 1.059e+004 1.059e+004 1.059e+004 1.056e+004 1.053e+004 1.05e+004 1.047e+004 1.042e+004 1.042e+004 1.044e+004 1.045e+004 1.046e+004 1.046e+004 1.046e+004 1.045e+004 1.044e+004 1.047e+004 1.05e+004 1.047e+004 1.045e+004 1.045e+004 1.05e+004 1.05e+004 1.049e+004 1.046e+004 1.045e+004 1.045e+004 1.045e+004 1.046e+004 1.043e+004 1.042e+004 1.041e+004 1.039e+004 1.04e+004 1.042e+004 1.036e+004 1.032e+004 1.026e+004 1.027e+004 1.033e+004 1.043e+004 1.019e+004 1.006e+004 1.002e+004 1e+004 9954 9986 1.007e+004 1.019e+004 1.015e+004 1.013e+004 1.008e+004
1.07e+004 1.068e+004 1.065e+004 1.063e+004 1.061e+004 1.059e+004 1.06e+004 1.063e+004 1.062e+004 1.059e+004 1.058e+004 1.058e+004 1.056e+004 1.055e+004 1.052e+004 1.05e+004 1.047e+004 1.043e+004 1.044e+004 1.046e+004 1.048e+004 1.047e+004 1.046e+004 1.046e+004 1.044e+004 1.044e+004 1.044e+004 1.047e+004 1.044e+004 1.04e+004 1.04e+004 1.045e+004 1.05e+004 1.051e+004 1.052e+004 1.049e+004 1.048e+004 1.048e+004 1.049e+004 1.049e+004 1.048e+004 1.045e+004 1.04e+004 1.044e+004 1.038e+004 1.036e+004 1.032e+004 1.029e+004 1.029e+004 1.025e+004 1.015e+004 1.002e+004 9990 9982 9939 9920 9889 9863 9807 9822 9797 9788
1.068e+004 1.065e+004 1.063e+004 1.059e+004 1.057e+004 1.059e+004 1.061e+004 1.063e+004 1.061e+004 1.058e+004 1.056e+004 1.056e+004 1.056e+004 1.054e+004 1.052e+004 1.05e+004 1.049e+004 1.049e+004 1.048e+004 1.048e+004 1.048e+004 1.048e+004 1.046e+004 1.045e+004 1.045e+004 1.044e+004 1.043e+004 1.041e+004 1.039e+004 1.039e+004 1.039e+004 1.044e+004 1.048e+004 1.05e+004 1.051e+004 1.05e+004 1.05e+004 1.05e+004 1.049e+004 1.047e+004 1.045e+004 1.043e+004 1.041e+004 1.043e+004 1.042e+004 1.04e+004 1.041e+004 1.042e+004 1.038e+004 1.025e+004 1.01e+004 1.005e+004 1.001e+004 1.001e+004 9991 9926 9858 9755 9607 9587 9613 9639
1.066e+004 1.064e+004 1.062e+004 1.059e+004 1.057e+004 1.058e+004 1.061e+004 1.063e+004 1.06e+004 1.055e+004 1.054e+004 1.053e+004 1.052e+004 1.051e+004 1.051e+004 1.051e+004 1.051e+004 1.051e+004 1.05e+004 1.049e+004 1.049e+004 1.047e+004 1.046e+004 1.045e+004 1.045e+004 1.045e+004 1.043e+004 1.041e+004 1.039e+004 1.037e+004 1.04e+004 1.046e+004 1.045e+004 1.047e+004 1.049e+004 1.05e+004 1.05e+004 1.049e+004 1.049e+004 1.047e+004 1.043e+004 1.04e+004 1.039e+004 1.041e+004 1.039e+004 1.044e+004 1.053e+004 1.064e+004 1.049e+004 1.03e+004 1.014e+004 1.007e+004 9989 9933 9915 9910 9935 9722 9541 9488 9514 9553
1.066e+004 1.064e+004 1.062e+004 1.06e+004 1.058e+004 1.059e+004 1.061e+004 1.062e+004 1.059e+004 1.055e+004 1.053e+004 1.052e+004 1.05e+004 1.05e+004 1.051e+004 1.052e+004 1.052e+004 1.053e+004 1.051e+004 1.049e+004 1.048e+004 1.047e+004 1.046e+004 1.045e+004 1.044e+004 1.044e+004 1.043e+004 1.043e+004 1.043e+004 1.042e+004 1.043e+004 1.045e+004 1.046e+004 1.047e+004 1.049e+004 1.05e+004 1.05e+004 1.049e+004 1.048e+004 1.044e+004 1.041e+004 1.04e+004 1.041e+004 1.042e+004 1.038e+004 1.05e+004 1.063e+004 1.065e+004 1.054e+004 1.034e+004 1.017e+004 9974 9926 9846 9813 9803 9751 9639 9538 9453 9444 9476
1.066e+004 1.064e+004 1.062e+004 1.061e+004 1.062e+004 1.062e+004 1.062e+004 1.061e+004 1.058e+004 1.055e+004 1.053e+004 1.052e+004 1.051e+004 1.051e+004 1.052e+004 1.052e+004 1.052e+004 1.052e+004 1.05e+004 1.048e+004 1.047e+004 1.047e+004 1.045e+004 1.044e+004 1.042e+004 1.041e+004 1.041e+004 1.042e+004 1.043e+004 1.044e+004 1.044e+004 1.044e+004 1.046e+004 1.046e+004 1.049e+004 1.05e+004 1.05e+004 1.049e+004 1.048e+004 1.047e+004 1.041e+004 1.039e+004 1.04e+004 1.041e+004 1.047e+004 1.06e+004 1.073e+004 1.081e+004 1.058e+004 1.033e+004 1.009e+004 1e+004 9858 9838 9754 9679 9609 9519 9430 9363 9305 9260
1.065e+004 1.064e+004 1.063e+004 1.063e+004 1.064e+004 1.064e+004 1.062e+004 1.061e+004 1.059e+004 1.056e+004 1.054e+004 1.054e+004 1.054e+004 1.054e+004 1.053e+004 1.051e+004 1.05e+004 1.05e+004 1.05e+004 1.049e+004 1.047e+004 1.046e+004 1.045e+004 1.044e+004 1.044e+004 1.041e+004 1.04e+004 1.043e+004 1.044e+004 1.044e+004 1.044e+004 1.045e+004 1.045e+004 1.047e+004 1.05e+004 1.051e+004 1.051e+004 1.05e+004 1.048e+004 1.05e+004 1.046e+004 1.036e+004 1.039e+004 1.051e+004 1.064e+004 1.07e+004 1.074e+004 1.068e+004 1.054e+004 1.025e+004 9973 9764 9736 9676 9620 9544 9462 9386 9317 9238 9199 9150
1.065e+004 1.063e+004 1.062e+004 1.061e+004 1.06e+004 1.061e+004 1.062e+004 1.061e+004 1.059e+004 1.058e+004 1.057e+004 1.056e+004 1.056e+004 1.055e+004 1.053e+004 1.051e+004 1.049e+004 1.049e+004 1.048e+004 1.047e+004 1.046e+004 1.046e+004 1.045e+004 1.044e+004 1.044e+004 1.045e+004 1.047e+004 1.044e+004 1.044e+004 1.043e+004 1.044e+004 1.046e+004 1.049e+004 1.05e+004 1.051e+004 1.053e+004 1.054e+004 1.054e+004 1.051e+004 1.047e+004 1.047e+004 1.037e+004 1.048e+004 1.068e+004 1.074e+004 1.074e+004 1.072e+004 1.074e+004 1.045e+004 1.013e+004 9871 9746 9658 9581 9507 9436 9347 9284 9268 9228 9166 9124
1.064e+004 1.063e+004 1.061e+004 1.059e+004 1.056e+004 1.057e+004 1.06e+004 1.061e+004 1.06e+004 1.059e+004 1.058e+004 1.058e+004 1.057e+004 1.057e+004 1.054e+004 1.052e+004 1.05e+004 1.048e+004 1.047e+004 1.046e+004 1.045e+004 1.045e+004 1.045e+004 1.044e+004 1.044e+004 1.046e+004 1.047e+004 1.046e+004 1.045e+004 1.045e+004 1.047e+004 1.045e+004 1.047e+004 1.048e+004 1.051e+004 1.053e+004 1.056e+004 1.058e+004 1.054e+004 1.048e+004 1.046e+004 1.045e+004 1.058e+004 1.077e+004 1.091e+004 1.077e+004 1.06e+004 1.039e+004 1.012e+004 9938 9777 9723 9529 9445 9404 9357 9291 9240 9234 9209 9152 9103
1.063e+004 1.061e+004 1.06e+004 1.057e+004 1.056e+004 1.055e+004 1.059e+004 1.06e+004 1.06e+004 1.06e+004 1.059e+004 1.059e+004 1.057e+004 1.056e+004 1.054e+004 1.053e+004 1.052e+004 1.049e+004 1.047e+004 1.045e+004 1.045e+004 1.045e+004 1.044e+004 1.045e+004 1.045e+004 1.046e+004 1.047e+004 1.047e+004 1.047e+004 1.046e+004 1.045e+004 1.043e+004 1.046e+004 1.048e+004 1.05e+004 1.054e+004 1.057e+004 1.061e+004 1.058e+004 1.053e+004 1.052e+004 1.057e+004 1.066e+004 1.079e+004 1.089e+004 1.07e+004 1.042e+004 1.01e+004 9918 9761 9595 9479 9389 9339 9332 9318 9303 9293 9234 9196 9134 9085
1.062e+004 1.061e+004 1.059e+004 1.057e+004 1.056e+004 1.055e+004 1.056e+004 1.058e+004 1.059e+004 1.06e+004 1.06e+004 1.059e+004 1.058e+004 1.056e+004 1.055e+004 1.054e+004 1.052e+004 1.051e+004 1.049e+004 1.046e+004 1.045e+004 1.045e+004 1.045e+004 1.045e+004 1.046e+004 1.046e+004 1.047e+004 1.047e+004 1.047e+004 1.046e+004 1.044e+004 1.042e+004 1.043e+004 1.045e+004 1.049e+004 1.053e+004 1.057e+004 1.058e+004 1.059e+004 1.058e+004 1.057e+004 1.061e+004 1.068e+004 1.074e+004 1.078e+004 1.052e+004 1.023e+004 9973 9799 9603 9449 9375 9338 9311 9320 9318 9307 9287 9235 9158 9117 9076
1.062e+004 1.061e+004 1.059e+004 1.057e+004 1.055e+004 1.054e+004 1.055e+004 1.057e+004 1.058e+004 1.06e+004 1.061e+004 1.06e+004 1.059e+004 1.058e+004 1.056e+004 1.054e+004 1.053e+004 1.051e+004 1.048e+004 1.046e+004 1.046e+004 1.045e+004 1.045e+004 1.044e+004 1.043e+004 1.045e+004 1.046e+004 1.047e+004 1.046e+004 1.045e+004 1.044e+004 1.045e+004 1.046e+004 1.047e+004 1.05e+004 1.053e+004 1.057e+004 1.06e+004 1.061e+004 1.06e+004 1.064e+004 1.066e+004 1.062e+004 1.06e+004 1.051e+004 1.025e+004 1.003e+004 9838 9603 9499 9422 9357 9306 9327 9333 9327 9299 9252 9256 9259 9162 9107
1.063e+004 1.062e+004 1.06e+004 1.059e+004 1.057e+004 1.055e+004 1.055e+004 1.056e+004 1.058e+004 1.059e+004 1.06e+004 1.06e+004 1.06e+004 1.059e+004 1.057e+004 1.054e+004 1.051e+004 1.05e+004 1.047e+004 1.047e+004 1.047e+004 1.047e+004 1.046e+004 1.046e+004 1.045e+004 1.046e+004 1.048e+004 1.047e+004 1.044e+004 1.044e+004 1.046e+004 1.047e+004 1.048e+004 1.048e+004 1.051e+004 1.054e+004 1.058e+004 1.061e+004 1.058e+004 1.067e+004 1.07e+004 1.07e+004 1.065e+004 1.048e+004 1.026e+004 1.001e+004 9861 9710 9564 9515 9473 9337 9336 9363 9363 9363 9346 9308 9348 9344 9277 9215
1.064e+004 1.063e+004 1.061e+004 1.06e+004 1.059e+004 1.057e+004 1.054e+004 1.055e+004 1.057e+004 1.059e+004 1.06e+004 1.06e+004 1.06e+004 1.059e+004 1.058e+004 1.055e+004 1.053e+004 1.053e+004 1.051e+004 1.05e+004 1.049e+004 1.048e+004 1.048e+004 1.047e+004 1.047e+004 1.047e+004 1.046e+004 1.046e+004 1.046e+004 1.046e+004 1.047e+004 1.049e+004 1.049e+004 1.051e+004 1.052e+004 1.053e+004 1.056e+004 1.058e+004 1.059e+004 1.066e+004 1.071e+004 1.071e+004 1.064e+004 1.04e+004 1.01e+004 9854 9771 9652 9531 9494 9435 9314 9306 9352 9369 9379 9415 9490 9507 9492 9444 9361
