real_craters/C139-500m.grd
DSAA
180 180
-44.7475 44.7475
-44.7475 44.7475
2499.8872829882 4549.8231586119
[rows 150 to 179 of 180, columns 67 to 133 of 180]
3785.82 3785.84 3789.41 3798.12 3807.9 3819 3832.66 3850.17 3863.5 3866.6 3874.83 3879.82 3880.15 3889.97 3895.17 3898.45 3885.02 3878.2 3885.24 3895.31 3905.45 3910.49 3913.12 3918.57 3921.19 3916.27 3910.49 3904.02 3896.46 3886.73 3877.36 3870.27 3871 3874.47 3875.57 3870.92 3863.15 3858.68 3853.74 3856.43 3845.48 3832.42 3820.67 3812.08 3796.63 3786.45 3779.92 3777.62 3776.1 3775.02 3777 3778.29 3775.66 3772.93 3771.66 3770.3 3771.04 3770.05 3769.36 3766.54 3765.96 3762.87 3763.08 3768.3 3769.78 3766.77 3766
3785.58 3783.89 3786.54 3793.73 3802.93 3813.62 3826.15 3839.49 3849.5 3857.75 3866.3 3878.86 3888.13 3886.08 3893.9 3890.4 3867.48 3858.74 3869.85 3884.88 3899.81 3910 3911.34 3920.11 3922.66 3917.26 3911.12 3904.94 3898.27 3890.85 3879.91 3869.87 3868.2 3870.23 3871.62 3868.39 3865.67 3859.42 3851.15 3850.1 3840.99 3827.58 3813.2 3799.27 3787.77 3784.33 3780.08 3777.63 3777.34 3776.56 3777.07 3776.94 3773.84 3769.82 3767.83 3764.99 3766.25 3771.86 3776.75 3768.97 3763.97 3762.04 3760.47 3764.73 3767.62 3768.08 3764.96
3785.56 3782.57 3784.26 3790.12 3797.11 3805.91 3815.88 3829.04 3838.18 3839.55 3847.99 3865.26 3875.71 3871.75 3869.56 3870.28 3852.39 3845.76 3858.42 3876.15 3893.44 3904.72 3907.15 3913.94 3917.71 3914.05 3909.03 3903.91 3898.6 3892.11 3881.73 3871.3 3866.98 3865.89 3864.77 3863.77 3861.69 3859.66 3850.24 3846.8 3836.3 3822.23 3806.36 3789.79 3783.12 3781.93 3779.75 3777.95 3777.84 3777.25 3777.92 3778.8 3775.3 3770.74 3767.6 3763.55 3763.25 3766.37 3772.09 3767.14 3765.75 3762.42 3762.52 3764.22 3767.51 3774.16 3775.24
3784.99 3782.99 3783.28 3786.36 3790.74 3795.48 3800.28 3804.36 3816.2 3817.23 3822.97 3838.06 3847.55 3847.63 3844.89 3841.47 3835.9 3835.59 3849.29 3868.84 3888.36 3902.53 3905.19 3909.04 3910.24 3907.72 3903.97 3900.42 3896.29 3889.38 3880.47 3871.13 3865.5 3863.05 3861.36 3859.08 3856.21 3852.9 3847.42 3843.84 3832.3 3818.52 3803.38 3787.35 3780.58 3778.12 3776.53 3777.31 3778.45 3777.5 3779.43 3781.65 3776.92 3773.91 3770.79 3768.76 3765.11 3764.97 3769.62 3769.18 3764.33 3757.97 3757.91 3759.47 3764.7 3776.74 3810.43
3783.17 3781.89 3781.72 3782.91 3784.92 3786.59 3787.11 3787.83 3796.1 3797.84 3800.77 3809.74 3819.5 3824.75 3823.69 3823.09 3821.82 3823.87 3839.8 3863.91 3887.03 3899.91 3899.95 3900.84 3900.41 3898.87 3897.2 3895.58 3893.42 3889.14 3881.12 3871.41 3863.48 3859.8 3856.88 3854.26 3852.6 3849.93 3846.9 3838.33 3828.12 3816.24 3803.97 3792.08 3779.14 3774.99 3774.57 3777.5 3779.93 3781.4 3781.78 3782.84 3779.17 3777.53 3773.43 3769.36 3767.35 3765.07 3767.31 3764.7 3762.09 3761.36 3755.93 3757.01 3762.14 3774.2 3797.94
3780.55 3779.74 3779.31 3779.7 3780.38 3780.83 3780.13 3778.85 3780.06 3782.83 3788.03 3795.61 3803.5 3809.8 3812.38 3817.92 3812.42 3810.48 3830.37 3859.82 3888.78 3904.9 3899.59 3890.73 3888.92 3890.02 3890.58 3890.42 3889.52 3886.42 3880.21 3870.91 3861.74 3855.68 3851.66 3848.65 3846.52 3846.35 3844.12 3833.33 3824.18 3814.83 3805.03 3794.06 3779.8 3778.31 3781.29 3778.62 3780.37 3782.12 3782.52 3782.56 3779.81 3778.16 3775.36 3771.94 3766.88 3762.43 3764.29 3767.23 3767.44 3765.5 3763.16 3760.89 3763.85 3776.96 3791.44
3778.6 3776.6 3777.28 3777.55 3777.68 3777.38 3777.07 3776.43 3773.76 3774.68 3777.98 3784.46 3793.43 3801.5 3809.49 3812.25 3805.55 3804.03 3822.54 3853.64 3888.16 3909.27 3903.21 3885.9 3881.55 3882.46 3883.67 3885.01 3886.5 3887.54 3878.35 3867.23 3860.29 3852.56 3846.7 3842.25 3838.2 3835.28 3837.79 3827.93 3820.1 3812.97 3804.93 3794.5 3781.27 3775.9 3777.23 3777.54 3778.58 3779.81 3782.27 3782.42 3779.92 3777.42 3773.95 3770.37 3766.62 3762.52 3767.14 3789.9 3795.83 3780.84 3775.92 3772.44 3773.53 3784.81 3794.89
3781.66 3778.06 3777.48 3777.03 3776.5 3775.6 3774 3772.55 3771.67 3772.07 3774.41 3780.37 3787.76 3794.9 3800.09 3800.35 3799.28 3800.46 3816.15 3842.63 3871.55 3889.29 3889.3 3879.46 3876.44 3876.63 3877.4 3878.98 3881.11 3884.39 3874.17 3863.14 3857.46 3848.95 3841.81 3835.88 3830.5 3823.65 3826.25 3821.02 3815 3810.85 3805.99 3796.36 3782.59 3774.36 3775.24 3775.61 3776.35 3777.1 3778.27 3779.19 3777.02 3775.38 3770.67 3766.79 3764.06 3764.44 3778.52 3801.81 3809.13 3795.69 3793.23 3789.71 3790.32 3801.98 3808.75
3788.09 3781.96 3779.02 3777.6 3776.52 3775.44 3773.96 3772.86 3772.31 3772.27 3774.36 3778.83 3785.05 3790.39 3794.05 3796.36 3798.71 3803.68 3814.01 3828.19 3843.66 3864.58 3877.47 3874.77 3872.28 3871.03 3870.46 3871.63 3874.68 3872.74 3866.01 3857.86 3853.49 3844.79 3837.12 3830.06 3823.83 3818.68 3817.45 3809.62 3810.1 3808.95 3806.42 3798.77 3786.02 3778.62 3775.68 3773.78 3774.35 3775.43 3776.14 3777.17 3776.84 3774.38 3769.59 3765.99 3764.25 3764.47 3777.09 3791.24 3797.74 3807.79 3804.09 3804.78 3814.6 3819.06 3828.02
3783.02 3782.24 3779.61 3778.17 3776.97 3776.18 3775.89 3775.32 3775.31 3777.01 3775.76 3780.72 3784.44 3787.83 3790.17 3792.18 3799.96 3805.72 3810.71 3814.64 3821.82 3844.44 3865.93 3867.92 3867.1 3865.19 3863.56 3862.08 3860.81 3864.24 3858.26 3854.16 3847.41 3839.63 3832.23 3825.33 3818.92 3818.56 3817.49 3812.53 3808.81 3806.45 3803.15 3797.46 3789.4 3782.79 3775.57 3772.43 3772.9 3774.4 3775.39 3776.47 3775.97 3774.81 3771.24 3766.2 3763.89 3765.83 3775.33 3785.82 3792.58 3794.27 3798.96 3803.94 3813.72 3812 3803.95
3774.58 3777.36 3778.28 3778.02 3777.34 3776.92 3776.74 3776.79 3777.37 3778.35 3778.45 3782.75 3784.45 3787.48 3790.7 3794.42 3802.85 3805.17 3806.49 3804.01 3804.12 3825.25 3850.98 3860.38 3860.28 3858.55 3856.37 3853.71 3852.72 3857.55 3858.83 3852.5 3840.94 3833.78 3827.69 3821.99 3817.8 3814.81 3814.89 3810.8 3807.22 3804.21 3801.19 3797.25 3792.05 3783.68 3776.24 3771.71 3771.65 3773.12 3773.52 3775.75 3777.67 3775.53 3772.77 3768.29 3767.68 3767.34 3772.02 3779.7 3786.52 3789.73 3788.47 3789.98 3789.11 3788.73 3783.55
3773.62 3776.92 3777.79 3777.69 3777.28 3776.93 3777.83 3777.72 3778.33 3779.04 3779.27 3780.17 3783.24 3787.75 3793.36 3802.17 3803.72 3802.25 3801.52 3797.7 3797.5 3809.4 3828.88 3846.24 3853.25 3854.29 3853.47 3851.79 3853.04 3867.05 3872.24 3857.59 3840.1 3830.55 3824.47 3819.5 3815.14 3813.29 3811.92 3808.59 3804.32 3801.82 3801.24 3798.05 3795 3789.53 3778.2 3771.05 3771.02 3772.19 3774.12 3774.78 3777.13 3775.3 3773.37 3772.65 3773.95 3773.74 3773.02 3775.81 3781.02 3780.75 3778.01 3775.8 3771.33 3771.91 3775.69
3776.5 3778.37 3778.65 3778.69 3778.23 3776.97 3775.16 3778.03 3779.62 3780.37 3781.07 3777.09 3782.39 3787.65 3792.69 3796.22 3798.88 3798.1 3795.72 3796.23 3798.28 3808.12 3821.96 3839.46 3848.61 3852.32 3852.87 3854.41 3863.58 3882.28 3892.13 3862.2 3837.68 3826.93 3822.99 3819.69 3814.18 3811.58 3811.69 3804.73 3798.87 3797.09 3797.09 3797.13 3796.53 3791.31 3782.2 3776.44 3771.56 3770.91 3775.69 3773.94 3775.15 3776.1 3776.52 3778.56 3775.8 3774.12 3772.95 3773.1 3772.4 3771.13 3769.74 3768.03 3764.95 3766.42 3772.42
3779.05 3778.96 3779.83 3780.04 3780.06 3779.75 3779.68 3780.95 3782.47 3783.75 3784.87 3782.09 3784.5 3788.5 3792.32 3794.56 3797.31 3796.93 3795 3799.54 3803.6 3804.49 3817.85 3838.93 3846.7 3851.29 3854.27 3857.17 3870.75 3882.09 3881.38 3856.92 3831.03 3824.9 3824.26 3825.34 3823.42 3815.71 3812.52 3803.56 3795.56 3794.79 3794.83 3794.79 3796.62 3793.42 3784.81 3775.97 3771.77 3770.16 3776.8 3775.49 3775.4 3777.69 3778.84 3777.48 3775.27 3773.38 3772.27 3769.82 3764.03 3762.58 3763.65 3763.92 3764.74 3766.5 3770.71
3784.18 3781.89 3781.97 3782.45 3782.81 3783.09 3784.29 3785.76 3787.12 3787.81 3790.56 3788.37 3788.42 3791.02 3794.1 3796.83 3799.46 3798.39 3797.81 3806.44 3809.31 3802.65 3811.03 3834.73 3843.77 3850.19 3855.67 3861.25 3869.39 3866.29 3860.26 3845.8 3833.32 3824.97 3827.84 3831.54 3829.65 3823.05 3815.67 3809.41 3803.63 3797.7 3792.76 3792.37 3793.01 3791.57 3785.78 3777.13 3772.72 3770.64 3773.89 3773.37 3774.08 3777.1 3778.39 3776.5 3773.39 3772.57 3771.78 3771.27 3771.66 3762.64 3761.31 3763.25 3765.4 3767.81 3772.22
3787.45 3785.19 3784.34 3784.63 3785.39 3786.58 3788.58 3790.69 3793.07 3794.74 3797.88 3793.66 3792.8 3794.84 3797.17 3799.34 3800.05 3799.8 3799.76 3809.65 3810.68 3799.09 3805.35 3825.84 3838.48 3846.55 3853.07 3857.54 3849.43 3842.26 3833.02 3834.09 3834.16 3829.38 3833.33 3840.51 3837.71 3827.03 3820.35 3817.44 3815.08 3805.67 3797.17 3791.03 3783.98 3785.22 3784.44 3779.87 3774.79 3770.77 3770.34 3768.73 3769.62 3772.06 3774.23 3773.28 3772.21 3773.01 3770.17 3768.82 3768.59 3761.58 3761.19 3764.95 3768.8 3771.31 3774.49
3783.88 3785.24 3785.99 3787.5 3788.76 3789.27 3792.03 3795.94 3799.64 3803.22 3804.92 3799.55 3798.68 3800.15 3801.34 3801.98 3802.96 3802.84 3799.22 3800.55 3800.57 3796.28 3804.32 3821.64 3834.53 3840.36 3843.7 3846.29 3824.37 3822.5 3822.37 3828.88 3837.86 3835.87 3836.7 3844.55 3842.8 3832.07 3823.6 3822.25 3822.7 3814.25 3803.09 3793.13 3786.8 3784.48 3784.09 3781.02 3776.3 3771.9 3768.53 3766.84 3765.17 3765.96 3768.24 3768.61 3766.67 3768.19 3766.44 3763.42 3763.42 3760.06 3762.82 3768.82 3775.14 3782.82 3779.83
3779.65 3783.29 3788.52 3791.13 3792.98 3795.42 3797.68 3801.26 3805.48 3809.28 3808.06 3806.72 3806.76 3807.02 3807.24 3806.17 3803.84 3804.97 3801.3 3799.86 3798.59 3796.69 3806.47 3827.59 3833.68 3832.35 3828.05 3819.01 3807.14 3810.54 3815.54 3826.71 3840.03 3838.13 3840.08 3845.21 3849.63 3844.73 3832.29 3830.19 3828.84 3820.91 3807.45 3795.83 3784.4 3786.06 3785.09 3781.67 3776.52 3771.24 3767.25 3764.47 3763.61 3764.03 3764.5 3765.99 3765.07 3765.06 3764.89 3762.83 3761.71 3762.57 3767.75 3773.08 3778.69 3783.86 3781.43
3784.47 3791.47 3794.58 3795.85 3796.95 3798.47 3801.91 3805.74 3810.03 3813.84 3812.47 3812.6 3813.83 3813.86 3815.01 3814.91 3811.73 3806.7 3807.73 3807.72 3803.75 3798.03 3806.68 3826.87 3830.76 3824.57 3814.4 3803.58 3801.76 3807.15 3813.96 3822.79 3837.84 3844.55 3843.66 3860.58 3863.56 3859.74 3853.14 3843.47 3830.55 3816.4 3806.12 3797.23 3791.66 3789.53 3788.4 3782.7 3777.38 3773.52 3768.73 3767.09 3764.07 3763.62 3764.34 3767.15 3772.29 3769.78 3767.08 3765.11 3766.95 3770.98 3774.29 3776.51 3778.99 3780 3779.49
3791.99 3797.74 3800.08 3800.54 3800.82 3801.43 3805.21 3809.35 3812.87 3814.91 3813.81 3813.63 3815.68 3819.32 3823.87 3828.16 3829.01 3820.93 3821.49 3820.39 3807.88 3800.49 3808.1 3824.09 3828.5 3820.65 3808.2 3799.44 3803.83 3809.54 3815.12 3813.96 3815.14 3821.4 3827.25 3853.53 3866.95 3865.78 3856.18 3842.47 3826.61 3813.83 3805.17 3797.83 3792.88 3793.01 3791.86 3786.54 3780.88 3776.28 3771.65 3768.69 3765.15 3765.05 3770.7 3772.2 3775.43 3774.18 3771.71 3768.98 3770.54 3772.38 3776.47 3777.58 3779.23 3779.9 3780.48
3794.35 3800.86 3803.64 3804 3804.61 3806.14 3809.08 3812.45 3815.41 3817.14 3815.26 3814.74 3817 3823.92 3831.89 3841.24 3852.99 3847.95 3839.16 3831.43 3815.88 3803.53 3811.05 3826.31 3830.89 3822.66 3810.25 3806.46 3811.56 3815.9 3818.43 3812.36 3799.28 3795.2 3803.49 3826.91 3855.22 3855.26 3844.45 3832.81 3820.44 3810.64 3805.99 3802.85 3800.13 3797.86 3796.26 3790.94 3784.14 3778.77 3773.41 3777.16 3773 3771.12 3775.58 3774.75 3775.53 3776.03 3776.47 3776.93 3776.68 3774.13 3774.25 3777.32 3779.8 3782.25 3782.85
3793.6 3800.26 3803.96 3805.82 3808.06 3809.95 3812.74 3815.23 3817.59 3819.93 3817.82 3817.34 3820.59 3828.28 3836.39 3845.83 3856.05 3861.43 3850.23 3838.07 3817.89 3806.34 3816.01 3832.4 3838.25 3829.23 3817.54 3818.47 3821.44 3823.56 3824.29 3816.88 3799 3786.5 3785.13 3800.63 3817.29 3828.68 3830.34 3826.67 3820.39 3811.55 3807.75 3805.52 3803.99 3802.42 3800.47 3795.59 3790.31 3784.7 3777.23 3784.16 3784.92 3780.33 3778.18 3781.28 3778.97 3777.1 3775.38 3779.13 3779.51 3778.4 3777.51 3778.09 3780.03 3781.52 3781.8
3792.24 3798.53 3800.83 3806.52 3812.06 3815.45 3816.3 3817.37 3818.32 3818.45 3818 3819.96 3826.71 3832.29 3837.26 3842.25 3844.89 3843.44 3839.71 3827.2 3813.76 3809.46 3823.12 3840.96 3848.41 3837.82 3824.75 3829.02 3829.11 3831.06 3832.09 3827.13 3806.14 3788.16 3780.88 3783.77 3788.78 3806.14 3817.57 3822.54 3822.49 3813.54 3810.2 3809.13 3807.63 3806.35 3804.67 3800.22 3793.57 3790.28 3788.28 3789.57 3789.86 3786.08 3782.77 3784.22 3781.16 3778.52 3775.56 3774.81 3777.84 3778.16 3777.78 3779.25 3780.36 3781.42 3782.51
3796.12 3802.6 3802.35 3807.55 3814.66 3818.52 3818.54 3818.91 3819.23 3819.05 3819.79 3822.83 3831.06 3833.73 3835.58 3837.1 3836.99 3831.88 3828.74 3822.92 3815.24 3814.5 3830.45 3850.32 3860.13 3847.02 3829.59 3828.98 3831.39 3834.49 3837.33 3833.72 3816.52 3793.73 3781.58 3779.95 3783.24 3795.51 3808.31 3816.75 3818.45 3818.48 3813.03 3809.72 3810.43 3810.61 3809.12 3805.79 3801.58 3796.4 3791.82 3788.67 3789.38 3789.59 3787.56 3783.66 3782.87 3780.5 3778.79 3777.73 3777.73 3778.17 3779.42 3779.82 3780.84 3782.17 3783.08
3801.26 3806.69 3804.81 3808.75 3814.1 3817.6 3818.8 3819.55 3820.51 3821.21 3821.29 3822.8 3826.7 3829.9 3832.05 3832.64 3832.15 3830.5 3829.62 3827.02 3819.6 3819.67 3835.07 3855.32 3877.93 3850.67 3831.06 3826.43 3831.04 3834.42 3837.98 3847.15 3830.27 3799.38 3786.8 3780.34 3782.1 3791.17 3802.41 3812.71 3813 3812.13 3813.05 3812.91 3814.9 3816.14 3817 3819.33 3813.32 3805.85 3799.77 3793.48 3790.08 3791.26 3790.78 3786.86 3784.13 3782.66 3781.02 3777.49 3779.35 3779.93 3778.73 3779.8 3781.83 3783.92 3787.07
3804.93 3808.92 3808.18 3810.6 3815.75 3817.03 3817.75 3818.95 3820.76 3822.25 3822.78 3824.29 3825.86 3828.04 3829.7 3829.67 3828.49 3827.16 3828.47 3829.34 3820.7 3824.05 3836.05 3847.69 3847.63 3842.95 3831.67 3828.83 3832.47 3834.26 3830.1 3826.16 3816.88 3800.03 3785.06 3776.4 3779.26 3789.21 3798.58 3805.16 3808.07 3809.37 3813.14 3817.43 3820.23 3822.04 3823.69 3823.71 3822.26 3817.11 3808.68 3800.59 3796.51 3790.46 3790.35 3786.77 3786.33 3785.76 3783.58 3781.8 3783.37 3784.51 3783.68 3782.7 3784.16 3785.33 3786.22
3807.05 3810.93 3812.44 3812.61 3812.39 3814.17 3815.61 3817.16 3819.16 3821.46 3823.59 3825.85 3828.23 3829.36 3829.23 3828 3825.89 3822.78 3823.97 3827.25 3825.65 3830.53 3836.18 3842.25 3845.46 3842.55 3836.36 3836.55 3838.19 3838.56 3832.65 3815.75 3801.02 3796.18 3788.07 3779.63 3782.19 3790.13 3798.37 3804.45 3806.71 3809.35 3816.14 3823.07 3825.12 3827 3829.21 3833.51 3836.32 3823.85 3812.24 3803.25 3794.83 3785.8 3788.36 3794.9 3794.22 3790.81 3787.28 3787.88 3790.14 3791.46 3791.08 3788.35 3788.93 3788.2 3786.66
3808.45 3812.02 3813.08 3811.54 3810.1 3811.6 3813.45 3814.9 3816.29 3819.36 3823.38 3827.32 3830.16 3831.61 3829.01 3826.76 3825.27 3824.85 3826.94 3830.03 3831.33 3833.88 3835.4 3839.05 3845.56 3847.66 3847.5 3845.82 3844.23 3844.47 3844.46 3820.79 3796.33 3798.83 3797.26 3786.82 3788.96 3793.36 3799.9 3807.33 3811.33 3812.74 3819.77 3827.5 3829.31 3831.51 3833.33 3834.88 3839.12 3830.98 3815.91 3806.23 3788.96 3781.43 3788.84 3803.94 3802.29 3797.92 3794.8 3798.06 3800.16 3800.98 3798.71 3798.65 3797.42 3795.12 3792.92
3809.72 3811.78 3812.18 3810.81 3808.94 3811.08 3812.52 3813.56 3814.8 3818.13 3822.54 3826.96 3829 3829.15 3826.48 3825.33 3825.41 3826.72 3829.92 3834.17 3832.21 3831.98 3831.78 3832.7 3835.26 3846.45 3853.21 3848.27 3844.65 3842.73 3840.03 3817.08 3795.82 3796.97 3795.93 3792.32 3791.94 3795.15 3801.13 3807.7 3813.5 3814.41 3818.68 3826.34 3831.11 3835.06 3837.66 3838.48 3841.13 3841.5 3822.15 3806.27 3786.47 3783.19 3786.88 3801.12 3807.36 3808.16 3807.12 3810.78 3813.34 3814.38 3814.01 3812.61 3809.17 3805.58 3801.13
3810.71 3812.58 3813.53 3813.11 3813.43 3813.37 3813.14 3813.04 3814.03 3817.22 3821.49 3824.59 3824.94 3822.77 3822.15 3822.93 3824.33 3826.34 3827.79 3828.21 3829.91 3828.7 3827.41 3825.87 3824.66 3835.4 3847.62 3842.68 3838.73 3834.1 3823.69 3807.61 3791.08 3797.29 3798.62 3797.1 3792.8 3796.03 3801.07 3808.07 3813.81 3816.71 3820.62 3825.35 3831.85 3838.04 3842.64 3844.15 3839.58 3827.19 3821.96 3810.68 3793.97 3791.16 3793.1 3804.26 3814.99 3822.57 3826.2 3826.5 3829.11 3830.43 3829.39 3826.25 3822.98 3819.39 3817.84
