real_craters/C139-500m.grd
DSAA
180 180
-44.7475 44.7475
-44.7475 44.7475
2499.8872829882 4549.8231586119
[rows 90 to 119 of 180, columns 0 to 66 of 180]
3734.75 3734.09 3737.38 3740.25 3739.77 3741.94 3745.17 3747.64 3750.61 3754.07 3761.61 3771.11 3775.29 3778.4 3772.84 3763.75 3762.01 3772.01 3785.36 3808.79 3829.93 3844.75 3851.34 3854.86 3853.91 3843.03 3829.21 3826.12 3822.3 3811.61 3816.86 3818.42 3819.19 3821.47 3828.49 3821.39 3815.26 3814.73 3813.3 3822.66 3829.83 3831.42 3834.32 3827.51 3826 3825.28 3834.55 3841.52 3839.64 3837.2 3850.85 3864.55 3869.76 3873.62 3885.8 3915.24 3898.6 3904.65 3931.92 3977.86 4033.63 4096.53 4156.76 4256.97 4270.76 4156.73 3978.04
3736.56 3735.11 3738.15 3740.43 3739.21 3745.44 3749.79 3751.97 3753.51 3755.79 3759.95 3761.59 3761.92 3761.35 3762 3762.32 3765.83 3778.81 3789.07 3815.04 3840.28 3856.07 3856.79 3851.19 3843.31 3840.78 3835.56 3829.02 3820.98 3814.92 3814.17 3814.89 3815.04 3814.55 3813.89 3817.1 3817.46 3814.04 3812.21 3814.26 3819.3 3824.61 3816.76 3822.52 3826.51 3840.33 3855.91 3845.09 3839.26 3834.49 3838.63 3857.12 3866.9 3869.15 3873.91 3894.16 3909.84 3902.32 3927.61 3968.27 4017.95 4076.62 4152.06 4275.2 4283.78 4140.66 3957.98
3737.36 3738.38 3742.82 3745.35 3748.89 3755.05 3757.58 3757.33 3756.05 3754.75 3752.73 3751.8 3751.4 3751.36 3755.01 3759.53 3764.23 3771.36 3786.04 3817.03 3840.54 3857.59 3854.46 3845.39 3837.77 3837.92 3839.01 3831.73 3823.15 3818.39 3815.91 3814.2 3812.52 3810.38 3809.96 3815.02 3818.18 3815.8 3811.36 3812.65 3818.7 3813.64 3814.14 3818.71 3819.93 3824.65 3845.57 3839.99 3839.78 3842.34 3838.94 3854.07 3863.66 3868.65 3875.94 3890.57 3906.7 3900.23 3922.54 3958.05 4003.67 4059.96 4142.29 4274.08 4271.89 4124.43 3937.62
3747.13 3748.88 3754.74 3764.66 3770.79 3772 3768.48 3764.06 3759.33 3754.67 3749.55 3749.48 3749.63 3750.34 3753.48 3758.49 3763.54 3769.98 3785.57 3817.73 3833.77 3840.77 3840.66 3839.77 3837.86 3835.6 3831.61 3826.86 3823.64 3820.47 3818.26 3815.63 3812.46 3809.79 3809.93 3815.16 3819.44 3817 3813.61 3811.45 3813.32 3817.68 3822.03 3822.77 3823.67 3825.04 3829.16 3831.91 3839.81 3848.72 3846.54 3851.8 3858.66 3863.29 3867.24 3886.4 3891.88 3894.61 3916.85 3949.51 3991.66 4045.85 4130.13 4250.91 4233.88 4102.35 3928.08
3753.86 3757.34 3768.45 3792.16 3803.79 3789.8 3778.97 3770.17 3762.89 3756.91 3753.18 3751.24 3751.49 3752.38 3754.89 3760.54 3767.43 3775.93 3783.38 3809.2 3825.24 3824.08 3826.42 3833.47 3836.06 3835.06 3828.81 3823.6 3824.29 3825.62 3824.17 3817.93 3813.96 3812.46 3814.32 3818.1 3818.55 3819.82 3817.69 3818.03 3816.21 3817.1 3820.99 3826.34 3836.28 3837.07 3829.66 3832.1 3839.02 3845.84 3850.2 3854.8 3854.56 3856.47 3858.22 3894.33 3900.2 3891.95 3913.88 3944.18 3983.8 4035.81 4118.87 4215.03 4197.28 4087.34 3934.53
3743.94 3757.14 3772.07 3795.52 3806.59 3795.39 3784.34 3774.43 3765.79 3758.66 3752.87 3752.11 3755.38 3756.69 3757.51 3762.42 3768.99 3774.31 3778.95 3805.45 3820.44 3821.11 3826.38 3839.32 3843.54 3840.52 3832.27 3824.52 3826.83 3825.81 3822.45 3818.76 3815.56 3813 3816.32 3824.4 3829.95 3824.26 3819.61 3812.71 3815.67 3812.39 3817.13 3824.58 3831.52 3834.55 3832.68 3834.82 3837.91 3841.12 3847.79 3850.3 3850.45 3855.66 3871.99 3913.47 3912.9 3898.71 3915.2 3942.34 3978.7 4027.63 4111.59 4193.63 4176.99 4087.92 3953.05
3747.68 3758.6 3768.06 3780.4 3789.74 3789.64 3782.52 3774.24 3765.96 3758.66 3752.38 3751.86 3755.73 3754.12 3758.4 3763.24 3768.02 3770.46 3776.57 3799.04 3817.39 3819.66 3828.08 3853.5 3857.89 3849.64 3842.47 3839 3832.76 3827.12 3822.15 3821.07 3819.25 3817.7 3821.13 3826.01 3827.91 3827.34 3822.66 3818.65 3818.68 3814.89 3818.38 3821.51 3823.53 3828.91 3834 3836.62 3836.28 3840.93 3845.18 3844.17 3845.4 3848.5 3871.44 3924.6 3923.54 3910.92 3919.83 3944.62 3977.46 4023.28 4113.57 4197.07 4177.07 4102.28 3987.74
3752.5 3764.11 3772.95 3779.54 3784.48 3784.15 3779.22 3772.55 3765.68 3759.19 3753.75 3753.55 3756.2 3757.3 3759.76 3763.77 3768.47 3771.75 3771.78 3787.78 3807.87 3814.94 3827.96 3855.02 3859.97 3853.36 3847.69 3844.85 3837.27 3832.39 3829.89 3826.43 3824.32 3824.46 3828.69 3837.02 3837.52 3831.58 3826.19 3821.84 3820.25 3819.62 3821.32 3821.31 3822.19 3827.68 3833.78 3834.5 3835.5 3841.52 3840.12 3838.81 3844.88 3854.32 3865.11 3920.29 3924.52 3915.81 3928.36 3955.89 3980.86 4021.37 4115.5 4194.19 4181.08 4119.68 4013.67
3762.59 3769.24 3783.23 3791.85 3784.99 3780.12 3775.45 3770.42 3765.02 3759.9 3756.2 3757.71 3766.46 3760.73 3760.38 3763.59 3768.51 3771.93 3771.2 3774.78 3787.88 3806.25 3828.64 3841.41 3850.26 3849.69 3846.32 3844.08 3838.69 3835.3 3833.45 3831.26 3829.22 3828.59 3833 3836.13 3837.94 3834.37 3829.32 3824.54 3822.29 3823.24 3824.44 3823.87 3823.86 3828.87 3834.66 3838.37 3837.27 3842.16 3840.2 3840.7 3848.08 3853.6 3861.61 3898.49 3911.86 3936.12 3980.56 3979.22 3985.17 4018.61 4111.92 4186.11 4184.63 4129.28 4017.54
3768.23 3765.99 3764.94 3769.78 3773.83 3773.93 3771.81 3768.52 3764.53 3760.74 3758.12 3759.73 3762.9 3758.23 3759 3762.3 3765.71 3768.13 3772.27 3770.7 3772.46 3793.67 3817.66 3834.79 3841.41 3842.95 3841.1 3837.32 3835.52 3834.22 3835.41 3831.9 3831.76 3835.4 3838.23 3840.29 3839.43 3836.4 3831.86 3827.55 3824.61 3825.15 3827.49 3828.86 3828.93 3832.39 3835.24 3837.96 3842.77 3846.61 3850.78 3851.11 3846.61 3846.48 3855.98 3892.78 3912.99 3983.15 4008.75 3991.75 3982.08 4004.58 4105.36 4181.75 4195.67 4152.73 4026.26
3769.98 3764.49 3759.68 3758.86 3765.29 3768.36 3768.13 3765.76 3762.83 3760.22 3757.54 3755.72 3757.27 3751.92 3755.66 3760.6 3763.94 3764.8 3765.08 3766.01 3764.5 3780.78 3805.1 3829.04 3832.02 3833.94 3834.38 3834.7 3832.91 3830.25 3825.79 3824.86 3829.3 3834.44 3840.51 3846.6 3842.9 3837.37 3832.99 3829.75 3826.05 3827.26 3831.31 3835.17 3837.34 3836.21 3836.2 3838.35 3849.87 3853.44 3853.07 3852.82 3845.33 3846.49 3853.29 3864.38 3901.7 3972.53 3992.29 3978.51 3968.6 3995.93 4089.54 4169.75 4212.57 4212.96 4083.34
3773.76 3767.8 3762.78 3760.69 3765.61 3767.94 3767.51 3765.83 3763.76 3760.93 3757.96 3754.34 3753.44 3751.13 3754.41 3759.88 3765.72 3765.65 3763.85 3766.61 3762.43 3769.31 3780.76 3798.61 3814.79 3823.46 3828.96 3831.21 3832.4 3829.7 3823.47 3822.04 3826.9 3831.94 3835.87 3846.06 3838.99 3835.08 3832.44 3831.03 3830.59 3832.82 3834.97 3838.69 3840.42 3838.1 3836.23 3836.63 3845.3 3850.68 3855.77 3859.06 3858.22 3860.12 3864.18 3868.47 3889.66 3913.21 3942.13 3951.49 3945.82 3968.17 4043.8 4128.41 4204.58 4261.69 4166.01
3777.05 3776.5 3774.85 3773.45 3773.38 3772.29 3770.19 3767.99 3765.36 3762.94 3760.04 3758.1 3757.9 3752.65 3754 3758.24 3763.9 3764.16 3759.63 3760.41 3760.07 3762.8 3770.02 3782.37 3799.99 3813.48 3824.3 3833.64 3839.11 3833.4 3825.99 3821.27 3824.65 3826.54 3825.82 3822.64 3828.56 3829.77 3830.06 3829.92 3832.03 3832.36 3835.01 3838.09 3839.68 3837.94 3835.87 3834.12 3835.03 3843.1 3851.37 3860.66 3859.89 3864.71 3876.18 3887.85 3887.26 3890.58 3920.7 3930.72 3925.72 3943.06 3996.08 4075.09 4151.91 4195.1 4184.5
3781.2 3790.65 3794.59 3789.93 3782.61 3778.03 3775.02 3772.18 3769.29 3765.5 3762.06 3760.37 3759.75 3752.95 3752.88 3755.27 3757.21 3759.48 3759.16 3761.58 3760.68 3764.85 3772.4 3779.69 3792.44 3806.06 3819.59 3831.35 3839.54 3837 3831.45 3823.57 3827.61 3826.78 3824.22 3822.53 3825.98 3827.68 3826.74 3825.2 3825.58 3830.81 3831.57 3834.59 3837.28 3838.18 3838.02 3835.4 3835.54 3849.2 3863.87 3868.89 3870.14 3873.31 3882.22 3890.7 3887.38 3886.66 3903.9 3913.8 3908.88 3920.97 3957.43 4022.06 4085.84 4129.47 4145.14
3774.99 3789.27 3797.28 3795.63 3788.13 3783.47 3779.97 3776.52 3772.43 3768.66 3763.97 3758.76 3755.79 3752.5 3751.8 3753.86 3755.39 3758.7 3761.69 3764.1 3765.11 3772.38 3778.19 3778.75 3785.3 3798.69 3813.37 3826.87 3834.73 3839.48 3839.26 3840.3 3832.63 3830.72 3828.93 3827.51 3830.01 3829.54 3826.82 3823.35 3824.32 3825.37 3829.26 3830.99 3835.3 3839.1 3842.45 3849.14 3861.23 3868.15 3874.15 3878.85 3886.05 3885.22 3891.58 3899.03 3890.65 3884.99 3891.78 3901.93 3896.85 3902.33 3925.11 3975.75 4024.98 4062.33 4109.85
3773.37 3779.81 3782.39 3786.93 3788.11 3786.3 3783.56 3780.31 3776.52 3772.7 3767.49 3760.21 3753.55 3750.83 3751.61 3754.87 3759.1 3761.1 3761.6 3761.03 3761.62 3766.83 3770.87 3769.09 3776.82 3791.23 3806.58 3822.55 3838.43 3839.88 3838.12 3841.42 3840.98 3840.92 3844.84 3842.6 3837.76 3832.7 3828.56 3823.97 3830.2 3831.88 3834.9 3841.58 3839.55 3839.02 3843.2 3853.56 3862.9 3872.51 3873.6 3876.03 3879.47 3877.38 3893.88 3902.25 3894.13 3888.37 3886.36 3891.91 3901.28 3897.85 3905.71 3942.58 3980.84 4019.33 4082.56
3775.15 3782.16 3781.57 3786.52 3790.08 3789.3 3787.32 3784.05 3780.92 3777.38 3772.96 3766.51 3755.3 3751.72 3752.76 3755.99 3760.33 3763.46 3762.3 3758.79 3756.49 3758.68 3761.73 3763.26 3770.98 3783.56 3797.19 3811.77 3826.84 3827.39 3824.23 3826.52 3833.99 3843.53 3857.82 3855.9 3842.86 3833.65 3829.5 3830.37 3829.76 3830.83 3831.73 3837.92 3834.88 3833.14 3834.84 3840.77 3852.67 3859.29 3863 3864.21 3862.56 3862.99 3892.08 3893.34 3892.29 3891.57 3893.22 3888.03 3894.23 3892.77 3899.69 3920.95 3948.74 3981.53 4043.95
3777.57 3792.59 3796.39 3796.46 3795.58 3793.43 3790.71 3788.18 3784.86 3782.3 3779.16 3775.2 3759.06 3754.2 3754.61 3758.35 3762.27 3767.14 3765.61 3761.54 3760.88 3764.97 3769.8 3765.5 3768.44 3776.09 3785.24 3793.49 3797.96 3798.77 3800.14 3800.26 3808.24 3828.28 3848.55 3848.25 3836.36 3827.22 3821.84 3822.81 3813.06 3805.21 3806.2 3811.42 3818.43 3822.72 3824.63 3820.63 3832.14 3844.01 3853.14 3857.41 3856.56 3854.07 3874.23 3883.89 3886.74 3887.86 3887.09 3885.13 3880.62 3880.21 3887.91 3905.98 3921.63 3938.07 3991.81
3775.95 3800.86 3818.32 3804.83 3799.13 3795.25 3793.47 3790.95 3788.1 3785.36 3782.66 3777.97 3765.71 3761.36 3763.44 3764.46 3769.17 3779.7 3772.7 3767.43 3767.01 3763.3 3764.03 3762.8 3764.23 3770 3774.94 3777.28 3775.79 3775.59 3779.71 3780.7 3787.98 3803.9 3816.81 3823.23 3819.78 3813.83 3806.01 3794.63 3787.32 3787.52 3787.52 3793.26 3806.1 3814.63 3821.65 3829.5 3834.81 3843.69 3851.14 3856.07 3857.14 3858.43 3877.1 3877.57 3881.65 3883.36 3883.7 3884.76 3880.19 3873.97 3881.45 3900.13 3915.22 3910.33 3948.11
3771.99 3791.49 3798.22 3800.33 3797.66 3795.48 3793.14 3792.18 3790.58 3787.8 3784.39 3778.83 3769.37 3766.58 3765.64 3767.12 3769.94 3772.26 3771.65 3767.06 3765.4 3762.21 3763.31 3763.61 3764.63 3767.07 3769.32 3768.98 3765.9 3765.03 3768.47 3771.98 3776.57 3783.76 3784.7 3796.74 3802.34 3800.83 3794.95 3785.24 3784.71 3787.34 3792.74 3795.43 3803.17 3810.98 3819.85 3835.61 3844.63 3855.3 3853.61 3855.97 3862.04 3867.98 3868.45 3873.91 3877.69 3879.42 3879.47 3880.87 3879.2 3873.9 3881.7 3898.01 3907.67 3894.68 3920.51
3767.69 3788.68 3792.44 3793.08 3793.12 3793.18 3792.7 3792.36 3792.25 3790.34 3786.09 3779.05 3773.63 3772.31 3771.67 3771.88 3772.33 3771.98 3771.76 3770.79 3770.01 3765.33 3767.52 3767.68 3765.5 3767.12 3767.04 3765.03 3761.51 3758.48 3765.46 3771.73 3776.09 3777.9 3780.12 3786.04 3791.4 3792.81 3791.18 3790.36 3791.02 3792.88 3806.39 3802.57 3805.23 3810.12 3814.76 3819.45 3840.29 3848.76 3851.04 3855.96 3861.11 3863.87 3872.38 3874.42 3875.05 3876.42 3878.09 3880.27 3876.11 3870.53 3879.94 3896.01 3904.38 3900.96 3911.85
3759.33 3774.44 3780.56 3783.78 3786.83 3789.41 3790.63 3792.82 3793.27 3793.6 3791.57 3786.65 3783.79 3784.62 3786.5 3788.23 3784.18 3780 3776.68 3772.53 3771.37 3772.35 3778.32 3777.54 3774.01 3770.95 3768.47 3766.37 3764.56 3763.95 3768.4 3774.27 3778.25 3776.08 3777.78 3782.14 3786.47 3789 3790.36 3791.65 3794.58 3798.23 3801.89 3804.32 3807.7 3812.25 3815.98 3819.62 3834.84 3844.44 3847.27 3850.84 3851.2 3853.51 3871.04 3871.12 3870.58 3871.88 3874.51 3876.57 3875.45 3875.05 3881.06 3893.49 3908.78 3912.23 3910.98
3752.28 3760.71 3766.72 3773.91 3779.79 3784.69 3788.57 3791.14 3794 3796.96 3798.54 3795.75 3795.96 3799.55 3800.33 3801.87 3798.05 3791.27 3787.34 3782.79 3782.37 3787.24 3797.26 3789.42 3783.25 3775.52 3770.69 3768.85 3769.51 3773.46 3772.53 3772.43 3772.76 3775.49 3777.72 3781.74 3785.39 3788.58 3792.08 3796.38 3801.51 3802.14 3801.28 3804.95 3810.1 3816.7 3824.79 3834.13 3836.33 3839.9 3844.68 3845.74 3845.66 3851.15 3853.99 3859.86 3862.85 3865.94 3868.76 3871.45 3878.34 3878.64 3883.53 3886.76 3905.19 3915.83 3908.24
3750.65 3757.19 3759.08 3767.12 3773.54 3778.51 3782.74 3787.97 3792.59 3799.51 3805.84 3804.7 3807.71 3813.55 3813.37 3814.82 3814.77 3809.25 3802.4 3797.08 3796.36 3803.42 3804.05 3796.95 3786.25 3777.14 3772.44 3770.98 3771.79 3772.81 3772.29 3771.34 3775.03 3778.83 3781.41 3783.55 3786.58 3790.29 3795.53 3808.18 3811.51 3814.89 3820.29 3807.84 3812.8 3820.27 3829.13 3835.91 3837.54 3837.97 3840.8 3843.34 3844.6 3843.95 3841.36 3847.43 3853.67 3858.94 3865.5 3876.76 3885.58 3889.86 3890.07 3891.89 3895.67 3901.54 3900.68
3749.23 3755.15 3760.3 3763.2 3768.36 3772.68 3777.86 3782.51 3788.9 3798.15 3811.35 3812.24 3812.96 3819.91 3825.44 3835.44 3829.12 3823.07 3817.08 3815.06 3816.71 3816.03 3816.18 3804.03 3786.32 3775.17 3772.26 3771.99 3772.67 3773.4 3773.96 3773.86 3775.52 3777.35 3780.68 3784.65 3787.5 3791.6 3796.5 3802.19 3810.13 3814.87 3813.18 3810.87 3816.42 3823.11 3829.17 3834.05 3836.95 3837.85 3839.69 3842.53 3842.96 3840.48 3835.58 3839.76 3845.95 3851.55 3858.65 3868.97 3881.01 3892.19 3892.98 3897.02 3892.08 3893.84 3894.31
3746.23 3747.46 3752.7 3759.97 3765.06 3769.99 3774.52 3777.6 3782.26 3788.53 3798.27 3806.48 3807.51 3814.59 3820.45 3826.13 3827.98 3827.22 3826.25 3828.31 3836.66 3838.28 3833.87 3810.32 3786.4 3774.43 3772.91 3773.13 3774.23 3775.87 3776.81 3777.24 3777.71 3780.45 3782.83 3785.68 3788.95 3792.39 3795.97 3801.08 3807.14 3810.19 3810.54 3816.31 3820.33 3825.39 3831.74 3834.77 3837.1 3842.24 3846.9 3845.05 3843.88 3840.76 3836.25 3835.9 3840.59 3846.69 3851.32 3856.03 3864.86 3875.92 3885.65 3893.73 3896.12 3894.52 3892.69
3749.73 3751.91 3757.12 3760 3763.37 3766.79 3770.24 3773.24 3774.2 3774.97 3773.05 3784.05 3793.47 3798.5 3805.9 3818.41 3829.88 3830.91 3828.11 3827.11 3828.59 3831.2 3818.9 3801.8 3786.03 3777.27 3774.46 3774.67 3775.71 3776.33 3776.71 3776.67 3781.07 3782.94 3783.61 3786.33 3789.89 3793.23 3797.03 3802.05 3806.93 3811.15 3815.42 3819.24 3823.26 3827.21 3829.36 3833.29 3836.41 3846 3848.96 3843.89 3837.22 3834.35 3829.59 3831.46 3837.96 3845.17 3850.34 3853.51 3860.49 3866.4 3873.89 3887.09 3901.08 3893.2 3890.53
3760.28 3768.01 3762.34 3761.49 3762.92 3764.57 3766.46 3767.33 3768.06 3766.91 3764.54 3770.5 3783.77 3794.2 3804.38 3816.47 3836.27 3830.29 3822.98 3817.45 3811.1 3802.81 3799.44 3787.43 3781 3775.8 3776.5 3777.36 3778.18 3778.26 3777.51 3784.54 3781.33 3779.77 3783.72 3787.69 3790.79 3794.59 3798.01 3802.97 3808.43 3813.47 3818.92 3822.98 3826.04 3830.19 3834.45 3835.82 3838.99 3845.22 3845.74 3843.98 3839.8 3831.27 3826.7 3830 3837.87 3845.95 3855.4 3861.17 3858.49 3861.17 3863.26 3865.06 3874.35 3882.31 3883.65
3764.33 3763.86 3762.21 3761.33 3761.53 3762.46 3763.16 3763.76 3763.66 3763.56 3764.24 3767.31 3781.02 3797.67 3808.97 3814.35 3818.57 3818.9 3813.81 3806.97 3798.44 3791.72 3786.03 3779.6 3779.28 3780.27 3780.65 3781.65 3782.27 3783.73 3788.17 3785.97 3784.02 3782.26 3786.88 3790.71 3793.69 3796.77 3800.31 3805.16 3812.19 3817.97 3821.06 3824.02 3828.38 3833.73 3837.02 3839.74 3840.66 3842.03 3838.67 3835.83 3836.35 3839.98 3837.4 3835.11 3838.99 3845.25 3852.7 3857.16 3855.51 3857.18 3863.71 3867.12 3868.79 3873.84 3875.58
3760.83 3759.4 3759.6 3759.12 3759.36 3759.51 3759.82 3760.18 3760.68 3760.97 3760.76 3765.1 3779.15 3793.32 3801.13 3800.67 3804.82 3805.7 3803.31 3798.56 3791.39 3784.23 3779.63 3779.07 3780.79 3782.74 3785.89 3787.24 3786.93 3785.87 3782.59 3783.47 3787.8 3792.53 3793.75 3795.73 3798.3 3800.25 3802.35 3809.81 3819.9 3825.63 3825.51 3825.98 3831.5 3838.33 3843.95 3843.98 3843.12 3840.61 3835.66 3833.9 3834.94 3832.96 3837.97 3836.73 3838.74 3842.98 3846.59 3849.48 3851.85 3855.86 3861.64 3866.63 3868.56 3869.78 3870.31
