real_craters/C139-300m.grd
DSAA
299 299
-44.7475 44.7475
-44.7475 44.7475
2498.1495190064 4557.3042222661
[rows 30 to 59 of 299, columns 134 to 200 of 299]
3884.14 3888.55 3890.85 3892.91 3894.99 3897.2 3899.47 3901.32 3902.69 3902.78 3900 3898.12 3896.9 3895.58 3894.66 3894.01 3893.07 3891.38 3888.5 3885.9 3885.86 3884.74 3883.21 3888.99 3897.98 3905.63 3912.05 3923.74 3939.94 3955.01 3961.47 3959.01 3956.91 3956.34 3956.2 3957.64 3961.27 3964.9 3971.64 3979.93 3989.09 3999.25 4008.57 4017.14 4035.45 4041.87 4028.96 4022.45 4017.93 4011.68 4003.45 3991.35 3972.83 3954.5 3929.77 3908.34 3906.09 3908.46 3916.45 3919.27 3918.39 3915.35 3911.06 3901.73 3893.03 3887.45 3883.95
3882.63 3885.77 3888.26 3890.47 3892.67 3895.29 3897.82 3899.98 3901.63 3901.72 3899.44 3897.25 3894.83 3893.88 3893.92 3893.56 3892.58 3890.9 3888.48 3886.4 3885.42 3884.71 3884.87 3888.52 3894.91 3901.33 3903.79 3915.97 3930.69 3943.6 3954.1 3954.64 3952.03 3950.16 3950.95 3953.27 3955.89 3961.66 3968.19 3976.53 3985.63 3996.51 4006.72 4016.79 4028.95 4032.21 4020.74 4016.85 4020.94 4023.44 4016.39 4009.06 4003.51 3979.18 3956.41 3938.01 3935.07 3932.93 3936.09 3944.11 3937.25 3920.02 3910.48 3898.17 3890.12 3884.19 3882.73
3880.37 3882.96 3885.22 3887.99 3890.5 3893.41 3895.92 3898.31 3900.01 3899.84 3898.31 3897.01 3895 3893.89 3894.25 3893.97 3893.06 3891.78 3890.63 3888.78 3886.97 3886.4 3887.37 3889.02 3890.27 3892.67 3902.54 3911.49 3922.21 3931.92 3938.41 3940.35 3939.74 3941.15 3943.6 3947.6 3951.21 3956.79 3963.07 3971.3 3979.54 3990.09 4002.87 4013.44 4017.32 4020.14 4015.91 4013.09 4019.81 4027.31 4021.36 4017.27 4011.52 3998.63 3983.3 3970.67 3965.04 3948.2 3950.84 3959.34 3956.07 3943.03 3923.8 3905.84 3897.07 3888.89 3887.05
3879.25 3879.14 3882.1 3885.44 3888.39 3891.21 3894.15 3896.72 3898.54 3898.46 3898.33 3898.19 3897.2 3896.5 3896.44 3895.39 3894.08 3892.64 3891.65 3890.11 3888.43 3887.78 3888.25 3888.49 3887.38 3888.85 3899.78 3907.19 3914.41 3920.56 3925.7 3926.62 3926.76 3930.58 3936.04 3941.15 3946.61 3952.51 3958.31 3963.79 3970.25 3977.67 3986.15 3993.43 3997.55 4003.69 4010.26 4010.59 4011.51 4014.08 4015.33 4017.55 4018.37 4013.3 4004.75 3998.16 3988.49 3962.87 3957.47 3956.1 3956.35 3950.68 3934.87 3918.67 3910.47 3901.83 3897.12
3877.87 3875.66 3879.09 3882.68 3885.89 3889.19 3892.2 3895.28 3897.97 3899.59 3900.2 3900.17 3900.76 3901.35 3899.31 3897.05 3894.99 3893.1 3891.42 3890.28 3889.27 3888.73 3888.06 3886.92 3888.61 3889.74 3895.13 3903.07 3907.89 3910.51 3910.35 3909.14 3911.99 3920.56 3928.96 3935.85 3942.44 3947.39 3952.6 3956.56 3960.88 3964.27 3966.54 3972.04 3977.72 3987.28 3998.26 3999.91 3997.35 3996.22 4002.23 4012.04 4021.91 4021.99 4016.34 4010.88 3995.56 3971.51 3962.47 3956.34 3953.32 3950.64 3943.28 3933.87 3928.48 3916.99 3910.06
3875.71 3874.57 3877.38 3880.26 3883.31 3886.48 3889.68 3892.91 3896.32 3898.71 3899.99 3900.56 3901.77 3902.62 3900.68 3897.97 3895.53 3893.28 3891.08 3890.49 3889.98 3889.98 3891.05 3893.85 3892.39 3894.18 3899.65 3902.25 3904.3 3904.61 3902.67 3900.61 3904.51 3914.37 3924.38 3932.78 3939.52 3944.81 3948.72 3951.24 3952.89 3953.09 3953.85 3958.35 3963.45 3973.47 3983.64 3983.4 3980.47 3978.5 3986.32 4001.52 4016.03 4020.87 4016.73 4010.27 3991.38 3974.79 3965.86 3962.34 3965.11 3956.35 3954.9 3951.03 3945.63 3932.93 3924.89
3873.96 3875.89 3876.66 3878.55 3880.97 3883.71 3886.74 3889.98 3892.81 3895.23 3897.07 3898.38 3900.27 3901.82 3900.33 3897.47 3895.19 3893.57 3892.25 3891.19 3890.66 3890.72 3891.36 3892.01 3894.27 3898.24 3902.37 3903.07 3903.97 3903.99 3902.6 3901.07 3901.52 3915.7 3926.03 3933.49 3938.98 3943.37 3946.09 3947.59 3948.32 3947.72 3945.16 3953.73 3959.23 3965.71 3968.21 3966.67 3965.33 3963.44 3971.16 3987.99 4004.5 4011.51 4007.12 4001.44 3989.44 3974.27 3965.83 3962.26 3959.39 3957.66 3959.32 3958.97 3954.99 3948.15 3942.99
3873.33 3874.79 3875.62 3877.05 3878.8 3880.9 3883.34 3886.31 3889.36 3890.54 3891.53 3893.78 3896.47 3898.98 3897.71 3895.03 3893.24 3892.84 3892.94 3891.38 3890.89 3890.98 3891.27 3892.12 3894.34 3898.07 3900.85 3904.04 3906.15 3907.65 3908.81 3910.99 3919.89 3927.29 3932.66 3937.11 3940.6 3943.1 3945.13 3945.98 3946.62 3947.9 3952.14 3958.98 3965.81 3966.03 3961.43 3956.99 3955.53 3954.31 3959.76 3973.57 3987.28 3993.83 3990.51 3982.87 3972.65 3967.95 3962.1 3957.33 3954.43 3958.51 3966.78 3963.73 3958.8 3964.43 3967.46
3872.47 3872.66 3874.32 3875.72 3876.82 3877.89 3879.38 3881.4 3883.86 3884.59 3885.76 3887.93 3890.5 3892.48 3892.13 3890.47 3889.27 3888.92 3889.37 3889.88 3890.52 3891.32 3891.83 3891.72 3894.93 3898.35 3902.8 3906.03 3909.46 3913.3 3917.92 3924.52 3935.48 3939.92 3940.6 3941.9 3943.21 3944.26 3945.13 3945.39 3945.19 3946.47 3952.77 3961.72 3972.86 3968.73 3965.22 3957.23 3951.38 3947.96 3949.78 3960.48 3971 3976.55 3974.05 3966.81 3964.14 3962.31 3958.62 3954.23 3952.2 3959.88 3968.94 3964.49 3963.83 3975.59 3983.93
3875.02 3873.66 3874.46 3874.65 3874.53 3874.35 3874.34 3875.05 3876.25 3877.93 3879.14 3881.61 3883.87 3885.13 3885.3 3884.75 3884.16 3883.95 3885.35 3887.9 3890.32 3892.24 3894.14 3896.27 3899.39 3903.22 3905.33 3908.11 3913.04 3919.23 3926.55 3934.77 3943.3 3946.96 3946.81 3946.28 3945.72 3945.52 3945.53 3944.88 3943.23 3940.02 3940.52 3947.9 3955.99 3961.63 3965.37 3954.36 3949.42 3945.4 3945.56 3949.28 3957.23 3963.91 3961.71 3959.92 3962.58 3959.8 3957.96 3955.5 3953.41 3958.86 3962.08 3963.72 3968.3 3979.04 3986.6
3877.77 3877.23 3876.07 3874.09 3872.52 3871.06 3869.68 3868.81 3869.69 3872.23 3875.01 3877.1 3877.93 3878.21 3878.51 3879.36 3879.86 3879.43 3882.41 3886.96 3890.63 3893.72 3896.75 3900.67 3903.23 3904.88 3904.7 3908.57 3915.52 3923.74 3933.13 3942.93 3949.89 3951.73 3950.73 3948.94 3947.45 3946.69 3946.3 3945.92 3944.64 3939.41 3934.28 3932.9 3937.35 3946.43 3951.79 3955.8 3952.03 3942.62 3934.69 3938.43 3944.88 3948.2 3950.35 3950.39 3951.76 3956.36 3959.46 3961.41 3960.68 3962.69 3962.58 3965.62 3972.32 3975.44 3975.09
3875.58 3877.23 3875.65 3872.93 3870.44 3867.84 3865.49 3863.59 3864.22 3867.78 3871.35 3873.1 3872.91 3872.49 3872.95 3875.7 3878.43 3880.25 3883.83 3888.3 3891.96 3895.12 3898.31 3901.72 3902.8 3900.17 3900.96 3907.97 3917.02 3926.22 3936.5 3947.77 3955 3955.42 3952.16 3949.25 3947.23 3946.28 3946.23 3947.23 3949.36 3951.59 3942.13 3930.38 3934.17 3945.41 3956.83 3968.92 3960.43 3943.43 3929.32 3932.36 3940.24 3943.73 3946.85 3944.15 3945.73 3955.17 3961.93 3969.16 3980.01 3971.58 3965.69 3967.52 3972.15 3968.43 3964.61
3876.37 3879.08 3874.88 3871.69 3868.17 3864.91 3862.18 3860.74 3861.45 3864.09 3867.24 3869.06 3868.85 3868.49 3869.54 3874.24 3879.98 3885.16 3888.32 3891.44 3894.4 3897.1 3899.46 3901.33 3901.74 3901.13 3902.46 3910.1 3918.81 3927.01 3935.69 3944.77 3950.71 3950.56 3949.63 3946.84 3944.85 3943.98 3944.51 3946.76 3950.48 3955.84 3944.72 3932.11 3940.9 3959.5 3970.34 3974.42 3964.76 3947.55 3931.65 3934.61 3944.85 3953.42 3952.48 3945.29 3947.73 3957.96 3961.97 3968.65 3977.2 3971.03 3964.94 3965.82 3964.37 3961.04 3958.79
3879.33 3881.82 3875 3870.02 3865.86 3862.19 3859.14 3857.57 3858.59 3861.17 3863.66 3865.22 3866.25 3866.44 3867.72 3874.39 3882.8 3890.4 3892.86 3894.82 3896.75 3898.77 3900.55 3901.79 3902.54 3905.17 3911.53 3916.91 3921.33 3926.61 3932.05 3936.67 3940.86 3946.15 3945.04 3942.22 3940.68 3940.46 3940.9 3942.62 3944.95 3946.34 3940.13 3934.4 3948.75 3972.45 3977.37 3973.58 3965.51 3954.42 3945.26 3946.74 3952.63 3959.86 3956.28 3947 3948.71 3954.64 3956.29 3959.55 3961.2 3960.48 3963.01 3963.77 3960.16 3959.06 3959.3
3871.41 3870.23 3870.24 3867.14 3863.45 3859.94 3856.67 3854.37 3856.3 3859.63 3862.44 3864.65 3866.18 3867.04 3868.52 3876.39 3885.93 3892.86 3896.01 3897.45 3898.76 3900.28 3901.92 3903.58 3905.95 3910.46 3916.41 3920.38 3922.22 3925.32 3927.91 3929.16 3931.04 3940.05 3936.4 3934.57 3934.68 3935.36 3936.01 3937.08 3936.92 3937.03 3935.73 3935.87 3950.08 3970.7 3972.01 3968.55 3963.76 3959.33 3959.81 3958.77 3956.06 3957.7 3955.3 3954.11 3950.2 3945.34 3947.69 3949.2 3949.43 3952.32 3965.01 3965.84 3961.29 3959.66 3960.93
3864.57 3862.71 3864.35 3863 3860.88 3858.33 3855.7 3854.2 3856.4 3859.96 3863.51 3866.56 3868.47 3870.29 3873.9 3880.76 3889.68 3896.9 3897.84 3898.83 3900.18 3901.63 3903.51 3905.57 3908.55 3911.97 3914.27 3916.58 3921.86 3924.56 3925.22 3924.02 3921.35 3920.77 3922.37 3925.11 3927.34 3929.18 3930.54 3931.58 3930.91 3929.11 3935.2 3939.64 3945.09 3950.11 3957.66 3958.65 3957.55 3957.42 3957.45 3955.9 3952.61 3947.74 3946.34 3960.36 3951.97 3941.96 3941.3 3941.38 3941.58 3944.7 3959.83 3960.15 3960.08 3960.45 3961.98
3858.82 3855.53 3857.14 3859.54 3859.39 3857.87 3856.24 3855.83 3858.16 3861.77 3865.7 3869.72 3871.52 3873.62 3877.23 3882.43 3889.74 3895.56 3897.45 3898.98 3900.75 3902.85 3905.2 3907.6 3909.66 3913.5 3916.8 3919.76 3924.56 3925.91 3924.82 3922.22 3919.03 3911.36 3911.71 3917.2 3920.99 3923.45 3925.1 3927.3 3931.26 3935.04 3938.41 3939.9 3939.39 3940.95 3944.52 3948.46 3951.12 3952.35 3951.87 3950.4 3949.04 3944.91 3942.87 3956.13 3949.36 3940.86 3938.46 3937.19 3935.99 3937.85 3953.09 3956.85 3960.16 3961.48 3960.5
3856.46 3857.39 3858.59 3859.94 3859.63 3858.62 3857.76 3858.13 3860.81 3864.46 3868.2 3871.14 3873.79 3876.01 3878.07 3881.47 3886.34 3891.28 3895.25 3898.25 3901.02 3903.78 3906.89 3910.43 3914.86 3918.77 3924.91 3931.01 3931.32 3929.57 3926.44 3921.97 3916.19 3908.42 3908.24 3914.06 3917.55 3919.28 3919.92 3921.28 3927.34 3936.19 3940.88 3938.93 3930.17 3927.62 3931.44 3938.22 3946.09 3945.88 3947.18 3948.84 3948.38 3947.63 3946.49 3942.95 3944.92 3942.03 3938.86 3936.45 3934.78 3935.79 3944.38 3952.08 3957.4 3953.74 3949.8
3855.41 3857.44 3859.65 3861.22 3860.91 3860.27 3859.87 3860.83 3863.87 3867.54 3871.42 3874.73 3877.36 3878.67 3879.56 3881.29 3883.31 3888.12 3893.43 3897.62 3901.4 3904.73 3908.48 3912.77 3918.16 3923.9 3932.41 3939.79 3938.09 3934.01 3929.35 3924.17 3918.02 3914.28 3914.38 3916.86 3917.32 3917 3915.61 3913.39 3911.04 3921.2 3940.2 3936.74 3916.28 3909.98 3918.85 3925.96 3928.79 3935.05 3940.39 3944.82 3946.13 3949.52 3950.68 3946.45 3944.56 3942.55 3940.63 3938.57 3936.34 3936.02 3942.77 3950.68 3947.6 3936.76 3933.94
3854.92 3856.76 3859.08 3861.69 3861.84 3862.11 3862.83 3864.17 3866.95 3870.45 3874.7 3879.91 3882.46 3881.02 3880.72 3881.97 3885.73 3888.58 3892.58 3896.89 3901.23 3905.56 3909.61 3914.25 3920.49 3928.94 3937.4 3944.19 3942.12 3937.35 3932.21 3927.82 3926.42 3927.6 3927.71 3922.06 3919.19 3917.12 3914.5 3910.06 3903.78 3910.53 3922.12 3921.87 3907.78 3904.87 3913.09 3919 3922.56 3928.81 3933.46 3935.14 3942.18 3947.06 3948.23 3946.91 3945.72 3945.38 3944.62 3942.4 3939.95 3938.59 3943.69 3952.5 3940.69 3927.57 3920.89
3854.54 3856.69 3859.11 3861.37 3861.91 3863.29 3865.51 3867.27 3869.22 3872.11 3875.9 3879.99 3881.83 3881.12 3880.66 3881.51 3884.34 3887.92 3891.98 3896.54 3901.14 3905.76 3910.23 3914.66 3922.34 3932.96 3939.96 3943.44 3942.82 3938.93 3933.57 3928.5 3925.34 3925.3 3926.64 3922.34 3920.23 3918.94 3917.39 3914.46 3909.25 3908.27 3908.36 3914.89 3915.17 3914.13 3915.35 3917.91 3924.38 3927.79 3931.02 3937.51 3943.84 3946.31 3944.55 3943.58 3945.55 3948.25 3949.13 3945.34 3942.78 3940.28 3939.06 3951.66 3934.66 3915.88 3910.09
3853.94 3855.91 3857.04 3858.3 3860.36 3863.06 3866.45 3868.18 3869.87 3872.3 3875.19 3877.86 3879.34 3879.48 3879.3 3879.82 3881.25 3886.65 3891.43 3896.57 3901.52 3906.58 3911.52 3915.78 3922.81 3935.31 3941.06 3943.65 3943.6 3939.7 3933.43 3926.7 3920.09 3915.94 3916.93 3918.81 3920.38 3921.53 3922.51 3923.13 3922.48 3913.39 3906.82 3918.95 3934.92 3927.33 3919.22 3915.39 3913.5 3916.19 3926.66 3938.91 3945.97 3948.04 3949.26 3944.08 3942.76 3944.81 3945.84 3944.77 3942.69 3938.68 3932.04 3936.04 3921.93 3908.76 3905.63
3853.7 3855.96 3854.97 3855.61 3858.63 3861.45 3864.51 3866.99 3869.08 3871.32 3873.6 3875.72 3877.14 3877.51 3877.49 3878.1 3881.84 3886.68 3892.31 3897.83 3903.28 3908.55 3914.06 3920.29 3926.63 3933.72 3938.96 3944.83 3946.09 3939.83 3932.54 3924.84 3916.99 3911.44 3912.43 3916.24 3920.55 3923.95 3927 3930.05 3930.18 3919.95 3912.71 3922.07 3932.45 3927.5 3918.99 3911.98 3906.32 3908.34 3921.08 3933.28 3942.67 3950.21 3944.81 3935.18 3935.5 3939.09 3942.29 3940.15 3938.31 3933.35 3919.22 3916.19 3907.89 3902.33 3904.68
3854.76 3858.28 3858.91 3856.99 3858.17 3860.08 3861.9 3865.08 3867.52 3869.5 3871.37 3873.36 3875.55 3875.51 3875.79 3877.2 3881.58 3887.51 3893.84 3899.9 3905.59 3910.85 3915.87 3920.73 3923.55 3925.15 3930.89 3939.58 3942.89 3937.46 3930.6 3923.49 3916.49 3910.67 3911.69 3917.05 3921.75 3925.72 3929.51 3932.7 3932.84 3925.99 3920.79 3922.84 3925.26 3922.12 3915.86 3909.69 3905.61 3908.07 3917.9 3929.62 3937.89 3938.45 3935.34 3922 3925.64 3930.42 3933.55 3931.14 3927.17 3920.12 3915.77 3910 3902.56 3900.14 3904.18
3856.02 3859.4 3860.69 3858.01 3857.71 3860.26 3863.11 3864.57 3866.08 3867.21 3868.54 3870.05 3871.72 3872.78 3874.34 3876.8 3881.96 3889.41 3896.6 3903.2 3908.73 3913.3 3916.84 3919.78 3919.43 3916.76 3921.76 3931.39 3936.42 3932.25 3927.63 3922.79 3918.73 3916.6 3919.42 3921.75 3923.75 3926.95 3930.76 3933.53 3933.34 3930.65 3925.9 3921.21 3919.63 3916.61 3912.7 3908.09 3904.81 3905.41 3914.53 3926.12 3932.43 3924.38 3913.39 3913.09 3917.38 3920.55 3922.96 3919.09 3914.56 3910.57 3911.35 3907.09 3901.17 3898.36 3900.92
3856.99 3860.12 3862.25 3857.05 3855.58 3859.99 3863.84 3864.32 3864.95 3865.49 3866.12 3866.78 3867.7 3870.04 3873.48 3877.35 3883.92 3892.86 3900.9 3907.54 3912.7 3916.42 3918.19 3917.58 3918.18 3916.87 3919.39 3924.11 3924.9 3925.29 3923.78 3921.61 3920.75 3922.65 3924.07 3923.8 3923.72 3926 3930.34 3936 3936.79 3933.34 3927.11 3917.99 3912.34 3912.63 3910.8 3907.55 3904.61 3903.44 3910.06 3917.36 3920.03 3912.36 3906.64 3911.27 3912.04 3911.85 3908.06 3908.31 3905.89 3904.29 3904.09 3901 3899.24 3897.69 3900.2
3857.79 3860.21 3860.47 3855.11 3853.77 3858.62 3862.35 3863.25 3863.72 3863.83 3863.99 3864.14 3865.04 3868.46 3874.46 3880.29 3888.24 3898.67 3906.78 3912.85 3917.45 3920.78 3922.44 3921.58 3921.47 3922.17 3923.15 3920.24 3918.61 3919.32 3919.91 3919.62 3919.38 3919.72 3919.73 3919.88 3919.98 3921.88 3925.4 3931.88 3934.65 3934.09 3928.9 3920.36 3914.92 3912.95 3910.87 3908.4 3906.19 3905.63 3906.51 3907.21 3905.61 3901.61 3902.79 3907.21 3907.94 3907.47 3906.91 3904.61 3902.56 3899.61 3895.47 3892.43 3893.21 3896.27 3898.09
3859.84 3861.37 3860.92 3857.35 3854.78 3856.95 3859.95 3861.99 3862.88 3863.21 3863.09 3862.85 3862.81 3867.32 3878.41 3889.96 3899.35 3908.3 3914.23 3918.62 3922.37 3925.64 3928.32 3928.47 3924.24 3921.45 3918.93 3915.75 3913.71 3915.89 3917.31 3917.52 3917.17 3916.1 3915.01 3913.35 3914.38 3916.19 3917.57 3918.12 3925.69 3930.96 3929.64 3924.46 3919.58 3915.81 3912.46 3910.08 3907.93 3906.72 3903.66 3899.3 3895.87 3898.49 3902.52 3904.83 3905.54 3905.33 3903.43 3901.62 3899.15 3895.82 3891.81 3891.18 3893.82 3896.94 3897.24
3862.61 3864.45 3865.86 3865.48 3861.68 3860.15 3861.07 3862.76 3863.74 3864.17 3864.35 3864.16 3863.93 3868.69 3884.22 3902.15 3915.54 3919.72 3921.75 3923.78 3926.05 3928.76 3931.57 3930.84 3922.94 3915.31 3909.58 3910.43 3913.99 3915.74 3915.99 3915.79 3915.18 3914.94 3912.38 3907.44 3909.65 3912.27 3913.53 3914.83 3923.67 3931.15 3931.82 3928.12 3923.78 3919.18 3914.97 3911.42 3908.34 3905.47 3900.5 3893.91 3889.96 3901.61 3906.74 3903.77 3904.31 3905.11 3904.76 3902.94 3898.92 3894.86 3890.96 3890.07 3897.54 3901.3 3901.29
3864.79 3867.9 3871.03 3871.26 3867.59 3866.92 3865.6 3865.47 3866.22 3867.08 3867.92 3868.89 3870.23 3874.71 3889.89 3906.88 3923.15 3926.75 3926.41 3926.73 3927.6 3928.77 3929.58 3926.81 3918.91 3910.05 3903.26 3905.76 3911.68 3915 3915.01 3914.33 3913.11 3910.42 3906.23 3905.32 3909.04 3911.66 3914.49 3918.65 3927.33 3934.7 3936.17 3933.42 3928.08 3922.41 3917.29 3912.71 3908.4 3904.05 3898.1 3891.28 3888.74 3900.91 3908.04 3907.69 3907.72 3906.09 3904.03 3901.67 3899.02 3896.23 3894.8 3895 3900.44 3904.68 3903.87
