real_craters/C139-750m.grd
DSAA
120 120
-44.7475 44.7475
-44.7475 44.7475
2507.3612620003 4564.1316946691
[rows 0 to 37 of 120, columns 0 to 83 of 120]
3832 3828 3825 3826 3824 3823 3823 3827 3833 3837 3827 3826 3824 3826 3830 3837 3859 3858 3826 3820 3829 3826 3823 3837 3851 3865 3869 3870 3870 3867 3843 3834 3835 3842 3845 3844 3858 3878 3876 3872 3875 3904 3880 3872 3860 3854 3852 3852 3851 3858 3912 3920 3920 3924 3950 3977 4005 4031 3999 3983 3976 3968 3928 3929 3937 3925 3915 3916 3915 3911 3900 3898 3899 3897 3892 3901 3905 3905 3903 3894 3895 3906 3923 3943
3833 3830 3825 3823 3821 3818 3817 3820 3823 3824 3827 3819 3821 3825 3830 3835 3848 3841 3829 3818 3814 3815 3814 3815 3826 3846 3851 3853 3854 3858 3842 3832 3830 3834 3839 3843 3841 3843 3839 3839 3841 3862 3855 3842 3848 3866 3860 3856 3859 3878 3911 3911 3918 3935 3940 3954 3974 3973 3962 3955 3965 3968 3956 3928 3921 3921 3919 3916 3913 3908 3904 3902 3899 3899 3917 3916 3905 3915 3903 3891 3895 3905 3920 3933
3834 3835 3833 3835 3830 3825 3816 3815 3820 3832 3834 3819 3820 3826 3831 3833 3830 3832 3827 3823 3815 3811 3805 3801 3810 3818 3830 3838 3839 3844 3841 3832 3829 3831 3835 3838 3834 3818 3813 3820 3829 3843 3841 3837 3841 3858 3862 3858 3863 3888 3910 3901 3915 3918 3923 3930 3940 3939 3938 3940 3948 3953 3971 3944 3918 3919 3921 3917 3914 3910 3908 3906 3904 3913 3938 3917 3896 3906 3893 3894 3903 3912 3921 3926
3839 3845 3850 3859 3857 3837 3816 3817 3835 3836 3832 3822 3825 3831 3836 3840 3830 3833 3823 3817 3821 3813 3804 3803 3795 3803 3822 3833 3833 3844 3835 3820 3827 3828 3830 3832 3821 3805 3800 3811 3821 3822 3832 3840 3843 3838 3848 3853 3859 3879 3897 3897 3911 3906 3909 3907 3901 3928 3933 3932 3934 3935 3953 3949 3920 3914 3919 3919 3917 3915 3911 3915 3926 3935 3927 3908 3895 3904 3911 3921 3934 3932 3929 3928
3854 3857 3863 3863 3855 3847 3826 3828 3853 3857 3843 3839 3841 3840 3841 3844 3840 3827 3814 3815 3818 3815 3810 3801 3792 3817 3837 3841 3843 3843 3829 3812 3823 3823 3823 3828 3814 3803 3801 3806 3812 3821 3830 3831 3829 3831 3840 3854 3861 3875 3885 3893 3915 3904 3904 3909 3914 3919 3924 3928 3929 3932 3957 3964 3937 3917 3921 3925 3925 3924 3925 3942 3962 3948 3919 3899 3894 3901 3916 3931 3952 3947 3933 3926
3869 3865 3868 3870 3856 3845 3837 3841 3849 3840 3842 3853 3851 3842 3841 3841 3838 3828 3819 3812 3816 3816 3815 3802 3794 3820 3842 3849 3850 3847 3833 3814 3817 3819 3817 3817 3817 3808 3803 3805 3814 3830 3840 3829 3824 3827 3834 3866 3906 3921 3908 3890 3906 3903 3898 3898 3909 3901 3913 3920 3927 3941 3974 3981 3964 3945 3935 3933 3933 3934 3939 3950 3964 3942 3912 3899 3891 3910 3902 3918 3955 3947 3931 3923
3869 3865 3870 3872 3859 3845 3842 3853 3860 3840 3835 3840 3838 3835 3835 3839 3839 3831 3821 3806 3810 3813 3816 3806 3811 3830 3853 3860 3858 3850 3839 3830 3824 3822 3820 3824 3831 3818 3804 3805 3809 3830 3845 3835 3837 3830 3838 3877 3919 3943 3926 3901 3892 3899 3899 3897 3893 3889 3898 3910 3920 3934 3955 3976 3980 3974 3954 3944 3942 3945 3951 3954 3958 3938 3916 3895 3890 3908 3884 3907 3940 3940 3927 3920
3860 3859 3867 3876 3867 3850 3840 3845 3849 3855 3841 3833 3823 3823 3826 3839 3851 3833 3817 3805 3804 3808 3813 3809 3827 3844 3868 3870 3865 3852 3839 3832 3828 3830 3838 3846 3847 3828 3813 3821 3823 3834 3847 3834 3829 3834 3852 3885 3915 3931 3921 3902 3895 3901 3894 3893 3898 3897 3896 3904 3912 3922 3944 3969 3981 3987 3959 3949 3947 3952 3960 3969 3946 3938 3917 3898 3895 3884 3874 3898 3927 3932 3927 3915
3846 3850 3862 3871 3862 3844 3829 3822 3823 3834 3854 3832 3814 3815 3815 3821 3832 3826 3816 3795 3796 3800 3805 3809 3820 3843 3878 3875 3868 3858 3829 3824 3827 3836 3852 3871 3876 3858 3833 3854 3869 3880 3863 3849 3839 3854 3883 3899 3908 3906 3910 3912 3905 3894 3884 3889 3899 3897 3891 3901 3910 3920 3944 3966 3973 3964 3948 3946 3951 3956 3961 3966 3939 3937 3909 3878 3875 3866 3892 3906 3916 3923 3923 3907
3830 3840 3854 3870 3865 3842 3826 3811 3806 3817 3836 3826 3817 3812 3812 3810 3815 3812 3797 3785 3793 3797 3798 3808 3845 3862 3869 3865 3859 3842 3821 3816 3822 3830 3844 3872 3892 3879 3865 3890 3883 3879 3875 3877 3873 3888 3909 3921 3914 3907 3904 3901 3885 3879 3886 3892 3896 3892 3895 3901 3910 3924 3947 3953 3976 3958 3930 3937 3947 3957 3955 3946 3935 3913 3886 3873 3892 3894 3911 3910 3903 3912 3915 3901
3821 3830 3840 3851 3855 3839 3819 3806 3801 3803 3809 3810 3808 3809 3812 3810 3808 3802 3790 3789 3800 3805 3804 3812 3839 3859 3847 3848 3850 3839 3821 3815 3817 3821 3834 3858 3883 3868 3877 3893 3865 3871 3907 3886 3893 3912 3940 3945 3925 3907 3899 3887 3874 3869 3896 3899 3899 3898 3897 3899 3906 3915 3909 3917 3951 3939 3919 3939 3952 3964 3972 3962 3963 3924 3887 3889 3908 3908 3939 3920 3898 3899 3900 3895
3807 3817 3825 3828 3826 3815 3798 3792 3791 3791 3791 3793 3797 3802 3811 3820 3810 3802 3794 3799 3811 3822 3823 3817 3813 3816 3826 3838 3846 3838 3820 3816 3813 3811 3815 3837 3853 3845 3846 3868 3849 3880 3903 3886 3888 3912 3935 3935 3918 3907 3897 3891 3868 3868 3888 3898 3902 3901 3895 3897 3898 3899 3895 3899 3925 3964 3968 3955 3962 3977 4005 4040 4035 3992 3940 3897 3891 3913 3931 3920 3892 3890 3893 3897
3796 3805 3811 3816 3814 3802 3791 3786 3787 3790 3784 3782 3784 3791 3806 3817 3811 3807 3809 3827 3834 3837 3845 3822 3806 3797 3807 3829 3846 3845 3836 3820 3811 3805 3805 3817 3828 3834 3841 3852 3854 3884 3905 3903 3893 3906 3917 3915 3907 3899 3889 3879 3869 3878 3889 3894 3900 3903 3898 3895 3893 3886 3884 3896 3914 3951 3956 3956 3962 3978 4002 4032 4026 4013 3987 3936 3908 3920 3914 3894 3883 3881 3890 3905
3782 3787 3797 3809 3824 3816 3804 3812 3818 3812 3801 3793 3786 3787 3797 3808 3806 3800 3808 3837 3829 3834 3829 3819 3805 3799 3808 3828 3842 3842 3827 3821 3811 3803 3800 3801 3807 3827 3844 3839 3848 3877 3895 3892 3893 3902 3911 3925 3905 3889 3881 3873 3874 3878 3881 3889 3896 3899 3897 3895 3893 3890 3887 3888 3903 3924 3933 3939 3951 3966 3987 4006 4013 4020 4018 3998 3972 3957 3947 3905 3892 3892 3901 3914
3770 3769 3785 3799 3806 3828 3828 3839 3850 3836 3821 3811 3796 3788 3797 3806 3800 3793 3788 3796 3819 3827 3826 3815 3807 3804 3812 3820 3828 3839 3840 3823 3811 3802 3797 3795 3800 3818 3829 3824 3835 3866 3898 3885 3897 3898 3899 3897 3900 3889 3879 3873 3872 3876 3875 3882 3890 3898 3901 3901 3895 3891 3890 3893 3901 3905 3901 3923 3941 3950 3953 3962 3985 3978 4006 4017 3985 3963 3956 3948 3925 3915 3917 3920
3765 3765 3780 3800 3816 3818 3836 3860 3855 3843 3829 3816 3810 3804 3787 3791 3791 3792 3786 3785 3794 3809 3815 3805 3800 3820 3841 3810 3820 3839 3838 3823 3812 3806 3799 3794 3797 3808 3814 3813 3821 3850 3892 3882 3890 3889 3887 3885 3884 3880 3873 3864 3871 3873 3874 3877 3882 3887 3891 3895 3891 3891 3891 3893 3902 3910 3921 3937 3943 3945 3949 3970 3960 3950 3970 3982 3966 3956 3962 3961 3976 3944 3922 3921
3762 3763 3778 3803 3827 3820 3844 3870 3859 3846 3830 3817 3823 3834 3805 3791 3785 3774 3787 3782 3776 3784 3791 3789 3782 3788 3799 3808 3810 3832 3836 3826 3816 3808 3806 3796 3796 3807 3819 3814 3819 3853 3901 3896 3888 3879 3876 3870 3862 3865 3864 3855 3862 3875 3877 3873 3869 3871 3877 3878 3880 3886 3895 3903 3905 3922 3946 3951 3947 3946 3937 3934 3954 3945 3940 3949 3953 3962 3963 3971 3973 3961 3933 3927
3758 3759 3769 3793 3821 3844 3871 3895 3871 3851 3834 3820 3827 3835 3828 3810 3799 3781 3776 3774 3768 3768 3780 3783 3777 3774 3777 3790 3799 3821 3835 3834 3831 3830 3828 3805 3804 3811 3812 3798 3805 3841 3890 3889 3879 3869 3865 3860 3853 3854 3851 3859 3853 3866 3882 3868 3860 3862 3867 3868 3883 3893 3899 3902 3908 3925 3942 3948 3942 3944 3949 3942 3976 3954 3943 3957 3952 3963 3964 3962 3958 3952 3934 3932
3764 3755 3759 3777 3821 3884 3904 3889 3877 3856 3842 3831 3827 3823 3819 3818 3825 3826 3790 3781 3776 3778 3789 3795 3796 3791 3792 3795 3797 3812 3826 3838 3854 3864 3868 3840 3835 3830 3809 3793 3805 3849 3898 3877 3867 3862 3857 3853 3850 3850 3851 3851 3854 3865 3862 3861 3855 3859 3867 3873 3892 3899 3902 3908 3914 3924 3923 3921 3927 3931 3931 3943 3957 3957 3955 3945 3948 3941 3948 3960 3962 3941 3934 3931
3794 3783 3771 3780 3831 3900 3904 3881 3869 3859 3850 3844 3833 3814 3802 3813 3825 3830 3810 3791 3787 3806 3811 3821 3833 3852 3864 3850 3838 3827 3841 3858 3897 3941 3925 3918 3888 3872 3860 3848 3844 3879 3900 3892 3868 3863 3857 3854 3846 3848 3855 3848 3853 3853 3859 3861 3859 3865 3873 3879 3885 3897 3905 3916 3932 3933 3921 3909 3917 3917 3932 3925 3926 3939 3949 3951 3944 3938 3937 3953 3939 3922 3927 3928
3817 3815 3804 3808 3854 3905 3908 3880 3868 3858 3853 3854 3842 3811 3800 3805 3810 3812 3813 3799 3793 3808 3831 3846 3857 3870 3890 3887 3889 3896 3893 3911 3939 3956 3946 3931 3921 3915 3915 3908 3897 3925 3926 3911 3877 3867 3861 3855 3851 3841 3836 3847 3857 3854 3857 3862 3866 3871 3881 3881 3885 3895 3907 3920 3941 3940 3927 3926 3920 3916 3908 3917 3916 3928 3940 3946 3946 3946 3938 3937 3910 3916 3922 3923
3812 3815 3822 3844 3868 3901 3900 3881 3864 3850 3845 3842 3828 3805 3795 3801 3810 3814 3814 3816 3815 3844 3859 3867 3879 3898 3901 3897 3899 3912 3933 3965 3965 3948 3941 3938 3929 3931 3938 3934 3917 3943 3950 3903 3876 3866 3872 3863 3847 3845 3842 3851 3856 3851 3858 3858 3863 3870 3875 3876 3883 3898 3911 3924 3937 3940 3922 3910 3922 3931 3921 3927 3915 3906 3933 3941 3931 3936 3920 3905 3906 3912 3914 3916
3817 3821 3813 3821 3850 3881 3898 3888 3856 3837 3832 3828 3821 3793 3788 3799 3800 3805 3817 3839 3880 3890 3881 3879 3885 3899 3894 3891 3886 3895 3940 3985 3977 3944 3925 3917 3921 3924 3926 3920 3908 3924 3935 3902 3879 3865 3879 3867 3854 3857 3868 3859 3857 3855 3861 3855 3864 3865 3867 3873 3886 3907 3917 3918 3921 3925 3921 3924 3924 3935 3932 3912 3910 3903 3918 3906 3912 3908 3904 3899 3901 3900 3906 3908
3819 3829 3813 3814 3819 3830 3851 3856 3836 3821 3819 3814 3802 3793 3811 3807 3803 3797 3810 3839 3871 3881 3878 3877 3877 3876 3880 3880 3885 3885 3928 3973 3964 3927 3915 3910 3910 3916 3916 3917 3904 3910 3922 3907 3883 3866 3875 3871 3863 3855 3855 3861 3863 3861 3863 3857 3861 3864 3863 3878 3911 3921 3929 3926 3912 3915 3916 3918 3912 3915 3931 3923 3913 3907 3894 3906 3905 3903 3893 3895 3900 3903 3904 3906
3817 3821 3810 3806 3801 3803 3814 3821 3819 3816 3810 3807 3801 3804 3815 3810 3797 3777 3795 3826 3854 3864 3868 3867 3866 3862 3876 3900 3882 3889 3909 3921 3910 3905 3898 3896 3897 3902 3907 3901 3896 3898 3924 3912 3879 3871 3860 3870 3855 3851 3852 3860 3867 3867 3871 3870 3868 3870 3877 3894 3924 3927 3926 3917 3899 3914 3913 3910 3912 3922 3940 3933 3918 3905 3890 3909 3910 3898 3898 3901 3905 3898 3904 3908
3813 3821 3802 3790 3782 3783 3795 3801 3800 3800 3804 3806 3812 3807 3797 3804 3809 3778 3787 3813 3839 3852 3860 3859 3859 3864 3876 3885 3878 3887 3894 3899 3899 3894 3904 3893 3881 3873 3889 3895 3882 3886 3909 3887 3884 3870 3861 3866 3857 3852 3852 3861 3868 3872 3873 3871 3872 3879 3890 3901 3912 3923 3925 3919 3915 3916 3916 3912 3906 3919 3937 3919 3918 3913 3905 3901 3902 3901 3900 3901 3917 3909 3905 3905
3801 3803 3787 3772 3764 3775 3785 3788 3790 3792 3803 3803 3800 3799 3797 3804 3804 3782 3785 3802 3823 3842 3842 3847 3851 3858 3864 3863 3874 3881 3883 3885 3885 3883 3880 3876 3867 3859 3871 3880 3881 3887 3892 3869 3861 3859 3851 3855 3856 3855 3857 3862 3868 3872 3873 3871 3874 3885 3901 3920 3924 3927 3923 3924 3925 3928 3923 3908 3899 3911 3920 3919 3917 3914 3906 3908 3904 3911 3902 3913 3919 3909 3903 3901
3791 3791 3780 3772 3775 3784 3799 3794 3791 3814 3808 3801 3795 3799 3792 3789 3784 3776 3782 3794 3803 3827 3827 3834 3840 3845 3848 3850 3866 3870 3868 3865 3859 3867 3867 3865 3858 3861 3860 3867 3868 3878 3877 3862 3858 3865 3863 3871 3859 3853 3853 3859 3866 3870 3873 3871 3873 3888 3905 3916 3930 3935 3936 3930 3929 3926 3922 3927 3920 3908 3936 3930 3918 3913 3915 3905 3904 3907 3901 3907 3905 3902 3902 3904
3781 3780 3771 3759 3766 3774 3788 3797 3786 3801 3803 3797 3790 3784 3782 3779 3774 3772 3778 3790 3807 3813 3819 3822 3827 3832 3836 3841 3847 3854 3852 3851 3856 3859 3861 3856 3853 3849 3854 3858 3860 3864 3867 3853 3850 3888 3894 3880 3865 3851 3849 3853 3861 3867 3871 3868 3871 3890 3906 3916 3924 3931 3931 3926 3920 3911 3910 3915 3911 3916 3909 3914 3916 3913 3918 3909 3906 3903 3901 3903 3903 3902 3905 3907
3774 3772 3764 3754 3755 3766 3766 3768 3788 3798 3796 3792 3787 3776 3775 3773 3772 3772 3775 3781 3785 3795 3801 3807 3814 3820 3822 3833 3841 3835 3840 3844 3851 3852 3852 3853 3853 3852 3852 3858 3855 3848 3853 3847 3849 3909 3907 3895 3870 3849 3846 3845 3853 3866 3872 3872 3887 3895 3906 3915 3924 3927 3920 3919 3915 3904 3900 3912 3919 3920 3897 3910 3917 3919 3917 3910 3914 3914 3906 3899 3904 3899 3903 3912
3773 3772 3767 3756 3767 3774 3776 3783 3803 3795 3788 3785 3784 3778 3773 3768 3768 3769 3772 3776 3778 3773 3781 3789 3802 3815 3824 3825 3830 3830 3833 3837 3842 3843 3847 3853 3858 3857 3850 3856 3855 3839 3843 3853 3874 3895 3918 3900 3874 3851 3853 3856 3862 3872 3880 3877 3886 3896 3904 3913 3924 3932 3922 3919 3914 3903 3898 3910 3917 3917 3932 3924 3923 3926 3921 3913 3914 3919 3912 3909 3905 3911 3902 3908
3770 3774 3771 3775 3786 3799 3803 3799 3795 3781 3774 3777 3781 3782 3778 3770 3766 3767 3768 3768 3768 3769 3761 3770 3794 3816 3832 3831 3830 3827 3829 3832 3840 3842 3845 3852 3861 3865 3859 3854 3853 3844 3844 3858 3879 3909 3907 3895 3873 3856 3877 3887 3883 3879 3875 3880 3885 3896 3901 3911 3926 3934 3927 3927 3925 3924 3922 3913 3906 3923 3939 3933 3928 3924 3923 3916 3917 3920 3917 3907 3903 3901 3897 3902
3766 3779 3792 3796 3804 3817 3813 3806 3782 3760 3755 3768 3786 3788 3786 3781 3771 3770 3769 3767 3767 3771 3768 3770 3789 3812 3829 3825 3822 3818 3824 3831 3840 3841 3843 3848 3849 3849 3850 3850 3845 3844 3852 3858 3864 3869 3906 3884 3875 3873 3891 3899 3893 3884 3880 3886 3895 3897 3902 3915 3930 3945 3934 3937 3943 3950 3944 3920 3911 3926 3933 3932 3928 3926 3919 3913 3915 3918 3907 3903 3902 3898 3904 3907
3763 3774 3793 3801 3794 3797 3788 3794 3778 3751 3753 3758 3768 3787 3792 3786 3783 3779 3776 3769 3771 3775 3774 3772 3784 3803 3827 3835 3819 3812 3821 3830 3838 3837 3845 3847 3848 3840 3840 3842 3837 3858 3848 3856 3864 3875 3891 3887 3884 3880 3880 3884 3890 3890 3884 3891 3887 3900 3912 3930 3952 3952 3942 3943 3949 3958 3944 3924 3921 3919 3920 3925 3926 3920 3920 3921 3917 3913 3911 3903 3901 3896 3895 3897
3757 3759 3786 3810 3781 3770 3770 3774 3766 3747 3750 3750 3753 3768 3784 3797 3784 3790 3794 3792 3787 3779 3764 3770 3781 3789 3801 3821 3813 3805 3814 3827 3840 3849 3847 3848 3849 3843 3843 3848 3840 3848 3848 3855 3865 3873 3874 3884 3890 3891 3883 3878 3888 3899 3911 3917 3906 3909 3910 3936 3962 3958 3943 3941 3942 3939 3930 3920 3915 3912 3916 3923 3927 3927 3932 3936 3942 3927 3907 3910 3902 3896 3896 3895
3754 3752 3775 3799 3777 3764 3764 3771 3760 3747 3747 3753 3764 3770 3775 3792 3796 3809 3818 3826 3814 3800 3788 3786 3794 3793 3795 3808 3812 3811 3812 3826 3841 3842 3847 3855 3861 3856 3857 3852 3852 3845 3853 3859 3863 3868 3874 3882 3887 3892 3881 3877 3894 3910 3919 3904 3912 3921 3916 3939 3955 3958 3942 3940 3936 3929 3921 3918 3917 3907 3922 3929 3933 3937 3938 3941 3941 3939 3912 3910 3909 3907 3899 3895
3757 3762 3772 3782 3777 3783 3783 3783 3770 3753 3761 3772 3792 3796 3798 3809 3825 3829 3841 3848 3841 3830 3823 3823 3823 3833 3832 3834 3840 3833 3821 3842 3850 3847 3863 3871 3877 3881 3872 3870 3866 3863 3864 3863 3861 3860 3877 3879 3876 3884 3882 3895 3911 3921 3922 3907 3916 3931 3946 3951 3961 3963 3945 3946 3940 3926 3915 3921 3928 3961 3947 3941 3936 3937 3936 3934 3922 3911 3908 3912 3918 3905 3891 3888
3758 3762 3770 3784 3801 3825 3822 3820 3812 3789 3797 3812 3827 3824 3824 3814 3817 3834 3854 3867 3861 3853 3846 3833 3843 3867 3863 3847 3862 3870 3856 3845 3863 3883 3888 3880 3878 3873 3873 3873 3894 3873 3869 3871 3865 3874 3879 3880 3877 3904 3929 3947 3935 3930 3923 3912 3919 3930 3950 3970 3971 3974 3961 3973 3968 3946 3930 3942 3941 3969 3967 3953 3939 3934 3931 3928 3924 3915 3912 3920 3928 3917 3909 3890
