real_craters/C139-500m.grd
DSAA
180 180
-44.7475 44.7475
-44.7475 44.7475
2499.8872829882 4549.8231586119
[rows 60 to 89 of 180, columns 0 to 66 of 180]
3751.88 3750.61 3763.32 3784.73 3807.31 3812.23 3813.05 3810.72 3811.46 3806.28 3799.68 3791.42 3783.78 3777.62 3780.2 3799.09 3826.01 3847.41 3852.15 3854.75 3859.58 3867.49 3863.88 3859.4 3841.93 3837.52 3839.51 3847.55 3855.47 3856.51 3855.66 3855.25 3855.49 3854.64 3853.48 3864.11 3875.59 3886.92 3895.9 3894.31 3894.82 3897.06 3896.42 3884.88 3869.02 3858.58 3861.18 3863.9 3863.51 3870.04 3887.58 3906.5 3898.2 3884.14 3882.45 3885.35 3882.91 3878.27 3872.46 3887.46 3887.33 3888.54 3877.13 3884.82 3904.67 3903.35 3894.3
3757.15 3758.13 3772.59 3794.18 3815.97 3827.99 3819.76 3807.55 3804.84 3797.95 3791.33 3783.29 3773.68 3771.32 3777.03 3796.98 3822.56 3843.27 3852.44 3854.25 3854.05 3848.71 3848.19 3845.96 3836.52 3828.81 3830.63 3834.62 3839.25 3842.29 3843.69 3844.66 3846.49 3851.27 3859.86 3874.52 3889.22 3890.21 3894.13 3899.33 3895.21 3892.52 3883.08 3879.72 3870.83 3860.98 3854.04 3855.15 3854.8 3863.33 3888.05 3910.84 3903.47 3882.41 3881.53 3879.35 3884.75 3886.36 3883.36 3881.62 3888.85 3888.89 3890.96 3901.99 3916.21 3909.06 3903.93
3763.77 3772.52 3781.2 3797.26 3812.19 3818.99 3808.13 3799.95 3795.26 3791.15 3786.58 3781.76 3777.62 3779.46 3785.34 3802.39 3823.87 3845.62 3852.96 3852.63 3848.98 3845.12 3823.58 3824.45 3826.5 3821.75 3821.71 3824.64 3828.06 3829.96 3832.4 3834.5 3838.14 3843.57 3852.82 3868.31 3880.94 3896.89 3906.46 3907.38 3903.27 3893.49 3879.95 3870.4 3871.04 3872.07 3856.14 3856.06 3860.28 3867.72 3883.31 3897.13 3904.52 3908.65 3902.6 3892.15 3898.12 3896.27 3888.95 3878.54 3873.63 3887.52 3908.99 3930.68 3924 3910.24 3906.28
3764.54 3768.92 3778.97 3790.99 3802.78 3804.84 3801.4 3788.46 3785.46 3786.69 3785.69 3783.84 3786.18 3796.03 3806.92 3817.19 3835.69 3857.4 3858.07 3851.99 3844.44 3838.16 3848.52 3838.74 3829.65 3820.64 3816.97 3813.97 3815.4 3819.77 3823.37 3826.38 3830.03 3835.41 3843.29 3850.58 3859.92 3881.96 3905.14 3915.93 3911.56 3897.05 3880.74 3871.81 3871.76 3872.05 3870.83 3862.25 3860.52 3865.83 3875.57 3889.93 3900.36 3907.83 3925.32 3935.23 3917.72 3909.43 3896.69 3885.19 3876.96 3890.16 3911.82 3925.67 3923.68 3907.25 3902.33
3762.87 3764.86 3771.82 3777.56 3783.17 3789.39 3791.83 3784.24 3785.77 3787.66 3785.68 3784.1 3786.08 3798.33 3815.51 3827.58 3841.77 3859.08 3859.96 3850.8 3841.73 3840.4 3850.91 3848.05 3837.28 3829.01 3820.86 3810.9 3810.41 3813.9 3817.01 3819.96 3823.58 3828.2 3833.75 3855.48 3904.43 3943.17 3931.05 3924.78 3915.92 3899.87 3889.13 3880.11 3872.2 3870.97 3867.38 3859.39 3847.36 3853.07 3862.92 3873 3887.02 3903.66 3917.04 3921.66 3917.35 3914.3 3912.78 3898.65 3886.53 3895.7 3912.42 3925 3920.94 3910.38 3908.02
3763.32 3764.41 3767.16 3769.62 3771.96 3773.01 3772.98 3783.1 3797.85 3791 3786.02 3783.55 3784.06 3795.13 3809.98 3831.82 3844.41 3853.76 3859.28 3848.59 3836.25 3829.36 3834.73 3841.66 3840.98 3838.15 3830.41 3820.05 3814.56 3813.59 3814.2 3816.04 3819.04 3825.92 3839.67 3882.02 3973.19 3954.75 3940.83 3922.74 3911.51 3898.98 3877.41 3866.77 3865.41 3868.08 3861.89 3854.3 3848.93 3850.53 3853.44 3853.34 3860.33 3892.37 3907.14 3909.83 3902.15 3893.89 3893.5 3891.1 3889.42 3901.54 3914.87 3920.42 3914.9 3917.69 3915.43
3761.9 3763.91 3763.17 3764.88 3765.88 3765.19 3763.53 3772.32 3791.45 3788.5 3784.6 3783.25 3785.58 3798.94 3829.4 3863.16 3871.48 3864.25 3858.57 3845.33 3834.31 3825.59 3823.84 3845.44 3838.65 3833.22 3827.21 3826.42 3817.77 3813.64 3812.77 3813.83 3817.12 3823.88 3839.58 3877.75 3922.1 3923.04 3934.82 3938.85 3923.54 3902.15 3881.45 3861.43 3856.09 3860.7 3858.79 3853.58 3863.16 3854.55 3851.23 3850.11 3855.06 3869.08 3887.58 3893.04 3887.47 3874.49 3869.89 3877.85 3891.88 3910.11 3921.31 3931.23 3921.12 3910.35 3917.09
3754.94 3755.6 3756.89 3757.89 3761.06 3766.09 3768.83 3767.54 3777.76 3780.57 3781.86 3784.22 3789.88 3804.74 3840.89 3875.96 3883.26 3862.79 3847.43 3838.67 3832.89 3826.65 3821.83 3829.1 3828.19 3823.69 3820.34 3816.07 3814.17 3811.24 3810 3810.02 3812.35 3816.72 3825.14 3835.64 3879.31 3914.1 3921.21 3935.06 3920.36 3900.63 3887.47 3871.94 3851.43 3849.67 3856.68 3851.69 3852.23 3853.72 3851.62 3851.33 3855.94 3857.9 3862.64 3876.89 3886.63 3885.78 3893.39 3927.34 3929.53 3924.24 3926.9 3930.09 3923.98 3919.12 3912.49
3747.91 3748.64 3751.6 3754.57 3756.94 3760.17 3768.95 3770.63 3768.11 3772.88 3778.43 3785.18 3795.22 3810.85 3834.05 3852.43 3860.59 3849.75 3832.6 3829.6 3826.17 3823.57 3822.52 3818.72 3817.25 3814.25 3810.01 3811.07 3809.11 3807.85 3806.55 3804.3 3806 3810.74 3817.13 3830.06 3849.36 3870.72 3891.76 3893.22 3894.79 3887.1 3877.8 3865.13 3859.63 3856.39 3862.47 3859.68 3856.94 3852.52 3851.35 3851.84 3853.7 3853.12 3853.97 3873.7 3893.12 3905.27 3899.68 3915.74 3928.77 3926.58 3925.78 3925.66 3922.28 3916.58 3915.55
3745.34 3745.66 3747.91 3751.08 3753.33 3755.39 3759.51 3759.78 3761.64 3766.29 3773.56 3783.55 3797.62 3815.49 3833.81 3841.13 3841.54 3838.38 3831.54 3823.63 3818.1 3816.34 3815.25 3811.4 3810.59 3808.84 3807.02 3808.03 3808.42 3808.39 3808.82 3810.9 3812.48 3814.71 3818.45 3824.83 3845.77 3867.85 3870.07 3871.4 3870.98 3868.41 3863.22 3855.32 3844.47 3849.72 3854.85 3853.22 3848.86 3849.77 3850.69 3851.3 3850.83 3854.98 3872.36 3879.53 3893.1 3902.23 3901.05 3906.49 3915.49 3919.64 3921.7 3921.03 3921.17 3934.38 3936.84
3745.93 3747.57 3747.86 3745.14 3750.35 3757.42 3759.36 3751.63 3754.57 3759.77 3768.23 3780.05 3794.95 3814.22 3832.15 3839.93 3832.49 3831.1 3828.71 3820.74 3814.75 3813.16 3812.94 3809.4 3808.41 3807.2 3806.22 3807.62 3808.02 3808.34 3808.42 3810.13 3811.42 3813.13 3815.19 3821.68 3843.24 3858.56 3849.23 3845.24 3849.2 3850.85 3849.06 3842.68 3839.47 3840.86 3847.68 3848.53 3846.1 3846.82 3847.76 3848.21 3849.23 3852.9 3867.46 3878.76 3890.9 3902.33 3902.99 3901.83 3905.57 3910.81 3917.35 3923.61 3938.97 3955.34 3967.68
3754.3 3755.65 3757.16 3755.43 3749.41 3744.35 3746.98 3746.17 3746.15 3751.27 3762.65 3774.74 3788.04 3803.73 3822.82 3839.08 3831.57 3829.87 3825.46 3819.59 3812.36 3811.25 3811.56 3812.55 3809.8 3808.25 3806.79 3805.48 3806.04 3806.82 3807.96 3809.35 3810.27 3811.35 3815.13 3820.65 3833.5 3826.96 3827.42 3828.13 3834.32 3837.39 3838.25 3835.72 3837.86 3840.83 3844.59 3848.47 3847.88 3845.95 3844.92 3844.71 3843.31 3840.3 3851.89 3872.34 3887.61 3893.76 3900.01 3896.75 3899.01 3905.74 3914.03 3922.63 3936.71 3958.59 3975.48
3762.95 3764.94 3766.72 3762.91 3751.14 3740.81 3743.07 3747.07 3744.1 3749.02 3759.14 3768.86 3778.76 3789.86 3809.29 3833.76 3834.21 3836.18 3835.69 3830.31 3818.23 3817.46 3815.66 3812.23 3811.9 3813.31 3808.12 3804.23 3805.28 3805.73 3806.2 3807.13 3809.07 3811.61 3814.36 3822.12 3832.72 3830.03 3819.99 3818 3825.77 3830.54 3832.31 3835.59 3830.26 3835.01 3837.92 3839.69 3845.87 3845.16 3844.06 3842.53 3841.07 3844.14 3863.33 3871.03 3874.81 3878.4 3883.28 3882.99 3892.8 3904.32 3914.07 3922.2 3933.79 3968.89 4004.4
3768.31 3769.76 3773.54 3768.72 3753.65 3743.85 3740.01 3740.36 3746.3 3753.55 3757.7 3763.7 3769.54 3776.16 3788 3807.77 3830.35 3840.43 3847.53 3847.83 3842.74 3835.14 3830.66 3828.78 3827.56 3822.93 3820.15 3810.71 3807.13 3805.19 3807.04 3807.77 3807.64 3809.51 3812.39 3816.52 3822.67 3834.12 3829.06 3824.19 3825.02 3827.56 3829.86 3831.13 3831.45 3837.88 3836.42 3833.23 3840.2 3843.96 3844.78 3844.15 3848.47 3866.3 3879.92 3874.88 3867.31 3863.13 3866.55 3874.56 3893.5 3909.34 3924.58 3935.98 3952.65 4001.39 4064.7
3765.22 3766.08 3767.09 3764.03 3753.79 3744.01 3742.44 3746.83 3751.65 3753.24 3757.43 3759.24 3761.96 3766.22 3773.1 3781 3810.72 3836.09 3853 3862.21 3857.52 3850.92 3841.74 3835.02 3830.42 3826.32 3824.48 3814.13 3808.27 3805.61 3806.07 3806.03 3806.68 3808.02 3810.34 3810.79 3810.61 3817.55 3827.11 3827.59 3825.92 3827.25 3829.02 3833.02 3843.37 3845.1 3842.08 3835.97 3840.79 3846.64 3849.1 3852.51 3859.81 3874.72 3880.65 3880.67 3882.3 3882.47 3878.97 3889.72 3904.41 3921.94 3940.74 3961.89 3989.57 4043.48 4142.8
3753.94 3758.01 3758.28 3757.97 3756.4 3752.11 3749.04 3754.76 3758 3762.21 3757.74 3757.13 3757.96 3758.09 3757.78 3770.33 3796.71 3830.68 3851.54 3858.55 3858.52 3856.6 3845.21 3833.68 3822.32 3819.66 3817.71 3810.56 3805.45 3804.18 3803.89 3805.11 3806.15 3805.97 3804.44 3804.12 3807.34 3809.42 3817.76 3822.24 3824.6 3826.14 3828.14 3834.84 3852.13 3849.42 3848.81 3854.93 3852.57 3850.02 3851.21 3860.22 3864.97 3871.54 3879.44 3885.5 3888.81 3898.39 3894.15 3905.92 3921.13 3941.18 3967.26 4000.03 4043.94 4109.71 4202.88
3748.73 3752.31 3754.85 3756.74 3758.22 3757.95 3756.09 3755.12 3754.1 3750.14 3751.92 3754.98 3757.89 3759.36 3761.44 3788.38 3813.02 3835.66 3850.74 3857.56 3850.27 3847.02 3841.07 3829.62 3817.18 3809.25 3803.67 3798.67 3801.19 3803.43 3804.87 3806.03 3806.38 3805.29 3802.13 3797.6 3792.3 3795.36 3801.92 3819.36 3824.36 3825.91 3827.12 3830.32 3847.46 3844.77 3844.92 3847.45 3850.95 3848.32 3845.91 3843.53 3852.05 3863.95 3883.74 3892.67 3896.78 3904.35 3910.85 3919.3 3939.74 3967.5 4000.91 4047.05 4120.75 4217.47 4313.4
3745.48 3748.16 3751.89 3754.25 3757 3759.42 3759.12 3755.88 3752.95 3747.47 3749 3755.71 3762.58 3768.99 3777.36 3790.6 3810.96 3831.64 3846.92 3854.78 3854 3849.91 3840.1 3827.91 3813.59 3803.96 3797.89 3797.48 3801.94 3805.36 3808.11 3808.78 3809.18 3808.94 3806.86 3803.7 3802.32 3811.64 3831.24 3827.51 3827.35 3827.92 3828.07 3829.17 3832.41 3835.43 3838.1 3840.77 3843.56 3844.95 3841.52 3841.55 3844.99 3859.21 3894.16 3899.13 3899.1 3896.02 3903.98 3929.01 3959.53 3992.19 4031.58 4084.47 4181.67 4322.78 4464.21
3742.98 3744.39 3745.91 3750.03 3754.53 3756.37 3756.42 3754.5 3750.27 3747.48 3750.68 3758.44 3769.31 3780.58 3789.85 3794.89 3806.71 3831.34 3840.52 3846.29 3850.08 3846.57 3840.55 3830.98 3821.01 3811.56 3805.88 3809.73 3808.17 3808.25 3809.9 3811.44 3812.26 3813.41 3814.27 3813.99 3817.19 3823.85 3829.35 3829.45 3827.61 3827.19 3829.04 3833.88 3838.8 3834.43 3832.44 3834.55 3838.85 3843.44 3839.96 3838.36 3851.09 3872.34 3905.75 3895.46 3887.56 3894.5 3920.06 3948.92 3981.03 4016.94 4057.06 4104.12 4190.97 4325.2 4459.08
3742.39 3742.52 3743.5 3746.58 3748.6 3754.86 3756.33 3753.92 3750.2 3749.22 3752.42 3762.99 3777.58 3795.12 3812.59 3816.45 3832.18 3835.99 3836.73 3835.28 3847.76 3851.22 3842.2 3834.68 3829.2 3823.4 3816.51 3810.82 3808.06 3810.55 3812.66 3815.54 3817.86 3819.95 3821.91 3823.48 3818.81 3814.53 3825.61 3825.17 3823.93 3823.94 3826.15 3831.45 3830.42 3829.27 3830.18 3833.55 3841.34 3843.94 3844.44 3850.25 3867.82 3883.18 3884.55 3894.99 3892.61 3918.12 3949.41 3970.55 4002.59 4041.87 4085.85 4136.65 4212.7 4300.56 4375.58
3741.07 3741.66 3743.37 3745.18 3749.86 3757.01 3756.9 3754.82 3755.28 3752.01 3753.96 3765.16 3781.97 3802.19 3824.89 3836.89 3842.87 3839.79 3835.01 3838.04 3848.63 3845.85 3840.15 3835.62 3831.76 3829.02 3822.8 3813.77 3810.45 3813.46 3816.5 3819.86 3823.27 3826.58 3828.83 3828.65 3817.06 3801.67 3806.61 3814.63 3816.19 3816.22 3817.44 3821.79 3825.33 3828.93 3831.06 3833.93 3836.97 3842.01 3851.53 3866.24 3887.98 3900.33 3900.06 3903.69 3901.61 3935.34 3952.21 3986.35 4029.75 4078.51 4130.5 4188.17 4280.35 4367.13 4353.16
3739.77 3739.49 3740.27 3742.44 3745.42 3751.08 3752.73 3752.19 3752.29 3749.83 3750.88 3764.53 3782.18 3801.78 3821.87 3830.72 3836.7 3834.31 3833.5 3839.01 3842.1 3832.7 3835.16 3834.24 3833.34 3834.1 3827.03 3820.4 3818.05 3816.96 3819.08 3823.13 3827.27 3831.91 3834.9 3834.63 3821.57 3805.77 3805.22 3807.87 3809.54 3809.62 3809.76 3813.03 3820.05 3829.15 3837.98 3836.56 3835.47 3841.41 3859.6 3880.52 3904.92 3916.44 3916.43 3911.93 3909.93 3934.6 3957.41 4000.27 4056.77 4118.61 4183.12 4254.91 4381.35 4467.3 4324.26
3738.74 3740.27 3740.89 3741.44 3742.33 3745.24 3747.06 3747.41 3745.98 3746.29 3748.93 3764.84 3779.52 3791.79 3807.36 3821.74 3822.82 3834.92 3841.82 3836.23 3826.93 3831.53 3834.11 3834.07 3830.76 3821.97 3824.28 3821.29 3818.53 3820.01 3822.91 3825.99 3829.47 3833.23 3837.13 3838.54 3827.81 3815.64 3806.33 3805.82 3806.77 3806.67 3807.18 3813.67 3824.91 3833.28 3837.28 3837.92 3838 3848.34 3870.83 3890.92 3907.73 3916.17 3918.82 3918.09 3912.31 3927.92 3948.81 4006.33 4077.62 4156.64 4236.78 4321.86 4440.28 4457.69 4263.84
3737.82 3741.84 3742.42 3741.32 3741.5 3740.29 3742.96 3744.61 3746.38 3752.86 3765.06 3774.88 3777.3 3777.73 3777.85 3782.86 3792.09 3815.91 3841.46 3849.68 3861.44 3842.28 3836.97 3835.44 3834.64 3834.69 3828.33 3823.07 3816.79 3822.86 3826.34 3828.32 3829.92 3832.01 3835.57 3839.53 3832.14 3821.35 3810.89 3809.19 3808.39 3808.08 3808.99 3826.46 3833.79 3839.99 3844.81 3840.41 3840.76 3851.19 3885.58 3900.05 3898.16 3905.43 3909.25 3905.07 3899.36 3920.58 3947.15 4010.13 4090.61 4182.95 4280.3 4370.2 4449.35 4391.79 4193.24
3736.19 3737.57 3738.23 3737.93 3737.52 3738.05 3741.07 3743.78 3748.18 3759.54 3781.46 3785.04 3776.3 3767.72 3762.02 3772.05 3780.19 3792.92 3820.07 3837.4 3841.92 3840.9 3839.36 3835.9 3834.69 3834.5 3833.63 3831.68 3832.49 3832.96 3832.3 3830.56 3829.29 3828.39 3828.09 3830.89 3835.75 3830.46 3816.03 3814.05 3812.43 3813.68 3820.52 3836.24 3837.3 3835.71 3838.25 3839.09 3842.51 3849.33 3878.22 3896.14 3901.01 3902.29 3899.98 3890.2 3882.16 3896.94 3935.79 4009.88 4097.02 4196.03 4307.54 4422.44 4457.98 4363.65 4152.67
3736.71 3735.5 3735.7 3735.37 3738.37 3741.14 3741.61 3743.32 3747.23 3755.93 3773.04 3778.41 3773.04 3765.92 3758.39 3769.4 3775.79 3780.51 3804.2 3818.61 3821.17 3834.6 3839.25 3838.54 3833.58 3830.66 3835.01 3839.64 3845.56 3844.24 3838.5 3833.47 3828.8 3824.78 3819.71 3822.11 3840.88 3848.95 3829.54 3820.5 3816.98 3818.42 3825.26 3833.95 3835.41 3835.43 3830.29 3837.78 3845.81 3859.72 3874.8 3888.42 3899.28 3903.17 3905.25 3901.37 3896.52 3898.45 3936.97 4008.94 4093.81 4186.91 4282.56 4378.72 4412.08 4314.17 4111.98
3741.34 3739.66 3736.79 3734.61 3737.27 3741.24 3741.48 3742.6 3744.92 3749.32 3757.18 3762.78 3769.87 3772.59 3769.13 3769.63 3774.28 3772.81 3782.01 3802.19 3818.48 3835.52 3842.18 3844.19 3840.67 3835.18 3836.98 3842.81 3850.95 3848.99 3840.62 3834.13 3828.8 3824.66 3823.61 3828.83 3842.74 3853.71 3846.35 3826.62 3821.05 3820.15 3822.33 3829.02 3830.32 3830.2 3836.63 3839.86 3845.63 3856.17 3876.19 3881.87 3889.07 3901.23 3912.21 3914.57 3908.95 3904.83 3939.2 4005.05 4086.64 4166.13 4232.87 4317.93 4409.11 4298.64 4086.86
3743.89 3742.26 3738.01 3733.81 3734.11 3736.99 3739.98 3742.25 3744.6 3747.94 3756.17 3764.63 3771.71 3772 3771.95 3770.28 3773.39 3769.25 3777.41 3795.53 3816.1 3836.89 3844.44 3851.77 3858.13 3850.5 3839.94 3840.77 3843.36 3842.07 3838.87 3832.94 3827.51 3824.27 3825.21 3829.88 3839.25 3851.4 3856.42 3833.08 3824.09 3822.04 3823.93 3825.05 3825.99 3828.09 3835.9 3838.97 3844.07 3850.39 3861.74 3874.48 3883.08 3894.48 3908.81 3905.79 3898.63 3894.97 3936.34 4001.73 4077.57 4156.18 4228.44 4319.1 4408.59 4283.45 4085.65
3740.47 3739.98 3737.72 3737.13 3736.31 3737.92 3740.41 3742.97 3746.25 3752.25 3764.73 3780.24 3778.44 3770.89 3761.74 3763.25 3761.31 3767.54 3793.46 3805.43 3815.78 3829.72 3843.48 3854.19 3862.91 3852.61 3836.56 3836.72 3840.14 3842.33 3835.19 3829.6 3825.04 3821.72 3817.98 3821.66 3827.07 3837.18 3845.25 3831.12 3827.24 3823.87 3820.63 3821.65 3822.23 3822.03 3829.28 3835.32 3842.53 3851.38 3867.86 3873.87 3877.77 3885.34 3890.98 3909.5 3900.96 3896.19 3933.74 3994.6 4067.67 4151.41 4247.89 4329.1 4355.6 4239 4054.94
3735.55 3734.55 3736.65 3738.16 3740.2 3740.74 3742.25 3744.63 3748.13 3753.75 3766.03 3781.9 3781.4 3777.97 3767.84 3761.71 3758.07 3766.19 3788.26 3804.68 3815.8 3826.33 3844.25 3853.44 3854.2 3845.41 3833.88 3831.22 3832.48 3831.88 3827.33 3824.01 3822.37 3821.99 3818.48 3819.22 3819.71 3824.07 3830.37 3839.53 3834.31 3827.97 3824.33 3823.86 3823.1 3824.34 3827.57 3834.65 3841.58 3852.3 3871.72 3871.48 3874.27 3879.82 3891.33 3915.24 3893.89 3896.78 3933.09 3986.91 4052.57 4127.6 4210.62 4295.61 4313.8 4191.82 4008.92
