real_craters/C139-300m.grd
DSAA
299 299
-44.7475 44.7475
-44.7475 44.7475
2498.1495190064 4557.3042222661
[rows 0 to 29 of 299, columns 0 to 66 of 299]
3832.09 3830.25 3828.63 3827.18 3825.99 3825.19 3825.18 3826.04 3825.39 3824.25 3823.73 3823.59 3823.21 3822.08 3821.51 3822.79 3824.19 3825.83 3827.37 3829.55 3832.68 3837.08 3840.34 3834.29 3829.28 3826.82 3826.9 3828.65 3825.19 3824.31 3824.26 3824.7 3825.72 3826.55 3828.23 3829.8 3831.97 3834.99 3838.81 3844.77 3857.46 3867.79 3861.7 3853.18 3839.17 3826.39 3820.02 3819.12 3820.85 3824.76 3828.31 3828.3 3826.7 3825.21 3823.71 3822.75 3824.52 3831.26 3841.35 3846.59 3850.71 3856.76 3862.59 3865.98 3867.61 3868.48 3869.06
3832.76 3831.13 3829.37 3827.54 3825.47 3823.02 3822.1 3822.68 3821.35 3820.9 3820.73 3820.55 3819.09 3816.41 3816.82 3819.41 3821.99 3825.27 3830.01 3829.7 3829.95 3830.69 3829.46 3828.98 3827.22 3826.31 3826.15 3825.1 3823.31 3822.77 3822.91 3823.51 3824.5 3825.86 3827.27 3829.68 3831.82 3834.46 3838.39 3844.89 3860.19 3870.66 3864.36 3855.52 3840.15 3828.18 3820.86 3817.66 3817.77 3820.25 3822.58 3822.72 3821.64 3820.28 3818.63 3817.02 3817.17 3822.35 3831.1 3835.74 3840.57 3847.64 3854.16 3858.66 3860.88 3861.87 3862.61
3833.07 3831.45 3829.95 3828.17 3826.19 3823.9 3822.68 3822.71 3821.4 3820.7 3820.27 3819.81 3818.09 3815.84 3815.94 3817.47 3819.27 3821.64 3825.25 3825.54 3825.45 3824.88 3823.22 3825.49 3825.54 3825.85 3824.08 3820.72 3820.06 3820.72 3821.55 3822.7 3824.21 3825.84 3827.99 3829.96 3831.87 3833.56 3836.49 3841.24 3852.98 3859.16 3853.38 3843.87 3835.51 3829.2 3824.39 3819.14 3817.15 3816.87 3816.57 3817.63 3817.4 3816.34 3815.15 3814.43 3814.29 3815.28 3821.01 3825.62 3830.97 3838.41 3846.19 3851.69 3853.59 3854.54 3855.21
3833.43 3832.06 3831 3829.6 3828.24 3827.32 3827.32 3826.11 3824.11 3823.82 3822.98 3821.56 3819.89 3817.98 3816.85 3816.56 3816.58 3816.32 3815.25 3819.57 3821.47 3822.18 3822.71 3828.52 3831.38 3828.89 3824.48 3819.89 3818.34 3819.04 3820.44 3822.4 3823.99 3826.23 3828.09 3829.93 3831.5 3832.91 3834.19 3836 3841.18 3844.83 3840.66 3832.22 3829.68 3828.27 3826.31 3820.49 3817.95 3816.57 3815.29 3815.06 3814.54 3813.57 3812.66 3812.76 3814.19 3812.2 3812.49 3815.33 3820.34 3828.96 3837.61 3844.04 3845.5 3846.57 3847.66
3833.92 3833.17 3832.67 3831.81 3830.9 3830.22 3829.8 3830.55 3830.79 3828.65 3826.87 3824.88 3823.17 3821.82 3819.02 3816.38 3815.08 3814.52 3814.92 3817.32 3819.78 3822.15 3827.13 3835.26 3839.25 3833.12 3825.96 3820.08 3817.56 3818.39 3819.68 3822.26 3824.52 3826.35 3828.67 3830.3 3831.73 3832.49 3832.79 3833.07 3833.1 3834.96 3833.35 3828.45 3827.35 3826.76 3824.39 3822.68 3819.86 3817.73 3816.37 3814.53 3813.06 3811.74 3810.29 3809.24 3808.92 3809.16 3808.54 3809.27 3813.31 3820.37 3827.63 3834.29 3835.69 3837.87 3840.08
3834.49 3834.67 3835.06 3834.86 3834.29 3833.17 3831.93 3834.16 3835.03 3834.6 3830.17 3829.58 3826.73 3823.19 3819.22 3815.92 3814.39 3814.6 3816.05 3818.03 3820.33 3822.55 3827.35 3837.01 3841.28 3834.5 3826.94 3820.84 3817.78 3818.26 3819.72 3822.71 3825.11 3827.46 3829.42 3831.09 3832.38 3832.92 3832.57 3831.55 3830.11 3831.1 3831.78 3831.14 3829.91 3826.86 3824.79 3825.48 3821.26 3817.68 3815.58 3814.27 3812.64 3810.55 3808.1 3805.4 3801.91 3801.67 3801.9 3805.49 3809.85 3812.54 3816.24 3819.79 3824.44 3829.6 3833.85
3835.64 3836.99 3838 3838.66 3839.15 3838.72 3838.19 3842.23 3847.47 3845.5 3842.54 3837.92 3831.33 3823.39 3818.48 3815.16 3813.87 3814.39 3816.84 3820.32 3823.34 3824.51 3826.16 3832.99 3836.69 3832.87 3827 3821.47 3818.48 3818.94 3820.69 3823.16 3826.28 3828.98 3831.3 3832.91 3834.11 3834.66 3833.92 3831.13 3829.08 3830.25 3832.5 3835.12 3833.18 3826.49 3820.74 3821.2 3820.26 3817.78 3816.07 3814.85 3812.78 3810.16 3807.02 3803.58 3799.91 3800.91 3801.27 3801.66 3802.42 3804.3 3806.57 3808.48 3815.31 3823.09 3828.99
3837.71 3839.98 3841.82 3843.37 3844.76 3846.44 3848.67 3853.09 3857.54 3855.44 3853.98 3847.16 3838 3828.05 3818.2 3815.04 3814.07 3814.29 3818.21 3824.63 3829.95 3832.49 3831.74 3830.53 3832.19 3831.45 3827.53 3822.69 3819.7 3820.67 3823.1 3825.82 3828.17 3830.7 3832.79 3834.87 3836.75 3837.65 3837.57 3834.1 3829.39 3830.3 3832.41 3834.51 3832.67 3824.67 3817.41 3816.55 3819.27 3820.88 3819.36 3816.71 3813.83 3810.73 3807.21 3803.89 3801.24 3802.41 3802.77 3798.56 3796.46 3798.52 3801.35 3803.8 3811.29 3820.52 3827.08
3841.37 3843.99 3846.25 3848.39 3850.68 3853.82 3858.06 3861.19 3860.69 3858.56 3857.56 3852.3 3844.41 3834.86 3822.52 3817.34 3816.21 3817.3 3822.59 3830.98 3839.61 3846.32 3845.08 3837.9 3835.36 3833.57 3830.04 3825.41 3821.89 3823.83 3826.91 3829.74 3831.91 3833.79 3835.56 3837.52 3839.58 3840.95 3841.97 3838.89 3831.64 3831.05 3831.26 3831.21 3828.58 3821.53 3815.77 3814.57 3818.94 3823.73 3822.13 3818.5 3815.28 3812.14 3808.75 3805.45 3802.66 3801.72 3798.52 3795.8 3794.16 3796.58 3801.32 3806.16 3814.07 3823.03 3828.83
3846.9 3849.05 3851.08 3853.26 3855.77 3859.02 3862.31 3863.61 3861.46 3859.23 3857.36 3853.64 3847.8 3839.21 3827.71 3821.44 3819.93 3821.43 3827.74 3837.37 3848.44 3859.04 3857.55 3848.16 3842.78 3838.48 3834.86 3830.85 3826.78 3829.93 3832.86 3834.59 3835.87 3836.9 3838.06 3839.13 3841.24 3842.93 3844.17 3842.35 3836.26 3832.95 3830.16 3826.57 3821.56 3817.33 3814.14 3813.1 3817.39 3821.04 3820.84 3818.56 3815.96 3813.27 3810.4 3807.6 3804.67 3802.71 3797.54 3793.9 3793.14 3797.08 3804.93 3814.84 3824.17 3829.88 3833.59
3853.99 3854.79 3856.05 3857.77 3859.93 3862.51 3864.17 3863.95 3861.16 3857.83 3855.37 3852.35 3848.99 3842.29 3832.48 3826.26 3824.25 3825.25 3832.15 3841.82 3852.54 3862.28 3860.97 3854.53 3848.1 3843.23 3840.62 3839.24 3839 3840.36 3840.44 3840.15 3839.9 3839.51 3840.14 3841.39 3842.64 3843.86 3844.27 3843.3 3840.24 3835.37 3829.97 3824.09 3817.97 3814.28 3812.39 3814.21 3816.11 3816.83 3818.25 3817.79 3816.28 3814.47 3812.41 3809.88 3807.04 3804.4 3796.96 3792.54 3792.25 3797.38 3808.45 3823.34 3835.57 3837 3838.58
3861.19 3860.19 3860.31 3861.47 3863.18 3865.29 3866.62 3866.42 3863.22 3857.38 3853.69 3849.44 3848.11 3843.45 3836.23 3831.1 3829.1 3829.48 3836.22 3844.25 3852.05 3857.29 3855.29 3850.68 3847.88 3845.12 3844.81 3846.96 3851.45 3851.69 3847.78 3845.02 3843.14 3841.79 3841.47 3842.51 3843.19 3843.83 3844.92 3850.78 3845.16 3837.17 3830.47 3823.91 3817.42 3813.16 3811.18 3816.54 3816.32 3817.03 3817.48 3817.38 3816.58 3815.49 3814.04 3812.25 3809.33 3804.06 3796.23 3791.41 3790.86 3796.3 3809.61 3824.74 3836.59 3840.63 3842.32
3867.11 3864.69 3863.78 3864.41 3865.75 3867.66 3869.26 3869.79 3867.04 3862.25 3854.86 3848.46 3847.02 3843.52 3838.75 3835.49 3834.32 3836.23 3840.62 3845.98 3850.15 3851.41 3847.19 3843.04 3843.52 3843.56 3845.72 3850.22 3855.96 3856.92 3851.51 3847 3843.98 3842.17 3841.29 3841.92 3842.17 3842.57 3842.62 3842.88 3841.45 3836.35 3830.83 3825.24 3819.66 3815.65 3811.7 3811.78 3814.81 3817.11 3817.11 3816.81 3816.49 3816.16 3815.5 3814.58 3812.53 3805.62 3796.64 3792.29 3792.04 3797.01 3810.44 3824.72 3836.91 3841.62 3844.52
3870.48 3867.02 3865.7 3865.91 3867.25 3869.13 3870.79 3871.24 3869.23 3864.87 3857.2 3849.71 3846.28 3843.2 3839.96 3838.16 3838.64 3840.87 3845.13 3848.37 3849.16 3846.33 3841.12 3836.26 3837.08 3839.91 3843.74 3848.75 3854.05 3855.72 3850.47 3845.85 3842.54 3840.62 3839.68 3839.64 3840.7 3840.83 3839.37 3835.5 3835.88 3834.69 3831.45 3827.51 3824.34 3822.12 3819.51 3811.69 3812.92 3815.69 3815.62 3815.7 3815.83 3816.07 3816.29 3816.41 3816.26 3811.6 3800.11 3795.96 3797.02 3802.55 3813.42 3825.02 3834.37 3841.68 3846.96
3870.81 3867.39 3866.14 3866.43 3867.91 3869.69 3871.45 3872.01 3870.28 3866.01 3858.46 3850.5 3845.82 3843.01 3840.59 3839.41 3843.13 3847.26 3850.05 3852.37 3852.26 3847.45 3840.34 3833.68 3832.67 3836.43 3840.57 3844.43 3847.64 3848.44 3845.01 3841.91 3839.47 3838.09 3837.49 3837.93 3838.92 3839.62 3838.73 3832.95 3834.77 3834.86 3832.41 3829.03 3826.19 3823.96 3819.76 3812.2 3810.02 3811.78 3812.93 3813.95 3814.69 3815.53 3816.3 3816.72 3816.65 3812.78 3803.54 3801.02 3803.7 3809.56 3818.4 3828.28 3836.37 3844.77 3850.89
3868.95 3866 3865.21 3865.94 3867.82 3869.94 3871.64 3872.48 3871 3866.42 3859.51 3851 3846.09 3843.62 3841.75 3841.66 3846.95 3851.66 3853.79 3856.58 3859.79 3857.27 3845.56 3836.68 3833.08 3835.25 3837.96 3839.74 3840.16 3838.31 3837.76 3836.37 3835.06 3834.55 3834.34 3835 3836.79 3838.52 3839.03 3836.26 3839.1 3837.76 3833.98 3829.48 3824.88 3821.26 3817.32 3809.56 3806.57 3807.94 3809.6 3811.21 3812.61 3813.91 3815.23 3815.79 3815.68 3810.87 3805.31 3806.9 3810.69 3815.85 3824.15 3834.38 3844.59 3852.17 3856.54
3865.89 3863.19 3862.93 3864.3 3866.74 3869.44 3871.88 3873.37 3872.88 3869.28 3862.76 3854.6 3848.24 3845.06 3842.97 3843.28 3849.12 3853.04 3854.14 3856.9 3861.44 3861.36 3852.34 3843.69 3837.7 3836.66 3836.97 3836.44 3834.63 3831.75 3831.08 3830.7 3830.24 3830.16 3830.59 3831.74 3833.98 3838.22 3845.85 3853.71 3847.77 3841.92 3835.78 3829.56 3822.96 3816.62 3813.22 3806.38 3801.99 3804.67 3806.82 3808.48 3810.64 3812.21 3813.49 3813.93 3813.63 3810.68 3807.98 3814.09 3818.42 3822.02 3830.04 3840.79 3851.36 3858.74 3862.51
3862.11 3859.6 3859.9 3861.89 3864.85 3868.27 3871.69 3874.62 3875.83 3872.92 3868.15 3859.22 3852.06 3846.62 3843.05 3842.15 3847.07 3849.23 3849.58 3851.54 3854.19 3856.67 3858.71 3850.83 3842.65 3839.53 3837.79 3835.4 3831.46 3827.7 3825.77 3825.49 3825.42 3825.71 3826.39 3827.73 3830.6 3836.63 3850.78 3861.4 3852.4 3844.13 3836.87 3830.06 3823.17 3816.92 3813.03 3806.75 3802.29 3803.61 3804.55 3805.98 3808.23 3810.11 3811.74 3812.54 3810.5 3807.9 3809.59 3823.63 3825.09 3829.52 3837.15 3846.13 3856.02 3863.76 3867.71
3857.58 3855.44 3856.39 3859.1 3862.73 3866.79 3870.66 3874.12 3875.88 3870.67 3865.08 3860.85 3854.91 3846.83 3841.4 3838.44 3837.85 3839.56 3841.07 3842.8 3845.08 3847.95 3851.01 3849.66 3845.67 3842.94 3840.05 3835.54 3829.83 3824.27 3821.06 3820.66 3820.98 3821.39 3822.25 3823.53 3825.93 3830.99 3842.81 3852.43 3849 3842.62 3836.28 3830.32 3824.66 3818.46 3813.92 3809.32 3806.32 3804.36 3802.95 3803.59 3805.12 3807.3 3809.69 3812.59 3814.97 3811.85 3810.31 3820.36 3825.74 3831.34 3839.2 3848.94 3860.29 3869.5 3872.53
3852.39 3850.75 3852.43 3855.86 3860.11 3864.74 3868.92 3872.02 3872.19 3867.74 3860.85 3857.25 3851.48 3844.38 3838.23 3832.99 3828.73 3829.87 3831.3 3832.61 3834.06 3836.41 3839.15 3844.43 3847.94 3848.28 3843.42 3836.26 3828.41 3820.8 3816.44 3816.41 3817.04 3817.61 3818.15 3818.89 3820.33 3824.07 3833.49 3841.4 3841.21 3837.6 3833.04 3828.87 3825.65 3824.73 3814.92 3807.2 3803.99 3800.91 3799.91 3800.57 3802.19 3804.34 3807.11 3810.92 3816.11 3813.71 3811.12 3816.84 3822.33 3827.83 3835.39 3848.96 3862.64 3873.14 3876.51
3846.58 3845.42 3848.01 3852.25 3857.11 3862.32 3867.03 3870.29 3870.7 3867.93 3861.99 3856.27 3847.42 3841.35 3835.08 3828.83 3823.49 3822.42 3822.58 3822.83 3823.31 3825.25 3829.6 3839.5 3850.28 3854.16 3845.93 3836.67 3827.56 3819.32 3814.02 3813.89 3814.55 3814.92 3815.02 3814.94 3815.01 3817.09 3827.92 3832.35 3832.45 3830.79 3827.87 3824.68 3821.49 3817.29 3806.7 3798.92 3793.69 3794.17 3795.8 3797.43 3799.31 3801.31 3803.41 3805.44 3807.68 3808.7 3809.34 3812.49 3818.89 3826.02 3834.02 3849.01 3864.64 3876.76 3879.23
3837.98 3839.72 3843.32 3848.1 3853.48 3859.13 3864.67 3869.54 3872.72 3871.59 3867.57 3858.92 3848.23 3839.97 3833.17 3826.67 3820.09 3817.02 3815.89 3814.81 3814.11 3816.2 3821.63 3833.08 3845.07 3850.73 3843.98 3835.36 3826.77 3819.4 3814.03 3813.33 3813.4 3813.28 3813.01 3812.36 3811.11 3810 3814.94 3821.67 3824.04 3823.85 3821.95 3818.6 3813.84 3805.33 3794.84 3790.03 3787.76 3789.96 3792.76 3794.97 3797.11 3798.58 3799.83 3800.37 3801.25 3804.62 3808.4 3812.93 3821.05 3830.07 3836.09 3851.39 3866.3 3877.46 3879.27
3832.7 3835.02 3839.3 3844.37 3849.96 3856.03 3862.18 3868.38 3873.82 3873.81 3865.87 3857.25 3847.38 3838.91 3832.26 3825.79 3818.26 3813.78 3811.48 3809.5 3808.15 3809.69 3815.01 3825.5 3835.63 3840.91 3837.86 3831.5 3825.09 3819.73 3816.18 3814.09 3813.18 3812.53 3812.19 3811.86 3810.92 3808.8 3809.62 3814.48 3817.22 3817.63 3816.15 3813.1 3807.97 3799.32 3788.27 3785.52 3785.91 3788.77 3791.99 3794.45 3796.12 3797.06 3797.86 3798.05 3799.39 3803.6 3809.85 3819.78 3833 3842.62 3848.29 3858.72 3867.91 3874.11 3873.77
3827.49 3831.32 3835.74 3840.7 3846.1 3851.88 3858.21 3864.52 3870.51 3871.33 3864.64 3856 3847.3 3838.44 3831.75 3825.79 3818.73 3812.7 3809.24 3806.9 3805.55 3805.85 3809.99 3818.08 3826.01 3831.18 3829.73 3825.65 3821.52 3818.52 3817.06 3814.4 3812.83 3812.1 3812.02 3812.71 3814.15 3815 3810.57 3811.6 3812.85 3812.85 3811.39 3808.44 3803.98 3796.62 3787.22 3785.05 3787.08 3790.37 3793.71 3795.94 3797.4 3797.92 3797.74 3797.41 3799.03 3804.37 3812.55 3828.78 3851.31 3857.81 3865.42 3869.8 3868.37 3865.22 3862.62
3825.1 3828.54 3832.21 3836.57 3841.48 3846.7 3852.38 3858.08 3863.69 3866.7 3862.29 3860.28 3848.54 3837.9 3830.21 3824.51 3818.27 3811.87 3807.61 3805.21 3803.85 3803.41 3805.99 3811.18 3816.43 3820.07 3820.04 3818.21 3816.16 3814.62 3814.28 3812.32 3811.33 3811.08 3811.53 3812.8 3815.4 3817.77 3811.93 3810.3 3809.94 3809.11 3807.22 3804.14 3799.87 3792.78 3784.28 3785.24 3789.77 3794.44 3796.38 3798.38 3800.03 3800.58 3800.05 3798.94 3800.23 3805.99 3814.23 3829.21 3852.72 3861.76 3874.38 3876.24 3864.84 3856.38 3852
3820.77 3824.87 3828.13 3831.91 3836.23 3840.65 3845.34 3849.61 3853.39 3854.96 3855.11 3855.23 3845.22 3834.4 3825.81 3819.41 3813.81 3808.72 3804.68 3802.64 3801.39 3800.88 3801.98 3804.66 3807.42 3809.14 3809.96 3810.1 3809.7 3809.16 3807.89 3808.09 3809.14 3809.74 3810.62 3811.6 3812.16 3810.83 3809.46 3809.21 3808.31 3806.76 3804.14 3800.8 3796.8 3790.26 3783.29 3785.25 3790.97 3796.23 3799.2 3801.64 3803.65 3804.89 3804.76 3803.67 3804.55 3808.6 3814.32 3823.8 3838.54 3850.18 3858.7 3859.18 3853.86 3847.53 3844.19
3815.52 3819.93 3823.18 3826.89 3830.61 3834.53 3837.88 3840.46 3841.99 3841.35 3842.46 3841.63 3835.97 3827.21 3818.29 3811.11 3806.13 3802.47 3799.94 3798.62 3797.54 3796.87 3797.27 3798.56 3799.78 3800.39 3801.1 3802.22 3803.04 3803.76 3804.84 3806.01 3806.68 3807.75 3809.32 3810.67 3810.65 3808.1 3808.64 3809.49 3808.44 3806.23 3803 3799.01 3794.73 3789.45 3784.84 3787.29 3792.54 3798.06 3802.21 3806.21 3809.28 3811.21 3811.98 3812.33 3811.74 3812.2 3813.87 3817.19 3825.21 3833.46 3838.43 3839.33 3839.76 3838.91 3839.18
3809.34 3813.45 3817.84 3821.73 3824.79 3827.92 3830.43 3831.85 3831.97 3830.2 3830.75 3830.12 3824.89 3817.07 3809.17 3802.14 3798.22 3795.29 3794.55 3794.5 3793.39 3792.08 3792.58 3793.36 3793.75 3793.78 3794.16 3795.24 3796.48 3798.02 3800.32 3802.45 3803.06 3804.98 3807.79 3810.96 3814.31 3816.05 3814.77 3812.63 3809.73 3806.71 3803.14 3798.9 3792.97 3790.69 3788.72 3789.86 3796.42 3800.29 3806.38 3812.05 3816.24 3818.92 3820.07 3819.95 3818.58 3816.43 3814.41 3813.34 3815.51 3820.07 3822.86 3823.86 3826.69 3830.28 3835.15
3804.71 3808.84 3813.22 3816.65 3819.54 3821.93 3824.14 3825.13 3824.95 3823.47 3822.74 3820.71 3815.15 3807.54 3801 3795.89 3792.71 3790.4 3789.85 3789.98 3789.54 3788.76 3789.38 3789.75 3789.52 3789.02 3788.98 3789.22 3790.42 3791.94 3793.52 3795.14 3797.85 3801.44 3805.82 3810.86 3816.78 3822.15 3819.81 3815.41 3811.04 3807.5 3804.14 3801.22 3799.99 3797.15 3797.2 3801.18 3806.52 3809.2 3814.77 3819.92 3823.71 3827.07 3829.35 3828.03 3825.52 3821.07 3816.08 3812.3 3811.64 3812.04 3811.58 3811.13 3814.86 3820.64 3826.9
3801.01 3806.19 3809.29 3811.89 3814.38 3816.76 3818.76 3819.99 3819.91 3819.76 3818.64 3814.02 3808.64 3800.95 3795.41 3792.33 3789.77 3787.77 3786.56 3786.52 3786.95 3788.17 3788.35 3788.38 3787.32 3785.29 3783.35 3783.95 3785.53 3786.73 3787.46 3788.35 3792.27 3797.36 3803.03 3809.06 3815.27 3822.51 3820.28 3816.08 3811.8 3808.6 3805.9 3803.82 3802.04 3803.45 3807.24 3817.59 3820.23 3824.32 3827.4 3828.44 3830.76 3834.57 3839.67 3843.25 3834.22 3825.35 3817.83 3812.05 3808.8 3806.78 3804 3801.36 3805.15 3811.91 3818.46
