real_craters/C139-1000m.grd
DSAA
52 52
-25.57 25.57
-25.57 25.57
3780.4922363589 4600.8339924635
[rows 0 to 37 of 52, columns 0 to 51 of 52]
4140.85 4140.55 4138.56 4143.25 4170.55 4163.89 4146.81 4137.6 4127.57 4130.45 4129.42 4122.55 4106.68 4101.08 4093.15 4097.29 4115.69 4129.33 4141.12 4154.78 4159.53 4173.04 4180.16 4180.84 4170.22 4160.67 4169.26 4175.89 4183.19 4188.37 4197.83 4216.14 4209.05 4201.46 4171.25 4156.93 4168.04 4167.1 4156.03 4148.09 4143.08 4143.85 4134.47 4128.55 4122.93 4125.92 4117.35 4121.24 4124.28 4134.72 4132.79 4124.54
4134.03 4131.44 4131.28 4132.74 4150.74 4152.56 4158.85 4161.36 4149 4142.25 4135.78 4129.86 4121.31 4113.29 4121.27 4127.91 4129.61 4131.03 4133.31 4135.84 4154.87 4161.37 4168.72 4181.48 4175.16 4170.18 4171.54 4173.51 4180.71 4188.44 4194.47 4211.7 4215.97 4214.91 4197.54 4191.54 4192.89 4181.86 4168.36 4160.09 4147.84 4146.72 4138.33 4130.18 4134.16 4138.34 4131.66 4128.85 4134.43 4144.5 4141.21 4136.79
4129.04 4126.96 4131.5 4142.08 4153.44 4153.95 4166.96 4167.88 4160.31 4159.38 4145.97 4141.32 4137.01 4140.42 4137.5 4133.87 4137.65 4142.53 4140.03 4141.23 4145.17 4152.19 4158.69 4161.46 4163.03 4170.56 4169.42 4170.04 4165.17 4178.48 4192.87 4206.33 4215.23 4218.2 4210.74 4206.38 4202.52 4188.6 4172.39 4155.64 4142.84 4142.61 4136.96 4132.34 4135.37 4147.13 4132.04 4128.74 4130.85 4138.07 4143.67 4133.5
4133.04 4133.17 4150.13 4158.73 4162.12 4157.67 4162.06 4165.86 4164.7 4158 4150.97 4151.7 4164.63 4172.74 4155.5 4149.03 4153.01 4153.64 4154.99 4137.67 4127.44 4134.26 4157.18 4160.49 4154.76 4162.09 4169.22 4170.61 4172.55 4172.08 4185.33 4197.36 4208.4 4215.89 4215.32 4215.59 4209.1 4192.09 4178.46 4161.22 4148.14 4144.74 4166.08 4158.28 4146.78 4152.6 4143.33 4136.1 4135.2 4141.98 4139.42 4129.28
4144.01 4156.91 4177.61 4172.09 4160.44 4159.12 4159.32 4157.97 4159.14 4158.44 4147.39 4153.24 4164.98 4172 4163.9 4166.76 4172.98 4166.47 4150.06 4138.25 4126.68 4131.31 4154.47 4160.48 4161.8 4171.04 4185.08 4190.73 4182.23 4162.07 4180.46 4189.54 4198.23 4208.8 4215.91 4222.51 4208.05 4191.45 4183.86 4183.19 4172.33 4166.82 4164.35 4154 4150.09 4154.65 4150.73 4143.42 4141.67 4135.69 4127.53 4121.96
4161.82 4191.02 4212.7 4198.86 4181.03 4161.39 4152.31 4165.34 4168.88 4161.8 4145.68 4149.74 4155.17 4164.14 4167 4196.87 4191.09 4170.83 4155.59 4153.14 4148.06 4144.16 4143.24 4154.21 4161.08 4174.28 4199.77 4212.25 4200.4 4159.41 4169.33 4179.68 4185.43 4188.28 4194.03 4209.89 4187.31 4185.35 4183.2 4176.91 4166.8 4168.77 4161.39 4149.15 4150.34 4149.3 4151.19 4151.98 4145.06 4122.59 4122.25 4119.34
4175.59 4220.49 4232.1 4205 4183.05 4162.03 4156.98 4173.49 4174.8 4160.37 4153.5 4151.91 4150.66 4156.97 4163.4 4203.14 4199.86 4173.82 4168.8 4176.56 4177.24 4174.96 4168.84 4168.85 4168.87 4190.02 4211.02 4218.38 4201.64 4158.22 4166.26 4178.3 4181.06 4176.98 4178.21 4191.04 4194.48 4189 4186.09 4179.8 4171.18 4170.51 4166.91 4161.21 4150.9 4147.14 4153.34 4158.76 4143.52 4118.55 4116.39 4114
4171.69 4193.71 4189.55 4183.43 4169.54 4163.74 4150.45 4157.98 4163.77 4162.22 4160.83 4156.65 4150.83 4166.85 4171.76 4222.02 4217.26 4200.38 4193.1 4197.72 4205.88 4214.47 4214.67 4229.1 4235.74 4226.87 4225.77 4221.92 4213.84 4180.35 4191.09 4195.68 4191.35 4182.85 4178.99 4192.09 4199.05 4192.47 4188.78 4181.16 4179.5 4167.25 4161.43 4156.91 4145.69 4136.12 4148.82 4142.56 4131.42 4116.1 4116.08 4108.21
4166.81 4174 4175.32 4172.94 4172.89 4167.43 4147.08 4141.34 4143.5 4153.99 4157.63 4160.42 4168.04 4198.65 4219.19 4220.97 4214.46 4223.37 4250.59 4245.68 4237.16 4246.27 4244.9 4247.91 4252.82 4240.6 4226.43 4222.81 4229.22 4236.19 4242.56 4222.4 4208.16 4195.98 4185.12 4194.24 4205.48 4200.72 4193.47 4187.13 4162.4 4152.82 4142.36 4149.5 4139.34 4139.56 4148.89 4131.64 4122.97 4115.85 4116.5 4107.32
4165.07 4167.65 4167.92 4174.14 4174.75 4173.09 4153.53 4144.1 4145.39 4151.12 4152.55 4179.95 4223.98 4233.03 4222.15 4201.61 4193.11 4208.45 4223.6 4233.84 4238.26 4248.36 4240.42 4252.27 4248.54 4229.64 4214.51 4222.98 4238.4 4251.69 4256.52 4235.12 4216.91 4203.43 4199.77 4203.57 4213.51 4203.59 4180.79 4174.3 4163.57 4154.14 4146.05 4140.31 4141.69 4142.53 4143.02 4126.54 4122.82 4112.26 4108.54 4102.38
4156.97 4159.16 4159.02 4175.38 4177.85 4175.56 4159.04 4146.19 4149.96 4153.24 4171.97 4227.94 4254.67 4231.26 4202.77 4177.64 4167.9 4177.99 4191.18 4205.88 4224.36 4233.49 4242.67 4239.02 4230.17 4208.39 4204.73 4231.99 4250.17 4261.69 4241.31 4228.75 4216.43 4205.17 4199.17 4204.95 4209.2 4188.89 4156.27 4153.85 4158.02 4155.14 4144.29 4133.37 4137.2 4142.6 4139.01 4115.66 4116.42 4113.85 4116.73 4101.81
4149.57 4155.46 4157.38 4178 4185.21 4176.19 4159.3 4153.65 4154.04 4167.8 4210.73 4252.48 4258.78 4222.09 4182.43 4162.31 4159.79 4166.63 4170.99 4191.75 4214.32 4233.48 4241.69 4226.71 4210.66 4192.57 4192.61 4222.91 4246.52 4265.21 4239.57 4225.84 4213.89 4204.56 4203.45 4203.5 4203.57 4185.98 4153.9 4141.28 4146.56 4155.56 4146.61 4125.42 4133.57 4139.28 4126.78 4112.93 4108.63 4113.22 4115.55 4108.22
4144.87 4156.14 4165.02 4183.74 4188.14 4173.22 4171.64 4144.52 4142.47 4162.3 4216.73 4227.49 4219.46 4191.42 4171.62 4153.42 4152.06 4161.84 4169.52 4178.61 4199.9 4216.33 4206.26 4195.92 4197.54 4189.14 4194.07 4213.1 4219.95 4239.8 4245.06 4228.73 4214.15 4202.99 4199.68 4196.41 4194.23 4184.06 4165.91 4155.3 4147.24 4140.05 4131.33 4123 4134.25 4149.78 4135.91 4108.28 4117.95 4111.86 4125.1 4114.01
4137.07 4155.59 4174.54 4192.16 4180.97 4171.4 4178.01 4162.27 4156.12 4182.89 4204.99 4207.75 4203.15 4176.16 4151.69 4137.36 4139.64 4164.5 4171.8 4173.43 4182.03 4184.31 4190.45 4197.12 4212.95 4209.49 4211.16 4208.56 4210.34 4232.4 4232.03 4225.49 4213.76 4199.75 4190.74 4189.96 4186.44 4177.85 4184.01 4174.88 4166.82 4182.97 4166.19 4142.38 4142.32 4160.35 4136.6 4118.16 4134.9 4107.22 4128.72 4123.64
4136.54 4148.66 4165.85 4174.61 4164.81 4155.81 4162.83 4156.14 4184.74 4203.06 4201.28 4195.76 4190.55 4168.29 4150.69 4136.42 4127.17 4141.07 4161.1 4161.27 4175.64 4195.86 4222.64 4227.17 4221.43 4232.74 4239.58 4227.69 4242.33 4244.13 4226.58 4220.86 4214.28 4202.66 4185.83 4176.62 4179.5 4175.91 4167.56 4163.42 4165.68 4173.4 4188.84 4175.99 4154.31 4167.17 4136.99 4127.74 4142.7 4108.95 4139.48 4136.28
4158.12 4155.46 4158.54 4154.38 4165.29 4162.37 4163.18 4169.44 4192.42 4195.77 4182.64 4179.82 4167.19 4155.64 4156.25 4134.76 4139.96 4152.24 4170.36 4199.25 4232.23 4235.68 4238.39 4242.35 4254.56 4276.71 4285.14 4269.32 4255.47 4286.58 4235.48 4225.65 4213.33 4205.83 4184.4 4177.82 4173.9 4167.77 4153.56 4145.7 4167.92 4177.94 4183.44 4199.81 4163.19 4146.33 4128.68 4128.53 4132.3 4120.21 4140.13 4137.95
4168.57 4165.09 4161.25 4155.37 4158.21 4161.08 4163.39 4191.55 4210.22 4192.05 4179.06 4160.69 4152.8 4144.36 4143.34 4132.91 4147.21 4167.25 4220.66 4267.28 4291.05 4287.46 4272.63 4271.55 4333 4366.49 4370.63 4350.16 4319.81 4295.39 4256.79 4232.54 4215.2 4191.47 4171.15 4164.38 4166.59 4157.79 4148.31 4154.96 4179.61 4194.72 4193.05 4197.45 4182.47 4155.67 4125.09 4116.83 4127.81 4131.74 4122.44 4130.72
4168.33 4159.87 4156.43 4150.88 4147.54 4153.98 4167.22 4211.7 4209.63 4186.36 4183.73 4166.12 4146.74 4137.97 4134.57 4130.19 4146.84 4168.27 4225.7 4280.55 4316.57 4343.96 4378.12 4427.74 4399.58 4413.34 4398.94 4413.74 4350.58 4373.69 4309.46 4270.63 4235.36 4181.8 4165.86 4162.29 4161.2 4163.31 4153.99 4164.08 4176.02 4188.31 4187.79 4177.54 4177.85 4181.61 4151.58 4122.72 4130.27 4139.51 4123.04 4122.26
4146.11 4142.37 4140.57 4135.68 4131.15 4136.98 4160.69 4208.14 4201.46 4184.53 4163.67 4157.73 4131.61 4120.31 4117.11 4131.21 4162.85 4190.36 4244.46 4302.35 4338.25 4378.7 4389.09 4252.35 4157.35 4128 4132.65 4119.37 4133.67 4195.45 4325.87 4350.64 4270.62 4191.17 4165.44 4151.89 4148.41 4152.91 4152.57 4166.74 4175.83 4182.11 4191.48 4182.9 4194.88 4203.39 4171.4 4123.68 4121.67 4139.2 4138.08 4128.28
4132.04 4126.52 4123.94 4117.53 4110.54 4118.6 4147.95 4206.05 4200.38 4180.9 4160.08 4149.5 4117.23 4108.02 4107.67 4137.53 4183.21 4224.78 4295.37 4344.62 4414.34 4260.65 4087.47 3990.07 3936.68 3967.69 3976.92 3991.05 4011.31 4087.52 4215.03 4316.29 4293.84 4246.87 4183.74 4165.3 4157.18 4150.24 4146.66 4159.91 4169.76 4182.54 4205.23 4204.34 4197.21 4202.98 4183.97 4137.08 4126.18 4147.38 4156.51 4141.66
4118.65 4118.83 4117.77 4111.55 4109.35 4119.45 4144.87 4187.66 4203.54 4187.89 4167.23 4150.63 4131.85 4118.13 4114.27 4150.92 4221.71 4294.68 4351.81 4336.2 4190.68 4076.05 3949.19 3892.79 3884.26 3898.51 3895.64 3899.87 3935.65 4001.5 4078.9 4191.06 4313.01 4322.07 4235.44 4179.43 4167.73 4147.53 4153.5 4159.82 4168.6 4182.4 4204.28 4213.63 4194.51 4195.32 4183.43 4166.74 4131.69 4142.63 4149.94 4139.59
4119.07 4125.53 4125.55 4114.79 4111.55 4128.02 4151.81 4189.44 4203.95 4197.36 4171.13 4158.41 4152.28 4138.27 4131.8 4202.79 4253.55 4338.76 4407.34 4180.98 4052.71 3984.39 3908.68 3860.86 3837.4 3853.34 3866.42 3878.58 3901.91 3955.31 4005.41 4133.8 4356.72 4398.95 4251.4 4187.79 4178.44 4194.62 4153.68 4155.27 4159.76 4160.12 4178.73 4193.89 4197.11 4186.57 4179.97 4165.48 4146.34 4127.89 4125.65 4124.3
4115.65 4118.98 4124.24 4113.32 4111.49 4139.92 4163.12 4184.62 4194.67 4188.05 4181.16 4161.28 4144.17 4140.18 4150.68 4218.18 4278.16 4384.76 4348.24 4076.69 3999.72 3936.27 3898.05 3859.14 3831.33 3810.03 3818.67 3842.3 3878.71 3931.72 3958.72 4050.65 4321.38 4377.82 4255.19 4196.58 4167.41 4199.28 4160.41 4147.69 4138.1 4142.61 4152.72 4173.45 4184.61 4183.59 4178.97 4168.71 4140.06 4114.34 4111.3 4111.11
4106.17 4108.72 4116.88 4115.2 4137.1 4166.01 4172.04 4177.51 4183.99 4179.64 4166.61 4142.16 4128.64 4139.5 4173.19 4264.55 4334.8 4430.58 4244.83 4036.95 3969.26 3928.64 3892.77 3872.03 3831.86 3783.11 3780.49 3812.89 3857.15 3907.58 3927.22 3973.03 4211.96 4336.69 4300.18 4228.54 4162.36 4166.35 4167.78 4144.99 4134.4 4138.74 4146.32 4164.4 4173.73 4186.88 4204.76 4190.33 4113.33 4109.31 4110.62 4118.41
4096.65 4100.11 4100.21 4129.86 4167.27 4170.28 4171.2 4160.88 4161 4157.19 4140.79 4130.67 4126.39 4153.99 4184.51 4253.05 4364.22 4467.65 4181.62 4016.98 3965.73 3942.13 3918.4 3891.73 3846.24 3805.28 3781.38 3802.02 3859.57 3909.27 3921.77 3953.48 4102.82 4354.57 4379.39 4273.16 4174.76 4157.3 4151.69 4134 4135.35 4141.87 4151.41 4164.13 4175.33 4190.54 4207.9 4168.85 4124 4113.14 4112.24 4117.7
4096.03 4095.01 4091.51 4133.71 4168.92 4174.87 4170.8 4160.87 4155.02 4149.42 4134.72 4130.66 4129.56 4150.81 4186.72 4253.6 4380.01 4436.34 4184.71 4040.77 3973.47 3944.57 3933.32 3909.57 3872.87 3898 3850.51 3815.45 3862.52 3907.85 3923.56 3954.06 4072.73 4425.83 4431.64 4292.28 4185.75 4159.11 4158.04 4145.61 4137.95 4144.64 4157.7 4176.06 4190.81 4203.47 4186.45 4127.74 4117.17 4111.32 4114.45 4118.16
4083.79 4090.42 4090.52 4112.79 4146.24 4172.17 4178.55 4185.01 4161.58 4152.33 4145.1 4138.75 4139.81 4150.2 4181.34 4244.45 4354.91 4400.5 4198.21 4053.78 3993.06 3948.49 3942.68 3916.52 3886.58 3862.01 3837.49 3845.12 3865.44 3896.89 3929.63 3962.08 4072.8 4418 4417.78 4282.01 4199.15 4169.83 4156.56 4152.02 4142.4 4148.69 4165.04 4200.01 4213.68 4165.69 4146.16 4117.59 4120.21 4117.93 4123.37 4126.72
4071.8 4083.24 4100.67 4103.62 4115.21 4161.17 4194.04 4183.91 4165.93 4151.11 4152.28 4158.78 4151.97 4159.56 4175.87 4222.54 4317.77 4365.74 4243.2 4081.5 4011.16 3980.75 3951.79 3920.3 3900.73 3881.12 3873.02 3891.03 3901.51 3903.94 3945.37 3986.86 4102.43 4417.96 4395.46 4263.75 4187.15 4167.22 4146.08 4141.67 4125.66 4142.66 4169.41 4201.43 4196.77 4140.25 4124.2 4111.2 4116.13 4121.3 4131.04 4147.15
4075.55 4086.82 4090.24 4100.33 4113.5 4148.31 4185.76 4175.3 4160.31 4152.88 4149.91 4147.08 4148.07 4161.88 4162.6 4192.61 4266.34 4372.46 4405.36 4139.34 4031.9 3979.83 3957.33 3942.67 3929.07 3922.86 3925.48 3944.16 3959.59 3948.37 3983.51 4033.55 4184.92 4448.61 4371.67 4236.38 4170.95 4164.2 4135.29 4124.49 4127.35 4135.84 4149.92 4167.37 4165.65 4133.58 4114.08 4118.02 4113.87 4120.9 4133.15 4147.46
4098.03 4106.99 4104.69 4107.47 4115.72 4143.58 4157.11 4163.41 4160.46 4159.35 4159.52 4142.2 4158.77 4161.23 4154.04 4172.51 4214.12 4339.53 4448.1 4260.25 4094.75 4007.46 3978.76 3981.49 3960.31 3953.45 3957.57 3977.62 3996.74 3987.27 4045.85 4105.81 4277.74 4434 4327.23 4201.82 4172.67 4149.87 4123.02 4128.63 4128.29 4127.05 4131.44 4136.58 4149.67 4145.57 4123.23 4122.13 4119.34 4119.09 4132.48 4155.23
4109.27 4111.78 4113.32 4106.62 4098.54 4106.31 4130.8 4150.24 4159.52 4162.85 4153.56 4136.24 4156.24 4155.96 4147.97 4161.24 4193.51 4265.39 4331.62 4434.18 4271.02 4133.32 4068.78 4014.4 3995.98 3983.33 3990.95 3993.38 4002.85 4034.56 4160.58 4265.09 4353.79 4348.52 4266.44 4184.79 4174.03 4122.88 4125.01 4126.5 4120.85 4117.54 4123.4 4129.06 4150.78 4147.46 4128.98 4112.41 4117.94 4112.89 4123.8 4147.6
4093.52 4099.43 4103.83 4097.18 4088.27 4091.35 4114.07 4148.72 4165.05 4158.94 4147.23 4123.66 4132.07 4135.64 4137.38 4157.81 4177.28 4214.43 4253.97 4338.85 4478.92 4427.61 4298.68 4160.4 4080.46 4026.15 4036.81 4081.91 4161.52 4239.72 4312.49 4371.36 4299.8 4248.77 4214.28 4176.22 4159.31 4134.49 4127.19 4121.36 4127.54 4124.28 4118.84 4123.33 4142.1 4153.28 4120.48 4106.27 4112.22 4111.93 4126.95 4175.44
4078.36 4084.63 4085.02 4091.55 4095.98 4096.45 4116.97 4152.34 4165.87 4153.94 4130.29 4110.35 4114.97 4122.8 4131.24 4153.07 4171.78 4188.95 4211.25 4271.26 4410.96 4481.72 4512.22 4449.68 4291.5 4203.92 4241.24 4348.76 4454.7 4600.83 4393.13 4263.18 4178.45 4162.65 4175.78 4161.72 4150.15 4124.44 4119.62 4119.18 4132.4 4121.35 4117.56 4126.48 4139.08 4142.93 4118.1 4117.14 4108.42 4114.73 4125.29 4169.3
4086.59 4100.17 4101.61 4102.73 4104.22 4106.47 4145.59 4159.03 4167.15 4145.11 4115.61 4107.46 4115.06 4120.89 4133.85 4154.64 4161.37 4161.65 4163.64 4197.11 4268.09 4312.56 4366.34 4419.79 4409.32 4424.7 4448.19 4519.63 4510.49 4461.79 4319.75 4208.09 4142.29 4134.09 4153.43 4160.07 4148.65 4129.01 4114.69 4133.45 4135.95 4129.54 4120.4 4128.7 4153.1 4152.28 4116.81 4139.03 4122.4 4124.91 4123.9 4144.4
4097.69 4133.12 4137.27 4124.97 4115.41 4121.75 4129.65 4145.64 4142.62 4119.22 4101.31 4096.86 4102.68 4120.59 4126.56 4135.22 4135.68 4126.95 4123.46 4137.85 4178.35 4219.36 4258.23 4310.7 4356.59 4354.02 4346.73 4336.99 4335.04 4298.12 4219.2 4169.77 4139.61 4141.46 4134.86 4137.48 4131.31 4116.67 4114.34 4121.85 4123.62 4120.49 4126.5 4138.23 4166.68 4168.28 4138.45 4120.21 4108.4 4110.8 4126.71 4123.89
4107.49 4136.18 4146.63 4138.59 4128.43 4132.3 4128.48 4140.57 4122.84 4107.98 4102.29 4098.59 4102.48 4116.89 4122.16 4125.04 4114.85 4097.74 4092.37 4101.01 4127.89 4171.32 4191.99 4221.89 4228.39 4253.84 4253.56 4240.08 4234.36 4208.49 4165.89 4142.84 4129.95 4130.3 4134.59 4124.16 4117.08 4110.36 4100.51 4092.55 4095.67 4125.06 4131.37 4154.87 4165.41 4158.76 4114.76 4111.97 4103.62 4100.05 4106.65 4118.9
4101.02 4120.51 4133.47 4122.16 4123.6 4124.7 4128.44 4148.12 4127.57 4110.79 4109.07 4112.66 4116.7 4117.99 4115.02 4115.21 4098.1 4076.25 4086.96 4092.74 4106.4 4129.5 4152.44 4178.63 4188.26 4201.74 4184.17 4178.77 4192.13 4171.98 4146.18 4128.68 4123.36 4132.73 4134.46 4125.83 4123.97 4108.86 4094.7 4082.61 4095.99 4121.99 4137.29 4144.13 4147.91 4116.81 4116.11 4116.94 4111.44 4110.4 4102.72 4101.41
4091.26 4109.86 4126.77 4128.38 4134.8 4136.17 4139.89 4155.97 4134.85 4122.83 4122.59 4130.85 4136 4125.04 4121.23 4112.34 4099.42 4086.69 4090.11 4092.34 4096.68 4115.52 4156.02 4181.58 4180.26 4175.88 4177.15 4167.57 4167.12 4159.04 4146.44 4138.92 4132.17 4134.71 4126.45 4127.21 4120.77 4112.23 4099.79 4087.65 4100.88 4124.85 4142.43 4148.1 4128.45 4108.87 4113.89 4126.64 4120.69 4111.82 4105.36 4100.12
