real_craters/C139-300m.grd
DSAA
299 299
-44.7475 44.7475
-44.7475 44.7475
2498.1495190064 4557.3042222661
[rows 150 to 179 of 299, columns 134 to 200 of 299]
2829.27 2862.44 2902.37 2950.09 3010.01 3079.1 3158.3 3244.51 3336.95 3435.19 3541.06 3648.53 3715.28 3737.8 3759.82 3755.2 3696.42 3631.94 3549.8 3465.17 3383.74 3306.24 3230.95 3162.25 3100.93 3042.79 2989.74 2943.73 2908.97 2890.86 2882.31 2876.99 2872.64 2870.59 2870.52 2871.85 2874.64 2880.51 2888.48 2896.95 2914.77 2961.44 3031.51 3108.01 3183.43 3251.05 3302.59 3367.07 3465.4 3576.79 3697.01 3822.04 3950.16 4075.87 4178.36 4251.13 4300.31 4331.25 4340.97 4326.2 4298.21 4265.44 4218.29 4150.77 4080.76 4038.33 4003.92
2820.52 2857.37 2901.09 2952.27 3006.61 3070.16 3141.13 3219.29 3300.67 3379.94 3455.04 3529.81 3587.53 3630.94 3653.22 3652.07 3645.89 3585.56 3506.94 3428.22 3351.96 3278.75 3207.12 3141.69 3083.07 3027.6 2977.83 2935.05 2903.41 2885.5 2877.99 2873.32 2869.3 2866.7 2865.75 2865.86 2868.44 2874.16 2882.71 2891.95 2918.51 2973.62 3035.76 3105.84 3178.2 3246.95 3300.72 3359.77 3455.92 3564.14 3682.78 3807.8 3938.09 4070.83 4187.9 4271.95 4328.25 4354.3 4351.63 4331.86 4304.31 4275.99 4236.78 4175.03 4095.21 4049.79 4014.66
2806.66 2844.43 2890.61 2940.28 2991.49 3050 3114.96 3185.83 3257.1 3322.87 3373.16 3426.15 3467.1 3524.67 3549.08 3543.06 3548.83 3509.72 3445.54 3377.73 3309.78 3243.33 3179.32 3118.2 3063.32 3011.19 2965.36 2926.29 2896.71 2881.65 2876.05 2871.41 2866.46 2862.52 2860.02 2859.13 2860.32 2865 2873.79 2884.09 2924.13 2983.86 3037.96 3103.53 3174.22 3244.83 3302.08 3358.1 3448.4 3553.21 3669.48 3791.77 3916.45 4036.69 4168.8 4290.57 4372.64 4380.56 4361.32 4331.59 4296.46 4261.39 4224.18 4176.15 4112.21 4063.42 4025.98
2786.29 2823.52 2868.4 2916.39 2965.51 3020.18 3080.48 3144.42 3210.73 3277.19 3341.11 3378.94 3414.04 3447.29 3460.99 3470.7 3454.21 3422.84 3374.69 3319.55 3261.35 3203.28 3144.12 3094.19 3041.21 2991.18 2950.56 2917.39 2894.3 2881 2876.3 2870.88 2864.46 2858.87 2854.75 2852.06 2851.46 2853.51 2859.73 2872.21 2912.37 2972.33 3028.84 3096 3168.94 3240.52 3300.76 3350.82 3440.37 3543.74 3658.49 3778.37 3899.61 4018.94 4156.97 4293.9 4395.31 4387.58 4360.37 4323.39 4279.33 4230.89 4175.28 4156.85 4119.45 4075.85 4040.37
2761.25 2796.37 2837.99 2883.19 2930.66 2982.48 3038.06 3096.44 3157.36 3221.74 3286.47 3328.29 3375.91 3374.81 3372.68 3364.37 3360.28 3338.44 3301.4 3254.4 3208.08 3164.47 3113.96 3065.17 3018.03 2971.93 2932.4 2908.93 2893.95 2883.27 2879.88 2871.26 2861.94 2854.63 2848.79 2843.97 2841.37 2841.09 2844.32 2858.11 2890.45 2945.45 3008.68 3081.88 3158.97 3235.32 3303.98 3351.09 3433.77 3537.89 3652.8 3771.91 3892.19 4012.88 4148.57 4268.64 4346.06 4367.81 4347.93 4309.48 4260.65 4205.93 4151.74 4134.02 4110.31 4078.12 4049.1
2732.3 2764.02 2801.65 2844.44 2889.95 2938.85 2989.88 3042.66 3096.51 3147.32 3194.26 3239.9 3268.05 3281.3 3283.22 3278.36 3276.36 3259.69 3229.47 3193.5 3157.62 3118.12 3077.28 3036.34 2995.74 2956.39 2920.99 2905.4 2894.65 2883.83 2876.29 2867.81 2857.78 2849.08 2841.49 2835.53 2830.9 2829.4 2832.02 2844.78 2870.52 2915.04 2984.17 3064.63 3147.39 3226.13 3286.62 3339.52 3428.79 3537.68 3654.62 3774.33 3893.37 4016.33 4150.97 4263.54 4327.42 4351.82 4335.05 4297.05 4246.5 4190.2 4137.69 4115.95 4094.2 4068.85 4045.31
2701.08 2728.81 2762.51 2802.92 2846.33 2892.45 2940.41 2987.86 3034.17 3075.55 3114.39 3152.93 3175.47 3192.44 3199.72 3194.59 3186.87 3174.75 3157.86 3131.88 3104.39 3074.2 3041.97 3009.52 2977.58 2946.85 2920.79 2909.01 2898.38 2885.15 2873.33 2862.79 2851.97 2842.09 2833.72 2825.14 2820.11 2818.38 2821.17 2833.72 2852.08 2889.12 2962.89 3049.21 3136.9 3222.11 3293.63 3332.53 3431.59 3545.25 3664.81 3786.06 3904.34 4026.11 4163.4 4290.46 4347.69 4348.15 4327.13 4289.14 4239.05 4182.95 4129.95 4105.56 4079.83 4055.67 4038.87
2669.09 2692.89 2722.61 2760.79 2802.09 2845.59 2890.68 2934.07 2976.18 3013.26 3049.54 3083.93 3107.48 3123.97 3129.64 3123.49 3113.33 3102.43 3091.02 3071.93 3052.97 3030.47 3007.03 2983.98 2962.36 2942.54 2925.75 2918.27 2906.27 2886.65 2871.14 2858.45 2845.59 2834.79 2825.62 2817.7 2811.25 2808.27 2809.95 2823.16 2842.83 2878.11 2952.58 3041.1 3131.45 3221.33 3306.05 3345.74 3448.43 3562.96 3685.15 3808.88 3929.43 4050.79 4174.41 4277.74 4332.51 4341.99 4323.82 4287.4 4238.45 4182.91 4127.22 4099.96 4071.37 4046.02 4031.73
2638.22 2658.91 2685.66 2719.61 2757.86 2799.84 2841.86 2883.31 2923.34 2957.85 2993.6 3028.27 3056.65 3072.25 3071.67 3063.45 3053.56 3044.33 3033.52 3018.91 3004.77 2988.21 2971.93 2957.64 2947.05 2940.69 2935.6 2929.17 2912.17 2884.9 2868.4 2853.61 2839.96 2827.75 2818.62 2810.42 2802.82 2799.74 2801.16 2812.73 2841.41 2884.17 2957.09 3043.85 3131.64 3219.76 3312.63 3384.64 3476.4 3589.28 3714.13 3842.7 3967.68 4087.66 4193.6 4270.13 4323.78 4340.23 4325.41 4291.21 4244.34 4190.7 4134.74 4096.91 4065.43 4037.57 4015.26
2609.76 2626.86 2650.48 2679.95 2716.58 2756.02 2796.19 2837.62 2876.47 2912.63 2946.49 2978.7 3006.13 3021.93 3019.37 3010.33 2999.84 2992.15 2983.24 2971.72 2960.64 2948.14 2936.68 2928.65 2926.42 2931.99 2936.11 2936.61 2917.88 2884.81 2865.35 2846.93 2833.46 2821.44 2812.34 2806.09 2798.74 2795.93 2797.15 2811.8 2850.11 2902.73 2975.33 3059.18 3142.55 3222.52 3307.05 3436.03 3506.2 3620.8 3749.95 3884.37 4014.04 4134.33 4235.77 4301.59 4342.78 4350.95 4332.96 4299.87 4255.09 4205.21 4149.89 4095.77 4059.57 4027.37 3998.55
2582.1 2593.77 2612.52 2640.85 2675.57 2713.76 2754.04 2793.67 2833.32 2868.86 2902.52 2932.17 2955.54 2969.89 2972.15 2967.01 2954.86 2947.02 2939.1 2930.2 2919.54 2908.46 2898.72 2892.75 2893.62 2905.04 2914.26 2922 2903.85 2869.52 2850.23 2834.49 2825.03 2816.07 2808.6 2803.47 2799.77 2796.26 2800.3 2822.8 2871.69 2931.46 3007.12 3090.56 3170.83 3247.23 3332.57 3480.3 3544.5 3657.1 3791.22 3930.97 4067.35 4188.73 4294.59 4366.2 4378.05 4369.04 4343.95 4309.71 4267.28 4220.5 4164.88 4100.27 4055.12 4017.08 3986.06
2557.05 2561.96 2576.88 2603.26 2637.48 2674.41 2714.23 2753.61 2794.24 2829.77 2862.69 2890.79 2910.89 2922.12 2933.35 2935.92 2928.87 2918.47 2904.39 2892.3 2881.02 2869.59 2859.19 2850.64 2846.51 2849.29 2863.4 2876.75 2867.04 2844.72 2826.69 2818.26 2814.97 2812.54 2808.25 2805.97 2804.93 2804.27 2812.21 2844.42 2903.36 2976.99 3058.66 3139.73 3219.49 3299.6 3393.83 3528.55 3581.13 3699.57 3835.52 3977.86 4113.46 4234.75 4338.76 4403.67 4401.98 4381.98 4352.17 4316.92 4277.8 4235.74 4182.8 4108.62 4052.57 4009.22 3976.08
2537.16 2533.96 2545.89 2570.88 2603.42 2639.31 2678.34 2717.49 2758.64 2795.04 2828.13 2857.46 2880.22 2894.24 2908 2913.29 2913.87 2894.8 2872.46 2857.23 2843.92 2831.35 2819.27 2806.87 2795.07 2785.57 2803.07 2821.34 2821.88 2812.12 2800.04 2802.2 2808.08 2813.21 2815.45 2817.81 2817.5 2819.19 2831.43 2870.98 2944.58 3033.25 3121.44 3199.88 3280.91 3368.68 3477.32 3605.81 3650.31 3752.25 3882.83 4022.24 4160.38 4265.61 4356.27 4405.88 4404.92 4383.55 4354.07 4319.04 4282.4 4245.34 4200.43 4116.64 4049.79 4001.86 3967.32
2522.47 2511.6 2521.86 2544.95 2576.06 2610.51 2646.76 2684.83 2726.52 2763.03 2797.56 2830.71 2860.88 2884.63 2893.6 2889.47 2879.72 2858.68 2836.53 2821.47 2808.04 2794.96 2782.77 2768.02 2752.22 2739.87 2751.78 2762.14 2777.36 2790.64 2780.67 2792.36 2807.32 2819.54 2827.4 2834.93 2839.71 2848.24 2868.58 2915.09 2996.26 3090.09 3182.96 3263.87 3346.6 3438.82 3551.43 3676.69 3726.57 3813.13 3931.27 4052.79 4169.02 4275.06 4357.82 4396.59 4393.21 4372.88 4344.19 4311.1 4276.01 4239.77 4199.98 4113.51 4043.75 3995.55 3961.02
2517.66 2498.15 2508.03 2528.86 2557.54 2587.05 2619.82 2655.23 2694.23 2732.24 2768.08 2805.43 2842.51 2875.57 2879.95 2861.42 2837.92 2815.21 2801.35 2788.01 2775.93 2764.06 2750.93 2736.82 2723.4 2714.38 2719.46 2727.67 2741.08 2747.91 2766.23 2792.29 2815.52 2833.44 2848.07 2859.89 2872.26 2890 2924.8 2984.01 3055.67 3151.58 3247.97 3331.21 3415.33 3507.78 3622.66 3748.55 3806.33 3882.54 3990.04 4092.94 4188.64 4278.41 4347.22 4375.01 4372.07 4352.62 4324.55 4291.63 4255.88 4217.33 4169.51 4097.02 4032.57 3987.95 3955.41
2528.99 2502.11 2508.67 2525.3 2547.31 2571.53 2597.78 2627.06 2663.26 2699.37 2737.13 2777.17 2816.66 2850.79 2854.71 2829.74 2796.61 2769.59 2765.32 2756.95 2749.34 2740.61 2730.06 2717.2 2704.87 2699.09 2701.56 2711.3 2726.34 2747.28 2776.46 2809.22 2835.55 2858.14 2876.77 2893.04 2911.34 2938.75 2986.37 3054.05 3127.48 3220.09 3315.14 3402.11 3488.72 3580.44 3698.29 3827.87 3895.08 3967.21 4072.56 4156.42 4227.79 4289.41 4328.99 4347.96 4346.26 4328.01 4300.06 4264.22 4226.06 4184.9 4134.86 4072.19 4016.05 3977.17 3947.77
2559.16 2529.5 2526.5 2535.76 2549.76 2566.06 2582.65 2602.97 2632.74 2667.08 2706.63 2747.55 2785.55 2814.15 2820.11 2799.95 2769.36 2740.57 2732.93 2730.92 2729.28 2726.18 2719.01 2707.34 2694.08 2687.58 2691.04 2700.59 2725.98 2763.66 2811.08 2841.28 2864.2 2887.66 2909.34 2930.28 2956.39 2988.95 3052.91 3135.42 3209.88 3295.13 3384.57 3480.78 3575.74 3666.29 3791.35 3921.73 4002.51 4086.12 4196.48 4263.04 4302.54 4321.29 4320.97 4329.8 4324.42 4303.23 4272.05 4233.57 4192.31 4148.01 4099.23 4045.69 3998.38 3966.49 3943.09
2603.16 2570.66 2561.17 2560.27 2563.8 2570.21 2576.96 2585.44 2602.27 2638.43 2681.88 2723.39 2757.9 2780.31 2786.38 2778.26 2758.11 2729.69 2715.7 2715.55 2718.91 2721.41 2718.22 2709.99 2699.48 2694 2693.15 2701.71 2735.38 2784.64 2842.44 2873.54 2895.04 2919.34 2945.79 2973.66 3004.9 3044.92 3119.18 3210.16 3291.7 3377.39 3470.9 3577.96 3690.42 3795.72 3928.45 4057.45 4180.02 4300.82 4347.61 4399.55 4395.73 4371.38 4347.39 4330.68 4310.64 4282 4245.55 4203.13 4157.46 4109.23 4062.46 4018.54 3980.04 3956.77 3942.25
2660.23 2628.78 2608.46 2594.68 2589.01 2587.42 2585.23 2582.38 2578.52 2622.52 2669.44 2710.24 2740.78 2760.15 2769.28 2770.49 2763.74 2745.93 2722.93 2717.73 2722.64 2727.96 2729.42 2725.93 2712.45 2712.52 2714.81 2717.48 2751.6 2802.4 2858.67 2895.28 2922.08 2952.35 2984.91 3020.25 3060.5 3110.14 3193.13 3285.01 3371.32 3464.11 3566.27 3684.62 3822.27 3970.93 4095.9 4237.22 4370.3 4417.47 4459.47 4482.71 4456.56 4411.39 4370.19 4335.27 4300.57 4263.49 4221.32 4174.91 4125.53 4074.49 4031.24 3994.27 3963.49 3948.61 3943.73
2721.8 2681.76 2652.77 2634.51 2624.77 2618.19 2612.17 2605.95 2606.18 2639.11 2678.39 2713.92 2739.92 2756.18 2764.88 2771.32 2776.08 2775.16 2745.68 2733.03 2736.52 2742.52 2749.46 2756.27 2751.91 2748.86 2750.63 2739.37 2769.96 2815.17 2863.51 2906.32 2944.66 2985.02 3027.06 3071.68 3121.93 3180.19 3274.25 3368.5 3457.96 3553.84 3659.39 3781.92 3925.58 4085.05 4209.69 4338.5 4450.44 4505.7 4513.21 4521.76 4476.14 4426.63 4379.22 4334.54 4290.54 4246.78 4199.5 4150.41 4099.28 4048.93 4008.85 3974.67 3948.64 3939.58 3941.1
2792.9 2741.08 2700.6 2680.81 2670.66 2663.48 2657.12 2651.72 2653.89 2677.45 2706.38 2733.8 2754.85 2766.06 2767.2 2781.13 2787.93 2784.12 2761.67 2751.39 2755.55 2760.28 2768.67 2783.97 2813.13 2774.16 2762.82 2751.58 2781.53 2825.44 2870.23 2918.01 2968.7 3020.34 3073.86 3129.37 3191.59 3266.71 3365.17 3459.34 3549.72 3646.19 3749.26 3863.49 4001 4132.18 4267.26 4384.47 4472.27 4499.38 4501.54 4483.58 4455.16 4415.33 4370.55 4323.43 4275.82 4227.63 4178.31 4131.01 4079.79 4030.46 3992.58 3959.79 3935.68 3928.95 3932.51
2864.66 2806.61 2755.95 2735.87 2726.68 2720.12 2716.53 2712.81 2712.93 2728.68 2747.27 2765.5 2783.01 2796.18 2807.17 2812.18 2804.29 2790.62 2783.82 2783.39 2775.95 2775.59 2780.27 2785.06 2780.42 2762.76 2732.64 2756.98 2801.26 2840.81 2885.84 2938.15 2999.31 3062.07 3124.41 3189.73 3265.61 3359.26 3467.72 3557.64 3645.59 3749.02 3862.77 3972.94 4102.91 4209.14 4315.16 4404.03 4474.33 4488.02 4461.62 4432.18 4414.31 4386.92 4349.26 4306.6 4260.34 4212.81 4163.88 4114.71 4065.49 4019.93 3982.08 3949.27 3925.67 3920.39 3925.54
2942.62 2882.46 2828.47 2802 2790.9 2785.85 2785.37 2787.42 2787.17 2788.1 2793.94 2802.5 2814.47 2829.85 2850.61 2846.25 2820.92 2802.92 2805.74 2797.9 2788.15 2788.83 2791.07 2789.04 2781 2768.69 2761.03 2776.87 2814.05 2863.91 2915.2 2972.73 3041 3110.46 3179.78 3252.76 3335.02 3439.55 3559.7 3660.48 3756.52 3869.34 4014.29 4173.32 4246.3 4308.67 4362.78 4403.06 4426.22 4423.57 4401.99 4381.19 4370.94 4352.85 4321.63 4283.04 4241.86 4196.76 4149.92 4102.51 4054.84 4010.96 3974.08 3942.95 3920.18 3914.27 3918.01
3031.23 2968.36 2910.2 2874.66 2858.48 2852.34 2856.03 2865.3 2860.69 2847.89 2841.37 2841.2 2845.28 2852.08 2862.31 2853.06 2826.09 2800.77 2784.47 2778.63 2789.37 2803.24 2809.82 2805.05 2799.09 2795.11 2796.77 2815.55 2851.78 2902.32 2958.81 3022.5 3094.33 3167.82 3243.14 3321.3 3402.61 3507.69 3649.53 3770.72 3880.02 3996.24 4140.83 4264.48 4362.57 4402.97 4403.57 4395.23 4374.02 4360.71 4347.6 4335.87 4331.59 4319.56 4294.26 4261.35 4223.57 4182.26 4138.78 4094.54 4048.85 4006.11 3970.99 3940.1 3917.08 3908.27 3910.5
3123.81 3051.16 2988.26 2946.18 2923.51 2913.82 2915.59 2929.96 2918.75 2898.79 2884.84 2877.1 2871.74 2866.6 2856.75 2842.51 2826.32 2806.76 2789.17 2782.48 2804.19 2828.43 2845.6 2849.8 2846.78 2843.56 2844.64 2865.43 2901.3 2951.66 3012.69 3082.81 3157.14 3233.33 3314.24 3399.56 3493.26 3612.79 3755.56 3891.66 4023.48 4151.18 4256.42 4332.23 4427.42 4456.64 4429.54 4389.58 4341.92 4315.33 4304.99 4299.48 4298.75 4290.18 4269.5 4241.05 4207.71 4171.65 4132.33 4091.59 4050.22 4009.66 3972.12 3939.94 3915.49 3901.98 3902.41
3186.09 3119.98 3057.92 3012.01 2984.45 2968.71 2960.79 2953.71 2949.77 2938.6 2926.45 2912.71 2899.05 2883.22 2862.8 2846.72 2834.31 2826.95 2824.48 2834.67 2844.41 2862.79 2889.88 2924.34 2922.02 2915.92 2912.26 2918.6 2951.25 3006 3071.93 3146.6 3224.58 3306.34 3392.87 3486 3590.74 3726.38 3869.69 4009.14 4152.75 4295.9 4370.38 4434.32 4483.65 4483.11 4443.54 4387.96 4328.77 4291.85 4279.44 4275.33 4273.52 4265.13 4248.65 4225.28 4196.58 4164.04 4127.76 4091.48 4052.91 4013.04 3974.64 3941.08 3915.32 3899.64 3896.19
3239.77 3180.7 3118.36 3071.22 3043.56 3023.41 3006.27 2990.57 2986.12 2979.02 2967.26 2951.94 2931.59 2905.79 2877.44 2854.06 2847.15 2851.35 2872.01 2870.3 2873.19 2891.05 2919.9 2950.84 2956.96 2951.25 2959.18 2975.25 3010.13 3065.39 3135.09 3213.19 3294.53 3380.24 3473.05 3573.31 3685.27 3825.81 3967.99 4105 4240.47 4359.96 4443.11 4500.73 4530.89 4506.25 4451.67 4387.06 4322.87 4279.98 4266.28 4260.94 4256.79 4247.7 4232.52 4211.42 4186.42 4157.41 4125.74 4092.2 4055.6 4015.74 3976.63 3941.61 3914.92 3898.11 3892.07
3307.87 3246.89 3183.87 3135.28 3108.15 3085.73 3063.48 3043.42 3037.55 3029.85 3016.24 2997.06 2971.78 2940.81 2903.84 2871.46 2867.03 2869.34 2867.52 2870.47 2883.21 2912.34 2943.28 2964.93 2982.53 2992.66 3009.05 3035.13 3070.75 3128.01 3201.64 3279.89 3363.74 3454.16 3552.4 3659.68 3779.49 3912.86 4050.61 4179.89 4303.46 4412.52 4492.65 4538.16 4554.61 4515.41 4451.91 4382.68 4316.8 4270.78 4257.26 4250.88 4245.47 4236.09 4221.39 4201.77 4177.27 4150.9 4122.56 4092.73 4059.76 4017.88 3976.43 3939.26 3911.26 3896.26 3890.1
3386.42 3326.04 3263.54 3212.88 3185.37 3161.52 3136.6 3115.36 3104.88 3092.18 3074.69 3051.68 3023.17 2989.25 2951.24 2918.96 2908.48 2904.69 2895.08 2891.67 2906.03 2939.52 2973.64 3005.62 3018.02 3031.52 3060.39 3098.5 3132.95 3199.06 3275.86 3350.2 3433.61 3526.89 3628.08 3739.52 3866.99 4006.59 4124.75 4237.22 4346.55 4450.76 4516.04 4551.23 4557.3 4504.88 4438.65 4371.93 4308.67 4261.52 4247.2 4241.27 4236.41 4226.39 4211.35 4192.22 4169.65 4144.96 4118.65 4091 4059.51 4016.4 3973.05 3933.32 3902.38 3888.79 3887.08
3478.56 3418.22 3359.05 3308.67 3277.53 3252.13 3227.11 3204.63 3188.12 3169.56 3146.49 3120.76 3088.99 3053.84 3016.76 2985.58 2971.01 2965.74 2956.89 2948.3 2956.7 2979.42 3004.82 3031.59 3054.08 3079.37 3110.39 3158.75 3241.07 3311.49 3353.75 3421.92 3504.7 3599.43 3700.82 3810.16 3930.91 4084.21 4182.28 4274.53 4361.86 4438.81 4490.26 4515.36 4511.25 4471.65 4415.99 4354.62 4295.47 4249.55 4234.86 4231.09 4228.47 4217.57 4201.7 4182.14 4160.25 4136.33 4111.51 4084.75 4053.29 4010.57 3967.05 3925.88 3892.31 3880.58 3882.34
