real_craters/C139-500m.grd
DSAA
180 180
-44.7475 44.7475
-44.7475 44.7475
2499.8872829882 4549.8231586119
[rows 0 to 29 of 180, columns 67 to 133 of 180]
3855.46 3852.85 3852.29 3853.14 3851.57 3850.98 3851.38 3866.97 3905.05 3915.59 3920.78 3919.62 3920.81 3928.39 3946 3964.3 3981.56 3999.49 4023.12 4025.63 4003.57 3988.02 3981.06 3976.87 3975.23 3960.16 3932.46 3921.85 3931.75 3938.1 3931.02 3922.53 3915.7 3915.79 3916.49 3916.08 3914.18 3909.4 3902.66 3897.57 3898.82 3899.21 3898.66 3895.76 3889.96 3896.2 3902.3 3905.03 3904.72 3904.97 3905.03 3897.74 3893.47 3893.97 3898.79 3907.24 3918.6 3932.25 3944.55 3942.79 3940.46 3943.8 3953.43 3969.32 3994.36 4008.98 4016.19
3861.39 3862.14 3858.38 3855.51 3854.44 3854.9 3859.46 3878.7 3908.62 3916.09 3912.67 3915.38 3929.93 3935.62 3941.83 3952.45 3963.67 3978.66 3994.54 3993.01 3978.98 3964.6 3964.34 3968.87 3971.71 3964 3943.34 3921.99 3924.81 3924.34 3921.81 3920.78 3918.32 3916.3 3914.88 3913.26 3911.11 3907.27 3903.44 3900.52 3900.39 3898.16 3893.1 3891.83 3894.87 3909.73 3911.76 3911.32 3908.64 3913.18 3911.37 3896.72 3891.81 3893.28 3896.65 3906.23 3917.44 3928.32 3937.26 3939.88 3941.89 3946.78 3955.17 3967.75 3983.89 4000.6 4008.52
3858.72 3864.24 3862.37 3858.56 3857.35 3860.1 3869.96 3890.07 3906.95 3906.27 3908.29 3914.99 3925.64 3930.79 3934.05 3940.07 3950.33 3962.42 3963.22 3959.36 3953.86 3943 3950.19 3957.49 3964.09 3969.51 3969.2 3947.58 3931.61 3922.18 3918.55 3922.05 3921.69 3918.05 3915.79 3913.68 3910.99 3908.14 3905.75 3904.01 3903.79 3903.09 3905.63 3913.69 3918.58 3930.03 3916.51 3905.23 3905.1 3911.67 3907.75 3888.93 3890.72 3895.26 3901.54 3908.65 3916.99 3923.92 3930.2 3935.74 3940.75 3946.6 3953.48 3960.99 3968.23 3989.93 4007.8
3848.86 3862.91 3863.51 3858.74 3857.7 3861.34 3872.81 3895.87 3913.86 3895.91 3903.74 3914.42 3915.23 3918.55 3922.19 3925.63 3931.65 3940.87 3939.22 3938.91 3938.8 3938.02 3941.01 3946.41 3951.14 3954.7 3968.85 3959.61 3939.2 3922.02 3915.52 3919.82 3920.93 3919.19 3917.01 3914.46 3912.07 3909.67 3908.13 3907.48 3905.71 3903.96 3907.78 3917.3 3939.81 3929.79 3913.96 3899.13 3900.08 3907.02 3902.12 3886.51 3895.12 3901.45 3905.99 3913.56 3919.49 3923.08 3927.09 3933.18 3939.1 3945.48 3952.31 3958.83 3967.02 3986.52 4008.52
3844.07 3848.84 3854.1 3854.33 3855.64 3858.77 3865.15 3890.83 3908.15 3892.38 3900.23 3908.72 3908.44 3909.11 3911.77 3912.48 3910.5 3907.02 3919.75 3930.01 3932.5 3929.77 3934.08 3937.07 3939.35 3945 3956.73 3959.04 3942.97 3923.06 3911.9 3918.51 3919.77 3919.06 3917.83 3916.22 3914.77 3912.5 3910.06 3908.33 3910.71 3912 3916.52 3929.54 3932.51 3922.29 3908.44 3896.85 3900.12 3906.28 3905.02 3900.55 3911.37 3918.23 3919.37 3924.18 3925.55 3926.06 3927.94 3931.97 3937.57 3944.6 3952.98 3961.45 3970.08 3984.12 3998.63
3833.89 3834.9 3842.7 3849 3853.87 3857.91 3866.69 3880.61 3890.01 3891.81 3899.94 3912.29 3905.15 3904.89 3906.47 3907.18 3904.56 3900.72 3914.15 3932.9 3936 3934.36 3931.45 3931 3930.84 3930.98 3946.16 3958.09 3948.65 3928.77 3910.49 3912.96 3917.64 3919.74 3920.09 3920.11 3918.84 3917.07 3915.1 3912.75 3925.9 3941.7 3939.01 3937.06 3930.26 3913.79 3902.7 3895.81 3897.5 3902.91 3913.87 3932.04 3930.13 3940.88 3947.52 3938.18 3932.47 3929.78 3927.85 3928.3 3934.26 3942.67 3953.06 3965.77 3975.67 3978.92 3984.71
3831.03 3831.67 3838.36 3847.19 3856.31 3860.81 3864.08 3878.39 3884.69 3885.53 3897.95 3915.17 3907.37 3903.61 3903.73 3907.49 3908.66 3911.5 3916.29 3919.89 3923.47 3927.25 3927.71 3928.23 3929.7 3933.43 3951.23 3970.61 3960.3 3941.9 3923.08 3916.65 3920.02 3923.38 3925.02 3925.24 3924.73 3924.11 3924.63 3929.53 3945.64 3962.74 3961.25 3944.26 3926.35 3906.36 3897.89 3894.46 3896.25 3901.17 3912.74 3922.53 3933.65 3948.45 3953.53 3945.52 3935.91 3928.56 3925.26 3924.39 3930.67 3939.6 3949.93 3961.19 3968.05 3968.76 3971.4
3829.85 3828.78 3833.44 3848.2 3866.16 3881.55 3889.97 3902.58 3899.44 3889.9 3894.47 3910.37 3906.58 3902.76 3900.32 3898.19 3903.33 3911.24 3911.92 3906.16 3911.2 3918.87 3922.98 3926.64 3932.2 3943.58 3964.82 3981.68 3973.72 3958.83 3943.99 3929.17 3928.72 3929.81 3930.18 3930.89 3931.03 3932.47 3933.97 3939.46 3951.3 3966.35 3962.84 3942.44 3918.98 3903.72 3896.34 3893.17 3897.1 3911.38 3910.21 3905.86 3926.5 3951.58 3956.48 3946.97 3935.57 3925.74 3923.32 3923.29 3927.85 3934.87 3943.39 3951.31 3955.39 3955.17 3954.11
3826.49 3827.23 3831.7 3852 3878.46 3909.56 3933.85 3936.42 3921.4 3899.81 3891.82 3896.86 3902.58 3901.28 3898.59 3895.16 3898.17 3902.37 3900.68 3894.98 3903.14 3913.07 3917.75 3923.39 3931.24 3943.5 3960.63 3983.42 3980.42 3972.57 3965.22 3949.75 3942.2 3938.68 3936.7 3934.88 3935.24 3937.27 3940.52 3945.7 3953.53 3960.2 3954.77 3932.2 3913.8 3907.53 3897.07 3889.59 3888.09 3907.29 3898.82 3898.92 3919.32 3943.99 3951.26 3943.93 3933.03 3923.08 3922.43 3923.67 3924.63 3928.91 3934.92 3942.28 3944.33 3944.04 3943.8
3833.42 3829.9 3834.76 3857.32 3886.27 3914.39 3935.23 3944.02 3930.16 3910.48 3897.61 3891.56 3895.67 3899.68 3898.8 3897.14 3896.26 3894.11 3889.87 3888.87 3894.46 3904.81 3911.86 3918.65 3926.69 3937.02 3950.04 3968.27 3977.85 3979.52 3978.05 3971.16 3956.7 3947.79 3943.06 3942 3942.86 3945.48 3949.34 3951.89 3954.74 3958.24 3950.85 3934.89 3921.16 3904.68 3894.42 3890.23 3891.01 3905.18 3885.42 3890.22 3911.15 3935.5 3942.9 3939.15 3930.78 3922.6 3920.17 3918.83 3919.19 3921.02 3924.38 3928.87 3933.11 3935.77 3936.72
3829.21 3833.8 3842.88 3864.17 3890.64 3917.71 3933.37 3939.1 3928.09 3913.05 3900.78 3895.19 3899.73 3900.33 3897.28 3895.54 3895.11 3895.07 3895.46 3892.26 3894.02 3900.39 3907.06 3913.34 3920.44 3928.55 3941.33 3961.22 3973.73 3980.58 3984.89 3978.06 3962.55 3952.62 3947.1 3945.62 3947.84 3951.75 3956.26 3960.66 3959.84 3951.3 3944.82 3937.58 3925.05 3907.16 3896.51 3893.92 3897.37 3886.29 3873.78 3881.41 3902.56 3925.81 3935.2 3934.4 3929.46 3922.54 3917.09 3913.8 3912.51 3912.91 3913.88 3916.29 3923.46 3932.51 3939.39
3829.32 3841.97 3855.54 3874.6 3893.77 3906.63 3916.93 3919.15 3918.63 3911.62 3903.89 3899.05 3899.24 3899.63 3892.42 3889.22 3893.26 3898.91 3904.74 3897.52 3894.12 3898.4 3904.34 3909.96 3915.81 3922 3937.17 3957.52 3971.11 3977.73 3982 3985.38 3960.54 3951.72 3948.82 3948.21 3950.33 3953.78 3959.25 3966.34 3971.15 3950.48 3945.51 3938.16 3921.49 3904.32 3892.44 3889.66 3897.49 3875.41 3874.52 3887.35 3903.92 3921.66 3927.75 3929.56 3928.15 3921.52 3912 3907.24 3906.35 3906.21 3906.42 3908.88 3915.83 3925.52 3936.33
3841.76 3858.66 3877.72 3892.98 3901.08 3907.88 3907.85 3907.09 3910.41 3911.26 3911.98 3908.53 3894.25 3892.89 3885.29 3884.37 3890.94 3898.02 3902.19 3894.43 3890.11 3896.68 3902.67 3908.73 3914.88 3921.22 3937.22 3956.78 3967.67 3973 3972.06 3962.98 3950.42 3945.25 3946.01 3950.02 3953.98 3957.14 3959.64 3964.7 3964.88 3944.45 3937.12 3934.44 3916.57 3892.6 3876.67 3876.07 3868.93 3866.78 3882.52 3900.12 3907.28 3914.32 3920.09 3924.09 3924.81 3917.11 3905.27 3901.91 3902.14 3902.9 3904.42 3907.01 3912 3917.74 3928.86
3865.07 3880.37 3896.06 3906.62 3912.02 3909.52 3907.86 3905.37 3905.97 3906.82 3907.47 3896.83 3883.39 3882.02 3880.27 3882.39 3890.97 3895.75 3896.5 3889.56 3891.83 3897.93 3902.29 3908.62 3916.42 3928.23 3945.52 3953.26 3960.61 3971 3968.95 3958.14 3942.21 3937.33 3941.5 3947.65 3953.24 3957.47 3957.52 3957.17 3953.37 3940.06 3924.34 3916.19 3899.8 3881.44 3869.71 3877.73 3877.3 3879.39 3897.81 3910.12 3909.9 3905.02 3911.56 3917.39 3920.93 3912.24 3900.76 3899.07 3901.18 3902.94 3904.84 3909.67 3914.5 3919 3928.49
3890.25 3902.1 3917.65 3929.47 3928.62 3921.38 3911.7 3905.53 3902.44 3899.05 3892.63 3881.94 3875.07 3881.07 3891.86 3894.33 3895.15 3896.43 3896.19 3894.52 3893.81 3896.76 3901.8 3907.7 3915.13 3925.42 3934.96 3937.55 3945.74 3968.45 3987.76 3943.89 3920.83 3927.8 3938.4 3946.54 3953.12 3958.57 3958.32 3949.82 3939.45 3937.66 3926.57 3908.5 3887.04 3877.76 3879.21 3893.82 3911.82 3906.17 3916.41 3926.64 3907.63 3900.11 3903.55 3908.2 3911.03 3904.39 3897.21 3899.54 3904.58 3908.27 3906.79 3914.05 3925.03 3930 3933.16
3901.82 3916.32 3935.6 3950.95 3941.03 3928.6 3913.52 3905.12 3899.98 3893.73 3884.5 3876.17 3867.39 3873.93 3892.76 3898.67 3898.89 3899.11 3898.39 3898.49 3896.72 3897.15 3900.19 3904.65 3910.11 3916.55 3912.13 3911.95 3921.36 3945.89 3957.59 3931.49 3914.27 3928.99 3940.41 3949.62 3956.85 3965 3970.29 3968.07 3961.72 3964.55 3943.12 3918.91 3893.19 3884.06 3890.41 3902.18 3913.67 3908.92 3930 3945.1 3915.22 3898.98 3897.79 3900.15 3901.3 3897.57 3895.43 3902.3 3912 3922.4 3929.52 3935.35 3942.98 3951.04 3940.56
3901.96 3918.99 3937.31 3950.19 3936.32 3921.8 3911.29 3904.65 3898.86 3893.39 3885.9 3871.84 3865.92 3871.04 3887.72 3895.82 3899.19 3900.93 3901.68 3895.96 3894 3894.65 3897.92 3900.35 3902.3 3899.6 3900.42 3900.21 3905.13 3924.49 3941.93 3953.26 3948.18 3946.69 3949.8 3955.63 3964.08 3976.19 3990.89 4011.54 4023.18 4019.91 3997.88 3960.64 3924.6 3903.24 3891.08 3894.49 3904.72 3913.53 3942.06 3930.14 3913.79 3896.14 3892.34 3893.72 3895.9 3894.13 3897.14 3906.61 3918.88 3935.26 3957.59 3956 3954.96 3954.41 3942.29
3899.53 3913.93 3927 3932.57 3924.17 3917.35 3918.88 3905.14 3896.52 3890.76 3883.16 3868.85 3869.13 3879.16 3889.06 3894.27 3898.46 3901.56 3903.12 3901.18 3897.15 3897.03 3896.25 3896.14 3896.39 3898.44 3891.95 3892.56 3903.95 3917.32 3941.11 3976.15 3981.99 3962.2 3957.98 3961 3969.77 3982.41 4000.35 4025.61 4043.78 4039.52 4033.05 3993.89 3965.9 3935.18 3897.95 3885.61 3901.31 3916.39 3923.23 3921.28 3911.47 3891.58 3886.85 3886.83 3889.73 3892.94 3899.68 3910.53 3922.64 3935.68 3946.74 3956.94 3959.14 3954.39 3941.33
3899.02 3908.9 3916.68 3917.38 3913.1 3908.52 3903.09 3897.48 3890.84 3884.72 3875.2 3869.15 3872.69 3879.71 3888.18 3891.94 3895.45 3899.13 3902.13 3902.28 3898.38 3896.43 3894.64 3893.31 3890.14 3885.93 3885.06 3884.78 3899.47 3910.79 3931.69 3957.22 3960.83 3956.77 3956.31 3960.43 3968.85 3981.19 3997.31 4012.07 4037.56 4031.5 4020.51 4010.46 3993.71 3965.17 3925.94 3904.97 3911.36 3918.55 3915.82 3907.84 3892.46 3884.64 3882.37 3881.44 3886.26 3897.36 3906.02 3914.65 3924.87 3935.36 3944.62 3958.2 3962.46 3957.37 3942.79
3898.27 3905.3 3911.61 3916.53 3924.55 3908.25 3889.6 3888.79 3884.67 3878.91 3874.72 3868.19 3873.47 3875.91 3883.92 3887.75 3892.05 3896.43 3900 3900.8 3897.29 3894.05 3893.98 3892.98 3890.59 3887.53 3885.75 3887.55 3892.82 3901.07 3918.92 3937.74 3946.06 3944.64 3946.92 3953.26 3961.52 3974.91 3990.54 4011.82 4023.84 4019.12 4017.18 4026.53 4016.46 4001.98 3971.64 3955.96 3944.13 3960.25 3935.61 3909.92 3892.87 3884.55 3884.92 3883.65 3890.3 3902.85 3911.64 3918.45 3927.14 3938.77 3953.78 3968.29 3974.66 3967.98 3950.14
3898.4 3902.64 3907.34 3914.52 3919.98 3909.18 3896.27 3887.46 3881.55 3875.22 3872.32 3874.96 3876.52 3880.6 3877.71 3882.94 3888.27 3893.2 3897.45 3898.76 3898.84 3898.3 3897.08 3894.6 3892.21 3889.93 3888.08 3887.58 3887.34 3896.58 3909.12 3917.97 3921.62 3924.43 3934.56 3944.34 3953.49 3962.15 3972.23 3983.37 3991.72 4006.08 4007.79 4009.32 4015.47 4019.71 4008.58 3997.07 3961.69 3954.75 3951.96 3930.11 3914.44 3901.3 3898.83 3899.9 3903.66 3912.37 3916.69 3921.42 3928.42 3937.39 3954.93 3982.14 4002.65 3992.25 3964.23
3897.75 3898.8 3899.68 3898.91 3899.49 3900.65 3895.88 3886.91 3880.2 3876.26 3872.96 3872.54 3874.19 3876.84 3874.13 3878.92 3883.95 3889.3 3894.75 3899.11 3900.47 3902.46 3900.22 3895.92 3892.12 3890.4 3889.89 3892.46 3892.33 3898.94 3903.52 3904.65 3900.57 3908.85 3926.51 3937.99 3946.27 3951.29 3953.58 3955.94 3964.77 3982.36 3982.73 3979.24 3998.78 4020.65 4016.27 3996.06 3969.91 3962.06 3957.67 3952.16 3943.66 3925.36 3919.94 3912.62 3914.45 3919.58 3920.21 3922.69 3928.57 3942.26 3962.35 3990.71 4016.55 4005.91 3978.31
3893.72 3892.45 3890.98 3887.82 3883.57 3889.07 3887.98 3882.16 3876.54 3871.92 3868.17 3867.83 3871.4 3874.07 3875.62 3876.77 3880.05 3884.27 3889.43 3892.74 3895.4 3899.57 3898.59 3894.43 3893.28 3891.33 3890.8 3891.66 3895.01 3901.45 3904.25 3905.81 3906.12 3917.36 3931.13 3938.91 3943.71 3946.61 3947.42 3952.33 3962.8 3963.87 3959.31 3957.71 3975.55 3998.9 3996.48 3982.38 3967.25 3958.81 3957.32 3964.24 3957.5 3960.35 3947.55 3933.68 3923.12 3921.06 3921.15 3923.28 3926.94 3933.02 3957.43 3988.86 4007.17 4006.67 3988.02
3887.38 3885.82 3884.04 3882.43 3878.29 3881.01 3879.02 3875.09 3871.88 3867.82 3862.02 3867.71 3873.16 3873.96 3872.45 3874.82 3876.31 3877.86 3880.6 3882.86 3885.73 3889.6 3889.96 3887.98 3887.43 3889.49 3891.38 3892.59 3896.59 3904.05 3908.4 3915.72 3926.28 3941.59 3942.6 3943.67 3945.03 3945.02 3944.51 3953.26 3971.18 3967.08 3954.16 3946.97 3955.29 3970.59 3969.35 3963 3960.01 3953.54 3957.79 3966.83 3966.72 3985.9 3967.89 3944.33 3928.36 3920.36 3922.5 3925.52 3929.16 3932.96 3955.73 3982.73 4003.29 4002.83 3993.9
3881.94 3878.5 3876.52 3874.58 3866.82 3863.22 3866 3865.61 3864.67 3860.97 3856.47 3861.13 3867.44 3877.84 3877.14 3875.02 3872.35 3870.06 3869.23 3872.91 3877.03 3878.4 3878.93 3879.95 3880.12 3887.59 3893.13 3898.44 3903.3 3904.6 3911.75 3924.91 3940.87 3950.63 3950.35 3947.62 3946.41 3945.76 3940.82 3934.23 3939.43 3949.87 3954.58 3941.44 3937.57 3947.39 3950.85 3951.3 3957.93 3961.13 3962.22 3963.45 3972.9 3976.01 3969.08 3956.59 3937.32 3927.26 3926.74 3929.91 3936.68 3951.2 3960.43 3976.05 3988.97 3995.88 3994.97
3874.88 3871.49 3869.15 3866.1 3858.01 3856.38 3856.75 3856.92 3855.75 3858.92 3857.99 3855.84 3858.42 3868.54 3876.52 3873.48 3868.47 3863.78 3861.64 3866.06 3870.42 3870 3871.04 3878.38 3884.69 3890.56 3895.85 3900.32 3901.71 3900.7 3913.3 3928.33 3944.86 3953.31 3950.59 3946.3 3945.27 3947.67 3955.09 3937.37 3939.85 3963.25 3973.1 3943.29 3930.65 3946.09 3949.87 3944.67 3959.54 3971.22 3975.98 3965.21 3966.48 3960.96 3959.74 3953.83 3943.39 3934.71 3930.98 3933.6 3940.26 3949.52 3960.53 3974.31 3985.14 3989.46 3992.8
3869.03 3865.12 3862.5 3860.39 3856.9 3851.46 3851.34 3851.7 3849.71 3853.57 3856.15 3853.4 3853.95 3871.69 3878.29 3871.36 3864.46 3858.75 3856.69 3861.02 3864.04 3866.18 3868.03 3882.18 3892.88 3895.92 3898.8 3901.52 3903.48 3912.34 3919.88 3927.04 3933.85 3941.91 3942.84 3939.35 3939.28 3941.36 3943.75 3935.88 3953 3977.76 3970.19 3955.38 3951.42 3957.08 3955.05 3948.03 3952.75 3956.68 3957.63 3964.45 3959.87 3959.78 3958.15 3948.5 3935.24 3931.87 3932.07 3935.06 3941.46 3948.91 3955.72 3964.38 3974.45 3981.05 3985.82
3861.51 3861.55 3858.39 3852.5 3853.05 3850.09 3849.36 3850.77 3851.48 3850.62 3851.87 3853.33 3858.68 3865.74 3863.51 3864.14 3860.56 3856.08 3854.93 3860.53 3866.03 3869.14 3874.49 3887.91 3897.37 3898.97 3901.27 3904.38 3909.36 3914.07 3919.54 3924.78 3924.48 3921.88 3923.44 3927.34 3930.18 3931.86 3928.09 3937.13 3946.31 3957.56 3958.57 3957.6 3956.81 3951 3947.91 3954.38 3941.46 3941.67 3943.84 3962.61 3960.09 3961.75 3954.21 3940.97 3934.7 3931.88 3931.55 3933.8 3938.57 3944.46 3948.48 3952.12 3960.84 3970.27 3976.55
3866.9 3862.28 3858.35 3857.94 3853.32 3849.61 3848.12 3850.8 3855.56 3848.42 3849.04 3852.22 3855.38 3857.13 3856.7 3858.88 3859.17 3857.26 3858.24 3864.01 3870.25 3874.01 3878.02 3886.77 3894.78 3898.9 3903 3907.75 3913.56 3920.67 3927.69 3927.75 3922.68 3913.83 3909.57 3918.08 3921.47 3924.8 3938.19 3940.68 3934.03 3935.7 3945.25 3948.73 3948.44 3947.55 3943.62 3947.18 3940.02 3936.26 3935 3950.37 3959.4 3955.43 3941.87 3928.96 3935.69 3930.85 3930.06 3930.81 3932.16 3937.24 3943.31 3947.76 3955.17 3962.91 3967.89
3865.35 3861.55 3858 3852.14 3852.43 3843.91 3845.38 3846.86 3851.5 3846.83 3848.73 3852.63 3854.14 3853.82 3856.81 3860.92 3861.15 3860.57 3863.09 3869.08 3875.66 3879.26 3880.12 3883.29 3890.69 3897.97 3904.32 3910.85 3919.66 3932.52 3941.3 3934.36 3926.18 3919.65 3918.72 3917.88 3916.04 3911.19 3914.23 3943.11 3910.72 3914.55 3924.57 3933.33 3940.29 3946.8 3950.42 3945.2 3942.28 3939.19 3936.19 3947.43 3943.96 3931.59 3917.57 3918.67 3921.94 3926 3926.97 3928.12 3928.09 3933.93 3941.56 3947.94 3953.41 3958.34 3962.15
