real_craters/C139-750m.grd
DSAA
120 120
-44.7475 44.7475
-44.7475 44.7475
2507.3612620003 4564.1316946691
[rows 76 to 113 of 120, columns 0 to 83 of 120]
3749 3756 3762 3770 3777 3784 3796 3815 3813 3821 3836 3828 3821 3822 3821 3814 3784 3773 3772 3774 3775 3775 3778 3784 3788 3794 3803 3812 3811 3816 3825 3832 3838 3841 3844 3844 3835 3842 3851 3861 3879 3890 3898 3893 3893 3882 3875 3871 3877 3902 3940 3977 4020 4048 4064 4049 4064 4013 3951 3920 3926 3948 3986 4115 4183 4147 4156 4188 4230 4225 4163 4071 4043 4046 4061 4036 3980 3932 3922 3907 3886 3897 3900 3897
3748 3753 3760 3765 3771 3774 3777 3782 3796 3804 3820 3831 3828 3830 3836 3813 3786 3775 3774 3776 3777 3779 3783 3785 3790 3795 3802 3809 3816 3821 3827 3832 3837 3849 3843 3837 3831 3836 3846 3851 3862 3873 3891 3896 3891 3892 3869 3849 3852 3872 3887 3896 3918 3941 3967 3974 3992 3990 3983 4005 4097 4178 4270 4298 4242 4171 4150 4175 4176 4160 4104 4021 4009 4023 4034 4009 3965 3929 3923 3912 3898 3892 3898 3898
3762 3766 3762 3763 3765 3767 3765 3767 3783 3806 3818 3831 3820 3810 3798 3786 3780 3777 3779 3780 3784 3784 3779 3787 3792 3797 3804 3813 3821 3825 3832 3837 3840 3847 3842 3833 3828 3836 3847 3864 3857 3862 3865 3877 3881 3877 3866 3857 3859 3862 3881 3907 3910 3912 3922 3931 3955 3963 3974 4004 4051 4107 4179 4168 4146 4128 4118 4140 4153 4133 4084 3999 3987 4015 4023 3995 3965 3932 3908 3905 3913 3906 3910 3911
3761 3760 3760 3760 3760 3761 3761 3761 3780 3801 3803 3808 3805 3796 3785 3779 3781 3784 3786 3786 3782 3786 3792 3794 3798 3801 3810 3822 3824 3828 3838 3843 3843 3838 3833 3835 3840 3838 3844 3849 3852 3860 3867 3870 3871 3866 3862 3860 3857 3859 3875 3897 3905 3902 3902 3908 3926 3946 3961 3975 3979 3994 4029 4036 4060 4089 4134 4156 4145 4115 4070 3987 3968 3987 3993 3982 3958 3929 3896 3898 3915 3935 3939 3908
3761 3759 3761 3757 3757 3758 3761 3765 3781 3793 3791 3791 3791 3788 3776 3777 3788 3799 3798 3794 3792 3792 3798 3803 3807 3814 3829 3845 3845 3837 3844 3848 3846 3842 3844 3836 3834 3835 3841 3845 3853 3860 3869 3866 3861 3863 3856 3861 3872 3860 3859 3864 3893 3889 3888 3892 3908 3927 3944 3951 3949 3952 3963 3973 4013 4049 4086 4127 4112 4076 4023 3951 3942 3962 3978 3966 3929 3914 3911 3895 3891 3890 3884 3876
3760 3759 3756 3755 3755 3757 3762 3778 3788 3792 3785 3784 3784 3778 3771 3780 3801 3810 3811 3806 3800 3799 3802 3810 3817 3831 3855 3869 3870 3854 3853 3851 3851 3850 3848 3849 3843 3836 3842 3845 3848 3853 3862 3858 3847 3835 3846 3855 3851 3856 3855 3856 3870 3876 3882 3893 3892 3918 3933 3942 3948 3955 3971 3985 3997 4008 4024 4080 4065 4019 3974 3927 3925 3950 3970 3968 3935 3912 3896 3891 3876 3861 3861 3857
3767 3760 3753 3753 3754 3757 3764 3790 3794 3797 3787 3789 3789 3781 3777 3790 3820 3825 3827 3820 3809 3806 3805 3813 3822 3852 3869 3883 3886 3867 3858 3853 3862 3871 3865 3856 3846 3841 3846 3846 3846 3848 3851 3855 3852 3847 3843 3837 3847 3860 3857 3859 3874 3868 3875 3884 3916 3918 3926 3939 3958 3981 3990 3998 3988 3980 3976 4007 3979 3953 3927 3909 3923 3944 3960 3966 3926 3912 3902 3897 3891 3879 3870 3858
3766 3763 3759 3757 3757 3759 3769 3793 3795 3791 3795 3805 3808 3802 3792 3798 3829 3846 3840 3830 3826 3816 3816 3817 3814 3816 3848 3889 3903 3900 3860 3849 3869 3906 3878 3859 3850 3846 3850 3847 3843 3841 3851 3860 3866 3862 3852 3845 3854 3865 3853 3847 3849 3860 3863 3874 3896 3904 3914 3930 3953 3979 3986 3994 3975 3961 3950 3930 3919 3913 3908 3907 3914 3926 3925 3912 3895 3894 3897 3899 3907 3902 3877 3870
3781 3772 3767 3763 3761 3763 3768 3786 3797 3802 3812 3828 3823 3824 3807 3793 3803 3817 3821 3824 3828 3830 3826 3824 3811 3812 3817 3831 3887 3900 3856 3834 3848 3867 3850 3846 3849 3845 3846 3844 3841 3843 3856 3866 3871 3870 3862 3854 3849 3847 3841 3830 3832 3840 3846 3855 3865 3879 3896 3912 3926 3933 3938 3949 3950 3937 3921 3899 3899 3907 3910 3915 3920 3912 3907 3901 3886 3878 3882 3891 3898 3896 3888 3888
3792 3781 3772 3768 3766 3768 3778 3783 3790 3801 3794 3795 3810 3815 3798 3776 3772 3780 3789 3806 3815 3813 3811 3803 3803 3804 3806 3821 3862 3886 3854 3819 3821 3837 3840 3844 3849 3849 3843 3844 3843 3854 3864 3872 3879 3877 3872 3864 3848 3843 3835 3828 3837 3840 3850 3849 3848 3861 3879 3890 3895 3903 3918 3931 3931 3922 3903 3906 3904 3916 3914 3918 3927 3912 3899 3881 3871 3876 3880 3883 3881 3877 3881 3895
3797 3786 3777 3773 3771 3772 3771 3773 3771 3768 3769 3781 3794 3798 3789 3782 3769 3770 3778 3785 3791 3792 3803 3808 3802 3807 3808 3817 3837 3852 3832 3806 3800 3807 3850 3851 3850 3856 3841 3835 3840 3863 3872 3874 3875 3879 3881 3883 3877 3849 3837 3832 3834 3831 3826 3836 3849 3860 3868 3874 3875 3881 3898 3908 3914 3919 3926 3922 3910 3900 3906 3910 3916 3919 3900 3879 3872 3874 3878 3882 3884 3879 3873 3881
3785 3783 3778 3774 3774 3773 3766 3764 3763 3770 3772 3769 3774 3779 3774 3767 3769 3772 3778 3785 3793 3805 3808 3804 3816 3813 3811 3813 3818 3813 3801 3792 3792 3795 3802 3825 3838 3842 3848 3829 3837 3859 3868 3870 3873 3878 3881 3878 3867 3843 3841 3841 3841 3840 3841 3843 3854 3863 3864 3869 3876 3888 3896 3892 3903 3916 3932 3929 3913 3905 3900 3900 3902 3919 3903 3882 3871 3877 3881 3885 3890 3881 3877 3876
3779 3780 3779 3778 3775 3772 3764 3761 3760 3770 3772 3762 3760 3760 3765 3768 3770 3773 3779 3790 3801 3813 3818 3819 3824 3816 3810 3809 3808 3805 3798 3796 3803 3799 3789 3809 3823 3835 3840 3831 3839 3856 3856 3866 3871 3876 3878 3875 3849 3855 3844 3842 3860 3851 3860 3851 3850 3850 3861 3869 3877 3892 3900 3892 3899 3913 3927 3925 3914 3903 3896 3888 3891 3903 3894 3877 3874 3880 3880 3882 3885 3878 3874 3874
3778 3777 3776 3775 3774 3772 3767 3764 3762 3758 3759 3758 3753 3756 3763 3769 3772 3774 3778 3787 3799 3811 3818 3837 3830 3822 3811 3808 3805 3799 3796 3804 3809 3807 3802 3804 3809 3816 3822 3821 3820 3823 3836 3854 3871 3869 3872 3870 3846 3835 3841 3847 3857 3848 3842 3850 3853 3858 3861 3868 3877 3889 3896 3886 3894 3909 3911 3912 3908 3901 3894 3888 3889 3884 3881 3869 3865 3876 3875 3872 3874 3874 3868 3876
3774 3774 3772 3770 3769 3769 3767 3765 3765 3761 3759 3758 3762 3760 3761 3764 3767 3770 3772 3777 3786 3790 3800 3824 3845 3833 3824 3816 3814 3818 3839 3837 3825 3817 3805 3797 3797 3795 3795 3798 3791 3796 3814 3824 3836 3853 3860 3858 3846 3839 3849 3864 3863 3854 3854 3854 3856 3858 3862 3867 3872 3875 3889 3889 3899 3905 3896 3896 3904 3903 3898 3894 3893 3888 3877 3862 3855 3867 3865 3859 3854 3865 3863 3853
3776 3773 3770 3766 3766 3768 3766 3764 3762 3760 3759 3763 3756 3760 3761 3764 3767 3772 3773 3777 3779 3781 3786 3797 3809 3828 3828 3822 3821 3845 3894 3879 3865 3839 3804 3792 3792 3797 3792 3794 3795 3796 3798 3809 3823 3840 3852 3856 3850 3850 3853 3859 3871 3867 3868 3864 3866 3868 3866 3865 3868 3869 3876 3892 3902 3903 3890 3889 3907 3910 3907 3905 3908 3901 3886 3866 3848 3853 3853 3852 3849 3845 3850 3837
3781 3773 3768 3763 3761 3761 3760 3758 3756 3751 3756 3760 3756 3758 3761 3764 3770 3774 3772 3773 3778 3779 3784 3793 3825 3831 3827 3820 3814 3818 3842 3853 3858 3822 3804 3798 3796 3797 3796 3808 3819 3818 3794 3805 3818 3832 3847 3856 3856 3858 3863 3870 3882 3892 3890 3882 3879 3874 3868 3864 3861 3871 3882 3904 3908 3906 3891 3885 3898 3920 3916 3915 3906 3889 3882 3869 3846 3844 3846 3848 3857 3855 3842 3836
3781 3772 3766 3760 3757 3755 3753 3752 3749 3748 3753 3757 3758 3760 3763 3767 3770 3768 3767 3767 3770 3777 3784 3790 3814 3824 3828 3812 3800 3797 3796 3817 3834 3815 3808 3817 3821 3821 3830 3834 3825 3810 3795 3795 3808 3825 3842 3854 3863 3873 3874 3884 3897 3906 3908 3903 3896 3885 3877 3870 3869 3881 3908 3936 3935 3927 3907 3889 3885 3922 3907 3905 3902 3896 3880 3861 3849 3840 3839 3841 3852 3862 3838 3829
3779 3770 3763 3757 3752 3749 3748 3748 3750 3754 3756 3758 3763 3765 3765 3767 3770 3764 3765 3770 3779 3780 3784 3792 3797 3801 3799 3799 3789 3784 3793 3806 3838 3811 3813 3836 3841 3851 3849 3825 3799 3790 3785 3788 3799 3817 3837 3850 3861 3875 3891 3897 3911 3922 3930 3930 3914 3901 3888 3879 3877 3887 3925 3960 3974 3956 3928 3898 3882 3889 3891 3889 3880 3859 3841 3827 3810 3821 3829 3840 3837 3831 3821 3822
3774 3767 3760 3754 3749 3748 3749 3748 3752 3758 3760 3760 3764 3766 3766 3766 3767 3768 3764 3770 3775 3781 3786 3790 3795 3795 3795 3796 3793 3788 3783 3801 3817 3807 3811 3822 3826 3829 3820 3802 3786 3783 3783 3780 3793 3810 3825 3838 3848 3856 3880 3897 3920 3939 3944 3939 3925 3910 3897 3886 3889 3902 3935 3971 3984 3976 3939 3904 3880 3874 3872 3879 3863 3844 3829 3817 3799 3799 3817 3828 3830 3814 3790 3791
3769 3764 3759 3754 3752 3754 3752 3752 3757 3763 3763 3764 3765 3765 3766 3768 3768 3770 3767 3772 3773 3779 3782 3785 3789 3792 3795 3799 3803 3795 3783 3805 3820 3809 3800 3797 3807 3800 3814 3803 3790 3787 3785 3781 3791 3805 3823 3830 3837 3848 3857 3888 3927 3953 3952 3941 3930 3920 3909 3895 3892 3909 3934 3961 3982 3959 3929 3901 3885 3882 3872 3858 3851 3834 3831 3824 3808 3792 3809 3833 3823 3801 3776 3771
3763 3761 3758 3754 3753 3755 3754 3755 3755 3758 3761 3763 3759 3761 3765 3770 3777 3774 3770 3774 3777 3778 3779 3779 3785 3790 3793 3798 3802 3792 3780 3781 3792 3783 3785 3781 3781 3792 3803 3805 3806 3796 3788 3783 3789 3801 3814 3823 3829 3833 3846 3890 3938 3976 3965 3946 3934 3926 3919 3906 3904 3913 3925 3942 3956 3932 3907 3889 3876 3883 3894 3872 3845 3830 3830 3818 3800 3783 3792 3801 3805 3789 3769 3769
3757 3755 3754 3753 3752 3753 3753 3752 3753 3756 3759 3761 3759 3758 3766 3771 3776 3779 3770 3772 3774 3777 3780 3785 3790 3792 3793 3792 3786 3779 3774 3775 3777 3784 3779 3778 3782 3791 3794 3806 3811 3803 3788 3779 3787 3797 3810 3817 3826 3835 3854 3890 3930 3969 3973 3951 3932 3922 3918 3911 3908 3910 3912 3907 3905 3889 3887 3885 3877 3873 3872 3856 3838 3816 3804 3794 3786 3781 3780 3779 3783 3782 3777 3771
3754 3753 3752 3751 3752 3753 3756 3752 3756 3759 3759 3758 3761 3767 3767 3769 3772 3774 3772 3772 3773 3777 3780 3788 3792 3795 3791 3787 3782 3773 3773 3777 3779 3778 3777 3776 3778 3790 3795 3813 3821 3810 3798 3786 3786 3790 3799 3811 3825 3842 3866 3887 3893 3909 3938 3923 3907 3906 3911 3913 3916 3914 3908 3896 3884 3875 3877 3882 3873 3866 3859 3849 3833 3817 3806 3784 3780 3776 3779 3778 3775 3774 3772 3766
3751 3750 3750 3750 3756 3769 3764 3763 3763 3762 3760 3760 3759 3760 3762 3765 3768 3771 3777 3776 3777 3778 3779 3785 3788 3790 3789 3784 3779 3775 3777 3782 3784 3773 3772 3772 3774 3783 3789 3803 3823 3812 3803 3794 3787 3785 3790 3802 3819 3842 3859 3868 3880 3886 3893 3882 3871 3887 3906 3912 3922 3919 3909 3899 3886 3872 3870 3875 3868 3860 3853 3846 3827 3809 3791 3780 3777 3776 3777 3775 3771 3768 3771 3774
3749 3749 3748 3748 3748 3760 3764 3768 3767 3764 3759 3755 3758 3756 3755 3760 3766 3771 3774 3787 3786 3781 3781 3785 3785 3785 3787 3784 3781 3783 3780 3781 3780 3773 3771 3770 3771 3778 3783 3787 3802 3806 3798 3794 3789 3783 3785 3795 3809 3826 3840 3846 3871 3874 3876 3858 3849 3872 3898 3907 3916 3916 3908 3900 3890 3873 3867 3865 3864 3861 3848 3839 3818 3793 3783 3781 3778 3777 3779 3776 3769 3764 3764 3772
3749 3749 3748 3748 3750 3755 3758 3763 3770 3766 3758 3752 3755 3754 3752 3757 3763 3770 3774 3784 3779 3781 3780 3783 3784 3787 3789 3787 3785 3786 3781 3777 3774 3773 3771 3771 3773 3778 3780 3783 3788 3802 3809 3794 3787 3783 3783 3787 3792 3795 3808 3810 3827 3837 3834 3830 3833 3861 3891 3903 3906 3905 3900 3896 3887 3873 3864 3860 3856 3853 3846 3833 3813 3792 3778 3775 3778 3779 3782 3779 3774 3770 3765 3768
3749 3748 3748 3748 3748 3753 3755 3762 3774 3766 3759 3752 3753 3751 3749 3754 3761 3768 3774 3776 3782 3784 3785 3787 3787 3791 3790 3788 3787 3782 3778 3769 3774 3774 3772 3771 3773 3777 3780 3779 3784 3799 3811 3794 3783 3780 3780 3780 3781 3779 3781 3787 3798 3809 3813 3814 3814 3852 3895 3902 3890 3890 3891 3890 3884 3874 3860 3853 3848 3847 3842 3826 3812 3796 3777 3782 3779 3782 3783 3780 3777 3773 3766 3764
3747 3746 3746 3748 3749 3751 3754 3758 3763 3761 3758 3756 3752 3749 3748 3753 3760 3767 3777 3782 3788 3792 3793 3793 3791 3792 3789 3788 3794 3796 3778 3768 3770 3771 3770 3770 3770 3772 3776 3783 3785 3796 3797 3791 3781 3777 3777 3777 3776 3775 3772 3775 3784 3796 3807 3803 3803 3841 3890 3895 3882 3880 3881 3884 3885 3868 3857 3846 3838 3830 3832 3819 3810 3796 3778 3776 3777 3778 3782 3779 3775 3769 3765 3769
3741 3742 3743 3744 3743 3748 3754 3753 3751 3752 3753 3752 3751 3750 3750 3754 3762 3771 3787 3790 3796 3799 3801 3801 3798 3796 3790 3784 3788 3789 3780 3771 3766 3767 3768 3769 3772 3774 3777 3786 3793 3802 3803 3790 3790 3783 3779 3777 3775 3773 3772 3774 3780 3789 3795 3798 3805 3825 3850 3877 3874 3871 3871 3874 3872 3860 3852 3839 3828 3820 3816 3810 3808 3801 3782 3776 3774 3775 3777 3777 3773 3766 3764 3774
3735 3738 3739 3740 3740 3743 3746 3743 3743 3746 3747 3749 3750 3755 3750 3754 3762 3771 3780 3786 3794 3801 3808 3809 3808 3800 3787 3780 3781 3783 3782 3774 3768 3766 3768 3768 3768 3774 3780 3783 3792 3797 3795 3784 3777 3780 3779 3778 3776 3776 3777 3777 3782 3787 3790 3799 3806 3809 3816 3855 3865 3863 3860 3856 3858 3854 3841 3832 3822 3817 3816 3809 3805 3798 3788 3777 3772 3774 3775 3777 3775 3768 3766 3772
3732 3734 3735 3737 3737 3737 3738 3737 3739 3745 3746 3747 3750 3746 3748 3754 3760 3769 3775 3782 3789 3797 3803 3808 3812 3802 3792 3779 3778 3778 3775 3775 3771 3769 3773 3772 3773 3770 3772 3773 3777 3783 3783 3777 3771 3776 3778 3777 3777 3778 3778 3779 3781 3786 3795 3805 3802 3799 3800 3825 3849 3855 3853 3851 3869 3861 3838 3826 3818 3813 3811 3805 3802 3799 3794 3780 3771 3772 3774 3777 3774 3772 3775 3773
3729 3728 3730 3732 3732 3732 3733 3734 3740 3751 3761 3761 3754 3748 3751 3756 3757 3760 3772 3776 3783 3787 3795 3802 3807 3799 3787 3776 3777 3776 3773 3778 3771 3771 3782 3793 3779 3767 3767 3764 3768 3773 3777 3776 3776 3778 3779 3779 3777 3778 3781 3783 3779 3787 3793 3797 3797 3796 3802 3816 3842 3851 3854 3861 3889 3868 3833 3824 3821 3814 3810 3797 3794 3795 3797 3785 3774 3770 3776 3775 3777 3779 3774 3773
3720 3722 3723 3725 3726 3728 3732 3731 3741 3755 3775 3772 3759 3754 3755 3759 3761 3765 3774 3781 3783 3786 3791 3796 3795 3790 3783 3778 3776 3779 3776 3774 3773 3772 3784 3798 3775 3763 3762 3765 3763 3766 3772 3778 3783 3782 3782 3782 3783 3785 3787 3789 3788 3790 3795 3799 3798 3803 3807 3808 3838 3849 3857 3867 3866 3850 3829 3827 3832 3824 3814 3804 3795 3793 3794 3787 3775 3771 3775 3774 3778 3777 3773 3772
3713 3716 3717 3715 3719 3723 3726 3734 3741 3749 3753 3758 3756 3754 3754 3761 3769 3775 3779 3786 3788 3788 3791 3794 3793 3788 3786 3788 3786 3791 3785 3779 3771 3768 3773 3773 3762 3758 3766 3776 3777 3763 3769 3777 3785 3786 3785 3787 3788 3792 3797 3800 3795 3797 3799 3802 3800 3803 3803 3800 3827 3842 3851 3842 3831 3829 3834 3834 3847 3832 3823 3819 3807 3793 3783 3785 3779 3773 3768 3767 3769 3772 3771 3769
3711 3714 3715 3717 3719 3723 3728 3735 3739 3742 3745 3750 3752 3753 3757 3765 3775 3782 3787 3794 3794 3791 3793 3794 3792 3789 3789 3790 3790 3803 3807 3787 3772 3768 3767 3763 3761 3759 3761 3774 3782 3770 3769 3775 3779 3782 3789 3792 3796 3800 3806 3809 3806 3807 3807 3804 3804 3799 3798 3802 3831 3833 3827 3808 3812 3823 3841 3838 3846 3847 3829 3829 3818 3798 3786 3785 3780 3772 3766 3764 3764 3766 3764 3765
3713 3713 3715 3718 3719 3722 3726 3730 3736 3739 3741 3747 3751 3755 3759 3767 3779 3785 3788 3795 3791 3789 3793 3793 3791 3787 3786 3788 3792 3795 3796 3780 3770 3764 3767 3766 3762 3763 3759 3767 3774 3769 3770 3776 3785 3793 3798 3799 3800 3806 3812 3815 3814 3816 3820 3819 3813 3813 3804 3803 3826 3824 3807 3801 3810 3819 3835 3837 3863 3866 3858 3833 3812 3799 3791 3790 3782 3776 3769 3765 3765 3769 3775 3769
3711 3711 3715 3718 3720 3721 3725 3728 3734 3739 3744 3748 3753 3758 3765 3772 3782 3788 3791 3795 3787 3789 3790 3794 3792 3789 3785 3785 3791 3792 3786 3778 3770 3768 3768 3767 3766 3775 3760 3765 3772 3770 3770 3777 3787 3799 3804 3804 3807 3811 3816 3816 3815 3822 3834 3849 3845 3832 3812 3807 3829 3825 3807 3810 3817 3816 3797 3801 3836 3858 3841 3823 3809 3803 3799 3797 3788 3780 3773 3774 3773 3775 3776 3776
