real_craters/C139-300m.grd
DSAA
299 299
-44.7475 44.7475
-44.7475 44.7475
2498.1495190064 4557.3042222661
[rows 0 to 29 of 299, columns 67 to 133 of 299]
3869.42 3869.83 3870.18 3870.34 3869.49 3868 3865.35 3857.48 3844.18 3839.1 3835.98 3833.14 3831.38 3834.48 3837.67 3840.18 3842.26 3844.03 3845.33 3845.35 3844.78 3843.89 3848.46 3856.81 3866.29 3874.55 3877.99 3875.83 3876.1 3874.92 3872.61 3871.17 3870.38 3873.84 3887.1 3904.66 3902.12 3892.64 3881.47 3874.02 3871.57 3872.75 3874.16 3861.13 3857.27 3855.16 3852.93 3852.55 3852.36 3853.29 3852.48 3851.73 3851.61 3850.91 3850.7 3852.38 3862.91 3885.24 3907.94 3913.86 3917.25 3920.33 3921.17 3919.58 3920.86 3921.27 3926.48
3863.14 3863.56 3864.08 3864.58 3864.67 3864.96 3864.12 3857.48 3842.67 3836.85 3833.53 3830.25 3828.13 3831.06 3834.22 3836.78 3838.74 3840.15 3841.24 3842.22 3843.01 3842.93 3844.34 3849.55 3855.78 3862.45 3866.94 3861.3 3860.14 3859.37 3858.23 3857.13 3856.25 3857.22 3865.1 3882.4 3885.36 3881.14 3872.53 3864.95 3860.97 3859.29 3856.69 3853.16 3856.44 3861.41 3860.55 3857.77 3855.59 3855.19 3853.96 3853 3853.08 3853.12 3854.04 3857.25 3869.88 3891.57 3912.61 3916.39 3916.75 3915.63 3913.14 3918.18 3925.57 3928.45 3931.43
3855.87 3856.51 3857.02 3857.21 3858.46 3860.37 3860.93 3856.39 3842.84 3836.86 3833.48 3830.9 3829.89 3830.34 3831.63 3833.4 3835.31 3837.95 3839.56 3840.96 3842.47 3843.63 3842.69 3843.04 3845.14 3849.09 3849.83 3846.49 3845.9 3845.45 3845.04 3844.36 3844.08 3845.53 3850.59 3859.71 3869.68 3870.12 3861.75 3852.83 3848.89 3846.68 3845.88 3848.56 3856.52 3864.47 3863.57 3861.21 3859.15 3857.62 3855.8 3854.84 3855.38 3856.49 3859.39 3864.61 3877.81 3895.55 3909.84 3916.31 3914.08 3912.1 3911.07 3916.06 3925.14 3933.58 3935.84
3848.92 3849.63 3850.28 3850.84 3852.21 3854.61 3855.95 3853.23 3843.74 3837.79 3834.02 3832 3831.06 3830.65 3831.37 3832.95 3834.67 3836.2 3837.65 3839.53 3840.98 3841.75 3840.5 3838.87 3837.79 3838.2 3837.57 3835.2 3833.59 3833.4 3833.67 3833.85 3834.01 3834.41 3838.1 3850.07 3862 3862.58 3852.47 3841.82 3839.38 3838.49 3839.4 3844.43 3853.6 3865.08 3865.03 3863.29 3861.29 3859.41 3857.72 3856.92 3857.53 3859.75 3864.2 3874.6 3885.91 3899.02 3909.13 3909.23 3908.65 3909.01 3910.81 3916.8 3924.6 3930.3 3932.63
3842.42 3843.65 3843.96 3844.54 3845.76 3848.36 3850.19 3850.05 3845.16 3838.33 3834.16 3832.29 3831.15 3830.47 3830.72 3831.47 3832.85 3834.41 3836.17 3837.73 3838.61 3839.64 3838.7 3836.49 3833.72 3830.11 3825.48 3822.7 3822.27 3823.42 3824.86 3826.35 3827.51 3827.26 3830.7 3845.22 3858.46 3856.7 3846.27 3836.5 3835.11 3836.48 3837.19 3840.72 3848.08 3859 3863.24 3865.4 3862.76 3859.84 3858.38 3857.62 3858.79 3861.64 3866.7 3874.13 3889.7 3902.77 3907.06 3902.31 3902.15 3905.56 3909.54 3914.73 3919.06 3922.49 3925.42
3836.66 3838.29 3838.8 3838.82 3839.57 3842.25 3844.34 3845.15 3841.98 3836.77 3832.7 3831.64 3830.46 3829.54 3829.62 3830.34 3831.28 3832.74 3834.4 3835.68 3836.72 3838.68 3837.08 3834.58 3831.89 3824.24 3814.8 3810.23 3812.27 3815.28 3818.42 3821.39 3824.72 3828.42 3832.1 3838.15 3845.07 3846.06 3841.7 3836.98 3836.72 3836.32 3837.39 3840.08 3844.61 3852.73 3860.99 3866.33 3863.08 3859.9 3858.28 3857.62 3859.12 3861.83 3867.37 3879.58 3892.71 3908.39 3912.66 3899.64 3897.09 3902.48 3909.53 3914.45 3914.81 3915.77 3918.24
3832.69 3834.55 3834.95 3834.44 3834.45 3837.55 3839.21 3836.94 3835 3832.74 3829.19 3828.86 3828.26 3828.34 3828.59 3829.14 3830.08 3831.53 3832.72 3833.9 3835.55 3836.86 3834.1 3830.62 3827.05 3818.54 3808.84 3802.67 3805.01 3809.11 3813.39 3817.47 3822.35 3827.93 3831.17 3830.71 3830.94 3835.43 3837.85 3840.46 3841.71 3842.6 3839.73 3841.65 3845.01 3847.41 3853.52 3859.76 3858.75 3857.11 3856.16 3856.82 3857.93 3860.06 3864.09 3872.02 3890.75 3908.8 3912.19 3898.1 3893.93 3899.83 3906.26 3909.82 3912.79 3910.35 3911.98
3831.06 3833 3833.39 3832.46 3831.58 3836.85 3840.55 3832.35 3832.7 3829.44 3824.98 3824.3 3825.58 3826.91 3827.7 3828.14 3828.89 3829.91 3830.7 3831.46 3831.8 3832.9 3829.69 3824.58 3818.08 3811.38 3805.17 3799.15 3800.89 3804.91 3809.38 3814 3818.8 3824.14 3826.34 3824.33 3823.51 3828.94 3833.42 3837.22 3839.53 3840.66 3840.58 3843.21 3845.48 3841.12 3844.11 3849.39 3851.44 3852.42 3853.49 3854.7 3856.32 3858.84 3862.16 3869.72 3885.43 3900.12 3903.23 3895.15 3892.69 3898.8 3905.21 3909.52 3912.4 3906.59 3907.55
3832.26 3834.05 3834.5 3834.12 3834.04 3840.55 3851.75 3857.2 3838.4 3829.12 3818.18 3818.03 3824.46 3826.46 3826.52 3826.79 3827.1 3827.77 3828.5 3829.25 3829.66 3829.52 3825.5 3819.23 3811.33 3805.59 3802.18 3798.09 3799.32 3802.78 3806.76 3810.68 3814.46 3816.88 3818.45 3819.59 3822.01 3827.12 3829.77 3830.45 3833.04 3840.44 3842.15 3840.37 3838.73 3833.82 3835.75 3839.2 3844.76 3848.37 3851.11 3853.4 3855.66 3858.33 3862.98 3870.61 3880.2 3888.6 3892.49 3892.44 3894.4 3898.76 3906.43 3911.8 3906.78 3904.77 3905.04
3835.94 3837.46 3838.14 3838.6 3840.14 3843.44 3845.85 3840.68 3835.47 3827.34 3808.75 3833.28 3828.46 3826 3825.19 3825.11 3825.1 3825.48 3825.96 3827.08 3828.71 3827.52 3822.74 3816.13 3808.67 3803.71 3801.76 3799.24 3799.69 3801.94 3804.99 3808.24 3811.32 3814.06 3814.8 3817.23 3824.16 3828.21 3828.82 3828.36 3830.21 3833.47 3834.09 3833.73 3832.23 3829.95 3832.14 3836.74 3841.31 3845.67 3849.84 3853.37 3856.18 3858.47 3861.7 3868.39 3876.76 3883.72 3886.74 3886.87 3887.12 3897.09 3907.57 3915.22 3909.25 3905.39 3904.31
3839.93 3841.1 3841.96 3842.97 3844.8 3844.93 3840.19 3832.28 3829.28 3821.78 3814.36 3814.73 3822.22 3823 3822.86 3822.77 3822.83 3822.72 3822.83 3823.55 3826.65 3826.28 3821.08 3814.88 3808.45 3804.05 3802.5 3800.86 3800.61 3801.85 3803.98 3806.47 3809.12 3811.78 3815.04 3818.47 3823.9 3829.94 3829.94 3827.55 3827.02 3830.94 3830.41 3829.5 3831.14 3830.26 3831.11 3834.74 3838.84 3844.06 3849.94 3855.39 3859.3 3860.95 3861.43 3868.84 3877.34 3881.61 3885.01 3885.45 3886.73 3895.81 3907.27 3915.91 3910.38 3905.7 3903.76
3843.64 3844.75 3845.62 3846.65 3847.33 3846.95 3844.55 3838.87 3830.33 3821.48 3813.81 3812.74 3816.29 3818.41 3820.11 3820.55 3820.56 3819.97 3819.47 3818.69 3821.97 3823.27 3819.46 3814.71 3809.47 3805.02 3803.25 3801.99 3801.5 3802.04 3803.5 3805.57 3807.84 3811.04 3815.42 3819.71 3828.49 3834.99 3833.25 3828.26 3823.14 3825.75 3827.14 3827.15 3830.24 3830.29 3829.89 3831.42 3835.79 3843.04 3851.29 3859.84 3866.8 3870.53 3868.41 3879.42 3888.1 3889.2 3890.78 3888.81 3887.68 3894.33 3905.17 3914.33 3908.39 3904.64 3903.39
3846.37 3847.69 3848.36 3848.84 3848.59 3847.63 3846.76 3841.78 3832.29 3823.31 3815.18 3812.89 3814.96 3816.81 3817.94 3819.33 3819.17 3818.67 3817.36 3815.33 3816.35 3819 3818.4 3815.95 3812.21 3808.03 3805.31 3803.63 3802.53 3802.31 3803.6 3805.69 3808.06 3810.95 3816.46 3821.47 3831.55 3840.02 3838.22 3832.85 3827.33 3826.19 3825.3 3824.01 3828 3828.72 3828.2 3829.06 3833.61 3842.98 3854.25 3866.41 3878.59 3890.21 3896.66 3904.61 3910.3 3910.41 3903.51 3895.38 3888.53 3891.99 3900.8 3909.39 3909.37 3905.19 3902.92
3849.78 3851.39 3851.79 3851.35 3850.12 3848.39 3846.77 3842.2 3834.54 3826.3 3818.85 3815.98 3816.82 3817.83 3818.3 3818.24 3818.12 3818.51 3817.4 3816.43 3815.48 3817.94 3819.41 3818.98 3816.7 3813.12 3808.61 3805.22 3802.93 3802.53 3803.74 3806.16 3810.26 3814.49 3818.66 3825.88 3835.74 3845.94 3843.1 3838.38 3834.94 3830.77 3827.67 3824.36 3825.64 3826.9 3827.14 3827.95 3832.52 3843.99 3857.89 3873.18 3889.98 3909.69 3935.33 3929.52 3931.57 3929.32 3916.27 3903.49 3893.18 3891.25 3895.06 3900.11 3904.22 3903.56 3902.04
3853.99 3855.3 3855.43 3854.32 3852.41 3849.42 3846.36 3842.59 3836.84 3831.01 3825.81 3822.09 3820.81 3820.46 3820.49 3820.08 3819.47 3819.67 3818.88 3819.07 3818.68 3820.51 3822.75 3823.79 3822.56 3818.29 3811.94 3806.61 3802.95 3802.65 3803.78 3805.91 3809.18 3812.57 3816.64 3822.5 3834.61 3844.84 3844.85 3841.85 3836.68 3833.22 3831.94 3829.14 3829.46 3828.56 3827.96 3828.83 3833.46 3845.81 3861.53 3878.72 3896.6 3914.03 3927.66 3937.72 3941.31 3937.21 3924.54 3910.96 3899.23 3893.32 3892.19 3893.54 3897.48 3900.62 3900.51
3859 3859.78 3859.35 3857.78 3855.37 3852.27 3848.18 3844.36 3839.58 3835.27 3832.32 3827.87 3824.98 3823.67 3822.94 3822.71 3822.07 3821.67 3820.6 3819.95 3821.5 3824.88 3828.11 3830.19 3830.38 3826.25 3815.21 3808.76 3804.58 3803.83 3804.47 3805.66 3807.13 3809.02 3811.74 3817.81 3833.82 3842.45 3844.65 3843.98 3840.87 3834.29 3836.1 3837.81 3835.11 3831.63 3829.95 3831.13 3835.86 3848.8 3865.19 3882.73 3900.41 3916.37 3928.99 3939.47 3944.1 3939.56 3928.47 3916.28 3906.19 3898.98 3893.16 3891.81 3893.78 3897.25 3899.57
3864.37 3864.66 3863.48 3861.28 3858.02 3854.83 3852.96 3846.53 3841.29 3837.32 3834.25 3830.34 3827 3824.81 3825.91 3825.59 3825.26 3825.19 3823.8 3821.3 3825.14 3830.98 3834.88 3837.02 3837.68 3832.92 3819.33 3811.91 3807.64 3806.6 3807.26 3807.65 3807.12 3808.26 3809.45 3815.58 3833.05 3840.18 3844 3844.26 3840.42 3834.77 3836.51 3838.09 3833.02 3831.25 3831.75 3834.68 3840.73 3852.95 3868.9 3885.83 3903.09 3920.17 3932.34 3938.9 3943.19 3938.66 3928.76 3918.27 3909.47 3902.8 3896.1 3894.14 3896.42 3899.53 3900.13
3868.85 3868.34 3866.46 3863.81 3860.13 3855.35 3851.24 3845.9 3840.97 3837.37 3834.31 3831.28 3828.4 3827.34 3826.9 3827.89 3829.95 3831.11 3831.54 3830.02 3835.19 3840.63 3843.28 3843.6 3841.81 3835.22 3823.09 3815.33 3811.46 3811.01 3813.2 3815.02 3812.94 3815.23 3815.09 3819.13 3834.54 3842.41 3845.48 3844.92 3839.75 3832.29 3832.79 3831.27 3827.92 3829.86 3833.92 3839.09 3846.12 3858.08 3872.96 3888.22 3903.16 3918.21 3927.99 3932.97 3936.47 3932.68 3925.37 3917.01 3908.58 3901.04 3897.6 3894.89 3899.4 3901.4 3900.7
3872.61 3871.29 3869.09 3866.41 3862.33 3856.49 3848.99 3842.97 3838.64 3836.1 3834.05 3830.9 3828.78 3828.08 3828.63 3830.72 3833.06 3837.29 3842.76 3850.54 3852.4 3853.15 3853.27 3851.03 3844.58 3835.58 3825.29 3819.46 3815.11 3815.92 3822.25 3829.52 3834.19 3832.31 3829.88 3832.98 3842.54 3848.9 3848.72 3846.12 3840.55 3834.08 3832.74 3829.03 3826.54 3831.26 3838.27 3845.64 3853.84 3864.91 3878.3 3890.67 3901.33 3909.1 3917.05 3921.92 3924.27 3923.4 3920.06 3914.78 3908.2 3899.96 3900.08 3896.82 3898.6 3900.79 3900.47
3875.68 3873.66 3871.13 3868.33 3864.93 3859.57 3846.52 3839.38 3834.61 3831.89 3830.15 3828.18 3827.59 3828.09 3829.81 3832.55 3835.42 3841.65 3849.54 3860.66 3864.67 3864.54 3864.24 3861.8 3854.46 3845.67 3836.45 3828.66 3821.8 3822.63 3833.16 3845.84 3856.57 3852.67 3850.07 3853.71 3862.95 3860.03 3854.62 3847.28 3841.1 3839.61 3837.34 3831.6 3829.53 3836.55 3845.93 3855.36 3864.75 3875.31 3886.03 3894.73 3901.64 3905.66 3910.14 3911.77 3911.09 3914.1 3914.55 3912.97 3910.74 3910.89 3911.09 3902.3 3898.21 3899.57 3899.21
3877.12 3874.22 3871.25 3868.54 3865.93 3863.36 3847.29 3836.52 3829.78 3825.33 3823.49 3823.95 3825.11 3826.95 3829.54 3833.08 3836.27 3842.41 3850.89 3862.47 3869.2 3872.25 3874.6 3875.79 3873.32 3864.65 3853.86 3842.49 3833.21 3833.02 3844.8 3858.16 3867.07 3868.72 3871.6 3876.36 3879.81 3873.42 3865.04 3853.94 3848.9 3849.33 3848.1 3840.21 3838.23 3846.28 3856.67 3867.62 3879.68 3890.28 3895.54 3900.33 3904.32 3908.38 3908.16 3907.29 3906.71 3908.95 3910.36 3911.13 3911.47 3912.14 3912.3 3907.44 3897.48 3894.31 3893.59
3875.84 3872.44 3869.37 3866.3 3862.97 3857.98 3844.42 3832.65 3825.42 3819.87 3818.52 3820.19 3822.51 3825.24 3828.49 3832.38 3835.18 3841.4 3849.63 3861.96 3869.97 3876.16 3882.04 3888.05 3893.49 3881.75 3868.94 3856.25 3845.82 3844.29 3857.9 3871.52 3877.68 3878.86 3879.11 3882.77 3886.16 3878.36 3870.18 3865.27 3863.98 3862.9 3861.32 3852.65 3851.33 3859.4 3869.59 3880.26 3891.12 3900.17 3904.01 3906.84 3907.62 3906.43 3907.48 3906.25 3905.46 3906.45 3907.52 3908.51 3909.82 3911.77 3908.48 3902.7 3892.31 3886.21 3885.62
3870.47 3868.01 3865.28 3862.05 3857.59 3850.57 3839.02 3829.48 3822.72 3817.36 3816.12 3817.75 3820.23 3823.13 3826.52 3830.58 3832.95 3838.42 3845.38 3856.64 3867.3 3876.31 3884.66 3892.34 3897.87 3887.44 3875.37 3864.87 3858.24 3857.9 3872.94 3889.45 3892.24 3884.32 3879.36 3880.75 3883.25 3876.95 3870.95 3877.57 3876.44 3871.28 3868.02 3864.66 3867.22 3874.4 3883.32 3892.75 3900.88 3906.24 3912.7 3915.09 3913.89 3911.31 3909.77 3907.72 3905.86 3905.27 3905.11 3905.29 3905.38 3905.06 3900.02 3891.26 3884.65 3878.27 3880.5
3862.11 3861.48 3860.02 3857.35 3852.66 3845.45 3836.88 3828.61 3821.91 3816.94 3815.43 3816.43 3818.39 3821.08 3824.35 3828.07 3829.96 3835.39 3841.18 3851.37 3862.97 3873.69 3883.32 3890.03 3889.34 3884.71 3874.81 3868.62 3870.63 3877.88 3887.76 3894.75 3892.17 3882.99 3876.25 3875.35 3875.68 3876.2 3878.93 3890.98 3885.15 3877.27 3875.33 3881.07 3884.18 3888.85 3896.66 3905.71 3914.37 3921.25 3925.58 3925.68 3922.79 3918.09 3913.56 3909.32 3906.25 3904.33 3902.92 3901.47 3899.47 3896.49 3890.96 3882.9 3878.41 3875.77 3879.98
3853.5 3854.81 3854.79 3853.18 3849.49 3843.73 3836.53 3828.96 3822.14 3817.15 3815.28 3815.58 3816.83 3818.94 3821.82 3823.22 3826.77 3832.47 3839.58 3846.9 3857.84 3869.15 3879.65 3888.04 3889.78 3880.9 3871.52 3868.51 3878.18 3895.64 3898.88 3893.37 3886.18 3876.4 3869.4 3869.76 3872.6 3879.81 3891.02 3903.58 3890.14 3881.59 3880.48 3890.61 3895.12 3899.54 3907.47 3917.26 3927.9 3937.55 3939.35 3936.25 3931.97 3925.24 3916.78 3909.65 3905.7 3903.29 3900.84 3898.06 3894.19 3888.6 3883.71 3878.99 3872.97 3868.81 3877.85
3846.74 3849.2 3850.43 3850.09 3847.7 3843.29 3836.67 3829.83 3822.19 3817.27 3815.33 3814.98 3815.76 3817.14 3819.09 3819.66 3822.93 3827.92 3834.01 3840.82 3851.4 3862.58 3873.31 3882.65 3884.32 3874.42 3864.9 3861.95 3874.63 3892.18 3896.92 3891.58 3879.67 3867.4 3861.42 3865.93 3873.88 3886.67 3904.06 3909.18 3892.07 3884.76 3883.8 3891.56 3898.21 3905.42 3914.35 3925.22 3937.4 3948.66 3949.82 3942.6 3935.66 3927.19 3917.81 3910.32 3905.71 3902.57 3899.5 3895.83 3891.18 3885.45 3879.44 3875.31 3869.69 3865.96 3871.73
3842.07 3844.91 3846.94 3847.74 3846.59 3842.56 3835.21 3827.21 3821.32 3817.55 3815.63 3814.77 3814.72 3815.32 3816.3 3816.04 3818.37 3821.44 3826.21 3833.6 3843.76 3854.32 3863.9 3871.14 3871.56 3864.44 3856.1 3852.77 3863 3876.95 3884.34 3882.56 3871.36 3858.33 3854.04 3864.51 3878.41 3894.43 3909.75 3908.61 3891.7 3886.48 3885.57 3889.68 3897.88 3907.15 3917.15 3928.35 3940.54 3952.24 3952.32 3942.03 3931.61 3923.75 3916.25 3909.38 3905.47 3902.18 3898.8 3895.02 3890.76 3884.31 3881.17 3873.18 3868.09 3867.08 3869.98
3838.18 3841.25 3844.38 3846.5 3846.56 3842.62 3834.35 3824.41 3820.45 3818.09 3816.28 3815.05 3814.37 3814.01 3813.88 3813.01 3813.84 3815.07 3817.69 3825.82 3835.62 3845.4 3853.82 3858.52 3858.69 3854.08 3847.09 3842.65 3850.09 3861.35 3870.02 3873.72 3863.53 3852.2 3851.95 3865.96 3882.5 3896.27 3905.56 3900.41 3889.83 3883.95 3882.64 3887.04 3896.13 3906.12 3916.31 3926.64 3936.98 3945.27 3945.46 3936.17 3925.27 3920.08 3914.94 3908.65 3905.47 3901.74 3898.15 3894.87 3892.17 3888.14 3877.59 3870.11 3866.82 3864.91 3869.12
3832.11 3837.53 3842.32 3845.85 3847.54 3844.35 3836.04 3826.24 3821.57 3819.15 3817.52 3815.8 3814.2 3812.92 3810.99 3810.28 3810.02 3810.58 3812.09 3818.96 3827.77 3836.8 3845.28 3850.16 3850.22 3846.01 3840.18 3835.33 3840.86 3850.51 3858.46 3864.01 3857.32 3849.7 3853.47 3869.44 3888.35 3905.88 3904.95 3897.35 3890.92 3886.04 3883.1 3887.01 3895.18 3904.13 3913.36 3922.27 3930.22 3935.55 3935.24 3928.21 3921.21 3918.09 3917.19 3913.72 3906.55 3900.99 3896.7 3893.29 3890.61 3886.68 3876.84 3868.67 3867.63 3868.83 3873.97
3826.28 3834.25 3840.74 3845.48 3847.46 3845.33 3839.84 3833.53 3828.34 3823.85 3820.17 3817.05 3814.42 3812.27 3809.04 3807.76 3807.41 3807.33 3808.58 3813.6 3820.54 3828.21 3836.7 3847.61 3844.04 3839.89 3836.48 3834.77 3838.7 3845.91 3852.68 3856.06 3853.55 3851.34 3857.76 3872.86 3891.42 3908.74 3908.02 3900.62 3895.59 3892.48 3889.14 3889.93 3895.41 3902.63 3910.17 3917.31 3922.66 3925.02 3923.12 3919.18 3915.04 3913.95 3915.37 3913.29 3904.67 3898.45 3893.9 3890.09 3886.03 3880.1 3872.47 3868.39 3869.64 3874.09 3880.86
