real_craters/C139-750m.grd
DSAA
120 120
-44.7475 44.7475
-44.7475 44.7475
2507.3612620003 4564.1316946691
[rows 38 to 75 of 120, columns 0 to 83 of 120]
3754 3753 3763 3780 3815 3825 3827 3822 3808 3804 3816 3832 3834 3839 3835 3830 3819 3834 3859 3873 3869 3865 3866 3853 3855 3866 3864 3846 3855 3876 3894 3876 3866 3876 3890 3885 3878 3876 3881 3889 3882 3886 3886 3890 3896 3904 3908 3913 3936 3944 3962 3963 3950 3944 3941 3933 3953 3958 3996 4023 4020 4021 4026 4030 4019 3999 3974 3952 3956 3976 3975 3963 3947 3929 3930 3927 3924 3913 3911 3912 3916 3921 3918 3900
3751 3752 3770 3793 3809 3821 3818 3810 3803 3797 3805 3820 3836 3852 3864 3845 3829 3837 3858 3871 3867 3864 3863 3861 3867 3880 3886 3890 3875 3870 3873 3882 3873 3875 3885 3891 3889 3886 3884 3887 3879 3888 3907 3912 3901 3911 3905 3937 3983 3964 3948 3954 3963 3965 3981 4016 4068 4098 4125 4125 4114 4109 4126 4106 4082 4062 4053 4012 3972 3978 3980 3980 3972 3950 3947 3945 3939 3930 3925 3928 3932 3931 3913 3905
3753 3756 3787 3813 3814 3813 3805 3794 3781 3776 3800 3841 3853 3857 3867 3863 3842 3837 3847 3854 3854 3854 3854 3860 3878 3897 3895 3895 3897 3875 3858 3861 3861 3881 3912 3889 3882 3884 3878 3882 3890 3882 3890 3906 3898 3917 3921 3947 3971 3974 3953 3974 4005 4014 4048 4104 4176 4264 4255 4241 4234 4215 4209 4178 4139 4097 4044 4014 3997 3995 3996 4009 4001 3981 3973 3973 3969 3958 3951 3957 3956 3952 3925 3911
3762 3773 3797 3821 3813 3801 3793 3785 3775 3777 3800 3834 3852 3852 3845 3826 3828 3823 3827 3832 3836 3839 3847 3863 3890 3904 3905 3898 3881 3871 3863 3854 3856 3878 3902 3904 3891 3889 3893 3878 3878 3898 3924 3916 3910 3931 3949 3989 3991 4017 4046 4077 4092 4105 4146 4189 4228 4259 4291 4337 4379 4340 4306 4258 4204 4151 4086 4048 4021 4016 4020 4041 4081 4026 3991 3975 3978 3963 3960 3960 3959 3946 3932 3923
3764 3773 3789 3801 3800 3783 3787 3784 3787 3807 3821 3849 3858 3847 3839 3850 3830 3818 3812 3817 3822 3827 3834 3844 3865 3896 3918 3904 3883 3872 3875 3867 3858 3869 3890 3903 3928 3924 3913 3888 3878 3905 3926 3914 3906 3941 4000 3994 3990 4063 4138 4137 4212 4249 4276 4320 4367 4320 4338 4372 4445 4485 4390 4304 4246 4236 4221 4155 4073 4047 4034 4048 4057 4040 4001 3971 3967 3965 3964 3965 3965 3953 3946 3944
3763 3766 3772 3777 3778 3794 3790 3784 3784 3807 3828 3846 3859 3843 3833 3842 3840 3832 3816 3813 3815 3819 3826 3851 3978 3950 3920 3905 3877 3869 3868 3857 3845 3854 3858 3899 3912 3910 3903 3897 3892 3909 3923 3912 3912 3934 3973 3965 3994 4108 4193 4259 4346 4428 4348 4349 4407 4385 4320 4259 4265 4235 4204 4187 4204 4278 4378 4320 4176 4115 4079 4074 4072 4066 4017 3972 3964 3968 3967 3971 3971 3959 3949 3954
3761 3762 3764 3765 3763 3783 3787 3784 3786 3819 3868 3868 3857 3839 3826 3844 3837 3826 3827 3815 3812 3815 3824 3855 3915 3929 3941 3911 3881 3855 3858 3853 3860 3852 3850 3860 3886 3888 3873 3880 3901 3919 3936 3910 3917 3925 3934 3955 4046 4192 4318 4422 4346 4311 4230 4168 4117 4080 4031 3997 3962 3930 3931 3973 4064 4206 4408 4460 4291 4181 4121 4129 4186 4118 4052 3997 3974 3978 3970 3969 3967 3960 3941 3946
3750 3752 3754 3760 3772 3770 3775 3782 3794 3822 3860 3864 3836 3830 3825 3820 3820 3814 3813 3809 3805 3806 3811 3823 3856 3896 3904 3896 3881 3858 3857 3861 3857 3852 3852 3854 3857 3886 3902 3913 3931 3927 3927 3919 3912 3943 3969 4008 4100 4243 4291 4240 4144 4056 3986 3910 3824 3781 3755 3717 3684 3667 3677 3735 3859 4002 4134 4234 4272 4221 4191 4158 4169 4149 4107 4049 3996 3987 3976 3967 3964 3963 3951 3945
3745 3747 3749 3754 3759 3759 3765 3778 3798 3826 3840 3839 3830 3819 3815 3812 3810 3807 3808 3808 3808 3811 3815 3821 3849 3867 3866 3866 3860 3843 3848 3852 3848 3850 3851 3851 3875 3888 3902 3904 3914 3920 3921 3940 3944 4003 4091 4145 4256 4323 4203 4033 3893 3794 3732 3661 3583 3533 3492 3461 3442 3437 3461 3537 3641 3755 3858 3956 4089 4182 4241 4208 4182 4178 4155 4093 4022 3992 3978 3970 3974 3962 3954 3948
3751 3754 3750 3748 3750 3748 3754 3770 3791 3818 3840 3829 3827 3815 3812 3812 3809 3807 3806 3808 3809 3811 3814 3818 3835 3835 3834 3840 3840 3837 3842 3851 3847 3846 3846 3843 3858 3884 3901 3900 3902 3912 3925 3955 3978 4054 4154 4300 4390 4242 4037 3841 3687 3588 3520 3446 3369 3319 3283 3252 3247 3249 3267 3338 3432 3535 3630 3724 3881 4068 4250 4318 4260 4220 4163 4105 4037 3991 3979 3979 3996 3991 3968 3955
3764 3768 3764 3745 3743 3744 3750 3763 3777 3794 3831 3837 3839 3829 3821 3817 3815 3813 3805 3806 3806 3808 3811 3817 3832 3825 3819 3828 3832 3838 3835 3837 3845 3845 3843 3844 3869 3872 3875 3881 3894 3913 3925 3960 4025 4130 4242 4474 4310 4058 3844 3656 3515 3423 3352 3275 3189 3158 3135 3117 3127 3135 3139 3171 3265 3353 3436 3542 3693 3890 4068 4236 4294 4267 4213 4141 4050 3995 3982 3980 3988 3981 3975 3971
3768 3769 3767 3747 3741 3746 3751 3759 3764 3773 3787 3831 3852 3854 3845 3836 3830 3826 3814 3807 3807 3808 3809 3812 3816 3827 3828 3827 3830 3838 3843 3836 3840 3847 3850 3867 3881 3878 3880 3878 3903 3931 3957 4010 4135 4258 4373 4377 4121 3850 3643 3470 3356 3282 3219 3154 3088 3083 3085 3088 3088 3094 3105 3123 3174 3225 3286 3384 3530 3713 3891 4016 4182 4288 4339 4202 4058 3989 3973 3978 3994 3997 3991 3985
3752 3758 3758 3756 3751 3757 3761 3756 3757 3757 3771 3817 3852 3853 3854 3838 3821 3816 3808 3804 3805 3806 3805 3803 3802 3814 3821 3825 3829 3846 3849 3853 3853 3850 3862 3867 3881 3888 3900 3904 3928 3964 4017 4107 4239 4336 4353 4140 3928 3648 3457 3296 3186 3148 3112 3076 3055 3068 3071 3079 3080 3084 3094 3118 3138 3154 3200 3269 3383 3555 3719 3849 4064 4255 4337 4228 4075 3997 3982 3975 3988 4002 4005 3973
3747 3751 3755 3759 3759 3754 3748 3752 3761 3768 3795 3826 3850 3857 3848 3833 3813 3799 3797 3804 3806 3809 3808 3802 3795 3813 3826 3827 3828 3840 3838 3842 3846 3844 3839 3852 3893 3902 3899 3918 3959 4010 4089 4263 4449 4340 4150 3892 3717 3484 3300 3146 3039 3033 3032 3024 3025 3057 3066 3069 3075 3081 3090 3098 3103 3109 3125 3176 3268 3421 3588 3727 3968 4208 4317 4237 4098 4014 3972 3963 3974 3992 3984 3952
3743 3744 3749 3755 3756 3752 3748 3755 3771 3790 3799 3825 3840 3849 3846 3836 3823 3809 3813 3809 3811 3813 3815 3816 3819 3827 3829 3827 3830 3835 3833 3832 3840 3842 3840 3865 3901 3889 3901 3946 3990 4048 4119 4278 4446 4244 3960 3686 3522 3330 3166 3031 2945 2955 2977 2993 3011 3043 3055 3061 3072 3082 3088 3090 3083 3077 3083 3107 3182 3309 3452 3629 3869 4143 4287 4239 4132 4043 3970 3951 3955 3972 3970 3946
3742 3743 3746 3753 3757 3754 3751 3759 3782 3813 3834 3842 3836 3840 3848 3838 3830 3823 3811 3811 3815 3821 3825 3828 3815 3803 3818 3818 3820 3827 3830 3832 3839 3847 3865 3893 3895 3900 3939 3970 4029 4100 4184 4309 4339 4093 3793 3518 3356 3185 3046 2941 2886 2910 2945 2978 3009 3033 3049 3058 3073 3088 3093 3083 3062 3048 3045 3056 3115 3220 3344 3536 3757 4018 4199 4257 4220 4119 4023 3957 3943 3959 3960 3944
3740 3738 3742 3747 3751 3751 3749 3757 3782 3811 3832 3836 3834 3833 3831 3834 3833 3829 3821 3818 3820 3826 3833 3837 3821 3804 3807 3809 3809 3817 3832 3838 3836 3854 3886 3917 3918 3911 3939 3985 4073 4173 4287 4480 4274 3980 3689 3412 3230 3065 2946 2880 2862 2889 2928 2965 3003 3027 3047 3062 3093 3107 3099 3072 3038 3021 3014 3016 3054 3141 3254 3473 3657 3903 4135 4301 4370 4258 4058 3977 3959 3973 3964 3941
3738 3744 3742 3742 3744 3745 3751 3765 3778 3783 3792 3808 3845 3848 3839 3835 3833 3827 3821 3819 3826 3829 3833 3839 3830 3813 3808 3807 3808 3829 3840 3841 3841 3870 3899 3904 3913 3904 3924 3987 4102 4238 4375 4447 4174 3882 3598 3343 3163 2995 2879 2834 2837 2875 2918 2961 3017 3064 3100 3147 3166 3154 3112 3050 2997 2995 2990 2987 3005 3059 3173 3409 3579 3813 4107 4333 4373 4220 4078 4007 3975 3977 3969 3952
3736 3737 3737 3736 3741 3746 3760 3787 3775 3761 3773 3782 3816 3836 3839 3838 3834 3835 3834 3837 3834 3830 3827 3829 3837 3821 3815 3814 3824 3838 3835 3837 3844 3867 3895 3902 3899 3877 3897 3983 4114 4269 4430 4407 4104 3810 3537 3293 3114 2957 2840 2795 2822 2880 2919 2973 3060 3157 3224 3280 3283 3227 3149 3055 2971 2968 2967 2964 2980 3011 3119 3361 3524 3786 4111 4424 4445 4231 4079 4017 3990 3988 3978 3969
3740 3737 3735 3744 3742 3744 3751 3763 3770 3769 3769 3774 3790 3815 3835 3843 3837 3834 3843 3853 3840 3831 3824 3823 3845 3847 3823 3820 3824 3831 3831 3838 3847 3871 3885 3899 3912 3912 3910 3981 4102 4221 4349 4354 4049 3766 3508 3280 3089 2943 2827 2783 2825 2892 2911 2964 3104 3255 3366 3434 3406 3323 3214 3093 2986 2956 2945 2939 2943 2975 3075 3306 3470 3728 4070 4398 4478 4283 4078 4021 3999 3979 3970 3960
3744 3740 3734 3735 3740 3744 3749 3764 3773 3768 3769 3769 3780 3804 3836 3849 3862 3843 3840 3840 3838 3829 3824 3826 3839 3856 3830 3823 3823 3825 3827 3837 3844 3854 3875 3888 3906 3900 3898 3977 4088 4209 4341 4327 4045 3742 3498 3280 3067 2942 2830 2806 2810 2838 2888 2979 3156 3357 3512 3592 3542 3423 3276 3137 3008 2957 2931 2914 2915 2948 3032 3252 3412 3672 3980 4255 4445 4328 4114 4022 3984 3989 3959 3949
3736 3736 3739 3740 3742 3746 3754 3776 3781 3771 3761 3761 3795 3810 3827 3850 3852 3840 3833 3837 3829 3824 3821 3816 3820 3834 3839 3829 3822 3823 3824 3833 3843 3869 3874 3879 3891 3899 3899 3969 4069 4194 4317 4251 3984 3704 3486 3278 3073 2943 2832 2810 2798 2812 2873 2982 3190 3446 3737 3796 3732 3503 3308 3142 3002 2921 2891 2887 2890 2915 2997 3201 3355 3600 3899 4156 4351 4326 4192 4060 3981 3967 3944 3923
3735 3736 3742 3741 3746 3750 3755 3766 3773 3775 3763 3768 3789 3827 3849 3854 3858 3834 3826 3815 3816 3818 3820 3822 3814 3812 3821 3829 3837 3826 3832 3846 3839 3837 3866 3871 3884 3905 3907 3960 4039 4132 4268 4199 3936 3661 3477 3302 3092 2916 2793 2771 2771 2797 2870 2993 3174 3398 3644 3731 3669 3476 3279 3111 2974 2892 2875 2869 2874 2893 2983 3167 3316 3552 3858 4173 4317 4332 4260 4109 3998 3959 3935 3917
3737 3739 3742 3749 3755 3756 3755 3754 3753 3754 3760 3769 3788 3832 3860 3851 3836 3839 3831 3819 3815 3814 3811 3813 3821 3813 3814 3817 3813 3821 3831 3846 3840 3839 3860 3867 3877 3907 3904 3947 4016 4112 4299 4184 3908 3650 3484 3356 3103 2887 2737 2690 2714 2756 2839 2959 3105 3271 3396 3479 3470 3348 3197 3059 2944 2882 2869 2857 2854 2872 2993 3155 3315 3525 3820 4132 4398 4333 4222 4128 4025 3958 3927 3919
3751 3754 3771 3779 3771 3763 3755 3750 3750 3752 3759 3767 3786 3827 3835 3837 3838 3833 3826 3823 3819 3814 3810 3814 3819 3816 3813 3816 3822 3826 3828 3829 3841 3849 3853 3860 3863 3898 3896 3936 3997 4092 4258 4144 3896 3668 3491 3359 3114 2877 2713 2641 2653 2693 2763 2866 2989 3116 3224 3261 3251 3187 3097 3000 2915 2886 2863 2842 2828 2838 2926 3127 3299 3516 3814 4129 4343 4302 4169 4094 4036 3964 3918 3911
3745 3764 3799 3802 3783 3769 3758 3752 3755 3756 3762 3774 3781 3818 3821 3832 3840 3835 3824 3826 3824 3816 3813 3820 3828 3821 3814 3814 3819 3831 3836 3832 3839 3846 3851 3854 3874 3923 3898 3932 3987 4078 4201 4121 3918 3716 3530 3359 3163 2939 2749 2629 2615 2627 2672 2758 2862 2961 3048 3085 3064 3036 2993 2953 2932 2889 2851 2823 2804 2810 2900 3113 3324 3559 3873 4169 4332 4296 4170 4072 4013 3952 3911 3912
3749 3764 3779 3789 3781 3769 3759 3751 3755 3757 3764 3770 3776 3812 3819 3844 3860 3847 3840 3831 3824 3821 3821 3827 3829 3826 3819 3817 3819 3822 3829 3837 3836 3843 3842 3847 3878 3935 3913 3937 3984 4079 4200 4135 3970 3782 3609 3444 3276 3093 2856 2671 2601 2575 2588 2655 2753 2849 2926 2960 2944 2923 2896 2881 2906 2869 2828 2811 2801 2821 2961 3166 3394 3644 3988 4291 4384 4319 4208 4062 3974 3933 3916 3911
3760 3775 3792 3783 3777 3768 3760 3755 3763 3759 3764 3772 3770 3786 3810 3840 3853 3849 3842 3836 3832 3829 3827 3836 3839 3831 3823 3822 3824 3822 3829 3838 3838 3841 3841 3852 3865 3910 3935 3972 3988 4079 4192 4150 3991 3823 3704 3527 3377 3227 2983 2739 2624 2551 2516 2573 2662 2761 2844 2895 2886 2833 2800 2765 2766 2793 2798 2823 2836 2892 3105 3314 3575 3778 4085 4345 4392 4320 4230 4055 3953 3920 3912 3909
3769 3763 3765 3772 3770 3766 3760 3758 3761 3757 3762 3766 3770 3768 3792 3830 3840 3840 3836 3834 3832 3830 3836 3842 3840 3834 3828 3824 3829 3831 3834 3837 3846 3851 3855 3845 3861 3889 3997 3998 3980 4068 4187 4185 4013 3839 3715 3593 3444 3262 3052 2843 2706 2591 2507 2541 2599 2680 2779 2848 2779 2751 2733 2704 2700 2744 2825 2880 2930 3059 3268 3493 3763 3974 4198 4318 4335 4263 4160 4019 3939 3918 3910 3901
3772 3764 3759 3767 3768 3765 3761 3756 3753 3752 3760 3766 3764 3764 3772 3793 3819 3828 3830 3831 3823 3825 3833 3843 3840 3834 3831 3831 3835 3841 3838 3836 3851 3854 3857 3855 3861 3880 3927 3958 3951 4026 4153 4250 4121 3929 3759 3647 3525 3388 3191 3004 2845 2707 2611 2583 2582 2611 2720 2767 2758 2715 2726 2711 2709 2786 2898 2968 3058 3250 3473 3766 4102 4385 4468 4372 4293 4189 4065 3971 3943 3932 3916 3904
3779 3781 3778 3775 3772 3768 3764 3759 3759 3753 3758 3763 3758 3761 3763 3772 3799 3818 3834 3837 3826 3824 3826 3822 3827 3828 3829 3833 3835 3840 3838 3834 3832 3850 3862 3864 3882 3887 3890 3926 3921 3966 4073 4170 4165 4061 3886 3731 3622 3498 3332 3155 3003 2875 2748 2688 2671 2685 2747 2775 2791 2757 2766 2800 2753 2819 2937 3074 3234 3468 3704 3999 4317 4500 4463 4374 4256 4134 4014 3936 3932 3935 3930 3927
3776 3796 3796 3784 3779 3774 3768 3761 3757 3752 3754 3757 3762 3764 3772 3781 3788 3808 3829 3838 3838 3835 3829 3826 3829 3828 3823 3825 3829 3832 3839 3844 3858 3871 3879 3884 3890 3892 3885 3905 3897 3921 3995 4066 4127 4189 4073 3890 3762 3600 3430 3278 3154 3067 2936 2847 2843 2838 2835 2859 2819 2785 2802 2795 2792 2881 3030 3213 3413 3723 4011 4328 4398 4374 4343 4306 4214 4103 3995 3921 3913 3921 3928 3934
3774 3781 3785 3788 3784 3780 3774 3765 3755 3751 3756 3761 3762 3760 3764 3767 3776 3797 3822 3840 3836 3843 3844 3854 3839 3831 3824 3833 3837 3843 3838 3847 3862 3870 3873 3871 3896 3896 3890 3887 3905 3898 3942 3997 4089 4232 4258 4098 3963 3794 3605 3449 3326 3252 3123 3008 2971 2953 2920 2872 2836 2850 2879 2939 2928 3009 3188 3396 3653 4010 4346 4498 4430 4292 4270 4247 4183 4098 4001 3919 3895 3897 3906 3905
3777 3792 3794 3794 3790 3786 3781 3776 3757 3753 3758 3765 3764 3760 3762 3766 3770 3783 3798 3805 3805 3807 3834 3855 3838 3826 3830 3813 3812 3820 3825 3825 3838 3852 3858 3851 3879 3888 3889 3885 3884 3886 3912 3938 4015 4118 4190 4281 4144 4035 3843 3681 3533 3433 3295 3175 3115 3083 3034 2949 2898 2884 2942 3008 3059 3164 3358 3590 3890 4203 4478 4564 4421 4269 4242 4216 4164 4097 4003 3909 3888 3885 3894 3896
3774 3807 3805 3797 3794 3790 3786 3781 3767 3765 3766 3774 3773 3765 3762 3763 3764 3771 3774 3771 3776 3779 3797 3810 3814 3805 3788 3785 3787 3800 3814 3827 3838 3851 3856 3858 3875 3879 3882 3883 3879 3878 3903 3904 3945 4008 4078 4191 4200 4207 4115 3952 3782 3673 3540 3421 3361 3296 3219 3128 3071 3063 3051 3096 3185 3324 3533 3771 4056 4286 4412 4440 4364 4236 4220 4192 4139 4076 3986 3892 3880 3878 3888 3885
3769 3795 3795 3794 3793 3792 3789 3782 3772 3770 3770 3772 3771 3770 3765 3767 3765 3767 3765 3760 3766 3775 3778 3784 3793 3793 3788 3790 3808 3803 3811 3819 3845 3850 3857 3868 3873 3875 3877 3880 3875 3875 3899 3897 3915 3941 3977 4061 4146 4209 4199 4154 4046 3948 3830 3713 3645 3560 3453 3353 3287 3252 3201 3275 3343 3476 3703 3943 4205 4326 4352 4392 4288 4185 4173 4152 4102 4046 3964 3892 3878 3869 3883 3880
3758 3773 3781 3786 3790 3793 3794 3792 3787 3790 3793 3784 3779 3774 3778 3783 3776 3771 3767 3766 3770 3776 3775 3780 3786 3790 3793 3798 3803 3807 3814 3819 3836 3844 3850 3853 3868 3868 3871 3873 3876 3879 3893 3916 3911 3912 3915 3953 4041 4140 4196 4201 4282 4252 4101 4052 3992 3827 3685 3579 3499 3418 3418 3548 3616 3687 3884 4126 4347 4349 4306 4269 4178 4123 4142 4110 4058 3999 3937 3885 3873 3877 3882 3874
3750 3757 3768 3776 3784 3791 3799 3805 3806 3812 3812 3810 3799 3792 3801 3800 3785 3774 3771 3773 3772 3772 3779 3782 3787 3793 3810 3811 3813 3810 3821 3834 3838 3841 3844 3844 3843 3854 3861 3872 3885 3888 3891 3903 3901 3893 3885 3892 3936 3987 4044 4101 4190 4220 4164 4152 4155 3993 3863 3776 3713 3680 3690 3858 3906 3948 4075 4261 4364 4314 4239 4141 4091 4081 4108 4074 4013 3952 3923 3893 3877 3888 3883 3873
