real_craters/C140-500m.grd
DSAA
181 181
-44.975 44.975
-44.975 44.975
4586.3967217496 8106.2667409998
[rows 30 to 59 of 181, columns 67 to 133 of 181]
5892.72 5867.13 5855.86 5845.59 5835.95 5827.71 5821.15 5819.64 5820.03 5828.71 5842.52 5844.32 5846.82 5848.55 5862.51 5871.4 5877.83 5881.48 5883.28 5894.87 5903.25 5900.63 5903.33 5906.43 5913.03 5910.97 5904.58 5922.05 5925.72 5915.08 5911.67 5910.74 5910.66 5912.39 5916.37 5922.52 5927.06 5929.58 5928.52 5932.87 5943.02 5944.51 5945.63 5944.88 5937.76 5931.49 5932.62 5930.89 5920.53 5910.4 5898.89 5887.93 5879.45 5876.92 5880.8 5883.55 5883.12 5878.62 5873.96 5870.56 5863.5 5857.66 5858.3 5865.28 5878.29 5891.35 5908.56
5889.74 5874.52 5860.11 5849.24 5840.17 5832.87 5829.31 5824.47 5826.47 5831.14 5827.85 5846.18 5850.09 5852.91 5862.35 5871.11 5877.7 5883.21 5888.34 5894.88 5901.1 5892.95 5895.98 5898.35 5903.38 5906.72 5910.43 5919.78 5919.8 5915 5913.55 5912.31 5911.22 5910.65 5923.66 5929.62 5934.52 5937.31 5927.95 5934.78 5946.08 5948.32 5947.77 5948.99 5938.83 5932.49 5929.64 5926.09 5917.52 5906.03 5895.62 5887.22 5882.3 5882.71 5886.8 5891.04 5885.65 5877.41 5869.19 5861.85 5855.26 5849.07 5852.75 5861.07 5872.68 5886.8 5903.28
5892.43 5877.25 5865.44 5855.1 5845.41 5839.52 5835.69 5828.76 5823.36 5829.51 5842.71 5851.66 5857.54 5863.13 5865.55 5871.21 5876.95 5884.02 5890.85 5893.06 5893.22 5892.78 5891.94 5893.43 5891.98 5901.57 5914.25 5919.27 5920.63 5919.17 5916.77 5915.61 5915.09 5915.01 5925.78 5940.51 5940.03 5937.97 5932.29 5936.72 5942.91 5944.66 5944.65 5939.69 5935.77 5931.21 5926.58 5918.54 5911.36 5899.45 5890.97 5884.9 5880.94 5880.97 5886.8 5892.45 5884.17 5873.68 5863.05 5854.69 5851.29 5849.73 5852.61 5861.45 5876.07 5887.32 5901.9
5899.86 5887.43 5875.88 5862.84 5851.62 5842.63 5840.15 5835.11 5835.52 5840.41 5852.3 5855.02 5858.2 5862.26 5866.34 5872.74 5879.49 5886.11 5891.3 5891.92 5893.9 5886.46 5895.52 5894.47 5896.67 5910.2 5923.31 5925.14 5924.29 5919.84 5918.32 5917.75 5919.25 5926.35 5940.17 5940.63 5940.87 5939.16 5944.04 5940.67 5936.23 5938.32 5943.31 5948.3 5937.53 5932.84 5925.93 5917.76 5898.92 5889.45 5886.32 5882.87 5878.38 5874.24 5871.8 5882.19 5877.07 5867.84 5858.56 5852.04 5849.58 5851.35 5854.46 5863.5 5879.62 5890.32 5903.47
5909.2 5893.36 5882.83 5871.52 5859.33 5845.87 5840.28 5838.58 5845.94 5848.63 5848.68 5850 5853.88 5860.05 5866.18 5872.53 5878.86 5886.01 5892.61 5893.83 5898 5905.27 5915.17 5919.59 5917.94 5919.36 5923.53 5928.74 5924.35 5920.77 5919.94 5920.73 5921.82 5921.21 5928.6 5941.66 5940.53 5939.01 5935.93 5934.76 5934.08 5934.82 5939.48 5942.84 5934.6 5931.84 5922.16 5906.89 5877.22 5882.99 5884.95 5882.76 5877.83 5871.22 5867.77 5875.62 5869.82 5861.36 5853.34 5848.95 5848.02 5849.16 5854.35 5861.79 5873.17 5896.36 5907.82
5928.3 5918.59 5896.04 5884.24 5872.96 5863.03 5849.39 5840.4 5849.27 5847.75 5847.27 5848.89 5849.57 5858.68 5867.79 5874.67 5879.64 5884.27 5890.31 5895.14 5923.62 5937.75 5933.6 5937.37 5930.27 5921.93 5918.32 5916.65 5916.89 5918.41 5920.86 5923.34 5926.53 5930 5937.47 5944.13 5943.86 5946.32 5936.7 5932.86 5930.79 5929.67 5933.72 5933.7 5932.38 5925.09 5910.37 5888.41 5885.91 5891.76 5889.45 5886.07 5881.89 5876.9 5865.19 5871.07 5866.93 5857.34 5849.27 5847.24 5849.29 5852.57 5858.85 5868.66 5884.16 5903.59 5911.88
5946.18 5940.65 5919.84 5900.39 5887.81 5877.82 5863.79 5853.95 5853.97 5854.65 5853.12 5854.84 5863.2 5866.26 5872.3 5878.22 5882.61 5884.93 5888.25 5905.88 5918.13 5931.43 5929.83 5925.24 5928.25 5926.84 5919.78 5914.57 5910.47 5916.97 5921.3 5925.81 5931.67 5938.73 5938.33 5937.46 5944.77 5945.93 5938.86 5935.91 5938.7 5943.02 5930.42 5926.24 5926.2 5914.2 5900.78 5889.47 5897.5 5901.64 5896.91 5893.27 5890.55 5888.94 5890.69 5882.8 5873.12 5859.55 5849.6 5851.38 5857.81 5862.43 5867.32 5878.9 5887.47 5897.89 5914.76
5955.52 5944.08 5928.28 5912.99 5900.85 5888.75 5876.2 5865.19 5863.62 5860.64 5864.4 5866.87 5866.01 5874.12 5880.82 5886.34 5890.61 5893.25 5896.95 5907.31 5912.62 5918.68 5922.58 5920.16 5923.29 5922.65 5919.63 5918.99 5917.98 5919.35 5923.41 5927.85 5932.33 5939.18 5935.26 5930.37 5937.45 5939.86 5932.47 5935.63 5932.8 5940.48 5919.79 5907.82 5909.71 5897.68 5887.61 5890.77 5898.83 5906 5904.1 5900.44 5899.96 5906.89 5916.24 5905.35 5891.19 5873.88 5854.97 5867.06 5879.02 5885.61 5890.72 5886.42 5892.67 5904.17 5922.38
5966.42 5961.86 5939.8 5926.29 5914.43 5903.3 5893.16 5882.49 5873.58 5871.39 5882.7 5890.62 5881.24 5886.51 5891.64 5895.94 5901.01 5905.64 5909.7 5908.95 5917.83 5925.5 5928.65 5928.45 5924.17 5914.82 5917.84 5916.83 5917.5 5922.12 5926.13 5928.98 5930.25 5927.75 5926.55 5922.49 5923.97 5921.54 5910.44 5885.93 5909.26 5916.44 5910.57 5899.77 5893.13 5891.53 5892.29 5896.51 5905.32 5909.77 5909.56 5909.61 5910.6 5914.63 5924.46 5917.42 5923.22 5916.71 5898.62 5909.71 5913.22 5909.44 5903.76 5900.03 5908.28 5926.8 5937.68
5975.03 5970.47 5959.38 5943.19 5929.77 5918.24 5906.52 5891.85 5890.08 5889.33 5896.7 5904.41 5906.31 5902.61 5903.75 5906.97 5912.01 5920.2 5923.62 5923.81 5925.95 5939.54 5945.1 5941.79 5933.15 5926.57 5927.32 5925.21 5924.78 5927.6 5930.3 5931.91 5931.94 5931.72 5927.67 5926.41 5915.28 5912.46 5911.26 5926.05 5908.61 5901.78 5895.4 5888.11 5885.62 5890.83 5895.65 5899.95 5906.2 5909.99 5914.02 5918.09 5921.5 5921.35 5914.73 5938.21 5977.74 6001.54 5996.62 5982.95 5960.99 5936.3 5915.41 5920.11 5934.1 5949.24 5952.32
5985.48 5985.01 5971.02 5954 5944.33 5934.36 5923.54 5916.85 5912.16 5911.13 5912.7 5912.56 5913.31 5912.86 5913.31 5915.66 5920.45 5923.47 5932.07 5944.76 5944.91 5950.74 5956.32 5953.35 5943.84 5939.32 5936.34 5936.12 5934.46 5933.73 5935.34 5936.69 5935.81 5931 5928.68 5923.11 5926.24 5918.35 5913.67 5911.92 5901.88 5888.32 5885.3 5885.98 5889.34 5894.33 5898.85 5902.32 5904.41 5912.7 5920.33 5929.22 5939.97 5949.74 5958.84 5987.01 6054.4 6113.22 6119.59 6063.05 6010.73 5968.99 5941.42 5952.67 5950.97 5955 5961.52
5993.31 5998.4 5989.55 5970.35 5962.44 5953.56 5944.09 5930.43 5940.06 5939.52 5930.45 5923 5917.97 5917.72 5918.14 5920.12 5925.76 5937.78 5937.89 5942.78 5952.24 5955.88 5954.88 5958 5951.98 5947.08 5938.78 5936.04 5936.97 5938.16 5940.68 5943.35 5945.76 5943.16 5932.79 5926.03 5927.24 5917.84 5907.38 5899.46 5892.59 5887.12 5887.73 5903.79 5904.21 5902.08 5900 5907.54 5916.67 5920.34 5925.28 5938.26 5957.93 5989.74 6032.55 6072.15 6127.95 6189.76 6189.48 6106.98 6041.63 5993.78 5963.27 5971.4 5979.05 5979.48 5976.99
5994.64 6001.63 6009.76 5990.43 5980.79 5973.04 5967.6 5949.09 5953.73 5954.95 5946.4 5935.43 5929.49 5927.14 5924.64 5923.94 5925.52 5927.01 5935.87 5948.51 5963.22 5969.86 5970.11 5965.72 5957.88 5949.88 5940.72 5933.55 5936.26 5940.48 5944.16 5947.67 5950.62 5947.25 5934.4 5921.79 5914.12 5908.03 5897.6 5886.51 5884.48 5896.78 5904.11 5911 5911.85 5908.84 5910.75 5916.56 5924.52 5918.9 5924.48 5940.55 5964.66 6003.84 6060.64 6119.67 6143.94 6159.32 6145.72 6092.32 6042.12 6002.19 5974.53 5967.16 5966.64 5986.78 5981.96
5991.88 5978.64 5934.51 5996.54 5992.31 5986.06 5979.77 5970.3 5963.07 5965.05 5964.96 5956.39 5946.59 5942.2 5934.95 5929.64 5924.4 5926.79 5942.29 5968.53 5982.25 5990.82 5994.61 5978.74 5962.42 5947.29 5934.33 5935.36 5938.5 5942.64 5946.61 5950.01 5950.31 5945.41 5934.68 5921.89 5909.17 5903.1 5894.35 5879.18 5875.07 5896.09 5911.88 5915.33 5910.59 5909.49 5912.19 5917.93 5925.72 5919.66 5924.12 5937.31 5955.13 5983.33 6031.33 6092.82 6097.91 6060.28 6053.09 6043.84 6020.44 5996.55 5980.86 5971.98 5970.38 5972.5 5969.46
5999.34 6001.99 6029.05 6002.6 5998.36 5995.81 5989.58 5980.32 5968.1 5980.03 5991.16 5992.5 5973.87 5961.66 5949.37 5938.64 5929.2 5930.78 5965.56 5995.65 5995.82 5995.59 5995.78 5984.82 5969.44 5951.11 5935.25 5935.85 5940.81 5944.93 5948.21 5951.5 5954.29 5948.81 5938.19 5925.78 5914.02 5908.65 5902.17 5895.77 5897.08 5892.36 5883.29 5903.99 5904.47 5905.07 5906.18 5910.56 5918.44 5922.06 5928.23 5930.71 5935.7 5947.05 5982.31 6025.07 6023.59 5993.84 5989.75 5995.65 5991.06 5981.26 5972.53 5969.54 5971.3 5973.16 5969.49
6007.93 6017.67 6023.21 6008.61 6003.71 6003.33 6008.24 5996.22 5994.47 6001.41 6016.4 6022.07 5999.36 5979.73 5965.39 5953.18 5941.98 5938.39 5954.76 5992 5998.72 6000.64 6001.56 5989.31 5969.86 5959.03 5946.52 5943.67 5944.45 5945.57 5948.01 5951.47 5953.91 5951.07 5944.51 5937.48 5931.22 5922.49 5914.36 5908.78 5903.38 5903.25 5891.54 5882.62 5894.96 5900.77 5903.81 5909.2 5919.76 5928.49 5930.36 5923.39 5917.96 5914.51 5932.34 5950.4 5948.2 5940.06 5949.26 5961.14 5966.1 5964.57 5958.83 5957.47 5963.87 5969.49 5972.21
6010.49 6017.42 6018.31 6013.66 6010.88 6006.97 6000.35 6002.28 6005.36 6016.26 6030.88 6035.79 6013.22 5996.79 5982.82 5971.13 5962.14 5952.5 5947.79 5975.93 5996.47 6006.57 6007.88 5995.14 5977.9 5969.21 5962.66 5955.76 5948.5 5946.47 5946.54 5949.04 5952.05 5950.91 5949.84 5950.37 5948.79 5937.77 5924.28 5914.89 5912.67 5903.83 5906.4 5895.32 5896.1 5900.55 5905.61 5913.26 5924.71 5935.26 5924.57 5912.78 5906.63 5906.71 5911.91 5916.74 5917.75 5921.48 5930.75 5940.5 5948.52 5953.76 5952.93 5950.86 5954.13 5964.1 5980.78
6010.04 6018.63 6024.64 6027.48 6026.32 6019.22 6006.52 6007.4 6007.55 6024.07 6035.86 6035.5 6023.98 6012.52 5999.17 5986.79 5980.3 5967.75 5960.02 5977.22 5997.5 6013.31 6011.35 5993.17 5978.41 5988.42 5971.47 5956.67 5949 5943.45 5940.47 5940.95 5945.47 5945.43 5948.72 5957.11 5966.2 5946.06 5927.65 5914.05 5899.03 5904.34 5907.57 5902.69 5899.12 5901.63 5906.95 5913.48 5923.09 5926.45 5905.56 5898.53 5897.52 5899.82 5902 5906.63 5912.99 5914.82 5920.95 5928.73 5939.14 5950.12 5959.88 5954.02 5953.91 5963.68 5976.25
6011.8 6020.61 6029.51 6039.47 6039.68 6034.81 6031.01 6029.15 6025.91 6033.92 6047.53 6050.76 6041.24 6030.35 6015.02 5998.36 5980.37 5972.79 5971.93 5983.74 5999.19 6009.52 5997.27 5983.67 5991.07 5988.12 5974.83 5957 5947.35 5940.28 5933.59 5927.6 5925.26 5933.1 5938.96 5941.65 5938.85 5933.89 5923.63 5913.09 5908.59 5908.03 5900.83 5896.21 5896.64 5899.49 5906.24 5918.59 5914.76 5904.7 5881.12 5885.44 5890.72 5893.82 5897.25 5900.14 5902.66 5905.99 5913.15 5921.16 5931.78 5943.97 5958.63 5956.61 5953.04 5955.89 5973.35
6009.99 6017.32 6026.08 6037.47 6043.78 6039.51 6039.49 6042.27 6033.77 6042.03 6058.27 6064.49 6063.07 6049.37 6030.2 6010.83 5993.65 5983.05 5980.93 5988.95 6001.23 6011.54 5995.04 5979.15 5986.72 5985.83 5967.69 5954.03 5947.85 5937.79 5927.14 5918.04 5915.73 5923.1 5932.18 5929.89 5926.42 5922.57 5918.42 5909.99 5904.1 5913.45 5897.22 5892.21 5894.17 5894.52 5896.32 5896.4 5894.33 5888.94 5873.37 5881.22 5889.28 5894.89 5894.99 5896.33 5897.55 5899.89 5906.73 5915.19 5923.9 5931.87 5936.13 5939.81 5939.56 5948.97 5963.21
6001.58 6009.54 6016.57 6024.27 6037.72 6044.76 6046.28 6047.15 6048.83 6053.39 6059.77 6068.31 6071.98 6061.48 6042.47 6023.54 6006.46 5995.31 5987.75 5991.74 5999.81 6010.58 6012.92 5999.58 5991.73 5984.95 5970.31 5964.71 5956.11 5941.86 5925.04 5911.72 5907.38 5914.63 5929.12 5946.85 5936.24 5928.5 5918.23 5907.64 5898.33 5904.72 5904.25 5898.54 5893.73 5889.71 5884.74 5876.88 5877.57 5883.12 5883.93 5886.6 5890.01 5892.61 5893.17 5894.18 5893.93 5894.93 5901.78 5908.77 5914.83 5918.93 5919.88 5915.8 5918.23 5930.33 5946
5997.27 6002.56 6007.69 6015.92 6024.26 6045.6 6050.55 6044.85 6056.6 6062.29 6063.05 6068.73 6071.02 6063.99 6051.66 6038.2 6025.21 6013.69 5999.83 5995.95 5994.87 5996.74 6014.12 6024.13 6012.32 6001.14 5992.75 5988.55 5971.97 5949.52 5925.61 5904.6 5897.36 5903.06 5913.98 5926.16 5931.2 5928.75 5919.96 5908.68 5897.51 5900.56 5905.03 5900.26 5893.26 5887.17 5879.6 5872.37 5873.1 5881.02 5893.56 5893.84 5883.82 5884.14 5889.57 5892.58 5893.85 5894.74 5898.73 5903.44 5907.36 5909.42 5909.67 5908.95 5912.76 5919.7 5929.98
5994.96 5998.67 6002.44 6010.28 6014.85 6040.4 6050.87 6050.22 6058.38 6070.85 6074.93 6071.63 6068.41 6064.33 6059.74 6053.02 6045.88 6035.17 6015.28 6003.45 5995.31 5991.81 6007.21 6026.56 6021.14 6015.08 6017.64 6011.71 5990.06 5960.35 5928.2 5898.95 5889.34 5891.89 5895.67 5903.5 5918.72 5923.62 5922.42 5914.04 5905.83 5911.7 5912.4 5897.23 5895.31 5886.97 5878.22 5871.54 5872.66 5884.65 5899.38 5892.93 5887.78 5885.42 5888.61 5892.25 5894.79 5894.89 5897.03 5900.07 5902.84 5904.62 5905.33 5905.47 5906.31 5912.26 5917.45
5992.78 5995.93 5998.71 6003.13 6014.48 6032.66 6046.21 6044.64 6053.09 6072.17 6074.22 6070.1 6069.37 6070.15 6067.35 6063.13 6057.05 6048.46 6027.62 6014.43 6004.54 5999.7 6007.19 6011.42 6015.99 6026.23 6033.87 6034.7 6007.1 5971.19 5935.49 5904.97 5890.26 5887.46 5889.75 5897.92 5917.42 5935.33 5929.23 5921.82 5920.74 5927.89 5927.36 5921.17 5903.01 5888.8 5878.76 5871.14 5868.88 5879.04 5884.48 5884.96 5888.79 5888.88 5889.35 5891.84 5894.66 5894.34 5895.62 5898.05 5900.33 5901.65 5902.23 5902.68 5904.48 5909.65 5915.58
5990.24 5994.11 5996.47 5997.66 6003.28 6022.99 6046.26 6053.11 6054.24 6064.49 6067.45 6062.88 6066.65 6068.97 6074.77 6074.5 6066.38 6054.72 6037.06 6028.62 6022.41 6019.25 6020.53 6020.56 6011.19 6018.46 6035.21 6043.27 6015.19 5979.21 5944.14 5912.74 5895.66 5886.45 5885.84 5894.73 5911.39 5926.27 5923.63 5921.06 5925.09 5930.69 5921.92 5911.76 5896.96 5887.65 5879.33 5873.4 5874.97 5876.56 5880.41 5883.63 5887.74 5888.35 5888.17 5888.76 5890.42 5892.24 5894.18 5896.68 5899.12 5901.46 5902.34 5901.9 5903.29 5907.27 5910.41
5993.31 5996.46 6000.81 6004.07 6007.57 6025.86 6042.84 6046.95 6049.17 6057.91 6023.41 6052.69 6070.88 6084.48 6087.27 6085.24 6072.32 6053.55 6048.78 6045.2 6041.4 6036.87 6031.7 6026.63 6028.92 6032.67 6039.28 6033.76 6014.02 5984.04 5950.84 5923.84 5900.3 5886.13 5879.62 5884.69 5895.75 5900.72 5906.09 5909.65 5911.79 5906.71 5897.14 5890.41 5889.48 5886.56 5880.49 5874.16 5867.38 5875.47 5884.86 5878.85 5884.98 5886.84 5886.51 5885.5 5885.4 5889.02 5893.21 5896.16 5898.88 5900.99 5902.9 5903.99 5904.24 5909.73 5912.76
6003.85 6008.71 6009.73 6013.45 6021.95 6037.86 6035.34 6036.55 6045.62 6072.73 6051.1 6061.08 6079.98 6095.98 6098.1 6091.09 6080.51 6067.93 6066.31 6064.83 6062.06 6056.44 6045.68 6036.62 6048.47 6051.47 6046.22 6040.05 6021.88 5990.37 5955.7 5924.24 5903.9 5887.73 5879.16 5883.3 5891.89 5893.24 5898.36 5897.89 5890.15 5882.45 5884.32 5892.12 5893.98 5890.84 5884.99 5877.75 5872.82 5875.29 5877.66 5881.36 5885.47 5886.39 5885.71 5885.17 5886.93 5890.91 5894.2 5896.38 5898.98 5903.62 5905.94 5909.06 5914.66 5916.79 5919.75
6012.51 6022.05 6027.66 6028.75 6027.47 6029.22 6028.5 6035.17 6048.34 6061 6068.04 6075.65 6089.27 6100.42 6108.77 6110.55 6100.5 6093.51 6090.52 6088.08 6085.79 6082.67 6076.38 6064.24 6065.75 6069.52 6066.84 6061.14 6038.48 6001.19 5963.68 5935.49 5913.92 5896.81 5882.19 5892.44 5906.06 5916.93 5913.35 5897.3 5880.04 5879.31 5887.16 5895.99 5900.8 5899.1 5892.58 5884.62 5877.63 5878.67 5883.59 5891.83 5891.71 5886.87 5884.68 5884.72 5887.73 5894.41 5896.5 5897.14 5898.05 5901.22 5908.16 5914.76 5918.23 5922.79 5924.77
6018.21 6029.5 6039.93 6050.46 6053.36 6033.59 6037.32 6042.99 6051.76 6057.55 6070.89 6084.47 6098.96 6113.27 6118.94 6119.17 6112.11 6120.82 6113.61 6113.22 6115.56 6116.18 6119.1 6128.03 6116.24 6103.57 6095.45 6081.82 6054.85 6017.32 5976.01 5946.93 5936.08 5918.59 5904.53 5917.39 5933.37 5943.84 5939.68 5914.19 5885.93 5883.13 5895.63 5907.26 5915.58 5910.81 5902.55 5892.26 5885.09 5881.42 5882.18 5885.95 5885.71 5884.97 5883.75 5882.74 5886.91 5893.33 5897.74 5899.63 5900.5 5903.52 5914.89 5924.95 5931.66 5939.03 5948.4
6023.4 6036.92 6052.89 6072.09 6089.55 6067.8 6052.34 6057.12 6058.93 6064.16 6079.24 6096.36 6111.89 6121.73 6123.07 6120.23 6119.07 6123.55 6133.5 6137.5 6142.47 6150.88 6162.85 6183.24 6169.24 6163.26 6145.33 6115.12 6077.26 6046.7 6016.41 5992.73 5979 5961.7 5942.28 5955.51 5967.52 5981.21 5978.71 5941.94 5917.38 5904.22 5902.9 5916.34 5927 5921.82 5911.74 5899.81 5887.4 5882.01 5886.65 5886.23 5880.93 5884.19 5885.96 5886.09 5889.17 5896.33 5900.72 5905.45 5911.5 5916.24 5930.33 5942.51 5951.91 5960.9 5967.98
