real_craters/C140-500m.grd
DSAA
181 181
-44.975 44.975
-44.975 44.975
4586.3967217496 8106.2667409998
[rows 150 to 179 of 181, columns 67 to 133 of 181]
5916.68 5926.69 5937.52 5946.06 5962.32 5978.76 5970.77 5960.72 5947.54 5937.61 5930.4 5923.75 5922.44 5925.29 5931.64 5940.53 5945.84 5955.48 5958.84 5960.61 5964.93 5969.24 5979.79 5988.36 5997.31 6010.44 6015.69 6020.48 6024.05 6022.01 6032.93 6055.1 6079.01 6102.34 6120.31 6101.51 6034.71 6027.93 6034.29 6043.39 6063.51 6031.58 5992.56 5952.63 5927.57 5977.63 6004.3 6026.69 6046.58 6060.94 6062.05 6054.79 6043.46 6029.47 6019.56 6016.24 6013.35 6011.19 6011.1 6012.71 6014.84 6008.77 6002.95 6015.49 6019.76 6029.35 6038.56
5928.96 5940.98 5955.4 5966.93 5964.58 5971.13 5972.4 5963.08 5949.04 5937.08 5927.81 5922.26 5921.89 5924.96 5930.74 5934.47 5938.96 5945.54 5951.44 5954.8 5966.73 5980.23 5982.64 5990.91 5999.54 6008.25 6013.06 6017.62 6020.96 6020.68 6032.83 6056.33 6083.67 6112.53 6138.47 6130.88 6067.25 6047.21 6061.03 6085.96 6088.85 6018.91 5956.43 5905.36 5888.52 5930.11 5971.95 6007.99 6038.4 6062.28 6063.49 6055.65 6046.62 6036.07 6027.28 6023.44 6019.14 6014.44 6012.39 6011.82 6011.96 6005.99 6000.7 6013.55 6023.63 6029.41 6037.45
5938.18 5950.54 5964.24 5974.75 5975.69 5979.88 5976.45 5968.77 5957.82 5943.97 5930.17 5922.23 5918.96 5924.42 5930.29 5934.22 5937.32 5940.62 5947.27 5953.23 5968.59 5985.15 5990.55 5993.81 6001.08 6004.54 6009.65 6013.26 6014.61 6018.05 6031.65 6052.96 6078.52 6105.52 6131.23 6139.26 6058.76 6053.71 6084.98 6110.43 6049.16 5983.43 5928.62 5885.72 5880.38 5911.1 5953.46 5996.01 6032.57 6061.25 6062.18 6056.61 6050.53 6046.24 6043.64 6030.83 6021.33 6015.07 6012.53 6010.28 6006.88 6003.51 6003.06 6009.41 6018.59 6027.97 6036.78
5941.26 5953.83 5965.91 5975.7 5984.24 5983.55 5981.91 5976.62 5967.44 5955.47 5940.19 5932.9 5929.05 5928.54 5931.17 5936.33 5940.56 5944.5 5944.35 5953.68 5969.42 5980.24 5984.21 5995.91 6005.53 6014.81 6019.79 6013.56 6009.55 6014.76 6026.63 6043.98 6063.83 6082.59 6094.39 6084.84 6044.12 6051.89 6090.82 6125.27 6010.51 5968.18 5919.32 5868.71 5867.73 5906.16 5952.15 5996.25 6031.64 6052.81 6060.18 6055.02 6051.1 6049.13 6043.88 6032.99 6020.71 6015.66 6013.39 6010.68 6006.13 6003.27 6004.17 6004.27 6017.75 6027.23 6035.92
5939.82 5952.51 5966.15 5975.41 5979.41 5981.94 5985.55 5983.62 5981.31 5969.83 5958.6 5948.66 5942.44 5938.03 5938.51 5941.8 5944.32 5945.67 5947.88 5959.97 5974.03 5984.93 5993.34 5999.71 6008.59 6018.77 6024.61 6017.27 6010.69 6006.54 6018.06 6031.77 6045.41 6055.49 6056.07 6041.68 6034.74 6047.74 6072.98 6098.81 6078.66 6011.89 5936.92 5873.15 5878.07 5919.47 5965.97 6006.34 6039.75 6058.89 6057.77 6049.56 6048.73 6047.38 6043.51 6035.66 6025.24 6020.25 6016.96 6013.04 6009.21 6004.59 6006.31 6008.49 6020.43 6029.32 6037.46
5935.75 5947.54 5958.3 5969.03 5973.58 5983.21 5986.66 5983.74 5977.98 5975.89 5973.72 5957.9 5951.37 5951.19 5949.05 5948.26 5949.29 5950.23 5952.86 5969.39 5980.45 5989.97 5996.31 6000.64 6007.18 6013.35 6015.12 6010.08 6005.83 6004.29 6010.07 6018.55 6027.71 6032.75 6032.17 6028.24 6028.86 6034.89 6043.8 6041.39 6094.86 6051.46 5979.12 5897.58 5917.43 5954.63 5988.73 6021.71 6050.57 6060.73 6046.77 6044.85 6046.37 6047.32 6047.27 6041.51 6035.49 6029 6022.02 6016.76 6013.77 6015 6012.97 6014.48 6022.87 6030.98 6038.56
5931.24 5942.54 5950.85 5961.49 5969.65 5972.53 5980.7 5983.13 5978.38 5970.82 5962.75 5958.2 5954.94 5955.89 5954.02 5952.28 5953.27 5957.48 5958.19 5973.22 5984.46 5994.18 5993.52 5998.26 6003.58 6006.45 6005.02 6001.78 5999.16 5998.37 6002.95 6007.51 6011.54 6014.13 6014.48 6016.12 6018.54 6023.38 6028.08 6030.93 6042.86 6044.04 6037.82 6070.8 6005.26 6000.27 6016.47 6038.12 6061.09 6065.02 6046.06 6042.89 6046.03 6047.83 6045.75 6043.44 6041.41 6035.93 6024.94 6018.62 6016.07 6013.61 6016.13 6022.18 6023.7 6031.41 6038.68
5926.61 5937.94 5949.55 5953.07 5958.3 5963.23 5974.98 5982.34 5979.93 5966.61 5959.6 5959.81 5957.36 5952.33 5953.68 5953.38 5953.49 5955.28 5961.24 5973.46 5982.51 5995.92 5991.32 5997.7 6001.19 6001.8 6001.02 6000.92 5998.91 5997.26 5996.45 5998.21 5999.51 5999.14 5998.01 5997.02 6002.49 6015.37 6021.92 6028.55 6027.62 6033.99 6047.89 6056.41 6041.96 6031.94 6036.96 6050.64 6066.62 6066.17 6052.94 6047.49 6048.35 6051.08 6051.07 6048.36 6041.39 6032.12 6022.19 6017.55 6016.39 6018.63 6018.57 6021.91 6027.56 6032.17 6038.31
5922.06 5930.81 5938 5944.99 5948.94 5958.94 5967.62 5962.34 5962.65 5960.46 5956.79 5956.29 5958.72 5960.85 5956.33 5952.35 5949.93 5950.6 5956.8 5958.56 5969.9 5985.82 5997.04 5999.74 6000.26 5999.8 5997.2 5998.92 5995.82 5993.7 5992.62 5991.64 5990.79 5988.87 5986.12 5981.57 5984.17 6002.79 6013.53 6023.89 6023.28 6029.16 6038.3 6039.53 6044.81 6044.46 6047 6054.26 6060.19 6058.8 6049.29 6045.5 6052.34 6056.44 6060.32 6055.22 6035.13 6016.55 6014.79 6014.08 6014.27 6015.43 6017.76 6019.61 6025.17 6030.45 6037.1
5918.58 5925.78 5931.49 5939.06 5940.21 5947.12 5954.85 5954.94 5958.03 5961.44 5957.04 5952.18 5959.41 5964.36 5955.66 5948.6 5942.65 5937.02 5934.15 5940.68 5951.77 5962.88 5985.55 5996.42 5998.18 5997.96 5998.09 5995.91 5994.36 5991.2 5989.2 5987.75 5986.16 5984.01 5980.91 5977.76 5980.1 5989.55 6001.5 6013.63 6019.47 6028.1 6038.68 6046.22 6046.53 6048.64 6051.32 6054.4 6051.57 6055.57 6057.01 6058.69 6060.01 6059.53 6058.4 6050.44 6030.82 6013.84 6011.33 6011.63 6013.02 6017.03 6020.92 6020.49 6025.9 6029 6036.57
5917.04 5923.55 5928.79 5932.57 5933.63 5937.76 5952.6 5953.75 5957.22 5963.54 5952.67 5945.03 5951.92 5955.92 5948.09 5940.05 5933.53 5926.64 5916.04 5927.68 5940.23 5955.37 5979.5 5991.97 5992.1 5992.69 5993 5992.63 5988.51 5987.08 5985.6 5984.63 5983.2 5982.18 5980.32 5978.17 5976.75 5985.23 5992.45 5998.87 6012.01 6020.6 6029.41 6037.12 6041.5 6045.89 6050.29 6055.38 6061.66 6061.91 6067.72 6070.87 6064.67 6059.59 6052.64 6040.41 6029.27 6018.43 6012.53 6011.67 6013.41 6020.08 6029.08 6027.26 6028 6030.61 6038.07
5915.82 5922.15 5924.23 5925.11 5930.92 5938.71 5945 5944.49 5948.43 5954.34 5944.36 5932.53 5939.04 5939.82 5934.69 5928.16 5923.26 5920.48 5908.52 5915.53 5932.21 5951.63 5966.16 5976.24 5979.06 5982.78 5986.98 5984.2 5983.58 5982.74 5982.78 5982.56 5982.13 5982.49 5982.85 5984.2 5988.81 5986.65 5996.44 6005.77 6008.26 6011.43 6017.47 6025.49 6032.56 6038.47 6044.97 6051.42 6059.04 6061.21 6063.43 6063.93 6062.44 6058.13 6051.22 6041.66 6031.18 6020.22 6014.03 6012.59 6014.95 6021.45 6027.5 6034.03 6034.03 6035.88 6041.52
5914.04 5922.66 5922.89 5921.77 5929.11 5940.65 5943.98 5938.99 5937.71 5935.21 5943.67 5940.4 5926.21 5922.51 5919.9 5914.93 5910.06 5908.17 5904.8 5913.71 5920.03 5930.48 5944.02 5952.76 5960.76 5968.14 5976.28 5973.71 5976.78 5978.9 5980.56 5981.49 5982.82 5983.9 5985.62 5987.52 5988.21 5988.29 5996.03 6004 6005.76 6008.64 6011.69 6018.99 6025.21 6030.96 6036.42 6041.46 6047.06 6052.94 6057.3 6058.09 6059.03 6056.51 6052.79 6048.32 6035.93 6022.73 6015.57 6013.84 6015.64 6022.04 6032.36 6033.42 6039.95 6038.95 6045.13
5910.64 5915.25 5917.09 5916.6 5924.83 5934.72 5938.9 5938.82 5935.88 5934.24 5933.31 5929.71 5915.46 5911.64 5908.51 5902.55 5895.8 5891.73 5906.56 5912.43 5915.2 5921.43 5928.97 5934.24 5941.65 5949.74 5958.23 5969.87 5970.84 5974.79 5978.15 5980.77 5983.56 5986.61 5989.07 5990.8 5991.37 5990.67 5991.9 5997.85 6002.44 6006.07 6010.1 6014.93 6019.93 6025.06 6029.46 6032.7 6037.16 6044.53 6050 6052.13 6053.63 6053.75 6052.54 6049.91 6039.34 6027.1 6018.75 6015.28 6016.17 6023.24 6029.42 6037.46 6044.35 6046.55 6050.15
5907.4 5915.88 5916.69 5914.95 5918.84 5926.83 5937.43 5936.07 5928.33 5927.96 5926.53 5925.04 5924.22 5912.48 5904.01 5895.85 5887.64 5884.9 5899.44 5914.66 5925.43 5926.62 5921.46 5918.43 5925.94 5934.06 5941.01 5961.25 5967.06 5971.7 5976.24 5980.68 5984.92 5989.18 5992.5 5995.48 5997.5 5995.73 5995.27 5998.04 6001.07 6002.98 6005.84 6011.35 6016.72 6021.63 6025.22 6026.98 6030.92 6038.75 6044.04 6046.89 6049.03 6050.03 6049.9 6047.94 6039.14 6025.46 6015.67 6016.34 6020.33 6026.1 6036.53 6043.5 6048.07 6052.69 6055.04
5902.72 5908.82 5914.58 5911.98 5912.41 5918.35 5927.83 5927.1 5931.42 5934.18 5942.79 5934.74 5923.1 5913.27 5903.91 5895.32 5887.48 5887.52 5900.89 5923.28 5938.69 5926.13 5917.03 5912.56 5917.09 5925.78 5936.62 5954.38 5962.47 5968.89 5974.84 5980.58 5986.09 5990.32 5995.16 5999.63 6003.86 6003.59 5997.57 6000.44 6002.17 6002.68 6003.58 6010.14 6015.66 6020.68 6024.56 6027.93 6031.73 6036.72 6040.77 6042.48 6044.23 6045.74 6045.69 6043.97 6036.61 6025 6017.23 6015.66 6018.62 6024.39 6034.47 6042.61 6047.21 6051.26 6056.48
5897.62 5906.29 5912.95 5907.51 5903.87 5905.34 5905.61 5924.49 5942.4 5953.99 5959.6 5941.95 5922.13 5915.69 5907.65 5899.55 5891.48 5891.2 5908.28 5921.27 5922.44 5918.77 5912.57 5909.36 5912.79 5921.23 5932.85 5945.44 5955.44 5964.81 5971.92 5978.4 5983.21 5988.9 5994.91 6001.08 6006.14 6006.5 6004.21 6004.93 6006.11 6006.94 6007.12 6011.71 6017.07 6022.07 6026.29 6029.26 6033.49 6037.41 6040.1 6041.15 6041.89 6042.68 6041.35 6037.41 6031.16 6024.08 6018.63 6015.77 6016.02 6021.35 6026.27 6040.88 6047.25 6050.37 6057.28
5889.08 5890.44 5890.93 5890.01 5897.67 5900.81 5902.52 5930.6 5928.97 5946.04 5957.28 5948.81 5933.06 5922.93 5914.82 5907.67 5902.91 5901.82 5905.45 5906.2 5897.2 5906.88 5909.13 5907.26 5911.87 5919.79 5928.7 5943.68 5953.31 5962.69 5969.95 5977.08 5983.36 5989.54 5995.26 6001.31 6007.07 6010.49 6010.49 6009.86 6010.69 6012.73 6012.85 6014.59 6018.93 6024.24 6030.02 6034.14 6037.61 6040.09 6041.9 6042.58 6043.09 6041.82 6039.1 6033.99 6027.15 6024.17 6020.63 6018.71 6020.72 6025.16 6031.77 6045.85 6054.2 6058.48 6060.71
5890.41 5893.35 5905.49 5899.86 5901.03 5904.99 5916.56 5923.5 5932.13 5947.46 5960.62 5953 5942.2 5930.34 5921.51 5914.39 5910.03 5905.35 5899.28 5895.23 5895.12 5908.17 5912.74 5915.51 5920.19 5925.6 5933.82 5947.6 5957.06 5962.08 5967.64 5974.16 5980.84 5988.31 5994.51 6000.41 6006.2 6011.34 6014.22 6010.79 6012.59 6017.37 6016.79 6016.68 6020.34 6026 6033.3 6041.51 6042.6 6043.36 6044.66 6044.89 6042.71 6042.97 6039.97 6035.78 6034.29 6026.38 6024.85 6025.71 6028.68 6034.25 6040.54 6049.42 6062.4 6072.34 6071.3
5902.23 5907.66 5915.2 5911.59 5907.11 5907.16 5911.57 5922.12 5935.7 5945.76 5951.42 5948.29 5941.46 5933.48 5926.46 5920.01 5908.7 5904.14 5897.29 5889.59 5900.5 5915.76 5919.56 5923.64 5927.87 5932.04 5938.19 5943.68 5953.2 5957.5 5964.06 5970.47 5977.29 5983.91 5990.78 5997.52 6004.02 6008.52 6009.12 6008 6010.66 6013.78 6013.37 6016.93 6021.04 6025.93 6032.14 6039.03 6043 6046.03 6048.67 6049.65 6049.09 6047.07 6042.71 6035.85 6027.7 6024.88 6024.33 6029.96 6038.12 6045.33 6049.81 6053.84 6067.19 6082.55 6086.95
5907.83 5910.16 5911.04 5913.94 5910.34 5908.56 5911.38 5919.38 5931.22 5939.97 5942.81 5941.01 5938.05 5934.45 5930.58 5927.48 5927.45 5915 5904.73 5900.47 5912.95 5923.63 5924.09 5922.18 5920.87 5928.24 5933.94 5938.53 5940.16 5951.46 5959.32 5966.1 5972.17 5978.79 5986.45 5993.51 6000.64 6007.13 6005.31 6004.7 6007.57 6008.17 6014.7 6017.45 6020.61 6024.21 6028.4 6032.85 6040.93 6047.66 6053.68 6057.33 6056.04 6055.93 6048.92 6038.13 6026.89 6025.53 6027.02 6033.53 6044.59 6056.24 6062.02 6060.96 6069.28 6079.79 6089.71
5912.22 5912.79 5910.47 5911.08 5912.01 5911.69 5915.66 5927.14 5937.98 5935.26 5934.88 5935.17 5935.36 5935.38 5934.16 5931.82 5926.51 5921.65 5914.61 5911.57 5920.05 5928.85 5929.04 5925.7 5924.4 5930.73 5931.61 5935.49 5945.31 5951.82 5958.12 5965.22 5971.78 5977.69 5982.76 5988.59 5994 6000.6 5999.68 6000.65 6007.52 6014.81 6013.02 6016.13 6019.75 6022.15 6025.7 6032.11 6040.32 6049.95 6059.12 6068.48 6078.12 6071.62 6057.68 6043.76 6033.7 6030.66 6035.42 6042.83 6050.64 6059.84 6065.09 6067.95 6074.01 6082.58 6093.3
5912.03 5914.59 5910.23 5913.12 5917.08 5918.48 5922.45 5931.13 5936.46 5934.84 5932.09 5930.86 5934.43 5937.28 5938.39 5936.99 5933.99 5928.99 5924.21 5923.15 5928.46 5934.27 5937.02 5936.05 5934.88 5935.07 5937.04 5940.05 5948.12 5950.83 5957.56 5964.75 5971.09 5976.53 5981.28 5984.53 5986.63 5988 5991.53 5997.4 6005.54 6015.1 6016.79 6019.11 6019.86 6019.64 6021.2 6027.78 6039.53 6051.85 6063.9 6075.4 6084.46 6078.63 6063.59 6047.38 6033.97 6031.11 6038.52 6046.45 6054.42 6063.62 6067.78 6072.07 6081.84 6093.61 6110.28
5924.29 5922.03 5920.11 5922.06 5927.18 5933.68 5937.12 5941.43 5940.85 5936.51 5933.99 5932.52 5937.92 5942.46 5945.19 5945.62 5942.71 5938.52 5933.33 5930.09 5939.3 5945.71 5948.96 5948.99 5948.59 5949.17 5951.01 5949.18 5941.81 5949.85 5958.8 5966.12 5972.24 5978.11 5981.17 5982.18 5980.74 5981.93 5989.15 5995.95 5996.1 6007.47 6019.17 6025.93 6018.8 6017.41 6017.79 6025.55 6039.31 6052.22 6064.23 6075.45 6083.19 6079.95 6065.11 6048.86 6035.31 6032.13 6038.99 6046.53 6056.38 6064.81 6068.29 6071.71 6089.94 6128.3 6166.47
5935.69 5930.71 5931.11 5932.91 5938.08 5943.26 5945.36 5943.46 5943.04 5940.95 5940.43 5941.25 5945.37 5950.31 5954.54 5957.25 5956.35 5949.54 5943.43 5941.31 5945.98 5959.54 5963.07 5962.25 5960.09 5960.23 5962.79 5960.49 5957.47 5958.55 5963.01 5968.83 5974.75 5980 5984.07 5984.98 5979.74 5969.12 5972.12 5973.58 5981.06 5983.42 6000.74 6006.9 6011.32 6017.32 6022.92 6030.32 6041.59 6052.19 6062.26 6071.71 6079.63 6078.01 6063.22 6048.33 6036.24 6032.96 6041.75 6050.42 6059.2 6064.78 6068.54 6072.89 6097.04 6159.23 6219
5942.55 5939.47 5934.08 5941.35 5948.29 5947.91 5950.71 5947.21 5948.13 5951.77 5948.17 5949.14 5953.88 5959.56 5965.04 5969.17 5967.9 5961.17 5953.91 5947.92 5952.17 5974.82 5975.24 5974.19 5974.55 5973.06 5972.54 5969.42 5966.01 5965.3 5968.53 5973.84 5980.28 5985.7 5990.83 5994.68 5997.28 5996.64 5997.92 5997.31 5998.67 5996.04 5991.78 5986.93 6006.82 6021.24 6032.05 6038.43 6044.61 6051.08 6057.42 6063.7 6068.56 6067.13 6056.27 6044.97 6036.46 6034.92 6044.22 6055.28 6060.48 6068.17 6070.02 6075.72 6096.28 6145.31 6177.2
5958.06 5952.72 5947.4 5952.28 5960.24 5974.96 5964.32 5955.68 5953.68 5954.3 5954.52 5956.98 5963.25 5969.52 5975.2 5979.56 5978.75 5972.92 5967.04 5963.6 5965.94 5975.86 5981.71 5982.05 5981.67 5982.01 5982.57 5977.69 5971.84 5970.27 5974.41 5979.53 5985.6 5992.45 5999.59 6007.96 6017.84 6023.34 6020.07 6016.71 6026.5 6023.54 6008.45 6006.84 6013.98 6029.4 6041.34 6044.91 6046.13 6047.84 6050.86 6053.15 6053.69 6050.95 6044.88 6038.75 6035.35 6037.29 6043.96 6051.88 6056.45 6061.4 6068.82 6078.73 6094.82 6113.47 6113.48
5974.44 5972.78 5968.97 5965.46 5961.55 5970.61 5970.29 5971.41 5959.85 5962.74 5963.75 5967.87 5974.15 5980.15 5985.47 5988.62 5987.87 5984.07 5980.08 5977.2 5983.32 5989.64 5989.19 5987.79 5986.7 5986.21 5989.98 5984.76 5980.51 5979.42 5980.52 5985.53 5991.96 5999.15 6007.45 6017.36 6028.36 6032.35 6028.79 6028.12 6038.05 6034.13 6018.99 6011.18 6018.8 6037.83 6054.92 6048.87 6044.77 6043.18 6041.92 6040.8 6038.19 6034.88 6031.93 6030.37 6031.96 6038.27 6042.53 6046.68 6050.72 6058.01 6067.24 6079.89 6095.56 6101.02 6100.7
5994.39 5999.31 5995.13 5984.51 5966.08 5948.88 5975.65 5985.01 5973.5 5975.33 5977.58 5981.78 5986.79 5990.89 5994.69 5998.62 5997.01 5993.85 5991.36 5989.53 5989.98 5993.11 5993.08 5992.25 5990.13 5990.52 5993.11 5989.47 5984.8 5983.75 5985.51 5991.86 5998.88 6005.89 6013.37 6021.24 6029.84 6033.73 6032.21 6035.68 6041.27 6035.21 6023.32 6011.38 6018.99 6034.59 6048.64 6042.38 6038.19 6034.41 6031.49 6027.98 6023.52 6017.51 6018.47 6021.98 6025.53 6029.83 6039.5 6044.94 6046.71 6052.49 6065.86 6079.35 6091.73 6097.09 6098.58
6006.31 6010.04 6022.91 6013.25 6002.04 5996.54 5999.55 6002.46 5999.26 5992.12 5996.23 5998.75 6000.84 6002.24 6002.43 6000.72 6001.92 6001.31 6000.97 5997.92 5994.42 5998.87 6001.22 5998.25 5994.25 5996.15 5997.39 5994.65 5988.38 5974.01 5991.27 5999.55 6005.98 6012 6017.95 6023.57 6027.65 6032.57 6036.65 6043.48 6034.92 6035.24 6028.63 6023.13 6020.86 6018.34 6019.64 6026.07 6026.18 6024.35 6021.98 6018.53 6013.78 6007.9 6010.75 6015.89 6020.96 6025.96 6034.26 6042.8 6047.35 6053.62 6064.56 6076.19 6087.02 6092.06 6095.01
