real_craters/C140-1000m.grd
DSAA
52 52
-25.7 25.7
-25.7 25.7
6646.6628098563 9227.5832919687
[rows 0 to 38 of 52, columns 0 to 51 of 52]
8215.91 8244.44 8306.95 8278.47 8248.08 8279.85 8308.04 8318.87 8320.05 8324.2 8330.81 8340.93 8349.31 8358.78 8367.48 8383.21 8419.29 8415.41 8432.47 8448.72 8471.48 8491.92 8516.83 8553.74 8594.56 8628.09 8646.65 8646.17 8683.26 8709.56 8708.48 8681.4 8645.01 8634.93 8594.95 8567.82 8568.68 8575.6 8588 8604.45 8610.97 8639.18 8641.47 8642.95 8642.56 8630.34 8605.45 8611.76 8625.95 8613.73 8601.57 8591.15
8229.59 8279.5 8285.5 8268.61 8258.65 8287.33 8303.72 8304.28 8297.04 8298.37 8308.85 8323.33 8340.89 8356.85 8354.19 8387.05 8407.76 8403.17 8403.64 8438.01 8471.59 8510.02 8549.86 8585.25 8610.21 8639.57 8664.02 8676.29 8708.77 8722.33 8710.59 8682.75 8658.77 8625.72 8602.15 8569.79 8575.73 8584.18 8591.63 8597.15 8611 8610.19 8625.58 8631.21 8623.69 8595.23 8591.25 8597.34 8602.32 8603.69 8597.79 8586.88
8255.87 8270.46 8250.23 8241.82 8243.48 8245.81 8267.44 8273.9 8269.09 8270.62 8289.62 8309.49 8323.38 8344.24 8338.72 8349.35 8378.83 8392.87 8409.09 8441.63 8489.97 8520.09 8561.78 8600.27 8624.27 8646.93 8669.98 8743.93 8756.44 8752.18 8742.94 8693.88 8655.6 8632.8 8611.98 8606.62 8597.91 8596.14 8595.24 8593.41 8599.48 8606.48 8602.42 8593.51 8574.68 8547.78 8567.42 8588.68 8609.54 8610.77 8603.4 8594
8210.15 8255.22 8210.27 8212.2 8212.11 8213.64 8234.69 8249.86 8249.94 8253.88 8278.26 8302.4 8317.01 8330.14 8346.36 8354.03 8367.44 8387.13 8410.59 8442.1 8474.39 8501.71 8524.2 8588.18 8635.25 8666.5 8707.94 8755.15 8758.54 8746.69 8734.26 8708.72 8683.25 8649.36 8620.91 8653.05 8626.65 8614.24 8604.26 8597.7 8595.71 8595.88 8580.26 8562.82 8545.06 8538.25 8556.74 8583.18 8612.58 8620.35 8608.67 8610.35
8203.54 8187.61 8182.98 8193.04 8203.88 8215.02 8235.13 8243.16 8247.3 8249.96 8273.25 8298.97 8319.75 8344.68 8358.31 8357.97 8375.03 8390.33 8406.66 8431.79 8457.52 8489.03 8529.94 8610.69 8652.71 8682.9 8720.58 8740.28 8729.64 8706.82 8700.46 8712.22 8705.26 8669.02 8623.47 8615.3 8625.81 8616.55 8611.66 8602.49 8588.94 8580.49 8563 8542.22 8531.22 8535.03 8551.52 8575.13 8606.52 8616.51 8611.02 8620.4
8156.79 8160.65 8171.32 8188.11 8205.67 8230.83 8249.47 8259.72 8258.71 8264.36 8282.62 8300.11 8322.92 8338.26 8361.33 8369.51 8387.12 8418.68 8435.03 8442.42 8478.25 8499.75 8530.83 8620.13 8676.39 8684.96 8701.59 8716.88 8716.69 8703.19 8699.94 8712.2 8703.72 8676.01 8641.66 8587.91 8602.59 8612.85 8616.05 8614.32 8608.71 8581.65 8562.75 8544.38 8528.65 8528.06 8546.53 8562.29 8574.14 8586.55 8603.12 8620.91
8156.17 8159.48 8170.83 8187.92 8204.35 8216.89 8237.54 8264.88 8272.19 8280.83 8296.67 8315.63 8334.75 8321.8 8355.58 8370.97 8394.27 8417.69 8445.78 8482.25 8516.26 8537.89 8579.19 8653.78 8712.7 8753.02 8767.28 8764.15 8731 8732.85 8725.91 8713.94 8709.63 8687.77 8650.34 8623.58 8605.61 8612.43 8617.69 8620.57 8617.65 8594.57 8575 8561.29 8544.86 8538.74 8544.58 8555.13 8564.95 8578.36 8595.32 8616.76
8167.26 8156.38 8172.11 8189.41 8207.14 8227.19 8240.23 8258.68 8275.07 8291.5 8305.94 8319.28 8329.92 8352.64 8373.24 8385.39 8422.51 8438.53 8471.17 8495.26 8560.52 8589.23 8619.38 8702.94 8741.04 8762.54 8759.37 8741.51 8740.58 8741.97 8746 8738.07 8731.74 8709.12 8665.51 8626.58 8617.97 8620.93 8624.32 8624.93 8614.11 8593.45 8589.78 8579.01 8556.68 8547.85 8551.21 8555.86 8564.94 8574.19 8591.44 8612.05
8165.51 8164.97 8177.27 8191.49 8207.67 8223.23 8235.19 8257.14 8274.75 8293.53 8308.1 8318.02 8346.32 8369.81 8411.11 8442.91 8467.33 8504.92 8520.51 8543.73 8585.45 8636.33 8685.03 8701.67 8707.09 8700.66 8707 8724.56 8744.29 8749.24 8758.31 8757.71 8744.42 8726.33 8692.51 8658.61 8634.21 8637.84 8641.15 8641.51 8633.49 8620 8610.97 8588.35 8566.82 8557.35 8559.67 8562.49 8568.75 8577.49 8584.02 8603.02
8168.64 8170.13 8180.39 8193.29 8207.74 8221 8230.04 8236.51 8271.4 8289.04 8305.91 8329.68 8345.53 8364.74 8428.95 8460.34 8487.94 8503.54 8549.18 8563.1 8601.82 8644.68 8666.23 8658.89 8674.6 8703.25 8683.99 8717.56 8753.79 8772.29 8762.16 8754.29 8750.78 8723.35 8708.03 8658.87 8653.45 8657.47 8660.79 8662.86 8660.89 8652.85 8620.02 8597.65 8576.56 8570.39 8571 8574.89 8576.17 8573.06 8581.2 8585.95
8175.25 8171.92 8182.62 8195.79 8209.14 8219.62 8222.38 8248.57 8278.98 8294.76 8307.68 8314.52 8332.99 8352.06 8376.32 8438.98 8503.63 8552.56 8566.61 8602.22 8610.17 8616.9 8653.63 8665.32 8657.97 8730.91 8722.95 8773.13 8811.96 8814.74 8762.12 8757.18 8770.48 8768.64 8734.77 8706.09 8679.37 8682.49 8676.95 8672.49 8664.86 8667.04 8608.68 8637.85 8592.15 8587.57 8588.83 8591.24 8594.97 8598.1 8590.84 8578.02
8179.6 8177.83 8183.12 8196.17 8211.47 8227.53 8242.1 8243.66 8284.71 8295.33 8296.5 8301.37 8309.48 8322.57 8347.84 8412.52 8473.73 8505.94 8522.54 8568.17 8627.8 8660.27 8727.65 8790.12 8817.19 8846.49 8795.1 8850.81 8833.9 8828.28 8854 8830.1 8805.01 8768.96 8757.74 8777.11 8784.96 8728.63 8696.56 8674.98 8660.58 8653.62 8646.28 8650.45 8617.16 8603.58 8603.45 8606.06 8609.19 8612.66 8606.17 8590.73
8164.56 8173.21 8183.57 8198.6 8215.52 8232.6 8248.99 8249.66 8283.49 8299.4 8319.77 8326.11 8314.71 8315.74 8346.37 8397.7 8443.02 8498.19 8508.8 8591.54 8729.1 8762.65 8871.58 8981.72 9120.99 9027.11 9094.21 9008.8 8979.51 9013.79 8959.38 8913.85 8872.1 8818.84 8807.27 8803.56 8813.85 8767.37 8722.68 8677.02 8650.72 8656.6 8669.91 8648.97 8622.33 8623.23 8621.07 8622.39 8624.79 8627.19 8621.37 8613.9
8163.49 8170.59 8183.33 8201.76 8219.51 8235.01 8242.4 8252.93 8279.19 8296.21 8312.35 8319.77 8320.8 8327.35 8375.77 8412.39 8439.52 8557.29 8718.39 8814.89 8896.9 9044.07 8942.65 8928.41 9051.93 8985.78 9029.65 9005.54 9227.58 9173.74 9084.01 8959.62 8919.42 8974.46 8931.7 8801.2 8850.9 8798.79 8753.27 8711.32 8669.39 8641.14 8653.41 8661.95 8656.79 8648.84 8644.83 8640.55 8635.48 8630.24 8623.37 8624.36
8165.07 8173.09 8188.46 8207.37 8223.65 8238.55 8249.61 8257.76 8279.14 8292.8 8298.61 8302.3 8317.92 8421.67 8464.32 8447.61 8497.82 8677.81 8891.8 8896.99 8864.77 8927.54 8719.74 8592.45 8494.12 8411.75 8436.2 8559.6 8694.05 8745.84 8771.89 8765.26 8811.6 8931.37 8959.27 8840.47 8822.36 8797.18 8778.04 8748.42 8702.48 8662.68 8658.5 8687.46 8684.8 8675.88 8667.42 8658.03 8649.31 8639.44 8626.71 8620.33
8179.08 8188.78 8203.24 8217.62 8232.92 8247.82 8260.22 8271.89 8288.39 8303.89 8311.32 8316.63 8319.96 8413.25 8467.64 8506.65 8520.24 8772.88 9063.89 8808.99 8537.5 8355.81 8281.86 8171.05 7992.04 7868.31 7884.02 7990.1 8037.49 8112.34 8183.54 8372.86 8544.46 8737.1 8888.77 8889.07 8820.64 8852.76 8816.13 8742.5 8724.1 8712.32 8675.15 8703.09 8702.71 8692.77 8682.46 8672.01 8660.97 8652.23 8645.14 8638.13
8180.18 8196.46 8210.66 8223.14 8240.11 8258.5 8276.66 8291.72 8294.39 8314.47 8316.15 8306.93 8328.91 8384.75 8507.84 8647.65 8726.78 8803.02 8861.18 8552.33 8182.66 7948.79 7915.7 7831.21 7698.34 7640.8 7600.45 7613.52 7572.83 7684.1 7771.55 7985.04 8164.03 8336.48 8529.07 8882.02 9083.98 9003.43 8879.92 8756.7 8735.86 8759.35 8741.44 8724.94 8717.26 8707.78 8699.44 8686.96 8676.5 8664.58 8656.77 8638.24
8176.68 8189.28 8203.08 8225.57 8244.69 8264.77 8285.7 8295.39 8279.14 8307.9 8294.06 8307.72 8334.14 8352.06 8551.42 8795.38 8946.8 8723.81 8487.78 8260.09 7994.54 7801.36 7715.92 7640.48 7557.52 7441.61 7414.27 7389.02 7444.13 7539.48 7560.94 7663.54 7787.61 7918.71 8102.8 8520.96 9001.78 9202.93 8990.45 8789.38 8743.83 8751.85 8770.67 8738.24 8722.64 8704.08 8692.95 8682.84 8677.04 8672.53 8658.69 8661.55
8158.59 8184.95 8209.91 8227.4 8247.28 8265.99 8285.84 8303.06 8307.02 8293.26 8292.6 8324.8 8378.36 8393.85 8604.62 8830.92 8844.63 8560.15 8216.04 8057.59 7879.89 7719.55 7597.48 7490.71 7372.24 7316.36 7274.68 7214.02 7174.61 7240.77 7329.88 7406.77 7489.57 7572.7 7707.01 8082.95 8603.38 9220.76 9085.46 8836.01 8776.52 8722.75 8726.19 8762.04 8722.28 8711.12 8705.05 8701.16 8698.42 8695.7 8696.67 8683.07
8159.71 8183.5 8204.51 8227.96 8245.7 8258.98 8269.41 8277.18 8305.78 8303.26 8285.28 8340.41 8409.03 8438.94 8681.15 8919.14 8803.67 8403.56 8066.02 7902.72 7786.82 7627.4 7493.36 7386.38 7311.83 7240.76 7170.94 7103.62 7057.69 7044.72 7113.81 7219.95 7300.39 7360.71 7449.87 7786.92 8282.79 8874.3 9123.78 9038.36 8867.16 8724.21 8676.59 8705.65 8706.59 8708.14 8706.2 8702.42 8704.79 8708.79 8703.86 8686.21
8180.48 8197.54 8218.34 8235.91 8245.98 8254.34 8260.44 8275.27 8284.52 8298.7 8306.75 8352.67 8432.85 8487.32 8734.79 8968.43 8715.26 8090.73 7779.04 7712.01 7579.97 7480.04 7371.86 7278.89 7208.72 7181.35 7105.15 7045.04 7004.9 7004.26 7048.89 7122.64 7195.56 7261.3 7364.11 7620.65 8003.34 8551.73 9066.83 9132.51 8931.22 8725.65 8678.5 8698.07 8690.3 8688.83 8688.31 8687.79 8696.97 8705.87 8715.3 8672.05
8194.98 8211.09 8229.97 8240.77 8248.8 8254.52 8257.55 8257.42 8262.55 8313.52 8375.62 8314.05 8389.25 8560.7 8724.24 8822.15 8465.08 7979.83 7661.41 7531.8 7418.32 7342.63 7280.7 7202.17 7154.13 7122.67 7071.62 7024.65 6989.14 6981.7 7015.3 7070.67 7148.23 7230.51 7356.25 7550.77 7795.03 8295.35 8857.3 9031.05 8915.39 8757.72 8695.81 8707.99 8670.79 8679.17 8686.96 8685.87 8685.29 8687.05 8689.26 8686.27
8211.33 8220.5 8229.41 8243.35 8253.85 8254.5 8256.07 8265.39 8263.29 8367.24 8336.74 8322.88 8467.68 8626.4 8636.34 8538.36 8115.9 7653.57 7559.72 7374.51 7213.58 7221.24 7216.86 7227.82 7196.71 7146.17 7082.71 7013.61 6964.69 6953.63 6982.86 7045.75 7135.39 7222.49 7330.55 7502.75 7739 8073.13 8531.03 8794.92 8839.77 8832.51 8772.74 8753.7 8683.22 8687.31 8682.12 8677.96 8671.14 8663.29 8648.38 8664.11
8211.6 8234.17 8259.3 8274.44 8266.5 8258.36 8255.23 8263.31 8283.38 8363.34 8354.45 8321.74 8734.9 8694.53 8563.25 8282.33 7896.98 7665.47 7497.66 7298.1 7166.38 7148.4 7169.06 7210.1 7225.43 7218.1 7160.63 7023.29 6947.97 6906.53 6931.92 7003.89 7112.18 7228.89 7364.67 7539.02 7719.56 7985.66 8447.61 8663.95 8740.6 8758.85 8750.63 8792.1 8761.64 8709.28 8681.66 8665.48 8656.66 8651.08 8652.13 8651.93
8211.52 8249.25 8274.63 8288.3 8266.52 8253.24 8244.67 8242.97 8258 8371.61 8329.29 8417.3 8724.21 8706.16 8546.52 8257.06 7817.01 7579.6 7440.07 7256.84 7131.12 7082.7 7102.15 7183.24 7312.69 7405.19 7360.44 7127.73 6982.83 6886.53 6884.57 6972.13 7097.28 7230.48 7374.12 7523.99 7678.6 7924.31 8394.46 8614.85 8720.89 8752.73 8753.77 8736.51 8736.08 8706.7 8682.55 8665.27 8651.46 8640.01 8630.98 8636.71
8223.93 8247.93 8255.32 8257.39 8252 8246.84 8244.52 8252.67 8288.38 8421.94 8337.92 8411.05 8580.67 8700.38 8598.48 8272.24 7805.18 7596.23 7371.58 7170.29 7046.19 7000.29 7005.37 7081.61 7256.24 7489.83 7496.75 7230.57 7052.27 6911.46 6862.44 6957.85 7090.67 7238.96 7388.91 7549.01 7662.77 7867.15 8296.66 8596.64 8788.44 8815.01 8719.15 8679.41 8681.92 8686.36 8678.56 8662.35 8648 8636.23 8634.35 8643.34
8234.88 8226.8 8228.64 8224.61 8241.18 8248.69 8253.32 8272.98 8331.51 8384.99 8329.06 8378 8606.61 8732.89 8712.82 8363.16 7765.22 7466.08 7270.18 7071.5 6957.3 6904.26 6888.52 6950.48 7123.51 7479.91 7695.66 7361.23 7128.6 6966.74 6901.87 6976.9 7098.78 7241.95 7391.15 7549.62 7641.62 7793.48 8184.45 8621.44 8903.3 8933.22 8749.29 8664.82 8660.04 8666.64 8658.19 8649.12 8638.06 8625.02 8624.07 8623.18
8227.53 8212.64 8226.06 8242.23 8249.53 8251.63 8260.7 8281.95 8320.9 8365.4 8315.6 8419.37 8613.17 8760.6 8807.77 8430.18 7785.71 7374.75 7197.48 7013.89 6905.71 6832.29 6776.09 6783.91 6934.9 7253.89 7456.61 7337.38 7139.89 7002.9 6939.93 7001.92 7121.26 7259.68 7396.63 7517.94 7645.96 7848.16 8379.66 8758.2 8853.84 8898.74 8829.03 8658.68 8639.88 8642.1 8622.76 8617.36 8617.66 8618.15 8606.33 8597.72
8199.25 8210.39 8226.65 8245.43 8251.34 8260.3 8270.44 8282.75 8296.99 8347.86 8354.91 8419.38 8527.67 8771.02 8880.02 8466.1 7790.48 7361.22 7188.6 7050.52 6902.09 6787.15 6701.83 6659.56 6743.1 6966.35 7097.05 7095.97 6991.34 6948.74 6948.86 7021.48 7149.81 7293.02 7451.14 7602.14 7813.24 8095.06 8618.04 8913.07 8846.01 8825.07 8776.04 8637.64 8671.63 8609.11 8589.5 8588.88 8595.66 8601.67 8583.97 8581.07
8214.32 8222.16 8228.26 8236.54 8245.94 8258.4 8273.25 8285.81 8299.24 8308.79 8348.83 8418.74 8586.83 8799.99 8947.22 8493.32 7813.89 7392.37 7173.55 7035.94 6881.93 6780.28 6708.11 6646.66 6681.78 6796.33 6897.17 6897.78 6846.34 6877.41 6940.32 7039.41 7183.26 7344.06 7533.13 7777.02 8070.8 8415.09 8957.75 9013.8 8760.55 8722.75 8705.53 8692.94 8607.38 8521.26 8543.37 8559.19 8573.7 8575.31 8565.44 8570.93
8234.07 8247.08 8234.02 8235.43 8243.02 8253.56 8269.94 8283.53 8297.33 8318.24 8363.3 8422.75 8505.19 8744.71 8848.12 8518.21 7925.05 7474.87 7160.75 6942.44 6863.77 6802.19 6753.18 6694.71 6698.3 6742.83 6760.37 6749.53 6735.63 6843.53 6921.93 7071.62 7265.28 7462.12 7662.77 7887.95 8208.9 8706.34 9188.07 8909.31 8667.37 8595.6 8603.88 8631.71 8524.35 8498.48 8514.41 8540.31 8558.92 8574.17 8579.21 8567.73
8231.02 8238.4 8230.32 8228.17 8230.81 8242.21 8258.25 8279.06 8300.62 8350.56 8434.43 8385.55 8478.45 8693.27 8845.86 8631.54 8115.79 7653 7251.74 6986.38 6927.83 6878.12 6835.63 6750.89 6759.15 6796.97 6796.08 6787.62 6807.01 6923.06 6979.56 7147.73 7384.38 7606.28 7824.94 8049.92 8381.5 8826.62 8948.88 8742.72 8639.38 8563.35 8550.19 8538.61 8505.67 8503.09 8516.83 8528.76 8545.24 8561 8560.79 8560.44
8214.49 8228.79 8218.83 8218.14 8221.05 8232.76 8250.12 8269.68 8299.68 8341.99 8396.13 8345.56 8416.68 8581.04 8785.41 8794.07 8405.56 7955.13 7524.65 7235.36 7109.84 7029.27 6973.07 6926.42 6951.48 6966.48 6962.77 6998.75 7062.97 7113.77 7165.42 7331.08 7569.24 7794.03 8030.64 8259.25 8569.72 8865.57 8795.21 8680.86 8630.74 8588.52 8545.1 8525.83 8517.03 8522.54 8525.08 8528.16 8534.1 8542.47 8552.13 8556.47
8198.86 8199.36 8203.34 8205.54 8207.82 8222.51 8243.06 8262.01 8281.81 8330.01 8380.52 8334.96 8382.95 8475.96 8668.07 8858.62 8697.22 8289.05 7892.09 7603.13 7401.03 7246.66 7182.55 7303.38 7260 7210.25 7193.28 7210.88 7266.79 7346.62 7449.74 7585.92 7788.17 8006.94 8221.11 8470.31 8705 8951.61 8736.21 8665.02 8629.29 8566.57 8547.94 8535.23 8529.38 8535.89 8526.46 8521.71 8520.27 8532.78 8552.18 8556.8
8193.97 8204.61 8199.39 8198.08 8197.41 8215.36 8233.01 8251.3 8270.1 8297.62 8316.72 8347.15 8392.05 8472.84 8620.03 8846.04 8752.25 8573.95 8347.13 8058.42 7780.83 7524.09 7410.11 7564.6 7537.4 7439.92 7374.03 7380.11 7471.33 7582.89 7713.94 7851.2 8006.68 8186 8387.01 8612.65 8868.77 8753.37 8649.38 8629.62 8595.86 8576.94 8552.21 8539.48 8533.45 8524.7 8523.6 8515.78 8508.55 8517.73 8538.25 8554.7
8190.67 8191.15 8192.33 8194.76 8200.45 8213.66 8228.59 8245.17 8256.69 8274.46 8307.77 8325.6 8376.23 8410.01 8517.69 8610.44 8692.02 8765.58 8792.19 8491.94 8180.25 7906.55 7729.48 7794.94 7787.3 7728.56 7649.3 7632.68 7672.58 7819.97 7943.93 8003.67 8226.77 8370.95 8510.63 8624.79 8677.47 8626.99 8593.12 8606.79 8592.22 8568.44 8553.24 8539.2 8531.44 8533.12 8524.28 8513.59 8508.01 8515.55 8531.2 8549.67
8186.38 8186.92 8180.08 8185.42 8196.04 8209.34 8222.75 8238.2 8258.09 8272.36 8318.44 8367.59 8378.82 8422.76 8461.81 8529.91 8630.73 8745.62 8780.76 8695.01 8525.04 8377.43 8205.13 8088.86 8066.86 8022.18 7950.24 7804.31 7920.09 8102.31 8247.67 8315.25 8466.83 8545.97 8595.24 8621.76 8607.93 8569.15 8562.81 8618.83 8583.31 8562.36 8551.01 8543.02 8537.43 8526.08 8517.38 8509.27 8506.84 8515.92 8535.78 8557.66
8180.62 8179.86 8169.32 8178.68 8193.23 8206.23 8213.72 8219.55 8233.5 8287.03 8332.42 8376.4 8361.24 8366.36 8433.86 8485.3 8559.25 8634.03 8722.22 8711.49 8726.37 8841.27 8754.99 8539.02 8390.76 8264.59 8256.11 8220.5 8286.04 8412.95 8565.68 8769.76 8733.93 8659.27 8622.28 8599.56 8569.09 8545.41 8544.01 8584.54 8573.6 8558.13 8548.58 8543.22 8538.39 8525.23 8509.32 8506.16 8511 8526.04 8537.21 8557.3
8173.41 8170.57 8165.3 8174.76 8196.13 8206.27 8201.7 8203.42 8220.03 8278.77 8294.56 8294.64 8319.02 8331.2 8405.19 8476.61 8472.17 8480.19 8512.46 8615.59 8695.11 8770.01 8827.68 8757.64 8661.06 8701.52 8704.18 8778.11 8713.91 8662.76 8722.83 8804.29 8747.23 8691.54 8629.72 8590.87 8565.85 8525.29 8536.14 8546.55 8553.39 8541.2 8541.64 8540.28 8537.06 8518.01 8505.91 8502.1 8503.53 8535.53 8532.66 8540.76
