real_craters/C140-500m.grd
DSAA
181 181
-44.975 44.975
-44.975 44.975
4586.3967217496 8106.2667409998
[rows 30 to 59 of 181, columns 0 to 66 of 181]
5794.51 5785.59 5773.49 5763.93 5761.23 5762.13 5766.63 5774.12 5780.84 5783.16 5784.63 5785.54 5786.3 5787.69 5790.16 5793.23 5796.95 5801.27 5805.66 5810.55 5808.99 5807.09 5804.86 5804.7 5805.35 5807.46 5810.22 5813.86 5816.16 5818.43 5812.73 5810.24 5813.38 5816.26 5819.51 5824.14 5829.77 5840.22 5846.29 5852.7 5860.01 5864.93 5869.5 5873.54 5876.91 5880.2 5880.77 5880.83 5876.97 5880.62 5877.91 5875.93 5876.05 5876.43 5879.25 5876.57 5889.27 5931.83 5941.2 5942.11 5938.15 5927.66 5927.94 5928.12 5922.06 5914.42 5904.57
5799.4 5794.32 5781.63 5775.72 5765.78 5764.33 5767.05 5775.77 5785.07 5786.69 5788.53 5789.39 5789.89 5790.53 5792.42 5796.29 5799.76 5803.37 5805.94 5804.48 5808.32 5804.54 5799.84 5801.61 5804.33 5808.16 5812.49 5816.14 5817.74 5809.52 5814.9 5820.69 5821.75 5822.94 5824.02 5826.31 5827.61 5830.35 5842.99 5856.15 5861.4 5865.45 5870.09 5874.35 5877.66 5882.51 5889.7 5899.87 5907.22 5903.18 5901.78 5899.62 5900.53 5909.89 5914.57 5912.57 5912.29 5948.65 5958.56 5958.68 5957.16 5950.44 5942.37 5935.4 5926.37 5915.86 5904.36
5804.05 5800.44 5789.87 5775.91 5768.65 5766.04 5770.04 5776.32 5780.97 5789.47 5793.08 5793.94 5793.61 5793.01 5790.52 5794.69 5801.94 5806.73 5809.36 5810.44 5807.93 5802.16 5795.89 5799.28 5803.75 5808.52 5813.21 5818.38 5821.86 5822.33 5825.55 5829.52 5830.05 5831.11 5832.21 5830.95 5828.78 5830.23 5843.31 5856.6 5862.76 5865.48 5869.04 5874.31 5880.49 5888.39 5897.21 5906.7 5915.01 5921.71 5928.44 5934.42 5938.7 5950.5 5961.63 5976.68 5996.45 5990.34 5977.55 5971 5971.47 5976.2 5955.34 5942.12 5931.04 5919.98 5906.92
5809.69 5803.71 5793.15 5784.11 5775.24 5771.63 5773.79 5782.06 5790.48 5797.59 5800.56 5800.78 5798.72 5796.54 5802.33 5801.8 5806.22 5811.99 5815.87 5817.99 5813.09 5803.29 5799.61 5799.46 5802.71 5807.07 5813.73 5820.85 5826.87 5828.61 5831.93 5834.09 5836.27 5838.5 5841.86 5836.99 5833.82 5835.84 5844.43 5855.1 5861.79 5866.19 5870.51 5875.98 5883.11 5891.1 5900.73 5909.71 5920.95 5934.16 5951.02 5975.33 5988.33 5987.92 6000.57 6024.77 6052.5 6011.9 5985.63 5973.11 5964.19 5956 5955.37 5947.06 5936.47 5925.62 5913.32
5811.37 5803.16 5789.21 5782.33 5780.65 5780.48 5780.48 5792.5 5805.9 5809.06 5810.17 5809.76 5807.17 5799.81 5783.42 5800.69 5811.97 5818.48 5822.8 5822.6 5814.97 5806.5 5800.85 5798.89 5802.12 5808.22 5815 5822.98 5831.85 5840.91 5839.76 5840.94 5840.59 5841.69 5844.16 5839.58 5837.28 5839.17 5845.15 5853.94 5858.73 5864.89 5870.16 5877.09 5883.24 5891.9 5901.99 5914.25 5925.05 5938.54 5957.41 5982.35 5997.38 6001.88 6015.47 6037.09 6054.04 6015.54 5979.17 5967.95 5963.48 5961.67 5954.74 5947.52 5939.94 5931.4 5921.74
5810.57 5801.83 5788.28 5785.01 5786.78 5790.47 5794.91 5802.82 5810.96 5817.83 5820.23 5820.23 5819.34 5818.63 5829.28 5817.73 5822.3 5827.07 5830.39 5830.57 5818.3 5805.72 5795.7 5798.07 5803.29 5809.77 5815.54 5822.42 5830.03 5835.78 5842.29 5840.32 5842.03 5843.87 5844.03 5842.72 5839.39 5840.33 5845.18 5854.69 5861.23 5864.15 5869.36 5875.25 5881.83 5889.54 5898.37 5912.78 5922.44 5934.2 5948.19 5961.63 5979.23 5994.28 6008.49 6021.77 6025.68 5989.81 5962.25 5960.62 5960.48 5958.46 5955.36 5951 5945.52 5940.62 5934.37
5803.9 5801.81 5793.54 5791.62 5793.06 5796.62 5801.36 5811.95 5823.33 5828.27 5829.29 5830.65 5832.37 5835.01 5837.06 5835.42 5834.92 5836.05 5837.46 5837.79 5828.3 5812.43 5797.58 5800.4 5805.98 5811.36 5816.3 5821.75 5829.57 5843.16 5845.43 5842.59 5841.15 5845.75 5851.24 5847.16 5838.63 5838.99 5844.7 5851.66 5856.49 5862.64 5868.35 5874.4 5880.57 5886.44 5893.23 5901.41 5914.24 5926.82 5937.05 5943.65 5961.03 5977.56 5989.42 5995.31 5990.01 5965.86 5950.51 5959.91 5960.68 5959.94 5957.72 5955.34 5952.8 5949.91 5948.09
5808.52 5804.98 5802.11 5800.26 5800.93 5799.25 5809.51 5819.72 5828.59 5833.29 5835.89 5838.9 5842.21 5845.62 5846.79 5844.5 5842.88 5842.15 5842.31 5840.6 5833.2 5823.78 5812.37 5809.3 5811.45 5815.38 5818.22 5820.82 5823.29 5835.76 5839.31 5832.75 5839.1 5845.53 5848.46 5846.41 5840.11 5841.23 5845.02 5846.54 5852 5862.21 5868.68 5874.53 5879.29 5884.81 5890.33 5898.4 5910.16 5921.77 5931.38 5941.94 5952.11 5962.22 5968.93 5971.17 5967.64 5966.91 5975.86 5970.87 5966.06 5962.67 5961.27 5961.15 5961.24 5961.22 5960.03
5810.8 5809.94 5808.11 5809.64 5812.91 5819.33 5824.3 5828.39 5830.98 5833.6 5840.18 5844.72 5848.48 5852.07 5852.74 5850.36 5847.37 5845.63 5844.58 5841.91 5835.1 5830.55 5824.45 5821.95 5821.3 5821.56 5822.03 5822.3 5821.06 5823.59 5828.74 5837.74 5841.87 5846.07 5849.57 5847.39 5846.8 5847.93 5849.98 5854.44 5860.87 5865.22 5870.66 5875.75 5880.69 5885.04 5888.64 5894.85 5908.15 5919.21 5927.76 5934.25 5942.9 5948.84 5951.9 5950.9 5947.27 5956.43 5987.41 5979.34 5968.96 5964.49 5964.27 5965.13 5966.13 5967.08 5968.29
5809.73 5812.49 5812.24 5817.14 5823.43 5831.36 5836.98 5837.88 5839.1 5842.95 5846.04 5849.29 5852.87 5855.46 5855.18 5852.9 5849.54 5846.44 5844.01 5841.86 5842.38 5843.56 5838.7 5833.93 5830.34 5828.23 5826.55 5826.3 5830.31 5826.49 5828.64 5833.51 5839.69 5846.67 5853.48 5862.21 5855.04 5853.93 5855.22 5859.47 5865.16 5868.65 5872.86 5877.26 5881.94 5886.5 5891.64 5898.53 5908.86 5919.83 5930.42 5939.27 5939.18 5940.04 5939.65 5937.94 5937.01 5950.54 5987.88 5981.12 5964.66 5963.95 5967.21 5970.4 5972.75 5974.74 5974.59
5809.53 5816.8 5818.74 5822.99 5829.53 5839.47 5843.01 5844.41 5847.01 5849.69 5849.85 5851.88 5855.06 5858 5856.82 5852.76 5848.59 5845.11 5841.21 5836.64 5831.42 5825.92 5835.32 5838.91 5837.14 5833.47 5830.18 5828.06 5827.14 5829.43 5832.8 5836.01 5841.54 5847.72 5851.94 5853.01 5855.85 5856.99 5858.47 5862.11 5867.57 5871.51 5875.49 5879.23 5883.72 5889.03 5895.52 5902.89 5911.28 5920.91 5931.2 5937.1 5935.38 5932.64 5930.23 5928.67 5931.18 5949.2 5987.46 5979.26 5961.29 5966.05 5970.42 5974.21 5975.99 5980 5983.35
5811.46 5817.55 5822.03 5825.69 5830.77 5836.4 5844.05 5846.42 5846.96 5846.27 5847.77 5850.79 5854.28 5858.35 5855.29 5850.92 5846.17 5840.58 5836.37 5829.67 5824.78 5819.57 5837.71 5846.31 5841.99 5837.47 5833.63 5829.73 5827.23 5830.96 5836.3 5840.93 5846.87 5850.34 5852.16 5852.95 5858.65 5858.69 5860.88 5865.33 5873.74 5874.97 5877.47 5881.57 5887.07 5891.75 5898.33 5904.84 5912.84 5921.28 5929.29 5932.94 5931.16 5926.31 5922.8 5919.67 5922.36 5932.04 5964.22 5978.9 5974.44 5973.18 5976.52 5978.69 5982.16 5984.81 5988.91
5811.17 5822.31 5822.94 5825.85 5830.12 5838.75 5846.67 5846.54 5843.96 5839.43 5842.99 5847.54 5850.88 5851.92 5850.31 5846.39 5842.31 5838.86 5834.11 5828.11 5819.74 5825.53 5839.32 5846.47 5842.56 5839.93 5837.96 5834.93 5832.59 5834.45 5836 5843.84 5851.1 5852.98 5855.8 5859.51 5856.59 5858.16 5860.95 5865.22 5868.9 5875.06 5880.7 5885.09 5889.8 5893.91 5894.88 5904.37 5913.38 5921.64 5930.83 5932.45 5928.51 5924.03 5918.48 5916.51 5917.32 5927.89 5973.56 5989.45 5980.72 5981.05 5982.8 5984.46 5986.98 5989.41 5991.47
5815.07 5813.94 5820.74 5825.33 5830.3 5837.9 5845.42 5846.48 5843.96 5841.41 5841.41 5842.89 5845.97 5849.92 5844.69 5840.87 5837.97 5834.55 5831.18 5828.19 5827.86 5830.39 5833.11 5834.36 5838.58 5840.55 5841.11 5841.9 5841.99 5840.6 5843.43 5845.5 5848.32 5854.99 5858.36 5860.06 5858.31 5858.39 5860.44 5865.12 5870.91 5878.29 5883.84 5888.5 5892.83 5898.54 5905.61 5908.16 5913.68 5920.48 5927.36 5929.23 5925.34 5921.42 5917.9 5916.64 5918.12 5929.13 5974.72 5995.73 5988.5 5987.9 5986.55 5989.22 5990.7 5991.2 5993.42
5823.33 5825.7 5824.39 5825.96 5828.45 5835.97 5845.38 5846.29 5844.65 5841.62 5839.14 5836.85 5834.9 5834.28 5834.58 5833.59 5831.96 5830.16 5828.56 5827.9 5825.71 5830.54 5830.39 5830.16 5837.95 5842.04 5843.77 5845.86 5845.95 5844.57 5844.39 5848.69 5857.19 5858.3 5862.22 5863.7 5860.85 5857.66 5858.24 5864.72 5876.25 5883.51 5887.04 5891.23 5895.06 5899.15 5904.51 5908.37 5912.61 5917.32 5923.41 5923.85 5921.9 5919.58 5917.49 5916.75 5919.76 5931.99 5969.29 6003.96 5994.34 5988.58 5988.54 5990.63 5992.74 5996.9 5998.83
5829.27 5830.21 5829.53 5829.07 5828.24 5834.74 5841.98 5846.15 5845.6 5841.77 5836.74 5831.68 5825.3 5822.5 5825.53 5827.16 5827.95 5827.75 5827.34 5828.08 5830.02 5830.88 5833.89 5842.4 5843.97 5845.25 5846.73 5848.2 5847.95 5847.29 5846.61 5848.56 5851.09 5858.14 5864.16 5866.37 5862.11 5854.52 5853.03 5860.17 5870.63 5880.07 5888.5 5893.86 5897.02 5897.58 5898.45 5905.75 5909.88 5912.97 5916.66 5918.3 5918.93 5918.67 5917.54 5917.83 5920.77 5926.12 5936.98 5954.05 5974.07 5979.9 5983.95 5988.31 5991.89 5996.62 6001.77
5835.19 5836.92 5834.52 5833.79 5838.89 5842.13 5848.45 5851.5 5848.76 5843.18 5836.91 5829.96 5821.98 5818.66 5820.68 5822.68 5824.37 5825.75 5826.47 5827.94 5832.45 5835.78 5836.18 5845.53 5847.42 5847.57 5848.33 5851.28 5850.64 5850.1 5850.43 5852.13 5854.76 5859.9 5866.47 5869.84 5860.41 5848.11 5843.43 5855.89 5869.99 5881.81 5892.19 5897.7 5901.31 5902.89 5903.71 5907.25 5909.45 5908.98 5906.58 5913.93 5916.64 5918.26 5919.68 5920.88 5923.26 5925.99 5933.1 5941.2 5957.41 5970.2 5977.25 5984.64 5990.57 5996.73 6002.66
5842.47 5841.34 5837.06 5836.34 5835.31 5844.86 5856.09 5857.45 5851.97 5847.69 5842.96 5832.05 5821.79 5818.05 5818.88 5819.93 5821.65 5823.57 5826.08 5828.41 5833.89 5842.95 5837.54 5845.96 5848.6 5848.54 5847.36 5846.06 5849.54 5852.32 5855.51 5858.49 5858.16 5861.79 5866.43 5868.61 5870.12 5849.39 5840.01 5858.27 5877.06 5893.22 5898.52 5902.36 5906.41 5911.26 5913 5912.01 5912.1 5912.12 5913.93 5915.34 5918.16 5920.45 5922.41 5924.76 5927.47 5930.78 5936.02 5942.17 5954.16 5965.76 5975.58 5981.81 5989.06 5995.04 6002.76
5851.47 5850.61 5846.71 5840.92 5839.19 5844.26 5851.49 5853.13 5850.22 5847.31 5842.62 5834.35 5827.52 5820.79 5818.24 5817.82 5818.83 5820.97 5824.96 5832.05 5838.35 5841.13 5843.92 5845.99 5848.03 5850.28 5851.28 5851.88 5851.93 5853.86 5856.22 5858.99 5861.08 5864.32 5866.59 5872.29 5876.9 5862.81 5857.35 5866.9 5883.14 5898.48 5902 5904.29 5908.3 5913.36 5915.24 5914.26 5914.43 5916.89 5919.42 5919.98 5921.91 5924.66 5927.48 5930.34 5933.68 5937.28 5941.03 5944.23 5954.23 5963.27 5974.41 5981.85 5988.82 5995.53 6003.35
5861.03 5858.19 5851.86 5843.41 5840.09 5841.79 5843.97 5844.27 5844.46 5842.67 5839.37 5833.41 5826.72 5821.44 5817.29 5816.03 5815.97 5817.49 5821.47 5828.18 5835.64 5840.11 5848.13 5846.08 5848.24 5853.32 5857.12 5858.59 5857.19 5855.67 5854.27 5851.84 5859.36 5863.83 5866.36 5869.62 5872.96 5867.99 5866.28 5872.18 5883.46 5895.7 5898.77 5901.46 5905.07 5910.63 5912.62 5912.62 5913.62 5915.79 5919.37 5920.57 5923.1 5925.88 5929.51 5932.98 5936.61 5941.5 5948.51 5949.51 5957.64 5962.12 5967.97 5975.2 5983.98 5995.05 6002.52
5861.96 5857.16 5846.14 5840.61 5838.1 5838.07 5839.58 5841.13 5837.27 5835.11 5832.16 5826.35 5822.77 5818.76 5816.15 5814.77 5814.46 5813.98 5814.86 5816.48 5824.56 5837.95 5845.06 5848.28 5853.62 5856.19 5859.31 5861.45 5859.3 5857.31 5855.25 5855.07 5859.86 5863.32 5867.72 5868.34 5867.01 5867.98 5868.95 5873.13 5879.42 5884.77 5890.85 5895.4 5898.49 5901.62 5905.56 5909.03 5911.12 5909.92 5913.94 5919.56 5923.56 5927.03 5931.04 5935.41 5939.71 5942.6 5940.17 5948.88 5958.07 5963.12 5969.52 5974.87 5980.91 5987.76 5995.22
5851.94 5849.12 5840.77 5836.01 5834.07 5834.48 5833.12 5830.99 5830.03 5827.18 5820.25 5816.94 5813.9 5814.63 5814.3 5813.5 5812.47 5810.73 5808.65 5808.96 5814.24 5823.8 5829.37 5842.17 5855.79 5854.75 5855.6 5858.19 5859.87 5859.17 5858.02 5858.14 5863.56 5867.02 5844.75 5851.28 5862.05 5865.31 5867.69 5871.67 5876.29 5879.52 5885.33 5890.27 5892.87 5893.58 5900.19 5905.49 5910.19 5914.43 5917.2 5920.74 5925.25 5929.78 5934.89 5938.75 5942.92 5945.97 5948.85 5950.37 5957.11 5962.51 5968.18 5974.62 5979.91 5985.84 5991.63
5841.46 5843.75 5840.29 5836.74 5835.01 5834.27 5831.92 5825.68 5828.26 5825.6 5819.95 5814.98 5813.28 5813.6 5814.35 5814.06 5811.8 5808.91 5805.29 5800.25 5804.38 5806.4 5806.16 5824.12 5836.56 5847.89 5854.42 5858.69 5861.6 5861.21 5860.03 5860.32 5862.44 5864.85 5863.99 5854.92 5857.75 5861.03 5865.99 5869.8 5874.93 5881.25 5884.92 5886.63 5888.97 5894.94 5897.18 5902.31 5908.22 5914.21 5918.06 5921.53 5926.44 5931.4 5937.04 5942.08 5946.72 5950.74 5954.44 5954.98 5957.48 5963.57 5970.47 5977.04 5982.45 5986.87 5991.21
5845.16 5843.98 5843.59 5839.93 5837.72 5837.57 5838.24 5840.76 5836.54 5829.96 5822.41 5815.31 5813.76 5815.73 5816.76 5815.71 5814.2 5810.99 5806.82 5805.07 5805.66 5806.93 5807.21 5820.31 5829.02 5850.97 5863.6 5867.11 5866.22 5863.55 5860.84 5858.67 5856.79 5854.72 5858.63 5857.27 5854.46 5855.67 5862.36 5867.95 5873.17 5878.22 5880.75 5882.34 5882.56 5884.36 5893.15 5899.07 5903.15 5908.97 5913.91 5920.27 5925.91 5931.05 5936.11 5941.01 5947.43 5953.54 5960.47 5959.54 5956.71 5966.32 5972.45 5977.22 5981.74 5984.84 5988.79
5842.53 5843.13 5844.86 5843.72 5840.43 5841.46 5844.92 5849.17 5844.96 5837.38 5828.61 5821.49 5820.9 5821.8 5822.01 5821.36 5819.79 5817.79 5813.95 5810.92 5815.57 5820.61 5830.84 5839.08 5849.92 5863.58 5879.82 5875.88 5869.89 5864.89 5860.86 5856.07 5851.13 5845.19 5854.16 5855.29 5854.12 5856.07 5861.57 5866.32 5870.5 5874.63 5878.67 5879.12 5881.04 5884.83 5891.69 5898.32 5900.33 5894.4 5910.67 5918.68 5924.21 5930.22 5935.75 5941.75 5948.06 5954.04 5956.44 5962.1 5969.47 5972.11 5974.16 5977.08 5980.77 5984.64 5987.82
5836.03 5839.87 5841.27 5837.25 5839.57 5843.11 5847.46 5850.69 5849.51 5845.06 5842.08 5842.07 5835.25 5830.68 5829.15 5828.2 5827.64 5827.77 5827.06 5826.47 5830.41 5837.47 5849.05 5852.33 5861.29 5867.22 5870.26 5874.08 5870.8 5866.11 5860.81 5854.3 5850.46 5850.74 5853.83 5853.91 5855.95 5860.84 5862.67 5865.18 5867.74 5870.36 5873.2 5876.15 5880.11 5885.61 5892.25 5899.66 5910.22 5928.67 5916.94 5918.96 5923.38 5927.97 5933.6 5939.93 5946.98 5955.36 5961.34 5960.13 5977.96 5976.05 5976.27 5978.44 5981.86 5985.93 5989.46
5834.67 5837.51 5837.99 5835.92 5838.94 5843.18 5848 5852.28 5852.31 5849.41 5847.84 5848.49 5842.85 5837.53 5835.96 5834.65 5835.03 5837.01 5842.06 5844.92 5843.29 5847.83 5856.23 5856.58 5859.12 5865.01 5870.69 5873 5870.85 5866.64 5861.42 5854.86 5850.74 5853.5 5851.93 5851.09 5854.4 5861.55 5864.06 5865.25 5866.44 5866.87 5866.96 5875.39 5880.89 5886.36 5892.53 5898.62 5900.32 5898.35 5914.2 5918 5921.63 5925.4 5930.15 5935.29 5941.82 5949.83 5956.7 5956.22 5968.97 5971.65 5973.9 5978.41 5983.27 5989.71 5996.9
5836.16 5837.04 5836.79 5836.55 5838.49 5842.19 5846.78 5849.7 5850.58 5850.6 5848.18 5846.37 5844.11 5840.68 5839.91 5839.59 5840.67 5843.28 5848.08 5849.93 5849.44 5850.76 5851.67 5855.5 5858.38 5865.49 5873.13 5872.05 5869.91 5867.06 5862.85 5859.69 5858.49 5853.93 5837.62 5848.59 5855.05 5859.87 5863.77 5864.52 5865.12 5866.81 5873.41 5876.56 5885.05 5888.84 5892.2 5897.79 5907.08 5913.03 5912.04 5914.84 5918.72 5923.01 5927.19 5930.6 5933.6 5935.56 5939.88 5947.08 5954.2 5961.1 5968.77 5976.69 5985.67 5995 6004.2
5839.67 5837.48 5835.11 5835.81 5836.22 5839.86 5845.23 5851.39 5854.67 5851.57 5847.11 5842.16 5841.69 5842.28 5843.12 5843.95 5845.03 5846.47 5848.37 5850.05 5850.32 5850.98 5854.01 5861.26 5860.53 5863.96 5869.77 5869.98 5868.55 5865.96 5863.88 5862.07 5860.19 5854.38 5850.04 5852.7 5859.09 5863.5 5864.28 5864.24 5864.07 5863.8 5863.77 5873.1 5882.85 5886.82 5888.81 5891.54 5898.6 5905.58 5906.46 5910.38 5914.92 5919.51 5923.32 5926.58 5927.68 5927.99 5931.47 5938.51 5941.43 5950.76 5962.41 5973.79 5984.67 5995.24 6006.71
5841.15 5836.97 5832.48 5829.91 5830.52 5835.74 5842.83 5850.23 5855.51 5851.22 5846.33 5841.7 5842.29 5844.18 5846.18 5846.8 5847.69 5848.44 5850.2 5849.08 5849.35 5849.68 5852.44 5856.2 5860.39 5865.25 5867.16 5868.45 5867.63 5864.94 5863.99 5863.1 5863.82 5862.81 5858.45 5857.24 5859.77 5863.14 5863.71 5863.37 5862.68 5862.56 5865.05 5872.53 5880.24 5883.63 5884.33 5882.26 5873.14 5882.09 5896.76 5904.79 5910.97 5916.24 5920.48 5923.68 5925.24 5926.94 5930.32 5933.05 5937.1 5945.66 5959.8 5974.91 5988.1 6001.23 6014.47
