real_craters/C140-750m.grd
DSAA
121 121
-44.975 44.975
-44.975 44.975
4598.4338672638 8100.9419957239
[rows 38 to 75 of 121, columns 0 to 83 of 121]
5836 5837 5837 5840 5847 5849 5851 5847 5844 5840 5840 5842 5848 5850 5851 5853 5858 5871 5872 5869 5863 5859 5854 5844 5855 5863 5865 5866 5873 5881 5889 5895 5907 5912 5915 5921 5927 5932 5936 5944 5954 5965 5977 5990 6004 6018 6028 6028 6029 6029 6048 6065 6076 6096 6109 6106 6094 6089 6086 6080 6064 6070 6067 6054 6001 5949 5914 5889 5892 5912 5913 5888 5879 5892 5901 5896 5885 5876 5884 5893 5887 5884 5888 5896
5841 5835 5834 5836 5844 5854 5852 5844 5842 5845 5846 5847 5845 5850 5851 5857 5860 5860 5869 5867 5864 5862 5858 5855 5860 5865 5864 5863 5863 5877 5885 5887 5885 5897 5907 5915 5922 5926 5928 5933 5939 5954 5973 5992 6011 6027 6047 6068 6042 6045 6055 6068 6090 6112 6121 6115 6119 6124 6133 6136 6156 6137 6117 6083 6030 5976 5955 5924 5934 5958 5964 5913 5892 5905 5922 5912 5895 5880 5884 5885 5884 5883 5886 5896
5837 5833 5821 5826 5839 5850 5849 5844 5845 5849 5850 5850 5850 5849 5847 5847 5862 5867 5867 5865 5863 5862 5863 5857 5859 5862 5862 5861 5863 5875 5881 5882 5879 5890 5903 5912 5920 5926 5930 5936 5939 5952 5977 5999 6017 6038 6059 6083 6105 6088 6078 6080 6114 6132 6130 6131 6150 6176 6174 6202 6235 6241 6214 6142 6092 6058 6037 6032 6008 5996 5967 5951 5930 5916 5940 5926 5908 5895 5892 5883 5888 5894 5898 5898
5825 5825 5820 5823 5833 5841 5845 5849 5855 5855 5853 5851 5846 5848 5847 5847 5862 5867 5864 5863 5863 5862 5866 5855 5857 5863 5860 5860 5862 5865 5875 5883 5889 5896 5904 5913 5921 5931 5936 5950 5963 5967 5984 6002 6024 6042 6055 6063 6067 6088 6111 6141 6169 6184 6195 6190 6255 6317 6302 6297 6344 6365 6322 6248 6180 6129 6107 6116 6068 6040 6012 5956 5982 5950 5935 5931 5920 5909 5908 5906 5903 5901 5909 5917
5813 5812 5817 5821 5827 5835 5843 5853 5866 5858 5853 5850 5849 5851 5853 5855 5860 5856 5860 5862 5861 5862 5863 5857 5853 5853 5856 5860 5861 5868 5875 5882 5886 5897 5906 5914 5924 5934 5955 5954 5963 5978 5991 6007 6023 6040 6055 6068 6083 6084 6107 6187 6216 6252 6286 6359 6454 6530 6540 6426 6410 6416 6405 6392 6339 6220 6146 6083 6088 6086 6071 6055 5980 5945 5941 5938 5931 5924 5925 5922 5920 5929 5935 5951
5807 5804 5809 5816 5822 5829 5836 5842 5852 5850 5848 5849 5850 5854 5860 5869 5872 5866 5860 5860 5861 5859 5856 5855 5853 5852 5857 5865 5873 5876 5879 5888 5892 5902 5908 5916 5922 5928 5934 5945 5960 5982 5993 6007 6023 6042 6061 6081 6106 6084 6101 6194 6252 6346 6427 6529 6534 6541 6512 6408 6478 6481 6416 6441 6463 6341 6207 6110 6134 6145 6113 6044 5986 5951 5951 5951 5942 5940 5944 5938 5933 5937 5952 5973
5801 5805 5808 5813 5817 5820 5824 5833 5830 5836 5839 5843 5848 5854 5862 5873 5881 5867 5859 5861 5866 5870 5859 5861 5859 5860 5866 5872 5878 5877 5882 5891 5902 5907 5913 5920 5926 5931 5938 5945 5957 5979 5992 6008 6027 6047 6070 6104 6110 6093 6117 6241 6323 6453 6535 6487 6366 6269 6203 6143 6235 6298 6248 6259 6294 6295 6246 6222 6189 6211 6227 6116 5998 5956 5956 5953 5945 5948 5951 5951 5933 5940 5954 5970
5797 5798 5804 5809 5815 5819 5824 5828 5824 5827 5830 5833 5840 5849 5857 5864 5862 5851 5851 5859 5869 5877 5878 5867 5871 5877 5882 5884 5879 5878 5887 5893 5899 5911 5920 5929 5934 5936 5942 5950 5963 5973 5989 6010 6031 6050 6070 6102 6114 6116 6152 6311 6409 6506 6490 6258 6095 6000 5957 5947 5980 5981 5989 6012 6065 6108 6133 6152 6181 6239 6292 6179 6066 5993 5961 5939 5941 5956 5960 5955 5936 5934 5949 5961
5800 5802 5807 5813 5815 5818 5819 5827 5829 5826 5826 5827 5834 5843 5850 5854 5852 5843 5847 5859 5871 5884 5877 5880 5885 5892 5896 5896 5895 5898 5896 5900 5908 5918 5930 5939 5947 5952 5956 5957 5959 5964 5987 6010 6033 6053 6069 6097 6121 6151 6223 6449 6498 6400 6243 5999 5882 5823 5805 5805 5778 5784 5773 5787 5798 5902 5952 6015 6097 6203 6301 6252 6158 6094 6019 5951 5935 5945 5953 5955 5946 5949 5952 5953
5801 5804 5809 5814 5818 5819 5825 5827 5823 5824 5827 5827 5834 5841 5847 5851 5851 5847 5851 5860 5870 5880 5896 5897 5895 5897 5902 5898 5910 5900 5902 5903 5912 5926 5939 5953 5964 5970 5972 5969 5971 5975 5992 6020 6041 6058 6089 6137 6194 6235 6230 6287 6298 6113 5933 5769 5717 5691 5672 5680 5685 5644 5617 5629 5692 5737 5784 5852 5957 6074 6221 6247 6187 6189 6109 5965 5938 5943 5956 5961 5962 5964 5963 5960
5802 5805 5814 5824 5824 5822 5817 5827 5831 5833 5833 5829 5836 5842 5846 5847 5845 5848 5855 5860 5867 5883 5895 5910 5904 5857 5832 5852 5916 5919 5915 5915 5923 5937 5953 5969 5986 5991 5993 5984 5978 5977 6004 6041 6070 6093 6114 6206 6252 6073 5934 5872 5873 5779 5684 5612 5586 5590 5533 5535 5550 5505 5480 5470 5528 5593 5609 5675 5766 5862 5917 5967 6116 6225 6191 6017 5961 5956 5966 5972 5971 5976 5982 5983
5808 5809 5816 5824 5828 5830 5833 5838 5842 5846 5843 5840 5841 5844 5847 5848 5849 5846 5856 5859 5864 5871 5894 5918 5908 5794 5651 5800 5933 5930 5925 5929 5937 5950 5964 5977 5995 6018 6008 5999 5991 5993 6048 6093 6145 6178 6169 6151 6021 5792 5683 5624 5583 5550 5538 5470 5451 5430 5410 5438 5427 5352 5317 5314 5341 5393 5413 5487 5568 5652 5759 5847 6028 6265 6343 6074 5995 5982 5988 6001 6012 6005 6007 6010
5804 5808 5815 5824 5829 5833 5839 5841 5848 5853 5849 5846 5843 5844 5847 5854 5857 5845 5844 5855 5866 5878 5889 5907 5921 5847 5790 5864 5931 5931 5929 5942 5947 5958 5968 5980 5990 5994 6011 6017 6025 6049 6083 6146 6219 6280 6251 5997 5790 5634 5591 5545 5474 5432 5418 5317 5295 5292 5239 5242 5267 5264 5228 5199 5205 5240 5284 5315 5381 5452 5546 5690 5892 6168 6329 6157 6071 6019 6004 6026 6031 6030 6031 6034
5820 5810 5815 5820 5825 5829 5831 5837 5846 5849 5844 5841 5842 5842 5845 5850 5849 5847 5846 5855 5867 5874 5876 5887 5927 5917 5934 5936 5940 5928 5928 5950 5954 5962 5969 5981 5996 6010 6022 6036 6054 6075 6099 6166 6243 6317 6256 5905 5714 5626 5589 5483 5411 5322 5181 5081 5046 5032 4977 4955 4973 4994 4977 5044 5093 5089 5096 5144 5203 5279 5382 5497 5694 5952 6126 6200 6168 6073 6036 6057 6051 6050 6052 6053
5822 5819 5819 5819 5823 5834 5838 5840 5844 5845 5841 5839 5839 5839 5838 5836 5848 5856 5853 5861 5870 5874 5871 5876 5912 5927 5928 5933 5937 5934 5937 5940 5952 5961 5968 5980 5997 6017 6033 6054 6077 6098 6129 6163 6178 6185 6067 5804 5706 5649 5584 5481 5422 5354 5104 4903 4855 4840 4814 4795 4768 4791 4786 4830 4861 4846 4887 4964 5034 5095 5175 5285 5464 5720 5990 6183 6244 6119 6080 6083 6079 6069 6071 6072
5826 5833 5825 5822 5823 5835 5841 5844 5848 5856 5850 5844 5840 5838 5837 5843 5859 5865 5863 5864 5870 5873 5873 5880 5907 5922 5926 5929 5931 5932 5935 5937 5944 5956 5962 5971 5986 6010 6040 6069 6100 6137 6197 6150 6086 5974 5837 5844 5703 5625 5514 5452 5399 5253 4978 4839 4810 4784 4785 4765 4736 4732 4723 4708 4702 4690 4740 4817 4888 4969 4996 5078 5250 5479 5718 6002 6179 6143 6120 6117 6081 6090 6087 6085
5836 5839 5834 5829 5829 5842 5842 5841 5848 5860 5857 5849 5842 5838 5836 5837 5860 5868 5865 5862 5859 5867 5877 5891 5911 5916 5915 5918 5921 5921 5920 5925 5937 5950 5963 5964 5976 6006 6045 6082 6121 6167 6178 6140 6041 5880 5768 5709 5661 5538 5439 5367 5281 5127 4884 4811 4801 4755 4726 4757 4764 4741 4714 4704 4655 4610 4653 4718 4769 4799 4852 4936 5076 5275 5469 5776 6045 6147 6140 6109 6098 6104 6098 6097
5850 5848 5845 5842 5840 5856 5845 5836 5843 5854 5854 5848 5844 5841 5839 5844 5859 5869 5868 5865 5862 5868 5877 5893 5900 5904 5904 5899 5907 5910 5911 5915 5929 5945 5960 5974 5981 6014 6054 6096 6135 6165 6194 6191 6069 5942 5887 5774 5687 5542 5404 5268 5134 4992 4859 4807 4803 4762 4763 4817 4844 4801 4724 4721 4658 4603 4617 4667 4704 4727 4805 4860 4973 5174 5401 5750 6111 6162 6159 6124 6094 6098 6098 6096
5861 5859 5858 5857 5861 5853 5848 5838 5838 5838 5839 5844 5845 5845 5844 5845 5854 5847 5851 5858 5869 5871 5873 5874 5890 5913 5906 5895 5903 5906 5908 5912 5928 5945 5961 5975 5986 6023 6066 6114 6164 6225 6338 6293 6115 5989 5931 5822 5668 5511 5364 5187 5018 4938 4856 4813 4806 4838 4901 4965 4966 4918 4857 4756 4676 4602 4598 4649 4698 4735 4780 4830 4946 5164 5445 5824 6233 6295 6210 6123 6088 6082 6099 6110
5848 5865 5870 5867 5866 5870 5859 5850 5846 5841 5836 5843 5848 5852 5856 5857 5856 5850 5855 5859 5861 5870 5873 5875 5889 5909 5912 5917 5909 5908 5910 5918 5932 5946 5961 5976 5995 6034 6089 6145 6204 6266 6348 6345 6107 5793 5693 5627 5540 5429 5282 5124 4992 4949 4885 4822 4830 4954 5067 5123 5117 5057 4956 4822 4692 4602 4614 4648 4688 4739 4769 4818 4936 5173 5493 5881 6255 6300 6234 6142 6086 6087 6102 6115
5849 5863 5874 5875 5871 5870 5869 5870 5865 5857 5850 5852 5858 5861 5862 5864 5864 5869 5872 5871 5873 5875 5879 5884 5896 5913 5919 5921 5915 5912 5915 5927 5938 5949 5960 5956 5988 6043 6112 6180 6250 6316 6410 6426 6119 5767 5579 5479 5393 5320 5220 5104 4994 4956 4883 4832 4869 5020 5229 5324 5302 5217 5090 4910 4728 4625 4642 4651 4665 4689 4750 4807 4928 5167 5498 5867 6222 6293 6225 6139 6066 6067 6098 6122
5857 5871 5884 5883 5882 5876 5873 5870 5866 5868 5865 5863 5867 5870 5873 5873 5872 5869 5875 5879 5881 5884 5889 5898 5911 5927 5933 5928 5922 5921 5912 5942 5948 5953 5956 5950 5991 6056 6141 6225 6307 6379 6413 6420 6116 5775 5562 5427 5315 5248 5196 5124 5000 4941 4877 4864 4939 5071 5307 5508 5468 5357 5232 5004 4783 4643 4650 4660 4675 4698 4742 4799 4905 5142 5469 5813 6144 6243 6192 6104 6042 6046 6082 6113
5864 5875 5887 5889 5887 5878 5875 5874 5875 5871 5867 5873 5876 5880 5882 5883 5883 5884 5886 5897 5890 5896 5903 5909 5916 5932 5943 5941 5934 5938 5948 5953 5955 5960 5959 5942 5990 6068 6170 6267 6365 6455 6531 6383 6060 5730 5552 5418 5289 5230 5177 5139 5058 4955 4868 4886 4972 5091 5328 5539 5514 5406 5271 4985 4791 4663 4657 4682 4706 4727 4764 4815 4912 5135 5454 5767 6117 6189 6155 6085 6028 6027 6061 6080
5876 5882 5886 5890 5887 5880 5876 5875 5872 5871 5882 5881 5883 5887 5891 5894 5894 5890 5882 5881 5895 5907 5915 5921 5925 5938 5945 5943 5936 5941 5969 5955 5961 5960 5956 5945 6000 6092 6193 6307 6408 6508 6543 6275 5972 5676 5549 5444 5384 5258 5185 5167 5120 5019 4874 4886 4978 5090 5266 5482 5434 5336 5198 4910 4757 4694 4688 4723 4770 4780 4803 4856 4951 5165 5493 5839 6137 6153 6119 6081 6030 6022 6052 6061
5878 5882 5892 5891 5889 5879 5879 5877 5874 5869 5876 5882 5888 5894 5899 5903 5907 5907 5900 5901 5915 5921 5930 5939 5949 5953 5951 5948 5937 5906 5892 5969 5967 5962 5958 5949 6012 6108 6215 6328 6422 6500 6474 6231 5919 5646 5502 5422 5350 5272 5203 5190 5125 4972 4897 4888 4921 4995 5140 5240 5237 5167 5054 4818 4734 4716 4728 4764 4811 4832 4858 4916 5020 5225 5550 5894 6166 6106 6092 6080 6049 6031 6041 6033
5884 5889 5897 5892 5882 5886 5883 5881 5878 5878 5877 5883 5891 5899 5906 5914 5920 5926 5919 5910 5927 5934 5945 5958 5972 5969 5968 5960 5946 5937 5948 5956 5964 5963 5960 5957 6020 6111 6215 6332 6424 6475 6431 6173 5904 5646 5509 5407 5333 5280 5244 5202 5101 4954 4914 4876 4856 4851 4917 4988 5020 4975 4856 4734 4717 4723 4745 4791 4849 4874 4918 4990 5096 5283 5616 5954 6270 6105 6100 6103 6087 6039 6019 6008
5894 5893 5892 5892 5890 5890 5888 5887 5887 5888 5887 5889 5897 5906 5913 5922 5929 5935 5931 5918 5927 5941 5954 5969 5983 5985 5979 5973 5968 5959 5954 5953 5959 5967 5969 5964 6028 6111 6210 6304 6388 6452 6482 6363 6046 5733 5565 5447 5361 5310 5272 5284 5178 4988 4936 4889 4847 4823 4807 4830 4871 4851 4793 4741 4726 4750 4778 4840 4913 4917 4987 5082 5200 5373 5709 6038 6279 6150 6140 6138 6093 6041 6000 6000
5901 5895 5895 5895 5894 5891 5892 5895 5902 5904 5893 5893 5906 5919 5926 5929 5933 5936 5937 5931 5938 5947 5960 5973 5985 5988 5976 5985 5990 5978 5968 5960 5968 5980 5979 5996 6041 6101 6172 6245 6320 6386 6448 6453 6239 5920 5738 5597 5476 5372 5266 5200 5127 5015 4956 4904 4861 4820 4798 4798 4815 4803 4768 4735 4720 4807 4915 4961 4939 4970 5072 5194 5339 5511 5834 6147 6285 6168 6131 6123 6114 6064 5998 5992
5906 5901 5899 5897 5896 5894 5895 5898 5902 5906 5906 5910 5919 5928 5932 5933 5935 5936 5936 5943 5945 5949 5958 5970 5984 5993 5994 5993 5987 5996 5995 5994 5995 5996 6000 6016 6046 6085 6138 6180 6237 6285 6324 6356 6428 6178 5990 5822 5662 5500 5335 5201 5137 5056 4987 4935 4895 4836 4810 4807 4815 4810 4792 4759 4746 4893 5057 5097 5002 5061 5182 5328 5502 5733 5974 6213 6184 6106 6073 6092 6101 6065 6005 5990
5909 5917 5895 5882 5886 5889 5892 5895 5897 5902 5914 5927 5929 5931 5935 5934 5935 5935 5934 5936 5939 5946 5954 5963 5975 5987 6004 6003 5995 6005 6006 6003 6003 6007 6012 6026 6045 6073 6103 6127 6161 6187 6220 6300 6451 6431 6256 6082 5879 5665 5464 5301 5201 5152 5064 4988 4931 4875 4850 4843 4848 4855 4859 4858 4898 5031 5122 5104 5095 5178 5300 5460 5640 5822 6022 6193 6140 6088 6079 6085 6088 6064 6029 5987
5900 5903 5897 5883 5877 5884 5888 5890 5894 5896 5912 5926 5931 5936 5936 5935 5934 5934 5936 5936 5936 5943 5951 5957 5963 5970 6005 6014 6015 6006 6008 6001 5995 6013 6025 6038 6047 6061 6080 6099 6109 6125 6150 6197 6317 6378 6381 6322 6077 5816 5590 5399 5277 5189 5104 5037 4976 4924 4888 4890 4901 4915 4959 5015 5134 5196 5212 5233 5189 5275 5418 5583 5756 5916 6051 6131 6117 6102 6093 6086 6094 6076 6001 5990
5888 5895 5890 5877 5875 5878 5881 5884 5889 5897 5909 5919 5927 5931 5936 5935 5933 5930 5929 5934 5936 5943 5950 5957 5961 5964 6002 6025 6032 6032 6028 6019 6020 6027 6043 6052 6063 6073 6087 6099 6111 6116 6118 6111 6151 6212 6359 6432 6175 5921 5678 5473 5339 5238 5157 5093 5024 4976 4959 4985 4997 4987 5084 5206 5325 5278 5268 5268 5286 5387 5546 5712 5878 6031 6129 6142 6139 6109 6076 6077 6074 6048 6000 5994
5879 5885 5887 5885 5877 5874 5874 5881 5886 5898 5908 5920 5930 5937 5937 5936 5934 5930 5934 5944 5935 5945 5953 5961 5973 5996 6015 6033 6045 6056 6048 6040 6042 6043 6040 6057 6070 6083 6091 6104 6113 6111 6113 6109 6123 6168 6252 6255 6166 5992 5773 5563 5419 5323 5244 5185 5141 5114 5129 5144 5158 5188 5242 5331 5347 5300 5320 5340 5403 5532 5683 5832 5989 6150 6246 6158 6124 6093 6076 6072 6054 6024 6017 6012
5872 5873 5879 5881 5875 5873 5872 5879 5891 5894 5905 5920 5928 5934 5938 5939 5938 5936 5940 5939 5943 5951 5959 5968 5982 6002 6021 6036 6047 6053 6052 6048 6046 6054 6074 6069 6074 6083 6089 6098 6098 6106 6115 6135 6141 6169 6199 6201 6162 6073 5930 5732 5602 5487 5395 5338 5304 5275 5324 5334 5341 5361 5383 5418 5404 5403 5434 5479 5604 5730 5845 5958 6068 6163 6195 6142 6105 6077 6090 6078 6048 6018 6013 6018
5869 5869 5875 5876 5873 5874 5879 5874 5877 5893 5898 5903 5917 5933 5938 5940 5941 5944 5948 5954 5956 5957 5965 5974 5986 6005 6026 6034 6050 6058 6056 6051 6046 6059 6075 6076 6079 6083 6089 6095 6104 6113 6123 6135 6167 6186 6192 6190 6178 6156 6129 6025 5827 5747 5612 5582 5497 5473 5509 5531 5537 5536 5541 5499 5566 5594 5630 5727 5882 5963 6019 6074 6119 6153 6149 6112 6088 6068 6096 6077 6043 6019 6008 6017
5877 5868 5876 5881 5873 5875 5878 5876 5878 5882 5890 5898 5924 5940 5941 5945 5948 5952 5958 5965 5962 5964 5971 5980 5989 6005 6027 6031 6047 6059 6060 6059 6060 6065 6072 6077 6081 6088 6096 6105 6113 6120 6129 6143 6172 6194 6205 6198 6186 6200 6283 6311 6187 6065 5980 5886 5741 5711 5724 5770 5795 5807 5818 5813 5866 5875 5902 5994 6177 6167 6146 6141 6146 6142 6125 6090 6082 6079 6064 6053 6030 6005 6003 6018
5889 5875 5871 5875 5879 5880 5879 5882 5884 5887 5890 5895 5908 5928 5937 5944 5950 5956 5962 5965 5968 5974 5978 5985 5996 6013 6028 6040 6046 6049 6060 6066 6074 6071 6064 6075 6081 6089 6093 6101 6109 6119 6129 6139 6155 6167 6189 6181 6166 6166 6198 6366 6409 6342 6336 6215 5988 5975 6016 6059 6092 6116 6159 6205 6243 6233 6221 6301 6386 6293 6214 6175 6149 6125 6105 6078 6070 6057 6048 6038 6022 6006 6005 6013
5888 5880 5872 5878 5886 5890 5894 5895 5893 5892 5895 5900 5907 5922 5934 5942 5949 5957 5964 5971 5974 5979 5981 5988 5999 6014 6035 6030 6041 6057 6063 6067 6071 6075 6076 6075 6080 6086 6087 6093 6102 6113 6126 6119 6143 6142 6138 6139 6126 6113 6132 6220 6372 6452 6423 6469 6324 6314 6331 6325 6356 6354 6377 6435 6441 6454 6385 6388 6385 6303 6218 6164 6133 6105 6083 6067 6057 6054 6041 6031 6021 6013 6009 6013
