real_craters/C140-300m.grd
DSAA
301 301
-44.975 44.975
-44.975 44.975
4586.4480228845 8116.751040812
[rows 240 to 269 of 301, columns 201 to 267 of 301]
6004.94 6000.75 5996.04 5993.79 5993.95 5995.01 5996.71 5998.35 5999.3 5998.39 5993.53 5990.12 5987.39 5983.23 5981.84 5982.11 5986.79 5992.48 5998.69 6005.96 6014.52 6023.24 6031.5 6038.94 6044.77 6044.86 6052.29 6055.85 6056.69 6056.79 6056.45 6056.06 6056 6056.78 6058.24 6060.66 6062.95 6066.05 6068.75 6072.09 6076.53 6083.01 6091.88 6103.5 6117.83 6122.75 6127.61 6133.88 6140.92 6155.97 6199.37 6248.42 6301.69 6354.36 6407.81 6462.03 6516.89 6572.4 6627.27 6683.8 6740.71 6800.78 6868.11 6939.66 7009.26 7069.13 7077.78
6006.54 5999.68 5992.46 5989.48 5990.91 5992.92 5995.25 5997.33 5998.53 5997.75 5992.96 5991.22 5989.55 5985.31 5982.73 5985.16 5990.17 5996.77 6003.07 6010.27 6018.63 6026.44 6033.82 6040.71 6047.61 6054.6 6057.27 6058.48 6059.53 6060.13 6060.36 6060.47 6060.9 6061.68 6063.93 6065.47 6068.02 6070.25 6072.38 6073.24 6075.28 6083.57 6095.36 6110.23 6122.76 6133.79 6138.24 6148.67 6159.59 6176.46 6220.61 6267.44 6317.43 6367.51 6419.15 6471.95 6524.71 6579.3 6634.01 6691.22 6747.7 6807.01 6871.29 6941.4 6994.51 7034.84 7068.97
6009.65 6000.91 5993.18 5989.32 5989.41 5991.73 5994.6 5997.45 5999.86 6001.85 6005.18 6004.76 5995.3 5989.06 5986.6 5988.68 5994.1 6002.27 6011.05 6017.5 6023.57 6030.16 6036.82 6043.36 6049.14 6055.3 6058.68 6060.92 6062.72 6063.86 6064.51 6064.35 6065.65 6065.79 6068.75 6071.09 6074.21 6075.78 6077.47 6075.68 6075.1 6084.71 6103.3 6115.12 6126.85 6140.87 6149.44 6166.15 6186.71 6220.73 6255.69 6292.32 6336.79 6383.99 6433.61 6483.76 6535.86 6588.44 6641.74 6696.18 6751.39 6807.02 6863.98 6916.85 6973.57 7023.42 7066.95
6012.52 6003.14 5994.04 5987.73 5989.05 5991.49 5994.68 5998.08 6001.43 6004.62 6007.16 6003.83 5997.84 5991.65 5987.88 5989.96 5998.34 6006.84 6015.9 6022.9 6027.84 6033.71 6039.97 6045.92 6050.98 6054.12 6057.74 6063.61 6066.45 6067.77 6068.69 6069.22 6069.47 6070.96 6072.47 6075.82 6077.04 6079 6080.53 6078.99 6078.69 6085.62 6096.48 6110.32 6128.46 6146.51 6160 6182.31 6209.56 6249.03 6284.83 6315.8 6356.35 6401.4 6449.81 6497.32 6548.25 6599.47 6650.83 6703.09 6755.17 6806.74 6858.65 6911.08 6968.76 7025.65 7078.11
6016.42 6006.35 5997.07 5992.32 5990.21 5992.37 5995.75 5999.44 6003.06 6006.11 6007.02 6005.44 5999.92 5993.01 5989.47 5995.6 6003.65 6010.78 6016.54 6023.82 6030.75 6036.96 6043 6049.29 6054.86 6059.76 6064.19 6068.81 6070.89 6071.72 6072.4 6072.94 6073.5 6075.54 6076.41 6077.22 6078.64 6080.59 6082.03 6082.42 6083.96 6089.74 6098.37 6111.77 6131.42 6152.89 6168.86 6194.53 6222.68 6262.24 6299.69 6330.46 6372.83 6418.52 6466.4 6515.12 6563.01 6612.95 6662.38 6711.22 6759.69 6806.61 6854.58 6908.6 6970.18 7039.11 7102.18
6020.71 6009.96 5999.78 5990.21 5991.66 5994.23 5997.57 6001.21 6004.68 6008.05 6010.89 6010.96 6002.94 5994.35 5989.07 5999.91 6008.87 6015.19 6021.63 6027.43 6033.42 6039.51 6045.88 6052.51 6059.56 6067.64 6075.51 6075.16 6075.23 6075.29 6075.52 6075.7 6076.52 6076.98 6077.77 6078.9 6080.12 6081.84 6083.34 6085.72 6089.62 6096.87 6108.45 6122.96 6136.66 6158.04 6176.53 6203.83 6230.36 6256.04 6286.32 6341.25 6390.66 6437.92 6485.72 6533.74 6582.29 6630.2 6676.83 6723.33 6768.33 6811.33 6852.03 6896.1 6955.15 7046.91 7126.97
6023.52 6013.07 6003.8 5998.58 5995.79 5996.98 5999.89 6003.18 6006.66 6009.66 6011.99 6011.87 6004.71 5996.67 5994.04 6004.71 6012.01 6018.84 6024.95 6030.3 6035.82 6041.61 6048.02 6054.83 6062.49 6070.71 6077.12 6078.24 6077.62 6077.32 6077.28 6077.37 6077.86 6078.22 6079.44 6080.68 6082.01 6083.12 6085.41 6088.79 6093.68 6101.65 6113.58 6125.84 6138.9 6161.86 6183.48 6213.52 6242.9 6273.36 6308.7 6365.67 6413.89 6461.55 6509.12 6558.6 6604.69 6651.64 6697.95 6741.06 6781.87 6822.4 6857.41 6891.86 6941.33 7034.56 7119.69
6025.23 6015.08 6006.98 6000.24 5998.85 6000.34 6002.59 6005.27 6008.1 6010.61 6012.09 6011.43 6005.4 5998.93 5999.27 6009.52 6014.53 6021.09 6027.6 6031.98 6037.1 6042.68 6048.77 6055.5 6062.64 6070.45 6077.75 6078.36 6077.69 6077.58 6077.93 6078.11 6078.56 6079.51 6080.79 6082.21 6083.68 6085.18 6088.04 6091.61 6095.98 6102.23 6113.9 6123.32 6138.33 6165.61 6190.9 6225.34 6262.95 6307.86 6371.84 6401.65 6442.06 6486.81 6534.42 6585.16 6632.39 6678.4 6720.85 6763.09 6803.94 6840.06 6875.98 6907.29 6936.35 7029.91 7105.42
6022.43 6015.62 6009.81 6005.3 6003.88 6004.3 6005.57 6007.52 6009.61 6011.24 6011.9 6010.14 6005.7 6000.72 6001.41 6010.85 6016.95 6021.63 6026.51 6031.67 6036.98 6042.44 6048.53 6054.53 6060.89 6067.12 6073.05 6074.46 6075.44 6076.42 6077.49 6078.68 6079.78 6080.66 6081.98 6083.64 6085.23 6086.92 6090.24 6094.05 6098.51 6104.57 6113.83 6125.37 6139.89 6168.58 6197.66 6235.97 6279.37 6326.97 6384.55 6423.05 6465.35 6514.84 6564.46 6613.34 6660.32 6705.83 6746.26 6787.95 6826.32 6866.88 6908.14 6951.54 7006.6 7060.53 7111.69
6020.04 6016.29 6013.2 6011.08 6009.75 6008.53 6008.69 6009.6 6010.68 6011.97 6012.87 6012.55 6008.63 6002.46 6002.53 6011.19 6017.35 6020.34 6024.77 6030.29 6036.03 6041.66 6047.36 6053.08 6058.33 6062.45 6063.55 6067.91 6072.73 6075.09 6076.8 6078.42 6080.44 6081.99 6082.82 6084.28 6086.01 6087.5 6090.42 6094.21 6100.79 6108.81 6114.31 6122.6 6139.64 6172.76 6205.61 6247.11 6292.12 6335.42 6379 6430.75 6485.5 6538.8 6590.13 6640.47 6686.57 6730.68 6768.68 6810.5 6850.36 6894.14 6941.72 6995.32 7059.89 7104.09 7149.38
6021.7 6018.73 6016.8 6015.1 6013.35 6011.81 6011 6010.96 6011.82 6012.71 6013.96 6015.16 6011.71 6003.49 6002.95 6011.19 6017.07 6019.27 6023.02 6029.35 6035.26 6040.43 6045.66 6050.96 6056 6060.19 6063.74 6068.07 6071.6 6074.03 6076.3 6078.81 6080.6 6082.25 6083.85 6085.83 6087.62 6088.75 6090.46 6093.24 6102.69 6111.27 6114.04 6120.38 6142.17 6179.19 6223.28 6263.26 6309.41 6351.51 6391.02 6446.77 6511.94 6570.15 6622.8 6670.89 6715.31 6757.5 6795.55 6836.17 6874.4 6918.45 6966.86 7021.89 7081.99 7128.5 7170.64
6026.44 6023.06 6021.07 6019.11 6017.25 6014.64 6012.95 6012.08 6012.13 6012.57 6013.18 6014.16 6011.11 6002.16 6001.52 6008.74 6016.57 6021.44 6024.88 6029.29 6034.55 6039.89 6044.89 6049.7 6054.58 6059.38 6065.41 6070.28 6071.22 6073.84 6076.59 6079.08 6081.54 6082.07 6084.41 6086.94 6090.57 6092.38 6096.09 6101.39 6107.15 6111.57 6114.4 6123.13 6148.45 6188.58 6239.22 6286.26 6337.73 6385.39 6428.03 6484.68 6552.75 6609.37 6659.29 6703.85 6746.29 6783.04 6821.27 6858.86 6897.44 6939.07 6983.86 7034.08 7087.49 7130.21 7164.8
6031.68 6028.65 6026.12 6022.91 6019.87 6016.55 6014.12 6012.73 6012.01 6011.56 6011.05 6010.25 6006.8 6000.38 6000.63 6006.87 6017.32 6022.62 6025.12 6029.14 6034.01 6039.06 6043.94 6048.48 6053.27 6057.53 6061.45 6063.78 6069.1 6072.34 6075.9 6079.17 6081.15 6083.95 6086.66 6089.43 6091.22 6095.61 6101.76 6109.47 6112.08 6115.08 6121.99 6130.32 6149.94 6201.33 6261.74 6318.07 6378.13 6434.83 6493.29 6553.56 6611.11 6659.59 6702.01 6740.74 6775.14 6810.58 6845.4 6881.66 6917.47 6954.38 6993.22 7035.51 7077.65 7112.52 7139.46
6040.61 6037.4 6031.64 6025.82 6021.54 6017.05 6014.43 6012.87 6011.71 6010.54 6008.9 6006.7 6003.73 6002.28 6002.17 6004.75 6015.61 6019.47 6023.04 6028.28 6033.42 6038.63 6043.4 6047.59 6051.92 6055.84 6059.05 6062.31 6067.68 6071.82 6075.91 6079.75 6083.05 6086.09 6088.94 6091.95 6094.95 6098.1 6104.08 6110.82 6114.04 6117.83 6128.91 6144.22 6171.68 6223.55 6290.01 6359.88 6422.48 6491.73 6563.92 6631.18 6674.06 6711.74 6745.66 6776.08 6808.63 6840 6870.57 6902.98 6934.12 6966.68 7000.08 7033.18 7061.46 7092.13 7121.31
6051.29 6045.87 6035.23 6026.99 6019.26 6015.97 6014.41 6013.06 6011.62 6010.01 6007.81 6005.13 6003.51 6007.61 6004.59 6003.59 6010.16 6015.79 6021.35 6027.27 6032.86 6038.11 6042.06 6046.59 6050.86 6054.82 6058.6 6062.58 6067.61 6072.41 6077.47 6081.52 6085.54 6089.66 6093.06 6096.18 6098.7 6100.56 6103.79 6108.51 6113.05 6118.98 6132.68 6157.05 6193.07 6255.32 6326.27 6400.66 6469.05 6545.71 6623.14 6691.4 6733.46 6762.48 6787.43 6813.62 6841.06 6866.53 6893.12 6920.19 6947.37 6976.05 7006.47 7033.68 7053.97 7082.25 7128.04
6047.23 6042.2 6035.47 6027.91 6020.71 6016.75 6015.2 6013.97 6012.39 6010.68 6008.07 6005.17 6002.96 6005.01 6004.17 6002.43 6009.12 6016.63 6021.37 6027.23 6032.44 6037.63 6041.58 6046.17 6050.58 6054.35 6058.39 6062.39 6067.93 6073.78 6079.3 6084.76 6090.39 6095.29 6099.56 6104.29 6103.56 6106.12 6105.89 6106.02 6113.66 6127.02 6142.59 6184.03 6231.41 6295.72 6366.18 6441.47 6513.66 6593.26 6672.56 6745.3 6782.64 6806.43 6826.93 6848.15 6869.8 6887.75 6913.54 6937.69 6962.62 6986.81 7011.85 7036.36 7059.57 7096.41 7144.23
6044.63 6040.1 6035.87 6029.63 6022.57 6018.42 6017.3 6015.9 6014.02 6012.04 6009.42 6006.54 6003.73 6002.76 6004.22 6004.4 6007.95 6015.54 6022.74 6028.29 6033.52 6038.56 6043.2 6046.77 6050.76 6054.33 6058.64 6062.52 6068.97 6075.49 6081.8 6088.41 6095.09 6101.52 6107.09 6111.68 6114.14 6115.65 6114.74 6112.69 6124.32 6152.54 6191.99 6231.42 6275.98 6337.12 6407.82 6481.75 6553.82 6632.49 6710.15 6784.66 6819.79 6837.81 6853.25 6870.95 6888.66 6907.66 6929.52 6951.19 6975.85 6998.84 7021 7043.68 7067.1 7093.66 7150.59
6045.72 6043.46 6038.61 6033.11 6027.22 6023.13 6021.2 6018.74 6016.2 6013.9 6011.54 6009.45 6008.17 6008.01 6007.81 6008.24 6009.58 6018 6024.87 6029.68 6034.42 6039.23 6043.62 6047.2 6050.69 6055.3 6059.08 6065.12 6071.82 6078.15 6085.52 6093.63 6102.48 6111.03 6118.79 6125.59 6128.65 6132.57 6134.32 6135.24 6150.86 6192.68 6232.11 6280.65 6340.51 6390.47 6448.96 6519.6 6594.74 6662.52 6733.66 6802.7 6839.24 6856.29 6872.34 6888.69 6906.5 6924.53 6944.22 6963.83 6985.12 7006.81 7029.17 7053.43 7079.83 7118.86 7166.05
6047.01 6045.29 6042.05 6037.43 6033.86 6031.13 6026.09 6022.16 6018.88 6016.07 6013.9 6012.79 6013.75 6013.17 6012 6012.45 6011.53 6019.25 6026.24 6030.8 6035.23 6039.85 6044.53 6047.98 6050.11 6054.89 6058.95 6064.61 6071.69 6080.56 6089.68 6099.72 6110.66 6121.12 6132 6142.29 6150.33 6159.33 6167.74 6176.33 6199.34 6247.46 6291.87 6327.43 6366.35 6415.59 6484.13 6555.4 6625.24 6684.97 6745.99 6801.92 6840.2 6864.59 6884.61 6902.66 6921.08 6937.23 6956.63 6975.06 6995.69 7017.03 7038.15 7063.06 7093.18 7139.22 7186.67
6047.87 6049.06 6044.35 6040.64 6037.6 6032.72 6029.75 6025.21 6020.94 6017.79 6015.67 6014.51 6014.08 6012.66 6014.45 6017.33 6021.61 6021.19 6026.55 6031.03 6035.47 6040 6044.55 6047.89 6048.42 6053.82 6058.68 6065.47 6072.62 6083.64 6093.01 6104.14 6116.73 6130.37 6143.09 6159.83 6174.86 6190.72 6208.31 6229.26 6259.66 6297.44 6338.83 6379.53 6418.41 6453.97 6528.87 6595.52 6656.27 6706.12 6756.12 6798.95 6835.03 6867.42 6892.31 6913.31 6932.93 6950.15 6969.39 6987.5 7006.51 7024.61 7047.04 7070.03 7099.66 7145 7199.53
6047.35 6044.45 6043.55 6042.66 6041.41 6040.52 6033.39 6026.74 6021.85 6018.62 6016.8 6015.68 6014.29 6013.45 6016.13 6019.41 6024.42 6023.76 6026.63 6031.41 6035.85 6040.19 6044.83 6046.22 6045.91 6051.63 6057.62 6068.42 6080.07 6087.6 6096.68 6108.18 6122.44 6138.38 6155.26 6174.68 6196.23 6220.63 6248.24 6279.6 6315.82 6350.34 6392.17 6444.24 6501.67 6551.81 6592.51 6641.08 6690.64 6730.12 6771.12 6806.22 6840.24 6872.58 6899.23 6920.58 6941.1 6958.23 6975.88 6994.34 7011.89 7031.79 7052.88 7077.44 7102.47 7137.13 7189.92
6048.84 6046 6045.2 6044.45 6042.78 6040.62 6033.08 6025.88 6021.15 6018.38 6016.94 6016.78 6017.55 6016.76 6017.78 6019.72 6021 6024.74 6028.54 6031.96 6035.79 6040 6044.55 6043.01 6042.56 6048.23 6055.34 6067.68 6078.14 6088.22 6097.49 6110.94 6126.38 6144.85 6165.68 6189.6 6216.97 6249.46 6285.73 6326.88 6373.67 6426.11 6467.36 6511.1 6570.55 6619.6 6649 6686.56 6726.17 6757.58 6791.08 6820.7 6850.93 6881.18 6907.59 6929.87 6950.36 6968.93 6986.62 7007.36 7025.91 7045.13 7065.35 7085.91 7106.68 7137.11 7186.7
6053.22 6053.3 6051.47 6046.53 6040.32 6034.05 6027.14 6022.05 6018.89 6017 6015.98 6016.2 6017.36 6018.44 6018.62 6019.57 6021.49 6023.98 6029.62 6031.98 6035.39 6039.47 6043.99 6039.69 6039.56 6044.74 6050.5 6062.66 6077.73 6084.51 6094.65 6110.22 6128.21 6147.63 6173.24 6200.64 6232.68 6270.83 6314.74 6364.07 6418.83 6478.84 6527.22 6575.82 6619.36 6654.54 6690.66 6726.73 6755.93 6786.66 6814.63 6839.77 6863.88 6894.99 6920.87 6943.92 6964.84 6983.45 7001.12 7019.95 7038.82 7056.91 7079.42 7099.99 7119.6 7146.19 7196.51
6057.75 6060.35 6058.49 6047.58 6036.4 6024.99 6018.43 6016.63 6015.48 6014.79 6014.61 6014.74 6015.13 6017.04 6018 6018.52 6019.55 6024.2 6027.79 6030.88 6034.55 6038.69 6043.24 6047.94 6032.66 6039.83 6044.74 6053.02 6055.24 6073.61 6091.16 6109.3 6129.28 6152.01 6178.05 6208.37 6243.15 6285.98 6333.27 6389.92 6450.39 6508.93 6561.92 6610.17 6655.05 6698.4 6731.28 6763.83 6788.96 6814.96 6839.69 6861.98 6887.8 6913.63 6937.63 6955.9 6975.09 6994.3 7012.6 7031.58 7051.81 7066.89 7087.34 7109.32 7132.33 7159.24 7191.93
6059.7 6060.9 6057.72 6046.11 6033.01 6020.13 6013.24 6012.71 6012.74 6012.88 6013.24 6014.08 6015.38 6016.44 6017.62 6018.64 6021.1 6024.46 6025.82 6029.4 6033.52 6037.99 6042.66 6047.35 6051.92 6036.53 6042.1 6049.98 6060.59 6076.24 6091.75 6109.57 6130.08 6153.09 6180.16 6209.98 6245.4 6289.62 6340.07 6401.81 6476.08 6546.82 6576.05 6616.33 6668.46 6728.31 6764.64 6795.47 6817.02 6840.2 6863.09 6884.75 6910.01 6933.73 6953.1 6969.37 6987.39 7007.78 7027.66 7046.86 7065.25 7086.03 7106.79 7130.1 7153.95 7177.82 7221.63
6059.1 6057.91 6053.98 6042.77 6030.82 6019.52 6012.57 6011.42 6011.32 6011.63 6012.25 6013.59 6016.04 6018.73 6020.92 6020.8 6021.97 6026.6 6025.23 6029 6033.35 6038.3 6043.16 6047.9 6039.4 6038.94 6044.07 6051.7 6065.16 6078.76 6093.47 6109.47 6129.63 6151.13 6178.29 6207.51 6237.17 6280.79 6327.15 6385.43 6456.77 6527.31 6550.11 6579.92 6649.43 6737.48 6786.33 6819.93 6844.66 6861.61 6882.75 6903.62 6931.48 6953.5 6970.1 6987.93 7005.92 7025.11 7044.62 7062.31 7082.99 7109.02 7130.95 7152.63 7176.6 7203.95 7236.81
6057.23 6053.24 6046.89 6038.55 6029.58 6021.08 6015.38 6012.34 6011.37 6011.4 6012.1 6013.16 6016.71 6023.24 6027.31 6026.02 6026.04 6026.4 6026.53 6029.57 6034.08 6038.94 6043.82 6048.37 6042.84 6041.75 6044.41 6051.93 6064.43 6077.85 6092.83 6108.2 6127.66 6145.11 6170.38 6196.61 6226.33 6262.15 6302.14 6347.45 6400.07 6452.98 6501.18 6544.6 6626.86 6735.81 6801.26 6837.45 6860.39 6875.24 6895.64 6915.17 6939.6 6962.93 6984.33 7004.93 7024.31 7045.37 7066.74 7083.92 7105.24 7128.91 7151.86 7171.75 7198.49 7225.36 7261.84
6055.34 6049.8 6041.43 6035.82 6029.31 6022.53 6016.98 6013.54 6012.04 6011.84 6012.72 6014.88 6018.81 6024.79 6029.38 6028.61 6028.8 6029.37 6028.3 6031.56 6035.69 6040.23 6045.16 6050.03 6045.23 6045.91 6048.58 6054.73 6062.94 6075.02 6091.16 6104.56 6122.67 6141.57 6160.55 6184.9 6210.44 6239.85 6270.77 6302.94 6336.12 6388.42 6464.66 6537.02 6629.02 6738.03 6814.71 6845.53 6865.97 6880.14 6900.44 6921.78 6944.85 6969.52 6994.47 7017.67 7039.14 7060.03 7082.31 7104.41 7124.05 7145.14 7172.04 7195.17 7220.33 7242.37 7264.72
6054.41 6049.24 6043.05 6036.79 6030.37 6023.84 6018 6014.47 6012.79 6012.36 6013.39 6016.09 6020.01 6024.55 6028.83 6032.05 6032.8 6032.83 6033.72 6035.02 6038.03 6042.38 6046.84 6043.56 6046.83 6050.62 6052.44 6059.43 6065.95 6078.39 6091.05 6105.93 6118.17 6133.78 6151.11 6173.49 6194.3 6216.61 6241.46 6266.16 6292.84 6362.44 6446.31 6529.43 6628.51 6722.33 6802.9 6833.79 6855.65 6873.82 6896.93 6921.61 6947.41 6973.54 7003.45 7029.41 7052.77 7076.06 7099.42 7122.03 7143.62 7168.37 7192.38 7216.24 7243.4 7265.98 7294.92
6054.41 6050.38 6045.32 6039.59 6032.84 6025.66 6019.3 6015.37 6013.54 6013.07 6013.74 6015.57 6019.84 6024.61 6028.18 6034.27 6035.08 6035.91 6036.32 6037.12 6040.25 6044.32 6048.74 6048.73 6052.63 6054.69 6058.27 6062.63 6069.46 6079.32 6091.74 6104.77 6116.37 6127.64 6141.86 6157.88 6174.33 6194.95 6216.48 6242.23 6278.21 6350.67 6420.6 6492.23 6578.36 6674.93 6757.84 6797.01 6828.2 6854.35 6886.03 6916.7 6949.32 6981.19 7011.88 7038.47 7062.82 7086.39 7109.85 7132.67 7154.88 7180.71 7208.73 7230.28 7259.32 7288.72 7322.81
