real_craters/C140-300m.grd
DSAA
301 301
-44.975 44.975
-44.975 44.975
4586.4480228845 8116.751040812
[rows 180 to 209 of 301, columns 0 to 66 of 301]
5869.01 5869.07 5868.81 5869.54 5871.74 5874.71 5876.99 5876.45 5874.94 5873.52 5873.15 5873.16 5873.47 5874.33 5875.83 5878.67 5876.18 5874.57 5873.74 5874.01 5876.5 5882.43 5889.2 5896.9 5896.62 5897.92 5899.9 5901.9 5903.98 5909.2 5917.47 5923.33 5929.78 5934.47 5937.63 5938.44 5939.35 5939.86 5939.88 5940.36 5941.06 5942.62 5943.5 5944.76 5946.4 5947.92 5949.33 5951.81 5957.76 5957.4 5955.67 5953.63 5955.66 5958.86 5961.87 5965.12 5968.31 5972.21 5976.63 5981.15 5985.87 5991.67 5999.48 6011.27 6021.96 6026.09 6027.98
5871.56 5870.03 5868.33 5866.99 5868.34 5874.77 5880.57 5880.45 5875.43 5873.06 5872.66 5873.03 5873.58 5874.21 5874.57 5872.25 5873.67 5874.15 5873.98 5874.58 5877.23 5881.26 5885.75 5889.45 5891.88 5894.02 5896.25 5898.58 5901.35 5907.84 5919.07 5927.64 5933.4 5936.62 5938.53 5941.13 5942.4 5943.51 5944.56 5945.32 5946.35 5947.33 5948.46 5949.44 5950.45 5952.19 5954.35 5956.55 5960.71 5960.85 5959.27 5959.14 5960.14 5961.75 5964.37 5967.44 5970.97 5974.44 5978.65 5982.59 5986.66 5991.19 5997.36 6011.5 6024.32 6025.92 6024.64
5875.14 5872.15 5868.98 5866.13 5866.64 5875.75 5885.85 5885.72 5875.96 5872.46 5872.43 5873.25 5874.1 5874.71 5875.13 5875.94 5875.79 5875.11 5874.91 5875.46 5877.5 5880.15 5882.57 5883.63 5887.06 5890.62 5893.58 5896.74 5901.33 5909.89 5923.42 5937.58 5939.49 5939.57 5940.28 5941.17 5942.32 5943.57 5944.9 5946.23 5947.6 5948.81 5950.47 5952.46 5954.88 5956.39 5958.6 5961.31 5963.35 5962.42 5961.81 5962.5 5963.08 5964.14 5966.66 5969.91 5973.52 5976.59 5980.47 5983.95 5987.59 5991.67 5997.53 6011.01 6023.08 6026 6024.39
5878.46 5875.04 5871.35 5868.15 5868.38 5875.75 5885.21 5884.46 5875.39 5871.84 5872.82 5874.17 5875.24 5875.92 5876.48 5877.57 5877.17 5876.42 5876.47 5877.61 5878.68 5880.28 5881.8 5882.73 5885.51 5888.98 5892 5895.25 5900.04 5908.43 5922.32 5937.24 5939.26 5939.05 5939.68 5940.67 5942 5943.53 5945.08 5946.79 5948.5 5950.15 5952.1 5954.3 5957.14 5959.26 5961.44 5964.24 5965.05 5963.64 5963.11 5962.19 5962.68 5966.01 5969.22 5972.31 5975.39 5978.93 5982.52 5986.31 5990.43 5994.85 6000.82 6013.01 6024.13 6028.33 6029.2
5882.69 5878.94 5874.52 5870.94 5869.83 5873.13 5877.6 5877.84 5872.74 5872.17 5874.97 5876.44 5877.41 5877.77 5877.73 5876.77 5876.37 5877.82 5877.85 5878.13 5880.42 5882 5883.45 5884.87 5886.95 5889.21 5891.47 5894.05 5897.51 5902.93 5914.31 5925.44 5932.3 5935.28 5937.37 5939.06 5940.94 5942.84 5944.74 5946.76 5949.26 5951.42 5953.51 5955.28 5956.86 5960.3 5962.81 5964.79 5965.41 5965.64 5965.21 5964.69 5965.52 5969.12 5972.31 5975.09 5977.83 5981.1 5984.64 5988.82 5993.72 6000.14 6007.91 6016.05 6025.71 6030.03 6034.01
5888.5 5882.59 5877.6 5873.55 5870.56 5870.55 5871.03 5873.8 5877.13 5879.32 5878.74 5879.46 5880.12 5880.49 5880.25 5879.44 5879.7 5881.75 5882.67 5882.82 5883.98 5884.84 5885.94 5888.14 5889.89 5890.25 5891.77 5893.73 5896.14 5899.7 5908.31 5917.53 5925.44 5930.64 5934.32 5937.18 5940.21 5942.58 5944.91 5947.19 5949.6 5952.14 5954.71 5957.42 5959.62 5962.12 5964.14 5965.5 5965.58 5966.89 5968.42 5970.37 5973.07 5974.13 5975.8 5977.73 5980.12 5983.15 5986.57 5990.68 5995.63 6002.03 6009.84 6016.24 6022.03 6028.21 6034.32
5888.81 5884.49 5880 5876.55 5874.32 5870.79 5868.52 5872.49 5877.49 5880.58 5881.73 5882.71 5883.62 5884.24 5884.47 5884.51 5885.01 5887.92 5890.79 5890.53 5888.66 5888.07 5888.24 5888.95 5889.52 5891.28 5892.95 5894.69 5896.65 5899.6 5905.21 5913.34 5921.11 5927.17 5931.87 5935.63 5938.97 5941.84 5944.54 5947.15 5949.78 5952.6 5955.6 5958.95 5961.8 5963.76 5965.83 5967.61 5968.71 5969.22 5971.9 5974.83 5977.97 5978.11 5978.59 5979.95 5982.03 5984.83 5988.22 5992.16 5996.53 6000.78 6007.51 6015.91 6021.92 6028.12 6033.08
5889.69 5885.19 5881.54 5878.25 5875.91 5871.57 5869.56 5873.73 5878.25 5881.4 5884.24 5886.1 5887.3 5888.27 5889.33 5890.78 5892.85 5893.64 5895.02 5894.13 5891.87 5890.72 5890.38 5890.18 5890.47 5893.09 5895.28 5897.21 5898.94 5900.71 5905.09 5911.98 5919.26 5925.14 5930.13 5934.29 5937.87 5941 5943.89 5946.74 5949.52 5952.46 5955.79 5959.12 5961.81 5964.29 5966.86 5969.54 5972.55 5974.78 5974.09 5976.19 5979.21 5979.61 5979.87 5981.08 5983.25 5986.06 5989.78 5993.74 5997.93 6002.13 6008.69 6017.54 6026.71 6032.51 6032.06
5886.04 5885.72 5883.03 5879.5 5875.5 5873.4 5873.97 5878.13 5882.08 5884.69 5888.18 5890.07 5891.13 5892 5893.37 5895.66 5898.24 5896.57 5894.62 5893.8 5893.06 5892.75 5892.89 5893.33 5893.91 5896.74 5898.99 5900.86 5902.84 5905.16 5909.77 5914.38 5919.3 5924.6 5929.32 5933.38 5937.16 5940.62 5943.69 5946.49 5949.2 5951.99 5954.91 5958.88 5961.67 5964.16 5966.83 5969.62 5971.94 5972.24 5972.55 5974.63 5977.34 5978.7 5979.79 5981.49 5983.79 5986.69 5990.1 5994.55 5999.8 6005.76 6011.05 6017.54 6026.3 6031.4 6027.84
5891.86 5889.02 5885.89 5882.25 5879.65 5879.96 5881.87 5884.96 5888.65 5892.11 5894.03 5894.61 5894.78 5895.12 5895.77 5897.25 5899.1 5896.14 5892.85 5892.83 5893.54 5894.47 5895.71 5897.45 5900.46 5901.68 5903.27 5905.2 5907.42 5909.61 5911.85 5915.98 5920.19 5924.79 5929.25 5933.33 5937.18 5940.19 5943.38 5946.24 5948.78 5951.02 5952.9 5955.02 5958.94 5963.01 5966.18 5968.24 5969.97 5968.08 5969.24 5971.83 5974.68 5976.58 5978.47 5980.83 5983.55 5986.49 5989.9 5994.31 6000.03 6006.82 6010.39 6013.63 6016.37 6017.21 6020.28
5895.97 5894.05 5890.23 5885.85 5882.06 5885.13 5889.83 5891.47 5895.01 5900.11 5899.77 5898.68 5897.9 5897.37 5896.83 5896.12 5894.5 5892.64 5892.1 5892.29 5894.05 5896.06 5898.33 5900.83 5903.4 5905.67 5907.55 5909.7 5912.17 5914.93 5916.07 5918.04 5921.47 5925.51 5929.55 5933.33 5936.98 5940.52 5943.98 5946.65 5949.02 5950.84 5952.21 5953.19 5957.58 5962.21 5965.47 5967.79 5969.58 5968.03 5967.46 5969.45 5971.01 5973.35 5976.89 5980.12 5983.04 5985.98 5989.03 5992.57 5997.04 6002.97 6006.12 6008.8 6010.12 6010.24 6016.26
5904.31 5900.21 5895.12 5890.53 5887.05 5887.94 5892.28 5895.38 5898.63 5901.79 5902.25 5901.53 5900.5 5899.16 5897.38 5894.94 5891.54 5888.61 5888.14 5891.73 5894.96 5897.81 5900.67 5903.57 5906.74 5909.15 5911.04 5913.55 5916.49 5920.17 5922.03 5920.44 5922.57 5925.81 5929.69 5933.63 5937.42 5941.09 5944.25 5947.37 5949.75 5951.48 5953.02 5956.31 5958.98 5962.59 5965.67 5967.57 5968.86 5967.63 5968.05 5969.52 5969.74 5971.99 5976.74 5980.1 5982.84 5985.41 5987.88 5990.03 5991.33 5993.7 6000.36 6005.35 6009.25 6013.24 6016.88
5907.45 5904.27 5899.41 5895.3 5893.22 5893.46 5895.42 5898.22 5900.78 5902.15 5903.4 5903.84 5902.99 5901.26 5898.85 5895.73 5891.92 5889.23 5889.45 5893.6 5897.23 5900.15 5902.86 5905.57 5908.85 5911.16 5913.18 5915.99 5919.38 5922.11 5918.28 5920.79 5923.51 5927.21 5929.84 5933.89 5937.67 5941.41 5944.98 5948.18 5951.2 5953.31 5954.09 5954.97 5960.11 5964.19 5966.95 5968.96 5969.59 5970.5 5971.47 5972.15 5973.96 5976.92 5979.03 5981.09 5983.11 5985.3 5987.48 5989.26 5990.37 5991.86 5998.16 6003.81 6008.98 6014.81 6016.92
5908.95 5906.57 5902.34 5898.74 5896.8 5897.21 5898.36 5900.82 5903.62 5906.44 5907.75 5906.85 5905.58 5903.71 5901.2 5898.23 5895.32 5895.23 5896.78 5898.4 5900.62 5902.88 5904.94 5906.98 5908.39 5910.34 5914.07 5917.26 5920.78 5924.1 5923.38 5922.33 5924.38 5927.62 5930.92 5935.32 5939.32 5942.51 5946.68 5950.3 5953.98 5957.27 5959.16 5960.83 5964.08 5966.65 5968.95 5970.75 5971.88 5972.78 5972.61 5974.79 5978.24 5981.66 5981.22 5981.77 5983.35 5985.45 5987.63 5990.05 5993.11 5996.44 5999.34 6003.44 6007.51 6010.86 6013.96
5910.08 5907.96 5903.83 5900.99 5898.82 5897.33 5899.99 5903.27 5906.4 5908.96 5909.9 5909.56 5908.15 5906.27 5904.21 5901.83 5899.4 5899.75 5902.94 5903.71 5904.67 5905.92 5907.32 5908.67 5910.24 5912.64 5914.82 5917.61 5920.57 5923.67 5923.21 5922.92 5925.5 5929.03 5932.84 5936.36 5940.39 5945.08 5948.55 5952.62 5957.01 5961.5 5966.03 5968.5 5968.77 5969.86 5971.25 5972.82 5973.97 5975.38 5975.71 5975.68 5978.05 5981.93 5980.35 5981.35 5983.47 5985.9 5988.4 5990.91 5994.07 5997.13 6000.29 6003.67 6006.8 6008.94 6012.08
5907.8 5905.08 5904.27 5903.44 5902.28 5901.11 5902.98 5906.23 5909.39 5911.72 5912.75 5912.3 5911.15 5909.76 5908.16 5906.75 5905.55 5905.92 5908.04 5908.77 5909.04 5909.39 5910.07 5910.88 5912.05 5913.06 5915.32 5917.32 5919.3 5920.67 5921.03 5922.99 5926.8 5930.68 5934.6 5938.21 5942.2 5945.99 5950.29 5955.18 5959.41 5964.52 5969.47 5972.1 5972.08 5972.29 5972.94 5974.09 5975.45 5976.82 5975.83 5974.09 5973.16 5970.58 5975.61 5980.59 5984.13 5987.1 5989.66 5991.81 5993.77 5997.37 6001.2 6004.56 6007.47 6010.11 6012.26
5907.89 5904.13 5906.47 5907.25 5907.04 5904.01 5907.4 5910.48 5913.05 5915 5916.55 5914.86 5913.93 5913.05 5912.32 5912.14 5912.87 5914.47 5914.38 5914.04 5913.48 5913.09 5913.11 5913.29 5914.04 5915.65 5916.25 5917.61 5918.66 5919.08 5921.02 5924.64 5929.03 5932.91 5936.57 5939.98 5943.87 5947.92 5951.75 5956.03 5961.11 5965.82 5969.71 5972.15 5973.01 5973.35 5973.96 5974.47 5975.21 5975.32 5972.1 5972.31 5972.06 5972.1 5976.84 5981.55 5985.51 5988.75 5991.57 5993.92 5995.94 5999.06 6002.83 6006.21 6009.08 6010.77 6012.3
5914.49 5912.4 5912.82 5913.1 5913.43 5912.37 5914.18 5916 5917.3 5917.63 5915.64 5916.8 5916.46 5916.11 5916.26 5917.01 5918.55 5921.09 5921.32 5919.31 5917.87 5917.13 5916.26 5915.65 5915.42 5915.58 5916.9 5919.05 5920.47 5921.37 5925.56 5929.92 5932.9 5935.58 5938.46 5941.44 5944.97 5948.74 5953.03 5957.19 5961.64 5966.09 5970.71 5972.44 5973.24 5973.86 5974.59 5974.71 5974.87 5974.03 5971.77 5973.52 5975.53 5979.2 5981.46 5984.39 5987.73 5990.97 5993.87 5996.68 5999.98 6002.21 6004.93 6008.12 6011.64 6015.53 6019.05
5923.18 5924.58 5920.3 5919.45 5920.63 5922.17 5922.62 5922.7 5922.3 5921.7 5922.43 5920.17 5919.15 5919.12 5919.73 5920.92 5923.62 5927.06 5925.76 5922.99 5921.51 5920.45 5919.66 5918.58 5917.1 5915.23 5918.05 5922.16 5925.53 5928.06 5932.21 5936.29 5936.47 5938.05 5940.38 5943.13 5946.81 5950.26 5953.72 5957.44 5961.29 5965.09 5968.63 5970.92 5972.45 5973.75 5974.32 5974.91 5975.58 5975.48 5975.98 5977.32 5978.59 5980.43 5983.6 5987.73 5990.87 5993.68 5996.44 5999.05 6001.12 6003.85 6006.51 6009.5 6013.11 6017.5 6020.47
5928.21 5923.65 5924.05 5925.02 5926.65 5931.18 5931.36 5929.92 5927.77 5925.11 5922.5 5921.25 5921.52 5922.16 5922.93 5923.54 5924.65 5925.81 5925.08 5924.56 5924.53 5924.22 5923.62 5922.6 5921.12 5919.91 5922.36 5927.02 5932.16 5935.76 5936.07 5937.23 5937.72 5939.62 5942.04 5944.9 5947.61 5950.66 5953.96 5957.01 5960.17 5963.72 5967.02 5969.14 5970.82 5972.5 5974.28 5975.6 5977.09 5979.42 5982.26 5980.4 5981.52 5985.36 5989.33 5991.76 5993.82 5996.3 5999.01 6001.75 6003.93 6005.37 6007.06 6009.41 6012.4 6016.27 6020.8
5934.1 5929.84 5929.81 5931.5 5933.82 5938.6 5939.7 5937.48 5933.78 5929.13 5923.89 5922.66 5924.53 5925.82 5926.41 5926.07 5924.69 5921.95 5923.11 5926.22 5927.7 5928.27 5928.29 5927.93 5927.27 5926.49 5928.43 5932.46 5936.64 5938.99 5936.84 5934.28 5937.73 5941.19 5944 5946.34 5948.72 5951.07 5953.56 5956.25 5958.42 5959.87 5963.97 5966.52 5969.12 5971.41 5973.38 5975.26 5977.3 5979.82 5979.82 5977.21 5982.95 5990.01 5994.74 5994.96 5996.35 5998.47 6001.09 6004.04 6005.95 6006.15 6006.75 6007.92 6009.5 6010.92 6011.29
5942.62 5939.81 5938.71 5939.09 5942.02 5947.74 5948.77 5945.55 5940.95 5935.6 5929.82 5928.07 5929.91 5931.05 5931.47 5930.77 5928.71 5927.53 5929.11 5930.77 5932.03 5932.76 5933.39 5934.02 5934.64 5935.06 5936.41 5938.22 5939.27 5939.53 5938.74 5936.52 5940.59 5943.62 5945.98 5947.57 5949.47 5951.1 5953.09 5955.36 5957.52 5957.7 5958.09 5964.47 5967.79 5970.55 5973.01 5974.77 5976.21 5976.39 5974.41 5977.21 5984.35 5989.9 5993.41 5995.35 5997.58 5999.59 6001.65 6004.08 6005.29 6004.94 6004.8 6005.04 6005.27 6005.03 6003.46
5951.84 5951.12 5949 5946.02 5947.83 5956.31 5957.58 5953.62 5948.69 5943.77 5940.28 5938.82 5937.69 5938.07 5938.47 5938.18 5937.06 5936.66 5937.04 5937.09 5937.31 5937.82 5938.64 5939.97 5942.25 5945.47 5947.4 5944.17 5941.58 5941.3 5942.8 5946.06 5947 5947.37 5948.22 5948.61 5949.81 5950.81 5952.53 5954.61 5957.5 5962.25 5965.02 5965.2 5967.39 5970.09 5972.55 5975.09 5976.7 5977.03 5978.1 5985.97 5987.97 5989.82 5990.84 5995.56 5998.42 5999.86 6000.83 6001.96 6002.3 6002.15 6002.23 6001.88 6001.47 6000.61 6000.63
5959.83 5960.73 5958.4 5951.98 5952.29 5960.95 5963.51 5960.47 5956.07 5951.78 5948.14 5945.67 5945.58 5946.01 5946.5 5947 5947.57 5946.02 5944.55 5943.28 5942.54 5942.41 5943.07 5944.76 5947.79 5952.22 5953.56 5948.27 5942.46 5942.31 5945.56 5949.96 5950.91 5950.19 5949.8 5949.91 5949.98 5949.8 5950.99 5953.03 5955.53 5958.21 5961.45 5964.2 5966.94 5970.1 5972.98 5975.83 5978.76 5980.92 5983.01 5990.94 5991.82 5994.48 5996.49 5999.88 6001.09 6000.64 5999.45 5998.58 5998.61 5998.95 5999.09 5998.75 5997.99 5996.39 5993.11
5965 5967.17 5966.51 5960.38 5960.06 5966.69 5968.63 5965.86 5962.15 5958.67 5955.43 5952.65 5953.87 5954 5954.1 5954.59 5955.46 5953.31 5951.06 5948.72 5947.09 5946.41 5946.4 5947.35 5949.54 5954.11 5961 5948.59 5942.05 5943.02 5946.65 5950 5951.4 5951.14 5950.38 5949.99 5949.23 5949.12 5949.65 5950.19 5953.33 5957.41 5959.6 5962 5965.19 5969.22 5973.57 5977.85 5982.4 5987.04 5990.88 5985.46 5996 6002.78 6007.07 6007.45 6005.38 6002.26 5998.53 5994.92 5995.12 5995.99 5996.3 5996.1 5995.27 5993.83 5992.39
5967.03 5969.96 5971.17 5971.54 5971.12 5972.84 5972.92 5969.63 5966.5 5964.59 5963.9 5965.44 5963.18 5961.59 5960.8 5959.91 5958.84 5957.45 5955.46 5952.85 5950.77 5949.55 5948.95 5948.62 5947.99 5945.69 5936.84 5939.99 5941.88 5944.51 5947.36 5950.46 5951.95 5951.14 5950.07 5949.42 5948.62 5948.29 5947.79 5947.55 5947.69 5953.2 5954.76 5958.53 5963.24 5968.23 5973.36 5979.1 5985.36 5992.65 6000.55 6000.74 6007.1 6012.02 6015.99 6014.49 6009.62 6004.42 5999.16 5995.1 5994.4 5994.66 5994.81 5994.37 5993.5 5992.4 5991.22
5965.8 5970.26 5974.6 5975.39 5974.41 5974.12 5973.06 5970.2 5968.33 5967.77 5968.84 5970.92 5969.22 5967.72 5966.94 5965.51 5962.92 5960.94 5958.25 5955.53 5953.57 5952.34 5951.41 5950.07 5947.77 5942.56 5936.16 5939.9 5944.89 5946.27 5947.85 5949.87 5951.47 5949.8 5949.57 5948.75 5948.24 5947.81 5947.43 5946.8 5943.81 5932.8 5948.23 5955.92 5961.71 5967.22 5972.8 5979.18 5985.94 5994.21 6005.46 6020.67 6019.4 6017.35 6019.15 6017.19 6012.03 6006.27 5999.8 5995.42 5994.55 5994.53 5994.59 5994.03 5993.01 5991.44 5989.65
5961.22 5966.48 5971.88 5973.62 5971.51 5969.79 5968.66 5967.45 5967.5 5968.23 5969.34 5970.03 5970.96 5971.92 5972.39 5972.34 5970.03 5964.95 5960.47 5957.47 5955.88 5955.16 5954.47 5953.2 5951.25 5948.51 5947.04 5946.67 5947.72 5947.92 5948.05 5947.24 5944.61 5947.47 5948.24 5948.41 5948.3 5947.95 5947.63 5947.81 5950.32 5957.69 5953.09 5956.22 5960.8 5965.79 5971.26 5977.36 5983.59 5991.03 5999.54 6010.72 6013.74 6013.06 6014.91 6015.17 6012.78 6008.25 6002.28 5996.53 5995.91 5995.22 5994.66 5994.05 5992.9 5990.97 5987.2
5953.49 5957.98 5962.55 5965.57 5963.98 5961.21 5959.99 5962.47 5965.14 5967.53 5969.25 5969.53 5972.21 5975.38 5976.78 5977.32 5974.37 5967.89 5961.53 5958.13 5958.03 5958.37 5958.32 5957.79 5956.67 5955.24 5953.88 5951.93 5950.33 5949.94 5949.22 5948.23 5948.77 5947.78 5948.21 5948.65 5948.56 5948.26 5947.89 5947.78 5948.38 5949.7 5953.22 5956.07 5959.94 5964.44 5969.39 5974.04 5978.91 5984.45 5988.97 5990.73 5993.49 6002.35 6009.99 6014.06 6013.44 6010.02 6006.82 6003.04 5998.12 5996.16 5995 5994.14 5993.18 5991.66 5988.52
5944.79 5947.34 5948.82 5954.68 5954.25 5953.16 5953.58 5958.18 5962.89 5966.93 5970.51 5973.99 5977.15 5979.04 5980 5979.81 5976.73 5970.57 5963.11 5959.8 5961.48 5962.54 5963.05 5962.88 5962.53 5961.94 5961.44 5958.61 5954.81 5952.99 5951.65 5949.96 5948.38 5948.69 5949.54 5950.11 5950.24 5949.94 5949.06 5947.72 5947.17 5948.67 5952.15 5955.32 5959.01 5962.83 5966.94 5970.94 5974.82 5978.17 5979.86 5976.72 5976.33 5993.26 6007.23 6015.27 6014.16 6009.63 6004.19 6000.66 5997.24 5995.54 5994.22 5993.44 5992.75 5992.54 5992.46
