real_craters/C140-500m.grd
DSAA
181 181
-44.975 44.975
-44.975 44.975
4586.3967217496 8106.2667409998
[rows 90 to 119 of 181, columns 67 to 133 of 181]
5836.88 5659.44 5552.14 5461.25 5375.05 5288.76 5248.59 5210.7 5177.36 5157.16 5116.06 5058.39 4990.55 4908.17 4867.86 4872.53 4904.73 4971.87 5044.47 5158.92 5327.79 5482.01 5554.27 5513.51 5443.18 5366.46 5270.56 5054.39 4937.59 4790.53 4683.89 4654.96 4656.57 4672.53 4691.84 4706.16 4715.24 4741.34 4763.64 4794.43 4838.48 4911.66 5042.22 5237.2 5453.78 5665.11 5885.14 6116.83 6189.16 6183.11 6154.71 6110.92 6062.6 6028.21 6024.43 6038.03 6060.89 6073.97 6084.18 6087.73 6088 6086.57 6084.78 6083.14 6080.81 6079.69 6077.23
5791.41 5633.32 5542.45 5466.14 5403.11 5330.4 5273.34 5220.66 5181.12 5166.98 5143.51 5099.34 5052.94 4945.48 4870.77 4873.52 4910.04 4982 5062.3 5148.39 5278.71 5457.25 5519.98 5473.87 5407.67 5330.51 5220.43 5026.39 4862.17 4765.24 4698.15 4671.65 4663.97 4693.64 4721.86 4752.4 4766.83 4764.29 4787.84 4818.52 4862.83 4932.23 5054.22 5254.52 5475.73 5698.24 5919.2 6131.86 6177.58 6155.74 6130.7 6103.02 6063.2 6028.16 6021.47 6031.9 6054.2 6061.99 6069.2 6073.03 6074.73 6076.06 6077.19 6074.44 6072.67 6071.45 6069.52
5737.28 5605.21 5526.95 5465.7 5433.49 5412.2 5306.63 5236.45 5189.16 5174.06 5175.66 5130.03 5055.22 4947.26 4878.7 4875.93 4902.2 4965.12 5031.11 5124.8 5250.54 5382.17 5421.38 5379.54 5322.5 5256.82 5179.84 4982.57 4821.33 4751.1 4715.87 4698.27 4706.18 4724.21 4752.86 4782.86 4795.89 4800.27 4820.03 4851.96 4898.48 4972.49 5094.36 5287.09 5511.67 5748.66 5985.61 6138.45 6152.62 6124.63 6108.33 6091.48 6064.9 6041.94 6025.9 6027.31 6051.07 6056.72 6054.93 6058.4 6061.04 6061.92 6061.23 6063.33 6064.24 6063.14 6060.94
5716.64 5589.07 5502.49 5446.44 5397.76 5350.19 5300.13 5246.1 5202.86 5187.72 5189.68 5124.93 5005.37 4941.19 4896.71 4883.14 4894.19 4920.66 4964.66 5042.14 5140.4 5214.92 5251.85 5237.01 5195.2 5135.23 5053.65 4893.56 4775.13 4734.28 4720.02 4715.77 4727.98 4749.58 4779.46 4811.47 4825.96 4837.72 4857.73 4893.09 4944.41 5020.37 5139.13 5324.33 5549.7 5784.74 5988.34 6166.27 6139.2 6096.27 6091.59 6084.94 6071.45 6048.7 6036.99 6029.66 6040.65 6030.92 6035.68 6041.96 6047.28 6049.99 6051.41 6054.69 6056.36 6055.26 6052.88
5718.05 5593.16 5506.65 5436.12 5378.6 5330.94 5293.49 5257.74 5224.61 5198.63 5166.51 5098.02 4986.94 4936.06 4916.32 4885.35 4873.55 4871.57 4872.55 4917.02 4983.81 5041.16 5080.58 5086.94 5058.05 4998.62 4903.03 4800.97 4727.53 4716.93 4717.64 4724.39 4741.27 4766.48 4801.65 4839.25 4852.56 4869.61 4897.44 4936.74 4992.58 5069.38 5171.27 5362.69 5590.25 5823.34 6040.49 6242.02 6158.9 6083.86 6088.88 6088.72 6088.71 6084.33 6052.87 6031.16 6025.09 6008.05 6018.91 6028.45 6036.83 6044.28 6052.41 6051.75 6049.28 6047.48 6046.85
5732.01 5603.75 5515.26 5445.41 5384.62 5337.88 5302.8 5275.38 5262.69 5254.72 5196.74 5123.15 5002.86 4942.51 4916.91 4891.78 4867.74 4847.26 4827.96 4832.17 4864.31 4897.68 4941.69 4959.26 4944.83 4898.89 4831.34 4763 4721.68 4719.97 4723.98 4734.55 4747.34 4776.89 4823.49 4857.9 4881.01 4906.08 4941.23 4989.87 5048.76 5126.29 5237.13 5416.6 5644.34 5871.38 6078.97 6286.55 6182.45 6094.23 6119.07 6133.23 6108.88 6076.07 6048.2 6025.1 6010.81 6002.15 6008.08 6016.79 6026.06 6035.62 6044.88 6043.35 6041.74 6041.11 6039.55
5812.19 5661.77 5564.91 5487.05 5408.44 5361.35 5326.24 5294.45 5272.01 5278.84 5274.55 5177.95 5030.33 4963.31 4936.42 4904.8 4873.31 4846.56 4829.64 4813.91 4807.18 4808.52 4850.66 4871.04 4864.08 4833.6 4792.91 4754.35 4732 4725.71 4738.19 4761.94 4778.15 4811.2 4864.35 4912.69 4905.5 4938.74 4987.04 5047.31 5116.92 5200.19 5303.3 5475.55 5708.83 5937.07 6127.19 6278.8 6202.98 6127.57 6139.84 6150.53 6123.42 6093.09 6062.49 6019.45 5999.9 5998.62 6002.6 6009.72 6017.69 6024.68 6026.58 6030.82 6034.1 6033.44 6032.75
5936.66 5780.92 5671.84 5579.32 5483.9 5425.67 5372.79 5318.37 5261.63 5211.24 5242.77 5157.77 5026.03 4982.69 4951.45 4915.99 4882.85 4855.11 4831.46 4813.14 4797.21 4794.3 4811.82 4825.06 4819.85 4795.7 4766.22 4746.77 4729.01 4723.18 4759.05 4812.83 4864.63 4904.99 4920.62 4922.89 4927.43 4975.99 5040.23 5115 5195.75 5287.07 5398.37 5566.18 5788.91 6013.07 6202.82 6298 6213.65 6155.78 6138.2 6133.9 6124.6 6113.47 6082.86 6032.08 5994.69 5994 5997.63 6002.86 6010.3 6018.21 6025.14 6028.47 6027.7 6025.55 6023.9
6082.37 5915.93 5813.61 5719.68 5626.64 5536.73 5450.23 5367.57 5280.39 5203.12 5177.1 5112.22 5048.73 5002.66 4961.32 4922.12 4896.7 4867.98 4835.25 4814.01 4799.4 4794.03 4803.83 4811.54 4807.99 4792.52 4772.66 4748.86 4725.62 4725.68 4787.72 4878.34 4966.35 5018.1 4989.86 4960.49 4971.78 5031.68 5105.73 5193.57 5287.79 5392.29 5507.88 5665.28 5881.94 6085.98 6240.18 6250.86 6177.06 6130.41 6110.8 6111.72 6113.54 6114.19 6096.57 6041.23 5994.95 5989.12 5993.34 5998.52 6004.37 6012.85 6023.63 6028.31 6021.01 6017.12 6014.05
6256.66 6106.4 5989.87 5879.16 5765.98 5661.69 5554.24 5444.49 5335.05 5234.91 5182.08 5136.65 5083.13 5036.09 4987.46 4947.96 4921.5 4895.39 4854.95 4823.74 4809.52 4804.1 4810.76 4815.24 4814.29 4805.72 4792.28 4770.73 4747.58 4746.48 4836.38 4949.37 5056.65 5133.38 5049.15 5001.86 5031.12 5097.54 5181.91 5276.01 5382.82 5501.76 5645.07 5819.82 5974.15 6139.07 6265.11 6184.23 6126.64 6086.81 6072.92 6083.63 6097.62 6101.34 6085.04 6044.71 6004.57 5992.24 5990.95 5994.59 5999.9 6005.82 6010.79 6010.05 6011.02 6009.4 6006.66
6406.12 6295.71 6175.36 6052.75 5925.22 5802.2 5672.68 5542.45 5418.36 5299.47 5217.47 5174.1 5139.82 5110.06 5038.78 4986.19 4952.13 4915.03 4880.12 4849.34 4834.25 4827.37 4829.95 4834.84 4836.71 4837.39 4832.2 4821.58 4812.2 4835.39 4928.13 5025.38 5102.97 5122.96 5074.28 5057.19 5103.54 5172.01 5257.81 5360.38 5472.77 5596.98 5734.47 5871.19 6015.52 6153.44 6254.07 6156.33 6101.92 6086.54 6074.4 6079.55 6088.17 6086.99 6067.25 6051.97 6028.72 5992.91 5988.01 5991.65 5996.33 5999.85 6000.89 6001.14 6002.61 6003.08 6002.33
6463.82 6431.23 6320.05 6225.16 6106.41 5952.26 5795.31 5646.67 5510.65 5396.24 5291.18 5220.88 5177.77 5136.32 5082.81 5035.89 4987.36 4947.02 4904.27 4875.5 4861 4854.82 4857.8 4863.37 4869.79 4883.72 4890.29 4899.01 4915.77 4970.62 5054.47 5111.33 5147.67 5149.34 5127.52 5136.03 5188.93 5249.33 5340.56 5446.26 5559.1 5678.15 5796.06 5907.87 6031.09 6131.8 6183.87 6126.49 6094.04 6085.43 6084.95 6084.5 6088.93 6090.62 6083.65 6045.37 6025.38 5993.19 5987.85 5990.06 5993.2 5996.51 5997.3 5996.86 5999.06 6000.47 6000.78
6361.63 6384.96 6380.87 6356.86 6250.83 6076.65 5900.49 5736.35 5590.44 5453.45 5355.24 5276.7 5209.83 5165.57 5104.24 5056.05 5016.4 4976.32 4939.29 4916.3 4887.81 4885.98 4894.59 4901.04 4908.74 4926.54 4958.87 4996.15 5037.19 5134.03 5192.29 5200.06 5212.32 5232.16 5216.85 5188.62 5226.74 5318.87 5418.09 5525.59 5641.57 5755.77 5864.26 5961.54 6051.3 6114.86 6133.51 6117.28 6104.36 6101.89 6092.78 6086.35 6088.4 6093.55 6094.27 6042.36 6001.05 5991.38 5990.64 5991.64 5993.71 5996.33 5998.1 6001.21 6000.63 6001.74 6001.46
6222.83 6290.15 6379.28 6438.02 6341.55 6155.47 5975.59 5808.72 5653 5519.24 5403.48 5315.07 5246.99 5190.85 5137.07 5091.07 5046.82 5004.17 4973.72 4943.67 4925.63 4938.01 4951.87 4958.1 4957.92 4978.78 5038.74 5107.8 5182.69 5272.11 5280.64 5257.78 5253.98 5256.21 5262.61 5258.28 5301.57 5393.69 5497.94 5610.06 5727.91 5836.73 5941.91 6014.23 6087.23 6128.73 6133.99 6136.34 6122.49 6100.7 6082.98 6080.52 6081.71 6083.01 6079.18 6034.99 5997.31 5994.33 5993.01 5994.6 5998.64 6001.12 6002.57 6001.24 6004 6006.69 6005.92
6162.92 6237.53 6326.06 6390.62 6323.76 6178.48 6022.6 5866.02 5706.91 5553.46 5449.94 5358.06 5291.9 5232.76 5179.71 5140.54 5095.69 5052.59 5014.14 5004 5005.08 5023.8 5037.4 5043.91 5037.46 5054.1 5133.61 5216.25 5309.18 5355.02 5285.9 5278.32 5281.67 5282.21 5301.44 5314.61 5382.56 5479.55 5590.73 5700.18 5812.39 5919.25 6028.66 6131.01 6180.89 6163.77 6138.57 6134.95 6118.38 6090.96 6072.94 6074.05 6072.83 6065.51 6047.16 6018.39 6006.58 5996.6 5997.56 6001.91 6005.26 6008.4 6011.5 6014.87 6017.19 6016.51 6014.94
6141.65 6200.71 6252.15 6256.29 6242.3 6166.31 6056.07 5924.27 5772.83 5620.37 5517.84 5418.59 5356.82 5287.23 5243.81 5203.32 5170.44 5140.91 5112.11 5122 5129.21 5140.38 5148.93 5158.26 5175.23 5198.82 5241.8 5301.71 5354.38 5346.76 5296.91 5307.9 5319.85 5329.58 5356.87 5403.1 5485.13 5583.74 5683.09 5780.82 5884.61 5988.98 6095.83 6206.46 6246.3 6188.52 6141.76 6123.6 6104.19 6083.12 6075.84 6074.16 6067.99 6054.26 6033.9 6015.94 6016.98 6017.17 6010.28 6011.18 6014.31 6017.83 6022.12 6028.81 6030.72 6027.36 6027.45
6152.25 6183.96 6208.57 6209.51 6201.54 6161.01 6087.67 5992.28 5868.53 5727.66 5600.7 5543.55 5459.01 5381.51 5338.43 5293.44 5281.38 5251.95 5227.77 5235.78 5261.59 5268.56 5272.87 5282.49 5306.42 5324.2 5339.66 5372.19 5404.48 5381.18 5361.49 5370.71 5387.39 5405.29 5462.02 5534.53 5616.81 5697.97 5781.3 5874.96 5957.39 6044.46 6126.53 6199.12 6218.13 6177.15 6139.08 6112.57 6091.44 6073.59 6082.19 6081.29 6067.61 6048.95 6028.61 6013.25 6015.86 6018.25 6018.06 6018.72 6021.98 6025.38 6029.48 6032.51 6033.01 6034.43 6033.3
6164.57 6183.06 6193.28 6196.15 6188.41 6164.59 6128.04 6070.54 5993.3 5885.5 5748.26 5653.54 5592.88 5531.81 5460.35 5420.91 5424.47 5357.34 5302.45 5360.05 5401.63 5396.38 5398.71 5400.32 5400.61 5416.12 5425.58 5427.32 5436.96 5441.58 5446.84 5465.78 5489.54 5520.92 5602.05 5686.33 5772.15 5842.91 5907.62 5973.32 6032.1 6087.11 6138.02 6172.88 6174.29 6146.79 6118.95 6098.58 6080.17 6071.48 6092.87 6090.32 6068.97 6047.11 6027.6 6012.97 6011.27 6017.49 6022.51 6023.93 6027.29 6030.82 6035.35 6039.66 6043.4 6040.73 6036.89
6183.73 6189.92 6191.72 6188.44 6188.68 6178.46 6163.32 6151.37 6129.09 6071.4 5959.37 5827.35 5775.95 5711.51 5611.87 5589.38 5586.39 5497.16 5446.55 5505.62 5508.82 5524.22 5535.08 5536.72 5532.1 5541.65 5540.54 5515.11 5517.11 5566.43 5588.03 5603.96 5630.01 5677.88 5789.02 5882.14 5939.02 5984.05 6018.88 6055.97 6091.16 6119.41 6144.6 6155.94 6148.99 6124.91 6103.01 6088.01 6072.51 6065.92 6096.31 6089.64 6064.72 6042.52 6024.62 6011.18 6007.59 6012.02 6022.03 6027.53 6031.08 6033.79 6037.8 6043.36 6050.11 6044.31 6041.96
6198.96 6197.38 6200.89 6198.94 6192.17 6184.92 6185.71 6208.31 6265.08 6259.92 6168.48 6083.1 5998.99 5932.84 5837.12 5800.12 5741.42 5668.06 5632.12 5646.19 5645.12 5671.09 5693.45 5700.61 5692.31 5711.37 5711.96 5696.35 5710.47 5754.83 5768.58 5778.68 5802.43 5838.35 5984.36 6083.08 6102.11 6108.87 6111.32 6123.33 6130.82 6140.18 6146.79 6145.16 6140.57 6106.68 6090.11 6083.36 6079.31 6069.83 6072.03 6067.98 6053.16 6034.08 6015.16 6004.5 6004.06 6008.11 6023.04 6029.97 6033.51 6036.44 6038.24 6038.13 6033.46 6040.16 6047.42
6175.16 6191.36 6208.63 6203.05 6191.3 6182.23 6184.68 6207.69 6255.81 6332.67 6341.67 6270.05 6195.27 6131.33 6104.3 6038.86 5912.57 5808.05 5784.36 5794.17 5808.99 5846.7 5874.66 5893.85 5910.2 5919.49 5931.75 5937.66 5960.01 5991.13 5998.17 5992.67 6008.01 6040.74 6185.18 6261.33 6235.76 6204.37 6174.83 6160.35 6153.19 6144.77 6141.78 6131.33 6114.05 6094.35 6081.81 6078.91 6080.81 6064.17 6055.61 6048.64 6040.23 6026.06 6010.9 6001.36 6002.71 6010.65 6026.11 6031.76 6034.89 6037.94 6039.23 6039.07 6042.4 6045.79 6051.08
6160.81 6173.25 6189.07 6185.77 6174.84 6165.6 6163.44 6169.1 6198.32 6306.9 6414.29 6409.17 6363.76 6330.73 6336.13 6266.51 6128.84 5988.05 5967.91 5980.02 6015.86 6046.47 6071.16 6092.24 6107.48 6126.75 6159.16 6196.72 6215.86 6243.34 6254.67 6219.21 6220.76 6248.14 6362.14 6386.46 6324.12 6267.69 6214.49 6189.51 6169.86 6149.1 6131.82 6119.26 6104.92 6083.99 6074.47 6069.56 6062.7 6054.93 6048.36 6041.8 6033.48 6022.27 6010.09 6005.11 6005.23 6009.32 6022.64 6030.61 6034.57 6038.01 6041.21 6045.38 6052.51 6055.19 6054.85
6151.48 6151.13 6146.36 6150.8 6148.23 6139.23 6132.6 6129.65 6151.9 6232.92 6296.73 6391.76 6429.78 6438.03 6436.85 6431.99 6332.77 6210.79 6195.18 6208.89 6233.6 6244.51 6254.63 6278.89 6290.87 6294.26 6332.42 6397.48 6394.79 6417.28 6465.02 6414.24 6370.07 6397.66 6408.62 6419.88 6347.52 6285.9 6228.42 6192.34 6153.68 6140.42 6119.81 6105.13 6092.53 6076.93 6067.14 6060.94 6055.56 6049.38 6044.54 6042.05 6030.07 6021.6 6016.3 6010.18 6008.62 6010.31 6018.54 6027.82 6033.33 6037.47 6041.83 6047.32 6053.07 6058.31 6062.15
6142.38 6140.24 6135.14 6132.8 6126.12 6114.57 6101.54 6090.74 6098.63 6135.38 6215.06 6342.75 6442.85 6460.7 6424.15 6436.84 6443.27 6419.68 6403.9 6421.61 6412.37 6393.47 6379.09 6407.32 6409.45 6383.1 6393.51 6427.75 6428.72 6433.61 6427.46 6407.06 6357.28 6347.52 6347.76 6335.75 6299.2 6255.23 6205.01 6177.19 6144.57 6125.15 6105.68 6087.51 6071.69 6061.19 6053.67 6050.81 6050.99 6043.31 6035.15 6027.39 6025.35 6020.93 6016 6011.17 6008.53 6010.87 6016.63 6026.15 6031.72 6035.12 6039.65 6044.74 6051.59 6058.16 6064.41
6152.26 6141.83 6138.66 6127.89 6115.11 6099.29 6082.94 6066.4 6057.43 6068.83 6132.96 6265.21 6392.67 6463.44 6413.99 6367.05 6409.68 6425.93 6491.78 6537.99 6474.53 6429.78 6400.15 6416.7 6408.98 6380.97 6372.47 6375.33 6375.06 6369.59 6366.58 6272.23 6251.07 6249.59 6262.01 6248.58 6225.76 6201.97 6179.21 6155.6 6131.05 6110.56 6089.75 6069.29 6047.76 6031.79 6034.64 6036.05 6037.47 6027.44 6026.87 6027.59 6024.83 6018.43 6011.7 6012.13 6012.27 6015.11 6023.92 6028.92 6029.37 6031.78 6035.27 6039.45 6042.25 6045.11 6050.84
6128.41 6133.16 6140.87 6122.89 6106.85 6091.39 6075.8 6062.8 6058.57 6063.53 6104.03 6206.24 6317.29 6443.02 6387.04 6336.24 6344.61 6366.89 6416.78 6434.12 6394.76 6347.2 6336.05 6315.38 6333.21 6329.09 6311.59 6301.07 6295.99 6270.46 6208.22 6165.79 6154.31 6152.57 6149.4 6138.4 6149.11 6150.42 6143.51 6129.12 6112.15 6094 6074.5 6054.65 6034.28 6020.05 6020.9 6021.26 6015.8 6015.31 6020.12 6027.63 6022.27 6016 6013.07 6014.31 6019.03 6017.27 6018.51 6022.62 6023.06 6025.75 6029.88 6033.89 6037.07 6039.77 6045.07
6098.36 6107.45 6114.22 6108.43 6098 6086.57 6074.19 6060.01 6059.46 6069.62 6093.42 6148.14 6215.19 6299.98 6312.58 6292.57 6306.52 6342.81 6327.49 6323.47 6307.53 6276.17 6282.7 6262.93 6279.54 6283.36 6260.03 6238.2 6230.65 6198.07 6142.77 6115.04 6098.64 6087.57 6081.58 6081.5 6093.69 6105.2 6108.86 6103.94 6092.94 6078.25 6061.22 6043.55 6029.86 6020.21 6015.93 6014.16 6013.25 6008.52 6009.84 6013.81 6013.77 6011.5 6011.1 6014.77 6018.08 6015.63 6011.39 6010.71 6013.2 6017.54 6023.11 6028.69 6035 6044.39 6038.81
6056.84 6077.4 6092.77 6091.44 6087.16 6083.06 6079.36 6078.46 6076.21 6076.94 6086.96 6106.54 6124.63 6159.99 6193.02 6208.64 6221.14 6242.12 6248.03 6253.72 6262.19 6280.46 6278.32 6280.13 6272.84 6265.72 6251.89 6227.4 6199.86 6167.71 6131.61 6105 6083.57 6065.88 6056.57 6060.49 6066.69 6074.88 6077.84 6078.97 6072.78 6062.6 6049.53 6033.43 6017.45 6012.38 6010.6 6010.69 6008.9 5999.8 6000.78 6005.74 6006.68 6003.03 6004.05 6011.32 6018.4 6013.75 6005.1 5997.53 6004.68 6010.64 6016.66 6022.41 6027.84 6028.96 6025
6042.77 6073.83 6069.73 6071.99 6075.97 6080.08 6085.21 6090.72 6094.55 6092.29 6094.99 6098.6 6094.16 6104.15 6114.82 6127.6 6141.7 6151.27 6164.1 6190.29 6216.66 6243.02 6267.6 6283.5 6269.8 6255.59 6246.32 6218.54 6182.93 6153.05 6127.73 6107.95 6089.21 6066.1 6050.18 6047.23 6051.11 6057.88 6062.18 6062.62 6059.09 6053.07 6044.14 6031.7 6009.93 6007.69 6006.91 6009.28 6008.28 5998.99 5998.82 6004.01 6003.96 5999.14 5999.34 6005.09 6011.35 6010.2 6004.03 5999.66 6000.47 6005.95 6010.99 6016.36 6020.91 6023.24 6029.13
6035.44 6029.65 6036.88 6052.59 6065.48 6076.01 6087.81 6098.82 6111.68 6124.17 6117.95 6111.95 6104.94 6112.48 6122.75 6125.55 6132.5 6127.36 6128.09 6151.28 6176.02 6195.28 6238.56 6266.89 6248.09 6231.06 6218.78 6192.33 6164.29 6138.44 6115.24 6098.49 6089.8 6059.66 6044.64 6044.19 6046.69 6049.97 6053.63 6054.14 6053.15 6050.08 6045.85 6041.05 6035.31 6015.17 6006.53 6008.48 6008.96 6004.23 6003.06 6004.8 6003.81 5994.46 5992.91 5997.18 6002.5 6004.07 6003.66 5996.3 5997.66 6002.95 6007.8 6012.6 6017.31 6021.87 6027.55
