real_craters/C140-750m.grd
DSAA
121 121
-44.975 44.975
-44.975 44.975
4598.4338672638 8100.9419957239
[rows 0 to 37 of 121, columns 0 to 83 of 121]
5595 5605 5616 5636 5645 5657 5674 5689 5709 5727 5745 5751 5766 5780 5782 5785 5790 5793 5791 5781 5768 5767 5783 5812 5823 5822 5821 5817 5814 5812 5811 5809 5807 5800 5790 5756 5746 5742 5742 5744 5750 5758 5774 5779 5783 5788 5788 5789 5788 5786 5786 5785 5784 5805 5830 5796 5769 5765 5751 5744 5744 5746 5746 5744 5732 5716 5718 5721 5724 5722 5719 5737 5750 5757 5774 5773 5781 5748 5747 5749 5754 5759 5761 5771
5597 5607 5616 5622 5638 5657 5675 5691 5709 5726 5740 5748 5768 5786 5784 5784 5781 5778 5806 5781 5752 5759 5778 5793 5809 5820 5828 5833 5831 5827 5826 5826 5824 5819 5814 5792 5762 5749 5745 5748 5754 5761 5768 5779 5781 5789 5794 5797 5798 5799 5800 5802 5803 5819 5831 5802 5799 5789 5775 5758 5752 5756 5764 5769 5751 5736 5718 5719 5721 5719 5710 5722 5740 5745 5758 5767 5764 5786 5762 5763 5770 5776 5781 5789
5604 5605 5610 5617 5645 5663 5678 5696 5709 5723 5733 5744 5760 5770 5773 5778 5782 5785 5790 5781 5768 5760 5765 5783 5801 5813 5828 5843 5840 5834 5833 5835 5837 5837 5828 5815 5793 5761 5753 5758 5762 5765 5766 5768 5778 5792 5802 5805 5805 5810 5811 5823 5839 5845 5838 5831 5834 5822 5806 5791 5781 5774 5781 5782 5766 5743 5734 5730 5729 5733 5721 5707 5705 5736 5779 5775 5780 5827 5784 5789 5796 5800 5802 5802
5619 5615 5607 5627 5641 5660 5675 5692 5707 5721 5737 5746 5747 5753 5759 5767 5781 5806 5791 5777 5764 5753 5754 5767 5783 5799 5813 5817 5830 5832 5835 5840 5847 5855 5864 5845 5826 5790 5776 5774 5775 5775 5773 5775 5783 5797 5810 5811 5803 5791 5814 5837 5859 5862 5857 5857 5854 5853 5848 5831 5809 5802 5800 5798 5787 5760 5751 5745 5740 5722 5711 5699 5704 5758 5808 5799 5793 5832 5840 5829 5825 5825 5825 5825
5636 5625 5602 5613 5643 5655 5670 5684 5700 5714 5728 5733 5731 5734 5740 5748 5757 5770 5777 5772 5761 5746 5738 5754 5771 5784 5796 5806 5816 5825 5833 5840 5850 5863 5883 5886 5853 5825 5806 5796 5792 5790 5790 5795 5795 5804 5813 5817 5812 5810 5824 5846 5859 5866 5868 5869 5875 5875 5876 5868 5834 5820 5818 5815 5804 5772 5759 5751 5736 5718 5710 5707 5730 5793 5830 5826 5825 5838 5853 5853 5847 5846 5847 5841
5655 5644 5631 5630 5643 5657 5672 5683 5694 5704 5713 5714 5716 5720 5723 5728 5731 5739 5764 5768 5760 5745 5736 5749 5763 5773 5780 5790 5805 5816 5825 5833 5843 5855 5874 5880 5879 5852 5831 5819 5812 5808 5805 5807 5808 5817 5826 5831 5826 5819 5832 5856 5873 5872 5871 5877 5879 5877 5878 5874 5868 5843 5835 5828 5813 5779 5771 5763 5738 5743 5735 5734 5769 5821 5838 5846 5844 5855 5862 5859 5856 5858 5865 5872
5673 5677 5647 5646 5662 5664 5663 5676 5687 5694 5696 5690 5692 5698 5707 5712 5717 5722 5743 5754 5753 5752 5751 5753 5759 5766 5774 5783 5797 5809 5818 5825 5831 5834 5841 5861 5868 5861 5849 5839 5832 5828 5826 5836 5829 5837 5851 5855 5842 5830 5839 5867 5880 5877 5867 5856 5879 5869 5868 5861 5863 5854 5851 5844 5829 5824 5802 5791 5786 5771 5751 5745 5781 5828 5867 5922 5901 5897 5886 5871 5854 5856 5868 5884
5680 5671 5659 5663 5675 5674 5675 5677 5684 5687 5688 5686 5679 5689 5698 5706 5712 5718 5729 5743 5754 5759 5767 5759 5753 5762 5780 5791 5797 5805 5812 5818 5823 5830 5843 5861 5870 5870 5864 5856 5849 5844 5843 5847 5833 5852 5868 5878 5858 5843 5847 5867 5875 5881 5864 5852 5869 5863 5860 5855 5845 5852 5852 5855 5841 5826 5824 5812 5806 5781 5755 5752 5781 5827 5874 5993 6025 5966 5897 5847 5841 5843 5853 5862
5687 5679 5675 5678 5686 5681 5675 5680 5683 5684 5685 5681 5679 5688 5696 5703 5711 5726 5741 5752 5764 5787 5772 5764 5764 5769 5773 5786 5796 5805 5812 5818 5822 5829 5849 5875 5887 5883 5878 5869 5861 5855 5853 5858 5864 5872 5879 5881 5866 5854 5849 5867 5873 5877 5864 5861 5868 5862 5858 5852 5852 5852 5857 5860 5844 5817 5822 5819 5815 5807 5776 5761 5788 5823 5844 5984 6067 5981 5892 5833 5827 5829 5831 5831
5696 5690 5685 5683 5685 5686 5686 5687 5689 5688 5686 5683 5688 5696 5701 5705 5710 5731 5749 5749 5759 5762 5765 5763 5764 5766 5773 5785 5796 5807 5815 5822 5826 5828 5854 5889 5909 5905 5891 5879 5871 5864 5861 5868 5887 5891 5897 5872 5872 5875 5883 5871 5872 5874 5858 5851 5862 5855 5856 5848 5850 5851 5854 5856 5847 5825 5825 5822 5820 5815 5808 5791 5812 5841 5859 5882 5927 5928 5879 5835 5822 5820 5817 5811
5704 5709 5709 5698 5696 5697 5697 5699 5699 5695 5691 5687 5692 5702 5706 5711 5722 5738 5753 5756 5759 5755 5760 5761 5756 5758 5770 5787 5798 5812 5824 5836 5843 5845 5866 5891 5910 5912 5900 5889 5879 5871 5871 5881 5895 5896 5882 5883 5884 5886 5887 5870 5867 5869 5859 5853 5855 5856 5852 5848 5846 5849 5855 5855 5855 5846 5828 5827 5834 5831 5829 5849 5846 5860 5870 5895 5898 5891 5867 5840 5828 5821 5816 5814
5710 5720 5726 5724 5713 5715 5717 5717 5715 5710 5703 5696 5697 5704 5711 5718 5727 5743 5757 5765 5766 5768 5769 5767 5764 5770 5786 5795 5807 5824 5839 5854 5867 5875 5882 5887 5894 5905 5906 5899 5890 5879 5875 5889 5900 5902 5895 5892 5885 5883 5891 5880 5872 5866 5859 5857 5857 5846 5837 5844 5844 5846 5844 5845 5865 5855 5813 5829 5847 5848 5851 5865 5861 5848 5862 5891 5882 5871 5861 5853 5839 5824 5813 5808
5713 5724 5737 5742 5748 5750 5746 5739 5732 5726 5719 5717 5703 5709 5716 5725 5733 5746 5757 5764 5773 5780 5782 5779 5778 5774 5790 5800 5817 5833 5852 5870 5890 5908 5900 5890 5892 5911 5911 5906 5899 5894 5891 5899 5906 5902 5894 5881 5870 5871 5870 5873 5864 5858 5853 5855 5862 5859 5849 5851 5854 5849 5846 5846 5862 5866 5836 5831 5844 5860 5871 5882 5875 5868 5855 5837 5856 5864 5861 5851 5838 5826 5815 5809
5713 5725 5736 5750 5763 5774 5769 5756 5747 5741 5735 5728 5708 5711 5719 5736 5749 5750 5755 5772 5781 5783 5786 5791 5798 5807 5783 5807 5826 5840 5858 5880 5903 5915 5912 5910 5911 5920 5916 5913 5909 5906 5905 5901 5900 5897 5891 5879 5863 5864 5864 5862 5856 5856 5857 5859 5864 5864 5856 5857 5861 5857 5854 5863 5868 5863 5839 5831 5837 5851 5879 5891 5889 5884 5878 5866 5874 5872 5865 5851 5839 5829 5818 5816
5716 5734 5742 5756 5767 5775 5773 5766 5759 5753 5747 5737 5737 5727 5729 5740 5749 5750 5752 5767 5778 5781 5788 5802 5816 5819 5822 5824 5834 5847 5862 5882 5903 5918 5910 5920 5935 5937 5924 5914 5909 5907 5903 5895 5885 5880 5882 5877 5865 5865 5866 5868 5876 5866 5864 5866 5872 5870 5860 5863 5862 5864 5858 5854 5868 5866 5852 5847 5847 5868 5885 5897 5897 5891 5882 5877 5892 5885 5873 5858 5844 5834 5825 5827
5725 5744 5755 5764 5766 5773 5773 5770 5765 5761 5761 5752 5737 5740 5738 5737 5743 5751 5755 5762 5770 5778 5786 5810 5833 5856 5851 5844 5844 5853 5862 5873 5882 5887 5887 5885 5895 5920 5914 5907 5905 5904 5901 5894 5882 5874 5874 5877 5873 5864 5867 5872 5880 5868 5862 5868 5876 5876 5868 5872 5870 5869 5859 5856 5871 5875 5875 5877 5882 5882 5891 5901 5903 5902 5902 5890 5914 5904 5886 5864 5848 5841 5840 5842
5737 5743 5764 5770 5767 5766 5771 5771 5769 5765 5756 5756 5754 5747 5746 5747 5752 5760 5765 5767 5768 5781 5800 5815 5838 5864 5857 5851 5852 5855 5859 5865 5872 5871 5864 5856 5860 5866 5881 5893 5898 5896 5899 5897 5892 5867 5865 5864 5851 5851 5853 5858 5863 5862 5861 5871 5880 5876 5875 5880 5880 5871 5865 5866 5876 5879 5882 5883 5884 5887 5896 5906 5913 5918 5919 5926 5933 5919 5897 5873 5853 5852 5855 5854
5748 5752 5755 5757 5764 5768 5770 5772 5773 5772 5774 5772 5770 5768 5770 5768 5771 5776 5782 5783 5775 5784 5792 5811 5828 5834 5842 5852 5859 5862 5862 5858 5850 5849 5850 5866 5863 5871 5870 5888 5898 5898 5904 5904 5895 5875 5859 5843 5834 5833 5841 5850 5856 5858 5860 5874 5886 5894 5884 5893 5891 5885 5888 5894 5877 5885 5889 5888 5892 5902 5908 5915 5922 5932 5945 5941 5949 5929 5906 5886 5876 5863 5857 5862
5759 5758 5752 5752 5761 5770 5774 5776 5777 5778 5783 5787 5792 5793 5797 5784 5787 5792 5799 5804 5797 5795 5803 5814 5825 5837 5847 5855 5861 5863 5863 5860 5854 5847 5840 5833 5856 5868 5870 5895 5911 5922 5917 5912 5905 5887 5858 5835 5820 5821 5824 5831 5856 5866 5873 5878 5888 5901 5908 5908 5897 5902 5911 5913 5902 5897 5901 5909 5908 5913 5924 5918 5927 5941 5946 5939 5945 5929 5907 5886 5876 5867 5867 5868
5782 5762 5758 5756 5765 5773 5777 5779 5781 5783 5785 5793 5802 5804 5806 5803 5800 5803 5810 5816 5807 5804 5810 5818 5829 5841 5854 5860 5865 5870 5869 5865 5857 5855 5848 5848 5857 5871 5905 5917 5924 5927 5924 5917 5906 5884 5856 5836 5823 5819 5818 5818 5843 5864 5873 5877 5884 5894 5896 5914 5909 5909 5918 5912 5910 5907 5909 5912 5916 5917 5921 5921 5933 5943 5944 5937 5936 5925 5904 5881 5856 5867 5879 5873
5795 5779 5764 5761 5767 5778 5783 5785 5786 5789 5793 5799 5806 5810 5807 5805 5805 5809 5814 5816 5813 5812 5816 5822 5830 5843 5853 5862 5870 5875 5880 5881 5877 5879 5876 5874 5879 5876 5932 5942 5938 5927 5928 5918 5905 5882 5856 5841 5828 5820 5820 5835 5844 5847 5863 5875 5881 5886 5903 5902 5906 5914 5905 5930 5915 5911 5911 5914 5923 5929 5929 5937 5945 5946 5938 5932 5931 5916 5899 5883 5877 5882 5883 5876
5801 5791 5767 5764 5769 5780 5788 5791 5792 5791 5795 5803 5807 5808 5804 5798 5804 5811 5818 5820 5822 5826 5827 5828 5828 5836 5857 5863 5869 5877 5886 5899 5912 5914 5913 5922 5938 5946 5969 5967 5967 5959 5939 5924 5905 5882 5861 5847 5834 5830 5826 5830 5848 5858 5864 5875 5884 5895 5900 5893 5896 5900 5910 5919 5918 5914 5912 5910 5935 5939 5930 5941 5947 5946 5936 5929 5920 5909 5893 5884 5883 5892 5886 5871
5810 5798 5784 5773 5774 5786 5798 5801 5799 5797 5802 5809 5816 5817 5803 5799 5803 5810 5821 5829 5832 5835 5839 5840 5834 5840 5855 5864 5871 5879 5891 5905 5921 5942 5975 5987 6001 6041 6012 5978 5964 5958 5947 5931 5913 5893 5876 5857 5843 5838 5836 5846 5855 5860 5866 5876 5886 5892 5894 5892 5894 5903 5923 5924 5920 5918 5919 5935 5941 5940 5944 5938 5938 5945 5938 5930 5918 5892 5886 5881 5874 5878 5877 5863
5811 5795 5783 5785 5789 5804 5814 5815 5813 5801 5806 5819 5826 5823 5807 5798 5803 5812 5823 5837 5841 5841 5843 5839 5838 5842 5848 5862 5870 5879 5891 5908 5925 5945 5974 5995 6014 6040 6003 5966 5961 5957 5949 5939 5928 5908 5888 5872 5854 5841 5849 5848 5848 5853 5867 5876 5886 5893 5911 5927 5933 5921 5921 5922 5920 5921 5924 5919 5945 5938 5936 5933 5930 5938 5931 5930 5895 5883 5887 5881 5872 5871 5868 5855
5804 5797 5792 5795 5801 5818 5828 5830 5832 5836 5835 5836 5837 5836 5812 5798 5806 5814 5822 5835 5845 5840 5846 5852 5839 5842 5852 5859 5868 5878 5886 5897 5914 5933 5944 5970 5989 5995 5966 5957 5961 5959 5955 5951 5948 5945 5920 5894 5878 5858 5854 5854 5855 5865 5872 5881 5885 5897 5918 5932 5925 5929 5920 5911 5917 5923 5932 5940 5937 5947 5939 5937 5943 5929 5926 5909 5889 5903 5897 5892 5889 5884 5873 5853
5811 5807 5805 5808 5817 5827 5834 5840 5845 5851 5848 5845 5844 5838 5825 5816 5816 5819 5821 5821 5833 5838 5846 5856 5844 5846 5850 5860 5870 5878 5885 5893 5909 5925 5938 5951 5960 5959 5964 5981 5971 5963 5963 5965 5965 5958 5933 5913 5895 5878 5868 5869 5883 5874 5886 5893 5900 5905 5915 5924 5923 5922 5918 5916 5920 5926 5931 5930 5923 5931 5921 5915 5924 5911 5901 5889 5894 5909 5906 5906 5913 5917 5905 5879
5810 5811 5817 5827 5837 5838 5843 5848 5853 5856 5853 5848 5844 5842 5844 5837 5830 5827 5826 5828 5829 5835 5847 5860 5855 5854 5859 5867 5873 5880 5886 5895 5909 5925 5939 5939 5940 5937 5951 5988 5965 5966 5970 5974 5975 5974 5959 5936 5918 5901 5890 5893 5904 5904 5904 5909 5920 5924 5926 5946 5942 5929 5927 5924 5928 5931 5932 5930 5926 5912 5911 5916 5902 5892 5886 5893 5900 5907 5914 5920 5921 5923 5978 6002
5811 5820 5825 5835 5843 5847 5853 5850 5855 5858 5852 5845 5839 5831 5820 5839 5840 5834 5829 5829 5834 5841 5849 5851 5858 5859 5864 5871 5877 5883 5890 5900 5912 5926 5934 5931 5927 5925 5942 5981 5967 5972 5976 5980 5986 5991 5980 5957 5943 5927 5926 5923 5918 5915 5916 5921 5931 5941 5950 5954 5957 5944 5936 5938 5936 5939 5940 5934 5925 5927 5911 5901 5885 5890 5895 5899 5905 5914 5923 5942 5970 6010 6095 6184
5811 5823 5826 5834 5847 5846 5839 5845 5851 5851 5846 5840 5834 5824 5826 5846 5843 5839 5835 5834 5836 5849 5853 5857 5857 5859 5865 5871 5881 5888 5894 5899 5913 5926 5932 5926 5918 5916 5928 5991 5981 5981 5984 5988 5991 5997 6010 5986 5973 5959 5954 5951 5935 5928 5925 5924 5927 5939 5963 5971 5966 5954 5941 5934 5940 5946 5951 5941 5922 5912 5898 5883 5897 5906 5912 5909 5917 5927 5924 5951 6004 6090 6144 6164
5819 5820 5826 5833 5846 5846 5843 5840 5841 5842 5837 5834 5830 5828 5833 5830 5838 5842 5844 5843 5843 5850 5857 5862 5859 5858 5865 5881 5886 5892 5900 5909 5913 5922 5927 5922 5918 5918 5931 6001 5992 5988 5989 5993 5995 5992 5969 5997 5991 5978 5966 5975 5971 5955 5942 5929 5926 5969 5990 5995 5982 5957 5935 5938 5944 5950 5952 5942 5922 5906 5897 5880 5893 5909 5909 5908 5914 5925 5926 5940 5969 6038 6064 6014
5829 5829 5829 5829 5842 5847 5842 5835 5825 5824 5827 5828 5827 5829 5831 5838 5844 5846 5848 5848 5847 5850 5858 5866 5862 5853 5860 5875 5889 5896 5898 5902 5910 5915 5918 5919 5918 5919 5926 5944 5974 5982 5988 5994 6002 6012 6023 6005 6003 6003 5994 6009 6022 5989 5965 5947 5938 5979 5999 6001 5989 5963 5947 5944 5946 5950 5954 5948 5937 5926 5914 5906 5903 5883 5895 5902 5909 5924 5930 5920 5915 5944 5948 5943
5838 5836 5835 5841 5854 5853 5845 5835 5822 5819 5822 5824 5826 5829 5842 5841 5848 5848 5850 5851 5853 5856 5861 5871 5864 5837 5856 5882 5895 5902 5907 5909 5911 5908 5914 5918 5920 5923 5928 5940 5954 5971 5983 5991 6003 6015 6022 6016 6012 6004 6005 6027 6036 6012 5991 5976 5960 5965 5997 6017 5995 5979 5967 5953 5945 5944 5950 5949 5958 5954 5927 5910 5904 5907 5898 5904 5910 5930 5916 5903 5900 5908 5915 5922
5851 5849 5841 5841 5851 5852 5847 5839 5828 5819 5818 5820 5825 5838 5841 5845 5848 5851 5852 5853 5856 5860 5864 5869 5877 5858 5867 5892 5902 5906 5913 5915 5914 5919 5920 5923 5927 5932 5937 5941 5954 5970 5982 5992 6003 6017 6030 6041 6035 6030 6026 6041 6051 6036 6015 5990 5973 5977 5999 6007 5984 5990 5975 5952 5940 5930 5925 5937 5942 5936 5924 5909 5908 5897 5897 5902 5919 5911 5881 5888 5894 5899 5903 5909
5864 5854 5843 5839 5842 5842 5839 5835 5828 5818 5816 5816 5818 5826 5840 5847 5850 5857 5861 5857 5854 5856 5864 5867 5869 5868 5873 5886 5895 5900 5904 5910 5912 5913 5920 5925 5930 5936 5942 5946 5958 5966 5977 5986 5997 6009 6022 6039 6042 6044 6040 6054 6068 6065 6037 6008 5989 5987 6001 6014 5989 5986 5966 5954 5939 5919 5911 5925 5943 5924 5918 5904 5907 5895 5893 5891 5883 5886 5877 5886 5894 5895 5896 5900
5852 5846 5836 5834 5833 5830 5827 5818 5814 5815 5814 5812 5809 5811 5824 5834 5856 5855 5858 5860 5858 5861 5867 5842 5862 5866 5872 5878 5885 5892 5894 5903 5910 5917 5921 5927 5935 5941 5946 5949 5957 5965 5975 5983 5992 6000 6008 6018 6046 6048 6057 6063 6069 6069 6052 6031 6014 5997 5995 6005 6024 6006 5993 5981 5950 5914 5897 5908 5926 5930 5920 5903 5901 5904 5893 5883 5872 5877 5894 5889 5884 5891 5894 5896
5842 5843 5838 5836 5834 5831 5827 5818 5813 5815 5815 5811 5805 5803 5805 5812 5822 5854 5862 5863 5860 5858 5861 5861 5856 5861 5869 5877 5884 5885 5891 5898 5906 5915 5921 5929 5937 5945 5953 5959 5955 5968 5977 5984 5990 5996 6001 6011 6036 6048 6055 6074 6071 6069 6064 6056 6042 6015 5999 5999 6014 6022 6032 6012 5966 5915 5888 5890 5897 5921 5926 5915 5924 5915 5899 5883 5871 5876 5889 5889 5888 5890 5895 5895
5843 5844 5844 5840 5845 5848 5837 5823 5821 5822 5821 5819 5814 5813 5821 5836 5850 5872 5876 5867 5861 5853 5845 5856 5854 5859 5866 5873 5879 5880 5885 5895 5900 5904 5919 5927 5936 5945 5954 5959 5969 5973 5977 5983 5988 5992 5996 5998 6023 6053 6054 6071 6063 6068 6075 6072 6055 6032 6022 6019 6021 6009 6035 6032 5979 5928 5896 5885 5895 5921 5924 5922 5931 5916 5897 5883 5873 5875 5880 5886 5888 5888 5890 5893
5835 5839 5836 5841 5848 5853 5848 5846 5840 5833 5832 5832 5835 5836 5843 5851 5861 5869 5874 5869 5861 5849 5851 5852 5855 5863 5865 5867 5867 5878 5885 5896 5906 5917 5919 5924 5932 5941 5954 5959 5973 5975 5978 5984 5991 6000 6004 6012 6034 6041 6045 6007 6054 6085 6093 6083 6061 6056 6051 6042 6030 6046 6039 6026 5987 5937 5902 5882 5883 5894 5900 5903 5887 5890 5892 5886 5875 5871 5882 5880 5886 5886 5885 5892
