real_craters/C140-300m.grd
DSAA
301 301
-44.975 44.975
-44.975 44.975
4586.4480228845 8116.751040812
[rows 0 to 29 of 301, columns 201 to 267 of 301]
5756.17 5758.03 5759.28 5760.25 5761.15 5763.63 5768.36 5773.04 5777.35 5786.47 5801.91 5799.86 5798.94 5798.25 5798.3 5797.23 5791.51 5783.74 5781.83 5782.02 5782.13 5781.75 5780.38 5779.5 5776.15 5786.68 5800.41 5813.61 5824.68 5831.07 5829.75 5809.31 5714.66 5648.89 5670.34 5688.7 5705.07 5719.76 5733.33 5745.24 5755.71 5765.46 5774.03 5781.63 5788.49 5793.45 5795.16 5797.72 5799.17 5801.98 5808.45 5814.62 5820.25 5825.52 5830.07 5835.46 5840.46 5845.17 5849.25 5853.27 5857.11 5861.27 5865.01 5868.29 5872.22 5875.58 5878.6
5761.69 5763.78 5765.03 5766.61 5768.18 5770.82 5774.38 5776.95 5779.21 5787.34 5798.22 5798.74 5797.14 5796.73 5797.54 5799.71 5794.42 5788.1 5786.02 5785.98 5785.31 5784.6 5783.93 5781.89 5784.82 5791.42 5801.74 5812.71 5822.36 5829.25 5833.45 5829.72 5793.27 5774.93 5743.54 5731.9 5731.76 5736.82 5744.08 5751.91 5759.82 5767.61 5774.85 5782.03 5788.84 5794.42 5797.07 5800.42 5804.6 5808 5811.98 5816.98 5822.39 5828 5833.16 5839.21 5844.78 5849 5852.76 5856.04 5859.87 5862.71 5865.8 5869.69 5872.82 5875.72 5879.22
5768.34 5770.09 5771.88 5773.86 5776 5777.86 5779.6 5785.22 5790.29 5796.46 5798.01 5794.51 5793.76 5793.45 5792.98 5792.52 5793.54 5794.49 5793.88 5790.94 5789 5788.04 5787.85 5787.75 5788.18 5796 5803.4 5811.65 5818.67 5822.56 5820.78 5809.85 5814.13 5834.13 5791.67 5767.56 5757.21 5754.91 5756.56 5760.35 5765.07 5770.57 5776.36 5782.59 5788.82 5794.23 5797.52 5801.97 5808.64 5812.75 5815.16 5819.27 5824.42 5830.24 5835.85 5842.13 5847.12 5852.2 5855.96 5858.69 5862.19 5864.71 5867.62 5870.5 5873.44 5876.37 5878.74
5777.52 5779.37 5780.67 5782.51 5784.8 5787.85 5793.66 5794.49 5799.06 5802.08 5798.5 5791.87 5790.65 5790.73 5790.21 5788.74 5792.86 5797.15 5797.81 5794.15 5791.77 5791.36 5791.8 5793.18 5794.84 5799.99 5805.29 5811.24 5815.75 5817.04 5812.85 5803.19 5807.16 5810.93 5802.23 5787.09 5776.19 5770.38 5768.29 5769.04 5771.08 5774.24 5778.16 5782.93 5788.74 5793.33 5796.22 5802.11 5808.36 5812.86 5816.34 5820.61 5826.03 5832.18 5838.33 5845.23 5851.31 5856.1 5859.22 5861.7 5864.31 5866.61 5868.87 5871.27 5873.39 5876.23 5878.64
5787.53 5789.19 5790.59 5791.99 5793.69 5795.37 5797.55 5799.07 5801.53 5803.98 5798.52 5791.78 5789.62 5790.06 5790.84 5792 5792.51 5793.93 5793.98 5793.97 5793.89 5794.24 5795.36 5797.21 5798.6 5803.37 5808.04 5812.26 5815.35 5815.98 5813.39 5809.46 5810.63 5811.39 5807.02 5798.2 5789.3 5782.86 5779.24 5777.89 5777.72 5778.61 5780.16 5782.17 5786.26 5789.88 5793.58 5800.32 5807.89 5811.94 5815.78 5820.61 5826.55 5833.17 5840.39 5847.82 5856 5859.56 5861.42 5863.4 5865.53 5867.92 5869.5 5871.83 5873.25 5876.52 5878.79
5797.86 5799.06 5800.27 5801.24 5802.26 5802.77 5801.67 5803.22 5803.34 5803.83 5801.22 5793.18 5791.39 5791.15 5791.07 5791.14 5791.32 5791.81 5792.49 5794 5795 5796.12 5797.5 5800.35 5802.79 5805.43 5809.68 5813.13 5815.66 5816.74 5816.71 5818.06 5820.58 5818.7 5814.11 5807.33 5800.92 5795.26 5791.1 5788.12 5786.1 5784.7 5783.67 5782.7 5780.77 5785.69 5790.39 5796.4 5803.32 5808.47 5813.68 5819.63 5826.32 5833.38 5840.8 5848.02 5855.3 5859.41 5861.71 5864 5866.03 5867.88 5869.94 5872.3 5873.89 5875.52 5878.41
5808.05 5809.1 5809.78 5810.53 5811.21 5811.67 5812.55 5811.61 5809.27 5808.37 5808.47 5807.31 5800.36 5793.04 5789.67 5789.2 5789.81 5791.82 5794.32 5795.61 5796.89 5797.86 5798.87 5799.66 5801.91 5806.37 5811.03 5814.17 5816.11 5817.47 5818.07 5819.54 5820.16 5820.4 5818.32 5813.73 5809.64 5805.13 5801.1 5797.63 5794.37 5791.22 5788.17 5785.89 5786.39 5785.49 5787.87 5791.37 5796.27 5803.72 5810.86 5818.01 5825.34 5832.71 5840.03 5846.48 5852.53 5857.29 5860.88 5863.63 5866.21 5868.58 5870.47 5872.41 5874.73 5875.59 5878.27
5819.24 5819.83 5820.15 5820.41 5820.48 5820.32 5820.76 5820.51 5819.5 5817.57 5816.15 5814.24 5803.18 5792.88 5785.48 5785.01 5788.51 5792.12 5795.59 5797.82 5799.57 5800.71 5801.4 5802.42 5804.42 5808.06 5813.16 5816.12 5817.77 5818.85 5818.81 5817.65 5815.16 5817.52 5818.14 5818.67 5816.55 5813.07 5809.55 5806.01 5802.21 5798.16 5793.42 5788.16 5785.4 5785.63 5787.15 5788.94 5792.88 5800.7 5808.74 5816.64 5824.45 5831.98 5839.16 5845.14 5850.65 5855.41 5859.98 5863.43 5866.21 5868.66 5870.79 5872.52 5874.69 5876.26 5878.76
5830.4 5829.98 5829.62 5829.8 5829.45 5829.03 5828.51 5827.79 5827.89 5824.27 5819.03 5811.64 5800.85 5792.12 5785.48 5785.64 5789.79 5794.03 5797.53 5800.84 5803.72 5805.36 5805.76 5805.6 5808.42 5812.05 5815.55 5817.74 5819.22 5820.01 5820.21 5819.82 5820.33 5823.27 5825.81 5825.82 5824.3 5821.75 5818.68 5815.06 5811.17 5806.79 5801.41 5794.25 5788.09 5789.33 5789.26 5789.58 5793.06 5800.19 5808.16 5816.24 5824.11 5831.69 5838.79 5844.56 5850.32 5856.04 5859.89 5863.26 5866.35 5868.66 5870.98 5873.31 5875.13 5877.42 5879.57
5839.95 5839.33 5839.24 5837.5 5837.21 5836.77 5834.61 5829.89 5826.7 5825.08 5818.99 5810.19 5802.04 5793.46 5787.79 5789.59 5794.77 5799.35 5802.44 5806.48 5810.78 5813 5812.96 5811.74 5815.05 5818.85 5821.39 5822.62 5823.57 5823.89 5824.01 5824.43 5826.69 5829.77 5835.26 5831.86 5829.84 5827.67 5825.12 5822.32 5819.05 5815.39 5811.52 5807.74 5802.84 5797.69 5794.36 5792.81 5795.24 5801.58 5809.06 5816.86 5824.55 5832.01 5839.03 5844.8 5850.66 5855.76 5859.89 5863.59 5866.55 5869.22 5871.5 5873.98 5875.65 5877.53 5879.28
5846.65 5846.06 5846.68 5847.13 5846.95 5846.19 5843.99 5837.35 5833.36 5828.11 5820.33 5814.06 5807.25 5800.05 5792.39 5797.89 5804.34 5809.34 5812.12 5816.22 5822.07 5824.62 5824.7 5822.71 5826 5828.57 5830.25 5831.02 5831.15 5830.68 5829.87 5828.98 5829.03 5831.39 5834.02 5834.88 5833.96 5832.31 5830.27 5828.36 5825.97 5823.43 5821.36 5819.76 5814.33 5806.68 5801 5797.67 5799.34 5804.6 5811.24 5818.53 5825.89 5833.19 5840.04 5845.71 5851.38 5856.19 5860.73 5864.34 5867.07 5869.65 5871.6 5873.98 5875.58 5877.27 5878.49
5852.14 5852.26 5853.65 5854.22 5855.79 5856.77 5858.1 5861.37 5856.35 5842.4 5832.77 5829.11 5822.76 5817.87 5811.58 5814.46 5818.92 5823.87 5829.55 5835.5 5837.5 5839.05 5840.58 5841.78 5840.35 5839.91 5839.71 5839.38 5838.68 5837.7 5836.23 5834.58 5833.07 5834.18 5836.97 5838.93 5838.45 5837.33 5835.96 5834.37 5832.69 5831.15 5829.36 5827.92 5821.97 5814.01 5807.81 5804.42 5804.78 5808.68 5814.52 5821.12 5827.94 5834.56 5841.25 5847.65 5853.06 5858.67 5862.5 5865.39 5867.85 5869.83 5871.47 5873.24 5874.92 5876.51 5877.51
5855.68 5855.96 5858.74 5859.84 5862.87 5865.35 5868.19 5871.63 5868.4 5862.02 5858.26 5851.63 5847.97 5840.49 5838.5 5833.83 5834.46 5838.55 5845.55 5851.37 5851.17 5852.36 5854.87 5856.72 5853.29 5851.02 5849.53 5848.2 5846.82 5845.25 5843.34 5841.26 5838.74 5839.36 5843.43 5844.45 5843.72 5843.11 5842.34 5841.24 5839.95 5838.49 5836.35 5832.11 5827 5819.91 5813.15 5809.93 5809.93 5813.13 5818.24 5824.25 5830.41 5836.64 5842.93 5849.28 5854.85 5860.9 5864.85 5866.17 5867.94 5869.78 5871.27 5873.11 5874.31 5875.78 5877.07
5857.12 5859.33 5861.13 5863.4 5867.72 5870.85 5873.79 5874.03 5874.07 5873.37 5870.5 5858.99 5848.43 5849.71 5850.87 5847.41 5846.7 5849.5 5853.72 5857.22 5860.72 5862.4 5863.61 5864.46 5862.88 5860.85 5858.92 5857.01 5855.3 5853.63 5851.71 5849.5 5846.76 5845.65 5847.44 5848.48 5849.18 5849.56 5849.34 5848.5 5847.28 5845.91 5844.29 5841.26 5834.39 5826.22 5817.53 5811.02 5813.87 5818.14 5822.84 5828.35 5833.72 5839.21 5844.39 5850.22 5856.11 5863.31 5866.44 5866.22 5867.16 5868.69 5870.3 5872.8 5874.66 5876.22 5877.54
5855.78 5858.35 5861.17 5865.78 5869.55 5874.82 5878.55 5879.41 5879.59 5875.34 5869.01 5861.41 5854.85 5856.07 5856.69 5854.67 5854.24 5856.46 5860.85 5866 5868.92 5870.56 5869.81 5870.22 5870.98 5869.39 5867.25 5865.35 5863.65 5862.14 5860.7 5859.23 5857.55 5856.09 5854.19 5853.53 5856.03 5856.8 5856.71 5855.72 5854.13 5852.46 5851.13 5850.19 5841.74 5833.83 5826.53 5820.52 5822.06 5825.11 5828.71 5832.9 5836.87 5841.38 5845.31 5850.06 5855.09 5860.64 5863.45 5863.84 5865.39 5867.35 5869.54 5872.32 5874.5 5876.49 5875.78
5852.9 5855.15 5857.4 5863.14 5868.06 5875.36 5882.16 5884.27 5881.38 5872.56 5865.48 5861.96 5862.25 5861.28 5859.19 5857.42 5857.57 5859.69 5864.18 5869.86 5873.86 5877.97 5882.77 5882.16 5879.47 5876.85 5874.33 5872.25 5870.85 5869.95 5869.43 5869.44 5869.76 5870.21 5866.3 5863.93 5865.69 5865.94 5865.23 5863.61 5861.15 5858.14 5854.78 5851.6 5846.76 5841.46 5838.13 5835.91 5832.91 5833.12 5835.09 5837.87 5840.86 5844.2 5846.74 5849.8 5852.72 5854.96 5856.78 5859.19 5862.95 5866.5 5870.07 5872.91 5876.27 5878.47 5877.41
5849.55 5850.23 5851.97 5857.6 5863.16 5871.36 5879.92 5885.26 5872.48 5864.38 5858.61 5856.33 5858.12 5859.67 5856.95 5855.75 5856.84 5859.59 5863.53 5867.92 5873.66 5881.44 5889.82 5889.42 5885.48 5882.4 5880.14 5878.3 5877.42 5877.28 5877.85 5878.79 5880.41 5881.16 5880.05 5880.43 5876.94 5876.17 5874.58 5872.06 5868.43 5863.7 5858.17 5853.55 5850.83 5847.7 5845.73 5843.9 5841.54 5840.98 5841.95 5843.75 5845.83 5847.2 5849.13 5850.73 5851.27 5849.8 5848.59 5855.03 5861.67 5866.75 5870.93 5874.35 5877.79 5877.68 5880.19
5843.04 5844.48 5847.57 5851.58 5857.25 5863.3 5867.92 5865.9 5857.32 5852.58 5847 5844.37 5844.36 5842.36 5846.93 5850.44 5853.94 5857.27 5861.08 5864.43 5871.32 5880.34 5888.04 5889.69 5887.77 5885.54 5883.79 5882.23 5882.08 5882.79 5884.54 5887.22 5889.9 5891.79 5890.16 5883.1 5887.7 5887.22 5884.98 5881.61 5876.98 5870.89 5863.87 5859.24 5856.55 5853.65 5850.93 5849.39 5848.59 5848.56 5849.24 5850.41 5851.89 5852.08 5852.99 5853.44 5852.98 5851.49 5850.32 5857.09 5863.18 5868.36 5872.33 5875.99 5879.69 5881.15 5884
5838.09 5839.76 5841.43 5844.75 5847.87 5852.56 5853.88 5852.3 5847.65 5841.59 5836.29 5833.56 5833.09 5831.31 5838.5 5845.39 5850.37 5855.13 5859.08 5863.06 5869.18 5877.74 5884.29 5887.38 5887.02 5885.82 5884.8 5884.47 5885.28 5886.91 5889.71 5893.67 5898.45 5902.94 5905.27 5904.61 5902.6 5899.26 5895.73 5891.91 5887.14 5880.62 5871.8 5866.97 5864.76 5861.11 5857.33 5855.84 5856.05 5856.53 5857.01 5857.75 5858.4 5857.88 5858.16 5858.16 5857.95 5858.74 5861.87 5863.27 5867.36 5871.39 5875.36 5879.45 5882.01 5885.13 5888.28
5833.37 5834.86 5835.65 5837.55 5838.43 5840.46 5839.59 5837.43 5834.59 5831.8 5829.4 5828.96 5828.41 5828.35 5836.4 5842.52 5848.2 5853.28 5858 5861.86 5867.59 5876.7 5882.88 5884.96 5885.02 5884.56 5884.3 5884.51 5885.75 5888.11 5891.77 5896.96 5904.06 5913.43 5919 5920.57 5915.23 5909.5 5905.7 5902.41 5898.97 5894.54 5887.08 5881.87 5877.04 5870.99 5866.15 5864.4 5864.63 5865.18 5865.58 5865.87 5864.62 5864.46 5864.45 5864.43 5864.03 5864.76 5866.02 5868.45 5871.5 5875.77 5879.55 5883.42 5886.14 5889.73 5892.89
5827.75 5828.84 5829.84 5830.39 5830.52 5830.46 5831.18 5829.09 5826.01 5823.5 5821.68 5821.35 5825.31 5830.5 5836.17 5840.72 5846.12 5851.78 5857.69 5863.65 5870.23 5877.07 5881.71 5881.86 5881.49 5881.42 5881.74 5882.63 5884.41 5887.35 5891.28 5896.6 5903.74 5912.17 5918.74 5918.87 5917.7 5915.56 5913.29 5911.52 5910.49 5910.14 5910.8 5901.84 5891.75 5882.32 5875.07 5874.12 5875.01 5875.41 5875.28 5874.95 5872.62 5871.76 5871.35 5870.99 5870.89 5871.12 5872.21 5873.97 5876.63 5880.39 5883.89 5887.66 5890.9 5894.71 5898.54
5823.56 5823.99 5824.62 5824.18 5823.8 5822.04 5822.18 5820.86 5819.1 5817.03 5814.25 5813.05 5819.34 5829.08 5832.55 5838.05 5843.92 5850.36 5857.28 5864.72 5872.36 5875.01 5876.1 5876.37 5876.41 5876.84 5877.79 5879.31 5881.45 5884.53 5888.2 5892.73 5898.04 5903.74 5909.7 5913.61 5917.56 5918.63 5918.35 5918.33 5919.21 5921.17 5923.38 5916.12 5906.82 5896.43 5886.42 5887.01 5887.79 5887.31 5886.2 5885.16 5881.42 5879.8 5878.59 5877.36 5877.58 5878.04 5878.99 5880.96 5882.39 5884.67 5888.37 5892.08 5895.98 5899.84 5904.05
5821.55 5820.89 5820.13 5819.84 5818.53 5815.51 5812.07 5814.08 5815.54 5814.27 5810.64 5808.12 5815.61 5826.18 5829.45 5835.34 5841.49 5847.99 5855.02 5862.17 5868.71 5868.73 5868.76 5869.01 5869.82 5871.11 5872.7 5874.79 5877.19 5880.02 5883.45 5886.92 5890.39 5892.41 5895.05 5908.55 5918.56 5919.57 5920.35 5921.73 5924.04 5926.79 5928.1 5925.97 5921.5 5916.35 5909.5 5906.07 5903.22 5900.49 5897.71 5893.01 5890.32 5887.95 5885.97 5884.23 5883.88 5884.04 5886.86 5888.69 5887.41 5888.86 5891.85 5896.94 5901.12 5905.36 5910.03
5820.75 5819.79 5818.69 5817.18 5816.26 5814.13 5810.27 5813.62 5816.72 5816.09 5810.75 5807.35 5815.39 5822.11 5827.67 5832.8 5838.62 5844.9 5851.23 5856.82 5858.52 5856.48 5857.86 5860.46 5862.43 5864.65 5866.86 5869.23 5871.8 5874.53 5877.3 5880.21 5883.15 5885.48 5889.77 5902.8 5914.17 5917.13 5919.25 5922.09 5925.73 5929.84 5932.61 5933.8 5934.22 5935.71 5935.11 5925.16 5918.24 5913.26 5909.13 5903.38 5899.77 5896.36 5893.41 5890.91 5889.38 5888.54 5888.63 5888.59 5889.72 5892.31 5896.08 5901.6 5905.96 5910.52 5915.59
5821.75 5820.73 5818.79 5817.1 5816.16 5815.62 5818.22 5816.29 5818.63 5818.7 5812.53 5808.79 5814.79 5820.59 5824.53 5829.06 5834.62 5840.56 5846.33 5852.37 5857.58 5855.39 5851.85 5852.65 5854.97 5857.69 5860.44 5863.21 5865.4 5868.15 5870.86 5873.73 5876.57 5880.1 5886.35 5896.18 5906.22 5911.1 5915.43 5919.8 5924.63 5930.45 5936.35 5939.06 5942.27 5944.68 5943.87 5937.62 5930.67 5924.66 5917.75 5912.58 5908.04 5904.16 5900.37 5897.37 5894.86 5892.67 5890.22 5887.69 5891.71 5896.19 5900.45 5906.57 5911.08 5915.79 5921.02
5824.35 5822.7 5819.94 5818.34 5815.8 5814.37 5812.81 5815.35 5817.86 5819.74 5812.37 5808.13 5809.5 5815.75 5819.53 5824.62 5830.28 5835.62 5840.81 5845.92 5851.21 5848.3 5844.77 5844.97 5847.5 5850.62 5853.57 5856.48 5859.08 5861.51 5864.27 5867.06 5869.92 5873.96 5879.67 5886.65 5894.11 5903.55 5910.19 5915.81 5921.22 5926.56 5933.36 5941.21 5947.42 5950.82 5950.21 5946.34 5940.08 5933.81 5926.72 5920.65 5915.47 5911.19 5907.4 5903.68 5900.77 5898.33 5895.87 5893.46 5897.18 5901.12 5904.81 5911.65 5915.91 5920.67 5925.2
5828.36 5824.48 5820.88 5817.9 5815.32 5814.26 5814.1 5812.74 5812.68 5810.89 5809.14 5807.51 5808.7 5813.71 5816.34 5821.36 5826.3 5830.5 5834.12 5836.56 5836.55 5832.08 5834.57 5837.41 5841.06 5844.44 5847.34 5850.39 5853.07 5855.86 5858.61 5861.37 5864.22 5867.51 5870.02 5877.49 5889.98 5897.86 5904.66 5911.1 5917.23 5923.13 5931.77 5942.29 5951.53 5958.62 5958.46 5953.49 5947.28 5939.71 5933.4 5927.63 5922.64 5918.1 5914.35 5910.3 5907.21 5905.26 5904.54 5905.08 5906.13 5907.87 5910.34 5916.31 5919.81 5924.28 5929.03
5831.59 5826.26 5820.92 5816.99 5813.62 5810.97 5809.67 5809.22 5808.15 5805.88 5806.6 5808 5811.55 5813.69 5817.17 5820.49 5823.39 5826.31 5828.4 5828.73 5826.53 5824.31 5827.64 5831.94 5835.45 5839.27 5842.72 5845.86 5848.42 5851.16 5853.83 5856.26 5859.2 5862.47 5866.49 5873.15 5882.93 5891.52 5899.22 5906.76 5914.12 5921.59 5931.86 5943.47 5953.76 5961.36 5962.38 5958.69 5953.11 5945.73 5939.62 5934.28 5929.09 5924.52 5920.76 5916.71 5913.82 5912.5 5912.57 5914.37 5914.44 5914.6 5916.02 5920.48 5923.81 5927.97 5932.49
5832.95 5827.41 5822.26 5816.94 5812.65 5808.44 5806.93 5806.92 5806.53 5806.54 5806.39 5807.09 5809.97 5814.25 5818.36 5818.52 5820.45 5822.7 5824.18 5824.17 5821.9 5820.39 5824.34 5828.05 5831.57 5835.26 5838.51 5841.37 5844.04 5846.73 5849.41 5852.24 5855.39 5859.15 5863.28 5868.58 5877.14 5885.14 5894.2 5903.32 5911.88 5921.44 5932.48 5944.79 5955.69 5961.86 5964.02 5961.83 5957.03 5951.99 5946.77 5939.33 5934.38 5929.98 5926 5922.36 5920.03 5918.24 5918.33 5919.72 5919.85 5919.23 5920.02 5924.41 5927.5 5931.38 5935.72
5833.57 5828.15 5823.21 5817.96 5813 5808.14 5807 5807.05 5806.85 5806.57 5807.14 5807.05 5806.11 5810.6 5815.96 5814.8 5818.03 5820.48 5822.15 5822.68 5822.4 5820.99 5824.08 5827.05 5829.73 5832.64 5835.74 5838.51 5841.15 5843.7 5846.26 5849 5851.6 5856.24 5862.67 5870.56 5872.54 5878.83 5890.55 5901.62 5910.77 5918.06 5932.37 5946.07 5957.98 5967.29 5966.77 5963.93 5959.76 5955.47 5950.01 5944.71 5939.68 5935.43 5931.61 5928.42 5926.12 5923.5 5921.87 5922.08 5921.89 5921.58 5922.82 5927.62 5930.83 5934.3 5938.29
