real_craters/C140-300m.grd
DSAA
301 301
-44.975 44.975
-44.975 44.975
4586.4480228845 8116.751040812
[rows 30 to 59 of 301, columns 201 to 267 of 301]
5833.44 5828.33 5823.69 5819.06 5814.98 5813.79 5810.43 5809.02 5808.63 5808.75 5810.28 5813.36 5808.81 5807.8 5806.97 5814 5817.17 5819.16 5820.93 5822.91 5825.21 5826.41 5826.73 5827.99 5829.36 5831.58 5834.24 5836.78 5839.36 5842.01 5844.27 5846.63 5848.59 5852.65 5858.33 5865.58 5868.15 5875.01 5890.23 5902.8 5913.52 5921.96 5934.84 5946.81 5957.48 5964.9 5965.79 5964.17 5960.93 5957.51 5953.79 5949.47 5945.48 5940.94 5937.3 5934.29 5931.21 5928.2 5924.92 5921.57 5919.57 5923.14 5925.73 5930.45 5933.47 5936.54 5940.05
5833.31 5828.66 5824 5820.12 5816.35 5813.6 5812.25 5811.59 5811.69 5812.2 5813.51 5816.83 5813.94 5812.71 5816.89 5818.19 5818.16 5818.95 5820.33 5822.77 5826.18 5828.44 5828.29 5828.29 5829.55 5832.25 5834.4 5836.8 5839.03 5841.14 5842.99 5843.55 5845.67 5848.22 5851.5 5855.49 5866.68 5883.27 5893.24 5905.54 5918.96 5931.26 5938.3 5946.35 5954 5960.28 5962.27 5962.66 5960.89 5958.49 5955.73 5952.84 5949.91 5945.85 5941.82 5939.1 5935.72 5932.64 5929.45 5925.56 5923.55 5927.21 5930.48 5933.91 5936.38 5938.73 5941.48
5834.09 5830.06 5825.57 5821.18 5817.29 5814.29 5814.01 5814.55 5815.47 5817 5818.47 5814.84 5815.85 5816.41 5817.23 5819.01 5818.55 5818.38 5819.07 5820.88 5824.79 5826.34 5826.78 5827.7 5829.34 5831.74 5834.12 5836.41 5838.46 5839.9 5841.12 5842.4 5843.86 5844.65 5846.21 5848.91 5862.38 5881.01 5892.68 5905.55 5920.47 5932.87 5938.01 5943.8 5949.55 5953.94 5958.08 5960.07 5960.15 5959.02 5957.42 5954.93 5952.47 5949.64 5945.85 5943.32 5940.42 5937.51 5935.15 5933.01 5933.03 5934.45 5935.99 5938.33 5939.69 5941.17 5942.75
5836.02 5831.82 5827.14 5822.63 5818.51 5816.2 5816.72 5818.26 5819.65 5820.54 5819.2 5820 5820.07 5821.07 5821.91 5820.08 5818.47 5817.6 5817 5816.66 5816.97 5820.01 5823 5826.66 5829.86 5832.72 5835.09 5837.32 5839.17 5840.14 5841.25 5841.8 5842.37 5842.6 5843.66 5846.19 5856.94 5872.13 5887.54 5900.79 5914.64 5925.95 5932.42 5938.75 5945.58 5951.37 5954.54 5957.2 5958.36 5958.54 5957.84 5956.7 5954 5952.22 5949.75 5947.57 5944.9 5942.75 5941.45 5940.45 5942.34 5941.35 5941.99 5943.27 5943.87 5944.33 5944.73
5837.37 5833.44 5829.12 5824.87 5820.84 5819.29 5820.67 5822.63 5824.59 5826 5827.72 5826.78 5827.85 5827.77 5824.68 5821.35 5819.78 5817.94 5816.14 5814.07 5812.76 5816.59 5821.61 5827.04 5831.38 5834.81 5837.35 5839.54 5841.1 5842.65 5843.5 5843.74 5843.94 5843.29 5843.45 5845.23 5854.35 5871.56 5883.87 5892.84 5902.28 5913.09 5923.56 5932.2 5938.2 5945 5950.94 5954.37 5956.09 5956.7 5957.22 5956.84 5955.27 5954.22 5952.85 5951.27 5949.42 5947.71 5947.28 5946.52 5944.9 5946.58 5948.03 5948.42 5948.32 5948.16 5947.63
5839.76 5835.88 5832.09 5828.8 5824.92 5823.81 5826.03 5828.29 5830.46 5832.32 5833.26 5835.23 5832.41 5830.31 5828.36 5826.86 5822.15 5819.72 5817.84 5815.68 5814.95 5819.38 5825.5 5829.68 5834.57 5838.35 5841.07 5843.18 5844.82 5846.03 5846.22 5846.63 5846.52 5846.88 5847.11 5848.51 5855.44 5871.37 5879.95 5884.05 5888.82 5900.69 5915.21 5927.34 5937.38 5943.9 5948.69 5951.98 5954.29 5955.69 5956.66 5956.93 5956.59 5956.37 5955.25 5954.08 5953.79 5953.07 5953.02 5953.37 5954.17 5955.09 5954.91 5954.35 5953.69 5953.06 5952.22
5841.75 5838.27 5835.45 5834.14 5833.06 5832.26 5832.68 5834.41 5836.68 5839.01 5840.62 5837.91 5835.49 5831.08 5829.46 5827.05 5823 5823.13 5822.44 5821.27 5821.68 5824.66 5827.13 5834.84 5839.77 5843.23 5845.64 5847.59 5848.91 5849.74 5850.36 5850.8 5851.19 5851.63 5853.06 5856.63 5862.18 5868.76 5872.78 5876.94 5880.91 5893.75 5909.58 5923.97 5936.24 5942.67 5946.74 5949.84 5952.26 5954.14 5955.47 5956.5 5957.19 5957.36 5957.9 5957.54 5957.89 5958.52 5959.09 5960.01 5961.52 5962.62 5961.4 5960.34 5959.64 5958.99 5958.28
5843.28 5840.49 5838.8 5838.33 5840.08 5839 5838.84 5840.36 5842.74 5845.34 5848.21 5847.12 5841.46 5835.46 5832.81 5828.87 5828.71 5830.01 5830.25 5829.58 5830.65 5835.39 5841.67 5844.25 5846.87 5849.34 5851.28 5853.23 5854.09 5854.81 5855.26 5855.59 5855.78 5856.52 5858.79 5864.39 5872.79 5869.2 5869.32 5874.08 5880.28 5892.04 5906.48 5920.66 5933.74 5939.61 5943.88 5947.45 5949.87 5952.27 5954.29 5955.75 5957.05 5958.92 5960.31 5961.49 5962.56 5963.39 5964.44 5965.39 5965.69 5966.39 5967.18 5966.47 5966.07 5965.66 5965.48
5844.17 5842.98 5841.91 5840.68 5839.17 5841.23 5843.45 5845.78 5848.24 5850.62 5852.08 5852.56 5849.79 5845.73 5842.12 5838.36 5839.84 5840.24 5840.99 5842.59 5844.05 5846.72 5850.63 5852.87 5855.1 5856.87 5858.3 5858.88 5859.42 5859.81 5860.02 5859.86 5860.09 5861.27 5862.87 5865.96 5869.57 5868.36 5868.86 5874.71 5882.22 5892.27 5904.51 5917.02 5927.43 5935.1 5940.28 5944.02 5947.38 5950.48 5953.21 5955.62 5957.87 5960.26 5962.77 5965.35 5967.04 5968.47 5969.56 5970.48 5971.04 5972.51 5973.76 5972.87 5972.71 5972.58 5972.71
5846.44 5846.5 5845.95 5844.8 5840.55 5844.97 5847.98 5850.67 5853.48 5856.08 5857.63 5861.59 5858.36 5856.05 5853.74 5852.44 5851.93 5851.37 5852.07 5853.79 5855.89 5857.39 5858.84 5861.76 5863.83 5864.99 5865.99 5865.95 5866.34 5866.52 5866.5 5866.07 5866.29 5866 5865.51 5864.39 5864.28 5864.79 5871.22 5876.55 5883.91 5892.08 5902.4 5914.01 5924.58 5930.81 5936.65 5941.22 5945.59 5949.24 5952.66 5956.48 5959.8 5962.63 5965.87 5968.39 5971.09 5972.91 5974.75 5976.16 5976.88 5975.93 5980.62 5980.55 5979.72 5979.48 5979.55
5852.93 5851.99 5851.48 5852.28 5854.63 5851.98 5853.13 5855.5 5858.57 5862.21 5864.2 5862.75 5864.94 5865.29 5864.74 5863.87 5862.23 5861.09 5862 5863.82 5865.32 5867.41 5871.19 5872.94 5872.54 5872.96 5873.66 5873.94 5874.19 5874.16 5873.88 5873.56 5872.66 5871.51 5869.56 5865.35 5855.76 5862.13 5872.61 5876.46 5882.37 5890.43 5899.58 5909.68 5919.07 5926.39 5932.92 5938.33 5943.6 5948.57 5952.87 5957.35 5961.12 5964.7 5967.33 5970.68 5973.96 5976.63 5979.54 5982.22 5984.91 5990.31 5988.96 5988.16 5986.74 5986.04 5985.79
5861.36 5858.16 5856.34 5856.48 5857.4 5856.34 5857.01 5859.29 5862.43 5867.04 5875.48 5870.53 5871.92 5874.38 5874.72 5871.52 5868.62 5868.6 5870.31 5872.88 5873.79 5875.2 5877.82 5879.45 5879.72 5880.66 5881.5 5881.79 5881.73 5881.57 5881.57 5880.7 5879.7 5878.4 5876.57 5874.3 5875.3 5875.44 5872.3 5874.71 5880.67 5888.84 5896.78 5904.96 5913.65 5921.7 5929.3 5935.68 5941.99 5947.43 5952.48 5957.2 5961.49 5965.6 5969.48 5973.48 5976.78 5980.84 5984.61 5988.33 5990.99 5991.36 5994.65 5996.23 5993.61 5992.25 5991.31
5867.82 5863.33 5859.71 5857.35 5856.77 5858.12 5859.77 5862.07 5864.68 5867.09 5866.94 5875.5 5877.33 5879.99 5880.63 5876.27 5872.96 5875.13 5876.33 5878.25 5879.34 5880.78 5881.78 5882.87 5885.92 5888.39 5889.79 5889.8 5889.58 5889.93 5889.33 5888.25 5887.2 5885.99 5884.7 5883.83 5884.19 5882.35 5877.39 5878.06 5882.94 5889.11 5895.37 5902.03 5909.84 5918.32 5926.06 5932.97 5940.39 5946.44 5951.61 5957.19 5961.84 5965.96 5970.99 5975.87 5979.67 5984.43 5989.26 5993.79 5997.8 6000.81 6003.5 6003.99 6000.27 5998.13 5996.17
5872.28 5866.85 5862.4 5858.43 5857.42 5860.07 5862.07 5864.28 5866.67 5869.2 5871.38 5873.42 5878.71 5882.28 5883.15 5883.62 5884.22 5882.02 5880.09 5880.4 5883.24 5886.03 5887.6 5887.82 5893.81 5896.91 5898.24 5898.6 5898.34 5897.79 5897.12 5895.81 5894.67 5893.84 5892.7 5891.64 5891.55 5890.54 5887.52 5887.21 5887.95 5891.09 5895.76 5902.19 5908.84 5916.23 5923.65 5930.83 5938.17 5944.51 5950.77 5956.34 5962.21 5966.56 5971.95 5977.52 5982.37 5987.81 5993.39 5999.31 6004.77 6011.27 6013.85 6011.62 6006.67 6003.76 6000.96
5873.52 5868.43 5865.17 5864.19 5863.3 5863.63 5864.85 5866.33 5868.56 5872.28 5876.67 5880.63 5883.92 5885.01 5886.4 5888.36 5891.89 5885.47 5882.39 5882.92 5887.66 5892.71 5897.63 5903.08 5905.05 5906.67 5907.11 5906.98 5906.36 5905.56 5904.61 5903.25 5901.94 5900.74 5899.59 5898.84 5898.09 5896.82 5895.65 5891.99 5891.05 5893.46 5897.09 5901.9 5908.31 5915.15 5922.36 5929.48 5936.71 5942.86 5949.54 5956.31 5962.68 5967.98 5973.26 5978.55 5984.35 5990.37 5996.58 6002.92 6009.18 6015.79 6018.86 6016.51 6013.21 6009.76 6006.9
5871.19 5866.96 5866.71 5866.92 5867.5 5867.64 5867.76 5868 5868.87 5871.5 5876.5 5882.98 5885.76 5884.95 5885.35 5886.42 5886.83 5883.65 5883.9 5886.78 5893.06 5899.81 5906.99 5913.52 5915.62 5915.89 5915.57 5914.76 5913.85 5912.84 5911.19 5910.33 5909.32 5907.61 5907.09 5906.14 5904.9 5902.24 5902.14 5895.84 5894.86 5896.43 5898.76 5903.9 5908.43 5914.63 5921.93 5928.97 5936.34 5943.59 5950.14 5957.02 5963.28 5968.97 5975 5980.58 5986.43 5992.78 5999.19 6005.66 6011.35 6015.24 6015.76 6019.72 6017.97 6015.35 6013.29
5857.46 5862.6 5867.95 5871.62 5872.3 5871.57 5870.52 5869.33 5867.96 5866.83 5870.78 5877.43 5880.61 5880.78 5880.96 5881.59 5881.2 5882.3 5887.2 5892.22 5898.73 5906.21 5914.23 5921.36 5924.24 5924.37 5923.82 5922.79 5921.5 5919.85 5918.6 5917.53 5916.58 5914.81 5914.09 5913.43 5913.35 5913.98 5910.66 5905.66 5902.1 5900.62 5900.42 5902.47 5908.5 5915.12 5922.66 5929.77 5936.89 5944.26 5950.86 5957.31 5963.81 5969.6 5976.39 5982.59 5988.06 5994.13 5999.88 6006.95 6013.04 6019.09 6026.15 6024.27 6022.49 6020.57 6019.22
5850.84 5860.69 5870.53 5878.69 5877.3 5875.33 5873.33 5871.2 5868.58 5864.37 5867.19 5872.05 5874.14 5874.59 5874.69 5876.33 5880.26 5884.67 5890.58 5896.59 5903.17 5911.13 5919.69 5926.79 5930.79 5931.72 5930.73 5929.18 5927.56 5925.65 5924.55 5923.61 5923.38 5922.64 5921.41 5920.51 5919.77 5918.41 5916.87 5915.5 5909.91 5905.38 5902.29 5904.76 5909.53 5916.28 5924.21 5931.19 5937.98 5944.66 5951.47 5956.73 5963.2 5969.42 5975.05 5981.14 5987.57 5994.14 6000.66 6007.65 6014.04 6020.68 6023.95 6027.11 6026.82 6024.59 6024.08
5854.81 5864.38 5873.64 5880.03 5879.99 5878.04 5875.69 5873.61 5871.93 5871.24 5869.44 5869.63 5869.73 5868.61 5867.3 5869.9 5878.09 5884.26 5889.97 5897.11 5904.9 5913.95 5923.86 5932.66 5937.98 5938.05 5936.05 5934.01 5932.69 5931.43 5930.03 5929.25 5928.93 5928.31 5927.39 5926.87 5926.04 5923.36 5921.23 5919.41 5916.47 5911.47 5904.75 5903.65 5912.4 5919.56 5926.51 5933.68 5940.07 5946.37 5950.56 5956.61 5962.84 5968.89 5975.73 5981.51 5988.32 5994.54 6000.84 6007.08 6013.66 6020.65 6029.52 6028.51 6027.88 6027.5 6027.82
5868.26 5872.75 5877.93 5881.46 5881.49 5879.55 5877.14 5875.03 5874.18 5874.55 5870.1 5867.26 5866.08 5863.43 5862.27 5864.94 5871.34 5876.34 5886.5 5895.12 5904.12 5914.25 5925.46 5938.3 5946.38 5941.68 5939.16 5937.49 5936.43 5935.61 5935.1 5934.86 5934.51 5934.29 5932.99 5932.95 5932.97 5933.03 5930.86 5926.2 5923.9 5921.06 5917.63 5917.05 5920.64 5925.81 5930.39 5935.67 5941.11 5946.99 5954.02 5959.03 5964.34 5970.11 5975.88 5981.79 5987.81 5993.63 5999.91 6005.4 6011.33 6016.91 6021.07 6023.8 6026.22 6028.28 6030.78
5880.74 5881.1 5882.97 5884.12 5883.12 5880.65 5877.58 5874.76 5872.57 5870.56 5866.42 5862.15 5858.48 5857.2 5858.3 5861.94 5867.41 5875.66 5882.25 5891.35 5901.57 5912.1 5922.71 5932.21 5937.26 5939.16 5938.97 5938.69 5938.52 5938.26 5938.32 5938.4 5938.48 5938.99 5939.16 5939.46 5939.8 5939.59 5938.44 5935.69 5934.18 5932.55 5931.8 5930.66 5929.68 5931.47 5935.23 5940.65 5945.3 5950.65 5956 5961.1 5966.55 5972.09 5977.82 5983.08 5988.26 5993.45 5998.46 6003.34 6008.26 6012.03 6015.21 6018.48 6023 6027.3 6031.91
5883.26 5885.86 5887.71 5887.44 5884.85 5881.01 5876.77 5872.67 5868.91 5865.26 5861.18 5856.46 5851.73 5851.66 5854.16 5857.67 5863.96 5870.84 5878.06 5887.87 5898.62 5908.8 5918 5925.43 5930.94 5934.63 5936.8 5938.11 5939.15 5939.64 5940.29 5940.84 5941.46 5942.85 5943.65 5944.65 5945.69 5945.67 5946.66 5948.35 5946.66 5943.42 5939.65 5938.16 5937.96 5940.45 5942.94 5946.59 5950.87 5955.09 5959.71 5964.47 5969.2 5974.47 5979.31 5984.3 5988.89 5993.2 5997.72 6001.62 6005.36 6008.04 6010.06 6013.48 6019.85 6025.35 6030.8
5885.33 5889.3 5892.12 5890.57 5885.75 5880.42 5875.13 5869.69 5864.59 5860.2 5856.64 5852.91 5849.65 5849.73 5852.37 5856.83 5863.34 5871.2 5877.48 5886.46 5896.38 5905.86 5913.87 5920.5 5925.73 5930.71 5934.21 5937.05 5939.12 5940.59 5941.99 5943.08 5944.64 5946.06 5947.84 5949.58 5951.67 5952.9 5955.49 5958.81 5959.21 5954.59 5947.48 5946.83 5947.2 5948.58 5950.99 5953.14 5956.66 5959.74 5963.16 5967.21 5971.79 5975.98 5980.19 5984.46 5988.7 5992.57 5996.42 5999.61 6002.69 6005.05 6008.25 6012.79 6016.97 6022.96 6029.07
5886.49 5890.24 5892.88 5890.73 5884.95 5878.79 5872.53 5866.27 5860.19 5855.71 5853.34 5851.17 5849.66 5850.06 5852.3 5856.02 5864.19 5874.04 5879.18 5886.89 5896.03 5904.74 5911.65 5917.26 5922.87 5927.02 5932.46 5936.83 5940.18 5942.51 5944.56 5945.86 5947.42 5949.56 5951.61 5954.22 5956.6 5959.39 5964.16 5967.39 5970.84 5966.18 5960.95 5957.3 5955.93 5956.26 5957.14 5959.13 5961.61 5964.21 5967.23 5970.14 5973.54 5977.22 5981.02 5985.23 5988.83 5992.24 5995.58 5998.28 6000.68 6002.59 6004.59 6006.81 6013.46 6020.88 6027.65
5877.81 5880.93 5889.48 5887.5 5881.9 5875.8 5869.4 5863.22 5857.35 5853.39 5851.51 5850.34 5850.4 5851.67 5853.5 5857.56 5865.39 5874.32 5879.99 5888.16 5896.84 5904.36 5910.63 5915.33 5916.41 5924.04 5931.84 5936.89 5940.33 5943.05 5945.74 5947.94 5950.28 5952.47 5955.2 5957.87 5961.04 5964.03 5963.71 5970.34 5974.42 5974 5970.99 5965.96 5962.89 5962.46 5963.08 5964.43 5965.84 5967.56 5970.24 5973.03 5976.15 5979.95 5983.1 5986.2 5989.42 5993.05 5995.8 5998.1 6000.02 6001.71 6002.38 6002.87 6011.61 6020.42 6028.17
5872.33 5873.92 5881.52 5881.35 5877.07 5871.84 5865.77 5860.32 5855.58 5852.04 5850.13 5849.58 5850.61 5852.69 5854.46 5858.9 5866.37 5876.27 5882.81 5890.32 5898.36 5905.81 5912.02 5917.81 5924.82 5930.67 5934.61 5938.19 5941.23 5944.33 5946.82 5949.61 5951.89 5954 5956.52 5959.8 5964.08 5968.85 5974.57 5974.98 5977.28 5974.66 5974.93 5969.39 5968.01 5968.03 5967.32 5968.11 5969.38 5971.13 5973.22 5976.67 5979.15 5982.59 5985.49 5988.45 5991.17 5993.73 5996.4 5998.81 6001.2 6003.06 6004.42 6006.58 6013.92 6022.29 6030.32
5869.9 5870.76 5873.71 5875.86 5872.56 5867.86 5862.25 5856.94 5853.67 5850.49 5848.9 5848.49 5849.33 5850.86 5854.2 5859.17 5865.23 5872.79 5883.14 5893.14 5901.31 5908.45 5914.32 5920.67 5927.78 5933.29 5936.81 5940.13 5943.74 5946.45 5948.95 5951.56 5953.58 5955.13 5957.3 5959.75 5963.74 5968.62 5974.07 5975.28 5975.6 5966.66 5960.37 5969.87 5972.46 5973.15 5973 5973.89 5973.84 5975.36 5976.87 5979.96 5982.33 5984.65 5987.34 5990.09 5992.86 5995.62 5998.27 6000.83 6003.12 6005.92 6008.97 6012.68 6018.92 6026.33 6032.51
5867.94 5867.32 5877.84 5873.57 5869.06 5864.24 5858.67 5853.36 5849.84 5848.09 5847.6 5847.92 5848.94 5850.76 5854.79 5859.25 5863.58 5870.14 5887.59 5898.51 5904.92 5911.12 5916.75 5922.84 5928.52 5933.45 5938.58 5942.22 5945.75 5948.76 5951.21 5953.2 5955.12 5956.3 5957.85 5959.94 5961.59 5963.68 5968.13 5971.33 5971.13 5975.99 5978.08 5976.59 5976.58 5976.84 5976.9 5976.84 5979.17 5980.64 5981.66 5984.03 5986.12 5988.33 5990.34 5992.82 5995.11 5997.73 6000.47 6003.28 6005.74 6009.62 6013.96 6018.06 6024.98 6033.03 6039.21
5868.6 5860.46 5871.42 5871.14 5866.95 5861.42 5856.13 5851.13 5846.86 5846.94 5847.57 5848.94 5850.6 5853.66 5857.64 5862.67 5868.25 5875.76 5896.69 5903.63 5907.88 5913.31 5919.31 5925.28 5930.83 5936.11 5940.78 5944.9 5948.25 5951.38 5953.87 5956.18 5957.58 5958.27 5958.91 5959.19 5958.63 5958.04 5960.99 5965.83 5969.64 5980.81 5985.76 5983.3 5981.88 5981.75 5981.63 5982.88 5983.67 5984.7 5986.35 5988.03 5989.99 5992.15 5993.85 5996 5998.25 6000.78 6003.22 6005.84 6009.71 6013.93 6019.54 6025.84 6033.21 6040.55 6048.36
5877.23 5871.1 5870.68 5871.84 5867.82 5861.63 5855.4 5850.75 5848.68 5848.31 5849.96 5852.31 5854.12 5856.91 5861.25 5868.15 5876.02 5883.75 5895.35 5901.65 5908.36 5915.29 5922.07 5928.15 5934.08 5938.71 5943.86 5947.82 5951.3 5954.6 5956.63 5958.39 5959.45 5959.98 5960.04 5959.07 5958.09 5956.79 5958.27 5960.76 5969.57 5980.48 5985.89 5986.09 5985.49 5985.89 5985.55 5987.26 5987.68 5989.33 5990.83 5991.63 5993.84 5994.54 5996.6 5998.74 6000.96 6003.54 6006.16 6008.81 6012.47 6017.39 6023.37 6031.46 6039.5 6043.82 6049.86
