real_craters/C140-750m.grd
DSAA
121 121
-44.975 44.975
-44.975 44.975
4598.4338672638 8100.9419957239
[rows 76 to 113 of 121, columns 0 to 83 of 121]
5896 5888 5885 5893 5900 5898 5896 5892 5894 5900 5906 5911 5916 5923 5933 5942 5949 5953 5962 5969 5967 5972 5980 5987 5997 6008 6010 6023 6034 6051 6058 6063 6068 6071 6072 6073 6074 6078 6085 6084 6094 6104 6118 6111 6142 6144 6139 6122 6099 6075 6057 6081 6265 6440 6414 6375 6426 6545 6475 6409 6417 6394 6372 6375 6370 6322 6251 6254 6249 6213 6179 6144 6111 6080 6048 6033 6036 6035 6027 6027 6018 6013 6012 6019
5908 5899 5897 5901 5905 5903 5897 5892 5899 5905 5911 5919 5922 5925 5935 5944 5952 5956 5965 5970 5972 5979 5982 5986 5992 6001 6013 6021 6037 6042 6049 6058 6063 6064 6065 6067 6068 6069 6073 6075 6078 6078 6081 6074 6086 6118 6127 6110 6089 6067 6058 6074 6178 6341 6363 6318 6360 6363 6346 6305 6275 6304 6279 6263 6228 6138 6121 6113 6104 6125 6127 6109 6086 6058 6031 6018 6017 6010 6015 6018 6014 6013 6019 6015
5908 5904 5901 5908 5913 5910 5907 5907 5909 5910 5913 5918 5921 5929 5938 5948 5959 5972 5972 5975 5976 5972 5981 5988 5994 6003 6010 6016 6029 6038 6046 6055 6064 6067 6064 6063 6060 6059 6058 6056 6055 6052 6045 6047 6054 6060 6093 6089 6083 6078 6076 6080 6107 6138 6193 6213 6242 6251 6262 6279 6280 6270 6252 6214 6168 6116 6084 6059 6060 6071 6078 6076 6063 6042 6017 6011 6011 6005 6001 6006 6003 6008 6018 6010
5919 5916 5917 5920 5918 5918 5919 5926 5920 5917 5915 5922 5929 5936 5942 5951 5962 5971 5974 5975 5974 5978 5986 5994 6000 6007 6017 6017 6013 6028 6039 6053 6063 6068 6062 6055 6050 6048 6045 6041 6037 6031 6030 6024 6025 6055 6052 6066 6078 6092 6104 6107 6103 6098 6112 6127 6132 6149 6194 6231 6280 6253 6232 6191 6146 6114 6089 6054 6044 6050 6056 6057 6051 6041 6025 6008 6009 6006 6001 6003 5997 5998 6007 6006
5934 5931 5939 5936 5924 5925 5926 5921 5928 5928 5926 5935 5937 5939 5946 5952 5958 5965 5971 5976 5980 5986 5995 6000 6006 6007 6011 6010 6013 6026 6042 6050 6059 6066 6054 6042 6033 6028 6022 6019 6016 6013 6008 6005 6007 6002 6017 6049 6072 6095 6120 6142 6134 6146 6156 6146 6136 6131 6153 6184 6217 6197 6164 6146 6120 6096 6075 6048 6045 6047 6050 6051 6049 6048 6040 6012 6008 6004 6003 6008 5991 5988 5991 5994
5956 5951 5959 5955 5945 5942 5943 5940 5940 5942 5950 5944 5944 5949 5949 5951 5957 5964 5970 5976 5979 5991 5997 6000 6001 6001 5998 5996 6006 6023 6042 6041 6039 6043 6030 6021 6014 6007 6003 5999 5995 5994 5978 5992 5998 6016 6026 6039 6059 6085 6122 6146 6147 6165 6176 6161 6143 6127 6131 6146 6153 6134 6105 6101 6094 6084 6052 6046 6047 6049 6049 6048 6048 6048 6044 6044 6017 6008 6001 6005 5981 5980 5981 5986
5967 5971 5973 5968 5964 5962 5960 5956 5951 5949 5946 5941 5947 5952 5949 5948 5948 5956 5968 5982 6001 6010 6014 6002 5994 5995 5992 5989 5994 6005 6021 6017 6003 5990 5992 5998 5997 5994 5987 5981 5978 5973 5960 5960 5968 5967 6012 6028 6046 6065 6081 6120 6141 6170 6173 6142 6118 6105 6109 6117 6112 6093 6073 6073 6071 6068 6062 6050 6051 6053 6048 6045 6045 6046 6044 6035 6032 6024 6039 6010 5984 5977 5983 5993
5958 5969 5966 5966 5969 5973 5975 5964 5957 5956 5952 5948 5948 5947 5948 5948 5950 5955 5965 5979 5995 6006 6014 6007 5997 5994 5991 5982 5959 5971 5987 5987 5980 5976 5976 5979 5982 5983 5981 5975 5966 5954 5945 5937 5942 5950 5979 6011 6034 6048 6065 6092 6114 6147 6154 6144 6115 6105 6097 6085 6081 6071 6061 6057 6052 6044 6044 6044 6047 6050 6040 6036 6035 6041 6041 6034 5982 6016 6009 5997 5975 5971 5974 5975
5937 5937 5948 5959 5972 5981 5982 5972 5967 5968 5968 5960 5955 5951 5952 5952 5947 5954 5961 5970 5975 5982 6016 6004 5994 5991 5992 5995 5946 5937 5947 5948 5946 5949 5955 5966 5972 5971 5968 5962 5952 5940 5934 5941 5938 5949 5976 6008 6034 6054 6064 6067 6063 6088 6114 6134 6117 6111 6099 6083 6068 6060 6052 6048 6043 6036 6035 6036 6034 6023 6026 6025 6022 6013 6019 6026 6031 6018 6008 5985 5967 5961 5960 5960
5926 5939 5953 5962 5969 5975 5983 5985 5983 5977 5976 5970 5963 5957 5960 5959 5963 5957 5958 5962 5967 5973 5996 5996 5986 5978 5973 5960 5928 5916 5913 5925 5937 5939 5948 5962 5969 5970 5966 5956 5946 5939 5935 5939 5942 5955 5980 6013 6040 6050 6053 6055 6062 6068 6093 6114 6117 6115 6102 6090 6074 6063 6052 6045 6041 6038 6023 6030 6027 6017 6015 6013 6008 6002 6006 6011 6013 6014 6012 5987 5961 5958 5959 5958
5922 5947 5952 5960 5967 5971 5978 5980 5980 5979 5976 5967 5967 5980 5967 5956 5953 5950 5950 5956 5969 5994 5980 5983 5970 5952 5935 5923 5895 5900 5924 5945 5955 5954 5967 5978 5984 5982 5973 5964 5952 5946 5944 5950 5958 5973 6005 6012 6037 6054 6042 6046 6044 6047 6086 6107 6109 6115 6098 6090 6090 6057 6046 6043 6040 6039 6045 6035 6031 6020 6014 6009 6004 6001 6005 6010 6020 5993 5963 5997 5951 5960 5964 5959
5908 5919 5933 5950 5963 5974 5973 5964 5959 5970 5973 5957 5960 5961 5950 5938 5934 5929 5931 5939 5953 5967 5973 5976 5946 5921 5895 5863 5878 5900 5915 5937 5961 5974 6003 6010 6019 6019 6004 5983 5961 5941 5945 5960 5985 6001 5999 5985 5986 6025 6028 6040 6048 6044 6059 6095 6100 6091 6086 6082 6081 6058 6046 6042 6039 6038 6042 6055 6043 6029 6017 6008 6004 6005 6014 6027 6080 5948 5823 5797 5954 5982 5975 5964
5894 5914 5934 5944 5947 5946 5944 5945 5948 5956 5970 5965 5941 5931 5924 5910 5902 5906 5911 5914 5918 5926 5923 5919 5911 5897 5874 5856 5874 5890 5897 5914 5960 5998 6006 6042 6071 6064 6038 6001 5968 5945 5938 5952 5976 5983 5968 5944 5929 5990 6021 6024 6033 6024 6034 6063 6075 6070 6075 6072 6055 6054 6045 6040 6039 6042 6043 6059 6048 6029 6011 6004 6003 6007 6023 6036 5973 5918 5814 5753 5925 5985 5977 5963
5884 5920 5948 5936 5921 5917 5910 5916 5937 5922 5918 5908 5902 5902 5895 5883 5880 5885 5891 5892 5885 5867 5870 5873 5883 5883 5876 5872 5879 5879 5886 5903 6013 6080 6093 6142 6153 6115 6064 6017 5972 5936 5947 5938 5923 5930 5924 5916 5915 5937 5975 5986 5992 5999 6009 6024 6037 6050 6068 6071 6049 6046 6041 6037 6036 6037 6047 6072 6048 6016 6000 6000 6004 6014 6026 6037 6027 5982 5930 5926 5959 5978 5977 5966
5891 5900 5902 5882 5877 5875 5876 5873 5855 5864 5864 5861 5861 5858 5852 5857 5862 5868 5873 5875 5871 5863 5867 5866 5875 5880 5883 5885 5877 5877 5914 5977 6122 6224 6335 6350 6250 6156 6084 6023 5972 5933 5919 5911 5895 5898 5905 5904 5903 5901 5930 5955 5970 5983 5998 6011 6030 6051 6056 6055 6050 6038 6037 6035 6031 6033 6051 6056 6029 6008 5998 6001 6006 6014 6028 6037 6048 6033 6028 6036 6001 5983 5975 5966
5904 5875 5846 5838 5843 5841 5846 5845 5835 5838 5842 5841 5843 5842 5842 5844 5850 5856 5861 5867 5869 5876 5871 5868 5878 5884 5886 5886 5881 5878 5968 6099 6222 6303 6445 6441 6261 6147 6067 6006 5959 5916 5891 5891 5891 5890 5890 5895 5897 5896 5914 5943 5959 5970 5996 6011 6059 6076 6068 6057 6049 6039 6035 6034 6031 6034 6047 6028 6001 6000 6004 6004 6010 6019 6031 6046 6042 6042 6038 6030 6010 5987 5974 5967
5850 5849 5839 5835 5834 5836 5840 5836 5834 5835 5838 5837 5837 5839 5840 5841 5844 5849 5854 5861 5867 5875 5884 5897 5891 5891 5892 5891 5883 5878 5989 6178 6242 6236 6249 6207 6151 6085 6029 5977 5937 5902 5889 5888 5891 5887 5886 5891 5892 5891 5911 5937 5955 5974 5999 6036 6150 6142 6071 6065 6045 6033 6033 6035 6045 6043 6044 6022 5988 5992 6001 6007 6011 6021 6032 6035 6045 6046 6040 6029 6006 5987 5979 5972
5847 5848 5838 5843 5837 5833 5834 5832 5831 5832 5834 5835 5836 5836 5835 5839 5842 5847 5851 5855 5860 5862 5869 5891 5894 5895 5894 5895 5894 5890 5949 6021 6083 6087 6047 5982 6013 6008 5979 5944 5905 5888 5890 5888 5887 5886 5885 5883 5884 5894 5914 5935 5952 5971 6028 6114 6302 6258 6164 6079 6030 6020 6024 6028 6034 6038 6040 6028 5986 5989 6007 6010 6019 6030 6038 6044 6041 6036 6033 6016 6001 5990 5987 5981
5863 5863 5875 5859 5846 5835 5831 5829 5830 5831 5833 5835 5837 5834 5833 5835 5839 5843 5847 5850 5852 5854 5862 5876 5887 5896 5903 5906 5908 5913 5925 5923 5948 5974 5954 5925 5940 5949 5941 5920 5892 5886 5888 5887 5887 5885 5884 5881 5881 5891 5918 5941 5955 5960 6066 6311 6424 6335 6166 6051 6015 6003 6014 6022 6030 6034 6028 6010 5985 5992 6008 6024 6039 6045 6049 6049 6046 6038 6031 6020 6010 6008 5998 5993
5870 5876 5879 5876 5854 5835 5827 5826 5828 5833 5835 5835 5838 5832 5832 5835 5837 5839 5842 5845 5847 5849 5853 5861 5877 5892 5909 5914 5920 5926 5935 5947 5937 5935 5923 5910 5914 5919 5915 5904 5890 5883 5885 5884 5884 5884 5883 5883 5886 5896 5925 5945 5944 5954 6097 6375 6498 6334 6090 6003 6007 6001 6007 6017 6023 6027 6020 5997 5989 6001 6026 6039 6043 6058 6066 6065 6057 6050 6037 6022 6009 6005 6001 6000
5900 5892 5872 5869 5870 5852 5827 5830 5834 5836 5840 5838 5830 5828 5827 5833 5836 5839 5840 5841 5841 5842 5847 5855 5870 5884 5900 5911 5923 5937 5945 5946 5951 5928 5915 5910 5907 5904 5900 5896 5892 5884 5883 5882 5883 5883 5884 5889 5890 5910 5933 5945 5938 5961 6109 6359 6465 6281 6048 5977 5995 5988 6005 6018 6022 6035 6022 6004 5993 6005 6033 6055 6065 6075 6083 6081 6068 6053 6048 6029 6009 5998 5994 5998
5949 5916 5875 5859 5868 5859 5846 5849 5863 5867 5864 5852 5837 5830 5832 5834 5838 5839 5838 5837 5836 5836 5842 5848 5861 5875 5890 5904 5920 5943 5961 5943 5938 5919 5909 5913 5904 5897 5896 5895 5890 5881 5880 5881 5881 5881 5883 5886 5907 5936 5939 5934 5930 5952 6140 6397 6384 6214 6036 5972 5981 5991 6009 6026 6037 6032 6028 6019 5996 6004 6035 6064 6078 6086 6090 6086 6076 6063 6050 6036 6020 5998 5989 5996
5937 5923 5900 5862 5849 5858 5853 5866 5898 5933 5911 5878 5847 5838 5843 5836 5845 5844 5841 5837 5832 5828 5840 5843 5855 5869 5881 5895 5907 5921 5932 5926 5912 5903 5896 5888 5885 5889 5892 5897 5897 5885 5882 5880 5884 5887 5888 5903 5949 5954 5952 5937 5923 5934 6048 6167 6166 6099 6011 5967 5982 6003 6015 6028 6035 6038 6041 6034 6010 6004 6023 6048 6071 6087 6096 6087 6075 6066 6054 6044 6030 6005 5992 5999
5897 5912 5928 5924 5897 5883 5881 5890 5909 5944 5935 5900 5869 5855 5854 5864 5859 5853 5847 5840 5833 5828 5835 5840 5851 5864 5879 5887 5897 5907 5914 5909 5898 5888 5882 5876 5875 5880 5887 5895 5898 5898 5888 5884 5892 5901 5909 5935 5955 5961 5960 5942 5918 5919 5942 5988 6012 6001 5976 5971 5982 5997 6013 6026 6032 6043 6061 6070 6045 6012 6012 6017 6045 6061 6113 6067 6059 6065 6067 6049 6032 6012 6001 6005
5868 5891 5921 5937 5944 5904 5884 5881 5891 5918 5933 5912 5887 5873 5874 5879 5873 5864 5856 5847 5838 5829 5833 5838 5848 5858 5868 5880 5888 5895 5903 5897 5886 5877 5872 5866 5864 5871 5878 5889 5897 5897 5896 5896 5908 5921 5938 5955 5979 5966 5948 5934 5924 5923 5932 5944 5955 5960 5965 5974 5988 6003 6016 6023 6022 6044 6079 6113 6102 6028 6034 6046 6032 5973 5928 5993 6027 6054 6062 6050 6029 6018 6013 6011
5845 5863 5883 5897 5895 5882 5865 5859 5877 5904 5929 5918 5904 5897 5891 5893 5884 5876 5867 5858 5848 5842 5839 5840 5845 5852 5861 5873 5883 5891 5901 5897 5881 5871 5866 5863 5862 5862 5867 5873 5889 5897 5907 5918 5924 5940 5961 5971 5977 5970 5953 5934 5921 5922 5930 5936 5943 5950 5968 5991 5992 6003 6010 6017 6018 6043 6082 6126 6145 6052 6072 6102 6003 5916 5888 5940 6001 6050 6063 6053 6041 6031 6021 6014
5831 5839 5847 5844 5850 5856 5852 5858 5883 5911 5925 5920 5904 5895 5905 5899 5893 5887 5880 5872 5861 5853 5850 5848 5848 5856 5863 5871 5881 5894 5911 5904 5887 5875 5866 5860 5858 5856 5858 5864 5874 5887 5902 5917 5930 5947 5966 5980 5984 5980 5967 5948 5933 5929 5931 5939 5944 5946 5969 5982 5996 6010 6020 6009 6015 6035 6064 6090 6085 6041 6091 6115 5968 5893 5868 5929 5996 6045 6060 6053 6049 6039 6021 6015
5824 5826 5835 5838 5842 5844 5846 5853 5880 5914 5937 5919 5899 5896 5903 5902 5898 5893 5890 5887 5881 5877 5875 5869 5863 5858 5865 5873 5878 5888 5912 5902 5887 5874 5862 5854 5849 5850 5853 5856 5865 5875 5890 5908 5926 5944 5963 5977 5984 5986 5981 5973 5955 5946 5944 5946 5948 5959 5977 5992 6001 6013 6020 6013 6005 6020 6036 6045 6032 6037 6058 6077 6039 5912 5891 5954 6013 6056 6042 6047 6047 6042 6031 6022
5833 5844 5842 5834 5838 5849 5852 5851 5863 5898 5921 5907 5887 5870 5885 5892 5894 5895 5898 5902 5908 5908 5907 5903 5890 5878 5875 5876 5877 5873 5888 5890 5881 5864 5858 5852 5848 5849 5854 5861 5866 5872 5883 5900 5919 5937 5951 5968 5973 5983 5978 5966 5958 5955 5954 5952 5957 5966 5984 5996 5998 6005 6005 6000 5998 6005 6012 6014 6016 6020 6028 6036 6044 6045 6005 6007 6038 6068 6046 6045 6048 6043 6041 6030
5845 5847 5864 5881 5871 5871 5867 5868 5877 5890 5894 5892 5877 5863 5871 5882 5888 5894 5902 5913 5927 5933 5928 5924 5910 5897 5890 5886 5885 5889 5903 5901 5887 5868 5860 5854 5850 5848 5852 5861 5863 5870 5881 5896 5913 5929 5945 5950 5961 5973 5972 5961 5958 5958 5955 5953 5954 5964 5978 5996 5999 6001 5998 5999 5996 5995 5995 5993 5988 6002 6018 6025 6031 6043 6044 6041 6053 6065 6052 6048 6054 6058 6038 6021
5866 5877 5891 5910 5921 5898 5885 5877 5888 5900 5908 5891 5874 5860 5858 5865 5874 5889 5902 5915 5928 5933 5932 5930 5924 5913 5905 5900 5898 5903 5930 5922 5902 5881 5867 5857 5848 5844 5846 5854 5859 5870 5883 5896 5910 5922 5931 5940 5947 5956 5958 5960 5952 5964 5956 5945 5937 5937 5952 5975 5996 5998 5998 5995 5991 5988 5986 5983 5978 5984 6002 6016 6028 6046 6047 6050 6054 6053 6057 6060 6060 6057 6031 6012
5894 5900 5914 5926 5919 5908 5901 5903 5911 5905 5891 5879 5869 5860 5858 5864 5874 5885 5899 5913 5925 5931 5931 5929 5933 5928 5921 5914 5910 5910 5955 5942 5925 5898 5879 5864 5849 5841 5843 5850 5861 5872 5883 5896 5909 5920 5926 5930 5938 5950 5954 5956 5934 5948 5942 5932 5923 5915 5936 5965 5986 5987 5990 5987 5985 5983 5983 5981 5981 5985 5994 6006 6015 6027 6037 6046 6055 6063 6066 6065 6059 6046 6030 6015
5930 5938 5934 5925 5903 5908 5909 5910 5914 5901 5887 5877 5868 5860 5862 5863 5869 5882 5895 5909 5918 5928 5932 5933 5933 5938 5933 5926 5923 5926 5939 5968 5949 5922 5897 5874 5857 5847 5847 5851 5862 5870 5882 5893 5906 5918 5923 5925 5941 5941 5938 5939 5940 5922 5920 5912 5908 5909 5920 5938 5953 5964 5976 5975 5979 5981 5983 5985 5988 5988 5996 6005 6009 6015 6025 6034 6041 6050 6057 6059 6057 6050 6036 6017
5970 5981 5966 5930 5910 5923 5926 5917 5912 5898 5891 5884 5873 5861 5860 5862 5867 5879 5893 5907 5921 5929 5937 5941 5940 5943 5942 5937 5935 5938 5933 5960 5954 5931 5905 5881 5861 5848 5848 5854 5862 5866 5873 5888 5901 5912 5917 5918 5931 5943 5934 5931 5924 5913 5905 5894 5885 5910 5919 5924 5926 5937 5948 5968 5973 5979 5985 5989 5993 5994 5992 6000 6005 6010 6018 6025 6029 6038 6047 6049 6052 6051 6040 6022
6003 6016 6021 6001 5983 5945 5931 5917 5887 5899 5903 5900 5887 5877 5861 5862 5867 5879 5892 5906 5916 5929 5940 5954 5961 5954 5952 5949 5946 5942 5954 5962 5962 5940 5911 5889 5869 5855 5855 5860 5865 5868 5874 5885 5896 5906 5915 5911 5918 5926 5931 5940 5935 5918 5904 5891 5888 5909 5939 5921 5913 5921 5937 5960 5969 5978 5986 5993 6000 6006 5998 6001 6003 6007 6016 6023 6028 6034 6041 6042 6046 6045 6037 6020
6014 6029 6060 5969 5919 5860 5890 5961 5922 5917 5905 5886 5868 5864 5862 5863 5870 5881 5894 5909 5922 5930 5940 5955 5974 5970 5966 5964 5962 5967 5979 6006 6001 5958 5921 5904 5882 5864 5870 5866 5868 5870 5876 5884 5890 5896 5904 5898 5902 5920 5935 5957 5945 5922 5911 5900 5896 5916 5907 5912 5907 5916 5929 5946 5963 5974 5984 5994 6001 6009 6009 6008 6010 6011 6018 6026 6030 6037 6041 6041 6042 6038 6029 6022
5987 5933 5814 5719 5607 5654 5780 5956 5964 5959 5911 5847 5853 5855 5857 5864 5871 5882 5898 5912 5922 5928 5935 5939 5947 5983 5978 5977 5978 5984 5997 6013 6008 5986 5967 5931 5901 5881 5880 5881 5880 5881 5884 5888 5891 5889 5905 5900 5905 5921 5932 5957 5953 5936 5922 5912 5905 5897 5895 5911 5916 5923 5934 5954 5962 5971 5981 5991 6000 6008 6014 6011 6017 6016 6020 6029 6042 6043 6045 6044 6043 6038 6034 6025
5950 5807 5625 5560 5514 5536 5617 5726 5979 6032 5964 5912 5884 5871 5864 5867 5877 5890 5902 5911 5920 5927 5933 5940 5964 5978 5985 5990 5995 5999 6005 6010 6009 6001 5983 5954 5924 5896 5891 5893 5891 5891 5893 5897 5901 5907 5914 5911 5908 5916 5934 5947 5944 5937 5929 5921 5909 5896 5907 5921 5923 5928 5938 5944 5954 5965 5975 5985 5996 6005 6006 6008 6011 6016 6021 6028 6035 6045 6051 6053 6051 6041 6025 6024
