real_craters/C141-300m.grd
DSAA
302 302
-45.0975 45.0975
-45.0975 45.0975
3353.0496157968 5383.364869043
[rows 30 to 59 of 302, columns 0 to 66 of 302]
5053.53 5052.39 5051.64 5051.22 5051.06 5051.88 5052.4 5051.93 5051.32 5050.57 5049.73 5048.73 5047.66 5046.54 5045.53 5044.56 5044 5045.05 5046.16 5046.71 5046.31 5045.41 5047.61 5049.53 5051.45 5048.8 5045.78 5042.93 5040.17 5037.29 5033.92 5030.03 5026.1 5022.46 5019.22 5019.04 5019.37 5020 5020.85 5021.92 5022.26 5019.9 5018.07 5016 5013.83 5011.71 5009.87 5007.95 5006.29 5004.9 5003.04 5001.1 4999.14 4996.36 4993.83 4991.11 4987.73 4983.77 4979.79 4977 4973.58 4969.44 4965.95 4964.7 4974.88 4967.7 4960.96
5052.23 5051.09 5050.19 5049.66 5049.68 5049.99 5050.85 5050.6 5050.04 5049.37 5048.66 5047.76 5046.75 5045.6 5044.54 5043.5 5042.67 5043.45 5044.34 5044.83 5045.1 5045.93 5046.66 5047.27 5047.24 5046.42 5044.38 5041.85 5039.15 5036.46 5033.52 5029.51 5025.99 5022.99 5021.29 5019.56 5019.37 5019.78 5020.4 5020.62 5019.76 5017.52 5016.5 5014.78 5012.22 5009.94 5008.56 5007.05 5005.54 5003.67 5001.91 5000.04 4998.17 4995.98 4994.39 4991.92 4989 4985.78 4982.8 4978.83 4974.44 4969.78 4965.43 4960.67 4961.51 4968.2 4959.87
5050.67 5049.48 5048.42 5047.77 5047.62 5048.16 5049.33 5049.04 5048.81 5048.44 5047.7 5046.87 5045.95 5044.99 5044.02 5043.2 5042.85 5042.97 5043.24 5043.51 5043.86 5044.34 5045.15 5045.13 5044.53 5044.13 5042.68 5040.55 5037.92 5034.88 5031.5 5028.52 5025.71 5023.05 5020.69 5019.25 5019.14 5019.37 5019.91 5020.49 5019.06 5018.73 5016.48 5013.96 5011.1 5008.63 5007.19 5005.98 5004.67 5002.89 5001.15 4999.56 4997.68 4995.59 4994.03 4991.86 4990.04 4988.55 4986.99 4980.34 4975.16 4970.67 4966.85 4963.57 4964.23 4964.13 4957.24
5048.95 5047.67 5046.48 5045.43 5044.36 5045.42 5046.43 5047.01 5047.25 5047.17 5046.62 5045.9 5045.11 5044.25 5043.48 5042.84 5042.49 5042.31 5042.5 5042.57 5042.65 5042.76 5043.55 5043.95 5043.47 5042.71 5041.28 5039.35 5036.85 5033.83 5030.19 5028.2 5025.84 5023.23 5020.6 5018.95 5018.68 5018.66 5018.94 5019.92 5022.81 5020.58 5016.12 5013.05 5009.82 5007.12 5005.93 5005.06 5003.73 5002.31 5001.06 4999.28 4997.62 4995.53 4993.67 4991.51 4989.39 4986.99 4982.56 4978.58 4975.07 4971.08 4968.2 4967.43 4965.24 4958.55 4952.95
5046.85 5045.75 5044.65 5043.62 5042.6 5042.34 5044.09 5044.87 5045.49 5045.86 5045.37 5044.76 5044.07 5043.48 5042.92 5042.42 5041.88 5041.79 5041.97 5042 5042.01 5042.12 5043.13 5043.7 5043.11 5041.75 5040.13 5038.36 5036.24 5033.89 5031.58 5029.09 5026.53 5023.86 5021.24 5019.3 5018.5 5017.69 5017.08 5016.72 5015.74 5015.38 5014.12 5011.89 5009.24 5006.73 5005.46 5004.48 5003.19 5001.88 5000.02 4998.19 4997.38 4995.94 4993.37 4991.36 4989.15 4985.6 4981.11 4978.78 4974.94 4970.34 4966.66 4963.55 4960.17 4954.56 4949.25
5044.71 5044.03 5043.18 5042.35 5041.75 5041.7 5042.08 5042.82 5043.41 5043.84 5043.6 5043.23 5042.84 5042.48 5042.18 5041.98 5041.98 5041.92 5041.6 5041.44 5041.45 5042.04 5043.18 5043.06 5042.16 5040.57 5038.96 5037.33 5035.66 5033.99 5032.39 5030.05 5027.25 5024.63 5022.47 5020.59 5018.23 5016.35 5014.71 5013.35 5012.85 5014.28 5012.39 5010.68 5008.9 5006.91 5005.49 5004.29 5002.88 5001.31 4999.67 4997.65 4995.6 4993.9 4992.39 4990.7 4988.75 4987.57 4985.36 4980.94 4975.68 4970 4964.25 4958.09 4951.78 4950.65 4949.66
5043.07 5042.62 5042.01 5041.38 5040.68 5041.14 5041.15 5040.91 5041.24 5041.47 5041.72 5041.73 5041.62 5041.5 5041.45 5041.44 5041.44 5041.14 5040.98 5040.55 5040.28 5040.34 5041.07 5040.92 5039.92 5038.64 5037.3 5036.02 5034.76 5033.52 5032.29 5030.22 5027.41 5024.89 5022.74 5020.28 5017.68 5014.87 5012.43 5009.86 5006.6 5005.51 5009.42 5010.07 5008.62 5006.46 5005.31 5004.34 5003.36 5001.03 4998.84 4997.26 4995.66 4993.74 4991.11 4989.79 4988.66 4987.75 4986.09 4981.98 4975.72 4968.63 4961.87 4955.65 4950 4951.96 4950.71
5042.39 5042.06 5041.35 5040.88 5040.3 5039.26 5038.55 5038.79 5039.32 5040.08 5040.24 5040.26 5040.37 5040.42 5040.49 5040.62 5040.86 5041.08 5040.14 5039.19 5038.57 5038.31 5038.49 5038.32 5037.26 5036.23 5035.31 5034.42 5033.48 5032.51 5031.2 5029.33 5027.11 5024.65 5022.34 5020.49 5016.43 5013.41 5010.99 5008.4 5005.95 5008.27 5009.83 5010.19 5009.61 5007.49 5006.25 5005.33 5003.01 5001.3 4999.24 4997.08 4994.37 4992.22 4990.82 4989.26 4988.47 4987.72 4988.24 4984.75 4975.03 4966.17 4959.13 4953.68 4952.05 4945.03 4957.2
5042.19 5042.18 5041.52 5040.3 5039.12 5038.29 5037.27 5037.13 5037.72 5037.89 5038.1 5038.74 5039.12 5039.2 5039.21 5039.24 5039.62 5039.91 5038.46 5037.08 5036.16 5035.72 5035.47 5033.98 5033.48 5033.24 5032.88 5032.5 5031.98 5031.33 5030.3 5028.7 5026.51 5023.82 5020.84 5017.75 5014.52 5012.15 5010.11 5008.54 5008.57 5010.6 5011.46 5011.85 5011.32 5010.21 5007.54 5005.24 5003.05 5000.85 4998.07 4995.42 4993.42 4990.96 4988.55 4986.3 4984.58 4983.39 4982.93 4979.03 4969.93 4962.83 4956.01 4947.5 4950.96 4949.99 4925.4
5042.45 5042.46 5042.01 5041.14 5040.16 5038.65 5036.91 5036.75 5037.33 5037.15 5037.23 5037.85 5038.02 5037.85 5037.57 5037.25 5037.07 5036.53 5035.48 5034.2 5033.01 5032 5030.71 5029.58 5029.76 5030.09 5030.23 5030.26 5030.2 5029.95 5029.6 5028.63 5026.03 5022.76 5019.29 5014.82 5012.65 5010.91 5008.83 5007.9 5008.38 5010.1 5013.32 5013.89 5012.96 5009.57 5006.79 5005.57 5002.96 4999.95 4997.02 4993.84 4991.11 4988.52 4985.97 4982.65 4979.83 4976.43 4970.98 4964.87 4961.71 4959.32 4956.41 4953.14 4953.22 4939.98 4929.03
5042.74 5042.69 5042.53 5041.93 5041.35 5040.19 5039.66 5039 5038.24 5038.26 5038.55 5037.74 5037.1 5036.44 5035.75 5035.03 5034.27 5033.46 5032.19 5030.84 5029.63 5028.28 5026.71 5026.18 5026.62 5027.21 5027.71 5028.08 5028.34 5028.37 5028.14 5027.31 5024.69 5021.79 5018.74 5016.16 5013.06 5009.93 5008.36 5007.03 5007.31 5010.84 5015.18 5015.72 5015.48 5013.9 5011.72 5007.28 5002.66 4998.46 4995.37 4992.01 4988.8 4985.76 4982.38 4979.44 4975.95 4971.02 4962.79 4951.3 4956.05 4957.01 4956.55 4961.11 4955.13 4934.26 4921.86
5042.85 5043.05 5043.6 5043.02 5042.85 5041.94 5039.5 5039.53 5038.9 5038.64 5038.14 5037.62 5036.54 5035.33 5033.98 5032.82 5031.37 5029.7 5028.38 5027.51 5026.48 5025.34 5024.49 5023.4 5023.7 5024.54 5025.27 5025.82 5026.2 5026.25 5026.01 5025.11 5023 5020.38 5017.7 5015.21 5012.21 5009.55 5007.65 5006.01 5004.62 5003.24 5013.22 5017.16 5016.89 5016.74 5015.18 5006.14 5000.59 4996.58 4992.42 4988.82 4985.38 4982.06 4978.59 4975.6 4972.26 4969.01 4966.42 4967.99 4963.37 4955.84 4948.46 4937.96 4926.65 4923.32 4906.66
5041.99 5042.49 5044.51 5046.9 5046.44 5044.89 5042.68 5039.8 5039.49 5039.26 5038.78 5037.46 5035.8 5034.19 5032.34 5030.78 5028.87 5026.77 5025.46 5024.77 5023.92 5022.61 5020.86 5020.02 5021.12 5022.13 5022.96 5023.58 5024.07 5024.14 5023.8 5022.86 5021.01 5018.82 5016.28 5013.65 5010.85 5008.95 5006.24 5004.67 5004.84 5007.31 5017.87 5018.1 5015.44 5010.34 5003.06 5000.23 4997.03 4993 4989.13 4985.41 4981.89 4978.51 4975.1 4971.64 4968.79 4966.67 4966.93 4971.31 4961.48 4952.62 4945.99 4938.3 4927.38 4920.37 4908.34
5039.75 5039.48 5041.82 5051.84 5047.4 5046.7 5048.69 5045.01 5041.08 5039.42 5038.56 5036.65 5034.79 5033 5031.03 5029.2 5027.11 5025 5023.47 5022.89 5022.17 5020.98 5019.25 5018.13 5019.39 5020.4 5021.11 5021.6 5021.89 5021.99 5021.65 5020.72 5019.14 5017.12 5014.68 5012.24 5009.85 5007.2 5005.55 5004.86 5005.08 5009.7 5017.99 5016.6 5012.76 5006.68 4999.24 4997.25 4993.13 4988.96 4985.02 4981.34 4977.71 4974.13 4970.64 4967.14 4964.51 4960.64 4957.34 4949.8 4946.29 4945.27 4945.07 4945.43 4928.86 4918.45 4902.18
5036.93 5034.71 5030.4 5023.4 5036.21 5043.75 5049.58 5048.3 5041.25 5038.03 5036.11 5034.83 5033.29 5031.45 5029.6 5027.59 5025.58 5023.75 5022.44 5021.77 5021.28 5020.66 5019.87 5019.18 5019.08 5019.34 5019.62 5019.91 5020.02 5020.01 5019.73 5019.18 5017.78 5015.43 5012.83 5010.17 5007.51 5005.55 5004.71 5004 5003.57 5003.15 5004.99 5012.45 5009.48 5005.38 5002.58 4994.78 4989.33 4985.11 4980.94 4977.23 4973.74 4970.46 4966.99 4963.33 4959.48 4955.06 4949.73 4943.82 4940 4936.46 4932.86 4929.08 4918.22 4910.33 4895.18
5035.37 5033.15 5027.96 5021.68 5031.2 5039.34 5044.44 5043.78 5037.39 5035 5034.25 5033.33 5031.7 5029.92 5028.05 5026.19 5024.36 5022.68 5021.48 5020.99 5020.84 5020.83 5021.03 5021.22 5018.77 5018.14 5017.87 5017.8 5017.86 5017.78 5017.61 5017.23 5015.97 5013.41 5010.65 5008.13 5005.74 5003.77 5002.94 5002.21 5002.7 5003.19 5010.6 5010.29 5005.73 5000.02 4992.66 4988.46 4985.13 4981.54 4978.55 4974.98 4971.89 4968.42 4963.63 4960.56 4955.08 4950.32 4944.8 4937.88 4930.58 4928.4 4923.55 4919.62 4911.07 4904.81 4890.18
5034.06 5034.43 5036.77 5039.71 5035.37 5036.13 5036.87 5034.41 5030.43 5030.26 5031.18 5031.05 5029.72 5028.09 5026.36 5024.63 5023.02 5021.54 5020.5 5020.14 5020.23 5020.56 5021.02 5019.49 5017.42 5016.61 5016.15 5015.84 5015.62 5015.36 5015.06 5014.67 5013.57 5010.73 5007.93 5005.46 5003.87 5001.56 5001.07 5001.12 5001.68 5004.52 5008.25 5005.31 5000.49 4994.44 4988.69 4983.3 4979.29 4976.25 4973.28 4971.06 4967.07 4964.7 4961.18 4957.68 4953.38 4948.35 4942.68 4935.97 4931.25 4925.85 4919.9 4915.35 4906.62 4899.05 4879.11
5031.63 5033.04 5035.88 5038.01 5034.65 5032.29 5030.05 5026.19 5022.98 5025.4 5027.37 5028.03 5027.42 5026.04 5024.46 5022.86 5021.46 5020.23 5019.32 5019.09 5019.21 5019.35 5019.09 5017.04 5015.86 5015.08 5014.35 5013.85 5013.37 5012.84 5012.17 5011.23 5009.68 5007.44 5004.83 5002.31 4999.85 4998.27 4998.49 4998.79 5000.01 5001.23 5001.11 4998.73 4994.71 4988.77 4981.32 4975.85 4973.96 4971.73 4969.25 4966.62 4963.53 4960.48 4956.98 4953.67 4949.7 4945.6 4941.15 4937.22 4932.31 4925.01 4918.1 4910.14 4901.14 4890.99 4874.47
5027.47 5028.35 5028.38 5028.86 5029.1 5027.49 5025.04 5021.6 5019.81 5022.7 5025.2 5026.44 5025.43 5023.9 5022.26 5020.86 5019.72 5018.85 5018.38 5018.02 5017.76 5017.53 5016.99 5015.36 5013.97 5013.14 5012.4 5011.76 5011.05 5010.22 5009.2 5007.76 5005.69 5003.9 5001.77 4999.43 4997.08 4995.6 4995.54 4996.13 4996.76 4997.61 4997.97 4994.98 4990.04 4984.15 4977.4 4972.97 4970.56 4968.76 4966.29 4963.82 4960.27 4957.31 4953.96 4951.61 4947.95 4944.75 4940 4935.65 4929.7 4923.76 4915.92 4907.69 4896.77 4884.29 4869.51
5023.37 5023.95 5024.35 5024.19 5023.94 5022.95 5021.54 5020.33 5020.8 5021.68 5023.4 5024.37 5023.07 5021.43 5019.94 5018.7 5017.69 5017.05 5016.93 5016.51 5015.79 5015.19 5014.33 5012.81 5011.55 5011.1 5010.46 5009.68 5008.6 5007.55 5006.12 5004.86 5003.61 5001.27 4998.63 4996.34 4994.76 4993.35 4992.68 4992.75 4992.86 4992.82 4992.26 4989.48 4985.37 4980.47 4975.26 4970.9 4967.68 4965.64 4963.49 4961.02 4958.16 4955.02 4952.44 4949.14 4945.09 4941.84 4938.36 4935.3 4931.53 4923.89 4917.96 4907.67 4898.93 4881.34 4866.28
5019.41 5019.87 5019.81 5019.93 5019.47 5018.85 5018.38 5018.66 5019.3 5020.14 5020.84 5021.38 5019.86 5018.5 5017.21 5016.05 5015.21 5014.54 5014.31 5013.92 5013.11 5012.56 5012.08 5011.29 5009.86 5009.12 5008.27 5007.2 5005.96 5004.7 5003.3 5001.83 5000.28 4997.96 4995.49 4993.26 4991.46 4990.02 4989.04 4988.93 4988.63 4988.11 4985.97 4983.61 4981.55 4977.8 4972.51 4967.1 4965.52 4963.46 4961.09 4958.7 4955.72 4952.1 4948.92 4945.78 4942.38 4939.44 4936.39 4933.51 4930.61 4918.54 4906.13 4906.31 4899.07 4882.07 4867.74
5015.05 5015.32 5017.41 5015.83 5014.96 5014.78 5014.85 5015.05 5016.73 5018.08 5017.42 5016.19 5015.93 5015.14 5014.09 5013.04 5012.11 5011.35 5010.8 5010.32 5009.75 5009.21 5009.06 5009.03 5008.44 5007.83 5006.65 5005.29 5003.86 5002.22 5000.49 4998.62 4996.55 4994.49 4992.32 4990.15 4987.98 4985.83 4985.86 4985.81 4985.42 4984.49 4982.58 4980.99 4979.8 4976.74 4972.44 4968.66 4965.21 4962.24 4959.37 4956.14 4952.62 4949.09 4946.02 4942.86 4939.24 4935.78 4932.14 4929.5 4925.65 4917.02 4909.55 4905.22 4901.35 4883.63 4869.27
5010.19 5008.53 5007.79 5008.98 5009.91 5010.68 5011.28 5012.09 5014.21 5014.5 5013.89 5013.24 5012.62 5011.7 5010.72 5009.69 5008.72 5007.77 5006.99 5006.32 5006.32 5006.24 5006.6 5007.43 5007.93 5006.79 5005.09 5003.28 5001.51 4999.62 4997.62 4995.52 4993.73 4991.81 4989.02 4987.19 4985.74 4984.99 4983.22 4982.94 4982.72 4982.02 4981.22 4981.2 4980 4976.87 4972.97 4968.94 4964.87 4961.43 4957.76 4953.86 4949.86 4945.89 4942.41 4938.45 4935.45 4932.77 4928.47 4923.7 4917.92 4911.94 4911.46 4905.02 4900.94 4883.74 4870.81
5006.04 5002.81 4996.72 5002.82 5005.59 5006.91 5007.82 5008.53 5008.97 5009.75 5010.25 5010.14 5009.09 5008.07 5007.08 5006.11 5005.16 5004.21 5003.31 5002.92 5003.3 5004.21 5004.96 5005.61 5006.1 5005.02 5002.95 5001.11 4999.16 4997.2 4995.01 4992.37 4989.16 4985.85 4985.37 4984.58 4983.31 4981.61 4980.81 4980.64 4980.76 4980.38 4980.2 4981.21 4980.14 4977.42 4973.32 4967.96 4964.11 4961.11 4956.59 4951.64 4947.74 4943.47 4940.3 4936.39 4931.57 4927.99 4923.4 4918.72 4913.5 4909.03 4907.88 4896.76 4895.91 4882.59 4869
5003.49 5003.73 5005.45 5002.54 5003.18 5004.03 5004.78 5005.19 5005.69 5007.04 5006.74 5005.67 5004.92 5004.36 5003.53 5002.61 5001.64 5000.7 4999.79 4998.9 5000.24 5002.44 5003.2 5003.51 5001.94 5001.91 5000.61 4998.94 4996.94 4995.03 4992.69 4990.19 4986.82 4983.88 4984.05 4983.17 4981.72 4980.38 4979.26 4978.97 4978.92 4978.93 4978.56 4977.8 4979.95 4978.3 4975.35 4971.9 4968 4961.4 4955.32 4949.87 4944.93 4940.6 4936.52 4932.65 4929.54 4926.24 4922.05 4917.3 4913.02 4911.42 4910.34 4899.03 4887.72 4877.69 4865.37
5000.5 5001.36 5001.8 5001.19 5000.87 5001.18 5001.8 5002.33 5003.03 5003.95 5003.44 5002.56 5001.73 5000.91 5000.06 4999.1 4998.22 4997.56 4996.93 4996.81 4997.81 4998.72 5000.52 5001.97 5005.32 4999.26 4998.1 4996.46 4994.54 4992.99 4991.14 4989.46 4988.12 4987.89 4984.93 4982.42 4980.56 4979.12 4977.79 4977.67 4977.58 4977.79 4978.21 4978.89 4980.89 4978.69 4976.14 4974.1 4968.94 4960.48 4952.65 4946.32 4941.1 4936.69 4932.7 4929.51 4926.51 4921.55 4918.26 4914.85 4912.22 4909.03 4905.76 4899.67 4889.78 4875.16 4862.43
4996.45 4997.4 4997.97 4997.76 4997.73 4998.09 4998.69 4999.55 5000.69 5001.08 5000.11 4999.31 4998.51 4997.48 4996.52 4995.75 4994.99 4994.51 4994.21 4994.37 4995.17 4997.73 4997.16 4998.04 4997.94 4997.65 4995.82 4994.35 4992.87 4991.17 4989.8 4988.56 4987.55 4986.56 4984.08 4981.53 4979.38 4977.29 4976.01 4976.01 4976.82 4977.38 4978.33 4979.72 4980.27 4977.16 4973.65 4970.33 4965.84 4955.55 4946.74 4940.22 4934.99 4930.44 4926.9 4923.5 4920.65 4917.41 4914.51 4912.36 4909.9 4907.78 4903.01 4894.1 4889.51 4873.21 4858.72
4991.94 4992.35 4993.07 4993.78 4994.26 4994.84 4995.51 4996.44 4997.41 4996.93 4996.22 4995.53 4994.71 4993.88 4993.09 4992.4 4991.79 4991.37 4991.17 4991.34 4991.15 4989.93 4992.25 4993.27 4993.3 4993.64 4992.89 4991.94 4990.93 4989.86 4988.73 4987.49 4985.93 4984.06 4982.42 4980.53 4978.52 4976.79 4975.59 4975.43 4975.74 4976.57 4977.87 4978.42 4977.9 4973.62 4967.83 4961.72 4954.46 4945.36 4938.82 4933.84 4929.5 4925.75 4921.86 4918.86 4916.1 4913.1 4910.95 4909.41 4907 4901.09 4892.97 4885.01 4878.38 4866.33 4854.85
4987.76 4987.7 4988.6 4989.86 4990.7 4991.4 4992.08 4992.81 4993.52 4993.2 4992.48 4991.64 4990.86 4990.15 4989.47 4988.91 4988.36 4987.98 4987.68 4987.45 4986.81 4986.77 4988.32 4989.65 4989.74 4989.52 4989.95 4989.49 4988.67 4987.96 4987.29 4986.36 4985.07 4983.4 4981.68 4979.61 4977.49 4975.8 4974.62 4973.66 4974.28 4975.51 4976.71 4977.4 4975.86 4969.3 4960.35 4949.52 4937.77 4932.88 4929.56 4926.43 4923.37 4920.15 4917.27 4914.82 4911.78 4909.55 4907.64 4906.28 4905.27 4900.2 4887.66 4880.62 4866.52 4858.34 4850.27
4984.41 4985.14 4985.68 4986.51 4987.23 4987.82 4988.34 4988.78 4989.08 4989.18 4988.73 4987.76 4986.94 4986.41 4985.97 4985.5 4984.96 4984.58 4984.24 4983.96 4983.38 4983.63 4985.72 4987.59 4989.3 4989.81 4987.52 4986.72 4986.47 4986.37 4985.89 4985.37 4984.54 4983.51 4981.92 4979.13 4976.4 4973.47 4970.68 4970.94 4972.4 4973.62 4975.05 4975.73 4973.25 4964.88 4953.98 4941.29 4928.82 4923.41 4921.19 4919.22 4917.2 4915.24 4913.06 4911.46 4908.55 4906.22 4904.38 4900.78 4898.93 4893.4 4883.8 4877.46 4860.42 4852 4845.73
