real_craters/C141-500m.grd
DSAA
181 181
-45.0975 45.0975
-45.0975 45.0975
3357.5410818198 5383.2790050148
[rows 150 to 179 of 181, columns 0 to 66 of 181]
4165.05 4162.71 4159.61 4157.46 4158.2 4158.99 4158.05 4158.88 4163.36 4169.52 4176.81 4185.31 4194.94 4205.2 4216.05 4226.5 4236.78 4246.62 4256.35 4262.69 4265.12 4273.08 4286.04 4294.43 4291.63 4288.79 4282.12 4274.5 4263 4256.37 4255.07 4258.66 4246.5 4232.15 4221.04 4208.08 4202.34 4202.33 4202.49 4244.76 4280.02 4287.64 4289.78 4281.79 4270.05 4262.06 4253.54 4245.7 4242.67 4242.51 4244.48 4245.5 4244.75 4244.3 4244.57 4248.81 4260.72 4273.12 4276.4 4276.99 4277.92 4283.65 4290.13 4298.12 4316.83 4333.07 4356.91
4164.23 4160.94 4158.34 4156.62 4157.74 4157.14 4157.32 4156.79 4160.86 4166.73 4173.74 4182 4192.36 4202.61 4212.93 4223.6 4234.14 4245.53 4254.59 4262.71 4266.95 4272.21 4293.35 4305.67 4320.02 4306.76 4291.66 4274.01 4257.44 4259.67 4257.34 4255.74 4243.54 4225.4 4211.78 4200.28 4200.2 4213.31 4240.32 4258.72 4276.58 4284.6 4290.96 4285.85 4278.27 4267.18 4257.76 4253.03 4246.95 4243.56 4245 4245.39 4243.31 4244.12 4241.73 4235.86 4237.53 4273.21 4274.16 4274.77 4282.14 4289.88 4296.16 4297.58 4302.94 4334.55 4360.42
4162.45 4158.53 4158.87 4160.85 4154.82 4154.87 4155.35 4154.54 4157.91 4164.51 4171.49 4180.07 4189.46 4199.36 4209.73 4220.69 4230.61 4244.4 4255.14 4266.87 4280.46 4297.17 4319.81 4330.93 4328.28 4315.56 4300.82 4285.97 4281.29 4272.01 4268.14 4256.54 4243.65 4231.17 4214.74 4205.22 4207.31 4220.63 4242.26 4259.25 4271.83 4283.28 4289.38 4285.49 4277.82 4266.56 4255.88 4248.53 4245.09 4242.66 4242.58 4246.17 4250.06 4249.88 4247.01 4244.75 4252.32 4286.87 4283.23 4281.6 4291.13 4301.79 4311.23 4320.84 4331.53 4347.23 4367.08
4162.42 4157.26 4156.6 4155.52 4154.1 4153.71 4153.89 4152.98 4156.59 4161.57 4167.88 4176.33 4185.39 4195.61 4205.81 4215.22 4225.89 4237.09 4250.81 4268.19 4287.21 4310.77 4332.95 4336.19 4326.93 4315.23 4308.26 4303.48 4291.86 4275.13 4263.23 4252.64 4237.5 4229.27 4213.01 4204.44 4206.77 4221 4240.45 4260.29 4277.33 4288.74 4289.52 4283.81 4273.79 4261.48 4249.28 4241.36 4239.04 4238.75 4240.09 4244.22 4249.54 4253.24 4256.2 4266.87 4288.35 4302.57 4295.84 4297.29 4307.14 4318.3 4331.7 4344.68 4354.45 4362.66 4374.13
4159.46 4155.34 4153.32 4153.11 4152.56 4152.82 4152.58 4151.07 4152.88 4158.44 4165.3 4173.94 4182.98 4192.3 4203.37 4214.56 4225.55 4237.91 4249.82 4264.01 4283.4 4302.84 4323.4 4318.05 4306.56 4306.13 4305.64 4299.58 4276.34 4266.42 4251.36 4236.49 4219.43 4206.14 4203.57 4200.98 4203.48 4220.32 4239.33 4262.47 4281.84 4294.15 4295.79 4282.91 4269.24 4254.25 4240.76 4233.86 4234.2 4234.98 4235.81 4236.79 4239.12 4245.69 4262.9 4284.34 4303.62 4318.49 4316.57 4314.62 4323.28 4336.69 4349.88 4366.22 4371.19 4371.05 4376.36
4158.21 4151.09 4150.09 4149.9 4151.54 4153.1 4151.89 4148.93 4150.08 4155.2 4162.62 4171.45 4181.2 4190.72 4200.38 4211.7 4222.5 4233.67 4247.44 4260.94 4274.64 4292.44 4308.51 4302.54 4294.06 4298.02 4299.23 4292.1 4271.07 4257.7 4238.21 4216.29 4206.63 4199.11 4198.48 4200.22 4205.69 4220.66 4240.57 4259.81 4275.31 4289.89 4301.48 4282.55 4263.92 4247.92 4237.44 4233.35 4231.39 4230.9 4230.91 4229.91 4228.12 4235.97 4271.29 4306.98 4332.23 4349.2 4348.09 4345.25 4349.15 4353.9 4361.95 4374.42 4374.33 4370.03 4372.24
4154.16 4148.59 4148.15 4148.68 4152.55 4153.8 4151.5 4147.62 4147.28 4152.46 4161.76 4171.47 4182.28 4194.26 4205.79 4221.08 4232.23 4236.96 4247.03 4255 4260.79 4262.73 4277.16 4293.16 4293.55 4292.76 4291.17 4286.04 4273.17 4252.94 4230.95 4210.83 4206.54 4201.85 4198.55 4200.09 4205.8 4217.87 4234.24 4253.06 4264.75 4274.92 4280.44 4275.03 4261.23 4249.28 4238.64 4232.48 4230.44 4231.14 4232.5 4234.09 4234.86 4245.54 4291.33 4339.65 4377.91 4391.71 4392.82 4394.71 4374.33 4365.25 4364.34 4366.74 4364.83 4361.12 4359.15
4151.89 4150.19 4147.64 4146.59 4148.05 4151.12 4151.06 4147.39 4146.43 4151.72 4160.61 4172.35 4185.59 4198.15 4212.63 4223.87 4236.35 4244.29 4252.42 4261.05 4262.24 4257.16 4267.97 4279.59 4290.33 4285.93 4279.47 4273.7 4267.62 4250.37 4230.37 4216.8 4206.61 4199.83 4197.4 4198.57 4205.06 4210.94 4220.66 4231.27 4248.61 4257.24 4261.84 4258.33 4253.14 4247.79 4235.32 4229.55 4230.98 4233.61 4238.31 4244.85 4255.72 4277.15 4319.66 4369.94 4411.76 4408.91 4406.43 4396.25 4375.72 4366.52 4362.33 4357.85 4353.05 4346.33 4340.59
4148.92 4151.4 4146.04 4144.63 4147.14 4152.09 4152.41 4149.95 4146.94 4151.3 4159.97 4171.02 4182.73 4192.11 4204.21 4216.78 4227.79 4241.6 4250.75 4258.95 4264.56 4266.89 4260.3 4263.04 4279.63 4272.24 4270.79 4267.89 4262.05 4250.96 4231.53 4212.87 4201.36 4196.23 4195.45 4195.79 4196.86 4202.31 4208.79 4217.29 4230.25 4239.71 4242.92 4242.67 4244.32 4242.18 4234.17 4231.86 4233.85 4239.28 4246.79 4258.94 4277.67 4307.2 4342.93 4385.13 4422.35 4415.58 4403.48 4382.97 4366.42 4361.82 4358.15 4355.42 4341.57 4329.29 4318.41
4143.76 4143.72 4141.48 4140.89 4144.78 4154.66 4155.64 4152.29 4147.04 4150.97 4156.88 4164.04 4170.62 4176.2 4185.32 4186.75 4195.83 4198.88 4210.02 4231.71 4260.77 4287.04 4275.36 4265.63 4246.79 4249.96 4257.69 4259.13 4255.84 4249.47 4228.51 4206.56 4198.32 4195.46 4194.63 4194.46 4195.45 4198.73 4203.39 4209.13 4218.37 4227.3 4233.32 4237.95 4237.62 4233.19 4227.07 4231.83 4236.07 4243.77 4254.83 4269.84 4291.77 4320.14 4351.45 4382.63 4405.53 4411.08 4399.29 4381.29 4365.47 4357.45 4350.84 4339.27 4326.98 4311.21 4297.25
4137.26 4136.81 4135.95 4136.96 4139.2 4162.58 4159.12 4156.14 4152.4 4155.9 4160.61 4165.85 4169.32 4172.85 4178.87 4184.77 4189.5 4196.68 4205.31 4216.66 4239.05 4274.79 4326.07 4255.92 4235.54 4232.96 4245.16 4249.69 4247.47 4239.78 4221.16 4201.64 4193.15 4194.3 4194.22 4193.94 4193.69 4195.87 4203.15 4206.87 4210.09 4220.01 4230.97 4236.08 4234.21 4230.21 4231.16 4231.83 4239.22 4248.89 4261.55 4277.58 4298.21 4323 4350.33 4376.36 4395.79 4406.18 4396.18 4375.48 4360.45 4348.62 4344 4335.48 4313.16 4294.66 4278.42
4129.89 4130.17 4131.82 4135.9 4143.6 4151.2 4158.95 4160.51 4159.32 4163.49 4167.83 4172.42 4175.65 4177.37 4178.7 4181.42 4184.21 4185.62 4193.68 4203.21 4218.11 4253.43 4411.7 4371.22 4247.36 4223.56 4232.64 4240.48 4237.36 4224.93 4213.7 4200.36 4197.75 4195.69 4195.02 4194.61 4195.57 4199.68 4202.68 4203.26 4204.55 4212.5 4221.57 4231.2 4229.98 4228.61 4232.91 4235.34 4243.68 4254.44 4265.31 4279.7 4297.39 4320.11 4342.37 4363.37 4385.58 4396.2 4390.51 4378.32 4352.91 4332.08 4322.86 4312.51 4293.31 4276.47 4261.55
4124.07 4124.17 4127.79 4135.55 4144.08 4154.33 4161.11 4165.99 4168.12 4170.59 4178.04 4180.51 4179.68 4180.6 4179.27 4180.26 4181.7 4182.37 4180.94 4185.34 4189.01 4209.74 4274.82 4282.88 4236.76 4222.34 4237.94 4242.13 4237.04 4222.12 4216.15 4205.65 4196.59 4196.93 4195.95 4195.43 4196.15 4200.37 4202.51 4201.42 4200.42 4207.38 4211.97 4211.95 4224.82 4227.24 4232.63 4239.19 4248.13 4257.98 4267.54 4279.21 4291.49 4303.97 4316.54 4336.66 4358.12 4377.01 4374.14 4359.62 4335.92 4307.8 4287.7 4278.89 4270.42 4259.76 4249.09
4122.6 4122.66 4127.23 4136.74 4146.58 4154.42 4161.99 4172.08 4183.76 4199.3 4195.72 4188.98 4185.21 4181.82 4179.15 4177.47 4175.95 4174.2 4178.45 4179.41 4179.96 4187.42 4203.43 4220.63 4216.88 4221.92 4240.93 4251.51 4254.22 4245.03 4230.04 4217.99 4207.22 4199.95 4197.08 4195.97 4194.54 4193.77 4197.06 4201.06 4205.77 4205.47 4208.01 4214.71 4226.03 4231.07 4234.36 4246.44 4256.06 4265.09 4272.72 4280.41 4287.39 4293.23 4301.02 4319.81 4336.83 4349.77 4345.17 4327.98 4302.46 4269.05 4256.22 4252.84 4252.22 4247.28 4239.25
4125.5 4127.05 4131.52 4139.76 4147.9 4154.45 4162.27 4173.12 4190.08 4209.39 4201.62 4193.07 4187.42 4184.19 4187.23 4186.46 4184.7 4183.52 4182.52 4176.37 4176.2 4175.88 4186.6 4204.64 4222.17 4241.86 4256.2 4270.91 4272.87 4262.17 4245.12 4231.38 4214.53 4204.46 4199.96 4195.44 4192.02 4190.76 4192.3 4197.97 4202.24 4204.06 4205.7 4214.32 4241.87 4239.46 4243.75 4254.73 4264.05 4269.48 4274.37 4278.26 4283.5 4291.3 4301.5 4310.77 4314.69 4317.41 4308.7 4285.12 4252.23 4240.52 4241.8 4243.05 4243.08 4240.87 4236.26
4132.46 4134.91 4138.5 4144.54 4149.88 4154.2 4157.36 4166.68 4179.07 4182.82 4188.35 4190.63 4189.63 4186.51 4185.31 4183.99 4184.16 4178.52 4176.7 4175.31 4175.1 4168.51 4181.81 4213.28 4235.97 4264.07 4292.14 4300.32 4296.34 4274 4253.96 4246.49 4230.13 4214.7 4205.58 4198.02 4190.53 4184.51 4189.27 4196.11 4202.83 4202.99 4204.21 4212.91 4246.22 4236.68 4247.51 4264.8 4270.13 4272.23 4273.9 4275.2 4278.15 4283.52 4290.07 4288.02 4286.76 4278.89 4265.05 4254.14 4239.24 4235.44 4241.45 4242.08 4241.7 4240.05 4236.8
4141.23 4142.92 4148.19 4148.44 4151.08 4152.19 4153.26 4157.89 4166.45 4174.46 4178.77 4184.05 4186.84 4186.92 4183.2 4181.28 4178.59 4170.36 4177.17 4179.3 4187.73 4197.83 4203.46 4198.27 4246.17 4311.81 4313.71 4328.99 4331.08 4294.33 4263.76 4261.12 4244.54 4224.32 4212.44 4201.39 4192.44 4186.03 4188.87 4194.21 4197.55 4203.34 4205.71 4211.28 4224.03 4237.18 4267.69 4279.69 4275.51 4272.26 4270.89 4270.54 4270.05 4270.63 4267.56 4260.62 4264.02 4257.8 4247.86 4244.49 4236.59 4242.02 4239.56 4244.53 4245.63 4244.4 4242.43
4142.51 4144.85 4147.52 4148.28 4150.83 4150.3 4142.97 4152.19 4160.14 4165.11 4171.33 4180.06 4185.83 4189.6 4193.11 4198.98 4190.7 4195.44 4184.13 4177.4 4192.73 4205.04 4203.21 4197.7 4243.52 4306.71 4313.81 4349 4374.04 4324.67 4281.08 4264.51 4251.92 4236.88 4219.97 4207.85 4197.48 4187.39 4184.27 4193.03 4203.59 4206.65 4209.18 4215.93 4230.86 4243.78 4279.44 4279.73 4270.75 4266.36 4266.04 4264.22 4262.07 4259.27 4253.27 4251.36 4254.56 4257.41 4259.45 4249.62 4241.91 4238.19 4245.4 4249.15 4250.74 4250.15 4248.49
4143.68 4143.65 4143.08 4145.75 4150.13 4154.49 4151.28 4152.69 4158.44 4164.76 4171.15 4179.6 4185.93 4195.25 4201.48 4206.83 4211.17 4209.68 4203.42 4190.49 4179.36 4188.3 4242.81 4301.79 4248.57 4256.18 4290.17 4339.91 4362.84 4330.92 4295.01 4279.79 4260.12 4240.36 4225.96 4215.53 4205.79 4195.07 4187.81 4193.05 4198.13 4204.21 4213.17 4222.99 4228.71 4236.2 4244.28 4252 4254.19 4253.64 4255.97 4254.72 4252.55 4250.62 4248.61 4248.49 4251.98 4258.13 4261.98 4254.68 4244.88 4236.77 4251.39 4255.73 4256.43 4255.72 4254.62
4143.11 4141.36 4139.06 4143.36 4148.75 4153.58 4153.11 4153.62 4158.61 4166.37 4175.85 4182.6 4189.82 4199.31 4212.14 4221.35 4229.21 4238.67 4237.32 4219.85 4184.55 4263.22 4250.86 4272.8 4256.82 4283.12 4322.34 4326.19 4319.76 4316.88 4305.6 4290.05 4264.17 4239.45 4230.6 4224.27 4218.09 4212.07 4203.09 4199.23 4201.23 4208.06 4218.6 4229.88 4240.01 4231.17 4233.85 4233.33 4236.71 4238.07 4238.85 4239.78 4240.42 4241.25 4241.68 4241.92 4248.73 4257.16 4263.17 4260.21 4250.4 4252.52 4262.43 4263.32 4262.99 4262.36 4261.1
4140.06 4140 4140.5 4143.96 4147.24 4150.12 4150.89 4152.99 4158.26 4164.79 4174.03 4183.64 4197.22 4210.48 4223.27 4234.04 4245.6 4260.65 4275.99 4296.19 4308.05 4349.26 4313.18 4282.86 4241.49 4335.31 4366.1 4321.65 4298.35 4299.43 4306.93 4293.43 4262.72 4242.39 4237.62 4230.66 4227.93 4226.82 4212.48 4207.97 4209.48 4215.81 4226.63 4240.68 4261.35 4270.41 4255.79 4233.38 4230.1 4230.72 4232.18 4233.13 4234.6 4235.75 4237.17 4238.75 4245.76 4255.63 4264.57 4267.23 4269.16 4272.7 4271.71 4270.17 4269.53 4268.52 4269.04
4140.17 4140.6 4141.35 4144.29 4145.78 4147.38 4149.42 4153.86 4158.16 4161.81 4168.59 4182.97 4202.74 4220.45 4238.34 4249.9 4267.05 4282.77 4315.71 4366.67 4440.62 4466.85 4365.93 4264 4221.73 4359.02 4341.49 4293.89 4269.54 4271.09 4272.87 4267.87 4247.77 4229.44 4231.75 4228.96 4231.97 4236.55 4221.64 4213.94 4216.93 4226.26 4232.08 4246.89 4275.57 4356.31 4283.31 4236.7 4225.2 4224.74 4227.27 4228.76 4229.79 4230.61 4232.41 4233.25 4241.96 4253.15 4263.77 4271.39 4278.12 4283.74 4278.72 4276.12 4273.35 4271.06 4270.4
4139.96 4140.95 4140.48 4142.59 4145.83 4148.2 4150.37 4156.23 4162.31 4162.46 4170.64 4188.99 4214.86 4234.88 4251.94 4265.45 4285.21 4304.21 4332.18 4382.01 4449.86 4460.36 4390.71 4258.57 4195.43 4288.09 4293.87 4245.12 4234.21 4242.59 4245.81 4246.61 4225.85 4202.08 4210.62 4220.09 4227.65 4232.89 4221.81 4216.72 4220.27 4224.48 4231.77 4241.05 4262.22 4300.23 4266.84 4227.38 4220.46 4220.85 4222.4 4223.28 4224.04 4224.12 4224.13 4227.56 4238.16 4251.59 4262.64 4272.71 4282.71 4285.96 4286.59 4279.07 4273.74 4270.61 4267.08
4138.15 4138.98 4140.71 4142.69 4147.41 4153.06 4159.5 4162.35 4172.55 4182.65 4180.88 4204.94 4241.99 4258.52 4271.69 4281.65 4295.4 4310.19 4329.89 4334.27 4333.54 4342.36 4326.95 4233.11 4182.94 4221.49 4238.77 4219.1 4219.81 4230.88 4234.69 4230.92 4215.26 4197.93 4202.56 4211.61 4219.2 4222.61 4219.39 4220.43 4224.84 4228.7 4234.03 4230.74 4222.68 4235.45 4241.36 4223 4221.64 4219.42 4219.83 4217.66 4219.84 4220.6 4220.46 4223.81 4235.3 4251.81 4271.01 4288.78 4290.28 4291.19 4286.16 4279.98 4273.99 4270.03 4268.25
4136.46 4138.01 4140.03 4142.03 4151.79 4161.81 4160.68 4168.24 4187.05 4217.69 4249.23 4283.6 4290.36 4285.7 4285.71 4289 4296.52 4303.87 4312.2 4306.25 4289.74 4252.14 4245.83 4210.93 4185.8 4236.31 4250.7 4237.22 4232.19 4233.7 4238.11 4233.95 4212.92 4197.58 4198.98 4208.41 4214.84 4217.72 4216.97 4221.59 4234.75 4245.32 4250.63 4243.14 4231.01 4234.14 4236.21 4236.11 4232 4227.89 4224.63 4222.41 4220.89 4220.72 4222.3 4220.62 4231.62 4250.79 4271.43 4287.39 4296.01 4297.43 4280.9 4277.55 4273.99 4271.48 4271.39
4135.36 4137.4 4139.47 4143.47 4158.75 4181.59 4195 4178.48 4194.52 4244.9 4325.33 4377.2 4319.37 4289.88 4279.21 4275.97 4274.8 4278.82 4288.53 4301.41 4301.63 4235.2 4217.96 4216.73 4230.13 4247.36 4247.99 4249.15 4246.85 4241.51 4233.19 4223.91 4212.42 4204.71 4206.01 4211.67 4216.27 4218.24 4216.81 4223.4 4246.81 4274.73 4281 4261.57 4244.57 4239.85 4237.88 4236.84 4231.1 4225.72 4222.66 4219.81 4217.51 4217.04 4218.07 4218.45 4229.15 4247.69 4267.44 4282.41 4290.68 4289.44 4278.61 4274.93 4273.21 4272.65 4272.94
4135.07 4135.45 4138.91 4145.35 4159.88 4192.56 4231.8 4181.09 4186.38 4228.23 4279.47 4299.65 4280.24 4266.1 4259.41 4250.52 4249.96 4245.03 4246.78 4246.54 4218.13 4200.72 4203.95 4217.05 4249.04 4266.01 4273.76 4280.62 4267.49 4250.78 4234.03 4218.13 4212.23 4212.72 4219.27 4219.19 4219.94 4220.24 4220.21 4228.66 4248.63 4277.02 4281.5 4268.62 4259.41 4244.64 4239.45 4229.16 4222.76 4222.91 4220.85 4217.57 4213.91 4211.07 4211.32 4216.34 4226.87 4242.7 4259.61 4271.39 4274.72 4272.36 4274.2 4271.61 4271.87 4274.21 4278.36
4136.54 4136.9 4139.03 4141.57 4153.29 4171.69 4173.98 4160.47 4168.87 4189.49 4198.59 4188.9 4210.48 4219.86 4222.26 4222.17 4221.49 4217.43 4210.78 4189.39 4179.25 4191.78 4194.34 4202.08 4213.27 4261.49 4310.52 4311.13 4280.49 4254.58 4233.9 4207.87 4212.6 4220.15 4221.99 4223.97 4223.83 4222.71 4221.05 4226.18 4238.99 4248.4 4253.74 4269.09 4264.9 4252.12 4245.6 4233.6 4226.6 4226.95 4223.27 4217.82 4211.99 4206.75 4205.82 4212.18 4222.39 4235.99 4251.17 4262.98 4264.05 4263.71 4263.49 4264.22 4270.03 4275.88 4283.53
4139.08 4139.8 4140.16 4140.47 4147.12 4155.15 4154.25 4149.63 4154.85 4161.32 4158.23 4150.37 4168.83 4188.53 4198.53 4201.97 4195.3 4189.65 4181.16 4171.01 4167.68 4171.95 4182.84 4189.69 4211.07 4296.55 4322.56 4308.72 4274.86 4247.96 4227.45 4214.29 4215.33 4223.95 4232.38 4230.31 4225.39 4222.92 4221.07 4218.5 4237.01 4256.3 4273.42 4281.4 4283.73 4271.12 4258.22 4250.71 4247.37 4237.65 4228.85 4220.4 4212.36 4205.94 4203.96 4207.37 4215.86 4228.13 4242.95 4257.01 4256.75 4253.22 4253.84 4259.39 4269.12 4277.09 4282.19
4142.95 4143.71 4143.46 4141.17 4145.01 4150.05 4152.21 4152.24 4152.63 4151.77 4147.79 4139.93 4153.66 4168.58 4176.92 4180.22 4176.05 4172.27 4167.36 4163.7 4166.22 4170.94 4176.71 4182.4 4198.74 4271.93 4278.4 4262.22 4247.19 4231.62 4218.5 4214.3 4217.13 4224.32 4232.68 4234.68 4237.24 4234.75 4232.36 4232.38 4248.13 4266.25 4283.41 4286.54 4287.71 4277.07 4263.86 4260.89 4258.35 4246.62 4234.22 4223.43 4214.26 4207.33 4203.54 4202.95 4204.55 4219.84 4234.16 4244.31 4244.89 4247.39 4253 4259.83 4270.65 4279.38 4282.18
