real_craters/C141-500m.grd
DSAA
181 181
-45.0975 45.0975
-45.0975 45.0975
3357.5410818198 5383.2790050148
[rows 90 to 119 of 181, columns 0 to 66 of 181]
4201.71 4200.9 4199.36 4197.82 4192.47 4189.34 4190.76 4192.99 4195.1 4200.63 4203.39 4207.69 4206.23 4215.12 4261.64 4284.94 4317.82 4310.47 4285.62 4253.28 4230.96 4217.9 4209.03 4211.69 4216.16 4222.78 4228.38 4228.62 4239.06 4257.75 4295.81 4365.56 4346.26 4336.22 4327.95 4312.57 4295 4282.37 4272.82 4270.76 4264.99 4260.35 4262.22 4262.16 4260.94 4263.97 4267.09 4268.27 4281 4327.94 4363.16 4331.18 4341.49 4362.73 4387.35 4411.95 4422.84 4436.15 4449.14 4462.16 4475.97 4486.43 4494.82 4503.89 4527.19 4547.86 4500.23
4197.05 4197.66 4197.37 4195.73 4188.66 4190.9 4194.24 4195.89 4194.48 4196.57 4211.5 4234.76 4288.8 4402.73 4425.58 4448.23 4419.93 4370.4 4317.21 4261.16 4233.05 4222.84 4211.34 4212.45 4218.76 4225.65 4235.19 4243.51 4255.74 4267.73 4282.66 4314.07 4331.38 4324.57 4311.22 4299.42 4283.34 4268.05 4256.9 4256.21 4251.93 4248.17 4248.05 4246.94 4242.5 4247.42 4250.11 4248.32 4253.9 4293.39 4318.99 4294.11 4308.39 4335.34 4364.44 4392.52 4413.44 4425.27 4438.59 4454.49 4467.33 4477.84 4484.26 4487.78 4493.47 4509.77 4452.88
4194.16 4195.23 4195.73 4189.89 4187.19 4190.84 4193.23 4196.58 4191.96 4195.69 4208.09 4237.07 4290.57 4368.4 4476.54 4574.57 4492.07 4411.87 4347.58 4291.41 4255.93 4240.4 4220.01 4215.05 4220.63 4228.69 4243.15 4260.19 4273.8 4274.91 4281.69 4275.61 4296.88 4308.05 4298.28 4287.54 4273.45 4266.2 4261.72 4251.75 4248.69 4244.72 4241.47 4240.93 4244.13 4244.49 4245.04 4246.71 4247.64 4271.82 4281.09 4278.38 4284.77 4311.03 4347.49 4383.85 4401.99 4415.61 4430.73 4444.8 4458.6 4466.62 4475.44 4474.24 4448.3 4445.32 4393.42
4191.99 4193.66 4194.54 4194.78 4189.53 4191.49 4194.67 4193.73 4196.58 4201.54 4202.13 4214.29 4233.09 4263.04 4379.48 4502.97 4455.28 4402.44 4362.99 4324.25 4289.2 4274.99 4239.54 4219.65 4214.09 4233.02 4244.02 4258.28 4272.11 4281.55 4288.03 4276.87 4286.88 4296.61 4293.74 4284.87 4275.61 4266.91 4256.08 4247.1 4239.71 4237.27 4235.85 4235.8 4237.49 4238.52 4241.57 4247.86 4255.98 4261.8 4267.37 4254.98 4263.09 4289.1 4321.26 4370.44 4389.83 4403.72 4416.84 4433.12 4448.95 4463.54 4478.39 4487.65 4479.11 4421.08 4349.18
4191.85 4194.09 4194.72 4194.55 4190.95 4192.11 4194.49 4193.09 4194.97 4197.29 4200.12 4195.75 4195.21 4198.49 4251.74 4308.48 4343.21 4355.42 4360.14 4380.75 4417.5 4312.13 4246.26 4210.55 4210.21 4220.61 4237.86 4246.04 4254.3 4269.14 4281.07 4288.91 4288.28 4289.79 4286.85 4274.02 4266.16 4259.18 4251.3 4240.32 4232.25 4230.18 4231.05 4232.06 4231.53 4232.99 4237.22 4242.45 4250.28 4252.95 4247.42 4241.16 4253.94 4281.72 4309.93 4348.27 4372.25 4390.7 4405.37 4424.01 4442.93 4461.2 4482.74 4503.95 4497.7 4431.42 4348.33
4197.83 4196.56 4195.83 4194.74 4192.05 4190.78 4191.84 4191.43 4192.23 4193.5 4194.54 4198.03 4189.95 4179.51 4199.87 4214.45 4259.94 4303.45 4328.22 4347.92 4338.54 4291.03 4238.64 4207.67 4204.58 4211.76 4232.25 4237.9 4241.11 4264.3 4274.03 4282.09 4284.1 4279.98 4268.04 4260.1 4257.08 4251.59 4241.24 4232.84 4226.92 4226.17 4228.87 4231.64 4234.03 4237.16 4238.79 4242.83 4252.41 4249.86 4241.2 4237.85 4255.05 4287.79 4312.9 4330.12 4351.86 4371.57 4390.94 4407.99 4429.1 4447.63 4466.3 4490.77 4506.72 4438.97 4359.59
4201.18 4200 4198.06 4195.55 4192.31 4188.81 4188.58 4189.19 4190.28 4191.47 4192.97 4193.59 4195.62 4209.38 4215.75 4219.06 4240.11 4264.72 4283.06 4285.96 4263.39 4249.63 4224.26 4200.88 4208.11 4219.22 4232.71 4240.31 4251.71 4259.16 4273.88 4281.08 4277.96 4272.94 4264.4 4258.89 4249.5 4235.25 4231.4 4225.87 4220.67 4224.71 4229.42 4234.28 4238.27 4239.08 4245.07 4245.05 4242.56 4240.38 4242.04 4246.28 4257.74 4285.18 4303.26 4313.15 4334.38 4353.93 4376.46 4393.1 4410.19 4426.03 4436.05 4436.15 4441 4463.84 4467.44
4208.42 4204.79 4201.32 4197.43 4191.87 4187.32 4187.71 4187.97 4189.78 4191.1 4192.01 4193.58 4200.75 4205.38 4206.57 4212.35 4223.02 4237.2 4248.57 4249.77 4237.76 4228.32 4216.78 4206.27 4216.43 4226.49 4237.04 4245.26 4253.83 4270.07 4280.37 4275.92 4271.45 4268.15 4267.05 4256.08 4244.92 4234.17 4228.2 4223.37 4220.65 4225.94 4232.4 4239.03 4245.87 4252.06 4247.95 4246.42 4240.05 4235.54 4240.55 4245.44 4249.41 4268.95 4270.9 4292.81 4316.67 4338.73 4357.19 4375.71 4393.74 4406.05 4413.68 4408.49 4426.43 4476.16 4493.09
4212.76 4209.07 4204.84 4199.34 4193.85 4189.17 4186.96 4186.46 4187.32 4190.15 4193.06 4196.39 4197.82 4200.2 4199.58 4201.33 4204.95 4220.03 4230.44 4233.59 4231.29 4225.9 4218.45 4218.09 4227.17 4235.3 4246.07 4255.37 4262.96 4284.93 4284.14 4273.95 4263.79 4260.23 4258.57 4248.69 4239.6 4234.88 4228.1 4225.64 4226.97 4230.07 4236.96 4244.31 4252.39 4258.81 4261.88 4253.11 4244.56 4243.56 4239.22 4242.27 4246.63 4260.88 4269.36 4282.25 4300.06 4317.36 4335.06 4353.78 4371.49 4388.55 4407.3 4410.21 4436.21 4472.3 4471.32
4218.94 4217.09 4210.8 4201.53 4192.96 4187.44 4184.98 4184.25 4185.89 4189.42 4191.63 4195.01 4198.73 4199.61 4205.21 4202.02 4202.79 4214.8 4223.83 4229.93 4234.12 4229.65 4220.98 4218.05 4227.99 4242.11 4256.52 4269.19 4282.57 4293.93 4280.91 4261.97 4255.33 4250.97 4241.08 4234.2 4230.36 4226.02 4226.97 4226.6 4228.42 4234.45 4241.16 4248.39 4256.61 4265.25 4266.29 4255.83 4243.66 4235.03 4236.28 4240.62 4250.2 4260.25 4267.27 4274.4 4285.01 4301.23 4313.97 4327.63 4346.88 4371.7 4406.44 4460.02 4472.87 4472.48 4458.81
4240.87 4232.69 4217.52 4203.25 4190.94 4184.73 4182.66 4183.61 4185.91 4189.04 4192.12 4196.37 4201.17 4205.27 4207.38 4208.25 4209.61 4219.97 4227.95 4232.18 4230.55 4227.21 4224.98 4217.39 4228.8 4251.62 4267.45 4279.77 4292.6 4292.26 4279.42 4260.81 4252.75 4247.7 4240.14 4226.86 4227.9 4226.94 4228.83 4231.68 4234.5 4238.64 4244.66 4250.75 4256.89 4260.14 4260.69 4253.77 4244.63 4236.49 4238.01 4240.15 4244.01 4251.21 4257.23 4265.05 4273.64 4283.86 4292.65 4305.02 4321.01 4342.76 4375.59 4424.28 4454.21 4473.05 4480.09
4252.19 4240.7 4217.53 4200.45 4186.27 4180.25 4179.64 4182.17 4185.55 4188.16 4192.02 4199.19 4204.18 4210.94 4220.39 4220.52 4228.77 4235.46 4237.04 4238.31 4238.47 4237.56 4240.16 4242.42 4259.44 4270.66 4280.44 4287.52 4290.73 4284.86 4275.73 4263.01 4254.52 4248.92 4244.44 4241.61 4235.57 4232.28 4233.48 4235.99 4239.03 4242.77 4247.36 4252.03 4255.69 4257.74 4256.99 4252.34 4247.06 4243.04 4243.53 4244.61 4245.68 4239.83 4246.23 4254.45 4261.31 4268.95 4278.82 4289.69 4298.53 4311.09 4321.36 4325.15 4403.72 4465.46 4517.48
4227.26 4218.81 4206.18 4193.35 4180.03 4174.77 4177.78 4181.58 4185.66 4189.13 4195.58 4200.09 4205.18 4210.09 4215.09 4228.05 4248.94 4247.4 4243 4243.64 4248.46 4258.35 4257.64 4266.38 4282.19 4289.59 4291.37 4291.12 4284 4279.96 4275.5 4260.81 4251.5 4254.99 4254.3 4251.5 4245.4 4241.83 4240.66 4241.98 4242.78 4245.1 4248.26 4251.87 4254.68 4255.85 4253.42 4250.69 4248.84 4249.29 4250.68 4254.98 4253.65 4241.92 4244.71 4248.84 4254.82 4261.29 4268.75 4275.73 4281.12 4286.93 4291 4305.73 4372.11 4447.88 4524.49
4200.03 4192.87 4191.28 4185.24 4176.52 4174.34 4177.9 4182.3 4186.12 4191.82 4198.27 4202.96 4207.52 4209.82 4215.49 4227.51 4234.71 4238.88 4240.54 4243.06 4248.52 4251.84 4265.17 4279.33 4295.7 4303.89 4302.95 4298.8 4294.71 4287.1 4282.98 4270.82 4265.18 4267 4264.32 4261.37 4257.59 4251.42 4244.12 4244.42 4244.94 4246.52 4249.02 4252 4255.3 4258.56 4251.92 4250.05 4250.26 4250.81 4253.27 4256.29 4257.12 4251.32 4247.62 4247.39 4252.81 4259.04 4263.57 4267.81 4270.82 4274.44 4282.13 4306.73 4352.25 4416.82 4481.98
4187.56 4184.34 4183.32 4182.49 4179.78 4178.82 4181.22 4184.87 4189.8 4195.62 4200.64 4205.31 4209.16 4210.16 4211.53 4214.74 4224.9 4230.77 4234.33 4237.17 4242.63 4252.71 4263.72 4283.07 4311.17 4314.92 4308.48 4302.3 4296.19 4297.99 4288.47 4280.92 4276.45 4267.83 4268.38 4269.9 4278.85 4268.95 4257.54 4248.41 4247.8 4248.31 4249.76 4251.62 4254.28 4258.37 4252.27 4250.76 4252.3 4253.83 4255.17 4255.16 4253.49 4247.92 4254.23 4254.62 4260.91 4264.74 4265.82 4268.31 4267.76 4270.05 4275.19 4295.22 4332.14 4377.7 4422.19
4182.36 4178.57 4180.75 4181.94 4182.05 4183.4 4184.42 4186.89 4192.01 4197.14 4201.83 4208.24 4212.46 4215.6 4217.57 4223.71 4228.85 4230.57 4230.24 4231.36 4233.66 4238.09 4250.35 4269.09 4289.83 4308.48 4308.1 4302 4294.72 4290.39 4285.15 4281.5 4280.24 4278.95 4275.53 4279.14 4292.82 4282.05 4268.77 4257.21 4252.9 4251.28 4250.23 4250.6 4249.97 4249.84 4249.76 4252.73 4255.06 4256.93 4259.86 4259.99 4261.68 4264.68 4268.21 4271.88 4272.13 4274.31 4274.98 4273.36 4273.06 4270.52 4275.12 4290.35 4317.65 4349.35 4382.2
4182.5 4181.32 4183.9 4185.52 4180.44 4183.84 4186.11 4191.09 4194.09 4199.13 4204.46 4209.41 4215.66 4221.9 4230.66 4242.71 4236.7 4228.14 4224.41 4223.94 4223.96 4226.06 4234.27 4247.98 4266.03 4296.52 4300.2 4300.3 4297.57 4290.21 4281.48 4279.78 4275.57 4275.24 4278.58 4281.92 4285.58 4284.94 4281.53 4264.98 4258.47 4254.78 4251.89 4250.21 4247.21 4242.17 4251.14 4257.61 4258.93 4259.42 4260.93 4267.05 4267.36 4275.54 4287.09 4289.11 4291.09 4291.35 4290.67 4287.99 4282.48 4279.71 4279.65 4291.13 4313.38 4336.34 4361.39
4186.88 4187.03 4190.72 4196.54 4200.33 4195.15 4191.51 4191.09 4194.35 4199 4204.09 4210.15 4216.18 4224.9 4234.5 4244.34 4234.94 4221.67 4219.62 4218.39 4217.13 4214.81 4218.51 4230.48 4245.48 4272.4 4281.09 4291.74 4301.95 4298.46 4288.97 4281.03 4276.47 4275.32 4281.16 4286.52 4288.26 4282.78 4277.87 4270.24 4263.29 4257.88 4254.61 4250.91 4248.21 4249.44 4259.63 4262.87 4261.78 4264.49 4270.66 4282.75 4286.23 4300.68 4309.97 4312.2 4311.89 4308.99 4304.68 4301.4 4297.88 4295.03 4295.37 4303.71 4319.6 4335.56 4351.07
4193.35 4193.47 4197.84 4207.08 4210.13 4200.03 4191.71 4190.54 4194.14 4198.16 4202.6 4207.94 4214.43 4221.81 4227.27 4231.15 4229.92 4222.46 4218.62 4215.89 4214.82 4216.66 4220.03 4216.8 4217.7 4231.25 4251.9 4269.26 4281.37 4284.15 4285.83 4288.69 4281.46 4285.37 4285.11 4284.67 4281.29 4275.56 4269.8 4268.9 4265.12 4260.15 4255.73 4251.63 4249.43 4250.15 4256.46 4259.22 4260.91 4266.55 4283.44 4305.6 4338.71 4347.97 4341.87 4336.61 4330.25 4327.08 4320.8 4318.16 4316.28 4318.89 4324.96 4327.97 4333.94 4343.74 4357.71
4202.52 4206.12 4201.37 4191.88 4199.89 4184.42 4183.15 4185.86 4190.07 4194.55 4200.31 4205.76 4210.8 4218 4225.31 4234.78 4231.45 4225.91 4216.36 4211.77 4211.54 4212.64 4213.38 4206.1 4200.47 4211.13 4227.59 4241.8 4270.4 4292.8 4305.14 4306.83 4306.1 4300.34 4288.65 4277.78 4269.03 4270.24 4263.53 4267.8 4268.27 4262.84 4256.91 4251.57 4247.89 4248.15 4250.08 4252.98 4255.73 4261.45 4272.23 4310.2 4369.65 4372.63 4367.62 4356.88 4346.79 4339.95 4335.34 4332.74 4330.77 4337.43 4352.6 4350.84 4353.89 4362.79 4377.28
4212.25 4219.48 4205.72 4154.73 4125.8 4154.36 4170.19 4178.37 4184.39 4191.2 4195.71 4199.94 4204.86 4211.23 4216.24 4219.65 4216.6 4209.89 4206.8 4206.72 4207.32 4206.78 4206.19 4198.4 4192.15 4198.09 4214.18 4229.72 4265.1 4303.88 4325.04 4316.09 4313.84 4302.73 4291.15 4281.5 4281.39 4275.8 4269.35 4279.3 4272.12 4264.12 4257.3 4251.24 4246.02 4242.81 4243.96 4246.07 4250.29 4255.17 4265.94 4294.73 4324.37 4355.25 4372.87 4360.82 4353.1 4347.46 4343.01 4339.53 4340.3 4345.01 4354.23 4360.28 4369.84 4382.06 4400.26
4219.58 4229.98 4218.5 4170.36 4135.07 4159.46 4171.77 4179.59 4184.8 4190.36 4194.55 4198.64 4200.76 4201.96 4203.67 4202.43 4202.64 4199.35 4198.76 4202.06 4205.39 4204.62 4197.1 4200.3 4200.52 4198.52 4214.08 4222.46 4262.13 4293.07 4295.98 4303.39 4305.72 4293.58 4295.59 4289.91 4291.34 4286.51 4284.17 4278.06 4270.8 4263.61 4257.24 4251.48 4246.78 4243.94 4244.92 4248.21 4249.04 4252.11 4259.33 4283.02 4313.42 4317.32 4351.01 4352.94 4351.32 4349.63 4348.14 4345.35 4347.05 4348.26 4352.37 4367.09 4382.62 4398.5 4418.66
4224.12 4242.75 4248.22 4241.87 4217.7 4188.82 4182.77 4183.5 4186.12 4188.38 4192.3 4192.43 4195.81 4197.34 4196.49 4191.43 4192.4 4189.96 4190.69 4201.8 4209.19 4213.62 4216.87 4216.95 4217.8 4233.45 4228.13 4231.38 4247.55 4270.64 4285.1 4296.66 4307.4 4309.4 4303.56 4304.74 4302.13 4292.3 4272.76 4273 4266.39 4261.48 4256.58 4252.4 4249.13 4247.03 4246.42 4245.81 4248.72 4251.57 4259.54 4279.19 4300.16 4296.56 4317.73 4337.76 4342.9 4347.03 4350.91 4354.81 4356.92 4357.26 4362.64 4378.05 4393.79 4408.25 4424.09
4227.08 4259.36 4272.89 4260.02 4228.52 4205.43 4193.58 4189 4188.75 4190.13 4191.86 4195.05 4196.05 4196.66 4195.23 4193.51 4191.63 4194.76 4199.18 4207.96 4216.66 4225.46 4235.11 4232.62 4222.03 4209.36 4213.79 4217.99 4230.8 4263.65 4296.66 4305 4295.98 4300.36 4303.54 4304.51 4297.19 4288.76 4271.43 4264.26 4262.03 4259.39 4255.94 4252.56 4249.08 4247.7 4247.73 4248.41 4249.01 4250.47 4253.82 4258.79 4267.38 4278.11 4314.03 4326.18 4338.33 4342.97 4352.56 4362.01 4370.89 4374.87 4379.84 4395.86 4406.21 4416.86 4423.33
4223.46 4265.24 4314.02 4261.71 4224.7 4208.44 4198.53 4192.85 4190.71 4190.94 4193.58 4194.89 4195.76 4197.51 4198.46 4201.08 4203.62 4207.49 4211.1 4214.92 4221.97 4232.99 4240.84 4237.2 4222.84 4201.95 4201.03 4204.91 4213.84 4282.73 4313.52 4319.1 4307.23 4308.56 4305.18 4294.71 4291.33 4281.74 4274.38 4265.57 4260.99 4257.77 4254.84 4252.72 4253.08 4250.64 4249.77 4250.24 4249.81 4248.33 4247.85 4250.27 4257.12 4279.12 4295.27 4309.11 4324.86 4341.41 4352.5 4368.14 4384.45 4403.59 4410.67 4411.66 4416.97 4420.23 4424.49
4210.12 4240.96 4250.65 4231.4 4214.99 4205.4 4198.17 4193.47 4191.71 4191.35 4192.1 4195.41 4197.79 4199.31 4201.78 4207.92 4211.88 4209.6 4216.23 4215.86 4223.95 4235.83 4250.29 4252.93 4230.72 4213.08 4220.39 4233.76 4262.73 4302.83 4319.67 4323.23 4324.35 4318.29 4314.56 4307.04 4296.21 4284.57 4274.31 4268.78 4263.56 4258.4 4253.48 4250.39 4249.57 4249.82 4250.72 4253.34 4251.7 4247.96 4243.6 4243.6 4247.79 4269.57 4274.69 4292.05 4313.16 4329.8 4348.05 4367.93 4387.03 4405.36 4415.41 4417.63 4421.06 4422.36 4426.14
4198.94 4216.31 4219.23 4212.21 4208.58 4202.81 4198.92 4195.8 4194.12 4193.57 4194.55 4196.16 4197.44 4201.08 4203.85 4207.89 4202.86 4199.32 4197.99 4206.23 4221.6 4235.07 4246.35 4248.63 4235.67 4229.09 4250.44 4271.33 4286.4 4311.92 4328.98 4347.36 4339.57 4339.94 4330.6 4314.11 4305.78 4299.71 4285.53 4276.04 4267.45 4258.8 4252.4 4247.93 4246.11 4247.62 4250.98 4252.02 4251.79 4250.53 4244.64 4234.51 4243.45 4249.92 4267.15 4286.56 4303.35 4322.55 4340.88 4361.78 4382.69 4400.2 4411.04 4417.15 4421.03 4422.86 4428.54
4198.45 4205.79 4206.74 4206.91 4204.91 4200.65 4199.06 4198.04 4195.68 4195.86 4198.95 4198.12 4200.52 4201.67 4204.76 4209.46 4211.12 4204.95 4190.38 4204.01 4222.78 4232.7 4234.8 4227.32 4230.17 4237.63 4253.24 4254.1 4259.13 4292.28 4314.48 4318.95 4331.68 4336.96 4331.7 4318.3 4311.75 4305.65 4291.28 4276.81 4265.99 4255.94 4250.36 4246.57 4245.45 4248.76 4253.62 4257.97 4259.69 4258.13 4253.82 4247.28 4245.51 4250.84 4262.89 4277.14 4293.34 4312.89 4330.54 4352.09 4377.12 4399.52 4406.96 4411.42 4416.64 4422.95 4428.62
4201.2 4202.14 4203.62 4205.81 4203.32 4197.63 4195.85 4194.86 4195.16 4195.52 4195.55 4201.31 4201.34 4204.82 4208.31 4211.68 4216.4 4217.34 4219.58 4229.02 4233.96 4234.58 4230.28 4222.48 4224.67 4228.3 4239.51 4255.84 4255.05 4279.39 4303.4 4324.21 4327.22 4331.38 4338.24 4330.85 4312.33 4292.36 4280.34 4266.56 4252.21 4250.76 4248.04 4246.07 4245.97 4251.1 4257.48 4263.68 4268.09 4269.1 4267.66 4261.58 4254.52 4257.77 4258.85 4263.86 4283.6 4300.16 4318.96 4339.48 4362.46 4390.83 4393.64 4399.69 4407.36 4415.12 4421.44
4198.15 4198.03 4198.39 4200.83 4200.72 4198.98 4198.92 4201.06 4201.29 4201.5 4201.58 4202.01 4200.37 4204.63 4205.51 4207.6 4209.36 4220.2 4245.52 4257.46 4248.68 4241.49 4236.12 4230.88 4228.56 4222.92 4222.37 4253.72 4253.24 4275.25 4296.06 4312.03 4315.38 4318.74 4320.31 4323.2 4311.78 4291.73 4275.97 4265.54 4260.07 4251.89 4247.93 4246.38 4248.03 4253.6 4262.49 4272.26 4277.34 4283.01 4281.5 4280.3 4271.62 4272.01 4269.65 4268.92 4280.76 4296.95 4311.23 4323.6 4334.41 4346.95 4368.64 4384.21 4396.02 4405.02 4412.87
