real_craters/C141-750m.grd
DSAA
121 121
-45.0975 45.0975
-45.0975 45.0975
3356.2373840852 5380.8447858599
[rows 76 to 113 of 121, columns 0 to 83 of 121]
4223 4289 4262 4216 4199 4192 4191 4194 4196 4197 4201 4206 4211 4218 4233 4236 4223 4197 4205 4256 4314 4312 4309 4300 4291 4279 4266 4259 4255 4253 4251 4250 4250 4248 4250 4267 4295 4317 4341 4360 4384 4413 4412 4420 4424 4426 4425 4425 4455 4538 4643 4637 4638 4622 4494 4386 4287 4208 4128 4013 4014 4140 4251 4360 4502 4558 4643 4642 4593 4560 4518 4473 4450 4430 4438 4451 4457 4462 4466 4470 4473 4489 4582 4645
4203 4233 4221 4207 4198 4193 4192 4194 4197 4201 4208 4202 4208 4216 4236 4255 4234 4223 4250 4300 4327 4336 4332 4318 4301 4282 4273 4262 4253 4247 4248 4252 4251 4246 4234 4251 4269 4298 4328 4356 4386 4407 4418 4423 4428 4430 4428 4437 4449 4450 4565 4640 4632 4645 4678 4531 4430 4374 4365 4416 4435 4494 4471 4531 4665 4591 4536 4545 4532 4514 4479 4437 4414 4402 4407 4419 4430 4440 4450 4459 4467 4483 4529 4549
4198 4207 4207 4202 4199 4196 4196 4200 4201 4203 4209 4210 4190 4215 4233 4232 4230 4246 4254 4276 4314 4322 4337 4323 4312 4300 4277 4260 4250 4246 4249 4256 4260 4256 4247 4248 4263 4285 4313 4341 4377 4404 4411 4420 4429 4445 4444 4447 4447 4435 4440 4521 4625 4637 4599 4561 4519 4495 4534 4672 4652 4533 4517 4499 4449 4462 4431 4454 4470 4470 4465 4415 4397 4383 4388 4398 4408 4420 4433 4452 4451 4459 4493 4521
4201 4201 4205 4198 4201 4201 4202 4199 4202 4206 4210 4216 4234 4244 4238 4229 4225 4215 4249 4266 4300 4323 4325 4338 4312 4283 4264 4251 4248 4246 4252 4264 4270 4276 4274 4263 4259 4273 4296 4322 4349 4376 4392 4407 4416 4423 4449 4448 4461 4451 4467 4481 4506 4566 4542 4534 4531 4534 4555 4561 4507 4536 4480 4442 4411 4423 4428 4436 4440 4436 4422 4412 4396 4389 4379 4383 4391 4398 4411 4422 4421 4420 4466 4532
4190 4193 4194 4197 4198 4199 4199 4198 4199 4202 4204 4212 4256 4262 4248 4244 4241 4236 4250 4270 4291 4297 4311 4321 4312 4286 4268 4257 4249 4248 4253 4271 4301 4290 4279 4293 4289 4276 4297 4311 4316 4337 4369 4390 4405 4414 4403 4431 4452 4453 4451 4463 4492 4544 4528 4498 4495 4492 4482 4447 4419 4417 4419 4412 4418 4438 4443 4427 4419 4408 4392 4396 4377 4369 4367 4370 4373 4379 4388 4390 4394 4396 4445 4531
4179 4187 4191 4192 4192 4192 4194 4195 4196 4199 4205 4225 4245 4246 4248 4249 4252 4277 4367 4325 4291 4290 4311 4321 4306 4274 4267 4264 4242 4232 4242 4258 4268 4278 4289 4313 4301 4299 4306 4313 4325 4339 4360 4382 4397 4408 4419 4421 4419 4415 4386 4372 4397 4403 4405 4419 4425 4420 4407 4388 4378 4402 4393 4386 4377 4392 4400 4405 4402 4399 4393 4374 4352 4347 4352 4357 4360 4363 4366 4374 4387 4404 4431 4488
4174 4184 4189 4188 4187 4188 4189 4190 4192 4195 4200 4212 4220 4231 4242 4246 4250 4254 4275 4296 4286 4315 4270 4278 4287 4264 4261 4247 4226 4212 4225 4236 4250 4263 4284 4298 4318 4321 4318 4318 4325 4340 4358 4378 4393 4405 4417 4409 4393 4380 4373 4373 4384 4372 4380 4392 4397 4392 4381 4376 4395 4389 4374 4368 4363 4371 4384 4387 4383 4376 4372 4368 4354 4344 4345 4346 4347 4348 4352 4368 4392 4424 4434 4406
4169 4180 4183 4182 4183 4183 4185 4185 4185 4188 4191 4194 4205 4234 4245 4248 4247 4257 4260 4272 4275 4292 4260 4274 4265 4246 4242 4216 4220 4218 4219 4220 4215 4236 4277 4294 4287 4308 4316 4318 4323 4339 4358 4378 4396 4402 4397 4393 4386 4381 4375 4375 4380 4376 4385 4392 4391 4388 4380 4367 4375 4364 4360 4359 4366 4374 4379 4371 4365 4356 4352 4350 4353 4344 4339 4338 4340 4341 4340 4361 4395 4432 4441 4374
4175 4180 4179 4177 4179 4181 4182 4184 4182 4183 4183 4186 4197 4237 4256 4257 4260 4259 4257 4262 4261 4271 4274 4251 4251 4234 4219 4220 4223 4225 4222 4223 4226 4248 4268 4258 4285 4305 4306 4312 4320 4339 4360 4380 4397 4404 4394 4392 4402 4394 4383 4368 4379 4391 4390 4392 4389 4385 4379 4371 4351 4342 4346 4352 4351 4343 4352 4351 4347 4347 4340 4338 4329 4336 4332 4332 4336 4339 4345 4361 4388 4411 4402 4378
4177 4179 4176 4175 4176 4177 4179 4181 4176 4177 4177 4183 4193 4255 4266 4260 4258 4255 4259 4255 4256 4260 4261 4243 4241 4225 4218 4217 4218 4219 4226 4233 4249 4261 4258 4268 4270 4272 4281 4297 4319 4335 4357 4382 4401 4405 4400 4397 4400 4402 4389 4374 4373 4382 4384 4379 4385 4383 4379 4376 4355 4342 4349 4348 4341 4333 4334 4334 4330 4324 4323 4323 4326 4325 4325 4328 4336 4342 4347 4356 4371 4379 4381 4369
4175 4175 4174 4174 4174 4175 4176 4178 4175 4177 4176 4182 4195 4233 4252 4250 4246 4247 4248 4248 4242 4234 4229 4213 4213 4214 4213 4209 4210 4220 4229 4239 4249 4256 4256 4247 4247 4246 4258 4269 4288 4319 4350 4381 4410 4417 4413 4410 4405 4400 4394 4387 4386 4388 4391 4396 4390 4386 4381 4382 4376 4364 4352 4344 4337 4331 4326 4328 4323 4309 4310 4305 4302 4311 4318 4326 4332 4337 4346 4338 4331 4327 4370 4355
4172 4170 4171 4172 4171 4171 4173 4175 4176 4179 4180 4182 4187 4207 4229 4239 4240 4245 4245 4244 4239 4213 4188 4192 4199 4201 4201 4212 4215 4221 4233 4242 4249 4253 4253 4246 4245 4254 4255 4252 4265 4307 4343 4374 4396 4416 4424 4419 4423 4424 4412 4403 4403 4404 4403 4400 4397 4390 4379 4369 4366 4361 4351 4337 4334 4341 4332 4328 4330 4329 4309 4297 4292 4299 4308 4315 4323 4326 4325 4319 4310 4308 4333 4345
4168 4167 4166 4168 4168 4169 4172 4175 4177 4180 4183 4185 4184 4199 4221 4237 4248 4252 4238 4233 4221 4198 4184 4185 4189 4197 4204 4211 4224 4230 4240 4249 4254 4236 4251 4247 4245 4253 4259 4260 4275 4307 4342 4373 4396 4422 4442 4459 4445 4437 4427 4418 4423 4418 4418 4418 4408 4395 4379 4363 4359 4352 4347 4336 4323 4315 4321 4323 4325 4320 4303 4287 4282 4289 4299 4306 4313 4319 4318 4309 4305 4312 4330 4342
4160 4156 4158 4159 4162 4167 4171 4176 4179 4182 4185 4192 4205 4214 4226 4238 4249 4242 4224 4209 4199 4187 4183 4190 4194 4202 4210 4209 4213 4237 4250 4257 4266 4282 4265 4251 4248 4260 4254 4271 4288 4313 4346 4382 4419 4433 4453 4474 4452 4447 4446 4452 4435 4434 4432 4432 4419 4402 4386 4373 4367 4354 4334 4329 4312 4300 4298 4308 4314 4311 4295 4278 4283 4286 4289 4298 4305 4311 4310 4298 4293 4302 4329 4371
4152 4150 4152 4153 4157 4164 4171 4177 4182 4185 4190 4196 4204 4213 4227 4222 4220 4198 4199 4190 4189 4186 4191 4199 4211 4211 4211 4206 4219 4254 4262 4262 4264 4266 4263 4257 4257 4258 4255 4265 4287 4316 4349 4383 4417 4437 4450 4454 4455 4453 4456 4454 4461 4448 4440 4434 4421 4404 4390 4376 4369 4354 4338 4327 4307 4293 4293 4295 4297 4297 4291 4280 4282 4281 4282 4286 4291 4297 4295 4288 4278 4263 4312 4331
4154 4153 4153 4153 4156 4166 4173 4180 4186 4191 4195 4197 4199 4195 4194 4197 4190 4186 4186 4186 4186 4189 4198 4221 4224 4214 4209 4212 4261 4284 4278 4268 4257 4257 4260 4258 4255 4253 4258 4258 4283 4316 4352 4383 4408 4440 4460 4470 4469 4467 4471 4465 4458 4452 4440 4427 4413 4399 4393 4382 4367 4354 4338 4317 4308 4295 4283 4290 4302 4301 4296 4286 4269 4265 4271 4276 4279 4282 4281 4278 4277 4288 4309 4337
4163 4159 4158 4160 4164 4171 4177 4184 4190 4199 4204 4204 4198 4188 4188 4187 4183 4180 4183 4183 4195 4212 4237 4251 4231 4216 4214 4236 4290 4298 4290 4274 4256 4257 4258 4255 4257 4250 4256 4257 4281 4316 4355 4396 4427 4449 4471 4491 4494 4489 4482 4480 4469 4453 4436 4419 4401 4387 4372 4364 4356 4345 4332 4315 4308 4296 4284 4285 4289 4297 4303 4297 4275 4266 4269 4270 4269 4265 4269 4270 4273 4285 4307 4335
4170 4164 4165 4170 4177 4176 4181 4188 4197 4206 4213 4217 4215 4208 4202 4198 4196 4191 4192 4196 4217 4233 4261 4272 4232 4211 4218 4248 4290 4313 4298 4277 4259 4253 4248 4246 4242 4246 4251 4256 4279 4315 4355 4400 4433 4455 4478 4498 4500 4497 4484 4483 4468 4450 4431 4410 4390 4374 4361 4351 4346 4339 4328 4317 4298 4290 4289 4284 4277 4287 4303 4304 4287 4276 4273 4269 4267 4274 4264 4265 4269 4279 4299 4318
4166 4168 4170 4172 4172 4176 4182 4191 4200 4212 4224 4236 4249 4258 4251 4238 4224 4221 4222 4231 4263 4283 4276 4269 4231 4212 4219 4224 4268 4303 4294 4272 4254 4248 4237 4238 4241 4242 4240 4244 4273 4309 4350 4387 4422 4450 4472 4490 4492 4475 4479 4477 4463 4449 4432 4410 4383 4372 4349 4342 4333 4328 4323 4324 4286 4283 4286 4278 4268 4276 4290 4294 4292 4289 4278 4269 4263 4256 4260 4261 4265 4273 4286 4295
4163 4171 4171 4171 4172 4174 4181 4190 4202 4217 4233 4252 4279 4309 4317 4306 4312 4297 4292 4295 4314 4279 4268 4253 4228 4216 4210 4203 4258 4310 4282 4259 4237 4236 4234 4237 4243 4244 4241 4238 4267 4305 4345 4383 4413 4439 4463 4483 4476 4464 4463 4466 4459 4447 4434 4419 4402 4384 4378 4341 4323 4309 4304 4323 4292 4283 4276 4269 4259 4265 4272 4280 4287 4292 4276 4266 4261 4259 4256 4257 4260 4266 4273 4274
4170 4168 4170 4169 4165 4169 4179 4191 4205 4222 4239 4258 4283 4305 4300 4315 4315 4326 4330 4326 4313 4263 4249 4228 4223 4218 4211 4211 4235 4247 4260 4247 4234 4234 4235 4239 4242 4240 4231 4234 4264 4303 4343 4374 4405 4426 4447 4464 4466 4455 4462 4462 4455 4446 4436 4430 4426 4380 4316 4326 4314 4302 4311 4297 4300 4280 4269 4269 4260 4258 4261 4265 4270 4269 4263 4256 4250 4248 4250 4252 4257 4259 4261 4260
4174 4176 4170 4166 4161 4166 4176 4190 4205 4222 4239 4259 4276 4279 4289 4306 4304 4312 4318 4308 4272 4240 4238 4226 4223 4230 4213 4202 4236 4259 4253 4241 4231 4235 4236 4239 4242 4242 4237 4238 4266 4298 4337 4385 4396 4412 4423 4433 4447 4446 4445 4454 4448 4439 4429 4421 4408 4388 4363 4326 4311 4302 4299 4287 4278 4270 4258 4260 4254 4252 4253 4251 4248 4240 4242 4245 4246 4245 4245 4245 4241 4247 4249 4247
4175 4173 4168 4164 4161 4166 4177 4191 4207 4224 4241 4257 4273 4291 4301 4294 4288 4289 4281 4274 4261 4248 4236 4228 4229 4231 4222 4243 4273 4266 4254 4242 4241 4239 4241 4243 4245 4246 4246 4261 4270 4290 4314 4343 4374 4398 4415 4425 4426 4436 4446 4441 4441 4433 4421 4406 4384 4360 4340 4323 4307 4295 4284 4277 4268 4260 4251 4248 4246 4245 4240 4240 4233 4226 4228 4234 4237 4240 4240 4240 4239 4239 4239 4241
4171 4167 4162 4161 4162 4167 4176 4188 4204 4222 4238 4253 4265 4277 4284 4281 4268 4275 4270 4263 4254 4253 4243 4240 4226 4206 4231 4272 4281 4271 4257 4241 4233 4242 4244 4247 4247 4250 4264 4262 4271 4285 4298 4317 4358 4392 4419 4425 4423 4434 4438 4443 4432 4416 4404 4386 4369 4345 4321 4311 4300 4289 4274 4264 4260 4253 4245 4234 4237 4242 4243 4236 4227 4219 4220 4227 4233 4234 4235 4235 4234 4234 4231 4230
4165 4161 4157 4159 4158 4161 4170 4181 4195 4211 4227 4242 4256 4265 4273 4293 4292 4286 4274 4259 4255 4253 4232 4215 4202 4202 4245 4285 4290 4276 4262 4250 4243 4244 4245 4244 4245 4255 4273 4276 4278 4287 4298 4323 4357 4392 4416 4427 4426 4430 4435 4444 4422 4396 4377 4358 4349 4334 4317 4307 4298 4288 4275 4274 4263 4256 4241 4224 4228 4237 4239 4233 4225 4217 4218 4223 4227 4230 4230 4230 4230 4230 4233 4241
4163 4159 4159 4156 4156 4158 4166 4177 4190 4206 4223 4240 4255 4269 4286 4315 4324 4304 4276 4266 4264 4250 4228 4207 4204 4230 4260 4279 4291 4283 4268 4255 4247 4243 4246 4248 4243 4232 4277 4278 4286 4299 4307 4327 4364 4395 4421 4420 4422 4431 4432 4423 4394 4367 4349 4333 4319 4313 4309 4300 4295 4293 4292 4292 4284 4267 4239 4224 4221 4231 4235 4231 4227 4222 4222 4226 4229 4226 4226 4227 4227 4228 4230 4243
4162 4157 4156 4154 4154 4155 4162 4172 4185 4201 4215 4232 4251 4278 4311 4337 4327 4311 4303 4282 4263 4245 4229 4208 4207 4230 4260 4284 4290 4279 4261 4244 4239 4239 4244 4253 4256 4276 4303 4294 4307 4325 4345 4359 4374 4397 4417 4419 4421 4431 4428 4391 4346 4328 4317 4306 4294 4288 4291 4291 4291 4295 4306 4299 4296 4277 4240 4212 4219 4227 4231 4231 4227 4224 4223 4228 4228 4223 4218 4220 4221 4223 4229 4242
4158 4152 4151 4152 4152 4150 4157 4168 4183 4197 4212 4229 4248 4272 4298 4315 4298 4303 4295 4268 4244 4216 4199 4200 4206 4230 4263 4287 4297 4275 4248 4231 4232 4232 4232 4232 4266 4306 4331 4323 4334 4350 4373 4373 4375 4390 4416 4427 4425 4419 4362 4290 4284 4289 4288 4285 4279 4275 4272 4278 4284 4287 4292 4292 4289 4267 4250 4240 4235 4235 4234 4231 4229 4227 4227 4225 4222 4216 4209 4202 4206 4214 4228 4236
4154 4148 4149 4156 4152 4147 4152 4166 4182 4200 4221 4231 4247 4257 4263 4290 4294 4292 4286 4264 4231 4209 4202 4199 4206 4225 4253 4270 4280 4268 4249 4234 4230 4232 4234 4237 4291 4361 4392 4397 4374 4364 4367 4363 4359 4368 4411 4426 4418 4407 4290 4251 4258 4268 4272 4272 4269 4261 4264 4269 4272 4271 4267 4260 4270 4254 4256 4262 4256 4243 4236 4232 4228 4226 4225 4220 4216 4211 4203 4192 4195 4201 4210 4222
4151 4149 4146 4150 4152 4147 4152 4166 4183 4201 4220 4238 4258 4263 4263 4269 4287 4278 4271 4260 4231 4211 4197 4196 4199 4210 4223 4244 4252 4250 4246 4229 4232 4239 4252 4279 4333 4402 4412 4400 4371 4362 4359 4342 4330 4323 4353 4401 4379 4323 4289 4261 4262 4265 4268 4268 4266 4263 4261 4260 4258 4254 4249 4241 4242 4251 4257 4257 4250 4240 4236 4232 4229 4225 4222 4214 4212 4209 4205 4203 4194 4190 4195 4209
4144 4143 4141 4150 4156 4149 4151 4161 4171 4180 4187 4198 4210 4241 4287 4279 4247 4254 4259 4253 4229 4200 4195 4194 4195 4201 4209 4223 4233 4238 4233 4228 4236 4249 4270 4305 4351 4396 4411 4390 4365 4354 4339 4319 4297 4281 4296 4321 4335 4328 4277 4270 4274 4269 4268 4268 4268 4265 4261 4257 4251 4246 4242 4242 4236 4240 4251 4252 4246 4241 4238 4234 4229 4224 4218 4218 4216 4212 4208 4201 4193 4183 4182 4199
4134 4133 4136 4149 4159 4156 4160 4167 4173 4177 4183 4190 4198 4216 4272 4380 4246 4233 4245 4240 4217 4195 4195 4194 4194 4200 4205 4211 4227 4234 4230 4226 4242 4257 4279 4310 4348 4386 4403 4387 4355 4338 4326 4294 4269 4251 4255 4272 4264 4266 4263 4268 4272 4267 4264 4266 4270 4270 4265 4257 4251 4244 4235 4234 4241 4238 4241 4250 4255 4252 4244 4237 4230 4224 4220 4219 4218 4217 4213 4203 4195 4182 4181 4197
4124 4125 4136 4149 4161 4168 4171 4180 4180 4180 4180 4184 4181 4184 4210 4276 4237 4229 4242 4229 4216 4200 4197 4196 4196 4201 4201 4204 4212 4221 4227 4236 4248 4262 4279 4298 4317 4345 4377 4367 4336 4296 4279 4265 4249 4231 4228 4249 4252 4281 4278 4270 4264 4259 4258 4259 4265 4265 4262 4255 4251 4246 4246 4244 4244 4243 4245 4255 4266 4257 4247 4239 4231 4224 4218 4219 4220 4221 4223 4220 4207 4191 4189 4203
4124 4126 4138 4151 4162 4181 4214 4196 4186 4182 4179 4180 4177 4180 4183 4209 4216 4236 4260 4262 4238 4218 4202 4197 4193 4193 4199 4205 4207 4223 4235 4245 4261 4272 4279 4289 4305 4321 4334 4318 4279 4249 4247 4245 4237 4232 4236 4254 4272 4280 4281 4263 4249 4245 4245 4247 4245 4250 4252 4250 4248 4246 4244 4243 4244 4249 4252 4258 4268 4257 4247 4238 4229 4223 4219 4219 4219 4221 4227 4229 4223 4218 4215 4218
4132 4136 4145 4152 4157 4172 4183 4189 4190 4186 4184 4177 4177 4175 4169 4204 4236 4282 4300 4287 4254 4240 4215 4202 4191 4184 4196 4203 4204 4234 4237 4257 4270 4273 4275 4280 4290 4288 4279 4261 4239 4239 4242 4241 4237 4230 4246 4256 4270 4265 4259 4249 4237 4231 4231 4234 4240 4243 4246 4246 4244 4244 4250 4249 4248 4254 4262 4259 4253 4249 4242 4234 4226 4219 4213 4209 4212 4217 4223 4230 4237 4244 4238 4232
4142 4146 4149 4152 4147 4159 4168 4179 4187 4191 4192 4183 4172 4186 4204 4198 4247 4318 4341 4335 4273 4255 4230 4210 4194 4184 4194 4206 4208 4217 4240 4289 4275 4270 4267 4265 4260 4256 4256 4250 4239 4242 4247 4248 4245 4248 4299 4266 4263 4254 4256 4239 4225 4219 4218 4218 4222 4232 4238 4244 4242 4239 4237 4245 4248 4255 4262 4266 4264 4247 4239 4232 4224 4216 4206 4199 4204 4211 4216 4226 4240 4254 4248 4241
4144 4143 4146 4152 4151 4156 4165 4178 4186 4198 4207 4211 4203 4183 4188 4274 4249 4261 4340 4352 4295 4271 4240 4221 4206 4189 4193 4200 4213 4227 4236 4247 4254 4256 4255 4253 4249 4250 4258 4259 4245 4244 4256 4256 4255 4247 4224 4257 4256 4247 4243 4230 4215 4209 4207 4205 4206 4222 4237 4239 4238 4236 4236 4237 4234 4250 4267 4273 4267 4244 4234 4227 4221 4215 4207 4199 4202 4207 4210 4219 4229 4242 4241 4240
4141 4140 4143 4150 4152 4156 4166 4180 4192 4208 4225 4242 4260 4241 4255 4272 4251 4367 4325 4309 4308 4280 4238 4231 4223 4219 4204 4208 4223 4242 4243 4234 4232 4233 4235 4237 4239 4243 4257 4267 4261 4265 4267 4265 4265 4256 4250 4260 4235 4236 4223 4219 4212 4205 4201 4200 4204 4215 4225 4233 4234 4232 4232 4235 4238 4240 4255 4273 4262 4242 4232 4226 4222 4217 4210 4206 4207 4207 4215 4211 4208 4207 4224 4232
