real_craters/C141-300m.grd
DSAA
302 302
-45.0975 45.0975
-45.0975 45.0975
3353.0496157968 5383.364869043
[rows 270 to 299 of 302, columns 134 to 200 of 302]
4260.83 4259.91 4259.99 4260.96 4261.85 4263.67 4266.39 4267.39 4268.21 4268.31 4267.74 4266 4262.48 4259.56 4256.59 4254.17 4252.04 4250.31 4247.84 4245.7 4243.74 4241.16 4237.94 4239.32 4241.73 4240.34 4241.41 4245.71 4246.95 4245.6 4242.74 4242.57 4244.13 4248.3 4253.15 4257.66 4259.75 4262.06 4257.76 4255.39 4252 4248.35 4244.7 4241.17 4238.04 4234.96 4231.99 4229.18 4226.54 4224.22 4222.01 4219.89 4218 4217.22 4216.17 4217.99 4218.92 4219.4 4219.59 4219.77 4219.76 4219.8 4219.67 4219.65 4216.89 4211.2 4205.64
4257.81 4257.5 4257.22 4257.78 4258.76 4260.15 4262.94 4266.93 4266.24 4264.7 4263.94 4262.58 4260.09 4257.56 4255.12 4253.06 4251.18 4249.27 4247.75 4246.35 4245.41 4245.53 4248.68 4245.11 4244.76 4242.3 4242.42 4245.32 4245.87 4242.79 4243.35 4244.25 4246.42 4250.22 4255.19 4260.41 4265.42 4265.48 4261.84 4258.05 4253.78 4249.79 4246.31 4242.58 4239.02 4235.65 4232.52 4229.52 4226.72 4224.38 4221.97 4219.59 4217.22 4215.97 4219.15 4219.21 4219.62 4220.11 4220.47 4221.12 4221.74 4222.61 4223.33 4223.05 4220.87 4216.38 4211.16
4252.78 4252.62 4252.74 4253.08 4253.9 4254.92 4256.06 4257.99 4258.98 4258.76 4258.4 4257.07 4256.48 4254.92 4253.25 4251.64 4250.29 4248.57 4247.33 4246.42 4246.26 4246.71 4246.5 4246.27 4245.44 4243.81 4243.27 4245.12 4246.88 4247.65 4246.71 4245.71 4247.28 4251.75 4256.86 4262.46 4268.24 4271.59 4266.82 4260.14 4254.72 4250.29 4245.83 4242.44 4238.85 4235.45 4232.28 4229.26 4226.48 4223.68 4221.74 4219.88 4218.32 4217.69 4219.61 4219.62 4219.69 4220.14 4220.48 4221.54 4222.84 4224.6 4226.26 4227.22 4225.09 4221.27 4216.98
4247.8 4247.93 4248.12 4248.55 4249.21 4249.33 4248.24 4244.3 4249.24 4252.23 4253.4 4253.95 4252.93 4252.02 4251.08 4249.99 4248.79 4247.86 4247.13 4246.29 4246.05 4246.19 4247.81 4245.22 4242.27 4237.31 4241.61 4245.89 4249.68 4249.8 4249.46 4248.72 4249.67 4253.45 4257.46 4261.95 4267.2 4271.76 4265.83 4259.29 4254.22 4250.2 4245.69 4241.47 4237.92 4234.56 4231.38 4228.49 4225.76 4223.36 4221.41 4219.98 4219.39 4220.22 4219.26 4218.83 4219.03 4219.49 4219.99 4221.38 4223.12 4225.38 4227.98 4230.08 4228.53 4225.66 4222.69
4241.14 4241.44 4242.14 4243.27 4244.24 4245.21 4245.83 4245.94 4246.45 4247.97 4248.62 4248.47 4248.75 4249.05 4249 4248.52 4247.49 4246.75 4246.34 4245.89 4245.71 4243.85 4242.32 4244.88 4244.31 4243.63 4242.95 4245.62 4247.32 4249.5 4250.66 4252.79 4253.91 4255.33 4257.54 4259.54 4260.84 4258.96 4257.37 4254.86 4251.3 4248.06 4244.58 4240.88 4237.45 4234.11 4230.91 4227.87 4225.06 4222.05 4220.21 4219.04 4218.71 4218.06 4217.65 4216.78 4216.72 4217.71 4218.89 4220.46 4222.42 4224.92 4227.73 4229.98 4229.96 4229.09 4228.05
4235.91 4235.54 4236.15 4237.08 4238.78 4241.07 4244.71 4248.64 4245.83 4245.18 4244.91 4243.2 4245.34 4246.94 4247.28 4247.02 4246.37 4245.81 4245.14 4245.2 4246.04 4248.88 4248.8 4247.29 4247.34 4248.04 4247.22 4246.83 4248.15 4252.59 4257.79 4254.8 4255.56 4257.07 4257.71 4257.2 4254.5 4249.79 4250.6 4250.72 4248.68 4245.26 4242.07 4238.8 4235.69 4232.46 4229.33 4226.65 4223.75 4221.11 4218.9 4217.24 4216.59 4216.67 4215.07 4213.62 4213.78 4214.68 4216.09 4218.15 4221 4223.59 4226.31 4228.54 4230.18 4231.2 4232.15
4230.17 4230.09 4230.69 4231.68 4233.25 4235.61 4238.43 4240.56 4241.77 4242.3 4243.26 4244.88 4246.16 4246.23 4246.04 4245.64 4244.72 4244.46 4243.89 4243.68 4244.16 4247.54 4248.05 4247.67 4248.84 4249.68 4248.42 4247.02 4247.2 4253.97 4261.83 4263.17 4260.95 4259.79 4259.06 4257.38 4254.45 4252.65 4249.95 4248.84 4246.23 4243.5 4240.5 4237.41 4234.3 4231.2 4228.15 4225.08 4221.82 4218.96 4216.27 4213.86 4211.72 4209.99 4208.77 4208.95 4210.18 4211.86 4213.83 4216.06 4218.55 4221.32 4224.34 4227.24 4229.83 4232.38 4235.1
4224.8 4224.64 4225.07 4225.89 4227.32 4229.32 4232.04 4234.49 4236.35 4238.53 4241.2 4245.22 4246.43 4245.37 4245.36 4244.99 4244.33 4243.33 4242.4 4241.17 4239.53 4237.6 4241.39 4245.37 4248.31 4250.9 4247.53 4247.16 4249.21 4253.76 4258.49 4261.88 4262.04 4261.84 4261.29 4259.65 4256.93 4258.2 4252.45 4248.68 4245.25 4242.15 4239.96 4237.02 4233.14 4231.08 4227.88 4224.63 4221.33 4217.78 4214.29 4210.63 4206.76 4201.95 4202.21 4204.01 4206.37 4208.75 4211.29 4213.78 4216.21 4218.74 4221.47 4224.85 4228.49 4232.38 4236.52
4220.01 4219.84 4219.48 4220 4220.88 4222.3 4224.34 4227.24 4230.66 4234.23 4237.65 4239.18 4239.8 4243.73 4244.07 4243.57 4242.8 4241.77 4240.75 4239.37 4237.19 4234.96 4238.44 4242.72 4246.26 4249.31 4247.49 4247.62 4249.43 4253.75 4258.91 4258.89 4262.38 4264.14 4264.5 4263.74 4261.84 4259.29 4254.07 4248.31 4243.68 4240.17 4238.53 4235.56 4233.21 4230.08 4226.65 4223.33 4220.1 4216.77 4212.96 4208.85 4204.49 4200.33 4198.59 4200.74 4203.51 4206.19 4208.83 4211.37 4213.63 4215.95 4218.34 4221.87 4226.67 4231.23 4236.35
4215.23 4215.32 4214.99 4214.94 4214.54 4215.26 4215.91 4219.74 4224.93 4230.06 4235.05 4240.14 4244.97 4244.07 4243.25 4242.23 4241.42 4240.39 4239.28 4238.16 4237.01 4237.86 4238.29 4240.41 4242.73 4245.39 4247.14 4247.18 4249.18 4253.42 4257.12 4261.11 4264.57 4266.85 4268.12 4268.22 4267.26 4262.38 4252.99 4247.04 4242.54 4238.98 4235.74 4232.67 4230.57 4228.12 4224.91 4222.22 4218.76 4215.26 4211.42 4207.88 4203.56 4199.79 4198.43 4199.17 4201.69 4204.52 4207.05 4209.24 4211.41 4213.56 4215.98 4219.53 4224.2 4228.87 4234.37
4210.91 4210.51 4210.15 4209.74 4209.38 4209.31 4211.79 4214.64 4219.99 4226.07 4232.35 4238.99 4243.97 4243.08 4241.73 4240.61 4239.52 4238.54 4237.61 4236.83 4236.13 4236.2 4237.25 4238.34 4238.73 4237.26 4234.63 4241.17 4245.17 4250.53 4260.05 4265.23 4267.24 4269.31 4271.04 4271.35 4269.34 4262.93 4251.48 4245.54 4241.2 4237.56 4234.16 4230.75 4227.8 4224.98 4223.2 4220.38 4217.8 4214.6 4211.3 4208.08 4204.71 4200.85 4197.73 4198.61 4200.98 4203.31 4205.59 4207.61 4209.52 4211.38 4213.92 4217.07 4221.3 4225.45 4230.58
4207.44 4206.83 4206.1 4205.46 4204.69 4203.7 4202.93 4208.97 4215.54 4222.1 4228.4 4234.29 4238.88 4239.17 4238.96 4238.57 4237.88 4236.97 4236.34 4235.92 4235.7 4235.51 4236.06 4236.61 4236.85 4235.68 4233.74 4236.26 4242.26 4249.37 4258.04 4265.12 4267.6 4270.5 4273.2 4274.15 4270.93 4264 4252 4244.54 4240.15 4236.28 4232.82 4230.18 4227.39 4224.75 4222.09 4220.9 4217.99 4214.97 4212.07 4208.95 4206.19 4202.89 4199.6 4199.45 4201.21 4203.13 4205.01 4206.8 4208.41 4209.57 4210.24 4214 4217.98 4221.3 4225.32
4205.22 4204.25 4203.4 4202.51 4201.72 4200.84 4200.97 4205.99 4212.43 4218.62 4224.19 4228.65 4231.42 4233.86 4235.69 4236.4 4236.41 4235.8 4235.04 4234.34 4234.51 4235.1 4235.09 4235.6 4235.99 4237.04 4237.33 4235.91 4240.11 4245.44 4251.08 4259.82 4264.65 4269.8 4274.35 4277.59 4275.57 4262.75 4250.85 4244.93 4239.89 4235.56 4232.74 4229.85 4227.29 4225.01 4222.73 4220.28 4217.95 4215.62 4212.76 4209.92 4207.22 4204.14 4201.58 4201.03 4202.49 4203.94 4205.22 4206.63 4208.15 4209.69 4210.4 4212.66 4215.04 4216.58 4218.78
4203.66 4202.35 4201.42 4200.77 4200.6 4200.84 4201.78 4205.75 4210.83 4216.19 4221.1 4224.66 4225.74 4230.07 4233.65 4234.97 4235.01 4234.48 4233.63 4232.39 4230.9 4231.45 4233.18 4234.23 4235.46 4237.17 4239.58 4237.36 4237.64 4240.52 4246.13 4250.61 4260.4 4267.86 4273.83 4277.43 4274.77 4256.75 4245.09 4244.31 4238.61 4234.66 4231.35 4229.01 4226.76 4224.58 4222.83 4220.72 4218.57 4216.23 4213.73 4210.82 4208.13 4206.02 4203.6 4203.88 4204.95 4205.54 4205.96 4206.66 4208.13 4211.22 4213.78 4212.54 4211.89 4212.13 4212.11
4202.32 4201.06 4200.24 4199.85 4200.17 4202.33 4205.02 4206.07 4209.79 4214.49 4219.37 4223.76 4228.08 4231.25 4233.12 4233.91 4233.85 4233.38 4232.56 4231.23 4229.7 4230.4 4232.14 4233.36 4234.17 4234.68 4234.67 4233.09 4234.48 4237.49 4243.46 4250.81 4256.96 4265.35 4272.19 4274.02 4267.11 4251.31 4237.07 4239.59 4235.72 4232.32 4229.58 4227.52 4225.34 4224.19 4223.07 4221.34 4219.56 4217.72 4215.65 4213.09 4210.26 4209.52 4209.65 4209.41 4208.61 4207.8 4207.22 4206.65 4206.51 4208.52 4211.69 4209.75 4208.98 4208.56 4207.2
4201.57 4200.16 4199.29 4198.86 4199.02 4199.94 4201.8 4204.66 4208.27 4212.86 4218.13 4223.59 4229.1 4232.44 4233.24 4232.9 4232.62 4232.24 4231.55 4230.8 4230.02 4230.94 4232.4 4233.43 4233.22 4232.02 4228.31 4225.76 4232.03 4236.44 4240.81 4243.25 4252.43 4262.76 4271.66 4275.89 4269.24 4253.91 4238.71 4234.92 4232.68 4230.5 4228.17 4226.21 4225.27 4224.64 4223.24 4221.98 4220.81 4219.52 4218.22 4216.75 4215.37 4214.67 4215.17 4214.64 4212.28 4210.33 4208.89 4207.14 4204 4198.41 4199.1 4204.34 4206.59 4206.93 4205.66
4201.12 4199.78 4198.75 4198.03 4197.77 4197.83 4199.37 4202.52 4206.28 4210.65 4215.84 4221.98 4229.16 4233.52 4231.84 4231.17 4230.9 4230.67 4230.87 4231.04 4231.32 4232.19 4233.2 4233.85 4233.29 4232.11 4229.77 4228.69 4231.47 4238.3 4242.19 4241.46 4249.34 4260.54 4271.32 4279.69 4273.89 4258.83 4248.34 4234.36 4231.78 4229.78 4227.56 4225.45 4224.12 4223.73 4222.68 4221.97 4221.82 4221.46 4221.3 4220.62 4219.84 4218.97 4218.73 4217.72 4214.64 4212.52 4211.03 4209.68 4207.33 4199.41 4196.48 4204.84 4207.21 4207.85 4207.57
4201.04 4199.7 4198.38 4197.35 4196.96 4197.34 4198.35 4200.39 4203.52 4207.49 4212.24 4217.84 4223.78 4227.41 4227.46 4227.27 4227.87 4229.12 4230.46 4231.75 4232.24 4233.71 4234.68 4235.13 4234.92 4233.97 4232.71 4230.93 4232.7 4237.89 4239.85 4240.81 4247.99 4257.58 4267.24 4275 4269.36 4256.05 4244.53 4237.28 4232.9 4229.58 4227.38 4225.77 4224.65 4223.81 4223.19 4223.01 4223.1 4223.22 4223.71 4224.31 4223.9 4221.65 4219.69 4217.73 4215.36 4213.78 4212.93 4212.89 4214.9 4224.44 4219.87 4212.1 4210.43 4210.46 4211.21
4202.01 4200.01 4198.01 4196.31 4195.84 4196.99 4196.84 4197.84 4200.25 4203.49 4207.25 4211.48 4215.84 4219.46 4220.39 4221.69 4223.78 4226.76 4229.63 4232.53 4235.03 4235.53 4236.17 4236.51 4236.91 4237.7 4238.04 4238.33 4237.9 4239.91 4235.05 4240.3 4246.98 4252.94 4258.85 4262.42 4257.3 4246.99 4235.77 4235.81 4232.2 4228.89 4226.97 4225.59 4224.46 4223.82 4223.51 4223.12 4223.28 4223.89 4224.93 4226.27 4225.75 4222.21 4219.06 4216.53 4214.66 4214 4213.91 4214.39 4215.71 4215.6 4217.13 4214.8 4212.89 4212.75 4214.36
4203.86 4200.91 4197.78 4194.76 4192.33 4195.07 4192.93 4194.37 4196.64 4199.08 4201.74 4204.3 4206.68 4209.58 4211.41 4214.66 4218.71 4222.98 4227.51 4232.11 4235.15 4235.91 4236.59 4237.69 4239.2 4241.23 4243.34 4244.05 4244.14 4245.35 4237.38 4238.15 4243.21 4247.68 4248.94 4247.46 4244.05 4237.56 4230.76 4229.01 4227.46 4225.81 4225.04 4224.55 4224 4223.35 4223 4223.26 4223.44 4224.03 4224.85 4224.72 4223.75 4220.92 4217.4 4213.53 4213.32 4213.8 4214.13 4214.49 4214.78 4214.74 4214.87 4214.49 4213.57 4213.69 4215.18
4205.45 4201.71 4198.13 4194.18 4188.05 4176.24 4187.11 4191.02 4193.32 4195.11 4196.5 4197.44 4197.57 4197.06 4201.49 4207.48 4213.26 4218.63 4224.12 4229.23 4232.99 4234.55 4236.02 4237.64 4239.78 4242.38 4245.88 4249.89 4247.3 4243.99 4239.15 4239.72 4243.35 4246.01 4242.83 4236.48 4234.02 4229.48 4225.19 4222.94 4222.18 4221.76 4222.14 4222.73 4223.39 4223.81 4223.68 4223.37 4224.25 4223.95 4223.47 4223.1 4221.8 4219.58 4216.89 4214.02 4213.57 4214.08 4214.24 4214.28 4214.31 4214.51 4214.32 4213.94 4213.67 4213.41 4213.79
4206.09 4202.37 4198.91 4196.06 4194.3 4194 4189.85 4190.18 4190.94 4191.7 4192.27 4192.25 4191.38 4189.44 4194.7 4201.98 4208.24 4214.47 4220.17 4224.78 4228.4 4231.5 4233.69 4235.92 4238.46 4241.27 4245.08 4245.14 4243.82 4239.7 4238.62 4244.26 4251.06 4248.97 4243.75 4236.31 4229.38 4222.66 4216.95 4215.08 4217.44 4218.66 4220.1 4220.99 4222.53 4223.38 4223.33 4223.75 4223.2 4222.54 4221.49 4220.14 4219.71 4218.68 4217.34 4215.93 4215.48 4214.96 4214.44 4214.07 4213.78 4213.7 4213.68 4213.6 4213.22 4212.73 4211.78
4206.85 4202.57 4199.03 4196.95 4197.54 4198.02 4192.25 4189.82 4189.26 4189.23 4189.31 4189.25 4189.19 4190.43 4193.81 4198.69 4204.26 4210.13 4216.36 4222.57 4225.69 4227.74 4229.92 4232.77 4235.65 4238.72 4241.9 4244.61 4241.47 4240.56 4241.55 4247.75 4254.25 4251.97 4245.47 4236.9 4226.04 4216.83 4209.12 4205.84 4212.69 4216.52 4218.64 4219.83 4221.55 4221.91 4223.06 4222.68 4222.08 4221.17 4220.15 4219.09 4218.26 4217.97 4217.73 4218.09 4217.29 4215.7 4214.69 4214.07 4213.58 4213.39 4213.68 4213.77 4213.49 4212.96 4211.67
4206.13 4201.26 4197.51 4194.9 4192.7 4191.19 4189.95 4188.19 4187.43 4187.19 4187.35 4187.58 4188.34 4190.5 4193.16 4196.22 4200.61 4205.71 4211.3 4217.97 4220.95 4223.23 4225.98 4228.8 4231.81 4234.68 4237.02 4237.23 4237.14 4242.47 4242.44 4247.65 4257.03 4251.7 4240.97 4231.15 4221.36 4211.94 4204.18 4200.88 4211.51 4215.41 4217.92 4218.9 4219.76 4220.43 4222.22 4222.06 4221.32 4220.12 4218.64 4217.86 4217.35 4217.31 4217.31 4217.45 4217.05 4215.57 4214.63 4214.23 4214.25 4214.44 4214.61 4214.76 4215.02 4214.54 4213.98
4202.41 4198.26 4194.57 4191.53 4189.74 4188.12 4186.66 4185.83 4185.46 4185.45 4185.81 4186.51 4187.41 4188.53 4190.2 4193.76 4197.13 4200.64 4204.43 4208.34 4213.1 4217.2 4220.88 4224.41 4227.62 4230.64 4232.77 4234.76 4240.2 4242.6 4243.1 4246.71 4251.27 4246.04 4236.1 4225.68 4216.48 4208.02 4201.7 4200.18 4212.29 4214.92 4216.54 4218.22 4219.34 4221.64 4222.06 4221.96 4221.23 4219.86 4217.51 4215.18 4216.14 4216.48 4216.14 4215.96 4215.49 4214.31 4214.18 4214.41 4214.59 4215.32 4216.01 4216.42 4217.57 4217.62 4217.33
4197.5 4194.76 4191.19 4187.63 4184.27 4183.62 4183.51 4183.43 4183.65 4184.17 4184.76 4185.63 4186.8 4188.54 4190.96 4192.01 4193.95 4195.96 4198.04 4200.84 4206.14 4211.45 4216.06 4220.35 4224 4227.27 4229.66 4231.69 4237.52 4241.36 4244.24 4245.51 4240.15 4233.92 4230.17 4220.7 4211.22 4204.4 4200.16 4200.82 4208.7 4212.94 4215.61 4218.19 4219.68 4222.07 4222.65 4221.93 4221.54 4220.82 4219.55 4217.74 4217.1 4216.27 4214.82 4212.87 4211.27 4212.4 4213.67 4215 4216.37 4217.07 4217.88 4218.62 4219.42 4220.04 4220.92
4195.96 4192.14 4188.3 4184.37 4181.4 4180.52 4180.83 4181.61 4182.3 4183.09 4184.03 4185.07 4186.43 4188.04 4189.06 4190.53 4191.43 4192.14 4192.88 4195.56 4200.79 4206.36 4211.61 4216.32 4220.57 4224.57 4227.65 4230.07 4235.65 4237.42 4240.13 4238.78 4227.74 4218.96 4214.91 4209.57 4204.24 4200.15 4198.07 4199.22 4204.95 4211.93 4215.47 4217.36 4220.95 4221.92 4222.63 4222.63 4222.62 4222.57 4222.87 4221.85 4219.09 4216.8 4214.49 4211.99 4210.38 4211.72 4213.46 4215.48 4217.97 4219.12 4219.86 4220.96 4222.42 4224.93 4226.41
4194.33 4190.58 4186.43 4182.22 4178.44 4178.71 4179.46 4180.32 4181.21 4182.35 4183.53 4184.92 4186.42 4187.96 4188.9 4189.78 4189.67 4189.56 4189.62 4191.48 4197.08 4202.76 4208.15 4213.24 4217.71 4222.14 4226.75 4231.08 4234.8 4234.23 4234.13 4229.2 4221.44 4210.61 4201.38 4198.85 4197.37 4196.02 4195.9 4198.28 4207.24 4213.56 4216.08 4217.94 4220.42 4221.52 4222.34 4222.88 4223.12 4223.18 4222.85 4222.07 4219.98 4217.49 4214.97 4212.75 4211.81 4212.02 4213.57 4215.62 4217.61 4219.54 4221.25 4223.05 4225.27 4228.05 4232.02
4194.53 4189.87 4185.6 4181.59 4178.7 4178.41 4178.97 4180 4181.11 4182.46 4183.82 4185.03 4186.7 4188.33 4190.81 4189.83 4188.84 4188.31 4188.41 4190.76 4194.87 4199.9 4205.05 4210.45 4215.37 4220.39 4225.53 4230.65 4234.65 4233.51 4231.76 4228.05 4220.18 4208.03 4193.21 4192.24 4192.6 4192.98 4194.15 4197.01 4206.62 4213.71 4216.04 4217.56 4219.88 4221.15 4222.06 4222.6 4223.07 4223.35 4222.64 4221.8 4220.46 4218.31 4215.88 4213.52 4211.73 4212.31 4214 4215.94 4218.23 4220.19 4222.41 4224.63 4227.27 4230.89 4234.82
4194 4189.3 4185.43 4182.08 4179.38 4179.23 4179.6 4180.42 4181.65 4182.81 4184.02 4185.07 4186.42 4187.66 4188.62 4188.62 4187.9 4187.42 4187.78 4189.99 4194.22 4199.35 4204.65 4209.52 4214.59 4218.87 4223.84 4228.55 4231.39 4232.16 4230.79 4228.75 4218.26 4204.18 4193.9 4190.65 4190.55 4191.47 4193.32 4196.55 4203.11 4210.51 4214.43 4217.19 4219.21 4220.6 4221.61 4222.57 4223.15 4223.69 4224.06 4222.78 4220.92 4218.98 4216.97 4215 4213.41 4213.75 4215.09 4216.63 4218.32 4220.86 4223.43 4225.96 4228.51 4231.54 4234.04
