real_craters/C141-300m.grd
DSAA
302 302
-45.0975 45.0975
-45.0975 45.0975
3353.0496157968 5383.364869043
[rows 210 to 239 of 302, columns 134 to 200 of 302]
4386.7 4388.17 4391.6 4393.38 4392.41 4391.82 4390.29 4388.56 4387 4385.06 4382.16 4380.13 4377 4373.11 4369.95 4365.74 4359.09 4353.2 4354.53 4349.87 4343.48 4341.83 4348.1 4352.03 4353.37 4354.3 4354.98 4356.2 4356.5 4357.02 4353.22 4357.77 4358.89 4358.27 4356.23 4354.41 4352.44 4351.69 4350.63 4350.7 4349.07 4345.73 4343.2 4341.6 4339.95 4337.02 4338.61 4341.63 4341.14 4339.64 4336.19 4334.68 4333.71 4333.05 4333.03 4333.39 4335.66 4337.11 4338.28 4339.67 4339.54 4340.76 4340.27 4347.62 4358.37 4370.03 4382.39
4388.96 4389.21 4391.72 4393.02 4392.15 4390.23 4388.34 4386.82 4385.79 4384.12 4382.43 4379.85 4376.96 4373.98 4370.84 4369.56 4355.98 4344.99 4343.36 4340.59 4334.86 4343.37 4349.95 4351.8 4352.01 4351.96 4350.61 4347.71 4342.68 4339.89 4345.69 4348.64 4349.93 4349.47 4349.4 4348.01 4346.07 4344.55 4343.33 4343.69 4342.64 4339.95 4338.09 4337.27 4337.79 4339.54 4334.36 4333.03 4335.51 4335.12 4332.66 4331.81 4331.3 4331.25 4331.52 4336.41 4334.07 4335.37 4337.75 4339.66 4342.13 4345.27 4350.02 4353.55 4360.45 4369.23 4379.11
4387.61 4388.14 4389.95 4393.12 4390.03 4387.45 4386.48 4386.13 4385 4383.7 4382.17 4380.27 4376.83 4374.62 4370.42 4361.78 4355.83 4347.62 4345.34 4339.84 4337.91 4345.97 4351.64 4352.35 4351.67 4349.7 4346.05 4342.83 4339.6 4342.08 4344.27 4342.71 4342.77 4342.63 4341.74 4340.44 4338.88 4337.17 4335.75 4334.82 4333.68 4332.56 4331.6 4331.8 4333.22 4337.2 4340.24 4334.71 4331.97 4330.63 4328.97 4328.56 4328.55 4328.61 4330.7 4335.61 4336.61 4338.39 4340.21 4342.73 4345.06 4348.24 4353.19 4356.45 4361.27 4367.77 4375.54
4384.79 4385.28 4384.95 4382.61 4381.44 4383.24 4384.33 4384.9 4384.26 4382.85 4381.33 4379.49 4377.98 4376.36 4374.89 4370.52 4359.67 4349.94 4345.49 4341.82 4339.16 4344.61 4350.89 4350.43 4348.64 4345.79 4342.77 4339.64 4336.66 4334.93 4335.89 4335.2 4335.76 4335.77 4335.44 4334.39 4332.65 4330.17 4327.41 4325.74 4324.78 4324.65 4324.57 4324.78 4325.04 4325.4 4327.79 4328 4326.89 4326.23 4325.36 4325.73 4326.41 4327.19 4328.39 4333.56 4335.01 4337.12 4339.13 4341.9 4345.01 4347.21 4348.94 4352.71 4356.73 4363.8 4369.5
4383.5 4384.22 4382.61 4375.72 4376.11 4382.63 4385.31 4385.92 4385.4 4384.18 4382.95 4380.94 4379.11 4376.2 4373.78 4372.22 4363.98 4355.15 4346 4347.23 4346.8 4349.28 4351.34 4349.42 4346.75 4343.92 4341.2 4338.37 4335.85 4331.93 4328.18 4328.39 4329.77 4330.45 4330.57 4330.44 4327.66 4324.23 4319.84 4316.02 4316.18 4317.12 4317.57 4317.21 4316.5 4314.9 4315.96 4318.28 4319.47 4320.46 4320.65 4321.77 4323.06 4324.48 4329.5 4331.54 4333.47 4335.76 4337.98 4340.85 4344.09 4346.32 4347.32 4349 4351.01 4352.49 4354.64
4386.2 4387.06 4386.9 4386.17 4387.3 4387.82 4388.14 4387.53 4386.64 4385.23 4383.46 4381.9 4379.98 4377.23 4368.03 4364.86 4369.9 4370.93 4368.32 4358.74 4354.48 4352.98 4350.49 4348.36 4345.44 4342.34 4339.36 4337.04 4335.62 4335.49 4324.94 4324.75 4327.33 4328.72 4328.5 4327.39 4325.16 4321.26 4315.37 4308.39 4310.58 4311.92 4312.24 4310.88 4309.09 4306.91 4306.69 4309.32 4312.16 4313.6 4315.4 4317.15 4318.99 4320.6 4326.1 4328.46 4330.88 4333.58 4336.28 4339.24 4342.63 4346.49 4347.49 4346.01 4345.69 4345.65 4346.05
4391.13 4392.39 4393.27 4395.57 4397.49 4393.88 4391.5 4389.52 4388.16 4386.17 4384.22 4382.41 4381.23 4381.89 4386.42 4381.37 4376.88 4377.71 4375.05 4363.48 4356.89 4354.27 4351.05 4346.9 4343.14 4340.25 4338.04 4335.56 4332.48 4328.1 4320.85 4324.09 4326.59 4327.5 4327.44 4326.93 4325.26 4322.11 4317.51 4312.41 4311.47 4310.71 4308.78 4306.4 4303.55 4300.41 4298.95 4301.94 4305.65 4309.03 4311.93 4314.71 4317.16 4319.63 4324.17 4326.8 4329.04 4331.48 4333.08 4336.4 4339.48 4342.97 4342.6 4338.97 4334.77 4331.33 4328.06
4397.07 4397.33 4398.57 4399.79 4400.22 4397.15 4394.66 4392.38 4389.96 4387.6 4384.99 4382.69 4380.86 4381.09 4383.88 4380.73 4375.65 4372.02 4365.19 4359.36 4353.12 4340.71 4347.58 4342.94 4339.93 4337.81 4336.11 4334.28 4330.9 4324.08 4327 4328.23 4328.21 4328.66 4328.55 4328.37 4327.26 4326.1 4324 4320.16 4315.94 4311.35 4307.36 4303.63 4300.04 4296.83 4295.96 4297.16 4300.36 4304.6 4308 4311.54 4314.9 4318 4321.03 4323.3 4326.04 4328.02 4330.35 4331.97 4333.36 4333.98 4334.1 4330.75 4326.11 4321.72 4317.44
4402.59 4402.22 4402.07 4401.58 4400.08 4398.23 4397.2 4395.15 4392.5 4389.15 4385.55 4381.7 4377.58 4374.23 4371.79 4370.96 4368.76 4365.54 4362.17 4360.89 4357.66 4360.68 4340.64 4336.34 4337.07 4336.05 4334.8 4334.29 4335.25 4335.93 4334.79 4332.32 4330.61 4329.22 4328.51 4328.64 4328.94 4329.77 4331.29 4328.56 4319.84 4312.9 4307.02 4301.92 4297.63 4294.31 4292.65 4293.04 4295.46 4299.19 4302.55 4306.54 4309.96 4313.24 4315.95 4318.84 4322 4324.31 4326.11 4326.99 4327.16 4325.51 4326.13 4324.53 4320.57 4316.88 4313.19
4407.76 4407.61 4406.6 4404.51 4400.05 4400.46 4399.85 4397.26 4394.19 4389.81 4385.23 4379.68 4373.86 4367.22 4360.36 4362.2 4362.1 4360.13 4356.42 4358.91 4357.36 4352.72 4341.9 4337.12 4335.67 4333.77 4332.14 4331.76 4334.99 4342.85 4342.96 4336.71 4330.9 4328.31 4327.41 4327.48 4328.44 4330.06 4331.91 4329.11 4320.55 4312.44 4305.45 4299.35 4294.99 4292.76 4290.16 4289.78 4291.97 4296.05 4299.78 4303.44 4306.56 4309.8 4311.81 4315.44 4318.08 4320.76 4322.36 4323.67 4323.74 4323.31 4322.4 4320.01 4316.36 4313.73 4310.96
4413.62 4413.49 4412.72 4411.45 4408.82 4408.05 4405.63 4401.83 4397.15 4392.48 4386.82 4380.54 4374.07 4365.76 4358.24 4359.46 4359.52 4357.38 4355.78 4355.44 4353.29 4347.78 4344.65 4341.02 4336.34 4332.06 4328.52 4325.29 4322.13 4322.06 4325.5 4328.26 4326.43 4325.12 4324.87 4325.67 4326.71 4327.52 4327.03 4323.88 4317.28 4309.81 4302.4 4296.2 4290.98 4287.95 4285.92 4285.85 4288.27 4291.7 4296.14 4299.7 4303.08 4306.31 4308.4 4311.79 4314.42 4317.39 4319.91 4320.95 4321.24 4320.98 4319.03 4316.46 4312.46 4309.64 4307.9
4419.81 4419.9 4419.82 4419.52 4420.07 4417.25 4412.06 4406.83 4401.12 4395.2 4388.96 4382.76 4376.19 4369.87 4364.46 4361.89 4360.55 4358.66 4354.24 4354.63 4350.87 4347.06 4345.3 4342.84 4335.85 4329.8 4324.31 4319.42 4314.12 4313.57 4318.5 4317.2 4319.53 4320.36 4321.16 4322.33 4323.71 4324.25 4322.4 4319.28 4313.46 4306.47 4299.26 4292.38 4286.55 4282.63 4281.47 4282.15 4285.03 4288.23 4291.57 4295.83 4298.89 4301.89 4304.97 4307.4 4310.32 4312.96 4316.26 4317.72 4319.09 4318.64 4316.07 4312.96 4308.67 4305.92 4304.49
4426.08 4426.2 4426.32 4426.48 4426.02 4423.59 4417.64 4410.99 4404.32 4397.95 4391.48 4385.28 4379.81 4374.17 4369.64 4366.14 4363.83 4362.37 4361.58 4356.13 4347.68 4339.18 4336.21 4337.61 4332.92 4326.96 4320.72 4315.14 4311.89 4309.86 4310.59 4314.02 4312.46 4313.67 4315.6 4317.61 4319.32 4321.22 4321.82 4316.62 4310.1 4302.75 4295.46 4288.44 4282.54 4279.55 4279.14 4280.16 4283.74 4286.56 4288.87 4291.76 4295.83 4298.34 4301.11 4304.6 4306.89 4310.35 4312.89 4314.9 4317.07 4316.42 4312.72 4308.91 4304.26 4301.02 4299.26
4431.58 4431.22 4431.02 4431.28 4431.5 4428.79 4421.3 4414.34 4407.55 4400.78 4394.3 4388.03 4382.81 4376.89 4372.32 4369.42 4366.93 4365 4362.53 4353.93 4345.87 4337.11 4332.3 4333.87 4329.41 4323.36 4316.63 4310.28 4305.39 4301.84 4298.99 4299.31 4302.81 4306.13 4308.93 4311.48 4314.15 4316.5 4318.04 4312.61 4306.16 4299.62 4292.54 4285.38 4279.01 4277.36 4279.87 4283.36 4284.46 4285.67 4286.97 4288.95 4290.88 4293.79 4296.3 4301.31 4304.25 4305.88 4308.64 4311.44 4313.93 4312.82 4308.72 4304.3 4299.85 4296.24 4294.67
4436.99 4435.7 4434.6 4433.75 4431.42 4427.04 4422.38 4416.43 4409.64 4402.67 4396.19 4390 4385.27 4381.17 4376.18 4371.84 4368.97 4366.6 4364.19 4359.74 4348.47 4341.41 4337.6 4330.94 4327.82 4321.33 4313.51 4305.12 4297.77 4295.14 4292.75 4289.31 4295.54 4300.27 4303.2 4305.6 4307.41 4308.76 4309.03 4306.15 4301.64 4296.26 4290.01 4283.61 4278.11 4277.5 4281.05 4284.9 4284.88 4284.75 4285.08 4286.08 4287.59 4290.92 4293.82 4295.29 4297.85 4300.69 4304.11 4306.93 4309.52 4308.1 4303.94 4299.64 4295.93 4292.17 4289.39
4441.62 4439.35 4437.34 4435.37 4432.59 4428.38 4423.49 4416.98 4410.29 4403.75 4397.31 4391.38 4385.62 4381.77 4377.01 4373.02 4369.84 4367.27 4363.04 4356.16 4348.9 4343.11 4340.17 4337.09 4328.91 4320.25 4311.82 4303.21 4294.53 4292.89 4293.56 4293.44 4293.68 4295.8 4298.5 4300.38 4301.02 4300 4299.02 4299.48 4297.63 4293.61 4288.54 4283.27 4279.24 4278.77 4281.06 4283.67 4283.67 4282.95 4282.7 4283.28 4284.62 4286.22 4288 4290.7 4292.96 4295.82 4298.39 4300.95 4302.3 4301.6 4298.79 4294.95 4290.94 4287.54 4283.87
4444.6 4441.88 4438.93 4436.27 4434.16 4432.22 4424.53 4416.72 4410.09 4403.99 4398.44 4392.96 4386.47 4376.08 4375.92 4373.8 4370.68 4366.79 4362.13 4354.09 4348.71 4342.11 4330.92 4332.25 4326.76 4318.8 4311.29 4304.58 4299 4293.44 4290.38 4291.81 4291.73 4292.47 4294.52 4296.55 4296.9 4294.66 4293.78 4296.09 4295.86 4293.07 4288.6 4283.5 4279.94 4278.95 4280.23 4282.49 4281.63 4279.86 4279.62 4280.24 4281.81 4282.73 4284.32 4286.42 4288.57 4290.6 4293.21 4295.23 4295.85 4295.22 4292.76 4290.44 4287.44 4283.42 4280.15
4446.33 4442.34 4438.64 4435.16 4431.56 4428.06 4420.1 4414.14 4408.02 4402.72 4398.29 4394.47 4391.75 4387.74 4380.86 4375.05 4370.42 4366.96 4363.69 4363.31 4354.44 4344.03 4338.71 4330.85 4323.27 4316.57 4310.5 4304.62 4299.23 4293.6 4288.21 4284.66 4286.36 4288.92 4291.92 4294.85 4296.88 4297.07 4296.82 4297.34 4296.47 4293.93 4289.94 4284.05 4278.26 4277.96 4277.76 4279.16 4276.63 4273.9 4273.86 4275.56 4277.29 4279.34 4280.6 4282.09 4283.79 4285.78 4287.94 4290 4291.23 4289.54 4287.37 4285.45 4283.11 4279.86 4278.38
4447.07 4442.43 4437.61 4432.87 4427.22 4417.82 4414.95 4410.7 4405.15 4399.95 4395.89 4394.02 4393.78 4393.84 4382.92 4374.87 4369.58 4365 4361.47 4355.78 4348.87 4342.66 4334.72 4324.78 4317.14 4314.09 4310.09 4305.89 4300.36 4294.81 4289.75 4285.09 4283.48 4286.19 4289.87 4294.15 4298.82 4302.98 4302.58 4300.45 4298.41 4296.45 4293.67 4289.46 4283.37 4279.3 4274.17 4267.72 4264.19 4266.68 4268.81 4271.03 4272.97 4274.57 4276.95 4278.54 4279.66 4280.61 4282.13 4283.55 4284.35 4283.29 4281.78 4280.37 4279.01 4277.43 4277.09
4446.61 4441.68 4436.39 4430.94 4425.97 4422.91 4416.21 4408.03 4401.33 4396.27 4391.95 4389.34 4387.36 4383.91 4377.96 4371.42 4366.45 4361.88 4357.63 4353.33 4347.83 4339.85 4332.28 4324.35 4318.1 4312.78 4309.81 4307.3 4302.9 4296.5 4291.31 4287.16 4283.47 4284.44 4287.94 4292.56 4298.68 4306.68 4304.92 4301.8 4300.33 4299.41 4298.46 4297.73 4293.17 4283.53 4273.61 4262.73 4257.82 4262.36 4265.75 4268.47 4270.23 4271.96 4273.78 4274.97 4275.32 4275.51 4276.27 4276.8 4277.23 4276.99 4276.8 4276.16 4275.21 4275.02 4275.26
4446.66 4440.63 4434.3 4428.38 4422.63 4417.42 4410.39 4402.87 4396.37 4390.95 4385.64 4381.42 4377.45 4374.29 4370.1 4365.82 4361.96 4358 4353.77 4348.47 4341.42 4336.57 4331.11 4323.14 4313.46 4311.34 4309.12 4306.36 4302.04 4296.8 4291.49 4285.85 4281.15 4283.12 4285.97 4289.36 4293.33 4297.04 4299.48 4299.78 4300.44 4301.27 4301.77 4301.38 4296.8 4287.43 4277.01 4267.41 4262.7 4263.44 4265.53 4267.62 4268.91 4270.05 4271.09 4271.22 4271.39 4271.43 4270.74 4270.78 4271.3 4271.34 4271.89 4272.15 4271.41 4272.23 4273.55
4445.64 4438.54 4431.98 4424.95 4417.5 4409.26 4401.56 4396.07 4390.73 4385.07 4379.51 4373.58 4366.84 4362.93 4362.19 4359.94 4357.2 4353.85 4349.56 4344.14 4337.19 4333.81 4330.2 4323.77 4315.29 4310.89 4308.41 4306.18 4301.44 4296.22 4291.84 4287.88 4282.79 4283.59 4284.66 4285.39 4286.09 4287.74 4291.86 4295.81 4299.04 4301.91 4303.68 4302.79 4298.44 4290.81 4281.69 4273.53 4268.22 4267.01 4267.28 4268.27 4269.07 4269.59 4269.64 4269.57 4268.92 4267.53 4265.38 4262.86 4264.62 4266.83 4268.16 4268.79 4269.07 4269.9 4271.73
4444.79 4436.81 4429.24 4421.26 4412.89 4403.88 4395.72 4390.33 4385.08 4379.73 4374.18 4368.2 4363.12 4359.06 4356.67 4354.86 4352.32 4349.63 4346.22 4342.33 4338.08 4332.94 4328.63 4323.23 4314.61 4310.58 4306.68 4303.3 4298.55 4294.29 4291.53 4290.32 4287.78 4286.29 4284.4 4282.41 4280.14 4279.34 4285.77 4291.62 4296.78 4301.66 4305.72 4306.92 4302.13 4294.42 4286.34 4278.86 4273.51 4271.29 4270.58 4270.27 4270.02 4269.59 4269.26 4268.46 4267.67 4266.48 4264.11 4259.62 4261.93 4264.39 4265.6 4266.29 4266.71 4267.61 4269.21
4443.23 4434.87 4426.91 4418.5 4409.91 4401.22 4393.33 4386.6 4380.66 4375.31 4369.93 4364.33 4358.48 4354.83 4352.36 4350.05 4347.63 4345.83 4343.28 4340.27 4336.2 4331.5 4325.8 4321.33 4316.85 4310.9 4303.4 4297.46 4293.26 4290.76 4289.29 4288.71 4292.99 4289.04 4284.43 4280.63 4277.97 4277.85 4282.1 4287.9 4293.93 4299.99 4306.31 4310.89 4305.09 4297.32 4289.92 4283.18 4278.53 4275.27 4273.8 4272.66 4271.61 4270.56 4269.21 4268.05 4267.1 4266.82 4268.16 4269.95 4266.17 4264.11 4263.9 4264.26 4264.89 4265.82 4267.77
4441.65 4434.22 4425.81 4417.21 4408.62 4399.31 4391.25 4383.64 4377.77 4372.09 4366.59 4361.55 4358.53 4352.57 4348.46 4345.63 4343.33 4341.15 4339.34 4337.58 4334.87 4330 4322.76 4312.03 4317.4 4311.76 4298.49 4288.77 4287.06 4286.93 4286.84 4286.85 4289.58 4288.33 4283.3 4278.63 4276.14 4276.32 4279.07 4284.08 4290.01 4296.15 4301.86 4305.41 4302.77 4297.45 4291.97 4286.4 4280.35 4278.77 4277.65 4275.62 4273.54 4271.51 4269.41 4267.77 4266.28 4265.46 4266.85 4270.97 4266.4 4263.46 4262.81 4262.85 4263.43 4264.45 4266.71
4442.22 4434.6 4426.67 4417.93 4408.21 4397.53 4386.48 4380.61 4376.51 4370.97 4364.17 4357.08 4351.6 4347.5 4344.32 4341.35 4338.1 4335.62 4334.76 4333.92 4334.76 4329.55 4323.81 4321.11 4323.63 4314.17 4294.39 4282.45 4282.89 4284.12 4285.25 4286.39 4288.45 4286.12 4280.73 4275.37 4270.88 4271.07 4274.95 4279.85 4285.39 4290.99 4295.56 4297.72 4297.88 4295.7 4292.87 4289.99 4288 4285.39 4281.82 4278.4 4275.19 4272.16 4269.68 4267.3 4265.25 4262.77 4258.86 4257.15 4260.73 4260.98 4261.31 4261.38 4262.3 4263.12 4265.2
4441.84 4435.51 4427.74 4419.3 4409.98 4399.4 4388.58 4382.76 4378.22 4372.5 4364.68 4354 4344.81 4343.51 4341.12 4337.98 4333.6 4330.26 4327.98 4326.67 4324.63 4320.55 4323.25 4327.04 4323.09 4310.14 4294.07 4284.35 4283.25 4283.44 4284.18 4285.24 4285.86 4282.6 4277.09 4271.59 4268.01 4267.47 4270.45 4274.94 4280.18 4285.42 4290.39 4293.3 4293.5 4293.22 4292.43 4292.09 4292.31 4289.83 4285.04 4280.56 4276.39 4272.83 4269.54 4266.87 4264.59 4262.36 4259.62 4257.07 4258.77 4259.17 4259.53 4259.86 4260.68 4261.57 4263.58
4441.9 4435.66 4428.98 4420.52 4413.02 4404.28 4396.28 4389.06 4383.3 4377.17 4369.81 4359.17 4348.3 4345.11 4340.38 4335.47 4329.42 4325.05 4321.21 4317.8 4314.9 4314.06 4319.32 4326.85 4319.78 4302.97 4300.1 4291.82 4286.13 4283.93 4283.07 4282.89 4282.37 4278.21 4273.19 4267.38 4262.2 4263.05 4266.16 4270.25 4274.58 4279.12 4283.71 4286.89 4288.2 4289.56 4290.67 4291.49 4291.44 4289.31 4286.31 4281.38 4276.58 4272.18 4268.56 4265.86 4263.96 4263 4264.07 4262.75 4259.47 4258.24 4258.21 4258.72 4259.2 4260.22 4262
4441.28 4435.94 4429.84 4423.67 4417.35 4410.62 4403.23 4395.94 4389.37 4382.84 4378.02 4374.63 4364.28 4350.97 4340.79 4333.02 4326.15 4320.59 4315.48 4310.36 4305.53 4301.4 4312.2 4324.29 4324.37 4314.23 4299 4292.24 4287.24 4283.76 4281.26 4279.27 4277.5 4275.92 4270 4264.11 4259.8 4259.85 4262.68 4266.04 4269.45 4272.69 4275.35 4279.02 4282.05 4284.59 4287.16 4289.49 4291.65 4292.1 4286.61 4280.6 4275.1 4270.59 4266.8 4263.89 4262.03 4261.15 4261.18 4260.11 4258.08 4256.79 4256.39 4257.08 4257.99 4259 4260.33
4441.22 4437.12 4432.28 4427.39 4422.73 4417.74 4412.06 4404.66 4395.19 4385.43 4379.92 4383.72 4372.31 4351.2 4338.43 4329.96 4323.28 4317.76 4310.5 4304.5 4298.87 4295.54 4305.8 4314.03 4314.29 4307.94 4296.39 4291.22 4287.26 4283.09 4279.18 4275.77 4272.21 4270.12 4267.78 4262.54 4256.56 4258.14 4260.25 4262.72 4265.15 4267.35 4268.93 4272.43 4275.83 4278.8 4281.75 4285.13 4288.54 4289.76 4283.94 4277.4 4272.02 4267.51 4263.86 4261.13 4258.78 4257.52 4256.97 4256.14 4255.11 4254.7 4254.75 4255.26 4256.25 4257.57 4259.72
