real_craters/C141-500m.grd
DSAA
181 181
-45.0975 45.0975
-45.0975 45.0975
3357.5410818198 5383.2790050148
[rows 0 to 29 of 181, columns 67 to 133 of 181]
5080.99 5073.97 5065.23 5054.54 5043.93 5032 5016.97 4997.91 5001.01 5005.75 4998.46 4995.39 4993.17 4989.16 4981.84 4976.92 4986.77 4987.76 4987.92 4985.83 4982.81 4979.76 4979.91 4983.37 4988.73 5003.48 5005.87 5005.19 5006.57 5012.62 5019.64 5028.6 5039.64 5052.04 5066.49 5080.9 5097.44 5113.27 5125.14 5128.11 5124.91 5115.66 5103.47 5090.81 5085.15 5078.97 5078.79 5066.27 5062.02 5069.3 5075.32 5079.19 5081.77 5085.89 5087.31 5090.86 5100.4 5107.48 5109.22 5106.38 5115.59 5121.21 5128.95 5135.51 5141.8 5145.68 5149.83
5079.3 5069.37 5059.33 5046.9 5036.36 5024.45 5012.04 4998.17 5002.45 5001.16 4994.05 4994.53 4993.55 4991.64 4990.96 4980.83 4991.83 4993.98 4991.9 4987.4 4982.17 4978.49 4978.18 4981.07 4981.39 4996.81 5000.23 5002.31 5002.64 5011.05 5022.06 5034.47 5044.94 5056.8 5070.79 5086.71 5103.06 5119.66 5133.53 5132.11 5120.91 5109.12 5098.89 5088.99 5078.39 5074.54 5078.32 5080.72 5075.44 5072.97 5074.57 5077.1 5078.11 5079.87 5084.57 5084.57 5093.23 5100.21 5103.75 5106.29 5114.93 5126.35 5131.32 5139.38 5143.96 5148.62 5152.53
5071.14 5063.13 5054.66 5044.63 5032.15 5021.35 5011.18 5005.96 5015.91 5007.65 4998.9 4998.43 4997.45 4996.42 4993.76 4995.55 5005.31 5002.63 4997.23 4991.06 4984.09 4977.27 4977.15 4982.09 4980.12 4991.54 5003.85 5001.16 5003.04 5011.4 5022.47 5034.34 5046.87 5059.32 5071.69 5086.71 5103.11 5119.62 5133.66 5129.13 5117.73 5102.87 5098.07 5091.76 5077.47 5079.66 5084 5077.67 5076.22 5076.48 5077.16 5078.21 5078.25 5084.76 5089.24 5087.58 5095.54 5100.88 5102.67 5106.49 5122.19 5128.06 5136.11 5143.13 5149.14 5153.38 5156.65
5065.63 5059.8 5050.38 5039.59 5027.64 5016.54 5006.89 4999.94 5003.28 5010.29 5007.93 5002.87 5001.38 5002.34 5005.02 5017.47 5017.75 5009.19 5001.87 4995.13 4987.56 4977.61 4975.67 4977.7 4981.99 4984.69 4983.95 4991.4 5000.39 5009.03 5020.7 5032.94 5045.77 5059.19 5071.85 5085.14 5098.44 5110.95 5122.57 5123.32 5119.09 5116.03 5111.75 5107.17 5104.69 5105.82 5100.96 5081.84 5081.42 5081.5 5081.28 5082.89 5086.49 5094.71 5093.67 5092.77 5097.95 5100.29 5102.07 5106.63 5115.07 5129.03 5143.41 5151.45 5157.13 5159.92 5162.48
5065.72 5060.75 5050.69 5037.98 5025.59 5014.31 5002.43 4994.04 4987.16 4998.22 5004.2 5001.99 5001.95 5005.13 5013.61 5025.26 5017.42 5008.62 5002.5 4998.94 4996.16 4989.75 4978.62 4975.08 4980.33 4979.27 4988.67 4986.94 4991.97 5005.68 5018.04 5028.93 5040.91 5054.05 5068.54 5080.66 5091.64 5099.01 5103.54 5116.39 5122.53 5126.51 5126.89 5123.5 5122.06 5121.71 5113.82 5104.86 5090.8 5086.53 5085.66 5085.94 5088.11 5092.33 5094.72 5096.16 5093.83 5096.12 5099.52 5105.49 5114.04 5139.82 5152.47 5159.23 5163.84 5167.05 5169.64
5071.67 5064.13 5052.32 5038.91 5025.33 5011.91 4999.82 4988.03 4986.09 4977.66 4985.9 4992.49 4995.18 4998.07 5003.81 5009.89 5003.83 4999.44 4997.27 4998.01 5002.32 5007.18 4985.33 4975.07 4980.89 4983.19 4989.76 4995.12 4999.21 5005.94 5015.28 5026.03 5037.82 5050.85 5063.8 5076.27 5086.9 5095.58 5103.7 5112.88 5124.11 5136.98 5140.61 5131 5125.91 5119.94 5111.43 5102.69 5093.53 5088.61 5086.68 5087.56 5087.81 5090.05 5090.67 5091.5 5087.62 5092.4 5097.78 5103.49 5114.55 5148.82 5161.16 5166.37 5171.04 5174.57 5177.27
5082.79 5069.18 5052.62 5036.41 5020.95 5007.35 4994.62 4984.26 4978.82 4964.16 4968 4983.33 4985.46 4984.53 4983.94 4983.82 4983.5 4984.95 4987.23 4990.69 4994.76 4997.45 4994.69 4987.09 4984.12 4982.92 4989.16 4994.96 4998.19 5003.42 5012.38 5023.41 5034.93 5047.3 5059.68 5072.69 5084.37 5095.08 5103.52 5111.32 5120.94 5129.21 5129.74 5125.39 5118.53 5111.71 5096.22 5088.33 5087.39 5086.61 5087.05 5088.98 5092 5086.3 5084.01 5085.65 5088.96 5092.6 5097.7 5102.97 5108.5 5135.36 5159.85 5169.01 5175.02 5179.04 5183.24
5085.92 5066.97 5046.07 5028.4 5013.02 5000.3 4987.63 4977.24 4969.35 4955.86 4963.68 4976.4 4973.93 4969.75 4964.04 4960.87 4963.38 4969.75 4975.98 4980.71 4983.97 4989.52 4997.82 4991.43 4984.13 4977.32 4986.07 4978.82 4988.35 4997.78 5008 5018.61 5029.38 5041.38 5053.73 5067.05 5080.45 5095.16 5103.81 5106.92 5113.58 5118.97 5120.16 5113.79 5102.47 5087.54 5079.95 5079.06 5081.67 5082.83 5084.09 5087.53 5092 5085.79 5082.49 5084.92 5090.58 5095.36 5101.66 5108.55 5116.42 5125.04 5155.08 5168.33 5176.04 5182.39 5189.35
5068.99 5051.03 5032.73 5016.59 5002.56 4990.03 4977.87 4966.86 4957.75 4944.29 4946.72 4960.63 4961.08 4956.69 4951.72 4953.44 4950.01 4958.63 4966.34 4972.78 4977.09 4984.22 4996.22 4994.18 4987.89 4983.48 4979.74 4978.74 4986.56 4994.51 5003.63 5015.38 5026.15 5038.46 5049.89 5061.84 5073.31 5083.18 5093.08 5098.01 5103.39 5108.51 5110.43 5101.29 5088.7 5075.2 5072.95 5077.81 5077.04 5078.93 5080.76 5081.35 5084.36 5082.47 5084.48 5089.87 5092.18 5099.66 5109.51 5120.52 5128.59 5138.54 5157.22 5168.96 5177.57 5185.19 5193.94
5025.15 5021.7 5012.76 5001.97 4991.15 4979.78 4968.09 4957.07 4945.15 4938.75 4941.71 4951.53 4952.54 4948.22 4941.1 4942.55 4944 4952.89 4961.33 4969.47 4974.99 4980.38 4986.11 4996.79 4996.71 4991.04 4977.54 4981.22 4984.2 4991.84 4998.85 5008.46 5017.74 5029.86 5042.16 5053.94 5065.13 5073.7 5082.25 5086.6 5091.12 5094.24 5094.46 5087.02 5078.08 5071.61 5069.52 5067.22 5069.93 5074.34 5078.17 5078.34 5072.77 5080.12 5086.11 5090.48 5093.15 5102.3 5117.55 5135.06 5155.85 5173.62 5167.94 5170.36 5176.95 5184.11 5192.5
4993.77 4993.15 4990.33 4984.19 4976.34 4967.62 4957.25 4945.38 4934.94 4932.94 4940.48 4947.97 4948.64 4946.77 4942.59 4942.94 4947 4952.33 4960.93 4970.36 4980.13 4982.38 4984.29 4998.8 5001.32 5000.57 4978.42 4976.61 4982.65 4988.52 4997.78 5006.61 5015.32 5025.41 5035.54 5046.12 5057.77 5069 5073.36 5074.73 5077.72 5078.48 5075.2 5073.19 5069.61 5065.58 5070.38 5063.92 5064.52 5072.07 5079.98 5085.48 5088.19 5088.94 5088.05 5085.05 5085.46 5101.02 5120.51 5142.41 5165.75 5172.98 5167.79 5170.73 5175.06 5181.9 5188.22
4975.43 4971.89 4970.56 4967.89 4963.61 4957.69 4950.54 4942.13 4928.01 4929.12 4939.33 4946.71 4948.41 4949.39 4950.69 4954.21 4951.01 4953.45 4962.63 4972.38 4981.42 4984.82 4990.36 5005.25 4996.41 5005.86 4968.47 4979.67 4985.01 4991.4 4995.59 5003.28 5010.58 5019.86 5027.52 5036.1 5047.09 5057.43 5061.27 5062.33 5065.69 5067.43 5065.89 5064.43 5062.4 5059.72 5057.9 5054.56 5059.23 5069.82 5083.17 5095.47 5099.2 5097.84 5093.9 5079.47 5083.16 5100.72 5120.89 5142.19 5162.78 5167.58 5166.91 5169.26 5174.06 5180.14 5185.26
4959.06 4954.43 4955.52 4954.93 4952.5 4949.29 4944.9 4940.22 4929.62 4929.74 4938.6 4946.66 4948.65 4952.38 4957.38 4963.5 4961.96 4957.98 4966.85 4975.41 4981.09 4988.26 4992.89 4988.81 4995.55 5016.49 5007.77 4983.56 4988.98 4992.93 4998.75 5005.71 5010.89 5015.56 5021.17 5026.11 5029.89 5037.17 5045.86 5051.22 5056.93 5060.74 5062.72 5061.31 5056.2 5051.18 5034.17 5041.12 5049.92 5065.49 5083.73 5103.92 5112.64 5101.01 5085.7 5085.4 5087.51 5101.76 5118.85 5137.28 5151.81 5161.4 5164.09 5167.09 5172.95 5179.49 5184.81
4951.81 4945.01 4944.18 4944.41 4943.37 4941.59 4938.72 4935.56 4928.72 4928.96 4936.28 4942.56 4949.17 4955.12 4955.75 4962.22 4959.18 4963.24 4971.81 4981.67 4989.62 4992.14 4998.07 5002.63 5009.47 5010.32 5022.43 5002.63 4998.56 4998.06 5001.34 5006.03 5010.21 5013.65 5015.65 5016.1 5017.65 5023.49 5031.7 5041.69 5050.35 5056.61 5059.04 5056.87 5050.79 5040.42 5030.08 5032.96 5043.1 5057.84 5075.93 5097.29 5107.26 5100.59 5096.81 5081.19 5091.52 5098.3 5114.01 5132.17 5148.26 5157.34 5154.1 5164.47 5170.77 5177.34 5183.21
4946.8 4937.97 4937.9 4937.94 4937.58 4937.16 4935.62 4929.94 4926.12 4927.81 4931.76 4938.09 4951.63 4964.94 4972.45 4968.43 4963.08 4967.99 4975.5 4984.88 4991.09 4987.75 4989.95 5002.22 5021.6 5031.58 5033.11 5018.51 5009.29 5010.79 5012.84 5013.58 5014.29 5012 5011.07 5010.56 5009.24 5014.43 5024.42 5035.3 5045.97 5054.61 5060.38 5060.05 5050.22 5034.38 5025.56 5028.86 5036.89 5047.25 5060.57 5073.33 5085.5 5092.72 5095.18 5078.27 5082.62 5089.06 5106.22 5125.16 5144.26 5155.78 5160.06 5163.55 5167.96 5174.07 5180.3
4946.4 4938.33 4935.77 4934.52 4933.95 4933.85 4934.65 4933.07 4925.84 4924.09 4922.52 4935.08 4952.01 4971.34 4984.21 4975.48 4968.63 4971.92 4976.47 4983.82 4985.56 4979.71 4984.41 4998.29 5011.51 5026.5 5021.56 5020.31 5019.37 5017.07 5016.41 5015.63 5013.05 5012.33 5007.28 5004.83 5006.96 5011.87 5019.23 5030.53 5042.02 5052.62 5061.96 5065.53 5054.04 5035.62 5026.24 5024.26 5027.94 5034.42 5044.44 5054.23 5068.6 5080.91 5084.72 5072.93 5077.29 5084.13 5100.19 5117.92 5137.07 5157.91 5159.35 5160.42 5165.08 5171.23 5178.98
4949.62 4944 4935.2 4931.87 4930.51 4929.94 4929.31 4927.55 4921.01 4914.43 4917.94 4931.53 4944.12 4962.42 4975.03 4974.04 4972.02 4969.56 4972.51 4978.5 4979.87 4973.85 4980.5 4998.9 5004.23 5010.08 5004.55 5019.44 5025.37 5024.66 5021.62 5019.65 5017.36 5013.18 5008.21 5002.67 4996.16 5003.08 5015.75 5027.31 5038.2 5047.98 5058.24 5067.92 5056.99 5048.21 5031.37 5019.63 5016.14 5021.9 5031.3 5044.02 5058.52 5072.49 5077.78 5078.3 5078.2 5083.82 5096.72 5110.68 5122.25 5130.13 5153.97 5152.59 5160.2 5167.71 5175.27
4948.31 4934.71 4931.47 4929.87 4927.94 4925.36 4923.66 4920.42 4916.74 4911.65 4916.28 4918.23 4930.82 4947.48 4959.64 4966.85 4970.39 4964.44 4966.06 4969.61 4972.12 4975.97 4981.04 4997.12 5005.05 5003.54 5012.32 5027.57 5032.85 5031.82 5030.24 5026.65 5024.38 5018.21 5013.92 5008.29 5000.74 5007.46 5017.58 5026.43 5034.58 5041.93 5047.93 5049.72 5054.09 5052.35 5031.52 5013.75 5009.3 5014.53 5021.69 5028.67 5051.46 5070.64 5086.07 5089.49 5086.32 5089.5 5097.75 5107.03 5113.28 5113.02 5145.85 5148.85 5155.52 5163.55 5170.85
4949.72 4936.09 4932.86 4930.38 4926.16 4921.54 4917.79 4916.34 4916.86 4919.21 4913.9 4917.68 4926.56 4940.67 4951.12 4958.1 4961.14 4955.32 4961.34 4964.5 4967.38 4966.74 4975.25 4989.78 5001.44 4999.9 5008.99 5045.17 5038.78 5035.85 5033.47 5031.12 5027.91 5026.42 5024.33 5023.86 5018.12 5020.11 5023.62 5027.29 5031.14 5034.39 5037.95 5044 5047.84 5048.02 5023.71 5008.94 5010.87 5014.06 5020.27 5033.7 5051.15 5072.96 5090 5089.93 5093.65 5093.55 5100.81 5108.39 5116.76 5132.57 5136.04 5142.77 5151.17 5160.83 5169.45
4955.3 4943.02 4938.57 4934.95 4927.01 4918.8 4911.64 4911.53 4915.59 4922.33 4918.33 4920.94 4926.98 4931.48 4941.76 4951.13 4956.04 4963.05 4958.9 4960.15 4963.6 4968.32 4968.75 4983.06 4997.79 5011.62 5026.29 5038.54 5037.25 5035.79 5034.14 5032.87 5031.86 5030.96 5033.98 5040.25 5044.68 5033.95 5029.56 5027.52 5027.07 5026.39 5026.15 5025.18 5032.6 5053.96 5022.22 5009.3 5012.26 5016.25 5021.54 5032.31 5053.51 5077.38 5098.39 5098.96 5102.47 5108.17 5107.02 5110.96 5118.38 5124.8 5125 5134.1 5146.24 5160.92 5172.62
4962.65 4962.4 4956.93 4942.11 4927.63 4916.32 4909.35 4907.54 4910.85 4914.67 4915.63 4920.49 4926.38 4930.57 4938.46 4946.92 4954.2 4956.58 4943.66 4945.89 4950.83 4956.07 4957.61 4976.3 5015.18 5026.43 5029.07 5025.61 5027.46 5030.52 5031.9 5032.34 5033.15 5035.49 5039.01 5045.46 5047.73 5039.82 5032.44 5027.34 5023.81 5020.26 5015.46 5012.65 5013.11 5013.62 5015.41 5015.63 5031.35 5034.99 5031.8 5033.49 5056.54 5080.96 5102.02 5122.72 5106.54 5102.59 5105.92 5110.7 5116.83 5122.26 5125.75 5127.87 5142.78 5160.91 5180.16
4963.95 4972.63 4965.83 4943.69 4926.69 4912.72 4901.94 4901.18 4904.01 4907.27 4907.81 4917.82 4929.32 4932.3 4936.61 4942.81 4948.19 4945.63 4931.84 4927.36 4947.09 4953.03 4950.93 4970.5 5007.43 5041.41 5038.66 5021.59 5026.36 5030.67 5031.78 5029.92 5030.85 5032.77 5035.93 5039.07 5040.11 5037.22 5031.64 5026.36 5021.43 5016.43 5009.33 5004.06 5003.72 5017.47 5046.28 5077.69 5095.4 5097.69 5061.53 5050.3 5063.39 5081.94 5101.51 5103.37 5098.55 5094.12 5099.55 5107.42 5113.73 5118.37 5119.85 5124.76 5139.33 5158.68 5172.76
4953.65 4954.55 4947.55 4935.09 4921.85 4909.62 4898.69 4897.06 4897.62 4898.81 4906 4912.06 4928.74 4926.2 4933.53 4939.38 4942.32 4939.76 4933.02 4941.82 4951.86 4955.12 4956.5 4975.79 5010.63 5018.53 5026.42 5034.16 5032.91 5030.91 5031.06 5030.63 5029.65 5028.58 5029.7 5029.99 5030.71 5030.63 5027.71 5024.57 5020.3 5015.17 5007.68 5002.73 5006.4 5028.65 5071.69 5118.6 5127.52 5121.16 5082.67 5066.96 5070.94 5078.54 5084.12 5084.55 5085.81 5085.85 5097.12 5105.16 5112.06 5116.77 5119.23 5118.9 5138.89 5160.01 5175.32
4941.49 4937.42 4929.89 4924.56 4916.39 4907.19 4900.79 4894.87 4892.8 4894.13 4904.67 4909.91 4919.88 4924.21 4931.89 4937.03 4939.04 4935.24 4929.1 4938.96 4951.69 4956.31 4960.87 4989.77 5034.02 5012.19 5009.36 5025.62 5028.18 5027 5026.59 5025.47 5024.41 5022.7 5021.26 5018.46 5020 5022.71 5021.43 5022.21 5020.26 5017.48 5010.89 5007.97 5008.29 5034.56 5076.17 5108.44 5121.37 5119.17 5107.46 5085.29 5076.46 5076.24 5077.05 5075.19 5077.17 5083.51 5095.82 5105.49 5113.93 5119.81 5121.94 5134.16 5148.54 5165.4 5177.11
4931.77 4927.98 4918.81 4918.25 4912.11 4904.08 4896.44 4892.76 4889.41 4888.59 4893.87 4913.95 4928.09 4933.64 4934.5 4938.7 4940.62 4938.61 4931.36 4934.2 4943.39 4958.39 4969.23 4995.8 5017.71 4976.45 4981.27 4992.71 5009.89 5020.62 5019.64 5018.66 5016.24 5014.34 5012.52 5008.61 5010.82 5013.14 5018.1 5019.68 5021.13 5022.38 5021.35 5023.5 5029.69 5057.38 5078.19 5091.72 5103.24 5105.42 5092.1 5080.53 5074.03 5074.09 5075.3 5072.66 5074.27 5076.7 5093.71 5107.38 5117.94 5129.01 5143.74 5154.68 5161.77 5174.67 5181.76
4927.74 4926.11 4925.13 4916.83 4909.89 4902.41 4896.18 4891.95 4889.71 4888.57 4892.92 4915.41 4937.04 4932.15 4935.93 4939.53 4943.97 4947.92 4938.24 4938.41 4945.21 4958.81 4970.76 4991.52 4966.8 4920.51 4951.22 4995.86 5022.23 5013.75 5011.27 5009.62 5008.24 5007.65 5001.22 5003.83 5005.74 5010.49 5015.15 5019.18 5023.84 5030.05 5037.66 5050.8 5069.26 5084.74 5085.9 5083.14 5084.77 5076.64 5062.12 5066.93 5068.84 5067.97 5067.62 5069.72 5072.49 5081.51 5098.79 5108.87 5118.41 5132.96 5149.77 5165.48 5174.39 5186.29 5187.05
4925.52 4925.19 4920.96 4916.75 4908.29 4900.43 4894.81 4892.8 4893.02 4893.47 4902.51 4920.94 4925.7 4928.82 4939.11 4943.45 4946.43 4947.91 4945.62 4944.84 4952.57 4960.7 4960.28 4975.41 4942.56 4899.58 4930.56 4974.02 4999.26 4997.69 4996.74 4997.42 4997.62 4997.95 4992.64 4991.85 4999.06 5005.54 5010.17 5015.69 5022.47 5031.86 5045.7 5068.61 5105.1 5107.28 5090.29 5076.55 5070.18 5067.82 5058.91 5062.71 5069.3 5071.27 5072.9 5073.5 5079.05 5090.35 5100.92 5108.24 5113.46 5127.89 5167.88 5220.71 5197.16 5187.1 5185.25
4924.2 4926.44 4929.29 4920.51 4907.53 4896.3 4892.08 4891.98 4893.92 4898.71 4905.2 4902.98 4918.07 4943.43 4946.33 4947.3 4947.79 4948.3 4953.2 4947.75 4949.76 4955.29 4952.99 4969.38 4931.5 4900.09 4920.1 4942.44 4955.1 4972.34 4979.53 4984.2 4987.5 4989.02 4986.14 4985.77 4992.02 4998.71 5004.27 5008.55 5015.81 5025.46 5039.36 5060.45 5093.97 5094.17 5081.08 5069.46 5064.11 5059.44 5058.09 5063.27 5073.47 5085.41 5084.18 5083.11 5087.54 5104.77 5119.77 5104.46 5096.04 5094.26 5100.82 5139.83 5204.4 5181.35 5182.14
4921.63 4924.05 4926.74 4918.73 4904.75 4891.48 4890.25 4893.29 4895.66 4897.33 4895.51 4874.86 4883.25 4940.59 4947.14 4946.63 4945.82 4943.66 4943.26 4946.97 4946.53 4952.98 4946.87 4952.95 4937.78 4920.89 4925.65 4933.98 4942.62 4955.11 4965.23 4972.67 4977.87 4980.78 4983.22 4985.77 4987.8 4990.34 4994.29 4998.47 5004.33 5012.48 5021.95 5028.99 5030.46 5051.33 5060.21 5068.77 5074.23 5057.01 5053.43 5060.76 5074.93 5088.33 5090.29 5091.3 5101.84 5106.26 5103.77 5087.36 5070.42 5050.02 5025.44 5020.73 5100.01 5188.09 5173.57
4919.08 4918.42 4914.55 4908.04 4902.29 4897.59 4893.92 4894.74 4898.13 4899.89 4897.24 4875.48 4865.64 4920.48 4940.51 4942.88 4941.52 4942.6 4954.89 4950.69 4956.25 4958.72 4940.35 4937.15 4952.62 4945.71 4936.41 4935.32 4939.6 4944.89 4953.85 4960.88 4966.66 4972.27 4977.22 4981.39 4981.23 4982.51 4984.53 4988.92 4994.01 5000.01 5006.3 5011.43 5012.98 5018.66 5036.92 5040.96 5033.42 5046.17 5041.56 5048.79 5065.61 5086.49 5081.76 5081.04 5081.21 5092.07 5093.44 5072.96 5047.83 5017.73 4990.92 4979.13 5008.53 5101.39 5137.39
