real_craters/C141-750m.grd
DSAA
121 121
-45.0975 45.0975
-45.0975 45.0975
3356.2373840852 5380.8447858599
[rows 38 to 75 of 121, columns 0 to 83 of 121]
4886 4882 4882 4885 4886 4889 4894 4891 4893 4897 4899 4893 4908 4895 4876 4856 4840 4825 4805 4789 4794 4786 4795 4815 4805 4802 4803 4822 4840 4807 4788 4754 4757 4750 4747 4739 4735 4738 4740 4732 4703 4688 4687 4688 4706 4726 4741 4742 4741 4742 4740 4746 4759 4765 4762 4773 4760 4770 4775 4750 4725 4720 4729 4739 4744 4753 4766 4781 4782 4789 4793 4796 4832 4879 4926 4957 4916 4856 4848 4848 4803 4811 4821 4824
4876 4874 4873 4873 4876 4881 4887 4881 4880 4882 4881 4880 4887 4880 4864 4847 4832 4819 4802 4783 4782 4786 4797 4805 4804 4795 4789 4803 4827 4813 4793 4768 4757 4746 4730 4729 4728 4727 4728 4717 4701 4687 4675 4672 4688 4701 4716 4730 4739 4744 4739 4750 4763 4774 4775 4781 4776 4774 4789 4758 4731 4730 4739 4742 4735 4729 4761 4767 4769 4778 4789 4807 4832 4866 4898 4927 4914 4894 4898 4878 4849 4837 4834 4833
4862 4860 4858 4859 4859 4862 4868 4866 4867 4868 4871 4867 4866 4863 4854 4841 4831 4824 4801 4777 4779 4785 4792 4795 4802 4794 4782 4785 4808 4812 4793 4774 4762 4748 4735 4726 4718 4712 4704 4713 4687 4671 4659 4660 4675 4691 4708 4725 4735 4730 4744 4763 4783 4799 4831 4841 4834 4792 4790 4746 4735 4763 4776 4776 4752 4701 4736 4749 4761 4774 4785 4794 4827 4852 4873 4879 4922 4977 4963 4912 4890 4867 4855 4847
4846 4843 4840 4839 4838 4836 4838 4847 4853 4855 4852 4854 4858 4855 4850 4839 4824 4814 4794 4773 4775 4780 4780 4784 4799 4793 4790 4796 4804 4801 4788 4769 4758 4752 4745 4723 4707 4694 4682 4673 4660 4641 4641 4645 4668 4706 4720 4725 4734 4754 4754 4789 4828 4851 4881 4950 4939 4920 4821 4811 4799 4812 4827 4827 4822 4820 4744 4740 4759 4776 4788 4812 4825 4845 4875 4895 4914 4926 4965 4961 4921 4894 4877 4863
4820 4811 4812 4810 4816 4814 4816 4837 4848 4847 4845 4848 4855 4859 4849 4834 4822 4801 4786 4777 4782 4768 4762 4776 4789 4792 4796 4800 4797 4795 4773 4756 4744 4737 4727 4709 4691 4677 4666 4649 4641 4635 4626 4627 4654 4697 4714 4716 4721 4730 4765 4818 4888 4970 5028 4993 4953 4924 4862 4864 4869 4859 4853 4872 4892 4838 4766 4772 4806 4806 4799 4794 4819 4843 4877 4902 4896 4912 4946 4951 4943 4925 4891 4866
4779 4758 4744 4742 4749 4779 4816 4840 4850 4842 4836 4844 4865 4874 4852 4826 4801 4795 4788 4772 4761 4774 4774 4776 4782 4783 4788 4798 4783 4764 4750 4736 4724 4714 4702 4687 4670 4654 4639 4626 4620 4617 4610 4605 4630 4677 4693 4698 4703 4711 4760 4829 4919 5031 5073 5025 5081 5042 4959 4864 4897 4818 4827 4870 4962 5017 4908 4901 4902 4864 4828 4814 4816 4831 4846 4862 4871 4881 4916 4916 4933 4926 4895 4865
4731 4694 4669 4662 4669 4710 4790 4822 4833 4828 4825 4837 4863 4864 4840 4814 4795 4786 4776 4770 4773 4784 4797 4797 4784 4772 4768 4781 4775 4753 4728 4720 4706 4693 4679 4664 4648 4631 4614 4603 4598 4597 4589 4590 4612 4641 4665 4678 4684 4699 4737 4794 4867 4973 4992 4950 4912 4836 4750 4669 4644 4673 4719 4784 4897 5004 5100 5120 5006 4913 4840 4815 4818 4821 4828 4836 4858 4876 4870 4876 4897 4912 4881 4851
4665 4623 4591 4570 4557 4561 4602 4725 4791 4773 4789 4821 4839 4837 4807 4788 4788 4777 4763 4771 4778 4794 4804 4799 4783 4764 4748 4746 4760 4754 4718 4701 4685 4675 4659 4641 4624 4610 4604 4586 4574 4566 4560 4562 4580 4617 4645 4663 4674 4686 4722 4734 4726 4714 4638 4562 4527 4486 4461 4475 4463 4520 4560 4613 4702 4852 5052 5134 5007 4924 4846 4831 4835 4839 4847 4839 4835 4815 4822 4820 4816 4855 4844 4822
4583 4543 4510 4478 4447 4415 4422 4518 4606 4655 4700 4770 4767 4783 4745 4716 4712 4711 4751 4752 4771 4773 4774 4781 4775 4770 4759 4745 4758 4755 4710 4685 4675 4655 4637 4619 4601 4583 4571 4565 4549 4533 4524 4529 4555 4600 4643 4673 4689 4694 4731 4668 4565 4431 4364 4348 4351 4357 4359 4353 4364 4375 4391 4410 4426 4569 4743 4834 4855 4888 4911 4899 4878 4868 4848 4841 4837 4849 4861 4807 4774 4804 4802 4788
4494 4466 4438 4401 4362 4313 4302 4358 4450 4506 4552 4569 4624 4663 4647 4609 4570 4568 4609 4666 4734 4757 4758 4762 4762 4764 4763 4754 4745 4733 4705 4677 4654 4639 4614 4596 4579 4563 4551 4544 4527 4510 4499 4501 4514 4607 4642 4673 4703 4715 4781 4596 4456 4351 4332 4313 4320 4310 4284 4253 4231 4238 4252 4256 4257 4347 4438 4482 4620 4767 4988 4913 4878 4881 4882 4857 4834 4842 4855 4809 4780 4777 4778 4768
4406 4389 4369 4343 4310 4292 4276 4283 4314 4374 4422 4458 4487 4503 4526 4519 4488 4476 4497 4574 4702 4769 4753 4750 4735 4731 4740 4744 4724 4705 4680 4655 4630 4598 4586 4571 4557 4550 4549 4524 4503 4488 4486 4490 4527 4602 4626 4648 4684 4732 4556 4439 4357 4293 4260 4244 4241 4232 4194 4160 4116 4128 4158 4172 4186 4219 4252 4277 4403 4512 4608 4721 4791 4854 4886 4858 4821 4816 4824 4798 4788 4787 4771 4757
4335 4328 4316 4297 4277 4261 4264 4263 4256 4295 4336 4352 4372 4404 4440 4454 4468 4477 4456 4508 4655 4775 4762 4717 4696 4700 4716 4728 4711 4678 4646 4617 4593 4576 4558 4543 4529 4522 4516 4498 4478 4462 4459 4489 4535 4592 4596 4585 4569 4520 4331 4287 4267 4236 4206 4193 4165 4142 4114 4090 4072 4079 4105 4125 4147 4155 4172 4215 4260 4298 4318 4508 4640 4763 4869 4835 4797 4787 4780 4771 4772 4768 4753 4736
4288 4284 4274 4262 4249 4246 4261 4286 4283 4283 4290 4291 4310 4335 4378 4431 4471 4503 4450 4452 4556 4647 4648 4646 4644 4621 4646 4662 4664 4643 4599 4573 4559 4541 4529 4514 4499 4485 4479 4469 4455 4442 4444 4500 4583 4602 4567 4513 4435 4330 4270 4218 4187 4171 4122 4085 4057 4030 4032 4037 4045 4062 4078 4093 4103 4111 4118 4125 4159 4203 4278 4369 4477 4567 4673 4790 4821 4806 4763 4744 4738 4739 4734 4725
4265 4253 4248 4236 4229 4231 4258 4286 4293 4269 4267 4287 4304 4292 4337 4403 4459 4494 4466 4442 4464 4542 4594 4624 4617 4602 4571 4577 4597 4593 4570 4549 4531 4515 4499 4486 4471 4454 4447 4450 4444 4437 4441 4506 4588 4595 4544 4453 4343 4252 4211 4155 4087 4035 3987 3976 3980 3958 3965 3989 4016 4047 4055 4070 4080 4077 4080 4087 4106 4129 4177 4260 4348 4444 4596 4789 4885 4878 4790 4747 4729 4728 4727 4712
4243 4238 4229 4219 4212 4214 4242 4279 4257 4224 4236 4252 4263 4270 4325 4379 4434 4463 4481 4459 4422 4408 4516 4585 4588 4558 4521 4519 4539 4547 4535 4517 4496 4482 4473 4464 4454 4448 4452 4448 4445 4449 4464 4519 4592 4621 4533 4407 4272 4173 4126 4062 3980 3917 3893 3896 3897 3907 3921 3938 3964 3999 4010 4032 4044 4042 4046 4057 4075 4093 4125 4176 4249 4369 4554 4800 5033 4954 4851 4785 4747 4739 4735 4714
4238 4226 4215 4206 4198 4197 4211 4211 4202 4200 4208 4214 4216 4238 4290 4339 4392 4456 4462 4460 4430 4412 4410 4527 4556 4546 4513 4496 4494 4509 4508 4500 4483 4464 4457 4450 4443 4440 4448 4449 4451 4463 4495 4534 4599 4662 4527 4373 4222 4114 4050 3984 3904 3861 3843 3836 3852 3863 3867 3891 3909 3924 3944 3964 3984 3998 4010 4026 4043 4054 4075 4103 4149 4231 4436 4700 4926 4908 4843 4797 4772 4754 4732 4740
4229 4221 4212 4202 4192 4187 4191 4191 4194 4196 4202 4203 4202 4213 4219 4280 4323 4344 4376 4414 4419 4401 4385 4394 4485 4522 4496 4490 4480 4489 4488 4492 4484 4464 4450 4439 4433 4437 4450 4453 4460 4473 4498 4542 4584 4592 4482 4332 4175 4058 3972 3893 3817 3833 3809 3814 3832 3839 3834 3864 3886 3891 3887 3905 3935 3962 3974 3973 3971 4009 4027 4040 4063 4110 4298 4507 4671 4771 4807 4820 4788 4764 4753 4765
4221 4214 4206 4197 4187 4181 4184 4187 4189 4199 4206 4213 4213 4220 4230 4248 4271 4282 4315 4378 4405 4401 4377 4368 4403 4476 4523 4503 4490 4470 4467 4462 4468 4447 4436 4429 4426 4433 4443 4456 4468 4481 4493 4547 4620 4544 4417 4282 4152 4014 3893 3787 3745 3753 3778 3780 3814 3821 3845 3854 3892 3918 3908 3901 3925 3950 3957 3949 3947 3973 3983 3992 4016 4077 4196 4342 4490 4637 4743 4801 4793 4782 4768 4777
4215 4209 4202 4194 4187 4184 4183 4185 4185 4190 4211 4243 4261 4269 4231 4222 4241 4259 4298 4356 4372 4356 4339 4353 4367 4437 4495 4483 4464 4452 4443 4444 4447 4440 4424 4418 4413 4408 4430 4450 4470 4490 4517 4549 4575 4465 4331 4213 4111 3968 3838 3734 3710 3714 3735 3739 3744 3837 3834 3858 3922 3966 3959 3956 3960 3967 3966 3952 3918 3935 3940 3950 3976 4031 4114 4216 4359 4534 4683 4778 4799 4781 4779 4770
4212 4206 4201 4194 4186 4184 4184 4184 4182 4180 4211 4263 4341 4312 4229 4210 4215 4246 4275 4327 4347 4334 4331 4317 4334 4400 4443 4434 4417 4406 4407 4427 4432 4424 4416 4413 4410 4410 4427 4447 4471 4502 4562 4594 4506 4345 4224 4118 4005 3897 3799 3721 3695 3682 3683 3693 3758 3855 3859 3925 3980 4003 3997 4010 4014 4002 3990 3985 4003 3922 3909 3914 3933 3981 4048 4132 4273 4477 4659 4791 4826 4811 4799 4785
4211 4206 4200 4195 4192 4189 4188 4184 4180 4185 4212 4247 4253 4236 4219 4205 4219 4238 4267 4279 4293 4312 4294 4300 4311 4356 4378 4362 4351 4343 4359 4383 4402 4406 4412 4409 4415 4424 4434 4448 4470 4500 4561 4604 4508 4331 4187 4070 3933 3839 3755 3705 3662 3648 3648 3673 3813 3848 3944 4024 4060 4100 4122 4114 4077 4033 4001 3984 3972 3909 3880 3878 3895 3934 3996 4105 4256 4442 4646 4824 4846 4806 4821 4814
4210 4204 4199 4195 4190 4191 4193 4190 4183 4175 4207 4248 4257 4241 4218 4205 4214 4228 4235 4249 4284 4316 4321 4315 4310 4315 4316 4307 4302 4307 4310 4317 4331 4384 4392 4392 4410 4421 4437 4454 4474 4494 4515 4545 4542 4360 4198 4070 3941 3804 3691 3603 3576 3612 3631 3739 3826 3906 4046 4141 4122 4098 4137 4192 4107 4039 3986 3941 3897 3859 3834 3835 3857 3894 3942 4011 4186 4403 4615 4797 4831 4791 4828 4830
4202 4200 4198 4192 4191 4194 4201 4206 4206 4248 4285 4318 4286 4240 4218 4211 4216 4227 4229 4248 4296 4355 4336 4320 4295 4277 4271 4261 4262 4261 4264 4268 4281 4351 4331 4351 4387 4418 4436 4456 4476 4491 4504 4539 4500 4348 4185 4033 3899 3746 3620 3513 3462 3496 3586 3707 3816 3962 4151 4240 4118 4027 4020 4098 4063 4003 3941 3879 3813 3779 3776 3787 3810 3856 3899 4004 4159 4368 4576 4736 4807 4797 4823 4814
4195 4197 4195 4189 4195 4192 4195 4221 4305 4456 4530 4430 4333 4255 4230 4213 4219 4235 4255 4268 4281 4306 4317 4299 4277 4259 4253 4248 4244 4242 4245 4246 4243 4293 4286 4308 4356 4399 4421 4443 4462 4477 4476 4462 4423 4256 4058 3914 3794 3682 3564 3452 3389 3406 3510 3644 3786 3973 4108 4103 4021 3936 3904 3989 3988 3949 3890 3820 3759 3712 3732 3754 3781 3827 3863 3937 4132 4351 4558 4735 4827 4826 4801 4771
4192 4194 4195 4190 4195 4194 4202 4207 4233 4313 4503 4427 4363 4297 4275 4225 4214 4238 4258 4275 4288 4280 4297 4288 4276 4261 4247 4237 4236 4236 4239 4244 4256 4265 4255 4276 4321 4381 4404 4425 4449 4471 4488 4455 4349 4198 4008 3843 3740 3652 3540 3436 3371 3356 3433 3543 3674 3845 3924 3915 3881 3858 3886 3923 3901 3869 3832 3780 3712 3694 3719 3737 3769 3825 3868 3949 4150 4366 4560 4721 4808 4811 4790 4734
4194 4195 4195 4192 4194 4194 4196 4199 4189 4188 4247 4315 4348 4396 4309 4217 4206 4217 4241 4254 4281 4287 4285 4262 4261 4251 4236 4227 4230 4232 4234 4238 4252 4248 4238 4268 4314 4351 4381 4407 4435 4467 4504 4478 4350 4225 4072 3949 3806 3677 3549 3442 3410 3380 3412 3521 3596 3677 3734 3741 3752 3765 3795 3822 3815 3806 3794 3777 3765 3752 3741 3741 3775 3862 3940 4045 4226 4411 4582 4726 4803 4774 4761 4738
4201 4199 4196 4190 4189 4190 4191 4195 4196 4217 4219 4252 4283 4277 4250 4210 4208 4229 4240 4256 4274 4280 4273 4263 4250 4233 4226 4223 4229 4236 4239 4243 4243 4241 4246 4270 4303 4324 4354 4386 4410 4432 4436 4457 4467 4285 4119 4042 3893 3723 3573 3474 3454 3442 3492 3486 3539 3585 3609 3655 3673 3674 3666 3702 3737 3756 3771 3786 3792 3813 3764 3753 3806 3932 4071 4211 4344 4486 4620 4732 4795 4761 4770 4736
4214 4205 4198 4191 4188 4187 4189 4195 4200 4204 4207 4221 4239 4237 4225 4213 4223 4234 4249 4262 4286 4270 4265 4258 4243 4231 4224 4225 4234 4246 4254 4250 4242 4239 4246 4255 4270 4298 4328 4358 4384 4405 4405 4455 4493 4324 4136 4081 3943 3763 3595 3490 3513 3501 3494 3492 3523 3549 3577 3637 3627 3611 3600 3632 3686 3724 3754 3781 3796 3753 3740 3756 3848 4012 4197 4352 4455 4560 4660 4742 4799 4760 4727 4715
4219 4215 4202 4190 4185 4185 4189 4194 4199 4200 4202 4209 4224 4232 4230 4219 4228 4248 4269 4289 4281 4258 4251 4236 4230 4227 4227 4231 4241 4252 4265 4262 4244 4235 4241 4255 4267 4281 4301 4323 4347 4387 4460 4471 4459 4360 4200 4129 3996 3810 3623 3522 3509 3543 3560 3538 3547 3561 3565 3570 3572 3577 3597 3630 3675 3704 3728 3748 3743 3714 3715 3754 3886 4097 4281 4437 4550 4630 4699 4748 4766 4742 4721 4709
4249 4228 4202 4184 4181 4184 4189 4195 4203 4213 4214 4222 4231 4235 4234 4229 4241 4268 4284 4301 4279 4258 4248 4236 4231 4227 4234 4239 4246 4254 4259 4257 4246 4241 4240 4244 4252 4263 4274 4290 4309 4337 4386 4450 4498 4456 4341 4233 4077 3880 3679 3587 3588 3617 3632 3590 3582 3593 3596 3572 3565 3576 3616 3686 3675 3677 3692 3717 3717 3688 3710 3788 3973 4221 4430 4568 4647 4694 4727 4746 4741 4704 4704 4695
4227 4213 4193 4176 4178 4184 4189 4198 4205 4213 4228 4252 4243 4245 4258 4261 4282 4291 4291 4281 4276 4252 4255 4253 4245 4241 4242 4244 4248 4253 4256 4252 4249 4251 4255 4248 4245 4251 4261 4272 4281 4289 4306 4409 4524 4543 4491 4382 4192 3988 3801 3724 3676 3680 3697 3615 3603 3615 3612 3597 3594 3612 3620 3654 3637 3639 3648 3657 3676 3685 3745 3881 4102 4378 4635 4718 4738 4743 4745 4737 4726 4719 4692 4685
4192 4187 4183 4173 4179 4186 4194 4201 4206 4213 4219 4227 4237 4243 4257 4273 4303 4309 4301 4294 4288 4276 4267 4266 4267 4253 4246 4247 4250 4253 4260 4251 4251 4254 4255 4254 4250 4253 4261 4265 4269 4274 4303 4368 4450 4518 4575 4476 4309 4103 3912 3762 3762 3781 3739 3633 3636 3643 3646 3626 3654 3623 3596 3536 3577 3609 3622 3634 3697 3781 3877 3992 4240 4521 4742 4807 4788 4764 4741 4711 4694 4694 4682 4684
4182 4180 4182 4183 4184 4190 4197 4204 4212 4217 4224 4231 4230 4232 4238 4259 4290 4309 4302 4293 4285 4280 4279 4276 4293 4275 4257 4252 4250 4250 4250 4251 4255 4260 4260 4261 4268 4273 4274 4275 4273 4271 4290 4333 4382 4464 4615 4594 4439 4242 3993 3830 3779 3875 3866 3721 3688 3677 3663 3631 3605 3584 3593 3608 3607 3624 3634 3671 3787 3923 4051 4196 4394 4637 4851 4836 4795 4751 4712 4671 4635 4650 4651 4678
4184 4186 4191 4189 4190 4192 4199 4207 4216 4230 4259 4231 4222 4221 4219 4231 4259 4290 4298 4290 4285 4277 4272 4282 4290 4283 4268 4259 4254 4249 4247 4261 4260 4265 4273 4276 4297 4299 4298 4297 4290 4285 4296 4325 4354 4420 4556 4644 4555 4404 4230 3963 3952 3926 3886 3806 3760 3725 3705 3666 3605 3591 3627 3679 3706 3678 3675 3734 3925 4131 4281 4376 4532 4670 4779 4775 4726 4691 4648 4622 4600 4601 4614 4635
4193 4195 4207 4207 4192 4192 4198 4205 4214 4225 4231 4227 4219 4215 4217 4218 4218 4242 4269 4276 4286 4286 4285 4285 4281 4272 4269 4263 4256 4250 4250 4259 4261 4273 4306 4349 4342 4334 4327 4319 4316 4322 4328 4338 4358 4400 4498 4649 4627 4525 4358 4107 3993 3959 3944 3896 3836 3776 3713 3667 3619 3643 3682 3710 3744 3760 3781 3838 4120 4420 4691 4721 4660 4651 4664 4676 4655 4623 4587 4581 4564 4572 4595 4636
4207 4212 4170 4161 4175 4184 4192 4199 4209 4218 4230 4221 4211 4209 4210 4206 4194 4212 4235 4280 4319 4313 4304 4284 4268 4269 4277 4267 4257 4249 4241 4249 4253 4262 4304 4366 4374 4354 4345 4337 4336 4348 4357 4366 4389 4425 4444 4575 4611 4608 4543 4395 4263 4084 4028 3972 3903 3834 3764 3727 3786 3742 3745 3761 3792 3886 3999 4132 4348 4616 4886 4811 4689 4626 4605 4597 4570 4562 4549 4548 4539 4546 4597 4636
4220 4229 4170 4150 4172 4183 4190 4197 4201 4204 4202 4201 4199 4204 4205 4198 4201 4207 4222 4268 4296 4307 4294 4293 4291 4284 4278 4267 4257 4249 4244 4247 4249 4255 4283 4311 4351 4353 4350 4346 4347 4349 4367 4390 4419 4459 4455 4457 4518 4627 4688 4696 4634 4392 4149 4059 3992 3923 3866 3846 3850 3834 3841 3846 3864 4058 4253 4401 4513 4641 4712 4654 4608 4567 4542 4521 4523 4518 4518 4515 4510 4523 4630 4723
4226 4258 4250 4211 4189 4186 4188 4192 4196 4196 4191 4190 4193 4209 4220 4227 4222 4234 4226 4248 4286 4301 4303 4305 4302 4280 4266 4262 4256 4251 4247 4247 4249 4254 4270 4285 4309 4338 4345 4355 4363 4362 4386 4405 4425 4437 4447 4432 4479 4598 4677 4720 4780 4632 4285 4201 4131 4047 3963 3875 3851 3900 4002 4046 4096 4309 4495 4576 4584 4602 4585 4540 4517 4495 4485 4484 4488 4489 4490 4486 4489 4503 4626 4700
