real_craters/C141-300m.grd
DSAA
302 302
-45.0975 45.0975
-45.0975 45.0975
3353.0496157968 5383.364869043
[rows 0 to 29 of 302, columns 0 to 66 of 302]
5079.94 5081.29 5081.9 5083.13 5085.29 5085.48 5081.71 5078.22 5074.08 5069.72 5065.07 5059.79 5055.03 5052.63 5049.93 5047.77 5046.32 5046.25 5044.73 5043.53 5042.82 5041.97 5042.18 5041.45 5040.74 5040.59 5043.17 5049.56 5047.65 5037.23 5030.22 5019.45 5019.8 5023.87 5028.18 5031.6 5033.2 5031.76 5029.4 5027.65 5025.51 5023.47 5021.66 5019.75 5017.54 5015.43 5012.75 5010.5 5007.89 5005.47 5002.78 5000.15 4997.06 4993.23 4989.31 4985.13 4980.14 4974.82 4969.15 4962.69 4955.68 4949.6 4943.4 4936.83 4929.92 4924.28 4925.08
5080.83 5079.01 5079.52 5082.34 5082.72 5080.66 5081.63 5079.15 5075.56 5070.92 5066.14 5061.62 5057.79 5053.04 5049.23 5046.65 5045.24 5045.12 5044.11 5042.7 5042.18 5041.89 5041.96 5041.16 5039.88 5040.04 5042.15 5046.93 5039.51 5018 4987.89 4995.55 5009.91 5019.57 5026.18 5030.99 5034.15 5031.59 5030.31 5027.27 5025.62 5023.41 5021.46 5019.78 5017.67 5015.76 5013.19 5011.21 5008.83 5006.76 5004.41 5002.17 4999.75 4997.05 4993.63 4988.66 4982.88 4976.85 4970.38 4963.02 4955.52 4950.47 4945.02 4939.43 4934.29 4930.18 4930.15
5083.25 5082.47 5080.64 5083.13 5085.11 5087.94 5085.68 5081.63 5075.97 5072.4 5067.24 5061.81 5057.54 5051.04 5047.36 5045.17 5043.78 5044.11 5043.36 5042.29 5040.92 5041.39 5040.46 5039.77 5039.52 5040.01 5042.39 5045.3 5036.27 5015.06 4986.25 4995.39 5011.36 5020.25 5026.2 5030.57 5033.2 5031.38 5029.21 5026.91 5024.69 5022.63 5021.76 5020.21 5018.31 5016.31 5014.21 5011.88 5009.42 5007.7 5005.59 5003.73 5001.83 5000.32 4998.08 4991.52 4985.28 4979.16 4972.85 4966.11 4959.33 4953.72 4947.84 4941.91 4936.84 4935.33 4934.05
5082.17 5082.12 5081.98 5084.6 5087.34 5089.71 5088.08 5086.26 5082.76 5076.13 5068.51 5060.07 5050.88 5047.22 5045.16 5043.69 5042.63 5042.33 5042.38 5041.6 5040.68 5041.51 5039.98 5039.22 5038.76 5038.89 5040.22 5043.91 5038.66 5029.69 5030.25 5028.66 5024.1 5025.5 5028.07 5030.51 5031.91 5030.67 5028.03 5026.84 5025.56 5024.2 5022.38 5020.58 5018.68 5016.74 5014.59 5012.58 5010.46 5008.27 5006.24 5004.51 5002.5 5000.28 4997.63 4991.9 4986.8 4981.56 4976.11 4970.72 4965.21 4958.46 4951.91 4945.16 4939.88 4938.14 4935.94
5079.72 5080.25 5084.1 5084.43 5084.26 5083.79 5087.06 5089.79 5087.56 5079.88 5070.24 5060.17 5050.97 5045.8 5043.74 5042.62 5041.83 5041.87 5041.75 5041.07 5040.18 5039.3 5039.34 5038.77 5037.98 5037.26 5036.83 5040.06 5040.09 5039.48 5043.06 5040.58 5033.11 5030.1 5029.93 5030.64 5030.88 5029.44 5027.51 5026.62 5025.83 5024.58 5022.83 5020.88 5018.93 5017 5015.08 5013.22 5012.24 5010.31 5008.08 5005.57 5002.55 4999.1 4993.39 4991.45 4988.19 4984.68 4980.16 4974.9 4969.39 4963.65 4957.41 4950.81 4944.91 4940.15 4935.99
5078.54 5079.73 5082.23 5082.45 5081.72 5081.32 5086.62 5094.47 5093 5082.81 5071.7 5061.03 5051.64 5045.88 5043.25 5041.85 5041.11 5040.94 5041.08 5040.25 5039.5 5038.75 5038.32 5037.67 5037.41 5036.58 5035.98 5038.13 5039.59 5040.03 5040.17 5037.96 5034.25 5031.82 5030.87 5030.62 5030.31 5028.72 5027.06 5026.45 5025.66 5024.61 5022.52 5020.92 5019.45 5017.85 5016.15 5014.44 5012.18 5010.41 5008.22 5005.91 5003.15 4999.69 4996.25 4993.6 4990.96 4988.24 4984.65 4980.27 4975.15 4969.85 4964.08 4957.41 4950.32 4944.51 4939.48
5077.55 5079.42 5080.69 5080.55 5079.55 5079.11 5084.29 5093.95 5093.16 5082.49 5071.69 5061.43 5052.56 5046.33 5043.25 5041.72 5040.87 5040.49 5040.03 5039.64 5038.97 5038.23 5038.38 5037.58 5036.98 5036.25 5035.96 5037.91 5038.15 5037.57 5035.61 5032.42 5032.16 5031.43 5030.88 5030.44 5029.7 5027.82 5026.64 5026.24 5025.48 5024.28 5022.59 5021.04 5019.3 5017.47 5015.72 5013.94 5012.14 5010.5 5008.84 5006.53 5004.31 5001.55 4998.78 4996.18 4994.33 4992.34 4989.84 4986.36 4981.72 4976.69 4971.75 4965.41 4958.28 4953.65 4951.06
5075.57 5075.44 5079.44 5079.1 5077.85 5076.89 5079.47 5084.25 5084.26 5078.4 5069.98 5061.07 5052.46 5046.12 5043.51 5041.98 5041.01 5040.83 5040.61 5039.37 5038.72 5038.29 5038.44 5037.92 5037.28 5036.71 5036.31 5036.28 5036.44 5035.38 5033.08 5030.86 5030.61 5030.84 5030.98 5030.74 5030.02 5028.22 5027.17 5026.38 5025.57 5024.59 5022.74 5021 5019.38 5017.95 5016.31 5014.51 5012.96 5011.13 5009.95 5007.87 5005.63 5003.06 5000.21 4998.16 4997.09 4996.26 4994.66 4993.27 4990.21 4985.6 4979.08 4973.46 4970.41 4965.81 4954.57
5075.16 5072.95 5075.34 5077.48 5076.37 5075.57 5076.64 5077.34 5077.31 5073.88 5067.65 5060.4 5053.38 5047.77 5044.51 5042.59 5041.24 5040.33 5039.49 5038.96 5038.5 5038.02 5038.48 5038.19 5037.88 5037.46 5037.03 5036.41 5035.85 5034.46 5032.17 5029.62 5029.68 5030.62 5031.43 5031.84 5031.63 5030.38 5028.86 5027.48 5025.95 5023.71 5022.32 5021.21 5019.58 5018.2 5016.61 5015.18 5013.78 5012.35 5010.79 5009.08 5007.18 5004.75 5001.8 4999.78 4999.65 4999.54 4998.86 4998.42 4999.12 4996.5 4980.32 4971.97 4979.05 4976.18 4964.8
5076.79 5078.17 5075.26 5077.01 5074.81 5072.74 5071.19 5074.4 5074.03 5071.07 5066.13 5060.21 5054.2 5049 5045.77 5043.57 5041.78 5040.39 5039.67 5038.63 5038.25 5038.02 5038.22 5038.48 5038.39 5038.42 5038.06 5037.3 5036.59 5034.74 5032.19 5029.93 5029.47 5030.47 5031.75 5033.03 5034.03 5034.47 5031.7 5029.25 5027.2 5025.01 5023.22 5021.6 5020.4 5019.11 5017.47 5016.06 5014.86 5013.36 5012 5010.27 5008.72 5006.94 5004.36 5002.77 5002.74 5002.04 5000.61 4998.77 4995.58 4986.86 4966.42 4949.27 4937.12 4926.05 4937.45
5077.12 5077.74 5075.82 5074.09 5073.3 5072.2 5073.06 5073.86 5072.55 5069.42 5065.19 5060.28 5055.18 5050.51 5047.43 5044.97 5042.82 5040.74 5038.49 5038.46 5038.43 5038.19 5038.09 5038.7 5038.8 5039.29 5040.22 5040.42 5038.34 5035.41 5032.48 5030.07 5029.37 5030.09 5031.49 5033.64 5035.42 5036.72 5034.04 5030.83 5028.27 5025.8 5023.75 5022 5020.66 5019.5 5018.3 5016.98 5015.64 5014.55 5013.11 5011.76 5010.52 5009.27 5008.22 5007.9 5005.86 5004.53 5002.34 4998.16 4986.44 4962.33 4949.13 4922.92 4884.72 4861.3 4884.13
5076.4 5076.43 5074.25 5073.57 5072.92 5071.4 5070.52 5073.27 5071.67 5068.61 5064.72 5060.44 5056.22 5052.58 5049.21 5046.5 5044.31 5042.68 5041.7 5040.1 5039.01 5038.47 5038.09 5038.64 5038.8 5039.18 5040.38 5041.97 5039.15 5035.49 5032.37 5030.01 5029.08 5029.77 5031.24 5033.05 5035.13 5036.49 5034.77 5031.58 5028.78 5026.34 5024.49 5022.41 5020.91 5019.96 5018.69 5017.67 5016.43 5015.35 5014.02 5012.89 5011.75 5010.86 5009.38 5009.27 5007.36 5006.4 5004.98 5002.26 4995.2 4983.44 4959.56 4918.91 4868.13 4830.9 4868.03
5075.36 5075.02 5073.95 5075.97 5073.8 5071.48 5070.28 5071.87 5070.62 5067.85 5064.42 5060.65 5056.88 5053.3 5050.2 5047.81 5045.78 5044.35 5043.34 5040.71 5039.49 5038.8 5038.36 5038.4 5038.25 5038 5037.72 5039.15 5037.78 5034.84 5032 5029.51 5028.31 5029.16 5030.47 5032.09 5033.86 5035.66 5034.89 5031 5028.28 5025.89 5023.72 5022.84 5021.54 5020.41 5019.13 5018.19 5016.93 5015.95 5014.77 5013.74 5012.54 5011.36 5010.1 5007.78 5007.01 5007 5006.88 5006.96 5008.92 5013.03 4982.4 4937.27 4896.32 4875.87 4927.7
5074.59 5074.68 5075.9 5076.27 5074.36 5072.12 5070.88 5071.11 5069.72 5067.3 5064.4 5060.86 5057.39 5054.02 5051.13 5048.96 5046.86 5044.84 5042.5 5040.81 5039.94 5039.19 5038.66 5038.33 5037.75 5037.05 5036.65 5036.43 5035.45 5033.65 5031.49 5029.39 5028.17 5028.6 5029.58 5030.59 5031.4 5031.65 5030.38 5028.7 5027.15 5025.47 5023.95 5023.48 5022.75 5022.05 5021.11 5018.58 5017.39 5016.49 5015.32 5014.09 5013.09 5011.64 5009.77 5006.68 5006.32 5006.76 5007.09 5007.41 5007.91 5005.03 4984.83 4959.34 4946.34 4964.18 4989.75
5074.07 5074 5073.78 5074.64 5073.88 5072.56 5071.92 5070.69 5069.28 5067.08 5064.3 5061.16 5058.05 5055.21 5052.53 5050.18 5048 5045.79 5043.49 5041.77 5040.86 5039.89 5038.96 5038.33 5037.28 5036.06 5035.07 5034.41 5033.73 5032.87 5031.18 5029.5 5028.58 5028.18 5028.5 5028.86 5028.96 5028.33 5026.85 5026.28 5025.69 5025.11 5024.58 5023.33 5022.58 5022.6 5020.39 5020.95 5019.97 5017.14 5015.92 5014.66 5013.56 5011.91 5010.03 5006.84 5006 5006.21 5005.71 5004.08 5000.96 4990.99 4979.17 4972.05 4972.85 4985.53 4988.41
5073.08 5072.78 5072.11 5072.02 5072.88 5072.48 5071.9 5070.22 5068.89 5066.85 5064.38 5061.52 5058.71 5056.07 5053.48 5051.3 5049.12 5047.15 5045.87 5044.5 5042.28 5040.62 5039.38 5038.43 5037.03 5035.6 5034.54 5034.61 5034.47 5032.71 5031.1 5029.47 5027.52 5027.73 5027.54 5027.45 5027.04 5026.32 5025.45 5024.77 5024.84 5024.91 5024.11 5024.07 5023.36 5022.46 5021.16 5021.49 5020.5 5019.45 5016.81 5015.49 5014.13 5012.67 5010.87 5008.4 5007.12 5005.9 5004.45 5001.27 4995.79 4986.61 4978.56 4976.23 4976.42 4977.08 4973.84
5072.14 5071.46 5071.03 5072.73 5073.32 5071.72 5071.44 5070.98 5069.19 5066.95 5064.45 5061.67 5059.05 5056.83 5054.79 5052.15 5049.74 5048.01 5047.08 5045.31 5043.21 5041.47 5039.77 5038.29 5037.02 5035.63 5034.69 5034.27 5033.48 5032.59 5031.13 5029.71 5029.39 5027.69 5026.83 5026.22 5025.72 5025.12 5024.01 5024.04 5024.55 5025.29 5026.34 5025.85 5024.33 5023.27 5021.99 5020.64 5019.58 5018.26 5018.85 5017.42 5015.84 5013.31 5011.72 5009.69 5007.73 5005.49 5002.6 4998.39 4992.92 4986.38 4980.88 4977.2 4974.43 4971.87 4966.93
5071.44 5070.53 5069.29 5068.56 5068.31 5069.55 5070.53 5069.9 5069.11 5066.94 5064.34 5061.49 5058.74 5056.41 5054.58 5051.51 5049.39 5048.01 5047.25 5045.5 5043.89 5042.32 5040.57 5038.62 5037.16 5035.75 5034.92 5034.42 5034.12 5032.8 5031.08 5029.38 5027.5 5026.45 5025.71 5025.18 5024.95 5024.61 5024.57 5024.11 5024.44 5025.21 5025.43 5025.24 5025.1 5024.42 5023.33 5022.12 5019.98 5018.6 5017.38 5016.11 5016.07 5014.42 5012.57 5010.35 5007.78 5004.47 5000.42 4995.86 4990.97 4986.25 4982.2 4977.04 4971.96 4966.64 4961.2
5069.94 5068.79 5067.18 5065.7 5066.08 5066.95 5068.48 5071.33 5069.12 5066.71 5063.83 5060.74 5057.57 5054.46 5051.07 5049.02 5048.12 5047.55 5047.11 5046.33 5044.97 5043.21 5041.41 5039.41 5037.49 5034.76 5034 5034.56 5034.85 5032.89 5031 5029.02 5026.9 5025.62 5025.03 5024.57 5024.16 5024.19 5024.23 5023.84 5024.32 5025.34 5025.96 5026.14 5025.73 5024.99 5023.85 5022.59 5021.09 5019.75 5017.37 5016.01 5014.67 5013.38 5012.11 5010.54 5007.98 5003.74 4998.87 4993.92 4989.26 4984.82 4980.22 4975.07 4969.74 4963.78 4956.52
5068.74 5067.4 5065.81 5064.56 5064.04 5064.88 5066.11 5067.62 5068.09 5066.21 5063.32 5060.16 5056.57 5052.81 5048.98 5047.13 5046.78 5046.64 5046.74 5046.68 5045.94 5044.25 5042.35 5040.53 5038.78 5037.22 5035.8 5035.03 5033.73 5032.6 5031.15 5029.23 5027.01 5025.48 5024.77 5024.11 5023.74 5023.62 5023.55 5023.46 5024.18 5025.43 5026.73 5027.27 5026.37 5025.1 5023.71 5022.3 5021.07 5019.71 5018.27 5016.86 5015.17 5013.7 5011.7 5010.15 5007.55 5003.38 4998.47 4993.31 4988.05 4982.96 4977.4 4972.8 4968.31 4963.35 4955.43
5067.35 5066.24 5064.8 5063.49 5063.58 5063.69 5065.19 5067.85 5067.95 5065.95 5062.99 5059.51 5055.77 5052.01 5048.58 5046.59 5046.11 5046.19 5046.18 5046.04 5046.3 5044.95 5043.2 5041.59 5040.34 5040.02 5038.26 5036.5 5034.62 5033.46 5031.99 5029.99 5028.21 5026.9 5024.77 5023.82 5023.31 5023.16 5023.18 5023.32 5023.89 5025.27 5026.77 5028.07 5026.27 5024.66 5023.12 5021.64 5020.13 5018.69 5017.51 5016.05 5014.61 5013.06 5011.18 5008.98 5006.18 5002.29 4997.52 4992.29 4986.85 4981.42 4975.68 4971.33 4967.75 4963.5 4954.19
5066.77 5065.56 5064.17 5062.88 5062.28 5062.44 5064.19 5067.59 5067.9 5065.6 5062.48 5058.94 5055.18 5051.58 5048.47 5046.48 5045.86 5045.95 5045.93 5046.09 5046.78 5045.12 5043.72 5042.34 5041.04 5039.43 5039.19 5038.41 5037.54 5035.97 5033.49 5030.78 5028.04 5025.4 5024.1 5023.3 5022.73 5022.64 5022.68 5022.84 5023.32 5024.52 5025.43 5025.5 5024.76 5023.49 5022.21 5020.82 5019.3 5017.83 5016.39 5014.92 5013.52 5011.86 5010.08 5007.9 5004.93 5001.22 4996.48 4991.16 4985.68 4980.34 4975.03 4970.78 4967.39 4963.85 4955.84
5066.81 5065.16 5063.61 5062.66 5061.57 5061.5 5063.49 5066.57 5067.1 5064.89 5061.76 5058.32 5054.66 5051.19 5048 5045.78 5045.76 5046.12 5046.32 5045.86 5044.89 5044.95 5044.14 5043.08 5042 5041.24 5040.64 5040.31 5039.72 5038.05 5035.12 5031.63 5027.92 5024.58 5023.25 5022.61 5022.2 5022.14 5022.34 5022.7 5022.88 5023.58 5023.87 5023.63 5022.94 5022.06 5021.05 5019.81 5018.33 5016.85 5015.14 5013.58 5012.02 5010.37 5008.6 5006.51 5003.95 5000.26 4995.19 4989.8 4984.38 4979.27 4974.34 4970.3 4966.97 4963.24 4958.5
5066.25 5064.21 5062.4 5061.17 5060.17 5060.63 5062.82 5065.26 5065.88 5063.83 5060.73 5057.41 5054.08 5050.87 5047.99 5046.1 5046.25 5047.02 5047.65 5047.65 5046.77 5045.97 5044.98 5043.88 5042.91 5042.62 5042.16 5042.14 5041.73 5039.98 5037.05 5032.59 5028.1 5024.5 5022.49 5021.85 5021.65 5021.76 5022.17 5023.09 5022.66 5022.53 5022.57 5021.85 5021.27 5020.61 5019.65 5018.34 5016.93 5015.35 5013.91 5012.28 5010.51 5008.72 5006.78 5004.64 5002.14 4998.57 4993.48 4988.19 4983.02 4978.17 4973.44 4969.59 4966.72 4963.59 4957.21
5064.17 5062.28 5060.49 5059.15 5058.31 5058.88 5061.3 5063.61 5064.27 5062.05 5059.27 5056.33 5053.47 5050.73 5048.38 5046.74 5047.06 5048.44 5049.68 5050.75 5050.73 5047.58 5045.97 5044.58 5043.12 5042.34 5042.92 5043.6 5044.53 5044.59 5038.98 5033.2 5028.09 5023.6 5021.75 5021.25 5021.09 5021.37 5021.68 5022.08 5021.94 5021.75 5021.61 5021.14 5020.29 5019.17 5018.2 5016.84 5015.53 5013.92 5012.49 5010.73 5008.83 5006.79 5004.57 5002.19 4999.49 4995.97 4991.1 4986.19 4981.31 4976.86 4972.28 4968.48 4966.11 4963.42 4957.31
5060.94 5059.65 5058.24 5056.85 5056.41 5057.53 5059.68 5061.01 5061.13 5059.74 5057.62 5055.2 5052.85 5050.64 5048.88 5047.84 5048.54 5049.99 5051.59 5052.75 5050.82 5048.4 5047.19 5045.76 5043.88 5042.8 5043.49 5043.95 5044.36 5044.58 5038.27 5032.72 5027.81 5024.02 5021.48 5020.54 5020.5 5020.85 5021.13 5021.4 5021.34 5021.04 5020.9 5020.09 5019.07 5018.05 5016.81 5015.34 5013.84 5012.12 5010.43 5008.55 5006.73 5004.52 5002.09 4999.37 4996.26 4992.61 4988.18 4983.88 4979.61 4975.36 4971.19 4967.25 4965.51 4963.26 4957.88
5057.69 5057.2 5056.23 5054.81 5052.7 5056.2 5057.91 5058.46 5058.43 5057.27 5055.74 5053.96 5052.15 5050.54 5049.45 5049.39 5049.79 5051.05 5052.99 5055.16 5056.14 5051.3 5048.99 5047.47 5045.97 5044.93 5044.35 5043.59 5041.85 5037.64 5035.28 5031.46 5027.13 5022.81 5020.37 5020.1 5020.08 5020.33 5020.73 5021.09 5021.09 5020.6 5020.35 5019.61 5018.66 5017.04 5015.53 5013.97 5012.28 5010.59 5008.62 5006.62 5004.42 5002.09 4999.56 4996.55 4993.08 4989.19 4985.41 4981.37 4977.72 4974 4970.9 4968.55 4965.67 4964.1 4961.58
5055.66 5055.42 5054.97 5054.67 5055.46 5054.87 5056.06 5056.15 5055.39 5054.87 5053.87 5052.5 5051.1 5049.87 5049.09 5048.85 5049.45 5050.9 5052.99 5055.78 5057.82 5052.86 5050.36 5049.11 5048.13 5046.89 5045.3 5043.41 5040.86 5037.66 5034.35 5030.7 5026.78 5023.3 5021.07 5019.93 5019.81 5020.15 5020.54 5020.97 5021.02 5020.31 5019.81 5018.72 5017.36 5015.93 5014.54 5012.85 5011.12 5008.96 5007.01 5005.29 5002.61 5000.12 4997.41 4994.29 4990.68 4986.83 4983.03 4979.46 4975.74 4972.17 4969.31 4966.98 4964.46 4964.53 4957.88
5054.79 5054.35 5054.06 5054.11 5055.02 5055.44 5054.82 5054.48 5054.09 5053.27 5052.31 5051.15 5049.95 5048.87 5048.19 5048.06 5048.63 5049.66 5051.36 5053.26 5054.03 5051.49 5050.42 5050.11 5049.69 5048.27 5046.08 5043.59 5040.83 5037.76 5034.37 5030.49 5026.55 5023.11 5020.68 5019.56 5019.56 5020.01 5020.6 5020.81 5020.47 5020.29 5019.42 5017.84 5016.07 5014.44 5012.72 5011.24 5009.33 5008.33 5006.49 5004.43 5002.28 4999.1 4996.53 4993.2 4989.39 4985.26 4981.56 4977.91 4974.36 4970.76 4967.35 4963.67 4961.82 4963.68 4961.74
5054.2 5053.46 5052.95 5052.75 5052.65 5052.98 5053.35 5053.15 5052.59 5051.81 5050.97 5049.96 5048.87 5047.82 5046.99 5046.46 5046.49 5047.43 5048.75 5049.69 5049.61 5048.78 5049.2 5050.34 5050.76 5049.11 5046.4 5043.58 5040.77 5038.02 5034.53 5030.29 5026.24 5022.46 5019.38 5018.99 5019.39 5019.99 5020.89 5022 5023.13 5020.86 5019.09 5017.16 5015.28 5013.28 5011.51 5009.71 5007.91 5006.04 5003.89 5002.15 5000.13 4998.56 4995.39 4991.94 4988.3 4984.45 4980.61 4977.13 4973.72 4969.97 4966.46 4964.13 4964.99 4962.76 4963.43
