real_craters/C141-750m.grd
DSAA
121 121
-45.0975 45.0975
-45.0975 45.0975
3356.2373840852 5380.8447858599
[rows 0 to 37 of 121, columns 0 to 83 of 121]
5080 5082 5085 5076 5065 5054 5048 5045 5043 5042 5041 5051 5029 5022 5032 5031 5025 5020 5015 5009 5002 4995 4984 4971 4954 4939 4924 4929 4914 4910 4906 4902 4904 4914 4927 4927 4933 4962 4992 5009 5020 5030 5040 5055 5082 5078 5065 5049 5032 5008 5001 5003 4995 4991 4982 4983 4988 4987 4983 4979 4983 4998 5006 5006 5013 5024 5040 5060 5081 5105 5125 5127 5116 5097 5085 5078 5066 5066 5075 5081 5086 5088 5100 5109
5083 5083 5097 5082 5068 5050 5044 5043 5042 5040 5040 5042 5005 5021 5031 5030 5025 5021 5016 5011 5006 5001 4991 4976 4962 4945 4937 4928 4918 4913 4910 4906 4911 4920 4926 4923 4931 4962 4988 5008 5024 5039 5050 5054 5077 5071 5055 5040 5022 5008 5007 4996 4996 4995 4993 4995 4998 4992 4983 4978 4982 4987 5003 5002 5011 5029 5046 5066 5088 5112 5132 5125 5107 5094 5072 5079 5079 5075 5076 5077 5081 5087 5093 5102
5079 5083 5081 5096 5071 5048 5042 5042 5039 5038 5036 5039 5040 5033 5031 5028 5026 5022 5018 5013 5008 5001 4993 4986 4974 4960 4943 4937 4924 4918 4913 4909 4913 4921 4928 4928 4937 4965 4991 5009 5026 5047 5068 5077 5067 5063 5050 5033 5017 5003 5003 5008 5003 5002 5005 5021 5009 4998 4988 4976 4978 4983 4984 4997 5009 5026 5046 5065 5085 5105 5123 5121 5116 5109 5105 5104 5082 5081 5081 5084 5095 5093 5098 5101
5075 5078 5076 5080 5069 5049 5042 5040 5039 5038 5037 5036 5032 5030 5031 5028 5026 5022 5018 5014 5010 5005 4999 4997 4995 4976 4970 4946 4932 4924 4921 4919 4921 4924 4925 4936 4954 4972 4990 5003 5023 5048 5079 5113 5081 5065 5052 5033 5013 4996 4987 4992 4998 5001 5011 5017 5005 5000 5001 4992 4973 4979 4993 4993 5006 5022 5039 5060 5078 5093 5102 5119 5133 5132 5126 5118 5105 5090 5086 5088 5091 5094 5091 5096
5077 5074 5072 5073 5065 5053 5045 5039 5038 5038 5039 5039 5032 5030 5034 5036 5028 5023 5019 5016 5013 5010 5008 5003 4982 4932 4862 4991 4945 4935 4929 4931 4923 4923 4930 4940 4951 4975 4993 5002 5017 5037 5060 5083 5086 5077 5053 5029 5007 4989 4979 4961 4983 4985 4984 4985 4985 4989 4995 4997 4987 4983 4989 4998 5003 5017 5035 5053 5073 5090 5104 5116 5129 5129 5119 5103 5088 5087 5087 5091 5086 5085 5089 5095
5075 5076 5072 5071 5064 5055 5048 5044 5040 5039 5037 5037 5031 5029 5032 5033 5027 5023 5021 5018 5015 5012 5007 5007 5011 4960 4928 4985 4952 4942 4938 4931 4922 4921 4927 4938 4950 4977 4995 5000 5009 5020 5028 5032 5063 5073 5040 5015 4994 4977 4962 4950 4969 4965 4957 4956 4963 4974 4980 4993 4994 4982 4981 4984 4996 5011 5027 5044 5064 5084 5099 5106 5114 5112 5095 5077 5078 5080 5082 5087 5084 5085 5093 5101
5073 5072 5072 5070 5064 5057 5051 5046 5042 5039 5035 5035 5031 5028 5027 5026 5025 5024 5022 5021 5017 5013 5008 5005 4994 4977 4977 4963 4957 4949 4947 4941 4925 4925 4931 4943 4961 4986 5008 5001 5004 5007 5007 5001 5019 5024 5013 4997 4980 4962 4945 4938 4952 4951 4941 4944 4953 4965 4975 4983 4997 4995 4978 4983 4992 5003 5018 5036 5054 5070 5082 5089 5094 5091 5078 5071 5067 5072 5078 5076 5080 5088 5093 5110
5071 5067 5068 5070 5064 5057 5050 5048 5044 5040 5035 5035 5031 5026 5025 5024 5025 5026 5024 5021 5017 5014 5010 5001 4989 4978 4963 4949 4948 4949 4951 4955 4946 4939 4940 4951 4968 4990 5007 5006 5001 5001 5003 4999 4989 4981 4980 4973 4962 4948 4930 4934 4946 4948 4947 4946 4953 4966 4980 4984 5004 4997 4977 4982 4989 5001 5013 5026 5041 5059 5068 5070 5072 5070 5066 5060 5059 5066 5081 5093 5093 5086 5082 5110
5067 5064 5064 5068 5063 5054 5047 5046 5046 5042 5040 5036 5032 5028 5024 5023 5024 5028 5024 5021 5017 5014 5008 4999 4986 4972 4962 4946 4942 4943 4943 4944 4949 4956 4957 4955 4964 4986 5010 4993 4994 4994 4998 4993 4971 4954 4956 4954 4949 4943 4930 4933 4947 4950 4957 4967 4958 4971 4981 4991 4989 4997 5008 4986 4993 5001 5011 5018 5026 5032 5046 5054 5061 5064 5056 5047 5041 5057 5084 5112 5101 5085 5088 5110
5067 5062 5061 5066 5061 5052 5045 5047 5045 5044 5042 5041 5036 5026 5022 5022 5023 5023 5021 5018 5014 5010 5005 4996 4983 4971 4962 4947 4940 4938 4939 4938 4941 4947 4951 4950 4955 4975 4997 4986 4985 4985 4979 4983 4962 4945 4940 4940 4939 4935 4927 4935 4939 4955 4960 4964 4966 4979 4993 4991 5003 5023 5033 5008 5003 5007 5009 5013 5012 5015 5028 5043 5055 5059 5050 5030 5031 5046 5069 5093 5098 5087 5088 5101
5061 5057 5058 5061 5057 5052 5048 5051 5051 5047 5043 5044 5037 5025 5020 5021 5021 5020 5018 5014 5010 5005 4999 4989 4979 4968 4963 4950 4942 4934 4927 4931 4935 4937 4941 4943 4944 4962 4993 4986 4981 4979 4977 4970 4958 4941 4936 4934 4934 4935 4926 4921 4935 4961 4984 4971 4972 4980 4986 4979 4998 5024 5022 5021 5017 5016 5013 5010 5005 5014 5019 5036 5053 5066 5054 5025 5024 5030 5044 5061 5081 5079 5077 5092
5055 5054 5055 5055 5053 5050 5048 5051 5056 5050 5048 5042 5034 5025 5020 5020 5021 5019 5015 5011 5007 5001 4993 4983 4974 4966 4964 4960 4944 4930 4921 4930 4940 4949 4944 4940 4938 4951 4984 4980 4974 4974 4979 4973 4959 4945 4934 4930 4928 4923 4918 4913 4926 4946 4967 4971 4964 4971 4975 4975 5000 5006 5021 5028 5028 5025 5020 5013 5005 5000 5016 5031 5045 5055 5056 5042 5017 5013 5026 5046 5071 5083 5082 5091
5053 5051 5052 5051 5050 5047 5044 5046 5046 5049 5048 5041 5034 5024 5019 5020 5021 5017 5011 5007 5003 4997 4990 4981 4973 4964 4965 4950 4934 4925 4921 4919 4931 4950 4946 4942 4941 4946 4971 4965 4962 4967 4987 4983 4963 4943 4933 4929 4922 4914 4917 4919 4918 4933 4951 4960 4955 4963 4967 4971 4990 5001 5009 5041 5036 5032 5028 5024 5024 5019 5024 5029 5034 5041 5048 5039 5009 5013 5020 5041 5073 5091 5094 5097
5050 5047 5047 5048 5047 5045 5043 5043 5043 5044 5043 5038 5030 5024 5019 5019 5026 5015 5007 5005 5000 4996 4991 4987 4974 4967 4959 4943 4928 4922 4916 4910 4921 4930 4943 4945 4947 4954 4969 4970 4967 4956 4958 4973 4965 4955 4946 4933 4918 4909 4914 4920 4921 4929 4940 4952 4961 4953 4959 4963 4980 5013 5026 5035 5033 5033 5034 5035 5044 5042 5031 5025 5023 5020 5022 5023 5006 5015 5024 5042 5079 5104 5105 5107
5045 5043 5042 5043 5043 5043 5042 5042 5041 5043 5040 5036 5032 5026 5020 5015 5013 5011 5007 5003 4999 4994 4990 4986 4975 4960 4950 4942 4927 4921 4915 4909 4929 4947 4950 4952 4956 4970 4969 4969 4958 4948 4944 4953 4959 4968 4966 4935 4913 4901 4904 4910 4918 4931 4937 4946 4946 4928 4947 4950 4971 5025 5039 5023 5031 5032 5031 5034 5039 5038 5032 5024 5016 5006 5004 5031 5078 5107 5062 5055 5082 5103 5099 5095
5042 5041 5039 5038 5039 5040 5040 5040 5037 5036 5034 5033 5030 5025 5019 5011 5008 5011 5010 5004 4998 4993 4987 4986 4971 4952 4942 4925 4925 4915 4918 4912 4940 4958 4953 4952 4954 4964 4972 4968 4955 4933 4928 4938 4944 4947 4937 4925 4909 4898 4895 4899 4910 4923 4932 4939 4936 4936 4952 4955 4985 5018 5018 5036 5030 5027 5026 5026 5025 5026 5025 5022 5013 5006 5010 5053 5118 5126 5097 5075 5077 5081 5081 5091
5043 5042 5040 5039 5039 5037 5035 5033 5029 5026 5027 5028 5028 5023 5016 5009 5007 5016 5015 5004 4995 4986 4978 4966 4957 4959 4927 4911 4893 4899 4907 4917 4933 4946 4947 4946 4947 4953 4968 4975 4978 4931 4922 4927 4931 4931 4919 4916 4904 4895 4889 4890 4914 4934 4934 4940 4939 4930 4943 4963 4996 4993 4981 4990 5021 5019 5016 5014 5009 5013 5018 5020 5022 5023 5030 5069 5092 5106 5092 5077 5074 5073 5074 5082
5041 5047 5047 5041 5039 5034 5030 5025 5023 5018 5021 5023 5022 5019 5013 5006 5005 5018 5006 4996 4986 4977 4969 4962 4951 4946 4919 4892 4884 4878 4884 4902 4914 4926 4935 4939 4942 4948 4958 4961 4949 4942 4911 4920 4925 4926 4922 4913 4901 4893 4891 4893 4918 4927 4936 4944 4948 4940 4951 4963 4987 4925 4940 5015 5008 5003 5004 5002 5006 5003 5013 5021 5032 5051 5083 5094 5081 5074 5057 5066 5070 5070 5074 5086
5035 5025 5039 5039 5034 5030 5026 5022 5021 5022 5018 5017 5017 5014 5008 5003 5003 5011 4998 4985 4977 4969 4958 4946 4929 4920 4900 4878 4871 4866 4888 4906 4903 4918 4929 4934 4937 4941 4945 4944 4935 4930 4930 4922 4923 4925 4929 4914 4896 4891 4894 4901 4903 4935 4946 4948 4948 4950 4950 4953 4969 4907 4920 4949 4972 4982 4987 4989 4986 4996 5004 5012 5025 5049 5094 5087 5069 5063 5058 5068 5085 5083 5088 5113
5029 5031 5029 5020 5026 5025 5021 5019 5018 5017 5014 5012 5010 5006 5000 4996 4998 4997 4984 4972 4967 4959 4951 4942 4928 4911 4883 4859 4854 4850 4855 4887 4917 4923 4925 4929 4932 4936 4935 4934 4927 4919 4919 4918 4920 4921 4921 4909 4896 4893 4897 4896 4859 4901 4944 4944 4943 4951 4949 4950 4944 4949 4931 4938 4950 4963 4972 4979 4984 4986 4990 4996 5006 5017 5020 5042 5058 5057 5048 5063 5092 5087 5098 5104
5019 5019 5018 5019 5020 5019 5016 5014 5013 5011 5009 5006 5003 4998 4992 4988 4988 4983 4977 4966 4960 4953 4945 4937 4929 4910 4879 4853 4842 4836 4830 4867 4908 4915 4916 4920 4926 4930 4928 4923 4916 4908 4911 4915 4916 4915 4910 4903 4895 4894 4898 4904 4916 4906 4935 4935 4936 4952 4967 4948 4927 4945 4941 4935 4939 4948 4956 4962 4969 4971 4972 4979 4986 4996 5009 5025 5028 5034 5022 5038 5052 5059 5061 5070
5007 5002 5008 5010 5011 5010 5007 5005 5004 5006 5006 5001 4996 4990 4985 4982 4981 4981 4977 4965 4956 4946 4937 4926 4913 4904 4880 4850 4831 4821 4828 4849 4888 4893 4901 4907 4915 4917 4917 4912 4901 4900 4907 4908 4909 4910 4907 4900 4896 4889 4889 4892 4894 4892 4922 4921 4924 4944 4968 4953 4936 4949 4940 4938 4937 4933 4938 4947 4951 4952 4953 4957 4963 4972 4999 5027 5030 5037 5026 5021 5022 5022 5020 5031
5000 5001 5001 5002 5003 5001 4998 4997 4998 5001 4999 4995 4991 4988 4982 4978 4977 4979 4978 4970 4950 4936 4926 4919 4911 4900 4872 4844 4831 4822 4817 4821 4830 4864 4884 4894 4896 4905 4908 4903 4897 4898 4899 4899 4901 4904 4907 4899 4877 4883 4882 4880 4869 4880 4901 4911 4917 4935 4951 4968 4958 4939 4929 4921 4917 4910 4915 4922 4928 4931 4933 4938 4941 4949 4975 5003 5011 5014 5022 5014 5000 4990 4981 4995
4989 4990 4993 4994 4994 4992 4990 4989 4988 4990 4990 4990 4988 4984 4980 4976 4975 4978 4970 4945 4932 4923 4916 4909 4905 4883 4859 4841 4843 4854 4825 4825 4833 4855 4874 4888 4898 4901 4898 4894 4889 4882 4884 4886 4889 4894 4901 4908 4895 4884 4882 4878 4876 4879 4905 4906 4911 4916 4918 4942 4959 4933 4912 4890 4866 4881 4889 4894 4901 4909 4915 4917 4921 4927 4946 4963 4979 4974 4982 4998 4990 4966 4946 4956
4981 4983 4984 4984 4984 4982 4982 4981 4981 4984 4982 4984 4985 4983 4979 4970 4970 4973 4959 4927 4914 4910 4907 4900 4887 4869 4844 4837 4853 4867 4858 4843 4845 4860 4875 4889 4894 4899 4898 4892 4878 4862 4865 4870 4875 4879 4880 4875 4884 4880 4879 4879 4873 4877 4909 4898 4896 4912 4903 4903 4938 4919 4898 4880 4877 4871 4874 4878 4883 4892 4899 4902 4906 4909 4924 4942 4955 4964 4966 4971 4959 4942 4930 4930
4973 4975 4975 4975 4976 4977 4976 4975 4973 4977 4977 4978 4981 4986 4983 4968 4964 4965 4950 4921 4903 4899 4897 4894 4884 4857 4836 4821 4852 4872 4858 4867 4866 4866 4873 4887 4899 4894 4892 4882 4865 4858 4851 4854 4860 4864 4867 4867 4864 4867 4871 4877 4886 4870 4888 4890 4877 4883 4903 4903 4903 4896 4883 4874 4871 4865 4862 4861 4871 4878 4885 4891 4897 4906 4912 4922 4938 4944 4953 4937 4924 4916 4910 4912
4967 4968 4968 4967 4966 4971 4971 4970 4973 4974 4970 4971 4975 4978 4976 4960 4956 4961 4953 4918 4893 4888 4888 4892 4888 4869 4843 4829 4839 4857 4859 4867 4868 4865 4866 4870 4876 4878 4877 4869 4852 4835 4835 4840 4846 4850 4856 4858 4847 4850 4856 4865 4868 4873 4879 4889 4891 4874 4877 4873 4870 4868 4863 4858 4854 4852 4851 4849 4859 4868 4876 4884 4893 4903 4910 4921 4927 4935 4931 4905 4890 4885 4887 4904
4967 4965 4962 4961 4962 4964 4964 4966 4968 4967 4965 4967 4967 4963 4955 4946 4945 4956 4957 4917 4886 4881 4882 4884 4882 4873 4854 4841 4831 4841 4867 4863 4860 4856 4852 4851 4855 4859 4862 4855 4831 4826 4828 4828 4832 4837 4841 4838 4829 4833 4837 4844 4864 4877 4859 4860 4874 4873 4853 4850 4847 4844 4842 4838 4832 4834 4842 4853 4854 4863 4872 4881 4888 4896 4908 4920 4916 4906 4897 4876 4856 4854 4856 4871
4963 4958 4955 4954 4956 4956 4957 4959 4961 4961 4962 4966 4959 4951 4942 4935 4935 4945 4948 4916 4882 4876 4875 4874 4874 4868 4859 4854 4857 4871 4886 4865 4853 4844 4834 4828 4832 4844 4852 4849 4825 4809 4812 4815 4820 4822 4824 4821 4815 4817 4822 4825 4832 4865 4867 4838 4841 4854 4839 4835 4828 4828 4825 4819 4815 4816 4822 4834 4845 4857 4868 4878 4885 4893 4902 4911 4903 4888 4866 4826 4820 4822 4819 4813
4945 4947 4946 4945 4944 4948 4951 4952 4950 4949 4952 4957 4952 4943 4934 4927 4922 4932 4935 4915 4889 4878 4874 4869 4867 4857 4858 4857 4865 4858 4856 4862 4845 4830 4817 4806 4814 4828 4842 4847 4812 4803 4802 4803 4804 4805 4807 4803 4794 4803 4814 4831 4837 4842 4864 4836 4827 4831 4822 4833 4816 4820 4815 4806 4792 4787 4806 4821 4838 4853 4867 4879 4885 4891 4896 4893 4882 4872 4845 4792 4799 4804 4803 4798
4934 4935 4937 4937 4937 4942 4946 4949 4945 4940 4945 4949 4946 4938 4934 4925 4919 4922 4923 4910 4893 4878 4876 4880 4898 4891 4872 4859 4856 4858 4847 4841 4831 4815 4803 4797 4798 4814 4829 4840 4805 4798 4791 4791 4791 4790 4789 4791 4786 4792 4800 4814 4819 4831 4862 4834 4822 4831 4858 4846 4832 4824 4815 4804 4796 4798 4802 4816 4833 4849 4865 4880 4895 4899 4895 4890 4876 4867 4836 4796 4797 4804 4809 4815
4926 4927 4928 4930 4931 4936 4943 4942 4941 4936 4939 4940 4940 4934 4925 4920 4918 4915 4909 4896 4875 4866 4874 4895 4915 4899 4875 4852 4850 4852 4830 4835 4819 4805 4792 4788 4789 4799 4812 4814 4792 4789 4787 4782 4781 4779 4772 4768 4782 4782 4780 4788 4787 4810 4841 4848 4851 4835 4846 4857 4848 4831 4818 4808 4797 4787 4799 4814 4831 4845 4859 4874 4893 4896 4892 4893 4890 4863 4838 4802 4809 4815 4819 4820
4926 4926 4926 4925 4927 4930 4929 4941 4939 4939 4936 4938 4936 4931 4924 4917 4912 4905 4899 4883 4849 4844 4863 4884 4898 4884 4866 4842 4830 4825 4809 4814 4807 4792 4778 4769 4774 4784 4793 4797 4787 4776 4772 4771 4772 4774 4774 4775 4775 4771 4759 4730 4742 4736 4761 4787 4796 4835 4849 4848 4838 4829 4820 4814 4809 4814 4812 4823 4831 4839 4849 4859 4863 4878 4882 4884 4854 4844 4828 4824 4830 4833 4838 4845
4927 4925 4923 4921 4921 4922 4923 4922 4927 4930 4932 4934 4933 4930 4928 4924 4910 4894 4877 4860 4832 4826 4841 4864 4874 4867 4849 4840 4818 4818 4810 4808 4797 4783 4768 4758 4763 4769 4777 4781 4783 4771 4760 4762 4766 4771 4776 4771 4766 4756 4759 4766 4743 4723 4736 4732 4742 4800 4817 4819 4820 4821 4816 4817 4822 4836 4833 4832 4833 4837 4841 4844 4848 4865 4876 4875 4857 4836 4825 4841 4845 4848 4851 4857
4921 4916 4912 4915 4915 4914 4920 4919 4922 4926 4931 4933 4928 4926 4924 4918 4903 4881 4851 4842 4820 4817 4820 4832 4860 4860 4855 4852 4842 4830 4819 4802 4791 4777 4766 4760 4756 4760 4765 4772 4774 4764 4753 4753 4759 4768 4772 4755 4728 4734 4758 4774 4762 4762 4779 4748 4713 4738 4783 4807 4797 4800 4802 4809 4819 4827 4842 4835 4832 4830 4825 4824 4830 4863 4884 4883 4871 4847 4828 4850 4853 4852 4850 4850
4912 4911 4909 4908 4905 4906 4912 4913 4919 4928 4929 4924 4920 4917 4913 4905 4888 4866 4837 4813 4808 4806 4806 4814 4822 4846 4856 4848 4843 4831 4819 4803 4786 4770 4756 4749 4749 4751 4753 4750 4758 4749 4742 4742 4752 4763 4760 4748 4728 4731 4752 4768 4769 4769 4780 4786 4747 4733 4734 4760 4760 4764 4774 4792 4809 4825 4838 4828 4820 4817 4813 4815 4831 4869 4907 4932 4907 4850 4835 4854 4863 4847 4843 4839
4907 4907 4904 4900 4898 4898 4906 4910 4914 4920 4921 4914 4911 4908 4899 4883 4870 4853 4822 4803 4803 4799 4800 4803 4813 4829 4845 4847 4842 4826 4811 4801 4781 4763 4748 4742 4743 4746 4748 4754 4747 4731 4721 4724 4741 4760 4772 4748 4721 4718 4747 4764 4767 4770 4783 4781 4781 4768 4751 4703 4717 4739 4757 4774 4794 4815 4822 4818 4810 4804 4802 4804 4828 4878 4928 4956 4883 4821 4838 4843 4825 4832 4830 4829
4897 4895 4890 4887 4889 4890 4896 4899 4905 4911 4912 4905 4907 4901 4887 4868 4852 4834 4811 4795 4799 4789 4793 4798 4804 4813 4820 4844 4835 4815 4805 4785 4769 4756 4746 4741 4740 4742 4744 4735 4726 4711 4703 4707 4725 4750 4767 4749 4729 4727 4737 4750 4758 4766 4775 4769 4771 4792 4784 4729 4707 4718 4735 4749 4766 4784 4795 4797 4797 4795 4797 4810 4835 4884 4938 4976 4908 4852 4861 4861 4830 4817 4820 4821
