real_craters/C141-500m.grd
DSAA
181 181
-45.0975 45.0975
-45.0975 45.0975
3357.5410818198 5383.2790050148
[rows 30 to 59 of 181, columns 67 to 133 of 181]
4915.71 4913.69 4909.55 4904.88 4900.52 4894.98 4894.37 4894.99 4897.69 4901.62 4907.78 4916.15 4907 4917.7 4934.56 4936.3 4934.87 4935.63 4948.07 4954.95 4967.33 4957.29 4938.55 4927.45 4941.62 4945.67 4941.14 4936.77 4931.64 4939.13 4946.03 4950.5 4955.75 4961.03 4964.69 4968.62 4969.98 4971.22 4972.3 4975.55 4980.84 4985.76 4991.89 5000.39 5008.93 5020.43 5028.4 5028.26 5027.98 5035.54 5022.26 5032.13 5044.12 5052.13 5058.15 5059.65 5061.34 5067.78 5073.5 5062.13 5033.78 5004.19 4975.34 4954.17 4969.07 5045.33 5096.86
4912.38 4910.82 4907.07 4901.06 4899.82 4898.55 4893.05 4892.2 4892.96 4896.4 4899.69 4903.16 4890.81 4910.05 4926.37 4926.7 4926.68 4930.21 4941.07 4962.41 4973.53 4963.73 4933 4927.53 4946.35 4946.47 4941.48 4938.73 4941.69 4939.98 4938.72 4940.51 4944.56 4949.15 4952.92 4955.7 4957.57 4958.15 4959.52 4962.74 4966.23 4971.08 4976.9 4985.96 5005.72 5026.51 5029.35 5031.46 5037.54 5041.76 5015.69 5022.68 5027.32 5030.7 5033.18 5034.3 5036.51 5040.3 5041.27 5037.69 5022.7 5004.64 4983.41 4953.44 5020.87 5065.32 5084.08
4908.04 4908.47 4907.35 4904.51 4894.5 4889.01 4886.99 4887.14 4888.76 4887.65 4886.5 4881.97 4873.47 4899.74 4913.18 4916.49 4917.6 4917.5 4927.15 4941.9 4954.96 4970.94 4944.21 4948.69 4950.48 4943.49 4937.76 4934.51 4934.67 4932.13 4927.35 4926.95 4930.63 4936.85 4945.99 4945.2 4944.31 4944.25 4946.13 4948.7 4951.99 4955.61 4960.65 4971.3 4992.66 5020.28 5023.72 5026.29 5029.41 5030.27 5033.29 5022.63 5011.9 5009.63 5010.79 5009.02 5007.22 5014.81 5026.59 5019.58 5014.36 5011.44 5021.08 5087.91 5104.22 5077.34 5066.2
4903.14 4905.16 4907.4 4905.13 4889.62 4876.74 4881.9 4883.15 4882.47 4881.82 4877.19 4869.17 4872.91 4889.66 4900.97 4908.81 4912.32 4916.53 4928.26 4928.13 4950.62 4971.24 4969.96 4957.92 4940.18 4935.67 4928.5 4922.73 4920.39 4916.86 4910.56 4911.08 4914.54 4919.38 4925 4927.53 4930.1 4931.55 4933.38 4936.48 4939.89 4940.66 4945.41 4953.21 4974.77 4996.94 5006.64 5011.14 5015.96 5010.48 5021.53 5018.12 5009.09 4999.91 4993.65 4985.98 4980.65 4986.65 5004.16 5001.54 5003.55 5011.13 5030.57 5062.51 5065.44 5052.84 5047.49
4896.73 4900.4 4905.38 4912.57 4901.18 4888.79 4885.17 4883.25 4882.39 4878.44 4874.63 4867.9 4861.34 4889.58 4901.65 4905.62 4908.49 4910.21 4918.67 4923.77 4936.02 4947.73 4961.56 4961.58 4941.67 4928.28 4918.12 4906.53 4894.7 4886.01 4887.44 4892.69 4897.18 4900.78 4904.3 4909.17 4912.73 4916.88 4919.98 4924.55 4926.12 4927.23 4931.05 4941.05 4955.22 4971.84 4982.86 4989.57 4990.57 4983.51 4997.45 5003.88 5010.31 4997.39 4980.71 4966.45 4952.19 4954.36 4975.8 4985.86 4983.06 4991.97 5011.89 5022.97 5031.92 5032.38 5031.22
4886.11 4889.84 4893.95 4898.55 4901.91 4895.14 4886.43 4882.41 4879.77 4878.98 4878.36 4877.5 4875.69 4892.2 4901.5 4902.98 4904.63 4910.55 4910.38 4915.45 4916.88 4920.67 4955.42 4953.67 4936.93 4921.46 4907.18 4891.87 4871.14 4851.05 4869.65 4878.4 4882.91 4884.11 4884.67 4893.56 4899.25 4904.22 4908.42 4912 4912.45 4914.66 4916.6 4921.44 4937.11 4950.68 4963.64 4970.28 4971.22 4969.81 4975.62 4984.82 4988.83 4980.21 4965.49 4951.43 4941.36 4942.19 4952.89 4950.98 4953.11 4967.07 4979.59 4989.11 5001.83 5006.85 5012.3
4877.91 4879.99 4879.99 4876.13 4879.71 4884.12 4881.03 4879.07 4879.24 4880.01 4879.39 4873.07 4865.93 4891.76 4909.42 4900.31 4896.4 4896.33 4902.6 4910.27 4902.97 4898.39 4934.62 4937.58 4925.7 4911.92 4898.05 4885.42 4874.86 4876.99 4870.93 4871.81 4873.68 4876.14 4879.07 4883.4 4889.32 4894.76 4899.48 4900.79 4902.95 4905.52 4907.54 4912.31 4923.53 4937.02 4946.44 4955.27 4962.49 4961.36 4965.8 4970.08 4970.19 4959.45 4947.64 4937.17 4930.22 4928 4930.85 4918.1 4926.8 4941.62 4954.81 4965.55 4979.03 4989.66 4990.82
4866.82 4869.22 4869.43 4867 4871.96 4871.75 4871.65 4872.53 4874.36 4878.36 4882.39 4879.67 4865.19 4884.82 4897.71 4893.95 4887.25 4878.36 4874.49 4907.22 4908.31 4905.07 4911.57 4915.54 4908.96 4899 4889.67 4880.73 4876.3 4876.44 4870.59 4866.75 4866.08 4867.72 4872.08 4875.75 4880.99 4883.74 4888.27 4892.57 4896.24 4899.52 4903.63 4908.76 4914.77 4920.03 4928.46 4942.04 4949.2 4953.6 4957.73 4955.45 4942.32 4935.73 4928.39 4921.64 4917.78 4918.29 4918.94 4918.6 4917.56 4928.48 4940.38 4951.6 4961.86 4969.45 4967.75
4857.71 4860.66 4863.43 4865.02 4858.79 4857.76 4859.89 4862.48 4865.67 4869.53 4871.21 4863.42 4861.4 4875.56 4893.04 4889.45 4887.68 4881.05 4883.2 4885.98 4891.94 4889.89 4894.89 4891.8 4888.51 4882.82 4876.84 4871.51 4868.44 4868.42 4863.72 4859.87 4857.76 4856.67 4860.05 4865.8 4871.36 4876.84 4881.97 4886.46 4890.79 4895.58 4898.79 4904.77 4911.02 4917.62 4925.51 4934.52 4941.83 4942.88 4946.55 4938.48 4917.15 4911.52 4907.46 4903.66 4901.77 4901.62 4912.37 4909.12 4913.19 4921.13 4931.62 4941.63 4952.29 4944.55 4944.98
4848.73 4852.01 4855.74 4858.11 4854.15 4847.34 4848.32 4851.67 4856.2 4862.05 4868.85 4868.36 4870.59 4879.17 4878.97 4885.48 4892.57 4890.51 4874.25 4876.18 4876.98 4868.35 4873.85 4869.7 4868.54 4866.6 4863.33 4858.95 4856.31 4853.57 4852.85 4851.45 4850.8 4847.8 4853.14 4859.4 4864.92 4870.76 4876.15 4881.26 4886.8 4892.53 4899.59 4904.66 4910.04 4917.68 4923.99 4926.6 4932.65 4936.64 4930.89 4917.31 4896.74 4889.67 4886.18 4884.37 4886.53 4895.33 4914.5 4939.47 4915.33 4916.58 4923.14 4931.25 4929.17 4928.02 4924.93
4839.56 4842.43 4845.81 4847.14 4835.08 4834.5 4836.59 4839.94 4844.21 4849.93 4865.51 4881.82 4882.67 4877.79 4868.27 4873.99 4887.32 4891.58 4875.26 4876.46 4864.19 4864.16 4854.25 4851.53 4851.6 4850.72 4848.55 4845.71 4842.88 4839.89 4839.32 4841.69 4845.38 4852.46 4852.98 4856.68 4861.22 4866.63 4872.58 4877.49 4883.63 4889.55 4894.28 4902.04 4908.9 4917.34 4922.92 4917.18 4904.44 4913.53 4908.8 4893.24 4877.18 4867.79 4863.78 4863.62 4867.47 4877.82 4897.18 4918.29 4907.63 4905.31 4910.33 4916.07 4913.08 4912.21 4909.64
4830.32 4833.33 4835.1 4834.05 4823.98 4823.35 4825.48 4828.55 4831.08 4832.46 4826.8 4841.03 4865.52 4875.11 4860.08 4850.05 4832.87 4851.8 4871.12 4857.03 4847.68 4855.92 4842.66 4843.19 4839.41 4837.14 4835.21 4832.54 4829.29 4826.52 4826.97 4830.65 4836.42 4843.46 4848.53 4851.28 4857.72 4864.36 4871.48 4877.59 4882.89 4886.46 4890.88 4898.75 4906.12 4914.79 4920.74 4914.48 4905.08 4897.46 4882.53 4855.51 4849.29 4843.86 4841.29 4840.65 4843.59 4850.27 4861.79 4876.91 4880.42 4886.33 4893.92 4900.05 4902.61 4896.31 4898.78
4820.88 4822.87 4824.27 4823.36 4820.44 4815.24 4815.21 4818.03 4822.14 4824.73 4824.76 4831.72 4848.46 4875.16 4867.35 4848.43 4836.25 4840.9 4853.56 4853.93 4838.99 4837.43 4831.93 4828.1 4828.18 4826.86 4825.02 4821.35 4817.18 4815.23 4816.1 4816.97 4821.82 4828.25 4838.09 4844.95 4852.44 4860.79 4868.3 4875.43 4880.46 4885.18 4891.96 4896.12 4901.89 4908.36 4913.33 4903.29 4892.7 4882.19 4866.01 4838.35 4822 4820.31 4821.74 4821.03 4819.02 4815.6 4815.39 4824.11 4846.5 4862.09 4875.49 4892.02 4889.77 4887.12 4893.55
4810.05 4811.65 4812.84 4813.66 4803.87 4800.01 4804.62 4810.42 4818.17 4826.61 4840.65 4838.42 4840.96 4866.7 4863.68 4849.41 4812.8 4834.03 4845.03 4837.14 4826.13 4841.46 4824.67 4816.38 4819.33 4820.14 4817.21 4811.53 4805.35 4798.59 4794 4800.86 4809.36 4817.93 4829.22 4839.34 4849.62 4859.38 4867.39 4874.85 4880.63 4883.92 4885.42 4893.67 4897.29 4898.99 4894.99 4885.01 4876.14 4874.02 4854.14 4819.7 4802.55 4804.19 4806.43 4807.38 4804.57 4795.81 4789.52 4798.67 4814.55 4844.3 4857.45 4863.29 4874.41 4883.02 4887.96
4800.39 4800.73 4800.64 4797.81 4792.77 4791.51 4795.73 4802.2 4809.95 4819.69 4828.17 4831.34 4834.14 4857.25 4869.24 4868.87 4814.64 4824.16 4829.97 4825.76 4825.67 4826.21 4827.51 4820.67 4819.54 4818.4 4815.02 4808.9 4800.67 4790.48 4782.28 4794.01 4803.34 4813.17 4823.9 4835.54 4846.68 4857.1 4866.19 4875.02 4883.24 4888.88 4892.36 4893.76 4894.89 4893.3 4887.03 4883.1 4875.73 4863.15 4838.2 4796.6 4796.47 4797.83 4800.83 4803.06 4803.73 4804.4 4811.47 4815.83 4835.55 4843.9 4851.3 4860.72 4875.71 4889.6 4881.73
4790.74 4789.4 4788.88 4795.79 4786.19 4785.65 4790.03 4794.1 4799.96 4808.56 4817.16 4818.75 4824.33 4844.36 4861.66 4826.17 4833.73 4821.95 4829.26 4834.68 4857.77 4857.97 4840.56 4831.55 4826.44 4820.9 4815.08 4807.85 4800.29 4795.72 4799.15 4797.31 4801.78 4810.71 4820.81 4832.66 4843.26 4854.34 4864.76 4874.06 4885.57 4895.44 4899.83 4896.89 4894.98 4892.4 4885.42 4876.1 4872.08 4859.79 4835.78 4800.58 4794.26 4796.78 4802.21 4806.05 4809.48 4812.17 4818.58 4825.6 4839.09 4844.68 4847.91 4854.57 4869.11 4881.7 4877.56
4781.59 4780.19 4774.15 4762.84 4779.75 4787.95 4785.73 4786.64 4788.38 4794.18 4801.19 4801.23 4810.78 4840.19 4852.06 4835.75 4836.63 4842.88 4838.97 4843.36 4846.32 4844.92 4852.12 4843.03 4832.85 4824.35 4816.31 4809.47 4802.65 4796.99 4794.7 4793.48 4798.4 4807.83 4819.17 4830.22 4842.03 4851.32 4860.99 4871.68 4883.1 4894.72 4899.74 4895.57 4893.09 4892.78 4892.05 4893.99 4875.28 4858.25 4839.46 4804 4797 4803.21 4808.62 4812.47 4815.17 4816.78 4818.36 4827.45 4836.95 4838.8 4849.27 4854.96 4855.8 4856.08 4861.09
4777.34 4776.01 4774.06 4780.6 4775.88 4780.32 4779.41 4776.46 4771.25 4766.14 4769.89 4769.94 4778.14 4803.77 4826.92 4827.32 4850.62 4849.23 4827.08 4826.45 4826.11 4848.06 4855.02 4847.46 4834.8 4823.71 4818.41 4812.73 4806.45 4799.01 4786.24 4791.2 4801.76 4811.14 4821.88 4831.55 4839.59 4847.13 4855.86 4865.54 4876.06 4891.02 4893.14 4889.64 4888.95 4890.07 4890.14 4883.8 4866.23 4848.94 4825.64 4812.36 4816.41 4816.36 4820.24 4823.51 4826.23 4828.24 4827.86 4832.05 4831.42 4830.48 4845.13 4850.24 4846.43 4845.14 4842.68
4773.98 4774.58 4774.13 4772.95 4775.96 4774.64 4773.94 4767.72 4758.7 4741.1 4730.97 4741.85 4739.52 4736.18 4760.62 4792.27 4785.42 4795.9 4829.43 4830.16 4849.03 4848.6 4850.11 4838.45 4833.03 4825.49 4819.9 4815.42 4812.08 4809.48 4810.81 4814.98 4811.62 4819.34 4825.23 4830.54 4836.5 4842.52 4849.05 4855.73 4861.86 4863.24 4874.86 4879.36 4882.25 4884.87 4881.55 4853.94 4849.52 4837.41 4827.92 4820.72 4828.43 4830.01 4830.79 4834.37 4837.72 4842.33 4848.35 4845.25 4834.05 4832.53 4833.28 4838.02 4838.69 4835.81 4838.07
4771.26 4773.92 4776.38 4775.63 4773.66 4779.64 4767.42 4760.22 4756.89 4753.96 4745.86 4738.61 4726.16 4708.38 4723 4746.17 4749.33 4749.46 4787.24 4817.79 4823.89 4826.68 4829.81 4826.81 4823.54 4821.07 4819.01 4817.52 4815.79 4819.58 4827.58 4834.06 4839.6 4831.12 4830.31 4832.61 4836.02 4840.27 4844.82 4848.1 4849.53 4849.54 4862.13 4871.02 4876.31 4878.64 4876.33 4858.64 4841.18 4830.61 4820.39 4829.83 4840.13 4841.17 4842.16 4843.97 4847.1 4852.19 4860.64 4857.56 4845.47 4834.16 4835.62 4835.54 4832.02 4825.44 4820.02
4768.69 4772.35 4774.07 4769.81 4760 4745.56 4745.87 4751.8 4759.95 4768.71 4762.97 4749.6 4739.91 4733.9 4734.17 4732.67 4719.45 4730.38 4754.84 4795.1 4814.73 4811.87 4804.4 4810.7 4814.74 4812.04 4812.64 4813.91 4817.24 4822.67 4829.83 4832.95 4823.62 4831.93 4832.73 4833.2 4834.11 4834.55 4836.3 4837.66 4840.67 4851.47 4857.55 4869.36 4877.19 4877.79 4868.49 4856.79 4846.1 4832.44 4828.44 4846.52 4844.89 4848.43 4850.05 4850.94 4852.55 4854.81 4857.09 4855.66 4851.05 4845.96 4840.73 4834.19 4827.31 4819.07 4808.23
4765.43 4770.39 4771.53 4762.25 4746.02 4727.55 4726.53 4742.13 4758.14 4772.86 4769.8 4762.26 4759.78 4769.55 4779.38 4762.5 4719.57 4713.11 4715.1 4755.83 4783.19 4812.27 4801.13 4796.64 4798.9 4797.44 4801.88 4806.32 4812.19 4819.11 4825.36 4830.56 4841.67 4836.08 4833.72 4832.1 4831.17 4829.77 4825.25 4825.27 4825.23 4829.83 4853.25 4871.96 4884.41 4886.82 4875.16 4871.33 4859.17 4836.97 4828.44 4847.42 4850.83 4852.98 4853.56 4851.51 4850.38 4850.13 4848.73 4847.45 4850.83 4844.23 4838.18 4830.27 4822.83 4815.79 4807.51
4761.99 4767.11 4770.55 4758.91 4739.97 4720.54 4720.72 4737.32 4754.06 4767.15 4770.14 4768.06 4768.18 4770.69 4776.93 4770.49 4760.68 4731.99 4719.99 4735.18 4747.98 4774.35 4785.72 4776.55 4773.79 4777.6 4783.29 4793.31 4803.24 4812.99 4822.26 4833.64 4841.59 4836.38 4829.69 4825.87 4823.44 4817.67 4817.17 4816.81 4818.61 4828.8 4853.33 4877.69 4898.03 4910.39 4905.18 4888.49 4865.39 4840.77 4831.75 4841.33 4859.09 4862.39 4854.53 4848.93 4845.63 4843.47 4841.6 4839.82 4840.46 4833.41 4825.11 4822.05 4816.63 4811.12 4803.62
4757.91 4763.6 4758.95 4753.18 4739.81 4731.17 4731.35 4734.49 4749.85 4763.3 4768.46 4769.02 4768.27 4767.98 4784.9 4786.24 4781.03 4756.65 4742.06 4736.94 4725.84 4726.66 4740.78 4743.06 4750.97 4759.37 4768.37 4779.3 4792.42 4804.73 4818.22 4831.81 4834.35 4829.63 4821.56 4816.73 4814.47 4810.39 4809.64 4810.18 4814.75 4829.81 4857.82 4887.52 4915.25 4937.86 4956.73 4910.69 4858.11 4834.98 4836.23 4851.51 4856.47 4854.74 4844.85 4840.09 4837 4835.84 4834.81 4834.53 4832 4825.68 4818.58 4813.46 4807.61 4800.04 4787.95
4754.11 4766.23 4772.4 4757.34 4739.27 4720.98 4710.64 4727 4746.71 4764.21 4764.77 4766.58 4768.84 4771.34 4782.83 4783.22 4776.31 4781.07 4774.41 4764.55 4750.73 4730.86 4700.53 4716.84 4731.83 4745.53 4757.47 4769.62 4780.71 4793.52 4807.88 4822.54 4821.65 4819.15 4817.8 4810.45 4807.48 4802.86 4801.98 4803 4807.26 4828.43 4861.31 4895.67 4928.08 4951.63 4948.72 4882.67 4815.18 4828.49 4838.39 4845.65 4838.22 4824.62 4831.35 4831.36 4830.21 4829.23 4827.95 4827.8 4825.1 4826.72 4812.96 4803.8 4795.62 4788.06 4783.56
4747.31 4763.19 4771.36 4758.26 4740.77 4722.83 4708.08 4726.06 4740.55 4752.58 4757.52 4761.57 4765.74 4771.97 4782.18 4779.9 4779.63 4777.96 4786.56 4793.61 4776.14 4765.11 4694.18 4706.41 4720.92 4733.1 4742.36 4753.01 4763.84 4776 4789.25 4797.23 4801.17 4802.92 4802.83 4801.07 4800.36 4797.73 4797.93 4800.77 4801.02 4827.61 4864.31 4901 4936.19 4963.05 4960.03 4893.27 4832.06 4844.55 4857.38 4858.54 4843.94 4833.21 4822.5 4821.23 4822.27 4823.22 4821.08 4810.7 4814.98 4809.29 4806.17 4796.83 4785.68 4772.7 4757.6
4735.19 4753.18 4764.13 4753.41 4742.97 4735.94 4741.35 4735.22 4734.25 4738.88 4750.6 4758.26 4762.27 4766.16 4765.53 4764.54 4763.49 4769.93 4781.59 4793.62 4785.15 4764.8 4723.34 4712.41 4716 4721.8 4728.85 4735.99 4745.84 4756.89 4769.1 4783.22 4787.58 4791.93 4790.62 4791.88 4791.2 4792.98 4795.72 4801.53 4823.23 4838.33 4866.23 4901.1 4937.05 4967.37 4975.76 4916.67 4870.85 4852.8 4857.01 4860.42 4840.09 4816.03 4810.79 4814.33 4818.12 4820.29 4821.41 4822.64 4818.95 4814.05 4802.79 4795.13 4780.51 4761.5 4741.54
4719.34 4731.96 4740.91 4742.83 4741.36 4741.43 4741.74 4741.07 4739.56 4742.7 4750.46 4758.85 4763.86 4763.63 4762.35 4769.86 4768.76 4759.91 4767.37 4775.56 4774.53 4757.77 4742.89 4724.88 4718.24 4721.01 4728.94 4736.1 4740.76 4744.47 4749.23 4755.53 4765.86 4775.08 4784.75 4781.8 4788 4789.68 4793.12 4797.01 4791.61 4831.91 4863.19 4894.82 4926.42 4952.41 4953.15 4916.32 4869.92 4844.57 4847.9 4853.61 4836.28 4803.1 4805.85 4815.89 4821.34 4823.71 4824.7 4824.78 4825.86 4827.41 4820.02 4801.86 4785.58 4766.22 4748.47
4703.73 4712.46 4721.78 4730.86 4736.59 4740.74 4745.86 4743.32 4739.06 4743.34 4751.71 4759.34 4765.65 4769.15 4767.91 4774.96 4780.7 4775.24 4764.45 4771.5 4776.88 4756.21 4739.8 4730.58 4725.43 4729.53 4733.79 4736.79 4739.25 4736.53 4733.38 4737.96 4753.04 4765.3 4768.97 4772.19 4779.91 4785.17 4791.22 4800.98 4815.95 4833.74 4857.19 4883.83 4908.5 4931.24 4935.22 4914.04 4886.49 4869.83 4872.4 4873.2 4854.67 4828.49 4823.47 4825.32 4827.48 4828.92 4830.48 4830.39 4830 4837.4 4818.89 4808.46 4795.09 4780.68 4762.41
4691.78 4698.95 4710.93 4723.57 4732.36 4736.95 4739.16 4738.97 4739.34 4746.69 4757.44 4765.77 4775.09 4784.95 4794.01 4794.7 4790.11 4779.29 4777.02 4784.89 4793.16 4774.19 4735.71 4729.67 4734.68 4742.8 4751.2 4752.08 4747.13 4736.13 4724.6 4733.26 4764.84 4761.97 4762.27 4766.37 4772 4778.88 4786.99 4799.28 4813 4830.48 4849.41 4869.95 4888.43 4905.27 4915.89 4916.11 4913.18 4934.65 4922.66 4901.25 4880.65 4866.75 4854.62 4844.59 4840.64 4838.62 4836.28 4831.88 4827.71 4824.29 4819.08 4818.9 4808.63 4797.73 4786.55
