real_craters/C141-1000m.grd
DSAA
53 53
-25.77 25.77
-25.77 25.77
9073.5739806025 10710.441039755
[rows 0 to 37 of 53, columns 0 to 52 of 53]
10225.5 10229.6 10233.6 10241 10250.2 10263.2 10280.3 10241.5 10209.7 10207.7 10206.7 10212.4 10250.2 10281.3 10315.7 10327.6 10324.7 10317.7 10329.9 10350.1 10328 10320.7 10317.6 10326.2 10314.5 10286.7 10252.9 10241.9 10242.3 10249.9 10254.2 10259.6 10264.5 10267.3 10281.9 10288 10292.9 10297.1 10301.1 10329.6 10386.8 10403.2 10385.2 10338.1 10264.1 10230.3 10224.4 10228.8 10248.1 10255.9 10255.2 10262.2 10274
10193.6 10196.6 10208.8 10221.8 10234.5 10243.2 10243.4 10217.8 10196.3 10192.7 10197.6 10210.5 10236.8 10265.7 10285.9 10309.8 10314.8 10326.7 10327.5 10337.2 10335 10335.7 10333.3 10345.4 10324.2 10297 10277.2 10267.8 10256.5 10259.2 10269.7 10278.6 10285 10295.2 10296.9 10300.4 10305.1 10313.6 10334.9 10363.3 10357.7 10398.4 10388 10334.5 10263.6 10241.3 10246.3 10257.5 10242.2 10250 10253.2 10254.5 10274.1
10206 10180.1 10192.5 10201 10206.7 10207.5 10197 10179.7 10181.4 10191 10192.1 10207 10230.8 10259.3 10289.9 10309 10336 10344 10335.6 10349.5 10358.6 10351.5 10347.3 10337.6 10322.1 10327.9 10321.2 10322.3 10281.2 10281.8 10289.1 10296.3 10303.5 10303 10312.1 10316 10318.1 10324.6 10344.4 10357.3 10340.4 10370.1 10383.1 10343.7 10300.7 10275.6 10270 10270.4 10238.4 10255 10253.7 10231.6 10232.2
10243.9 10192.2 10186.6 10188.4 10190 10187.5 10175.1 10165.3 10164.8 10169 10178.9 10200.4 10230.2 10258.3 10284.4 10303.6 10321 10318.6 10331.8 10344.2 10361.3 10356.8 10358.1 10351.2 10352.5 10360.1 10369.9 10367.1 10343.2 10320.9 10316.9 10319.1 10325.9 10344.4 10339.1 10330.9 10326.6 10323.6 10309.9 10344.5 10342 10368.9 10398.2 10377.7 10333 10305.3 10290.8 10280.5 10256.9 10287.4 10274.8 10245.5 10235.7
10230.1 10202.1 10186.2 10182.7 10181.3 10177.5 10171.8 10169.6 10167.3 10176 10176.9 10202.9 10233 10261.2 10280.9 10292.6 10302.2 10304.9 10305.6 10339.8 10359.8 10363 10356.8 10365.9 10355 10350.3 10338.4 10364.8 10368.7 10354.6 10346.9 10342 10338.3 10333.5 10343.6 10336.8 10330.9 10329.2 10334.6 10359.1 10347.9 10395.7 10465.5 10422 10352 10331 10315.7 10298.9 10292.5 10316.7 10300.9 10275.4 10276.9
10210.8 10190.1 10187.8 10185.7 10184.1 10179.2 10175.1 10179.2 10200.9 10194.4 10187.1 10207.1 10237.8 10270.4 10284.6 10282.7 10280.6 10295.5 10312.5 10361 10395.3 10395.2 10401.3 10394.3 10375.1 10371 10361.9 10370.1 10370.9 10379.3 10376.6 10371 10358.6 10342.4 10346.2 10344.5 10340.3 10337.8 10347 10379.9 10389.2 10423.6 10476.3 10439 10386.1 10357.8 10340.8 10326.4 10325.9 10323.6 10316.9 10315.2 10305.2
10222.3 10204.4 10199.6 10194.4 10189.5 10182 10177.9 10182 10201 10196.6 10196.1 10206.7 10232.3 10272.1 10287.1 10278 10277.6 10301.4 10352.4 10406.4 10437.9 10448.4 10467.4 10426.8 10394.3 10404.3 10415.9 10394 10411.5 10412.6 10407.8 10401.8 10395.6 10387.6 10367.5 10357.3 10352 10347.3 10340.6 10381.3 10384.4 10413.3 10440.1 10420.9 10390.6 10372.8 10366.8 10361.5 10382.5 10388.4 10366.7 10334.9 10323.7
10281.7 10250.2 10226.2 10208.3 10197.7 10190.4 10183.8 10179.2 10195.6 10191.1 10188.4 10200.5 10210.8 10219.9 10251.7 10273.5 10294.4 10315.8 10363.5 10413.8 10489.2 10507.4 10529 10503.6 10467.9 10436 10446 10448 10454.5 10444.2 10433.6 10425.5 10416.3 10405.3 10383.7 10370.1 10362.2 10360.1 10364.3 10350.6 10367.2 10382.5 10398.4 10378.6 10380.4 10370.6 10387.1 10432.5 10449.5 10414.5 10392.1 10366.3 10343.1
10323.5 10270.4 10236.7 10217.2 10206.6 10198.1 10192.4 10191.6 10184.1 10194 10199 10196.6 10197 10201.3 10238.8 10286.2 10333.7 10367.5 10388.5 10426.1 10470 10520.1 10497.9 10477.5 10447.2 10517.3 10507.4 10530.4 10501.8 10480.9 10464.7 10451.8 10433 10408.1 10388.4 10378.8 10370.4 10365.4 10361.7 10332.7 10347 10371 10353.5 10339.2 10344.3 10354.8 10374.7 10406.1 10413.2 10415.7 10403 10356.2 10348.5
10295.5 10256.3 10232 10223.8 10215 10205.9 10200.3 10199.2 10200.9 10199 10200.8 10197.9 10197.5 10211.8 10243.2 10289.4 10315.6 10350.4 10383.5 10409.7 10419.6 10433.4 10468.6 10467.4 10436.6 10427.1 10481 10482.9 10514.6 10512.2 10490.7 10471.6 10471.6 10443 10411 10390.7 10378.8 10370.5 10350.3 10335.4 10345.3 10351.1 10331 10312.3 10313.9 10323.4 10336.5 10354.9 10393.4 10418.9 10409.2 10371.9 10384.2
10259.7 10256.8 10248.2 10235.6 10224.2 10216.4 10206.3 10195.4 10198.3 10200.5 10200.8 10199.7 10200.8 10222.4 10256.5 10286.7 10314.8 10348.5 10372.7 10381.7 10399.1 10404.8 10458.4 10473.8 10479.1 10498.4 10575.5 10619.8 10560.4 10507.2 10487.3 10468.8 10441.4 10436.4 10411.9 10389.8 10388.3 10386.7 10369.8 10349.7 10348.4 10331.5 10304.7 10296.8 10291.5 10291.6 10291.4 10299.5 10334.2 10366 10384.6 10381.2 10375.5
10242.2 10246.3 10248.2 10242.6 10234.7 10226.1 10217.7 10214.2 10208.6 10198.8 10201 10198 10206.3 10235.2 10286.6 10319.5 10370.3 10392.5 10395.6 10371.6 10430.4 10510 10488.6 10520.3 10645.7 10622.8 10631.3 10710.4 10539.7 10459.1 10425.9 10451 10459.2 10444.7 10398.3 10387.3 10406.5 10410.1 10392.5 10316.9 10320 10304.8 10298.6 10281.5 10278.2 10271.4 10261.8 10263.5 10297.5 10346.5 10387.9 10376.2 10387.4
10220.2 10229.4 10248 10241.7 10237.4 10233.8 10229 10221.3 10216.5 10202.8 10197.9 10197.9 10207.2 10241.7 10307 10388.9 10395.1 10453.1 10489.4 10507.6 10543.5 10552.8 10400.3 10304.6 10248.6 10211.9 10201.4 10288.8 10314.5 10311.4 10302.1 10363.4 10515.4 10451.3 10426.6 10436.1 10442.3 10423.6 10395.9 10351.5 10307.5 10291.5 10303.1 10303.7 10287.3 10272.5 10258.1 10259.4 10277.3 10313.5 10355.4 10367.4 10363.1
10200.7 10209.1 10220.5 10235 10240.1 10239 10237.8 10234.2 10254.9 10231.2 10197.2 10191.5 10207.9 10240.7 10294.3 10389.9 10467.9 10537.6 10582.6 10663.7 10543.1 10273.8 10116.6 9958.55 9975.17 10064.4 10096.6 10028.3 10056 10087.9 10102.5 10145.1 10230.7 10316 10428 10526.4 10463.3 10425.4 10388.1 10345.8 10314.2 10309.8 10316.5 10318.5 10297.5 10281.5 10267.5 10258.1 10261.3 10268.1 10289.6 10316.8 10332
10194.6 10210.3 10219.3 10231 10235.3 10240.9 10246.2 10252.9 10265.6 10216.4 10193.8 10179.1 10182.4 10241.4 10287.2 10451.8 10651.7 10598.1 10551.5 10502.9 10276.6 9969.67 9925.07 9855.41 9903.88 9932.49 9885.58 9809.83 9842.87 9871.62 9891.8 9903.32 9930.15 10099.4 10234.3 10303.1 10374 10454.7 10427.1 10363 10311.2 10315.9 10316.8 10303.5 10297.6 10288.6 10283.6 10274.5 10261.9 10259.2 10263.2 10301.6 10334.1
10185.2 10191.8 10209.4 10220.7 10232.1 10242.8 10252.2 10255.2 10242.5 10219.2 10198.6 10167.8 10190.4 10315.2 10449.7 10579.3 10632.3 10517 10382.4 10219.7 10047.7 9852.07 9739.43 9705.43 9764.55 9745.21 9703.96 9694.66 9710.06 9733.66 9750.85 9794.25 9840.75 9923.49 9999.76 10054.4 10187 10296.2 10353.2 10347.8 10288.7 10289.9 10288.2 10284 10287.3 10289.2 10292.9 10283.6 10266.6 10260.2 10295.4 10330 10342.5
10199.6 10202.7 10204.9 10213.1 10230.6 10244.4 10247.7 10241.6 10233.9 10241.3 10230.7 10194.5 10228 10429.6 10685.1 10653.8 10499 10317.2 10153.1 9996.83 9886.34 9683.63 9628.54 9591.17 9535.62 9564.37 9442.31 9506.75 9560.81 9585.82 9596.91 9658.04 9728.14 9773.92 9841.85 9905.55 10012 10105.2 10231.6 10356.4 10452.7 10300.1 10246.2 10256.3 10274.2 10280.7 10282.7 10275.1 10262.1 10255.4 10264.4 10292 10328.7
10204.6 10215.9 10212.9 10215.2 10235.2 10251.3 10262.6 10247.7 10256.2 10266.4 10250.5 10237.1 10290 10481.8 10599.7 10353 10173.8 10055 9894.93 9717.31 9537.56 9546.98 9583.91 9539.14 9437.93 9383.29 9410.33 9400.37 9447.81 9446.92 9445.61 9411.39 9499.22 9626.61 9726.4 9814.29 9906.09 9987.51 10134.9 10291 10373.7 10370.5 10247 10271 10278.8 10271 10268.7 10264.6 10254.2 10236.5 10237.6 10278.3 10316.1
10217.8 10217.6 10230.3 10235.7 10239.2 10254.7 10275.5 10250.9 10232.8 10276.8 10249.5 10286.6 10358.4 10485.3 10503 10201.8 9991.64 9857.16 9713.03 9558.53 9429.05 9362.05 9331.56 9369.95 9349 9220.85 9196.67 9248.42 9291.25 9308.74 9324.41 9359.97 9421.91 9532.34 9653.86 9770.8 9852.03 9927.41 10059.2 10200.9 10304.6 10355.6 10274.9 10257 10248 10252.5 10259.7 10258.9 10255.5 10250 10253.1 10306.1 10332.6
10248.2 10242.5 10234 10231.5 10235.3 10247.9 10261.8 10247.1 10234.5 10332.7 10256.7 10282.6 10344.5 10421.6 10407.8 10076.2 9894.23 9753.64 9605.93 9447.99 9298.45 9241.83 9211.71 9175.55 9137.59 9091 9085.72 9115.28 9137.12 9188.57 9211.95 9201.54 9329.1 9455.51 9585.6 9709.94 9804.45 9889.24 10024 10164.9 10295.9 10379.8 10377.1 10269.1 10232.6 10244.9 10255.4 10260.3 10261.2 10261.8 10275.5 10313.5 10345.8
10267.8 10274.4 10248.2 10212.5 10228 10240.9 10244.7 10250.5 10273 10435 10348.7 10308.1 10290.8 10279.8 10207.1 9997.37 9854.6 9700.86 9544.46 9388.84 9239.37 9168.59 9111.18 9086.41 9077.52 9073.57 9075.28 9090.2 9101.29 9119.54 9132.04 9136.83 9251.49 9378.56 9516.76 9668.95 9789.84 9844.88 10028.5 10174.7 10231 10340.5 10352.2 10272.9 10248 10255.8 10266.3 10267.3 10272.5 10283.1 10311.6 10326.6 10359.3
10267.8 10276.8 10243.5 10228.9 10238.8 10257.2 10249.7 10267.1 10333.8 10385.5 10333.7 10306.3 10240.8 10162 10110.4 10070.3 9851.36 9672.65 9507.91 9356.61 9247.82 9154.38 9087.23 9076.24 9111.88 9150.1 9151.09 9132.32 9103.57 9093.66 9104.76 9150.34 9212.05 9324.89 9441.49 9555.39 9675.56 9899.51 10067.6 10265.6 10307.5 10325.6 10304 10279.4 10278.4 10265.7 10267 10273.3 10282.1 10298.1 10316.5 10324.6 10360.1
10260.1 10252.8 10263.1 10247.1 10273.2 10285.8 10281.8 10287.3 10326.6 10374.1 10339.1 10305.1 10191.7 10058.5 9987.56 9946.3 9789.53 9630.37 9473.83 9323.95 9212.88 9175.78 9145.33 9192.09 9249.17 9290.95 9289.76 9217.48 9140.86 9111.52 9086.24 9079.1 9167.39 9271.43 9375.18 9471.05 9615.35 9841.41 10056.9 10233.1 10310.9 10326.9 10307.8 10276 10273.3 10266.6 10267.9 10281.1 10288.2 10301.8 10317.2 10330.2 10361.7
10269.4 10282.3 10278.9 10328.2 10320.9 10294.4 10275.3 10334.1 10376.4 10392.9 10340.5 10312.6 10175.4 9968.5 9803.94 9722.29 9659.16 9548.99 9428.92 9319.29 9248.66 9228.03 9268.28 9308.3 9434.4 9536.34 9442.74 9342.88 9275.99 9191.88 9103.7 9087.2 9152.95 9241.07 9336.93 9436.48 9519.91 9746.42 10041.3 10255.6 10316.8 10391.8 10307.3 10262 10278.6 10288.5 10296.9 10301.5 10303.7 10307.3 10337.7 10332.9 10338.9
10283.1 10299.6 10293.9 10297.1 10289.1 10273.3 10282.7 10386.5 10419 10378 10346.2 10383 10231 10020.4 9773.39 9642.51 9580.23 9499.98 9407.84 9322.52 9272.39 9234.14 9255.36 9398.12 9516.4 9665.3 9645.74 9519.51 9399.55 9270.65 9170.95 9122.57 9148.41 9221.83 9313.38 9408.2 9507.82 9756.02 10091.5 10356.5 10391.3 10374.7 10321.9 10286.3 10292.5 10312.6 10321.5 10324.4 10335.4 10347.8 10351 10342.9 10364.2
10273.6 10292.8 10304.1 10295.3 10278.5 10261.2 10299.9 10427.2 10423.6 10349.8 10373.9 10478.8 10309.8 10027.5 9794.7 9644.89 9567.71 9486.94 9401.01 9325.78 9292.04 9259.27 9261.42 9393.71 9476.66 9452.51 9587.48 9755.32 9574.33 9427.22 9196.97 9121.64 9151.16 9222.69 9316.6 9415.89 9530.13 9809.2 10166.5 10476.1 10430.4 10408.9 10364.6 10337.9 10320.8 10325.5 10331.4 10334.7 10348.3 10364 10370.2 10378.9 10363.7
10249.8 10277.5 10298.5 10299.4 10289 10263.6 10313.2 10366.8 10390.7 10360.2 10364.3 10540 10324.2 10163 9882.43 9718.06 9603.62 9505.96 9414.63 9324.75 9295.77 9244.63 9263.4 9389.15 9479.56 9316.93 9301.84 9472.76 9489.79 9378.06 9159.61 9101.59 9131.23 9198.5 9293.59 9417.66 9589.62 9873.77 10189.5 10354.8 10393 10457.5 10414.5 10377.6 10339.9 10327 10328.7 10328.3 10332.7 10352 10376 10380 10355.3
10226.2 10250.1 10275.5 10289.3 10262.5 10262.6 10309.1 10357.8 10370.6 10389.7 10376.9 10403.5 10219.1 9987.07 9928.56 9798.24 9655.21 9532.46 9435.75 9363.44 9329.81 9310.2 9272.73 9334.78 9472.65 9331.6 9184.65 9260.71 9314.78 9271.6 9130.21 9096.89 9135.06 9204.75 9294.08 9400.28 9578.97 9879.41 10218 10337.6 10394.6 10489.3 10433.4 10371.4 10345.2 10320.1 10324.3 10323.6 10315.2 10338.5 10370 10373.4 10360.2
10200.5 10221.9 10249.7 10277.3 10266.1 10247.8 10287 10315 10366.1 10392.6 10387 10390.7 10163.5 9963.21 9996.47 9832.09 9684.24 9552.34 9433.72 9352.07 9315.33 9288.9 9260.19 9289.24 9349.7 9257.54 9237.57 9196.86 9212.78 9180.03 9118.78 9131.66 9174.41 9225.75 9285.12 9365.96 9541.46 9901.99 10236.6 10416.5 10466.8 10464.4 10452.2 10452.1 10367.2 10324.5 10330.4 10333.2 10342.6 10346.2 10361.6 10340.9 10338.1
10186.3 10202.4 10239.4 10247.8 10284.2 10255.7 10287.8 10333 10370.2 10387.1 10360.7 10384.9 10209.1 10019.8 9931.18 9831.37 9700.57 9555.01 9407.92 9292.09 9269.27 9206.17 9234.35 9247.28 9279.25 9272.29 9220.28 9160.65 9194.86 9289.03 9201.58 9191.18 9220.83 9255.18 9294.68 9359.62 9499.25 9738.41 10237.6 10526.5 10543.4 10539.1 10502.4 10470.5 10384.6 10361.6 10349.7 10343.6 10348.7 10336.6 10351.5 10382.4 10343.2
10147.9 10177.1 10184.5 10196.4 10227.4 10226.8 10282.8 10333.2 10375.7 10397 10353.3 10361.1 10272.5 10084.1 9923.52 9837.7 9722.97 9582.45 9433.84 9314.92 9273.07 9234.67 9222.4 9220.49 9213.05 9208.01 9185.05 9166.83 9210.1 9275.82 9255.64 9258.07 9273.53 9301.03 9324.9 9359.45 9490.72 9774.71 10283.6 10567.6 10550.8 10508.6 10462.7 10378.9 10398.9 10395.5 10369.5 10356 10324.5 10345.1 10363.6 10413.4 10402.2
10178.8 10184.1 10181.7 10182.1 10173.4 10221 10279.8 10335.9 10386.7 10420.8 10384.7 10331 10369.4 10216.6 10020.3 9914.63 9795.95 9654.52 9496.9 9367.96 9280.75 9221.81 9224.57 9220.43 9213.29 9208.56 9187.21 9184.8 9222.95 9288.85 9315.03 9325.63 9355.07 9384.91 9411.47 9447.3 9583.51 9872.56 10378.8 10646.2 10535.6 10459.4 10415.9 10343.7 10372.2 10376.8 10381.5 10381.4 10385.4 10388.9 10367.6 10373.8 10372.1
10182.8 10187.3 10188.4 10186.7 10168.2 10217.2 10284.8 10343.1 10395.1 10426.8 10416.6 10329.3 10399.5 10363.9 10196.7 10045 9899.83 9762.54 9638.18 9491.79 9334.64 9241.14 9227.29 9239 9215.41 9210.52 9200 9217.1 9290.97 9301.9 9351.56 9384.32 9435.77 9484.61 9538.84 9636.29 9755.97 9976.9 10431.8 10604.6 10505.5 10431.4 10384.8 10323.9 10322.8 10387.1 10392.2 10369.9 10361.8 10342.6 10310 10285 10299.8
10168.3 10170.2 10155.3 10150 10172 10235.9 10287.5 10341.4 10391.3 10439.1 10425.4 10370.7 10310.1 10475.2 10341 10159 9996.97 9851.01 9735.34 9585.68 9432.37 9318.06 9261.16 9251.16 9255 9241.26 9246.04 9270.02 9330.98 9338.94 9384.31 9443.92 9519.94 9600.95 9678.11 9781.61 9944.59 10166.7 10541.1 10530.9 10458.8 10382.8 10325.8 10294.1 10285.2 10350.7 10367.6 10329.5 10315.7 10334.6 10285 10257.2 10269.4
10139.2 10136.3 10118.2 10130.4 10183.8 10262.6 10299.6 10334.8 10361.4 10404.7 10439.2 10437.6 10366.5 10398.9 10353.8 10217.7 10070.8 9902.69 9704.47 9626.89 9510.83 9382.95 9276.26 9246.74 9247.35 9286.98 9329.69 9366.32 9416.73 9421.54 9403.29 9520.77 9646.61 9768.48 9872.21 9963.07 10142.8 10369.1 10492.2 10455.1 10410.6 10339 10284.9 10274.8 10279.2 10303.5 10319.4 10310.5 10304.6 10300.5 10295.8 10261.2 10257.1
10108.4 10105.1 10108.8 10138.7 10196.4 10266.3 10349.5 10328.1 10318.4 10310.4 10425.1 10478.6 10373.1 10313.1 10303.8 10239.6 10138 10000.7 9837.62 9748.07 9639.81 9491.99 9386.25 9334.68 9303.9 9392.65 9428.6 9436.97 9459.58 9492.16 9477.97 9657.09 9830.24 9975.34 10122.2 10244.1 10315.8 10449.8 10447.7 10388.3 10349.6 10322.2 10298.9 10277.5 10258.6 10271.4 10276.9 10280.9 10293.2 10302.8 10295.5 10270.7 10269.6
10097.1 10105.8 10117.7 10150.6 10242 10275.4 10303.7 10303.5 10296.4 10305.7 10382.4 10442.6 10359.5 10326.3 10289.6 10248.1 10202.4 10145.2 10078.7 9956.61 9781.1 9686.95 9573.24 9496.37 9531.71 9558.97 9559.1 9567.08 9578.82 9574.38 9715.44 9923.93 10075 10176.5 10246.3 10334 10401.4 10451.8 10393 10343.9 10322.1 10314.2 10307 10301.8 10287.3 10265.3 10255.8 10256.8 10276.9 10293.3 10279.6 10269 10307.7
10095.1 10110.6 10136.1 10171.5 10214.8 10254.1 10258.9 10267.9 10279.3 10300.2 10319.6 10318.8 10304.2 10286.5 10278.5 10268.2 10269.3 10265.3 10232.9 10200.6 10114.5 9936.99 9898.64 9854.03 9728.05 9716.28 9710.2 9715.86 9791.07 9974.81 10171.2 10293.1 10342.5 10392.8 10399.3 10404.8 10414.9 10430.1 10349.3 10322.7 10310.9 10309.4 10322.1 10337.3 10302.7 10267.1 10264.6 10247.1 10256.2 10256.1 10251.1 10250.9 10270.6
