real_craters/C142-500m.grd
DSAA
182 182
-45.3075 45.3075
-45.3075 45.3075
4545.095029738 6544.7121316155
[rows 0 to 29 of 182, columns 67 to 133 of 182]
5907.94 5910.44 5911.62 5911.58 5909.37 5907.58 5897.17 5894.36 5890.59 5886.47 5881.08 5874.86 5868.56 5861.45 5856.42 5849.45 5843.59 5841.98 5850.16 5860.82 5861.96 5863.24 5862.56 5859.61 5855.44 5851.64 5847.36 5844 5841.15 5838.32 5842.19 5859.71 5852.97 5837.53 5829.98 5826.06 5824.96 5826.6 5831.93 5831.24 5845.04 5828.32 5809.23 5803.93 5807.8 5815.25 5827.88 5836.69 5827.51 5817.31 5807.15 5797.84 5789.37 5780.95 5774.52 5774.69 5768.25 5761.33 5754.8 5748.4 5742.79 5736.92 5730.79 5726.09 5723.99 5723.22 5724.45
5892.16 5892.59 5892.87 5890.52 5886.21 5880.37 5873.14 5870.76 5871.57 5872.83 5871.59 5868.67 5864.8 5861.79 5856.19 5850.18 5843.27 5840.23 5846.94 5855.59 5859.63 5854.3 5847.92 5851.8 5852.9 5850.48 5845.74 5842.34 5839.76 5839.06 5842.62 5848.91 5843.53 5831.93 5822.97 5817.03 5812.59 5810.22 5807.29 5816.72 5840.82 5829.88 5804.71 5801.82 5805.7 5812.23 5814.19 5826.45 5820.86 5814.38 5807.43 5800.52 5793.8 5786.73 5780.65 5782.89 5776.34 5767.89 5756.77 5755.77 5749.4 5742 5733.93 5727.94 5724.54 5722.91 5724.8
5881.11 5879.35 5877.71 5873.82 5868.37 5861.99 5856.16 5853.68 5855.82 5859.86 5862.27 5864.95 5865.12 5863.58 5859.37 5853.86 5846.99 5843.74 5847.5 5853.48 5859.28 5849.4 5847.44 5851.92 5850.26 5846.99 5842.88 5841.17 5838.67 5835.28 5832.49 5826.03 5818.29 5816.32 5811.45 5805.52 5798.68 5795.19 5792.11 5810.21 5844.73 5836.94 5820.44 5806.07 5801.96 5806.06 5815.63 5813 5811.24 5808.91 5805.5 5801.48 5797.16 5793.38 5788.8 5791.78 5787.69 5781.88 5777.5 5769.58 5759.84 5750.46 5740.99 5732.19 5725.77 5723.33 5726.18
5870.62 5868.83 5865.34 5861.17 5855.53 5849.79 5845.58 5843.55 5845 5850.68 5855.5 5859.4 5862.5 5865.87 5865.99 5861.7 5854.11 5848.18 5850.45 5850.68 5847.68 5840.03 5846.73 5851.03 5846.62 5842.29 5838.07 5837.15 5832.79 5827.96 5822.15 5811.06 5800.5 5804.01 5800.48 5793.72 5786.35 5778.46 5775.59 5798.41 5840.87 5840.98 5817.66 5801.34 5794.13 5789.04 5788.81 5796.11 5801.93 5804.65 5808.13 5808.34 5807.05 5802.68 5806.92 5804.06 5798.82 5795.69 5790.28 5784.86 5773.31 5759.87 5747.25 5736.48 5728.48 5726.3 5727.58
5861.9 5859.48 5856.13 5851.38 5846.36 5841.48 5839.43 5837.65 5839.58 5843.32 5849.17 5855.15 5861.24 5867.23 5872.17 5874.11 5868.3 5861.89 5859.04 5852.04 5841.88 5850.28 5849.42 5844.03 5839.85 5835.67 5834.47 5830.75 5827.33 5822.74 5816.99 5811.33 5806.79 5799.6 5791.1 5781.85 5773.13 5765.48 5764.83 5788.67 5832.73 5833.74 5811.44 5797.2 5788.67 5778.61 5777.24 5785.5 5794.86 5801.14 5805.4 5801.67 5801.15 5800.18 5805.79 5805.72 5806.32 5808.43 5814.03 5805.86 5784.93 5767.92 5753.31 5740.37 5730.18 5726.94 5729.32
5855.69 5852.68 5848.94 5844.42 5840.09 5836.78 5837.06 5837.93 5838.68 5840.46 5845.92 5853.36 5861.94 5871.18 5882.01 5892.94 5896.4 5887.57 5875.46 5860.39 5846.09 5846.2 5847.2 5837.19 5834.76 5832.59 5829.39 5825.12 5821.31 5816.7 5812.37 5810.35 5812.24 5795.76 5782.98 5772.32 5763.2 5755.63 5756.52 5774.85 5793.41 5802.58 5807.44 5802.94 5790.75 5778.54 5775.08 5779.35 5785.67 5788.15 5788.04 5787.29 5787.5 5796.68 5799.06 5802.96 5808.38 5812.01 5817.73 5810.38 5789.6 5775.01 5760.67 5746.16 5732.67 5728.31 5732.44
5850.82 5847.61 5843.86 5839.81 5835.78 5832.87 5831.14 5835.34 5834.2 5836.18 5842.54 5850.58 5860.95 5874.02 5891.04 5910.27 5929.82 5918.94 5891.59 5869.91 5855.65 5856.44 5848.63 5837.23 5832.72 5828.46 5823.93 5820.08 5815.33 5810.03 5804.65 5799.26 5794.54 5782.1 5772.91 5764.43 5755.99 5749.19 5752.83 5767.47 5778.05 5790.15 5807.9 5808.5 5795.83 5780.87 5778.74 5782.91 5789.96 5787.86 5784.33 5781.51 5784.89 5788.43 5793.94 5800.22 5809.45 5809.39 5800.13 5788.49 5789.46 5782.75 5770.95 5756.74 5743.69 5737.51 5739.02
5848.21 5844.7 5840.85 5836.35 5832.14 5828.64 5823 5822.91 5825.75 5830.3 5837.48 5845.63 5855.64 5868.97 5887 5912.2 5931.14 5921.02 5893.95 5872.17 5857.68 5847.54 5845.97 5841.52 5830.57 5823.34 5818.46 5814.15 5809 5802.74 5795.69 5786.49 5772.46 5767.2 5764.33 5758.62 5752.51 5747.52 5755.44 5770.44 5792.97 5816.07 5814.39 5814.46 5804.05 5789.29 5793.37 5794.29 5798.72 5788.7 5779.95 5776.4 5775.87 5788.89 5794.07 5804.31 5811.55 5813.94 5807.81 5804.69 5802.36 5797.77 5785.58 5770.13 5756.58 5749.26 5747.98
5846.54 5843.64 5840.9 5835.85 5831.47 5826.33 5824.94 5814.95 5818.92 5825.8 5832.73 5840.42 5848.09 5856.1 5867.67 5892.85 5931.53 5905.64 5878.96 5863.66 5853.35 5849.58 5836.25 5829.24 5822.99 5818.91 5814.6 5810.36 5805.28 5799.41 5792.05 5782.12 5770.04 5763.95 5761.2 5757 5753.16 5750.6 5757.61 5769.84 5789.9 5807.63 5808.74 5807.57 5819.01 5817.56 5827.87 5837.24 5815.08 5781.08 5768.49 5766.38 5778.85 5789.38 5799.83 5813.77 5823.18 5830.86 5831.35 5825.19 5833.2 5822.27 5805.04 5785.23 5766.46 5758.47 5755.73
5848.29 5846.45 5842.39 5838.02 5832.92 5827.4 5827.07 5819.83 5821.21 5824.98 5831.03 5836.71 5840.97 5840.82 5835.42 5823.07 5829.75 5844.23 5847.88 5846.21 5839.7 5828.65 5822.25 5816.03 5814.15 5813.85 5810.95 5807.38 5803.31 5798.28 5790.9 5783.72 5777.63 5771.6 5762.96 5757.27 5755.24 5766.38 5761.06 5762.63 5768.21 5771.53 5798.21 5810.82 5827.78 5855.63 5817.99 5847.93 5783.45 5746.49 5742.27 5749.64 5765.03 5780.87 5798.25 5816.65 5834.63 5854.24 5872.07 5883.67 5880.93 5852.91 5826.49 5801.94 5783.51 5770.12 5763.76
5850.26 5847 5843.61 5839.46 5835.32 5830.1 5822.28 5822.65 5822.15 5825.46 5831.46 5835.6 5836.61 5832.48 5818.48 5775.35 5708.89 5791.52 5823.4 5832.83 5830.15 5820.5 5814.51 5812.09 5812.4 5812.64 5810.63 5806.89 5802.51 5797.07 5791.37 5785.39 5779.85 5772.7 5766.27 5758.59 5751.74 5749.49 5757.32 5755.57 5753.96 5757.22 5804.57 5847.2 5794.95 5709.17 5690.08 5660.38 5662.82 5682.02 5701.79 5725.67 5748.35 5772.57 5796.9 5818.87 5842.69 5870.55 5907.18 5955.4 5923.06 5873.31 5841.84 5817.98 5791.67 5781.34 5770.49
5851.87 5849.52 5846.1 5843.95 5839.98 5836.53 5829.91 5817.67 5813.99 5829.28 5837.16 5839.2 5839.29 5836.98 5833.94 5841.15 5849.77 5819.21 5823.86 5830.36 5831.02 5818.8 5811.24 5814.59 5815.61 5813.24 5810.83 5806.58 5802.38 5797.76 5792.54 5787.76 5784.25 5780.37 5772.16 5763.17 5754.11 5750.8 5754.39 5753.34 5750.08 5758.55 5812.36 5872 5754.86 5587.26 5571.35 5550.75 5570.39 5622.74 5668.4 5698.88 5734.15 5764.79 5788.07 5816.14 5841.44 5867.16 5895.02 5914.56 5897.82 5866.04 5842.32 5827.37 5817.04 5788.92 5771.77
5854.83 5853.31 5851.36 5849.51 5847.38 5847.26 5844.07 5838.56 5838.21 5847.12 5848.66 5847.16 5845.26 5843.55 5844.97 5852.6 5854.46 5837.91 5830.62 5830.88 5835.97 5821.12 5811.41 5814.76 5816.39 5814.37 5810.89 5807.08 5802.65 5798.23 5794.44 5790.98 5788.51 5786.09 5778.69 5772.37 5765.66 5767.41 5765.84 5758.13 5752.12 5757.54 5802.17 5843.82 5720.14 5558.25 5536.04 5518.16 5538.64 5598.41 5652.78 5692.21 5723.84 5757.12 5781.33 5806.77 5829.7 5851.45 5865.3 5855.68 5851.95 5843.46 5827.37 5812.12 5797.78 5780.34 5766.14
5853.95 5854.28 5853.39 5853.21 5854.23 5859.82 5863.47 5874.75 5889.57 5871.83 5861.5 5854.89 5849.52 5845.54 5843.39 5842.02 5840.12 5834.56 5829.16 5825.35 5820.97 5815.88 5813.38 5816.92 5820.39 5815.73 5811.01 5806.36 5801.81 5798.61 5796.13 5792.72 5789.46 5785.79 5783.81 5783.95 5786.92 5794.53 5780.53 5765.38 5756.16 5757 5789.15 5825.23 5736.67 5612.17 5582.6 5556.94 5566.12 5625.17 5671.37 5701.57 5726.63 5750.28 5777.71 5803.23 5820.3 5835.43 5846.1 5846.87 5843.15 5824.17 5806.01 5789.42 5776.34 5765.19 5757.08
5853.42 5854.66 5855.21 5857.96 5862.97 5867.08 5874.37 5883.01 5889.04 5879.72 5868.43 5859.6 5852.1 5845.77 5839.44 5832.81 5831.38 5829.91 5827.63 5820.96 5809.42 5810.82 5811.67 5815.26 5818.04 5814.03 5809.36 5805.21 5802.42 5799.23 5796.66 5793.89 5790.62 5785.91 5787.72 5791.62 5797.77 5796.05 5782.74 5769.24 5759.07 5755.8 5779.01 5826.54 5829.56 5722.84 5677.5 5665.16 5678.52 5700.91 5717.43 5732.76 5748.01 5763.46 5776.96 5792.24 5810.24 5820.36 5829.26 5833.09 5827.31 5803.23 5781.5 5763.61 5754.46 5750.55 5748.25
5852.05 5854.65 5857.47 5860.23 5864.05 5871.18 5877.04 5880.21 5879.08 5876.57 5870.9 5863.15 5854.98 5847 5839.04 5831.8 5829.07 5828.35 5827.24 5826.17 5823.8 5813.17 5808.12 5809.99 5811.89 5809.58 5806.69 5803.99 5801.28 5798.65 5796.92 5794.39 5792.69 5793.33 5792.68 5792.67 5790.76 5782.29 5775.96 5768.06 5760.56 5756.6 5768.03 5800 5811.53 5781.32 5757 5773.88 5840.04 5774.18 5753.94 5751.45 5757.51 5767.16 5777.69 5785.01 5794.76 5802.07 5806.55 5808.33 5799.41 5779.92 5757.4 5738.39 5734.82 5737.15 5738.46
5849.81 5852.68 5855.67 5859.53 5863.99 5871.13 5876.07 5879.16 5877.29 5876.51 5871.7 5864.5 5856.01 5847.24 5838.82 5836.06 5831.21 5829.08 5828.45 5828.65 5824.76 5815.01 5807.46 5805.55 5804.19 5804.96 5804.08 5802.53 5800.79 5799.68 5797.71 5796.57 5795.58 5794.5 5794.19 5791.83 5781.31 5771.27 5768.62 5764.23 5760.09 5757.97 5762.81 5777.19 5789.22 5787.56 5785.76 5796.76 5803.64 5784.72 5767.7 5760.91 5762.43 5765.9 5771.95 5777.69 5783.12 5786.99 5786.5 5783.78 5772.47 5755.52 5739.05 5725.74 5724.97 5728.78 5732.6
5843.04 5846.72 5850.37 5855.78 5863.04 5869.64 5874.82 5879.12 5882.26 5880.44 5873.69 5865.41 5856.74 5847.41 5837 5825.48 5829.45 5829.63 5829.17 5827.52 5822.89 5815.14 5806.12 5804.36 5805.59 5803.98 5801.47 5800.88 5800.16 5800.13 5800.01 5799.11 5798.37 5798.05 5797.44 5795.72 5786.79 5773.37 5768.69 5764.23 5761.29 5760.8 5762.88 5764.5 5768.86 5781.89 5784.31 5784.23 5777.41 5770.99 5766.51 5763.64 5763.45 5769.62 5773.67 5777.34 5777.51 5776.29 5770.93 5762.19 5743.65 5737.08 5729.34 5723.94 5723.69 5726.82 5731.66
5838.32 5842.97 5847.63 5852.88 5858.57 5865.67 5872.04 5877.8 5883.81 5883.19 5874.13 5865.66 5857.62 5849.69 5841.01 5833.59 5832.44 5832.89 5831.82 5828.42 5823.27 5816.72 5809.12 5803.43 5799.14 5796.25 5797.76 5799.09 5800.53 5801.48 5801.98 5802.46 5801.58 5799.34 5798.15 5800.16 5792.79 5779.87 5771.91 5767.06 5763.39 5760.75 5760.44 5759.25 5762.42 5773.44 5777.05 5773.29 5764.31 5762.87 5766.84 5768.45 5769.91 5770.83 5773.13 5774.77 5773.2 5770.86 5764.27 5755.22 5740.95 5733 5727.81 5727.13 5727.04 5730.37 5734.65
5835.31 5838.02 5842.69 5847.35 5852.37 5859.4 5865.56 5872.8 5878.46 5878.21 5869.98 5863.11 5857.07 5852.2 5849.29 5843.61 5837.58 5834.06 5834.4 5835.66 5828.37 5819.83 5812.13 5804.96 5795.84 5792.44 5796.53 5799.47 5801.31 5802.76 5803.76 5804.69 5805.05 5803.08 5799.35 5802.67 5793.91 5781.64 5774.44 5768.86 5764.46 5759.23 5752.25 5755.91 5766.18 5770.21 5769.77 5767.51 5759.79 5759.98 5766.74 5771.26 5772.93 5775.53 5778.31 5777.71 5776.95 5773.14 5766.39 5758.01 5747.65 5739.24 5732.34 5730.85 5733.12 5736.61 5740.55
5831.17 5834.81 5840.66 5846.1 5850.23 5854.49 5859.75 5863.88 5866.4 5865.56 5862.05 5858.09 5855.25 5852.65 5852.31 5847.56 5838.98 5833.59 5831.28 5829.42 5826.07 5821.1 5816.99 5811.62 5803.31 5798.81 5799.97 5801.43 5803.04 5804.53 5806.18 5807.91 5810.15 5813.29 5816.35 5803.09 5792.3 5782.81 5776.28 5771.12 5767.13 5762.68 5757.63 5756.68 5759.9 5765.32 5769.2 5769.92 5768.08 5770.28 5771.81 5773.5 5776.5 5779.46 5781.76 5782.95 5782.04 5778.21 5772.53 5764.37 5756.61 5747.84 5741.28 5741.23 5744.1 5748.06 5750.71
5827.7 5830.99 5836.23 5840.98 5846.17 5848.05 5851.73 5853.37 5854.6 5852.43 5853.3 5852.41 5850.75 5847.39 5842.89 5839.96 5834.02 5828.36 5825.02 5823.35 5820.07 5818.45 5819 5818.11 5812.07 5810.1 5805.33 5804.66 5804.98 5805.78 5806.99 5808.9 5812.08 5816.39 5818.19 5802.34 5793.59 5784.43 5778.43 5774.11 5770.36 5768.56 5770.93 5767.39 5762.44 5766.05 5773.48 5775.69 5777.33 5781.03 5774.06 5778.44 5783.49 5788.71 5792.3 5794.03 5794.22 5786.69 5782.82 5775.44 5766.66 5759.01 5754.24 5755.67 5759.93 5763.18 5764.34
5822.75 5827.43 5830.32 5836.79 5842.38 5844.89 5845.61 5846.79 5845.03 5838.13 5845.79 5847.74 5847.05 5843.36 5833.59 5831.28 5828.73 5821.49 5812.81 5803.67 5809.78 5812.18 5815.54 5817.94 5812.77 5810.48 5807.17 5806.46 5806.71 5806.94 5808.02 5809.74 5811.13 5811.95 5809.79 5797.35 5787.76 5784.67 5780.77 5776.1 5772.74 5769.91 5770.09 5769.19 5775.84 5783.14 5785.92 5781.3 5770.58 5758.87 5771.23 5782.54 5791.92 5800.88 5807.16 5811.22 5808.03 5807.18 5803.34 5794.29 5783.59 5774.83 5773.72 5777.43 5781.74 5784.27 5784.57
5823.27 5827.37 5829.69 5832.78 5836.75 5838.78 5839.99 5841.14 5843.2 5849.11 5846.65 5844.14 5845.11 5846.36 5846.34 5836.64 5827.71 5817.48 5805.85 5798.47 5801.55 5805.32 5807.62 5805.55 5807.17 5802.22 5806.35 5807.51 5807.86 5808.15 5807.98 5808.17 5807.99 5806.47 5802.22 5796.21 5791.45 5786.96 5783.7 5779.73 5774.86 5771.57 5768.61 5777.41 5793.1 5812.29 5801.98 5792.05 5779.55 5770.67 5779.22 5790.26 5800.8 5809.98 5818.87 5824.37 5829.3 5829.42 5827.12 5821.02 5811.69 5805.46 5802.64 5807.27 5812.15 5814.58 5814.74
5821.66 5824.72 5826.42 5826.43 5828.54 5830.16 5831.71 5834.27 5836.45 5841.5 5837.79 5838.5 5842.06 5847.48 5850.74 5841.18 5828.97 5817.15 5807.33 5801.48 5800.17 5801.54 5802.24 5801.52 5804.07 5806.02 5807.67 5807.86 5807.67 5807.19 5807.11 5805.86 5804.35 5801.2 5795.64 5790.62 5793.36 5792.86 5790.94 5786.06 5780.82 5775.46 5772.37 5779.29 5796.61 5810.53 5812.47 5806.35 5796.96 5791.81 5793.79 5803.32 5813.69 5823.29 5830.31 5837.64 5844.36 5849.54 5853.77 5852.4 5844.14 5830.76 5838.76 5845.62 5850.57 5851.69 5850.74
5823.07 5822.62 5824.84 5825.76 5824.24 5825.28 5825.79 5826.08 5825.41 5820.43 5822.92 5829.41 5835.07 5841.34 5848.55 5838.66 5829.18 5818.39 5806.73 5801.5 5800.76 5800.04 5799.21 5800.02 5803.46 5809.38 5811.03 5808.02 5805.5 5804.61 5803.39 5802.44 5800.79 5798.05 5795.79 5793.03 5797.71 5800.57 5799.66 5796.3 5788.31 5781.39 5775.31 5776.05 5797.95 5818.01 5830.53 5827.17 5816.86 5804.13 5810.06 5821.02 5830.86 5839.07 5847.03 5856.19 5865.09 5874.41 5885.07 5893.74 5893.26 5873.16 5869.63 5894.19 5896.83 5892.34 5886.05
5824.22 5824.45 5824.29 5823.93 5825.33 5823.56 5822.76 5822.05 5819.84 5818.61 5820.64 5824.16 5827.52 5826.95 5823.82 5832.25 5830.95 5825.47 5811.54 5806.14 5805.83 5801.91 5797.49 5795.01 5796.85 5806.41 5807.53 5803.99 5802.82 5803.07 5802.87 5801.74 5799.98 5798.92 5798.26 5804.33 5812.76 5813.22 5811.73 5807.37 5799.44 5792.18 5785.03 5780.9 5808.21 5847.47 5858.71 5851.67 5844.13 5835.08 5838.8 5847.42 5855.1 5863.27 5870.48 5881.36 5893.25 5907.14 5923.5 5943.75 5969.13 5993.83 5985.38 5965.38 5943.53 5926.82 5914.34
5827.72 5825.91 5825.43 5825.17 5824.85 5824.83 5821.49 5819.82 5818.58 5818.5 5819.47 5821.6 5824.5 5826.85 5828.35 5832.95 5835.81 5837.23 5844.04 5829.18 5816.19 5807 5797.81 5788.71 5786.27 5790.54 5793.52 5796.02 5797.05 5799.66 5801.09 5802.69 5803.46 5804.76 5807.65 5831.6 5831.58 5826.27 5822.72 5819.21 5813.51 5808.31 5803.54 5806.01 5825.42 5853.82 5868.9 5872.11 5872.93 5875.16 5877.33 5877.33 5881.59 5891.41 5903.47 5916.44 5926.3 5941.7 5959.89 5985.76 6030.38 6102.79 6102.48 6021.25 5977.43 5952.27 5937.74
5828 5826.82 5824.84 5822.78 5821.71 5820.28 5820.64 5818.69 5817.54 5817.57 5821.91 5819.38 5823.54 5830.63 5834.63 5836.39 5840.15 5843.22 5843.32 5836.47 5825.31 5814.35 5802.19 5789.3 5781.92 5783.84 5786.55 5789.14 5792.51 5795.48 5799.74 5803.4 5808 5812.56 5819.88 5827.23 5835.93 5834.04 5832.09 5830.89 5830.73 5829.9 5828.21 5829.17 5842.85 5863.15 5878.69 5888.06 5893.77 5900.03 5901.01 5898.71 5902.12 5910.48 5925.68 5943.88 5960.34 5972.16 5988.72 6004.75 6030.69 6062.52 6054.11 6015.33 5982.53 5963.72 5955.02
5825.01 5824.91 5822.52 5821.97 5822.11 5818.52 5818.59 5817.88 5816.24 5813.5 5808.13 5816.92 5822.56 5825.3 5830.73 5837.04 5841.65 5845.09 5846.78 5840.5 5831.2 5821 5809.3 5796.89 5786.15 5783.6 5781.58 5786.43 5791.42 5796.95 5801.59 5806.86 5813.32 5821.18 5824.41 5839.35 5838.63 5838.13 5839.13 5841.3 5845.77 5853.1 5863.01 5859.81 5864.83 5882.1 5895.52 5901.95 5904.06 5902.18 5900.09 5906.55 5914.56 5929.66 5943.61 5963.18 5984.65 6003 6011.63 6012.53 6001.4 5969.24 5981.4 5982.15 5977.23 5972.25 5977.35
