real_craters/C142-300m.grd
DSAA
303 303
-45.3075 45.3075
-45.3075 45.3075
4544.6397387296 6545.9791217812
[rows 90 to 119 of 303, columns 0 to 66 of 303]
5859.75 5861.9 5863.56 5863.72 5862.83 5861.61 5859.92 5857.73 5855.35 5852.83 5850.17 5847.51 5845.29 5843.41 5842.34 5841.77 5840.31 5839.07 5838.1 5837.15 5836.19 5835.37 5834.41 5832.79 5831.12 5830.22 5829.45 5828.09 5827.74 5827.67 5827.89 5828.24 5829.18 5830.51 5831.93 5836.33 5842.64 5848.66 5850.7 5851.54 5853.33 5855.65 5856.05 5862.42 5871.32 5883.14 5911.21 5939.43 5954.16 5965.77 5971.56 5971.46 5968.83 5964.58 5960.45 5939.67 5914.12 5904.57 5900.56 5899.27 5898.61 5897.89 5896.19 5895.52 5901.12 5908.75 5913.1
5861.73 5863.18 5863.44 5864 5863.33 5862.04 5860.45 5858.3 5855.83 5853.21 5850.36 5847.38 5845.21 5843.27 5842.45 5842.05 5840.18 5838.86 5837.45 5836.16 5834.79 5833.55 5832.37 5831.26 5830.24 5829.31 5828.47 5826.79 5826.23 5825.82 5825.24 5825.18 5824.95 5824.8 5825.39 5829.66 5837.54 5849.86 5848.57 5848.82 5851.15 5855.11 5860.65 5865.08 5872.21 5883.86 5912.83 5942.95 5953.68 5960.28 5967.76 5970.51 5967.09 5962.48 5961.1 5943.39 5921.31 5908.36 5902.48 5899.32 5897.4 5895.89 5894.28 5893.82 5898.16 5903.89 5907.26
5864 5864.14 5864.7 5864.31 5863.63 5862.51 5860.97 5858.97 5856.61 5853.89 5850.84 5847.41 5843.87 5841.87 5841.82 5840.55 5838.83 5838.12 5836.79 5835.19 5833.7 5832.34 5831.11 5830.38 5829.3 5828.3 5827.6 5827 5826.11 5825.22 5823.56 5822.67 5821.5 5820.35 5819.6 5822.38 5828.22 5832.31 5839.28 5843.09 5847.11 5852.87 5861.11 5866.1 5873.85 5886.99 5917.1 5944.22 5950.84 5956.99 5968.2 5968.02 5960.26 5951.67 5942.01 5935.19 5923.68 5911.44 5904.53 5900.18 5897.49 5895.71 5894.86 5895.65 5898.38 5901.29 5903.87
5865.52 5864.17 5863 5863.97 5863.62 5862.84 5862.34 5860.83 5858.53 5855.69 5852.74 5849.09 5845.25 5843.1 5843.22 5841.45 5839.46 5837.78 5836.22 5834.24 5832.54 5831.09 5829.91 5829.06 5827.99 5826.99 5825.87 5825.41 5824.36 5823.41 5822.22 5820.9 5819.33 5817.76 5816.44 5817.61 5821.41 5824.54 5831.11 5836.57 5841.5 5846.65 5854.56 5862.58 5873.86 5890.33 5915.8 5936.77 5943.71 5950 5958.53 5958.5 5949.79 5938.25 5927.53 5925.4 5920.84 5913 5905.76 5900.98 5897.87 5896.04 5895.59 5897.53 5899.23 5897.95 5896.78
5866.76 5865.47 5864.39 5864.76 5864.56 5863.82 5864.19 5862.68 5860.64 5857.85 5855.09 5852.16 5850.61 5850.17 5846.65 5845.42 5842.42 5836.7 5832.55 5831.34 5829.16 5827.55 5826.24 5828.04 5827.15 5826.34 5825.49 5825.38 5824.28 5822.96 5821.54 5820.04 5818.26 5817.16 5817.34 5819.48 5819.33 5821.41 5826.5 5831.59 5836.51 5840.63 5844.15 5857.12 5870.57 5887.69 5907.05 5923.48 5933.91 5941.49 5947.4 5946.93 5939.8 5927.66 5914.02 5917.64 5914.71 5909.83 5905.08 5900.92 5897.77 5895.88 5895.93 5896.37 5895.28 5893.72 5891.07
5867.49 5866.96 5866.54 5865.57 5865.3 5864.56 5865.4 5864.4 5862.78 5860.63 5857.84 5854.82 5852.64 5850.31 5845.97 5843.58 5839.5 5834.42 5830.38 5826.3 5822.73 5820.5 5818.96 5817.98 5823.5 5822.98 5822.5 5821.97 5823.95 5822.73 5821.29 5819.59 5817.89 5816.21 5815.36 5814.34 5816.94 5821 5823.63 5828.41 5833.42 5839.22 5846.19 5852.92 5863.82 5878.54 5896.03 5913.04 5926.53 5934.93 5939.31 5938.8 5934.57 5924.8 5913.33 5904.08 5907.27 5906.86 5903.9 5900.39 5897.34 5894.73 5892.94 5892.33 5892.71 5892.01 5887.56
5866.63 5866.01 5865.76 5865.6 5865.65 5866.11 5866.94 5867.05 5866.36 5864.29 5861.16 5856.86 5851.23 5844.65 5841.71 5838.57 5834.42 5830.91 5827.03 5823.41 5820.57 5818.65 5817.52 5815.98 5815.59 5815.64 5815.86 5816.15 5821.61 5820.96 5820.06 5820.27 5817.56 5815.63 5813.94 5811.33 5811.01 5814.47 5821.26 5826.68 5831.79 5836.49 5841.36 5847.39 5854.72 5865.77 5883.57 5904.01 5919.07 5928.51 5935.54 5938.47 5935.39 5924.83 5913.23 5902.65 5905.77 5906.67 5904.45 5901.07 5897.23 5893.36 5890.33 5890.98 5897.92 5893.96 5888.33
5863.4 5863.35 5863.51 5864.25 5865.65 5867.34 5869.4 5870.37 5870.62 5869.55 5866.37 5860.96 5853.12 5844.51 5840.42 5837.77 5833.88 5828.51 5822.99 5819.36 5816.74 5815.03 5814.03 5813.88 5815.22 5815.79 5816.51 5815.97 5816.62 5817.19 5817.54 5820.45 5817.06 5816.06 5816.21 5815.98 5815.81 5817.43 5821.82 5826.76 5831.61 5836.35 5839.58 5842.24 5845.54 5852.14 5867.44 5882.57 5896.76 5913.44 5931.53 5947.71 5940.57 5924.33 5912.55 5909.13 5908.24 5909.01 5907.64 5903.83 5898.48 5893.06 5888.46 5888.56 5897.08 5894.33 5890.78
5858.02 5856.22 5858.39 5861.69 5865.15 5868.49 5872.04 5874.58 5876.03 5876.04 5873.8 5868.48 5859.79 5849.37 5842.94 5840.05 5836.63 5827 5818.84 5813.56 5810.2 5808.33 5807.67 5807.87 5812.14 5813.25 5813.66 5815.07 5817.66 5818.83 5819.78 5820.38 5819.69 5818.98 5820 5817.86 5817.83 5820.1 5824.24 5828.38 5832.26 5836.91 5838.43 5838.81 5840.25 5844.66 5854.51 5862.26 5869.23 5893.23 5919.45 5944.41 5942.88 5932.51 5922 5915.28 5916.76 5916.55 5913.82 5908.58 5901.32 5893.88 5886.8 5881.66 5887.11 5888.48 5887.87
5851.46 5848.78 5853.37 5858.75 5864.28 5869.45 5874.76 5878.91 5882.19 5884.03 5883.93 5880.56 5872.35 5858.23 5849.32 5844.61 5834.1 5822.22 5813.64 5807.9 5804.74 5803.74 5803.65 5804.48 5806.51 5808.41 5810.26 5812.69 5818.32 5820.38 5822.27 5823.2 5824.33 5823.81 5823.66 5819.19 5816.14 5823.53 5828.98 5832.07 5833.12 5833.71 5835.84 5837.55 5838.83 5842.4 5849.55 5856.74 5861.31 5879.55 5901.5 5920.11 5936.02 5951.56 5944.69 5933.84 5930.75 5928.79 5923.44 5915.16 5905.92 5896.56 5887.6 5881.35 5880.14 5881.4 5882.23
5846.61 5844.68 5849.98 5856.88 5863.59 5870.31 5877.02 5883.04 5888.44 5893 5896.12 5897.15 5894.32 5884.19 5872.78 5858.09 5833.33 5816.74 5808.31 5803.23 5800.88 5800.22 5800.76 5801.8 5802.22 5804.72 5807.65 5810.87 5815.34 5818.75 5822.16 5825.09 5827.26 5828.99 5832.41 5827.92 5828.48 5834.4 5837.66 5838.98 5838.2 5833.22 5837.54 5839.91 5841.12 5843.94 5849.31 5855 5859.68 5872.45 5885.28 5897.46 5919.89 5953.64 5963.52 5959.95 5951.7 5944.5 5935.12 5924.21 5910.99 5899.57 5889.51 5882.12 5879.06 5878.65 5878.89
5843.65 5842.54 5848.23 5855.33 5863.63 5871.32 5879.15 5886.5 5894.19 5901.39 5908.3 5914.83 5921.34 5929.92 5926.72 5881.28 5838.78 5813.5 5803.93 5800.29 5798.74 5798.99 5800.35 5801.68 5801.82 5803.43 5806.73 5810.39 5813.68 5817.99 5822.62 5827.46 5831.63 5838.03 5845.94 5848.13 5852.47 5850.31 5848.43 5848.22 5849.31 5849.86 5846.83 5845.59 5845.4 5847.74 5852.23 5857.38 5864.61 5871.76 5875.05 5876.49 5895.62 5940.21 5968.07 5979.11 5972.16 5959.53 5945.08 5931.06 5916.61 5902.87 5891.04 5882.55 5877.93 5876.56 5877.27
5842.06 5842.12 5847.13 5854.18 5862.91 5871.77 5880.84 5889.73 5899.09 5908.65 5918.46 5928.65 5939.25 5949.24 5938.83 5893.42 5844.47 5812.89 5802.17 5798.03 5796.12 5796.43 5798.19 5800.51 5803.42 5806.7 5809.25 5813.18 5817.41 5819.74 5824.93 5830.68 5836.46 5844.89 5855.31 5868.56 5874.13 5862.63 5856.01 5854.22 5856.79 5859.59 5853.5 5850.77 5851.15 5851.95 5856.11 5866.52 5880.49 5876.79 5872.25 5870.44 5880.98 5910.67 5949.84 5977.74 5981.04 5969.03 5953.49 5936.88 5920.59 5905.22 5891.17 5879.63 5873.32 5873.71 5875.08
5839.05 5840.17 5845.61 5853.26 5862.27 5870.96 5881.05 5890.96 5901.42 5912.44 5923.89 5935.59 5946.01 5948.03 5930.29 5898.88 5852.39 5816 5803.13 5798.51 5796.21 5796.52 5798.09 5800.51 5803.53 5805.27 5809.15 5812.28 5816.8 5821.79 5827.23 5833.3 5841.97 5849.41 5859.64 5873.17 5873.56 5862.59 5855.98 5853.2 5854.07 5855.32 5852.32 5851.11 5851.76 5851.29 5854.19 5865.47 5880.59 5877.23 5872.57 5872.04 5879.44 5900.67 5939.82 5977.8 5985.39 5974.74 5958.78 5941.58 5924.32 5907.55 5891.56 5877.19 5868.34 5868.02 5872.8
5832 5834.27 5841.77 5850.58 5860.25 5870.28 5881.43 5890.77 5903.01 5914.25 5925.17 5937.13 5948.06 5955.06 5952.27 5914.86 5863.55 5823.04 5806.82 5800.4 5797.1 5796.87 5797.53 5799.7 5802.61 5805.39 5809.3 5813.64 5819.7 5823.87 5829.27 5836.48 5842.47 5848.74 5856.37 5863.1 5857.19 5852.77 5849.74 5846.88 5844.56 5844.41 5845.96 5846.76 5846.71 5844.95 5844.03 5847.75 5864.88 5871.42 5871.77 5873.92 5882.58 5902.79 5945.08 5983.87 5988.14 5976.84 5961.94 5945.46 5928.23 5910.79 5893.5 5877.65 5867.63 5867.54 5873.53
5821.32 5826.08 5837.36 5848.11 5858.57 5869.09 5879.46 5889.31 5899.83 5910.9 5921.88 5933.37 5944.21 5954.83 5960.36 5922.97 5870.52 5830.25 5811.41 5803.09 5798.84 5797.94 5798.78 5801.95 5805.03 5808.46 5812.58 5817.01 5821.65 5828.9 5833.68 5837.79 5842.24 5846.78 5849.53 5849.86 5844.78 5843.14 5842.53 5840.27 5836.58 5836.29 5839 5841.18 5841.48 5837.91 5833.75 5833.1 5853.15 5865.64 5870.35 5875.99 5886.44 5925.4 5963.76 5987.37 5984.63 5975.07 5962.37 5947.18 5930.77 5913.66 5896.93 5881.22 5870.16 5874.18 5878.14
5814.7 5821.74 5833.99 5846.2 5856.83 5866.98 5876.32 5885.92 5895.45 5905.44 5914.28 5922.76 5929.72 5935.69 5934.76 5906.23 5864.76 5830.76 5813.92 5806.11 5801.51 5801 5801.87 5804.01 5807.06 5809.07 5813.27 5821.09 5825.88 5830.44 5834.89 5839.94 5843.02 5843.46 5843.9 5844.66 5838.15 5837.82 5838.97 5836.94 5833.47 5832.16 5833.25 5835.22 5835.84 5833.07 5829.77 5830.3 5849.89 5862.24 5868.76 5879.37 5903.11 5936.75 5956.77 5960.14 5971.39 5968.82 5959.84 5946.64 5931.2 5915.84 5901.16 5888 5879.96 5882.85 5883.97
5815.3 5822.04 5833.14 5843.59 5853.15 5862.26 5870.67 5879.15 5887.23 5897.89 5903.98 5908.34 5909.39 5906.63 5893.35 5872.12 5850.72 5828.85 5815.51 5808.04 5803.86 5802.59 5803.15 5807.3 5810.61 5811.74 5816.27 5822.58 5827.57 5832.32 5836.7 5841.2 5843.42 5843.26 5842.11 5839.45 5838.92 5841.21 5841.61 5837.07 5831.82 5828.68 5828.09 5828.76 5829.76 5830.67 5832.34 5836.82 5847.25 5856.46 5864.43 5875.33 5894.22 5923.21 5946.04 5954.9 5964.05 5964.06 5956.8 5945.18 5930.68 5917.34 5905.22 5895.45 5888.85 5888.12 5886.82
5813.43 5822.17 5830.97 5839.36 5848.11 5855.83 5862.84 5869.86 5876.9 5882.5 5887.83 5889.58 5888.08 5880.86 5866.41 5851.74 5838 5825.17 5815.43 5808.9 5805.99 5804.71 5805.47 5808.65 5812.05 5815.93 5823.38 5828.25 5833.65 5837.96 5841.97 5846.1 5847.97 5846.67 5844.47 5844.84 5853.2 5857.79 5850.67 5839.39 5829.13 5824.78 5823.44 5823.64 5825.43 5829.16 5835.07 5841.58 5844.6 5851.18 5860.34 5868.79 5875.92 5902.87 5943.15 5964.38 5965.21 5960.59 5952.05 5941.61 5929.58 5918.07 5907.82 5900.41 5897.36 5891.62 5886
5811.41 5819.84 5826.89 5832.64 5840.4 5846.69 5852.81 5857.54 5863.63 5867.78 5871.2 5871.07 5867.94 5860.26 5848.56 5836.29 5827.59 5819.83 5814.03 5810.12 5809.23 5809.42 5811.19 5814.16 5818.6 5822.99 5828.81 5833.87 5838.85 5842.89 5848.08 5851.65 5853.72 5852.38 5850.5 5851.61 5869.37 5875.75 5861.59 5843.24 5827.07 5822.06 5819.58 5819.2 5821.63 5826.44 5832.87 5838.72 5842.31 5849.76 5860.97 5872.26 5881.9 5904.1 5948.48 5969.62 5964.43 5957.06 5948.12 5937.67 5926.85 5916.92 5907.59 5900.2 5895.87 5891.04 5887.01
5807.86 5815.55 5820.77 5824.65 5829.99 5836.37 5841.38 5847.45 5851.76 5854.51 5855.59 5854.97 5850.97 5843.81 5833.98 5823.56 5819.42 5815.39 5812.23 5810.16 5810.6 5811.6 5814.01 5817.5 5821.8 5826.39 5831.14 5836.5 5841.86 5847.72 5852.67 5856.68 5859.73 5860.38 5862.51 5867.42 5883.1 5891.76 5867.34 5845.03 5830.09 5820.59 5816.48 5815.43 5817.97 5822.62 5827.87 5832.94 5838.23 5848.63 5866.96 5887.67 5906.19 5930.2 5953.64 5964.82 5959.83 5950.87 5941.63 5931.88 5922.03 5913.45 5904.31 5895.69 5887.37 5880.21 5875.5
5805.81 5810.4 5812.94 5815.79 5820.29 5825.25 5829.35 5833.09 5835.53 5837.91 5839.12 5838.34 5835.5 5831.58 5824.66 5818.98 5814.92 5813.13 5812.24 5809.67 5810.62 5812.29 5815.05 5818.85 5823.4 5828.5 5834.71 5839.09 5846.73 5852.39 5857.35 5862.43 5867.1 5870.11 5875.66 5879.29 5881.96 5881.26 5858.04 5837.41 5823.73 5817.07 5813.61 5812.88 5815.47 5819.73 5823.74 5828.27 5833.89 5846.12 5874.14 5908.41 5935.7 5948.09 5952.24 5953.97 5950.33 5943.44 5934.29 5927.15 5917.75 5908.74 5899.51 5891.07 5882.78 5877.31 5877.22
5800.05 5800.35 5800.71 5802.44 5807.35 5810.98 5816.61 5819.96 5823.95 5825.75 5824.99 5824.79 5823.62 5821.1 5817.18 5813.29 5810.29 5809.3 5808.83 5808.1 5810.22 5812.84 5816.33 5820.62 5824.53 5829.79 5837.42 5843.59 5849.41 5855.4 5860.47 5866.48 5872.55 5877.56 5882.32 5879.11 5867.2 5848.35 5836.57 5824.96 5816.82 5813.26 5811.64 5811.34 5814.47 5818.85 5824.41 5827.54 5831.85 5843.49 5879.53 5922.5 5947.56 5948.05 5940.55 5941.34 5940.59 5936.35 5928.77 5921.15 5913.55 5905.36 5897.01 5888.45 5880.58 5876.55 5880.03
5784.49 5785.92 5788.4 5791.53 5796.24 5799.96 5804.52 5807.74 5811.96 5814 5815.1 5814.25 5813.43 5811.89 5809.85 5806.44 5804.87 5804.18 5803.31 5806.07 5809.7 5812.84 5816.88 5821.53 5826.71 5832.61 5840.84 5847.03 5853.04 5859.14 5864.92 5871.51 5877.55 5882.63 5885 5876.26 5856.8 5833.37 5822.28 5815.23 5811.47 5811.18 5812.22 5813.62 5814.99 5818.33 5823.5 5828.65 5834.45 5846.62 5885.23 5930.14 5948.52 5943.88 5933.56 5931.07 5929.52 5926.11 5922.24 5917.53 5911.83 5902.9 5895.09 5887.14 5879.21 5874.28 5872.98
5773.96 5774.48 5777.32 5780.58 5786.13 5789.9 5792.63 5796.72 5800.48 5802.84 5804.06 5804.95 5805.06 5804.51 5803.16 5801.8 5801.44 5801.8 5802.85 5805.62 5809.11 5812.62 5817.91 5823.18 5828.86 5836.31 5841.88 5848.05 5854.33 5860.68 5866.85 5872.92 5879.45 5885.89 5889.14 5877.21 5856.48 5834.16 5821.3 5814.49 5811.21 5811.42 5813.18 5814.64 5815.53 5818.15 5823.6 5832.2 5843.17 5858.2 5895.3 5938.29 5946.34 5937.45 5929.32 5924.09 5922.09 5919.02 5917.12 5912.03 5906.68 5900.98 5893.67 5886.91 5879.73 5874.56 5871.77
5775.91 5769.68 5768.92 5770.67 5774.94 5778.67 5782.64 5786.08 5789.28 5791.23 5793.71 5796.09 5797.89 5798.15 5798.7 5799.26 5799.85 5800.76 5803.39 5805.35 5807.85 5811.48 5816.29 5822.99 5829.13 5836.27 5842.92 5850.73 5857.09 5863.1 5868.83 5874.1 5879.24 5884.91 5889.26 5877.83 5861.63 5846.15 5831.37 5818.85 5813.39 5813.51 5815.76 5816.38 5816.33 5818.2 5824.98 5838.44 5856.56 5880.2 5910.94 5941.22 5935.35 5923.72 5920.53 5917.96 5916.34 5913.97 5912.92 5909.5 5904.86 5899.81 5894.32 5889.16 5883.75 5879.89 5885.57
5783.37 5767.74 5763.07 5763.56 5765.4 5768.56 5772.5 5776.19 5779.09 5782.25 5785.27 5788.19 5790.72 5792.77 5794.58 5797.09 5799.05 5798.41 5799.05 5801.58 5806.19 5811.47 5816.64 5823.73 5830.59 5838.17 5845.65 5851.69 5858.14 5866.02 5871.15 5874.67 5877.09 5877.84 5879.73 5874.51 5867.34 5859.52 5843.29 5822.1 5815.57 5816.16 5819.66 5819.39 5817.36 5818.15 5826.11 5844.2 5867.52 5897.58 5920.35 5920.59 5922.06 5914.5 5913.44 5913.44 5913.42 5912.04 5911.31 5908.73 5904.5 5900.78 5896.39 5892.36 5889.72 5892.2 5900.43
5778.1 5761.1 5758.02 5757.65 5760.06 5761.72 5767.14 5770.35 5772.25 5776.4 5780.09 5783.38 5786.47 5789.15 5791.2 5792.92 5793.21 5795.14 5796.4 5799.74 5804.47 5810.22 5817.02 5824.6 5832.14 5839.59 5847.13 5854.26 5862.3 5868.13 5872.98 5875.31 5874.44 5868.78 5863.27 5869.82 5871.53 5873.05 5862.24 5826.46 5819.55 5818.2 5818.56 5818.74 5818.44 5819.56 5828.91 5848.87 5871.41 5893.3 5905.59 5913.41 5916.74 5909.7 5910.3 5912.54 5912.9 5911.92 5909.96 5908.35 5905.21 5902.43 5899.89 5896.92 5894.74 5892.96 5897.7
5778.08 5760.81 5755.5 5754.1 5755.27 5757.14 5760.53 5763.72 5767.82 5771.48 5775.68 5779.67 5783.31 5786.49 5789.07 5790.83 5791.51 5794.12 5796.87 5800.06 5802.81 5809.52 5817.04 5824.8 5833.11 5841.03 5850.09 5859.15 5866.34 5872.15 5876.35 5877.93 5876.92 5870.29 5864.25 5870.91 5873.01 5875.18 5868.29 5841.41 5826.36 5820.5 5818.14 5818.09 5820.3 5826.94 5837.05 5853.49 5873.37 5892.8 5911.49 5920.81 5917.74 5913.15 5912.35 5914.82 5914.43 5913.25 5911.39 5909.47 5907.95 5906.16 5904.53 5903.15 5901.61 5899.35 5899.45
5779.93 5763.04 5754.74 5752.67 5753.22 5754.19 5756.63 5760.47 5764.61 5768.66 5773.56 5777.86 5781.78 5785.48 5788.34 5791.42 5795.57 5794.64 5794.16 5794.88 5799.79 5807.41 5816.05 5824.4 5833.54 5842.14 5851.24 5860.36 5867.81 5873.3 5878.35 5882.36 5883.23 5884.47 5882.72 5877.43 5873.24 5866.39 5857.43 5842.56 5828.2 5822.13 5820.49 5819.32 5821.11 5828.24 5840.05 5855.69 5874.7 5894.66 5910.83 5918.74 5919.78 5919.67 5921.08 5919.17 5917.51 5915.75 5914.29 5912.5 5911.43 5910.96 5910.96 5910.49 5911.1 5912.45 5915.03
