real_craters/C142-750m.grd
DSAA
122 122
-45.3075 45.3075
-45.3075 45.3075
4545.9458344937 6512.3908754845
[rows 38 to 75 of 122, columns 0 to 83 of 122]
5867 5866 5865 5863 5857 5853 5845 5833 5823 5819 5823 5824 5821 5817 5816 5822 5833 5849 5879 5921 5940 5931 5907 5906 5898 5893 5892 5887 5887 5887 5901 5931 5961 5969 5959 5956 5946 5939 5937 5939 5943 5949 5959 5974 5995 6015 6056 6098 6073 6036 6000 5972 5964 5965 5966 5954 5959 5972 5987 6006 6025 6049 6065 6044 6029 5978 5915 5890 5867 5844 5826 5825 5840 5847 5847 5843 5837 5848 5857 5839 5831 5823 5818 5817
5862 5863 5868 5872 5868 5850 5838 5825 5816 5813 5815 5818 5818 5818 5818 5820 5832 5840 5847 5878 5927 5936 5909 5910 5900 5886 5893 5887 5885 5895 5893 5925 5962 5992 5964 5942 5938 5940 5940 5944 5948 5953 5962 5970 5986 6000 6035 6082 6061 6029 5991 5953 5952 5955 5949 5950 5960 5974 5989 6006 6024 6046 6065 6070 6042 5990 5924 5885 5861 5837 5820 5829 5849 5857 5857 5852 5844 5838 5826 5820 5811 5804 5804 5809
5847 5854 5870 5885 5894 5886 5855 5813 5802 5802 5805 5812 5821 5830 5826 5834 5837 5838 5843 5858 5886 5936 5956 5938 5912 5886 5879 5880 5886 5887 5893 5920 5950 5977 5960 5948 5939 5942 5947 5950 5955 5961 5966 5971 5975 5982 5998 6039 6040 6020 5995 5959 5958 5954 5949 5954 5969 5988 6007 6028 6044 6049 6054 6057 6016 5936 5918 5890 5864 5838 5824 5852 5871 5874 5872 5866 5859 5844 5816 5808 5799 5789 5790 5792
5841 5850 5871 5895 5921 5946 5896 5807 5796 5798 5806 5816 5825 5842 5871 5860 5857 5852 5853 5877 5873 5889 5974 5965 5923 5886 5872 5878 5880 5875 5891 5916 5938 5961 5960 5947 5943 5945 5951 5956 5962 5967 5970 5963 5963 5965 5982 6026 6009 6008 6007 6004 5982 5961 5948 5959 5983 6009 6031 6045 6066 6073 6059 6021 5961 5936 5932 5918 5888 5856 5836 5880 5896 5896 5892 5883 5873 5855 5829 5814 5803 5795 5789 5785
5823 5843 5870 5895 5923 5951 5925 5818 5798 5799 5806 5818 5830 5845 5852 5844 5838 5841 5839 5841 5870 5898 5986 5970 5932 5890 5872 5882 5886 5884 5888 5913 5941 5966 5976 5954 5947 5947 5950 5954 5960 5968 5972 5975 5972 5965 5954 5940 5970 5993 6018 6036 6005 5981 5961 5973 5988 5995 5994 6013 6031 6052 6042 6021 5964 5961 5978 5966 5934 5888 5864 5908 5914 5913 5909 5901 5882 5856 5838 5824 5816 5811 5795 5783
5815 5837 5863 5883 5899 5901 5862 5822 5806 5807 5816 5826 5839 5844 5841 5846 5831 5827 5830 5842 5862 5898 5959 5961 5933 5903 5890 5887 5887 5886 5897 5910 5927 5945 5964 5948 5947 5950 5954 5958 5964 5970 5979 5983 5981 5970 5982 5956 5958 5988 6007 6025 6036 6022 6001 6014 5993 5957 5934 5944 5958 5996 6050 6109 6149 6126 6071 6031 5995 5946 5884 5895 5914 5934 5935 5923 5900 5882 5852 5830 5822 5818 5809 5804
5809 5824 5838 5850 5858 5851 5825 5814 5810 5814 5826 5838 5851 5859 5864 5881 5832 5816 5823 5836 5864 5911 5967 5949 5924 5901 5883 5881 5884 5903 5904 5904 5906 5927 5941 5949 5949 5954 5959 5965 5971 5975 5979 5988 6001 6019 6020 5983 5987 6010 6020 6041 6081 6104 6130 6126 5991 5891 5835 5810 5824 5878 5984 6137 6256 6188 6129 6080 6079 6080 6033 5981 5982 5994 5976 5949 5912 5872 5849 5835 5827 5812 5810 5808
5795 5799 5809 5817 5822 5820 5811 5807 5810 5817 5830 5847 5861 5876 5879 5834 5815 5811 5818 5829 5877 5949 5938 5932 5914 5893 5876 5877 5886 5910 5905 5896 5899 5912 5921 5937 5951 5955 5959 5965 5973 5980 5991 6001 6016 6042 6069 6041 6034 6065 6074 6086 6115 6159 6145 6063 5877 5770 5716 5699 5706 5738 5807 5895 5902 5924 5976 6030 6128 6258 6297 6221 6162 6110 6049 5982 5925 5877 5864 5863 5838 5815 5804 5798
5775 5771 5780 5789 5795 5799 5800 5802 5808 5819 5836 5853 5869 5882 5879 5837 5813 5815 5818 5844 5905 5932 5919 5914 5904 5892 5879 5888 5894 5901 5904 5901 5903 5904 5918 5944 5951 5959 5964 5973 5980 5985 5992 5994 6005 6011 6003 6009 6066 6137 6166 6113 6062 6056 5933 5719 5642 5592 5562 5546 5547 5570 5585 5591 5592 5604 5732 5868 6062 6339 6466 6364 6296 6234 6125 6028 5949 5888 5878 5887 5845 5810 5792 5789
5777 5756 5759 5767 5779 5787 5792 5796 5804 5822 5841 5859 5873 5873 5869 5877 5822 5818 5821 5859 5898 5914 5913 5911 5906 5900 5894 5910 5910 5899 5898 5910 5902 5906 5924 5941 5949 5960 5967 5969 5974 5979 5975 5985 5988 5987 5972 5982 6102 6176 6194 6056 5885 5734 5594 5428 5400 5386 5375 5367 5357 5341 5318 5273 5349 5373 5458 5610 5821 6067 6264 6384 6470 6308 6163 6054 5972 5916 5886 5870 5845 5810 5791 5786
5781 5752 5754 5763 5774 5784 5791 5792 5798 5818 5841 5864 5879 5892 5883 5850 5826 5821 5823 5863 5905 5916 5921 5918 5915 5916 5922 5927 5912 5907 5903 5918 5922 5920 5921 5935 5947 5950 5954 5959 5962 5969 5967 5967 5966 5966 5992 5942 6124 6150 6085 5873 5647 5438 5320 5243 5198 5201 5199 5196 5182 5163 5155 5178 5219 5172 5171 5339 5512 5683 5921 6162 6314 6233 6137 6056 5992 5938 5910 5890 5857 5821 5796 5791
5779 5750 5752 5762 5774 5787 5791 5789 5795 5816 5841 5867 5887 5905 5899 5871 5842 5831 5836 5863 5912 5926 5918 5921 5922 5926 5938 5950 5939 5927 5925 5929 5933 5940 5943 5942 5951 5943 5945 5945 5956 5961 5959 5944 5944 5946 5934 5941 6176 6069 5846 5628 5394 5202 5100 5051 5030 5031 5041 5037 5028 5006 4995 4992 5063 5004 5019 5117 5233 5350 5599 5839 5975 6041 6042 6022 5992 5958 5948 5914 5877 5846 5823 5808
5780 5752 5751 5764 5780 5798 5811 5814 5801 5826 5855 5883 5905 5888 5902 5936 5911 5877 5872 5863 5861 5905 5923 5921 5919 5922 5932 5941 5939 5942 5929 5936 5944 5938 5943 5949 5958 5953 5955 5955 5964 5964 5966 5967 5961 5950 5942 6068 6152 5891 5601 5392 5173 4986 4931 4907 4890 4899 4906 4910 4901 4882 4858 4835 4822 4855 4903 4964 5044 5149 5366 5587 5753 5863 5924 5957 5970 5968 5980 5926 5893 5877 5850 5834
5782 5760 5756 5769 5788 5811 5838 5854 5829 5842 5864 5889 5925 5961 5881 5848 5936 5902 5865 5865 5875 5872 5909 5910 5905 5905 5905 5911 5936 5947 5942 5936 5944 5946 5953 5960 5969 5960 5960 5960 5961 5962 5963 5983 5982 5995 6022 6086 5892 5632 5404 5212 5030 4892 4825 4800 4786 4799 4813 4818 4819 4802 4774 4767 4781 4804 4812 4854 4927 5034 5213 5406 5581 5708 5804 5877 5938 5987 6013 5955 5922 5921 5906 5876
5803 5784 5769 5775 5792 5816 5845 5861 5860 5857 5863 5879 5904 5912 5842 5788 5894 5871 5844 5849 5848 5858 5874 5883 5884 5884 5881 5880 5891 5909 5918 5919 5936 5955 5961 5978 5985 5958 5963 5961 5962 5958 5956 5957 5966 5978 5991 5885 5604 5385 5219 5074 4933 4823 4765 4740 4728 4734 4740 4749 4745 4737 4725 4730 4746 4772 4767 4802 4856 4951 5105 5273 5419 5563 5695 5804 5899 5958 6014 5974 5935 5950 5951 5916
5816 5795 5778 5773 5788 5814 5845 5875 5871 5860 5858 5857 5852 5840 5849 5859 5863 5847 5836 5829 5827 5829 5842 5850 5858 5864 5869 5864 5863 5876 5906 5917 5935 5978 6003 6003 6003 5980 5988 5982 5976 5955 5949 5934 5934 5926 5882 5678 5376 5180 5082 4978 4876 4782 4723 4700 4689 4687 4693 4696 4699 4699 4698 4709 4724 4743 4765 4787 4816 4896 5031 5178 5326 5472 5605 5741 5869 5948 6023 5995 5941 5928 5950 5945
5813 5785 5758 5755 5772 5801 5830 5854 5854 5847 5843 5837 5828 5825 5843 5856 5828 5814 5815 5822 5822 5822 5820 5826 5838 5846 5862 5872 5852 5862 5869 5929 5964 6000 6022 6019 6013 5964 5980 5973 5963 5956 5946 5940 5915 5866 5809 5687 5288 5130 5040 4916 4791 4718 4684 4667 4661 4658 4662 4670 4673 4677 4683 4693 4707 4725 4742 4764 4800 4878 4988 5112 5214 5327 5528 5703 5821 5958 6042 6015 5931 5906 5922 5930
5784 5740 5725 5726 5754 5784 5813 5825 5825 5828 5830 5825 5812 5809 5807 5808 5803 5798 5801 5813 5829 5823 5817 5820 5823 5824 5820 5823 5837 5880 5895 5932 5979 6023 6039 6026 6012 5922 5954 5937 5931 5918 5897 5874 5830 5764 5674 5487 5207 5155 5031 4879 4741 4675 4650 4641 4641 4636 4640 4647 4658 4665 4672 4682 4696 4710 4724 4746 4785 4863 4964 5082 5198 5330 5502 5681 5827 5987 6091 6063 5955 5952 5941 5943
5764 5735 5719 5725 5740 5774 5809 5835 5842 5836 5835 5828 5819 5809 5809 5813 5813 5794 5795 5805 5822 5811 5812 5813 5812 5811 5814 5821 5830 5885 5925 5988 5985 6004 6013 6009 6002 5903 5914 5890 5866 5831 5790 5748 5705 5623 5550 5421 5201 5153 5017 4847 4702 4641 4621 4614 4610 4610 4608 4615 4631 4651 4662 4682 4689 4700 4716 4740 4772 4848 4950 5067 5195 5326 5484 5667 5839 6028 6173 6165 5974 5913 5939 5953
5754 5746 5717 5687 5726 5768 5814 5861 5885 5868 5854 5837 5821 5809 5802 5809 5810 5791 5792 5804 5810 5811 5809 5808 5803 5799 5797 5810 5824 5871 5928 5947 5936 5942 5967 5980 5984 5867 5870 5840 5796 5764 5721 5677 5565 5521 5450 5336 5211 5146 4999 4812 4649 4610 4595 4592 4595 4590 4583 4584 4604 4648 4720 4689 4689 4695 4711 4742 4778 4846 4938 5045 5156 5244 5423 5635 5841 6064 6258 6286 5968 5893 5915 5941
5749 5734 5718 5708 5721 5760 5813 5868 5906 5898 5869 5844 5819 5805 5794 5791 5795 5788 5786 5790 5807 5808 5806 5803 5794 5788 5788 5798 5814 5872 5923 5937 5935 5929 5939 5952 5962 5823 5820 5783 5745 5704 5661 5614 5463 5415 5367 5340 5230 5125 4984 4796 4648 4599 4582 4577 4573 4569 4564 4565 4563 4590 4757 4798 4718 4706 4705 4740 4775 4841 4927 5020 5071 5169 5352 5574 5819 6051 6234 6272 5997 5884 5886 5894
5749 5748 5731 5709 5711 5750 5802 5854 5889 5887 5866 5845 5827 5804 5790 5783 5786 5784 5782 5788 5795 5800 5798 5790 5787 5778 5779 5815 5859 5866 5888 5904 5910 5910 5914 5922 5935 5785 5788 5747 5700 5654 5597 5535 5383 5360 5321 5272 5151 5090 4954 4780 4659 4604 4583 4576 4576 4575 4561 4554 4546 4561 4776 4826 4781 4735 4708 4735 4771 4837 4918 5002 5079 5118 5300 5532 5781 6016 6202 6247 6065 5909 5869 5833
5749 5751 5737 5708 5702 5737 5787 5835 5866 5866 5857 5838 5815 5798 5782 5780 5787 5790 5783 5776 5782 5788 5786 5789 5789 5787 5785 5818 5855 5863 5878 5902 5892 5899 5903 5908 5908 5758 5743 5706 5660 5613 5562 5502 5331 5316 5299 5256 5148 5044 4901 4745 4646 4604 4587 4579 4579 4581 4574 4576 4571 4574 4758 4924 4853 4766 4710 4727 4772 4841 4924 5001 5078 5126 5284 5502 5744 5980 6179 6330 6170 6025 5895 5799
5744 5735 5724 5707 5697 5727 5771 5820 5859 5870 5860 5834 5808 5798 5788 5781 5788 5802 5800 5794 5798 5789 5780 5785 5791 5806 5796 5820 5864 5870 5876 5886 5883 5887 5889 5888 5893 5895 5740 5698 5656 5612 5558 5505 5348 5337 5303 5299 5203 5036 4837 4737 4668 4618 4586 4583 4579 4581 4600 4626 4666 4699 4821 4983 4870 4761 4702 4724 4782 4846 4924 5005 5090 5149 5302 5491 5709 5931 6126 6234 6228 6085 5925 5799
5740 5732 5723 5709 5701 5715 5753 5802 5850 5876 5871 5845 5825 5816 5809 5811 5808 5825 5825 5819 5821 5808 5792 5782 5786 5798 5795 5829 5879 5871 5860 5862 5876 5881 5882 5882 5884 5884 5740 5705 5663 5626 5582 5537 5381 5358 5332 5323 5229 4999 4825 4755 4694 4644 4616 4592 4585 4590 4615 4658 4741 4876 4797 4849 4799 4729 4678 4713 4793 4847 4923 5011 5108 5194 5343 5488 5684 5892 6084 6231 6230 6084 5928 5818
5736 5732 5727 5710 5695 5699 5732 5776 5826 5862 5872 5857 5849 5851 5842 5834 5849 5855 5867 5867 5864 5837 5794 5791 5807 5838 5820 5843 5857 5863 5842 5853 5847 5856 5866 5868 5870 5869 5749 5719 5687 5649 5610 5569 5469 5435 5401 5361 5221 5082 4838 4764 4706 4668 4639 4610 4592 4592 4606 4643 4681 4706 4644 4669 4700 4688 4668 4688 4754 4835 4926 5024 5125 5206 5336 5479 5678 5878 6063 6195 6261 6044 5889 5814
5731 5729 5724 5710 5694 5691 5714 5743 5766 5792 5821 5819 5834 5865 5850 5839 5858 5892 5967 6008 5960 5883 5828 5813 5846 5924 5900 5880 5867 5867 5844 5848 5835 5858 5857 5857 5858 5857 5781 5762 5741 5733 5708 5673 5621 5571 5498 5441 5307 5098 4887 4766 4720 4685 4656 4632 4604 4591 4596 4614 4608 4586 4590 4610 4643 4663 4676 4706 4738 4826 4934 5046 5154 5243 5305 5486 5679 5881 6058 6209 6287 5960 5818 5776
5727 5725 5722 5710 5698 5693 5702 5721 5738 5753 5762 5770 5789 5806 5806 5845 5914 6022 6054 6153 6031 5916 5830 5826 5902 5964 5963 5921 5884 5879 5880 5845 5837 5842 5840 5834 5834 5834 5807 5799 5804 5794 5793 5780 5779 5730 5642 5538 5393 5166 4923 4816 4751 4710 4679 4651 4623 4598 4589 4596 4591 4587 4591 4605 4629 4655 4679 4707 4738 4830 4952 5085 5212 5326 5435 5562 5719 5866 6017 6111 6073 5850 5753 5741
5723 5720 5714 5706 5697 5689 5691 5709 5730 5743 5759 5757 5769 5793 5810 5960 6137 6149 6122 6077 6024 5927 5842 5822 5851 5935 5970 5944 5918 5902 5923 5894 5834 5827 5822 5819 5817 5811 5819 5836 5853 5859 5871 5876 5908 5870 5800 5670 5443 5200 4961 4854 4795 4750 4711 4674 4642 4614 4595 4593 4592 4592 4594 4611 4635 4658 4680 4704 4742 4841 4991 5151 5307 5448 5558 5704 5798 5896 5979 6005 5917 5798 5737 5734
5723 5720 5713 5708 5701 5692 5687 5709 5734 5749 5747 5749 5752 5781 5854 6097 6283 6162 6077 6074 5995 5915 5852 5824 5836 5861 5914 5953 5982 6007 6009 5953 5845 5821 5803 5796 5794 5811 5844 5872 5890 5919 5952 5979 5987 6029 5978 5857 5596 5289 5053 4913 4860 4809 4763 4716 4670 4631 4602 4599 4602 4610 4607 4625 4649 4673 4693 4722 4765 4876 5053 5239 5423 5601 5738 5871 5914 5948 5966 5933 5863 5792 5747 5734
5728 5726 5724 5721 5710 5702 5697 5712 5741 5762 5742 5729 5736 5769 5885 6055 6161 6102 6046 5999 5944 5898 5862 5841 5833 5833 5881 5948 6026 6095 6062 5999 5874 5808 5786 5777 5776 5809 5795 5896 5932 5976 6016 6053 6086 6147 6140 6054 5776 5394 5114 5019 4944 4883 4824 4763 4708 4656 4618 4611 4613 4616 4628 4648 4675 4699 4721 4769 4813 4932 5136 5335 5543 5765 5988 6104 6028 5995 5969 5931 5851 5785 5751 5735
5735 5734 5734 5731 5721 5714 5714 5729 5741 5759 5756 5750 5742 5761 5825 5947 6005 5986 5923 5887 5881 5873 5870 5872 5848 5835 5871 5937 6002 6057 6040 6005 5865 5819 5781 5775 5777 5820 5809 5914 5955 5995 6041 6085 6131 6207 6225 6221 5935 5529 5205 5109 5042 4971 4904 4835 4763 4692 4637 4629 4633 4629 4644 4680 4715 4747 4781 4843 4929 5069 5240 5433 5636 5865 6068 6150 6085 6026 5974 5932 5850 5784 5755 5737
5740 5742 5740 5730 5730 5721 5719 5727 5727 5734 5743 5746 5751 5767 5797 5915 5918 5860 5824 5810 5825 5839 5855 5867 5857 5840 5868 5915 5957 5965 5964 5965 5850 5830 5780 5777 5781 5827 5822 5921 5958 6000 6033 6082 6128 6212 6237 6203 6019 5707 5347 5198 5144 5090 5019 4939 4852 4761 4681 4667 4659 4655 4681 4733 4779 4819 4861 4932 5058 5200 5350 5525 5730 5915 6067 6137 6093 6022 5952 5883 5828 5780 5750 5749
5747 5745 5746 5744 5734 5721 5708 5692 5706 5721 5730 5730 5737 5749 5769 5788 5809 5779 5755 5762 5789 5809 5829 5857 5855 5846 5869 5899 5933 5955 5947 5865 5810 5812 5792 5790 5788 5836 5834 5920 5954 5989 6011 6055 6093 6169 6193 6199 6086 5916 5556 5333 5277 5202 5121 5041 4953 4861 4771 4762 4784 4776 4778 4817 4862 4912 4981 5083 5193 5290 5454 5624 5800 5946 6076 6163 6071 5993 5921 5853 5794 5753 5735 5737
5747 5746 5746 5746 5732 5716 5700 5687 5687 5707 5716 5724 5725 5739 5757 5767 5765 5752 5744 5747 5767 5784 5796 5796 5822 5860 5867 5888 5900 5888 5844 5799 5787 5787 5811 5802 5795 5840 5840 5885 5908 5935 5954 6002 6041 6097 6081 6052 6085 6064 5756 5531 5405 5324 5241 5162 5085 5007 4922 4894 4897 4913 4892 4921 4957 5001 5080 5174 5280 5390 5577 5741 5866 5957 6010 5999 5978 5938 5888 5830 5784 5754 5756 5743
5742 5742 5740 5739 5725 5709 5692 5681 5680 5695 5704 5705 5706 5720 5730 5730 5743 5752 5734 5742 5758 5771 5778 5776 5778 5798 5848 5883 5892 5876 5834 5797 5776 5783 5795 5797 5806 5829 5841 5861 5879 5893 5913 5953 5982 6008 5981 5977 6034 6037 5867 5699 5553 5461 5385 5308 5237 5192 5186 5148 5009 4940 4994 5042 5080 5102 5135 5276 5407 5584 5750 5859 5926 5959 5958 5912 5903 5889 5858 5824 5786 5767 5771 5755
5734 5731 5730 5725 5714 5698 5683 5672 5667 5678 5693 5691 5688 5698 5710 5715 5724 5731 5738 5755 5754 5763 5776 5794 5797 5812 5865 5904 5920 5923 5843 5795 5778 5783 5786 5788 5800 5821 5835 5845 5856 5879 5898 5909 5907 5919 5911 5928 5982 5981 5813 5719 5671 5596 5523 5452 5389 5347 5310 5281 5139 5076 5167 5226 5264 5289 5336 5518 5710 5913 6006 6016 6000 5984 5957 5909 5882 5865 5827 5798 5782 5772 5775 5765
5723 5719 5717 5710 5699 5685 5671 5656 5649 5658 5671 5676 5672 5668 5694 5714 5706 5697 5701 5731 5739 5753 5770 5784 5786 5815 5879 5961 6011 6028 5912 5801 5774 5776 5777 5776 5788 5809 5821 5831 5844 5846 5863 5872 5875 5877 5891 5912 5956 6018 5989 5832 5775 5705 5640 5580 5528 5450 5389 5320 5360 5421 5436 5469 5516 5563 5637 5837 6068 6282 6243 6131 6064 6020 5989 5964 5925 5869 5803 5773 5777 5785 5757 5736
