real_craters/C142-500m.grd
DSAA
182 182
-45.3075 45.3075
-45.3075 45.3075
4545.095029738 6544.7121316155
[rows 30 to 59 of 182, columns 67 to 133 of 182]
5826.75 5825.11 5823.95 5822.89 5822.41 5821.61 5820.05 5819.05 5818.26 5816.78 5819.86 5821.06 5825.78 5828.95 5832.72 5836.48 5839.39 5843.2 5844.21 5840.89 5835.04 5828.95 5822.7 5814.12 5802.04 5797.37 5791.08 5788.63 5794.45 5801.41 5807.72 5812.86 5818.72 5826.42 5832.57 5835.64 5836.17 5839.86 5843.46 5848.42 5856.04 5869.03 5886.62 5886.22 5887.93 5905.69 5917.97 5913.94 5907.54 5900.89 5898.81 5907.69 5920.12 5939.58 5962.49 5990.99 6015.83 6040.94 6052.33 6044.48 6011.58 5952 5939.13 5972.64 5987.68 5991.7 6003.42
5825.41 5823.2 5823.2 5823.46 5823.43 5823.94 5823.79 5823.04 5821.94 5821.3 5820.93 5823.99 5828.66 5838.78 5834.39 5832.86 5834.28 5838.95 5841.85 5838.6 5836.9 5836.4 5837.24 5840.4 5845.74 5821.92 5791.2 5792.1 5801.1 5808.33 5814.23 5818.59 5822.22 5826.87 5831.07 5832.91 5835.22 5839.22 5843.88 5850.69 5858.88 5870.85 5887.84 5903.09 5920.06 5922.09 5927.26 5912.87 5903.44 5894.45 5890.14 5902.64 5924.07 5952.03 5982.86 6020.11 6053.23 6082.32 6106.56 6110.3 6086.99 6020.8 5995.49 6025.25 6024.07 6011.11 6011.48
5821.84 5820.67 5823.78 5823.03 5823.66 5825.5 5826.26 5827.23 5827.11 5826.97 5827.55 5828.1 5827.38 5826.51 5827.78 5826.47 5825.77 5826.28 5829.1 5832.54 5836.01 5840.26 5845.83 5855.45 5866.41 5843.12 5812.67 5811.36 5814.28 5816.98 5820.52 5823.85 5825.71 5823.24 5828.79 5834.71 5836 5839.18 5843.95 5849.36 5856.34 5862.93 5872.77 5902.04 5921.84 5917.02 5904.79 5898.92 5894.06 5884.28 5878.83 5898.97 5928.97 5966.08 6007.17 6054.95 6099.5 6142.45 6188.39 6218.32 6233.5 6211.1 6177.16 6142.85 6088.92 6036.07 6004.61
5816.51 5818.95 5821.05 5822.5 5826.72 5828.23 5831.02 5832.99 5833.32 5833.99 5835 5832.87 5828.78 5827.34 5823.74 5819.65 5816.08 5811.93 5814.68 5824.38 5832.22 5840.5 5848.1 5854.71 5856.97 5851.35 5849.53 5839.29 5829.37 5826.9 5828.19 5830.68 5833.72 5835.1 5837.09 5841.92 5837.99 5839.63 5843.32 5848.71 5854.92 5861.91 5872.34 5894.32 5909.19 5905.62 5892.9 5887.66 5886.16 5871.7 5873.43 5891.6 5927.93 5970.89 6022.03 6072.95 6134.26 6192.22 6257.73 6319.93 6387.8 6444.03 6398.66 6271.48 6152.81 6063.86 6000.26
5813.29 5818.24 5822.7 5827.8 5831.14 5833.97 5836.65 5838.35 5839.59 5839.73 5838.16 5833.75 5828.72 5824.45 5821.65 5816.32 5810.99 5807.8 5810.66 5820.61 5830.01 5839.28 5846.54 5850.64 5849.67 5848.62 5848.5 5843.03 5836.08 5832.06 5831.98 5835.21 5841.78 5849.68 5844.56 5840.82 5838.13 5839.91 5843.89 5849.14 5855.12 5864.58 5877.77 5886.97 5895.86 5895.05 5887.39 5885.53 5884.58 5879.8 5866.97 5886.91 5928.71 5978.85 6030.9 6093.43 6155.51 6229.73 6304.21 6385.72 6458.73 6487.76 6432.22 6312.6 6175.62 6067.23 5990.06
5819.7 5823.45 5827.89 5835.32 5840.55 5845.62 5848.89 5850.71 5851.5 5849.85 5845.05 5837.16 5833.05 5827.02 5822.93 5816.75 5810.41 5804.04 5809.08 5818.54 5828.63 5836.92 5844.09 5848.33 5848.45 5847.76 5846.34 5842.06 5836.93 5834.33 5834.42 5836.81 5841.33 5848.44 5847.21 5839.27 5835.65 5839.7 5845.76 5850.11 5853.89 5857.75 5867.08 5878.85 5885.13 5888.93 5892.13 5891.66 5890.07 5886.8 5875.43 5894.21 5938.42 5990.83 6045.31 6106.62 6171.16 6243.18 6321.04 6403.82 6478.83 6481.07 6406.45 6279.38 6145.63 6040.99 5966.34
5830.23 5831.74 5838.75 5850.01 5856.88 5860.62 5862.32 5864.22 5864.6 5863.71 5862.84 5861.93 5845.12 5834.77 5828.3 5821.58 5814.62 5811.99 5813.61 5820.43 5828.68 5836.2 5843.74 5847.86 5849.72 5846.88 5844.33 5840.34 5834.28 5833.77 5835 5836.88 5837.34 5835.68 5835.07 5836.22 5834.47 5844.69 5851.96 5855.94 5857.16 5856.62 5865.77 5878.13 5885.06 5891.94 5896.47 5898.1 5900.72 5900.56 5890.9 5909.73 5949.9 5997.27 6048.8 6103.78 6162.83 6227.17 6296.59 6372.75 6434.96 6408.23 6281.75 6160.41 6066.54 5986.06 5920.41
5826.34 5840.76 5852.84 5862.62 5866.9 5872.25 5874.83 5878.11 5878.08 5877.26 5875.71 5869.98 5857.02 5846.44 5838.18 5829.38 5821.31 5819.75 5819.12 5824.97 5831.11 5837.3 5842.9 5848.49 5854.13 5856.36 5841.6 5828.04 5828.97 5832.81 5835.35 5836.21 5836.35 5838.23 5837.42 5844.35 5850.74 5859.3 5863.48 5865.92 5867.43 5865.96 5875 5886.84 5898.36 5907.33 5909.94 5914.29 5913.64 5916.76 5912.29 5931.97 5961.62 6001.29 6044.38 6090.89 6139 6190.99 6244.72 6295.02 6319.82 6264.73 6137.76 6028.8 5979.03 5927.82 5881.6
5837.65 5856.39 5866.88 5874.2 5879.47 5882.69 5884.92 5886.22 5888.96 5888.01 5885.07 5880.4 5872.01 5860.58 5850.7 5841.87 5831.1 5818.23 5826.98 5831.2 5835.01 5839.6 5844.78 5849.19 5854.11 5854.84 5838.98 5821.65 5828.27 5834.14 5837.21 5838.86 5837.85 5834.14 5843.19 5859.32 5875.76 5877.45 5876.39 5877.89 5882.41 5892.69 5892.24 5897.78 5907.23 5915.13 5915.58 5915.14 5922.6 5930.26 5931.35 5948.96 5972.38 6002.39 6036.5 6074.37 6110.91 6145.22 6174.46 6193.44 6191.74 6138.12 6040.22 5956.17 5920.44 5883.71 5853.69
5865.67 5883.95 5890.24 5893.45 5895.25 5895.71 5896.79 5897.45 5898.1 5898.05 5896.09 5885.64 5880.82 5873.33 5863.53 5855.96 5854.47 5855.57 5842.04 5840.37 5841.25 5843.42 5845.41 5848.31 5850.07 5848.2 5842.11 5838.25 5839.65 5841.48 5842.26 5844.36 5850.08 5854.97 5867.02 5872.43 5880.59 5883.76 5885.29 5886.81 5889.72 5895.48 5899.55 5904.03 5909.73 5913.16 5917.34 5919.4 5929.1 5939.3 5946.75 5959.96 5976.53 5997.47 6020.92 6045.47 6068.41 6084.46 6095.31 6091.22 6060.53 6032 5980.29 5933.91 5891.4 5857.53 5829.19
5921.11 5920 5914.85 5911.66 5909.78 5908.09 5907.14 5907.37 5907.16 5907.9 5909.89 5915.99 5902.96 5885.41 5873.98 5865.24 5857.95 5853.54 5850.68 5848 5847.08 5847.11 5847.71 5848.15 5848.05 5845.49 5847.92 5854.57 5855.39 5851.76 5847.56 5845.54 5849.39 5860.28 5873.89 5878.9 5882.93 5886.1 5890.34 5893.19 5895.31 5893.39 5903.07 5907.2 5910.08 5913.79 5917.84 5924.8 5933.34 5944.07 5952.49 5959.6 5972.42 5985.63 5999.99 6013.61 6023.57 6027.62 6025.36 6011.94 5996.22 5963.31 5931.65 5890.83 5874.06 5849.78 5826.27
5954.78 5943.32 5932.57 5924.64 5919.51 5918.44 5917.34 5915.95 5915.4 5916.04 5916.71 5916.36 5902.4 5892.17 5882.11 5872.84 5862.75 5857.46 5856.42 5854.67 5854.1 5853.19 5852.43 5851.83 5850.28 5848.4 5854.25 5867.18 5869.43 5861.48 5853.08 5844.87 5841 5857.1 5874.54 5882.58 5886.85 5890.1 5894.26 5900.03 5908.32 5914.15 5911.45 5911.09 5910.79 5910.07 5917.31 5925.35 5935.53 5945.91 5954.52 5959.16 5965.66 5970.77 5974.61 5979.97 5980.67 5976.85 5966.84 5947.15 5924.39 5912.12 5896.25 5886.07 5867.94 5854.12 5848.13
5967.96 5954.81 5945.32 5937.55 5930.96 5926.11 5922.69 5920.95 5920.12 5918.73 5916.96 5912.19 5902.4 5897.82 5889.63 5880.86 5876.64 5868.26 5863.33 5861.49 5860.16 5859.58 5858.81 5856.72 5854.88 5854.3 5860.73 5873.23 5876.72 5870.18 5860.9 5852.78 5856.91 5874.98 5885.4 5889.8 5890.47 5890.97 5898.04 5907.07 5915.36 5918.76 5916.88 5914.73 5913.6 5914.68 5922.11 5930.24 5938.8 5945.82 5952.68 5955.07 5957.14 5955.01 5951.78 5947.15 5941.74 5931.99 5918.7 5901.47 5883.25 5875.29 5870.78 5867.81 5860.65 5853.4 5852.66
5983.37 5966.14 5952.62 5944.17 5938.53 5933.24 5930.7 5926.31 5925.22 5923.44 5921.19 5920.55 5916.56 5906.77 5897.45 5886 5873.23 5871.75 5870.67 5869.18 5866.97 5865.06 5864.54 5862.48 5861.63 5862.33 5868.36 5881.34 5887.73 5878.68 5870.12 5864.93 5872.72 5890.61 5900.54 5904.03 5900.95 5896.05 5906.35 5916.02 5920.13 5920.34 5917.47 5914.69 5915.91 5922.15 5927 5935.64 5942.06 5941.63 5944.04 5948.52 5948.72 5940.88 5932.84 5922.97 5913.1 5899.12 5882.84 5867.96 5857.75 5848.07 5843.56 5846.96 5844.51 5842.32 5844.2
5988.84 5966.96 5955.24 5948.71 5942.1 5936.77 5932.17 5930.39 5928.71 5927.03 5924.91 5923.26 5921.87 5914.69 5906.49 5897.39 5887.98 5882.87 5879.36 5876.46 5873.84 5871.61 5869.68 5868.46 5868.16 5872.03 5882.03 5882.42 5889.3 5883.13 5881.18 5879.12 5889.17 5906.63 5921.98 5929.66 5926.62 5915.84 5927.15 5935.41 5931.96 5923.94 5915.52 5910.59 5909.84 5912.27 5917.48 5924.46 5929.15 5929.07 5933.12 5932.73 5927.03 5925.3 5916.11 5905.03 5890.41 5873.68 5854.12 5833.53 5825.18 5822.47 5822.29 5824.04 5824 5827.28 5835.64
5980.58 5959.11 5952.5 5948.66 5943.96 5939.59 5936.25 5934.09 5931.65 5930.32 5929.33 5925.58 5922.99 5920.24 5915.5 5910.41 5903.56 5896.38 5889.12 5884.76 5881.32 5879.15 5877.3 5875.03 5873.41 5869.92 5862.84 5868.86 5867.81 5886.79 5898.16 5903.12 5910.07 5933.54 5951.71 5970.47 5978.34 5965.94 5975.76 5968.1 5949.8 5927.04 5911.19 5902.79 5899.29 5899.13 5902.26 5904.16 5908.45 5910.18 5916.46 5919.59 5925.76 5912.71 5903.08 5890.55 5875.28 5857.02 5835.86 5815.92 5808.81 5806.12 5806 5806.67 5806.65 5809.58 5818.61
5967.82 5960.52 5953.23 5948.93 5944.73 5941.65 5938.95 5936.57 5935.08 5934.46 5934.42 5934.46 5926.45 5925.98 5922.84 5919.62 5916.31 5906.11 5897.8 5891.89 5889.98 5887.58 5885.81 5883.7 5881.54 5877.1 5871.29 5878.18 5885.68 5905.49 5925.01 5939.12 5937.44 5947.57 5983.66 6019.75 6055.36 6081.44 6066.18 6004.84 5948.19 5917.02 5900.92 5891.98 5886.67 5882.15 5882.2 5880.83 5882.08 5889.9 5899.76 5903.79 5899.9 5900.46 5894.1 5882 5866.81 5847.73 5826.34 5806.72 5801.64 5798.86 5797.61 5796.56 5794.2 5796.02 5801.24
5959.36 5955.91 5951.32 5948.06 5945.73 5943.9 5941.55 5938.85 5936.65 5935.99 5937.2 5943.17 5941.68 5935.1 5926.21 5919.87 5915.32 5909.72 5904.38 5901.41 5897.68 5896.1 5895.48 5894.96 5894.57 5895.02 5900.61 5905.66 5918.52 5931.84 5951.66 5977.86 5973.47 5981.2 6015.1 6058.97 6115.88 6187.68 6150.56 6023.22 5923.27 5898.8 5887.31 5879.83 5874.48 5867.53 5862 5863.82 5865.92 5874.88 5886.85 5894.06 5896.09 5896.72 5890.38 5878.89 5863.44 5845.92 5826.46 5808.21 5802.66 5799.96 5797.11 5795.55 5789.13 5790.06 5794.11
5969.14 5956.4 5949.76 5948.03 5947.37 5946.39 5944.24 5941.55 5938.99 5935.91 5933.53 5933.3 5937.79 5933.33 5924.14 5913.7 5910.05 5910.18 5908.94 5907.62 5907.19 5906.8 5907.04 5906.61 5910.09 5914.3 5920.65 5929.19 5938.43 5950.04 5963.42 5980.05 6002.24 6012.8 6033.45 6068.77 6115.39 6162.41 6125.09 6006.19 5914.88 5887.52 5876.67 5871.17 5866.11 5862.39 5860.26 5858.46 5859.63 5865.42 5878.17 5891.39 5901.96 5901.21 5889.69 5876.78 5863.51 5849.35 5834.58 5820.55 5812.74 5807.02 5803.14 5801.88 5802.43 5792.67 5800.39
5952.18 5950.58 5947.6 5948.5 5950.08 5951.2 5949.58 5945.88 5940.71 5935.28 5929.79 5926.72 5928.02 5925.72 5921.06 5916.24 5912.29 5912.69 5913.8 5915.84 5917.17 5919.24 5920.78 5922.82 5926.07 5931.22 5938.18 5945.52 5954.64 5963.02 5969.92 5983.41 6003.71 6013.43 6028.08 6048.32 6067.19 6069.05 6030.35 5962.92 5905.77 5880.5 5868.55 5863.51 5860.59 5861.74 5865.79 5858.22 5852.92 5857.62 5870.42 5885.08 5900.95 5897.09 5885.41 5874.67 5864.16 5853.61 5844.26 5835.08 5824.04 5815.35 5808.94 5807.41 5805.77 5797.49 5811.69
5933.77 5935.55 5940.24 5949.93 5957.12 5958.55 5956.56 5950.16 5943.9 5936.58 5929.8 5926.03 5922.96 5919.57 5917.97 5917.85 5915.98 5916.41 5918.59 5922.35 5925.69 5930.28 5933.05 5936.39 5941.07 5944.35 5950.9 5958.49 5961.31 5967.85 5973.73 5980.86 5987.85 5998.39 6007.77 6013.33 6010.11 5986.27 5942.88 5918.99 5891.42 5873.94 5863.18 5858.9 5858.15 5859.94 5863.31 5856.92 5851.81 5853.41 5861.68 5872.07 5878.2 5878.68 5875.64 5869.83 5863.08 5856.74 5849.97 5841.66 5831.83 5822.22 5815.23 5809.86 5805.96 5805.63 5818.89
5933.04 5936.5 5945.35 5962.85 5970.22 5969.47 5965.42 5957.41 5948.08 5938.26 5929.21 5924.57 5922.24 5919.38 5914.72 5909.03 5914.63 5919.79 5925.64 5930.61 5937.68 5942.31 5947.17 5950.62 5955.06 5956.56 5956.31 5953.32 5957 5962.32 5972.35 5977.11 5981.37 5982.96 5982.38 5977.35 5964.09 5940.76 5917.05 5895.34 5879.86 5866.68 5858.33 5856.1 5855.31 5858.17 5859.7 5853.77 5847.12 5845.57 5852.95 5860.48 5865.06 5865.93 5865.46 5863.43 5860.6 5857.3 5853.82 5847.65 5836.95 5827.34 5818.99 5812.21 5807.32 5811.13 5816.22
5941.97 5958.58 5980.27 5987.38 5991.58 5988.63 5981.98 5969.7 5956.03 5941.79 5930.5 5925.69 5923.77 5915.86 5917.25 5909.46 5919.31 5928.16 5935.56 5943.49 5950.22 5957.37 5962.96 5967.14 5971 5971.64 5966.68 5957.26 5956.47 5955.69 5973.44 5974.13 5967.64 5963.74 5956.05 5943.84 5927.96 5906.39 5885.41 5881.1 5873.24 5863.92 5857.79 5857.2 5855.02 5855.54 5855.45 5850.56 5843.17 5841.95 5848.05 5853.18 5856.05 5857.38 5856.72 5855.97 5855.92 5855.46 5853.17 5847.69 5839.84 5830.92 5822.81 5815.34 5810.61 5809.78 5813.62
5959.28 5986.52 6005.18 6018.21 6019.89 6014.14 6001.21 5985.23 5967.14 5947.87 5927.96 5927.94 5931.16 5937.4 5932.1 5928.74 5930.24 5936.44 5944.35 5953.16 5961.15 5970.41 5977.76 5984.84 5989.51 5992.07 5986.56 5976.36 5975.49 5977.3 5971.87 5974.43 5964.6 5948.35 5934.21 5920.4 5902.29 5882.59 5863.36 5868.45 5864.23 5858.55 5853.79 5853.51 5850.89 5848.66 5847.45 5845.21 5843.82 5843.39 5848.76 5849.86 5849.25 5848.46 5846.27 5847.18 5848.99 5850.9 5853.92 5847.86 5839.87 5831.88 5823.56 5817.33 5811.93 5810.56 5813.72
6007.07 6047.96 6053.52 6064.1 6054.81 6037.31 6019.54 6000.16 5982.22 5964.2 5943.98 5942.71 5945.51 5946.22 5940.41 5937.58 5940.18 5946.03 5953.38 5962.21 5971.04 5981.04 5991.91 6001.82 6010.69 6019.32 6025.35 6020.7 6011.8 5986.95 5975.24 5955.29 5949.72 5933.59 5916.8 5900.72 5884.07 5867.96 5857.35 5857.06 5855.97 5854.04 5851.45 5848.89 5846.25 5843.45 5840.9 5839.61 5847.93 5858.09 5854.79 5848.64 5840.54 5830.24 5834.44 5838.43 5841.03 5842.09 5840.99 5840.23 5836.25 5830.98 5825.66 5820.02 5816.71 5819.56 5823.81
6048.98 6077.32 6117.17 6113.53 6082.06 6056.47 6033.18 6012.31 5994.99 5984.76 5982.47 5965.08 5956.42 5951.25 5950.61 5949.14 5949.24 5952.76 5959.16 5968.14 5979.23 5991.14 6002.79 6015.52 6029.24 6044.73 6066.29 6094.7 6054.59 5982.87 5962.2 5950.7 5932.94 5917.29 5902.02 5885.46 5868.15 5854.8 5847.41 5850.7 5846.71 5847.79 5848.28 5846.59 5844.21 5841.49 5837.94 5838.49 5850.39 5862.38 5857.99 5848.46 5838.11 5829.16 5829.69 5831.02 5831.93 5833.28 5836.08 5832.86 5830.99 5828.63 5825.13 5820.04 5811.32 5803.3 5815.41
6030.07 6052.61 6089.66 6103.81 6089.83 6066.05 6041.93 6018.25 5999.83 5987.38 5982.34 5970.36 5964.95 5966.38 5966.15 5959.39 5954.83 5958.82 5965.42 5974.56 5985.02 5996.56 6009.52 6023.59 6040.49 6057.1 6075.7 6093.27 6056.93 5997.52 5971.26 5947.49 5918.72 5902.23 5885.96 5870.22 5855.19 5841.31 5830.03 5827.99 5836.54 5842.73 5845.56 5845.91 5844.22 5841.3 5838.43 5838.75 5848.51 5858.53 5856.26 5846.41 5837.67 5833.15 5829.29 5825.63 5824.35 5823.65 5823.85 5825.68 5826.4 5826.3 5826.08 5825.59 5823.86 5830.19 5824.5
6008.81 6017.35 6062.64 6097.38 6089.7 6068.05 6042.87 6017.73 5993.99 5974.37 5963.44 5962.53 5963.34 5966.65 5957.87 5953.27 5955.59 5961.41 5969.59 5980.4 5991.65 6003.78 6018.4 6031.15 6044.69 6058.14 6066.22 6050.97 6032.37 6030.84 5998.59 5934.32 5908.66 5892.96 5877.05 5861.22 5846.08 5832.69 5822.89 5822.05 5833.09 5842.13 5846.95 5848.63 5847.35 5844.38 5840.15 5836.56 5844.8 5856.29 5851.56 5839.4 5831.66 5828.71 5822.88 5817.54 5816.01 5815.32 5816.53 5820 5822.77 5824.73 5826.46 5829.77 5833.72 5835.55 5833.69
6000.8 6007.66 6051.14 6094.55 6080.65 6061.65 6038.66 6013.59 5987 5962.1 5950.91 5954.86 5957.14 5956.18 5946.31 5948.47 5953.91 5963.25 5971.43 5981.23 5991.84 6003.35 6019.63 6032.41 6045.92 6058.87 6065.71 6063.98 6056.92 6036.53 6002.89 5951.89 5911.12 5889.99 5872.51 5855.76 5840.46 5828.08 5820.21 5821.44 5835.8 5847.91 5853.17 5854.79 5853.52 5850.17 5845.44 5840.15 5840 5839.03 5832.37 5825.8 5819.52 5812.73 5807.97 5807.08 5807.51 5808.62 5810.87 5814.84 5818.72 5821.76 5825.03 5828.39 5830.61 5826.67 5823.54
5990.18 6002.02 6027.08 6050.03 6058.42 6048.49 6031.88 6010.29 5985.38 5958.14 5947.62 5952.2 5953.88 5951.96 5948.28 5952.13 5955.12 5963.99 5973.39 5983.38 5992.45 6003.66 6016.16 6031.29 6041.6 6052.57 6060.33 6069.78 6069.2 6026.1 5975.39 5944.98 5914.95 5891.81 5872.79 5854.75 5839.81 5827.06 5821.82 5839.32 5850.19 5859.77 5863.79 5864.08 5862.44 5858.67 5854.25 5847.92 5839.94 5825.94 5814.54 5813.02 5808.25 5801.22 5796.16 5796.32 5798.61 5804.09 5808.93 5813.76 5821.32 5829.92 5830.71 5822.88 5814.89 5818.27 5825.84
