real_craters/C142-750m.grd
DSAA
122 122
-45.3075 45.3075
-45.3075 45.3075
4545.9458344937 6512.3908754845
[rows 0 to 37 of 122, columns 0 to 83 of 122]
6003 6016 6141 6191 6086 5973 5909 5892 5890 5890 5896 5900 5904 5908 5912 5920 5927 5934 5939 5939 5937 5938 5940 5941 5938 5936 5931 5935 5936 5947 5959 5966 5964 5944 5917 5909 5908 5907 5906 5899 5893 5890 5891 5897 5903 5909 5911 5911 5907 5895 5891 5885 5876 5867 5858 5848 5842 5853 5862 5863 5860 5854 5849 5843 5838 5845 5860 5835 5827 5825 5830 5835 5835 5807 5806 5817 5836 5826 5810 5796 5783 5773 5771 5760
6005 6006 6038 6052 6014 5944 5903 5888 5889 5890 5891 5896 5902 5911 5922 5917 5918 5927 5936 5936 5931 5931 5936 5932 5934 5927 5916 5915 5916 5925 5930 5932 5925 5905 5896 5897 5898 5897 5894 5883 5879 5877 5880 5883 5885 5886 5885 5880 5871 5863 5861 5866 5869 5866 5859 5850 5842 5849 5860 5849 5850 5851 5846 5843 5839 5838 5835 5823 5813 5805 5801 5821 5839 5805 5804 5813 5821 5816 5808 5800 5792 5783 5783 5773
5988 5979 5969 5970 5957 5921 5901 5897 5892 5890 5889 5893 5899 5904 5903 5892 5898 5922 5942 5960 5946 5934 5934 5928 5931 5917 5900 5899 5904 5909 5913 5912 5907 5903 5900 5899 5899 5893 5882 5878 5863 5868 5870 5871 5872 5870 5866 5860 5851 5844 5844 5852 5859 5865 5866 5861 5848 5851 5849 5838 5852 5846 5839 5836 5829 5820 5800 5804 5796 5785 5776 5808 5846 5813 5796 5788 5794 5803 5808 5808 5805 5806 5802 5795
5971 5948 5936 5935 5931 5920 5905 5898 5891 5884 5885 5890 5897 5904 5906 5902 5905 5923 5945 5969 5977 5958 5933 5922 5913 5906 5900 5899 5902 5902 5903 5901 5899 5900 5910 5908 5905 5899 5882 5871 5868 5863 5863 5862 5861 5858 5853 5847 5840 5838 5839 5844 5853 5864 5875 5883 5871 5864 5846 5854 5841 5837 5833 5827 5820 5814 5812 5797 5780 5766 5758 5789 5823 5807 5793 5776 5781 5791 5797 5796 5795 5805 5807 5812
5963 5940 5933 5930 5927 5919 5912 5901 5891 5883 5882 5888 5896 5907 5913 5910 5907 5927 5942 5952 5962 5971 5943 5922 5908 5903 5904 5901 5901 5900 5898 5897 5896 5904 5920 5912 5906 5907 5899 5871 5866 5860 5858 5857 5854 5850 5845 5838 5833 5833 5834 5838 5849 5864 5887 5915 5925 5885 5858 5856 5839 5831 5825 5819 5811 5804 5796 5780 5767 5754 5750 5771 5782 5809 5800 5779 5781 5790 5786 5777 5787 5795 5804 5809
5950 5930 5933 5933 5930 5927 5916 5902 5891 5881 5879 5884 5895 5907 5918 5925 5937 5934 5940 5942 5953 5965 5984 5944 5911 5908 5905 5904 5903 5901 5900 5898 5896 5898 5904 5904 5899 5893 5889 5875 5865 5858 5856 5854 5851 5846 5841 5835 5828 5819 5821 5830 5842 5855 5876 5915 5923 5883 5859 5844 5840 5826 5818 5812 5803 5792 5774 5764 5759 5751 5752 5775 5820 5814 5812 5796 5808 5802 5780 5773 5787 5800 5815 5821
5944 5933 5940 5932 5932 5928 5918 5905 5892 5881 5876 5883 5896 5905 5913 5920 5924 5937 5945 5953 5954 5955 5964 5949 5940 5910 5899 5902 5905 5905 5902 5899 5899 5898 5895 5894 5891 5887 5886 5905 5870 5862 5858 5856 5851 5847 5843 5836 5828 5821 5821 5826 5836 5841 5838 5824 5845 5849 5842 5827 5818 5814 5812 5807 5799 5789 5779 5769 5759 5756 5762 5764 5771 5802 5821 5848 5836 5775 5743 5752 5776 5801 5828 5857
5942 5934 5931 5930 5931 5928 5918 5905 5895 5885 5881 5885 5895 5903 5913 5927 5935 5945 5950 5952 5956 5945 5951 5943 5959 5909 5901 5907 5913 5915 5912 5905 5894 5884 5886 5887 5885 5880 5876 5878 5880 5861 5858 5858 5854 5850 5845 5840 5833 5823 5817 5829 5836 5836 5827 5790 5791 5825 5830 5818 5813 5814 5811 5805 5799 5791 5783 5774 5763 5750 5752 5753 5753 5823 5828 5636 5607 5619 5674 5717 5760 5798 5834 5876
5946 5942 5930 5929 5930 5925 5917 5909 5899 5892 5888 5891 5896 5899 5903 5908 5936 5953 5967 5974 5966 5948 5942 5952 5926 5922 5908 5920 5924 5926 5926 5920 5903 5887 5892 5887 5882 5886 5873 5861 5853 5850 5862 5858 5856 5854 5851 5849 5846 5841 5833 5847 5847 5845 5844 5855 5842 5830 5835 5816 5814 5816 5812 5806 5800 5793 5789 5784 5774 5764 5767 5756 5754 5815 5791 5551 5523 5549 5637 5698 5743 5785 5821 5855
5959 5948 5936 5929 5926 5921 5913 5908 5902 5899 5904 5898 5897 5896 5896 5905 5928 5956 5975 5982 5985 5951 5930 5939 5939 5938 5952 5939 5935 5936 5940 5945 5946 5943 5915 5894 5876 5859 5869 5856 5843 5839 5855 5854 5854 5853 5854 5856 5864 5872 5894 5873 5859 5849 5842 5836 5833 5827 5816 5812 5815 5820 5811 5806 5801 5796 5791 5785 5787 5799 5789 5765 5755 5794 5828 5652 5607 5617 5685 5720 5747 5779 5810 5832
5977 5966 5931 5921 5913 5911 5908 5905 5901 5899 5896 5895 5896 5895 5896 5899 5935 5971 5989 5985 5965 5941 5936 5942 5939 5933 5935 5939 5937 5939 5947 5963 5978 5951 5926 5902 5878 5860 5858 5864 5856 5851 5845 5847 5851 5853 5857 5861 5870 5878 5880 5876 5865 5853 5841 5829 5828 5827 5826 5811 5810 5812 5808 5803 5800 5796 5794 5794 5793 5790 5778 5767 5757 5775 5810 5773 5760 5821 5757 5751 5764 5780 5792 5804
5990 6002 5929 5916 5906 5904 5903 5902 5900 5895 5893 5894 5895 5897 5903 5922 5960 6002 6018 6000 5959 5945 5943 5930 5935 5936 5933 5930 5929 5933 5940 5955 5968 5952 5931 5910 5890 5876 5867 5866 5858 5847 5841 5840 5843 5848 5852 5859 5870 5877 5880 5877 5867 5854 5840 5831 5829 5829 5826 5813 5805 5803 5803 5802 5800 5798 5797 5796 5794 5779 5769 5763 5759 5764 5775 5786 5791 5787 5770 5759 5762 5770 5776 5779
5973 5964 5921 5917 5906 5903 5901 5900 5898 5892 5892 5892 5893 5897 5908 5933 5967 6018 6079 6022 5973 5955 5938 5924 5928 5927 5920 5919 5922 5924 5926 5928 5939 5949 5928 5912 5902 5900 5868 5861 5854 5848 5836 5833 5835 5840 5847 5855 5865 5874 5883 5881 5867 5855 5843 5832 5833 5831 5824 5815 5805 5798 5798 5800 5801 5802 5802 5799 5800 5789 5774 5766 5762 5761 5759 5775 5776 5763 5766 5769 5770 5773 5775 5770
5944 5926 5917 5921 5911 5904 5901 5898 5897 5890 5888 5889 5893 5896 5903 5914 5945 5994 6039 6012 5982 5978 5941 5938 5927 5914 5911 5912 5914 5913 5909 5901 5899 5913 5910 5905 5910 5925 5866 5846 5844 5843 5836 5829 5832 5835 5839 5847 5857 5866 5873 5870 5862 5856 5852 5845 5835 5834 5831 5819 5810 5796 5797 5801 5803 5805 5807 5807 5804 5789 5777 5769 5762 5750 5760 5768 5768 5760 5767 5772 5778 5780 5780 5775
5922 5908 5908 5908 5909 5903 5899 5897 5896 5891 5893 5896 5895 5896 5900 5907 5938 6001 5979 5972 5958 5949 5943 5945 5938 5918 5914 5909 5911 5911 5905 5894 5889 5893 5892 5886 5878 5889 5855 5835 5835 5834 5829 5823 5825 5829 5836 5843 5848 5853 5855 5853 5853 5850 5845 5839 5830 5825 5821 5819 5819 5811 5806 5804 5805 5807 5811 5817 5807 5791 5780 5773 5768 5772 5762 5767 5775 5779 5775 5778 5786 5792 5794 5786
5906 5890 5896 5895 5895 5898 5898 5897 5896 5891 5889 5889 5892 5895 5900 5909 5934 5953 5930 5935 5936 5936 5931 5941 5947 5920 5909 5909 5916 5922 5919 5905 5892 5893 5887 5872 5860 5858 5853 5841 5834 5829 5824 5817 5817 5823 5831 5835 5842 5844 5844 5843 5846 5846 5838 5832 5822 5805 5804 5810 5813 5810 5807 5807 5807 5808 5810 5809 5799 5787 5783 5776 5771 5768 5781 5797 5788 5770 5769 5786 5801 5812 5817 5817
5902 5884 5884 5893 5894 5899 5900 5904 5900 5899 5890 5885 5890 5894 5898 5903 5908 5918 5916 5923 5932 5939 5947 5956 5970 5962 5920 5916 5929 5945 5957 5946 5933 5918 5896 5870 5852 5857 5851 5844 5837 5830 5826 5813 5816 5822 5826 5827 5830 5832 5836 5847 5838 5844 5851 5838 5820 5805 5800 5802 5802 5805 5807 5808 5807 5807 5805 5800 5791 5793 5791 5784 5777 5772 5791 5812 5808 5794 5790 5804 5819 5831 5841 5849
5901 5886 5890 5895 5900 5906 5912 5909 5906 5900 5897 5893 5895 5898 5900 5902 5904 5906 5912 5924 5941 5955 5956 5960 5988 5980 5937 5924 5940 5963 5999 6066 6019 5958 5913 5876 5852 5854 5850 5845 5838 5831 5827 5807 5820 5823 5824 5824 5823 5824 5823 5818 5825 5833 5841 5834 5823 5801 5802 5800 5799 5804 5813 5807 5804 5803 5800 5797 5794 5804 5805 5800 5787 5777 5791 5837 5840 5826 5816 5833 5846 5860 5874 5892
5908 5906 5919 5911 5907 5917 5918 5917 5914 5907 5901 5898 5896 5899 5900 5900 5900 5912 5915 5930 5951 5964 5963 5960 5966 5957 5903 5940 5948 5964 5987 6017 6021 5965 5919 5885 5860 5855 5856 5850 5839 5831 5823 5860 5836 5827 5826 5825 5825 5821 5819 5819 5822 5825 5827 5834 5836 5849 5818 5804 5791 5788 5793 5797 5798 5801 5803 5804 5823 5829 5822 5817 5808 5801 5816 5858 5871 5871 5875 5876 5885 5904 5918 5942
5943 5964 6002 6006 5960 5952 5948 5942 5934 5921 5909 5899 5893 5899 5902 5904 5905 5906 5918 5925 5953 5969 5969 5959 5955 5945 5942 5941 5948 5953 5948 5932 5940 5933 5907 5884 5863 5855 5846 5844 5838 5831 5833 5853 5828 5827 5823 5821 5820 5819 5818 5816 5817 5824 5832 5838 5844 5844 5831 5814 5795 5783 5782 5789 5795 5801 5808 5817 5828 5837 5835 5836 5839 5840 5846 5874 5892 5900 5903 5904 5914 5938 5964 5986
6063 6061 6082 6086 6020 6001 5989 5977 5961 5943 5918 5902 5891 5899 5904 5909 5915 5914 5918 5927 5938 5952 5956 5954 5957 5964 5959 5954 5951 5945 5933 5914 5911 5906 5891 5871 5859 5860 5853 5845 5838 5832 5828 5825 5828 5826 5824 5823 5822 5820 5818 5817 5820 5827 5831 5838 5843 5844 5837 5826 5815 5799 5791 5789 5799 5809 5817 5828 5835 5837 5842 5849 5864 5888 5881 5906 5915 5907 5900 5909 5931 5964 6006 6041
6154 6132 6129 6121 6084 6051 6026 6004 5980 5949 5925 5902 5886 5900 5907 5914 5918 5915 5922 5926 5930 5939 5954 5964 5966 5962 5961 5963 5959 5951 5942 5926 5909 5898 5884 5870 5866 5864 5853 5850 5844 5836 5822 5830 5833 5823 5822 5824 5823 5824 5825 5824 5824 5829 5832 5831 5834 5838 5837 5839 5847 5860 5803 5800 5810 5818 5823 5828 5830 5836 5843 5851 5865 5888 5922 5921 5909 5898 5884 5905 5948 6001 6058 6111
6115 6154 6180 6161 6131 6084 6040 6006 5979 5957 5927 5907 5895 5904 5910 5916 5921 5922 5918 5914 5920 5929 5944 5965 5971 5961 5962 5964 5962 5956 5948 5936 5918 5904 5889 5875 5880 5870 5865 5860 5851 5842 5833 5821 5813 5818 5821 5825 5828 5831 5833 5834 5834 5828 5825 5819 5814 5819 5831 5843 5854 5857 5847 5834 5826 5828 5832 5832 5843 5838 5842 5850 5860 5876 5908 5904 5889 5886 5874 5897 5956 6030 6113 6198
6084 6173 6290 6419 6271 6138 6081 6044 6006 5970 5938 5919 5907 5912 5914 5917 5919 5916 5911 5905 5910 5914 5929 5945 5964 5968 5964 5964 5965 5961 5957 5937 5933 5919 5901 5889 5882 5880 5892 5871 5857 5848 5846 5845 5816 5816 5823 5831 5838 5842 5844 5843 5835 5828 5822 5815 5806 5812 5828 5841 5849 5847 5848 5842 5834 5834 5840 5853 5842 5838 5843 5850 5859 5875 5889 5892 5890 5885 5869 5895 5967 6048 6143 6251
6040 6165 6284 6512 6376 6186 6120 6073 6033 5995 5956 5929 5917 5914 5914 5914 5911 5911 5910 5903 5893 5908 5923 5931 5944 5962 5958 5964 5960 5960 5971 5982 5967 5943 5915 5891 5875 5874 5877 5871 5861 5853 5843 5834 5835 5829 5837 5851 5859 5862 5863 5862 5862 5840 5829 5819 5811 5815 5827 5838 5847 5849 5846 5838 5834 5836 5838 5836 5837 5835 5849 5856 5856 5868 5883 5892 5895 5899 5887 5913 5981 6058 6143 6241
6014 6157 6301 6424 6349 6216 6153 6102 6044 5989 5954 5924 5908 5896 5912 5917 5911 5905 5904 5906 5914 5927 5926 5932 5937 5942 5977 5966 5954 5953 5973 6039 6003 5965 5932 5912 5878 5866 5866 5868 5866 5859 5845 5823 5826 5834 5856 5868 5876 5880 5883 5881 5874 5859 5845 5831 5819 5823 5831 5839 5847 5856 5845 5823 5831 5836 5837 5838 5847 5864 5868 5871 5876 5884 5899 5911 5915 5918 5919 5944 5991 6049 6116 6183
6002 6147 6307 6353 6328 6266 6170 6092 6035 5976 5942 5913 5892 5883 5909 5926 5939 5921 5910 5907 5907 5920 5922 5927 5931 5948 6010 5990 5959 5955 5963 6009 6007 5974 5941 5914 5895 5866 5864 5866 5869 5867 5863 5854 5844 5869 5887 5892 5895 5896 5897 5897 5888 5878 5864 5853 5862 5840 5840 5844 5847 5851 5843 5836 5840 5842 5847 5855 5869 5882 5884 5887 5894 5900 5908 5915 5919 5930 5946 5962 5991 6028 6065 6093
5977 6092 6228 6327 6350 6266 6178 6089 6020 5965 5925 5899 5878 5875 5904 5925 5945 5923 5911 5894 5912 5916 5913 5911 5938 6004 6029 6031 5994 5979 5979 6013 6000 5972 5941 5914 5904 5873 5869 5876 5884 5891 5898 5903 5902 5943 5924 5916 5912 5911 5911 5912 5919 5901 5880 5866 5854 5852 5850 5850 5850 5848 5849 5861 5857 5848 5844 5862 5879 5885 5891 5897 5901 5907 5910 5914 5922 5936 5952 5961 5977 5992 6005 6008
5935 5998 6097 6260 6358 6288 6147 6061 6006 5963 5928 5899 5887 5888 5901 5912 5922 5920 5910 5889 5904 5906 5908 5917 5968 6009 5991 5977 5988 5993 6017 6015 5993 5969 5942 5915 5896 5872 5881 5893 5902 5914 5930 5959 5985 5960 5946 5934 5926 5922 5920 5918 5913 5901 5891 5878 5870 5862 5860 5859 5857 5854 5858 5875 5871 5858 5851 5876 5888 5890 5895 5908 5918 5916 5913 5914 5927 5940 5950 5956 5957 5953 5946 5934
5887 5899 5956 6128 6236 6077 6018 5984 5956 5931 5910 5892 5883 5882 5889 5896 5903 5904 5892 5910 5906 5903 5902 5917 6013 5986 5951 5951 5956 5968 5973 5977 5977 5971 5955 5945 5922 5918 5911 5913 5918 5930 5946 5967 5987 5979 5957 5942 5936 5931 5928 5925 5922 5917 5903 5886 5874 5873 5870 5867 5864 5864 5874 5889 5884 5873 5873 5899 5912 5907 5909 5923 5921 5916 5914 5921 5930 5939 5941 5946 5938 5925 5908 5886
5854 5853 5882 5952 5938 5881 5897 5912 5910 5900 5888 5878 5871 5868 5876 5882 5891 5896 5907 5911 5930 5920 5900 5898 5988 5969 5933 5925 5938 5941 5929 5941 5960 5973 5987 5971 5965 5955 5935 5926 5927 5932 5945 5965 5989 5974 5954 5947 5940 5935 5931 5930 5926 5922 5916 5907 5897 5887 5881 5878 5874 5872 5865 5870 5882 5897 5904 5934 5961 5969 5963 5961 5934 5910 5901 5902 5906 5911 5917 5921 5917 5903 5882 5855
5837 5838 5849 5863 5855 5848 5858 5869 5874 5872 5867 5863 5862 5869 5869 5871 5886 5919 5950 5963 5944 5925 5909 5900 5938 5970 5935 5931 5929 5930 5930 5936 5952 5967 5977 5964 5947 5948 5939 5934 5934 5936 5940 5944 5950 5963 5954 5947 5943 5939 5936 5935 5937 5930 5926 5920 5910 5899 5893 5890 5889 5886 5880 5889 5910 5941 5953 5966 6025 6094 6125 5997 5917 5894 5883 5874 5873 5876 5891 5899 5897 5890 5871 5843
5833 5830 5834 5841 5845 5845 5848 5853 5857 5863 5859 5855 5850 5845 5855 5871 5887 5914 5935 5905 5912 5927 5921 5931 5922 5969 5953 5919 5920 5923 5928 5936 5946 5955 5945 5934 5941 5934 5936 5935 5932 5931 5931 5931 5933 5967 5951 5948 5946 5943 5940 5936 5935 5939 5927 5913 5910 5908 5906 5905 5906 5909 5917 5928 5945 5966 5997 6014 6058 6131 6166 5986 5894 5876 5868 5861 5859 5861 5875 5894 5902 5887 5868 5846
5835 5833 5838 5841 5843 5845 5846 5847 5847 5848 5845 5842 5837 5834 5845 5864 5875 5879 5911 5918 5975 5958 5944 5938 5936 5992 5938 5927 5930 5926 5924 5934 5945 5950 5944 5932 5930 5928 5932 5933 5934 5935 5931 5929 5930 5946 5945 5950 5954 5951 5942 5934 5927 5925 5921 5918 5914 5916 5920 5924 5929 5933 5941 5952 5965 5974 5996 6012 6032 6046 6004 5936 5884 5866 5860 5862 5861 5852 5863 5883 5892 5881 5867 5854
5844 5852 5851 5849 5848 5851 5848 5844 5841 5839 5837 5834 5832 5832 5841 5855 5862 5867 5882 5917 5987 5964 5929 5927 5929 5925 5914 5915 5931 5913 5919 5934 5949 5958 5956 5940 5929 5927 5927 5930 5932 5933 5931 5930 5932 5933 5939 5963 5968 5962 5949 5935 5925 5921 5916 5911 5918 5926 5935 5942 5948 5954 5956 5956 5963 5976 5982 5985 5983 5966 5929 5894 5871 5860 5856 5859 5857 5848 5852 5863 5869 5867 5862 5857
5852 5860 5859 5854 5850 5846 5839 5840 5839 5837 5834 5832 5832 5839 5847 5848 5856 5863 5871 5913 5958 5961 5933 5909 5910 5907 5912 5908 5908 5926 5923 5938 5957 5975 5980 5954 5933 5930 5930 5932 5932 5934 5937 5940 5939 5951 5985 5999 5998 5985 5963 5938 5926 5924 5922 5918 5929 5941 5954 5964 5972 5977 5974 5961 5960 5979 5968 5956 5939 5914 5882 5875 5864 5855 5853 5853 5850 5843 5846 5852 5857 5853 5853 5854
5859 5864 5862 5857 5850 5844 5841 5838 5837 5834 5830 5828 5828 5831 5837 5850 5853 5855 5882 5945 5972 5967 5941 5902 5899 5896 5909 5915 5915 5909 5919 5939 5962 5984 5981 5954 5933 5933 5933 5936 5940 5944 5949 5957 5970 6014 6043 6056 6037 6012 5984 5954 5938 5945 5942 5937 5943 5954 5967 5983 5997 6010 6018 6008 5992 5969 5954 5932 5908 5882 5860 5857 5856 5852 5848 5844 5840 5849 5855 5848 5835 5837 5842 5844
5865 5864 5863 5858 5851 5842 5840 5837 5833 5830 5828 5826 5823 5820 5820 5832 5845 5862 5887 5946 5965 5953 5932 5909 5898 5895 5900 5900 5891 5898 5912 5936 5962 5982 5979 5966 5950 5938 5936 5939 5942 5948 5957 5973 6005 6053 6107 6107 6066 6030 6001 5989 5973 5960 5958 5953 5954 5964 5978 5998 6016 6038 6067 6109 6003 5961 5931 5908 5885 5861 5842 5839 5844 5846 5844 5840 5838 5852 5860 5846 5833 5830 5829 5830
