real_craters/C142-300m.grd
DSAA
303 303
-45.3075 45.3075
-45.3075 45.3075
4544.6397387296 6545.9791217812
[rows 180 to 209 of 303, columns 0 to 66 of 303]
5746.51 5748.18 5747.59 5747.01 5747.57 5745.24 5744.81 5745.52 5744.54 5737.99 5731.81 5725.25 5718.27 5711.68 5705.05 5698.85 5693.15 5687.75 5682.7 5679.45 5685.98 5694.2 5701.84 5708.18 5712.43 5714.3 5717.17 5722.79 5721.78 5721.55 5723.58 5728.07 5733.96 5742.02 5750.69 5753.99 5755.88 5759.52 5762.29 5762.37 5761.53 5758.95 5753.53 5746.25 5742.86 5743.5 5739.37 5742.31 5749.74 5757.16 5765.92 5773.24 5779.5 5785.05 5789.9 5792.34 5792.97 5791.06 5788.48 5799.1 5811.03 5827.32 5848.17 5862.39 5861.8 5866.24 5873.9
5745.04 5744.09 5745.14 5744.6 5745.68 5744.69 5744.52 5743.67 5741.9 5736.68 5729.66 5722.92 5715.86 5709.19 5702.26 5695.81 5689.86 5684.64 5680.54 5679.21 5683.75 5690.15 5697.15 5702.93 5706.78 5707.95 5710.38 5715.02 5714.97 5714.42 5714.82 5719 5726.23 5733.88 5739.9 5742.85 5743.29 5743.35 5746.72 5750.44 5752.64 5753.37 5751.78 5746.4 5740.91 5737.36 5736.34 5739.88 5746.44 5753.8 5760.53 5766.96 5772.46 5777.68 5781.07 5782.39 5782.32 5779.21 5774.61 5778.1 5783.98 5796.58 5813.88 5838.2 5848.14 5858.85 5869.54
5742.9 5741.65 5742.95 5742.29 5740.48 5740.29 5740.1 5740.09 5740.87 5732.88 5726.17 5719.71 5712.63 5705.85 5699.05 5692.76 5687.34 5682.82 5679.81 5679.21 5681.18 5687.86 5693.43 5699.09 5703.94 5704.32 5704.59 5705.54 5707.26 5707.36 5706.81 5710.61 5718.31 5725.54 5730.58 5732.09 5731.4 5730.93 5734.68 5740.21 5745.11 5749.19 5752.39 5748.14 5738.45 5734.09 5733.63 5738.27 5745.67 5751.69 5758.25 5762.19 5767.51 5771.88 5775.31 5776.66 5777.71 5776.59 5773.26 5774.8 5777.66 5781.99 5791.69 5813.72 5833.8 5850.39 5866.31
5739.98 5738.88 5737.87 5738.06 5737.05 5736.97 5736.02 5734.44 5727.88 5726.77 5721.62 5715.62 5708.64 5702 5695.3 5689.56 5684.35 5680.11 5678.03 5679.27 5686.2 5685.99 5688.84 5694.41 5700.86 5702.65 5701.75 5703.24 5703.04 5701.72 5702.34 5705.24 5711.19 5718.15 5722.65 5723.24 5721.58 5719.81 5725.39 5731.75 5737.68 5744.3 5749.85 5745.26 5736.3 5739.29 5737.62 5742.15 5749.21 5753.53 5758.23 5762.24 5767.11 5769.91 5774.82 5777.92 5779.93 5782.4 5784.48 5786.66 5785.06 5784.02 5789.1 5799.47 5827.64 5849.69 5867.02
5735.9 5734.74 5733.6 5734.91 5733.76 5733.23 5731.74 5729.67 5728.86 5723.91 5717.06 5710.85 5704.15 5697.8 5691.23 5685.72 5680.45 5676.64 5674.19 5674.78 5677.09 5677.17 5681.01 5687.48 5694.07 5696.22 5696.95 5697.48 5696.54 5694.79 5694.85 5697.66 5702.96 5710.71 5716.7 5715.89 5715.14 5715.09 5719.72 5725.23 5730.04 5735.74 5742.6 5741.83 5738.87 5740.21 5747.68 5753.27 5752.51 5753.32 5756.03 5759.28 5763.82 5768.97 5771.83 5776.49 5782 5788.55 5798.83 5803.17 5793.93 5785.7 5793.29 5810.57 5837.09 5857.47 5874.52
5732.46 5731.16 5729.82 5731.78 5730.33 5728.78 5726.78 5724.56 5721.96 5717.64 5711.67 5705.52 5699.22 5693.01 5686.97 5681.23 5675.69 5671.98 5667.86 5665.45 5662.52 5663.28 5670.86 5679.17 5687.06 5691.83 5690.96 5689.62 5687.91 5687.33 5686.07 5688.35 5692.32 5697.63 5703.7 5707.97 5711.03 5713.69 5716.4 5719.13 5721.3 5723.55 5725.21 5726.35 5730.59 5738.11 5748.94 5755.59 5752.43 5751.44 5753.11 5756.15 5760.16 5764.34 5769.51 5775.35 5781.87 5790.03 5799.5 5804.69 5795.16 5790.19 5805.19 5837.96 5857.07 5870.12 5886.14
5728.34 5726.9 5725.38 5723.75 5725.8 5723.77 5720.91 5718.14 5714.29 5710.15 5705.64 5699.76 5694.01 5687.9 5681.93 5676.46 5671.43 5666.49 5661.36 5657.57 5653.65 5652.92 5662.59 5670.81 5678.49 5683.25 5683.69 5683.35 5682.79 5681.74 5680.78 5680 5680.94 5683.81 5691.23 5700.64 5708 5712.31 5714.14 5714.11 5712.67 5710.75 5710.22 5714.42 5727.91 5735.85 5738.07 5741.8 5744.94 5746.19 5748.55 5752.31 5757.04 5762.3 5768.26 5774.61 5780.49 5785.9 5789.08 5786.26 5786.83 5790.38 5810.8 5842.97 5863.66 5879.46 5899.96
5723.61 5722.09 5720.58 5718.83 5720.01 5717.7 5715.69 5712.45 5708.7 5704.97 5700.17 5694.49 5688.72 5683.17 5677.4 5671.09 5665.7 5660.8 5655.16 5651.51 5650.13 5655.24 5657.68 5662.3 5669.11 5672.68 5675.4 5676.68 5677.69 5675.57 5673.79 5671.63 5670.37 5671.56 5681.91 5695.88 5707.74 5713.43 5713.08 5710.51 5706.24 5700.76 5695.93 5700.74 5695.46 5707.94 5721.6 5728.7 5734.88 5737.37 5740.89 5745.81 5751.15 5758.12 5765.05 5771.38 5778.21 5783.6 5784.39 5779 5784.63 5789.61 5807.51 5830.41 5853.6 5882.89 5913.02
5719.87 5718.37 5716.63 5714.75 5712.64 5714.39 5710.91 5707.27 5703.54 5699.24 5695.42 5690.53 5684.58 5678.51 5672.6 5666.64 5660.46 5654.95 5649.83 5645.67 5643.73 5644 5645.47 5652.46 5660.4 5665.49 5667.5 5668.6 5668.77 5668.59 5666.82 5664.3 5662.08 5662.62 5676.53 5694.2 5707.82 5713.96 5713.05 5708.52 5702.33 5695.7 5692.85 5696.58 5688.78 5695.04 5708.41 5725.94 5722.75 5725.98 5731.55 5737.73 5744.51 5751.87 5759.85 5768.2 5775.81 5782.77 5790.1 5803.7 5795.08 5795.3 5805.56 5821.99 5846.22 5882.25 5922.41
5715.84 5714.53 5712.84 5710.88 5708.56 5710.44 5706.83 5703.46 5699.37 5696.61 5691.25 5686.19 5680.4 5674.94 5668.78 5662.23 5655.84 5649.6 5644.36 5639.21 5635.18 5632.33 5633.97 5642.87 5652.52 5657.81 5659.31 5660.26 5661.03 5662.33 5661.62 5659.02 5657.45 5659.56 5675.68 5695.66 5713.7 5717.19 5713.55 5707.76 5700.74 5692.94 5687.69 5689.98 5696.5 5694.58 5695.57 5686.82 5701.6 5713.99 5721.65 5728.77 5736.57 5745.19 5754.1 5764.32 5773.22 5781.72 5788.77 5794.23 5797.3 5796.75 5804.01 5816.44 5837.9 5880.27 5928.57
5712.39 5711.14 5709.56 5707.64 5705.46 5702.85 5703.83 5699.54 5694.72 5690.58 5686.27 5682.76 5677.83 5672.72 5667.03 5660.91 5653.58 5645.83 5640.15 5633.97 5629.25 5625.18 5625.59 5635.11 5646.36 5650.54 5651.01 5652.13 5653.36 5654.72 5655.5 5655.24 5656.08 5661.38 5676.93 5696.65 5713.58 5716.8 5712.54 5706.94 5700.73 5693.88 5686.79 5683.18 5690.01 5690.97 5691.54 5698.86 5703.23 5705.77 5712.06 5719.87 5728.6 5738.34 5748.91 5759.58 5769.85 5779.75 5789.03 5799.25 5799.06 5796.48 5801.99 5813.61 5836.58 5877.04 5928.92
5707.6 5706.42 5704.88 5703.22 5706.29 5703.73 5700.62 5696.84 5691.48 5684.99 5682.39 5680.3 5675.74 5670.02 5664.96 5658.26 5651.73 5644.77 5637.69 5630.81 5625.5 5620.35 5619.71 5628.99 5643.03 5645.92 5644.26 5645.24 5645.36 5647.23 5650.24 5652.53 5655.75 5662.94 5676.3 5693.92 5712.02 5711.44 5708.37 5704.66 5700.95 5696.13 5688.65 5684.25 5685.61 5685.01 5685.84 5690.8 5693.08 5695.07 5701.52 5710.7 5720.31 5730.16 5740.98 5752.47 5764.31 5776.3 5788.07 5797.64 5797.82 5794.94 5797.51 5807.97 5831.05 5866.47 5916.8
5704.71 5703.74 5702.34 5700.65 5698.68 5701.68 5698.87 5695.3 5691.51 5687.08 5683.58 5680.89 5675.37 5669.88 5663.94 5657.96 5651.4 5644.44 5637.26 5630.46 5623.5 5617.85 5615.29 5622.23 5639.82 5643.61 5642.2 5640.5 5641.03 5643.86 5647.57 5650.81 5654.82 5661.47 5671.85 5683.66 5694.16 5699.1 5700.17 5700.19 5699.97 5698.28 5688.95 5681.29 5680.03 5677.74 5675.09 5672.08 5672.2 5681.44 5691.27 5700.63 5711.17 5720.88 5731.99 5743.6 5756.53 5769.69 5783.8 5795.04 5798.66 5791.26 5788.14 5793.01 5807.79 5842.1 5891.92
5703.28 5702.35 5701.01 5699.34 5697.46 5700.09 5697.79 5695.44 5692.62 5690.86 5687.36 5682.29 5676.45 5670.54 5664.64 5658.34 5651.53 5644.88 5637.49 5630.91 5624.33 5617.71 5612.7 5615.35 5635.8 5638.93 5633.39 5637 5639.4 5642.79 5646.06 5649.81 5654.01 5659.38 5665.9 5671.58 5676.98 5684.99 5689.35 5692.12 5695.1 5696.96 5687.99 5679.58 5675.24 5671 5665.93 5660.21 5657.83 5669.81 5680.79 5691.59 5702.02 5712.46 5723.15 5734.06 5745.79 5758.94 5772.9 5781.17 5783.29 5777.47 5772.3 5773.42 5781.96 5812.03 5858.42
5701.12 5700.21 5698.9 5697.36 5695.41 5693.57 5696.44 5694.75 5693.58 5692.59 5689.6 5683.45 5676.42 5669.55 5663.18 5657.6 5651.74 5645.94 5640.14 5633.76 5626.99 5620.19 5614.35 5612.39 5635.77 5638.1 5635.91 5637.11 5638.81 5640.98 5644.92 5649.38 5653.9 5657.85 5661.33 5664.43 5668.37 5673.93 5678.1 5680.86 5683.7 5687.61 5681.19 5677.23 5672.07 5665.47 5660.47 5657.28 5658.21 5664.84 5673.81 5683.26 5693.67 5703.61 5713.3 5722.83 5732.83 5742.77 5754.06 5755.99 5754.57 5754.25 5752.95 5754.74 5763.12 5786.97 5824.06
5700.22 5699.1 5697.62 5695.89 5694.01 5692.16 5692.83 5691.85 5692.12 5692.62 5691.32 5683.06 5675.62 5668.51 5662.25 5657.51 5652.1 5646.63 5641.5 5636.52 5631.47 5627.34 5622.79 5619.44 5630.79 5635.12 5638.16 5639.19 5639.77 5639.55 5644.67 5649.22 5653.58 5656.13 5657.94 5660 5662.56 5665.43 5667.55 5668.12 5667 5664.6 5664.98 5665 5662.98 5658.87 5655.83 5655.27 5659.95 5661.54 5667.64 5675.78 5684.78 5693.72 5702.09 5709.82 5716.46 5721.76 5726.56 5728.19 5728.01 5731.63 5734.01 5737.41 5745.21 5763.11 5792.46
5700.16 5698.76 5697.08 5695 5692.95 5690.88 5691.06 5689.28 5688.65 5687.54 5686.38 5678.22 5672.4 5666.63 5661.83 5657.72 5652.69 5648.19 5644.41 5640.67 5637.85 5635.59 5635.15 5635.74 5626.48 5628.08 5636 5641.16 5642.99 5643.9 5646.45 5649.33 5651.46 5653.82 5654.94 5655.53 5656.95 5658.4 5658.54 5657.03 5653.53 5649.81 5649.97 5650.48 5652 5651.48 5650.44 5649.57 5649.29 5654.68 5662.26 5670.35 5678.75 5686.91 5694.22 5699.87 5703.06 5703.01 5702.7 5705.97 5707.34 5715.2 5719.6 5722.98 5727.25 5738.55 5765.65
5700.56 5698.9 5696.95 5694.36 5692.03 5692.47 5689.68 5686.58 5683.31 5679.67 5672.35 5670.6 5668.37 5665.16 5661.26 5657.66 5654.5 5650.85 5648.11 5645.9 5645.09 5644.52 5645.34 5645.92 5627.47 5623 5635.49 5644.75 5647.81 5648.71 5648.41 5649.31 5651.86 5652.24 5652.79 5652.41 5653.02 5653.11 5651.86 5649.22 5645.54 5642.66 5642.14 5641.56 5645.04 5645.94 5645.66 5645.04 5645.55 5650.45 5657.96 5666.06 5673.92 5681.83 5688.41 5692.99 5694.51 5691.76 5689.39 5696.11 5703.3 5707.79 5711.18 5714.1 5717.45 5726.69 5747.35
5701.52 5699.73 5697.49 5694.99 5692.31 5691.56 5688.35 5684.92 5680.01 5674.99 5668.24 5666.33 5666.17 5663.94 5661.58 5658.61 5655.77 5653.73 5651.47 5649.73 5648.99 5649.69 5650.66 5649.87 5629.97 5620.58 5636.99 5649.91 5653.01 5650.58 5647.37 5646.55 5647.95 5649.91 5651.76 5652.62 5651.53 5649.67 5647.27 5644.15 5640.65 5638.3 5639.08 5643.35 5643.22 5642.98 5642.58 5642.47 5644.35 5648.46 5654.78 5662.58 5670.92 5678.67 5685.61 5690.81 5693.13 5692.68 5692.24 5696.11 5699.25 5703.81 5707.39 5710.28 5714.55 5722.39 5736.23
5702.41 5700.17 5697.62 5695.08 5692.15 5691.92 5688.03 5684.1 5679.47 5674.39 5668.66 5666.19 5665.79 5664.55 5662.74 5660.5 5657.88 5655.56 5653.61 5652.73 5652.13 5652.12 5651.37 5647.27 5630.22 5620.67 5636.92 5652.67 5653.93 5648.31 5643.15 5642.02 5642.71 5647.05 5650.42 5653.65 5650.13 5646.93 5644.06 5641.12 5638.27 5636.72 5638.73 5644.16 5642.41 5641.07 5640.3 5640.18 5641.66 5645.45 5651.77 5659.77 5668.63 5676.86 5684.8 5691.53 5696.66 5700.92 5702.27 5703.42 5705.14 5706.01 5706.53 5708.62 5712.72 5719.86 5728.07
5704.42 5701.64 5698.68 5695.74 5695.58 5692.4 5688.95 5685.03 5680.28 5675.94 5671.71 5668.96 5667.97 5666.7 5664.86 5662.61 5659.8 5657.81 5655.92 5655.15 5653.79 5652.58 5650.3 5643.18 5628.2 5617.87 5630.13 5645.87 5648.03 5641.81 5637.44 5640.82 5643.06 5645.08 5647.01 5646.82 5646.45 5643.95 5641.52 5639.21 5637.48 5637.44 5639.3 5640.97 5639.93 5638.7 5637.82 5637.74 5638.37 5641.68 5649.05 5657.66 5666.69 5675.83 5684.89 5692.7 5700.51 5708.05 5708.14 5705.5 5705.68 5705.59 5705.28 5706.61 5709.2 5713.36 5718.55
5706.28 5703.37 5700.29 5697.23 5696.68 5693.54 5690.19 5686.65 5682.77 5679.01 5675.65 5673.07 5671.48 5669.84 5666.99 5664.42 5661.86 5659.71 5657.52 5655.14 5654.79 5651.64 5647.72 5642.16 5625.37 5612.03 5621.68 5644.4 5641.61 5637.45 5635.67 5641.72 5643.67 5642.2 5643.6 5645.59 5642.14 5640.39 5638.89 5637.55 5636.43 5635.17 5635.77 5636.85 5636.51 5635.84 5635.52 5635.51 5636.05 5638.88 5647.08 5656.06 5665.78 5675.81 5685.35 5694.6 5702.4 5706.35 5705.16 5699.57 5699.78 5701.22 5703.51 5704.69 5705.46 5706.34 5709.63
5707.81 5704.77 5701.83 5698.73 5697.89 5694.96 5691.81 5688.69 5685.8 5682.74 5680.75 5679 5675.51 5672.2 5669.98 5667.14 5664.37 5663.2 5659.59 5656.63 5653.8 5649.22 5642.83 5633.23 5620.81 5610.32 5616.31 5637.18 5635.66 5635.25 5634.58 5635.43 5636.53 5636.24 5634.3 5634.21 5636.5 5636.39 5635.79 5635.46 5635.04 5632.17 5632.32 5633.22 5633.18 5632.99 5632.41 5633.12 5634.85 5639.29 5646.17 5654.95 5665.07 5675.72 5686.37 5696.43 5704.78 5708.46 5704.44 5697.43 5698.97 5702.85 5703.85 5703.98 5703.27 5702.43 5703.89
5709.21 5706.26 5703.18 5702.23 5699.41 5696.39 5693.41 5690.66 5688.07 5685.86 5684.56 5684.14 5678.49 5674.47 5671.91 5668.77 5665.68 5663.13 5659.19 5655.39 5650.98 5646.3 5639.38 5630.24 5618.37 5609.38 5610.84 5630.42 5631.27 5634.5 5637.8 5631.61 5630.73 5631.48 5631.03 5631.12 5632.58 5632.89 5632.33 5631.99 5632.33 5630.98 5630.38 5630.31 5629.91 5629.63 5629.56 5630.66 5632.8 5637.95 5644.36 5653.62 5664.34 5675.93 5687.47 5698.17 5708.14 5715.96 5708.65 5702.27 5703.14 5705.2 5706.29 5705.06 5702.94 5701.09 5701.38
5710.59 5707.82 5704.78 5704.42 5701.57 5698.1 5695.16 5692.32 5689.65 5687.01 5685.26 5682.35 5678.59 5674.68 5672.36 5669.01 5665.62 5661.57 5657.71 5653.31 5648.87 5643.7 5637.53 5628.25 5616.78 5607.41 5606.46 5624.19 5633.43 5633.94 5629.67 5626.36 5627.43 5629.63 5631.36 5631.62 5631.35 5630.69 5629.23 5627.36 5627.07 5629.91 5628.69 5627.96 5627.32 5626.83 5626.81 5627.76 5629.57 5633.19 5641.23 5651.52 5663.31 5675.62 5688.01 5699.04 5707.53 5711.9 5710.49 5707.15 5709.57 5713.05 5710.54 5707.05 5703.64 5700.88 5700.04
5711.68 5709.14 5707.91 5705.15 5702.57 5699.65 5696.15 5693.2 5690.35 5687.31 5684.34 5681.56 5677.07 5673.5 5671.61 5668.11 5664.7 5660.86 5656.39 5651.52 5646.62 5641.47 5636.66 5627.86 5615.64 5605.29 5600.55 5616.02 5638.48 5635.76 5627.79 5623.11 5626.28 5629.67 5632.08 5631.9 5630.87 5629.56 5627.51 5624.23 5623.16 5626.15 5626.76 5625.79 5624.78 5624.12 5623.92 5624.45 5626.21 5630.89 5638.29 5648.84 5661.59 5675.25 5688.94 5700.54 5708.21 5712.02 5715.25 5715.06 5716.48 5716.47 5713.58 5708.78 5704.23 5700.82 5699.55
5713.16 5710.71 5709.02 5706.28 5703.3 5700.29 5697.81 5694.63 5691.01 5687.33 5683.09 5677.35 5674.74 5672.44 5671.24 5667.81 5663.63 5659.59 5655.01 5650.15 5644.54 5638.25 5631.32 5623.88 5614.79 5605.93 5598.57 5608.99 5641.14 5637.01 5629.05 5624.86 5628.4 5631.39 5631.52 5631.94 5630.85 5629.47 5628.09 5626.1 5623.85 5623.3 5624.33 5623.44 5622.49 5621.48 5620.99 5621.28 5622.75 5625.71 5633.34 5645.6 5659.58 5674.67 5689.81 5703.89 5715.56 5722.8 5726.21 5725.77 5723.82 5721.21 5716.11 5709.16 5703.47 5699.51 5697.51
5714.55 5712.01 5709.26 5707.69 5704.74 5701.18 5698.82 5695.38 5691.46 5687.72 5683.53 5679.05 5675.77 5672.78 5670.95 5667.33 5663.35 5658.85 5654.29 5648.7 5643.5 5636.75 5627.55 5621.89 5616.41 5610.28 5607.88 5615.04 5633.52 5634.02 5631.82 5632.76 5633.83 5634.58 5636.35 5632.69 5630.62 5629.29 5628.86 5630.2 5628.03 5624.51 5622.73 5621.35 5620.01 5618.89 5618.03 5618.11 5619.16 5621.91 5629.35 5641.96 5656.98 5673.16 5690.02 5707.08 5724.62 5735.48 5738.88 5735.61 5728.35 5723.24 5715.56 5706.15 5700.42 5696.33 5692.98
5716.13 5713.4 5710.56 5708.96 5705.9 5702.6 5699.33 5695.82 5692.82 5688.57 5684.66 5681.01 5677.41 5673.19 5671.26 5667.69 5663.57 5658.13 5653.51 5648.26 5643.24 5638.27 5634.67 5626.39 5619.98 5616.26 5616.45 5615.76 5621.41 5626.92 5633.21 5641.01 5638.62 5635.17 5632.31 5631.04 5629.06 5627.49 5626.7 5626.68 5625.68 5624.03 5622.22 5619.28 5617.59 5616.23 5615.37 5615.38 5616.14 5618.39 5624.63 5638.25 5653.95 5670.62 5688.07 5705.89 5723.48 5736.49 5744.35 5738.62 5726.11 5713.46 5702.84 5698.87 5695.66 5692.23 5688.27
5717.74 5714.97 5713.16 5709.98 5706.79 5703.54 5700.23 5696.78 5693.22 5689.87 5685.39 5681.69 5677.88 5673.65 5671.57 5667.74 5663.28 5658.54 5653.18 5647.86 5642.55 5637.92 5633.91 5627.72 5622.34 5619.11 5618.64 5614.78 5612.7 5619.17 5629.88 5642.02 5639.23 5634.19 5629.72 5628.71 5626.78 5624.57 5622.33 5620.55 5617.98 5616.58 5616.62 5616.28 5615.21 5613.89 5613.06 5613.21 5614.19 5616.72 5622.36 5635.75 5650.86 5667.05 5683.73 5700.15 5715.86 5727.24 5734.4 5730.64 5719.42 5704.53 5691.45 5692.34 5690.41 5687.73 5686.12
