real_craters/C142-750m.grd
DSAA
122 122
-45.3075 45.3075
-45.3075 45.3075
4545.9458344937 6512.3908754845
[rows 76 to 113 of 122, columns 0 to 83 of 122]
5713 5709 5703 5698 5688 5675 5661 5644 5630 5632 5653 5655 5658 5657 5695 5716 5701 5685 5693 5696 5714 5735 5761 5784 5798 5806 5873 6013 6182 6149 5994 5834 5777 5760 5770 5769 5777 5787 5800 5810 5816 5825 5826 5827 5835 5838 5834 5866 5915 5953 5991 5982 5857 5769 5710 5651 5609 5583 5564 5617 5657 5715 5675 5687 5755 5877 5985 6078 6275 6303 6236 6144 6071 6021 5992 5999 5969 5875 5813 5786 5783 5771 5752 5723
5704 5701 5701 5694 5684 5673 5658 5641 5624 5615 5643 5640 5647 5657 5681 5698 5699 5684 5677 5667 5688 5714 5741 5774 5798 5786 5832 5968 6126 6064 5958 5847 5771 5762 5764 5770 5768 5774 5786 5795 5803 5805 5808 5815 5821 5825 5836 5848 5877 5916 5948 5926 5891 5838 5790 5756 5722 5695 5675 5677 5699 5783 5814 5839 5908 6044 6126 6116 6131 6142 6125 6074 6030 5986 5945 5888 5822 5848 5859 5832 5803 5784 5762 5739
5701 5697 5693 5694 5691 5672 5657 5644 5630 5617 5637 5639 5644 5655 5661 5669 5672 5670 5662 5657 5669 5691 5713 5732 5736 5741 5768 5848 5880 5921 5977 5911 5785 5771 5784 5759 5758 5764 5772 5782 5789 5795 5801 5807 5810 5815 5824 5832 5843 5855 5865 5879 5880 5858 5828 5803 5798 5804 5833 5895 5941 5967 5921 5914 5936 5981 6026 6034 6011 5982 5972 5985 5971 5940 5902 5841 5809 5860 5878 5859 5824 5789 5764 5754
5701 5696 5689 5685 5672 5666 5658 5650 5646 5647 5622 5648 5649 5652 5652 5652 5645 5641 5645 5645 5657 5677 5692 5689 5702 5711 5724 5774 5815 5811 5835 5874 5782 5774 5757 5742 5746 5756 5764 5771 5778 5789 5792 5796 5800 5802 5799 5810 5816 5811 5834 5876 5866 5854 5855 5851 5852 5877 5944 5998 5976 5967 5939 5926 5922 5922 5938 5944 5931 5910 5913 5927 5928 5918 5903 5901 5917 5906 5903 5880 5845 5805 5781 5757
5704 5697 5689 5682 5671 5667 5662 5656 5653 5648 5619 5650 5639 5644 5649 5644 5638 5641 5640 5639 5649 5671 5691 5708 5707 5706 5716 5731 5740 5745 5741 5760 5755 5759 5755 5740 5744 5752 5759 5763 5770 5778 5785 5793 5797 5799 5803 5803 5807 5820 5822 5829 5840 5843 5846 5850 5858 5877 5886 5897 5906 5920 5909 5896 5882 5867 5877 5885 5880 5877 5895 5895 5897 5898 5901 5908 5913 5928 5928 5902 5860 5824 5804 5770
5708 5700 5695 5688 5681 5674 5667 5662 5654 5638 5611 5636 5635 5635 5632 5636 5635 5632 5632 5633 5645 5669 5696 5709 5699 5704 5702 5709 5723 5741 5725 5730 5747 5751 5751 5754 5750 5750 5754 5760 5770 5776 5780 5786 5793 5799 5800 5800 5801 5801 5809 5798 5818 5829 5839 5848 5862 5868 5869 5850 5853 5869 5863 5855 5844 5834 5835 5845 5836 5830 5854 5866 5874 5885 5897 5912 5927 5951 5958 5918 5874 5832 5799 5757
5711 5704 5700 5692 5685 5676 5668 5659 5647 5634 5606 5633 5628 5628 5632 5629 5624 5627 5625 5626 5639 5668 5699 5712 5714 5711 5701 5703 5710 5716 5705 5717 5736 5744 5741 5751 5749 5749 5751 5756 5763 5769 5776 5785 5792 5801 5804 5799 5800 5800 5796 5791 5805 5814 5824 5832 5837 5840 5838 5824 5804 5821 5821 5817 5811 5802 5803 5806 5805 5807 5826 5838 5854 5872 5895 5921 5949 5971 5957 5925 5878 5833 5786 5752
5715 5708 5701 5693 5684 5675 5667 5657 5644 5625 5612 5618 5633 5635 5633 5629 5628 5622 5618 5618 5628 5663 5706 5738 5729 5710 5696 5689 5678 5681 5680 5692 5708 5721 5726 5733 5737 5743 5749 5755 5762 5765 5772 5777 5783 5793 5795 5792 5789 5788 5784 5774 5787 5796 5803 5809 5811 5812 5817 5802 5792 5791 5791 5789 5790 5789 5780 5777 5779 5786 5792 5806 5830 5855 5882 5915 5965 5992 5968 5916 5865 5821 5774 5753
5719 5711 5704 5696 5686 5675 5668 5656 5643 5630 5620 5614 5623 5636 5628 5621 5615 5616 5613 5612 5623 5655 5694 5721 5716 5692 5684 5672 5654 5649 5650 5662 5675 5694 5712 5713 5729 5740 5748 5755 5762 5768 5771 5774 5776 5774 5779 5781 5784 5782 5777 5774 5776 5781 5789 5795 5796 5786 5770 5787 5793 5780 5772 5767 5761 5760 5760 5759 5758 5756 5759 5779 5808 5834 5860 5883 5900 5912 5919 5883 5842 5801 5778 5744
5723 5714 5705 5696 5688 5680 5671 5658 5644 5631 5622 5616 5611 5622 5620 5615 5612 5612 5606 5605 5615 5642 5680 5708 5702 5684 5656 5634 5631 5619 5624 5635 5638 5664 5690 5712 5725 5735 5745 5752 5760 5765 5772 5774 5772 5764 5766 5773 5779 5778 5774 5770 5761 5770 5782 5791 5795 5793 5788 5786 5783 5770 5758 5749 5737 5735 5742 5745 5747 5746 5754 5774 5796 5816 5833 5847 5857 5859 5854 5840 5814 5788 5756 5746
5723 5713 5704 5695 5689 5682 5672 5661 5652 5640 5629 5626 5607 5612 5611 5614 5622 5607 5600 5597 5601 5625 5654 5696 5679 5646 5631 5620 5607 5601 5609 5616 5625 5651 5676 5683 5721 5733 5742 5753 5762 5769 5776 5777 5776 5769 5767 5763 5758 5763 5764 5762 5757 5769 5784 5796 5804 5812 5810 5797 5776 5760 5748 5737 5727 5726 5733 5739 5745 5751 5763 5776 5791 5804 5814 5820 5821 5818 5812 5801 5784 5761 5720 5719
5720 5709 5698 5689 5682 5679 5666 5657 5648 5640 5631 5622 5595 5608 5605 5599 5598 5598 5594 5589 5587 5617 5664 5671 5655 5629 5619 5618 5611 5601 5605 5610 5615 5633 5660 5683 5707 5728 5738 5751 5761 5772 5779 5784 5786 5785 5776 5765 5754 5756 5759 5757 5762 5777 5796 5812 5821 5825 5824 5814 5779 5751 5739 5734 5728 5728 5731 5737 5745 5755 5768 5777 5788 5796 5800 5801 5795 5788 5781 5769 5752 5735 5682 5671
5710 5700 5689 5679 5669 5660 5651 5646 5638 5631 5622 5613 5593 5599 5602 5594 5595 5594 5592 5590 5592 5624 5677 5659 5642 5621 5611 5607 5610 5609 5611 5615 5608 5620 5639 5657 5700 5719 5732 5746 5758 5770 5781 5793 5802 5803 5790 5778 5764 5766 5765 5765 5770 5789 5820 5841 5850 5840 5837 5825 5773 5740 5734 5734 5737 5733 5733 5736 5742 5749 5758 5780 5785 5789 5791 5791 5786 5776 5758 5740 5720 5712 5686 5663
5696 5689 5679 5667 5654 5638 5633 5636 5637 5627 5617 5607 5594 5598 5600 5590 5590 5591 5591 5596 5611 5645 5674 5659 5639 5620 5608 5612 5628 5627 5620 5616 5611 5618 5640 5662 5688 5708 5721 5733 5747 5763 5779 5795 5810 5815 5799 5789 5787 5782 5780 5785 5784 5813 5857 5880 5891 5893 5851 5808 5764 5737 5732 5734 5741 5734 5732 5733 5737 5744 5756 5774 5780 5782 5784 5786 5785 5773 5748 5724 5694 5671 5674 5672
5682 5679 5668 5656 5642 5628 5623 5627 5629 5621 5609 5602 5600 5577 5594 5587 5587 5590 5592 5598 5615 5654 5678 5661 5642 5621 5612 5620 5623 5623 5626 5620 5614 5627 5661 5696 5684 5699 5714 5727 5740 5756 5771 5789 5808 5811 5796 5780 5781 5795 5809 5814 5825 5897 5915 5913 5913 5913 5849 5803 5768 5744 5733 5727 5726 5728 5727 5726 5729 5739 5762 5763 5768 5773 5778 5782 5785 5778 5751 5727 5695 5663 5655 5660
5683 5669 5657 5646 5634 5624 5619 5620 5617 5613 5605 5591 5588 5590 5578 5592 5591 5589 5589 5590 5598 5620 5671 5665 5649 5631 5622 5630 5635 5639 5631 5627 5634 5654 5677 5668 5691 5692 5705 5718 5731 5742 5758 5772 5790 5798 5785 5771 5786 5824 5866 5896 5928 5990 5961 5925 5892 5867 5827 5798 5774 5755 5735 5726 5722 5724 5725 5724 5721 5720 5717 5730 5751 5763 5770 5775 5778 5773 5760 5743 5722 5693 5655 5632
5666 5652 5640 5632 5625 5623 5624 5612 5604 5602 5596 5586 5586 5593 5569 5588 5592 5587 5583 5582 5581 5590 5655 5664 5646 5634 5605 5649 5647 5637 5637 5633 5635 5670 5678 5685 5689 5693 5700 5705 5714 5726 5738 5750 5756 5772 5772 5777 5807 5861 5923 5990 6017 6029 5986 5921 5854 5817 5814 5794 5765 5736 5727 5727 5725 5724 5723 5718 5714 5705 5693 5714 5742 5750 5756 5764 5770 5773 5770 5756 5747 5728 5674 5630
5633 5624 5618 5615 5612 5612 5612 5599 5591 5594 5591 5595 5588 5594 5581 5588 5591 5587 5583 5578 5575 5579 5614 5633 5628 5622 5632 5647 5631 5647 5639 5632 5635 5655 5660 5667 5679 5702 5690 5689 5696 5705 5717 5731 5748 5760 5763 5790 5823 5878 5953 6060 6211 6097 6010 5920 5831 5792 5804 5787 5759 5720 5738 5743 5739 5734 5727 5720 5713 5704 5701 5716 5733 5734 5740 5749 5760 5762 5754 5753 5744 5722 5676 5640
5599 5594 5592 5592 5594 5595 5588 5588 5586 5587 5588 5586 5582 5592 5577 5588 5590 5588 5587 5584 5581 5581 5581 5598 5601 5591 5580 5623 5628 5651 5635 5622 5605 5641 5663 5645 5644 5652 5659 5666 5674 5683 5694 5710 5730 5744 5752 5779 5811 5853 5913 5985 6019 6072 6014 5917 5831 5799 5792 5787 5783 5788 5774 5772 5759 5745 5733 5721 5710 5705 5709 5713 5712 5713 5718 5724 5734 5735 5741 5726 5728 5670 5656 5647
5544 5561 5569 5576 5578 5579 5578 5571 5570 5569 5571 5572 5576 5587 5585 5579 5584 5581 5582 5584 5584 5584 5582 5582 5580 5574 5576 5609 5626 5633 5625 5613 5599 5587 5577 5610 5612 5611 5631 5644 5654 5663 5672 5681 5693 5715 5733 5761 5784 5815 5843 5870 5883 5948 5948 5896 5857 5833 5828 5808 5796 5787 5780 5762 5762 5751 5734 5720 5709 5702 5699 5693 5683 5686 5689 5690 5682 5668 5643 5665 5684 5661 5642 5643
5546 5547 5556 5560 5562 5563 5564 5568 5565 5562 5562 5567 5569 5573 5572 5569 5575 5574 5576 5579 5583 5584 5576 5573 5571 5568 5569 5577 5569 5597 5602 5596 5593 5589 5599 5605 5612 5604 5612 5625 5636 5644 5652 5657 5668 5687 5705 5719 5746 5769 5783 5786 5779 5801 5828 5840 5856 5842 5828 5807 5798 5804 5806 5792 5773 5756 5738 5724 5710 5696 5685 5674 5660 5660 5662 5661 5642 5612 5560 5594 5647 5634 5616 5611
5558 5553 5553 5554 5555 5555 5555 5568 5559 5553 5548 5555 5567 5562 5568 5583 5558 5562 5568 5573 5577 5575 5571 5569 5570 5574 5582 5583 5587 5595 5594 5590 5583 5590 5597 5597 5598 5596 5602 5611 5621 5630 5637 5643 5652 5666 5682 5696 5711 5726 5733 5733 5726 5727 5739 5764 5772 5784 5782 5779 5777 5781 5787 5799 5780 5759 5741 5723 5705 5687 5671 5649 5639 5638 5641 5643 5653 5604 5570 5565 5564 5564 5579 5577
5565 5559 5553 5552 5550 5548 5549 5549 5546 5542 5536 5543 5552 5555 5570 5572 5550 5552 5560 5569 5576 5575 5566 5566 5568 5571 5572 5578 5584 5591 5591 5587 5583 5589 5596 5589 5590 5587 5597 5604 5612 5620 5627 5634 5641 5649 5660 5670 5681 5689 5696 5698 5696 5696 5691 5709 5727 5737 5736 5742 5743 5741 5750 5772 5770 5753 5734 5714 5696 5677 5659 5645 5630 5623 5623 5619 5601 5596 5589 5581 5575 5561 5560 5562
5562 5558 5551 5548 5545 5544 5542 5536 5531 5527 5526 5537 5546 5549 5560 5560 5538 5542 5552 5564 5575 5572 5564 5563 5565 5567 5569 5577 5580 5583 5586 5585 5584 5586 5582 5580 5580 5584 5593 5601 5608 5614 5620 5622 5628 5633 5641 5648 5654 5659 5662 5666 5669 5676 5661 5669 5687 5702 5709 5717 5717 5716 5735 5771 5755 5737 5718 5702 5683 5664 5643 5621 5609 5606 5609 5607 5598 5585 5567 5558 5562 5557 5551 5544
5560 5556 5549 5544 5539 5537 5535 5529 5523 5516 5522 5528 5537 5547 5560 5546 5532 5538 5548 5561 5572 5572 5561 5561 5561 5560 5564 5574 5567 5581 5583 5582 5579 5573 5575 5582 5579 5582 5590 5599 5606 5610 5615 5620 5619 5617 5619 5624 5630 5633 5636 5637 5636 5637 5638 5636 5654 5686 5709 5702 5694 5692 5707 5736 5729 5715 5699 5683 5665 5649 5632 5613 5602 5600 5607 5607 5599 5584 5567 5549 5558 5550 5537 5526
5556 5551 5544 5539 5533 5529 5527 5525 5525 5523 5521 5523 5531 5539 5545 5542 5532 5531 5542 5555 5566 5563 5567 5564 5556 5546 5556 5573 5567 5578 5582 5582 5581 5579 5578 5589 5588 5584 5593 5601 5604 5607 5609 5610 5609 5605 5601 5606 5611 5612 5611 5609 5605 5605 5611 5612 5629 5678 5695 5678 5668 5666 5680 5694 5691 5683 5672 5660 5647 5637 5626 5619 5618 5614 5613 5612 5604 5585 5567 5548 5523 5526 5520 5512
5548 5541 5536 5531 5526 5520 5511 5514 5516 5515 5515 5518 5526 5534 5531 5534 5525 5524 5533 5545 5558 5555 5568 5566 5552 5545 5561 5557 5565 5574 5581 5583 5583 5582 5583 5593 5598 5597 5602 5604 5605 5604 5602 5601 5599 5599 5602 5597 5595 5594 5592 5589 5587 5590 5599 5600 5594 5603 5632 5638 5636 5632 5630 5642 5649 5648 5645 5639 5631 5623 5617 5614 5615 5618 5615 5610 5600 5579 5558 5535 5512 5510 5508 5505
5542 5533 5530 5527 5521 5514 5509 5507 5505 5506 5511 5509 5521 5529 5535 5533 5525 5517 5521 5531 5542 5544 5551 5554 5545 5542 5542 5556 5562 5575 5581 5582 5585 5590 5592 5589 5598 5608 5614 5606 5605 5604 5598 5587 5590 5589 5586 5584 5580 5577 5574 5572 5568 5564 5571 5577 5562 5562 5587 5598 5601 5600 5596 5604 5613 5617 5618 5617 5614 5611 5607 5603 5606 5619 5608 5599 5586 5565 5546 5524 5519 5504 5498 5498
5540 5539 5531 5523 5516 5511 5510 5508 5502 5501 5509 5517 5518 5521 5525 5534 5520 5503 5506 5518 5520 5522 5534 5541 5542 5548 5561 5551 5554 5561 5569 5578 5584 5590 5597 5592 5589 5598 5596 5600 5602 5604 5613 5614 5590 5579 5574 5569 5568 5566 5562 5557 5553 5550 5551 5554 5546 5542 5556 5569 5576 5576 5573 5581 5587 5592 5596 5599 5600 5600 5599 5594 5587 5595 5591 5575 5559 5544 5531 5517 5506 5494 5491 5494
5529 5528 5523 5517 5512 5505 5494 5497 5495 5499 5505 5511 5516 5514 5519 5525 5516 5499 5502 5517 5522 5521 5524 5527 5536 5538 5522 5534 5541 5553 5566 5570 5576 5582 5584 5577 5573 5572 5585 5592 5592 5595 5600 5599 5581 5564 5552 5555 5552 5552 5551 5551 5547 5542 5541 5541 5527 5528 5536 5547 5556 5561 5562 5562 5570 5579 5585 5589 5593 5594 5597 5598 5604 5595 5576 5544 5531 5526 5514 5504 5478 5481 5484 5486
5521 5516 5512 5511 5508 5504 5497 5498 5490 5507 5513 5515 5518 5518 5521 5523 5515 5506 5507 5523 5534 5525 5518 5514 5524 5526 5530 5527 5529 5544 5556 5560 5562 5565 5566 5567 5568 5563 5573 5575 5576 5578 5575 5571 5565 5556 5550 5546 5546 5548 5544 5544 5542 5538 5536 5527 5511 5507 5519 5531 5541 5551 5553 5548 5563 5576 5584 5590 5592 5593 5594 5597 5594 5590 5571 5549 5530 5519 5507 5493 5473 5473 5474 5471
5517 5512 5509 5509 5509 5508 5512 5508 5510 5524 5522 5521 5518 5518 5525 5523 5515 5504 5497 5515 5523 5518 5515 5513 5513 5518 5527 5513 5528 5535 5544 5545 5546 5547 5549 5561 5555 5544 5551 5552 5557 5558 5561 5558 5551 5545 5541 5540 5540 5539 5540 5539 5538 5538 5539 5513 5503 5503 5508 5517 5528 5540 5549 5554 5569 5579 5585 5587 5589 5590 5590 5592 5594 5582 5557 5537 5522 5514 5512 5489 5482 5472 5464 5459
5517 5511 5510 5510 5513 5514 5517 5527 5527 5519 5518 5517 5515 5512 5514 5518 5511 5496 5485 5502 5508 5509 5510 5513 5510 5508 5513 5514 5511 5517 5521 5527 5530 5530 5532 5538 5532 5523 5534 5540 5542 5541 5541 5538 5539 5538 5536 5535 5533 5535 5533 5532 5529 5528 5528 5507 5496 5492 5499 5507 5517 5529 5547 5567 5582 5588 5590 5588 5587 5585 5585 5583 5576 5552 5522 5503 5497 5497 5507 5501 5485 5463 5453 5447
5510 5508 5505 5512 5519 5525 5531 5539 5530 5516 5513 5510 5508 5503 5506 5508 5501 5489 5480 5495 5501 5501 5503 5505 5492 5500 5499 5498 5492 5502 5509 5513 5517 5516 5512 5514 5506 5512 5526 5530 5532 5530 5525 5529 5531 5535 5531 5531 5530 5529 5530 5528 5523 5515 5500 5500 5496 5489 5495 5501 5510 5526 5555 5591 5602 5599 5595 5595 5591 5587 5582 5575 5559 5542 5523 5487 5473 5466 5455 5430 5435 5444 5439 5433
5512 5508 5509 5516 5528 5538 5537 5525 5535 5535 5515 5504 5500 5496 5503 5502 5495 5485 5477 5483 5488 5494 5496 5494 5492 5484 5489 5489 5493 5495 5499 5505 5508 5509 5508 5509 5504 5510 5525 5523 5525 5526 5524 5524 5522 5520 5522 5522 5523 5522 5521 5519 5517 5513 5506 5500 5495 5495 5498 5501 5503 5508 5548 5600 5606 5600 5597 5596 5593 5588 5580 5571 5556 5544 5532 5478 5457 5442 5419 5407 5428 5428 5426 5420
5509 5506 5506 5517 5532 5554 5548 5528 5532 5531 5500 5497 5490 5483 5489 5483 5481 5482 5483 5489 5488 5488 5489 5487 5480 5478 5479 5483 5482 5489 5499 5506 5502 5503 5508 5510 5502 5509 5521 5516 5520 5527 5529 5524 5518 5514 5516 5517 5517 5515 5512 5512 5511 5513 5521 5513 5509 5506 5506 5508 5507 5506 5536 5562 5577 5587 5590 5591 5588 5583 5577 5570 5556 5536 5495 5464 5445 5430 5418 5408 5410 5415 5414 5410
5500 5502 5504 5515 5531 5542 5545 5547 5546 5534 5517 5497 5480 5495 5490 5490 5486 5484 5484 5473 5482 5481 5483 5483 5479 5481 5479 5481 5485 5488 5489 5488 5493 5495 5496 5496 5501 5501 5508 5512 5516 5522 5527 5522 5518 5515 5514 5514 5513 5512 5511 5510 5509 5509 5507 5506 5509 5515 5517 5521 5525 5530 5541 5551 5563 5579 5585 5584 5581 5578 5571 5564 5556 5546 5493 5457 5439 5424 5415 5410 5412 5408 5407 5406
5501 5503 5505 5514 5529 5535 5541 5537 5545 5530 5515 5494 5483 5484 5486 5479 5484 5486 5484 5476 5459 5468 5477 5486 5480 5474 5470 5478 5480 5480 5480 5483 5484 5487 5489 5493 5492 5491 5506 5509 5511 5511 5513 5515 5518 5517 5513 5510 5509 5509 5510 5508 5506 5503 5502 5504 5514 5519 5527 5536 5548 5560 5560 5566 5576 5582 5584 5581 5578 5572 5564 5557 5547 5536 5488 5462 5439 5421 5416 5419 5404 5401 5404 5404
