real_craters/C142-500m.grd
DSAA
182 182
-45.3075 45.3075
-45.3075 45.3075
4545.095029738 6544.7121316155
[rows 60 to 89 of 182, columns 0 to 66 of 182]
5846.25 5847.6 5858.77 5870.25 5881.46 5890.89 5897.66 5898.35 5883.16 5860.02 5820.26 5806.04 5800.43 5800.19 5802.26 5804.7 5809.88 5816.72 5822.58 5826.16 5830.84 5829.27 5834.78 5839.44 5839.09 5837.19 5840.84 5844.56 5853.51 5863.84 5884.38 5908.94 5960.01 5962.31 5948.51 5932.02 5910.68 5892.11 5880.18 5878.44 5878.84 5881.65 5887.07 5891.93 5886.27 5894.17 5912.35 5932.02 5950.27 5965.92 5968.21 5960.2 5952.15 5942.62 5939.9 5941.54 5943.42 5947.25 5951.39 5952.19 5955.3 5959.15 5963.11 5965.56 5968.63 5971.46 5973.74
5842.42 5845.25 5857.19 5872.27 5886.4 5901.42 5916.78 5932.98 5953.15 5891.36 5818.76 5800.71 5797.17 5797.87 5801.61 5806.78 5812.03 5818.95 5823.9 5833.87 5845.9 5865.33 5863.3 5853.74 5856.13 5854.18 5849.69 5851.14 5861.55 5877.38 5872.25 5875.51 5932.38 5980.24 5971.32 5945.22 5918.74 5894.41 5877.23 5874.46 5877.54 5880.04 5878.88 5880.04 5876.09 5891.65 5909.73 5926.55 5940.32 5946.07 5963.72 5957.6 5948.46 5942.07 5941.53 5943.43 5947.11 5950.65 5954.25 5959.12 5963.09 5966.18 5968.86 5963.74 5965.38 5964.21 5965.35
5836.7 5840.93 5854.43 5870.31 5887.31 5906.31 5925.49 5944.87 5947.89 5904.18 5825.97 5802.28 5796.36 5797.32 5800.99 5805.02 5811.64 5819.28 5827.43 5839.39 5852.42 5869.94 5860.83 5852.41 5850.11 5850.05 5849.61 5848.89 5855.5 5875.87 5872.16 5878.1 5915.98 5983.73 5979.49 5953.33 5924.36 5896.86 5871.98 5867.61 5876.39 5881.13 5881.37 5873.91 5854.25 5890.98 5908.51 5925.19 5940.8 5958.99 5969.09 5961.57 5950.97 5946.73 5945.01 5945.67 5948.39 5951.31 5957.48 5961.84 5965.06 5966.91 5971.69 5973.06 5973.91 5970.8 5968.2
5820.13 5833.17 5851.41 5868.68 5885.36 5904.04 5921.65 5939.35 5956.73 5921.41 5841.02 5808.35 5799.07 5798.58 5803.17 5808.75 5815.82 5826.04 5833.98 5841.24 5847.01 5848.76 5842.43 5841.27 5835.9 5837.61 5841.15 5837 5831.04 5859.45 5870.48 5884.04 5944.81 5987.67 5977.18 5956.5 5929.8 5901.73 5876.54 5875.55 5880.49 5884.06 5887.08 5887.14 5884.87 5890.43 5906.93 5923.81 5944.06 5965.78 5972.53 5973.4 5959.08 5949.87 5947.19 5947.07 5947.42 5950.14 5952.93 5957.57 5961.22 5964.63 5970.07 5972.25 5975.76 5973.94 5971.75
5815.54 5829.28 5847.63 5864.37 5878.42 5892.48 5906.53 5914.31 5910.68 5879.51 5835.95 5812.08 5803.33 5802.6 5805.92 5811.84 5819.65 5827.9 5836.47 5841.79 5842.44 5839.51 5838.25 5839.47 5832.07 5829.05 5830.61 5831.08 5832.77 5853.39 5866.06 5890.78 5936.39 5952.36 5965.7 5953.32 5929.74 5907.62 5890.75 5887.26 5885.85 5886.76 5885.67 5883.29 5886.68 5895.27 5906.97 5919.47 5933 5939.8 5960.72 5965.7 5955.53 5948.24 5947.17 5949.07 5951.16 5954.04 5956.75 5959.79 5963.58 5971.36 5974.51 5977.4 5980.48 5979.17 5976.44
5813.05 5826.85 5838.68 5850.76 5862.76 5874.41 5879.6 5879.98 5866.95 5846.21 5825.85 5812.9 5807.83 5808.92 5813.41 5821.16 5829.49 5837.56 5845.27 5850.42 5848.14 5848.1 5867.8 5850.39 5826.78 5821.93 5822.38 5828.45 5840.84 5845.46 5860.47 5873.87 5911.01 5967.11 5961.19 5946.3 5927.97 5910.24 5899.36 5891.9 5885.96 5887.34 5885.96 5889.58 5894.07 5903.02 5905.58 5911.37 5919.48 5935.3 5949.54 5955.83 5948.19 5945.99 5948.83 5950.81 5952.96 5956.54 5959.5 5963.2 5965.89 5969.97 5974.04 5982.35 5983.68 5987.81 5989.83
5807.35 5818.48 5826.95 5835.42 5842.02 5850.35 5854.23 5849.66 5839.15 5822.42 5816.39 5811.39 5810.64 5813.24 5819.13 5826.48 5835.11 5844.12 5853.35 5859.73 5862.79 5869.82 5895.17 5857.88 5828.96 5816.95 5815.59 5822.43 5830.97 5840.85 5869.06 5904.29 5940.2 5963.47 5953.2 5936.91 5920.75 5906.28 5891.52 5878.92 5878.3 5882.12 5884.67 5897.23 5908.4 5905.05 5903.01 5903.22 5904.23 5914.94 5938.28 5938.19 5947.57 5948.28 5949.18 5952.88 5956.12 5959.46 5964.23 5968.04 5972.26 5975.91 5976.18 5980.87 5987.13 5994.79 6006.99
5802.72 5802.51 5805.49 5814.88 5820.86 5826.79 5827.11 5826.42 5821.6 5814.8 5810.49 5809.65 5810.69 5815.4 5822.54 5831.28 5841.61 5851.26 5860.45 5869.65 5878.37 5879.46 5861.07 5835.94 5818.05 5812.32 5812.41 5819.1 5826.36 5834.97 5880.79 5943.39 5946.06 5944.11 5939.34 5927.22 5913.57 5899.6 5885.59 5876.98 5878.48 5877.74 5884.62 5901.34 5910.58 5904.61 5897.19 5898.14 5899.86 5909.63 5926.55 5929.8 5936.25 5945.44 5950.69 5953.82 5955.82 5957.34 5960.58 5968.89 5974.81 5980.06 5985.45 5991.55 5998.44 6006.88 6016.61
5776.49 5782.77 5786.59 5792.88 5798.73 5804.33 5808.12 5809.09 5807.61 5803.88 5802.78 5802.98 5810.08 5816.63 5825.82 5835.39 5845.79 5856.09 5866.34 5876.97 5886 5875.72 5838.93 5817.9 5810.81 5812.08 5814.76 5818.3 5827.63 5841.53 5891.86 5947.82 5937.69 5927.48 5924.02 5917.12 5907.31 5895.85 5883.64 5873.59 5872.94 5883.94 5892.88 5904.61 5914.28 5903.78 5895.95 5898.65 5902.29 5904.41 5907.23 5918.64 5939.37 5945.61 5950.12 5955.33 5959.46 5963.6 5967.48 5969.74 5975.15 5980.78 5987.04 5991.23 5997.83 6007.28 6016.26
5775.94 5768.71 5771.47 5777.81 5783.2 5789.76 5793.66 5796.48 5796.99 5799.06 5800.07 5804.42 5807.72 5814.6 5825.13 5835.81 5848.53 5859.43 5869.04 5877.42 5886.32 5877.12 5852.09 5827.17 5813.61 5815.53 5816.6 5818.32 5834.68 5867.09 5914.35 5937.69 5920.72 5917.14 5914.34 5911.64 5904.32 5895.95 5887.45 5880.86 5893.32 5888.87 5894.44 5899.58 5902.46 5902.47 5902.26 5901.79 5902.01 5904.23 5909.12 5922.33 5940.05 5947.77 5950.66 5956.09 5961.72 5965.87 5970.25 5976.11 5978.09 5982.45 5987.26 5992.28 5995.74 5999.68 6004.34
5779.77 5759.65 5759.14 5762.47 5770.34 5774.55 5780.79 5786.12 5790.31 5793.87 5795.29 5796.86 5804.8 5814.71 5826.01 5839.71 5851.7 5863.24 5872.52 5875.19 5867.48 5870.55 5870.92 5843.48 5818.28 5818.68 5818.63 5819.17 5841.91 5880.56 5911.03 5917.41 5908.7 5912.41 5911.71 5909.65 5904.83 5899.82 5894.91 5893.19 5907.57 5914.78 5902.35 5898.93 5897.66 5900.7 5909.18 5904.74 5900.17 5904.47 5913.23 5926.24 5938.71 5945.98 5949.47 5958.54 5962.87 5967.68 5971.65 5975.66 5979.72 5987.86 5979.08 5983.13 5987.27 5989.95 5993.99
5779.06 5756.32 5752.38 5754.74 5760.21 5767.13 5774.15 5781.01 5786.69 5791 5794.32 5797.12 5801.63 5813.29 5827.85 5842.16 5855.87 5868.87 5877.48 5880.37 5875.58 5873.7 5872.32 5859.69 5827.74 5819.63 5819.05 5830.49 5849.98 5882.06 5918.31 5919.77 5916.5 5916.66 5914.9 5912.58 5909.89 5907.66 5906.36 5904.95 5905.69 5913.38 5909.56 5902 5896.32 5899.31 5913.92 5909.54 5906.14 5908.21 5908.43 5922.26 5936.83 5943.39 5947.43 5956.09 5962.06 5966.79 5971.11 5966.05 5968.77 5970.42 5972.8 5977.95 5978.25 5979.61 5977.14
5781.93 5756.37 5751.04 5753.82 5759.66 5766.73 5773.7 5781.43 5786.81 5790.55 5791.69 5791.03 5797.75 5810.99 5826 5840.78 5855.22 5868.35 5880.18 5890.4 5894.72 5884.14 5861.69 5827.79 5825.07 5822.06 5821.14 5822.47 5850.5 5882.04 5906.91 5913.3 5916.97 5920.81 5918.22 5916.89 5915.86 5916.38 5919.56 5925.7 5932.02 5928.14 5916.63 5912.33 5907.01 5904.85 5917.71 5919.99 5927.32 5926.84 5924.2 5923.93 5931.4 5941.58 5948.47 5951.15 5946.85 5949.11 5951.85 5961.85 5968.42 5970.21 5970.94 5966.89 5962.62 5963.11 5962.78
5780.29 5754.95 5749.36 5752.61 5758.65 5767.25 5775.15 5782.38 5788.04 5790.69 5793.17 5789.98 5795.76 5808.07 5823.91 5840.45 5856.07 5870.19 5883.64 5899.07 5904.82 5894.7 5873.3 5844.33 5834.28 5829.38 5828.73 5836.54 5852.87 5879.77 5916.45 5924.77 5919.34 5920.86 5920.66 5921.29 5922.5 5924.1 5929.39 5936.71 5944.92 5946.42 5935.75 5926.51 5925.13 5920.76 5925.84 5927.83 5932.36 5942.45 5942.03 5938.85 5939.03 5941.95 5951.23 5944.31 5947.72 5949.26 5947.33 5949.77 5950.75 5952.05 5953.14 5950.12 5948.58 5955.38 5953.35
5779.75 5759.25 5748.25 5750.86 5757.31 5766.8 5777.38 5786.97 5795.13 5795.56 5781 5790.37 5794.79 5810.61 5830.85 5850.12 5868.27 5884.44 5894.78 5900.34 5904.71 5903.23 5905.3 5893.43 5867.58 5844.29 5846.68 5843.65 5856.66 5867.47 5883.26 5920.2 5920.38 5920.31 5922.57 5922.25 5922.67 5924.51 5930.14 5939.94 5944.86 5947.95 5943.91 5935.41 5926.68 5927.07 5932.15 5931.51 5935.96 5939.31 5938.51 5944.18 5945.28 5946.54 5954.75 5942 5950.32 5951.12 5951.82 5959.39 5960.5 5960.49 5958 5958.52 5949.3 5945.17 5942.15
5778.88 5760.76 5746.84 5750.81 5760.15 5770.08 5781.87 5794.01 5806.22 5816.22 5825.18 5814.27 5803.74 5819.03 5838.05 5857.52 5876.49 5894.65 5907.23 5904.61 5892.05 5901.37 5919.13 5942.46 5919.97 5892.44 5879.62 5875.61 5864.75 5863.4 5864.27 5888.39 5910.79 5920.94 5920.71 5918.91 5917.6 5918.55 5922.98 5931.45 5940.11 5936.15 5935.64 5942.62 5945.93 5931.16 5934.41 5942.2 5945.3 5937.81 5939.19 5944.14 5948.55 5950.84 5959.29 5945.62 5958.84 5961.5 5961.64 5962.49 5963.2 5963.82 5965.08 5971.86 5964.24 5965.34 5964.51
5781.56 5766.32 5750.26 5754.23 5762.68 5774.17 5787.13 5801.7 5817.8 5835.25 5855.14 5839.91 5822.26 5832.04 5847.09 5863.19 5879.31 5900.47 5924.15 5945.66 5927.05 5886.04 5867.1 5913.81 5941.89 5918.62 5885.01 5868.81 5865.51 5870.02 5880.1 5874.03 5892.87 5914.61 5913.94 5910.49 5908.71 5908.18 5909.71 5912 5917.01 5927.24 5937.05 5946.53 5953.38 5941.05 5934.56 5947.19 5945.58 5941.44 5949.23 5952.65 5955.5 5959.02 5964.38 5946.01 5958.51 5955.94 5954.14 5953.62 5969.48 5970.37 5973.31 5974.2 5975.49 5985.57 5981.39
5788.6 5779.94 5764.77 5761.58 5768.53 5777.47 5790.57 5806.37 5824.53 5841.39 5850.56 5849.23 5846.63 5847.6 5853.51 5863.94 5878.99 5898.84 5924.58 5959.71 5929.85 5857.02 5796.07 5843.2 5909.64 5904.22 5871.69 5856.02 5857.72 5865.29 5864.63 5862.52 5877.6 5897.84 5900.19 5898.1 5897.05 5895.97 5893.74 5890.07 5880.81 5908.2 5926.91 5931.32 5935.15 5928.37 5925.86 5934.9 5940.1 5944.39 5945.79 5953.07 5963.81 5970.82 5969.67 5951.63 5960.87 5956.81 5954.12 5960.18 5959.08 5959.06 5958.6 5967.39 5969.31 5983.42 5977.3
5805.71 5796.01 5778.06 5771.1 5773.12 5780.21 5791.94 5808.3 5826.34 5845.54 5861.41 5867.59 5862.82 5859.36 5859.04 5863.78 5871.73 5882.65 5897.22 5905.06 5885.46 5836.63 5786.17 5838.56 5892.36 5876.38 5848.59 5841.34 5844.43 5846.03 5841.49 5851.88 5859.28 5867.97 5876.09 5879.16 5880.27 5880.6 5880.55 5878.72 5875.85 5880.04 5885.85 5897.5 5913.08 5914.93 5916.18 5922.3 5937.86 5955.49 5962.64 5967.45 5977.97 5984.65 5980.48 5948.23 5969.7 5969.47 5965.66 5965.48 5957.94 5952.64 5950.76 5948.48 5956.16 5961.32 5961.9
5814.88 5803.64 5787.46 5777.81 5773.78 5778.52 5789.45 5805.7 5824.67 5845.63 5867.26 5877.33 5869.05 5863.43 5860.07 5859.16 5861.05 5861.79 5860.15 5851.55 5851.7 5844.27 5834.82 5860.71 5874.07 5854.42 5848.23 5836.48 5832.54 5831.3 5828.83 5825.66 5839.46 5848.44 5854.01 5858.73 5862.57 5865.24 5868.18 5869.58 5866.97 5865.57 5865.1 5871.68 5895.58 5919.63 5913.65 5914.63 5936.76 5964.88 5988.45 5996.44 5998.8 6001.66 5987.92 5958.89 5989.93 5976.52 5971.76 5966.16 5968.18 5963.5 5942.02 5939.31 5937.83 5934.64 5942.81
5817.45 5803.2 5784.56 5772.98 5764.93 5769.69 5781.06 5799.24 5819.14 5839.49 5859.19 5869.74 5866.52 5859.32 5853.78 5850.7 5847.97 5843.77 5835.12 5821.84 5834.91 5854.7 5879.53 5861.08 5839.46 5832.62 5829.65 5826.71 5824.41 5821.4 5823.2 5831.23 5827.49 5827.94 5831.38 5840.88 5847.83 5853.96 5860.63 5869.22 5871.48 5863.81 5856.57 5863.28 5874.19 5883.13 5907.05 5939.46 5948.26 5977.99 6006.11 6015.24 6014.54 6013.72 6012.83 5954.27 5987.15 5986.07 5983.08 5977.99 5972.87 5969.32 5955.38 5950.78 5944.22 5933.78 5921.24
5809.96 5794.95 5767.39 5755.35 5750.58 5755.49 5769.63 5788.96 5808.43 5827.41 5843.39 5853.22 5848.82 5844.27 5841.81 5840.34 5836.93 5831.78 5826.8 5825.16 5826.74 5838.8 5852.52 5839.1 5824.7 5813.59 5808.33 5812.9 5818.25 5825.09 5822.33 5827.17 5821.21 5819.08 5820.51 5829.05 5835.53 5840.48 5846.33 5857.24 5867.89 5861.21 5852.73 5856.11 5868.44 5873.33 5910.53 5957.45 5970.11 5991.78 6012.47 6025.38 6022.7 6017.67 6008.43 5947.77 5982.29 5980.04 5972.54 5965.41 5959.26 5952.51 5945.24 5936.63 5931.48 5915.84 5897.44
5789.69 5753.67 5740.99 5730.5 5724.97 5738.99 5756.81 5777.4 5798.04 5815.36 5826.22 5826.56 5827.85 5827.95 5831.41 5831.41 5828.73 5822.6 5815.5 5815.05 5813.35 5810.71 5808.17 5813.79 5804.86 5801.82 5799.27 5803.91 5811.43 5822.61 5833.73 5829.43 5819.2 5817.17 5819.42 5822.51 5825 5827.25 5828.01 5824.43 5828.74 5835.94 5846.13 5870.25 5882.41 5891.91 5918.24 5956.79 5982.44 6007.83 6038.06 6036.19 6026.95 6018.92 6009.86 5940.41 5970.51 5953.71 5945.75 5940.61 5941.56 5925.99 5919.22 5904.15 5893.3 5866.19 5840.48
5773.78 5746.15 5729.65 5718.17 5711.98 5728.47 5747.01 5767.8 5789.76 5809.75 5821.73 5821.56 5825.7 5826.17 5830.06 5830.11 5826.55 5820.43 5809.47 5801.31 5805.61 5805.19 5805.04 5811.45 5810.97 5798.94 5792.78 5797.99 5805.19 5813.64 5819.7 5816.2 5812.25 5814.76 5818.94 5817.49 5817.1 5817.02 5816.49 5814.93 5820.1 5821.6 5832.55 5884.24 5899.6 5915.35 5945.21 5967.6 5974.39 6004.91 6037.77 6031.35 6021.88 6013.9 6007.83 5922.35 5952.44 5933.93 5921.93 5909.42 5891.81 5876.29 5858.82 5844.07 5822.1 5795.5 5763.55
5762.39 5744.52 5729.26 5719.24 5722.71 5723.49 5737.51 5760.72 5785.94 5810.53 5831.2 5848.32 5848.91 5841.1 5839.94 5837.49 5832.04 5825.6 5821.98 5814.26 5807.57 5808.9 5811.93 5815.54 5811.16 5797.6 5792.01 5795.34 5801.74 5808.55 5823.44 5816.31 5811.85 5811.37 5810.44 5810.07 5809.73 5809.17 5809.95 5814.1 5815.82 5820.48 5833.64 5867.91 5899.69 5928.54 5967.42 5983.78 5980.98 5990.12 6008.68 6005.78 6005.17 6002.53 5998.77 5896.02 5921.18 5909.85 5889.56 5869.77 5851.44 5829.5 5808.23 5779.74 5748.92 5712.85 5646
5756.24 5748.97 5735.9 5717.21 5700.64 5699.68 5727.62 5754.65 5784.71 5814.89 5844.38 5871.44 5877.34 5864.29 5857.6 5849.85 5840.22 5830.16 5821.66 5814.1 5806.22 5803.36 5807.39 5814.96 5808.89 5794.91 5790.03 5793.44 5801.72 5807.64 5810.98 5813.91 5811.31 5809.51 5806.52 5805.95 5804.09 5801.95 5800.8 5803.12 5809.24 5822.45 5827.24 5857.41 5895.6 5929.82 5949.34 5952.96 5941.17 5944.99 5960.05 5975.81 5982.05 5985.41 5986.04 5880.39 5888.48 5878.81 5853.06 5831.86 5808.35 5769.9 5748.26 5720.35 5687.81 5656.84 5570.42
5750.93 5743.52 5730.08 5715.96 5704.43 5715.25 5724.48 5750.73 5781.99 5816.65 5851.43 5883.47 5896.66 5889.28 5877.2 5861.99 5847.03 5832.71 5818.47 5809.63 5801.79 5793.59 5797.46 5805.25 5804.53 5793.51 5786.85 5789.38 5794.61 5796.75 5806 5810.78 5811.02 5808.56 5808.91 5804.76 5798.46 5794.34 5791.36 5789.85 5794.53 5806.49 5818.43 5853.04 5895.02 5933.47 5952.05 5941.4 5939.93 5937.17 5942.08 5952.27 5964.07 5970.54 5969.14 5852.27 5845.82 5839.91 5810.27 5785.4 5751.18 5734.88 5705.95 5688.18 5655.88 5612.65 5519.64
5748.47 5740.68 5730.85 5719.8 5710.44 5705.05 5719.51 5745.16 5776.09 5812.36 5849.86 5885.28 5907.4 5903.53 5889.17 5869.1 5851.55 5835.86 5820.74 5809.33 5799.94 5793.31 5789.39 5787.59 5792.61 5791.3 5785.43 5785.05 5785.94 5790.86 5804.2 5807.12 5804.42 5804.2 5801.53 5796.88 5791.94 5787.81 5786.85 5788.09 5793.33 5810.41 5819.57 5856.92 5896.11 5920.54 5926.57 5934.74 5929.86 5922.64 5929.11 5934.83 5942.33 5951.54 5956.41 5827.52 5799.9 5808.55 5786.43 5753.48 5735.77 5708.52 5678.68 5652.45 5618.36 5562.35 5445.95
5748.43 5746.56 5743.07 5728.17 5713.7 5705.94 5713.75 5738.01 5769.62 5805.03 5841.1 5872.99 5892.11 5895.03 5884.53 5867.63 5851.94 5838.19 5825.58 5810.33 5798.33 5791.52 5784.92 5783.03 5786.28 5784.56 5783.69 5782.65 5784.94 5796 5798.67 5800.87 5801.47 5799.18 5793.6 5787.98 5786.7 5781.81 5777.02 5783.13 5800.57 5832.65 5855.8 5862.69 5877.17 5892.44 5899.99 5909.54 5909.24 5910.77 5915.18 5918.99 5929.48 5934.56 5941.24 5944.85 5784.46 5792.87 5762.71 5736.08 5704.5 5666.77 5630.84 5597.85 5563.31 5519.6 5383.98
5750.14 5751.24 5751.7 5738.23 5715.91 5703.62 5706.04 5729.21 5760.74 5796.04 5830.01 5858.38 5875.36 5876.23 5868.74 5860.22 5847.74 5834.52 5822.44 5807.27 5794.43 5786.1 5781.43 5782.21 5787.16 5791.6 5785.42 5781.35 5779.15 5779 5788.84 5793.13 5796.91 5793.57 5791.47 5791.63 5786.85 5781.39 5772.93 5783.08 5809.19 5836.52 5854 5861.05 5872.18 5882.69 5898.18 5913.07 5905.99 5904.91 5906.57 5908.27 5909.45 5910.55 5919.87 5921.9 5754.22 5758.95 5733.15 5698.58 5676.14 5644.08 5612.82 5577.59 5542.92 5491.43 5355.99
