real_craters/C142-300m.grd
DSAA
303 303
-45.3075 45.3075
-45.3075 45.3075
4544.6397387296 6545.9791217812
[rows 240 to 269 of 303, columns 0 to 66 of 303]
5544.06 5540.03 5544.34 5548.47 5552.3 5554.77 5557.15 5558.45 5559.24 5559.81 5560.65 5561.17 5561.43 5561.47 5562.84 5563.73 5565.65 5563.43 5563.58 5564.21 5563.62 5562.57 5561.9 5561.33 5560.52 5561.3 5563.72 5565.57 5566.8 5567.9 5568.37 5570.76 5571.55 5571.42 5570.67 5571.48 5576.71 5567.14 5577.62 5573.83 5572.19 5571.74 5571.49 5572.51 5573.05 5574.34 5575.89 5577.1 5578.91 5580.54 5582.04 5583.07 5583.38 5580.26 5575.63 5575.09 5574.17 5573.1 5572.21 5571.47 5570.53 5569.94 5568.65 5567 5568.9 5570.55 5567.1
5547.12 5543.27 5546.37 5549.32 5551.61 5553.56 5555.17 5555.89 5557.29 5557.23 5557.85 5558.36 5557.9 5558.22 5559.54 5560.09 5562.11 5561.3 5558.03 5561.44 5561.36 5560.16 5559.63 5559.05 5556.93 5556.46 5558.6 5560.91 5564.1 5568.37 5570.13 5569.1 5569.64 5568.47 5568.5 5571.04 5577.97 5578.33 5567.98 5565.4 5565.93 5565.97 5566.82 5568.42 5569.61 5571.17 5573.59 5575.01 5576.94 5578.77 5579.65 5580.23 5579.43 5577.13 5574.07 5572.42 5571.82 5571.25 5570.8 5570.52 5570.31 5570.39 5570.55 5570.81 5574.95 5578.24 5578.61
5556.72 5553.75 5553.06 5552.62 5552.7 5553.03 5553.44 5554.35 5554.87 5554.49 5554.81 5555.31 5555.38 5555.47 5555.51 5555.73 5552.68 5562.63 5570.95 5563.31 5559.05 5556.38 5554.69 5553.26 5550.84 5549.17 5549.19 5553.55 5559.25 5565.36 5567.23 5565.14 5563.19 5562.99 5564.92 5568.88 5577.29 5588.7 5560.36 5557.3 5558.72 5560.05 5561.26 5563.92 5565.94 5569.01 5571.36 5573.18 5575.49 5576.42 5577.64 5577.77 5576.45 5574.19 5571.65 5570.66 5569.83 5569.34 5569.19 5569.5 5570.11 5571.05 5572.93 5576.86 5583.15 5582.1 5580.39
5565.51 5567.44 5559.92 5556 5554 5553.24 5552.75 5552.44 5552.35 5552.36 5552.83 5552.87 5552.71 5552.58 5552.96 5553.65 5555.99 5558.92 5560.44 5558.39 5554.97 5551.65 5547.97 5545.57 5544.18 5542.31 5540.29 5546.73 5553.19 5557.78 5560.28 5559.81 5557.95 5558.34 5561.03 5564.34 5576.98 5583.82 5561.83 5555.4 5554.61 5555.72 5557.15 5558.91 5561.5 5564.43 5567.41 5570.33 5573 5575.08 5576.26 5576.35 5574.88 5572.62 5570.69 5568.44 5567.43 5567.68 5568.23 5568.88 5569.67 5570.83 5573.01 5576.66 5579.29 5579.8 5580.3
5566.26 5564.87 5560.87 5557.26 5554.6 5553.22 5552.7 5552.48 5551.92 5551.36 5551.48 5550.97 5550.49 5550.04 5549.72 5551.48 5551.55 5551.46 5551.91 5551.75 5549.65 5547.25 5543.37 5540.68 5539.41 5538.25 5539.62 5542.75 5548.24 5553.86 5555.38 5555.49 5555.41 5557.41 5562.18 5569.16 5577.33 5578.63 5567.25 5556.41 5551.33 5551.84 5553.18 5555.7 5558.24 5561.66 5564.63 5568.7 5571.86 5574.39 5576.04 5576.18 5574.18 5572.95 5567.67 5563.22 5565.37 5566.05 5566.51 5567.24 5568.51 5569.76 5571.4 5572.44 5572.37 5574.69 5576.57
5563.62 5560.76 5559.54 5557.78 5555.27 5553.52 5552.2 5550.92 5550.01 5548.98 5548.47 5547.76 5547.23 5546.76 5548.03 5547.41 5547.47 5547.92 5548.01 5546.14 5543.93 5542.65 5545.65 5540.33 5535.63 5534.02 5534.93 5539.25 5543.91 5547.46 5550.66 5552.1 5553.31 5556.34 5564.23 5570.18 5573.41 5574.74 5563.7 5552.47 5546.87 5546.87 5548.5 5550.56 5554.1 5559.42 5563.46 5567.22 5570.7 5573.77 5576.48 5578.47 5577.19 5572.97 5569.56 5567.27 5565.3 5565.18 5565.29 5566.08 5567.05 5568.26 5569.6 5570.08 5568.81 5570.62 5571.74
5562.24 5561.41 5559.51 5557.55 5555.49 5553.53 5551.57 5550.07 5549.08 5545.79 5545.03 5544.19 5543.62 5542.97 5543.65 5544.49 5544.47 5545.9 5543.49 5540.24 5537.29 5533.4 5526.83 5530.15 5530.05 5529.93 5531.95 5536.32 5541.09 5544.95 5547.68 5549.42 5551.33 5555.38 5561.28 5566.29 5570.19 5570.08 5558.33 5545.17 5541.94 5542.32 5544.52 5546.22 5549.87 5555.32 5559.47 5564.23 5568.47 5572.43 5575.81 5578.13 5576.2 5570.68 5568.06 5566.99 5564.83 5564.08 5564.36 5565.1 5566.07 5567.53 5568.12 5568.66 5568.73 5569.09 5570.04
5561.69 5560.6 5558.96 5556.72 5553.9 5551.24 5549.06 5546.96 5547.27 5545.92 5545.42 5544.11 5543.1 5542.61 5542.87 5541.69 5539.22 5536.27 5535.85 5534.07 5531.65 5529.58 5527.83 5524.88 5525.55 5526.17 5529.02 5534.33 5540.03 5543.68 5546.01 5547.38 5548.69 5550.35 5555.8 5561.15 5566.61 5565.84 5553.49 5542.08 5537.89 5538.95 5540.54 5543.81 5547.96 5552.84 5557.66 5561.86 5567.06 5571.71 5575.07 5575.65 5573.9 5569.13 5566.16 5564.36 5563.33 5562.93 5563.5 5564.35 5564.85 5566.15 5567.09 5566.66 5568.08 5569.16 5570.85
5561.31 5561.12 5559.69 5556.71 5553.66 5551.03 5548.65 5546.41 5544.49 5542.77 5541.36 5540.06 5540.85 5540.08 5537.98 5536.65 5535.21 5530.69 5529.87 5528.83 5526.57 5524.38 5525.03 5523.27 5522.85 5524.07 5527.13 5532.14 5539.05 5545 5544.17 5544.95 5546.43 5548.98 5551.74 5555.99 5558.72 5557.29 5548.58 5538.84 5534.22 5535.53 5538.34 5541.83 5546.13 5550.62 5555.32 5560.5 5566.01 5570.6 5574.58 5577.62 5574.62 5570.26 5565.61 5562.28 5561.05 5561.49 5561.78 5562.58 5564.01 5565.25 5567.71 5571.07 5569.23 5569.12 5574.15
5560.72 5559.73 5557.71 5555.56 5552.79 5550.22 5547.45 5545.65 5543.84 5542.03 5539.92 5538.46 5537.99 5537.65 5536.26 5535.1 5533.93 5529.35 5527.3 5526.1 5523.17 5517.79 5512.92 5517.58 5520.36 5523.13 5525.42 5528.7 5532.17 5536.15 5539.93 5542.57 5545.12 5546.57 5553.34 5556.22 5554.54 5551.84 5544.59 5536.83 5532.33 5533.88 5537.03 5541.14 5545.01 5549.87 5554.26 5559.48 5564.47 5569.2 5573.21 5574.9 5573.94 5570.35 5565.22 5559.67 5559.36 5560.57 5561.37 5561.52 5562.03 5562.89 5564.09 5563.38 5564.81 5565.74 5568.81
5559.66 5558.09 5556.55 5553.87 5551.34 5548.88 5546.49 5544.69 5541.41 5539.5 5538.56 5537 5535.64 5534.54 5535.23 5534.2 5533.55 5531.81 5528.19 5525.55 5523.03 5520.44 5518.26 5518.03 5519 5520.49 5522.8 5525.4 5528.03 5531.74 5536.07 5540.18 5544.64 5552.78 5562.01 5559.51 5552.09 5547.27 5542.23 5536.56 5532.9 5533.16 5535.42 5538.82 5542.68 5547.48 5552.53 5557.63 5563.27 5567.72 5571.31 5573.84 5572.45 5570.07 5565.72 5561.47 5560.98 5561.34 5561.21 5560.79 5559.93 5559.42 5559.3 5560.79 5561.75 5564.56 5566
5557.99 5556.05 5553.73 5551.63 5549.35 5546.71 5544.45 5542.24 5540.37 5538.4 5535.82 5534.21 5533.15 5532.03 5531.79 5531.25 5531.27 5530.61 5528.17 5525.74 5524.43 5523.32 5521.91 5520.13 5519.14 5517.88 5520.87 5523.17 5525.54 5529.11 5533.42 5537.66 5541.53 5545 5549.55 5553.51 5553.3 5547.23 5541.27 5536.39 5533.72 5532.94 5533.66 5536.23 5540.5 5545.4 5550.66 5555.99 5561.07 5565.06 5568.21 5569.53 5569.14 5568.17 5566.21 5565.6 5565.05 5563.54 5561.89 5560.03 5557.83 5555.74 5554.27 5554.79 5557.89 5562.95 5563.34
5555.93 5553.87 5551.95 5549.36 5546.77 5544.13 5541.92 5539.79 5537.68 5535.61 5533.55 5531.46 5529.8 5528.36 5527.67 5527.8 5528.48 5526.86 5524.75 5525.11 5525.14 5525.85 5523.94 5521.41 5520.57 5521.16 5520.79 5522.13 5523.59 5527.34 5531.24 5534.9 5538.24 5540.02 5542.02 5545.62 5543.49 5545 5539.03 5534.57 5531.87 5530.26 5530.44 5532.92 5537.24 5542.09 5547.8 5553.15 5558.48 5562.98 5565.67 5565.55 5563.93 5563.47 5565.12 5566.9 5567.34 5565.26 5562.58 5559.25 5555.83 5552.38 5548.42 5545.36 5552.31 5556.35 5554.73
5553.11 5551.13 5549.37 5546.34 5543.43 5540.91 5538.63 5536.67 5534.54 5532.47 5530.59 5528.31 5526.41 5524.51 5523.08 5522.07 5524.1 5524.7 5525.06 5523.49 5523.34 5524.52 5523.02 5520.51 5519.61 5520.04 5519.93 5521.4 5525.2 5526.54 5529.51 5532.73 5535.95 5539.42 5540.27 5540.85 5538.56 5537.1 5534.6 5531.35 5527.53 5524.48 5525.84 5529.87 5534.28 5539.2 5544.31 5549.93 5555.41 5560.44 5565.13 5564.91 5559.92 5559.77 5563.63 5566.91 5568.19 5566.8 5562.93 5558.85 5554.58 5550.72 5547.91 5548.01 5551.53 5555.02 5556.87
5549.53 5547.18 5544.38 5542.04 5539.84 5537.73 5535.72 5533.99 5531.98 5530.15 5527.91 5525.67 5522.84 5520.58 5517.76 5514.38 5511 5515.37 5519.42 5519.45 5518.63 5517.63 5517.84 5517.24 5515.96 5515.79 5517.54 5518.98 5520.82 5524.23 5527.49 5530.84 5533.8 5535.24 5535.37 5533.33 5534.28 5532.69 5532.09 5529.1 5524.91 5520.45 5522.57 5526.87 5531.02 5535.46 5540.42 5545.75 5551.31 5556.93 5561.19 5560.7 5557.17 5557.8 5562.43 5567.94 5570.09 5568.74 5562.98 5557.67 5553.01 5548.96 5546.28 5547.41 5553.12 5559.51 5561.96
5546.12 5543.57 5540.8 5538.31 5536.25 5534.72 5532.75 5530.8 5529.04 5527.13 5524.88 5522.92 5520.09 5517.41 5514.16 5510.75 5506.21 5509.55 5514.41 5514.21 5513.74 5512.95 5513.54 5514.36 5514.83 5515.02 5515.72 5516.88 5518.51 5521.99 5525.48 5528.96 5532.13 5533.78 5528.1 5532.48 5536.36 5536.45 5532.5 5528.65 5524.93 5522.17 5522.91 5525.2 5527.74 5531.33 5535.88 5540.82 5546.4 5551.87 5556.22 5555.19 5553.24 5554.49 5559.58 5567.16 5580.68 5567.67 5560.97 5555.34 5550.54 5546.46 5544.15 5545.43 5551.85 5559.25 5548.96
5543.72 5540.41 5536.68 5533.81 5533.05 5532.33 5530.81 5529.09 5526.7 5524.74 5522.41 5520.22 5517.68 5515.2 5512.53 5510.91 5511.08 5508.99 5507.84 5508.86 5509.77 5510.39 5510.27 5511.51 5514.5 5514.58 5513.98 5514.97 5517.82 5519.95 5523.4 5526.93 5530.58 5534.21 5534.46 5536.84 5537.78 5534.91 5531.75 5528.51 5525.51 5524.67 5526.47 5523.09 5523.87 5526.39 5530.4 5535.29 5540.79 5545.79 5549.02 5548.13 5543.16 5548.33 5553.65 5557.95 5553.66 5558.6 5556.71 5552.34 5547.49 5543.52 5539.43 5541.3 5545.97 5548.64 5540.24
5541.95 5538.46 5534.5 5531.69 5530.97 5530.54 5529.54 5527.72 5525.72 5523.13 5520.7 5518 5515.63 5513.31 5511.03 5508.91 5507.72 5507.68 5506.71 5506.41 5505.64 5505.5 5505.82 5507.11 5508.65 5510.89 5511.96 5511.17 5512.8 5518.15 5521.68 5524.79 5527.69 5530.4 5532.91 5535.02 5535.6 5533.82 5531.74 5528.31 5524.55 5521.64 5518.53 5517.37 5518.3 5521.07 5525.1 5529.53 5534.19 5538.87 5543.18 5542.57 5546.99 5543.69 5547.05 5551.63 5558.14 5556.16 5552.37 5549.01 5545.17 5541.62 5541.21 5541.72 5542.66 5541.8 5550.38
5541.3 5537.93 5534.1 5530.58 5530.81 5530.17 5528.25 5526.09 5523.59 5521.49 5519.11 5516.45 5514.46 5512.37 5510.12 5507.88 5506.61 5507.98 5509.38 5507.32 5500.98 5498.48 5501.45 5503.62 5503.66 5508.45 5511.97 5515.06 5516.42 5518.02 5520.22 5522.36 5524.5 5526.2 5529.19 5532.25 5533.63 5534.53 5532.23 5527.87 5522.65 5517.2 5512.11 5510.32 5511.85 5515.26 5519.48 5523.6 5527.53 5530.39 5531.5 5528.84 5525.88 5534.38 5539.78 5544.73 5547.72 5548.7 5547.98 5545.96 5543.09 5540.8 5540.87 5543.9 5546.35 5547.81 5549.43
5540.69 5538.34 5536.29 5533.67 5533.42 5530.88 5527.73 5524.84 5522.28 5519.65 5517.29 5515.25 5513.04 5511.38 5509.71 5508.83 5508.15 5508.58 5509.93 5508.09 5500.61 5497.4 5499.87 5503.35 5508.33 5509.25 5512.62 5516.48 5517.86 5518.26 5519.31 5520.52 5521.89 5523.72 5526.07 5529.71 5531.38 5533.24 5532.21 5527.13 5520.5 5513.68 5507.4 5504.35 5505.86 5509.54 5514.15 5518.39 5521.65 5523.2 5522.65 5522.07 5522.97 5527.04 5532.96 5538.03 5542.04 5543.88 5543.88 5543.18 5541.8 5540.91 5541.43 5546.14 5551.82 5556.27 5553.59
5538.84 5538.36 5539.56 5543.31 5537.52 5531.31 5526.78 5523.37 5520.32 5517.81 5515.39 5513.06 5511.09 5509.95 5509.27 5510.37 5509.26 5507.19 5506.37 5504.99 5501.92 5499.78 5499.82 5502.06 5505.21 5508.46 5512.05 5516.05 5517.28 5517.7 5518.27 5518.96 5519.56 5520.6 5522.6 5522.53 5528.18 5531.81 5531.59 5525.78 5518.48 5510.85 5503.64 5498.97 5500.39 5505.02 5510.3 5514.85 5517.98 5519.25 5518.48 5515.94 5517.27 5522.81 5527.92 5532.54 5536.22 5538.27 5539.62 5540.21 5541.32 5543.32 5556 5544.52 5540.69 5551.42 5556.98
5534.96 5535.23 5537.01 5540.24 5534.81 5528.66 5524.41 5521.1 5518.27 5515.8 5513.65 5511.16 5508.9 5507.04 5505.85 5508.42 5506.46 5503.09 5500.55 5497.6 5498.34 5498.7 5499.19 5500.36 5502.62 5506.46 5509.93 5514.07 5515.27 5516.35 5517.15 5517.49 5517.83 5520.27 5521.65 5523.07 5525.32 5528.55 5529.28 5524 5516.82 5509.05 5501.35 5495.32 5496.62 5502.38 5508.39 5513.57 5516.95 5518.31 5517.8 5516.66 5517.09 5520.8 5524.53 5527.88 5530.95 5533.56 5534.71 5537.17 5541.68 5550.63 5555.84 5534.03 5513.12 5529.79 5551.9
5529.83 5530.05 5529.62 5525.72 5524.03 5523.23 5520.89 5518.45 5516.07 5513.93 5511.62 5509.08 5506.7 5503.72 5499.9 5495.45 5497.42 5497.8 5496.38 5493.9 5495.02 5497.03 5498.64 5500.27 5502.72 5505.61 5507.7 5508.26 5512.81 5515.3 5516.55 5516.78 5515.68 5515.77 5519.33 5519.67 5520.76 5524.55 5525.96 5521.77 5515.62 5508.67 5501.75 5496.35 5497.2 5502.65 5508.61 5514.51 5518.81 5521.02 5521.25 5520.19 5520.19 5521.19 5522.58 5524 5525.39 5526.27 5528.98 5532.41 5536.9 5544.29 5544.97 5524.9 5502.15 5526.39 5547.05
5525.87 5525.13 5523.59 5521.57 5520.28 5518.42 5516.97 5515.6 5513.93 5512.26 5510.27 5508.03 5505.19 5502.09 5498.07 5492.98 5493.89 5495.51 5495.58 5495.11 5497.08 5497.41 5499.58 5501.32 5503.98 5506.96 5508.82 5510.76 5513.02 5515.31 5516.95 5518.22 5519.56 5520.36 5517.86 5510.17 5517.12 5521.41 5522.09 5519.82 5514.97 5509.09 5503.6 5500.38 5500.85 5504.73 5510.59 5516.93 5522.58 5526.83 5527.17 5526.04 5523.77 5522.32 5521.48 5521.2 5520.85 5521.52 5523.33 5526.41 5529.02 5530.63 5533.48 5527.43 5519.35 5530.69 5538.46
5522.33 5521.14 5519.08 5516.74 5514.5 5514.3 5513.68 5512.86 5511.97 5510.54 5509.12 5507.19 5504.5 5501.95 5499.71 5499.88 5497.19 5496.39 5496.65 5496.89 5492.33 5497.33 5502.27 5507.09 5509.1 5510.45 5511.43 5512.75 5514.77 5516.58 5517.94 5519.27 5521.25 5519.38 5518.96 5521.01 5520.56 5521.71 5522.36 5519.73 5515.12 5510.24 5505.94 5503.23 5503.13 5506.79 5512.75 5519.35 5526.36 5531.62 5532.15 5529.89 5526.35 5523.06 5520.57 5518.53 5517 5514.97 5517.87 5521.96 5525.14 5527.51 5529.1 5531.56 5541.28 5532.99 5531.24
5519.87 5517.98 5515.91 5513.35 5512.21 5511.17 5510.85 5510.63 5509.83 5509.18 5508.23 5506.96 5505.52 5503.29 5499.85 5497.05 5498.66 5498.73 5498.69 5498.49 5496.86 5500.63 5505.84 5511.02 5513.37 5514.84 5515.72 5516.18 5517.25 5517.89 5518.53 5518.78 5517.95 5511.16 5517 5521.59 5522.22 5522.52 5522.47 5519.4 5515.01 5510.74 5507.41 5505.36 5505.23 5509.77 5514.03 5519.78 5527.29 5537.43 5533.81 5531.97 5526.71 5522.32 5519.13 5516.76 5514.96 5513.57 5515.4 5519.3 5523.47 5526.19 5524.25 5520.82 5521.75 5527.28 5529.15
5518.23 5516.2 5513.71 5510.63 5507.14 5508.84 5509.33 5509.38 5509.27 5508.66 5508.11 5507.37 5506.6 5506.04 5506.03 5504.64 5503.41 5502.7 5501.76 5500.44 5502.46 5507.14 5511.4 5511.37 5516.88 5519.26 5521.77 5521.07 5519.45 5518.88 5518.66 5518.1 5516.11 5512.22 5525.06 5525.98 5523.95 5522.77 5520.36 5517.22 5514.39 5510.67 5507.35 5505.89 5508.59 5512.08 5511.62 5517.01 5523.18 5524.74 5528.16 5526.37 5523.75 5520.85 5518.22 5515.9 5514.09 5513.33 5514.2 5516.83 5520.59 5522.48 5520 5515.47 5512.49 5528.03 5526.54
5517.07 5515.17 5512.91 5510.49 5509.12 5509.06 5509.21 5509.19 5509.13 5509.11 5508.79 5508.53 5508.13 5508.27 5510.48 5511.61 5508.98 5508.04 5507.06 5505.47 5509.83 5514.64 5520.4 5526.77 5523.26 5522.24 5521.54 5521.19 5520.09 5519.19 5518.65 5518.05 5517.76 5518.59 5522.05 5524.81 5524.38 5524.22 5521.61 5518.91 5514.76 5509.93 5505.75 5502.64 5500.56 5497.8 5503.4 5511.82 5520.74 5526.26 5522.73 5520.24 5519.17 5517.78 5516.33 5515.2 5514.08 5513.12 5513.2 5514.33 5513.37 5514.75 5517.35 5520.58 5525.99 5527.66 5517.64
5516.55 5514.51 5512.81 5511.59 5510.76 5510.39 5509.78 5509.6 5509.76 5509.46 5509.57 5509.54 5509.42 5508.86 5507.81 5509.89 5512.73 5514.32 5515.02 5515.87 5519.2 5520.35 5524.63 5528.91 5525.25 5522.81 5521.98 5520.41 5519.26 5518.3 5517.77 5517.63 5516.16 5513.14 5518.44 5525.11 5530.53 5525.01 5523.41 5520.71 5514.35 5508.42 5502.97 5497.92 5493.2 5488.95 5495.05 5505.79 5515.68 5519.95 5517.63 5515.46 5514.76 5514.51 5514.22 5513.76 5513.9 5514.39 5515.21 5514.31 5512.64 5512.04 5514.52 5518.16 5518.76 5516.74 5515.48
5516.94 5514.16 5512.36 5511.8 5512.75 5511.31 5509.73 5509.42 5509.76 5511.46 5512.09 5512.52 5512.39 5511.57 5509.98 5512.7 5517.59 5521.24 5523.84 5524.48 5521.88 5522.46 5522.07 5522.07 5521.67 5520.4 5519.27 5518.43 5517.13 5516.53 5516.17 5516.17 5515.34 5508.4 5514.34 5518.2 5519.03 5520.06 5519.69 5516.91 5512.05 5505.97 5499.81 5494.12 5489.23 5486.24 5490.29 5500.56 5510.59 5514.13 5510.73 5509.7 5510.31 5510.82 5511.31 5511.85 5512.73 5514.2 5515.97 5513.44 5513.27 5509.6 5510.4 5513.01 5513.55 5513.32 5515.45
