real_craters/C142-500m.grd
DSAA
182 182
-45.3075 45.3075
-45.3075 45.3075
4545.095029738 6544.7121316155
[rows 60 to 89 of 182, columns 67 to 133 of 182]
5977.82 5982.23 6000.98 6033.57 6042.1 6035.52 6022.66 6008.99 5992.12 5968.62 5960.27 5959.98 5955.8 5951.43 5948.79 5954.2 5960.92 5976.09 5990.63 6004.28 6017.5 6034.84 6047.1 6047.43 6053.71 6050.78 6050.71 6053.54 6047.32 5995.01 5933.85 5928.33 5913.41 5895.63 5878.31 5860.11 5842.71 5829.4 5826.16 5851.68 5868.24 5875.73 5876.45 5875.99 5872.64 5868.77 5864.08 5859.34 5848.94 5829.28 5813.2 5808.91 5803.33 5795.27 5788.52 5789.06 5789.58 5789 5800.24 5817.16 5832.61 5843.05 5844.63 5832.63 5819.51 5828.3 5845.68
5966.49 5969.83 5990.63 6028.82 6025.8 6015.64 6011.86 6007.74 6003.13 6001.58 5986.02 5974.69 5963.33 5953.26 5948.17 5955.11 5970.71 5989.57 6008.35 6025.49 6040.08 6052.35 6065.13 6074.3 6063.77 6064.55 6047.81 6032.1 6002.6 5961.06 5939.34 5933.1 5924.97 5912.79 5895.91 5876.09 5855.03 5838.08 5835.51 5872.1 5886.84 5891.6 5891.02 5889.06 5885.45 5879.94 5874.58 5868.96 5857.88 5837.69 5820.84 5812.83 5805.95 5798.45 5791.51 5790.02 5787.19 5782.95 5797.55 5819.68 5838.91 5855.86 5865.54 5867.07 5858.07 5836.48 5875.04
5962.85 5964.4 5976.29 5980.28 5983.64 5990.23 5999.29 6007.41 6013.96 6005.23 6003.56 5988.14 5973.13 5959.14 5949.61 5957.07 5973.83 5990 6003.25 6018.28 6027.19 6034.69 6050.92 6050.66 6066.88 6062.77 6054.12 6018.12 5985.19 5942.6 5939.6 5951.06 5945.09 5938.13 5926.9 5902.63 5875.76 5852.9 5844.58 5881.21 5902.35 5905.65 5903.98 5904.75 5900.55 5893.57 5884.49 5872.09 5856.73 5843.53 5832.39 5819.95 5812.68 5808.26 5807.61 5796.74 5787.8 5782.94 5795.41 5815.21 5835.99 5853.88 5864.21 5844.69 5672.73 5660.71 5847.78
5967.48 5965.07 5949.53 5942.54 5948.38 5971.28 5987.53 6003.37 6023.31 6044.62 6022.62 6004.42 5988.58 5974.95 5963.93 5967.29 5986.88 5990.01 5991.88 5994.98 5996.17 6005.69 6017.87 6027.61 6037 6050.1 6046.75 6034.58 5989.65 5964.84 5955.52 5977.15 5985.63 5972.43 5953.26 5927.79 5899.23 5872.48 5867.1 5902.08 5920.56 5913.46 5915.47 5914.53 5913.8 5905.36 5894.63 5878.85 5859.05 5850.47 5830.48 5825.93 5819.6 5815.72 5812.74 5804.02 5791.73 5781.62 5796.29 5814.44 5833.6 5849.33 5854.13 5797.29 5577.51 5561.42 5856.78
5971.49 5963.52 5976.41 5960.21 5951.23 5962.1 5981.36 5998.3 6013.75 6027.54 6030.58 6026.34 6015.78 5996.72 5986.51 5990.03 6002.43 5990.57 5974.96 5965.95 5960.46 5958 5962.61 5979.99 5999.51 6029.57 6051.6 6078.25 6069.22 6093.22 6075.97 6043.74 6042.24 6021.04 5996.68 5969.84 5936.26 5900.21 5879.07 5896.67 5911.27 5916.06 5925.71 5927.99 5924.96 5915.76 5905.62 5891.7 5889.4 5862.65 5849.73 5833.23 5824.04 5819.75 5816.88 5810.33 5803.12 5796.01 5802.6 5812.89 5825.18 5835.69 5839.25 5831.89 5739.57 5713.76 5836.3
5987.83 5967.52 5986.37 5963.86 5944.56 5968.74 5987.13 6000.6 6006.09 6015.8 6041.12 6054.91 6056.2 6045.11 6057.74 6064.67 6035.86 5987.85 5941.19 5909.2 5890.08 5884.57 5894.88 5924.44 5951.81 5988.19 6044.12 6127.12 6235.47 6300.52 6270.32 6181.77 6104.58 6061.74 6047.53 6029.71 6004.62 5954.82 5918.15 5907.62 5892.23 5932.45 5953.33 5957.53 5949.3 5936.52 5917.81 5900.57 5878.89 5859.37 5838.49 5828.57 5826.56 5821.97 5816.82 5811.95 5813.06 5812.65 5808.25 5810.68 5809.84 5806.85 5800.64 5791.09 5813.29 5819.33 5820.79
6021.06 6044.65 6026.07 6000.9 5992.16 5997.23 6010.96 6022.51 6026.94 6037.96 6066.38 6090.9 6108.54 6124.44 6151.34 6157.42 6057.55 5965.16 5896.51 5854.09 5815.28 5804.17 5797.97 5812.07 5848.28 5907.15 5988.11 6089.66 6216.7 6192.48 6142.83 6162.96 6102.86 6079.59 6083.93 6092.43 6104.99 6089.21 6057.15 6018.69 5986.52 6007.88 6006.51 5995.29 5976.42 5958.19 5930.8 5904.96 5876.68 5857.29 5846.1 5837.8 5833.55 5824.79 5813.81 5807.98 5809.42 5806.68 5803.64 5799.46 5793.85 5785.43 5777.22 5771.59 5783.12 5792.53 5808.9
6036.22 6066.12 6077.14 6055.86 6029.3 6029.71 6045.77 6058.64 6068.34 6077.09 6092.39 6117.57 6145.14 6142.76 6160.32 6162.79 6001.03 5890.35 5818.04 5767.27 5738.9 5725.25 5724.94 5735.21 5756.3 5796.56 5855.51 5938.56 5984.01 5963.96 5973.52 6000.95 6015.06 6037.57 6077.97 6138.88 6210.67 6262.49 6235.2 6184.31 6156.34 6119.47 6091.12 6057.19 6022.36 5980.73 5944.74 5910.97 5879.94 5861.87 5863.39 5859.63 5845.88 5830.62 5816.53 5807.8 5805.69 5801.4 5794.05 5786.57 5779.67 5773.98 5771.32 5775.04 5768.83 5773.16 5794.8
6027.6 6033.71 6026.83 6017.18 6025.95 6054.22 6088.1 6105.22 6085.69 6093.94 6099.43 6109.12 6143.58 6174.11 6055.26 5931.9 5837.73 5763.78 5709.31 5673.11 5649.04 5641.55 5639.19 5656.09 5669.51 5696.39 5728.68 5752.69 5762.25 5753.59 5763.24 5822.72 5890 5952.84 6037.97 6153.93 6288.03 6387.85 6374.07 6310.48 6239.61 6209.51 6175.09 6122.75 6064.23 6008.36 5962.88 5921.72 5886.3 5867.31 5877.38 5877.39 5858.1 5835.8 5816.72 5804.03 5796.82 5793.5 5788.49 5782.89 5776.18 5769.06 5765.67 5770.1 5758.59 5761.81 5780.23
6007.38 6006.37 5997.63 5998.13 6033.67 6080.67 6132.75 6171.31 6187.92 6132.22 6077.54 6039.62 6022.21 5984.53 5857.39 5708.48 5638.5 5600.78 5571.54 5547.2 5539.23 5527.2 5527.41 5535.78 5539.94 5543.29 5549.66 5548.88 5560 5551.02 5554.58 5638.02 5722.37 5812.39 5934.43 6086.31 6279.01 6489.29 6442.8 6385 6336.54 6314.29 6261.42 6186.25 6110.63 6042.25 5986.92 5937.31 5897.71 5876.97 5887 5892.2 5863.18 5836.97 5813.36 5793.49 5790.8 5788.58 5785.03 5779.66 5773.03 5765.01 5756.73 5755.3 5758.24 5759.41 5763.43
5989.32 5987.1 5975.89 5981.16 6043.7 6109.06 6161.18 6200.74 6219.5 6117.03 6005.46 5909.16 5824.86 5737.72 5634.16 5506.2 5454.49 5442.8 5430.2 5418.47 5410.12 5408.98 5401 5397.6 5396.31 5375.62 5360.31 5334.74 5351.89 5409.91 5412.09 5458.33 5538.97 5640.61 5770.08 5927.4 6105.21 6267.86 6343.37 6387.64 6453.64 6428.05 6323.21 6225.3 6138.39 6065.42 6002.98 5955.86 5919.01 5889.9 5881.97 5874.86 5859.09 5837.27 5813.42 5794.73 5789.45 5786.7 5782.72 5777.55 5771.53 5764.58 5756.09 5756.3 5758.53 5754.74 5750.8
5978.01 5979.12 5966.49 5937.7 6027.22 6120.52 6166.12 6173.58 6123.14 6018.38 5884.02 5749.61 5622.1 5519.99 5440 5360.17 5318.44 5302.43 5302.04 5294.81 5284.67 5285.37 5280.73 5264.88 5256.04 5240.75 5229.85 5200.08 5214.62 5254.3 5271.7 5283.46 5345.02 5456.72 5583.4 5718.7 5855.86 5995.81 6148.46 6281.54 6420.35 6432.75 6316.14 6214.58 6137.11 6067.59 6010.1 5963.32 5930.82 5900.08 5889.26 5876.41 5861.6 5841.35 5817.41 5794.71 5789 5788.22 5784.51 5779.53 5773.65 5768.22 5764.2 5757.59 5752.04 5749.58 5746.25
5960.46 5970.35 5985.82 5932.59 6023.06 6130.83 6147.55 6115.46 6034.94 5887.32 5734.12 5581.16 5439.96 5340.01 5274.32 5220.65 5184.18 5172.43 5172.62 5175.55 5175.75 5174.33 5164.33 5156.26 5142.6 5136.85 5136.35 5171.56 5197.69 5220 5164.66 5125.33 5170.36 5280.77 5393.21 5501.81 5611.05 5748.65 5926.61 6088.68 6222.37 6262.97 6220.43 6160.85 6105.8 6058.46 6019.02 5980.7 5945.17 5923.68 5910.54 5897.1 5875.86 5851.61 5827.9 5806.93 5796.23 5793.42 5788.34 5782.41 5777.3 5772.84 5772.56 5766.68 5752.17 5752.56 5756.02
5951.65 5947.46 5936.14 5921.95 6035.52 6148.83 6118.69 6005.89 5874.53 5724.48 5567.65 5411.24 5277.69 5185.19 5129.71 5086.82 5061.92 5059.78 5061.17 5064.01 5069.78 5068.71 5068.98 5055.01 5043.86 5026.02 5027.32 5029.02 5100.29 5130.56 5054.56 5025.96 5060.33 5135.85 5221.87 5305.38 5390.29 5526.67 5709.7 5871.61 5989.15 6047.72 6080.82 6080.15 6060.9 6039.08 6015.14 5989.46 5956.5 5949.61 5936.32 5913.81 5890.01 5865.08 5843.55 5825.47 5816.07 5805.26 5796.87 5788.56 5780.34 5774.14 5776.43 5771.55 5758.99 5761.08 5767.33
5946.28 5936.4 5929.59 5964.21 6103.75 6252.32 6065.3 5861.25 5694 5554.7 5404.7 5246.82 5097.21 5039.66 5007 4987.76 4984.66 4964.52 4964.43 4968.41 4977.49 4968.26 4968.74 4957.69 4948.66 4936.52 4923.1 4924.58 4909.1 4894.81 4910.34 4931.57 4965.38 5023.06 5086.62 5150.4 5218.62 5350.57 5527.26 5682.53 5800.16 5874.79 5943.15 5974.86 5989.37 5992.24 5987.08 5982.54 5976.02 5963.59 5953.2 5924.64 5898.21 5878.33 5862.83 5849.89 5830 5819.39 5809.32 5798.23 5785.88 5774.38 5769.51 5774.82 5774.3 5771.59 5776.09
5953.79 5953.77 5951.36 6039.93 6155.47 6096.01 5917.9 5708.52 5542.13 5403.94 5263.4 5118.15 4992.13 4933.51 4908.15 4891.91 4871.75 4873.88 4878.67 4888.01 4891.73 4896.31 4890.01 4885.4 4873.25 4859.36 4838.19 4817.49 4821.56 4817.5 4839.2 4866.23 4901.37 4937.14 4984.58 5040.83 5111.69 5232.5 5386.15 5530.93 5654.53 5752.52 5827.59 5881.45 5916.48 5941.55 5959.06 5970.34 5983.31 5983.78 5978.42 5937.31 5901.01 5893.11 5883.65 5870.89 5848.15 5840.07 5827.38 5812.7 5796.63 5781.09 5774.95 5778.12 5780.37 5778.76 5782.38
5980.27 5985.41 6023.21 6095.72 6100.06 5904.33 5731.13 5559.26 5411.55 5280.03 5151.84 5027.4 4927.32 4866.81 4835.95 4820.21 4806.86 4803.64 4812.55 4821.13 4830.52 4833.28 4834.59 4829.75 4818.62 4804.1 4784.3 4777.14 4788.21 4792.28 4809.94 4819.47 4840.27 4864.21 4908.83 4962.19 5036.27 5144.05 5277.15 5409.97 5533.18 5643.09 5724.01 5788.55 5842.96 5887.86 5925.07 5954.39 5983.65 5998.27 6001.56 5960.71 5925.16 5913.83 5911.15 5901.09 5885.42 5868.79 5852.89 5833.47 5813.56 5795.18 5788.6 5786.82 5784.75 5782.38 5784.26
5996.81 6003.8 6031.63 6026.7 5886.55 5717.79 5558.08 5422.06 5290.2 5173.51 5061.75 4958.11 4876.09 4819.57 4786.6 4771.03 4757.75 4754.82 4762.05 4771.44 4780.93 4784.47 4789.03 4778.35 4769.79 4758.17 4743.16 4742.11 4751.76 4763.74 4782.69 4780.48 4764.49 4805.91 4853.59 4900.76 4959.17 5070.12 5191.88 5312.75 5426.83 5526.45 5616.45 5699.4 5769.26 5830.79 5886.44 5935.86 5977.63 6003.13 6020.11 5977.57 5939.49 5930.63 5938.7 5952.81 5924.44 5900.38 5878.63 5855.96 5834.4 5813.23 5798.36 5802.27 5791.04 5782.96 5781.27
5963.83 5977.57 5972.52 5905.66 5703.46 5533.04 5387.95 5268.07 5174.65 5083.85 4991.87 4902.56 4831.8 4782.9 4751.54 4732.21 4725.88 4719.87 4723.54 4727.68 4735.45 4738.92 4739.25 4737.29 4731.7 4724.93 4719.2 4724.29 4736.57 4746.56 4764.54 4767.74 4776.88 4795.61 4821.97 4861.71 4926.45 5014.61 5124.07 5234.35 5339.59 5428.43 5526.77 5624.08 5705.67 5780.79 5850.49 5913.66 5966.92 5996.14 6010.74 5983.36 5941.16 5936.4 5947.36 5962.66 5946.64 5924.78 5900.66 5877.19 5856.49 5832.97 5816.15 5802.24 5789.4 5777.71 5774.3
5934.01 5926.33 5885.68 5752.9 5551.59 5372.8 5234.11 5150.33 5087.46 5014.75 4938.51 4871.81 4805.98 4755.73 4724.43 4706.64 4701 4692.8 4693.55 4697.19 4703.3 4703.23 4705.43 4705.7 4704.82 4702.83 4702.62 4710.53 4721.42 4731.19 4744.4 4757.07 4776.18 4789.53 4804.23 4830.26 4884.2 4973.03 5071.06 5172.28 5273.52 5379.01 5476.94 5557.64 5647.7 5737.22 5819.82 5895.4 5937.67 5996.82 6022.13 5997.16 5956.57 5936.39 5934.66 5946.29 5955.26 5944.61 5920.82 5899.83 5882.02 5855.29 5831.02 5803.98 5787.04 5777.15 5773.51
5901.84 5898.29 5837.12 5728.65 5504.7 5289.95 5158.11 5101 5038.83 4964.96 4886.85 4810.12 4762.9 4724.09 4699.41 4684.79 4679.94 4672.79 4671.36 4673.23 4677.8 4678.65 4682.79 4683.87 4686.68 4688.42 4691.66 4698.41 4708.3 4718.63 4730.09 4743.25 4757.95 4772.77 4789.8 4816.4 4869.89 4944.79 5032.43 5123.29 5212.03 5296.87 5381.29 5488.79 5597.22 5702.77 5797.38 5885.19 5935.47 6004.78 6038.6 6011.91 5963.32 5930.28 5912.74 5914.16 5948.65 5948.02 5929.29 5915.87 5910.1 5920.77 5896.19 5809.52 5789.02 5777.42 5772.37
5861.22 5830.12 5782.9 5717.24 5470.36 5242.43 5139.06 5098.13 5020.29 4934.43 4847.53 4771.65 4720.58 4692.05 4674.99 4664.71 4660.78 4656.62 4653.53 4655.95 4658.9 4664.38 4668.15 4670.67 4672.33 4677.12 4682.87 4689.16 4696.71 4707.67 4719.5 4731.2 4742.03 4757.39 4777.87 4807.85 4861.68 4927.54 5006.39 5087.92 5165.63 5220.85 5287.45 5431.68 5560.56 5678.77 5785.93 5854.3 5946.82 6019.07 6053.38 6030.52 5964.4 5923.82 5910.56 5909.12 5921.36 5924.03 5927.09 5920.36 5915.12 5926.27 5908.15 5824.96 5797.74 5781.47 5772.54
5800.04 5751.72 5684.04 5573.72 5368.16 5195.08 5155.13 5105.83 5013.13 4914.27 4817.81 4732.88 4692.18 4667.49 4653.85 4647.05 4643.95 4642.65 4639.64 4642.49 4646.42 4649.1 4658.04 4663.09 4667.72 4670.69 4674.98 4682.43 4691.01 4700.02 4709.56 4719.03 4729.28 4743.58 4766.89 4803.94 4855.09 4916.05 4990.63 5069.67 5147.07 5207.41 5295.26 5414.44 5541.5 5661.03 5744.85 5862.41 5964.85 6045.03 6091 6065.86 5988.2 5940.68 5941.27 5939.72 5932.2 5933.11 5931.27 5918.19 5902.46 5903.62 5909.12 5851.85 5808.3 5785.59 5772.53
5713.71 5651.3 5591.38 5491.82 5333.49 5185.91 5159.03 5103.96 5003.36 4895.27 4791.4 4708.49 4666.18 4643.75 4633.21 4628.5 4628.06 4636.58 4627.01 4625.83 4625.68 4630.63 4637.03 4653.91 4659.79 4662.92 4672.25 4681.6 4688.53 4694.37 4702.52 4712.52 4722.6 4737.62 4756.11 4781.19 4838.7 4904.17 4977.99 5056.64 5139.08 5210.75 5306.46 5413.48 5532.27 5651.86 5774.65 5870.61 5987.31 6079.58 6124.73 6096.01 6009.59 5940.73 5937.07 5943.77 5951.94 5962.82 5938.23 5914.54 5893.22 5870.58 5848.2 5835.22 5806.35 5784.98 5769.45
5617.06 5573 5514.54 5432.89 5306.49 5189.13 5164.97 5096.67 4991.47 4875.64 4766.93 4686.1 4642.48 4622.26 4613.15 4609.94 4605.15 4603.16 4606.74 4604.31 4604.81 4607.15 4619.27 4631.22 4646.75 4654.98 4667.24 4678.92 4685.36 4690.1 4696.68 4707.5 4719.2 4736.46 4754.55 4782.6 4834.41 4897.07 4968.91 5046.56 5129.57 5200.37 5307.03 5403.41 5513.87 5638.36 5746.13 5882.01 6014.02 6127.42 6214.86 6218.98 6071.83 5944.16 5903.36 5919.27 5942.12 5953.48 5935.64 5907.22 5879.19 5848.08 5839.66 5824.31 5807.56 5788.57 5771.92
5542.38 5504.43 5451.14 5370.92 5268.72 5196.51 5166.42 5086.97 4977.31 4854.19 4732.63 4647.89 4619.76 4604.78 4597.9 4595.56 4592.71 4594.47 4595.13 4588.69 4588.24 4587.03 4599.13 4613.42 4642.86 4690.9 4702.85 4685.42 4685.8 4688.75 4694.32 4702.28 4716.05 4737.4 4757.76 4788.08 4835.32 4893.2 4961.22 5034.32 5110.93 5157.63 5257.57 5353.04 5476.52 5594.03 5738.23 5888.69 6034.81 6169.28 6286.08 6310.34 6109.74 5917.61 5892.69 5903.33 5926.93 5940.5 5925.63 5893.69 5856.43 5830.31 5828.71 5817.51 5803.63 5788.81 5772.16
5481.41 5431.09 5395.04 5355.39 5299.36 5199.3 5151.58 5081.95 4966.55 4838.97 4715.07 4633.94 4606.64 4593.17 4587.67 4582.31 4581.25 4586.47 4584.48 4574.48 4571.03 4571.5 4575.45 4585.71 4611.55 4660.54 4747.43 4740.43 4700.57 4697.98 4698.09 4699.84 4712.69 4735.93 4757.61 4785.93 4833.61 4888.03 4951.26 5017.78 5084.68 5146.86 5178.7 5283.01 5431.35 5584.01 5722.64 5881.46 6035.05 6175.48 6283.53 6300.46 6124.35 5925.77 5892.58 5891.65 5908.63 5929.31 5908 5879.79 5863.08 5846.72 5825.03 5813.49 5800 5784.66 5770.76
5410.99 5391.89 5358.34 5344.06 5323.4 5201.06 5125.62 5069.49 4954.64 4830.02 4713.71 4638.84 4605.99 4589.91 4580.15 4576.83 4573.74 4571.25 4569.49 4566.39 4562.9 4562.19 4560.19 4559.1 4574.64 4629.42 4822.06 4859.18 4740.82 4721.89 4711.68 4703.2 4710.21 4734.12 4755.93 4784.57 4830.41 4883.55 4943.1 5003.66 5062.67 5082.02 5145.2 5245.48 5389.25 5534.27 5700.02 5866.14 6020.78 6156.7 6250.65 6264.92 6131.77 5958.48 5886.07 5878.29 5883.42 5883.73 5870.04 5852.93 5846.03 5865.14 5831.32 5812.61 5796.34 5781.68 5767.71
5368.41 5352.36 5321.94 5300.52 5238.94 5147.6 5104.09 5048.3 4934.77 4816.44 4718.33 4646.88 4609.51 4591.48 4580.42 4576.58 4574.16 4575.03 4575.61 4566.18 4558.46 4559.22 4551.78 4545.1 4552.87 4625.41 4828.47 4847.82 4782.12 4761.34 4736.09 4713.96 4710.43 4730.98 4752.94 4782.33 4826.64 4878.82 4934.97 4992.06 5046.37 5095.35 5109.24 5194.5 5355.47 5505.79 5674.29 5841.25 5997.4 6133.11 6227.95 6242.04 6158.58 6003.42 5904.45 5880.47 5862.6 5847.32 5829.68 5821.75 5822.68 5838.27 5826.68 5808.92 5792.91 5778.01 5765.25
5333.97 5320.78 5296.91 5269.4 5194.62 5116.77 5071.05 5020.68 4906.15 4791.66 4689.65 4640.46 4611.67 4595.35 4583.42 4579.99 4578.36 4579.4 4581.44 4571.84 4564.69 4563.1 4555.79 4548.66 4554.99 4631.24 4817.29 4889.48 4852.41 4807.58 4762.57 4724.38 4707.2 4724.79 4749.83 4783.33 4827.48 4879.84 4933.62 4990.05 5042.73 5091.08 5107.4 5202.31 5338.92 5483.58 5648.88 5817.97 5974.66 6116.5 6228.16 6299.23 6235.14 6069.16 5968.02 5912.08 5860.59 5811.38 5786.77 5801.28 5817.82 5818.39 5813.76 5801.63 5786.9 5771.5 5758.98
