real_craters/C142-300m.grd
DSAA
303 303
-45.3075 45.3075
-45.3075 45.3075
4544.6397387296 6545.9791217812
[rows 240 to 269 of 303, columns 201 to 267 of 303]
5646.63 5620.91 5614.57 5611.68 5609.56 5606.97 5604.83 5600.41 5592.34 5595.4 5616.93 5635.74 5643.48 5627.58 5612.04 5598.23 5586.06 5583.39 5586.09 5587.87 5585.13 5583.08 5582.68 5582.68 5582.88 5584.37 5585.33 5587.03 5589.14 5591.3 5593.13 5593.82 5593.99 5595.13 5592.02 5586.47 5581.45 5576.49 5574.78 5569.42 5564.9 5562.81 5560.96 5556.99 5553.45 5550.31 5547.04 5543.98 5540.49 5536.87 5536.47 5543.19 5549.8 5557.02 5565.47 5574.52 5582.73 5589.88 5594.5 5594.87 5592.13 5581.24 5563.8 5540.33 5527.67 5523.77 5520.06
5580.11 5582.35 5589.42 5592.96 5593.98 5592.49 5589.32 5582.82 5573.46 5574.4 5592.36 5604.36 5604.62 5584.71 5573.75 5572.77 5567.39 5567.55 5569.76 5571.48 5572.67 5573.46 5574.11 5575.36 5576.09 5577.32 5578.58 5580.6 5582.99 5585.87 5587.67 5587.91 5584.63 5580.74 5582.06 5581.19 5578.34 5574.92 5572.64 5567.58 5562.51 5558.86 5557.51 5556.05 5554.55 5552.75 5550.82 5548.02 5544.29 5538.9 5534.27 5536.32 5547.19 5556.44 5565.1 5573.82 5582.03 5589.8 5595.4 5592 5586.24 5569.93 5550.35 5541.83 5531.32 5528.43 5526.51
5561.52 5563.44 5572.35 5577.94 5580.28 5580.89 5578.39 5574.69 5569.41 5567.21 5578.37 5579.65 5564.88 5548.3 5536.33 5533.09 5543.73 5550.13 5554.09 5555.53 5560.54 5563.9 5565.53 5566.35 5567.26 5568.55 5570.38 5573.75 5576.31 5579.38 5582.45 5583.8 5582.08 5576.42 5577.94 5577.19 5574 5569.49 5564.05 5560.24 5558.21 5555.8 5555.6 5555.63 5555.98 5556.07 5555.4 5553.75 5550.75 5544.72 5539.04 5541.05 5548.31 5557.26 5565.55 5573.55 5580.74 5586.74 5590.4 5584.74 5573.16 5558.77 5549.65 5551.12 5542.23 5538.33 5536.21
5564.96 5562.09 5564.72 5567.52 5569.24 5570.02 5570.74 5572.07 5575.35 5581.08 5577.25 5570.07 5560.39 5539.79 5521.82 5517.13 5528.38 5537.63 5544.32 5548.55 5553.55 5556.03 5556.66 5557.28 5558.01 5559.18 5561.2 5563.94 5567.5 5572.34 5576.93 5581.64 5585.7 5586.23 5579.94 5574.5 5569.41 5564.1 5558.68 5555.53 5554.6 5555.43 5554.95 5556.04 5557.94 5559.65 5560.88 5561.14 5559.8 5555.91 5550.8 5546.24 5552.54 5560.1 5567.37 5574 5579.88 5583.24 5582.08 5578.13 5570.85 5559.42 5557.33 5563.98 5557.37 5548.87 5543.35
5566.68 5562.72 5561.09 5561.93 5562.33 5563.09 5564.96 5568.83 5576.98 5589.42 5575.43 5562.11 5551.95 5534.96 5519.97 5516.4 5524.03 5532.09 5540.23 5547.81 5550.25 5549.25 5548.27 5548 5548.56 5549.48 5551.36 5553.48 5557.02 5561.84 5568.15 5576.9 5586.52 5587.13 5578.28 5570.2 5563.61 5558.66 5555.57 5554.19 5550.96 5549.37 5552.61 5556.06 5559.57 5562.94 5566.36 5569.26 5570.77 5569.13 5560.56 5557.16 5559.35 5564.03 5569.02 5573.93 5578.21 5581.26 5582.07 5576.88 5566.42 5562.24 5563.26 5566 5561.62 5552.61 5545.43
5565.75 5561.19 5559.13 5559.46 5558.96 5558.89 5559.73 5562.03 5565.88 5569.07 5559.92 5548.47 5536.55 5526.53 5522.88 5521.82 5525.9 5529.98 5536.14 5543.27 5544.02 5540.55 5538.46 5537.79 5538.01 5539.13 5540.43 5542.35 5545.17 5548.71 5554.79 5564.82 5578.03 5580.3 5568.83 5561.03 5555.29 5551.21 5549.03 5547.68 5547.46 5546.71 5551.44 5556.03 5560.75 5565.74 5571.26 5577.12 5582.83 5586.78 5583.92 5569.17 5567.73 5568.62 5570.79 5573.75 5576.65 5579.25 5580.63 5575.98 5567.42 5566.28 5566.93 5565.11 5557.72 5547.89 5540.98
5562.5 5559.14 5557.79 5556.08 5553.61 5554.92 5552.97 5551.71 5549.07 5542.08 5537.76 5534.09 5528.93 5528.31 5535.62 5534.27 5529.49 5527.94 5529.21 5531.09 5530.49 5528.6 5527.04 5526.78 5527.09 5527.58 5528.77 5529.46 5531.12 5533.75 5536.94 5542.06 5548.82 5552.05 5549.37 5546.54 5543.86 5541.89 5540.65 5541.63 5544.62 5549.86 5551.1 5555.28 5560.58 5566.45 5573.5 5581.77 5591.49 5601.85 5603.88 5584.57 5576.08 5572.91 5572.55 5573.28 5575.07 5575.98 5575.71 5571.21 5564.6 5568.65 5570.92 5566.83 5556.18 5545.72 5537.42
5560.41 5557.35 5555.19 5552.14 5550.12 5548.11 5545.56 5541.57 5535.57 5526.13 5522.38 5523.21 5524.66 5529.59 5536.11 5533.99 5527.82 5523.07 5519.76 5516.31 5513.69 5514.58 5514.73 5515.45 5516.09 5515.89 5516.62 5517.32 5517.71 5516.79 5517.06 5515.07 5513.42 5519.52 5526.08 5529.63 5530.97 5531.49 5531.61 5532.21 5536.77 5542.74 5548.27 5553.25 5558.93 5565.02 5572.55 5581.51 5592.63 5605.33 5608.45 5591.1 5580.03 5575.1 5573.57 5573.34 5573.46 5573.11 5570.92 5567.58 5567.03 5569.48 5576.06 5570.52 5556.55 5544.09 5534.23
5556.96 5555.21 5552.02 5548.64 5545.89 5542.04 5537.98 5533.01 5527.03 5520.14 5516.55 5515.99 5516.78 5522.85 5523.12 5524.23 5521.89 5517.07 5511.25 5504.79 5499.94 5501.69 5503.82 5504.55 5505.35 5505.64 5506.18 5505.47 5503.63 5501.53 5498.49 5493.75 5489.14 5496.83 5507.02 5514.25 5519.06 5522.12 5523.75 5524.17 5531.15 5538.74 5544.52 5549.88 5555.81 5562.04 5568.85 5576.34 5584.36 5592.17 5592.74 5582.83 5576.28 5573.39 5572.71 5572.99 5572.87 5571.75 5568.94 5569.53 5565.45 5567.83 5569.76 5563.09 5548.65 5533.87 5525.63
5559.58 5553.79 5548.18 5543.45 5539.24 5535.28 5530.55 5526.06 5521.45 5516.9 5513.95 5510.89 5510.99 5514.92 5517.55 5518.51 5516.69 5512.02 5505.34 5498.19 5492.98 5492.54 5494.3 5495.14 5496.06 5495.3 5494.83 5494.03 5492.22 5489.32 5485.26 5480.21 5477.46 5484.22 5494.17 5502.85 5509.91 5515.23 5519.57 5524.67 5531.19 5536.94 5541.79 5546.76 5551.84 5557.14 5562.69 5567.65 5570.97 5569.92 5565.21 5565.38 5567.15 5568.63 5570.25 5571.66 5572.47 5571.37 5567.15 5554.83 5563.76 5568.91 5563.94 5553.97 5542.12 5530.98 5526.39
5554.79 5547.88 5542.29 5537.12 5532.41 5527.92 5523.64 5519.37 5515.69 5512.59 5509.72 5506.48 5505.62 5514.04 5518.81 5517.76 5514.42 5509.01 5501.66 5493.73 5487.04 5485.37 5486.22 5486.38 5486.62 5487.26 5486.26 5485.26 5482.87 5479.87 5476.14 5472 5471.61 5477.59 5486.28 5495.08 5503.09 5510.21 5516.88 5521.72 5526.67 5534.89 5538.76 5542.66 5546.82 5551.08 5554.69 5557.82 5558.87 5555.24 5548.09 5551.73 5558.16 5562.8 5566.35 5569.38 5572.5 5573.43 5572.39 5572.58 5568.52 5562.52 5548.77 5544.31 5537.95 5531.94 5527.1
5538.54 5537.1 5533.64 5529.49 5525.53 5521.64 5517.32 5513.88 5510.43 5507.86 5505.71 5504.29 5504.71 5516.66 5521.42 5518.7 5514.07 5507.02 5498.66 5490.12 5482.74 5479.77 5479.45 5479.79 5479.47 5479.02 5479.31 5477.91 5475.2 5472.52 5469.83 5467.66 5468.37 5474.23 5482.18 5490.77 5499.11 5507.16 5515.33 5526.61 5539.39 5533.98 5534.78 5537.39 5540.49 5543.74 5547.3 5549.78 5550.67 5548.36 5543.04 5546.62 5552.7 5557.74 5562.08 5566.29 5571.16 5574.87 5577.43 5573.18 5560.62 5551.79 5542.98 5537.49 5532.8 5528.79 5523.62
5526.1 5526.81 5525.36 5523.07 5519.54 5516.15 5512.91 5509.55 5506.84 5504.36 5503.5 5505.86 5511.85 5523.13 5523.65 5520.6 5514.35 5506.18 5496.88 5488.29 5480.81 5477.62 5475.82 5474.59 5473.95 5473.54 5473.64 5472.43 5469.79 5468.2 5466.44 5465.25 5467.58 5472.69 5480.07 5488.09 5495.94 5503.67 5511.49 5518.24 5520.07 5526.28 5528.6 5531.19 5533.59 5535.98 5538.62 5541.47 5544.67 5546.65 5544.37 5546.12 5549.13 5551.81 5555.28 5559.82 5566.24 5572.92 5579.17 5573.62 5551.72 5547.38 5539.54 5530.73 5524.68 5522.78 5520.3
5517.69 5518.08 5517.54 5516.36 5514.29 5512.05 5509.46 5506.73 5504.23 5502.38 5503.25 5509.79 5518.79 5529.08 5526.87 5524.5 5515.55 5505.43 5495.53 5487.56 5480.62 5476.66 5473.56 5471.58 5470.21 5469.74 5468.94 5468.28 5467.3 5466.01 5464.56 5461.91 5464.99 5472.32 5479.62 5486.99 5494.12 5500.84 5506.79 5509.58 5510.12 5518.7 5522.25 5524.49 5525.91 5527.27 5529.12 5532.08 5537.43 5545.17 5548.29 5546.82 5545.79 5546.56 5548.63 5552.31 5558.13 5566.48 5574.88 5572.1 5551.5 5553.21 5543.18 5515.71 5506.14 5519.46 5529.96
5511.7 5512.42 5511.97 5511.43 5509.32 5508.27 5506.31 5504.46 5502.82 5501.74 5503.91 5516.84 5534.27 5543.07 5542.8 5530.38 5516.21 5503.81 5493.25 5485.18 5479.35 5475.32 5471.82 5469.43 5467.92 5467.42 5466.66 5467.09 5466.71 5466.94 5466.54 5464.75 5468 5474.96 5481.4 5487.74 5494.08 5499.96 5505.35 5509.36 5514.58 5517.32 5518.21 5518.46 5518.2 5518.04 5518.56 5520.22 5524.7 5536.3 5547.49 5543.45 5539.84 5538.42 5538.21 5541.42 5545.7 5552.78 5561.92 5561.2 5549.71 5546.25 5521.81 5477.13 5459.58 5487.52 5531.58
5507.51 5508.76 5507.76 5508.52 5507.8 5505.65 5503.8 5503 5501.92 5502.73 5505.83 5521.88 5544.2 5555.2 5551.9 5530.45 5512.6 5499.05 5489.14 5481.21 5475.97 5472.35 5469.2 5467.1 5465.86 5465.79 5466 5466.99 5468.5 5470.58 5473.08 5477 5477.7 5480.06 5484.35 5489.28 5494.72 5500.37 5505.38 5510.13 5515.69 5517.75 5516 5512.93 5510.58 5508.7 5507.57 5507.33 5507.54 5515.71 5533.14 5532.66 5529.85 5527.39 5527.53 5527.42 5528.31 5531.14 5537.17 5545 5538.29 5495.03 5455.2 5415.22 5381.42 5392.14 5485.95
5507.35 5506.07 5504.85 5502.91 5504.14 5504.12 5502.48 5502.64 5503.01 5504.66 5509.43 5524.49 5546.7 5561.48 5544.91 5519.55 5502.76 5490.65 5481.95 5475.51 5471.15 5468.07 5466.01 5464.27 5463.14 5463.18 5464.53 5466.55 5469.23 5472.55 5476.94 5483.39 5483.88 5484.32 5487.08 5491.02 5495.72 5500.9 5505.92 5511.51 5518.98 5517.57 5512.39 5507.05 5502.89 5499.46 5496.97 5495.97 5498.61 5505.08 5513.84 5517.57 5516.53 5515.64 5514.26 5512.15 5507.98 5504.35 5501.12 5516.65 5529.5 5451.16 5404.83 5366.37 5317.03 5307.23 5438.59
5508.43 5504.3 5501.44 5499.11 5498.33 5497.3 5497.76 5499.07 5504.16 5507.21 5512.5 5524.52 5544.48 5555.4 5526.24 5501.19 5488.69 5479.59 5473.2 5468.29 5465.68 5463.97 5462.3 5461.11 5460.46 5461.46 5463.35 5466.19 5469.38 5473.66 5477.48 5481.18 5484.39 5486.36 5489.64 5493 5496.84 5501.13 5505.14 5509.46 5512.09 5511.17 5506.38 5500.6 5495.03 5490.53 5486.71 5484.16 5487.25 5497.57 5503.09 5503.56 5503.76 5502.11 5499.21 5495.38 5489.88 5482.25 5474.72 5487.92 5510.91 5455.79 5407.64 5363 5313.61 5317.88 5449.2
5507.31 5501.65 5497.59 5495.31 5493.81 5493.83 5496.74 5499.51 5502.56 5507.55 5515.45 5525.24 5540.43 5546 5508.79 5483.16 5473.82 5468.02 5463.62 5460.59 5459.19 5458.76 5457.61 5457.11 5457.93 5459.83 5461.88 5465.64 5469.28 5473.92 5478.26 5482.01 5485.1 5487.75 5490.3 5493.33 5496.61 5499.77 5502.42 5505.06 5509.54 5508.07 5498.19 5492.02 5487.04 5481.99 5477.09 5471.83 5466.01 5478.51 5487.61 5488.33 5489.01 5487.76 5484.68 5481.19 5475.5 5469.35 5464.01 5468.43 5495.97 5497.76 5441.02 5398.56 5368.05 5381.91 5468.81
5502.29 5496.97 5494.28 5492.81 5492.62 5493.14 5493.85 5497.67 5503.1 5508.69 5515.7 5523.22 5535.44 5536.51 5500.02 5471.15 5462.17 5457.95 5455.26 5453.14 5451.7 5450.2 5450.94 5452.89 5454.28 5457.09 5460.03 5464.16 5468.53 5474.1 5479.43 5483.28 5485.62 5488.11 5490.6 5492.99 5495.42 5497.61 5498.44 5497.33 5494.27 5488.43 5485.19 5482.56 5478.77 5474.64 5469.89 5464.59 5460.83 5458.95 5466.75 5473.19 5475.06 5474.49 5473.07 5469.44 5464.84 5460.61 5458.35 5458.58 5478.06 5486.14 5459.35 5439.21 5441.61 5451.51 5461.25
5494.43 5491.72 5490.37 5489.65 5489.58 5490.01 5492.13 5496.03 5500.69 5506.86 5514.48 5520.71 5527.37 5527.53 5491.82 5462.23 5453.29 5449.55 5447.55 5446.11 5445.21 5444.53 5445.97 5448.62 5450.87 5453.71 5457.93 5462.03 5467.31 5473.49 5479.94 5483.82 5485.41 5487.33 5489.66 5492.15 5494.34 5496.04 5495.24 5490.78 5479.28 5467.02 5473.95 5474.95 5473.04 5469.72 5465.71 5461.67 5458.37 5456.63 5459.2 5462.82 5464.83 5464.73 5462.99 5460.13 5457.18 5453.03 5448.97 5447.66 5454.5 5456.84 5456.15 5454.98 5468.82 5468.92 5448.12
5486.09 5485.8 5485.89 5486.48 5485.98 5486.75 5488.28 5490.55 5495.56 5501.76 5510.38 5515 5511.34 5504.66 5477.08 5454.31 5446.69 5442.9 5441.27 5440.32 5440.18 5441.18 5442.57 5444.37 5446.66 5449.31 5453.52 5458.67 5464.29 5470.49 5477.17 5481 5482.63 5484.88 5487.49 5490.31 5493.16 5495.21 5495.26 5491.3 5482.32 5476.95 5474.24 5472.53 5470.11 5467.02 5463.71 5460.69 5458.66 5456.05 5456 5457.13 5458 5457.86 5456.59 5454.63 5451.81 5449.01 5446.13 5444.44 5443.28 5444.42 5447.09 5447.41 5444.87 5444.35 5436.71
5479.63 5481.58 5482.22 5483.39 5484.15 5484.45 5486.21 5487.08 5487.72 5490.06 5497.14 5502.96 5486.21 5471.34 5458.78 5446.93 5441.89 5438.98 5437.05 5436.06 5435.76 5436.64 5437.77 5439.42 5442.46 5445.41 5449.76 5454.17 5459.6 5465.41 5471.62 5475.29 5477.88 5480.9 5483.77 5487.16 5490.53 5494 5496.74 5495.19 5488.45 5484.52 5477.67 5472.94 5469.54 5466.26 5462.96 5460.03 5457.56 5454.75 5453.9 5453.93 5453.98 5453.22 5452.17 5450.58 5448.46 5445.7 5442.93 5439.66 5437.64 5438.63 5438.83 5436.14 5431.01 5429.58 5426.51
5476.7 5477.91 5478.79 5480.02 5480.37 5480.28 5477.96 5477.36 5475.52 5472.2 5460.03 5454.2 5458.07 5450.33 5446.29 5441.22 5439.17 5435.9 5433.39 5431.74 5431.05 5431.19 5431.93 5434.04 5437.32 5440.86 5445.13 5449.77 5454.31 5458.83 5462.84 5467.77 5471.94 5475.71 5479.16 5482.58 5486.37 5490.35 5494.3 5493.47 5487.51 5482.2 5477.03 5473.04 5469.7 5466.35 5462.85 5459.16 5455.98 5454.08 5452.59 5451.71 5451.08 5450.07 5448.63 5447.81 5446.24 5443.7 5440.22 5436.55 5435.01 5433.95 5432.11 5428.55 5424.19 5422.05 5419.63
5472.68 5473.25 5475.19 5475.43 5475.02 5474.39 5472.85 5471.79 5467.95 5461.88 5454.68 5446.5 5444.3 5442.24 5443.06 5442.24 5438.62 5434.37 5431.12 5428.57 5426.92 5426.33 5426.71 5428.98 5432.39 5436.29 5440.47 5444.67 5448.92 5453.13 5456.86 5461.15 5465.69 5469.65 5473.29 5476.98 5480.39 5483.96 5486.65 5486.25 5482.49 5476.97 5474.3 5472.61 5470.24 5467.33 5463.94 5459.68 5455.89 5453.4 5451.57 5450.06 5448.59 5447.21 5446.21 5445.45 5445.28 5445.7 5442.75 5438.36 5434.19 5430.77 5428.39 5424.74 5419.77 5417.68 5415.04
5473.4 5474.29 5474.08 5473.59 5472.68 5471.65 5469.81 5467.27 5463.12 5458.06 5448.63 5444.46 5442.74 5445.4 5443.59 5443.69 5437.69 5432.29 5428.69 5425.91 5423.89 5422.72 5422.32 5424.92 5428.33 5432.03 5436.06 5440.08 5443.82 5447.49 5451.77 5455.64 5459.75 5463.7 5467.06 5470.23 5473.34 5476.27 5478.38 5478.97 5477.8 5475.51 5474.22 5473.21 5471.43 5469.14 5466.42 5463.07 5458.42 5454.09 5451.34 5449.14 5446.89 5444.79 5443 5441.9 5442.29 5444.29 5442.48 5438.64 5434.14 5430.23 5427.21 5423.66 5420.06 5415.78 5411.93
5474.92 5472.54 5470.76 5469.16 5466.77 5465.58 5463.76 5461.81 5459.72 5457.48 5456.06 5445.63 5445.47 5443.94 5440.29 5436.43 5432.62 5429.18 5426.08 5423.51 5421.5 5420.36 5421.12 5422.07 5424.65 5428.21 5432.08 5435.99 5439.73 5442.1 5444.49 5449.97 5454.02 5457.72 5460.91 5463.64 5465.95 5468.22 5470.41 5472.53 5474.19 5475.41 5475.76 5474.84 5473.39 5471.52 5469.27 5467.74 5461.73 5455.97 5451.93 5448.56 5445.25 5441.91 5439.07 5436.76 5435.7 5436.71 5438.31 5437.41 5435.3 5431.55 5427.67 5422.57 5417.83 5414.07 5410.39
5476.27 5472.2 5468.67 5465.89 5463.24 5461.21 5459.48 5458.17 5456.28 5455.16 5453.28 5441.33 5415.92 5435.35 5436.81 5431.17 5428.21 5426.21 5423.99 5421.29 5419.06 5417.8 5417.99 5418.76 5420.91 5424.36 5428.26 5432.57 5436.97 5441.72 5444.35 5446.53 5449.02 5451.71 5454.48 5456.97 5459 5460.41 5462.55 5466.7 5470.9 5474.56 5476.59 5476.04 5474.97 5473.39 5470.9 5465.56 5462.78 5457.54 5452.72 5448.51 5444.44 5440.52 5436.29 5431.95 5427.55 5425.43 5429.22 5430.24 5428.41 5429.71 5424.48 5419.79 5415.78 5411.85 5410.17
5477.48 5471.77 5467.02 5463.21 5460.24 5457.65 5455.42 5453.55 5451.78 5449.87 5447.61 5444.52 5452.63 5446.9 5437.23 5431.56 5427.55 5424.2 5421.49 5419.08 5416.82 5414.88 5413.23 5414.26 5417.22 5420.71 5424.44 5428.62 5433.44 5439.65 5442.66 5442.66 5444.03 5446.09 5448.39 5450.63 5452.61 5453.92 5455.39 5462.25 5467.99 5472.73 5475.72 5476.54 5476.27 5475.11 5473.31 5472.09 5464.71 5458.65 5453.2 5448.46 5443.9 5439.2 5434.34 5428.97 5422.98 5419.31 5422.92 5424.09 5422.69 5418.12 5413.56 5410.56 5408.39 5407.11 5407.37
5475.64 5468.62 5463.46 5457.68 5454.22 5451.62 5449.45 5447.81 5446.36 5444.33 5441.11 5442.12 5440.93 5437.82 5433.87 5429.77 5425.98 5421.76 5419.1 5417 5414.93 5412.96 5411.33 5411.98 5414.5 5417.44 5420.51 5423.91 5427.98 5431.96 5434.82 5436.39 5438.05 5440.17 5442.65 5445.23 5447.83 5450.62 5454.33 5460.12 5466.05 5471.12 5474.78 5476.84 5477.49 5476.58 5473.81 5469.49 5464.52 5458.74 5453.38 5448.46 5443.95 5439.4 5434.68 5429.66 5424.43 5422.04 5422.05 5420.27 5416.28 5410.83 5403.69 5397.78 5398.86 5401.6 5403.27
