real_craters/C142-1000m.grd
DSAA
53 53
-25.89 25.89
-25.89 25.89
8305.3883221664 9791.9494451478
[rows 0 to 37 of 53, columns 0 to 52 of 53]
9222.87 9231.82 9226.97 9218.89 9229.29 9241.36 9266.93 9297.06 9330.49 9374.38 9404.56 9355.31 9348.43 9352.25 9323.61 9335.33 9356.1 9351.57 9327.41 9310.96 9297.83 9294.78 9294.03 9298.88 9292.73 9296.21 9302.72 9311.25 9323.28 9336.67 9338.75 9335.03 9324.24 9313.12 9308.44 9323.37 9312.75 9289.71 9332.01 9399.07 9428.52 9423.73 9421.18 9378.33 9325.71 9320.77 9317.16 9313.1 9316.56 9321.31 9303.3 9298.82 9297.94
9234.64 9231.96 9228.78 9227.95 9233.66 9247.39 9273.71 9300.99 9326.68 9337.54 9338.55 9328.03 9330.95 9331.46 9310.49 9303.6 9313.62 9314.48 9301.72 9292.76 9289.14 9291.53 9294.04 9296.11 9291.11 9294.72 9303.12 9313.11 9327.67 9336.86 9337.09 9332.85 9322.77 9313.58 9309.51 9333.67 9339.29 9335.44 9350.48 9388.67 9425.78 9443.91 9438.24 9401.43 9387.54 9363.91 9351.38 9337.42 9324.76 9319.87 9311.16 9307.1 9305
9241.1 9237.86 9232.45 9235.24 9239.58 9253.63 9277.91 9302.35 9323.79 9335.56 9337.62 9336.95 9325.54 9307.87 9302.55 9311.62 9297.35 9294.16 9289.32 9285.58 9287.88 9294.31 9306.96 9298.3 9295.31 9297.06 9304.72 9316.34 9336.12 9332.33 9323.16 9312.37 9315.37 9312.78 9319.03 9345.76 9373.19 9370.73 9361.65 9384.6 9427.84 9460.07 9480.48 9443.64 9426.26 9401.34 9386.65 9373.02 9340.39 9321.66 9330.31 9322.34 9314.44
9245.48 9247.55 9245.13 9237.98 9247.35 9259.19 9278.12 9303.2 9330.02 9360.87 9373.1 9367.89 9335.81 9303.76 9300.31 9315.15 9314.88 9297.34 9294.69 9294.83 9293.9 9295.97 9312.04 9307.17 9297.56 9298.53 9306.95 9319.1 9328.56 9329.28 9320.65 9311.78 9313.28 9316.49 9320.47 9341.07 9350.89 9359.26 9367.48 9383.36 9410.99 9445.42 9463.42 9446.34 9431.47 9417.06 9406.92 9402.41 9351.19 9329.51 9338.45 9333.8 9326.07
9254.07 9257.43 9256.5 9251.37 9245.52 9262.73 9282.25 9305.21 9327.23 9346.43 9367.26 9381.06 9334.46 9295.91 9276.47 9301.13 9307.62 9287.24 9292.12 9309.86 9315.37 9320.26 9319.73 9315.61 9308.54 9305.17 9314.4 9320.21 9335.65 9333.95 9324.97 9317.44 9313.05 9314.09 9321.51 9338.72 9355.81 9347.24 9355.19 9363.56 9384.87 9427.06 9451.66 9422.27 9423.72 9417.26 9407.24 9391.31 9360.31 9345.8 9353.77 9345.8 9338.6
9262.63 9269.45 9269.3 9261.3 9256.93 9268.76 9286.12 9305.8 9324.68 9332.65 9331.25 9325.92 9315.2 9294.14 9286.6 9290.65 9291.02 9286.16 9297.22 9322.74 9331.37 9328.12 9341.82 9341.89 9334.26 9328.73 9332.23 9342.85 9347.9 9341.97 9334.91 9324.88 9316 9302.33 9309.03 9331.51 9345.71 9341.92 9362.78 9368.6 9372.19 9401.03 9412.71 9428.75 9426.62 9414.08 9397.51 9375.05 9365.75 9355.21 9354.56 9358.36 9355
9269.7 9279.64 9281.99 9269.68 9272.5 9278.87 9291.11 9305.69 9323.02 9336.15 9310.19 9299.6 9302.81 9303.3 9303.82 9322.61 9307.04 9303.74 9304.08 9307.23 9336.3 9332.82 9342.48 9352.95 9350.67 9342.68 9345.52 9351.91 9353.16 9349.54 9347.45 9341.02 9328.43 9309.66 9313.78 9331.38 9341.69 9346.36 9346.75 9357.08 9378.31 9393.03 9404.2 9414.27 9424.34 9410.52 9389.54 9372.01 9366.69 9372.52 9376.63 9380.26 9379.72
9273.74 9280.49 9282.37 9277.48 9279.46 9283.23 9290.39 9298.83 9307.14 9308.21 9292.23 9290.72 9302.68 9315.53 9330.45 9325.63 9304.61 9319.91 9320.86 9334.59 9351.92 9356.5 9372.3 9379.07 9373.12 9353.56 9362.33 9367.15 9368.65 9366.26 9361.02 9357.68 9348.53 9339.97 9336.9 9342.91 9345.36 9335.79 9346.04 9346.45 9351.11 9401.06 9412.56 9421.79 9418.58 9411.58 9396.03 9372.92 9368.23 9388.39 9403.18 9408.34 9415.61
9272.51 9274.92 9274.34 9277.78 9280.52 9284.21 9288.24 9290.97 9289.25 9285.86 9291.62 9296.9 9310.84 9327.29 9340.37 9335.34 9316.91 9326.16 9335.59 9348.16 9373.75 9392.33 9422.62 9405.3 9388.08 9390.61 9394.11 9375.27 9367.17 9369.4 9374.34 9371.55 9365.06 9357.47 9362.72 9361.62 9357.07 9338.09 9334.56 9346.72 9352.76 9410.17 9417.67 9411.09 9419.72 9421.01 9416.16 9407.62 9393.7 9400.01 9416.89 9432.09 9445.47
9272.67 9275.68 9279.03 9277.09 9278.71 9283.09 9286.43 9287.6 9285.08 9284 9282.98 9301.33 9320.03 9336.93 9345.9 9334.72 9320.77 9329.71 9351.36 9371.5 9389.69 9404.1 9436.61 9436.18 9432.34 9430.55 9431.3 9393.22 9383.38 9389.2 9401.19 9404.63 9403.07 9407.41 9396.54 9389.29 9377.48 9357.69 9362.96 9355.51 9348.62 9403.68 9420.55 9411.52 9446.72 9427.56 9416.95 9417.5 9426.85 9447.08 9447.38 9449.43 9454.25
9277.87 9283.34 9279.31 9280.82 9281.68 9285.56 9288.67 9290.37 9291.07 9291.95 9297.06 9312.53 9331.95 9350.27 9363.91 9369.73 9360.42 9371.89 9377.24 9381.8 9409.16 9469.81 9467.44 9483.98 9488.57 9513.59 9464.76 9446.32 9451.8 9437.99 9451.75 9457.77 9457.7 9443.29 9433.27 9416.69 9402.01 9383.83 9371.42 9365.19 9364.35 9404.32 9426.77 9424.59 9436.38 9420.84 9400.54 9419.78 9452.88 9479.98 9472.85 9456.43 9446.74
9284.4 9292.18 9280.94 9273.64 9283.77 9289.65 9293.42 9296.3 9302.53 9308.7 9314.84 9331.46 9350.24 9368.35 9387.65 9401.73 9409.34 9407.01 9419.07 9432.36 9475.6 9516.14 9520.9 9569.45 9616.89 9718.16 9713.06 9645.91 9594.73 9569.26 9546.8 9508.09 9487.94 9498.4 9465.79 9445.35 9427.63 9406.8 9373.1 9371.85 9374.59 9387.7 9421.15 9427.52 9429.57 9412.57 9402.67 9431.47 9466.83 9480.88 9473.86 9451.98 9431.51
9288 9298.84 9290.92 9296.99 9297.56 9300.01 9302.05 9304.55 9305.57 9328.19 9345.94 9355.27 9368.53 9386.3 9405.97 9414.82 9416.48 9450.08 9491.85 9521.64 9582.8 9621.83 9608.32 9629.43 9767.3 9722.23 9708.05 9718.89 9653.55 9695.82 9637.13 9549.71 9500.72 9495.11 9493.11 9474.98 9452.57 9426.72 9411.16 9385.81 9384.47 9394.84 9419.3 9404.93 9399.74 9404.56 9413.79 9420.39 9455.48 9481.08 9466.91 9439.95 9409.27
9285.39 9289.37 9299.23 9322.05 9313.03 9309.45 9310.87 9314.58 9328.89 9347.01 9364.1 9370.29 9379.87 9392.96 9411.46 9433.37 9486.73 9560.79 9588.87 9616.52 9652.7 9660.89 9576.34 9520.36 9464 9395.24 9325.99 9404.26 9502.42 9551.71 9528.51 9542.19 9586.22 9556.33 9520.38 9494.93 9477.18 9465.42 9449.91 9412.48 9403.76 9403.98 9417.87 9408.65 9398.71 9395.11 9392.67 9411.98 9450.5 9472.72 9459.01 9430.92 9396.52
9285.25 9286.62 9297.81 9314.24 9315.39 9313.86 9316.14 9319.36 9323.52 9341.11 9357.79 9368.8 9377.3 9389.92 9408.31 9469.17 9612.96 9710.44 9636.52 9595.16 9608 9438.43 9393.42 9376.1 9328.4 9315.28 9320.88 9342.76 9325.23 9280.16 9318.41 9429.45 9578.11 9596.52 9529.24 9505.83 9498.95 9490.19 9459.92 9441.41 9425.08 9412.35 9421.32 9413.9 9404.25 9398.51 9404.33 9428.24 9454.14 9468.61 9455.64 9431.34 9399.74
9286.26 9288.32 9296.64 9305.23 9311.95 9315.18 9317.25 9321.38 9330.57 9337.34 9353.08 9370.9 9384.46 9403.1 9437.61 9559.9 9678.87 9735.55 9548.54 9386.77 9225.03 9226.91 9241.56 9205 9196.37 9139.49 9101.72 9143.12 9154.71 9183.88 9238.72 9276.84 9273.13 9423.33 9461.73 9491.23 9518.17 9529.86 9480.85 9446.04 9428.08 9411.36 9423.77 9421.4 9414.82 9408.37 9424.01 9448.29 9462.95 9466.58 9457.78 9441.67 9420.97
9292.79 9285.81 9293.58 9301.85 9306.23 9310.55 9315.51 9320.71 9326.94 9339.73 9356.56 9378.44 9398.97 9425.07 9473.5 9608.98 9716.14 9519.71 9365.32 9268.9 9228.95 9245.66 9106.24 9003.8 8917.25 8810.44 8830.49 8870.37 8952.39 9068.64 9198.02 9191.55 9163.27 9231.81 9351.26 9437.98 9511.62 9537.11 9492.48 9464.86 9443.13 9430.78 9418.18 9412.23 9400.47 9403.49 9431.48 9445.53 9454.17 9460.72 9464.67 9463.55 9458.85
9319.38 9311.29 9300.3 9301.6 9306.06 9310.38 9314.89 9321.76 9333.46 9345.68 9369.46 9403.27 9447.08 9486.29 9529.83 9691.21 9699.66 9299.53 9188.67 9138.28 9023.96 8916.5 8840.13 8792.99 8719.09 8634.82 8637.93 8684.73 8761.88 8808 8843.08 9104.54 9313.08 9203.98 9316.13 9411.68 9519.41 9587.13 9519.04 9493.5 9472.99 9452.04 9431.97 9413.75 9407.68 9413.25 9440.89 9455.11 9435.77 9455.57 9481.44 9502.43 9529.17
9338.62 9303.47 9300.74 9302.79 9307.95 9312.07 9314.62 9315.31 9326.3 9346.56 9391.09 9456.31 9524.91 9585.99 9601.15 9650.21 9464.22 9168.87 9060.48 8895.13 8767.91 8677.08 8632.34 8636.58 8612.76 8620.63 8595.09 8617.88 8649.11 8657.5 8685.18 8895.46 9066.05 9314.27 9293.78 9371.51 9496.53 9594.27 9591.01 9518.65 9467.56 9472.52 9446.41 9426.17 9411.89 9427.44 9460.84 9463.52 9445.83 9468.4 9506.16 9542.56 9545.72
9351.8 9314.89 9309.25 9310.58 9312.55 9316.52 9320.91 9326.95 9331.81 9347.1 9413.71 9499.94 9598.26 9697.04 9741.42 9475.97 9138.63 8995.52 8895.18 8736.46 8622.81 8586.6 8562.97 8558.77 8538.33 8488.51 8520.81 8586.59 8618.43 8630.29 8680.09 8733.58 8836.06 9035.19 9159.95 9278.2 9416.37 9566.36 9701.43 9554.57 9502.44 9494.88 9465.6 9443.86 9446.04 9461.18 9469.83 9467.62 9461.92 9488.41 9529.92 9581.55 9631.03
9376.93 9342.02 9325.73 9322.12 9323 9324.84 9327.45 9336.16 9341.22 9363.64 9434.91 9516.51 9601.06 9673.71 9624.95 9201.05 8857.67 8706.13 8649.74 8624.76 8516.8 8501.11 8536.64 8525.47 8509.59 8493.83 8502.83 8587.9 8628.01 8631.12 8598.41 8685.19 8764.96 8842.23 8970.79 9114.91 9279.99 9513.74 9733.94 9668.12 9514.54 9503.69 9469.52 9442.98 9444.5 9459.12 9465.91 9466.85 9472.17 9499.11 9542.39 9589.62 9598.24
9404.5 9367.33 9342.01 9334.69 9333.11 9333.14 9335.44 9337.34 9359.5 9383.36 9439.34 9496.19 9538.51 9527.53 9357.57 8938.41 8773.84 8627.77 8550.08 8506.87 8426.84 8442.68 8495.81 8519.07 8484.73 8476.02 8520.06 8617.21 8683.09 8695.69 8693.82 8709.21 8693.1 8714.31 8804.11 8937.38 9114.23 9371.39 9660.33 9703.13 9492.32 9447.61 9420.11 9422.12 9436.81 9463.34 9467.2 9462.55 9468.27 9494.36 9535.11 9596.76 9600.56
9399.63 9379.7 9358.9 9348.42 9343.46 9344.2 9348.57 9365.14 9382.57 9395.27 9435.23 9461.75 9462.76 9376.86 9146.04 8821.37 8781.59 8590.54 8515.31 8429.03 8388.22 8440.25 8572.47 8542.56 8460.55 8442.53 8541.89 8746.7 8734.23 8771.43 8820.42 8728.68 8599 8584.52 8646.77 8776.76 8956.08 9247.22 9575.99 9786.23 9611.28 9450.97 9413.9 9417 9429.68 9471.05 9479.08 9459.99 9458.11 9480.44 9508.53 9532.29 9494.33
9374.91 9375.49 9370.52 9359.34 9354.32 9354.23 9357.81 9367.58 9392.69 9410.52 9431.54 9437.11 9419.3 9314.57 9061.05 8766.26 8621.64 8550.31 8505.53 8387.54 8376.59 8469.4 8574.01 8530.58 8467.34 8490.84 8564.71 8632.97 8745.66 8802.39 8797.57 8651.19 8556.39 8514.34 8549.1 8642.57 8783.66 9077.45 9431.62 9703.52 9642.07 9544.53 9461.95 9438.96 9442.06 9450.13 9478.92 9463.82 9456.68 9466.07 9480.5 9502.61 9447.45
9318.98 9353.04 9362.08 9356.95 9356.98 9361.87 9368.38 9381.61 9393.78 9418.92 9436.8 9447.13 9422.79 9319.47 9023.77 8715.46 8586.05 8544.83 8468.12 8350.01 8347.95 8417.86 8447.35 8485.64 8518.55 8562.65 8581.78 8712.73 8804.01 8820.86 8790.52 8705.55 8589.59 8523.89 8520.02 8569.87 8669.11 8960.41 9295.75 9631.05 9695.11 9608.06 9517.43 9471.25 9471.34 9467.71 9476.24 9468.68 9459.82 9456.66 9455.24 9461.43 9401.58
9322.03 9317.05 9337.91 9350.6 9357.59 9363.57 9372.68 9388.3 9416.27 9434.74 9459.4 9475.12 9451.05 9335.66 8985.26 8677.62 8582.21 8530.51 8420.85 8330.88 8328.21 8379.39 8430.31 8495.86 8562.3 8503.28 8520.72 8774.59 8877.61 8829.62 8778.44 8681.72 8615.02 8535.9 8511.55 8568.97 8706.55 8931.45 9210.97 9575.11 9713.07 9655.63 9539.62 9485.12 9482.67 9466.45 9461.11 9467.3 9460.61 9450.38 9439.79 9431.66 9397.97
9322.48 9327.67 9336.42 9345.1 9351.98 9357.94 9369.4 9384.31 9399.72 9446.91 9485.04 9511.89 9485.35 9359.57 8943.01 8640.93 8567.85 8497.61 8368.73 8305.39 8314.56 8382.44 8475.88 8552.18 8535.03 8464.48 8535.6 8756.34 8841.43 8808.12 8788.72 8758.75 8642.43 8552.99 8518.65 8598.47 8771.72 8954.41 9191.3 9515.38 9791.95 9621.59 9549.36 9499.88 9471.26 9451.82 9428.4 9442.18 9447.27 9449.21 9446.68 9435.99 9422.96
9327.68 9344.01 9340.47 9344.83 9348.99 9350.84 9355.55 9377.77 9409.49 9474.22 9525.86 9554.16 9516.66 9331.29 8938.58 8674.68 8598.45 8530.24 8383.59 8315.15 8327.32 8413.64 8502.14 8589.4 8695 8622.65 8578.22 8559.92 8609.13 8738.99 8823.08 8758.88 8642.07 8563.86 8544.08 8613.24 8758.69 8985.83 9218.33 9488.78 9764.86 9633.78 9536.15 9477.27 9457.03 9454.68 9438.9 9425.81 9438.31 9450.53 9463.67 9470.27 9466.5
9336.68 9332.7 9340.99 9345.46 9350.34 9353.54 9350.52 9378.24 9421.99 9497.92 9568.08 9609.78 9585.44 9384.49 8947.62 8723.06 8670.69 8649.9 8464.42 8424.43 8396.57 8454.71 8553.12 8678.07 8797.88 8815.54 8555.12 8474.16 8509.08 8727.82 8861.91 8749.44 8606.74 8573.82 8606.2 8666.23 8817.35 9069.75 9298.94 9506.62 9653.51 9584.56 9519.74 9463.45 9458.08 9441.8 9443.27 9424.4 9433.83 9447.14 9462.12 9470.24 9487.07
9335.96 9332.98 9341.52 9349.25 9357.87 9368.03 9390.13 9401 9444.82 9525.83 9603.65 9663.88 9671.16 9481.9 9049.38 8816.43 8718.05 8617.44 8543.48 8446.25 8443.65 8479.13 8580.59 8779.12 8809.18 8873.56 8726.66 8707.28 8799.14 8807.07 8797.99 8651.46 8565.75 8578.14 8624.34 8760.89 8955.67 9179.1 9404.11 9501.92 9561.54 9574.23 9511.88 9471.45 9460.41 9422.54 9426.95 9424.85 9429.15 9441.23 9451.07 9458.52 9494.07
9344.79 9344.81 9347.15 9355.43 9365.12 9377.93 9394.36 9405.25 9456.08 9532.28 9613.19 9687.11 9722.49 9544 9131.11 8925.98 8794.01 8672.36 8538.97 8447.21 8444.83 8455.15 8493.12 8613.61 8718.73 8782.82 8831.53 8876.33 8897.03 8801.74 8722.52 8609.27 8573.66 8613.35 8690.74 8877.98 9089.58 9264.9 9436.55 9464.24 9526.53 9554.13 9497.78 9465.82 9436.68 9423.17 9443.16 9417.83 9427.85 9440.75 9453.58 9469.09 9500.5
9346.01 9346.22 9350.71 9358.11 9367.74 9378.58 9387.33 9396.97 9454.68 9524.97 9588.31 9643.8 9667.15 9530.71 9256.66 9067.19 8929.07 8800.16 8622.72 8513.11 8467.78 8447.23 8429.48 8513.12 8586.07 8641.97 8678.04 8689.28 8688.67 8655.6 8598.36 8540.68 8565.3 8688.97 8840.08 9011.11 9168.82 9309.19 9417.76 9434.85 9503.84 9499.08 9475.33 9462.47 9446.21 9430.65 9435.92 9425.19 9432.72 9444.86 9455.18 9473.18 9508.75
9361.3 9349.93 9354.18 9360.75 9368.99 9379.8 9390.95 9400.16 9445.63 9494.37 9538.59 9575.67 9580.92 9504.47 9354.8 9232.93 9112.38 8995.97 8768 8561.98 8522.35 8503.54 8491.01 8497.2 8470.85 8509.25 8544 8538.88 8539.58 8518 8478.18 8527.61 8629.03 8784.81 8968.23 9131.05 9233.01 9324.77 9421.16 9466.83 9491.06 9475.18 9463.41 9466.59 9459.44 9444.22 9441.88 9437.54 9443.92 9454.52 9459.25 9479.75 9509.58
9371.87 9356.93 9357.63 9363.05 9368.6 9376.5 9394.05 9411.48 9432.47 9460.16 9485.5 9506.47 9517.92 9549.27 9505.96 9367.44 9267.08 9190.2 8955.04 8690.94 8635 8594.53 8537.49 8486.84 8452.53 8473.85 8522.03 8551.53 8494.82 8480.15 8491.32 8574.62 8696.18 8876.36 9077.91 9243.83 9290.03 9344.7 9378.27 9527.84 9524.35 9466.96 9456.66 9464.43 9466.24 9458.59 9452.52 9451.39 9450.99 9460.23 9474.25 9488.07 9518.26
9370.56 9367.17 9363.58 9365.36 9368.81 9374.2 9392.45 9411.89 9421.81 9436.31 9449.66 9461.29 9466.25 9564.84 9575.98 9462.58 9350.66 9251.28 9192.73 8963.75 8855.26 8742.63 8593.64 8490.77 8447.8 8506.76 8548.58 8552.18 8524.9 8526.8 8566.51 8661.85 8787.36 8955.6 9124.53 9248.59 9331.64 9431 9483.71 9599.44 9491.92 9503.52 9450.97 9459.55 9457.5 9456.86 9455.97 9450.13 9446.97 9450.52 9453.13 9481.78 9518.01
9379.66 9367 9369.22 9372.46 9375 9374.95 9390.43 9407.1 9415.7 9423.97 9434.14 9448.55 9477.48 9525.33 9542.78 9501.2 9407.03 9241.07 9133.69 9140.7 9122.72 8956.33 8751.21 8607.07 8584.97 8614.82 8627.47 8602.94 8582.62 8578.19 8649.97 8798.91 8929.69 9071.44 9153.32 9212.25 9369.07 9556.49 9703.13 9611.37 9484.22 9501.02 9461.05 9444.08 9456.69 9451.96 9450.42 9448.32 9440.13 9438.06 9432.8 9473.25 9518.2
9382.22 9374.84 9376.58 9382.79 9389.09 9397.18 9394.5 9407.72 9417.58 9425.73 9433.82 9448.05 9471.44 9518.79 9541.14 9540.68 9526.09 9521.57 9397.03 9400.52 9353.3 9190.3 9025.85 8902.31 8795.21 8806.13 8789.88 8754.22 8749.53 8756.02 8820.25 8970.04 9150.02 9194.74 9205.19 9256.28 9418.64 9596.17 9681.19 9528.27 9466.28 9466.37 9459.97 9452.58 9452.59 9450.48 9438.32 9430.57 9436.65 9442.4 9446.47 9476.32 9518.4
9385.86 9382.77 9381.52 9388.9 9401.86 9412.1 9412.86 9416.29 9420.26 9424.06 9431.4 9446.11 9471.12 9494.95 9532.89 9564.94 9599.94 9602.04 9556.23 9548.44 9503.56 9385.2 9305.8 9233.42 9183.29 9071.61 9011.37 8987.9 8998.53 9037.77 9049.4 9130.56 9195.93 9243.26 9263.83 9356.29 9504.84 9592.75 9597.56 9501.35 9492.66 9483.56 9485.54 9453.4 9447.43 9446.63 9442.52 9448.41 9444.14 9456.86 9465.22 9481.34 9511.17
