real_craters/C143-300m.grd
DSAA
303 303
-45.36 45.36
-45.36 45.36
3002.5550925856 4874.5101223575
[rows 0 to 29 of 303, columns 201 to 267 of 303]
4219.78 4229.6 4224.26 4224.64 4225.25 4225.5 4225.89 4226.27 4227 4227.37 4228.58 4229.8 4231.35 4232.61 4234.11 4236 4239.23 4243.97 4244.54 4240.86 4238.18 4235.89 4234.68 4238.04 4238.56 4238.93 4239.17 4239.24 4239.58 4239.81 4240.43 4243.61 4241.89 4239.76 4238.71 4238.16 4238.07 4237.95 4237.97 4237.89 4238 4238.2 4238.45 4238.71 4238.97 4239.55 4240.37 4240.76 4241.04 4241.6 4242.24 4242.72 4243.54 4244.7 4245.41 4245.74 4246.47 4247.94 4247.34 4246.85 4246.48 4246.43 4246.53 4246.65 4246.92 4247.46 4247.95
4218.12 4216.19 4224.66 4224.5 4223.8 4223.57 4223.89 4223.59 4224.61 4225.61 4227.25 4228.24 4229.49 4231.26 4232.7 4234.3 4235.94 4237.51 4239.98 4238.93 4236.75 4234.22 4233.04 4234.94 4237.73 4238.93 4238.92 4238.77 4238.71 4239.16 4240.5 4242.81 4241.03 4238.61 4237.62 4237.19 4237.03 4237.07 4237.22 4237.79 4238 4238.32 4238.56 4238.93 4238.71 4239.11 4239.53 4239.97 4240.69 4241 4241.36 4242.21 4243.34 4244.94 4245.69 4245.67 4245.36 4243.96 4246.01 4246.2 4245.98 4245.92 4246.02 4245.85 4246.14 4246.6 4247.22
4215.73 4215.19 4223.51 4223.11 4222.04 4221.92 4221.98 4222.74 4223.49 4224.75 4225.22 4226.46 4227.89 4229.18 4230.71 4232.13 4232.82 4233.55 4235.92 4236.45 4235.83 4234.6 4233.76 4234.93 4235.73 4238.14 4238.14 4237.78 4237.56 4237.38 4237.1 4236.08 4235.43 4235.43 4235.48 4235.49 4235.49 4235.59 4235.72 4235.94 4236.21 4236.95 4237.35 4237.75 4238.06 4238.51 4238.95 4239.37 4239.81 4240.14 4240.61 4241.2 4242.29 4243.39 4244.18 4244.82 4246.32 4247.44 4245.72 4245.39 4245.66 4245.72 4245.87 4245.7 4245.87 4246.51 4246.57
4215.63 4220.42 4221.01 4219.3 4218.96 4219.32 4220.04 4220.94 4222.12 4223.1 4224.73 4226.26 4227.47 4227.89 4229.27 4230.17 4231 4231.62 4234 4234.9 4235.29 4235.8 4234.62 4234.89 4235.83 4236.88 4236.95 4236.68 4236.21 4235.54 4234.08 4232.34 4231.83 4232.66 4233.3 4233.59 4233.78 4234.02 4234.6 4234.91 4235.35 4235.63 4236.09 4236.9 4237.65 4238.1 4238.54 4238.81 4239.34 4239.66 4239.51 4240.19 4241.03 4241.85 4242.18 4242.54 4243.62 4244.71 4244.45 4244.59 4244.72 4244.98 4244.8 4245.16 4245.36 4245.38 4245.83
4213.11 4218.96 4215.99 4214.82 4216.17 4217.64 4218.02 4219.18 4220.94 4222.36 4223.86 4225.52 4226.71 4227.66 4228.5 4229.12 4229.83 4231.26 4232.85 4233.54 4234.33 4234.75 4233.24 4232.96 4235.3 4236.01 4235.64 4235.27 4234.68 4233.8 4232.34 4230.52 4229.56 4231.14 4231.86 4232.23 4232.56 4232.91 4233.16 4233.59 4234.12 4235.09 4235.58 4235.87 4236.42 4236.99 4237.54 4238.29 4238.89 4239.26 4240.01 4240.48 4239.89 4239.56 4239.99 4239.76 4238.21 4239.37 4241.81 4242.58 4243.13 4243.53 4243.88 4244.29 4244.39 4244.51 4244.75
4215.06 4221.54 4219.49 4213.9 4214.11 4215.47 4216.89 4218.86 4220.68 4221.18 4222.77 4224.37 4225.98 4227.05 4227.84 4228.41 4229.09 4230.5 4231.07 4232.13 4233.15 4233.78 4232.53 4234.15 4234.8 4234.74 4234.22 4233.98 4233.43 4232.68 4231.77 4231.26 4231.63 4231.1 4230.83 4231.01 4231.29 4231.75 4232.23 4232.59 4233.15 4233.69 4234.08 4235.02 4235.61 4236.23 4236.83 4237.44 4238.08 4238.62 4238.98 4239.3 4239.42 4238.79 4239.24 4238.88 4237.89 4238.65 4240.6 4241.52 4242.15 4242.59 4242.76 4243.15 4243.43 4243.3 4243.92
4219.58 4223.01 4221.58 4214.55 4213.98 4213.97 4215.23 4217.13 4219.87 4221.3 4223.86 4224.94 4225.41 4226.66 4227.78 4228.36 4227.85 4227.54 4229.58 4230.91 4231.81 4232.86 4234.72 4236.38 4236.32 4232.46 4233.1 4232.92 4232.22 4231.53 4230.83 4231.17 4232.49 4230.31 4229.54 4229.71 4230.18 4230.74 4231.32 4231.92 4232.49 4233.12 4233.58 4234.29 4234.93 4235.61 4236.31 4236.91 4237.44 4237.85 4238.16 4238.5 4240.06 4240.81 4239.66 4239.55 4240.28 4240.24 4240.93 4241.65 4242.11 4242.42 4241.9 4242.77 4242.27 4243.33 4243.87
4224.72 4223.12 4218.45 4213.39 4212.54 4214.27 4215.98 4216.82 4218.72 4220.91 4223.38 4224.86 4226.11 4227.03 4227.76 4228.7 4229.53 4229.99 4230.11 4229.91 4230.32 4231.56 4234.21 4236.11 4235.35 4234.67 4233.02 4231.88 4230.95 4230.13 4229.26 4228.13 4226.32 4226.84 4227.75 4228.46 4229.2 4229.71 4230.34 4230.79 4231.47 4232.11 4232.76 4233.34 4234.06 4234.85 4235.08 4235.83 4236.64 4237.38 4237.77 4237.47 4236.43 4237.99 4238.67 4240.1 4240.24 4241.3 4241.63 4241.56 4241.8 4241.94 4242.29 4242.21 4242.3 4242.42 4242.85
4224.74 4222.97 4219.58 4213.91 4212.37 4213.01 4214.17 4218.03 4219.96 4220.9 4222.62 4224.8 4225.87 4226.57 4227.56 4228.36 4231.15 4231.9 4230.07 4228.16 4227.94 4230.02 4230.9 4230.35 4230.12 4231.99 4231.36 4230.55 4229.59 4228.61 4227.47 4225.77 4223.15 4224.62 4226.56 4227.53 4228.18 4229.18 4229.96 4230.36 4230.94 4231.69 4232.24 4232.98 4233.68 4234.23 4234.68 4235.39 4236.17 4237.14 4237.51 4237.17 4230.02 4231.07 4237.7 4241.49 4243.86 4242.7 4241.88 4241.19 4240.99 4240.95 4241.33 4241.46 4241.64 4241.66 4241.69
4219.25 4221.08 4220.85 4213.35 4211.97 4213.31 4216.25 4217.59 4220.73 4222.56 4224.12 4225.47 4226.07 4227.51 4227.95 4226.86 4223.31 4225.35 4226.8 4225.15 4223.21 4224.44 4229.9 4227.16 4226.39 4230.79 4229.94 4229.38 4228.45 4227.65 4226.71 4225.72 4226.01 4225.88 4225.89 4226.17 4226.93 4227.57 4228.33 4229.51 4230.29 4231.07 4231.43 4232.21 4232.84 4233.55 4234.73 4235.19 4235.92 4236.77 4237.21 4237.09 4240.42 4238.8 4239.18 4242.05 4244.62 4242.62 4241.65 4240.34 4240.02 4239.86 4240.41 4240.52 4240.65 4240.79 4240.83
4221.22 4217.44 4212.6 4209.99 4211.8 4214.35 4216.29 4218.25 4219.99 4221.65 4223.51 4226.28 4226.42 4227.8 4228.84 4228.79 4226.37 4224.85 4222.76 4223.97 4224.28 4224.05 4224.81 4225.33 4224.44 4224.87 4227.95 4227.42 4226.97 4226.39 4225.81 4225.42 4225.53 4225.2 4224.92 4225.1 4225.67 4226.51 4227.43 4228.33 4229.17 4230.02 4231.37 4232.12 4232.31 4233.49 4234.17 4234.77 4235.51 4236.33 4237.29 4239.02 4241.17 4239.98 4238.87 4239.03 4239.87 4240.11 4240.08 4239.92 4239.68 4239.7 4239.67 4239.86 4240.02 4240.13 4240.25
4217.5 4212.96 4209.13 4209.42 4212.32 4215.89 4219.21 4221.37 4222.27 4223.62 4224.68 4225.51 4226.9 4229.43 4230.98 4233.44 4235.51 4231.14 4226.45 4226.56 4227.43 4229.31 4228.75 4225.93 4222.04 4218.97 4223.81 4225.1 4225.67 4225.49 4225.04 4224.45 4223.92 4223.57 4223.92 4224.16 4224.73 4225.62 4226.58 4227.25 4228.1 4228.91 4229.83 4231.27 4232.15 4232.9 4233.66 4234.21 4235.05 4235.63 4236.47 4237.09 4237.17 4237.84 4236.82 4235.16 4235.43 4237.22 4238.01 4238.34 4238.77 4239 4238.83 4238.98 4239.16 4239.49 4239.65
4211.88 4208.47 4204.17 4205.97 4213.09 4217.82 4220.58 4222.08 4223.61 4224.01 4224.92 4225.87 4227.44 4228.72 4230.7 4234.45 4239.99 4234.4 4232.69 4229.39 4227.44 4232.16 4232.56 4227.76 4224.12 4219.05 4220.02 4224.06 4225.02 4224.78 4224.13 4223.39 4223.64 4224.59 4222.74 4222.79 4223.81 4224.94 4226.05 4227.04 4228 4228.94 4229.75 4230.6 4232.09 4232.91 4233.39 4234.12 4234.69 4234.97 4235.27 4235.92 4237.37 4236.37 4235.37 4234.14 4234.29 4235.65 4236.48 4237.17 4238.43 4237.98 4238.98 4239.14 4239.43 4239.73 4239.62
4208.98 4205.86 4203.64 4207.77 4216.71 4221.47 4223.53 4224.6 4225.3 4225.82 4225.93 4226.32 4226.65 4227.09 4227.76 4227.99 4227.83 4229.02 4228.09 4227.26 4228.44 4230.93 4230.63 4226.98 4223.79 4222.85 4226.36 4225.51 4224.92 4224.23 4223.25 4221.74 4219.99 4217.91 4219.43 4221.44 4223.29 4224.69 4225.79 4227.38 4227.31 4228.12 4228.9 4230.22 4230.79 4231.68 4232.96 4233.52 4234.16 4234.31 4234.92 4234.63 4234.34 4235.13 4234.69 4234.63 4234.5 4235.27 4235.54 4236.19 4236.72 4237.23 4237.71 4238.08 4238.57 4238.9 4239.05
4207.47 4204.67 4203.95 4209.87 4223.16 4226.04 4226.7 4226.69 4226.41 4226.33 4226.16 4226.59 4226.13 4225.5 4224.47 4222.52 4221.74 4222.66 4221.88 4222.33 4224.71 4225.22 4225.53 4224.68 4222.53 4221.61 4225.41 4225.55 4224.92 4224.2 4223.1 4221.05 4217.66 4212.77 4218.22 4221.77 4223.56 4224.75 4226.03 4226.42 4227.34 4228.27 4229.17 4228.95 4230.06 4231.67 4232.35 4233.04 4233.82 4233.93 4234.41 4234.86 4235.66 4234.9 4233.86 4233.59 4233.71 4234.48 4234.99 4235.68 4236.32 4236.58 4237.02 4237.47 4237.92 4237.99 4238.97
4207.26 4204.31 4203.82 4212.41 4229.81 4228.05 4227.11 4227.18 4226.79 4226.33 4226.51 4225.84 4224.99 4223.93 4222.1 4219.55 4218.69 4219.63 4219.54 4220.19 4221.44 4220.68 4221.86 4223.18 4224.55 4223.68 4222.15 4224.16 4224.96 4224.71 4224.01 4222.93 4221.99 4223.39 4223.21 4223.39 4223.47 4223.8 4223.92 4224.52 4225.86 4226.81 4228.91 4229.46 4229.89 4229.87 4230.57 4231.41 4232.05 4232.86 4233.6 4234.05 4235.62 4234.97 4233.31 4230.63 4233.01 4234.47 4235.02 4235.53 4235.81 4236.25 4235.92 4236.41 4236.87 4237.89 4238.65
4206.61 4202.81 4201.34 4203.25 4218.6 4224.39 4225.5 4225.94 4226.86 4226.34 4225.17 4224.34 4223.26 4222.24 4221.21 4220.57 4219.48 4219.07 4219.3 4220.29 4220.48 4218.21 4219.92 4222.06 4223.1 4222.87 4223.32 4225.24 4225.41 4225.04 4224.7 4224.96 4226.41 4228.17 4227.69 4225.22 4223.95 4223.73 4224.14 4224.65 4225.33 4225.62 4226.39 4227.42 4228.2 4229.37 4230.44 4231.08 4232.12 4232.83 4233.67 4234.56 4235.17 4235.37 4235.05 4234.73 4234.55 4234.98 4235.08 4235.29 4235.53 4235.04 4235.91 4236.29 4236.81 4237.62 4238.3
4204.81 4201.33 4199.49 4202.57 4211.65 4220.18 4222.93 4224.8 4224.68 4224.02 4223.32 4222.63 4222.21 4221.26 4220.58 4219.8 4219.31 4218.99 4219.4 4220.99 4220.96 4218.4 4219.96 4222.24 4224.44 4225.98 4227.39 4227.26 4225.82 4225.43 4225.08 4225.3 4227.05 4233.21 4229.92 4224.4 4223.17 4223.18 4223.88 4224.51 4225.08 4225.76 4226.5 4227.12 4228.45 4229.21 4230.57 4231.27 4231.68 4232.32 4233.1 4234.75 4235.23 4235.88 4236.91 4237.52 4236.41 4235.93 4235.56 4235.42 4235.49 4235.43 4235.59 4235.75 4236.14 4236.8 4237.87
4202.56 4199.62 4198.08 4199.29 4216.9 4218.33 4220.21 4221.88 4222.36 4222.06 4221.58 4221.12 4219.87 4219.36 4218.89 4218.18 4218.28 4218.78 4218.95 4219.44 4220.72 4220.05 4220.87 4222.59 4225.42 4228.44 4222.66 4224.4 4226.01 4225.51 4224.79 4223.93 4222.34 4217.08 4214.63 4219.96 4221.79 4222.83 4223.46 4224.29 4225.36 4226.09 4226.58 4227.18 4227.93 4228.81 4229.37 4230.74 4231.42 4231.98 4232.22 4231.22 4232.91 4234.38 4237.21 4238.33 4237.47 4235.83 4235.19 4234.56 4234.96 4234.86 4234.85 4234.88 4235.1 4235.56 4236.13
4200.45 4198.82 4197.44 4197.31 4202.32 4213.62 4217.78 4220.07 4220.36 4219.22 4219.14 4218.77 4218.37 4218.08 4217.9 4218.22 4217.92 4218.42 4218.87 4218.97 4221.12 4221.69 4221.98 4222.43 4222.45 4221.8 4228.26 4228.92 4226.68 4225.71 4224.58 4222.95 4220.01 4215.84 4216.23 4218.66 4220.81 4222.16 4223.18 4223.59 4224.35 4225.08 4226.08 4226.79 4227.54 4228.27 4229.04 4229.83 4230.58 4231.49 4232.71 4233.19 4231.41 4233.11 4237.39 4238.37 4237.27 4236.1 4235.03 4234.43 4234.43 4234.18 4234.01 4234.02 4234.02 4234.15 4234.33
4199.65 4199.16 4198.85 4199.91 4207.42 4214.87 4217.03 4217.8 4217.86 4217.53 4217.3 4216.94 4216.68 4216.63 4216.57 4216.54 4217.48 4218.2 4219.14 4222.52 4223.19 4223.07 4222.71 4222.5 4221.82 4220.21 4224.6 4226.16 4226.47 4225.72 4224.6 4223.18 4221.4 4220.34 4220.01 4220.36 4221.25 4222.22 4222.98 4224.24 4225.03 4225.73 4226.17 4226.82 4227.55 4228.44 4228.94 4229.58 4230.29 4231.1 4232.09 4232.89 4233.52 4235.2 4236.16 4236.49 4235.99 4235.38 4234.82 4234.41 4233.58 4233.24 4232.99 4233.06 4233.07 4233.05 4233.31
4200.11 4200.63 4201.6 4203.2 4210.47 4217.72 4215.59 4214.92 4214.64 4214.56 4214.56 4214.54 4214.68 4214.97 4215.58 4216.98 4217.15 4217.97 4217.8 4215.97 4222.08 4223.07 4222.83 4223.3 4224.32 4226.58 4227.07 4226.77 4226.2 4225.8 4225.05 4224.08 4223.09 4222.77 4223.17 4222.44 4222.48 4222.81 4223.22 4223.48 4224.2 4224.92 4225.71 4226.42 4227.14 4227.36 4228.12 4229.11 4229.81 4230.28 4230.47 4231 4231.71 4231.97 4232.57 4233.32 4233.86 4233.93 4233.82 4233.72 4233.36 4233.16 4232.85 4232.2 4231.91 4231.7 4231.55
4201.24 4202.61 4204.88 4208.32 4212.84 4212.97 4211.25 4211.03 4211.39 4212.08 4212.24 4212.58 4212.82 4213.14 4213.35 4214.65 4216.52 4218.27 4220.04 4220.61 4217.83 4220.42 4222.11 4223.65 4225.68 4228.36 4227.72 4224.96 4226.42 4226.53 4226.03 4225.32 4224.57 4224.37 4224.07 4223.48 4222.93 4222.76 4223.12 4223.79 4224.34 4224.97 4225.45 4226.02 4226.73 4227.54 4228.31 4228.84 4229.44 4229.7 4229.74 4229.95 4229.98 4229.17 4227.27 4230.57 4232.32 4232.94 4232.81 4232.74 4232.79 4232.66 4232.1 4231.77 4231.23 4230.53 4229.69
4203 4204.43 4207.44 4211.65 4212.77 4204.54 4205.26 4206.76 4208.35 4209.2 4210.32 4210.79 4211.19 4211.47 4212.1 4213.36 4215.61 4217.96 4220.16 4220.15 4214.8 4218.24 4221.29 4223.32 4225.11 4226.7 4226.22 4227.03 4227.91 4227.53 4226.99 4226.22 4225.47 4224.89 4225.08 4223.77 4223 4222.8 4222.97 4223.33 4223.83 4224.55 4225.43 4226.07 4226.69 4227.32 4227.88 4228.57 4229.13 4229.6 4229.63 4229.64 4229.54 4230.07 4229.98 4230.64 4231.62 4232.05 4232.25 4232.25 4232.21 4231.9 4231.64 4231 4230.74 4230.51 4230.61
4203.98 4205.09 4207.91 4211.61 4216.19 4199.46 4200.42 4203.32 4205.71 4207.52 4208.94 4209.2 4209.32 4209.66 4210.76 4212.37 4214.68 4217.32 4219.04 4219.53 4220.52 4220.77 4221.82 4223.06 4224.13 4224.51 4224.41 4225.78 4228.1 4228.38 4227.83 4226.9 4225.74 4224.28 4222.83 4222.4 4222.5 4222.55 4222.88 4223.42 4223.78 4224.42 4225.58 4226.17 4226.76 4227.42 4227.92 4228.45 4228.68 4229.45 4230.72 4229.58 4228.9 4229.22 4232.55 4231.39 4231.45 4231.89 4232.09 4231.81 4231.54 4231.27 4230.96 4230.76 4230.47 4230.37 4231.07
4204.76 4205.71 4206.64 4207.58 4202.28 4197.9 4199.06 4202.93 4206.1 4208.23 4209.02 4209.39 4209.11 4208.53 4206.14 4209.84 4213.41 4216.62 4219.52 4220.63 4223.44 4222.54 4222.49 4223.03 4223.74 4224.46 4225.42 4226.16 4229.2 4229.09 4228.32 4227.17 4225.48 4223.85 4221.82 4221.62 4222.47 4222.76 4223.19 4223.74 4224.24 4224.59 4225.04 4225.47 4226.02 4226.47 4227.17 4227.84 4228.22 4228.39 4228.65 4228.85 4228.51 4227.54 4229.3 4231.06 4231.3 4231.48 4231.54 4231.17 4231.05 4230.88 4230.58 4230.49 4230.29 4229.94 4228.49
4204.65 4204.45 4204.6 4205.05 4208.41 4196.77 4200.37 4204.6 4207.61 4209.19 4210.2 4210.55 4210.16 4209.72 4210.66 4211.13 4213.28 4215.87 4219.32 4220.3 4221.38 4222.03 4222.31 4222.72 4223.34 4224.2 4225.67 4228.53 4229.73 4229.81 4229.07 4227.8 4226.18 4224.43 4223.18 4222.61 4222.6 4222.71 4223.04 4223.56 4223.96 4224.37 4224.99 4225.73 4226.18 4226.83 4227.36 4227.85 4228.09 4227.69 4227.57 4228.82 4229.32 4230.54 4231.01 4230.78 4230.9 4230.91 4230.71 4230.61 4230.47 4230.7 4230.36 4230.34 4230.21 4230.62 4232.03
4203.56 4203 4202.13 4200.51 4198.56 4202.91 4205.93 4208.14 4209.75 4210.83 4212.1 4212.41 4212.12 4211.4 4211.93 4212.62 4213.68 4214.43 4213.97 4217.82 4219.72 4220.58 4221.25 4221.75 4222.54 4223.26 4224.43 4226.34 4229.69 4230.61 4229.55 4228.07 4226.41 4225.14 4223.72 4222.87 4223.03 4223.22 4223.56 4223.5 4223.86 4224.44 4225.1 4225.57 4226.07 4226.56 4227.07 4227.73 4228.6 4229.43 4229.52 4229.9 4230.19 4230.28 4230.33 4230.68 4230.55 4230.31 4230.1 4230.14 4230 4229.91 4229.91 4230.07 4230.23 4229.93 4229.43
4203.85 4203.81 4202.26 4198.89 4192.79 4198.26 4210.93 4212.79 4213.25 4213.55 4213.85 4214.14 4214.14 4213.07 4211.71 4213.62 4214.37 4214.66 4214.98 4215.32 4217.78 4219.74 4220.96 4221.47 4221.89 4222.58 4224.4 4230.31 4233.6 4231.38 4229.79 4228.28 4226.9 4225.69 4224.61 4224.05 4223.88 4223.49 4223.54 4223.72 4224.16 4224.73 4225.01 4225.43 4225.91 4226.31 4226.8 4227.32 4228.31 4230.93 4231.52 4230.9 4231.2 4231.14 4231 4230.9 4230.37 4229.95 4229.64 4229.46 4229.36 4229.37 4229.53 4229.79 4230.35 4231.38 4231.68
4205.36 4205.29 4203.87 4201.6 4199.81 4204.96 4215.58 4216.7 4215.89 4215.54 4216.01 4216.78 4217.42 4217.28 4216.55 4216.56 4216.3 4216.1 4216.02 4215.93 4217.84 4220.12 4220.71 4220.87 4221.08 4221.5 4222.52 4224.59 4228.67 4229.55 4228.94 4227.96 4226.91 4225.79 4225.35 4225.62 4224.33 4223.87 4223.9 4224.12 4224.41 4224.59 4225.03 4225.12 4225.5 4225.81 4226.24 4226.78 4227.01 4225.83 4228.68 4230.88 4232.28 4233.13 4232.4 4231.02 4230.14 4229.49 4229.01 4228.76 4228.43 4228.84 4228.78 4229.15 4229.88 4230.82 4231.27
