real_craters/C143-500m.grd
DSAA
182 182
-45.36 45.36
-45.36 45.36
3006.4267397636 4836.9928938045
[rows 150 to 179 of 182, columns 67 to 133 of 182]
4193.96 4194.54 4196.14 4197.25 4198.78 4201.37 4206.15 4204.47 4203.11 4203.48 4210.53 4220.02 4226.4 4223.46 4232.16 4225.98 4214.62 4204.99 4206.1 4219.29 4219.72 4229.86 4240.29 4253.23 4253.07 4233.89 4231.66 4236.14 4232.72 4235.21 4240.19 4247.21 4259.19 4264.99 4254.59 4253.02 4254.39 4252.74 4250.35 4248.48 4245.62 4247.22 4254.34 4259.07 4265.95 4265.47 4267.62 4264.4 4265.07 4269.71 4257.63 4252.58 4247.66 4244.41 4241.91 4241.06 4239.88 4240.29 4241.65 4242.76 4243.29 4243.47 4244.25 4242.67 4241.09 4239.5 4238.52
4194.38 4196.26 4197.22 4198.83 4200.56 4202.54 4206.2 4208.87 4210.89 4206.55 4215.85 4223.17 4230.89 4244.53 4247.22 4224.59 4212.33 4195.86 4158.25 4168.53 4205.28 4221.84 4233.56 4239.61 4235.41 4229.83 4228.34 4236.54 4244.31 4238.98 4240.48 4250.29 4262.39 4269.67 4268.3 4259.58 4258.9 4256.38 4253.25 4251.4 4255.05 4259.89 4256.98 4256.72 4256.99 4262.87 4265.6 4256.57 4259.9 4266.65 4263.28 4251.21 4246.78 4243.72 4240.92 4237.76 4239.39 4240.95 4242.75 4244.29 4245.03 4244.8 4243.02 4243.43 4242.33 4240.36 4237.65
4195.23 4195.99 4197.47 4199.08 4200.31 4202.24 4204.12 4210.57 4222.37 4234.49 4227.44 4225.87 4228.93 4236.26 4242.47 4222.73 4216.77 4214.08 4218.76 4207.73 4212.15 4220.42 4226.55 4228.7 4232.06 4230.62 4229 4237.92 4250.54 4243.77 4243.89 4263.51 4264.37 4259.78 4267.36 4271.35 4265.56 4260.89 4257.14 4254.9 4257.68 4258.06 4256.35 4257.68 4259.38 4262.36 4263.45 4267.12 4261.74 4259.93 4252.04 4245.77 4246.08 4244.36 4242.01 4240.21 4241.04 4242.9 4244.68 4246.15 4247.66 4247.78 4245.21 4245.84 4244.12 4241.56 4238.88
4192.92 4193.96 4196.09 4193.97 4196.51 4200.09 4202.93 4209.86 4221.83 4230.56 4228.98 4225.63 4222.44 4222.3 4228.35 4215.23 4220.69 4226.72 4234.7 4230.37 4223 4223.49 4224.32 4226.15 4233.84 4234.31 4232.52 4234.45 4238.63 4243.7 4256.03 4257.46 4260.36 4255.45 4269.26 4275.76 4268.62 4265.07 4263.26 4263.53 4256.24 4248.84 4253.29 4257.42 4261.11 4263.83 4266.86 4268.49 4259.96 4255.49 4249.19 4245.62 4248.31 4246.02 4244.55 4244.78 4244.89 4245.58 4247.22 4248.9 4250.8 4253.7 4255.88 4249.85 4246.49 4243.89 4242.18
4191.62 4190.8 4190.75 4193.12 4195.9 4200.71 4205.34 4211.66 4218.41 4223.36 4224.38 4222.6 4216.73 4209.15 4224.49 4224.13 4225.89 4226.63 4224.48 4227.95 4226.83 4228.43 4230.68 4237.51 4247.05 4244.22 4235.87 4233.19 4234.79 4240.97 4245.79 4256.04 4261.59 4266.52 4265.24 4261.88 4266.44 4266.48 4265.86 4263.96 4258.08 4252.24 4253.1 4255.26 4258.14 4262.46 4267.06 4267.64 4260.71 4253.39 4248.56 4253.68 4251.16 4247.24 4245.71 4245.75 4246.46 4247.55 4249.29 4251.6 4253.54 4253.54 4252.66 4251.71 4248.69 4245.64 4243.65
4193.89 4191.48 4190.17 4190.11 4193.01 4199.61 4212.72 4223.76 4214.53 4213.65 4222.41 4223.62 4222.07 4214.42 4218.06 4237.22 4228.46 4222 4221.55 4222.98 4226.29 4231.55 4240.62 4253.28 4249.78 4255.91 4267.69 4240.26 4236.41 4242.31 4251.52 4256.89 4261.12 4264.48 4264.65 4266.47 4266.6 4266.72 4266.21 4266.07 4261.08 4257.27 4256.34 4256.31 4257.58 4258.8 4260.07 4263.66 4259.43 4252.82 4248.65 4249.18 4246.72 4245.72 4245.6 4246.4 4247.32 4248.76 4250.99 4253.49 4256.34 4258.19 4257.1 4254.2 4250.84 4247.38 4243.87
4194.84 4192.25 4190.39 4188.42 4188.94 4192.71 4205.56 4225.62 4229.15 4229.48 4228.86 4226.64 4227.64 4231.12 4221.4 4217.46 4216.24 4213.62 4212.14 4218.34 4223.86 4231.53 4239.92 4236.55 4240.13 4256.44 4259.73 4243.64 4241.37 4243.13 4245.43 4251.84 4258.5 4256.66 4262.69 4265.98 4266.69 4265.76 4264.75 4262.7 4260.5 4262.15 4258.71 4259.9 4257.46 4255.02 4253.13 4251.42 4252.73 4251.85 4249.19 4248.09 4244.41 4244.3 4244.93 4245.55 4246.53 4249.14 4252.18 4255.14 4258.27 4262.94 4260.3 4255.82 4252.4 4249.12 4246.16
4193.39 4191.13 4188.06 4185.48 4182.45 4178.81 4173.62 4174.39 4221.16 4238.64 4232.99 4226.59 4219.6 4218.71 4220.5 4221.63 4215.9 4208.06 4207.46 4213.68 4221.96 4228.12 4232.9 4239.01 4243.79 4251.09 4245.85 4247.45 4245.7 4243.77 4244.24 4248.46 4252.06 4259.34 4262.73 4264.57 4264.83 4264.55 4263.45 4260.54 4257.82 4254.76 4255.08 4253.24 4254.45 4251.6 4247.59 4247.61 4251.08 4251.76 4252.51 4255.08 4248.47 4245.44 4245.63 4246.02 4246.43 4250.2 4253.32 4255.8 4257.2 4256.79 4258.07 4256.44 4253.86 4250.92 4248.27
4192.6 4190.46 4187.06 4183.86 4179.35 4171.44 4155.54 4126.79 4218.84 4238.12 4233.54 4225.46 4215.88 4216.33 4220.05 4222.24 4215.23 4201.92 4202.08 4211.22 4220.1 4227.07 4227.7 4223.67 4227.93 4247.74 4251.44 4252.75 4248.65 4243.69 4241.86 4244.06 4251.48 4264.12 4263.4 4262.13 4262.21 4263.19 4263.92 4264.65 4264.88 4260.71 4258.42 4257.24 4255.73 4251.8 4246.05 4245.7 4248.06 4252.82 4254.87 4254.23 4249.29 4247.07 4248.54 4249.66 4251.85 4253.32 4255.64 4257.79 4258.25 4256.35 4257.69 4257.16 4255.03 4252.83 4249.99
4192 4188.45 4185.59 4182.8 4181.59 4179.45 4182.16 4214.91 4229.29 4235.78 4230.77 4223.61 4219.31 4207.53 4216.58 4220.4 4215.51 4202.98 4204.91 4214.03 4222.33 4230.92 4237.11 4231.33 4228.42 4242.72 4249.27 4246.18 4244.34 4242.34 4240.12 4242.3 4255.8 4263.42 4263.37 4261.19 4260.41 4261.57 4263.98 4266.8 4266.55 4259.62 4256.68 4264.84 4260.56 4257.2 4250.88 4248.37 4250.93 4256.97 4253.35 4256.58 4255.92 4253.59 4253.69 4253.89 4254.65 4256.41 4258.42 4260.77 4263.82 4265.17 4261.69 4259.24 4256.98 4254.83 4253.93
4191.97 4189.31 4188.42 4187 4186.35 4189.17 4197.38 4213.73 4220.85 4225.82 4225.58 4220.14 4211.07 4216.18 4216.48 4214.26 4212.34 4217.83 4218.09 4221.76 4227.39 4233.97 4239.31 4240.78 4245.68 4248.76 4246.75 4238.85 4243.16 4243.07 4243.34 4250.65 4265.61 4265.07 4261.65 4257.22 4256.21 4259.11 4262.69 4265.74 4266.64 4264.11 4265.58 4267.8 4261.2 4256 4250.65 4251.86 4261.24 4264.02 4256.99 4255.3 4259.94 4261.23 4258.58 4257.85 4258.66 4258.94 4260.24 4262.45 4265.31 4266.33 4263.76 4260.81 4258.3 4255.87 4251.41
4192.45 4191.21 4190.53 4188.35 4189.66 4194.06 4201.34 4209.52 4214.01 4220.77 4221.94 4220.16 4214.81 4210.76 4216.84 4221.92 4228.54 4228.48 4226.04 4226.74 4230.21 4235.63 4240.4 4240.84 4237.72 4239.96 4246.19 4250.36 4246.02 4244.82 4245.64 4250.74 4263.65 4263.15 4258.68 4255.43 4254.6 4258.44 4261.58 4264.56 4267.91 4266.07 4261.41 4259.34 4258.81 4254.07 4251.81 4253.22 4255.94 4259.97 4259.38 4259.34 4263.05 4262.21 4260.88 4259.92 4259.49 4259.98 4261.27 4262.51 4263.89 4264.49 4262.68 4260.62 4258.51 4256.89 4255.3
4194.66 4192.43 4192.17 4192.84 4194.99 4199.08 4204.88 4214.56 4222.52 4222.27 4222.64 4221.89 4226.2 4218.42 4222.57 4225.09 4221.82 4230.55 4230.97 4230.38 4231.07 4233.75 4238.5 4237.59 4238.53 4235.16 4237.16 4246.23 4245.61 4244.76 4245.47 4246.25 4253.88 4254.81 4254.86 4255.19 4258.51 4258.32 4260.83 4262.79 4263.14 4267.42 4275.4 4263.37 4260.12 4256.34 4255.24 4255.37 4257.56 4259.45 4261.03 4262.53 4262.71 4261.67 4261.31 4260.9 4261.19 4261.75 4261.91 4262.07 4262.57 4262.05 4261.9 4260.84 4259.39 4257.78 4257.65
4195.11 4196.87 4198.62 4201.35 4203.55 4205.89 4208.45 4210.62 4215.28 4215.52 4217.63 4222.48 4230.16 4231.31 4230.95 4231.48 4235.13 4235.89 4233.39 4231.06 4229.46 4227.76 4227.94 4230.71 4232.21 4234.5 4238.9 4237.58 4240.92 4245.25 4248.78 4250.32 4248.19 4251.09 4252.69 4253.33 4244.32 4257.41 4260.6 4262.32 4263.39 4265.85 4266.12 4263.68 4262.5 4262.73 4258.28 4257.08 4257.06 4261.52 4261.81 4260.71 4261.12 4261.4 4260.85 4261.32 4262.25 4262.75 4262.49 4261.75 4259.31 4260.89 4261.56 4260.94 4259.51 4257 4253.72
4198.76 4200.72 4202.61 4204.23 4205.95 4206.92 4207.83 4205.4 4202.8 4210.67 4214.04 4219.24 4230.64 4239.05 4236.89 4234.49 4235.8 4239.61 4235.22 4231.18 4227.17 4222.63 4221.15 4225.79 4228.47 4233.02 4236.06 4231.55 4237.52 4245.39 4252.08 4262.59 4266.76 4252.95 4253.49 4256.1 4261.51 4261.58 4262.41 4263.69 4265.59 4265.12 4261.49 4263.65 4262.75 4262.45 4262.71 4259.05 4256.77 4262.41 4263.01 4260.42 4260.7 4259.05 4259.8 4261.03 4261.82 4262.28 4263.55 4263.92 4261.4 4262.89 4262.85 4261.85 4260.26 4258.19 4255.23
4202.86 4202.05 4202.54 4203.55 4204.95 4206.54 4208.39 4211.75 4213.11 4209.32 4210.63 4212.44 4234.63 4244.59 4238.18 4233.85 4228.41 4234.13 4233.12 4228.9 4224.72 4222.25 4222.51 4224.7 4230.3 4235.35 4234.07 4238.46 4243.14 4246.29 4250.47 4253.13 4256.25 4256.59 4255.79 4258.37 4262.24 4262.96 4263.31 4264.27 4265.69 4265.55 4263.7 4264.51 4264.49 4263.95 4263.83 4261.31 4259.56 4262.57 4263.3 4259.66 4261.67 4260.32 4260.38 4261.59 4262.65 4263.58 4265.08 4266.94 4269.35 4266.57 4264.84 4263.56 4261.95 4259.69 4257.39
4202.44 4203.26 4204.04 4204.88 4205.77 4206.53 4207.63 4209.52 4204.88 4204.96 4208.35 4214.87 4225.52 4231.57 4233.1 4232.43 4235.45 4234.37 4230.57 4226.75 4223.29 4219.75 4219.88 4223.89 4228.05 4232.34 4239.23 4242.21 4244.18 4245.75 4248.77 4253.53 4258.26 4255.44 4256.25 4258.48 4259.88 4261.98 4263.56 4264.08 4263.78 4262.87 4264.78 4268.22 4267.02 4264.81 4263.83 4263.42 4263.31 4265.11 4263.99 4262.44 4263.78 4263.48 4262.23 4262.87 4264.07 4265.36 4266.16 4266.96 4267.95 4267.33 4266.6 4265.32 4263.85 4263.74 4261.2
4203.05 4204.22 4204.66 4205.02 4205.11 4205.26 4204.95 4203.58 4200.11 4202.18 4206.65 4211.85 4218.68 4224.31 4226.83 4228.02 4229.8 4229.42 4226.15 4223.81 4222.38 4221.62 4221.48 4222.89 4228.55 4225.3 4229.72 4235.5 4239.23 4243.22 4244.86 4245.98 4250.53 4254.53 4257.16 4259.1 4260.55 4262.27 4263.69 4264.47 4264.37 4263.91 4264.8 4267.26 4268.14 4267.33 4266.43 4265.8 4265.63 4264.6 4264.38 4264.16 4266.06 4264.94 4262.97 4264.14 4265.9 4267.79 4267.56 4265.05 4264.34 4267.61 4267.66 4266.93 4264.98 4261.36 4260.44
4206.35 4204.9 4204.74 4204.83 4204.89 4204.76 4204.21 4202.67 4202.51 4203.93 4206.33 4208.51 4211.65 4217.91 4221.17 4221.58 4219.6 4220.05 4220.3 4220.83 4221.72 4223.49 4222.46 4221.39 4216.46 4236.67 4232.79 4237.07 4242.26 4243.88 4245.16 4246.89 4250.45 4254.52 4257.56 4259.58 4261.65 4263.28 4264.62 4265.85 4267.34 4270.09 4272.18 4280.56 4275.65 4271.39 4268.63 4267.82 4268.05 4268.07 4267.64 4266.09 4264.2 4267.73 4264.96 4265.72 4267.51 4269.74 4270.39 4270.16 4269.28 4269.85 4270.18 4269.83 4268.56 4264.36 4263.66
4203.9 4204.27 4204.68 4204.51 4204.61 4204.36 4203.53 4203.04 4204.92 4206.07 4206.83 4210.07 4213.05 4215.82 4218.64 4218.64 4216.18 4213.98 4215.95 4218.35 4219.75 4218.96 4222.89 4224.94 4230.85 4235.34 4233.9 4238.2 4242.19 4243.53 4244.75 4246.46 4247.96 4251.78 4256.37 4259.47 4261.69 4264.55 4265.46 4267.04 4268.88 4269.96 4274.01 4275.78 4270.91 4271.11 4269.21 4268.89 4269.41 4272.19 4274.68 4271.43 4272.81 4276.09 4269.28 4267.91 4268.5 4269.94 4272.9 4277.01 4276 4273.6 4272.19 4272.07 4274.04 4278.34 4270.66
4199.32 4202.57 4204.02 4204.68 4204.79 4204.46 4204.18 4202.87 4199.74 4197.29 4205.99 4211.79 4213.12 4215.33 4218.3 4219.45 4215.91 4213.43 4214.12 4216.89 4220.19 4223.72 4224.33 4227.4 4232.58 4233.31 4234.1 4237.78 4238.46 4242.73 4244.11 4244.96 4245.66 4251.79 4257.3 4258.55 4260.42 4261.96 4266.18 4268.61 4270.29 4270.21 4272.98 4273.12 4272.16 4271.08 4269.55 4268.88 4269.11 4270.03 4276.99 4273.39 4271.91 4276.78 4271.41 4269.87 4269.15 4268.69 4270.82 4280.42 4277.6 4274.06 4272.21 4271.54 4272.63 4276.22 4271.01
4199.69 4202.78 4203.16 4203.52 4203.83 4204.72 4204.65 4203.85 4202.89 4205.97 4206.66 4207.23 4209.45 4214.71 4218.95 4222.43 4221.16 4212.23 4214.5 4217.19 4219.64 4220.79 4224.48 4225.95 4227.16 4231.63 4236.38 4240.06 4242.94 4244.33 4244.8 4244.96 4247.17 4249.9 4253.1 4256.9 4260.67 4265 4267.81 4270.61 4273.67 4275.88 4273.91 4270.36 4267.35 4269.79 4268.82 4268.6 4268.83 4269.67 4271.53 4273.11 4274.48 4278.43 4275.63 4271.66 4270.5 4270.26 4271.27 4272.97 4271.8 4272.18 4270.75 4268.51 4265 4261.01 4264.74
4203.79 4202.52 4201.97 4202.49 4203.37 4204.55 4206.89 4206.52 4205.97 4204.78 4207.63 4208.44 4210.41 4215.02 4219.85 4224.6 4223.42 4217.85 4217.06 4218.26 4220.8 4223.53 4224.66 4225.89 4225.32 4225.78 4239.22 4242.33 4245.67 4244.97 4245.26 4244.07 4246.57 4247.72 4249.78 4255.36 4260.46 4264.97 4268.49 4271.14 4274.91 4278.07 4273.77 4277.16 4276.38 4268.32 4268.8 4268.81 4268.9 4269.35 4268.89 4273.29 4276.91 4276.34 4273.7 4272.17 4271.8 4271.87 4272.19 4272 4271.8 4270.95 4269.46 4266.75 4262.22 4259.93 4262.18
4196.46 4198.63 4199.88 4201.21 4202.77 4204.14 4204.68 4206.42 4207.69 4211.06 4210.75 4210.18 4212.7 4216.11 4220.06 4220.23 4222.17 4221.83 4220.23 4219.16 4219.12 4221.26 4224.68 4228.45 4227.34 4224.24 4240.21 4241.72 4240.77 4242.71 4245.18 4246.69 4247.37 4249.05 4253.31 4255.51 4259.99 4264.55 4267.16 4269.6 4272.04 4273.26 4272.86 4274.03 4273.5 4271.31 4270.1 4269.7 4269.3 4270.28 4272.25 4275.29 4278.69 4278.15 4274.45 4273.45 4273.12 4272.47 4272.33 4272.06 4271.21 4270.3 4268.84 4267.36 4265.25 4263.1 4263.43
4192.64 4195.73 4198.11 4200.3 4202.6 4204.85 4206.42 4207.58 4209.15 4210.02 4214.81 4213.33 4213.13 4216.07 4219.87 4224.63 4224.37 4223.24 4222.22 4219.57 4218.2 4219.96 4223.52 4226.91 4227.09 4227.51 4233.73 4240.29 4244.73 4246.28 4244.43 4245.24 4246.36 4248.92 4249.64 4255.83 4259.52 4261.26 4264.32 4267.69 4269.84 4269.9 4271.28 4273.62 4273.82 4273.73 4271.95 4270.78 4270.6 4270.85 4272.11 4276.68 4279.96 4279.45 4279.26 4277.25 4274.14 4272.47 4270.72 4269.92 4270.2 4269.62 4268.82 4268.17 4269.1 4267.84 4265.44
4202.3 4196 4196.85 4199.05 4201.75 4205.41 4207.09 4209.47 4210.35 4212.77 4216.14 4212.63 4213.39 4215.69 4218.15 4219.78 4221.26 4221.9 4220.6 4218.47 4217.86 4220 4222.93 4224.37 4225.12 4226.77 4234.1 4238.88 4241.2 4240.12 4238.87 4240 4242.76 4244.5 4254.77 4258.73 4260.03 4260.92 4262.79 4265.64 4268.52 4271.34 4273.08 4274.78 4277.91 4275.79 4273.27 4271.69 4271.09 4271.71 4275.22 4278.38 4279.06 4279.8 4279.69 4276.63 4274.23 4273.21 4272.5 4271.92 4270.07 4268.88 4267.99 4267.68 4265.62 4266.13 4265.88
4199.59 4195.92 4196.58 4198.81 4201.03 4203.26 4209.34 4208.9 4210.43 4211.85 4213.68 4214.45 4213.51 4215.18 4216.89 4217.59 4218.45 4216.96 4215.37 4217.73 4218.55 4221.31 4224.02 4227.31 4227.24 4229.02 4234.91 4238.88 4240.5 4240.81 4238.83 4239.22 4241.78 4247.87 4258.6 4262.22 4259.32 4259.03 4260.27 4263.22 4266.17 4268.42 4271.6 4277.85 4278.44 4277.28 4275.95 4274.36 4272.56 4272.23 4272.2 4277.71 4280.02 4279.45 4275.73 4271.58 4272.23 4273.02 4273.98 4272.16 4269.59 4267.94 4267.45 4268.03 4269.61 4267.47 4266.02
4203.36 4196.14 4197.51 4199.65 4201.66 4201.96 4198.71 4207.67 4211.22 4213.09 4215.46 4210.54 4213.46 4214.96 4216.27 4217.64 4217.73 4217.56 4218.34 4220.97 4223.44 4224.93 4226.03 4226.25 4229.75 4233.45 4237.41 4241.01 4243.77 4246.12 4241.44 4238.93 4239.92 4240.67 4248.28 4252.61 4255.28 4256.16 4257.79 4259.96 4263.72 4264.83 4264.52 4274.73 4274.51 4277.55 4276.76 4274.73 4272.96 4271.36 4271.49 4281.87 4280.35 4279.6 4275.79 4270.62 4271.65 4272.1 4271.14 4267.85 4267.1 4266.7 4266.75 4266.77 4267.48 4267.18 4266.45
4204.96 4199.96 4200.38 4201.5 4203.41 4206.75 4210.19 4210.37 4212.87 4215.65 4216.04 4217.19 4215.67 4216.11 4216.26 4216.6 4218.72 4219.9 4221.86 4226.82 4230.06 4229.96 4229.62 4230.27 4231.99 4235.74 4240.43 4243.08 4243.82 4240.48 4239.54 4239.27 4240.78 4243.83 4246.63 4249.32 4251.26 4252.31 4252.68 4255.53 4257.22 4259 4260.47 4273.73 4276.46 4278.08 4277.42 4274.62 4272.7 4270.2 4269.29 4277.61 4278.41 4274.86 4273.96 4269.47 4271.45 4271.35 4268.85 4264.09 4264.7 4265.85 4266.68 4265.9 4263.85 4267.04 4267.51
4202.38 4201.51 4202.43 4203.82 4204.93 4206.01 4207.87 4210.93 4213.47 4215.77 4214.31 4215.93 4216.73 4217.34 4219.57 4220.88 4221.07 4223.13 4226.23 4233.09 4237.4 4234.29 4232.06 4232.62 4234.35 4238.37 4242.89 4245.19 4244.93 4244.54 4238.9 4240.44 4242.48 4244.33 4246.18 4246.55 4248.45 4249.12 4247.65 4251.91 4255.38 4257.42 4260.91 4263.41 4276.94 4280.85 4277.04 4274.69 4273.16 4272.24 4271.42 4277.92 4276.3 4273.42 4270.45 4271.75 4269.23 4269.52 4269.29 4262.39 4263.67 4266.38 4268.05 4269.08 4269.88 4270.16 4270.46
