real_craters/C143-500m.grd
DSAA
182 182
-45.36 45.36
-45.36 45.36
3006.4267397636 4836.9928938045
[rows 60 to 89 of 182, columns 67 to 133 of 182]
4339.58 4307.42 4281.25 4284.27 4297.47 4303.51 4305.01 4302.44 4303.17 4335.19 4372.77 4403.45 4393.61 4386.41 4381.71 4379.16 4382.51 4384.41 4384.29 4390.06 4398.76 4411.39 4413.58 4415.29 4414.7 4420.32 4423.15 4426.91 4413.29 4401.65 4380.57 4363.49 4346.72 4363.38 4370.32 4373.47 4367.63 4363.66 4358.44 4350.88 4340.89 4325.18 4307.02 4290.24 4280.95 4278.4 4276.23 4277.14 4281.25 4285.57 4289.59 4293.03 4297.87 4304.44 4312.55 4329.58 4368.52 4332.05 4312.91 4298.05 4319.47 4363.95 4371.67 4333.55 4298.35 4272.43 4241.11
4332.57 4305.57 4286.8 4287.57 4299.06 4305.76 4310.61 4316.91 4329.22 4354.73 4384.83 4402.95 4405.64 4392.46 4372.59 4376.85 4396.29 4405.54 4397.47 4399.5 4407.9 4420.4 4431.53 4434.82 4427.03 4423.56 4418.95 4434.63 4426.85 4408.07 4402.54 4393.6 4389.14 4393.8 4401.54 4397.2 4395.88 4385.23 4366.1 4355.55 4350.8 4335.96 4313.02 4290.02 4277.46 4275.53 4276.22 4280.16 4284.68 4289.6 4294.14 4297.45 4303.18 4305.06 4313.23 4328.34 4359.47 4344.54 4320.34 4297.31 4316.76 4355.2 4367.27 4334.08 4299.12 4259.59 4249.05
4328.39 4309.01 4292.66 4288.01 4309.4 4319.01 4325.3 4333.49 4347.71 4375.09 4401.46 4428.23 4420.07 4406.89 4387.27 4393.62 4421.93 4444.16 4456.22 4442.43 4431.89 4438.23 4437.77 4434.17 4435.37 4434.79 4433.81 4441.14 4451.32 4449.06 4433.48 4423.4 4424.08 4431.33 4444.44 4458.83 4448.11 4419.57 4392.17 4375.87 4374.81 4350.43 4323.69 4297.04 4280.41 4277.37 4283.22 4286.69 4291.93 4297.46 4301.15 4305.89 4309.06 4312.51 4316.93 4321.57 4341.31 4319.6 4303.33 4291.4 4317.51 4359.88 4374.67 4314.25 4285.6 4255.66 4249.74
4334.68 4321.54 4310.93 4313.93 4326.26 4338.66 4347.34 4357.51 4373.32 4395.51 4413.74 4414.76 4424.46 4430.44 4428.96 4434.18 4449.18 4476.06 4523.58 4501.49 4454.96 4454.58 4452.79 4435.88 4454.69 4443.08 4451.93 4481.61 4486.74 4479.95 4459.44 4450.45 4450.03 4460.7 4476.83 4481.12 4460 4452.26 4443.65 4407.9 4396.3 4366.33 4339.37 4310.38 4286.57 4282.12 4291.54 4295.72 4299.85 4302.79 4306.11 4310.89 4313.04 4316.9 4322.25 4324.61 4324.38 4306.28 4293.33 4279.53 4317.4 4365.45 4389.8 4297.71 4271.05 4252.9 4255.15
4341.83 4334.7 4327.02 4333.5 4347.81 4361.62 4374.22 4381.13 4399.45 4423.53 4439.42 4441.49 4449.01 4452.49 4469.29 4495.1 4444.46 4448.64 4506.3 4519.85 4525.69 4488.66 4495.77 4510.65 4511.01 4491.79 4498.73 4522.24 4537 4506.49 4493.2 4472.29 4478.02 4487 4490.91 4488.68 4453.23 4466.01 4476.92 4436.11 4405.28 4388.41 4365.32 4335.19 4309.75 4299.91 4305.95 4307.55 4309.82 4311.82 4313.26 4315.46 4318.25 4320.57 4323.94 4320.51 4297.99 4287.24 4278.75 4275.37 4318.94 4365.6 4379.22 4291.93 4254.32 4249.95 4260.11
4354.98 4357.76 4355.67 4363.37 4373.14 4393.28 4410.69 4419.79 4435.35 4455.44 4474.99 4496.13 4493.22 4447.09 4411.68 4385.74 4356.53 4353.06 4329.94 4356.27 4437.87 4459.68 4482.56 4551.11 4469.38 4489.89 4489.52 4534.11 4581.38 4570 4588.8 4566.08 4547.65 4523.06 4488.96 4472.44 4471.41 4467.15 4463.06 4457.12 4451.75 4432.87 4402.71 4371.65 4346.85 4336.66 4325.56 4322.37 4322.32 4323.26 4323.28 4320.9 4322.4 4325.06 4329.8 4332 4304.8 4292.11 4289.55 4284.32 4324.71 4367.65 4387.56 4298.18 4246.46 4248.97 4264.94
4363.83 4377.68 4409.32 4419.69 4402.6 4422.56 4457.48 4472.26 4478.4 4475.1 4482.05 4518.16 4513.34 4396.27 4306.57 4204.41 4252.42 4279.36 4276.87 4296.55 4344.79 4373.12 4361.29 4307.76 4215.53 4174.73 4265.08 4344.9 4438.55 4581.7 4704.55 4710.69 4626.31 4566.96 4500.45 4472.81 4493.69 4492.73 4494.36 4510.42 4505.31 4480.84 4440.05 4402.83 4380.54 4348.65 4342.01 4336.5 4331.85 4330.12 4329.97 4328.82 4329.56 4328.45 4327.5 4332.39 4332.83 4316.24 4291.97 4299.48 4330.16 4366.07 4382.47 4301.37 4249.27 4254.53 4273.07
4365.74 4377.23 4393.35 4393.25 4383.8 4437.82 4497.35 4546.62 4505.59 4466.63 4439.31 4405.3 4340.91 4310.38 4254.76 4198.37 4218.44 4262.81 4313.87 4372.87 4364.75 4314.77 4229.55 4116.05 3990.62 3934.99 4007.84 4088.79 4189.53 4398.36 4571.71 4629.63 4597.88 4591.33 4604.95 4583.6 4572.6 4550.34 4529.36 4531.64 4535.17 4508.46 4467.14 4421.2 4377.72 4364.55 4356.71 4349.73 4344.06 4340.19 4334.73 4331.57 4327.98 4325.88 4319.91 4305.98 4317.08 4314.7 4296.13 4305.57 4331.03 4357.92 4368.43 4318.56 4267.31 4269.7 4287.5
4361.62 4371.23 4376.27 4391.26 4403.84 4451.89 4491.42 4528.22 4475.68 4429.41 4383.14 4321.88 4256.33 4264.98 4254.92 4230.91 4238.46 4254.94 4294.69 4369.76 4346.4 4244.38 4121.26 3983.18 3844.08 3783.34 3832.73 3872.65 3935.95 4114.03 4272.01 4341.56 4436.1 4543.08 4694.66 4675.13 4580.8 4574.68 4547.67 4527.22 4544.69 4526.69 4481.86 4434.12 4392.65 4375.64 4372.77 4368.55 4358.71 4350.83 4343.43 4336.81 4331.51 4325.15 4319.2 4316.84 4307.17 4305.56 4300.74 4306.25 4326.57 4346.93 4357.48 4340.75 4290.66 4287.97 4302.72
4364.7 4376.53 4388.67 4424.64 4482.47 4463.78 4432.09 4406.65 4395.17 4372.98 4342.96 4307.46 4286.82 4277.74 4283.17 4308.55 4283.31 4210.41 4161.62 4133.45 4179.42 4109.08 4017.98 3929.38 3831.11 3787.22 3766.2 3733.19 3717.3 3852.46 3985.87 4071.3 4219.7 4375.77 4539.83 4627.95 4664.77 4698.89 4606.06 4510.46 4516.83 4523 4483.19 4449.43 4423.69 4401.21 4395.63 4388.63 4379.15 4368 4355.66 4344.41 4333.31 4323.58 4316.48 4309.82 4301.98 4292.47 4290.96 4303.65 4319.83 4334.58 4343.29 4339.84 4303.37 4299.11 4309.4
4370.68 4391.25 4429.11 4457.91 4476.67 4456.28 4367.04 4309.81 4312.81 4313.89 4308.33 4298.78 4287.25 4275.7 4277.76 4290.02 4236.71 4118.5 4003.32 3883.71 3917.45 3924.56 3909.6 3903.5 3978.05 3889 3760.33 3675.2 3614.39 3686.69 3786.34 3859.13 4002.4 4148.38 4290.31 4500.56 4732.84 4833.8 4706.47 4548.58 4505.7 4482.48 4495.73 4471.68 4444.78 4432.12 4418.94 4405.31 4390.31 4375.38 4362.68 4347.47 4331.34 4319.11 4309.36 4305.3 4296.18 4287.74 4294.58 4302.5 4311.48 4318.89 4318.52 4303.17 4303.67 4303.89 4312.22
4390.02 4408.2 4441.92 4512.67 4551.99 4488.37 4329.5 4248.89 4248.49 4258.83 4272.48 4281.46 4267.61 4264.48 4233.81 4181.71 4103.1 4005.26 3901.37 3800.3 3795.36 3802.13 3799.55 3784.01 3765.05 3788.64 3729.36 3671.59 3630.89 3629.81 3612.03 3699.1 3823.59 3943.38 4086.36 4301.77 4512.67 4601.26 4686.11 4705.16 4626.88 4600.3 4571.58 4516.12 4461.58 4453.86 4437.17 4418.89 4404.63 4385.71 4367.85 4349.18 4331.53 4314.78 4298.44 4290.41 4294.16 4288.58 4283.6 4294.44 4303.81 4307.85 4303.13 4288.6 4304.98 4303.43 4310.32
4433.93 4464.96 4514.17 4588.5 4655.59 4496.26 4311.75 4224.25 4210.92 4219.81 4238.68 4273.19 4315.62 4283.44 4172.44 4060.35 3957.46 3892.16 3843.01 3810.36 3775.62 3743.17 3710.77 3670.65 3632.9 3677.17 3671.97 3662.09 3684.85 3663.6 3581.96 3625.73 3714.4 3794.21 3908.11 4095.58 4267 4384.08 4499.47 4656.42 4779.45 4744.65 4681.26 4578.4 4496.25 4488.6 4456.14 4432.38 4417.04 4396.2 4377.06 4355.14 4335.15 4313.89 4298.71 4291.73 4292 4291.8 4287.4 4295.3 4300.84 4304.21 4302.31 4293.27 4296.46 4292.57 4299.37
4482.47 4543.76 4594.64 4624.86 4638.39 4484.05 4310.86 4223.39 4192.77 4187.87 4194.09 4219.86 4257.08 4207.66 4063.95 3928.04 3816.51 3779.27 3775.55 3798.16 3723.78 3672.04 3654.65 3622.18 3602.08 3606.48 3607.88 3616.7 3637.51 3650.65 3641.23 3634.76 3665.24 3714.96 3795.63 3934.76 4062.21 4224.8 4306.46 4435.11 4603.52 4758.37 4753.19 4632 4531.62 4501.99 4466 4444.17 4432.19 4411.77 4389.37 4364.19 4339.18 4314.36 4292.02 4287.47 4291.36 4292.64 4293.51 4295.8 4299.65 4305.98 4312.45 4315.07 4279.45 4275.94 4286.6
4512.89 4552.5 4587.96 4593.73 4582.02 4449.04 4301.75 4222.2 4179.16 4149.41 4132.45 4117.08 4101.11 4036.44 3908.56 3788.07 3689.77 3664.29 3667.6 3679.78 3651.65 3658.75 3640.3 3612.84 3571.43 3552.3 3546.84 3541.75 3543.36 3584.31 3661.15 3639.22 3629.34 3665.68 3740.77 3832.58 3937.39 4095.44 4184.98 4288.1 4415.36 4649.1 4749.19 4679.66 4588.54 4513.18 4478.2 4463.87 4446.38 4424.11 4399.67 4372.36 4344.57 4320.32 4295.71 4289.63 4292.76 4294.16 4295.94 4291.15 4297.75 4309.39 4322.94 4334.8 4300.43 4273.27 4281.64
4553.27 4587.37 4586.27 4547.7 4472.14 4367.8 4286.35 4222.11 4160.68 4109.99 4051.78 3987.76 3916.84 3831.56 3730.77 3649.69 3591.35 3560.34 3551.77 3566.19 3628.2 3642.94 3650.76 3628.17 3582.43 3513.23 3489 3462.31 3430.94 3421.63 3521.13 3550.48 3559.64 3596.17 3664.7 3765.81 3889.61 4073.13 4129.07 4230.65 4337.68 4541.61 4718.23 4741.12 4673.1 4558.31 4515.88 4508.93 4481.61 4452.9 4420.64 4388.03 4357.42 4332.12 4306.77 4296.89 4290.91 4281.68 4290.31 4283.64 4292.65 4309.67 4325.88 4333.02 4308.14 4281.82 4282.52
4593.34 4660.03 4598.59 4504.22 4381.77 4291.33 4292.31 4234.23 4158.77 4071.32 3973.93 3866.96 3737.49 3603.48 3550.88 3513.98 3482.15 3457.8 3460.39 3514.97 3648.25 3696.53 3657.16 3612.96 3569.78 3488.28 3442.85 3398.84 3357.4 3338 3391.57 3427.21 3482.43 3523.53 3604.08 3707.46 3824.94 3994.18 4091.94 4177.76 4305.51 4505.3 4741.51 4827.66 4798.4 4670.44 4613.16 4589.21 4548.51 4506.43 4461.57 4414.87 4377.53 4346.58 4320.24 4306.28 4300.01 4287.82 4280.28 4275.71 4288.32 4308.69 4326.75 4334.89 4325.63 4291.41 4284.93
4620.21 4625.63 4592.29 4488.33 4365.13 4301.41 4320.59 4249.7 4150.35 4037.83 3912.41 3772.07 3613.55 3451.91 3421.05 3405.07 3376.4 3360.35 3379.2 3440.18 3542.98 3565.95 3536.35 3485.82 3467.5 3458.3 3397.76 3352.32 3322.8 3325.34 3367.56 3426.39 3466.95 3477.65 3563.06 3657.05 3743.18 3818.47 3904.67 4092.22 4289.66 4439.98 4639.72 4799.33 4835.13 4785.99 4740.22 4675.4 4612.95 4556.26 4497.69 4445.69 4398.49 4362.39 4343.13 4313.4 4303.97 4293.13 4279.56 4277.13 4287.81 4308.16 4329.64 4342.14 4327.43 4296.85 4286.75
4672.18 4712.91 4619.84 4505.57 4392.77 4349.5 4357.43 4265.7 4140.51 4007.43 3863.55 3714.86 3567.51 3442.75 3377.52 3343.07 3315.28 3296.6 3302.7 3326.46 3343.76 3374.17 3386 3374.31 3384.43 3372.75 3334.16 3306.57 3297.06 3306.32 3355.76 3441.1 3505.98 3558.2 3575.7 3622.12 3691.76 3749.35 3813.14 3970.97 4134.53 4310.78 4456.64 4608.99 4726.27 4797.64 4806.53 4731.74 4660.19 4593.32 4529.55 4466.56 4412.3 4361.81 4331.93 4312.06 4297.4 4289.93 4279.93 4274.68 4282.95 4307.53 4333.21 4353.97 4362.52 4304.06 4287.43
4687 4716.28 4625.27 4518.95 4438.64 4428.93 4406.74 4269.52 4126.94 3978.42 3823.85 3678.31 3541.17 3442.61 3357.76 3305.73 3288.51 3274.63 3272.88 3272.44 3265.24 3282.73 3298.05 3307.79 3310.8 3269.49 3266.98 3260.84 3258.17 3271.74 3319.74 3435.57 3526.91 3580.26 3562.46 3557.64 3592.69 3683.4 3774.83 3870.57 4010.56 4169.39 4359.85 4438.21 4602.39 4721.38 4771.44 4745.66 4696.16 4627.23 4558.24 4488.7 4421.97 4362.83 4327.66 4309.69 4298.4 4290.48 4276.64 4270.26 4278.26 4307.74 4333.95 4354.38 4357.23 4290.58 4286.05
4665.2 4669.88 4590.28 4500.69 4427.31 4400.63 4343.88 4227.83 4088.48 3942.02 3793 3642.23 3502.5 3376.37 3299.82 3274.55 3274.57 3267.96 3265.58 3263.54 3267 3268.7 3260.31 3254.9 3251.51 3228.14 3227.82 3226.32 3217.4 3213.18 3283.51 3428.99 3520.45 3529.99 3510.53 3475.93 3463.1 3535.51 3638.54 3772.53 3918.73 4075.35 4293.45 4410.47 4527.74 4644.49 4705.52 4746.13 4723.89 4665.56 4593.44 4514.55 4433.5 4366.43 4329.5 4310.48 4295.45 4289.19 4281.36 4278.92 4290.52 4315.22 4334.18 4347.82 4347.87 4296.46 4291.34
4651.61 4620.89 4527.12 4435.63 4357.91 4294.13 4250.86 4168.35 4043.66 3897.83 3754.5 3609.2 3470.28 3343.81 3269.95 3256.63 3267.83 3270.16 3267.08 3265.03 3267.41 3268.3 3267.81 3256.93 3240.13 3229.78 3222.86 3213.04 3200.69 3196.54 3259.86 3408.4 3509.69 3491.67 3458.24 3424.79 3400.65 3423.08 3544.28 3701.83 3858.81 3957.4 4152.55 4286.74 4474.8 4630.17 4733.68 4778.95 4754.59 4691.45 4612.4 4526.83 4444.93 4374.4 4336.2 4313.74 4293.74 4284.29 4281.58 4285.77 4330.38 4324.04 4332.31 4337.87 4334.77 4314.1 4304.65
4579.87 4515.55 4441.83 4365.66 4286.71 4236.05 4218.67 4117.82 3989.99 3849.89 3712.3 3577.78 3449.5 3338.9 3270.23 3252.8 3265.59 3269.05 3267.04 3266.95 3265.91 3265.49 3265.92 3254.73 3245.49 3240.13 3228.38 3214.65 3207.76 3198.2 3220.42 3314.52 3376.62 3394.81 3398.61 3403.28 3387.86 3381.59 3503.25 3662.56 3812.62 3888.89 4023.83 4218.56 4454.58 4652.22 4818.68 4836.99 4776.17 4701.88 4614.26 4528.98 4446.34 4377.71 4342.52 4318.52 4294.55 4284.11 4277.91 4277.21 4297.01 4319.9 4328.93 4329.2 4319.05 4316.46 4313.41
4506.14 4412.62 4360.08 4302.55 4240.63 4212.06 4209.29 4063.92 3928.04 3799.52 3671.86 3551.13 3437.31 3338.69 3275.26 3254.1 3255.63 3268.92 3271.93 3271.8 3270.25 3270.66 3269.16 3260.13 3251.61 3238.14 3223.23 3214.29 3213.77 3201.47 3198.85 3230.82 3238.63 3279.42 3333.41 3366.05 3366.44 3367.18 3475.23 3627.84 3736.57 3810.15 3949.71 4241.61 4447.8 4642 4820.49 4834.42 4772.84 4697.5 4614.51 4528.49 4442.59 4380.96 4346.28 4323.41 4306.29 4293.42 4295.11 4304.32 4315.43 4324.8 4329.43 4329.01 4320.73 4311.33 4306.7
4370.74 4304.87 4288.19 4265.59 4227.21 4172.09 4108.58 3979.67 3855.8 3736.82 3628.17 3521.77 3423.88 3338.91 3279.51 3258.39 3269.03 3270.73 3278.1 3279.86 3279.17 3275.59 3282.69 3285.29 3267.02 3231.89 3203.51 3204.87 3208.2 3195.12 3190.56 3191.9 3202.67 3232.79 3288.32 3334.95 3348.45 3380.79 3453.26 3616.72 3709.58 3776.08 3865.02 4184.26 4393.92 4568.54 4700.87 4748.53 4728.49 4670.4 4597.28 4517.82 4432.88 4372.43 4343.66 4319.5 4308.25 4302.18 4297.61 4308.46 4321.57 4328.69 4332.98 4336.78 4336.09 4322.78 4296.51
4240.5 4216.52 4243.11 4266.65 4257.44 4172.32 4015.71 3883.29 3779.74 3679.37 3585.64 3494.94 3409.29 3336.87 3284.97 3265.09 3264.64 3275.17 3282.91 3294.48 3301.96 3312.04 3333.56 3346.43 3297.18 3243.16 3202.42 3196.71 3197.63 3175.16 3159.27 3157.9 3167.36 3205.98 3256.78 3307.34 3309.74 3343.14 3461.49 3611.47 3703.27 3772.08 3803.19 4090.02 4300.04 4472.22 4607.52 4672.79 4668.56 4628.58 4570.43 4501.83 4430.21 4372.97 4349.04 4325.62 4320.73 4312.21 4303.52 4306.54 4313.47 4321.39 4333.61 4344.8 4351.58 4348.68 4295.72
4146.32 4173.72 4235.53 4286.36 4287.63 4148.91 3915.51 3796.53 3698.82 3612.85 3534.15 3457.74 3391.23 3333.54 3293.07 3274.91 3274.32 3285.36 3298.22 3314.12 3332.13 3352.58 3414.85 3384.6 3324.7 3267.08 3222.46 3192 3168.36 3147.86 3126.59 3125.33 3145.42 3181.09 3220.94 3268.43 3281.17 3322.5 3450.19 3567.1 3696.09 3815 3819.81 3998.04 4203.1 4377.37 4523.29 4606.25 4609.05 4584.89 4543.49 4493.72 4440.51 4398.13 4365.11 4340.58 4335.98 4322.76 4311.6 4302.47 4302.34 4313.68 4337.09 4355.83 4365.36 4352.68 4308.4
4120.68 4166.95 4247.45 4309.66 4317.26 4135.62 3869.8 3732.31 3631.7 3551.3 3489.73 3428.74 3376.76 3330.45 3299.09 3282.82 3283.75 3294.81 3316.6 3330.52 3350.19 3393.35 3401.45 3382.06 3346.07 3288.81 3228.99 3195.14 3166.62 3132.83 3103.92 3100.86 3127.35 3160.78 3188.85 3231.68 3329.64 3396.75 3452.54 3509.85 3669.96 3845.1 3912.18 3981.26 4131.65 4289.56 4428.48 4518.91 4543.78 4540.02 4516.29 4482.26 4446.11 4412.55 4381.54 4355.42 4350.64 4329.53 4309.54 4301.32 4305.9 4320.72 4347.45 4371.74 4385.62 4375.77 4312.77
4134.95 4182.44 4251.7 4312.96 4333.06 4115.41 3824.79 3665.72 3573.24 3509.41 3456.41 3406.6 3361.36 3326.51 3301.06 3286 3290.84 3312.85 3335.18 3329.94 3337.18 3354.17 3372.28 3407.34 3372.95 3316.24 3253.05 3217.19 3179.2 3132.8 3091.08 3083.85 3115.26 3148.78 3180.53 3249.07 3386.2 3441.98 3461.16 3495.41 3640.01 3814.44 3945.07 4007.92 4096.98 4216.68 4336.61 4428.89 4474.23 4491.3 4488.33 4471.59 4450.02 4422.24 4392.24 4373.29 4357.98 4331.03 4308.94 4301.91 4315.7 4333.16 4360.96 4390.23 4411.66 4413.23 4329.89
4173.91 4191.23 4242.22 4287.22 4250.17 4049 3777.39 3608.12 3528.74 3476.23 3433.64 3391.25 3370.42 3331.9 3303.35 3288.75 3291.15 3300.23 3304.09 3307.37 3304.65 3304.92 3335.71 3407.83 3390.93 3349.67 3303.78 3265.14 3212.89 3145.23 3084.4 3069.57 3103.48 3138.58 3192.65 3275.45 3397.41 3431.94 3424.1 3447.32 3616.89 3818.77 3996.1 4049.27 4072.07 4156.27 4260.88 4347.26 4418.5 4454.89 4466.3 4460.14 4442.8 4423.99 4392.51 4362.31 4346.45 4328.99 4313.92 4310.48 4324.89 4341.65 4372.7 4406.96 4435.4 4442.65 4380.32
