real_craters/C143-750m.grd
DSAA
122 122
-45.36 45.36
-45.36 45.36
3012.3819488017 4859.2810152288
[rows 76 to 113 of 122, columns 0 to 83 of 122]
4181 4180 4181 4180 4179 4181 4186 4190 4195 4205 4215 4204 4202 4197 4195 4195 4195 4196 4200 4205 4211 4218 4232 4248 4264 4279 4295 4308 4320 4327 4333 4308 4284 4267 4273 4292 4287 4279 4275 4271 4285 4287 4297 4310 4325 4344 4364 4386 4412 4443 4474 4493 4528 4581 4694 4506 4350 4191 4105 4027 4045 4032 4100 4182 4233 4357 4508 4616 4658 4648 4588 4500 4451 4428 4383 4372 4362 4348 4341 4336 4346 4339 4336 4343
4185 4187 4183 4181 4181 4179 4184 4191 4196 4201 4197 4198 4202 4208 4199 4188 4187 4195 4194 4202 4211 4222 4235 4251 4268 4288 4307 4322 4334 4335 4319 4308 4289 4281 4285 4285 4286 4284 4283 4286 4289 4280 4272 4290 4304 4322 4333 4354 4384 4412 4436 4450 4471 4514 4516 4538 4528 4502 4404 4378 4398 4442 4500 4534 4588 4658 4671 4622 4518 4500 4517 4450 4412 4387 4355 4363 4361 4341 4335 4337 4342 4344 4346 4346
4184 4183 4182 4183 4183 4185 4189 4193 4194 4193 4191 4203 4205 4203 4195 4186 4187 4195 4202 4202 4212 4219 4235 4253 4273 4295 4315 4332 4346 4353 4353 4318 4295 4302 4299 4289 4285 4287 4290 4297 4293 4284 4262 4282 4288 4286 4301 4326 4356 4385 4409 4436 4445 4452 4460 4505 4555 4608 4532 4536 4552 4599 4613 4606 4623 4619 4548 4471 4441 4465 4421 4381 4364 4343 4340 4346 4348 4341 4342 4337 4339 4350 4353 4355
4182 4181 4184 4185 4186 4190 4193 4195 4196 4197 4202 4206 4205 4199 4190 4179 4177 4189 4195 4201 4197 4203 4232 4255 4275 4297 4318 4339 4357 4369 4362 4331 4298 4297 4314 4294 4288 4293 4298 4301 4314 4313 4319 4300 4293 4285 4289 4305 4333 4360 4384 4408 4403 4420 4434 4434 4430 4434 4442 4416 4428 4471 4478 4501 4516 4492 4460 4421 4396 4417 4381 4342 4328 4314 4328 4340 4364 4378 4374 4377 4373 4370 4368 4365
4186 4187 4187 4185 4186 4184 4190 4195 4197 4201 4195 4199 4200 4196 4188 4177 4173 4192 4196 4202 4208 4222 4238 4255 4275 4295 4319 4342 4363 4381 4379 4350 4324 4326 4352 4315 4299 4300 4304 4310 4327 4321 4316 4311 4309 4302 4295 4299 4323 4342 4356 4365 4371 4397 4398 4378 4353 4342 4363 4375 4405 4432 4461 4477 4455 4433 4415 4395 4386 4354 4335 4324 4318 4312 4330 4353 4378 4390 4407 4405 4403 4387 4374 4368
4188 4190 4188 4184 4186 4188 4188 4189 4197 4199 4192 4193 4196 4194 4192 4191 4197 4192 4194 4198 4218 4242 4238 4250 4268 4284 4308 4331 4360 4387 4393 4375 4362 4372 4366 4346 4329 4310 4311 4315 4323 4317 4314 4313 4324 4333 4316 4318 4321 4330 4339 4346 4370 4353 4352 4340 4321 4319 4331 4364 4388 4421 4448 4434 4414 4393 4387 4372 4349 4328 4318 4325 4328 4332 4351 4376 4386 4426 4431 4452 4413 4378 4359 4343
4183 4184 4182 4177 4179 4198 4189 4196 4196 4195 4194 4193 4195 4196 4196 4194 4187 4185 4186 4189 4204 4212 4224 4236 4252 4265 4285 4313 4349 4392 4407 4407 4424 4403 4404 4383 4321 4319 4321 4321 4310 4304 4299 4299 4302 4308 4310 4311 4313 4319 4323 4321 4308 4332 4332 4320 4305 4309 4327 4353 4387 4404 4398 4368 4378 4372 4350 4352 4351 4336 4328 4340 4350 4364 4390 4402 4440 4460 4437 4428 4385 4361 4349 4342
4184 4185 4182 4169 4138 4109 4172 4194 4197 4200 4204 4199 4195 4195 4195 4194 4193 4195 4206 4219 4198 4200 4209 4220 4231 4245 4263 4288 4320 4364 4390 4421 4465 4438 4411 4384 4348 4338 4335 4331 4322 4276 4279 4284 4274 4278 4292 4295 4304 4311 4316 4318 4316 4328 4332 4324 4307 4326 4335 4366 4396 4398 4387 4360 4361 4353 4343 4347 4355 4355 4352 4365 4381 4392 4400 4403 4419 4443 4344 4351 4317 4316 4317 4312
4183 4185 4183 4178 4182 4186 4181 4193 4197 4196 4197 4192 4192 4192 4194 4194 4203 4220 4195 4196 4194 4195 4200 4209 4216 4233 4245 4257 4265 4269 4313 4364 4418 4444 4432 4403 4388 4367 4352 4340 4329 4309 4292 4291 4290 4288 4289 4285 4300 4314 4323 4329 4333 4340 4343 4343 4351 4350 4333 4364 4390 4394 4388 4361 4356 4349 4334 4352 4362 4359 4374 4392 4411 4431 4438 4432 4436 4408 4272 4234 4255 4276 4286 4292
4189 4186 4183 4186 4193 4198 4194 4195 4195 4196 4197 4195 4194 4193 4189 4192 4199 4200 4221 4198 4200 4191 4193 4201 4212 4220 4226 4227 4224 4221 4240 4250 4253 4379 4441 4416 4395 4382 4369 4349 4327 4321 4317 4316 4310 4310 4307 4304 4315 4329 4340 4349 4355 4366 4360 4356 4352 4334 4321 4339 4374 4385 4384 4374 4367 4355 4361 4373 4383 4383 4400 4417 4431 4454 4486 4459 4441 4407 4293 4228 4242 4258 4265 4270
4191 4184 4183 4187 4192 4194 4194 4194 4193 4195 4197 4200 4198 4198 4199 4196 4191 4192 4186 4192 4199 4190 4189 4199 4207 4212 4216 4214 4208 4200 4210 4204 4222 4331 4411 4414 4407 4400 4387 4368 4347 4350 4365 4359 4343 4342 4338 4338 4341 4354 4366 4374 4372 4372 4364 4361 4350 4343 4351 4358 4377 4389 4381 4379 4385 4389 4392 4402 4407 4407 4438 4440 4433 4432 4451 4425 4419 4402 4285 4243 4253 4251 4253 4259
4181 4182 4182 4186 4186 4193 4195 4195 4195 4195 4208 4210 4204 4206 4212 4207 4185 4188 4202 4205 4208 4196 4194 4196 4200 4206 4210 4211 4207 4208 4213 4231 4250 4269 4351 4416 4431 4433 4405 4383 4377 4413 4419 4406 4386 4382 4371 4358 4366 4384 4397 4404 4400 4362 4362 4355 4354 4355 4369 4365 4397 4408 4402 4407 4405 4441 4451 4435 4427 4422 4455 4445 4411 4374 4312 4301 4261 4293 4298 4251 4248 4249 4246 4245
4180 4180 4182 4186 4193 4194 4196 4197 4196 4194 4189 4200 4203 4207 4210 4204 4196 4203 4211 4197 4181 4193 4193 4193 4197 4203 4206 4211 4217 4217 4218 4227 4209 4237 4223 4339 4408 4423 4395 4365 4366 4416 4447 4442 4436 4416 4412 4415 4421 4417 4421 4432 4442 4407 4368 4336 4327 4352 4373 4381 4405 4412 4424 4418 4429 4447 4459 4447 4424 4422 4456 4420 4366 4328 4301 4289 4247 4250 4254 4246 4257 4245 4241 4238
4183 4185 4188 4193 4201 4198 4197 4197 4197 4197 4197 4200 4206 4202 4197 4192 4197 4205 4215 4211 4205 4196 4190 4194 4197 4200 4206 4212 4226 4225 4210 4204 4225 4210 4205 4258 4330 4382 4356 4313 4277 4306 4414 4431 4434 4419 4415 4437 4450 4423 4421 4440 4447 4417 4377 4346 4333 4351 4370 4380 4389 4396 4395 4420 4432 4393 4440 4412 4378 4371 4342 4318 4312 4290 4265 4258 4246 4244 4248 4244 4232 4239 4239 4237
4192 4190 4189 4193 4197 4199 4197 4194 4191 4194 4195 4200 4205 4196 4188 4181 4180 4216 4196 4177 4187 4194 4188 4195 4199 4201 4203 4204 4202 4203 4194 4204 4207 4219 4238 4203 4237 4316 4293 4254 4213 4218 4313 4364 4387 4382 4381 4393 4398 4389 4389 4414 4445 4408 4379 4364 4349 4360 4374 4379 4377 4385 4398 4381 4363 4276 4301 4314 4308 4293 4278 4272 4273 4267 4255 4247 4250 4246 4254 4249 4244 4241 4240 4238
4184 4182 4184 4189 4199 4198 4196 4193 4193 4192 4195 4196 4191 4190 4186 4186 4204 4213 4196 4180 4192 4196 4205 4200 4196 4197 4198 4198 4194 4193 4193 4194 4204 4208 4227 4197 4195 4218 4225 4212 4197 4210 4237 4253 4285 4318 4325 4326 4316 4322 4331 4346 4382 4383 4372 4351 4359 4373 4384 4375 4360 4369 4384 4375 4323 4264 4252 4257 4262 4250 4256 4261 4257 4254 4251 4244 4250 4237 4236 4248 4248 4246 4243 4240
4191 4190 4184 4183 4189 4194 4195 4194 4191 4190 4194 4199 4191 4191 4188 4185 4193 4191 4199 4207 4183 4199 4201 4194 4194 4194 4194 4194 4193 4192 4195 4203 4196 4193 4197 4192 4189 4186 4188 4192 4191 4205 4201 4208 4235 4264 4272 4256 4230 4256 4266 4261 4262 4352 4366 4357 4359 4381 4394 4367 4339 4324 4319 4290 4273 4270 4249 4243 4257 4259 4257 4253 4251 4249 4248 4244 4246 4254 4254 4246 4249 4246 4243 4241
4192 4188 4188 4184 4191 4194 4194 4193 4193 4193 4194 4196 4199 4193 4189 4191 4185 4195 4203 4206 4187 4207 4191 4186 4189 4191 4192 4193 4191 4191 4186 4177 4186 4185 4180 4195 4217 4189 4185 4185 4192 4201 4184 4205 4220 4234 4238 4231 4218 4227 4225 4217 4227 4301 4346 4345 4358 4371 4403 4359 4290 4249 4264 4265 4274 4283 4264 4258 4261 4254 4257 4249 4247 4250 4251 4256 4252 4253 4246 4245 4242 4241 4240 4239
4197 4200 4196 4195 4198 4195 4193 4192 4190 4190 4191 4194 4197 4190 4186 4180 4175 4188 4196 4194 4192 4203 4196 4187 4185 4186 4189 4191 4192 4191 4190 4190 4194 4189 4182 4188 4184 4185 4184 4186 4185 4199 4211 4210 4214 4219 4225 4230 4237 4231 4216 4213 4230 4280 4330 4345 4336 4322 4298 4281 4252 4246 4257 4248 4247 4254 4267 4278 4254 4263 4275 4244 4246 4249 4253 4255 4250 4243 4241 4243 4240 4235 4237 4238
4198 4197 4198 4201 4195 4192 4191 4191 4194 4183 4184 4182 4182 4187 4185 4180 4182 4185 4189 4186 4187 4195 4189 4187 4184 4185 4187 4189 4189 4191 4187 4193 4200 4187 4190 4200 4178 4185 4191 4187 4190 4194 4192 4203 4209 4213 4219 4228 4248 4230 4211 4206 4217 4238 4273 4307 4295 4269 4238 4237 4237 4236 4242 4239 4231 4239 4257 4256 4262 4260 4264 4259 4251 4249 4250 4248 4250 4247 4242 4244 4242 4239 4238 4238
4198 4200 4197 4191 4185 4186 4186 4186 4186 4184 4182 4181 4192 4192 4184 4181 4186 4181 4176 4178 4184 4192 4182 4177 4181 4182 4185 4188 4191 4193 4203 4203 4181 4189 4194 4188 4196 4192 4190 4189 4190 4196 4194 4198 4205 4207 4212 4213 4206 4205 4204 4203 4208 4214 4205 4224 4242 4235 4227 4240 4238 4234 4226 4236 4219 4243 4256 4267 4254 4248 4247 4251 4251 4250 4248 4248 4260 4258 4247 4250 4244 4240 4240 4240
4200 4200 4197 4192 4183 4182 4183 4182 4179 4181 4184 4184 4180 4174 4182 4188 4180 4175 4173 4175 4177 4178 4179 4180 4178 4180 4183 4185 4186 4185 4188 4199 4195 4204 4209 4206 4200 4190 4186 4193 4200 4200 4207 4205 4204 4206 4207 4206 4202 4201 4200 4205 4214 4228 4234 4214 4221 4219 4223 4237 4241 4223 4219 4223 4230 4234 4260 4265 4238 4242 4251 4253 4251 4251 4251 4260 4259 4257 4253 4245 4248 4247 4244 4240
4196 4194 4190 4184 4181 4180 4180 4181 4184 4197 4189 4184 4179 4179 4177 4178 4175 4170 4169 4173 4176 4177 4178 4173 4176 4178 4181 4196 4193 4181 4185 4189 4202 4223 4214 4206 4193 4184 4176 4180 4187 4193 4191 4195 4200 4201 4202 4201 4200 4199 4201 4207 4220 4240 4261 4242 4221 4212 4218 4235 4241 4227 4227 4241 4245 4262 4263 4256 4235 4242 4254 4255 4254 4254 4255 4261 4264 4263 4255 4256 4251 4249 4244 4241
4191 4186 4182 4178 4179 4179 4179 4180 4183 4192 4186 4180 4176 4173 4168 4167 4164 4169 4169 4168 4166 4179 4178 4180 4177 4176 4176 4189 4190 4174 4171 4187 4187 4195 4200 4193 4185 4181 4184 4183 4186 4190 4191 4196 4198 4200 4200 4198 4198 4199 4201 4209 4221 4237 4246 4227 4222 4221 4225 4237 4252 4254 4246 4245 4252 4248 4256 4258 4252 4247 4249 4252 4254 4255 4257 4260 4263 4270 4262 4255 4249 4244 4241 4241
4186 4182 4178 4176 4177 4177 4178 4178 4179 4176 4179 4179 4180 4166 4161 4156 4173 4175 4173 4167 4155 4172 4171 4172 4172 4174 4177 4188 4185 4181 4185 4182 4184 4192 4191 4190 4189 4185 4185 4184 4186 4192 4197 4197 4195 4195 4196 4197 4200 4204 4202 4207 4218 4226 4209 4223 4213 4234 4226 4236 4251 4252 4234 4238 4235 4245 4256 4264 4255 4253 4250 4247 4248 4255 4264 4265 4268 4269 4269 4254 4246 4242 4240 4240
4183 4178 4173 4174 4177 4175 4176 4177 4177 4176 4176 4174 4170 4164 4166 4172 4169 4169 4170 4168 4175 4173 4171 4169 4170 4171 4172 4177 4181 4187 4182 4186 4187 4187 4186 4188 4188 4190 4190 4184 4187 4194 4200 4191 4192 4195 4197 4199 4202 4209 4211 4211 4222 4234 4252 4221 4201 4146 4199 4225 4240 4234 4228 4239 4241 4243 4261 4272 4261 4259 4254 4252 4262 4257 4256 4263 4262 4261 4266 4250 4245 4240 4238 4241
4182 4178 4175 4174 4173 4174 4175 4176 4175 4174 4176 4173 4170 4169 4167 4163 4163 4164 4167 4169 4167 4168 4169 4173 4173 4170 4169 4169 4177 4178 4181 4190 4189 4186 4187 4186 4189 4204 4195 4184 4187 4191 4193 4190 4191 4194 4196 4197 4201 4205 4221 4234 4226 4225 4231 4217 4222 4243 4220 4223 4223 4232 4232 4238 4244 4252 4262 4256 4279 4267 4261 4259 4252 4255 4263 4264 4266 4260 4252 4245 4246 4243 4243 4245
4182 4179 4179 4176 4174 4174 4175 4175 4176 4184 4183 4173 4165 4174 4177 4169 4164 4165 4171 4180 4169 4172 4176 4174 4169 4170 4170 4170 4176 4184 4187 4190 4192 4191 4186 4185 4189 4197 4191 4183 4187 4191 4196 4189 4192 4191 4191 4194 4200 4207 4217 4223 4223 4214 4223 4225 4226 4226 4227 4230 4234 4247 4240 4233 4239 4248 4260 4268 4260 4267 4266 4263 4254 4254 4256 4263 4268 4259 4249 4253 4248 4246 4246 4248
4181 4180 4179 4179 4177 4176 4177 4179 4182 4185 4184 4174 4166 4169 4174 4168 4166 4165 4169 4170 4168 4169 4181 4176 4171 4173 4173 4170 4173 4175 4184 4189 4178 4180 4183 4184 4189 4187 4186 4185 4188 4192 4196 4205 4201 4194 4190 4190 4195 4217 4224 4223 4225 4229 4222 4235 4219 4216 4224 4234 4249 4246 4251 4245 4242 4253 4260 4259 4266 4267 4266 4263 4260 4258 4257 4256 4254 4255 4250 4247 4244 4245 4247 4249
4182 4182 4180 4181 4177 4176 4178 4181 4182 4180 4175 4173 4170 4172 4164 4164 4164 4157 4167 4170 4166 4169 4186 4178 4168 4174 4176 4173 4173 4177 4186 4187 4186 4183 4184 4183 4179 4179 4180 4188 4192 4195 4201 4211 4195 4193 4188 4184 4179 4169 4204 4238 4228 4217 4221 4232 4209 4208 4220 4229 4237 4244 4250 4252 4244 4246 4251 4260 4264 4265 4264 4259 4257 4255 4254 4251 4247 4251 4253 4255 4246 4246 4246 4251
4183 4182 4176 4180 4177 4174 4177 4181 4182 4179 4176 4172 4170 4168 4179 4172 4167 4164 4167 4171 4168 4170 4185 4179 4170 4172 4179 4180 4177 4180 4187 4192 4200 4192 4187 4185 4184 4184 4191 4193 4197 4198 4200 4200 4196 4191 4188 4183 4176 4170 4224 4238 4226 4215 4216 4221 4203 4204 4219 4230 4230 4231 4254 4248 4244 4240 4249 4265 4262 4261 4263 4267 4262 4259 4260 4254 4247 4252 4254 4255 4249 4251 4252 4255
4183 4183 4184 4184 4178 4174 4174 4176 4177 4175 4175 4169 4167 4169 4174 4173 4169 4161 4166 4165 4166 4171 4181 4176 4170 4170 4187 4183 4179 4176 4191 4193 4197 4196 4193 4188 4186 4185 4186 4201 4204 4200 4199 4196 4196 4191 4189 4187 4189 4202 4220 4226 4221 4209 4216 4213 4217 4219 4226 4235 4241 4246 4248 4241 4243 4244 4261 4264 4258 4257 4262 4266 4265 4266 4263 4255 4251 4263 4259 4256 4262 4259 4258 4259
4184 4186 4187 4184 4178 4174 4172 4170 4171 4172 4169 4168 4165 4160 4170 4172 4171 4173 4169 4167 4166 4166 4185 4176 4173 4171 4173 4178 4179 4184 4189 4195 4199 4198 4195 4190 4186 4185 4191 4195 4198 4199 4199 4198 4195 4193 4193 4193 4198 4206 4222 4222 4222 4215 4218 4225 4234 4229 4231 4237 4240 4239 4239 4249 4245 4246 4256 4258 4255 4256 4260 4264 4266 4265 4260 4255 4254 4258 4260 4262 4262 4261 4260 4261
4180 4181 4181 4179 4177 4173 4173 4171 4171 4173 4175 4173 4168 4171 4177 4171 4171 4170 4170 4168 4168 4172 4178 4170 4169 4170 4174 4175 4178 4185 4185 4197 4204 4200 4196 4193 4191 4192 4196 4194 4195 4194 4198 4199 4193 4196 4199 4203 4207 4210 4214 4216 4221 4232 4231 4232 4238 4233 4230 4227 4230 4232 4238 4237 4244 4250 4250 4251 4253 4250 4260 4263 4265 4265 4263 4262 4258 4257 4262 4260 4261 4261 4262 4263
4176 4170 4173 4172 4174 4174 4173 4175 4174 4174 4176 4174 4173 4172 4174 4170 4170 4172 4172 4170 4171 4176 4179 4179 4175 4172 4172 4175 4182 4191 4197 4196 4200 4198 4194 4192 4192 4194 4186 4191 4194 4198 4199 4202 4204 4201 4203 4205 4207 4209 4209 4210 4214 4250 4240 4233 4237 4233 4227 4222 4224 4231 4233 4233 4244 4252 4259 4256 4257 4262 4263 4265 4266 4262 4264 4264 4261 4258 4265 4259 4260 4260 4262 4263
4174 4171 4174 4180 4176 4171 4171 4172 4174 4173 4173 4173 4175 4177 4173 4170 4171 4172 4173 4175 4175 4180 4177 4185 4180 4173 4175 4173 4165 4187 4194 4191 4192 4192 4189 4188 4187 4181 4184 4188 4194 4199 4200 4201 4198 4202 4204 4205 4206 4208 4206 4206 4213 4227 4233 4233 4235 4229 4224 4219 4223 4229 4236 4243 4245 4249 4258 4255 4258 4260 4263 4264 4263 4266 4267 4264 4264 4264 4265 4262 4264 4262 4264 4266
4175 4176 4175 4175 4173 4168 4168 4175 4175 4173 4170 4169 4174 4178 4176 4170 4172 4175 4177 4178 4182 4178 4172 4177 4176 4168 4172 4177 4185 4182 4183 4186 4188 4187 4186 4183 4180 4180 4184 4188 4193 4198 4200 4203 4219 4205 4204 4205 4205 4204 4201 4204 4208 4216 4223 4224 4223 4223 4222 4221 4222 4221 4229 4237 4243 4246 4248 4256 4259 4262 4264 4265 4267 4269 4272 4269 4267 4267 4265 4265 4266 4264 4266 4269
4177 4175 4177 4179 4176 4172 4174 4178 4176 4174 4171 4172 4174 4174 4177 4175 4173 4176 4182 4178 4176 4174 4170 4172 4176 4178 4174 4178 4178 4177 4180 4184 4184 4184 4183 4182 4178 4176 4184 4189 4198 4198 4199 4201 4201 4204 4205 4205 4204 4203 4204 4206 4210 4214 4218 4218 4214 4217 4219 4220 4224 4232 4233 4239 4243 4245 4247 4253 4259 4262 4265 4267 4270 4275 4273 4271 4269 4270 4275 4271 4278 4269 4268 4270
