real_craters/C143-300m.grd
DSAA
303 303
-45.36 45.36
-45.36 45.36
3002.5550925856 4874.5101223575
[rows 150 to 179 of 303, columns 67 to 133 of 303]
4255.65 4257.96 4260.98 4263.19 4264.21 4263.76 4260.98 4257.5 4251.19 4244.89 4243.29 4240.71 4242.84 4266.03 4268.99 4254.46 4244.52 4246.24 4255.78 4265.02 4272.56 4279.37 4287.63 4294.65 4300.42 4304.81 4308.14 4311.13 4316.54 4329.75 4346.53 4366.68 4383.83 4400.17 4415.76 4429.8 4450.97 4461.4 4467.94 4470.36 4464.48 4448.42 4418.12 4365.52 4223.9 4189.33 4187.19 4200.77 4220.43 4240.6 4252.78 4249.93 4169.64 4021.5 3866.46 3717.94 3612.77 3554.31 3514.25 3482 3458.85 3436.38 3438.89 3413.92 3389.31 3365.61 3343.6
4253.8 4254.91 4257.19 4259 4259.78 4259.71 4256.35 4253.56 4250.07 4247.02 4244.86 4246.17 4254.76 4281.74 4272.66 4247.52 4233.94 4240.12 4257.04 4273.9 4275.93 4280.53 4290.5 4298.65 4304.8 4310.3 4311.37 4312.36 4317.58 4332.93 4351.67 4369.92 4388.72 4415.15 4433.8 4452.38 4469.24 4484.39 4495.75 4504.51 4518.6 4512.21 4492.08 4443.33 4272.85 4207.19 4192.87 4196.17 4205.7 4213.78 4213.31 4191.94 4112.55 3983.8 3843.72 3710.66 3611.24 3551.37 3512.39 3483.92 3457.17 3433.92 3437.74 3413.54 3389.6 3366.72 3345.33
4251.43 4253.68 4255.39 4256.15 4256.63 4255.95 4253.24 4252.56 4251.13 4248.6 4250.47 4253.46 4263.61 4283.16 4261.4 4231.57 4213.6 4231.37 4257.45 4280.15 4278.98 4283.81 4295.52 4302.77 4307.47 4311.34 4313.18 4314.17 4319.86 4337.38 4356.23 4381.45 4402.03 4424.2 4446.16 4467.42 4488.42 4523.53 4539.52 4554.65 4563.84 4566.12 4553.27 4501.7 4324.26 4230.73 4202.25 4193.78 4191.68 4186.62 4171.26 4131.37 4055.04 3945.81 3823.56 3704.44 3611.15 3552.23 3515.26 3485.89 3461.38 3440.79 3411.92 3413.27 3390.02 3368.76 3347.79
4249.09 4251.11 4251.85 4253.46 4253.62 4253.6 4251.3 4250.69 4253.73 4259.11 4254.92 4253.38 4255.58 4244.68 4236.72 4218.77 4206.82 4227.81 4257.73 4281.87 4283.61 4291.33 4303.66 4306.91 4308.24 4310.72 4313.7 4314.95 4322.26 4338.85 4365.21 4389.42 4408.95 4435.14 4471.89 4498.65 4524.53 4549.7 4572.45 4592.58 4605.74 4612.82 4603.4 4548.57 4362.82 4254.23 4216.9 4198.62 4183.83 4166.85 4139.07 4092.39 4015.55 3917.26 3809.54 3700.27 3607.19 3559.39 3524.01 3495.62 3469.9 3447.36 3442.22 3418.22 3394.95 3373.64 3352.81
4246.51 4248.39 4250.12 4251.95 4252.13 4250.78 4248.55 4248.27 4250.67 4252.58 4248.86 4246.41 4242.5 4229.69 4223.53 4215.41 4212.02 4231.9 4260.27 4283.74 4294.2 4299.73 4305.88 4308.06 4307.44 4309.36 4313.55 4315.91 4324.49 4347.16 4369.52 4394.3 4430.09 4456.74 4487.22 4518.95 4548.6 4574.7 4600.94 4624.32 4642.62 4649.46 4640.99 4584.67 4403.53 4287.04 4238.97 4208.8 4183.16 4155.48 4118.97 4070.86 3989.74 3898.99 3803.69 3709.32 3627.1 3578.67 3540.4 3509.47 3481.29 3453.57 3447.51 3422.39 3398.72 3378.13 3356.92
4247.66 4249.21 4248.09 4249.81 4249.3 4249.46 4246.54 4245.55 4245.1 4242.22 4240.57 4240.45 4232.64 4226.58 4220.97 4221.26 4226.26 4244.49 4265.8 4285.2 4299.08 4305.62 4309.21 4310.36 4309.04 4310.12 4313.97 4317.76 4329.45 4350.36 4374.64 4404.8 4434.89 4467.36 4499.72 4532.68 4562.31 4592.35 4621.17 4645.04 4665.09 4675.38 4668.43 4610.44 4452.93 4329.98 4271.74 4232.46 4195.51 4154.99 4105.66 4044.72 3970.33 3888.61 3804.09 3724.84 3662.3 3605.25 3561.8 3523.08 3491.26 3477.99 3452.03 3426.48 3402.64 3382.54 3361.13
4241.13 4244.37 4245.18 4246.89 4245.95 4246.38 4244.48 4243.15 4242.83 4242.26 4241.35 4243.49 4242.66 4229.07 4222.16 4231.28 4248.53 4263.06 4271.61 4281.95 4294.42 4305.38 4313.13 4313.38 4313.21 4312.81 4314.55 4325 4335.08 4354.01 4377.25 4401.69 4431.97 4463.57 4492.85 4525.77 4556.84 4589.07 4626.6 4653.49 4674.72 4685.25 4680.95 4629.41 4480.49 4365.69 4314.55 4268.1 4219.99 4166.21 4102.95 4033.76 3960.13 3882.54 3804.03 3733.39 3682.06 3630.62 3580.28 3535.32 3498.24 3481.89 3455.57 3430.13 3406.5 3386.86 3365.96
4243.5 4245.18 4246.12 4247.46 4247.62 4248.27 4246.56 4245.45 4246.02 4245.62 4245.58 4250.69 4252.25 4223.7 4223.25 4239.17 4259.63 4274.61 4280.36 4285.35 4292.88 4301.12 4307.63 4313.63 4316.99 4313.67 4311.67 4317.9 4329.59 4350.2 4372.69 4399.8 4429.85 4460.96 4493.45 4524.57 4557.92 4590.93 4619.16 4647.64 4674.31 4686.32 4680.19 4632.61 4527.79 4432.43 4372 4314.32 4255.51 4190.13 4113.88 4036.61 3961.78 3881.43 3801.24 3727.35 3667.73 3635.36 3585.47 3538.55 3513.9 3483.32 3458.04 3433.43 3410.53 3389.09 3370.16
4249.44 4251.25 4247.97 4249.37 4250.92 4252.17 4250.33 4249.71 4251.11 4252.04 4252.12 4259.48 4260.07 4228.82 4232.76 4247.69 4262.21 4277.08 4294.89 4296.51 4295.79 4301.33 4306.3 4310.65 4313.26 4310.72 4308.17 4310.25 4320.97 4340.57 4362.47 4394.15 4424.66 4458.81 4489.81 4523.06 4556.24 4585.5 4617.83 4646.52 4669.53 4685.72 4678.91 4643.34 4578.82 4506.11 4436.98 4368.39 4299.03 4226.29 4143.4 4059.09 3974.36 3886 3797.62 3714.35 3642.26 3602.5 3567.64 3529.27 3509.3 3482.22 3459.01 3435.88 3414.22 3393.65 3375.06
4246.11 4248.4 4250.18 4251.87 4255.7 4257.07 4257.89 4254.85 4258.48 4263.53 4267 4269.88 4272.48 4260.61 4257.36 4261.25 4267.91 4279.14 4301.72 4305.77 4301.07 4300.16 4302.63 4305.63 4306.59 4304.91 4303.97 4308.75 4314.22 4332.39 4356.02 4383.14 4416.16 4447.42 4479.44 4508.94 4541.52 4574.54 4605.5 4638.18 4663.41 4681.23 4684.37 4664.02 4623.6 4571.68 4494.97 4418.61 4343.73 4269.98 4189.08 4095.81 3995.9 3895.85 3797.56 3702.31 3617.7 3562.14 3538.84 3512.12 3500.9 3479.08 3457.93 3438.07 3418.02 3398.48 3379.93
4244.03 4246.21 4247.6 4251.21 4255.7 4257.16 4257.83 4259.34 4263.82 4272 4277.69 4275.9 4270.77 4280.54 4277.44 4274.36 4277.32 4285.21 4299.21 4307.31 4304.24 4298.89 4298.77 4300.23 4300.04 4297.79 4296.33 4298.94 4302.03 4322.47 4348.84 4377.79 4407.81 4442.88 4471.74 4500.09 4537.46 4569.78 4604.28 4632.97 4660.33 4682.2 4696 4683 4650.54 4606.59 4536.43 4456.3 4378.69 4307.25 4243.14 4131.59 4018.59 3909.24 3803.31 3700.18 3605.98 3539.38 3519.34 3508.79 3493.72 3477.16 3459.87 3441.57 3422.98 3404.32 3385.94
4242.59 4244.43 4247.68 4248.15 4251.02 4254.01 4256.55 4259.88 4264.64 4272.84 4275.42 4277.28 4280.82 4281.14 4280.6 4280.68 4284.32 4293.13 4299.71 4301.01 4300.32 4298.98 4295.72 4293.8 4291.79 4289.87 4289.05 4286.87 4290.81 4314.75 4344.52 4372.75 4400.58 4428.45 4455.9 4491.55 4520.43 4560.01 4590.66 4618.31 4645.16 4668.66 4688.01 4681.33 4656.45 4628.97 4555.41 4475.12 4397.97 4322.11 4235.63 4143.23 4035.94 3925.44 3815.57 3709.27 3611.36 3532.61 3508.51 3500.1 3490.14 3478.11 3463.86 3446.95 3429.49 3411.41 3393.08
4243.84 4246.11 4248.25 4250.71 4250.77 4253.97 4257.89 4260.26 4264.4 4271.09 4271.54 4273.29 4276.62 4276.92 4279.45 4281.39 4283.91 4289.64 4295.61 4291.95 4291.86 4291.56 4288.85 4286.4 4282.31 4280.36 4283.02 4280.92 4286.71 4313.49 4341.65 4370.41 4397.43 4423.2 4448.85 4474.75 4512.77 4539.68 4571.94 4598.06 4621.68 4641.83 4655.12 4651.79 4631.71 4602.84 4542.73 4474.21 4403.49 4330.26 4249.09 4153.69 4051.11 3943.69 3834.56 3729.78 3633.2 3554.5 3507.37 3499.24 3493.79 3484.18 3471.14 3454.62 3437.4 3419.32 3400.99
4246.8 4248.88 4249.18 4250.18 4251.47 4254.27 4257.25 4260.09 4262.37 4268.31 4268.64 4263.33 4261.24 4270.84 4278.55 4279.68 4279.21 4277.46 4283.8 4282.81 4283.6 4283.31 4281.26 4274.43 4270.37 4266.64 4268.75 4278.82 4299.87 4327.54 4350.67 4373.31 4397.15 4421.96 4448.71 4473.29 4497.72 4524.39 4554.08 4576.37 4596.21 4608.29 4616.16 4613.95 4592.01 4552.59 4511.39 4461.74 4400.69 4333.62 4259.61 4165.86 4067.66 3964.97 3859.56 3757.53 3663.43 3581.83 3521.23 3512.17 3507.35 3496.55 3482.39 3465.66 3447.73 3429.06 3410.19
4249.89 4249.09 4249.38 4250.41 4253.07 4257.07 4258.6 4260.03 4261.26 4264.57 4260.73 4249.27 4247.32 4264.02 4274.49 4277.19 4276.38 4273.68 4273.97 4275.61 4279.53 4281.62 4280.46 4271.76 4263.03 4252.22 4249.85 4276.07 4312.12 4339.54 4356.43 4379.14 4400.17 4421.97 4444.79 4467.35 4489.68 4511.56 4534.31 4554.81 4568.97 4577.21 4580.92 4575.32 4558.8 4528.02 4493.77 4453.25 4400.35 4332.5 4257.19 4180.62 4089.05 3989.95 3888.53 3790.03 3699.87 3620.06 3563.55 3542.36 3531.14 3515.42 3497.95 3479.59 3459.52 3439.77 3420.12
4253.42 4252.56 4254.21 4255.41 4256.74 4258.63 4260.6 4260.47 4265.59 4264.05 4260.91 4254.09 4254.05 4264.91 4273.94 4276.11 4275.54 4274.79 4270.61 4269.19 4275.56 4281.74 4284.79 4283.53 4262.7 4245.59 4243.86 4272.74 4311.33 4343.75 4358.34 4373.4 4397.32 4417.13 4437.64 4459.48 4479.85 4499.66 4519.24 4535.34 4547.64 4555.69 4561.88 4551.11 4534.12 4508.08 4481.63 4454.34 4415.27 4354.08 4283.7 4209.86 4119.57 4020.69 3919.99 3824.01 3737.78 3668.4 3617.1 3582.2 3559.34 3535.57 3512.85 3490.59 3469.98 3449.12 3428.84
4253.92 4254.83 4256.54 4257.94 4259.25 4260.49 4261.37 4260.6 4265.72 4264.29 4266.31 4272.64 4267.79 4269.1 4274.58 4274.71 4273.6 4272.68 4264.69 4261.91 4263.43 4271.8 4281.64 4280.68 4263.23 4245.39 4244.97 4270.33 4304.26 4335.6 4352.76 4368.26 4383.62 4408.72 4427.63 4446.41 4467 4484.68 4500.97 4515.46 4526.32 4535.12 4542.1 4532.04 4516.54 4492.9 4471.55 4466.45 4450.92 4414.2 4344.45 4254.96 4156.12 4053.15 3950.72 3854.64 3770.15 3705.11 3656.88 3610.63 3579.72 3552.88 3525.16 3500.25 3480.55 3458.01 3437.56
4254.67 4256.43 4257.05 4259.45 4262.17 4262.88 4262.15 4260.41 4265.41 4262.48 4261.92 4263.96 4265.72 4268.53 4270.67 4271.36 4269.56 4266.07 4260.83 4259.05 4255.58 4263.48 4275.71 4276.3 4265.46 4253.32 4252.35 4270.1 4293.74 4320.26 4343.58 4361.09 4375.47 4388.75 4415.99 4432.61 4449.62 4466.71 4481.36 4494.55 4506.26 4513.39 4522.32 4517.41 4507.51 4491.82 4479.46 4486.96 4492.32 4491.03 4408.12 4300.06 4191.31 4083.04 3978.12 3878.74 3790.48 3719.91 3672.96 3632.51 3596.32 3563.06 3532.33 3505.87 3486.91 3465.53 3443.87
4258.37 4259.98 4260.97 4262.08 4261.4 4262.17 4263.07 4260.59 4265.31 4261.64 4257.04 4250.39 4260.17 4268.15 4272.59 4272.53 4266.76 4259.88 4261.45 4260.98 4261.06 4264.84 4270.83 4272.62 4269.54 4268.03 4266.7 4271.85 4285.25 4314.32 4336.54 4351.78 4364.42 4377.23 4400.91 4415.13 4430.84 4446.46 4461.2 4473.47 4487.14 4497.82 4508.66 4508.39 4505.69 4499.97 4495.55 4506.27 4514.85 4504.95 4432.17 4329.57 4219.9 4109.24 4001.26 3896.56 3800.47 3719.38 3664.91 3636.7 3598.83 3565.08 3534.75 3508.95 3489.92 3469.54 3449.36
4259.88 4261.73 4263.12 4264.28 4263.89 4263.82 4263.39 4261.42 4266.19 4263.74 4260.5 4258.9 4264.65 4271.04 4277.03 4276.4 4268.38 4257.99 4257.11 4260.96 4266.27 4267.85 4267.65 4271.87 4274.08 4271.29 4270.51 4273.85 4282.56 4310.46 4329.77 4341.19 4352.37 4364.03 4375.56 4396.81 4411.18 4423.47 4439 4453.05 4468.82 4484.62 4499.6 4502.94 4507.26 4510.81 4514.74 4519.96 4521.13 4506.5 4436.79 4345.68 4241.34 4131.51 4020.87 3910.65 3805.34 3711.31 3642.18 3620.68 3588.95 3560.49 3533.75 3511.13 3493.68 3474.99 3457.57
4259.68 4261.35 4262.89 4260.88 4261.85 4265.02 4264.88 4263.81 4267.67 4266.21 4266.43 4268.85 4269.29 4273.49 4280.02 4282.34 4276.39 4266.34 4255.98 4258.59 4269.35 4271.8 4273.74 4277.28 4281.65 4286.81 4278.35 4276.37 4281.68 4303.63 4321.26 4330.74 4339.84 4350.26 4362.49 4374.56 4392 4405.06 4417.17 4431.07 4449.77 4469.28 4489.68 4499.63 4510.38 4518.99 4525.71 4528.13 4522.45 4489.75 4439.29 4357.92 4259.62 4152.17 4040.1 3925.82 3812.57 3706.34 3617.26 3593.16 3572.78 3552.35 3533.82 3515.39 3501.45 3484.63 3468.14
4262.23 4263.88 4264.71 4266.11 4263.16 4262.07 4263.01 4263.55 4268.76 4268.03 4268.88 4268.3 4266.15 4272.76 4281.95 4288.85 4287.41 4280.49 4263.66 4251.39 4263.91 4274.83 4280.78 4283.4 4284.7 4286.31 4280.34 4275.66 4276.14 4292.51 4308.11 4316.48 4327.04 4338.74 4350.75 4362.85 4375.14 4387.34 4399.51 4413.05 4427.46 4453.84 4478.22 4499.37 4516.62 4526.69 4528.82 4533.5 4535.92 4515.76 4452.05 4373.79 4279.83 4175.21 4064.48 3949.15 3831.3 3716.76 3615.37 3577.31 3559.92 3548.47 3537.83 3524.52 3511.78 3496.03 3479.7
4264.37 4265.92 4267.3 4268.49 4267.13 4265.59 4262.94 4265.78 4270.86 4269.72 4267.94 4262.87 4262.08 4270.69 4278.64 4285.05 4298.36 4297.23 4270.97 4250.08 4260.42 4280.27 4291.17 4288.41 4283.17 4276.18 4276.23 4272.95 4269.54 4274.82 4287.89 4299.55 4312.46 4326.05 4339.72 4352.44 4364.58 4375.9 4380.25 4393.05 4407.97 4440.72 4471.72 4501.18 4527.28 4543.88 4543.19 4553.46 4549.62 4521.13 4470.21 4395.64 4304.87 4203.34 4095.55 3982.07 3865.29 3749.39 3638.04 3569.36 3559.73 3557.84 3553.34 3544.21 3530.44 3512.87 3495.15
4263.42 4265.09 4265.94 4266.47 4267.75 4269.07 4270.08 4268.66 4270.39 4273.07 4272.62 4268.26 4266.15 4272.27 4278.52 4284.76 4293.58 4294.8 4283.17 4274.85 4277.23 4285.34 4292.45 4291.02 4287.31 4281.38 4277.87 4273.38 4268.23 4265.42 4268.7 4284.01 4299.33 4314.19 4329.08 4342.69 4354.65 4366.15 4375.43 4374.4 4390.07 4425.01 4464.81 4505.17 4543.29 4577.52 4604.69 4617.46 4595.28 4555.77 4502.23 4425.51 4335.59 4237.64 4134.82 4027.95 3918.48 3809.34 3697.94 3611.75 3590.18 3587.4 3582.54 3571.8 3556.27 3537.13 3515.93
4271.13 4270.44 4272 4273.35 4274.27 4274.25 4274.82 4272.61 4274.47 4276.31 4276.88 4274.34 4273.31 4277.35 4283.16 4287.97 4289.99 4289.26 4289.8 4294.12 4287.79 4284 4287.3 4291.85 4294.69 4292.61 4284.93 4277.43 4270.83 4264.33 4261.71 4276.09 4291.67 4306.99 4321.73 4335.27 4348.53 4360.6 4369.54 4361.71 4374.26 4411.56 4461.8 4510.57 4559 4610.26 4666.78 4698.19 4680.44 4622.25 4542.03 4455.94 4365.43 4271.85 4176.71 4080.42 3984.48 3890.49 3800.62 3710.53 3653.15 3642.8 3634.03 3617.22 3594.93 3570.15 3543.15
4268.96 4270.84 4272.55 4274.06 4273.25 4274.58 4276.61 4276.41 4277.84 4278.78 4278.83 4278.02 4278.95 4282.9 4288.59 4295.65 4299.11 4293.06 4286.44 4283.04 4280.49 4278.06 4283.39 4291.22 4298.4 4299.36 4290.38 4282.12 4274.24 4266.16 4266.52 4276.13 4288.38 4302.8 4316.72 4331.04 4345.68 4358.65 4370.46 4364.78 4378.85 4419.28 4466.66 4514.5 4564.27 4619.14 4681.87 4728.6 4739.04 4664.4 4568.75 4479.44 4392.33 4306.15 4220.98 4137.87 4058.14 3983.92 3918.12 3840.17 3751.04 3725.22 3704.15 3676.31 3644.06 3610.99 3575.92
4269.48 4270.22 4273.42 4275.24 4276.38 4277.69 4278.2 4278.83 4280.94 4281.73 4276.64 4280.84 4283.8 4286.73 4290.93 4296.16 4294.65 4288.82 4277.77 4268.2 4271.62 4275.02 4281.47 4288.44 4294.83 4296.34 4291.39 4286.3 4281.5 4278.28 4276.8 4280.14 4289.21 4300.66 4314 4329.22 4343.37 4358.77 4376.17 4383.15 4410.83 4443.82 4475.93 4513.87 4555.83 4600.22 4644 4678.18 4700.01 4642.77 4566.7 4489.44 4412.91 4337.71 4264.74 4193.98 4130.08 4072.91 4020.59 3955.82 3869.1 3827.22 3788.59 3745.83 3700.87 3658.28 3613.43
4270.04 4272.46 4274.88 4276.62 4278.55 4280.62 4281.22 4280.95 4282.79 4287.68 4289.94 4285.88 4286.17 4287.03 4288.64 4290.85 4289.2 4283.71 4270.54 4260.67 4268.13 4278.01 4282.19 4285.6 4283.53 4288.37 4290.57 4289.22 4287.72 4286.67 4282.12 4283.19 4290.8 4300.2 4311.45 4325.42 4339.54 4356.13 4377.32 4399.56 4449.06 4461.62 4477.23 4504.4 4536.02 4566.98 4589.65 4599.7 4597.61 4587.27 4544.44 4487.88 4426.65 4363.35 4303.18 4245.83 4195.69 4153.16 4116.45 4071.59 3997.44 3940.08 3878.74 3821.35 3763.09 3709.33 3654.03
4273.28 4276.08 4278.7 4281.05 4282.31 4283.82 4284.72 4283.62 4282.81 4284.81 4290.13 4283.53 4282.34 4281.91 4283.17 4284.78 4283.27 4278.77 4267.28 4260.58 4266.66 4273.75 4280.67 4287.5 4293.95 4291.37 4290.7 4290.46 4290.89 4290.89 4287.99 4287.17 4292.41 4300.39 4311.04 4322.21 4334.94 4349.66 4367.36 4384.52 4415.54 4441.97 4462.92 4487.03 4512.02 4533.57 4545.37 4543.14 4545.28 4544.14 4520.45 4481.19 4433.52 4384.61 4336.36 4290.92 4249.45 4218.52 4198.68 4189.18 4134.54 4050.13 3968.31 3896.6 3827.51 3762.02 3697.91
4276.1 4278.7 4281.63 4284.3 4286.82 4288.59 4288.94 4286.51 4282.53 4273.68 4268.04 4277.36 4277.59 4276.67 4277.62 4277.16 4277.54 4273.43 4264.9 4262.97 4267.8 4270.59 4276.3 4285.72 4297.53 4292.04 4288.93 4288.71 4290.39 4292.13 4291.58 4290.31 4293.61 4299.8 4308.15 4317.61 4328.23 4339.56 4350.85 4356.8 4374.42 4409.02 4439.01 4464.41 4487.67 4506.69 4521.48 4536.34 4538.75 4520.63 4500.04 4469.66 4434.48 4396.66 4358.69 4322.59 4290.48 4263.18 4246.01 4239.14 4220.34 4130.62 4047.35 3969.73 3895.95 3823.39 3751.78
