real_craters/C143-500m.grd
DSAA
182 182
-45.36 45.36
-45.36 45.36
3006.4267397636 4836.9928938045
[rows 0 to 29 of 182, columns 0 to 66 of 182]
4170.84 4174.18 4174.64 4173.82 4174.25 4177.05 4196.68 4175.73 4174.11 4181.26 4180.46 4178.47 4178.34 4185.19 4184.27 4184.6 4183.03 4181.54 4180.03 4178.38 4177.2 4177.06 4178.03 4178.31 4177.49 4174.02 4173.43 4172.7 4172.44 4172.12 4171.61 4170.85 4170.86 4171.21 4170.48 4163.97 4162.06 4160.34 4162.07 4169.4 4177.21 4184.45 4189.64 4190.2 4187.88 4189.45 4188.25 4186.58 4186.54 4186.93 4187.52 4190.1 4191.33 4192.74 4194.79 4197.67 4198.21 4193.52 4190.87 4188.63 4188.24 4191.58 4200.51 4133.38 4067.7 4187.51 4230.08
4170.04 4174.07 4174.62 4173.36 4171.29 4171.97 4175.93 4175.54 4172.32 4182.81 4181.44 4178.89 4188.53 4189.51 4186.07 4185.12 4184.15 4182.51 4180.23 4178.54 4177.07 4176.2 4175.56 4181.2 4175.22 4174.48 4175.11 4175.25 4175.35 4175.14 4173.87 4171.75 4170.77 4171.47 4171.73 4170.67 4168.52 4164.28 4165.45 4170.19 4178.7 4186.21 4189.6 4187.05 4180.76 4183.01 4183.48 4184.48 4183.44 4185.97 4186.36 4188.32 4189.29 4191.04 4191.83 4191.57 4189.46 4190.33 4190.07 4188.14 4187 4192.76 4196.83 4182.39 4192.37 4217.47 4224.16
4173.76 4178.44 4177.73 4174.65 4172.58 4172.16 4174.78 4202.12 4169.6 4176 4177.39 4175.04 4173.63 4177.96 4183.14 4185.89 4185.66 4182.32 4179.49 4177.3 4175.27 4173.1 4170.87 4169.57 4172.21 4173.28 4175.34 4176.16 4177.03 4177.53 4177.35 4172.85 4169.64 4173.61 4172.59 4172.83 4169.44 4162.77 4157.26 4170.33 4180.22 4191.12 4195.46 4188.31 4179.84 4178.44 4179.34 4181.41 4182.19 4184.18 4185.73 4187.42 4188.84 4189.02 4189.62 4188.99 4188.3 4190.18 4191.24 4192.32 4193.7 4196.24 4201.84 4199.09 4221.48 4225.86 4206.31
4189.24 4185.37 4180.36 4177.04 4173.41 4173.49 4174.81 4173.06 4170.44 4178.71 4179.36 4178.27 4177.38 4178.1 4179.98 4183.5 4183.02 4178.89 4176.45 4174.59 4172.75 4170.32 4166.31 4166.26 4169.64 4173.1 4175.26 4176.95 4178.17 4179.86 4182.96 4192.35 4187.66 4177.18 4172.2 4165.97 4161.59 4164.38 4171.67 4172.5 4178.98 4188.65 4199.18 4187.34 4178.65 4177.69 4175.99 4177.84 4180.04 4182.82 4184.54 4186.33 4188.55 4189.48 4189.9 4190.13 4191.11 4191.87 4192.77 4195.07 4195.1 4193.8 4193.3 4195.01 4193.81 4168.9 4184.55
4188.19 4185.22 4180.19 4176.93 4173.68 4169 4175.14 4181.67 4178.72 4184.5 4180.64 4179.61 4180.64 4175.83 4174.96 4174.19 4172.96 4175.32 4175.57 4174.66 4173.26 4170.83 4166.84 4166.3 4170.01 4173.07 4175.74 4177.1 4178.66 4180.14 4181.74 4181.95 4182.62 4176.8 4169.56 4166.79 4164.86 4164.34 4164.49 4169.01 4175.05 4177.87 4173.99 4182.84 4182.32 4171.73 4172.63 4175.55 4179.03 4181.06 4182.61 4184.77 4186.23 4187.63 4189.24 4190.8 4192.74 4192.86 4193.07 4192.51 4192.88 4191.68 4190.82 4190.04 4193.2 4191.91 4184.56
4175.01 4177.49 4177.18 4176.21 4177.94 4180.85 4172.78 4175.35 4181.96 4185.17 4174.77 4174.1 4182.1 4175.46 4172.9 4171.81 4171.82 4173.49 4174.36 4174.4 4173.94 4173.5 4171.96 4171.77 4172.82 4174.44 4175.71 4177.21 4178.87 4179.74 4178.97 4177.19 4177.13 4175.98 4172.95 4168.14 4166.16 4162.2 4163.39 4166.62 4171.05 4179.48 4184.87 4181.49 4179.35 4170.75 4174.89 4175.83 4179.35 4181.29 4182.72 4184.14 4185.89 4187.22 4188.82 4190.9 4193.59 4193.08 4192.09 4195.23 4191.89 4190.37 4191.32 4188.62 4197.97 4187.78 4191.34
4170.21 4171.92 4172.31 4172.85 4173.43 4186.22 4183.9 4176.02 4177.43 4172.04 4169.07 4166.73 4173.13 4179.14 4172.71 4172.56 4172.72 4173.54 4173.59 4173.85 4174.24 4174.73 4178.95 4176.62 4175.36 4175.86 4177.05 4178.59 4179.78 4179.83 4179.36 4178.16 4178.75 4178.84 4177.8 4173.83 4164.19 4166.04 4165.49 4166.53 4168.92 4159.23 4168.58 4179.01 4182.97 4183.81 4180.09 4179.37 4180.11 4180.75 4182.46 4183.43 4184.74 4185.97 4187.59 4189.25 4191.01 4190.03 4187.58 4182.73 4187.96 4188.4 4184.95 4181.75 4188.04 4185.83 4194.67
4167.58 4169.21 4168.32 4167.6 4166.72 4170.1 4181.31 4184.1 4189.74 4188.5 4173.2 4170.36 4177.31 4173.09 4172.12 4173.67 4173.71 4173.05 4173.62 4174.06 4174.33 4173.5 4170.18 4174.42 4175.24 4176.71 4178.08 4178.98 4180.87 4181.64 4181.06 4179.67 4181.62 4183.55 4186.35 4186.05 4185.88 4182.49 4175.88 4175.69 4179.66 4188.29 4180.89 4180.91 4182.42 4182.5 4181.8 4181.32 4182.05 4182.18 4182.92 4183.35 4184.17 4185.53 4186.03 4186.63 4186.28 4185.35 4184.52 4186.31 4187.68 4190.43 4190.09 4188.24 4190.2 4191.85 4192.06
4164.47 4165.09 4164.15 4163.74 4167.53 4176.9 4186.59 4191.31 4189.73 4176.73 4173.73 4174.71 4181.81 4181.28 4180.4 4177.71 4172.95 4173.56 4174.75 4175.06 4174.91 4174.05 4175.82 4174.78 4175.37 4176.25 4178.34 4179.92 4181.52 4184.15 4186.64 4185.56 4185.87 4185.59 4186.45 4187.49 4191.59 4190.36 4192.17 4195.35 4185.94 4178.71 4183.42 4183.03 4183.89 4183.78 4182.06 4182.14 4182.4 4182.52 4182.46 4183.03 4183.32 4183.97 4184.88 4185.13 4184.77 4184.43 4183.92 4184.86 4190.19 4195.66 4197.72 4188.16 4192.89 4194.32 4191.95
4162.84 4162.65 4162.03 4161.49 4160.36 4195.54 4187.58 4193.26 4198.31 4168.91 4170 4175.18 4183.6 4190.06 4190.33 4184.82 4180.09 4178.41 4177.75 4176.66 4175.39 4174.1 4173.4 4174.17 4175.2 4176.74 4177.89 4179.83 4182.09 4184.88 4188.87 4190.99 4187.67 4185.22 4184.69 4186.33 4182.99 4184.24 4189.08 4187.71 4184.93 4182.23 4182.13 4183.19 4183.93 4183.3 4183.84 4183.81 4183.58 4183.51 4183.38 4183.56 4184.62 4184.79 4184.02 4183.93 4183.91 4184.15 4185.44 4188.07 4192.91 4199.83 4208.28 4203.23 4192.91 4194.06 4192.66
4163.56 4163.95 4163.56 4163.9 4169.04 4177.25 4190.67 4188.84 4185.96 4169.66 4170.96 4174.68 4184.47 4189.21 4191.53 4189.19 4187.29 4185.15 4181.63 4178.95 4176.32 4173.22 4171.3 4173.56 4174.93 4176.11 4177.14 4179.23 4181.26 4183.58 4185.63 4186.12 4185.08 4183.35 4181.07 4179.5 4181.86 4184.12 4184.45 4185.59 4182.36 4180.57 4182.16 4183.13 4184.14 4185.83 4186.5 4185.33 4185.18 4185.24 4185.42 4185.49 4185.33 4184.77 4184.41 4184.48 4184.24 4185.21 4187.54 4189.92 4192.84 4196.77 4201.12 4195.92 4191.11 4191.97 4194.09
4166.31 4166.75 4164.53 4165.81 4173.47 4196.44 4175.54 4182.74 4180.98 4177.37 4176.35 4185.76 4187.98 4191.6 4188.66 4189.57 4188.93 4187.28 4184.63 4181.12 4177.85 4174.32 4172.92 4173.95 4174.98 4176.42 4178.05 4179.53 4180.6 4182.85 4183.38 4183.48 4182.8 4181.17 4179.73 4176.14 4177.81 4176.62 4179.9 4178.84 4182.2 4182.42 4183.84 4184.2 4184.48 4183.15 4183.97 4185.13 4185.11 4184.94 4184.68 4184.33 4184.16 4183.78 4183.55 4183.37 4183.35 4185.51 4188.13 4190.25 4190.43 4190.8 4188.57 4185 4184.01 4189.69 4192.28
4166.74 4162.16 4163.71 4166.45 4170.23 4184.24 4186.49 4183.84 4181.06 4174.51 4176.35 4179.5 4184.91 4185.19 4190.23 4187.83 4190.21 4191.03 4186.78 4183.02 4179.84 4177.48 4175.94 4175.28 4176.16 4177.35 4178.39 4179.55 4180.68 4181.52 4182.56 4181.88 4180.59 4179.7 4179.16 4180.03 4177.9 4177.75 4181 4185.01 4189.18 4188.62 4185.74 4185.2 4186.02 4186.59 4184.88 4185.97 4186.11 4185.78 4185.27 4184.75 4184.32 4183.82 4183.39 4183.06 4182.86 4183.38 4181.91 4185.4 4187.9 4187.9 4188.41 4188.17 4186.9 4192.28 4197.57
4165.65 4162.24 4163.41 4168.31 4176.66 4178.19 4177.53 4183.49 4185.24 4178.88 4176.24 4176.8 4178.86 4180.82 4180.61 4185.42 4188.9 4190.84 4186.39 4182.94 4180.03 4177.73 4176.73 4176.43 4177.06 4178.21 4179.44 4180.29 4180.72 4179.87 4177.94 4178.67 4178.25 4177.7 4177.34 4177.33 4177.65 4179.38 4184.07 4189.33 4187.64 4186.41 4186.28 4186.08 4186.48 4188.75 4188.88 4187.02 4186.5 4186.06 4185.71 4185.38 4185.11 4184.74 4184.27 4183.78 4183.24 4182.02 4186.7 4186.77 4187.21 4187.8 4189.48 4188.1 4190.44 4194.66 4201.91
4164.82 4163.21 4164.15 4166.82 4172.2 4174.88 4182.85 4184.24 4181.72 4179.84 4175.94 4171.09 4171.23 4177.67 4183.12 4186.01 4186.5 4184.34 4184.25 4182.11 4178.92 4175.91 4175.77 4176.49 4177.24 4179.2 4180.5 4182 4181.9 4180.42 4177.39 4178.37 4177.96 4176.95 4175.4 4173.54 4175.59 4181.84 4186.51 4189.13 4186.47 4185.62 4186.34 4186.19 4185.95 4184.89 4186.62 4186.39 4186.02 4185.22 4185.24 4184.93 4184.64 4184.42 4183.73 4183.79 4183.96 4185.11 4181.87 4187 4187.31 4188.74 4191.72 4189.97 4186.83 4189.08 4195.19
4168.72 4169.49 4169.83 4168.22 4168.45 4174.45 4184.35 4186 4183.37 4181.33 4176.83 4170.46 4169.07 4172.49 4176.46 4185.09 4185.74 4184.34 4183.55 4181.8 4179.47 4176.92 4176.58 4177.7 4178.85 4180.08 4181.84 4183 4184.55 4186.04 4182.52 4182.73 4179.88 4177.7 4175.47 4173.4 4175.84 4182.05 4186.63 4189.48 4189.37 4187.6 4186.76 4186.18 4185.38 4184.27 4184.66 4185.41 4185.46 4185.05 4184.79 4184.8 4184.76 4184.2 4184.22 4184.38 4184.96 4186.84 4196.54 4189.48 4186.1 4184.18 4183.89 4186.73 4181.72 4179.78 4178.66
4172.19 4175.02 4175.88 4175.33 4187.15 4185.59 4178.24 4179.1 4186.38 4183.64 4180.25 4175.67 4172.92 4174.28 4181.11 4186.04 4184.96 4181.69 4182.31 4182.1 4179.62 4179.91 4178.25 4179.21 4181.06 4182.54 4183.48 4184.79 4186.4 4189.61 4192.74 4186.79 4182.19 4179.47 4177.54 4176.71 4179.78 4188.15 4194.9 4194.57 4195.2 4189.29 4186.98 4186.27 4185.56 4184.16 4184.93 4186.15 4185.07 4184.58 4184.14 4183.86 4184.59 4184.98 4185.2 4185.44 4185.42 4185.6 4186.43 4186.74 4184.69 4181.52 4182.89 4190.73 4183.09 4177.18 4175.43
4174.52 4176.54 4176.2 4178.19 4187.93 4197.82 4186.31 4186.54 4188.64 4187.74 4187.34 4185.03 4185.3 4183.85 4181.81 4181.75 4185.2 4188.82 4189.24 4184.25 4179.27 4175.92 4178.26 4180.44 4181.75 4183.38 4184.63 4185.97 4187.7 4188.2 4187.37 4186.22 4183.27 4181.08 4179.89 4180.82 4185.82 4194.03 4198.09 4193.13 4186.03 4186.59 4185.62 4185.89 4186.95 4187.07 4187.55 4185.39 4184.79 4184.8 4185.01 4185.21 4185.51 4185.55 4185.7 4185.94 4186.23 4186.19 4182.02 4183.03 4184.65 4186.94 4190.83 4191.45 4176.45 4179.3 4184.9
4182.96 4179.43 4176.85 4179.14 4186.59 4189.23 4184.04 4181.37 4185.53 4187.11 4188.18 4189.82 4195.75 4185.03 4178.22 4181.19 4184.52 4189.16 4188.64 4185 4182.62 4180.44 4181.37 4182.26 4183.22 4184.75 4185.73 4187.1 4188.26 4189.75 4188.75 4186.64 4184.22 4182.12 4181.07 4182 4182.85 4187.14 4187.36 4185.02 4183.13 4183.15 4184.61 4186.53 4188.53 4191.47 4192.76 4185.23 4185.04 4185.98 4186.76 4187.31 4187.03 4186.41 4186.45 4186.61 4186.92 4188.31 4183.05 4183.53 4185.31 4187.83 4191.47 4189.41 4185.75 4184.02 4187.4
4180.6 4180.52 4180.68 4180.74 4182.6 4181.4 4181.69 4181.69 4182.79 4184.79 4184.63 4186.62 4185.59 4181.82 4178.52 4179.96 4182.16 4180.11 4177.39 4183.88 4187.25 4187.74 4185.01 4184.22 4184.88 4185.61 4186.71 4187.31 4188.33 4189.33 4190.61 4186.88 4184.81 4182.88 4181.26 4180.28 4180.34 4178.65 4178.79 4184.54 4182.01 4181.28 4183.73 4187.24 4190.58 4193.7 4194.67 4187 4186.55 4186.92 4187.44 4187.48 4187.44 4187.36 4187.21 4187.04 4186.99 4185.34 4188.08 4186.29 4186.01 4188.67 4190.15 4189.18 4177.9 4187.22 4180.32
4178.39 4179.49 4178.64 4177.49 4179.77 4179.36 4180.52 4180 4182.51 4184.09 4184.39 4184.77 4182.68 4181.77 4179.35 4181.18 4181.89 4181.26 4183.57 4184.04 4187.41 4187.78 4186.31 4185.91 4186.36 4186.87 4188.51 4188.74 4188.12 4184.4 4185.58 4186.59 4185.42 4183.63 4181.4 4178.09 4172.32 4174.58 4178.42 4188.04 4183.89 4180.33 4183.18 4186.82 4190.54 4194.03 4196.72 4191.99 4190.44 4190.33 4190.2 4189.9 4188.81 4188.92 4188.5 4187.57 4187.8 4187.5 4189.04 4187.53 4186.81 4186.24 4194.19 4198.34 4195.46 4194.98 4192.38
4176.69 4178.68 4179.6 4175.6 4177.39 4180.33 4181.24 4183.01 4183.9 4184.55 4186.53 4186.65 4185.37 4184.57 4182.4 4180.67 4180.87 4181.59 4180.31 4181.74 4181.24 4183.42 4185.09 4186.21 4187.99 4189.94 4191.23 4191.54 4191.02 4191.75 4190.15 4188.46 4187.41 4185.65 4183.25 4180.71 4178.13 4178 4180.16 4179.46 4180.43 4179.95 4182.21 4185.99 4189.82 4193.36 4194.31 4195.81 4194.24 4193.39 4192.56 4191.97 4191.11 4190.57 4189.94 4189.14 4187.93 4186.99 4186.71 4189.04 4191.29 4193.34 4194 4194.67 4196.87 4193.43 4192.51
4174.66 4176.41 4175.44 4173.18 4177.22 4181.2 4182.97 4183.62 4182.89 4183.21 4184.74 4186 4188.11 4189.2 4185.19 4184.86 4182.1 4180.9 4178.3 4178.27 4178.06 4180.86 4184.32 4186.76 4189.26 4190.58 4192.96 4193.66 4193.07 4191.66 4192.59 4191.35 4190.15 4188.5 4186.55 4184.87 4184.42 4180.96 4175.68 4177.86 4176.98 4177.64 4180.71 4184.95 4189.61 4193.9 4197.5 4198.8 4198.02 4196.23 4194.64 4193.86 4193.47 4192.75 4191.87 4190.64 4189.2 4189.74 4189.93 4191.55 4195.28 4197.7 4198.09 4196.01 4194.05 4192.12 4192.68
4171.45 4172.57 4174.29 4175.31 4179.83 4181.49 4183.11 4181.58 4179.21 4180.06 4180.4 4182.57 4188.09 4192.87 4186 4183.19 4183.39 4180.93 4177.54 4177.11 4184.7 4181.78 4184.58 4187.39 4189.44 4191.67 4194.23 4196.43 4198.29 4195.11 4196.62 4194.83 4193.02 4191.27 4189.88 4188.16 4184.53 4180.22 4174.57 4172.06 4172.75 4174.05 4178.88 4184.36 4189.67 4194.4 4199.26 4205.09 4200.89 4198.24 4197.07 4196.21 4195.28 4194.48 4193.54 4192.43 4190.95 4185.62 4188.92 4190.65 4195.86 4199.06 4199.23 4195.24 4189.8 4188.89 4187.74
4169.72 4170.72 4174.19 4179.46 4176.36 4178.91 4180.83 4179.95 4178.53 4178.08 4177.69 4179.44 4182.73 4185.21 4180.87 4175.74 4186.89 4183.09 4176.97 4175.14 4176.54 4182.43 4186.04 4188.74 4191.19 4192.71 4196.04 4199.23 4204.88 4210.45 4201.89 4197.23 4194.79 4192.92 4191.55 4190.46 4190.09 4186.52 4175.98 4172.8 4171.43 4172.5 4178.82 4184.28 4189.1 4193.27 4197.41 4198.19 4198.09 4198.04 4198.01 4197.68 4197.41 4196.93 4196 4194.47 4192.96 4193.42 4189.12 4190.71 4194.93 4199.38 4192.88 4192.22 4190.63 4189.47 4188.76
4171.79 4176.72 4174.64 4178.13 4176.81 4178.14 4179.86 4180.45 4179.21 4177.07 4173.82 4170.02 4176.17 4181.08 4184.65 4184.9 4190.71 4184.83 4176.84 4176.58 4182.02 4185.39 4188.06 4189.77 4191.11 4192.73 4194.83 4196.91 4198.45 4199.77 4199.47 4197.21 4195.71 4194.07 4193.24 4191.87 4189.82 4183.25 4176.79 4170.76 4174.94 4177.42 4182.32 4186.03 4189.3 4192.17 4194.63 4196.05 4195.82 4197.69 4198.47 4199.17 4200.13 4200.1 4199.77 4198.09 4193.57 4189.05 4190.99 4192.36 4196.69 4202.16 4197.55 4195.57 4194.83 4200.15 4190.5
4173.48 4175.97 4175.31 4176.58 4177.2 4178.38 4179.46 4180.49 4181.94 4177.07 4174.25 4171.89 4174.01 4172.1 4181.09 4183.99 4186.36 4186.11 4181.37 4182.25 4187.42 4190.13 4190.23 4190.64 4191.05 4191.72 4192.8 4194.11 4194.08 4194.37 4195.84 4195.81 4195.26 4194.6 4194.05 4192.87 4191.22 4188.93 4181.87 4182.66 4184.83 4188.67 4188.71 4189.07 4190.5 4191.84 4192.16 4190.32 4196.4 4198.53 4199.88 4201.24 4202.48 4203.34 4203.72 4203.7 4203.67 4200.59 4196.08 4196.74 4200.96 4201.66 4200.4 4198.38 4199.29 4193.28 4196.22
4174.33 4176.77 4175.14 4175.27 4177.61 4179.6 4180.32 4180.04 4179.39 4176.72 4175.79 4179.18 4174.05 4171.7 4174.16 4180.67 4191.37 4189.92 4186.63 4192.68 4197.06 4192.22 4190.75 4189.59 4189.11 4189.16 4189.66 4190.85 4192.4 4192.91 4192.25 4193.17 4193.39 4193.73 4194.18 4194.09 4193.45 4196.53 4190.27 4193.33 4191 4193.43 4190.63 4190.69 4192.31 4193.11 4192.76 4193.32 4201.94 4199.47 4201.33 4203.6 4205.63 4207.54 4208.98 4210.05 4210.02 4206.8 4202.16 4202.48 4203.31 4199.94 4195.99 4199.48 4201.03 4199.67 4193.09
4178.5 4177.33 4176.74 4178.95 4179.37 4181.2 4183.33 4179.43 4176.63 4174.19 4173.22 4174.9 4171.61 4171.15 4172.72 4176.86 4190.67 4193.31 4184.3 4184.49 4190.66 4189.5 4189.07 4187.81 4186.7 4186.02 4185.67 4185.73 4187.69 4188.05 4188.61 4189.58 4190.54 4191.91 4193.58 4194.09 4195.17 4195.14 4191.75 4192.76 4190.14 4183.74 4187.03 4192.91 4194.87 4195.99 4196.56 4197.04 4195.11 4198.72 4202.97 4206.51 4208.99 4211.08 4212.79 4214.37 4217.74 4211.86 4204.4 4197.83 4202.11 4208.76 4205.72 4204.74 4205.66 4202.07 4188.27
4178.27 4177.85 4177.23 4179.47 4181.2 4180.11 4179.21 4176.97 4171.81 4171.76 4170.47 4167.14 4167.5 4170.8 4175.16 4183.87 4181.98 4201.33 4182.95 4167.73 4181.9 4182.29 4184.91 4184.39 4183.39 4182.48 4181.33 4179.86 4179.99 4182.27 4185.12 4187.55 4189.23 4190.95 4192.22 4194.35 4196.6 4199.01 4198.11 4192.91 4192.12 4194.87 4198.54 4197.71 4198.42 4200.42 4201.73 4201.93 4197.8 4200.73 4205.74 4209.78 4213.21 4215.93 4217.3 4216.46 4212.16 4212.34 4208.71 4205.49 4215.49 4217.64 4211.24 4206.99 4202.64 4196.81 4183.6
