real_craters/C143-500m.grd
DSAA
182 182
-45.36 45.36
-45.36 45.36
3006.4267397636 4836.9928938045
[rows 90 to 119 of 182, columns 0 to 66 of 182]
4164.76 4165.3 4165.42 4166.03 4166.56 4166.55 4167.29 4168.26 4172.24 4179.97 4185.29 4166.38 4161.94 4164.92 4168.73 4170.75 4170.57 4171.54 4172.06 4172.91 4175.23 4192.36 4205.12 4182.7 4164.52 4165 4174.27 4179.4 4177.5 4169.91 4164.81 4173.58 4187.42 4199.3 4209.57 4218.66 4227.11 4235.16 4242.11 4247.96 4254.69 4258.77 4262.23 4263.23 4259.12 4250.24 4243.77 4240.03 4269.3 4257.94 4243.02 4256.96 4270.47 4283.14 4296.01 4305.01 4309.33 4317.85 4343.59 4375.52 4403.11 4429.58 4460.17 4474.08 4474.26 4447.7 4368.39
4163.5 4163.19 4163.23 4163.96 4164.96 4165.78 4166.54 4167.74 4171.37 4174.27 4171.77 4168.1 4165.75 4170.02 4172.58 4175.56 4182.33 4181.24 4174.54 4172.2 4179.37 4185.45 4186.3 4181.35 4171.18 4168.82 4178.8 4185.92 4187.18 4185.03 4180.11 4186.31 4193.92 4202.34 4211.3 4220.16 4227.05 4233.53 4239.98 4246.47 4251.15 4256.54 4255.3 4255.99 4253.36 4250.55 4248.89 4256.17 4289.1 4241.29 4220.92 4259.84 4280.65 4288.11 4302.53 4310.63 4313.24 4320.62 4350.8 4384.26 4425.4 4460.9 4494.4 4536.1 4554.92 4553.68 4483.52
4159.56 4159.86 4160.43 4161.39 4162.31 4163.81 4165.29 4166.81 4167.9 4171.8 4177.12 4185.81 4182.25 4175.94 4176.21 4177.76 4178.54 4176.78 4175.63 4170.57 4165.12 4172.87 4173.51 4173.21 4177.85 4185.19 4185.41 4191.76 4195.46 4200.51 4205.33 4201.38 4202.84 4207.37 4212.35 4219.31 4225.48 4231.56 4236.62 4241.69 4246.03 4250.34 4252.71 4252.89 4250.19 4253.36 4254.82 4250.52 4237.16 4219.01 4214.4 4261.41 4287.74 4300.26 4307.77 4309.29 4314.72 4324.86 4360.94 4401.92 4445.49 4501.71 4548.8 4591.14 4622.09 4632.61 4557.22
4155.69 4157.36 4158.93 4160.69 4162.22 4164.44 4166.5 4168.78 4169.26 4175.32 4176.36 4171.64 4174.8 4178.23 4177.32 4177.75 4179.55 4182.06 4177.68 4176.51 4169 4173.18 4174.7 4174.23 4177.39 4188.03 4183.58 4182.96 4189.57 4205.2 4210.51 4209.56 4208.11 4208.83 4212.93 4216.91 4221.63 4227.59 4232.26 4236.97 4247.05 4247.28 4249.87 4249.41 4246.07 4245.17 4239.73 4238.47 4223.18 4221.98 4236.7 4268.71 4296.22 4309.2 4310.94 4310.1 4316.13 4332.41 4369.83 4418.62 4471.05 4526.72 4578.4 4626.75 4664 4678.4 4600.2
4152.04 4156.18 4159.11 4161.3 4163.42 4165.37 4167.8 4171.16 4176.76 4179.72 4183.92 4179.07 4186.91 4180.1 4177.16 4175.54 4174.43 4173.39 4174.51 4180.09 4187.67 4183.72 4182.87 4181.16 4175.3 4171.35 4180.43 4177.01 4183.07 4210.34 4217.52 4213.11 4212.41 4214.75 4218.03 4223.47 4226.54 4232.36 4236.46 4240.3 4242.53 4246.69 4246.11 4246.45 4245.29 4245.53 4244.73 4251.04 4222.51 4233.72 4268.72 4278.9 4290.11 4303.81 4314.14 4314.41 4313.45 4332.37 4367.2 4415.48 4468.9 4523.98 4577.29 4629.77 4669.32 4686.28 4620.73
4151.19 4155.19 4158.72 4161 4164.02 4166.23 4168.17 4170.49 4172.01 4178.9 4187.89 4184.48 4173.29 4176.29 4175.49 4172.85 4168.63 4162.9 4170.21 4174.17 4180 4185.73 4186.4 4180.02 4178.31 4197.32 4193.65 4182.88 4179.99 4188.42 4201.11 4209.57 4214.39 4218.41 4222.3 4227.1 4231.15 4237.25 4243.68 4247.69 4250.25 4251.94 4253.07 4252.13 4253.45 4255.22 4258.04 4266.55 4236.09 4251.56 4268.67 4302.54 4296.83 4303.38 4308.31 4308.47 4307.18 4319.91 4353.84 4400.95 4453.09 4504.19 4568.68 4621.91 4667.65 4685.04 4648.7
4151.67 4155.45 4158.71 4161.12 4163.66 4165.96 4168 4170.3 4172.89 4176.53 4180.66 4180.95 4175.62 4175.7 4175.45 4173.41 4170.92 4170.92 4174.63 4179.22 4186.17 4190.17 4186.5 4189.72 4224.23 4225.73 4205.08 4188.52 4178.3 4178.52 4190.5 4205.13 4212.91 4217.96 4222.54 4227.73 4230.97 4234.05 4237.45 4238.7 4243.51 4246.53 4251.7 4257.46 4258.93 4265.64 4276.61 4275.21 4282.05 4276.14 4281.63 4299.34 4305.32 4298.48 4299.22 4296.91 4293.32 4301.38 4341.3 4390.08 4445.51 4492.3 4549.8 4606.04 4652.49 4690.29 4682.1
4155.77 4157.7 4159.63 4161.54 4163.4 4165.7 4168.08 4169.63 4170.48 4171.84 4172.91 4174.71 4178.1 4179 4177.63 4175.92 4174.43 4175.03 4179.91 4190.48 4192.01 4191.57 4195.89 4205.7 4211.99 4204.31 4194.51 4188.06 4187.91 4186.85 4195.9 4208.88 4217.31 4222.69 4227.26 4228.56 4233.2 4236.71 4237.97 4241.2 4243.51 4247.36 4249.46 4254.07 4259.29 4265.93 4271.72 4275.9 4277.42 4281.01 4286.71 4296.66 4293.17 4291.87 4287.43 4282.11 4281.96 4287.49 4335.01 4381.76 4429.5 4475.65 4526.25 4578.29 4620.76 4654.03 4651.91
4160.64 4161.66 4162.57 4163.88 4165.79 4167.96 4169.91 4170.72 4171.41 4171.6 4169.91 4166.68 4177.41 4182.63 4180.19 4178.4 4177.84 4176.99 4180.3 4184.63 4186.29 4186.69 4187.83 4184.65 4183.28 4177.47 4181.03 4184.06 4183.96 4197.95 4207.87 4215.12 4220.17 4225.65 4229.43 4233.29 4236.56 4237.82 4241.12 4245.55 4248.29 4247.95 4251.6 4254.4 4258.26 4265.77 4264.93 4250.48 4268.04 4278.23 4276.5 4278.86 4280.42 4281.26 4271.05 4260.1 4266.01 4314.04 4349.21 4385.39 4425.39 4464.76 4504.15 4548.31 4580 4590.92 4589.5
4163.07 4163.35 4164.02 4165.56 4167.65 4169.08 4170.8 4172.36 4174.72 4175.12 4171.84 4171.16 4177.19 4180.13 4180.05 4180.21 4181.51 4185.51 4185.52 4178.45 4185.51 4187.86 4181.92 4172.21 4171.56 4175.94 4179.41 4186.5 4198.13 4223.92 4220.04 4222.6 4226.39 4231.02 4233.35 4236.96 4240.57 4243.47 4247.43 4250.63 4253.15 4253.35 4255.06 4258.12 4261.15 4266.44 4262.7 4255.59 4266.69 4276 4275.09 4269.15 4271.99 4282.27 4281.94 4248.7 4254.42 4315.5 4354.66 4385.88 4418.05 4452.96 4486.31 4518.11 4541.99 4554.99 4545.53
4162.39 4163.57 4164.64 4166.24 4167.99 4170.32 4171.98 4172.96 4173.44 4173.06 4173.95 4174.79 4175.19 4175.61 4178.59 4180.55 4182.12 4184.44 4186.02 4186.84 4187.83 4188.39 4182.32 4170.31 4172.21 4175.4 4180.33 4191.19 4204.79 4220.65 4220.39 4224.77 4228.19 4231.22 4234.19 4237.76 4240.44 4243.86 4248.57 4251.3 4255.38 4255.25 4259.07 4262.85 4261.91 4265.41 4262.77 4267.51 4269.12 4271.91 4269.08 4260.26 4256.19 4270.1 4275.98 4254.3 4257.84 4297.52 4340.3 4368.46 4391.85 4430.84 4460.15 4485.68 4506.53 4521.93 4518.34
4162.39 4164.28 4166.22 4167.52 4169.53 4170.88 4172.57 4173.77 4173.65 4173.32 4176.12 4179.4 4178.79 4177.87 4179.39 4180.8 4181.51 4181.18 4181.97 4188.15 4189.84 4188.76 4188.79 4186.38 4183.27 4182.08 4193.05 4194.68 4195.44 4205.89 4216.27 4223.83 4229.42 4233.06 4236.26 4239.39 4244.47 4247.63 4252.63 4255.88 4257.63 4259.87 4262.2 4264.06 4261.9 4266.03 4258.95 4256.45 4270.09 4276.52 4262.75 4261.96 4263.29 4267.15 4271.7 4270.57 4270.06 4281.4 4329.14 4352.02 4371.91 4393.2 4427.7 4451.65 4474.1 4499.38 4505.65
4162.88 4164.44 4166.09 4168.47 4170.43 4172.32 4174.04 4176.07 4178.73 4181.3 4179.7 4181.76 4182.53 4181.76 4182.97 4182.91 4181.44 4180.35 4181.7 4187.81 4192.35 4197.9 4197.44 4197.19 4186.99 4171.23 4198.83 4194.64 4189.49 4201.99 4214.48 4224.78 4233.44 4239.7 4244.02 4248.03 4251.75 4254.11 4255.15 4258.39 4259.4 4262.16 4261.14 4263.15 4264.27 4268.31 4266.46 4269.23 4274.2 4284.35 4274.88 4256.33 4267.36 4273.36 4278.84 4288.6 4277.53 4281.42 4316.58 4332.58 4349.59 4369.44 4395.22 4415.82 4442.28 4477.08 4500.73
4161.79 4163.47 4165.87 4167.96 4170.43 4172.57 4175.21 4176.89 4178.57 4177.8 4177.7 4180.18 4182.92 4187.35 4186.88 4185.2 4183.23 4180.78 4179.4 4187.28 4193.07 4196.03 4198.55 4199.95 4191.29 4189.67 4185.29 4192.05 4195.25 4210.31 4219.39 4229.59 4236.18 4242.4 4246.8 4250.75 4253.79 4254.84 4258.21 4261.3 4263.69 4266.24 4268.29 4264.91 4263.32 4270.5 4268.38 4260.71 4271.63 4284.82 4300.22 4265.7 4254.01 4286.08 4287.49 4278.5 4275.32 4270.63 4289.38 4307.07 4329.22 4351.23 4371.41 4383.6 4406.7 4458.26 4504.1
4161.38 4163.75 4166.46 4169.1 4171.05 4173.72 4176.07 4177.78 4178.2 4176.08 4177.93 4181.38 4185.48 4190.85 4190.44 4187.22 4185.02 4183.87 4185.62 4190.11 4194.33 4197.61 4198.65 4198.35 4195.35 4202.86 4203.44 4197.74 4208 4223.05 4224.87 4232.48 4236.76 4238.62 4242.38 4246 4249.59 4254.99 4258.23 4264.12 4265.51 4268.18 4270.37 4272.82 4271.38 4271.69 4275.02 4270.3 4275.3 4286.26 4289.96 4288.42 4287.45 4286 4291.58 4288.53 4278.7 4269.33 4260.19 4285.79 4311.52 4335.39 4356.01 4364.21 4376.44 4438.22 4513.14
4162.02 4164.39 4166.94 4169.77 4172.32 4174.69 4177.33 4179.78 4183.01 4187.23 4186.32 4183.36 4183.43 4187.51 4188.47 4187.98 4186.9 4187.07 4190.24 4192.37 4197.11 4199.91 4200.13 4197.22 4194.14 4199.97 4198.37 4196.58 4206.07 4222.76 4226.19 4230.16 4234.32 4239.59 4244.24 4247.79 4251.94 4255.74 4260.49 4264.58 4269.96 4272.02 4273.97 4274.81 4276.64 4277.99 4277.89 4278.92 4284.26 4295.35 4298.19 4284.52 4278.86 4277.81 4291.56 4300.23 4287.33 4274.57 4267.73 4281.72 4303.84 4326.7 4351.15 4372.67 4379.39 4442.76 4520.48
4164.98 4165.73 4167.55 4170.19 4172.67 4175.19 4178.04 4180.8 4183.92 4184.33 4184.32 4183.72 4183.07 4186.38 4188.22 4188.28 4187.25 4186.81 4188.77 4193.15 4200.99 4208.58 4212.6 4199.16 4191.24 4198 4199.86 4199.02 4197.59 4212.61 4221.84 4229.52 4234.47 4238.1 4242.68 4247.77 4252.56 4258.22 4261.8 4266.3 4269.05 4273.12 4276.39 4279.29 4280.44 4283.45 4288.82 4285.23 4287.31 4291.01 4287.75 4269.87 4266.26 4279.79 4285.91 4287.86 4290.05 4286.95 4282.89 4285.78 4301.47 4322.96 4347.17 4380.69 4436.24 4466.76 4510.54
4164.65 4166.75 4169.32 4171.67 4173.82 4176.52 4178.72 4180.28 4181.55 4182.3 4182.95 4184.99 4187.97 4189.63 4191.29 4189.62 4187.17 4184.58 4186.35 4198.05 4201.77 4205.94 4206.23 4195.03 4188.25 4195.32 4207.87 4208.08 4204.6 4212.43 4222.33 4229.64 4232.87 4237.44 4242.53 4248.12 4253.63 4258.92 4264.46 4268.59 4273.78 4278.24 4282.65 4285.33 4284.96 4281.54 4273.05 4279.55 4278.19 4280.44 4278.96 4265.11 4266.81 4274.3 4288.86 4294.6 4290.08 4291.29 4292.83 4290.44 4301.46 4317.08 4336.73 4360.04 4378.39 4436.32 4478.07
4166.46 4168.66 4170.47 4172.57 4174.17 4175.73 4177.85 4179.12 4180.67 4180.34 4184.48 4187.19 4190.63 4191.62 4191.02 4192.01 4189.19 4185.15 4182.89 4195.31 4198.85 4197.57 4191.9 4189.85 4186.6 4193.45 4202.45 4205.47 4210.76 4224.86 4230.9 4229.11 4232.63 4237.47 4243.11 4247.23 4253.24 4257.86 4263.98 4270.59 4276.59 4282.66 4288.72 4293.53 4295.72 4294.32 4285.27 4286.99 4279.83 4272.77 4271.83 4260.66 4261.96 4264.79 4270.47 4277.61 4280.55 4285.6 4292.22 4291.91 4296.58 4308.84 4322.89 4335.16 4347.52 4397.48 4440.73
4171.94 4172.3 4172.62 4173.91 4175.59 4176.81 4178.58 4180.14 4182.38 4186.09 4189.21 4188.54 4187.55 4191.93 4199.62 4196.04 4192.8 4192.81 4195.47 4195.77 4197.95 4197.6 4193.5 4195.77 4198.57 4199.44 4202.6 4209.11 4210.72 4214.7 4215.2 4221.32 4226.96 4233.1 4239.13 4245.5 4252.66 4258.72 4265.92 4273.16 4279.46 4288.62 4295.73 4303.25 4311.04 4324.5 4328.13 4316.71 4308.39 4281.96 4288.42 4277.15 4272.05 4260.27 4248.19 4255.01 4266.19 4272.53 4275.37 4281.42 4289.6 4301.17 4314.1 4328.48 4346.27 4377.29 4409.6
4172.73 4173.09 4175.05 4175.64 4176.66 4177.71 4179.16 4181.52 4183.5 4185.6 4189.84 4189.57 4189.99 4193.36 4197.86 4197.61 4194.53 4191.26 4193.49 4200.7 4200.83 4201.61 4209.39 4203.23 4197.57 4198.05 4201.44 4220.15 4206.07 4205.06 4207.46 4214.74 4222.83 4230.54 4238.08 4244.46 4254.25 4259.55 4269.17 4275.98 4285.59 4292.8 4301 4308.15 4316.57 4330.91 4338.6 4331.29 4327.49 4301.97 4285.71 4290.04 4278.58 4263.14 4249.21 4251.18 4259.11 4262.86 4261.22 4266.27 4280.89 4293.27 4305.53 4322 4346.33 4363.1 4387.96
4178.25 4179.64 4178.29 4177.78 4177.69 4177.9 4178.82 4180.51 4184.93 4190.13 4189.67 4190.52 4193.07 4198.34 4200.19 4199.12 4197.26 4191.99 4195.46 4203.92 4202.62 4198.21 4192.53 4193.26 4201.35 4205.68 4208.33 4217.3 4207.36 4203.49 4203.21 4212.25 4221.34 4229.62 4237.92 4245.96 4254.38 4265.5 4273.82 4283.66 4291.36 4298.89 4305.95 4311.68 4314.26 4311.75 4314.06 4321.26 4325.77 4319.68 4282.75 4281.95 4272.72 4270.26 4264.6 4259.37 4260.69 4262.78 4264.42 4270.82 4279.21 4288.16 4296.66 4304.3 4324.72 4346.82 4369.47
4181.42 4181.94 4180.21 4179.15 4178.59 4178.16 4178.11 4178.2 4177.83 4182.11 4187.59 4189.93 4190.65 4190.5 4196.17 4201.9 4203.73 4205.58 4204.14 4206.37 4201.18 4193.91 4184.51 4186.21 4204.57 4214.89 4200.67 4194.1 4200.86 4203.12 4204.5 4213.31 4221.33 4228.35 4235.95 4244.06 4256.57 4266.58 4277.13 4286.01 4295.87 4303.14 4309.14 4312.57 4315.65 4310 4307.33 4304.44 4291.82 4282.59 4281.42 4281.67 4282.28 4284.27 4276.89 4270.43 4267.72 4268.09 4272.31 4277.24 4281.25 4287.27 4292.66 4295.18 4311.72 4333.28 4351.73
4181.31 4181.03 4180.5 4180.43 4179.9 4179.28 4178.29 4177.73 4175.74 4179.72 4188.1 4190.45 4192.1 4195.47 4205.29 4209.88 4207.86 4207.92 4205.29 4202.13 4198.53 4193.79 4189.85 4192.46 4197.02 4195.74 4200.26 4203.77 4200.21 4206.68 4214.77 4216.18 4222.77 4230.83 4239.47 4250.19 4259.71 4270.31 4281.1 4290.56 4298.02 4306.84 4314.56 4320.7 4323.76 4322.33 4312 4297.21 4280.93 4270.47 4264.89 4274.76 4289.51 4295.21 4285.72 4277.83 4273.68 4272.04 4272.49 4276.32 4283.15 4286.95 4291.36 4297.96 4310.52 4322.96 4336.66
4181.89 4178.82 4181.8 4181.49 4180.49 4180.01 4179.49 4180.03 4185.04 4187.03 4188.39 4191.61 4195.42 4200.62 4209.47 4211.22 4203.39 4199.17 4201.09 4200.07 4197.95 4195.67 4193.48 4192.52 4193.49 4197.83 4190.83 4186.9 4204.85 4206.79 4210 4214.79 4223.52 4233.61 4245.11 4255.85 4267.17 4279.74 4289.89 4298.79 4309.63 4316.82 4324.3 4327.3 4331.28 4334.04 4316.37 4297.65 4283.84 4271.63 4266.28 4277.88 4290.32 4289.97 4283.95 4281.19 4278.12 4275.72 4272.88 4277.25 4286.67 4285.91 4289.14 4302.46 4306.73 4312.54 4323.13
4184.24 4186.3 4184.95 4183.05 4181.71 4180.88 4180.38 4179.72 4177.66 4184.18 4189.18 4192.31 4195.82 4200.74 4199.06 4196.33 4197.59 4196 4201.1 4204.97 4205.41 4198.01 4191.59 4185.95 4187.88 4185.8 4196.43 4193.74 4200.8 4206 4207.27 4216.84 4225.34 4235.54 4246.34 4257.67 4270.37 4283.38 4295.48 4307.51 4318.58 4327 4332.94 4334.37 4331.22 4316.64 4314.15 4299.67 4286.91 4278.19 4276.41 4285.61 4288.13 4281.25 4284.33 4283 4282.36 4282.06 4283.2 4285.69 4287.92 4282.77 4277.54 4281.37 4290.58 4299.12 4308.31
4184.96 4187.28 4185.39 4183.18 4182.34 4182.15 4182.11 4181.92 4183.15 4185.54 4189.78 4192.74 4194.37 4192.89 4191.67 4188.31 4197.48 4203.76 4204.46 4205.98 4203.86 4196.84 4189.43 4184.68 4187.77 4195.54 4200.38 4201.61 4196.09 4206.94 4221.71 4227.09 4227.26 4237.14 4247.62 4259.49 4272.45 4284.19 4298.78 4311.16 4322.51 4333.13 4340.73 4344.17 4341.88 4331.23 4319.12 4303.55 4293.22 4302.49 4296.34 4296.39 4292.17 4285.38 4284.57 4285.25 4286.64 4288.04 4293.31 4300.38 4291.48 4282.32 4267.03 4253.74 4275.62 4287.69 4293.67
4183.08 4181.55 4180.89 4181.8 4182.7 4183.22 4184.2 4185.48 4186.9 4190.97 4194.36 4194.56 4194.4 4193.09 4192.39 4194.91 4202.94 4207.35 4205.55 4203.45 4200.06 4193.19 4187.03 4184.66 4185.58 4190.84 4193.65 4201.51 4203.15 4204.96 4208.39 4213.33 4221.84 4235.4 4247.65 4261.76 4275.92 4290.94 4304.76 4317.88 4330.81 4340.51 4348.52 4355.01 4358.02 4352.86 4329.16 4309.07 4293.8 4300.19 4301.12 4296.35 4292.44 4286.68 4286.45 4287.8 4290.07 4292.35 4295.27 4295.14 4294.78 4292.59 4282.17 4275.89 4282.58 4287.64 4287.02
4182.01 4180.07 4180.31 4183.46 4184.62 4185.23 4186.01 4187.97 4194.56 4193.36 4193.23 4195.53 4195.64 4195.75 4197.21 4201.97 4205.77 4207.4 4204.85 4201.05 4193.92 4189.96 4182.51 4178.03 4179.21 4186.44 4189.59 4196.36 4201.92 4200.75 4197.39 4197.26 4214.53 4233.28 4248.15 4262.07 4276.21 4290.95 4305.61 4319.08 4333.02 4345.56 4356.59 4365.41 4367.03 4357.67 4338.05 4314.79 4295.64 4293.29 4306.92 4306.9 4297.48 4284.28 4288.17 4291.13 4294.46 4297 4298.71 4300.64 4313.62 4310.88 4311.17 4313.43 4299.88 4294.28 4290.36
4183.52 4183.44 4183.23 4185.41 4186.09 4186.09 4186.07 4185.17 4186.34 4191.68 4195.44 4195.87 4196.98 4198.36 4198.88 4199.99 4200.94 4202.6 4201.94 4199.98 4200.43 4190.17 4179.99 4167.43 4168.92 4184.95 4192.69 4194.34 4191.82 4199.34 4199.17 4199.2 4218.21 4235.47 4249.53 4263.09 4277.32 4290.01 4304.44 4320.6 4335.03 4349.98 4363.2 4374.54 4382.87 4373.73 4349.38 4325.14 4304.75 4304.78 4318.51 4331.72 4310.49 4295.74 4291.75 4294.53 4296.91 4300.54 4304.66 4311.08 4322.81 4322.01 4317.55 4314.68 4309.19 4303.57 4298.6
