real_craters/C143-1000m.grd
DSAA
53 53
-25.92 25.92
-25.92 25.92
2933.6004665937 4825.774787431
[rows 0 to 37 of 53, columns 0 to 52 of 53]
4132.86 4131.8 4131.45 4132.18 4132.56 4132.77 4132.81 4132.83 4133.07 4132.7 4132.93 4133.32 4133.14 4136.54 4137.07 4133.32 4131.54 4139.56 4156.55 4158.28 4155.57 4140.34 4130.11 4156.5 4150.38 4156.73 4172.14 4140.38 4139.14 4149.59 4158.98 4153.15 4137.99 4126.51 4124.65 4129.34 4135.28 4133.36 4127.08 4127.09 4123.23 4124.42 4125 4124.22 4123.16 4123.46 4125.8 4129.18 4126.64 4130.72 4131.58 4128.61 4129.49
4132.71 4132.03 4131.46 4132.02 4132.39 4132.6 4132.65 4132.62 4131.76 4131.06 4130.06 4132.75 4133.04 4147.14 4155.81 4153.32 4150.39 4152.99 4175.55 4217.93 4200.17 4186.71 4230 4264.45 4274.91 4233 4170.59 4143.65 4140.26 4149.41 4184.89 4154.06 4136.04 4140.61 4128.57 4135.86 4152.02 4170.65 4159.39 4142.06 4123.93 4124.09 4124.08 4123.57 4121.69 4123.46 4127.89 4137.2 4156.54 4160.37 4139.32 4131.51 4130.48
4132.48 4133.13 4130.67 4132.03 4132.18 4132.39 4132.53 4132.29 4131.07 4130.6 4129.33 4132.12 4154.21 4173.83 4174.6 4168.79 4182.4 4178.13 4177.18 4181.04 4205.54 4229.65 4276.67 4267.47 4190.24 4181.89 4157.38 4137.29 4131.65 4140.7 4160.3 4142.17 4130.17 4131.98 4133.62 4140.88 4153.82 4174.71 4175.47 4173.56 4148.35 4121.93 4123.09 4122.83 4120.54 4122.56 4127.88 4136.38 4144.02 4141.1 4135.22 4129.16 4123.29
4131.93 4131.74 4130.91 4131.19 4132.15 4132.61 4132.28 4132 4132.47 4135.78 4139.04 4134.84 4190.88 4199.45 4198.65 4155.13 4140.9 4154.93 4180.52 4191.96 4205.97 4216.88 4221.38 4228.36 4185.21 4155.43 4150.7 4138.04 4127.81 4130.37 4135.14 4133.02 4130.03 4130.26 4130.82 4132.17 4140.82 4152.21 4203.52 4201.48 4173.79 4119.53 4123.72 4123.25 4121.85 4121.88 4125.06 4128.65 4127.36 4123.97 4125.74 4124.43 4122.56
4132.07 4131.76 4130.93 4131.17 4132 4132.53 4131.76 4132.54 4132.85 4136.73 4145.52 4174.37 4178.06 4188.4 4204.18 4213.56 4156.07 4163.45 4194.49 4233.03 4204.3 4194.01 4190.34 4178.29 4157.03 4148.9 4145.88 4139.01 4133.77 4130.48 4131.37 4132.09 4133.64 4131.17 4128.11 4131.79 4142.6 4157.4 4224.71 4189.08 4144.4 4120.4 4123.16 4125.07 4124.32 4121.82 4124.21 4125.44 4123.76 4122.16 4122.86 4123.26 4123.06
4131.75 4131.27 4131.21 4131.33 4131.97 4132.08 4132.07 4132.82 4131.63 4133.84 4136.82 4147.21 4177.09 4192.2 4171.54 4160.04 4186.79 4175.09 4190.69 4202.63 4186.03 4166.33 4138.92 4136.03 4138.53 4139.09 4149.36 4154.12 4149.94 4139.86 4138.15 4133.67 4144.69 4136.47 4136.53 4143.78 4160.78 4199.57 4237.75 4163.54 4118.73 4122.22 4124.89 4132.99 4132 4125.25 4128.02 4126.98 4124.37 4123 4123.8 4124.99 4124.55
4131.68 4131.57 4131.01 4131.82 4132.02 4132.26 4131.66 4132.84 4135.23 4139.83 4139.82 4150.96 4181.15 4189.08 4158.05 4142.72 4144.99 4159.33 4164.79 4170.22 4168.06 4155.1 4137.53 4136.52 4138.39 4141.84 4152.66 4162.36 4164.37 4161.53 4152.26 4149.7 4153.32 4166.41 4160.77 4177.36 4165.93 4170.04 4190.23 4148.81 4127.58 4145.55 4156.57 4152.11 4144.98 4143.77 4134.51 4129.29 4125.39 4122.8 4124.01 4126.05 4130.35
4131.37 4130.67 4130.55 4130.97 4131.92 4132.06 4131.43 4137.37 4144.87 4149.94 4149.34 4149.83 4148.83 4140.19 4147.58 4143.95 4140.37 4148.37 4152.63 4155.56 4161.75 4157.27 4147.46 4140.57 4144.78 4154.03 4165.43 4165.11 4192.82 4197.13 4171.31 4162.59 4187.73 4183.33 4185.38 4175.8 4172.3 4171.46 4181.66 4166.76 4150.46 4167.31 4182.58 4162.68 4148.98 4139.86 4130.38 4126.88 4123.51 4122.49 4127.36 4132.6 4127.95
4130.86 4130.28 4130.4 4130.29 4134.32 4139.78 4137.86 4145.36 4159.37 4171.77 4171.36 4164.73 4146.99 4133.12 4138.06 4142.06 4146.15 4156.28 4164.98 4170.36 4172 4171.53 4163.99 4151.67 4156.19 4181.04 4197.66 4204.76 4224.76 4224.04 4195.72 4191.43 4206.73 4215.3 4213.58 4205.03 4187.56 4187.57 4214.82 4181.87 4166.21 4150.65 4154.95 4149.59 4139.69 4129.81 4123.15 4122.15 4120.71 4120.91 4134.82 4156.55 4156.69
4130.1 4129.58 4130.97 4129.8 4135.75 4150.71 4142.23 4152.71 4172.89 4195.26 4202.54 4186.16 4157.01 4134.49 4132.28 4156.97 4168.89 4170.28 4187.04 4191.75 4197.84 4197.8 4196.55 4202.56 4207.51 4237.42 4256.64 4252.59 4254.42 4245.94 4228.95 4239.97 4236.6 4230.86 4230.34 4216.63 4205.28 4207.63 4236.54 4227.62 4189.3 4162.34 4141.17 4145.24 4141.12 4127.93 4120.04 4120.23 4118.64 4121.18 4136.58 4168.02 4160.14
4129.73 4129.6 4130.68 4129.97 4132.64 4138.86 4140.13 4151.9 4177.72 4210.47 4247.65 4204.61 4165.18 4138.43 4132.01 4150.1 4165.1 4174.38 4187.12 4213.51 4230.54 4239.69 4249.83 4240.74 4266.28 4320.33 4325.95 4333.06 4318.15 4286.49 4259.51 4293.08 4283.4 4243.21 4248.81 4248.37 4245.3 4235.81 4221.6 4231.38 4210.46 4176.64 4156.12 4161 4149.91 4132.39 4119.37 4121.56 4122.03 4121.55 4129.78 4148.27 4144.37
4129.34 4129.38 4131.05 4130.93 4130.3 4130.97 4134.03 4148.66 4172.51 4193.98 4203.99 4190.37 4162.87 4139.62 4135.5 4145.91 4163.14 4179.01 4202.98 4254.62 4304.72 4335.19 4335.56 4358.08 4408.66 4475.74 4476.41 4414.96 4455.52 4350.96 4309.84 4309.7 4300.78 4278.73 4285.19 4293.24 4285.96 4265.45 4239.45 4233.2 4232.04 4225.94 4226.1 4197.14 4168.51 4139.42 4120.25 4124.16 4128.56 4139.98 4156.26 4142.8 4132.36
4129.85 4129.65 4130.43 4129.92 4129.54 4129.6 4130.69 4145.77 4160.91 4174.4 4175.56 4171.25 4158.51 4140.11 4135.66 4150.56 4175.06 4202.08 4233.47 4291.78 4356.34 4435.7 4477.46 4400.43 4593.91 4633.53 4691.26 4629.97 4670.94 4678.37 4583.04 4398.66 4313.75 4325.92 4342.47 4349.39 4326.59 4296.09 4281.99 4269.14 4271.54 4275.65 4278.85 4232.03 4191.17 4152.13 4122.46 4125.64 4131.18 4136.29 4123.65 4123.53 4125.81
4130.01 4130.83 4129.91 4129.47 4129.56 4129.32 4130.88 4145.14 4162.73 4173.95 4173.13 4170.93 4161.75 4144.35 4133.13 4141.98 4214.08 4270.31 4303.26 4348.12 4395.46 4472.19 4630.7 4694.18 4609.54 4462.19 4516.21 4575.34 4667.95 4789.18 4684.33 4623.22 4548.69 4431.73 4433.8 4414.86 4381.06 4348.35 4330.05 4307.5 4293.2 4289.81 4281.67 4247.8 4206 4164.8 4129.42 4128.2 4128.37 4125.59 4122.56 4123.45 4124.54
4128.04 4127.19 4127.06 4129.25 4129.42 4128.41 4129.81 4148.9 4174.15 4198.07 4202.26 4188.75 4172.96 4164.5 4150.36 4199.76 4310.25 4409.81 4415.79 4377.97 4344.69 4324.09 4373 4233.65 4048.13 3986.44 3942.28 3980.02 4074.46 4258.51 4497.23 4658.24 4730.22 4655.39 4522.05 4491.91 4440.75 4397.16 4347.83 4335.55 4286.27 4266.31 4284.44 4247.64 4209.24 4171.18 4141.13 4129.51 4125.26 4123.29 4122.17 4123.03 4127
4127.85 4124.78 4121.95 4130.73 4155.95 4148.55 4134.01 4178.68 4196.58 4207.59 4207.11 4187.54 4180.75 4184.15 4177.55 4303.16 4434.02 4575.81 4529.49 4365.88 4201.52 4055.76 3894.36 3670.51 3535.53 3518.59 3465.32 3495.87 3576.92 3717.41 3883.57 4094.83 4311.18 4407.84 4455.69 4526.85 4594.4 4477.73 4331.75 4318.67 4265.74 4240.29 4233.38 4236.85 4209.92 4172.4 4134.24 4117.36 4122.46 4122.48 4121.61 4124.18 4133.8
4128.02 4122.17 4116.94 4126.32 4222.04 4304.3 4299.73 4257.33 4213.72 4197.33 4186.92 4170.64 4179.13 4202.33 4213.84 4396.98 4518.22 4646.91 4503.99 4242.32 3975.56 3700.81 3445.33 3266.98 3202.05 3202.22 3162.06 3260.95 3460.24 3464.43 3439.6 3547.71 3819.54 4062.17 4264.26 4493.88 4708.58 4566.04 4341.21 4287.73 4266.33 4259.52 4266.53 4249.92 4211.97 4173.18 4135.09 4116.07 4122.78 4124.63 4123.41 4124.42 4132.42
4127.43 4120.36 4114.96 4129.52 4192.97 4231.87 4270.82 4247.23 4203.21 4153.85 4150.28 4162.13 4184.52 4237.25 4418.26 4508.79 4499.22 4525.13 4333.86 4044.94 3756.19 3475.16 3236.59 3207.85 3069.49 3067.72 3050.4 3131.37 3344.67 3377.99 3333.86 3276.97 3443.66 3735.33 3999.15 4256.39 4576.51 4631.58 4424.23 4301.7 4284.01 4283.22 4279.73 4247.15 4211.77 4180.58 4149.23 4128.78 4132.57 4131.27 4133.86 4128.22 4126.27
4127.26 4129.56 4132.96 4129.6 4204.45 4261.32 4252.51 4235.68 4195.77 4164.29 4150.21 4154.7 4191.17 4305.41 4547.23 4562.97 4377.8 4186.2 4033.91 3813.07 3570.94 3349.69 3207.29 3165.87 3098.34 3104.53 3103.03 3107.52 3242.24 3243.85 3183.4 3180.6 3243.78 3513.45 3764.81 3979.22 4363.69 4653.09 4658.52 4412.37 4324.79 4293.32 4251.36 4222.75 4214.05 4197.44 4180.22 4163.65 4154.23 4139.2 4124.5 4120.85 4120.85
4128.07 4143.14 4166.83 4209 4224.42 4212.01 4224.04 4224.36 4188.14 4163.86 4164.07 4173.03 4203.35 4285.23 4471.23 4545.96 4256.96 3965.9 3796.89 3627.09 3430.77 3259 3145.25 3123.49 3060.8 3072.08 3056.47 3110.54 3167.88 3126.33 3066.27 2996.03 3282.36 3392.12 3600.73 3851.36 4154.89 4501.94 4702.79 4484.69 4355.3 4315.51 4271.24 4239.78 4231.32 4224.25 4215.46 4223.52 4177.64 4145.66 4121.53 4120.69 4120.75
4129.21 4146.83 4178.75 4212.65 4200.38 4137.77 4169.5 4184.92 4175.72 4172.68 4175.14 4193.03 4236.89 4301.93 4378.39 4507.42 4163.31 3864.52 3650.4 3486.4 3325.72 3194.78 3139.61 3097.48 3033.03 3028.57 3027 3048.78 3083.98 3051.29 2988.69 2965.03 3034.26 3254.5 3457.35 3754.37 4007.79 4358.12 4648.88 4583.19 4438.4 4364.98 4311 4269.82 4242.26 4244.26 4235.42 4200.31 4189.84 4151.84 4120.25 4121.43 4127.23
4127.86 4142.06 4160 4178.26 4179.88 4177 4177.26 4166.34 4162.4 4167.99 4180.71 4206.55 4262.28 4386.26 4521.72 4448.03 4014.85 3680.1 3520.54 3379.13 3256.36 3151.72 3095.19 3082.66 3030.57 3023.23 3017.9 3026.89 3019.02 2983.06 2945.12 2950.39 2990.63 3139.72 3321.13 3496.4 3896.29 4304.09 4602.17 4665.24 4554.24 4407.21 4335.4 4288.87 4253.95 4236.59 4250.29 4256.9 4209.87 4158.92 4126.47 4144.33 4138.66
4124.82 4126.55 4128.57 4123.67 4156.15 4263.6 4231.94 4187.37 4165.65 4166.38 4181.54 4210.45 4278.79 4467.56 4566.89 4286.39 3852.99 3565.22 3444.55 3335.2 3237.14 3158.23 3170.8 3107.57 3068.54 3046.14 3027.48 2991.82 2981.05 2934.65 2933.6 2943.13 2995.13 3098.6 3265.88 3551.08 3871.04 4283.11 4505.31 4644.32 4503.73 4410.45 4348.61 4300.41 4256.84 4240.51 4239.73 4217.56 4187.66 4157.48 4140.25 4132.83 4140.5
4122.85 4117.85 4115.84 4104.33 4155.53 4273.08 4289.74 4231.06 4195.95 4189.02 4190.63 4209.53 4276.03 4517.13 4491.78 3963.08 3734.12 3542.56 3404.68 3298.56 3217.57 3162.1 3138.42 3117.71 3088.41 3132.87 3150.74 3115.51 3071.54 2991.61 2942.73 2951.96 2992.74 3081.21 3205.14 3420.59 3791.7 4109.5 4384.37 4621.54 4556.83 4428.19 4352.57 4277.73 4243.97 4223.27 4216.04 4179.16 4157.52 4149.38 4140.85 4141.95 4137.61
4123.86 4119.5 4116.65 4106.24 4123.96 4264.29 4332.18 4260.66 4230.76 4222.76 4207.7 4210.49 4274.31 4539.19 4470.92 3879.98 3724.59 3550.9 3407.34 3290.23 3186.97 3098.32 3114.95 3135.41 3159.84 3271.32 3369.01 3403.36 3222.63 3005.59 2946.38 2975.97 3007.32 3088.23 3205.88 3402.44 3711.32 3999.39 4295.88 4672.52 4563.82 4461.61 4373.11 4285.81 4234.67 4211.11 4209.11 4172.53 4155.43 4163.4 4154.68 4139.27 4131.24
4126.13 4128.25 4129.13 4123.5 4123.23 4240.45 4347.81 4311.12 4330.34 4273.24 4231.06 4213.64 4285.52 4492.97 4445.8 4098.73 3735.86 3536.83 3404.32 3278.18 3161.91 3084.74 3116.11 3181.23 3256.52 3359.44 3467.32 3484.27 3345.58 3157.92 3021.29 3020.05 3029.99 3099.67 3203.22 3391.07 3643.31 3837.36 4171.72 4650.35 4688.31 4539.64 4399.89 4296.01 4235.7 4210.87 4225.48 4202.92 4186.78 4192.65 4166.73 4131.83 4120.88
4125.27 4126.74 4129.04 4132.22 4128.35 4207.03 4334.69 4319.47 4297.85 4288.73 4241.66 4211.61 4274.84 4429.11 4411.35 4197.36 3764 3577.38 3430.05 3284.53 3161.35 3104.26 3143.49 3208.23 3315.82 3475.5 3470.14 3429.6 3294.18 3127.48 3061.34 3053.78 3063.35 3119.87 3225.95 3395.42 3607.64 3784.3 4110.37 4621.4 4654.53 4516.43 4388.83 4293.8 4238.41 4225.72 4230.83 4248.46 4227.21 4178.53 4145.97 4125.82 4118.71
4124.44 4125.97 4127.2 4126.67 4121.85 4147.06 4188.53 4280.5 4340.88 4298.34 4253.79 4234.83 4327.68 4480.3 4432.58 4229.16 3958.76 3703.27 3495.49 3312.83 3163.19 3115.47 3138.96 3181.69 3245.86 3322.94 3382.4 3285.96 3174.38 3111.59 3077.2 3073.67 3084.68 3139.21 3228.91 3394.41 3590.68 3822.26 4216.59 4714.64 4588.29 4423.83 4352.61 4283.43 4242.5 4241.31 4264.52 4285.9 4306.13 4146.57 4118.29 4120.53 4122.41
4124.56 4125.85 4126.67 4125.73 4124.14 4119.15 4122.59 4244.51 4335.6 4301.96 4271.27 4267.04 4403.55 4620.14 4512.52 4272.17 4061.67 3787.31 3542.4 3336.75 3164.66 3094.44 3114.38 3134.76 3142.03 3153.49 3192.05 3157.88 3125.14 3097.22 3076.84 3084.67 3102.62 3160.99 3326.87 3429.65 3582.05 3975.11 4487.14 4637.72 4527.96 4383.98 4318.31 4281.34 4256.81 4245.64 4242.97 4243.42 4203.69 4180.34 4129.16 4123.8 4125
4124.58 4125.71 4127.44 4130.18 4125.82 4122.01 4118.82 4252.69 4306.57 4295.72 4287.41 4322.98 4427.82 4545.76 4522.64 4384.51 4112.99 3807.18 3579.58 3364.43 3181.68 3118.03 3114.92 3108.1 3083.91 3048.19 3048.2 3066.15 3060.98 3047.29 3049.76 3058.17 3076.93 3182.39 3361.44 3483.53 3630.77 4127.74 4667.77 4586.45 4460.27 4318.19 4279.7 4267.41 4256.62 4239.54 4220.04 4194.22 4144.82 4138.51 4140.78 4144.52 4147.15
4124.02 4124.92 4126.43 4126.12 4121.13 4127.12 4211.64 4293.08 4316.31 4277.5 4272.88 4302.32 4360.9 4428.64 4497.12 4442.66 4012.7 3805.66 3607.1 3399.35 3215.76 3148.43 3135.84 3113.3 3080.18 3052.47 3034.73 3033.68 3028.75 3038.59 3051.88 3056.08 3080.52 3274.55 3546.95 3605.68 3711.97 4181.15 4691.53 4581.73 4409.72 4270.41 4249.1 4252.27 4254.48 4235.26 4204.1 4169.4 4139.2 4136.66 4168.07 4197.3 4192.04
4123.09 4123.81 4124.65 4125.15 4113.35 4122.51 4179.14 4290.65 4287.75 4242.73 4244 4263.49 4302.76 4366.49 4504.5 4568.23 4173.28 3922.24 3682.26 3446.23 3301.96 3220.36 3200.06 3149.84 3100.82 3066.1 3043.72 3038.3 3038.08 3062.41 3076.71 3092.61 3227.68 3486.23 3679.48 3760.75 3873 4204.81 4500.92 4475.51 4363.35 4255.18 4233.79 4243.72 4258.09 4230.07 4197.73 4165.11 4138.97 4144.14 4197.52 4256.78 4270.05
4123.53 4123.95 4123.95 4123.81 4106.59 4113.16 4242.09 4327.53 4245.21 4200.44 4217.19 4250.09 4284.86 4365.15 4512.73 4608.41 4477.06 4159.67 3855.57 3544.6 3275.45 3363.13 3276.69 3187.06 3109.96 3075.12 3061.56 3069.53 3068.61 3094.6 3100.3 3271.51 3551.9 3628.79 3708.46 3926.04 4115.69 4307.96 4433.5 4417.12 4339.62 4269.75 4240.11 4237.29 4241.51 4220.58 4191.71 4164.9 4140.07 4145.28 4202.61 4263.1 4273.73
4123.32 4123.26 4123.59 4122.53 4099.56 4104.12 4231.31 4333.07 4242.88 4177.41 4201.39 4246.79 4267.51 4339.37 4464.63 4614.18 4584.39 4395 4077.85 3737.56 3438.71 3379.11 3332.95 3225.31 3112.95 3094.84 3117.89 3169.84 3202.9 3180.15 3306.85 3498.24 3631.33 3616.02 3773.57 4142.64 4395.83 4463.64 4467.67 4406.07 4333.1 4282.29 4246.23 4228.87 4225.97 4204.54 4183.39 4164.25 4147.26 4144.14 4191.32 4218.66 4136.29
4124 4122.94 4123.21 4119.73 4096.19 4098.11 4207.27 4372.39 4265.41 4178.37 4178.97 4202.75 4232.23 4287.17 4357.8 4440.54 4653.28 4580.57 4304.45 3986.23 3645.19 3495.25 3439.29 3340.27 3168.05 3155.42 3179.18 3241.28 3275.78 3332.51 3437.98 3561.32 3651.6 3691.45 3964 4391.03 4676.42 4548.87 4448.31 4360.48 4304.66 4267.35 4239.82 4221.56 4208.18 4191.14 4178.52 4161.18 4146.04 4135.23 4182.27 4236.12 4180.11
4125.19 4122.41 4122.96 4118.78 4098.58 4095.84 4181.6 4348.14 4250.59 4153.79 4159.08 4173.21 4190.99 4226.28 4271.8 4342.42 4566.85 4608.05 4470.84 4293.37 3999 3789.63 3697.12 3589.26 3451.1 3297.31 3275.82 3299.54 3359.37 3509.42 3539.52 3629.42 3787.1 4067.1 4249.14 4457.69 4593.29 4486.05 4327.88 4280.15 4265.66 4247.69 4231.42 4219.3 4212.04 4199.46 4175.81 4155.41 4138.37 4125.41 4162.69 4208.4 4143.98
4122.76 4122.26 4122.43 4118.1 4103.37 4101.81 4163.73 4262.16 4223.7 4164.53 4168.77 4167.09 4172.61 4199.23 4242.16 4309.08 4426.24 4502.32 4532.55 4588.29 4513.52 4232.57 4070.08 3925.74 3726.94 3800.26 3612.1 3609.07 3607.26 3632.88 3780.44 4056.43 4302.28 4596.85 4525.84 4397.96 4362.98 4377.22 4346.89 4254.28 4238.2 4225.53 4212.44 4208.34 4205.99 4194.52 4174.3 4145.74 4125.04 4113.94 4136.16 4146.85 4139.3
4122.23 4122.39 4122.3 4119.55 4115.63 4131.62 4220.62 4280.66 4247.85 4215.47 4177.37 4156.48 4154.5 4179.49 4225.16 4274.03 4281.99 4319.05 4464.59 4639.53 4685.1 4538 4429.95 4370.45 4304.76 4266.64 4262.39 4221.04 4209.86 4239.18 4333.28 4636.47 4825.77 4620.75 4534.41 4402.39 4320.77 4281.9 4251.95 4251.59 4216.34 4198.93 4188.46 4194.59 4204.85 4214.46 4174.58 4137.24 4113.08 4114.29 4124.66 4138.05 4134.57
