real_craters/C143-300m.grd
DSAA
303 303
-45.36 45.36
-45.36 45.36
3002.5550925856 4874.5101223575
[rows 210 to 239 of 303, columns 134 to 200 of 303]
4345.41 4345.73 4345.37 4345.25 4345.03 4345.78 4351.89 4363 4351.69 4337.77 4329.26 4330.12 4341.09 4355.93 4369.4 4376.64 4386.41 4391.23 4392.29 4391.5 4389.75 4388.4 4382.9 4366.41 4358.79 4356.12 4356.44 4355.95 4350.65 4340.5 4332.58 4338.76 4346.89 4353.27 4358.29 4362.18 4364.56 4363.45 4361.17 4358.23 4371.15 4381.32 4387.57 4394.92 4402.02 4410.02 4417.58 4424.78 4433.24 4441.01 4445.69 4441.77 4438.71 4436.66 4434.34 4435.39 4439.67 4435.4 4407.24 4360.74 4307.8 4258.57 4237.2 4232.18 4235.14 4244.5 4254.74
4354.03 4353.05 4352.2 4351.25 4350.24 4348.71 4345.69 4346.49 4341.96 4331.17 4319.53 4321.53 4333.26 4346.29 4360.98 4369.09 4378.08 4384.98 4388.09 4389.07 4388.02 4384.89 4378.59 4370.1 4362.91 4360.69 4358.86 4354.9 4350.52 4346.24 4345.57 4348.76 4354.6 4360.38 4365.73 4369.76 4372.87 4374.62 4369.64 4367.38 4383.77 4394.19 4399.45 4405.83 4412.31 4419.15 4426.51 4434.43 4444.6 4455.26 4464.34 4463.87 4455.92 4450.01 4443.41 4437.41 4439.96 4431.38 4395.9 4356.42 4313.32 4268.99 4239.26 4230.43 4235.28 4241.61 4247.81
4360.83 4358.67 4357.38 4356.09 4354.53 4354.17 4349.85 4341.8 4336.29 4328.85 4321.33 4321.5 4329.8 4338.29 4348.34 4364.81 4375.91 4380.56 4384.85 4386.52 4386.17 4383.08 4375.81 4372.82 4373.21 4370.89 4364.56 4358.53 4354.77 4353.43 4356.95 4360.6 4364.94 4369.77 4374.66 4378.43 4381.95 4384.37 4381.7 4385.52 4393.3 4401.36 4408.9 4414.2 4419.59 4425.67 4431.58 4440.37 4450.52 4463.46 4478.03 4484.34 4471.8 4460.39 4450.74 4441.6 4438.5 4428.65 4407.85 4373.58 4325.32 4277.1 4237.57 4228.44 4232.22 4238.12 4244.41
4365.26 4362.44 4360.44 4359.16 4357.21 4353.51 4344.79 4338.5 4335.7 4332.13 4328.1 4328.46 4333.6 4336.53 4334.38 4354.23 4368.15 4377.8 4383.54 4385.69 4385.39 4385 4382.96 4377.84 4380.48 4379.59 4371.01 4364.85 4361.81 4360.18 4366.22 4372.43 4376.69 4381.06 4384.66 4388.1 4390.99 4392.79 4392.09 4397.83 4401.97 4409.27 4419.15 4423.94 4427.57 4430.99 4435.42 4443.33 4451.84 4463.32 4478.68 4487.77 4474.3 4462.66 4453 4450.31 4442.75 4431.14 4428.83 4399.18 4330.79 4272.47 4235.19 4228.74 4231.16 4235.81 4242.18
4366.38 4364.02 4362.11 4360.8 4359.51 4354.89 4342.08 4338.07 4338.88 4339.39 4340.39 4342.8 4344.69 4347.11 4350.66 4357.65 4366.95 4380.15 4385.38 4386.49 4384.87 4381.74 4377.87 4376.93 4382.48 4383.82 4378.23 4371.07 4374.55 4373.93 4378.48 4384.79 4389.1 4392.85 4396.09 4398.38 4400.46 4402.41 4401.95 4404.32 4416.41 4426.78 4432.8 4434.59 4435.41 4434.86 4436.66 4438.29 4441.6 4450.49 4463.21 4479.5 4473.74 4450.61 4437.09 4437.96 4438.33 4428.72 4425.74 4397.22 4324.36 4269.58 4243.48 4236.07 4237.36 4239.71 4247.3
4364.99 4363.06 4362.01 4361.16 4361.87 4362.05 4348.87 4343.74 4344.75 4347.76 4352.31 4357.01 4357.57 4360.4 4368.24 4375.5 4388.36 4389.79 4391.2 4390.32 4386.74 4380.36 4376.43 4381.39 4385.31 4387.16 4389.29 4393.58 4396.97 4399.96 4396.43 4398.63 4403.6 4406.36 4407.7 4409.51 4410.33 4411.03 4410.08 4416.9 4432.05 4444.66 4445.7 4443.81 4440.55 4436.15 4432.81 4428.25 4424.02 4423.7 4425.7 4433.42 4433.76 4411.28 4395.14 4389.7 4393.58 4412.8 4391.01 4350.94 4313.16 4277.6 4254.77 4246.6 4250.85 4258.98 4256.27
4362.58 4361.36 4360.04 4359.34 4359.92 4359.71 4352.97 4349.57 4350.56 4354.63 4361.14 4367.79 4365.75 4364.93 4372.09 4384.51 4396.57 4398.57 4398.74 4396.82 4393.41 4388.87 4389.02 4392.07 4391.66 4390.67 4398.46 4408.84 4419.86 4430.55 4425.32 4420.63 4420.88 4420.42 4420.03 4419.49 4419.03 4419.03 4419.82 4431.67 4442.95 4454.59 4453.92 4448.55 4441.64 4432.52 4423.35 4414.19 4401.71 4390.05 4375.67 4354.82 4351.64 4351.11 4339.69 4320.33 4317.7 4364.56 4342.34 4312.17 4316.82 4286.67 4258.47 4252.27 4256.79 4268.24 4258.77
4363.2 4360.85 4357.71 4355.76 4355.83 4355.57 4353.71 4352.13 4353.97 4358.65 4365 4370.04 4369.33 4365.22 4371.82 4388.28 4396.73 4405.78 4406.78 4405.37 4403.1 4400.11 4402.16 4405.55 4401.82 4398 4406.38 4420.11 4435.6 4449.58 4449.84 4444.91 4437.47 4434.25 4430.3 4428.02 4426.07 4424.84 4422.94 4433.02 4447.53 4457.58 4457.02 4448.05 4436.56 4423 4409.14 4395.15 4380.05 4362.27 4337.07 4305.6 4293.65 4304.23 4297.85 4277.24 4268.48 4287.66 4296.89 4300.6 4317.57 4288.77 4260.45 4251.98 4251.29 4248.46 4250.14
4368.99 4362.3 4356.1 4350.16 4348.57 4352.27 4352.37 4350.59 4354.47 4360.26 4367.18 4372.96 4374.96 4375.71 4382.51 4396.98 4415.45 4416.09 4413.66 4412.69 4413.63 4415.13 4415.51 4416.23 4412.63 4412.28 4417.31 4428.81 4443.9 4454.78 4456.51 4451.94 4447.57 4443.03 4438.97 4432.93 4429.31 4429.14 4430.4 4433.68 4450.5 4461.7 4461.25 4446.81 4427.97 4409.46 4392.95 4377.26 4359.7 4341.29 4318.72 4296.26 4290.43 4293.03 4280.55 4262.41 4249.3 4250.88 4267.72 4286.63 4288.12 4266.45 4253.19 4248.71 4247.51 4244.09 4246.94
4375.73 4364.17 4353.76 4342.79 4333.65 4332.47 4339.34 4344.89 4351.59 4359.33 4367.51 4376.38 4379.36 4380.54 4387.82 4400.22 4414.26 4416.33 4415 4415.64 4419.64 4426.27 4422.31 4417.84 4418.96 4424.17 4433.06 4438.18 4447.37 4457.27 4457.05 4452.47 4453.48 4448.71 4441.78 4431.75 4428.18 4428.03 4427.68 4432.64 4450.12 4469.71 4464.21 4438.88 4414.22 4393.61 4375.17 4358.62 4342.45 4325.98 4310.96 4302.68 4306.2 4296.14 4276.63 4259.61 4242.82 4239.76 4252.49 4269.93 4273.4 4254.67 4247.13 4246.26 4248.49 4251.83 4252.71
4379.99 4366.54 4353.58 4339.24 4324.27 4315.42 4324.55 4336.95 4348.16 4357.48 4366.04 4373.4 4377.64 4380.16 4387.94 4396.46 4402.23 4406.81 4409.9 4411.89 4415.32 4420.47 4420.21 4419.19 4422.4 4426.22 4426.91 4432.6 4440.1 4449.71 4458.95 4464.33 4460.93 4449.29 4437.13 4427.86 4419.1 4419.02 4418.47 4421.25 4434.96 4450.32 4443.8 4414.22 4390.13 4370.29 4353.87 4340.4 4325.56 4311.79 4300.99 4297.01 4299.75 4288.76 4271.73 4256.4 4242.32 4238.88 4245.69 4254.24 4256.53 4247.77 4244.68 4245.06 4248.45 4253.9 4254.52
4383.83 4369.59 4355.92 4342.02 4329.64 4320.71 4324.62 4335.61 4346.77 4356.27 4364.5 4371.29 4376.89 4383.19 4386.9 4392.08 4397.42 4401.44 4403.23 4404.23 4404.27 4406.12 4413.65 4419.9 4424.85 4426.67 4422.59 4422.19 4425.95 4435.68 4453.96 4477.25 4463.76 4442.49 4425.08 4412.67 4405.22 4401.09 4397.63 4401.87 4402.65 4401.49 4391.16 4372.16 4357.87 4345.56 4333.28 4321.11 4308.83 4297.81 4287.65 4277.9 4268.26 4273.17 4263.46 4251.74 4243.7 4240.04 4241.12 4246.91 4247.03 4242.25 4243.67 4243.9 4245.11 4245.75 4245.13
4387.22 4373.11 4360.16 4348.29 4338.61 4333.25 4333 4339.26 4348.49 4357.14 4364.74 4371.3 4375.84 4379.34 4383.35 4387.3 4391.02 4394.06 4396.12 4397.34 4396.16 4397.71 4408.42 4418.4 4425.78 4429.35 4422.79 4407.83 4398.45 4404.98 4425.84 4452.06 4442.1 4420.22 4402.64 4389.09 4378.81 4373.33 4374.31 4374.61 4361.77 4341.59 4320.89 4322.9 4322.69 4318.34 4312.77 4304.24 4294.73 4283.98 4275.19 4263.52 4254.91 4259.43 4254.96 4249.36 4245.16 4242.37 4242.29 4243.98 4244.9 4247.21 4246.7 4244.61 4242.28 4237.2 4232.23
4389.52 4376.33 4364.77 4354.82 4345.32 4340.18 4340.04 4344.51 4352.03 4359.5 4366.32 4371.98 4375.31 4376.54 4380.26 4382.39 4383.24 4384.25 4390.02 4394.05 4396.64 4398.82 4404.73 4412.62 4420.15 4424.8 4426.5 4383.91 4352.08 4354.38 4374.72 4392.57 4391.9 4381.38 4370.39 4359.09 4346.77 4331.9 4326.39 4337.52 4326.11 4301.96 4279.95 4289.54 4295.69 4295.93 4294.69 4289.56 4282.34 4274.54 4265.73 4255.78 4246.53 4246.76 4247.74 4246.44 4245.23 4243.81 4243.85 4246.73 4254.39 4256.53 4251.47 4246.51 4241.77 4236.33 4230.26
4390.49 4377.84 4368.21 4361.77 4355.19 4344.9 4345.91 4349.78 4355.23 4362.7 4368.42 4374.7 4380.92 4381.41 4378.53 4378.59 4379.4 4380.56 4386.45 4391.67 4400.4 4401.24 4397.94 4395.7 4394.1 4399.25 4391.46 4342.57 4302.8 4305.17 4321.38 4329.58 4333.37 4337.64 4335.06 4328.72 4319.37 4307.39 4306.34 4316.31 4300 4284.78 4275.96 4276.26 4279.58 4280.9 4279.67 4276.44 4271.78 4266.08 4259.89 4253.75 4248.19 4244.44 4246.39 4247.48 4247.2 4245.07 4242.49 4251.79 4258.17 4260.34 4253.78 4248.92 4244.81 4242 4243.15
4384.68 4375.75 4368.79 4364.73 4362.38 4353.76 4352.44 4355.68 4360.45 4366.48 4371.6 4375.18 4376.88 4377.15 4375.01 4374.37 4376.36 4386.69 4381.65 4383.85 4387.17 4390.29 4388.22 4380.52 4371.3 4372.61 4332.59 4296.56 4271.17 4273.57 4283.76 4288.97 4293.92 4301.29 4304.04 4302.29 4298.89 4295.85 4286.1 4277.82 4275.57 4271.75 4269.77 4269.06 4269.87 4270.48 4270.82 4268.66 4265.72 4261.59 4257.95 4253.64 4251.34 4249.88 4250.3 4251.67 4250.06 4248.05 4243.82 4244.08 4244.49 4250.41 4250.67 4248.99 4246.38 4244.71 4243.39
4373.96 4371.47 4365.96 4359.65 4357.82 4357.57 4357.66 4360.97 4366.28 4371.4 4375.39 4376.53 4373.86 4372 4370.97 4368.84 4366.09 4359.88 4369.16 4376.11 4372.68 4378.82 4381.41 4379.54 4378.68 4373.53 4311.83 4271.76 4261.47 4260.44 4263.05 4265.14 4268.07 4274.7 4279.35 4280.64 4279.8 4276.92 4265.47 4256.82 4258.72 4261.95 4264.08 4264.9 4264.46 4263.91 4263.35 4261.97 4259.52 4257.13 4254.5 4252.35 4252.78 4250.18 4249.71 4252.53 4250.61 4246.73 4240.63 4234.45 4235.77 4241.52 4246.46 4247.45 4246.94 4246.38 4245.53
4374.53 4370.85 4363.69 4354.1 4351.79 4357.14 4360.25 4365.39 4371.15 4376.47 4380.95 4383.13 4379.2 4374.84 4369.91 4364.66 4359.18 4353.42 4364.5 4379.86 4390.47 4380.99 4374.86 4375.19 4384.25 4368.24 4305.85 4268.93 4264.61 4258.37 4254.37 4251.72 4251.67 4257.1 4262.15 4264.17 4262.45 4254.15 4251.43 4247.77 4251.92 4257.45 4262.06 4262.06 4260.43 4259.23 4258.03 4256.14 4254.07 4253 4251.98 4250.96 4249.65 4245.47 4246.43 4250.07 4249.73 4249.03 4239.21 4233.22 4230.62 4239.09 4245.78 4247.6 4247.99 4248.37 4248.11
4383.31 4372.7 4364.23 4355.79 4351.77 4355.07 4360.97 4367.97 4374.81 4381.07 4386.86 4391.38 4393.22 4380.94 4369.08 4361.1 4356.62 4358.39 4365.12 4376.27 4387.26 4371.83 4357.39 4348.85 4342.02 4330.38 4292.75 4271.69 4270.8 4260.27 4252.29 4246.35 4243.91 4246.68 4251.69 4254.8 4254.44 4250.78 4251.04 4252.38 4255.23 4256.73 4257.49 4256.96 4256.15 4254.82 4253.79 4252.76 4251.56 4250.97 4249.93 4249.02 4248.02 4247.52 4247.68 4246.72 4246.76 4243.86 4238.33 4236.38 4242.81 4253.76 4251.08 4249.21 4248.88 4249.39 4250.13
4377.06 4369.73 4363.88 4358.84 4350.97 4353.29 4361.04 4369.22 4377.74 4384.97 4391.12 4392.19 4386.98 4375.35 4363.66 4353.68 4347.71 4350.37 4350.68 4348.82 4351.39 4341.21 4328.17 4312.52 4290.05 4280.6 4278.08 4272.08 4269.09 4262.55 4253.6 4245.52 4238.95 4242.03 4247.82 4252.98 4257.04 4256.95 4256.89 4261.02 4261.29 4256.99 4255.37 4254.33 4253.27 4252.01 4251.3 4250.49 4249.99 4249.75 4248.93 4248.21 4247.92 4248.91 4245.04 4244.32 4246.17 4247.33 4249.12 4252.42 4262.6 4261 4250.65 4248.23 4248.08 4248.97 4250.34
4360 4361.98 4359.9 4357.63 4351.16 4354.01 4361.19 4369.59 4379.47 4388.49 4395.21 4394.97 4384.5 4369.96 4356.36 4341.37 4328.15 4317.81 4308.48 4301.32 4301.4 4304.16 4299.06 4286.65 4269.27 4264.03 4275.8 4278.83 4275.32 4267.67 4258.21 4248.68 4241.55 4242.91 4248.45 4254.02 4259.45 4263.11 4258.13 4258.05 4256.91 4254.45 4252.69 4250.7 4250.08 4250.04 4250.02 4249.78 4249.18 4248.62 4248.38 4247.86 4247.09 4244.56 4243.11 4244.62 4247.23 4250.41 4253.96 4255.45 4251.7 4237.77 4240.81 4243.9 4245.47 4246.71 4248.01
4350.75 4353.67 4352.63 4351.56 4354.74 4356.7 4361.43 4368.17 4377.29 4387.67 4399.19 4406.17 4395.59 4372.73 4349.36 4326.6 4305.17 4282.91 4264.23 4262.48 4266.06 4276.69 4277.93 4273.06 4267.26 4271.86 4284.85 4303.41 4289.11 4274.58 4263.89 4254.95 4248.68 4248.51 4252.43 4255.84 4256.24 4252.36 4253.72 4252.04 4249.67 4252.66 4251.43 4248.7 4248.42 4248.42 4248.79 4249.05 4249.4 4249.39 4249.56 4249.16 4248.37 4246.49 4245.08 4247.83 4248.8 4248.82 4251.14 4242.77 4233.93 4226.81 4236.66 4242.07 4243.82 4244.34 4243.87
4338.39 4347.13 4344.87 4343.13 4354.9 4356.41 4359.03 4363.17 4370.12 4380.04 4393.37 4406.84 4394.76 4367.82 4338.08 4310.34 4285.65 4263.02 4250.14 4254.16 4259.96 4264.75 4266.37 4265.91 4264.46 4267.63 4279.1 4298.84 4287.1 4276.17 4267.67 4261.67 4256.97 4256.2 4257.93 4259.86 4260.07 4250.64 4252.73 4255.1 4256.66 4256.14 4253.45 4250.54 4247.27 4246.76 4247.4 4248.56 4249.67 4250.35 4250.46 4251.36 4251.96 4253.07 4258.49 4253.76 4251.05 4250.73 4254.06 4241.67 4240.96 4246.09 4246.02 4244.44 4243.41 4242.64 4241.65
4344.31 4344.34 4341.14 4339.03 4346.51 4350.73 4351.8 4353.66 4356.81 4362.07 4370.96 4380.59 4366.95 4342.94 4315.88 4291.43 4270 4251.39 4238.28 4259.06 4263.64 4261.71 4260.68 4260.88 4263.84 4260.81 4260.72 4264.35 4271.73 4270.67 4268.03 4265.99 4265.26 4265.56 4263.85 4262.22 4260.62 4251.37 4255.37 4261.91 4265.66 4263.78 4255.68 4247.35 4244.15 4244.63 4246.04 4247.55 4249.19 4250.6 4252.27 4253.88 4255.92 4261.25 4262.04 4255.36 4251.05 4248.21 4246.12 4236.86 4243.84 4256.31 4251.49 4245.74 4243.45 4242.26 4241.31
4328 4337.7 4340.73 4341.64 4344.11 4344.3 4341.99 4339.45 4337.28 4335.66 4333.57 4330.75 4321.92 4304.53 4287.16 4271.26 4256.98 4245.95 4244.48 4259.22 4262.37 4258.75 4255.52 4253.92 4254.96 4255.29 4249.06 4246.76 4257.43 4262.81 4265.48 4268.18 4271.01 4271.35 4269.6 4261.97 4246.48 4248.66 4258.47 4269.2 4280.36 4271.14 4258.04 4246.19 4242.11 4243.76 4245.48 4247.4 4248.96 4250.49 4251.98 4253.85 4255.88 4258.03 4255.63 4251.98 4249.53 4246.25 4243.51 4244.14 4244.45 4243.73 4243 4243.74 4242.67 4241.19 4239.49
4312.27 4328.69 4338.61 4345.67 4344.36 4337.42 4329.79 4322.55 4315.07 4306.47 4295.05 4282.71 4279.72 4270.59 4260.32 4253.19 4246.41 4240.93 4241.98 4253.87 4256.48 4254.15 4249.87 4246.2 4241.69 4246.83 4241.85 4240.43 4249.76 4256.27 4262.27 4268.47 4275.94 4283.91 4276.25 4268.09 4256.98 4255.7 4262.03 4270.19 4275.85 4270.92 4259.35 4247.34 4243.09 4244.94 4246.49 4247.51 4248.65 4249.93 4251.33 4252.79 4253.91 4253.17 4249.8 4250.12 4249.13 4247.33 4245.4 4246.6 4245.36 4239.09 4240.08 4243.08 4242.55 4241.12 4238.72
4293.59 4312.34 4324.58 4342.52 4338.51 4325.21 4314.4 4304.26 4293.35 4281.2 4266.85 4256.03 4252.94 4246.88 4241.97 4241.56 4239.11 4235.89 4234.14 4243.66 4248.94 4248.44 4245.83 4241.84 4238.17 4238.12 4234.97 4235.74 4243.28 4250.83 4258.3 4265.57 4273.25 4281.99 4275.27 4272.81 4275.94 4264.5 4263.76 4267.73 4271.43 4268.32 4260.74 4253.89 4250.86 4249.39 4248.77 4249.04 4249.6 4250.41 4251.28 4252.16 4252.6 4251.65 4245 4248.39 4249.31 4249.96 4250.5 4245.78 4244.2 4247.59 4250.32 4245.25 4243.09 4241.27 4239.68
4260.92 4281.32 4297.92 4310.03 4312.3 4304.24 4294.79 4284.74 4273.58 4261.21 4247.37 4239.15 4239.29 4238.24 4236.69 4237.63 4236.3 4233.95 4234.04 4241.81 4242.69 4242.48 4241.49 4239.41 4237.39 4233.66 4229.94 4231.28 4237.82 4246.12 4253.54 4259.45 4262.14 4259.68 4262.14 4264.42 4260.34 4260.46 4260.56 4262.5 4264.91 4263.57 4259.69 4258.64 4258.07 4253.1 4250.67 4249.85 4248.99 4249.25 4249.97 4250.99 4251.58 4248.7 4243.75 4246.76 4250.22 4250.59 4247.91 4243.54 4239.25 4243.44 4243.39 4244.43 4243.88 4242.4 4241.14
4228.92 4246 4267.18 4279.79 4280.11 4277.61 4272.61 4265.64 4256.81 4246.88 4236.95 4232.34 4234.64 4238.73 4242.33 4240.61 4236.65 4233.45 4231.09 4233.62 4236.05 4237.04 4237.77 4237.99 4235.58 4233.67 4233.1 4232.47 4233.94 4244.5 4251.58 4255.67 4255.66 4250.41 4253.43 4255.56 4250.46 4253.57 4254.69 4255.39 4255.65 4254.38 4254.29 4254.98 4254.37 4252.48 4251.19 4250.39 4250 4249.66 4249.75 4250.27 4251.92 4256.74 4250.03 4251.06 4253.87 4254.81 4248.82 4242.77 4243.07 4241.51 4241.37 4244.86 4244.84 4243.6 4242.42
4210.02 4215.33 4229.79 4236.35 4248.28 4252.62 4252.27 4248.94 4243.37 4236.6 4230.66 4229.61 4233.29 4240.35 4248.2 4242.5 4237.41 4233.91 4231.93 4228.5 4229.22 4231 4233.24 4237.3 4236.29 4228.94 4232.59 4236.3 4244.24 4246.54 4251.56 4256.14 4258.41 4258.09 4259.38 4260.81 4253.29 4249.63 4249.72 4249.58 4246.96 4244.15 4249.85 4251.22 4250.11 4251.02 4250.76 4250.21 4249.63 4249.54 4249.08 4248.29 4246.88 4246.95 4257.14 4259.26 4258.55 4258.9 4255.49 4250.89 4245.23 4247.53 4253.16 4249.84 4246.92 4244.96 4243.53
