real_craters/C143-300m.grd
DSAA
303 303
-45.36 45.36
-45.36 45.36
3002.5550925856 4874.5101223575
[rows 120 to 149 of 303, columns 67 to 133 of 303]
4334.45 4337.21 4337.5 4336.82 4329.19 4322.21 4324.08 4316.67 4308.69 4318.6 4332.06 4351.77 4385.38 4434.48 4494.64 4557.4 4618.83 4672.96 4700.8 4713.56 4713.4 4702.09 4678.08 4647.2 4614.02 4582 4547.57 4509.78 4473.14 4438.5 4409.01 4387.99 4374.88 4360.88 4353.72 4348.94 4344.88 4342.42 4342.7 4344.73 4352.78 4362.62 4377.32 4394.74 4414.71 4434.66 4450.92 4468.28 4500.63 4544.62 4593.76 4639.79 4621.59 4513.7 4400.17 4292.94 4234.96 4217.98 4213.56 4216.32 4223.94 4235.83 4252.13 4270.83 4294.12 4317.66 4308.44
4344.49 4348.97 4350.8 4351.39 4348.71 4346.34 4334.02 4320.02 4310.64 4316.68 4330.97 4348.92 4378.16 4425.17 4482.91 4541.17 4595.57 4641.54 4665.91 4679.11 4681.23 4675.19 4660.82 4628.17 4597.47 4566.14 4531.97 4492.97 4453.44 4416.02 4386.52 4367.31 4354.44 4348.16 4346.59 4345.64 4345.79 4347.04 4350.69 4355.68 4363.86 4378.1 4392.86 4415.25 4437.9 4464.95 4494.32 4531.91 4560.83 4590 4617.84 4635.31 4589.47 4498.04 4393.64 4292.96 4235.79 4212.11 4200.69 4198.05 4201.08 4211.62 4227.86 4249.3 4278.58 4313.38 4305.01
4354.63 4362.63 4367.27 4370.24 4368.02 4363.18 4351.4 4338.87 4326.79 4329.91 4344.1 4355.15 4369.71 4420.23 4475.55 4527.33 4573.24 4603.58 4630.22 4643.33 4645.12 4639.24 4622.68 4592.09 4573.56 4549.41 4524.43 4479.4 4435.58 4397.72 4370.11 4354.84 4344.15 4339.79 4341.23 4343.19 4346.01 4351.22 4357.77 4367 4378.44 4395.15 4416.36 4434.49 4461.06 4494.16 4528.22 4576.4 4596.99 4610.11 4629.29 4639.29 4620.09 4499.07 4389.23 4293.57 4239.2 4207.94 4191.76 4183.48 4182.79 4183.03 4192.87 4206.89 4226.18 4243.72 4221.09
4367.09 4377.91 4387.18 4393.79 4392.4 4380.04 4380.71 4377.58 4364.76 4367.42 4378.18 4384.66 4390.1 4434.97 4478.31 4518 4555.39 4592.15 4600.44 4608.22 4608.63 4601.66 4581.77 4553.65 4536.89 4516.99 4487.95 4453.76 4416.65 4382.52 4358.29 4343.36 4335.12 4332.94 4336.84 4340.66 4346.35 4354.21 4363.12 4377.02 4396.28 4417.88 4434.43 4455.37 4480.73 4515.27 4540.75 4572.39 4593.52 4605.21 4614.73 4613.21 4589.71 4480.22 4377.45 4290.65 4239.92 4206.43 4184.16 4168.72 4157.48 4148.37 4146.82 4147.38 4149.12 4148.21 4123.86
4381.54 4396.28 4411.2 4424.97 4432.42 4430.83 4436.86 4437.03 4434.05 4431.71 4427.24 4432.36 4450.36 4468.32 4488.83 4510.2 4531.03 4547.24 4564.65 4572.43 4574.01 4570.61 4556.49 4539.07 4519.84 4490.19 4457.68 4427.79 4397.96 4370.58 4349.07 4334.27 4328.58 4329.32 4334.29 4339.48 4346.37 4357.03 4368.45 4383.56 4405.35 4430.54 4445.01 4468.17 4498.93 4529.21 4549.36 4556.26 4580.5 4587.69 4583.17 4561.45 4525.62 4438.43 4355.09 4285.25 4238.96 4204.35 4175.68 4150.54 4128.59 4109.81 4094.37 4078.05 4059.26 4038.92 4001.56
4396.2 4414.68 4433.62 4456.26 4481.02 4506.99 4514.77 4498.23 4486.73 4477.8 4467.95 4472.26 4487.03 4495.11 4496.76 4501.78 4511.17 4521.42 4530.58 4537.29 4542.25 4543.42 4541.2 4532.9 4510.65 4469.43 4431.78 4406.64 4381.71 4358.99 4340.7 4325.93 4324.03 4329.12 4335.83 4342.6 4351.49 4360.86 4371.58 4383.95 4400.52 4419.51 4444.7 4476.33 4523.2 4558.87 4578.04 4582.58 4585.05 4572.33 4545.6 4506.98 4453.28 4384.27 4326.98 4278.84 4239.17 4202.71 4166.49 4132.3 4107.38 4073.67 4039.92 4004.96 3965.63 3924.46 3880.14
4408.35 4429.43 4451.41 4479.85 4514.63 4558.2 4569.72 4535.36 4510.13 4493.73 4489.27 4493.36 4506.35 4506.55 4494.18 4487.17 4487.03 4492.8 4497.49 4504.16 4510.06 4516.58 4519.77 4508.4 4484.71 4444.67 4412.39 4391.01 4371.6 4348.36 4339.05 4326.82 4326.35 4331.96 4337.35 4345.47 4354.36 4363.71 4374.57 4384.5 4395.56 4402.47 4444.21 4484.57 4543.49 4586.24 4624.03 4636.78 4601.48 4560.98 4510.42 4451.81 4383.27 4324.27 4303.45 4280.42 4245.07 4207.06 4165.7 4122.75 4080.33 4031.85 3984.44 3931.13 3871.35 3809.15 3742.99
4412.24 4434.68 4458.84 4488.06 4519.4 4550.24 4559.04 4539.71 4517.52 4501.44 4496.14 4495.72 4496.82 4491.43 4479.44 4465.9 4449.16 4452.69 4464.07 4470.54 4475.64 4481.63 4487.1 4476.1 4452.12 4414.74 4390.83 4380.54 4369.9 4361.15 4348.66 4342.24 4334.29 4335.33 4340.91 4349.48 4358.96 4370.4 4380.51 4391.47 4404.62 4424.78 4457.67 4498.73 4542.1 4604.63 4641.51 4648.14 4604.66 4549.9 4486.04 4412.85 4329.79 4288.67 4298.71 4290.43 4255.24 4213.24 4165.05 4111.34 4055.38 3998.65 3934.57 3864.47 3787.41 3703.83 3615.74
4409.88 4432.08 4455.94 4481.1 4505.91 4524.78 4531.55 4524.22 4512.55 4502.67 4494.83 4487.5 4479.82 4470.08 4461.44 4449.22 4436.43 4434.42 4438.2 4440.08 4440.79 4440.27 4435.35 4428.23 4413.21 4391.24 4379.39 4375.97 4370.1 4360.11 4349.6 4341.71 4338.21 4339.88 4345.39 4354.67 4365.68 4378.19 4389.9 4403.75 4419.4 4439.21 4474.23 4517.93 4561.23 4616.38 4628.93 4624.97 4597.95 4543.03 4475.29 4398.49 4324.44 4290.58 4314.83 4306.77 4267.34 4218.56 4161.83 4099.18 4032.8 3962.89 3889.31 3807.7 3718.35 3621.15 3519.27
4406.92 4427.19 4448.02 4468.8 4485.35 4496.69 4497.06 4502.46 4500.11 4495.22 4484.23 4473.32 4462.82 4454.29 4444.45 4437.13 4429.44 4422.95 4418.57 4414.31 4409.42 4402.34 4393.06 4393.71 4387.69 4376.24 4373.6 4376.18 4378.55 4367.83 4347.46 4336.92 4338.55 4343.98 4352.53 4362.72 4374.22 4387.09 4401.69 4418.7 4437.79 4460.18 4496.18 4542.18 4602.69 4640.97 4652.73 4641.11 4605.98 4547.39 4478.09 4405.05 4337.75 4312.82 4334.02 4322.49 4279.13 4221.52 4155.16 4085.8 4010.45 3931.9 3852.71 3764.71 3671 3574.15 3478.87
4394.85 4413.06 4431.32 4452.22 4465.33 4474.91 4482.66 4484.29 4480.68 4473.62 4465.89 4454.53 4442.19 4428.76 4426.62 4424.43 4423.08 4410.05 4399.65 4390.91 4382.99 4374.84 4370.26 4378.16 4381.9 4376.9 4372.48 4372.72 4378.36 4365.97 4346.14 4337.42 4339.88 4349.31 4361.01 4371.95 4384.96 4398.88 4416.66 4436.95 4460.35 4489.55 4526.34 4570.44 4629.69 4677.02 4712.83 4682.5 4624.87 4559.33 4489.64 4421.27 4362.93 4340.71 4363.71 4345.25 4294.72 4227.87 4153.65 4074.74 3994.9 3910.51 3822.79 3735.28 3643.04 3553.67 3473.31
4384.91 4400.42 4415.67 4429.88 4441.62 4453.58 4465.61 4461.75 4456.14 4452.85 4444.94 4431.82 4422.05 4415.32 4410.17 4405.7 4402.69 4390.6 4379.83 4369.44 4360.01 4353.19 4352.94 4362.96 4369.16 4371.37 4365.27 4360.24 4355.01 4347.33 4332.04 4333.16 4342.51 4356.02 4369.64 4384.31 4399.88 4415.45 4433.81 4453.77 4481.2 4522.85 4565.61 4590.77 4636.42 4697.74 4735.19 4699.37 4636.32 4568.27 4502.73 4442.84 4397.13 4372.14 4420.59 4375.82 4306.43 4227.6 4147.47 4062.03 3975.1 3885.93 3796.13 3707.8 3620.87 3540.39 3474.11
4374.14 4388.9 4400.76 4411.18 4419.06 4425.62 4428.13 4426.46 4422.7 4417.05 4409.54 4402.41 4397.81 4396.1 4389.65 4381.45 4372.51 4367.84 4359.39 4349.77 4340.58 4332.99 4331.21 4337.29 4346.66 4354.67 4351.77 4346.06 4340.26 4337.79 4328.14 4336.34 4350.07 4364.84 4380.12 4395.7 4413.7 4432.2 4450.85 4472.94 4494.48 4518.83 4541.79 4590.13 4639.92 4694.17 4721.85 4689.16 4632.83 4568.95 4506.97 4456.37 4426.22 4430.86 4459.02 4390.27 4307.21 4220.91 4134.62 4045.61 3956.12 3865.05 3775.43 3687.41 3601.29 3523.92 3459.88
4362.91 4373.44 4384.86 4391.62 4395.56 4397.28 4394.76 4391.78 4387.94 4378.2 4370.03 4370.7 4368.96 4366.35 4363.19 4360.48 4355.3 4347.87 4340.39 4332.73 4325.6 4319.41 4316.49 4319.76 4326.06 4336.15 4337.99 4334.8 4334.22 4342.82 4349.51 4353.77 4362.85 4376.75 4392.25 4410.65 4428.87 4449.89 4469.25 4490.7 4507.21 4521.11 4537.87 4586.56 4634.85 4678.41 4692.98 4664.58 4614.37 4553.86 4499.79 4451.74 4426.45 4428.9 4428.7 4360.64 4282.97 4200.23 4115.65 4026.67 3939.04 3847.17 3756.1 3667.53 3581.54 3501.19 3427.85
4351.65 4359.68 4369.35 4372.98 4374.38 4372.25 4368.9 4364.74 4359.64 4352.8 4348.67 4345.11 4340.68 4335.75 4332.56 4335.97 4335.35 4328.01 4322.73 4317.92 4313.54 4311.04 4310.38 4314.02 4323.45 4328.8 4329.45 4328.12 4331.89 4345.43 4363.75 4367.31 4375.22 4389.29 4410.03 4429.44 4448.22 4469.74 4492.87 4510.45 4524.5 4537.23 4557.68 4588.8 4630.84 4669.41 4670.89 4633.51 4582.95 4525.7 4469.87 4426.77 4390.17 4366.27 4337.61 4296.63 4240.41 4167.05 4088.04 4002.65 3908.77 3821 3731.18 3644.73 3559.07 3477.1 3397.03
4342.62 4348.33 4351.14 4353.37 4353.39 4349.97 4345.32 4340.6 4336.23 4332.16 4328.73 4323.3 4316.56 4306.42 4298.87 4298.61 4303.72 4306.92 4306.56 4304.77 4302.09 4301.08 4302.2 4307.87 4317.36 4322.79 4323.79 4325.92 4331.74 4337.81 4349.84 4370.01 4385.89 4404.31 4425.91 4445.86 4469.13 4495.83 4517.4 4536.86 4550.66 4559.54 4559.12 4592.43 4626.65 4660.64 4652.26 4598.42 4543.69 4486.07 4430.51 4386.16 4341.95 4306.74 4278.81 4248.93 4201.4 4134.78 4057.05 3971.9 3884.25 3799.16 3710.31 3623.94 3538.05 3457.4 3378.81
4330.91 4335.32 4337.48 4338.5 4337.44 4331.66 4324.29 4317.19 4316.33 4316.01 4311.69 4309.72 4300.91 4288.18 4278.05 4279.3 4285.33 4291.02 4293.21 4293.48 4292.25 4289.64 4289.65 4293.35 4296.92 4306.53 4319.58 4330.01 4337.16 4340.58 4352.21 4375.06 4394.5 4417.12 4440.18 4461.8 4493.06 4517.99 4543.26 4565.5 4585.89 4599.19 4598.63 4613.05 4619.22 4618.05 4593.29 4543.81 4492.49 4440.55 4389.67 4339.96 4295.08 4255.31 4269.03 4227.47 4173.18 4105.33 4027.82 3945.09 3856.63 3770.92 3687.08 3600.6 3519.84 3443.11 3370.51
4317.68 4325.52 4325.69 4326.41 4324.68 4319.62 4310.82 4297.25 4305.56 4311.43 4316.47 4307.92 4293.33 4280.92 4272.13 4273.21 4277.84 4282.24 4284.53 4285.61 4285.82 4286.24 4287.36 4287.73 4288.86 4299.94 4319.8 4338.07 4347.1 4350.49 4363.56 4384.18 4402.96 4425.89 4449.19 4479.59 4506.67 4535.25 4564.76 4593.05 4625.71 4653.72 4668.66 4659.4 4613.8 4559.35 4521.22 4482.31 4440.14 4395.56 4350.09 4302.44 4259.95 4234.07 4243.69 4205.77 4147.11 4073.35 3991.58 3911.32 3829.73 3746.76 3664.77 3585.78 3508.42 3435.51 3368.02
4310.04 4315.23 4316.32 4317.4 4316.68 4314.88 4311.89 4310.05 4308.65 4306.56 4305.68 4296.8 4287.49 4279.55 4273.77 4274.4 4277.35 4278.89 4279.19 4279.44 4281.03 4284.83 4287.66 4288.31 4289.53 4300.21 4323.68 4346.18 4355.99 4360.78 4373.86 4392.02 4410.4 4435.48 4458.5 4484.74 4512.16 4542.9 4576.33 4611.52 4652.89 4696.94 4745.93 4713.7 4604.96 4513.94 4460.11 4422.5 4387.93 4349.86 4313.58 4271.13 4234.58 4219.82 4233.69 4202.03 4121.16 4037.35 3956.8 3876.09 3799.11 3721.16 3645.93 3570.68 3497.72 3429.12 3367.17
4304.08 4308.56 4310.21 4311.95 4312.14 4311.9 4312.9 4317.01 4308.8 4298.78 4288.28 4283.83 4283.68 4282.41 4280.61 4282.8 4281.57 4279.12 4276.71 4274.99 4275.18 4280.01 4286.97 4292.28 4297.76 4307.19 4331.15 4353.36 4362.58 4364.58 4377.59 4398.01 4418.14 4438.91 4461.92 4487.26 4515.74 4546.24 4577.22 4614.36 4654.85 4697.55 4732.23 4689.77 4563.24 4457.57 4398.28 4365.8 4338.65 4310.43 4282.84 4247.2 4211.86 4191.1 4236.21 4165.98 4080.11 3995.86 3915.71 3837.56 3765.78 3694.52 3621.49 3553 3485.22 3421.21 3364.45
4296.4 4301.58 4303.51 4305.81 4306.98 4307.5 4308.2 4304.79 4298.72 4291.79 4285.47 4283.06 4283.36 4287.69 4294.07 4293.78 4287.07 4280.37 4274.55 4270.03 4266.96 4270.74 4285 4301.66 4316.6 4325.86 4343.89 4361.06 4369.27 4370.71 4383.99 4401.16 4419.67 4441.32 4464.65 4488.33 4515.32 4542.36 4573.17 4604.94 4633.94 4662.28 4670.4 4614.81 4485.88 4373.57 4326.77 4306.64 4295.03 4278.92 4263.72 4241.3 4206.1 4173.94 4174.4 4102.39 4024.02 3947.29 3872.24 3799.15 3730.77 3663.78 3596.17 3532.83 3470.57 3414.16 3361.63
4291.62 4295.99 4298.91 4299.42 4301.74 4302.85 4303.11 4298.47 4292.1 4286.3 4279.75 4276.71 4281.56 4290.51 4299.11 4300.4 4290.25 4280.53 4272.48 4266.61 4262.4 4265.18 4279.64 4304.07 4323.48 4335.23 4352.62 4365.36 4375.2 4384.08 4390.24 4401.92 4417.63 4436.64 4457.46 4479.84 4503.86 4528.27 4553.2 4576.69 4594.57 4606.85 4599.62 4541.64 4396.76 4284.46 4258.57 4253.68 4256.78 4261.54 4262.03 4250.73 4225.67 4181.36 4122.97 4039.04 3962.92 3895.63 3827.86 3762.36 3696.94 3635.66 3573.43 3516.05 3459.09 3407.53 3359.34
4284.21 4289.01 4293.31 4296.85 4299.46 4300.63 4300.98 4296.98 4290.5 4284.23 4275.99 4271.89 4278.38 4289.29 4302.74 4300.52 4286.82 4276.88 4269.42 4264.36 4262.25 4265.69 4276.66 4292.25 4305.47 4323.22 4348.74 4362.02 4372.53 4379.8 4387.39 4398.93 4412.88 4429.67 4447.33 4464.93 4484.82 4503.72 4521.05 4534.33 4542.29 4539.52 4518.78 4460.06 4313.01 4218.3 4204.94 4219.47 4238.17 4255.11 4271.52 4267.75 4249.36 4183.66 4086.94 3984.47 3903.35 3840.06 3779.41 3718.37 3658.73 3603.1 3550.19 3495.57 3447.17 3398.55 3355.44
4279.49 4284.5 4288.98 4292.88 4296.47 4299.38 4301.58 4299.78 4294.41 4286.38 4276.29 4270.63 4272.98 4281.17 4289.92 4283.04 4276.46 4270.36 4265.68 4262.32 4261.36 4266.15 4275.33 4284.82 4295 4313.42 4343.25 4352.72 4359.78 4366.53 4375.31 4390.08 4403.81 4417.55 4433.01 4449.39 4463.62 4476.72 4486.23 4490.76 4486.28 4470.39 4431.53 4359.87 4232.67 4164.34 4170.01 4199.88 4231.19 4259.49 4284.68 4286.52 4265.69 4174.06 4038.69 3919.31 3848.23 3788.08 3731.03 3674.02 3623.72 3574.5 3524.58 3476.29 3433.1 3390.49 3351.73
4278.58 4283.28 4287.98 4289.61 4294.58 4298.7 4303.77 4305.74 4301.72 4293.02 4277.55 4264.28 4265.74 4272.12 4269.04 4266.74 4264.94 4263.06 4261.4 4260.73 4261.76 4267.59 4277.39 4288.81 4297.37 4310.26 4332.25 4338.77 4339.56 4341.81 4358.92 4377.89 4391.95 4405.05 4420.39 4432.95 4442.79 4450.65 4454.26 4449.13 4433.99 4403.87 4355.64 4277.26 4175.1 4132.75 4152.96 4193.2 4233.62 4269.97 4295.81 4304.1 4271.95 4161.11 4008.21 3878.85 3807.69 3743.64 3686.77 3633.26 3587.36 3540.46 3499.27 3458.29 3417.83 3380.69 3347.4
4272.85 4278.21 4283.53 4287.48 4293.07 4298.55 4305.97 4312.95 4319.36 4301.97 4279.07 4262.29 4262.44 4270.62 4276.48 4260.32 4256.42 4256.92 4258.04 4260.21 4262.48 4265.67 4278.2 4293.95 4302.29 4310.16 4320.93 4328.8 4332.16 4334.85 4352.26 4370.4 4384.67 4399.85 4411.07 4421.37 4427.83 4431.86 4429.98 4418.76 4396.31 4358.46 4307.29 4240.56 4150.19 4123.44 4148.74 4189.72 4239.54 4280.78 4311.6 4321.85 4283.64 4156.77 3992.27 3850.38 3772.74 3704.69 3645.77 3593.49 3549.83 3507.19 3473.58 3440.04 3404.31 3371.9 3342.98
4266.45 4271.25 4276.61 4282.5 4288.62 4295.18 4301.77 4308.54 4315.67 4297.29 4276.05 4261.21 4260.98 4270.56 4274.1 4257.66 4250.46 4252.03 4255.72 4260.59 4265.04 4264.58 4276.97 4293.86 4304.6 4316.61 4322.09 4327.88 4332.9 4335.8 4349.61 4365 4378.6 4390.47 4399.57 4407.64 4411.17 4421.04 4415.57 4401.5 4372.94 4335.31 4282.24 4217.92 4140.25 4126.6 4154.23 4194.99 4249.52 4292.47 4324.83 4338.81 4309.35 4154.79 3977.62 3823.05 3734.59 3664.85 3606.43 3561.27 3519.11 3487.03 3457.17 3423.37 3391.86 3364.07 3340.18
4264.72 4268.8 4273.64 4278.35 4282.76 4287.22 4291.58 4293.07 4287.99 4279.45 4267.21 4257.75 4259.89 4271.11 4271.71 4251.42 4245.28 4248.7 4254.32 4260.43 4267.1 4274.09 4279.15 4286.99 4300.97 4314.28 4324.52 4328.65 4334.32 4337.83 4351.06 4364.69 4377.29 4389.64 4399.13 4406.74 4410.95 4410.97 4405.11 4400.26 4371.47 4333.41 4276.95 4209.74 4147.07 4141.18 4165.55 4204.96 4246.37 4290.45 4320.12 4332.03 4297.66 4133.34 3953.17 3790.05 3692.12 3626.18 3574.83 3534.45 3499.1 3465.55 3437.52 3407.78 3381.33 3358.97 3335.8
4260.48 4264.3 4268.38 4271.53 4275.06 4277.58 4278.48 4277.97 4274.37 4267.11 4258.11 4254.06 4259.21 4271.7 4273.37 4252.61 4244.2 4247.64 4254.54 4262.56 4271.11 4279.67 4281.71 4288.08 4297.74 4306.66 4316.01 4323.09 4329.64 4335.44 4348.16 4359.87 4377.83 4391.09 4402.74 4411.78 4418.08 4420.15 4416.13 4399.34 4388.18 4353.82 4299.54 4232.22 4174.17 4163.02 4177.6 4208.91 4245.11 4281.1 4301.3 4292.88 4223.29 4089.87 3921.49 3761.4 3656.5 3593.19 3545.79 3509.57 3477.97 3450.39 3422.21 3395.96 3375.07 3352.22 3331.87
4255.8 4259.75 4263.3 4266.55 4268.36 4269.95 4268.12 4265.7 4260.37 4253.54 4248.48 4246.09 4250.55 4266.57 4269.4 4253.88 4245 4247.73 4255.42 4265.61 4273.79 4278.5 4282.32 4287.46 4297.2 4305.13 4310.43 4315.18 4320.47 4331.67 4347.63 4361.15 4375.84 4389.28 4410 4422.27 4430.97 4436.55 4432.87 4427.86 4414.4 4395.15 4351.06 4283.71 4202.31 4179.98 4184.18 4205.1 4233.02 4260.82 4278.05 4268.26 4191.61 4052.79 3891.36 3735.61 3625.43 3567.4 3525.42 3490.15 3463.06 3442.45 3416.84 3415.56 3389.75 3365.01 3342.39
