real_craters/C143-750m.grd
DSAA
122 122
-45.36 45.36
-45.36 45.36
3012.3819488017 4859.2810152288
[rows 38 to 75 of 122, columns 0 to 83 of 122]
4151 4162 4169 4167 4166 4169 4170 4171 4173 4184 4199 4199 4199 4194 4200 4200 4199 4169 4161 4176 4199 4213 4227 4229 4247 4258 4250 4212 4069 3849 3714 3661 3642 3647 3680 3613 3627 3711 3727 3879 4252 4569 4551 4486 4424 4367 4341 4340 4331 4324 4318 4309 4311 4317 4313 4334 4342 4360 4360 4353 4362 4369 4378 4358 4348 4323 4310 4322 4346 4322 4302 4299 4304 4298 4293 4288 4286 4281 4284 4286 4291 4301 4296 4315
4167 4170 4173 4171 4164 4170 4174 4175 4179 4183 4191 4193 4189 4196 4211 4236 4052 4075 4135 4166 4189 4215 4232 4226 4241 4243 4222 4159 3977 3737 3661 3625 3603 3599 3582 3501 3558 3666 3675 3925 4312 4595 4506 4452 4398 4345 4294 4285 4311 4308 4305 4315 4314 4352 4372 4367 4369 4374 4376 4380 4381 4385 4370 4366 4338 4342 4344 4342 4343 4337 4326 4309 4301 4300 4290 4280 4276 4278 4280 4286 4294 4304 4315 4309
4180 4176 4171 4159 4173 4182 4179 4178 4183 4178 4177 4180 4202 4188 4195 4219 4228 4146 4151 4170 4189 4224 4247 4257 4252 4244 4206 4107 3907 3653 3591 3570 3548 3534 3505 3450 3494 3582 3674 3995 4401 4600 4476 4426 4380 4329 4285 4292 4303 4304 4298 4342 4402 4389 4384 4379 4382 4382 4394 4409 4411 4413 4420 4420 4405 4373 4346 4362 4368 4363 4359 4347 4329 4303 4283 4278 4277 4282 4287 4294 4302 4314 4359 4324
4173 4178 4174 4179 4173 4184 4182 4177 4176 4172 4160 4166 4180 4192 4191 4202 4209 4191 4176 4179 4193 4229 4236 4243 4257 4257 4229 4141 3951 3645 3540 3515 3497 3488 3462 3411 3447 3554 3734 4056 4413 4584 4498 4416 4365 4322 4291 4294 4308 4317 4341 4370 4410 4408 4379 4386 4415 4417 4412 4427 4441 4429 4419 4437 4423 4410 4406 4408 4415 4409 4384 4359 4346 4311 4278 4275 4281 4289 4295 4302 4308 4316 4344 4339
4174 4165 4169 4172 4173 4177 4177 4174 4164 4164 4169 4174 4163 4165 4192 4190 4178 4194 4188 4188 4202 4226 4222 4236 4263 4280 4270 4222 4073 3738 3547 3481 3485 3488 3444 3395 3450 3567 3830 4155 4483 4570 4462 4386 4355 4328 4309 4313 4333 4345 4364 4398 4418 4425 4423 4432 4465 4516 4452 4452 4432 4450 4444 4482 4477 4452 4444 4460 4479 4458 4438 4402 4373 4331 4291 4281 4293 4299 4303 4308 4315 4324 4333 4307
4171 4171 4167 4164 4164 4169 4173 4173 4174 4179 4180 4180 4182 4194 4199 4205 4208 4202 4200 4204 4208 4211 4212 4235 4269 4300 4320 4313 4211 3920 3665 3533 3582 3601 3566 3527 3601 3762 4014 4339 4597 4567 4433 4369 4354 4344 4333 4347 4368 4387 4402 4440 4458 4461 4460 4468 4419 4464 4542 4491 4546 4516 4518 4554 4536 4515 4492 4496 4490 4456 4472 4439 4406 4371 4331 4311 4312 4315 4317 4318 4322 4326 4305 4287
4165 4164 4163 4163 4168 4175 4175 4173 4173 4173 4172 4178 4185 4180 4200 4202 4194 4195 4200 4206 4213 4219 4213 4239 4276 4317 4353 4393 4423 4174 3928 3809 3829 3846 3836 3851 3914 4070 4256 4509 4560 4489 4409 4364 4358 4365 4395 4413 4413 4456 4470 4475 4512 4485 4342 4233 4286 4268 4343 4390 4366 4241 4299 4411 4555 4696 4634 4546 4456 4490 4482 4500 4483 4426 4379 4345 4335 4329 4328 4329 4329 4330 4336 4309
4160 4158 4161 4163 4173 4181 4170 4172 4174 4174 4173 4187 4191 4198 4197 4205 4183 4186 4195 4203 4212 4223 4242 4254 4280 4319 4356 4395 4404 4345 4288 4174 4169 4174 4183 4217 4293 4427 4541 4551 4474 4417 4381 4361 4356 4369 4387 4384 4429 4521 4517 4446 4384 4298 4260 4189 4251 4340 4370 4272 4100 3907 3921 4029 4254 4505 4553 4601 4642 4583 4550 4534 4523 4464 4393 4366 4356 4347 4338 4332 4325 4318 4311 4307
4160 4162 4164 4168 4177 4182 4173 4172 4174 4177 4179 4184 4185 4187 4209 4185 4183 4189 4196 4203 4211 4218 4219 4247 4272 4305 4338 4350 4326 4320 4341 4466 4435 4477 4588 4604 4662 4752 4718 4529 4419 4378 4347 4330 4346 4368 4379 4430 4467 4440 4416 4374 4316 4270 4277 4301 4234 4189 4242 4113 3962 3797 3775 3749 3853 4043 4223 4452 4640 4640 4615 4512 4539 4476 4424 4393 4388 4375 4359 4342 4326 4316 4305 4294
4161 4164 4169 4176 4182 4173 4165 4174 4176 4178 4175 4175 4179 4182 4189 4184 4184 4192 4196 4204 4210 4213 4225 4246 4269 4300 4319 4335 4330 4337 4383 4369 4445 4601 4763 4781 4776 4722 4589 4466 4398 4358 4332 4323 4354 4382 4424 4477 4475 4317 4288 4295 4294 4260 4268 4253 4112 3932 3855 3877 3872 3945 3782 3655 3636 3738 3903 4111 4380 4734 4737 4563 4511 4509 4455 4436 4416 4391 4368 4344 4322 4303 4297 4286
4166 4170 4174 4178 4179 4174 4179 4177 4178 4173 4171 4173 4176 4177 4185 4190 4186 4189 4197 4204 4210 4209 4223 4248 4278 4303 4325 4334 4335 4322 4311 4339 4429 4584 4704 4717 4654 4577 4483 4404 4366 4348 4341 4354 4387 4434 4480 4601 4541 4269 4216 4231 4269 4316 4209 4057 3931 3839 3783 3747 3699 3667 3689 3666 3679 3572 3705 3840 4080 4346 4511 4723 4734 4642 4501 4478 4437 4410 4379 4350 4320 4299 4292 4290
4175 4174 4175 4179 4180 4167 4173 4176 4177 4179 4166 4172 4176 4175 4204 4178 4190 4193 4197 4204 4210 4212 4227 4252 4281 4309 4337 4362 4377 4362 4335 4356 4415 4541 4618 4633 4584 4531 4436 4361 4338 4344 4359 4388 4438 4510 4596 4627 4521 4272 4195 4176 4189 4215 4053 3851 3747 3751 3713 3657 3624 3598 3589 3597 3632 3646 3648 3721 3867 4040 4254 4413 4677 4741 4554 4495 4455 4428 4403 4363 4324 4290 4291 4294
4167 4169 4173 4176 4177 4165 4162 4167 4171 4166 4163 4169 4172 4175 4186 4189 4187 4190 4196 4203 4210 4216 4233 4257 4290 4324 4358 4401 4448 4497 4479 4461 4490 4508 4536 4549 4540 4459 4389 4336 4328 4345 4370 4409 4469 4560 4582 4545 4411 4267 4176 4098 4024 3938 3791 3661 3585 3575 3613 3640 3632 3549 3505 3472 3446 3568 3573 3612 3748 3923 4129 4267 4481 4731 4685 4528 4503 4469 4426 4378 4335 4300 4293 4286
4153 4161 4169 4174 4177 4176 4172 4170 4169 4168 4166 4168 4169 4173 4181 4178 4178 4190 4191 4195 4202 4206 4227 4251 4287 4326 4369 4421 4483 4551 4519 4495 4486 4455 4455 4468 4462 4398 4371 4350 4336 4354 4381 4414 4496 4618 4611 4459 4287 4286 4177 4034 3864 3651 3509 3470 3429 3447 3602 3698 3595 3528 3442 3373 3331 3389 3459 3506 3661 3812 4028 4191 4411 4752 4851 4693 4626 4562 4484 4418 4362 4323 4306 4295
4152 4159 4166 4171 4173 4171 4168 4167 4170 4172 4173 4172 4176 4176 4179 4167 4176 4180 4185 4189 4192 4198 4218 4246 4279 4318 4359 4403 4454 4483 4486 4466 4434 4427 4405 4385 4378 4375 4380 4342 4348 4374 4410 4464 4556 4681 4632 4464 4334 4327 4170 3973 3758 3532 3391 3344 3307 3319 3377 3408 3398 3404 3362 3313 3305 3376 3484 3543 3612 3724 3801 4034 4303 4527 4734 4812 4749 4641 4545 4456 4378 4331 4305 4288
4159 4160 4163 4167 4170 4166 4161 4163 4166 4170 4173 4173 4175 4179 4185 4180 4191 4193 4188 4186 4183 4180 4208 4239 4271 4305 4341 4376 4404 4418 4413 4396 4388 4372 4355 4333 4332 4349 4338 4332 4366 4404 4454 4505 4579 4702 4638 4491 4432 4361 4150 3927 3701 3498 3361 3292 3274 3270 3263 3275 3286 3282 3253 3248 3245 3335 3508 3563 3537 3570 3742 3871 4090 4371 4528 4711 4750 4691 4588 4482 4381 4324 4301 4290
4161 4161 4164 4167 4166 4163 4162 4162 4168 4171 4158 4175 4170 4174 4186 4194 4198 4189 4187 4185 4183 4181 4207 4236 4267 4298 4328 4348 4357 4353 4342 4333 4314 4306 4310 4304 4309 4325 4330 4360 4399 4450 4509 4548 4584 4673 4563 4424 4326 4245 4079 3867 3647 3439 3281 3259 3270 3266 3267 3269 3264 3237 3223 3212 3196 3298 3516 3494 3444 3415 3515 3747 3948 4229 4436 4650 4761 4739 4636 4511 4393 4331 4301 4285
4159 4161 4164 4168 4172 4178 4174 4178 4185 4185 4198 4183 4180 4179 4189 4188 4194 4185 4184 4188 4188 4195 4213 4235 4259 4284 4302 4319 4324 4315 4305 4318 4282 4274 4283 4285 4288 4307 4349 4373 4425 4489 4563 4644 4684 4526 4437 4326 4234 4186 3997 3795 3598 3414 3282 3252 3269 3268 3267 3267 3256 3245 3232 3214 3205 3229 3323 3364 3391 3376 3450 3682 3853 4040 4388 4692 4859 4768 4644 4515 4401 4340 4306 4286
4157 4162 4165 4169 4169 4158 4172 4163 4168 4175 4168 4170 4174 4172 4170 4195 4191 4189 4190 4194 4201 4203 4217 4231 4251 4270 4288 4299 4307 4309 4302 4285 4286 4290 4275 4269 4297 4325 4367 4388 4437 4498 4568 4652 4651 4376 4304 4258 4179 4094 3901 3721 3552 3401 3288 3255 3270 3277 3276 3274 3277 3255 3213 3208 3202 3194 3205 3253 3330 3355 3429 3639 3762 3920 4355 4621 4767 4731 4630 4505 4393 4340 4310 4299
4161 4163 4167 4172 4178 4193 4172 4171 4168 4171 4171 4172 4171 4168 4161 4175 4184 4185 4183 4194 4212 4218 4220 4230 4245 4258 4272 4285 4296 4301 4292 4274 4286 4292 4269 4263 4287 4330 4368 4389 4424 4466 4509 4526 4449 4195 4232 4274 4202 3940 3772 3629 3498 3382 3296 3267 3277 3290 3307 3325 3367 3291 3216 3193 3174 3147 3157 3209 3288 3295 3418 3620 3762 3823 4216 4477 4646 4648 4582 4489 4394 4349 4325 4313
4164 4165 4167 4171 4177 4184 4179 4176 4175 4172 4175 4176 4171 4173 4184 4172 4187 4182 4177 4184 4191 4201 4211 4223 4238 4251 4263 4275 4288 4301 4317 4271 4270 4259 4259 4263 4291 4313 4333 4361 4396 4421 4429 4390 4261 4129 4228 4315 4186 3833 3666 3550 3452 3364 3305 3279 3290 3315 3342 3416 3392 3327 3239 3187 3143 3104 3121 3171 3218 3332 3428 3550 3801 3894 4094 4338 4522 4558 4531 4479 4419 4372 4350 4325
4164 4167 4168 4171 4172 4175 4181 4173 4164 4167 4171 4170 4170 4170 4179 4179 4178 4178 4182 4173 4165 4181 4201 4216 4229 4242 4253 4266 4276 4286 4285 4261 4270 4247 4253 4272 4287 4314 4334 4355 4386 4409 4407 4363 4225 4151 4240 4322 4158 3747 3576 3483 3412 3362 3308 3287 3308 3330 3328 3348 3415 3367 3281 3219 3149 3082 3103 3154 3222 3424 3449 3515 3763 3987 4062 4224 4381 4464 4483 4465 4434 4388 4363 4327
4164 4165 4164 4166 4168 4170 4180 4174 4161 4166 4170 4169 4171 4175 4191 4195 4168 4171 4178 4173 4165 4178 4199 4214 4225 4238 4247 4255 4264 4265 4253 4243 4262 4250 4254 4275 4293 4305 4316 4352 4396 4431 4463 4448 4357 4184 4222 4261 4060 3682 3523 3449 3398 3359 3311 3288 3292 3292 3280 3260 3347 3378 3359 3313 3182 3067 3084 3134 3260 3352 3411 3469 3754 4053 4028 4135 4296 4409 4453 4458 4435 4388 4352 4326
4163 4162 4163 4165 4166 4169 4173 4173 4170 4172 4176 4186 4175 4173 4182 4180 4172 4177 4187 4190 4190 4192 4203 4214 4226 4236 4246 4252 4255 4255 4252 4252 4272 4219 4253 4278 4303 4312 4319 4365 4424 4480 4545 4577 4530 4223 4190 4152 3961 3672 3523 3456 3421 3364 3317 3294 3298 3276 3253 3212 3226 3332 3410 3358 3193 3053 3019 3065 3207 3264 3411 3594 3752 4095 3959 4070 4264 4397 4452 4466 4449 4404 4331 4322
4156 4159 4161 4163 4166 4168 4174 4175 4180 4178 4178 4180 4177 4171 4171 4174 4177 4186 4186 4197 4207 4207 4209 4214 4221 4230 4240 4248 4250 4249 4246 4242 4230 4219 4261 4302 4309 4311 4325 4388 4460 4540 4613 4665 4622 4298 4198 4092 3908 3699 3564 3480 3431 3373 3327 3294 3298 3249 3258 3279 3271 3328 3345 3296 3159 3041 3012 3094 3164 3228 3425 3636 3765 3995 3917 4029 4259 4429 4471 4451 4431 4389 4339 4327
4151 4157 4161 4164 4168 4173 4179 4181 4189 4178 4175 4171 4173 4183 4185 4191 4176 4178 4178 4192 4216 4212 4215 4221 4230 4238 4242 4244 4248 4249 4247 4249 4224 4248 4282 4296 4313 4312 4324 4380 4455 4536 4615 4680 4645 4429 4277 4094 3899 3705 3594 3506 3439 3385 3340 3315 3306 3291 3275 3267 3300 3295 3260 3190 3114 3032 3030 3159 3162 3261 3474 3671 3734 3859 3846 3985 4302 4521 4507 4444 4417 4388 4356 4334
4151 4157 4161 4165 4168 4172 4178 4184 4175 4176 4173 4169 4173 4178 4188 4180 4211 4217 4189 4179 4190 4210 4218 4225 4230 4235 4239 4246 4253 4256 4263 4277 4278 4272 4298 4302 4302 4299 4303 4360 4433 4512 4601 4670 4682 4578 4386 4202 3927 3672 3528 3489 3444 3397 3353 3319 3309 3310 3293 3298 3285 3261 3220 3177 3107 3044 3038 3163 3184 3315 3534 3744 3650 3684 3703 3940 4327 4587 4522 4414 4402 4382 4356 4337
4158 4160 4162 4165 4168 4170 4171 4172 4177 4179 4177 4175 4180 4191 4190 4200 4206 4193 4187 4188 4198 4213 4223 4229 4232 4238 4242 4245 4251 4255 4264 4272 4275 4282 4294 4290 4284 4278 4286 4354 4418 4488 4564 4624 4646 4576 4417 4224 3968 3705 3516 3494 3461 3417 3372 3338 3328 3317 3303 3309 3285 3277 3197 3169 3131 3081 3146 3205 3246 3395 3574 3690 3606 3590 3700 4014 4339 4523 4506 4423 4405 4382 4357 4340
4163 4163 4165 4168 4170 4173 4174 4170 4178 4181 4180 4182 4185 4182 4188 4178 4172 4178 4185 4205 4217 4223 4227 4233 4240 4245 4249 4252 4255 4258 4261 4255 4262 4276 4272 4281 4282 4243 4305 4363 4416 4468 4521 4556 4559 4506 4419 4253 4032 3787 3611 3545 3492 3441 3393 3351 3333 3321 3306 3311 3265 3220 3169 3170 3185 3213 3258 3352 3364 3488 3615 3718 3690 3672 3811 4150 4394 4525 4480 4408 4412 4388 4362 4342
4162 4165 4167 4169 4172 4173 4172 4175 4176 4177 4180 4183 4185 4188 4187 4179 4174 4177 4191 4210 4219 4228 4233 4237 4242 4247 4251 4256 4258 4263 4266 4260 4268 4271 4262 4257 4276 4254 4288 4348 4393 4435 4476 4504 4516 4488 4498 4384 4111 3856 3680 3590 3512 3456 3413 3380 3357 3336 3322 3316 3275 3215 3183 3196 3233 3295 3318 3463 3483 3571 3648 3710 3698 3785 3943 4353 4483 4481 4451 4413 4401 4392 4369 4348
4163 4165 4168 4171 4173 4176 4179 4180 4182 4181 4182 4181 4181 4190 4196 4195 4187 4183 4196 4191 4214 4229 4239 4245 4249 4252 4256 4260 4261 4265 4267 4266 4272 4278 4255 4270 4275 4276 4281 4328 4352 4383 4421 4459 4499 4520 4524 4415 4167 3886 3636 3571 3521 3476 3438 3417 3396 3378 3348 3339 3305 3257 3226 3250 3253 3262 3349 3527 3594 3673 3712 3727 3810 3889 4084 4554 4567 4482 4435 4416 4396 4394 4375 4353
4162 4165 4168 4172 4175 4178 4177 4178 4183 4187 4186 4182 4180 4190 4196 4200 4193 4188 4192 4204 4220 4234 4242 4249 4251 4257 4261 4265 4269 4265 4268 4267 4269 4288 4279 4270 4290 4275 4269 4287 4321 4354 4380 4411 4496 4553 4560 4455 4231 3956 3669 3562 3551 3513 3469 3447 3460 3446 3404 3388 3354 3325 3322 3294 3280 3315 3439 3594 3780 3812 3797 3800 3883 3974 4249 4587 4567 4462 4414 4405 4395 4394 4374 4358
4161 4166 4169 4173 4177 4181 4182 4183 4184 4192 4188 4186 4187 4194 4198 4199 4194 4203 4197 4214 4227 4232 4239 4246 4252 4258 4265 4271 4274 4275 4277 4279 4281 4294 4288 4282 4291 4296 4274 4267 4301 4338 4368 4384 4505 4639 4731 4536 4314 4095 3900 3716 3664 3589 3516 3495 3554 3541 3511 3467 3417 3375 3369 3343 3309 3382 3521 3732 3963 3911 3866 3855 3891 4060 4403 4521 4498 4444 4402 4382 4383 4371 4365 4358
4165 4167 4171 4175 4178 4182 4182 4184 4182 4187 4189 4187 4188 4198 4209 4207 4191 4201 4202 4202 4221 4232 4238 4245 4253 4261 4266 4271 4277 4282 4283 4289 4287 4291 4272 4272 4285 4290 4289 4282 4299 4329 4372 4459 4496 4567 4583 4524 4377 4239 4142 4008 3849 3702 3573 3547 3642 3653 3615 3575 3542 3495 3469 3455 3479 3563 3649 3833 3885 3883 3870 3878 3937 4208 4495 4471 4434 4396 4355 4351 4345 4353 4355 4357
4165 4169 4172 4175 4177 4180 4180 4185 4190 4192 4191 4187 4183 4198 4200 4192 4185 4197 4207 4214 4229 4231 4237 4246 4253 4260 4269 4278 4286 4292 4289 4277 4278 4273 4264 4266 4276 4284 4287 4291 4297 4316 4339 4371 4444 4494 4528 4483 4412 4333 4268 4197 4033 3850 3661 3604 3710 3729 3752 3717 3677 3664 3604 3595 3632 3722 3842 3789 3802 3869 3894 3911 4091 4374 4424 4426 4405 4371 4341 4343 4341 4343 4345 4351
4172 4173 4174 4176 4179 4182 4188 4189 4188 4196 4197 4193 4197 4197 4199 4198 4198 4200 4213 4211 4208 4222 4232 4242 4253 4262 4273 4283 4296 4308 4326 4329 4317 4281 4282 4271 4249 4257 4269 4273 4286 4304 4325 4356 4400 4439 4456 4452 4426 4387 4333 4254 4199 4062 3897 3792 3752 3747 3722 3755 3740 3707 3676 3723 3772 3834 3883 3866 3901 4011 4091 4168 4360 4475 4423 4413 4390 4371 4357 4348 4327 4329 4336 4343
4176 4177 4178 4178 4179 4182 4189 4190 4192 4197 4199 4194 4194 4204 4200 4197 4199 4203 4213 4205 4206 4216 4230 4241 4253 4268 4280 4294 4304 4313 4316 4323 4330 4307 4282 4271 4259 4257 4262 4263 4277 4293 4308 4338 4370 4407 4440 4434 4430 4432 4459 4505 4424 4301 4180 4060 3969 3926 3902 3825 3784 3755 3775 3827 3902 3953 3943 3986 4173 4315 4425 4522 4460 4417 4426 4397 4383 4372 4365 4345 4323 4324 4330 4335
4181 4181 4179 4179 4178 4177 4180 4189 4190 4194 4204 4206 4205 4203 4194 4180 4202 4206 4194 4202 4206 4218 4228 4239 4252 4271 4286 4299 4310 4315 4312 4306 4290 4277 4281 4288 4279 4271 4269 4276 4281 4289 4294 4318 4346 4368 4397 4414 4429 4455 4508 4574 4560 4501 4428 4304 4148 4029 4021 3952 3856 3791 3871 3934 3972 4081 4158 4290 4526 4643 4608 4569 4471 4403 4389 4395 4366 4361 4347 4329 4330 4331 4332 4334
