real_craters/C143-750m.grd
DSAA
122 122
-45.36 45.36
-45.36 45.36
3012.3819488017 4859.2810152288
[rows 0 to 37 of 122, columns 0 to 83 of 122]
4171 4175 4174 4176 4196 4171 4181 4179 4178 4185 4185 4182 4180 4178 4177 4178 4178 4174 4173 4172 4172 4171 4171 4168 4162 4160 4169 4180 4189 4190 4189 4188 4186 4187 4190 4192 4194 4199 4194 4190 4188 4193 4150 4081 4231 4207 4190 4193 4193 4196 4198 4199 4195 4194 4203 4208 4206 4204 4205 4209 4207 4208 4207 4203 4208 4221 4209 4212 4213 4214 4214 4215 4215 4216 4215 4215 4215 4210 4220 4222 4221 4229 4225 4226
4173 4176 4173 4173 4173 4176 4180 4177 4176 4183 4185 4184 4180 4177 4175 4174 4174 4175 4176 4176 4175 4170 4173 4174 4174 4163 4169 4183 4192 4184 4180 4181 4183 4185 4188 4189 4190 4188 4189 4190 4190 4195 4196 4226 4220 4190 4196 4199 4196 4196 4196 4199 4206 4203 4205 4205 4205 4204 4205 4210 4206 4206 4206 4203 4206 4219 4203 4209 4210 4211 4213 4214 4212 4212 4215 4211 4221 4216 4219 4221 4218 4220 4221 4222
4189 4183 4177 4173 4175 4172 4179 4180 4177 4179 4183 4181 4177 4174 4170 4166 4169 4174 4177 4179 4182 4200 4178 4170 4161 4166 4172 4182 4200 4184 4178 4176 4180 4184 4186 4189 4190 4191 4192 4193 4195 4193 4197 4189 4184 4181 4198 4197 4192 4193 4194 4197 4206 4210 4207 4202 4202 4201 4200 4203 4203 4205 4206 4207 4202 4205 4211 4216 4212 4209 4212 4216 4215 4196 4191 4207 4215 4213 4228 4220 4214 4222 4214 4217
4181 4180 4177 4174 4172 4179 4185 4175 4198 4174 4172 4173 4175 4174 4172 4169 4171 4174 4177 4179 4180 4175 4176 4168 4167 4163 4166 4176 4190 4182 4168 4174 4179 4181 4184 4186 4189 4191 4193 4193 4192 4191 4185 4196 4188 4188 4196 4198 4197 4193 4192 4196 4197 4209 4206 4204 4199 4200 4201 4197 4200 4203 4205 4205 4206 4206 4213 4210 4211 4208 4210 4214 4218 4213 4211 4213 4212 4209 4212 4214 4223 4223 4213 4216
4170 4172 4173 4175 4184 4178 4172 4166 4173 4175 4173 4174 4174 4174 4175 4180 4175 4176 4178 4180 4179 4178 4179 4176 4165 4166 4166 4167 4166 4181 4184 4180 4180 4182 4184 4185 4187 4190 4190 4187 4188 4188 4180 4186 4193 4197 4188 4193 4191 4193 4192 4189 4193 4184 4205 4215 4202 4201 4203 4200 4200 4202 4204 4208 4210 4218 4216 4212 4209 4209 4211 4213 4216 4219 4219 4221 4210 4211 4211 4210 4209 4217 4211 4217
4166 4167 4166 4168 4184 4190 4191 4174 4179 4174 4175 4172 4174 4175 4174 4174 4175 4177 4179 4182 4183 4182 4185 4188 4191 4186 4187 4185 4185 4183 4185 4182 4182 4183 4183 4184 4186 4186 4185 4184 4188 4193 4189 4193 4192 4190 4188 4191 4194 4194 4191 4190 4195 4197 4203 4209 4205 4204 4201 4201 4202 4202 4203 4203 4209 4216 4209 4205 4211 4214 4215 4215 4216 4213 4220 4219 4210 4209 4218 4213 4213 4206 4212 4222
4163 4162 4162 4165 4187 4196 4169 4173 4183 4191 4185 4179 4178 4176 4174 4174 4175 4178 4180 4183 4189 4190 4185 4186 4183 4187 4188 4183 4182 4184 4183 4184 4184 4183 4184 4185 4184 4184 4184 4186 4192 4202 4203 4194 4193 4183 4188 4188 4193 4194 4193 4192 4195 4197 4200 4206 4214 4210 4205 4204 4205 4203 4204 4204 4210 4208 4205 4210 4215 4221 4222 4220 4217 4218 4217 4214 4217 4198 4208 4212 4211 4204 4230 4227
4165 4165 4165 4185 4184 4184 4169 4176 4185 4186 4190 4188 4183 4178 4174 4173 4175 4177 4179 4182 4184 4185 4182 4180 4179 4181 4183 4181 4183 4184 4185 4185 4185 4185 4185 4184 4184 4184 4184 4190 4192 4194 4195 4188 4193 4187 4187 4187 4185 4189 4193 4199 4200 4198 4199 4208 4217 4213 4207 4203 4197 4204 4207 4218 4220 4220 4209 4204 4214 4222 4223 4219 4212 4209 4212 4215 4217 4207 4210 4208 4208 4200 4208 4222
4167 4163 4166 4179 4187 4184 4175 4178 4185 4189 4188 4191 4187 4181 4178 4175 4176 4178 4179 4181 4182 4181 4180 4180 4178 4179 4184 4191 4186 4186 4186 4186 4186 4186 4185 4184 4183 4183 4183 4181 4188 4188 4187 4188 4197 4191 4190 4192 4197 4197 4195 4195 4220 4215 4197 4206 4220 4212 4208 4204 4204 4209 4212 4204 4214 4214 4208 4203 4212 4221 4223 4219 4211 4207 4209 4213 4220 4207 4210 4206 4200 4199 4204 4217
4165 4162 4168 4176 4179 4185 4180 4175 4174 4186 4186 4188 4185 4181 4178 4176 4177 4179 4181 4181 4177 4178 4177 4176 4177 4182 4189 4185 4186 4186 4187 4188 4186 4186 4185 4184 4184 4184 4183 4186 4187 4189 4191 4191 4201 4202 4195 4195 4202 4192 4193 4197 4226 4228 4201 4204 4214 4208 4204 4209 4209 4215 4221 4224 4224 4215 4198 4213 4212 4217 4222 4214 4215 4212 4209 4206 4197 4206 4210 4202 4201 4204 4212 4209
4169 4170 4168 4172 4184 4185 4181 4174 4169 4174 4185 4185 4184 4181 4177 4177 4179 4181 4183 4185 4182 4181 4178 4174 4175 4186 4189 4188 4187 4186 4184 4185 4186 4185 4185 4185 4184 4184 4187 4194 4187 4184 4187 4182 4179 4187 4194 4196 4195 4195 4193 4197 4216 4218 4206 4203 4202 4204 4200 4195 4212 4222 4222 4221 4223 4206 4205 4203 4204 4210 4211 4213 4215 4215 4211 4206 4205 4203 4203 4207 4205 4206 4206 4200
4175 4177 4177 4192 4182 4189 4186 4182 4177 4180 4183 4184 4184 4181 4175 4179 4181 4183 4185 4188 4186 4185 4180 4178 4182 4199 4196 4192 4187 4186 4185 4186 4185 4185 4185 4185 4185 4185 4186 4184 4185 4183 4190 4190 4179 4192 4194 4195 4191 4193 4191 4192 4206 4211 4205 4205 4209 4206 4200 4203 4228 4233 4223 4218 4214 4203 4200 4205 4202 4203 4206 4212 4216 4216 4212 4205 4201 4202 4200 4198 4204 4203 4196 4209
4183 4178 4179 4189 4184 4186 4187 4189 4196 4178 4181 4187 4189 4184 4180 4182 4183 4185 4187 4189 4188 4186 4182 4181 4183 4188 4186 4183 4184 4187 4191 4190 4185 4186 4187 4186 4186 4187 4188 4182 4185 4189 4191 4181 4188 4192 4194 4197 4196 4195 4189 4190 4197 4200 4203 4205 4209 4209 4205 4210 4229 4229 4221 4217 4218 4212 4196 4205 4205 4196 4194 4217 4204 4210 4214 4206 4205 4211 4211 4218 4208 4208 4208 4222
4180 4180 4180 4179 4181 4181 4184 4185 4184 4180 4181 4181 4178 4186 4188 4185 4186 4187 4188 4187 4186 4186 4184 4181 4175 4176 4185 4181 4183 4189 4194 4195 4188 4188 4188 4188 4188 4187 4187 4187 4186 4188 4192 4185 4182 4189 4194 4198 4205 4197 4185 4189 4193 4193 4202 4200 4203 4203 4204 4208 4210 4215 4220 4218 4219 4212 4214 4203 4195 4195 4199 4208 4201 4203 4205 4210 4211 4218 4231 4222 4217 4217 4223 4217
4177 4179 4176 4180 4181 4184 4185 4187 4185 4183 4181 4181 4180 4182 4184 4186 4188 4190 4191 4191 4190 4188 4186 4182 4178 4178 4180 4180 4182 4187 4193 4193 4194 4193 4192 4191 4190 4189 4187 4187 4191 4194 4194 4196 4193 4190 4192 4195 4199 4194 4184 4193 4197 4200 4192 4194 4198 4201 4200 4197 4208 4217 4209 4211 4221 4223 4215 4214 4209 4201 4199 4211 4207 4204 4214 4192 4206 4215 4225 4215 4219 4223 4223 4211
4173 4175 4174 4181 4183 4183 4182 4183 4188 4189 4183 4182 4177 4177 4180 4186 4189 4192 4195 4193 4194 4193 4190 4187 4184 4178 4174 4175 4179 4186 4193 4200 4200 4197 4196 4194 4193 4191 4190 4189 4195 4204 4198 4186 4197 4192 4193 4193 4191 4187 4200 4200 4203 4200 4194 4194 4197 4198 4199 4202 4220 4237 4199 4205 4215 4221 4214 4210 4219 4204 4197 4201 4205 4202 4199 4216 4208 4206 4199 4206 4229 4227 4229 4221
4170 4173 4179 4177 4181 4179 4178 4179 4183 4184 4175 4186 4177 4175 4182 4187 4191 4194 4199 4209 4202 4196 4193 4190 4190 4182 4173 4171 4178 4186 4193 4199 4198 4198 4198 4197 4196 4194 4195 4188 4194 4198 4192 4190 4189 4190 4191 4191 4192 4194 4190 4200 4212 4218 4203 4199 4201 4207 4199 4199 4209 4218 4207 4208 4215 4214 4217 4206 4198 4198 4202 4199 4207 4209 4207 4208 4207 4201 4195 4207 4210 4226 4231 4230
4173 4177 4179 4178 4180 4179 4177 4171 4175 4185 4185 4187 4179 4183 4187 4189 4191 4193 4196 4194 4197 4195 4194 4193 4191 4183 4173 4180 4185 4188 4192 4194 4196 4198 4200 4201 4201 4200 4195 4191 4199 4201 4198 4198 4193 4191 4191 4193 4195 4198 4195 4198 4215 4234 4206 4207 4200 4192 4194 4196 4200 4219 4203 4210 4219 4217 4211 4203 4195 4193 4197 4201 4211 4224 4226 4216 4210 4203 4194 4194 4211 4226 4231 4232
4174 4177 4175 4179 4180 4179 4177 4177 4174 4172 4181 4191 4187 4198 4192 4190 4189 4189 4191 4193 4193 4193 4194 4194 4193 4193 4193 4191 4191 4191 4193 4192 4203 4200 4203 4206 4208 4210 4207 4201 4203 4198 4199 4202 4194 4189 4188 4191 4194 4197 4195 4207 4207 4213 4211 4213 4202 4200 4200 4201 4201 4205 4208 4214 4221 4217 4215 4210 4208 4199 4201 4200 4219 4227 4232 4228 4216 4211 4211 4211 4231 4233 4228 4222
4179 4177 4179 4181 4182 4176 4173 4171 4169 4172 4176 4196 4184 4194 4187 4187 4186 4184 4183 4185 4187 4190 4192 4194 4196 4201 4193 4189 4188 4196 4197 4199 4197 4201 4207 4212 4215 4216 4214 4203 4204 4213 4207 4209 4189 4187 4188 4190 4193 4195 4199 4198 4199 4193 4201 4195 4205 4209 4210 4205 4195 4214 4214 4216 4216 4205 4216 4209 4202 4203 4205 4208 4247 4282 4246 4226 4220 4212 4226 4226 4235 4231 4222 4213
4178 4182 4177 4178 4177 4176 4174 4169 4168 4175 4186 4210 4186 4173 4176 4182 4181 4180 4176 4175 4182 4187 4190 4193 4196 4201 4191 4193 4201 4200 4203 4207 4207 4208 4213 4219 4223 4219 4216 4214 4203 4209 4207 4198 4189 4186 4188 4191 4192 4192 4198 4202 4206 4208 4221 4214 4209 4216 4217 4214 4213 4213 4218 4215 4210 4204 4208 4215 4218 4213 4237 4243 4290 4319 4283 4249 4231 4212 4207 4231 4208 4224 4224 4219
4177 4183 4176 4174 4175 4177 4178 4174 4176 4186 4186 4188 4185 4172 4173 4178 4179 4179 4177 4177 4182 4187 4190 4192 4191 4184 4181 4187 4195 4199 4205 4212 4219 4214 4216 4224 4235 4250 4238 4223 4212 4207 4208 4208 4198 4189 4193 4192 4193 4195 4206 4213 4212 4212 4205 4197 4203 4214 4223 4221 4218 4212 4218 4218 4212 4214 4241 4282 4326 4327 4316 4345 4313 4331 4297 4282 4260 4230 4233 4265 4258 4253 4250 4227
4176 4172 4181 4175 4173 4178 4176 4177 4182 4182 4185 4184 4184 4180 4172 4174 4177 4179 4179 4182 4185 4189 4192 4194 4192 4186 4186 4190 4190 4197 4205 4210 4218 4208 4213 4226 4240 4249 4246 4230 4218 4214 4213 4209 4198 4196 4194 4195 4198 4210 4242 4258 4241 4232 4233 4206 4205 4223 4234 4225 4221 4211 4229 4253 4242 4280 4366 4341 4338 4379 4341 4312 4285 4303 4361 4335 4305 4288 4327 4369 4385 4362 4296 4242
4167 4168 4177 4177 4182 4178 4169 4173 4174 4176 4181 4181 4177 4171 4172 4173 4175 4180 4186 4188 4189 4192 4195 4197 4197 4198 4194 4198 4198 4201 4206 4207 4190 4191 4213 4226 4239 4255 4251 4244 4237 4218 4217 4220 4214 4206 4200 4201 4209 4240 4329 4328 4321 4310 4295 4247 4236 4231 4216 4238 4262 4294 4333 4334 4369 4370 4386 4343 4316 4318 4293 4267 4265 4303 4394 4364 4342 4356 4377 4378 4382 4391 4318 4246
4166 4168 4177 4190 4187 4178 4169 4169 4169 4171 4172 4175 4180 4172 4170 4173 4177 4181 4187 4191 4193 4195 4198 4202 4205 4202 4197 4202 4205 4209 4213 4218 4222 4221 4223 4228 4232 4234 4252 4257 4244 4234 4226 4237 4225 4207 4200 4202 4217 4266 4339 4364 4381 4375 4384 4390 4339 4279 4226 4280 4327 4374 4398 4389 4378 4364 4343 4327 4307 4286 4264 4240 4240 4269 4310 4335 4342 4348 4343 4335 4340 4387 4325 4246
4161 4164 4176 4189 4185 4179 4171 4173 4175 4176 4176 4172 4185 4172 4166 4172 4177 4181 4181 4189 4195 4199 4202 4207 4209 4210 4206 4209 4211 4213 4222 4233 4249 4246 4236 4235 4236 4242 4263 4286 4283 4280 4280 4244 4225 4202 4203 4205 4215 4260 4338 4363 4373 4381 4393 4416 4408 4362 4356 4354 4368 4394 4403 4386 4357 4334 4320 4303 4300 4308 4271 4235 4231 4245 4274 4292 4302 4302 4288 4283 4306 4348 4325 4285
4157 4162 4165 4177 4181 4180 4181 4182 4180 4180 4175 4177 4179 4172 4170 4174 4179 4186 4192 4194 4199 4203 4207 4210 4214 4213 4208 4213 4209 4214 4230 4239 4246 4243 4240 4245 4251 4261 4272 4289 4276 4290 4303 4285 4242 4221 4214 4212 4216 4252 4328 4349 4341 4349 4350 4351 4390 4399 4410 4400 4386 4355 4364 4351 4317 4311 4304 4296 4284 4286 4275 4238 4215 4222 4240 4253 4259 4256 4245 4246 4275 4305 4321 4347
4156 4165 4165 4178 4178 4179 4182 4182 4181 4182 4187 4187 4178 4175 4176 4177 4182 4188 4193 4197 4202 4207 4212 4214 4212 4211 4211 4201 4218 4239 4242 4243 4239 4228 4239 4252 4262 4270 4275 4262 4239 4266 4275 4276 4252 4227 4233 4236 4234 4268 4326 4342 4324 4316 4312 4319 4362 4379 4403 4393 4371 4332 4325 4334 4320 4306 4304 4282 4263 4263 4264 4235 4194 4194 4212 4226 4227 4218 4224 4236 4258 4283 4309 4350
4159 4164 4166 4169 4170 4173 4172 4172 4175 4181 4196 4190 4180 4174 4177 4179 4184 4189 4195 4200 4206 4212 4218 4220 4214 4211 4213 4215 4232 4255 4250 4256 4254 4246 4256 4270 4287 4294 4300 4295 4260 4259 4259 4272 4279 4276 4275 4286 4289 4310 4355 4357 4316 4287 4290 4300 4298 4326 4342 4349 4353 4310 4306 4319 4307 4300 4288 4264 4256 4255 4273 4247 4207 4220 4220 4218 4214 4211 4221 4234 4251 4250 4275 4316
4157 4173 4158 4160 4166 4168 4168 4168 4169 4170 4186 4181 4172 4173 4174 4180 4186 4190 4195 4202 4209 4215 4220 4227 4236 4217 4196 4206 4221 4210 4256 4276 4283 4285 4287 4289 4288 4295 4305 4309 4260 4273 4280 4295 4320 4325 4348 4358 4375 4387 4396 4373 4302 4274 4287 4301 4287 4288 4289 4303 4324 4304 4297 4300 4292 4288 4284 4288 4265 4268 4280 4270 4259 4234 4232 4224 4217 4227 4225 4230 4233 4227 4247 4295
4160 4154 4153 4157 4165 4166 4166 4167 4167 4167 4177 4175 4174 4179 4180 4183 4186 4190 4195 4203 4209 4216 4222 4229 4235 4221 4208 4219 4242 4282 4299 4306 4316 4324 4320 4318 4286 4299 4274 4236 4229 4279 4282 4327 4378 4424 4431 4414 4391 4405 4404 4369 4315 4282 4293 4309 4299 4281 4272 4282 4310 4293 4281 4279 4279 4279 4278 4273 4280 4285 4291 4287 4276 4281 4249 4229 4215 4208 4221 4229 4229 4243 4240 4289
4156 4159 4153 4157 4164 4165 4164 4164 4166 4167 4171 4170 4171 4181 4186 4187 4187 4185 4192 4201 4210 4217 4224 4230 4237 4230 4235 4256 4304 4348 4344 4334 4341 4351 4359 4373 4375 4346 4328 4294 4267 4299 4313 4378 4428 4473 4462 4444 4451 4427 4407 4377 4331 4290 4301 4325 4316 4285 4278 4277 4286 4287 4281 4274 4266 4275 4282 4283 4289 4312 4335 4305 4276 4272 4252 4230 4211 4208 4220 4232 4248 4268 4259 4294
4144 4157 4160 4164 4163 4164 4164 4162 4167 4173 4176 4183 4182 4186 4189 4189 4187 4189 4193 4202 4210 4218 4227 4235 4242 4239 4244 4270 4311 4320 4316 4320 4330 4365 4420 4402 4381 4369 4376 4357 4339 4353 4441 4456 4463 4470 4452 4429 4411 4410 4405 4395 4351 4319 4306 4302 4289 4283 4291 4307 4294 4288 4277 4265 4271 4283 4290 4296 4298 4302 4305 4298 4279 4265 4249 4230 4211 4212 4223 4234 4242 4266 4277 4304
4166 4164 4182 4169 4164 4163 4166 4173 4173 4173 4174 4174 4171 4177 4183 4184 4189 4192 4197 4204 4213 4221 4228 4232 4235 4246 4253 4271 4291 4310 4295 4265 4239 4273 4352 4290 4305 4308 4359 4360 4408 4494 4563 4514 4477 4437 4408 4396 4384 4389 4393 4383 4353 4326 4302 4287 4278 4295 4299 4299 4303 4302 4303 4291 4295 4293 4292 4296 4303 4323 4300 4285 4273 4263 4250 4236 4224 4228 4237 4246 4258 4262 4278 4309
4173 4172 4169 4165 4163 4163 4166 4168 4169 4169 4171 4180 4180 4186 4185 4182 4188 4192 4200 4207 4215 4222 4237 4254 4261 4259 4269 4294 4334 4366 4314 4165 4083 4015 3996 3980 4014 4129 4333 4408 4477 4565 4565 4525 4471 4428 4397 4381 4365 4372 4374 4367 4341 4310 4290 4285 4290 4301 4310 4316 4317 4320 4317 4310 4320 4296 4282 4280 4298 4300 4291 4289 4287 4270 4257 4245 4230 4247 4252 4256 4259 4259 4272 4299
4176 4174 4175 4173 4167 4165 4167 4171 4173 4171 4176 4182 4157 4192 4192 4187 4191 4197 4201 4208 4214 4223 4234 4252 4262 4268 4281 4294 4421 4317 4109 3998 3900 3803 3740 3762 3798 3897 4030 4354 4503 4590 4551 4508 4460 4417 4388 4378 4371 4364 4364 4348 4332 4307 4292 4291 4289 4308 4319 4335 4339 4331 4318 4284 4300 4291 4272 4257 4291 4289 4282 4284 4287 4278 4265 4260 4269 4269 4267 4266 4267 4266 4274 4311
4173 4173 4169 4169 4167 4165 4168 4173 4177 4175 4177 4189 4190 4200 4193 4191 4190 4190 4192 4197 4204 4215 4229 4237 4255 4271 4289 4327 4283 4131 3938 3835 3764 3690 3645 3767 3759 3738 3814 4121 4429 4612 4557 4506 4451 4402 4382 4350 4345 4356 4365 4361 4339 4319 4314 4305 4310 4302 4320 4341 4347 4340 4327 4312 4297 4293 4286 4282 4292 4302 4299 4287 4290 4274 4271 4270 4275 4280 4278 4277 4281 4295 4315 4305
4177 4166 4170 4168 4162 4166 4169 4171 4170 4179 4188 4198 4201 4189 4189 4186 4199 4192 4184 4189 4193 4213 4231 4252 4253 4265 4273 4249 4150 3974 3777 3719 3683 3657 3655 3669 3692 3695 3737 3941 4292 4589 4560 4506 4442 4382 4332 4325 4333 4341 4350 4341 4311 4313 4312 4312 4306 4310 4333 4346 4350 4353 4352 4339 4316 4306 4302 4305 4297 4295 4296 4291 4289 4284 4281 4282 4284 4284 4285 4285 4289 4293 4346 4325
