real_craters/C144-500m.grd
DSAA
184 184
-45.71 45.71
-45.71 45.71
2932.9156578142 4838.8260766621
[rows 120 to 149 of 184, columns 0 to 66 of 184]
4121.87 4121.75 4122.16 4122.46 4122.88 4122.93 4122.81 4122.84 4123.02 4121.84 4120.69 4120.36 4128.84 4127.88 4125.7 4124.11 4123.07 4123.27 4123.96 4124.18 4123.76 4123.53 4122.77 4122.63 4123.35 4124.17 4124.85 4125.07 4123.44 4121.43 4121.73 4121.15 4120.79 4120.61 4120.09 4119.56 4121.54 4121.76 4121.75 4121.78 4121.97 4122.03 4122.07 4121.47 4121.08 4120.66 4117.09 4115.47 4114.18 4113.6 4105.98 4110.66 4119.34 4156.31 4216.76 4269.75 4265.11 4234.61 4198.97 4166.69 4146.38 4144.6 4149.04 4153.94 4147.43 4144.09 4141.76
4121.55 4121.33 4121.79 4122.35 4122.65 4122.79 4122.62 4122.24 4122.68 4122.36 4121.86 4122.49 4122.25 4124.47 4124.26 4123.31 4122.41 4122.07 4122.54 4122.24 4123.14 4123.9 4122.78 4122.13 4122.87 4123.83 4124.67 4125 4123.61 4121.11 4121.26 4120.54 4120.54 4120.74 4120.74 4119.74 4121.56 4121.82 4121.78 4121.65 4121.53 4121.68 4121.64 4121.58 4120.76 4120.71 4120.86 4121.1 4121.27 4121.36 4111.04 4113.81 4120.49 4153.52 4219.56 4284.95 4270.32 4229.86 4190.97 4162 4143.33 4144.94 4153.42 4158.93 4154.25 4150.53 4149.51
4121.31 4121.19 4121.53 4122.25 4122.73 4122.97 4122.72 4122.06 4122.3 4122.44 4122.5 4123.29 4122.24 4122.57 4122.73 4122.32 4121.81 4121.72 4122.27 4122.2 4122.7 4122.59 4122.39 4121.92 4122.57 4123.62 4124.54 4124.97 4124.23 4121.38 4120.64 4120.38 4120.6 4120.8 4120.57 4120.07 4121.39 4121.62 4121.57 4121.35 4121.26 4121.35 4121.37 4121.12 4120.51 4120.36 4120.41 4120.53 4120.34 4120.56 4113.46 4116.35 4120.93 4145.3 4203.58 4251.64 4251.3 4215.79 4171.06 4132.49 4132.27 4142.5 4154.86 4160.88 4159.21 4156.86 4155.14
4121.08 4120.78 4121.28 4122.36 4123.14 4123.55 4123.85 4123.15 4122.53 4122.12 4121.96 4121.86 4121.63 4121.55 4121.66 4121.57 4121.42 4121.48 4122.19 4122.07 4122.82 4123.33 4122.31 4121.68 4122.27 4123.29 4124.34 4124.84 4124.31 4120.51 4120.3 4120.6 4120.73 4120.79 4120.47 4119.8 4120.94 4121.34 4121.32 4121.13 4120.98 4121.09 4121.15 4120.94 4120.34 4120.15 4119.63 4119.37 4119.36 4119.67 4120.12 4118.88 4120.15 4135.99 4182.07 4221.66 4226.35 4202.23 4161.81 4132.54 4134.33 4139.35 4150.21 4158.25 4158.83 4161.77 4161.19
4121.03 4120.9 4121.54 4123.16 4123.92 4124.51 4125.28 4126.75 4127.65 4122.26 4121.99 4121.9 4120.88 4120.62 4120.81 4120.86 4120.98 4121.32 4121.99 4121.84 4122.46 4122.64 4122 4121.52 4121.95 4122.84 4123.77 4124.45 4124.01 4120.58 4120.21 4120.29 4120.48 4120.71 4120.23 4119.31 4120.03 4121.02 4121.13 4120.93 4120.72 4120.8 4120.93 4121.03 4120.32 4119.91 4119.78 4119.64 4119.57 4119.47 4119.79 4119.97 4119.65 4129.24 4167.21 4200.22 4214.4 4205.04 4176.21 4148.24 4144.75 4137.95 4128.93 4141.97 4160.55 4174.03 4178.87
4121.1 4121.07 4122.85 4124.19 4124.36 4124.94 4125.93 4127.12 4128.6 4124.2 4122.22 4122.03 4120.76 4120.2 4120.07 4120.3 4120.65 4121.09 4122.31 4122 4122.05 4121.98 4121.76 4121.38 4121.76 4122.26 4122.93 4123.68 4123.85 4120.61 4120.35 4120.12 4120.28 4120.64 4120.05 4119.02 4119.68 4120.92 4121.05 4120.82 4120.45 4120.62 4120.69 4120.59 4120.05 4119.94 4119.54 4119.24 4118.97 4118.89 4119.09 4119.78 4119.12 4125.44 4161.4 4197.52 4221.14 4222.64 4217.45 4213.66 4176.73 4153.93 4131.34 4147.2 4173.89 4196.83 4213.2
4121.18 4120.92 4121.37 4123.27 4123.76 4124.46 4125.3 4126.39 4128.64 4124 4122.02 4122.04 4120.36 4119.92 4120.09 4120.26 4120.63 4121.2 4121.91 4122.53 4122.02 4121.64 4121.54 4121.56 4121.49 4121.54 4121.78 4122.15 4122.69 4121.57 4120.38 4120.02 4120.16 4120.61 4119.98 4119.03 4119.67 4121.06 4121.11 4120.93 4120.78 4120.61 4120.57 4120.46 4120.44 4119.97 4119.45 4119.05 4119.01 4118.78 4118.69 4119.57 4121.78 4133.87 4161.58 4199.24 4231.27 4240.49 4244.27 4224.73 4195.37 4179.14 4176.5 4179.76 4198.97 4223.81 4249.66
4121.55 4121.41 4121.07 4121.61 4122.52 4123.05 4123.55 4123.88 4122.72 4121.25 4121.53 4121.94 4120.78 4119.86 4119.93 4120.23 4120.59 4121.06 4121.33 4122.74 4121.68 4121.4 4121.22 4120.8 4120.54 4120.68 4120.55 4120.23 4119.77 4122.05 4119.5 4119.59 4120.34 4120.47 4119.89 4119.24 4119.39 4121.08 4121.14 4120.94 4120.28 4120.27 4120.29 4120.4 4119.93 4119.85 4119.58 4119.21 4118.93 4118.69 4118.72 4119.77 4122.22 4130.17 4153.27 4189.6 4230.08 4233.86 4255.23 4252.74 4222.93 4209.41 4188.02 4208 4227.75 4248.4 4267
4121.81 4122.05 4121.56 4120.62 4121.27 4121.84 4122.37 4121.94 4120.8 4120.58 4121.14 4121.25 4120.52 4119.93 4119.95 4120.21 4120.71 4121.46 4122.15 4121.99 4121.58 4121.43 4121.16 4120.83 4120.51 4120.26 4119.83 4119.22 4119.31 4123.07 4119.54 4119.14 4119.43 4120.28 4119.88 4119.24 4119.33 4120.88 4121.05 4120.85 4120.41 4120.15 4119.99 4119.92 4120.29 4120.03 4119.67 4119.43 4119.16 4119.01 4119.11 4120.16 4121.17 4125.88 4138.62 4152.74 4149.28 4180.43 4217.21 4259.35 4266.43 4254.02 4247.61 4243.74 4251.76 4268.74 4285.47
4121.76 4122.01 4121.21 4120.11 4120.53 4121.03 4121.42 4121.36 4121.07 4120.5 4120.97 4121.17 4120.19 4119.77 4119.96 4120.32 4120.79 4121.12 4121.12 4122.03 4122.08 4121.48 4121.21 4121.09 4120.79 4120.19 4119.62 4119.3 4119.83 4123.04 4119.62 4118.95 4119.49 4120.47 4119.73 4119.12 4119.23 4120.65 4120.88 4120.78 4120.39 4120.12 4120.05 4120.04 4120.14 4119.95 4119.8 4119.57 4119.47 4119.43 4119.67 4120.23 4120.95 4123.29 4125.99 4125.41 4118.55 4130.13 4131.92 4175.5 4241.43 4267.45 4291.55 4263.79 4258.56 4270.5 4296.77
4121.49 4121.72 4121.04 4120.52 4120.68 4120.85 4121.03 4121.13 4121.16 4121.19 4121.63 4122.02 4121.09 4120.3 4120.14 4120.46 4120.84 4121.2 4121.43 4121.88 4121.39 4121.17 4121.04 4120.99 4120.91 4120.19 4119.65 4119.65 4120.95 4122.3 4119.96 4119.22 4118.99 4119.6 4119.36 4118.78 4118.73 4120.07 4120.8 4120.68 4120.15 4119.81 4119.93 4120 4120.05 4120.06 4119.87 4119.64 4119.65 4119.84 4120.34 4120.98 4120.61 4121.04 4120.89 4118.78 4118.27 4117.4 4116.6 4126.46 4143.05 4215.3 4249.22 4241.79 4237.98 4245.56 4273.98
4121.26 4121.55 4121.74 4121.41 4120.85 4120.83 4120.98 4121.17 4121.41 4121.73 4122.28 4122.81 4120.98 4120.04 4120.08 4120.54 4120.96 4121.4 4121.3 4122.56 4121.16 4120.95 4120.89 4120.82 4120.58 4120.09 4119.65 4119.41 4119.55 4121.95 4121.01 4119.38 4118.94 4119.61 4118.97 4118.47 4118.72 4120.58 4120.95 4120.63 4120.1 4119.78 4119.8 4119.87 4119.81 4119.55 4119.86 4120.07 4120.29 4120.38 4120.7 4120.91 4120.56 4120.28 4119.44 4117.97 4118.29 4117.77 4117.98 4114.77 4120.7 4150.77 4180.33 4195.6 4198 4195.05 4187.03
4121.22 4121.58 4121.3 4120.73 4120.74 4120.65 4120.81 4121.1 4121.84 4123.62 4121.27 4121.88 4120.82 4119.47 4120.54 4120.7 4120.91 4121.16 4121 4121.55 4120.89 4120.83 4120.81 4120.74 4120.32 4120.16 4119.66 4119.36 4120.12 4121.69 4120.29 4119.03 4119.48 4118.91 4118.45 4118.14 4118.16 4120.4 4120.91 4120.56 4119.98 4119.76 4120.24 4120.06 4119.73 4119.64 4119.8 4120.12 4120.43 4120.7 4120.93 4120.89 4120.57 4120.07 4119.5 4119 4119.11 4119.09 4118.77 4116.66 4119.47 4119.95 4136.31 4155.51 4158.9 4150.65 4131.06
4121.19 4121.3 4121.08 4120.38 4120.7 4120.57 4120.57 4120.66 4120.97 4122.27 4123.02 4122.04 4122.34 4123.97 4121.49 4120.87 4120.75 4120.86 4120.98 4121.13 4121.02 4120.92 4120.84 4120.89 4121.09 4120.54 4119.77 4119.31 4120.06 4121.89 4120.36 4118.77 4119.37 4118.59 4118.24 4117.96 4117.99 4119.47 4120.7 4120.45 4119.88 4119.3 4119.97 4120.13 4119.83 4119.52 4119.91 4120.3 4120.67 4120.99 4121.03 4120.93 4120.56 4119.99 4119.42 4119.24 4118.85 4118.71 4119.12 4118.24 4119.86 4119.39 4124.59 4133.4 4135.5 4129.57 4120.87
4121.28 4120.76 4120.78 4121.19 4120.44 4120.25 4120.1 4120.17 4120.08 4119.74 4120.77 4122.44 4122.06 4120.37 4120.62 4120.58 4120.59 4120.63 4120.78 4120.87 4121.07 4120.98 4120.88 4120.85 4120.84 4120.37 4119.74 4119.64 4120.55 4121.91 4120.8 4118.75 4119.36 4118.73 4118.37 4118 4118.05 4119.41 4120.27 4120.28 4119.97 4119.93 4120.48 4120.18 4120.1 4120.12 4120.38 4120.52 4120.86 4121.35 4121.65 4121.25 4120.74 4120.05 4119.49 4119.4 4119.38 4119.34 4119.15 4118.51 4119.09 4119.57 4120.66 4123.21 4123.98 4121.05 4119.32
4122.07 4121.23 4120.58 4119.77 4120.24 4120.26 4119.79 4119.61 4119.74 4119.8 4121.24 4122.62 4121.29 4119.99 4119.88 4120.12 4120.33 4120.53 4120.59 4120.72 4120.9 4120.91 4120.83 4120.72 4120.57 4120.16 4119.45 4119 4120.21 4121.84 4121.14 4118.66 4118.97 4118.88 4118.4 4117.95 4117.85 4118.53 4119.89 4120.06 4119.83 4119.54 4119.86 4119.99 4120.04 4120.21 4120.15 4120.36 4120.71 4121.2 4121.65 4121.69 4120.79 4120.16 4119.71 4119.7 4119.84 4119.96 4118.79 4118.42 4118.51 4119.6 4118.66 4118.45 4117.97 4117.7 4119.09
4121.63 4120.68 4120.75 4121.49 4120.79 4120.44 4120.39 4120.33 4120.11 4120.41 4121.33 4120.98 4120.48 4119.78 4119.57 4119.85 4120.2 4120.48 4120.36 4120.94 4120.88 4120.84 4120.73 4120.54 4120.2 4119.61 4119.15 4118.95 4120.04 4121.51 4121.29 4119.33 4119.18 4118.81 4118.35 4117.87 4117.68 4118.09 4119.57 4119.97 4119.77 4119.46 4119.55 4119.59 4119.58 4119.32 4119.58 4120.13 4120.48 4120.58 4120.32 4120.52 4120.48 4120.17 4120.04 4119.86 4119.82 4119.41 4118.42 4118.45 4118.74 4119.61 4118.17 4116.21 4115.47 4117.29 4118.7
4120.72 4120.87 4120.73 4120.1 4120.11 4120.54 4120.52 4120.59 4120.57 4121.26 4122.64 4120.3 4119.9 4119.35 4119.29 4119.64 4120.03 4120.48 4120.2 4119.85 4120.41 4120.66 4120.58 4120.36 4120.11 4119.99 4119.01 4118.41 4119.95 4121.49 4121.52 4119.21 4118.98 4118.88 4118.26 4117.71 4117.46 4118.06 4119.66 4119.84 4119.67 4119.47 4119.47 4119.29 4119.36 4119.45 4119.86 4120.18 4120.43 4120.44 4120.5 4120.37 4120.34 4120.09 4119.72 4119.61 4119.7 4119.53 4118.73 4118.71 4118.89 4119.48 4118.17 4116.81 4116.17 4117.72 4118.77
4120.84 4121.13 4121.01 4121.18 4121.49 4121.23 4121.09 4120.91 4121.08 4121.32 4121.68 4120.96 4120.04 4119.56 4119.44 4119.57 4119.87 4120.17 4120 4119.61 4120.59 4120.61 4120.44 4120.2 4119.82 4119.11 4119.14 4120.23 4120.32 4121.72 4122.67 4119.4 4118.94 4118.44 4117.98 4117.48 4117.07 4116.94 4118.64 4119.55 4119.64 4119.09 4118.66 4118.95 4119.2 4119.54 4119.7 4120.27 4120.67 4120.74 4120.56 4120.62 4120.48 4120.12 4119.69 4119.58 4119.63 4119.73 4119.11 4119.16 4119.59 4119.74 4118.45 4117.27 4116.6 4118.27 4119.08
4120.36 4120.58 4121.28 4121.7 4121.57 4121.7 4121.48 4121.33 4121.24 4121.38 4121.28 4120.52 4120.03 4119.62 4119.37 4119.46 4119.61 4119.63 4119.71 4119.55 4119.94 4120.23 4120.22 4120.04 4119.77 4119.5 4118.79 4118.63 4120.12 4121.52 4121.8 4119.01 4118.6 4118.3 4117.91 4117.36 4116.89 4117.03 4118.79 4119.74 4119.81 4119.61 4118.52 4118.76 4119.07 4119.35 4119.61 4120.34 4121.09 4122.03 4122.15 4121.45 4120.84 4120.35 4119.96 4119.69 4119.54 4119.26 4119.28 4119.49 4119.69 4119.2 4119.22 4117.9 4117.25 4118.2 4118.34
4120.14 4121.03 4121.43 4122.1 4124.04 4122.13 4121.78 4121.71 4121.44 4120.86 4120.27 4120.22 4120.08 4119.75 4119.42 4119.42 4119.36 4119.33 4119.56 4119.36 4119.59 4119.99 4119.99 4119.88 4119.73 4119.45 4118.66 4118.29 4119.87 4121.27 4121.74 4119.36 4118.3 4118.34 4118.21 4117.38 4116.79 4116.85 4118.87 4120.04 4119.81 4119.34 4118.8 4118.85 4119.09 4119.42 4119.83 4120.37 4120.95 4121.96 4123.09 4121.59 4120.89 4120.44 4120.08 4119.85 4119.57 4119.45 4119.64 4119.72 4120.19 4120.7 4120.03 4118.78 4117.96 4118.42 4118.22
4120.81 4121.16 4121.17 4121.24 4120.43 4121.22 4121.53 4121.72 4121.78 4120.82 4120.1 4119.89 4120.3 4120.15 4119.9 4119.46 4119.3 4119.22 4119.15 4118.9 4119.13 4119.65 4119.71 4119.66 4119.61 4119.29 4118.66 4118.65 4119.9 4121.17 4121.47 4119.32 4118.24 4118.24 4118.31 4117.2 4116.42 4116.11 4117.45 4119.53 4119.58 4119.05 4118.99 4118.94 4119.18 4119.52 4120.46 4120.15 4120.29 4119.93 4119.77 4120.73 4120.58 4120.38 4120.1 4119.79 4119.6 4119.34 4119.25 4119.62 4120.36 4121.65 4121.25 4120.08 4119.3 4118.64 4118.54
4120.71 4120.6 4120.63 4120.42 4119.57 4120.7 4121.16 4121.64 4122.16 4122.58 4119.88 4120.27 4121.29 4120.5 4119.51 4119.25 4119.33 4119.17 4118.83 4118.55 4118.69 4119.12 4119.36 4119.35 4119.26 4119.11 4118.42 4118.66 4120 4121.3 4121.79 4118.94 4117.52 4117.53 4117.16 4116.67 4116.07 4115.77 4116.67 4118.98 4119.43 4119.34 4118.93 4119.01 4119.18 4119.29 4119.14 4119.47 4119.83 4120.32 4120.52 4120.34 4120.35 4120.24 4120.06 4119.87 4119.74 4119.57 4118.9 4119.45 4119.74 4119.76 4119.75 4119.72 4119.29 4118.88 4118.79
4120.49 4120.39 4120.2 4120 4119.88 4120.1 4120.8 4121.48 4121.89 4121.26 4120.52 4120.98 4121.63 4120.8 4119.52 4119.04 4119.14 4118.92 4118.6 4118.35 4118.54 4119.1 4119.24 4119.12 4118.88 4118.61 4118.73 4118.95 4119.83 4120.97 4121.94 4119.16 4117.58 4117.25 4117.11 4116.47 4115.87 4115.56 4116.55 4119.07 4119.28 4119.05 4119.38 4119.47 4119.37 4119.23 4119.25 4119.32 4119.38 4119.37 4119.69 4120.02 4120.14 4120.16 4120.14 4120 4119.79 4119.61 4119.58 4119.58 4119.54 4119.49 4119.45 4119.36 4119.1 4118.87 4118.82
4120.9 4120.03 4119.7 4119.27 4118.74 4119.33 4120.63 4121.61 4122.05 4121.87 4120.96 4121.09 4122.57 4120.9 4118.98 4118.57 4119.06 4118.66 4117.93 4118.08 4118.62 4119.14 4119.12 4118.88 4118.48 4117.98 4117.95 4118.66 4119.36 4120.14 4120.84 4119.34 4117.47 4117.08 4116.92 4116.44 4115.78 4115.47 4116.01 4118.78 4118.69 4118.72 4119.23 4119.42 4119.45 4119.21 4119.01 4118.89 4119.11 4119.63 4119.69 4119.88 4120.07 4120.14 4120.21 4120.24 4119.91 4119.65 4120.59 4119.98 4119.96 4119.61 4119.43 4119.22 4118.99 4118.56 4118.72
4119.61 4120.06 4119.53 4118.97 4118.61 4119.29 4120.93 4122.35 4122.5 4121.91 4120.98 4120.77 4120.35 4120.39 4120.31 4120.32 4119.03 4118.49 4118.26 4117.92 4117.62 4118.66 4118.93 4118.72 4118.29 4117.78 4117.76 4118.11 4118.44 4118.7 4118.7 4118.93 4117.84 4116.86 4116.76 4116.41 4115.89 4115.56 4115.85 4117.87 4118.02 4118.17 4119.35 4120.02 4119.54 4119.06 4118.67 4118.53 4118.78 4119.02 4119.48 4119.85 4120.08 4120.22 4120.19 4119.92 4119.39 4118.94 4118.16 4118.83 4119.63 4119.58 4119.35 4119.14 4118.89 4118.6 4118.66
4119.78 4119.63 4119.33 4119.04 4118.87 4119.57 4121.56 4123.65 4125.24 4124.13 4121.98 4120.91 4119.79 4120.16 4121.84 4121.92 4119.21 4118.51 4118.1 4118.07 4118.49 4118.95 4119.01 4118.67 4118.23 4117.75 4117.25 4117.57 4117.53 4117.4 4117.21 4119.33 4118.32 4116.73 4116.68 4116.59 4116.14 4115.8 4116.05 4118.32 4118.57 4118.66 4119.52 4119.72 4119.4 4119.01 4118.7 4118.51 4118.71 4119 4119.4 4119.73 4119.96 4120.03 4120.12 4120.01 4119.57 4118.88 4118.54 4118.96 4119.23 4119.34 4119.13 4118.89 4118.8 4118.59 4118.56
4119.73 4119.2 4119.35 4119.41 4119.3 4119.95 4122.18 4125.1 4130.03 4125.48 4121.6 4119.39 4119.92 4119.99 4118.57 4117.25 4118.51 4118.48 4118.21 4118.04 4118.32 4118.77 4118.94 4118.67 4118.23 4117.82 4117.51 4117.06 4116.81 4116.63 4116.8 4119.28 4118.5 4116.64 4116.77 4116.82 4116.37 4116.04 4116.37 4118.27 4118.64 4118.73 4118.92 4119.03 4118.99 4118.84 4118.69 4118.85 4118.7 4118.81 4119.58 4119.87 4120.01 4120.11 4120.19 4120.25 4119.45 4118.77 4118.94 4119.49 4119.77 4119.28 4118.68 4118.81 4118.9 4118.78 4118.48
4119.81 4120.03 4119.75 4119.63 4119.78 4120.64 4121.99 4123.89 4124.96 4124.42 4121.56 4119.29 4120.97 4120.84 4118.33 4116.58 4119.69 4118.23 4117.3 4117.81 4117.92 4118.5 4118.98 4118.63 4118.12 4117.64 4117.15 4116.77 4116.38 4116.15 4116.48 4119.08 4118.83 4116.69 4116.81 4117.03 4116.51 4116.16 4116.2 4117.96 4119.18 4118.88 4118.75 4118.42 4118.71 4118.76 4118.63 4118.2 4119.35 4119.72 4120.3 4120.15 4119.98 4119.85 4119.81 4119.85 4119.56 4118.99 4118.99 4119.32 4119.58 4119.39 4119.21 4118.96 4118.86 4118.64 4118.24
4119.35 4120.39 4120.13 4119.84 4119.78 4119.67 4120.84 4121.77 4122.2 4122.08 4121.53 4122.84 4121.96 4120.61 4118.5 4116.56 4118.05 4119.68 4119.45 4118.16 4117.74 4118.41 4119.05 4118.47 4117.86 4117.3 4117.04 4116.67 4116.29 4116.1 4116.33 4118.68 4119.05 4117.03 4116.86 4116.75 4116.63 4116.21 4116.12 4117.3 4118.4 4118.74 4118.63 4118.54 4118.66 4118.94 4119.28 4119.22 4122.48 4123.32 4121.04 4120.25 4119.85 4119.6 4119.45 4119.42 4119.69 4119.13 4119.26 4119.43 4119.49 4119.38 4119.27 4118.99 4118.66 4118.35 4118.05
