real_craters/C144-750m.grd
DSAA
123 123
-45.71 45.71
-45.71 45.71
2933.4141668711 4856.6962965507
[rows 0 to 37 of 123, columns 0 to 83 of 123]
4135 4136 4135 4135 4135 4138 4143 4147 4134 4136 4136 4137 4136 4135 4137 4137 4137 4137 4136 4137 4137 4137 4138 4137 4137 4137 4136 4136 4136 4136 4136 4136 4136 4136 4136 4136 4136 4136 4136 4136 4136 4136 4136 4137 4137 4137 4137 4137 4137 4136 4136 4135 4137 4135 4136 4136 4136 4137 4136 4136 4136 4137 4135 4137 4137 4137 4137 4137 4137 4136 4135 4135 4135 4136 4135 4136 4136 4135 4135 4135 4134 4134 4134 4134
4134 4135 4135 4135 4134 4137 4142 4145 4135 4135 4136 4137 4136 4135 4136 4135 4135 4136 4137 4137 4137 4137 4138 4138 4136 4137 4137 4137 4137 4137 4136 4136 4136 4136 4136 4136 4136 4136 4136 4135 4136 4136 4136 4137 4137 4138 4137 4136 4136 4136 4136 4136 4135 4135 4135 4136 4137 4136 4136 4136 4136 4137 4136 4137 4137 4137 4137 4136 4137 4136 4135 4135 4135 4136 4136 4136 4135 4135 4135 4135 4135 4134 4134 4134
4134 4135 4136 4135 4135 4136 4140 4141 4137 4134 4135 4136 4135 4134 4135 4135 4134 4136 4136 4136 4136 4137 4137 4137 4137 4136 4136 4136 4137 4136 4136 4136 4136 4136 4136 4136 4136 4136 4136 4136 4136 4136 4136 4136 4136 4136 4136 4136 4136 4136 4136 4136 4135 4135 4135 4135 4136 4137 4135 4136 4137 4136 4135 4138 4137 4137 4137 4136 4138 4137 4135 4135 4135 4135 4136 4135 4135 4135 4135 4134 4134 4133 4133 4134
4136 4135 4136 4135 4135 4135 4138 4139 4137 4134 4135 4137 4135 4133 4135 4135 4134 4136 4136 4136 4136 4136 4136 4136 4136 4136 4136 4136 4136 4136 4136 4136 4135 4136 4136 4136 4136 4136 4136 4136 4136 4136 4136 4136 4136 4136 4136 4136 4136 4135 4135 4136 4135 4135 4135 4135 4138 4140 4138 4136 4136 4137 4136 4137 4137 4137 4137 4137 4137 4136 4136 4136 4135 4134 4135 4135 4135 4135 4135 4135 4134 4133 4133 4134
4134 4136 4135 4135 4135 4136 4138 4139 4139 4134 4136 4136 4135 4134 4136 4136 4136 4136 4135 4135 4135 4136 4136 4137 4137 4136 4136 4136 4136 4136 4136 4136 4135 4135 4135 4136 4136 4136 4136 4136 4136 4136 4136 4136 4136 4136 4136 4136 4135 4135 4135 4136 4135 4135 4135 4136 4143 4141 4136 4135 4136 4137 4137 4137 4137 4137 4137 4137 4137 4136 4136 4136 4135 4134 4135 4135 4135 4135 4135 4135 4134 4133 4133 4133
4134 4135 4136 4136 4136 4138 4138 4140 4140 4135 4136 4136 4134 4133 4136 4136 4135 4136 4136 4136 4136 4136 4136 4137 4137 4136 4136 4136 4136 4136 4136 4136 4136 4135 4135 4135 4136 4136 4136 4136 4136 4136 4136 4136 4135 4135 4135 4135 4135 4135 4136 4136 4135 4134 4135 4136 4136 4137 4136 4136 4136 4136 4137 4137 4137 4136 4137 4137 4137 4137 4137 4135 4134 4135 4135 4135 4136 4139 4136 4134 4134 4134 4134 4132
4135 4135 4136 4136 4136 4136 4138 4139 4139 4135 4135 4135 4134 4133 4135 4136 4135 4136 4136 4136 4136 4136 4136 4137 4137 4136 4136 4136 4136 4136 4136 4136 4136 4135 4135 4136 4136 4136 4137 4137 4137 4136 4136 4135 4135 4135 4135 4135 4135 4135 4136 4136 4135 4135 4136 4135 4136 4136 4136 4136 4136 4136 4136 4137 4137 4137 4137 4137 4137 4136 4136 4135 4135 4135 4135 4135 4135 4134 4134 4133 4133 4133 4134 4133
4134 4134 4136 4136 4135 4134 4136 4138 4138 4135 4135 4135 4134 4132 4134 4135 4135 4135 4136 4136 4135 4136 4136 4137 4136 4136 4136 4135 4136 4135 4135 4135 4135 4135 4135 4136 4136 4136 4135 4136 4136 4136 4135 4135 4135 4135 4135 4135 4135 4135 4136 4137 4135 4135 4135 4136 4135 4136 4135 4136 4136 4135 4137 4137 4137 4137 4137 4137 4136 4136 4136 4134 4135 4134 4135 4134 4134 4133 4133 4133 4133 4133 4133 4132
4134 4136 4135 4135 4135 4134 4135 4137 4138 4134 4135 4135 4134 4132 4133 4135 4135 4135 4135 4135 4135 4136 4136 4136 4136 4136 4135 4135 4135 4136 4136 4135 4135 4135 4135 4135 4136 4136 4137 4136 4135 4135 4135 4135 4135 4135 4135 4135 4135 4135 4136 4136 4135 4135 4135 4136 4136 4135 4136 4136 4136 4136 4137 4137 4137 4137 4136 4136 4135 4135 4135 4134 4134 4135 4134 4134 4134 4133 4133 4132 4133 4133 4133 4132
4133 4135 4135 4135 4135 4135 4136 4138 4139 4134 4134 4135 4134 4132 4133 4135 4135 4135 4135 4135 4135 4135 4135 4135 4135 4135 4135 4135 4135 4135 4136 4135 4135 4135 4135 4135 4135 4135 4135 4135 4135 4135 4135 4135 4135 4135 4135 4135 4135 4135 4136 4136 4135 4134 4135 4136 4135 4135 4136 4136 4136 4135 4136 4137 4136 4136 4136 4136 4135 4135 4135 4134 4134 4135 4134 4134 4134 4133 4133 4133 4132 4133 4133 4132
4134 4134 4134 4135 4136 4137 4137 4138 4139 4137 4134 4134 4133 4133 4133 4135 4135 4135 4136 4138 4136 4136 4136 4136 4135 4135 4135 4134 4135 4135 4136 4135 4135 4135 4135 4135 4135 4135 4135 4135 4134 4134 4135 4135 4135 4135 4135 4135 4135 4135 4136 4136 4135 4134 4135 4135 4135 4136 4136 4135 4135 4136 4136 4136 4136 4136 4135 4135 4134 4135 4135 4133 4134 4135 4134 4134 4134 4133 4132 4132 4132 4133 4133 4132
4134 4138 4134 4135 4136 4135 4135 4137 4138 4136 4133 4134 4133 4132 4133 4135 4135 4134 4135 4136 4136 4135 4135 4135 4135 4135 4135 4137 4137 4136 4135 4135 4135 4135 4135 4135 4135 4135 4135 4135 4134 4134 4135 4135 4135 4135 4135 4135 4135 4135 4136 4136 4135 4134 4135 4135 4135 4135 4136 4136 4135 4136 4136 4136 4136 4136 4134 4134 4133 4134 4135 4134 4134 4133 4133 4135 4136 4135 4132 4132 4132 4132 4132 4132
4135 4138 4134 4136 4135 4135 4134 4136 4138 4137 4133 4134 4133 4132 4132 4135 4135 4134 4134 4134 4135 4135 4135 4135 4135 4136 4136 4135 4134 4135 4134 4134 4134 4135 4135 4135 4135 4136 4135 4135 4134 4134 4135 4135 4135 4135 4135 4135 4135 4135 4136 4136 4134 4134 4136 4134 4135 4136 4136 4135 4135 4136 4136 4136 4136 4138 4138 4133 4133 4134 4135 4134 4134 4135 4131 4140 4141 4137 4132 4132 4132 4133 4133 4132
4134 4134 4135 4136 4135 4134 4133 4135 4137 4137 4134 4133 4132 4132 4132 4134 4135 4134 4134 4136 4136 4135 4135 4135 4135 4136 4135 4135 4135 4135 4135 4135 4134 4134 4135 4135 4135 4136 4135 4135 4134 4134 4134 4135 4135 4135 4135 4135 4135 4135 4135 4135 4134 4133 4135 4134 4135 4136 4136 4136 4134 4135 4135 4135 4136 4138 4143 4135 4133 4133 4133 4132 4132 4132 4136 4157 4150 4141 4132 4133 4135 4134 4132 4132
4134 4134 4137 4134 4134 4134 4134 4135 4136 4137 4135 4132 4132 4132 4132 4134 4135 4134 4135 4135 4135 4135 4135 4135 4135 4135 4135 4134 4135 4135 4135 4134 4134 4134 4134 4135 4135 4134 4135 4135 4134 4134 4134 4135 4135 4135 4135 4135 4135 4135 4135 4135 4134 4133 4135 4135 4136 4138 4137 4135 4134 4134 4135 4135 4135 4135 4141 4137 4132 4132 4133 4130 4131 4141 4169 4168 4154 4148 4148 4146 4142 4135 4131 4130
4134 4134 4136 4134 4134 4134 4134 4135 4136 4137 4135 4133 4132 4132 4132 4134 4134 4134 4135 4135 4136 4135 4135 4135 4135 4135 4134 4134 4134 4135 4135 4135 4134 4134 4134 4134 4134 4135 4135 4134 4134 4134 4135 4135 4135 4135 4135 4135 4135 4135 4136 4135 4135 4134 4134 4134 4135 4134 4135 4135 4134 4135 4135 4136 4135 4134 4134 4134 4131 4130 4130 4138 4147 4180 4169 4146 4147 4149 4153 4165 4147 4135 4130 4129
4137 4135 4134 4134 4134 4134 4133 4134 4135 4136 4134 4133 4132 4132 4132 4132 4134 4134 4134 4134 4134 4133 4133 4134 4134 4134 4134 4134 4134 4135 4136 4135 4134 4134 4134 4134 4134 4134 4134 4134 4134 4134 4135 4135 4135 4135 4135 4135 4135 4135 4136 4136 4136 4135 4134 4134 4135 4134 4134 4134 4134 4135 4135 4135 4135 4134 4134 4133 4131 4130 4130 4143 4159 4166 4143 4134 4138 4143 4148 4151 4141 4132 4129 4129
4134 4134 4134 4134 4134 4134 4133 4134 4135 4136 4135 4133 4132 4132 4131 4132 4134 4133 4134 4134 4134 4134 4135 4134 4134 4134 4134 4134 4134 4134 4135 4135 4134 4134 4134 4134 4134 4134 4134 4134 4135 4136 4135 4135 4135 4135 4134 4134 4135 4135 4136 4136 4136 4135 4134 4135 4135 4135 4134 4134 4134 4134 4134 4135 4135 4133 4133 4132 4136 4138 4131 4144 4139 4134 4132 4129 4132 4134 4131 4129 4131 4129 4129 4129
4134 4134 4134 4135 4133 4134 4134 4134 4134 4134 4135 4133 4132 4131 4131 4132 4133 4133 4133 4133 4134 4134 4135 4134 4134 4134 4134 4134 4134 4134 4134 4134 4134 4134 4134 4134 4134 4134 4134 4134 4134 4134 4134 4135 4135 4134 4134 4134 4135 4135 4136 4136 4136 4135 4135 4134 4134 4134 4134 4133 4134 4135 4134 4134 4135 4134 4134 4132 4142 4159 4168 4150 4131 4123 4124 4128 4131 4133 4132 4127 4127 4129 4130 4132
4133 4134 4134 4133 4134 4134 4133 4133 4133 4133 4136 4133 4132 4131 4131 4131 4133 4134 4133 4133 4133 4133 4134 4134 4134 4134 4134 4134 4134 4133 4132 4134 4134 4134 4134 4134 4135 4135 4134 4134 4134 4134 4134 4134 4134 4134 4134 4134 4135 4135 4135 4136 4136 4136 4133 4134 4134 4135 4135 4133 4134 4135 4134 4134 4135 4134 4133 4132 4146 4166 4178 4133 4129 4124 4124 4128 4132 4138 4137 4126 4126 4128 4129 4131
4135 4134 4133 4133 4133 4133 4133 4132 4132 4133 4135 4132 4131 4131 4130 4130 4134 4134 4133 4133 4133 4133 4134 4134 4134 4134 4134 4134 4134 4134 4133 4133 4134 4134 4134 4135 4135 4135 4134 4134 4134 4133 4134 4134 4134 4134 4134 4134 4134 4135 4135 4135 4135 4135 4133 4133 4134 4135 4134 4133 4133 4134 4134 4134 4140 4137 4134 4133 4142 4152 4148 4131 4128 4125 4125 4127 4131 4134 4133 4126 4126 4128 4128 4127
4133 4133 4132 4132 4134 4134 4133 4133 4133 4133 4135 4132 4132 4131 4130 4130 4133 4133 4133 4133 4133 4133 4133 4133 4134 4134 4135 4135 4134 4133 4132 4133 4134 4134 4134 4134 4135 4135 4134 4134 4134 4133 4134 4134 4134 4134 4134 4134 4134 4135 4135 4135 4135 4135 4133 4133 4134 4134 4133 4132 4133 4133 4133 4141 4150 4148 4139 4139 4138 4140 4136 4128 4128 4126 4125 4127 4130 4132 4130 4126 4127 4129 4127 4127
4132 4131 4131 4131 4133 4134 4133 4133 4133 4133 4135 4132 4132 4132 4132 4132 4132 4133 4133 4133 4134 4132 4133 4133 4133 4134 4135 4135 4133 4133 4132 4134 4134 4134 4134 4134 4134 4134 4134 4134 4134 4133 4134 4134 4134 4134 4134 4134 4134 4134 4135 4135 4135 4134 4133 4132 4134 4134 4134 4132 4135 4133 4137 4146 4146 4142 4138 4135 4136 4135 4131 4126 4127 4125 4125 4126 4130 4134 4132 4127 4125 4125 4126 4126
4130 4130 4131 4131 4133 4133 4133 4132 4132 4133 4134 4135 4132 4132 4133 4133 4131 4132 4132 4133 4132 4132 4132 4133 4133 4133 4134 4133 4133 4133 4133 4133 4134 4134 4134 4133 4133 4133 4134 4134 4134 4133 4134 4133 4133 4133 4133 4133 4134 4135 4135 4135 4135 4135 4133 4132 4132 4133 4133 4132 4141 4132 4137 4140 4140 4142 4144 4141 4137 4130 4127 4126 4126 4125 4125 4125 4131 4141 4135 4127 4124 4125 4125 4125
4130 4130 4130 4131 4132 4132 4132 4132 4132 4133 4135 4134 4133 4133 4134 4135 4132 4132 4133 4133 4133 4133 4132 4133 4133 4133 4133 4134 4135 4133 4132 4133 4133 4133 4133 4133 4133 4133 4133 4134 4134 4133 4133 4133 4132 4133 4133 4133 4134 4136 4136 4136 4135 4134 4133 4133 4132 4133 4133 4132 4133 4133 4135 4142 4145 4147 4154 4152 4142 4132 4130 4128 4126 4125 4125 4126 4131 4136 4133 4126 4125 4126 4126 4125
4131 4130 4130 4131 4131 4132 4132 4132 4132 4133 4136 4135 4131 4133 4134 4134 4132 4132 4132 4133 4133 4133 4132 4132 4133 4133 4133 4133 4133 4132 4132 4132 4133 4133 4133 4133 4133 4133 4133 4133 4134 4134 4133 4133 4133 4133 4133 4132 4133 4136 4139 4139 4135 4134 4133 4132 4133 4133 4133 4132 4133 4133 4138 4140 4141 4142 4147 4150 4147 4143 4133 4129 4125 4125 4126 4126 4127 4131 4128 4124 4124 4127 4126 4125
4130 4130 4130 4131 4133 4132 4132 4132 4133 4134 4136 4136 4132 4133 4134 4133 4133 4132 4132 4132 4132 4132 4132 4132 4133 4133 4133 4132 4131 4132 4132 4132 4133 4133 4133 4133 4133 4133 4133 4134 4133 4133 4133 4134 4136 4136 4134 4132 4132 4137 4147 4153 4148 4145 4140 4132 4130 4142 4142 4132 4146 4152 4144 4139 4139 4145 4149 4153 4149 4139 4131 4125 4125 4127 4131 4131 4127 4127 4127 4124 4124 4125 4125 4125
4130 4130 4130 4130 4131 4132 4132 4132 4131 4133 4136 4137 4133 4133 4133 4132 4131 4132 4132 4132 4132 4132 4132 4132 4132 4133 4133 4133 4131 4131 4132 4132 4133 4133 4133 4133 4133 4133 4133 4130 4131 4133 4133 4135 4138 4143 4140 4133 4133 4142 4159 4176 4190 4177 4161 4137 4158 4196 4204 4222 4197 4161 4145 4139 4140 4154 4185 4168 4151 4140 4130 4126 4128 4132 4140 4145 4137 4133 4133 4127 4123 4124 4124 4124
4130 4130 4130 4130 4130 4132 4131 4131 4131 4133 4135 4135 4131 4132 4132 4132 4130 4132 4132 4132 4132 4132 4132 4132 4132 4132 4132 4132 4132 4131 4132 4132 4132 4133 4133 4133 4132 4132 4131 4130 4129 4132 4133 4140 4154 4160 4169 4167 4159 4160 4171 4190 4219 4205 4198 4218 4275 4278 4261 4279 4214 4170 4146 4140 4139 4145 4179 4168 4145 4135 4149 4134 4127 4138 4150 4167 4201 4169 4152 4137 4125 4125 4123 4123
4130 4129 4129 4129 4130 4131 4131 4131 4131 4133 4134 4135 4131 4131 4131 4131 4130 4131 4132 4132 4132 4132 4131 4132 4132 4132 4132 4133 4133 4131 4132 4132 4132 4132 4133 4132 4132 4131 4131 4130 4129 4131 4147 4163 4173 4174 4174 4179 4192 4180 4175 4180 4185 4205 4220 4252 4283 4271 4211 4189 4180 4158 4142 4131 4133 4140 4166 4154 4138 4130 4132 4131 4138 4141 4150 4166 4178 4175 4174 4162 4136 4122 4122 4124
4130 4129 4129 4129 4129 4131 4131 4131 4131 4132 4134 4134 4132 4131 4131 4131 4131 4132 4133 4132 4132 4132 4132 4132 4132 4132 4132 4132 4132 4131 4132 4132 4132 4133 4132 4132 4132 4132 4132 4135 4134 4132 4168 4192 4193 4188 4160 4151 4142 4159 4174 4184 4197 4204 4218 4228 4244 4246 4199 4172 4157 4152 4142 4129 4128 4131 4137 4139 4132 4130 4131 4130 4131 4134 4142 4150 4160 4194 4197 4190 4151 4119 4122 4124
4130 4129 4129 4129 4129 4131 4131 4131 4130 4131 4133 4134 4133 4130 4131 4131 4130 4131 4132 4132 4132 4132 4131 4132 4132 4132 4132 4132 4131 4131 4131 4131 4132 4132 4132 4132 4132 4133 4136 4139 4151 4173 4182 4198 4200 4212 4259 4185 4134 4153 4178 4200 4207 4208 4208 4210 4213 4194 4176 4164 4151 4149 4143 4130 4131 4128 4131 4133 4132 4131 4131 4131 4129 4131 4138 4145 4168 4209 4205 4199 4154 4120 4122 4124
4129 4128 4128 4129 4129 4130 4131 4131 4130 4130 4132 4134 4134 4131 4131 4131 4130 4130 4132 4132 4132 4132 4131 4131 4132 4132 4132 4132 4132 4131 4131 4131 4132 4132 4132 4132 4133 4134 4135 4137 4146 4159 4171 4171 4188 4196 4189 4187 4162 4166 4186 4207 4216 4202 4192 4183 4176 4165 4151 4149 4146 4146 4145 4137 4135 4130 4131 4132 4132 4135 4134 4130 4128 4133 4142 4152 4169 4230 4198 4152 4130 4120 4122 4125
4129 4128 4128 4128 4129 4130 4131 4130 4130 4130 4132 4134 4134 4131 4131 4131 4130 4130 4132 4132 4131 4131 4131 4131 4132 4132 4132 4132 4131 4131 4131 4132 4132 4132 4132 4132 4133 4133 4132 4135 4137 4145 4168 4179 4189 4174 4157 4172 4185 4175 4184 4201 4199 4188 4173 4156 4136 4136 4136 4140 4141 4149 4155 4150 4145 4138 4139 4136 4133 4144 4143 4136 4137 4143 4155 4175 4212 4238 4184 4129 4120 4122 4122 4130
4129 4129 4128 4128 4129 4130 4130 4130 4130 4130 4132 4134 4134 4130 4131 4131 4130 4129 4131 4131 4130 4131 4131 4131 4132 4132 4132 4132 4131 4131 4131 4132 4132 4132 4132 4132 4132 4134 4137 4138 4139 4150 4174 4217 4195 4162 4142 4149 4154 4165 4173 4187 4183 4173 4162 4147 4133 4136 4136 4139 4142 4151 4158 4156 4152 4152 4148 4144 4141 4146 4152 4153 4156 4166 4165 4176 4203 4200 4167 4128 4125 4131 4133 4146
4129 4128 4128 4128 4128 4129 4130 4130 4130 4130 4132 4133 4134 4131 4131 4131 4130 4129 4131 4131 4131 4131 4131 4131 4132 4132 4132 4131 4131 4131 4131 4132 4132 4132 4132 4133 4135 4139 4142 4143 4143 4149 4160 4160 4158 4158 4152 4140 4142 4152 4154 4145 4159 4163 4158 4149 4139 4138 4138 4142 4147 4157 4165 4172 4176 4175 4165 4157 4160 4170 4176 4169 4171 4170 4167 4158 4160 4180 4161 4133 4141 4170 4202 4169
4129 4128 4128 4128 4128 4128 4130 4130 4130 4130 4131 4133 4134 4131 4131 4130 4129 4128 4132 4132 4130 4130 4131 4131 4132 4132 4132 4131 4130 4130 4131 4131 4132 4132 4131 4134 4140 4147 4152 4154 4154 4152 4149 4140 4139 4145 4144 4140 4142 4149 4155 4159 4160 4163 4161 4155 4148 4144 4144 4151 4161 4170 4174 4192 4195 4204 4180 4169 4171 4192 4192 4193 4190 4185 4179 4174 4179 4184 4183 4168 4154 4153 4174 4168
4128 4128 4127 4127 4128 4128 4129 4129 4129 4130 4131 4132 4133 4131 4131 4130 4129 4129 4130 4131 4131 4130 4130 4131 4131 4131 4131 4131 4130 4130 4130 4131 4135 4139 4139 4139 4147 4158 4168 4173 4169 4165 4152 4139 4133 4138 4142 4141 4148 4155 4163 4167 4171 4171 4172 4168 4162 4151 4147 4168 4183 4195 4203 4198 4229 4223 4197 4190 4193 4205 4211 4216 4211 4204 4192 4181 4194 4214 4195 4171 4162 4150 4156 4154
