real_craters/C144-750m.grd
DSAA
123 123
-45.71 45.71
-45.71 45.71
2933.4141668711 4856.6962965507
[rows 38 to 75 of 123, columns 0 to 83 of 123]
4128 4127 4127 4127 4127 4128 4129 4129 4129 4129 4130 4132 4133 4132 4130 4130 4130 4129 4130 4132 4131 4130 4130 4130 4130 4131 4130 4130 4130 4131 4130 4130 4138 4149 4145 4143 4152 4168 4183 4194 4210 4181 4162 4143 4132 4133 4145 4158 4162 4166 4177 4183 4186 4188 4188 4187 4183 4188 4195 4204 4217 4234 4240 4246 4250 4242 4237 4220 4225 4225 4221 4231 4223 4212 4201 4189 4208 4236 4219 4189 4174 4154 4143 4145
4128 4127 4127 4127 4127 4128 4129 4129 4129 4129 4129 4131 4133 4132 4129 4129 4130 4131 4132 4130 4130 4130 4130 4130 4130 4131 4130 4130 4130 4131 4130 4130 4137 4146 4143 4144 4155 4174 4196 4216 4222 4199 4172 4149 4134 4133 4147 4165 4170 4174 4184 4195 4203 4209 4217 4221 4220 4222 4216 4250 4287 4294 4284 4274 4292 4262 4238 4242 4268 4276 4237 4239 4236 4229 4223 4219 4222 4226 4235 4220 4193 4177 4141 4148
4127 4127 4127 4127 4127 4127 4128 4129 4129 4129 4129 4131 4132 4132 4129 4129 4131 4133 4132 4135 4131 4130 4131 4130 4130 4130 4130 4130 4130 4131 4130 4130 4133 4136 4138 4143 4154 4171 4199 4229 4255 4208 4176 4152 4136 4132 4143 4157 4166 4174 4188 4205 4227 4245 4253 4258 4265 4258 4272 4321 4341 4340 4336 4321 4326 4291 4267 4295 4303 4289 4260 4252 4256 4257 4257 4253 4238 4222 4216 4223 4209 4185 4164 4169
4128 4127 4127 4127 4127 4127 4128 4129 4129 4129 4129 4130 4132 4132 4129 4129 4130 4131 4130 4130 4131 4129 4131 4133 4131 4129 4129 4129 4130 4131 4131 4130 4130 4131 4131 4140 4152 4167 4188 4203 4209 4193 4172 4152 4137 4135 4142 4153 4166 4178 4191 4223 4264 4300 4325 4324 4330 4358 4368 4443 4470 4464 4421 4441 4417 4343 4349 4308 4309 4301 4280 4279 4287 4292 4288 4280 4258 4238 4232 4233 4228 4225 4229 4211
4127 4127 4126 4126 4127 4127 4128 4129 4129 4129 4129 4130 4131 4131 4129 4128 4129 4130 4129 4130 4130 4129 4130 4130 4129 4129 4129 4129 4130 4131 4130 4130 4129 4129 4129 4138 4150 4162 4176 4177 4177 4175 4165 4151 4137 4136 4144 4159 4174 4190 4203 4245 4293 4345 4394 4429 4408 4354 4508 4582 4642 4683 4590 4673 4670 4592 4546 4412 4334 4300 4293 4311 4326 4331 4318 4286 4281 4271 4267 4259 4257 4256 4291 4247
4127 4127 4126 4126 4127 4127 4128 4128 4129 4129 4129 4129 4129 4130 4130 4128 4129 4129 4129 4129 4129 4129 4129 4129 4129 4129 4130 4132 4131 4130 4130 4130 4130 4130 4130 4136 4148 4159 4171 4172 4173 4169 4163 4151 4139 4135 4138 4162 4197 4226 4251 4289 4333 4385 4451 4506 4588 4548 4645 4620 4605 4637 4638 4626 4671 4767 4703 4604 4441 4371 4378 4380 4386 4382 4367 4333 4315 4304 4293 4287 4294 4306 4266 4257
4126 4127 4126 4126 4127 4127 4127 4128 4129 4129 4129 4128 4128 4129 4130 4128 4129 4129 4129 4130 4129 4129 4129 4129 4129 4129 4129 4130 4130 4130 4130 4129 4129 4129 4130 4136 4150 4163 4175 4174 4177 4177 4168 4158 4143 4135 4131 4180 4246 4292 4313 4343 4358 4384 4432 4513 4671 4664 4535 4423 4370 4427 4460 4499 4584 4727 4748 4678 4664 4622 4489 4472 4452 4432 4412 4376 4351 4336 4322 4302 4286 4283 4293 4270
4126 4127 4126 4126 4126 4127 4127 4128 4128 4129 4129 4128 4128 4129 4130 4128 4129 4129 4129 4129 4129 4129 4129 4128 4128 4128 4128 4128 4127 4127 4129 4129 4129 4128 4129 4135 4153 4172 4191 4206 4198 4189 4177 4168 4161 4148 4174 4242 4330 4393 4404 4399 4368 4348 4338 4360 4387 4256 4093 4030 3991 3959 3981 4031 4135 4271 4482 4555 4728 4730 4717 4563 4509 4489 4458 4417 4382 4347 4336 4312 4276 4267 4285 4267
4126 4127 4126 4126 4126 4127 4128 4128 4128 4128 4128 4128 4128 4130 4131 4128 4128 4129 4129 4127 4129 4129 4128 4128 4127 4128 4128 4128 4125 4124 4127 4136 4131 4137 4131 4139 4171 4188 4203 4215 4209 4195 4181 4179 4177 4178 4249 4331 4429 4539 4554 4450 4349 4249 4172 4094 3992 3820 3683 3654 3629 3579 3576 3648 3730 3850 4025 4115 4298 4480 4516 4492 4495 4526 4574 4511 4425 4345 4333 4306 4257 4245 4248 4244
4126 4126 4126 4126 4126 4127 4127 4128 4129 4128 4128 4128 4128 4130 4130 4128 4128 4129 4129 4127 4129 4129 4128 4128 4128 4128 4128 4127 4122 4120 4122 4156 4241 4240 4214 4212 4215 4208 4204 4199 4195 4184 4183 4183 4178 4182 4303 4409 4508 4605 4569 4440 4274 4108 3937 3781 3629 3462 3338 3345 3344 3337 3355 3439 3495 3525 3610 3721 3861 4055 4195 4312 4412 4527 4601 4590 4469 4331 4301 4288 4251 4244 4251 4249
4126 4126 4126 4126 4126 4127 4127 4128 4128 4128 4128 4128 4128 4129 4131 4128 4128 4129 4128 4127 4128 4128 4128 4128 4128 4128 4128 4127 4121 4117 4122 4160 4228 4289 4300 4315 4253 4216 4191 4186 4176 4171 4176 4188 4216 4244 4383 4472 4548 4659 4566 4356 4146 3933 3726 3510 3306 3222 3212 3163 3152 3098 3135 3355 3461 3458 3426 3394 3494 3723 3927 4094 4258 4454 4705 4690 4524 4336 4288 4273 4267 4266 4277 4275
4127 4126 4126 4127 4127 4127 4127 4127 4128 4128 4128 4127 4127 4129 4131 4128 4128 4128 4128 4127 4128 4128 4128 4128 4129 4128 4127 4126 4119 4115 4120 4151 4206 4228 4270 4261 4241 4207 4167 4147 4152 4161 4175 4201 4268 4406 4499 4507 4502 4533 4419 4208 3989 3771 3556 3352 3228 3211 3116 3039 3074 3051 3080 3231 3380 3382 3356 3321 3281 3448 3668 3874 4066 4261 4480 4685 4587 4419 4327 4271 4290 4283 4282 4265
4126 4127 4126 4126 4126 4127 4128 4130 4128 4128 4127 4128 4128 4129 4130 4128 4128 4128 4128 4127 4128 4128 4128 4128 4128 4127 4126 4127 4125 4125 4123 4137 4213 4241 4256 4237 4228 4196 4166 4149 4149 4157 4175 4230 4342 4512 4579 4500 4384 4281 4171 4015 3829 3629 3449 3285 3218 3179 3082 3072 3097 3135 3091 3210 3287 3279 3208 3175 3198 3254 3482 3696 3881 4051 4303 4588 4659 4604 4434 4310 4315 4290 4263 4239
4126 4126 4126 4126 4126 4127 4127 4127 4127 4128 4127 4127 4127 4129 4130 4128 4127 4128 4128 4127 4127 4128 4128 4127 4127 4127 4126 4131 4139 4150 4163 4192 4237 4286 4251 4258 4232 4198 4176 4164 4158 4165 4182 4218 4335 4524 4604 4466 4258 4058 3951 3828 3670 3504 3357 3218 3208 3157 3091 3134 3102 3098 3077 3115 3227 3191 3176 3125 3189 3270 3400 3565 3731 3883 4135 4464 4657 4695 4518 4357 4328 4302 4266 4227
4126 4125 4126 4125 4125 4126 4127 4126 4127 4127 4127 4126 4128 4129 4130 4128 4127 4128 4127 4126 4127 4128 4128 4127 4127 4127 4125 4134 4149 4169 4199 4231 4207 4180 4199 4218 4209 4186 4163 4164 4168 4178 4198 4234 4308 4411 4576 4412 4169 3946 3810 3686 3552 3413 3276 3171 3138 3116 3066 3049 3056 3046 3093 3153 3153 3110 3039 3017 3007 3206 3315 3457 3632 3847 4049 4254 4554 4690 4560 4376 4343 4325 4293 4267
4126 4125 4125 4125 4125 4126 4126 4126 4127 4127 4127 4126 4128 4129 4130 4129 4127 4127 4127 4126 4126 4128 4128 4128 4127 4127 4126 4136 4153 4176 4204 4217 4187 4136 4159 4179 4185 4177 4173 4170 4178 4191 4220 4257 4315 4371 4551 4366 4094 3881 3703 3576 3457 3333 3220 3138 3163 3100 3048 3029 3028 3027 3037 3078 3077 3052 2999 2969 2969 3033 3202 3349 3520 3756 3947 4152 4473 4649 4612 4510 4415 4363 4322 4290
4126 4126 4125 4125 4125 4126 4126 4126 4126 4127 4127 4127 4127 4129 4130 4129 4127 4127 4126 4125 4126 4128 4128 4127 4127 4127 4126 4134 4147 4164 4183 4201 4179 4154 4166 4174 4172 4166 4172 4174 4181 4202 4239 4300 4386 4474 4554 4298 3987 3737 3597 3480 3368 3272 3179 3114 3101 3084 3043 3020 3021 3018 3028 3032 3036 3005 2946 2951 2958 2994 3119 3259 3398 3527 3819 4100 4419 4617 4655 4640 4501 4402 4344 4298
4125 4126 4126 4125 4124 4126 4126 4126 4126 4127 4127 4127 4127 4128 4130 4129 4126 4126 4126 4125 4125 4127 4128 4128 4127 4127 4125 4129 4136 4143 4147 4153 4203 4206 4205 4185 4161 4159 4161 4171 4186 4208 4243 4316 4465 4568 4521 4192 3851 3616 3511 3416 3330 3243 3167 3100 3110 3093 3061 3042 3027 3018 3010 2999 2983 2945 2939 2944 2948 2984 3077 3194 3336 3506 3781 4089 4393 4564 4648 4653 4476 4409 4358 4324
4125 4125 4126 4125 4124 4125 4126 4125 4125 4128 4127 4127 4127 4128 4130 4129 4125 4126 4126 4125 4124 4127 4127 4126 4126 4126 4124 4124 4124 4122 4119 4116 4197 4266 4261 4223 4191 4173 4172 4177 4188 4209 4250 4358 4523 4567 4320 4017 3744 3560 3464 3384 3304 3236 3183 3155 3161 3115 3082 3065 3056 3045 3015 2992 2980 2935 2933 2935 2948 2987 3063 3164 3302 3516 3760 4056 4315 4475 4613 4628 4482 4413 4363 4320
4124 4124 4126 4125 4124 4126 4125 4125 4125 4127 4127 4126 4126 4127 4129 4130 4125 4126 4126 4125 4124 4126 4126 4126 4125 4125 4124 4121 4117 4116 4105 4112 4176 4265 4304 4264 4222 4197 4189 4189 4192 4207 4249 4374 4556 4512 4114 3844 3696 3550 3442 3361 3291 3221 3172 3156 3136 3119 3096 3086 3142 3149 3129 3097 3052 2992 2946 2944 2956 2992 3054 3138 3244 3419 3697 3969 4154 4386 4581 4645 4513 4427 4370 4314
4124 4124 4125 4126 4125 4125 4125 4124 4125 4126 4127 4126 4126 4126 4127 4127 4125 4126 4126 4125 4125 4126 4126 4125 4125 4125 4125 4122 4118 4113 4113 4106 4138 4256 4328 4297 4236 4223 4219 4207 4201 4208 4242 4389 4580 4500 4048 3777 3695 3556 3443 3353 3277 3197 3132 3104 3118 3126 3130 3158 3240 3307 3323 3297 3149 3015 2945 2952 2972 3002 3060 3141 3234 3397 3645 3898 4116 4325 4583 4655 4501 4447 4386 4320
4124 4126 4138 4128 4126 4124 4124 4124 4124 4128 4127 4126 4125 4125 4124 4124 4127 4126 4125 4124 4124 4126 4126 4125 4125 4125 4126 4124 4122 4122 4122 4118 4128 4242 4345 4324 4282 4259 4251 4232 4214 4212 4242 4390 4561 4483 4149 3873 3710 3553 3441 3351 3262 3176 3106 3097 3124 3154 3191 3246 3368 3445 3532 3347 3239 3079 2986 2988 3005 3017 3070 3144 3251 3407 3604 3800 3936 4230 4580 4723 4587 4501 4415 4337
4124 4125 4126 4128 4127 4124 4123 4124 4124 4126 4126 4125 4125 4124 4124 4124 4129 4125 4125 4124 4124 4126 4126 4126 4125 4125 4125 4127 4129 4131 4132 4129 4123 4220 4346 4341 4315 4343 4308 4259 4226 4212 4237 4373 4507 4453 4236 3957 3662 3543 3446 3346 3245 3159 3097 3091 3134 3186 3249 3328 3388 3468 3490 3471 3316 3169 3044 3027 3027 3036 3083 3150 3232 3384 3569 3737 3851 4153 4532 4709 4672 4546 4432 4343
4123 4124 4125 4129 4126 4124 4124 4124 4124 4125 4125 4125 4124 4124 4124 4125 4127 4125 4125 4123 4123 4125 4125 4126 4125 4125 4125 4126 4127 4129 4131 4134 4124 4195 4316 4329 4316 4299 4300 4270 4234 4212 4231 4354 4440 4418 4277 4029 3704 3583 3472 3362 3256 3165 3106 3128 3154 3208 3280 3391 3491 3471 3452 3376 3254 3130 3067 3057 3054 3063 3100 3165 3264 3394 3551 3714 3799 4111 4532 4686 4619 4516 4417 4337
4123 4123 4124 4127 4126 4125 4124 4124 4124 4125 4125 4126 4127 4127 4126 4125 4127 4125 4125 4124 4122 4123 4124 4125 4124 4124 4124 4125 4126 4128 4128 4126 4121 4157 4219 4260 4306 4317 4308 4274 4243 4227 4259 4387 4456 4423 4294 4106 3856 3677 3533 3398 3273 3170 3119 3152 3155 3191 3247 3320 3406 3420 3355 3254 3175 3113 3081 3073 3072 3081 3115 3176 3261 3391 3539 3715 3834 4167 4629 4696 4548 4446 4383 4321
4123 4123 4124 4126 4125 4124 4124 4124 4124 4125 4125 4127 4129 4128 4126 4125 4127 4124 4124 4123 4123 4123 4125 4125 4124 4124 4124 4125 4126 4127 4126 4125 4123 4126 4121 4182 4276 4355 4318 4284 4259 4254 4316 4467 4578 4487 4319 4110 3966 3764 3583 3422 3284 3168 3091 3103 3129 3155 3183 3216 3281 3286 3238 3182 3143 3111 3087 3087 3088 3095 3130 3206 3308 3407 3532 3715 3991 4346 4682 4658 4497 4393 4349 4308
4123 4124 4124 4125 4127 4125 4124 4124 4124 4125 4131 4132 4128 4124 4125 4126 4125 4124 4124 4124 4123 4123 4125 4125 4124 4124 4125 4125 4126 4127 4126 4125 4125 4121 4111 4163 4272 4354 4312 4288 4273 4274 4342 4518 4632 4533 4376 4188 4035 3815 3627 3452 3301 3171 3096 3102 3114 3123 3122 3113 3112 3146 3136 3119 3106 3086 3068 3070 3080 3084 3131 3237 3358 3440 3540 3718 4184 4561 4603 4579 4470 4372 4318 4290
4123 4124 4125 4125 4125 4124 4123 4124 4125 4125 4133 4133 4128 4125 4125 4125 4125 4125 4124 4124 4124 4123 4125 4124 4124 4124 4124 4125 4126 4127 4129 4129 4125 4123 4118 4162 4277 4307 4300 4289 4289 4319 4387 4494 4560 4529 4430 4307 4037 3819 3646 3480 3322 3186 3114 3118 3114 3108 3092 3065 3046 3048 3063 3065 3059 3048 3045 3053 3062 3077 3140 3267 3395 3483 3581 3805 4303 4668 4605 4535 4418 4317 4286 4271
4123 4124 4125 4124 4124 4124 4124 4124 4125 4128 4126 4127 4126 4124 4124 4124 4125 4125 4123 4124 4124 4124 4124 4124 4123 4124 4124 4125 4125 4127 4129 4130 4122 4125 4164 4256 4304 4317 4292 4278 4282 4313 4360 4416 4475 4501 4465 4287 3959 3809 3661 3506 3353 3210 3137 3135 3124 3107 3087 3064 3044 3033 3036 3036 3033 3036 3044 3050 3058 3076 3172 3368 3499 3569 3646 3867 4340 4725 4642 4508 4381 4284 4259 4255
4123 4124 4124 4124 4124 4124 4124 4124 4125 4125 4126 4125 4125 4124 4124 4124 4125 4125 4123 4124 4124 4124 4124 4124 4123 4123 4123 4123 4124 4125 4125 4122 4116 4123 4162 4195 4296 4297 4269 4258 4261 4269 4307 4335 4396 4492 4525 4418 4007 3849 3693 3532 3384 3274 3177 3165 3156 3131 3101 3074 3059 3036 3034 3031 3032 3047 3059 3064 3071 3114 3281 3526 3654 3685 3746 3941 4311 4598 4564 4458 4348 4265 4241 4242
4123 4124 4124 4124 4123 4124 4124 4125 4125 4124 4124 4124 4124 4124 4124 4124 4125 4126 4123 4124 4124 4124 4123 4124 4123 4123 4123 4123 4124 4124 4125 4120 4109 4118 4168 4238 4324 4284 4236 4231 4241 4260 4284 4318 4396 4501 4576 4520 4173 3991 3800 3601 3421 3297 3338 3259 3211 3161 3120 3087 3061 3046 3042 3042 3048 3070 3080 3096 3163 3318 3501 3639 3729 3802 3892 4060 4298 4463 4466 4407 4324 4238 4232 4238
4123 4124 4125 4124 4123 4123 4122 4124 4125 4126 4124 4125 4124 4124 4124 4124 4125 4126 4123 4124 4124 4124 4123 4124 4123 4123 4123 4124 4124 4124 4124 4117 4104 4110 4189 4312 4315 4252 4201 4205 4223 4248 4271 4309 4393 4505 4599 4573 4425 4176 3951 3718 3483 3282 3333 3329 3257 3190 3129 3089 3070 3062 3069 3067 3079 3095 3100 3173 3322 3550 3651 3618 3759 3927 4075 4216 4350 4434 4431 4381 4318 4270 4243 4237
4124 4125 4126 4125 4123 4122 4122 4123 4125 4126 4124 4125 4125 4124 4124 4124 4125 4126 4123 4123 4124 4124 4123 4124 4123 4123 4123 4123 4123 4124 4125 4113 4099 4103 4182 4314 4336 4248 4181 4187 4212 4243 4260 4292 4373 4476 4598 4649 4492 4348 4117 3863 3611 3360 3347 3354 3295 3215 3131 3095 3088 3076 3130 3150 3153 3151 3202 3403 3487 3630 3609 3594 3818 4082 4286 4391 4439 4459 4430 4373 4320 4279 4253 4236
4123 4124 4125 4123 4123 4123 4123 4124 4124 4125 4124 4125 4125 4125 4124 4124 4125 4126 4123 4122 4126 4129 4123 4125 4123 4123 4123 4123 4123 4123 4124 4111 4096 4099 4163 4278 4348 4264 4183 4179 4199 4228 4244 4285 4334 4406 4481 4577 4670 4522 4294 4044 3800 3610 3446 3409 3361 3274 3164 3113 3118 3167 3207 3255 3248 3253 3331 3464 3538 3624 3665 3709 3960 4274 4515 4554 4510 4463 4406 4352 4309 4276 4251 4232
4123 4124 4124 4124 4123 4123 4123 4123 4124 4125 4124 4126 4126 4126 4123 4123 4125 4126 4123 4123 4124 4124 4123 4124 4123 4123 4125 4124 4123 4123 4124 4109 4095 4096 4149 4280 4357 4275 4195 4169 4175 4190 4209 4229 4279 4327 4383 4513 4672 4612 4430 4223 3982 3716 3557 3525 3478 3399 3280 3190 3193 3221 3255 3251 3312 3381 3431 3555 3589 3660 3727 3845 4129 4436 4701 4627 4506 4418 4355 4313 4285 4261 4241 4228
4123 4124 4125 4126 4123 4123 4123 4123 4124 4124 4124 4125 4125 4124 4124 4124 4125 4126 4124 4126 4128 4122 4121 4122 4123 4131 4127 4124 4122 4123 4123 4109 4096 4095 4135 4258 4341 4258 4167 4153 4162 4172 4184 4204 4234 4269 4306 4443 4598 4612 4517 4403 4251 4020 3827 3753 3691 3598 3504 3371 3278 3276 3299 3298 3396 3508 3518 3583 3652 3790 4015 4155 4302 4455 4592 4546 4446 4328 4282 4272 4260 4247 4234 4223
4124 4124 4124 4124 4123 4124 4123 4123 4124 4124 4124 4124 4124 4124 4124 4123 4125 4126 4124 4122 4122 4122 4121 4122 4123 4122 4123 4123 4122 4123 4122 4111 4101 4098 4123 4224 4265 4231 4163 4155 4166 4167 4171 4189 4212 4243 4286 4378 4497 4542 4531 4531 4544 4455 4200 4058 3950 3841 3684 3621 3556 3475 3501 3475 3514 3539 3614 3798 3978 4175 4423 4528 4459 4403 4367 4410 4397 4348 4267 4250 4240 4233 4231 4213
4122 4123 4124 4124 4124 4123 4122 4123 4126 4125 4124 4124 4124 4124 4124 4124 4125 4126 4125 4122 4123 4122 4121 4122 4122 4122 4122 4122 4123 4122 4122 4114 4108 4113 4139 4246 4251 4232 4207 4186 4173 4164 4158 4170 4196 4233 4276 4315 4351 4388 4473 4569 4680 4608 4463 4341 4244 4150 4039 4006 3960 3941 3934 3885 3912 3944 4001 4214 4427 4590 4768 4673 4516 4398 4334 4323 4312 4294 4268 4240 4222 4209 4195 4199
