real_craters/C144-500m.grd
DSAA
184 184
-45.71 45.71
-45.71 45.71
2932.9156578142 4838.8260766621
[rows 90 to 119 of 184, columns 67 to 133 of 184]
4501.26 4388.88 4236.34 4061.24 3847.64 3662.09 3576.35 3509.12 3445.94 3378.1 3312.72 3245.41 3186.63 3133.49 3097.06 3086.4 3099.95 3133.55 3168.86 3205.07 3249.37 3300.23 3355.04 3387.56 3445.9 3482.65 3490.35 3483.6 3424.21 3315.64 3228.42 3105.89 3043.95 3029.75 3027.93 3027.16 3027.47 3050.07 3083.46 3125.35 3175.36 3232.19 3323.48 3446.27 3569.3 3683.71 3782.1 3850.99 4025.97 4285.34 4532.04 4688.74 4706.79 4672.02 4589.91 4504.36 4431.83 4370.39 4319.07 4275.25 4245.91 4227.64 4217.19 4212.33 4209.97 4227.19 4217.8
4467.12 4385.3 4268.56 4123 3881.67 3672.85 3593.27 3528.7 3460.7 3387.51 3317.16 3248.03 3189.14 3137.74 3100.97 3101.19 3117.7 3146.42 3181.08 3223.5 3274.77 3342.67 3429.75 3461.53 3469.53 3484.36 3481.28 3452.26 3391.64 3285.51 3189.88 3103.61 3059.8 3051.18 3047.76 3044.65 3046.23 3064.84 3093.99 3134.6 3187.24 3257.27 3342.04 3443.99 3553.52 3665.14 3760.48 3822.47 3985.39 4262.27 4516.92 4662.07 4686.67 4638.69 4570.92 4494.29 4424.94 4365.96 4316.5 4278.86 4248.29 4230.75 4223.27 4222.33 4245.77 4242.44 4238.15
4426.49 4378.95 4283.22 4150.23 3943.06 3751.25 3652.24 3568.46 3490.01 3410.71 3333.29 3259.72 3197.24 3146.13 3125.91 3158.66 3151.28 3159.65 3187.29 3228.05 3278 3341.68 3425.37 3488.21 3472.36 3436.47 3408.15 3363.8 3291.62 3223.35 3151.27 3095.69 3072.28 3064.26 3061.21 3062.38 3065.66 3079.91 3104.92 3144.59 3195.25 3266.45 3348.43 3443.48 3546.83 3659.16 3764.22 3795.46 3957.13 4277.08 4562.71 4690.67 4671.4 4598.26 4520.15 4463.35 4406.64 4355.2 4309.39 4270.66 4243.78 4233.9 4228.79 4228.62 4233.93 4256.23 4260.3
4445.1 4389.64 4294.31 4176.24 4016.69 3855.6 3731.26 3626.79 3532.63 3442.26 3355.26 3272.96 3201.42 3145.48 3118.61 3162.3 3146.54 3154.55 3176.29 3208.95 3246.68 3293.16 3341.76 3405.62 3431.26 3413.83 3355.03 3288.85 3219.85 3174.88 3131.08 3097.86 3080.64 3072.64 3070.69 3072.41 3075.99 3089.78 3114.85 3152.95 3199.58 3260.66 3344.22 3438.28 3538.52 3651.9 3771.61 3834.08 4001.99 4335.78 4628.78 4719.71 4654.84 4547.74 4462.69 4424.54 4382.51 4341.13 4302.39 4262.25 4240.53 4237.46 4237.96 4241.12 4245.46 4266.23 4276.61
4497.67 4417.51 4307.83 4176.88 4059.34 3937.99 3802.94 3682 3569.41 3466.34 3368.77 3280.68 3202.53 3137.08 3091.82 3108.19 3121 3138.82 3159.35 3178.15 3204.49 3233.42 3264.72 3324.26 3349.16 3316.62 3278.61 3228.25 3178.6 3150.45 3124.98 3102.17 3086.96 3077.68 3077.01 3081.17 3084.46 3097.59 3125.55 3167.74 3218.34 3266.6 3355.18 3440.07 3533.52 3643.79 3771.49 3928.64 4131.15 4425.28 4678.05 4712.96 4627.75 4508.3 4415.93 4390.39 4358.64 4327.37 4297.13 4268.28 4253.03 4244.84 4243.61 4246.79 4250.27 4268.16 4275.93
4555.01 4454.09 4333.96 4191.78 4081.58 3988.3 3852.19 3716.41 3596.6 3484.36 3386.9 3289.74 3208.25 3135.92 3091.63 3096.14 3107.89 3122.78 3139.26 3151.24 3160.68 3173.78 3192.69 3223.69 3247.62 3223.4 3201.27 3175.07 3150.43 3133.25 3115.54 3098.79 3082.35 3083.29 3087.71 3090.74 3097.14 3106.98 3132.04 3185.6 3260.37 3350.21 3390.17 3452.1 3531.39 3641.94 3819.05 4056.2 4299.72 4512.91 4656.83 4664.68 4590.21 4490.48 4408.16 4369.72 4339.3 4314.68 4292.68 4271.19 4258.01 4250.21 4246.05 4244.39 4247.49 4249.19 4258.38
4577.6 4484.33 4375.68 4252.1 4147.7 4034.76 3886.38 3746.95 3627.24 3507.96 3398.53 3301.31 3211.28 3140.17 3096.43 3099.34 3106.14 3113.94 3121.97 3122.83 3122.47 3117.62 3107.75 3112.1 3148.43 3141.28 3135.52 3125.92 3112.93 3105.91 3093.94 3079.85 3068.19 3071.39 3070.22 3080.1 3089 3085.43 3131.22 3197.96 3278.37 3358.27 3413.47 3469.44 3540.23 3639.7 3856.03 4183.8 4488.81 4590.87 4603.01 4600.9 4548.45 4469.89 4404.6 4350.07 4318.22 4297.53 4284.14 4272.77 4267.76 4255.23 4246.76 4242.87 4237.52 4234.35 4234.27
4566.94 4499.63 4416.78 4326.42 4246.14 4053.51 3895.67 3758.8 3635.92 3520.76 3420.25 3315.35 3220.42 3145.36 3106.72 3110.43 3111.71 3113.2 3111.88 3108.69 3098.46 3082.56 3059.37 3052.08 3065.95 3068.66 3081.23 3082.43 3077.88 3075.3 3065.97 3054.23 3051.09 3057.15 3058.58 3065.2 3072.41 3082.3 3135.18 3212.25 3297.93 3379.12 3436.47 3494.26 3566.09 3678.88 3926.86 4275.23 4591.55 4646.73 4586.72 4567.74 4512.45 4433.55 4357.48 4319.71 4296.61 4282.57 4273.68 4270.04 4263.31 4253.95 4243.12 4236.67 4228.08 4226.16 4211.01
4532.55 4500.09 4443.03 4359.27 4205.44 4007.75 3875.21 3760.59 3650.02 3542.83 3435.23 3333.29 3236.74 3158.54 3121.93 3125.27 3121.56 3116.46 3110.2 3103.4 3088.76 3071.95 3054.35 3041.94 3043.11 3040.9 3050.21 3053.89 3051.16 3048.19 3043.62 3035.23 3042.25 3049.16 3052.25 3059.72 3068.15 3085.05 3147.51 3241.52 3329.83 3414.64 3479.32 3534.24 3602.91 3717.18 3980.68 4323.98 4627.25 4702.54 4634.05 4564.13 4486.81 4404.34 4326.71 4293.43 4276.13 4267.34 4264.36 4262.47 4258.89 4252.26 4242.57 4232.74 4222.24 4209.27 4196.55
4498.03 4497.72 4464.91 4374.4 4143.38 3958.6 3857.73 3762.85 3661.5 3558.89 3452.01 3352.62 3255.26 3170.2 3137.16 3139.01 3131.67 3123.68 3114.66 3100.6 3087.34 3071.12 3056.05 3043.87 3037.06 3032.85 3036.22 3037.06 3035.06 3033 3035.2 3037.13 3044.34 3049.41 3051.02 3058.01 3066.41 3085.16 3171.74 3305.34 3419.65 3498.5 3549.05 3589.92 3646.11 3753.2 4015.16 4340.34 4638.36 4718.53 4642.13 4552.03 4464.15 4380.53 4306.84 4271.54 4259.4 4254.87 4254.62 4256.9 4259.38 4252.26 4242.06 4228.38 4212.47 4197.07 4182.92
4472.58 4503.49 4501.83 4440.85 4204.16 3974.08 3871.82 3776.96 3676.01 3569.37 3463.99 3366.69 3282.09 3205.44 3158.67 3153.94 3151.48 3143.81 3130.26 3113.58 3095.32 3077.22 3063.51 3053.39 3039.24 3032.34 3032.63 3031.63 3028.96 3029.09 3037.52 3044.88 3053.62 3057.09 3057.71 3063.38 3078.15 3109.66 3228.49 3400.68 3577.37 3617.46 3632.27 3659.66 3706.25 3802.54 4043.5 4323.44 4564.65 4650.19 4598.15 4518.27 4435.13 4357.8 4290.21 4255.96 4245.69 4244.32 4246.77 4251.58 4260.66 4253.18 4240.79 4226.35 4210.66 4192.88 4175.73
4464.42 4520.35 4547.56 4524.99 4300.81 4052.07 3935.83 3832.2 3719.93 3604.34 3493.88 3395.67 3319.47 3287.04 3203.07 3179.47 3185.08 3172.29 3152.12 3130.12 3108.64 3086.47 3070.15 3060.82 3044.2 3036.86 3035.65 3034.1 3032.46 3037.94 3048.4 3057.34 3064.33 3070.05 3072.35 3079.98 3131.07 3194.77 3353.31 3494.24 3611.7 3677.6 3706.24 3740.38 3788.76 3881.08 4082.77 4301.89 4484.48 4559.34 4535.29 4471.85 4406.53 4339.81 4281.67 4246.57 4236.36 4237.23 4242 4248.74 4263.46 4257.27 4240.41 4224.57 4206.47 4189.64 4173.13
4465.76 4531.52 4575.95 4576.06 4393.55 4172.99 4050.95 3925.98 3799.88 3670.15 3537.47 3420.9 3323.4 3292.06 3337.53 3277.77 3242.94 3210.56 3176.84 3146.71 3120.34 3097.7 3076.41 3061.29 3051.18 3044.26 3042.43 3041.74 3042.67 3048.23 3062.82 3073.11 3080.01 3090.3 3110.64 3163.17 3261.37 3380.19 3500.66 3589.46 3682.38 3728.79 3775.97 3830.54 3891.9 3985.4 4140.38 4298.15 4423.58 4479.22 4466.13 4430.26 4380.08 4323.69 4266.52 4229.93 4231.69 4235.58 4239.96 4245.05 4254.42 4246.45 4233.84 4219.39 4203.88 4189.83 4171.9
4468.56 4540.12 4589.79 4578.84 4488.03 4354.53 4190.5 4044.52 3897.16 3751.27 3600.96 3457.61 3324.86 3257.82 3361.24 3348.85 3289.97 3245.97 3202.28 3163.05 3127.79 3100.55 3081.53 3066.28 3060.11 3055.32 3056.34 3057 3056.51 3069.22 3080.93 3088.83 3092.95 3107.45 3176.62 3260.77 3408.49 3559.99 3613.38 3630.87 3700.74 3758.06 3840.57 3926.39 4011.83 4107.04 4218.94 4326.22 4404.16 4441.51 4433.88 4405.08 4363.16 4317.59 4274.41 4249.04 4238.13 4235.87 4239.06 4240.74 4245.97 4235.54 4228.23 4215.96 4201.31 4187.33 4171.04
4462.45 4539.31 4607.46 4629.95 4566.08 4450.63 4305.05 4157.71 4000.02 3839.49 3679.49 3515.4 3352.19 3269.13 3336.81 3351.22 3313.54 3267.61 3220.09 3174.39 3128.83 3096.61 3084.43 3074.01 3068.02 3069.68 3084.1 3087.76 3075.97 3092.23 3107.59 3109.74 3118.33 3156.4 3287.07 3388.19 3518.86 3665.67 3672.02 3588.3 3607.75 3765.77 3908.9 4035.58 4142.11 4232.39 4311.79 4378.13 4426.48 4459.85 4431.41 4397.11 4358.38 4319.48 4285.9 4261.45 4246.78 4239.89 4236.78 4237.2 4243.31 4244.29 4225.34 4210.15 4196.16 4183.29 4170.49
4439.69 4515.05 4598.06 4674.77 4606.51 4491.53 4410.33 4276.41 4117.14 3947.83 3778.85 3610.62 3438.46 3315.96 3347.22 3362.94 3337.17 3295.15 3241.26 3185.37 3130.84 3098.08 3091.09 3087.61 3080.13 3095.63 3130.33 3146.83 3144.58 3152.68 3155.6 3148.72 3201.81 3342.25 3423.87 3487.32 3603.46 3646.73 3608.77 3589.36 3648.38 3817.54 3999.15 4159.68 4285.56 4365.62 4410.31 4439.36 4457.48 4460.6 4430.04 4391.81 4353.79 4319.87 4291.18 4267.89 4252.7 4240.62 4233.04 4229.31 4235.25 4227.5 4215.69 4202.94 4190.77 4179.07 4168.27
4404.42 4464.28 4524.72 4575.12 4621.09 4641.78 4540.54 4396.19 4236.27 4070.3 3897.16 3736.33 3600.14 3471.95 3405.54 3395.84 3372.34 3333.71 3281.62 3216.53 3147.74 3108.24 3102.76 3107.86 3124.91 3177.77 3187.92 3212.82 3237.1 3223.32 3210.47 3231.18 3294.16 3403.88 3486.92 3560.31 3596.74 3643.39 3652.16 3653.72 3741.64 3910.52 4109.54 4300.08 4452.55 4500.31 4502.67 4492.7 4476.04 4453.43 4417.76 4378.75 4343.69 4313.83 4289.63 4271.5 4253.68 4239.61 4229.55 4222.75 4223.78 4213.94 4202.99 4194.56 4185.45 4176.51 4168.54
4358.15 4401.2 4442.79 4501.31 4607.36 4677.58 4624.76 4494.68 4346.47 4190.38 4025.14 3859.83 3698.03 3558.52 3479.27 3450.31 3424.39 3387.47 3337.62 3270.68 3186.64 3133.56 3129.95 3133.7 3145.42 3186.66 3221.3 3243.36 3274.06 3267.94 3257.61 3323.5 3362.51 3436.59 3520.07 3548.03 3618.88 3648.14 3667.07 3683.74 3814.2 4013.33 4230.36 4441.77 4607.7 4613.62 4567.63 4517.36 4477.95 4438.23 4394.03 4356.89 4326.36 4301.58 4280.89 4263.45 4248.83 4235.52 4225.96 4220.68 4210.72 4199.27 4192.48 4189.34 4183.09 4175.27 4167.36
4311.28 4344.28 4383.2 4455.01 4575.64 4672.19 4659.31 4555.54 4430.12 4294.06 4148.19 3982.01 3799.75 3640.79 3556.51 3537.95 3510.43 3477.95 3428.34 3368.21 3280 3195.54 3187.87 3192.62 3202.04 3259.92 3255.01 3250.76 3261.66 3312.06 3364.26 3394.83 3431.14 3509.67 3569.44 3589.43 3643.2 3678.06 3726.68 3788.51 3934.22 4129.2 4331.79 4540.65 4701.38 4668.11 4586.01 4506.29 4440.95 4395.42 4355.09 4326.03 4302.87 4284.5 4268.31 4253.23 4240.83 4231.81 4224.13 4218.62 4209.52 4204.12 4196.28 4189.06 4181.36 4172.78 4163.93
4272.84 4298.45 4332.42 4409.97 4527.62 4627.6 4645.55 4581.34 4491.91 4394.29 4284.8 4147.82 3967.05 3828.27 3720.85 3686.44 3651.49 3608.97 3559.29 3502.18 3447.98 3355.05 3280.7 3253.33 3259.18 3285.9 3282.52 3274.49 3293.53 3364.21 3453.21 3480.54 3500.03 3540.8 3592.58 3606.21 3630.65 3775.65 3893.15 4000.03 4113.24 4249.6 4392.91 4546.67 4671.34 4625.53 4550.18 4465.72 4372.56 4326.68 4301.17 4290.82 4279.62 4266.73 4256.18 4243.96 4234.44 4228.36 4220.57 4216.8 4210.81 4207.87 4201.1 4190.89 4180.73 4170.9 4161.44
4246.01 4267.2 4287.66 4360.86 4474.1 4569.75 4611.28 4576.84 4529.04 4477.52 4423.6 4359.19 4254.29 4063.19 3947.54 3879.16 3823.39 3763.97 3712.72 3642.02 3565.27 3468.49 3402.39 3317.58 3300.84 3297.66 3333.1 3348.39 3371.46 3433.82 3484.79 3504.74 3527.97 3588.19 3636.1 3733.42 3829.86 3990.44 4140.97 4223.7 4301.33 4357.13 4409.55 4456.52 4496.25 4507.97 4478.84 4426.03 4360.6 4308.79 4274.63 4265.51 4259.55 4253.44 4246.86 4242.57 4238.79 4226.14 4219.94 4215.87 4211.8 4210.14 4206.22 4192.13 4180.69 4169.56 4158.04
4231.93 4255.12 4286.34 4339.29 4416.14 4496.73 4542.69 4539.03 4530.86 4531.12 4533.85 4543.55 4528.74 4366.45 4199.61 4097.46 4020.08 3950.1 3887.98 3795.92 3683.64 3616.95 3622.46 3556.33 3510.22 3471.26 3500.63 3488.25 3500.39 3513.58 3528.62 3569.35 3614.44 3736.57 3858.34 3977.65 4099.36 4261.89 4422.89 4529.39 4504.22 4458.87 4421.69 4381.05 4367.06 4403.52 4409.04 4396.71 4377.38 4315.57 4266.99 4252.98 4246.43 4240.01 4234.3 4233.22 4230.71 4217.14 4213.66 4210.95 4208.93 4204.41 4193.03 4189.85 4180.33 4167.68 4153.76
4223.69 4250.26 4281.4 4314.29 4355.51 4397.13 4439.94 4460.98 4499.09 4541.26 4593.54 4648.71 4633.86 4497.63 4395.87 4292.96 4210.91 4133.6 4070.42 3999.52 3899.32 3866.82 3876.05 3861.21 3817.15 3777.78 3779 3750.86 3743.08 3757.86 3761.1 3803.9 3857.85 3992.54 4152.01 4275.06 4379.14 4531.68 4701.95 4766.58 4617.93 4510.66 4432.69 4366.72 4341.89 4342.45 4345.44 4345.18 4352.94 4301.81 4262.44 4248.96 4237.12 4228.27 4220.66 4211.73 4197.73 4202.06 4203.9 4204.74 4206.15 4205.51 4202.3 4193.01 4181.11 4166.11 4150.46
4214.36 4244.65 4277.85 4287.52 4301.4 4309.74 4308.28 4376.42 4446.32 4521.34 4601.58 4687.63 4714.77 4622.9 4530.3 4451.81 4385.01 4332.83 4297.09 4243.85 4178.59 4157.46 4143.9 4117.27 4113.14 4095.88 4100.18 4034.58 4043.04 4055.98 4061.75 4105 4138.66 4276.25 4435.44 4571.23 4695.62 4746.12 4739.03 4638.6 4590.23 4511.62 4436.23 4368.19 4329.77 4315.46 4303.65 4284.22 4260.71 4267.84 4270.42 4246.96 4227.74 4216.8 4207.32 4199.27 4194.2 4191.99 4195.88 4199.98 4203.41 4208.56 4203.76 4200.12 4184.12 4165.33 4146.94
4199.87 4223.14 4246.67 4254.34 4257.85 4261.7 4275.82 4326.01 4392.96 4465.12 4551.77 4650.68 4720.55 4709.9 4632.53 4564.05 4515.08 4479.54 4477.22 4502.25 4505.78 4483.29 4467.72 4446.8 4438.81 4461.51 4448.45 4378.21 4387.05 4411.77 4392.07 4433.69 4431.62 4531.82 4688.99 4782.83 4838.83 4812.28 4690.53 4607.07 4542.13 4480.68 4427.66 4382.57 4339.24 4305.24 4281.29 4257.85 4244.35 4238.98 4231.13 4223.14 4214.02 4206.16 4197.81 4190.32 4184.01 4183.29 4187.6 4192.59 4199.49 4209.69 4227.7 4209.32 4182.36 4161.1 4142.84
4183.39 4197.69 4210.96 4220.98 4226.57 4234.04 4253.91 4289.69 4340.69 4397.19 4459.56 4547.6 4680.67 4730.81 4656.84 4605.59 4582.33 4569.13 4609.27 4712.4 4781.11 4730.86 4754.72 4726.23 4663.66 4703.01 4696.02 4674.24 4668.42 4736.27 4721.93 4715.2 4682.38 4680.82 4743.05 4764.42 4732.18 4690.45 4614.1 4554.74 4478.69 4431.92 4406.67 4385.28 4344.38 4304.13 4271.8 4246.17 4229.47 4222.06 4212.54 4208.04 4204.92 4197.54 4189.92 4183.62 4180.49 4176.69 4178.54 4183 4189.59 4195.45 4196.32 4187.08 4170.77 4153.42 4137.55
4164.71 4174.69 4188.84 4195.65 4204.03 4214.36 4230.42 4255.12 4288.92 4319.69 4345.3 4373.59 4510.63 4594.49 4588.37 4579.51 4581.9 4573.75 4632.58 4739.07 4810.26 4763.05 4780.4 4745.63 4671.73 4651.1 4640.61 4656.46 4700.56 4765.63 4805 4760.23 4722.1 4688.81 4681.34 4659.08 4582.39 4539.25 4501.03 4429.93 4383.44 4369.15 4367.39 4371.07 4328.19 4290.24 4261.46 4241.16 4226.58 4216.73 4212.77 4209.04 4201.45 4194.14 4186.07 4178.24 4171.75 4168.32 4169.2 4171.72 4174.43 4175.37 4172.25 4163.93 4154.77 4143.38 4131.43
4148.02 4149.38 4160.94 4178.27 4191.85 4204.17 4217.72 4236.55 4255.86 4265.35 4266.62 4262.76 4356.58 4420.23 4481.62 4513.6 4532.92 4543.96 4563.03 4572.92 4600.17 4604.49 4565.97 4564.56 4539.85 4486.12 4467.94 4480.68 4533.5 4580.9 4701.19 4730.04 4648.05 4601.48 4572.6 4539.07 4481.46 4467.51 4452.44 4355.66 4302.76 4304.99 4305.6 4299.74 4286.95 4265.98 4245.06 4230.06 4218.16 4211.77 4209.19 4205.03 4198.89 4191.04 4181.07 4171.57 4162.06 4156.58 4158.16 4159.81 4160.4 4158.75 4153.2 4146.6 4141.14 4134.13 4125.59
4138.58 4140.54 4150.6 4165.63 4182.08 4199.38 4223.46 4244.49 4239.73 4238 4240.67 4260.56 4279.54 4329.12 4393.77 4435.79 4463.52 4475.13 4472.63 4451.29 4448.22 4444.98 4386.3 4404.27 4410.99 4384.05 4354.91 4360.2 4378.41 4402.8 4483.89 4497.6 4487.76 4469.13 4437.51 4381.89 4373.4 4358.21 4332.36 4289.91 4259.13 4261.24 4257.02 4250.58 4249.45 4241.43 4226.29 4209.05 4206.43 4205.76 4206.46 4203.83 4197.46 4187.74 4177.22 4166.54 4156.16 4150.5 4149.11 4149.23 4148.98 4146.71 4142.17 4135.9 4132.43 4127.49 4121.64
4135.08 4132.28 4143.52 4158.55 4174.11 4192.26 4210.83 4224.83 4222.24 4221.02 4224.92 4241.46 4283.1 4300.69 4335.33 4367.35 4395.73 4405.61 4403.52 4391.31 4388.75 4368.56 4349.32 4336.97 4334.84 4327.7 4325.66 4318.65 4317.68 4319.49 4327.98 4294.97 4321.1 4347.04 4341.62 4318.62 4318.41 4308.33 4298.04 4254.03 4249.35 4245.28 4238.47 4231.27 4228.1 4220.45 4209.25 4198.21 4196.91 4199.61 4204.14 4208.32 4196.26 4184.69 4173.59 4162.52 4152.51 4145.78 4143.44 4142.65 4140.89 4138.22 4135.61 4131.21 4126.99 4123.27 4119.21
