real_craters/C144-500m.grd
DSAA
184 184
-45.71 45.71
-45.71 45.71
2932.9156578142 4838.8260766621
[rows 0 to 29 of 184, columns 67 to 133 of 184]
4137.12 4137.01 4136.9 4136.79 4136.72 4136.64 4136.57 4136.45 4136.29 4135.88 4135.02 4136.68 4136.22 4135.67 4135.84 4136.06 4136.28 4136.46 4136.65 4136.64 4136.28 4135.85 4135.82 4136.33 4136.17 4136.55 4135.21 4135.94 4137.09 4137.42 4137.3 4137.12 4136.86 4136.65 4136.57 4137.18 4136.86 4136.11 4135.46 4135.15 4135.03 4135.09 4135.61 4136.84 4135.2 4135.68 4135.81 4135.59 4135.01 4135.01 4134.88 4134.75 4134.62 4134.38 4134.24 4134.11 4134.02 4134.06 4134.29 4134.73 4135.08 4135.2 4135.37 4135.94 4137.01 4137.02 4136.68
4136.64 4136.97 4136.8 4136.62 4136.45 4136.32 4136.22 4136.14 4136.06 4136.02 4135.98 4135.17 4135.37 4135.71 4135.36 4136.03 4136.83 4136.63 4136.43 4135.97 4135.56 4135.58 4135.97 4136.24 4136.36 4136.76 4134.84 4136.28 4136.76 4137.23 4137.22 4137.04 4136.72 4136.48 4136.59 4137.34 4136.69 4135.49 4135.12 4134.98 4134.96 4135 4135.2 4136.42 4135.78 4135.24 4135.4 4135.46 4135.42 4135.05 4134.84 4134.7 4134.62 4134.68 4134.2 4133.87 4133.83 4134.14 4134.24 4134.54 4134.68 4134.71 4134.75 4135.35 4136.01 4136.44 4136.38
4136.88 4136.87 4136.59 4136.4 4136.21 4136.06 4135.9 4135.83 4135.79 4136.16 4136.68 4134.82 4134.96 4135.28 4135.34 4135.56 4135.8 4136.52 4136.41 4135.99 4135.65 4135.69 4136.13 4136.31 4136.12 4136.68 4135.64 4137.05 4137.02 4137.2 4137.1 4136.9 4136.63 4136.44 4136.68 4137.52 4136.71 4135.86 4135.18 4135.02 4134.99 4134.99 4135.16 4135.69 4136.35 4136.08 4135.78 4135.35 4135.01 4134.86 4134.7 4134.56 4134.42 4134.17 4133.9 4133.55 4133.32 4133.42 4134.6 4134.66 4134.53 4134.33 4134.27 4134.87 4135.95 4136.37 4136.05
4136.02 4136.3 4136.24 4136.1 4136 4135.85 4135.69 4135.55 4135.65 4136.13 4136.6 4135.35 4134.76 4134.87 4135.01 4135.18 4135.63 4136.2 4136.7 4136.36 4135.45 4135.6 4135.74 4136.73 4136.04 4136.72 4135.17 4137.33 4137.44 4137.21 4136.99 4136.79 4136.7 4136.38 4136.55 4137.58 4137.41 4135.48 4135.3 4135.24 4135.18 4135.1 4135.01 4135.93 4135.84 4135.56 4135.12 4135.18 4134.78 4134.78 4134.71 4134.58 4134.33 4133.95 4133.66 4133.31 4133.12 4133.65 4134.61 4134.64 4134.4 4134.11 4133.85 4134.38 4135.02 4135.29 4135.47
4136.58 4136.16 4136.03 4135.94 4135.8 4135.64 4135.51 4135.39 4135.37 4136.05 4136.42 4134.88 4134.61 4134.82 4134.69 4134.94 4135.48 4136.03 4138.63 4137.84 4136.31 4135.87 4135.83 4135.33 4136.07 4137.12 4135.85 4137.42 4137.43 4137.17 4136.89 4136.75 4136.8 4136.76 4136.83 4137.19 4136.64 4135.8 4135.62 4135.57 4135.54 4135.27 4135.13 4136.05 4134.88 4134.86 4135.09 4135.19 4135.27 4134.96 4134.8 4134.66 4134.47 4134.14 4133.58 4133.1 4132.82 4132.83 4134.52 4134.54 4134.28 4134.07 4134.03 4134.21 4134.55 4134.9 4134.98
4135.89 4135.91 4135.85 4135.76 4135.62 4135.49 4135.37 4135.27 4135.52 4136.06 4136.57 4135.6 4134.87 4134.87 4134.49 4134.26 4138.62 4146.59 4143.68 4139.49 4136.57 4135.68 4135.66 4135.85 4136.43 4137.1 4135.65 4136.88 4137.16 4137.11 4136.92 4136.83 4136.81 4137.22 4137.25 4136.97 4136.66 4136.27 4136.02 4135.92 4135.92 4136.11 4134.46 4135.52 4134.71 4134.97 4135.41 4135.16 4134.73 4134.65 4134.89 4134.8 4134.41 4134.01 4133.58 4133.08 4132.66 4132.86 4134.34 4134.22 4134.04 4133.88 4133.94 4134.01 4134.29 4134.63 4134.53
4135.69 4135.71 4135.63 4135.56 4135.51 4135.43 4135.33 4135.2 4135.13 4136.01 4136.32 4135.05 4134.56 4134.91 4134.7 4134.75 4141.03 4143.47 4142.77 4139.07 4136.24 4135.39 4135.59 4136.2 4136.61 4136.91 4136.6 4136.74 4136.95 4136.91 4136.85 4136.95 4136.78 4136.86 4137.21 4136.71 4135.96 4136.31 4136.36 4136.02 4135.78 4135.42 4134.5 4135.13 4134.62 4134.82 4135.12 4135.35 4135.03 4135.01 4135.43 4135 4134.45 4133.97 4133.58 4133.19 4132.87 4132.66 4133.32 4133.57 4133.66 4133.67 4133.46 4133.8 4133.92 4134 4134.07
4135.69 4135.52 4135.46 4135.47 4135.42 4135.38 4135.36 4135.4 4135.64 4136.03 4136.3 4135 4134.45 4134.91 4135.06 4135.25 4135.72 4136.19 4137.85 4137.44 4136.17 4135.59 4135.54 4135.91 4136.29 4135.62 4137.04 4137.04 4136.8 4136.67 4136.56 4136.68 4136.66 4136.69 4137.42 4136.65 4135.8 4137.29 4136.76 4135.94 4135.2 4134.85 4134.59 4134.88 4134.95 4134.64 4134.92 4135.9 4137.6 4139.08 4136.19 4135.03 4134.61 4134.1 4133.62 4133.41 4133.34 4133.43 4132.56 4133 4133.3 4133.51 4133.72 4133.7 4133.77 4133.93 4133.78
4135.37 4135.33 4135.34 4135.33 4135.31 4135.32 4135.38 4135.59 4135.89 4135.99 4135.63 4134.79 4134.27 4134.56 4135.02 4135.77 4135.73 4135.67 4136.24 4136.36 4136.13 4135.8 4135.62 4135.73 4136.23 4135.71 4136.33 4136.85 4136.74 4136.64 4136.66 4136.57 4136.54 4136.6 4137.31 4136.73 4136.15 4137.02 4136.46 4135.68 4134.92 4134.61 4135.39 4134.5 4135.19 4135.2 4135.2 4135.73 4136.31 4135.67 4135.15 4134.27 4133.66 4133.44 4133.46 4133.52 4133.62 4133.4 4132.64 4132.75 4133.1 4133.35 4133.43 4133.58 4133.51 4133.29 4133.39
4135.31 4135.17 4135.07 4135.24 4135.24 4135.27 4135.33 4135.44 4135.77 4136.24 4136.08 4135 4134.43 4134.89 4135.54 4135.46 4135.51 4135.53 4135.72 4135.84 4135.83 4135.76 4135.71 4135.82 4136.35 4135.51 4136.29 4136.56 4136.75 4136.7 4136.64 4136.67 4136.56 4136.57 4136.78 4136.63 4136.35 4135.69 4135.66 4135.32 4134.9 4135.06 4135.56 4134.32 4134.85 4135.28 4135.2 4135.03 4134.6 4133.91 4133.86 4133.39 4132.68 4132.91 4133.22 4133.43 4133.59 4133.67 4132.62 4132.58 4132.96 4133.66 4133.74 4133.51 4133.4 4133.42 4133.29
4135.16 4135.06 4135.25 4135.23 4135.23 4135.25 4135.29 4135.36 4135.73 4136.18 4135.92 4135.13 4134.53 4134.75 4135.18 4135.87 4135.72 4135.51 4135.49 4135.46 4135.62 4135.57 4135.67 4136.06 4136.09 4135.52 4136.62 4136.84 4136.87 4136.77 4136.68 4136.74 4136.78 4136.07 4136.26 4136.08 4135.9 4135.73 4135.54 4134.96 4134.64 4134.89 4135.15 4133.5 4134.5 4134.64 4134.69 4134.41 4133.98 4133.56 4133.3 4133.12 4132.81 4132.91 4133.04 4133.2 4133.19 4132.63 4132.22 4132.32 4132.64 4132.95 4133.24 4133.32 4133.28 4133.2 4133.1
4135.1 4135.07 4135.19 4135.13 4135.13 4135.16 4135.23 4135.52 4135.79 4136.18 4135.95 4135.15 4134.58 4134.7 4135.14 4135.64 4135.62 4135.46 4135.45 4135.55 4135.64 4135.76 4135.71 4135.73 4136.27 4135.07 4137.19 4137.24 4137 4136.82 4136.82 4136.77 4136.86 4137.13 4136.44 4135.35 4134.79 4135.64 4135.36 4134.52 4134.23 4134.54 4135.15 4133.9 4134.51 4134.63 4134.27 4134.02 4133.61 4133.27 4133.04 4133.02 4132.95 4132.95 4133.04 4133.17 4133.09 4132.55 4131.86 4131.97 4132.38 4132.8 4133.06 4133.18 4133.21 4133.18 4133.13
4135.04 4135.09 4135.07 4135.1 4135.15 4135.16 4135.19 4135.21 4135.67 4136 4135.75 4135.11 4134.54 4134.69 4135.27 4135.39 4135.55 4135.51 4135.47 4135.58 4135.78 4135.96 4135.81 4135.65 4136.05 4135.6 4136.93 4137.24 4137.02 4136.77 4136.77 4136.62 4136.45 4136.29 4135.95 4134.95 4134.18 4134.89 4134.81 4134.1 4133.3 4134.32 4135.13 4134.51 4134.06 4133.78 4134.03 4133.81 4133.43 4132.94 4132.76 4132.6 4132.58 4132.76 4132.91 4133.04 4133.17 4132.73 4131.59 4131.8 4132.28 4132.8 4133 4133.14 4133.23 4133.28 4133.23
4134.98 4135.06 4135.07 4135.03 4135.1 4135.14 4135.21 4135.26 4135.67 4135.99 4135.67 4135.09 4134.66 4134.54 4134.7 4135.47 4135.58 4135.44 4135.4 4135.55 4135.79 4136.04 4135.86 4135.61 4135.68 4135.73 4136.45 4136.95 4136.74 4136.46 4136.23 4136.24 4136.28 4136.01 4135.48 4134.89 4134.65 4134.84 4134.68 4134.07 4133.85 4134.39 4134.98 4134.86 4133.59 4134.31 4134.05 4133.67 4133.32 4132.74 4132.5 4132.5 4132.43 4132.55 4132.72 4132.82 4132.78 4132.43 4131.93 4132.08 4132.42 4132.51 4133.09 4133.25 4133.34 4133.39 4133.48
4134.99 4135.01 4135.02 4134.98 4135.05 4135.1 4135.32 4135.77 4135.84 4135.81 4135.58 4135.03 4134.5 4134.45 4134.81 4135.89 4135.66 4135.43 4135.3 4135.56 4135.74 4135.95 4135.83 4135.74 4135.43 4136.11 4136.22 4136.58 4136.45 4136.23 4136.12 4135.61 4135.65 4135.68 4135.27 4135 4134.8 4135.03 4134.95 4134.07 4133.76 4134.28 4135.1 4134.52 4133.63 4134.53 4134.26 4133.8 4133.36 4133.1 4132.83 4132.41 4132.33 4132.4 4132.6 4132.75 4132.64 4132.41 4132.35 4132.43 4132.99 4133.48 4133.38 4133.39 4133.46 4133.55 4133.26
4135.01 4134.99 4134.95 4134.99 4135 4135.09 4135.26 4135.51 4136.03 4136.47 4135.68 4134.99 4134.51 4134.57 4135.07 4135.41 4135.41 4135.49 4135.76 4135.69 4135.66 4135.49 4135.45 4135.5 4135.29 4136.67 4135.98 4136.09 4136.19 4136.1 4135.81 4135.4 4134.94 4135.34 4134.76 4134.46 4134.6 4134.88 4134.79 4133.86 4133.56 4134.28 4134.37 4134.78 4133.85 4134.39 4134.08 4133.66 4133.25 4132.72 4132.1 4131.66 4131.87 4132.24 4132.54 4132.81 4133.18 4132.63 4132.16 4132.31 4133.06 4133.61 4133.52 4133.43 4133.39 4133.55 4133.92
4134.99 4134.99 4134.93 4134.9 4134.91 4134.95 4135.09 4135.48 4135.87 4135.95 4135.55 4134.88 4134.34 4134.44 4135.18 4134.77 4135.01 4135.34 4135.81 4135.7 4135.59 4135.51 4135.31 4135.09 4134.66 4136.47 4135.84 4135.82 4135.81 4135.8 4135.76 4135.33 4134.61 4134.8 4134.14 4133.54 4133.9 4134.62 4134.72 4133.88 4133.63 4134.31 4134.42 4133.43 4133.03 4134 4133.9 4133.59 4134.29 4133.21 4132.35 4132.17 4131.9 4132.05 4132.36 4132.61 4132.46 4132.46 4132.04 4132.16 4132.85 4133.24 4133.31 4133.24 4133.17 4133.07 4132.81
4135.06 4135.01 4134.96 4134.86 4134.81 4134.77 4134.75 4135.12 4135.71 4135.76 4135.36 4134.69 4134.15 4134.33 4135.29 4134.35 4134.67 4135.06 4135.14 4135.55 4135.66 4135.63 4135.37 4134.75 4135.15 4135.73 4135.49 4135.6 4135.79 4136.14 4136.27 4135.87 4133.85 4134.2 4133.69 4133.57 4133.89 4134.6 4134.82 4133.7 4133.54 4134.06 4133.18 4132.4 4132.48 4135 4137.18 4138.04 4136.57 4134.35 4132.52 4132.08 4131.74 4131.93 4132.27 4132.65 4132.91 4132.49 4132.33 4132.6 4133.14 4133.28 4133.27 4133.23 4132.99 4132.81 4132.62
4135.07 4134.97 4134.89 4134.8 4134.75 4134.7 4134.79 4135.16 4135.88 4135.91 4135.2 4134.5 4134.04 4134.43 4135.63 4134.42 4134.54 4135 4135.52 4135.71 4135.73 4135.61 4135.19 4134.65 4134.96 4135.51 4135.92 4135.72 4135.74 4136.18 4137.03 4138.04 4137.77 4133.24 4133.14 4133.03 4133.64 4134.41 4135.09 4134.67 4133.65 4133.62 4133.93 4132.95 4131.37 4137.07 4141.02 4141.08 4138.47 4135.07 4132.27 4131.84 4131.99 4132.44 4132.71 4132.66 4132.79 4132.44 4132.06 4131.9 4132.56 4132.92 4133 4132.98 4132.73 4132.58 4132.46
4134.99 4134.93 4134.84 4134.77 4134.72 4134.69 4134.78 4135.19 4135.7 4135.63 4134.97 4134.24 4133.68 4133.86 4135.26 4134.4 4134.52 4135.03 4135.54 4135.84 4135.84 4135.71 4135.65 4134.59 4134.61 4136.1 4135.4 4134.77 4135.4 4136.03 4137.32 4139.15 4136.83 4134.31 4133.49 4132.8 4133.04 4133.65 4133.64 4132.16 4132.5 4132.44 4132.36 4130.92 4132.38 4145.86 4148.99 4146 4141.86 4136.76 4131.93 4131.33 4132.82 4133.74 4133.63 4132.99 4132.59 4132.15 4131.77 4131.78 4132.31 4132.4 4132.59 4132.59 4132.57 4132.47 4132.37
4134.91 4134.87 4134.77 4134.72 4134.69 4134.72 4134.99 4135.14 4135.3 4135.27 4134.81 4134.11 4133.37 4133.12 4135.06 4134.31 4134.65 4135.27 4135.53 4135.66 4136.16 4135.77 4135.13 4134.32 4134.11 4135.9 4134.7 4134.39 4135.08 4135.6 4136.07 4137.02 4139.49 4138.16 4134.36 4132.4 4132.5 4133.08 4133.42 4131.65 4131.07 4132.44 4131.1 4133.89 4150.5 4169.82 4159.99 4151.79 4145.73 4140.67 4135.01 4132.33 4136.49 4136.84 4135.29 4133.44 4132.33 4131.5 4131.17 4131.27 4131.59 4131.99 4132.09 4132.14 4132.1 4132.01 4131.91
4134.68 4134.78 4134.75 4134.7 4134.71 4134.77 4134.95 4135.26 4135.43 4135.32 4134.87 4134.23 4133.55 4133.18 4135.29 4134.81 4134.85 4135.69 4137.14 4138.31 4136.9 4135.76 4134.98 4134.23 4133.99 4134.88 4134.83 4134.66 4135.12 4135.13 4134.8 4134.35 4140.83 4138.93 4134.36 4131.81 4131.65 4132.11 4132.53 4130.9 4130.33 4131.44 4134.19 4150.74 4169.39 4175.63 4162.01 4154 4149.48 4147.32 4147.88 4147.2 4145.14 4141.51 4137.01 4132.97 4130.79 4130.32 4130.21 4130.92 4132.27 4131.74 4131.41 4131.48 4131.43 4131.43 4131.3
4134.77 4134.73 4134.53 4134.56 4134.64 4134.81 4134.94 4135.4 4135.8 4135.52 4135.11 4134.63 4134.18 4134.12 4134.81 4134.25 4134.58 4135.43 4136.55 4136.3 4135.8 4135.3 4134.88 4134.31 4134.84 4134.54 4134.7 4134.8 4135.4 4134.69 4134.11 4133.49 4135.57 4136.07 4133.21 4131.11 4130.08 4130.07 4130.75 4132.3 4135.02 4138.19 4155.12 4175.85 4174.62 4154.52 4152.1 4149.93 4149.24 4150.28 4152.13 4158.41 4154.78 4145.84 4138.18 4132.11 4129.84 4129.41 4129.5 4130 4131.27 4130.78 4130.71 4130.54 4130.71 4130.72 4130.56
4134.74 4134.71 4134.66 4134.6 4134.64 4134.78 4135.07 4135.38 4135.59 4135.58 4135.35 4135.12 4134.89 4134.49 4133.62 4134.05 4134.46 4134.71 4134.24 4133.1 4134.2 4134.64 4134.46 4133.73 4134.62 4133.83 4134.5 4134.56 4135.49 4134.83 4133.93 4133.34 4133.95 4134.03 4132.83 4130.63 4129.65 4129.18 4130 4136.18 4150.68 4162.56 4197.37 4181.96 4161.69 4142.12 4141.93 4143.6 4146.12 4150.72 4164.87 4179.4 4158.63 4146.35 4137.69 4131.82 4129.17 4128.63 4129.27 4130.06 4130.19 4129.88 4129.76 4129.7 4129.75 4129.9 4130.26
4134.69 4134.63 4134.58 4134.54 4134.58 4134.68 4134.95 4135.45 4135.96 4135.73 4135.61 4135.52 4135.39 4135.01 4133.64 4134.06 4134.56 4134.55 4134.31 4134.42 4134.28 4134.32 4134.31 4133.75 4134.42 4134.24 4134.79 4134.67 4135.35 4134.73 4133.87 4133.5 4133.64 4133.29 4132.31 4131.47 4130.44 4129.48 4130.11 4134.46 4153.22 4159.27 4167.54 4155.85 4143.03 4134.01 4134.74 4137.85 4141.08 4144.66 4148.23 4151.38 4147.89 4141.24 4134.96 4129.97 4128.91 4129.07 4129.27 4130 4129.16 4128.77 4128.77 4128.58 4128.71 4129.28 4129.58
4134.62 4134.54 4134.52 4134.5 4134.49 4134.47 4134.78 4135.24 4135.56 4135.74 4135.75 4135.72 4135.6 4135.17 4133.58 4134.44 4135.28 4134.75 4134.58 4134.5 4134.37 4134.18 4134.24 4133.48 4134.06 4133.53 4134.33 4134.56 4135.46 4134.87 4133.92 4133.25 4133.27 4132.7 4132.7 4133.9 4134.6 4132.13 4130.41 4134.79 4144.81 4143.42 4139.34 4143.16 4135.43 4131.68 4130.63 4133.09 4135.52 4136.62 4135 4128.95 4134.22 4133.89 4131.41 4129.39 4128.6 4128.88 4129.26 4129.29 4128.77 4128.42 4128.42 4128.62 4128.93 4128.91 4128.95
4134.56 4134.5 4134.46 4134.44 4134.49 4134.62 4134.88 4135.2 4135.51 4135.76 4135.79 4135.82 4135.58 4134.99 4133.61 4134.07 4134.06 4134.52 4134.54 4134.68 4134.28 4133.77 4133.45 4133.81 4135.03 4133.9 4134.28 4134.27 4135.05 4134.86 4134.05 4133.29 4133.46 4132.34 4132.59 4137.78 4142.6 4142.78 4134.98 4147.36 4144.56 4135.56 4128.28 4129.41 4128.5 4127.37 4128.82 4130.97 4132.77 4133 4130.49 4127.1 4127.95 4129.06 4128.9 4128.32 4128.79 4129.54 4130.18 4129.43 4127.96 4127.66 4127.83 4128.24 4129.1 4129.17 4129.14
4134.47 4134.43 4134.4 4134.24 4134.36 4134.55 4134.91 4135.26 4135.51 4135.72 4135.83 4135.84 4135.63 4135.12 4135.31 4133.93 4134.09 4134.4 4134.45 4133.98 4133.56 4133.34 4133.03 4133.96 4135.07 4134.13 4133.95 4134.03 4135.04 4134.97 4134.31 4134.55 4133.75 4132.28 4133.82 4142.42 4153.49 4165.82 4167.79 4158.96 4141.09 4131.27 4124.87 4121.25 4124.33 4126.6 4128.7 4130.83 4132.79 4133.14 4131.75 4127.61 4126.5 4127.15 4128.05 4128.84 4129.53 4130.75 4131.94 4130.45 4127.71 4126.97 4127.53 4128.38 4129.59 4130.06 4129.72
4134.37 4134.14 4134.15 4134.35 4134.39 4134.45 4134.81 4135.2 4135.46 4135.65 4135.77 4135.76 4135.72 4135.08 4133.06 4133.42 4134.48 4134.54 4134.6 4134.36 4133.95 4133.5 4133.09 4133.75 4135.18 4134.21 4133.82 4134.16 4135.12 4135.12 4134.5 4134.72 4133.55 4132.07 4134.96 4145.42 4159.51 4176.33 4176.63 4154.98 4134.49 4129.44 4125.34 4124.31 4124.24 4126.21 4128.78 4131.67 4134.68 4136.33 4132.83 4128.37 4125.8 4126.04 4127.31 4128.49 4129.45 4130.79 4133.04 4136.71 4127.4 4126.57 4127.71 4129.17 4131.12 4131.91 4131.79
4134.37 4134.33 4134.28 4134.25 4134.3 4134.52 4134.7 4134.97 4135.25 4135.49 4135.65 4135.61 4135.23 4134.31 4133.33 4133.17 4133.82 4134.28 4134.83 4135.67 4136.3 4133.94 4132.26 4133.41 4135.09 4133.86 4133.95 4133.89 4133.92 4135.69 4135.18 4134.99 4133.48 4132.22 4135.4 4144.89 4156.4 4167.3 4168.96 4143.24 4132.01 4128.68 4125.55 4123.99 4124.57 4125.94 4128.26 4131.57 4135.53 4140.43 4137.77 4128.56 4124.74 4125.56 4126.45 4127.75 4128.61 4129.16 4128.86 4127.32 4126.9 4126.9 4128.38 4130.51 4133.5 4135.77 4137.05
