real_craters/C144-750m.grd
DSAA
123 123
-45.71 45.71
-45.71 45.71
2933.4141668711 4856.6962965507
[rows 76 to 113 of 123, columns 0 to 83 of 123]
4121 4122 4124 4123 4123 4123 4122 4123 4128 4130 4125 4123 4124 4123 4124 4124 4125 4126 4125 4122 4122 4122 4121 4122 4122 4122 4122 4122 4122 4122 4122 4118 4119 4134 4191 4276 4281 4263 4238 4206 4172 4155 4151 4160 4181 4211 4247 4256 4262 4297 4393 4508 4651 4723 4633 4533 4480 4489 4506 4475 4447 4448 4448 4374 4412 4427 4432 4603 4783 4857 4691 4575 4481 4404 4339 4292 4258 4240 4231 4220 4206 4194 4184 4185
4122 4122 4123 4123 4122 4125 4123 4122 4123 4124 4124 4123 4123 4123 4124 4123 4124 4125 4125 4122 4122 4122 4121 4121 4122 4122 4122 4122 4123 4122 4121 4118 4117 4128 4159 4270 4305 4295 4270 4234 4172 4152 4150 4154 4165 4180 4203 4211 4223 4253 4314 4380 4463 4675 4632 4593 4580 4686 4830 4781 4775 4691 4695 4699 4794 4778 4726 4708 4708 4588 4546 4455 4403 4390 4340 4282 4246 4223 4212 4205 4195 4183 4175 4172
4122 4122 4123 4123 4123 4125 4123 4122 4122 4124 4123 4122 4123 4123 4123 4123 4124 4125 4125 4121 4122 4122 4121 4121 4122 4122 4121 4122 4123 4122 4121 4116 4114 4112 4115 4139 4250 4274 4256 4212 4165 4148 4144 4144 4146 4149 4161 4185 4204 4224 4256 4267 4263 4382 4482 4524 4544 4571 4600 4588 4565 4517 4468 4510 4581 4711 4648 4586 4539 4465 4452 4315 4305 4303 4287 4255 4230 4214 4209 4202 4191 4177 4162 4158
4122 4122 4123 4123 4123 4123 4122 4121 4125 4125 4124 4123 4124 4126 4124 4126 4124 4125 4125 4122 4121 4121 4121 4120 4122 4122 4121 4122 4123 4123 4120 4117 4114 4109 4110 4128 4204 4249 4233 4179 4152 4143 4135 4138 4137 4135 4146 4169 4196 4236 4232 4230 4262 4293 4363 4415 4443 4429 4413 4379 4363 4361 4348 4340 4354 4393 4397 4395 4337 4335 4303 4253 4250 4237 4237 4224 4206 4202 4206 4202 4187 4169 4154 4147
4122 4122 4122 4123 4123 4123 4122 4120 4129 4127 4124 4123 4124 4124 4124 4123 4123 4125 4125 4122 4122 4121 4121 4120 4122 4122 4122 4122 4122 4121 4121 4116 4114 4114 4111 4133 4217 4273 4235 4181 4146 4146 4154 4145 4142 4142 4148 4163 4180 4191 4202 4210 4218 4253 4289 4317 4344 4347 4330 4319 4304 4287 4253 4282 4267 4256 4254 4286 4303 4296 4284 4264 4244 4232 4216 4202 4191 4191 4196 4194 4179 4165 4150 4140
4121 4121 4122 4123 4123 4122 4123 4123 4122 4124 4123 4122 4123 4122 4123 4122 4123 4124 4125 4122 4121 4120 4121 4120 4121 4122 4121 4121 4121 4121 4120 4121 4121 4121 4115 4126 4213 4278 4224 4163 4137 4149 4160 4155 4152 4158 4159 4162 4165 4166 4178 4204 4223 4228 4248 4265 4281 4273 4248 4254 4259 4257 4271 4252 4231 4240 4228 4232 4236 4246 4268 4281 4232 4222 4203 4184 4171 4177 4179 4176 4170 4159 4150 4145
4121 4121 4122 4123 4124 4122 4122 4122 4122 4122 4122 4121 4122 4122 4123 4122 4122 4124 4125 4122 4120 4121 4121 4120 4121 4121 4121 4121 4121 4120 4120 4120 4119 4120 4119 4121 4182 4230 4202 4141 4134 4143 4158 4161 4161 4153 4165 4169 4167 4163 4171 4190 4207 4206 4215 4226 4232 4224 4200 4223 4228 4229 4213 4217 4219 4213 4197 4201 4196 4206 4226 4214 4214 4204 4192 4175 4166 4167 4170 4173 4163 4154 4143 4131
4121 4121 4124 4125 4126 4128 4124 4122 4121 4120 4121 4121 4122 4122 4122 4122 4122 4123 4124 4122 4120 4120 4121 4120 4120 4121 4121 4121 4121 4121 4120 4120 4119 4119 4120 4119 4163 4207 4213 4180 4159 4134 4139 4177 4194 4182 4192 4187 4175 4169 4169 4172 4170 4174 4186 4191 4191 4184 4174 4190 4200 4204 4193 4182 4178 4192 4191 4185 4184 4181 4189 4186 4206 4198 4185 4168 4160 4163 4165 4164 4157 4148 4137 4132
4121 4121 4123 4124 4125 4127 4124 4122 4120 4120 4120 4121 4122 4122 4122 4122 4121 4122 4122 4123 4120 4120 4121 4119 4120 4121 4121 4121 4121 4120 4120 4119 4119 4119 4120 4126 4162 4218 4240 4242 4195 4174 4180 4212 4250 4299 4238 4209 4184 4160 4145 4143 4153 4160 4163 4165 4159 4151 4152 4158 4178 4190 4192 4176 4171 4163 4168 4169 4171 4169 4158 4164 4191 4195 4183 4168 4162 4164 4165 4166 4156 4142 4129 4114
4122 4122 4121 4122 4123 4122 4121 4122 4121 4120 4120 4121 4121 4122 4121 4121 4120 4120 4120 4121 4119 4120 4120 4120 4119 4121 4121 4120 4120 4120 4120 4119 4119 4119 4120 4123 4145 4190 4212 4277 4246 4223 4225 4248 4275 4272 4253 4215 4180 4156 4141 4148 4148 4146 4148 4145 4141 4140 4148 4158 4166 4174 4174 4169 4160 4151 4148 4154 4160 4160 4149 4145 4157 4173 4179 4183 4173 4165 4161 4158 4147 4134 4122 4114
4122 4122 4120 4121 4121 4121 4120 4121 4120 4120 4120 4121 4121 4122 4121 4121 4121 4120 4119 4122 4120 4119 4120 4119 4119 4121 4121 4120 4120 4120 4120 4120 4119 4119 4120 4122 4126 4122 4130 4133 4241 4291 4264 4262 4297 4299 4251 4208 4176 4151 4137 4142 4134 4136 4138 4136 4134 4136 4142 4149 4155 4156 4161 4170 4166 4151 4144 4144 4149 4149 4143 4138 4140 4153 4167 4186 4173 4161 4152 4146 4136 4126 4118 4113
4121 4122 4122 4121 4121 4121 4121 4124 4121 4120 4121 4121 4121 4122 4121 4121 4121 4120 4120 4122 4121 4119 4120 4119 4119 4121 4121 4120 4120 4120 4120 4120 4120 4120 4121 4121 4120 4118 4117 4118 4125 4207 4220 4220 4234 4244 4214 4187 4169 4149 4134 4135 4133 4133 4133 4132 4132 4135 4139 4145 4150 4154 4160 4170 4166 4151 4138 4134 4139 4140 4140 4139 4138 4140 4148 4145 4155 4151 4141 4127 4118 4118 4116 4115
4121 4122 4121 4121 4121 4121 4124 4122 4121 4120 4121 4121 4121 4121 4121 4121 4120 4120 4119 4121 4120 4119 4119 4118 4118 4121 4121 4120 4120 4120 4120 4120 4120 4121 4121 4120 4119 4119 4119 4118 4119 4123 4156 4156 4131 4140 4164 4167 4158 4145 4134 4132 4133 4134 4134 4133 4132 4134 4136 4143 4150 4159 4164 4171 4158 4149 4136 4129 4132 4133 4135 4133 4129 4131 4135 4139 4143 4141 4134 4124 4116 4117 4115 4115
4121 4121 4121 4121 4120 4120 4120 4122 4123 4122 4121 4121 4121 4121 4121 4121 4121 4120 4119 4121 4121 4119 4119 4118 4118 4120 4120 4120 4120 4120 4120 4120 4121 4121 4121 4120 4119 4119 4119 4119 4120 4120 4128 4127 4120 4125 4139 4147 4145 4141 4134 4132 4134 4137 4138 4137 4134 4134 4137 4142 4150 4156 4159 4160 4164 4150 4136 4129 4129 4124 4126 4130 4129 4130 4137 4136 4140 4137 4131 4124 4121 4116 4115 4114
4122 4121 4120 4120 4120 4120 4120 4122 4121 4120 4120 4120 4121 4121 4121 4121 4121 4120 4119 4121 4121 4119 4119 4118 4118 4120 4120 4120 4120 4120 4120 4120 4121 4121 4122 4120 4120 4120 4120 4119 4119 4119 4118 4118 4119 4122 4129 4133 4137 4137 4136 4133 4135 4136 4140 4144 4139 4134 4137 4141 4148 4152 4145 4148 4141 4144 4137 4129 4130 4122 4122 4126 4126 4128 4145 4151 4144 4136 4129 4123 4117 4115 4113 4111
4121 4121 4121 4120 4120 4120 4120 4121 4120 4119 4120 4120 4120 4121 4121 4121 4120 4119 4119 4121 4121 4119 4119 4118 4118 4119 4120 4120 4120 4119 4119 4120 4120 4120 4120 4120 4120 4120 4119 4119 4119 4119 4117 4116 4119 4120 4123 4127 4130 4132 4135 4128 4129 4134 4141 4151 4156 4136 4134 4140 4145 4147 4153 4151 4144 4144 4140 4133 4129 4122 4120 4121 4117 4119 4146 4154 4141 4133 4127 4122 4117 4114 4112 4111
4121 4121 4121 4121 4121 4121 4121 4121 4120 4119 4120 4120 4120 4120 4121 4120 4120 4119 4120 4121 4123 4119 4118 4118 4117 4117 4120 4119 4119 4119 4120 4120 4121 4121 4121 4120 4120 4120 4120 4119 4120 4119 4117 4117 4119 4120 4121 4123 4125 4127 4127 4118 4122 4131 4139 4146 4148 4140 4136 4142 4148 4153 4160 4158 4154 4157 4149 4134 4128 4119 4112 4111 4112 4114 4114 4125 4131 4129 4125 4121 4118 4112 4112 4111
4120 4121 4122 4122 4122 4121 4121 4121 4120 4119 4119 4120 4120 4120 4120 4120 4120 4119 4118 4121 4122 4118 4118 4118 4117 4118 4120 4120 4119 4119 4119 4120 4121 4124 4122 4121 4120 4120 4119 4120 4120 4121 4118 4118 4118 4120 4122 4122 4122 4121 4117 4119 4121 4127 4135 4138 4156 4150 4146 4152 4158 4159 4156 4145 4170 4176 4159 4142 4126 4116 4108 4110 4112 4112 4111 4118 4124 4126 4124 4119 4112 4112 4113 4111
4121 4121 4121 4121 4122 4122 4121 4120 4120 4120 4119 4119 4119 4119 4120 4120 4120 4119 4119 4121 4121 4118 4118 4118 4116 4116 4120 4119 4119 4119 4120 4120 4120 4119 4121 4120 4120 4120 4119 4119 4120 4122 4120 4119 4119 4119 4120 4121 4122 4121 4119 4116 4119 4124 4132 4148 4157 4156 4156 4165 4169 4161 4141 4147 4192 4177 4159 4152 4130 4115 4109 4109 4111 4110 4124 4122 4123 4123 4123 4121 4119 4119 4117 4114
4120 4121 4120 4121 4121 4122 4122 4120 4122 4120 4119 4119 4119 4118 4119 4119 4119 4119 4119 4121 4122 4118 4117 4117 4116 4116 4119 4119 4119 4119 4119 4119 4120 4119 4120 4120 4120 4120 4119 4119 4120 4119 4120 4119 4119 4119 4120 4120 4122 4123 4122 4122 4116 4119 4122 4129 4150 4160 4164 4171 4181 4158 4137 4143 4139 4140 4140 4134 4123 4114 4110 4112 4111 4110 4119 4122 4123 4123 4123 4124 4126 4125 4119 4115
4121 4120 4119 4119 4121 4122 4122 4120 4123 4120 4119 4119 4118 4118 4119 4119 4118 4118 4119 4120 4121 4118 4117 4117 4116 4116 4119 4119 4119 4119 4119 4119 4119 4120 4120 4120 4120 4120 4120 4120 4120 4119 4119 4119 4119 4119 4119 4120 4121 4122 4120 4116 4116 4116 4116 4115 4127 4145 4152 4156 4166 4142 4126 4139 4123 4120 4122 4115 4111 4112 4112 4113 4112 4115 4118 4123 4124 4124 4124 4124 4123 4124 4118 4114
4120 4120 4119 4119 4121 4124 4123 4122 4120 4121 4122 4119 4118 4118 4119 4119 4118 4118 4118 4118 4118 4119 4117 4117 4116 4116 4118 4118 4120 4120 4119 4119 4119 4119 4120 4120 4120 4119 4119 4118 4119 4119 4119 4119 4119 4119 4119 4119 4119 4118 4117 4116 4116 4115 4115 4116 4119 4125 4131 4128 4114 4119 4121 4118 4114 4119 4115 4111 4110 4114 4119 4121 4117 4116 4124 4127 4127 4126 4124 4121 4118 4112 4113 4112
4120 4119 4119 4119 4122 4127 4125 4120 4120 4119 4117 4119 4118 4118 4119 4119 4118 4118 4117 4117 4117 4120 4117 4117 4116 4116 4118 4119 4119 4119 4119 4119 4119 4119 4120 4120 4120 4120 4119 4119 4120 4119 4119 4119 4118 4118 4118 4117 4117 4116 4116 4118 4117 4116 4116 4116 4116 4115 4116 4113 4112 4114 4112 4113 4112 4120 4115 4111 4110 4115 4123 4125 4114 4121 4130 4131 4130 4127 4126 4122 4116 4111 4111 4111
4120 4120 4120 4120 4121 4123 4123 4121 4122 4121 4117 4119 4118 4118 4118 4119 4118 4117 4117 4116 4116 4120 4117 4117 4117 4116 4118 4119 4119 4119 4119 4119 4121 4121 4120 4120 4120 4120 4119 4119 4120 4119 4119 4119 4118 4117 4117 4116 4115 4115 4116 4118 4117 4117 4117 4117 4115 4115 4116 4117 4129 4163 4115 4113 4110 4112 4114 4114 4110 4114 4115 4112 4113 4120 4138 4144 4146 4144 4138 4129 4120 4112 4111 4111
4119 4120 4120 4120 4120 4121 4121 4120 4120 4119 4117 4118 4118 4118 4119 4118 4118 4117 4117 4116 4117 4120 4117 4117 4117 4116 4117 4119 4119 4118 4119 4121 4121 4120 4120 4119 4119 4119 4119 4119 4119 4119 4119 4118 4118 4117 4116 4115 4115 4115 4117 4118 4117 4117 4117 4117 4115 4116 4124 4132 4142 4172 4132 4127 4114 4111 4112 4112 4112 4112 4113 4110 4112 4119 4137 4162 4166 4155 4143 4130 4120 4112 4109 4111
4119 4120 4120 4119 4119 4120 4120 4120 4120 4120 4118 4120 4120 4118 4117 4118 4118 4117 4117 4116 4117 4120 4118 4117 4117 4116 4116 4119 4118 4118 4119 4119 4119 4119 4119 4118 4118 4118 4120 4119 4119 4119 4119 4119 4118 4117 4116 4115 4115 4115 4117 4118 4117 4117 4117 4118 4117 4119 4130 4152 4157 4136 4166 4159 4124 4111 4112 4112 4112 4112 4110 4108 4113 4125 4180 4185 4168 4151 4138 4127 4119 4113 4109 4111
4119 4120 4120 4118 4118 4120 4120 4119 4119 4120 4119 4121 4121 4118 4118 4118 4117 4116 4117 4116 4117 4120 4118 4116 4117 4117 4117 4119 4118 4118 4119 4120 4121 4118 4118 4118 4118 4119 4119 4120 4119 4119 4118 4119 4118 4118 4118 4116 4115 4115 4117 4117 4117 4117 4117 4117 4120 4123 4126 4125 4124 4122 4162 4169 4129 4112 4114 4113 4112 4112 4112 4113 4114 4181 4235 4200 4167 4149 4137 4128 4120 4112 4110 4111
4118 4119 4119 4119 4119 4120 4120 4120 4119 4119 4119 4118 4119 4118 4116 4118 4117 4116 4117 4116 4117 4120 4119 4116 4117 4118 4119 4118 4118 4117 4118 4120 4119 4117 4117 4118 4118 4118 4118 4119 4118 4119 4119 4118 4119 4120 4120 4119 4118 4115 4117 4117 4116 4116 4117 4118 4119 4121 4120 4119 4118 4116 4116 4128 4129 4125 4119 4115 4112 4111 4111 4110 4128 4231 4203 4161 4149 4138 4130 4124 4118 4113 4112 4111
4118 4119 4119 4119 4120 4119 4120 4120 4121 4119 4122 4118 4118 4117 4116 4118 4117 4116 4117 4116 4117 4120 4119 4116 4116 4118 4118 4117 4118 4117 4118 4119 4118 4117 4117 4118 4118 4118 4118 4119 4118 4118 4118 4118 4120 4121 4122 4123 4123 4116 4117 4117 4116 4116 4116 4118 4119 4119 4118 4116 4116 4116 4116 4121 4129 4135 4114 4113 4112 4111 4111 4110 4121 4136 4116 4118 4125 4125 4123 4119 4116 4113 4111 4111
4119 4118 4119 4119 4118 4119 4119 4119 4119 4119 4119 4117 4117 4117 4117 4117 4116 4116 4116 4116 4117 4120 4119 4116 4116 4118 4118 4117 4118 4118 4118 4119 4118 4118 4118 4118 4119 4120 4118 4119 4118 4118 4118 4119 4120 4121 4124 4126 4130 4125 4117 4116 4116 4115 4116 4119 4119 4119 4117 4116 4116 4116 4117 4119 4119 4113 4115 4114 4112 4110 4111 4109 4118 4124 4111 4112 4114 4117 4116 4115 4113 4112 4111 4111
4118 4119 4120 4120 4120 4118 4118 4119 4120 4119 4118 4117 4118 4117 4117 4117 4116 4116 4116 4119 4120 4120 4119 4115 4116 4117 4118 4117 4118 4118 4118 4118 4119 4118 4118 4117 4117 4117 4118 4119 4118 4117 4118 4119 4120 4121 4123 4125 4125 4117 4116 4116 4116 4115 4116 4123 4124 4120 4117 4116 4117 4117 4117 4117 4116 4115 4116 4115 4113 4112 4111 4110 4117 4120 4111 4112 4111 4113 4113 4113 4112 4112 4111 4111
4117 4117 4120 4120 4119 4117 4118 4118 4119 4119 4118 4125 4119 4118 4117 4118 4116 4115 4116 4117 4119 4120 4120 4116 4116 4117 4117 4116 4118 4118 4118 4118 4119 4119 4118 4117 4116 4117 4118 4118 4118 4117 4117 4118 4119 4120 4121 4122 4122 4115 4116 4117 4116 4116 4117 4119 4117 4118 4116 4116 4117 4116 4117 4116 4115 4114 4117 4116 4114 4113 4112 4111 4112 4117 4115 4112 4112 4112 4112 4112 4112 4112 4111 4111
4118 4117 4119 4122 4126 4118 4117 4117 4117 4118 4117 4116 4117 4117 4117 4116 4117 4116 4116 4115 4117 4119 4120 4116 4116 4117 4117 4116 4118 4118 4117 4118 4118 4118 4118 4117 4117 4117 4118 4117 4117 4117 4117 4117 4117 4118 4117 4117 4114 4115 4116 4116 4116 4117 4117 4116 4115 4116 4116 4116 4117 4117 4117 4116 4115 4114 4116 4116 4115 4114 4115 4115 4115 4118 4113 4112 4112 4112 4113 4113 4112 4112 4112 4112
4118 4117 4119 4120 4120 4118 4117 4117 4117 4119 4118 4116 4116 4116 4117 4118 4117 4116 4116 4115 4117 4119 4119 4116 4116 4117 4116 4115 4118 4118 4120 4118 4118 4117 4117 4117 4117 4117 4118 4117 4116 4117 4117 4116 4116 4116 4116 4115 4115 4115 4116 4116 4116 4116 4118 4116 4115 4115 4116 4116 4117 4117 4117 4117 4116 4115 4116 4117 4118 4120 4123 4123 4120 4122 4115 4112 4112 4113 4113 4113 4113 4113 4113 4114
4118 4118 4119 4119 4117 4116 4117 4117 4117 4116 4117 4117 4115 4115 4116 4116 4117 4117 4116 4116 4117 4118 4119 4117 4115 4116 4117 4117 4119 4118 4117 4118 4118 4117 4117 4116 4116 4117 4118 4117 4116 4116 4116 4116 4115 4115 4114 4114 4114 4115 4116 4116 4116 4117 4120 4116 4115 4115 4115 4116 4117 4117 4117 4117 4117 4116 4115 4117 4120 4131 4134 4132 4133 4135 4121 4112 4113 4113 4114 4113 4113 4114 4114 4114
4117 4116 4119 4119 4118 4117 4116 4117 4118 4118 4117 4116 4115 4115 4116 4116 4116 4117 4116 4117 4117 4118 4119 4117 4115 4116 4117 4116 4118 4117 4117 4118 4117 4117 4116 4116 4116 4117 4118 4117 4117 4116 4116 4116 4115 4115 4114 4114 4114 4116 4116 4116 4115 4115 4116 4115 4115 4115 4115 4116 4117 4117 4118 4118 4117 4117 4116 4116 4116 4116 4124 4138 4155 4152 4118 4113 4113 4113 4112 4114 4114 4114 4113 4113
4117 4116 4117 4118 4117 4115 4116 4117 4118 4117 4116 4116 4115 4115 4115 4115 4117 4116 4116 4115 4116 4118 4119 4117 4115 4116 4116 4115 4116 4117 4116 4117 4117 4117 4117 4116 4116 4117 4117 4117 4116 4116 4116 4116 4116 4115 4114 4114 4115 4116 4116 4116 4115 4115 4115 4115 4115 4115 4116 4116 4116 4118 4118 4118 4117 4117 4115 4116 4115 4111 4114 4131 4138 4114 4112 4113 4114 4115 4114 4114 4114 4114 4114 4113
4117 4116 4116 4118 4117 4115 4115 4116 4117 4117 4116 4116 4115 4115 4116 4116 4116 4116 4116 4115 4115 4117 4119 4117 4115 4116 4115 4114 4116 4116 4116 4117 4117 4116 4116 4116 4116 4116 4117 4116 4116 4115 4116 4116 4115 4115 4114 4114 4115 4116 4117 4116 4116 4115 4115 4115 4115 4115 4116 4116 4117 4117 4118 4118 4118 4117 4113 4117 4117 4115 4114 4118 4114 4114 4113 4113 4115 4115 4115 4115 4115 4114 4114 4113
