real_craters/C144-500m.grd
DSAA
184 184
-45.71 45.71
-45.71 45.71
2932.9156578142 4838.8260766621
[rows 30 to 59 of 184, columns 0 to 66 of 184]
4135.2 4134.6 4133.95 4133.46 4133.29 4133.36 4133.13 4133.44 4133.38 4133.07 4132.66 4132.36 4132.41 4132.61 4133.44 4135.25 4133.17 4131.8 4131.46 4131.02 4130.68 4130.35 4130.26 4131.01 4133.54 4133.93 4133.49 4132.8 4132.79 4132.89 4132.94 4133.03 4133.71 4133.79 4133.85 4134.07 4134.32 4134.33 4134.17 4133.94 4133.54 4134 4134.27 4134.53 4133.47 4132.54 4132.85 4133.67 4133.8 4134.02 4134.2 4134.33 4134.46 4134.6 4134.69 4134.81 4134.65 4134.39 4134.08 4133.85 4133.66 4133.53 4133.51 4134.06 4134.39 4134.37 4134.32
4134.19 4134.37 4133.55 4132.89 4132.63 4132.75 4133.5 4133.6 4133.44 4133.06 4132.56 4132.23 4132.43 4132.7 4133.7 4135.15 4132.89 4132.43 4131.62 4131.17 4130.83 4130.52 4130.28 4130.35 4132.62 4133.43 4133.33 4133.07 4132.95 4133.04 4133.25 4133.02 4133.17 4133.53 4133.7 4133.95 4134.19 4134.13 4134.4 4134.38 4133.59 4133.52 4134.11 4134.11 4133.29 4132.63 4132.66 4133.02 4133.62 4133.93 4134.07 4134.18 4134.29 4134.48 4134.61 4134.38 4134.41 4134.15 4133.94 4133.7 4133.54 4133.46 4133.53 4133.86 4134.13 4134.19 4134.1
4132.92 4132.77 4132.55 4132.18 4131.9 4131.88 4134.07 4133.84 4133.52 4133.17 4133.03 4133.11 4132.69 4132.56 4133.39 4134.7 4132.46 4131.99 4132.01 4131.38 4130.98 4130.82 4130.6 4130.92 4132.55 4133.06 4133.03 4132.91 4132.89 4133.06 4132.67 4132.38 4132.53 4132.92 4133.18 4133.4 4133.67 4133.99 4134.45 4134.97 4135.71 4134.35 4133.45 4132.97 4132.75 4132.48 4132.74 4133.27 4133.91 4134.05 4134.12 4134.16 4134.18 4134.27 4134.43 4134.6 4134.27 4134.04 4133.8 4133.64 4133.51 4133.43 4133.45 4133.7 4133.94 4133.97 4133.95
4132.02 4131.59 4131.29 4131.22 4131.31 4131.7 4133.1 4133.57 4133.39 4133.15 4132.98 4132.72 4132.61 4132.73 4133.49 4134.72 4134.33 4132.88 4132.39 4132 4131.89 4131.89 4131.91 4132.07 4132.25 4132.53 4132.64 4132.66 4132.81 4133.17 4133.61 4132.78 4132.48 4132.55 4132.83 4133.14 4133.46 4133.88 4134.37 4135.11 4135.87 4133.15 4132.98 4133.11 4132.71 4132.26 4133 4134.6 4134.1 4134.06 4134.02 4134.01 4133.97 4133.9 4133.75 4133.74 4133.74 4133.76 4133.57 4133.62 4133.52 4133.44 4133.38 4133.7 4133.81 4133.78 4133.71
4130.1 4130.21 4130.48 4130.83 4131.17 4131.71 4132.93 4133.29 4133.14 4132.89 4132.6 4132.34 4132.5 4132.86 4133.63 4134.52 4134.69 4132.65 4131.96 4132.11 4132.31 4132.58 4132.89 4132.6 4131.43 4131.99 4132.23 4132.46 4132.69 4132.71 4132.69 4132.73 4132.25 4132.34 4132.57 4132.83 4133.19 4133.48 4133.81 4134.18 4134.43 4132.83 4133.09 4133.24 4132.88 4132.62 4132.92 4133.09 4133.9 4133.9 4133.81 4133.74 4133.68 4133.58 4133.43 4133.46 4133.56 4133.63 4133.71 4133.64 4133.58 4133.51 4133.48 4133.65 4133.63 4133.53 4133.4
4129.27 4129.59 4130.02 4130.48 4131.02 4131.75 4132.71 4132.93 4132.83 4132.63 4132.42 4132.36 4132.39 4132.57 4133.56 4134.41 4134.46 4134.57 4132.11 4132.38 4132.87 4133.4 4133.79 4133.25 4130.75 4131.56 4132 4132.42 4132.54 4132.53 4132.37 4132.49 4132.16 4132.29 4132.52 4132.77 4133.07 4133.18 4133.22 4133 4132.51 4133.75 4134.12 4133.51 4132.66 4132.19 4132.7 4133.62 4133.68 4133.61 4133.58 4133.51 4133.41 4133.34 4133.25 4133.31 4133.41 4133.51 4133.58 4133.57 4133.58 4133.57 4133.58 4133.52 4133.29 4133.01 4133.04
4130.47 4130.33 4130.18 4130.43 4130.95 4131.61 4132.08 4132.37 4132.48 4132.36 4132.12 4131.87 4132.03 4132.68 4133.84 4135.11 4135.85 4132.35 4132.81 4132.76 4133.07 4133.77 4134.64 4135.69 4132.27 4131.65 4131.99 4132.61 4133.64 4132.96 4132.64 4132.64 4132.29 4132.39 4132.48 4132.61 4132.8 4132.95 4132.86 4132.51 4132.53 4135.37 4134.66 4133.42 4132.28 4131.66 4132.27 4132.71 4133.03 4133.24 4133.3 4133.26 4133.21 4133.12 4133.12 4133.17 4133.3 4133.41 4133.51 4133.57 4133.6 4133.6 4133.54 4133.37 4132.59 4132.29 4131.95
4131.35 4130.73 4130.25 4130.35 4130.71 4131.17 4131.61 4132.13 4132.28 4132.17 4131.93 4131.69 4131.81 4132.28 4134.17 4135.64 4136.04 4131.95 4132.22 4132.55 4133.1 4133.76 4134.24 4134.65 4131.99 4131.6 4131.95 4132.48 4132.89 4132.97 4132.84 4132.43 4132.59 4132.45 4132.45 4132.59 4132.7 4132.76 4132.72 4132.59 4132.81 4134.05 4133.84 4132.87 4132.15 4132.26 4132.25 4132.47 4132.71 4132.99 4133.06 4133.06 4133.01 4132.91 4132.8 4133 4133.17 4133.34 4133.47 4133.58 4133.64 4133.63 4133.29 4132.92 4132.23 4132.8 4132.66
4130.32 4129.99 4130.14 4130.31 4130.61 4130.86 4131.15 4132.15 4132.23 4132.12 4131.96 4131.78 4132.07 4133.31 4134.52 4136.02 4136.53 4132.14 4131.62 4132.68 4133.25 4133.61 4133.46 4132.16 4131.62 4131.55 4132.02 4132.37 4132.54 4132.43 4132.38 4132.28 4132.43 4132.33 4132.39 4132.46 4132.53 4132.65 4132.77 4132.92 4132.82 4132.71 4132.45 4132.28 4132.32 4132.03 4132.28 4132.58 4132.89 4132.92 4132.96 4132.96 4132.93 4132.84 4132.67 4132.95 4133.13 4133.27 4133.43 4133.55 4133.64 4133.64 4133.46 4132.71 4132.35 4133.39 4134.04
4130.26 4129.78 4129.94 4130.17 4130.55 4131.17 4133.26 4132.2 4132.22 4132.13 4132.05 4132.27 4133.03 4133.12 4134.68 4136.36 4137.11 4132.77 4132.38 4133.52 4133.44 4133.52 4133.48 4133.52 4132.52 4131.94 4132.18 4132.4 4132.52 4132.6 4132.28 4131.94 4131.79 4132.13 4132.26 4132.36 4132.52 4132.7 4132.93 4133.08 4132.85 4131.91 4131.49 4131.64 4131.83 4132.07 4132.29 4132.55 4132.78 4132.82 4132.86 4132.85 4132.88 4132.93 4133.07 4133.02 4133.13 4133.29 4133.43 4133.58 4133.16 4133.32 4133.19 4132.87 4132.97 4134.54 4135.69
4130.26 4129.88 4129.9 4130.03 4130.29 4130.62 4130.8 4131.92 4132.12 4131.97 4131.8 4131.75 4131.61 4132.32 4134.4 4136.35 4137.57 4135.22 4132.93 4133.77 4133.24 4133.17 4133.13 4133.15 4131.31 4131.72 4132.21 4132.46 4132.52 4131.95 4131.89 4132.12 4132.12 4132.1 4132.18 4132.31 4132.45 4132.67 4132.97 4133.36 4133.08 4132.08 4131.47 4131.38 4131.46 4131.99 4132.22 4132.41 4132.41 4132.68 4132.76 4132.8 4132.82 4132.81 4132.79 4132.83 4132.43 4132.31 4132.31 4132.4 4131.29 4132.34 4133.32 4133.07 4133.78 4134.79 4137.49
4130.09 4129.92 4129.71 4129.73 4129.89 4130.05 4130.26 4131.85 4132.05 4131.82 4131.5 4131.19 4131.21 4132.34 4134.09 4135.78 4136.51 4134.45 4132.2 4132.5 4132.45 4132.47 4132.31 4131.51 4130.55 4130.76 4132.06 4132.29 4132.31 4131.56 4131.74 4131.87 4132.09 4132.1 4132.15 4132.24 4132.39 4132.59 4132.8 4132.82 4132.68 4132.15 4131.62 4131.45 4131.58 4131.85 4132.13 4132.36 4132.55 4132.61 4132.66 4132.69 4132.71 4132.7 4132.87 4132.92 4131.51 4130.96 4130.87 4130.69 4130.09 4131.7 4133.49 4132.79 4134.54 4138.63 4143.12
4129.79 4129.6 4129.5 4129.5 4129.61 4129.8 4130.22 4131.3 4131.67 4131.48 4131.14 4130.76 4130.54 4132.18 4133.79 4135.1 4135.72 4134.63 4131.09 4131.27 4131.69 4131.92 4132 4131.37 4130.42 4130.97 4131.93 4132.2 4132.07 4131.93 4131.97 4132.01 4132.13 4132.02 4131.96 4132.07 4132.26 4132.41 4132.52 4132.41 4132.5 4132.42 4132.02 4131.59 4131.32 4131.8 4132.08 4132.3 4132.47 4132.58 4132.6 4132.62 4132.63 4132.5 4132.44 4132.25 4131.87 4131.46 4130.17 4129.81 4129.46 4131.11 4133.64 4132.84 4135.08 4145.85 4153.8
4129.69 4129.17 4129.31 4129.37 4129.47 4129.65 4130.06 4130.72 4131.21 4131.25 4130.95 4130.63 4130.84 4131.88 4133.4 4134.58 4135.28 4134.66 4130.32 4130.94 4131.12 4131.45 4131.66 4131.26 4130.36 4130.28 4131.92 4132.29 4132.01 4131.87 4132.19 4132.18 4131.49 4131.28 4131.68 4131.88 4132.11 4132.22 4132.3 4132.47 4132.57 4132.82 4133.15 4131.73 4131.22 4131.95 4132.11 4132.21 4132.26 4132.38 4132.5 4132.56 4132.57 4132.5 4132.3 4131.91 4130.67 4129.94 4129.93 4129.35 4129.2 4130.15 4133.98 4139.65 4146.65 4159.04 4165.72
4129.65 4129.19 4129.15 4129.16 4129.23 4129.39 4129.75 4130.47 4131.18 4131.18 4130.89 4130.56 4130.45 4132.16 4133.05 4134.07 4134.77 4134.55 4131.6 4130.58 4130.83 4131.15 4131.28 4130.94 4130.49 4130.38 4132.9 4132.6 4132.25 4132.4 4132.24 4132.12 4131.81 4131.76 4131.76 4131.87 4131.95 4132.01 4132.02 4132.2 4132.41 4132.78 4133.04 4131.65 4130.96 4131.78 4131.98 4132.06 4132.12 4132.18 4132.4 4132.48 4132.5 4132.61 4132.06 4131.52 4131.52 4131.47 4131.24 4130.43 4129.49 4129.64 4136.9 4154.95 4181.55 4179.79 4180.43
4129.6 4129.24 4129.1 4129.06 4129.07 4129.16 4129.24 4129.69 4131.08 4131.17 4130.95 4130.68 4130.76 4131.4 4132.5 4133.56 4134.3 4134 4131.5 4130.83 4130.81 4131.13 4131.55 4131.13 4130.73 4131.35 4132.36 4132.51 4132.3 4131.67 4132.34 4132.45 4132.28 4132.1 4131.78 4131.73 4131.8 4131.87 4131.84 4131.94 4132.07 4132.27 4132.13 4131.37 4131.12 4131.57 4131.64 4131.9 4132.16 4132.47 4132.49 4132.42 4131.62 4132.24 4132.03 4132.26 4132.44 4132.48 4133.12 4135.04 4133.97 4131.29 4141 4167.52 4185.14 4194.84 4193.36
4129.52 4129.5 4129.2 4128.95 4128.91 4129.05 4129.49 4130.83 4131.03 4131.13 4130.97 4130.76 4130.56 4130.4 4131.76 4133.04 4134.01 4134.2 4132.19 4130.91 4130.73 4131.04 4131.27 4130.94 4130.4 4130.09 4132.01 4132.26 4131.85 4131.67 4132.47 4132.53 4132.06 4131.5 4131.62 4131.7 4131.76 4131.81 4131.84 4131.85 4131.92 4131.86 4131.32 4131.04 4130.85 4130.62 4131.2 4131.76 4132.3 4132.57 4132.53 4132.39 4131.82 4132.05 4132.12 4132.21 4133.98 4134.45 4136.35 4139.53 4144.7 4148.9 4157.63 4179.43 4206.04 4203.52 4200.46
4129.38 4129.09 4128.84 4128.75 4128.78 4128.94 4129.24 4129.35 4130.92 4131.15 4130.95 4130.65 4130.34 4130.28 4131.31 4132.64 4133.85 4134.54 4133.11 4130.48 4130.57 4130.99 4131.3 4130.76 4130.17 4130.04 4131.63 4132.24 4132.13 4131.76 4131.7 4132.21 4131.95 4132.2 4131.5 4131.43 4131.75 4131.88 4131.97 4131.9 4131.95 4131.82 4131.64 4131.23 4130.81 4130.58 4131.13 4131.69 4132.15 4132.56 4132.5 4131.06 4131.87 4132.21 4131.86 4133.5 4134.65 4135.29 4137.85 4141.72 4152.66 4176.82 4180.7 4181.28 4186.05 4192.23 4197.4
4129.22 4128.67 4128.35 4128.4 4128.53 4128.7 4129.01 4129.69 4130.81 4131 4130.8 4130.52 4130.16 4130.25 4130.91 4132.32 4133.63 4134.44 4133.58 4130.72 4130.66 4131.03 4131.17 4130.66 4130.01 4129.66 4130.97 4132.33 4132.23 4131.98 4131.92 4132.15 4131.71 4131.17 4131.42 4131.53 4131.66 4131.92 4132.23 4132.29 4132.03 4131.82 4131.79 4131 4130.84 4130.97 4131.28 4131.71 4132.13 4132.44 4132.4 4132.3 4131.9 4132.54 4132.99 4133.09 4133.28 4134.64 4135.19 4139.08 4145.8 4152.15 4165.87 4171.36 4171.59 4174.97 4187.98
4129.05 4128.47 4128.14 4128.19 4128.35 4128.55 4128.79 4129.03 4130.2 4130.68 4130.55 4130.29 4129.9 4129.11 4130.5 4132.05 4133.41 4134.2 4133.59 4130.78 4130.81 4131.19 4131.38 4130.71 4129.99 4129.57 4130.68 4132.18 4133.12 4132.4 4132.51 4131.65 4131.43 4131.62 4131.36 4131.47 4131.63 4131.78 4131.82 4131.96 4131.86 4131.7 4131.45 4130.83 4131.02 4131.22 4131.42 4131.77 4132.04 4132.27 4132.26 4132.22 4132.08 4132.61 4132.87 4131.56 4131.71 4131.62 4133.89 4136.56 4138.3 4138.76 4153.76 4165.79 4170.26 4177.07 4185.59
4129.01 4128.49 4128.13 4128.17 4128.24 4128.43 4128.78 4129.32 4129.99 4130.3 4130.24 4130.09 4129.86 4130.03 4130.63 4131.9 4133.19 4134.06 4133.76 4130.88 4130.69 4131.44 4131.55 4130.83 4129.96 4129.61 4130.38 4131.38 4130.86 4131.19 4130.74 4130.81 4130.91 4130.55 4130.73 4131.23 4131.55 4131.69 4131.78 4131.74 4131.65 4131.45 4131.06 4131.15 4131.33 4131.56 4131.92 4131.89 4132.04 4132.15 4132.19 4132.14 4132.12 4132.78 4132.32 4131.67 4132.8 4132.82 4134.44 4136.16 4137.09 4141.99 4154.74 4171.97 4191.55 4206.29 4194.53
4129.04 4128.7 4128.54 4128.2 4128.17 4128.32 4128.62 4129.23 4129.78 4129.93 4130.01 4129.7 4129.72 4129.73 4130.49 4131.75 4133.01 4133.99 4134.14 4130.93 4130.57 4131.45 4131.59 4130.77 4129.91 4129.26 4129.53 4130.64 4130.62 4130.92 4130.32 4130.72 4130.93 4130.85 4131.01 4131.44 4131.62 4131.74 4131.59 4131.67 4131.63 4131.5 4131.32 4131.3 4131.28 4131.46 4131.64 4131.92 4132.05 4132.11 4132.09 4132.07 4131.84 4132.87 4132.48 4133.77 4134.67 4136.9 4137.79 4138 4139.28 4144.51 4156.71 4174.48 4200.95 4222.74 4194.61
4128.97 4128.57 4128.17 4127.99 4127.96 4128.08 4128.31 4128.57 4128.99 4129.76 4130.09 4130.07 4130.01 4129.98 4130.53 4131.71 4132.92 4133.84 4133.95 4131.79 4130.72 4131.48 4131.34 4130.51 4129.6 4128.94 4129.01 4130.71 4130.73 4130.41 4132.31 4131.42 4131.05 4131.47 4131.75 4131.55 4131.69 4131.85 4132.14 4131.83 4131.63 4131.52 4131.72 4131.2 4130.99 4131.55 4132.16 4132 4132.04 4132.25 4132.27 4131.87 4131.82 4133.3 4133.49 4136.68 4138.32 4140.2 4140.83 4141.5 4141.71 4145.16 4154.31 4165.53 4176.45 4177.49 4171.19
4128.95 4128.43 4128.05 4127.78 4127.8 4127.89 4128.05 4128.35 4129.06 4130.11 4130.26 4130.41 4130.15 4130.09 4130.57 4131.56 4132.66 4133.54 4133.79 4132.01 4130.43 4131.18 4130.99 4130.16 4129.3 4128.61 4128.57 4130.56 4131.11 4131.01 4130.12 4130.23 4130.65 4130.91 4131.08 4131.45 4131.6 4131.7 4131.74 4131.66 4131.43 4131.15 4130.82 4130.61 4130.75 4131.19 4131.49 4131.75 4131.95 4132.07 4131.89 4131.52 4132.54 4134.21 4135.82 4139.55 4142.05 4144.09 4145.31 4145.38 4143.6 4144.53 4150.2 4154.47 4153.31 4145.85 4149.12
4128.78 4128.3 4127.74 4127.6 4127.62 4127.69 4127.83 4128.09 4128.65 4130.4 4130.07 4129.77 4129.94 4130.1 4130.45 4131.42 4132.43 4133.28 4133.72 4132.32 4129.87 4130.65 4130.58 4129.81 4129.06 4128.39 4128.31 4131.71 4132.2 4130.86 4130.27 4130.13 4130.43 4130.73 4130.2 4131.16 4131.51 4131.77 4131.09 4131.5 4131.14 4130.81 4130.49 4130.33 4130.47 4130.6 4130.76 4131.52 4132.34 4132.38 4131.86 4131.21 4132.21 4135.5 4140.23 4144.73 4149.09 4151.74 4153.87 4154.49 4153.82 4151.59 4152.55 4149.49 4144.2 4137.52 4138.9
4128.42 4128.05 4127.82 4127.59 4127.42 4127.49 4127.64 4127.87 4128.27 4129.26 4129.58 4129.44 4129.6 4129.89 4130.36 4131.06 4132.04 4132.95 4133.33 4132.44 4129.57 4130.71 4130.38 4129.76 4129.13 4128.62 4129.13 4131.92 4132.75 4130.97 4130.41 4130.35 4130.36 4130.46 4130.81 4130.96 4131.26 4131.77 4132.22 4131.42 4130.91 4130.53 4130.14 4130.21 4130.35 4130.28 4130.31 4131.9 4133.95 4134.88 4132.41 4133.79 4132.85 4138.27 4144.59 4150.91 4157.31 4162.92 4166.35 4167.81 4171.46 4166.47 4156.97 4150.12 4142.64 4135.9 4134.58
4128.01 4127.71 4127.32 4127.01 4127.13 4127.29 4127.48 4127.73 4127.92 4129.21 4129.34 4129.22 4129.26 4129.38 4129.36 4130.53 4131.65 4132.63 4133.17 4132.73 4130.98 4130.72 4130.02 4129.68 4129.3 4128.91 4128.54 4129.9 4131.86 4130.98 4131.01 4130.32 4130.22 4130.29 4130.39 4130.59 4130.83 4130.97 4130.94 4130.89 4130.52 4130.21 4130.19 4130.26 4130.49 4130.26 4130.45 4132.57 4136.61 4141.54 4147.78 4145.52 4144.35 4143.16 4149.51 4157.29 4165.63 4172.78 4177.9 4179.14 4169.55 4170.26 4163.59 4154.04 4144.36 4136.02 4132.26
4127.54 4127.39 4127.04 4126.89 4127 4127.2 4127.46 4127.86 4128.76 4129.14 4129.02 4128.86 4129.02 4129.19 4129.76 4130.3 4131.3 4132.32 4133.05 4132.97 4130.05 4129.58 4129.67 4129.62 4129.53 4129.44 4129.38 4130.17 4131.13 4132.1 4131.08 4130.26 4130.05 4129.99 4130 4130.14 4130.44 4130.62 4130.63 4130.46 4130.17 4129.81 4129.62 4130.25 4130.64 4130.22 4129.97 4132.33 4138.23 4145.65 4151.43 4145.29 4140.87 4145.5 4151.73 4162.75 4173.4 4183 4191.04 4196.17 4210.11 4189.03 4174.31 4161.53 4148.88 4137.87 4131.63
4127.51 4127.3 4127.07 4126.95 4126.96 4127.11 4127.36 4127.74 4128.23 4128.8 4128.88 4128.88 4128.95 4129 4129.01 4129.73 4130.87 4131.95 4132.81 4132.8 4130.53 4129.3 4129.23 4129.42 4130.12 4130.41 4130.7 4130.34 4130.15 4130.24 4130.5 4130.34 4130.08 4129.94 4129.85 4129.98 4130.29 4130.48 4130.49 4130.25 4129.91 4129.58 4129.69 4130.47 4131.4 4130.4 4129.63 4131.55 4137.66 4144.99 4153.34 4147.1 4142.31 4146.81 4156.97 4167.42 4179.23 4192.24 4203.71 4211.29 4210.88 4201.4 4184.77 4168.7 4153.72 4140.87 4133.02
4127.46 4127.19 4126.97 4126.89 4126.87 4127.04 4127.26 4127.55 4127.81 4128.56 4129.25 4129.04 4129 4128.91 4128.77 4129.47 4130.62 4131.75 4132.57 4132.6 4130.96 4129.34 4129.25 4129.81 4130.66 4131.57 4132.04 4130.97 4129.96 4130.34 4130.51 4130.14 4130.11 4130.08 4129.9 4129.88 4130.29 4130.84 4130.52 4129.99 4129.66 4129.52 4129.68 4130.44 4131.04 4130.41 4129.72 4131.06 4135.53 4140.44 4143.17 4141.47 4141.68 4147.16 4155.22 4169.32 4182.47 4197.87 4214.26 4228.66 4228.86 4215.66 4193.31 4174.26 4157.48 4143.58 4135.31
