real_craters/C144-300m.grd
DSAA
306 306
-45.71 45.71
-45.71 45.71
2932.9021339881 4851.4300567903
[rows 60 to 89 of 306, columns 134 to 200 of 306]
4133.4 4133.07 4132.91 4132.79 4132.56 4132.29 4132.28 4132.28 4132.45 4132.68 4133.01 4133 4133.61 4132.71 4132.15 4132.13 4132.98 4132.91 4133.17 4133.41 4134.06 4135.12 4136.92 4140.89 4142.48 4143.17 4144.96 4146.71 4147.18 4148.02 4150.3 4154.11 4159.5 4154.88 4149.61 4145.4 4141.81 4138.14 4134.06 4129.46 4129.55 4129.96 4129.76 4128.24 4128.09 4127.39 4126.23 4125.51 4124.97 4124.74 4124.64 4124.72 4124.95 4125.44 4126.48 4128.59 4130.73 4133.49 4135.56 4136.4 4135.61 4133.13 4130.15 4127.32 4125.06 4124.15 4124.62
4133.23 4132.94 4132.77 4132.53 4132.41 4132.26 4132.12 4132.29 4132.16 4132.31 4132.65 4132.98 4133.21 4132.51 4132.12 4132.98 4133.17 4133.03 4133.52 4133.68 4134.71 4136.5 4139.13 4140.82 4141.87 4142.43 4144.33 4146.97 4145.16 4146.65 4149.38 4152.65 4154.42 4153.62 4150.41 4147.09 4143.92 4140.96 4138.04 4135.06 4133.21 4132.59 4133.42 4133.08 4128.8 4126.19 4125.58 4125.49 4125.16 4124.99 4124.94 4125.02 4125.21 4125.6 4126.31 4127.34 4129.14 4131.65 4134.02 4134.43 4133.2 4131.19 4128.72 4126.21 4124.08 4123.06 4126.19
4133.35 4133.02 4132.83 4132.59 4132.31 4132.29 4132.76 4132.56 4132.45 4132.37 4132.99 4133.3 4133.39 4132.37 4131.7 4132.06 4133 4132.86 4132.62 4133.45 4135.38 4137.55 4139.81 4140.61 4141.18 4141.78 4142.06 4141.42 4141.68 4144.28 4146.88 4149.31 4151.82 4151.26 4149.98 4148.1 4145.92 4143.89 4142.12 4139.96 4136.21 4133.58 4132.42 4131.92 4128.38 4125.49 4124.88 4125.3 4125.23 4125.16 4125.4 4125.48 4125.62 4125.72 4125.84 4126.07 4127.64 4129.76 4131.5 4132.01 4131.02 4129.35 4127.28 4125.14 4123.2 4122.35 4125.56
4134.56 4133.91 4133.25 4132.64 4132.01 4131.77 4132.6 4132.72 4133.52 4134.51 4134.9 4134.47 4133.53 4131.99 4131.25 4132.34 4133.82 4133.94 4132.77 4133.59 4136.41 4138.26 4139.01 4139.6 4140.14 4140.46 4140.23 4138.74 4139.98 4142.83 4144.92 4145.63 4146.43 4148.98 4149.63 4148.81 4147.51 4146.04 4144.7 4141.91 4137.28 4132.82 4128.73 4127.64 4127.67 4125.48 4124.08 4124.47 4125.09 4125.57 4126.06 4126.4 4126.53 4126.51 4126.22 4126.13 4126.63 4128.09 4129.55 4129.74 4128.94 4127.6 4125.96 4124.56 4122.94 4122 4123.14
4137.59 4136.09 4134.3 4132.72 4131.35 4130.44 4131.28 4132.96 4135.22 4136.68 4137.24 4136.02 4134.16 4131.99 4131.03 4134.53 4137.64 4139.23 4137.14 4137.49 4140.6 4140.39 4139.46 4139.15 4139.35 4139.23 4138.59 4139.18 4140.85 4143.55 4145.38 4145.82 4146.95 4149.39 4150.54 4149.96 4148.36 4146.55 4145.32 4142.26 4136.69 4131.8 4127.9 4126.94 4126.42 4124.89 4123.75 4124.17 4125.58 4126.77 4127.77 4128.44 4128.68 4128.4 4127.56 4126.21 4125.84 4126.97 4128.36 4128.14 4127.48 4126.47 4125.19 4123.8 4122.74 4122.4 4123.63
4142.83 4139.8 4136.25 4133.12 4130.79 4129.28 4130.28 4133.99 4139.26 4144.15 4145.55 4142.44 4136.97 4132.1 4131.68 4137.42 4145.68 4150.25 4152.05 4151.83 4148.53 4143.67 4140.16 4138.94 4139.37 4139.11 4139.17 4140.18 4142.99 4146.7 4149 4149.05 4150.63 4153.05 4153.29 4151.8 4149.17 4145.52 4141.45 4138.33 4134.71 4130.53 4127.45 4126 4125.27 4124.7 4124.82 4125.29 4126.63 4128.47 4129.97 4131.13 4131.6 4131.5 4130.43 4128.51 4126.92 4126.66 4126.72 4127.16 4127.18 4126.62 4125.6 4124.37 4123.33 4123.01 4123.86
4150.79 4145.83 4139.9 4134.52 4131.18 4129.93 4130.44 4136.07 4149.46 4158.97 4161.98 4158.63 4148.76 4140.68 4146.65 4151.92 4161.96 4164.55 4167.55 4169.18 4154.16 4145.4 4140.02 4138.07 4139.54 4139.21 4139.15 4141.48 4146.11 4152.02 4156.92 4157.74 4158.8 4159.4 4157.22 4153.93 4149.88 4145.34 4140.15 4136.65 4133.34 4129.33 4126.34 4124.73 4122.72 4124.35 4125.53 4126.92 4128.3 4130.24 4132.32 4134.14 4135.41 4135.7 4134.95 4133.46 4131.34 4128.02 4126.55 4127.53 4127.88 4127.89 4126.81 4125.41 4124.12 4123.19 4123.22
4161.54 4154.82 4146.91 4138.03 4132.67 4137.48 4142.52 4150.5 4171.66 4183.75 4187.85 4186.51 4181.15 4180.81 4206.56 4198.65 4185.86 4177.23 4169.6 4160.84 4152.13 4145.43 4139.67 4137 4139.08 4139.77 4139.32 4142.7 4148.75 4157.87 4168.19 4175.81 4173.9 4168.38 4162.34 4156.36 4150.85 4145.7 4141.46 4137.34 4133.35 4129.12 4125.72 4125.34 4124.83 4125.83 4127.58 4128.32 4130.32 4132.84 4135.75 4138.46 4140.46 4141.59 4141.24 4139.19 4135.33 4131.06 4129.76 4130.98 4131.33 4130.5 4129.18 4127.1 4125.08 4123.56 4123.75
4174.39 4167.35 4159.59 4149.34 4140.96 4159.77 4179.66 4194.43 4211.48 4217.47 4219.49 4221.75 4225.54 4242.02 4242.42 4226.25 4204.94 4187.04 4170.08 4148.68 4149.71 4145.72 4141.37 4139.83 4141.93 4141.54 4140.46 4141.68 4147.85 4160.68 4176.72 4190.25 4184.95 4174.93 4165.81 4157.6 4150.42 4144.76 4141.67 4137.82 4134.74 4130.73 4128.47 4129.31 4128.68 4127.75 4127.14 4128.68 4131.56 4135.09 4138.91 4142.53 4145.94 4148.59 4149.57 4147.21 4141.45 4137.55 4136.8 4138.42 4137.69 4135.68 4133.33 4130.04 4126.66 4123.73 4123.13
4187.52 4182.73 4179.1 4175.91 4174.73 4203.16 4236.05 4267.49 4260.52 4251.14 4247.77 4252.62 4266.46 4275.34 4255.12 4237.34 4214.56 4193.77 4175.84 4166.11 4154.54 4147.13 4143.29 4142.51 4143.24 4141.56 4140.13 4138.75 4142.62 4158.51 4177 4191.83 4186.03 4175.87 4165.83 4156.71 4148.53 4141.64 4136.72 4137.19 4137.84 4136.89 4133.08 4135.36 4134.48 4129.16 4125.69 4128.54 4132.97 4137.62 4141.51 4146.1 4150.99 4156.02 4160.53 4162.46 4157.88 4158.2 4154.85 4150.8 4146.81 4142.87 4138.65 4134.26 4129 4124.14 4122.8
4198.59 4198.05 4201.11 4209.45 4230.37 4249.17 4274.97 4300.42 4287.49 4269.97 4259.87 4261.07 4277.83 4282.94 4265.49 4238.02 4213.96 4193.44 4176.57 4165.09 4153.63 4146.05 4142.87 4141.68 4138.75 4137.87 4139.31 4136.42 4138.71 4153.1 4168.07 4179.11 4178.21 4171.71 4163.02 4154.03 4145.42 4138.22 4134.64 4136.01 4139.89 4148.52 4146.98 4136.94 4133.3 4130.67 4126.59 4130.61 4135.36 4139.86 4144.56 4149.76 4155.4 4162.78 4172.04 4184.1 4200.74 4199 4176.77 4163.52 4156.74 4151.64 4146.47 4140.46 4133.18 4125.58 4125.1
4206.81 4210.49 4218.13 4231.18 4250.35 4269.13 4285.22 4293.42 4287.42 4272.14 4256.14 4243.37 4235.97 4245.07 4242.99 4223.35 4203.72 4186.06 4170.12 4154.38 4145.86 4142.87 4140.22 4138.35 4134.5 4134.22 4136.95 4131.66 4135.05 4148.58 4160.83 4166.27 4169.61 4165.61 4158.42 4150.24 4142.02 4134.4 4131.07 4133.61 4136.45 4137.46 4136.77 4134.62 4133.65 4135.6 4137.3 4137.39 4139.35 4142.2 4146.2 4151.46 4157.91 4166.72 4177.81 4193.1 4210.75 4187.28 4176.52 4169.78 4164.81 4160.32 4155.27 4148.77 4140.44 4131.31 4132.37
4212.14 4217.99 4227.78 4241.29 4259.8 4275.92 4285.55 4289.72 4282.63 4265.28 4243.66 4220.23 4203.1 4208.01 4206.97 4198.5 4188.07 4176.38 4164.32 4152.43 4145.02 4141.62 4137.68 4133.23 4131.13 4132.2 4134.47 4130.81 4132.97 4146.76 4161.55 4168.33 4164.51 4159.66 4153.35 4146.23 4139.03 4132.76 4130.17 4131.53 4132.9 4132.71 4132.58 4131.83 4132.85 4135.76 4141.57 4144.4 4141.97 4143.52 4146.95 4152.17 4158.45 4166.04 4173.37 4182.91 4187.12 4174.78 4172.83 4173.11 4171.88 4169.23 4165.28 4159.58 4151.3 4141.77 4134.92
4213.94 4220.82 4230.23 4242.48 4257.97 4271.28 4278.21 4283.39 4275.8 4256.14 4231.56 4203.96 4183.67 4185.31 4176.72 4177.2 4173.44 4167.04 4160.68 4155.05 4150.5 4142.31 4136.71 4132.56 4130.56 4131 4131.12 4131.6 4137.16 4143.89 4154.7 4159.92 4156.9 4153.03 4148.07 4142.3 4136.47 4131.75 4129.82 4130.52 4131.57 4132.47 4131.72 4130.98 4131.67 4132.73 4135.15 4137.99 4139.85 4141.35 4144.41 4148.65 4153.77 4159.64 4165.45 4170.43 4171.99 4169.26 4174.73 4178.74 4180.03 4178.99 4176.33 4172.18 4165.22 4154.03 4138.57
4213.87 4219.99 4227.52 4236.3 4244.53 4252.69 4262.45 4268.95 4263.45 4246.33 4223.57 4199.94 4183.83 4182.65 4171.25 4166.18 4164.34 4160.28 4156.36 4152.22 4147.1 4142.38 4136.58 4132.12 4129.74 4129.96 4129.2 4129.63 4131.5 4136.82 4141.41 4146.08 4147.44 4145.77 4142.49 4138.29 4133.87 4130.03 4129.12 4129.97 4131.07 4131.73 4131.29 4130.95 4131.12 4131.83 4132.19 4133.1 4135.74 4138.5 4141.61 4145.33 4149.34 4153.56 4157.68 4160.95 4165.63 4172.62 4181.7 4186.59 4188.46 4188.33 4186.74 4183.83 4180.72 4173.04 4146.32
4211.77 4218.02 4222.64 4227.22 4229 4231.41 4244.43 4254.37 4253.11 4236.27 4216.71 4199.03 4186.51 4177.61 4163.26 4159.27 4157.41 4155.55 4153.27 4150.49 4146.88 4142.5 4136.93 4131.27 4127.56 4127.1 4127.65 4128.08 4129.77 4132.11 4133.47 4137.26 4139.94 4140 4138.26 4135.43 4132.24 4129.25 4129.04 4129.92 4130.88 4131.45 4130.46 4130.05 4130.65 4131.35 4130.92 4130.43 4132.95 4135.66 4138.59 4141.73 4144.94 4148.15 4151.26 4154.06 4160.05 4180.01 4192.15 4195.77 4196.85 4196.54 4195.12 4192.64 4186.66 4173.98 4150.61
4210.37 4214.58 4217.05 4219 4218.94 4219.15 4229.39 4238.14 4237.9 4222.19 4206.99 4194.57 4184.65 4177.93 4165.46 4156.48 4153.29 4152.1 4151.24 4150.42 4148.87 4143.99 4137.46 4131.56 4127.95 4127.52 4128.45 4128.17 4129.23 4130.28 4131.22 4133.37 4135.33 4136.06 4135.37 4133.46 4131.46 4130.12 4129.72 4130.28 4130.8 4130.55 4130.15 4129.63 4130.42 4130.87 4130.15 4130.15 4131.18 4133.28 4135.83 4138.54 4141.26 4143.9 4147.27 4151.06 4157.88 4188.56 4202.11 4204.01 4203.71 4202.59 4201.2 4199.19 4193.21 4176.85 4153.27
4209.4 4209.91 4211.11 4212.57 4213.75 4215.67 4217.96 4215.5 4207.28 4201.92 4193.09 4182.36 4176.16 4172.38 4159.4 4153.11 4151.26 4150.33 4149.8 4149.98 4151.47 4144.49 4137.47 4132 4128.61 4129.64 4130.55 4128.83 4127.8 4128.42 4129.88 4131.38 4133.05 4133.75 4133.56 4132.37 4131.37 4130.11 4130.68 4130.95 4131.29 4131.28 4130.95 4130.79 4130.56 4130.58 4129.35 4128.34 4129.94 4132.02 4134.32 4136.86 4139.32 4142.78 4146.54 4152.87 4164.28 4195.09 4206.78 4208.9 4208.07 4205.74 4202.98 4201.72 4202.91 4187.09 4155.83
4206.36 4205.24 4205.23 4205.68 4207.1 4210.49 4207.36 4199.9 4190.94 4187.67 4180.83 4172.86 4166.92 4161.66 4156.86 4152.3 4150 4148.8 4148.25 4147.01 4144.15 4140.41 4136.71 4132.65 4129.44 4130.37 4131.74 4129.99 4129.07 4129.81 4130.21 4130.62 4131.72 4132.28 4132.38 4132.36 4132.78 4133.19 4132.09 4131.72 4131.4 4130.87 4131.05 4130.7 4130.22 4130.03 4128.81 4128.8 4130.08 4132.44 4135.27 4137.97 4140.76 4143.84 4147.78 4155.03 4171 4186.16 4204.61 4211.9 4209.92 4204.12 4197.84 4192.85 4189.46 4175.51 4151.08
4201.62 4199.15 4197.53 4195.85 4195.88 4195.89 4193.2 4189.35 4188.09 4178.34 4169.7 4164.93 4160 4158.41 4154.34 4151.08 4148.59 4147.66 4146.78 4144.97 4140.48 4138.29 4137.59 4134.56 4131.75 4133 4133.1 4131.01 4129.73 4130.8 4129.94 4130.37 4131.34 4131.72 4132.01 4132.16 4132.27 4132.83 4133.18 4132.88 4132.05 4131.39 4131.19 4130.42 4129.3 4128.46 4128.25 4129.01 4130.44 4132.7 4135.56 4139.33 4142.59 4145.81 4149.5 4155.17 4166.61 4199.58 4219.31 4219.23 4212.33 4201.75 4189.66 4176.65 4162.47 4152.19 4140.42
4195.87 4192.3 4188.68 4184.49 4182.01 4179.72 4176.09 4171.59 4168.59 4161.66 4155.12 4150.54 4149.79 4148.87 4147.77 4146.06 4145.94 4146.25 4146.43 4146.32 4145.8 4144.9 4142.1 4138.68 4135.49 4135.43 4135.46 4132.61 4129.97 4130.88 4130.35 4131.37 4131.96 4132.13 4132.39 4132.4 4132.37 4133.25 4134.7 4134.99 4134.26 4133.66 4131.98 4130.86 4129.47 4128.41 4128.42 4129.68 4131.45 4134.31 4137.9 4141.78 4145.67 4149.92 4153.95 4158.79 4168.8 4212.59 4231.68 4225.8 4213.82 4198.07 4180.14 4160.93 4143.54 4135.38 4130.47
4190.31 4185.35 4179.76 4173.11 4167.26 4160.36 4154 4151.01 4146.33 4144.17 4142.05 4139.83 4142.54 4143.72 4142.94 4142.39 4143.61 4145.18 4146.85 4148.73 4151.12 4151.99 4147.59 4143.86 4141.32 4140.74 4140.44 4135.25 4130.99 4133.06 4132.55 4133.36 4133.47 4133.48 4133.06 4133.08 4134.3 4135.55 4137.37 4138.89 4138.25 4137.98 4136.64 4133.46 4131.12 4130.03 4130.13 4131.22 4132.75 4137.09 4141.74 4146.39 4151.52 4157.01 4163.25 4170.81 4184.78 4216.91 4233.67 4228.25 4212.5 4192.58 4170.91 4148.64 4130.26 4124.98 4123.58
4182.48 4176.9 4171.38 4163.91 4155.38 4144.77 4136.09 4137.71 4136.72 4136.47 4136.23 4136.61 4138.88 4140.2 4140.19 4140.3 4141.98 4144.53 4147.37 4150.26 4152.95 4153.05 4151.66 4148.74 4145.69 4145.29 4143.59 4138.85 4134.42 4137.09 4137.15 4136.72 4136.11 4135.31 4134.09 4133.36 4133.45 4136.37 4140.29 4144.29 4146.17 4142.05 4139.32 4135.84 4133.42 4132.92 4133.85 4135.64 4137.82 4141.76 4146.5 4151.62 4157.81 4165.45 4174.98 4187 4204.26 4228.69 4241.6 4229.59 4209.64 4186.96 4163.31 4140.52 4123.46 4119.71 4120.01
4176.21 4170.19 4164 4157.48 4149.66 4140.75 4134.87 4133.63 4134.64 4135.11 4134.57 4135.74 4138.97 4139.5 4138.78 4138.41 4140.92 4144.23 4147.62 4150.74 4153.99 4158.61 4154.48 4153.15 4153.84 4153.39 4147.24 4144.11 4142.31 4143.84 4142.36 4140.46 4138.98 4137.61 4135.93 4134.28 4133.82 4137.22 4142.26 4148.14 4150.45 4144.12 4138.6 4138.94 4138.45 4138.53 4139.67 4141.58 4144.7 4147.39 4152.14 4157.26 4163.67 4172.59 4185.07 4201.14 4217.72 4234.89 4242.82 4226.19 4204.11 4180.87 4157.54 4136.49 4122.15 4118.8 4119.34
4171.41 4165.65 4159.46 4153.27 4145.81 4138.26 4133.18 4132.55 4134.06 4135.07 4134.63 4135.57 4137.84 4138.82 4138.5 4138.55 4140.85 4144.28 4147.77 4151.05 4153.02 4150.56 4154.29 4155.25 4155.67 4154.46 4151.74 4149.3 4148.38 4148.08 4145.39 4143.99 4142.38 4140.66 4138.84 4136.83 4136.12 4139.33 4143.27 4147.15 4149.52 4146.71 4145.39 4145.27 4145.59 4146.01 4147.25 4148.95 4147.7 4154.3 4158.34 4161.99 4166.99 4175.25 4188.3 4207.55 4220.12 4226.87 4229.72 4214.41 4194.92 4173.78 4152.78 4134.66 4123.11 4120.17 4121.17
4166.58 4161.63 4155.72 4149.88 4143.42 4137.49 4133.06 4133.09 4134.75 4136.12 4135.89 4136.26 4137.57 4138.6 4139.03 4139.73 4142.03 4145.18 4148.75 4152.15 4154.87 4157.86 4158.18 4156.94 4153.6 4147.22 4152.43 4152.04 4152.42 4151.36 4148.7 4148.14 4146.83 4144.79 4143.27 4141.67 4140.94 4143.77 4145.67 4144.7 4146.12 4152.25 4153.11 4153.34 4153.52 4153.73 4155.67 4159.14 4164.79 4165.79 4164.89 4165.4 4167.69 4172.28 4180.57 4194.55 4203.42 4206.57 4202.25 4196.92 4184.18 4166.97 4148.73 4133.39 4124.64 4123.28 4125.03
4163.35 4160.39 4153.92 4149.68 4142.72 4138.61 4135.73 4135.04 4135.9 4136.88 4137.03 4137.21 4138.55 4139.17 4139.93 4141.22 4143.11 4146.54 4150.44 4154.23 4157.81 4161.33 4162.39 4161.39 4159.55 4164.5 4156.4 4155.45 4160.13 4160.46 4156.3 4154.03 4152.09 4149.93 4149.13 4149.54 4150.48 4151.53 4153.05 4153.4 4156.74 4165.47 4165.78 4161.36 4159.81 4160.47 4163.02 4167.46 4175.39 4173.58 4168.74 4166.62 4165.83 4165.49 4165.48 4168.42 4179.05 4187.72 4190.86 4186.78 4176.28 4161.54 4145.87 4131.49 4126.05 4127.22 4131.06
4162.12 4158.65 4154.54 4150.3 4144.26 4140.81 4137.98 4136.96 4137.27 4137.48 4137.39 4137.81 4138.72 4140.36 4141.42 4141.83 4144.23 4148.92 4152.99 4156.69 4159.98 4164.29 4166.51 4167.36 4170.76 4175.36 4168.41 4165.98 4169.41 4167.19 4164.4 4161.07 4157.95 4155.72 4154.77 4155.89 4158.13 4159.97 4163.08 4167.57 4169.8 4172.87 4171.69 4167.29 4164.38 4166.69 4168.69 4170.75 4172.15 4170.91 4168.96 4166.88 4164.35 4160.65 4153.82 4142.51 4161.92 4176.2 4183.33 4181.01 4172.45 4160.09 4145.63 4132.82 4129.51 4132.56 4138.13
4161.06 4158.43 4155.08 4151.22 4147.92 4144.29 4141.94 4140.9 4139.07 4137.64 4137.02 4139.14 4141.44 4142.84 4144.54 4146.62 4149.6 4153.28 4156.75 4159.91 4162.12 4164.45 4167.06 4171.19 4179.44 4184.81 4182.7 4180.75 4181.15 4177.08 4174.04 4168.06 4163.47 4160.33 4158.57 4158.94 4162.08 4167 4172.28 4175.76 4175.49 4175.06 4175.38 4175.37 4174.94 4174.37 4174.5 4173.6 4170.78 4168.67 4169.22 4168.32 4165.83 4162.12 4156.91 4153.71 4162.51 4172.95 4179.5 4179.1 4172.98 4162.68 4149.24 4137.91 4136 4139.59 4144.64
4161.04 4159.5 4156.78 4154.22 4150.47 4147.71 4145.93 4144.16 4141.12 4138.77 4138.66 4141.39 4144.14 4146.07 4148.6 4151.53 4154.91 4158.55 4161.93 4164.19 4165.45 4164.45 4164.34 4176.55 4188.5 4191.42 4190.82 4191.07 4192.99 4192.49 4181.92 4174.28 4168.95 4165.11 4162.18 4161.41 4165.68 4173.2 4181.09 4186.89 4183.23 4176.58 4180.49 4182.52 4183.13 4182.83 4181.64 4179.4 4175.34 4172.08 4173.35 4172.44 4170.22 4167.75 4166.7 4168.53 4170.95 4176.4 4180.64 4180.55 4177.26 4170.52 4158.98 4143.77 4145.9 4147.73 4149.91
