real_craters/C144-300m.grd
DSAA
306 306
-45.71 45.71
-45.71 45.71
2932.9021339881 4851.4300567903
[rows 60 to 89 of 306, columns 0 to 66 of 306]
4130.47 4130.51 4130.23 4130.17 4130.25 4130.43 4130.73 4131.07 4131.48 4131.85 4132.08 4132.24 4132.42 4132.48 4132.45 4132.36 4132.22 4132.08 4131.93 4131.75 4132.03 4132.36 4132.87 4133.57 4134.37 4135.11 4135.65 4135.83 4132.53 4132.66 4132.81 4132.63 4132.83 4133.01 4133.31 4133.77 4134.25 4134.82 4135.44 4135.78 4132.27 4131.72 4131.69 4131.9 4132.21 4132.61 4133.12 4133.64 4133.07 4132.76 4132.64 4132.63 4132.65 4132.35 4132.29 4132.39 4132.46 4132.51 4132.6 4132.68 4132.8 4132.94 4132.94 4132.9 4132.74 4132.51 4132.35
4132.9 4131.39 4130.59 4130.26 4130.23 4130.36 4130.58 4130.88 4131.23 4131.67 4131.89 4132.03 4132.24 4132.34 4132.32 4132.23 4132.1 4131.94 4131.78 4131.78 4131.89 4132.17 4132.77 4133.68 4134.65 4135.48 4135.94 4135.32 4132.22 4132.44 4132.71 4132.61 4132.8 4133.14 4133.54 4133.91 4134.34 4134.73 4135.11 4134.42 4132.34 4131.76 4131.7 4131.87 4132.16 4132.54 4132.81 4132.71 4133.06 4133.27 4132.9 4132.59 4132.26 4132.28 4132.37 4132.44 4132.48 4132.55 4132.61 4132.64 4132.76 4132.79 4132.77 4132.73 4132.63 4132.51 4132.55
4131.24 4130.91 4130.52 4130.29 4130.28 4130.34 4130.52 4130.75 4130.98 4131.18 4131.44 4131.95 4132.19 4132.26 4132.24 4132.14 4132.02 4131.86 4131.71 4131.61 4131.81 4132.08 4132.62 4133.81 4134.89 4135.77 4136.27 4136.04 4132.85 4131.54 4131.91 4132.28 4132.75 4133.13 4133.47 4133.77 4134.03 4134.12 4134.14 4133.62 4131.86 4131.57 4131.61 4131.85 4132.16 4132.44 4132.69 4132.96 4132.79 4132.73 4132.72 4132.65 4132.68 4132.82 4132.56 4132.48 4132.44 4132.46 4132.52 4132.59 4132.67 4132.72 4132.74 4132.73 4132.68 4132.63 4132.63
4130.77 4130.24 4130.17 4130.18 4130.25 4130.35 4130.52 4130.7 4130.83 4130.91 4131.18 4131.91 4132.19 4132.24 4132.21 4132.12 4132.01 4131.89 4131.77 4131.62 4131.95 4132.64 4133.34 4134.13 4135.11 4135.98 4136.51 4136.25 4133.39 4131.05 4131.39 4132.18 4132.65 4133 4133.26 4133.46 4133.59 4133.38 4132.62 4131.95 4131.5 4131.27 4131.59 4131.88 4132.17 4132.38 4132.53 4132.54 4132.46 4132.26 4132.42 4132.5 4132.73 4132.76 4132.47 4132.39 4132.39 4132.38 4132.41 4132.46 4132.58 4132.64 4132.7 4132.75 4132.8 4132.83 4132.76
4129.98 4129.64 4129.85 4129.99 4130.12 4130.28 4130.46 4130.67 4130.89 4131.09 4131.15 4132.02 4132.21 4132.23 4132.19 4132.12 4132.04 4131.98 4131.99 4132.05 4132.4 4132.89 4133.55 4134.39 4135.37 4136.27 4136.8 4136.47 4133.98 4131.21 4131.83 4132.57 4133.06 4133.35 4133.52 4133.6 4133.56 4133.31 4132.76 4132.31 4132.33 4132.28 4131.96 4132.01 4132.15 4132.32 4132.5 4132.55 4132.63 4132.65 4132.37 4132.15 4131.91 4131.91 4132.07 4132.22 4132.26 4132.37 4132.45 4132.51 4132.57 4132.64 4132.75 4132.84 4132.94 4133.11 4133.48
4130.26 4129.85 4129.79 4129.9 4130.03 4130.17 4130.38 4130.64 4131 4131.69 4133.26 4132.34 4132.21 4132.22 4132.2 4132.13 4132.07 4132.06 4132.18 4132.62 4133.03 4132.82 4133.37 4134.32 4135.38 4136.36 4137.03 4136.97 4134.79 4130.78 4132.38 4133.48 4133.51 4133.45 4133.5 4133.52 4133.5 4133.46 4133.52 4132.95 4132.52 4132 4132 4132.13 4132.28 4132.4 4132.48 4132.5 4132.55 4132.55 4132.28 4132.07 4131.89 4131.76 4131.92 4132.13 4132.21 4132.28 4132.33 4132.42 4132.52 4132.62 4132.74 4132.88 4133 4133.08 4132.9
4130.28 4129.86 4129.83 4129.91 4130.03 4130.1 4130.27 4130.48 4130.79 4131.19 4131.11 4131.79 4132.12 4132.18 4132.15 4132.07 4131.99 4131.96 4132.02 4132.15 4132.14 4132.09 4132.94 4134.1 4135.29 4136.36 4137.2 4137.49 4135.97 4131.03 4134.54 4134.26 4133.73 4133.41 4133.25 4133.3 4133.3 4133.37 4133.24 4132.63 4131.74 4131.29 4131.96 4132.15 4132.33 4132.45 4132.53 4132.57 4132.31 4132.02 4132.04 4132.08 4132.07 4132.06 4132.07 4132.11 4132.16 4132.23 4132.24 4132.32 4132.42 4132.51 4132.66 4132.85 4133.04 4133.14 4132.88
4130.25 4129.99 4129.89 4129.83 4129.9 4129.98 4130.09 4130.24 4130.42 4130.56 4130.82 4131.38 4131.94 4132.11 4132.06 4131.94 4131.8 4131.7 4131.63 4131.54 4131.42 4131.5 4132.67 4133.94 4135.16 4136.26 4137.11 4137.55 4137.06 4130.34 4132.75 4133.8 4133.5 4133.2 4133.03 4133.02 4132.99 4132.97 4133.21 4132.07 4131.13 4130.81 4131.86 4132.15 4132.31 4132.4 4132.5 4132.57 4132.22 4131.81 4131.82 4131.9 4131.99 4132.02 4132.05 4132.11 4132.16 4132.23 4132.32 4132.33 4132.44 4132.56 4132.71 4132.89 4133.1 4133.42 4133.86
4130.15 4130.12 4129.9 4129.77 4129.73 4129.77 4129.84 4129.95 4130.09 4130.2 4130.33 4131.08 4131.98 4132.08 4132.01 4131.86 4131.68 4131.51 4131.34 4131.21 4131.29 4131.76 4132.64 4133.77 4134.9 4135.88 4136.58 4136.7 4135.47 4132.58 4132.83 4133.04 4132.78 4132.66 4132.58 4132.59 4132.54 4132.29 4131.39 4131.27 4130.66 4130.32 4131.55 4132.01 4132.2 4132.34 4132.37 4132.35 4132.04 4131.71 4131.74 4131.78 4131.87 4132 4132.1 4132.1 4132.11 4132.16 4132.23 4132.33 4132.42 4132.55 4132.67 4132.8 4132.93 4132.98 4132.81
4129.92 4129.79 4129.7 4129.64 4129.62 4129.64 4129.68 4129.76 4129.88 4130.01 4130.29 4131.03 4131.89 4131.96 4131.85 4131.69 4131.49 4131.28 4131.06 4130.9 4130.94 4131.74 4132.6 4133.6 4134.6 4135.5 4136.06 4136.03 4135.02 4132.28 4131.23 4131.61 4131.96 4132.11 4132.18 4132.26 4132.27 4132.16 4132.03 4131.11 4130.45 4130.19 4131.47 4131.95 4132.17 4132.24 4132.26 4132.18 4132 4131.8 4131.8 4131.83 4131.92 4131.99 4131.96 4132.07 4132.06 4132.1 4132.18 4132.23 4132.38 4132.48 4132.58 4132.67 4132.71 4132.75 4132.73
4129.79 4129.61 4129.58 4129.51 4129.49 4129.5 4129.56 4129.64 4129.75 4129.92 4130.22 4130.78 4131.5 4131.67 4131.62 4131.48 4131.29 4131.06 4130.83 4130.64 4130.54 4131.48 4132.5 4133.47 4134.4 4135.1 4135.61 4135.69 4135.08 4132.87 4131.09 4131.08 4131.37 4131.62 4131.76 4131.92 4132.01 4131.94 4131.48 4130.98 4130.42 4130.29 4131.46 4131.84 4132.08 4132.2 4132.15 4132.03 4131.92 4131.95 4131.97 4132 4132.03 4132.08 4132.25 4132.02 4131.93 4131.96 4132.04 4132.14 4132.26 4132.36 4132.45 4132.51 4132.51 4132.41 4132.41
4129.77 4129.64 4129.45 4129.39 4129.37 4129.43 4129.47 4129.55 4129.65 4129.83 4130.09 4130.46 4130.99 4131.31 4131.41 4131.35 4131.19 4130.96 4130.73 4130.55 4130.45 4131.52 4132.33 4133.23 4134.09 4134.76 4135.28 4135.48 4135.19 4133.48 4131.02 4130.8 4131.06 4131.24 4131.44 4131.61 4131.79 4131.95 4131.69 4130.95 4130.4 4130.2 4130.94 4131.69 4132.1 4132.21 4132.11 4131.92 4131.8 4131.98 4132.14 4132.29 4132.11 4131.93 4131.79 4131.65 4131.68 4131.81 4131.95 4132.05 4132.13 4132.22 4132.3 4132.38 4132.4 4132.4 4132.43
4129.66 4129.35 4129.23 4129.24 4129.26 4129.33 4129.37 4129.45 4129.57 4129.74 4130.06 4130.51 4130.81 4131.1 4131.25 4131.22 4131.07 4130.86 4130.67 4130.59 4130.9 4131.05 4132.17 4133.11 4133.78 4134.49 4134.99 4135.21 4134.91 4133.06 4129.88 4130.88 4130.86 4131.03 4131.2 4131.38 4131.49 4131.5 4131.27 4130.81 4130.34 4130.07 4130.55 4131.77 4132.3 4132.35 4132.19 4131.95 4131.79 4131.86 4132.18 4132.32 4132.05 4131.58 4130.87 4131.16 4131.52 4131.71 4131.87 4131.96 4132.08 4132.14 4132.19 4132.23 4132.33 4132.47 4132.54
4129.68 4129.4 4129.23 4129.18 4129.17 4129.2 4129.24 4129.3 4129.41 4129.57 4129.86 4130.38 4130.69 4131.05 4131.2 4131.15 4131 4130.8 4130.62 4130.46 4130.4 4131.22 4132.28 4132.99 4133.54 4134.16 4134.66 4134.88 4134.77 4133.8 4131.48 4130.76 4130.66 4130.83 4130.99 4131.2 4131.29 4131.16 4131 4130.75 4130.44 4130.22 4130.57 4132.46 4132.68 4132.56 4132.34 4132.02 4131.86 4132.14 4132.23 4132.21 4132.04 4131.73 4131.45 4131.53 4131.65 4131.76 4131.85 4131.93 4132 4132.03 4132.06 4132.08 4132.13 4132.37 4132.41
4129.61 4129.33 4129.12 4129.1 4129.08 4129.1 4129.11 4129.16 4129.25 4129.35 4129.49 4129.69 4130.56 4131.29 4131.27 4131.19 4131.04 4130.85 4130.66 4130.48 4130.46 4132.68 4132.34 4132.75 4133.3 4133.89 4134.38 4134.63 4134.49 4133.71 4131.34 4130.52 4130.59 4130.75 4130.93 4131.13 4131.32 4131.43 4131.16 4130.83 4130.69 4130.93 4132.72 4133.48 4132.92 4132.66 4132.48 4132.45 4132.49 4132.55 4132.14 4132.12 4132.18 4132.12 4132.21 4132.09 4131.86 4131.83 4131.84 4131.88 4131.91 4131.94 4131.96 4131.92 4131.81 4131.52 4132.02
4129.6 4129.37 4129.19 4129.12 4129.09 4129.06 4129.05 4129.08 4129.14 4129.2 4129.24 4129.22 4130.13 4130.96 4131.19 4131.17 4131.05 4130.9 4130.73 4130.63 4130.76 4130.73 4131.64 4132.28 4132.92 4133.56 4134.08 4134.35 4134.19 4133.31 4131.5 4130.83 4130.8 4130.77 4130.91 4131.13 4131.38 4131.59 4131.25 4130.91 4130.73 4130.94 4131.54 4132.14 4132.54 4132.51 4132.38 4132.21 4131.89 4131.49 4132.34 4132.52 4132.41 4132.3 4132.26 4132.1 4131.86 4131.81 4131.79 4131.81 4131.8 4131.85 4131.87 4131.84 4131.84 4131.94 4131.93
4129.56 4129.43 4129.33 4129.22 4129.09 4129 4128.96 4128.96 4129.04 4129.16 4129.36 4129.65 4130.32 4130.93 4131.13 4131.15 4131.06 4130.92 4130.79 4130.72 4130.67 4130.48 4130.97 4131.78 4132.51 4133.21 4133.8 4134.16 4134.16 4133.56 4131.77 4130.89 4130.9 4130.79 4130.88 4131.08 4131.32 4131.46 4131.16 4130.82 4130.54 4130.39 4130.3 4131.4 4132.23 4132.34 4132.17 4131.96 4131.81 4132.16 4132.77 4132.87 4132.52 4132.25 4132.02 4131.82 4131.69 4131.66 4131.67 4131.71 4131.71 4131.77 4131.83 4131.84 4131.81 4131.8 4131.92
4129.55 4129.49 4129.51 4129.29 4129.04 4128.91 4128.87 4128.89 4128.98 4129.16 4129.5 4130.3 4130.94 4130.9 4131.1 4131.14 4131.06 4130.93 4130.8 4130.69 4130.52 4130.07 4130.53 4131.39 4132.22 4133 4133.64 4134.14 4134.36 4134.07 4132.46 4130.8 4130.62 4130.64 4130.81 4131.03 4131.2 4131.18 4130.99 4130.66 4130.35 4130.11 4130.22 4131.97 4132.21 4132.23 4132.03 4131.64 4131.61 4131.61 4132.14 4132.47 4132.38 4132.13 4131.75 4131.29 4131.55 4131.62 4131.65 4131.68 4131.7 4131.78 4131.83 4131.86 4131.87 4131.92 4131.9
4129.43 4129.32 4129.21 4129 4128.88 4128.79 4128.78 4128.82 4128.92 4129.08 4129.32 4129.51 4129.64 4130.69 4131.09 4131.15 4131.06 4130.91 4130.74 4130.57 4130.39 4130.12 4130.43 4131.12 4131.9 4132.7 4133.45 4134.07 4134.48 4134.55 4133.12 4130.62 4130.35 4130.51 4130.71 4130.97 4131.2 4131.18 4130.9 4130.56 4130.21 4130 4130.23 4131.58 4132.08 4132.23 4132.18 4131.86 4131.71 4131.7 4131.7 4132.11 4132.17 4132 4131.86 4132.01 4131.62 4131.52 4131.45 4131.66 4131.76 4131.79 4131.83 4131.89 4131.86 4131.84 4131.93
4129.33 4129.06 4128.76 4128.62 4128.6 4128.62 4128.64 4128.71 4128.82 4128.96 4129.15 4129.42 4130.07 4130.89 4131.18 4131.13 4131.01 4130.85 4130.65 4130.42 4130.25 4130.22 4130.45 4130.94 4131.67 4132.49 4133.28 4133.97 4134.46 4134.46 4133.16 4130.43 4130.51 4130.53 4130.75 4131.02 4131.33 4131.3 4130.84 4130.41 4130.1 4129.87 4129.92 4130.78 4131.79 4132.24 4132.43 4132.4 4131.96 4131.82 4132.64 4132.39 4132.17 4131.91 4131.71 4131.43 4131.41 4131.49 4131.55 4131.58 4131.7 4131.78 4131.96 4132.08 4132.23 4132.17 4132.05
4129.22 4128.88 4128.57 4128.37 4128.38 4128.4 4128.47 4128.56 4128.66 4128.81 4129.01 4129.33 4129.91 4130.62 4130.99 4131 4130.9 4130.75 4130.58 4130.37 4130.16 4130.08 4130.24 4130.67 4131.45 4132.32 4133.13 4133.86 4134.36 4134.41 4133.58 4131.48 4130.59 4130.61 4130.79 4131.03 4131.19 4131.12 4130.8 4130.4 4130.01 4129.74 4129.67 4130.42 4131.62 4132.33 4132.6 4132.27 4132.16 4131.52 4131.92 4132.3 4132.05 4131.8 4131.54 4131.17 4131.3 4131.44 4131.5 4131.58 4131.66 4131.82 4131.95 4132.17 4132.32 4132.29 4132.13
4129.11 4128.73 4128.41 4128.22 4128.2 4128.26 4128.34 4128.46 4128.56 4128.7 4128.87 4129.06 4129.27 4130.08 4130.67 4130.81 4130.75 4130.62 4130.48 4130.43 4130.07 4129.57 4129.42 4130.29 4131.2 4132.11 4132.97 4133.7 4134.2 4134.32 4133.76 4131.64 4130.86 4130.76 4130.87 4131.09 4131.19 4131.08 4130.81 4130.37 4129.99 4129.67 4129.58 4130.08 4131.53 4132.45 4133.43 4133.64 4132.62 4132.53 4132.75 4132.13 4131.83 4131.64 4131.55 4131.73 4131.65 4131.45 4131.47 4131.57 4131.67 4131.76 4131.92 4132.08 4132.49 4132.25 4132.06
4129.04 4128.69 4128.35 4128.1 4128.1 4128.17 4128.25 4128.34 4128.47 4128.61 4128.77 4128.94 4129.08 4129.9 4130.55 4130.62 4130.56 4130.45 4130.28 4130.04 4129.83 4129.45 4129.2 4130.2 4131.09 4131.98 4132.82 4133.56 4134.07 4134.18 4133.58 4131.63 4130.7 4130.76 4130.94 4131.23 4131.6 4131.32 4130.83 4130.43 4130 4129.68 4129.59 4130.06 4131.56 4132.02 4131.98 4132.16 4132.16 4132.01 4131.65 4131.58 4131.43 4131.34 4131.3 4131.38 4131.29 4131.2 4131.28 4131.5 4131.61 4131.71 4131.79 4131.75 4131.36 4131.81 4131.85
4128.98 4128.67 4128.32 4128.04 4128.11 4128.16 4128.2 4128.28 4128.39 4128.55 4128.75 4129.04 4129.45 4129.92 4130.26 4130.38 4130.36 4130.26 4130.14 4129.96 4129.83 4129.79 4130.36 4130.44 4131.1 4131.89 4132.72 4133.45 4133.97 4134.15 4133.76 4131.99 4130.65 4130.64 4130.96 4131.35 4131.36 4131.37 4130.98 4130.41 4129.95 4129.69 4129.65 4130.2 4131.59 4131.52 4131.05 4131.04 4131.33 4131.28 4130.86 4130.86 4130.96 4130.99 4130.91 4130.64 4130.44 4130.91 4131.19 4131.4 4131.51 4131.63 4131.64 4131.74 4131.91 4131.74 4131.7
4129.01 4128.76 4128.52 4128.4 4128.28 4128.21 4128.19 4128.24 4128.34 4128.5 4128.73 4129.06 4129.48 4129.86 4130.05 4130.15 4130.16 4130.09 4129.98 4130.07 4129.82 4129.78 4129.78 4130.31 4131.05 4131.85 4132.67 4133.39 4133.94 4134.16 4133.86 4132.25 4130.43 4130.48 4130.94 4131.57 4132.24 4131.56 4131.01 4130.52 4129.92 4129.57 4129.52 4129.82 4131.03 4131.06 4130.72 4130.76 4130.92 4130.76 4130.32 4130.44 4130.72 4130.81 4130.8 4130.64 4130.76 4130.94 4131.26 4131.47 4131.58 4131.65 4131.66 4131.65 4131.65 4131.7 4131.68
4129.04 4128.83 4128.65 4128.58 4128.38 4128.2 4128.16 4128.19 4128.27 4128.42 4128.62 4128.93 4129.44 4129.86 4129.86 4129.93 4130.01 4129.99 4129.82 4129.46 4129.72 4129.75 4129.73 4130.25 4130.98 4131.75 4132.51 4133.24 4133.83 4134.22 4134.14 4132.73 4130.15 4130.44 4130.92 4131.45 4131.71 4131.45 4130.95 4130.41 4129.91 4129.49 4129.22 4129.35 4130.2 4130.64 4130.61 4130.66 4130.83 4131.1 4130.32 4130.45 4130.78 4130.92 4130.93 4130.85 4130.33 4131.18 4131.38 4131.54 4131.62 4131.7 4131.73 4131.65 4131.55 4131.67 4131.67
4129 4128.79 4128.58 4128.43 4128.24 4128.1 4128.04 4128.04 4128.15 4128.26 4128.45 4128.65 4128.73 4128.64 4129.19 4129.69 4129.96 4130.04 4130.05 4130.09 4129.91 4129.92 4130.07 4130.41 4130.99 4131.72 4132.48 4133.19 4133.78 4134.14 4134.21 4133.2 4131.15 4130.6 4130.94 4131.4 4131.53 4131.3 4130.86 4130.26 4129.74 4129.29 4129 4128.9 4129.64 4130.54 4130.6 4130.63 4130.62 4130.67 4131.23 4131.55 4131.19 4131.06 4131.14 4131.52 4132.88 4131.92 4131.61 4131.61 4131.71 4131.78 4131.85 4131.9 4131.84 4131.76 4131.68
4128.97 4128.72 4128.44 4128.15 4127.96 4127.94 4127.92 4127.94 4128 4128.1 4128.25 4128.41 4128.6 4129.02 4129.44 4129.87 4130.07 4130.15 4130.13 4130.07 4130.05 4129.99 4129.99 4130.29 4130.96 4131.67 4132.4 4133.09 4133.65 4133.98 4133.85 4132.87 4131.23 4130.73 4131.02 4131.49 4131.6 4131.17 4130.65 4130.11 4129.58 4129.11 4128.84 4128.91 4130.18 4130.79 4130.85 4130.77 4130.55 4130.41 4131.79 4131.73 4131.1 4130.98 4131.09 4131.29 4131.17 4131.32 4131.48 4131.57 4131.65 4131.78 4131.91 4132.12 4132.08 4131.83 4131.68
4128.94 4128.66 4128.36 4128.07 4127.91 4127.82 4127.79 4127.85 4127.89 4127.97 4128.09 4128.26 4128.49 4128.87 4129.67 4130.13 4130.21 4130.27 4130.34 4130.27 4130.14 4130.09 4130.08 4130.37 4130.94 4131.61 4132.26 4132.91 4133.45 4133.82 4133.77 4133.02 4131.29 4130.59 4130.85 4131.24 4131.3 4130.93 4130.45 4129.86 4129.35 4128.89 4128.59 4128.63 4129.45 4130.69 4131.08 4131.02 4130.9 4130.7 4130.11 4129.92 4130.49 4130.71 4130.84 4130.91 4130.56 4131.01 4131.41 4131.52 4131.62 4131.69 4131.78 4131.83 4131.82 4131.72 4131.57
4128.92 4128.61 4128.29 4128 4127.76 4127.68 4127.69 4127.72 4127.79 4127.86 4127.96 4128.1 4128.33 4128.69 4129.39 4129.96 4130.23 4130.24 4130.32 4130.24 4130.11 4130.1 4130.14 4130.42 4130.89 4131.52 4132.16 4132.79 4133.33 4133.7 4133.84 4133.49 4131.42 4129.77 4130.39 4131.09 4131.1 4130.69 4130.2 4129.64 4129.17 4128.68 4128.37 4128.25 4128.81 4130.43 4130.94 4131.34 4131.2 4130.91 4130.28 4130.11 4130.25 4130.46 4130.7 4130.96 4131.73 4131.9 4131.42 4131.45 4131.57 4131.65 4131.6 4131.55 4131.54 4131.54 4131.42
