real_craters/C144-300m.grd
DSAA
306 306
-45.71 45.71
-45.71 45.71
2932.9021339881 4851.4300567903
[rows 120 to 149 of 306, columns 0 to 66 of 306]
4126.42 4126.2 4126.3 4126.18 4126.05 4125.95 4125.88 4125.85 4125.86 4126.05 4126.24 4126.42 4126.57 4126.71 4126.83 4126.95 4127.07 4127.4 4127.8 4128.27 4128.46 4128.33 4128.2 4128.03 4127.89 4127.81 4127.85 4127.94 4127.76 4127.7 4127.78 4128.01 4128.89 4129.88 4130.7 4131.01 4129.85 4128.04 4127.6 4127.84 4128.01 4128.36 4128.84 4128.77 4128.81 4128.3 4128.02 4127.33 4127.13 4128.18 4128.5 4128.56 4128.47 4128.42 4128.29 4128.21 4128.25 4128.26 4128.3 4128.35 4128.23 4128.11 4128.16 4128 4127.94 4128.06 4128.23
4126.16 4125.85 4125.95 4126.05 4125.98 4125.97 4125.97 4125.92 4125.7 4126.19 4126.4 4126.49 4126.61 4126.74 4126.85 4126.95 4127.05 4127.08 4127.79 4128.76 4128.49 4128.29 4128.08 4127.91 4127.77 4127.66 4127.63 4127.62 4127.47 4127.46 4127.58 4127.99 4128.76 4129.75 4130.62 4131.04 4130.08 4128.2 4127.26 4127.26 4127.67 4128.09 4128.39 4128.61 4128.76 4128.91 4127.81 4127.08 4126.67 4127.9 4128.37 4128.48 4128.45 4128.42 4128.49 4128.72 4128.44 4128.3 4128.29 4128.37 4128.2 4127.91 4128.1 4127.98 4127.95 4127.89 4128.3
4126.48 4126.59 4126.1 4125.93 4125.89 4125.98 4126.11 4126.34 4126.99 4126.74 4126.57 4126.6 4126.69 4126.85 4127 4127.13 4127.23 4127.41 4127.76 4128.29 4128.18 4128.05 4127.92 4127.84 4127.71 4127.57 4127.37 4127.08 4127.13 4127.26 4127.37 4127.66 4128.61 4129.6 4130.45 4130.9 4130.22 4128.56 4127.44 4127.17 4127.52 4127.97 4128.28 4128.39 4128.13 4127.69 4127.52 4127.04 4126.92 4127.99 4128.28 4128.32 4128.32 4128.31 4128.27 4128.24 4128.19 4128.21 4128.17 4128.04 4128.42 4128.86 4128.53 4128.08 4127.77 4127.57 4127.65
4126.5 4126.71 4125.94 4125.61 4125.8 4125.99 4126.15 4126.37 4126.56 4126.52 4126.49 4126.57 4126.73 4126.94 4127.29 4127.4 4127.5 4127.43 4127.37 4127.54 4127.77 4127.81 4127.77 4127.69 4127.6 4127.48 4127.32 4127.12 4127.23 4127.28 4127.32 4127.72 4128.52 4129.45 4130.22 4130.59 4130.06 4128.64 4127.5 4127.24 4127.55 4128.02 4128.27 4128.36 4128.31 4127.94 4127.49 4127.07 4126.89 4127.67 4128.08 4128.15 4128.14 4128.09 4127.98 4127.72 4127.88 4128.19 4128.37 4128.34 4128.62 4128.94 4128.24 4127.82 4127.46 4127 4127.17
4126.25 4126.38 4126.98 4125.63 4125.98 4126.09 4126.12 4126.1 4126.07 4126.1 4126.23 4126.44 4126.66 4126.87 4127.13 4127.53 4127.92 4128.32 4128.57 4128.06 4127.65 4127.6 4127.6 4127.57 4127.52 4127.47 4127.48 4127.69 4127.68 4127.48 4127.32 4127.56 4128.53 4129.36 4130.03 4130.34 4129.98 4128.52 4127.31 4127.27 4127.59 4127.99 4128.16 4128.32 4128.71 4128.4 4127.63 4127.11 4126.84 4127.27 4127.82 4127.97 4127.97 4127.94 4127.85 4127.78 4127.91 4128.23 4128.78 4129.21 4128.46 4127.71 4127.53 4127.48 4127.2 4126.41 4126.66
4126.07 4126.18 4127.39 4126.78 4126.52 4126.31 4126.09 4125.88 4125.64 4125.62 4125.94 4126.28 4126.6 4126.93 4127.13 4127.61 4128.19 4128.99 4129.73 4128.24 4127.51 4127.48 4127.5 4127.49 4127.44 4127.41 4127.44 4127.55 4127.63 4127.63 4127.98 4128.27 4128.7 4129.34 4129.88 4130.09 4129.63 4128.26 4127.1 4127.18 4127.52 4127.35 4127.67 4127.93 4127.98 4127.88 4127.52 4127.18 4127.03 4127.17 4127.66 4127.85 4127.88 4127.84 4127.79 4127.79 4127.83 4128.01 4128.17 4128.3 4128.09 4127.79 4127.55 4127.32 4127.1 4126.29 4126.75
4125.99 4126.15 4126.02 4127.35 4126.94 4126.5 4126.12 4125.77 4125.48 4125.45 4125.8 4126.16 4126.58 4127.02 4127.48 4127.68 4128.01 4128.37 4128.35 4127.74 4127.42 4127.43 4127.5 4127.47 4127.38 4127.29 4127.26 4127.28 4127.33 4127.44 4127.73 4128.23 4128.74 4129.32 4129.8 4129.97 4129.53 4128.16 4126.46 4126.74 4127.38 4127.22 4127.59 4127.69 4127.35 4127.41 4127.32 4127.16 4127.25 4127.95 4127.64 4127.71 4127.78 4127.81 4127.77 4127.76 4127.77 4127.74 4127.57 4127.48 4127.6 4127.5 4127.32 4127.22 4126.72 4126.37 4127.25
4126.06 4126.27 4125.95 4127.19 4126.89 4126.46 4126.06 4125.72 4125.53 4125.57 4125.71 4126.08 4126.52 4126.91 4127.19 4127.44 4127.57 4127.58 4127.32 4127.22 4127.13 4127.58 4127.63 4127.5 4127.33 4127.16 4127.03 4126.91 4126.85 4127.06 4127.43 4127.95 4128.64 4129.28 4129.8 4130.09 4130.01 4128.59 4126.83 4126.72 4127.42 4128.16 4128.03 4127.93 4127.92 4127.51 4127.24 4127 4126.89 4126.74 4127.39 4127.6 4127.71 4127.78 4127.73 4127.68 4127.59 4127.57 4127.65 4127.54 4127.38 4127.27 4127.18 4127.04 4126.12 4126.19 4127.33
4125.97 4126.21 4126.27 4126.5 4126.51 4126.27 4125.96 4125.64 4125.39 4125.31 4125.52 4125.93 4126.43 4126.96 4127.22 4127.18 4127.13 4127.06 4127.2 4127.48 4127.97 4128.21 4127.86 4127.52 4127.23 4126.98 4126.79 4126.7 4126.82 4126.77 4126.65 4127.71 4128.58 4129.28 4129.8 4130.11 4130.07 4129.1 4127.88 4127.26 4127.32 4128.17 4128.18 4128.09 4127.9 4127.59 4127.18 4126.82 4126.59 4126.31 4127.19 4127.54 4127.71 4127.73 4127.72 4127.53 4127.36 4127.32 4127.34 4127.31 4127.19 4127.09 4126.98 4126.78 4125.74 4125.76 4127.05
4125.81 4126.07 4126.13 4125.91 4126.06 4126.01 4125.81 4125.53 4125.25 4124.98 4125.36 4125.79 4126.26 4126.68 4126.91 4126.84 4126.7 4126.51 4126.29 4127.38 4130.29 4128.55 4127.88 4127.46 4127.13 4126.83 4126.57 4126.37 4126.33 4126.68 4127.37 4127.98 4128.71 4129.34 4129.8 4130.07 4130 4129.21 4128.08 4127.26 4127 4127.74 4128.01 4128.1 4128.02 4127.57 4127.09 4126.68 4126.51 4126.87 4127.28 4127.56 4127.72 4127.73 4127.73 4127.49 4127.18 4127.13 4126.91 4127.03 4127.03 4126.84 4126.41 4126.25 4125.43 4125.28 4127.48
4125.56 4125.75 4125.63 4125.28 4125.84 4125.82 4125.65 4125.42 4125.26 4125.32 4125.45 4125.71 4126.05 4126.25 4126.44 4126.5 4126.4 4126.23 4126.12 4126.59 4126.63 4127.5 4127.5 4127.27 4126.98 4126.69 4126.4 4126.11 4125.88 4126.78 4127.85 4128.41 4128.92 4129.42 4129.81 4130 4129.77 4128.95 4127.73 4126.83 4127 4127.49 4127.7 4127.95 4127.92 4127.45 4126.93 4126.48 4126.23 4126.11 4127 4127.6 4127.79 4127.93 4127.82 4127.64 4127.46 4127.42 4127.38 4127.2 4127.1 4126.97 4126.98 4126.16 4125.37 4125.24 4127.99
4125.66 4125.44 4125.03 4125.32 4125.92 4125.67 4125.45 4125.27 4125.18 4125.23 4125.34 4125.58 4125.95 4126.31 4126.34 4126.31 4126.24 4126.14 4126.09 4126.21 4126.74 4127.03 4127.14 4127.04 4126.84 4126.59 4126.34 4126.16 4126.25 4127.25 4128.35 4128.61 4129.02 4129.48 4129.87 4130.09 4129.99 4129.31 4127.78 4126.74 4127.21 4126.96 4127.22 4127.63 4127.66 4127.18 4126.67 4126.21 4125.91 4125.94 4127.01 4127.67 4127.89 4128.04 4127.95 4127.87 4127.92 4127.84 4127.74 4127.44 4127.23 4127.1 4127.01 4126.15 4125.24 4125.45 4128.69
4125.59 4125.37 4125.06 4125.04 4125.43 4125.39 4125.27 4125.14 4125.04 4124.93 4125.06 4125.43 4125.75 4126.05 4126.18 4126.18 4126.15 4126.15 4126.21 4126.43 4126.73 4126.88 4126.94 4126.9 4126.75 4126.57 4126.39 4126.29 4126.39 4126.84 4127.68 4128.46 4128.99 4129.48 4129.87 4130.18 4130.31 4129.88 4128.01 4126.68 4127.15 4126.57 4126.92 4127.14 4127.12 4126.86 4126.41 4125.97 4125.67 4125.76 4126.69 4127.64 4128.03 4128.17 4128.04 4127.87 4127.79 4127.7 4127.56 4127.52 4127.3 4127.03 4126.75 4126.11 4125.36 4125.71 4128.9
4125.59 4125.48 4125.29 4124.81 4125.07 4125.19 4125.13 4125.05 4124.96 4124.95 4125.11 4125.38 4125.65 4125.8 4126 4126.07 4126.08 4126.14 4126.34 4126.74 4126.72 4126.8 4126.87 4126.89 4126.79 4126.64 4126.44 4126.34 4126.42 4126.97 4127.62 4128.27 4128.83 4129.34 4129.76 4130.11 4130.22 4129.77 4127.96 4126.38 4126.98 4127.05 4126.88 4127.2 4127 4126.59 4126.15 4125.74 4125.43 4125.4 4126.13 4127.88 4128.32 4128.25 4128.02 4127.73 4127.37 4127.41 4127.85 4127.63 4127.32 4126.97 4126.58 4125.98 4125.56 4126.17 4128.93
4125.65 4125.65 4125.66 4125.4 4125.22 4125.14 4125.11 4125.03 4124.96 4124.97 4125.08 4125.39 4125.75 4126.02 4126.04 4126.03 4126.02 4126.03 4126.09 4126.18 4126.46 4126.76 4126.85 4126.87 4126.8 4126.68 4126.54 4126.41 4126.28 4126.8 4127.57 4128.11 4128.66 4129.19 4129.64 4129.94 4129.96 4129.42 4127.87 4126.39 4127.17 4126.82 4126.67 4126.55 4126.6 4126.33 4125.93 4125.54 4125.27 4125.35 4126 4128.36 4128.45 4128.23 4127.95 4127.61 4127.3 4127.59 4128 4127.65 4127.34 4127 4126.55 4126.1 4125.8 4126.57 4128.78
4125.5 4125.77 4126 4125.92 4125.27 4125.28 4125.2 4125.08 4124.96 4124.94 4125.11 4125.37 4125.79 4126.08 4126.06 4125.99 4125.92 4125.86 4125.82 4125.84 4126.2 4126.57 4126.92 4126.98 4126.93 4126.84 4126.73 4126.62 4126.45 4126.7 4127.28 4127.88 4128.46 4129.03 4129.49 4129.8 4129.8 4129.34 4127.98 4126.52 4127.2 4126.97 4126.79 4126.95 4126.54 4126.17 4125.79 4125.44 4125.25 4125.43 4126.1 4128.04 4128.23 4128.1 4127.89 4127.58 4127.25 4127.08 4127.36 4127.43 4127.34 4127.18 4126.9 4126.37 4126.04 4126.32 4128.18
4125.59 4125.79 4126 4126.11 4125.82 4125.55 4125.33 4125.11 4124.91 4124.79 4124.78 4125.18 4125.69 4126 4125.99 4125.91 4125.82 4125.73 4125.68 4125.76 4126.26 4127.18 4127.04 4127.04 4127.01 4126.95 4126.88 4126.87 4126.91 4127.04 4126.95 4127.57 4128.22 4128.84 4129.33 4129.67 4129.75 4129.41 4128.24 4126.64 4126.77 4126.8 4126.74 4126.61 4126.4 4126.03 4125.69 4125.37 4125.21 4125.4 4126.12 4127.03 4127.67 4127.83 4127.75 4127.55 4127.25 4126.91 4127.03 4127.24 4127.32 4127.39 4127.59 4127.96 4126.31 4125.86 4127.5
4125.45 4125.61 4125.75 4125.9 4126 4125.76 4125.45 4125.14 4124.86 4124.64 4124.6 4124.95 4125.51 4125.84 4125.9 4125.85 4125.75 4125.66 4125.62 4125.67 4126.07 4126.47 4126.98 4127.07 4127.05 4126.99 4126.93 4126.94 4127 4126.71 4126.6 4127.31 4128.05 4128.72 4129.27 4129.61 4129.76 4129.53 4128.54 4126.96 4126.2 4126.26 4126.44 4126.48 4126.25 4125.92 4125.55 4125.22 4125.05 4125.1 4125.43 4126.38 4127.2 4127.53 4127.6 4127.55 4127.46 4127.13 4127.2 4127.19 4127.21 4127.33 4127.5 4127.31 4126.11 4125.39 4126.68
4125.09 4125.21 4125.33 4125.54 4125.87 4125.79 4125.53 4125.19 4124.85 4124.56 4124.36 4124.77 4125.37 4125.71 4125.8 4125.76 4125.67 4125.57 4125.55 4125.72 4126.18 4126.88 4127.01 4127.15 4127.15 4127.06 4126.95 4126.85 4126.74 4126.47 4126.51 4127.2 4127.94 4128.63 4129.22 4129.65 4129.79 4129.61 4128.71 4126.98 4125.54 4125.69 4126.17 4126.33 4126.16 4125.83 4125.46 4125.11 4124.86 4124.87 4125.11 4126.09 4126.89 4127.23 4127.37 4127.41 4127.53 4127.81 4127.2 4126.98 4126.94 4126.97 4126.91 4126.59 4125.78 4125.01 4125.89
4124.86 4124.91 4124.91 4124.91 4125.08 4125.68 4125.53 4125.19 4124.84 4124.55 4124.47 4124.84 4125.54 4125.73 4125.74 4125.68 4125.58 4125.48 4125.42 4125.47 4125.72 4126.25 4126.95 4127.25 4127.22 4127.08 4126.86 4126.68 4126.39 4126.19 4126.44 4127.18 4127.91 4128.6 4129.21 4129.66 4129.89 4129.67 4128.73 4126.51 4125.01 4125.25 4125.89 4126.35 4126.13 4125.82 4125.42 4125.04 4124.74 4124.66 4124.79 4125.79 4126.75 4127.13 4127.25 4127.23 4127.05 4126.65 4126.45 4126.58 4126.59 4126.57 4126.43 4126.01 4125.34 4124.77 4125.15
4124.57 4124.57 4124.54 4124.54 4124.56 4125.51 4125.5 4125.22 4124.87 4124.57 4124.44 4124.68 4125.21 4125.56 4125.61 4125.55 4125.43 4125.32 4125.25 4125.21 4125.42 4126.73 4127.52 4127.46 4127.25 4127.02 4126.77 4126.57 4126.57 4126.56 4126.86 4127.3 4127.82 4128.42 4129.01 4129.52 4129.83 4129.75 4128.71 4126.41 4125.13 4125.14 4125.66 4126.15 4126.13 4125.83 4125.41 4125 4124.69 4124.46 4124.47 4125.38 4126.64 4126.98 4127.07 4126.98 4126.72 4126.38 4126.31 4126.27 4126.24 4126.2 4126.09 4125.87 4125.27 4124.46 4124.35
4124.37 4124.33 4124.31 4124.43 4124.81 4125.3 4125.48 4125.27 4124.91 4124.55 4124.28 4124.38 4125.1 4125.42 4125.5 4125.4 4125.26 4125.15 4125.12 4125.32 4126.04 4127.31 4127.9 4127.44 4127.19 4126.94 4126.64 4126.33 4126.05 4126.62 4127.24 4127.26 4127.61 4128.1 4128.71 4129.27 4129.7 4129.8 4128.98 4126.44 4125.13 4125.12 4125.53 4126.19 4126.19 4125.87 4125.43 4124.96 4124.62 4124.32 4124.29 4124.88 4126.37 4126.81 4126.88 4126.77 4126.57 4126.34 4126.13 4125.96 4125.89 4125.85 4125.78 4125.64 4125.14 4124.24 4124.01
4124.36 4124.25 4124.18 4124.29 4124.64 4125.57 4125.44 4125.12 4124.76 4124.44 4124.36 4124.91 4125.46 4125.54 4125.46 4125.3 4125.14 4125.03 4124.99 4125.13 4125.53 4126.09 4126.54 4126.97 4126.97 4126.81 4126.54 4126.19 4125.89 4126.11 4126.47 4126.8 4127.2 4127.7 4128.31 4128.93 4129.48 4129.77 4129.13 4125.68 4124.76 4125.15 4125.91 4126.54 4126.34 4125.91 4125.43 4124.93 4124.64 4124.34 4124.26 4124.84 4126.1 4126.61 4126.68 4126.55 4126.36 4126.07 4125.7 4125.6 4125.55 4125.53 4125.5 4125.44 4125.27 4124.17 4123.56
4123.92 4123.81 4123.75 4123.81 4123.84 4125.19 4125.52 4125.32 4124.95 4124.52 4124.2 4124.26 4125.47 4125.53 4125.37 4125.14 4124.94 4124.79 4124.72 4124.72 4124.81 4125.4 4126.15 4126.67 4126.82 4126.74 4126.53 4126.24 4125.9 4125.86 4125.87 4126.24 4126.71 4127.21 4127.75 4128.39 4129.01 4129.45 4129.14 4125.01 4124.41 4125.17 4126.11 4126.53 4126.37 4125.95 4125.45 4125.06 4124.59 4124.3 4124.19 4124.4 4126.14 4126.51 4126.55 4126.38 4125.97 4125.59 4125.21 4125.28 4125.28 4125.27 4125.25 4125.19 4125.32 4124.54 4122.5
4124.28 4124.13 4123.98 4123.87 4123.93 4125.05 4125.62 4125.6 4125.27 4124.75 4124.15 4123.75 4125.32 4125.35 4125.1 4124.85 4124.75 4124.59 4124.51 4124.51 4124.66 4125.29 4126.28 4126.61 4126.75 4126.71 4126.54 4126.4 4126.28 4125.83 4125.63 4125.81 4126.22 4126.64 4127.07 4127.55 4128.01 4128.49 4128.78 4125.3 4124.71 4125.29 4126.11 4126.38 4126.35 4125.98 4125.48 4125.07 4124.69 4124.45 4124.3 4124.41 4125.71 4126.4 4126.55 4126.35 4125.94 4125.57 4125.49 4125.13 4125.05 4125.07 4125.08 4125.05 4125.35 4124.78 4122.79
4124.26 4124.23 4124.19 4124.11 4124.22 4125.27 4125.93 4126.11 4125.81 4125.24 4124.63 4124.29 4125.12 4125.01 4124.77 4124.51 4124.34 4124.23 4124.2 4124.32 4124.63 4125.27 4126.06 4126.57 4126.8 4126.74 4126.52 4126.24 4126 4125.72 4125.52 4125.55 4125.71 4125.95 4126.2 4126.5 4126.66 4126.71 4126.55 4126.53 4125.47 4125.17 4126.18 4126.71 4126.47 4125.81 4125.3 4124.99 4124.69 4124.59 4124.74 4124.88 4125.4 4126.59 4126.68 4126.42 4126.06 4125.5 4124.88 4124.75 4124.82 4124.93 4125.05 4125.18 4125.47 4125.34 4123.62
4124.48 4124.55 4124.74 4125.02 4124.88 4125.45 4126.83 4127.07 4126.45 4125.77 4125.22 4124.91 4124.6 4124.23 4124.37 4124.22 4124.11 4124.05 4124.05 4124.18 4124.49 4125.1 4125.92 4126.79 4127.02 4126.8 4126.44 4126.04 4125.71 4125.48 4125.27 4125.2 4125.27 4125.38 4125.47 4125.39 4125.28 4124.98 4124.62 4127.47 4126.14 4124.86 4125.99 4126.43 4126.11 4125.5 4125.15 4124.78 4124.57 4124.54 4124.97 4126.64 4128.43 4127.35 4126.85 4126.44 4125.93 4125.36 4124.77 4124.59 4124.72 4124.9 4125.1 4125.38 4125.51 4125.26 4123.99
4124.4 4124.72 4125.31 4126.39 4129.2 4136.59 4131.55 4128.51 4127.18 4126.37 4125.71 4124.79 4123.81 4123.9 4123.91 4123.86 4123.82 4123.8 4123.84 4123.99 4124.26 4125.01 4126.87 4127.73 4127.35 4126.85 4126.36 4125.89 4125.56 4125.3 4124.94 4124.77 4124.92 4124.91 4124.7 4124.53 4124.32 4124.17 4124.39 4127.34 4126.39 4124.71 4126.14 4125.86 4125.25 4125.07 4124.85 4124.58 4124.36 4124.26 4124.3 4124.18 4125.08 4126.7 4126.62 4126.33 4125.98 4125.42 4124.82 4124.64 4124.8 4124.93 4125.06 4125.2 4125.15 4125.13 4124.55
4124.25 4124.67 4125.32 4126.5 4128.8 4133.98 4129.48 4128.11 4127.33 4126.72 4126.14 4125.35 4123.97 4123.49 4123.64 4123.61 4123.59 4123.61 4123.71 4123.85 4124.16 4124.97 4127.21 4127.96 4127.22 4126.67 4126.16 4125.73 4125.4 4125.24 4125.09 4125.06 4124.79 4124.53 4124.37 4124.12 4123.95 4124.08 4124.96 4127.51 4126.86 4125.67 4126.91 4125.82 4125.1 4124.85 4124.61 4124.33 4124.04 4123.83 4123.66 4123.47 4124.2 4125.72 4126.27 4126.18 4125.82 4125.6 4125.4 4125.28 4125.02 4124.98 4125.02 4125.1 4125.43 4125.72 4125.48
4124.17 4124.59 4125.18 4125.82 4126.09 4125.44 4125.98 4127.02 4127.22 4126.92 4126.38 4125.63 4124.2 4123.74 4123.58 4123.51 4123.49 4123.53 4123.65 4123.79 4124.06 4124.6 4125.59 4126.25 4126.55 4126.27 4125.85 4125.43 4125.18 4125.11 4125.14 4125.1 4124.66 4124.31 4124.11 4123.79 4123.72 4124.02 4125.08 4127.34 4127.55 4126.09 4125.76 4125.52 4125.2 4124.8 4124.43 4124.09 4123.89 4123.68 4123.57 4123.7 4124.16 4125.76 4126.25 4126.27 4126.11 4125.85 4125.58 4125.25 4125.1 4125.04 4125.04 4125.09 4125.42 4125.76 4125.66
