real_craters/C144-300m.grd
DSAA
306 306
-45.71 45.71
-45.71 45.71
2932.9021339881 4851.4300567903
[rows 30 to 59 of 306, columns 201 to 267 of 306]
4132.61 4132.74 4132.81 4132.8 4132.79 4132.6 4132.36 4132.12 4131.92 4131.9 4132.32 4132.68 4132.9 4132.94 4133 4132.99 4132.97 4132.73 4132.65 4132.58 4132.5 4132.45 4132.49 4132.47 4132.46 4132.41 4132.39 4132.18 4132.06 4131.91 4131.54 4130.81 4129.82 4130.38 4132 4133.59 4133.85 4133.5 4133.24 4133.36 4133.21 4131.9 4132.93 4133.14 4133.21 4133.42 4133.55 4133.72 4133.94 4134.21 4134.56 4134.87 4135.34 4135.75 4136.31 4136.86 4137.4 4137.38 4134.14 4133.86 4133.94 4133.59 4133.12 4132.82 4132.67 4132.89 4132.56
4132.94 4132.98 4132.87 4132.75 4132.61 4132.41 4132.16 4131.94 4131.77 4131.83 4132.01 4132.13 4132.49 4132.66 4132.79 4132.81 4132.76 4132.71 4132.66 4132.44 4132.47 4132.58 4132.59 4132.34 4132.2 4132.09 4131.95 4131.66 4131.48 4131.18 4130.66 4130.06 4129.42 4130.7 4132.03 4133.2 4133.55 4133.27 4132.88 4132.82 4132.71 4132.49 4132.97 4133.24 4133.07 4133.05 4133.37 4133.58 4133.73 4134.01 4134.44 4134.89 4135.35 4135.9 4136.64 4137.45 4138.42 4138.69 4136.53 4134.27 4133.88 4133.42 4133.01 4132.79 4132.62 4132.27 4132.6
4134.08 4133.74 4133.28 4132.67 4132.47 4132.26 4132 4131.76 4131.64 4131.64 4131.82 4132.19 4132.27 4132.42 4132.5 4132.51 4132.49 4132.5 4132.46 4132.4 4132.26 4132.25 4132.15 4132 4131.85 4131.71 4131.56 4131.19 4130.95 4130.64 4130.27 4129.96 4130.09 4130.97 4131.69 4132.73 4133.19 4133.09 4132.83 4132.69 4132.59 4132.38 4133.6 4134.77 4134.08 4134.97 4133.65 4133.16 4133.27 4133.6 4134.25 4134.49 4135.02 4135.86 4136.61 4137.41 4138.28 4138.95 4138.07 4136.04 4134.39 4133.28 4132.81 4132.73 4132.8 4132.9 4132.77
4135.48 4134.58 4133.67 4132.74 4132.31 4131.86 4131.62 4131.4 4131.3 4131.35 4131.45 4131.66 4132 4132.09 4132.28 4132.28 4132.24 4132.24 4132.17 4132.09 4132.05 4131.87 4131.59 4131.69 4131.54 4131.27 4131.09 4130.57 4130.49 4130.18 4129.83 4129.53 4129.91 4130.82 4131.6 4132.53 4133.09 4132.99 4132.71 4132.76 4133.15 4132.99 4135.03 4136.95 4140.5 4134.8 4133.07 4132.7 4132.75 4133.05 4133.48 4133.97 4134.53 4135.35 4136.04 4136.83 4137.08 4137.64 4139.87 4137.38 4135.03 4132.98 4132.59 4132.66 4132.9 4133.1 4132.88
4137.09 4135.46 4133.93 4132.87 4132.03 4131.36 4131.2 4131.01 4130.92 4131.11 4131.72 4132.03 4131.97 4131.88 4131.92 4131.85 4131.79 4131.87 4131.86 4131.8 4131.75 4131.79 4132.11 4131.49 4131.01 4130.7 4130.21 4129.87 4129.54 4129.32 4129.29 4129.43 4129.77 4130.54 4131.13 4132.4 4133.14 4132.98 4132.65 4132.84 4134.09 4137.14 4137.29 4135.82 4133.88 4131.47 4131.65 4132.06 4132.37 4132.72 4133.22 4133.54 4134.02 4134.79 4135.28 4135.93 4136.85 4136.2 4135.8 4138.17 4135.33 4133.04 4132.59 4132.66 4132.7 4132.75 4132.82
4138.82 4136.15 4133.7 4131.81 4130.79 4130.52 4130.25 4130.18 4130.16 4130.92 4131.83 4132.17 4131.82 4131.59 4131.41 4131.53 4131.46 4131.45 4131.38 4131.43 4131.33 4131.27 4131.01 4130.83 4130.61 4130.37 4130.1 4129.54 4129.32 4129.06 4129.07 4129.19 4129.56 4130.2 4131.06 4132.26 4133.34 4132.91 4132.49 4132.57 4133.33 4134.38 4134.31 4133.43 4131.6 4130.67 4131.03 4131.58 4132.03 4132.3 4132.74 4133.23 4133.62 4134.04 4134.34 4134.66 4134.35 4133.6 4133.69 4135.65 4134.74 4133.34 4132.96 4132.89 4132.82 4132.78 4132.8
4140.36 4136.68 4133.37 4130.96 4130.14 4129.78 4129.99 4129.94 4129.75 4130.21 4130.75 4131.49 4131.25 4130.96 4130.62 4131.08 4131 4131.04 4130.99 4130.96 4130.87 4130.69 4130.21 4130.3 4130.26 4130.03 4129.82 4129.31 4128.87 4128.76 4128.82 4129.03 4129.32 4129.81 4130.69 4131.62 4132.45 4132.64 4132.07 4131.45 4131.82 4131.42 4131.31 4131.87 4131.55 4131.24 4131.17 4131.3 4131.6 4132.03 4132.33 4132.74 4133 4133.17 4133.32 4133.42 4133.26 4132.45 4132.36 4133.42 4134.08 4133.99 4133.81 4133.46 4132.8 4132.76 4132.83
4141.29 4136.89 4133.17 4130.57 4129.74 4129.34 4129.31 4129.43 4129.51 4130.02 4130.85 4131.13 4130.9 4130.37 4130.09 4130.44 4130.37 4130.6 4130.57 4130.61 4130.54 4130.48 4130.43 4130.4 4130.23 4129.75 4129.49 4129.07 4128.65 4128.56 4128.63 4128.78 4129.09 4129.69 4129.28 4131.23 4132.74 4132.84 4132.29 4131.94 4131.3 4130.92 4131.31 4131.53 4131.52 4131.53 4131.25 4131.45 4131.55 4131.79 4131.98 4132.14 4132.23 4132.36 4132.44 4132.57 4132.82 4132.53 4132.27 4132.95 4134.15 4135.11 4135.05 4134.17 4133.87 4133.11 4132.96
4141.2 4136.58 4132.96 4130.59 4129.28 4128.84 4129.07 4129.24 4129.47 4130.06 4130.28 4130.46 4130.18 4129.9 4129.68 4129.89 4129.85 4129.85 4129.96 4130.21 4130.26 4130.38 4130.52 4130.5 4130.19 4129.58 4129.37 4129.13 4128.68 4128.66 4128.74 4128.88 4129.08 4129.51 4130.51 4131.7 4133.16 4133.26 4132.52 4131.36 4131.2 4131.03 4131.64 4131.72 4131.51 4131.57 4131.63 4131.46 4131.34 4131.39 4131.24 4131.64 4131.67 4131.74 4131.77 4131.79 4132.32 4134.69 4132.66 4132.9 4134.55 4136.1 4136.1 4134.31 4132.39 4132.89 4133.1
4139.74 4135.45 4132.04 4130.02 4128.97 4128.88 4128.84 4129.1 4129.58 4130.11 4129.78 4129.68 4129.37 4129.37 4129.24 4129.14 4129.36 4129.4 4129.31 4129.51 4129.79 4130.12 4130.37 4130.42 4130.13 4129.64 4129.43 4129.31 4128.94 4128.89 4128.99 4129.11 4129.35 4129.47 4130.75 4132.03 4133.37 4133.66 4132.9 4132.2 4131.43 4131.2 4131.87 4132.06 4131.77 4131.8 4131.78 4131.69 4131.7 4131.71 4131.65 4131.21 4131.25 4131.26 4131.31 4131.3 4131.64 4133.94 4134.45 4134.15 4134.82 4135.64 4135.52 4134.35 4133.32 4133.26 4133.43
4137.36 4133.81 4130.72 4129.23 4128.91 4129 4129.13 4129.33 4129.47 4130 4129.53 4129.05 4128.74 4128.82 4128.77 4128.75 4128.59 4128.67 4128.84 4129.28 4129.42 4129.7 4129.93 4129.99 4129.9 4129.47 4129.48 4129.44 4129.32 4129.5 4129.62 4129.79 4130.06 4130.43 4130.89 4132.38 4134.11 4134.22 4132.91 4131.97 4131.47 4131.26 4131.95 4132.34 4131.98 4131.85 4131.79 4131.72 4131.63 4131.6 4131.55 4131.49 4131.32 4131.25 4131.24 4131.52 4131.77 4131.6 4134.49 4134.62 4134.58 4134.77 4134.8 4134.53 4133.98 4134.09 4134.01
4134.35 4132.07 4129.95 4128.86 4128.57 4128.69 4129.02 4129.24 4129.27 4129.37 4128.65 4128.62 4128.38 4128.48 4128.47 4128.51 4128.85 4128.97 4128.76 4128.93 4129.01 4129.22 4129.59 4129.97 4129.61 4129.42 4129.74 4129.48 4129.64 4129.82 4129.97 4130.23 4130.54 4131.63 4134.18 4132.57 4132.4 4132.19 4132.38 4131.96 4131.54 4131.32 4131.91 4132.46 4132 4131.91 4131.73 4131.62 4131.54 4131.46 4131.27 4131.09 4130.98 4130.93 4130.89 4130.82 4130.77 4130.88 4132.77 4133.59 4133.74 4133.86 4134.28 4135.25 4135.64 4135.13 4134.69
4131.65 4130.36 4129.3 4128.7 4128.64 4128.98 4129.07 4129.3 4129.62 4129.4 4129.2 4128.67 4128.22 4128.26 4128.28 4128.4 4128.92 4129.09 4129 4129.07 4129.01 4129.13 4129.24 4129.4 4129.3 4129.45 4129.65 4129.81 4129.7 4129.92 4130.08 4130.29 4130.61 4130.97 4131.14 4131.12 4131.67 4132.12 4132.21 4132 4131.61 4131.29 4131.59 4132.33 4131.87 4131.62 4131.58 4131.48 4131.35 4131.21 4131.11 4130.96 4130.85 4130.73 4130.66 4130.54 4130.7 4131.3 4132.03 4132.47 4132.71 4132.83 4133.2 4135.61 4136.54 4135.7 4135.02
4129.62 4129.03 4128.36 4128.4 4128.69 4129.14 4129.91 4130.04 4129.92 4129.56 4128.77 4128.11 4127.66 4127.78 4127.89 4128.15 4128.37 4128.77 4129.19 4129.27 4129.26 4129.04 4128.96 4128.92 4129.09 4129.38 4129.63 4130 4130.26 4130.23 4130.32 4130.38 4130.33 4130.22 4129.92 4130.65 4131.66 4132.4 4132.39 4132.11 4131.65 4131.13 4131.2 4132.2 4131.71 4131.69 4131.55 4131.32 4131.15 4130.97 4130.78 4130.67 4130.58 4130.53 4130.54 4130.83 4130.96 4130.95 4131.07 4131.58 4131.87 4132.03 4132.55 4134.97 4136 4135.53 4134.97
4128.37 4128.44 4128.49 4128.83 4129.27 4129.83 4130.36 4130.74 4130.4 4129.35 4128.41 4127.68 4127.29 4127.45 4127.7 4128.04 4128.34 4128.94 4129.22 4129.4 4129.27 4129.15 4129.05 4129.09 4129.16 4129.47 4129.97 4130.57 4130.95 4130.83 4130.82 4130.68 4130.4 4130.05 4129.92 4130.71 4131.8 4132.56 4132.59 4132.08 4131.46 4130.93 4130.89 4132.05 4131.61 4131.58 4131.44 4131.22 4130.96 4130.74 4130.61 4130.53 4130.45 4130.46 4130.44 4130.31 4130.99 4130.87 4130.56 4131.08 4131.42 4131.58 4131.91 4133.51 4134.59 4134.75 4134.56
4127.68 4128.23 4128.72 4129.04 4129.53 4130.26 4131 4131.82 4131.87 4130.45 4128.86 4127.32 4126.81 4127.11 4127.53 4128.04 4128.54 4129.45 4129.92 4130.06 4129.92 4129.59 4129.21 4129.01 4129.21 4129.73 4130.54 4131.38 4131.77 4131.92 4131.45 4131.1 4130.75 4130.21 4130.07 4130.86 4131.89 4133.29 4132.73 4131.93 4131.29 4130.76 4130.73 4132.16 4131.83 4131.77 4131.57 4131.01 4130.69 4130.51 4130.49 4130.43 4130.45 4130.47 4130.5 4130.46 4130.34 4130.39 4130.65 4131.16 4131.46 4131.54 4131.53 4132.31 4133.37 4133.86 4133.92
4127.08 4127.84 4128.48 4128.95 4129.52 4130.43 4131.38 4132.63 4134.19 4134.08 4129.99 4126.7 4126.4 4126.86 4127.45 4128.15 4129.05 4130.18 4130.82 4131.1 4131.04 4130.57 4129.79 4129.08 4129.29 4130.36 4131.84 4133.01 4133.61 4133.53 4132.77 4132.11 4131.1 4130.42 4129.93 4130.28 4131.39 4132.26 4132.23 4131.6 4130.53 4130.71 4130.9 4131.91 4131.85 4131.41 4130.94 4130.35 4130.24 4130.21 4130.27 4130.27 4130.31 4130.39 4130.58 4130.84 4130.23 4131.11 4131.48 4131.59 4131.84 4132.09 4131.84 4131.72 4132.91 4133.21 4133.29
4126.65 4127.5 4128.16 4128.68 4129.3 4130.02 4130.85 4132 4133.99 4135.19 4130.1 4126.63 4126.45 4127.01 4127.82 4128.76 4129.73 4130.65 4131.82 4132.53 4132.73 4132.31 4131.27 4129.47 4129.26 4131.81 4134.04 4135.33 4135.72 4135.29 4134.02 4133 4131.79 4130.83 4130.24 4130.41 4130.9 4131.54 4131.78 4131.58 4131.53 4130.93 4130.92 4132.29 4131.86 4130.64 4129.24 4129.51 4129.75 4129.88 4129.95 4130.02 4130.1 4130.17 4130.19 4130.05 4130.02 4131.26 4131.75 4131.85 4132.24 4132.93 4134.39 4134.96 4132.95 4132.61 4132.66
4126.27 4126.83 4127.68 4128.23 4128.79 4129.26 4129.64 4129.83 4129.51 4129.1 4128.11 4126.72 4126.66 4127.27 4128.24 4129.39 4130.63 4131.93 4133.77 4134.93 4135.57 4135.53 4134.75 4132.51 4131.18 4135.9 4138.19 4138.98 4138.64 4137.66 4135.8 4134.23 4132.67 4131.26 4130.27 4130.28 4130.59 4131.41 4131.73 4131.52 4131.01 4130.79 4130.71 4131.38 4131.77 4130.69 4129.5 4129.47 4129.59 4129.7 4129.79 4129.85 4129.96 4130.02 4130.09 4130.18 4130.24 4130.64 4131.25 4131.68 4132.17 4132.83 4133.2 4131.19 4131.58 4131.75 4132.04
4126.31 4126.79 4127.44 4127.9 4128.28 4128.49 4128.44 4127.92 4126.54 4125.79 4126.5 4126.59 4126.86 4127.57 4128.68 4130.05 4131.61 4133.31 4135.67 4137.53 4139.12 4140.25 4140.85 4141.41 4144.16 4143.48 4144.17 4143.82 4142.44 4140.52 4137.81 4135.63 4133.51 4131.66 4130.21 4129.89 4130.51 4131.17 4131.54 4131.59 4131.24 4130.91 4130.7 4131.15 4131.86 4131.14 4130.43 4129.79 4129.61 4129.62 4129.68 4129.75 4129.83 4129.92 4129.88 4130.13 4130.48 4130.54 4130.89 4131.28 4131.62 4131.95 4132.42 4130.2 4130.31 4130.89 4131.37
4126.61 4127.47 4127.73 4127.78 4127.93 4127.93 4127.69 4127.12 4126.5 4126.03 4126.01 4126.33 4126.88 4127.78 4129.06 4130.67 4132.54 4134.64 4137.61 4140.28 4142.91 4145.49 4147.78 4149.26 4148.93 4151.3 4151.43 4149.49 4146.49 4143.34 4139.72 4136.88 4134.28 4132.01 4130.16 4129.48 4130.25 4131.3 4132.03 4131.86 4131.65 4131.18 4130.74 4130.63 4132 4131.36 4130.39 4129.89 4129.69 4129.62 4129.6 4129.67 4129.8 4129.82 4130.18 4130.29 4130.43 4130.56 4130.72 4130.87 4130.92 4130.75 4130.01 4129.77 4129.82 4130.29 4130.84
4126.86 4126.9 4127.63 4127.72 4127.69 4127.59 4127.39 4126.91 4125.96 4125.76 4125.91 4126.13 4126.75 4127.79 4129.26 4131.08 4133.26 4135.74 4139.29 4142.68 4146.41 4150.61 4155.05 4158.81 4158.3 4162.1 4159.79 4155.1 4150.28 4145.67 4141.15 4137.79 4134.87 4132.38 4130.38 4129.41 4130.07 4131.14 4131.96 4131.91 4131.57 4131.01 4130.34 4130.41 4131.94 4131.45 4130.66 4130.02 4129.66 4129.64 4129.64 4129.72 4129.84 4129.88 4130.45 4130.47 4130.44 4130.5 4130.56 4130.57 4130.42 4130 4129.29 4129.35 4129.48 4129.86 4130.41
4128.33 4129.13 4128.2 4127.7 4127.45 4127.32 4127.29 4127.5 4127.53 4126.46 4125.94 4125.81 4126.41 4127.67 4129.32 4131.33 4133.64 4136.36 4140.32 4144.19 4148.76 4154.32 4161.19 4169.88 4180.56 4176.45 4167.26 4159.07 4152.42 4146.84 4141.82 4138.19 4135.16 4132.58 4130.63 4129.64 4129.53 4130.74 4131.8 4131.79 4131.39 4130.81 4130.55 4130.33 4131.63 4131.41 4130.58 4129.89 4129.65 4129.68 4129.77 4129.75 4129.81 4129.78 4129.84 4130.71 4130.82 4130.58 4130.48 4130.39 4130.19 4129.81 4129.28 4128.9 4129.07 4129.54 4130.11
4127.34 4128.77 4127.79 4127.27 4127.03 4126.88 4126.87 4127.17 4128.29 4126.68 4125.74 4125.51 4125.98 4127.41 4129.07 4131.09 4133.47 4136.22 4140.27 4144.23 4149.14 4155.18 4162.91 4173.17 4184.99 4180.85 4168.74 4159.02 4151.84 4146.2 4141.82 4137.68 4134.83 4132.44 4130.71 4129.82 4129.51 4130.41 4131.26 4131.65 4131.64 4131.5 4131.07 4130.46 4131.67 4131.44 4130.49 4129.71 4129.56 4129.65 4129.77 4130.04 4130.06 4129.93 4130.13 4130.93 4130.88 4130.51 4130.31 4130.32 4130.2 4129.98 4129.52 4128.98 4128.93 4129.34 4129.9
4124.88 4125.04 4126.21 4126.46 4126.45 4126.35 4126.16 4125.67 4124.79 4125.35 4125.13 4125.34 4125.86 4127.21 4128.8 4130.52 4132.71 4135.43 4139.4 4143.02 4147.52 4152.71 4158.86 4166.19 4173.14 4170.75 4161.65 4153.9 4148.21 4143.74 4140 4136.23 4133.83 4131.85 4130.42 4129.65 4129.46 4130.22 4131.2 4131.56 4131.62 4131.74 4130.43 4130.66 4131.89 4131.59 4130.57 4129.74 4129.59 4129.73 4129.92 4130.43 4130.36 4130.23 4130.33 4130.65 4130.51 4130.26 4129.97 4130.02 4130.04 4130.17 4130.28 4129.32 4128.99 4129.27 4129.77
4125.06 4125.25 4125.52 4125.8 4125.83 4125.78 4125.65 4125.43 4125.28 4125.36 4124.95 4125.35 4125.98 4127.03 4128.33 4129.76 4131.78 4133.98 4137.37 4140.29 4144 4147.37 4150.7 4153.09 4153.92 4151.62 4148.11 4145.1 4142.36 4138.64 4136.22 4134.13 4132.36 4130.92 4129.84 4129.16 4129.31 4130.06 4130.97 4131.29 4131.1 4130.49 4130.47 4130.22 4131.51 4131.66 4130.72 4129.94 4129.95 4130.31 4130.63 4130.81 4130.97 4130.74 4130.49 4130.16 4130.17 4129.95 4129.68 4129.61 4129.74 4129.88 4129.84 4129.2 4128.87 4129.22 4129.63
4124.88 4125.06 4125.16 4125.35 4125.5 4125.48 4125.38 4125.29 4125.27 4125.24 4124.86 4125.12 4125.64 4126.59 4127.5 4129.24 4130.96 4132.81 4135.36 4137.44 4139.32 4140.95 4141.67 4139.89 4133.56 4127.36 4134.35 4136.43 4136.56 4135.05 4133.83 4132.59 4131.4 4130.36 4129.48 4128.91 4129.22 4129.96 4130.74 4130.97 4130.64 4130.47 4130.47 4130.05 4130.92 4131.57 4130.87 4130.24 4130.58 4131.28 4132.04 4132.4 4132.13 4131.13 4130.41 4130.08 4130.34 4129.78 4129.32 4129.26 4129.47 4129.64 4129.55 4129.33 4129.27 4129.27 4129.59
4124.5 4124.72 4124.93 4125.12 4125.29 4125.27 4125.17 4125.04 4125 4125.05 4124.81 4124.73 4125.04 4125.93 4126.79 4128.39 4129.79 4131.22 4133.33 4134.65 4135.46 4135.69 4134.58 4131.68 4127.03 4124.84 4127.74 4130.37 4132.03 4131.52 4131.28 4130.78 4130.13 4129.47 4128.95 4128.63 4129.23 4129.88 4130.52 4130.72 4130.34 4129.39 4130.35 4130 4130.46 4131.59 4131.18 4131.07 4131.34 4132.27 4133.57 4134.56 4134.67 4132.5 4130.67 4130.06 4130.07 4129.11 4128.51 4128.6 4129.05 4129.56 4129.59 4129.25 4128.95 4129.19 4129.53
4123.92 4124.49 4124.95 4125.18 4125.27 4125.19 4125 4124.81 4124.82 4124.89 4124.92 4124.45 4124.51 4125.32 4126.23 4127.61 4128.76 4129.81 4131.26 4131.97 4132.2 4131.88 4130.31 4128.06 4125.56 4124.6 4125.62 4127.35 4128.77 4128.87 4129.16 4129.15 4128.98 4128.76 4128.43 4128.34 4129.12 4129.73 4130.43 4130.82 4130.53 4130.54 4130.42 4130 4130.36 4131.52 4131.06 4130.72 4131.43 4133.34 4135.68 4137.94 4139.74 4140.29 4137.14 4131.77 4129.45 4127.86 4127.53 4127.9 4128.67 4129.38 4129.5 4129.15 4128.9 4129.08 4129.45
4124.31 4124.88 4125.28 4125.4 4125.33 4125.2 4125 4124.76 4124.75 4124.87 4124.88 4124.4 4124.39 4125 4125.84 4126.94 4127.71 4128.32 4128.87 4129.83 4129.74 4129.02 4127.93 4126.45 4125.04 4124.51 4124.94 4125.84 4126.78 4127.2 4127.62 4127.92 4127.95 4127.88 4127.85 4127.86 4128.49 4129.41 4130.22 4130.5 4130.6 4130.45 4130.44 4130 4130.27 4131.26 4130.93 4130.36 4131.59 4134.42 4137.87 4141.6 4145.69 4149.65 4152.36 4142.65 4129.37 4127.04 4126.89 4127.43 4128.24 4129.06 4129.37 4129.19 4128.73 4129.13 4129.47
