real_craters/C144-1000m.grd
DSAA
53 53
-26.12 26.12
-26.12 26.12
8113.6899985332 9828.3869811777
[rows 0 to 37 of 53, columns 0 to 52 of 53]
9272.25 9291.51 9253.14 9211.84 9188 9189.61 9214.35 9233.91 9301.34 9374.76 9398.16 9441.47 9485.08 9440.5 9394.11 9375.88 9393.16 9388.69 9392.17 9412.29 9436.12 9436.46 9405.22 9384.39 9393.14 9397.89 9420.58 9428.48 9408.56 9399.35 9396.7 9397.76 9397.83 9390.21 9376.64 9356.94 9332.97 9293.39 9283.55 9283 9301.76 9325.1 9353.29 9373.3 9368.64 9350.32 9350.17 9381.22 9399.23 9375.04 9351.99 9335.73 9314.58
9298.93 9309.84 9295.93 9297.8 9270.28 9255.06 9277.13 9293.73 9361.56 9423.91 9420.11 9453.5 9486.73 9448.57 9403.39 9386.24 9391.92 9399.19 9405.84 9407.72 9436.74 9453.43 9424.14 9399.4 9392.87 9404.12 9412.13 9421.21 9417.86 9415.92 9417.84 9423.34 9426.64 9423.75 9406.09 9389.18 9375.86 9365.66 9301.49 9286.41 9293.91 9322.79 9352.47 9376.5 9361.52 9328.44 9322.74 9344.85 9406.9 9352.13 9338.63 9326.73 9301.86
9303.72 9316.89 9316.32 9316.21 9321.65 9355.59 9365.74 9394.51 9407.52 9406.2 9393.17 9413.31 9456.94 9453.14 9422.27 9413.19 9411.51 9407.68 9419.82 9423.6 9448.24 9451.4 9427.29 9429.61 9417.65 9407.63 9397 9403.04 9413.67 9422.51 9429.95 9441.72 9460.77 9449.72 9429.94 9413.48 9397.44 9363.15 9294.21 9273.29 9276.75 9301.69 9340.08 9351.44 9318.62 9303 9309.69 9325.89 9359.35 9333.26 9343.49 9320.8 9297.72
9237.51 9276.32 9280.87 9287.94 9352.78 9416.15 9409.32 9413.88 9397.26 9389.44 9399.93 9421.52 9477.82 9478.4 9468.57 9461.35 9445.03 9412.76 9417.34 9437.57 9462.2 9456.16 9425.88 9407.07 9408.97 9407.85 9416.37 9410.52 9410.82 9420.54 9427.86 9438.59 9450.19 9446.69 9427.34 9415.27 9404.67 9391.42 9330.95 9237.22 9249.33 9270.64 9300.62 9304.28 9287.98 9276.81 9305.94 9345.62 9374.21 9322.42 9347.61 9321.29 9298.29
9260.02 9276.12 9287.29 9343.49 9348.77 9390.47 9419.09 9425.95 9441.86 9401.71 9393.55 9447.65 9505.1 9490.2 9475.16 9484.03 9509.17 9506.85 9469.78 9486.62 9447.24 9449.13 9389.96 9386.45 9391.87 9396.99 9397.8 9405.55 9408.98 9411.87 9417.12 9423.54 9431.72 9427.84 9411.91 9399.89 9396.61 9389.83 9327.9 9259.09 9237.2 9235.2 9233.36 9255.98 9281.7 9270.82 9296.87 9396.52 9416.37 9330.87 9343.4 9327.75 9298.42
9274.03 9303.13 9336.1 9336.84 9361.07 9404.36 9447.14 9473.27 9455.7 9410.79 9416.37 9461.49 9523.91 9452.33 9429.32 9420.78 9442.09 9488.5 9519.84 9494.15 9488.05 9426.07 9402.44 9388.89 9386.47 9389.92 9398.24 9398.48 9401.46 9400.18 9402.04 9402.24 9400.37 9393.21 9385.37 9377.69 9372.51 9355.53 9324.91 9249.17 9228.2 9225.18 9208.92 9233.45 9273.41 9282.82 9295.8 9348.39 9399.43 9318.12 9338.81 9329.21 9299.61
9301.53 9329.59 9357.74 9429.29 9478.6 9451.08 9420.63 9404.73 9358.28 9330.54 9371.18 9397.47 9386.47 9372.21 9343.69 9372.45 9410.86 9448.57 9440.09 9428.53 9443.77 9424.54 9412.29 9395.32 9385.09 9383.91 9389.85 9394.08 9397.44 9393.48 9391.76 9385.97 9375.35 9366.88 9361.91 9357.97 9350.44 9334.61 9322.24 9255.74 9244.73 9245.65 9255.88 9257.26 9273.45 9282.04 9281.9 9322.1 9353.13 9310.18 9327.44 9320.14 9296.35
9327.14 9364.62 9432.15 9648.48 9617.5 9462.2 9340.51 9299.31 9307.17 9295.39 9303.85 9338.49 9349.89 9340.9 9329.91 9351.27 9369.57 9364.53 9386.72 9411.31 9431.84 9429.18 9402.54 9385.27 9385.21 9385.05 9387.32 9397.12 9402.22 9393.1 9388.57 9379.39 9365.15 9345.5 9349.75 9344.87 9336.64 9324.87 9315.96 9268.67 9263.6 9267.53 9278.31 9262.41 9256.55 9279.65 9286.07 9297.01 9324.62 9305.58 9309.84 9308.73 9291.7
9336.52 9405.21 9467.86 9492.48 9449.62 9384.66 9302.46 9286.23 9294.03 9282.77 9297.85 9314.86 9330.32 9338.33 9338.55 9335.41 9351.23 9352.8 9373.2 9388.05 9422.81 9426.95 9410.73 9402.85 9405.42 9403.9 9407.25 9413.61 9407.23 9403.17 9395.09 9384.27 9373.63 9368.85 9357.45 9346.73 9335.93 9322.44 9301.11 9283.58 9273.78 9279.16 9281.42 9278.03 9281.47 9288.83 9286.4 9287.1 9319.7 9334.1 9308.45 9301.65 9292.2
9471.1 9546.03 9592.4 9377.58 9366.62 9325.36 9281.65 9290.01 9331.83 9290.02 9292 9307.14 9320.15 9335.33 9339.99 9333.29 9354.36 9371.53 9363.86 9377.9 9395.12 9408.15 9424.93 9434.35 9439.24 9433.16 9432.37 9440.84 9438.31 9420.13 9409.67 9397.84 9385.87 9380.46 9369.65 9357.57 9346.47 9334.27 9322.25 9291.4 9287.52 9295.42 9302.79 9295.7 9301.82 9313.09 9289.94 9256.9 9280.1 9330.45 9291.93 9289.82 9288.98
9552.65 9623.12 9576.96 9357.55 9322.93 9297.82 9276.85 9276.08 9292.81 9275.72 9298.92 9309.5 9307.32 9321.31 9337.99 9340.88 9343.02 9360 9356.41 9387.08 9401.82 9419.22 9465.18 9490.66 9503.41 9493.26 9491.35 9483.45 9462.52 9446.42 9431.02 9416.39 9405.07 9398.71 9384.39 9370.35 9360.39 9351.28 9334.35 9304.01 9314.75 9316.36 9312.49 9318.11 9320.05 9331.39 9278.54 9262.93 9299.61 9301.33 9294.25 9292.2 9283.05
9626.1 9619.17 9421.67 9359.23 9329.84 9294.68 9279.61 9286.92 9286.77 9295.17 9330.64 9317.84 9308.66 9313.57 9332.52 9340.8 9346.8 9358.06 9347.38 9369.28 9406.3 9432.27 9498.11 9531.62 9563.42 9626.32 9576.76 9521.83 9492.52 9468.24 9448.54 9431.55 9416.84 9401.78 9383.15 9380.76 9370.94 9358.31 9347.52 9337.33 9333.66 9347.78 9346.26 9324.51 9313.48 9302.58 9315.48 9299.2 9313.5 9299.5 9299.57 9295.41 9282.17
9529.26 9563.39 9426.83 9358.1 9327.39 9302.65 9296.74 9292.74 9294.13 9289.83 9316.99 9319.04 9318.36 9320.26 9334.96 9346.92 9344.73 9356.27 9369.03 9385.74 9403.66 9440.42 9483.12 9535.48 9562.7 9560.65 9559.62 9530.32 9501.4 9475.45 9457.26 9445.03 9441.17 9423.61 9422.64 9406.33 9384.11 9362.36 9343.76 9356.03 9349.08 9353.07 9342.14 9320.41 9307.87 9307.37 9322.73 9319.09 9349.47 9300.17 9303.35 9304.68 9292.86
9478.89 9500.95 9416.66 9347.58 9326.37 9307.18 9312.21 9359.27 9332.89 9306.6 9294.84 9317.4 9331.97 9322.38 9338.24 9349.57 9346.86 9368.4 9390.36 9406.88 9416.67 9436.18 9488.38 9552.24 9589.15 9566.67 9539.1 9503.71 9483.25 9459.61 9446.33 9442.72 9450.1 9462.1 9469.29 9434.7 9395.57 9361.83 9355.42 9384.35 9363.67 9364.44 9346.99 9323.91 9333.06 9325.95 9324.11 9336.35 9357.99 9332.29 9339.49 9344.48 9317.58
9454.81 9404.3 9361.6 9335.5 9319.28 9307.52 9328.24 9350.1 9328.81 9301.46 9300.23 9332.62 9347.82 9351.64 9353.47 9364.45 9369.97 9412.61 9429.1 9467.18 9512.1 9507.23 9584.14 9593.05 9580.24 9571.34 9482.23 9398.02 9431.63 9414.94 9411.23 9420.14 9446.57 9463.79 9484.04 9450.74 9403.68 9351.88 9314.79 9330.26 9432.89 9398.63 9373.26 9351.71 9377.69 9411.3 9351.3 9347.67 9351.55 9340.14 9348.76 9376.32 9326.71
9459.91 9404.73 9344.88 9331.47 9324.37 9319.51 9355.09 9398.74 9351.12 9338.12 9374.93 9376.5 9379.58 9368.76 9375.47 9382.85 9396.4 9403.81 9465.41 9541.77 9704.64 9828.39 9801.85 9550.22 9438.81 9398.29 9273.34 9241.67 9340.33 9338.62 9347.11 9366.66 9407.23 9439.75 9422.84 9436.33 9384.5 9340.54 9274.42 9171.32 9417.32 9465.52 9413.83 9384.58 9401.13 9414.25 9394.24 9338.6 9327.39 9322.82 9324 9311.54 9292.73
9458.03 9429.36 9424.5 9349 9353.38 9381.99 9383.86 9421.28 9410.57 9378.69 9413.39 9430.57 9439.48 9429.48 9416.17 9406.07 9405.58 9438.63 9520.86 9637.52 9468.35 9350.7 9358.69 9270.19 9169.92 9090.02 9079.88 9158.95 9218.13 9235.25 9258.33 9287.67 9337.65 9383.3 9461.04 9391.78 9366.13 9358.17 9394.17 9464.39 9474.02 9471.16 9430.57 9405.1 9403.74 9406.86 9387.26 9355.3 9327.08 9330.03 9324.44 9309.43 9287.37
9423.75 9379.99 9372.04 9342.01 9349.14 9360.31 9363.55 9405.68 9454.39 9445.25 9483.81 9479.81 9430.1 9417.51 9396.67 9400.89 9470.85 9533.23 9331.24 9100.49 8925.16 8850.49 8838.17 8932.16 8944.49 8949 8968.54 9055.12 9080.51 9113.97 9148.5 9187.14 9234.16 9277.09 9236.2 9279.26 9321.51 9356.93 9398.15 9423.64 9515.5 9470.88 9425.83 9402.67 9403.71 9397.01 9400.49 9353.76 9359.81 9359.52 9349.5 9320.37 9292.8
9403.33 9348.25 9341.11 9321.78 9319 9309.63 9343.33 9402.98 9458.8 9480.76 9538.16 9518.58 9470.7 9432.95 9416.97 9438.63 9613.5 9364.84 9083.6 8848.78 8761.74 8715.73 8659.97 8653.58 8719.31 8770.8 8818.87 8899.46 8959.61 9020.45 9034.57 9073.38 9114.1 9183.41 9169.01 9199 9269.29 9346.44 9405.61 9403.82 9381.04 9446.87 9407.13 9393.73 9411.84 9412.97 9400.71 9387.72 9373.43 9375.66 9380.69 9340.87 9305.52
9365 9341 9326.81 9321.21 9312.91 9314.76 9350.06 9390.57 9453 9466.07 9504.89 9510.62 9435.39 9419.33 9424.96 9446.05 9334.21 9018.89 8847.85 8727.24 8634.52 8512.98 8357 8429.96 8443.96 8547.87 8647.52 8781.71 8842.42 8895.98 8918.8 8957.34 8997.09 9089.33 9046.11 9099.14 9220.12 9342.05 9452.56 9505.61 9358.51 9388.44 9368.79 9376.65 9400 9401.46 9411.79 9372.32 9373.07 9393.25 9382.81 9372.99 9360.05
9348.47 9342.01 9353.12 9344.47 9332.23 9335.5 9335.93 9299.18 9243.51 9369.45 9454.96 9516.93 9561.08 9433.88 9390.98 9496.9 9025.26 8762.42 8644.24 8559.48 8548.65 8323.87 8305.34 8348.52 8449.55 8459.11 8536.47 8645.92 8707.28 8776.1 8819 8860 8901.15 9003.68 9001.02 9032.29 9168.86 9348.48 9518.66 9622.05 9463.65 9321.56 9349.95 9367.86 9378.9 9383.55 9387.13 9355.85 9366.57 9380.23 9385.92 9370.35 9365.13
9357.23 9340.55 9343.41 9342.27 9344.86 9329.27 9242.68 9233.2 9235.92 9287.24 9350.19 9395.69 9467.55 9424.67 9484.08 9261.35 8753.84 8586.84 8507.07 8479.83 8368.84 8271.55 8314.39 8283.66 8280.48 8361.1 8437.93 8548.24 8630.16 8702.79 8751.6 8774.72 8936.91 8912.39 8884.42 8886.29 9087.25 9325.1 9558.53 9737.12 9593.03 9315.8 9331.89 9381.09 9359.11 9353.64 9348.57 9351.69 9370.76 9381.12 9332.24 9332.13 9338.75
9316.33 9326.41 9315.01 9307.83 9279.14 9250.51 9219.03 9229.14 9228.54 9245.88 9277.45 9295.14 9320.26 9458.34 9596.05 9179.72 8670.92 8493.5 8428.34 8317.83 8256.12 8311.3 8287.75 8269.09 8226.21 8311.89 8399.91 8512.99 8584.12 8637.58 8676.57 8714.04 8868.42 8834.28 8794.08 8754.5 8994.17 9269.09 9552.74 9819.35 9807.41 9404.81 9428.14 9427.45 9412.95 9348.55 9340.43 9362.45 9386.89 9355.51 9338.84 9324.42 9308.29
9288.66 9317.75 9329.72 9290.9 9241.89 9215.95 9188.46 9197.31 9192.41 9213.01 9241.47 9272.07 9337.34 9528.79 9539.51 9093.64 8608.66 8429.03 8344.31 8242.88 8197.52 8229.71 8375.33 8388.68 8366.35 8384.31 8407.86 8435.18 8554.46 8598.04 8644.03 8673.53 8807.68 8774.76 8735.52 8700.37 8918.78 9210.1 9513.29 9764.43 9781.2 9417.35 9398.76 9418.94 9421.78 9376.84 9357.66 9362.11 9351.39 9305.75 9311.25 9317.17 9300.06
9320.44 9334.64 9319.47 9274.85 9242.15 9212.62 9192.17 9166.91 9160.84 9190.5 9221.75 9257.53 9364.97 9495.1 9495.63 8999.99 8528.48 8369.13 8280.5 8213.24 8203.81 8189.46 8328.14 8428.59 8456.38 8430.14 8414.89 8417.82 8541.32 8582.23 8614.99 8648.84 8779.51 8746.98 8705.45 8631.68 8861.06 9163.85 9452.45 9700 9778.83 9551.76 9398.63 9380.36 9369.42 9377.44 9349.18 9333 9310.86 9317.6 9322.59 9337.79 9297.33
9306.73 9331.69 9273.15 9242.15 9235.96 9203.48 9178.02 9150.37 9151.74 9179.67 9213.04 9250.73 9380.46 9542.23 9405.34 8893.38 8501.54 8325.23 8253.62 8220.48 8130.6 8149.01 8360.42 8556.35 8564.2 8477.91 8426.23 8396.36 8533.55 8561.86 8595.93 8624.04 8757.9 8737.97 8716.02 8661.74 8858.79 9131.8 9428.37 9675.44 9717.34 9524.51 9358.76 9349.47 9364.07 9364.59 9346.51 9323.85 9314.81 9344.56 9337.87 9335.59 9294.2
9307.93 9357.95 9228.22 9216.69 9209.81 9163.49 9149.61 9141.56 9146.29 9174.97 9213.47 9250.45 9381.65 9485.62 9393.41 8778.11 8426.4 8293.39 8222.91 8257.49 8141.61 8256.57 8378.24 8488.09 8496.87 8452.64 8415.22 8375.32 8502.17 8526.72 8558.66 8627.35 8753.07 8745.66 8741.33 8688.08 8864.63 9129.61 9423.91 9694.22 9784.69 9478.47 9316.5 9327.39 9364.24 9351.22 9334.54 9317.97 9311.57 9337.82 9342.78 9323.39 9295.92
9313.87 9340.57 9281.56 9211.45 9179.81 9133.31 9120.83 9126.26 9143.53 9174.13 9212.16 9271.4 9356.13 9437.47 9376.03 8827.48 8541.92 8375 8270.34 8355.68 8236.15 8296.01 8291.06 8314.03 8358.16 8380.8 8371.45 8362.14 8492.96 8537.06 8578.17 8634.8 8765.87 8763.52 8765.47 8705.11 8873.13 9120.25 9405.25 9662.42 9726.12 9556.83 9317.89 9297.5 9309.76 9324.38 9322.45 9322.42 9321.04 9339.01 9360.87 9341.15 9292.56
9319.64 9355.19 9307.58 9200.11 9149.04 9140.74 9127.31 9131.45 9144.81 9168.69 9199.48 9243.99 9352 9355.39 9196.05 9123.1 8822.26 8580.79 8393.96 8286.69 8289.32 8273.99 8190.98 8187.47 8231.45 8293.62 8328.6 8350.21 8480.1 8540.59 8591.3 8614.9 8793.71 8788.62 8785.83 8708.14 8843.07 9092.29 9370.69 9610.54 9669.45 9539.01 9308.04 9303.47 9301.6 9296.26 9314.06 9337.37 9318.77 9292.78 9308.03 9337.23 9294.67
9313.25 9377.26 9337.63 9215.92 9142.81 9143.02 9129.3 9124.19 9145.57 9168.68 9198.06 9249.97 9349.6 9369.36 9203.33 9138.63 9007.24 8771.02 8530.69 8337.92 8320.14 8310 8206.48 8113.69 8185.78 8215.53 8256.95 8298.69 8459.9 8526.67 8606.67 8609.12 8879.6 8852.59 8695.17 8707.5 8810.87 9054.78 9330.33 9549.75 9571.19 9523.41 9395.98 9319.94 9311.29 9303.4 9299.96 9333.77 9299.31 9265.44 9288.46 9315.45 9293.15
9313.48 9308.93 9315.8 9235.41 9167.21 9145.02 9130.13 9129.58 9150.96 9173.03 9197.23 9240.34 9316.74 9386.67 9281.55 9095.93 9035.79 8868.5 8658.61 8429.11 8303.42 8266.49 8257.64 8210.02 8181.82 8191.77 8225.64 8275.03 8438.05 8543.83 8632.13 8674.28 8948.02 8913.27 8746.54 8734.57 8785.71 9023.12 9330.53 9574.29 9560.59 9496.21 9337.19 9373.33 9314.06 9295.18 9288.41 9281.83 9273.8 9258.56 9279.41 9299.73 9284.11
9297.29 9305.19 9251.23 9189.25 9159.22 9145.19 9147.12 9151.91 9169.29 9189.56 9211.54 9260.92 9321.06 9424.9 9514.82 9171.97 9089.79 8953.06 8861.53 8633.06 8384.62 8330.6 8309.05 8251.74 8239.85 8241.9 8272.86 8294.81 8309.97 8602.87 8678.01 8756.85 9006.18 8979.73 8833.3 8803.83 8815.83 9046.56 9341.75 9622.23 9502.1 9373.58 9345.14 9354.21 9284.37 9257.11 9256.61 9249.31 9251.16 9258 9274.33 9283 9272.25
9301.85 9324.41 9230.98 9194.43 9175.18 9170.05 9184.1 9195.07 9208.19 9225.81 9242.4 9297.01 9406.13 9493 9650.48 9436.01 9128.31 9016.08 8979.71 8803.16 8576.66 8491.44 8426.24 8379.11 8361.48 8358.6 8378.15 8410.83 8479.21 8741.34 8808.74 8848.12 9077.62 8997.58 8990.67 8948.54 8929.97 9132.28 9374.44 9542.2 9456.16 9371.56 9340.68 9322.48 9278.76 9251.72 9246.49 9246.75 9247.72 9251.25 9260.63 9267.47 9257.61
9316.71 9330.64 9224.81 9202.22 9203.84 9199.14 9249.68 9252.66 9250.3 9268.85 9316.91 9349.14 9395.8 9483.96 9604.76 9566.02 9274.1 9120.12 9103.26 8843.97 8650.69 8560.71 8504.12 8483.48 8499.23 8505.33 8572.99 8662.54 8748.67 8921.82 8955.83 9014.49 9120.92 9138.77 9157.56 9199.34 9244.47 9368.48 9459.7 9490.86 9459.77 9374.74 9338.76 9301.34 9269.42 9263.18 9258.87 9254.46 9243.78 9250.51 9249.23 9248.15 9232.55
9277.47 9288.25 9244.16 9205.25 9224.88 9211.98 9218.28 9258.82 9265.7 9284.11 9313.02 9337.85 9383.11 9450.99 9523.1 9566.98 9529.63 9296.01 9215.07 8970.96 8785.98 8668.35 8613.54 8584.68 8643.01 8717.05 8846.48 8871.56 8876.43 9015.74 9062.16 9110.09 9213.62 9250.13 9311.73 9420.57 9615.39 9657.35 9541.43 9456.06 9376.47 9317.7 9313.3 9298.7 9284.81 9287.63 9270.49 9247.29 9218.45 9198.81 9229.02 9225.66 9217.11
9252.37 9255.63 9226.73 9183.24 9173.22 9196.39 9261.43 9250.99 9273.55 9280.5 9281.76 9313.45 9358.36 9423.18 9496.99 9597.29 9619.46 9589.15 9516.3 9362.66 9117.25 8851.6 8777.08 8834.95 8776.77 8952.04 9015.28 9064.22 9081.26 9173.23 9176.02 9213.71 9304.8 9355.18 9415.5 9508 9614.22 9607.61 9509.04 9385.61 9252.94 9286.25 9298.36 9278.71 9257.7 9289.99 9264.93 9230.54 9183.55 9152.62 9162.58 9219.28 9205.64
9232.15 9241.51 9237.78 9214.67 9228.44 9238.52 9255.58 9302.43 9297.2 9288.67 9296.88 9313.49 9357.96 9413.7 9493.85 9600.55 9695.47 9574.24 9526.31 9615.36 9424.12 9279.97 9048.26 9020.78 9236.92 9296.58 9254.05 9207.62 9168.96 9272.97 9248.37 9298.4 9497.26 9401.64 9465.78 9524.08 9535.11 9497.31 9374.84 9278.99 9218.14 9253.94 9270.09 9260.12 9250.77 9252.33 9224.38 9187.29 9148.2 9114.9 9140.09 9196.99 9185.09
9214.3 9231.46 9242.44 9248.23 9282.65 9274.51 9288.72 9309.01 9316.04 9305.12 9307.23 9323.82 9355.09 9411.91 9447.99 9532.9 9627.89 9585.28 9542.63 9545.09 9542.86 9531.02 9413.34 9447.7 9715.96 9528.28 9377.9 9317.79 9286.97 9382.57 9321.16 9329.85 9466.58 9425.73 9487.47 9512.67 9446.71 9376.99 9280.76 9234.88 9239.36 9248.83 9252.12 9250.09 9247.78 9230.47 9194.9 9158.97 9127.49 9098.28 9120.16 9164.54 9158
