real_craters/C145-500m.grd
DSAA
187 187
-46.375 46.375
-46.375 46.375
6609.2386570332 9263.391719304
[rows 90 to 119 of 187, columns 67 to 133 of 187]
8737.35 8687.46 8616.52 8519.19 8390.31 8208.89 7987.92 7777.31 7603.17 7572.43 7516.04 7423.34 7327.73 7245.96 7193.31 7124.44 7092.9 7081.1 7084.82 7102.74 7144.87 7184.92 7244.22 7315.76 7367.98 7409.26 7450.11 7364.78 7247.62 7132.52 7052.41 6986.81 6930.74 6888.86 6863 6880.74 6917.28 6972.09 7023.42 7086.44 7152.59 7222.07 7291.53 7361.48 7434.39 7507.82 7587.82 7657.83 7744.88 7873.98 8103.1 8355.65 8491.31 8591.96 8665.32 8711.36 8736.62 8751.87 8754.92 8752.92 8743.83 8734.18 8738.99 8737.88 8727.36 8713.77 8698.92
8716.87 8690.39 8631.19 8532.7 8389.94 8201.13 7983.74 7787.54 7671.98 7584.07 7496.23 7393.55 7293.16 7202.81 7131.54 7085.96 7056.06 7041.77 7043.29 7059.91 7100.88 7154.79 7228.42 7336.83 7421.97 7476.83 7515.7 7443.27 7317.73 7189.47 7097.57 7020.87 6955.35 6898.94 6853.69 6863.36 6900.72 6955.95 7011.83 7081.25 7150.56 7218.69 7293.96 7367.88 7444.28 7520.69 7589.98 7646.88 7718.11 7833.2 8067.4 8292.4 8467.97 8577.2 8663.68 8727.41 8757.86 8766.14 8761.87 8733.54 8713.33 8708.96 8714.8 8705.14 8705.48 8701.34 8693.12
8691.42 8696.88 8658.41 8574.31 8431.85 8220.87 7980.97 7764.63 7655.42 7574.06 7466.29 7353.23 7249.11 7157.49 7081.98 7042.87 7014.95 6998.64 6994.9 7005.99 7039.07 7084.45 7168.6 7258.57 7383.2 7491.11 7534.07 7498.27 7375.64 7233.72 7140.03 7056.49 6985.53 6916.03 6857.02 6859.36 6897.32 6951.11 7013.41 7081.29 7158.59 7227.55 7299.75 7378.29 7454.49 7535.74 7602.98 7648.66 7722.51 7835.64 7984.93 8209.16 8423.97 8562.41 8676.61 8769.86 8813.3 8817.68 8791.87 8736.9 8698.3 8681.73 8673.29 8680.12 8684.11 8686.89 8683.84
8686.07 8711.15 8695.31 8631.27 8499.5 8257.63 7981.2 7717.49 7592.41 7517.14 7418.68 7307.75 7205.71 7124.2 7056.22 7000.53 6968.62 6949.41 6943.23 6950.82 6974.35 7014.59 7100.57 7213.03 7350.52 7501.52 7618.92 7607.2 7450.85 7287.15 7187.06 7090.17 7003.41 6937.88 6881.22 6875.73 6908.8 6955.02 7017.04 7083.3 7154.79 7227.98 7301.91 7375.29 7461.2 7553.49 7610.85 7645.3 7714.66 7810.58 7906.54 8113.33 8368.87 8553.47 8703.41 8831.71 8937.96 8921.89 8841.37 8766.05 8704.34 8668.02 8650.07 8652.82 8667.17 8672.63 8676.44
8705.53 8738.93 8739.48 8695.43 8558.73 8298.4 7996.94 7712.74 7551.01 7447.9 7359.15 7253.51 7151.52 7059.64 6997.19 6953.21 6924.21 6902.85 6890.85 6889.59 6913.81 6954.02 7025.31 7129.04 7296.49 7482.97 7660.96 7696.06 7530.93 7364.62 7239.75 7133.13 7035.64 6970.44 6912.4 6900.51 6924.81 6970.52 7023.7 7089.42 7157.89 7230.39 7302.16 7377.8 7456.61 7534.61 7594.64 7629.97 7690.35 7769.64 7899.17 8107.31 8369.85 8573.13 8734.59 8867.62 8965.3 8958.77 8869.74 8770.02 8720.6 8678.6 8644.86 8650.8 8663.78 8665.75 8666.24
8719.84 8764.08 8783.35 8753.58 8617.11 8335.54 8020.03 7724.16 7502.22 7389.17 7307.73 7211.02 7108.1 7011.05 6951.79 6920.49 6887.02 6861.57 6842.51 6833.46 6842.63 6874.55 6940.39 7043.07 7209.74 7399.44 7583.51 7657.92 7536.72 7395.18 7264.48 7165.68 7086.13 7002.41 6942.51 6930.09 6944.65 6983.53 7038.25 7099.85 7165.11 7237.77 7302.51 7373.68 7445.58 7511.31 7569.08 7617.07 7680.87 7750.37 7933.02 8202.91 8445.47 8633.13 8765.12 8865.87 8934.72 8936.04 8885.84 8804.21 8745.75 8693.17 8650.78 8652.06 8662.18 8658.31 8648.61
8711.56 8776.23 8812.89 8793.69 8644 8359.7 8034.95 7726.53 7496.03 7354.14 7273.59 7183.15 7091.14 7001.06 6942.13 6901.42 6864.6 6830 6799.49 6776.33 6767.62 6788.78 6847.94 6943.21 7096.55 7260.66 7400.59 7462.56 7436.94 7343.3 7234.03 7145.06 7072.42 7006.86 6954.8 6938.17 6959.99 6995.95 7052.33 7113.58 7182.25 7248.15 7314.77 7384.7 7445.79 7507.84 7563.63 7627.4 7710.7 7812.29 8011.45 8305.29 8586.38 8728.79 8805.26 8847.41 8871.44 8896.54 8898.63 8863.89 8760.75 8676.72 8642.27 8637.17 8646.13 8647.04 8636.92
8692.11 8787.16 8846.18 8829.87 8666.27 8376.05 8043.67 7716.93 7464.73 7348.12 7256.58 7175.79 7097.71 7024.81 6951.48 6892.39 6845.18 6801.42 6761.66 6739.76 6714.57 6720.48 6757.2 6839.74 6973.92 7109.97 7216.51 7272.9 7279.67 7230.69 7154.85 7087.43 7030.44 6986.31 6950.63 6945.25 6969.58 7007.39 7063.89 7126.23 7190.89 7263.55 7336.27 7403.11 7466.47 7529.65 7586.37 7687.54 7784.14 7915.73 8127.56 8422.25 8723.85 8828.37 8850.45 8838.88 8817.18 8855.47 8874.67 8843.97 8748.59 8655.7 8633.02 8636.91 8650.7 8639.46 8622.97
8679.1 8800.51 8878.07 8859.97 8686.78 8393.03 8055.09 7721.21 7462.14 7341.71 7251.03 7176.8 7110.88 7038.25 6964.64 6894.45 6833.79 6782.98 6736.04 6700.76 6673.56 6662.77 6681.6 6750.49 6864.59 6973.81 7057.93 7104.95 7122.53 7103.19 7053.55 6998.32 6966.21 6951.24 6937.83 6946.86 6980.48 7016.97 7069.59 7139.4 7209.6 7285.04 7359.28 7435.56 7507.6 7583.77 7669.36 7781.48 7897.24 8046.62 8265.62 8542.26 8809.52 8909.88 8894.14 8855.39 8828.55 8825.6 8831.04 8801.03 8726.9 8651.87 8639.23 8651.78 8674.19 8622.27 8600.15
8693.91 8821.87 8914.86 8922.56 8716.95 8409.46 8068.26 7727.86 7474.17 7346.38 7241.7 7175.6 7121.82 7070.24 6965.54 6891.37 6825.43 6774.05 6723.94 6677.74 6609.24 6623.07 6633.15 6691.92 6784.72 6870.79 6935.85 6975.63 7016.95 6996.41 6955.23 6915.37 6904.57 6912.12 6929.28 6953.94 6990.95 7026.76 7090.26 7157.31 7231.29 7307.7 7389.68 7472.15 7560.77 7661.14 7767.77 7904.34 8032.63 8198.45 8414.33 8714.94 8963.05 8988.49 8920.65 8843.16 8795.77 8783.59 8777.97 8755.03 8712.09 8667.01 8663.17 8672.33 8587.51 8568.22 8563.14
8717 8829.86 8926.75 8935.92 8722.89 8420.42 8080.54 7747.81 7507.98 7366.26 7255.99 7162.36 7093.36 7027.29 6943.17 6874.43 6822.05 6773.86 6731.95 6702.79 6664.86 6643.64 6648.54 6682.89 6741.69 6801.22 6859.66 6901.85 6939.2 6905.7 6870.58 6850.74 6854.24 6877.6 6907.32 6937.57 6984.67 7031.05 7097.6 7168.86 7248.71 7332.46 7421.07 7516.18 7620.69 7745.89 7902.61 8035.06 8170.48 8356.03 8561.08 8863.03 9072.49 9044.06 8924.05 8799.2 8734.28 8726.32 8734.97 8717.42 8696.41 8690.72 8677.04 8642.15 8531.32 8519.61 8528.72
8699.04 8814.55 8901.29 8889.41 8705.15 8433.37 8116.13 7787.59 7555.09 7393.76 7260.16 7142.88 7039.02 6963.15 6908.71 6863.48 6821.68 6783.13 6750.2 6736.22 6707.51 6678.27 6681.55 6693.65 6724.8 6761.38 6804.62 6834.46 6848.82 6819.08 6792.81 6784.63 6811.89 6849.93 6886.94 6908.51 6966.12 7039.39 7120.03 7205.07 7290.49 7381.17 7471.93 7569.9 7679.55 7804.16 7954.69 8113.92 8286.09 8501.49 8712.35 9021.95 9198.97 9059.22 8892.58 8759.38 8687.77 8660.85 8645.24 8653.37 8661.43 8666.23 8649.22 8593.96 8524.77 8504.3 8509.97
8653.27 8779.07 8855.57 8837.59 8691.72 8458.31 8177.35 7853.52 7618.91 7446.41 7282.56 7137.34 7014.44 6937.12 6892.34 6862.55 6831.37 6799.53 6768.66 6751.41 6722.37 6692.94 6684.26 6698.38 6721.31 6743.57 6767.83 6764.91 6763.39 6753.88 6736.37 6734.28 6787.26 6839.7 6885.56 6914.52 6979.21 7059.47 7154.06 7249.81 7347.01 7443.44 7536.61 7637.38 7747.05 7859.38 7979.67 8151.48 8383.12 8634.88 8869.51 9140.19 9082.96 8957.35 8820.2 8699.69 8636.65 8607.37 8590.09 8600.28 8619.61 8634.22 8618.54 8552.76 8508.04 8499.21 8501.91
8629.11 8752.45 8836.05 8819.77 8702.15 8503.96 8243.79 7938.17 7707.3 7504.61 7329.88 7155.87 7008.34 6935.72 6900.52 6878.53 6853.84 6826.28 6805.76 6755 6721.03 6703.51 6694.02 6712.82 6736.19 6751.14 6765.4 6750.84 6741.08 6737.56 6728.03 6744 6802.08 6859.26 6908.49 6941.3 7006.07 7089.04 7193.98 7297.89 7403.16 7506.28 7608.88 7711.03 7820.91 7927.85 8050.93 8227.26 8471.75 8746.08 9015.83 9123.6 8951.17 8848.42 8748.9 8643.95 8602.52 8578.28 8561.92 8569.1 8581.79 8588.09 8568.9 8524.36 8491.55 8492.96 8498.66
8603.09 8730.32 8832.39 8835.62 8740.14 8580.64 8350.2 8045.75 7815.39 7601.41 7407.64 7211.61 7042.59 6972.75 6938.79 6917.6 6892.62 6868.53 6855.35 6822.24 6777.21 6741.6 6725.21 6752.76 6776.49 6792.7 6800.21 6789.95 6777 6779.03 6770 6793.15 6857.92 6911.31 6953.64 6969.77 7021.37 7128.11 7242.51 7361.02 7474.79 7583.33 7688.58 7794.57 7904.34 8014.7 8151.41 8336.55 8538.29 8776.55 8993.15 9010.16 8809.97 8754.23 8712.38 8654.97 8605.16 8572.03 8555.93 8551.58 8552.77 8546.76 8528.59 8510.68 8500.23 8500.36 8505.45
8557.67 8696.92 8830.97 8841.83 8782.82 8675.27 8479.66 8177.54 7949.55 7738.86 7523.86 7316.46 7137.03 7061.35 7021.81 6989.1 6960.76 6935.59 6923.48 6895.83 6855.3 6819.04 6809.71 6828.12 6847.53 6861.35 6865.96 6866.48 6856.59 6874.92 6905.65 6924.29 6955.71 6993.13 7027.64 7042.41 7095.44 7200.67 7321.15 7441.19 7552.15 7671.83 7781.45 7891.2 7988.48 8110.7 8234.92 8374.64 8589.21 8763.94 8877.17 8862.63 8785.32 8749.83 8697.73 8664.8 8614.67 8576.04 8547.94 8544.42 8539.14 8529.34 8512.35 8509.57 8510.95 8513.65 8516.15
8511.78 8625.23 8752.67 8806.56 8809.4 8769.93 8605.06 8334.34 8108.32 7891.64 7674.84 7470.89 7305.82 7202.04 7138.37 7088.31 7050.39 7013.61 6995.3 6962.17 6941.07 6909.74 6910.21 6934.77 6948.97 6952.21 6949.22 6951.79 6959.18 6984.48 7029.91 7050.45 7066.76 7096.28 7129.77 7145.75 7193.48 7301.38 7425.68 7540.38 7647.81 7763.94 7877.41 7993.86 8107.55 8219.31 8349.77 8505.57 8690.84 8836.79 8853.22 8803.31 8775.98 8695.15 8667.21 8637.98 8615.58 8592.66 8569.58 8548.46 8537.23 8528.11 8522.64 8516.83 8516.06 8521.4 8522.62
8461.34 8533.26 8602.32 8734.18 8814.09 8845.29 8768.01 8523.01 8279.69 8062.04 7847.28 7649.28 7489.4 7373.46 7288.21 7218.84 7156.38 7107.07 7081.52 7056.88 7063.66 7064.95 7067.25 7075.07 7073.12 7063.65 7043.26 7032.39 7060.84 7082.43 7097.03 7136.64 7172.16 7206.65 7245.58 7272.2 7343.88 7429.22 7535.01 7649.27 7757.34 7870.2 7977.71 8085.03 8198.73 8327.7 8462.56 8621.22 8794.72 8949.82 8891.54 8797.08 8699.81 8661.06 8659.62 8639.25 8612.96 8589.67 8568.84 8551.85 8539.48 8531.29 8525 8521.94 8522.83 8525.76 8527.06
8431.78 8495.54 8581.55 8701.55 8808.82 8863.85 8824.01 8643.63 8424.33 8225.82 8025.9 7831.81 7674.67 7556.33 7455.43 7367.36 7284.52 7218.83 7178.41 7167.85 7215.06 7278.28 7266 7234.11 7208.87 7189.26 7176.2 7165.94 7170.97 7191.89 7209.28 7246.01 7284.11 7324.55 7371.37 7423 7458.37 7549.87 7655.91 7756.29 7864.13 7974.13 8066.17 8185.44 8308.63 8430.1 8560.19 8665.9 8843.66 8965.97 8885.99 8765.97 8676.87 8649.37 8669.61 8644.41 8607.33 8576.4 8560.65 8551.08 8542.46 8536.25 8532.92 8529.93 8526.29 8532.65 8532.56
8443.58 8490.39 8563.01 8682.65 8798.14 8872.8 8811.78 8691.3 8536.73 8382.69 8215.27 8032.71 7883.11 7761.74 7647.01 7534.9 7430.8 7344.86 7275.03 7267.46 7351.08 7445.4 7425.4 7383.51 7344.72 7313.25 7301.55 7295.22 7270.61 7294.38 7355.07 7364.41 7396.41 7443.7 7497.98 7561.84 7627.7 7717.84 7783.83 7870.44 7970.62 8074.92 8182.79 8278.62 8397.88 8522.35 8664.39 8807.88 8900.01 8900.02 8827.37 8744 8654.54 8668.62 8640.28 8616.05 8597.33 8574.42 8561.13 8552.81 8545.65 8540.37 8537.9 8536.87 8535.62 8540.35 8533.46
8446.18 8486.68 8550.36 8653.98 8770.2 8868.34 8816.27 8729.35 8628.15 8531.26 8414.89 8284.67 8136.72 7996.37 7860.64 7731.81 7609.68 7486.66 7394.14 7389.79 7479.28 7541.48 7549.34 7514.16 7468.32 7420.54 7378.77 7360.95 7354.14 7366.19 7408.99 7454.98 7502.21 7558.02 7619.19 7687.03 7740.77 7822.8 7900.71 7985.18 8070.19 8154.91 8252 8356.66 8466.45 8582.59 8719.35 8856.99 8868.37 8781.19 8737.83 8672.97 8638.55 8633.57 8608.99 8597.62 8591.4 8582.91 8566.49 8555.62 8547.14 8541.27 8538.99 8539.9 8533.84 8527.34 8525.14
8421.41 8450.04 8512.38 8603.86 8697.75 8781.75 8790.75 8738.53 8702.44 8659.82 8602.51 8505.17 8376.89 8225.84 8076.52 7926.52 7784.8 7662.8 7536.09 7533.5 7627.11 7706.1 7675.97 7638.92 7593.74 7537.07 7465.81 7451.68 7458.97 7455.85 7479.85 7542.49 7609.05 7674.53 7739.36 7802.66 7843.84 7936.92 7995.06 8084.14 8161.65 8245.35 8334.52 8424.43 8516.12 8608.62 8703.76 8783.84 8760.54 8684.69 8664.67 8637.2 8620.53 8606.52 8610.07 8597.36 8588.2 8580.43 8566.35 8555.26 8546.92 8539.48 8531.21 8522.06 8530.09 8530.47 8522.86
8402.07 8420.47 8472.69 8544.19 8603.39 8632.97 8666.25 8707.99 8730.17 8753.14 8770.61 8735.97 8599.7 8433.63 8278.12 8127.52 7992.6 7850.5 7716.03 7694.15 7741.13 7792.33 7781.94 7760.73 7732.86 7693.5 7631.57 7609.96 7603.4 7589.31 7590.64 7645.04 7716.74 7787.29 7854.33 7912.66 7933.23 7968.26 8088.87 8188.29 8261.45 8341.76 8412.71 8483.86 8552.12 8615.65 8664.95 8694.1 8666.45 8638.82 8618.6 8600.87 8595.57 8602.84 8605.67 8597.11 8583.21 8573.38 8564.31 8556.43 8548.73 8541.42 8533.87 8528.17 8529.94 8530.01 8532.32
8392.06 8393.59 8448.37 8499.94 8541.13 8565.01 8604.64 8674.76 8733.91 8791.9 8863.17 8946.22 8752.55 8595.09 8451.92 8316.76 8196.81 8069.17 7948.55 7893.44 7857.21 7855.75 7888.72 7888.69 7875.4 7866.21 7883.89 7798.91 7748.54 7720.44 7704.96 7758.92 7843.07 7920.81 7991.73 8049.47 8071.83 8135.48 8214.59 8306.8 8371.01 8435.4 8491.62 8530.72 8575.5 8612.28 8635.44 8641.43 8622.31 8607.74 8591.31 8583.97 8599.85 8628.64 8620.7 8594.79 8575.76 8562.53 8559.68 8554.39 8548.56 8543.29 8539.83 8539.08 8532.17 8527.45 8538.05
8399.62 8428.25 8443.69 8473.28 8505.9 8543.53 8584.96 8649.75 8716.47 8766.6 8808.57 8818.23 8768.8 8668.8 8572.46 8484.76 8401.09 8312.55 8212.03 8140.03 8072.03 8041.35 8039.94 8030.7 8013.55 7994.63 7963.13 7924.81 7860.36 7789.48 7804.53 7884.68 7977.24 8062.53 8140.1 8205.71 8235.25 8268.51 8353.68 8436.45 8480.9 8520.49 8553.02 8584.15 8606.7 8617.39 8621.05 8616.31 8605.9 8579.55 8566.45 8564.39 8579.67 8624.7 8605.3 8587.33 8574.15 8563.48 8558.55 8553.48 8548.64 8544.65 8541.99 8540.61 8532.79 8525.03 8527.04
8387.3 8410.18 8431.27 8454.88 8475.76 8509.23 8559.37 8619.08 8671.52 8712.9 8746.23 8745.26 8743.26 8706.1 8658.18 8622.51 8597.1 8571.7 8511.21 8418.92 8312.53 8255.81 8221.81 8186.47 8147.28 8112.73 8088.53 8050.87 7999.15 7927.99 7953.86 8043.26 8132.8 8216.15 8294.41 8369.43 8436.56 8478.72 8535.04 8584.75 8594.75 8603.16 8610.19 8616.18 8616.59 8615.83 8608.34 8588.25 8564.48 8553.12 8550.91 8552.31 8565.71 8589.38 8596.18 8585.72 8580.26 8569.39 8558.57 8551.67 8548.06 8544.84 8542.03 8537.58 8532.57 8526.6 8515.97
8361.31 8380.84 8414.12 8444.18 8473.03 8492.94 8527.07 8578.83 8605.8 8657.39 8714.54 8738.54 8722.52 8711.6 8707.82 8717.27 8748.19 8809.59 8815.25 8691.14 8565.21 8480.44 8410.92 8352.26 8292.8 8230.58 8196.96 8210.67 8199.22 8159.09 8161.62 8231.01 8299.92 8368.67 8441.49 8522.53 8615.19 8709.07 8744.29 8706.7 8677.55 8651.03 8633.18 8621.18 8611.76 8603.13 8592.06 8575.59 8556.72 8545.62 8543.81 8544.95 8553.48 8581.01 8580.92 8578.9 8571.96 8563.53 8555.75 8551.03 8547.3 8544.51 8541.86 8539.39 8534.72 8527.17 8516.73
8342.39 8362.24 8396.45 8434.76 8463.16 8463.32 8496.37 8535.61 8547.34 8583.51 8631.16 8656.17 8670.45 8688.09 8710.44 8743.71 8799.35 8888.32 8932.94 8859.64 8811.32 8678.77 8574.36 8507.24 8456.71 8399.33 8379.15 8420.83 8447.45 8436.22 8413.56 8448.32 8481.33 8521.26 8574.45 8642 8735.26 8849.74 8881.55 8790.6 8733.97 8688.81 8656.19 8632.57 8614.69 8595.71 8583.78 8569.46 8558.75 8548.49 8538.39 8538.34 8544.18 8570.61 8581.84 8567.78 8554.33 8550.33 8548.18 8546.22 8544.21 8542.5 8540.95 8538.54 8533.71 8528.24 8517.47
8324.88 8339.96 8374.93 8423.15 8471.48 8465.97 8473.38 8494.32 8493 8497.39 8499.43 8548.91 8598.66 8636.36 8672.46 8713.68 8759.08 8790.24 8822.56 8856.43 8871.75 8756.38 8674.53 8635.53 8631.65 8634.94 8631.53 8649.4 8688.91 8717.56 8687.79 8664.05 8639.97 8639.53 8664.58 8713.37 8772.98 8816.42 8810.44 8766.34 8744.42 8698.89 8662.5 8634.38 8612.56 8595.26 8581.09 8568.96 8547.12 8527.08 8530.55 8534.65 8540.65 8549.12 8560.94 8557.46 8542.26 8541.51 8542.7 8542.7 8542.09 8541.25 8540.05 8537.76 8532.47 8524.67 8514.27
8323.24 8326.93 8351.57 8397.03 8436.88 8446.95 8446.6 8453.7 8447.92 8441.9 8443.22 8478.2 8533.41 8577.97 8617.08 8649.6 8680.6 8719.39 8722.83 8716.54 8713.33 8699.67 8683.17 8698.89 8766.33 8882.15 8859.15 8820.88 8850.72 8915.69 8970.35 8828.79 8744.86 8711.16 8707.54 8728.25 8758.46 8780.17 8788.88 8741.01 8725.85 8689.7 8657.68 8630.96 8608.48 8589.3 8573.34 8561.27 8541.06 8525.01 8528.28 8534.99 8542.43 8547.62 8559.15 8558.99 8542.33 8539.6 8539.22 8539.41 8539.03 8538.34 8537.63 8537.99 8541.25 8521.86 8509.12
