real_craters/C145-500m.grd
DSAA
187 187
-46.375 46.375
-46.375 46.375
6609.2386570332 9263.391719304
[rows 0 to 29 of 187, columns 67 to 133 of 187]
7792.64 7794.44 7797.66 7801.93 7797.01 7791.33 7782.32 7755.41 7725.12 7757.46 7800.94 7798.38 7784.55 7773.02 7764.23 7776.16 7802.02 7820.9 7818.27 7802.05 7772.4 7776.88 7764.72 7736.6 7707.9 7687.64 7678.77 7688.18 7715.08 7746.25 7775.73 7803.45 7832.01 7882.81 7903.16 7873.37 7904.39 7943.64 7922.08 7857.84 7855.55 7904.08 7980.81 8064.47 8141.98 8248.46 8339.15 8424.51 8501.91 8501.66 8468.14 8508.51 8557.79 8612.44 8674.15 8729.1 8787.07 8860.13 8920.98 8991.42 9066.79 9145.44 9214.28 9224.12 9157.4 9079.83 9009.53
7858.36 7862.29 7866.85 7875.37 7871.97 7872.64 7870.63 7858.24 7849.72 7859.68 7873.2 7856.45 7851.13 7847.95 7847.32 7861.15 7877.86 7893.73 7903.84 7896.46 7882.78 7881.83 7850.06 7822.89 7810.82 7797.03 7787.73 7806.26 7830.7 7858.56 7885.13 7908.45 7925.95 7947.71 7988.23 8023.14 8052.8 8057.52 8039.24 7984.77 7954.09 7998.48 8084.54 8164.65 8238.1 8329.98 8412.74 8486.1 8543.99 8552.16 8528.85 8604.84 8668.28 8710.66 8753.67 8794.67 8841.89 8895.11 8950.36 9005.33 9062.22 9121.23 9175.68 9169.09 9101.77 9025.73 8949.66
7927.73 7929.12 7935.99 7946.44 7942.73 7950.45 7953.08 7955.83 7957.41 7959.82 7947.71 7924.13 7922.26 7927.73 7940.82 7962.1 7993.87 8004.65 8006.4 8006.23 7995.2 7988.44 7962.54 7939.87 7928.67 7921.16 7920.93 7936.68 7959.44 7982.25 8006.05 8026.52 8045.76 8054.32 8088.85 8166 8213.98 8242.06 8183.67 8175.66 8136.44 8158.64 8229.81 8303.44 8372.63 8431.75 8488.97 8537.26 8571.98 8588.3 8601.38 8723.35 8770.18 8791.46 8815.79 8845.85 8880.69 8917.18 8955.67 8993.43 9029.86 9059.8 9077.24 9072.57 9030.01 8973.37 8915.57
8009.84 8007.17 8000.16 8010.03 8052.2 8028.26 8031.34 8041.39 8046.56 8044.9 8041.17 7996.25 7997.91 8011.67 8030.18 8055.83 8090.11 8103.26 8106.61 8119.76 8146.13 8123.09 8092.02 8068.68 8055.61 8059.75 8065.39 8081.67 8099.95 8119.7 8137.98 8155.94 8174.79 8177.72 8203.35 8291.82 8367.88 8428.62 8375.17 8391.31 8383.91 8369.29 8402.74 8450.07 8497.28 8535.63 8568.34 8591.7 8600.45 8613.66 8654.08 8755.25 8824.29 8847.23 8866.66 8883.58 8905.96 8929.63 8952.63 8973.79 8989.14 8992.73 8976.38 8979.48 8963.45 8931.52 8896.07
8104.48 8094.3 8066.46 8027.75 7990.77 8088.45 8117.01 8117.39 8114.41 8106.39 8081.92 8067.74 8082.07 8102.38 8123.47 8145.34 8185.74 8199.98 8200.02 8199.79 8236.25 8259.06 8213.23 8171.46 8180.72 8200.44 8229.6 8228.44 8245.25 8264.5 8280.37 8289.98 8290.58 8304.79 8336.42 8420.38 8507.75 8564.86 8563.03 8600.32 8580.3 8563.42 8578.72 8600.72 8622.94 8641.15 8650.74 8657.11 8654.36 8660.74 8713.75 8787.5 8852.42 8877.94 8895.94 8904.52 8918.9 8932.01 8942.34 8951.13 8954 8948.07 8931.47 8929.23 8917.37 8899.86 8879.3
8200.27 8187.63 8158.69 8121.03 8105.02 8194.21 8202.08 8185.4 8177.27 8170.51 8153.55 8153.09 8178.73 8206.13 8229.83 8256.05 8288.89 8301.3 8301.1 8282.13 8305.65 8361.59 8345.51 8320.16 8323.9 8316.28 8329.59 8365.35 8390.26 8412.89 8434.82 8449.13 8451.74 8478.11 8514.68 8587.32 8655.29 8703.54 8718.35 8743.56 8736.81 8726.66 8743.84 8771.92 8766.34 8746.79 8734 8730.27 8734 8743.48 8789.32 8840.89 8885.43 8895.69 8899.78 8906.48 8916.52 8923.29 8929.13 8929.98 8925.72 8915.64 8904 8897.42 8887.29 8876.39 8862.79
8288.71 8286.39 8276.36 8263.35 8270.11 8295.19 8260.15 8223.85 8225.47 8246.04 8240.01 8255.17 8290.03 8322.66 8347.31 8359.26 8383.1 8413.9 8428.26 8431.01 8436.99 8474.75 8495.64 8506.29 8507.36 8485.06 8488.48 8514.18 8535.75 8560.87 8594.43 8630.74 8657.31 8683.7 8721.83 8770.58 8800.3 8838.73 8859.74 8876.12 8870.76 8845.04 8865.08 8918.66 8878.12 8829.79 8802.35 8796.37 8811.61 8853.43 8860.48 8881.46 8896.34 8895.83 8897.75 8899.18 8901.81 8907.02 8908.65 8907.07 8900.76 8890.18 8878.51 8874.06 8866.41 8859.59 8851
8379.15 8395.59 8405.49 8397.3 8366.39 8321.66 8290.14 8254.43 8275.83 8320.09 8343.4 8377.86 8416.08 8451.06 8484.4 8510.55 8524.11 8542.83 8566.58 8603.52 8632.51 8622.97 8644.8 8682.18 8702.22 8696.55 8680.44 8669.32 8672.55 8692.43 8731.92 8797.8 8866.67 8864.35 8901.22 8908.34 8912.77 8935.23 8944.9 8892.01 8866.23 8887.64 8907.82 8931.28 8908.82 8869.46 8841.41 8834.78 8846.16 8866.72 8872.65 8875.04 8877.69 8878.46 8878.11 8880.95 8885.76 8886.74 8887.82 8886.32 8881.75 8872.81 8866.92 8857.93 8853.3 8848.26 8842.9
8465.64 8499.16 8525.31 8532.01 8475.18 8380.1 8343.61 8309.6 8353.22 8412.09 8478.89 8516.22 8544.75 8577.56 8615.71 8657.77 8667.87 8660.69 8674.82 8703.47 8698.06 8722.17 8758.57 8809.35 8854.04 8904.42 8846.51 8796.02 8778.21 8788.34 8823.11 8884.14 8942.83 8949.61 8963.76 8968.01 8969.33 8977.19 8963.59 8869.12 8849.06 8879.32 8904.78 8918.33 8902.37 8877.65 8854.98 8844.84 8846.51 8854.94 8861.08 8855.01 8855.57 8860.08 8861.03 8865.1 8867.4 8869.19 8872.62 8871.8 8868.53 8862.51 8857.66 8850.09 8846.35 8843.21 8840.67
8541.22 8582.16 8627.79 8657.68 8606.48 8516.49 8456.45 8414.75 8461.38 8560.12 8646.08 8646.96 8655.64 8676.36 8711.06 8752.51 8743.66 8743.04 8738.16 8743.21 8750.12 8792.24 8836.13 8873.21 8915.25 8950.31 8911.41 8862.25 8839.96 8843.1 8866.1 8901.05 8939.98 8970.23 8980.28 8993.47 8983.27 8969.39 8936.62 8864.66 8850.02 8857.61 8883.77 8901.32 8885.01 8866.9 8849.36 8834.64 8824.28 8823.31 8820.63 8836.38 8838.78 8841.6 8848.56 8851.86 8849.1 8854.07 8856.96 8858.37 8858.53 8858.07 8855.52 8845.32 8842.05 8841.2 8842.38
8605.51 8651.58 8705.61 8753.82 8746.73 8680.26 8592.16 8548.04 8556.31 8610.24 8727.6 8727.89 8723.61 8736.61 8764.24 8810.66 8826.01 8801.6 8779.45 8764.28 8810.36 8850.73 8888.36 8931.9 8956.26 8928.33 8902.56 8875.13 8865.84 8868.66 8885.39 8906.07 8942.86 8982.66 9004.49 8999.58 8972.34 8939.18 8892.63 8862.61 8841.59 8839.04 8848.07 8857.83 8855.91 8846.77 8835.16 8818.18 8795.66 8749.83 8736.28 8805.35 8823.6 8828.56 8832.14 8837.87 8843.97 8846.78 8849.03 8851.1 8850.3 8851.67 8851.12 8841.47 8838.84 8840.22 8843.74
8642.44 8687.12 8737.05 8774.27 8803.2 8757.36 8679.85 8639.39 8627.54 8664.12 8758.06 8759.85 8752.17 8755.37 8770.43 8801.65 8845.61 8816.61 8808.55 8843.2 8883.3 8881.49 8899.75 8933.68 8945.34 8876.73 8856.13 8853.65 8860.81 8875.74 8895.66 8914.65 8960.38 9008.3 9017.62 8999.52 8942.17 8906.71 8880.25 8855.95 8831.9 8822.02 8816.76 8819.88 8826.21 8824.91 8817.1 8804.4 8790.34 8782.04 8806.41 8803.99 8814.68 8817.43 8821.32 8825.75 8833.08 8837.3 8838.38 8839.13 8843.48 8848.19 8845.95 8837.04 8835.71 8837.32 8839.68
8649.47 8683.76 8728.83 8795.71 8767.28 8731.36 8684.58 8658.76 8662.24 8719.45 8760.71 8752.56 8744.82 8741.63 8745.41 8750.62 8770.36 8772.98 8783.07 8827.31 8867.88 8859.52 8858.32 8860.67 8831.04 8776.91 8795.18 8815.36 8837.57 8866.69 8902.48 8943.25 8988.04 9041.88 9027.56 8926.37 8885.34 8865.78 8851.45 8833.64 8832.88 8823.06 8803.45 8802.55 8807.67 8808.45 8803.05 8796.25 8791.27 8795.87 8798.37 8797.16 8796.02 8803.23 8808.96 8816 8820.31 8825.36 8829.8 8832.43 8835.81 8839.11 8838.31 8833.35 8832.97 8834.38 8836.98
8637.03 8654.15 8666 8660.56 8656.92 8662.77 8648.23 8641.29 8650.69 8671.08 8707.71 8716.8 8719.91 8715.16 8709.59 8704.85 8699.37 8710.85 8727.54 8760.83 8792.83 8798.73 8791.36 8770.09 8725.19 8719.48 8742.46 8770.77 8801.93 8838.1 8888.18 8955.43 8980.82 9012.54 8967.98 8841.92 8828.2 8828.12 8823.96 8820.21 8829.65 8824 8814.11 8807.01 8803.29 8800.57 8796.3 8792.05 8788.93 8788.75 8788.85 8788.78 8786.12 8791.78 8799.02 8808.22 8817.29 8823.42 8826.69 8827.87 8827.9 8826.66 8829.68 8828.78 8828.32 8828.31 8828.95
8613.94 8625.19 8624.96 8620.51 8628.68 8627.96 8630.61 8631.41 8639.05 8650.85 8668.22 8682.71 8686.78 8683.26 8673.21 8663.22 8654.66 8660.54 8670.65 8695.48 8721.27 8731.09 8725.72 8706.66 8683.44 8682.5 8702.11 8729.43 8759.66 8790.88 8828.57 8879.45 8900.56 8913.17 8880.71 8814.77 8799.72 8801.38 8806.6 8816.84 8811.13 8814.41 8820.42 8813.35 8804.53 8798.64 8792.95 8788.27 8783.23 8781.8 8782.7 8786.83 8793.76 8785.95 8795.25 8807.44 8816.91 8824.06 8827.41 8827.52 8824.04 8821.34 8824.86 8824.19 8822.43 8820.2 8819.23
8598.25 8602.01 8605.34 8603.59 8600.41 8605.13 8605.72 8618.74 8633.61 8628.17 8641.52 8653.79 8659.42 8656.12 8648.76 8645.18 8640.15 8639.87 8631.57 8634.86 8658.98 8671.51 8670.24 8658.65 8647.03 8655.44 8675.13 8698.64 8721.87 8741.52 8751.73 8758.03 8794.75 8795.83 8798.38 8794.16 8782.51 8781.58 8790.25 8799.77 8816.96 8820.05 8820.91 8812.53 8804.54 8798.06 8791.24 8785.77 8780.99 8776.36 8770.51 8782.22 8794.96 8780.17 8794.9 8809.62 8820.07 8827.91 8832.19 8832.34 8828.51 8824.63 8826.29 8823.11 8818.7 8813.03 8810.17
8579.87 8583.42 8584.59 8584.64 8587.18 8594.61 8601.7 8611.72 8622.11 8625.99 8631.19 8637.22 8639.88 8638.83 8635.25 8644.49 8684.96 8676.28 8615.43 8612.84 8625.29 8632.15 8631.87 8625.86 8625.58 8645.99 8659.29 8676.87 8693.55 8707.2 8708.14 8712.58 8733.06 8743.14 8750.13 8753.86 8755.52 8762.13 8769.35 8783.18 8825.58 8826.09 8820.08 8812.44 8805.27 8797.17 8790.26 8783.4 8777.05 8773.48 8776.12 8783.01 8786.7 8789.13 8807.94 8818.9 8826.24 8832.51 8837.41 8840.99 8842.11 8839.61 8833.17 8826.01 8817.23 8807.31 8798.3
8565.83 8564.89 8567.82 8576.35 8585.16 8590.27 8597.46 8605.7 8617.62 8629.22 8627 8627.73 8628.76 8628.84 8630.43 8632.91 8628.53 8611.57 8607.1 8608.22 8609.93 8609.9 8608.52 8606.19 8607.86 8627.21 8649.93 8666.43 8680.14 8689.2 8691.62 8694.56 8705.98 8714.7 8720.58 8726.63 8735.81 8747.69 8765.11 8795.54 8821.78 8828.88 8824.41 8811.82 8804.11 8796.27 8787.25 8781.6 8774.88 8769.98 8768.73 8777.72 8797.97 8821.58 8829.52 8829.26 8830.43 8833.19 8839.78 8847.34 8853.4 8850.38 8838.62 8826.91 8818.88 8807.75 8795.32
8548.44 8552.61 8559.1 8574.36 8584.46 8584.81 8588.76 8597.3 8607.96 8616.95 8620.48 8620.86 8620.5 8619.65 8618.97 8615.1 8606.42 8600.24 8600.06 8600.43 8600.33 8601.34 8599.93 8597.75 8605.17 8625.09 8641.38 8656.78 8669.07 8680.04 8692.18 8695.23 8694.01 8695.99 8700.51 8705.85 8717.17 8738.83 8763 8809.29 8836.48 8827.42 8819.81 8812.01 8804.89 8795.29 8787.42 8779.51 8771.95 8766.99 8766.05 8778.19 8807.45 8840.94 8838.08 8830.32 8826.28 8827.61 8834.54 8846.58 8860.08 8853.7 8838.33 8828.17 8820.44 8815.1 8808.49
8540.04 8546 8551.27 8563.78 8574.19 8575.67 8576.88 8584.98 8598.41 8609.01 8612.41 8613.7 8613.37 8610.65 8604.29 8602.27 8597.27 8594.39 8599.38 8599.24 8597.91 8597.42 8596.72 8597.02 8604.87 8621.1 8637.3 8650.38 8661.45 8671.43 8679.17 8683.4 8683.81 8684.31 8684.5 8687.9 8702.09 8733.91 8769.71 8816.34 8834.84 8832.59 8824.27 8816.8 8806.18 8796.73 8785.29 8776.86 8768.73 8762.68 8762.75 8772.18 8796.11 8818.05 8822.14 8816.28 8812.09 8812.15 8818.51 8830.84 8846.8 8840.85 8828.48 8821.87 8820.71 8820.49 8820.5
8536.14 8543.47 8549.21 8564.14 8569.62 8569.8 8569.8 8573.31 8584.32 8597.72 8603.37 8606.35 8608.16 8607.91 8602.93 8597.77 8591.63 8588.19 8591.48 8592.83 8593.95 8595.99 8598.79 8603.07 8612.87 8627.06 8638.48 8647.41 8655.27 8662.6 8668.88 8670.5 8671.41 8671.6 8669.92 8672.47 8687.97 8723.86 8777.1 8786.11 8800.75 8818.18 8827.73 8821.84 8811.89 8800.44 8789.19 8775.31 8765.08 8756.75 8754.01 8761.16 8761 8771.95 8791.96 8790.26 8787.1 8786.94 8790.21 8798.47 8809.08 8808.67 8806.12 8806.17 8810.32 8814.54 8815.46
8537.07 8545.08 8554.33 8567.78 8566.7 8562.23 8558.19 8560.35 8573.56 8583.56 8590.44 8597.25 8603.02 8606.07 8605.83 8596.61 8587.69 8577.47 8578.49 8582.54 8588.99 8595.43 8602.62 8610.92 8621.11 8633.21 8639.53 8644.4 8648.46 8652.77 8656.02 8657.59 8655.86 8655.89 8657.26 8657.88 8660.43 8696.45 8730.58 8742.21 8758.81 8790.56 8823.32 8823.35 8813.93 8802.79 8789.4 8775.38 8761.25 8747.39 8736.03 8727.97 8726.8 8735.31 8750.24 8755.84 8756.65 8755.29 8754.57 8754.61 8759.73 8767.63 8775.37 8783.05 8791.01 8800.02 8801.63
8540.58 8548.8 8558.64 8567.86 8559.12 8548.72 8539.26 8536.24 8549.49 8562.38 8575.09 8587.41 8597.74 8602.86 8599.37 8593.6 8584.88 8580.23 8572.33 8575.6 8583.7 8593.7 8605.41 8616.08 8625.75 8633.75 8637.12 8639.17 8640.69 8642.63 8644.94 8646.62 8648.46 8648.92 8649.92 8652.77 8661.18 8675.26 8690.96 8712.67 8740.85 8783.93 8818.94 8825.52 8818.03 8805.31 8790.93 8775.52 8757.23 8739.92 8719.97 8695.93 8700.07 8710.96 8719.65 8722.91 8725.69 8724.53 8719.69 8710.86 8709.66 8727.25 8742.56 8753.21 8762.75 8773.66 8777.22
8544.19 8553.42 8564.32 8567.52 8552.28 8529.76 8519.11 8511.88 8516.22 8541.42 8560.43 8576.91 8593.57 8608.21 8604.22 8586.83 8574.66 8572.24 8573.57 8570.01 8577.7 8590.29 8605.83 8621.53 8626.82 8633.12 8635.05 8633.11 8632.17 8631.61 8632.74 8636.71 8640.74 8643 8645.56 8650.65 8658.66 8670.05 8682.72 8700.46 8726.35 8763.29 8802.47 8820.75 8817.87 8807.47 8792.24 8775.98 8757.72 8737.88 8717.15 8697.27 8691.5 8690.27 8689.71 8697.03 8700.77 8699.77 8693.1 8681.68 8679.75 8699.13 8714.81 8724.93 8729.73 8730.45 8737.73
8546.17 8556.24 8568.2 8571.71 8547.46 8526.39 8512.38 8503.66 8514.29 8529.84 8545.44 8560.25 8576.47 8594.86 8590 8568.77 8551.21 8542.09 8543.46 8554.28 8569.37 8583.52 8600.82 8616.83 8620.26 8625.14 8625.42 8623.52 8623.03 8621.9 8622.09 8626.13 8632.62 8636.01 8641.09 8648.96 8660.31 8670.91 8682.23 8695.2 8716.87 8751.37 8790.01 8815.8 8814.38 8802.15 8787.1 8770.92 8754.95 8737.93 8720.51 8704.39 8693.98 8686.61 8677.92 8680.46 8683.38 8683.72 8679.96 8671.24 8672.15 8685.46 8696.22 8702.24 8702.3 8701 8706.4
8546.99 8547.28 8546.59 8544.45 8534.83 8522 8510.56 8506.25 8519.12 8522.83 8530.92 8538.97 8547.58 8554.8 8554.3 8542.55 8524.85 8504.65 8516.11 8543.86 8563.37 8576.06 8587.26 8600.02 8607.1 8607.54 8606.68 8614.39 8615.96 8614.5 8613.15 8614.08 8621.7 8626.56 8635.85 8646.82 8658.16 8668.6 8678.03 8689.44 8710.61 8750.44 8786.78 8813.36 8806.86 8794.35 8782.6 8768.68 8753.56 8739.35 8725.59 8714.43 8704.23 8690.43 8678.16 8673.78 8673.46 8674.69 8677.91 8681.74 8680.16 8681.52 8685.19 8687.5 8684.51 8677.54 8685.3
8550.48 8552.8 8533.69 8523 8521.99 8513.36 8505.52 8514.97 8513.05 8511.6 8514.15 8517.54 8519.69 8518.47 8525.28 8524.74 8515.63 8511.26 8535.83 8554.54 8568.22 8574.91 8573.56 8583.22 8602.94 8608.74 8607.95 8618.62 8615.4 8607.67 8602.8 8598.97 8599.57 8616.26 8630.68 8644.04 8657.3 8668.93 8673.95 8679.63 8692.84 8720.96 8764.42 8799.77 8793.74 8785.17 8775.32 8762.75 8750.8 8739.41 8728.65 8721.27 8712.18 8695.2 8678.3 8669.81 8666.68 8666.34 8671.79 8687.32 8684.29 8677.15 8678.35 8680.88 8680.48 8673.91 8675.16
8552.17 8562.17 8536.5 8521.52 8519.81 8507.33 8484.08 8473.01 8486.48 8494.52 8500.42 8502.9 8502.15 8500.4 8512.93 8523.54 8527.65 8537.04 8562.92 8576.85 8584.64 8588.77 8584.67 8595.7 8618.89 8637.36 8652.53 8639.99 8622.31 8605.59 8598.88 8597.85 8601.87 8613.06 8627.76 8641.86 8654.91 8664.29 8666.31 8668.49 8674.74 8702.75 8742 8761.39 8774.02 8773.86 8768.78 8759.21 8746.72 8735.25 8725.01 8718.11 8711.3 8700.98 8684.45 8668.02 8660.43 8655.81 8653.42 8652.12 8659.48 8665.02 8670.89 8677.94 8685.61 8684.5 8668.64
8543 8548.85 8525.5 8521.07 8523.34 8509.5 8471.77 8433.69 8462.78 8484.07 8493.97 8498.55 8497.47 8497.35 8515.46 8534.81 8555.08 8582.28 8600.41 8597.37 8603.42 8614.09 8628.63 8633.68 8643.9 8660.99 8675.56 8658.32 8633.8 8607.64 8602.63 8604.25 8607.73 8614.57 8626.07 8639.6 8652.1 8658.94 8659.24 8660.15 8664.32 8687.77 8718.58 8743.51 8766.01 8769.25 8763.36 8752.49 8738.38 8725.34 8715.43 8707.97 8701.93 8693.87 8684.4 8668.22 8653.67 8643.16 8634.84 8628.49 8639.14 8650.71 8661.02 8671.31 8683.35 8683 8657.83
8529.34 8527.32 8516.83 8520.14 8526.73 8518.44 8506.21 8505.58 8486.44 8489.82 8496.52 8501.11 8505.96 8512.73 8525.4 8546.31 8574.15 8586.62 8589.47 8601.44 8614.63 8632.13 8649.55 8655.48 8659.54 8668.31 8674.43 8667.5 8651.56 8626.57 8616.57 8609.96 8609.92 8614.91 8625.58 8638.7 8651.28 8659 8656.22 8657.62 8661.77 8681.63 8713.71 8757.74 8769.52 8764.04 8753.8 8739.93 8726.22 8713.82 8701.97 8690.43 8680.92 8673.82 8668.17 8661.74 8643.22 8629.32 8621.56 8619.14 8627.72 8639.15 8650.19 8659.92 8665.4 8660.53 8643.07
