real_craters/C145-1000m.grd
DSAA
54 54
-26.5 26.5
-26.5 26.5
8380.2819661837 10187.140469727
[rows 0 to 36 of 54, columns 0 to 53 of 54]
9607.23 9624.56 9645.51 9663.54 9683.65 9696.79 9679.05 9666.17 9642.37 9625.65 9622.19 9624.3 9620.78 9620.64 9620.96 9621.53 9628.86 9627.5 9639.72 9651.84 9657.01 9653.83 9629.01 9605.41 9604.46 9607.76 9609.96 9617.03 9631.71 9642.96 9638.69 9645.5 9625.67 9597.62 9614.37 9624.69 9678.19 9655.08 9648.05 9670.37 9693.49 9688.55 9683.9 9680.22 9671.62 9663.36 9651.43 9653.52 9656.07 9647.75 9643.8 9641.29 9640.12 9637.4
9606.99 9625.38 9648.59 9670.93 9687.32 9686.98 9675.61 9659.78 9638.15 9617.65 9611.82 9618.72 9618.86 9611.55 9612.82 9617.33 9631.25 9650.51 9669.22 9673.45 9652.8 9623.01 9606.36 9599.51 9599.85 9605.31 9606.1 9611.38 9626.65 9636.46 9630.14 9638.23 9626.34 9595.96 9595.91 9607.13 9633.87 9627.81 9639.12 9664.95 9704.62 9701.48 9696.18 9684.21 9669.37 9657.5 9648.02 9637.9 9633.4 9635.35 9635.45 9632.64 9626.48 9619.13
9608.27 9629.48 9649.26 9670.47 9697.72 9696.97 9666.47 9647.77 9629.54 9607.76 9595.32 9615.96 9612.1 9603.66 9613.37 9622.33 9644.5 9657.44 9664.2 9661.93 9646.73 9632.73 9619.5 9611.27 9607.04 9611.6 9616.08 9621.3 9618.08 9626.1 9628.34 9623.34 9625.59 9618.71 9652.49 9676.05 9632.41 9607.91 9629.92 9661.68 9692.8 9692.09 9682.42 9672.62 9664.9 9655.29 9649.79 9636.42 9633.15 9626.63 9626.39 9625.57 9623.87 9619.83
9611.55 9630.47 9646.46 9658.74 9659.33 9658.61 9650.2 9635.85 9614.63 9600.93 9603.8 9605.04 9605.79 9603.77 9630.31 9671.48 9670.45 9665.46 9658.83 9642.24 9641.48 9640.41 9644.49 9636.77 9631.79 9624.69 9620.9 9611.64 9614.6 9620.65 9625.96 9624.95 9631.16 9759.76 9775.38 9803.13 9756.58 9652.19 9636.99 9649.78 9677.76 9678.54 9669.43 9661.09 9662.66 9658.63 9648.86 9632.27 9616.73 9619.47 9620.48 9621.51 9625.88 9624.55
9618.81 9632.65 9642.83 9651.72 9656.02 9645.1 9633.96 9621.32 9603.93 9593.31 9595.56 9591.36 9588.2 9608.46 9644.73 9676.62 9679.5 9668.14 9656.25 9639.42 9640.61 9638.01 9648.91 9636.44 9641.64 9628.24 9622.76 9624.58 9618.47 9625.04 9637.65 9634.78 9670.85 9570.65 9508.46 9598.82 9578.39 9601.62 9632.63 9649.57 9663.38 9667.55 9665.63 9663.27 9663.69 9657.79 9650.13 9632.58 9626.45 9618.62 9619.15 9617.34 9613.49 9616.27
9628.12 9632.25 9638 9638.41 9637.24 9629.53 9610.59 9605.52 9593.64 9589.52 9594.74 9591.7 9592.16 9633.9 9655.98 9673.96 9668.64 9645.99 9628.24 9643.76 9637.65 9625.8 9623.78 9629.07 9613.4 9620.46 9619.99 9611.87 9617.93 9622.49 9628.66 9633.15 9697.48 9442.34 9310.54 9369 9428.18 9583.59 9653.69 9643.4 9656.37 9664.67 9663.37 9657.26 9660.58 9655.74 9632.01 9630.82 9614.71 9614.69 9616.91 9618.52 9617.03 9616.4
9633.04 9630.03 9630.89 9626.8 9612.95 9622.71 9609.12 9622.5 9637.46 9651.66 9647.96 9623.59 9618.9 9655.96 9654.99 9646.16 9634.49 9625.18 9626.24 9637.77 9627.58 9611.27 9613.69 9618.57 9616.17 9619.94 9620.83 9614.8 9603.69 9620.05 9641.67 9634.83 9696.65 9471.24 9277.37 9342.3 9398.17 9717.8 9693.56 9670.21 9672.52 9667.77 9662.55 9657.13 9647.34 9640.5 9622.96 9622.2 9608.89 9609.14 9610.8 9617.48 9636.34 9631.99
9633.46 9630.57 9631.33 9634.82 9643.76 9643.15 9662.82 9650.63 9650.49 9643.84 9636.99 9638.01 9641.84 9647.19 9638.82 9630.42 9623.75 9615.11 9608.27 9614.93 9618.85 9620.74 9615.64 9639.21 9632.54 9633.94 9631.3 9634.42 9623.26 9620.37 9635.24 9633.42 9644.79 9668.58 9636.16 9533.74 9597.24 9707.2 9698.62 9683.15 9684.06 9670.69 9658.09 9646.54 9625.03 9619.33 9636.31 9614.44 9612.72 9607.98 9604.83 9603.49 9614.14 9611.65
9635.16 9631.85 9628.75 9630.85 9636.92 9642.45 9647.91 9645.84 9639.26 9635.79 9627.8 9629.87 9628.97 9616.02 9618.1 9617.86 9616.13 9616.02 9618.96 9622.72 9625.17 9625.78 9619.28 9602.33 9633.55 9635.72 9635.18 9627.73 9613.6 9619.16 9632.75 9635.63 9622 9638.83 9659.38 9676.92 9725.59 9745.04 9717.31 9697.82 9683.46 9673.19 9653.69 9630.93 9614.46 9612.88 9634 9622.77 9616.12 9606.14 9597.47 9590.05 9589.69 9593.2
9631.53 9630.51 9627.45 9622.79 9622.48 9629.9 9631.61 9629.87 9630.11 9617.83 9616.17 9617.88 9609.28 9606.92 9609.9 9609.75 9607.38 9615.91 9622.44 9628.73 9633.02 9634.17 9628.05 9620.61 9625.53 9642.12 9646.53 9635.78 9615.08 9630.29 9652.43 9650.76 9634.13 9647.33 9682.75 9722.64 9756.99 9777.94 9763.77 9743.62 9716.43 9690.03 9654.48 9616.73 9615.37 9614.23 9624.55 9624.18 9615.7 9605.24 9594.47 9584.7 9579.49 9580.55
9632.38 9636.43 9633.96 9622.43 9618.49 9622.41 9622.66 9614.98 9612.99 9610.96 9603.53 9608.24 9614.01 9608.93 9614.01 9611.63 9612.64 9620.49 9630.22 9636.32 9637.07 9633.53 9628.73 9626.76 9639.18 9668.44 9671.64 9663.34 9646.57 9651.55 9684.27 9666.12 9664.08 9669.31 9713.95 9734.83 9767.16 9790.45 9806.99 9798.95 9753.62 9712.55 9671.42 9636.77 9633.44 9621.12 9626.81 9622.41 9615.67 9607.25 9596.92 9582.1 9570.58 9575.48
9636.34 9646.83 9649.24 9646.66 9631.94 9617.01 9611.26 9611.12 9612.08 9605.25 9596.96 9579.9 9611.34 9621.07 9617.09 9615.84 9618.06 9628.97 9641.58 9649.54 9640.45 9622.67 9639.85 9647.24 9650.56 9697.74 9707.07 9710.7 9712.06 9690.02 9705.09 9721.49 9708.48 9692.2 9711.63 9733.3 9758.19 9779.54 9778.85 9761.19 9753.07 9715.87 9687.03 9669.11 9662.28 9637.86 9621.68 9619.6 9614.99 9613.18 9607.17 9596.39 9588.18 9583.44
9646.82 9660.65 9669.23 9662.5 9646.51 9621.47 9613.68 9611.3 9628.57 9614.53 9614.04 9608.49 9612.24 9609.39 9613.09 9618.74 9627.15 9639.11 9655.91 9663.18 9652.94 9635.04 9648.01 9675.57 9704.89 9730.57 9733.33 9766.61 9809.27 9774.91 9746.32 9821.17 9781.94 9703.46 9704.03 9723.7 9735 9744.57 9766.76 9755.81 9729.1 9715.25 9699.4 9685.14 9682.82 9644.96 9605.22 9609.68 9616.94 9619.81 9622.15 9629.54 9625.02 9596.27
9663.11 9679.57 9693.59 9699.03 9666.92 9638.9 9628.24 9630.52 9629.88 9617.48 9600.79 9578.09 9597.57 9613.65 9618.15 9626.08 9630.49 9654.71 9687.21 9687.08 9681.98 9675.4 9721.97 9788.14 9847.01 9753.83 9649.96 9694.25 9648.76 9586.77 9722.41 9829.12 9833.19 9753.25 9742.46 9741.33 9730.53 9731.01 9761.29 9763.28 9749.99 9732.48 9712.05 9683.05 9645.3 9652.94 9601.72 9610.59 9627.07 9633.58 9636.83 9641.3 9635.5 9600.44
9675.95 9692 9709.51 9717.92 9679.32 9640.91 9641.74 9648.43 9626.73 9601.82 9590.25 9592.99 9603.99 9616.58 9628.61 9650.83 9674.7 9708.94 9755.15 9759.17 9746.74 9843.72 9724.12 9636.33 9437.88 9308.35 9434.8 9495.31 9477.44 9402.96 9380.01 9579.82 9844.86 9870.24 9828.42 9778.35 9740.81 9718.12 9777.93 9780.26 9765.92 9748.6 9726 9696.27 9646.24 9652.11 9678.01 9657.95 9654.63 9650.93 9647.31 9643.22 9624.56 9609.88
9679.57 9692.34 9706.75 9713.06 9684.67 9659.45 9652.27 9649.28 9631.32 9604.53 9593.49 9579.51 9609.71 9627.62 9652.77 9687.34 9729.28 9767.55 9834.24 9928.91 9746 9629.38 9521.18 9348.82 9276.66 9237.99 9302.36 9451.64 9475.37 9491 9484.34 9374.85 9678.38 9952.57 9863.09 9796.26 9761.07 9742.64 9771.63 9787.56 9778.64 9762.66 9741.06 9713.44 9680.26 9697.86 9721.47 9702.91 9683.27 9668.3 9655.17 9635.33 9615.68 9597.01
9677.84 9684.22 9686.2 9685.11 9686.14 9675.43 9659.47 9651.98 9643.39 9608.68 9597.36 9603.93 9604.88 9624.48 9636.69 9715.93 9819.62 9913.53 9819.85 9665.47 9514.23 9422.7 9291.16 9218.94 9214.95 9078.49 9107.02 9169.72 9230.43 9354.21 9396.59 9341.2 9358 9689.69 9742.18 9765.06 9800.21 9819.35 9788.88 9774.84 9780.57 9788.85 9741.36 9709.77 9662.78 9678.19 9727.91 9724.24 9697.38 9678.76 9663.18 9626.63 9604.6 9586.9
9672.02 9678.4 9678.16 9679.27 9690.4 9683.63 9660.15 9644.99 9653.66 9628.84 9619.91 9609.38 9616.16 9634.83 9665.01 9737.76 9820.12 9800.92 9735.84 9575.94 9397.57 9241.67 9057.84 8863.9 8737.95 8745.06 8795.58 8857.11 8894.13 8929.37 9101.92 9279.17 9246.86 9323.74 9538.72 9670.84 9787.71 9911.68 9877.04 9751.21 9746.81 9731.77 9713.74 9682.7 9667.34 9654.43 9666.44 9693.02 9689.94 9682.33 9672.92 9630.22 9601.23 9585.55
9673.43 9679.01 9682.12 9681.06 9681.98 9673.43 9649.96 9635.02 9628.51 9638.72 9644.43 9643.35 9629.2 9649.73 9682.41 9750.35 9780.62 9755.43 9642.4 9500.26 9244.54 8980.79 8845.06 8723.65 8639.15 8588.06 8579.87 8611.8 8665.51 8713.28 8803.73 8898.83 9003.97 9211.22 9326.51 9502.27 9678 9851.24 9931.92 9785.74 9737.79 9703.47 9702.34 9699.82 9693.21 9670.88 9648.6 9668.66 9679.59 9676.58 9662.71 9629.44 9610.34 9599.06
9673.93 9676.61 9683.65 9677.03 9664.99 9658.47 9647.5 9644.32 9642.28 9640.81 9649.77 9652.22 9658.97 9681.42 9711.83 9780.13 9764.78 9694.4 9532.12 9280.34 8997.04 8817.87 8717.72 8615.92 8543.9 8495.57 8477.38 8510.25 8539.42 8571 8673.97 8760.73 8748.43 8921.87 9119.67 9293.79 9479.93 9657.56 9769.54 9807.36 9735.89 9719.2 9708.51 9729.87 9739.26 9713.77 9687.2 9681.03 9686.12 9684.35 9673.9 9659.39 9622.75 9605.59
9676.53 9675.36 9662.87 9672.9 9674.9 9667.28 9657.26 9646.05 9645.97 9647.64 9642.76 9650.77 9679.17 9754.3 9847.93 9815.92 9681.33 9595.21 9363.45 9113.61 8906.52 8760.8 8650.41 8556.49 8490.86 8432.02 8422.58 8447.29 8473.49 8498.11 8518.8 8552.51 8603.25 8731.78 8920.28 9106.92 9283.39 9480.66 9733.88 9688.12 9705.72 9693.22 9694.92 9699.44 9691.36 9713.04 9716.58 9703.35 9699.67 9702.77 9704.06 9667.48 9631.53 9604
9682.8 9686.72 9702.71 9685.71 9685.98 9686.24 9674.81 9667.19 9668 9651.77 9633.03 9652.57 9710.95 9805.11 9883.26 9641.82 9494.87 9298.02 9120.74 8980.15 8850.47 8708.86 8611.45 8534.13 8469.88 8428.49 8417.18 8435.49 8450.76 8434.88 8430.42 8450.82 8492.34 8610.61 8764.31 8933.22 9101.88 9274 9721.02 9712.41 9730.04 9736.44 9729.05 9706.58 9663.08 9722.35 9725.36 9721.42 9724.83 9728.63 9734.64 9700.46 9647.07 9611.24
9694.36 9694.71 9688.17 9700.43 9693.55 9707.7 9724.72 9689.3 9672.37 9661.04 9652.55 9673.11 9755.05 9780.4 9702.12 9488.29 9353.86 9171.7 9013.92 8902.93 8823.34 8691.97 8603.71 8544.29 8495.21 8466.28 8462.79 8463.28 8467.4 8440.81 8405.9 8386.69 8429.31 8534.09 8669.91 8817.87 8987.32 9224.83 9544.36 9737.09 9778.48 9834.1 9805.09 9699.5 9671.28 9675.42 9698.29 9716.24 9734.72 9750.57 9763.36 9731.62 9677.54 9643.91
9710 9717.3 9720.51 9724.12 9729.96 9717.36 9704.44 9682.71 9670.26 9670.45 9690.63 9686.57 9763.59 9735.12 9568.43 9468.13 9315.42 9132.34 8968.1 8858.53 8794.22 8686.6 8614.37 8588.1 8572.73 8559.41 8541.19 8514.82 8489.3 8467.51 8434.06 8391.33 8403.34 8494.96 8605.66 8731.86 8884.14 9119.41 9458.23 9707.02 9769.88 9825.53 9817.22 9675.03 9663.35 9654.15 9676.42 9708.33 9738.22 9770.42 9800.83 9756.23 9702.43 9670.1
9724.42 9739.25 9747.47 9743.25 9734.44 9715.35 9693.81 9685.66 9679.73 9683.53 9678.31 9693.86 9750.4 9721.53 9603.88 9526.52 9332.98 9110.9 8919.72 8842.18 8746.91 8648.28 8615.75 8628.62 8683.86 8782.89 8642.14 8559.45 8521.09 8493.4 8432.29 8384.35 8380.28 8470.84 8564.06 8667.7 8788.71 8976.85 9279.55 9609.73 9711.58 9773.82 9784.41 9707.06 9656.15 9647.85 9665.28 9697.91 9732.16 9765.47 9774.31 9767.87 9739.78 9712.51
9733.56 9751.09 9754.66 9748.99 9734.92 9706.76 9679.97 9686.86 9691.29 9688.59 9689.83 9714.39 9758.84 9731.75 9588.37 9501.5 9299.43 9094.8 8931.66 8820.01 8728.55 8617.72 8598.1 8647.09 8745.75 8812 8668.49 8577.97 8554.22 8524.36 8436.12 8382.43 8392.31 8466.26 8542.16 8628.78 8738.66 8930.36 9184.5 9501.97 9641.41 9722.6 9754.31 9690.24 9656.58 9642.37 9659.03 9688.49 9718.01 9745.75 9765.15 9781.62 9793.44 9759.07
9735.24 9743.93 9751.25 9752.32 9735.4 9703.61 9677.97 9697.99 9701.1 9693.23 9707.42 9740.55 9808.74 9837.78 9563.11 9295.88 9200.81 9054 8896.37 8766.87 8705.69 8622.65 8590.35 8626.85 8664.56 8682.84 8626.84 8573.35 8626.57 8543.8 8469.28 8396.97 8395.65 8445.91 8521.29 8610.09 8720.9 8911.87 9173.36 9473.28 9590.39 9700.9 9748.26 9706.4 9660.59 9648.74 9668.01 9678.15 9699.09 9727.25 9759.41 9786.06 9803.12 9776.07
9728.21 9732.43 9745.65 9743.32 9735.42 9722.93 9705.11 9703.42 9717.29 9716.66 9732 9745.43 9807.09 9888.4 9556.71 9240.2 9136.54 9006.53 8872.68 8732.15 8655.95 8601.63 8599.98 8608.45 8618.07 8621.9 8534.96 8523.51 8532.13 8570.21 8506.38 8436.65 8430.24 8464.99 8530.4 8610.06 8724.75 8911.41 9151.79 9387.5 9623.5 9714.69 9751.95 9728.93 9673.76 9651.2 9653.68 9665.81 9680.46 9696.24 9731.78 9769.91 9797.89 9772.81
9729.02 9735.56 9753.46 9779.59 9753.11 9713.56 9702.64 9733.29 9735.96 9751.06 9748.63 9742.38 9738.79 9716.71 9514.24 9269.9 9129.82 8988.3 8833.38 8717.71 8627.82 8570.28 8593.67 8588.63 8567.48 8510.2 8468.99 8442.4 8448.31 8550.04 8530.79 8504.77 8494.58 8497.1 8560.77 8623.4 8723.75 8901.96 9113.95 9343.14 9668.74 9746.84 9735.75 9717.95 9701.53 9661.29 9652.17 9658.88 9666.79 9674.07 9697.27 9739.28 9762.89 9762.35
9727.94 9747.42 9752.72 9759 9762.94 9742.19 9733.05 9729.52 9735.19 9741.97 9764.82 9784.96 9740.25 9682.8 9521.59 9292.18 9162.59 9001.9 8816.99 8703.68 8611.98 8539.12 8574.87 8565.05 8525.05 8462.01 8449.19 8436.21 8433.35 8480.64 8471.85 8497.29 8518.04 8567.52 8590.08 8641.3 8729.33 8919.32 9134.71 9368.99 9725.59 9792.8 9732.35 9697.82 9675.6 9663.6 9656.08 9655.57 9659.2 9659.26 9678.83 9717.25 9740.81 9749.36
9726.81 9730.18 9749 9760.37 9775.69 9775.69 9734.94 9735.13 9731.08 9745.25 9774.73 9781.45 9768.48 9819.89 9621.5 9302.42 9198.32 9030.56 8836.32 8671.13 8610.22 8557.81 8561.27 8545.82 8518.09 8488.83 8463.25 8441.66 8440.25 8454.72 8430.91 8489.93 8519.03 8529.88 8601.36 8674.5 8798.77 8988.12 9213.4 9467.29 9829.82 9860.61 9740.23 9706.31 9664.44 9652.76 9654.63 9654.69 9660.21 9663.28 9680.27 9710.58 9731.25 9736.77
9740.53 9748.06 9755.14 9767.85 9781.4 9778.27 9742.58 9743.22 9737.88 9759.69 9767.4 9751.74 9784.85 9852.39 9706.95 9378.68 9223.32 9062.75 8851.67 8709.71 8635.44 8593.71 8562.89 8534.39 8511.15 8498.5 8454.45 8447.2 8461.98 8452.28 8438.84 8498.58 8534.35 8557.92 8634.05 8732.59 8898.2 9097.43 9335.41 9571.08 9973.15 9879.24 9745.11 9693.99 9672.73 9660.6 9651.86 9652.39 9662.61 9669.89 9680.19 9690.36 9706.11 9719.79
9749.92 9764.03 9759.27 9760.07 9772.46 9764.7 9760.18 9748.16 9746.27 9750.44 9761.02 9764.57 9778.88 9810.59 9740.37 9584.28 9381.16 9160.96 8898.18 8717.15 8692.27 8638.54 8568.67 8525.93 8498.91 8493.46 8463.66 8464.04 8491.18 8511.01 8512.14 8548.49 8570.86 8615.85 8702.47 8796.44 8971.54 9212.7 9482.6 9753.61 9950.41 9821.33 9729.7 9682.56 9668.22 9652.29 9642.93 9644.34 9656.6 9668.76 9672.93 9682.45 9690.86 9701.53
9732.89 9757.21 9779.56 9779.67 9766.94 9748.35 9729.88 9740.17 9748.47 9753.84 9761.14 9774.29 9793.69 9774.35 9768.3 9852.37 9844.91 9399.37 9053.19 9003.7 8866.64 8700.87 8587.94 8528.68 8490.4 8471.92 8462.48 8431.4 8445.25 8514 8484.06 8538.57 8623.54 8713.47 8822.73 8898.88 9067.39 9347.34 9605.9 9854.33 9967.11 9752.27 9704.96 9679.26 9662.29 9641.83 9639.33 9639.99 9642.33 9653.29 9656.55 9667.48 9672.9 9682.1
9717.6 9748.67 9791.88 9796.03 9771.43 9743.77 9736.35 9736.07 9732.37 9744.84 9759.61 9777.11 9778.46 9758.61 9764.02 9908.38 10054 9629.37 9223.12 9243.61 9064.64 8827.21 8660.39 8567.33 8513.32 8472.58 8459.99 8452.95 8467.58 8520.86 8540.19 8633.55 8726.13 8824.35 8961.9 9188.1 9357.63 9521.7 9676.66 9786.89 9756.71 9701.92 9675.69 9668.61 9648.14 9642.73 9646.14 9648.53 9641.55 9633.15 9627.72 9619.52 9642.95 9661.22
9721.45 9740.62 9766.1 9776.78 9769.03 9757.3 9752.62 9747.3 9742.36 9739.05 9752.84 9763.52 9778.15 9770.89 9775.32 9840.22 9931.38 9799.41 9489.83 9337.57 9189.12 8997.61 8820.77 8659.14 8587.13 8532.48 8517.13 8521.8 8533.66 8575 8619.89 8744.7 8866.57 8974.65 9140.92 9478.98 9640.19 9677.96 9718.02 9733.59 9708.81 9692.82 9673.79 9672.26 9669.49 9650.42 9645.26 9649.58 9639.67 9613.93 9609.59 9605.75 9623.74 9643.42
9667.11 9713.6 9742.42 9754.8 9753.21 9744.19 9759.57 9755.03 9747.07 9744.3 9749.92 9755.62 9754.84 9751.22 9764.65 9803.24 9833.95 9970.67 9929.52 9564.39 9336.21 9199.39 9023.11 8825.81 8748.22 8659.89 8582.99 8587.28 8616.31 8683.9 8749.44 8879.19 9010.59 9165.7 9367.64 9628.75 9764.95 9778.12 9751.96 9721.02 9695.13 9693.71 9634.52 9646 9639.85 9639.74 9638.06 9637.48 9646.2 9614.85 9603.42 9604.93 9614.53 9630.4
