real_craters/C145-300m.grd
DSAA
310 310
-46.375 46.375
-46.375 46.375
6615.9078189657 9293.5212912406
[rows 90 to 119 of 310, columns 67 to 133 of 310]
8174.43 8165.67 8158.96 8153.99 8153.67 8162.33 8163.6 8164.71 8168.72 8173.09 8177.8 8182.78 8187.84 8192.86 8197.98 8203.12 8207.77 8212.19 8215.8 8219.42 8224.66 8230.65 8236.6 8244.73 8254.11 8263.29 8267.75 8269.83 8272.03 8274.75 8277.68 8280.65 8283.7 8286.45 8292.4 8297.55 8302.72 8308 8313.56 8319.53 8325.86 8331.07 8334.08 8333.72 8332.44 8331.28 8328.71 8337.98 8347.25 8353.83 8356.66 8361.37 8368.74 8376.83 8385.11 8393.6 8402.17 8408.86 8415.72 8420.17 8427.96 8436.65 8446.34 8455.14 8463.18 8472.05 8487.84
8185.3 8172.57 8163.04 8155.87 8152.64 8154.79 8160.9 8164.88 8169.38 8174 8178.77 8183.74 8188.9 8194.23 8199.38 8204.4 8209.36 8214.18 8218.78 8223.27 8228.56 8233.3 8237.16 8243.54 8251.47 8260.94 8266.3 8269.55 8272.61 8276.1 8279.74 8283.59 8287.97 8293.86 8296.99 8300.95 8305.3 8310.06 8315.16 8320.66 8325.25 8328.07 8328.82 8332.79 8336.47 8341.86 8351 8351.03 8355.3 8357.15 8353.67 8356.77 8370.11 8382.56 8393.07 8402.69 8410.88 8416.91 8420.87 8423.38 8431.13 8441.86 8452.52 8461.09 8467.34 8471.45 8478.2
8190.28 8176.18 8166.02 8160.1 8154.99 8155.84 8159.68 8165.01 8169.96 8174.99 8179.51 8184.56 8189.55 8194.46 8199.61 8204.82 8210.08 8215.6 8221.95 8229.03 8234.74 8236.65 8240.12 8245.43 8252.53 8257.7 8263.24 8267.88 8272.17 8276.51 8280.8 8285.36 8290.48 8295.35 8299.69 8303.52 8307.28 8311.17 8315.81 8320.82 8325.99 8328.29 8329.8 8333.32 8339.29 8347.09 8354.67 8361.17 8366.3 8368.6 8361.93 8363.42 8377.2 8390.41 8401.74 8412.32 8420.88 8427.68 8431.65 8431.51 8437.24 8451.72 8462.79 8471.87 8478.8 8482.52 8483.36
8185.54 8174.93 8165.6 8158.49 8155.96 8155.85 8160.06 8165.14 8170.1 8174.95 8180.37 8185.47 8190.56 8195.64 8200.78 8205.91 8211.26 8216.52 8222.64 8229.75 8235.21 8237.49 8240.14 8244.02 8247.41 8253.91 8259.78 8266.01 8271.36 8276.43 8281.52 8286.66 8292.05 8297.27 8301.72 8305.36 8308.69 8311.65 8315.21 8319.39 8324.34 8325.79 8327.38 8334.09 8341.85 8349.79 8359.56 8369.54 8379.37 8383.44 8374.08 8378.82 8391.73 8403.71 8414.12 8424.17 8433.98 8442.45 8449.4 8454.29 8460.49 8469.28 8478.69 8487.74 8497.06 8507.39 8523.35
8180.17 8171.58 8164.03 8157.87 8156.42 8158.14 8161.79 8166.58 8171.19 8175.99 8180.33 8185.22 8190.21 8195.31 8200.46 8206.12 8211.48 8216.76 8222.21 8227.72 8232.56 8235.77 8239.9 8244.64 8248.13 8252.24 8257.8 8265.11 8271.25 8276.74 8282.03 8287.4 8293.1 8298.65 8303.24 8306.7 8309.63 8312.24 8314.53 8316.53 8318.3 8321.6 8325.21 8336.91 8345.5 8351.14 8361.07 8376.75 8392.6 8409.34 8406.74 8405.55 8412.01 8420.5 8429.3 8439.08 8448.33 8459.03 8469.26 8480.43 8485.64 8488.85 8495.44 8503.37 8514.42 8529.08 8545.46
8171.06 8167.92 8163.76 8159.16 8158.47 8160.59 8164.5 8168.59 8172.77 8177.17 8182.4 8186.71 8191.51 8196.37 8200.89 8205.82 8210.94 8216.28 8221.03 8225.02 8227.28 8232.88 8237.59 8242.12 8246.75 8252.9 8259.79 8265.97 8271.32 8276.57 8281.86 8287.3 8293.41 8300.16 8305.19 8307.67 8310.21 8312.61 8314.88 8316.04 8317.62 8329.01 8338.61 8344.54 8352.46 8362.43 8370.43 8381.48 8398.03 8418.72 8429.79 8428.05 8430.92 8436.96 8443.67 8452.38 8462.93 8473.69 8485.14 8494.47 8500.96 8505.54 8510.06 8516.75 8525.9 8536.41 8546.92
8165.77 8166.14 8166.21 8166.58 8164.52 8165.91 8168.33 8171.47 8175.22 8179.12 8183.6 8188.16 8192.33 8196.95 8201.67 8206.67 8211.15 8215.81 8220.32 8224.45 8227.93 8231.98 8234.72 8237.17 8244.48 8253.88 8262.72 8266.82 8270.93 8275.85 8280.95 8286.61 8292.37 8299.15 8305.45 8306.2 8309.58 8313.51 8317.04 8319.65 8323.59 8337.69 8347.07 8350.84 8357.66 8365.94 8372.78 8379.92 8392.34 8411.21 8429.7 8440.53 8444.7 8449.03 8455.41 8463.43 8473.95 8486.05 8500.52 8511.99 8516.08 8518.86 8522.2 8527.02 8533.16 8539.21 8548.7
8166.54 8166.63 8167 8168.4 8171.09 8171.18 8171.22 8173.26 8176.23 8179.92 8183.84 8187.62 8192.63 8197.03 8201.68 8206.39 8211 8215.39 8220 8224.54 8229.87 8232.06 8234.25 8238.54 8247.84 8254.63 8259.01 8264.04 8269.17 8274.58 8279.76 8285.04 8289.55 8292.54 8293.95 8301.95 8308.51 8314.49 8320.21 8326.16 8332.44 8336.87 8345.06 8352.09 8359.14 8367.55 8371.15 8373.84 8377.61 8399.85 8438.28 8450.19 8454.72 8458.95 8464.6 8472.23 8481.7 8493.73 8509.38 8528.37 8526.41 8526.43 8529.88 8535.17 8538.99 8545.31 8557.48
8170.99 8168.78 8167.83 8168.34 8171.38 8172.11 8172.82 8174.72 8177.63 8181.11 8185.18 8189.37 8193.25 8197.71 8202.36 8206.84 8210.97 8215.39 8219.58 8223.73 8227.01 8230.09 8232.89 8236.68 8241.49 8245.95 8253.02 8260.3 8266.95 8273.25 8278.92 8283.86 8287.68 8289.66 8291.37 8300.06 8308.37 8315.58 8322.58 8330.46 8336.95 8339.56 8344.61 8351.26 8357.42 8363.72 8369.13 8372.69 8369.6 8382.37 8448.39 8455.55 8459.63 8464.59 8471.24 8478.63 8486.73 8494.85 8503.96 8515.32 8524.59 8532.06 8538.22 8543.14 8545.48 8544.91 8551.62
8176.16 8171.44 8168.33 8167.01 8166.61 8169.83 8172.43 8175.25 8178.25 8181.67 8185.44 8189.49 8193.66 8198 8202.24 8206.56 8210.53 8214.63 8218.59 8222.3 8225.7 8228.21 8230.27 8232.18 8231.14 8232.6 8244.43 8254.73 8265.22 8273.26 8279.44 8284.48 8288.66 8291.75 8295.45 8302.29 8309.5 8316.24 8323.29 8331.46 8337.5 8340.86 8344.78 8350.43 8355.58 8359.41 8369.12 8379.36 8399.77 8428.35 8442.59 8451.71 8458.81 8466.26 8474.61 8482.96 8490.14 8495.49 8497.24 8504.49 8523 8535.96 8545.6 8553.3 8557.44 8557.77 8564.56
8180.98 8174.54 8168.2 8165.33 8165.47 8167.87 8172.6 8175.86 8178.85 8182.35 8186.22 8190.12 8194.29 8198.03 8202.29 8206.59 8210.58 8214.53 8218.1 8221.38 8223.9 8225.81 8227.9 8228.79 8229.39 8233.51 8242.97 8255.12 8266.94 8274.79 8280.88 8286.09 8290.66 8295.52 8301.27 8306.06 8310.98 8316.04 8321.52 8326.95 8331.71 8335.84 8342.09 8349.72 8357.53 8363.75 8369.87 8379.35 8393.53 8409.47 8426.04 8441.24 8453.15 8464.41 8475.39 8486.12 8495.81 8502.55 8504.58 8511.75 8529.05 8542.8 8554.07 8564.24 8573.87 8587.81 8588.81
8187.46 8178.73 8171.23 8166.8 8166.87 8173.91 8174.09 8176.19 8179.13 8182.64 8186.43 8190.47 8194.49 8198.33 8203.02 8207.01 8210.77 8214.26 8217.8 8220.81 8224.39 8227.3 8226.43 8227.16 8231.63 8241.02 8254.37 8267.12 8272.33 8277.63 8282.82 8287.96 8292.92 8298.16 8304.4 8308.04 8310.98 8314.79 8318.8 8322.82 8325.19 8327.84 8337.87 8347.43 8358.4 8365.41 8366.86 8371.82 8379.51 8391.43 8410.9 8429.74 8445.65 8460.93 8475.28 8489.56 8503.76 8515.37 8526.32 8533.37 8541.83 8551.34 8561.45 8570.23 8583.95 8593.35 8595.89
8194.87 8183.02 8173.36 8170.77 8171.07 8171.96 8174.08 8176.71 8179.87 8183.51 8187.48 8191.62 8195.84 8199.74 8203.3 8207.9 8211.76 8214.67 8218 8220.3 8222.6 8224.89 8223.73 8224.51 8229.26 8243.68 8258.42 8270.23 8274.97 8279.69 8284.46 8289.19 8294.02 8298.69 8302.91 8306.38 8309.78 8312.47 8315.14 8318.92 8324.04 8328.86 8334.22 8341.8 8350.39 8356.06 8358.4 8361.85 8366.8 8385.46 8401.44 8419.75 8437.7 8456.05 8473.33 8491.7 8510.54 8527.73 8541.59 8549.08 8552.61 8557.36 8564.86 8572.83 8586.91 8599.36 8601.8
8197.99 8187.02 8179.41 8174.71 8172.73 8171.77 8173.42 8176.71 8180.43 8184.32 8188.45 8192.35 8196.94 8200.23 8204.59 8208.82 8212.4 8215.63 8218.64 8220.6 8220.58 8218.15 8221.87 8224.48 8228.63 8242.07 8254.09 8265.72 8274.99 8281.34 8286.54 8290.88 8294.99 8299.17 8303.53 8306.9 8307.99 8309.61 8310.94 8311.84 8319.38 8325.59 8328.78 8333.56 8339.02 8343.63 8347.19 8351.5 8360.46 8371.04 8391.23 8410.4 8429.62 8449.28 8469.25 8490.02 8512.68 8538.46 8557.1 8559.71 8556.84 8557.32 8561.63 8567.53 8580.96 8596.76 8602.57
8194.21 8187.34 8182.88 8179.36 8175.73 8171.85 8173.25 8176.84 8180.95 8184.83 8189.01 8192.78 8197.09 8201.19 8205.48 8209.61 8213.57 8217.32 8220.65 8222.75 8223.53 8222.33 8226.49 8229.95 8234.22 8236.77 8248.75 8264.15 8275.31 8282.69 8287.96 8292 8295.52 8298.5 8301.42 8303.84 8304.81 8306.68 8309.16 8311.44 8313.32 8317.12 8320.98 8324.7 8327.86 8332.51 8336.33 8340.01 8346.83 8364.45 8382.7 8401.82 8421.39 8441.95 8462.54 8483.55 8505.27 8532.66 8571.84 8558.08 8550.3 8548.69 8551.26 8555.34 8567.66 8583.47 8594.46
8186.8 8183.93 8182.04 8180.85 8178.47 8175.18 8175.43 8178.21 8181.29 8184.91 8188.89 8192.94 8197.27 8201.42 8205.81 8210.23 8214.43 8218.56 8222.41 8226.34 8230.11 8234.99 8236.1 8235.83 8236.73 8237.41 8248.52 8266.23 8277.83 8284.35 8288.95 8292.4 8294.96 8296.88 8297.54 8297.67 8300.36 8302.98 8306.04 8309.69 8308.43 8309.97 8313.6 8317.5 8321.59 8324.86 8328.21 8330.88 8336.96 8355.99 8374.59 8392.99 8414.86 8434.77 8454.31 8472.98 8488.54 8498.48 8506.85 8526.07 8532.29 8533.84 8535.75 8537.85 8547.15 8567.37 8583.8
8179.15 8178.14 8178.89 8183.11 8180.04 8178.29 8178.46 8179.49 8181.38 8184.58 8188.13 8192.16 8196.56 8201.08 8205.75 8210.29 8215.04 8219.65 8224.79 8229.7 8235.39 8242.1 8243.07 8240.02 8239.44 8241.98 8253.6 8270.67 8280.74 8286.4 8290.26 8293.18 8295.28 8296.27 8295.94 8295.41 8297.58 8299.39 8299.75 8299.77 8301.01 8303.37 8307.84 8312.07 8315.42 8319.82 8323.96 8328.36 8334.94 8349.29 8368.61 8387.85 8406.84 8426.06 8444.43 8461.7 8475.76 8479.67 8481.36 8504.91 8515.51 8518.63 8519.43 8519.78 8525.05 8548.45 8574.86
8173 8173.84 8174.2 8174.9 8176.95 8177.86 8179.12 8179.59 8181.78 8185.02 8188.87 8193.06 8197.31 8202.02 8206.79 8211.63 8216.63 8221.23 8226.72 8231.88 8237.54 8242.9 8244.04 8241.31 8239.82 8247.17 8262.04 8273.06 8283.2 8288.48 8291.64 8294.27 8296.23 8297.35 8297.26 8296.16 8298.38 8299.13 8294.75 8290.67 8287.33 8298.07 8305.09 8309.67 8313.76 8316.64 8321.18 8329.06 8337.44 8347.92 8365.46 8384.06 8401.37 8419.5 8437.04 8454.02 8471.73 8489.27 8500.28 8503.13 8507.05 8508.27 8507.36 8506.59 8514.83 8539.3 8571.62
8166.8 8167.05 8168.29 8169.68 8172.9 8173.88 8174.13 8178.1 8181.4 8184.99 8188.97 8193.27 8198.19 8203.29 8208.14 8212.86 8217.75 8223 8227.79 8233.3 8237.6 8240.13 8240.52 8242.97 8242.06 8245.68 8255.7 8273.57 8285.63 8288.79 8291.78 8294.83 8297.57 8300 8301.61 8301.47 8305.3 8306.8 8302.55 8299.23 8301.56 8304.14 8307.49 8309.49 8311.26 8314.62 8318.39 8323.94 8332.79 8346.61 8363.67 8381.6 8396.8 8413.46 8429.79 8448.88 8464.37 8488.2 8502.75 8502.76 8504.98 8505.46 8502.86 8499.98 8507.8 8538.07 8580.58
8161.7 8161.1 8164.71 8167.83 8171.66 8172.78 8174.7 8177.77 8181.31 8185.29 8189.49 8194.13 8198.8 8203.81 8208.87 8213.74 8218.91 8224.05 8229.06 8233.87 8238.86 8243.91 8248.53 8247.98 8248.4 8248.84 8249.71 8268.15 8280.77 8285.72 8290.34 8294.63 8298.87 8303.25 8308.23 8314.56 8318.33 8319.73 8323.25 8322.93 8320.98 8315.3 8313.64 8313.75 8313.81 8314.56 8317.05 8321 8333.45 8347.6 8363.54 8380.14 8394.1 8408.76 8426.19 8439.35 8450.08 8463.84 8483.72 8499.54 8508.71 8512.2 8509.35 8500.49 8506.93 8548.86 8597.84
8160.46 8164.44 8169.87 8173.27 8172.85 8173.36 8175.12 8178.13 8181.67 8185.67 8190.15 8194.79 8199.91 8205.13 8210.32 8214.91 8220.05 8224.91 8229.58 8234.82 8239.94 8245.28 8249.8 8251.64 8255.31 8259.73 8259.75 8266.04 8272.41 8281.22 8288.14 8293.88 8299.28 8305.09 8312.06 8321.35 8325.88 8326.27 8331.42 8329.82 8325.18 8321.54 8319.3 8319.53 8317.97 8316.1 8317.59 8325.29 8336.88 8349.96 8366.27 8380.71 8391.92 8404.86 8419.69 8427.36 8438.89 8451.45 8476.93 8502.75 8521.78 8532.87 8535.11 8522.65 8530.48 8587.74 8638.28
8158.82 8164.04 8168.43 8171.47 8172.43 8173.28 8175.99 8178.26 8181.32 8185.45 8190.19 8195.23 8200.42 8205.45 8210.73 8216.24 8221.19 8226.18 8230.87 8235.5 8240.1 8244.41 8249.09 8250.77 8254.55 8260.38 8268.46 8269.96 8271.7 8279.54 8286.59 8292.58 8298.49 8304.56 8310.86 8316.09 8319.17 8322.66 8324.71 8327.61 8326.41 8323.34 8321.29 8321.31 8319.68 8317.62 8317.54 8321.92 8337.25 8353.64 8371.26 8383.98 8395.25 8405.78 8415.86 8424.94 8435.85 8454.14 8483.73 8517.44 8547.8 8571.39 8588 8590.22 8615.73 8660.9 8696.03
8156.47 8160.5 8165.12 8168.09 8170.12 8171.51 8174.33 8176.97 8180.8 8185.3 8190.38 8195.85 8201.26 8206.65 8211.96 8217.12 8222 8227.14 8232.03 8236.08 8239.55 8242.28 8243.53 8246.57 8249.73 8253.8 8264.17 8270.44 8275.96 8280.36 8285.36 8290.88 8296.56 8302.2 8307.51 8312.18 8315.81 8316.99 8317.51 8324.1 8325.15 8322.51 8320.74 8318.41 8320.92 8321.83 8321.79 8325.14 8344.08 8365.42 8382.18 8393.11 8403.73 8413.28 8421.89 8429.75 8437.96 8456.18 8497.72 8542.37 8585.19 8624.89 8662.99 8688.28 8721.33 8747.67 8761.18
8156.12 8159.59 8162.82 8164.97 8167.44 8168.96 8170.5 8174.04 8179.62 8185.66 8191.45 8197.27 8202.81 8208.01 8213.34 8218.27 8223.57 8228.28 8232.78 8236.41 8239.76 8242.01 8242.45 8244.83 8246.12 8246.92 8254.72 8264.37 8273.44 8277.96 8283.25 8289.3 8294.67 8299.54 8303.75 8307.76 8312.41 8311.24 8313.11 8316.77 8319.37 8320.22 8321.64 8324.17 8328.68 8332.97 8336.23 8350.77 8378.78 8390.86 8401.14 8409.29 8415.75 8423.29 8432.3 8441.28 8452.39 8474.16 8523.35 8575.98 8630.32 8686.42 8747.17 8790.59 8823.06 8835.79 8824.18
8155.57 8156.88 8155.12 8161.93 8166.07 8167.76 8169.12 8172.93 8179.81 8186.33 8192.6 8198.54 8204.15 8210.28 8215.31 8220.26 8225.18 8229.68 8233.81 8236.84 8239.96 8243.32 8246.76 8247.62 8246.33 8245.36 8250.21 8258.14 8265.3 8273.18 8281.27 8287.47 8292.49 8296.6 8299.52 8300.87 8299.5 8302.51 8305.8 8309.75 8313.18 8316.52 8322.55 8333.09 8341.34 8352.18 8361.75 8385.56 8415.44 8420.88 8422.24 8423.55 8426.92 8435.2 8445.33 8459.18 8479.16 8513.22 8558.67 8614.9 8677.16 8743.97 8822.79 8901.79 8916.05 8900.6 8866.97
8155.78 8158.23 8161.14 8163.93 8167.45 8169.3 8171.43 8175.3 8181.64 8188.16 8194.17 8200 8205.58 8211.52 8216.63 8221.49 8225.9 8230.4 8234.3 8238.23 8241.89 8245.06 8247.49 8248.74 8249.53 8251.1 8256.24 8263.39 8267.48 8274.61 8281.91 8287.45 8291.66 8294.9 8296.89 8297.23 8295.04 8298.15 8300.33 8304.97 8308.38 8312.07 8318.23 8330.77 8353.6 8377.98 8401.79 8441.09 8458.24 8449 8442.05 8438.34 8439.19 8444.97 8455.34 8471.99 8502.68 8543.13 8592.16 8652 8717.94 8792.36 8858.93 8934.39 8947.44 8927.9 8882.83
8159.37 8162.64 8165.85 8168.24 8171.03 8173.02 8175.54 8178.86 8185.4 8191.05 8196.91 8202.31 8207.94 8212.7 8217.74 8222.01 8227.72 8232.04 8236.53 8240.12 8244.11 8247.39 8249.93 8251.85 8253.8 8256.54 8262.1 8268.18 8274.83 8280.89 8285.03 8289.22 8292.66 8295.36 8297.04 8297.95 8301.13 8301.22 8301.82 8302.51 8305.34 8308.55 8315.79 8333.74 8364.68 8402.58 8446.53 8488.77 8480.53 8463.32 8454.63 8449.63 8448.84 8451.33 8461.08 8479.67 8515.24 8561.14 8617.92 8684.22 8752.68 8823.52 8879.81 8907.11 8933.75 8926.5 8879.12
8163.25 8165.88 8169.44 8172.15 8175.28 8177.83 8181.65 8187.2 8190.69 8195.27 8200.3 8205.46 8210.36 8215.46 8220.35 8224.99 8229.31 8234.56 8238.91 8243.27 8246.97 8250.18 8253.58 8256.21 8258.36 8260.41 8264.03 8270.19 8277.91 8284.1 8287.72 8291.5 8294.9 8297.36 8298.94 8299.42 8297.3 8298.19 8302.75 8304.78 8305.26 8306.73 8312.03 8333.54 8370.58 8413.03 8455.82 8454.82 8463.47 8463.24 8460.45 8457.84 8457.59 8459.51 8466.03 8481.24 8510.52 8565.25 8636.96 8713.11 8788.59 8860.67 8914.32 8923.5 8937 8918.56 8860.79
8162.08 8166.17 8171.01 8175.83 8179.54 8182.54 8186.4 8190.33 8195.12 8199.78 8204.44 8209.14 8213.88 8218.46 8223.25 8227.47 8232.58 8237.15 8241.6 8246.08 8250.03 8253.81 8257.67 8263.15 8262.64 8263.74 8266.48 8273.4 8279.36 8284.08 8290.05 8294.93 8298.3 8300.24 8302.47 8303.89 8304.95 8305.25 8308.8 8309.71 8307.84 8307.59 8312.42 8334.78 8370.97 8409.07 8437.41 8422.31 8446.76 8461.5 8467.82 8471.19 8473.26 8475.29 8478.53 8486.61 8508.38 8572.97 8656.08 8742.21 8826.83 8908.85 8976.91 8985 8959.64 8889.15 8828.97
8165.94 8174.07 8177.63 8180.3 8183.82 8187.7 8190.65 8194.66 8199.39 8204.03 8208.32 8212.78 8217.04 8221.56 8226.22 8230.45 8235.95 8240.34 8244.85 8248.33 8252.44 8256.41 8259.69 8262.06 8265.52 8269.02 8273.35 8279.68 8283.66 8287.48 8294.7 8299.67 8302.66 8304.34 8306.71 8309.01 8313.93 8322.31 8318.98 8314.78 8311 8310.83 8316.92 8338.09 8369.35 8401.43 8424.82 8432.67 8449.57 8467.13 8480.95 8489.12 8497.05 8503.12 8504.58 8507.08 8523.59 8594.04 8680.38 8771.01 8862.35 8957.96 9043.14 9041.61 8976.86 8869.99 8794.02
