real_craters/C145-750m.grd
DSAA
125 125
-46.375 46.375
-46.375 46.375
6609.2386655473 9292.9731236071
[rows 0 to 37 of 125, columns 0 to 83 of 125]
8536 8570 8595 8650 8735 8786 8760 8742 8740 8733 8737 8752 8770 8784 8778 8739 8703 8689 8637 8548 8440 8333 8232 8139 8053 8031 8006 7973 7934 7897 7835 7850 7849 7864 7858 7880 7869 7824 7802 7795 7797 7800 7806 7799 7798 7794 7798 7801 7791 7770 7725 7781 7798 7779 7764 7789 7821 7811 7772 7774 7737 7697 7679 7700 7746 7789 7832 7911 7873 7930 7922 7849 7904 8023 8142 8295 8425 8515 8468 8533 8612 8703 8787 8888
8534 8531 8556 8610 8699 8678 8691 8703 8708 8708 8702 8706 8739 8802 8758 8713 8672 8654 8610 8526 8421 8365 8290 8211 8142 8119 8087 8038 7983 7928 7887 7895 7899 7939 7942 7932 7912 7896 7884 7884 7886 7898 7899 7890 7893 7897 7900 7909 7911 7911 7922 7912 7889 7886 7895 7924 7949 7953 7940 7917 7876 7862 7852 7881 7919 7955 7984 8017 8101 8142 8104 8045 8070 8192 8303 8416 8512 8573 8566 8704 8755 8803 8865 8932
8511 8510 8517 8551 8601 8599 8626 8661 8707 8674 8662 8659 8665 8678 8640 8608 8597 8597 8563 8516 8480 8412 8357 8307 8271 8234 8185 8125 8049 7975 7958 7959 7993 8042 8018 7981 7953 7963 7965 7979 7992 8001 8005 8010 8012 8011 8000 8028 8028 8037 8047 8045 7996 8004 8030 8073 8103 8111 8146 8108 8069 8057 8065 8091 8120 8148 8175 8179 8292 8402 8375 8402 8369 8425 8497 8553 8592 8604 8654 8803 8847 8876 8906 8941
8488 8487 8483 8501 8514 8527 8566 8593 8598 8612 8618 8615 8613 8579 8532 8530 8527 8520 8516 8489 8466 8450 8415 8389 8394 8360 8302 8234 8160 8085 8046 8015 8038 8068 8062 8030 8015 8024 8056 8081 8099 8114 8132 8142 8145 8143 8108 8027 8135 8157 8146 8128 8108 8141 8175 8220 8250 8242 8266 8297 8240 8253 8277 8308 8338 8362 8366 8398 8498 8610 8642 8682 8647 8676 8694 8694 8693 8690 8749 8845 8888 8903 8921 8932
8471 8458 8459 8468 8481 8506 8525 8538 8540 8551 8558 8557 8534 8465 8447 8461 8478 8480 8481 8464 8453 8461 8447 8447 8478 8465 8411 8357 8301 8232 8159 8128 8083 8079 8107 8086 8042 8098 8148 8185 8219 8240 8256 8272 8280 8289 8276 8267 8295 8239 8225 8250 8255 8307 8347 8367 8414 8431 8437 8488 8506 8497 8488 8525 8561 8612 8657 8700 8771 8818 8860 8886 8845 8889 8878 8812 8796 8829 8860 8893 8896 8899 8902 8909
8440 8435 8438 8446 8461 8482 8494 8500 8499 8505 8505 8497 8471 8424 8418 8435 8451 8468 8450 8433 8425 8430 8444 8477 8535 8521 8476 8442 8407 8292 8194 8192 8254 8217 8209 8189 8184 8236 8261 8286 8308 8331 8345 8373 8405 8435 8467 8462 8338 8291 8310 8367 8446 8498 8553 8610 8606 8644 8673 8690 8752 8800 8772 8731 8745 8814 8928 8929 8944 8955 8966 8845 8888 8919 8907 8861 8843 8855 8866 8861 8870 8870 8877 8880
8431 8422 8425 8434 8451 8462 8463 8467 8467 8464 8455 8448 8436 8411 8399 8419 8419 8423 8417 8405 8395 8404 8420 8447 8483 8491 8475 8450 8406 8190 7931 7890 7984 8226 8275 8315 8372 8402 8404 8407 8413 8431 8436 8465 8506 8561 8628 8645 8516 8430 8461 8619 8647 8663 8711 8754 8743 8739 8750 8814 8873 8939 8911 8847 8843 8883 8940 8975 8993 8976 8937 8854 8858 8897 8885 8858 8835 8821 8821 8843 8842 8851 8849 8855
8433 8415 8419 8422 8443 8448 8441 8433 8421 8411 8414 8414 8408 8395 8392 8395 8391 8393 8389 8381 8370 8385 8389 8402 8428 8439 8441 8406 8292 8028 7764 7731 7796 8102 8274 8397 8490 8522 8505 8499 8497 8501 8523 8541 8585 8646 8726 8780 8735 8615 8594 8699 8749 8745 8772 8849 8817 8795 8851 8885 8942 8936 8882 8864 8875 8900 8950 9003 8998 8942 8887 8848 8830 8830 8840 8831 8811 8776 8754 8816 8823 8827 8836 8843
8381 8395 8413 8422 8427 8423 8415 8405 8389 8379 8384 8387 8387 8389 8392 8370 8364 8369 8366 8360 8356 8357 8353 8356 8377 8385 8413 8382 8242 7956 7728 7728 7767 8034 8301 8449 8527 8556 8551 8553 8553 8562 8575 8585 8621 8666 8729 8774 8731 8668 8662 8757 8753 8743 8745 8762 8773 8797 8868 8858 8861 8781 8795 8825 8867 8922 8988 9057 8926 8875 8851 8831 8823 8797 8808 8806 8796 8792 8798 8795 8803 8812 8820 8828
8338 8381 8404 8404 8406 8408 8403 8391 8376 8364 8365 8367 8368 8371 8386 8358 8336 8345 8347 8346 8344 8344 8341 8339 8357 8379 8414 8416 8297 8014 7794 7763 7847 8143 8386 8506 8551 8571 8565 8555 8556 8556 8578 8599 8610 8635 8640 8639 8642 8633 8643 8671 8700 8701 8691 8678 8683 8715 8758 8763 8736 8694 8721 8764 8815 8898 8950 8967 8825 8812 8813 8822 8819 8818 8804 8798 8791 8786 8786 8789 8788 8802 8817 8826
8299 8373 8406 8411 8412 8410 8401 8388 8373 8360 8358 8357 8352 8351 8352 8339 8330 8332 8335 8335 8334 8337 8337 8336 8352 8377 8432 8496 8465 8197 7965 7943 8061 8319 8533 8556 8562 8560 8550 8542 8535 8538 8554 8576 8589 8601 8605 8601 8605 8610 8634 8634 8654 8658 8649 8645 8640 8629 8659 8672 8659 8646 8675 8710 8742 8752 8795 8794 8794 8781 8790 8808 8820 8817 8805 8795 8786 8779 8771 8790 8780 8802 8820 8830
8291 8366 8397 8420 8412 8408 8403 8388 8373 8363 8355 8350 8345 8341 8334 8326 8320 8326 8327 8326 8325 8328 8335 8338 8347 8361 8424 8499 8535 8452 8276 8262 8385 8594 8597 8559 8535 8516 8511 8516 8516 8522 8530 8545 8559 8574 8575 8582 8592 8605 8618 8628 8632 8633 8633 8650 8645 8608 8616 8621 8614 8635 8654 8679 8696 8695 8717 8730 8737 8749 8766 8807 8830 8816 8805 8793 8782 8773 8773 8786 8809 8822 8828 8836
8288 8317 8331 8337 8370 8410 8400 8380 8368 8366 8350 8338 8332 8334 8324 8329 8335 8325 8317 8312 8311 8316 8334 8339 8345 8360 8399 8433 8482 8564 8584 8537 8602 8572 8530 8497 8478 8451 8459 8473 8480 8491 8508 8524 8539 8551 8559 8583 8585 8592 8608 8619 8621 8620 8619 8611 8600 8600 8600 8601 8598 8616 8641 8664 8680 8698 8694 8698 8706 8728 8763 8829 8827 8815 8805 8791 8780 8769 8766 8792 8841 8833 8826 8830
8245 8271 8291 8299 8326 8366 8365 8355 8346 8335 8326 8315 8303 8308 8335 8338 8337 8321 8310 8304 8300 8301 8321 8338 8346 8361 8384 8414 8442 8479 8493 8505 8486 8460 8448 8431 8421 8399 8415 8438 8461 8482 8500 8516 8530 8542 8548 8567 8572 8576 8585 8606 8610 8609 8601 8597 8591 8599 8596 8597 8600 8616 8637 8654 8667 8675 8678 8678 8680 8711 8778 8816 8830 8824 8811 8794 8776 8763 8759 8772 8796 8807 8800 8803
8238 8254 8259 8262 8281 8304 8318 8321 8317 8319 8310 8291 8277 8269 8301 8313 8307 8298 8295 8293 8292 8293 8321 8333 8345 8359 8375 8389 8397 8395 8421 8439 8443 8412 8397 8395 8390 8384 8398 8422 8449 8472 8492 8512 8528 8540 8554 8569 8562 8558 8574 8587 8597 8605 8606 8592 8577 8580 8589 8599 8611 8627 8640 8646 8653 8657 8656 8657 8658 8677 8731 8745 8791 8826 8814 8796 8775 8754 8736 8726 8735 8754 8757 8755
8226 8239 8240 8244 8254 8274 8285 8284 8282 8280 8272 8262 8253 8245 8244 8245 8262 8273 8280 8285 8288 8297 8314 8327 8340 8353 8367 8381 8373 8364 8369 8378 8382 8384 8383 8378 8374 8377 8395 8419 8447 8473 8494 8514 8531 8547 8560 8562 8533 8525 8533 8560 8582 8602 8601 8586 8580 8573 8581 8599 8619 8630 8635 8637 8638 8641 8645 8647 8651 8664 8683 8717 8777 8825 8819 8800 8776 8748 8717 8692 8700 8706 8712 8709
8219 8230 8224 8216 8223 8229 8233 8244 8246 8237 8230 8237 8239 8238 8232 8232 8246 8258 8270 8279 8288 8296 8299 8322 8340 8353 8363 8370 8361 8347 8349 8355 8363 8383 8374 8366 8362 8374 8398 8428 8455 8473 8495 8516 8536 8551 8568 8559 8526 8507 8514 8538 8560 8586 8590 8559 8542 8547 8569 8592 8617 8622 8625 8623 8622 8624 8633 8638 8649 8666 8682 8704 8751 8808 8814 8795 8771 8747 8721 8698 8687 8678 8683 8682
8215 8220 8211 8199 8197 8200 8205 8218 8223 8222 8223 8227 8228 8225 8223 8228 8235 8248 8260 8272 8284 8292 8301 8328 8347 8361 8368 8366 8356 8345 8342 8343 8353 8366 8368 8315 8338 8379 8418 8442 8463 8484 8497 8519 8537 8549 8537 8530 8518 8509 8518 8520 8527 8534 8538 8525 8503 8536 8564 8577 8590 8605 8602 8615 8611 8607 8613 8627 8645 8664 8676 8692 8736 8804 8802 8785 8766 8746 8728 8717 8692 8675 8670 8673
8201 8198 8186 8167 8176 8187 8199 8205 8212 8217 8223 8222 8222 8220 8219 8220 8233 8243 8254 8268 8282 8298 8317 8343 8357 8367 8374 8362 8356 8341 8334 8334 8342 8366 8257 8262 8322 8383 8428 8447 8467 8485 8506 8524 8542 8558 8536 8521 8507 8474 8486 8498 8503 8500 8513 8527 8537 8572 8585 8588 8596 8629 8653 8631 8606 8598 8602 8620 8642 8661 8666 8671 8703 8752 8774 8772 8759 8741 8725 8715 8701 8673 8660 8654
8189 8177 8170 8158 8166 8180 8194 8200 8206 8212 8218 8218 8216 8215 8214 8217 8219 8231 8250 8265 8282 8303 8328 8357 8362 8369 8372 8365 8353 8339 8333 8342 8339 8359 8336 8286 8338 8390 8435 8453 8467 8481 8499 8517 8531 8538 8519 8523 8513 8464 8470 8491 8499 8501 8521 8554 8591 8599 8611 8634 8648 8660 8675 8653 8615 8608 8610 8620 8639 8656 8657 8659 8682 8737 8766 8764 8747 8726 8709 8696 8685 8670 8649 8632
8181 8168 8145 8150 8160 8175 8193 8195 8200 8206 8212 8210 8206 8204 8203 8207 8218 8237 8249 8262 8276 8294 8315 8339 8354 8364 8372 8373 8360 8341 8334 8331 8333 8344 8359 8363 8363 8393 8431 8443 8457 8471 8483 8498 8509 8521 8516 8517 8520 8508 8503 8505 8510 8520 8530 8555 8564 8588 8614 8645 8657 8663 8670 8672 8667 8620 8606 8619 8638 8655 8658 8664 8691 8741 8773 8750 8731 8709 8685 8659 8646 8651 8622 8611
8173 8156 8150 8148 8158 8169 8180 8187 8192 8197 8200 8200 8198 8193 8186 8197 8222 8241 8245 8254 8266 8278 8303 8330 8340 8350 8367 8380 8384 8368 8342 8333 8328 8321 8329 8345 8359 8381 8396 8421 8440 8455 8468 8477 8481 8477 8460 8458 8485 8503 8514 8521 8525 8531 8522 8524 8545 8580 8595 8606 8631 8649 8658 8668 8662 8616 8605 8620 8636 8648 8660 8659 8678 8743 8754 8739 8718 8691 8662 8632 8613 8589 8581 8591
8160 8148 8147 8155 8157 8164 8170 8176 8182 8189 8192 8192 8189 8184 8180 8199 8223 8226 8235 8247 8260 8272 8298 8322 8319 8322 8339 8359 8376 8373 8348 8341 8324 8313 8317 8326 8350 8375 8393 8414 8431 8442 8451 8458 8459 8441 8424 8430 8481 8547 8540 8529 8524 8520 8506 8492 8519 8550 8562 8580 8604 8630 8650 8651 8640 8622 8624 8636 8645 8661 8666 8651 8676 8682 8708 8721 8703 8673 8643 8613 8589 8577 8569 8587
8147 8143 8157 8142 8155 8158 8159 8164 8172 8179 8186 8188 8184 8180 8178 8186 8193 8203 8221 8238 8254 8272 8287 8291 8289 8288 8291 8332 8359 8354 8331 8324 8312 8309 8286 8312 8343 8374 8400 8417 8419 8425 8432 8438 8443 8445 8443 8470 8487 8532 8529 8518 8511 8501 8490 8486 8498 8509 8528 8547 8584 8613 8633 8639 8649 8671 8666 8664 8664 8662 8687 8693 8706 8722 8743 8712 8681 8654 8625 8599 8577 8561 8572 8593
8141 8142 8149 8168 8155 8152 8153 8157 8164 8171 8178 8182 8179 8176 8175 8179 8189 8201 8214 8231 8247 8261 8270 8273 8267 8265 8274 8307 8341 8329 8286 8283 8286 8273 8276 8308 8348 8368 8387 8398 8401 8406 8412 8418 8423 8420 8430 8473 8491 8489 8491 8494 8497 8493 8481 8467 8484 8495 8521 8555 8578 8604 8625 8637 8656 8684 8694 8696 8703 8711 8718 8706 8685 8686 8713 8684 8656 8630 8606 8586 8569 8551 8611 8651
8139 8143 8144 8147 8143 8143 8145 8148 8154 8161 8168 8172 8169 8167 8168 8178 8196 8201 8209 8223 8241 8253 8258 8260 8250 8253 8262 8280 8311 8299 8262 8258 8278 8300 8315 8323 8346 8354 8360 8367 8376 8384 8390 8396 8403 8412 8407 8413 8477 8446 8453 8465 8472 8477 8477 8486 8503 8509 8517 8538 8575 8603 8626 8639 8662 8693 8708 8715 8723 8721 8702 8691 8674 8659 8642 8638 8626 8609 8593 8576 8554 8580 8639 8653
8133 8131 8137 8129 8132 8134 8138 8145 8145 8150 8155 8158 8158 8157 8154 8165 8177 8181 8192 8211 8232 8242 8243 8242 8243 8243 8246 8255 8251 8254 8247 8259 8279 8304 8301 8297 8319 8333 8339 8340 8353 8363 8369 8374 8379 8389 8391 8388 8365 8388 8421 8438 8447 8460 8475 8497 8505 8508 8521 8546 8580 8607 8632 8649 8673 8708 8713 8721 8724 8709 8679 8670 8664 8642 8605 8596 8597 8591 8585 8580 8581 8606 8634 8651
8133 8132 8138 8132 8127 8126 8126 8121 8131 8139 8145 8148 8149 8148 8152 8153 8160 8162 8174 8193 8215 8225 8226 8227 8233 8228 8226 8222 8230 8233 8269 8283 8274 8262 8269 8288 8299 8320 8326 8331 8336 8342 8349 8354 8356 8364 8375 8380 8403 8410 8415 8424 8438 8450 8465 8470 8495 8516 8545 8565 8589 8615 8636 8644 8659 8685 8704 8715 8725 8702 8662 8648 8649 8630 8587 8573 8573 8577 8580 8587 8604 8615 8628 8649
8133 8131 8133 8131 8125 8120 8116 8111 8122 8130 8138 8143 8142 8137 8133 8143 8149 8153 8162 8173 8181 8196 8205 8213 8212 8205 8203 8203 8215 8257 8308 8295 8271 8249 8261 8298 8318 8317 8314 8314 8319 8324 8331 8339 8347 8356 8358 8370 8407 8421 8414 8413 8416 8440 8460 8475 8496 8516 8528 8569 8600 8624 8646 8655 8646 8669 8700 8710 8698 8689 8667 8644 8631 8600 8575 8562 8568 8574 8582 8591 8602 8608 8616 8635
8129 8131 8131 8131 8123 8116 8112 8110 8115 8125 8134 8140 8139 8132 8131 8138 8143 8145 8151 8158 8163 8177 8189 8190 8192 8187 8194 8210 8244 8280 8286 8279 8264 8259 8276 8302 8311 8305 8298 8296 8300 8308 8318 8329 8344 8357 8353 8362 8394 8407 8405 8402 8406 8432 8455 8487 8512 8541 8571 8592 8611 8632 8654 8664 8676 8702 8718 8722 8711 8692 8671 8653 8628 8607 8586 8570 8575 8580 8586 8592 8596 8603 8615 8613
8132 8136 8137 8129 8115 8113 8109 8105 8111 8121 8131 8139 8140 8135 8134 8136 8139 8140 8145 8151 8159 8172 8184 8188 8177 8175 8196 8223 8268 8283 8271 8255 8249 8250 8259 8222 8282 8281 8278 8274 8280 8293 8306 8319 8333 8349 8342 8346 8370 8384 8392 8398 8409 8434 8466 8502 8522 8555 8599 8607 8622 8639 8657 8674 8722 8747 8746 8746 8744 8705 8664 8650 8632 8613 8605 8596 8592 8593 8593 8594 8593 8595 8604 8605
8129 8130 8133 8132 8126 8115 8111 8108 8112 8121 8130 8138 8140 8136 8134 8137 8139 8138 8143 8149 8159 8174 8191 8214 8240 8234 8218 8250 8271 8264 8228 8227 8227 8226 8226 8238 8250 8261 8259 8255 8262 8281 8298 8312 8321 8332 8338 8341 8337 8365 8382 8396 8414 8436 8464 8499 8514 8532 8554 8602 8630 8649 8663 8704 8776 8770 8759 8755 8753 8718 8691 8669 8643 8623 8625 8611 8612 8608 8603 8598 8596 8596 8597 8605
8132 8133 8132 8132 8124 8118 8115 8114 8117 8123 8130 8136 8136 8134 8132 8137 8144 8141 8141 8145 8156 8174 8197 8216 8226 8221 8211 8211 8218 8243 8207 8205 8209 8209 8207 8223 8236 8246 8248 8249 8257 8274 8293 8311 8316 8326 8347 8348 8355 8366 8380 8392 8411 8434 8460 8479 8498 8515 8555 8609 8640 8664 8691 8727 8748 8755 8746 8739 8730 8713 8699 8682 8657 8630 8621 8654 8632 8621 8612 8605 8599 8598 8597 8588
8131 8133 8133 8134 8124 8122 8120 8117 8118 8125 8131 8135 8137 8129 8130 8134 8137 8140 8142 8144 8152 8172 8194 8215 8222 8201 8185 8185 8209 8188 8181 8188 8196 8204 8211 8225 8238 8242 8247 8248 8252 8271 8290 8309 8321 8340 8359 8355 8360 8372 8385 8390 8409 8428 8445 8468 8491 8518 8569 8625 8653 8675 8705 8727 8741 8734 8721 8703 8700 8710 8709 8703 8672 8637 8613 8628 8628 8620 8616 8610 8604 8594 8584 8579
8137 8136 8134 8135 8131 8128 8125 8124 8125 8128 8134 8138 8138 8131 8130 8132 8135 8141 8144 8145 8154 8170 8189 8207 8223 8204 8179 8157 8164 8163 8169 8180 8192 8205 8224 8238 8253 8257 8255 8252 8257 8276 8292 8306 8322 8343 8363 8367 8370 8380 8398 8416 8427 8431 8439 8476 8496 8520 8578 8638 8668 8680 8682 8711 8715 8718 8708 8693 8692 8709 8714 8703 8678 8649 8617 8588 8607 8612 8615 8614 8611 8604 8595 8577
8144 8140 8136 8142 8140 8135 8130 8126 8124 8131 8138 8144 8143 8135 8133 8133 8133 8138 8144 8146 8157 8171 8187 8196 8195 8212 8186 8160 8153 8154 8166 8179 8192 8205 8217 8230 8246 8261 8265 8269 8286 8289 8301 8310 8327 8327 8341 8365 8369 8388 8408 8434 8444 8460 8498 8504 8514 8522 8591 8669 8694 8707 8692 8725 8718 8723 8718 8713 8711 8710 8710 8700 8681 8657 8622 8592 8600 8608 8615 8617 8619 8622 8605 8583
8150 8145 8144 8146 8145 8138 8132 8129 8128 8134 8142 8151 8153 8137 8136 8136 8138 8144 8147 8152 8161 8173 8187 8200 8209 8231 8207 8169 8154 8163 8168 8179 8192 8204 8214 8225 8243 8265 8271 8278 8284 8297 8311 8327 8335 8328 8342 8360 8373 8393 8412 8427 8450 8473 8507 8533 8548 8578 8625 8672 8720 8755 8789 8783 8761 8734 8734 8742 8732 8724 8718 8712 8697 8668 8645 8621 8608 8610 8615 8618 8620 8620 8607 8594
8148 8144 8144 8141 8142 8137 8133 8131 8131 8135 8144 8154 8162 8145 8142 8143 8145 8148 8153 8157 8165 8177 8192 8212 8246 8240 8217 8186 8161 8157 8168 8181 8194 8206 8221 8236 8244 8258 8271 8282 8294 8305 8314 8327 8332 8349 8367 8362 8387 8415 8433 8442 8471 8487 8546 8567 8587 8599 8662 8716 8741 8758 8776 8756 8743 8739 8741 8744 8745 8738 8735 8729 8711 8680 8645 8622 8616 8619 8622 8625 8625 8619 8607 8591
