real_craters/C145-750m.grd
DSAA
125 125
-46.375 46.375
-46.375 46.375
6609.2386655473 9292.9731236071
[rows 38 to 75 of 125, columns 0 to 83 of 125]
8144 8143 8140 8139 8143 8139 8135 8131 8130 8135 8144 8153 8156 8152 8156 8158 8156 8153 8152 8154 8169 8181 8191 8206 8213 8201 8182 8173 8160 8161 8171 8183 8195 8207 8220 8229 8243 8254 8270 8283 8298 8308 8314 8317 8339 8360 8391 8425 8429 8450 8476 8497 8510 8536 8561 8592 8631 8683 8693 8733 8728 8716 8712 8717 8732 8744 8746 8744 8755 8758 8751 8739 8722 8696 8669 8650 8631 8631 8634 8638 8637 8629 8623 8610
8150 8140 8138 8139 8138 8139 8135 8133 8132 8136 8145 8152 8158 8174 8171 8168 8167 8169 8176 8180 8185 8184 8184 8187 8202 8196 8174 8167 8167 8172 8176 8185 8196 8207 8219 8230 8237 8254 8267 8281 8291 8303 8319 8335 8350 8368 8374 8442 8459 8474 8503 8527 8535 8546 8574 8607 8641 8664 8675 8655 8675 8699 8700 8699 8717 8738 8759 8772 8761 8755 8753 8744 8728 8709 8692 8657 8639 8644 8647 8650 8651 8654 8651 8635
8158 8145 8138 8135 8136 8140 8137 8135 8135 8138 8147 8157 8168 8188 8180 8173 8172 8185 8186 8189 8189 8183 8176 8164 8161 8201 8191 8178 8166 8169 8178 8187 8197 8208 8217 8224 8229 8233 8263 8281 8293 8306 8320 8335 8348 8363 8391 8434 8461 8486 8500 8528 8557 8579 8591 8614 8648 8669 8663 8666 8681 8697 8701 8684 8721 8744 8772 8773 8763 8754 8755 8753 8735 8726 8690 8654 8654 8659 8663 8664 8666 8666 8662 8654
8167 8148 8141 8137 8138 8141 8139 8138 8138 8140 8151 8162 8174 8180 8179 8176 8172 8160 8159 8176 8185 8185 8180 8178 8185 8226 8228 8192 8172 8172 8179 8188 8199 8209 8217 8222 8224 8247 8273 8286 8297 8307 8314 8325 8338 8354 8363 8402 8448 8494 8538 8554 8570 8600 8607 8616 8619 8645 8665 8660 8663 8716 8725 8724 8767 8814 8812 8799 8764 8749 8764 8770 8780 8746 8716 8696 8674 8679 8678 8674 8673 8669 8664 8668
8166 8156 8151 8147 8134 8137 8138 8140 8144 8148 8154 8159 8176 8174 8170 8172 8169 8165 8174 8190 8191 8186 8181 8186 8193 8189 8189 8188 8181 8173 8180 8190 8200 8211 8221 8229 8234 8237 8273 8289 8297 8300 8306 8310 8318 8328 8336 8379 8429 8478 8519 8539 8543 8574 8605 8622 8636 8675 8717 8711 8696 8750 8776 8795 8819 8849 8805 8814 8815 8800 8796 8787 8774 8755 8759 8780 8732 8715 8706 8690 8678 8674 8657 8661
8164 8171 8161 8142 8130 8135 8136 8139 8145 8161 8145 8141 8135 8153 8160 8167 8174 8188 8215 8209 8202 8183 8173 8165 8165 8163 8171 8172 8173 8178 8181 8190 8201 8213 8226 8239 8242 8251 8282 8292 8297 8297 8297 8287 8308 8317 8336 8367 8412 8455 8501 8507 8504 8541 8621 8671 8698 8760 8835 8912 8983 8903 8910 8896 8903 8851 8862 8894 8892 8873 8846 8818 8777 8758 8769 8766 8827 8769 8729 8703 8678 8657 8652 8653
8135 8140 8141 8143 8152 8144 8139 8132 8124 8109 8120 8132 8147 8146 8160 8168 8176 8190 8188 8181 8179 8168 8163 8160 8155 8156 8153 8161 8171 8174 8181 8191 8203 8216 8228 8241 8250 8256 8272 8290 8303 8322 8329 8324 8318 8316 8330 8368 8403 8433 8466 8517 8517 8578 8695 8781 8794 8873 8940 9032 9125 9034 9106 9093 9031 9025 9060 9041 8979 8939 8905 8875 8845 8826 8813 8813 8824 8785 8753 8720 8686 8656 8651 8657
8112 8119 8123 8127 8131 8143 8138 8123 8110 8097 8105 8115 8133 8159 8167 8170 8171 8164 8142 8145 8134 8146 8151 8156 8151 8139 8143 8158 8167 8172 8180 8192 8205 8218 8231 8240 8245 8255 8274 8286 8300 8312 8317 8324 8319 8323 8339 8386 8412 8432 8482 8595 8689 8768 8817 8932 9039 8960 8935 8976 9087 9034 9073 9045 9029 9164 9293 9149 9073 8992 8931 8922 8957 8978 8866 8787 8846 8814 8777 8745 8712 8679 8656 8644
8094 8102 8105 8110 8118 8117 8120 8114 8106 8099 8107 8122 8120 8146 8164 8169 8160 8144 8124 8128 8130 8134 8138 8140 8150 8151 8151 8156 8161 8169 8179 8195 8209 8223 8233 8242 8248 8250 8264 8282 8294 8298 8299 8310 8328 8370 8440 8434 8440 8470 8560 8710 8904 8921 8883 8958 9017 8876 8781 8733 8723 8661 8641 8687 8762 8877 8963 8965 9017 8908 8858 8886 8952 8967 8896 8804 8815 8819 8786 8762 8740 8710 8673 8645
8093 8097 8096 8094 8090 8095 8101 8109 8111 8111 8118 8127 8142 8173 8188 8173 8154 8137 8120 8116 8121 8126 8131 8137 8152 8153 8156 8164 8172 8179 8190 8202 8214 8226 8238 8248 8256 8261 8276 8289 8297 8300 8301 8306 8322 8419 8457 8461 8460 8483 8609 8799 8925 8915 8803 8750 8711 8594 8490 8396 8294 8205 8172 8246 8340 8418 8474 8515 8543 8608 8674 8758 8876 9006 8920 8842 8804 8791 8806 8788 8758 8729 8700 8679
8098 8100 8092 8090 8092 8098 8108 8116 8123 8128 8138 8144 8155 8186 8197 8169 8143 8121 8111 8109 8113 8118 8126 8135 8155 8173 8170 8174 8182 8191 8201 8212 8222 8234 8244 8255 8262 8274 8285 8300 8307 8311 8318 8312 8331 8401 8450 8491 8519 8529 8664 8887 9081 8842 8620 8411 8296 8252 8184 8085 7943 7857 7771 7871 7938 7964 8022 8057 8117 8270 8409 8540 8685 8832 8876 8899 8854 8850 8866 8812 8751 8728 8725 8719
8103 8101 8096 8096 8101 8108 8114 8124 8137 8153 8172 8175 8163 8173 8174 8152 8124 8099 8094 8094 8097 8106 8127 8146 8155 8159 8177 8180 8185 8197 8215 8216 8226 8239 8252 8265 8279 8291 8286 8307 8314 8315 8306 8313 8335 8381 8462 8548 8636 8684 8755 8861 8914 8666 8392 8115 7988 7969 7927 7841 7731 7693 7638 7639 7659 7630 7642 7734 7798 7979 8123 8257 8387 8516 8707 8958 9074 8988 8950 8851 8761 8733 8741 8756
8103 8106 8102 8105 8115 8120 8124 8133 8144 8162 8180 8174 8156 8152 8145 8132 8113 8091 8087 8092 8093 8098 8106 8139 8168 8157 8154 8180 8182 8192 8197 8214 8229 8242 8257 8272 8284 8293 8272 8319 8312 8307 8292 8314 8335 8357 8459 8610 8770 8902 8820 8733 8605 8421 8193 7959 7837 7791 7746 7683 7613 7545 7502 7480 7474 7503 7608 7610 7650 7740 7845 7952 8074 8188 8432 8776 9090 9160 9055 8918 8776 8744 8743 8761
8109 8109 8113 8120 8133 8157 8143 8138 8142 8148 8148 8139 8137 8131 8127 8119 8115 8108 8097 8095 8094 8092 8099 8139 8192 8166 8154 8160 8174 8189 8206 8219 8231 8245 8259 8275 8293 8300 8281 8298 8299 8290 8311 8326 8349 8360 8478 8666 8845 8949 8788 8591 8362 8220 8055 7887 7770 7691 7626 7572 7525 7404 7377 7354 7325 7307 7411 7449 7484 7546 7621 7695 7774 7889 8109 8433 8785 9210 9223 8991 8788 8758 8746 8740
8120 8131 8137 8136 8141 8139 8139 8137 8137 8134 8127 8124 8123 8118 8106 8114 8125 8126 8111 8098 8098 8102 8134 8150 8165 8157 8153 8153 8164 8185 8202 8217 8232 8247 8261 8275 8290 8302 8309 8298 8292 8290 8315 8346 8388 8398 8512 8703 8847 8854 8681 8419 8186 8075 7947 7817 7705 7615 7531 7455 7355 7307 7290 7249 7205 7161 7179 7249 7305 7367 7426 7484 7543 7621 7805 8125 8510 9020 9234 9054 8861 8807 8762 8718
8126 8127 8125 8122 8138 8147 8141 8137 8131 8128 8126 8121 8126 8127 8120 8134 8144 8151 8123 8102 8106 8117 8140 8142 8139 8148 8148 8153 8164 8183 8196 8215 8232 8246 8257 8267 8273 8280 8299 8308 8296 8274 8307 8354 8411 8439 8564 8769 8906 8843 8585 8332 8075 7957 7858 7764 7639 7535 7447 7384 7310 7268 7221 7171 7121 7079 7072 7054 7132 7216 7287 7338 7382 7434 7582 7898 8274 8733 9093 9116 9026 8909 8806 8708
8114 8109 8112 8123 8126 8120 8122 8124 8127 8129 8126 8134 8142 8148 8165 8159 8145 8141 8125 8116 8116 8115 8126 8129 8132 8143 8148 8167 8175 8191 8209 8224 8236 8245 8254 8259 8262 8269 8290 8302 8304 8315 8332 8373 8451 8457 8611 8821 8983 8856 8449 8049 7888 7822 7736 7660 7547 7450 7374 7305 7255 7206 7160 7113 7065 7022 7018 7025 7065 7133 7198 7249 7291 7351 7491 7742 8068 8503 8915 9115 9125 8993 8846 8727
8103 8099 8102 8110 8118 8120 8116 8115 8127 8141 8151 8167 8163 8157 8149 8137 8125 8114 8115 8112 8115 8119 8122 8122 8130 8148 8170 8189 8189 8202 8220 8236 8240 8246 8252 8257 8260 8267 8278 8292 8311 8317 8332 8366 8435 8474 8648 8833 8966 8742 8292 7850 7749 7677 7575 7483 7426 7362 7292 7220 7186 7182 7115 7078 7037 7006 6994 6997 7031 7080 7138 7189 7240 7315 7441 7637 7885 8279 8691 9100 9160 9018 8861 8710
8097 8096 8101 8111 8115 8116 8114 8112 8132 8160 8197 8197 8178 8162 8146 8131 8116 8109 8112 8116 8119 8118 8125 8122 8148 8156 8182 8194 8200 8212 8225 8236 8242 8248 8253 8256 8257 8257 8261 8273 8336 8381 8328 8325 8406 8549 8664 8772 8804 8529 8131 7850 7639 7550 7454 7382 7333 7291 7237 7169 7154 7140 7092 7060 7025 6996 6980 6984 7012 7058 7106 7161 7220 7305 7446 7571 7756 8077 8483 8894 9023 8966 8864 8752
8095 8092 8096 8105 8109 8112 8114 8115 8137 8166 8192 8194 8178 8161 8143 8125 8113 8109 8113 8119 8118 8124 8124 8127 8140 8155 8184 8205 8210 8218 8226 8229 8245 8252 8255 8255 8257 8260 8260 8299 8365 8349 8320 8359 8445 8594 8648 8654 8589 8265 7871 7651 7569 7436 7292 7245 7240 7229 7225 7222 7183 7152 7103 7061 7017 6981 6959 6961 6989 7027 7086 7154 7215 7292 7377 7534 7708 7958 8277 8625 8818 8862 8847 8816
8094 8087 8089 8096 8103 8109 8114 8117 8141 8172 8190 8182 8168 8152 8137 8122 8112 8110 8116 8122 8124 8130 8133 8136 8140 8160 8186 8218 8215 8227 8241 8252 8260 8261 8259 8256 8259 8270 8272 8333 8368 8314 8296 8419 8671 8680 8633 8534 8344 8045 7702 7616 7507 7361 7225 7172 7175 7188 7207 7237 7219 7192 7143 7090 7011 6962 6936 6923 6957 7001 7064 7139 7222 7309 7417 7553 7707 7918 8192 8531 8692 8767 8789 8789
8096 8098 8096 8095 8098 8106 8116 8117 8145 8186 8216 8184 8161 8147 8136 8123 8116 8117 8121 8125 8126 8137 8139 8143 8143 8167 8184 8206 8218 8239 8260 8277 8278 8268 8260 8255 8253 8255 8265 8365 8332 8377 8310 8501 8767 8711 8619 8465 8226 7924 7677 7599 7468 7320 7182 7141 7134 7146 7180 7214 7231 7248 7240 7171 7047 6972 6920 6888 6914 6967 7042 7131 7220 7318 7435 7558 7691 7886 8117 8463 8623 8705 8734 8744
8091 8088 8092 8096 8098 8101 8120 8129 8155 8188 8213 8164 8147 8142 8141 8141 8130 8125 8128 8133 8135 8141 8133 8143 8163 8179 8193 8195 8229 8250 8268 8287 8284 8267 8255 8248 8244 8243 8250 8290 8359 8321 8386 8475 8740 8718 8617 8458 8209 7880 7603 7554 7423 7284 7193 7106 7081 7092 7145 7212 7316 7387 7450 7307 7133 7018 6931 6871 6881 6944 7023 7119 7222 7327 7434 7548 7658 7797 8103 8427 8592 8690 8737 8754
8086 8083 8087 8091 8093 8094 8108 8139 8164 8176 8166 8133 8130 8138 8145 8149 8143 8132 8136 8144 8146 8151 8144 8152 8164 8186 8196 8204 8241 8251 8260 8271 8268 8257 8250 8245 8244 8248 8263 8308 8388 8328 8408 8430 8651 8706 8644 8485 8207 7874 7676 7527 7375 7223 7101 7048 7022 7025 7072 7159 7301 7449 7521 7413 7220 7077 6972 6874 6859 6923 7017 7121 7225 7334 7449 7560 7647 7767 8025 8382 8573 8712 8780 8785
8084 8082 8081 8079 8076 8083 8098 8114 8135 8154 8141 8125 8114 8113 8125 8141 8125 8154 8164 8167 8168 8158 8146 8162 8175 8194 8206 8219 8232 8237 8240 8236 8237 8245 8249 8248 8253 8262 8288 8372 8402 8341 8339 8439 8606 8706 8695 8576 8258 7844 7592 7460 7308 7160 7056 6983 6949 6944 6974 7054 7213 7428 7619 7538 7287 7138 7003 6904 6876 6930 7017 7119 7228 7338 7461 7591 7645 7761 7907 8256 8553 8771 8938 8881
8081 8076 8074 8073 8068 8070 8071 8094 8118 8115 8118 8107 8100 8096 8102 8163 8169 8173 8180 8176 8166 8157 8155 8161 8182 8196 8205 8224 8230 8222 8226 8224 8226 8241 8247 8252 8258 8274 8307 8371 8351 8328 8337 8457 8642 8735 8761 8681 8319 7858 7524 7382 7230 7077 6969 6916 6882 6862 6880 6946 7084 7352 7641 7629 7389 7203 7074 6951 6911 6953 7030 7124 7232 7339 7451 7556 7622 7713 7912 8282 8598 8814 8958 8918
8078 8068 8062 8070 8066 8066 8072 8076 8084 8111 8116 8115 8109 8080 8041 8013 8147 8206 8202 8188 8173 8164 8166 8164 8188 8190 8195 8218 8224 8213 8222 8232 8246 8249 8252 8255 8266 8281 8306 8349 8367 8321 8343 8533 8636 8745 8813 8744 8360 7873 7496 7304 7183 7046 6942 6884 6830 6788 6768 6815 6943 7179 7401 7458 7343 7187 7072 6983 6938 6973 7052 7146 7248 7351 7446 7533 7627 7756 8011 8451 8729 8830 8871 8900
8072 8062 8055 8058 8058 8062 8063 8056 8057 8079 8108 8122 8117 8085 8034 7959 8243 8237 8223 8207 8191 8172 8168 8178 8190 8194 8193 8203 8206 8212 8222 8239 8257 8253 8257 8263 8270 8282 8289 8319 8372 8345 8368 8467 8563 8741 8860 8788 8384 7880 7460 7292 7176 7067 6958 6863 6790 6728 6706 6700 6792 6980 7134 7200 7166 7073 6999 6961 6945 6996 7064 7167 7275 7386 7486 7584 7731 7904 8194 8614 8870 8863 8818 8849
8070 8063 8059 8059 8060 8063 8064 8058 8066 8074 8100 8126 8139 8107 8094 8155 8168 8217 8227 8223 8215 8180 8171 8176 8179 8182 8190 8197 8197 8209 8222 8232 8231 8247 8256 8266 8276 8286 8298 8302 8322 8358 8386 8497 8566 8761 8915 8842 8409 7900 7474 7291 7176 7104 6966 6855 6774 6698 6609 6628 6692 6829 6936 6997 6996 6934 6905 6920 6954 7014 7090 7194 7308 7429 7561 7713 7904 8113 8414 8853 8988 8880 8796 8782
8069 8064 8058 8058 8061 8063 8060 8053 8069 8079 8094 8114 8128 8113 8114 8145 8163 8209 8225 8221 8209 8180 8169 8164 8170 8168 8187 8207 8225 8228 8228 8234 8238 8246 8255 8266 8277 8286 8296 8296 8319 8358 8386 8453 8620 8772 8917 8832 8426 7922 7529 7318 7152 7029 6924 6844 6779 6736 6689 6661 6689 6755 6831 6887 6861 6823 6832 6880 6922 7012 7107 7225 7350 7490 7648 7851 8082 8327 8635 9087 9062 8843 8711 8692
8068 8067 8066 8062 8063 8066 8060 8064 8069 8075 8088 8100 8099 8105 8104 8123 8200 8225 8222 8209 8190 8170 8156 8159 8175 8173 8190 8216 8243 8245 8234 8234 8238 8243 8250 8262 8271 8283 8295 8302 8331 8365 8397 8418 8529 8720 8856 8777 8458 8018 7619 7362 7137 6968 6892 6847 6800 6765 6722 6685 6698 6733 6768 6759 6754 6729 6787 6864 6915 7028 7154 7297 7443 7588 7747 7918 8151 8508 8870 9182 8957 8755 8637 8596
8066 8066 8070 8064 8060 8059 8053 8048 8062 8066 8085 8101 8116 8108 8097 8118 8201 8229 8220 8203 8188 8182 8180 8164 8175 8174 8192 8217 8240 8243 8234 8231 8229 8233 8242 8253 8267 8282 8296 8309 8364 8402 8403 8427 8511 8681 8840 8784 8538 8134 7758 7461 7178 6973 6915 6884 6844 6807 6742 6706 6729 6761 6778 6759 6751 6740 6825 6905 6950 7060 7217 7387 7544 7698 7860 8032 8287 8639 9034 8984 8802 8687 8601 8564
8063 8065 8064 8062 8058 8060 8056 8064 8062 8069 8087 8105 8117 8112 8100 8123 8189 8222 8217 8201 8183 8185 8183 8179 8170 8171 8190 8211 8231 8232 8228 8225 8223 8228 8235 8244 8258 8273 8292 8316 8368 8414 8365 8393 8469 8624 8831 8818 8675 8312 7950 7631 7316 7094 7022 6975 6936 6912 6855 6811 6828 6854 6866 6860 6875 6915 6956 7011 7042 7142 7321 7499 7672 7837 7988 8174 8375 8686 8877 8817 8750 8682 8615 8556
8064 8066 8061 8057 8059 8055 8058 8067 8062 8075 8092 8111 8128 8124 8104 8123 8179 8210 8210 8204 8192 8177 8176 8187 8178 8178 8189 8203 8215 8226 8216 8215 8214 8219 8227 8238 8252 8267 8286 8318 8347 8400 8356 8362 8421 8530 8664 8797 8814 8547 8194 7868 7559 7335 7210 7124 7057 7019 6996 6958 7001 7009 6994 7000 7033 7079 7119 7168 7208 7315 7480 7655 7818 7986 8145 8340 8582 8836 8873 8766 8673 8644 8614 8585
8065 8066 8066 8061 8042 8042 8053 8061 8069 8080 8102 8119 8129 8125 8120 8133 8165 8188 8197 8199 8193 8179 8186 8182 8181 8185 8189 8196 8201 8200 8203 8205 8207 8209 8218 8232 8247 8260 8276 8296 8335 8382 8377 8340 8393 8462 8582 8760 8864 8750 8424 8125 7832 7610 7455 7325 7219 7165 7215 7282 7234 7198 7176 7166 7192 7228 7284 7347 7423 7485 7656 7809 7974 8125 8309 8498 8666 8931 8886 8718 8649 8668 8607 8566
8061 8065 8069 8062 8043 8041 8051 8061 8065 8093 8119 8129 8126 8121 8124 8137 8160 8180 8186 8183 8180 8180 8187 8174 8169 8180 8186 8192 8195 8198 8199 8200 8197 8191 8211 8225 8239 8254 8269 8283 8317 8343 8349 8373 8402 8472 8559 8730 8873 8766 8584 8388 8153 7939 7753 7572 7413 7304 7413 7498 7450 7387 7341 7319 7332 7401 7451 7530 7627 7742 7846 7973 8106 8265 8435 8623 8859 8864 8783 8674 8644 8606 8594 8571
8056 8061 8063 8065 8050 8050 8053 8061 8096 8143 8148 8144 8137 8123 8111 8132 8159 8176 8183 8182 8177 8177 8176 8167 8174 8179 8185 8190 8196 8206 8203 8198 8196 8204 8211 8222 8235 8248 8259 8260 8281 8301 8319 8352 8393 8436 8512 8651 8782 8763 8702 8632 8505 8301 8077 7857 7663 7511 7627 7693 7639 7567 7466 7458 7456 7511 7609 7707 7803 7894 7995 8128 8245 8379 8516 8656 8784 8694 8665 8629 8607 8603 8588 8573
8051 8054 8053 8047 8047 8044 8056 8074 8104 8153 8159 8156 8154 8152 8129 8146 8166 8180 8184 8183 8174 8171 8178 8161 8170 8177 8183 8187 8191 8190 8188 8191 8194 8202 8210 8219 8232 8244 8255 8258 8276 8299 8326 8348 8381 8400 8457 8546 8592 8661 8735 8807 8852 8603 8367 8155 7956 7796 7789 7825 7823 7794 7762 7692 7704 7673 7781 7890 7980 8017 8148 8293 8394 8483 8569 8632 8662 8637 8603 8591 8616 8607 8579 8565
