real_craters/C145-500m.grd
DSAA
187 187
-46.375 46.375
-46.375 46.375
6609.2386570332 9263.391719304
[rows 120 to 149 of 187, columns 0 to 66 of 187]
8072.64 8071.09 8070.22 8065.02 8064.01 8067 8073.85 8090.29 8114.46 8131 8108.23 8111.22 8123.08 8126.01 8139.66 8146.21 8133.84 8138.14 8147.3 8157.41 8151.81 8137.91 8149.96 8168.29 8187.96 8202.82 8206.72 8188.45 8164.98 8161.51 8164.3 8163.43 8156.86 8164.3 8172.35 8172.87 8170.09 8168.91 8169.04 8168.91 8167.75 8166.48 8164.77 8162.67 8161.6 8166.31 8166.99 8169.53 8175.96 8182.9 8191.19 8197.2 8192.98 8190.56 8189.51 8187.79 8185.92 8182.76 8205.21 8231.1 8246.83 8256.62 8269.43 8267.81 8273.84 8286.27 8300.79
8075.39 8073 8071.63 8069.08 8069.01 8069.72 8079.9 8112.5 8143.01 8153.82 8123.3 8105.09 8111.62 8113.42 8122.45 8117.38 8124.68 8132.77 8143.24 8159.96 8174.71 8145.47 8148.18 8164.75 8182.6 8196.23 8198.56 8183.56 8165.9 8161.76 8161.26 8158.9 8157.43 8161.71 8156.55 8157.41 8162.02 8163.81 8166.63 8166.41 8164.93 8163.08 8161.13 8159.23 8159.41 8162.95 8164.96 8169.21 8172.63 8175.53 8177.01 8174.68 8181.77 8184.3 8183.78 8182.65 8180.57 8186.25 8206.04 8225.42 8241.56 8249.38 8255.24 8253.07 8267.42 8275.97 8285.07
8096.43 8081.69 8076.67 8076.66 8076.49 8080.25 8097.4 8130.15 8164.95 8172.13 8143.88 8114.97 8134.28 8145.29 8136.17 8113.88 8119.67 8126.77 8131.31 8128.34 8117.39 8119.4 8139.77 8159.48 8177.94 8193.28 8200.98 8190.1 8169.36 8166.17 8163.39 8159.85 8155.89 8160.96 8163.53 8158.88 8164.08 8168.89 8167.06 8164.24 8161.21 8158.72 8157.14 8156.24 8157.19 8161.82 8173.01 8168.93 8167.86 8169.19 8170.37 8172.86 8175.99 8179.3 8181.66 8183.33 8188.56 8199.55 8218.69 8236.82 8245.23 8233.65 8245.83 8244.82 8260.21 8266.04 8270.25
8093.33 8090.28 8089.12 8084.55 8085.82 8088.42 8094.09 8128.59 8158.07 8178.71 8157 8124.8 8137.02 8135.86 8125.74 8123.39 8123.07 8125.94 8126.55 8121.06 8113.24 8117.05 8137.67 8155.32 8173.53 8190.71 8203.37 8197.05 8178.7 8175.85 8173.67 8166.47 8161.79 8158.57 8162.61 8159.13 8164.49 8172.62 8165.29 8161.15 8157.79 8156.13 8154.27 8153.92 8154.13 8156.93 8165.72 8162.04 8161.65 8163.74 8166.13 8168.61 8173.27 8177.64 8181.27 8186.13 8194.6 8212.67 8228.95 8247.48 8239.01 8222.24 8230.69 8242.32 8245.75 8251.01 8259.25
8102.83 8102.57 8100.31 8100.82 8100.35 8101.84 8108.51 8127.73 8147.65 8155.55 8146.34 8127.1 8123.61 8105.99 8103.66 8115.64 8122.22 8127.97 8130.21 8129.8 8133.31 8144.73 8143.01 8151.33 8166.22 8185.04 8203.72 8207.19 8195.12 8190.16 8185.97 8180.84 8175.33 8169.02 8162.52 8154.51 8156.84 8158.29 8157.08 8154.56 8152.25 8150.85 8150.12 8150.55 8151.65 8153.05 8157.63 8149.98 8153.87 8158.76 8163.75 8167.81 8175.12 8179.32 8183.17 8187.77 8193.59 8206.78 8222.92 8235.65 8229.21 8222.36 8222.62 8230.2 8235.04 8239.5 8246.05
8113.1 8114.21 8116.07 8114.23 8113.48 8118.76 8133.02 8129.22 8118.4 8117.97 8116.33 8124.18 8133.22 8137.86 8111.15 8108.18 8124.36 8138.73 8141.63 8135.74 8137.74 8139.41 8139 8144.84 8157.19 8174.5 8195.93 8218.39 8213.78 8202.85 8198.31 8199.21 8186.1 8179.45 8160.97 8146.21 8147.63 8148.15 8148.16 8147.25 8146.54 8146.17 8146.37 8146.82 8148.21 8149.8 8144.68 8144.16 8149.05 8155.31 8163.08 8174.17 8179.62 8182.09 8186.42 8190.28 8193.73 8201.46 8208.08 8212.72 8220.45 8224.03 8225.59 8231.46 8237.85 8235.15 8234.95
8111.7 8114.39 8115.58 8120.07 8122.26 8125.82 8131.51 8130.28 8121.1 8116.38 8116.69 8126.25 8126.2 8103.08 8084.17 8114.47 8144.33 8160.39 8164.99 8154.74 8143.57 8127.82 8127.96 8135.36 8145.58 8157.82 8177.33 8207.24 8215.76 8210.66 8201.38 8192.88 8179.79 8161.65 8149.08 8140.16 8139.44 8141.78 8140.3 8139.73 8140.81 8141.92 8141.59 8142.39 8143.09 8146.04 8146.29 8143.1 8145.52 8152.13 8160 8168.19 8175.47 8183.29 8190.46 8196.64 8200.6 8202.73 8203.64 8206.83 8215.61 8224.32 8228.59 8236.65 8240.79 8230.74 8221.87
8109.87 8112.51 8115.69 8121.39 8126.61 8130.29 8132.46 8136.72 8140.52 8143.77 8147.98 8139.13 8123.95 8094.99 8087.97 8128.26 8170.02 8182.62 8194.73 8198.97 8163.66 8126.6 8122.94 8129.74 8133.7 8136.87 8144.83 8171.41 8202.25 8213.1 8203.02 8179.09 8169.53 8160.11 8144.57 8135.13 8129.84 8128.86 8129.89 8132.77 8135.65 8136.86 8137.45 8137.48 8136.07 8133.16 8128.33 8134.18 8141.81 8149.49 8157.12 8164.66 8173.15 8183.29 8194.15 8203.91 8209.95 8209.2 8207.12 8208.26 8213.2 8221.36 8231.55 8236.57 8234.24 8224.68 8220.39
8111.65 8112.93 8115.51 8119.83 8124.09 8131.18 8139.72 8147.06 8148.48 8151.04 8159 8151.43 8136.71 8119.53 8093.75 8126.09 8178.38 8183.37 8203.54 8217.26 8181.23 8147.17 8136.8 8133.61 8127.81 8120.96 8114.24 8140.06 8185.4 8194.65 8182.09 8166 8156.22 8150.79 8138.43 8120.89 8119.18 8119.27 8121.83 8128.32 8132.21 8133.77 8134.01 8133.49 8130.91 8126.73 8128.32 8134.31 8140.35 8148.47 8156.56 8164.14 8173.5 8184.5 8196.14 8208.4 8219.72 8214.23 8210.64 8209.73 8214.03 8224.04 8233.34 8235.2 8230.91 8222.72 8224.4
8109.27 8110.15 8112.43 8114.57 8120.73 8124.81 8134.15 8142.52 8145.11 8152.95 8164.05 8153.67 8144.36 8145.6 8098.45 8099.53 8121.16 8150.11 8176.58 8191.65 8180.64 8173.2 8160.96 8143.98 8130.97 8119.11 8110.29 8134.03 8169.91 8166.25 8158.64 8151.25 8142.66 8138.81 8131.96 8120.05 8119.6 8120.92 8125.11 8129.76 8131.34 8131.44 8131.48 8130.42 8129.05 8127.36 8131.03 8132.87 8140.66 8149 8157.56 8166.53 8175.86 8185.85 8195.59 8205.37 8211.9 8208.99 8205.19 8204.38 8211.07 8217.08 8230.74 8226.73 8225.42 8226.81 8229.98
8107.18 8106.91 8108.76 8107.16 8110.17 8113.37 8115.81 8123.32 8135.33 8138.47 8136.92 8128.82 8123.96 8118 8092.13 8092.98 8091.87 8115.74 8131.68 8147.71 8162.46 8169.05 8164.16 8151.55 8139.9 8129.32 8124.36 8143.15 8165.06 8159.05 8156.07 8146.88 8139.65 8140.25 8132.72 8125.22 8122.12 8129.27 8135.43 8132.71 8132.71 8132.67 8131.61 8130.74 8129.74 8128.88 8132.77 8144.11 8144.75 8150.95 8159.05 8168.02 8177.55 8185.58 8192.71 8198.9 8203.43 8198.86 8193.36 8195.81 8190.88 8220.26 8216.66 8216.29 8214.17 8222.9 8224.69
8103.71 8102.6 8102.05 8102.07 8102.25 8102.25 8105.41 8116.35 8129.9 8147.58 8123.79 8103.03 8100.73 8088.04 8101.01 8115.34 8102.09 8103.84 8110.76 8125.35 8146.88 8157.78 8158.69 8156.05 8148.71 8142.54 8141.23 8151.21 8159.25 8152.28 8154.92 8150.91 8147.63 8142.42 8132.93 8126.36 8132.58 8133.92 8132.45 8134.5 8133.99 8133.68 8133.21 8132.41 8132.09 8132.74 8137.62 8142.83 8145.78 8152.64 8160.04 8168.25 8176.72 8184.05 8190.01 8194.1 8198.15 8192.54 8190.33 8196.62 8210.61 8215.76 8209.97 8211.88 8213 8219.15 8218.87
8104.77 8102.88 8099.51 8098.26 8095.76 8095.65 8096.15 8110.25 8125.29 8137.58 8122.33 8102.27 8100.7 8090.83 8087.25 8094.9 8100.14 8100.41 8104.24 8123.36 8146.15 8159.57 8163.59 8165.14 8158.95 8153.12 8154.28 8159.94 8164.49 8156.95 8159.31 8157.77 8156.89 8138.4 8133.38 8136.85 8141.98 8138.87 8136.77 8136.95 8137.32 8137.33 8136.32 8135.84 8136.02 8137.24 8139.69 8143.77 8148.88 8154.54 8160.31 8166.31 8173.68 8179.36 8186.41 8195.19 8193 8185.08 8183.13 8194.96 8207.96 8214.47 8220.48 8214.57 8210.08 8209.71 8208.62
8109.67 8105.25 8098.84 8093.96 8089.46 8085.45 8082.14 8078.28 8102.66 8117.69 8127.14 8132.22 8119.73 8106.52 8112.09 8111.44 8109.17 8109.53 8104.9 8132.77 8159.28 8177.02 8186 8180.12 8166.17 8155.05 8151.53 8161.23 8170.69 8163.56 8167.57 8163 8154.41 8143.22 8140.84 8139.23 8145.52 8143.79 8140.99 8140.87 8140.63 8140.26 8139.97 8139.62 8139.42 8139.82 8141.25 8146.53 8153.05 8156.47 8160.14 8163.38 8166.37 8172.68 8180.19 8180.2 8179.46 8177.65 8179.53 8192.29 8202.53 8208.69 8212.71 8215.94 8215.47 8210.57 8204.59
8112.74 8108.46 8101.11 8094.39 8087.09 8080.91 8075.03 8071.08 8075.02 8091.97 8132.49 8165.03 8134.81 8113.84 8123.54 8125.98 8120.82 8136 8157.72 8166.25 8179.62 8196.01 8212.66 8192.57 8165.63 8147.24 8142.37 8151.9 8167.08 8169.74 8171.06 8171.98 8163.63 8155.56 8151.76 8146.89 8150.44 8152.12 8149.05 8146.28 8147.35 8147.71 8146.97 8145.48 8144.63 8144.22 8145.61 8152.18 8155.2 8155.69 8159.02 8162.64 8164.63 8170.03 8179.85 8173.2 8169.2 8178.31 8186.25 8192.64 8196.18 8204.3 8215.91 8217.14 8215.31 8210.59 8209.76
8113.92 8108.89 8103.68 8094.7 8089.09 8079.5 8073.9 8072.48 8068.54 8073.08 8108.31 8135.22 8125.3 8109.33 8093.42 8107.62 8129.94 8168.84 8199.47 8191.9 8189.56 8197.61 8211.12 8184.47 8150.65 8125.71 8118.93 8130.19 8147.99 8166.1 8175.12 8181.02 8185.23 8168.33 8165.57 8165.29 8170.49 8160.88 8154.93 8155.03 8155.11 8153.18 8151.6 8149.67 8147.76 8146.04 8146.81 8149.58 8147.01 8152.61 8159.44 8165.23 8171.05 8176.5 8176.76 8169.52 8164.78 8176.34 8187.96 8196.43 8201.07 8206.71 8213.84 8212.29 8205.44 8205.69 8211.54
8115.67 8110.16 8104.43 8096.02 8088.37 8081.91 8074.48 8070.23 8068.14 8073.97 8089.31 8097.65 8105.74 8107.91 8116.52 8102.46 8113.92 8148.08 8192.25 8185.65 8177.68 8172.82 8164 8144.49 8124.18 8101.64 8094.14 8105.44 8115 8136.34 8154.7 8167.16 8173.86 8169.13 8174.33 8191.4 8195.05 8162.4 8165.42 8170.02 8169.91 8168.16 8164.19 8159.85 8153.33 8148.25 8141.62 8132.19 8137.59 8150.48 8160.2 8167.33 8174.2 8177.96 8168.9 8157.8 8160.42 8168.74 8186.27 8202.12 8209.22 8208.55 8208.42 8205.87 8202.98 8208.28 8212.07
8115.26 8108.4 8101.48 8095.29 8088.8 8082.32 8074.66 8068.96 8068.54 8077.77 8082.3 8080.65 8091.8 8103.62 8113.57 8105.12 8103.93 8121.72 8152.56 8157.74 8152.46 8140.42 8118.56 8107.8 8103.37 8093.06 8088.69 8092.12 8097.09 8112.92 8122.23 8132.37 8136.67 8144.25 8164.86 8190.49 8194.06 8168.34 8164.47 8176.19 8176.31 8173.23 8167.92 8163.1 8157.56 8153.63 8149.22 8147.77 8147.08 8156.3 8164.18 8169.48 8172.84 8171.02 8157.72 8151.67 8159.4 8170.53 8188.9 8206.04 8209.94 8208.29 8205.48 8202.04 8200.41 8203.09 8216.12
8115.71 8108.34 8102.45 8096.05 8089.78 8083.49 8076.4 8071.63 8074.71 8073.54 8073.57 8078.3 8086.94 8095.58 8098.37 8084.02 8094.59 8117.65 8117.62 8126.65 8126.26 8117.86 8103.19 8094.56 8095.39 8094.68 8089.96 8087.21 8089.71 8096.91 8098.36 8092.42 8085.46 8106.26 8137.81 8163.46 8185.84 8123.23 8163.68 8190.31 8187.93 8182.63 8173.4 8169.7 8164.72 8161 8159.92 8165.21 8162.24 8170.48 8173.2 8173.38 8170.89 8165.88 8152.54 8150.69 8163.3 8179.21 8198.12 8209.49 8211.36 8209.54 8206.54 8203.87 8199.14 8203.14 8208.22
8117.39 8110.49 8103.43 8096.55 8090.6 8082.8 8079.45 8076.98 8080.85 8075.23 8076.28 8082.03 8087.04 8088.47 8087.47 8078.32 8084.26 8089.86 8093.86 8105.48 8108.94 8105.16 8097.45 8093.13 8094.5 8095.74 8089.43 8082.38 8078.01 8081.32 8080.81 8076.04 8074.83 8090.81 8113.92 8134.14 8153.12 8158.64 8166.92 8193.75 8192.07 8183.08 8174.69 8167.82 8167.23 8164.8 8165.51 8167.98 8182.53 8185.28 8183.16 8177.5 8169.92 8159.73 8156.23 8153.16 8162.43 8190.47 8203.16 8223.77 8214.46 8209.09 8204.23 8199.41 8199.48 8203.68 8206.71
8114.36 8106.65 8102.45 8091.59 8087.88 8084 8081.64 8081.12 8081.9 8077.95 8080.05 8082.08 8084.32 8083.91 8081.89 8078.55 8084.95 8082.65 8087.57 8095.62 8099.23 8098.45 8096.92 8096.83 8094.57 8092.69 8087.28 8079.88 8074.94 8083.13 8083.14 8077.08 8085.01 8091.63 8100.39 8104.93 8103.15 8114.37 8151.09 8181.46 8183.81 8175.7 8167.65 8162.61 8160.16 8162.12 8168.23 8182.41 8197.91 8201.48 8192.85 8180.71 8168.47 8160.32 8161.93 8147.76 8135.62 8143.92 8183.62 8216.13 8208.66 8204.25 8200.98 8201.56 8198.09 8198.97 8204.87
8115.49 8108.83 8101.65 8090.93 8086.9 8083.75 8081.38 8081.53 8081.38 8076.31 8074.56 8074.97 8077.24 8083.2 8083.27 8085.1 8084.68 8078.73 8089.79 8094.52 8095.52 8094.54 8094.58 8093.07 8093.62 8091.78 8087 8079.82 8076.09 8085.56 8094.19 8087.18 8096.09 8095.28 8096.29 8096.36 8095.84 8096.43 8130.65 8166.88 8167.12 8162.34 8159.19 8157.51 8156.28 8157.23 8164.21 8182.19 8204.74 8211.47 8195.93 8177.87 8161.62 8150.62 8140.87 8124.32 8117.64 8123.46 8152.29 8184.82 8195.6 8194.71 8194.11 8191.34 8190.56 8188.5 8189.69
8117.03 8110.29 8099.12 8094.5 8088.88 8084.18 8080.14 8078.85 8083.08 8075.94 8073.89 8081.83 8090.8 8090.96 8085.2 8079.56 8077.84 8080.69 8103.64 8099.43 8095.85 8094.34 8092.45 8089.9 8091.78 8092.16 8089.06 8084.55 8081.43 8091.02 8107.94 8106.38 8095.22 8095.1 8096.42 8098.7 8100.68 8096.97 8114 8125.18 8136.18 8143.5 8146.29 8146.6 8146.18 8146.74 8147.7 8150.2 8176.81 8204.71 8186.35 8167.87 8149.34 8129.08 8111.69 8111.9 8116 8120.78 8128.15 8148.39 8173.18 8180.43 8185.32 8188.67 8180.93 8178.88 8183.37
8117.33 8106.16 8100.67 8095.35 8090.5 8085.46 8081.61 8084.37 8097.7 8085.64 8086.35 8098.98 8110.04 8104.12 8090.61 8080 8081.44 8084.82 8100.24 8096.76 8093.39 8091.81 8091.54 8092.4 8092.98 8092.29 8091.77 8090.74 8084.42 8102.18 8120.5 8101.87 8091.74 8093.42 8096.28 8100.94 8108.35 8105.63 8103.17 8105.21 8114.9 8126.04 8131.76 8134.71 8135.57 8135.3 8133.05 8127.95 8145.88 8168.16 8167.96 8157.01 8140.68 8122.46 8113.57 8113.53 8117.38 8122.6 8123.01 8123.8 8147.03 8165.53 8178.37 8185.92 8194.74 8182.79 8177.54
8118.89 8108.09 8102.64 8097.39 8091.49 8086.45 8082.31 8083.67 8085.81 8083.25 8094.65 8111.86 8128.22 8118.51 8098.79 8081.39 8081.03 8080.55 8086.56 8089.35 8089.32 8089.62 8090.31 8091.27 8093.92 8095.2 8093.7 8092.35 8084.5 8110.97 8128.31 8101.71 8094.62 8092.21 8094.23 8096.56 8097.03 8096.54 8100.96 8104.75 8110.11 8116.91 8122.45 8125.89 8127.35 8128.33 8130.06 8137.15 8158.76 8151.87 8155.63 8149.51 8136.29 8121.76 8118.52 8118.16 8125.83 8129.77 8133.77 8124.16 8139.26 8160.02 8176.32 8189.69 8202.04 8192.52 8184.54
8113.9 8109.26 8104.22 8099.21 8093.88 8089.21 8083.94 8078.87 8078.43 8080.7 8087.53 8106.26 8137.91 8128.74 8107.21 8088.06 8092.6 8083.56 8079.93 8080.14 8082.64 8085.15 8087.26 8089.88 8093.97 8094.22 8093.12 8090.05 8083.13 8112.52 8125.27 8097.01 8092.08 8091.66 8093.2 8095.03 8095.12 8099.28 8104.37 8107.55 8112.04 8114.22 8118.03 8121.13 8122.38 8124.55 8129.22 8138.13 8159.61 8166.48 8159.21 8149.36 8136.38 8122.53 8115.31 8120.33 8129.49 8138.13 8145.42 8137.3 8144.59 8163.27 8181.82 8198.91 8213.58 8208.65 8204.04
8115.82 8111.58 8107.14 8102.63 8097.58 8093.8 8089.31 8082.86 8078.65 8079.59 8079.44 8094.91 8124.94 8131.86 8114.87 8092.88 8093.77 8068.61 8066.41 8072.33 8078.29 8081.77 8084.05 8085.63 8086.07 8090.11 8092.44 8092.25 8084.68 8116.54 8134.75 8102.36 8093.94 8093.49 8094.18 8095.31 8097.86 8101.21 8107.16 8109.56 8111.78 8113.85 8115.49 8118.5 8120.39 8123.13 8125.84 8130.52 8135.82 8154.26 8160.29 8152.24 8140.66 8127.13 8123.03 8122.16 8127.88 8138.54 8146.76 8137.98 8151.52 8171.44 8191.03 8204.4 8215.17 8220.02 8225.63
8118.39 8115.15 8110.84 8106.99 8102.46 8096.95 8090.75 8084.82 8080.58 8079.61 8082.16 8097.73 8139.67 8147.21 8124.35 8103.26 8098.5 8085.98 8072.36 8075.14 8078.94 8081.5 8082.61 8081.99 8085.81 8088.56 8090.8 8092.49 8093.55 8122.3 8139.49 8112.52 8101.93 8098.04 8096.74 8097.49 8099.65 8101.48 8108.99 8109.95 8110.32 8113.68 8115.49 8117.4 8120.87 8123.06 8126.14 8127.27 8126.36 8148.75 8161.1 8154.3 8147.81 8141.97 8135.18 8125.76 8126.18 8138.2 8143.54 8141.09 8158.14 8181.31 8206.66 8222.3 8221.76 8226.54 8229.08
8123.49 8119.7 8115.4 8110.73 8106.35 8100.79 8093.66 8086.29 8084.9 8086.54 8092.45 8109.92 8140.42 8145.9 8128.8 8111.8 8099.14 8101.56 8093.88 8087.69 8085.45 8085.02 8084.66 8084.76 8087.27 8088.1 8091.99 8095.26 8106.26 8123.97 8133.03 8129.21 8110.53 8103.01 8100.56 8099.58 8100.11 8102.44 8111.74 8113.43 8115.61 8116.96 8118.38 8120.8 8122.93 8124.47 8126.29 8128.54 8134.85 8146.43 8152.89 8150.53 8150.29 8154.48 8143.51 8130.39 8129.11 8142.85 8153.33 8151 8163.81 8186.84 8219.9 8252.36 8244.28 8234.79 8225.16
8127.05 8123.3 8119.1 8114.36 8110.22 8106.22 8101.84 8093.52 8093.27 8092.38 8105.2 8120.31 8128.25 8126.47 8127.72 8123.57 8119.97 8112.3 8102.35 8094.43 8090.91 8088.76 8087.24 8086.41 8083.86 8086.63 8093.72 8103.43 8109.44 8121.66 8122.98 8114.51 8110.81 8107.12 8104.83 8103.28 8101.97 8101.96 8111.31 8114.06 8120.7 8118.59 8118.56 8121.96 8125.01 8127.69 8129.93 8131.58 8133.45 8131.38 8136.39 8143.3 8143.25 8142.43 8138.4 8136.69 8142.4 8149.37 8153.05 8155.93 8163.67 8178.15 8202.2 8232.64 8246.25 8239.76 8227
