real_craters/C145-500m.grd
DSAA
187 187
-46.375 46.375
-46.375 46.375
6609.2386570332 9263.391719304
[rows 30 to 59 of 187, columns 67 to 133 of 187]
8518.35 8520.15 8516.18 8511.67 8528.47 8519.96 8511.29 8506.7 8503.42 8502.14 8506.12 8510.3 8515.67 8522.03 8530.39 8544.99 8565.92 8564.16 8578.17 8597.71 8613.86 8633.22 8656.46 8657.45 8660.18 8665.78 8670.16 8671.3 8672.26 8667.08 8633.43 8610.41 8606.01 8613.69 8625.04 8637.64 8650.59 8657.18 8657.66 8661 8668.61 8690.56 8712.42 8765.42 8772.52 8758.69 8741.82 8730.85 8716.79 8702.12 8685.37 8668.1 8650.98 8645.83 8650.16 8643.5 8621.95 8613.2 8610.38 8612.28 8619 8629.03 8639.5 8647.74 8651.02 8644.48 8629.47
8497.58 8498.15 8483.64 8477.98 8478.92 8495.58 8502.08 8495.62 8507.7 8512.54 8516.46 8519.89 8521.76 8524.34 8526.41 8530.62 8541.01 8550.62 8572.92 8591.94 8603.33 8615.24 8629.27 8641.53 8650.62 8657.74 8661.31 8667.53 8675.6 8672.13 8635.64 8607.48 8604.32 8613.44 8624.91 8636.73 8649.39 8660.91 8659.13 8661.9 8676.45 8681.4 8730.01 8768.64 8766.85 8751.34 8738.53 8722.48 8705.39 8687.7 8669.13 8648.72 8628.04 8620.49 8614.52 8586.29 8591.55 8595.25 8598 8602.99 8612.22 8621.32 8629.54 8636.23 8640 8633.65 8620.35
8461.07 8446.7 8439.01 8442.58 8449.91 8480.09 8505.53 8517.75 8523.49 8525.56 8525.61 8527.25 8536.66 8528.76 8517.85 8512.77 8515.16 8539.05 8562.66 8579.36 8585.44 8592.34 8602.54 8621.9 8636.7 8648.09 8656.03 8661.63 8662.26 8652.97 8627.7 8601.98 8607.01 8618.31 8628.94 8637.95 8642.39 8653.18 8662.67 8654.53 8653.05 8671.51 8707.24 8733.48 8737.65 8735.82 8727.3 8713.55 8695.08 8676.56 8655.63 8635.38 8617.82 8604.68 8591.92 8572.7 8574.65 8583.97 8592.43 8599.29 8608.3 8615.23 8620.81 8625.06 8625.92 8622.15 8615.34
8451.25 8432.22 8423.97 8429.23 8437.42 8480.84 8527.45 8550.08 8539.55 8531.08 8526.87 8524.13 8521.56 8515.97 8505.88 8495.95 8491.14 8518.89 8540.94 8555.7 8562.49 8571.71 8586.62 8603.96 8621.9 8637.45 8649.64 8654.35 8646.31 8639.99 8630.67 8614.87 8623.66 8632.25 8639.35 8644.84 8653.24 8663.42 8666.42 8656.98 8654.88 8675.57 8682.43 8687.52 8707.75 8721.6 8716.46 8702.92 8682.23 8662.87 8642.75 8622.71 8603.92 8589.12 8581.6 8569 8569.25 8580.49 8594.47 8602.79 8608.9 8612.79 8614.28 8613.59 8611.46 8610.22 8607.56
8456.84 8444.53 8436.61 8445.77 8459.32 8485.88 8525.19 8549.69 8537.4 8527.41 8520.27 8514.26 8506 8501.9 8494.77 8487.8 8490.67 8502.87 8515.87 8527.16 8537.98 8547.1 8565.65 8589.19 8608.93 8625.81 8639.28 8647.52 8640.39 8643.03 8651.72 8655.11 8651.84 8652.58 8654.97 8655.85 8654.72 8665.17 8671.28 8678.99 8683.84 8701.51 8703.86 8717.34 8732.39 8721.2 8707.13 8689.11 8670.17 8650.61 8631.35 8612.14 8594.54 8579.88 8571.01 8564.65 8569.95 8582.7 8588.49 8601 8609.48 8611.08 8609.75 8605.28 8600.12 8600.22 8599.49
8434.49 8434.27 8443.22 8470.44 8488.47 8486.8 8493.41 8517.96 8517.94 8512.6 8509.31 8506.87 8503.2 8494.17 8486.1 8479.69 8482.8 8491.35 8496.77 8501.9 8522.15 8539.58 8559.19 8580.97 8600.41 8616.19 8626.88 8627.65 8638.98 8652.5 8672.01 8684.5 8677.24 8675.57 8675.72 8675.9 8671.64 8688.91 8710.22 8700.52 8697.4 8704.06 8716.13 8736.04 8737.55 8718.07 8694.78 8674.21 8655.31 8636.31 8618.59 8602.27 8588.44 8578.37 8561.45 8555.47 8577.03 8603 8609.4 8615.71 8616.63 8613.31 8607.54 8601.2 8595.45 8592.32 8590.5
8421.67 8418.07 8430.33 8455.9 8479.51 8490.6 8490.13 8489.25 8491.35 8493.46 8494.82 8496.63 8496.81 8488.48 8481.07 8472.31 8470.14 8483.54 8492.73 8497.25 8521.33 8546.8 8561.68 8578.18 8596.1 8611.58 8624.87 8635.43 8639.55 8656.07 8676.71 8690.29 8693.92 8694.88 8697.78 8702.58 8711.17 8712.93 8718.32 8712.09 8699.11 8684.58 8678.7 8695.18 8713.02 8694.55 8673.3 8655.62 8637.92 8622.06 8606.42 8592.41 8579.63 8569.41 8553.98 8560.26 8610.8 8638.72 8663.32 8642.82 8627.98 8616 8606.14 8598.35 8591.42 8584.31 8580.94
8418.01 8413.36 8413.5 8413.77 8446.04 8490.4 8465.53 8459.48 8465.13 8471.86 8476.24 8480.74 8483.45 8481.46 8478.39 8477.95 8492.69 8498.73 8502.58 8517.73 8523.03 8537.11 8556.19 8576.12 8594.13 8611.31 8626.02 8640.43 8637.91 8659.1 8681.46 8696.45 8704.01 8708.76 8713.38 8719.6 8725.47 8716.02 8703.98 8703.05 8692.46 8676.64 8666.56 8662.18 8665.19 8660.02 8648.31 8635.06 8622.1 8608.19 8595.93 8583.47 8569.83 8555.56 8556.69 8576.67 8645.42 8654.15 8661.85 8650.79 8633.85 8616.88 8601.81 8590.5 8581.28 8573.17 8571.56
8400.86 8410.64 8402.1 8399.11 8414.44 8442.02 8439.55 8430.86 8440.95 8450.22 8458.02 8463.12 8468.86 8472.85 8476.39 8480.98 8498.96 8504.94 8505.33 8503.33 8508.44 8518.4 8549.78 8575.41 8594.97 8611.84 8627.23 8636.84 8643.49 8665.61 8690.28 8703.98 8710.99 8716.19 8720.88 8724.16 8722.83 8710.52 8697.93 8687.06 8679.9 8671.7 8661.83 8638.18 8623.75 8624.11 8620.62 8614.47 8607.81 8599.59 8590.42 8580.72 8570.89 8561.94 8577.17 8613.58 8632.63 8648.47 8650.07 8647.12 8633.7 8615.37 8595.66 8576.94 8566.97 8560.56 8555.93
8385.78 8391.46 8391.25 8388.19 8385.62 8364.81 8366.23 8402.77 8421.1 8433.15 8441.13 8447.35 8455.93 8464.7 8474.57 8487.44 8506.7 8505.46 8506.74 8509.05 8521.33 8537.51 8557.32 8579.51 8597.44 8615.12 8631.78 8646.52 8649.98 8672.88 8703.02 8709.68 8712.7 8718.3 8722.97 8723.56 8716.27 8700.09 8679.3 8672.63 8667.55 8663.95 8653.45 8627.8 8604.65 8597.31 8594.72 8596.86 8592.54 8589.29 8584.52 8581.51 8580.12 8580.97 8595.62 8614.96 8634.12 8647.17 8651.77 8645.75 8634.63 8618.06 8595.64 8567.5 8561.94 8558.17 8548.82
8368.49 8376.63 8380.2 8382.14 8381.98 8390.51 8390.7 8403.12 8414.71 8424.41 8431.31 8433.66 8445.6 8458.18 8469.21 8483 8488.76 8499.07 8509.4 8526.13 8546.72 8557.87 8569 8584.84 8603.37 8620.43 8635.33 8649.66 8657.15 8668.08 8691.6 8701.19 8708.15 8715.13 8721.16 8725.54 8715.41 8691.87 8665.9 8652.51 8653.91 8654.06 8648.95 8616.4 8594.71 8578.22 8577.24 8577.89 8580.16 8580.37 8581.62 8584.15 8589.66 8602.4 8613.72 8619.56 8631.83 8645.83 8650.78 8645.95 8637.78 8627.14 8611.36 8590.32 8584.87 8580.89 8570.41
8356.42 8363.43 8369.46 8376.43 8380.52 8394.43 8421.33 8415.29 8414.95 8418.02 8425.48 8441.37 8443.58 8453.17 8462.69 8463.76 8473.52 8492.89 8507.82 8519.81 8532.5 8556.68 8574.68 8592.86 8609.38 8626.18 8638.07 8641.09 8640.78 8650.64 8662.05 8685.71 8700.75 8710.12 8715.1 8718.49 8708.75 8685.86 8661.63 8645.61 8644.1 8642.31 8633.94 8609.01 8580.33 8572 8568.09 8569.51 8573.5 8576.34 8579.74 8584.78 8592.93 8603.29 8610.58 8612.88 8624.17 8641.28 8646.26 8644.22 8641.14 8638.26 8636.56 8631.73 8620.07 8617.78 8621.23
8354.2 8357.76 8357.6 8363.03 8379.15 8407.32 8421.24 8419.13 8414.22 8412.76 8413.82 8416.48 8433.45 8446.04 8460.49 8475.66 8479.53 8495.91 8510.81 8519.48 8528.47 8557.14 8579.81 8600.03 8617.3 8631.84 8645.92 8655.49 8645.59 8645.73 8654.85 8682.17 8700.4 8709.16 8708.88 8698.26 8693.16 8682.14 8666.63 8647.42 8640.67 8631.09 8613.52 8591.69 8575.23 8562.1 8563.27 8567.58 8572.47 8575.82 8581.58 8587.52 8593.87 8601.83 8607.91 8608.8 8615.63 8630.63 8636.98 8638.36 8639.47 8643.49 8652.34 8661.17 8637.25 8624.26 8618.32
8355.55 8357.03 8352.27 8356.71 8374.17 8397.88 8413.23 8412.41 8408.61 8405.78 8404.1 8408.29 8424.25 8440.8 8454.72 8466.71 8486.46 8506 8523.39 8538.31 8549.88 8573.64 8592.2 8608.03 8623.29 8637.62 8651.76 8663.93 8657.37 8662.69 8677.16 8696.6 8710.43 8715.85 8714.03 8706.85 8694.41 8683.25 8671.28 8658.49 8643.21 8628.01 8611.74 8600 8578.66 8561.32 8565.57 8571.1 8574.35 8578.01 8585.12 8589.36 8594.32 8598.32 8603.05 8608.76 8613.49 8614.93 8624.97 8629.66 8633.04 8637.06 8641.93 8641.15 8625.78 8608.8 8599.24
8353.4 8354.05 8354.5 8355.62 8365.27 8387.94 8398.89 8400.64 8400.37 8399.93 8399.6 8404.72 8422.38 8441.17 8460.08 8485.12 8502.21 8517.16 8537.37 8564.63 8599.13 8597.59 8604.04 8614.27 8626.9 8640.79 8655.55 8667.38 8665.06 8689.79 8712.58 8721.77 8727.63 8730.42 8727.9 8716.4 8704.48 8686.04 8668.73 8661.12 8644.85 8628.95 8613.73 8604.95 8601.45 8580.19 8577.77 8578.73 8583 8585.44 8589.9 8591.09 8593.72 8594.87 8596.77 8605.41 8611.06 8605.8 8612.66 8618.62 8621.05 8622.12 8619.86 8612.96 8601.66 8587.43 8581.31
8350.12 8347.22 8342.2 8344.23 8348.26 8369.56 8379.57 8387.05 8392.16 8396.02 8400.11 8408.99 8424.7 8443.74 8465.56 8492.82 8509.01 8522.14 8541.87 8571.05 8598.84 8603.52 8611.23 8621.77 8633.74 8645.29 8656.62 8671.15 8676.99 8721.55 8745.57 8746.53 8746.22 8746.04 8745.9 8743.56 8717.71 8691.52 8663.89 8654.22 8645.48 8632.25 8618.39 8609.67 8605.46 8603.09 8593.53 8592.29 8591.21 8592.86 8593.06 8593.66 8593.72 8593.45 8593.29 8599.68 8604.16 8598.97 8607.72 8609.09 8607.56 8604.91 8601.82 8592.19 8576.5 8562.78 8561.59
8337.05 8338.91 8336.24 8338.02 8336.44 8340.21 8361.94 8375.18 8384.79 8392.64 8401.28 8412.48 8427.51 8444.73 8462.97 8495.88 8507.83 8518.85 8533.44 8551.07 8575.64 8595.6 8612.21 8626.76 8639.52 8649.85 8656.91 8668.42 8714.26 8763.06 8770.98 8763.27 8757.45 8755.6 8756.73 8751.83 8727.32 8702.82 8683.05 8666.81 8653.87 8639.06 8625.19 8617.48 8619.47 8615.28 8606.74 8605.46 8602.5 8600.69 8599.39 8596.9 8595.18 8594.21 8594.5 8597.02 8600.71 8607.91 8604.26 8598.67 8593.23 8586.45 8576.53 8567.86 8555.51 8540.68 8545.73
8321.26 8334.46 8343.96 8343.02 8346.18 8344.79 8357.38 8370.12 8380.01 8389.69 8401.79 8413.66 8427.95 8445.25 8465.01 8483.69 8497.34 8508.17 8519.08 8530.36 8551.13 8586.4 8613.44 8632.17 8647.04 8659.79 8672.65 8696.17 8739.4 8772.44 8771.08 8763.64 8757.07 8753.22 8750.45 8744.43 8726.94 8710.09 8696.1 8680.74 8664.73 8647.41 8631.25 8619.68 8627.73 8636.59 8625.91 8621.19 8616.03 8611.62 8605.89 8602.62 8599.07 8596.72 8595.76 8595.5 8595.43 8601.57 8596.72 8588.52 8580.49 8572 8563.37 8552.72 8543.91 8537.93 8541.59
8317.66 8335.02 8346.88 8348.44 8349.36 8355.01 8361.67 8370.65 8379.66 8387.77 8397.81 8410.71 8425.84 8442.43 8460.18 8472.02 8485.84 8498.03 8508.91 8521.55 8554.94 8597.18 8620.52 8639.63 8656.2 8672.94 8690.95 8713.76 8738.8 8747.98 8755.5 8752.65 8745.93 8740.32 8737.22 8730.32 8719.56 8707.04 8698.96 8687.96 8674.39 8656.9 8637.86 8622.99 8620.63 8652.03 8643.65 8631.98 8624.32 8617.81 8612.27 8606.81 8603.32 8599.43 8596.92 8596.32 8596.88 8592.94 8584.44 8577.79 8569.65 8560.28 8550.63 8544.07 8538.85 8536.57 8541.4
8324.17 8342.38 8352.75 8353.59 8352.27 8359.14 8365.95 8374.11 8381.83 8387.25 8390.84 8407.61 8422.6 8436.31 8450.19 8463.43 8477.52 8491.28 8505.53 8521.14 8560.91 8606.68 8630.35 8647.96 8664 8681.59 8702.74 8721.96 8737.39 8748.91 8743.75 8738.24 8730.33 8720.56 8715.57 8714.03 8711.09 8705.63 8697.93 8697.99 8688.24 8667.35 8644.79 8625.1 8615.24 8626.53 8635.67 8630.83 8624.25 8618.95 8614.62 8610.99 8606.71 8602.59 8596.58 8590.95 8589.52 8583.91 8575.72 8569.18 8560.49 8550.25 8541.46 8535.96 8534.73 8537.58 8540.21
8335.01 8355.08 8365.9 8360.27 8356.19 8361.68 8369.89 8379.44 8389.06 8397.42 8403.17 8413.67 8422.95 8431.32 8445.28 8459.8 8476.2 8491.52 8509.4 8540.43 8576.48 8617.08 8641.15 8657.66 8670.72 8683.11 8699.26 8715.22 8726.66 8730.26 8728.54 8723.36 8714.32 8699.7 8680.31 8690.58 8704.74 8714.36 8715.65 8709.57 8701.62 8676.29 8652.03 8629.93 8612.65 8598.69 8624.68 8622.82 8619.61 8618.27 8615.82 8611.58 8609.12 8605.44 8600.46 8593.39 8583.46 8581.53 8572.88 8564.34 8555.11 8544.21 8534.2 8530.07 8527.54 8529.7 8536.34
8336.19 8352.01 8362.56 8364.64 8371.71 8370.17 8375.67 8385.57 8398.44 8412.95 8419.75 8427.47 8430.59 8430.91 8439.25 8467.31 8483.36 8496.12 8510.51 8534.16 8578.23 8622.43 8650.73 8668.43 8677.91 8681.21 8682.34 8702.09 8717.45 8714.83 8717.35 8716.35 8708 8698.39 8688.9 8692.02 8703.8 8712.13 8713.79 8707.93 8696.18 8678.32 8658.53 8639.34 8616.6 8587.3 8595.45 8606.53 8611.15 8612.96 8615.34 8614.59 8613.6 8611.41 8607.99 8594.36 8594.7 8581.84 8572.65 8564.11 8555 8544.59 8534.86 8528.98 8523.62 8524.32 8532.85
8332.19 8331.72 8346.02 8361.67 8361.42 8369.45 8379.24 8391.94 8406.97 8426.58 8442.29 8440.4 8445.69 8457.35 8487.75 8491.16 8498.03 8506.07 8513.3 8531.49 8582.91 8630.05 8666.51 8684.68 8693.23 8691.54 8681.58 8705.74 8718.49 8716.52 8717.67 8718.37 8713.48 8708.46 8701.98 8704.76 8708.07 8712.67 8710.81 8704.05 8691.92 8679.34 8663.49 8646.52 8624.19 8592.05 8588.74 8598.61 8606.97 8610.98 8614.34 8615.29 8616.34 8616.84 8617.56 8621.19 8604.04 8587.4 8575.51 8567.06 8559.91 8551.8 8543.01 8534.6 8526.89 8526.7 8534.01
8326.99 8320.8 8338.69 8362.56 8365.96 8370.98 8383.45 8395.47 8408.37 8420.92 8434.48 8446.05 8458.78 8477.18 8496.05 8509.27 8516.84 8525.04 8536.05 8558.21 8603.04 8658.14 8684.6 8703.61 8718.81 8725.56 8722.16 8739.6 8743.05 8739.19 8733.03 8726.52 8723.94 8723.68 8724.22 8718.08 8714.66 8708.01 8709.84 8706.06 8694.96 8683.6 8669.11 8648.88 8622.66 8605.69 8603.24 8602.46 8605.91 8610.62 8614.85 8617.32 8619.06 8620.5 8621.21 8617.78 8604.27 8596.68 8578.95 8572.87 8566.63 8561.02 8553.21 8543.11 8537.3 8534.9 8537.76
8330.6 8325.87 8342.05 8356.3 8363.58 8373.45 8386.38 8399.65 8411.63 8421.24 8434.83 8450.1 8464.45 8486.88 8507.1 8526.48 8537.89 8548.37 8564.7 8591.38 8625.14 8657.79 8690.84 8719.93 8742.86 8769.55 8788.53 8780.05 8789.65 8760.56 8736.99 8732.89 8734.03 8738.34 8740.39 8731.76 8725.81 8723.03 8718.45 8715.36 8709.08 8696.91 8677.84 8658.15 8644.91 8630.99 8614.19 8607.97 8608.84 8611.58 8614.65 8617.13 8619.8 8620.39 8621.23 8618.35 8607.09 8598.56 8588.59 8580.24 8574.18 8566.79 8559.15 8550.34 8542.61 8540.79 8542.11
8339.47 8352.98 8357.72 8360.36 8357.96 8379.69 8399.59 8413.11 8423.04 8425.28 8443.68 8461.14 8471.57 8479.48 8538.31 8550.23 8562.33 8573.29 8583 8608 8647.76 8681.92 8712.39 8735.05 8753.43 8779.21 8794.8 8777.22 8763.85 8747.77 8737.19 8737.6 8739.62 8743.75 8745.96 8741.37 8735.26 8724.41 8728.83 8726.71 8723.23 8708.7 8686.72 8664.72 8643.59 8628.9 8614.83 8612.54 8614.62 8616.95 8619.26 8621.14 8623.27 8622.8 8621.29 8615 8606.06 8599.06 8592.21 8587.18 8582.65 8576.95 8567.64 8557.14 8550.18 8545.81 8545.96
8344.24 8359.38 8376.33 8382.79 8378.92 8399.69 8417.41 8433.88 8447.32 8456.54 8469.2 8484.42 8500.42 8523.22 8549.35 8568.27 8585.17 8602.55 8614.5 8637.74 8676.19 8718.06 8748.3 8742.11 8743 8747.1 8751.07 8746.05 8734.75 8738.94 8741.86 8742.22 8742.25 8741.14 8744.3 8748.88 8751.99 8751.27 8742.29 8736.32 8728.15 8715.01 8695.89 8673.54 8649.75 8634.56 8623.89 8622.05 8622.26 8623.25 8625.5 8627.79 8630.03 8628.4 8623.85 8615.82 8608.42 8601.96 8595.76 8592.9 8591.43 8587.11 8575.03 8561.06 8549.05 8549.41 8549.64
8352.8 8367.23 8390.72 8421.45 8422.43 8428.93 8442.74 8458.08 8476.39 8492.51 8500.42 8509.8 8525.97 8546.29 8561.1 8581.55 8603.78 8630.67 8670.21 8681.01 8692.63 8718.77 8738.93 8727.51 8720.05 8710.62 8712.37 8717.64 8719.16 8732.42 8746.37 8744.57 8745.76 8743.51 8748.29 8754.92 8758.99 8757.76 8750.98 8743.28 8735.04 8721.79 8705.54 8686.88 8669.43 8657.16 8631.8 8630.52 8630.84 8632.03 8633.55 8637.04 8636.92 8636.53 8632.41 8625.53 8622.98 8614.65 8603.56 8601.98 8599.62 8595.97 8580.2 8565.95 8555.6 8553.58 8554.03
8361.09 8372.2 8383.26 8415.85 8443.83 8451.52 8461.04 8476.45 8498.69 8522.47 8522.57 8527.71 8537.02 8550.75 8570.24 8591.36 8614.81 8640.45 8666.49 8680.15 8684.18 8687.25 8686.37 8692 8699.61 8699.3 8699.75 8702.53 8708.89 8720.16 8730.99 8744.08 8754.23 8763.27 8760.87 8759.55 8759.35 8757.2 8752.71 8746.46 8739.63 8731.58 8713.41 8699.17 8688.22 8669.83 8635.91 8635.7 8638.4 8640.13 8642.17 8644.11 8645.46 8645.76 8645.53 8643.81 8639.5 8630.8 8626.05 8622.49 8605.67 8591.69 8581.88 8571.13 8564.4 8559.81 8559.64
8359.26 8368.96 8372.73 8412.17 8455.44 8462.61 8473.36 8486.09 8500.22 8518 8531.57 8541.39 8546.05 8549.87 8577.3 8600.03 8622.61 8642.79 8650.93 8667.11 8668.51 8656.91 8629.12 8667.73 8690.95 8707.48 8699.76 8692.06 8699.04 8715.01 8732.07 8748.08 8761.95 8769.57 8768.55 8762.1 8756.44 8754.13 8753.16 8749.09 8739.62 8724.69 8717.63 8706.04 8690.34 8667.83 8644.54 8644.67 8647.51 8650.53 8653.31 8653.82 8654.08 8655.58 8657.77 8663.7 8659.42 8648.19 8639.59 8625.5 8608.76 8596.11 8586.35 8573.98 8566.47 8565.21 8564.16
