real_craters/C145-750m.grd
DSAA
125 125
-46.375 46.375
-46.375 46.375
6609.2386655473 9292.9731236071
[rows 76 to 113 of 125, columns 0 to 83 of 125]
8053 8052 8050 8046 8044 8050 8081 8124 8147 8135 8148 8159 8167 8167 8177 8169 8178 8187 8185 8180 8169 8162 8172 8161 8169 8178 8183 8186 8188 8187 8182 8183 8189 8196 8206 8216 8226 8238 8253 8263 8273 8314 8350 8368 8383 8415 8444 8489 8544 8615 8716 8794 8818 8723 8572 8442 8313 8175 8072 8042 8031 8004 7963 7893 7789 7845 7977 8103 8206 8250 8354 8465 8520 8571 8607 8621 8616 8591 8566 8568 8625 8593 8574 8561
8055 8054 8052 8054 8042 8056 8103 8129 8117 8121 8139 8152 8169 8191 8173 8178 8189 8195 8189 8176 8166 8162 8169 8176 8176 8179 8181 8182 8183 8181 8170 8174 8184 8194 8204 8213 8220 8227 8243 8261 8284 8324 8369 8378 8371 8378 8423 8462 8499 8571 8643 8710 8750 8726 8690 8678 8699 8618 8438 8341 8267 8192 8136 8111 8034 8091 8214 8332 8450 8557 8640 8647 8631 8609 8605 8599 8581 8550 8547 8553 8581 8588 8579 8562
8055 8055 8054 8049 8048 8073 8117 8123 8132 8128 8133 8143 8156 8159 8154 8173 8198 8225 8208 8170 8160 8152 8169 8177 8186 8181 8178 8178 8177 8178 8171 8170 8181 8193 8204 8209 8210 8211 8216 8244 8306 8327 8384 8357 8343 8348 8396 8452 8463 8517 8547 8604 8656 8678 8710 8769 8888 8893 8811 8620 8507 8429 8379 8436 8436 8431 8481 8546 8642 8784 8882 8755 8689 8643 8615 8590 8569 8559 8538 8540 8571 8571 8554 8549
8062 8059 8060 8060 8063 8082 8112 8135 8173 8149 8112 8135 8145 8139 8137 8164 8197 8225 8207 8166 8159 8159 8161 8166 8174 8175 8175 8174 8172 8169 8168 8166 8179 8195 8207 8203 8200 8202 8214 8236 8300 8288 8289 8302 8317 8327 8363 8437 8471 8469 8471 8463 8505 8588 8649 8704 8758 8789 8818 8711 8678 8739 8757 8760 8827 8799 8701 8684 8725 8789 8787 8760 8697 8648 8612 8585 8566 8528 8528 8538 8547 8563 8544 8540
8073 8070 8065 8065 8074 8101 8131 8104 8123 8133 8146 8135 8147 8160 8138 8159 8188 8207 8188 8162 8164 8159 8164 8169 8170 8169 8169 8167 8165 8162 8166 8167 8176 8187 8197 8192 8190 8187 8183 8219 8247 8263 8268 8279 8301 8318 8338 8375 8397 8416 8416 8409 8446 8506 8553 8587 8578 8581 8550 8624 8689 8828 8891 8862 8923 8888 8772 8726 8720 8730 8706 8667 8665 8629 8598 8569 8534 8531 8532 8540 8546 8550 8543 8537
8077 8075 8074 8073 8083 8146 8162 8111 8122 8128 8109 8126 8138 8151 8133 8153 8180 8198 8186 8164 8160 8152 8160 8158 8162 8166 8164 8162 8159 8159 8164 8169 8170 8173 8173 8180 8182 8183 8192 8221 8243 8248 8241 8267 8277 8294 8317 8344 8361 8374 8395 8419 8430 8455 8475 8486 8487 8481 8489 8540 8580 8593 8704 8801 8779 8727 8707 8694 8678 8654 8618 8609 8614 8599 8578 8557 8543 8531 8534 8542 8548 8552 8539 8532
8093 8090 8085 8087 8094 8145 8179 8128 8137 8128 8123 8124 8127 8117 8117 8147 8174 8198 8197 8177 8174 8163 8159 8160 8164 8168 8161 8157 8154 8154 8157 8164 8162 8165 8169 8176 8181 8189 8213 8240 8239 8224 8242 8247 8259 8274 8302 8303 8314 8346 8372 8396 8412 8418 8426 8429 8446 8485 8500 8496 8491 8476 8566 8706 8700 8619 8625 8632 8624 8596 8565 8561 8569 8566 8556 8544 8532 8536 8537 8539 8540 8561 8531 8527
8111 8112 8107 8108 8118 8131 8135 8128 8128 8110 8109 8128 8135 8133 8152 8145 8163 8191 8214 8201 8195 8187 8177 8158 8152 8152 8151 8149 8149 8149 8157 8143 8151 8160 8174 8179 8184 8190 8203 8221 8225 8223 8228 8237 8240 8251 8263 8292 8306 8317 8342 8361 8378 8386 8392 8398 8420 8470 8487 8464 8447 8440 8455 8462 8514 8514 8558 8578 8574 8556 8531 8528 8537 8536 8532 8529 8533 8531 8531 8532 8532 8528 8524 8525
8112 8116 8120 8125 8132 8126 8116 8123 8126 8086 8114 8154 8165 8149 8128 8132 8146 8167 8207 8214 8201 8187 8162 8143 8139 8142 8140 8142 8142 8143 8146 8144 8146 8156 8168 8180 8190 8199 8203 8204 8216 8225 8237 8236 8222 8236 8251 8247 8269 8288 8307 8334 8344 8356 8367 8374 8386 8403 8425 8434 8429 8411 8401 8381 8444 8519 8541 8543 8538 8534 8535 8537 8526 8519 8514 8506 8506 8516 8519 8532 8531 8536 8536 8527
8112 8115 8120 8129 8137 8145 8154 8149 8129 8095 8130 8182 8204 8196 8134 8130 8130 8127 8153 8201 8194 8167 8156 8135 8124 8124 8130 8134 8135 8134 8129 8129 8141 8153 8164 8177 8195 8213 8213 8208 8214 8229 8237 8227 8223 8232 8243 8240 8249 8265 8276 8286 8312 8330 8346 8371 8377 8366 8396 8418 8427 8426 8405 8407 8444 8513 8526 8525 8525 8526 8533 8531 8519 8509 8503 8503 8508 8519 8534 8538 8538 8546 8535 8527
8109 8111 8115 8122 8134 8143 8153 8162 8144 8128 8100 8136 8177 8187 8173 8152 8131 8114 8134 8171 8159 8147 8139 8126 8120 8122 8130 8133 8131 8130 8127 8134 8141 8153 8167 8181 8196 8211 8209 8205 8211 8228 8227 8226 8230 8230 8231 8230 8240 8254 8267 8281 8295 8310 8322 8332 8359 8376 8391 8408 8423 8425 8405 8397 8425 8460 8479 8491 8498 8505 8508 8511 8503 8492 8484 8478 8496 8519 8544 8533 8544 8549 8530 8528
8105 8106 8105 8106 8110 8126 8136 8108 8110 8088 8105 8101 8115 8144 8163 8158 8144 8133 8147 8159 8155 8146 8142 8127 8124 8135 8134 8133 8132 8131 8131 8146 8146 8156 8168 8181 8191 8197 8195 8192 8207 8212 8212 8217 8221 8226 8231 8237 8245 8253 8262 8273 8284 8294 8304 8315 8352 8387 8392 8396 8405 8412 8407 8407 8412 8424 8440 8460 8471 8478 8483 8478 8482 8473 8464 8462 8480 8511 8531 8545 8554 8550 8543 8531
8105 8101 8098 8095 8096 8116 8138 8105 8101 8088 8095 8100 8104 8136 8160 8166 8159 8153 8160 8160 8159 8157 8138 8134 8142 8138 8137 8137 8136 8136 8137 8142 8149 8157 8166 8177 8186 8196 8185 8189 8208 8218 8215 8210 8209 8223 8237 8253 8252 8253 8258 8266 8276 8285 8298 8315 8349 8380 8380 8376 8368 8375 8390 8403 8403 8410 8423 8437 8447 8458 8467 8471 8472 8456 8447 8454 8473 8509 8555 8572 8584 8599 8564 8548
8111 8102 8092 8084 8078 8078 8104 8150 8129 8110 8122 8117 8123 8159 8187 8195 8167 8149 8158 8175 8171 8162 8149 8146 8144 8147 8144 8143 8141 8141 8142 8145 8155 8158 8163 8166 8179 8175 8177 8187 8200 8211 8217 8215 8206 8222 8238 8244 8250 8252 8259 8264 8271 8278 8290 8307 8329 8350 8357 8358 8354 8357 8363 8375 8389 8401 8414 8418 8422 8429 8445 8490 8457 8432 8427 8422 8462 8496 8533 8551 8584 8579 8559 8564
8114 8106 8095 8086 8074 8071 8073 8127 8125 8101 8108 8153 8199 8189 8198 8203 8151 8119 8130 8157 8175 8187 8168 8166 8170 8157 8155 8154 8152 8149 8146 8149 8147 8156 8165 8175 8177 8164 8176 8192 8201 8211 8212 8202 8212 8219 8227 8234 8240 8249 8257 8263 8268 8274 8281 8290 8304 8321 8337 8345 8353 8355 8359 8369 8385 8403 8409 8408 8400 8388 8376 8365 8360 8385 8419 8449 8465 8482 8494 8511 8547 8569 8548 8548
8115 8105 8095 8085 8074 8068 8078 8087 8098 8111 8105 8116 8173 8170 8156 8121 8112 8090 8097 8112 8137 8158 8159 8184 8199 8164 8175 8171 8165 8158 8151 8140 8142 8157 8169 8176 8163 8156 8167 8196 8205 8208 8203 8202 8215 8216 8214 8214 8226 8240 8257 8260 8265 8270 8278 8288 8298 8312 8327 8337 8344 8351 8361 8371 8383 8406 8413 8404 8379 8346 8302 8242 8261 8343 8415 8461 8471 8477 8475 8502 8523 8553 8562 8554
8116 8105 8096 8087 8076 8072 8074 8076 8087 8098 8084 8106 8118 8128 8118 8096 8095 8093 8087 8090 8098 8088 8106 8151 8186 8145 8190 8184 8173 8167 8161 8161 8162 8172 8173 8169 8153 8156 8179 8205 8211 8208 8204 8199 8208 8213 8213 8206 8213 8228 8241 8253 8260 8266 8272 8282 8295 8312 8326 8338 8344 8349 8354 8365 8379 8405 8414 8402 8368 8329 8278 8222 8234 8331 8419 8468 8468 8468 8479 8520 8524 8525 8544 8543
8116 8105 8098 8084 8081 8082 8077 8080 8087 8085 8077 8084 8089 8102 8101 8095 8095 8092 8081 8077 8080 8076 8090 8112 8127 8147 8192 8188 8177 8167 8165 8172 8189 8192 8180 8165 8162 8150 8173 8212 8212 8205 8199 8202 8207 8214 8213 8199 8207 8228 8241 8247 8252 8258 8272 8284 8296 8312 8327 8339 8347 8345 8342 8356 8370 8386 8406 8396 8364 8333 8301 8281 8299 8360 8412 8445 8450 8448 8451 8497 8498 8518 8547 8529
8115 8105 8091 8085 8081 8082 8076 8075 8077 8084 8085 8081 8090 8095 8095 8094 8094 8090 8080 8079 8094 8092 8095 8097 8096 8112 8167 8164 8159 8157 8157 8171 8205 8205 8178 8155 8141 8121 8123 8168 8196 8195 8191 8188 8190 8202 8206 8205 8214 8230 8242 8243 8246 8249 8250 8273 8292 8314 8329 8343 8349 8345 8342 8347 8356 8366 8378 8372 8355 8341 8337 8368 8425 8400 8402 8417 8428 8430 8430 8459 8470 8489 8505 8562
8117 8103 8095 8087 8081 8091 8081 8082 8102 8093 8077 8079 8105 8097 8093 8091 8091 8091 8088 8083 8114 8097 8094 8098 8106 8106 8110 8129 8138 8140 8140 8137 8152 8184 8162 8134 8112 8114 8122 8124 8158 8177 8188 8184 8181 8193 8198 8219 8232 8229 8232 8239 8245 8248 8254 8276 8307 8314 8326 8341 8348 8345 8344 8338 8338 8341 8343 8343 8336 8339 8351 8374 8387 8398 8396 8406 8416 8423 8432 8434 8465 8467 8487 8508
8119 8106 8097 8089 8082 8087 8083 8103 8128 8109 8081 8079 8087 8089 8090 8091 8094 8094 8092 8085 8128 8098 8092 8096 8097 8099 8105 8114 8122 8127 8128 8132 8159 8154 8150 8129 8119 8121 8130 8133 8139 8169 8190 8198 8185 8191 8198 8223 8241 8225 8231 8241 8248 8254 8263 8277 8292 8304 8315 8324 8327 8324 8322 8320 8318 8314 8304 8299 8315 8327 8341 8356 8372 8384 8398 8403 8410 8421 8433 8439 8444 8447 8468 8510
8114 8108 8100 8094 8087 8078 8080 8085 8130 8122 8092 8089 8075 8078 8084 8087 8091 8093 8092 8092 8128 8093 8092 8094 8096 8104 8109 8113 8117 8121 8123 8131 8151 8168 8151 8131 8119 8124 8139 8146 8148 8177 8203 8216 8216 8207 8201 8215 8221 8228 8238 8247 8254 8261 8267 8271 8279 8289 8298 8306 8304 8296 8296 8301 8301 8297 8289 8290 8301 8315 8328 8337 8343 8364 8385 8395 8400 8409 8420 8416 8425 8441 8456 8488
8118 8113 8107 8100 8091 8082 8080 8086 8140 8136 8103 8095 8072 8077 8081 8083 8086 8090 8092 8105 8139 8106 8098 8097 8100 8107 8110 8112 8115 8118 8123 8127 8126 8161 8154 8145 8135 8124 8138 8139 8158 8194 8222 8225 8229 8220 8211 8218 8229 8255 8253 8255 8261 8268 8273 8271 8273 8279 8280 8278 8282 8282 8283 8287 8289 8288 8283 8276 8297 8309 8317 8323 8329 8345 8364 8378 8386 8392 8401 8422 8452 8448 8449 8453
8125 8119 8112 8106 8097 8088 8088 8106 8133 8133 8117 8106 8100 8090 8087 8086 8084 8090 8101 8116 8129 8117 8105 8102 8101 8110 8114 8118 8119 8121 8126 8128 8133 8137 8147 8149 8141 8133 8146 8153 8165 8198 8253 8244 8225 8226 8226 8231 8248 8247 8255 8260 8267 8278 8284 8280 8278 8275 8269 8263 8269 8275 8276 8278 8281 8285 8291 8304 8307 8307 8311 8316 8321 8333 8355 8363 8369 8374 8389 8414 8460 8448 8428 8436
8129 8123 8118 8112 8108 8105 8117 8129 8133 8129 8128 8123 8104 8098 8094 8089 8086 8085 8105 8124 8120 8111 8112 8109 8107 8103 8112 8110 8118 8126 8131 8135 8138 8139 8145 8135 8147 8157 8162 8160 8159 8163 8188 8239 8227 8223 8228 8235 8239 8242 8250 8257 8265 8277 8289 8299 8288 8277 8266 8256 8263 8266 8269 8269 8272 8277 8288 8308 8300 8298 8304 8314 8320 8330 8350 8356 8365 8376 8395 8417 8467 8440 8417 8419
8135 8129 8123 8118 8115 8117 8126 8127 8126 8126 8123 8119 8114 8109 8100 8093 8083 8087 8117 8124 8117 8121 8121 8118 8115 8117 8121 8123 8124 8132 8139 8145 8155 8184 8161 8151 8164 8185 8192 8175 8155 8143 8163 8218 8221 8212 8224 8230 8238 8240 8245 8250 8256 8263 8276 8284 8284 8276 8273 8268 8260 8264 8260 8260 8262 8265 8266 8257 8268 8282 8295 8313 8344 8371 8338 8349 8362 8376 8409 8461 8429 8415 8417 8422
8144 8137 8131 8125 8129 8131 8124 8118 8121 8123 8126 8127 8126 8121 8107 8095 8084 8113 8124 8112 8111 8134 8130 8124 8120 8119 8131 8125 8134 8138 8144 8153 8170 8198 8166 8139 8160 8162 8160 8154 8156 8157 8169 8194 8204 8209 8211 8224 8241 8242 8240 8241 8244 8256 8266 8277 8273 8266 8264 8260 8243 8232 8244 8250 8251 8251 8250 8247 8254 8265 8280 8298 8315 8323 8333 8342 8358 8374 8383 8388 8367 8384 8412 8435
8147 8141 8137 8137 8143 8146 8135 8128 8134 8134 8137 8137 8140 8130 8118 8102 8110 8131 8106 8109 8120 8138 8135 8130 8126 8126 8138 8149 8145 8144 8149 8156 8163 8185 8177 8166 8163 8153 8147 8150 8160 8171 8174 8165 8175 8175 8178 8212 8242 8244 8237 8232 8230 8231 8248 8260 8256 8248 8240 8239 8238 8233 8238 8240 8241 8241 8238 8232 8236 8248 8262 8275 8282 8283 8306 8327 8347 8360 8343 8324 8342 8376 8406 8431
8157 8150 8146 8148 8170 8161 8154 8152 8165 8170 8171 8169 8153 8140 8138 8135 8140 8133 8104 8116 8123 8136 8133 8129 8127 8126 8129 8134 8137 8144 8152 8161 8164 8158 8142 8136 8151 8147 8147 8155 8164 8176 8174 8177 8189 8195 8176 8202 8232 8234 8229 8222 8215 8212 8229 8241 8237 8229 8219 8227 8248 8251 8241 8238 8236 8233 8228 8220 8220 8235 8248 8259 8266 8271 8286 8310 8328 8328 8313 8310 8353 8382 8400 8418
8168 8161 8154 8148 8157 8168 8173 8183 8194 8211 8177 8160 8149 8150 8165 8176 8159 8142 8122 8123 8125 8131 8126 8126 8125 8122 8125 8123 8127 8140 8154 8166 8175 8178 8153 8159 8146 8148 8158 8159 8165 8174 8168 8159 8160 8176 8173 8196 8213 8230 8219 8211 8204 8203 8209 8217 8217 8215 8214 8219 8231 8239 8235 8233 8231 8227 8221 8214 8215 8224 8239 8249 8252 8256 8266 8291 8320 8327 8298 8297 8340 8371 8389 8416
8187 8176 8166 8159 8163 8177 8186 8183 8204 8198 8176 8165 8165 8168 8182 8193 8171 8153 8135 8128 8126 8103 8119 8126 8127 8124 8122 8122 8123 8140 8154 8169 8186 8198 8195 8202 8161 8169 8165 8159 8160 8160 8163 8161 8165 8177 8187 8201 8211 8211 8208 8201 8194 8189 8189 8195 8201 8203 8210 8209 8209 8219 8226 8227 8225 8222 8215 8210 8203 8220 8238 8249 8247 8234 8244 8265 8294 8310 8285 8287 8311 8337 8374 8406
8207 8198 8186 8175 8183 8189 8202 8235 8219 8197 8170 8156 8152 8166 8183 8189 8169 8162 8154 8149 8144 8138 8137 8135 8132 8134 8135 8128 8136 8141 8152 8166 8182 8197 8206 8200 8193 8167 8156 8157 8158 8160 8164 8167 8168 8173 8186 8207 8222 8206 8203 8196 8187 8181 8179 8184 8191 8195 8200 8205 8205 8216 8224 8227 8227 8225 8216 8217 8209 8232 8246 8258 8266 8244 8223 8240 8257 8267 8274 8285 8309 8341 8359 8379
8235 8225 8212 8201 8204 8195 8189 8182 8174 8159 8147 8136 8120 8151 8168 8155 8147 8144 8157 8178 8172 8171 8160 8147 8138 8131 8138 8138 8138 8140 8149 8161 8173 8185 8204 8192 8165 8161 8160 8159 8160 8163 8170 8175 8168 8165 8166 8207 8235 8222 8211 8195 8179 8172 8176 8180 8188 8193 8198 8212 8220 8223 8225 8225 8225 8224 8223 8230 8251 8248 8247 8260 8287 8264 8207 8225 8250 8262 8273 8284 8302 8325 8340 8362
8263 8252 8245 8244 8216 8189 8168 8147 8145 8139 8132 8118 8110 8144 8151 8126 8124 8121 8140 8157 8171 8178 8169 8153 8140 8129 8133 8140 8126 8136 8145 8153 8162 8167 8189 8196 8182 8167 8163 8165 8166 8171 8179 8183 8174 8175 8175 8192 8219 8230 8221 8196 8173 8166 8168 8179 8190 8201 8210 8226 8238 8233 8229 8227 8224 8228 8228 8225 8232 8231 8233 8237 8236 8225 8205 8220 8244 8252 8257 8270 8281 8288 8317 8342
8287 8269 8256 8221 8193 8171 8150 8133 8130 8123 8112 8099 8092 8120 8119 8113 8118 8125 8121 8145 8160 8163 8160 8153 8143 8137 8130 8144 8137 8139 8147 8153 8159 8168 8183 8191 8183 8177 8174 8171 8174 8180 8189 8196 8184 8189 8190 8177 8194 8212 8211 8194 8179 8173 8175 8181 8193 8216 8230 8233 8239 8236 8231 8228 8225 8224 8222 8217 8205 8204 8215 8216 8198 8194 8203 8216 8238 8243 8249 8261 8274 8287 8306 8325
8292 8270 8244 8197 8171 8155 8139 8126 8122 8108 8094 8084 8088 8123 8109 8112 8145 8145 8129 8125 8144 8157 8162 8151 8145 8142 8144 8145 8145 8148 8151 8155 8159 8164 8166 8188 8196 8187 8175 8177 8184 8189 8196 8207 8197 8179 8167 8169 8178 8184 8184 8190 8189 8185 8183 8182 8186 8191 8209 8230 8237 8231 8226 8223 8222 8221 8220 8217 8204 8198 8210 8215 8216 8205 8202 8204 8220 8236 8251 8265 8276 8288 8307 8329
8279 8261 8239 8188 8160 8144 8130 8117 8105 8093 8078 8072 8082 8102 8118 8101 8100 8136 8146 8118 8131 8138 8136 8139 8139 8142 8145 8147 8156 8158 8157 8158 8160 8161 8164 8185 8192 8186 8177 8178 8182 8189 8193 8189 8174 8168 8164 8171 8172 8169 8173 8193 8204 8194 8185 8181 8179 8176 8185 8205 8218 8216 8216 8220 8222 8223 8221 8220 8218 8221 8220 8222 8222 8207 8194 8193 8192 8233 8260 8270 8284 8300 8319 8332
8257 8244 8222 8172 8152 8137 8123 8111 8096 8081 8066 8058 8053 8056 8057 8067 8063 8082 8117 8136 8125 8121 8121 8130 8136 8139 8141 8143 8148 8153 8156 8159 8164 8167 8173 8191 8188 8176 8173 8178 8183 8189 8191 8183 8168 8165 8164 8168 8167 8163 8169 8195 8218 8197 8185 8179 8176 8177 8173 8167 8179 8197 8207 8215 8219 8224 8226 8230 8234 8234 8235 8230 8219 8204 8191 8197 8215 8231 8252 8268 8288 8318 8334 8330
