real_craters/C145-300m.grd
DSAA
310 310
-46.375 46.375
-46.375 46.375
6615.9078189657 9293.5212912406
[rows 210 to 239 of 310, columns 0 to 66 of 310]
8112.66 8112.12 8113.33 8114.81 8119.43 8121.63 8123.44 8126.42 8127.38 8129.56 8131.97 8132.64 8131.54 8128.74 8126.29 8125.24 8130.02 8133.15 8131.4 8128.75 8121.99 8106.22 8082.45 8079.09 8096.79 8122.92 8148.26 8160.6 8168.88 8174.67 8177.61 8175.29 8166.25 8153.83 8138.74 8124.79 8122.78 8126.8 8131.85 8136.16 8141.24 8146.62 8152.9 8162.68 8176.98 8196.51 8209.9 8213.03 8213.73 8212.2 8201.91 8193.86 8185.21 8176.94 8167.74 8157.71 8150.28 8146.54 8138.3 8136.04 8135.91 8136.23 8137.36 8136.59 8137.14 8137.99 8138.21
8109.87 8111.71 8112.97 8115.2 8119.46 8121.44 8124.82 8127.6 8130.26 8131.58 8132.52 8133.8 8137.85 8140.07 8142.57 8144.2 8147.73 8146.13 8140.81 8134.16 8123.13 8105.64 8089.94 8086.49 8100.99 8130.84 8162.61 8174.03 8181.16 8188.1 8195.65 8200.59 8191.66 8169.2 8146 8124.63 8120.83 8125.17 8129.09 8131.92 8133.86 8135.34 8138.15 8143.23 8153.45 8174.76 8195.74 8206.36 8212.25 8214.11 8199.98 8181.94 8176.13 8170.32 8165.29 8158.31 8149.09 8141.27 8135.52 8131.87 8129.46 8128.84 8128.69 8129.66 8131.41 8132.92 8134.47
8111.36 8112.13 8114.25 8115.81 8117.67 8119.74 8124.15 8127.27 8130.93 8133.39 8138.4 8142.57 8144.8 8147.87 8152.94 8153.67 8153.38 8151.43 8148.54 8141.28 8130.66 8115.28 8100.33 8093.07 8101.21 8132.58 8166.47 8180.41 8185.74 8194.02 8205.75 8217.52 8207.72 8181.97 8156.78 8133.73 8127.26 8129.67 8130.65 8130.75 8129.06 8127.09 8124.97 8124.02 8127.71 8154.26 8183.6 8196.72 8203.45 8204.63 8188.36 8174.68 8167.67 8162.49 8157.95 8154.01 8146.48 8137.62 8127.59 8123.56 8122.68 8122.53 8122.51 8124.19 8127.29 8129.96 8132.2
8110.24 8111.42 8112.95 8114.46 8116.1 8117.04 8119.82 8125.31 8129.12 8133.87 8140.09 8148.25 8148.02 8147.82 8146.97 8149.88 8156.41 8160.96 8155.55 8147.81 8140.52 8134.16 8125.28 8100 8095.92 8124.86 8166.22 8172.72 8176.63 8187.31 8202.02 8216.22 8207.91 8187.61 8168.16 8152.31 8144.07 8140.51 8136.67 8132.11 8127.17 8121.73 8116.42 8111.4 8110.76 8141.95 8174.48 8184.96 8188.18 8185.86 8174.07 8167.43 8159.47 8153.97 8150.34 8148.94 8145.01 8131.01 8120.92 8115.62 8118.76 8118.92 8117.74 8120.39 8125.04 8128.77 8131
8109.33 8110.22 8111.68 8112.61 8113.95 8116.16 8119.75 8121.92 8125.25 8129.66 8136.81 8145.29 8145.24 8145.49 8146.89 8151.47 8159.01 8164.43 8157.77 8148.93 8144.74 8145.49 8144.1 8106.02 8089.81 8106.28 8124.89 8139.63 8154.21 8169.23 8185.25 8198.04 8195.24 8184.79 8175.05 8170.12 8164.27 8152.92 8143.77 8135.87 8128.93 8121.99 8115.3 8109.53 8109.81 8137.51 8164.29 8173.81 8171.62 8165.57 8160.8 8155.29 8151.09 8145.74 8141.04 8141.6 8139.57 8128.23 8120.66 8120.8 8119.38 8119.44 8119.59 8122.68 8126.92 8129.6 8131.57
8112.39 8110.37 8110.16 8111.16 8112.39 8114.3 8115.39 8115.7 8118.64 8122.17 8126.44 8132.07 8136.38 8140.69 8146.14 8149.57 8151.95 8161.65 8149.98 8141.95 8138.16 8138.29 8134.76 8103.87 8088.1 8092.57 8095.5 8108.06 8129.16 8145.47 8159.97 8173.57 8175.34 8174.6 8173.49 8174.97 8172.61 8160.19 8149.73 8141.18 8133.43 8126.16 8119.91 8115.6 8120.78 8141.72 8164.3 8168.03 8162.55 8156.85 8154.31 8150.16 8145.85 8140.41 8135.13 8136.71 8133.36 8126.63 8122.33 8118.32 8120.4 8123.14 8126.77 8129.68 8130.62 8131.41 8131.87
8105.96 8107.62 8106 8106.6 8108.15 8107.07 8108.41 8110.68 8112.39 8113.64 8115.58 8115.82 8126.58 8133.61 8137.57 8137.99 8135.86 8135.55 8129.11 8125.92 8123.26 8120.28 8113.72 8094.29 8090.32 8093.35 8091.98 8097.41 8112.21 8123.81 8131.4 8139.23 8152.18 8160.62 8165.76 8169.1 8167.56 8160.79 8153.25 8146.17 8139.21 8132.45 8127.23 8124.49 8129.75 8145.9 8162.49 8163.75 8159.64 8157.19 8154.8 8148.76 8144.95 8140.48 8137.59 8141.19 8138.02 8127.92 8125.47 8123.76 8122.62 8127 8132.5 8135.78 8133.54 8132.63 8132.52
8103.3 8103.4 8103.83 8104.17 8103.48 8104.17 8104.7 8104.32 8105.24 8106.81 8109.04 8112.16 8121.02 8129.01 8134.23 8137.45 8131.79 8110.78 8108.09 8109.38 8107.19 8101 8090.03 8091.25 8109.76 8108.22 8099.61 8098.98 8104.83 8110.38 8112.44 8115.68 8135.81 8148.86 8157.1 8161.58 8161.44 8158.9 8154.94 8149.88 8144.33 8139.44 8135.65 8134.12 8138.28 8149.2 8157.64 8158.97 8155.57 8155.84 8153.64 8149.71 8147.46 8144.28 8141.65 8142.71 8137.81 8129 8123.53 8121.28 8126.14 8130.84 8133.9 8135.23 8134.62 8134.3 8134.04
8103.41 8101.59 8101.18 8100.74 8101.87 8101.95 8100.84 8100.83 8101.12 8101.11 8103.94 8109.88 8118.99 8127.08 8136.58 8162.02 8148.29 8115.09 8101.79 8100.68 8098.42 8091.75 8083.1 8094.6 8115.67 8110.18 8103.61 8103.48 8102.48 8105.02 8111.41 8120.26 8130.55 8142.95 8151.84 8156.98 8157.66 8158.31 8157.89 8154.8 8150.67 8146.82 8144.54 8144.71 8148.25 8154.47 8159.79 8158.64 8152.41 8154.58 8154.73 8152.97 8152.01 8150.71 8146.3 8140.28 8134.93 8130.21 8128.92 8132.63 8136.46 8135.47 8134.9 8133.54 8134.64 8134.67 8134.63
8103.43 8102.69 8102.68 8100.6 8099.21 8098.74 8097.85 8096.88 8096.26 8096.63 8098.66 8104.26 8115.31 8123.84 8135.84 8153.05 8141.41 8113.73 8100.72 8100.76 8098.7 8092.71 8085.85 8086.84 8091.82 8096.47 8100.35 8101.1 8100.55 8101.87 8106.61 8116.62 8129.66 8142.63 8152.58 8158.14 8158.56 8162.21 8163.46 8160.7 8156.52 8153.01 8151.32 8152.27 8155.08 8159.52 8163.78 8161.64 8155.55 8156.91 8158.25 8157.03 8156.46 8156.17 8148.9 8134.61 8132.79 8132.01 8132.68 8141 8141.41 8138.85 8137.41 8136.88 8136.34 8136.49 8136.58
8105.2 8104.15 8102.02 8099.41 8097.39 8094.86 8093.81 8092.54 8090.89 8088.69 8089.77 8093.17 8101.16 8113.94 8127.09 8124.27 8125.33 8116.14 8109.9 8110.79 8106.81 8100.67 8096.39 8095.93 8096.6 8099.1 8101.3 8099.23 8101.52 8101.3 8101.73 8114.54 8132.07 8147.24 8158.87 8166.69 8172.02 8173.62 8172.06 8167.5 8161.76 8157.02 8154.84 8155.97 8158.2 8162.21 8165.89 8163.48 8157.34 8162.84 8161.16 8160.64 8159.12 8156.87 8149.37 8139.89 8136.3 8136.76 8138.53 8140.67 8141.22 8141.2 8139.77 8137.55 8137.58 8138.02 8138.29
8109.68 8108.24 8102.44 8099.44 8096.71 8093.82 8090.76 8087.91 8085.67 8082.68 8081.73 8079.41 8080.52 8096.86 8112.06 8117.35 8122.89 8130.19 8133.93 8129.21 8119.73 8110.78 8105.4 8109.29 8118.01 8111.73 8109.5 8110.62 8110.23 8108.97 8105.28 8122.09 8141.43 8156.75 8169.01 8178.49 8185.06 8186.06 8181.99 8173.98 8165.18 8157.84 8153.48 8150.94 8155.59 8162.14 8168.83 8170.4 8164.03 8167.57 8167.4 8164.7 8161.2 8155.38 8149.27 8142.86 8141.33 8141.04 8139.68 8142.24 8145.03 8144.1 8143.32 8141.59 8141.31 8141.07 8140.95
8113.02 8108.3 8101.84 8099.39 8094.82 8092.31 8087.75 8085.61 8082.89 8079.2 8076.54 8073.39 8072.18 8080.36 8089.85 8100.79 8119.54 8142.97 8159.49 8146.43 8130.36 8117.75 8110.92 8118.52 8141.43 8123.54 8117.67 8117.5 8122.58 8129.46 8129.99 8144.32 8157.98 8169.85 8180.53 8190.96 8199.05 8199.73 8191.2 8178.39 8165.59 8155.21 8148.81 8145.8 8150.28 8158.13 8168.12 8175.9 8171.68 8174.61 8170.77 8169.31 8165.75 8158.9 8154.09 8150.01 8147.72 8146.86 8146.61 8144.67 8145.38 8148.66 8148.37 8147.47 8146.06 8144.33 8143.39
8112.18 8109.41 8106.18 8101.59 8097.49 8091.29 8088.57 8085.09 8082.23 8077.64 8074.65 8072.45 8071.64 8072.32 8074.51 8086.59 8111.09 8141.15 8167.21 8151.62 8134.27 8120.43 8110.84 8112.04 8125.69 8122.86 8121.83 8125.18 8139.49 8159.37 8174.88 8172.95 8176.22 8182.03 8189.94 8200.13 8212.27 8215.9 8197.54 8178.48 8161.6 8148.5 8140.86 8139.14 8141.51 8149.15 8159.06 8165.71 8167.34 8167.51 8171.71 8174.45 8174.16 8169.62 8163.17 8158.04 8155.32 8153.49 8150.88 8151.15 8154.82 8155.33 8152.53 8149.59 8147.92 8148.38 8148.66
8113.6 8110.98 8107.76 8103.39 8098.06 8095.17 8091.66 8086.51 8083.21 8077.56 8074.05 8072.73 8072.25 8069.97 8068.72 8075.05 8096.49 8123.42 8142.82 8138.37 8127.7 8116.73 8106.34 8098 8105 8111.52 8120.58 8140.52 8163.79 8181.95 8196.96 8192.04 8188.61 8188.87 8192.76 8200.38 8210.58 8212.33 8192.74 8170.98 8151.79 8136.42 8126.37 8123.87 8127.57 8135.72 8146.38 8159.28 8165.35 8173.8 8175.11 8178.23 8183.03 8183.98 8172.58 8165.66 8163.55 8162.88 8161.95 8162.8 8165.65 8162.53 8156.93 8153.15 8151.3 8153.32 8153.68
8113.53 8110.54 8108.17 8103.76 8100.03 8096.79 8092.8 8088.87 8082.44 8080.46 8074.47 8072.92 8071.99 8068.24 8067.59 8071.54 8084.82 8103.68 8113.99 8117.84 8116.3 8111.79 8105.47 8099.1 8105.44 8102.91 8112.9 8132.83 8156.36 8185.77 8202.09 8196.5 8190.51 8187.33 8187.35 8189.91 8194.71 8199.78 8175.39 8154.74 8137.68 8121.62 8107.53 8103.72 8111.61 8120.18 8129.4 8139.58 8154.37 8168.61 8170.77 8175.06 8182.19 8184.96 8176.63 8171.01 8170.42 8172.72 8175.52 8178.75 8187.39 8166.45 8161.32 8160.79 8161.4 8160.22 8158.71
8116.05 8112.68 8107.73 8104.22 8100.39 8095.94 8092.04 8085.94 8082.27 8079.18 8074.38 8072.33 8068.66 8067.96 8069.72 8074.63 8083.14 8091.9 8096.27 8101.11 8105.27 8107.24 8108.59 8114.25 8114.2 8101.85 8105.78 8119.4 8138.67 8173.46 8191.13 8187.59 8182.57 8178.07 8174.48 8171.06 8165.92 8156.31 8144.83 8133.59 8120.93 8108.06 8095.51 8092.69 8098.94 8105.53 8111.22 8115.68 8131.18 8146.66 8154.52 8162.04 8170.09 8173.24 8170.87 8168.52 8171.07 8178.76 8190.22 8198.26 8189.85 8161.88 8162.75 8165.13 8169.44 8170.61 8170.43
8114.83 8110.32 8106.17 8102.41 8098.08 8095.35 8090.52 8086.6 8082.71 8076.17 8073.59 8071.83 8068.27 8069.2 8072.67 8079.09 8086.72 8085.66 8085.93 8089.65 8096.38 8102.49 8107.99 8113.58 8113.3 8104.94 8103.75 8109.83 8120.38 8150.97 8167.64 8170.04 8167.61 8163.43 8157.9 8150.19 8138.1 8118.18 8116.27 8114.5 8108.11 8099.45 8091.16 8088.96 8091.85 8095.85 8098.79 8104.01 8114.47 8119.61 8133.71 8142.64 8150.4 8153.12 8153.69 8156.34 8165.91 8177.23 8194.2 8204.28 8193.1 8177.26 8164.46 8165.7 8173.34 8175.16 8174.3
8115.45 8110.83 8107.55 8103.71 8099.41 8095.37 8091.65 8087.8 8084.25 8077.77 8074.78 8072.59 8068.36 8067.43 8071.82 8076.49 8079.59 8079.25 8078.39 8081.61 8090.5 8098.02 8104.28 8110.25 8109.66 8100.02 8098.98 8105.02 8114.58 8132.98 8144.35 8149.18 8149.8 8146.96 8141.37 8132.88 8121.24 8109.86 8104.26 8102.43 8099.6 8095.5 8090.74 8088.8 8089.2 8091.04 8094.1 8101.73 8112.73 8114.79 8117.32 8120.61 8123.3 8123.67 8127.17 8136.8 8150.32 8166.48 8182.86 8196.6 8198.01 8177.43 8153.71 8161.71 8172.05 8179.81 8180.53
8114.51 8110.57 8106.65 8103.31 8099.48 8095.67 8091.89 8088.52 8084.25 8078.56 8075.84 8073.75 8070.46 8072.6 8073.18 8073.62 8072.95 8075.03 8077.25 8081.31 8087.71 8093.87 8098.4 8101.39 8097.52 8086.37 8089.77 8101.33 8118.13 8118.03 8123.29 8129 8132.09 8131.01 8127.11 8119.98 8110.54 8100.66 8095.98 8096.16 8095.9 8094.85 8093.59 8090.17 8088.21 8088.08 8089.93 8092.97 8096.75 8103.95 8102.02 8099.61 8095.5 8092.09 8095.6 8114.58 8133.34 8150.65 8165.96 8177.85 8183.96 8096.03 8136.11 8159.99 8179.38 8188.63 8188.73
8116.34 8112.25 8107.51 8103.66 8100.22 8096.25 8092.5 8088.01 8084.79 8079.02 8076.92 8075.53 8073.18 8078.22 8076.2 8073.93 8072.58 8075 8078.53 8082.51 8087.12 8090.78 8092.78 8092.63 8086.85 8080.34 8084.86 8093.82 8103.05 8097.89 8105.73 8112.81 8117.02 8117.34 8114.89 8110.78 8103.49 8095.61 8091.86 8093.6 8094.71 8095.3 8095.08 8091.02 8087.33 8084.91 8083.54 8083.54 8083.24 8086.64 8087.85 8084.15 8077.85 8074.7 8079.81 8099.49 8118.28 8134.49 8148.5 8160.09 8184.09 8163.38 8149.07 8164.52 8184.38 8194.77 8193.74
8117.23 8113.03 8109.23 8104.8 8100.62 8096.83 8092.96 8089.49 8083.65 8081.43 8079.55 8078.68 8077.35 8082.7 8076.64 8075.31 8075.5 8077.15 8080.93 8085.45 8087.12 8087.94 8088.25 8087.41 8085.55 8077.84 8080.28 8086.34 8089.28 8087.03 8094.24 8101.75 8106.58 8108.33 8107.32 8104.32 8099.9 8095.26 8093.32 8093.85 8094.64 8095.48 8094.84 8090.29 8085.6 8081.67 8078.66 8077.88 8080.97 8079.36 8080.4 8077.69 8074.57 8074.67 8080.65 8093.16 8106.8 8119.37 8130.69 8142.4 8153.36 8162.21 8154.61 8164.53 8182.68 8194.7 8193.82
8116.48 8111.55 8107.39 8103.13 8099.64 8097.85 8094.26 8087.17 8083.61 8081.74 8081.42 8081.33 8080.77 8080.86 8078.17 8076.95 8076.52 8078.56 8082.03 8086.48 8086.06 8085.41 8084.87 8083.17 8079.21 8077.12 8082.53 8083.96 8083.58 8082.53 8089.05 8095.4 8099.71 8101.94 8101.88 8100.39 8098.13 8096.14 8095.28 8095.06 8094.78 8094.69 8093.25 8088.89 8084.16 8079.8 8076.28 8075.42 8081.5 8081.93 8080.37 8077.23 8076.34 8079.96 8084.96 8091.53 8099.48 8106.98 8112.68 8116.31 8120.56 8128.01 8137.13 8155.28 8175.85 8190.08 8191.12
8113.94 8110.56 8106.34 8101.67 8098.56 8095.07 8087.69 8087.3 8085.21 8083.2 8081.89 8082.3 8082.07 8082.82 8079.9 8078.13 8079.08 8080.22 8080.09 8082.31 8082.29 8082.94 8083.2 8082.34 8081.22 8081.43 8085.68 8083.94 8082.1 8084.55 8087.93 8092.8 8096.09 8098.12 8098.32 8097.81 8096.78 8096.56 8098.37 8095.62 8094.19 8092.56 8090.44 8087.53 8083.31 8078.95 8075.99 8075.31 8080.27 8087.72 8084.85 8080.11 8080.23 8087.22 8090.6 8093.44 8096.88 8100.07 8101.12 8098.72 8097.79 8101.23 8117.16 8142.09 8164.88 8179.86 8181.94
8115.32 8110.81 8106.6 8102.7 8098.97 8091.32 8088.4 8085.76 8084.59 8082.57 8081.22 8081.5 8082.48 8082.19 8079.5 8076.8 8076.18 8076.19 8075.75 8074.56 8077.77 8081.71 8083.21 8083.05 8083.17 8084.93 8086.28 8082.89 8079.35 8081.39 8089.25 8093.22 8095.22 8096.24 8096.11 8095.83 8095.28 8094.6 8094.07 8093.78 8093.76 8092.51 8090.42 8087.55 8083.52 8079.04 8075.82 8076.98 8082.52 8093.48 8091.66 8086.91 8087.51 8094.75 8095.08 8095.4 8096.17 8097.07 8096.88 8095.1 8094.87 8094.41 8106.84 8130.58 8153.87 8172.42 8172.17
8116.37 8112.63 8108.59 8104.98 8095.31 8092.16 8089.14 8086.4 8083.94 8082.15 8080.29 8079.66 8080.12 8080.89 8076.02 8074.54 8072.48 8070.74 8074.96 8076.69 8080.72 8084.98 8085.75 8084.52 8083.13 8084.11 8083.9 8079.97 8078.2 8088.17 8095.65 8097.01 8097 8095.92 8094.84 8094.66 8093.75 8092.37 8090.81 8091.56 8093.39 8096.24 8092.75 8088.73 8084.84 8080.77 8077.57 8080.05 8085.95 8098.5 8100.52 8099.22 8097.06 8098.18 8096.49 8096.15 8096.21 8096.86 8097.01 8096.77 8097.64 8093.57 8103.67 8120.57 8138.31 8154.92 8154.69
8117.04 8112.85 8109.01 8100.23 8097.71 8094.48 8090.85 8087.83 8084.99 8082.21 8080.03 8078.63 8081 8086.38 8077.29 8076.35 8074.79 8075.05 8080.83 8087.56 8092.21 8092.62 8090.43 8086.55 8081.87 8079.31 8079.28 8077.55 8077.43 8103.34 8103.87 8100.97 8098.44 8096.21 8094.78 8094.14 8093.04 8091.81 8090.28 8090.79 8091.68 8091.33 8091.42 8089.63 8087.09 8084.58 8082.36 8081.82 8087.91 8104.05 8109.07 8109.46 8101.89 8095.17 8094.68 8094.83 8095.76 8097.24 8098.61 8100.13 8102.83 8097.29 8103.73 8112.09 8119.8 8123.31 8130.75
8117.34 8113.73 8104.63 8101.4 8098.55 8095.3 8092.06 8088.9 8085.88 8082.88 8080.78 8080.12 8086.12 8096.2 8090.09 8082.79 8080.69 8081.31 8090.33 8099.59 8105.04 8102.12 8096.85 8090.08 8082.89 8078.13 8080.1 8080.02 8081.4 8098.69 8103.29 8100.49 8097.48 8095.1 8093.62 8092.71 8092.02 8091.72 8092.18 8092.4 8091.45 8088.84 8090.97 8090.86 8089.81 8088.68 8086.07 8083.1 8092.76 8113.53 8115.65 8109.29 8099.33 8092.26 8092.92 8093.94 8095.67 8097.76 8099.92 8103.24 8108.98 8107.09 8105.68 8105.84 8107.57 8107.28 8114.73
8117.81 8114.09 8105.54 8102.41 8099.44 8096.18 8092.99 8090.27 8086.99 8084.01 8082.07 8082.64 8090.26 8097.4 8090.85 8086.06 8086.92 8092.94 8100.88 8109.64 8114.31 8111.8 8104.29 8094.91 8085.75 8080.54 8082.07 8080.34 8081.34 8092.52 8097.27 8095.88 8094.89 8093.42 8092.47 8090.97 8090.99 8091.25 8091.85 8092.69 8094.4 8096.41 8093.67 8092.65 8092.11 8091.81 8087.83 8082.05 8099.33 8128.46 8121.04 8105.63 8096.67 8092.05 8092.15 8093.39 8095.13 8097.34 8099.64 8103.21 8107.81 8104.93 8099.24 8101.33 8102.84 8105.38 8110.51
8118.56 8109.43 8106.44 8103.66 8100.35 8096.86 8093.68 8090.53 8087.24 8084.4 8082.31 8082.47 8086.91 8089.08 8083.64 8084.12 8089.33 8098.06 8108.09 8118.49 8127.1 8121.95 8112.31 8100.61 8089.11 8079.98 8081.88 8079.37 8079.23 8084.9 8088.58 8090.3 8090.46 8090.48 8090.39 8090.39 8090.48 8090.77 8091.31 8092.47 8094.31 8095.46 8094.87 8093.8 8093.03 8092.48 8087.78 8082.81 8103.97 8133.91 8124.65 8105.99 8098.87 8094.78 8092.38 8092.45 8093.57 8095.35 8097.19 8098.73 8098.16 8097.56 8096.83 8100.29 8102.6 8105.74 8109.4
