real_craters/C145-300m.grd
DSAA
310 310
-46.375 46.375
-46.375 46.375
6615.9078189657 9293.5212912406
[rows 90 to 119 of 310, columns 0 to 66 of 310]
8150.83 8148.45 8145.68 8144.54 8143.96 8144.35 8145.53 8146.53 8148.25 8146.97 8144.51 8142.46 8139.19 8136.33 8134.17 8132.41 8130.97 8129.8 8128.77 8128.44 8128.77 8130.56 8132.88 8135.93 8139.38 8142.94 8146.57 8150.2 8153.17 8154.89 8153.97 8145.11 8138.68 8137.11 8136.47 8136.3 8136.41 8136.77 8137.34 8138 8139.03 8140.61 8143.09 8144.85 8146.78 8147.65 8149.02 8151.43 8156.15 8158.67 8162.07 8166.87 8171.66 8177.49 8182.91 8188.83 8193.26 8198.86 8205.13 8210.88 8216.99 8235.77 8238.88 8229.53 8219.44 8207.36 8189.87
8152.55 8150.34 8147.93 8145.55 8144.96 8145.62 8147.09 8145.93 8143.65 8145.1 8143.15 8140.11 8138.09 8136.52 8134.36 8132.89 8131.52 8130.31 8129.58 8129.42 8130.05 8131.54 8133.69 8136.57 8140.01 8143.86 8147.73 8151.52 8155.23 8157.88 8158.08 8147.89 8140.22 8139.28 8138.55 8138.24 8138.3 8138.69 8139.34 8140.18 8141.37 8142.84 8144.25 8147.45 8148.54 8150.3 8152.87 8156.25 8158.91 8160.75 8164.01 8168.85 8174.25 8179.84 8184.94 8190.95 8198.74 8206.3 8215.17 8226.65 8245.03 8257.4 8253.14 8238.77 8226.44 8215.02 8200.4
8149.27 8146.83 8145.28 8144.44 8144.33 8144.8 8145.76 8144.37 8141.67 8143.82 8141.93 8138.33 8137.08 8136.34 8134.67 8132.92 8131.86 8130.9 8130.18 8130.22 8130.8 8132.15 8134.06 8137.02 8140.5 8144.2 8148.12 8152.26 8156.26 8159.81 8161.55 8152.72 8145.69 8142.38 8141.33 8141.14 8141.39 8141.84 8142.48 8143.79 8144.67 8145.86 8147.08 8148.58 8150.52 8152.63 8155.26 8158.15 8158.44 8161.28 8165.98 8170.88 8175.59 8180.72 8187.3 8192.38 8199.85 8208.8 8219.16 8233.38 8252.2 8253.85 8247.81 8234.72 8224.16 8215.64 8203.53
8146.17 8144.12 8141.83 8142.99 8143.09 8142.89 8142.48 8140.93 8141.97 8143.88 8142.24 8139.05 8137.27 8136.36 8134.73 8133.67 8132.25 8131.13 8130.68 8130.31 8130.25 8131.5 8134.17 8137.31 8141.06 8144.02 8148 8151.96 8156 8159.75 8161.33 8153.71 8146.41 8145.31 8145.44 8146.33 8145.77 8146.88 8147.23 8147.8 8148.49 8149.35 8150.01 8151.78 8153.87 8153.86 8155.07 8156.89 8158.22 8162.28 8166.67 8170.88 8176.15 8180.71 8186.09 8192.96 8200.53 8209.35 8217.96 8228 8233.7 8233.8 8226.55 8216.91 8210.49 8203.93 8195.29
8144.41 8143.86 8144.2 8142.76 8141.82 8141.2 8140.27 8139.11 8141.8 8146.17 8142.96 8139.69 8138.03 8137.18 8135.75 8134.47 8132.64 8131.73 8130.94 8130.48 8129.56 8130.42 8133.51 8136.95 8140.84 8144.39 8148.5 8151.41 8154.88 8157.63 8159.12 8154.14 8147.37 8149.03 8150.56 8151.32 8153.16 8153.61 8153.63 8153.39 8151.39 8151.68 8152.16 8153.69 8154.22 8153.05 8153.36 8154.07 8157.41 8162.79 8168.5 8173.37 8177.89 8182.56 8187.31 8192.42 8199.55 8206.6 8212.88 8218.72 8218.74 8220.21 8212.31 8203.28 8195.54 8190.34 8188.61
8143.73 8143.39 8144.08 8141.55 8140.42 8139.91 8139.55 8139.41 8139.62 8142.54 8142.16 8141.03 8139.95 8138.33 8136.53 8134.99 8133.47 8132.19 8131.36 8130.81 8130.02 8130.88 8133.53 8136.67 8139.75 8143.9 8147.54 8150.62 8153.31 8154.91 8154.4 8158.37 8153.6 8155.5 8156.46 8157.56 8158.19 8158.34 8159.22 8158.33 8155.22 8154.08 8152.71 8150.95 8149.99 8151.84 8152.58 8152.98 8157.8 8164.78 8170.86 8175.82 8179.66 8183.41 8187.88 8191.69 8197.37 8202.44 8207.19 8211.18 8209.85 8206.46 8201.21 8191.5 8183.85 8177.94 8172.07
8144.63 8143.01 8139.28 8138.83 8139.07 8139.05 8139.1 8139.43 8138.33 8139.43 8140.57 8141.21 8141.09 8138.81 8136.89 8135.31 8134.28 8133.05 8132.19 8131.16 8130.82 8131.62 8133.93 8136.91 8140.21 8143.49 8147.13 8150.44 8152.62 8153.95 8154.53 8161.8 8162.54 8163.42 8163.62 8164.01 8163.73 8163.21 8163.14 8162.34 8161.15 8158.49 8154.91 8151.51 8149.51 8156.24 8157.76 8155.28 8161.75 8170.82 8176.5 8180.1 8182.82 8185.07 8186.9 8189.56 8193.77 8197.11 8200.82 8205.41 8206.93 8200.89 8196.33 8186.76 8180.01 8172.22 8165.75
8149.06 8145.19 8140.9 8139.04 8138.67 8138.32 8138.26 8138.59 8138.73 8138.61 8138.71 8139.23 8138.83 8138.1 8136.54 8135.35 8134.4 8133.5 8132.78 8132.16 8132.04 8132.24 8134.67 8137.48 8140.68 8144.76 8147.97 8150.48 8153.19 8155.49 8157.96 8164.15 8171.83 8172.11 8171.25 8170.36 8169.22 8167.9 8166.4 8165.76 8165.78 8166.06 8164 8168.36 8170.28 8172.4 8172.54 8172.51 8178.44 8183.05 8183.85 8184.09 8184.17 8184.67 8184.41 8185.2 8186.02 8188.18 8190.64 8197.73 8204.07 8204.71 8198.97 8184.95 8178.31 8172.46 8165.66
8153.09 8148.24 8144.19 8141.23 8139.31 8138.06 8137.5 8137.31 8137.81 8136.77 8136.61 8136.77 8138.63 8135.94 8135.76 8135.47 8134.92 8134.24 8133.63 8133.23 8133.74 8134.62 8136.33 8138.75 8141.96 8145.27 8148.79 8152 8155.17 8158.57 8162.16 8167.63 8179.37 8179.1 8177.31 8175.14 8173.2 8171.8 8170.85 8170.61 8171.34 8174.47 8180 8190.23 8195.98 8189.69 8189.6 8197.62 8203.28 8195.55 8189.96 8186.33 8184.15 8182.75 8181.61 8179.9 8178.09 8177.55 8178.45 8182.49 8191.58 8200.12 8198.43 8186.28 8179.78 8178.33 8174.27
8152.71 8151.01 8147.15 8143.29 8140.14 8138.03 8136.6 8135.3 8134.83 8135.96 8135.82 8134.21 8126.44 8134.71 8136.18 8136.14 8135.5 8135.01 8134.44 8134.26 8134.63 8136.3 8137.26 8139.78 8142.96 8146.46 8150.31 8154.65 8158.2 8162.13 8166.46 8171.27 8184.57 8184.65 8181.84 8178.75 8176.09 8174.36 8173.19 8173.05 8174.05 8178.06 8185.55 8194.5 8196.76 8191.26 8189.19 8194.85 8202.63 8196.76 8190.39 8186.46 8183.83 8180.95 8178.6 8176.18 8173.4 8169.22 8164.9 8161.19 8172.86 8190.57 8196.64 8190.39 8187.92 8186.59 8182.37
8159.33 8155.21 8149.08 8143.24 8140.69 8138.27 8136.52 8135.18 8135.09 8135.74 8136.25 8137.53 8143.73 8139.64 8137.9 8137.23 8136.6 8135.91 8135.34 8135.04 8135.06 8135.02 8136.93 8140.29 8143.59 8147.28 8152.25 8155.97 8160.17 8164.44 8168.84 8175.91 8188.41 8186.58 8182.68 8179.02 8175.94 8173.56 8172.2 8171.73 8173.01 8175.33 8181.52 8185.53 8183.3 8182.01 8179.52 8182.6 8187.25 8189.45 8188.07 8186.29 8184.07 8181.51 8178.87 8175.46 8171.72 8165.32 8158.29 8148.96 8164.3 8186.66 8201.43 8204.31 8197.25 8191.99 8186.52
8164.63 8159.34 8151.92 8146.6 8141.43 8138.96 8137.3 8135.47 8134.42 8135.73 8136.9 8138.43 8138.38 8139.19 8139.03 8138.23 8137.53 8137.11 8136.61 8136.27 8136.27 8137.4 8139.21 8141.9 8145.66 8149.86 8153.58 8158.02 8162.81 8167.2 8171.74 8179.5 8187.38 8185.88 8183.38 8180.43 8177.63 8174.08 8172.07 8171.23 8173.82 8172.35 8171.16 8169.73 8167.02 8168.3 8170.41 8174.71 8179.01 8182.96 8185.21 8185.4 8184.43 8182.51 8179.51 8176.62 8173.37 8168.7 8162.55 8159.45 8172.22 8193.38 8214.23 8226.24 8213.62 8203.43 8194.91
8167.77 8161.72 8152.55 8143.59 8141.38 8140.24 8139.22 8137.38 8135.16 8137.22 8138.28 8138.68 8139.94 8140.32 8139.73 8139.14 8138.67 8138.36 8138 8137.68 8137.42 8137.9 8139.33 8142.56 8146.92 8151.21 8155.8 8160.37 8164.96 8169.62 8174.05 8179.2 8181.5 8181.27 8180.23 8178.97 8176.63 8174.71 8175 8173.53 8172.37 8168.13 8163.82 8157.87 8156.02 8160.71 8169.24 8174.06 8177.08 8181.74 8184.59 8185.16 8184.72 8183.07 8181.12 8179.14 8177.43 8176.09 8174.95 8171.04 8185.61 8202.33 8220.79 8234.8 8229.27 8223.21 8209.23
8165.72 8162.03 8153.55 8144.45 8142.83 8142.74 8142.54 8141.99 8140.94 8140.45 8137.53 8138.28 8139.65 8140.31 8139.84 8139.35 8139.31 8139.26 8139.3 8138.78 8138.65 8137.95 8138.15 8143.46 8148.5 8152.79 8156.51 8160.83 8166.09 8171.73 8175.32 8175.86 8174.02 8174.47 8175.42 8176.14 8175.82 8174.75 8174.66 8173.14 8169.9 8165.28 8161.08 8155.95 8158.58 8163.97 8171.65 8177.7 8182.56 8185.1 8186.04 8186.04 8185.34 8183.36 8182 8180.95 8181.33 8184.08 8191.13 8202.04 8198.58 8205.39 8216.8 8223.25 8228.08 8229.94 8213.47
8165.96 8164.05 8156.64 8149.3 8147.14 8147.1 8146.69 8146.51 8147.91 8140.37 8137.24 8136.71 8137.8 8138.72 8138.64 8138.62 8138.72 8139.15 8139.82 8140.83 8141.53 8141.44 8141.9 8146.95 8150.84 8153.35 8156.11 8159.93 8165.27 8172.59 8176.67 8173.31 8166.23 8170.24 8171.66 8172.5 8172.52 8172.81 8171.98 8170.9 8167.78 8165.34 8162.69 8160.43 8165.5 8167.39 8178.28 8183.55 8185.44 8185.79 8188.06 8187.57 8185.95 8183.91 8182.33 8181.71 8182.5 8186.3 8194.14 8200.67 8198.82 8199.22 8201.1 8201.3 8203.43 8208.32 8202.92
8165.89 8165.17 8161 8155.73 8154.31 8153.15 8150.49 8147.83 8144.34 8135.46 8132.48 8133.81 8135.65 8137.56 8137.37 8137.72 8138.24 8139.12 8140.64 8142.73 8145.57 8148.13 8148.6 8153.63 8153.91 8153.63 8154.12 8155.91 8159.44 8166.58 8171.47 8168.71 8172.34 8169.19 8168 8168.12 8169.59 8170.33 8169.97 8169.83 8169.69 8167.36 8167.11 8167.46 8172.81 8179.03 8188.28 8192.85 8193.2 8191.85 8192.53 8189.91 8186.34 8183.73 8181.36 8180.19 8180.34 8182.78 8186.78 8189.06 8189.17 8187.63 8185.82 8181.56 8181.19 8184.34 8188.33
8164.66 8163.65 8166.21 8168.14 8166.36 8159.39 8152.86 8147.26 8141.83 8134.21 8130.09 8131.54 8133.42 8133.84 8135.87 8136.99 8137.98 8139.05 8140.57 8143.34 8147.89 8155.26 8167.01 8161.49 8155.05 8151.51 8149.94 8149.4 8148.99 8147.89 8150.7 8155.7 8157.66 8160.63 8162.76 8163.51 8164.62 8165.81 8166.43 8168.7 8169.84 8173.18 8175.41 8179.94 8187.12 8196.94 8203.76 8203.76 8204.4 8204.54 8198.25 8192.58 8187.09 8182.84 8179.68 8177.24 8176 8175.87 8177.7 8178.02 8177.45 8175.64 8172.65 8170.43 8175.15 8176.64 8178.8
8164.46 8166.48 8169.4 8174.03 8173.2 8161.19 8152.89 8145.81 8137.59 8129.21 8129.04 8132.24 8134.42 8135.04 8135.57 8136.47 8137.39 8138.14 8139.45 8141.68 8145.58 8153.03 8162.94 8157.75 8149.98 8145.71 8143.77 8142.52 8140.28 8135.73 8136.96 8144.88 8151.94 8156.08 8158.05 8161.19 8163.12 8165.45 8167.66 8170.15 8172.83 8178.09 8183.32 8191.57 8202.51 8215.09 8215.38 8209.94 8209.31 8211.33 8200.83 8192.28 8185.59 8180.52 8176.31 8173.05 8170.3 8167.35 8164.69 8165.4 8166.77 8166.27 8163.84 8163.36 8170.63 8172.36 8172.75
8159.16 8166.61 8164.32 8163.15 8159.18 8155.57 8150.05 8144.89 8139.61 8135.95 8139.11 8140.7 8138.79 8135.67 8136.16 8136.82 8137.28 8136.79 8136.76 8137.3 8138.59 8140.82 8141.23 8139.62 8137.64 8136.6 8136.48 8136.98 8136.83 8135.46 8136.07 8140.91 8144.73 8148.12 8153.8 8158.92 8162.95 8166.14 8168.99 8172.71 8176.88 8183.01 8189.74 8200.09 8211.39 8223.01 8212.99 8204.82 8203.02 8199.55 8195.42 8188.19 8181.64 8176.58 8172.72 8169.6 8165.8 8160.87 8152.2 8155.47 8159.25 8159.77 8158.59 8158.89 8165.48 8167.24 8166.78
8145.5 8149.18 8149.63 8150.03 8150.24 8147.43 8145.33 8143.93 8144.01 8146.13 8150.57 8149.93 8143.91 8139.78 8138.57 8138.08 8136.96 8135.23 8133.57 8131.78 8130.04 8126.62 8122.36 8120.92 8123.43 8126.28 8129.11 8132.38 8136.65 8140.27 8142.3 8143.18 8143.11 8144.76 8152.82 8158.82 8163.13 8166.35 8168.71 8173.64 8177.45 8183.59 8190.02 8200.49 8215.67 8210.79 8190.16 8191 8191.31 8193.1 8187.04 8180.36 8174.93 8171.05 8167.99 8165.37 8162.61 8159.88 8157.56 8155.45 8156.1 8156.8 8156.64 8156.41 8160.79 8158.65 8160.7
8130.63 8129.46 8133.36 8136.69 8136.55 8138.1 8139.26 8140.83 8144.56 8152.5 8150.52 8148.25 8146.17 8143.76 8142.07 8139.9 8136.66 8133.15 8129.59 8125.78 8121.42 8115.31 8107.54 8104.62 8111.64 8117 8122.11 8128.05 8136.34 8145.5 8148.47 8147.57 8148.37 8150.87 8157.84 8162.21 8165.23 8167.76 8170.73 8172.65 8175.47 8180.13 8183.86 8187.75 8186.59 8176.99 8176.11 8176.07 8176.35 8176.03 8172.79 8168.64 8165.91 8163.89 8162.27 8161.02 8160.15 8159.86 8160.19 8156.53 8155.01 8154.65 8156.03 8151.59 8146.81 8151.45 8156.92
8120.83 8122.63 8125.57 8126.98 8126.67 8129.58 8132.39 8134.65 8137.35 8139.6 8141.05 8143.57 8145.97 8147.9 8146.81 8140.95 8135.44 8130.37 8125.55 8120.4 8114.76 8108.54 8102.54 8101.89 8104.97 8110.18 8115.77 8121.69 8129.87 8144.36 8147.99 8149.36 8155.07 8163.94 8165.71 8166.5 8168.48 8170.44 8171.47 8172.58 8173.29 8175.31 8175.25 8174.45 8170.43 8161.72 8167.16 8162.4 8159.33 8155.92 8154.02 8155.03 8156.23 8156.51 8156.1 8156.94 8156.97 8157.52 8156.83 8155.23 8153.02 8150.85 8149.42 8144.12 8142.29 8152.2 8154.8
8112.8 8118.22 8121.02 8120.19 8120.88 8123.39 8125.48 8127.18 8128.48 8128.56 8132.07 8139.73 8142.35 8146.37 8146.81 8138.66 8131.93 8125.96 8120.65 8115.19 8109.87 8104.17 8099.34 8096.82 8100.77 8106.14 8111.08 8114.77 8115.79 8122.17 8135.88 8144.58 8154.75 8168.2 8167.78 8167.21 8168.46 8170.34 8171.77 8172.32 8171.58 8171.62 8167.61 8161.02 8151.54 8145.11 8146.98 8147 8144.39 8138.2 8136.52 8142.75 8146.41 8148.64 8150.29 8151.93 8153.35 8155.54 8156.17 8153.33 8150.64 8146.56 8140.88 8140.28 8144.65 8145.25 8151.43
8103.61 8106.86 8109.03 8112.85 8117.38 8118.14 8118.47 8119.98 8121.36 8122.36 8126.3 8130.31 8133.68 8136.42 8135.99 8132.14 8127.04 8121.95 8117.05 8112.21 8107.1 8102.1 8097.89 8095.48 8099.45 8104.68 8109.75 8112.77 8112.14 8112.06 8123.89 8136.85 8147.84 8155.41 8161.05 8165.27 8168.4 8170.11 8171.35 8169.18 8167.08 8160.25 8155.47 8148.52 8137.7 8130.29 8132.82 8135.06 8134.89 8132.53 8132.73 8136.7 8139.72 8142.3 8144.34 8146.06 8147.78 8150.27 8151.91 8150.62 8149.2 8146.17 8141.24 8139.97 8138.89 8142.87 8150.81
8096.69 8100.07 8102.64 8105.67 8106.61 8108.18 8111.16 8113.06 8115.19 8118.44 8122.24 8121.73 8123.17 8125.24 8125.27 8124.52 8121.14 8117.63 8113.94 8109.98 8105.91 8101.97 8098.94 8098.47 8100.68 8106.1 8111.47 8116.37 8119.45 8110.07 8119.32 8132.72 8142.88 8148.08 8155.43 8163.75 8168.27 8170.33 8167.6 8164.73 8162.28 8154.78 8149.35 8141.74 8132.56 8122.28 8124.82 8129.35 8129.9 8130.95 8133.99 8133.61 8135.08 8137.14 8139.2 8141.02 8142.06 8140.06 8143.54 8147.81 8149.43 8149.92 8148.21 8142.59 8141.68 8149.45 8153.51
8093.62 8096.78 8100.12 8101.12 8102.32 8103.99 8105.18 8106.53 8108.16 8110.88 8112.37 8110.58 8111.99 8114.82 8119.96 8116.66 8115.22 8113.84 8111.89 8109.47 8106.54 8103.32 8101.21 8099.25 8103.15 8109.12 8114.93 8121.09 8126.47 8116.82 8123.77 8135.45 8145.13 8150.31 8157.7 8166.79 8170.63 8170.73 8167.07 8162.86 8159.09 8152.84 8146 8139.18 8132.44 8125.11 8126.78 8126.71 8126.08 8126.8 8127.85 8129.82 8131.42 8133.46 8135.23 8137.15 8139.14 8142.46 8143.66 8147 8150.15 8153.22 8153.86 8148.26 8148.97 8153.09 8153.68
8092.77 8094.79 8096.46 8098.18 8099.18 8099.76 8099.95 8100.25 8100.68 8100.4 8097.94 8096.96 8099.98 8103.09 8102.57 8106.57 8109.39 8110.18 8110.08 8109.29 8107.98 8106.63 8105.75 8106.99 8109.54 8113.28 8118.5 8124.14 8129.56 8129.28 8133.73 8143.72 8154.58 8164.56 8172.55 8176.22 8175.92 8173.14 8167.06 8161.59 8155.63 8148.36 8143.15 8136.8 8130.79 8124.57 8122.25 8121.3 8121.73 8122.73 8123.7 8126.1 8128.34 8130.45 8132.18 8133.85 8136.23 8139.12 8143.11 8147.04 8150.78 8152.74 8152.53 8148.29 8150.94 8155.49 8154.64
8092.86 8094.65 8095.93 8096.77 8096.53 8096.25 8095.2 8094.98 8094.3 8092.58 8090.33 8091.26 8093.85 8096.44 8097.36 8101.67 8105.95 8108.52 8109.83 8110.71 8110.65 8110.53 8110.56 8111.61 8113.97 8117.61 8121.69 8125.74 8131.03 8133.89 8141.75 8152.87 8165.93 8179.31 8188.82 8186.91 8181.95 8175.76 8167.27 8160.25 8153.2 8146.59 8140.3 8134.51 8127.79 8119.07 8115.92 8115.94 8118.02 8119.73 8121.6 8123.79 8125.65 8127.56 8129.57 8131.37 8133.41 8135.15 8141.61 8147.5 8152.17 8154.3 8153.03 8148.11 8148.71 8157.62 8162.76
8094.89 8096.34 8098.03 8097.42 8094.43 8090.31 8091.29 8091.36 8090.48 8088.59 8086.19 8089.49 8092.91 8095.66 8098.88 8102.53 8106.15 8109.46 8111.74 8113.52 8114.58 8115.26 8115.65 8115.79 8117.85 8122.9 8126.58 8127.93 8128.04 8137.3 8147.81 8160.48 8174.69 8188.92 8198.27 8194.45 8186.03 8176.57 8166.99 8157.87 8149.55 8142.15 8135.97 8132.05 8129.66 8119.69 8112.77 8114.65 8115.49 8117.26 8120.16 8121.74 8122.95 8124.68 8126.82 8129.14 8132.52 8137.74 8142.08 8148.46 8154.87 8161 8163.73 8158.43 8155.44 8161.84 8162.15
8097.07 8098.29 8100.73 8098.9 8094.5 8091.56 8090.25 8090.03 8089.57 8088.8 8088.15 8091.01 8094.14 8097.83 8101.17 8104.9 8108.84 8112.09 8114.82 8117.43 8119.53 8121.18 8122.45 8123.24 8125.67 8131.33 8135.38 8136.86 8137 8142.7 8153.19 8165.75 8179.56 8193.45 8204.05 8197.58 8186.87 8175.67 8164.8 8154.17 8144.78 8136.57 8128.51 8123.85 8120.88 8115.56 8109.04 8112.58 8112.29 8113.55 8115.82 8118.08 8120.02 8122.1 8124.57 8127.06 8129.56 8134.21 8141.58 8148.99 8156.54 8164 8170.62 8173.26 8165.8 8166.87 8159.2
