real_craters/C145-300m.grd
DSAA
310 310
-46.375 46.375
-46.375 46.375
6615.9078189657 9293.5212912406
[rows 180 to 209 of 310, columns 201 to 267 of 310]
8662.25 8647.78 8629.14 8610.2 8591.4 8573.26 8562.7 8557.64 8552.84 8547.71 8543.29 8539.35 8536.71 8534.93 8533.94 8531.89 8530.47 8530.95 8535.76 8537.85 8533.83 8529.95 8526.73 8525 8523.42 8522.16 8520.88 8519.62 8518.9 8518.62 8519.3 8521.82 8528.1 8536.61 8546.18 8552.6 8553.39 8555.21 8557.41 8557.07 8557.29 8559.91 8561.97 8564.13 8566.15 8567.71 8571.01 8573.51 8575.32 8577.35 8579.05 8580.68 8581.4 8581.67 8582.11 8581.56 8580.92 8580.28 8580.88 8582.97 8584.75 8585.32 8584.69 8582.49 8578.64 8572.11 8565.15
8642.56 8624.36 8613.99 8602.26 8588.42 8573.94 8564.64 8559.14 8554.32 8549.63 8544.94 8541.89 8539.52 8538.03 8537.03 8536.27 8535.31 8536.03 8539.52 8539.49 8533.43 8529.11 8526.46 8524.88 8522.9 8520.67 8518.61 8516.93 8515.25 8514.21 8513.58 8514.92 8522.37 8532.57 8543.77 8551.19 8552.42 8554.7 8557.15 8557.58 8558.44 8559.79 8561.73 8563.94 8563.93 8565.9 8569.58 8572.37 8574.37 8576.28 8578.47 8579.77 8581.16 8581.71 8582.47 8583.04 8583.42 8584.82 8586.48 8584.98 8583.83 8582.45 8579.75 8575.49 8568.87 8558.6 8545.21
8616.51 8604.02 8601.8 8595.95 8588.05 8580.04 8570.27 8562.44 8556.43 8551.26 8546.94 8543.02 8540.78 8540.16 8543.32 8542.49 8537.13 8535.34 8533.72 8529.93 8528.66 8527.13 8525.38 8523.36 8521.22 8519.19 8517.01 8514.84 8512.73 8510.98 8509.62 8510.32 8517.84 8526.93 8535.76 8542.61 8546.71 8550.73 8556.32 8556.72 8557.7 8559.42 8560.84 8561.76 8562.5 8565.25 8568.78 8571.25 8573.24 8575 8577.38 8579.39 8581.57 8582.67 8583.87 8584.5 8585.24 8586.38 8587.13 8585.16 8582.91 8580.29 8576.56 8571.16 8563.68 8552.91 8540.37
8610.02 8598.83 8596.48 8592.47 8587.21 8581.56 8572.59 8564.12 8557.3 8551.67 8547.3 8543.22 8540.22 8537.84 8538.19 8535.46 8533.33 8532.66 8529.31 8524.42 8524.58 8524.78 8524.02 8522.74 8519.81 8517.45 8514.92 8512.59 8510.52 8508.68 8507.47 8509.29 8514.93 8522.27 8529.15 8535 8539.41 8542.25 8545.94 8554.17 8557.32 8558.37 8559.81 8561.36 8563.4 8564.97 8567.3 8569.98 8571.9 8574.77 8576.49 8579.29 8581.79 8583.74 8584.57 8585.99 8586.27 8585.86 8584.38 8583.59 8582.01 8579.15 8575.03 8569.57 8562.23 8554.03 8544.7
8609.86 8602.08 8595.5 8590.35 8585.64 8579.41 8571.97 8564.17 8557.28 8551.87 8546.84 8542.43 8538.29 8533.79 8528.21 8523.81 8527.93 8531.86 8532.18 8524.36 8523.03 8523.86 8523.21 8521.51 8519.11 8516.62 8514.03 8511.56 8509.37 8507.51 8506.46 8507.57 8513.35 8519.67 8524.22 8530.05 8534.03 8536.07 8539.79 8546.48 8553.02 8556.75 8558.87 8559.81 8560.02 8562.62 8566.89 8568.89 8571.24 8573.64 8575.97 8578.86 8581.79 8583.88 8585.85 8587.08 8587.31 8586.3 8584.02 8583.42 8582.21 8579.2 8574.6 8569.5 8563.59 8558.64 8551.7
8604.14 8601.1 8595.53 8588.86 8583.92 8578.96 8570.75 8563.7 8556.93 8552.07 8546.02 8542.64 8537.9 8532.41 8526.17 8521.23 8526.02 8531.81 8536.1 8525.56 8525.27 8525.14 8523.93 8521.58 8519.04 8516.06 8513.69 8511.21 8509.11 8507.67 8507.34 8508.9 8513.56 8519.79 8527.1 8529.32 8531.91 8534.61 8539.75 8546.69 8552.26 8555.97 8558.63 8560.21 8559.27 8560.29 8562.32 8567.34 8570.4 8572.93 8575.97 8578.48 8581.43 8583.92 8586.48 8588.19 8589.25 8588.72 8587.23 8586.25 8584.08 8580.04 8574.92 8569.39 8563.87 8561.17 8560.93
8605.1 8601.71 8594.23 8585.94 8579.33 8573.74 8567.96 8563.04 8558.02 8551.78 8547.3 8544.19 8538.77 8535.13 8530.25 8527.29 8528.89 8530.5 8530.1 8532.29 8531.83 8528.77 8524.9 8521.97 8518.76 8515.66 8512.88 8510.65 8508.76 8508.02 8508.56 8510.64 8513.89 8518.49 8523.1 8528.34 8531.73 8534.72 8541.07 8550.38 8553 8555.9 8558.7 8561.28 8560.46 8560.42 8565.2 8567.25 8570.01 8572.78 8575.47 8578.04 8581.65 8584.23 8587.1 8589.25 8591.22 8592.18 8592.19 8590.84 8586.97 8581.47 8574.96 8567.65 8561.37 8555.38 8548.75
8621.84 8605.2 8593.05 8582.21 8572.34 8566.8 8563.58 8559.94 8556.39 8552.3 8548.59 8544.83 8541.27 8538.21 8536.37 8536.27 8533.38 8530.05 8528.02 8534.63 8537.05 8531.45 8525.93 8521.45 8517.83 8514.63 8511.95 8509.57 8508.34 8508.05 8508.32 8510.4 8514.09 8518.49 8523.33 8528.32 8533.33 8537.04 8541.28 8546.83 8552.09 8555.82 8558.44 8559.6 8556.98 8557.92 8562.94 8567.24 8570.41 8573.12 8575.97 8578.63 8580.91 8584.1 8586.75 8589.7 8592.03 8594.69 8596.66 8596.07 8589.86 8582.44 8574.69 8565.82 8557.81 8549.15 8541.51
8615.23 8601.87 8589.84 8578.92 8567.68 8562.23 8560.75 8558.2 8555.22 8551.71 8548.64 8545.39 8542.73 8540.88 8540.25 8540.07 8536.37 8530.38 8526.29 8532.51 8536.31 8530.47 8524.75 8520.24 8516.73 8513.51 8510.84 8508.81 8507.9 8507.99 8509.78 8511.33 8514.17 8518.38 8523.89 8529.63 8536.15 8543.82 8544.76 8546.44 8552.74 8556.77 8559.1 8560.06 8559.27 8560.95 8563.99 8567.36 8570.14 8572.81 8575.27 8577.43 8579.91 8582.05 8584.86 8588.14 8591.48 8595.19 8597.8 8596.99 8590.72 8582.21 8573.09 8563.49 8554.91 8546.53 8539.22
8608.81 8594.67 8586.27 8577.32 8568.11 8563.32 8560.64 8557.67 8554.73 8551.89 8548.91 8546.23 8543.98 8542.48 8541.48 8541.33 8537.19 8530.71 8525.31 8526.54 8529.46 8525.46 8521.21 8517.59 8514.61 8511.9 8509.59 8507.93 8507.2 8507.24 8507.24 8510.43 8514.08 8518.25 8523.56 8530.24 8537.35 8544.73 8550.43 8553.86 8556.82 8559.6 8561.18 8562.14 8563.76 8565.22 8565.87 8567.42 8568.03 8569.53 8571.08 8572.87 8575.97 8578.32 8581.27 8584.47 8588.33 8592.93 8596.22 8596.44 8589.83 8580.26 8569.7 8560.3 8551.88 8545.74 8538.82
8595.56 8588.2 8584.25 8578.46 8571.11 8565.74 8560.96 8556.9 8553.47 8550.52 8547.64 8545.37 8543.56 8541.95 8540.72 8538.57 8534.65 8531 8528.24 8525.82 8519.67 8518.63 8517.07 8514.7 8512.34 8510.2 8508.5 8507.2 8506.63 8506.69 8508.85 8510.73 8514.53 8518.71 8524.37 8531.01 8537.44 8543.44 8552.63 8558.01 8560.68 8563.37 8564.44 8563.35 8565.62 8567.47 8567.3 8567.6 8567.39 8567.65 8568.76 8570.51 8572.49 8575.12 8576.88 8579.83 8583.91 8587.67 8592.09 8594.65 8586.77 8575.74 8565.01 8555.74 8547.31 8539.49 8534.72
8596.04 8589.48 8584.35 8580.92 8578.16 8569.4 8562.14 8557.05 8552.78 8549.56 8548.03 8546.05 8544.33 8542.66 8540.49 8537.36 8534.02 8531.36 8527.93 8522.26 8515.32 8515.29 8513.76 8511.98 8510.3 8508.9 8507.65 8506.91 8506.54 8506.19 8506 8511.61 8516.35 8520.52 8525.97 8532.42 8538.7 8544.46 8551.7 8558.07 8563.14 8567.53 8570.15 8569.14 8568.52 8567.48 8567.82 8567.23 8566.68 8565.78 8565.85 8566.16 8567.66 8569.23 8571.4 8573.88 8576.45 8579.27 8582.68 8585.36 8577.84 8567.54 8558.43 8550.41 8542.87 8535.49 8532.13
8585.6 8586.67 8581.82 8578.51 8575.71 8567.9 8561.01 8556.14 8552.47 8549.8 8547.47 8545.63 8544.06 8542.5 8540.68 8538.81 8536.35 8532.34 8527.65 8522.03 8519.7 8514.78 8512.07 8510.37 8508.92 8507.85 8506.85 8506.41 8507.12 8508.49 8510.89 8514.76 8519.85 8524.86 8529.23 8534.2 8540.43 8546.62 8549.2 8556.63 8564.02 8570.91 8577.53 8579.02 8572.27 8568.7 8569.06 8566 8563.4 8561.99 8561.89 8562.33 8562.98 8564.11 8565.22 8566.56 8567.75 8568.34 8568.02 8566.1 8561.29 8556.48 8550.68 8545.23 8539.74 8535.93 8532.02
8581.92 8579.5 8575.16 8570.37 8566.12 8561.39 8556.96 8553.49 8550.25 8548.7 8546.8 8545.15 8543.68 8542.28 8540.77 8539.35 8537.31 8533.27 8528.98 8524.68 8516.48 8512.33 8510.1 8508.52 8507.3 8506.74 8506.25 8506.42 8507.89 8510.66 8513.92 8517.93 8523.27 8529.25 8531.73 8534.51 8538.56 8544.36 8550.46 8556.63 8562.99 8570.14 8579.25 8584.18 8570.24 8568.55 8567.1 8561.8 8558.61 8557.19 8556.6 8556.9 8557.71 8558.23 8558.97 8559.22 8558.69 8557.1 8553.51 8547.64 8544.54 8545.39 8544.13 8541.7 8537.73 8533.02 8533.01
8581.55 8572.31 8567.69 8560.33 8555.26 8553.22 8551.45 8549.23 8547.66 8546.29 8544.82 8543.69 8542.63 8541.4 8540.28 8538.88 8536.72 8533.03 8529.51 8525.36 8516.94 8511.29 8508.83 8507.53 8506.24 8505.55 8505.13 8505.37 8506.84 8510.85 8515.33 8519.39 8524.25 8528.65 8531.78 8533.61 8535.59 8542.09 8551.52 8555.28 8558.86 8562.83 8566.82 8566.41 8556.61 8555.03 8555.61 8552.77 8551.68 8551.25 8551.4 8551.12 8551.77 8552.03 8551.82 8551.34 8551.06 8548.14 8543.07 8536.6 8534.08 8538.45 8540.86 8541.54 8539.44 8537.67 8537.08
8568.66 8572.14 8561.13 8550.61 8545.88 8545.79 8546.1 8545.32 8545.02 8543.69 8543.39 8542.73 8541.92 8541.07 8539.47 8537.69 8534.43 8531.5 8528.44 8524.9 8517.12 8511.23 8508.23 8506.35 8504.97 8504.2 8503.65 8503.72 8504.41 8506.12 8512.11 8519.65 8525.74 8529.22 8532.06 8532.92 8534.12 8540.72 8548.77 8551 8551.97 8551.99 8549.24 8544.53 8539.22 8536.72 8538.52 8540.92 8542.82 8543.79 8544.58 8545.31 8546.37 8545.84 8545.63 8544.81 8543.12 8540.4 8537.15 8532.38 8531.05 8536.78 8541.66 8546.03 8546.37 8543.51 8544.78
8560.68 8558.59 8555.39 8545.29 8540.72 8541.61 8542.54 8542.55 8542.85 8542.16 8542.15 8541.61 8541.02 8540.28 8539.22 8537.62 8534.56 8531.32 8526.58 8519.43 8514.3 8511.46 8507.67 8505.18 8503.65 8502.52 8502.17 8501.99 8502.23 8503.37 8510.69 8520.55 8529.93 8534.71 8534.02 8532.96 8531.42 8537.61 8544.43 8544.54 8543.59 8541.53 8538.19 8532.48 8524.58 8521.34 8524.65 8530.98 8534.72 8537.32 8538.6 8539.8 8541.28 8541.28 8541.49 8540.3 8538.74 8537.45 8534.64 8532.74 8533.76 8538.73 8544.74 8553.09 8563.82 8564.14 8554.93
8559.48 8563.52 8555.64 8546 8540.93 8540.16 8540.11 8540.54 8541.05 8540.74 8540.32 8540.05 8539.64 8539.21 8538.73 8538.4 8538.49 8534.88 8525.86 8516.94 8511.65 8509.19 8505.75 8503.82 8502.73 8502.09 8501.6 8501.13 8501.13 8503.04 8510.3 8520.68 8531.71 8536.42 8533.72 8532.54 8534.84 8534.77 8536.42 8536.38 8534.8 8532.18 8528.15 8524.08 8520.01 8517.84 8520.1 8525.24 8529.43 8532.71 8534.63 8537.18 8537.92 8537.92 8537.8 8537.04 8536.71 8534.99 8533.69 8533.67 8535.73 8540.71 8547.7 8555.74 8565.13 8566.35 8560.02
8559.37 8560.69 8555.87 8545.99 8541.28 8539.43 8538.62 8538.69 8538.68 8538.68 8538.33 8537.49 8537.42 8537.05 8536.89 8537.2 8538.49 8534.4 8523.67 8514.77 8507.55 8502.74 8502.49 8502.54 8502.15 8501.58 8501.08 8501.1 8501.14 8501.55 8509.13 8517.94 8526.86 8530.03 8527.75 8526.33 8528.45 8527.73 8528.25 8527.52 8526.18 8524.02 8521.26 8518.76 8517.32 8517.64 8520.18 8523.41 8526.98 8529.77 8531.65 8533.25 8534 8534.76 8534.75 8534.5 8534.12 8533.4 8533.07 8533.76 8535.92 8541.37 8548.24 8554.72 8558.77 8561.92 8560.7
8550.4 8554.09 8553.75 8546.89 8541.27 8538.75 8536.49 8536.82 8535.7 8536.56 8536.47 8535.31 8535.87 8534.52 8534.22 8532.97 8530.05 8524.39 8518.24 8512.26 8507.42 8500.68 8502.17 8502.04 8501.57 8501.14 8500.99 8501.55 8502.71 8504.78 8507.27 8512.15 8518.05 8519.24 8517.43 8514.8 8510.25 8516.05 8518.07 8518.13 8517.69 8516.91 8515.19 8513.99 8514.57 8516.68 8520.21 8523.04 8524.7 8526.17 8528.93 8530.08 8530.93 8531.71 8532.03 8532.08 8532.51 8532.16 8532.48 8533.57 8536.18 8541.59 8548.69 8555.09 8559.82 8561.77 8561.43
8540.72 8544.71 8545.37 8540.75 8538.75 8537.33 8535.64 8535.12 8534.68 8534.27 8534.02 8533.85 8532.78 8532.2 8530.75 8528.1 8523.49 8516.9 8513.17 8508.24 8503.3 8506.48 8504.84 8502.64 8501.4 8500.75 8500.97 8501.67 8503.13 8504.03 8503.33 8503.26 8504.59 8505.53 8505.54 8505.94 8507.45 8505.2 8507.43 8508.83 8509.72 8510.61 8511.06 8509.38 8509.08 8515.18 8521.36 8522.76 8522.97 8524.02 8524.95 8525.85 8526.67 8529.27 8529.93 8530.48 8531.04 8531.53 8532.27 8533.48 8535.78 8541.16 8549.39 8557.37 8562.87 8563.84 8562.72
8545.92 8547.32 8545.62 8540.68 8537.85 8534.8 8532.45 8531.18 8531.6 8530.85 8530.26 8530.97 8529.9 8528.9 8527.44 8525.2 8521.56 8516.49 8511.98 8505.93 8501.38 8504.44 8504.48 8502.53 8500.9 8499.95 8499.91 8500.68 8502.05 8501.67 8498.37 8493.67 8488.57 8491.84 8493.72 8493.83 8494.59 8497.01 8497.84 8499.92 8501.81 8503.54 8504.94 8505.24 8507.64 8512.58 8518.7 8520.53 8520.98 8521.77 8522.68 8523.87 8525.19 8526.47 8527.5 8529.66 8530.57 8531.51 8532.47 8533.84 8535.82 8540.85 8549.77 8559.28 8568.62 8565.23 8562.86
8554.04 8550.6 8545.8 8540.42 8535.18 8532.87 8530.94 8529.73 8528.47 8527.76 8527.19 8527.98 8526.98 8524.96 8525.05 8523.62 8522.09 8520.22 8514.02 8506.04 8499.41 8500.51 8502.02 8501.43 8499.76 8498.44 8497.63 8497.75 8499.16 8498.42 8494.84 8490.34 8485.19 8486.37 8486.07 8481.63 8479.14 8483.79 8488.56 8492.45 8495.03 8496.42 8497.67 8499.9 8503.37 8508.43 8513.64 8516.68 8518.11 8519.19 8520.75 8522.86 8524.33 8525.93 8527.56 8528.75 8530.17 8531.66 8533.81 8535.53 8538.27 8542.83 8549.25 8555.95 8561.68 8562.28 8561.32
8556.62 8546.33 8539.17 8535.52 8533.66 8531.73 8529.85 8529.13 8528.01 8527.12 8526.28 8524.41 8523.36 8523.16 8521.83 8522.24 8521.7 8521.39 8515.25 8507.03 8500.82 8500.55 8501.97 8500.36 8498.13 8496.23 8494.51 8493.3 8492.41 8492.56 8492.59 8492.65 8492.01 8488.73 8485.73 8481.47 8477.45 8477.61 8482.99 8487.9 8491.16 8492.27 8493.49 8495.56 8498.83 8504.08 8509.44 8512.45 8514.27 8516.16 8518.45 8521.04 8523.33 8525.48 8527.5 8529.09 8530.96 8533.28 8535.08 8537.38 8540.91 8544.86 8547.82 8550.61 8554.26 8557.82 8559.19
8549.17 8557.68 8535.96 8532 8530.91 8528.74 8527.7 8527.14 8526.38 8524.88 8525.23 8524.25 8522.81 8521.53 8521.11 8520.09 8518.37 8516.55 8512.07 8507.55 8503.77 8503.24 8502.66 8498.83 8496.16 8493.95 8491.76 8489.75 8486.69 8488.27 8490.66 8493.31 8494.66 8492.15 8489.79 8486.6 8481.66 8479.5 8482.25 8486.62 8490.63 8493.75 8494.85 8495.81 8497.5 8500.2 8503.44 8506.56 8510.17 8513.69 8517.12 8520.42 8523.31 8526.01 8528.39 8530.62 8532.71 8534.81 8536.68 8538.95 8541.97 8544.54 8546.34 8547.53 8550.91 8555.47 8558.28
8534.59 8545.32 8535.65 8531.92 8528.7 8529.46 8528.11 8525.87 8524.88 8526.25 8525.01 8524.14 8522.43 8520.65 8517.89 8515.63 8513.08 8509.59 8507.06 8507.6 8508.66 8506.88 8499.37 8496.65 8494.25 8492.18 8490.02 8487.93 8488.7 8487.22 8488.92 8491.41 8493.5 8494.41 8495.08 8494.21 8485.91 8480.86 8484.51 8488.32 8492.13 8496.36 8495.87 8496.28 8496.23 8497.07 8498.62 8501.14 8506.4 8511.44 8515.95 8519.9 8523.28 8526.32 8529.04 8531.61 8534.71 8536.93 8539.04 8540.9 8542.83 8545.18 8546.5 8547.73 8551.47 8556.05 8558.87
8530.03 8526.31 8524.44 8527.83 8527.16 8526.65 8526.64 8525.35 8524.07 8523.21 8522.96 8521.49 8519.57 8517.07 8514.88 8511.9 8509.64 8506.57 8505.1 8507.15 8509.77 8508.09 8499.97 8494.92 8492.66 8491.32 8489.86 8487.12 8481.18 8485.71 8487.55 8489.26 8492.13 8495.66 8499.55 8503.68 8494.85 8489.04 8490.26 8492.02 8493.51 8494.66 8493.11 8490.79 8493.51 8495.75 8496.94 8498.84 8505.53 8511.19 8516.25 8520.56 8524.3 8527.7 8530.7 8533.49 8536.39 8538.86 8541.67 8543.55 8544.61 8545.03 8548.17 8551.79 8555.69 8559.23 8561.6
8531.44 8527.14 8521.06 8522.87 8524.72 8525.27 8524.6 8525.01 8523.99 8520.55 8518.04 8517.51 8515.52 8513.29 8512.73 8509.84 8507.19 8505.01 8504.33 8505.89 8507.53 8505.07 8496.22 8491.95 8491.47 8491.56 8491.53 8491.22 8490.55 8488.21 8487.5 8488.07 8491.25 8495.99 8500.82 8503.06 8501.78 8499.02 8498.36 8497.92 8496.39 8493.91 8493.55 8489.58 8495.4 8498.38 8500.15 8503.26 8508.17 8513.77 8519.03 8523.47 8527.36 8530.31 8533.41 8535.8 8538.66 8541.51 8544.37 8546.77 8548.55 8551.18 8555.9 8560.03 8562.59 8564.5 8566.06
8529.56 8526.66 8520.39 8520.84 8526.74 8528.09 8527.11 8525.66 8524.46 8522.62 8520.42 8518.03 8515.7 8512.71 8509.71 8507.34 8504.99 8503.13 8502.57 8503.76 8505.07 8502.99 8492.1 8489.9 8491.55 8493.02 8494.33 8495.77 8495.56 8491.35 8488.25 8487.41 8490.73 8496.14 8501.91 8507.53 8509.69 8508.43 8508.07 8507.19 8503.86 8499.55 8501.48 8505.19 8503.15 8504.34 8505.66 8507.76 8512.87 8518.46 8523.03 8527.09 8530.35 8533.45 8536.62 8539.78 8542.78 8545.22 8547.81 8550.88 8554.2 8559.64 8564.18 8569.94 8569.45 8570.34 8571.27
8529.84 8531.72 8535.27 8530.71 8531.16 8528.57 8528.37 8525.92 8522.55 8520.6 8518.03 8515.69 8512.86 8510.02 8507.64 8505.42 8503.23 8501.23 8499.75 8501.78 8503.77 8503.28 8495.11 8492.86 8494.33 8495.63 8497.01 8498.59 8497.75 8493.76 8489.57 8486.76 8491.27 8497 8502.46 8507.03 8510.79 8515.43 8518.94 8520.59 8518.34 8513.28 8512.32 8509.17 8511.09 8511.91 8513.17 8515.53 8519.85 8524.57 8527.72 8530.67 8533.37 8536.43 8539.81 8542.94 8546.14 8549.54 8552.77 8555.96 8559.04 8562.61 8565.62 8568.47 8573.61 8576 8576.76
