real_craters/C146-500m.grd
DSAA
188 188
-46.83 46.83
-46.83 46.83
7996.3508115526 9818.3997539114
[rows 0 to 29 of 188, columns 0 to 66 of 188]
9236.64 9241.63 9247.09 9253.11 9259.06 9264.72 9269.67 9272.72 9272.15 9268.8 9266.16 9264.07 9262.31 9260.09 9257.55 9254.36 9251.24 9247.27 9236.84 9227.07 9220.89 9213.4 9208.34 9205.67 9202.3 9199.12 9196 9193.18 9190.8 9188.48 9183.05 9179.64 9184.02 9189.22 9192.51 9192.38 9187.55 9179.24 9175.05 9176.01 9169.42 9160.13 9159.35 9170.08 9174.25 9171.45 9167.47 9162.35 9162.68 9168.31 9176.69 9182.41 9187.98 9193.47 9198.2 9202.09 9204.32 9202.78 9200.02 9201.72 9197.55 9193.36 9189.71 9186.37 9183.54 9180.43 9175.89
9232.95 9238.17 9242.92 9249.03 9255.8 9261.68 9267.18 9270.95 9267.67 9265.89 9263.62 9261.58 9259.84 9257.96 9255.73 9253.31 9250.52 9245.73 9238.35 9229.21 9220.65 9216.81 9211.54 9206.91 9203.48 9199.33 9195.39 9192 9189.17 9186.87 9181.71 9177.34 9179.33 9183.21 9186.26 9187.5 9184.16 9180.45 9174.45 9169.61 9165.48 9159.62 9160.96 9169.44 9169.98 9165.67 9159.3 9156.93 9163.85 9173.13 9178.89 9184.16 9189.01 9193.35 9197.46 9200.45 9203.31 9201.77 9201.56 9201.64 9197.45 9194.24 9191.15 9187.92 9184.27 9180.06 9175.56
9225.64 9233.23 9240.7 9249.91 9256.12 9262.12 9265.11 9270.62 9267.62 9263.63 9262.1 9260.1 9258.17 9256.02 9254.17 9251.87 9249.41 9246.33 9239.61 9233.29 9228.3 9220.56 9215.11 9209.46 9204.43 9199.72 9194.66 9189.61 9185.33 9182.29 9177.51 9174.05 9175.28 9178.56 9181.88 9184.46 9182.09 9177.83 9173.73 9169.52 9166.12 9158.7 9158.34 9163.52 9162.76 9158.88 9154.73 9154.64 9163.59 9175.88 9182.15 9187.23 9191.51 9195.63 9198.39 9199.59 9197.05 9198.09 9199.38 9196.64 9197.23 9196.66 9193.32 9188.84 9184.29 9180.64 9176.28
9218.64 9227.52 9235.08 9239.63 9250.51 9258.21 9264.77 9266.25 9264.73 9261.05 9259.39 9257.49 9256.02 9254.73 9252.63 9250.28 9247.47 9243.94 9239.11 9234.27 9229.66 9223.14 9217.29 9211.9 9206.16 9200.19 9194.1 9187.63 9181.11 9175.1 9171.63 9170.14 9171.44 9174.7 9177.6 9177.83 9181.05 9182.81 9176.05 9179.38 9171.54 9156.91 9153.93 9155.77 9155.05 9153.01 9151.39 9156.76 9168.44 9177.43 9183.46 9187.74 9192.09 9194.92 9198.05 9200.12 9200.86 9204.75 9207.95 9202.66 9201.64 9198.53 9194.5 9190.53 9187.35 9181.57 9176.81
9215.49 9222.49 9229.83 9237.67 9246.97 9255.86 9261.05 9263.52 9262.54 9259.16 9256.22 9254.6 9252.92 9251.2 9249.33 9247.53 9245.3 9242.1 9237.9 9234.17 9229.18 9224.31 9219.14 9213.64 9207.37 9200.88 9194.32 9186.99 9178.89 9171.71 9168.05 9166.23 9168.25 9172.05 9175.23 9180.41 9178.66 9177.05 9175.56 9169.96 9160.52 9152.91 9149.96 9149.56 9149.3 9148.88 9150.89 9159.02 9170.6 9179.45 9184.78 9188.83 9192.43 9196.25 9199.82 9203.63 9207.89 9210.83 9208.32 9205 9207.86 9200.47 9195.01 9190.16 9184.22 9182.29 9178.28
9213.22 9219.16 9226.82 9235.26 9243.91 9252.73 9265.11 9280.9 9262.77 9258.34 9255.02 9251.85 9250.31 9247.44 9246.79 9245.58 9244.29 9241.88 9238.19 9231.29 9227.02 9224.8 9220.03 9215.29 9209.39 9203.3 9196.47 9188.66 9180.12 9171.99 9169.28 9165.26 9168.6 9171.53 9172.54 9170.89 9169.07 9166.07 9161.83 9158.18 9154.25 9150.26 9147.57 9146.54 9145.98 9146.2 9147.61 9158.55 9176.59 9180.89 9184.35 9187.89 9191.8 9195.46 9199.95 9204.33 9209.19 9211.1 9198.83 9198.96 9202.28 9198.58 9194.52 9190.38 9184.37 9183.91 9181.84
9209.46 9213.61 9221.99 9230.78 9239.73 9247.37 9250.73 9265.14 9265.34 9255.05 9252.04 9250.04 9250.06 9249.02 9246.52 9245.57 9244.43 9242.86 9241.42 9239.28 9232.61 9227.5 9222.39 9217.26 9211.47 9205.5 9199.6 9192.88 9185.6 9179.63 9177.02 9176.97 9175.71 9173.56 9171.67 9168.77 9165.21 9161.08 9155.76 9157.04 9157.94 9150.13 9146.4 9144.58 9144.74 9145.37 9148.29 9159.35 9173.74 9177.97 9180.73 9184.31 9188.3 9192.72 9197.79 9203.3 9205.77 9206.39 9208.25 9199.62 9195.93 9194.78 9194.01 9192.57 9191.53 9189.31 9186.83
9201.18 9207.51 9216.88 9226.84 9236.6 9246.17 9258 9276.56 9262.1 9252.91 9249.34 9248.69 9247.89 9246.4 9245.83 9245.71 9244.94 9243.71 9242.63 9244.33 9237.15 9230.22 9224.73 9219.46 9214.83 9209.42 9203.88 9198.64 9194.14 9188.87 9184.67 9183.61 9179.85 9175.23 9172.11 9170.15 9166.77 9160.11 9156.11 9155.03 9152.76 9148.56 9146.17 9145.34 9145.18 9146.08 9148.79 9156.77 9167.74 9171.02 9175.47 9180 9184.97 9190.19 9195.22 9200.56 9204.73 9207.1 9200.58 9195.82 9188.57 9192.03 9194.37 9195.31 9194.73 9194.28 9191.95
9196.78 9204.79 9215.19 9225.68 9236.02 9245.91 9256.06 9255.81 9250.48 9247.04 9247.35 9246.19 9246 9245.47 9245.11 9245.29 9245.77 9246.42 9246.64 9243.81 9236.71 9231.55 9227.09 9222.93 9218.63 9213.63 9208.72 9203.88 9199.41 9194.26 9188.41 9183.28 9178.5 9175.54 9173.02 9170.13 9166.02 9159.55 9157.31 9155.36 9152.78 9148.84 9147.18 9146.29 9146.61 9147.79 9149.93 9155.35 9161.98 9164.58 9169.88 9176.1 9181.72 9186 9191.62 9196.48 9200.87 9202.26 9193.31 9188.92 9188.94 9192.72 9195.26 9197.51 9198.84 9198.72 9195.94
9194.45 9203.01 9213.13 9224.17 9234.18 9242.62 9247.93 9248.28 9245.77 9247.58 9246.19 9245.21 9244.78 9244.73 9245.37 9245.81 9246.5 9247.67 9248.11 9238.92 9235.44 9233.01 9229.9 9225.99 9222.1 9218.22 9213.97 9208.69 9202.66 9196.3 9190.2 9183.58 9177.81 9174.6 9171.23 9166.33 9160.36 9157.95 9156.78 9156.28 9154.68 9150.64 9148.78 9147.91 9148.68 9150.18 9152.79 9156.93 9159.36 9159.05 9164.55 9171.37 9177.92 9183.11 9187.85 9191.86 9194.68 9196.68 9189.66 9184.34 9193.97 9196.23 9196.59 9198.45 9202.33 9201.47 9196.22
9194.92 9201.54 9211.4 9222.44 9234.35 9243.64 9242.93 9238.7 9239.2 9242.65 9244.16 9243.63 9243.67 9244 9244.78 9245.22 9245.96 9246.3 9244.57 9238.55 9236.45 9235.39 9233.5 9230.6 9227.66 9223.67 9219.3 9213.93 9209.49 9200.75 9192.39 9183.85 9176.89 9172.69 9169.55 9165.56 9160.24 9158.44 9158.17 9158.13 9157.62 9153.11 9148.49 9149.25 9150.95 9152.86 9155.38 9159.29 9155.14 9156.02 9161.76 9167.99 9175.02 9180.62 9186.78 9189.52 9189.58 9185.7 9191.15 9194.6 9196.59 9195.94 9195.07 9195.48 9196.04 9194.2 9191.14
9192.29 9199.68 9210.91 9222.46 9233.33 9242.99 9246.99 9231.76 9232.74 9237.53 9240.23 9241.46 9242.43 9243.21 9244.29 9244.93 9245.38 9244.9 9242.26 9240.74 9239.88 9238.33 9237.17 9235.2 9233.07 9229.03 9228.61 9221.72 9212.74 9204.26 9195.09 9185.66 9176.41 9172.95 9169.58 9167.14 9164.11 9162.35 9160.9 9160 9159.21 9156.67 9152.76 9152.89 9153.74 9154.7 9155.45 9154.47 9153.4 9155.09 9160.93 9166.02 9170.51 9175.72 9181.3 9187.01 9190.31 9191.98 9196 9194.56 9192.75 9191.56 9191 9190.38 9188.54 9186.15 9185.13
9182.31 9196.65 9209.94 9220.88 9230.18 9239.35 9244 9225.84 9226.52 9231.04 9236.07 9239.19 9241.01 9242.07 9242.85 9243.95 9244.59 9244.67 9245.27 9245.15 9242.51 9241.67 9240.32 9239.09 9236.43 9234.92 9236.7 9229.83 9216 9208.09 9197.56 9188.52 9181.53 9175.01 9168.45 9167.65 9170.15 9167.16 9163.65 9161.85 9162.21 9160.24 9159.08 9157.98 9157.83 9157.64 9156.99 9156.14 9156.58 9159.22 9163.57 9166.46 9169.74 9173.52 9177.87 9184.37 9192 9201 9201.93 9193.68 9188.05 9186.9 9187.09 9186.43 9184.45 9182.32 9181.19
9185.4 9201.46 9212.2 9219.79 9225.06 9227.78 9224.45 9216.34 9221.11 9228.95 9235.06 9237.32 9238.66 9239.6 9240.58 9241.58 9242.7 9243.61 9247.26 9248.42 9244.48 9242.65 9241.06 9246.2 9249.01 9248.05 9246.98 9242.48 9233.64 9215.24 9197.4 9185.16 9197.22 9169.84 9159.53 9164.37 9167.74 9168.09 9165.39 9162.39 9161.64 9165.27 9164.57 9164.02 9162.27 9160.34 9159.02 9159.06 9161.9 9168.45 9167.79 9168 9168.84 9170.8 9174.3 9181.3 9191.67 9198.72 9199 9191.81 9184.96 9183.72 9184.79 9183.8 9181.56 9178.85 9179.32
9213.62 9215.55 9218.54 9220.51 9220.38 9217.34 9215.11 9210.38 9217.35 9226.08 9232.92 9234.95 9235.36 9236.28 9237.49 9239.21 9240.92 9241.71 9241.56 9243.39 9242.39 9241.93 9247.46 9248.7 9246.64 9249.56 9251.54 9252.9 9245.37 9220.71 9193.31 9161.23 9108.81 9111.62 9144.2 9162.2 9167.19 9167.13 9164.91 9161.3 9164.06 9173.66 9175.09 9170.65 9166.79 9163.31 9160.47 9159.75 9162.88 9167.63 9169.41 9167.77 9166.56 9166.58 9167.25 9171.47 9190.22 9208.48 9202.34 9194 9185.53 9186.4 9185.08 9182.96 9180.93 9179.69 9179.78
9226.79 9227.38 9225.02 9221.4 9217.42 9213.59 9210.35 9207.64 9213.8 9223.25 9231.76 9231.36 9231.3 9232.69 9234.93 9237.67 9240.05 9241.83 9242.55 9238.12 9239.84 9242.01 9245.3 9244.8 9248.33 9251.57 9254.09 9253.61 9243.64 9222.26 9195.33 9161.83 9116.1 9123.53 9152.28 9167.29 9169.79 9167.47 9164.27 9159.79 9162.83 9173.86 9178.99 9176.18 9171.56 9166.22 9162.11 9158.81 9159.16 9169.61 9169.47 9166.87 9164.78 9162.47 9159.64 9153.51 9140.42 9164.04 9205.64 9195.79 9184.85 9188.79 9184.94 9181.73 9180.15 9179.82 9180.18
9238.66 9238.51 9229.5 9220.9 9214.11 9208.98 9203.99 9204.97 9209.37 9215.29 9220.88 9222.61 9224.37 9227.63 9231.27 9234.96 9238.57 9240.95 9241.63 9237.26 9237.99 9242.12 9244.29 9247.88 9250.53 9250.45 9252.67 9254.56 9244.36 9225.71 9205.43 9189.68 9195.57 9196.15 9176.13 9174.36 9172.3 9169.27 9163.8 9162.33 9169.62 9176.97 9183.21 9181.25 9175.48 9168.37 9162.7 9157.98 9155.39 9162.13 9164.53 9163.85 9161.98 9159.38 9156.09 9149.83 9133.22 9153.49 9194.71 9185.33 9165.84 9180.68 9179.29 9178.02 9178.06 9178.55 9180.18
9251.12 9243.35 9227.57 9216.15 9208.02 9202.62 9198 9199.31 9201.14 9204.23 9207.01 9211.07 9215.34 9220.03 9225.71 9231.26 9236.43 9240.51 9243.24 9229.31 9232.42 9234.49 9239.96 9240.24 9246.67 9249.11 9250.24 9245.62 9239.42 9227.57 9214.61 9204.45 9199.82 9191.94 9183.74 9177.33 9172.75 9167.45 9162.46 9160.78 9177.11 9204.27 9194.4 9185.88 9178.14 9170.32 9162.76 9159.04 9161.61 9160.65 9161.12 9160.81 9159.24 9157.69 9157.09 9160.6 9179.61 9178.39 9182.43 9174.66 9163.89 9163.62 9169.51 9172.73 9175.59 9178.76 9181.54
9232.37 9227.9 9216.81 9207.37 9199.49 9193.05 9193.11 9192.21 9192.65 9193.44 9195.32 9198.72 9205.24 9212.59 9220.2 9227.44 9233.66 9237.32 9237.28 9235.54 9233.51 9234.41 9237.34 9240.41 9242.86 9244.2 9246.05 9242.85 9236.47 9228.4 9217.8 9209.31 9201.37 9191.84 9184.86 9176.96 9172.83 9167.46 9163.43 9163.77 9181.2 9201.63 9195.04 9187.08 9179.14 9171.5 9166.27 9160.64 9156.16 9157.64 9159.17 9157.73 9156.34 9155.3 9155.51 9158.03 9161.79 9167.33 9165.34 9159.16 9153.72 9157.98 9162.3 9167.26 9172.52 9178.21 9182.55
9207.95 9204.07 9201.21 9195.99 9189.75 9184.72 9185.76 9186.22 9184.83 9183.75 9182.86 9187.37 9195.53 9204.66 9213.52 9222.07 9229.88 9235.62 9235.69 9232.68 9232.23 9234.89 9240.03 9243.41 9244.09 9244.87 9244.18 9243.77 9236.73 9228.85 9220.66 9211.65 9203.93 9196.59 9186.44 9177.77 9173.73 9169.9 9170.57 9174.33 9190.97 9198.33 9192.18 9185.89 9178.52 9171.41 9164.92 9159.61 9155.01 9154.78 9154.64 9154.75 9153.67 9152.66 9152.01 9150.45 9148.24 9152.22 9151.14 9149.64 9152.59 9152.77 9156.02 9162.98 9169.27 9175.12 9180.54
9192.52 9189.06 9189.38 9185.99 9181.68 9177.4 9180.1 9179.37 9178.05 9176.92 9176.47 9180.82 9188.42 9197.24 9206.2 9214.84 9224.29 9233.69 9235.03 9228.84 9230.31 9237.57 9244.31 9246.63 9246.54 9244.85 9241.79 9238.19 9234.67 9228.6 9222.21 9213.53 9205.78 9197.48 9188.28 9180.74 9176.83 9173.92 9184.49 9200.38 9206.58 9205.08 9191.09 9184.33 9176.79 9169.39 9163.66 9158.99 9155.57 9153.95 9153.7 9152.96 9152.02 9150.69 9149.07 9146.54 9144.65 9145.32 9145.7 9146.46 9148.29 9148.32 9153.11 9161.56 9167.09 9170.04 9171.85
9185.33 9183.42 9181.89 9178.83 9176.47 9175.88 9175.01 9174.04 9172.8 9171.91 9172.29 9175.49 9182.66 9190.82 9199.11 9207.98 9215.76 9225.39 9228.32 9229.38 9234.76 9247.14 9251.6 9251.78 9249.19 9244.88 9239.07 9234.9 9231.81 9227.5 9221.73 9215.05 9208.18 9200.41 9193.51 9189.3 9191.6 9192.35 9203.3 9214.48 9214.57 9207.04 9196.18 9186.09 9176.56 9167.94 9160.68 9158.38 9156.83 9155.47 9154.58 9152.57 9151.64 9150.77 9148.89 9146.55 9144.15 9143.44 9143.62 9145.81 9148.66 9153.64 9160.2 9166.43 9168.58 9167.66 9167.21
9180.03 9178.91 9176.71 9173.68 9171.72 9168.91 9168.7 9168.95 9168.55 9168.32 9168.83 9171.17 9177.06 9183.18 9189.44 9196.71 9205.81 9214.4 9228.76 9247.48 9262.94 9266.12 9265.09 9259.65 9253.85 9247.04 9238.44 9232.68 9230.95 9227.12 9221.51 9217.44 9211.8 9207.42 9201.3 9199.19 9199.41 9206 9218.74 9230.52 9219.85 9209.65 9199.83 9188.61 9177.98 9168.36 9161.21 9159.48 9159.69 9158.3 9153.35 9152.11 9152.17 9151.65 9150.53 9148.7 9145.8 9143.46 9141.78 9142.59 9150.89 9163.5 9173.12 9176.44 9175.19 9170.46 9166.15
9175.12 9174.32 9172.46 9169.19 9167.38 9167.38 9167.02 9166.43 9165.79 9165.99 9168.13 9173.07 9173.24 9174.82 9180.52 9187.1 9198.43 9221.47 9238.8 9267.26 9288.25 9283.69 9274.37 9267.42 9258.85 9250.42 9241.5 9236.2 9233.02 9227.93 9223.99 9219.6 9216.32 9211.7 9206.74 9212.98 9226.02 9222.5 9228.94 9236.27 9231.44 9217.75 9203.45 9191.7 9180.81 9170.2 9164.01 9162.05 9162.38 9160.44 9155.03 9153.28 9153.96 9153.98 9153.35 9152.43 9149.54 9145.25 9141.65 9140.53 9147.19 9161.68 9180.69 9189.84 9185.38 9176.36 9169.86
9171.59 9171.72 9169.5 9165.29 9163.1 9165.23 9165.16 9164.21 9162.71 9162.69 9163.26 9163.14 9167.29 9169.83 9173.95 9179.31 9188.07 9216.15 9240.28 9271.07 9294.89 9289.97 9280.43 9270.76 9261.8 9253.84 9248.1 9242.21 9236.92 9232.46 9229.23 9227.51 9223.49 9219.45 9218.06 9229.01 9237.83 9236.87 9238.06 9240.58 9236.04 9223.72 9207.05 9197.46 9185.84 9173.51 9165.82 9165.75 9166.02 9164.91 9160.07 9157.81 9157.63 9157.54 9157.17 9155.49 9152.72 9148.43 9144.42 9142.51 9142.86 9155.5 9204.59 9209.76 9198.44 9182.78 9171.01
9168.17 9169.61 9166.81 9161.68 9159.57 9160.49 9162.34 9162.04 9160.61 9159.58 9158.67 9158.99 9162.58 9168.43 9171.36 9176.3 9181.9 9203.32 9238.34 9266.04 9285.7 9284.08 9276.76 9269.76 9261.81 9253.55 9247.5 9244.13 9240.99 9238.33 9236.98 9236.12 9234.23 9232.13 9238.12 9247.76 9252.15 9246.9 9242.57 9241.83 9235.38 9228.92 9220.71 9207.27 9193.46 9182.24 9174.85 9171.99 9171.28 9170.63 9167.33 9165.06 9162.96 9162.15 9161.94 9165.04 9158.82 9153.8 9149.66 9146.08 9145.78 9160.46 9220.02 9228.24 9210.61 9189.99 9170.76
9164.31 9165.37 9163.36 9158.46 9155.36 9159.25 9160.56 9160.33 9159.43 9158.29 9156.7 9156.11 9160.38 9168.67 9176.92 9182.01 9188.45 9218.04 9240.45 9258.44 9268.07 9272.9 9271.54 9266.15 9260.07 9251.27 9244.6 9244.56 9245.27 9245.85 9245.83 9246.17 9246.65 9247.53 9248.51 9257.8 9257.59 9251.95 9245.42 9244.42 9240.71 9233.94 9226.95 9213.5 9199.27 9188.53 9182.12 9178.86 9177.62 9176.59 9173.6 9170.48 9168.25 9166.91 9166 9163.44 9162.88 9160.41 9158.07 9158.34 9161.26 9171.67 9219.13 9231.81 9216.94 9198.69 9183.24
9162.25 9162.08 9161.14 9156.68 9153.49 9158.78 9159.08 9159.44 9159.25 9158.51 9157.04 9155.49 9160.85 9173.06 9184.84 9195.53 9210.66 9234.66 9244.97 9254.9 9261.98 9266.38 9266.51 9263.55 9258.72 9251.04 9242.94 9247.58 9250.67 9253.34 9255.73 9257.76 9261.02 9264.93 9270.96 9268.27 9264 9257.76 9252.93 9247.59 9242.31 9235.77 9228.25 9216.11 9201.59 9191.21 9186.59 9185.73 9185.07 9182.5 9179.71 9177.56 9173.4 9172.1 9171.7 9171.91 9169.53 9167.9 9167.46 9169.5 9174.77 9190.11 9215.9 9225.67 9215.99 9205.24 9199.24
9159.01 9158.75 9158.44 9155.73 9155.83 9157.04 9157.74 9159.1 9160.69 9161.78 9162.22 9161.84 9168.44 9182.62 9195.36 9209.19 9227 9238.14 9245.19 9251.49 9257.47 9261.02 9262.53 9262.37 9260.54 9257.18 9253.4 9256.08 9258.8 9261.44 9264.27 9267.78 9272.41 9277.59 9276.95 9274.28 9268.66 9261.94 9255.1 9248.1 9243.02 9235.76 9225.75 9214.87 9204.02 9190.25 9192.22 9194.65 9195.15 9194.18 9188.35 9179.54 9177.84 9178.31 9178.46 9177.79 9176.45 9175.17 9175.05 9176.87 9180.95 9186.99 9200.58 9208.61 9207.26 9204.22 9205.75
9155.18 9155.21 9154.82 9153.9 9152.27 9153.4 9156.67 9159.57 9162.9 9166.77 9171.79 9178.99 9188.76 9196.43 9204.71 9214.91 9225.71 9234.87 9241.18 9246.5 9250.32 9254.5 9259.98 9263.09 9264.26 9266.81 9269.25 9266.47 9267.13 9268.67 9272.47 9276.12 9279.96 9283.05 9278.67 9273.13 9268.24 9261 9253.43 9250.08 9245.82 9236.05 9226.68 9220.31 9215.22 9204.97 9207.34 9206.94 9206.58 9206.99 9199.62 9184.25 9185.15 9187.44 9187.99 9186.94 9184.54 9182.87 9182.31 9183.25 9184.41 9186.63 9189.43 9195.24 9197.85 9196.58 9196.85
