real_craters/C146-300m.grd
DSAA
313 313
-46.83 46.83
-46.83 46.83
7990.9890925356 9800.3988376907
[rows 0 to 29 of 313, columns 0 to 66 of 313]
9236.64 9239.54 9242.71 9245.92 9249.45 9253.09 9256.59 9260 9263.55 9266.86 9269.65 9271.59 9272.73 9272.09 9271.67 9268.84 9266.96 9265.76 9264.51 9263.72 9262.34 9261.07 9259.61 9258.14 9256.15 9254.41 9252.59 9250.69 9248.7 9243.25 9237.04 9231.07 9225.47 9221.36 9218.63 9213.55 9210.11 9208.63 9206.46 9204.39 9202.39 9200.41 9198.57 9196.69 9194.91 9193.26 9191.77 9190.43 9189.09 9187.46 9183.31 9179.4 9180.1 9182.8 9186 9189.06 9191.35 9192.84 9193.19 9190.96 9187.8 9183.34 9177.69 9174.85 9175.33 9176.07 9173.11
9234.15 9236.86 9239.94 9243.19 9246.83 9250.59 9254.06 9257.88 9261.59 9265.07 9267.96 9270.26 9271.32 9270.66 9268.67 9267.02 9265.42 9264.12 9262.67 9261.92 9260.91 9259.36 9258.02 9257.17 9255.69 9254 9252.23 9250.25 9246.97 9242.92 9237.87 9232.14 9226.16 9221.16 9220.13 9215.89 9212.33 9209.41 9207.99 9205.48 9203.09 9200.78 9198.55 9196.48 9194.46 9192.62 9191 9189.67 9188.36 9186.55 9182.88 9179.65 9178.79 9180.28 9182.68 9185.18 9187.31 9188.43 9188.05 9187.58 9185.4 9182.21 9179.03 9175.45 9172.99 9171.37 9169.41
9231.88 9234.93 9238.45 9242.33 9244.76 9248.78 9252.7 9256.38 9260.25 9263.89 9266.98 9269.61 9270.79 9268.99 9267.03 9265.54 9264.18 9263.01 9261.86 9260.89 9259.67 9258.51 9257.21 9256.18 9254.66 9253.22 9251.67 9249.76 9247.53 9243.91 9238.87 9233.72 9228.52 9223.2 9220.42 9217.58 9214.19 9211.49 9208.4 9206.68 9203.92 9201.25 9198.66 9196.29 9193.93 9191.74 9189.8 9188.1 9186.91 9185.15 9181.34 9177.45 9176.62 9177.79 9179.87 9182.03 9184.15 9185.75 9186.96 9186.03 9183.87 9181.66 9179.68 9176.02 9172.19 9169.58 9167.4
9227.24 9231.5 9235.65 9240.02 9245.11 9249.44 9253.61 9257.52 9258.68 9262.48 9265.89 9268.78 9271.2 9268.98 9265.4 9264.15 9263.11 9262.05 9261.21 9259.96 9258.97 9257.18 9256.28 9255.05 9253.65 9252.22 9250.9 9249.27 9247.54 9244.31 9239.67 9235.35 9231.68 9228.94 9223.99 9219.96 9216.48 9212.96 9210.02 9207.46 9204.62 9201.64 9198.71 9195.7 9192.92 9190.27 9187.84 9185.63 9184.28 9183.52 9178.87 9175.67 9174.65 9175.53 9177.19 9179.2 9181.28 9183.2 9184.81 9184.45 9182.65 9180.44 9177.7 9175.05 9171.98 9169.36 9167.43
9223.49 9227.16 9231.25 9235.67 9241.94 9246.51 9251.74 9256.05 9261.6 9264.68 9266.92 9268.54 9270.05 9267.29 9264.5 9262.81 9261.89 9260.91 9259.84 9258.89 9257.37 9256.36 9255.25 9254.23 9252.93 9251.61 9250.08 9248.19 9246.15 9243.08 9239.65 9236.17 9233.28 9230.4 9226.23 9221.91 9218.14 9214.68 9211.74 9208.38 9205.56 9202.26 9198.97 9195.68 9192.16 9188.93 9185.78 9182.71 9179.71 9176.78 9175.13 9173.32 9172.56 9173.27 9174.85 9176.82 9178.76 9180.44 9181.57 9181.69 9181.45 9180.14 9177.02 9175.18 9172.43 9171.63 9170.99
9218.66 9224.29 9229.1 9233.56 9238.1 9239.62 9244.25 9252.09 9256.72 9262.31 9264.75 9265.94 9266.14 9264.7 9262.98 9261.08 9259.98 9259.03 9257.89 9256.92 9256.05 9255 9254.39 9253.07 9251.67 9250.32 9248.65 9247 9244.83 9242.23 9239.21 9236.26 9233.54 9230.95 9227.22 9223.28 9219.79 9216.53 9212.81 9209.75 9206.3 9202.73 9199.15 9195.5 9191.61 9187.82 9183.97 9180.15 9176.4 9173.46 9171.72 9170.57 9170.1 9170.89 9172.56 9174.59 9176.49 9177.93 9178.08 9178.71 9180.95 9182.4 9181.93 9177.66 9173.54 9178.62 9181.63
9216.57 9221.36 9225.94 9230.5 9235.1 9239.66 9245.3 9249.95 9255.26 9257.14 9261.24 9263.49 9263.6 9262.59 9260.99 9259.43 9257.82 9256.47 9255.08 9254.78 9253.88 9253.14 9251.79 9250.7 9249.64 9248.38 9247.28 9245.64 9243.54 9241.21 9238.52 9235.99 9234.11 9231.93 9227.55 9224.08 9220.95 9217.69 9214.2 9210.81 9207.04 9203.18 9199.39 9195.48 9191.56 9187.27 9182.79 9178.19 9174.08 9171.06 9169.19 9168.01 9167.41 9168.66 9170.6 9172.75 9174.76 9176.68 9178.36 9180.14 9180.51 9181.34 9181.41 9178.79 9179.38 9176.55 9172.25
9215.59 9219.43 9223.7 9228.26 9233 9237.88 9243.57 9248.03 9252.09 9258.92 9262.87 9264.27 9263.93 9263.98 9261.69 9259.13 9257.05 9255.21 9253.7 9251.29 9250.15 9249.36 9249.07 9248.35 9247.53 9246.46 9245.44 9244.28 9242.64 9240.12 9237.8 9235.18 9232.99 9229.4 9226.76 9224.43 9221.68 9218.39 9215.16 9211.52 9207.62 9203.86 9200.21 9196.13 9191.84 9187.38 9182.46 9177.34 9172.66 9169.72 9167.88 9166.42 9165.78 9167 9169.33 9171.59 9173.45 9175.19 9177.47 9179.58 9177.14 9176.26 9175 9173.27 9171.37 9166.95 9159.24
9214.18 9217.38 9221.45 9226.04 9230.95 9236.02 9241.17 9246.36 9251.57 9257.58 9265.05 9272.37 9268.94 9263.92 9261.16 9258.71 9256.73 9255.14 9253.88 9251.63 9250.41 9248.32 9247.6 9246.92 9246.63 9246.04 9244.95 9243.88 9242.32 9240.64 9237.98 9234.49 9229.58 9226.77 9226.21 9224.57 9222.29 9218.82 9215.71 9212.6 9209.02 9205.36 9201.65 9197.51 9193.09 9188.44 9183.35 9177.94 9172.07 9170.04 9168.52 9166.47 9163.58 9166.79 9169.5 9171.29 9172.51 9173.13 9172.79 9171.08 9170.92 9169.71 9168.08 9165.43 9161.81 9159.51 9155.34
9213.97 9214.45 9218.57 9223.29 9228.34 9233.77 9238.95 9244.13 9249.24 9254.23 9261.75 9277.03 9283.22 9265.71 9260.82 9257.37 9254.76 9253.05 9252.45 9251.6 9251.22 9249.28 9248.54 9247.12 9246.4 9245.7 9244.9 9243.87 9242.65 9241.17 9239.19 9236.3 9232.62 9229.86 9227.75 9225.79 9222.97 9219.92 9216.59 9213.86 9210.31 9206.89 9202.97 9198.79 9194.94 9190.39 9185.32 9180.66 9176.52 9173.6 9171.89 9170.32 9168.63 9170.17 9171.54 9172.19 9172.24 9171.7 9170.25 9168.12 9166.85 9164.71 9162.58 9160.28 9158.22 9157.46 9156.72
9209.51 9210.65 9215.23 9220.26 9225.55 9230.77 9236.19 9241.54 9246.18 9249.77 9250.85 9249.81 9276.6 9267.77 9260.36 9255.13 9252.98 9251.71 9250.56 9249.42 9250.08 9249.45 9248.83 9246.72 9246.29 9245.59 9245.01 9244.15 9243.19 9242.6 9241.47 9239.98 9238.15 9234.03 9230.37 9227.48 9224.44 9221.47 9218.25 9215.07 9211.51 9207.96 9204.45 9200.7 9197.14 9192.93 9188.53 9184.38 9180.68 9178.24 9176.98 9176.55 9177.19 9176.29 9174.79 9173.64 9172.6 9171.34 9169.58 9167.52 9165.34 9163.24 9160.27 9157.05 9155.53 9156.92 9159.72
9204.27 9206.64 9211.74 9217.15 9222.87 9228.55 9234.18 9239.71 9244.97 9248.83 9250.39 9241.96 9275.26 9272.51 9259.64 9253.14 9251.25 9250.07 9249.61 9248.57 9247.88 9247.05 9246.71 9246.38 9246.02 9245.6 9245.01 9244.38 9243.53 9242.03 9241.18 9242.42 9241.54 9237.6 9232.89 9229.38 9225.92 9223.07 9219.85 9216.58 9213.42 9210.21 9207.02 9203.48 9199.71 9196.36 9192.72 9189.1 9184.66 9183.18 9181.86 9181.77 9183.17 9180.98 9177.29 9174.87 9173.07 9171.6 9169.93 9167.72 9165.71 9162.88 9159.52 9156.59 9155.21 9155.53 9154.58
9200.14 9203.2 9208.66 9214.47 9220.36 9226.32 9232.3 9238.62 9244.42 9250.99 9260.03 9278.47 9270.03 9260.3 9256.09 9252.47 9250.12 9249.27 9248.83 9248.57 9247.24 9246.9 9246.61 9246.49 9245.89 9245.73 9245.29 9244.95 9244.4 9243.61 9243.9 9245.67 9245.38 9239.48 9234.52 9230.72 9227.32 9224.11 9221.13 9218.08 9215.57 9212.08 9209.22 9206.05 9202.71 9199.77 9197.11 9195.42 9192.85 9188.31 9185.87 9184.28 9183.19 9180.82 9177.86 9175.42 9173.46 9171.77 9170.71 9170.37 9167.25 9162.39 9159.23 9156.74 9155.54 9155.06 9154.48
9197.28 9201.38 9207.11 9213.66 9219.9 9226.14 9232.3 9238.45 9244.37 9251.45 9258.05 9261.16 9256.89 9252.68 9250.91 9249.05 9248.1 9247.44 9246.83 9246.42 9246.16 9245.86 9245.73 9245.74 9245.47 9245.8 9245.89 9245.92 9246.01 9246.12 9246.19 9247.03 9242.3 9238.47 9234.66 9231.38 9228.3 9225.53 9223.17 9220.31 9217.77 9214.58 9211.48 9208.66 9205.7 9202.96 9200.31 9198.71 9195.88 9191.34 9188.17 9185.29 9182.29 9179.39 9177.25 9174.96 9173.96 9172.36 9170.99 9169.83 9166.66 9161.79 9159.11 9157.61 9156.17 9155.31 9154.39
9195.52 9199.81 9205.68 9212.16 9218.48 9224.8 9231.01 9238.28 9243.61 9248.83 9252.12 9252.86 9250.02 9248.68 9247.41 9245.49 9246.63 9246.47 9246.1 9245.74 9245.45 9245.22 9245.55 9245.12 9245.49 9245.9 9246.18 9246.54 9247.09 9247.84 9248.03 9244.99 9239 9236.77 9234.54 9232.12 9229.68 9227.83 9225.65 9222.58 9219.91 9217.4 9214.55 9211.79 9208.79 9205.86 9202.59 9198.48 9195.43 9192.58 9189.36 9185.93 9182.68 9179.84 9177.21 9175.16 9173.69 9171.89 9169.72 9167.55 9164.77 9161.03 9158.57 9157.11 9156.39 9155.66 9154.59
9194.45 9199.19 9204.98 9211.06 9217.84 9224.16 9230.28 9235.83 9241.07 9245.26 9247.97 9249.04 9248.41 9246.05 9245.96 9247.58 9246.81 9245.8 9245.19 9244.99 9244.79 9244.78 9244.81 9245.31 9245.53 9245.8 9246.18 9246.67 9247.4 9248.2 9248.17 9243.34 9238.03 9236.06 9234.66 9233.07 9231.12 9228.86 9226.81 9224.59 9222.17 9220.04 9217.45 9215.04 9212.05 9208.8 9205.3 9201.5 9197.62 9194.05 9190.39 9186.44 9182.52 9179.03 9176.3 9174.71 9172.76 9170.63 9167.48 9164.33 9160.59 9158.82 9157.7 9156.96 9156.63 9156.3 9155.61
9194.48 9198.95 9203.71 9209.65 9216.32 9222.91 9229.38 9235.37 9240.35 9243.5 9244.67 9243.53 9240.38 9241.61 9243.11 9245.17 9245.51 9245.17 9244.84 9244.77 9245.01 9245.13 9245.52 9245.79 9245.84 9246.18 9246.65 9247.12 9247.13 9247.28 9246.31 9242.05 9238.46 9236.61 9235.5 9234.35 9232.92 9231.47 9229.39 9227.77 9225.48 9223.44 9220.7 9217.97 9215.18 9212.13 9208.67 9204.51 9200.58 9196.01 9191.5 9186.89 9182.17 9177.33 9175.52 9173.82 9171.25 9169.05 9166.64 9163.34 9159.32 9157.47 9157.45 9157.07 9157.34 9157.32 9157.02
9195.38 9199.14 9205.2 9211.74 9218.67 9225.54 9232.02 9237.98 9242.29 9244.25 9242.71 9238.47 9236.22 9237.19 9239.44 9241.77 9243.34 9243.81 9243.68 9243.73 9243.92 9244.29 9244.73 9245.01 9244.71 9245.12 9245.59 9245.82 9246.14 9245.63 9243.95 9239.97 9238.09 9237.22 9236.69 9235.77 9234.74 9233.41 9232.24 9230.3 9228.68 9226.46 9224.02 9221.4 9218.61 9215.52 9213.26 9210.31 9203.83 9198.29 9193.15 9187.7 9182.67 9178.51 9175.38 9172.79 9171.06 9169.01 9166.85 9164.23 9161.56 9159.31 9159.13 9158.96 9158.68 9158.56 9158.48
9193.93 9197.59 9202.49 9209.05 9215.96 9222.83 9229.46 9235.71 9241.19 9245.04 9244.97 9236.12 9231.94 9233.27 9235.74 9239.06 9241.16 9241.53 9241.82 9242.34 9242.72 9243.13 9243.48 9243.82 9244.09 9244.54 9244.88 9245.39 9245.32 9244.34 9242.22 9239.98 9239.56 9238.76 9238.42 9237.55 9236.74 9235.64 9234.79 9233.37 9231.86 9229.38 9227.52 9225.23 9221.43 9218.14 9215.5 9211.1 9205.75 9200.3 9194.74 9189.22 9183.64 9178.2 9174.86 9172.88 9171.06 9169.11 9167.5 9165.88 9163.54 9161.93 9161.32 9160.7 9160.13 9159.67 9159.33
9188.1 9193.76 9200.65 9207.96 9215.11 9221.93 9228.42 9234.36 9240.57 9245.94 9249.3 9238.06 9230.04 9229.74 9231.86 9234.47 9236.76 9238.99 9240.37 9241.41 9242.3 9242.88 9243.39 9243.21 9243.67 9244.23 9244.8 9245.04 9244.85 9244.38 9243.74 9244.37 9242.56 9240.73 9240.61 9239.79 9238.89 9237.9 9236.87 9235.5 9234.51 9233.54 9230.61 9228.36 9228.99 9223.83 9217.71 9211.95 9207.3 9202.1 9196.43 9190.71 9185.03 9178.72 9175.41 9173.67 9171.19 9169.21 9167.99 9167.88 9167.4 9165.75 9163.49 9162.11 9161.42 9160.71 9159.82
9182.39 9190.78 9199.46 9207.32 9214.51 9220.87 9226.71 9232.03 9237.64 9242.68 9244.26 9231.99 9225.2 9225.81 9228.34 9231.05 9233.52 9237.02 9238.74 9240.16 9241.03 9241.44 9242.27 9242.94 9243.21 9243.97 9244.31 9244.77 9244.75 9244.92 9245.24 9244.55 9244.83 9242.84 9242.44 9241.68 9240.77 9240.06 9239.32 9238.57 9236.41 9235.39 9239.97 9237.71 9235.64 9230 9221.62 9214.8 9210.14 9204.27 9197.83 9192.05 9187.25 9182.92 9179.25 9175.26 9170.72 9167.98 9167.36 9168.44 9170.08 9169.17 9166.5 9164.28 9162.82 9161.86 9161.71
9180.93 9191.66 9200.98 9208.55 9214.88 9220.2 9224.56 9228.61 9232.21 9234.86 9234.86 9222.74 9219.54 9221.93 9225.44 9229.82 9234.2 9236.29 9237.7 9238.91 9239.75 9240.54 9240.89 9241.4 9242.05 9242.56 9243.05 9243.56 9244.4 9245.29 9247.59 9250.66 9247.1 9244.32 9243.86 9242.8 9242.22 9240.62 9240.01 9245.25 9245.18 9244.85 9244.09 9244.51 9241.3 9237.35 9230.24 9222.71 9215.31 9206.91 9198.45 9191.61 9188.13 9187.7 9184.45 9175.85 9167.11 9164.38 9165.15 9167.26 9168.18 9168.29 9167.51 9165.77 9163.81 9162.36 9161.53
9190.17 9198.51 9205.82 9211.56 9216.18 9219.92 9222.78 9224.43 9225.45 9224.48 9221.29 9216.49 9215.25 9218.71 9223.13 9228.27 9232.99 9235.16 9236.42 9237.52 9238.26 9238.72 9239.36 9239.98 9240.58 9241.25 9241.9 9242.56 9243.22 9243.98 9245.75 9250.04 9246.96 9244.41 9244.03 9243.38 9241.63 9241.13 9246.51 9247.05 9249.85 9249.16 9249.23 9248.96 9245.5 9245.07 9243.47 9233.98 9221.27 9209.16 9197.39 9187.03 9181.07 9187.77 9201.59 9164.51 9155.86 9157.51 9161.78 9165.91 9167.35 9167.42 9168.41 9166.43 9164.18 9162.5 9161.97
9207.55 9210.12 9213.2 9216.14 9218.5 9220.22 9221.09 9221.1 9219.83 9216.84 9215.81 9208.93 9211.86 9216.24 9221.07 9226.47 9230.6 9233.79 9235.18 9235.8 9236.02 9236.87 9237.35 9237.96 9238.95 9239.79 9240.75 9241.5 9242.01 9242.23 9242.13 9244.46 9244.3 9242.74 9242.99 9242.49 9245.71 9246.69 9249.88 9251.15 9250.73 9251.71 9248.31 9249.93 9250.8 9251.7 9251.6 9240.6 9225.34 9210.33 9194.92 9178.85 9161.61 9141.74 9112.77 9124.34 9137.68 9149.75 9159.14 9165.33 9166.83 9166.11 9167.32 9166.13 9163.76 9161.94 9161.93
9220.78 9220.64 9220.72 9220.82 9220.9 9220.59 9219.94 9218.81 9216.46 9212.78 9210.99 9210.28 9210.42 9214.44 9219.28 9225.21 9230.74 9233.31 9233.8 9233.82 9233.91 9234.27 9235.01 9235.8 9236.89 9238.33 9239.5 9240.56 9241.41 9241.89 9241.18 9241.51 9241.14 9241.03 9240.81 9240.42 9244.5 9247.84 9248.42 9249.85 9246.79 9248.42 9251.02 9252.34 9253.56 9253.8 9251.8 9241.57 9227.29 9211.2 9193.75 9173.66 9147.67 9109.35 9064.18 9097.12 9128.46 9147.56 9159.88 9167.71 9168.5 9167.51 9168.39 9165.81 9162.9 9160.62 9160.49
9226.72 9227.56 9227.02 9225.54 9223.58 9221.4 9218.96 9216.69 9214.39 9212.49 9210.3 9206.12 9208.65 9212.23 9217.29 9223.23 9229.39 9232.07 9231.67 9231.27 9231.38 9232.1 9233.1 9234.28 9235.84 9237.68 9239.18 9240.46 9241.68 9242.26 9242.53 9239.74 9238.17 9238.28 9240.73 9241.99 9245 9245.83 9248.49 9245.71 9248.26 9249.97 9252.02 9253.46 9254.47 9253.7 9249 9240.71 9228.2 9212.81 9196.16 9177.29 9154.73 9126.81 9097.29 9120.58 9141.94 9154.98 9164.28 9170.46 9169.96 9167.08 9167.49 9165.44 9162.57 9160 9158.69
9231.68 9233.87 9232.65 9229.3 9225.26 9221.35 9217.7 9214.73 9212.1 9210.01 9207.49 9205.38 9206.95 9209.79 9214.07 9219.37 9225.39 9228.02 9227.04 9226.79 9227.56 9228.56 9230.14 9231.63 9234.16 9236.15 9237.68 9239.48 9240.95 9242.05 9242.52 9239.66 9237.2 9238.28 9240.79 9243.48 9245.21 9244.02 9245.75 9245.19 9246.92 9249.94 9251.76 9253.24 9254.32 9254.1 9249.8 9241.03 9229.67 9215.6 9201.56 9187.54 9175.23 9170.44 9190.46 9180.67 9168.46 9167.78 9170.46 9172.77 9171.33 9169.04 9168.03 9165.12 9162.55 9161.46 9163.02
9243.31 9243.91 9238.19 9231.56 9225.38 9220.03 9215.56 9211.94 9208.8 9205.85 9203.11 9203.92 9204.75 9206.53 9209.62 9213.29 9216.51 9218.35 9219.86 9221.21 9222.65 9224.45 9227.02 9229.36 9232.05 9234.28 9236.73 9238.85 9240.51 9241.13 9241.63 9238.9 9235.61 9236.49 9238.46 9241.5 9244.46 9243.44 9246.29 9248.04 9249.97 9251.67 9250.57 9251.8 9252.96 9254.11 9251.82 9241.09 9230.38 9218.73 9207.87 9198.45 9192.74 9194.88 9204 9197.1 9184.11 9177.58 9175.45 9174.69 9172.75 9171.15 9168.6 9164.9 9162.26 9162.02 9166.05
9251.76 9250.85 9240.67 9231.51 9223.92 9217.64 9212.53 9208.38 9205.07 9202.01 9199.62 9200.25 9201.22 9202.22 9204.26 9206.54 9208.38 9209.64 9212.49 9214.66 9217.22 9219.75 9222.72 9225.62 9229 9231.91 9234.92 9237.61 9239.83 9242.15 9243.4 9236.49 9230.15 9233.71 9236.24 9236.7 9238.46 9240.3 9243.44 9245.61 9249.02 9250.63 9250.91 9251.05 9250.42 9248 9244.91 9238.73 9230.65 9221.12 9212.8 9205.94 9201.69 9200.24 9197.74 9192.73 9187.4 9181.8 9177.97 9175.46 9172.98 9170.7 9167.67 9163.95 9161.45 9160.8 9166.13
9246.09 9245.49 9236.49 9227.37 9219.87 9213.35 9207.98 9203.65 9200.26 9198.51 9195.2 9195.85 9196.59 9197.57 9198.81 9200.09 9201.87 9204.09 9205.78 9208.39 9211.58 9214.92 9218.7 9222.15 9225.88 9229.53 9233.02 9236.22 9238.7 9240.95 9240.98 9236.81 9234.6 9233.19 9233.07 9233.9 9235.48 9237.09 9238.99 9241.09 9246.17 9247.27 9247.99 9248.98 9247.11 9242.51 9239.46 9236.08 9230.35 9223.63 9216.1 9210.34 9205.72 9201.91 9197.29 9192.52 9187.79 9182.89 9178.24 9175.03 9172.83 9170.24 9165.77 9163.2 9161.4 9161.88 9168.81
