real_craters/C146-300m.grd
DSAA
313 313
-46.83 46.83
-46.83 46.83
7990.9890925356 9800.3988376907
[rows 150 to 179 of 313, columns 67 to 133 of 313]
9198.08 9191.15 9186.04 9184.08 9184.3 9187.03 9191.68 9197.34 9204.26 9212.02 9218.32 9221.54 9229.08 9236.6 9247.98 9260.72 9272.78 9285.96 9294.89 9303.35 9312.16 9321.24 9330.77 9340.76 9350.69 9360.28 9369.01 9378.18 9386.2 9397.37 9408.88 9427.82 9433.37 9387.33 9354.61 9316.82 9324.72 9368.44 9414.57 9479.07 9526.57 9548.83 9561.98 9570.64 9580.86 9593.76 9609.83 9638.92 9637.34 9547.1 9354.55 9171.74 9080.45 9020.59 8977.02 8944.15 8884.89 8757.82 8637.88 8573.03 8526.68 8491.25 8467.07 8451.73 8436.86 8420.41 8396.67
9195.02 9189.36 9183.77 9180.67 9181.55 9185.77 9191.64 9198.11 9204.68 9210.89 9216.2 9219.02 9227.99 9235.63 9245.47 9255.7 9264.79 9271.72 9281.68 9293.24 9303.29 9313.97 9322.47 9331.9 9340.45 9348.94 9357.18 9364.53 9370.7 9368.24 9386.7 9392 9407.53 9402.34 9376.61 9337.27 9333.52 9350.46 9371.56 9457.76 9508.47 9532.69 9545.17 9551.56 9560.39 9592.45 9634.64 9660.53 9650.4 9568.58 9378.77 9187.76 9071.1 8990.61 8926.88 8870.28 8799.48 8701.33 8607.8 8558.88 8519.43 8491.49 8473.32 8457.98 8444.35 8416.58 8397.56
9190.61 9187.26 9181.93 9176.78 9177.71 9185.25 9192.36 9198.79 9204.45 9209.5 9214.5 9224.64 9227.79 9235.08 9243.48 9251.9 9259.28 9267.09 9277.06 9285.54 9294.85 9303.23 9312.01 9319.18 9327.52 9335.17 9344.03 9352.75 9361.63 9373.19 9376.97 9385.05 9417.91 9405.16 9368.49 9328.42 9335.94 9371.13 9442.71 9489.25 9508.83 9522.93 9534.3 9543.15 9556.74 9602.43 9657.95 9683.75 9667.21 9590.66 9406.58 9206.8 9065.92 8963.05 8874.35 8789.27 8715.57 8645.83 8577.48 8537.5 8503.59 8481.61 8472.54 8464.78 8433.78 8406.4 8395.11
9187.97 9185.28 9181.97 9178.93 9180.59 9188.82 9194.58 9200.32 9205.9 9209.69 9207.56 9209.53 9226.59 9235.26 9243.04 9250.51 9256.5 9261.23 9267.73 9278.33 9288.26 9295.26 9302.69 9307.54 9312.99 9319.89 9326.19 9337.07 9349.79 9367.28 9370.69 9371.76 9436.01 9398.6 9330.6 9299.63 9331.71 9388.14 9458.64 9493.8 9509.03 9519.96 9530.88 9545.3 9568.59 9618.6 9667.8 9691.76 9680.23 9602.88 9425.22 9215.9 9059.29 8941.99 8837.99 8733.68 8662.05 8606.59 8550.31 8508.21 8480.74 8463.31 8455.91 8447.09 8427.12 8407.66 8398.82
9186.05 9185.52 9185.74 9189.49 9195.08 9194.87 9197.8 9202.65 9208.79 9215.8 9224.39 9227.99 9232.81 9237.77 9243.51 9250.59 9256.51 9259.05 9262.56 9278.19 9286.56 9291.62 9295.99 9298.63 9299.49 9305.22 9310.89 9321.09 9331.57 9348 9362.37 9392.24 9470.75 9392.33 9299.94 9283.69 9324.53 9384.6 9451.46 9489.42 9506.42 9518.54 9530.87 9547.93 9584.98 9637.24 9693.82 9725.21 9698.06 9616.46 9443.48 9226.75 9057.31 8932.06 8823.4 8734.02 8650.88 8587.17 8534.95 8488.61 8457.12 8440.63 8433.6 8431.48 8438.49 8419.25 8406.6
9184.6 9184.67 9186.64 9191.17 9196.46 9195.68 9198.68 9203.91 9209.95 9217.93 9230.93 9240.22 9238.62 9240.16 9244.4 9251.41 9259.16 9270.76 9285.94 9285.87 9286.2 9287.01 9288.12 9289.68 9292.3 9295.17 9298.13 9305.39 9309.19 9312.58 9336.8 9399.89 9452.38 9379.22 9296 9287.74 9322.38 9373.69 9455.81 9485.97 9501.68 9517.06 9532.96 9548.38 9578.92 9650.47 9713.09 9747.07 9712.79 9633.01 9464.38 9242.55 9063.63 8934.94 8821.31 8712.31 8642.28 8578.1 8521.17 8466.28 8433.75 8418.78 8416.21 8428.45 8441.44 8427.21 8413.11
9182.1 9183.26 9184.42 9185.16 9183.86 9191.37 9196.96 9202.08 9207.18 9211.82 9217.21 9232.78 9233.96 9236.34 9241.78 9250.12 9260.5 9275.54 9291.74 9287.58 9283.14 9282.52 9282.37 9283.1 9283.17 9286.05 9287.07 9289.49 9289.56 9293.1 9312.69 9360 9425.03 9382.21 9308.07 9304.27 9331.84 9366.63 9442.02 9474.34 9497.4 9518.6 9538.25 9562.72 9604.33 9666.82 9721.46 9740.84 9714.69 9634.07 9472.56 9257.7 9078.86 8951.16 8842.92 8736.62 8659.83 8582.54 8506.17 8437.62 8418.2 8403.39 8394.05 8409.99 8432.52 8426.04 8414.87
9179.98 9181.06 9182.49 9183.94 9185.78 9190.4 9195.81 9200.43 9204.76 9207.64 9209.26 9212.58 9220.84 9229.14 9237.63 9247.13 9256.96 9265.66 9271.83 9275.35 9276.81 9276.42 9276.27 9278.16 9277.84 9278.06 9274.98 9273.6 9274.22 9275.93 9285.75 9323.54 9398.02 9393.43 9330.74 9333.56 9358.18 9396.35 9420.45 9459.83 9491.73 9519.08 9546.39 9580.41 9626.17 9682.53 9732.64 9756.02 9714.24 9615.19 9455.68 9256.38 9085.25 8973.3 8890.36 8802.92 8707.09 8610.24 8519.37 8458.1 8428.35 8405.9 8388.43 8397.85 8421.72 8418.98 8413.23
9177.08 9178.68 9180.39 9183.54 9186.95 9191.58 9195.19 9199.67 9204.08 9208.48 9209.98 9207.17 9212.84 9222.43 9232.79 9242.03 9250.8 9256.74 9259.55 9265.97 9271.97 9273.51 9272.72 9271.85 9272.11 9270.93 9268.81 9266.06 9261.54 9258.84 9256.77 9279.29 9323.29 9348.19 9361.35 9359.43 9382.08 9404.57 9418.37 9454.75 9486.21 9516.41 9548.53 9586.51 9635.61 9688.99 9738.7 9767.18 9712.48 9592.99 9430.62 9244.8 9077.84 8989.57 8936.37 8890.48 8757.96 8654.25 8568.07 8504.75 8462.88 8432.74 8406.82 8407.66 8418.28 8418.46 8414.76
9174.68 9176.72 9179.16 9182.69 9188.8 9190.87 9193.08 9197.76 9203.14 9208.63 9210.42 9207.97 9210.95 9218.78 9228.83 9237.76 9246.34 9253.61 9262.53 9267.75 9267.73 9267.61 9267.33 9268.76 9268.34 9266.41 9264.67 9261.87 9258.58 9254.08 9252.56 9264.01 9278.94 9292.55 9327.61 9361.7 9398.31 9422.63 9435.5 9458.71 9487.71 9514.94 9546.59 9578.77 9628.33 9681.57 9727.07 9752.12 9700.67 9579.9 9426.04 9255.77 9097.59 9006.63 8931.81 8856.96 8781.95 8694.48 8618.11 8552.47 8510.09 8479.77 8455.28 8440.6 8418.57 8417.23 8419.71
9173.32 9175.5 9176.8 9178.88 9179.73 9182.39 9189.07 9195.09 9200.67 9206.11 9208.3 9207.29 9209.65 9217.14 9226.01 9234.41 9242.49 9250.78 9262.55 9268.66 9264.47 9264.1 9264.63 9264.1 9264.98 9262.49 9263.57 9263.47 9262.17 9260.39 9263.06 9268.58 9280.3 9287.32 9310.37 9355.18 9404.94 9450.06 9444.72 9459.74 9485.55 9513.04 9544.77 9586.12 9622.87 9663.24 9695.92 9712.26 9671.05 9571.08 9445.6 9291.24 9143.7 9041.32 8960.11 8883.77 8814.66 8729.25 8656.05 8606.41 8563.96 8526.89 8500.79 8470.72 8428.54 8431.19 8436.55
9172.58 9174.59 9176.82 9177.98 9177.64 9180.26 9187.02 9192.14 9197.09 9204.85 9207.11 9207.65 9210.88 9217.83 9224.1 9231.24 9237.52 9243.56 9249.85 9254.43 9255.41 9259.7 9263.36 9268.5 9269.51 9268.89 9269.38 9266.88 9267.17 9268.43 9274.82 9278.83 9289.82 9299 9314.36 9341.87 9375.27 9394.67 9416.65 9447.48 9479.82 9514.51 9539.81 9559.39 9606.7 9639.52 9653.06 9640.5 9601.99 9555.95 9480.39 9327.38 9156.89 9076.93 9049.56 8978.09 8872.35 8769.27 8694.21 8649.57 8605.72 8557.13 8518.77 8486.1 8455.13 8469.28 8464.47
9171.79 9174.26 9176.75 9179.16 9182.63 9186.62 9187.98 9190.17 9191.63 9191.72 9200.21 9209.5 9220.23 9220.14 9223.83 9229.3 9234 9235.88 9233.77 9232.13 9244.55 9255.71 9264.13 9269.18 9272.99 9274.06 9273.99 9273.47 9276.32 9276.33 9275.7 9287.94 9292.94 9297.78 9318.56 9324.94 9326.87 9341.64 9384.56 9433.03 9478.75 9520.34 9554.02 9579.65 9609.71 9626.15 9621.22 9586.69 9541.79 9533.15 9496.37 9348.38 9171.3 9111.27 9134.86 9057.94 8927.65 8813.42 8736.43 8688.2 8639.72 8576.92 8528.94 8503.12 8487.62 8498.77 8491.11
9171.29 9174.53 9177.61 9181.12 9184.12 9187.44 9189.19 9189.9 9190.25 9190.46 9196.53 9205.67 9213.38 9217.76 9223.81 9230.68 9235.36 9236 9231.3 9226.29 9244.66 9259.28 9269.21 9274.45 9278.05 9279.67 9280.13 9280.52 9284.7 9290.77 9304.03 9315.37 9330.14 9367.18 9353.72 9318.12 9295.39 9307.34 9363.23 9423.14 9479.82 9533.71 9580.93 9614.31 9627.15 9629.24 9614.29 9578.23 9531.28 9509.7 9455.58 9325.8 9177.08 9117.07 9126.59 9070.68 8958.56 8849.96 8776.08 8725.32 8672.38 8599.9 8540.93 8505.72 8498.77 8512.99 8509.63
9173.13 9174.79 9178.3 9182.13 9185.56 9190.18 9190.06 9190.63 9192.49 9196.96 9198.42 9201.36 9203.51 9213.99 9226.12 9235.91 9243.37 9247.35 9248.13 9248.67 9262.8 9274.7 9281.53 9285.11 9287.62 9287.72 9287.88 9290.59 9294 9303.45 9313.98 9337.07 9398.67 9387.23 9349.05 9311.95 9288.78 9304.51 9357 9422.59 9484.66 9548.6 9604.24 9638.87 9647.08 9644.3 9628.58 9600.23 9563.74 9503.32 9410.64 9292.31 9173.94 9122.79 9141.58 9078.07 8976.11 8874.11 8811.19 8764.71 8710.5 8633.37 8562.25 8509.83 8503.46 8523.48 8523.33
9174.73 9175.73 9178.84 9182.51 9185.3 9187.71 9190.02 9191.96 9192.62 9194.74 9200.91 9204.09 9205.23 9217.89 9233.8 9246.63 9256.86 9266.09 9276.1 9290.1 9294.38 9295.93 9297.16 9298.18 9299.94 9299.87 9300.06 9300.68 9301.83 9309.03 9330.43 9384.74 9440.72 9381.3 9333.93 9305.88 9287.25 9299.98 9356.3 9424.09 9493.47 9563.03 9621.69 9656.38 9665.12 9661.63 9648.05 9624.44 9593.11 9511.88 9406.23 9296.37 9198.96 9152.99 9156.48 9095.05 8997.2 8900.49 8851.09 8811.96 8762.43 8665.12 8584.01 8527.37 8516.02 8530.82 8530.47
9177.19 9176.86 9179.66 9182.77 9186.05 9188.39 9192.95 9196.68 9198.54 9201.22 9210.67 9217.08 9221.89 9233.64 9248.8 9261.99 9273.31 9285.14 9300.4 9319.14 9320.07 9315.25 9312.03 9311.09 9310.54 9309.39 9309.62 9308.03 9308.16 9310.73 9329.48 9362.4 9405.78 9383.66 9330.98 9301.6 9287.61 9305.69 9358.21 9427.94 9505.54 9575.95 9632.69 9667.26 9679.26 9676.57 9663.22 9637.75 9593.93 9513.55 9410.39 9307.54 9223.27 9181.92 9182 9123.74 9036.51 8946.35 8904.61 8862.69 8815.79 8698.82 8607.02 8547.12 8531.28 8531.21 8526.42
9179.28 9179.73 9182.18 9184.91 9188.6 9194.06 9199.89 9205.96 9213.73 9220.68 9228.73 9237.58 9247.16 9258.09 9268.94 9278.74 9288.64 9299.88 9313.02 9324.33 9327.41 9327.58 9325.82 9325 9323.17 9321.57 9318.43 9316.86 9313.49 9311.91 9321.91 9340.18 9336.22 9319.46 9298.88 9289.19 9293.98 9303.57 9357.06 9429.48 9510.59 9586.92 9653.32 9682.2 9690.11 9686.6 9673.34 9646.22 9597.62 9515.97 9409.69 9308.13 9238.8 9208.01 9204.37 9165.12 9102.66 9030.94 8974.68 8914.19 8832.13 8743.75 8648.5 8581.1 8555.84 8543.79 8534.45
9182.26 9182.87 9184.82 9187.05 9190.09 9195.26 9202.62 9214.5 9228.88 9239.25 9247.7 9258.68 9272.78 9284.28 9289.18 9294.07 9301.49 9310.55 9320.54 9327.98 9332.55 9337.11 9338.43 9338.45 9337.17 9335.13 9331.84 9329.01 9321.96 9315.35 9315.55 9316.64 9304.32 9281.85 9264.38 9257.92 9245.03 9281.37 9345.9 9422.96 9506.48 9585.82 9660.24 9684.12 9690.55 9689.7 9680.73 9656.23 9606.23 9522.73 9409.89 9295.86 9241.56 9232.22 9230.08 9208.92 9183.28 9127.41 9051.13 8977.27 8905.06 8821.13 8706.09 8623.64 8590.5 8571.2 8554.65
9185.79 9187.57 9188.52 9190.26 9191.67 9192.49 9199.93 9221.49 9242.7 9253.52 9261.37 9273.03 9290.83 9306.73 9302.26 9303.72 9310.7 9319.63 9329.17 9336.99 9342.61 9348.55 9351.27 9350.94 9350.77 9349.72 9348.08 9344.71 9335.94 9322.07 9315.48 9301.71 9287.58 9268.44 9258.74 9239.36 9226.57 9267.16 9333.46 9410.28 9491.32 9567.79 9633.71 9664.92 9678.39 9685.86 9685.11 9671.49 9634.27 9556.8 9425.91 9287.28 9235.86 9235.56 9233.1 9232.65 9236.07 9193.06 9106.52 9030.13 8957.71 8872.13 8769.79 8673.99 8632.5 8603.5 8577.77
9188.23 9189.81 9192.08 9193.73 9196.67 9200.29 9209.03 9229.38 9250.22 9259.94 9266.83 9276.07 9287.99 9297.14 9300.01 9305.98 9315.21 9325.83 9337.31 9347.95 9355.6 9360.78 9361.23 9360.34 9359.81 9358.73 9359.21 9360.08 9358.66 9350.53 9329.15 9302.08 9278.28 9264.97 9254.16 9232.49 9223.77 9263.35 9324.02 9391.91 9465.34 9535.73 9599.79 9631.74 9655.05 9671.98 9683.28 9684.23 9672 9622.67 9461.94 9302.2 9235.28 9235.7 9238.33 9233.61 9215.34 9181.87 9127.88 9065.62 8989.88 8897.63 8826.55 8735.29 8675.83 8637.08 8609.82
9191.95 9192.98 9195.47 9198.81 9203.71 9212.78 9226.09 9236.05 9245.1 9257.96 9266.13 9272.18 9275.41 9274.16 9289.07 9303.27 9315.73 9328.77 9342.6 9357.96 9376.27 9371.71 9368.26 9367.77 9367.96 9368.76 9370.12 9372.78 9377.97 9379.86 9344.08 9313.8 9286.53 9269.75 9257.72 9231.67 9224.4 9264.16 9316.15 9373.82 9432.62 9485.49 9541.02 9586.4 9622.91 9650.48 9671.08 9682.62 9679.22 9639.13 9494.17 9336.42 9253.95 9242.69 9255.15 9235.73 9202.57 9173.02 9136.44 9092.16 9035.72 8904.66 8845.82 8773.28 8707.15 8660.1 8624.82
9195.75 9196.51 9199.37 9203.37 9208.95 9218.83 9233.15 9241.57 9251.81 9258.41 9264.76 9269.16 9271.46 9273.23 9286.67 9301.34 9315.05 9328.33 9342.27 9355.48 9366.58 9368 9369.01 9370.94 9372.48 9373.87 9374.75 9375.4 9374.6 9365.3 9341.51 9306.47 9258.61 9267.75 9271.07 9245.8 9245.39 9272.3 9310.95 9355.03 9399.35 9435.33 9484.13 9541.55 9586.4 9622.1 9649.18 9664.52 9659.18 9619.78 9516.84 9398.14 9309.28 9258.48 9269.95 9248.51 9209.34 9175.33 9140.9 9103.2 9057.88 8946.09 8853.2 8786.92 8725.13 8669.92 8621.48
9196.71 9199.11 9201.94 9205.89 9210.86 9217.01 9224.63 9237.76 9252.85 9258.84 9264 9268.57 9273.98 9284.76 9291.8 9300.5 9313.17 9326.45 9338.29 9345.69 9347.78 9356.47 9365.75 9370.96 9373.75 9375.7 9374.86 9372.52 9365.78 9353.19 9333.99 9307.57 9279.06 9276.65 9283.3 9266.79 9266.23 9283.43 9308.89 9339.1 9373.12 9404.37 9449.75 9504.44 9550.83 9590.51 9621.38 9640.25 9634.77 9602.53 9530.78 9449.54 9365.7 9282.61 9305.3 9275.68 9221 9181.96 9143.13 9101.95 9058.32 9010.33 8888.19 8807.27 8741.82 8676.15 8613.33
9198.58 9200.88 9203.95 9207.8 9212.13 9216.31 9219.11 9231.38 9245.75 9256.89 9263.18 9267.63 9272.35 9279.24 9286.43 9297.29 9310.93 9324.38 9335.62 9342.96 9344.7 9353.98 9364.88 9370.54 9373.3 9374.06 9372.79 9368.71 9358.83 9345.4 9327.57 9307.12 9282.68 9285.33 9289.68 9286.54 9288.8 9292.41 9304.09 9325.53 9349.37 9384.48 9424.78 9472.94 9521.27 9564.18 9598.28 9617.52 9616.21 9591.93 9531.72 9452.79 9365.2 9304.35 9358.4 9312.27 9245.38 9193.99 9144.69 9098.01 9070.56 9041.79 8932.52 8846.71 8770.87 8691.88 8611.25
9201.37 9204.04 9206.66 9210.52 9214.73 9219.58 9225.86 9239.47 9251.4 9258.19 9263.63 9267.42 9269.08 9267.53 9274.8 9294.2 9310.74 9324.35 9336.41 9346.76 9355.33 9363.64 9367.99 9370.57 9372.61 9372.9 9371.37 9366.39 9354.98 9341.38 9323.56 9305.36 9298.27 9294.48 9294.84 9297.48 9298.16 9295.47 9297.72 9308.65 9323.25 9357.8 9394.9 9442.46 9492.37 9539.29 9577.82 9603.89 9608.48 9586.01 9532.12 9447.53 9345.88 9314.26 9366.85 9330.14 9270.32 9207.39 9146.13 9087.09 9049.6 9064.05 9001.18 8901.38 8811.7 8722.3 8632.56
9204.41 9206.63 9210.15 9214.17 9218.47 9224.33 9231.42 9243.86 9254.78 9260.37 9265.55 9269.76 9272.18 9271.9 9279.5 9299.09 9314.66 9327.29 9339.01 9350.12 9363.75 9372.34 9369.05 9368.33 9369.05 9369.86 9369.74 9367.04 9358.94 9344.32 9326.62 9310.66 9306.03 9298.53 9298.1 9303.67 9300.54 9292.89 9288.6 9289.6 9291.42 9306.79 9355.85 9412.22 9466.72 9517.53 9561.84 9595.89 9613.31 9612.31 9575.25 9489.09 9391.23 9376.61 9333.74 9310.93 9282.12 9218.5 9154.59 9093.71 9051.18 9051.76 9031.36 8947.03 8858.99 8770.32 8680.59
9207.41 9209.93 9213.17 9217.26 9221.95 9227.86 9234.1 9243.35 9253.35 9261.38 9268.38 9274.83 9281.66 9290.7 9304.45 9312.15 9321.79 9330.83 9339.67 9348.08 9357.59 9364.5 9360.56 9360.57 9362.6 9364.94 9366.61 9367.06 9362.05 9348.32 9330.94 9311.2 9294.83 9290.94 9294.04 9299.59 9294.99 9286.97 9281.55 9276.52 9271.72 9276.85 9328.82 9386.65 9439.11 9494.87 9544.53 9585.23 9623.52 9649.01 9642.41 9576.33 9518.4 9483.62 9345.62 9297.61 9280.16 9236.01 9175.43 9115.53 9075.58 9057.89 9037.96 8978.27 8907.42 8830.73 8756.49
9210 9212.52 9214.34 9218.63 9223.72 9229.74 9235.59 9245.32 9254.16 9261.48 9270.31 9279.95 9291.18 9304.28 9316.75 9323.58 9329.75 9335.27 9339.54 9341.79 9339.77 9332.48 9343.79 9350.06 9353.87 9357.61 9362.09 9366 9362.61 9349.96 9334.06 9317.73 9297.74 9287.44 9284.45 9281.93 9288.36 9284.34 9279.63 9272.85 9270.96 9283.31 9320.77 9370.01 9422.12 9477.16 9527.28 9578.63 9627.55 9666.39 9675.8 9653.15 9623.07 9551.63 9430.06 9360.44 9323.08 9273.86 9209.92 9141.6 9095.5 9074.07 9042.11 9013.17 8956.63 8889.32 8830.57
9209.62 9213.29 9215.93 9219.74 9223.92 9229.34 9234.05 9244.24 9251.94 9260.24 9271.06 9283.9 9298.06 9312.06 9320.91 9332.41 9337.09 9338.52 9338.99 9338.03 9333.78 9331.41 9336.83 9341.05 9344.09 9348.07 9353.85 9362.35 9365.4 9346.77 9326.96 9309.26 9297.01 9291.15 9287.51 9288.78 9296.06 9289.51 9281.61 9274.51 9273.11 9285.46 9320.13 9362.84 9410.69 9461.86 9513.25 9566.55 9620.31 9671.54 9709.48 9693.53 9649.98 9566.94 9506.65 9453.97 9401.83 9333.4 9257.96 9188.37 9132.95 9109.96 9098.27 9069.68 9011.67 8939.35 8864.28
