real_craters/C146-500m.grd
DSAA
188 188
-46.83 46.83
-46.83 46.83
7996.3508115526 9818.3997539114
[rows 120 to 149 of 188, columns 0 to 66 of 188]
9348.58 9346.68 9347.42 9347.98 9317.78 9324.28 9339.42 9353.8 9368.93 9383.03 9400.17 9418.44 9435.95 9449.01 9443.84 9418.28 9391.18 9363.27 9335.36 9309.56 9284.4 9259.06 9236.87 9220.61 9215.87 9219.42 9223.6 9225.34 9226.47 9220.58 9212.8 9205.07 9201.93 9198.72 9192.65 9199.04 9206.35 9213.75 9220.68 9230.9 9241.92 9253.25 9265.65 9260.29 9217.27 9174.64 9143.57 9144.61 9146.59 9140.53 9123.56 9128.22 9137.93 9143.18 9148.59 9141.96 9156.23 9176.69 9181.06 9178.17 9161.81 9162.43 9154.81 9152.03 9168.93 9186.7 9200.82
9354.19 9348.54 9342.05 9328.97 9324.83 9331.45 9343.77 9356.76 9371.3 9387.44 9407.57 9427.4 9453.3 9477.9 9444.39 9415.09 9387.16 9360.53 9333.55 9303.79 9273.55 9241.48 9220.53 9211.64 9210.57 9211.29 9211.58 9210.87 9212.87 9212.66 9208.37 9203.33 9200.77 9193.44 9191.62 9196.63 9203.5 9212.88 9221.45 9229.66 9238.83 9247.91 9254.8 9248.25 9222.13 9195.86 9176.5 9164.53 9150.38 9134.6 9114.46 9116.04 9127.77 9131.92 9127.93 9129.13 9165.6 9187.44 9177.83 9166.51 9158.83 9151.52 9146.45 9146.38 9160.16 9175.67 9189.15
9356.35 9350.3 9341.33 9331.87 9336.21 9342.48 9350.77 9360.95 9374.61 9388.33 9402.66 9421.13 9446.52 9473.85 9437.76 9399.51 9373.58 9349.81 9324.41 9298.06 9268.07 9238.01 9218.28 9211.81 9212.21 9211.72 9210.11 9206.4 9209.29 9210.4 9206.38 9199.67 9190.23 9182.58 9185.02 9191.11 9199.15 9207.23 9214.06 9222.04 9228.97 9233.55 9234.6 9230.71 9220.02 9207.82 9198.49 9180.16 9162.53 9147.53 9135.3 9133.52 9133.15 9131.15 9127.92 9124.59 9147.16 9169.26 9171.99 9169.28 9159.63 9146.81 9140.36 9154.1 9159.05 9167.19 9179.14
9359.34 9353.73 9347.31 9345.51 9351.15 9352.91 9358.7 9366.21 9376.29 9384.66 9395.74 9404.51 9414.46 9417.65 9388.71 9374.75 9359.84 9341.04 9318.75 9294.66 9269 9239.63 9219.34 9210.03 9210.53 9210.76 9214.42 9216.78 9218.39 9216.13 9209.54 9198.82 9185.84 9177.92 9179.44 9185.47 9191.31 9197.49 9205.23 9211.01 9216.71 9218.91 9217.32 9216.99 9215.29 9208.78 9199.58 9187.75 9174.11 9164.25 9165.35 9161.94 9142.6 9135.85 9139.17 9150.3 9155.98 9176.23 9173.39 9166.47 9156.42 9143.21 9132.34 9140.33 9153.09 9162.91 9174.03
9359.99 9357.69 9353.4 9349.2 9354.03 9361.04 9364.98 9369.77 9375.02 9379.55 9384.6 9385.38 9378 9359.92 9354.17 9358.57 9353.46 9336.81 9315.6 9294.64 9276.34 9260.92 9230.02 9217.55 9220.22 9211.18 9225.39 9236.85 9234.31 9226.1 9215.61 9202.45 9185.74 9175.21 9177.15 9181.45 9185.93 9190.22 9195.36 9200.63 9205.14 9208.24 9211.29 9211.59 9211.32 9208.55 9201.39 9192.21 9182.39 9171.75 9163.6 9151.13 9138.14 9133.46 9140.12 9153.21 9178.19 9176.06 9170.17 9163.38 9148.95 9140.26 9133.62 9134.23 9146.18 9158.43 9170.39
9366.72 9363.92 9361.29 9362.17 9367.97 9367.5 9369.18 9371.66 9373.19 9374.89 9375.44 9373.2 9363.49 9347.82 9358.55 9368.95 9358.21 9337.15 9314.69 9293.37 9276.59 9267 9252.61 9237.57 9228.8 9224.72 9241 9257.19 9248.02 9236.19 9224.2 9212.02 9197.22 9182.8 9179.29 9179.63 9181.89 9185.5 9188.93 9190.92 9195.01 9198.31 9203.76 9205.64 9208.15 9210.22 9206.68 9199.01 9190.49 9174.46 9152.77 9132.14 9126.81 9124.58 9127.59 9154.77 9161.71 9159.3 9149.87 9143.72 9137.01 9132.75 9131.95 9130.97 9140.79 9155.29 9167.27
9371.42 9370.77 9368.33 9363.63 9368.34 9370.96 9369.86 9369.15 9368.61 9368.27 9368.18 9368.81 9372.5 9382.4 9410.16 9402.29 9367.44 9336.34 9308.76 9284.11 9265.03 9253 9254.28 9243.76 9237.74 9237.65 9250.67 9259.48 9252.6 9240.9 9230.07 9221.36 9215.4 9193.94 9182.18 9179.3 9178.45 9177.22 9179.89 9182.87 9185.55 9186.63 9187.41 9198.2 9206.4 9214.54 9222.32 9223.49 9202.89 9179.48 9154.71 9131.68 9123.41 9116.3 9121.11 9141.96 9138.5 9135.08 9136.86 9126.3 9123.38 9120.95 9118.71 9129.96 9144.58 9157.15 9168.26
9377.18 9376.65 9378.15 9380.78 9377 9372.05 9366.54 9361.47 9358.46 9358.56 9358.75 9361.41 9371.13 9390.35 9406.13 9396.33 9363.42 9329.27 9297.01 9269.34 9249.04 9237.2 9227.18 9226.57 9221.18 9226.64 9250.53 9261.84 9249.44 9239.33 9230.57 9222.42 9213.45 9198.86 9184.81 9177.77 9174.61 9173.05 9174.12 9176.93 9179.67 9180.58 9182.54 9193.34 9204.8 9216.05 9228.8 9229.46 9207.26 9183 9162.31 9147.46 9126.04 9109.53 9099.31 9132.29 9132.74 9118.22 9108.34 9109.63 9114.71 9115.81 9118.54 9137.3 9153.6 9162.01 9171.2
9372.94 9379.03 9384.61 9387.61 9383.66 9371.16 9359.78 9351.8 9347.95 9346.49 9347.53 9349.87 9349.11 9358.65 9375.29 9370.02 9346.24 9313.89 9281.32 9249.86 9221.83 9211.52 9211.44 9214.22 9216.85 9219.4 9223.41 9231.73 9234.36 9230.53 9224.7 9217.2 9204.31 9193.67 9180.1 9171.79 9167.95 9166.68 9169.24 9172.15 9176.88 9182.09 9185.09 9192.87 9201.4 9210.65 9216.88 9214.1 9199.99 9181.27 9163.01 9143.61 9126.31 9109.35 9102.09 9116.31 9126.38 9118.79 9112.98 9113.38 9116.03 9121.38 9129.43 9141.79 9156.21 9166.81 9175.76
9373.68 9380.27 9386.87 9390.14 9386.26 9364.14 9348.16 9337.82 9331.9 9330.41 9332.38 9339.18 9351.52 9353.31 9355.72 9349.57 9322.4 9292.47 9262.27 9232.47 9210.27 9205.69 9210.39 9206.87 9207.9 9207.8 9206.17 9212.77 9219.39 9219.28 9215.96 9211.85 9203.95 9183.68 9170 9164.82 9162.53 9162.56 9163.02 9165.75 9171.85 9189.17 9194.6 9190.77 9195.4 9202.19 9205.2 9198.69 9193.46 9179.97 9163.81 9147.06 9129.03 9113.45 9104.13 9111.87 9125.65 9119.13 9120.56 9117.93 9120.75 9128.05 9138.04 9150.75 9164.23 9171.46 9179
9375.93 9382.96 9387.48 9390.37 9364.23 9342.76 9329.94 9322.34 9316.5 9313.23 9312.37 9317.76 9332.07 9328.78 9322.05 9314.64 9293.32 9271.2 9246.68 9219.73 9193.99 9195.43 9205.13 9197.83 9192.82 9202.25 9209.74 9209.81 9210.9 9209.1 9204.85 9199.45 9192.15 9173.87 9161.3 9159.36 9159.23 9159.15 9159.01 9158.53 9157.75 9156.03 9168.52 9179.9 9188.78 9196 9199.51 9199.2 9190.24 9179.99 9165.33 9147.84 9131.5 9120.19 9113 9103.58 9100.85 9115.73 9112.1 9118.47 9123.89 9135.01 9151.94 9166.97 9171.1 9171.12 9179.35
9389.52 9386 9376.77 9361.85 9329.41 9315.05 9309.32 9303.93 9298.96 9293.87 9289.13 9283.82 9276.04 9282.45 9279.36 9267.21 9263.11 9253.82 9238.96 9217.73 9194.82 9184.06 9185.09 9192.13 9202.21 9232.17 9215.4 9209.97 9206.56 9201.91 9194.41 9183.72 9172.9 9164.19 9156.13 9156.35 9157.25 9157.86 9156.94 9152.55 9145.65 9138.7 9150.35 9170.39 9184.27 9193.79 9197.71 9191.47 9188.88 9183.15 9170.67 9154.73 9137.36 9122.43 9115.56 9115.23 9146.98 9133.75 9121.9 9124.6 9129.31 9135.36 9155.86 9174.17 9163.22 9168.33 9177.08
9388.69 9380.52 9356.98 9327.72 9305.58 9295.18 9291.45 9286.98 9280.59 9273.59 9265.72 9255.04 9243.93 9247.93 9247.21 9236.92 9243.38 9246.82 9242.29 9229.82 9210.31 9197.76 9194.65 9197.56 9197.33 9212.58 9217.08 9210.76 9205.39 9199.3 9190.66 9179.63 9169.83 9162.74 9156.44 9158.26 9160.57 9161.06 9159.61 9154.7 9146.66 9136.66 9151.11 9170.69 9186.05 9197.7 9204.38 9208.78 9204.01 9191.5 9177.92 9166.1 9154.63 9122.33 9120.72 9155.2 9155.62 9145.58 9137.04 9135.5 9137.48 9141.73 9158.84 9170.4 9176.77 9175.82 9177.32
9376.91 9365.8 9336.18 9310.61 9295.1 9286.09 9279.75 9275.13 9268.17 9259.55 9249.4 9238.5 9232.69 9232.33 9233.39 9232.95 9242.1 9252.57 9257.55 9254.96 9247.05 9239.67 9227.04 9220.27 9211.27 9205.09 9206.68 9211.2 9207.21 9199.78 9191.12 9184.34 9175.56 9168.88 9164.44 9165.12 9166.77 9166.66 9163.66 9161.38 9159.7 9160.53 9166.43 9178.82 9191.64 9204.72 9214.03 9216.46 9210.08 9199.96 9181.08 9159.68 9139.58 9125.13 9130.33 9141.1 9152.08 9148.07 9148.41 9149.36 9152.19 9155.91 9171.09 9188.82 9183.9 9180.61 9180.84
9352.47 9340.32 9313.47 9293.82 9282.41 9275.86 9270.59 9266.51 9260.67 9251.76 9240.59 9228 9221.61 9226.29 9232.57 9240.78 9254.01 9267.48 9280 9287.72 9278.99 9257.08 9249.76 9248.4 9251.86 9237.68 9225.72 9219.7 9213.07 9203.79 9193.23 9182.86 9179.98 9179.04 9176.95 9177.19 9174.75 9171.14 9170.42 9170.35 9176.12 9183.77 9181.61 9186.89 9196.35 9211.81 9224.83 9235.1 9233.42 9211.45 9181.32 9150.1 9125.59 9125.55 9142.57 9155.71 9162.73 9162.46 9164.08 9167.04 9169.41 9181.15 9180.87 9186.41 9193.88 9196.7 9190.86
9322.88 9304.52 9288.67 9274.35 9267.97 9262.01 9266.14 9263.06 9256.01 9247.21 9237.78 9228.22 9222.81 9226.47 9234.67 9249.32 9265.24 9281.36 9302.23 9318.59 9312.64 9284.56 9268.07 9258 9253.07 9252.88 9243.87 9232.18 9223.26 9214.12 9201.06 9186.11 9187.81 9192.05 9198.3 9192.31 9183.06 9177.61 9172.84 9173 9179.92 9186.24 9186.65 9191.52 9200.7 9213.61 9229.64 9246.46 9254.94 9218.68 9179.51 9142.18 9113.59 9130.81 9151.41 9163.09 9183.24 9202.38 9197.36 9183.67 9175.15 9174.51 9182.31 9192.51 9212.84 9228.09 9198.15
9298.87 9285.18 9259.93 9261.1 9268.6 9274.02 9272.04 9263.21 9253.83 9244.8 9236.9 9235.93 9231.84 9228.74 9233.5 9242.48 9258.73 9286.19 9317.65 9343.43 9334.48 9304.38 9285.02 9267.58 9253.07 9243.24 9244.07 9239.53 9234.43 9228.99 9220.33 9207.11 9202.79 9200.97 9201.95 9194.59 9184.82 9179.21 9176.47 9171.7 9173.22 9175.99 9182.44 9189.39 9199.09 9210.26 9222.74 9235 9237.34 9210.46 9176.95 9142.76 9113.94 9137.6 9152.16 9176.93 9203.65 9222.14 9207.65 9191.36 9176.13 9168.51 9178.71 9187.4 9191.28 9184.09 9187.08
9280.91 9265.29 9255.1 9257.02 9273.09 9295.37 9277.55 9262.55 9252.69 9245.66 9236.63 9219.97 9223.17 9228.13 9230.86 9237.8 9252.98 9282.75 9320.59 9363.5 9353.31 9321.33 9306.87 9287.69 9269.96 9255.74 9250.45 9251.09 9248.77 9244.67 9243.65 9239.49 9217.68 9203.71 9193.16 9183.42 9179.36 9176.89 9171.52 9171.1 9170.58 9171.7 9178.66 9184.94 9192.19 9200.89 9208.83 9211.7 9205.77 9190.95 9172.65 9153.3 9141.03 9141.87 9143.15 9193.64 9190.05 9181.52 9192.29 9193.63 9187.55 9180.64 9180.75 9176.23 9176.14 9180.47 9181.3
9269.6 9260.15 9246.82 9249.61 9260.2 9270.73 9262.73 9254.84 9250.05 9247.68 9247.79 9248 9237.84 9231.89 9229.6 9233.21 9248.31 9269.84 9302.8 9338.66 9357.18 9352.54 9341.01 9318.23 9303.79 9282.49 9277.06 9275.5 9267.26 9257.13 9249.98 9242.44 9219.57 9201.42 9184.87 9174.69 9173.09 9173.71 9173.78 9171.68 9173.53 9172.67 9174.2 9179.6 9182.58 9187.76 9190.67 9190.6 9178.62 9178.96 9168.69 9158.75 9163.89 9161.99 9118.84 9135.72 9146.74 9164.7 9181.42 9194.35 9210.45 9205.17 9188.92 9182.08 9183.23 9187.15 9182.87
9260.61 9248.14 9238.43 9239 9239.78 9234.72 9236.6 9241.96 9244.39 9246.38 9252.61 9272.01 9249.29 9235.44 9228.25 9225.49 9227.39 9250.75 9278.76 9305.92 9355.15 9381.01 9384.16 9380.83 9369.96 9352.94 9334.9 9313.7 9291.07 9266.25 9239.45 9223.2 9214.05 9199.49 9182.05 9164.76 9171 9172.1 9172.66 9172.54 9173.94 9171.03 9169.12 9169.01 9168.4 9167.48 9168.02 9172.67 9191.8 9180.56 9157.52 9149.07 9145.86 9139.58 9124.84 9120.95 9132.63 9154.67 9170.35 9181.73 9200.39 9199.65 9187.46 9180.29 9178.14 9187 9185.15
9253.88 9242.2 9236.58 9233.7 9229.02 9220.75 9223.88 9233.58 9239.08 9241.03 9239.28 9236.81 9239.06 9234.12 9227.4 9221.53 9219.15 9241.54 9268.84 9297.88 9340.13 9377.71 9405.61 9432.67 9422.92 9409.12 9381.95 9346.33 9310.38 9276.89 9240.55 9225.12 9217.38 9204.28 9192.18 9188.52 9176.72 9172.73 9171.29 9171.62 9174.16 9166.73 9161.3 9156.41 9150.93 9145.39 9140.77 9139.2 9137.7 9129.74 9128.44 9130.46 9130.54 9129.59 9136.31 9141.77 9145.18 9148.04 9161.63 9166.57 9159.96 9171.53 9178.03 9176.85 9176.49 9185.23 9185.69
9253.13 9245.4 9239.23 9234.09 9228.46 9223.51 9225.13 9233.43 9239.12 9240.68 9235.11 9229.12 9238.03 9238.67 9234.68 9230.32 9231.7 9253.17 9278.29 9307.88 9359.02 9361.49 9372.38 9406.38 9408.46 9414.82 9390.88 9359.36 9316.49 9283.04 9254.89 9244.14 9234.38 9220.75 9203.25 9186.49 9177.86 9173.21 9170.23 9167.68 9159.97 9157.05 9150.89 9143.33 9135.13 9127.64 9117.09 9102.05 9082.15 9075.19 9095.77 9113.64 9121.3 9133.25 9136.55 9146.77 9163.18 9169.43 9164.49 9164.04 9165.95 9168.68 9174.04 9176.73 9177.43 9177.98 9176.41
9254.43 9243.85 9241.33 9238.37 9234.13 9231.29 9233.38 9238.94 9244.18 9248.04 9249.12 9250.59 9253.11 9255.3 9255.16 9250.33 9247.02 9278.01 9325.21 9348.87 9405.1 9284.34 9216.48 9220.31 9257.82 9316.98 9362.62 9318.37 9286.68 9282.19 9268.45 9270.36 9259.91 9240.12 9214.77 9186.18 9178.63 9174.46 9169.7 9167.57 9160.96 9151.03 9141.63 9133.21 9123.37 9111.64 9096.93 9077.6 9055.49 9047.68 9079.14 9113.41 9137.34 9137.35 9137.18 9156.24 9174.66 9169.49 9164.44 9164 9164.21 9169.01 9174.07 9178.92 9181.86 9174.39 9166.46
9256.63 9250.11 9250.26 9242.32 9239.74 9240.19 9243.12 9246.94 9250.49 9254.33 9262.04 9267.83 9271.97 9278.36 9282.59 9279.2 9268.84 9304.86 9391.87 9337.61 9176.69 9068.3 8957.49 8917.78 8964.1 9033.67 9100.99 9145.11 9209 9277.68 9318.73 9315.28 9292.19 9263.93 9233.18 9208.45 9191.96 9179.2 9169.75 9165.34 9157.81 9145.4 9135.41 9124.83 9113.96 9101.67 9086.67 9069.56 9051.39 9042.49 9079.98 9122.75 9166.9 9183.78 9175.51 9171.09 9171.35 9162.55 9162.85 9162.75 9165.4 9168.97 9173.89 9179.55 9184.88 9179.93 9172.98
9257.81 9251.55 9241.1 9239.94 9241.73 9247.03 9254.66 9253.41 9252.22 9255.88 9263.44 9274.27 9286.7 9303.41 9318.31 9328.31 9331.44 9357.17 9389.23 9231.86 8977.58 8852.92 8742.5 8706.08 8735.79 8799.28 8842.31 8945.9 9117.22 9269.38 9369.32 9353.8 9319.86 9284.3 9252.82 9225.67 9200.96 9183.64 9169.73 9160.52 9150.18 9139.91 9130.43 9119.33 9107.09 9096.82 9085.56 9075.2 9068.62 9077.54 9094.09 9121.74 9153.48 9170.54 9187.14 9174.08 9166.16 9161.41 9160.4 9163.18 9165.79 9169.22 9173.64 9178.19 9180.07 9177.69 9173.46
9251.26 9241.99 9235.78 9236.92 9239.92 9245.9 9252.83 9249.62 9246.21 9250.91 9259.31 9275.47 9296 9320.87 9352.3 9381.8 9409.11 9404.33 9301.6 9057.09 8814.32 8699 8631.38 8621.67 8680.49 8705.89 8751.54 8867.95 9048.35 9231.18 9351.13 9354.93 9328.39 9297.71 9265.49 9228.86 9204.52 9187.34 9169.63 9155.04 9145.49 9136.49 9126.69 9115.77 9105.77 9096.13 9088.37 9083.71 9085.16 9097.1 9108.17 9116.48 9124.96 9144.37 9155.97 9161.04 9153.8 9149.69 9148.93 9154.63 9161.22 9168.37 9173.88 9177.93 9180.61 9178.3 9173.39
9246.14 9240.06 9238.31 9235.43 9233.8 9234.65 9237.9 9233.28 9233.43 9239.1 9247.07 9269.95 9295.72 9326.34 9371.2 9410.51 9447.07 9436.36 9170.97 8887.51 8680.42 8593.86 8546.04 8557.56 8608.77 8648.99 8709.69 8820.48 8993.38 9168.85 9288.84 9326.88 9327.19 9304.86 9272.91 9237.77 9210.04 9192.01 9172.15 9152.76 9143.17 9135.71 9126.74 9115.15 9106.61 9096.19 9090.47 9087.95 9093.05 9108.2 9114.93 9126.78 9149.29 9178.95 9171.13 9159.66 9152.75 9146.34 9147.53 9149.8 9157.04 9166.72 9173.78 9178.97 9181.54 9180.62 9175.68
9238.41 9236.78 9233.53 9231.05 9227.66 9221.58 9213.42 9212.11 9215.8 9224.31 9233.55 9259.89 9289.4 9331.17 9365.78 9395.33 9405.93 9322.5 9060.72 8764.52 8594.46 8545.6 8522.24 8529.71 8554.7 8605.03 8674.03 8786.81 8941.92 9107.69 9233.94 9301.69 9320.66 9308.52 9277.96 9238.93 9204.41 9196.84 9180.61 9163.91 9149.83 9138.79 9130.16 9120.14 9110.85 9100.96 9095.25 9092.11 9091.38 9094.61 9106.72 9130.27 9157.72 9182.22 9160.98 9147.16 9138.43 9143.98 9153.68 9156.11 9161.83 9169.26 9175.7 9180.72 9184.64 9187.81 9182.17
9248.57 9234.64 9224.24 9226.12 9223 9211.99 9199.96 9195.89 9198.99 9204.48 9221.01 9251.1 9299.39 9344.2 9373.24 9389.32 9358.84 9250.22 8996.31 8702.13 8565.76 8548.01 8563.38 8546.97 8564.58 8584.16 8637.3 8732.01 8904.51 9080.25 9217.24 9296 9319.56 9310.8 9283.65 9248 9216.61 9207.34 9190.79 9168.83 9158.6 9145.23 9133.46 9122.69 9114.28 9106.58 9099.23 9094.56 9090.98 9088.28 9101.17 9129.66 9147.43 9155.08 9150.6 9136.05 9126.13 9139.21 9150.36 9161.65 9167.92 9173.7 9178.95 9183.33 9185.21 9183.59 9181.33
9196.26 9174.75 9208.02 9230.61 9216.32 9200.8 9185.63 9179.14 9180.83 9179.97 9189.05 9236.17 9293.75 9347.33 9379.62 9381.51 9336.91 9215.88 8965.76 8692.78 8577.39 8566.53 8571.35 8548.08 8556.62 8576.73 8622.11 8696.08 8910.56 9135.48 9264.06 9319.66 9332.63 9316.79 9288.05 9255.79 9233.39 9212.81 9201.59 9191.42 9168.56 9151.1 9137.81 9126.1 9116.92 9108.48 9101.56 9096.21 9092.6 9094.82 9110.23 9134.98 9142.38 9140.37 9143.79 9144.05 9138.42 9140.82 9147.07 9158.85 9171.82 9178.88 9183.16 9187 9189.21 9188.53 9185.56
