real_craters/C146-750m.grd
DSAA
126 126
-46.83 46.83
-46.83 46.83
7993.2611048982 9781.0804386872
[rows 0 to 37 of 126, columns 0 to 83 of 126]
9237 9244 9253 9262 9270 9272 9269 9265 9263 9259 9254 9250 9237 9223 9214 9208 9203 9198 9193 9190 9184 9181 9189 9193 9188 9176 9176 9166 9159 9173 9172 9164 9162 9172 9182 9190 9198 9203 9203 9200 9198 9192 9187 9183 9177 9170 9163 9153 9126 9103 9089 9086 9088 9095 9096 9096 9095 9097 9103 9119 9132 9132 9138 9149 9165 9177 9209 9242 9228 9224 9234 9264 9285 9213 9187 9180 9163 9148 9136 9130 9131 9135 9143 9153
9230 9240 9247 9258 9267 9271 9265 9262 9259 9256 9253 9249 9240 9229 9219 9211 9204 9197 9191 9186 9181 9176 9180 9185 9184 9178 9170 9163 9159 9168 9163 9157 9162 9178 9185 9191 9197 9200 9200 9198 9197 9194 9189 9183 9177 9171 9163 9145 9117 9100 9094 9086 9087 9094 9096 9098 9101 9105 9112 9119 9129 9129 9130 9137 9151 9168 9199 9230 9221 9216 9221 9232 9241 9247 9239 9198 9171 9149 9135 9126 9125 9133 9136 9150
9219 9231 9240 9254 9265 9266 9261 9258 9256 9254 9250 9246 9239 9232 9223 9215 9207 9198 9188 9179 9172 9170 9174 9178 9181 9180 9178 9165 9154 9156 9153 9152 9167 9180 9187 9193 9198 9200 9204 9206 9202 9197 9191 9185 9178 9172 9170 9165 9133 9101 9094 9088 9084 9089 9095 9099 9104 9106 9111 9121 9119 9129 9118 9126 9137 9148 9164 9177 9187 9187 9188 9188 9203 9223 9220 9201 9175 9151 9131 9124 9129 9142 9193 9175
9215 9225 9237 9250 9264 9266 9259 9253 9250 9249 9246 9243 9238 9230 9224 9218 9209 9199 9188 9175 9168 9165 9171 9175 9174 9171 9163 9154 9149 9148 9147 9152 9171 9182 9188 9194 9200 9206 9214 9185 9207 9198 9191 9185 9180 9176 9175 9166 9126 9101 9092 9091 9091 9093 9097 9101 9104 9106 9110 9123 9118 9118 9106 9114 9123 9132 9132 9137 9152 9158 9155 9151 9170 9196 9203 9204 9188 9161 9131 9125 9159 9205 9181 9168
9210 9218 9231 9244 9251 9277 9255 9251 9250 9247 9246 9244 9242 9236 9228 9220 9212 9203 9193 9183 9177 9177 9174 9171 9166 9159 9157 9154 9147 9145 9145 9151 9173 9179 9184 9190 9197 9205 9206 9205 9197 9195 9193 9191 9187 9184 9181 9167 9144 9104 9094 9097 9098 9106 9105 9108 9106 9115 9125 9142 9133 9118 9103 9111 9119 9121 9119 9123 9132 9136 9138 9145 9169 9199 9212 9220 9207 9178 9146 9133 9155 9152 9119 9141
9198 9211 9226 9241 9260 9258 9251 9248 9246 9246 9246 9245 9245 9242 9231 9224 9217 9209 9202 9197 9187 9182 9175 9172 9168 9158 9155 9151 9146 9145 9147 9151 9165 9170 9178 9187 9195 9202 9206 9197 9187 9193 9196 9198 9195 9191 9189 9168 9126 9104 9100 9105 9112 9110 9112 9120 9129 9127 9136 9140 9143 9131 9120 9128 9132 9125 9116 9114 9117 9122 9128 9140 9176 9220 9258 9258 9233 9201 9177 9169 9149 9121 9113 9143
9194 9208 9224 9239 9248 9247 9248 9246 9245 9245 9246 9247 9248 9237 9233 9228 9222 9216 9209 9200 9191 9181 9175 9170 9161 9157 9156 9153 9149 9148 9150 9154 9160 9161 9171 9180 9187 9193 9197 9187 9192 9196 9198 9204 9197 9193 9190 9168 9123 9112 9109 9109 9109 9109 9114 9120 9122 9118 9133 9166 9162 9177 9164 9176 9162 9139 9116 9115 9111 9112 9124 9140 9180 9237 9295 9287 9253 9222 9196 9175 9157 9136 9131 9163
9195 9207 9224 9240 9243 9234 9241 9243 9243 9244 9245 9246 9243 9238 9237 9234 9230 9225 9217 9208 9194 9181 9173 9168 9163 9160 9159 9158 9151 9151 9154 9156 9154 9157 9166 9176 9183 9190 9187 9194 9195 9194 9193 9191 9189 9183 9181 9163 9127 9120 9117 9113 9112 9113 9116 9118 9121 9113 9138 9189 9203 9221 9265 9242 9196 9160 9129 9124 9116 9116 9126 9138 9183 9233 9277 9277 9253 9227 9203 9186 9169 9160 9159 9182
9183 9204 9221 9235 9245 9225 9231 9238 9241 9243 9244 9244 9245 9244 9242 9240 9236 9239 9230 9213 9198 9185 9176 9168 9170 9165 9162 9161 9159 9158 9157 9156 9156 9161 9166 9171 9177 9186 9200 9199 9189 9187 9187 9184 9181 9180 9180 9173 9143 9123 9121 9115 9114 9117 9118 9119 9139 9158 9165 9163 9183 9213 9258 9253 9207 9173 9154 9135 9129 9132 9138 9151 9182 9220 9242 9246 9239 9220 9199 9183 9171 9169 9172 9182
9198 9211 9220 9223 9218 9215 9227 9235 9237 9239 9240 9242 9243 9245 9245 9249 9250 9247 9249 9232 9197 9171 9149 9156 9167 9168 9162 9166 9170 9166 9162 9160 9163 9169 9168 9168 9171 9182 9199 9198 9185 9184 9184 9180 9179 9180 9181 9182 9157 9131 9125 9119 9117 9120 9121 9124 9160 9229 9196 9158 9156 9185 9206 9208 9190 9167 9153 9147 9144 9148 9158 9170 9188 9213 9230 9236 9229 9211 9186 9164 9160 9165 9167 9172
9227 9226 9222 9216 9210 9210 9223 9232 9232 9234 9238 9241 9242 9238 9242 9247 9248 9253 9254 9236 9197 9143 9116 9159 9170 9167 9160 9168 9179 9174 9167 9161 9159 9172 9167 9164 9160 9151 9157 9207 9187 9188 9182 9180 9180 9182 9187 9185 9168 9140 9131 9124 9119 9117 9121 9131 9153 9161 9160 9143 9145 9167 9182 9174 9168 9157 9150 9152 9154 9160 9175 9184 9191 9210 9228 9237 9220 9205 9185 9170 9165 9168 9166 9165
9249 9236 9219 9209 9201 9204 9210 9215 9220 9226 9233 9239 9242 9233 9240 9243 9250 9252 9252 9236 9211 9197 9196 9179 9173 9167 9161 9182 9189 9181 9170 9160 9157 9162 9163 9160 9157 9156 9165 9191 9168 9174 9176 9177 9180 9183 9185 9189 9177 9152 9136 9126 9118 9115 9124 9168 9151 9135 9134 9133 9151 9163 9166 9150 9155 9155 9154 9158 9158 9162 9167 9176 9186 9197 9208 9205 9207 9199 9190 9186 9182 9175 9169 9164
9234 9223 9208 9197 9193 9193 9194 9197 9205 9216 9227 9236 9238 9235 9234 9239 9243 9247 9243 9233 9218 9206 9192 9181 9173 9165 9163 9189 9196 9184 9172 9165 9157 9159 9158 9156 9155 9160 9168 9165 9154 9160 9167 9174 9182 9185 9189 9189 9192 9175 9145 9126 9118 9116 9120 9136 9137 9127 9128 9131 9161 9159 9151 9150 9155 9161 9163 9164 9165 9164 9165 9171 9178 9188 9194 9195 9197 9197 9195 9199 9200 9187 9171 9166
9199 9196 9191 9183 9183 9182 9180 9180 9192 9205 9219 9231 9236 9230 9235 9243 9246 9245 9243 9233 9222 9209 9197 9184 9175 9171 9186 9204 9193 9182 9171 9163 9156 9153 9154 9152 9151 9147 9148 9148 9150 9150 9160 9170 9177 9182 9185 9186 9196 9186 9154 9133 9124 9119 9120 9144 9132 9123 9127 9136 9154 9152 9143 9147 9157 9165 9168 9168 9167 9164 9161 9168 9176 9180 9184 9185 9191 9196 9198 9206 9208 9195 9179 9171
9186 9183 9179 9176 9175 9174 9172 9173 9183 9195 9208 9221 9229 9229 9246 9252 9249 9243 9235 9230 9222 9212 9201 9191 9190 9195 9213 9213 9197 9182 9169 9160 9157 9155 9153 9152 9149 9146 9144 9144 9148 9155 9165 9168 9167 9177 9186 9198 9230 9200 9169 9149 9138 9130 9128 9136 9129 9124 9130 9131 9143 9147 9145 9150 9161 9166 9168 9168 9168 9168 9169 9170 9173 9176 9180 9184 9188 9189 9195 9203 9209 9206 9192 9181
9178 9176 9172 9170 9167 9167 9167 9169 9175 9183 9192 9207 9233 9274 9275 9267 9256 9245 9234 9230 9223 9217 9210 9205 9205 9215 9236 9219 9202 9186 9170 9161 9161 9157 9152 9153 9152 9150 9145 9140 9148 9168 9181 9177 9169 9174 9214 9269 9278 9242 9198 9174 9158 9145 9129 9141 9125 9120 9125 9128 9144 9150 9149 9159 9168 9176 9171 9169 9169 9171 9178 9174 9174 9177 9180 9182 9185 9187 9193 9198 9205 9202 9205 9191
9172 9171 9166 9164 9165 9164 9163 9164 9168 9172 9179 9196 9239 9284 9290 9276 9262 9250 9242 9234 9229 9226 9220 9219 9236 9235 9240 9232 9208 9193 9175 9165 9166 9163 9158 9157 9157 9154 9149 9143 9143 9171 9209 9193 9172 9186 9277 9301 9219 9234 9220 9201 9182 9170 9182 9163 9125 9120 9125 9128 9147 9154 9154 9159 9166 9164 9167 9167 9168 9168 9171 9175 9176 9180 9185 9185 9188 9188 9189 9190 9188 9187 9191 9184
9167 9167 9160 9158 9161 9161 9158 9157 9161 9171 9177 9189 9237 9270 9279 9271 9261 9250 9244 9242 9241 9240 9239 9250 9255 9246 9243 9235 9226 9205 9187 9177 9174 9172 9169 9165 9164 9163 9157 9152 9150 9180 9234 9208 9178 9182 9247 9228 9202 9206 9233 9222 9196 9174 9151 9144 9126 9133 9135 9130 9137 9149 9165 9170 9162 9163 9166 9169 9169 9168 9171 9179 9183 9187 9193 9194 9195 9191 9188 9184 9179 9179 9180 9178
9162 9162 9157 9156 9159 9159 9158 9156 9160 9178 9194 9221 9244 9259 9267 9266 9259 9247 9247 9252 9255 9258 9263 9269 9264 9255 9248 9240 9229 9210 9192 9186 9185 9181 9178 9172 9171 9171 9168 9167 9173 9199 9227 9212 9199 9183 9217 9190 9171 9176 9210 9220 9195 9171 9153 9139 9125 9154 9181 9144 9138 9149 9188 9196 9160 9164 9172 9179 9179 9173 9178 9190 9194 9200 9202 9200 9197 9195 9191 9184 9180 9176 9178 9180
9157 9157 9155 9155 9157 9160 9163 9167 9174 9193 9212 9231 9244 9252 9257 9262 9262 9261 9261 9263 9267 9273 9280 9273 9270 9260 9250 9241 9227 9213 9197 9198 9200 9199 9182 9181 9182 9181 9178 9178 9181 9187 9198 9202 9203 9213 9237 9172 9156 9165 9177 9189 9179 9160 9140 9143 9135 9149 9141 9150 9160 9191 9214 9248 9219 9177 9192 9201 9205 9191 9199 9210 9209 9215 9215 9208 9190 9205 9201 9187 9179 9177 9173 9168
9152 9154 9153 9152 9156 9163 9172 9186 9208 9207 9215 9225 9235 9244 9252 9261 9266 9270 9273 9274 9278 9282 9284 9273 9266 9256 9249 9241 9227 9223 9237 9222 9216 9212 9200 9200 9198 9194 9190 9188 9195 9196 9195 9192 9181 9183 9206 9170 9160 9159 9168 9170 9162 9149 9136 9132 9136 9143 9131 9151 9179 9207 9224 9240 9264 9236 9224 9229 9242 9270 9246 9227 9222 9221 9229 9238 9269 9242 9220 9199 9171 9174 9186 9165
9149 9154 9152 9151 9156 9165 9176 9189 9203 9206 9209 9212 9224 9236 9249 9258 9267 9277 9279 9281 9282 9284 9280 9271 9261 9250 9241 9234 9222 9221 9239 9232 9225 9220 9229 9229 9217 9208 9200 9193 9188 9222 9218 9191 9169 9163 9198 9165 9155 9152 9156 9158 9154 9144 9140 9145 9148 9177 9177 9174 9191 9208 9217 9226 9248 9249 9243 9245 9255 9266 9254 9243 9234 9230 9236 9249 9264 9246 9232 9235 9249 9244 9225 9229
9144 9153 9156 9152 9158 9166 9175 9185 9193 9198 9201 9205 9214 9226 9237 9250 9263 9273 9279 9282 9285 9285 9282 9271 9260 9250 9238 9232 9221 9219 9230 9231 9231 9232 9241 9245 9240 9226 9212 9202 9201 9220 9219 9191 9171 9160 9157 9152 9151 9151 9152 9162 9163 9153 9145 9146 9159 9216 9211 9200 9200 9201 9208 9216 9238 9250 9251 9251 9253 9255 9250 9243 9238 9233 9231 9230 9223 9218 9219 9221 9231 9236 9233 9234
9139 9150 9156 9156 9160 9166 9172 9178 9181 9187 9193 9199 9208 9217 9225 9241 9256 9268 9276 9282 9286 9287 9282 9271 9266 9253 9244 9235 9225 9215 9219 9229 9235 9241 9253 9261 9247 9234 9221 9210 9208 9244 9241 9187 9174 9161 9156 9152 9158 9161 9166 9190 9191 9173 9153 9136 9157 9214 9218 9213 9208 9209 9210 9212 9220 9239 9242 9243 9241 9237 9241 9239 9235 9231 9225 9217 9206 9200 9198 9195 9198 9198 9212 9225
9133 9147 9154 9159 9163 9166 9170 9173 9176 9180 9186 9192 9201 9212 9225 9239 9251 9263 9273 9281 9287 9290 9287 9278 9265 9255 9249 9244 9233 9225 9225 9232 9239 9246 9257 9262 9251 9240 9230 9221 9216 9233 9235 9198 9184 9168 9162 9173 9179 9196 9227 9246 9227 9213 9174 9136 9152 9208 9218 9213 9211 9210 9209 9209 9209 9226 9230 9230 9230 9227 9230 9232 9230 9226 9220 9212 9202 9193 9185 9177 9179 9189 9195 9202
9124 9134 9153 9158 9159 9163 9166 9169 9172 9175 9179 9185 9195 9206 9218 9232 9246 9260 9270 9280 9288 9292 9289 9275 9265 9257 9253 9251 9242 9237 9238 9241 9246 9250 9256 9262 9254 9248 9242 9235 9225 9218 9237 9227 9205 9184 9166 9178 9198 9236 9261 9250 9244 9239 9195 9135 9174 9179 9193 9202 9207 9208 9209 9212 9213 9216 9220 9219 9219 9220 9221 9223 9223 9222 9216 9210 9200 9190 9182 9163 9167 9172 9176 9177
9121 9126 9183 9167 9169 9174 9173 9171 9171 9172 9172 9179 9189 9201 9211 9222 9240 9254 9268 9279 9287 9293 9291 9281 9270 9264 9257 9252 9249 9248 9251 9250 9251 9254 9261 9267 9256 9254 9255 9259 9267 9283 9272 9232 9214 9200 9174 9186 9193 9227 9244 9240 9243 9239 9228 9216 9232 9196 9184 9197 9208 9216 9224 9223 9216 9216 9213 9209 9206 9208 9212 9214 9214 9214 9214 9211 9206 9200 9191 9190 9170 9161 9160 9166
9115 9134 9119 9169 9179 9180 9174 9170 9166 9165 9165 9173 9185 9198 9212 9229 9242 9255 9266 9276 9285 9293 9295 9292 9291 9282 9269 9259 9256 9255 9257 9255 9253 9254 9261 9263 9254 9255 9261 9276 9301 9338 9316 9234 9216 9213 9187 9187 9189 9212 9231 9236 9241 9238 9249 9265 9235 9188 9190 9198 9210 9224 9233 9234 9223 9216 9211 9206 9201 9204 9208 9212 9214 9215 9215 9215 9215 9214 9190 9170 9163 9157 9156 9160
9116 9133 9171 9192 9193 9188 9177 9170 9162 9157 9156 9168 9184 9199 9216 9233 9246 9255 9263 9270 9278 9292 9290 9283 9291 9296 9280 9263 9259 9258 9264 9253 9247 9245 9244 9239 9239 9248 9258 9274 9294 9308 9281 9250 9224 9218 9202 9185 9183 9219 9230 9236 9235 9242 9242 9236 9225 9215 9206 9207 9212 9221 9230 9229 9222 9212 9214 9210 9203 9205 9209 9213 9216 9217 9218 9217 9214 9206 9183 9161 9156 9154 9155 9158
9106 9142 9161 9192 9190 9182 9173 9165 9157 9152 9154 9169 9185 9201 9217 9232 9249 9254 9258 9260 9261 9254 9245 9247 9238 9251 9257 9253 9252 9258 9241 9238 9235 9232 9229 9226 9228 9236 9246 9256 9265 9259 9241 9223 9215 9211 9200 9190 9178 9235 9235 9222 9223 9224 9225 9219 9201 9217 9212 9212 9213 9215 9215 9234 9236 9226 9231 9223 9217 9213 9214 9217 9219 9217 9219 9218 9215 9199 9172 9152 9149 9155 9166 9164
9092 9127 9158 9188 9190 9187 9178 9166 9155 9147 9160 9175 9189 9204 9218 9231 9250 9251 9252 9252 9249 9243 9240 9236 9234 9231 9232 9231 9231 9225 9215 9220 9222 9221 9217 9207 9216 9226 9235 9240 9237 9225 9215 9211 9217 9218 9213 9198 9180 9217 9235 9245 9227 9214 9207 9204 9213 9214 9216 9215 9216 9210 9206 9214 9237 9259 9252 9237 9227 9222 9220 9217 9218 9219 9221 9220 9217 9205 9169 9141 9143 9151 9164 9164
9076 9114 9156 9183 9187 9183 9176 9168 9158 9153 9169 9182 9195 9208 9222 9236 9242 9246 9247 9246 9243 9240 9238 9233 9231 9225 9224 9222 9219 9213 9210 9212 9213 9213 9210 9205 9208 9218 9224 9227 9224 9216 9217 9230 9238 9228 9220 9203 9184 9196 9228 9239 9231 9222 9217 9215 9219 9236 9235 9230 9223 9216 9208 9219 9242 9260 9251 9242 9232 9226 9221 9218 9218 9221 9220 9220 9217 9210 9172 9142 9140 9144 9145 9160
9070 9109 9145 9178 9182 9182 9179 9172 9166 9160 9178 9190 9201 9213 9224 9235 9240 9242 9242 9241 9240 9240 9236 9231 9224 9221 9220 9219 9218 9214 9212 9209 9209 9208 9207 9207 9212 9216 9222 9225 9224 9223 9224 9230 9224 9232 9252 9239 9203 9213 9243 9248 9248 9253 9242 9239 9255 9275 9265 9250 9238 9227 9218 9223 9245 9264 9241 9236 9235 9229 9227 9227 9228 9230 9227 9226 9220 9209 9178 9151 9144 9142 9143 9157
9078 9100 9132 9157 9182 9188 9186 9182 9177 9179 9188 9197 9207 9215 9223 9228 9236 9238 9238 9237 9236 9235 9233 9228 9223 9220 9219 9217 9216 9214 9210 9208 9207 9206 9205 9209 9210 9224 9232 9234 9232 9229 9227 9217 9225 9243 9269 9280 9286 9309 9278 9273 9295 9290 9274 9260 9260 9298 9280 9264 9249 9236 9226 9224 9233 9234 9224 9230 9231 9231 9226 9227 9226 9227 9230 9224 9217 9206 9191 9165 9156 9152 9153 9162
9100 9110 9144 9184 9194 9196 9193 9190 9186 9188 9197 9203 9210 9217 9223 9230 9234 9236 9236 9235 9234 9232 9230 9226 9221 9223 9220 9218 9217 9213 9211 9208 9204 9202 9203 9212 9214 9243 9249 9246 9240 9234 9225 9203 9243 9268 9283 9278 9304 9298 9296 9298 9306 9292 9268 9245 9235 9273 9281 9273 9259 9243 9230 9214 9220 9223 9206 9215 9221 9224 9228 9229 9229 9229 9225 9223 9215 9199 9164 9174 9172 9169 9170 9180
9113 9138 9158 9190 9199 9201 9201 9202 9200 9203 9210 9210 9213 9217 9223 9230 9234 9235 9234 9232 9231 9232 9229 9225 9221 9220 9218 9215 9213 9212 9210 9207 9199 9198 9206 9212 9277 9283 9267 9257 9249 9238 9221 9207 9265 9286 9294 9312 9305 9296 9305 9315 9313 9276 9239 9222 9232 9279 9280 9275 9264 9250 9236 9217 9216 9205 9206 9202 9214 9225 9229 9230 9227 9225 9221 9218 9216 9211 9211 9200 9195 9189 9186 9199
9121 9133 9157 9180 9194 9201 9206 9210 9215 9216 9212 9211 9212 9216 9221 9227 9238 9237 9233 9230 9227 9230 9228 9222 9218 9219 9216 9213 9211 9210 9209 9206 9199 9193 9199 9244 9294 9287 9273 9262 9255 9249 9232 9241 9265 9290 9304 9308 9312 9306 9314 9323 9300 9251 9230 9221 9235 9271 9281 9280 9273 9257 9235 9219 9236 9250 9283 9252 9233 9234 9237 9237 9237 9236 9234 9230 9226 9225 9233 9230 9216 9204 9197 9194
9127 9135 9155 9177 9191 9198 9207 9216 9221 9216 9211 9209 9210 9213 9218 9227 9235 9234 9231 9228 9226 9232 9227 9222 9219 9213 9213 9213 9208 9208 9209 9208 9198 9191 9197 9276 9288 9265 9268 9268 9267 9271 9284 9256 9264 9301 9310 9316 9323 9313 9315 9315 9271 9225 9228 9234 9234 9250 9283 9283 9279 9273 9265 9274 9272 9294 9320 9270 9258 9249 9246 9240 9238 9238 9238 9239 9239 9239 9249 9247 9229 9214 9204 9202
