real_craters/C146-300m.grd
DSAA
313 313
-46.83 46.83
-46.83 46.83
7990.9890925356 9800.3988376907
[rows 270 to 299 of 313, columns 201 to 267 of 313]
9102.43 9110.52 9112.18 9112.31 9111.58 9102.78 9102.06 9101.61 9101.19 9100.67 9100.04 9098.67 9091.87 9077.84 9048.48 8991.83 8905.76 8810.2 8738.94 8724.47 8738.33 8768.06 8801.99 8840.73 8880.94 8929.97 8987.74 9034.35 9081.58 9124.84 9148.93 9149.98 9147.11 9147.61 9147.12 9152.92 9155.74 9153.59 9146.22 9135.65 9124.02 9117.37 9111.54 9107.5 9104.06 9101.73 9092.84 9081.83 9075.14 9074.71 9074.9 9074.37 9072.66 9070.67 9068.72 9067.96 9068.41 9070.62 9075.34 9082.43 9092.26 9102.2 9111.78 9116.81 9122.56 9124.35 9121.06
9110.43 9110.92 9109 9106.47 9105.97 9093.96 9089.21 9078.05 9071.06 9062.23 9056.34 9037.46 9014.24 8979.59 8926.22 8864.42 8782.22 8694.01 8620.67 8616.21 8642.91 8684.46 8726.76 8770.28 8820.51 8865.6 8918.98 8961.55 9002.82 9040.77 9069.2 9084.96 9100.5 9118.43 9132.18 9151.63 9161.53 9161.39 9154.21 9142.25 9126.45 9120.21 9113.92 9106.98 9100.23 9094.63 9085.12 9076.32 9070.69 9068.91 9067.57 9069.61 9070.59 9070.77 9070.9 9071.59 9072.93 9075.73 9079.84 9085.56 9094.37 9100.17 9104.63 9104.65 9105.04 9105.74 9107.21
9115.04 9112.71 9110.04 9105.12 9098.83 9090.14 9073.65 9061.47 9048.05 9030.45 9009.64 8980.98 8945.11 8899.29 8840.8 8768.75 8684.26 8596.48 8524.31 8529.95 8569.9 8614.6 8664.35 8709.79 8764.32 8806.79 8847.18 8885.35 8920.25 8951.66 8973.81 9010.01 9045.91 9083.53 9113.4 9148.69 9168.1 9170.33 9163.93 9151.8 9135.97 9126.39 9117.46 9106.69 9095.06 9081.72 9072.56 9070.6 9069.49 9068.2 9068.91 9068.86 9069.95 9070.98 9072.69 9075.32 9077.56 9079.74 9083.34 9090.52 9094.04 9096.82 9097.55 9094.8 9089.03 9088.21 9094.48
9119.92 9115.73 9109.22 9101.32 9091.36 9080.78 9060.49 9042.19 9023.14 8996.81 8965.88 8929.95 8884.41 8833.88 8772.95 8698.07 8615.24 8532.61 8472.45 8479.5 8517.1 8560.48 8610.22 8651.38 8702.34 8743.31 8780.32 8813.75 8842.97 8868.76 8891.29 8937.62 8990.82 9046.64 9092.24 9142.47 9172.95 9178.94 9174.23 9163.57 9150.68 9136.69 9122.39 9107.81 9093.02 9078.55 9069.04 9067.53 9068.31 9067.02 9063.28 9064.11 9070.18 9072.92 9076.19 9079.37 9082.51 9085.18 9089.52 9091.92 9093.56 9094.63 9093.75 9090.9 9080.61 9077.03 9085.75
9124.32 9117.68 9109.29 9099.17 9086.89 9070.83 9052.7 9026.09 8999.29 8968.46 8929.87 8884.6 8833.79 8777.34 8715.87 8645.47 8573.14 8507.28 8463.15 8461.08 8485.11 8521.33 8561.78 8603.91 8651.32 8689.79 8723.27 8752.8 8777.56 8799.24 8822.84 8874.27 8940.56 9011.35 9070.45 9133.87 9176.09 9185.6 9182.91 9173.16 9158.8 9144.43 9127.05 9109.95 9093.78 9079.55 9069.88 9065.8 9065.16 9064.58 9064.32 9066.96 9071.93 9075.88 9080.51 9084.28 9087.14 9089.67 9091.28 9092.76 9093.84 9094.43 9094.68 9095.79 9089.77 9083.97 9085.78
9124 9118.95 9110.49 9098.58 9084.12 9066.43 9044.32 9011.09 8980.83 8945.67 8901.4 8850.67 8791.84 8729.4 8665.28 8605.65 8547.79 8501.66 8462.92 8451.51 8464.96 8493.82 8529.33 8566.8 8610.45 8644.67 8676.16 8703.32 8725.65 8745.62 8766.73 8821.1 8899.06 8980.86 9058.15 9122.99 9173.15 9188.82 9188.15 9180.42 9167.21 9148.9 9129.8 9111.8 9095.29 9080.56 9068.87 9065.21 9063.5 9063.1 9065.44 9069.33 9072.79 9075.97 9080.33 9083.68 9085.97 9087.92 9089.38 9090.57 9091.7 9093.07 9095.5 9101.35 9104.11 9095.35 9089.39
9124.63 9120.13 9112.03 9099.77 9083.86 9064.57 9044.19 9012.18 8971.46 8926.39 8880.72 8826.78 8765.03 8699.62 8634.73 8576.64 8525.02 8495.53 8456.23 8442.69 8450.21 8474.31 8505.1 8538.53 8576.04 8608.56 8640.62 8666.35 8689.31 8708.73 8731.95 8785.45 8869.55 8958.27 9044.28 9114.91 9172.35 9190.57 9188.12 9179.24 9165.6 9147.33 9129.1 9112.28 9096.89 9083.22 9072.23 9068.05 9065.73 9064.83 9066.64 9067.44 9073.1 9076.87 9079.62 9081.36 9082.37 9083.11 9083.81 9084.46 9085.45 9088.32 9091.32 9096.64 9101.44 9098.52 9091.52
9127.57 9123 9115.64 9103.23 9089.43 9068.64 9048.42 9014.36 8975.13 8930.33 8871.22 8814.77 8753.3 8688.64 8621 8555.84 8497.73 8453.65 8438.21 8433.88 8439.42 8460.1 8486.89 8518.64 8554.74 8586.55 8616.61 8642.83 8667.07 8690.04 8717.01 8768.96 8853.37 8945.05 9035.47 9110.97 9175.57 9192.5 9182.6 9163.81 9149.27 9139.29 9125.66 9111.67 9098.46 9087.03 9078.64 9073.73 9071.32 9072.07 9072.62 9071.79 9077.82 9080.8 9081.63 9081.84 9081.71 9081.73 9081.4 9081.28 9081.18 9082.26 9082.72 9085.62 9089.17 9088.06 9086.31
9134.23 9128.49 9120.65 9108.32 9095.44 9076.61 9052.63 9022.4 8981.4 8934.96 8879.18 8819.6 8752.45 8687.4 8615.32 8544.02 8479.9 8434.95 8422.68 8422.43 8429.69 8449.79 8476.18 8509.19 8542.14 8574.65 8605.9 8635.31 8661.27 8687.44 8716.91 8767.5 8849.26 8940.94 9032.17 9108.68 9177.33 9192.95 9176.02 9148.63 9135.73 9131.44 9121.94 9110.51 9099.19 9089.38 9083.19 9077.34 9074.94 9078.05 9080.66 9086.87 9087.48 9086.11 9084.65 9082.29 9080.06 9078.53 9077.41 9076.42 9075.65 9074.65 9072.39 9069.68 9071.61 9076.91 9079.6
9143.68 9136.49 9128.46 9118.94 9103.29 9084.19 9061.22 9032.29 8995.34 8949.83 8896.01 8834.15 8761.55 8686.68 8615.13 8543.07 8477.33 8432.68 8415.55 8413.22 8421.67 8441.23 8470.26 8504.66 8539.27 8574.01 8608.32 8641.34 8670.36 8699 8729.04 8775.65 8855.44 8945.68 9034.06 9106.11 9171.49 9189.29 9172.64 9147.03 9134.36 9129.06 9120.37 9110.03 9099.22 9089.14 9080.49 9074.92 9072.89 9074.22 9081.93 9092.9 9093.84 9088.44 9084.48 9080.33 9075.02 9072.48 9071.34 9070.14 9069.11 9067.58 9064.81 9058.82 9060.91 9069.56 9074.68
9151.53 9145.07 9137.01 9128.08 9114.17 9096.24 9075.8 9049.57 9016.88 8975.1 8922.82 8860.27 8784.82 8700.39 8629.07 8553.97 8488.21 8440.94 8416.31 8408.03 8416.5 8439.67 8471.24 8507.26 8545.63 8583.83 8623.53 8659.45 8692.5 8724.19 8755.45 8798.37 8873.86 8960.33 9042.88 9106.57 9162.56 9183.17 9173.62 9150.99 9140.31 9132.12 9121.9 9110.9 9099.48 9088.32 9078.17 9071.52 9069.32 9069.91 9078.55 9091.85 9093.24 9086.59 9079.86 9074.72 9067.89 9064.81 9063.19 9062.52 9062.3 9062.8 9062.72 9060.91 9063.41 9070.66 9075.7
9156.2 9151.67 9145.83 9137.46 9126.63 9110.46 9093.36 9071.86 9044.29 9005.68 8961.42 8903.41 8830.12 8743.93 8663.15 8579.67 8509.98 8457.69 8425.01 8408.88 8418.66 8446.36 8480.11 8518.98 8560.9 8603.43 8647.96 8688.63 8726.97 8763.4 8797.76 8837.81 8907.32 8988.11 9061.67 9115.74 9164.37 9186.03 9182.92 9165.44 9151.27 9137.62 9124.71 9112.33 9100.37 9088.51 9076.89 9068.89 9068.32 9069.28 9074.41 9080.83 9081.45 9077.26 9071.53 9065.9 9061.38 9057.68 9056.52 9056.65 9057.54 9059.62 9063.08 9066.81 9068.42 9073 9077
9160 9156.37 9152.5 9147.02 9140 9125.01 9112.45 9096.84 9076.57 9046.81 9011.48 8962.48 8897.7 8814.45 8712.74 8612.17 8532.57 8475.09 8442.41 8431.34 8440.55 8463.34 8497.5 8538.26 8584.29 8631.59 8682.04 8728.2 8772.1 8816.47 8855.98 8897.47 8958.87 9030.12 9091.53 9133.97 9179.1 9204.4 9195.41 9182.94 9159.88 9142 9127.06 9113.85 9101.7 9090.55 9080.17 9072.26 9071.55 9070.49 9071.53 9073.32 9071.4 9068.63 9063.06 9056.79 9052.23 9050.25 9049.8 9051.36 9053.36 9056.26 9060.4 9064.43 9066.34 9069.27 9071.48
9161.79 9158.96 9156.37 9153.89 9150.06 9140.42 9133.63 9124.32 9112.23 9096.35 9070.35 9032.15 8976.62 8889.66 8770.67 8647.87 8543.17 8490.23 8465.12 8458.07 8466.09 8486.4 8520.57 8565.62 8615.18 8671.47 8723.71 8775.44 8829.59 8878.88 8927.05 8973.66 9027.99 9085.56 9128.91 9162.29 9184.8 9197.08 9189.58 9175.29 9159.49 9142.45 9128.02 9115.15 9104.1 9094.25 9086.95 9082.63 9078.59 9076.1 9075.91 9074.43 9067.87 9064.57 9054.85 9046.39 9041.7 9040.81 9041.42 9044.37 9047.9 9052.07 9056.4 9057.25 9059.86 9060.46 9057.77
9161.23 9160.16 9160.13 9160.75 9160.28 9159.68 9158.38 9156.02 9152.32 9146.57 9133.39 9108.15 9059.02 8967.45 8838.04 8697.17 8570.28 8522.62 8497.81 8484.71 8488.54 8513.63 8552.34 8602.22 8655.28 8712.95 8769.42 8824.51 8885.76 8944.89 9005.02 9067.49 9119.06 9149.31 9168.44 9180.99 9184.54 9186.57 9176.48 9163.98 9152.11 9139.55 9127.12 9115.61 9105.22 9097.07 9091.47 9089.05 9084.75 9082.17 9081.98 9083.7 9082.16 9064.52 9042.96 9032.21 9029.09 9030.47 9033.19 9037.55 9042.3 9047.55 9054.07 9056.53 9054.21 9051.97 9051.49
9159.64 9163.21 9166.26 9170.48 9173.14 9176.81 9180.42 9184.93 9188.83 9192.53 9193.76 9186.47 9150.75 9057.19 8920.53 8771.4 8642.73 8587.16 8551.73 8526.23 8520.79 8548.81 8593.16 8648.32 8705.81 8760.81 8818.58 8878.18 8939.02 9003.98 9075.71 9154 9213.05 9204.63 9201.04 9195.22 9184.26 9175.48 9162.77 9153.09 9146.06 9135.43 9124.99 9114.83 9105.6 9097.62 9091.99 9088.91 9087.08 9085.93 9080.52 9081.7 9100.81 9044.52 9017.49 9012.21 9014.74 9019.83 9025.25 9030.69 9036.02 9041.15 9048.13 9051.15 9046.18 9042.19 9038.97
9159.22 9165.37 9170.93 9177.33 9182.87 9190.77 9197.54 9206.11 9215.85 9227.46 9241.08 9255.56 9254.39 9153.08 9012.29 8868.61 8750.02 8682.85 8631.44 8588.44 8566.34 8596.72 8647.57 8704.62 8761.31 8817.66 8873.91 8927.89 8987.84 9051.63 9121.4 9190.48 9238.67 9229.06 9217.53 9201.82 9182.16 9167.38 9156.6 9147.92 9139.58 9132.35 9123.35 9114.09 9105.21 9097.14 9090.57 9085.48 9088.68 9095.38 9089.4 9057.65 8998.85 8971.7 8976.98 8989.61 9001.55 9011.39 9019.27 9025.33 9030.19 9033.65 9035.84 9036.81 9035.34 9031.88 9027.98
9158.25 9165.43 9172.6 9181.11 9189.29 9199.49 9208.98 9219.15 9231.32 9245.92 9262.81 9286.06 9317.02 9214.64 9097.04 8976.94 8874.15 8801.33 8735.86 8677.91 8637.46 8666.05 8720.3 8775.8 8828.54 8877.43 8927.87 8977.63 9031.88 9085.77 9143.08 9193.05 9221.83 9228.19 9218.9 9201.02 9178.7 9159.2 9146.86 9142.81 9137.01 9131.06 9122.82 9114.14 9105.51 9096.96 9089.97 9085.68 9093.12 9111.74 9122.79 9055.45 8935.98 8909.43 8948.87 8977.83 8996.12 9008.06 9016.65 9022.23 9025.96 9027.9 9027.27 9027.27 9026.7 9024.24 9021.42
9155.55 9164.1 9173.42 9182.39 9191.61 9202.66 9213.43 9225.23 9236.72 9248.25 9258.43 9263.18 9251.47 9225.85 9168.35 9093.88 9010.88 8933.33 8860.1 8798.53 8753.44 8771.52 8817.33 8861.26 8902.79 8941.65 8981.7 9023.95 9068.59 9113.22 9157.81 9194.58 9223.19 9224.3 9212.75 9197.18 9175.33 9156.98 9147.74 9142.79 9137.02 9131.2 9123.28 9114.99 9105.75 9097.83 9091.07 9087.59 9095.72 9118.69 9133.75 9074.2 8963.25 8928.26 8965.42 8989.43 9004 9013.26 9019.15 9022.81 9024.8 9025.74 9025.6 9024.74 9022.17 9020.27 9018.55
9149.34 9159.56 9170.35 9180.72 9191.57 9203.58 9214.8 9225.37 9234.68 9241.81 9243.66 9235.7 9220.52 9229.79 9225.94 9217.67 9149.02 9059.88 8989.65 8939.32 8906.22 8911.97 8936.78 8958.82 8980.95 9004.37 9032.55 9063.81 9097.15 9130.87 9164.37 9192.78 9216.03 9215.47 9201.79 9188.66 9172.5 9158.01 9157.28 9146.41 9136.64 9128.37 9123.25 9115.34 9107.43 9099.94 9093.33 9089.11 9093.36 9114.57 9125.56 9099.1 9053.68 9032.99 9022.25 9020.67 9022.62 9024.58 9026.25 9026.75 9026.46 9025.62 9025.61 9023.99 9020.96 9019.31 9017.97
9141.26 9153.23 9164.88 9175.81 9189.62 9200.55 9211.48 9220.7 9227.77 9232.47 9232.72 9227.89 9224.23 9233.96 9249.13 9277.77 9221.16 9150.02 9101.57 9077.52 9073.91 9075.78 9066.46 9056.21 9055.03 9062.99 9077.8 9097.07 9119.92 9142.45 9164.69 9183.45 9199.42 9197.31 9187.3 9176.96 9169.39 9160.94 9156.14 9145.85 9136.69 9127.64 9122.59 9115.35 9108.4 9101.98 9096.95 9094.71 9097.16 9110.64 9118.33 9115.17 9115.65 9121.42 9075.15 9053.86 9044.29 9039.46 9036.21 9033.21 9029.8 9026.18 9023.93 9022.8 9020.5 9019.29 9017.69
9135.24 9148.36 9160.56 9172.48 9183.77 9194.93 9204.72 9215.44 9222.15 9224.78 9223.71 9223.69 9222.95 9225.53 9228.95 9223.03 9216.58 9193.6 9177.18 9186.07 9225.8 9241.18 9177.36 9135 9114.21 9108.18 9111.22 9121.18 9134.62 9148.84 9160.86 9167.95 9167.52 9164.44 9168.63 9166.91 9162.3 9158.81 9149.11 9140.34 9134.47 9127.7 9122.76 9116.22 9110.12 9104.66 9100.72 9100.21 9105.85 9107.38 9109.88 9111.75 9117.75 9108.61 9094.53 9075.59 9062.57 9053.66 9046.95 9041.12 9035.01 9028.16 9023.35 9022.75 9022.24 9021.09 9018.8
9128.8 9142.14 9154.05 9165.88 9176.48 9187.96 9196.95 9207.64 9212.81 9215.3 9214.37 9213.82 9212 9208.97 9200.89 9189.54 9200 9204.55 9211.59 9234.27 9277.53 9290.51 9223.66 9176.75 9150.7 9137.94 9134.17 9136.78 9143.38 9150.91 9157.41 9159.25 9154.22 9150.31 9157.07 9157.3 9154.16 9152.18 9141.41 9135.45 9132 9127.98 9123.16 9117.11 9110.9 9105.73 9101.93 9099.99 9098.63 9100.75 9102.29 9102.11 9109.91 9116.29 9098.84 9086.36 9075.65 9066.28 9058.13 9050.9 9043.63 9034.97 9027.59 9027.69 9027.02 9025.53 9022.83
9124.31 9137.1 9148.62 9159.09 9169.01 9178.46 9187.04 9198.17 9203.09 9205.78 9205.22 9202.14 9200.05 9195.13 9184.25 9174.49 9189.61 9202.71 9215.66 9228.78 9236.41 9221.47 9204.67 9182.9 9165.52 9152.63 9147.14 9145.91 9148.63 9151.79 9154.81 9157.71 9161 9162.83 9154.88 9149.45 9145.2 9143.96 9135.09 9133.53 9133.06 9129.26 9124.28 9118.92 9113.07 9107.09 9102.71 9099.11 9094.91 9097.69 9102.41 9106.39 9107.25 9094.48 9098.8 9094.29 9085.46 9076.45 9068.85 9061.69 9055.19 9048.48 9042.67 9038.39 9035.52 9032.66 9029.57
9122.03 9131.89 9141.47 9150.61 9158.51 9167.16 9175.85 9188.14 9194.13 9198.37 9199.11 9197.88 9193.69 9187.75 9180.31 9178.64 9184.58 9195.18 9203.57 9206.92 9194.75 9172.66 9176.95 9175.19 9167.79 9159.47 9154.5 9150.75 9151.59 9151.76 9153.16 9157.22 9160.68 9160.51 9149.77 9141.95 9135.73 9131.2 9135.01 9139.16 9136.56 9130.71 9125.59 9118.93 9113.23 9108.66 9104.32 9101.19 9099.04 9101.23 9106.54 9112.77 9114.54 9117.66 9113.32 9104.6 9095.55 9087 9079.61 9073.11 9067.51 9063.53 9058.02 9050.69 9045.53 9041.5 9037.86
9119.06 9125.48 9132.69 9140.26 9148.51 9156.3 9164.41 9172.53 9180.68 9188.47 9194.53 9193.92 9189.25 9182.34 9176.33 9174.8 9180.65 9184.43 9188.13 9188.34 9178.84 9168.73 9169.05 9168.13 9164.24 9159.28 9155.02 9151.17 9153.11 9151.41 9151.34 9152.54 9150.88 9142.5 9139.48 9133.7 9127.05 9123.05 9142.34 9149.69 9139.73 9130.76 9124.69 9118.26 9112.92 9108.74 9105.66 9103.38 9103.05 9105.08 9108.35 9113.1 9118.22 9124.22 9121.78 9112.35 9103.4 9095.49 9088.86 9083.13 9078.85 9075.59 9070.18 9062.08 9056.37 9051.81 9048.03
9117.26 9122.09 9127.72 9134.23 9139.4 9146.25 9153.57 9161.68 9170.76 9181.22 9190.12 9192.91 9182.73 9173.22 9169.13 9167.14 9169.39 9170.74 9173.6 9174.5 9171.55 9170.79 9168.76 9163.62 9161.2 9156.76 9153.15 9153.21 9150.57 9148.65 9147.97 9143.92 9142.67 9140.75 9132.88 9125.98 9121.27 9122.08 9136.59 9142.29 9134.38 9127.2 9122.42 9116.95 9112.31 9108.18 9105.22 9103.51 9103.69 9105.6 9107.61 9110.57 9115.93 9121.81 9121.33 9114.9 9107.71 9101.06 9095.48 9090.43 9086.73 9083.03 9078.19 9072.34 9067.49 9063.44 9060.57
9115.14 9118.67 9122.81 9127.69 9132.17 9137.96 9144.24 9150.85 9158.68 9168.2 9180.79 9185.82 9168.9 9154.66 9148.34 9147.33 9152.59 9155.61 9159.5 9161.79 9162.84 9166 9164.25 9157.43 9154.21 9151.15 9148.16 9147.7 9145.38 9142.42 9140.22 9136.24 9134.22 9125.55 9120.73 9117.29 9115.28 9116.14 9119 9120.24 9122.53 9119.99 9117.66 9113.72 9110.11 9107.01 9104.65 9102.99 9101.65 9100.88 9106.62 9111.78 9116.76 9118.34 9117.26 9114.77 9109.79 9104.42 9099.48 9095.08 9092.03 9090.18 9085.73 9081.47 9078.1 9075.43 9074.02
9110.58 9113.03 9115.94 9119.66 9123.11 9127.88 9132.58 9137.4 9142.32 9147.97 9156.05 9158.74 9144.51 9129.2 9112.62 9120.86 9133.83 9139.53 9144.45 9147.91 9149.15 9149.01 9147.83 9146.3 9144.81 9143.12 9141.83 9139.33 9136.22 9134.69 9131.71 9127.46 9124.1 9114.8 9110.86 9107.83 9106.54 9108.76 9106.74 9107.29 9113.54 9113.56 9110.93 9108.17 9105.7 9103.99 9102.78 9101.99 9101.74 9102.88 9107.37 9112.77 9116.28 9118.03 9118.41 9115.33 9111.88 9107.26 9102.99 9098.37 9094.69 9092.37 9090.96 9090.21 9089 9087.96 9086.82
9104.12 9104.96 9106.72 9109.88 9112.55 9115.83 9119.62 9121.85 9123.43 9122.64 9115.95 9115.53 9117.23 9110.15 9098.36 9106.51 9119.16 9125.52 9131.06 9133.87 9134.83 9131.83 9131.56 9133.35 9134.16 9133.25 9132.12 9129.48 9126.49 9125.02 9121.05 9118.92 9116.59 9110.15 9105.88 9098.97 9088.87 9089.01 9100.6 9111.38 9111.17 9107.34 9104.09 9101.93 9101.1 9100.48 9100.85 9101.74 9102.77 9104.34 9109.45 9113.99 9116.07 9118.25 9118.66 9115.69 9113.43 9110.57 9107.26 9102.78 9097.47 9093.57 9096.86 9099.04 9099.85 9100.21 9100.17
