real_craters/C146-750m.grd
DSAA
126 126
-46.83 46.83
-46.83 46.83
7993.2611048982 9781.0804386872
[rows 76 to 113 of 126, columns 0 to 83 of 126]
9294 9294 9313 9334 9333 9337 9337 9341 9340 9319 9296 9285 9278 9270 9268 9271 9277 9254 9235 9232 9232 9222 9246 9257 9232 9216 9201 9188 9167 9143 9195 9230 9258 9279 9280 9282 9287 9261 9246 9225 9269 9325 9291 9237 9242 9262 9287 9318 9363 9430 9534 9538 9579 9575 9560 9452 9321 9210 9162 9101 9050 9020 9018 8997 8840 8785 8763 8733 8678 8771 8897 9090 9270 9302 9294 9323 9362 9396 9416 9442 9425 9403 9372 9337
9302 9314 9338 9359 9351 9347 9348 9351 9348 9329 9317 9312 9300 9285 9271 9258 9274 9263 9249 9244 9234 9228 9223 9223 9224 9218 9211 9199 9181 9166 9186 9207 9221 9223 9238 9247 9236 9256 9221 9195 9235 9272 9259 9242 9238 9244 9261 9303 9433 9414 9505 9544 9642 9665 9606 9563 9521 9383 9299 9242 9179 9101 9006 8893 8837 8856 8892 8926 8998 9099 9280 9538 9517 9489 9417 9386 9381 9389 9404 9386 9396 9385 9369 9345
9311 9340 9360 9349 9348 9353 9361 9369 9376 9385 9376 9347 9324 9303 9290 9298 9306 9269 9258 9253 9234 9226 9222 9218 9217 9220 9221 9218 9213 9206 9193 9188 9192 9202 9212 9207 9204 9231 9204 9174 9173 9202 9232 9239 9226 9224 9236 9290 9477 9538 9544 9503 9611 9667 9722 9746 9665 9578 9451 9363 9271 9217 9084 8864 8881 8972 9042 9125 9222 9341 9467 9525 9515 9493 9450 9393 9370 9361 9359 9357 9371 9371 9372 9377
9326 9343 9352 9351 9345 9356 9373 9389 9403 9427 9417 9373 9336 9310 9298 9278 9260 9244 9244 9243 9224 9199 9188 9203 9213 9222 9229 9236 9238 9218 9171 9146 9169 9205 9200 9177 9166 9172 9176 9171 9165 9168 9188 9212 9212 9214 9222 9245 9287 9403 9567 9534 9601 9658 9641 9611 9697 9724 9663 9477 9324 9176 9135 9160 9151 9145 9182 9278 9464 9609 9500 9503 9533 9482 9428 9386 9357 9342 9334 9333 9348 9353 9363 9383
9345 9346 9344 9315 9339 9361 9382 9407 9429 9439 9418 9379 9338 9302 9270 9240 9220 9223 9229 9228 9215 9201 9193 9195 9207 9218 9231 9246 9263 9242 9174 9136 9148 9144 9137 9146 9153 9143 9171 9179 9163 9165 9152 9176 9196 9209 9220 9230 9274 9347 9452 9528 9553 9565 9565 9557 9626 9713 9686 9501 9360 9279 9283 9348 9331 9273 9277 9326 9395 9383 9382 9377 9484 9428 9385 9361 9340 9318 9312 9324 9327 9332 9339 9342
9354 9345 9325 9328 9345 9365 9388 9418 9453 9474 9414 9373 9334 9289 9242 9216 9211 9209 9209 9212 9208 9201 9192 9193 9202 9216 9228 9241 9251 9238 9201 9181 9154 9129 9114 9130 9128 9137 9188 9172 9160 9149 9146 9164 9185 9204 9223 9247 9244 9241 9273 9398 9480 9527 9503 9474 9429 9463 9447 9442 9393 9312 9340 9328 9306 9324 9320 9312 9291 9247 9266 9258 9248 9311 9327 9321 9318 9319 9307 9305 9306 9309 9309 9305
9359 9349 9346 9349 9356 9369 9385 9404 9426 9429 9383 9354 9321 9283 9241 9213 9213 9213 9212 9215 9209 9194 9181 9184 9194 9204 9214 9222 9222 9220 9210 9192 9173 9157 9158 9137 9135 9143 9167 9173 9161 9139 9143 9158 9173 9191 9208 9216 9225 9230 9253 9322 9418 9486 9435 9367 9367 9387 9404 9429 9460 9477 9494 9529 9432 9366 9326 9292 9257 9219 9216 9202 9205 9254 9280 9291 9292 9287 9298 9296 9297 9297 9292 9288
9361 9357 9352 9361 9365 9373 9378 9383 9374 9352 9358 9347 9317 9286 9267 9222 9222 9217 9243 9233 9218 9197 9177 9179 9185 9192 9198 9204 9210 9211 9209 9198 9185 9168 9147 9134 9137 9161 9174 9168 9149 9138 9134 9149 9167 9182 9192 9201 9197 9230 9251 9294 9352 9392 9360 9311 9342 9370 9378 9426 9482 9627 9550 9577 9441 9353 9311 9279 9247 9223 9212 9213 9226 9229 9238 9246 9252 9256 9268 9268 9269 9269 9269 9275
9369 9367 9362 9370 9371 9371 9371 9371 9368 9379 9393 9352 9312 9279 9259 9259 9240 9238 9254 9247 9229 9215 9192 9180 9179 9180 9185 9190 9196 9203 9212 9214 9201 9169 9129 9121 9122 9152 9145 9145 9129 9124 9127 9146 9166 9180 9191 9201 9213 9223 9247 9272 9303 9311 9307 9284 9298 9331 9398 9409 9419 9399 9455 9415 9345 9312 9284 9262 9248 9245 9225 9209 9218 9217 9220 9229 9238 9245 9250 9252 9248 9249 9251 9253
9378 9378 9383 9375 9366 9358 9355 9359 9367 9393 9392 9345 9296 9256 9235 9224 9220 9234 9259 9244 9231 9218 9200 9181 9174 9173 9176 9180 9182 9198 9214 9231 9210 9175 9149 9119 9099 9142 9118 9108 9114 9116 9135 9156 9170 9184 9198 9208 9233 9256 9249 9253 9271 9283 9277 9270 9267 9287 9263 9313 9381 9428 9391 9359 9332 9297 9270 9252 9236 9224 9202 9185 9183 9187 9200 9214 9232 9238 9235 9236 9230 9232 9236 9247
9372 9383 9388 9377 9353 9341 9336 9340 9350 9359 9361 9318 9270 9225 9204 9208 9213 9212 9216 9224 9219 9211 9188 9171 9165 9165 9168 9179 9192 9194 9204 9207 9196 9174 9149 9122 9101 9121 9121 9119 9119 9130 9144 9165 9177 9191 9207 9251 9262 9262 9249 9242 9244 9245 9245 9246 9263 9269 9274 9288 9300 9315 9338 9331 9303 9274 9260 9241 9221 9195 9170 9158 9156 9163 9179 9195 9207 9217 9222 9224 9224 9222 9227 9248
9379 9386 9387 9346 9327 9317 9310 9310 9325 9319 9310 9280 9246 9206 9192 9199 9193 9209 9210 9209 9204 9194 9174 9159 9159 9158 9158 9154 9162 9182 9195 9199 9190 9175 9151 9128 9117 9105 9117 9114 9124 9141 9169 9168 9177 9195 9225 9244 9250 9245 9227 9225 9227 9230 9237 9245 9257 9271 9298 9305 9288 9300 9317 9325 9323 9279 9249 9232 9214 9192 9166 9135 9135 9151 9163 9178 9201 9204 9208 9212 9213 9214 9217 9222
9390 9374 9338 9302 9297 9290 9281 9269 9253 9259 9250 9249 9240 9214 9190 9191 9200 9222 9211 9203 9192 9174 9163 9156 9159 9159 9153 9139 9146 9176 9195 9202 9201 9184 9165 9139 9117 9158 9146 9131 9133 9142 9170 9174 9176 9181 9168 9187 9221 9219 9214 9215 9216 9215 9218 9240 9233 9257 9275 9252 9267 9286 9300 9304 9287 9257 9239 9227 9214 9196 9171 9147 9139 9135 9149 9161 9180 9185 9194 9200 9210 9215 9219 9218
9374 9349 9309 9289 9279 9270 9259 9242 9231 9232 9234 9249 9260 9256 9244 9227 9217 9206 9212 9205 9192 9182 9171 9165 9167 9165 9163 9162 9168 9185 9204 9218 9213 9195 9162 9132 9130 9142 9151 9150 9154 9162 9187 9182 9182 9174 9165 9170 9200 9206 9207 9207 9207 9207 9211 9208 9220 9236 9243 9234 9255 9278 9291 9293 9280 9255 9240 9231 9221 9214 9207 9182 9167 9149 9149 9152 9155 9170 9185 9196 9206 9217 9226 9235
9334 9308 9281 9268 9267 9261 9249 9233 9221 9229 9248 9269 9294 9314 9279 9258 9257 9254 9229 9216 9199 9182 9187 9192 9181 9173 9172 9186 9186 9194 9213 9235 9252 9204 9149 9120 9146 9162 9181 9182 9175 9181 9187 9216 9201 9177 9172 9183 9195 9204 9194 9197 9199 9198 9195 9198 9210 9223 9236 9238 9282 9286 9287 9285 9270 9258 9248 9239 9230 9221 9207 9201 9191 9172 9162 9157 9155 9167 9180 9192 9204 9216 9225 9225
9296 9269 9260 9275 9274 9259 9245 9234 9231 9230 9241 9270 9317 9352 9308 9280 9256 9243 9241 9234 9224 9209 9202 9200 9185 9178 9171 9172 9181 9192 9208 9226 9235 9197 9148 9119 9150 9191 9217 9201 9179 9172 9183 9187 9186 9177 9180 9194 9195 9191 9195 9191 9191 9193 9195 9190 9198 9216 9236 9256 9274 9278 9277 9275 9278 9273 9262 9246 9236 9227 9218 9220 9217 9194 9182 9171 9167 9170 9179 9188 9200 9213 9224 9213
9273 9256 9253 9276 9271 9254 9247 9238 9229 9230 9236 9261 9310 9365 9338 9318 9289 9262 9265 9256 9251 9235 9204 9180 9175 9175 9172 9176 9176 9183 9193 9198 9185 9178 9160 9159 9128 9164 9172 9189 9201 9193 9181 9182 9183 9176 9205 9216 9203 9203 9193 9189 9188 9188 9187 9184 9197 9218 9237 9251 9256 9263 9264 9263 9257 9258 9257 9249 9242 9238 9238 9241 9234 9222 9215 9186 9169 9170 9175 9184 9192 9201 9219 9208
9259 9241 9238 9235 9234 9242 9246 9257 9249 9231 9224 9234 9275 9325 9382 9392 9380 9354 9320 9283 9241 9219 9201 9174 9171 9172 9173 9173 9169 9166 9164 9166 9185 9166 9147 9138 9127 9127 9151 9171 9190 9192 9181 9181 9187 9174 9204 9232 9224 9194 9191 9194 9190 9184 9179 9182 9201 9222 9243 9258 9254 9253 9250 9247 9247 9247 9244 9246 9245 9246 9248 9258 9254 9256 9234 9202 9182 9177 9178 9182 9186 9183 9162 9159
9253 9243 9233 9224 9224 9236 9240 9229 9236 9234 9226 9232 9271 9324 9365 9408 9424 9407 9360 9301 9251 9231 9214 9195 9179 9172 9169 9163 9155 9146 9134 9122 9101 9097 9117 9127 9136 9149 9159 9163 9164 9171 9176 9177 9184 9193 9227 9239 9224 9216 9212 9200 9186 9184 9186 9192 9206 9223 9247 9268 9260 9249 9241 9234 9227 9225 9231 9244 9250 9255 9257 9252 9255 9268 9227 9200 9183 9172 9174 9179 9185 9184 9172 9154
9254 9243 9239 9233 9234 9243 9249 9253 9255 9258 9253 9254 9331 9363 9270 9176 9221 9303 9310 9280 9274 9272 9245 9206 9180 9173 9168 9156 9142 9129 9112 9088 9057 9056 9110 9145 9138 9165 9170 9164 9165 9171 9178 9181 9167 9176 9235 9239 9219 9205 9208 9193 9184 9188 9193 9206 9215 9228 9243 9255 9251 9235 9224 9217 9213 9217 9232 9242 9249 9252 9247 9238 9214 9182 9150 9172 9170 9163 9160 9172 9183 9196 9200 9166
9257 9248 9242 9243 9248 9251 9256 9267 9282 9299 9307 9296 9407 9169 8935 8769 8803 8902 9003 9206 9349 9330 9280 9233 9202 9177 9162 9149 9133 9118 9099 9080 9062 9069 9119 9172 9191 9172 9165 9162 9158 9170 9178 9181 9174 9178 9223 9224 9214 9208 9204 9205 9198 9194 9196 9209 9220 9226 9234 9233 9234 9213 9204 9204 9205 9213 9225 9234 9244 9248 9241 9193 9161 9132 9130 9130 9140 9149 9152 9165 9177 9189 9195 9161
9250 9239 9237 9242 9252 9246 9250 9267 9296 9338 9385 9424 9297 8910 8690 8611 8668 8715 8852 9122 9340 9345 9307 9253 9205 9181 9155 9142 9127 9112 9097 9086 9086 9104 9116 9137 9154 9157 9149 9150 9158 9170 9178 9180 9174 9174 9187 9222 9217 9206 9199 9213 9206 9199 9197 9207 9216 9232 9211 9220 9170 9176 9184 9191 9196 9204 9208 9219 9233 9247 9227 9141 9130 9130 9125 9120 9128 9136 9141 9144 9153 9155 9154 9136
9243 9238 9234 9229 9218 9220 9230 9251 9292 9351 9405 9419 9118 8695 8559 8519 8564 8645 8795 9035 9247 9318 9309 9262 9210 9187 9160 9143 9129 9115 9100 9090 9091 9103 9128 9171 9168 9150 9145 9152 9158 9171 9179 9185 9181 9173 9194 9229 9223 9212 9206 9208 9208 9208 9207 9219 9204 9163 9163 9160 9149 9155 9168 9178 9187 9190 9199 9207 9211 9217 9206 9148 9131 9130 9121 9114 9117 9122 9125 9125 9130 9121 9114 9110
9251 9225 9226 9217 9198 9194 9202 9232 9296 9356 9386 9316 9008 8612 8549 8556 8564 8601 8719 8983 9210 9311 9312 9270 9221 9202 9173 9154 9135 9119 9107 9097 9091 9089 9127 9150 9151 9127 9137 9154 9168 9176 9183 9185 9182 9180 9213 9252 9223 9216 9211 9211 9219 9222 9217 9227 9208 9170 9148 9142 9146 9149 9158 9171 9186 9198 9202 9191 9183 9163 9148 9146 9139 9134 9120 9116 9114 9115 9115 9114 9114 9101 9097 9099
9107 9160 9226 9202 9178 9173 9169 9203 9291 9357 9377 9288 8996 8626 8582 8554 8538 8607 8701 9068 9310 9348 9322 9274 9220 9204 9194 9163 9142 9125 9111 9100 9095 9104 9130 9136 9136 9143 9144 9156 9173 9182 9189 9193 9193 9196 9230 9263 9248 9231 9226 9222 9224 9241 9252 9251 9217 9168 9142 9135 9135 9140 9148 9162 9180 9209 9204 9181 9165 9145 9139 9145 9145 9138 9124 9117 9115 9115 9114 9112 9110 9098 9096 9100
9201 9165 9187 9180 9163 9164 9191 9218 9277 9334 9366 9337 9074 8772 8639 8547 8567 8733 8925 9285 9431 9393 9338 9275 9213 9192 9175 9157 9139 9123 9112 9103 9096 9090 9103 9112 9135 9160 9157 9168 9184 9190 9195 9201 9207 9220 9249 9259 9247 9240 9239 9234 9241 9254 9248 9214 9182 9158 9137 9125 9117 9120 9134 9147 9160 9166 9170 9176 9155 9134 9136 9148 9152 9144 9126 9118 9118 9117 9115 9114 9115 9115 9113 9112
9204 9189 9173 9165 9157 9159 9179 9212 9252 9304 9359 9431 9351 9075 8801 8687 8751 8964 9229 9427 9438 9392 9334 9272 9215 9183 9158 9146 9135 9124 9114 9106 9100 9096 9106 9104 9122 9156 9168 9174 9188 9195 9201 9206 9215 9235 9260 9279 9257 9246 9245 9242 9226 9199 9188 9182 9165 9146 9129 9119 9114 9115 9123 9133 9140 9142 9146 9153 9146 9131 9137 9154 9164 9150 9143 9130 9124 9119 9116 9115 9119 9133 9125 9123
9203 9192 9173 9164 9155 9149 9157 9192 9230 9275 9318 9355 9410 9323 9168 9111 9102 9180 9324 9321 9351 9342 9298 9256 9213 9181 9150 9140 9132 9123 9117 9111 9108 9111 9117 9110 9129 9156 9172 9193 9195 9199 9206 9213 9223 9231 9241 9269 9249 9242 9238 9233 9187 9186 9180 9170 9159 9143 9131 9122 9114 9107 9117 9123 9126 9126 9132 9139 9142 9138 9136 9138 9138 9141 9147 9141 9130 9122 9115 9110 9107 9119 9122 9134
9204 9198 9186 9179 9170 9164 9160 9188 9216 9244 9270 9281 9314 9341 9444 9428 9335 9292 9305 9302 9296 9287 9263 9227 9199 9172 9147 9134 9126 9120 9114 9109 9108 9112 9113 9105 9116 9137 9162 9182 9193 9202 9211 9220 9231 9226 9220 9247 9235 9230 9222 9204 9187 9178 9172 9162 9152 9142 9139 9130 9127 9126 9125 9120 9116 9113 9113 9133 9142 9136 9128 9118 9106 9121 9130 9139 9130 9121 9113 9105 9091 9083 9113 9137
9202 9204 9208 9202 9189 9180 9177 9187 9205 9223 9238 9250 9246 9247 9257 9305 9316 9304 9288 9273 9257 9237 9218 9196 9173 9144 9138 9131 9126 9122 9118 9113 9109 9102 9094 9105 9108 9125 9152 9178 9192 9203 9213 9222 9234 9222 9198 9239 9235 9224 9212 9196 9175 9162 9159 9152 9140 9139 9135 9135 9144 9152 9132 9120 9112 9105 9103 9125 9135 9127 9118 9109 9105 9104 9114 9126 9120 9114 9109 9102 9088 9090 9117 9145
9202 9207 9209 9205 9201 9199 9192 9193 9200 9208 9219 9236 9234 9201 9202 9238 9266 9274 9267 9250 9242 9227 9206 9183 9160 9151 9132 9127 9125 9123 9121 9116 9110 9105 9102 9108 9111 9119 9143 9170 9196 9204 9214 9221 9218 9199 9186 9232 9227 9221 9205 9181 9165 9157 9152 9151 9148 9143 9133 9137 9138 9129 9123 9118 9111 9103 9096 9113 9126 9122 9112 9100 9086 9088 9090 9099 9103 9104 9105 9104 9098 9106 9124 9148
9214 9213 9206 9201 9206 9209 9202 9198 9199 9200 9201 9207 9226 9205 9216 9225 9241 9254 9261 9261 9235 9216 9195 9173 9145 9104 9124 9128 9128 9129 9126 9122 9116 9106 9110 9127 9131 9146 9161 9176 9191 9199 9208 9218 9212 9189 9200 9241 9234 9223 9207 9189 9171 9160 9155 9156 9155 9153 9152 9143 9135 9127 9125 9119 9113 9109 9109 9122 9129 9119 9109 9097 9087 9083 9082 9083 9087 9094 9100 9107 9120 9122 9120 9141
9233 9225 9212 9203 9212 9215 9201 9202 9201 9198 9191 9188 9206 9219 9226 9230 9235 9237 9237 9229 9220 9204 9187 9168 9152 9148 9129 9124 9124 9125 9126 9129 9131 9135 9145 9184 9218 9199 9196 9192 9191 9191 9194 9203 9202 9186 9192 9234 9237 9220 9208 9199 9181 9167 9166 9163 9158 9153 9149 9143 9135 9125 9125 9122 9119 9119 9122 9134 9136 9123 9109 9098 9087 9083 9081 9076 9078 9087 9097 9102 9109 9113 9114 9110
9245 9236 9229 9225 9230 9229 9213 9213 9211 9208 9202 9197 9205 9222 9227 9231 9230 9224 9206 9216 9212 9200 9187 9171 9150 9133 9124 9121 9123 9129 9132 9139 9149 9165 9193 9232 9254 9234 9213 9195 9181 9177 9174 9174 9200 9189 9180 9195 9204 9208 9204 9197 9182 9174 9183 9172 9164 9157 9152 9149 9144 9134 9128 9128 9125 9124 9130 9142 9155 9118 9104 9097 9093 9086 9081 9071 9075 9085 9098 9122 9122 9112 9100 9071
9238 9241 9245 9255 9246 9241 9238 9231 9228 9226 9225 9221 9232 9258 9238 9234 9234 9228 9216 9206 9200 9198 9192 9180 9158 9132 9125 9121 9123 9127 9135 9147 9163 9185 9205 9216 9253 9224 9206 9186 9174 9164 9158 9156 9185 9166 9171 9184 9195 9199 9197 9192 9186 9190 9183 9174 9168 9170 9172 9169 9162 9158 9146 9135 9127 9120 9117 9110 9084 9093 9095 9098 9103 9100 9090 9078 9077 9090 9105 9135 9134 9116 9088 9036
9226 9239 9248 9249 9250 9245 9246 9246 9244 9244 9249 9255 9259 9265 9258 9248 9242 9240 9238 9214 9199 9202 9201 9199 9196 9163 9126 9123 9127 9131 9139 9148 9160 9160 9147 9146 9192 9193 9173 9172 9166 9161 9149 9141 9157 9153 9156 9175 9186 9190 9190 9190 9193 9188 9173 9175 9173 9180 9186 9182 9174 9168 9154 9142 9129 9113 9093 9066 9063 9078 9087 9094 9102 9108 9100 9094 9086 9100 9116 9129 9133 9122 9095 9042
9222 9237 9251 9262 9266 9262 9263 9262 9258 9256 9259 9256 9258 9258 9255 9250 9245 9240 9231 9221 9210 9209 9209 9210 9213 9171 9125 9130 9132 9134 9137 9140 9147 9143 9126 9133 9158 9164 9160 9160 9175 9167 9148 9132 9138 9141 9142 9166 9179 9182 9182 9182 9182 9182 9187 9182 9181 9186 9187 9178 9182 9181 9165 9148 9131 9112 9091 9074 9063 9074 9082 9088 9092 9099 9101 9102 9100 9112 9128 9145 9158 9140 9116 9067
9224 9239 9256 9274 9286 9289 9295 9277 9267 9259 9252 9250 9253 9255 9257 9251 9248 9243 9237 9228 9216 9215 9212 9209 9199 9184 9165 9150 9137 9132 9130 9128 9119 9118 9120 9124 9148 9144 9131 9151 9154 9151 9153 9150 9133 9135 9139 9164 9172 9172 9171 9171 9170 9177 9188 9193 9186 9181 9189 9197 9200 9198 9185 9157 9138 9118 9097 9079 9075 9076 9079 9081 9081 9084 9095 9102 9113 9122 9135 9153 9159 9156 9143 9111
