real_craters/C146-750m.grd
DSAA
126 126
-46.83 46.83
-46.83 46.83
7993.2611048982 9781.0804386872
[rows 38 to 75 of 126, columns 0 to 83 of 126]
9135 9143 9153 9166 9179 9193 9206 9217 9226 9219 9208 9207 9208 9209 9211 9217 9224 9226 9226 9226 9227 9229 9223 9218 9218 9213 9212 9212 9209 9208 9208 9206 9200 9193 9199 9256 9268 9247 9256 9262 9267 9275 9274 9256 9254 9276 9309 9323 9319 9322 9308 9288 9244 9246 9261 9286 9277 9242 9280 9288 9288 9288 9306 9276 9277 9297 9331 9307 9281 9268 9262 9259 9257 9256 9255 9255 9253 9248 9254 9253 9238 9221 9208 9195
9127 9140 9151 9161 9172 9188 9201 9211 9215 9213 9209 9207 9205 9204 9205 9208 9214 9218 9221 9224 9225 9223 9218 9212 9211 9212 9211 9209 9211 9211 9209 9210 9203 9198 9201 9215 9223 9243 9246 9252 9263 9270 9276 9274 9253 9279 9320 9338 9321 9290 9280 9295 9293 9288 9286 9294 9339 9292 9294 9317 9322 9298 9258 9268 9268 9274 9292 9291 9298 9299 9294 9285 9280 9277 9275 9275 9278 9268 9261 9254 9246 9230 9215 9208
9131 9141 9151 9162 9174 9186 9198 9207 9207 9208 9209 9206 9202 9200 9199 9201 9206 9211 9216 9220 9224 9222 9216 9212 9212 9212 9211 9209 9209 9208 9207 9207 9204 9202 9202 9201 9206 9223 9236 9247 9256 9264 9270 9287 9281 9276 9335 9361 9341 9359 9390 9403 9327 9305 9337 9381 9383 9362 9346 9389 9407 9378 9327 9298 9277 9280 9302 9331 9325 9319 9325 9316 9329 9312 9298 9290 9296 9321 9294 9269 9260 9244 9223 9217
9139 9145 9154 9164 9176 9183 9193 9205 9207 9205 9202 9199 9197 9197 9197 9199 9201 9206 9212 9217 9219 9221 9220 9214 9212 9216 9213 9210 9205 9204 9206 9205 9203 9204 9205 9201 9206 9211 9234 9252 9265 9268 9266 9280 9294 9320 9348 9410 9394 9487 9599 9556 9417 9311 9393 9408 9407 9431 9432 9513 9536 9534 9494 9419 9341 9341 9291 9331 9353 9348 9347 9328 9318 9298 9293 9292 9294 9281 9292 9293 9281 9267 9248 9230
9143 9149 9154 9161 9169 9176 9184 9194 9209 9201 9194 9190 9192 9193 9195 9197 9199 9204 9209 9215 9217 9220 9224 9217 9221 9240 9257 9228 9215 9209 9213 9206 9201 9200 9200 9200 9205 9211 9245 9266 9272 9274 9272 9285 9286 9312 9325 9340 9410 9503 9500 9632 9542 9486 9503 9537 9536 9573 9656 9633 9657 9712 9697 9637 9616 9507 9372 9340 9351 9307 9281 9279 9283 9290 9289 9293 9293 9281 9298 9321 9306 9297 9284 9260
9147 9152 9155 9158 9161 9167 9172 9178 9185 9190 9190 9190 9191 9190 9192 9195 9198 9202 9210 9215 9215 9219 9227 9226 9233 9250 9252 9236 9240 9254 9227 9216 9209 9200 9200 9205 9209 9257 9294 9295 9289 9282 9283 9290 9318 9335 9313 9390 9654 9570 9516 9386 9420 9419 9573 9590 9604 9598 9595 9606 9644 9746 9748 9734 9781 9604 9590 9528 9340 9285 9277 9273 9284 9292 9300 9304 9311 9306 9309 9304 9318 9328 9323 9278
9151 9154 9153 9153 9154 9156 9160 9165 9173 9181 9188 9196 9192 9187 9188 9197 9201 9201 9216 9227 9217 9216 9218 9225 9234 9242 9240 9218 9225 9223 9225 9222 9219 9211 9216 9229 9248 9336 9347 9319 9301 9291 9293 9312 9323 9303 9306 9424 9653 9591 9453 9520 9516 9529 9543 9565 9546 9521 9502 9484 9472 9516 9502 9489 9498 9352 9228 9176 9193 9195 9197 9212 9242 9273 9299 9316 9331 9341 9328 9318 9337 9354 9360 9293
9154 9152 9149 9145 9142 9143 9148 9153 9160 9172 9181 9190 9194 9190 9187 9210 9222 9220 9229 9218 9209 9215 9226 9238 9227 9226 9219 9205 9209 9212 9218 9223 9229 9241 9240 9257 9298 9336 9337 9319 9303 9291 9279 9283 9306 9282 9305 9424 9588 9603 9571 9717 9698 9552 9461 9431 9420 9372 9345 9243 9130 9026 9078 9093 9013 8990 8933 8966 9050 9082 9122 9161 9210 9260 9307 9331 9334 9339 9354 9358 9361 9368 9356 9294
9149 9147 9143 9138 9132 9132 9141 9150 9159 9166 9174 9184 9205 9233 9241 9239 9248 9285 9242 9206 9201 9207 9213 9211 9215 9212 9207 9205 9204 9212 9215 9223 9227 9228 9242 9261 9290 9306 9305 9305 9295 9282 9276 9281 9298 9311 9330 9433 9572 9611 9610 9694 9632 9508 9433 9374 9208 9111 9002 8902 8808 8682 8758 8803 8801 8862 8913 8935 8929 8966 9027 9097 9164 9238 9320 9381 9365 9376 9401 9381 9364 9365 9360 9297
9134 9138 9138 9134 9130 9132 9137 9155 9159 9162 9168 9177 9209 9257 9273 9253 9240 9220 9204 9194 9199 9204 9206 9205 9208 9206 9199 9198 9202 9199 9212 9227 9223 9224 9238 9256 9266 9270 9288 9296 9287 9273 9273 9286 9308 9339 9393 9480 9543 9586 9601 9583 9517 9465 9232 8956 8911 8840 8740 8660 8617 8578 8588 8632 8707 8763 8810 8804 8758 8823 8888 8982 9080 9201 9327 9472 9613 9572 9488 9412 9365 9365 9338 9300
9129 9133 9133 9131 9127 9123 9125 9131 9148 9155 9163 9172 9201 9243 9256 9243 9221 9191 9184 9194 9195 9205 9207 9207 9213 9214 9201 9204 9221 9228 9243 9247 9243 9228 9241 9257 9267 9281 9312 9301 9288 9274 9269 9290 9320 9356 9430 9520 9577 9614 9605 9570 9548 9402 9062 8771 8698 8632 8559 8488 8426 8428 8436 8477 8530 8615 8658 8663 8663 8692 8760 8850 8955 9086 9244 9450 9683 9652 9533 9460 9419 9426 9411 9335
9126 9128 9131 9130 9129 9126 9125 9122 9138 9153 9166 9179 9205 9237 9239 9227 9209 9191 9185 9188 9192 9200 9204 9212 9228 9241 9257 9246 9256 9286 9292 9269 9256 9245 9255 9268 9284 9299 9311 9301 9293 9286 9282 9296 9321 9376 9471 9529 9556 9554 9571 9427 9235 9131 8870 8688 8590 8492 8383 8279 8227 8220 8290 8334 8366 8402 8445 8426 8491 8538 8621 8719 8819 8938 9062 9234 9423 9474 9475 9488 9501 9435 9407 9378
9124 9128 9130 9133 9133 9133 9132 9133 9141 9154 9169 9198 9228 9212 9214 9211 9202 9190 9177 9175 9183 9196 9204 9220 9245 9271 9295 9280 9276 9277 9274 9276 9278 9274 9271 9279 9293 9309 9294 9293 9299 9300 9312 9341 9357 9429 9504 9548 9568 9572 9418 9246 9211 8981 8747 8648 8526 8413 8289 8185 8135 8144 8195 8237 8252 8233 8292 8316 8304 8386 8482 8581 8660 8748 8826 8911 9012 9199 9348 9476 9586 9561 9500 9445
9122 9132 9138 9140 9141 9140 9145 9146 9149 9153 9160 9168 9164 9183 9193 9197 9196 9195 9184 9169 9181 9201 9213 9231 9257 9287 9309 9293 9281 9271 9268 9275 9279 9283 9280 9282 9286 9285 9280 9286 9302 9315 9310 9353 9390 9435 9599 9583 9508 9380 9350 9318 9120 8809 8659 8566 8452 8346 8236 8136 8094 8110 8152 8188 8219 8262 8238 8248 8211 8277 8366 8457 8544 8621 8620 8659 8732 8986 9216 9414 9581 9710 9638 9521
9138 9145 9148 9148 9151 9152 9160 9162 9156 9152 9148 9144 9162 9156 9177 9184 9188 9193 9210 9181 9191 9201 9215 9231 9254 9284 9302 9287 9277 9272 9267 9278 9287 9285 9277 9278 9279 9280 9276 9277 9282 9293 9287 9323 9375 9513 9633 9593 9499 9375 9332 9091 8925 8633 8521 8455 8381 8295 8210 8149 8153 8140 8152 8174 8190 8177 8165 8185 8163 8193 8270 8351 8425 8486 8476 8518 8650 8867 9119 9343 9512 9661 9636 9539
9178 9182 9175 9157 9151 9158 9164 9164 9158 9151 9143 9129 9091 9173 9173 9174 9175 9177 9182 9192 9205 9225 9218 9217 9234 9263 9278 9261 9264 9273 9283 9275 9263 9255 9265 9273 9277 9277 9286 9281 9252 9252 9282 9327 9443 9567 9640 9630 9522 9412 9227 8960 8751 8524 8348 8347 8303 8251 8194 8136 8120 8140 8164 8177 8163 8128 8128 8146 8119 8137 8197 8263 8326 8385 8383 8420 8560 8798 9051 9292 9521 9652 9595 9512
9183 9139 9123 9125 9138 9153 9160 9159 9155 9150 9145 9146 9167 9167 9166 9161 9158 9155 9150 9175 9187 9189 9181 9194 9203 9200 9216 9237 9252 9267 9280 9267 9252 9249 9258 9273 9284 9285 9288 9284 9241 9234 9316 9532 9506 9597 9688 9678 9524 9332 9238 8797 8618 8448 8337 8288 8256 8229 8195 8150 8102 8162 8205 8217 8189 8125 8116 8128 8119 8115 8157 8209 8266 8320 8328 8430 8581 8780 9028 9265 9451 9538 9526 9464
9133 9097 9094 9113 9133 9151 9155 9154 9149 9143 9143 9146 9154 9157 9159 9154 9147 9139 9143 9161 9168 9167 9167 9180 9190 9183 9195 9228 9243 9250 9263 9249 9229 9235 9255 9281 9306 9316 9315 9323 9276 9285 9364 9476 9528 9589 9645 9667 9498 9299 9049 8639 8474 8334 8252 8223 8235 8232 8221 8214 8219 8248 8284 8301 8292 8227 8156 8128 8102 8099 8137 8181 8228 8277 8330 8372 8551 8770 9018 9261 9456 9505 9470 9424
8961 9005 9048 9083 9115 9142 9161 9149 9140 9135 9136 9138 9146 9150 9157 9144 9130 9117 9116 9132 9145 9152 9159 9177 9198 9224 9215 9205 9206 9222 9231 9227 9223 9228 9256 9296 9339 9384 9412 9349 9333 9328 9351 9465 9526 9569 9674 9651 9408 9138 8827 8464 8421 8317 8242 8252 8245 8254 8264 8278 8319 8360 8391 8407 8404 8328 8218 8154 8105 8099 8125 8160 8198 8234 8209 8286 8494 8752 9015 9269 9469 9453 9433 9405
8824 8948 9032 9082 9101 9121 9142 9132 9131 9133 9135 9134 9137 9173 9164 9144 9124 9106 9100 9114 9146 9145 9153 9177 9201 9224 9211 9189 9180 9200 9215 9225 9230 9238 9268 9314 9363 9411 9436 9333 9327 9318 9317 9467 9532 9564 9697 9547 9292 8970 8652 8475 8431 8379 8304 8258 8257 8285 8322 8361 8424 8481 8509 8518 8486 8412 8303 8200 8109 8092 8123 8148 8172 8197 8170 8250 8470 8735 9004 9251 9457 9456 9420 9388
8811 8963 9044 9093 9105 9089 9079 9099 9116 9125 9130 9137 9156 9197 9169 9143 9120 9102 9098 9107 9126 9132 9148 9178 9203 9208 9206 9187 9172 9191 9218 9248 9245 9256 9288 9328 9373 9410 9424 9386 9319 9260 9336 9505 9566 9602 9698 9446 9190 8985 8729 8503 8373 8394 8312 8247 8273 8326 8391 8469 8552 8606 8621 8625 8620 8523 8405 8267 8138 8128 8131 8137 8146 8159 8122 8222 8452 8716 8987 9222 9331 9442 9407 9376
8957 9036 9072 9103 9110 9106 9083 9104 9125 9131 9132 9136 9158 9161 9154 9134 9114 9099 9102 9106 9109 9114 9140 9179 9223 9248 9219 9193 9176 9187 9197 9179 9231 9274 9310 9333 9365 9396 9416 9395 9284 9248 9457 9556 9600 9637 9717 9308 9102 8968 8736 8512 8400 8378 8331 8281 8307 8367 8449 8552 8667 8713 8699 8693 8672 8598 8497 8351 8220 8168 8144 8133 8125 8120 8068 8177 8425 8702 8982 9243 9514 9390 9375 9358
9213 9159 9130 9125 9133 9151 9165 9158 9148 9140 9135 9128 9120 9141 9138 9122 9106 9095 9099 9132 9145 9124 9137 9171 9208 9235 9216 9196 9185 9189 9203 9223 9235 9266 9296 9318 9342 9367 9388 9420 9386 9303 9433 9543 9574 9598 9642 9287 9037 8949 8670 8516 8451 8410 8366 8346 8355 8399 8468 8564 8632 8702 8721 8723 8693 8642 8550 8428 8303 8190 8155 8127 8104 8083 8019 8133 8405 8687 8962 9203 9361 9392 9361 9334
9310 9234 9186 9164 9153 9155 9182 9192 9169 9150 9137 9136 9140 9138 9128 9113 9099 9092 9113 9187 9138 9123 9132 9157 9183 9198 9198 9189 9177 9188 9204 9213 9234 9254 9276 9295 9314 9334 9358 9376 9410 9323 9431 9515 9541 9624 9677 9346 8976 8746 8581 8491 8472 8401 8383 8370 8391 8410 8439 8489 8552 8631 8711 8748 8756 8687 8604 8499 8380 8268 8171 8124 8094 8065 7993 8120 8382 8688 8952 9159 9273 9297 9291 9310
9281 9243 9205 9182 9171 9169 9188 9196 9178 9157 9135 9120 9116 9119 9118 9111 9104 9112 9138 9192 9137 9106 9119 9142 9169 9183 9185 9185 9191 9197 9209 9236 9240 9254 9276 9287 9291 9299 9314 9361 9401 9296 9452 9508 9544 9669 9720 9391 8956 8691 8536 8433 8428 8421 8395 8390 8413 8407 8411 8438 8553 8657 8697 8727 8732 8706 8669 8568 8400 8234 8155 8114 8092 8076 8022 8161 8410 8697 8955 9177 9278 9239 9228 9296
9244 9232 9215 9196 9188 9188 9194 9192 9178 9156 9127 9095 9091 9107 9106 9110 9120 9149 9194 9148 9110 9092 9112 9134 9150 9166 9175 9180 9184 9193 9204 9210 9226 9249 9267 9277 9277 9274 9271 9283 9394 9347 9415 9500 9577 9702 9727 9389 8995 8795 8547 8427 8394 8417 8398 8373 8377 8392 8404 8448 8575 8665 8643 8661 8670 8666 8684 8607 8384 8215 8121 8095 8089 8102 8125 8248 8452 8713 8954 9172 9275 9221 9230 9313
9226 9223 9217 9209 9203 9203 9206 9196 9183 9161 9134 9101 9087 9077 9080 9106 9147 9158 9132 9097 9098 9104 9114 9130 9148 9161 9169 9175 9180 9187 9201 9208 9216 9238 9262 9265 9264 9262 9261 9261 9283 9373 9447 9495 9582 9681 9697 9392 9048 8853 8659 8539 8471 8428 8421 8382 8360 8387 8408 8439 8467 8473 8512 8530 8544 8548 8522 8421 8301 8172 8088 8074 8079 8053 8123 8275 8484 8725 8946 9131 9229 9267 9320 9344
9223 9223 9220 9216 9216 9225 9218 9210 9190 9175 9156 9134 9113 9097 9090 9097 9091 9093 9098 9089 9087 9111 9122 9131 9138 9154 9165 9172 9179 9187 9191 9202 9220 9231 9232 9247 9270 9274 9277 9284 9302 9321 9370 9495 9584 9626 9536 9467 9119 9027 8758 8628 8512 8504 8470 8441 8420 8386 8392 8410 8412 8411 8429 8390 8413 8425 8380 8296 8215 8123 8068 8059 8071 8045 8087 8281 8507 8733 8934 9098 9201 9252 9276 9327
9244 9232 9227 9224 9226 9243 9228 9211 9201 9197 9189 9179 9156 9134 9119 9116 9098 9101 9113 9137 9128 9129 9138 9143 9144 9159 9169 9173 9181 9189 9192 9201 9214 9247 9267 9288 9295 9296 9300 9339 9394 9299 9346 9517 9651 9654 9594 9369 9145 9062 8848 8724 8533 8533 8499 8459 8413 8361 8324 8347 8401 8469 8418 8362 8375 8360 8307 8240 8171 8101 8047 8063 8079 8065 8151 8318 8540 8764 8966 9053 9191 9217 9262 9310
9255 9245 9237 9233 9235 9245 9235 9221 9218 9219 9221 9219 9199 9183 9175 9156 9152 9113 9115 9131 9174 9159 9160 9168 9183 9175 9177 9179 9185 9198 9217 9237 9263 9286 9313 9329 9329 9324 9316 9325 9310 9286 9344 9538 9682 9686 9610 9375 9216 9161 9005 8818 8601 8547 8515 8469 8398 8348 8276 8307 8372 8422 8436 8460 8410 8348 8277 8202 8157 8133 8120 8098 8103 8089 8182 8370 8584 8814 9053 9321 9268 9240 9277 9311
9269 9254 9246 9240 9236 9237 9240 9243 9240 9235 9239 9240 9224 9214 9203 9181 9149 9128 9131 9139 9154 9168 9176 9183 9187 9185 9185 9188 9193 9198 9247 9269 9303 9309 9334 9354 9359 9356 9353 9317 9266 9229 9314 9499 9638 9682 9669 9400 9235 9232 9137 8955 8733 8620 8545 8485 8443 8392 8343 8332 8364 8411 8494 8555 8448 8361 8283 8202 8158 8145 8141 8121 8145 8139 8239 8440 8649 8865 9031 9145 9253 9247 9297 9319
9272 9258 9249 9247 9247 9247 9247 9245 9241 9243 9231 9226 9231 9232 9245 9203 9176 9188 9172 9171 9184 9188 9191 9196 9198 9195 9194 9197 9204 9224 9255 9266 9274 9306 9340 9363 9371 9375 9373 9329 9267 9243 9303 9402 9523 9626 9657 9486 9268 9241 9148 9035 8804 8656 8548 8497 8473 8417 8377 8342 8351 8391 8448 8468 8430 8363 8296 8229 8166 8099 8051 8129 8196 8265 8383 8556 8749 8917 9063 9182 9247 9256 9272 9299
9274 9258 9248 9244 9251 9246 9254 9264 9272 9258 9249 9238 9233 9232 9216 9208 9202 9210 9207 9206 9209 9208 9200 9200 9201 9198 9198 9202 9209 9220 9247 9265 9270 9301 9334 9354 9370 9373 9358 9317 9292 9298 9299 9342 9443 9559 9611 9507 9304 9309 9156 9060 8904 8687 8542 8500 8435 8360 8318 8318 8321 8337 8380 8415 8400 8361 8307 8252 8187 8110 8087 8216 8319 8430 8548 8701 8863 9001 9119 9220 9282 9305 9361 9417
9270 9253 9250 9238 9214 9244 9262 9276 9282 9255 9236 9233 9231 9230 9227 9219 9213 9213 9219 9218 9217 9210 9200 9190 9195 9200 9205 9209 9217 9231 9252 9272 9293 9318 9339 9358 9358 9364 9364 9325 9289 9294 9281 9270 9374 9509 9619 9637 9530 9301 9194 9072 8998 8823 8675 8553 8454 8358 8305 8313 8311 8296 8304 8362 8387 8376 8336 8266 8210 8213 8214 8369 8475 8556 8693 8826 8972 9111 9211 9295 9309 9358 9418 9446
9279 9270 9271 9265 9276 9270 9271 9267 9249 9238 9221 9223 9228 9230 9229 9225 9224 9225 9221 9220 9210 9201 9202 9203 9200 9203 9205 9211 9218 9226 9247 9275 9317 9342 9339 9336 9335 9340 9354 9312 9299 9314 9287 9274 9350 9463 9594 9716 9579 9520 9313 9144 9130 8947 8722 8641 8523 8391 8364 8376 8360 8315 8296 8374 8415 8417 8397 8362 8352 8393 8499 8579 8644 8771 8837 8962 9113 9258 9346 9404 9389 9397 9394 9370
9291 9309 9300 9298 9300 9296 9288 9275 9256 9243 9233 9230 9234 9236 9239 9238 9237 9236 9233 9219 9211 9207 9210 9202 9207 9205 9205 9205 9209 9211 9218 9268 9313 9334 9332 9317 9301 9289 9279 9336 9327 9335 9298 9274 9323 9402 9484 9548 9635 9659 9461 9250 9240 9087 8973 8795 8676 8567 8529 8517 8489 8439 8391 8477 8498 8501 8492 8493 8516 8536 8633 8733 8737 8831 8929 9071 9244 9424 9587 9547 9461 9427 9404 9386
9297 9323 9318 9321 9330 9316 9308 9300 9288 9272 9254 9246 9246 9248 9249 9253 9250 9247 9239 9233 9227 9230 9226 9223 9216 9210 9204 9201 9202 9211 9216 9259 9311 9349 9322 9289 9270 9266 9258 9240 9283 9319 9298 9263 9292 9341 9391 9426 9517 9704 9674 9419 9335 9226 9071 8975 8881 8785 8770 8726 8686 8646 8662 8671 8623 8591 8572 8570 8597 8572 8609 8723 8757 8817 8993 9148 9315 9492 9668 9600 9488 9439 9410 9406
9296 9305 9313 9315 9317 9325 9324 9325 9330 9306 9273 9265 9261 9260 9261 9263 9268 9253 9240 9235 9237 9248 9245 9240 9226 9213 9202 9191 9185 9189 9212 9249 9287 9308 9306 9293 9279 9250 9253 9270 9255 9305 9284 9244 9260 9297 9330 9368 9413 9540 9611 9633 9515 9428 9334 9234 9117 9037 8997 8936 8886 8860 8822 8743 8732 8684 8646 8611 8569 8589 8599 8695 8890 8977 9116 9231 9336 9425 9461 9522 9467 9429 9393 9351
