real_craters/C146-1000m.grd
DSAA
55 55
-26.76 26.76
-26.76 26.76
4587.9853992445 6596.461967624
[rows 0 to 36 of 55, columns 0 to 54 of 55]
5837.79 5845.96 5856.52 5871 5881.57 5894.14 5916.4 5937.38 5961.39 5981.85 5978.23 5961.28 5959.67 5958.21 5956.46 5952.87 5938.36 5904.26 5882.16 5861.43 5856.17 5857.78 5870.23 5881.66 5887.99 5907.31 5923.13 5921.48 5926.38 5918.63 5917.53 5926.37 5940.23 5941.26 5948.64 5936.48 5948.96 5913.07 5908.4 5889.84 5902.8 5897.41 5895.61 5900.81 5868.7 5853.3 5870.1 5880.31 5894.49 5926.23 5943.67 5957.94 5963.53 5962.37 5966.36
5851.29 5854.16 5865.22 5873.44 5882.99 5890.74 5912.09 5930.6 5942.34 5946 5940.49 5986.31 5963.67 5966.09 5969.29 5970.46 5965.37 5932.28 5908.29 5887.98 5878.96 5894.75 5893.92 5901.26 5911.16 5914.97 5930.08 5933.57 5918.77 5920.04 5923.71 5929.63 5930.73 5924.66 5917.07 5882.45 5909.94 5896.27 5890.38 5897.36 5909.14 5913.2 5916.8 5921.66 5949.55 5938.16 5924.68 5906.21 5932.8 5949.97 5971.47 5975.73 5975.9 5976.16 5977.82
5857.73 5860.76 5870.56 5877.95 5886.59 5898.48 5915.4 5932.29 5932.12 5926.6 5929.89 5982.35 5965.71 5974.11 5980.46 5986.06 5990.52 5959.15 5939.82 5923.84 5922.3 5916.25 5914.63 5918.63 5929.66 5946.73 5952.57 5956.64 5942.14 5937.08 5936.04 5939.5 5935.77 5925.1 5921.54 5906.99 5886.89 5889.95 5896.85 5903.15 5916.97 5930.91 5961.14 6010.9 6136.9 6109.38 5994.32 5958.34 5966.33 5969.8 5977.12 5979.48 5985.05 5996.5 6007.74
5857.63 5862.57 5868.28 5883.91 5892.72 5899.29 5916.28 5932.81 5925.87 5917.21 5918.14 5988.94 5984.83 5984.78 5989.13 5991.58 5991.6 5994.97 5978.41 5957.04 5958.37 5941.28 5932.39 5925.84 5929.96 5960.28 5980.35 5971.48 5948.8 5933.99 5941.18 5948.62 5946.99 5923.9 5905.53 5883.7 5894.64 5906.5 5909.97 5916.79 5921.4 5935.75 5987.43 6098.85 6123.63 6085.66 6011.26 5970.88 5974.52 5974.23 5969.39 5976.76 5993.28 6010.4 6033.04
5859.39 5858.9 5879.7 5889.71 5896.68 5903.76 5912.81 5920.72 5920.39 5917.64 5922.52 5966.25 5987.67 5986.97 5993.74 6000.46 6015.66 6005.13 5999.37 5984.31 5989.66 6009.06 5967.1 5942.86 5935.97 5998.38 5998.87 5986.52 5954.1 5938.05 5944.43 5951.51 5950.64 5930.41 5914.43 5902.63 5897.54 5892.08 5902.86 5906.31 5921.77 5928.46 5928.51 5986.15 5972.82 5978.65 5977.44 5962.32 5975.06 5972.19 5976.9 5986.68 6002.24 6021.65 6033.26
5856.4 5845.92 5878.45 5896.68 5904.52 5908.37 5910.33 5909.14 5917.4 5920.48 5924.39 5937.45 5958.74 5978.65 5990.95 6004.57 6018.82 6014.19 6008.68 6002.18 6021 6034.53 6001.38 5976.89 5957.18 5976.13 6011 5995.56 5975.97 5957.34 5945.58 5946.38 5949.92 5955.36 5944.94 5916.77 5904.3 5902.6 5899.8 5909.76 5933.36 5909.74 5901.93 5910.79 5919.14 5932.81 5949.86 5950.95 5958.03 5980.14 5987.47 6001.81 6007.68 6015.57 6031.16
5872.17 5863.37 5890.97 5902.4 5909.74 5914.64 5915.27 5920.59 5923.27 5929.26 5935.6 5944.4 5957.82 5971.75 5988.83 6005.29 6022.59 6040.54 6036.29 6038 6038.71 6055.66 6036.07 6001.24 5974.99 5986.44 6009.12 5977.98 5988.46 5956.05 5939.53 5923.99 5928.43 5935.77 5929.66 5913.35 5911.81 5893.19 5897.47 5912.45 5901.08 5881.08 5892.29 5897.88 5904.09 5916.6 5936.89 5953.5 5948.3 5969.57 5980.52 5994.27 6006.46 6025.19 6032.75
5867.99 5870.1 5880.14 5890.73 5896.81 5905.23 5910.6 5916.5 5925.26 5933.14 5942.07 5944.4 5958.75 5969.12 5981.48 5994.84 6007.57 6021 6047.49 6048.4 6056.92 6068.74 6062.21 6026.78 5999.44 5993.13 6004.87 6007.09 5992 5973.52 5944.86 5910.5 5910.19 5943.04 5932.94 5909.12 5903.99 5902.69 5889.87 5876.12 5880.44 5889.56 5892.88 5893.16 5894.02 5904.92 5914.57 5913.31 5921.72 5939.31 5959.25 5983.43 5988.54 6000.23 6015.91
5858.49 5867.09 5876.95 5884.58 5889.04 5897.79 5908.44 5918.63 5928.01 5938.81 5948.49 5957.25 5957.49 5972.68 5982.91 5991.41 5998 6010.97 6039.75 6048.01 6072.67 6071.16 6066.22 6056.32 6038.32 6006.45 5993.19 6021.22 6019.9 6018.19 5965.47 5900.79 5889.63 5896.58 5921.81 5918.05 5923.36 5906.52 5889.15 5872.38 5880.18 5890.36 5888.03 5891.35 5894.87 5898.27 5902.98 5904.14 5909.15 5919.4 5930.18 5943.71 5956.42 5973.67 5993.01
5855.32 5863.85 5871.33 5877.68 5882.92 5894.39 5903.28 5914.82 5925.67 5937.13 5949.98 5957.65 5972.91 5975.56 5982.14 5989 5994.91 5998.83 6027.5 6052.45 6066.53 6060.07 6071.89 6077.96 6053.62 6033.01 6025.08 6023.91 6021.53 6039.65 5982.43 5919.4 5886.91 5889.31 5917.32 5918.1 5927.48 5902.68 5888.49 5874.37 5875.19 5884.06 5888.39 5887.49 5889.75 5895.97 5900.42 5902.16 5904.71 5907.39 5916.99 5926.08 5930.95 5940.52 5966.7
5857.5 5864.43 5866.29 5872.68 5884.7 5894.72 5898.5 5914.84 5921.92 5930.46 5941.04 5952.34 5967.52 5974.15 5987.68 6001.22 6012.76 6017.22 6036.14 6036.24 6072.24 6067.41 6096.8 6094.25 6073.65 6071.13 6062.96 6042.35 6056.96 6047.11 5995.03 5929.21 5890.33 5883.2 5897.25 5897.35 5881.23 5891.18 5893.4 5881.14 5874.68 5886.74 5887.02 5884.81 5890.53 5896.1 5901.46 5909.12 5917.49 5923.26 5926.31 5934.54 5931.9 5934.69 5953.51
5861.68 5864.22 5863.25 5865.5 5884.21 5887.96 5895.14 5905.3 5914.96 5923.22 5926.93 5932.26 5941.24 5964.42 5988.56 6010.73 6034.94 6059.27 6037.63 6046.66 6060.32 6088.44 6116.97 6115.08 6120.43 6119.27 6125.81 6143.57 6116.62 6090.35 6025.64 5956.69 5928.99 5924.13 5954.51 5926.23 5886.62 5907.85 5915.19 5896.21 5880.42 5885.34 5884.4 5882.35 5891.57 5900.05 5903.7 5925.9 5939.97 5950.68 5944.46 5945.53 5945 5945.37 5953.54
5859.95 5862.49 5860.79 5862.46 5878.57 5882.39 5885.2 5897.94 5911.21 5921.48 5928.01 5937.45 5940.3 5965.87 5994.56 6019.92 6047.37 6073.99 6099 6086.34 6080.67 6122.47 6137.1 6136.59 6161.03 6189.75 6206.32 6247.78 6265.45 6186.37 6106.89 6062.36 6051.27 6023.4 5994.74 5960.43 5939.56 5925.36 5936.95 5912.27 5899.32 5891.34 5888.72 5896.68 5900.2 5913.97 5938.36 5962.88 5996.58 6002.5 5984.79 5982.02 5972.22 5967.37 5969.49
5855.68 5858.28 5859.67 5859.6 5870.87 5881.41 5889.36 5901.14 5912.58 5925.01 5944.38 5953.02 5969.53 5980.41 6001.2 6023.88 6047.98 6062.5 6074.47 6094.46 6149.82 6196.48 6225.81 6249.81 6352.93 6437.02 6376.35 6375.45 6401.97 6334.81 6244.1 6152.29 6106.74 6079.98 6061.09 6008.33 5998.06 5948.87 5937.13 5926.69 5913.19 5920.62 5912.05 5913.08 5925.22 5942.01 5956.96 5989.79 6017.66 6027.61 6027.69 6015.26 6002.32 5995.84 5997.38
5851.88 5853.3 5863.48 5873.75 5875.52 5885.77 5894.1 5904.88 5915.24 5923.47 5930.87 5945.62 5962.65 5986.87 6004.03 6024.58 6049.39 6073.23 6100.51 6084.88 6181.74 6249.6 6354.48 6471.46 6536.48 6596.46 6458.42 6481.04 6444.25 6431.89 6466 6285.97 6110.45 6120.67 6128.48 6056.75 5990.24 5947.77 5949.11 5941.14 5939.04 5940.54 5931.54 5934.37 5958.91 5984.51 5991.89 6004.13 6024.38 6045.01 6053.72 6041.26 6035.32 6032.24 6028.93
5860.46 5863.9 5872.8 5878.44 5878.88 5889.88 5901.63 5911.04 5920.8 5928.01 5936.22 5943.88 5960.14 5983.67 6005.37 6029.7 6057.14 6096.61 6109.7 6095.24 6228.86 6343.34 6511.13 6481.72 6326.6 6191.31 6121.7 6195.88 6221.78 6219.29 6252.88 6258.7 6248.14 6191.06 6222.82 6192.61 6011.03 5952.99 5957.08 5945.19 5950.28 5956.06 5933.29 5941.63 5960.67 5974.39 5988.3 6001.13 6017.36 6029.1 6045.62 6056.35 6069.68 6054.29 6056.85
5879.73 5886.82 5889.32 5881.56 5891.12 5896.05 5906.03 5919.6 5932.55 5940.38 5946.21 5951.6 5960.93 5978.09 6004.07 6032.82 6059.84 6089.48 6132.45 6141.11 6318 6458.48 6478.68 6267.93 5986.19 5875.94 5879.06 5883.53 5877.2 5896.6 5941.67 6027.6 6090.47 6143.8 6253.65 6303.54 6116.8 6025.61 5950.22 5937.55 5954.28 5951.36 5939.18 5940.86 5953.21 5962.27 5966.53 5989.98 6009.17 6024.98 6042.47 6059.73 6073.46 6076.09 6074.51
5893.82 5898.42 5899.08 5906.68 5898.3 5900.55 5913.32 5931.41 5947.91 5961.33 5966.89 5966.4 5969.31 5978.39 6012.01 6040.6 6064.66 6109.86 6172.36 6226.41 6330.17 6376.44 6107.1 5866.25 5748.8 5717.33 5721.9 5697.29 5651.31 5653.85 5708.89 5783.02 5854.29 5984.07 6143.26 6270.71 6194.74 6163.93 6008.41 5936.73 5944.98 5956.74 5958.13 5960.61 5959.07 5952.35 5967.2 5989.76 6008.53 6024.26 6052.96 6063.33 6079.15 6080.19 6079.51
5888.2 5817.01 5839.71 5923.83 5915.96 5916.25 5927.61 5946.57 5968.24 5990.9 5998.92 5986.31 5977.98 5987.19 6038.59 6076.3 6108.13 6177.68 6225.74 5955.33 5858.15 5835.62 5705.29 5616.67 5573.56 5550.37 5515.5 5532.93 5466.45 5450.97 5508.77 5578.32 5627.64 5738.92 5861.86 5918.9 6091.36 6240.13 6111.5 5967.88 5959.49 5972.3 5972.64 5979.26 5984.9 5987.4 5988.74 6000.61 6014.81 6033.39 6041.47 6058.99 6072.79 6074.48 6075.28
5887.47 5714.32 5803.35 5942.19 5923.85 5930.54 5944.26 5960.22 5977.53 5995.15 6009.67 6006.75 6002.47 6047.72 6107.3 6187.51 6221.85 6123.17 5885.88 5655.02 5594.03 5517.22 5496.03 5442.79 5392.89 5364.94 5356.63 5380.98 5308.13 5265.62 5259.3 5317.86 5376.41 5481.77 5583.71 5791.28 5955.09 6301.08 6228.8 6022.52 5993.21 6003.28 6024.84 6017.53 6019.21 6023.17 6015.53 6020.2 6024.54 6022.82 6047.64 6060.94 6054.41 6059.77 6070.21
5920.9 5912.98 5929.14 5935.68 5923.8 5940.18 5954.21 5964.44 5979.49 5996.1 6012.08 6029.09 6050.81 6078.72 6152.38 6253.86 6340.79 5995.42 5709.18 5622.58 5518.96 5417.83 5318.45 5176.9 5114.45 5080.31 5023.51 5049.88 5067.75 5070.78 5139.34 5141.78 5173.48 5243.85 5352.93 5492.87 5723.25 6063.68 6203.19 6157.82 6041.95 6035.46 6047.57 6045.27 6047.47 6050.79 6039.9 6046.96 6056.63 6068.54 6097.73 6079.64 6058.44 6063.52 6070.69
5917.27 5928.63 5931.24 5935.53 5936.2 5934.96 5953.31 5962.58 5978.25 6001.81 6024.54 6051 6081.6 6112.36 6158.7 6171.37 6154.19 5851.4 5699.88 5641.83 5503.08 5421.25 5261.02 4926.44 4848.16 4828.98 4800.39 4764.79 4783.5 4796.45 4846.22 4836.17 4922.66 5018.47 5096.65 5227.35 5424.42 5762.68 6088.26 6260.1 6099.6 6084.76 6077.11 6070.9 6072.79 6069.93 6066.28 6076.67 6092.81 6119.41 6130.52 6092.5 6091.35 6095.01 6071.85
5911.16 5921.5 5925.83 5928.3 5929.7 5933.67 5944.43 5961.1 5969.89 5983.44 6025.51 6068.6 6116.04 6182.61 6155.38 6043.12 5830.97 5757.59 5679.21 5546.64 5440.04 5363.18 5113.29 4841.63 4805.34 4752.64 4776.09 4742.93 4726.45 4722.27 4675.3 4651.69 4744.15 4834.28 4918.65 4968.96 5156.9 5439.22 5754.45 6095.03 6157.19 6124.22 6094.05 6095.97 6090.89 6092.19 6102.79 6101.23 6110.38 6119.13 6113.12 6110.22 6100.44 6083.21 6062.5
5907.07 5907.5 5901.04 5911.21 5913.96 5917.57 5933.93 5953.71 5962.03 5985.53 6031.11 6083.96 6137 6156.27 6178.25 6037.27 5890.31 5751.14 5662.45 5468.5 5326.41 5155.37 4945.84 4814.59 4807.13 4741.28 4762.06 4819 4754.83 4689.29 4655.65 4604.87 4657.46 4714.96 4750.29 4849.97 4971.24 5238 5546.53 6049.94 6144.63 6134.28 6099.06 6101.41 6097.57 6101.9 6108.58 6111.11 6115.78 6123.24 6123.88 6118.25 6097.46 6061 6045.08
5901.7 5909.29 5895.63 5903.85 5907.42 5910.73 5932.34 5954.09 5973.67 5992.52 6045.27 6106.71 6174.03 6273.97 6325.06 6091.62 5972.18 5860.74 5652.68 5430.35 5232.28 5007.48 4908.94 4823.7 4806.76 4859.57 4956.44 4970.79 4902.49 4786.59 4679.18 4587.99 4630.88 4695.27 4748.69 4804.56 4928.89 5222.21 5631.44 6192.64 6282.32 6164.3 6090.55 6084.01 6105.36 6110.03 6100.92 6109.53 6112.59 6112.09 6104.19 6081.24 6059.3 6038.69 6033.61
5892.24 5911.27 5911.97 5910.53 5910.2 5919.71 5937.07 5954.95 5973.34 6003.24 6067.82 6147.21 6231.29 6308.71 6401.1 6065.51 5668.91 5568.13 5480.33 5349.73 5144.94 4984.97 4936.51 4838.14 4840.3 5049.68 5183.2 5178.62 5081.17 4927.23 4705.47 4616.96 4639.75 4673.56 4727.93 4789.45 4913.96 5240.28 5706.05 6207.13 6291.52 6190.41 6084.4 6083.72 6108.1 6116.73 6113.11 6108.12 6105.8 6101.75 6089.33 6060.1 6050.49 6041.99 6036.91
5909.72 5925.46 5924.05 5918.99 5914.98 5935.77 5944.13 5953.5 5950.98 6001.59 6093.76 6195.92 6301.21 6388.58 6470.26 6075.19 5654.54 5462.37 5314.95 5240.28 5151.97 4989.63 4909.17 4855.43 4924.76 5135.77 5419.64 5423.55 5279.73 5050.63 4773.76 4640.32 4651.55 4668.67 4702.89 4771.9 4894 5219.01 5673.29 6132.05 6255.82 6159.13 6055.94 6056.25 6108.3 6113.84 6105.19 6099.89 6095.62 6093.25 6094.09 6044.37 6022.56 6025.77 6029.75
5920.63 5939.61 5942.16 5934.23 5945.62 5952.53 5955.52 5959.66 5941.12 6003.68 6118.34 6252.31 6380.58 6500.08 6439.68 6016.19 5637.15 5446.88 5280.37 5205.84 5153.55 5049.6 4902.61 4873.89 4975.41 5163.84 5484.02 5513.48 5367.13 5061.97 4797.35 4655.58 4670.99 4705.39 4738.45 4789.6 4897.04 5202.97 5627.41 6077.01 6186.22 6122.46 6033.02 6030 6070.76 6087.07 6087.05 6083.9 6080.13 6076.22 6065.49 6042.74 6031.25 6027.04 6036.53
5932.46 5946.3 5942.66 5932.91 5948.39 5955.26 5963.05 5958.61 5947.18 6021.67 6154.47 6304.41 6449.88 6532.91 6323.05 5909.54 5588.96 5458.39 5394.24 5228.8 5174.32 5122.08 4939.59 4876.67 4969.32 5129.44 5385.94 5381.31 5259.36 4990.76 4753.53 4698.32 4721.72 4779.87 4798.38 4846.28 4958.67 5251.12 5704.97 6115.09 6129.98 6096.05 6046.21 6024.11 6058.13 6057.63 6062.19 6063.35 6064.51 6058.71 6049.1 6016.61 6023.73 6042 6057.29
5972.1 5961.43 5955.78 5936.59 5881.93 5951.18 5964.59 5960.34 5951.83 6034.78 6167.02 6300.81 6442.37 6478.78 6238.76 5873.82 5576.69 5426.1 5325.21 5252.51 5198.15 5089.11 4933.52 4883.75 4872.71 4922.55 5046.65 5091.46 5003.72 4807.06 4717.16 4723.6 4763.43 4835.28 4865.27 4929.12 5054.87 5324.76 5780.6 6212 6086.32 6088.29 6083.56 6034.66 6007.23 6026.23 6042.32 6052.9 6049.21 6044.85 6038.03 6038.09 6052.57 6064.02 6072.4
5987.21 5983.87 5972.9 5965.45 5951.96 5953.19 5961.48 5968.37 5960.65 6043.15 6158.2 6290.87 6401 6473.45 6416.23 5991.25 5630.44 5470.54 5354.78 5289.08 5280.19 5167.09 4959.37 4901.95 4845 4813.43 4811.61 4874.13 4836.67 4755.84 4725.7 4758.91 4802.92 4905.55 4931.9 5035.42 5183.03 5435.94 5893.71 6260.46 6129.87 6154.48 6099.12 6030.48 5998.44 6007.83 6023.25 6028.6 6034.22 6033.22 6041.51 6056.21 6073.28 6079.98 6114.27
5991.59 5984.96 5987.14 5989.72 5982.37 5969.45 5977.4 5989.38 5999.93 6049.96 6134.12 6221.16 6314.09 6387.88 6415.89 6230.58 5883.78 5693.9 5515.52 5352.98 5194.57 5100.08 4997.79 4919.66 4865.3 4814.06 4793.92 4811.6 4792.23 4748.94 4723.41 4867.74 5009.48 4958.6 5019.16 5174.47 5368.84 5618.74 6046.36 6269.92 6140 6114.47 6114.84 6055.54 5989.45 5997.15 6010.44 6030.72 6018.83 6013.12 6010.21 6018.59 6030.63 6051.27 6070.18
5981.56 5996.45 5999.74 5990.25 6005.89 6002.43 6002.37 6008.44 6024.43 6050.42 6089.32 6136.89 6189.65 6243.64 6305.24 6472.44 6259.77 6016.32 5771.76 5516.54 5278.21 5164.93 5098.05 4981.02 4910.69 4846.5 4824.87 4833.41 4834.06 4816.96 4822.87 5013.3 5134.5 5049.23 5157.92 5339.46 5570.69 5851.27 6129.16 6193.08 6088.47 6076.78 6089.12 6056.23 5999.37 5990.43 5999.45 6001.45 6003.88 6001.45 6001.01 6007.6 6011.63 6028.48 6056.23
5965.68 5993.42 6013.16 6013.74 6006.72 6001.6 5998.96 6017.22 6035.43 6048.89 6071.52 6096.21 6113.76 6139.26 6191.31 6341.31 6393.49 6335.54 6039.23 5708.28 5432.8 5259.04 5158.03 5051.99 4971.69 4911.25 4882.99 4896.2 4922.27 4985 5113.28 5191.36 5224.99 5184.49 5299.85 5503.34 5730.62 5941.86 6105.91 6123.23 6100.24 6087.25 6091.93 6060.28 5992.28 5990.76 5995.4 5999.15 6001.3 6000.75 6001.17 6007.97 6011.52 6023.01 6045.72
5964.54 5988.3 6027.16 6040.24 6040.92 6025.53 6025.52 6035.73 6052.27 6067.3 6087.54 6100.94 6101.79 6112.06 6104.43 6139.45 6260.92 6411.34 6154.55 5835.46 5531.08 5345.87 5221.91 5132.13 5043.25 4992.8 5012.35 5033.13 5039.89 5201.73 5351.71 5276.15 5278.63 5305.48 5458.42 5675.96 5895.87 6101.99 6163.53 6136.9 6097.8 6074.24 6069.84 6026.98 6000.7 5999.76 6006.64 6011.75 6015.34 6010.9 6005.68 6002.92 6007.16 6025.65 6049.49
5984.86 6013.28 6033.95 6048.94 6053.1 6046.45 6052.27 6053.9 6062.08 6076.32 6091.5 6107.41 6102.7 6113.3 6122.21 6139.73 6191.43 6211.25 6153.33 5966.39 5694.79 5517 5359.92 5276.72 5235.8 5222.65 5251.16 5266.33 5310.49 5362.22 5376.31 5359.33 5391 5510 5672.35 5852.85 6026.11 6191.36 6188.78 6118.84 6077.74 6081.53 6054.2 6016.15 6021.99 6017.57 6023.35 6031.29 6033.7 6033.49 6028.79 6025.24 6038.96 6057.83 6074.83
5990.17 6021.23 6034.13 6053.51 6057.07 6051.4 6044.77 6067.74 6075.63 6078.68 6085.11 6094.65 6103.66 6116.77 6132.25 6171.47 6189.47 6188.73 6173.34 6135.94 6031.36 5781.2 5672.68 5561.23 5467.34 5486.73 5505.23 5513.56 5519.81 5497.51 5541.17 5579.86 5648.57 5845.33 5955.89 6042.02 6112.06 6157.05 6132.88 6092.35 6066.34 6097.01 6048.57 6016.25 6009.92 6026.21 6032.21 6041.09 6046 6039.9 6042.47 6051.41 6071.28 6083.78 6112.88
