real_craters/C146-500m.grd
DSAA
188 188
-46.83 46.83
-46.83 46.83
7996.3508115526 9818.3997539114
[rows 150 to 179 of 188, columns 67 to 133 of 188]
9200.56 9215.8 9239.1 9259.55 9261.8 9244.81 9235.47 9231.22 9230.31 9228.96 9219.63 9228.64 9243 9253.03 9253.07 9250.05 9251.05 9205.1 9173.55 9151.79 9138.6 9132.34 9130.18 9131.76 9133.65 9138.53 9146.22 9155.89 9166.71 9179.24 9193.28 9196.02 9192.02 9181.29 9171.71 9157.84 9144.23 9136.51 9138.59 9143.7 9146.52 9145.28 9140.54 9133.31 9123.94 9117.81 9115.41 9115.31 9114.51 9113.72 9112.86 9111.83 9112.65 9110.23 9104.4 9099.23 9100.2 9101.69 9102.32 9101.8 9100.07 9097.27 9096.42 9097.84 9102.21 9104.42 9105.13
9218.03 9230.74 9250.72 9259.36 9256.64 9243.59 9240.11 9238.87 9238.71 9235.91 9230.92 9244.09 9256.76 9254.89 9245.74 9224.36 9193.46 9181.47 9163.63 9146.48 9134.63 9126.47 9122.11 9115.95 9117.11 9128.05 9137.16 9146.21 9154.98 9163.2 9168.28 9165.2 9173.62 9178.11 9166.73 9151.41 9137.22 9131.68 9138.02 9145.85 9150.21 9150.71 9144.97 9134.97 9123.2 9118.82 9118.2 9117.29 9116.35 9115.24 9114.31 9113.46 9114.43 9113.98 9114.62 9114.43 9111.3 9110.69 9111.2 9111.98 9112.29 9111.8 9110.43 9102.97 9107.07 9114.34 9116.51
9226.72 9238.74 9264.35 9282.2 9252.69 9246.88 9245.38 9243.46 9242.67 9239.85 9235.87 9235.37 9228.78 9214.27 9208.31 9195.35 9174.88 9165.02 9153.41 9139.65 9131.81 9124.93 9117.72 9114.13 9115.72 9121.55 9129.1 9137.1 9143.74 9148.67 9150.89 9152.32 9157.5 9163.42 9157.44 9145.96 9133.84 9131.1 9139.1 9150.03 9160.51 9158.31 9150.28 9142.41 9129.06 9124.42 9122.37 9120.5 9117.85 9115.97 9114.7 9114.17 9115.86 9120.18 9123.24 9122.48 9119.92 9118.99 9119.91 9122.16 9124.39 9127.97 9132.75 9136.42 9125.7 9123.07 9121.35
9232.45 9241.92 9258.96 9277.82 9267.1 9257.48 9247.83 9244.92 9245.18 9245.06 9229.72 9208.91 9192.84 9182.76 9182.57 9179.79 9171.52 9159.74 9147.93 9135.23 9122.69 9118.72 9115.84 9112.63 9113.56 9116.89 9122.79 9128.84 9133.37 9136.34 9137.44 9137.46 9142.45 9148.27 9147.75 9143.07 9137.18 9134.56 9139.77 9148.87 9162.82 9157.01 9150.62 9149.26 9147.08 9135.01 9129.72 9124.39 9120.66 9116.91 9115.29 9114.56 9115.46 9120.6 9131.89 9130.78 9126.11 9125.95 9129.77 9131.51 9138.4 9142.87 9149.37 9144.23 9138.72 9134.88 9130.27
9228.64 9235.61 9243.62 9262.47 9264.02 9248.23 9243.22 9240.79 9239.2 9239.81 9210.9 9186.62 9185.73 9185.88 9178.59 9172.3 9165.1 9156.61 9146.05 9135.78 9128.65 9122.26 9117.54 9112.28 9107.83 9112.46 9118.86 9123.44 9125.67 9126.71 9126.95 9128.68 9133.11 9138.7 9142.09 9141.68 9139.58 9137 9136.56 9138.51 9139.88 9139.96 9141.51 9145.54 9151.56 9142.85 9135.04 9128.22 9122.91 9118.55 9113.49 9110.95 9109.69 9109.11 9118.85 9122.17 9126.43 9132.14 9138.77 9146.89 9153.24 9158.67 9163.24 9165.99 9146.84 9135.52 9135.83
9231.48 9227.2 9234.38 9259.93 9254.09 9237.72 9235.18 9232.05 9226.29 9211.05 9195.9 9184.66 9186.93 9184.47 9174.85 9167.34 9162.95 9155.55 9145.02 9138.99 9136.25 9129.3 9123.25 9115.73 9105.28 9115.97 9120.12 9120.43 9119.6 9118.41 9117.46 9117.54 9121.3 9131.93 9138.81 9140.99 9139.82 9134.01 9129.85 9125.6 9119.44 9118.1 9127.26 9136.11 9146.26 9141.66 9136.07 9128.49 9122.46 9116.81 9111.96 9107.11 9101.78 9092.12 9083.99 9103.84 9122.27 9135.42 9146.8 9157.81 9166.52 9171.52 9174.48 9161.89 9156.05 9151.21 9150.5
9230.98 9216.76 9211.81 9236.67 9241.99 9233.71 9229.95 9224.83 9217.05 9208.72 9196.26 9182.35 9172.58 9170.68 9166.71 9160.59 9152.66 9144.43 9141.4 9138.61 9132.65 9132.4 9132.25 9134.84 9142.44 9134.47 9126.57 9121.37 9117.45 9114.03 9110.88 9109.92 9115.86 9130.01 9144.49 9140.21 9134.23 9128.85 9123.01 9116.68 9110.23 9110.17 9115.58 9121.22 9128.41 9137.58 9132.76 9126.53 9120.72 9115.08 9109.85 9104.41 9097.51 9084.36 9083.96 9097.18 9117.21 9134.15 9152.84 9171.03 9182.19 9187.38 9189.17 9185.27 9177.65 9171.12 9171.75
9235.34 9204.13 9200.11 9234.44 9240.08 9233.92 9226.63 9219.32 9210.68 9200.61 9187.15 9173.36 9163.51 9160.98 9158.59 9153.95 9146.96 9139.93 9139.11 9137.11 9132.95 9133.72 9137.79 9146.05 9157.24 9140.89 9129.25 9121.71 9116.04 9110.99 9106.32 9103.17 9106.19 9121.87 9136.26 9134.74 9128.34 9123.45 9117.15 9110.51 9106.55 9105.25 9104.8 9110.18 9117.03 9126.74 9124.48 9119.65 9115.28 9111.5 9107.24 9102.72 9097.47 9087.2 9087.64 9100.88 9121.75 9141.61 9161.83 9185.16 9205.62 9215.28 9214.48 9207.1 9210.99 9208.26 9196.01
9218.23 9191.1 9192.77 9228.53 9233.36 9228.81 9223.76 9215.47 9204.35 9191.37 9178.14 9166.24 9160.9 9155.86 9153.34 9151.07 9147.66 9144.71 9140.88 9135.32 9129.94 9134.55 9138.47 9141.24 9137.8 9130.84 9125.82 9120.49 9115.14 9109.86 9104 9097.92 9095.12 9110.9 9123.9 9128.35 9126.36 9119.16 9111.58 9104.1 9095.81 9087.41 9091.79 9095.25 9098.48 9106.6 9110.92 9109.98 9108.55 9106.99 9105.4 9103.78 9096.3 9096.66 9099.98 9111.48 9126.99 9146.31 9162.61 9187.48 9217.41 9246.88 9251.04 9254.29 9273.62 9263.12 9213.1
9197.62 9187.65 9193.21 9230.46 9231.1 9227.07 9222.82 9214.42 9202.22 9186.05 9168.59 9163.51 9157.04 9150.46 9151.71 9151.78 9151.36 9150.72 9147.05 9141.55 9138.31 9138.48 9138.13 9136.12 9130.93 9122.1 9122.43 9119.37 9114.66 9109.75 9105.34 9100.02 9098.94 9110.38 9123.69 9125.26 9121.04 9115.41 9108.51 9100.24 9091.93 9085.96 9085.13 9086.85 9086.57 9090.49 9095.88 9099 9101.15 9102.34 9104.13 9105.72 9099.58 9109.08 9109.5 9120.42 9124.27 9140.29 9161.97 9199.78 9237.25 9275.38 9303.56 9304.5 9312.89 9252.44 9169.29
9192.66 9186.55 9207.18 9237.52 9236.37 9232.29 9225.48 9215.45 9204.14 9191.89 9178.69 9167.44 9160.57 9155.08 9154.81 9155.4 9155.16 9154.71 9152.84 9152.92 9149.68 9144.02 9138.48 9133.62 9128.92 9126.92 9124.19 9120.05 9115.99 9112.21 9109.08 9107.51 9109.58 9118.52 9127.42 9126.56 9120.2 9113.9 9106.74 9098.62 9091.52 9084.88 9083.05 9081.08 9082.1 9083.39 9084.77 9089 9093.74 9097.71 9101.44 9105.73 9103.28 9123.07 9123.65 9122.39 9122.55 9133.46 9156.08 9186.96 9231.7 9282.36 9332.36 9266.93 9160.38 9086.42 9055.13
9192.62 9183.83 9207.64 9240.32 9254 9240.73 9226.34 9216.03 9206.98 9199.27 9192.84 9174.14 9164.49 9161.65 9161.16 9160.66 9158.7 9155.18 9154.09 9155.65 9150.78 9143.7 9138.53 9132.57 9127.61 9130.34 9124.97 9121.84 9118.82 9116.42 9115.08 9116.5 9120.94 9128.02 9133.29 9128.2 9122.16 9114.82 9107.2 9098.99 9092.06 9087.67 9084.53 9083.13 9080.54 9076.21 9076.28 9082.44 9088.26 9094.3 9099.73 9094.22 9101.33 9119.83 9119.92 9119.55 9121.79 9121.34 9135.25 9150.74 9174.18 9206.6 9239.93 9106.56 8932.48 8885.29 8897.29
9188.62 9180.96 9193.4 9216.91 9222.97 9224.18 9218.91 9212.48 9206.39 9200.75 9194.58 9178.41 9169.46 9169.99 9170.21 9167.15 9162.81 9158.31 9153.96 9149.28 9148.12 9145.36 9141.01 9134.92 9126.91 9122 9124.87 9124.35 9122.61 9121.1 9120.67 9122.38 9125.93 9134.49 9148 9147.42 9126.7 9114.26 9106.12 9099.26 9092.58 9084.15 9080.58 9081.3 9079.69 9079.34 9075.32 9078.75 9085.08 9092.13 9099.22 9104.55 9114.66 9101.86 9110 9110.56 9106.65 9096.46 9092.9 9088.34 9081.24 9059.01 8998.82 8878.25 8724.39 8695.16 8737.63
9192.93 9180.33 9181.32 9193.43 9200.71 9206.14 9208.6 9206.65 9203.07 9198.26 9192.11 9178.85 9169.28 9183.47 9180.75 9173.16 9167.1 9162.6 9158.35 9151.67 9151.21 9149.38 9146.91 9142.44 9135.07 9127.77 9128.18 9127.87 9125.91 9124.01 9123.57 9126.01 9132 9140.76 9150.17 9148.55 9121.53 9109.93 9103.14 9098.23 9094.85 9090.46 9086.29 9082.7 9079.12 9071.91 9071.95 9076.62 9083.92 9092.15 9100.06 9107.18 9126.61 9117.08 9112.58 9107.58 9097.79 9075.65 9055.68 9028.09 8986.68 8924.23 8828.58 8698.37 8553.58 8541.03 8612.94
9184.89 9174.31 9177.16 9184.61 9193.23 9198.42 9200.96 9200.88 9198.77 9195.03 9188.7 9181.15 9179 9189.87 9184.62 9175.98 9169.94 9165.98 9164.35 9164.24 9162 9156.62 9157.45 9154.03 9150.41 9145.55 9137.06 9133.2 9129.39 9125.89 9123.5 9123.28 9128.02 9133.76 9117.42 9098.13 9101.6 9100.47 9098.8 9098.49 9099.46 9100.3 9097.12 9090 9083.33 9077 9072.45 9077.63 9086 9095.56 9104.74 9128.46 9136.03 9130.34 9117.22 9102.7 9083.24 9051.4 9017.17 8969 8904.95 8822.31 8719.92 8593.89 8479.89 8470.1 8530.29
9163.56 9163.88 9169.12 9178.04 9186.94 9192.86 9195.54 9195.88 9195.45 9193.1 9190.21 9187.12 9190.94 9184.72 9177.94 9175.08 9171.69 9168.41 9170.18 9179.8 9178.76 9180.32 9171.78 9165.78 9163.14 9162.61 9147.35 9138.38 9130.95 9124.47 9118.28 9112.25 9105.45 9090.04 9081.22 9077.14 9085.33 9090.19 9093.66 9097.35 9101.52 9105.75 9107.4 9098.56 9090.57 9081.76 9074.58 9081.39 9091.5 9101.99 9111.91 9120.48 9139.6 9128.2 9120.3 9103.97 9079.91 9044.16 8992.82 8930.48 8844.9 8747.62 8640.62 8546.41 8477.85 8449.27 8484.22
9154.88 9151.92 9158.31 9170.28 9184.19 9187.13 9189.07 9190.34 9190.49 9189.99 9191.03 9192.19 9189.34 9180.15 9173.58 9175.27 9174.08 9172.69 9176.45 9187.03 9185.81 9183.63 9177.03 9173.01 9169.47 9162.48 9151.4 9143.46 9135.42 9126.95 9116.06 9104.29 9088.44 9068.49 9062.59 9067.26 9076.43 9083.55 9088.66 9093.14 9098.27 9103.89 9106.86 9103.95 9097.86 9093.57 9087.92 9087.47 9097.64 9108.65 9119.1 9127.72 9140.13 9131.02 9123.83 9109 9085.01 9051.3 8991.98 8919.63 8821.11 8717.68 8606.3 8503.88 8445.12 8434.7 8458.26
9145.5 9140.88 9142.66 9161.28 9173.84 9181.74 9184.26 9185.3 9185.25 9185.76 9186.88 9186.44 9188.25 9184.33 9181.85 9179.89 9178.51 9177.91 9180.35 9188.93 9185.43 9177.21 9176.87 9178.36 9175.98 9167.76 9156.05 9147.46 9137.58 9126.9 9115.11 9101.48 9086.24 9070.52 9060.98 9062.78 9072.97 9080.51 9085.7 9088.61 9092.62 9097.18 9100.47 9103 9101.47 9101.05 9094.06 9094.7 9105.91 9116.75 9127.6 9137.84 9151.42 9143.37 9133.81 9121.16 9097.15 9062.26 9005.14 8931.56 8834.12 8717.62 8597.24 8482.56 8421.77 8416.93 8441.34
9140.12 9139.91 9146.3 9162.67 9175.71 9178.08 9179.09 9179.26 9179.06 9179.37 9180.15 9183.45 9180.89 9181.64 9186.11 9185.43 9183.93 9182.64 9185.5 9188.63 9186.94 9182.46 9183.6 9187.11 9187.03 9184.48 9170.01 9154.03 9141.3 9129.02 9115.94 9102.39 9089.21 9080.25 9069.58 9068.74 9074.68 9078.21 9082.06 9085.16 9087.35 9089.96 9095.49 9098.88 9100.5 9102.38 9104.07 9108.92 9114.71 9123.72 9134.05 9145.33 9160.4 9156.98 9148.18 9136.29 9115.8 9084.81 9040.77 8971.22 8879.32 8748.26 8619.69 8500.11 8427.6 8407.21 8438.1
9135.06 9134.84 9143.12 9159.29 9170.23 9172.48 9172.28 9171.8 9171.24 9171 9171.21 9171.58 9175.94 9181.2 9188.93 9193.11 9190.48 9184 9179.94 9186.22 9190.24 9194.55 9198.75 9198.82 9198.08 9195.75 9178.79 9160.26 9147.12 9134.79 9121.19 9106.86 9093.4 9081.34 9075.42 9074.97 9076.13 9077.28 9079.56 9081.26 9081.68 9081.44 9084.05 9091.49 9097.02 9100.93 9107 9114.4 9120.11 9128.25 9138.12 9149.09 9155.72 9159.07 9157.13 9149.16 9137.71 9113.21 9085.05 9036.52 8966.16 8852.22 8687.48 8538.73 8452.9 8431.07 8460.04
9134.26 9136.05 9138.68 9151.98 9161.81 9163.6 9163.33 9162.59 9162.42 9162.91 9164.13 9168.47 9173.88 9184.23 9198.93 9207.52 9200.42 9186.61 9174.97 9181.67 9192.01 9203.03 9209.68 9208.04 9205.47 9198.32 9178.88 9167.16 9155.8 9143.38 9129.33 9114.29 9099.32 9085.22 9079.35 9077.06 9074.18 9078.23 9080.18 9080.19 9078.84 9077.74 9080.73 9088.45 9094.22 9098.73 9104.12 9111.99 9121.4 9129 9137.47 9143.51 9158.7 9161.42 9164.81 9161.79 9159.18 9149.27 9140.75 9125.26 9084.07 8984.01 8781.11 8568 8491.72 8473.69 8499.55
9139.75 9143.54 9141.53 9146.83 9152.79 9152.54 9152.3 9152.49 9153.41 9154.35 9157.46 9168.06 9177.72 9189.16 9225.91 9230.94 9214.71 9194.83 9179.81 9181.01 9193.15 9204.04 9209.62 9212.98 9212.17 9208.32 9194.98 9181.5 9168.59 9154.84 9139.53 9124.35 9109.38 9095.39 9093.72 9088.93 9083 9086.51 9085.46 9082.05 9078.32 9077.23 9082.14 9088.58 9092.31 9097.41 9104.4 9117.15 9121.43 9126.49 9133.2 9136.55 9142.38 9154.91 9163.41 9169.43 9177.87 9185.54 9195.42 9206.2 9210.34 9137.37 8914.03 8684.34 8589.73 8537.71 8557.66
9138.19 9143.51 9142.96 9141.48 9139.91 9140.57 9141.78 9143.75 9145.68 9147.6 9150.8 9161.21 9176.85 9186.37 9239.46 9249.48 9227.03 9204.21 9189.6 9189.49 9199.17 9207.38 9216.28 9212.95 9216.08 9222.01 9221.92 9202.04 9183.5 9166.11 9150.66 9136.2 9122.85 9111.39 9106.75 9110.16 9110.39 9102.93 9094.82 9087.26 9079.36 9072.96 9076.81 9084.05 9089.07 9093.99 9101.11 9113.97 9115.5 9118.67 9125.12 9131.58 9140.46 9150.84 9164.83 9178.42 9192.04 9207.59 9227.03 9249.6 9282.76 9264.64 9067.34 8878.95 8759.95 8662.8 8659.75
9123.66 9136.17 9141.44 9133.07 9126.16 9129.44 9134.32 9138.25 9141.45 9145.19 9150.38 9165.36 9186.74 9205.59 9240.91 9249.27 9232.09 9212.06 9201.03 9208.58 9209.75 9206.29 9204.1 9202.53 9212.04 9227.39 9240.5 9219.45 9196.02 9177.57 9161.78 9148.86 9138.36 9131.32 9130.31 9130.79 9131.36 9117.54 9105.95 9095.25 9084.65 9075.24 9076.93 9081.71 9085.39 9088.26 9090.58 9096.72 9100.5 9105.8 9111.88 9119.42 9133.48 9144.12 9161.17 9178.52 9196.1 9213.96 9232.15 9246.48 9244.06 9230.68 9201.53 9113.29 8974.08 8876.66 8855.42
9122.87 9135.35 9140.85 9122.89 9116.84 9123.24 9129.86 9136.92 9142.02 9146.6 9151.69 9169.53 9190.41 9201.22 9212.19 9226.01 9235.11 9228.79 9225.72 9228 9226.34 9204.43 9180.52 9183.59 9199.65 9216.88 9230.69 9218.96 9200.07 9185.01 9171.92 9160.72 9151.75 9146.46 9147.38 9144.36 9135.45 9125.76 9115.77 9106.1 9095.39 9084.82 9083.75 9084.16 9084.24 9082.74 9082.72 9080.19 9085.01 9091.75 9095.13 9093.55 9102.94 9129.1 9150.46 9170.01 9191.84 9209.14 9223.22 9230.38 9227.45 9228.46 9250.29 9233.74 9142.87 9116.45 9129.39
9134.11 9139.49 9135.44 9118.2 9115.09 9122.78 9131.53 9138.27 9144.43 9149.43 9156.85 9175.26 9199.29 9184.42 9198.14 9231.22 9243.91 9255.56 9265.45 9279.44 9245.52 9206.58 9175.26 9173.24 9187.12 9198.14 9199.66 9199.59 9195.49 9186.69 9177.99 9170.21 9162.84 9156.18 9158.66 9155.38 9143.76 9132.87 9126.04 9119.24 9110.07 9099.51 9093.98 9092.99 9082.84 9076.86 9074.03 9073.43 9076.95 9083.13 9084.81 9079.91 9091.02 9116.59 9140.48 9160.97 9180.18 9196.12 9210.99 9215.03 9214.22 9210.88 9198.73 9199.41 9207.48 9241.85 9295.68
9145.09 9138.22 9125.54 9108.9 9118.13 9126.04 9134.1 9142.36 9149.25 9154.49 9158.11 9169.38 9179.97 9169.8 9189.25 9231.17 9244.26 9252.05 9259.34 9259.68 9235.49 9206.29 9181.72 9176.1 9181.65 9185.47 9188.26 9193.68 9192.13 9187.32 9181.83 9178.57 9174.85 9168.85 9171.75 9167.27 9149.4 9139.87 9138.68 9135.91 9130.18 9118.75 9102.84 9085.38 9076.17 9070.89 9066.5 9065.15 9074.08 9082.94 9087.01 9082.8 9093.41 9113.17 9131.74 9148.3 9167.25 9181.43 9193.34 9201.85 9199.51 9192.57 9179.34 9185.06 9204 9214.85 9179.67
9163.29 9147.36 9123.04 9120.42 9125.56 9132.88 9140.75 9149.18 9158.13 9164.59 9163.18 9161.3 9150.08 9153.55 9177.32 9210.01 9227.92 9246.81 9241.3 9223.09 9210.61 9201.72 9195.77 9191.21 9180.52 9177.52 9178.58 9187.59 9189.07 9185.52 9184.17 9184.25 9187.37 9193.89 9195.31 9188.55 9169.01 9156.58 9155.97 9153.79 9151.51 9139.19 9112.57 9089.95 9074.85 9068.2 9065.19 9067.59 9079.46 9088.68 9096.31 9108.76 9108.88 9113.13 9122.05 9132.96 9145.18 9158.37 9174.65 9188.2 9193.85 9183.08 9173.91 9176.95 9182 9182.69 9170.29
9176.08 9165.51 9142.84 9133.45 9139.07 9142.23 9146.98 9155.83 9167.03 9180.37 9188.69 9169.25 9147.07 9151.45 9167.6 9184.61 9197.04 9207.28 9213.28 9207.37 9199.93 9194.96 9190.1 9181.7 9173.03 9167.52 9167.14 9179.72 9180.92 9179.96 9181.59 9185.86 9192.88 9206.15 9216.72 9216.63 9199.49 9187.14 9174.53 9167.44 9162.34 9146.91 9118.23 9091.59 9074.89 9068.54 9067.17 9071.53 9082.58 9095.39 9104.17 9110.16 9112.18 9113.36 9118.31 9125.58 9133.54 9143.68 9155.22 9171.18 9187.67 9160.76 9149.28 9152.17 9157.68 9162.53 9165.76
9186.09 9180.5 9168.24 9153.78 9148 9148.01 9154.57 9162.15 9172.22 9184.91 9191.33 9180.82 9172.82 9170.75 9170.24 9161.24 9171.3 9185.88 9198.41 9199.35 9195.03 9190.03 9181.85 9166.23 9163.5 9159.41 9155.86 9155.8 9164 9172.07 9178.64 9184.55 9190.12 9200.9 9214.6 9220.16 9209.58 9196.06 9185.1 9173.96 9160.77 9143.93 9120.53 9096.65 9079.09 9070.32 9069.49 9076.28 9094.07 9100.67 9106.31 9107.28 9107.2 9105.72 9107.65 9111.47 9117.02 9122.82 9128.8 9131.07 9129.3 9120.52 9101.59 9122.37 9134.18 9139.05 9137.22
