real_craters/C146-500m.grd
DSAA
188 188
-46.83 46.83
-46.83 46.83
7996.3508115526 9818.3997539114
[rows 90 to 119 of 188, columns 0 to 66 of 188]
9248.35 9193.45 9163.22 9140.88 9134.17 9129.43 9133.6 9146.36 9155.74 9169.24 9170.89 9160.45 9151.92 9144.85 9139.25 9134.81 9130.76 9124.22 9123.94 9136.96 9141.53 9135.23 9124.83 9113.36 9103.3 9095.22 9092.96 9101.74 9135.51 9153.94 9144.78 9126.11 9124.53 9138.15 9159.28 9183 9203.62 9211.7 9222.99 9211.99 9199.57 9188.2 9183.54 9185.91 9193.99 9204.99 9216.21 9223.58 9237.47 9256.84 9276.71 9293.84 9308.35 9323.35 9339.62 9354.8 9370.29 9384.57 9401.85 9437.3 9388.11 9329.38 9340.83 9402.59 9513.8 9552.6 9568.19
9312.75 9252.36 9210.2 9183.21 9165.84 9154.45 9150.23 9150.48 9157.12 9180.45 9193.96 9180.57 9165.93 9153.27 9143.5 9136.92 9135.01 9140.47 9139.39 9137.61 9137.55 9128.81 9118.7 9108.54 9098.99 9092.67 9092.74 9114.08 9167.15 9174.91 9137.94 9125.82 9123.55 9134.52 9151.35 9170.41 9186.47 9195.32 9201.35 9199.12 9192.5 9185.52 9177.37 9183.45 9194.84 9204.84 9213.65 9225.21 9235.99 9250.41 9262.59 9278.28 9293.75 9308.76 9321.5 9335.97 9350.28 9363.42 9376.93 9397.46 9402.58 9336.24 9347.06 9451.49 9503.21 9529.22 9544.8
9295.97 9260.22 9225.34 9198.96 9180.71 9168.35 9161.81 9158.29 9168.99 9187.48 9200.55 9189.55 9173.39 9159.98 9147.15 9137.38 9130.84 9129.73 9129.71 9129.33 9128.56 9122.4 9114.8 9107.23 9100 9095.79 9098.77 9121.31 9178.39 9186.74 9137.36 9119.42 9116.88 9127.05 9142.11 9160.8 9178.53 9188.93 9191.55 9190.7 9187.72 9184.79 9184.77 9191.28 9198.66 9207.76 9214.41 9221.81 9237.25 9249.12 9257.43 9264.48 9285.63 9296.09 9301.54 9308.95 9322.08 9343.53 9366.81 9418.65 9385.08 9285.95 9352.8 9459.96 9504.74 9524.34 9550.88
9272.82 9248.04 9224.64 9208.16 9192.19 9181.86 9174.21 9170.95 9173.1 9188.43 9195.55 9190.04 9178.47 9162.72 9148.17 9133.43 9121.93 9124.2 9113.66 9115.39 9114.62 9116.05 9112.69 9108.91 9105.23 9110.02 9132.9 9154.1 9179.03 9176.11 9130.42 9104.81 9106.23 9118.33 9134.09 9150.24 9166.44 9178.88 9181.88 9183.15 9184.07 9185.03 9190.47 9194.3 9200.38 9210.23 9226.16 9239.72 9240.5 9249.36 9264.54 9291.52 9285.78 9286.56 9288.73 9295.04 9302.06 9306.25 9321.5 9424.44 9365.67 9285.84 9342.93 9459.46 9497.12 9524.1 9552.35
9246.29 9237.55 9224.2 9210.8 9197.91 9190.16 9185.8 9182.53 9186.32 9192.18 9194.55 9187.56 9177.5 9163.4 9146.12 9127.66 9107.47 9086.79 9095.77 9103.84 9117.12 9109.1 9108.65 9112.59 9115.56 9118.73 9180.15 9193.26 9165.81 9134.57 9111.5 9092.49 9099.8 9114.18 9128.99 9143.25 9150.62 9162.46 9171.89 9176.89 9179.98 9181.91 9184.09 9188.98 9198.05 9205.32 9208.53 9218.46 9230.96 9245.62 9261.9 9276.24 9277.72 9277.45 9279.15 9279.49 9275.87 9276.52 9287.21 9366.59 9387.02 9323.75 9368.12 9425.83 9486.47 9530.69 9582.08
9235.56 9230.52 9224.01 9217.02 9209.15 9202.2 9195.73 9193.17 9199.41 9199.22 9192.67 9186.95 9178.38 9164.24 9147.3 9127.1 9102.48 9078.14 9083.92 9086.71 9081.89 9090.65 9102.81 9118.19 9139.28 9157.32 9174.36 9167.37 9139.89 9126.62 9104.11 9093.45 9101.07 9112.17 9125.43 9140.58 9162.17 9164.9 9167.08 9171.4 9175.17 9178.35 9183.77 9192.67 9196.08 9204.2 9211.46 9207.84 9221.18 9237.77 9251.47 9259.81 9268.65 9269.42 9270.24 9268.72 9264.5 9258.78 9252.18 9280.86 9314.47 9359.52 9402.38 9428.22 9480.84 9529.49 9581.82
9223.49 9222.67 9221.19 9218 9213.55 9209.12 9204.96 9202.38 9208.25 9208.13 9202.84 9195.29 9183.67 9169.82 9154.45 9135.7 9115.4 9099.09 9089.89 9082.61 9071.89 9081.63 9097.42 9115.92 9146.16 9166.32 9130.24 9120.01 9099.1 9075.89 9096.06 9109.26 9108.39 9115.5 9125.93 9134.73 9139.18 9155.03 9162.4 9168.4 9172.78 9174.9 9178.41 9179.35 9191.13 9200.66 9207.64 9206.98 9217.77 9231.92 9244.72 9262.4 9264.17 9264.23 9266.09 9265.5 9262.66 9262.91 9263.73 9275.04 9290.99 9343.25 9429.28 9442.87 9476.67 9525.9 9584.89
9222.16 9222 9221.26 9218.93 9215.96 9213.45 9214.03 9217.83 9220.38 9216.62 9211.94 9202.81 9188.29 9177.93 9165.67 9150.84 9134.7 9119.29 9107.55 9096.56 9090.01 9088.88 9094.84 9101.03 9101.92 9104.35 9097.34 9099.01 9090.12 9067.51 9084.9 9105.38 9114.4 9121.67 9127.86 9133.34 9138.28 9148.79 9159 9164.78 9170.97 9175.22 9179.25 9186.43 9188.95 9192.66 9200.11 9213.53 9220.2 9228.11 9235.66 9235.69 9242.98 9259.74 9267.21 9273.49 9272.52 9274.57 9275.09 9289.38 9294.27 9325.18 9339.25 9394.39 9468.98 9534.52 9578.4
9232.92 9227.92 9225.33 9223.02 9221.12 9219.91 9221 9227.16 9231.64 9223.14 9208.82 9194.86 9193.82 9188.12 9180.65 9171.26 9157.67 9144.68 9132.61 9118.79 9103.1 9097.5 9102.18 9096.91 9076.29 9076.35 9097.13 9105.78 9118.95 9121.7 9106.89 9110.81 9121.44 9127.76 9134.11 9139.04 9146.86 9151.23 9159.23 9166.91 9171.36 9176.23 9182.29 9189 9189.94 9191.68 9196.6 9205.09 9216.1 9230.8 9239.92 9237.09 9246.43 9271.05 9280.39 9284.46 9285.56 9290.59 9307.57 9343.81 9394.35 9323.19 9289.06 9365.41 9471.29 9566.09 9629.16
9246.01 9236.17 9230.98 9228.56 9226.22 9225.14 9228.51 9243.75 9241.95 9229.67 9217.66 9210.37 9204.16 9201.95 9198.95 9196.04 9193.19 9179.78 9163.19 9149.25 9137.31 9132.01 9126.28 9119.35 9109.38 9102.82 9110.19 9115.99 9132.77 9145.17 9137.69 9132.79 9137.29 9142.89 9146.31 9146.24 9146.43 9157.95 9165.45 9170.36 9174.42 9177.34 9182.86 9186.96 9191.3 9192.8 9200.4 9206.23 9221.18 9246.25 9263.68 9282.8 9300.54 9299.57 9299.39 9300.95 9301.9 9304.04 9323.12 9412.6 9374.71 9310.59 9286.3 9364.32 9479.03 9592.59 9660.16
9250.5 9244.51 9240.48 9235.46 9232.19 9231.32 9235.35 9249.09 9243.28 9233.85 9223.97 9213.08 9214.78 9215.5 9216.26 9217.38 9217.3 9206.91 9192.81 9180.64 9173.91 9168.64 9155 9147.77 9148.12 9122.82 9108.76 9115.6 9126.34 9152.7 9171.78 9158.26 9154.6 9157.03 9161.46 9168.77 9172.78 9171.69 9173.86 9175.62 9178.29 9180.32 9184.83 9191.75 9200.93 9211.51 9223.53 9237.73 9255.01 9273.49 9291.04 9312.21 9327.5 9325.03 9322.15 9320.17 9316.37 9312.53 9318.87 9346.81 9328.66 9293.66 9293.65 9365.12 9492.46 9616.85 9681.92
9270.6 9258.65 9248.1 9242.44 9238.26 9235.64 9233.86 9232.84 9238.89 9237.74 9234.02 9230.35 9229.93 9228.49 9229.81 9232.82 9232.67 9224.78 9213.94 9204.21 9196.41 9185.74 9175.46 9163.27 9152.57 9127.87 9114.93 9118.96 9122.11 9145.29 9163.27 9164.75 9165.19 9168.5 9173.63 9177.21 9181.21 9182.44 9182.29 9180.97 9184.05 9186.43 9188.55 9192.26 9207.22 9236.92 9253.33 9273.64 9296.85 9298.7 9310.51 9325.8 9335.94 9344.69 9345.55 9343.19 9339.11 9327.68 9314.75 9306.91 9272.5 9248.98 9243.3 9347.76 9481.56 9612.21 9677.63
9268.16 9256.79 9251.75 9246.85 9243.26 9239.89 9236.46 9234.86 9239.46 9241.23 9242.66 9250.21 9241.78 9237.09 9236.71 9239.67 9247.57 9234.21 9225.68 9220.99 9216.02 9207.72 9194.36 9173.07 9149.33 9143.95 9138.2 9137.99 9141.26 9152.07 9154.4 9165.08 9174.19 9179.83 9183.85 9190.15 9189.78 9187.61 9186.91 9187.96 9189.53 9191.29 9194.89 9201.35 9219.69 9252.01 9265.14 9279.76 9293.45 9303.52 9320.1 9339.75 9356.45 9363.39 9361.55 9362.26 9362.73 9363.24 9338.51 9289.59 9264.85 9236.5 9236.06 9329.56 9443.95 9558.47 9627.54
9270.38 9260.28 9253.97 9248.74 9245.86 9245.4 9242.5 9244.42 9244.72 9245.78 9245.45 9240.38 9240.54 9242.29 9239.32 9232.17 9225.14 9230.61 9230.28 9230.11 9232.37 9239.42 9214.46 9186.28 9172.75 9182.25 9174.98 9165.17 9159.44 9172.76 9176.54 9180.19 9186.03 9189.37 9192.96 9194.67 9195.65 9194.22 9193.05 9193.12 9195.56 9197.02 9203.15 9215.47 9236.69 9249.68 9263.42 9270.62 9272.73 9297.93 9320.85 9343.8 9368.06 9369.16 9370.36 9373.66 9375.14 9375.94 9349.73 9286.39 9268.19 9250.16 9252.41 9317.21 9394.05 9458.36 9553.67
9275.6 9268.07 9255.54 9248.72 9246.66 9250.41 9261.31 9252.1 9248.48 9250.36 9252.56 9249.19 9250.47 9252.18 9246.34 9235.2 9224.32 9230.37 9232.08 9232.74 9232.92 9226.4 9211.58 9196.88 9191.08 9202.73 9198.78 9193.81 9193.09 9192.64 9201.09 9201.79 9198.09 9197.04 9198.36 9204.12 9200.92 9197.82 9196.29 9196 9197.85 9201.85 9207.75 9215.33 9223.38 9249.13 9262.11 9270.17 9286.36 9296.69 9317.37 9337.04 9343.9 9358.97 9370.99 9375.1 9372.78 9360.93 9335.36 9297.49 9282.12 9282.05 9282.22 9309.17 9355.49 9410.55 9492.78
9271.99 9258.16 9251.68 9246.95 9243.4 9241.47 9241.43 9240.76 9248.5 9256.29 9264.24 9275.77 9280.31 9265.33 9254.47 9253.17 9248.14 9236.27 9233.85 9232.36 9228.87 9220.13 9214.06 9206.39 9204.88 9211.62 9210.57 9209.4 9210.12 9207.94 9212.78 9212.74 9204.94 9200.1 9197.75 9199.59 9199.78 9198.39 9198.09 9198.85 9201.22 9205.99 9211.32 9218.9 9232 9253.65 9262.82 9268.54 9266.16 9289.72 9317.33 9337.86 9355.04 9367.41 9370.64 9372.71 9369.54 9353.46 9328.19 9302.91 9295.85 9296.71 9297.1 9296.57 9316.04 9364.91 9443.24
9269.85 9252.82 9250.94 9248.56 9242.14 9229.32 9213.14 9232.92 9249.51 9260.85 9270.91 9283.33 9285.7 9265.36 9249.72 9239.81 9236.53 9233.55 9231.71 9230.77 9229.11 9227.21 9221.63 9214.47 9210.73 9209.58 9215.3 9217.3 9216.75 9217.23 9217.5 9213.81 9206.23 9200.06 9193.42 9191.88 9195.83 9199.18 9201.63 9204.39 9206.35 9210.97 9216.99 9226.01 9237.42 9254.06 9266.34 9276.37 9288.7 9307.79 9324.73 9340.64 9356.55 9364.62 9362.38 9365.19 9367.12 9360.63 9334.55 9300.9 9292.31 9301.23 9291.99 9281.92 9274.17 9300.09 9395.67
9274.69 9265.41 9260.56 9258.56 9252.86 9242.22 9240.72 9250.21 9259.54 9266.68 9270.6 9270.92 9264.17 9251.61 9238.08 9223.66 9222.46 9227.4 9229.46 9229.75 9228.89 9226.24 9221.42 9223 9219.76 9217.6 9220.54 9224.52 9223.38 9218.44 9213.19 9206.77 9203.5 9200.04 9193.7 9188.49 9195.32 9199.19 9202.35 9206.23 9210.48 9214.36 9220.14 9228.2 9239.22 9254.12 9268.45 9287.58 9309.31 9325.91 9335.34 9339.2 9336.52 9330.65 9345.57 9352.31 9361.63 9362.97 9336.16 9307.11 9287.89 9278.31 9287.83 9278.91 9271.53 9299.03 9372.07
9281.56 9276.97 9277.64 9276.47 9273.3 9272.09 9281.8 9276.16 9274.46 9273.72 9269.47 9260.01 9243.26 9239.57 9231.81 9220.31 9221 9225.14 9228.52 9230.1 9230.84 9231.22 9229.14 9222.62 9226.07 9227.54 9226.52 9221.38 9220.33 9218.35 9208.35 9200.41 9202.72 9203.35 9205.54 9207.31 9201.56 9202.26 9204.26 9206.87 9209.95 9213.54 9217.7 9222.68 9229.3 9245.3 9265.5 9292.73 9324.6 9349.26 9341.35 9337.67 9335.04 9337.17 9329.56 9329.86 9336.93 9341.58 9326.18 9296.95 9308.1 9323.93 9308.72 9286.83 9278.68 9298.07 9358.62
9289.25 9299.91 9301.58 9296.61 9294.54 9293.13 9296 9294.89 9289.97 9285.34 9277.53 9265.28 9250.48 9243.45 9236.97 9231.33 9228.06 9229.48 9231.89 9234.11 9236.05 9237.82 9238.08 9235.12 9234.54 9234.69 9234.28 9231.09 9223.47 9211.77 9209.42 9206.52 9207.06 9207.83 9203.49 9203.54 9205.52 9204.14 9203.66 9204.6 9205.25 9206.96 9210.32 9213.02 9213.8 9225.3 9257.02 9289.33 9317.93 9332.62 9338.07 9332.38 9323.56 9316.18 9305.68 9298.81 9290.44 9295.22 9321.04 9330.08 9326.37 9336.53 9321.64 9292.86 9274.31 9291.78 9335.13
9294.4 9306.06 9311.43 9311.98 9312.63 9321.24 9320.06 9311.41 9304.42 9298.35 9291.21 9281.73 9270.16 9260.41 9250.34 9238.83 9238.34 9238.22 9240.08 9241.72 9242.82 9243.48 9241.69 9244.63 9244.23 9242.81 9241.54 9240.76 9230.01 9220.27 9217.27 9213.35 9217.32 9217.62 9218.52 9214.27 9211.05 9209.28 9207.08 9204.72 9203.75 9203.79 9205.55 9207.83 9207.15 9214.15 9249.22 9284.56 9314.84 9331.18 9337.49 9324.61 9306.2 9280.82 9278.73 9274.64 9261.44 9254.4 9263.25 9304.32 9317.11 9331.76 9321.18 9292.78 9267.97 9281.12 9313.84
9297.59 9314.55 9326.42 9318.95 9318.22 9322.35 9326.15 9319.74 9315.47 9311.61 9307.42 9302.79 9297 9285.97 9270.25 9257.85 9251.4 9249.17 9249.16 9248.95 9250.77 9251.42 9252.47 9257.74 9252.21 9249.58 9245.81 9238.32 9233.74 9230.81 9230.33 9235.9 9234.97 9229.51 9218.36 9220.05 9217.34 9212.49 9207.73 9203.41 9200.33 9197.87 9199.95 9208.45 9220.21 9220.15 9245.36 9278.53 9312.95 9347.28 9333.09 9317.03 9297.24 9277.86 9270.33 9264.65 9266.94 9256.4 9242.95 9261.09 9281.95 9301.65 9317.25 9293.26 9273.55 9271.71 9291.67
9296.7 9305.63 9310.23 9314.4 9315.95 9312.83 9316.5 9323.4 9322.59 9322.2 9322.18 9323.41 9325.13 9315.15 9288.28 9271.17 9263.77 9260.84 9257.85 9257.49 9257.99 9259.69 9262.84 9261.49 9265.09 9256.64 9247.61 9240.61 9233.95 9230.57 9237.13 9246.55 9246.5 9243.15 9240.65 9231.62 9223.91 9215.97 9208.41 9202.11 9195.39 9189.81 9187.86 9192.68 9205.3 9212.3 9241.04 9268.02 9293.69 9306.63 9313.78 9306.75 9296.65 9288.59 9275.56 9257.47 9237.02 9257.47 9273.28 9258.61 9258.75 9291.19 9307.04 9280.42 9257.21 9251.75 9267.87
9294.43 9296.05 9300.3 9310.83 9320.68 9320.14 9323.74 9329.51 9332.84 9331.71 9334.13 9336.72 9339.3 9329.42 9302.57 9284.07 9277.52 9273.02 9270.41 9267.81 9264.54 9265.28 9268.01 9268.94 9271.78 9260.32 9245.07 9235.85 9233.99 9234.4 9235.57 9239.77 9242.68 9251.61 9258.35 9243.72 9230.29 9218.81 9209.13 9200.09 9191.19 9181.23 9172.49 9167.93 9182.59 9214.21 9233.3 9254.31 9275.19 9293.67 9296.69 9293.39 9289.47 9282.37 9273.81 9261.7 9247.35 9256.23 9256.19 9244.54 9257.94 9317.11 9335.44 9267.78 9211.62 9232.98 9252.17
9294.94 9295.22 9294.52 9315.95 9336.58 9340.27 9337.72 9338.84 9340.3 9339.63 9341.98 9343.27 9340.45 9328.06 9308.92 9298.07 9291.94 9286.93 9280.88 9274.71 9270.24 9268.45 9271.7 9269.22 9270.59 9261.34 9245.65 9236.7 9235.1 9233.62 9231.15 9223.43 9224.15 9242.26 9255.91 9241.66 9228.9 9218.97 9209.18 9202.2 9192.36 9181.27 9164.53 9143.15 9154.81 9192.1 9217.22 9236.55 9252.77 9267.53 9272.94 9272.49 9275.61 9286.9 9292.48 9267.35 9248.4 9238.94 9209.31 9236.33 9299.44 9315.08 9321.57 9287.42 9254.21 9237.82 9242.93
9300.57 9305.99 9314.23 9334.02 9352.99 9358.01 9349.23 9347.1 9345.38 9345.72 9348.63 9349.56 9345.74 9332.84 9314.9 9312 9310.81 9304.6 9296.2 9286.72 9278.53 9269.18 9262.37 9260.76 9270.48 9266.42 9255.13 9246.91 9243.46 9238.67 9232.58 9227.34 9227.29 9224.01 9220.97 9227.97 9224.56 9219.94 9214.03 9208.93 9200.87 9190.1 9175.37 9160.16 9165.02 9189.4 9205.14 9217.02 9226.72 9232.84 9236 9244.65 9250.79 9254.67 9251.41 9258.31 9249.19 9219.77 9194.77 9212.66 9258.92 9283.72 9288.04 9263.73 9246.25 9239.03 9239.39
9306.32 9321.34 9341.03 9353.89 9360.52 9350.61 9348.8 9347.82 9349.62 9352.77 9357.28 9360.17 9360.74 9358.39 9348.38 9345.89 9336.47 9325.5 9312.73 9300.88 9288.24 9276.57 9259.44 9295.15 9295.51 9276.37 9261.71 9255.67 9251.01 9243.85 9234.73 9230.01 9229.3 9223.17 9219.77 9220.44 9220.34 9220.08 9218.54 9216.05 9211.63 9205.06 9197.59 9188.89 9186.55 9190.52 9196.12 9199.99 9204.19 9203.09 9204.58 9220.43 9224.23 9220.74 9223.88 9244.39 9246.92 9208.64 9185.13 9186.26 9190.38 9211.86 9218.66 9226.81 9236.12 9234.36 9231.72
9313.16 9331.7 9351.83 9359.71 9353.97 9343.31 9347.32 9351.71 9356.17 9362.8 9369.19 9376.61 9382.48 9390.1 9412.47 9389.16 9364.33 9343.16 9325.24 9310.81 9299.65 9294.62 9313.85 9314.27 9299.99 9273.68 9260.32 9256.98 9257.4 9244.17 9231.69 9222.81 9219.65 9218.49 9217.9 9215.12 9217.36 9219.14 9222.46 9222.95 9222.33 9221.01 9219.25 9218.95 9200.28 9190.68 9183.89 9181 9189.09 9200.06 9207.72 9210.81 9203.76 9195.73 9187.28 9210 9214.19 9188.82 9171.98 9170.62 9174.29 9196.14 9206.96 9251.07 9244.5 9230.37 9223.79
9323.42 9337.05 9349.2 9354.24 9351.55 9346.19 9345.27 9350.96 9361.79 9372.67 9383.16 9391.86 9400.22 9416.25 9446.63 9414.89 9383.1 9356.43 9334.36 9316.23 9304.03 9298.69 9288.71 9275.09 9266.52 9252.8 9243.49 9246.85 9247.53 9237.95 9223.97 9208.51 9189.71 9193.13 9201.97 9208.71 9214.74 9219.83 9224.71 9229.38 9231.91 9234.69 9234.62 9222.89 9201.13 9170.28 9150.44 9158.39 9174.86 9197.21 9225.58 9201.38 9184.93 9174.47 9168.33 9173.47 9177.78 9177.02 9173.7 9166.79 9167.53 9171.76 9181.4 9202.39 9219.04 9215.37 9214.36
9336.03 9341.69 9342.9 9338.28 9342.35 9336.93 9342.12 9353.62 9365.89 9378.88 9392.56 9405.37 9414.05 9410.62 9420.47 9415.48 9389.43 9361.16 9335.67 9313.54 9297.67 9289.36 9276.32 9239.09 9232.18 9229.31 9225.1 9236.71 9239.88 9229.85 9218.02 9204.03 9188.98 9178.87 9189.26 9201.75 9209.51 9217.12 9224.77 9231.54 9238.03 9246.86 9253.23 9243.38 9206.62 9161.28 9128.23 9142.17 9156.93 9169.36 9175.82 9166.36 9160.11 9157.47 9156.65 9150.45 9158.05 9170.18 9176.23 9169.02 9160.21 9159.44 9159.21 9159.29 9182.92 9195.84 9201.95
