real_craters/C146-300m.grd
DSAA
313 313
-46.83 46.83
-46.83 46.83
7990.9890925356 9800.3988376907
[rows 120 to 149 of 313, columns 67 to 133 of 313]
9201.98 9210.8 9218.26 9224.49 9229.5 9232.72 9232.95 9240.9 9248.33 9250.14 9249.63 9248.23 9246.51 9243.86 9236.62 9229.86 9231.66 9236.61 9242.96 9249.15 9255.12 9260.38 9265.09 9268.58 9271.88 9276.49 9292.67 9307.33 9312.51 9308.94 9303.4 9297.7 9292.45 9287.45 9282.64 9277.97 9272.78 9269.53 9269.2 9276.33 9286.45 9297.05 9306.89 9322.82 9341.16 9355.19 9357.67 9377.83 9444.52 9493.36 9515.76 9536.46 9557.54 9583.62 9624.5 9615.47 9608.29 9607.94 9608.23 9609.08 9586.42 9552.06 9537.54 9531.02 9460.06 9398.97 9330.93
9217.27 9224.67 9231.57 9239.14 9247.91 9258.99 9274.47 9282 9273.49 9265.93 9260.82 9256.76 9252.95 9248.17 9241.23 9236.56 9238.04 9241.93 9247.44 9253.27 9259.02 9264.54 9269.78 9274.78 9279.74 9287.24 9298.25 9310.64 9315.45 9310.2 9304.24 9298.81 9293.92 9289.77 9286.72 9286.17 9281.45 9274.21 9271.14 9278.88 9288.38 9300.23 9313.6 9322.46 9336.8 9349.52 9369.04 9396.62 9455.91 9497.1 9521.44 9539.7 9556.15 9569.15 9574.37 9577.88 9591.22 9602.88 9614.9 9623.23 9587.58 9503.7 9447.7 9414.43 9355.66 9287.1 9192.98
9241.58 9241.4 9245.9 9253.2 9263.06 9277.12 9297.42 9307.03 9288.82 9277.45 9269.71 9264.41 9259.32 9252.78 9243.29 9241.54 9245.15 9249.15 9254.07 9259.37 9264.9 9270.15 9276.17 9282.37 9288.59 9292.88 9303.28 9311.23 9312.67 9307.89 9303.12 9298.95 9295.23 9291.97 9289.43 9286.51 9284.54 9281.17 9278.05 9282.16 9291.45 9301.58 9312.82 9322.95 9339.59 9359.92 9394.24 9443.41 9481.32 9501.98 9523.92 9540.1 9554.08 9555.65 9537.08 9542.2 9571.35 9582.4 9585.7 9571.27 9491.55 9405.04 9320.65 9258.48 9237.3 9179.45 9092.66
9254.54 9254.82 9258.32 9263.97 9271.79 9282.09 9292.12 9292.9 9287.87 9280.47 9274.2 9270.11 9266.67 9262.95 9257.4 9251.49 9253.9 9256.78 9260.33 9264.7 9269.72 9275.45 9281.98 9289.89 9299.12 9308.37 9313.82 9310.03 9304.01 9302.24 9300.06 9297.9 9295.76 9293.62 9291.4 9289.2 9289.72 9291.42 9289.76 9291.01 9299.74 9304.16 9311.33 9326.39 9351.79 9380.68 9415.65 9445.54 9455.17 9493.72 9524.43 9545.58 9557.84 9565.25 9564.05 9567.7 9567.16 9549.41 9522 9460.28 9352.45 9304.42 9250.09 9197.4 9161.24 9100.2 9015.9
9264.29 9267.02 9269.2 9271.84 9275.76 9279.96 9282.72 9283.61 9280.85 9278.26 9276.31 9274.17 9273.23 9273.28 9270.54 9265.22 9264 9264.64 9266.9 9270.06 9274.22 9279.43 9286.23 9294.36 9305.1 9322.7 9322.49 9307.57 9300.21 9296.89 9296.16 9296.32 9296.55 9296.26 9294.98 9292.27 9296.57 9300.91 9302.46 9307.05 9317.75 9327.25 9336.78 9341.27 9369.34 9408.65 9439.12 9455.33 9469.11 9505.48 9531.95 9548.83 9561.85 9577.3 9599.72 9613.1 9559.48 9508.2 9453.84 9369.46 9253.44 9249.35 9246.55 9195.17 9121.44 9043.22 8954.03
9285.41 9281.24 9278.31 9277.16 9277.03 9276.78 9274.41 9268.52 9272.68 9274.67 9275.59 9276.14 9277.04 9278.76 9281.11 9276.95 9273.2 9272.05 9272.64 9274.18 9277.3 9281.54 9286.98 9293.17 9300.27 9305.04 9302.32 9296.64 9290.78 9289.61 9291.72 9294.53 9297.37 9299.94 9301.52 9300.68 9304.87 9309.72 9313.97 9322.78 9339.28 9359.3 9367.18 9361.78 9383.82 9414.53 9448.83 9494.81 9522.58 9537.21 9549.43 9556.82 9560.9 9566.59 9577.04 9574.88 9519.58 9459.88 9392.73 9322.84 9261.83 9253.48 9251.78 9186.64 9088.42 8996.64 8916.04
9298.88 9290.96 9283.86 9279.67 9277.22 9274.38 9270.92 9267.76 9269.32 9272.09 9274.55 9276.52 9278.1 9279.26 9280.41 9281.05 9278.9 9277.11 9276.81 9277.81 9279.85 9282.48 9286.09 9289.86 9292.35 9290.97 9286.49 9284.97 9279.88 9282.28 9287.57 9292.49 9297.66 9303.52 9310.1 9314.22 9311.75 9311.88 9314.5 9329.56 9352.09 9379.23 9383.59 9387.27 9395.7 9405.84 9440.15 9509.57 9555.17 9569.3 9568.98 9561.62 9551.65 9537.09 9519.6 9497.2 9453.29 9413.17 9368.46 9326.2 9304.73 9281.64 9236.57 9151.25 9043 8938.04 8852.14
9298.63 9291.13 9285.15 9280.52 9276.69 9273.38 9269.95 9267.68 9268.46 9271.12 9274.21 9276.58 9278.38 9279.07 9280.03 9282.35 9281.61 9280.17 9279.51 9279.82 9281.14 9283.22 9284.88 9286.84 9287.39 9285.61 9282.37 9281.16 9279.51 9281.08 9284.88 9289.97 9296.11 9303.74 9313.13 9318.24 9313.02 9310.66 9317.25 9328.72 9349.6 9373.13 9377.93 9401.15 9405.72 9417.7 9459.15 9537 9592.27 9597.98 9586.31 9564.71 9539.87 9507.11 9461.29 9394.31 9389.02 9378.83 9346.8 9327.5 9323.11 9290.83 9219.85 9109.35 8985.1 8864.41 8762.74
9293.03 9287.18 9283.88 9280.13 9275.81 9272.17 9268.95 9267 9267.36 9270.33 9273.97 9277.19 9279.28 9280.04 9282.42 9284.32 9282.85 9281.32 9280.33 9280.2 9280.61 9281.96 9283.25 9284.13 9284.56 9284.39 9285.15 9281.4 9279.91 9280.05 9282.25 9286.42 9291.82 9299.12 9306.87 9310.81 9308.73 9302.23 9301.34 9317.37 9335.72 9347.61 9352.98 9372.66 9399.89 9443.35 9506.76 9586.51 9630.52 9619.77 9596.19 9567.15 9532.68 9490.87 9437.54 9382.35 9367.62 9370.94 9365.27 9317.18 9267.68 9222.33 9167.88 9049.76 8918.05 8791.61 8687.28
9291.4 9285.47 9282.07 9278.58 9275.49 9272.45 9269.23 9265.36 9265.38 9270.52 9275.06 9278.66 9281.33 9281.29 9281.74 9282.99 9282.79 9280.48 9279.11 9278.77 9278.76 9279.61 9280.82 9281.33 9281.94 9282.44 9282.49 9279.84 9277.36 9276.91 9278.64 9281.71 9285.62 9290.79 9297.83 9302.17 9304.92 9303.28 9294.57 9306.85 9323.33 9331.17 9337.96 9354.38 9398.55 9468.21 9536.61 9615.67 9642.46 9625.62 9599.23 9568.52 9530.4 9485.88 9434.31 9382.08 9362.61 9366.42 9355.87 9281.43 9186.52 9121.37 9084.29 8971.27 8843.8 8721.42 8626.86
9288.85 9284.11 9279.36 9276.11 9274.01 9272.7 9271.04 9268.93 9268.59 9274.01 9277.19 9280.08 9283.79 9288.96 9290.02 9289.29 9281.15 9277.26 9275.95 9275.87 9276.53 9277.44 9278.12 9278.91 9279.48 9279.87 9279.37 9278.09 9274.74 9272.75 9275.69 9277.2 9277.8 9279.37 9283.05 9287.72 9293.45 9294.48 9287.73 9299.65 9317.23 9329.6 9352.86 9391.96 9444.25 9502.31 9559.43 9621.23 9627.21 9615.24 9600.21 9574.34 9537.61 9492.31 9445.64 9396.85 9370.47 9357.19 9315.14 9222.38 9107.71 9013.19 8976.19 8885.5 8769.89 8651.49 8557.03
9281.61 9277.6 9273.19 9272.09 9272.11 9272.94 9274.45 9277.77 9283.22 9279.6 9278.44 9278.75 9281.2 9287.03 9284.03 9276.21 9272.55 9271.53 9271.9 9272.93 9274.09 9275.01 9276.21 9277.1 9277.52 9277.66 9278.18 9276.81 9276.48 9276.05 9277.03 9273.98 9269.5 9266.05 9265.18 9269.07 9273.69 9278.31 9284.6 9296.54 9314.79 9341.79 9380.35 9438.33 9503.63 9535.55 9584.45 9613 9601.85 9605.61 9606.11 9582.79 9547.63 9504.32 9461.65 9428.8 9398.61 9346.05 9279.86 9170.37 9050.05 8951.18 8901.37 8811.88 8704.83 8594.8 8498.91
9267.74 9261.86 9263.32 9266.09 9268.9 9272.02 9276.11 9280.58 9284.59 9280.67 9277.16 9273.98 9271.11 9268.48 9264.69 9257.3 9261.01 9264.44 9267.01 9270.05 9272.51 9274.48 9276.11 9277.17 9277.53 9276.84 9271.97 9274.41 9284.69 9290.53 9283.43 9273.05 9262.71 9253.26 9246.73 9252.77 9258.73 9267.07 9284.17 9302.99 9316.39 9352.64 9403.88 9446.77 9485.73 9545.6 9591.63 9589.02 9627.12 9642.2 9630.16 9598.06 9556.81 9511.02 9467.29 9428.42 9386.26 9315.22 9225.83 9121.87 9005.87 8912.38 8840.43 8749.3 8652.99 8558.39 8463.83
9254.41 9250.33 9255.03 9260.36 9265.39 9270.1 9274.85 9278.17 9277.26 9277.95 9274.41 9268.48 9260.4 9250.78 9251.57 9252.78 9254.92 9258.8 9262.9 9267.04 9270.56 9274.01 9276.51 9278.26 9279.3 9280.24 9283.97 9290.57 9291.98 9296.65 9286.66 9272.1 9257.77 9244.86 9237.09 9243.7 9256.39 9264.99 9294.49 9333.51 9362.49 9411.48 9444.29 9461.48 9479.56 9556.38 9630.01 9662.16 9687.35 9696.85 9663.06 9617.96 9570.61 9515.98 9459.37 9406.07 9359.68 9295.93 9205.03 9085.57 8955.26 8853.7 8775.73 8692.36 8607.61 8526 8439.51
9243.27 9245.96 9250.66 9256 9261.85 9267.41 9272.73 9277.07 9279.98 9277.61 9272.26 9264.87 9256.58 9248.94 9247.84 9248.13 9251.18 9255.63 9260.41 9265.47 9270.1 9274.38 9277.94 9280.53 9282.5 9283.47 9285.37 9287.78 9290.59 9291.23 9284.65 9271.76 9255.64 9241.45 9235.01 9236.92 9249.1 9262.91 9313.98 9384.42 9463.58 9512.69 9496.59 9487.92 9507.02 9567.22 9646.93 9672.49 9701.26 9711.55 9681.33 9632.84 9578.09 9514.56 9446.13 9371.78 9297.37 9293.52 9215.81 9056.89 8893.91 8764.34 8712.33 8640.02 8563.92 8498.71 8434.08
9232.54 9238.83 9244.76 9251.95 9258.03 9263.83 9269.38 9275.29 9280.75 9277.48 9269.62 9261.56 9255.72 9252.02 9247.21 9248.25 9249.91 9253.08 9258.38 9265.18 9271.6 9277.45 9282.35 9285.64 9287.24 9286.87 9284.67 9282.53 9289.04 9292.14 9288.6 9276.09 9257.41 9238.57 9229.6 9232.24 9236.28 9258.35 9333.37 9426.98 9517.71 9550.31 9528.61 9506.45 9491.59 9566.91 9654.63 9654.76 9694.74 9724.17 9695.2 9644.47 9580.11 9510.73 9435.15 9354.61 9278.01 9285.62 9199.26 9016.69 8833.36 8703.74 8669.63 8590.36 8512.69 8450.91 8410.06
9225.42 9233.24 9242.5 9248.91 9253.44 9258.41 9264.21 9270.19 9275.37 9272.8 9264.08 9254.97 9248.42 9244.83 9241.97 9241.87 9244.12 9250.11 9257.31 9265.08 9273.11 9280.75 9287.49 9293.5 9295.92 9294.91 9289.51 9286.52 9293.94 9305.56 9304.71 9288.31 9266.7 9244.34 9237.01 9243.24 9248.65 9269.78 9350.95 9445.98 9545.26 9554.86 9537.06 9524.33 9533.55 9584.55 9654.18 9648.32 9686.4 9728.37 9698.13 9644.74 9577.13 9503.86 9425.27 9350.26 9283.61 9265.07 9145.5 8955.91 8773.91 8656.7 8620.84 8535.8 8454.68 8387.96 8374.52
9223.02 9237.59 9245.91 9245.17 9247.02 9250.85 9256 9261.64 9266.39 9264.66 9255.51 9245.27 9235.43 9231.91 9233.54 9235.24 9239.29 9247.14 9256.15 9266.03 9276.09 9286.3 9295.4 9303.02 9308.41 9309.96 9305.23 9289.92 9309.11 9324.98 9323.48 9305.51 9284.75 9263.14 9259.48 9270.52 9289.22 9312.37 9368.11 9430.32 9481.23 9514 9524.61 9530.4 9545.04 9580.53 9617 9616.1 9661.82 9700.46 9684.54 9635.18 9565.02 9488.07 9405.97 9331.18 9274.38 9197.46 9052.23 8873.19 8703.52 8591.17 8536.49 8476.53 8409.62 8348.36 8327.37
9218.9 9228.69 9234.82 9234.84 9236.9 9240.9 9245.79 9250.46 9254.04 9252.95 9245.4 9236.2 9226.73 9224.22 9227.59 9231.57 9237.4 9245.53 9255.71 9267.6 9280.27 9292.7 9305.18 9316.19 9326.03 9333.82 9339.37 9343.16 9350.36 9349.72 9340.05 9322.76 9306.72 9300.92 9291.4 9295.26 9324.54 9359.06 9378.34 9414.78 9440.11 9477.64 9509.48 9527.3 9539.47 9563.73 9603.42 9607.18 9651.19 9693.05 9676.59 9621.48 9545.81 9460.49 9372.65 9283.93 9189.45 9073.77 8945.3 8781.16 8621.88 8518.29 8470.58 8433.9 8388.39 8341.35 8294.04
9211.98 9213.84 9215.14 9218.99 9223.72 9228.93 9233.91 9238.22 9240.83 9239.99 9235.45 9229.66 9225.11 9222.81 9224.8 9227.79 9232.42 9243.67 9256.41 9270.69 9285.8 9300.79 9315.79 9329.99 9345.13 9359.91 9376.39 9398.78 9396.29 9373.62 9354.39 9336 9323.11 9308.42 9311.94 9317.47 9331.67 9350.5 9369.7 9398.1 9430.45 9472.23 9505.01 9529.01 9549.72 9570.45 9588.92 9611.35 9659.78 9695.41 9671.33 9606.73 9520 9423.8 9324.56 9222.22 9120.56 9012.56 8864.61 8696.45 8545.25 8467.14 8449.16 8416.88 8376.04 8332.27 8285.57
9204.42 9200.01 9197.47 9202.87 9209.94 9216.8 9222.42 9226.67 9228.33 9228.97 9226.51 9224.65 9222.48 9222.64 9224.34 9226.62 9231.86 9243.46 9258.38 9275.21 9292.19 9309.4 9326.44 9344.08 9362.8 9381.66 9401.23 9416.95 9411.78 9384.94 9353.97 9341.06 9338.07 9338.86 9327.93 9325.54 9320.17 9327.72 9350.86 9384.39 9452.27 9480.36 9507.48 9531.92 9558.23 9580.33 9568.09 9635.8 9691.69 9710.87 9673.7 9584.37 9483.03 9377.78 9266.52 9154.32 9046.08 8927.91 8779.16 8623.32 8486.71 8436.17 8435.39 8414.8 8376.26 8331.31 8287.77
9198.15 9190.61 9185.15 9190.29 9198.61 9206.38 9213.07 9217.39 9218.14 9215.84 9219.43 9222.94 9225.32 9224.94 9226.25 9228.48 9230.97 9245.33 9262.5 9280.59 9299.33 9317.63 9336.7 9355.89 9375.89 9395.67 9415.48 9429.71 9424.77 9391.48 9356.41 9341.51 9342.75 9347.43 9331.68 9316.08 9294.97 9306.86 9333.43 9373.86 9437.32 9480.97 9510.24 9533.11 9553.51 9566.16 9573.18 9657.74 9707.87 9697.23 9637.18 9546.07 9438.55 9328.88 9209.48 9082.07 8947.61 8801.79 8685.79 8572.17 8462.7 8431.2 8438.2 8425.39 8395.58 8352.13 8309.81
9193.54 9185.14 9179.5 9182.53 9190.12 9198.3 9206.07 9212.12 9215.11 9214.18 9220.38 9224.85 9226.47 9228.71 9230.44 9234.16 9241.41 9252.78 9268.84 9287.67 9307 9324.95 9344.6 9363.87 9384.05 9403.71 9421.84 9436.11 9436.66 9394.27 9351 9334.32 9333.85 9330.01 9325.83 9320.19 9300.17 9301.8 9322.69 9362.76 9450.26 9488.41 9514.21 9533.01 9548.64 9558.75 9588.31 9659.92 9697.49 9659.54 9582.92 9497.04 9394.91 9282.98 9159.62 9023.7 8871.23 8716.93 8638.76 8559.3 8479.47 8445.76 8439.97 8430.4 8415.48 8382.45 8348.45
9190.54 9182.19 9176.55 9177.88 9184.39 9192.82 9201.93 9210.48 9219.38 9229.05 9233.83 9232.54 9231.55 9234.22 9236.25 9239.89 9245.26 9256.86 9274.88 9293.92 9312.27 9332.06 9352.6 9370.14 9389.26 9406.77 9420.85 9428.44 9421.32 9394.07 9360.12 9342.89 9334.61 9322.99 9311.55 9305.78 9295.82 9301.6 9321.46 9369.4 9455.94 9496.92 9522.93 9541.25 9553.18 9560.66 9597.72 9659.86 9688.11 9640.04 9554.54 9454.33 9348.02 9240.55 9124.05 8997.44 8857.56 8736.79 8647.59 8577.43 8516.56 8460.88 8429.24 8413.27 8410.69 8396.97 8368.14
9189.36 9180.94 9174.09 9174.05 9180.75 9189.15 9199.12 9209.81 9222.77 9238.03 9245.63 9242.89 9240.52 9241.09 9242.79 9246.75 9251.32 9263.33 9282.76 9301.14 9319.31 9337.02 9355.43 9373.77 9391.14 9406.07 9418.17 9421.89 9409.86 9400.61 9383.58 9364.75 9341.38 9316.52 9291.88 9278.89 9293.82 9303.62 9329.89 9385.14 9467.76 9511.14 9537.8 9556.77 9569.07 9571.52 9599.52 9661.9 9680.79 9627.05 9527.76 9409.65 9302.03 9202.7 9101.41 8999.95 8890.4 8771.06 8674.51 8596.33 8529.68 8462.59 8409.63 8376.87 8381.59 8392.18 8372.14
9190.36 9181.6 9174.6 9173.87 9179.18 9186.71 9195.65 9206.04 9218.78 9235.63 9247.99 9248.93 9247.81 9245.79 9248.97 9255.36 9264.66 9278.06 9292.12 9307.1 9323.32 9339.39 9355.99 9373.44 9389.49 9404.8 9416.47 9423.72 9426.91 9413.92 9392.56 9369.65 9349.71 9310.89 9274.5 9257.2 9271.49 9309.34 9349.08 9426.11 9498.62 9532.27 9556.38 9573.33 9587.12 9602.65 9616.17 9682.59 9707.48 9619.41 9470.88 9345.87 9249.8 9166.2 9085.81 9010.82 8937.11 8828.73 8710.89 8603.25 8521 8460.32 8407.31 8372.97 8376.5 8396.27 8377.57
9192.22 9183.29 9177.3 9175.4 9178.97 9185.58 9192.81 9200.6 9207.36 9213.81 9219.4 9233.04 9239.71 9243.39 9251.58 9262.6 9275.37 9287.77 9301.76 9314.46 9327.13 9342.76 9357.28 9372.36 9387.34 9401.55 9413.21 9423.84 9433.37 9420.47 9392.62 9361.11 9335.16 9293.17 9254.58 9247.35 9279.62 9333.53 9389.27 9466.96 9521.59 9550.86 9571.77 9589.13 9603.09 9610.51 9647.7 9705.74 9738.49 9613.83 9408.76 9275.65 9198.08 9131.77 9067.58 9006.85 8943.63 8833.66 8713.88 8606.97 8522.49 8465.38 8422.73 8400.36 8384.1 8386.83 8367.61
9195.79 9186.69 9178.85 9174.07 9179.53 9185.17 9190.8 9195.89 9197.34 9191.82 9175.14 9190.35 9216.92 9235.58 9250.67 9266.7 9284.17 9303.02 9310.34 9318.77 9329.84 9342.44 9355.64 9369.11 9381 9393.66 9405.64 9415.01 9419.75 9414.05 9398.28 9368.66 9324.71 9277.51 9233.84 9237.27 9292.31 9369.11 9454.43 9507.09 9542.54 9565.33 9583.88 9602.24 9620.6 9636.16 9646.65 9700.48 9723.59 9597.53 9376.25 9227.97 9155.71 9100.13 9048.16 8991.2 8916.18 8822.51 8715.87 8610.73 8529.96 8472.22 8429.66 8395.22 8375.09 8375.76 8365.84
9198.4 9189.37 9183.83 9181.69 9182.92 9185.95 9190.56 9194.95 9197.82 9197.6 9204.21 9195.12 9212.69 9231.88 9249.57 9267.07 9285.67 9302.85 9310.72 9317.87 9327.69 9339.01 9350.51 9362.69 9375.48 9386.59 9394.72 9402.61 9407.25 9408.63 9411.96 9398.54 9324.18 9287.77 9233.46 9220.24 9292.56 9398.08 9512.89 9552.79 9562.96 9573.83 9587.36 9603.71 9624.41 9635.32 9635.07 9672.08 9689.38 9578.99 9364.81 9203.66 9125.18 9073.97 9030.27 8984.32 8910.4 8812.73 8705.54 8602.34 8530.18 8478.14 8435.34 8396.43 8387.11 8387.91 8377.18
9198.54 9191.49 9186.36 9185.71 9185.26 9187.1 9190.93 9196.03 9201.94 9209.29 9223.63 9226.54 9225.56 9234.88 9249.48 9264.68 9279.81 9292.54 9303.48 9311.25 9321.56 9331.7 9342.35 9350.93 9363.14 9372.35 9382.56 9390.59 9398.06 9406.14 9420.1 9430.68 9396.73 9339.11 9289.15 9248.29 9304.8 9400.24 9522.67 9565.39 9559.26 9566.6 9577.44 9591.39 9608.13 9611.4 9588.51 9639.42 9653.26 9554.81 9353.93 9182.75 9099.98 9048.7 9011.51 8981.6 8928.89 8797.31 8675.27 8589.15 8529.68 8485.62 8451.55 8427.94 8414.15 8405.67 8387.64
