real_craters/C147-300m.grd
DSAA
315 315
-47.145 47.145
-47.145 47.145
8178.1459264486 10412.123814178
[rows 30 to 59 of 315, columns 134 to 200 of 315]
9907.66 9901.13 9896.73 9890.31 9879.9 9868.57 9855.92 9842.34 9828.85 9814.86 9801.28 9787.61 9774.53 9760.85 9748.1 9736.4 9724.83 9712 9701.07 9689.75 9682.17 9675.87 9669.09 9661.69 9654.22 9645.61 9636.98 9626.36 9605.52 9583.98 9563.37 9545.6 9533.6 9522.27 9507.75 9489.72 9475.78 9476.8 9508 9505.32 9491.12 9472.8 9454.72 9436.81 9417.82 9403.7 9393.42 9382.21 9370.64 9358.37 9346.82 9337.57 9333.91 9344.08 9348.96 9350.1 9348.53 9345.12 9336.81 9332.76 9332.28 9335.06 9334.49 9330.64 9325.4 9319.39 9312.84
9919.69 9910.84 9908.08 9903.58 9896.17 9882.08 9867.43 9853.18 9839.19 9825.16 9811 9796.41 9782.11 9768.38 9754.82 9742.61 9730.57 9721.39 9710.44 9698.44 9690.02 9683.81 9677.76 9672.36 9667.29 9663.16 9660.74 9651.2 9626.32 9601.27 9578.24 9558.58 9542.08 9533.5 9519.61 9499.2 9483.76 9481.1 9518.6 9518.98 9503.64 9484.62 9466.17 9450.36 9434.29 9419.87 9406.99 9393.9 9381.14 9369.01 9357.78 9351.51 9354.83 9359.99 9362.26 9361.32 9355.88 9344.38 9338.61 9340.47 9351.64 9354.53 9346.72 9339.8 9333.08 9325.61 9317.24
9940.24 9933.96 9927.92 9919.02 9906.11 9891.68 9878.09 9864.39 9850.31 9835.98 9821.37 9806.81 9791.93 9777.63 9763.09 9749.54 9736.2 9729.86 9717.83 9705.36 9697.98 9692.65 9686.82 9681.31 9676.86 9674.19 9671.49 9662.56 9639.53 9613.39 9589.86 9569.99 9554.42 9542.78 9526.61 9508.69 9492.49 9487.88 9525.87 9529.95 9513.44 9492.37 9470.98 9457.54 9451.4 9437.84 9421.1 9406.52 9393.42 9381.53 9370.2 9361 9365.35 9376.98 9376.43 9375.49 9374.55 9366.97 9348.82 9349.57 9361.16 9362.64 9354.82 9347.45 9340.12 9332.21 9323.58
9967.64 9965.21 9952.96 9936.96 9918.76 9901.99 9888.81 9874.91 9861.07 9847.21 9832.03 9816.79 9801.76 9786.86 9771.75 9758.22 9744.77 9738.24 9727.1 9715.03 9706.69 9700.22 9693.89 9687.98 9682.8 9678.78 9675.49 9669.86 9645.07 9618.89 9596.97 9579.33 9566.39 9553.83 9539.62 9519.73 9502.49 9496.11 9527.58 9537.35 9520.39 9497.96 9476.76 9464.79 9461.08 9448.64 9432.88 9419.23 9406.98 9395.74 9385.7 9377.39 9379.75 9387.06 9388.06 9388.17 9388.5 9383.8 9373.32 9370.02 9367.09 9361.98 9359.52 9354.43 9347.67 9339.72 9330.86
9995.28 9996.1 9976.62 9955.43 9933.75 9914.67 9901.17 9886.95 9872.36 9857.02 9841.29 9827.2 9811.35 9796.64 9781.41 9767.79 9755.62 9749.13 9738.08 9725.88 9715.71 9707.32 9699.09 9691.78 9684.78 9677.97 9669.98 9657.24 9638.27 9618.34 9599.81 9583.81 9571.28 9560.13 9546.72 9528.73 9513.25 9506.4 9528.78 9543.02 9524.77 9501.04 9480.32 9466.81 9461.44 9451.85 9441.36 9431.34 9421.67 9412.25 9403.86 9398.89 9396.25 9396.45 9398.23 9398.63 9397.05 9395.27 9394.6 9390.17 9378.64 9370.45 9367.31 9361.87 9355.26 9347.83 9339.18
10012 10012 9992.96 9972.04 9950.72 9931.56 9915.67 9900.26 9884.89 9868.79 9852.32 9836.16 9821.1 9806.46 9791.35 9777.05 9764.18 9759.2 9748.95 9736.24 9724.44 9714.28 9704.61 9695.6 9686.4 9675.64 9662.22 9644.97 9629.58 9615.41 9600.25 9585.09 9570.28 9558.86 9547.01 9534.78 9525.14 9519.8 9532.67 9547.73 9527.22 9500.66 9476.48 9463.33 9453.2 9453.14 9449.84 9444.33 9437.4 9430.17 9422.63 9415.63 9411.73 9410.12 9409.5 9410.01 9408.86 9406.61 9402.41 9395.9 9391.14 9387.09 9378.03 9369.99 9362.94 9355.96 9348.17
10015.2 10013.5 10002.9 9986.03 9966.36 9947.09 9930.53 9915.1 9898.85 9881.87 9865.54 9848.37 9831.49 9817.02 9802.64 9789.03 9774.75 9770.8 9759.71 9747.43 9732.56 9719.03 9708.56 9698.69 9688.23 9675.47 9659.71 9640.25 9625.59 9615.07 9602.55 9588.32 9571.57 9559.36 9551.83 9546.47 9541.34 9536.42 9539.75 9548.4 9530.51 9504.91 9478.86 9468.9 9461.66 9462.81 9462.62 9459.9 9455.38 9449.83 9443.48 9435.7 9428.83 9421.92 9421.08 9422.84 9424.42 9419.22 9412.66 9405.69 9399.7 9393.82 9384.21 9376.41 9369.99 9363.22 9354.53
10023.9 10020.8 10014.3 10001.2 9983.4 9959.83 9948.41 9931.88 9914.58 9896.71 9878.67 9860.7 9842.26 9827.69 9814.43 9803.33 9794.37 9783.94 9767.74 9753.94 9735.46 9721.75 9712.85 9703.96 9693.3 9680.45 9664.85 9646.51 9632.75 9622.5 9610.49 9596.51 9582.17 9571.77 9571.46 9569.93 9563.52 9557.02 9552.81 9550.28 9539.71 9522.8 9503.69 9491.91 9483.53 9482.77 9481.87 9479.24 9475.27 9470.38 9465.68 9461.15 9448.48 9437.21 9435.05 9435.85 9434.62 9430.03 9422.98 9414.72 9404.37 9392.66 9385.23 9381.3 9377 9370.92 9361.47
10039.6 10037.4 10031 10018.7 10004.2 9993.31 9969.5 9948.8 9929.92 9910.8 9891.72 9873.02 9855.16 9837.87 9824.87 9813.34 9806.95 9794.86 9771.42 9742.87 9726.58 9723.14 9719.04 9711.76 9702.02 9689.63 9675.97 9663.12 9651.2 9636.46 9623.97 9611.34 9598.99 9589.5 9593.17 9594.36 9588.81 9581.09 9571.93 9558.9 9556.87 9553.75 9543.07 9527.31 9515.34 9510.33 9506.28 9501.75 9496.65 9490.71 9484.38 9477.91 9467.41 9460.12 9454.2 9449.13 9446.43 9439.99 9432.87 9424.1 9410.7 9393.57 9387.63 9388.02 9385.65 9380.11 9369.68
10071.4 10062.8 10052 10037.6 10020.8 9999.6 9981.59 9964.12 9944.84 9925.02 9906.36 9887.11 9868.36 9850.23 9836.56 9822.04 9828.21 9809 9781.08 9745.93 9728.83 9732.8 9730.58 9723.57 9713.43 9701.88 9689.69 9677.12 9662.95 9652.17 9641 9630.37 9621.64 9615.55 9620.62 9622.75 9613.91 9605.53 9597.24 9575.63 9579.53 9587.9 9582.92 9566.18 9551.96 9541.07 9533.09 9526.19 9519.24 9511.78 9502.31 9491.82 9483.85 9474.54 9466.23 9459.94 9454.14 9449.61 9442.74 9434.01 9421.49 9409.25 9402.82 9399.11 9396.82 9392.01 9379.94
10099.9 10088.6 10073.5 10056.8 10038.1 10017.4 9998.32 9980.48 9960.89 9941.08 9921.34 9901.96 9883.24 9865.1 9850.8 9835.97 9836.23 9823.98 9802.21 9778.01 9763.47 9756.9 9748.77 9738.58 9727.88 9716.3 9704.53 9693.23 9684.15 9670.16 9659.62 9650.9 9645.24 9646.16 9643.71 9641.72 9633.89 9626.59 9617.46 9599.21 9605.03 9617.17 9613.34 9596.34 9582.47 9571.25 9560.55 9550.77 9541.63 9533.16 9526.15 9514.81 9500.53 9487.8 9478.07 9472.54 9466.93 9460.56 9453.27 9444.35 9433.32 9421 9411.75 9411.46 9409.57 9404.47 9390.98
10123.5 10109.5 10092.5 10074.6 10055.9 10037 10018 9997.69 9977.05 9957.11 9937.55 9919.03 9900.95 9883.24 9867.1 9855.42 9851.51 9842.2 9827.78 9815.27 9807.83 9786.98 9770.53 9756.63 9743.73 9731.7 9720.32 9709.19 9695.63 9686.85 9677.94 9669.87 9664.43 9659.9 9657.61 9653.13 9650.1 9645.05 9638.31 9629.91 9629.79 9636.94 9635.95 9625.63 9612.94 9600.3 9587.58 9575.04 9563.39 9551.79 9543.17 9530.7 9515.86 9502.92 9492.66 9486.14 9479.75 9472.51 9464.78 9456.07 9446.29 9436.11 9430.45 9426.32 9422.93 9416.01 9401.53
10139.7 10125.5 10108.5 10089.9 10071.3 10053.8 10035.6 10012.9 9991.73 9971.68 9952.51 9934.68 9917.56 9902.18 9888.67 9877.23 9874.15 9862.66 9850.06 9839.4 9828.63 9808.56 9789.4 9772.7 9759.06 9746.95 9736.1 9726.07 9717.74 9707.02 9696.04 9687.01 9680.72 9677.09 9673.49 9670.28 9666.69 9662.91 9656.72 9649.55 9648.09 9650.03 9654.7 9652.7 9641.46 9626.69 9611.79 9597.66 9583.77 9568.46 9550.01 9540.21 9529.92 9518.5 9509.32 9498.87 9491.88 9484.78 9476.84 9468.66 9460.16 9452.4 9445.65 9440.12 9435.9 9429.7 9412.87
10149.3 10138.5 10121.8 10102.9 10083.8 10064.9 10045.1 10024.8 10004.6 9985.1 9966.81 9949.71 9934.19 9920.5 9909.43 9903.93 9894.83 9879.68 9865.92 9853 9838.74 9821.25 9803.14 9786.09 9772.5 9760.64 9750.27 9741.96 9736.29 9724.59 9711.75 9701.65 9694.47 9688.66 9685.05 9683.12 9683.44 9682.57 9677.51 9665.87 9660.21 9663.76 9672.62 9681.55 9664.73 9647.87 9632.58 9618.45 9604.6 9588.74 9572.75 9558.31 9545.78 9533.32 9520.78 9515.03 9506.29 9497.35 9488.85 9480.72 9472.46 9464.01 9456.8 9450.49 9444.03 9435.98 9421.66
10169.2 10152.1 10132.9 10112.5 10092.8 10073.9 10054.1 10035.1 10015.3 9996.66 9979.48 9963.26 9949.24 9936.85 9923.72 9910.85 9902.73 9890.62 9876.62 9862.32 9847.21 9830.75 9814.06 9798.28 9784.23 9771.67 9761.37 9752.91 9745.9 9735.53 9723.68 9713.93 9706.55 9700.47 9697.23 9700.23 9703.05 9704.34 9703.46 9698.38 9672.32 9675.38 9682.69 9683.08 9676 9662.49 9649.4 9637.45 9625.32 9611.82 9594.66 9579.39 9563.29 9548.39 9539.21 9531.61 9519.6 9509.15 9499.94 9491.42 9482.64 9474.3 9466.69 9459.27 9450.81 9440.25 9428.98
10184 10162.1 10140.5 10119.6 10099.4 10080.8 10065.3 10043.9 10023.2 10005.8 9989.89 9975.5 9962.65 9952.18 9942.6 9924.26 9911.58 9898.81 9884.54 9869.3 9853.87 9837.59 9821.85 9807.75 9794.59 9781.88 9770.76 9760.76 9753.05 9743.8 9731.91 9724.22 9718.75 9714.53 9712.82 9718.53 9722.43 9724.21 9725.45 9722.28 9686.31 9688.4 9691.47 9691.43 9681.18 9671.19 9661.9 9653.4 9644.73 9635.72 9624.02 9601.82 9580.61 9560.84 9542.62 9537.39 9528.42 9519 9509.92 9501.08 9491.93 9483.4 9475.21 9467.66 9459.13 9449.17 9437.09
10186.2 10165.4 10143.9 10122.8 10102.4 10082.7 10065.7 10044.5 10027.9 10013.1 9998.84 9984.67 9972.21 9961.46 9952.18 9935.39 9920.48 9906.55 9891.75 9875.48 9856.85 9840.46 9828.91 9816.22 9803.3 9790.38 9777.63 9765.78 9753.47 9741.3 9737 9733.28 9731.04 9731.02 9733.56 9736.19 9738.36 9738.43 9737.63 9731.93 9702.23 9700.58 9693.29 9688.07 9681.16 9675.33 9670.84 9666.57 9662.22 9655.95 9642.7 9620.96 9597.33 9573.65 9551.49 9542.07 9535.77 9528.48 9520.71 9511.39 9501.63 9492.59 9484.61 9476.59 9467.8 9457 9444.23
10182 10162.9 10143.2 10123.1 10103.3 10081.5 10054.2 10040.8 10032.3 10019.9 10006.6 9992.66 9979.73 9966.39 9949.38 9933.49 9925.67 9913.54 9899.27 9883.26 9865.99 9851.4 9837.75 9825.1 9812.05 9798.5 9785.2 9771.82 9758.71 9749.23 9743.98 9742.12 9742.13 9744.55 9750.03 9748.97 9749.77 9748.17 9742.99 9729.72 9715.53 9703.07 9684.4 9675.62 9675.74 9676.55 9677.4 9677.24 9676.53 9673.41 9661.53 9638.33 9614.23 9589.51 9565.83 9551.64 9546.15 9540.09 9532.48 9523.04 9512.76 9502.39 9492.49 9483.76 9476.19 9465.21 9450.92
10173.2 10157.9 10141 10122.4 10104.4 10086.4 10069.1 10055.3 10041.5 10027.4 10013.2 9999.39 9986.14 9973.04 9957.8 9944.48 9933.72 9921.79 9908 9892.75 9876.25 9859.52 9847.69 9834.36 9821 9807.29 9793.19 9779.63 9767.17 9756.92 9752.09 9750.86 9751.3 9753.19 9754.66 9757.01 9759.63 9756 9749.32 9740.03 9730.53 9700.57 9673.71 9665.76 9672.52 9678.46 9683.37 9686.67 9688.53 9686.26 9674.12 9653.49 9631.14 9608.23 9587.12 9567.6 9562.21 9555.26 9546.17 9537.01 9525.72 9513.35 9499.63 9489.21 9483.28 9472.01 9457.52
10164.8 10151.8 10137 10121.3 10106.3 10092.5 10082.9 10070.9 10050 10033.5 10019.2 10005.7 9992.75 9979.77 9965.84 9954.74 9943.65 9931.49 9918.01 9903.56 9888.37 9874.25 9859.66 9844.59 9829.4 9814.8 9800.9 9788.15 9776.15 9764.94 9761.03 9759.74 9759.57 9760.34 9760.74 9761.99 9763.19 9761.12 9755.77 9747 9735.99 9705.28 9673.19 9668.54 9677.99 9686.11 9691.77 9695.47 9697.9 9698.84 9686.93 9666.97 9647.34 9627.44 9610.37 9593.93 9585.13 9573.58 9561.41 9549.95 9537.33 9523.67 9509.54 9499.22 9490.45 9477.93 9463.66
10159.3 10146.8 10133.3 10119.3 10106 10093.5 10082 10067.5 10052.6 10037.4 10023.6 10011.4 9999.41 9985.94 9971.07 9963.72 9953.84 9941.52 9927.83 9914.07 9900.55 9888.35 9872.03 9854.55 9838.47 9823.5 9809.51 9797.42 9787.05 9779.2 9772.74 9769.18 9767.6 9767.17 9766.8 9766.42 9766.84 9766.03 9763.19 9756.31 9743.61 9724.36 9700.48 9691.19 9693.58 9697.97 9701.85 9703.78 9703.93 9701.25 9692.54 9678.39 9662.07 9645.71 9627.75 9631.23 9610.2 9592.43 9575.95 9561.45 9546.55 9531.94 9517.35 9503.63 9493.02 9482.2 9468.81
10154.6 10143 10130.2 10116.8 10103.8 10091.4 10080.2 10068.6 10051.9 10038.2 10026 10015.5 10006 9996.36 9983.59 9977.31 9965.15 9951.86 9937.49 9922.69 9909.83 9899.03 9881.54 9863.34 9847.22 9832.39 9819.21 9807.3 9797.52 9789.23 9782.49 9778.04 9775.14 9773.52 9772.31 9770.65 9770.36 9770.8 9771.44 9771.79 9765.46 9744.9 9729.45 9718.14 9713.67 9713.02 9713.45 9713.11 9710.77 9703.38 9698.21 9688.38 9676.49 9665.2 9654.5 9642.31 9627.52 9608.07 9589.51 9571.2 9554.28 9538.54 9524.11 9511.42 9498.66 9487.99 9474.81
10150.6 10139.8 10127.3 10114.5 10101.2 10087.9 10074.8 10060.3 10047.8 10036.5 10026.6 10018.3 10012.4 10007.9 9998.69 9988.94 9974.49 9958.69 9943.29 9928.54 9914.27 9899.13 9883.5 9868.75 9854.29 9840.37 9827.78 9816.62 9807.15 9798.97 9792.06 9786.17 9781.93 9778.9 9776.71 9774.32 9773.62 9774.47 9776.49 9779.83 9777.57 9758.26 9749.21 9739.75 9732.69 9728.27 9726.05 9723.7 9720.77 9717.09 9707.97 9698.36 9688.82 9680.87 9677.48 9661.64 9642.7 9620.13 9598.72 9578.65 9560.56 9544.4 9530.18 9518.67 9508.97 9495.61 9483.06
10149 10138.2 10125.5 10112.4 10098.4 10084.1 10069.5 10055.2 10042.9 10032.9 10024.2 10017.7 10014.1 10013.2 10012.8 9997.14 9979.76 9963.35 9947.62 9932.45 9917.29 9901.45 9886.7 9873.75 9860.69 9847.77 9835.87 9825.04 9815.9 9807.64 9800.06 9793.23 9787.89 9783.77 9780.56 9777.63 9775.92 9775.91 9777.55 9778.82 9779.69 9767.97 9765.32 9756.74 9748.32 9741.7 9737.7 9733.91 9729.45 9724.36 9716.28 9707.41 9697.76 9687.53 9676.23 9671.83 9652.11 9626.86 9604.74 9583.88 9564.66 9547.74 9533.09 9521.89 9512.37 9500.31 9489.5
10149.8 10139.2 10126.2 10111.8 10095.9 10080.1 10064.9 10050.5 10037.5 10027.5 10019.5 10013.5 10009.6 10007.3 10004.4 9993.82 9979.51 9964.42 9949.62 9935.16 9920.62 9906.2 9892.71 9879.31 9867 9854.67 9843.28 9832.76 9823.25 9814.81 9806.92 9799.23 9793.06 9788.02 9783.91 9780.37 9776.92 9775.7 9777.06 9778.81 9780.57 9775.52 9778.91 9768.79 9759.76 9752.92 9747.27 9742.33 9736.86 9730.74 9723.6 9715.29 9705.47 9693.16 9679.38 9665.94 9647.68 9627.89 9607.7 9587.62 9567.01 9546.29 9533.99 9524.6 9512.55 9501.28 9490.33
10155.2 10143.6 10128.9 10112.8 10095 10077.5 10060.3 10043.9 10030.1 10020.9 10013.6 10007 10001.6 9995.8 9992.51 9985.81 9975.37 9963.01 9950.07 9936.89 9923.62 9909.7 9895.22 9884.86 9873.21 9861.5 9850.31 9839.52 9829.53 9820.62 9811.68 9804.17 9797.61 9791.76 9786.72 9781.32 9777.89 9775.01 9776.07 9778.16 9779.81 9777.3 9780.15 9773.83 9766.78 9760.54 9755.21 9750 9744.79 9738.23 9730.22 9722.1 9713.23 9701.84 9685.27 9665.14 9644.83 9627.75 9610.31 9591.86 9572.63 9553.38 9540.31 9528.82 9514.08 9501 9488.53
10165.5 10150.9 10134.4 10115.5 10096.5 10076 10056.9 10037.5 10022.8 10014.6 10007.4 10000.5 9994.34 9988.31 9983.92 9977.33 9969.38 9959.65 9949 9937.85 9926.25 9914.83 9904.49 9891.41 9879.58 9868.02 9856.68 9845.76 9835.35 9826.28 9817.24 9808.88 9801.74 9795.35 9789.78 9784.77 9779.21 9775 9775.6 9776.86 9777.22 9775.65 9776.13 9774.05 9769.58 9764.91 9760.28 9755.74 9751.16 9744.09 9735.21 9726.96 9719.5 9712.82 9694.94 9667.34 9644.33 9628.98 9614.42 9598.24 9581.17 9564.82 9548.55 9531.63 9514.11 9501.2 9488.01
10179.4 10161.1 10141.5 10120.8 10099.1 10076.6 10055.9 10036.7 10021.1 10010.3 10001.6 9994.17 9987.48 9979.81 9973.38 9969.48 9963.92 9956.66 9948.15 9938.87 9928.96 9918.84 9907.94 9896.97 9885.35 9873.8 9862.61 9851.56 9841.07 9831.55 9822.04 9813.18 9805.57 9798.81 9792.76 9786.7 9781.25 9777.98 9777 9776.55 9775.04 9773.22 9772.86 9773.1 9771.07 9767.43 9763.09 9758.26 9753.37 9746.05 9737.27 9728.78 9720.47 9711.75 9694.69 9669.36 9642.98 9634.55 9622.01 9606.97 9591.1 9573.82 9557.44 9540.88 9518.21 9504.11 9490.09
10195.5 10172.4 10148.6 10124.4 10101.6 10078.7 10056.7 10037 10020 10007.4 9997.54 9989.05 9981.38 9971.32 9965.93 9963.46 9959.69 9954.13 9947.42 9939.57 9931.15 9922.16 9913.09 9902.04 9890.74 9879.59 9868.29 9857.26 9846.27 9836.07 9825.93 9816.82 9809.21 9802.35 9796.03 9790.13 9784.15 9780.58 9778.54 9777.4 9773.93 9771.6 9772.66 9774.06 9772.83 9769.85 9764.96 9759.15 9752.25 9745.5 9737.46 9728.01 9717.6 9706.06 9693.3 9677.85 9661.76 9648.37 9632.55 9617.01 9602.19 9589.63 9577.04 9554.07 9528.95 9510.57 9494.74
10209.6 10182.5 10155.8 10130.5 10105.3 10081.3 10058 10036.7 10017.7 10004.9 9994.22 9985.16 9977.37 9967.14 9962.85 9960.03 9957.15 9952.71 9947.1 9940.61 9933.34 9925.1 9915.22 9905.48 9895.87 9885.2 9873.79 9862.6 9851.16 9840.8 9829.33 9820.17 9812.88 9806 9799.55 9793.2 9787.18 9782.06 9779.43 9777.51 9773.01 9770.49 9776.46 9776.74 9775.34 9772.64 9767.87 9761.22 9753.06 9746.29 9737.99 9727.57 9714.87 9700.4 9693.68 9687.78 9683.71 9663.4 9642.16 9624.4 9609.71 9598.23 9587.42 9567.29 9538.95 9517.69 9499.22
