real_craters/C147-750m.grd
DSAA
127 127
-47.145 47.145
-47.145 47.145
8187.944972501 10369.701739007
[rows 0 to 37 of 127, columns 0 to 83 of 127]
8818 8821 8816 8812 8806 8812 8802 8787 8795 8801 8801 8798 8811 8826 8840 8854 8871 8882 8897 8903 8897 8918 8976 9049 9134 9238 9314 9344 9388 9398 9380 9372 9368 9370 9372 9375 9380 9386 9388 9397 9413 9427 9443 9459 9475 9492 9507 9523 9544 9550 9543 9569 9612 9649 9683 9691 9667 9649 9618 9586 9568 9579 9591 9593 9540 9462 9358 9319 9462 9409 9321 9199 9066 9031 9042 9051 9062 9076 9094 9106 9115 9123 9127 9108
8811 8803 8791 8791 8800 8811 8816 8811 8815 8825 8820 8814 8823 8835 8847 8860 8873 8890 8892 8895 8887 8910 8966 9032 9103 9181 9244 9330 9373 9391 9378 9360 9363 9370 9376 9377 9380 9385 9390 9401 9412 9428 9445 9463 9481 9500 9520 9537 9553 9571 9575 9588 9618 9661 9707 9720 9711 9673 9638 9604 9584 9596 9602 9607 9555 9475 9400 9281 9505 9466 9362 9219 9093 9064 9078 9091 9102 9106 9122 9142 9153 9157 9155 9127
8802 8792 8785 8780 8794 8811 8821 8825 8832 8836 8837 8835 8838 8845 8855 8864 8870 8877 8879 8877 8890 8909 8961 9011 9064 9116 9225 9293 9344 9377 9373 9354 9357 9371 9380 9377 9378 9381 9385 9399 9413 9430 9449 9469 9489 9509 9531 9554 9565 9578 9594 9607 9630 9684 9717 9728 9721 9693 9665 9639 9624 9618 9615 9620 9580 9519 9447 9282 9518 9487 9387 9246 9120 9101 9108 9124 9135 9133 9172 9180 9190 9189 9171 9145
8822 8800 8780 8787 8800 8816 8824 8831 8837 8846 8848 8849 8851 8856 8863 8868 8872 8864 8860 8879 8900 8939 8962 8997 9035 9084 9185 9238 9305 9356 9355 9336 9348 9359 9365 9370 9373 9374 9372 9388 9412 9435 9456 9477 9496 9516 9538 9564 9575 9587 9599 9617 9645 9668 9719 9718 9711 9706 9690 9673 9653 9644 9636 9641 9611 9553 9482 9306 9530 9529 9424 9269 9144 9140 9141 9157 9171 9177 9187 9211 9230 9239 9219 9170
8816 8798 8788 8803 8809 8816 8827 8836 8843 8847 8852 8852 8858 8865 8870 8870 8868 8854 8841 8870 8892 8916 8948 8983 9019 9057 9133 9191 9261 9323 9318 9336 9339 9345 9354 9366 9373 9373 9364 9386 9415 9439 9462 9483 9503 9522 9538 9561 9579 9596 9606 9622 9639 9664 9718 9739 9733 9724 9711 9703 9703 9680 9659 9670 9636 9572 9497 9322 9551 9567 9453 9297 9171 9173 9175 9189 9204 9214 9214 9240 9263 9285 9269 9208
8816 8802 8812 8813 8815 8820 8830 8840 8849 8852 8856 8859 8866 8872 8877 8875 8849 8842 8845 8862 8880 8899 8937 8979 9019 9048 9089 9151 9212 9274 9287 9308 9319 9333 9340 9369 9381 9386 9388 9401 9424 9445 9470 9492 9512 9528 9538 9550 9581 9597 9592 9632 9670 9690 9734 9772 9762 9741 9722 9711 9710 9707 9686 9673 9638 9573 9497 9340 9518 9575 9467 9323 9218 9208 9200 9217 9233 9250 9255 9267 9283 9291 9272 9221
8822 8807 8810 8817 8818 8822 8832 8842 8850 8855 8861 8868 8873 8878 8882 8881 8848 8849 8865 8851 8873 8905 8942 8983 9030 9083 9083 9113 9171 9198 9223 9257 9291 9329 9364 9387 9395 9401 9405 9418 9433 9452 9481 9504 9525 9541 9551 9566 9586 9597 9603 9646 9692 9700 9737 9772 9769 9744 9722 9701 9680 9697 9691 9683 9652 9581 9518 9379 9438 9568 9480 9342 9257 9247 9251 9248 9255 9273 9284 9287 9293 9295 9274 9238
8811 8816 8813 8815 8820 8825 8832 8840 8848 8857 8866 8876 8880 8882 8880 8879 8835 8855 8890 8876 8881 8907 8941 8981 9028 9070 9079 9106 9149 9174 9196 9220 9263 9318 9381 9398 9400 9408 9418 9428 9441 9465 9490 9514 9542 9564 9577 9588 9605 9609 9623 9661 9693 9717 9747 9776 9767 9744 9724 9698 9676 9681 9677 9669 9637 9576 9508 9412 9371 9554 9474 9355 9283 9277 9274 9271 9274 9283 9290 9294 9294 9287 9271 9244
8816 8830 8815 8819 8823 8828 8832 8837 8845 8859 8871 8882 8887 8885 8874 8848 8834 8852 8873 8881 8883 8899 8927 8970 9013 9051 9076 9103 9116 9143 9165 9193 9234 9288 9346 9374 9383 9394 9412 9428 9448 9474 9499 9528 9554 9584 9624 9641 9640 9635 9663 9687 9704 9737 9764 9773 9769 9748 9726 9705 9682 9681 9668 9649 9609 9561 9509 9445 9384 9535 9468 9370 9325 9303 9294 9288 9288 9293 9296 9296 9290 9279 9255 9227
8814 8827 8819 8821 8825 8830 8835 8840 8847 8860 8877 8891 8896 8893 8886 8869 8837 8858 8874 8872 8884 8912 8938 8966 8988 9018 9058 9087 9102 9115 9135 9158 9191 9240 9286 9320 9348 9365 9395 9421 9449 9479 9510 9536 9565 9590 9621 9652 9671 9695 9705 9734 9768 9790 9803 9787 9776 9759 9738 9715 9694 9679 9663 9638 9603 9548 9489 9456 9405 9505 9453 9376 9351 9323 9295 9289 9302 9304 9306 9299 9289 9273 9249 9223
8818 8822 8823 8821 8825 8832 8839 8846 8854 8871 8886 8897 8903 8901 8899 8897 8887 8871 8892 8943 8932 8947 8979 8967 8960 8974 9026 9067 9078 9093 9120 9131 9160 9192 9228 9269 9311 9338 9375 9416 9450 9484 9512 9541 9567 9591 9625 9657 9690 9712 9728 9749 9796 9835 9851 9834 9802 9779 9754 9728 9704 9684 9663 9636 9597 9546 9494 9472 9426 9481 9445 9383 9374 9340 9308 9306 9316 9322 9313 9303 9290 9270 9244 9219
8823 8823 8821 8820 8830 8836 8845 8854 8865 8887 8895 8900 8905 8905 8904 8902 8895 8897 8912 8942 8943 8947 8951 8963 8949 8959 9004 9042 9068 9072 9074 9091 9110 9149 9182 9220 9288 9341 9382 9415 9448 9482 9515 9544 9574 9598 9627 9669 9715 9745 9748 9767 9838 9874 9885 9864 9831 9801 9773 9744 9714 9689 9667 9641 9603 9559 9516 9488 9455 9478 9451 9393 9377 9351 9322 9317 9332 9337 9321 9313 9300 9278 9248 9226
8818 8821 8817 8822 8830 8837 8849 8863 8878 8885 8895 8902 8906 8906 8904 8906 8903 8900 8908 8891 8894 8936 8968 8966 8962 8970 8997 9027 9040 9046 9044 9057 9090 9118 9156 9210 9271 9336 9378 9408 9443 9478 9514 9547 9581 9608 9644 9681 9722 9756 9772 9800 9868 9907 9904 9889 9860 9827 9793 9760 9730 9700 9679 9661 9639 9604 9553 9521 9481 9506 9482 9436 9398 9370 9342 9342 9349 9337 9331 9330 9316 9293 9263 9249
8818 8815 8815 8820 8826 8836 8851 8867 8883 8892 8898 8904 8908 8906 8902 8904 8902 8896 8900 8905 8927 8944 8958 8964 8966 8975 8991 9010 9017 9016 9009 9018 9049 9087 9129 9178 9244 9296 9354 9396 9436 9475 9513 9549 9586 9621 9658 9691 9725 9760 9797 9835 9897 9939 9949 9925 9888 9854 9818 9780 9745 9721 9698 9684 9675 9643 9584 9547 9505 9534 9507 9461 9436 9400 9372 9382 9381 9359 9364 9351 9332 9309 9283 9263
8818 8819 8815 8819 8816 8837 8854 8870 8885 8896 8902 8907 8909 8905 8902 8904 8900 8896 8895 8900 8930 8945 8955 8960 8961 8970 8980 8989 8994 8994 8968 8978 9011 9054 9103 9153 9220 9280 9330 9375 9421 9468 9509 9551 9594 9638 9681 9709 9746 9790 9835 9876 9931 9982 1.001e+004 9969 9920 9883 9842 9804 9769 9748 9718 9695 9670 9630 9593 9559 9529 9533 9516 9464 9451 9436 9418 9409 9408 9402 9388 9370 9352 9328 9311 9285
8819 8823 8815 8829 8834 8845 8859 8872 8884 8893 8900 8906 8908 8904 8903 8900 8893 8887 8887 8891 8904 8925 8940 8951 8958 8963 8969 8974 8981 8968 8952 8955 8983 9031 9083 9138 9196 9249 9305 9356 9407 9458 9507 9552 9595 9637 9687 9726 9775 9830 9891 9950 1e+004 1.003e+004 1.003e+004 1.001e+004 9965 9919 9873 9831 9803 9769 9727 9706 9676 9639 9609 9579 9576 9559 9541 9505 9492 9483 9472 9446 9440 9428 9401 9384 9371 9338 9310 9299
8823 8824 8822 8837 8848 8855 8865 8875 8883 8891 8900 8908 8915 8905 8890 8875 8885 8885 8881 8877 8882 8906 8923 8936 8947 8953 8958 8962 8961 8953 8915 8913 8958 9013 9065 9120 9173 9221 9280 9339 9399 9450 9499 9551 9598 9648 9704 9752 9792 9870 9940 1.002e+004 1.007e+004 1.009e+004 1.009e+004 1.005e+004 1e+004 9958 9910 9862 9835 9799 9756 9736 9709 9681 9653 9644 9636 9615 9607 9594 9563 9540 9520 9487 9469 9453 9427 9410 9400 9353 9317 9305
8830 8825 8833 8844 8857 8865 8872 8880 8887 8894 8905 8914 8910 8898 8886 8882 8884 8887 8876 8869 8884 8893 8908 8922 8928 8940 8949 8955 8957 8918 8884 8884 8928 8986 9043 9100 9146 9193 9258 9319 9384 9437 9496 9551 9603 9665 9733 9802 9880 9946 1e+004 1.007e+004 1.013e+004 1.015e+004 1.014e+004 1.009e+004 1.005e+004 9996 9948 9909 9887 9856 9824 9778 9746 9728 9697 9682 9673 9664 9653 9663 9629 9592 9552 9525 9501 9482 9462 9445 9429 9380 9354 9327
8842 8828 8836 8848 8862 8871 8879 8886 8894 8902 8911 8912 8904 8890 8881 8879 8879 8877 8868 8862 8866 8886 8895 8897 8915 8932 8943 8944 8923 8885 8861 8860 8903 8964 9026 9081 9125 9177 9239 9305 9372 9436 9496 9559 9619 9684 9762 9854 9952 1.004e+004 1.012e+004 1.016e+004 1.022e+004 1.02e+004 1.017e+004 1.012e+004 1.007e+004 1.002e+004 9980 9950 9916 9883 9845 9806 9775 9752 9727 9712 9718 9723 9684 9690 9666 9643 9612 9561 9533 9510 9487 9467 9444 9414 9379 9339
8838 8827 8842 8860 8870 8876 8884 8891 8900 8909 8916 8915 8914 8903 8883 8868 8868 8865 8859 8853 8851 8883 8891 8906 8915 8930 8943 8947 8925 8875 8851 8850 8890 8952 9013 9080 9134 9178 9236 9304 9371 9437 9505 9571 9645 9726 9806 9901 9996 1.01e+004 1.02e+004 1.023e+004 1.023e+004 1.021e+004 1.017e+004 1.012e+004 1.007e+004 1.003e+004 1e+004 9968 9932 9902 9862 9828 9795 9762 9746 9748 9754 9746 9714 9671 9678 9681 9657 9598 9554 9538 9513 9487 9463 9419 9368 9341
8840 8834 8851 8864 8873 8878 8884 8893 8903 8913 8914 8924 8922 8916 8885 8864 8859 8854 8848 8844 8846 8862 8878 8893 8911 8925 8942 8955 8956 8886 8854 8855 8885 8928 9001 9078 9132 9180 9238 9306 9378 9445 9515 9588 9669 9758 9847 9944 1.004e+004 1.012e+004 1.018e+004 1.022e+004 1.021e+004 1.018e+004 1.015e+004 1.012e+004 1.009e+004 1.005e+004 1.002e+004 9984 9957 9926 9893 9853 9815 9785 9769 9766 9766 9762 9734 9687 9698 9703 9686 9644 9618 9575 9540 9505 9477 9441 9398 9356
8838 8841 8854 8864 8869 8876 8883 8892 8903 8912 8915 8920 8912 8895 8884 8865 8864 8847 8836 8833 8836 8847 8862 8875 8893 8914 8933 8949 8948 8889 8869 8868 8895 8932 8993 9064 9120 9190 9247 9315 9385 9452 9529 9608 9688 9780 9876 9995 1.008e+004 1.012e+004 1.016e+004 1.02e+004 1.02e+004 1.017e+004 1.014e+004 1.011e+004 1.008e+004 1.005e+004 1.002e+004 1.001e+004 9984 9945 9907 9870 9837 9810 9792 9781 9775 9777 9766 9746 9732 9724 9707 9685 9660 9603 9556 9521 9493 9465 9414 9369
8835 8843 8852 8864 8868 8872 8881 8891 8900 8909 8915 8919 8904 8877 8868 8845 8819 8820 8821 8822 8828 8838 8854 8871 8888 8905 8919 8928 8918 8880 8875 8902 8921 8939 8989 9058 9138 9203 9262 9325 9391 9464 9540 9621 9709 9800 9886 9981 1.007e+004 1.012e+004 1.016e+004 1.02e+004 1.02e+004 1.017e+004 1.015e+004 1.011e+004 1.007e+004 1.003e+004 1.001e+004 9997 9982 9950 9916 9884 9855 9829 9807 9791 9780 9776 9779 9774 9757 9744 9726 9701 9657 9612 9564 9530 9497 9462 9421 9377
8832 8835 8841 8850 8851 8864 8874 8884 8895 8906 8913 8911 8895 8877 8863 8828 8788 8799 8809 8814 8820 8829 8855 8886 8889 8899 8906 8907 8896 8870 8868 8893 8918 8947 8990 9053 9132 9207 9268 9336 9407 9477 9550 9629 9718 9808 9887 9971 1.006e+004 1.013e+004 1.018e+004 1.024e+004 1.023e+004 1.021e+004 1.017e+004 1.012e+004 1.007e+004 1.002e+004 9996 9976 9965 9948 9925 9899 9870 9843 9819 9800 9785 9778 9774 9773 9767 9754 9734 9711 9661 9627 9588 9549 9501 9460 9419 9381
8830 8829 8835 8833 8849 8855 8864 8876 8889 8902 8911 8907 8884 8869 8852 8833 8818 8806 8808 8813 8818 8830 8855 8880 8890 8896 8897 8893 8882 8867 8882 8913 8938 8967 8998 9047 9121 9205 9268 9336 9407 9482 9555 9628 9706 9799 9889 9987 1.007e+004 1.015e+004 1.021e+004 1.029e+004 1.03e+004 1.028e+004 1.02e+004 1.013e+004 1.007e+004 1.002e+004 9987 9966 9957 9947 9932 9910 9884 9855 9828 9809 9794 9781 9773 9780 9773 9757 9735 9701 9689 9648 9607 9574 9514 9462 9426 9391
8823 8834 8836 8832 8835 8841 8852 8867 8882 8896 8906 8901 8881 8861 8857 8843 8825 8818 8814 8815 8818 8835 8852 8875 8890 8897 8898 8891 8881 8879 8939 8966 8987 8998 9022 9056 9118 9188 9256 9328 9405 9480 9553 9626 9699 9794 9893 9987 1.007e+004 1.015e+004 1.021e+004 1.027e+004 1.03e+004 1.027e+004 1.021e+004 1.014e+004 1.008e+004 1.002e+004 9988 9967 9961 9952 9939 9921 9895 9866 9843 9821 9802 9789 9778 9787 9780 9764 9743 9718 9677 9644 9613 9569 9512 9488 9449 9410
8825 8833 8823 8829 8828 8826 8840 8855 8871 8887 8905 8908 8900 8881 8882 8859 8839 8831 8826 8822 8820 8829 8854 8871 8886 8902 8908 8909 8907 8928 8991 9000 9015 9017 9024 9074 9120 9169 9241 9316 9392 9475 9554 9637 9719 9813 9910 9997 1.008e+004 1.014e+004 1.019e+004 1.024e+004 1.028e+004 1.027e+004 1.022e+004 1.015e+004 1.009e+004 1.003e+004 1e+004 9989 9973 9960 9944 9930 9899 9873 9849 9830 9818 9803 9792 9795 9794 9778 9751 9718 9692 9666 9638 9586 9566 9519 9480 9438
8786 8780 8787 8810 8796 8809 8829 8841 8852 8867 8887 8901 8899 8893 8887 8871 8852 8841 8835 8831 8830 8833 8861 8881 8904 8915 8922 8934 8938 8939 8971 8996 9014 9047 9094 9092 9121 9163 9231 9306 9387 9462 9549 9648 9757 9840 9936 1.002e+004 1.008e+004 1.013e+004 1.019e+004 1.024e+004 1.027e+004 1.026e+004 1.021e+004 1.016e+004 1.01e+004 1.005e+004 1.002e+004 1e+004 9987 9968 9946 9918 9898 9879 9859 9842 9831 9831 9819 9810 9811 9799 9768 9735 9707 9685 9676 9646 9643 9565 9520 9472
8756 8760 8767 8771 8796 8822 8822 8823 8826 8833 8844 8871 8883 8886 8884 8880 8863 8845 8837 8837 8842 8855 8861 8884 8912 8924 8927 8924 8933 8944 8961 8986 9018 9056 9092 9108 9133 9166 9224 9295 9368 9447 9534 9634 9744 9849 9962 1.005e+004 1.01e+004 1.013e+004 1.018e+004 1.022e+004 1.024e+004 1.025e+004 1.021e+004 1.016e+004 1.011e+004 1.006e+004 1.004e+004 1.002e+004 1e+004 9977 9954 9928 9907 9890 9871 9856 9849 9839 9834 9828 9834 9825 9797 9768 9739 9713 9720 9717 9698 9640 9569 9512
8753 8758 8760 8768 8799 8822 8809 8803 8799 8794 8790 8825 8863 8869 8870 8858 8846 8837 8834 8837 8843 8852 8862 8893 8918 8929 8929 8930 8932 8942 8954 8979 9007 9052 9093 9117 9142 9163 9217 9286 9356 9432 9513 9604 9717 9837 9974 1.006e+004 1.011e+004 1.015e+004 1.018e+004 1.023e+004 1.027e+004 1.023e+004 1.02e+004 1.015e+004 1.011e+004 1.008e+004 1.005e+004 1.003e+004 1.001e+004 9987 9962 9938 9920 9908 9896 9885 9881 9865 9860 9845 9855 9854 9831 9808 9784 9764 9781 9768 9732 9682 9611 9547
8753 8781 8800 8782 8781 8777 8783 8781 8775 8767 8763 8785 8841 8836 8824 8815 8815 8817 8821 8826 8833 8845 8871 8918 8931 8935 8929 8927 8932 8939 8956 8988 9025 9068 9109 9142 9164 9173 9222 9288 9354 9422 9493 9567 9676 9802 9940 1.004e+004 1.011e+004 1.018e+004 1.023e+004 1.025e+004 1.024e+004 1.022e+004 1.018e+004 1.014e+004 1.011e+004 1.008e+004 1.006e+004 1.004e+004 1.002e+004 9995 9973 9952 9937 9938 9941 9935 9931 9911 9894 9889 9884 9888 9879 9859 9841 9834 9823 9797 9753 9701 9638 9577
8743 8778 8782 8781 8775 8772 8770 8767 8761 8757 8757 8799 8843 8791 8779 8769 8788 8803 8813 8818 8821 8836 8883 8924 8921 8919 8912 8923 8934 8948 8965 8995 9044 9091 9129 9164 9192 9204 9248 9303 9359 9420 9484 9553 9651 9758 9871 9982 1.008e+004 1.016e+004 1.024e+004 1.025e+004 1.024e+004 1.02e+004 1.017e+004 1.013e+004 1.01e+004 1.007e+004 1.006e+004 1.004e+004 1.002e+004 1e+004 9983 9969 9965 9972 9991 1.001e+004 9983 9954 9933 9929 9931 9941 9929 9915 9893 9868 9845 9824 9772 9712 9657 9602
8748 8768 8768 8775 8775 8761 8763 8759 8756 8753 8757 8781 8778 8811 8786 8765 8775 8787 8797 8805 8811 8824 8850 8877 8874 8866 8886 8911 8937 8968 8999 9013 9060 9096 9123 9188 9225 9245 9281 9322 9367 9419 9480 9565 9626 9714 9818 9921 1.002e+004 1.012e+004 1.019e+004 1.022e+004 1.022e+004 1.017e+004 1.014e+004 1.011e+004 1.009e+004 1.007e+004 1.005e+004 1.003e+004 1.002e+004 1e+004 9991 9984 9980 9993 1.002e+004 1.003e+004 1.002e+004 1.001e+004 9993 9986 9989 1.001e+004 1.001e+004 9978 9948 9918 9891 9854 9798 9732 9679 9629
8756 8770 8771 8780 8792 8783 8761 8757 8757 8755 8753 8750 8755 8798 8820 8799 8789 8796 8803 8808 8813 8815 8827 8834 8844 8851 8871 8902 8946 8990 9027 9050 9086 9126 9127 9208 9242 9270 9307 9337 9373 9415 9461 9523 9588 9663 9754 9852 9953 1.005e+004 1.012e+004 1.015e+004 1.015e+004 1.012e+004 1.01e+004 1.009e+004 1.008e+004 1.006e+004 1.004e+004 1.002e+004 1.001e+004 1.001e+004 1e+004 9998 9993 1.001e+004 1.004e+004 1.005e+004 1.005e+004 1.006e+004 1.004e+004 1.007e+004 1.008e+004 1.007e+004 1.007e+004 1.003e+004 9996 9965 9935 9889 9828 9757 9707 9664
8792 8791 8781 8789 8802 8770 8761 8764 8764 8762 8758 8754 8756 8793 8845 8801 8810 8813 8813 8812 8816 8816 8828 8831 8842 8856 8876 8912 8964 9013 9047 9073 9103 9134 9155 9179 9232 9279 9321 9344 9372 9405 9436 9476 9543 9609 9688 9772 9858 9937 1.002e+004 1.007e+004 1.009e+004 1.009e+004 1.008e+004 1.007e+004 1.007e+004 1.005e+004 1.003e+004 1.002e+004 1.001e+004 1.001e+004 1.002e+004 1.002e+004 1.003e+004 1.005e+004 1.007e+004 1.008e+004 1.009e+004 1.008e+004 1.011e+004 1.014e+004 1.009e+004 1.01e+004 1.01e+004 1.006e+004 1.003e+004 9998 9961 9908 9852 9786 9742 9708
8817 8797 8798 8798 8794 8788 8780 8773 8770 8769 8767 8767 8762 8858 8883 8881 8854 8834 8823 8820 8818 8819 8823 8841 8855 8869 8897 8938 8992 9046 9086 9105 9120 9129 9158 9198 9228 9270 9312 9342 9371 9403 9432 9472 9517 9568 9632 9704 9772 9866 9946 9995 1.003e+004 1.005e+004 1.006e+004 1.005e+004 1.005e+004 1.005e+004 1.003e+004 1.001e+004 1.001e+004 1.002e+004 1.003e+004 1.005e+004 1.007e+004 1.009e+004 1.011e+004 1.012e+004 1.011e+004 1.013e+004 1.016e+004 1.016e+004 1.011e+004 1.011e+004 1.01e+004 1.007e+004 1.004e+004 1.001e+004 9964 9921 9869 9817 9784 9758
8822 8829 8824 8817 8809 8795 8780 8779 8778 8779 8782 8779 8772 8821 8877 8899 8863 8843 8837 8831 8828 8827 8838 8864 8875 8898 8919 8964 9023 9085 9143 9162 9155 9157 9155 9175 9210 9251 9301 9330 9366 9400 9439 9480 9510 9541 9593 9655 9728 9821 9890 9940 9976 1e+004 1.002e+004 1.003e+004 1.003e+004 1.004e+004 1.002e+004 1.001e+004 1.002e+004 1.003e+004 1.005e+004 1.007e+004 1.01e+004 1.012e+004 1.015e+004 1.017e+004 1.018e+004 1.019e+004 1.017e+004 1.015e+004 1.014e+004 1.012e+004 1.008e+004 1.006e+004 1.003e+004 1e+004 9966 9933 9903 9868 9836 9807
8858 8868 8855 8838 8815 8793 8784 8786 8788 8789 8791 8796 8790 8793 8815 8821 8832 8842 8843 8843 8844 8843 8862 8878 8894 8926 8956 8997 9053 9116 9183 9205 9182 9176 9174 9168 9194 9235 9276 9320 9362 9396 9427 9478 9520 9539 9580 9629 9680 9769 9841 9896 9935 9958 9978 9996 1.001e+004 1.002e+004 1.001e+004 1e+004 1.002e+004 1.003e+004 1.006e+004 1.009e+004 1.012e+004 1.014e+004 1.017e+004 1.02e+004 1.02e+004 1.019e+004 1.016e+004 1.014e+004 1.014e+004 1.011e+004 1.006e+004 1.004e+004 1.003e+004 1e+004 9977 9951 9935 9916 9896 9878
