real_craters/C147-500m.grd
DSAA
190 190
-47.145 47.145
-47.145 47.145
8178.0035984681 10416.347328288
[rows 120 to 149 of 190, columns 67 to 133 of 190]
9601.27 9613.98 9616.82 9621.72 9630.58 9641.91 9654.06 9666.25 9677.03 9683.77 9684.22 9675.58 9677.96 9682.46 9686.94 9695 9704.35 9718.65 9737.31 9761.69 9788.19 9802.26 9797.24 9770.58 9750.26 9739.45 9736.25 9741.83 9747.79 9765.35 9754.67 9744.8 9748.74 9756.73 9770.24 9769.2 9750.61 9737.87 9725.52 9708.73 9682.46 9644.9 9631.82 9623.77 9624.05 9634.65 9641.04 9647.47 9652.52 9650.43 9644.96 9645.37 9651.67 9660.16 9672.61 9690.34 9696.18 9693.01 9680.81 9667.26 9654.2 9639.67 9627.1 9618.28 9617.97 9620.5 9625.78
9594.35 9601.44 9608.79 9616.06 9624.15 9634.11 9645.65 9657.29 9667.72 9677.15 9676.96 9663.82 9664.67 9667.86 9672.47 9679.12 9688.42 9704.17 9720 9736.52 9751.27 9758.53 9748.23 9735.42 9723.51 9712.31 9704.23 9711.57 9713.71 9714.32 9706.97 9699.4 9711.94 9729.84 9746.31 9744.46 9732.37 9720.39 9708.5 9695.55 9674.39 9638.1 9625.78 9620.55 9627.3 9635.78 9646.35 9654.74 9662.13 9662.49 9645.04 9645.29 9654.55 9665.33 9675 9692.57 9693.38 9692.22 9675.89 9658.86 9645.99 9631.31 9616.9 9605.28 9601.56 9602.98 9607.6
9583.28 9588.1 9597.51 9605.44 9613.35 9622.8 9636.64 9648.16 9659.51 9669.16 9667.75 9652.81 9650.74 9651.49 9656.78 9663.98 9671.78 9689.86 9698.54 9705.71 9709.24 9707.74 9697.96 9691.42 9687.71 9682.96 9676.89 9670.07 9667.23 9653.7 9647.42 9665.5 9681.68 9697.72 9707.43 9710.02 9706.69 9699.74 9692.3 9683.67 9673.92 9642.57 9628.45 9625.77 9632.4 9638.7 9644.12 9657.55 9671.18 9674.38 9642.1 9648.17 9663.47 9674.59 9695.22 9717.44 9725.39 9703.32 9679.15 9657.51 9642.94 9628.19 9610.98 9593.8 9586.7 9587.41 9589.34
9569.04 9579.65 9585.72 9591.77 9599.5 9608.81 9619.71 9631.8 9644.54 9656.62 9654.4 9635.5 9633.77 9634.11 9637.43 9642.51 9648.49 9655.47 9660.74 9663.95 9663.68 9659.45 9652.14 9650.59 9651.41 9651.71 9643.96 9627.87 9627.31 9633.99 9648.44 9662.78 9670.19 9672.21 9671.34 9678.57 9681.79 9680.49 9675.54 9667.44 9654.77 9640.7 9631.59 9636.49 9641.51 9645.23 9647.89 9663.35 9676.12 9678.03 9649.18 9658.35 9679.63 9700.18 9715.86 9732.86 9734.54 9714.74 9686.96 9661.66 9646.35 9626.69 9609 9588.13 9576.34 9574.24 9575.25
9550.18 9564.91 9567.28 9572.59 9580.74 9590.62 9601.61 9613.57 9625.46 9635.52 9629 9613.49 9609.14 9608.23 9610.4 9614.04 9618.17 9623.41 9626.82 9627.11 9624.01 9617 9608.89 9610.93 9613.84 9617.25 9607.42 9593.09 9602.82 9625.96 9647.68 9669.37 9666.42 9657.04 9648.08 9656.95 9663.35 9664.04 9660.15 9652.07 9644.81 9638.18 9636.51 9641.83 9650.3 9654.3 9661.7 9670 9674.05 9675.61 9658.02 9670.63 9695.75 9714.16 9733.02 9747.36 9744.37 9725.05 9699.25 9674.65 9661.33 9634.37 9609.18 9585.68 9569.35 9564.1 9563
9501.74 9525.72 9537.08 9546.73 9556.65 9567.09 9579.55 9590.22 9600.28 9608.25 9603.59 9583.27 9579.85 9579.9 9581.42 9584.21 9587.09 9589.48 9590.42 9591.49 9589.57 9587.44 9582.48 9577.11 9574.19 9574.76 9563.96 9554.33 9579.96 9617.52 9656.52 9672.28 9664.56 9651.68 9642.09 9648.76 9652.87 9653.6 9649.65 9641.56 9637.71 9644.41 9645.84 9648.33 9656.68 9663.14 9666.33 9673.11 9673.34 9671.93 9669.58 9673.89 9702.05 9721.3 9741.74 9763.53 9754.85 9731.98 9710.5 9700.01 9677.81 9650.35 9612.19 9585.8 9565.49 9556.86 9552.47
9458.62 9483.22 9501.64 9515.29 9526.81 9538.15 9549.36 9559.82 9568.68 9570.22 9542.81 9544.9 9545.79 9547.14 9549.38 9551.87 9553.44 9556.2 9556.76 9556.62 9555.49 9556.84 9549.09 9534.35 9531.95 9530.71 9523.37 9523 9560.11 9603.99 9640.98 9660.98 9661.55 9655.68 9649.24 9649.52 9649.05 9646.92 9644.41 9640.8 9639.75 9643.06 9647.9 9645.69 9663.86 9672.57 9677.7 9680.55 9674.55 9675.32 9669.51 9671.39 9699.39 9720.98 9739.21 9746.24 9743.83 9726.73 9706.89 9686.32 9669.37 9646.79 9618.66 9588.29 9561.38 9552 9545.93
9442.14 9457.03 9471.67 9484.56 9495.92 9506.4 9516.21 9525.08 9533.34 9541.5 9524.84 9512.02 9513.07 9515.09 9517.56 9519.81 9521.02 9522.18 9521.45 9522.48 9520.84 9518.73 9510.84 9503.6 9495.63 9491.31 9495.69 9510.63 9544.45 9586.9 9632.76 9647.09 9655.44 9664.06 9663.5 9655.4 9648.74 9643.98 9641.4 9643.08 9641.79 9638.91 9644.44 9653.99 9675.01 9678.49 9685.67 9686.99 9671.93 9665.01 9654.88 9687.23 9701.52 9717.25 9731.39 9737.76 9728.58 9712.74 9694.77 9678.07 9658.6 9640.45 9622.2 9596.55 9566.79 9550.93 9540.82
9432.03 9437.61 9445.53 9455.65 9465.93 9475.62 9484.64 9491.38 9494.75 9491.43 9476.75 9476.63 9479.45 9482.63 9484.8 9487.16 9488.87 9489.58 9488.32 9487.91 9486.19 9483.23 9476.29 9471.95 9466.98 9465.46 9474.59 9494.13 9524.89 9560.47 9599.05 9621.35 9640.58 9662.63 9666.11 9655.92 9646.92 9639.96 9634.37 9631.38 9634.09 9636.25 9641.03 9647.9 9658.26 9673.32 9688.3 9696.61 9670.96 9656.38 9658.08 9689.88 9700.62 9710.07 9719.9 9726.2 9711.48 9692.75 9674.75 9660.11 9641.97 9634.4 9622.69 9604.56 9570.04 9549.61 9535.43
9419.43 9417.34 9422.13 9429.68 9437.97 9445.43 9452.58 9457.48 9458 9451.47 9441.18 9442.15 9445.93 9449.22 9452.42 9455.24 9456.55 9457.76 9457.53 9456.22 9453.87 9449.16 9441.92 9440.9 9441.14 9444.89 9453.81 9473.31 9498.85 9528.16 9559.66 9584.73 9613.53 9642.41 9651.33 9646.52 9640.35 9634.12 9627.48 9624.07 9629.35 9635.37 9633.79 9633.57 9644.74 9662.25 9678.9 9679.75 9667.8 9651 9657.84 9679.34 9689.34 9694.5 9699.51 9699.19 9684.38 9664.59 9644.74 9625.67 9611.76 9612.04 9606.44 9594.36 9568.77 9544 9527.13
9415.82 9397.07 9397.78 9402.14 9407.98 9414.41 9421.33 9426.22 9428.17 9423.28 9412.51 9417.26 9422.95 9428.26 9432.57 9434.9 9435.93 9436.56 9435.08 9432.37 9428.62 9420.77 9415.55 9416.37 9418.16 9422.98 9435.93 9453.39 9474.4 9494.96 9514.19 9546.01 9578.74 9610.93 9624.3 9630.02 9630.73 9630.14 9625.16 9620.49 9634.13 9642.98 9638.4 9632.27 9637.63 9651.89 9667.15 9683.12 9657.68 9676.84 9675.19 9672.25 9674.32 9675.59 9675.06 9670.47 9654.31 9634.92 9613.46 9593.94 9584.41 9581.04 9579.39 9568.69 9548.19 9528.88 9513.86
9404.07 9378.02 9375.97 9377.19 9380.22 9385.18 9390.88 9396.2 9400.37 9396.3 9385.5 9390.71 9395.8 9400.75 9407.35 9410.12 9411.66 9412.73 9410.62 9409.32 9405.04 9399.89 9392.92 9392.98 9402.43 9412.62 9424.06 9438.05 9453.51 9468.93 9478.02 9513.05 9543.89 9570.52 9595.73 9611.7 9621.09 9627.43 9631.8 9636.38 9650.99 9659.21 9646.32 9640.67 9643.42 9647.65 9652.97 9663.62 9681.32 9695.12 9696.89 9674.18 9662.46 9656.9 9648.26 9638.38 9625.93 9606.15 9584.81 9565.81 9556.39 9555.19 9553.95 9544.7 9527.12 9510.48 9498.46
9394.55 9366.75 9357.55 9355.58 9357.49 9360.05 9365.16 9369.76 9371.96 9367.86 9363.88 9370.62 9376.38 9381.97 9386.75 9390.42 9392.19 9393.95 9392.69 9391.57 9388.85 9384.44 9378.71 9381.15 9389.97 9399.46 9415.1 9424.11 9435.75 9450.8 9471.06 9487.64 9518.16 9545.42 9572.82 9594.17 9611.07 9626.48 9641.16 9656.25 9671.75 9682.39 9667.86 9659.45 9656.49 9649.26 9645.36 9663.86 9685.04 9703.74 9714.7 9667.8 9654.68 9647.59 9638.82 9623.86 9606.16 9584.4 9559.54 9538.81 9537.54 9536.63 9534.63 9528.78 9510.43 9491.61 9481.35
9373.05 9348.99 9336.12 9333.01 9334.27 9338.53 9343.23 9346.01 9347.17 9345.36 9344.9 9351.13 9356.24 9361.64 9366.48 9371.85 9374.15 9376.83 9377.05 9378.9 9377.16 9375.34 9370.75 9368.68 9371.55 9379.58 9397.93 9405.36 9417.37 9431.98 9446.61 9478.22 9501.93 9534.12 9556.48 9578.37 9600.4 9624.07 9648.95 9669.43 9687.68 9700.53 9691.88 9686.29 9678.58 9660.32 9646.64 9675.71 9691.77 9709.46 9723.36 9699.34 9659.33 9647.21 9632.62 9615.43 9593.01 9568.34 9542.81 9518.9 9517.36 9518.65 9515.44 9511.44 9494.84 9477.62 9465.15
9333.26 9313.56 9307.91 9308.31 9312.5 9317.54 9323.24 9327.17 9327.55 9323.54 9327.78 9334.96 9340.42 9345.66 9350.32 9354.76 9358.79 9362.92 9365.59 9365.47 9367.05 9369.05 9369.54 9371.59 9360.3 9362.82 9371.21 9385.61 9398.87 9413.67 9431.94 9445.88 9482.85 9515.35 9538.57 9561.18 9585.94 9614.33 9649.36 9676.1 9693.75 9708.95 9720.57 9716.63 9707.09 9678.43 9662.19 9682.43 9695.01 9716.82 9733.08 9717.74 9671.41 9650.42 9633.34 9608.23 9582.47 9556.81 9532.31 9508.05 9496.04 9496.91 9494.34 9487.54 9473.4 9457.21 9449.45
9287.84 9273.71 9276.13 9283.73 9292.44 9300.62 9307.77 9312.7 9313.75 9316.19 9314.31 9321.28 9326.62 9332.21 9336.03 9340.57 9345.16 9349.24 9351.43 9356.1 9359.9 9363.81 9366.64 9365.29 9351.15 9352.71 9360.53 9371.45 9383.57 9393.37 9411.49 9446.05 9468.81 9492.35 9516.63 9539.61 9563.51 9590.52 9620.78 9653.63 9684.11 9708.37 9729.61 9726.65 9704.84 9701.76 9681.11 9685.46 9711.64 9753.3 9744.27 9721.19 9677.7 9652.96 9627.52 9597.61 9569.83 9547.36 9527.73 9511.16 9486.51 9479.84 9476.86 9468.41 9456.11 9445.89 9435.81
9242.34 9234.52 9247 9261.83 9274.59 9285.49 9294.78 9302.06 9306.2 9297.25 9299.18 9306.02 9310.89 9316.05 9320.21 9325.93 9329.96 9334.96 9339.32 9345.85 9350.99 9356.73 9361.07 9365.72 9353.56 9345.62 9349.56 9360.03 9373.91 9390.69 9406.59 9427.93 9450.07 9471.72 9492.85 9513.94 9535.17 9557.54 9581.3 9615.84 9653.94 9685 9672.81 9664.99 9660.45 9684.47 9678.83 9683.42 9706.31 9751.87 9735 9706.63 9693.74 9652.02 9608.15 9579.4 9554.77 9534.71 9519.5 9514.1 9488.25 9471.46 9465.56 9461.05 9452.82 9435.29 9423.24
9208.18 9209.49 9228.84 9246.28 9260.16 9271.74 9282.1 9290.41 9290.68 9286.53 9286.82 9293.25 9297.69 9302.9 9307.87 9313.27 9318.76 9324.78 9330.31 9335.68 9341.84 9347.2 9352.02 9354.95 9351.62 9340.14 9340.97 9350.3 9363.21 9382.21 9394.12 9405.11 9427.53 9450.27 9467.58 9485.35 9504.19 9523.46 9542.81 9571.51 9595.7 9609.47 9617.47 9619.01 9618.26 9636.67 9650.64 9668.41 9694.37 9722.28 9704.19 9674.5 9699.71 9647.08 9590.94 9561.11 9538.98 9519.69 9502.58 9482.57 9474.21 9459.17 9455.25 9455.77 9451.51 9426.77 9411.83
9190.18 9210.18 9224.79 9237.25 9248.87 9259.87 9269.8 9279.12 9283.24 9275.68 9273.8 9279.54 9283.61 9288.17 9293.49 9297.26 9302.36 9310.62 9316.24 9321.96 9328.86 9333.83 9338.67 9343.83 9350.17 9340.1 9336.71 9340.07 9347.32 9358.65 9372.42 9389.01 9407.71 9424.51 9439.93 9455.64 9472.75 9492.21 9517.02 9533.71 9548.2 9557.59 9566.37 9583.08 9588.21 9595.68 9612.55 9627.07 9646.83 9671.06 9668.61 9653.08 9689.98 9631.99 9572.45 9544.17 9522.17 9503.07 9486.02 9473 9457.71 9442.82 9442.3 9442.41 9435.87 9414.92 9400.98
9182.55 9205.76 9220.18 9228.96 9238.25 9247.64 9256.83 9264.57 9264.47 9259.91 9263.52 9267.28 9271.54 9276.99 9281.94 9288.67 9293.46 9297.97 9304.01 9308.39 9313.38 9319.22 9323.47 9328.73 9329.14 9331.81 9329.22 9327.66 9329.06 9334.44 9347.26 9364.95 9392.43 9398.31 9411.55 9426.07 9441.66 9459.06 9481.15 9503.68 9517.75 9526.89 9530.34 9544.32 9555.08 9561.45 9581.29 9600.17 9612.53 9637.97 9639.72 9626.42 9646.75 9610.63 9557.48 9527.26 9503.56 9487.55 9470.08 9457.21 9448.89 9435.87 9431.25 9426.98 9416.95 9403.11 9394.13
9177.13 9197.33 9209.44 9216.55 9226.18 9235.84 9243.71 9249.51 9245.02 9245.46 9250.43 9254.16 9258.86 9262.33 9268.13 9273.29 9278.48 9283.95 9289.49 9294.23 9298.53 9303.67 9308.94 9310.19 9312.28 9317.12 9315.4 9313.03 9311.72 9311.87 9321.64 9330.96 9340.04 9365.61 9382.3 9396.75 9410.38 9425.56 9449.09 9482.88 9508 9512.36 9497.72 9516.25 9531.56 9537.45 9555.21 9578.98 9590.84 9611.98 9614.17 9593.03 9610.35 9588.2 9535.9 9507.78 9489.13 9471.37 9457.01 9447.48 9439.43 9429.03 9421.5 9416.18 9410.53 9402.31 9394.14
9167.3 9177 9187 9202.36 9215.3 9225.65 9232.03 9236.3 9235 9235.12 9240.69 9245.27 9250.71 9255.41 9259.64 9264.27 9269.03 9274.55 9278.68 9284 9289.65 9293.5 9297.95 9303.86 9311.67 9304.42 9300.41 9298.32 9297.25 9298.88 9299.84 9304.46 9319.98 9341.52 9356.09 9371.11 9383.12 9393.25 9420.07 9462.35 9498.65 9480.8 9477.56 9504.02 9520.19 9524.51 9535.67 9549.1 9568.83 9588.38 9587.67 9563.58 9633.19 9572.48 9511.4 9489.28 9473.04 9460.11 9444.77 9436.42 9430.07 9418.83 9410.86 9405.4 9403.77 9397.8 9391.17
9159.55 9166.4 9175.47 9192.09 9205.32 9215.81 9223.34 9227.08 9227.35 9227.09 9232.71 9236.99 9241.35 9246.05 9249.55 9253.43 9258.37 9263.01 9268.95 9271.2 9275.45 9279.82 9283.31 9287.54 9299.64 9287.9 9287.11 9283.73 9279.1 9277.37 9279.29 9286.25 9304.57 9316.93 9332.18 9348.29 9363.46 9373.53 9394.97 9430.57 9449.08 9446.24 9462.66 9487.98 9505.61 9507.44 9508.83 9518.71 9545.5 9566.66 9566.81 9536.06 9532.5 9528.74 9486.37 9472.31 9461.31 9451.42 9441.4 9432.16 9419.46 9407.51 9396.11 9391.91 9388.39 9386.56 9388.5
9153.36 9163.16 9174.62 9187.44 9200.3 9211.11 9219.38 9225.26 9218.66 9217.47 9219.46 9221.57 9223.79 9227.6 9232.59 9237.31 9242.57 9249.92 9254.76 9258.29 9263.02 9267.06 9271.49 9272.96 9278.12 9280.07 9275.83 9269.28 9262.68 9258.11 9258.33 9262.6 9268.16 9285.32 9309.08 9331.55 9352.83 9373.88 9380.01 9389.04 9409.72 9422.08 9438.85 9459.37 9474.54 9486.09 9495.86 9501.08 9521.78 9539.65 9530.09 9509.96 9502.59 9497.28 9469.85 9459.65 9451.67 9445.88 9438.67 9427.16 9406.81 9382.83 9376.11 9381.2 9385.92 9389.35 9387.11
9150.3 9161.99 9172.95 9186.07 9196.61 9205.96 9214.79 9219.46 9213.24 9207.7 9207.99 9209.63 9212.65 9216.01 9220.66 9225.69 9230.63 9236.09 9240.62 9245.59 9250.78 9256.59 9263.79 9269.09 9259.91 9268.44 9265.38 9253.83 9244.79 9240.55 9238.41 9241.03 9245.23 9262.91 9293.7 9321.65 9344.8 9362.05 9361.31 9352.03 9396.42 9393 9415.52 9434.78 9450.46 9465.24 9466.77 9477.14 9504.99 9515.54 9508.02 9490.14 9484.81 9476.48 9466.59 9458.88 9447.15 9435.82 9431.99 9423.01 9396.47 9372.7 9366.63 9376.61 9386.78 9392.67 9390.59
9149.51 9164.07 9177.61 9186.14 9191.39 9196.92 9205.07 9212.83 9200.84 9192.45 9192.68 9194.36 9198.26 9203.45 9208.53 9213.98 9220.13 9225.78 9230.92 9235.74 9240.34 9244.34 9248.1 9248.38 9243.93 9257.57 9253.31 9236.66 9220.82 9219.43 9222.03 9222.76 9231.58 9254.04 9288.94 9315.81 9338.06 9350.82 9356.14 9373.13 9388.13 9378.84 9397.75 9422.28 9442.71 9459.5 9468.73 9478.46 9500.68 9519.89 9498.35 9476.76 9471.3 9482.7 9475.96 9458.68 9437.09 9417.47 9400.64 9396.61 9382.31 9368.8 9365.93 9377.9 9387.77 9393.43 9389.99
9147.51 9162.58 9178.18 9182.26 9181.88 9181.71 9182.17 9181.59 9169.58 9172.56 9178.05 9183.64 9189.48 9195.65 9200.48 9205.94 9211.6 9218.03 9222.95 9226.78 9230.75 9232.16 9232.97 9230.84 9231.29 9245.38 9239.27 9223.54 9204.74 9212.67 9221.3 9224.96 9250.8 9281.16 9295.69 9312.88 9332.13 9344.9 9344.61 9360.64 9357.18 9357.69 9384.21 9414.91 9440.49 9461.26 9476.38 9485.07 9491.91 9496.38 9490.31 9459.57 9436.37 9501.46 9490.28 9461.56 9428.94 9395.67 9366.4 9363.45 9369.22 9373.34 9380.13 9383.75 9388.81 9391.38 9387.22
9144.13 9157.2 9166.22 9169.63 9170.14 9164.3 9153.26 9137.37 9140.35 9152.07 9163 9171.23 9178.53 9185.31 9191.28 9197.15 9202.61 9207.4 9212.23 9216.75 9220.26 9223.19 9225.5 9225.05 9224.19 9217.04 9219.32 9220.45 9222.99 9219.85 9230.73 9256.67 9271.8 9293.68 9297.98 9304.21 9317.18 9326.4 9325.66 9329.03 9328.5 9343.99 9373.14 9405.28 9436.98 9456.67 9481.72 9484.59 9476.18 9470.89 9464.26 9443.07 9421.27 9479.55 9481.3 9454.32 9421.49 9384.8 9358.88 9354.17 9363.41 9376.16 9391.26 9387.98 9388.12 9386.94 9382.64
9141.62 9155.77 9160.99 9165.88 9163.53 9150.45 9133.52 9120.63 9128.95 9143.47 9155.03 9164.79 9172.86 9179.51 9186.1 9191.5 9196.38 9200.98 9205.4 9209.53 9212.46 9215.12 9217.75 9218.17 9212.87 9207.73 9210.43 9218.18 9223.3 9222.08 9225.81 9237.55 9264.83 9287.41 9288.68 9287.51 9287.73 9299.64 9307.95 9313.71 9317.81 9335.93 9363.02 9392.56 9420.36 9441.31 9452.74 9455.73 9450.09 9440.36 9437.25 9427.3 9420.27 9443.67 9462.29 9443.73 9414.09 9379.52 9349.89 9350.17 9360.67 9373.36 9382.55 9383.69 9382.25 9377.04 9371.89
9139.99 9156.54 9176.58 9184.54 9162.95 9146.13 9128.64 9122.17 9128.79 9139.05 9147.39 9155.11 9162.32 9170.52 9176.64 9182.41 9186.92 9194.15 9197.08 9200.89 9203.77 9208.15 9212.13 9216.83 9220.57 9221.27 9216.24 9215.76 9216.47 9218.1 9218.28 9227.51 9249.97 9267.54 9274.36 9272.3 9267.22 9291.61 9293.93 9297.01 9311.25 9329.07 9353.17 9378.96 9405.08 9421.42 9424.97 9427.51 9425.1 9420.09 9418.61 9411.94 9406.94 9398.13 9435.26 9428.53 9407.43 9385.84 9362.25 9353.83 9360.47 9369.46 9373.34 9378.89 9375.45 9369.89 9364.9
