real_craters/C147-500m.grd
DSAA
190 190
-47.145 47.145
-47.145 47.145
8178.0035984681 10416.347328288
[rows 30 to 59 of 190, columns 0 to 66 of 190]
8839.61 8836.44 8833.77 8851.29 8861.21 8869.36 8872.6 8875.83 8880.25 8884.38 8890.18 8896.39 8903.02 8909.48 8914.57 8913.65 8920.31 8925.09 8921.52 8919.19 8908.81 8885.45 8866.5 8862.69 8858.52 8854.51 8852.19 8848.47 8844.89 8843.94 8845.84 8855.42 8868.37 8878.35 8887.76 8899.99 8910.51 8918.99 8930.2 8941.67 8950.65 8957.99 8956.33 8909.88 8868.93 8854.04 8851.01 8862.01 8884.53 8913.35 8949.89 9001.44 9052.44 9102.21 9132.29 9158.63 9200.22 9238.09 9283.38 9329.7 9378.15 9420.57 9466.18 9515 9562.75 9614.69 9668.85
8840.3 8841.59 8841.55 8853.87 8861.75 8864.45 8869.71 8874.3 8878.75 8883.88 8889.87 8896.08 8902.9 8909.5 8913.41 8913.1 8918.75 8921.06 8916.12 8907.87 8902.57 8889.55 8872.3 8863.88 8863.3 8856.16 8846.51 8840.85 8837.52 8836.83 8839.36 8846.68 8858.21 8867.41 8875.74 8881.43 8898.84 8912.89 8924.01 8936.22 8947.87 8957.38 8958.14 8909.13 8872.9 8862.85 8859.86 8867.87 8889.82 8918.35 8958.94 8996.55 9044.42 9089.95 9127.54 9162.05 9207.01 9243.89 9289.16 9335.38 9383.6 9425.59 9472.58 9523.71 9575.77 9627.75 9681.54
8834.07 8843.46 8839.23 8853.96 8863.71 8865.71 8869.24 8872.96 8877.74 8882.88 8888.98 8895.14 8901.88 8908.1 8912.44 8915.67 8918.46 8917.61 8908.77 8893.82 8880.96 8877.16 8865.45 8855.73 8856.61 8846.98 8836.35 8831.8 8830.06 8830.11 8832.08 8839.78 8846.58 8858.07 8868.4 8876.22 8890.02 8905.67 8917.77 8928.97 8939.12 8944.91 8936.83 8896.75 8886.05 8873.64 8873.22 8879.2 8902.73 8922.61 8950.4 8991.13 9037.98 9084.29 9121.99 9176.9 9211.36 9250.31 9293.9 9339.49 9387.58 9434.75 9484.06 9534.35 9585.54 9639.11 9694.65
8834.55 8849.08 8841.22 8851.9 8862.21 8865.7 8868.11 8870.2 8874.97 8880.87 8887.2 8893.7 8900.29 8906.28 8911.37 8915.37 8917.82 8918.45 8904.06 8885.94 8871.15 8867.74 8853.88 8835.39 8819 8819.23 8820.27 8820.63 8821.6 8823.59 8827.88 8835.96 8840.27 8853.88 8865.74 8875.39 8887.93 8900.88 8910.57 8918.82 8925.83 8927.55 8917.6 8888.45 8875.4 8874.53 8887.28 8931.19 8921.26 8929.97 8950.64 8989.16 9033.93 9081.89 9138.09 9182.1 9220.46 9261.53 9301.91 9348 9391.13 9439.59 9489.97 9539.69 9593.91 9649.85 9708.55
8834.72 8849.51 8835.06 8845.51 8857.52 8856.59 8857.47 8863.92 8869.79 8876.36 8883.26 8889.99 8897.11 8904.01 8910.29 8913.78 8914.99 8910.35 8898.23 8883.74 8870.37 8867.47 8844.84 8817.71 8793.91 8798.27 8806.61 8811.43 8815.03 8818.09 8821.79 8828.73 8838.53 8854.26 8870.21 8880.33 8889.05 8897.02 8904.92 8911.07 8913.88 8912.49 8904.41 8881.92 8867.38 8869.74 8885.29 8899.02 8916.87 8934.43 8955.44 8988.97 9031.08 9077.2 9124.96 9180.14 9223.96 9265.94 9310.89 9355.92 9403.91 9447.74 9498.04 9549.25 9600.99 9657.39 9720.42
8836.23 8836.33 8831.93 8836.93 8838.13 8844.96 8851.42 8858.19 8864.4 8870.27 8877.64 8885.21 8893.28 8901.18 8907.69 8911.84 8913.7 8904.11 8891.77 8880.88 8870.49 8857.41 8838.98 8813.5 8788.94 8795.08 8802.28 8807.52 8811.33 8814.66 8818.46 8821.72 8835.9 8856.46 8878.81 8888.51 8888.23 8895.28 8899.97 8903.08 8903.45 8899.98 8890.49 8874.85 8863.88 8869.85 8887.52 8904.58 8922.13 8941.62 8961.82 8991.25 9029.61 9073.72 9128.61 9182.84 9225.79 9268.55 9313.49 9360.65 9409.38 9454.09 9503.47 9552.44 9603.49 9656.81 9713.3
8829.88 8823.24 8835.49 8834.64 8830.78 8838.83 8849.37 8852.68 8857.18 8863.88 8871.57 8880.2 8888.95 8898.05 8905.76 8911.15 8912.83 8899.16 8883.94 8873.6 8859.8 8852.21 8840.53 8826.76 8817.64 8806.6 8806.54 8808.2 8811.5 8813.98 8817.61 8824.82 8837.35 8854.85 8872.31 8884.53 8889.72 8894.42 8897.04 8897.25 8895.24 8890.67 8882.45 8869.83 8868.67 8882.47 8903.67 8920.58 8937.75 8958.05 8974.68 8998.46 9030.63 9064.92 9121.03 9182.7 9225.31 9267.71 9311.93 9359.23 9407.41 9456.18 9505.61 9554.52 9603.25 9652.09 9706.07
8823.16 8831.31 8843.56 8834.91 8832.59 8835.84 8839.2 8843.38 8848.59 8855.71 8864.25 8874.44 8884.29 8893.32 8902.51 8908.28 8908.42 8894.17 8877.58 8865.93 8855.81 8853.95 8846 8834.79 8825.67 8816.09 8812.26 8811.82 8812.44 8814.02 8817.12 8824.18 8838.58 8853.38 8866.31 8879.97 8891.35 8894.49 8896.92 8896.53 8893.15 8886.55 8878.29 8871.18 8880.97 8902.5 8936.38 8954.83 8969 8982.19 8999.17 9021.83 9038.03 9064.84 9117.54 9177.77 9217.37 9260.74 9307.68 9356.82 9407.8 9455.54 9505.19 9554.91 9603.17 9649.76 9699.77
8825.34 8824.42 8839.29 8834.33 8834.57 8835.48 8831.39 8833.61 8839.64 8849.33 8858.9 8868.99 8878.46 8888.86 8898.94 8905.7 8905.82 8898.85 8887.88 8871.09 8863.01 8865.01 8855.18 8837.66 8826.28 8823.83 8820.55 8818.42 8816.92 8816.46 8818.22 8825.2 8837.29 8850.68 8863.01 8877.65 8886.75 8895.23 8899.26 8899.98 8897.34 8890.19 8885.95 8887.21 8916.48 8972.22 8978.63 8988.97 9002.92 9002.64 9008.3 9018.66 9045.78 9078.73 9118.25 9154.89 9202.58 9250.4 9299.3 9349.56 9401.23 9450.53 9501.93 9552.95 9602.99 9651.26 9701.05
8825 8824.35 8834.59 8823.31 8827.39 8830.13 8828.39 8824.92 8830.61 8840.19 8850.39 8859.89 8870.92 8881.53 8893.57 8905.47 8908.61 8905.74 8899.59 8885.55 8878.18 8881.95 8866.89 8851.37 8839.16 8833.27 8829.29 8825.91 8823.52 8820.97 8820.2 8823.73 8837 8853.51 8864.74 8877.65 8885.87 8897.99 8904.48 8907.71 8909.86 8906.07 8906.67 8916.79 8945.87 8991.03 8998.4 9003.07 9015.2 9014.42 9019.22 9023.7 9056.7 9096.11 9119.68 9148.71 9191.71 9240.59 9291.12 9342.12 9392.22 9445.36 9499.27 9554.18 9608.22 9664.51 9718.94
8803.52 8797.84 8796.5 8792.74 8815.05 8827.54 8803.4 8802.34 8819.07 8831.47 8841.13 8850.25 8859.64 8869.79 8881.84 8894.99 8903.81 8904.59 8899.76 8894.75 8888.99 8887.38 8875 8857.21 8847.76 8841.29 8835.98 8831.73 8828.85 8826.54 8826.12 8828.75 8843.22 8857.3 8870.64 8884.54 8897.83 8907.31 8913.03 8917.96 8924.74 8937.87 8933.55 8934.09 8952.09 8979.18 8994.18 9001.03 9000.71 9025.58 9046.52 9073.46 9079.75 9084.85 9117.84 9143.84 9185.87 9234.36 9284.44 9336.77 9386.3 9440.09 9496.67 9549.97 9613.37 9681.98 9755.94
8772.02 8766.05 8773.29 8794.72 8793.27 8796.87 8794.33 8802.68 8816.61 8825.99 8832.89 8837.77 8843.83 8851.65 8862.38 8877.59 8889.77 8895.13 8895.35 8893.52 8889.84 8886.32 8880.52 8870.25 8857.78 8847.89 8839.93 8835.57 8832.76 8832.55 8834.34 8836.5 8842.44 8865.38 8881.03 8891.85 8908.03 8917.08 8920.64 8923.75 8929.6 8939.53 8938.26 8938.35 8944.62 8965.67 8984.68 9002.82 9029.37 9045.64 9068.75 9099.33 9102.59 9105.61 9126.44 9150.66 9188.67 9229.27 9276.33 9327.47 9377.2 9428.62 9485.78 9545.04 9608.91 9680.07 9752.75
8755.62 8755.56 8766.73 8767.35 8771.59 8773.78 8796.19 8812.48 8824.04 8822.4 8821.88 8823.66 8826.2 8830.85 8836.28 8844.1 8860.24 8875.08 8882.86 8885.94 8884.54 8883.59 8881.47 8878.54 8862.69 8849.4 8841.74 8837.07 8836.66 8837.44 8841.65 8848.88 8849.47 8860.96 8873.73 8893.78 8912.38 8922.54 8925.85 8926.99 8926.5 8922.46 8932.89 8939.69 8950.19 8960.71 8976.32 8996.82 9018.44 9042.2 9069.31 9092.16 9103.13 9113.93 9133.38 9153.22 9183.97 9223.8 9270 9320.08 9368.24 9422.01 9475.09 9534.49 9598.55 9670.29 9744.14
8751.37 8753.86 8758.26 8760.01 8764.22 8770.93 8806.57 8852.2 8826.8 8815.92 8811.53 8810.37 8808.68 8807.23 8806.49 8809.56 8828.56 8854.91 8869.92 8876.9 8876.02 8876.37 8871.9 8865.3 8854.47 8845.46 8838.9 8835.6 8835.93 8837.9 8842.81 8849.13 8851.44 8856.68 8871.46 8897.66 8915.69 8925.13 8928.49 8928.49 8927.33 8928.4 8931.64 8938.16 8945.09 8952.43 8965.75 8989.15 9006.86 9032.56 9065.46 9089.88 9103.56 9115.72 9137.62 9149.47 9177.97 9218.03 9263.96 9312.94 9359.8 9410.34 9463.16 9520.12 9583.04 9653.37 9729.77
8748.64 8758.2 8762.44 8764.03 8770.55 8773.31 8788.16 8791.07 8801.46 8799.89 8797.63 8794.56 8789.61 8785.28 8780.72 8775.39 8784.99 8835.42 8854.61 8858.48 8859.09 8858.38 8851.58 8844.41 8837.04 8833.1 8830.79 8830.74 8832.74 8836.29 8841.85 8850.37 8865.64 8870.95 8893.46 8910.3 8921.98 8928.46 8930.85 8929.44 8927.24 8926.58 8931.85 8937.23 8945.26 8955.69 8973.78 8992.13 9013.35 9041.2 9070.78 9095.59 9119.36 9137.83 9149.11 9154.66 9177.75 9216.5 9261.73 9307.4 9353.92 9402.26 9453.4 9505.9 9561.1 9623.55 9702.42
8752.85 8767.87 8794.08 8799.69 8785.34 8780.78 8780.54 8774.89 8780.72 8783.22 8781.6 8778.92 8774.92 8769.78 8764.61 8762.98 8773.64 8793.79 8841.22 8843.82 8829.97 8824.36 8815.73 8815.18 8815.09 8816.61 8817.64 8821.37 8824.31 8828.29 8833.22 8841.41 8849.4 8871.26 8911.68 8922.36 8930.86 8936.19 8932.51 8928.83 8927.72 8928.15 8932.41 8936.9 8942.14 8955.65 8977.65 8999.43 9025.05 9052.17 9083.04 9109.25 9130.38 9151.96 9164.16 9165.83 9183.95 9222.28 9265.87 9309.35 9354.23 9398.97 9445.78 9493.08 9541.57 9595.45 9675.83
8741.8 8768.54 8803.54 8803.21 8788.15 8783.17 8777.59 8773.35 8772.99 8773.96 8772.79 8769.95 8766.08 8760.97 8758.28 8758.65 8771.89 8825.54 8840.63 8807.18 8795.81 8787.23 8775.36 8781.24 8793.65 8802.27 8808.61 8813.73 8815.6 8819.84 8823.51 8831.11 8844.8 8866.64 8912.99 8925.78 8929.27 8936.7 8925.16 8920.63 8925.96 8932.01 8934.16 8939.99 8946.61 8959.68 8982.82 9006.83 9037.77 9069.43 9097.56 9127.52 9160.02 9169.24 9182 9184.93 9196.85 9236.71 9277.53 9317.31 9357.18 9399.37 9440.6 9485.48 9531.41 9585.21 9657.86
8751.82 8763.7 8775.08 8772.4 8777.9 8779.04 8778.81 8775.92 8771.09 8767.4 8764.93 8762.55 8760.17 8757.35 8754.23 8757.58 8770.49 8832.38 8840.22 8817.64 8793.15 8777.6 8766.66 8771.11 8782.64 8793.71 8802.3 8808.65 8812.72 8814.8 8819.27 8827.22 8845.16 8890.78 8925.08 8914.64 8906.47 8899.79 8898.84 8902.85 8907.91 8920.64 8934.43 8946.98 8958.6 8969.33 8984.95 9014.52 9050.08 9085.95 9105.83 9128.62 9153.84 9181.61 9202.94 9211.88 9234.59 9261.26 9291.8 9325.42 9360.99 9397.71 9438.88 9483.36 9530.4 9579.17 9644.3
8748.18 8761.18 8771.79 8768.33 8772.48 8776.4 8774.91 8767.14 8761.08 8762.97 8761.45 8758.23 8755.68 8753.38 8753.48 8756.67 8773.06 8781.37 8778.39 8803.08 8805.04 8785.81 8765.42 8767.19 8775.35 8783.14 8790.56 8797.1 8802.38 8808.05 8810.58 8819.52 8831.31 8850.2 8867.51 8878.94 8873.95 8864.79 8871.91 8885.75 8903.6 8917.76 8937.3 8957.57 8978.43 8998.67 9004.25 9029.15 9060.27 9084.96 9105.78 9122.88 9160.29 9204.15 9225.13 9243.05 9256.68 9281.29 9308.78 9335.47 9367.44 9400.24 9438 9480.3 9532.55 9588.93 9626.29
8747.62 8762.6 8777.86 8769.65 8773.02 8779 8778.6 8777.15 8772.27 8762.01 8758.2 8755.68 8754.02 8753.07 8752.28 8752.61 8752.55 8753.17 8755.79 8783.74 8808.39 8805.64 8782.87 8778.92 8781.67 8789.07 8795.11 8801.87 8806 8810.71 8812.65 8814.65 8815.95 8821.81 8836.1 8847.06 8850.61 8849.3 8858.33 8873.61 8890.06 8915.92 8942.42 8969.42 8997.03 9021.34 9034.48 9052.3 9075.89 9094.11 9113.55 9121.66 9168.47 9224.23 9239.98 9254.07 9273.31 9297.89 9320.31 9345.96 9372.99 9400.35 9432.59 9468.06 9512.06 9559.65 9603.46
8767.28 8771.3 8773.94 8772.98 8778.09 8789.31 8800.64 8783.24 8759.9 8759.37 8758.89 8758.5 8762.77 8761.73 8759.72 8755.49 8746.88 8746.56 8758.7 8769.17 8808.86 8834.36 8852.49 8803.11 8795.8 8800.29 8802.86 8806.04 8808.36 8809.86 8812.4 8815.7 8818.31 8825.42 8827.86 8834.37 8840.92 8846.02 8856.09 8870.38 8887.43 8918.62 8951.08 8982.18 9010 9032.88 9047.53 9066.1 9093.96 9130.13 9139.73 9134.51 9160.49 9211.07 9236.81 9262.89 9288.94 9314.54 9330.05 9350.37 9373 9398.69 9424.19 9451.72 9483.09 9526.86 9572.29
8791.73 8790.62 8788.35 8781.23 8783.93 8794.73 8802.09 8783.85 8760.07 8760.98 8763.95 8764.4 8763.68 8762.61 8761.65 8758.41 8754.02 8754.46 8755.75 8772.01 8821.33 8845.03 8831.64 8802.56 8809.64 8812.07 8812.64 8813.31 8814.21 8812.81 8816 8815.87 8817.55 8827.98 8828.02 8833.91 8841.63 8850.19 8862.36 8876.5 8896.07 8929.39 8964.48 8997.44 9025.93 9047.05 9064.66 9081.97 9103.17 9125.36 9139.61 9155.39 9170.44 9197.22 9232.24 9263.37 9292.87 9320.71 9335.05 9352.66 9372.29 9394.23 9415.68 9436.47 9458.76 9498.89 9543.14
8812.98 8804.22 8800.6 8792.04 8791.5 8796.75 8798 8787.34 8774.53 8771.92 8770.24 8768.94 8768.31 8766.11 8764.55 8763.82 8764.57 8764.87 8760.81 8796.28 8873.59 8866 8841.71 8842.02 8837.45 8827.75 8824.32 8818.57 8816.66 8814.97 8815.6 8816.6 8818.57 8822.45 8829.25 8838.31 8849.2 8858.45 8870.23 8889.29 8914.03 8946.41 8982.26 9017.37 9048.04 9072.34 9086.36 9095.07 9111.49 9120.6 9133.33 9165.25 9186.32 9203.02 9230.25 9259.02 9287.05 9313.74 9334.41 9351.88 9372.6 9392.85 9413.87 9432.21 9456.49 9487.65 9523.87
8814.99 8809.84 8805.29 8804.76 8802.57 8802.09 8795.9 8792.71 8802.17 8786.32 8777.21 8774.23 8772.99 8773.08 8772.32 8770.7 8769.68 8763.85 8765.1 8807.77 8891.52 8893.41 8897.9 8897.98 8866.33 8846.88 8835.39 8827.18 8824.32 8823.3 8820.97 8820.22 8821.09 8826.32 8841.98 8855.66 8862.29 8871.71 8884.44 8903.92 8931.05 8964.82 9002.81 9040.88 9075.62 9103 9118.95 9125.81 9130.59 9133.93 9139.8 9154.21 9179.42 9208.66 9224.2 9250.04 9279.19 9308.54 9328.9 9348.98 9369.95 9390.94 9413.27 9433.24 9455.12 9484.8 9513.23
8822.18 8828.51 8826.93 8823.85 8820.3 8813.36 8808.56 8802.49 8786.88 8780.45 8779.24 8778.21 8778.22 8779.03 8779.99 8781.86 8780.43 8777.1 8772.47 8796.73 8839.54 8876.66 8896.84 8901.01 8863.16 8847.72 8841.79 8836.63 8833.81 8830.01 8828.12 8826.69 8827.82 8837.71 8859.46 8867.56 8875.12 8889.16 8908.13 8919.15 8944.68 8983.36 9023.49 9064.32 9105.29 9142.91 9163.59 9157.99 9155.07 9155.02 9159.17 9155.42 9167.96 9183.29 9209.72 9236.71 9266.04 9301.2 9318.23 9341.25 9365.8 9389.03 9412.29 9439.08 9471.87 9488.58 9510.03
8848.17 8851.99 8850.53 8844.39 8835.48 8824.8 8812.27 8797.87 8787.54 8781.98 8781.93 8782.93 8783.85 8786.21 8787.45 8788.4 8790.32 8793.87 8784.33 8787.09 8799.83 8823.53 8838.02 8821.4 8836.7 8841.1 8840.77 8840.5 8838.67 8838.33 8837.37 8836.16 8838.93 8854.13 8869.12 8869.16 8886.67 8905.98 8923.87 8942.9 8969.16 9004.41 9043.85 9085.86 9130.11 9174.89 9201.12 9185.86 9175.31 9172.28 9173.77 9169.56 9165.69 9170.81 9196.38 9224.66 9252.02 9272.67 9305.8 9335.45 9361.28 9386.49 9408.14 9433.31 9466.73 9491.49 9513.8
8865.12 8877.7 8874.78 8864.93 8851.57 8837.44 8819.68 8799.2 8793.38 8789.67 8789.12 8790.63 8791.78 8792.93 8792.53 8793.85 8796.64 8800.21 8792.81 8794.59 8798.54 8812.59 8819.39 8826.02 8830.45 8838.21 8844.35 8846.99 8849.25 8850.36 8850.09 8851 8851.32 8871.65 8891.26 8886.8 8902.13 8925.78 8950.3 8970.97 8994.08 9024.34 9060.58 9099.99 9141.69 9183.29 9211.55 9197.07 9188.17 9182.55 9174.91 9172.28 9172.6 9174.29 9195.02 9221.01 9247.92 9278.97 9307.79 9333.87 9362.37 9387.21 9406.84 9425.51 9458.97 9501.8 9533.05
8880.98 8901.37 8895.53 8884.47 8870.19 8855.45 8838.81 8822.94 8810.38 8803.02 8799.89 8800.12 8800.57 8800.44 8799.89 8800.13 8799.55 8798.46 8801.01 8805.31 8805.73 8814.21 8821.11 8829.34 8827.12 8837.87 8846.52 8851.71 8856.9 8859.88 8862.95 8870.55 8881.11 8886.75 8895.26 8903.31 8921.37 8946.02 8974.05 8993.35 9012.77 9040.02 9072.91 9107.83 9142.08 9170.9 9185.3 9194.08 9196.15 9193.58 9189.47 9193.44 9186.7 9187.64 9203.97 9224.84 9249.18 9275.17 9305.42 9336.14 9369.52 9399.34 9422.54 9436.88 9478.58 9536.18 9579.92
8899.12 8911.63 8913.14 8904.18 8891.69 8878.68 8864.39 8849.22 8831.83 8815.1 8813.21 8813.28 8812.82 8811.52 8810.8 8808.43 8805.25 8805.74 8834.32 8811.99 8816.33 8822.79 8823.61 8826.81 8832.41 8840.05 8850.38 8857.37 8864.1 8870.35 8875.75 8882.27 8891.57 8902.12 8914.94 8926.08 8943.02 8963.91 8981.32 8994.7 9023.11 9052.59 9082.13 9112.36 9140.38 9162.91 9177.82 9197.77 9210.43 9205.52 9200.3 9201.08 9202.17 9206.22 9218.76 9235.45 9253.74 9274.29 9304.31 9345.66 9388.93 9427.63 9462.29 9496.4 9540.78 9597.25 9650.47
8912.75 8923.61 8929.15 8923.73 8916.18 8903.81 8886.82 8874.89 8855.66 8836.21 8833.44 8830.41 8827.53 8824.3 8821.32 8819.38 8816.5 8819.05 8826 8825.05 8826.1 8826.89 8827.07 8823.25 8837.12 8848.65 8857.63 8865.87 8872.26 8880.26 8888.61 8897.08 8907 8919.34 8933.72 8949.5 8968.69 8984.18 8997.4 9011.83 9037.97 9064.4 9091.52 9117.64 9141.38 9161.35 9179.28 9194.33 9205.11 9216.02 9220.24 9216.46 9220.2 9227.62 9240.35 9253.69 9269.58 9286.41 9314.71 9365.47 9418.61 9468.57 9516.48 9559.08 9613.82 9668.96 9725.05
