real_craters/C147-300m.grd
DSAA
315 315
-47.145 47.145
-47.145 47.145
8178.1459264486 10412.123814178
[rows 210 to 239 of 315, columns 0 to 66 of 315]
9220.64 9228.58 9227.17 9220.61 9212.01 9204.5 9199.19 9195.16 9190.18 9184.68 9179.54 9175.94 9173.17 9174.53 9176.09 9182.71 9180.5 9177.16 9175.55 9175.12 9175.3 9175.56 9174.4 9174.79 9177.3 9179.8 9181.1 9179.76 9176.33 9172.05 9169.98 9165.18 9162.85 9162.33 9163.23 9163.95 9164.78 9165.57 9166.45 9166.11 9164.39 9161.05 9155.64 9150.79 9148.8 9144.28 9137.51 9140.92 9137.23 9134.43 9133.13 9136.52 9144.32 9155.84 9166.29 9143.74 9138.6 9139.35 9141.84 9145.32 9148.84 9152.77 9156.51 9160.76 9166.05 9169.82 9173.18
9235.78 9231.64 9226.08 9217.13 9205.82 9195.07 9195.29 9196.22 9193.09 9186.81 9177.58 9173.97 9173.67 9171.8 9170.58 9168.31 9165.17 9169.4 9171.74 9172.48 9172.7 9172.26 9171.06 9170.35 9174.31 9177.75 9180.16 9180.88 9178.3 9173.65 9169.67 9165.45 9163.39 9162.95 9163.13 9163.73 9164.33 9164.79 9164.98 9163.13 9160.66 9158.16 9154.09 9149.36 9144.75 9139.36 9135.53 9134.56 9134.74 9133.84 9136.79 9140.42 9142.92 9142.11 9129.95 9132.13 9132.84 9137.02 9140.95 9144.6 9148.57 9152.68 9156.37 9160.66 9165.43 9169.73 9173.52
9239.19 9236.06 9227.36 9216.71 9204.81 9194.43 9201 9203.4 9200.65 9195.22 9187.62 9182.79 9176.4 9175.16 9170.84 9165.84 9165.19 9168.13 9170.18 9171.22 9171.3 9170.75 9170.19 9170.81 9173.25 9176.56 9179.76 9182.56 9179.55 9172.46 9165.88 9162.56 9162.65 9163.13 9163.71 9164.5 9164.9 9164.86 9163.97 9163.04 9160.21 9156.45 9151.98 9146.77 9140.52 9134.19 9133.03 9132.16 9133.7 9137.37 9140.36 9143.55 9143.28 9139.53 9134.72 9131.06 9132.38 9136.61 9140.21 9143.71 9147.07 9150.31 9154.47 9158.71 9163.81 9168.32 9172.73
9235.26 9238.5 9228.72 9217.56 9207.78 9203.69 9213.42 9215.1 9210.98 9206.87 9202.1 9195.27 9189.91 9181.09 9173.02 9166.54 9167.82 9169.95 9170.76 9170.75 9171.49 9170.93 9169.98 9170.66 9172.83 9175.77 9178.12 9179.03 9175.91 9170.08 9164.06 9161.51 9162.56 9163.63 9164.6 9165.28 9165.63 9165.28 9163.7 9160.96 9158.74 9155.31 9150.79 9145.51 9139.99 9135.42 9132.47 9130.49 9134.69 9147.08 9154.92 9149.57 9147.02 9143.7 9138.7 9137.98 9138.42 9138.8 9141.79 9144.55 9147.46 9150.88 9154.02 9158.08 9161.52 9166.28 9171.08
9231.56 9238.76 9226.84 9216.45 9209.64 9207.87 9225.91 9225.37 9219.17 9215.44 9212.76 9205.71 9190.71 9182.52 9174.3 9167.32 9171.44 9174.41 9172.06 9170.04 9168.93 9169.41 9169.88 9169.84 9173.05 9176.2 9176.84 9174.95 9171.72 9168.66 9165.74 9163.78 9164.12 9165.11 9165.88 9166.33 9166.55 9166.25 9165.06 9162.61 9159.48 9155.3 9150.6 9145.59 9140.55 9136.7 9133.15 9132.15 9133.79 9145.06 9151.87 9152.3 9151.53 9150.72 9150.06 9146.62 9141.98 9142.25 9143.34 9144.31 9146.6 9149.33 9152.55 9156.17 9160.31 9164.7 9169.65
9234.16 9228.64 9218.92 9211.69 9207.94 9212.07 9220.92 9221.53 9220.12 9218.51 9218.25 9211.08 9188.72 9176.45 9173.9 9170.68 9178.95 9176.91 9171.78 9168.74 9167.34 9168.97 9171.31 9173.63 9177.11 9179.6 9178.87 9174.08 9167.78 9170.55 9169.86 9167.47 9167.31 9167.47 9167.5 9167.89 9167.96 9167.83 9167.39 9165.83 9161.32 9156.3 9151.14 9146.09 9141.09 9136.47 9133.96 9131.44 9132.07 9139.25 9145.22 9151.05 9154.89 9157.05 9157.73 9155.48 9153.6 9145.75 9144.83 9145.07 9145.77 9147.84 9150.4 9153.44 9157.22 9161.85 9166.81
9219.45 9208.85 9207.44 9203.06 9200.1 9199.86 9204.47 9213.7 9215.38 9214.32 9212.35 9204.38 9185.13 9172.88 9176.38 9182.19 9175.3 9171.05 9168.6 9166.56 9166.53 9169.06 9173.88 9179.8 9184.5 9185.88 9185.5 9183 9177.97 9181.87 9179.06 9174.54 9172.32 9170.95 9170.13 9169.54 9169.36 9169.26 9169.15 9167.58 9162.53 9157.24 9152.01 9147.03 9142.17 9138.69 9135.98 9136.09 9134.7 9138.1 9145.06 9151.92 9158.17 9162.86 9165.33 9161.09 9147.52 9146.23 9145.24 9143.92 9144.24 9145.25 9147.25 9149.78 9153.18 9156.99 9161.13
9209.76 9204.7 9197.6 9194.21 9191.12 9188.79 9189.29 9207.05 9209.34 9206.49 9201.17 9192.49 9183.74 9177.43 9176.81 9176.49 9171.78 9167.15 9165.3 9163.37 9163.5 9167.48 9174.33 9184.77 9193.19 9190.52 9192.92 9199.74 9212.73 9201.66 9189.61 9181.99 9176.85 9174.18 9172.6 9171.36 9170.59 9169.91 9169.21 9167.18 9162.49 9157.58 9152.74 9148.06 9143.54 9139.21 9136.9 9135.68 9134.74 9137.63 9143.37 9153.69 9161.36 9167.33 9171.47 9168.66 9156.93 9150.67 9146.92 9144.83 9144.1 9144.33 9145.12 9147.14 9149.42 9152.01 9154.94
9197.79 9190.43 9187.65 9185.82 9183.93 9183.47 9190.28 9205.06 9201.78 9197.03 9190.42 9182.32 9181.26 9184.72 9173.86 9169.69 9168.58 9166.97 9163.75 9160.25 9158.9 9164.38 9170.58 9177.26 9181.37 9187.2 9193.91 9203.56 9212.97 9204.92 9193.46 9184.03 9179.55 9176.74 9174.43 9172.45 9171 9169.81 9168.44 9165.68 9161.79 9157.52 9153.25 9149.27 9145.67 9142.84 9141.1 9139.84 9139.95 9141.89 9152.03 9159.47 9163.58 9169.65 9176.55 9179.84 9167.96 9155.44 9146.54 9142.36 9140.75 9140.42 9141.03 9142.27 9143.45 9144.87 9145.76
9193.45 9184.28 9180.19 9179.14 9178.29 9178.4 9180.42 9190.58 9190.99 9187.49 9182.21 9176.68 9173.88 9168.64 9167.4 9164.34 9166.77 9167.2 9162.5 9159.84 9159.28 9161.78 9165.45 9168.55 9170.96 9180.51 9189.12 9195.66 9196.21 9195.15 9192.73 9187.63 9183.2 9178.97 9175.61 9172.97 9170.96 9169.14 9167.7 9165.11 9160.81 9157.11 9153.71 9150.25 9147.6 9146.38 9145.88 9144.19 9144.58 9145.3 9148.11 9152.87 9162.08 9166.41 9170.63 9175.41 9159.88 9147.8 9140.67 9138.19 9137.24 9137.3 9137.89 9139 9139.24 9139.09 9138.02
9187.97 9179.2 9176 9175.14 9174.51 9174.56 9175.28 9177.99 9180.34 9178.85 9175.5 9172.16 9170.57 9170.46 9168.14 9166.16 9164.17 9161.58 9158.67 9157.69 9158.14 9159.36 9161.76 9164.27 9168.56 9175.81 9184.36 9190.34 9191.45 9192.38 9192.88 9190.59 9185.22 9179.95 9176.41 9173.36 9170.63 9167.97 9164.66 9162.4 9159.55 9156.57 9153.13 9150.52 9148.36 9147.14 9146.33 9144.2 9144.04 9151.25 9157.27 9164.7 9160.54 9158.49 9154.6 9142.39 9136.52 9131.5 9132.48 9133.2 9133.5 9133.96 9134.37 9134.96 9134.93 9133.62 9131.68
9185.53 9176.63 9174.7 9173.19 9172.49 9172.49 9173.78 9174.5 9173.56 9171.92 9169.47 9166.62 9167.33 9164.91 9167.01 9167.27 9162.63 9157.71 9155.84 9152.66 9153.81 9157.42 9159.92 9161.92 9164.49 9172.3 9181.95 9190.12 9195.29 9197.34 9195.59 9188.21 9181.48 9179.46 9176.86 9173.68 9170.3 9167.03 9164.76 9161.68 9158.99 9156.52 9154.04 9151.5 9148.93 9146.8 9144.4 9144.42 9148.25 9154.91 9158.8 9159.42 9154.37 9149.89 9144.4 9137.18 9129.38 9124.06 9127.28 9128.69 9129.62 9130.32 9131.08 9131.27 9129.9 9128.68 9126.61
9186.99 9178.2 9174.63 9172.21 9171.44 9171.22 9171.01 9170.13 9169.49 9167.75 9164.72 9161.53 9159.08 9155.74 9159.1 9163.27 9161.86 9159.75 9157.64 9156.45 9156.4 9157.89 9159.84 9161.81 9164.04 9171.6 9181.37 9191.35 9203.08 9211.98 9200.18 9189.6 9182.1 9181.26 9177.99 9174.19 9170.3 9166.31 9161.65 9160.89 9159.44 9157.31 9154.84 9152.38 9149.79 9147.33 9144.7 9145.76 9147.25 9149.84 9151.3 9145.23 9144.09 9141.98 9138.08 9133.78 9130.48 9132.3 9127.59 9126.2 9126.49 9127.17 9127.86 9127.59 9128.58 9127.1 9124.6
9190.4 9186.19 9174.36 9172.27 9171.4 9171.02 9170.44 9169.1 9168.29 9166.05 9162.76 9158.57 9154.25 9154.28 9156.93 9161.98 9161.35 9159.58 9158.27 9159.96 9159.23 9159.41 9160.95 9163.46 9168.53 9174.22 9180.2 9188.49 9197.81 9201.8 9197.14 9193.62 9192.64 9184.91 9179.26 9174.85 9171.05 9167.62 9164.13 9162.4 9160.89 9159.14 9156.95 9154.56 9152.04 9149.54 9148.63 9147.91 9150.76 9164.87 9149.56 9137.97 9137.46 9136.85 9133.77 9128.76 9126.26 9125 9123.45 9123.84 9125 9126.43 9127.73 9128.17 9127.82 9126.85 9124.74
9189.63 9185.41 9176.81 9172.28 9172.26 9172.41 9172.28 9171.3 9169.39 9166.3 9162.68 9159.33 9158.54 9159.12 9172.27 9166.24 9161.01 9156.52 9154.82 9156.8 9159.56 9160.85 9162.48 9164.39 9167.18 9170.68 9176.75 9182.06 9185.35 9184.62 9186.93 9188.74 9190.53 9183.43 9178.97 9175.23 9172.02 9169.78 9168.13 9165.42 9163.74 9162.04 9160.02 9157.8 9155.02 9152.02 9148.59 9148.13 9150.7 9151.42 9147.03 9139.82 9137.6 9135.69 9132.4 9128.79 9124.55 9117.72 9118.23 9120.79 9123.11 9125.37 9127.2 9128.21 9129.04 9128.53 9127.36
9186.84 9175 9170.88 9172.04 9173.47 9174.26 9175.13 9175.49 9171.5 9167.32 9164.07 9161.15 9160.08 9160.23 9158.78 9163.17 9160.23 9157.05 9157.75 9160.66 9161.57 9162.49 9163.76 9165.25 9167.01 9169.77 9173.34 9176.28 9177.08 9176.04 9178.2 9179.75 9176.62 9178.16 9177.96 9176.02 9173.27 9170.45 9169.15 9167.95 9166.86 9165.58 9164.5 9162.19 9159.33 9156.1 9153.04 9150.98 9149.21 9146.36 9145.66 9144.92 9142.03 9137.11 9132.1 9128.31 9124.99 9117.88 9117.24 9119.84 9122.8 9125.31 9127.09 9129.32 9131.06 9132.3 9132.93
9186.38 9178.56 9174.43 9174.92 9176.38 9176.8 9176.9 9176.38 9172.01 9168.58 9166.21 9164.03 9165.25 9165 9161.04 9160.37 9159.47 9159.24 9161.38 9163.57 9163.17 9163.98 9165.41 9166.6 9167.98 9169.08 9171.77 9173.1 9172.98 9171.89 9173.88 9176.14 9176.39 9177.89 9179.07 9178.06 9175.84 9172.16 9170.62 9171.72 9171.38 9170.26 9168.75 9166.25 9163.69 9161.28 9158.11 9154.34 9152.24 9147.83 9146.03 9148.82 9146.22 9138.31 9131.42 9124.14 9115.36 9115.19 9117.62 9121.5 9123.8 9126.27 9129.08 9131.9 9134.25 9137.27 9140.39
9186.07 9182.49 9182.98 9181.34 9180.22 9178.87 9177.75 9175.95 9171 9169.44 9168.26 9167.47 9170.76 9170.59 9163.41 9160.55 9159.13 9157.21 9154.59 9159.54 9163.88 9166.13 9167.37 9168.35 9169.48 9172.13 9171.63 9172.3 9172.28 9172.48 9174.36 9177.57 9180.37 9183.26 9183.18 9182.04 9180.8 9179.39 9178.32 9178.03 9177.42 9175.77 9173.71 9171.71 9169.2 9166.97 9164.86 9161.78 9157.68 9155.42 9147.37 9147.06 9144.57 9137.58 9131.42 9125.96 9122.98 9125.02 9126.48 9123.92 9124.95 9127.21 9129.93 9133.09 9136.16 9139.62 9144.53
9183.16 9174.16 9176.97 9185.24 9181.76 9179.6 9177.92 9175.56 9171.52 9171 9170.3 9171.48 9172.18 9168.03 9162.95 9160.59 9160.34 9160.53 9160.77 9163.36 9166.93 9168.62 9169.42 9170.04 9170.41 9169.04 9171.7 9173.03 9173.34 9173.09 9174.94 9180.36 9188.15 9190.55 9187.23 9187.38 9187.3 9186.42 9186.31 9186.11 9184.88 9182.86 9180.26 9177.58 9175.27 9173.13 9172.23 9171.88 9166.05 9152.2 9144.5 9141.36 9137.82 9135.32 9131.41 9127.79 9126.26 9124 9122.2 9124.25 9126.57 9128.95 9131.61 9134.16 9137.27 9140.41 9143.15
9182.55 9172.43 9170.53 9178.2 9180.2 9179.07 9177.51 9175.92 9176.23 9173.35 9170.63 9168.7 9166.49 9162.59 9159.84 9160.5 9162.35 9165.25 9171.14 9173.18 9172.23 9171.71 9171.51 9171.69 9172.61 9174.56 9175.15 9175.03 9175.98 9177.15 9178.99 9182.8 9182.72 9182.16 9189.33 9193.95 9196.03 9194.89 9196.08 9195.89 9193.64 9190.61 9187.31 9183.55 9180.17 9177.55 9176.09 9173.99 9171.39 9153.84 9141.93 9138.26 9136.24 9134.26 9131.43 9127.78 9123.98 9121.19 9120.25 9125.59 9127.86 9130.01 9132.52 9135.54 9138.04 9140.3 9141.19
9184.47 9176 9174.05 9178.93 9178.61 9178.19 9176.81 9175.52 9174.41 9173.41 9169.98 9165.43 9163.03 9160.6 9160.85 9162.66 9164.58 9167.65 9172.39 9177.78 9176.49 9174.76 9173.5 9172.94 9173.38 9176.03 9176.49 9176.35 9179.34 9185.07 9192.26 9188.18 9185.76 9187.67 9194.71 9203.31 9210 9210.76 9210.44 9207.15 9202.93 9197.95 9193.05 9188.08 9183.2 9178.93 9175.86 9176.9 9168.84 9149.41 9139.99 9137.77 9136.19 9135.9 9133.37 9129.6 9124.65 9125.11 9130.78 9129.34 9129.63 9131.2 9133.58 9135.34 9138.97 9140.96 9142.46
9186.43 9181.11 9180.94 9175.07 9178.78 9177.76 9175.95 9174.36 9174.36 9173.96 9170.55 9166.5 9164.71 9162.37 9163.19 9164.78 9166.29 9168.84 9172.8 9178.86 9178.07 9176.02 9174.28 9172.9 9171.91 9171.36 9171.84 9175.4 9180.08 9186.73 9193.64 9190.83 9189.9 9191.87 9202.24 9214.57 9225.41 9233.68 9225.02 9218.01 9211.7 9205.04 9198.4 9191.13 9184.22 9177.54 9170.17 9158.77 9155.88 9143.55 9138.03 9139.77 9142.54 9140.34 9137.12 9133.84 9131.86 9131.63 9131.12 9131.26 9130.99 9131.61 9133.03 9135.45 9138.83 9142.74 9146.07
9189.47 9184.25 9183.17 9187.48 9181.57 9177.84 9175.02 9172.84 9171.09 9170.32 9171.73 9174.32 9170.73 9167.96 9166.5 9166.66 9167.71 9169.07 9173.28 9178.83 9178.32 9176.26 9174.04 9172.26 9170.79 9169.13 9169.92 9174.09 9179.33 9183.42 9182.52 9191.27 9197.29 9198.79 9214.67 9227.04 9234.47 9237.04 9233.36 9226.29 9218.5 9210.39 9201.92 9193.54 9186.06 9178.15 9168.66 9158.47 9151.03 9142.32 9139.59 9143.81 9145.47 9144.31 9141.37 9138.31 9135.15 9132.59 9133.56 9132.04 9130.7 9131.53 9133.09 9135.2 9137.64 9141.89 9148.46
9190.52 9186.02 9183.2 9182.38 9179.9 9176.45 9173.72 9171.16 9168.03 9167.23 9171.11 9173.86 9174.67 9174.6 9169.74 9170.22 9168.66 9168.83 9171.2 9178.7 9176.63 9175.36 9174.25 9172.72 9170.9 9169.29 9169.88 9174.94 9181.53 9187.07 9192.74 9201.84 9212.75 9225.81 9234.62 9242 9245.74 9244.21 9240.1 9232.49 9223.81 9214.68 9205.77 9197.59 9188.12 9179.05 9170.33 9161.34 9154.31 9149.73 9150.49 9150.44 9149.99 9148.13 9145.54 9143.32 9140.69 9136.91 9133.8 9129.96 9129.33 9130.58 9131.86 9133.49 9135.38 9137.02 9139.28
9191.41 9187.87 9182.32 9179.34 9176.24 9173.91 9172.45 9171.24 9170.18 9170.65 9171.32 9171.83 9173.7 9172.29 9169.52 9168.36 9168.31 9169.06 9170.35 9170.27 9173.02 9174.56 9175.13 9174.84 9173.75 9171.84 9170.97 9178.9 9188.34 9196.51 9205.1 9215.07 9228.77 9243.83 9252.03 9255.72 9259.35 9255.78 9246.79 9237.73 9228.24 9218.96 9209.4 9199.75 9190.42 9181.02 9172.22 9164.5 9157.55 9156.32 9157.97 9153.58 9150.83 9149.03 9148.93 9147.88 9147.6 9147.69 9133.88 9127.28 9128.27 9130.1 9131.29 9132.31 9132.72 9132.36 9131.15
9193.01 9191.18 9190.69 9183.53 9172.51 9171.71 9171.64 9172.04 9173.16 9174.71 9173.57 9172.39 9171.98 9171.26 9168.55 9167.36 9167.74 9168.62 9168.89 9169.02 9172.19 9175.35 9178 9179.82 9180.78 9179.77 9177.61 9188.68 9200.59 9209.79 9214.79 9225.04 9242.25 9256.24 9262.71 9262.91 9262.66 9258.09 9249.93 9240.5 9231.13 9221.45 9211.43 9201.64 9192.15 9182.59 9172.82 9164.49 9156.01 9155.44 9154.76 9154.35 9154.88 9154.93 9151.89 9150.6 9149.28 9144.71 9134.27 9127.25 9130.56 9131.38 9131.18 9130.57 9130.2 9129.58 9128.1
9194.01 9192.8 9192.53 9186.79 9172.25 9171.09 9171.37 9172.48 9174.41 9176.47 9174.98 9171.75 9167.62 9166.57 9167.52 9167.22 9168.23 9170.04 9170.69 9171.77 9173.94 9178.13 9183.1 9187.77 9191.72 9195.06 9197.44 9207.59 9218.7 9228.1 9238.93 9250.64 9254.83 9260.39 9263.39 9264.21 9262.95 9258.02 9250.44 9241.31 9231.87 9222.66 9212.75 9203 9193.22 9183.95 9174.46 9164.12 9157.1 9155.29 9154.91 9156.79 9156.39 9153.47 9153.06 9152.51 9151.53 9148.92 9144.75 9142.69 9137.84 9134.29 9131.55 9129.54 9128.13 9127.79 9132.12
9193.69 9190.45 9186.55 9179.21 9174.14 9171.53 9170.91 9171.85 9173.65 9174.84 9175.01 9170.65 9164.1 9165.32 9170.02 9169.29 9169.85 9173.13 9173.43 9172.59 9175.28 9182.04 9189.79 9197.83 9205.85 9214.76 9224.63 9233.5 9239.16 9245.41 9254.38 9261.48 9262.05 9262.27 9261.92 9263.66 9261.73 9257.06 9249.86 9241.59 9232.27 9222.83 9212.53 9202.91 9194.03 9185.47 9177.99 9171.63 9163.1 9156.78 9155.35 9163 9158.52 9154.21 9153.47 9154.29 9154.66 9153.73 9153.03 9152.45 9143.5 9136.41 9131.88 9128.86 9126.43 9124.08 9120.3
9192.24 9188.8 9183.79 9178.2 9176.15 9170.58 9169.8 9170.64 9171.94 9173.33 9171.08 9167.83 9164.66 9168.35 9176.22 9171.14 9170.9 9175.13 9175.11 9173.29 9177.49 9187.68 9198.33 9208.55 9219.51 9232.52 9249.37 9258 9255.57 9256.92 9260.14 9262.33 9264.11 9264.47 9264.26 9263.49 9261.34 9255.35 9248.54 9240.88 9232.2 9223.4 9214.31 9205.08 9195.56 9187.2 9178.99 9170.63 9160.67 9157.8 9159.79 9162.89 9159.32 9153.36 9153.81 9156.41 9158.79 9158.62 9156.95 9149.88 9144 9136.69 9131.32 9127.69 9125.03 9123.07 9120.32
9190.21 9186.81 9182.9 9180.19 9167.69 9167.56 9168.08 9169.09 9169.8 9169.43 9168.54 9165.88 9164.6 9166.44 9168.64 9170.03 9172.24 9176.4 9178.13 9178.13 9183.08 9195.79 9207.57 9218.85 9230.29 9243.05 9256.17 9263.36 9262.46 9262.81 9263.42 9263.07 9264.86 9265.44 9266.01 9261.91 9257.48 9252.7 9246.28 9239.13 9231.36 9222.87 9214.13 9205.22 9196.32 9188.25 9180.65 9172.07 9163.59 9164.04 9173.31 9171.62 9161.33 9154.33 9154.68 9159.3 9164.07 9168.91 9168.4 9158.11 9142.43 9134.14 9129.65 9126.64 9124.49 9123.6 9128.47
