real_craters/C147-750m.grd
DSAA
127 127
-47.145 47.145
-47.145 47.145
8187.944972501 10369.701739007
[rows 76 to 113 of 127, columns 0 to 83 of 127]
9188 9194 9207 9204 9215 9205 9206 9216 9225 9219 9217 9205 9202 9202 9203 9205 9213 9221 9228 9222 9215 9196 9201 9208 9216 9224 9233 9246 9259 9281 9305 9325 9355 9372 9384 9392 9396 9399 9413 9438 9467 9509 9545 9580 9594 9619 9647 9673 9697 9716 9736 9757 9757 9722 9669 9623 9584 9549 9504 9481 9415 9382 9364 9357 9414 9466 9537 9570 9634 9631 9635 9650 9668 9783 9797 9776 9706 9730 9689 9672 9690 9716 9744 9753
9192 9209 9210 9204 9208 9199 9202 9231 9218 9207 9204 9196 9193 9190 9189 9186 9181 9195 9254 9207 9205 9195 9191 9196 9202 9207 9213 9214 9222 9260 9285 9313 9320 9337 9352 9363 9370 9382 9402 9429 9465 9514 9547 9570 9591 9602 9616 9647 9677 9704 9731 9758 9776 9736 9701 9671 9640 9604 9536 9501 9520 9517 9508 9530 9604 9619 9667 9693 9732 9720 9711 9721 9789 9811 9794 9739 9687 9673 9656 9652 9670 9691 9715 9723
9183 9199 9211 9202 9202 9203 9210 9232 9211 9204 9194 9193 9189 9183 9178 9173 9167 9184 9201 9193 9190 9185 9180 9185 9190 9198 9203 9204 9218 9256 9262 9266 9283 9306 9326 9344 9359 9381 9400 9431 9463 9512 9554 9585 9594 9593 9599 9631 9661 9688 9712 9733 9732 9719 9704 9694 9685 9683 9689 9673 9653 9650 9672 9666 9659 9684 9695 9725 9731 9742 9743 9762 9773 9747 9721 9699 9673 9681 9649 9644 9659 9670 9685 9687
9191 9202 9213 9203 9195 9209 9196 9200 9194 9187 9188 9185 9181 9179 9175 9170 9168 9171 9180 9175 9175 9167 9167 9174 9181 9189 9197 9211 9229 9248 9243 9235 9255 9283 9310 9336 9359 9383 9403 9441 9459 9500 9548 9569 9588 9597 9605 9628 9651 9673 9693 9707 9703 9700 9700 9703 9715 9743 9801 9828 9766 9737 9755 9773 9728 9740 9770 9760 9759 9750 9742 9728 9701 9680 9659 9646 9663 9648 9643 9645 9656 9664 9674 9692
9235 9236 9233 9205 9208 9208 9204 9194 9189 9190 9192 9187 9182 9176 9171 9169 9171 9161 9156 9157 9161 9163 9160 9162 9171 9183 9196 9214 9226 9232 9227 9214 9236 9266 9294 9323 9350 9350 9373 9405 9422 9468 9520 9566 9590 9606 9617 9625 9642 9660 9677 9686 9676 9680 9687 9699 9719 9749 9788 9802 9771 9744 9736 9742 9765 9747 9749 9763 9769 9743 9726 9698 9645 9626 9624 9639 9647 9652 9645 9647 9660 9684 9696 9688
9236 9239 9221 9197 9192 9195 9184 9189 9193 9194 9193 9188 9175 9172 9168 9164 9156 9158 9157 9150 9150 9147 9138 9150 9164 9178 9194 9208 9218 9224 9223 9225 9239 9258 9279 9301 9323 9307 9325 9354 9377 9419 9475 9531 9573 9591 9603 9616 9630 9646 9663 9675 9660 9659 9666 9677 9696 9715 9730 9728 9714 9702 9688 9700 9682 9676 9693 9720 9727 9715 9700 9683 9638 9627 9631 9641 9660 9669 9640 9652 9669 9695 9706 9688
9230 9239 9213 9204 9217 9202 9187 9200 9193 9194 9191 9184 9174 9169 9165 9160 9156 9154 9153 9144 9147 9142 9131 9142 9157 9171 9182 9198 9212 9215 9220 9231 9241 9245 9254 9265 9272 9266 9301 9350 9395 9438 9471 9506 9548 9575 9586 9595 9609 9626 9645 9660 9635 9633 9637 9645 9655 9663 9664 9655 9651 9652 9644 9625 9634 9656 9670 9672 9679 9682 9676 9662 9641 9632 9642 9647 9663 9678 9649 9669 9700 9725 9735 9701
9244 9238 9218 9202 9210 9224 9195 9185 9184 9185 9188 9185 9176 9165 9164 9161 9151 9148 9138 9130 9138 9136 9133 9142 9151 9164 9176 9186 9192 9200 9209 9217 9221 9224 9226 9229 9231 9240 9298 9367 9426 9452 9477 9482 9509 9544 9553 9565 9580 9598 9614 9624 9600 9596 9598 9603 9608 9608 9605 9593 9592 9596 9587 9580 9622 9666 9665 9648 9651 9659 9654 9641 9643 9642 9653 9661 9670 9672 9663 9694 9718 9749 9751 9718
9234 9227 9211 9194 9183 9182 9194 9180 9177 9177 9182 9180 9165 9162 9164 9166 9172 9153 9142 9138 9133 9146 9150 9142 9149 9159 9169 9177 9183 9186 9190 9198 9211 9200 9198 9197 9204 9245 9289 9372 9439 9441 9444 9447 9449 9471 9502 9521 9538 9555 9569 9558 9545 9546 9549 9552 9556 9557 9555 9555 9534 9531 9523 9540 9604 9654 9662 9651 9650 9649 9644 9638 9643 9647 9664 9675 9681 9677 9670 9686 9721 9745 9744 9717
9239 9222 9193 9201 9184 9175 9166 9169 9171 9170 9176 9183 9167 9163 9164 9165 9161 9150 9135 9132 9139 9142 9131 9138 9148 9157 9167 9179 9192 9198 9175 9167 9156 9170 9173 9177 9189 9212 9292 9343 9378 9403 9413 9424 9430 9443 9459 9476 9491 9504 9514 9506 9493 9496 9499 9504 9506 9506 9503 9498 9489 9478 9485 9518 9575 9622 9649 9670 9657 9645 9638 9640 9637 9645 9671 9683 9695 9671 9658 9696 9713 9732 9721 9694
9234 9220 9211 9223 9216 9184 9168 9174 9168 9170 9177 9173 9167 9165 9167 9166 9161 9149 9137 9131 9141 9153 9150 9144 9146 9153 9163 9175 9177 9159 9149 9145 9146 9150 9156 9162 9168 9208 9258 9296 9342 9370 9403 9417 9424 9418 9422 9434 9445 9455 9458 9445 9442 9448 9452 9454 9458 9457 9454 9446 9441 9442 9454 9486 9528 9572 9614 9652 9647 9637 9627 9625 9635 9631 9645 9671 9680 9657 9658 9687 9694 9701 9684 9655
9212 9198 9190 9210 9204 9180 9179 9167 9164 9178 9190 9200 9189 9175 9171 9170 9163 9151 9140 9135 9142 9163 9168 9149 9143 9146 9153 9162 9163 9135 9145 9139 9136 9141 9148 9157 9172 9193 9223 9251 9298 9330 9378 9411 9425 9392 9387 9391 9399 9408 9414 9400 9403 9411 9417 9422 9424 9425 9417 9406 9404 9412 9428 9454 9480 9510 9561 9602 9620 9628 9628 9634 9650 9635 9639 9654 9672 9687 9686 9667 9666 9659 9639 9610
9192 9178 9177 9187 9180 9171 9163 9164 9160 9165 9178 9194 9193 9182 9173 9168 9161 9152 9147 9145 9148 9163 9165 9141 9136 9137 9137 9132 9128 9128 9129 9134 9134 9138 9146 9157 9170 9177 9198 9232 9264 9285 9355 9391 9409 9376 9358 9356 9360 9368 9372 9364 9371 9379 9387 9392 9394 9393 9389 9381 9381 9393 9415 9429 9451 9478 9518 9560 9594 9619 9641 9664 9682 9661 9656 9646 9664 9695 9715 9660 9648 9633 9606 9572
9186 9173 9172 9171 9166 9160 9164 9158 9156 9161 9171 9196 9200 9181 9175 9165 9159 9154 9147 9146 9153 9145 9135 9129 9127 9128 9127 9121 9119 9121 9126 9129 9130 9133 9142 9154 9170 9176 9182 9193 9219 9266 9320 9352 9363 9345 9323 9322 9328 9335 9337 9334 9342 9349 9356 9364 9368 9371 9371 9371 9369 9367 9378 9401 9424 9448 9492 9538 9570 9607 9652 9684 9703 9700 9694 9655 9680 9701 9727 9681 9648 9620 9587 9549
9188 9173 9173 9172 9163 9160 9167 9153 9160 9164 9169 9181 9184 9184 9176 9170 9165 9160 9153 9149 9147 9138 9130 9117 9123 9127 9130 9126 9125 9127 9122 9125 9120 9124 9137 9148 9149 9159 9155 9159 9180 9212 9266 9289 9298 9279 9276 9288 9301 9311 9314 9313 9321 9329 9336 9343 9349 9354 9360 9365 9365 9351 9361 9378 9393 9428 9469 9504 9540 9576 9621 9669 9708 9734 9705 9688 9685 9734 9744 9688 9653 9613 9570 9536
9186 9180 9179 9174 9168 9172 9161 9156 9164 9167 9171 9172 9174 9178 9181 9178 9176 9172 9166 9159 9148 9143 9126 9125 9124 9131 9138 9155 9139 9127 9127 9123 9121 9124 9134 9146 9152 9147 9138 9137 9154 9170 9192 9214 9224 9220 9236 9260 9278 9292 9299 9291 9300 9307 9315 9322 9329 9337 9347 9355 9361 9347 9344 9362 9388 9408 9438 9471 9500 9530 9562 9610 9649 9645 9639 9665 9681 9722 9721 9691 9650 9583 9547 9519
9182 9174 9179 9176 9171 9164 9161 9168 9174 9172 9175 9176 9181 9182 9196 9199 9196 9188 9178 9177 9142 9136 9129 9122 9128 9134 9140 9138 9139 9135 9127 9128 9128 9126 9130 9135 9138 9137 9130 9120 9126 9139 9151 9164 9171 9200 9225 9243 9260 9274 9283 9274 9280 9286 9293 9300 9311 9319 9329 9336 9344 9345 9337 9343 9359 9380 9408 9432 9456 9482 9517 9542 9558 9572 9588 9603 9627 9660 9669 9666 9632 9557 9522 9494
9189 9183 9178 9173 9172 9168 9166 9171 9178 9173 9170 9176 9185 9195 9223 9235 9218 9198 9179 9155 9138 9145 9138 9133 9131 9134 9141 9157 9140 9131 9137 9137 9133 9124 9129 9127 9126 9126 9121 9105 9104 9111 9122 9139 9164 9192 9216 9227 9241 9253 9255 9254 9261 9267 9275 9282 9289 9299 9307 9314 9320 9317 9323 9320 9324 9341 9370 9389 9412 9433 9464 9503 9517 9519 9541 9555 9591 9614 9626 9609 9599 9531 9497 9470
9192 9182 9173 9171 9172 9173 9168 9169 9172 9176 9173 9185 9207 9239 9258 9253 9230 9207 9183 9163 9160 9150 9149 9143 9128 9131 9132 9131 9135 9137 9154 9133 9138 9151 9133 9121 9120 9121 9114 9101 9097 9095 9106 9128 9153 9173 9187 9209 9226 9234 9235 9237 9245 9253 9260 9266 9275 9281 9290 9295 9304 9310 9300 9297 9299 9302 9320 9349 9371 9388 9420 9483 9481 9490 9520 9528 9549 9580 9588 9561 9572 9499 9473 9453
9194 9185 9171 9173 9175 9163 9169 9174 9175 9191 9209 9230 9251 9261 9264 9255 9234 9209 9186 9166 9155 9156 9154 9153 9144 9131 9125 9126 9131 9136 9134 9139 9136 9132 9127 9127 9122 9118 9115 9102 9097 9092 9102 9122 9148 9161 9177 9196 9213 9225 9224 9224 9230 9236 9244 9251 9256 9263 9269 9275 9279 9285 9281 9273 9266 9271 9284 9310 9339 9366 9388 9426 9434 9462 9492 9498 9511 9546 9551 9513 9510 9468 9454 9444
9190 9180 9167 9169 9168 9164 9170 9178 9184 9215 9244 9262 9264 9265 9262 9250 9232 9211 9190 9170 9174 9159 9159 9172 9143 9128 9123 9125 9131 9138 9151 9143 9132 9119 9117 9117 9117 9113 9106 9095 9091 9089 9106 9132 9137 9156 9173 9192 9206 9218 9213 9208 9210 9215 9221 9228 9236 9243 9251 9260 9269 9258 9265 9248 9241 9239 9245 9278 9322 9355 9361 9380 9393 9426 9450 9468 9477 9514 9508 9484 9476 9463 9447 9433
9190 9177 9164 9170 9174 9169 9184 9203 9229 9241 9256 9270 9265 9259 9247 9248 9234 9212 9190 9172 9165 9167 9173 9155 9125 9125 9135 9133 9133 9136 9140 9130 9123 9117 9115 9114 9113 9107 9099 9094 9088 9088 9102 9112 9134 9156 9178 9186 9190 9200 9187 9184 9189 9196 9206 9214 9222 9229 9236 9239 9238 9243 9247 9220 9214 9219 9236 9278 9314 9343 9352 9384 9367 9404 9451 9467 9481 9503 9496 9457 9493 9474 9433 9392
9189 9184 9171 9173 9180 9190 9233 9253 9246 9255 9264 9267 9259 9249 9270 9258 9237 9214 9192 9178 9167 9167 9174 9150 9126 9121 9119 9129 9132 9134 9129 9120 9116 9111 9109 9116 9111 9104 9092 9080 9079 9093 9103 9113 9131 9151 9166 9171 9164 9146 9140 9158 9171 9182 9191 9200 9207 9215 9220 9224 9225 9219 9219 9221 9220 9242 9272 9296 9304 9324 9326 9329 9344 9389 9437 9465 9485 9474 9464 9430 9480 9470 9421 9370
9191 9184 9166 9175 9190 9216 9277 9277 9273 9271 9271 9272 9269 9273 9275 9264 9240 9216 9194 9185 9181 9173 9159 9150 9132 9122 9121 9124 9130 9135 9138 9128 9125 9117 9107 9115 9109 9100 9089 9080 9083 9091 9098 9103 9123 9149 9173 9172 9148 9122 9127 9145 9159 9170 9182 9190 9197 9203 9208 9213 9217 9214 9213 9220 9220 9225 9257 9281 9279 9280 9300 9307 9333 9372 9413 9436 9442 9433 9427 9417 9418 9446 9412 9369
9195 9187 9182 9183 9196 9235 9289 9297 9293 9284 9271 9271 9266 9272 9279 9261 9239 9217 9201 9194 9193 9181 9165 9153 9136 9127 9122 9126 9131 9137 9140 9147 9156 9138 9133 9118 9105 9092 9084 9080 9082 9094 9098 9099 9126 9145 9159 9157 9146 9125 9135 9141 9149 9158 9167 9176 9184 9192 9197 9202 9215 9230 9221 9218 9216 9218 9239 9260 9269 9269 9287 9299 9322 9354 9384 9392 9403 9403 9398 9387 9385 9420 9397 9367
9203 9198 9194 9196 9211 9258 9295 9301 9299 9285 9257 9225 9238 9282 9280 9258 9233 9217 9202 9199 9195 9184 9174 9162 9148 9136 9131 9129 9133 9138 9144 9145 9145 9143 9132 9123 9106 9086 9082 9088 9091 9103 9111 9121 9130 9139 9143 9143 9146 9137 9138 9141 9146 9154 9161 9167 9175 9184 9191 9197 9211 9218 9223 9229 9212 9205 9221 9250 9265 9268 9280 9286 9309 9340 9367 9373 9385 9382 9383 9363 9358 9400 9386 9360
9207 9217 9240 9232 9227 9255 9275 9290 9291 9282 9244 9215 9223 9243 9226 9226 9227 9217 9207 9205 9200 9193 9181 9176 9167 9144 9133 9132 9135 9140 9149 9155 9156 9148 9137 9147 9114 9085 9085 9090 9099 9116 9128 9132 9130 9137 9143 9149 9140 9127 9131 9136 9143 9151 9159 9166 9172 9180 9186 9194 9204 9204 9211 9209 9198 9186 9188 9212 9244 9260 9264 9279 9300 9328 9351 9356 9354 9356 9356 9344 9349 9375 9372 9353
9212 9221 9238 9248 9283 9278 9284 9279 9269 9242 9234 9217 9220 9254 9223 9232 9232 9226 9220 9218 9218 9205 9197 9187 9177 9151 9135 9131 9134 9140 9147 9148 9140 9155 9186 9171 9121 9092 9090 9096 9124 9136 9144 9140 9137 9135 9136 9134 9134 9125 9125 9132 9141 9150 9158 9163 9176 9180 9184 9189 9193 9192 9189 9191 9185 9170 9152 9180 9224 9240 9242 9264 9290 9317 9343 9349 9331 9337 9343 9339 9345 9350 9348 9330
9211 9220 9223 9251 9262 9305 9302 9291 9275 9251 9238 9230 9229 9228 9231 9241 9244 9237 9234 9230 9228 9213 9194 9187 9175 9140 9126 9126 9129 9133 9138 9142 9136 9166 9179 9144 9112 9096 9098 9111 9123 9135 9141 9134 9130 9132 9128 9118 9116 9113 9121 9129 9138 9147 9155 9164 9173 9178 9180 9184 9177 9185 9182 9178 9173 9151 9132 9168 9208 9223 9226 9249 9278 9305 9330 9350 9335 9341 9354 9366 9344 9355 9341 9327
9217 9220 9229 9261 9266 9254 9276 9279 9270 9251 9245 9245 9249 9249 9254 9258 9253 9242 9235 9233 9229 9213 9197 9187 9163 9132 9119 9121 9124 9128 9131 9139 9169 9199 9156 9108 9098 9095 9108 9134 9136 9132 9142 9121 9133 9133 9127 9118 9112 9111 9116 9124 9134 9143 9153 9163 9173 9180 9183 9186 9213 9189 9178 9173 9170 9158 9149 9172 9196 9208 9216 9242 9269 9297 9326 9349 9362 9362 9357 9368 9357 9359 9343 9343
9223 9226 9228 9240 9242 9238 9262 9285 9255 9256 9253 9256 9266 9267 9267 9268 9258 9245 9237 9235 9232 9222 9205 9203 9167 9129 9131 9134 9135 9130 9127 9129 9141 9170 9140 9099 9097 9105 9118 9123 9131 9136 9141 9112 9140 9130 9126 9132 9118 9105 9108 9120 9129 9139 9149 9161 9172 9184 9198 9200 9192 9186 9185 9170 9177 9171 9168 9177 9192 9202 9215 9240 9261 9283 9315 9348 9361 9363 9351 9367 9379 9358 9357 9350
9231 9237 9244 9244 9251 9246 9254 9256 9228 9240 9250 9255 9268 9274 9273 9271 9263 9248 9239 9235 9232 9228 9231 9205 9170 9152 9148 9147 9142 9135 9127 9120 9118 9121 9108 9096 9100 9111 9125 9127 9134 9138 9142 9120 9109 9109 9113 9113 9098 9097 9108 9117 9126 9134 9144 9156 9167 9180 9191 9189 9177 9176 9163 9162 9158 9173 9173 9176 9181 9202 9230 9248 9251 9261 9287 9312 9336 9346 9337 9356 9384 9379 9366 9357
9239 9241 9249 9241 9240 9235 9243 9237 9227 9232 9238 9244 9246 9255 9260 9273 9268 9253 9242 9234 9228 9228 9222 9180 9176 9196 9182 9163 9151 9142 9132 9123 9123 9114 9105 9101 9123 9127 9128 9131 9137 9148 9115 9116 9099 9097 9101 9098 9105 9103 9111 9120 9128 9135 9143 9152 9160 9172 9183 9184 9181 9178 9175 9158 9163 9171 9171 9176 9182 9211 9229 9238 9239 9237 9257 9285 9311 9330 9341 9379 9385 9376 9359 9345
9242 9240 9235 9244 9234 9243 9251 9238 9235 9230 9228 9235 9243 9253 9265 9273 9270 9260 9244 9230 9217 9199 9178 9168 9172 9177 9179 9165 9151 9141 9133 9129 9124 9116 9108 9105 9114 9119 9121 9127 9151 9132 9093 9081 9090 9095 9096 9098 9104 9107 9113 9118 9125 9132 9139 9147 9152 9158 9164 9161 9169 9181 9177 9166 9154 9165 9167 9175 9190 9208 9225 9232 9231 9225 9225 9270 9311 9348 9359 9364 9377 9363 9359 9329
9245 9241 9240 9241 9237 9234 9240 9235 9235 9229 9223 9225 9235 9247 9258 9263 9259 9252 9239 9226 9212 9196 9190 9179 9166 9162 9163 9154 9145 9137 9131 9127 9120 9116 9110 9127 9111 9110 9117 9113 9123 9096 9082 9084 9087 9091 9097 9100 9104 9113 9117 9123 9132 9135 9138 9140 9142 9141 9142 9140 9158 9180 9169 9175 9162 9161 9163 9164 9171 9191 9229 9230 9230 9233 9246 9272 9310 9350 9372 9373 9371 9350 9328 9312
9245 9241 9239 9240 9249 9245 9248 9243 9236 9223 9207 9213 9226 9232 9240 9242 9242 9238 9231 9223 9214 9207 9201 9175 9160 9157 9147 9143 9138 9132 9125 9119 9114 9115 9110 9098 9101 9103 9106 9122 9082 9078 9081 9085 9096 9104 9102 9099 9105 9119 9125 9130 9136 9140 9140 9140 9138 9132 9128 9144 9153 9170 9177 9173 9171 9163 9161 9166 9181 9183 9210 9223 9230 9238 9251 9279 9315 9349 9361 9364 9370 9352 9329 9310
9244 9243 9249 9248 9251 9263 9267 9242 9230 9225 9202 9205 9214 9233 9235 9232 9224 9224 9222 9217 9211 9206 9191 9174 9156 9145 9133 9131 9127 9125 9120 9113 9108 9125 9122 9101 9106 9100 9091 9088 9082 9094 9087 9105 9117 9112 9109 9102 9111 9129 9140 9147 9150 9151 9149 9146 9140 9133 9130 9138 9151 9161 9170 9157 9160 9162 9162 9156 9164 9179 9191 9211 9226 9239 9257 9282 9311 9337 9346 9358 9365 9357 9339 9324
9241 9238 9239 9241 9243 9249 9247 9238 9232 9225 9215 9209 9213 9231 9231 9225 9216 9219 9217 9213 9207 9198 9181 9165 9161 9142 9129 9125 9122 9121 9118 9113 9112 9125 9134 9119 9109 9104 9095 9094 9096 9099 9096 9114 9125 9129 9117 9105 9117 9140 9151 9154 9158 9158 9155 9151 9147 9141 9143 9146 9153 9158 9155 9147 9151 9157 9164 9174 9160 9156 9181 9202 9221 9240 9258 9276 9292 9313 9324 9343 9364 9346 9353 9335
