real_craters/C147-500m.grd
DSAA
190 190
-47.145 47.145
-47.145 47.145
8178.0035984681 10416.347328288
[rows 0 to 29 of 190, columns 0 to 66 of 190]
8818.43 8825.64 8815.05 8815.57 8816.6 8808.06 8806.37 8809.43 8814.12 8802.06 8789.82 8787.11 8794.76 8799.57 8801.89 8801.35 8797.43 8801.7 8811.07 8820.45 8830.46 8840.04 8849.62 8859.51 8870.84 8877.66 8886.48 8896.93 8903.15 8900.82 8897.21 8900.57 8934.7 8976.08 9022.02 9076.12 9134.16 9199.82 9280.68 9313.56 9325.38 9359.42 9387.57 9402.12 9392.37 9379.62 9372.53 9369.8 9368.3 9369.23 9371.18 9372.25 9373.77 9376.61 9380.24 9384.03 9388.05 9387.71 9392.4 9402.23 9412.61 9422.28 9432.41 9442.74 9453.46 9464.21 9475.26
8817.54 8818.1 8802.75 8796.4 8797.18 8802.05 8804.46 8809.47 8814.88 8811.48 8806.13 8799.82 8808.84 8818.58 8816.8 8811.49 8805.59 8811.31 8819.07 8826.86 8836.52 8844.89 8853.79 8863.28 8875.04 8883.65 8892.11 8896.53 8900.89 8894.92 8889.2 8896.48 8927.41 8969.12 9014.88 9063.31 9117.36 9175.92 9238.62 9255.7 9316.67 9352.3 9379.36 9394.71 9391.19 9380.62 9367.74 9363.1 9364.5 9368.33 9370.95 9374.17 9375.89 9377.43 9379.69 9383.88 9387.75 9388.94 9394.43 9403.28 9412.13 9422.76 9433.19 9444.33 9455.94 9467.54 9479.69
8800.88 8798.58 8793.85 8787.4 8784.18 8785.77 8796.4 8806.62 8813.62 8818.43 8821.64 8813.72 8819.87 8830.58 8829.01 8827.27 8821.55 8822.82 8827.88 8835.22 8842.05 8849.38 8856.8 8864.09 8870.84 8883.4 8891.3 8887.34 8887.71 8889.39 8886.44 8896.86 8923.94 8962.1 9003.64 9046.56 9090.83 9134.08 9173.4 9235.88 9293.25 9335.81 9364.66 9383.5 9385.28 9375.07 9350.72 9356.39 9360.97 9367.93 9373.19 9377.56 9378.02 9378.3 9379.47 9382.35 9386.88 9390.2 9401.51 9404.95 9413.54 9423.59 9434.92 9446.48 9458.92 9470.65 9483.73
8802.04 8797.46 8791.41 8785.44 8780.46 8782.03 8793.95 8806.27 8815.53 8821.47 8824.5 8826.03 8831.76 8834.17 8837.08 8837.28 8836.05 8835.46 8838.13 8842.34 8848.77 8854.72 8860.78 8866.49 8870.37 8872.95 8880.7 8878.71 8872.3 8883.78 8889.6 8897.45 8926.81 8960.64 8993.3 9028.15 9063.6 9099.48 9135 9224.73 9276.68 9309.96 9343.8 9371.61 9377.51 9373.46 9362.99 9352.01 9356.59 9366 9377.93 9380.08 9376.95 9376.79 9377.66 9379.72 9383.28 9385.1 9394.43 9402.82 9412.98 9424.11 9436.56 9449.01 9462.23 9475.08 9488.81
8821.24 8807.26 8790.8 8782.05 8781.21 8787.03 8797.44 8809.09 8818.21 8823.66 8827.85 8831.47 8835.81 8841.15 8844.17 8846 8847.62 8845.83 8847.52 8851.09 8855.55 8860.51 8864.81 8869.22 8872.28 8869.4 8862.45 8867.63 8871.17 8885.59 8897.84 8921.29 8942.7 8962.25 8988.37 9016.13 9044.27 9074.75 9117.06 9217.01 9243.14 9276.1 9318.49 9352.72 9366.01 9363.1 9349.36 9343.55 9350.45 9359.57 9367.05 9370.56 9372.5 9373.59 9374.53 9375.55 9376.79 9376.71 9385.75 9398.03 9411.64 9426.04 9439.49 9453.54 9466.13 9480.05 9492.67
8821.1 8807.43 8789.18 8780.26 8785.8 8795.11 8803.05 8811.77 8819.52 8825.17 8830.01 8833.8 8838.72 8845.68 8848.69 8849.78 8850.1 8850.43 8853.66 8857.22 8861.47 8865.02 8867.72 8869.11 8872.04 8869.62 8856.96 8853.94 8867.94 8882.68 8899.86 8923.96 8943.74 8958.65 8980 9003.41 9027.47 9054.97 9095.07 9162.49 9207.04 9243.68 9291.13 9333.29 9350 9346.66 9337.46 9337.71 9344.98 9351.11 9356.61 9362.16 9366.88 9369.99 9371.83 9372.59 9371.53 9366.05 9376.52 9394.63 9411.22 9427.88 9443.28 9458.17 9471.92 9485.81 9498.33
8815.67 8804.16 8792.04 8788.14 8797.92 8805.6 8808.96 8813.17 8819.78 8826.92 8833.17 8838.07 8842.62 8846.26 8848.55 8851.51 8852.19 8853.59 8858.48 8862.59 8866.77 8869.91 8870.86 8868.98 8868.28 8862.02 8846.45 8840.91 8860.11 8877.03 8892.38 8908.55 8924.03 8947.55 8971.31 8995.08 9018.76 9043.67 9073.4 9132.89 9175.01 9213.28 9261.4 9303.95 9322.74 9317.67 9325.2 9337.56 9339.42 9342.94 9347.75 9354.22 9362.63 9369.1 9373.09 9373.82 9371.81 9363.7 9375.81 9396.07 9414.69 9432.75 9446.76 9462.01 9476.25 9490.28 9503.12
8813.61 8801.98 8798 8807.26 8809.23 8811.9 8813.64 8817.1 8822.2 8828.94 8835.59 8841.13 8846.38 8848.91 8850.97 8853.97 8856.12 8857.81 8863.78 8868.62 8872.19 8874.91 8874.91 8869.36 8857.75 8848.78 8841.44 8839.8 8854.6 8870.05 8882.93 8894.22 8910.78 8938.59 8965.9 8992.21 9017.41 9038.75 9060.82 9099.57 9143.58 9189.26 9229.57 9269.49 9299.05 9302.54 9313.21 9326.13 9328.01 9333.65 9338.62 9343.69 9360.14 9371.56 9378 9380.38 9380.54 9378.72 9387.98 9403.48 9419.79 9435.51 9450.08 9466.83 9482.02 9495.98 9508.77
8820.72 8808.52 8809.06 8813.35 8813.92 8814.94 8815.87 8817.56 8823.61 8830.55 8837.59 8844 8848.16 8850.88 8853.54 8857.43 8860.52 8862.77 8868.03 8872.41 8875.67 8878.83 8879.39 8873.06 8845.42 8839.07 8845.8 8853.52 8857.31 8867.04 8876.66 8891.11 8909.55 8938.14 8966.35 8994.74 9022.15 9044.38 9054.4 9085.94 9118.71 9153.87 9195.03 9228.31 9245.96 9263.93 9280.2 9292.76 9309.56 9323.82 9336.64 9347.8 9367.3 9379.14 9386.11 9389.62 9388.34 9392.55 9401.3 9412.63 9425.95 9440.42 9457.96 9473.3 9488.29 9502.86 9516.2
8821.94 8809.92 8806.72 8809.71 8814.67 8816.38 8817.63 8820.35 8825.23 8831.68 8838.77 8846.28 8849.78 8852.6 8857.13 8861.41 8865.95 8869.23 8872.87 8876.27 8879.57 8881.98 8882.96 8875.64 8848.4 8843.36 8855.85 8864.71 8851.39 8854.75 8873.41 8893.55 8917.21 8941.84 8968.58 8997.69 9029.99 9065.5 9090.95 9083.22 9093.65 9131.58 9170.59 9192.15 9204.46 9223.13 9245.64 9268.65 9290.58 9315.82 9341.47 9363.58 9382.54 9390.14 9394.94 9399.12 9399.13 9405.1 9413.25 9421.67 9432.53 9444.63 9459.59 9480.84 9496.45 9511.45 9525.41
8812.66 8809.63 8811.47 8811.02 8812.84 8816.02 8818.78 8822.14 8826.64 8832.13 8838.24 8844.63 8849.46 8853.45 8858.86 8864.89 8870.72 8875.01 8877.93 8879.99 8880.42 8881.43 8882.54 8873.69 8835.99 8844.97 8865.69 8886.67 8867.24 8862.68 8877.03 8896.09 8920.33 8943.2 8967.79 8997.73 9031.55 9068.79 9094.65 9082.27 9090.37 9139.28 9159.38 9173.94 9190.68 9201.51 9220.31 9238.51 9271.62 9305.87 9342.79 9382.52 9396.8 9398.24 9400.6 9404.78 9407.24 9418.42 9422.4 9428.98 9438.16 9452.36 9467.43 9485.54 9505.07 9521.1 9535.4
8812.66 8819.22 8819.18 8813.83 8815.16 8817.8 8820.79 8824.02 8827.93 8832.25 8836.66 8841.31 8847.28 8854.14 8860.84 8867.94 8874.47 8878.86 8882.1 8882.73 8881.56 8877.43 8871.74 8858.73 8833.35 8843.79 8865.81 8886.14 8882.62 8881.22 8883.43 8895.4 8914.67 8936.89 8963.19 8992.69 9022.81 9047.23 9065.31 9076.07 9081.88 9114.26 9137.05 9154.9 9172.5 9187.25 9202 9223.6 9254.77 9290.59 9331.47 9373.24 9391.8 9394.29 9397.42 9402.72 9405.41 9415.52 9425.05 9432.95 9443.02 9457.41 9476.18 9493.83 9512.2 9530.43 9547.94
8816.09 8827.94 8824.1 8815.47 8818.07 8820.23 8822.95 8826.05 8829.22 8832.44 8835.47 8837.79 8845.4 8854.99 8862.62 8870.94 8878.67 8884.47 8886.86 8886.72 8883.04 8874.15 8858.21 8839.95 8834 8843.32 8861.33 8873.29 8880.16 8882 8883.45 8892.71 8905.85 8926.67 8955.5 8984.23 9013.15 9040.95 9059.99 9076.35 9098.04 9104.22 9116.21 9134.62 9150.22 9165.01 9182.25 9206.01 9233.69 9268.41 9307.56 9345.55 9369.51 9377.13 9383.49 9392.57 9399.08 9411.94 9422.42 9434.96 9448.31 9465.19 9486.46 9498.92 9519.83 9534.37 9553.71
8815.11 8826.15 8826.02 8818.17 8820.69 8821.71 8824.74 8827.89 8830.58 8833.59 8836.58 8839.56 8845.19 8854.37 8864.66 8874.89 8883.97 8891.23 8892.84 8891.57 8887.58 8879.31 8864.01 8839.02 8827.78 8845.64 8861.8 8870.64 8871.69 8873.47 8881.6 8896.83 8908.26 8925.8 8953.88 8976.43 8998.71 9028.61 9049.45 9067.69 9088.59 9097.6 9106.22 9117.89 9130.44 9143.44 9160.29 9176.3 9203.15 9239.07 9274.86 9310.92 9337 9348.41 9361.3 9374.22 9387.94 9405.02 9418.02 9433.93 9450.12 9468.79 9492.33 9511.07 9526.23 9544.12 9563.61
8814.01 8820.18 8823.95 8818.32 8818.53 8821.58 8824.78 8828.67 8832.23 8835.69 8839.34 8843.74 8849.25 8855.97 8869.06 8880.24 8889.16 8896.81 8898.31 8897.16 8894.62 8890.99 8891.03 8874.44 8856.68 8858.17 8869.31 8885.61 8897.5 8894.33 8891.93 8914.73 8934.93 8955.33 8963.3 8969.54 8977.86 8991.07 9017.48 9047.12 9073.06 9086.97 9093.16 9102.01 9111.5 9128.22 9142.9 9159.39 9183.83 9210.18 9238.44 9263.28 9282.66 9312.54 9334.58 9350.65 9357.03 9383.34 9409.48 9430.08 9449.24 9468.21 9489.51 9509.4 9528.17 9547.01 9564.53
8817.69 8819.09 8823.35 8822.83 8820.12 8822.1 8825.46 8830 8834.66 8839.11 8843.57 8848.05 8853.94 8864.93 8876.29 8885.59 8893.69 8900.41 8902.56 8901.5 8900.12 8899.15 8897.26 8898.43 8887.34 8874.51 8867.02 8891.71 8939.63 8936.86 8932.26 8939.33 8958.01 8978.79 8970.83 8964.16 8959.65 8961.69 8991.58 9026.01 9055.62 9072.44 9078.26 9088.8 9097.83 9119.7 9124.99 9139.6 9160.45 9179.43 9203.79 9228.1 9256.1 9283.17 9311.21 9333.52 9346.47 9374.56 9403.8 9428.35 9450.13 9472.65 9494.24 9512.17 9531.57 9548.61 9567.19
8822.21 8825.44 8823.79 8823.85 8820.38 8823.18 8828.61 8832.9 8837.58 8842.75 8848.34 8853.94 8860.41 8874.03 8885.66 8892.92 8897.39 8901.74 8904.01 8904.08 8903.49 8902.98 8901.51 8895.6 8892.47 8889.56 8894.04 8904.91 8921.22 8953.08 8957.59 8947.79 8956.93 8965.25 8965.69 8959.22 8948.91 8942.57 8976.03 9009.7 9038.42 9059.58 9074.45 9078.08 9082.44 9088.4 9098.59 9108.68 9123.34 9149.22 9173.51 9196.33 9219.82 9255.6 9294.28 9323.4 9349.65 9378.45 9404.62 9427.61 9449.75 9471.93 9493.32 9516.13 9530.95 9551.08 9571.63
8822.29 8826.02 8821.84 8817.27 8817.44 8823.38 8829.54 8834.48 8839.74 8846.12 8853.42 8861.41 8870.73 8881.17 8890.09 8893.73 8898.73 8902.43 8904.42 8905.35 8905.13 8905.17 8905.66 8902.75 8898.9 8898.48 8903.75 8913.7 8928.99 8927.47 8913.05 8932.49 8951.49 8967.75 8969.1 8960.74 8952.39 8954.63 8974.28 9000.94 9026.32 9046.03 9059.31 9062.02 9062.75 9063.44 9073.4 9087.49 9106.13 9128.66 9149.72 9171.52 9192.38 9236.26 9282.8 9323.18 9363.72 9383.62 9402.68 9423.64 9445.98 9468.34 9491.95 9514.82 9534.42 9555.25 9575.02
8818.4 8822.03 8819.9 8817.13 8820.25 8823.65 8829.73 8834.1 8840.54 8848.51 8857.54 8867.7 8878.41 8883.58 8889.4 8894.88 8899.63 8903.53 8905.5 8906.09 8905.26 8904.38 8904.59 8906.73 8902.73 8899.98 8901.72 8908.18 8905.65 8879.54 8894.04 8921.04 8948.26 8968.29 8968.15 8963.74 8961.6 8963.62 8978.11 8997.34 9017.93 9034.36 9039.52 9044.39 9046.33 9043.73 9050.42 9066.39 9089.81 9108.13 9129.55 9155.86 9189.73 9228.38 9271.09 9312.88 9354.77 9378.2 9400.43 9419.16 9443.4 9466.03 9489.29 9513.59 9535.78 9558.56 9580.64
8818.04 8816.9 8815.92 8816.56 8820.63 8821.97 8823.98 8832.54 8841.08 8850.6 8861.05 8871.73 8881.89 8887.77 8892.07 8897.13 8901.33 8905.19 8907.85 8906.79 8904.81 8902.59 8902.16 8905.31 8902.43 8898.44 8896.2 8902.65 8909.88 8895.99 8904.16 8929.44 8946.78 8955.89 8962.12 8964.72 8965.95 8970.88 8980.51 8993.73 9008.68 9022.01 9025.31 9027.07 9028.08 9021.96 9025.82 9039.5 9056.52 9083.05 9109.89 9138.65 9172.47 9210.88 9253.37 9290.55 9328.27 9362.2 9391.36 9414.37 9440.49 9465.51 9489.1 9512.73 9534.91 9559.27 9583.47
8817.62 8813.49 8813.31 8814.16 8818.45 8817.57 8821.92 8830.62 8841.41 8852.19 8863.2 8874 8884.06 8891.19 8896.07 8899.09 8902.94 8906.31 8907.49 8906.62 8904.43 8902.23 8902.55 8904.34 8901.52 8898.12 8895.99 8898.56 8900.93 8908.06 8935.16 8945.11 8950.42 8959.13 8964.52 8964.54 8966.29 8970.75 8977.86 8987.61 8997.79 9006.33 9009.08 9009.67 9005.52 8995.12 8996.91 9014.06 9042.81 9066.87 9090.4 9119.79 9150.94 9188.85 9234.71 9272.95 9311.2 9345.55 9375.05 9403.66 9431.3 9458.57 9486.14 9512.22 9538.27 9564.88 9587.31
8818.29 8817.55 8819.1 8814.83 8822.41 8814.08 8816.19 8830.49 8842.89 8854.31 8865.19 8875.62 8885.36 8893.1 8897.96 8901.97 8905.44 8907.4 8908.54 8906.63 8904.3 8902.44 8903.29 8903.77 8900.02 8897.26 8895.88 8895.19 8897.11 8907.46 8930.34 8942.52 8947.87 8954.61 8959.64 8960.98 8961.1 8966.24 8973.03 8980.37 8986.81 8991.54 8994.48 8995.11 8987.75 8968.37 8967.16 8988.53 9010.72 9037.51 9070.79 9102.94 9136.37 9173.61 9219.62 9259.93 9296.71 9330.14 9360.23 9390.72 9421.34 9452.54 9483.04 9509.25 9538.58 9565.54 9593.64
8819.28 8819.58 8822.26 8816.11 8824.67 8823.98 8826.68 8836.39 8846.93 8857.03 8866.71 8875.95 8884.61 8892.23 8896.46 8901.21 8905.3 8907.65 8908.38 8905.81 8903.74 8901.75 8901.96 8900.28 8895.55 8891.76 8890.23 8890.21 8892.62 8899.92 8913.82 8928.03 8937.47 8945.15 8951.07 8956.06 8960.09 8963.23 8968.18 8973.14 8977.24 8979.44 8984.78 8984.45 8969.7 8959.2 8963.37 8969.94 8990.56 9020.88 9054.26 9089.33 9125.44 9164.7 9204.42 9241.1 9278.53 9313.41 9348.55 9380.3 9412.98 9444.12 9475.57 9506.89 9537.95 9566.93 9595.25
8818.16 8824.2 8822.94 8817.72 8826.81 8835.63 8840.07 8845.25 8852.7 8860.81 8868.73 8876.21 8882.93 8888.01 8895 8899.51 8903.59 8908.08 8908.64 8904.92 8902.17 8899.22 8894.53 8891.41 8889.18 8887.08 8885.42 8884.8 8884.75 8886.97 8894.78 8910.66 8923.98 8934.67 8944.73 8949.55 8954.6 8958.19 8961.62 8965.28 8968.67 8971.61 8977.04 8976.33 8953.9 8940.03 8935.06 8948.67 8974.44 9007.34 9041.58 9077.17 9113.76 9151.73 9187.19 9215 9256.52 9296.3 9331.83 9367.91 9403.71 9439.67 9471.28 9504.81 9537.1 9568.99 9596.6
8823.35 8824.47 8823.3 8822 8832.04 8843.18 8848.45 8852.67 8858.62 8865.41 8871.8 8877.94 8883.31 8888.3 8893.7 8899.57 8904.72 8910.5 8914.52 8910.66 8900.21 8889.85 8876.56 8878.88 8884.56 8885.82 8884.29 8881 8877.99 8877.05 8882.04 8899.31 8912.07 8923.1 8930.41 8940.12 8946.9 8950.59 8954.53 8958.4 8961.55 8961.16 8961.18 8962.5 8938.41 8914.97 8903.99 8925.27 8957.85 8996.46 9029.64 9064.91 9101.91 9138.74 9172.72 9204.36 9239.2 9279.99 9318.72 9359.09 9398.65 9435.93 9467.94 9499 9533.8 9566.88 9597.59
8826.99 8827.35 8822.15 8830.47 8837.99 8847.75 8854.3 8859.09 8864.13 8869.79 8875.35 8880.84 8885.85 8890.16 8895.75 8902.48 8909.58 8912.69 8913.02 8905.9 8896.39 8889.28 8879.9 8878.81 8884.31 8890.8 8884.96 8877.77 8872.61 8870.3 8877.37 8890 8902.19 8913.22 8925.8 8930.26 8934.82 8941.19 8946.84 8951.77 8955.47 8956.94 8954.33 8939.91 8915.51 8894.25 8886.68 8904.93 8938.8 8980.51 9014.11 9050.99 9089.23 9127.91 9155.97 9179.26 9221.56 9265.23 9305.48 9347.73 9390.3 9422.19 9460.66 9497.38 9531.54 9566.06 9600.19
8833.35 8830.16 8822.72 8834.69 8840.89 8850.24 8858.34 8864.47 8869.47 8874.38 8879.34 8884.39 8889.45 8893.96 8899.49 8906.59 8914.1 8912.49 8906.75 8899.19 8890.54 8881.64 8883.31 8881.39 8882.58 8883.08 8880.2 8873.49 8867.91 8866.01 8879.8 8885.88 8894.46 8902.5 8907.05 8913.82 8923.24 8932.56 8940.29 8946.22 8949.97 8952.62 8951.73 8913.71 8891.68 8875.31 8869.13 8885.87 8918.01 8955.13 8995.29 9036.58 9074.62 9107.98 9137.02 9164.52 9207.67 9252.62 9289.84 9332.62 9377.04 9414.55 9455.66 9495.95 9531.87 9569.15 9606.81
8841.9 8833.62 8824.15 8836.24 8844.6 8852.27 8862.09 8868.67 8873.87 8878.93 8883.8 8888.86 8894.08 8899.44 8905.31 8910.54 8912.9 8910.93 8904.21 8891.03 8887.02 8880.73 8879.94 8878.43 8879.08 8880.6 8874.4 8868.01 8863.22 8861.53 8866.26 8879.94 8889.87 8894.93 8895.68 8902.52 8915.3 8926.79 8936.11 8943.07 8945.72 8941.01 8922.8 8897.29 8875.97 8860.9 8854.77 8871.08 8903.4 8942.31 8984.64 9025.75 9064.02 9097.02 9125.49 9156.3 9199.05 9238.58 9282.73 9327.68 9371.93 9412.61 9453.21 9496.35 9537.99 9578.62 9618.84
8839.92 8832.6 8824.77 8840.05 8851.62 8860.53 8867.24 8872.29 8877.13 8882.28 8887.18 8892.58 8898.03 8903.65 8909.41 8914.06 8913.95 8912.46 8908.87 8900.39 8892.94 8883.01 8874.94 8871.82 8872.15 8872.1 8867.46 8862.11 8857.58 8855.35 8855.88 8873.16 8887.72 8892.71 8897.58 8904.1 8913.25 8924.71 8934.63 8941.97 8945.35 8939.55 8919.16 8892.32 8868.34 8852.56 8847.73 8862.64 8894.28 8935.66 8977.05 9017.39 9059.02 9094.73 9122.98 9157.06 9197.04 9235.4 9280.36 9326.48 9371.6 9411.74 9456.77 9501.16 9547.9 9591.88 9635.34
8838.11 8832.69 8827.67 8846.18 8858.11 8867.52 8871.84 8875.15 8879.44 8884.02 8889.32 8894.62 8901.01 8907.42 8913.38 8916.78 8917.86 8919.16 8918.15 8916.78 8903.45 8882.09 8864.38 8864.43 8863.59 8862.33 8859.21 8854.93 8851.21 8849.33 8849.71 8867.62 8882.26 8888.43 8898.39 8911.37 8915.59 8923.64 8933.39 8943.02 8949.21 8949.06 8936.66 8888.84 8864.22 8850.27 8846.01 8858.3 8886.86 8922.32 8962.97 9008.74 9057.82 9107.81 9148.71 9160.56 9198.97 9245.32 9281.37 9324.64 9372.07 9416.07 9462.69 9506.12 9550.68 9600.59 9654.41
