real_craters/C147-300m.grd
DSAA
315 315
-47.145 47.145
-47.145 47.145
8178.1459264486 10412.123814178
[rows 60 to 89 of 315, columns 0 to 66 of 315]
8828.28 8826.36 8819.29 8835.53 8836.57 8834.46 8831.86 8829.9 8836.28 8843.04 8848.67 8850.47 8852.55 8855.32 8858.95 8863.28 8867.82 8872.9 8878.15 8883.56 8888.81 8894.17 8899.26 8904.37 8908.22 8911.2 8912.69 8910.16 8900.95 8890.31 8882.17 8875.79 8870.23 8862.17 8854.95 8852.61 8845.63 8837.38 8829.69 8825.46 8818.43 8809.78 8806.7 8806.47 8807.27 8808.74 8810 8811.44 8813.14 8815.05 8817.76 8822.83 8828.11 8835.96 8844.85 8856.34 8866.36 8874.34 8882.65 8887.04 8890.62 8893.35 8895.39 8896.9 8897.13 8896.66 8895.6
8823.63 8826.38 8837.58 8845.02 8839.65 8834.44 8830.39 8833.65 8835.63 8839.12 8841.97 8844.41 8846.48 8849.18 8852.73 8856.97 8861.87 8867.16 8872.85 8878.82 8886.14 8891.91 8897.29 8902.78 8906.76 8909.61 8910.66 8907.68 8897.74 8885.54 8877.64 8871.32 8863.7 8858.01 8855.7 8853.72 8848.38 8841.24 8834.79 8830.22 8823.84 8816.55 8812.21 8810.42 8809.76 8810.38 8810.96 8812.07 8813.07 8814.82 8816.78 8816.94 8826.24 8836.22 8845.95 8855.02 8862.83 8868.42 8878.77 8886.95 8891.72 8893.72 8895.53 8896.44 8896.61 8895.93 8893.89
8823.08 8823.67 8830.14 8841.07 8839.8 8835.43 8832.54 8831.65 8834.32 8835.91 8836.37 8838.52 8841.15 8844.38 8848.35 8852.95 8858.53 8864.51 8870.51 8876.96 8882.18 8888.26 8894.23 8899.99 8904.12 8906.89 8907.96 8904.57 8896.81 8886.32 8878.52 8871.17 8862.6 8857.14 8855.12 8855.25 8851.98 8845.1 8837.03 8830.65 8825.06 8820.69 8817.3 8815.36 8813.9 8813.45 8813.38 8813.68 8814.35 8816.07 8818.6 8824.46 8831.16 8838.22 8846.75 8854.06 8863.3 8873.37 8878.87 8886.18 8891.5 8893.75 8895.79 8897.36 8897.61 8896.92 8895.04
8824.97 8822.8 8827.9 8839.17 8838.24 8834.59 8832.93 8835.47 8835.91 8833.94 8831.94 8832.88 8835.46 8838.65 8843.65 8850.28 8856.13 8860.41 8866.5 8873.32 8879.62 8885.18 8891.5 8897.86 8902.53 8905.84 8906.94 8903.62 8899.52 8893.77 8886.02 8875.97 8866.17 8862.29 8862.61 8863.19 8858.53 8850.21 8839.57 8828 8825.74 8824.34 8822.21 8820.34 8818.62 8817.84 8816.83 8816.02 8816.18 8816.72 8818.64 8823.18 8829.54 8836.77 8842.86 8852.22 8860.42 8868.66 8876.91 8883.18 8888.37 8893.48 8896.71 8898.76 8899.37 8899.38 8898.01
8826.66 8823.53 8828.37 8836.27 8834.83 8831.63 8831.49 8835.21 8835.44 8831.88 8828.38 8828.58 8830.68 8833.8 8839.14 8845.25 8851.46 8856.41 8862.52 8868.74 8875.09 8880.59 8887.48 8894.96 8901.15 8906.52 8908.18 8907.41 8904.04 8899.53 8892.93 8883.6 8874.81 8870.89 8871.7 8874.21 8866.68 8856.81 8846.19 8835.4 8831.82 8829.93 8827.66 8825.8 8823.84 8822.26 8820.92 8819.37 8818.84 8818.66 8818.44 8817.12 8819.85 8831.55 8845.06 8853.39 8858.46 8865.04 8875.29 8883.63 8892.1 8894.27 8898.49 8901.19 8902.65 8904.09 8903.71
8823.89 8822.64 8826.72 8836.37 8825.66 8819.81 8822.25 8826.6 8828.18 8828.27 8827.23 8826.33 8823.14 8827.43 8833.05 8839.38 8845.63 8851.05 8857.04 8864.01 8870.25 8876.35 8883.26 8890.66 8897.95 8905.28 8907.97 8908.62 8906.91 8903.57 8899.22 8891.1 8884.68 8880.41 8881.29 8882.45 8873.79 8863.65 8854.24 8848.45 8839.79 8835.99 8832.69 8830.33 8828.03 8826 8824.37 8822.47 8821.59 8820.93 8821.05 8822.91 8828.79 8837.35 8846.73 8854.83 8862.63 8869.75 8877.15 8883.32 8885.52 8895.63 8901.4 8904.99 8907.44 8909.83 8911.38
8812.28 8810.75 8810.91 8809.7 8805.48 8800.37 8809.19 8825.16 8836.25 8821.83 8809.85 8802.34 8810.92 8819.22 8826.91 8834.07 8840.23 8845.86 8851.31 8857.1 8862.96 8868.88 8875.86 8883.48 8891.87 8899.42 8904.16 8907.06 8906.47 8903.46 8899.13 8895.48 8891.63 8887.49 8886.64 8886.01 8878.59 8868.64 8857.95 8849.65 8845 8841.2 8837.31 8834.29 8831.7 8829.32 8827.51 8825.72 8824.96 8824.43 8824.75 8827.28 8834.05 8842.63 8848.49 8856.34 8865.74 8873.73 8881.23 8888.2 8895.55 8901.67 8906.66 8910.1 8912.85 8915.63 8919.67
8792.03 8783.78 8784.79 8784.92 8787.51 8788.13 8799.06 8812.5 8816.56 8809.13 8797.67 8790.88 8803.67 8814.57 8823.15 8829.93 8835.55 8840.77 8845.04 8849.76 8855.05 8860.58 8866.77 8874.4 8882.15 8890.1 8896.97 8901.87 8902.57 8901.13 8899.08 8896.49 8893.61 8890.94 8889.03 8886.94 8881.43 8872.85 8862.56 8854.33 8850.01 8845.58 8841.59 8838.3 8835.51 8833.41 8831.29 8829.73 8829.4 8828.55 8828.14 8828.78 8827.99 8838.36 8850.39 8861.71 8868.05 8876.97 8885.99 8894.67 8903.55 8909.02 8912.64 8915.28 8917.93 8920.57 8925.41
8773.73 8766.52 8768.58 8772.47 8780.68 8793.37 8793.03 8796.02 8799.13 8796.36 8794.45 8797 8805.62 8814.64 8821.97 8827.26 8831.37 8834.97 8837.37 8840.96 8844.99 8849.79 8855.28 8861.94 8870.06 8879.87 8888.05 8893.2 8895.78 8896.13 8895.96 8894.76 8892.8 8890.57 8888.39 8886.23 8883.11 8877.44 8870.71 8863.42 8856.25 8850.22 8844.5 8840.32 8837.15 8835.03 8833.34 8832.36 8832.08 8833.12 8833.86 8834.92 8837.21 8840.71 8852.56 8867.05 8877.94 8882.55 8890.17 8899.54 8909.33 8914.97 8917.88 8919.92 8921.92 8924.06 8927.9
8761.71 8757.46 8760.55 8765.73 8772.43 8779.06 8781.26 8780.67 8778.46 8785.71 8794.18 8803.74 8811.3 8818.38 8821.83 8823.81 8825.4 8827.1 8830.74 8832.87 8835.26 8838.22 8842.24 8847.45 8853.93 8863.18 8872.01 8879.53 8885.72 8887.71 8889.47 8890.24 8889.62 8888.26 8886.73 8885.27 8883.57 8880.73 8877.43 8870.32 8860.83 8853.08 8847.26 8841.92 8838.62 8836.64 8835.45 8835.27 8835.13 8837.04 8838.59 8841.58 8844.67 8845.46 8853.69 8869.14 8876.43 8883.13 8892.07 8902.45 8912.26 8918.55 8922.04 8923.65 8924.94 8926.14 8927.81
8754.32 8752.35 8756.67 8763.88 8768.38 8765.62 8768.75 8769.74 8771.13 8782.21 8798.21 8806.82 8822.44 8825.82 8823.75 8822.01 8820.91 8820.68 8821.74 8822.69 8824.06 8825.81 8828.88 8831.68 8835.08 8839.18 8845.4 8862.36 8871.38 8877.04 8881.29 8883.9 8884.7 8883.57 8883.17 8882.59 8881.68 8880.24 8878.64 8871.26 8861.28 8852.91 8846.87 8842.51 8839.46 8837.42 8836.76 8836.48 8837.97 8839.19 8842.38 8846.82 8853.39 8851.33 8852.36 8860.64 8865.68 8878.95 8891.96 8904.15 8914.63 8921.38 8924.39 8925.74 8926.44 8926.77 8926.59
8751.01 8750.25 8754.92 8759.3 8760.47 8761.02 8763.21 8765.26 8768.68 8782.36 8807.02 8841.99 8846.72 8831.73 8823.89 8819.16 8816.7 8815.37 8813.23 8812.91 8813.12 8813.22 8813.57 8814.1 8815.22 8818.88 8830.38 8845.42 8859.59 8866.78 8873.58 8877.98 8879.37 8878.69 8878.56 8878.08 8876.97 8874.49 8872.39 8865.36 8857.22 8850.58 8845.46 8841.83 8838.24 8836.15 8836.12 8836.64 8837.98 8840.02 8843.63 8847.81 8851.73 8852.49 8854.07 8856.54 8861.59 8878.51 8893.81 8906.33 8916.7 8923.47 8926.25 8927.68 8928.17 8927.75 8926.87
8753.01 8754.82 8756.1 8757.62 8758.19 8759.45 8763.05 8765.83 8769.68 8781.64 8803.33 8829.13 8834.48 8822.96 8815.59 8811.1 8808.24 8806.22 8805.65 8802.67 8800.82 8799.54 8797.96 8796.13 8796.05 8796.27 8800.06 8820.87 8844.01 8858.34 8865.88 8873.07 8872.31 8871.98 8871.81 8872.59 8869.3 8863.86 8858.51 8854.28 8848.4 8843.49 8839.41 8836.88 8834.98 8835.41 8835.37 8836.91 8837.85 8840.89 8843.55 8847.88 8849.71 8850.77 8855.18 8860.04 8868.22 8885.1 8899.31 8910.36 8918.4 8923.24 8927.38 8929.33 8929.67 8928.92 8928.13
8749.48 8754.28 8759.46 8761.93 8757.07 8763.1 8768.64 8770.09 8771.87 8778.59 8789.79 8797.19 8798.02 8803.28 8802.48 8800.62 8798.56 8796.58 8794.93 8792.21 8790.26 8787.96 8785.86 8782.97 8779.95 8776.91 8776.25 8797.78 8828.83 8852.18 8855.49 8853.84 8860.91 8860.74 8859.91 8860.09 8855.95 8851.13 8846.3 8842.16 8837.72 8835.07 8833 8831.6 8830.75 8831.23 8832.38 8833.95 8835.95 8838.65 8842.67 8847.32 8854.67 8865.42 8869.44 8870.8 8884.7 8897.73 8908.02 8916.37 8922.34 8925.63 8929.6 8930.81 8930.54 8929.08 8927.75
8748.36 8755.08 8766.39 8776.38 8783.82 8783.35 8780.56 8777.42 8774.1 8771.12 8780.1 8780.35 8779.47 8786.85 8790.13 8790.9 8789.81 8787.8 8785.65 8783.19 8780.79 8777.88 8774.61 8771.45 8769.19 8766.83 8769.04 8783.59 8806.33 8837.81 8847.57 8853.94 8850.27 8845.77 8842.63 8841.15 8837.01 8834.06 8833.32 8828 8825.62 8824.41 8823.94 8823.8 8824.11 8824.77 8826.16 8828.52 8830.99 8833.97 8837.65 8842.61 8849.76 8855.66 8861.62 8877.38 8903.57 8910.76 8917.09 8922.97 8927.99 8932.66 8933.61 8932.22 8930.7 8928.91 8927.3
8751.64 8760.31 8774.38 8792.18 8806.47 8803.1 8792.12 8785.14 8783.17 8787.74 8781.1 8776.34 8774.18 8778.51 8780.56 8781.41 8780.76 8779.88 8777.72 8777 8774.83 8771.87 8768.08 8765.1 8761.79 8761.77 8767.43 8779.16 8791.9 8815.92 8842.23 8847.47 8835.45 8826.26 8821.38 8818.07 8812.32 8807.62 8809.15 8810.34 8811.91 8813.52 8815.05 8816.39 8817.72 8819.32 8821.15 8823.93 8825.89 8829.89 8833.23 8837.36 8842.4 8846.91 8861.22 8872.58 8904.43 8916.55 8923.17 8927.98 8932.14 8936.1 8936.08 8932.75 8929.7 8927.92 8927.79
8743.06 8757.6 8776.42 8798.82 8822.99 8809.34 8794.65 8787.73 8785.64 8786.42 8780 8775.35 8774.83 8774.31 8775.39 8776.21 8775.84 8775.27 8773.58 8771.04 8768.53 8766.69 8762.9 8760.63 8759.32 8759.66 8765.79 8781.46 8807.72 8833.92 8840.86 8832.55 8812.35 8803.65 8800.31 8793.81 8784.13 8781.01 8785.27 8793.5 8799.31 8803.96 8807.68 8810.56 8812.97 8815.44 8817.41 8819.89 8821.22 8823.38 8827 8830.95 8836.99 8843.73 8856.51 8865.19 8900.17 8918.49 8924.99 8928.6 8932.07 8936.55 8935.76 8929.4 8925.07 8923.83 8926.25
8740.17 8755.75 8772.16 8787.27 8793.06 8787.39 8786.24 8783.7 8780.96 8773.82 8774.85 8774.3 8770.4 8772.15 8772.01 8771.44 8770.59 8769.64 8768.06 8764.93 8762.62 8760.46 8759.25 8757.95 8757.34 8757.76 8763.56 8782.62 8823.38 8843.01 8840.89 8817.23 8795.94 8790.55 8787.34 8779.68 8770.73 8769.98 8774.79 8783.24 8790.93 8797.5 8802.89 8807.53 8811.19 8814.09 8817.35 8819.19 8821.43 8820.91 8824.05 8826.2 8833.33 8842.69 8864.4 8881.03 8907.97 8922.38 8924.37 8923.77 8924.61 8929.34 8927.93 8919.09 8915.45 8915.51 8918.51
8751.21 8757.21 8767.34 8774.78 8774.72 8773 8777.09 8778.7 8778.97 8780.15 8778.38 8775.56 8778.03 8773.56 8769.18 8767.66 8766.61 8765.3 8763.91 8762.24 8760.08 8758.25 8757.19 8754.45 8755.26 8758.35 8764.06 8780.9 8823.08 8852.94 8839.48 8824.16 8807.22 8794.35 8785.92 8776.46 8768.78 8765.95 8769.89 8776.5 8783.91 8790.77 8796.61 8801.72 8806.46 8809.4 8811.61 8814.65 8817.1 8815.47 8820.11 8825.16 8830.81 8842.35 8873.79 8892.68 8917.81 8923.68 8916.72 8911.13 8907.47 8904.34 8900.85 8900.61 8901.93 8904.47 8907.45
8752.54 8757.07 8764.7 8771.02 8772.38 8771.84 8772.56 8775.2 8777.38 8779.25 8777.43 8773.29 8768.43 8764.77 8764.95 8764.42 8763.59 8762.48 8761.82 8759.16 8757.82 8755.83 8754.91 8754.59 8755.82 8759.18 8767.96 8787.46 8805.46 8824.78 8812.57 8815.37 8821.05 8804.7 8791.44 8779.39 8768.78 8765.29 8767.94 8771.37 8775.18 8780.06 8784.63 8788.81 8793.43 8798.45 8802.16 8806.54 8809.11 8813 8814.45 8819.42 8825.89 8835.94 8857.47 8871.88 8900.39 8904.31 8897.71 8892.59 8886.99 8879.34 8873.03 8881.48 8887.73 8894.08 8899.18
8746.18 8754.78 8764.18 8771.01 8771.5 8766.82 8769.74 8773.33 8775.68 8775.97 8774.19 8770.98 8764.49 8760.03 8762.42 8762.47 8761.59 8759.95 8757.92 8756.58 8755.32 8753.75 8753.05 8752.93 8754.25 8756.72 8763.5 8771.53 8774.24 8764.86 8769.81 8790.83 8808.27 8807.48 8798.33 8786.41 8772.46 8765.47 8768.13 8770.15 8775.87 8780.87 8784.87 8788.88 8792.39 8796.59 8800.04 8803.08 8806.11 8809.37 8810.47 8816.26 8821.1 8826.29 8834.08 8843.44 8857.25 8866.6 8872.59 8872.25 8868.69 8863.54 8862.06 8868.13 8876.33 8885.5 8896.53
8745.42 8754.8 8765.15 8775.21 8774.26 8768.41 8769.77 8773.67 8776.81 8776.81 8774.36 8775.08 8771.57 8767.05 8765.25 8761.98 8759.6 8757.83 8756.31 8755.03 8753.5 8752.02 8751.26 8751.67 8751.98 8753.63 8754.84 8755.53 8756.18 8754.78 8757.57 8775.76 8795.7 8807.38 8805.56 8798.4 8785.17 8773.22 8774.26 8776.51 8779.9 8785.73 8789.99 8793.95 8797.49 8801.3 8804.67 8807.73 8809.76 8811.58 8813.02 8814.54 8815.77 8816.86 8816.33 8824.3 8836.41 8844.93 8852.35 8855.22 8854.63 8852.52 8850.88 8859.16 8868.31 8877.99 8887.9
8753.53 8759.61 8767.05 8772.32 8773.43 8770.99 8772.03 8776.31 8781.26 8785.29 8788.3 8784.32 8781.66 8785.21 8767.73 8761.62 8759.18 8757.61 8756.17 8755.16 8754.43 8753.63 8753.32 8752.19 8753.74 8751.65 8750.97 8750.1 8750.47 8753 8755.86 8767.02 8789.93 8807 8813.27 8815.69 8811.29 8793.44 8788.4 8785.45 8786.14 8788.83 8793.35 8796.66 8800.19 8802.79 8805.02 8806.97 8809.61 8810.23 8812.4 8813.99 8815.4 8816.51 8820.68 8827.29 8830.3 8834.32 8840 8843.94 8845.87 8846.65 8849.39 8855.59 8863.91 8873.26 8883.6
8766.28 8768.52 8771.7 8773.42 8773.7 8772.74 8774.53 8780.05 8786.77 8794.03 8800.01 8790.82 8778.67 8761.61 8760.71 8759.52 8759.12 8758.72 8758.56 8758.04 8762.46 8762.11 8761.32 8760.17 8758.25 8755.26 8750.39 8744.07 8744.83 8752.82 8758.62 8762.85 8781.5 8804.88 8820.9 8834.86 8847.83 8837.55 8807.37 8796.1 8795.41 8798 8801.26 8804.38 8804.09 8805.9 8807.4 8808.79 8809.51 8810.46 8813.51 8815.28 8815.81 8817.78 8820.39 8826.46 8827.92 8828.9 8833.87 8838.36 8841.47 8844.57 8848.49 8854.96 8863.08 8872.19 8882.03
8780.8 8780.49 8780.81 8777.92 8778.55 8777.13 8778.21 8783.66 8790.69 8798.11 8802.39 8792.86 8776.27 8759.51 8757.25 8759.79 8761 8761.85 8762.58 8763.38 8763.94 8763.56 8762.84 8761.54 8759.63 8757.14 8752.1 8746.99 8747.06 8754.19 8758.04 8760.99 8777.31 8805.28 8828.27 8843.96 8858.89 8845.87 8809.08 8802.81 8803.68 8806.31 8808.94 8807 8809.06 8810.13 8811.61 8812.09 8812.55 8813.32 8813.81 8813.81 8816.44 8817.31 8820.16 8827.68 8827.39 8828.65 8832.66 8836.86 8841.13 8845.33 8850.06 8857.24 8865.6 8874.57 8885.24
8795.41 8793.69 8794.68 8795.25 8787.92 8782.86 8781.72 8787.01 8793.23 8799.05 8801.96 8793.62 8778.61 8764.15 8760.52 8762.23 8764.16 8765 8764.77 8764.55 8763.75 8763.31 8763.31 8762.22 8761.26 8758.5 8756.31 8756.9 8757.82 8754.66 8755.65 8763.81 8788.38 8821.63 8841.86 8846.22 8836.54 8811.53 8801.34 8809.1 8812.94 8814.14 8814.77 8813.92 8813.17 8813.93 8814.12 8814.45 8814.36 8815.7 8815.22 8815.53 8816.67 8817.13 8822.23 8826.89 8826.17 8829.97 8833.53 8838.24 8843.37 8848.63 8855.15 8862.96 8870.76 8880.17 8891.16
8808.34 8804.11 8803.41 8803.59 8795.15 8789.61 8787.75 8790.88 8795.11 8798.5 8799.89 8793.57 8782.63 8773.09 8768.83 8768.63 8768.43 8767.91 8767.43 8767.01 8767.31 8766.69 8764.85 8764.15 8763.1 8761.67 8761.45 8764.48 8765.95 8758.2 8759.71 8769.5 8813.97 8857 8864.35 8857.05 8837.47 8822.8 8822.88 8829.69 8829.69 8827.29 8822.88 8821.04 8820.52 8819.4 8817.33 8816.82 8817.24 8816.25 8816.69 8815.45 8816.12 8817.73 8820.38 8824.29 8826 8829.47 8835.2 8841.95 8847.89 8853.46 8859.82 8867.84 8876.99 8888.28 8901.97
8817.26 8809.36 8802.03 8798.27 8798.5 8795.99 8793.96 8795.64 8797.57 8797.85 8794.83 8790 8787.24 8782.36 8779.17 8777.72 8774.78 8772.53 8771.12 8770.69 8769.35 8768.76 8767.62 8767.28 8767.18 8766.56 8766.28 8766.9 8764.88 8758.62 8762.56 8774.88 8831.44 8882.5 8885.63 8877.42 8867 8868.58 8870.94 8859.32 8848.97 8840.84 8834.84 8827.66 8823.3 8822.04 8819.95 8818.23 8818.07 8816.6 8816.64 8817.27 8818 8819.84 8821.37 8823.22 8831.28 8835.93 8842.9 8849.16 8854.69 8860.01 8865.38 8871.68 8884.27 8897.75 8913.73
8815.16 8812.95 8807.27 8804.26 8805.1 8804.18 8802.24 8802.2 8802.22 8800.2 8795.48 8791.12 8793.26 8798.11 8801.63 8785.65 8779.27 8776.21 8774.34 8773.54 8772.78 8772.95 8772.39 8772.11 8771.28 8770.46 8769.89 8769.49 8764.96 8761.82 8765.62 8779.14 8834.29 8886.74 8894.21 8893 8894.58 8900.1 8901.14 8881.68 8864.04 8851.38 8843.19 8836.07 8829.39 8826.71 8824.9 8824.23 8823.01 8822.49 8820.73 8820.48 8819.62 8821.01 8822.47 8827.24 8835.91 8847.25 8854.63 8858.34 8862.8 8868.34 8874.57 8882.52 8893.6 8906.46 8923.21
8815.4 8819.76 8819.65 8817.84 8816.54 8814.89 8812.4 8811.03 8808.86 8806.11 8802.72 8799.59 8797.44 8794.52 8786.9 8783.44 8779.89 8777.92 8776.72 8776.2 8775.99 8776.94 8776.43 8776.92 8777.27 8777.68 8776.74 8775.08 8771.74 8766.36 8769.54 8781.77 8823.82 8867.07 8880.46 8892.49 8903.42 8906.57 8906.63 8887.33 8867.28 8854.73 8846.98 8841.76 8836.51 8833.85 8831.46 8828.14 8827.65 8826.39 8825.52 8823.68 8822.93 8824 8826.84 8834.28 8846.36 8856.53 8863.14 8866.07 8871.2 8877.97 8886.04 8895.16 8904.87 8913.87 8928.12
