real_craters/C147-500m.grd
DSAA
190 190
-47.145 47.145
-47.145 47.145
8178.0035984681 10416.347328288
[rows 150 to 179 of 190, columns 67 to 133 of 190]
9139.13 9151.06 9159.49 9158.51 9153.93 9145.63 9134.54 9130.41 9135.05 9139.34 9144.04 9149.07 9154.77 9160.66 9166.91 9173.73 9178.66 9183.82 9188.1 9193.07 9196.86 9200.92 9202.51 9214.7 9226.32 9232.3 9221.48 9219.78 9217.61 9216.42 9216.73 9222.92 9238.62 9253.27 9265.16 9269.46 9267.15 9277.85 9286.76 9291.72 9308.11 9321.66 9342.98 9365.45 9383.81 9390.84 9398.1 9403.11 9404.12 9401.52 9397.93 9390.51 9383.55 9385.24 9420.96 9414.77 9396.9 9375.51 9361.4 9356.98 9359.86 9368.04 9379.22 9375.67 9368.2 9363.61 9354.93
9137 9143.45 9145.17 9140.23 9145.89 9146.55 9150.78 9149.14 9140.7 9141.79 9144.76 9148.76 9153.28 9156.99 9161.76 9167.14 9172.47 9176.71 9182.57 9187.99 9192.25 9196.75 9201.51 9211.52 9220.56 9225.36 9224.71 9228.29 9224 9215.29 9213.5 9217.96 9228.66 9245.04 9260.79 9270.88 9270.47 9274.85 9283.83 9292.31 9294.61 9313.14 9333.97 9354.7 9370.12 9371.92 9374.62 9386.02 9389.21 9388.44 9389.66 9371.83 9365.48 9366.89 9406.6 9403.27 9388.15 9365.41 9352.92 9352.45 9355.35 9360.87 9364.56 9363.78 9357.15 9345.56 9338.88
9134.6 9139.1 9142.38 9148.4 9145.66 9143.51 9138.3 9132.24 9135.96 9139.12 9142.43 9146.51 9150.9 9155.22 9160.27 9165.89 9171.06 9175.95 9181.3 9185.45 9188.98 9193.74 9199.18 9210.58 9215.1 9214 9220.31 9226.78 9220.02 9208.12 9199.64 9201.38 9212.06 9232.21 9248.71 9258.17 9260.68 9267.81 9274.58 9278.68 9285.74 9305.17 9325.8 9344.5 9360.94 9365.59 9364.98 9375.85 9374.3 9374.27 9375.86 9365.23 9351.7 9353.75 9389.31 9390.66 9384 9371.34 9355.58 9347.21 9347.81 9351.59 9356.96 9357.05 9348.96 9341.4 9339.18
9134.49 9138.73 9142.76 9148.81 9145.33 9139.51 9131.92 9128.12 9130.51 9134.52 9137.85 9143.15 9147.41 9153.18 9158.63 9163.02 9168.23 9172 9177.18 9181.9 9185.64 9191.65 9197.34 9203.92 9205.73 9202.78 9211.46 9211.24 9206.6 9198.42 9188.68 9185.07 9187.69 9199.05 9225.42 9244.4 9264.74 9259.91 9264.04 9272.47 9283.4 9299.58 9318.28 9337.08 9350.99 9359.4 9354.66 9353.81 9354.59 9356.61 9355.61 9349.78 9342.45 9348.74 9370.36 9375.56 9371.95 9364.39 9343.81 9338.06 9337.51 9338.96 9341.66 9340.99 9338.61 9340.09 9346
9134.81 9136.5 9138.81 9138 9137.98 9136.91 9135.55 9126.28 9128.54 9133.55 9139.29 9145.25 9150.93 9158.78 9163.55 9168.15 9169.75 9170.34 9174.41 9180.39 9185.02 9189.59 9192.24 9194.23 9195.28 9194.44 9194.18 9193.7 9194.09 9190.05 9185.84 9170.08 9163.04 9168.72 9206.8 9228.84 9238.43 9246.53 9249.6 9262.42 9277.24 9293.23 9311.11 9328.96 9345.35 9353.59 9346.46 9333.86 9337.35 9343 9343.59 9340.21 9339.18 9346.44 9356.62 9359.16 9354.33 9340.11 9329.69 9328.97 9327.71 9325.43 9320.87 9315.77 9323.82 9332.1 9341.66
9135.34 9133.95 9133.47 9133.66 9131.45 9128.72 9123.57 9120.04 9122.78 9128.26 9131.98 9137.13 9142.37 9147.43 9152.67 9160.84 9166.41 9172.06 9176.31 9179.9 9183.99 9189 9187.36 9183.68 9187.12 9189.71 9186.6 9191.65 9185.96 9179.75 9167.75 9152.42 9140.55 9158.81 9191.68 9220.35 9237.55 9235.28 9235 9248.69 9267.65 9285.5 9303.66 9321.88 9341.16 9350.63 9344.28 9332.69 9332.97 9340.98 9349 9348.05 9344.55 9343.2 9340.68 9347.56 9342.85 9331.8 9326.11 9323.29 9320.73 9316.14 9309.36 9303.84 9310.26 9317.58 9323.95
9132.12 9131.4 9127.98 9122.04 9117.01 9115.72 9109.27 9113.74 9120.63 9126.16 9131.86 9138.12 9144.49 9149.8 9155.47 9161.04 9166.35 9172.64 9176.17 9178.78 9180.17 9182.6 9182.49 9176.64 9183.35 9185.23 9181.6 9177.15 9177.18 9173.32 9162 9140.4 9132.19 9153.54 9182.71 9207.58 9221.71 9223.6 9225.65 9239.17 9259 9277.99 9297.39 9314.03 9329.84 9347.04 9346.17 9334.85 9335.08 9345.83 9353.76 9362.96 9358.61 9343.56 9354.46 9351.34 9340.56 9329.81 9325.88 9321.91 9317.86 9312.16 9306.83 9305.18 9301.3 9299.7 9297.78
9131.64 9130.43 9126.06 9118.7 9112.69 9111.8 9111.45 9111.59 9116.52 9121.72 9127.5 9133.64 9139.66 9149.76 9156.16 9161.94 9168.7 9172.82 9176.62 9179.64 9179.08 9171.92 9188.46 9196.52 9190.59 9183.49 9175.27 9171 9172.82 9170.51 9161.37 9142.23 9141.22 9158.49 9181.77 9197.96 9208.28 9213.31 9217.61 9231.86 9252.39 9271.53 9290.35 9308.38 9324.02 9349.23 9349.44 9352.83 9356.87 9354.69 9354.83 9362.88 9362.31 9349.92 9342.09 9355.05 9342.01 9336.03 9332.02 9325.18 9318.89 9311.62 9304.31 9296.45 9290.39 9284.63 9277.01
9135.1 9131.15 9127.17 9123.48 9116.95 9112.26 9111.06 9108.65 9111.17 9119.54 9125.36 9132.28 9139.31 9146.29 9152.73 9159.36 9165.98 9172.86 9179.01 9184.37 9188.37 9191.62 9196.86 9201.62 9193.69 9186.4 9180.94 9178.9 9173.47 9172.07 9168.93 9160.59 9156.8 9166.32 9181.06 9194.08 9202.34 9207.89 9216.26 9234.42 9249.31 9266.58 9284.66 9304.76 9330.6 9348.36 9356.9 9364.53 9365.73 9360.48 9357.31 9361.13 9382.12 9364.04 9353.23 9360.2 9344.94 9348.77 9341.46 9331.98 9322.38 9313.21 9303.63 9290.36 9283.05 9275.9 9262.96
9134.7 9127.26 9125.84 9128.85 9134.5 9117.72 9104.83 9103.58 9107.68 9117.52 9123.17 9129.32 9135.59 9142.37 9149.2 9157.21 9164.39 9171.81 9179.51 9188 9197.79 9204.37 9196.51 9191.63 9187.38 9184.23 9184.77 9171.42 9170.61 9176.88 9172.86 9169.05 9167.52 9172.32 9181.35 9191.54 9198.76 9204.78 9214.95 9230.21 9247.57 9261.47 9275.8 9292.95 9314.59 9340.69 9352.92 9361.38 9368.83 9358.12 9350.75 9357.75 9373.44 9378.66 9372.54 9356.97 9357.24 9350.78 9346.39 9336.04 9326.6 9316.82 9309.03 9302.32 9295.16 9276.28 9259.25
9111.87 9116.55 9118.4 9120.58 9118.95 9104.04 9097.04 9098.93 9106.09 9113.34 9119.16 9125.34 9131.57 9138.21 9145.83 9153.36 9161.01 9168.86 9177.46 9187.26 9196.71 9201.38 9183.51 9178.25 9179.79 9176.25 9166.94 9160.55 9161.27 9168.71 9171.17 9171.92 9171.53 9174.93 9182.27 9190.57 9196.44 9205.84 9227.36 9247.37 9249.18 9255.01 9263.79 9275.22 9283.33 9311.9 9327.44 9346.22 9366.15 9349.6 9339.43 9347.26 9375.69 9385.88 9390.45 9353.57 9372.44 9367.63 9350.71 9337.57 9326.14 9316.24 9309.16 9308.23 9293.95 9273.77 9259.34
9104.66 9106.5 9108.36 9107.57 9100.79 9097.11 9094.16 9100.61 9108.3 9115.32 9121.78 9127.5 9128.98 9135.22 9142.72 9149.72 9156.88 9165.13 9173.42 9181.31 9185.68 9186.29 9185.2 9179.66 9177.73 9173.52 9165.32 9168.24 9152.54 9158.47 9173.01 9173.34 9172.75 9173.92 9174.31 9174.16 9194.96 9214.61 9230.54 9242.2 9245.76 9247.67 9251.1 9257.52 9278.17 9299.11 9315.28 9325.08 9330.44 9336.26 9335.82 9349.8 9363.68 9381.54 9390.38 9348.24 9365.98 9360.74 9347.61 9334.75 9322.14 9310.94 9299.72 9284.82 9270.75 9264.69 9257.35
9095.56 9098.8 9100.73 9099.68 9096.57 9104.81 9101.01 9105.46 9110.73 9116.68 9122.41 9128.04 9132.6 9138.17 9142.63 9149.43 9154.63 9160.11 9167.61 9175.82 9183.38 9184.96 9184.83 9181.11 9178.78 9177.39 9175.49 9167.2 9145.3 9162.93 9169.54 9171.65 9170.97 9173.52 9177.49 9182.3 9200.83 9219.97 9228.87 9235.74 9238.92 9238.99 9237.55 9238.87 9256.82 9277.35 9291.92 9310.95 9324.61 9334.79 9340.92 9358.89 9378.44 9385.37 9384.97 9354.12 9358.95 9350.94 9339.08 9326.96 9314.52 9302.67 9290.06 9277.61 9267.7 9255.24 9248.12
9093.03 9095.42 9096.8 9097.24 9098.24 9102.12 9104.63 9107.46 9111.51 9116.04 9121.01 9125.57 9130.12 9134.89 9140.04 9143.6 9148.95 9155.04 9160.33 9166.91 9174.35 9174.64 9171.7 9174.43 9178.61 9180.77 9177.49 9166.56 9149.48 9157.32 9164.26 9166.32 9168.88 9173.61 9184.44 9198.43 9204.42 9223.06 9230.86 9232.81 9234.16 9232.97 9229.19 9224.11 9224.52 9259.04 9286.07 9310.15 9332.16 9346.05 9352.16 9357.66 9374.16 9382.56 9373.82 9370.67 9360.53 9341.01 9329.87 9317.51 9305.46 9293.43 9279.82 9266.34 9251.15 9242.03 9230.96
9095.23 9094.58 9095.3 9097.41 9100.9 9104.83 9108.3 9111.98 9114.79 9118.97 9123.13 9125.44 9129.78 9133.93 9140.39 9144.51 9147.1 9150.11 9152.18 9153.93 9153.85 9153.91 9154.64 9164.57 9176 9183.2 9173.74 9168.51 9163.2 9155.54 9160.18 9164.42 9166.07 9167.94 9171.46 9181.3 9193.59 9203.38 9218.95 9229.45 9231.49 9230.59 9227.57 9224.96 9234.06 9255.76 9282.96 9310.71 9341.4 9359.63 9365.18 9367.41 9372.16 9372.13 9362.76 9355.34 9345.09 9328.12 9317.62 9307.71 9296.46 9284.74 9271.57 9257.88 9244.28 9231.49 9217.43
9088.5 9093.64 9096.68 9098.44 9101.59 9104.46 9109.61 9113.63 9117.07 9120.69 9124.6 9131.58 9134.94 9136.42 9138.47 9139.99 9140.9 9141.94 9141.72 9140.96 9141.93 9139.96 9143.73 9158.27 9173.31 9185.44 9168.75 9173.99 9170.39 9161.5 9161.09 9162.37 9163.47 9164.36 9162.77 9170.67 9185.94 9194.71 9228.89 9229.97 9230.12 9230.21 9231.15 9235.31 9245.87 9261.53 9282.42 9309.52 9339.06 9359.41 9371.92 9372.07 9375.25 9371.38 9356.81 9351.37 9327.6 9315.64 9306.84 9298.7 9289.02 9277.14 9264.83 9252.47 9239.03 9226.87 9213.61
9096.61 9099.2 9100.14 9099.54 9097.98 9104.21 9111.74 9119.43 9124.99 9126.8 9129.51 9131.7 9133.98 9137.78 9139.2 9140.55 9138.86 9137.87 9135.02 9131.57 9128.75 9135.04 9143.19 9154.53 9167.88 9181.43 9170.81 9171.66 9175.47 9170.08 9164.41 9161.34 9160.95 9162.72 9168.02 9174.93 9187.34 9210.06 9221.59 9225.61 9228.52 9231.84 9234.66 9243.56 9251.64 9267.41 9288.4 9313.34 9338.45 9357.17 9363.9 9366.8 9370.79 9368.51 9356.26 9343.03 9329.46 9312.65 9303.64 9296.08 9283.42 9273.16 9262.53 9251.07 9239.3 9225.83 9214.07
9107.47 9107.14 9104.3 9101.17 9101.6 9106.3 9115.19 9121.55 9125.86 9132 9135.31 9138.62 9142.78 9143.76 9142.93 9142.93 9141.16 9138.5 9133.63 9129.19 9127.8 9132.12 9141.43 9151.53 9159.95 9171.82 9178.65 9172.66 9172.98 9169.49 9164.67 9161.9 9161.02 9160.92 9167.15 9180.15 9180.37 9181.69 9202.77 9213.98 9221.07 9227.89 9233.87 9240.9 9252.26 9270.78 9292.09 9315.57 9339.34 9360.82 9361.99 9362.06 9365.14 9369.84 9358.6 9344.48 9331.57 9315.88 9305.99 9298.5 9289.69 9277.52 9264.72 9252.37 9237.66 9224.24 9212.82
9114.43 9112.51 9108.9 9104.01 9101.6 9111.46 9124.61 9132.47 9140.35 9145.07 9148.06 9149.65 9150.64 9150.33 9149.46 9147.58 9145.07 9140.4 9136.24 9131.82 9130.3 9134.86 9142.04 9151.01 9157.94 9166.96 9169.85 9162.17 9156.73 9160.22 9161.32 9161.87 9161.88 9159.6 9152.69 9163.82 9171.31 9179.36 9191.16 9205.29 9216.54 9226.46 9233.8 9245.32 9256.96 9272.6 9291.33 9310.85 9329.95 9340.91 9346.01 9354.14 9358.73 9365.37 9359.59 9350.86 9339.37 9327.59 9317.68 9303.77 9288.97 9277.96 9264.04 9251.14 9241.24 9227.45 9209.62
9128.9 9128.61 9115.38 9106.78 9106.86 9123.46 9133.44 9141.99 9148.51 9152.31 9154.89 9155.64 9156.42 9155.5 9153.19 9151.44 9148.69 9145.09 9141.06 9139.23 9139.83 9142.86 9146.88 9152.85 9158.48 9160.76 9158.86 9151.55 9147.77 9152.5 9156.45 9159.87 9163.64 9167.68 9172.95 9166.04 9166.23 9170.33 9184.38 9197.44 9210.23 9222.28 9234.16 9245.23 9256.96 9271.33 9285.93 9301.75 9314.82 9325.42 9330.11 9342.19 9353.31 9360.55 9358.72 9347.51 9352.4 9339.64 9324.11 9308.61 9291.91 9276.94 9263.77 9248.77 9234.16 9216.91 9200.69
9126.4 9124.6 9118.35 9110.28 9101.91 9118.57 9137.62 9151.35 9158.15 9159.53 9160.98 9159.15 9157.13 9155.84 9154.48 9155.21 9153.08 9149.89 9146.87 9144.32 9144.79 9145.56 9148.93 9152.3 9155.74 9155.17 9153.44 9148.95 9148.23 9149.6 9153.14 9157.49 9162.58 9168.87 9168.74 9153.44 9144.87 9160.09 9177.85 9193.06 9206.64 9219.29 9232.84 9246.26 9258.41 9269.29 9278.69 9288.73 9299.97 9311.38 9317.73 9330.88 9341.97 9353.27 9349.61 9330.36 9347.21 9345.75 9330.92 9316.31 9298.94 9281.15 9264.63 9245.22 9224.95 9205.53 9191.84
9120.17 9119.71 9123.69 9128.22 9119.97 9143.61 9158.33 9166.71 9169.89 9170.47 9171.92 9169.15 9166.58 9165 9162.59 9161.07 9157.57 9156.49 9153.86 9151.55 9150.33 9151.02 9152.57 9154.47 9155.7 9152.14 9153.95 9151.26 9148.21 9147.05 9150.52 9154.2 9158.36 9162.35 9158.7 9145.92 9141.27 9156.86 9174.69 9190.23 9204.08 9216.91 9230.61 9270.03 9266.15 9268.17 9272.22 9278.35 9284.68 9292.55 9306.2 9321.57 9335.61 9347.66 9341.78 9324.25 9336.21 9342.16 9334 9320.3 9302.5 9285.92 9268.12 9245.69 9222.92 9198.28 9190.22
9117.4 9118.51 9132.05 9151.28 9164.91 9179.26 9190.46 9185.88 9181.18 9176.48 9175.47 9174.84 9172.64 9172.08 9171.13 9168.23 9166.28 9163.72 9161.28 9159.67 9157.4 9152.98 9153.53 9159.46 9163.55 9164.43 9158.91 9154.23 9148.64 9146.57 9147.8 9149.78 9151.47 9153.09 9148.42 9138.98 9137.12 9162.48 9175.7 9189.22 9202.63 9215.4 9228.33 9244.17 9260.21 9262.35 9263.8 9262.57 9269.02 9287.48 9302 9315.91 9328.06 9345.05 9340.27 9321.13 9332.35 9338.66 9335 9328.01 9310.58 9291.43 9271.25 9247.38 9226.13 9214.82 9193.64
9121.67 9125.41 9142.83 9166.86 9185.09 9195.76 9202.1 9194.44 9186.16 9180.36 9179.49 9178.29 9176.25 9175.06 9175.56 9175.91 9175.8 9174.52 9172 9165.82 9166.38 9161.14 9156.76 9162.99 9169.97 9168.78 9162.19 9155.72 9151.27 9148.6 9146.35 9145.67 9143.3 9136.76 9132.85 9129.6 9139.04 9162.04 9174.44 9187.1 9200.84 9214.17 9226.48 9238.28 9247.94 9254.44 9259.89 9261.73 9267.14 9279.04 9300.9 9313.59 9322.67 9328.4 9325.26 9316.95 9307.47 9340.48 9340.08 9328.55 9314.24 9291.95 9271.65 9246.03 9222.41 9202.91 9188.57
9133.55 9132.37 9156.36 9182.1 9194.65 9199.6 9200.72 9195.83 9189.89 9184.62 9180.15 9174.63 9173.88 9175.14 9177.94 9178.38 9179.24 9181.06 9181.32 9183.15 9168.71 9155.43 9157.69 9163.39 9171.07 9170.22 9161.19 9153.49 9150.03 9146.7 9143.52 9141.13 9139.18 9137.05 9128.36 9122.45 9139.99 9156.35 9166.6 9180.99 9197.73 9212.74 9221.63 9230.05 9237.04 9245.5 9257.01 9279.48 9305.58 9283.53 9300.15 9310.91 9323.51 9328.57 9322.67 9305.83 9290.04 9339.24 9344.15 9331.19 9313.26 9291.4 9266.8 9241.27 9213.88 9186.38 9172.57
9149.05 9161.77 9175.11 9185.97 9195.24 9195.36 9194.84 9194.08 9189.55 9184.92 9182.03 9177.17 9175.94 9174.52 9174.96 9176.23 9177.65 9181.6 9183.34 9174.7 9155.51 9162.23 9160.47 9160.74 9159.46 9159.48 9156.68 9151.8 9147.44 9143.72 9139.9 9135.95 9134.07 9134.06 9126.39 9117.71 9116.24 9132.37 9155.13 9174.9 9193.55 9212.06 9232.87 9220.02 9226.51 9234.41 9243.5 9253.85 9259.89 9287.93 9287.02 9303.71 9318.36 9327.05 9317.41 9290.75 9265.23 9346.58 9347.36 9331.81 9309.91 9287.04 9261.26 9237.12 9211.33 9189.9 9172.55
9151.45 9169.37 9181.53 9186.9 9184.51 9189.01 9189.51 9187.57 9185.81 9184.29 9179.09 9176.33 9173.16 9173.03 9171.52 9172.03 9172.36 9176.03 9179.93 9165.1 9151.8 9164.16 9163.16 9160.67 9156.17 9154.93 9153.22 9152.13 9150.65 9141.53 9133.98 9129.74 9126.13 9122.59 9123.39 9125.28 9130.88 9130.35 9149.68 9168.53 9186.4 9203.73 9213.1 9212.42 9217.3 9223.56 9227.85 9227.26 9227.14 9256.77 9277.53 9291.31 9303.52 9312.04 9304.79 9281.02 9258.27 9338.7 9339.73 9323.07 9302.83 9279.91 9255.75 9231.5 9209.33 9188.09 9169.77
9167.95 9182.82 9191.73 9192.6 9185.85 9183.57 9179.96 9180.93 9182.48 9180.81 9178.55 9175.06 9171.96 9169.23 9167.22 9165.8 9166.61 9167.24 9169.8 9158.97 9163.37 9168.06 9166.04 9163.39 9161.37 9156.33 9151.98 9144.7 9140.36 9133.77 9124.12 9121.9 9122.56 9119.37 9123.62 9129.18 9153.9 9147.79 9152.03 9164.16 9178.5 9192.01 9204.28 9205.05 9211.52 9217.64 9221.2 9221.33 9226.11 9245.85 9263.55 9275.43 9287 9293.6 9281.23 9266.89 9251.89 9310.5 9321.4 9312.73 9294.19 9274.4 9253.88 9234.57 9209.3 9182.92 9165.44
9191.65 9189.26 9189.07 9187.54 9184.69 9182.08 9178.15 9179.19 9180.9 9180.73 9176.92 9174 9171.02 9168.37 9164.31 9161.3 9158.28 9155.23 9152 9159.17 9161.81 9166.22 9167.42 9166.21 9162.91 9159.77 9154.42 9143.18 9124.76 9104.96 9106.7 9112.49 9119.16 9121.38 9122.59 9125.45 9135.66 9145.61 9150.26 9159.51 9170.81 9180.46 9187.12 9199.37 9207.65 9214.63 9220.86 9225.79 9233.22 9245.87 9248.24 9264.5 9277.07 9281.19 9261.11 9250.89 9247.65 9286.36 9299.44 9296.35 9286.81 9268.83 9253.52 9230.57 9208.92 9187.52 9164.5
9191.26 9187.07 9184.11 9185.08 9182.32 9182.04 9183.94 9184.61 9180.24 9176.83 9173.33 9169.99 9165.66 9162.54 9158.74 9155.41 9152.65 9150.93 9161.48 9171.77 9166.66 9165.86 9167.67 9168.66 9166.53 9163.05 9157.35 9144.77 9117.87 9093.91 9093.16 9103 9114.99 9120.27 9117.2 9116.36 9125.85 9130.5 9142.15 9154.11 9165.09 9175.63 9206.8 9200.7 9207.21 9215.79 9225.88 9235.42 9244.47 9253.23 9263.12 9271.8 9276.75 9272.92 9262.84 9250.79 9248.11 9261.54 9277.03 9282.29 9277.27 9263.5 9248.29 9227.2 9205.72 9193.98 9181.8
