real_craters/C147-750m.grd
DSAA
127 127
-47.145 47.145
-47.145 47.145
8187.944972501 10369.701739007
[rows 38 to 75 of 127, columns 0 to 83 of 127]
8881 8899 8884 8863 8839 8816 8803 8800 8801 8800 8800 8799 8801 8804 8814 8825 8827 8842 8852 8858 8863 8877 8887 8899 8921 8959 8993 9026 9073 9125 9171 9191 9196 9191 9193 9186 9204 9237 9275 9322 9370 9412 9437 9509 9580 9609 9639 9653 9669 9730 9811 9873 9908 9932 9950 9975 1e+004 1.001e+004 1e+004 9997 1.001e+004 1.004e+004 1.007e+004 1.01e+004 1.013e+004 1.017e+004 1.02e+004 1.021e+004 1.019e+004 1.018e+004 1.016e+004 1.013e+004 1.01e+004 1.01e+004 1.005e+004 1.004e+004 1.003e+004 1.001e+004 9988 9972 9960 9950 9941 9943
8904 8921 8914 8899 8877 8855 8824 8822 8820 8817 8814 8810 8858 8818 8824 8824 8834 8849 8861 8871 8882 8890 8911 8932 8955 8981 8999 9044 9087 9128 9162 9187 9209 9210 9206 9213 9228 9253 9278 9331 9402 9468 9532 9605 9689 9767 9764 9748 9747 9777 9822 9862 9899 9925 9947 9977 1.001e+004 1.003e+004 1.001e+004 9996 1.001e+004 1.004e+004 1.006e+004 1.01e+004 1.014e+004 1.02e+004 1.022e+004 1.022e+004 1.021e+004 1.019e+004 1.016e+004 1.013e+004 1.011e+004 1.009e+004 1.006e+004 1.005e+004 1.004e+004 1.002e+004 1e+004 9990 9981 9972 9963 9956
8940 8952 8941 8918 8902 8887 8870 8852 8843 8835 8831 8836 8834 8834 8840 8838 8852 8864 8876 8889 8902 8916 8934 8958 8994 9011 9034 9067 9102 9135 9162 9182 9202 9237 9245 9243 9266 9285 9314 9372 9459 9547 9645 9710 9788 9856 9863 9850 9841 9845 9868 9893 9907 9921 9950 9985 1.001e+004 1.004e+004 1.003e+004 1.002e+004 1.002e+004 1.003e+004 1.005e+004 1.008e+004 1.011e+004 1.013e+004 1.016e+004 1.019e+004 1.021e+004 1.019e+004 1.017e+004 1.015e+004 1.012e+004 1.011e+004 1.008e+004 1.007e+004 1.006e+004 1.004e+004 1.003e+004 1.001e+004 1e+004 9995 9981 9966
8996 8993 8970 8942 8921 8898 8888 8878 8866 8856 8847 8838 8843 8852 8850 8853 8860 8880 8891 8903 8917 8935 8947 8964 9003 9029 9059 9091 9120 9145 9166 9179 9193 9215 9237 9270 9296 9332 9374 9436 9534 9627 9705 9794 9865 9920 9930 9923 9903 9895 9909 9920 9924 9930 9950 9980 1.003e+004 1.005e+004 1.005e+004 1.003e+004 1.002e+004 1.002e+004 1.002e+004 1.004e+004 1.006e+004 1.008e+004 1.01e+004 1.012e+004 1.017e+004 1.018e+004 1.017e+004 1.016e+004 1.015e+004 1.013e+004 1.011e+004 1.009e+004 1.008e+004 1.006e+004 1.006e+004 1.005e+004 1.004e+004 1.003e+004 1e+004 9994
9041 9027 9001 8973 8947 8926 8917 8905 8889 8876 8864 8857 8855 8850 8854 8875 8886 8905 8909 8915 8925 8940 8961 8989 9015 9046 9082 9117 9144 9164 9181 9197 9201 9219 9279 9305 9337 9386 9453 9542 9614 9708 9800 9861 9923 9965 9975 9975 9962 9943 9944 9948 9948 9947 9966 1.003e+004 1.009e+004 1.009e+004 1.006e+004 1.002e+004 9996 9978 9976 9985 1e+004 1.003e+004 1.005e+004 1.006e+004 1.008e+004 1.013e+004 1.017e+004 1.019e+004 1.019e+004 1.016e+004 1.013e+004 1.011e+004 1.01e+004 1.01e+004 1.01e+004 1.009e+004 1.007e+004 1.006e+004 1.004e+004 1.003e+004
9083 9052 9032 9013 8990 8956 8933 8920 8908 8894 8883 8877 8875 8865 8875 8903 8953 8927 8924 8927 8933 8955 8986 9010 9049 9075 9115 9148 9172 9188 9199 9202 9213 9235 9293 9349 9387 9448 9514 9590 9665 9750 9835 9896 9956 9997 9991 9982 9981 9969 9969 9976 9989 9996 1.001e+004 1.009e+004 1.012e+004 1.01e+004 1.005e+004 9982 9946 9924 9919 9921 9929 9950 9951 9963 1.001e+004 1.007e+004 1.014e+004 1.022e+004 1.023e+004 1.018e+004 1.013e+004 1.012e+004 1.012e+004 1.013e+004 1.013e+004 1.011e+004 1.01e+004 1.01e+004 1.01e+004 1.009e+004
9095 9067 9058 9060 9042 8982 8953 8940 8928 8915 8902 8893 8898 8901 8899 8912 8924 8931 8938 8945 8955 8988 9036 9079 9120 9133 9157 9187 9210 9223 9229 9227 9229 9259 9346 9404 9460 9506 9556 9617 9688 9762 9837 9908 9959 9985 9987 9980 9980 9977 9976 1.001e+004 1.004e+004 1.008e+004 1.015e+004 1.018e+004 1.014e+004 1.007e+004 1.001e+004 9934 9885 9853 9837 9834 9842 9860 9864 9878 9927 9990 1.003e+004 1.015e+004 1.023e+004 1.019e+004 1.01e+004 1.011e+004 1.014e+004 1.016e+004 1.016e+004 1.013e+004 1.013e+004 1.013e+004 1.013e+004 1.012e+004
9107 9084 9077 9056 9020 9002 8980 8963 8955 8941 8922 8917 8922 8924 8921 8926 8937 8950 8959 8969 8988 9034 9099 9171 9208 9211 9227 9245 9257 9263 9269 9282 9301 9321 9358 9412 9475 9536 9590 9642 9699 9767 9843 9915 9978 9995 9977 9955 9967 9994 1.001e+004 1.005e+004 1.009e+004 1.014e+004 1.018e+004 1.016e+004 1.008e+004 1.003e+004 9954 9871 9811 9771 9751 9744 9745 9755 9756 9770 9815 9886 9909 1.005e+004 1.017e+004 1.016e+004 1.003e+004 1.009e+004 1.018e+004 1.019e+004 1.017e+004 1.014e+004 1.014e+004 1.015e+004 1.014e+004 1.015e+004
9124 9121 9100 9078 9059 9036 9020 9011 8992 8977 8965 8948 8945 8948 8946 8951 8959 8972 8984 8999 9028 9086 9159 9229 9284 9298 9310 9310 9311 9311 9310 9310 9312 9331 9382 9445 9529 9593 9623 9655 9698 9749 9828 9914 9983 9996 9973 9967 1.001e+004 1.004e+004 1.006e+004 1.009e+004 1.012e+004 1.016e+004 1.019e+004 1.012e+004 1.005e+004 9974 9887 9801 9722 9678 9653 9639 9637 9643 9642 9662 9703 9761 9829 9945 1.008e+004 1.024e+004 9949 1.008e+004 1.023e+004 1.024e+004 1.02e+004 1.017e+004 1.016e+004 1.016e+004 1.017e+004 1.017e+004
9145 9139 9122 9106 9089 9067 9053 9042 9028 9012 8997 8981 8974 8970 8965 8981 8983 8995 9010 9031 9065 9137 9221 9304 9368 9403 9390 9375 9366 9358 9352 9347 9363 9418 9461 9527 9577 9612 9650 9682 9710 9739 9816 9906 9989 9989 9968 9974 1.004e+004 1.007e+004 1.01e+004 1.01e+004 1.012e+004 1.014e+004 1.015e+004 1.006e+004 9956 9887 9801 9710 9616 9577 9543 9526 9516 9524 9512 9541 9595 9669 9749 9879 9972 1.016e+004 9892 1.009e+004 1.03e+004 1.029e+004 1.024e+004 1.022e+004 1.019e+004 1.018e+004 1.018e+004 1.016e+004
9189 9174 9156 9135 9109 9090 9075 9073 9061 9043 9034 9029 9006 8989 8987 8997 9004 9013 9038 9068 9112 9191 9284 9377 9451 9467 9455 9432 9415 9402 9395 9398 9418 9450 9527 9587 9619 9643 9677 9709 9730 9742 9810 9892 9950 9968 9959 9964 1.002e+004 1.005e+004 1.008e+004 1.008e+004 1.008e+004 1.008e+004 1.008e+004 9988 9872 9784 9694 9612 9552 9475 9423 9400 9411 9404 9416 9435 9490 9560 9651 9771 9863 1.005e+004 9840 1.005e+004 1.03e+004 1.032e+004 1.029e+004 1.025e+004 1.021e+004 1.018e+004 1.017e+004 1.014e+004
9240 9218 9194 9166 9137 9114 9105 9101 9087 9068 9053 9053 9039 9028 9023 9026 9035 9043 9068 9109 9172 9241 9337 9441 9531 9530 9503 9475 9453 9433 9426 9438 9465 9518 9589 9653 9669 9675 9704 9736 9758 9757 9810 9877 9928 9941 9947 9940 9956 9989 1.001e+004 1.001e+004 1e+004 9991 9965 9892 9764 9670 9572 9481 9402 9330 9283 9266 9278 9274 9288 9311 9373 9467 9540 9653 9736 9973 9729 9965 1.024e+004 1.037e+004 1.034e+004 1.028e+004 1.023e+004 1.019e+004 1.015e+004 1.012e+004
9256 9255 9235 9194 9161 9136 9124 9113 9105 9097 9087 9082 9081 9063 9065 9060 9082 9121 9100 9126 9180 9264 9363 9474 9583 9551 9524 9504 9474 9450 9444 9459 9501 9571 9645 9704 9710 9715 9725 9738 9756 9766 9802 9858 9899 9897 9892 9892 9898 9916 9930 9931 9920 9893 9854 9796 9668 9550 9434 9326 9215 9152 9134 9126 9139 9133 9131 9161 9219 9289 9377 9560 9706 9923 9631 9877 1.016e+004 1.031e+004 1.034e+004 1.03e+004 1.026e+004 1.02e+004 1.015e+004 1.011e+004
9277 9265 9238 9212 9179 9154 9149 9142 9137 9135 9124 9122 9133 9122 9132 9122 9128 9124 9127 9134 9175 9265 9359 9453 9513 9524 9506 9483 9460 9447 9444 9456 9494 9596 9663 9691 9703 9712 9716 9722 9728 9738 9776 9817 9842 9836 9833 9837 9846 9868 9873 9858 9830 9783 9728 9672 9553 9417 9291 9177 9068 9016 9004 8997 8992 8995 8996 9008 9059 9122 9241 9403 9588 9838 9624 9828 1.008e+004 1.018e+004 1.026e+004 1.028e+004 1.028e+004 1.02e+004 1.014e+004 1.011e+004
9282 9275 9258 9238 9213 9198 9188 9185 9185 9181 9175 9168 9168 9163 9169 9180 9179 9170 9163 9170 9206 9269 9345 9416 9466 9479 9466 9449 9441 9433 9433 9442 9469 9558 9616 9643 9663 9674 9685 9699 9709 9723 9745 9765 9777 9772 9762 9779 9815 9842 9840 9807 9746 9669 9584 9495 9365 9250 9150 9063 8984 8933 8903 8887 8887 8870 8871 8899 8927 8967 9082 9188 9384 9661 9576 9790 1.001e+004 1.006e+004 1.016e+004 1.022e+004 1.026e+004 1.019e+004 1.013e+004 1.01e+004
9312 9308 9294 9270 9255 9242 9243 9242 9235 9226 9221 9213 9203 9209 9221 9222 9212 9192 9184 9195 9225 9274 9330 9381 9417 9428 9423 9421 9417 9419 9420 9427 9454 9507 9553 9598 9627 9637 9653 9674 9698 9708 9718 9729 9733 9731 9729 9755 9828 9891 9841 9762 9666 9563 9442 9312 9160 9072 9013 8953 8884 8826 8815 8801 8785 8770 8771 8798 8823 8850 8908 8990 9183 9443 9490 9705 9919 9980 1.006e+004 1.013e+004 1.015e+004 1.011e+004 1.008e+004 1.008e+004
9353 9345 9316 9310 9306 9299 9295 9283 9270 9267 9255 9246 9242 9235 9233 9236 9226 9221 9222 9225 9248 9284 9321 9358 9384 9389 9396 9397 9398 9401 9406 9414 9429 9469 9505 9550 9585 9606 9623 9642 9659 9681 9694 9701 9714 9717 9719 9761 9842 9914 9831 9720 9593 9462 9335 9214 9071 8973 8919 8873 8822 8780 8755 8732 8715 8704 8707 8747 8792 8802 8823 8869 9022 9210 9379 9543 9772 9892 9962 1.002e+004 1.005e+004 1.003e+004 1.001e+004 1.002e+004
9382 9397 9378 9367 9358 9349 9341 9322 9294 9277 9273 9270 9268 9253 9249 9254 9254 9243 9238 9257 9271 9296 9325 9351 9365 9364 9381 9382 9383 9390 9397 9406 9412 9420 9456 9508 9551 9579 9602 9613 9630 9660 9674 9688 9715 9740 9735 9764 9844 9861 9788 9670 9527 9378 9238 9092 8993 8911 8867 8823 8778 8736 8705 8683 8668 8664 8682 8742 8817 8805 8790 8836 8911 9052 9206 9374 9583 9713 9830 9914 9971 9992 9976 9976
9360 9363 9401 9409 9401 9397 9382 9361 9336 9298 9286 9289 9282 9262 9248 9275 9282 9269 9270 9265 9285 9308 9333 9352 9359 9371 9374 9372 9374 9387 9399 9399 9401 9401 9433 9478 9505 9546 9574 9580 9591 9631 9658 9682 9729 9775 9798 9782 9849 9848 9751 9613 9456 9300 9163 9048 8958 8901 8845 8792 8743 8698 8671 8652 8641 8643 8683 8749 8812 8810 8775 8794 8874 9015 9155 9187 9415 9575 9712 9823 9906 9943 9939 9932
9351 9360 9408 9425 9419 9412 9395 9371 9349 9317 9298 9289 9285 9264 9249 9270 9284 9286 9284 9288 9306 9326 9344 9361 9370 9359 9360 9368 9380 9401 9414 9424 9426 9443 9461 9475 9492 9520 9531 9556 9572 9615 9639 9675 9728 9782 9785 9792 9850 9823 9714 9561 9388 9220 9075 8981 8915 8883 8826 8774 8725 8682 8655 8646 8637 8637 8690 8753 8812 8818 8768 8766 8812 8925 9151 8956 9316 9494 9627 9747 9848 9903 9903 9886
9367 9379 9399 9414 9426 9418 9401 9378 9360 9334 9296 9277 9266 9262 9262 9273 9274 9294 9313 9314 9328 9340 9353 9360 9357 9348 9341 9368 9406 9426 9431 9443 9451 9456 9467 9477 9492 9510 9533 9544 9559 9582 9611 9652 9709 9755 9768 9806 9875 9824 9689 9520 9334 9150 8975 8916 8881 8843 8801 8764 8723 8677 8664 8671 8664 8652 8675 8743 8815 8813 8790 8786 8806 8882 9042 8862 9245 9433 9558 9669 9770 9873 9878 9851
9371 9375 9403 9434 9439 9430 9414 9388 9374 9348 9301 9280 9270 9271 9266 9274 9303 9322 9337 9362 9344 9348 9359 9371 9364 9346 9339 9366 9413 9435 9433 9433 9450 9462 9470 9476 9477 9491 9513 9530 9542 9556 9581 9623 9686 9738 9783 9830 9898 9820 9668 9488 9294 9103 8934 8878 8851 8807 8783 8767 8749 8724 8721 8741 8738 8706 8689 8728 8761 8766 8756 8768 8829 8905 8989 8885 9209 9378 9496 9597 9685 9842 9857 9812
9380 9376 9425 9467 9448 9437 9423 9397 9370 9340 9312 9290 9283 9288 9308 9336 9332 9317 9319 9323 9336 9345 9354 9363 9355 9339 9336 9354 9390 9413 9421 9438 9455 9472 9484 9487 9483 9487 9505 9518 9529 9547 9557 9604 9684 9757 9802 9847 9883 9801 9645 9461 9269 9085 8930 8870 8840 8793 8777 8785 8802 8820 8834 8838 8841 8810 8737 8731 8733 8725 8709 8726 8791 8877 8965 8967 9177 9329 9446 9548 9634 9814 9856 9802
9437 9477 9466 9438 9434 9434 9429 9404 9377 9345 9319 9298 9291 9299 9313 9315 9303 9329 9340 9326 9330 9336 9340 9340 9336 9326 9323 9335 9351 9370 9402 9434 9461 9493 9520 9517 9499 9488 9491 9497 9509 9522 9537 9594 9686 9768 9811 9855 9905 9772 9607 9426 9241 9076 8942 8871 8828 8783 8773 8801 8854 8919 8963 8921 8876 8831 8776 8741 8722 8695 8691 8704 8750 8825 8937 9001 9148 9284 9414 9541 9668 9885 9890 9808
9462 9465 9449 9417 9415 9422 9421 9400 9378 9359 9320 9291 9295 9304 9314 9322 9319 9340 9366 9341 9328 9324 9325 9334 9320 9314 9309 9317 9337 9353 9387 9416 9458 9497 9524 9535 9500 9481 9480 9484 9496 9513 9532 9588 9674 9765 9799 9825 9830 9720 9561 9384 9207 9046 8937 8846 8764 8723 8742 8801 8878 8969 9052 8961 8871 8858 8822 8748 8679 8656 8657 8682 8741 8819 8908 9004 9122 9256 9411 9561 9710 9876 9902 9832
9436 9415 9415 9413 9412 9411 9409 9389 9364 9335 9316 9299 9306 9311 9315 9315 9326 9326 9377 9342 9328 9318 9309 9306 9305 9304 9306 9321 9345 9379 9394 9417 9451 9482 9503 9493 9483 9468 9476 9478 9489 9506 9522 9580 9656 9733 9773 9797 9767 9654 9503 9332 9159 8991 8868 8805 8726 8687 8716 8786 8869 8953 8998 8977 8906 8904 8855 8753 8674 8636 8634 8667 8741 8812 8887 8975 9068 9266 9443 9594 9726 9867 9902 9856
9422 9404 9399 9407 9402 9395 9386 9372 9358 9322 9318 9339 9324 9318 9318 9327 9335 9319 9325 9322 9320 9315 9304 9293 9302 9306 9311 9327 9356 9376 9404 9427 9446 9464 9475 9464 9469 9482 9479 9478 9490 9504 9518 9576 9640 9709 9736 9746 9699 9596 9452 9287 9114 8950 8840 8786 8721 8685 8701 8763 8839 8920 9005 8991 8980 8980 8870 8740 8654 8637 8651 8682 8744 8797 8856 8988 9074 9294 9484 9660 9793 9873 9885 9855
9408 9411 9394 9378 9368 9370 9376 9366 9337 9312 9318 9340 9326 9316 9311 9310 9305 9307 9317 9318 9320 9323 9319 9312 9316 9319 9324 9351 9378 9402 9414 9426 9439 9448 9446 9448 9458 9471 9483 9485 9500 9511 9545 9589 9628 9674 9699 9710 9659 9557 9421 9262 9092 8933 8853 8798 8736 8691 8691 8732 8788 8845 8893 8921 8937 8903 8811 8704 8639 8631 8672 8707 8766 8828 8873 8969 9069 9243 9476 9735 9886 9862 9846 9852
9375 9378 9374 9340 9324 9339 9356 9360 9339 9320 9288 9306 9311 9307 9300 9292 9291 9295 9311 9319 9336 9327 9331 9336 9335 9342 9362 9381 9400 9415 9427 9432 9438 9443 9444 9447 9458 9476 9499 9506 9514 9532 9574 9603 9636 9666 9681 9690 9639 9542 9413 9266 9107 8955 8892 8837 8765 8697 8689 8708 8736 8762 8771 8794 8814 8764 8711 8644 8611 8620 8665 8723 8791 8863 8912 8995 8895 9105 9424 9745 9881 9856 9833 9856
9325 9326 9307 9300 9303 9306 9307 9298 9320 9307 9277 9284 9293 9294 9290 9285 9285 9287 9293 9300 9304 9306 9327 9335 9341 9358 9383 9402 9419 9421 9423 9433 9440 9444 9444 9445 9457 9478 9502 9517 9521 9545 9586 9610 9632 9671 9685 9711 9646 9547 9428 9296 9159 9025 8969 8906 8830 8762 8702 8700 8706 8701 8682 8678 8690 8677 8630 8584 8586 8618 8670 8740 8813 8895 8983 9079 8943 9038 9397 9748 9870 9836 9803 9836
9296 9291 9284 9289 9287 9287 9278 9272 9272 9276 9293 9290 9285 9284 9281 9278 9276 9276 9268 9265 9252 9270 9276 9304 9334 9364 9398 9411 9426 9427 9435 9440 9448 9453 9457 9466 9474 9481 9491 9501 9514 9538 9584 9613 9635 9665 9686 9706 9653 9565 9461 9350 9240 9163 9084 8990 8905 8826 8736 8726 8710 8681 8636 8604 8602 8590 8583 8568 8600 8660 8723 8787 8860 8960 9048 9141 9115 9071 9417 9786 9868 9822 9778 9820
9283 9279 9282 9295 9299 9283 9275 9269 9267 9269 9264 9271 9274 9275 9277 9276 9272 9263 9253 9249 9250 9251 9257 9284 9321 9355 9388 9403 9417 9428 9441 9449 9457 9463 9468 9472 9477 9487 9493 9496 9510 9537 9579 9617 9643 9662 9684 9700 9658 9587 9500 9406 9312 9222 9156 9068 8978 8902 8852 8794 8747 8698 8641 8595 8580 8577 8583 8588 8636 8716 8777 8873 8984 9035 9072 9167 9358 9113 9473 9842 9857 9826 9800 9826
9274 9274 9279 9296 9282 9280 9280 9275 9272 9267 9257 9257 9263 9269 9274 9277 9276 9265 9252 9240 9240 9241 9252 9277 9306 9337 9369 9389 9405 9426 9453 9460 9466 9474 9481 9476 9471 9499 9514 9516 9529 9547 9578 9628 9657 9668 9697 9703 9670 9613 9543 9470 9394 9318 9239 9144 9046 8955 8894 8852 8799 8743 8683 8634 8619 8618 8629 8647 8678 8734 8843 8959 9068 9113 9187 9309 9505 9101 9510 9865 9848 9833 9828 9828
9273 9275 9278 9294 9300 9298 9292 9287 9288 9264 9248 9247 9255 9262 9270 9278 9285 9259 9240 9228 9217 9227 9252 9269 9289 9311 9327 9328 9373 9425 9459 9467 9474 9487 9504 9527 9501 9512 9519 9525 9540 9536 9578 9628 9659 9681 9715 9720 9687 9636 9578 9518 9459 9398 9320 9218 9114 9015 8960 8910 8855 8804 8753 8708 8692 8689 8698 8718 8749 8796 8905 9012 9111 9201 9297 9412 9638 9184 9532 9823 9840 9825 9837 9832
9259 9273 9279 9302 9286 9279 9294 9317 9270 9243 9239 9240 9246 9254 9263 9269 9271 9250 9221 9238 9257 9222 9241 9262 9278 9290 9298 9302 9330 9412 9452 9461 9473 9487 9506 9519 9516 9515 9518 9509 9511 9532 9575 9613 9649 9687 9732 9740 9704 9660 9611 9564 9516 9476 9389 9295 9196 9087 8986 8950 8925 8886 8841 8791 8762 8779 8792 8811 8855 8923 9011 9107 9202 9293 9396 9495 9772 9285 9568 9785 9804 9802 9813 9820
9231 9265 9269 9266 9253 9247 9273 9269 9240 9233 9230 9233 9237 9244 9252 9258 9260 9237 9248 9256 9260 9240 9253 9253 9263 9275 9287 9306 9317 9368 9420 9448 9460 9472 9486 9497 9508 9501 9490 9492 9502 9533 9577 9632 9644 9685 9735 9744 9721 9690 9654 9607 9549 9505 9450 9380 9306 9226 9139 9058 9027 8992 8955 8944 8934 8910 8918 8952 8990 9057 9148 9235 9344 9426 9543 9613 9817 9444 9639 9761 9775 9779 9802 9828
9209 9236 9247 9259 9271 9274 9246 9236 9239 9230 9223 9220 9226 9232 9238 9246 9245 9252 9263 9251 9224 9221 9228 9238 9247 9259 9274 9293 9310 9333 9392 9428 9435 9444 9455 9466 9469 9464 9460 9472 9489 9516 9562 9603 9630 9669 9711 9729 9721 9706 9687 9665 9621 9559 9522 9470 9418 9378 9334 9217 9160 9116 9073 9037 9042 9058 9062 9113 9197 9261 9325 9386 9493 9551 9615 9699 9809 9599 9681 9729 9744 9762 9785 9801
9192 9209 9224 9241 9244 9219 9219 9221 9222 9232 9227 9218 9215 9220 9226 9233 9247 9258 9220 9216 9224 9224 9214 9222 9231 9242 9253 9266 9286 9303 9348 9381 9395 9408 9418 9422 9424 9423 9427 9452 9476 9505 9549 9583 9602 9644 9683 9703 9712 9716 9720 9725 9738 9674 9608 9556 9515 9488 9455 9349 9291 9247 9213 9188 9194 9244 9273 9336 9410 9463 9507 9589 9595 9676 9723 9766 9752 9722 9697 9695 9714 9736 9762 9768
