real_craters/C147-1000m.grd
DSAA
55 55
-26.94 26.94
-26.94 26.94
2870.7068570924 4940.6561521092
[rows 0 to 35 of 55, columns 0 to 54 of 55]
4153.03 4156.34 4155.59 4161.32 4157.41 4150.14 4140.77 4137.22 4141.59 4140.25 4141.93 4135.45 4134.9 4134.9 4173.45 4194.16 4184.15 4168.3 4151.27 4150.44 4145.37 4137.91 4135.01 4129.95 4137.24 4143.37 4149.29 4166.36 4155.68 4156.39 4161.69 4175.35 4198.71 4207.88 4198.51 4193.85 4195.13 4187.19 4158.82 4156.06 4159.06 4159.24 4162.54 4163.13 4161.84 4158.67 4160.41 4154.7 4151.05 4149.9 4149.4 4147.76 4153.62 4154.21 4155.48
4169.18 4203.98 4189.69 4169.61 4169.52 4149.05 4138.3 4137.89 4166.54 4185.1 4173 4158.17 4166.96 4165.13 4211.8 4219.66 4192.55 4169.65 4153.04 4159.14 4148.9 4135.52 4129.89 4130.92 4135.75 4143.83 4157.38 4170.49 4173.44 4174.7 4180.75 4190.35 4208.83 4200.22 4205.94 4206.96 4182.76 4171.6 4161.63 4160.7 4163.28 4163.37 4157.26 4151.95 4153.82 4150.88 4148.95 4150.92 4151.72 4152.62 4156.82 4161.47 4153.54 4153.6 4154.06
4164.94 4191.59 4175.85 4138.82 4140.8 4142.42 4138.04 4145.92 4169.56 4193.5 4201.42 4229.67 4250.48 4265.29 4238.29 4215.93 4189.21 4171.66 4165.08 4169.22 4153.12 4134.58 4128.01 4128.38 4135.88 4145.93 4154.69 4160.62 4185.87 4196.55 4205.84 4225.54 4238.24 4219.29 4209.9 4201.82 4181.14 4162.02 4157.9 4164.84 4156.17 4150.13 4143.87 4135.39 4141.85 4146.54 4149.73 4150.69 4151.38 4151.84 4153.81 4145.17 4147.37 4150.29 4153.09
4152.01 4165.34 4160.61 4147.89 4141.28 4139.18 4133.4 4132.61 4151.17 4172.68 4193.87 4214.96 4219.02 4210.23 4192.96 4173.47 4172 4167.83 4165.7 4162.46 4152.56 4138.73 4127.65 4131.08 4136.71 4146.65 4156.97 4152.75 4199.23 4225.29 4251.07 4236.37 4245.22 4232.03 4208.1 4192.07 4175.13 4161.09 4158.31 4156.82 4153.86 4146.78 4137.04 4131.01 4136.73 4143.66 4147.58 4149.74 4150.15 4148.93 4145.52 4140.79 4142.39 4144.69 4146.48
4140.15 4142.36 4149.17 4153.1 4140.78 4139.21 4133.69 4131.74 4136.11 4153.24 4171.86 4179.32 4173.52 4165.08 4161.38 4154.42 4160.2 4161.39 4162.28 4160.15 4152.02 4141.61 4136.06 4130.85 4134.95 4149.28 4173.32 4221.2 4241.59 4238.13 4228.06 4236.18 4216.81 4214.84 4209.52 4200.29 4174.46 4175.65 4165.09 4158.3 4151.27 4144.87 4134.64 4131.49 4137.28 4144.4 4148.15 4148.27 4146.49 4142.52 4139.6 4137.88 4139.15 4141.43 4143.92
4142.46 4141.79 4146.6 4139.39 4140.04 4137.37 4132.64 4129.58 4127.15 4139.9 4156.08 4164.66 4162.38 4158.64 4159.64 4160.44 4163.62 4165.35 4168.46 4167.6 4154.97 4142.4 4137.92 4143.98 4139.1 4158.33 4173.8 4213.7 4233.06 4239.31 4241.25 4228.84 4224.91 4214.27 4212.9 4207.74 4176.17 4168.39 4168.17 4155.93 4137.47 4132.81 4132.54 4135.07 4142.21 4148.57 4150.65 4149.39 4145.5 4139.75 4135.94 4132.74 4135.44 4138.38 4140.99
4146.7 4154.3 4165.85 4166.52 4162.84 4146.96 4136.8 4127.76 4124.84 4137.19 4154.46 4170.42 4180.03 4176.18 4172.67 4169.62 4172.7 4178.96 4172.47 4166.25 4161.27 4151.18 4145.42 4145.19 4149.48 4183.79 4235.41 4231.43 4235.26 4246.42 4238.95 4239.52 4219.32 4208.8 4209.84 4217.86 4224.36 4206.54 4183.26 4156.4 4133.92 4131.46 4132.95 4139.93 4150.65 4159.87 4158.2 4152.75 4146.33 4138.25 4133.36 4131.82 4132.93 4137.86 4141.2
4132.14 4147.76 4196.81 4226.91 4208.28 4160.25 4142.8 4131.02 4126.67 4140.96 4160.53 4179.21 4195.14 4196.81 4188.98 4183.44 4182.03 4179.14 4170.42 4169.11 4171.7 4172.42 4169.19 4155.74 4167.66 4212.59 4247.43 4266.03 4263.26 4259.46 4254.53 4245.2 4226.86 4213.48 4208.21 4215.4 4241.35 4237.15 4202.52 4163.74 4131.8 4130.01 4136.12 4145.55 4158.03 4169.32 4162.96 4154.34 4146.51 4137.59 4132.42 4128.63 4133.55 4138.25 4144.28
4144.08 4160.64 4206.41 4227.96 4182.5 4166.15 4153.13 4140.99 4130.01 4150.76 4168.72 4185.3 4201.22 4197.81 4198.32 4205.86 4194.26 4174.89 4164.84 4172.68 4186.06 4196.07 4200.58 4190.5 4212.83 4252.11 4275.06 4318.04 4299.44 4275.7 4246.21 4249.87 4261.34 4245.57 4218.64 4237.08 4253.22 4257.99 4220.06 4174.09 4137.53 4134.07 4151.07 4154.79 4158.36 4163.04 4160.46 4153.8 4145.99 4138.37 4132.62 4129.71 4131.56 4138.36 4142.27
4132.09 4160.38 4198.47 4208.23 4186.16 4170.02 4168.45 4170.71 4176.88 4173.35 4180.91 4187.91 4188.82 4182.62 4194.39 4203.66 4199.23 4185.44 4165.4 4176.95 4204.4 4222.37 4229.77 4255.33 4281.88 4311.17 4329.75 4314.93 4316.17 4296.17 4260.26 4255.28 4259.35 4255.62 4274.37 4265.35 4287.48 4284.21 4247.97 4195.82 4139.84 4143.89 4155.94 4158.82 4152.85 4152.75 4154.23 4153.57 4150.37 4141.32 4135.26 4128.93 4135.89 4137.72 4139.14
4131.03 4158.25 4186.59 4191.72 4171.69 4177.13 4179.94 4193.66 4203.65 4193.54 4191.54 4191.06 4185.91 4176.41 4188.67 4200.58 4205.47 4194.15 4179.63 4192.62 4215.5 4250.29 4286.06 4330.45 4335.89 4369.31 4389.63 4347.2 4342.88 4334.85 4330.26 4273.77 4260.88 4256.95 4273.09 4301.01 4314.42 4311.58 4286.76 4248.57 4195.24 4171.81 4182.11 4176.89 4158.27 4149.67 4157.05 4156.46 4153.74 4147.38 4141.16 4137.39 4140.33 4138.16 4139.71
4172.93 4170.94 4178.97 4179.81 4170.42 4166.71 4180.72 4194.91 4203.03 4199.61 4195.58 4192.25 4185.41 4179.83 4188.5 4200.95 4213.79 4214.45 4203.05 4238.11 4256.42 4313.3 4358.01 4396.94 4438.32 4473.2 4414.52 4384.04 4408.21 4400.26 4387.9 4342.53 4304.94 4290.2 4308.61 4309.92 4334.86 4342.51 4333.05 4316.27 4282.63 4247.41 4239.96 4216.29 4191.41 4175.76 4169.64 4164.3 4163.41 4155.38 4147.7 4141.75 4137.04 4135.54 4141.07
4179.38 4176.14 4174.53 4177.94 4183.03 4182.17 4188.9 4189.78 4192.92 4196.32 4195.38 4193.82 4187.23 4182.45 4195.61 4210.88 4219.73 4222.83 4248.11 4333.3 4416.43 4476.02 4545.12 4659.8 4730.49 4779.32 4573.17 4595.85 4581.99 4580.36 4532.61 4430.88 4388.06 4350.47 4357.06 4344.7 4365 4384.01 4378.87 4369.43 4354.93 4314.55 4291.99 4256.28 4227.45 4205.92 4188.23 4176.8 4167.34 4164.78 4153.97 4143.19 4132.41 4130.01 4134.07
4175.09 4173.11 4169.51 4182.89 4195.85 4207.62 4210.16 4206.43 4197.16 4194.86 4197.3 4196.5 4192.27 4190.05 4208.62 4230.07 4246.37 4237.91 4287.3 4416.64 4622.45 4621.41 4694.37 4797.32 4842.1 4845.19 4874.92 4837.03 4817.92 4904.3 4833.99 4676.86 4545.12 4541.69 4420.73 4402.65 4450.39 4423.78 4411.57 4395.63 4373.64 4343.95 4312.73 4288.67 4261.05 4234.94 4211.48 4193.39 4177.69 4170.49 4156.28 4143.85 4133.49 4127.47 4127.88
4166.97 4167.08 4183.63 4192.27 4208.88 4224.85 4229.67 4228.97 4212.46 4203.33 4203.39 4207.34 4207.94 4216.11 4222.88 4244.99 4272.4 4276.2 4349.96 4447.31 4514.14 4615.9 4699.36 4855.76 4812.87 4791.1 4880.81 4857.53 4885.1 4914.39 4839.51 4800.93 4762.57 4851.28 4627.12 4558.67 4432.25 4443.25 4440.94 4449.84 4418.63 4353.58 4322.06 4308.31 4303.27 4261.22 4226.51 4205.71 4186.48 4175.35 4158.38 4143.67 4134.14 4134.5 4129.77
4166.25 4165.32 4170.96 4189.28 4209.45 4224.27 4219.22 4236.41 4216.94 4206.02 4208.9 4219.7 4221.84 4219.37 4232.79 4252.53 4274.49 4299.23 4401.64 4543.58 4611.58 4546.99 4494.11 4473.36 4359.36 4313.41 4190.25 4255.37 4336.05 4497.64 4534.64 4607.15 4604.13 4847.45 4853.44 4674.15 4506.05 4505.87 4476.62 4428.22 4456.31 4438.44 4344.18 4307.62 4272.67 4246.93 4219.76 4192.11 4172.35 4178.96 4160.34 4143.4 4130.51 4131.52 4128.91
4164.56 4166.42 4165.87 4182.52 4194.52 4196.2 4210.15 4214.32 4207.65 4206.87 4220.15 4216.94 4236.51 4245.22 4272.07 4296.87 4310.05 4389.07 4486.19 4614.37 4602.05 4366.98 4148.29 3874.94 3794.25 3751.02 3859.62 3798.31 3765.8 3907.38 3993.68 4134.4 4259.04 4464.76 4852.15 4940.66 4805.25 4632.42 4537.86 4493.75 4530.54 4574.3 4394.02 4318.98 4258.47 4217.94 4192.31 4179.29 4163.72 4182.3 4163.72 4146.32 4130.95 4128.82 4128.57
4158.38 4169.87 4176.91 4176.03 4181.5 4190.91 4201.53 4197.38 4224.65 4243.08 4272.32 4267.13 4300.68 4340.11 4375.99 4404.05 4440.66 4566.62 4511.01 4445.41 4322.62 4096.78 3838.11 3563.99 3454.15 3356.32 3397.5 3457.28 3422.51 3303 3438.93 3549.21 3715.78 3976.07 4215.14 4705.22 4770.96 4641.02 4584.52 4538.55 4585.14 4627.3 4503.31 4343.63 4238.67 4194.55 4176.06 4159.16 4150.02 4146.54 4166.53 4149.58 4132.12 4132.93 4131.41
4145.89 4150.12 4158.66 4165.34 4169.34 4171.4 4188.1 4210.89 4256.7 4339.45 4334.72 4401.41 4397.48 4451.54 4512.59 4543.29 4622.65 4664.09 4443.3 4171.04 3977.47 3801.36 3608.18 3427.42 3361.27 3289.96 3215.78 3214.46 3164.98 3167.8 3281.29 3340.74 3422.22 3623.74 3675.88 4145.81 4415.61 4538.33 4616.52 4642.72 4632.67 4618.36 4558.07 4355.3 4212.38 4169.25 4149.02 4146.1 4148.87 4143.41 4170.93 4151.86 4136.05 4138.21 4133.03
4137.75 4137.44 4145.43 4156.79 4166.35 4170.29 4210.38 4241.77 4257.17 4270.76 4314.22 4362.26 4413.81 4483.08 4529.2 4517.84 4579.97 4616.79 4292.23 3960.57 3740.31 3572.21 3416.3 3278.06 3205.94 3189.63 3179.9 3080.02 3011.96 3028.71 3173.59 3237.2 3298.05 3359.66 3328.15 3546.68 3994.77 4331.3 4596.97 4725 4666.03 4610.28 4572.68 4362.92 4218.1 4169.88 4150.53 4143.32 4145.75 4148.12 4174.73 4154.51 4136.01 4134.43 4133.63
4136.51 4134.6 4144.4 4160.68 4179.53 4206.34 4255.58 4243.81 4251.07 4270.94 4298.96 4342.49 4388.2 4410.68 4395.44 4446.27 4558.91 4398.01 4053.33 3789.32 3551.46 3384.38 3264.77 3150.2 3071.12 3030.03 2991.12 2971.61 2938.55 2942.88 2935.93 3073.51 3188.09 3234.94 3287.9 3289.66 3617.64 4133.95 4608.69 4787.2 4689.71 4605.91 4580.38 4341.42 4225.69 4191.15 4176.04 4168.63 4164.47 4165.83 4155.69 4158.96 4134.13 4132.03 4127.82
4141.32 4139.99 4153.15 4172.66 4188.43 4208.56 4204.17 4221.37 4249.37 4269.13 4296.14 4335.46 4380.53 4393.25 4388.95 4506.35 4636.21 4231.95 3795.91 3439 3337.2 3232.42 3131.86 3029.41 2951.19 2895.32 2870.71 2906.79 2898.27 2895.75 2908.36 2970.89 3017.95 3107.37 3145.38 3205.15 3428.81 3993.27 4541.7 4794.92 4727.72 4652.05 4534.4 4339.41 4264.31 4232.6 4214.88 4207.13 4201.75 4195.83 4183 4170.96 4138.47 4130.62 4130.32
4152.02 4151.3 4166.35 4184.24 4203.23 4213.59 4200.05 4240.6 4274.04 4301.7 4355.54 4399.81 4426.62 4474.63 4581.12 4755.4 4493.3 4064.98 3607.33 3342.03 3216.8 3146.84 3078.39 2985.87 2908.72 2878.67 2893.32 2956.74 2936.59 2880.81 2910.04 2932.87 2964.54 3029.6 3088.91 3175.78 3435.13 3836.84 4314.15 4649.07 4784.33 4716.8 4501.56 4386.81 4326.89 4292.39 4279.25 4263.55 4247.16 4228.13 4209.47 4183.14 4152.68 4148.97 4132.08
4166.63 4161.89 4170.86 4188.78 4209.39 4234.66 4259.92 4280.37 4309.96 4347.45 4385.32 4432.15 4485.51 4551.31 4608.64 4838.72 4204.02 3621.99 3400.09 3260.1 3158.58 3106.48 3067.6 3003.82 2939.1 3006.16 3041.79 3078.99 3110.56 2951.37 2927.23 2935.91 2951.72 2991.91 3033.52 3110.34 3248.52 3631.36 4121.24 4518.02 4848.89 4786.2 4480.57 4414.24 4397.72 4383.85 4328.02 4300.16 4286.99 4265.05 4241.03 4170.75 4170.67 4164.02 4133.03
4179.31 4169.17 4172.95 4192.53 4218.07 4252.02 4298.6 4319.09 4334.53 4370.16 4404.72 4443 4506.63 4594.83 4713.45 4599.19 3904.39 3509.57 3305.29 3189.43 3144.66 3113.44 3080.78 3069.49 3110.51 3137.32 3115.62 3173.48 3156.17 3050.68 3050.53 3046.69 2990.56 2998.31 3020.24 3047.37 3105.13 3425.31 3796.9 4272.19 4723.33 4719.44 4557.99 4464.59 4445.64 4429.67 4354.21 4322.64 4296.44 4266.89 4246.88 4198.72 4192.87 4161.36 4130.8
4184.82 4182.92 4177.4 4194.58 4216.46 4248.29 4321.43 4335.12 4356.45 4369.86 4377.59 4433.32 4508.83 4630.69 4678 4338.71 3631.91 3408.05 3280.77 3174.18 3127.71 3093.22 3083.44 3083.81 3129.15 3233.06 3168.53 3351.56 3323.98 3214.9 3309.39 3231.86 3091.42 3033.92 3031.69 3045.23 3093.3 3311.14 3650.07 3941.44 4227.41 4455.01 4557.72 4505.25 4456.18 4427.62 4361.07 4331.69 4307.19 4287.7 4260.35 4202.02 4204.36 4209.05 4139.28
4185.12 4187.37 4197.48 4201.8 4212.27 4233.39 4276.91 4351.23 4370.12 4361.81 4352.75 4416.97 4520.42 4638.34 4565 4163.58 3456.63 3323.88 3256.76 3174.15 3118.86 3089.95 3076.08 3079.98 3173.85 3282.22 3282.38 3590.27 3849.86 3445.05 3373.03 3263.64 3106.16 3051.06 3047.1 3063.01 3130.62 3257.14 3389.61 3651.14 3858.63 4224.68 4454.22 4463.05 4438.56 4424.42 4366.02 4328.54 4303.49 4284.88 4261.16 4209.02 4204.31 4204.15 4136.1
4212.35 4219.36 4209.64 4214.06 4214.67 4214.27 4264.78 4317.66 4329.9 4338.21 4329.37 4397.53 4537.06 4640.88 4565.35 3909.66 3485.98 3302.11 3211.72 3152.9 3106.27 3074.87 3057.85 3085.14 3198.2 3364.37 3528.55 3488.66 3395.47 3342.35 3248.24 3148.9 3090.8 3080.26 3065.84 3096.82 3296.86 3374.61 3395.88 3531.89 3759.39 4150.87 4459.77 4401.54 4391.2 4349.62 4340.87 4325.02 4302.65 4280.41 4257.43 4210.73 4190.46 4143.69 4129.22
4206.76 4226.26 4233.34 4228.05 4226.8 4237.85 4266.31 4282.34 4279.72 4306.88 4317.6 4394.65 4558.61 4690.92 4646.23 3923.06 3519.81 3331.95 3183.89 3129.43 3097.82 3065.62 3036.19 3012.49 3040.78 3158.99 3236.94 3253.27 3188.77 3133.89 3080.35 3087.26 3114.75 3087.68 3093.18 3118.86 3295.65 3413.09 3426.79 3472.23 3712.99 4166.56 4508.47 4401.55 4332.16 4291.52 4293.73 4277.66 4265.23 4257.37 4241.17 4227.04 4194.75 4177.65 4150.55
4211.94 4226.76 4244.24 4233.25 4229.91 4238.49 4257.19 4260.39 4259.91 4283.45 4312.86 4394.31 4568.25 4742.09 4806.77 4144.32 3675.25 3415.84 3186.49 3112.91 3080.64 3048.2 3026.19 3001.04 3028.31 3067.38 3126.94 3194.51 3137.44 3112.64 3073.36 3071.43 3083.28 3094.56 3110.08 3135.8 3287.11 3394.65 3367.35 3409.26 3680.08 4205.85 4610.53 4359.21 4283.28 4255.56 4247.37 4242.98 4234.94 4233.34 4224.69 4226.57 4207.24 4204.21 4183.82
4205.6 4215.2 4213.27 4215.41 4223.3 4228.63 4240.01 4243.72 4240.51 4266.64 4281.39 4342.56 4524.45 4702.94 4773.75 4374.17 3922.94 3574.41 3310.64 3127.75 3082.83 3068.19 3043.26 3024.28 3046.47 3082.2 3110.02 3148.71 3098.08 3096.61 3086.61 3091.51 3095.68 3096.94 3120.98 3154.23 3203.73 3233.36 3300.52 3393.14 3719.46 4232.62 4566.21 4407.25 4267.83 4226.77 4222.97 4213.62 4210.16 4208.8 4208.03 4210.11 4212.12 4213.21 4199.78
4198.67 4198.76 4187.64 4194.62 4214.8 4224.7 4233.01 4234.39 4245.12 4247.66 4266.54 4326.28 4472.81 4600.25 4592.96 4374.37 4094.35 3805.89 3326.72 3131.29 3141.4 3123.96 3081.5 3037.13 3051.4 3083.84 3086.12 3078.96 3078.79 3084.3 3086.35 3093.29 3119.04 3124.97 3150.76 3174.01 3196.26 3222.91 3310.47 3444.27 3810.62 4287.41 4549.04 4441.33 4266.64 4226.03 4210.03 4203.47 4201.01 4201.95 4204.51 4213.1 4213.17 4214.69 4219.73
4198.87 4190.25 4189.18 4196.62 4204.32 4216.57 4223.66 4240.05 4259.99 4270.88 4273.63 4313.55 4417.52 4524.03 4509.42 4263.04 4203.22 4158.08 3659.43 3367.3 3339.24 3220.8 3106.39 3059.38 3076.26 3086.11 3081.15 3062.77 3067.65 3090.16 3102.77 3113.06 3128.44 3148.15 3195.91 3209.31 3224.8 3271.74 3395.06 3610.86 3972.92 4397.34 4603.56 4410.18 4226.87 4213.2 4204.97 4200.29 4198.98 4199.96 4204.62 4212.98 4211.57 4217.91 4223.53
4176.01 4179.98 4187.12 4190.15 4187.69 4191.61 4205.29 4225.59 4276.05 4274.62 4265.57 4279.51 4350.47 4436.52 4487.37 4213.19 4221.23 4425.87 4325.96 3953.59 3540.85 3329.81 3157.03 3071.72 3090.04 3081.27 3074.99 3067.1 3076.47 3104.07 3131.19 3131.8 3154.31 3193.32 3234.82 3319.05 3290.58 3335.7 3518.06 3756.14 4127.07 4456.53 4560.19 4368.46 4250.68 4228.94 4221.91 4214.96 4211.35 4210.45 4210.2 4214.61 4219.61 4216.53 4215.14
4172.19 4176.15 4178.69 4172.98 4175.16 4179.29 4190.89 4208.36 4253.99 4254.28 4247.53 4262.1 4285.81 4302.08 4388.4 4437.02 4099.91 4428.18 4299.6 3857.73 3745.02 3569.74 3332.88 3140.96 3117.11 3100.09 3084.98 3086.1 3098.45 3119.85 3138.04 3159.28 3208.42 3312.1 3377.37 3369.91 3423 3506.39 3683.76 4024.3 4315.58 4541.89 4549.85 4394.38 4276.81 4253.43 4238.9 4228.19 4220.11 4213.76 4208.39 4204.63 4207.53 4206.65 4201.37
4174.27 4177.83 4181.67 4183.79 4177.28 4177.52 4186.18 4199.69 4224.11 4234.24 4228.86 4230.68 4237.15 4252.32 4385.52 4420 4050.67 4045.94 4077.17 3994.2 3956.23 3823.32 3586.59 3347.73 3266.77 3188.79 3114.71 3106.65 3114.75 3146.24 3171.53 3200.85 3220.01 3377.59 3395.1 3427.03 3476.64 3527.9 3925.93 4452.09 4511.79 4528.18 4494.03 4369.82 4296.65 4268.7 4250.92 4236.97 4225.57 4215.82 4204.39 4192.28 4170.72 4195.9 4204.12
