real_craters/C147-300m.grd
DSAA
315 315
-47.145 47.145
-47.145 47.145
8178.1459264486 10412.123814178
[rows 0 to 29 of 315, columns 201 to 267 of 315]
9120.16 9123.05 9125.28 9126.98 9123.58 9114.58 9107.54 9106.34 9111.14 9102.06 9091.54 9083.45 9077.7 9070.75 9056.59 9027.37 8971.82 8893.5 8808.71 8746.42 8691.75 8607.88 8515.44 8418.46 8325.61 8244.07 8189.3 8178.15 8186.98 8189.71 8218.14 8283.9 8362.49 8448.77 8534.69 8619.39 8689.21 8699.52 8679.02 8642.89 8604.75 8605.22 8611.04 8612.36 8616.72 8617.31 8609.45 8594.04 8574.79 8559.81 8546.54 8536.18 8526.5 8518.68 8511.72 8505.66 8497.87 8490.48 8481.69 8473.29 8466.6 8464.01 8465.02 8457.76 8449.3 8451.49 8457.39
9135.63 9138.1 9139.92 9140.38 9135.74 9126.44 9117.04 9109.36 9104.79 9104.75 9098.37 9091.93 9085.18 9076.6 9062.24 9038.04 8995.06 8922.05 8849.13 8789.6 8721.32 8632.77 8534.66 8437.45 8344.28 8264.4 8208.64 8186.76 8188.66 8209.13 8256.43 8324.72 8405.47 8490.46 8576.89 8658.41 8722.94 8740.26 8720.64 8678.68 8636.12 8630.84 8630.13 8624.86 8628.74 8630.04 8623.65 8611.78 8592.46 8570.32 8553.34 8540.68 8529.84 8520.85 8512.59 8504.3 8496 8488.13 8478.84 8469.63 8461.39 8458.61 8459.85 8456.4 8450.7 8456.19 8460.06
9149.57 9151.18 9152.02 9150.93 9144.51 9133.97 9122.02 9109.25 9100.14 9096.86 9097.03 9094.57 9088.8 9080.36 9068.49 9049.4 9015.87 8949.04 8883.36 8833.84 8755.47 8659.51 8557.92 8455.29 8360.61 8278.89 8219.11 8195.14 8199.34 8239.36 8298.04 8365.78 8443.32 8526.33 8608.07 8685.15 8748.24 8769.7 8755.17 8716.29 8677.07 8663.7 8658.64 8657.33 8654.35 8646.08 8635.95 8621.13 8596.36 8575.35 8558.06 8543.47 8531.05 8520.85 8511.71 8502.52 8494.01 8486.19 8476.69 8467.13 8458.79 8455.31 8454.15 8455.61 8462.74 8460.61 8462.58
9162.87 9162.94 9161.64 9159.49 9151.4 9140.16 9127.71 9114.63 9105.55 9102.43 9099.23 9096.3 9090.61 9083.13 9070.59 9052.28 9022.2 8970.12 8913.82 8872.4 8790.69 8688.49 8582.09 8475.41 8374.94 8289.54 8226.09 8204.56 8220.74 8272.47 8334.62 8403.27 8476.84 8553.63 8629.08 8700.35 8759.18 8783.65 8774.37 8744.9 8713.03 8694.01 8684.45 8682.04 8673.87 8658.26 8644.22 8630.52 8602.56 8578.41 8560.15 8544.63 8531.39 8519.88 8510.14 8500.47 8493.04 8484.77 8475.03 8465.73 8458.55 8455.37 8454.74 8455.62 8456.15 8459.7 8463.76
9175.82 9174.27 9170.31 9163.18 9156.65 9146.82 9134.98 9123.58 9114.6 9107.53 9103.59 9098.13 9091.11 9083.12 9070.25 9052.4 9026.14 8988.41 8954.89 8916.27 8822.04 8714.1 8602.43 8491.94 8388.24 8298.61 8230.13 8211.44 8243.91 8301.83 8366.44 8434.36 8504.59 8575.38 8644.64 8707.95 8759.5 8782.75 8774.35 8759 8735.87 8713.94 8700.01 8689.85 8677.92 8662.93 8645.75 8625.03 8601.02 8577.79 8559.45 8543.95 8530.62 8518.8 8508.2 8498.95 8491.99 8482.21 8473.47 8464.67 8457.84 8456.72 8458.23 8460.25 8459.48 8462.08 8465.14
9191.34 9188.38 9181.83 9173.97 9165.43 9155.26 9143.29 9131.5 9122.82 9115.58 9107.77 9099.96 9091.51 9082.93 9069.61 9052.63 9030.44 9003.3 8973.43 8934.02 8843.02 8733.47 8618.87 8507.22 8401.31 8308.04 8237.29 8217.47 8262.41 8334.68 8396.09 8461.3 8526.68 8590.56 8653.89 8709.43 8753.51 8773.25 8765.35 8756.03 8739.98 8721.82 8707.11 8694.48 8680.97 8663.73 8644.79 8623.32 8598.17 8574.62 8557.54 8542.84 8529.63 8517.14 8505.97 8496.7 8489.35 8479.22 8471.81 8464.7 8458.88 8458.69 8460.76 8464.27 8465.65 8465.02 8465.87
9208.7 9206 9198 9185.64 9178.41 9166.43 9152.26 9140.45 9129.4 9119.7 9111.44 9102.4 9092.27 9080.51 9067.09 9052.7 9035.02 9015.89 9002.53 8952.28 8856.23 8747.3 8632.4 8519.79 8412.64 8319.75 8250.94 8227.82 8266.04 8340.44 8420.15 8482.69 8541.74 8600.32 8656.59 8707.15 8746.39 8765.14 8757.79 8746.36 8735.4 8722.14 8708.88 8694.98 8679.57 8662.75 8643.8 8623.1 8597.67 8572.55 8556.55 8542.14 8529.07 8516.32 8503.91 8491.71 8480.05 8474.6 8470.4 8465.7 8462.66 8460.35 8460.46 8461.24 8459.65 8459.56 8464.5
9228.22 9228.04 9222.43 9211.91 9197.92 9180.77 9161.38 9143.02 9135.17 9126.3 9115.96 9105.04 9093.58 9080.69 9066.83 9052.07 9035.38 9019.18 9004.53 8955.05 8862.99 8755.84 8641.95 8528.89 8423.23 8329.82 8262.11 8235.87 8264.18 8370.87 8444.79 8497.77 8549.83 8602.58 8655.21 8702.38 8740.25 8760.26 8752.26 8740.43 8731.24 8720.35 8708.48 8694.74 8678.94 8662.27 8642.91 8621.57 8597.42 8574.19 8557.72 8543.16 8529.66 8516.61 8503.45 8490.32 8478.62 8473.16 8470.65 8466.49 8462.99 8461.2 8459.28 8456.54 8456.16 8458.23 8463.95
9247.65 9251.85 9251.33 9239.67 9220.22 9197.91 9174.63 9152.71 9143.55 9132.9 9120.88 9107.26 9093.49 9080.75 9068.14 9052.1 9036.1 9021.04 9008.42 8953.82 8866.09 8761.1 8649.64 8538.85 8432.93 8338.23 8266 8228.7 8265.12 8373.2 8452.76 8499.88 8546.67 8596.37 8646.98 8695.1 8734.51 8758.64 8753.27 8737.92 8729.13 8718.72 8707.45 8694.75 8681.11 8663.51 8643.06 8621.62 8598.83 8578.17 8560.57 8545.6 8531.94 8518.98 8506.17 8493.62 8481.41 8476.99 8474.16 8469.79 8466.24 8463.8 8461.19 8458.73 8458.91 8461.51 8465.43
9265.24 9272.95 9278.89 9266.49 9240.25 9215.27 9193.02 9174.38 9158.85 9142.47 9126.72 9111.28 9096.27 9083.13 9069.11 9053.32 9037.9 9022.89 9011.73 8954.34 8866.7 8765.56 8656.1 8546.35 8441.4 8346.8 8270.03 8225.49 8270.85 8369.53 8440.88 8484.76 8530.1 8579.47 8631.95 8683.81 8728.69 8757.49 8757.02 8739.69 8729.57 8716.99 8705.16 8692.97 8680.91 8663.17 8643.57 8623.98 8603.05 8582.51 8563.48 8548.91 8536.03 8523.52 8511.46 8500.74 8492.73 8487.01 8480.41 8475.1 8471.28 8468.54 8466.02 8463.24 8462.49 8464.39 8466.93
9278.04 9285.85 9289.4 9276.63 9252.61 9227.67 9204.59 9184.02 9165.06 9148.44 9132.33 9116.71 9101.22 9086.97 9073.12 9057.85 9042.83 9027.9 9015.16 8954.89 8867.58 8769.85 8664.38 8558.18 8455.54 8361.56 8283.06 8237.42 8268.69 8348.52 8409.85 8451.74 8499.22 8551.82 8607.5 8664.56 8718.99 8761.08 8762.7 8743.75 8728.96 8713 8700.18 8687.7 8674.01 8659.16 8642.66 8626.47 8612.41 8583.21 8565.21 8553.24 8541.61 8529.39 8518.06 8507.95 8500.32 8493.89 8486.14 8480.32 8477.15 8475.47 8473.83 8471.56 8467.83 8461.9 8467.7
9285.43 9291.61 9293.07 9279.86 9258.27 9234.54 9211.36 9189.99 9169.65 9153.79 9137.6 9121.64 9107.5 9093.3 9077.56 9062.64 9048.85 9037.97 9022.25 8955.66 8870.03 8773.84 8672.71 8571.19 8470.53 8379.85 8303.49 8257.88 8282.59 8317.59 8357.05 8404.75 8457.53 8513.18 8572.38 8633.48 8696.15 8751.82 8756.1 8739.12 8719.29 8703.65 8691.58 8680.97 8669.21 8657.23 8642.43 8625.62 8605.93 8582.27 8569.49 8560.37 8548.9 8536.93 8525.53 8514.91 8505 8497.28 8491.3 8485.05 8483.99 8484.56 8484.69 8482.63 8476.44 8469.49 8474.91
9289.17 9292.17 9290.76 9278.58 9260.01 9238.23 9215.5 9195.56 9178.92 9160.3 9143.59 9127.36 9111.51 9096.5 9081.26 9066.38 9052.33 9041.28 9020.15 8953.37 8870.29 8780.05 8687.28 8591.49 8496.33 8407.64 8330.91 8277.86 8273.7 8284.35 8302.91 8357.31 8413.56 8469.45 8526.78 8585.86 8648.91 8708.42 8721.27 8711.91 8695.47 8683.94 8677.02 8672.11 8666.82 8658.28 8644.72 8627.36 8606.53 8594.58 8585.48 8571.93 8557.87 8545.12 8533.47 8522.82 8512.92 8505.93 8499.53 8492.76 8493.54 8496.05 8498.73 8501.38 8503.16 8493.16 8492.28
9290.78 9290.36 9285.56 9276.14 9260.74 9241.28 9220.05 9200.34 9181.49 9165.25 9148.41 9132.17 9115.75 9100.21 9084.23 9069.38 9053.95 9042.34 9012.9 8945.34 8869.7 8788.14 8703.89 8615.32 8526.9 8440.78 8362.55 8299.72 8280.4 8272.75 8275.05 8324.22 8374.73 8424.32 8472.5 8522.05 8576.17 8637.94 8658.41 8655.53 8651.18 8651.29 8654.67 8658.86 8661.25 8658.31 8647.53 8631.81 8617.61 8613.06 8603.84 8581.44 8566.25 8553.24 8541.65 8531.81 8523.89 8518.64 8510.62 8504.88 8505.66 8508.93 8513.23 8518.56 8521.78 8519.93 8516.08
9292.44 9289.72 9283.6 9275.74 9262.66 9245.47 9225.04 9207.49 9189.7 9170.79 9153.26 9136.9 9120.19 9104.19 9087.72 9070.78 9051.97 9026.53 8984.81 8933.59 8869.29 8798.75 8721.42 8643.61 8561.76 8480.35 8402.34 8334.69 8296.49 8283.8 8287.7 8312.6 8350.16 8387.55 8421.36 8449.27 8477.04 8512.91 8555.04 8575.21 8594.07 8612.44 8629.55 8644 8655.22 8659.6 8650.03 8635.99 8618.97 8603.99 8591.55 8584.18 8571.78 8559.45 8548.5 8539.6 8533.48 8528.43 8522.05 8517.62 8518.52 8522.43 8527.27 8531.59 8535.67 8541.19 8537.24
9295.54 9294.56 9287.64 9278.42 9265.92 9251.49 9235.33 9213.4 9193.57 9175.42 9157.55 9140.17 9123.72 9106.76 9089.88 9073.13 9053.23 9018.51 8968.81 8927.34 8875.35 8815.16 8746.84 8677.72 8603.68 8528.45 8454.37 8384.96 8325.04 8305.97 8302.16 8316.15 8341.35 8366.98 8385.31 8392.26 8385.67 8396.33 8446 8492.09 8538.15 8576.4 8607.15 8630.61 8648.03 8656.13 8652.55 8640.94 8625.87 8611.92 8602.51 8589.27 8576.62 8564.93 8554.15 8545.29 8539.36 8536.66 8531.73 8527.39 8530.45 8535.91 8541.35 8544.83 8545.41 8547.23 8541.23
9296.84 9299.51 9294.03 9280.36 9267.91 9255.3 9239.18 9217.79 9197.22 9178.61 9161.07 9144.01 9126.63 9109.58 9092.16 9074.93 9059.01 9049.85 8978.15 8935.32 8889.34 8835.88 8777.93 8715.15 8649.72 8583.15 8513.82 8444.51 8372.38 8340.7 8323.96 8331.08 8349.44 8367.32 8377.25 8373.21 8350.48 8346.23 8377.22 8435.85 8500.98 8553.2 8593.1 8623.11 8644.68 8657.69 8656.34 8647.43 8636.25 8623.18 8610.43 8593.77 8581.44 8569.37 8558.06 8548.45 8541.03 8536.3 8536.19 8535.1 8541.61 8549.61 8556.83 8561.12 8559.28 8557.76 8547.87
9293.21 9291.07 9285.95 9276.75 9266.62 9256.38 9241.43 9218.44 9198.84 9180.99 9163.73 9147.38 9130.05 9112.37 9094.41 9075.37 9055.15 9039.6 8999.12 8953.78 8908.55 8860.46 8809.46 8756.51 8700.33 8641.78 8581.32 8512.64 8434.97 8392.72 8366.96 8365.93 8379.84 8393.33 8401.55 8402.03 8396.22 8392.07 8389.33 8432.26 8497.28 8550.56 8591.76 8622.65 8644.67 8658.67 8660.2 8653.89 8644.36 8631.63 8606.83 8597.88 8586.87 8574.3 8561.85 8550.47 8541.18 8536.76 8536.1 8541.85 8552.68 8563.99 8574.2 8582.03 8586.46 8579.41 8557.18
9288.17 9282.2 9277.27 9270.36 9261.53 9251.96 9237.88 9216.64 9199.95 9183.17 9166.74 9150.24 9132.35 9114.92 9097.19 9079.17 9059.32 9043.98 9012.11 8972.5 8931.33 8888.32 8843.97 8797.8 8751.47 8704.04 8655.6 8598.53 8512.6 8462.68 8431.39 8422.29 8431.48 8442.09 8449.91 8457.15 8473.07 8477.97 8468.29 8482.85 8528.36 8569.68 8604.05 8630.58 8649.95 8660.93 8664.84 8659.97 8650.44 8636.91 8623.32 8609.1 8595.11 8581.17 8567.3 8553.69 8540.8 8530.08 8532.87 8548.63 8564.44 8578.46 8591.15 8601.86 8608.49 8597.11 8565.17
9285.33 9279.06 9272.22 9263.99 9254.12 9243.29 9231.99 9218.65 9201.88 9185.58 9169.45 9152.43 9135.27 9118.39 9101.31 9084.68 9073.19 9058.21 9024.48 8989.56 8953.53 8915.86 8877.97 8839.4 8801.95 8765.1 8727.74 8679.6 8601.39 8548.56 8512.95 8496.28 8500.49 8507.21 8512.66 8517.42 8521.51 8537.18 8548.77 8561.25 8580.9 8605.07 8627.63 8646.22 8660.51 8670.2 8672.95 8666.41 8657.34 8647.46 8635.73 8620.34 8604.25 8588.9 8573.79 8558.97 8545.06 8534.06 8549.02 8563.52 8579.01 8593.45 8606.61 8618.04 8625.57 8614.7 8574.96
9283.23 9277.37 9268.78 9258.83 9247.22 9233.77 9225.91 9217.08 9202.26 9186.37 9170.72 9154.87 9138.5 9122.51 9105.84 9088.13 9069.99 9056.81 9032.34 9004.92 8974.57 8942.44 8909.82 8877.66 8847.15 8820.3 8794.11 8756.78 8694.55 8642.08 8605.06 8585.5 8579.76 8582 8585.6 8586.63 8582.44 8596.98 8614.68 8627.23 8636.54 8646.07 8656.01 8665.31 8673.26 8678.35 8679.24 8672.11 8663.61 8652.17 8641.23 8628.22 8613.94 8598.63 8582.54 8567.76 8555.46 8549.85 8561.77 8580.27 8594.75 8607.43 8618.68 8628.36 8635.09 8625.44 8581.95
9281.32 9274.35 9265.68 9255.43 9243.65 9230.39 9222.88 9214.33 9200.89 9185.73 9170.77 9155.51 9140.7 9125.63 9110.66 9095.09 9079.82 9066.74 9047.41 9024.1 8996.42 8967.83 8938.54 8910.56 8884.73 8862.86 8844.92 8821.33 8773.55 8726.91 8689.43 8663.47 8660.17 8659.25 8662.42 8668.4 8673.28 8682.71 8690.94 8694.18 8692.14 8687.1 8685.16 8685.21 8685.95 8685.23 8682.68 8677.1 8670.86 8664.02 8652.79 8639.71 8625.57 8610.06 8594.59 8579.89 8568.92 8565.62 8578.67 8597.37 8610.31 8620.13 8627.69 8632.5 8632.83 8619.89 8582.07
9279.82 9272.71 9263.39 9253.51 9243.35 9233.19 9221.84 9210.64 9198.33 9184.96 9171.51 9157.33 9142.44 9128.75 9116.12 9105.56 9097.45 9082.52 9065.56 9042.62 9016.01 8989.25 8961.92 8936.35 8912.44 8891.56 8871.8 8847.89 8819.86 8787.37 8761.66 8750.26 8736.36 8728.66 8731.67 8746.3 8764.95 8767.92 8761.75 8763.05 8738.08 8721.29 8710.91 8703.81 8698.32 8692.2 8686.46 8683.94 8679.82 8671.47 8662.42 8653.41 8639.79 8624.32 8608.21 8593.1 8582.15 8579.67 8594.51 8614.76 8624.69 8631.01 8633.67 8632.74 8626.11 8609.06 8581.7
9278.14 9270.22 9261.22 9251.83 9242.75 9233.86 9220.01 9207.88 9196.64 9184.23 9171.26 9158.35 9144.99 9132.13 9120.52 9110.96 9103.87 9089.57 9071.53 9051.64 9031.06 9006.08 8979.5 8955.02 8931.28 8909.89 8888.64 8865.24 8839.7 8818.18 8809.22 8814.41 8793.18 8779.85 8780.36 8792.37 8803.65 8801.1 8790.73 8777.78 8760.83 8744.16 8730.56 8719.3 8710 8700.89 8694.65 8693.03 8693.18 8693.37 8687.87 8671.36 8658.46 8641.65 8624.04 8607.55 8594.93 8590.06 8605.83 8627.99 8636.78 8639.94 8638.9 8633.2 8622.6 8606.81 8588.18
9277.09 9268.72 9259.55 9249.71 9239.72 9229.43 9217.54 9206.44 9196.13 9184.68 9172.37 9160.05 9147.15 9134.56 9122.41 9109.05 9094.98 9091.86 9083.51 9069.39 9045.92 9019.77 8993.33 8967.79 8942.74 8920.4 8898.13 8875.11 8851.57 8834.25 8829.69 8827.18 8817.2 8808.53 8806.72 8809.4 8811.09 8806.9 8798.93 8785.83 8772.36 8757.89 8744.19 8731.76 8720.98 8710.94 8702.74 8703.06 8707.54 8714.09 8715.53 8699.06 8680.15 8660.4 8640.83 8621.35 8607.08 8600.68 8614.29 8640.15 8649.51 8649.8 8645.11 8636.32 8623.24 8607.3 8597.55
9277.31 9268.45 9258.83 9248.16 9236.84 9225.88 9217.85 9206.94 9196.49 9185.6 9173.85 9162.64 9150 9137.75 9125.66 9112.24 9100.24 9097.88 9094.57 9082.97 9056.41 9028.53 9001.57 8975.84 8950.65 8927.12 8904.37 8882.52 8862.49 8847.73 8838.81 8830.57 8825.3 8822.28 8819.57 8816.26 8812.82 8808.47 8801.21 8791.57 8779.19 8766.19 8753.4 8741.93 8731.31 8721.59 8713.82 8714.61 8719.81 8725.54 8726.18 8717.86 8699.51 8678.38 8656.79 8636.25 8620.5 8614.08 8626.23 8659.71 8662.57 8659.26 8651.75 8641.08 8627.79 8614.58 8607.05
9280.22 9270.55 9259.8 9248.41 9236.78 9225.28 9213.16 9207 9198.84 9188.63 9177.28 9165.85 9154.07 9142.11 9129.93 9119.78 9111.49 9104.11 9096.62 9083.19 9058.31 9031.04 9004.71 8979.45 8955.05 8931 8909.04 8888.79 8870.76 8855.64 8846.52 8839.08 8834.03 8830.78 8827.21 8821.89 8814.43 8807.47 8800.96 8792.52 8782.57 8771.18 8760.11 8750.07 8741.12 8733.87 8728.74 8728.61 8731.06 8734.16 8733.71 8728.88 8716.12 8696.52 8673.68 8651.57 8634.12 8626.14 8638.15 8668.3 8672.3 8667.87 8659.41 8646.71 8633.29 8621.03 8612.82
9284.59 9274.16 9262.63 9250.63 9239.08 9229.6 9220.95 9212.37 9203.43 9193.17 9181.8 9170.62 9158.75 9146.5 9134.23 9124.02 9117.71 9106.6 9093.97 9077.52 9054.12 9029.01 9004.5 8981.27 8957.99 8935.2 8912.08 8894.81 8878.59 8864.37 8854.57 8848 8842.78 8836.9 8832.58 8826.81 8816.13 8807.23 8799.75 8792.62 8783.54 8773.64 8764.85 8756.84 8750.16 8744.48 8741.56 8740.79 8742 8743.62 8743.31 8744.25 8735.96 8715.5 8690.38 8666.02 8647.14 8638.91 8645.54 8666.56 8679.43 8676.84 8666.18 8652.09 8637.08 8622.43 8609.5
9290.13 9279.27 9267.07 9254.66 9243.22 9236.55 9230.35 9220.18 9210.1 9199.5 9188.12 9176.02 9164.96 9152.09 9139.31 9126.21 9117.41 9105.82 9089.08 9067.88 9046.29 9023.7 9001.37 8980.62 8960.39 8941.61 8922.14 8903.16 8886.86 8872.76 8862.18 8853.05 8845.07 8840.39 8835.39 8829.91 8814.46 8805.18 8797.93 8789.37 8780.99 8774.89 8768.54 8761.99 8757.12 8753.41 8751.26 8750.77 8751.55 8753.22 8757.75 8765.57 8759.13 8733.85 8705.75 8679.08 8658.9 8653.3 8664.7 8683.54 8694.96 8687.71 8672.96 8656.19 8639.58 8623.46 8609.44
9297.91 9285.53 9272.85 9260.39 9249.15 9244.95 9238.76 9228.29 9217.63 9206.07 9195.63 9183.42 9171.77 9160.03 9146.39 9134.69 9123.1 9105.79 9084.53 9062.81 9038.75 9016.26 8996.45 8978.38 8961.31 8946.39 8930.37 8909.94 8893.33 8881.56 8867.69 8857.64 8851.08 8842.44 8835.23 8826.57 8814.23 8805.14 8797.81 8790.29 8783.56 8777.39 8772.17 8766.9 8762.76 8760.21 8760.01 8760.65 8758.8 8759.13 8762.42 8773.35 8772.47 8747.24 8717.64 8689.33 8668.35 8668.13 8694.91 8726.06 8717.14 8697.7 8678.04 8658.88 8640.29 8621.52 8603.14
