real_craters/C148-500m.grd
DSAA
191 191
-47.46 47.46
-47.46 47.46
8594.8596029409 10487.563459414
[rows 120 to 149 of 191, columns 0 to 66 of 191]
9923.01 9913.82 9913.39 9929.51 9939.78 9924.46 9896.09 9878.64 9870.96 9865.68 9861.81 9860.64 9858.62 9854.45 9854.39 9854.46 9854.38 9859.15 9863.6 9866.98 9868.28 9866.93 9866.33 9876.78 9884.03 9894.73 9893.69 9892.04 9891.32 9888.64 9889.12 9889.83 9898.43 9911.89 9925.06 9930.26 9920.47 9917.4 9919.93 9922.05 9923.49 9917.58 9916.27 9916.98 9915.84 9921.2 9925.01 9927.06 9929.03 9932.66 9939.35 9929.24 9917.45 9906.25 9899.34 9895.94 9894.53 9893.26 9897.66 9902.34 9906.52 9909.06 9910.41 9911.26 9914.04 9919.77 9929.82
9928.49 9921.01 9922.52 9946.64 9951.13 9913.12 9889.76 9873.72 9862.77 9859.09 9855.85 9853.87 9853.05 9851.73 9852.47 9854.78 9858.87 9860.31 9863.46 9865.34 9865.95 9865.92 9867.7 9871.31 9876.51 9885.06 9882.75 9880.75 9879.91 9883.15 9885.55 9886.29 9891.14 9913.14 9924.87 9933.32 9936.2 9933.7 9926.76 9918.06 9919.03 9922.14 9925.09 9925.47 9930.77 9930.51 9930.46 9929.56 9928.08 9925.64 9922.26 9923.72 9914.8 9912.55 9907.28 9901.97 9891.33 9893.31 9897.71 9901.32 9905.49 9909.83 9913.99 9910.79 9911.12 9915.91 9922.86
9935.22 9929.5 9931.42 9952.14 9943.3 9886.78 9873.78 9870.89 9864.23 9858.58 9852.91 9850.32 9851.05 9852.61 9852.92 9852.83 9855.65 9861.02 9865.71 9867.09 9865.57 9864.12 9864.86 9867.97 9872.42 9876 9873.69 9871.87 9874.95 9884.05 9885.96 9886.66 9889.03 9906.64 9928.04 9941.61 9949.71 9947.93 9941.08 9920.3 9919.48 9921.6 9924.92 9938.21 9944.08 9939.47 9935.68 9932.61 9928.4 9923.93 9920.08 9930.24 9939.18 9924.37 9913.62 9904.86 9897.97 9896.27 9898.32 9901.38 9904.7 9908.59 9912.21 9908.97 9909.07 9912.57 9917.07
9945.35 9940.61 9940.75 9946 9932.94 9902.63 9884.44 9878.26 9871.47 9862.73 9855.31 9851.71 9851.44 9851.78 9852.08 9852.6 9856.07 9862.09 9867.2 9867.96 9865.66 9863.77 9863.77 9865.3 9867.08 9878.67 9869.46 9865.33 9869.12 9879.67 9886.49 9891.03 9898.33 9917.83 9938.22 9945.07 9954.89 9949.7 9941.75 9918.86 9915.62 9916.49 9924.14 9941.44 9950.04 9943.5 9938.08 9934.08 9930.48 9927.74 9929.01 9934.56 9937.78 9927.95 9916.65 9906.47 9901.08 9899.14 9898.19 9900.28 9903.35 9905.64 9905.08 9905.83 9907.81 9909.95 9912.48
9959.55 9951.66 9944.32 9942.78 9928.43 9914.94 9895.78 9885.26 9878.19 9867.1 9859.62 9855.89 9853.89 9853.56 9854.37 9855.84 9859.21 9863.67 9867.76 9867.4 9865.03 9863.1 9863.1 9864.18 9866.9 9869.57 9865.75 9866.64 9872 9881.58 9889.58 9894.07 9903.99 9921.9 9917.43 9925.95 9934.4 9941.09 9936.33 9928.17 9919.93 9912.92 9923.8 9941.29 9944.38 9939.47 9935.54 9934.3 9933.18 9932.03 9930.38 9935.4 9933.25 9926.01 9916.39 9908.57 9902.81 9894.41 9896.29 9899.98 9903.5 9905.8 9906.02 9907.69 9908.36 9908.94 9909.79
9973.06 9966.22 9944.67 9918.03 9904.29 9897.4 9894.2 9886 9876.39 9868.05 9862.01 9858.41 9856.83 9857.44 9859.18 9863.06 9863.65 9864.93 9866.43 9865.65 9863.53 9860.93 9862.58 9863.88 9863.9 9861.33 9862.54 9863.18 9871.69 9884.9 9890.22 9887.75 9889.74 9887.53 9893 9903.48 9914.09 9947.75 9943.9 9933.83 9924.29 9921.5 9924.3 9932.74 9932.56 9928.59 9929.26 9931.84 9935.08 9943.05 9943.56 9937.34 9931.63 9923 9913.49 9902.93 9888.77 9889.01 9894.88 9899.82 9904.2 9907.75 9911.01 9910.9 9908.52 9907.32 9907.76
9980.17 9958.86 9928.46 9894.62 9877.13 9882.69 9885.75 9876.87 9871.76 9866.4 9861.82 9858.69 9860.02 9863.28 9866.15 9865.83 9866.09 9865.85 9864.56 9864.33 9862.67 9861.92 9862.56 9864.12 9864.4 9861.99 9862.81 9866.5 9868.93 9871.25 9871.61 9874.03 9873.21 9872.19 9878.92 9895.47 9907.89 9934.08 9921.96 9915.18 9920.06 9915.97 9918.5 9923.79 9910.2 9915.45 9921.77 9926.36 9930.53 9936.52 9937.53 9929.54 9925.17 9918.66 9910.12 9900.65 9894.04 9892.79 9896.6 9900.77 9905.29 9909.62 9912.12 9910.24 9906.55 9905.25 9905.22
9984.29 9955.69 9918.21 9880.1 9863.98 9865.08 9871.8 9864.42 9866.49 9867.57 9864.27 9860.19 9864.9 9871.03 9874.36 9872.99 9867.79 9866.89 9868.47 9864.36 9862.05 9861.13 9863.82 9865.79 9865.47 9858.14 9863.57 9871.83 9867.97 9863.57 9861.02 9864.93 9866.06 9871.94 9890.72 9902.71 9913.18 9911.25 9913.61 9920.34 9921.9 9914.38 9911.5 9901.78 9906.51 9911.03 9918.59 9922.54 9923.41 9923.09 9923.33 9925.6 9920.06 9913.93 9907.73 9901.28 9896.45 9898.05 9899.61 9901.7 9905.65 9910.59 9915.08 9908.16 9904.22 9902.74 9902.65
9984.57 9966.63 9922.55 9885.06 9869.16 9861.27 9869.96 9885.83 9880.72 9876.08 9871.78 9866.76 9872.88 9881.5 9885.04 9874.94 9869.09 9864.24 9862.73 9864.8 9864.89 9863.84 9866.4 9867.37 9865.56 9857.07 9859.58 9867.24 9864.94 9861.68 9860.03 9863.8 9869.97 9888.63 9911.27 9909.09 9908.71 9923.22 9932.71 9924.71 9921.52 9917.51 9914.99 9912.48 9911.13 9916.95 9920.77 9922.15 9920.33 9912.67 9913.84 9910.95 9912.11 9909.9 9905.97 9902.02 9898.81 9905.26 9900.04 9900.59 9904.25 9908.63 9913.13 9904.51 9900.28 9899.42 9899.37
9974.8 9953.14 9940.8 9915.65 9894.67 9875.37 9871.92 9886.52 9888.05 9888.51 9888.56 9883.54 9891.37 9897.06 9894.91 9881.62 9871.67 9863.73 9862.13 9867.08 9873.25 9873.88 9869.48 9867.62 9866.46 9854.76 9853.68 9856.94 9860.43 9861.25 9862.62 9865.69 9873.66 9891.12 9916.2 9906.58 9903.52 9910.14 9897.22 9909.93 9917.55 9918.93 9920.17 9925.31 9929.79 9928.93 9925.28 9924.34 9924.53 9923.28 9918.1 9913.44 9909.98 9907.34 9904.64 9902.43 9902.23 9892.01 9891.52 9896.84 9901.46 9904.07 9901.84 9897.38 9896.78 9896.56 9896.32
9977 9974.88 9982.93 9963.67 9929.69 9889.71 9863.87 9866.63 9885.56 9901.84 9915.54 9926.06 9930.11 9921.46 9900.58 9886.21 9876.53 9868.8 9866.41 9869.22 9874.16 9874.16 9869.52 9865.06 9858.27 9855.95 9855.3 9855.9 9858.2 9860.95 9862.83 9864.27 9866.23 9869.47 9882.92 9880.04 9874.67 9865.77 9868.19 9888.24 9897.25 9900.28 9909.51 9918.35 9923.97 9925.87 9926.3 9924.05 9924.22 9928.8 9920.48 9916.54 9909.84 9905.68 9902.78 9900.2 9896.22 9883.39 9887.71 9895.26 9900.13 9902.62 9901.22 9898.51 9896.14 9894.67 9893.85
9975.99 9990.39 10008.3 9981.69 9940.9 9897.69 9871.58 9863.22 9892.46 9918.74 9944.17 9970.91 9977.2 9957.59 9924.99 9902.85 9885.21 9873.96 9871.48 9873.49 9871.77 9872.15 9868.46 9862.6 9855.84 9853.94 9854.66 9855.62 9857.15 9859.64 9863.12 9860.89 9858.21 9858.01 9863.96 9861.04 9858.33 9856.81 9868.69 9873.49 9882.88 9890.91 9898.61 9909.1 9921.77 9929.39 9924.71 9920.28 9912.8 9906.89 9910.76 9909.26 9906.37 9903.72 9901.58 9898.59 9893.29 9891.65 9894.53 9897.51 9900.56 9903.82 9906.93 9900.13 9895.31 9892.71 9891.37
9954.98 9971.9 9986.93 9951.44 9898.45 9883.18 9883.17 9891.04 9910.22 9935.5 9963.93 9993.98 10006 9995.38 9975.84 9921.51 9900.49 9883.21 9879.74 9882.23 9891.57 9879.11 9869.05 9861.41 9853.4 9852.1 9852.58 9854.71 9857.04 9858.37 9857.21 9855.5 9853.98 9856.73 9864.29 9857.66 9860.27 9867.48 9874.21 9868.39 9869.37 9880.02 9890.52 9901.83 9912.27 9917.46 9918.81 9917.68 9911.8 9903.57 9901.65 9900.74 9900.67 9900.14 9899.73 9899.2 9898.84 9901.34 9902.66 9900.17 9900.08 9901.31 9902.63 9896.41 9891.72 9890.42 9889.81
9958.07 9966.97 9973.22 9927.5 9880.18 9875.25 9868.51 9910.52 9927.2 9947.44 9972.22 9993.2 10004.2 10016.6 10006.8 9959.17 9925.59 9900.35 9895.12 9889.92 9875.43 9881.05 9872.99 9862.2 9853.43 9852.21 9852.78 9855 9858.98 9860.58 9858.62 9855.6 9852.87 9855.84 9861.56 9861.59 9867.59 9874.19 9871.82 9861.85 9859.98 9870.42 9886.68 9894.95 9901.85 9902.81 9913.35 9916.72 9920.92 9911.17 9894.24 9891.92 9896.72 9898.97 9899.74 9901 9904.55 9910.65 9902.06 9899.32 9897.36 9894.63 9890.25 9889.83 9888.34 9888.59 9889.19
9935.45 9947.63 9958.89 9927.8 9901.53 9904.68 9923.69 9931.09 9939.53 9952.82 9970.59 9993.52 10017 10013.6 10022.2 10015.1 9960.58 9919.79 9927.61 9923.89 9905.34 9899.62 9884.8 9866.43 9855.6 9852.31 9850.46 9856.84 9863.5 9867.6 9867.89 9863.86 9857.18 9852.42 9856.14 9866.07 9870.17 9872.11 9867.8 9868.51 9860.86 9865.38 9871.88 9886.97 9900.34 9915.61 9911.5 9909.37 9912.3 9907 9891 9893.08 9898.43 9901.12 9901.38 9901.41 9901.36 9898.99 9896.71 9896.69 9894.7 9891.78 9889.22 9888.16 9888.03 9888.28 9888.86
9939.71 9931.44 9929.14 9937.78 9935.62 9934.04 9941.41 9936.7 9944.05 9952.4 9959.58 9965.93 9970.38 9971.17 9993.65 10012 10004.7 9990.71 9984.82 9985.47 9973.32 9935.58 9906.19 9879.07 9866.6 9856.33 9853.94 9861.69 9869.68 9877.8 9884.26 9882.64 9871.77 9861.32 9861.36 9869.23 9864.98 9868.84 9870.33 9874.99 9867.63 9867.5 9873.03 9883.46 9893.82 9898.21 9898.97 9896.2 9894.34 9903.3 9908.13 9907.66 9906.61 9904.82 9902.37 9899.2 9895.87 9894.98 9895.99 9896.07 9893.57 9891.09 9889.31 9888.56 9888.91 9889.33 9889.85
9948.59 9930.74 9920.15 9923.83 9933.82 9948.09 9954.62 9941.71 9948.85 9951.04 9949.22 9939.06 9914.68 9930.67 9954.29 9993.79 10038.2 10046.5 10031.6 10025.2 10003.6 9959.18 9922.73 9911.27 9880.69 9865.98 9863.91 9869.73 9875.67 9887.18 9902.47 9914.68 9889.88 9876.49 9883.66 9868.32 9856.95 9861.8 9867.56 9868.38 9867.46 9872.9 9877.47 9884.61 9888.04 9886.52 9887.19 9886.86 9887.84 9909.15 9933.37 9923.37 9915.76 9910.33 9904.72 9898.5 9891.18 9885.07 9898.78 9894.62 9892.18 9890.17 9889.84 9890.11 9889.86 9891.78 9892.57
9968.36 9951.51 9934.32 9921.26 9932.61 9948.93 9971.54 9967.41 9963.04 9957.69 9951.76 9946.04 9946.64 9963.38 9992.28 10035 10054.6 10054.5 10048.8 10045 10013.3 9964.91 9916.64 9878.04 9874.51 9870.89 9869.93 9870.41 9875.86 9886.69 9897.94 9900.95 9885 9876.09 9878.87 9871.92 9862.28 9864.16 9863.92 9861.38 9866.67 9880.21 9890.48 9889.79 9889.43 9886.29 9886.26 9887.64 9889.85 9910.51 9925.73 9926.33 9920.44 9914 9907.95 9901.67 9893.63 9883.91 9884.05 9887.42 9890.48 9893.12 9892.95 9893.8 9897.48 9896.63 9896.11
9972.76 9971.15 9960.85 9950.36 9948.62 9946.52 9955.48 9990.49 9973.47 9966.15 9961.52 9962.38 9978.81 10008 10031.4 10059.5 10040.2 10033.2 10039.6 10043 10010.9 9959.52 9910.48 9878.63 9872.12 9872.62 9862.96 9863.36 9872.56 9880.22 9884.54 9880.23 9871.27 9865.15 9857.91 9860.09 9860.58 9865.03 9869.48 9868.39 9871.33 9883.02 9892.28 9896.18 9896.88 9896.33 9896.88 9899.01 9905.48 9916.31 9925.75 9926.1 9922.2 9917.03 9912.5 9907.17 9902.56 9899.96 9889.08 9886.43 9889.03 9893.04 9893.22 9894.9 9898.69 9897.85 9897.6
9975.86 9973.3 9975.27 9976.62 9979.52 9978.52 9971.76 9969.47 9974.54 9972.53 9971.01 9973.57 9981.32 10006.7 10028.4 10024 10001.4 10008.4 10012.5 10008.4 9986.67 9949.05 9906.27 9878.54 9879.18 9880.78 9870 9865.95 9870.72 9874.29 9874.56 9871.84 9867.66 9858.39 9851.87 9851.31 9857.4 9863.34 9869.78 9869.56 9880.56 9893.85 9901.28 9904.36 9905.4 9907.51 9907.25 9904.78 9910.26 9918.74 9925.72 9925.61 9923.28 9919.78 9915.74 9911.85 9909.45 9907.69 9900.3 9890.68 9886.34 9886.13 9888.9 9891.87 9892.31 9895.73 9898.73
9980.95 9986.38 9993.52 10001.9 10011.8 10029.4 10015.2 9980.95 9984.71 9982.94 9979.05 9979.55 9995.12 10041.1 10025.5 10013.6 10008.6 9995.21 9988.9 9973.46 9966.5 9944.84 9913.79 9893.32 9893.93 9892.45 9883.17 9875.54 9873.06 9871.36 9868.31 9862.94 9857.62 9853.45 9850.14 9851.97 9857.74 9862.04 9865.48 9876.19 9894.23 9911.71 9913.98 9911.73 9911.39 9911.78 9910.99 9900.78 9900.25 9915.04 9921.88 9923.28 9922.93 9920.68 9917.13 9914.51 9911.85 9908.73 9903.55 9892.64 9882.29 9877.55 9884.65 9891.7 9898.29 9902.27 9901.04
9991.23 10003.4 10011.5 10018.1 10028.4 10041.7 10037.9 10022.7 10008.5 9994.45 9983.21 9974.44 9971.28 9981.74 9983.35 9971.59 9967.81 9976.43 9982.28 9979.46 9967.34 9950.41 9933.67 9917.5 9906.3 9900.83 9891.45 9883 9876.27 9870.52 9865.32 9858.95 9852.73 9851.32 9850.47 9852.42 9855.47 9862.73 9873.49 9892.18 9906.35 9920.78 9917.43 9914.3 9912.79 9912.35 9912.68 9914.62 9913.71 9907.37 9915.15 9922.18 9922.95 9921.11 9918.29 9914.98 9911.08 9907.22 9901.03 9889.23 9882.17 9878.49 9884.52 9892.39 9901.17 9904.84 9901.63
10007 10025.2 10025.5 10026.1 10028.9 10034.1 10042.9 10051.5 10029.1 10002.4 9981.1 9964.25 9943.43 9928.02 9933.48 9925.36 9926.73 9955.49 9979.95 9988.88 9968.95 9952.99 9942.89 9926.4 9914.19 9899.1 9896.13 9889.07 9877.99 9869.74 9863.86 9860.35 9852.63 9851.84 9851.88 9852.68 9857.82 9868.03 9875.77 9893.42 9903.77 9908.85 9910.93 9910.52 9910.08 9909.79 9909.15 9913.99 9921.19 9931.55 9927.37 9925.17 9923.32 9920.7 9917.87 9914.65 9909.42 9902.32 9892.31 9892.88 9886.98 9884.3 9888.02 9892.85 9896.01 9896.09 9900.23
10010.9 10034.2 10020.3 10020.8 10024.4 10026.4 10035.7 10044.5 10025.3 10002 9981.62 9959.9 9935.61 9913.28 9914.3 9912.69 9926.17 9936.79 9955.43 9965.57 9955.34 9944.61 9928.9 9921.92 9920.23 9915.27 9897.8 9887.71 9875.42 9866.75 9861.05 9857.33 9855.06 9852.83 9853.11 9853.63 9868.83 9879.23 9881.37 9886.16 9889.21 9894.39 9899.72 9903.36 9906.16 9907.52 9907.33 9909.96 9920.77 9929.62 9930.84 9927.88 9924.81 9921.55 9917.95 9913.43 9908.67 9902.82 9899.16 9896.32 9894.26 9893.05 9891.94 9894.4 9898.46 9903.4 9902.05
9984.08 9997.79 10004.6 10013.5 10023.4 10026.1 10025.2 10011.2 10002.6 9995.96 9981.91 9963.58 9945.7 9933.73 9910.37 9900.54 9900.96 9911.7 9917.89 9925.82 9930.75 9929.48 9926.38 9912.56 9903.67 9896.71 9887.74 9875.87 9868.16 9861.44 9857.22 9855.97 9856.25 9853.43 9854.57 9857.65 9878.45 9883.28 9891.76 9884.91 9879.99 9883.34 9889.46 9896.52 9902.51 9907.13 9911.73 9915.65 9920.13 9924.33 9929.01 9928.11 9924.52 9920.71 9916.55 9912.48 9907.79 9904.37 9902.57 9890.71 9891.91 9892.66 9893.25 9894.85 9898.47 9903.27 9901.85
9968.54 9979.19 9993.71 10008.4 10025.7 10035 10023.8 10011.3 10005.4 9997.73 9988.67 9971.7 9944.59 9922.03 9904.88 9891.45 9888.04 9893.65 9905.21 9905.82 9905.64 9903.46 9898.3 9892.43 9887.04 9882.52 9876.7 9867.66 9860.6 9856.82 9853.14 9852.57 9854.98 9856.9 9860.77 9867.4 9882.73 9871.16 9868.87 9872.64 9868.5 9871.22 9881.79 9891.02 9899.92 9907.85 9915.46 9908.62 9921.77 9931.54 9930.94 9928.78 9925.81 9921.91 9917.43 9912.83 9907.78 9902.2 9895.23 9892.04 9891.34 9891.52 9892.15 9893.07 9893.83 9894.7 9898.32
9976.8 9979.56 9986.68 10000.9 10015.7 10025.6 10019.8 10014.9 10009.1 10004.6 9999.69 9989.87 9967.86 9924.92 9906.58 9907.59 9892.44 9887.07 9876.52 9884.06 9886.2 9878.42 9867.66 9877.73 9879.37 9879.71 9875.09 9862.2 9859.92 9859.3 9854.54 9856.94 9873.18 9867.58 9875.78 9883.96 9879.59 9868.67 9865.59 9863.43 9860 9866.24 9877.75 9889.38 9899.9 9908.44 9913.47 9914.84 9926.39 9935.23 9934.01 9931.91 9928.79 9924.24 9918.8 9913.89 9908.4 9902.5 9896.38 9892.08 9891.03 9890.63 9890.5 9890.92 9890.9 9889.29 9896.56
9970.96 9978.44 9987.07 9995.24 9998.07 10003.5 10012 10008.5 10006.2 10011.8 10013.7 10011.8 10004.2 9948.18 9923.17 9926.3 9921.56 9906.92 9881.82 9883.64 9882.26 9877.43 9875.2 9880.02 9885.03 9888.39 9888.18 9886.1 9881.54 9873.27 9865.69 9869.37 9885.06 9896.19 9897.99 9898.01 9880.48 9869.89 9865.14 9862.13 9860.91 9868.83 9880.19 9891.24 9901.55 9910.8 9917.93 9923.27 9926.85 9932.49 9934.93 9934.5 9931.54 9927.23 9921.87 9916.25 9910.38 9904.21 9898.43 9892.74 9892.03 9890.05 9889.25 9889.6 9891.11 9895.51 9901.24
9981.44 9983.74 9987.59 9997.84 10007.4 10010.3 10013.8 10016.3 10018.8 10023.2 10026.8 10026.9 10019.3 9993.34 9960.33 9931.64 9940.7 9933.99 9917.21 9902.05 9892.44 9882.34 9882.27 9893.37 9903.51 9906.25 9907.37 9909.46 9904.99 9892.56 9879.55 9878.14 9886.95 9902.82 9900.12 9890.34 9875.42 9866.74 9861.11 9868.38 9872.75 9876.35 9884.55 9894.53 9904.58 9914.73 9925.29 9929.21 9929.35 9934.82 9939.01 9938.61 9935.06 9930.35 9923.47 9917.6 9910.54 9904.98 9900.27 9896.31 9890.75 9889.24 9889.4 9889.92 9891.57 9896.96 9901.17
9997.71 9999.85 10002 10004.6 10008.6 10013.8 10019.3 10024.7 10029.3 10034.4 10038.5 10039 10031.9 10025.2 10001 9966 9960.16 9952.05 9935.03 9921.39 9910.6 9898.81 9898.7 9913.4 9924.35 9925.11 9924.58 9922.97 9918.32 9913.63 9905.94 9892.94 9881.43 9892.79 9885.78 9872.81 9866.58 9864.6 9864.33 9878.68 9890.61 9883.29 9889.46 9898.82 9908.67 9917.01 9924.62 9925.17 9940.17 9944.47 9946.42 9944.43 9939.31 9932.27 9928.07 9921.46 9913.23 9905.56 9899.42 9892.56 9885.37 9888.28 9889.6 9889.45 9889.1 9887.04 9887.98
