real_craters/C148-300m.grd
DSAA
317 317
-47.46 47.46
-47.46 47.46
8597.6448971219 10482.966271375
[rows 150 to 179 of 317, columns 0 to 66 of 317]
9837.92 9838.29 9838.39 9838.46 9839.06 9839.48 9839.33 9838.96 9838.68 9838.92 9840.29 9841.74 9843.27 9839.92 9838.43 9839.11 9840.32 9840.4 9841.86 9843.38 9844.59 9845.44 9845.97 9846.12 9846.04 9845.95 9845.78 9845.68 9845.77 9845.47 9845.35 9845.23 9844.65 9843.68 9843.31 9842.67 9842.26 9842.61 9843.65 9844.59 9845.94 9848.54 9851.93 9854.74 9856.6 9858.57 9862.43 9865.03 9863.25 9864.92 9867.69 9875.53 9884.17 9890.12 9898.73 9906.73 9912.23 9916.19 9918.98 9919.85 9921.39 9923.18 9924.5 9925.84 9926.14 9925.75 9925.41
9838.81 9839.13 9839.12 9839.21 9840.45 9841.15 9840.8 9840.12 9839.32 9838.94 9839.67 9840.42 9838.59 9838.08 9838.05 9838.85 9839.65 9840.54 9842.17 9843.9 9845.7 9846.33 9846.53 9846.66 9846.61 9846.54 9846.46 9846.36 9846.11 9846.33 9846.07 9845.99 9845.91 9845.49 9844.92 9844.45 9844.14 9843.92 9844.03 9844.77 9846.04 9847.98 9850.57 9852.42 9854.8 9857.53 9859.72 9860.3 9864.26 9867.96 9867.62 9876.59 9887.32 9895.64 9900.82 9906.03 9910.37 9913.99 9917.9 9920.43 9920.06 9922.62 9924.87 9927.17 9930.3 9935.76 9948.26
9839.83 9840.84 9841.26 9841.92 9843.24 9843.69 9843.16 9841.83 9840.04 9838.16 9836.48 9837.65 9838.89 9839.11 9839.38 9839.63 9839.35 9840.83 9842.7 9844.34 9845.22 9846.54 9846.99 9847.07 9847.02 9846.95 9846.84 9846.68 9846.93 9846.91 9846.86 9846.95 9847.31 9848.12 9847.68 9847 9845.88 9845.01 9844.5 9844.71 9845.38 9846.38 9847.47 9848.9 9852.18 9855.51 9857.82 9858.58 9856.37 9854.27 9863.26 9877.19 9891.85 9905.84 9906.27 9907.06 9909.24 9911.79 9914.98 9917.51 9918.96 9921.66 9924.12 9927.65 9932.01 9937.75 9940.87
9841.45 9844.66 9845.81 9846.67 9848.02 9847.9 9846.53 9844.31 9841.59 9838.42 9836.05 9838.07 9841.32 9842.88 9842.8 9842.32 9841.17 9841.56 9843.59 9845.83 9847.72 9847.5 9847.55 9847.54 9847.45 9847.38 9847.34 9847.45 9847.42 9847.43 9847.52 9847.64 9848.1 9848.47 9848.88 9848.43 9847.62 9846.22 9845.02 9844.75 9844.69 9844.72 9844.94 9846.09 9850.42 9854.57 9857.29 9859.21 9856.11 9854.51 9863.9 9878.41 9893.24 9905.6 9905.48 9905.43 9907.73 9910.85 9913.71 9916.62 9918.6 9921.23 9924.04 9927.48 9930.9 9933.41 9931.91
9844.94 9850.15 9852.59 9853.73 9853.96 9852.49 9849.84 9847.24 9843.86 9840.52 9838.15 9840.42 9843.27 9845.67 9845.71 9845.83 9845.09 9843.28 9844.99 9846.19 9847.57 9847.83 9847.8 9847.79 9847.73 9847.7 9847.73 9847.91 9847.94 9847.98 9848.16 9848.19 9848.52 9849.62 9850.64 9851.21 9849.74 9847.72 9846.11 9845.13 9844.54 9844.02 9843.86 9846.26 9851.21 9855.84 9859.15 9859.84 9864.52 9865.8 9871.93 9882.02 9892.11 9898.69 9900.24 9901.38 9905.59 9909.84 9913.26 9916.88 9918.44 9920.19 9922.43 9924.71 9926.72 9927.18 9921.08
9847.39 9856.47 9861.76 9862.64 9861.42 9857.76 9853.56 9849.58 9846.07 9843.71 9842.5 9843.59 9846.06 9846.52 9846.63 9847.16 9848.41 9847.89 9846.4 9846.58 9846.65 9847.4 9847.65 9847.75 9847.9 9847.9 9847.99 9848.2 9848.52 9848.64 9848.7 9848.79 9848.81 9849.61 9852.34 9853.74 9851.89 9848.77 9846.94 9846.2 9845.85 9845.45 9845.17 9849.26 9854.9 9859.69 9864.43 9870.65 9882.35 9884.71 9884.04 9885.93 9891.25 9896.27 9896.54 9898.9 9904.78 9910.26 9914.09 9916.64 9917.47 9919.82 9920.98 9921.39 9921.19 9920.13 9916.2
9845.3 9859.92 9878.26 9875.84 9868.3 9861.65 9856.12 9851.51 9847.7 9845.12 9844.08 9844.21 9846.38 9848.22 9845.49 9844.2 9844.5 9845.01 9845.73 9847.09 9847.88 9847.31 9847.34 9847.55 9847.8 9848.19 9848.35 9848.66 9848.76 9849.02 9849.25 9849.63 9850.54 9852.11 9854.47 9856.46 9854.11 9849.65 9847.68 9848.07 9848.56 9849.41 9851.12 9856.51 9860.11 9864.13 9869.25 9876.15 9888.11 9891.81 9890.12 9886.51 9885.64 9889.89 9895.15 9898.97 9906.22 9911.15 9914.21 9916.06 9917.52 9918.22 9918.33 9918.19 9916.29 9912.96 9910.94
9835.05 9842.07 9863.53 9874.45 9866.98 9861.63 9856.63 9851.99 9848.03 9845.16 9842.99 9842.52 9842.37 9842.05 9842.38 9841.07 9841.09 9842.5 9843.64 9844.54 9845.62 9846.21 9846.72 9847.25 9847.81 9848.35 9848.83 9849.33 9849.7 9849.99 9850.17 9850.4 9851.34 9853.45 9855.95 9858 9856.22 9852.38 9850.98 9851.49 9852.44 9854.08 9857.39 9861.3 9863.89 9867.71 9872.36 9877 9880.54 9883.09 9885.01 9885.98 9883.86 9891.18 9901.01 9907.34 9913.07 9915.3 9916.2 9916.84 9917.09 9917.13 9916.98 9916.24 9914.27 9910.62 9905.21
9823.46 9816.6 9818.51 9846.47 9857.44 9858.66 9855.62 9851.27 9846.93 9844.01 9842.09 9840.51 9839.73 9839.59 9840.7 9841.38 9841.36 9841.52 9842 9842.22 9843.49 9845.01 9846.14 9847.06 9847.89 9848.67 9849.4 9850.05 9850.66 9851.12 9851.45 9851.48 9851.17 9853.73 9857.12 9858.91 9858.64 9857.03 9855.96 9856.1 9856.97 9858.08 9859.83 9861.96 9865.83 9870.54 9874.86 9878.94 9879.57 9876.89 9881.57 9891.33 9900.51 9904.42 9912.45 9923.44 9922.64 9919.53 9917.87 9917.31 9916.77 9916.32 9915.23 9913.94 9911.42 9907.73 9903.15
9820.66 9814.37 9820.46 9839.53 9854.63 9857.52 9854.71 9849.94 9844.77 9839.96 9838.65 9838.72 9838.66 9839.05 9840.53 9841.59 9841.63 9841.29 9841.49 9841.83 9842.89 9844.23 9845.57 9846.8 9847.91 9848.93 9850.2 9851.12 9851.91 9852.58 9852.94 9853.67 9854.48 9856.59 9859.38 9861.47 9861.84 9861.16 9860.51 9860.97 9862.02 9862.79 9862.8 9863.67 9868.94 9874.53 9878.16 9881.2 9881.8 9880.28 9890.23 9899.18 9911.78 9911.62 9916.83 9923.72 9922.2 9920 9918.38 9917.27 9916.37 9915.21 9913.76 9912.15 9909.26 9906.25 9903.58
9827.38 9823.57 9835.17 9857.7 9862.77 9859.28 9854.24 9848.67 9843.11 9838.42 9837.53 9838.35 9839.24 9839.88 9840.83 9842.29 9841.92 9841.82 9841.84 9842.03 9842.93 9844.35 9845.76 9846.98 9848.16 9849.43 9850.61 9851.71 9852.82 9853.94 9855.15 9856.37 9858.27 9859.77 9862.04 9864.22 9864.94 9863.21 9863.87 9865.35 9867.69 9870.25 9872.21 9875.13 9878.55 9880.43 9881.9 9881.59 9878.64 9885.91 9904.19 9906.8 9895.14 9910.63 9915.48 9915.53 9917.37 9918.4 9917.75 9916.73 9915.65 9914.55 9912.88 9910.69 9907.83 9905.44 9902.74
9841.27 9845.77 9855.4 9873.85 9867.11 9859.3 9853.13 9847.42 9842.13 9838.28 9837.59 9838.61 9840.44 9840.75 9840.78 9840.56 9841.39 9842.09 9842.22 9842.31 9843.24 9844.53 9845.85 9847.27 9848.88 9850.38 9851.77 9853.22 9854.59 9856.16 9857.53 9858.87 9859.77 9862.02 9864.04 9866.11 9867.45 9866.06 9866.66 9868.99 9872.62 9877.74 9882.2 9885.57 9886.73 9885.86 9886.53 9888.19 9888.74 9894.28 9919.73 9924.88 9924.83 9917.02 9916.72 9917.35 9917.28 9916.76 9916.14 9915.72 9914.68 9913.74 9912.56 9911.15 9908.93 9905.68 9902.1
9852.13 9865.35 9864.29 9859.79 9858.11 9855.07 9850.64 9845.88 9841.55 9838.48 9838.48 9839.14 9839.66 9841.29 9840.91 9840.46 9840.95 9841.54 9841.94 9842.45 9843.52 9844.85 9846.41 9848.05 9849.68 9851.6 9853.16 9854.83 9856.39 9857.95 9859.63 9861.64 9863.5 9864.04 9865.11 9865.83 9865.35 9865.46 9868.09 9871.39 9875.25 9879.84 9883.94 9885.98 9887.35 9888.48 9890.23 9891.99 9890.15 9899.71 9926.64 9928.71 9922.55 9919.47 9917.14 9915.69 9914.69 9914.78 9914.59 9914.17 9913.42 9912.57 9911.61 9910.63 9909.35 9905.7 9902.91
9851.69 9858.36 9857.85 9852.75 9851.12 9850.52 9847.97 9844.29 9840.82 9839.33 9839.62 9840.42 9841.07 9840.82 9840.38 9840.28 9840.65 9841.28 9841.83 9842.44 9843.71 9845.28 9847.05 9848.89 9850.79 9852.64 9854.42 9856.35 9858.04 9859.84 9861.28 9862.66 9864.15 9864.91 9865.69 9866.17 9866.18 9866.41 9869.27 9872.71 9876.36 9879.49 9882.36 9884.53 9886.31 9889.44 9892.88 9895.33 9898.02 9907.99 9923.85 9921.26 9918.1 9917.43 9916.12 9913.92 9912.27 9912.96 9912.98 9912.64 9911.79 9910.82 9909.93 9908.82 9906.51 9903.6 9901.34
9846.18 9848.4 9850.3 9849.1 9848.14 9848.09 9846.5 9843.43 9839.42 9838.38 9840.85 9842.39 9842.35 9841.3 9840.13 9839.94 9840.46 9841.04 9841.48 9842.39 9844.06 9845.82 9847.68 9849.69 9851.74 9854.12 9856.09 9858.18 9859.86 9861.47 9862.64 9863.03 9863.8 9865.11 9865.74 9866.48 9868.44 9868.09 9869.95 9873.52 9877.47 9881 9882.89 9884 9885.75 9889.79 9894.85 9899.67 9905.71 9909.8 9908.45 9907.22 9913.92 9915.59 9915.25 9913.92 9912.8 9912.93 9912.26 9911.07 9909.82 9908.45 9907.25 9906.05 9903.5 9899.8 9896.7
9841.96 9843.61 9846.28 9847.03 9847.45 9848.31 9847.1 9844.95 9841.85 9841.06 9843.28 9845.47 9845.16 9842.54 9840.63 9840.19 9840.6 9841.17 9841.8 9842.95 9844.68 9846.57 9848.59 9850.84 9852.94 9855.07 9857.34 9859.34 9861.32 9863.06 9864.37 9865.53 9865.63 9865.43 9865.29 9865.11 9865.19 9866.28 9869.42 9873.9 9878.5 9881.88 9883.74 9884.25 9885.13 9889.81 9894.97 9896.76 9904.04 9908.69 9909.16 9910.77 9914.76 9914.74 9914.51 9914.76 9915.65 9913.96 9911.75 9910.15 9908.4 9906.21 9904.33 9902.21 9898.71 9894.95 9891.49
9838.97 9841.17 9844.88 9849.12 9851.92 9849.85 9848.02 9847.14 9847.71 9846.33 9845.61 9846.25 9845.15 9842.45 9841.1 9840.78 9841 9841.56 9842.27 9843.49 9845.28 9847.19 9849.24 9851.43 9853.74 9856.01 9858.37 9860.69 9862.87 9864.88 9866.28 9866.31 9866.37 9865.65 9864.63 9863.6 9862.29 9863.64 9868.07 9873.65 9879.92 9884.37 9885.78 9886.2 9887.25 9891.83 9896.01 9896.24 9903.06 9908.71 9913.28 9917.32 9915.19 9913.85 9913.42 9914.08 9915.04 9912.69 9910.6 9908.4 9906.21 9903.81 9901.02 9898.17 9894.33 9890.52 9887.82
9836.56 9838.71 9843.32 9848.35 9852.02 9849.04 9847.22 9846.86 9847.78 9846.97 9846.2 9845.1 9844.26 9842.43 9840.93 9841.09 9841.47 9842.06 9842.73 9843.88 9845.69 9847.64 9849.74 9851.98 9854.28 9856.79 9859.22 9861.91 9864.4 9866.67 9868.75 9869.61 9867.99 9865.66 9863.63 9862.39 9862.2 9862.08 9866.1 9872.35 9880.13 9886.53 9887.65 9889.11 9891.97 9896.39 9900.25 9899.99 9907.05 9911.71 9913.02 9914.46 9912.7 9911.86 9911.61 9911.57 9910.54 9909.71 9908.96 9907.44 9905.31 9902.34 9898.4 9894.1 9890.8 9887.5 9887.59
9836.64 9838.3 9841.12 9843.81 9845.16 9844.73 9844.22 9843.86 9844.28 9844.8 9845.48 9846.2 9844.43 9842.9 9841.83 9841.71 9841.92 9842.47 9843.2 9844.21 9846.21 9848.24 9850.5 9852.9 9855.2 9857.69 9860.01 9862.53 9864.94 9867.49 9870.11 9872 9868.48 9864.97 9861.62 9859.48 9858.94 9859.02 9863.12 9868.95 9876.91 9883.66 9887.23 9891.19 9895.67 9902.76 9909.45 9911.4 9915.65 9919.71 9917.53 9910.56 9907.68 9909.08 9910.26 9910.15 9908.8 9908.56 9908.55 9907.5 9905.49 9902.43 9898 9893.27 9890.34 9886.72 9887.83
9836.53 9837.68 9839.12 9839.66 9838.36 9840.29 9841.05 9840.57 9839.91 9842.08 9843.63 9844.88 9843.7 9842.63 9842.23 9842.15 9842.36 9842.8 9843.37 9844.7 9846.76 9849.08 9851.37 9853.6 9856.19 9858.21 9860.64 9862.9 9865.26 9867.38 9869.15 9869.29 9867.11 9863.64 9859.71 9855.47 9853.84 9856.69 9859.4 9863.44 9869.57 9877.31 9884.82 9893.09 9901.5 9911.57 9920 9921.15 9923.19 9923.87 9921.19 9909.79 9905.92 9908.63 9909.89 9910.65 9910.13 9909.82 9909.57 9908.26 9906.5 9904.36 9901.68 9897.53 9893.75 9891.08 9892.12
9836.26 9837.3 9838.38 9838.49 9837.89 9839.01 9839.73 9839.49 9839.51 9840.86 9841.82 9841.87 9842.59 9842.12 9841.55 9842.19 9842.98 9843.64 9844.33 9845.85 9847.7 9849.86 9851.99 9854.15 9856.47 9858.48 9860.77 9863 9865.11 9866.87 9867.83 9867.32 9865.49 9862.44 9858.86 9854.85 9853.12 9854.09 9856.42 9857.76 9859.5 9868.51 9881.47 9894.32 9907.91 9920.75 9928.88 9927.42 9927.65 9929.65 9924.62 9919.68 9914.87 9912.43 9911.9 9912.09 9912.46 9912.56 9911.34 9909.67 9907.93 9906.45 9905.54 9901.82 9897.38 9897.08 9896.74
9836.32 9837.72 9838.71 9839.39 9839.87 9840.47 9840.31 9839.86 9839.94 9840.92 9841.93 9842.62 9842.76 9842.57 9842.29 9843.13 9844.28 9845.2 9846.39 9847.84 9848.97 9850.74 9852.71 9854.79 9856.77 9858.97 9860.87 9862.82 9864.59 9866.05 9867.06 9866.33 9864.19 9861.62 9859.2 9857.5 9856.3 9856.74 9856.17 9855.7 9855.41 9864.99 9879.05 9893.28 9908.31 9921.18 9926.84 9925.83 9926.24 9925.96 9925.16 9924.38 9920.22 9914.95 9913.05 9913.07 9914.03 9914.46 9912.42 9910.55 9908.5 9906.56 9904.89 9901.17 9896.6 9895.05 9894.91
9838.99 9838.8 9839.37 9840.62 9842.7 9842.77 9841.43 9840.85 9840.97 9841.65 9842.54 9843.43 9843.94 9843.93 9843.58 9844.64 9846.49 9847.61 9848.24 9848.82 9849.93 9851.64 9853.64 9855.46 9857.33 9859.07 9860.83 9862.47 9863.89 9864.87 9865.49 9864.68 9862.78 9860.54 9858.64 9858.96 9857.68 9857.57 9857.08 9857.46 9860.12 9866.9 9877.66 9890.1 9902.29 9912.79 9917.06 9918.03 9920.22 9922.65 9918.44 9920.88 9916.92 9913.43 9912.5 9913.03 9913.54 9913.33 9912.5 9910.98 9908.9 9905.87 9901.17 9898.71 9893.82 9886.48 9890.17
9838.86 9838.81 9839.32 9840.44 9841.9 9842.19 9841.61 9841.61 9842.04 9842.73 9843.27 9844.58 9846 9846.42 9845.85 9847.24 9849.64 9851.47 9850.8 9849.48 9851.02 9852.76 9854.4 9856.14 9857.83 9859.22 9860.64 9862.02 9863.21 9863.96 9862.75 9862.75 9861.4 9859.24 9856.76 9853.54 9855.56 9857.18 9857.22 9858.39 9862.68 9867.37 9875.27 9885.1 9895.65 9905.68 9904.88 9906.94 9910.86 9913.75 9910.68 9910.24 9908.18 9909.94 9911.15 9912.26 9912.95 9913.28 9912.59 9911.29 9909.58 9907.43 9904.4 9900.09 9896.26 9893.34 9892.26
9836.06 9837.48 9838.47 9839.42 9839.68 9839.87 9841.29 9842.06 9843.14 9844.33 9845.26 9846.77 9848.53 9850.62 9850.14 9850.51 9852.04 9855.44 9853.33 9851.72 9852.48 9853.98 9855.58 9856.95 9858.2 9859.31 9860.37 9861.3 9862.19 9863.45 9866.01 9862.65 9860.28 9858.31 9856.5 9854.98 9855.57 9855.82 9857.15 9858 9859.21 9865.18 9871.45 9878.17 9884.86 9890.99 9889.96 9893.53 9899.47 9905.52 9907.56 9903.49 9904.1 9907.14 9909.93 9911.83 9912.91 9913.61 9912.81 9911.78 9910.59 9909.31 9906.87 9902.52 9899.89 9898.71 9896.02
9835.04 9836.19 9837.5 9838.74 9839.73 9840.6 9841.79 9842.74 9844.33 9846.26 9848.48 9849.16 9849.98 9851.04 9851.11 9851.43 9852.23 9851.91 9853.35 9853.41 9854.13 9855.48 9856.75 9857.83 9858.63 9859.37 9859.9 9860.09 9860.44 9860.64 9860.66 9860.07 9858.65 9857.47 9856.88 9857 9857.01 9858.89 9859.5 9859.35 9860.89 9863.53 9867.4 9871.11 9873 9870.81 9872.48 9880.47 9887.64 9894.09 9899.18 9901.61 9903.11 9906.17 9909.57 9912.04 9913.08 9912.56 9912.53 9912.59 9911.6 9910.09 9907.18 9902.4 9899.93 9900.54 9897.48
9833.27 9834.99 9836.74 9838.38 9840.25 9842.73 9841.59 9843.35 9844.96 9847.67 9849.88 9850.86 9851.07 9850.59 9851.43 9852.03 9853.28 9854.1 9854.57 9854.74 9855.85 9857.16 9858.11 9858.68 9859.21 9859.42 9859.37 9859.18 9858.7 9857.69 9856.83 9857.2 9856.78 9856.17 9855.92 9856.24 9856.9 9858.1 9858.54 9858.74 9859.87 9861.63 9864.18 9866.31 9867.16 9866.36 9867.31 9871.84 9877.58 9882.75 9888.59 9898.29 9902.26 9906.84 9910.65 9913.53 9915.03 9914.33 9914.35 9914.64 9912.44 9909.26 9905.95 9901.29 9893.57 9893.14 9901.98
9831.64 9834.19 9836.33 9838.03 9839.19 9838.63 9839.53 9840.33 9844.88 9848.68 9851.57 9852.04 9853 9853.68 9853.1 9853.74 9854.88 9856.4 9856.92 9856.98 9858.6 9859.72 9859.93 9859.9 9859.51 9859.31 9859.1 9858.52 9857.6 9856.23 9855.4 9855.56 9855.32 9854.83 9854.37 9854.74 9855.87 9856.62 9856.44 9855.96 9857.21 9859.62 9862.1 9863.99 9864.82 9865.74 9864.64 9866.77 9870.48 9875.34 9884.94 9896.05 9905.19 9909.08 9912.51 9915.95 9919.13 9922.63 9923.49 9918.39 9913.26 9910.25 9907.02 9904.63 9902.47 9903.5 9912.13
9831.95 9834.36 9836.67 9838.21 9839.4 9840.14 9840.92 9842.64 9845.8 9849.24 9851.53 9852.29 9852.05 9852.69 9853.86 9854.73 9855.39 9857.02 9859.7 9862.59 9863.7 9862.74 9861.79 9861.05 9860.36 9859.7 9859.01 9858.3 9857.47 9856.48 9855.67 9855.13 9854.59 9854.02 9853.56 9853.99 9855.07 9856.17 9856.45 9853.46 9855.07 9858.38 9861.18 9863.2 9863.99 9860.68 9861.57 9863.86 9865.97 9869.48 9880.63 9892.07 9903.4 9908.72 9913.31 9918.06 9922.72 9927.63 9928.22 9920.41 9912.43 9905.39 9907.08 9910.24 9914.74 9917.53 9921.33
9833.73 9835.99 9837.88 9839.53 9841.01 9842.14 9843.12 9844.58 9847.26 9850.5 9852.41 9852.84 9852.82 9853.32 9854.31 9855.19 9856.01 9858.13 9861.64 9865.74 9866.96 9864.59 9863.04 9861.82 9860.85 9860.01 9859.16 9858.39 9857.66 9857.01 9856.15 9855.27 9854.55 9853.78 9852.85 9853.56 9854.58 9855.36 9855.6 9855.03 9856.15 9858.39 9861.11 9863.23 9864.85 9864.51 9864.21 9863.4 9863.83 9866.12 9873.88 9887.42 9901.27 9905.39 9912.73 9918.36 9923.09 9926.1 9925.15 9919.82 9912.42 9906.03 9909.09 9914.6 9919.86 9922.77 9924.95
