real_craters/C148-300m.grd
DSAA
317 317
-47.46 47.46
-47.46 47.46
8597.6448971219 10482.966271375
[rows 0 to 29 of 317, columns 0 to 66 of 317]
9845.83 9839.39 9833.31 9826.58 9818.81 9811.23 9802.6 9794.09 9789.53 9787.5 9785.94 9782.67 9780.32 9778 9774.29 9762.76 9754.42 9751.51 9753.63 9758.07 9762.26 9767.95 9774.14 9781.28 9789.9 9797.92 9802.7 9808.02 9811.72 9810.16 9800.19 9800.82 9806.37 9806.08 9804.04 9799.35 9791.2 9787.37 9785.99 9787.17 9788.24 9786.74 9785.62 9784.6 9783.62 9782.61 9781.25 9779.74 9779.79 9781.08 9782.35 9783.52 9784.62 9785.89 9787.23 9787.18 9785.9 9785.05 9784.68 9784.89 9785.23 9785.87 9786.78 9787.8 9788.62 9789.86 9791.04
9838.99 9832.21 9825.83 9819.15 9812.2 9805.01 9798.17 9792.54 9788.13 9784.66 9782.58 9781.08 9779.91 9779.34 9776.92 9770.31 9764.93 9762.69 9762.44 9763.98 9765.63 9768.48 9772.77 9777.02 9782.95 9791.24 9800.03 9810.44 9821.77 9826.97 9824.31 9819.45 9812.42 9813.26 9809.8 9802.63 9791.7 9788.97 9788.14 9788.25 9788.4 9788.11 9786.79 9785.64 9784.47 9783.38 9782.39 9781.93 9782.15 9782.18 9782.89 9783.81 9784.87 9786.27 9787.77 9787.36 9785.69 9784.29 9783.25 9783.05 9783.46 9784.24 9785.43 9787.04 9789.2 9789.82 9790.99
9830.93 9825.67 9819.67 9813.09 9806.48 9800.1 9794.48 9790.48 9787.59 9784.97 9782.57 9780.41 9779.1 9778.43 9777.03 9773.91 9771.55 9770.81 9769.64 9769.19 9767.79 9770.16 9772.01 9772.93 9772.95 9783.1 9794.21 9805.96 9823.8 9859.34 9850.76 9849.04 9835.6 9822.67 9813.88 9805.85 9798.46 9793.02 9791.26 9793.04 9792.02 9789.74 9788.05 9786.55 9785.29 9784.3 9783.5 9783.11 9783.07 9783.04 9783.42 9784.05 9784.72 9785.56 9786.64 9785.97 9784.61 9783.24 9781.81 9780.12 9781.19 9782.7 9783.96 9785.43 9787.71 9788.89 9790.86
9826.6 9820.95 9814.74 9808.65 9802.2 9796.11 9790.73 9787.6 9787.24 9787.98 9784.02 9780.09 9778.07 9776.85 9776.08 9775.52 9775.05 9775.34 9774.12 9772.95 9773.06 9771.88 9772.19 9772.25 9773.34 9780.9 9786.62 9791.99 9797.46 9796.5 9792.7 9849.07 9834.9 9820.51 9816.07 9812.21 9808.43 9800.48 9796.75 9794.77 9793.14 9790.83 9788.93 9787.39 9786.17 9785.15 9784.41 9783.86 9783.55 9783.8 9783.89 9784.26 9784.47 9784.28 9782.95 9783.69 9783.34 9782.59 9781.7 9780.5 9781.1 9782.02 9782.78 9783.27 9784.15 9787.24 9789.99
9824.32 9818 9811.41 9805.08 9798.86 9792.97 9787.72 9785.03 9786.09 9787.04 9783.43 9779.11 9777.21 9776.1 9776.14 9776.61 9776.61 9775.71 9775.09 9775.54 9775.5 9775.6 9773.8 9774.13 9775.64 9779.52 9778.15 9775.13 9766.77 9746.77 9735.75 9749.24 9777.54 9808.11 9819.67 9819.19 9813.22 9811.5 9804.24 9798.03 9793.79 9791.21 9789.37 9787.91 9786.72 9785.82 9785.18 9784.66 9784.05 9784.52 9784.53 9784.63 9784.6 9784.28 9783.68 9783.06 9782.58 9782.05 9782.09 9782.93 9782.02 9782.12 9782.58 9782.94 9784.07 9786.44 9788.74
9822.24 9815.59 9808.73 9802.45 9796.45 9790.94 9786.53 9784.51 9784.73 9785.22 9782.37 9778.99 9777.4 9775.86 9776.88 9778.38 9778.92 9777.66 9777.5 9778.95 9778.59 9778.18 9777.09 9775.84 9775.44 9773.83 9770.32 9764.55 9754.58 9741.32 9737.7 9747.29 9775.79 9808.83 9834.18 9830.54 9817.62 9817.23 9807.42 9798.22 9793.81 9791.25 9789.56 9788.23 9787.22 9786.43 9785.97 9785.76 9785.58 9785.71 9785.39 9785.31 9785.16 9784.86 9784.23 9783.18 9782.14 9781.27 9780.88 9781.33 9781.83 9782.57 9783.42 9784.09 9785.2 9786.93 9788.42
9819.52 9812.87 9806.45 9800.5 9794.91 9789.72 9785.56 9783.87 9783.55 9783.05 9782.34 9780.77 9779.35 9778.48 9779.52 9781.14 9782.96 9784.85 9786.22 9784.12 9781.91 9780.6 9779.19 9777.38 9774.66 9769.81 9767.65 9763.83 9757.39 9750.62 9749.23 9754.73 9780.13 9816.54 9848.61 9838.13 9821.11 9816.07 9806.56 9796.99 9793.17 9790.87 9789.49 9788.28 9787.51 9786.94 9786.74 9786.74 9786.96 9786.87 9786.21 9785.9 9785.78 9785.63 9784.94 9783.41 9781.89 9780.48 9779.33 9779.5 9781.52 9783.44 9785.17 9786.59 9787.6 9788.5 9789.34
9816.51 9809.95 9804.07 9798.77 9793.9 9789.35 9785.36 9784.33 9784.26 9783.88 9783.43 9782.76 9781.99 9782.06 9782.61 9784.04 9786.38 9789.95 9791.93 9787.51 9784.12 9782.13 9780.63 9778.66 9775.57 9772.09 9770.22 9769.98 9768.41 9763.55 9756.15 9764.25 9794.55 9824.59 9840.44 9833.93 9819.14 9813.01 9805.08 9797.77 9793.24 9790.93 9789.37 9788.21 9787.58 9786.98 9786.89 9787.12 9787.43 9787.41 9786.68 9786.35 9786.25 9786.2 9785.27 9783.71 9781.93 9780.19 9778.92 9779.63 9782.12 9784.88 9787.44 9789.6 9790.4 9790.72 9791.2
9812.37 9806.09 9801.24 9797.04 9793.3 9790.1 9787.37 9786.39 9786.49 9785.8 9784.48 9783.94 9783.92 9784.44 9784.85 9785.79 9787.23 9788.97 9789.31 9786.58 9784.15 9782.5 9781.88 9780.73 9778.03 9775.3 9775.33 9778.82 9784.19 9790.2 9790.36 9789.92 9829.71 9836.99 9831.42 9825.54 9816.98 9810.6 9802.78 9796.71 9793.25 9790.93 9789.32 9788.15 9787.41 9786.82 9786.74 9786.94 9787.35 9787.36 9786.6 9786.3 9786.35 9786.94 9785.93 9784.08 9782.38 9780.67 9779.24 9780.47 9783.49 9786.66 9789.74 9792.25 9792.88 9793.08 9793.39
9805.04 9801.62 9798.54 9795.59 9793.05 9791.2 9790.3 9788.4 9787.8 9786.76 9785.55 9785.3 9785.37 9785.55 9786.27 9786.63 9786.7 9786.18 9784.55 9783.71 9782.55 9781.39 9781.52 9785.08 9780.02 9777.21 9779.23 9786.28 9797.86 9818.24 9851.19 9844.16 9871.66 9837.58 9819.67 9817.87 9813.38 9806.58 9800.89 9795.82 9792.88 9790.59 9788.83 9787.67 9786.92 9786.68 9786.49 9786.4 9786.46 9786.29 9786.09 9785.89 9785.78 9785.39 9785.14 9784.34 9783.29 9782.22 9781.31 9782.81 9785.62 9788.65 9791.74 9794.56 9794.83 9794.98 9795.18
9801.81 9798.95 9796.78 9794.63 9792.76 9791.35 9790.3 9789.41 9788.9 9788.46 9785.68 9787.89 9788.35 9788.02 9787.98 9787.37 9786.45 9784.89 9782.69 9782.07 9780.91 9779.25 9776.75 9774.71 9776.16 9777.49 9781.46 9788.83 9799.77 9814.13 9820.76 9815.85 9814.81 9815.4 9813.98 9812.72 9811.06 9803.24 9799.8 9796.19 9792.86 9790.34 9788.67 9787.73 9786.94 9786.4 9785.98 9785.73 9785.64 9785.46 9785.42 9785.44 9785.34 9785.12 9784.97 9784.78 9784.51 9784.52 9785.01 9786.05 9788.03 9790.44 9792.8 9794.79 9795.98 9796.46 9796.62
9803 9798.73 9796.19 9794.22 9792.56 9791.33 9790.64 9790.56 9791.46 9794.24 9795.46 9795.95 9794.68 9792.48 9790.34 9788.36 9786.82 9785.29 9783.77 9782.52 9780.81 9778 9773.33 9767.83 9772.48 9776.18 9780.6 9786.38 9793.35 9798.49 9795.02 9800.18 9807.49 9808.51 9809.46 9808.35 9806.81 9801.99 9797.74 9794.55 9792.06 9790.06 9788.66 9787.6 9786.79 9786.11 9785.77 9785.28 9784.92 9784.35 9784.85 9785.26 9785.51 9785.28 9785.45 9785.41 9785.57 9786.31 9787.83 9788.52 9790.01 9792.06 9793.81 9795.31 9797.06 9797.79 9797.95
9802.32 9798.7 9796.19 9794.32 9792.84 9791.58 9791.3 9792.29 9795.44 9802.59 9807.22 9804.46 9804.52 9797.5 9791.62 9788.76 9787.19 9786.1 9785.21 9783.89 9781.92 9779.42 9776.07 9773.27 9772.54 9773.92 9777.81 9781.26 9787.2 9792.32 9796.01 9799.04 9803.57 9806.89 9805.75 9803.18 9800.22 9799.45 9794.91 9792.4 9790.93 9789.51 9788.42 9787.43 9786.59 9785.97 9785.49 9784.89 9784.54 9784.12 9784.58 9785.31 9786.33 9786.92 9786.16 9785.82 9785.99 9786.79 9788.06 9789.5 9791.32 9793.57 9796.01 9797.68 9798.57 9799.1 9799.23
9801.2 9798.67 9796.44 9794.8 9793.84 9793.23 9793.27 9794.48 9799.51 9809.7 9812.96 9803.37 9800.32 9792.7 9789.27 9787.88 9787.15 9786.57 9785.99 9785.04 9783.85 9782.35 9780.49 9777.32 9772.92 9770.1 9769.39 9772.75 9779.04 9787.75 9799.58 9797.97 9794.39 9797.2 9799.72 9798.57 9796.97 9795.06 9792.42 9790.95 9790.1 9789.26 9788.57 9787.74 9786.69 9785.91 9785.29 9784.6 9784.24 9784.33 9784.3 9784.94 9786.31 9787.12 9786.09 9785.6 9785.67 9786.39 9787.77 9789.55 9791.82 9794.38 9796.98 9798.78 9799.64 9800.43 9800.57
9800.92 9799.03 9796.48 9795.16 9794.84 9795.7 9795.66 9797.13 9803.02 9813.32 9812.38 9793.68 9774.1 9781.83 9785.49 9786.8 9787.09 9786.78 9786.37 9785.84 9785.59 9785.28 9784.79 9780.35 9773.08 9766.02 9760.09 9763.23 9769.72 9778.26 9787.58 9793.57 9795.54 9792.11 9794.56 9794.42 9793.17 9792.55 9790.78 9790.28 9789.85 9789.13 9788.63 9787.85 9786.98 9786.08 9785.28 9784.39 9783.8 9783.26 9783.31 9783.87 9784.57 9784.96 9784.89 9784.68 9784.75 9785.24 9786.61 9788.93 9791.6 9794.45 9796.92 9798.91 9800.13 9801.01 9801.49
9799 9797.11 9795.69 9795.08 9795.16 9795.57 9796.71 9798.9 9804.36 9811.63 9808.73 9792.13 9775.37 9781.51 9785.48 9787.18 9787.63 9787.26 9786.88 9786.58 9786.8 9786.91 9786.26 9781.09 9772.96 9764.49 9757.24 9757.74 9761.91 9766.92 9774.55 9785.53 9789.71 9792.4 9792.58 9792.72 9792.78 9792.59 9791.51 9790.78 9790.25 9789.69 9789.31 9788.47 9787.52 9786.48 9785.41 9784.35 9783.38 9782.55 9782.33 9782.67 9783.1 9783.31 9783.39 9783.4 9783.61 9784.22 9785.58 9787.8 9790.61 9793.96 9797.47 9798.88 9800.07 9801.19 9802.15
9797.77 9795.33 9794.57 9794.9 9795.53 9796.15 9796.98 9799.29 9802.99 9807.21 9807.76 9803.29 9795.76 9791.28 9789.95 9789.45 9789.02 9788.44 9787.66 9787.27 9787.64 9787.6 9786.52 9781.11 9773.56 9765.47 9759.02 9756.23 9756.29 9757.76 9764.41 9778.3 9786.48 9790.18 9791.1 9790.7 9791.31 9792.9 9792.52 9791.84 9791.29 9790.64 9790 9789.22 9788.12 9786.79 9785.55 9784.35 9783.21 9782.26 9781.72 9781.76 9781.8 9781.99 9782.11 9782.08 9782.17 9783.25 9784.26 9786.03 9788.64 9791.98 9795.81 9797.47 9799.12 9800.73 9802.09
9798.14 9793.83 9794 9795.23 9796.25 9796.62 9796.05 9796.59 9799.38 9802.57 9807.36 9813.48 9810.66 9800.16 9794.9 9792.24 9790.71 9789.75 9788.8 9788.53 9788.51 9788.01 9785.98 9781.59 9774.98 9767.33 9759.84 9754.84 9753.09 9751.99 9752.66 9758.66 9782.49 9789.06 9790.65 9790.69 9791.27 9792.1 9792.03 9793.05 9792.7 9791.88 9791.3 9790.44 9788.87 9787.34 9785.93 9784.59 9783.32 9782.31 9781.54 9781.43 9781.1 9781.19 9781.26 9781.05 9780.59 9779.91 9781.76 9783.65 9785.73 9788.29 9791.61 9794.7 9797.5 9799.84 9801.37
9801.56 9793.63 9795.79 9796.92 9797.13 9796.43 9794.73 9793.42 9795.69 9798.6 9803.76 9807.87 9807.24 9801.84 9797.04 9793.85 9791.85 9790.68 9789.69 9789.21 9789.14 9788.89 9787.42 9783.34 9777.63 9770.75 9762.44 9755.79 9752.51 9749.81 9743.44 9741.71 9767.18 9787.19 9789.94 9789.37 9791.93 9794.61 9795.51 9795.17 9794.66 9793.69 9792.69 9791.96 9789.26 9788.63 9787.01 9785.2 9783.84 9783 9782.74 9781.63 9780.99 9781.11 9781.03 9780.68 9780.16 9779.76 9780.47 9781.55 9782.63 9783.96 9786.94 9791.83 9796.08 9799.23 9801.07
9810.39 9805.96 9802.57 9800.19 9798.4 9796.37 9794.46 9793.37 9793.78 9796.11 9798.92 9801.37 9801.69 9799.56 9796.64 9794.12 9792.38 9791.06 9790.07 9789.36 9789.52 9789.88 9789.47 9785.71 9781.57 9776.69 9770.74 9763.48 9753.67 9745.7 9736.74 9733.67 9740.59 9779.45 9785.44 9789.51 9793.16 9796.12 9796.97 9797.22 9797.37 9796.47 9795.3 9792.2 9790.28 9789.2 9786.5 9785.43 9783.85 9782.61 9781.35 9782.03 9782.1 9781.81 9781.39 9780.95 9780.56 9780.44 9780.16 9780.2 9780.34 9780.76 9784.03 9790.08 9795.46 9799.6 9802.05
9819.47 9815.45 9809.4 9803.22 9798.85 9795.77 9793.88 9792.53 9791.22 9791.85 9794.02 9796.02 9796.99 9796.52 9795.07 9793.46 9792.06 9790.94 9790.29 9790.04 9789.68 9789 9788.54 9787.73 9785.79 9783.38 9780.6 9774.02 9756.09 9734.33 9730.8 9727.55 9723.49 9749.52 9775.26 9787.88 9793.17 9795.44 9797.14 9799.03 9799.94 9798.13 9795.86 9793.61 9791.27 9788.73 9786.54 9784.92 9783.49 9782.28 9781.57 9782.99 9783.9 9782.68 9781.97 9781.55 9781.34 9780.82 9780.3 9779.86 9779.68 9779.81 9783.62 9790.06 9796.07 9801.29 9804.74
9822.64 9818.59 9813.37 9805.62 9795.85 9794.5 9793.17 9790.77 9787.98 9787.56 9789.91 9791.74 9793.43 9794.02 9793.67 9792.65 9791.67 9790.64 9790.03 9789.9 9789.86 9789.94 9790.04 9789.99 9789.42 9788.53 9787.3 9782.2 9764.29 9743.53 9733.59 9725.63 9718.24 9721.03 9748.05 9783.27 9789.76 9794.28 9799.18 9801.06 9800.73 9798.28 9795.2 9792.56 9789.52 9787.93 9785.48 9784.14 9783.08 9782.27 9782.13 9782.56 9783.03 9782.73 9782.32 9782.12 9782.33 9781.94 9780.83 9780.21 9780.34 9782.23 9785.63 9791.25 9797.44 9803.44 9808.1
9815.57 9818.05 9816.59 9810 9802.34 9797.26 9793.92 9790.29 9786.71 9786.1 9787.95 9789.55 9791.19 9792.12 9792.29 9792.01 9791.16 9790.27 9789.59 9789.27 9789.69 9791.56 9792.31 9792.21 9792.02 9791.44 9790.08 9786.05 9775.63 9761.3 9742.84 9728.94 9722.34 9721.92 9725.09 9761.34 9780.33 9793.09 9800.34 9801.83 9800.24 9796.47 9793.1 9790.27 9787.77 9786.05 9784.55 9783.51 9782.5 9781.99 9781.76 9781.99 9782.29 9782.43 9782.45 9782.45 9782.58 9782.18 9781.34 9780.69 9780.75 9782.38 9786.62 9792.33 9798.84 9805.18 9810.93
9801.38 9814.23 9818.44 9814.3 9808.1 9800.43 9794.37 9790.14 9787.1 9786.59 9788 9789.34 9790.04 9790.95 9791.38 9791.59 9791.18 9790.65 9789.82 9788.52 9788.95 9793.75 9793.87 9793.72 9793.42 9792.66 9790.58 9786.93 9782.92 9772.08 9751.52 9732.41 9722.55 9722.88 9717.98 9744.88 9766.72 9787.22 9797.39 9799.81 9796.96 9792.62 9789.02 9786.55 9784.86 9783.74 9782.76 9782.52 9781.23 9781.37 9781.17 9781.2 9781.72 9782.28 9782.7 9782.85 9782.87 9782.62 9782.16 9781.53 9781.16 9782 9787.06 9792.98 9799.3 9805.42 9810.7
9792.78 9809.01 9816.07 9816.29 9811.19 9801.58 9794.11 9790.47 9788.13 9787.8 9788.21 9788.86 9789.22 9789.9 9790.45 9790.6 9790.71 9790.88 9790.71 9790.63 9791.12 9790.41 9793.23 9793.91 9793.53 9792.5 9790.52 9787.42 9785.24 9776.64 9759.41 9738.91 9722.92 9718.9 9718.61 9730.08 9749.02 9768.76 9787.83 9793.67 9789.69 9785.43 9781.25 9780.16 9779.58 9779.62 9779.78 9779.07 9780.16 9780.59 9781.06 9780.39 9781.31 9782.54 9783.43 9783.82 9783.71 9783.83 9783.61 9783.13 9782.84 9784.07 9788.31 9793.46 9798.92 9803.77 9806.89
9797.37 9809.93 9816.21 9816.12 9810.16 9800.09 9792.32 9791.37 9792.94 9789.73 9787.6 9787.72 9788.44 9789.13 9789.66 9790.24 9790.8 9791.2 9791.95 9792.94 9794.62 9794.75 9794.01 9793.97 9793.45 9792.5 9790.69 9788.04 9785.51 9779.74 9769.59 9757.47 9742.12 9723.52 9726.84 9727.98 9734.15 9748.9 9773.83 9782.04 9775.72 9772.75 9772.06 9771.61 9772.8 9774.33 9775.99 9777.15 9778.68 9780.43 9781.64 9781.09 9781.93 9783.51 9784.93 9785.82 9786.02 9786.11 9785.8 9785.42 9785.55 9787.16 9790.16 9794.06 9798.33 9801.89 9803.91
9810.5 9815.13 9817.5 9813.02 9805.9 9797.7 9791.59 9791.75 9792.29 9790.45 9788.06 9787.78 9788.4 9789.1 9789.75 9790.39 9790.98 9791.49 9792.29 9793.13 9793.66 9794.9 9794.51 9793.82 9793.05 9791.87 9790.56 9788.85 9785.84 9783.13 9780.01 9777.67 9771.4 9748.94 9731.92 9729.33 9731.47 9737.7 9748.46 9752.82 9753.22 9756.08 9759.48 9763.14 9766.16 9769.28 9772.54 9775 9777.79 9780.36 9782.39 9782.82 9783.27 9785.06 9787.09 9788.79 9789.56 9789.18 9788.43 9787.85 9787.92 9789.46 9791.58 9794.35 9797.29 9799.77 9801.06
9816.34 9816.63 9816.39 9804.01 9799.42 9796.44 9793.68 9793.33 9792.81 9790.89 9789.2 9788.32 9788.76 9789.38 9790.06 9790.69 9791.24 9791.91 9792.53 9793.46 9794.49 9794.54 9793.69 9792.69 9792.03 9791.23 9790.15 9789.3 9787.11 9786.73 9786.82 9786.82 9785.61 9773.47 9755.83 9736.32 9731.83 9726.47 9720.07 9717.88 9729.8 9740.02 9748.02 9754.7 9760.35 9765.44 9770 9773.29 9777.14 9780.56 9782.85 9783.05 9784.39 9786.61 9789.31 9792.06 9793.36 9792.19 9790.93 9790.09 9789.55 9790.97 9792.81 9794.58 9796.44 9797.85 9797.47
9811.81 9810.95 9807.13 9800.28 9797.94 9797.39 9796.58 9795.92 9794.33 9791.58 9788.97 9788.94 9789.46 9789.93 9790.41 9790.89 9791.37 9791.94 9792.48 9793.15 9793.75 9793.19 9791.97 9790.93 9790.33 9789.86 9789.35 9789.23 9788.22 9789.89 9791.06 9790.92 9788.99 9783.22 9773.13 9753.24 9728.24 9719.71 9710.21 9705.21 9717.32 9729.82 9740.21 9749.08 9756.46 9762.68 9768.23 9772.55 9777.09 9781.1 9784.17 9784.48 9785.34 9787.61 9790.65 9794.36 9795.93 9793.99 9792.63 9792.07 9792.45 9793.21 9793.99 9795.01 9796.57 9797.76 9797.24
9805.64 9803.68 9799.61 9798.21 9798.68 9799.56 9799.52 9799.11 9796.91 9793.14 9790.48 9790.36 9790.66 9790.82 9790.99 9791.25 9791.52 9791.88 9792.21 9792.55 9791.62 9790.91 9789.75 9789.07 9788.64 9788.4 9788.38 9789.1 9790.91 9792.54 9794.19 9794.66 9792.51 9786.92 9781.11 9771.32 9747.51 9730.01 9717 9710.64 9716.54 9727.07 9737.08 9746.34 9754.7 9761.35 9767.06 9772.39 9777.2 9781.55 9785.01 9785.21 9785.83 9787.85 9790.48 9793.4 9794.69 9793.86 9792.98 9792.79 9793.62 9794.48 9794.66 9795.58 9797.06 9798.64 9798.46
