real_craters/C148-750m.grd
DSAA
128 128
-47.46 47.46
-47.46 47.46
8602.6580831429 10466.685636596
[rows 0 to 35 of 128, columns 0 to 79 of 128]
9846 9830 9811 9791 9786 9779 9764 9752 9762 9777 9797 9810 9801 9806 9800 9787 9789 9785 9783 9780 9782 9785 9788 9785 9785 9787 9789 9792 9797 9794 9794 9798 9801 9804 9807 9810 9808 9809 9809 9809 9812 9814 9813 9810 9804 9801 9801 9802 9803 9803 9802 9801 9800 9797 9794 9793 9792 9791 9790 9789 9788 9787 9788 9793 9799 9800 9797 9797 9798 9799 9805 9804 9807 9811 9791 9796 9802 9803 9802 9802
9828 9814 9798 9788 9784 9778 9775 9773 9772 9772 9780 9805 9832 9835 9810 9795 9794 9788 9785 9783 9784 9785 9785 9783 9780 9783 9787 9794 9796 9793 9794 9797 9800 9802 9804 9804 9809 9807 9805 9802 9802 9804 9803 9800 9801 9798 9799 9800 9801 9800 9800 9800 9799 9799 9798 9797 9794 9791 9790 9788 9787 9789 9791 9796 9800 9799 9802 9802 9803 9805 9810 9803 9804 9808 9823 9819 9812 9807 9804 9800
9822 9806 9791 9784 9783 9777 9778 9777 9779 9776 9774 9762 9737 9787 9832 9814 9794 9789 9787 9786 9785 9785 9783 9781 9782 9784 9786 9790 9795 9792 9791 9794 9797 9800 9802 9803 9803 9804 9802 9800 9798 9799 9799 9797 9801 9797 9797 9798 9799 9799 9800 9800 9800 9801 9806 9807 9801 9798 9801 9784 9787 9790 9794 9799 9803 9803 9806 9808 9808 9808 9808 9807 9806 9806 9831 9825 9820 9814 9808 9802
9815 9800 9790 9785 9784 9783 9785 9791 9785 9781 9774 9774 9767 9818 9832 9809 9794 9789 9787 9787 9787 9786 9784 9780 9782 9789 9792 9793 9801 9793 9790 9791 9793 9797 9802 9807 9802 9800 9801 9801 9798 9799 9800 9802 9802 9802 9800 9799 9799 9799 9799 9800 9801 9804 9810 9811 9804 9799 9799 9792 9791 9794 9798 9803 9805 9808 9814 9815 9815 9815 9816 9814 9813 9814 9818 9828 9826 9820 9814 9811
9802 9796 9791 9789 9786 9788 9787 9784 9781 9776 9777 9792 9824 9813 9813 9802 9793 9788 9787 9786 9785 9785 9785 9784 9787 9793 9796 9796 9792 9790 9790 9791 9792 9795 9798 9805 9807 9803 9798 9802 9802 9801 9801 9801 9802 9802 9802 9801 9800 9800 9800 9800 9801 9804 9807 9807 9802 9796 9798 9795 9798 9801 9805 9811 9814 9816 9817 9821 9824 9826 9828 9825 9822 9821 9830 9833 9827 9821 9816 9813
9802 9795 9792 9794 9810 9802 9789 9786 9783 9777 9772 9780 9797 9800 9801 9796 9791 9788 9786 9785 9784 9787 9786 9787 9791 9797 9800 9799 9792 9790 9792 9794 9796 9794 9792 9797 9805 9803 9797 9798 9800 9801 9802 9802 9800 9803 9804 9804 9805 9804 9802 9800 9799 9800 9803 9802 9802 9802 9802 9808 9810 9812 9816 9823 9828 9823 9824 9827 9831 9836 9841 9836 9830 9827 9830 9834 9829 9824 9818 9813
9799 9795 9796 9801 9809 9777 9787 9787 9787 9785 9765 9760 9774 9790 9793 9792 9790 9789 9787 9784 9782 9783 9783 9784 9790 9798 9801 9802 9797 9799 9798 9797 9796 9793 9789 9792 9803 9805 9799 9796 9799 9803 9808 9808 9804 9806 9810 9812 9810 9809 9805 9802 9799 9800 9804 9808 9808 9807 9820 9825 9822 9825 9828 9832 9834 9828 9829 9832 9836 9841 9843 9841 9836 9832 9834 9835 9830 9825 9821 9818
9799 9795 9797 9796 9806 9806 9793 9790 9789 9785 9769 9754 9748 9782 9790 9793 9794 9792 9788 9784 9782 9781 9781 9780 9784 9790 9799 9801 9802 9802 9800 9800 9798 9794 9788 9790 9798 9802 9797 9793 9799 9808 9819 9823 9818 9813 9818 9817 9816 9814 9811 9806 9799 9804 9810 9813 9818 9824 9833 9828 9826 9828 9832 9837 9837 9833 9835 9837 9840 9843 9844 9846 9841 9834 9835 9834 9829 9825 9821 9818
9819 9806 9796 9792 9794 9797 9794 9791 9790 9788 9783 9767 9732 9725 9787 9796 9800 9795 9789 9785 9782 9783 9782 9781 9780 9785 9800 9803 9801 9801 9800 9800 9801 9799 9794 9792 9796 9799 9797 9792 9797 9818 9833 9849 9859 9841 9831 9825 9823 9820 9817 9816 9811 9815 9820 9826 9830 9834 9831 9821 9827 9829 9834 9838 9838 9835 9839 9840 9843 9846 9848 9853 9851 9841 9832 9831 9828 9825 9821 9820
9810 9815 9799 9788 9788 9791 9792 9790 9789 9793 9792 9784 9749 9725 9749 9795 9800 9791 9785 9783 9782 9782 9783 9782 9781 9788 9804 9810 9811 9799 9799 9802 9804 9805 9805 9803 9807 9807 9799 9804 9808 9823 9841 9857 9857 9849 9841 9835 9830 9827 9826 9828 9835 9828 9829 9834 9837 9838 9834 9826 9830 9833 9836 9837 9836 9832 9836 9841 9847 9852 9857 9860 9857 9848 9835 9831 9828 9826 9825 9824
9796 9817 9801 9792 9788 9789 9790 9791 9795 9794 9793 9787 9770 9733 9727 9759 9779 9773 9774 9778 9781 9782 9785 9786 9785 9791 9801 9804 9822 9804 9803 9807 9808 9805 9806 9811 9825 9837 9833 9833 9821 9827 9847 9860 9847 9852 9852 9846 9841 9837 9835 9834 9834 9833 9832 9833 9836 9841 9839 9827 9831 9839 9839 9837 9839 9838 9835 9842 9850 9858 9859 9863 9854 9843 9834 9831 9828 9827 9826 9826
9815 9809 9797 9794 9789 9789 9791 9792 9795 9793 9790 9789 9788 9784 9744 9720 9721 9747 9763 9774 9783 9785 9792 9793 9791 9794 9797 9802 9826 9815 9816 9820 9822 9827 9831 9832 9827 9839 9843 9841 9829 9834 9852 9866 9858 9860 9859 9856 9850 9846 9842 9837 9834 9834 9833 9832 9835 9843 9839 9833 9834 9842 9844 9843 9844 9840 9837 9843 9854 9867 9876 9866 9854 9834 9832 9831 9831 9830 9827 9827
9800 9798 9801 9799 9793 9792 9792 9792 9793 9788 9787 9789 9795 9792 9781 9739 9720 9741 9760 9774 9785 9786 9791 9793 9792 9795 9798 9803 9829 9848 9842 9837 9837 9842 9843 9840 9839 9842 9839 9833 9832 9833 9851 9863 9856 9866 9864 9859 9855 9851 9845 9839 9836 9836 9835 9834 9838 9843 9842 9840 9839 9840 9845 9852 9847 9840 9831 9840 9855 9870 9885 9888 9860 9837 9837 9839 9841 9837 9831 9831
9793 9794 9795 9797 9798 9794 9792 9790 9789 9786 9784 9785 9788 9789 9789 9770 9746 9755 9765 9777 9787 9788 9790 9792 9792 9797 9799 9801 9820 9856 9854 9845 9841 9840 9844 9844 9837 9840 9839 9831 9834 9833 9847 9858 9863 9869 9866 9863 9861 9857 9853 9845 9841 9841 9838 9836 9837 9849 9856 9849 9839 9840 9844 9843 9844 9841 9837 9846 9863 9872 9882 9896 9864 9844 9850 9862 9859 9848 9841 9841
9791 9798 9790 9794 9795 9794 9792 9789 9787 9786 9784 9784 9786 9787 9795 9796 9787 9773 9771 9778 9786 9789 9793 9797 9801 9803 9807 9806 9822 9839 9846 9846 9840 9833 9836 9831 9832 9838 9837 9832 9834 9836 9847 9864 9868 9863 9863 9864 9864 9863 9864 9865 9857 9849 9842 9837 9835 9853 9867 9865 9855 9848 9848 9850 9851 9854 9859 9877 9882 9884 9890 9897 9867 9856 9863 9872 9870 9860 9856 9857
9788 9788 9790 9791 9792 9792 9791 9789 9788 9786 9784 9786 9788 9790 9794 9810 9794 9783 9776 9773 9786 9790 9797 9799 9802 9807 9804 9808 9820 9838 9845 9845 9840 9834 9831 9835 9834 9836 9833 9830 9834 9836 9850 9872 9871 9863 9863 9864 9864 9866 9869 9871 9865 9855 9848 9843 9844 9861 9871 9873 9869 9861 9852 9848 9856 9868 9889 9906 9899 9897 9896 9895 9882 9876 9876 9877 9872 9865 9864 9871
9785 9787 9788 9789 9791 9792 9791 9789 9788 9787 9786 9787 9788 9790 9794 9799 9795 9788 9777 9758 9753 9790 9797 9800 9805 9813 9813 9812 9818 9828 9844 9846 9843 9839 9844 9842 9837 9831 9834 9833 9836 9840 9855 9864 9864 9862 9864 9866 9868 9869 9870 9870 9866 9860 9854 9851 9854 9886 9879 9876 9878 9878 9865 9856 9855 9875 9897 9903 9902 9896 9895 9890 9896 9893 9888 9885 9881 9872 9871 9881
9781 9785 9791 9793 9793 9793 9792 9791 9790 9789 9791 9790 9790 9795 9796 9798 9801 9796 9790 9786 9780 9787 9796 9804 9812 9819 9817 9817 9821 9829 9843 9847 9848 9850 9846 9840 9831 9831 9827 9835 9834 9846 9858 9870 9864 9861 9866 9868 9869 9870 9870 9871 9868 9864 9861 9859 9863 9883 9883 9882 9889 9880 9873 9865 9862 9881 9902 9911 9903 9898 9893 9893 9898 9899 9894 9891 9885 9874 9873 9880
9761 9779 9794 9794 9795 9796 9795 9793 9792 9793 9790 9793 9793 9796 9798 9802 9799 9799 9803 9803 9788 9754 9776 9805 9820 9822 9819 9825 9828 9831 9840 9847 9851 9852 9852 9844 9837 9836 9841 9836 9836 9846 9856 9869 9865 9859 9867 9870 9870 9870 9870 9872 9869 9867 9867 9868 9875 9887 9885 9881 9870 9866 9872 9872 9871 9889 9909 9910 9898 9890 9887 9886 9892 9898 9896 9891 9877 9873 9870 9873
9771 9754 9793 9795 9795 9797 9799 9800 9799 9797 9800 9798 9798 9804 9807 9807 9807 9812 9818 9819 9801 9767 9758 9806 9819 9826 9826 9837 9837 9834 9839 9848 9854 9856 9848 9852 9844 9845 9850 9848 9848 9862 9861 9867 9867 9868 9871 9871 9870 9869 9868 9869 9869 9870 9872 9875 9882 9886 9875 9858 9852 9852 9868 9882 9892 9892 9896 9894 9890 9885 9879 9879 9878 9896 9899 9895 9885 9869 9863 9861
9786 9781 9758 9779 9790 9798 9803 9806 9806 9804 9811 9819 9830 9826 9822 9820 9826 9833 9832 9834 9828 9818 9769 9768 9805 9827 9830 9837 9841 9846 9850 9855 9859 9866 9862 9864 9854 9854 9856 9860 9860 9870 9862 9862 9866 9871 9872 9870 9869 9868 9867 9868 9870 9872 9874 9880 9893 9886 9874 9855 9856 9858 9868 9880 9886 9888 9885 9881 9880 9869 9873 9871 9875 9901 9903 9898 9895 9874 9859 9851
9788 9788 9788 9779 9791 9802 9809 9813 9817 9821 9837 9842 9840 9831 9824 9826 9828 9830 9831 9833 9835 9831 9805 9788 9808 9829 9827 9831 9843 9853 9861 9865 9870 9879 9881 9870 9861 9853 9858 9866 9871 9864 9860 9860 9864 9866 9867 9868 9869 9869 9869 9869 9872 9875 9876 9882 9890 9898 9888 9872 9880 9892 9887 9882 9884 9886 9886 9886 9873 9866 9873 9889 9900 9912 9905 9895 9878 9866 9856 9847
9790 9796 9793 9793 9800 9809 9819 9825 9828 9832 9831 9833 9833 9834 9829 9819 9825 9823 9821 9825 9829 9833 9828 9807 9824 9838 9835 9829 9845 9863 9875 9876 9881 9893 9890 9873 9869 9852 9855 9864 9870 9866 9861 9865 9866 9864 9864 9869 9871 9872 9869 9874 9878 9883 9884 9881 9873 9906 9908 9900 9907 9906 9891 9886 9886 9887 9888 9888 9879 9870 9872 9880 9906 9917 9905 9890 9874 9861 9857 9852
9793 9797 9803 9805 9809 9816 9825 9831 9833 9834 9835 9836 9833 9831 9829 9829 9827 9821 9797 9793 9818 9834 9832 9827 9837 9845 9836 9844 9839 9865 9889 9891 9889 9894 9881 9875 9870 9855 9860 9873 9884 9874 9877 9876 9872 9869 9869 9875 9877 9878 9880 9881 9885 9887 9888 9889 9889 9915 9909 9925 9919 9906 9897 9899 9894 9889 9884 9880 9866 9865 9871 9878 9895 9907 9896 9883 9870 9864 9863 9864
9801 9800 9803 9809 9816 9823 9832 9835 9835 9836 9840 9838 9834 9832 9832 9832 9830 9825 9800 9789 9814 9831 9836 9823 9809 9795 9743 9749 9805 9856 9889 9896 9899 9892 9874 9880 9864 9868 9864 9866 9878 9880 9883 9877 9873 9876 9888 9883 9884 9885 9887 9888 9888 9889 9892 9898 9888 9839 9869 9923 9915 9900 9891 9897 9892 9885 9878 9870 9866 9866 9876 9882 9895 9891 9884 9876 9869 9864 9872 9879
9802 9803 9806 9815 9822 9826 9827 9832 9835 9837 9841 9840 9839 9841 9835 9834 9831 9832 9823 9816 9818 9828 9836 9816 9778 9739 9674 9695 9780 9855 9909 9906 9901 9898 9888 9886 9871 9874 9872 9860 9852 9872 9875 9870 9873 9872 9874 9881 9888 9892 9893 9892 9890 9890 9893 9900 9898 9865 9894 9941 9928 9903 9891 9889 9886 9882 9877 9865 9860 9880 9885 9890 9888 9881 9874 9870 9867 9870 9882 9895
9806 9810 9819 9829 9832 9833 9830 9831 9833 9837 9836 9837 9845 9856 9838 9828 9833 9830 9824 9821 9823 9827 9834 9824 9790 9748 9691 9716 9789 9863 9921 9915 9909 9908 9909 9892 9884 9896 9882 9875 9862 9878 9867 9873 9874 9873 9866 9886 9892 9895 9897 9894 9892 9890 9888 9890 9895 9915 9946 9964 9951 9932 9891 9874 9876 9880 9886 9901 9939 9911 9889 9881 9873 9865 9867 9869 9863 9879 9892 9903
9814 9823 9838 9844 9841 9841 9841 9835 9831 9832 9830 9837 9841 9842 9838 9839 9830 9830 9826 9823 9825 9826 9829 9836 9841 9807 9748 9770 9820 9873 9911 9907 9905 9900 9888 9876 9882 9888 9883 9868 9882 9884 9868 9876 9877 9885 9905 9902 9898 9896 9894 9892 9887 9884 9882 9885 9897 9919 9935 9941 9954 9932 9882 9871 9869 9875 9884 9901 9913 9903 9888 9872 9860 9855 9871 9880 9892 9898 9898 9899
9783 9833 9835 9839 9842 9843 9842 9836 9826 9811 9834 9834 9832 9831 9832 9827 9829 9824 9817 9824 9829 9826 9828 9842 9846 9841 9845 9832 9854 9888 9918 9912 9901 9896 9885 9879 9880 9881 9884 9890 9902 9886 9856 9861 9877 9890 9902 9901 9902 9900 9897 9890 9883 9877 9873 9873 9885 9902 9913 9921 9938 9916 9880 9868 9868 9874 9881 9887 9899 9886 9867 9857 9860 9862 9880 9885 9893 9893 9891 9891
9739 9808 9832 9835 9839 9840 9839 9835 9832 9830 9806 9818 9828 9832 9833 9834 9834 9827 9822 9825 9830 9828 9834 9845 9843 9852 9863 9865 9879 9900 9919 9916 9898 9887 9896 9888 9878 9877 9884 9892 9899 9885 9860 9863 9878 9889 9897 9902 9907 9906 9901 9893 9884 9875 9867 9859 9870 9884 9890 9901 9905 9895 9872 9866 9870 9874 9877 9878 9888 9881 9869 9870 9872 9883 9884 9880 9878 9876 9878 9881
9758 9776 9833 9834 9837 9837 9836 9834 9832 9831 9831 9819 9815 9829 9836 9839 9842 9829 9825 9825 9826 9829 9836 9847 9845 9852 9861 9874 9887 9901 9911 9909 9896 9883 9877 9887 9870 9872 9884 9898 9903 9887 9868 9880 9884 9890 9897 9908 9916 9916 9907 9892 9882 9873 9865 9862 9864 9871 9875 9881 9887 9886 9884 9877 9874 9874 9874 9876 9873 9862 9865 9875 9877 9880 9879 9875 9872 9874 9873 9867
9810 9742 9830 9836 9839 9837 9834 9832 9831 9833 9835 9828 9816 9827 9834 9833 9833 9833 9832 9827 9825 9830 9837 9843 9856 9863 9870 9878 9887 9897 9903 9905 9898 9887 9879 9882 9872 9872 9882 9890 9886 9884 9867 9867 9882 9891 9896 9913 9914 9903 9898 9888 9879 9872 9865 9860 9863 9864 9863 9864 9870 9872 9883 9882 9877 9876 9873 9869 9865 9870 9863 9873 9876 9876 9864 9872 9874 9870 9864 9857
9819 9777 9783 9828 9840 9830 9830 9830 9829 9830 9832 9832 9830 9833 9835 9831 9828 9829 9839 9837 9835 9837 9845 9855 9860 9868 9876 9878 9884 9890 9896 9897 9898 9895 9888 9876 9862 9873 9881 9886 9885 9868 9858 9858 9882 9888 9897 9936 9913 9874 9884 9883 9877 9870 9863 9860 9861 9860 9857 9854 9862 9858 9860 9877 9880 9880 9877 9869 9868 9870 9870 9872 9872 9869 9869 9872 9873 9866 9858 9853
9821 9807 9761 9814 9839 9830 9830 9831 9832 9830 9828 9831 9837 9841 9844 9836 9836 9832 9831 9839 9846 9853 9856 9865 9865 9865 9869 9875 9879 9884 9887 9884 9877 9890 9895 9893 9890 9881 9885 9888 9885 9876 9865 9872 9879 9880 9885 9896 9911 9919 9890 9881 9874 9868 9861 9854 9859 9858 9852 9849 9854 9853 9853 9867 9881 9882 9881 9881 9874 9874 9876 9875 9872 9867 9871 9883 9879 9868 9856 9863
9822 9804 9766 9801 9831 9828 9829 9830 9832 9832 9831 9832 9835 9835 9831 9836 9840 9839 9838 9842 9856 9855 9864 9863 9865 9864 9870 9874 9876 9879 9881 9888 9871 9880 9895 9895 9887 9884 9887 9891 9889 9878 9874 9876 9872 9872 9874 9883 9887 9886 9886 9879 9874 9868 9866 9863 9859 9858 9853 9849 9857 9861 9858 9883 9884 9882 9880 9879 9875 9876 9882 9879 9873 9868 9867 9889 9883 9880 9885 9897
9821 9808 9780 9781 9801 9828 9826 9827 9831 9840 9835 9828 9829 9832 9837 9834 9847 9856 9858 9876 9880 9890 9882 9878 9875 9883 9875 9875 9874 9872 9870 9868 9877 9873 9887 9887 9879 9878 9884 9891 9891 9877 9873 9869 9862 9866 9868 9866 9876 9877 9880 9878 9872 9865 9857 9856 9857 9857 9853 9846 9853 9852 9849 9877 9881 9878 9875 9873 9874 9876 9884 9881 9876 9871 9874 9881 9886 9887 9889 9908
