real_craters/C148-500m.grd
DSAA
191 191
-47.46 47.46
-47.46 47.46
8594.8596029409 10487.563459414
[rows 30 to 59 of 191, columns 67 to 133 of 191]
9870.16 9871.85 9871.49 9870.33 9869.5 9868.9 9868.3 9866.73 9866.71 9867.89 9868.9 9870.48 9871.22 9872.89 9874.82 9879.96 9887.24 9894.09 9887.49 9882.56 9870.87 9857.48 9857.86 9855.69 9857.12 9863.46 9870.5 9877.99 9883.41 9886.47 9887.7 9886.93 9883.15 9879.46 9884.67 9876.25 9867.74 9870.56 9872.86 9871.99 9868.95 9882.66 9900.36 9903.7 9901.98 9898.82 9895.82 9892.33 9877.81 9864.46 9856.92 9851.19 9847.09 9842.01 9838.26 9856.43 9876.92 9896.37 9907.08 9910.17 9912.67 9913.26 9913.59 9908.12 9887.21 9862.06 9836.21
9867.46 9871.13 9868.67 9868.27 9868.37 9868.46 9868.33 9868.19 9866.48 9867.51 9869.85 9871.81 9872.35 9873.73 9876.99 9879.56 9886.23 9895.43 9896.4 9890.64 9880.03 9867.64 9867.62 9872.13 9876.4 9879.95 9878.41 9880.49 9882.98 9884.68 9886.04 9885.9 9883.99 9881.28 9879.74 9871.56 9866.24 9869.06 9874.33 9881.52 9884.82 9903.05 9912.29 9908.09 9903.63 9897.41 9889.83 9879.81 9872.18 9862.42 9854.45 9848.09 9842.65 9837.23 9836.61 9851.21 9870.64 9888.56 9905.94 9913.47 9921.13 9919.44 9915.33 9908.84 9898.61 9878.28 9851.48
9864.78 9864.23 9865.01 9867.23 9868.85 9869.71 9869.88 9869.72 9872.1 9871.55 9872.54 9874.13 9878.81 9880.43 9880.43 9881.47 9881.02 9884.11 9899.35 9902 9893.79 9884.65 9885.5 9893.51 9903.6 9897.81 9888.27 9882.24 9879.47 9884.22 9886.4 9886.83 9886.87 9886.05 9879.02 9871.06 9866.83 9869.55 9874.93 9884.7 9890.24 9903.55 9910.17 9910.13 9902.82 9894.37 9883.86 9870.89 9861.91 9858.13 9853.41 9848.61 9843 9839.07 9843.04 9853.17 9869.24 9882.91 9895.4 9908.41 9917.56 9917.86 9910.65 9911.11 9910.84 9893.44 9865.45
9865.15 9862.92 9863.74 9867.83 9870.5 9871.81 9872.11 9871.33 9868.77 9872.05 9876.46 9879.21 9882.5 9883.93 9883.91 9882.29 9879.04 9875.91 9902.46 9912.47 9907.78 9902.55 9906.09 9909.06 9908.6 9895.38 9890.9 9888.75 9885.7 9886.88 9887.27 9887.54 9887.85 9888.17 9884.05 9877.38 9870.85 9869.82 9873.31 9878.37 9895.29 9911.91 9918.87 9910.48 9901.54 9891.46 9880.9 9870.67 9861.38 9858.51 9855.97 9852.95 9849.49 9843.63 9842.06 9857.96 9873.15 9889.16 9888.01 9906.62 9918.42 9918.89 9912.94 9920.59 9926.27 9907.09 9879.03
9867.53 9864.07 9866.29 9871.71 9874.08 9875.32 9875.48 9875.92 9876.47 9877.89 9881.06 9883.49 9885.86 9887.01 9887.52 9886.5 9886.1 9891.43 9911.81 9922.76 9913.49 9917.24 9921.67 9916.38 9909.17 9897.43 9895.52 9898.55 9898.44 9892.23 9889.02 9886.94 9885.55 9883.15 9878.55 9869.78 9866.77 9868.66 9872.29 9878.2 9885.1 9902.57 9910.39 9905.79 9896.88 9887.31 9878.08 9870.12 9864.16 9861.81 9860.5 9860.24 9860.75 9864.75 9867.05 9868.46 9876.29 9888.26 9898.06 9911.4 9923.59 9926.2 9920.68 9941.19 9939.11 9916.61 9890.99
9872.66 9875.27 9879.05 9878.47 9878.32 9878.99 9880.13 9881.64 9882.54 9883.82 9885.29 9887.36 9887.4 9889.1 9889.46 9891.68 9893.58 9889.57 9882.68 9879.77 9897.92 9924.39 9924.46 9915.6 9905.56 9900 9896.47 9897.39 9896.96 9892.82 9888.81 9884.41 9881.11 9877.88 9870.74 9858.33 9862.37 9868.13 9872.87 9874.3 9882.4 9897.53 9902.12 9896.24 9888.84 9881.4 9873.89 9866.22 9863.72 9864.63 9867.1 9869.2 9871.12 9872.58 9876.25 9876.4 9877.3 9880.12 9896.97 9917.85 9938.71 9934.53 9934.43 9943.07 9935.08 9918.15 9899.29
9875.14 9881.28 9887.89 9883.96 9883.11 9884.16 9884.11 9887.33 9888.61 9888.56 9887.66 9888.05 9888.5 9890.75 9893.06 9896.72 9898.25 9883.4 9849.21 9829.26 9879.78 9918.33 9920.75 9912.8 9901.59 9889.48 9891.91 9897.93 9894.95 9890.63 9886.17 9881.83 9876.63 9870.67 9865.38 9866.04 9864.82 9871.51 9878.42 9882.4 9888.27 9897.45 9893.08 9886.8 9881.66 9876.91 9872.28 9868.58 9864.15 9868.33 9873.64 9879.07 9882.54 9880.08 9882.7 9884.39 9882.57 9882.03 9895.8 9917.71 9937.88 9933.36 9939.79 9941.86 9925.4 9914.61 9903.56
9873.66 9875.38 9879.44 9880.97 9884.35 9887.2 9889.69 9891.41 9892.51 9891.59 9890.15 9889.24 9889.79 9891.15 9894.24 9898.58 9908.7 9891.67 9859.66 9846.48 9891.55 9926.29 9929.27 9918.33 9899.42 9884.92 9889.15 9891.88 9891.09 9887.14 9883.99 9880.31 9874.8 9865.47 9852.84 9853.44 9871.21 9879.25 9885.61 9896.27 9893.48 9890.66 9885.33 9879.24 9875.46 9871.9 9869.73 9870.82 9868.68 9873.46 9881.44 9889.68 9898.44 9907.52 9902.77 9898 9894.5 9891.76 9899.68 9912.26 9920.04 9920.99 9929.41 9929.98 9915.47 9908.28 9902.05
9871.14 9867.25 9863.8 9876.72 9885.58 9889.9 9892.52 9895.09 9894.57 9892.94 9891.6 9890.65 9890.33 9890.84 9891.49 9893.77 9892.3 9891.91 9887.7 9895.07 9928.74 9962.47 9951.14 9936.59 9924.26 9907.97 9892.5 9891.74 9884.81 9882.65 9881.51 9880.71 9879.59 9877.86 9876.18 9895.61 9894.51 9889.79 9883.84 9878.92 9882.93 9883.24 9879.86 9870.77 9869.93 9868.47 9865.65 9863.83 9868.44 9878.71 9888.57 9897.97 9908.36 9917.72 9912.9 9905.48 9905.11 9904.86 9903.14 9907.29 9909.68 9912.34 9911.13 9903.4 9903.11 9900.97 9896.99
9873.66 9871.23 9869.86 9884.04 9890.32 9892.8 9894.51 9896.78 9895.46 9894.09 9892.5 9891.69 9891.09 9890.3 9889.23 9889.52 9893.27 9897.84 9911.3 9936.4 9949.42 9960.26 9958.3 9949.23 9937.89 9909.78 9884.25 9870.08 9874.41 9876.68 9878.39 9881.1 9887.74 9898.55 9925.62 9940.32 9916.59 9898.21 9885.78 9880.66 9875.9 9870.76 9864.04 9863.96 9867.83 9869.5 9867.42 9864.05 9878.4 9888.6 9895.17 9901.85 9909.79 9915.38 9910.3 9903.05 9898.56 9896.77 9899.65 9902.59 9905.77 9907.02 9892.93 9893.44 9895.03 9893.96 9890.91
9880.53 9887.31 9902.02 9900.65 9897.14 9896.03 9895.32 9894.77 9893.89 9893.26 9891.38 9889.49 9887.4 9885.21 9884.98 9885.94 9889.72 9900.27 9916.14 9935.5 9940.78 9942.1 9953.04 9953.63 9939.84 9910.43 9879.29 9869.75 9868.67 9870.77 9875.55 9880.6 9888.24 9900.15 9915.62 9923.86 9912.17 9897.61 9886.65 9878.22 9868.64 9860.12 9853.74 9863.68 9870.92 9875.95 9880.4 9885.67 9895.08 9898.08 9898.13 9900.37 9903.75 9907.27 9901.82 9894.94 9886.85 9891.15 9896.29 9898.66 9897.52 9891.78 9895.29 9891.73 9891.16 9889.04 9886.26
9885.43 9895.78 9907.94 9905.74 9901.5 9899.37 9897.51 9895.17 9894.54 9891.44 9888.47 9883.98 9881.52 9879.03 9878.47 9881.2 9887.94 9895.98 9908.8 9921.26 9925.17 9929.62 9944.87 9952.73 9932.3 9903.29 9882.1 9875.26 9867.94 9868.14 9871.61 9877.04 9883.93 9892.74 9901.14 9900.04 9894.21 9887.46 9881.93 9871.72 9862.25 9856.74 9852.73 9869.15 9876.8 9882.54 9891.6 9899.04 9897.86 9897.31 9896.23 9895.75 9893.38 9889.82 9891.9 9888.47 9885.33 9893.41 9894.7 9896.24 9896.85 9900.29 9901.53 9890.28 9888.34 9885.48 9881.61
9886.62 9894.98 9901.62 9900.94 9901.55 9901.56 9900.9 9899.44 9896.18 9891.57 9886.87 9882.24 9878.24 9874.4 9872.31 9870.85 9874.81 9885.7 9897.6 9907.66 9910.52 9915.34 9928.97 9934.47 9920.46 9892.29 9875.89 9867.58 9867.25 9869.55 9873.04 9877.03 9882.76 9885.59 9892.45 9897.47 9887.71 9875.83 9860.33 9855.23 9860.38 9860.93 9862.13 9878.58 9881.47 9883.75 9886.69 9890.79 9891.83 9891.88 9890.23 9890.69 9891.43 9889.97 9887.31 9884.86 9884.02 9890.31 9891.91 9893.79 9896.59 9903.8 9900.41 9894.43 9887.53 9881.5 9875.29
9886.4 9893.16 9896.75 9898.64 9903.35 9905.65 9904.96 9902.9 9899.16 9893.25 9887.69 9881.74 9876.45 9871.38 9866.67 9861.87 9864.02 9875.05 9885.76 9893.14 9898.73 9904.42 9910.46 9909.74 9900.87 9881.28 9870.91 9864.89 9867.62 9870.89 9874.47 9877.38 9879.14 9878.81 9875.48 9894.62 9887.45 9872.21 9857.81 9865.29 9866.56 9870.07 9878.05 9884.37 9883.27 9881.33 9879.29 9879.27 9879.79 9878.12 9881.47 9883.63 9886.56 9886.47 9883.48 9883.16 9883.75 9885.94 9887.95 9889.45 9892.55 9896.81 9896.11 9892.65 9883.91 9877.12 9870.52
9888.01 9893.9 9898.95 9903.5 9907.36 9910.74 9909.03 9905.25 9902.87 9895.67 9888.65 9882.31 9875.88 9870.36 9864.93 9860.72 9861.71 9868.43 9876.02 9881.02 9885.62 9891.11 9896.2 9901.02 9895.94 9890.12 9872.46 9869.19 9870.51 9871.82 9873.1 9874.47 9876.23 9878.39 9887.6 9880.92 9875.21 9870.56 9874.38 9875.18 9873.69 9876.1 9880.47 9882.74 9881.08 9878.05 9875.11 9874.58 9874.34 9873.39 9875.07 9875.13 9875.82 9876 9876.34 9878.87 9883.32 9883.05 9885.92 9887.42 9887.66 9894.22 9895.79 9884.63 9878.71 9874.24 9868.56
9888.03 9892.56 9899.25 9906.59 9911.6 9916.93 9921.59 9914.64 9904.62 9894.26 9886.66 9879.99 9874.03 9868.58 9864.49 9861.46 9861.39 9865.88 9869.24 9872.32 9876.04 9878.11 9882.72 9885.33 9884 9884.98 9885.01 9879.54 9875.77 9874.37 9873.98 9872.94 9873.67 9875.16 9874.72 9870.19 9860.83 9861.01 9864.78 9873.75 9875.89 9877.79 9879.72 9880.46 9878.44 9875.07 9871.86 9872.4 9873.8 9875.93 9870.9 9866.64 9862.9 9865.28 9868.28 9870.57 9875.54 9881.59 9885.17 9887.26 9886.75 9889.32 9882.97 9871.89 9874.46 9873.43 9871.39
9887.23 9895.21 9897.78 9906.4 9915.85 9915.95 9924.73 9920.03 9900.69 9891.7 9884.54 9878.77 9873.48 9868.42 9863.98 9859.07 9859.85 9863.68 9865.39 9865.94 9863 9866.35 9871.06 9872.9 9873.73 9879.91 9886.77 9883.92 9879.59 9876.39 9875.54 9874.24 9872.86 9870.95 9869.57 9864.95 9868.48 9861.55 9862.9 9872.46 9875.54 9876.87 9878.76 9879.17 9870.59 9872.05 9875.29 9873.49 9871.64 9869.32 9864.81 9859.97 9857.55 9859.96 9863.82 9866.26 9873.29 9881.48 9886.7 9889.81 9892.28 9891.07 9887.56 9878.87 9877.08 9877.38 9877.69
9886.35 9893.83 9898.53 9917.52 9925.38 9907.08 9877.09 9880.05 9888.08 9886.36 9882.28 9877.31 9872.63 9868.07 9864.94 9866.1 9861.67 9861.78 9862.31 9862.44 9860.14 9857.71 9863.25 9867.48 9863.63 9870.86 9877.55 9879.7 9879.19 9877.61 9876.22 9875.79 9872.67 9866.63 9863.21 9866.11 9869.19 9865.87 9866.92 9871.21 9873.6 9874.22 9872.62 9864.57 9858.85 9868.9 9874.38 9872.7 9869.23 9865.34 9860.09 9854.99 9852.29 9859.07 9865.34 9869.02 9875.18 9883.72 9888.24 9893.23 9897.76 9890.15 9889.34 9884.04 9882.27 9882.31 9884.84
9885.3 9890.08 9897.83 9919.23 9928.49 9909.41 9881.92 9880.61 9884.09 9883.18 9879.95 9875.51 9869.79 9865.39 9861.53 9859.23 9859.25 9860.33 9859.97 9859.15 9854.32 9851.92 9857.3 9862.92 9858.12 9855.97 9858.43 9876 9878.54 9880.12 9879.81 9878.58 9875.99 9871.91 9868.49 9868.2 9870.82 9870.38 9870.22 9871.9 9872.22 9871.36 9869.5 9868.19 9870.45 9872.67 9873.24 9872.58 9867.42 9861.14 9855.33 9853.01 9856.23 9863.98 9873.22 9879.54 9887.51 9888.27 9889.23 9892.06 9894.15 9888.27 9883.17 9885.43 9886.83 9886.95 9888.77
9881.06 9884.38 9889.63 9897.63 9912.96 9915.12 9926.68 9898.94 9887.88 9881.21 9876.85 9872.72 9869.19 9864.43 9858.22 9853.37 9857.35 9859.08 9858.59 9856.24 9850.78 9848.91 9852.79 9855.31 9857.04 9849.55 9852.08 9864.53 9876.35 9880.83 9881.62 9880.98 9880.12 9880.58 9876.62 9872.68 9874.62 9873.64 9875.93 9874.33 9873.04 9870.97 9867.76 9865.42 9872.78 9880.15 9883.04 9876.06 9868.2 9858.25 9854.06 9856.77 9859.37 9873.84 9885.24 9894.27 9892.35 9890.2 9890.11 9889.53 9888.91 9886.2 9892.91 9891.71 9893.19 9893.87 9894.29
9877.03 9877.44 9880.74 9883.58 9894.42 9901.97 9904.2 9897.84 9888.48 9881.96 9878.06 9873.55 9870.22 9866.5 9863.34 9860.53 9858.59 9859.09 9858.16 9855.93 9850.65 9847.81 9851.53 9855.01 9857.97 9849.89 9864.4 9874.25 9879.81 9882.58 9882.6 9881.7 9881.02 9879.16 9877.38 9873.87 9872.29 9872.99 9877.66 9877.1 9874.21 9870.9 9868.15 9867.54 9871.74 9876.67 9879.64 9879.16 9873.64 9867.88 9868.53 9880.04 9885.8 9888.39 9894.29 9898.49 9885.95 9888.28 9891.05 9889.64 9882.94 9893.06 9899.25 9899.52 9900.75 9899.54 9897.11
9871.46 9872.57 9874.73 9880.37 9883.69 9884.87 9883.57 9885.72 9884.3 9881.62 9877.3 9872.93 9869.32 9866.42 9866.42 9864.92 9859.32 9859.15 9858.44 9856.56 9851.67 9848.98 9852.7 9858.71 9861.7 9854.05 9860.87 9881.58 9884.98 9884.15 9882.64 9880.97 9880.13 9879.73 9876.98 9874.32 9875.58 9882.01 9883.16 9879.63 9876.26 9871.59 9868.5 9866.11 9870.49 9883.65 9886.83 9882.68 9880.75 9882.14 9889.61 9895.96 9900.56 9899.11 9897.69 9892.6 9884.83 9889.23 9895.11 9898.5 9897.91 9902.02 9903.43 9910.61 9910.79 9904.45 9898.49
9865.88 9868.53 9869.53 9871.12 9875.62 9876.73 9876.4 9880.19 9881.06 9878.98 9875.77 9871.67 9867.34 9863.03 9858.96 9858.47 9858.06 9857.98 9857.87 9858.57 9851.84 9846 9850.97 9856.38 9854.51 9844.15 9851.12 9880.78 9883.57 9881.54 9879.74 9877.76 9876.45 9876.47 9875 9872.92 9872.31 9881.59 9883.93 9881.58 9877.7 9873.14 9870.34 9870.12 9874.49 9879.54 9883.74 9885.23 9885.64 9887.99 9895.38 9903.89 9906.46 9903.47 9898.06 9888.75 9885.36 9890.73 9899.81 9910.48 9906.44 9892.69 9914.96 9938.08 9918.78 9907 9898.91
9865.89 9867.79 9866.64 9863.42 9873.42 9877.87 9877.62 9879.62 9879.48 9877.62 9874.46 9870.28 9865.23 9859.4 9853.78 9853.04 9855.77 9856.02 9855.28 9854.24 9849.74 9845.5 9848.02 9851.48 9852.44 9854.62 9853.39 9866.64 9876.39 9877.53 9876.46 9874.22 9871.99 9870.96 9873.92 9876.15 9879.42 9888.23 9886.36 9882.87 9879.98 9876.33 9872.91 9872.33 9877.63 9883.76 9885.28 9887.42 9888.94 9889 9884.91 9903.13 9908.85 9905.05 9898.13 9887.53 9883.81 9888.53 9897.84 9909.61 9911.43 9895.52 9915.71 9918.97 9911.32 9902.47 9897.17
9871.8 9870.7 9869.21 9868.26 9884.03 9881.98 9880.63 9880.88 9880.06 9878.05 9874.29 9870.22 9865.71 9860.55 9852.76 9853.64 9855.23 9854.68 9852.95 9850.56 9850.74 9850.01 9852.32 9855.07 9858.98 9858.69 9859.73 9864.78 9871 9873.59 9873.27 9871.61 9869.38 9869.63 9874.42 9881.7 9893.31 9897.17 9887.86 9886.21 9882.61 9879.21 9876.15 9873.98 9876.38 9883.86 9886.57 9889.86 9893.58 9896.9 9901.46 9907.88 9908.56 9904.58 9897.09 9886.17 9879.16 9881.39 9888.5 9897.58 9893.09 9890.48 9899.17 9897.77 9894.2 9891.68 9890.74
9879.36 9877.13 9875.84 9875.41 9878.53 9887.58 9886.93 9885.32 9882.76 9878.95 9875.12 9870.59 9866.15 9863.37 9866.27 9859.26 9857.07 9855.51 9853.78 9853.05 9856.05 9862.4 9863.28 9864.21 9865.83 9865.22 9868.46 9873.66 9874.42 9873.41 9872.41 9870.58 9868.57 9869.25 9873.52 9880.69 9890.51 9894.08 9893.02 9889.52 9885.32 9882.79 9879.78 9877.91 9878.63 9882.25 9887.35 9892.46 9897.68 9904.4 9917.53 9919.55 9909.52 9903.26 9893.14 9867.36 9869.63 9872.08 9874.76 9874.94 9873.37 9879.84 9885.87 9882.86 9875.56 9880.84 9883.79
9886.22 9883.99 9883.92 9886.89 9895.23 9895.42 9893.81 9890.59 9886.08 9880.97 9875.82 9870.64 9865.6 9861.36 9856.65 9859.3 9859.62 9858.43 9857.47 9858.34 9860.9 9863.29 9866.7 9873.98 9876.37 9876.01 9877.88 9873.89 9876.34 9876.57 9874.74 9871 9868.14 9868.61 9871.52 9875.75 9878.03 9886.97 9894.24 9891.16 9888.3 9885.65 9883.15 9881.71 9881.75 9884.33 9889.11 9894.22 9899.78 9907.06 9909.66 9907.98 9907.74 9900.28 9891.68 9869.71 9863.52 9864.17 9863.75 9861.29 9865.67 9877.77 9876.53 9864.33 9868.11 9875.49 9880.08
9889.77 9888.02 9889.6 9894.49 9901.01 9903.23 9900.86 9894.95 9888.82 9881.84 9876.07 9870.81 9865.44 9861.63 9859.75 9860.02 9861.89 9862.47 9862.17 9863.75 9867.35 9872.98 9881.07 9889.8 9899.64 9904.61 9898.91 9892.6 9888.13 9887.84 9882.86 9875.43 9869.3 9869.91 9874.11 9876.09 9875.2 9881.39 9890.43 9893.07 9892.13 9889.16 9887.34 9886.07 9886.49 9889.85 9892.36 9896.25 9900.27 9906.81 9916.27 9920.72 9904.92 9895.46 9881.5 9865.02 9864.29 9863.66 9862.16 9859.47 9865.05 9874.22 9872.08 9866.26 9871.78 9874.78 9880.74
9885.96 9887.61 9891.79 9897.99 9905.16 9911.91 9906.05 9896.88 9888.41 9881.63 9874.67 9869.44 9864.77 9861.22 9860.74 9863.16 9865.57 9868.49 9871.8 9873.22 9875.48 9877.38 9887.89 9901.97 9915.41 9921.88 9921.42 9927.15 9915.32 9907.83 9898.89 9886.79 9873.55 9878.14 9884.11 9886.86 9885.85 9891.2 9893.89 9896.16 9895.08 9892.42 9889.74 9888.13 9889.03 9891.51 9894.82 9897.06 9899.17 9901.53 9900.65 9898.23 9897.45 9892.01 9885.82 9874.4 9870.43 9868.23 9868.41 9871.16 9878.62 9882.39 9875.37 9864.37 9867.35 9872.68 9880.75
9879.49 9884.54 9891.33 9898.66 9908.38 9917.3 9905.84 9895.28 9886.86 9879.92 9874.34 9869.07 9864.51 9861.27 9861.8 9866.23 9870.62 9875.24 9879.77 9883.24 9885.27 9890.01 9898.62 9906.82 9915.53 9918.11 9930.97 9946.81 9945.18 9932.83 9921.08 9906.44 9893.83 9897.26 9903.98 9908.68 9911.15 9912.38 9906.2 9902.49 9898.66 9894.77 9890.94 9887.99 9887.77 9894.41 9896.51 9897.48 9897.62 9896.8 9893.97 9892.93 9893.45 9891.52 9891.04 9885.79 9878.35 9874.77 9875.66 9885.11 9897.84 9895.91 9882.98 9868.5 9863.39 9869.88 9877.96
