real_craters/C148-300m.grd
DSAA
317 317
-47.46 47.46
-47.46 47.46
8597.6448971219 10482.966271375
[rows 210 to 239 of 317, columns 201 to 267 of 317]
9966.76 9958.53 9945.13 9934.05 9925.15 9918.16 9912.43 9907.05 9907.34 9915.3 9917 9919.78 9916.64 9913.19 9910.64 9907.78 9905.58 9907.25 9909.46 9912.61 9916.84 9919.49 9917.22 9915.85 9915.76 9916.65 9917.9 9918.86 9917.82 9920.56 9923.52 9926.17 9921.19 9914.31 9913.8 9914.46 9915.9 9917.58 9919.38 9921.19 9923.21 9925.35 9926.69 9926.84 9921.38 9918.82 9918.57 9920.05 9923.54 9929.01 9936.52 9943.15 9932.23 9926.94 9924.68 9923.32 9920.04 9915.99 9913.26 9911.43 9914.38 9915.32 9914.78 9910.87 9905.07 9898.95 9892.24
9969.48 9959.4 9945.31 9933.82 9925.13 9918.88 9914.64 9912.36 9911.17 9914.53 9913.55 9911.11 9907.63 9906.22 9904.66 9903.51 9905.57 9913.7 9914.34 9915.74 9919.31 9921.31 9919.16 9917.36 9917.25 9918.1 9920.73 9925.04 9929.78 9926.97 9925.86 9924.68 9923.05 9918.45 9916.68 9916.93 9917.76 9918.79 9919.93 9921.13 9922.37 9923.36 9924.55 9923.64 9916.7 9914.37 9914.68 9916.24 9919.95 9925.2 9932.3 9940.35 9937.88 9934.18 9932.41 9933.14 9925.18 9916.32 9910.92 9910.44 9912.42 9915.5 9914.05 9908.79 9902.64 9897.78 9896.93
9957.36 9948.31 9937.83 9928.75 9921.45 9916.44 9914.47 9917.8 9922.43 9914.88 9908.3 9900.21 9899.41 9900.94 9900.26 9899.3 9903.07 9912.25 9913.68 9915.03 9917.21 9918.62 9918.02 9917.15 9917.23 9918.48 9921.13 9925.91 9929.38 9927.55 9925.74 9924.62 9919.98 9918.27 9918.98 9919.08 9919.15 9919.33 9919.56 9919.87 9920.09 9919.8 9918.17 9912.97 9908.32 9908.54 9909.34 9910.85 9913.54 9917.33 9921.63 9926 9933.89 9934.94 9931.98 9929.35 9921.6 9912.14 9904.76 9904.35 9908.99 9915.6 9913.48 9906.14 9899.3 9894.17 9892.79
9932.49 9930.18 9925.92 9920.64 9915.2 9910.9 9908.42 9908.43 9908.9 9908.3 9905.11 9901.16 9900.03 9900.25 9899.08 9895.8 9896.1 9904.15 9908.96 9911.74 9913.21 9914.52 9915.43 9915.45 9915.52 9916.42 9918.19 9921.06 9924.05 9923.75 9923.23 9922.08 9921.13 9921.91 9922.33 9921.69 9920.95 9920.6 9920.1 9919.53 9918.64 9916.87 9914.05 9909.16 9904.29 9903.99 9904.18 9904.9 9905.95 9907.6 9909.85 9914.77 9923.16 9927.05 9924.84 9920.03 9913.49 9905.53 9897.01 9894.72 9901.14 9907.97 9907.41 9900.84 9894.04 9888.45 9887.28
9918.98 9917.03 9915.04 9912.02 9907.88 9903.17 9899.49 9896.49 9898.1 9901.63 9902.86 9902.76 9902.85 9902.82 9902.3 9900.19 9898.48 9900.57 9905.02 9908.63 9911.75 9912.59 9912.85 9913.05 9913.06 9913.07 9913.41 9913.67 9914.97 9918.37 9920.42 9922.01 9927.77 9928.87 9926.08 9923.61 9921.89 9920.62 9919.5 9918.32 9916.81 9914.85 9912.48 9909.29 9904.4 9900.71 9899.48 9898.91 9898.29 9897.68 9897.14 9900.66 9910.08 9915.88 9914.58 9911.84 9907.01 9899.04 9891.63 9887.68 9891.66 9896.91 9897.52 9893.22 9888.32 9884.45 9885.99
9919.7 9911.95 9907.71 9904.55 9900.81 9896.52 9892.42 9890.59 9896.49 9899 9901.51 9903.49 9905.11 9906.28 9907.42 9909.17 9905.45 9901.82 9902.35 9904.76 9908.63 9909.27 9909.36 9909.61 9909.67 9909.33 9908.54 9908.75 9910.78 9913.84 9917.85 9923.36 9930.36 9931.79 9927.48 9924.3 9922.35 9920.86 9919.45 9917.87 9915.71 9913.23 9910.39 9906.19 9900.52 9896.47 9895.31 9893.82 9891.81 9889.37 9887.63 9889.03 9896.65 9901.79 9901.72 9900.35 9897.53 9891.65 9886.32 9880.15 9882.86 9886.22 9886.89 9885.02 9882.56 9882.17 9888.06
9917.16 9909 9903.56 9899.43 9895.24 9891 9887.42 9885.81 9891.4 9896.29 9900.08 9903.79 9906.94 9908.55 9910.17 9910.66 9905.06 9900.09 9899.01 9899.34 9900.3 9903.15 9905.25 9906.54 9907.08 9906.58 9904.41 9900.8 9904.19 9909.97 9914.36 9918.59 9923.16 9926.38 9924.18 9922.38 9920.99 9919.6 9918.1 9916.15 9914.13 9913.13 9909.61 9903.76 9895.35 9894.33 9893.16 9890.58 9887.11 9882.92 9879.74 9880.9 9883.94 9886.7 9887.51 9886.64 9884.64 9882.23 9881.23 9877.12 9876.4 9877.41 9877.94 9876.97 9875.79 9876.61 9882.8
9905.08 9902.53 9900.26 9896.03 9891.6 9887.23 9883.97 9884.75 9889.12 9893.89 9898.49 9902.86 9906.43 9907.98 9909.43 9911.42 9901.4 9896.48 9895.67 9895.28 9895.53 9899.09 9902.05 9904.19 9905.75 9906.22 9905.33 9901.51 9904.95 9909.53 9912.04 9912.64 9913.8 9915.61 9918.57 9919.73 9919.4 9918.34 9916.89 9915.27 9913.71 9912.58 9909.84 9906.49 9903.12 9898.58 9894.19 9890.04 9885.36 9879.63 9872.14 9870.98 9874.04 9875.2 9874.84 9873.58 9871.55 9870.54 9871.12 9871.16 9869.08 9869.34 9870.58 9869.23 9868.45 9868.43 9872.62
9899.57 9897.67 9897.4 9893.71 9889.25 9884.88 9881.18 9880.79 9887.28 9892.23 9896.71 9900.81 9904.01 9905.23 9904.46 9901.43 9896.74 9894.03 9893.77 9893.83 9894.69 9897.8 9900.81 9903.33 9905.57 9907.75 9910.5 9914.56 9912.7 9912.54 9912.79 9911.57 9908.43 9911.29 9916.27 9918.11 9918.04 9917.46 9916.17 9914.68 9912.97 9912.01 9910.52 9909.83 9908.47 9901.58 9896.33 9891.3 9886.22 9881.18 9876.98 9872.48 9869.17 9865.85 9864.9 9864.07 9860.54 9859.91 9858.81 9858.67 9859.82 9860.95 9860.85 9861.18 9861.84 9862.91 9864.62
9900.51 9898.35 9895.69 9892.07 9888.33 9884.73 9881.89 9882.05 9886.81 9891.12 9894.97 9898.2 9901.24 9900.88 9898.96 9895.71 9891.72 9892.27 9893.56 9895.19 9896.31 9898.33 9900.56 9903.05 9905.64 9908.74 9912.43 9917.4 9916.28 9915.88 9915.87 9916.13 9916.67 9917.91 9918.78 9918.31 9917.3 9915.99 9914.63 9913.59 9912.87 9911.32 9910.26 9909.4 9907.61 9902.57 9897.89 9893.23 9888.61 9884.01 9879.59 9874.35 9868.69 9862.31 9861.07 9861.58 9859.25 9857.24 9853.45 9853.4 9854.71 9855.6 9854.49 9855.2 9856.8 9857.9 9858.2
9899.11 9895.58 9892.57 9891.43 9888.66 9885.48 9884.02 9886.6 9888.48 9890.73 9893.04 9894.83 9895.39 9895.45 9895.1 9893.53 9892.4 9892.71 9894.14 9896.66 9898.66 9899.11 9900.73 9902.96 9905.61 9908.9 9912.05 9912.75 9916.82 9918.25 9919.5 9920.53 9922.09 9924.66 9922.81 9919.11 9916.97 9915.31 9913.88 9912.45 9911.06 9909.9 9909.01 9907.21 9904.35 9902.42 9898.9 9895.05 9891.2 9887.21 9882.14 9877.49 9872.39 9868.13 9866.48 9865.43 9865.45 9863.61 9859.97 9857.24 9856.55 9855.71 9853.67 9853.21 9854.07 9854.74 9854.22
9897.22 9895.74 9894.67 9893.94 9890.34 9886.27 9883.37 9886.03 9888.74 9890.29 9891.68 9892.66 9893.05 9893.3 9893.35 9893.08 9893.11 9893.87 9894.73 9895.28 9896.77 9898.72 9900.15 9901.87 9904.28 9907.6 9912.56 9917.83 9917.46 9919.64 9922.54 9924.98 9929.55 9930.18 9922.66 9917.58 9915.07 9913.46 9912.02 9910.71 9909.47 9908.04 9906.82 9905.24 9903.78 9901.92 9898.75 9896.26 9893.58 9890.93 9887.77 9881.87 9877.08 9874.43 9872.4 9869.92 9869.3 9868.4 9866.44 9864.41 9862.87 9859.52 9856.3 9854.42 9853.69 9852.77 9852.5
9894.43 9893.47 9900.93 9897.61 9891.99 9887.49 9883.77 9885.89 9888.27 9889.51 9890.43 9891.27 9892.1 9892.68 9893.42 9894.55 9895.31 9894.82 9895.98 9897.18 9897.89 9898.62 9899.28 9900.22 9901.8 9904.03 9906.63 9910.11 9914.31 9918.48 9923.91 9930.15 9929.66 9922.24 9913.54 9912.95 9912.39 9911.3 9909.92 9908.7 9907.28 9905.97 9904.45 9902.82 9900.12 9897.79 9897.67 9897.09 9895.17 9892.58 9889.51 9884.32 9879.78 9876.61 9874.25 9872 9870.98 9870.1 9868.94 9867.97 9866.88 9863.56 9861.48 9859.99 9856.13 9852.86 9853.14
9891.28 9888.89 9896.92 9895.41 9891.14 9888.53 9888.05 9888.12 9888.1 9888.59 9889.38 9890.16 9890.61 9890.55 9889.53 9890.23 9891.74 9893.57 9896.48 9900.14 9899.44 9898.28 9897.96 9897.9 9898.51 9899.52 9901.25 9904.59 9909.3 9914.25 9919.76 9924.8 9922.82 9914.76 9908.18 9910.24 9909.93 9908.87 9907.91 9906.13 9905.27 9903.99 9902.75 9901.83 9900.76 9898.12 9898.92 9898.36 9896.41 9893 9888.53 9884.98 9880.47 9876.45 9873.59 9871.81 9871.42 9872.06 9869.58 9868.44 9867.09 9865.52 9864.58 9863.17 9860.17 9857.8 9855.81
9888.96 9886.35 9887.16 9887.67 9887.57 9887.21 9887.7 9886.62 9886.82 9887.37 9888.26 9888.9 9888.85 9887.29 9882.43 9883.37 9886.95 9890.53 9894.34 9898.07 9897.62 9896.48 9895.57 9895.17 9894.91 9894.84 9895.94 9899.2 9903.77 9908.08 9911.56 9913.66 9913.46 9914.01 9914.13 9910.09 9908.3 9906.85 9904.77 9903.44 9901.93 9901.79 9901.18 9901.38 9902.82 9905.12 9902.81 9899.07 9897.26 9895.79 9891.45 9885.57 9879.72 9874.55 9870.46 9869.75 9869.75 9868.24 9869.16 9868.13 9866.6 9866.29 9865.43 9863.59 9862.57 9860.74 9858.56
9887.04 9884.21 9881.53 9882.07 9884.08 9884.6 9883.95 9884.26 9885.14 9886.18 9886.93 9887.69 9887.77 9887.3 9884.03 9880.77 9883.59 9887.49 9890.54 9892.69 9893.63 9893.54 9892.97 9892.4 9891.58 9890.83 9890.21 9894.15 9898.99 9902.41 9903.32 9902.72 9902.39 9900.49 9907.26 9907.47 9905.97 9904.95 9903.74 9901.87 9900.37 9899.06 9898.16 9898.09 9900.61 9905.21 9900.26 9894.85 9894.07 9897.38 9893.01 9883.99 9877.34 9872.35 9868.8 9868.16 9868.84 9870.82 9869.26 9867.62 9867.44 9866.83 9866.85 9867.02 9865.26 9862.77 9860.76
9885.67 9882.51 9880.68 9881.43 9882.78 9883.62 9882.96 9882.8 9883.77 9884.97 9885.86 9886.49 9886.63 9885.9 9884.92 9884.45 9884.31 9885.9 9887.6 9888.67 9890.06 9890.59 9890.38 9889.84 9889.07 9888.56 9889.1 9892.02 9896.16 9899.54 9900.46 9898.7 9896.2 9891.7 9902.07 9903.52 9903.2 9902.1 9901.05 9899.84 9897.49 9895.79 9893.82 9892.07 9889.76 9887.42 9886.51 9883.08 9882.5 9886.19 9883.32 9877.39 9872.95 9869.46 9867.08 9866.55 9867.23 9867 9866.27 9865.59 9864.73 9864.76 9867.4 9871.08 9868.98 9864.96 9862.33
9885.21 9882.9 9881.55 9881.49 9882.58 9883.99 9882.87 9881.8 9882.89 9883.86 9884.76 9885.5 9885.86 9885.77 9885.31 9883.79 9884.47 9885.11 9886.13 9887.18 9887.75 9888.26 9888 9887.68 9887.19 9886.93 9887.9 9890.81 9894.82 9898.85 9902.15 9901.12 9896.47 9894.21 9897.42 9899.1 9899.53 9899.15 9898.37 9897.32 9896.05 9894.07 9890.46 9886.14 9879.34 9869.49 9867.21 9868.84 9867.44 9861.04 9865.79 9868.14 9867.51 9866.17 9865.27 9866.15 9867.44 9865.21 9864.59 9864.96 9862.18 9862.16 9865.64 9868.17 9867.53 9864.8 9862.41
9885.31 9883.83 9882.53 9881.26 9882.27 9883.76 9883.82 9882.43 9882.46 9883.16 9883.87 9884.59 9885.54 9886.9 9887.38 9886.95 9885.15 9884.52 9884.6 9885.26 9886 9886.58 9886.6 9886.56 9886.34 9885.98 9886.28 9889.93 9893.74 9897.79 9901.78 9900.78 9896.54 9894.74 9894.41 9895.44 9896.51 9896.82 9896.1 9895.13 9893.88 9892.08 9889.09 9884.31 9876.28 9866.33 9860.24 9860.99 9860.39 9858.44 9859.9 9862.14 9863.06 9863.35 9864.31 9866.54 9870.67 9873.68 9870.81 9868.27 9866.03 9865 9864.13 9862.45 9864.31 9862.12 9860.72
9885.82 9884.46 9883.64 9881.91 9881.79 9882.62 9882.21 9882.02 9882.11 9882.69 9883.18 9883.8 9884.59 9885.62 9886.45 9886.16 9884.53 9883.76 9883.25 9883.73 9884.78 9885.51 9885.9 9886.08 9886.26 9886.78 9887.61 9889.94 9892.65 9895.36 9897.14 9896.83 9894.19 9891.4 9891.56 9893.55 9894 9894.33 9894.09 9893.7 9892.74 9891.59 9889.3 9885.46 9879.69 9872.39 9864.68 9860.93 9860.05 9859.73 9859.05 9859.69 9860.48 9861.04 9861.98 9864.35 9870.62 9877.4 9875.55 9871.17 9869.3 9868.2 9864.22 9859.29 9855.85 9858.2 9858.46
9885.83 9884.2 9884.01 9883.31 9881.72 9877.61 9879.89 9881.34 9881.92 9882.28 9882.44 9882.53 9882.8 9883.27 9883.26 9881.95 9883.15 9883.31 9883.2 9883.6 9884.32 9884.95 9885.21 9885.78 9886.36 9887.81 9889.47 9890.04 9891.65 9893.14 9893.5 9893.26 9891.88 9889.87 9889.36 9890.43 9891.55 9892.48 9892.77 9892.93 9892.37 9891.66 9890.2 9889.08 9886.81 9883.69 9872.93 9866.36 9862.6 9860.3 9859.07 9859.12 9859.48 9859.72 9859.62 9859.75 9862.88 9867.64 9870.82 9869.65 9869.22 9868.41 9866.2 9861.48 9856.55 9858.27 9857.77
9886.1 9883.18 9879.57 9882.85 9883.2 9882.09 9881.8 9882.06 9882.24 9882.27 9882 9881.63 9880.84 9880.46 9882.97 9882.18 9883.22 9883.81 9884.02 9884.25 9884.58 9885.12 9885.57 9885.88 9886.05 9886.01 9887.45 9889.56 9890.95 9891.87 9892.63 9891.87 9890.72 9889.5 9888.33 9885.86 9889.83 9890.87 9891.49 9892.12 9892.7 9892.71 9892.66 9892.57 9893.15 9892.92 9889.16 9877.97 9866.82 9860.14 9859.98 9859.86 9859.68 9859.66 9859.36 9858.29 9856.09 9856.44 9861.52 9865.27 9867.99 9869.94 9870.74 9869.88 9867.53 9863.89 9860.01
9886.45 9883.35 9881.66 9882.77 9883.85 9883.89 9883.09 9882.58 9882.57 9882.46 9882.16 9881.43 9880.19 9877.86 9880.7 9883.73 9884.61 9885.04 9885.6 9885.36 9885.3 9885.73 9886.29 9886.61 9886.69 9885.91 9887.54 9890.01 9891.2 9890.91 9890.08 9890.94 9890.68 9889.56 9888.13 9894.39 9890.27 9889.97 9890.71 9891.69 9892.41 9893.05 9893.87 9895.35 9897.15 9900.09 9899.87 9884.94 9873.01 9865.39 9862.67 9861.1 9860.21 9859.95 9860.8 9862.2 9857.9 9855.29 9857.45 9861.33 9866.29 9871.75 9874.58 9877.97 9877.54 9870.52 9864.01
9887.36 9884.58 9881.46 9881.91 9883.03 9882.17 9882.05 9882.76 9882.96 9883.01 9882.78 9882.59 9882.3 9882.52 9884.91 9887.19 9886.02 9885.51 9886.21 9885.82 9886 9886.53 9887.2 9887.82 9888.57 9889.79 9890.68 9892.01 9893.12 9893.17 9892.14 9892.55 9892.14 9891.07 9890.02 9885.98 9888.11 9888.92 9890.37 9891.51 9892.23 9893.07 9894.38 9895.52 9897.46 9899.27 9897.77 9887.08 9878.61 9871.25 9866.17 9862.86 9860.86 9859.92 9860.21 9862.51 9862.84 9859.17 9855.59 9858.7 9863.54 9868.03 9872.12 9878.99 9879.31 9873.46 9867.85
9888.16 9886.05 9885.48 9884.83 9877.72 9876.1 9881.53 9883 9883.57 9883.74 9883.97 9884.24 9885.01 9886.12 9885.32 9887.17 9886.22 9885.49 9884.18 9885.88 9886.71 9887.49 9888.26 9889.12 9890.32 9892 9893.02 9894.44 9896.05 9897.29 9897.57 9896.04 9894.61 9893.26 9891.85 9889.01 9887.92 9888.73 9889.85 9890.7 9891.6 9892.05 9892.57 9893.3 9893.85 9894.16 9892.94 9885.57 9880.61 9874.01 9867.54 9863.26 9860.28 9858.33 9857.01 9856.68 9859.95 9859.48 9857.77 9859.19 9861.43 9862.43 9864.94 9868.01 9874.08 9874.79 9870
9888.42 9886.56 9884.8 9880.37 9872.64 9875.74 9882.83 9883.92 9884.38 9884.54 9884.78 9885.25 9885.92 9886.55 9885.08 9885.42 9885.38 9885.85 9887.1 9886.53 9887.23 9888.15 9888.92 9889.82 9891.05 9892.06 9893.73 9895.82 9898.42 9900.7 9900.57 9898.85 9896.67 9894.9 9893.59 9889.79 9888.22 9889.17 9889.78 9890.06 9890.15 9890.04 9889.85 9889.25 9888.42 9886.03 9882.39 9873.92 9873.11 9870.32 9866.23 9862.32 9858.88 9855.79 9853 9850.21 9850.19 9854.69 9858.72 9861.09 9861.22 9860.9 9861.63 9863.03 9871.16 9873.58 9869.63
9887.74 9886.16 9884.66 9883.36 9883.09 9881.38 9883.69 9884.49 9884.81 9885.16 9885.45 9885.5 9885.13 9884.59 9884.77 9883.52 9884.79 9884.31 9884.52 9886.92 9887.98 9888.7 9889.21 9889.77 9890.85 9892.86 9892.77 9894.76 9898.87 9904.85 9904.21 9899.98 9897.22 9895.36 9893.1 9889.97 9889.63 9890.68 9891.01 9890.66 9889.75 9888.42 9886.42 9884.54 9882.22 9877.57 9868.94 9859.59 9861.38 9865.68 9864.33 9860.83 9857.35 9854.17 9850.81 9847.47 9845.85 9852.34 9859.67 9863.77 9862.03 9859.71 9858.97 9864.76 9867.42 9868.22 9867.72
9887.55 9886.25 9885.58 9886.12 9884.33 9883.26 9883.98 9884.49 9885.1 9885.48 9885.87 9885.79 9884.82 9882.74 9881.48 9884.49 9886.23 9887.65 9888.26 9888.79 9889.13 9889.22 9889.22 9889.23 9888.89 9888.45 9889.33 9890.4 9893.57 9899.77 9899.79 9896.71 9895.57 9895.26 9894.93 9893.8 9893.34 9893.73 9892.56 9890.63 9888.72 9886.27 9883.72 9881.13 9877.82 9873.7 9868.62 9865.85 9871.44 9867.12 9863.06 9859.48 9856.18 9853.2 9850.44 9848 9847.3 9853.24 9860.08 9863.72 9863.25 9861.34 9861.8 9865.68 9865.69 9865.42 9866.49
9887.22 9885.56 9884.5 9883.49 9884.69 9883.96 9884.21 9884.34 9884.58 9885.25 9886.08 9886.73 9886.61 9884.05 9882.21 9885.51 9887.86 9891.28 9891.96 9891.19 9890.6 9889.97 9889.29 9888.63 9888.13 9886.64 9885.04 9883.52 9882.42 9882.26 9886.1 9889.46 9892.21 9894.89 9897.07 9898.31 9901.38 9898.96 9895 9891.66 9888.23 9884.98 9881.4 9877.39 9874.07 9871.39 9871.18 9874.01 9874.33 9866.25 9860.66 9856.88 9854.16 9852.18 9850.94 9850.48 9851.49 9856.22 9861.9 9866.54 9865.04 9862.85 9861.74 9865.68 9864.9 9865.22 9864.6
9885.23 9883.83 9881.82 9879.89 9880.44 9885.15 9883.5 9883.05 9883.71 9884.82 9886.12 9887.46 9888.81 9886.86 9884.4 9884.69 9887.75 9891.62 9893.33 9892.99 9892 9890.77 9889.14 9887.7 9887.29 9884.73 9880.53 9876.63 9872.45 9868.69 9874.99 9882.14 9888.08 9893.9 9900.36 9908.83 9910.35 9903.14 9896.76 9891.82 9888 9884.53 9880.33 9876.48 9871.32 9867.89 9865.8 9864.36 9863.58 9858.75 9855.45 9853.1 9851.49 9850.92 9851.61 9853.71 9855.56 9858.98 9864.16 9867.22 9866.83 9864.29 9861.95 9862 9860.63 9860.11 9860.18
