real_craters/C148-500m.grd
DSAA
191 191
-47.46 47.46
-47.46 47.46
8594.8596029409 10487.563459414
[rows 60 to 89 of 191, columns 0 to 66 of 191]
9823.25 9820.79 9818.41 9815.68 9812.91 9815.87 9819.67 9816.71 9808.24 9798.18 9787.31 9777.92 9783.81 9799.55 9820.52 9823.04 9823.11 9824.44 9824.39 9824.02 9823.2 9821.67 9820.53 9821.64 9822.21 9818.48 9819.69 9824.67 9828.65 9837.72 9849.24 9866.9 9875.97 9878.35 9874.5 9873.91 9874.52 9881.03 9882.06 9882.41 9881.32 9879.99 9877.63 9873.23 9862.14 9853.64 9863.7 9882.13 9893.24 9903.36 9895.74 9887.51 9883.09 9888.65 9889.87 9892.75 9894.3 9890.78 9888.39 9890.76 9896.14 9891.08 9874.8 9857.99 9865.22 9876.6 9874.67
9825.57 9822.26 9820.31 9818.97 9818.63 9821.99 9826.39 9821.07 9814.91 9811.02 9812.99 9805.17 9779.81 9778.27 9793.44 9809.35 9821.01 9822.36 9822.64 9823.36 9823.12 9823.15 9824.16 9822.2 9820.39 9817.84 9820.57 9819.57 9822.41 9828.24 9842.36 9856.13 9868.3 9874.59 9873.7 9874.02 9879.18 9882.34 9882.23 9882.26 9882.6 9882.14 9882.55 9883.18 9883.57 9867.48 9861.72 9880.95 9904.13 9903.8 9908.78 9898.72 9897.47 9900.34 9910.27 9916.56 9906.5 9899.81 9896.71 9895.89 9894.48 9890.57 9879.32 9870.4 9868.57 9872.17 9871.23
9822.14 9822.3 9822.06 9822.58 9825.06 9826.27 9824.14 9820.8 9818.68 9817.14 9816.83 9814.23 9808.98 9789.07 9768.22 9795.7 9820.45 9821.53 9822.69 9821.62 9822.1 9823.87 9824.98 9823.43 9820.25 9821.94 9821.29 9816.4 9820.11 9827.24 9832.79 9847.22 9862.85 9876.21 9875.04 9874.61 9877.98 9880.5 9882.32 9883.54 9884.49 9885.36 9886.39 9887.48 9886.28 9872.91 9864.73 9879.86 9901.4 9906.43 9897.55 9893.94 9898.62 9901.33 9912.82 9919.07 9911.07 9902.47 9897.22 9898.35 9899.11 9896.48 9886.27 9875.07 9871.51 9874.84 9877.8
9822.04 9822.44 9822.99 9823.83 9825.06 9824.4 9822.44 9821.4 9821.02 9820.12 9817.57 9819.49 9821.24 9813.28 9804 9790.88 9791.3 9811.09 9818.77 9815.44 9817.74 9823.18 9828.67 9826.51 9821.26 9821.28 9821.38 9816 9819.68 9825.34 9825.32 9839.89 9855.91 9870 9869.66 9872.73 9877.63 9879.35 9882.31 9884.37 9886.09 9887.36 9887.3 9886.18 9879.9 9870.99 9872.99 9891.88 9907.63 9900.38 9894.68 9886.08 9882.64 9894.16 9906.29 9913.68 9909.08 9901.84 9896.84 9907.77 9907.81 9901.57 9891.44 9879.35 9875.21 9880.83 9887.35
9822.39 9823.19 9823.96 9824.46 9824.54 9822.3 9821.41 9823.2 9823.23 9822.88 9823.32 9823.4 9823.24 9823.26 9817.53 9801 9786.59 9793.26 9796.68 9800.86 9810.15 9819.84 9828.06 9828.88 9825.93 9820.82 9818.66 9817.56 9819.24 9820.08 9823.61 9835.9 9848.56 9855.3 9859.04 9868.17 9874.44 9876.62 9881.78 9884.66 9886.55 9887.25 9886.77 9883.73 9876.38 9868.63 9875.18 9891.32 9901.54 9897.77 9890.62 9882.38 9880.38 9887.66 9896.6 9904.93 9904.32 9904.76 9906.83 9918.04 9913.73 9907.37 9897.48 9882.79 9878.21 9886.63 9894.4
9823.15 9823.91 9824.72 9825.38 9824.75 9823.06 9823.99 9825.37 9824.43 9823.63 9825.22 9824.96 9825.68 9823.6 9821.74 9820.5 9810.1 9783.48 9765.94 9788.19 9803.39 9814.52 9823.43 9826.88 9827.25 9825.98 9823.3 9821.74 9821.12 9821.82 9824.86 9835.76 9845.12 9847.78 9855.11 9863.87 9871.61 9877.3 9883.42 9886.08 9887.2 9887.24 9885.94 9882.24 9871.76 9865.29 9866.03 9878.45 9885.08 9890.43 9889.9 9882.28 9879.31 9883.39 9886.95 9888.43 9896.83 9906.66 9910.87 9903.37 9908.21 9909.59 9905.43 9892.45 9886.43 9890.35 9890.09
9823.58 9824.81 9826.48 9827.54 9827.17 9825.29 9827.38 9826.89 9824.24 9823.05 9822.92 9824.38 9824.93 9824.37 9824.36 9823.52 9813.86 9795.75 9785.86 9793.62 9802.79 9810.43 9816.67 9820.61 9823.77 9824.93 9826.44 9825.65 9824.82 9825.27 9830.74 9839.75 9847.57 9853.62 9859.55 9866.5 9874.85 9883.65 9888.52 9889.12 9888.98 9888.13 9885.75 9883.44 9874.13 9866.62 9864.13 9865.81 9865.64 9879.59 9891.81 9892.07 9886.55 9882.96 9880.64 9881.64 9889.55 9904.03 9909.48 9906.78 9905.85 9909.42 9912.01 9905.06 9905.11 9892.26 9880.02
9823.06 9825.38 9827.54 9830 9834.15 9840.39 9832.14 9823.82 9823.57 9822.77 9823.16 9825.82 9827.66 9829.28 9827.93 9825.3 9819.89 9813.33 9814.18 9806.78 9805.62 9807.58 9814.05 9821.73 9823.21 9822.83 9820.12 9823.97 9827.71 9834.32 9840.04 9845.92 9853.2 9856.15 9871.71 9885.15 9894.27 9900 9895.9 9894.35 9893.11 9890.61 9885.66 9874.82 9864.36 9871.44 9874.58 9866.91 9879.35 9896.81 9897.35 9897.15 9891.41 9883.95 9878.04 9872.42 9881.7 9899.19 9902.27 9897.07 9900.36 9901.23 9901.01 9905.17 9902.93 9889 9878.95
9823.79 9825.84 9827.85 9830.37 9833.68 9835.01 9831.63 9827.04 9825.02 9824.39 9824.27 9825.23 9826.42 9827.3 9828.13 9829.23 9826.23 9823.5 9819.89 9815.14 9807.07 9800.64 9799.47 9816.58 9822.13 9829.14 9827.01 9826.09 9828.21 9833.51 9839.96 9849.09 9863.42 9871.99 9888.6 9908.1 9907.96 9898.43 9899.93 9898.98 9897.72 9895.28 9892.63 9885.29 9874.93 9886.93 9889.45 9880.62 9894.96 9898.2 9888.43 9891.57 9888.88 9884.76 9880.97 9878.58 9885.25 9897 9899.54 9897.01 9898.15 9896.94 9889.05 9900.86 9899.35 9887.26 9878.66
9826.01 9826.04 9826.94 9828.11 9828.16 9825.85 9826.74 9826.38 9825.61 9825.67 9825.28 9825.13 9824.57 9823.95 9825.44 9825.89 9827.04 9828.37 9830.78 9821.21 9807.47 9793.3 9774.96 9764.28 9802.97 9826.28 9832.24 9830.42 9827.43 9823.8 9829.58 9848.7 9866.38 9875.51 9899.09 9921.76 9915.7 9904.36 9902.58 9900.86 9899.24 9899.33 9899.65 9899.36 9888.54 9901.14 9904.58 9893.65 9895.73 9894.6 9889.77 9885.1 9884.99 9884.81 9885.52 9888.88 9893.96 9896.96 9901.23 9901.35 9899.76 9900.4 9912.03 9900.58 9890.3 9885.65 9884.86
9825.93 9825.21 9825.29 9825.44 9825.38 9824.11 9824.89 9827.73 9827.62 9823.09 9822.97 9823.4 9823.82 9824 9824.79 9824.39 9826.61 9826.93 9825.34 9818.72 9808.71 9796.15 9781.1 9764.94 9790.04 9817.37 9828.94 9829.65 9831.06 9830.84 9830.36 9852.84 9870.75 9880.65 9899.81 9915.31 9915.43 9910.23 9905.27 9900.77 9898.59 9899.68 9897.59 9893.49 9897.58 9893.07 9889.96 9885.7 9891.42 9897.18 9885.87 9882.46 9883.09 9885.23 9889.17 9894.55 9898.22 9897.3 9903.64 9903.29 9899.45 9897.24 9892.9 9893.23 9892.55 9887.35 9893.31
9823.06 9823.12 9823.01 9822.96 9823.37 9822.59 9824.93 9830.45 9830.74 9828.8 9824.65 9823.21 9824.72 9825.81 9827.54 9828.08 9827.7 9826.5 9822.65 9818.3 9813.43 9806.64 9802.65 9792.08 9795.98 9814.69 9830.71 9834.14 9837.25 9841.36 9845.71 9864.68 9882.22 9885.51 9895.97 9906.12 9909.98 9913.03 9904.83 9896.15 9892.29 9896.07 9908.68 9907.82 9900.8 9901.38 9891.51 9888.06 9884.8 9888.68 9859.84 9877.09 9881.66 9885.44 9889.96 9895.35 9900.26 9894.77 9898.28 9898.68 9897.73 9896.03 9893.74 9895.95 9902.86 9904.97 9904
9820.67 9820.46 9820.27 9820.26 9820.97 9822.28 9824.55 9826.98 9826.48 9824.27 9826.94 9828.62 9829.29 9829.88 9830.33 9830.08 9828.93 9826.87 9824.5 9821.54 9818.19 9815.55 9815.83 9812.04 9803.86 9806.39 9826.1 9834.5 9837.65 9847.53 9860.8 9876.19 9886.49 9885.13 9888.35 9893.93 9899.4 9899.91 9894.16 9885 9877.33 9876.24 9896.2 9898.87 9893.43 9900.76 9899.61 9892.81 9878.94 9871.81 9874.88 9877.8 9881.41 9885.32 9888.89 9890.76 9889.1 9890.21 9884.84 9892.45 9896.86 9898.08 9897.98 9901.54 9908.12 9917.49 9916.61
9819.27 9818.85 9818.3 9817.76 9817.86 9819.78 9822.82 9825.67 9826.4 9824.45 9829.34 9834.26 9834.75 9834.53 9832.79 9831.17 9830.32 9828.06 9825.73 9823.46 9821.69 9821.24 9822.36 9823.12 9806.3 9780.89 9805.14 9829.38 9833.57 9847.07 9869.84 9880.54 9882.19 9882.31 9884.61 9887.69 9889.92 9888.71 9883.23 9873.62 9860.27 9842.87 9821 9869.31 9888.58 9887.18 9895.09 9885.14 9888.12 9877.6 9872.54 9877.17 9882.47 9886.44 9887.84 9888.11 9887.2 9889.59 9893.98 9894.6 9898.94 9902.95 9906.47 9913.01 9927.46 9939.49 9931.04
9818.83 9818.65 9818.36 9817.58 9816.97 9818.44 9820.54 9824.1 9825.48 9825.7 9829.1 9834.87 9840.95 9839.96 9838.5 9835.78 9832.6 9829.37 9826.17 9823.89 9822.15 9821.46 9820.3 9822.81 9808.31 9780.94 9793.12 9826.03 9833.95 9844.11 9859.2 9872.07 9875.24 9878.59 9882.06 9885.43 9885.07 9883.19 9877.56 9868.72 9854.52 9834.13 9816.29 9861.91 9882.79 9882.36 9884.8 9885.44 9887.01 9886 9882.63 9882.29 9886.14 9889.13 9890.87 9890.48 9884.75 9887.03 9894.18 9898.01 9903.21 9910.11 9917.82 9925.94 9931.48 9939.97 9936.43
9821.05 9820.49 9821.14 9821.17 9820.61 9822.97 9824.82 9824.5 9821.04 9823.62 9827.93 9832.82 9838.19 9840.53 9841.57 9838.87 9834.84 9830.7 9826.16 9821.34 9821.08 9820.76 9820.05 9819.47 9811.69 9794.55 9772.15 9819.67 9831.71 9841.41 9856.08 9869.96 9871.16 9876.11 9882.59 9884.17 9883.81 9881.79 9877.86 9872.63 9864.48 9855.41 9857.39 9877.46 9882.25 9879.88 9878.81 9878.23 9878.05 9881.08 9878.24 9888.86 9890.52 9893.19 9894.78 9895.93 9900.52 9897.36 9897.24 9899.37 9905.83 9915.2 9927.34 9939.14 9933.12 9926.95 9930.71
9825.22 9824.9 9827.29 9829.58 9831.27 9832.49 9833.27 9831.96 9828.03 9829.09 9833.55 9834.22 9834.2 9839.09 9840.45 9839.75 9836.63 9832.54 9827.95 9823.38 9822.07 9820.97 9819.88 9819.3 9817.75 9813.16 9773.39 9802.52 9825.37 9841.04 9849.2 9858.53 9867 9872.89 9880.38 9884.26 9886.1 9885.35 9882 9883.54 9883.13 9883.16 9886.8 9901.2 9890.33 9881.79 9884.22 9888.17 9887.84 9883.83 9880.56 9888.29 9894.12 9896.75 9897.83 9898.14 9893.8 9887.63 9891.25 9896.36 9904.24 9914.51 9926.76 9940.84 9929.21 9917.46 9925.69
9829.68 9832.23 9835.85 9839.48 9841.75 9842.9 9845.53 9843.16 9842.22 9839.2 9837.58 9836.85 9837.45 9840.89 9843.19 9841.53 9838.47 9834.87 9831.7 9829.51 9826.16 9821.9 9818.62 9820.03 9822.16 9818.43 9783.65 9784.04 9833.75 9847.77 9854.09 9860.6 9865.67 9873.03 9874.52 9886.41 9892.35 9894.6 9895.56 9899.01 9902.98 9911.62 9918.44 9917.58 9904.1 9892.41 9894.77 9896.51 9891.25 9891.49 9895.84 9898.05 9900.63 9900.8 9900.57 9899.71 9894.42 9876.58 9881.28 9892.85 9900.92 9909.57 9918 9921.61 9920.87 9922.84 9923.73
9845.61 9844.03 9844.58 9847.14 9849.22 9849.17 9851.6 9851.26 9849.69 9845.41 9841.87 9838.9 9839.14 9842.12 9840.8 9842.5 9839.6 9836.58 9834.27 9833.37 9829.08 9824.29 9821.6 9821.7 9821.75 9819.07 9795 9778.07 9829.55 9850.87 9863.45 9877.42 9878.81 9886.63 9892.91 9896.42 9901.25 9906.74 9911.63 9915.29 9917.12 9918.03 9915.24 9912.1 9916.86 9905 9891.85 9890.16 9889.49 9896.22 9903.66 9911.44 9906.87 9903.15 9900.79 9900.2 9895.47 9885.61 9886.21 9889.07 9894.96 9901.68 9906.51 9910.77 9912 9914.3 9922.24
9865.67 9858.44 9851.06 9844.56 9846.13 9850.27 9853.21 9854.64 9854.26 9846.49 9841.34 9841.32 9841.88 9844.75 9848.33 9843.11 9839.96 9837.08 9834.17 9831.09 9828.44 9826.82 9825.8 9825.52 9824.97 9821.74 9813.06 9792.55 9813.94 9843.29 9863.39 9876.65 9883.64 9897.08 9906.66 9904.51 9908.38 9916.54 9929.91 9926.94 9924.02 9926.31 9916.77 9913.42 9919.26 9905.65 9892.69 9887.11 9890.38 9902.26 9908.53 9911.81 9905.83 9900.83 9897.45 9895.12 9892.33 9883.77 9886.02 9888.42 9892.64 9896.6 9899.31 9898.84 9903.24 9915.34 9919.6
9888.38 9868.8 9853.84 9847.46 9845.44 9849 9853.85 9853.52 9847.06 9841.58 9841.94 9843 9843.36 9842.67 9841.64 9841.86 9839.72 9837.16 9833.97 9830.13 9828.33 9829.62 9830.3 9830.46 9829.8 9832.2 9835 9827.33 9797.84 9834.78 9868.08 9883.68 9887.81 9888.9 9896.41 9901.92 9909.35 9917.6 9924.96 9926.09 9922.27 9917.79 9917.68 9916.37 9916.66 9905.5 9902.21 9897.57 9900.64 9911.04 9913.82 9904.77 9899.86 9895.46 9891.36 9887.03 9884.72 9892.06 9884.98 9886.33 9890.22 9894.59 9896.08 9897.69 9900.4 9903.63 9913.9
9877.9 9863.64 9848.21 9837.37 9840.09 9845.01 9850 9849.59 9846.09 9841.35 9840.08 9839.97 9841.22 9842.33 9842.35 9840.88 9839.29 9837.43 9835.23 9832.82 9831.86 9833.23 9833.96 9835.16 9838.59 9840.88 9844.46 9846.72 9823.6 9847.31 9883.78 9901.56 9896.86 9874.65 9881.94 9899.36 9909.29 9916.1 9919.58 9921.17 9921.9 9921.13 9928.91 9921.43 9909.93 9911.51 9912.64 9911.41 9911.28 9915.54 9909.31 9900.23 9894.59 9889.93 9885.67 9881.91 9884.46 9885.33 9879.1 9886.05 9891.47 9895.16 9897.58 9898.83 9899.65 9901.35 9922.47
9853.98 9848.14 9841.17 9832.86 9837.34 9840.43 9841.28 9839.93 9841.95 9848.42 9846.51 9844.01 9840.92 9840.54 9840.07 9839.64 9838.79 9837.7 9836.92 9837.76 9840.68 9838.34 9838.13 9838.03 9837.43 9841.67 9842.96 9839.57 9838.28 9860.87 9900.6 9921.74 9918.92 9911.01 9902.03 9905.43 9911.61 9916.64 9918.2 9922.43 9929.39 9930.91 9931.85 9920.67 9911.71 9917.51 9923.26 9914.06 9912.22 9913.1 9906.44 9896.52 9889.69 9885.19 9880.59 9878.07 9875.9 9870.37 9878.84 9889.61 9895.36 9899.03 9901.55 9902.59 9902.84 9907.39 9908.29
9829.65 9834.4 9842.45 9844.22 9840.83 9838.4 9834.98 9831.81 9836.51 9843.71 9843.24 9841.19 9839.43 9837.88 9838.62 9838.73 9838.27 9837.71 9837.31 9837.44 9837.79 9842.08 9840.21 9839.67 9843.27 9843.86 9842.25 9838.27 9845.25 9863.93 9893.5 9911.35 9923.58 9923.33 9915.72 9913.36 9916.44 9921.13 9927.22 9933.86 9935.18 9935.02 9928.2 9920.4 9916.88 9923.96 9919.79 9908.51 9907.2 9907.37 9900.29 9891.46 9886.76 9882.48 9877.14 9870.96 9869.28 9883.52 9897.3 9898.14 9899.93 9902.92 9907.18 9912.78 9921.88 9927.26 9939.66
9824.5 9830.32 9844.59 9851.26 9843.03 9837.87 9834.27 9832.58 9833.75 9834.4 9836.55 9834.65 9836.96 9838.2 9838.2 9838.29 9838.31 9837.88 9837.09 9835.91 9835.17 9835.5 9836.67 9836.83 9838.64 9842.89 9842.24 9845.19 9848.13 9857.8 9866.33 9886.01 9912.19 9908.1 9912.94 9915.61 9919.28 9923.35 9928.78 9931.02 9931.62 9927.09 9918.14 9918.8 9915.62 9911.18 9909.55 9902.83 9901.79 9900.54 9897.31 9893.81 9889.08 9882.85 9877.86 9871.39 9865.81 9885.46 9903.94 9901.54 9901.7 9904.68 9909.66 9917.09 9925.81 9930.05 9943.76
9827.14 9829.75 9835.38 9840.11 9839.25 9836.71 9834.63 9833.19 9834.07 9837.39 9838.04 9836.82 9836.87 9837.33 9838.38 9838.8 9838.99 9838.62 9837.9 9836.5 9833.27 9831.87 9833.83 9833.71 9834.19 9838.2 9837.47 9839.24 9847.2 9869.92 9882.37 9883.58 9893.21 9903.61 9911.44 9916.4 9920.36 9923.97 9926.97 9932.24 9938.99 9934.52 9927.38 9923.56 9917.72 9913.97 9907.79 9899.09 9900.99 9900.06 9894.44 9885.9 9881.67 9884.39 9884.22 9877.27 9864.34 9876.22 9894.65 9897.61 9899.38 9903.16 9908.58 9915.09 9922.17 9924.75 9931.14
9830.25 9830.35 9829.02 9832.16 9835.42 9835.18 9834.48 9834.92 9834.77 9836.05 9837 9836.99 9837.68 9838.5 9839.27 9839.63 9839.77 9839.55 9839.08 9838.5 9838 9835.73 9834.05 9833.52 9834.35 9835.68 9836.2 9838.37 9844.15 9863.84 9886.92 9877.2 9878.04 9905.98 9913.49 9918.59 9921.8 9924.3 9925.99 9921.76 9931.03 9933.32 9930.07 9926.24 9920.23 9920.16 9914.87 9908.31 9905.78 9902.64 9897.07 9890.02 9886.78 9889.54 9893.17 9892.57 9873.09 9871.86 9880.79 9889.67 9898.06 9904.09 9908.75 9913.05 9916.87 9921.46 9927.93
9833.06 9833.71 9836.03 9835.4 9835.06 9834.18 9832.83 9833.95 9835.3 9835.84 9835.9 9837.01 9838.7 9839.89 9840.81 9841.12 9841.24 9841.12 9841.1 9840.82 9840.24 9837.25 9835.47 9834.5 9834.84 9836.77 9838.31 9839.49 9841.55 9855.73 9869.09 9872.41 9876.16 9904.18 9915.13 9919.4 9921.61 9925.05 9928.57 9934.08 9930.67 9930.18 9927.36 9922.76 9917.38 9913.07 9915.15 9912.72 9911.25 9907.66 9901.87 9898.43 9896.33 9893.87 9896.67 9896.34 9886.39 9875.1 9871.05 9887.93 9900.12 9906.62 9910.8 9913.55 9916.03 9928.09 9953
9835.65 9837.59 9840.05 9837.79 9835.93 9834.53 9833.54 9837.38 9836.31 9835.04 9835.88 9838.46 9840.87 9842.18 9842.79 9843.04 9843 9842.91 9842.83 9842.38 9841.7 9839.26 9837.53 9837.08 9837.06 9836.02 9838.53 9842.41 9845.97 9850.88 9860.13 9877.89 9902.88 9913.49 9917.86 9920.84 9920.88 9923.21 9926.38 9932.18 9939.3 9940.08 9933.61 9926.74 9922.39 9923.81 9916.75 9910.57 9906.65 9904.03 9901.92 9902.93 9892.95 9891.99 9897.55 9898.09 9893.94 9889.06 9888.56 9901.22 9909.63 9914.11 9916.82 9919.02 9925.1 9942.42 9975.1
9837.02 9838.06 9837.75 9837.63 9836.58 9835.72 9835.18 9837.57 9838.61 9838.8 9840.81 9841.3 9843.74 9844.78 9844.74 9844.68 9844.62 9844.43 9843.98 9843.46 9842.05 9838.71 9839.25 9839.98 9841.76 9844.72 9848.3 9850.49 9852.26 9851.13 9861.13 9880.5 9905.65 9916.69 9918.46 9921.11 9921.59 9922.83 9923.9 9921.45 9930.9 9936.8 9929.77 9918.79 9914.8 9917.6 9909.96 9901.7 9895.34 9894.83 9895.41 9894.23 9883.07 9886.52 9895.3 9896.81 9896.82 9906.01 9923.21 9925.43 9923.51 9922.56 9923.07 9926.7 9933.77 9952.84 9988.52
