real_craters/C148-750m.grd
DSAA
128 128
-47.46 47.46
-47.46 47.46
8602.6580831429 10466.685636596
[rows 72 to 107 of 128, columns 0 to 79 of 128]
9834 9839 9843 9846 9853 9853 9855 9860 9867 9863 9860 9858 9856 9854 9853 9855 9856 9862 9865 9863 9871 9900 9917 9926 9915 9911 9923 9927 9924 9922 9908 9904 9907 9907 9905 9917 9930 9939 9942 9944 9951 9956 9966 9981 1e+004 1.005e+004 1.014e+004 1.023e+004 1.029e+004 1.013e+004 9871 9607 9428 9334 9248 9154 9060 8990 8974 8962 8947 8926 8896 8830 8793 8786 8786 8778 8811 8867 8925 8956 8978 9008 9052 9138 9261 9408 9628 9873
9839 9844 9847 9854 9857 9855 9857 9861 9862 9863 9861 9858 9858 9856 9855 9856 9858 9863 9865 9864 9869 9904 9915 9923 9917 9917 9924 9922 9919 9909 9907 9905 9909 9911 9909 9911 9927 9935 9936 9939 9945 9954 9963 9982 1e+004 1.003e+004 1.011e+004 1.022e+004 1.034e+004 1.02e+004 9996 9756 9548 9444 9350 9244 9132 9057 9035 9020 9002 8982 8949 8887 8838 8813 8816 8842 8902 8945 8997 9030 9057 9096 9142 9237 9378 9555 9790 1.003e+004
9845 9852 9861 9880 9870 9855 9857 9860 9860 9863 9861 9857 9857 9861 9861 9856 9859 9869 9868 9866 9873 9883 9905 9912 9920 9918 9914 9903 9895 9906 9904 9908 9913 9920 9929 9922 9904 9922 9926 9930 9935 9941 9952 9968 9986 1.001e+004 1.005e+004 1.018e+004 1.041e+004 1.027e+004 1.009e+004 9889 9715 9591 9478 9358 9236 9156 9124 9097 9068 9035 8999 8946 8900 8877 8877 8918 8978 9002 9029 9081 9128 9172 9231 9365 9545 9727 9952 1.015e+004
9849 9859 9885 9895 9871 9863 9862 9863 9866 9864 9862 9862 9861 9865 9864 9862 9867 9885 9894 9896 9902 9908 9903 9900 9906 9911 9902 9874 9879 9911 9909 9912 9916 9921 9930 9922 9903 9909 9916 9920 9922 9928 9939 9955 9977 1e+004 1.002e+004 1.013e+004 1.034e+004 1.032e+004 1.017e+004 9988 9829 9720 9616 9501 9376 9285 9230 9188 9143 9091 9050 9012 8969 8964 8961 9009 9053 9063 9084 9152 9210 9259 9341 9565 9768 9928 1.006e+004 1.016e+004
9856 9860 9875 9906 9899 9893 9895 9869 9865 9864 9861 9860 9859 9859 9864 9867 9875 9894 9899 9894 9908 9916 9913 9912 9915 9901 9894 9887 9907 9926 9926 9920 9916 9914 9912 9918 9909 9904 9911 9915 9916 9920 9928 9938 9967 9995 1.003e+004 1.008e+004 1.015e+004 1.023e+004 1.018e+004 1.007e+004 9950 9850 9735 9613 9499 9412 9348 9293 9239 9180 9140 9119 9095 9098 9093 9121 9151 9156 9192 9274 9348 9412 9550 9804 1.001e+004 1.011e+004 1.011e+004 1.01e+004
9871 9868 9884 9933 9924 9901 9887 9874 9871 9867 9859 9852 9854 9856 9867 9879 9894 9913 9909 9897 9918 9932 9932 9927 9920 9910 9900 9893 9935 9944 9926 9922 9918 9910 9900 9922 9910 9909 9910 9911 9913 9909 9923 9936 9960 9990 1.003e+004 1.006e+004 1.008e+004 1.014e+004 1.018e+004 1.019e+004 1.015e+004 1.006e+004 9883 9723 9620 9539 9482 9423 9365 9311 9275 9265 9275 9268 9262 9266 9277 9305 9369 9472 9564 9654 9842 1.007e+004 1.016e+004 1.014e+004 1.01e+004 1.007e+004
9895 9884 9898 9942 9897 9878 9868 9875 9870 9863 9858 9856 9858 9864 9875 9895 9903 9916 9911 9904 9913 9922 9934 9929 9911 9927 9910 9936 9945 9940 9927 9922 9922 9922 9921 9922 9897 9895 9904 9907 9913 9921 9924 9935 9954 9985 1.001e+004 1.003e+004 1.006e+004 1.009e+004 1.017e+004 1.029e+004 1.042e+004 1.033e+004 1.01e+004 9907 9736 9692 9637 9575 9513 9459 9433 9427 9425 9440 9431 9438 9467 9549 9640 9734 9837 9939 1.011e+004 1.021e+004 1.009e+004 1.008e+004 1.006e+004 1.004e+004
9911 9901 9913 9925 9890 9871 9867 9875 9869 9864 9857 9856 9865 9874 9878 9891 9910 9920 9909 9901 9901 9904 9921 9920 9929 9939 9912 9921 9924 9933 9920 9922 9926 9932 9930 9916 9891 9880 9894 9902 9910 9918 9914 9919 9942 9966 9989 1.002e+004 1.003e+004 1.006e+004 1.012e+004 1.022e+004 1.032e+004 1.031e+004 1.026e+004 1.013e+004 9990 9887 9804 9734 9671 9629 9611 9612 9617 9637 9643 9679 9790 9868 9919 9981 1.008e+004 1.022e+004 1.022e+004 1.012e+004 1.008e+004 1.004e+004 1.003e+004 1.002e+004
9921 9909 9924 9934 9896 9875 9868 9864 9861 9856 9855 9856 9864 9870 9868 9873 9888 9899 9896 9894 9891 9894 9912 9931 9922 9918 9919 9922 9915 9915 9919 9924 9929 9936 9933 9911 9898 9891 9892 9900 9907 9909 9910 9915 9930 9949 9972 9991 1e+004 1.003e+004 1.006e+004 1.009e+004 1.01e+004 1.014e+004 1.015e+004 1.022e+004 1.022e+004 1.004e+004 9939 9871 9832 9800 9807 9808 9804 9852 9885 9924 1.001e+004 1.008e+004 1.012e+004 1.014e+004 1.021e+004 1.029e+004 1.02e+004 1.006e+004 1.003e+004 1.001e+004 9995 9970
9930 9921 9949 9927 9887 9868 9859 9854 9852 9852 9854 9859 9864 9866 9866 9868 9876 9882 9879 9881 9885 9887 9910 9931 9939 9934 9918 9920 9925 9929 9932 9931 9928 9922 9923 9917 9909 9900 9893 9899 9905 9911 9912 9912 9921 9932 9944 9966 9990 1.001e+004 1.004e+004 1.007e+004 1.009e+004 1.012e+004 1.011e+004 1.013e+004 1.012e+004 1.007e+004 1.001e+004 9992 1.001e+004 1.003e+004 1.003e+004 1.007e+004 1.009e+004 1.011e+004 1.014e+004 1.022e+004 1.024e+004 1.031e+004 1.022e+004 1.019e+004 1.021e+004 1.026e+004 1.015e+004 1.004e+004 9996 9983 9965 9939
9941 9936 9947 9916 9879 9872 9861 9852 9851 9852 9852 9858 9867 9867 9864 9865 9868 9872 9867 9875 9886 9891 9911 9945 9954 9948 9924 9918 9922 9946 9944 9936 9931 9927 9933 9936 9918 9904 9899 9899 9903 9907 9907 9909 9913 9918 9927 9950 9968 9991 1.002e+004 1.009e+004 1.011e+004 1.011e+004 1.008e+004 1.006e+004 1.006e+004 1.006e+004 1.005e+004 1.006e+004 1.011e+004 1.015e+004 1.017e+004 1.025e+004 1.03e+004 1.03e+004 1.023e+004 1.026e+004 1.019e+004 1.014e+004 1.015e+004 1.013e+004 1.011e+004 1.005e+004 1.005e+004 1e+004 9974 9964 9951 9934
9962 9948 9941 9918 9896 9882 9868 9858 9854 9854 9857 9862 9867 9866 9863 9863 9866 9866 9866 9877 9890 9897 9914 9916 9929 9943 9933 9920 9921 9945 9939 9934 9934 9932 9936 9931 9917 9907 9892 9897 9903 9907 9909 9908 9909 9911 9914 9934 9949 9960 9971 9991 1.007e+004 1.013e+004 1.01e+004 1.004e+004 1.004e+004 1.004e+004 1.005e+004 1.006e+004 1.007e+004 1.009e+004 1.012e+004 1.014e+004 1.016e+004 1.013e+004 1.012e+004 1.009e+004 1.007e+004 1.006e+004 1.006e+004 1.005e+004 1.003e+004 1.001e+004 9996 9989 9968 9955 9947 9942
9978 9951 9900 9884 9890 9882 9867 9860 9859 9862 9865 9865 9865 9864 9861 9863 9864 9862 9863 9873 9878 9879 9877 9888 9905 9946 9919 9919 9921 9927 9919 9925 9932 9945 9935 9925 9913 9897 9892 9897 9904 9910 9912 9907 9906 9909 9918 9924 9926 9932 9931 9949 1e+004 1.007e+004 1.007e+004 1.003e+004 1.002e+004 1.002e+004 1.003e+004 1.004e+004 1.005e+004 1.005e+004 1.005e+004 1.002e+004 1.003e+004 1.002e+004 1.002e+004 1e+004 9991 9981 9991 9990 9981 9973 9972 9970 9949 9946 9951 9954
9985 9939 9880 9861 9870 9864 9869 9863 9866 9875 9872 9867 9868 9863 9861 9865 9865 9858 9874 9866 9860 9865 9873 9899 9911 9907 9922 9920 9912 9904 9910 9920 9923 9922 9922 9917 9908 9900 9899 9900 9905 9912 9912 9903 9902 9903 9901 9908 9919 9914 9918 9924 9949 9957 9991 1.005e+004 1.002e+004 1.001e+004 1.001e+004 1.001e+004 1.001e+004 1.001e+004 1e+004 9981 9972 9968 9965 9965 9957 9947 9947 9952 9949 9947 9956 9964 9933 9938 9952 9953
9978 9947 9903 9876 9873 9893 9884 9879 9883 9893 9882 9867 9862 9868 9871 9868 9867 9853 9858 9862 9861 9868 9892 9916 9907 9922 9916 9921 9919 9922 9927 9924 9923 9919 9910 9910 9906 9902 9900 9896 9902 9906 9899 9897 9897 9898 9901 9906 9904 9898 9899 9910 9921 9931 9943 9961 9985 9985 9982 9975 9962 9962 9963 9953 9941 9931 9928 9927 9924 9916 9920 9929 9934 9935 9932 9918 9902 9924 9949 9933
9978 9985 9970 9914 9863 9875 9904 9927 9937 9918 9889 9873 9867 9871 9874 9867 9858 9857 9856 9859 9863 9864 9866 9876 9871 9862 9883 9891 9906 9920 9925 9925 9923 9923 9918 9908 9903 9898 9886 9891 9899 9903 9899 9895 9894 9893 9892 9891 9898 9894 9896 9901 9908 9916 9922 9921 9942 9953 9954 9949 9942 9938 9935 9929 9919 9911 9905 9899 9896 9907 9910 9915 9917 9915 9906 9885 9885 9905 9943 9930
9959 9991 9965 9902 9886 9890 9930 9973 1e+004 9973 9916 9887 9876 9882 9877 9865 9853 9853 9855 9858 9859 9856 9855 9861 9857 9867 9871 9880 9892 9909 9924 9920 9912 9904 9905 9902 9901 9898 9897 9900 9900 9904 9900 9892 9890 9889 9886 9883 9899 9899 9900 9899 9901 9902 9905 9905 9918 9930 9934 9933 9926 9919 9907 9911 9906 9901 9894 9886 9882 9890 9909 9907 9902 9899 9893 9884 9882 9889 9893 9910
9955 9972 9927 9879 9873 9922 9948 9983 1e+004 1.002e+004 9968 9913 9898 9885 9883 9869 9854 9853 9855 9861 9860 9855 9854 9861 9868 9876 9863 9862 9883 9897 9901 9914 9921 9904 9891 9898 9900 9902 9911 9900 9897 9892 9890 9888 9889 9889 9891 9896 9894 9899 9893 9896 9900 9905 9903 9899 9908 9916 9922 9927 9926 9910 9898 9899 9898 9894 9889 9886 9885 9891 9904 9899 9893 9890 9887 9882 9880 9883 9896 9905
9938 9936 9936 9923 9934 9939 9953 9971 9994 9998 1.002e+004 9974 9963 9963 9924 9886 9861 9852 9859 9871 9877 9871 9857 9863 9867 9870 9874 9865 9870 9889 9909 9903 9898 9903 9901 9903 9902 9899 9897 9896 9894 9890 9888 9889 9889 9890 9890 9893 9898 9905 9898 9901 9899 9902 9909 9905 9907 9911 9913 9914 9914 9909 9901 9890 9891 9891 9890 9892 9891 9892 9892 9892 9887 9885 9879 9875 9866 9880 9899 9909
9952 9922 9923 9941 9958 9948 9952 9945 9916 9933 9992 1.005e+004 1.004e+004 1.002e+004 9963 9913 9882 9862 9870 9880 9902 9905 9878 9887 9857 9864 9867 9870 9878 9886 9886 9887 9886 9919 9926 9915 9906 9896 9884 9897 9892 9889 9891 9891 9893 9894 9892 9892 9898 9899 9898 9896 9898 9902 9912 9912 9912 9911 9909 9907 9906 9908 9909 9898 9894 9892 9893 9900 9901 9891 9889 9889 9891 9886 9879 9872 9864 9881 9889 9889
9972 9968 9934 9944 9958 9978 9962 9957 9968 1.001e+004 1.006e+004 1.004e+004 1.005e+004 1.004e+004 9965 9891 9872 9870 9865 9878 9889 9882 9870 9868 9863 9866 9866 9874 9890 9894 9892 9893 9898 9919 9926 9920 9912 9903 9896 9881 9889 9894 9895 9901 9897 9897 9900 9906 9904 9903 9903 9907 9908 9913 9921 9920 9916 9912 9907 9903 9903 9906 9903 9902 9898 9895 9896 9897 9896 9893 9890 9884 9887 9886 9887 9882 9880 9869 9882 9893
9976 9975 9979 9986 9977 9973 9974 9972 9983 1.002e+004 1.002e+004 1e+004 1.001e+004 9996 9950 9889 9881 9879 9867 9872 9874 9870 9858 9850 9858 9866 9869 9888 9903 9906 9908 9906 9909 9922 9926 9922 9917 9912 9908 9896 9886 9886 9891 9892 9899 9900 9902 9906 9900 9883 9912 9910 9913 9917 9923 9924 9919 9915 9909 9904 9903 9906 9911 9908 9901 9898 9894 9890 9890 9895 9893 9888 9888 9883 9874 9881 9884 9878 9893 9892
9987 1e+004 1.001e+004 1.003e+004 1.003e+004 1e+004 9990 9979 9985 1.001e+004 9993 9988 9984 9971 9949 9920 9903 9897 9880 9873 9866 9855 9852 9851 9854 9865 9884 9909 9918 9914 9913 9912 9910 9901 9922 9923 9919 9914 9909 9899 9883 9879 9891 9905 9902 9900 9898 9899 9896 9894 9917 9918 9914 9921 9929 9924 9924 9919 9912 9906 9903 9903 9905 9903 9900 9899 9899 9892 9890 9894 9896 9893 9890 9885 9877 9877 9881 9886 9886 9900
1.001e+004 1.003e+004 1.003e+004 1.003e+004 1.004e+004 1.005e+004 1e+004 9974 9942 9927 9923 9939 9978 9979 9953 9935 9918 9900 9890 9874 9864 9857 9852 9852 9857 9872 9890 9904 9909 9910 9910 9911 9920 9933 9926 9923 9919 9912 9904 9894 9889 9886 9892 9895 9900 9899 9896 9896 9898 9910 9924 9922 9928 9919 9921 9931 9930 9923 9916 9909 9903 9897 9889 9894 9897 9898 9900 9902 9898 9896 9894 9894 9892 9888 9887 9883 9884 9888 9884 9897
9994 1.001e+004 1.002e+004 1.002e+004 1.003e+004 1.002e+004 9998 9972 9941 9922 9905 9915 9930 9941 9937 9923 9912 9900 9882 9868 9859 9857 9853 9855 9879 9890 9887 9884 9893 9901 9907 9911 9919 9926 9929 9925 9919 9911 9905 9900 9893 9893 9895 9902 9903 9902 9901 9901 9906 9915 9917 9919 9931 9911 9910 9933 9933 9928 9923 9918 9906 9897 9895 9895 9897 9896 9890 9896 9901 9897 9901 9894 9889 9884 9885 9886 9887 9886 9887 9884
9970 9986 1.001e+004 1.003e+004 1.002e+004 1.001e+004 9999 9983 9945 9913 9892 9889 9902 9903 9900 9891 9886 9880 9867 9859 9853 9854 9858 9865 9885 9866 9871 9865 9880 9894 9907 9916 9920 9932 9930 9925 9918 9911 9903 9892 9891 9892 9893 9893 9897 9905 9911 9914 9918 9913 9908 9901 9922 9906 9908 9923 9932 9931 9923 9912 9907 9898 9898 9900 9901 9901 9901 9909 9905 9905 9903 9893 9890 9886 9882 9886 9890 9899 9901 9888
9973 9983 9997 9999 1.001e+004 1e+004 1.001e+004 1.001e+004 9994 9914 9921 9908 9874 9882 9876 9874 9881 9883 9875 9870 9861 9872 9888 9893 9882 9868 9862 9860 9877 9895 9909 9915 9926 9934 9933 9928 9921 9913 9904 9896 9891 9890 9890 9891 9898 9910 9920 9920 9918 9914 9902 9901 9918 9908 9913 9937 9940 9936 9933 9926 9914 9907 9907 9908 9908 9907 9909 9915 9904 9895 9900 9899 9894 9892 9888 9886 9889 9897 9898 9888
9985 9985 9998 1.001e+004 1.001e+004 1.002e+004 1.002e+004 1.003e+004 1.002e+004 9986 9934 9944 9921 9900 9884 9888 9905 9909 9911 9902 9883 9882 9901 9896 9874 9864 9869 9875 9884 9899 9914 9929 9929 9937 9939 9934 9925 9915 9906 9899 9890 9889 9890 9892 9900 9908 9923 9919 9915 9905 9889 9890 9909 9908 9918 9937 9940 9937 9935 9929 9919 9916 9921 9919 9916 9913 9909 9890 9897 9899 9900 9901 9889 9889 9884 9885 9887 9889 9882 9885
9997 1.001e+004 1.001e+004 1.001e+004 1.002e+004 1.003e+004 1.004e+004 1.005e+004 1.005e+004 1.003e+004 9988 9968 9948 9927 9918 9917 9937 9934 9932 9928 9923 9896 9890 9876 9871 9864 9879 9885 9891 9904 9918 9921 9945 9955 9951 9941 9931 9918 9906 9892 9887 9891 9890 9887 9886 9897 9906 9914 9915 9911 9896 9887 9906 9908 9917 9924 9932 9936 9939 9931 9919 9916 9930 9928 9923 9917 9911 9900 9899 9902 9894 9883 9886 9886 9880 9884 9889 9893 9893 9892
9983 1.003e+004 1.003e+004 1.003e+004 1.004e+004 1.004e+004 1.005e+004 1.006e+004 1.006e+004 1.004e+004 9996 9970 9954 9942 9933 9936 9943 9948 9953 9951 9930 9912 9893 9873 9866 9879 9880 9881 9894 9911 9923 9930 9968 9969 9958 9945 9931 9918 9907 9894 9902 9900 9893 9888 9890 9896 9903 9910 9919 9926 9910 9906 9900 9907 9919 9932 9935 9936 9935 9933 9925 9924 9936 9934 9928 9921 9914 9908 9906 9901 9890 9882 9895 9890 9881 9886 9891 9891 9909 9904
1.001e+004 1.001e+004 1.004e+004 1.006e+004 1.006e+004 1.005e+004 1.005e+004 1.007e+004 1.007e+004 1.005e+004 1.001e+004 9969 9949 9951 9949 9944 9947 9951 9953 9943 9925 9921 9915 9885 9870 9881 9883 9887 9900 9920 9938 9939 9972 9972 9956 9942 9930 9920 9912 9910 9916 9905 9895 9886 9876 9886 9899 9906 9915 9928 9948 9927 9913 9918 9924 9930 9931 9936 9947 9942 9938 9946 9945 9940 9933 9925 9917 9914 9912 9911 9899 9881 9892 9892 9887 9890 9901 9905 9923 9916
1.002e+004 1.001e+004 1.005e+004 1.008e+004 1.009e+004 1.008e+004 1.008e+004 1.011e+004 1.011e+004 1.008e+004 1.002e+004 1e+004 9967 9966 9961 9956 9954 9954 9952 9949 9936 9931 9943 9918 9886 9882 9882 9879 9898 9925 9958 9970 9968 9954 9940 9932 9922 9917 9914 9910 9906 9900 9893 9886 9880 9892 9899 9899 9901 9917 9948 9951 9928 9929 9932 9931 9924 9933 9942 9944 9946 9945 9948 9945 9938 9930 9923 9917 9914 9913 9904 9899 9887 9899 9893 9891 9895 9907 9919 9921
1.004e+004 1.004e+004 1.006e+004 1.01e+004 1.014e+004 1.017e+004 1.02e+004 1.022e+004 1.02e+004 1.016e+004 1.009e+004 1.008e+004 1.001e+004 9990 9978 9963 9965 9964 9954 9938 9929 9923 9929 9931 9916 9872 9868 9881 9899 9918 9940 9956 9942 9926 9924 9924 9922 9920 9917 9911 9900 9893 9891 9891 9895 9899 9896 9896 9901 9919 9929 9946 9962 9950 9944 9943 9943 9939 9935 9945 9951 9949 9953 9950 9944 9936 9928 9923 9920 9917 9913 9898 9886 9886 9890 9889 9892 9901 9922 9924
1.008e+004 1.01e+004 1.01e+004 1.015e+004 1.02e+004 1.026e+004 1.032e+004 1.032e+004 1.03e+004 1.025e+004 1.017e+004 1.013e+004 1.006e+004 1.001e+004 1e+004 1e+004 1e+004 9992 9971 9935 9915 9889 9912 9927 9923 9885 9870 9880 9894 9911 9924 9955 9906 9902 9916 9918 9921 9919 9917 9907 9890 9888 9891 9896 9900 9887 9891 9890 9900 9927 9920 9920 9943 9942 9948 9955 9974 9953 9947 9952 9963 9965 9964 9959 9952 9944 9937 9928 9921 9916 9912 9898 9895 9889 9887 9885 9882 9894 9901 9908
1.007e+004 1.012e+004 1.017e+004 1.019e+004 1.023e+004 1.031e+004 1.039e+004 1.039e+004 1.037e+004 1.035e+004 1.022e+004 1.016e+004 1.011e+004 1.004e+004 1.004e+004 1.009e+004 1.006e+004 1.003e+004 1.001e+004 9960 9922 9891 9871 9911 9931 9900 9902 9897 9899 9918 9938 9976 9913 9907 9916 9918 9919 9919 9917 9913 9889 9883 9890 9897 9908 9914 9889 9879 9874 9915 9910 9914 9935 9950 9947 9950 9953 9950 9952 9963 9965 9983 9977 9969 9960 9949 9940 9929 9918 9913 9885 9890 9892 9891 9887 9884 9882 9895 9918 9931
1.001e+004 1.007e+004 1.013e+004 1.017e+004 1.022e+004 1.029e+004 1.039e+004 1.042e+004 1.038e+004 1.033e+004 1.025e+004 1.022e+004 1.013e+004 1.009e+004 1.009e+004 1.011e+004 1.01e+004 1.008e+004 1.006e+004 1.001e+004 9952 9941 9938 9942 9923 9937 9955 9927 9918 9938 9963 9971 9969 9949 9941 9936 9929 9922 9913 9902 9885 9889 9890 9892 9893 9891 9878 9870 9871 9898 9908 9908 9917 9926 9935 9942 9947 9965 9975 9982 9994 9999 9988 9979 9971 9957 9935 9937 9930 9923 9923 9900 9890 9890 9890 9887 9883 9901 9928 9941
