real_craters/C148-300m.grd
DSAA
317 317
-47.46 47.46
-47.46 47.46
8597.6448971219 10482.966271375
[rows 240 to 269 of 317, columns 67 to 133 of 317]
9876.82 9879.12 9882.99 9887.74 9892.06 9896.52 9900.53 9904.07 9907.91 9911.64 9914.26 9914.37 9916.55 9921.45 9925.92 9927.98 9929.34 9929.11 9927.99 9926.1 9923.88 9921.47 9919.16 9916.63 9913.74 9910.93 9908.19 9905.61 9903.45 9901.55 9897.68 9890.86 9890.89 9891.76 9892.18 9892.65 9893.01 9893.7 9894.62 9896.26 9898.28 9899.39 9900.25 9901.03 9902.1 9903.2 9904.35 9905.35 9905.73 9906.66 9907.5 9908.77 9910.33 9912.27 9914.13 9916.02 9916.99 9914.38 9912.2 9910.92 9912.97 9923.37 9926.12 9923.07 9915.49 9907.11 9901.86
9868.35 9871.04 9877.16 9882.9 9888.55 9893.93 9899.05 9903.78 9908.44 9913.19 9917.42 9909.62 9914.47 9922.97 9930.75 9931.07 9930.44 9929.34 9927.91 9926.61 9924.64 9922.19 9919.56 9916.95 9914.19 9911.25 9908.25 9905.18 9901.83 9898.02 9893.41 9891.93 9891.43 9891.44 9891.58 9891.81 9892.23 9892.74 9893.41 9894.06 9894.53 9895.1 9896.7 9899.29 9902.07 9904.77 9907.07 9909.25 9911.51 9911.7 9912.54 9913.9 9915.52 9915.85 9914.81 9914.09 9915.08 9911.44 9907.23 9903.4 9904.05 9919.12 9924.32 9920 9913.04 9905.8 9902.04
9862.77 9866.36 9873.25 9880.21 9886.44 9892.59 9898.07 9903.59 9908.51 9912.21 9911.28 9905.01 9914.84 9924.83 9930.44 9933.11 9932.77 9931.66 9929.59 9927.48 9925.1 9922.88 9919.72 9916.85 9913.91 9911.54 9908.17 9904.85 9901.19 9896.74 9892.57 9892.55 9891.68 9891.2 9891.02 9891.07 9891.15 9891.74 9891.96 9892.05 9891.72 9891.46 9893.52 9898 9902.4 9906.41 9909.72 9912.34 9913.95 9915.47 9916.41 9917.63 9919.68 9918.65 9914.98 9910.31 9908.59 9908.25 9903.82 9899.61 9899.9 9913.31 9919.17 9916.86 9911.27 9904.66 9900.78
9859.77 9864.91 9871.78 9879.07 9886.18 9892.95 9899.01 9904.57 9909.24 9912.61 9915.32 9915.97 9919.43 9928.65 9936.53 9934.88 9934.26 9933.12 9931.3 9930.01 9927.69 9924.01 9921.67 9918.36 9915.08 9912.74 9909 9905.57 9901.89 9898.3 9895.27 9892.56 9891.14 9890.88 9890.66 9890.52 9890.36 9890.7 9890.79 9890.73 9890.47 9889.28 9891.66 9898.16 9903.59 9908.31 9912.58 9915.96 9918.03 9918.68 9918.95 9919.16 9919.07 9917.6 9915.32 9913.6 9913.18 9907.23 9901.63 9898.77 9900.49 9909.83 9914.87 9915.19 9910.93 9906.05 9904.34
9860.12 9865.94 9872.99 9880.13 9887.12 9893.67 9900.31 9906.17 9910.85 9914.51 9916.37 9918.98 9922.9 9927.93 9932.36 9933.95 9934.38 9933.73 9931.99 9931.15 9928.89 9926.09 9922.99 9919.78 9916.61 9913.42 9909.82 9906.41 9902.85 9899.56 9896.42 9893.06 9891.29 9891.16 9890.54 9890.05 9889.8 9889.76 9890.11 9890.61 9891.37 9892.83 9896.34 9900.68 9905.28 9910.17 9914.93 9918.96 9921 9920.98 9920.38 9919.42 9918.04 9916.21 9914.42 9913.29 9909.85 9903.14 9898.47 9897.25 9901.13 9911.73 9919.59 9916.25 9911.46 9907.41 9907.19
9865.59 9870.05 9875.89 9882.53 9889.17 9895.01 9901.52 9907.34 9913.22 9918.15 9923.05 9926.44 9925.99 9927.16 9930.12 9933.83 9935.87 9935.99 9935.65 9934.01 9931.73 9929 9925.63 9922.3 9919.18 9915.4 9911.65 9907.69 9904.1 9900.47 9897.24 9894.14 9892.54 9892.07 9890.52 9889.65 9889.39 9889.47 9889.82 9891 9892.96 9896.62 9900.71 9902.94 9906.23 9910.9 9916.62 9921.6 9923.08 9922.2 9920.81 9919.08 9916.73 9913.66 9911.57 9906.13 9890.14 9894.17 9893.23 9893.25 9895.97 9906.38 9919.31 9915.79 9911.1 9907.24 9908.27
9872.33 9874.96 9879.21 9885.09 9890.99 9897.13 9903.58 9909.21 9915.43 9921.74 9927.32 9929.3 9928.07 9929.93 9932.63 9935.75 9938.38 9938.84 9938.26 9936.73 9934.37 9930.22 9926.19 9921.85 9918.07 9914.78 9910.97 9907.32 9904.16 9901.16 9899.09 9896.6 9893.79 9890.81 9889.71 9889.25 9889.42 9889.65 9890.1 9891.04 9892.98 9896.83 9901.65 9901.95 9904.55 9909.29 9915.78 9923.62 9923.46 9921.39 9919.85 9918.22 9916.2 9913.3 9910.04 9904.9 9894.7 9888.87 9889.43 9889.46 9891.1 9898.36 9909.52 9911.77 9909.69 9907.28 9909.29
9878.45 9879.79 9882.9 9887.82 9893.44 9899.41 9905.48 9911.03 9917.13 9923.37 9929.7 9929.12 9929.05 9927.9 9935.18 9940.01 9942.33 9942.4 9939.94 9937.61 9935.93 9932.82 9929.21 9925.04 9920.78 9916.44 9912.19 9908.42 9904.72 9901.6 9899.83 9896.43 9888.81 9887.27 9888.17 9888.76 9889.36 9889.61 9889.87 9890.37 9890.98 9892.11 9893.44 9895.74 9900.16 9905.06 9910.5 9916.23 9918.08 9918.34 9918.06 9917.45 9916.36 9914.7 9910.12 9904.86 9902 9893.17 9889.86 9888.04 9888.51 9895.28 9904.31 9908.43 9908.6 9908.23 9910.63
9884.93 9883.51 9886.23 9890.83 9896.13 9901.78 9907.64 9912.95 9918.12 9922.4 9924.42 9922.81 9931.78 9945.88 9945.92 9947.27 9947.61 9946.55 9944.73 9941.49 9938.03 9936.67 9932.12 9927.6 9924.18 9918.63 9914.01 9909.24 9904.62 9900.44 9897.07 9892.32 9884.21 9885.94 9887.83 9889.14 9889.62 9889.54 9889.2 9889.04 9888.26 9886.57 9883.07 9888.61 9895.29 9900.25 9904 9905.84 9911.38 9914.3 9915.75 9916.34 9916.17 9915.46 9911.34 9905.25 9906.21 9899.97 9892.05 9887.93 9886.92 9892.13 9903.74 9907.51 9907.98 9908.73 9911.27
9885.99 9885.83 9888.53 9892.82 9897.85 9903.36 9908.64 9914.55 9920.25 9923.97 9922.05 9921.56 9935.04 9951.09 9955.08 9956.15 9955.26 9953.36 9950.53 9945.96 9941.89 9938.41 9933.88 9928.92 9923.21 9918.07 9913.82 9908.69 9903.31 9897.91 9891.84 9886.07 9885.84 9887.7 9889.66 9890.82 9890.95 9890.44 9889.58 9888.38 9887.23 9885.95 9886.2 9889.04 9892.96 9896.4 9899.09 9903.7 9906.99 9911 9913.82 9915.27 9915.67 9914.99 9914.29 9911.72 9905.87 9898.09 9892.48 9889.25 9887.44 9893 9904.02 9907.06 9906.98 9907.81 9911.39
9885.54 9887.03 9889.75 9894.23 9900.27 9906.57 9911.17 9917.28 9922.59 9929.02 9931.12 9927.07 9939.81 9955.3 9961.98 9963.01 9961.48 9958.67 9953.57 9948.97 9944.76 9939.93 9935.41 9928.83 9923.76 9918.64 9913.72 9908.23 9902.5 9896.61 9890.28 9884.41 9885.91 9891.64 9893.9 9894.17 9893.31 9891.93 9890.53 9889.06 9887.89 9887.45 9888.36 9889.85 9892.55 9894.95 9895.59 9896.37 9904.29 9909.16 9912.19 9914.43 9915.71 9915.41 9918.48 9918.68 9905.01 9894.32 9894.57 9894.18 9891.7 9891.98 9901.01 9904.48 9905.58 9907.58 9911.57
9883.04 9885.67 9890.19 9896.06 9902.33 9907.62 9913.35 9920.14 9924.51 9927.37 9928.94 9931.41 9949.95 9968.26 9969.39 9968.55 9965.33 9961.2 9955.61 9950.64 9945.55 9940.11 9933.57 9928.68 9923.61 9918.96 9914.07 9909.56 9904.34 9898.69 9893.01 9888.06 9893.9 9900.65 9900.51 9898.59 9896.25 9893.63 9891.36 9889.37 9888.24 9888.06 9888.74 9890.55 9892.9 9895.5 9899.5 9902.43 9904.66 9907.95 9910.66 9914.02 9916.71 9919.82 9925.3 9924.4 9909.47 9901.26 9904.94 9904.5 9902.52 9900.96 9900.09 9902.17 9904.7 9907.41 9912.29
9877.52 9882.91 9890.5 9897.92 9904.13 9911.1 9917.82 9923.59 9926.8 9928.69 9931 9938.22 9955.83 9971.64 9973.44 9970.97 9966.8 9962.05 9956.94 9951.56 9945.37 9940.33 9935.36 9929.82 9924.89 9920.7 9915.96 9911.01 9906.67 9902.85 9899.59 9898.08 9906.04 9911.17 9906.82 9902.38 9898.46 9894.71 9892.4 9889.89 9888.1 9887.98 9890.65 9893.46 9892.33 9895.02 9899.99 9902.94 9904.75 9907.16 9909.74 9912.97 9916.59 9921.73 9928.57 9927.66 9921.43 9922.15 9922.11 9917.68 9913.37 9907.71 9905.23 9906.27 9907.47 9909.91 9914.06
9878.02 9884.52 9892.42 9899.81 9907.48 9915.29 9922.63 9928.73 9931.79 9931.87 9933.4 9936.93 9952.83 9971.65 9975.54 9972.51 9967.66 9961.45 9955.52 9949.89 9944.14 9939.08 9933.24 9928.84 9925.08 9920.51 9916.99 9912.95 9909.6 9907.19 9907.09 9911.36 9916.74 9915.58 9910.21 9904.92 9900.25 9896.14 9892.53 9889.66 9886.78 9885.21 9885.21 9885.48 9886.82 9891.18 9898.76 9901.34 9903.07 9905.53 9908.17 9911.4 9914.99 9918.17 9919.87 9928.51 9933.92 9940.32 9936.73 9929.04 9922.16 9914.1 9909.9 9911.28 9913.65 9914.91 9917.02
9888.62 9893.26 9896.54 9902.45 9910.18 9918.98 9927.97 9936.55 9942.12 9940.93 9941.72 9940.47 9958.09 9977 9976.57 9972.52 9965.6 9958.9 9952.88 9946.52 9941.21 9936.58 9933.82 9929.7 9925.08 9921.05 9917.3 9913.48 9910.94 9909.58 9910.01 9913.43 9916.74 9913.85 9910.2 9905.47 9900.67 9896.48 9892.64 9889 9885.4 9881.6 9876.97 9873.37 9879.84 9885.82 9887.7 9895.64 9900.44 9903.35 9905.77 9908.65 9912.25 9917.22 9923.56 9929.56 9940.48 9949.71 9945.76 9936.14 9925.48 9913.52 9910.82 9918.78 9917.6 9918.02 9920.13
9893.83 9896.01 9897.12 9903.31 9911.9 9922.07 9933.08 9944.6 9956.57 9965.74 9957.84 9952.39 9972.46 9980.73 9973.83 9967.5 9958.84 9952.69 9946.85 9940.57 9935.31 9934.4 9929.94 9925.97 9921.5 9917.87 9915.16 9912.85 9911.11 9910.18 9909.33 9907.47 9911.35 9912.1 9907.64 9903.14 9899.2 9895.5 9891.9 9888.05 9884.2 9880.06 9875.22 9872.5 9878.92 9886.54 9893.01 9896.18 9899.19 9900.99 9902.61 9904.81 9908.18 9914.57 9923.24 9929.7 9939.39 9948.85 9950.34 9941.99 9927.64 9918.31 9916.01 9922.02 9916.25 9919.22 9923.2
9883.75 9884.09 9892.29 9901.93 9912.35 9923.2 9935.2 9948.39 9963.58 9975.57 9969.35 9965.5 9966.4 9970.84 9964.48 9958.1 9950.95 9945.39 9939.75 9935.56 9931.4 9929.52 9926.12 9924.58 9919.89 9917.33 9916.42 9914.38 9913.35 9911.76 9910.23 9908.01 9907.73 9906.14 9903.61 9900.48 9897.45 9894.34 9891.35 9888.62 9885.52 9882.26 9878.94 9878.47 9883.52 9891.26 9897.71 9898.56 9898.95 9899.21 9900.2 9901.2 9902.71 9905.77 9916.45 9921.8 9933.92 9944.73 9954.46 9952.89 9942.93 9930.77 9924.71 9926.98 9922.57 9925.83 9928.77
9875.25 9876.85 9889 9900.41 9911.09 9922.12 9933.77 9946.49 9959.28 9968.39 9970.52 9971.79 9961.88 9956.46 9951.86 9947.19 9940.26 9935.58 9933.5 9930.87 9927.69 9927.48 9925.24 9923.26 9921.52 9919.53 9917.5 9916.61 9913.77 9913.1 9911.13 9909.73 9905.45 9902.56 9898.66 9897.15 9895.43 9893.47 9891.33 9889.23 9886.95 9885.45 9884.43 9884.8 9889.27 9895.73 9900.46 9899.53 9898.72 9898.38 9898.2 9898.88 9898.45 9895.38 9888.22 9909.59 9929.16 9946.1 9959.39 9961.77 9958.51 9942.53 9932.64 9942.51 9944.97 9938.92 9936.04
9876.58 9882.51 9891.32 9900.27 9909.4 9919.12 9929.4 9940.1 9950.66 9959.17 9963.77 9965.9 9956.55 9945.24 9938.69 9935.46 9931.42 9929.43 9927.77 9926.65 9924.31 9923.02 9921.78 9920.7 9921.31 9919.96 9919.15 9917.35 9915.37 9914.45 9910.55 9906.67 9903.11 9894.24 9894 9894.16 9893.16 9892.12 9890.68 9889.72 9889.41 9888.96 9890.19 9892.76 9895.72 9898.2 9899.56 9898.73 9897.74 9897.22 9896.82 9897.18 9897.89 9899.5 9903.01 9912.75 9926.48 9940.68 9952.27 9955.62 9955.78 9949.86 9946.27 9954.04 9955.4 9947.79 9943.31
9880.66 9891.07 9895.65 9900.6 9907.7 9915.47 9923.81 9932.38 9940.21 9948.66 9954.05 9952.38 9945.29 9934.6 9926.52 9923.26 9922.98 9923.29 9924.23 9925.17 9923.77 9923.58 9921.91 9921.3 9920.79 9919.85 9918.67 9917.48 9915.64 9914.31 9911.64 9906.93 9902.88 9898 9895.26 9893.47 9892.31 9892.15 9891.47 9891.58 9891.91 9892.78 9894.46 9897.08 9898.02 9898.44 9898.03 9896.04 9895.32 9894.98 9895.79 9896.94 9899.73 9905.35 9913.97 9920.61 9923.63 9923.24 9927.73 9936.36 9943.28 9951.4 9961.72 9960.38 9955.06 9949.52 9946.03
9881.04 9890.26 9893.59 9898.73 9905.13 9912.36 9918.99 9925.48 9932.08 9941.93 9948.93 9945.34 9932.35 9919.53 9913.37 9912.21 9916.57 9918.35 9920.53 9920.88 9922.42 9923.07 9923.32 9922.95 9921.65 9920.41 9919.41 9918.07 9916.11 9914.12 9911.16 9907.19 9899.1 9897.8 9895.47 9892.26 9890.98 9891.06 9891.59 9892.52 9894.26 9895.66 9897.06 9897.99 9896.63 9893.26 9892.54 9892.74 9892.93 9892.75 9893.48 9895.46 9899.26 9904.83 9915.91 9925.6 9923.68 9918.6 9918.88 9920.88 9929.94 9945.39 9959.35 9954.75 9948.09 9946.83 9946.29
9879.05 9881.4 9888.47 9896.76 9903.82 9910.14 9915.65 9921.07 9927.25 9940.76 9952.01 9953.09 9927.84 9904 9899.58 9903.07 9909.17 9913.38 9918.21 9920.93 9919.83 9920.73 9921.09 9921.67 9921.4 9919.8 9918.92 9918.01 9916.22 9914.16 9906.65 9900.47 9896.24 9892.33 9890.72 9888.74 9888.88 9890.19 9891.7 9893.77 9895.71 9897.61 9899.2 9898.86 9894.58 9885.82 9887.92 9890.55 9891.05 9891.06 9890.89 9892.96 9897.84 9905.51 9917.29 9927.06 9925.26 9921.93 9920.3 9915.56 9922.85 9936.27 9945.17 9938.86 9938.87 9942.71 9945.47
9882 9884.71 9890.06 9896.61 9903.86 9909.9 9915.85 9920.92 9926.98 9944.97 9959.96 9960.93 9924.08 9887.71 9890.31 9896.82 9903.93 9911.6 9915.29 9918.56 9919.12 9920.47 9921.19 9921.37 9920.43 9919.58 9918.97 9918.47 9916.93 9915.22 9910.86 9901.44 9888.9 9882.17 9882.52 9884.76 9886.84 9889.1 9891.42 9894.05 9896.69 9899.29 9901.58 9902.03 9898.47 9892.75 9892.16 9890.9 9889.22 9887.76 9887.48 9888.54 9893.39 9904.01 9915.57 9925.33 9924.64 9918.76 9913.25 9910.93 9918.2 9929.08 9937.77 9934.99 9933.99 9941.24 9945.55
9889.64 9891.62 9895.05 9899.13 9905.62 9912.55 9919.6 9925.84 9934.31 9952.71 9969.62 9973.06 9931.54 9894.41 9892.13 9898.75 9904.96 9909.64 9915.33 9917.35 9919.35 9920.41 9920.92 9921.09 9920.94 9920.25 9919.4 9918.2 9917.18 9916.26 9913.44 9903.06 9891.49 9883.65 9878.65 9882.65 9885.92 9888.57 9891.36 9894.22 9897.12 9900.66 9904.68 9909.54 9914.8 9913.22 9899.95 9892.42 9887.75 9884.4 9882.27 9881.56 9883.33 9892.61 9907.59 9924.04 9922.7 9915.1 9907.03 9909.71 9916.15 9925.02 9932.31 9935.8 9942.3 9945.67 9947.02
9899.9 9896.99 9897.15 9901.75 9909.66 9918.16 9926.74 9935.31 9945.41 9960.41 9974.58 9976.14 9940.89 9904.08 9904.5 9909.59 9913.49 9916.84 9916.86 9918.51 9919.69 9920.27 9920.44 9921.36 9920.34 9919.04 9918.01 9917.68 9916.92 9916 9912.83 9902.13 9890.2 9883.13 9882.56 9883.45 9886.05 9888.78 9891.19 9893.86 9896.29 9899.86 9904.59 9911.03 9918.08 9911.14 9900.03 9891.28 9885.09 9880.86 9877.52 9874.59 9872.09 9870.92 9896.25 9913.45 9918.62 9914.17 9907.39 9908.61 9914.59 9922.29 9931.46 9942.06 9951.23 9949.48 9946.64
9911.29 9902.42 9898.28 9906.61 9915.95 9925.82 9936 9946.57 9957.03 9965.55 9972.51 9970.4 9953.04 9935.18 9928.6 9926.59 9926.92 9927.31 9925.69 9925.82 9925.68 9925.08 9924.01 9923.11 9921.53 9919.66 9918.83 9916.85 9915.48 9913.96 9911.99 9899.3 9885.26 9873.87 9880.44 9884.51 9887.09 9889.27 9891.07 9892.57 9894.68 9897.35 9900.63 9904.04 9903.61 9897.58 9893.43 9887.06 9881.54 9876.93 9873.28 9870.53 9869.45 9874.97 9891.81 9911.16 9917.19 9914.22 9913.45 9911.57 9912.77 9918.58 9926.83 9936.71 9945.46 9944.96 9942.51
9925.05 9915.73 9911.5 9916.46 9924.41 9934.12 9945.09 9955.05 9964.15 9969.77 9970.91 9969.72 9966.81 9964.22 9954.36 9946.13 9942.31 9939.78 9937.51 9936.11 9934.59 9932.88 9929.77 9927.56 9924.66 9921.76 9918.78 9915.21 9912.07 9908.16 9903.75 9895.75 9886.79 9882.31 9883.48 9887.43 9889.4 9890.09 9890.43 9891 9891.92 9893.2 9894.47 9895.44 9896.13 9892.83 9885.86 9881.15 9876.85 9873.14 9870.2 9868.48 9869.24 9875.38 9887.71 9902.34 9908.93 9909.13 9910.86 9907.94 9909.51 9913.35 9917.89 9923.67 9927.9 9931.15 9933.6
9939.4 9931.46 9928.06 9928.87 9933.86 9941.85 9953.17 9968.06 9975.44 9977.87 9974.18 9975.08 9979.53 9978.55 9970.44 9961.81 9955.58 9951.22 9946.92 9943.69 9940.67 9937.57 9936.42 9933.61 9929.85 9925.03 9919.59 9914.1 9908.33 9902.26 9897.92 9893.62 9889.55 9887.37 9891.3 9894.2 9892.96 9891.15 9890.34 9889.51 9889 9888.48 9888.04 9886.1 9882.28 9878.15 9877.01 9875 9872.44 9869.82 9867.72 9866.85 9868.13 9873.22 9881.26 9888.76 9893.85 9899.5 9902.77 9905.16 9906.49 9907.42 9906.55 9905.31 9907.86 9916.76 9924.16
9952.74 9946.35 9941.47 9941.02 9942.85 9946.93 9955.8 9973.07 9983 9992.21 9997.49 9997.61 9995.86 9990.76 9982.17 9973.72 9966.96 9961.03 9955.12 9950.53 9946.13 9944.86 9940.8 9936.23 9931.61 9928.07 9922.36 9915.68 9906.93 9896.16 9892.95 9894.58 9894.8 9893.64 9901.68 9901.79 9895 9891.16 9888.91 9887.2 9885.53 9884.23 9882.44 9879.17 9873.69 9869.26 9870.83 9870.45 9868.94 9867.21 9865.9 9865.44 9866.12 9870.49 9876.53 9881.45 9886.06 9892.66 9895.84 9902.19 9905.23 9903.9 9900.28 9888.59 9894.61 9908.77 9917.39
9965.67 9962.47 9958.27 9955.61 9951.84 9949.4 9950.78 9960.19 9982.99 10007.9 10030.7 10026.9 10015.1 10002.2 9990.34 9984.73 9978.28 9969.77 9963.9 9958.19 9952.56 9949.43 9944.66 9939.78 9937.54 9933.55 9927.82 9921.28 9911.72 9897.28 9896.13 9901.55 9904.31 9905.82 9904.76 9899.19 9893.18 9888.47 9885.45 9883.34 9881.51 9879.81 9877.98 9875.88 9874.42 9871.5 9869.55 9868.34 9867.03 9865.75 9864.92 9865.02 9866.33 9870.29 9875.69 9880.66 9885.24 9892.02 9898.86 9906.06 9907.19 9901.95 9896.24 9892.73 9897.23 9907.26 9914.24
