real_craters/C148-500m.grd
DSAA
191 191
-47.46 47.46
-47.46 47.46
8594.8596029409 10487.563459414
[rows 30 to 59 of 191, columns 0 to 66 of 191]
9785.85 9784.22 9773.94 9759.83 9768.15 9782.79 9790.32 9795.69 9800.05 9803.27 9805.29 9806.83 9806.62 9805.65 9806.63 9812.85 9819.79 9822.42 9833.34 9830.38 9824.66 9822.36 9821.56 9821.34 9826.7 9834.11 9832.04 9831.98 9834.01 9833.34 9828.47 9823.24 9792.91 9769.76 9766.21 9783.3 9806.26 9820.29 9831.41 9830.31 9834.15 9838.91 9841.25 9844.45 9849.56 9851.58 9854.69 9857.32 9859.22 9863.23 9866.38 9863.13 9863.46 9866.76 9852.9 9852.15 9858.13 9855.74 9858.46 9866.69 9862.44 9867.95 9868.91 9861.64 9860.77 9863.27 9866.5
9787.12 9788.03 9787.63 9781.59 9766.7 9778.96 9789.82 9797.49 9802.95 9807.29 9809.4 9811.64 9813.5 9814.73 9820.41 9835.56 9837.2 9841.01 9838.74 9834.07 9825.26 9823.99 9822.74 9826.7 9829.24 9831.7 9831.94 9832.57 9834.63 9835.86 9835.22 9831.65 9813.95 9792.42 9781.31 9787.58 9805.8 9819.16 9817.33 9826.69 9830.34 9836.93 9843.25 9849.22 9854.87 9860.8 9862.18 9863.75 9866.09 9870.4 9878.64 9874.41 9868.78 9865.24 9859.12 9854.61 9855.48 9858.79 9863.76 9868.91 9869.62 9866.97 9861.55 9861.21 9858.59 9861.55 9864.67
9788.14 9788.05 9789.78 9789.46 9786.49 9788.46 9795.3 9802.41 9808.4 9813.49 9816.43 9819.19 9821.74 9825.57 9831.4 9833.82 9838.96 9840.68 9839.13 9836.21 9829.12 9826.32 9826.05 9827.78 9826.92 9827.07 9827.33 9828.04 9829.46 9832.01 9834.05 9835.33 9831.2 9814.82 9795.43 9800.66 9816.11 9831.74 9834.5 9828.99 9826.96 9834.51 9844.94 9853.53 9858.8 9863.41 9867.41 9870.84 9875.07 9883.27 9892.86 9881.45 9871.51 9868.63 9861.73 9854.17 9849.68 9857.94 9864.66 9865.53 9873.65 9866.96 9858.93 9858.04 9860.01 9862.36 9864.26
9790.06 9792.84 9796.67 9793.84 9793.17 9795.66 9800.31 9806.34 9812.8 9819.48 9825.34 9826.78 9827.98 9830.84 9832.45 9830.94 9833.22 9834.18 9833.14 9835.6 9832.02 9828.52 9826.71 9822.68 9824.63 9823.21 9820.68 9819.73 9823.46 9825.07 9828.58 9830.45 9834.84 9826.67 9808.49 9813.84 9825.54 9837.35 9837.29 9834.15 9826.05 9836.11 9846.46 9858.61 9871.29 9875.53 9875.26 9878.49 9882.02 9890.36 9896.53 9888.74 9875.45 9871.97 9867.44 9855.71 9849.36 9856.36 9862.69 9865.08 9870.5 9868.12 9862.26 9861.89 9864.06 9866.24 9866.38
9791.19 9795.8 9797.85 9801.96 9802.32 9802.9 9805.9 9811.07 9817.68 9824.11 9830.04 9830.82 9831.79 9832.84 9833.68 9833.5 9835 9833.72 9831.59 9832.39 9831.52 9829.75 9830.4 9826.74 9825.53 9822.29 9814.71 9804.27 9809.74 9810.71 9822.41 9833.76 9834.47 9831.28 9826.57 9825.73 9833.72 9841.63 9837.77 9841.68 9849.01 9839.52 9844.42 9859.12 9877.46 9887.89 9887.68 9886.46 9887.95 9894.77 9893.16 9886.53 9876.27 9873.77 9869.31 9857.52 9853 9859.93 9870.51 9871.9 9876.74 9873.79 9867.1 9875.07 9873.86 9871.75 9869.53
9796.91 9798.9 9799.44 9802.99 9806.17 9808.68 9812.24 9816.61 9822.28 9827.68 9830.99 9833.17 9833.83 9834.4 9834.95 9837.43 9838.17 9835.78 9832.8 9830.34 9831.19 9829.2 9828.96 9830.49 9828.03 9824.66 9812.97 9788.68 9769 9795.18 9816.04 9828.92 9832.85 9830.24 9827.8 9826.8 9835.03 9858.9 9827.26 9809.69 9825.34 9816.26 9829.92 9852.39 9874.77 9890.16 9895.59 9892.95 9891.96 9896.08 9882.81 9872.56 9875.67 9870.79 9865.26 9858.95 9855.92 9861.52 9866.95 9877.33 9890.87 9882.15 9873.31 9878.11 9879.89 9874.99 9872.62
9801.04 9800.67 9800.25 9803.29 9807.17 9811.89 9816.55 9821.14 9826.44 9832.97 9835.87 9834.83 9834.93 9835.37 9836.85 9839.94 9838.9 9836.97 9834 9831.17 9832.42 9832.59 9832.84 9831.42 9829.99 9827.77 9819.21 9800.91 9786.49 9799.1 9814.89 9827.77 9833.72 9838.06 9828.1 9813.98 9804.91 9787.8 9770.96 9733.23 9729.53 9768.64 9807.3 9843.09 9873.2 9891.51 9895.36 9897.17 9899.82 9896.97 9883.78 9874.47 9878.9 9870.32 9864.66 9867.86 9867.24 9864.73 9864.92 9870.06 9877.94 9880.25 9881.41 9882.55 9878 9874.6 9873.46
9801.66 9800.93 9802.31 9804.33 9808.58 9815.69 9820.59 9824.13 9826.92 9831.45 9833.88 9834.21 9835.03 9835.87 9837.34 9840.7 9841.16 9838.1 9837.07 9836.33 9836.31 9834.44 9833.57 9831.05 9830.8 9832.37 9831.95 9821.31 9815.56 9811.59 9817.4 9825.86 9834.32 9839.9 9822.97 9805.98 9779.97 9756.01 9723.17 9677.34 9679.77 9735.9 9788.95 9837 9877.71 9902.72 9900.48 9900.81 9900.79 9899.13 9890.76 9882.68 9882.54 9868.92 9867.82 9872.8 9873.45 9869.18 9863.89 9859.9 9852.51 9864.7 9879.93 9874.59 9870.92 9872.69 9873.01
9802.85 9803.4 9808.36 9811.24 9815.94 9822.09 9825.85 9827.51 9827.13 9822.59 9827.25 9832 9834.31 9836.42 9838.41 9839.91 9839.46 9839.53 9843.12 9848.18 9844.41 9835.73 9830.16 9831.86 9832.09 9831.03 9825.67 9823.38 9819.58 9818.37 9820.22 9824.57 9831.83 9830.06 9822.61 9803.88 9773.27 9746.18 9710.37 9671.34 9680.12 9731 9786.66 9838.97 9885.58 9921.91 9915.21 9908.14 9904.69 9903.34 9900.52 9900.05 9898.98 9883.63 9879.57 9885.23 9881.68 9874.48 9865.53 9859.99 9858.55 9864.11 9877.8 9872.84 9869.71 9871.73 9872.3
9806.95 9807.55 9813.96 9820.44 9828.37 9831.67 9832.69 9833.39 9832.66 9831.4 9830.92 9832.02 9833.26 9835.17 9836.5 9835.83 9835.93 9838.05 9845.76 9855.85 9849.59 9837.07 9826.54 9832.69 9832.9 9830.68 9828.04 9823.79 9821.87 9821.79 9823.3 9825.45 9829.72 9833.66 9830.96 9815.37 9790.22 9764.49 9727.07 9691.28 9703.7 9746.08 9795.75 9845.13 9889.64 9922.64 9919.22 9911.01 9908.28 9907.22 9910.14 9907.97 9899.84 9877.67 9885.51 9897.01 9890.27 9880.95 9876.11 9869.53 9862.65 9878.12 9874.65 9865.5 9872.54 9873.67 9874.04
9812.69 9815.77 9822.59 9834.03 9843.45 9840.72 9839.28 9838.69 9839.19 9839.58 9835.94 9832.91 9831.65 9832.29 9832.13 9829.97 9834.56 9839.95 9842.89 9846.54 9844.53 9838.61 9836.82 9835.02 9830.37 9830.38 9831.48 9825.35 9822.97 9823.45 9825.75 9825.61 9826.76 9828.91 9833.99 9832.6 9830.78 9810.68 9764.26 9728.31 9741.23 9775.76 9814.49 9854.78 9890.46 9913 9909.78 9906.08 9906.24 9904.63 9902.85 9892.24 9878.35 9875.86 9883.66 9890.07 9889.07 9882.12 9874.11 9869.23 9873.54 9883.12 9878.47 9863.45 9874.38 9875.48 9877.09
9816.27 9827.67 9832.45 9838.69 9843.24 9842.74 9841.76 9841.89 9843.03 9842.98 9838.23 9833.17 9828.21 9826.58 9828.93 9833.16 9834.97 9837.92 9836.87 9835.9 9836.63 9835.8 9835.37 9834.76 9829.55 9827.72 9825.29 9824.2 9823.28 9824.26 9824.06 9825.35 9825.84 9830.14 9837.99 9842.13 9846.72 9833.89 9807.92 9783.61 9790.54 9810.58 9837.94 9868.3 9894.7 9913.81 9911.59 9906.66 9904.14 9901.26 9890.57 9882.3 9875.55 9879.62 9882.02 9886.2 9884.86 9881.98 9877.32 9879.15 9895.22 9889.97 9876.45 9865.19 9870.11 9873.55 9878.25
9774.93 9826.68 9832.61 9834.94 9837.53 9839.88 9841.31 9842.24 9843.08 9842.22 9838.15 9832.86 9826.4 9813.33 9821.49 9834.32 9833.41 9833.44 9831.77 9830.6 9831.95 9831.73 9828.46 9826.28 9829.16 9825.97 9820.16 9817.39 9822.19 9825.75 9828.92 9826.87 9826.08 9828.95 9839.27 9844.96 9846.65 9843.22 9844.42 9847.52 9835.11 9841.3 9858.78 9880.97 9902.43 9921.35 9920.25 9908.52 9899.61 9898.02 9890.39 9884.94 9880.25 9879.74 9879.76 9878.21 9882.58 9884.26 9887.92 9896.16 9903.39 9894.75 9873.97 9852.4 9855.18 9867.73 9877.68
9743.07 9809.82 9827.33 9832.15 9834.47 9837.22 9839.41 9840.44 9840.87 9839.96 9837.07 9833.72 9831.15 9832.14 9823.31 9811.6 9820.31 9829.51 9829.55 9831 9832.25 9831.85 9830.28 9831.05 9832.13 9827.99 9823.35 9820.91 9823.12 9826.78 9828.54 9828.15 9828.97 9834 9841.27 9845.2 9844.28 9847.74 9855.81 9859.52 9858.44 9863.81 9875.6 9891.44 9908.39 9921.8 9921.95 9910.56 9895.58 9889.72 9894.86 9894.42 9888.91 9882.7 9879.06 9879.35 9880.73 9884.85 9889.87 9894.4 9900.1 9892.51 9872.23 9858.86 9856.96 9867.85 9878.23
9734.08 9754.05 9821.67 9832.15 9834.82 9835.72 9837.9 9838.61 9837.61 9836.84 9835.66 9833.69 9832.17 9831.21 9828.99 9822.15 9804.82 9809.75 9825.37 9830.07 9831.85 9834.72 9838.23 9842.64 9838.06 9831.17 9824.93 9824.32 9824.63 9826.99 9828.98 9828.53 9829.52 9836.31 9847.6 9847.61 9844.61 9848.89 9856.83 9863.79 9868.74 9875.18 9884.65 9896.62 9908.71 9917.22 9917.79 9906.33 9896.31 9890.14 9890.15 9892.19 9892.65 9883.34 9873.01 9872.89 9878.58 9885.34 9892.55 9896.62 9899.89 9889.75 9869.25 9861.14 9865 9876.01 9882.32
9762.7 9748.15 9804.45 9832.77 9835.53 9834.81 9837.28 9837.75 9836.49 9835.52 9834.51 9833.25 9831.82 9830.72 9831.23 9830.74 9825.95 9814.78 9813.6 9823.56 9833.55 9836.55 9838.11 9840.91 9841.37 9833.05 9824.38 9824.32 9824.9 9825.19 9826.29 9828.31 9831.31 9837.2 9844.92 9847.13 9843.77 9849.84 9853.64 9862.1 9871.18 9879.58 9888.48 9897.33 9905.78 9910.7 9911.45 9900.88 9894.18 9884.47 9879.44 9878.21 9886.34 9879.27 9868.88 9869.6 9876.88 9884.99 9894.34 9905.85 9901.56 9891.17 9878.99 9866.71 9872.17 9883.21 9884.64
9796.85 9753.52 9758.07 9833.72 9836.97 9836.7 9838.24 9837.61 9836.94 9834.79 9833.47 9832.36 9831.71 9832.37 9833.28 9833.65 9831.6 9821.17 9810.75 9820.67 9834.02 9835.52 9834.94 9833.34 9831.98 9832.97 9832.46 9826.57 9826.67 9824.75 9825.62 9828.68 9833.2 9836.73 9839.23 9849.56 9853.1 9856.4 9857.12 9866.1 9874.48 9881.67 9888.61 9895.55 9901.31 9904.54 9905.19 9898.2 9895.29 9882.18 9874.5 9878.78 9882.88 9877.96 9870.74 9870.6 9876.09 9883.34 9890.21 9893.71 9889.05 9888.94 9881.34 9866.33 9863.78 9877.69 9883.63
9815.87 9773.61 9763.79 9812.9 9828.72 9839.08 9839.61 9836.05 9832.46 9832.1 9831.4 9830.56 9829.72 9830.7 9834.85 9835.64 9832.7 9826.68 9822.72 9825.57 9829.51 9832.66 9832.38 9830.93 9834.01 9831.21 9831.39 9838.82 9833.17 9824.83 9827.14 9830.83 9833.19 9839.31 9845.83 9855.82 9859.31 9866.24 9884.07 9877.38 9877.34 9881.64 9887.06 9892.61 9896.43 9899.81 9899.44 9901.57 9899.84 9895.17 9892.09 9884.7 9884.41 9870.46 9869.06 9870.59 9876.15 9882.31 9886.79 9887.22 9883.98 9876.39 9871.67 9861.96 9861.63 9875.49 9882.87
9818.9 9798.05 9778.18 9779.7 9810.59 9839.01 9840.39 9834.02 9827.77 9829.47 9830.09 9829.86 9828.66 9829.11 9829.03 9831.47 9832.54 9831.26 9831.39 9832.46 9834.53 9835.8 9833.54 9829.26 9828.08 9830.36 9828.71 9839.13 9838.57 9837.99 9835.89 9837.39 9840.08 9846.11 9853.16 9858.83 9860.36 9865.56 9869.32 9875.35 9876.57 9879.55 9883.39 9887.82 9892.22 9895.8 9900.31 9893.7 9897.76 9895.83 9892.33 9887.26 9875.76 9873.1 9863.25 9871.41 9877.58 9882.11 9885.68 9886.89 9884.48 9872.26 9862.87 9856.73 9848.74 9876.27 9882.24
9820.02 9817.48 9789.92 9762.19 9794.83 9834.54 9839.54 9833.34 9828.27 9828.66 9830.24 9830.9 9831.15 9830.1 9830.14 9828.34 9828.46 9833.66 9836.89 9838.29 9842.38 9842.27 9837.06 9833.9 9833.34 9832.35 9833.11 9832.86 9836.81 9842.23 9843.88 9846.91 9850.74 9854.15 9859.63 9865.17 9863.75 9864.06 9865.87 9870.6 9874.35 9877.35 9880.39 9883.74 9886.44 9889.34 9888.74 9883.62 9882.12 9889.28 9894.12 9893.94 9888.38 9888.65 9881.64 9878.81 9880.97 9884.09 9886.65 9887.06 9883.13 9876.37 9865.33 9861.61 9864.7 9877.16 9880.2
9822.95 9816.32 9788.35 9760.92 9785.85 9825.98 9835.87 9831.85 9828.64 9829.79 9830.55 9831.67 9833.23 9831.08 9827.93 9827.72 9830.01 9833.88 9836.75 9838.53 9842.05 9842.34 9837.37 9835.66 9835.76 9834.32 9831.12 9831.38 9835.59 9843.72 9849.47 9853.42 9858.08 9860.35 9864.35 9873.2 9866.13 9863.65 9864.82 9869.3 9873.63 9875.72 9877.88 9880.61 9883.04 9884.51 9883.99 9880.04 9870.74 9878.72 9891.25 9895.09 9896.34 9897.24 9891.8 9884.78 9883.88 9885.76 9888.67 9889.1 9886.06 9879.97 9873.36 9869.61 9873.82 9878.16 9877.34
9821.72 9815.15 9790.07 9767.05 9782.21 9818.23 9829.41 9828.07 9828.11 9829.06 9829.55 9830.14 9831.18 9832.38 9831.77 9831.39 9831.5 9833.49 9834.72 9834.58 9831.96 9827.28 9833.75 9837.31 9841.52 9842.15 9839.84 9839.68 9842.37 9849.6 9858.27 9858.13 9860.5 9865.67 9864.96 9861.31 9865.42 9865.67 9866.18 9870.39 9872.85 9874.94 9875.94 9876.9 9878.33 9880.93 9884.24 9883.64 9871.77 9875.39 9885.06 9895.17 9896.36 9889.6 9885.19 9884.02 9884.5 9887.14 9890.25 9891.93 9888.4 9879.98 9875.97 9873.94 9875.18 9874.3 9871.74
9820.47 9815.62 9795.44 9774.02 9777.21 9800.16 9812.49 9825.2 9827.95 9827.17 9827.46 9828.42 9829.77 9835.54 9837.07 9833.63 9831.27 9829.81 9830.68 9831.58 9831.13 9834.15 9833.56 9837.78 9846.83 9852.35 9852.5 9853.9 9862.51 9870.42 9874.63 9879.86 9878.9 9877.05 9874.3 9869.81 9871.98 9876.64 9875.87 9873.86 9873.76 9874.07 9874.01 9873.85 9873.35 9872.92 9873.13 9873.92 9871.63 9868.67 9883.8 9888.49 9889.48 9886.14 9879.66 9879.72 9881.59 9885.14 9890.07 9895.65 9891.6 9877.57 9875.61 9873.55 9871.73 9866.44 9864.28
9819.99 9816.29 9804.51 9791.34 9779.79 9763.53 9777.95 9819.43 9821.78 9821.37 9824.03 9827.83 9832.08 9837.22 9838.41 9834.81 9827.73 9823.76 9826.79 9830.1 9834.47 9840.33 9832.27 9827.78 9837.61 9859.24 9861.9 9865.14 9873.54 9880.92 9886.09 9897.13 9893.47 9888.59 9886.17 9881.89 9880.47 9879.01 9879.08 9877.53 9876.4 9875.48 9874.05 9872.22 9869.3 9866.11 9862.97 9874.31 9881.13 9876.38 9876.84 9878.4 9879.41 9882.09 9875.09 9873.71 9877.79 9882.63 9888.14 9889.49 9888.63 9881.71 9875.45 9872.24 9870.59 9863.09 9861.9
9819.04 9818.17 9814.7 9811.07 9797.79 9764.28 9756.28 9779.62 9798.03 9809.28 9818.79 9827.13 9832.78 9836.04 9835.46 9831.37 9827.23 9825.45 9825.28 9827.62 9830.66 9831.57 9825.48 9814.88 9808.31 9861.02 9862.42 9867.5 9876.07 9880.52 9883.41 9887.08 9890.82 9892.97 9895.59 9893.5 9885.14 9879.11 9879.37 9878.41 9876.46 9875.21 9873.5 9871.7 9868.93 9859.35 9861.56 9870.07 9873.55 9876.28 9872.25 9868.07 9865.72 9850.95 9859.6 9866.55 9873.25 9879.2 9886.18 9894.51 9896.36 9888.34 9879.71 9877.12 9877.51 9879.21 9873.09
9820.86 9821.75 9821.42 9821.81 9814.26 9790.79 9768.11 9750.97 9777.97 9797.87 9812.65 9825 9832.86 9835.49 9833.46 9828.08 9825.51 9823.68 9823.73 9824.6 9824.97 9823.53 9822.39 9822.25 9822.69 9816.01 9841.67 9858.77 9872.9 9878.93 9878.21 9874.51 9885.24 9891.58 9893.12 9884.88 9884.46 9887.29 9883.81 9879.72 9877.33 9875.16 9873.21 9873.04 9873.23 9873 9869.61 9873.48 9867.59 9868.06 9865.45 9863.91 9863.54 9863.4 9855.8 9862.89 9870.4 9874.85 9879.68 9889.28 9895.55 9891.65 9880.84 9875.92 9882.28 9889.17 9882.56
9819.69 9821.63 9823.12 9823.63 9820.04 9812.22 9799.38 9775.12 9782.77 9794.19 9807.72 9822.75 9831.51 9835.04 9833.39 9830.47 9824.95 9822.64 9822.22 9822.5 9822.52 9821.86 9822.35 9824.79 9826.76 9826.81 9827.63 9847.41 9868.79 9876.82 9879.77 9882.08 9887.73 9891.6 9890.03 9882.54 9884.98 9889.59 9886.17 9881.8 9878.99 9876.17 9874.36 9873.4 9874.85 9876.75 9872.41 9869.68 9865.07 9859.09 9854.88 9854.49 9861.18 9866.23 9859.1 9868.06 9871.38 9871.84 9870.7 9869.96 9886.51 9889.25 9880.28 9875.37 9880.15 9886.08 9888.72
9819.62 9820.75 9821.37 9820.59 9818.45 9816.42 9813.71 9804.98 9794.09 9792.78 9798.93 9815.48 9826.17 9833.83 9831.48 9826.92 9825.05 9822.29 9821.99 9821.88 9821.1 9820.17 9820.85 9822.55 9822.65 9824.97 9827.88 9831.88 9848.95 9865.77 9878.72 9888.97 9891.49 9893.62 9892.11 9889.79 9890.06 9887.93 9885.54 9882.9 9880.24 9877.07 9874.54 9872.41 9872.09 9873.99 9870.09 9861.78 9864.41 9854.53 9848.47 9849.86 9856.96 9867.47 9887.13 9882.99 9876.63 9872.63 9870.26 9872.53 9883.51 9884.71 9880.76 9875.01 9877.36 9879.98 9892.75
9819.9 9819.61 9818.97 9817.41 9815.08 9814.87 9815.26 9810.72 9798.49 9787.96 9779.43 9782.97 9811.35 9832.24 9829.67 9826.02 9824.51 9822.72 9822.15 9821.44 9820.7 9820.32 9820.25 9820.31 9819.49 9821.41 9823.82 9819.46 9817.72 9840.89 9871.99 9887.72 9891.45 9893.75 9895.45 9894.02 9893.94 9886.58 9884.43 9882.62 9880.47 9877.55 9873.92 9869.52 9865.7 9867.51 9867.65 9857.64 9861.77 9853.71 9850.4 9855.35 9865.33 9875.87 9887.53 9886.55 9881.09 9875.73 9871.43 9871.56 9874.36 9882.06 9879.2 9874.77 9877.01 9884.9 9886.13
9820.76 9819.52 9817.7 9815.07 9812.1 9813.89 9815.79 9812.14 9801.79 9787.65 9768.15 9757.26 9794.27 9822.35 9825.95 9825.57 9824.09 9825.03 9823.84 9822.65 9821.59 9820.4 9819.94 9820.95 9823 9820.76 9821.59 9823.76 9821.06 9834.52 9866.95 9882.54 9885.57 9886.78 9882.32 9881.87 9878.91 9880.62 9882.46 9882.45 9880.8 9878.56 9874.31 9867.53 9857.58 9857.81 9868.82 9879.98 9872.38 9865.99 9862.44 9866.3 9875.2 9881.4 9882.68 9883.98 9884.86 9881 9873.87 9875.27 9879.83 9868.37 9874.71 9872.04 9872.92 9885.39 9881.88
