real_craters/C148-750m.grd
DSAA
128 128
-47.46 47.46
-47.46 47.46
8602.6580831429 10466.685636596
[rows 36 to 71 of 128, columns 0 to 79 of 128]
9819 9816 9809 9779 9758 9797 9811 9823 9832 9837 9832 9826 9825 9829 9833 9822 9808 9863 9867 9878 9884 9891 9893 9897 9885 9877 9878 9876 9873 9871 9860 9864 9874 9876 9870 9864 9859 9870 9879 9889 9895 9884 9877 9876 9871 9871 9869 9869 9882 9880 9880 9877 9871 9864 9854 9854 9855 9852 9850 9849 9853 9859 9858 9867 9874 9873 9870 9871 9879 9895 9887 9885 9880 9875 9874 9885 9889 9893 9897 9908
9820 9822 9823 9810 9781 9766 9795 9817 9832 9835 9829 9823 9823 9824 9823 9823 9827 9818 9853 9876 9878 9880 9891 9888 9883 9889 9881 9877 9874 9874 9874 9872 9869 9867 9860 9865 9855 9866 9873 9877 9890 9887 9875 9885 9884 9881 9879 9880 9890 9888 9884 9879 9871 9865 9864 9859 9857 9854 9857 9864 9867 9869 9871 9876 9874 9872 9869 9870 9877 9885 9895 9890 9885 9881 9880 9883 9891 9900 9911 9915
9820 9821 9821 9817 9813 9796 9793 9808 9827 9834 9827 9824 9822 9822 9820 9822 9823 9827 9834 9863 9878 9890 9893 9889 9889 9887 9883 9879 9875 9873 9875 9867 9863 9852 9848 9859 9882 9879 9873 9870 9882 9884 9876 9879 9892 9889 9889 9896 9902 9897 9889 9880 9872 9864 9859 9861 9862 9861 9865 9874 9885 9898 9896 9886 9886 9879 9870 9870 9875 9875 9890 9892 9889 9886 9885 9889 9894 9901 9913 9917
9821 9819 9816 9814 9815 9806 9787 9766 9804 9831 9826 9823 9823 9821 9820 9820 9820 9822 9820 9810 9868 9889 9892 9891 9891 9884 9883 9880 9874 9866 9864 9868 9862 9854 9856 9875 9885 9884 9878 9871 9870 9879 9876 9879 9887 9884 9891 9901 9916 9904 9890 9879 9870 9864 9860 9865 9870 9880 9878 9882 9901 9919 9924 9934 9918 9903 9884 9885 9893 9894 9899 9898 9894 9890 9889 9894 9897 9899 9899 9897
9822 9819 9815 9813 9819 9812 9796 9775 9784 9812 9824 9824 9825 9824 9822 9821 9822 9818 9824 9833 9851 9874 9880 9875 9873 9881 9882 9880 9878 9868 9853 9872 9889 9896 9885 9883 9888 9892 9890 9883 9896 9886 9861 9870 9878 9877 9887 9898 9907 9896 9886 9877 9868 9862 9864 9870 9878 9889 9892 9899 9907 9917 9931 9955 9954 9943 9916 9922 9928 9921 9914 9906 9898 9891 9886 9895 9897 9896 9893 9893
9824 9822 9820 9823 9827 9819 9814 9816 9789 9777 9802 9823 9822 9823 9824 9824 9819 9819 9818 9823 9838 9859 9874 9874 9877 9882 9883 9883 9884 9886 9872 9864 9902 9904 9898 9897 9911 9916 9902 9897 9896 9888 9874 9870 9873 9876 9884 9890 9884 9883 9879 9874 9868 9862 9866 9880 9891 9896 9906 9907 9918 9923 9949 9973 9988 9990 1e+004 9972 9957 9935 9925 9915 9905 9894 9885 9893 9898 9899 9893 9892
9822 9823 9824 9825 9823 9821 9820 9817 9821 9805 9792 9805 9821 9817 9823 9828 9821 9823 9816 9823 9826 9848 9871 9872 9877 9880 9884 9886 9887 9885 9873 9877 9907 9900 9888 9888 9906 9914 9903 9900 9906 9896 9880 9876 9884 9884 9882 9884 9882 9879 9877 9876 9874 9872 9879 9895 9916 9934 9932 9940 9954 9961 9968 9996 1.001e+004 1.002e+004 1.003e+004 1e+004 9972 9947 9932 9927 9919 9908 9890 9898 9906 9907 9905 9886
9822 9824 9825 9824 9822 9824 9823 9824 9824 9823 9809 9792 9784 9801 9818 9829 9827 9821 9818 9820 9823 9841 9853 9861 9872 9879 9886 9887 9887 9880 9870 9877 9898 9895 9883 9881 9892 9901 9905 9909 9912 9906 9888 9883 9893 9882 9875 9873 9878 9884 9887 9888 9886 9883 9895 9909 9932 9960 9980 9992 1.003e+004 1.003e+004 1.003e+004 1.004e+004 1.004e+004 1.004e+004 1.004e+004 1.002e+004 9999 9986 9953 9945 9939 9933 9930 9921 9917 9920 9917 9901
9824 9825 9827 9825 9827 9826 9823 9824 9825 9823 9823 9804 9780 9797 9811 9819 9824 9826 9825 9824 9828 9842 9853 9862 9872 9885 9889 9889 9886 9880 9866 9865 9867 9887 9890 9884 9882 9885 9903 9909 9906 9912 9904 9901 9884 9877 9869 9863 9882 9898 9903 9906 9906 9906 9920 9933 9942 9991 1.006e+004 1.01e+004 1.017e+004 1.011e+004 1.016e+004 1.013e+004 1.01e+004 1.008e+004 1.007e+004 1.005e+004 1.003e+004 1.003e+004 9995 9977 9971 9963 9949 9936 9940 9938 9929 9908
9823 9827 9830 9840 9833 9824 9823 9824 9828 9829 9827 9820 9815 9808 9806 9819 9824 9824 9823 9831 9841 9851 9860 9884 9899 9900 9896 9893 9887 9869 9873 9874 9884 9901 9896 9888 9879 9872 9897 9898 9899 9897 9901 9895 9880 9876 9875 9873 9898 9915 9920 9928 9937 9958 9971 9986 9987 1.006e+004 1.015e+004 1.012e+004 9951 9916 9956 1.009e+004 1.019e+004 1.015e+004 1.012e+004 1.008e+004 1.004e+004 1.004e+004 1.005e+004 1.002e+004 1.002e+004 1.001e+004 9989 9970 9963 9960 9949 9930
9826 9827 9828 9828 9827 9826 9826 9825 9825 9825 9827 9827 9830 9815 9795 9770 9806 9834 9831 9826 9829 9856 9873 9908 9916 9903 9901 9900 9899 9893 9898 9899 9896 9893 9886 9885 9885 9889 9896 9901 9900 9902 9904 9892 9884 9899 9889 9879 9905 9921 9931 9947 9966 9994 1.003e+004 1.007e+004 1.01e+004 1.015e+004 1.019e+004 1.005e+004 9760 9714 9722 9934 1.021e+004 1.024e+004 1.019e+004 1.012e+004 1.006e+004 1.008e+004 1.011e+004 1.009e+004 1.009e+004 1.009e+004 1.006e+004 1.003e+004 9998 9993 9983 9960
9825 9825 9825 9824 9825 9831 9824 9823 9824 9825 9825 9827 9823 9815 9800 9785 9789 9823 9828 9835 9833 9865 9881 9906 9914 9909 9901 9898 9901 9900 9895 9885 9890 9894 9880 9883 9889 9897 9897 9904 9899 9895 9893 9893 9896 9901 9900 9903 9904 9913 9940 9975 1.001e+004 1.003e+004 1.008e+004 1.014e+004 1.019e+004 1.021e+004 1.02e+004 9997 9740 9672 9644 9809 1.012e+004 1.021e+004 1.016e+004 1.013e+004 1.016e+004 1.014e+004 1.011e+004 1.012e+004 1.017e+004 1.019e+004 1.018e+004 1.012e+004 1.006e+004 1.003e+004 1.001e+004 9987
9821 9821 9821 9822 9825 9827 9825 9827 9828 9829 9830 9828 9824 9819 9814 9814 9803 9818 9837 9842 9857 9880 9885 9892 9901 9901 9888 9880 9901 9896 9902 9898 9881 9874 9878 9883 9888 9892 9892 9888 9896 9897 9899 9906 9915 9908 9911 9909 9908 9912 9953 1.001e+004 1.006e+004 1.009e+004 1.012e+004 1.015e+004 1.02e+004 1.019e+004 1.016e+004 9932 9702 9682 9649 9721 9893 9938 9954 1e+004 1.009e+004 1.008e+004 1.014e+004 1.024e+004 1.023e+004 1.022e+004 1.023e+004 1.022e+004 1.016e+004 1.009e+004 1.005e+004 1.002e+004
9819 9818 9817 9818 9822 9827 9825 9833 9836 9836 9832 9830 9826 9823 9822 9824 9809 9773 9824 9836 9866 9881 9881 9887 9888 9885 9872 9849 9814 9884 9886 9894 9889 9880 9878 9885 9888 9887 9889 9895 9899 9907 9914 9933 9936 9930 9926 9916 9915 9920 9973 1.004e+004 1.01e+004 1.013e+004 1.013e+004 1.012e+004 1.008e+004 1.009e+004 1.006e+004 9853 9696 9669 9639 9645 9609 9592 9655 9692 9728 9842 9974 1.011e+004 1.018e+004 1.024e+004 1.028e+004 1.03e+004 1.028e+004 1.019e+004 1.011e+004 1.006e+004
9820 9820 9820 9820 9823 9823 9823 9830 9840 9841 9839 9833 9826 9821 9821 9819 9812 9782 9821 9836 9855 9872 9876 9882 9884 9880 9872 9857 9847 9880 9881 9877 9879 9881 9887 9891 9894 9896 9896 9897 9905 9918 9938 9932 9931 9937 9932 9929 9929 9935 9996 1.007e+004 1.013e+004 1.013e+004 1.01e+004 1.007e+004 1.001e+004 9922 9829 9687 9622 9603 9540 9499 9396 9356 9405 9419 9436 9582 9695 9785 1.001e+004 1.029e+004 1.031e+004 1.03e+004 1.025e+004 1.02e+004 1.015e+004 1.009e+004
9827 9828 9833 9835 9837 9834 9832 9836 9836 9840 9840 9835 9829 9823 9821 9819 9820 9799 9790 9834 9848 9864 9871 9880 9888 9886 9888 9890 9898 9904 9885 9890 9892 9886 9887 9897 9899 9897 9882 9890 9902 9917 9936 9923 9924 9938 9941 9953 9948 9957 1.002e+004 1.009e+004 1.015e+004 1.01e+004 1.003e+004 9975 9859 9697 9537 9406 9364 9371 9340 9277 9243 9290 9246 9233 9303 9388 9501 9652 9775 1.003e+004 1.018e+004 1.029e+004 1.035e+004 1.025e+004 1.02e+004 1.014e+004
9842 9842 9846 9848 9851 9849 9845 9839 9838 9843 9843 9838 9834 9833 9824 9821 9822 9808 9778 9843 9861 9877 9883 9890 9899 9906 9912 9916 9916 9916 9905 9895 9889 9898 9908 9905 9901 9900 9885 9886 9895 9905 9912 9914 9920 9931 9963 9976 9987 1e+004 1.007e+004 1.011e+004 1.007e+004 9990 9876 9777 9646 9473 9307 9198 9168 9192 9154 9097 9060 9058 9084 9104 9151 9225 9312 9388 9518 9731 9992 1.023e+004 1.046e+004 1.038e+004 1.029e+004 1.017e+004
9873 9857 9846 9848 9854 9854 9846 9842 9843 9845 9843 9839 9834 9829 9828 9827 9827 9823 9804 9822 9862 9881 9895 9905 9908 9922 9928 9923 9917 9916 9907 9893 9891 9908 9910 9902 9896 9891 9884 9886 9891 9897 9898 9905 9915 9938 9962 1e+004 1.005e+004 1.01e+004 1.015e+004 1.011e+004 1.003e+004 9842 9664 9504 9401 9306 9188 9088 9052 9049 9009 8953 8943 8917 8941 9005 9011 9085 9146 9193 9308 9497 9800 1.007e+004 1.031e+004 1.047e+004 1.039e+004 1.025e+004
9883 9857 9839 9843 9851 9850 9840 9840 9842 9845 9841 9838 9835 9830 9832 9834 9837 9841 9847 9829 9877 9896 9877 9891 9909 9919 9923 9920 9926 9917 9910 9909 9909 9914 9902 9894 9887 9884 9889 9882 9890 9895 9898 9900 9924 9945 9968 1.002e+004 1.011e+004 1.023e+004 1.028e+004 1.006e+004 9845 9649 9449 9260 9195 9157 9073 8977 8935 8899 8886 8861 8866 8853 8861 8867 8917 8981 9038 9110 9248 9424 9637 9871 1.01e+004 1.043e+004 1.046e+004 1.033e+004
9846 9843 9835 9839 9839 9837 9848 9845 9841 9840 9839 9838 9837 9840 9841 9839 9838 9843 9839 9849 9899 9926 9921 9907 9913 9919 9925 9936 9931 9915 9920 9919 9911 9909 9896 9887 9880 9878 9873 9887 9896 9901 9905 9910 9922 9954 9979 1.003e+004 1.011e+004 1.018e+004 1.015e+004 9880 9623 9449 9274 9121 9044 9007 8945 8864 8850 8829 8819 8814 8827 8850 8853 8858 8880 8915 8961 9017 9149 9327 9485 9677 9906 1.028e+004 1.044e+004 1.042e+004
9825 9837 9852 9840 9834 9832 9836 9836 9837 9838 9838 9838 9837 9835 9836 9838 9840 9843 9846 9851 9869 9906 9911 9914 9918 9925 9934 9930 9922 9918 9915 9908 9903 9901 9895 9886 9878 9868 9881 9903 9902 9906 9915 9928 9937 9971 1.001e+004 1.004e+004 1.006e+004 1.001e+004 9876 9663 9438 9283 9139 9015 8927 8862 8844 8841 8817 8805 8808 8822 8857 8875 8856 8833 8845 8870 8906 8948 9019 9170 9332 9496 9683 9993 1.03e+004 1.04e+004
9828 9831 9837 9837 9835 9834 9838 9838 9837 9838 9839 9839 9838 9836 9832 9834 9834 9837 9838 9854 9884 9884 9902 9914 9920 9925 9932 9942 9933 9921 9916 9903 9902 9899 9887 9883 9887 9876 9871 9893 9898 9905 9913 9923 9927 9959 1.001e+004 1.011e+004 1.006e+004 9914 9725 9517 9311 9167 9032 8922 8849 8798 8795 8804 8812 8823 8835 8849 8869 8893 8878 8810 8808 8831 8862 8899 8945 9063 9202 9336 9475 9725 1.006e+004 1.029e+004
9832 9834 9834 9835 9833 9835 9836 9836 9838 9840 9841 9841 9840 9840 9837 9835 9834 9837 9839 9847 9876 9871 9904 9917 9922 9926 9933 9930 9927 9922 9913 9914 9911 9905 9897 9894 9896 9891 9874 9877 9898 9908 9913 9917 9942 9991 1.016e+004 1.027e+004 1.01e+004 9865 9625 9411 9222 9083 8948 8853 8812 8780 8786 8797 8817 8841 8859 8852 8847 8858 8854 8781 8779 8803 8832 8870 8931 9013 9110 9222 9337 9551 9831 1.006e+004
9836 9838 9838 9835 9834 9839 9836 9838 9842 9843 9843 9843 9843 9842 9840 9838 9838 9839 9844 9849 9859 9890 9915 9919 9921 9924 9930 9939 9935 9923 9924 9912 9904 9901 9902 9890 9897 9897 9894 9900 9912 9917 9920 9931 9972 1.003e+004 1.019e+004 1.037e+004 1.012e+004 9793 9461 9290 9154 9035 8920 8846 8822 8806 8798 8805 8816 8835 8844 8818 8813 8827 8791 8748 8757 8775 8797 8828 8883 8952 9031 9135 9293 9474 9666 9869
9837 9838 9839 9838 9838 9842 9839 9841 9844 9846 9846 9845 9845 9844 9841 9842 9845 9853 9857 9859 9864 9887 9909 9918 9921 9923 9922 9934 9927 9909 9902 9897 9890 9890 9887 9881 9894 9892 9911 9944 9933 9928 9931 9945 9989 1.005e+004 1.023e+004 1.035e+004 1.006e+004 9704 9382 9213 9114 9022 8935 8878 8853 8829 8798 8794 8804 8813 8809 8782 8798 8799 8768 8763 8759 8762 8772 8782 8807 8876 8961 9051 9160 9345 9572 9783
9839 9841 9843 9841 9837 9839 9839 9841 9845 9847 9847 9847 9847 9847 9847 9845 9845 9849 9855 9859 9861 9894 9906 9914 9919 9926 9936 9941 9921 9906 9893 9885 9883 9887 9888 9891 9898 9888 9914 9937 9940 9938 9941 9955 9999 1.007e+004 1.02e+004 1.016e+004 9910 9604 9321 9179 9095 9024 8961 8915 8888 8853 8814 8793 8788 8785 8773 8734 8718 8718 8730 8756 8758 8756 8756 8756 8783 8838 8906 8997 9119 9288 9541 9759
9846 9855 9854 9846 9839 9845 9847 9845 9846 9848 9848 9848 9848 9849 9852 9848 9845 9844 9856 9864 9874 9894 9900 9911 9918 9923 9926 9913 9903 9899 9891 9884 9880 9896 9906 9900 9925 9918 9927 9939 9943 9942 9947 9968 1.001e+004 1.007e+004 1.016e+004 1.002e+004 9753 9508 9277 9144 9078 9020 8973 8938 8911 8868 8818 8790 8770 8753 8734 8684 8675 8672 8682 8741 8744 8742 8740 8743 8758 8792 8863 8946 9062 9221 9468 9695
9838 9884 9862 9850 9843 9843 9842 9844 9846 9847 9848 9849 9850 9852 9858 9850 9851 9858 9866 9878 9887 9883 9902 9915 9917 9917 9913 9905 9900 9892 9891 9896 9909 9912 9928 9943 9946 9937 9938 9948 9944 9940 9946 9960 1e+004 1.01e+004 1.013e+004 9898 9636 9433 9242 9109 9055 9011 8974 8947 8924 8874 8821 8785 8754 8723 8692 8671 8664 8652 8642 8698 8721 8728 8730 8732 8750 8785 8839 8914 9028 9175 9360 9628
9821 9833 9858 9847 9838 9839 9842 9841 9843 9846 9849 9852 9853 9856 9862 9861 9863 9865 9875 9882 9890 9910 9920 9919 9917 9913 9907 9903 9907 9901 9899 9902 9912 9917 9922 9924 9934 9945 9935 9930 9931 9934 9940 9956 1.001e+004 1.014e+004 1.014e+004 9901 9597 9403 9235 9083 9033 9000 8971 8950 8925 8879 8827 8789 8749 8707 8668 8661 8658 8651 8618 8676 8705 8716 8720 8728 8750 8778 8823 8903 9025 9170 9324 9620
9850 9864 9857 9844 9838 9840 9840 9842 9843 9847 9851 9855 9859 9863 9866 9866 9874 9885 9888 9891 9921 9923 9916 9915 9914 9912 9907 9899 9910 9916 9906 9903 9908 9918 9923 9914 9944 9925 9926 9925 9928 9929 9937 9957 1.001e+004 1.013e+004 1.016e+004 9894 9592 9403 9235 9077 9029 9000 8976 8958 8932 8895 8848 8801 8752 8699 8641 8618 8636 8647 8615 8681 8699 8708 8714 8716 8741 8762 8802 8900 9031 9193 9382 9645
9845 9849 9848 9842 9841 9842 9840 9841 9844 9849 9854 9859 9863 9865 9866 9868 9877 9883 9889 9901 9908 9914 9914 9913 9910 9906 9900 9891 9899 9917 9929 9925 9921 9923 9933 9946 9939 9936 9929 9925 9926 9928 9936 9964 1.002e+004 1.019e+004 1.02e+004 9907 9629 9441 9276 9121 9051 9017 8993 8976 8954 8923 8878 8823 8768 8712 8654 8610 8621 8603 8650 8686 8699 8705 8711 8722 8729 8740 8781 8862 9020 9198 9380 9685
9837 9846 9850 9848 9846 9844 9841 9842 9845 9851 9856 9862 9868 9867 9863 9864 9879 9888 9894 9901 9912 9913 9912 9910 9906 9898 9889 9894 9913 9931 9925 9922 9925 9928 9935 9936 9924 9948 9937 9928 9929 9930 9938 9968 1.007e+004 1.021e+004 1.023e+004 9973 9710 9519 9329 9157 9087 9054 9023 9000 8975 8946 8900 8844 8789 8738 8695 8656 8659 8687 8694 8700 8700 8700 8703 8709 8719 8735 8784 8871 9025 9204 9401 9761
9837 9839 9840 9840 9843 9843 9842 9843 9847 9852 9858 9864 9869 9866 9856 9857 9866 9887 9911 9923 9923 9908 9911 9910 9907 9902 9893 9900 9916 9922 9922 9910 9918 9927 9932 9934 9942 9943 9934 9930 9940 9934 9937 9956 1.001e+004 1.019e+004 1.029e+004 1.014e+004 9860 9625 9445 9242 9141 9084 9054 9030 8997 8962 8914 8862 8811 8764 8725 8695 8700 8719 8717 8711 8701 8696 8698 8707 8723 8744 8804 8914 9049 9201 9398 9792
9838 9840 9842 9840 9842 9844 9844 9847 9850 9854 9859 9863 9866 9862 9859 9857 9858 9882 9912 9921 9922 9917 9913 9914 9909 9902 9891 9896 9912 9907 9914 9918 9920 9926 9936 9954 9937 9921 9929 9929 9930 9938 9940 9957 1.002e+004 1.023e+004 1.037e+004 1.023e+004 9924 9712 9510 9290 9179 9142 9096 9061 9017 8967 8922 8878 8834 8788 8744 8725 8731 8738 8726 8717 8703 8702 8703 8717 8750 8791 8866 8961 9085 9218 9390 9739
9836 9839 9840 9843 9846 9850 9851 9855 9853 9856 9859 9861 9865 9859 9856 9856 9859 9873 9886 9893 9907 9905 9911 9914 9911 9906 9900 9896 9904 9913 9917 9925 9919 9918 9921 9930 9941 9930 9931 9934 9944 9948 9951 9967 1.001e+004 1.013e+004 1.031e+004 1.027e+004 1.008e+004 9838 9585 9365 9240 9180 9132 9083 9023 8966 8927 8896 8861 8821 8774 8753 8760 8767 8736 8726 8716 8731 8739 8761 8806 8852 8922 9014 9135 9270 9428 9682
9832 9837 9840 9843 9851 9853 9853 9856 9857 9859 9859 9859 9856 9856 9855 9857 9858 9863 9867 9869 9883 9906 9914 9919 9914 9906 9894 9917 9911 9912 9913 9917 9913 9909 9905 9901 9922 9941 9938 9940 9948 9954 9962 9979 1.001e+004 1.006e+004 1.011e+004 1.026e+004 1.027e+004 1e+004 9712 9476 9326 9241 9178 9105 9029 8966 8941 8921 8898 8870 8838 8794 8782 8787 8763 8744 8746 8789 8831 8859 8887 8919 8974 9070 9189 9324 9510 9731
