real_craters/C148-1000m.grd
DSAA
55 55
-27.12 27.12
-27.12 27.12
3298.0740255585 5392.6268399816
[rows 0 to 35 of 55, columns 0 to 54 of 55]
4717.03 4737.44 4732.17 4733.74 4732.64 4730.87 4733.01 4739.32 4746.61 4753.19 4774.04 4777.33 4768.12 4760.05 4751.55 4761.46 4773.87 4765.43 4753.93 4756.43 4760.89 4755.83 4749.89 4742.58 4734.45 4723.82 4725.55 4735.88 4746.64 4761.36 4764.35 4726.86 4726.62 4755.14 4782.8 4794.88 4783.62 4757.54 4763.74 4766.84 4777.15 4787.7 4785.99 4785.69 4786.77 4784.77 4793.24 4851.23 4873.66 4855.68 4813.24 4768.76 4752.95 4765.59 4764.44
4693.7 4743.12 4737.07 4737.05 4737.01 4735.93 4740.31 4733.4 4738.74 4750.74 4771.31 4773.93 4768.19 4762.51 4748.92 4749.62 4753.9 4746.97 4757.78 4772.01 4781.57 4775.12 4767.68 4756.92 4745.63 4735.87 4744.73 4752.78 4757.06 4764.47 4757.23 4738.81 4742.87 4789.73 4832.24 4864.57 4861.43 4823.48 4762.85 4762.96 4772.13 4784.59 4775.53 4771.69 4771.63 4776.55 4790.95 4812.25 4826.78 4821.21 4794.02 4763.35 4752.99 4760.12 4765.54
4682.9 4738.75 4743.47 4745.32 4743.96 4739.2 4734.51 4735.19 4737.27 4755.42 4770.55 4765.44 4764.09 4756.67 4745.41 4745.08 4753.22 4769.89 4782.7 4794.89 4801.24 4797.23 4787.1 4773.53 4756.23 4752.7 4774.57 4774.3 4773.36 4768.93 4777.9 4772.44 4798.3 4834.81 4878.39 4935.41 5008.87 4941.22 4820.76 4791.47 4779.12 4766.09 4761.77 4759.15 4761.48 4766.59 4778.15 4795.7 4825.85 4805.99 4784.75 4764.82 4757.2 4750.38 4737.3
4680.48 4729.93 4749.89 4750.49 4745.67 4740.27 4737.66 4732.88 4734.09 4750.47 4755.95 4758.43 4760.69 4754.16 4749.16 4750.5 4756.65 4784.39 4831.82 4837 4836.61 4825.18 4808.68 4794.3 4781.76 4778.32 4791.22 4783.36 4778.21 4776.01 4785.21 4807.41 4858.16 4862.84 4897.71 4946.02 5001.7 4953.98 4851.92 4802.9 4791.54 4790.2 4773.42 4759.5 4756.56 4755.52 4763.1 4772.63 4777.16 4779.18 4774.33 4769.91 4764.36 4755.45 4749.51
4665.88 4716.91 4755.36 4752.64 4739.68 4740.25 4735.79 4732.05 4749.35 4737.83 4746.15 4761.01 4762.92 4760.09 4756.13 4761.66 4781.27 4805.57 4839.74 4859.99 4868.57 4844.76 4827.81 4815.42 4816.98 4865.55 4803.58 4790.03 4783.61 4783.96 4806.41 4824.83 4825.54 4862.61 4886.26 4901.72 4893.92 4879.73 4837.08 4788.37 4779.46 4795.7 4768.92 4762.26 4757.67 4750.17 4754.35 4759.36 4759.3 4758.45 4761.81 4764.5 4750.16 4747.98 4745.41
4662.68 4705.3 4752.35 4751.69 4742.47 4745.72 4746.19 4756.03 4741.8 4730.65 4737.63 4752.43 4759.78 4758.98 4748.12 4758.54 4801.77 4824.8 4851.78 4859.55 4869.08 4847.29 4830.4 4823.21 4817.18 4805.51 4815.73 4788.72 4789.25 4792.69 4802.96 4861.69 4863.29 4861.99 4870.36 4871.45 4855.52 4855.84 4844.89 4831.23 4818.88 4797.18 4773.77 4765.52 4763.47 4763.21 4757.43 4754.23 4750.02 4742.59 4751.44 4750.61 4742.11 4736.1 4732.82
4672 4697.23 4736.44 4748.3 4755.54 4753.95 4758.21 4758.88 4734.74 4727.93 4731.09 4745.44 4768.18 4764.63 4754.87 4753.29 4769.37 4805.13 4835.16 4843.29 4841.72 4840.89 4835.47 4824.77 4809.09 4799.31 4811.88 4803.3 4807.77 4818.4 4815.14 4885.68 4858.53 4857.22 4858.04 4864.12 4869.09 4854.56 4848.93 4823.74 4845.41 4800.86 4771.06 4767.82 4765.84 4764.49 4758.24 4753.48 4748.57 4748.13 4744.63 4742.1 4732.2 4726.8 4731.05
4666.02 4693.85 4727.84 4741.87 4744.05 4744.61 4741.22 4737.4 4727.82 4724.9 4727.7 4736.26 4754.23 4762.12 4763.73 4769.97 4758.51 4786.53 4808.24 4827.63 4832.93 4836.5 4837.36 4829.06 4817.23 4803.15 4810.29 4829.14 4830.92 4839.64 4840.22 4856.4 4873.93 4851.47 4852.05 4855.65 4862.28 4846.51 4839.22 4849.12 4813.97 4796.46 4787.08 4776.45 4766.58 4756.31 4756.99 4753 4749.2 4739.73 4735.73 4729.45 4724.94 4725.27 4721.22
4670.71 4693.35 4724.8 4733.68 4746.82 4750.65 4739.49 4743.74 4731.36 4726.44 4727.25 4733.55 4732.55 4749.26 4754.52 4746.87 4752.54 4793.93 4827.62 4828.89 4835.25 4845.28 4847.72 4841.91 4827.4 4821.41 4817.27 4868.34 4870.02 4858.75 4867.71 4851.23 4834.2 4853.16 4851.68 4834.38 4826.44 4838.01 4829.65 4833.19 4818.23 4796.2 4792.48 4777.36 4771.11 4764.32 4755.79 4751.04 4749.59 4745.66 4730.5 4730.56 4734.78 4716.14 4714.83
4689.89 4689.01 4685.83 4711.3 4748.15 4763.49 4734.81 4734.2 4732.51 4733.04 4730.75 4728.14 4729.53 4744.78 4755.07 4756.46 4761 4785.17 4816.08 4842.71 4865.33 4876.4 4879.25 4855.88 4851.15 4849.01 4858.09 4876.83 4911.87 4935.7 4926.96 4934.51 4926.72 4898.38 4865.96 4842.32 4839.35 4854.91 4861.69 4838.22 4821.77 4809.02 4780 4765.77 4766.14 4759.6 4751.32 4745.61 4740.17 4733.6 4725.91 4724.03 4720.83 4716.41 4712.5
4706.25 4690.52 4672.87 4697.41 4733.2 4743.39 4726.16 4721.51 4731.09 4736.97 4736.43 4742.59 4737.02 4745.21 4762.14 4776.31 4784.61 4819 4848.21 4873.93 4896.14 4915.95 4924.78 4915.9 4912.4 4884.08 4858.54 4904.08 4941.3 4969.82 4990.05 4947.47 4890.19 4892.77 4894.4 4876.7 4880.09 4895.12 4886.68 4870.7 4853.58 4837.89 4795.07 4766.39 4751.32 4748.69 4745.47 4740.11 4730.75 4721.63 4717.88 4717.18 4717.58 4714.02 4713.73
4705.18 4705.76 4701.05 4716.84 4736.7 4747.64 4733.66 4729.35 4732.1 4735.74 4737.34 4733.6 4739.1 4743.74 4757.05 4783.64 4812.98 4873.48 4910.76 4937.1 4943.82 4953.27 4998.68 5020.77 5025.85 5010.5 4976.19 5023.82 5035.12 5058.17 5105.16 4986.27 4932.27 4914.79 4954.82 4975.39 4950.16 4932.92 4909.4 4893.18 4863.46 4849.96 4812.72 4777.11 4758.77 4750.67 4746.83 4738.57 4728.09 4720.7 4728 4722.19 4718.63 4720.72 4716.78
4721.21 4723.27 4738.31 4751.99 4752.37 4752.58 4744.11 4739.65 4741.37 4742.58 4739.87 4734.76 4736.16 4730.52 4724.3 4739.03 4830.94 4901.56 4972.25 5025.47 5048.57 5026.01 5082.57 5078.76 5070.49 5125.28 5263.95 5203.04 5230.36 5202.1 5226.23 5167.66 5194.77 5078.87 5025.88 5017.71 4985.58 4967.47 4931.74 4873.91 4858.66 4846.93 4816.87 4779.81 4769.32 4764.33 4754.86 4744.56 4733.93 4727.32 4733.04 4730.48 4717.01 4722.06 4719.93
4720.13 4722.94 4733.85 4745.84 4764.95 4779.3 4753.42 4754.88 4747.82 4736.11 4741.56 4743.44 4737.72 4722.28 4712.44 4745.68 4948.77 4939.89 5060.51 5131.64 5190.95 5281.76 5183.29 5097.55 5029.98 5036.75 5151.34 5162.28 5060.91 4995.28 5035.31 5107.17 5197.39 5153.17 4878.81 4863.19 4903.77 4973.49 4920.12 4885.27 4890.52 4871.4 4831.96 4809.03 4808.58 4788.4 4770.75 4757.95 4746.02 4736.36 4740.43 4724.74 4713.9 4715.96 4722.26
4718.96 4716.69 4717.65 4721.23 4754.46 4785.26 4754.79 4751.11 4753.91 4754.47 4741.38 4736.06 4728.62 4726.91 4739.89 4813.25 5085.74 5258.66 5198.06 5211.72 5255.04 5301.26 5208.75 5047.29 4919.19 4797.9 4628.66 4600.34 4506.49 4503.74 4467.89 4474.8 4539.65 4537.6 4476.47 4432.47 4716.31 4998.37 4975.39 4930.19 4913.96 4893.66 4861.95 4837.75 4827.66 4803.37 4783.32 4765.78 4751.78 4743.63 4748.83 4733.1 4729.71 4735.29 4729.3
4717.63 4713.65 4704.84 4707.18 4726.57 4735.55 4735.9 4748.71 4759.62 4742.89 4738.8 4737.33 4741.28 4755.04 4777.48 4866.61 5118.32 5239.12 5232.27 5189.77 5178.59 5218.8 5045.89 4842.55 4694.66 4578.92 4464.84 4393.1 4277.19 4178.06 4096.54 4104.9 4150.5 4260.44 4308.32 4304.43 4538.57 4852.75 5052.18 5003.89 4978.08 4995.03 4903.27 4810.48 4808.81 4798.38 4787.07 4769.38 4753.24 4744.51 4739.39 4738.08 4742.08 4744.73 4734.78
4719.33 4709.54 4702.37 4699.61 4707.21 4718.72 4734.89 4733.52 4727.15 4740.65 4746.05 4743.54 4758.28 4797.46 4859.42 4940.31 5150.76 5259.12 5194.48 5083.52 4946.62 4745.63 4612.21 4569.31 4464.88 4385.84 4333.87 4187.95 4067.83 3979.78 3899.54 3974.54 4048.22 4207.99 4280.44 4317.73 4337.86 4438.55 4858.97 5015 5025.59 5026.59 4936.34 4852.56 4821.83 4804.68 4790.87 4773.16 4752.47 4735.87 4742.26 4738.06 4745.08 4740.38 4735.93
4712.47 4701.84 4695.28 4688.69 4697 4706.06 4720.4 4724.81 4726.85 4730.95 4741.94 4759.86 4755.5 4834.63 4926.16 5062.33 5146.93 5224.63 5096.58 4925 4727.11 4505.39 4373.53 4337.06 4238.61 4108.1 3998.76 4009.39 3894.27 3861.87 3841.52 3875.65 3961.67 4076.95 4198.87 4201.06 4199.47 4276.15 4533.99 4843.84 4932.27 4969.56 4960.2 4914.47 4830.76 4807 4789.47 4769.41 4754.97 4739.32 4732.43 4731.01 4736.05 4735.83 4731.8
4700.78 4700.01 4694.81 4693.29 4696.42 4699.85 4706.55 4713.91 4726.63 4736.29 4739.78 4732.57 4752.09 4892.38 5053.57 5107.95 5213.83 5155.94 4919.02 4708.51 4512.62 4371.65 4243.59 4135.07 4047.62 3932.68 3834.05 3801.93 3771.82 3797.99 3807.05 3760.55 3779.95 4061.11 4074.65 4064.71 4089.56 4158.77 4263.79 4525.39 4902.61 4978.25 4968.38 4931.65 4871.18 4812.46 4786.9 4772.12 4764.5 4757.08 4740.78 4730.31 4720.17 4731.08 4728.58
4698.34 4697.12 4694.31 4690.35 4695.52 4711.51 4706.28 4711.83 4719.77 4734.59 4730.08 4738.72 4773.63 4903.64 5010.25 5108.92 5224.82 4951.66 4708.24 4491.91 4291.79 4114.36 3948.27 3933.71 3903.84 3894.62 3825.19 3751.32 3726.08 3707.85 3690.31 3677.28 3733.86 3980.69 3981.19 3998.87 4041.42 4152.48 4272.97 4413.03 4590.08 4800.13 4959.6 4990.89 4856.05 4796.79 4779.07 4774.44 4773.7 4769.77 4768.67 4756.65 4749.58 4737.36 4734.47
4704.47 4699.06 4694.1 4689.25 4690.95 4704.94 4710.7 4721.57 4740.08 4749.28 4755.2 4780.8 4856.1 4937.43 4967.88 5106.26 5170.27 4709.51 4464.43 4269.84 4092.2 3929.29 3787.85 3790.67 3796.07 3770.61 3748.04 3717.02 3682.19 3661.05 3634.24 3611.5 3652.89 3909.12 4034.47 3993.61 4052.6 4174.7 4376.22 4457.16 4502.53 4648.4 4950.32 5023.97 4807.24 4784.39 4780.35 4783.49 4788.42 4797.25 4783.51 4751.34 4737.49 4740.37 4740.39
4711.65 4703.9 4698.89 4697.74 4700.39 4702.15 4708.7 4715.65 4730.91 4742.37 4745.57 4812.93 4984.94 5039.97 4951.58 5026.52 4921.12 4449.42 4241.13 4081.43 3937.88 3808.11 3706.28 3716.82 3743.05 3755.08 3727.72 3693.28 3642.78 3617.17 3593.5 3569.32 3580.2 3693.81 3833.52 3886.99 4010.6 4118.51 4391.18 4457.37 4467.79 4543.93 4936.89 5038.77 4834.89 4790.1 4783.41 4786.87 4792.97 4791.41 4773.99 4755.74 4758.57 4751.32 4745.67
4715.57 4708.83 4703.31 4703.54 4708.54 4702.59 4699.86 4712.87 4729.21 4738.75 4741.05 4829.95 4961.3 5004.41 4952.48 4893.97 4674.39 4237.9 4067.21 3940.57 3823.61 3732.74 3677.42 3676.02 3705.54 3733.72 3704.26 3658.14 3604.33 3574.62 3572.24 3555.42 3532.67 3533.09 3565.59 3690.52 3893.74 4093.03 4192.97 4416.87 4480.39 4469.7 4976.7 5078.03 4858.98 4846.8 4824.62 4805.18 4799.02 4806.71 4805.76 4797.52 4777.34 4779 4770.03
4701.6 4703.13 4702.9 4702.75 4700.71 4697.46 4702.28 4718.13 4731.68 4740.72 4739.9 4855.23 4986.28 5032.6 4812.75 4659.35 4424.05 4099.18 3937.28 3850.2 3767.45 3700.44 3650.7 3649.58 3671.47 3699.12 3684.35 3658.84 3654.16 3622.45 3608.66 3566.96 3506.74 3466.72 3437.83 3497.53 3671.67 3984.31 4141.39 4242.9 4276.93 4398.15 4963.59 5104.36 5030.01 4925.58 4872.83 4831.21 4791.92 4791.46 4828.6 4863.53 4837.57 4816.84 4798.92
4701.65 4705.37 4703.48 4698.9 4685.58 4689.03 4698.07 4697.24 4730.38 4760.33 4755.9 4891.9 4974.6 4906.07 4656.74 4418.67 4162.73 3921.79 3826.85 3752.65 3708.48 3670.05 3643.91 3641.98 3654.03 3659.03 3717.17 3749.41 3806.21 3790.27 3705.78 3600.93 3492.86 3426.24 3392.55 3376.24 3504 3806.24 4032.09 4064.11 4099.49 4225.96 4705.42 4948.59 4938.52 4948.42 4904.24 4856.01 4819.48 4807.08 4830.38 4877.81 4884.1 4853.12 4827.7
4722.1 4708.58 4697.92 4694.04 4697.78 4695.04 4701.96 4709.86 4727.91 4748.08 4774.65 4866.11 4947.77 4844 4662.21 4494.33 4181.72 3890.58 3721.25 3655.47 3638.05 3625.55 3644.11 3686.88 3758.06 3791.81 3847.73 3876.9 3938.4 3961.71 3817.89 3652.02 3495.82 3368.63 3341.02 3302.62 3372.21 3698.8 3943.24 4094.9 4137.75 4274.19 4724.8 4901.27 4972.94 4970.67 4935.97 4879.77 4819.9 4821.86 4853.24 4904.63 4910.22 4870.35 4840.67
4677.91 4693.29 4686.81 4680.88 4681.05 4693.63 4702.5 4717.19 4722.65 4728.26 4776.49 4940.86 5014.54 5000.74 4777.69 4456.9 4127.56 3769.98 3619.99 3571.42 3558.77 3573.84 3640.38 3739.82 3938.76 4018.06 4019.58 4025.41 4019.1 4067.29 3890.39 3696.54 3510.54 3364.27 3320.44 3298.07 3361.67 3617.81 3895.05 4076.42 4182.18 4340.98 4749.58 4912.71 4963.92 4980.19 4948.23 4906.48 4878.16 4869.81 4886.69 4912.44 4887.82 4862.98 4833.14
4674.39 4677.44 4676.67 4668.06 4658.71 4679.26 4695.82 4704.42 4720.42 4748.39 4826.43 4969.06 5051.66 4992.56 4799.2 4519.94 4124.58 3803.86 3599.22 3522.84 3500.71 3521.62 3578.43 3653.19 3819.21 3923.97 3962.07 3986.1 3999.38 4062.31 3879.55 3690.13 3526.78 3435.76 3377.46 3343.74 3367.36 3582.41 3806.01 3951.32 4202.47 4469.53 4869.97 4983.79 4978.22 4965.08 4946.81 4918.36 4888.96 4890.66 4884.42 4842.44 4842.53 4838.34 4827.25
4678.95 4677.64 4675.58 4671.93 4664.2 4678.08 4698.2 4694.9 4722.42 4773.86 4879.28 5035.81 5035.12 4937.42 4836.7 4464.95 4125.7 3752.53 3520.5 3481.49 3479.56 3469.32 3494.93 3479.12 3526.11 3657.88 3745.07 3798.32 3850.13 3897.35 3769.48 3613.37 3490.22 3413.62 3372.03 3370.97 3387.92 3559.51 3746.74 3966.99 4213.45 4548.08 5046.06 5087.16 4973.54 4953.53 4939.77 4910.89 4895.4 4874.22 4850.05 4837.8 4845.81 4830.45 4826.59
4679.08 4679.59 4678.58 4683.26 4688.66 4688.72 4700.98 4698.73 4737.74 4813.61 4894.15 4988.78 5010.3 4957.46 4870.1 4602.98 4181.12 3771.41 3515.26 3470.74 3486.55 3476.89 3474.08 3427.28 3414.33 3503.22 3585.09 3618.88 3622.67 3679.17 3605.71 3507.81 3410.28 3376.8 3367 3362.28 3389.27 3440.52 3702.97 3952.34 4213.9 4478.95 5072.39 5176.76 5058.76 4979.32 4928.47 4888.94 4863.12 4824.55 4836.11 4826.24 4830.94 4831.3 4821.38
4681.19 4677.49 4679.97 4687.39 4692.93 4687.88 4696.78 4700.53 4747.83 4839.78 4931.83 4902.57 4964.47 5092.46 4866.05 4667.22 4274.63 3852.92 3557.71 3518.86 3511.76 3557.54 3495.88 3439.62 3427.65 3467.29 3498.05 3513.87 3472.69 3464.48 3455.43 3412.25 3344.16 3324.42 3413.85 3421.82 3461.37 3580.46 3851.85 4092.91 4281.77 4528.68 5133.89 5251.6 5110.22 4963.46 4886.41 4845.65 4822.82 4805.63 4793.45 4815.74 4840.33 4839.95 4831.14
4679.16 4672.96 4678.07 4683.49 4690.41 4705.49 4709.03 4705.91 4760.94 4859.47 4925.51 4974.08 4945.33 5079.63 4938.4 4756.97 4383.16 4018.84 3770.3 3649.57 3608.67 3621.31 3541.56 3469.3 3457.12 3490.4 3518.06 3507.25 3463.66 3393.01 3396.48 3375.23 3339.37 3327.96 3387.89 3480.68 3613.32 3806.46 4060.88 4269.01 4416.14 4686.18 5316.87 5264.32 4989.95 4851.98 4815.98 4780.25 4762.59 4778.15 4815.04 4830.93 4856.68 4844.9 4825.93
4674.78 4677.72 4674.81 4675 4679.79 4684.47 4686.54 4703.18 4753.47 4842.75 4874.58 4886.66 4907.14 4991.61 5032.11 4755.13 4495.47 4199.4 3948.26 3842.83 3815.61 3713.45 3606.59 3515.37 3505.4 3530.91 3543.82 3546.15 3515.84 3467.7 3439.32 3414 3389.94 3434.25 3543.61 3604 3756.45 3934.79 4142.87 4354.19 4566.62 4859.54 5294.29 5174.43 4932.6 4811.24 4778.62 4745.43 4729.78 4750.42 4817.69 4841.24 4847.17 4832.8 4813.75
4667.17 4668.67 4665.69 4665.74 4669.6 4674.56 4694.41 4706.14 4750.77 4858.2 4866.93 4844.38 4862.66 4983.04 5145.78 4898.18 4650.36 4413.77 4233.74 4074.26 3983.57 3836.49 3687.53 3566.29 3552.38 3593.11 3609.94 3594.44 3564.42 3525.49 3508.04 3487.62 3478.01 3543.96 3608.76 3768.32 3887.69 4081.04 4156.33 4452.31 4735.37 4978.27 5188.55 5007.81 4908.53 4833.36 4781.17 4748.4 4730.07 4725.26 4742.28 4792.95 4803.3 4797.68 4789.65
4656.1 4653.53 4661.55 4664.54 4668.4 4674.06 4691.05 4711.47 4745.02 4798.8 4832.87 4835.48 4850.85 4966.34 5192.04 5032.54 4793.76 4610.66 4487.35 4306.54 4177.23 3992.7 3802.8 3626.7 3613.73 3650.31 3661.84 3647 3616.9 3583.22 3592.99 3614.31 3606.93 3697.02 3751.93 3851.83 3984.82 4254.96 4347.74 4643.54 4967.86 5129.9 5047.1 4894.36 4869.7 4829.55 4783.91 4757.2 4735.28 4721.75 4723.76 4752.6 4770.04 4766.23 4763.64
4650.67 4653.25 4659.44 4663.48 4666.35 4669.74 4680.53 4700.88 4720.14 4753.15 4785.01 4800.19 4821.87 4914.41 5004.62 5000 4871.54 4749.07 4672.28 4527.1 4378.24 4181.91 3962.71 3768.08 3706.84 3693.76 3715.78 3719.29 3702.92 3669.61 3771.05 3791.43 3822.22 3949.48 4059.57 4068.07 4151.61 4417.29 4620.1 4863.61 5122.65 5156.13 4969.53 4922.27 4859.88 4810.75 4772.23 4742.1 4729.43 4726.98 4720.8 4737.58 4744.97 4747.24 4745.92
