real_craters/C149-300m.grd
DSAA
319 319
-47.7225 47.7225
-47.7225 47.7225
8439.948700585 10841.466822856
[rows 240 to 269 of 319, columns 67 to 133 of 319]
9952.99 9931.35 9910.91 9906.78 9908.68 9910.3 9917.19 9922.4 9932.44 9949.05 9965.66 9988.72 10020 10054.4 10088.7 10119.8 10140.4 10148.7 10149.6 10146 10139.4 10129.8 10119.1 10105.4 10088.8 10073 10059.9 10051.3 10043.6 10032.9 10020.7 10014 10000.2 9984.52 9971.37 9957.91 9946.35 9935.62 9929.54 9926.66 9925.93 9925.55 9925.86 9925.57 9925.13 9926.43 9928.54 9929.83 9930.34 9931.42 9931.47 9932.29 9932.83 9932.71 9932.49 9931.43 9929.22 9924.53 9922.31 9920.4 9919.13 9917.77 9917.1 9917.33 9916.13 9914.42 9913.27
9974.93 9950.48 9934.21 9923.43 9920.73 9923.23 9931.98 9945.93 9956.01 9975.94 9991.48 10015.1 10046.7 10083 10120.3 10156.3 10181 10184.1 10179.7 10174.5 10167.6 10158 10146.1 10131.6 10111.6 10087.9 10065.7 10049.1 10026.1 9998.88 9984.72 9992.12 9984.09 9969.69 9957.66 9946.45 9934.07 9929.86 9929.26 9928.94 9929.41 9929.36 9930.98 9931.16 9930.89 9932.4 9934.79 9935.95 9936.85 9938.02 9938.46 9939.2 9939.22 9938.98 9938.5 9936.42 9934.44 9930.43 9926.01 9923.09 9921.21 9920.1 9920.09 9921.18 9919.69 9917 9915.56
9995.75 9969.6 9950.55 9942.86 9939.46 9937.47 9948.53 9964.4 9975.04 9993.75 10010.5 10037.3 10070.8 10106.9 10144.8 10183 10215.8 10210.1 10204.8 10199.7 10194.4 10185.9 10175.3 10161.4 10141.7 10119 10089.3 10057.6 10021.3 9983.59 9958.89 9953.92 9955.29 9952.46 9946.06 9938.18 9932.77 9931.28 9931.52 9932.43 9933.42 9934.19 9936.53 9938.24 9940.15 9940.41 9941.78 9942.51 9943.5 9944.13 9944.64 9945.28 9946.03 9945.69 9944.94 9942.9 9941 9935.34 9929.09 9925.47 9922.96 9921.61 9921.38 9921.19 9920.15 9918.17 9916.8
10015.8 9990.34 9971.88 9968.73 9967.96 9966.64 9971.96 9978.32 9993.04 10003.4 10024.1 10057.2 10092.6 10127.4 10161.7 10192.2 10217.4 10220.6 10221.3 10221 10219.6 10214.8 10206.7 10195 10178.1 10155.4 10120.9 10078.2 10031.3 9995.96 9972.18 9942.35 9942.17 9942.98 9942.11 9939.39 9938.04 9937.59 9935.92 9936.45 9937.88 9939.03 9942.32 9944.93 9948.31 9947.95 9947.76 9948.66 9949.44 9950.85 9951.24 9951.86 9952.05 9951.57 9950.74 9948.59 9945.32 9937.45 9930.68 9926.71 9923.99 9922.2 9921.11 9920.48 9919.43 9918.2 9917.04
10038.8 10017.6 10003 10005.2 10008.9 10009.7 10014.1 10009.3 10014.2 10024.3 10048.7 10082.5 10116.2 10148.7 10176.5 10195.7 10206.3 10222.6 10235.7 10243.5 10246.2 10244.9 10239.5 10230.8 10217.8 10196.7 10158.3 10109.6 10058.7 10022.6 9996.44 9968.19 9953.8 9944.6 9939.27 9937.77 9939.39 9941.09 9940.63 9941.49 9943.39 9945.07 9947.72 9950.53 9952.74 9952.56 9952.78 9954.02 9954.72 9956.91 9957.84 9958.61 9958.31 9958.01 9956.79 9954.53 9949.85 9938.57 9931.88 9927.88 9925.1 9922.96 9920.97 9918.93 9917 9917.19 9916.74
10067 10054.8 10048 10049.9 10058.4 10073.1 10087.1 10084.3 10060.1 10057.9 10085.6 10115.7 10146.4 10173.9 10197 10210.8 10218.3 10236 10257.2 10271.4 10278.9 10279.5 10275.8 10268.4 10257.8 10241.3 10200.3 10150.3 10099.5 10066 10041.8 10005.5 9979.56 9958.16 9938.12 9936.25 9942.05 9945.63 9946.01 9948.1 9950.34 9952.81 9954.87 9956.4 9956.41 9956.06 9957.17 9958.97 9960.63 9962.47 9963.46 9964.51 9964.14 9964.51 9962 9961.56 9958.07 9943.19 9933.58 9929.59 9927 9924.66 9922.08 9919.3 9916.12 9917.65 9916.74
10098 10093.3 10091.6 10094.4 10104.9 10120.7 10134.6 10133.9 10117.9 10126.1 10134.7 10157.3 10183.7 10207.7 10228.3 10241.5 10247.7 10264.7 10289.6 10306.4 10315.7 10317.5 10313 10304.1 10290.8 10273.3 10240.9 10198.7 10152.2 10117.3 10088.5 10047.2 10015.9 9987.99 9962.32 9954.98 9953.14 9950.55 9953.96 9958.08 9961.01 9963.2 9964.14 9964.37 9963.33 9962.82 9962.85 9963.98 9966.01 9967.89 9969.12 9970.46 9969.92 9969.53 9968 9967.59 9963.21 9944.1 9935.33 9931.84 9930 9927.51 9924.83 9922.57 9922.27 9919.74 9917.36
10128.7 10126.9 10127 10132 10143.2 10156.1 10166.7 10164.4 10154.2 10156.9 10175.9 10198.3 10222.9 10246.2 10266.9 10284.6 10296.2 10313.5 10334.7 10349.2 10357.1 10357.4 10351.2 10339.4 10321.2 10301.5 10283.1 10255.2 10218 10175 10128.9 10090.9 10061.9 10033.7 10007.3 9992.59 9979.7 9967.01 9970.34 9974.57 9976.69 9976.63 9976.07 9974.42 9972.42 9970.91 9970.37 9971.68 9972.84 9975.11 9976.11 9977.26 9976.8 9975.92 9974.27 9972.23 9965.95 9949.13 9940.8 9937.41 9934.88 9931.61 9928.2 9925.06 9922.34 9919.73 9917.37
10157.2 10147.6 10151.4 10162.2 10175.5 10187.1 10189 10184.1 10174.1 10190.1 10217.5 10240.2 10263.2 10287.1 10310.3 10334.8 10355.8 10375.7 10392 10398.7 10400.9 10398.9 10392 10379.1 10358.9 10340.9 10331.7 10316.2 10287.7 10236.2 10183.9 10143.5 10117.2 10093.5 10066.7 10046.6 10025 10005.9 10000.8 9999.29 9997.17 9993.95 9990.28 9986.44 9983.17 9980.94 9980.32 9980.55 9982 9983.82 9984.65 9985.98 9985.46 9983.91 9981.06 9978.3 9973.89 9961.63 9952.53 9946.47 9942.05 9937.28 9932.46 9927.69 9922.26 9919.74 9917.13
10182.4 10163 10172.5 10189.8 10209 10225.4 10228.7 10233.8 10229.1 10250 10266.1 10282.1 10301.7 10325.9 10354.1 10384 10416.9 10452.3 10451.4 10448.5 10446.5 10443.6 10437.5 10426.1 10407.5 10391.9 10382.8 10371.8 10345.9 10288.1 10233 10194.5 10176.1 10163.3 10143.5 10110.4 10080.5 10056.4 10041.2 10030.1 10021.7 10013.7 10006.5 10000.4 9995.03 9990.95 9990.18 9990.68 9992.86 9994.14 9995.87 9996.66 9996.07 9993.5 9989.1 9984.17 9978.56 9972.16 9965.23 9957.34 9951.26 9944.64 9937.99 9931.59 9926.82 9921.79 9917.11
10202.4 10185.9 10197.6 10217.5 10240.8 10268.7 10307.8 10300.2 10314.6 10314.3 10311.8 10321.8 10339.5 10361.9 10389.7 10421.7 10458 10494.7 10492.1 10489.1 10488.5 10487.1 10483.4 10476.8 10467.1 10448.3 10427.7 10409.1 10379.5 10324.9 10271.4 10240.8 10231.6 10227.9 10209.5 10169.2 10133.7 10104.9 10082.6 10063.4 10047.7 10035.2 10024.4 10016 10008.8 10002.2 10002.4 10002.5 10004.7 10007.8 10010.2 10011.1 10010.7 10007.2 9999.99 9990.12 9979.87 9978.44 9974.26 9970.17 9962.86 9954 9944.94 9936.17 9928.49 9921.91 9917.5
10222 10217.4 10226.4 10243.3 10264.6 10289.1 10313 10318.7 10322.7 10334.1 10338.6 10349.2 10366.9 10391.2 10419.1 10449.5 10477.1 10492.4 10507.7 10519 10524.6 10526.4 10525.7 10523.3 10519.7 10493.9 10459.5 10426.9 10393.4 10353.7 10313.4 10286 10280.9 10276.4 10253.6 10212.9 10176.5 10148.9 10122.5 10093.2 10071.6 10055.2 10042.2 10031.8 10024.1 10019.2 10017.1 10015.9 10018.5 10021.9 10025.1 10026.7 10028.1 10025.8 10018.8 10007.8 10002 10000.2 9995.59 9987.98 9977.4 9965.58 9953.45 9941.9 9931.86 9923.93 9918
10241.9 10245.9 10251.1 10264.1 10280.5 10294.7 10301.4 10311.2 10318.4 10336 10349.9 10366.4 10389.3 10415.4 10443.4 10472 10496.5 10511.4 10530.2 10547.4 10555.9 10559.9 10560.4 10556.4 10546.7 10519.1 10479.7 10437.8 10406.9 10382.5 10357 10338.3 10324.3 10309.2 10279.8 10240.1 10203 10172.6 10142.4 10112.8 10090.2 10072.7 10058.9 10047.9 10038.9 10032.5 10030.1 10029.4 10032.2 10036.7 10041.7 10045.2 10048.7 10049.4 10046.4 10041.4 10038.9 10031.7 10025.9 10008.8 9992.92 9977.76 9962.83 9948.59 9935.93 9926.11 9920.07
10247.9 10256.2 10265.6 10278.9 10294.1 10307.2 10313.1 10314.9 10318.7 10331.7 10354.2 10378.3 10404.8 10432.7 10462.3 10492.5 10520.5 10545.1 10566.1 10577.5 10584.8 10588.6 10588.7 10582 10564.4 10537.1 10497.6 10454 10429.3 10415.2 10397.6 10379.7 10357.1 10330.9 10294.6 10253.6 10214.7 10179 10147.5 10123.1 10102.5 10086.6 10073.3 10062.4 10053.3 10046.9 10044.2 10043.9 10047.3 10052.5 10058.5 10064.3 10069.8 10075.2 10079 10080 10069.7 10056 10047.1 10025.7 10007.1 9989.59 9972.51 9956.38 9941.82 9931.2 9923.01
10248.7 10260 10274.2 10290.3 10308.5 10324.9 10334.8 10335.5 10329.8 10335.9 10362.3 10390.4 10416.6 10445.2 10477.8 10508.8 10541 10570.9 10594 10604.6 10609.8 10612.7 10613 10608.3 10591.2 10558.3 10518.8 10479.3 10457.2 10446 10426.5 10402.5 10369.3 10339.2 10297.1 10256.5 10218.6 10183.1 10152.3 10130.1 10113.1 10099.3 10087.3 10076.7 10068.1 10061.7 10058.1 10059.7 10064.3 10070.3 10077.8 10084.5 10091.3 10098.8 10106.7 10108.6 10087 10068.7 10050.9 10036.1 10018.5 10000.8 9982.61 9965.62 9948.81 9933.99 9927.09
10253.7 10263.3 10278.1 10296.4 10319.2 10342.8 10356.2 10357.4 10352.9 10355.5 10376.6 10403.3 10430.6 10460 10490 10521.9 10554.7 10586.6 10613.3 10623.4 10627.3 10629.6 10630.6 10628.8 10613 10575.6 10537.2 10503.9 10476.8 10459 10427.7 10386.6 10343.8 10314.4 10283.2 10252.2 10219.6 10186.2 10156.2 10137.3 10123.9 10112 10101.2 10091.6 10083.9 10078 10074.9 10076.5 10082.2 10089.4 10096.5 10103.8 10110.6 10117.4 10120 10107.2 10090.9 10077.6 10063.4 10048.9 10031.1 10012.5 9994.15 9976.09 9958.99 9945.18 9936.08
10253.8 10263.4 10276.5 10293.4 10318.1 10355.8 10369.7 10375.8 10374.1 10376.4 10391.6 10413.3 10438.1 10464.8 10494.1 10525.5 10558.7 10591.4 10620.4 10630.9 10634.7 10637.4 10638.3 10634.1 10616 10580.8 10542.3 10508.6 10476.2 10449.4 10410.5 10357 10309.2 10276.4 10269.4 10249.5 10222.8 10192.9 10164.2 10148.3 10137.2 10126.2 10116.5 10108.7 10101.4 10095.5 10091.7 10094.6 10102.1 10109.6 10117.2 10123.8 10128.2 10132 10130.8 10109.4 10095.9 10088.4 10080.9 10065.2 10044.6 10024.8 10005.4 9987.3 9971.49 9960.21 9948.59
10252.5 10260 10270.4 10282.3 10297 10313.4 10341.1 10365.6 10377.9 10389.5 10403.7 10422 10443.2 10467.2 10494 10522.7 10553.9 10584 10614.9 10625.2 10631 10636.1 10638.2 10633 10612.5 10577.7 10536 10495.9 10462.4 10429.9 10398.1 10361.4 10324.9 10293.8 10277.9 10257.4 10233.1 10207.1 10182.5 10166.9 10154.7 10144 10135.5 10128.3 10122.1 10117.1 10110.3 10117.4 10125.6 10133.1 10139.2 10146.3 10148.2 10146.8 10137 10118.8 10108.8 10102.1 10093.3 10077.4 10056.3 10036.4 10016.9 9999.04 9983.46 9972.28 9959.51
10246.4 10254.1 10262.4 10269 10274.1 10276.5 10304 10327.8 10364.8 10392.1 10409.3 10425.5 10444.1 10465.1 10488.7 10513.7 10540.2 10564.7 10585.9 10602.8 10617.4 10627.6 10633 10630.7 10610.5 10574.8 10530.7 10489.2 10456.8 10418.5 10399.6 10376.7 10356.9 10332.7 10300.1 10273.6 10248.5 10225.6 10207.9 10190.7 10173.3 10162.8 10155.2 10150.8 10147.2 10145.1 10146.1 10148.5 10153.4 10159.2 10164.3 10170.1 10172 10167.6 10152.7 10140.3 10132 10120.3 10104.3 10085.7 10067.4 10049.1 10030.1 10011 9993.07 9977.77 9964.35
10240.7 10249.4 10256.5 10261.8 10266.5 10275.2 10298.1 10325.2 10358.4 10388.9 10408.2 10423.6 10439.6 10458.3 10478.6 10499.8 10521.7 10541.6 10559.8 10579.4 10599.1 10614.6 10624.8 10625 10608.4 10576.8 10535.9 10498.1 10470.6 10443.9 10416.4 10394.5 10372.8 10349.9 10320.4 10291.8 10265.5 10242.1 10222.9 10204.6 10190.2 10181.7 10176.1 10172.6 10171.8 10173.4 10176.7 10179.8 10182.6 10186.4 10191.3 10197.5 10200.8 10199.5 10191.5 10183.8 10165.6 10145.4 10122 10099.2 10082.1 10065.2 10046.6 10025.8 10004.1 9980.6 9963.75
10240.7 10248 10254.6 10260 10266.8 10279.8 10302.8 10326.1 10353.7 10381.2 10401.3 10416.6 10432.3 10449.4 10466.7 10483.9 10501.2 10519.5 10540.1 10562.7 10577.2 10598.7 10617 10622.8 10610.7 10584.5 10551.2 10517.9 10488.6 10462.2 10436.8 10414.8 10391.8 10366.4 10338 10310.3 10283.3 10257.2 10230.8 10211.9 10205.6 10201.7 10197.7 10195.8 10195.7 10199.2 10207.6 10211.3 10206.9 10211.3 10218 10226.2 10232.9 10238.3 10239.6 10228.1 10203.3 10176.7 10147.9 10120.1 10103.1 10086.4 10067.6 10047.2 10023.1 9996.92 9979.02
10243.4 10250.5 10256.6 10262 10269.2 10282.7 10303.9 10315.9 10340.7 10367.8 10388.7 10407.2 10424.7 10441.2 10456 10469.5 10481.9 10491.3 10502.3 10517.3 10544.4 10580.1 10612.4 10628.2 10616.9 10593.9 10566.7 10536.5 10506.7 10480.1 10457.6 10438.1 10415.9 10381.8 10356 10330.3 10304.3 10277.3 10249.7 10229.7 10226.8 10223.8 10219.8 10217.3 10215.6 10216.6 10222.7 10226.9 10223.3 10228.8 10242.5 10254.2 10265.3 10274.3 10276.9 10265.2 10240.9 10211.9 10181.1 10153.5 10131.1 10113.1 10093.4 10073.4 10051.5 10030.7 10015.4
10251.3 10256.5 10259.8 10266 10276.2 10291.1 10309.6 10320.9 10339.5 10358.2 10376.3 10399 10419.2 10435.2 10448.7 10458.2 10465 10466.8 10463.5 10458.8 10510.3 10560.5 10606 10631.8 10618.9 10599 10577.4 10550.8 10523.9 10499.3 10477.4 10459.7 10439.4 10398.8 10374.8 10351.5 10328.3 10305.3 10282.4 10264.5 10258.1 10251.3 10244.7 10238.6 10233 10228.8 10224.2 10218.9 10231.7 10245.6 10264.4 10281.2 10296.3 10307.7 10313.7 10304.2 10278.9 10249 10216.8 10184.4 10163.4 10145.6 10124.6 10104 10085.3 10072.5 10069.4
10250.1 10256.4 10259.3 10266.3 10280.5 10297 10316.8 10333.3 10354.1 10365.3 10378.7 10398.3 10416.6 10430.9 10442.5 10450.7 10455.4 10455 10451.4 10457 10496.4 10544.7 10583.8 10609.1 10609.5 10598 10579.6 10561.1 10537.9 10515.5 10493.9 10473.5 10449.5 10417.2 10395.6 10375.2 10355.7 10337.5 10322.9 10312.6 10297.4 10283.5 10272.1 10262.1 10252.8 10243.8 10235.1 10229.3 10244.2 10263.2 10283.2 10306.9 10325.2 10340.6 10351.9 10342.1 10315.2 10286.1 10255.9 10223.9 10203 10183.5 10159.1 10136.7 10117.3 10104.4 10100
10244.2 10250.6 10253.8 10259.8 10270.9 10289.8 10311.6 10338 10370 10379 10388.9 10403.8 10419.1 10432 10442.3 10449.6 10454.2 10456.1 10457.5 10464.7 10498.7 10542.6 10571.7 10588.3 10599.5 10595.3 10584.8 10571 10556.4 10532.2 10507.3 10482.8 10457 10434.8 10417.8 10399.7 10382.9 10368.1 10357.8 10351 10332.8 10314.4 10299.9 10287.8 10276.4 10265.5 10256 10252.1 10263.3 10283.2 10304.8 10330.1 10351.9 10372.7 10388 10372.4 10345.5 10319.7 10296.2 10276 10252.4 10222.7 10194.4 10168.1 10144.5 10123.1 10102.6
10238.5 10242.9 10245.7 10250.2 10258.2 10278.3 10303 10334.2 10368.5 10384.7 10398.5 10412.2 10424.9 10436.8 10446.3 10453.2 10460.2 10466 10473.5 10483.4 10514.8 10556.8 10591.5 10600.9 10596.2 10589.8 10583.4 10572.5 10563 10541 10517.9 10494.4 10473.9 10459.1 10442.6 10424.2 10407.5 10393.5 10383.1 10374.9 10357.8 10340.3 10325.8 10313.6 10302.5 10292 10282.9 10274.3 10287.1 10306.1 10325.8 10348.4 10371.1 10393.1 10404.2 10387.8 10365.5 10344.6 10327.6 10317.2 10294.9 10258.1 10225.8 10197.9 10171.7 10145.6 10115.7
10234.7 10233.2 10239.4 10244.3 10252.2 10271.7 10293.4 10324.4 10356.3 10383.1 10404.9 10420.1 10431.9 10443.1 10451.2 10460 10469 10479.7 10494.4 10519 10548.1 10570.1 10595.7 10597.9 10587.9 10577.1 10568 10563.3 10555.1 10542.3 10526.8 10510.1 10496.8 10485.7 10466.3 10446.4 10429.3 10414.6 10401.5 10388.6 10374.3 10361.6 10349.9 10339.1 10329.9 10322.1 10316.6 10313.1 10320.5 10332.2 10345.2 10360.9 10381.1 10398.9 10401.7 10390.5 10373.9 10357.7 10343.2 10328.6 10307 10281.4 10252.7 10227.5 10205.1 10181.8 10159.9
10236 10236.4 10239.8 10245.1 10254.8 10273.7 10290.6 10320.5 10354.1 10384.7 10411 10428.1 10439.8 10450.4 10458.9 10468 10478.4 10491.5 10509.3 10535.3 10560.7 10565.6 10572.9 10576.9 10572.3 10563.2 10555.8 10551.5 10546.2 10540.4 10533.3 10525.1 10514.5 10502.9 10482.2 10463.2 10446.8 10432.2 10417.6 10402.1 10390.1 10381.6 10373.1 10364.3 10357 10352.2 10352 10357.3 10359.1 10357.4 10360.1 10367.4 10380.6 10395 10393.8 10384.6 10373.8 10362 10349.3 10334.9 10317.8 10298.2 10276.2 10256.8 10240.1 10226.7 10222.5
10240.2 10240.4 10245 10250.8 10261.4 10279.6 10296.5 10325.3 10358.9 10389.8 10417.5 10436.4 10448.7 10459.8 10468.7 10477.5 10487.1 10498.1 10512.2 10527.2 10537.4 10548.3 10551.7 10556.8 10556 10549.8 10543.6 10539.3 10536.8 10535.9 10535.3 10535 10521.8 10504.4 10489 10474.6 10461.1 10448 10434.6 10420.4 10409.3 10403.7 10397.1 10389.1 10382 10378.4 10379.9 10387.4 10386.7 10375.1 10369.1 10367.1 10368.8 10372.2 10375.8 10374.1 10368.9 10361.8 10351.7 10340 10327.6 10311.5 10296.2 10283.6 10273.7 10268.7 10272.3
10245.3 10249.8 10253.2 10259.3 10270.2 10286.2 10304.7 10335.9 10366.6 10395.9 10424.6 10445.7 10460.1 10471.3 10479.1 10486.2 10492.4 10500.3 10509.9 10516.7 10523.2 10532.7 10539.5 10541.2 10541.5 10540.2 10533.6 10526.1 10524.8 10528.6 10531.5 10529.5 10520.5 10504.9 10492.5 10482.5 10472.4 10462.8 10453.2 10442 10432.2 10429 10421.1 10412.3 10404 10399.1 10397.1 10397.6 10392.8 10382.3 10373.4 10364.4 10355.4 10347.1 10356.2 10364 10364.9 10361.4 10353.4 10342.3 10328.6 10321.1 10312.9 10306.4 10301.5 10300.3 10303.1
