real_craters/C149-750m.grd
DSAA
128 128
-47.7225 47.7225
-47.7225 47.7225
8444.3814879485 10838.503378939
[rows 0 to 31 of 128, columns 0 to 71 of 128]
1.002e+004 1.002e+004 1.002e+004 1.003e+004 1.002e+004 1.001e+004 9995 9978 9968 9963 9956 9957 9952 9956 9954 9951 9953 9956 9956 9945 9927 9943 9948 9920 9895 9883 9878 9874 9880 9887 9891 9906 9939 1.007e+004 1.02e+004 1.043e+004 1.061e+004 1.062e+004 1.061e+004 1.061e+004 1.062e+004 1.061e+004 1.06e+004 1.06e+004 1.059e+004 1.058e+004 1.058e+004 1.058e+004 1.058e+004 1.058e+004 1.056e+004 1.057e+004 1.057e+004 1.057e+004 1.056e+004 1.053e+004 1.052e+004 1.052e+004 1.056e+004 1.059e+004 1.059e+004 1.058e+004 1.059e+004 1.058e+004 1.059e+004 1.058e+004 1.057e+004 1.058e+004 1.056e+004 1.055e+004 1.049e+004 1.046e+004
1.002e+004 1.001e+004 1.001e+004 1.001e+004 1.001e+004 1e+004 9995 9987 9975 9967 9964 9957 9953 9956 9957 9954 9954 9951 9943 9941 9934 9936 9952 9937 9918 9896 9887 9877 9878 9880 9886 9897 9919 9989 1.01e+004 1.037e+004 1.056e+004 1.058e+004 1.059e+004 1.06e+004 1.061e+004 1.061e+004 1.061e+004 1.06e+004 1.06e+004 1.06e+004 1.06e+004 1.061e+004 1.06e+004 1.06e+004 1.059e+004 1.059e+004 1.058e+004 1.057e+004 1.057e+004 1.057e+004 1.057e+004 1.059e+004 1.061e+004 1.063e+004 1.063e+004 1.063e+004 1.064e+004 1.062e+004 1.061e+004 1.061e+004 1.062e+004 1.064e+004 1.062e+004 1.058e+004 1.054e+004 1.05e+004
1.001e+004 9999 9993 9992 9993 9992 9990 9987 9979 9973 9968 9958 9959 9957 9959 9956 9955 9953 9949 9950 9940 9945 9953 9955 9941 9916 9897 9891 9884 9883 9890 9900 9920 9960 1.004e+004 1.031e+004 1.048e+004 1.054e+004 1.057e+004 1.06e+004 1.06e+004 1.061e+004 1.062e+004 1.062e+004 1.06e+004 1.062e+004 1.062e+004 1.063e+004 1.063e+004 1.063e+004 1.062e+004 1.063e+004 1.061e+004 1.06e+004 1.061e+004 1.062e+004 1.064e+004 1.064e+004 1.066e+004 1.066e+004 1.066e+004 1.066e+004 1.066e+004 1.066e+004 1.065e+004 1.065e+004 1.069e+004 1.071e+004 1.071e+004 1.068e+004 1.062e+004 1.058e+004
1.001e+004 9996 9986 9984 9984 9985 9983 9981 9976 9971 9969 9962 9960 9958 9958 9957 9957 9955 9954 9957 9958 9956 9971 9983 9986 9958 9909 9898 9892 9891 9896 9905 9912 9948 1.004e+004 1.023e+004 1.041e+004 1.05e+004 1.056e+004 1.06e+004 1.061e+004 1.063e+004 1.064e+004 1.064e+004 1.064e+004 1.065e+004 1.065e+004 1.066e+004 1.066e+004 1.066e+004 1.066e+004 1.068e+004 1.067e+004 1.066e+004 1.066e+004 1.066e+004 1.066e+004 1.067e+004 1.068e+004 1.067e+004 1.069e+004 1.071e+004 1.075e+004 1.075e+004 1.071e+004 1.069e+004 1.069e+004 1.073e+004 1.074e+004 1.07e+004 1.067e+004 1.063e+004
1.001e+004 9995 9983 9979 9982 9981 9977 9972 9971 9968 9964 9964 9965 9959 9953 9955 9962 9964 9952 9977 9974 9978 9995 1e+004 9998 9974 9917 9901 9898 9899 9907 9916 9926 9964 1e+004 1.023e+004 1.036e+004 1.048e+004 1.056e+004 1.06e+004 1.061e+004 1.063e+004 1.065e+004 1.067e+004 1.069e+004 1.068e+004 1.068e+004 1.068e+004 1.069e+004 1.07e+004 1.072e+004 1.072e+004 1.071e+004 1.071e+004 1.07e+004 1.07e+004 1.069e+004 1.07e+004 1.071e+004 1.069e+004 1.072e+004 1.076e+004 1.08e+004 1.081e+004 1.076e+004 1.07e+004 1.069e+004 1.072e+004 1.073e+004 1.072e+004 1.07e+004 1.067e+004
1.001e+004 9994 9984 9981 9981 9979 9974 9969 9971 9967 9963 9960 9960 9959 9954 9957 9974 9987 9980 9986 9997 9997 1.001e+004 1.003e+004 1.002e+004 9948 9913 9903 9899 9902 9914 9922 9940 9974 9975 1.015e+004 1.031e+004 1.044e+004 1.054e+004 1.059e+004 1.062e+004 1.063e+004 1.065e+004 1.067e+004 1.069e+004 1.07e+004 1.07e+004 1.07e+004 1.072e+004 1.075e+004 1.076e+004 1.078e+004 1.075e+004 1.075e+004 1.074e+004 1.073e+004 1.074e+004 1.075e+004 1.074e+004 1.075e+004 1.077e+004 1.078e+004 1.08e+004 1.079e+004 1.077e+004 1.073e+004 1.07e+004 1.071e+004 1.071e+004 1.07e+004 1.068e+004 1.066e+004
1.001e+004 9996 9992 9989 9985 9982 9975 9968 9969 9967 9965 9961 9956 9960 9960 9966 9988 1.001e+004 9999 9994 1e+004 1.002e+004 1.003e+004 1.005e+004 1.005e+004 9994 9930 9908 9896 9901 9884 9926 9980 9970 9989 1.009e+004 1.026e+004 1.041e+004 1.054e+004 1.059e+004 1.06e+004 1.063e+004 1.065e+004 1.069e+004 1.071e+004 1.071e+004 1.07e+004 1.069e+004 1.071e+004 1.076e+004 1.077e+004 1.078e+004 1.075e+004 1.076e+004 1.074e+004 1.074e+004 1.077e+004 1.08e+004 1.082e+004 1.082e+004 1.081e+004 1.079e+004 1.079e+004 1.079e+004 1.078e+004 1.075e+004 1.07e+004 1.071e+004 1.07e+004 1.068e+004 1.066e+004 1.065e+004
1.002e+004 1e+004 1e+004 1.001e+004 1.001e+004 9992 9980 9970 9967 9966 9964 9968 9965 9967 9966 9972 1e+004 1.003e+004 1.003e+004 1.002e+004 1.005e+004 1.004e+004 1.005e+004 1.007e+004 1.008e+004 1.006e+004 9983 9912 9891 9891 9885 9896 9943 9961 9975 1.008e+004 1.021e+004 1.035e+004 1.049e+004 1.058e+004 1.062e+004 1.064e+004 1.067e+004 1.07e+004 1.072e+004 1.07e+004 1.068e+004 1.067e+004 1.067e+004 1.07e+004 1.07e+004 1.071e+004 1.072e+004 1.073e+004 1.072e+004 1.072e+004 1.076e+004 1.08e+004 1.084e+004 1.083e+004 1.082e+004 1.081e+004 1.079e+004 1.08e+004 1.081e+004 1.078e+004 1.076e+004 1.073e+004 1.068e+004 1.065e+004 1.063e+004 1.064e+004
1.003e+004 1.001e+004 1.001e+004 1.001e+004 1.001e+004 1e+004 9989 9977 9970 9969 9966 9962 9967 9966 9965 9972 1e+004 1.005e+004 1.007e+004 1.005e+004 1.01e+004 1.006e+004 1.008e+004 1.008e+004 1.01e+004 1.01e+004 1.006e+004 9947 9898 9891 9884 9893 9919 9950 9953 1.005e+004 1.015e+004 1.027e+004 1.041e+004 1.056e+004 1.064e+004 1.065e+004 1.069e+004 1.071e+004 1.069e+004 1.065e+004 1.063e+004 1.061e+004 1.061e+004 1.062e+004 1.06e+004 1.059e+004 1.066e+004 1.067e+004 1.065e+004 1.064e+004 1.066e+004 1.068e+004 1.066e+004 1.067e+004 1.067e+004 1.069e+004 1.069e+004 1.075e+004 1.084e+004 1.081e+004 1.074e+004 1.07e+004 1.063e+004 1.058e+004 1.056e+004 1.058e+004
1.004e+004 1.002e+004 1.001e+004 1.001e+004 1.001e+004 1.001e+004 9999 9990 9987 9975 9969 9962 9959 9959 9960 9967 1e+004 1.004e+004 1.007e+004 1.006e+004 1.009e+004 1.013e+004 1.011e+004 1.011e+004 1.01e+004 1.011e+004 1.011e+004 9998 9927 9897 9888 9897 9894 9918 9914 9990 1.007e+004 1.016e+004 1.027e+004 1.047e+004 1.061e+004 1.065e+004 1.07e+004 1.071e+004 1.066e+004 1.061e+004 1.056e+004 1.054e+004 1.054e+004 1.052e+004 1.048e+004 1.047e+004 1.052e+004 1.055e+004 1.052e+004 1.051e+004 1.051e+004 1.051e+004 1.049e+004 1.041e+004 1.039e+004 1.041e+004 1.047e+004 1.056e+004 1.065e+004 1.07e+004 1.063e+004 1.058e+004 1.057e+004 1.055e+004 1.053e+004 1.056e+004
1.005e+004 1.003e+004 1.002e+004 1.002e+004 1.002e+004 1.002e+004 1.001e+004 9998 9988 9990 9976 9969 9965 9966 9962 9964 9995 1.006e+004 1.008e+004 1.007e+004 1.009e+004 1.011e+004 1.013e+004 1.012e+004 1.012e+004 1.012e+004 1.01e+004 1.003e+004 9955 9905 9888 9876 9867 9848 9868 9922 9980 1.004e+004 1.011e+004 1.026e+004 1.046e+004 1.061e+004 1.066e+004 1.064e+004 1.061e+004 1.053e+004 1.045e+004 1.042e+004 1.041e+004 1.036e+004 1.03e+004 1.029e+004 1.034e+004 1.035e+004 1.034e+004 1.035e+004 1.034e+004 1.032e+004 1.029e+004 1.022e+004 1.02e+004 1.018e+004 1.024e+004 1.03e+004 1.038e+004 1.045e+004 1.043e+004 1.044e+004 1.047e+004 1.05e+004 1.046e+004 1.042e+004
1.006e+004 1.004e+004 1.003e+004 1.002e+004 1.003e+004 1.002e+004 1e+004 9980 1.001e+004 9992 9983 9978 9968 9967 9967 9969 9987 1.001e+004 1.005e+004 1.007e+004 1.009e+004 1.013e+004 1.015e+004 1.016e+004 1.015e+004 1.015e+004 1.012e+004 1.003e+004 9958 9923 9884 9855 9840 9817 9832 9865 9899 9938 1e+004 1.018e+004 1.031e+004 1.045e+004 1.058e+004 1.051e+004 1.042e+004 1.036e+004 1.03e+004 1.025e+004 1.025e+004 1.016e+004 1.004e+004 1.001e+004 1.007e+004 1.008e+004 1.013e+004 1.017e+004 1.019e+004 1.02e+004 1.018e+004 1.009e+004 1.004e+004 1.005e+004 1.006e+004 1.007e+004 1.009e+004 1.014e+004 1.017e+004 1.022e+004 1.029e+004 1.032e+004 1.032e+004 1.028e+004
1.009e+004 1.007e+004 1.004e+004 1.003e+004 1.004e+004 1.004e+004 9996 9947 9900 9944 9980 9987 9974 9965 9973 9973 9979 9995 1.002e+004 1.005e+004 1.008e+004 1.015e+004 1.018e+004 1.018e+004 1.019e+004 1.017e+004 1.012e+004 1.004e+004 9965 9934 9909 9870 9850 9836 9816 9825 9838 9850 9864 9947 1.011e+004 1.029e+004 1.035e+004 1.034e+004 1.024e+004 1.015e+004 1.011e+004 1.006e+004 9974 9956 9884 9843 9838 9873 9963 1.002e+004 1.005e+004 1.008e+004 1.008e+004 1.006e+004 9958 9916 9922 9904 9850 9847 9909 9995 1.007e+004 1.008e+004 1.015e+004 1.014e+004
1.007e+004 1.008e+004 1.007e+004 1.005e+004 1.004e+004 1.004e+004 1e+004 9961 9923 9964 9987 9987 9975 9973 9981 9979 9978 9984 1.002e+004 1.005e+004 1.008e+004 1.015e+004 1.021e+004 1.021e+004 1.017e+004 1.013e+004 1.01e+004 1.007e+004 1.004e+004 1.002e+004 9985 9900 9875 9859 9807 9803 9805 9805 9795 9805 9932 1e+004 1.002e+004 1.009e+004 1.001e+004 1e+004 9975 9916 9852 9853 9835 9812 9815 9822 9866 9902 9905 9860 9884 9876 9832 9819 9833 9821 9795 9785 9809 9841 9865 9865 9902 9886
1.005e+004 1.006e+004 1.007e+004 1.004e+004 1.003e+004 1.004e+004 1.002e+004 1e+004 1.001e+004 1.005e+004 1.001e+004 9985 9975 9977 9988 9986 9983 9986 1.001e+004 1.006e+004 1.01e+004 1.013e+004 1.015e+004 1.014e+004 1.008e+004 1.007e+004 1.008e+004 1.01e+004 1.015e+004 1.01e+004 1.007e+004 9974 9895 9858 9806 9786 9786 9792 9802 9817 9847 9858 9836 9901 9894 9896 9883 9850 9821 9814 9809 9800 9798 9803 9821 9835 9830 9809 9802 9795 9788 9786 9789 9791 9786 9788 9796 9808 9810 9796 9788 9786
1.006e+004 1.004e+004 1.003e+004 1.003e+004 1.002e+004 1.003e+004 1.002e+004 1.003e+004 1.004e+004 1.002e+004 1e+004 9980 9976 9983 9993 9991 9987 9986 1e+004 1.004e+004 1.011e+004 1.012e+004 1.011e+004 1.009e+004 1.005e+004 1.004e+004 1.006e+004 1.009e+004 1.012e+004 1.008e+004 1.002e+004 9948 9877 9833 9796 9777 9783 9792 9808 9819 9823 9827 9832 9840 9841 9833 9830 9817 9804 9800 9796 9787 9781 9794 9805 9810 9808 9794 9785 9782 9777 9773 9775 9776 9777 9780 9790 9791 9791 9783 9790 9800
1.008e+004 1.004e+004 1.003e+004 1.002e+004 1.002e+004 1.002e+004 1.002e+004 1.002e+004 1.002e+004 1e+004 9990 9982 9980 9988 9995 9993 9993 9981 1e+004 1.004e+004 1.01e+004 1.011e+004 1.008e+004 1.005e+004 1.002e+004 1.002e+004 1.004e+004 1.005e+004 1.005e+004 1.001e+004 9943 9898 9849 9811 9797 9785 9785 9791 9800 9805 9808 9818 9836 9835 9834 9830 9818 9808 9797 9795 9790 9781 9778 9789 9798 9802 9801 9796 9790 9777 9765 9764 9768 9771 9771 9771 9772 9777 9773 9770 9775 9789
1.011e+004 1.006e+004 1.004e+004 1.003e+004 1.002e+004 1.001e+004 1.001e+004 1.001e+004 1e+004 9992 9986 9984 9985 9988 9991 9988 9988 9994 1.001e+004 1.002e+004 1.011e+004 1.009e+004 1.005e+004 9990 9994 1.002e+004 1.001e+004 9994 9974 9951 9910 9861 9822 9796 9795 9792 9788 9785 9781 9788 9796 9810 9816 9825 9834 9837 9827 9813 9801 9796 9788 9776 9777 9786 9796 9803 9805 9802 9797 9787 9776 9766 9773 9774 9773 9771 9769 9767 9757 9758 9768 9771
1.013e+004 1.009e+004 1.005e+004 1.004e+004 1.002e+004 1.002e+004 1.001e+004 1.001e+004 9996 9987 9985 9985 9985 9988 9986 9984 9981 1e+004 1.001e+004 1.002e+004 1.008e+004 1.004e+004 9974 9939 9953 9973 9964 9944 9923 9908 9875 9831 9797 9784 9789 9792 9789 9785 9781 9795 9813 9823 9810 9816 9828 9842 9834 9828 9817 9804 9793 9783 9786 9795 9804 9808 9809 9808 9804 9781 9767 9780 9777 9776 9775 9778 9768 9761 9751 9753 9758 9759
1.014e+004 1.013e+004 1.009e+004 1.006e+004 1.003e+004 1.002e+004 1.002e+004 1.001e+004 9998 9989 9986 9984 9987 9992 9995 9987 9988 1.002e+004 1.002e+004 1.001e+004 1.001e+004 9979 9931 9898 9914 9926 9921 9909 9890 9876 9850 9809 9792 9778 9787 9793 9789 9789 9792 9805 9812 9808 9810 9811 9812 9816 9817 9812 9814 9815 9812 9809 9807 9811 9815 9813 9811 9807 9797 9778 9773 9778 9779 9777 9774 9770 9769 9766 9761 9767 9770 9773
1.015e+004 1.014e+004 1.012e+004 1.011e+004 1.008e+004 1.005e+004 1.003e+004 1.002e+004 1.001e+004 9992 9990 9984 9987 9989 9977 9992 1.001e+004 1.003e+004 1.004e+004 1.002e+004 9980 9938 9894 9871 9875 9881 9880 9872 9860 9858 9835 9802 9792 9786 9785 9792 9784 9783 9788 9802 9813 9795 9802 9803 9792 9774 9778 9792 9807 9822 9831 9833 9825 9822 9823 9817 9812 9808 9801 9794 9782 9789 9780 9775 9773 9770 9772 9775 9782 9789 9795 9798
1.014e+004 1.015e+004 1.015e+004 1.016e+004 1.016e+004 1.01e+004 1.007e+004 1.006e+004 1.004e+004 1.001e+004 9993 9984 9986 9983 9991 1.001e+004 1.003e+004 1.005e+004 1.005e+004 1.004e+004 1.002e+004 9927 9870 9839 9825 9835 9842 9844 9830 9819 9820 9801 9785 9782 9774 9765 9772 9774 9777 9798 9806 9792 9793 9789 9780 9771 9771 9787 9804 9822 9837 9842 9835 9829 9819 9814 9808 9805 9804 9797 9793 9782 9772 9771 9772 9773 9774 9777 9787 9801 9809 9811
1.015e+004 1.015e+004 1.016e+004 1.017e+004 1.017e+004 1.014e+004 1.011e+004 1.009e+004 1.007e+004 1.004e+004 1.001e+004 9993 9996 1e+004 1.002e+004 1.003e+004 1.005e+004 1.007e+004 1.006e+004 1.005e+004 9975 9898 9859 9812 9800 9802 9810 9813 9802 9784 9790 9785 9771 9767 9763 9761 9766 9777 9788 9801 9807 9804 9792 9784 9777 9770 9768 9777 9798 9817 9831 9837 9831 9825 9818 9808 9804 9800 9797 9802 9790 9773 9763 9768 9774 9781 9786 9786 9796 9803 9806 9799
1.016e+004 1.016e+004 1.016e+004 1.017e+004 1.016e+004 1.017e+004 1.014e+004 1.012e+004 1.011e+004 1.01e+004 1.004e+004 1.001e+004 1e+004 1.002e+004 1.002e+004 1.001e+004 1.004e+004 1.005e+004 1.003e+004 1.001e+004 9917 9876 9832 9794 9781 9783 9786 9789 9785 9781 9777 9769 9766 9760 9754 9753 9759 9778 9794 9800 9802 9802 9795 9787 9780 9772 9765 9776 9790 9797 9805 9811 9815 9819 9808 9799 9795 9793 9792 9796 9788 9778 9762 9765 9775 9788 9800 9800 9805 9806 9806 9799
1.016e+004 1.017e+004 1.017e+004 1.017e+004 1.016e+004 1.019e+004 1.018e+004 1.016e+004 1.013e+004 1.01e+004 1.006e+004 1.002e+004 1.002e+004 1.002e+004 1.001e+004 1e+004 1.001e+004 1.002e+004 1.004e+004 9990 9854 9849 9809 9787 9776 9776 9772 9766 9774 9776 9769 9757 9756 9750 9744 9740 9747 9760 9776 9792 9803 9800 9796 9795 9785 9778 9777 9783 9789 9799 9791 9792 9796 9790 9788 9788 9785 9782 9782 9787 9779 9773 9761 9763 9774 9786 9795 9814 9807 9805 9802 9781
1.017e+004 1.018e+004 1.018e+004 1.018e+004 1.017e+004 1.018e+004 1.02e+004 1.019e+004 1.015e+004 1.011e+004 1.006e+004 1.003e+004 1.001e+004 1e+004 9991 9979 9978 9989 1.001e+004 9943 9833 9824 9807 9806 9793 9782 9772 9764 9762 9760 9756 9748 9745 9742 9738 9735 9741 9756 9772 9783 9796 9790 9791 9785 9785 9780 9777 9769 9776 9786 9783 9784 9784 9781 9779 9778 9777 9773 9766 9765 9763 9754 9745 9759 9772 9787 9798 9806 9801 9795 9790 9765
1.017e+004 1.018e+004 1.019e+004 1.019e+004 1.019e+004 1.018e+004 1.021e+004 1.021e+004 1.018e+004 1.014e+004 1.008e+004 1.005e+004 1.002e+004 1.001e+004 9983 9943 9927 9925 9894 9851 9803 9800 9809 9828 9819 9795 9774 9760 9752 9748 9746 9741 9741 9740 9736 9733 9740 9758 9773 9785 9792 9788 9788 9789 9786 9780 9766 9750 9761 9772 9778 9780 9778 9778 9779 9778 9773 9767 9759 9760 9753 9743 9749 9759 9772 9785 9798 9799 9791 9779 9778 9764
1.018e+004 1.019e+004 1.02e+004 1.021e+004 1.021e+004 1.02e+004 1.021e+004 1.022e+004 1.021e+004 1.02e+004 1.017e+004 1.011e+004 1.005e+004 9954 9949 9946 9887 9811 9782 9790 9793 9783 9784 9825 9825 9801 9771 9754 9747 9741 9738 9734 9737 9741 9735 9732 9737 9761 9772 9783 9784 9786 9789 9791 9785 9778 9781 9767 9761 9764 9778 9776 9774 9771 9771 9778 9771 9763 9756 9753 9753 9736 9745 9762 9775 9784 9787 9783 9779 9775 9776 9761
1.019e+004 1.02e+004 1.021e+004 1.022e+004 1.022e+004 1.022e+004 1.021e+004 1.022e+004 1.025e+004 1.027e+004 1.026e+004 1.022e+004 1.014e+004 1.004e+004 9942 9864 9838 9826 9810 9798 9790 9776 9775 9791 9814 9800 9783 9763 9745 9736 9734 9735 9732 9738 9734 9733 9741 9753 9765 9773 9779 9789 9786 9784 9780 9774 9771 9805 9784 9771 9772 9772 9771 9768 9767 9766 9763 9761 9760 9756 9770 9768 9762 9772 9780 9786 9786 9778 9768 9776 9770 9751
1.019e+004 1.021e+004 1.022e+004 1.022e+004 1.023e+004 1.024e+004 1.025e+004 1.026e+004 1.029e+004 1.032e+004 1.034e+004 1.03e+004 1.025e+004 1.02e+004 1.002e+004 9854 9811 9833 9845 9818 9788 9775 9775 9775 9791 9791 9787 9774 9753 9737 9734 9740 9727 9731 9733 9732 9735 9755 9758 9760 9770 9782 9781 9777 9773 9776 9771 9787 9782 9776 9771 9770 9768 9765 9761 9757 9760 9764 9772 9797 9800 9787 9775 9782 9787 9790 9792 9785 9774 9781 9790 9753
1.019e+004 1.022e+004 1.023e+004 1.023e+004 1.023e+004 1.025e+004 1.028e+004 1.033e+004 1.032e+004 1.034e+004 1.035e+004 1.034e+004 1.029e+004 1.018e+004 1.003e+004 9901 9811 9819 9862 9832 9792 9776 9779 9784 9774 9782 9783 9782 9777 9753 9747 9745 9730 9732 9739 9740 9736 9747 9759 9765 9771 9778 9778 9776 9779 9788 9800 9772 9778 9780 9776 9768 9765 9764 9765 9764 9765 9767 9773 9789 9791 9786 9784 9791 9794 9796 9797 9795 9801 9799 9803 9773
1.025e+004 1.025e+004 1.025e+004 1.025e+004 1.026e+004 1.028e+004 1.032e+004 1.031e+004 1.034e+004 1.035e+004 1.037e+004 1.038e+004 1.031e+004 1.019e+004 1.005e+004 9900 9825 9808 9844 9842 9810 9790 9794 9795 9780 9781 9787 9783 9787 9771 9753 9755 9753 9757 9761 9759 9757 9765 9775 9784 9779 9777 9776 9779 9785 9790 9789 9778 9773 9767 9764 9762 9761 9763 9770 9772 9772 9772 9783 9782 9780 9787 9792 9800 9801 9802 9804 9807 9804 9814 9812 9788
