real_craters/C149-500m.grd
DSAA
192 192
-47.7225 47.7225
-47.7225 47.7225
8442.4824816272 10839.693268209
[rows 90 to 119 of 192, columns 0 to 66 of 192]
10157.1 10164.1 10161.8 10171.9 10167.5 10163.9 10155.3 10140.5 10120 10066.7 10019.8 9979.01 9947.34 9929 9921.13 9929.22 9936.9 9860.7 9763.57 9709.43 9703.98 9770.21 9787.51 9809.23 9817.54 9808.44 9841.6 9976.23 9927.2 9876.24 9858.33 9840.42 9821 9811.95 9810.95 9814.53 9822.21 9827.92 9822.96 9821.77 9819.31 9820.18 9823.11 9825.12 9824.06 9822.33 9821 9819.08 9819.87 9824.1 9808.38 9799.35 9802.92 9819.53 9821.75 9812.83 9808.38 9807.37 9807.27 9809.85 9819.23 9842.08 9870.82 9891.79 9877.34 9870.26 9889.57
10153.4 10165.1 10172.7 10178.5 10171.3 10167.7 10160.6 10146 10112.5 10061.2 10017 9972.58 9936.33 9912.19 9905.79 9913.35 9930.55 9851.87 9754.17 9701.31 9698.29 9690.09 9716.86 9732.36 9735.95 9734.1 9794.98 9943.35 9893.4 9842.88 9830.75 9817.27 9800.94 9796.38 9801.04 9806.7 9811.08 9816.58 9815.41 9812.67 9815.6 9820.96 9821.9 9825.48 9825.5 9823.81 9821.9 9818.49 9815.25 9814.28 9810.83 9810.45 9816.72 9820.32 9821.17 9816 9812.73 9810.36 9809.89 9811.83 9819.92 9844.22 9876.97 9904.29 9901.68 9886.91 9897.3
10150.5 10167.8 10183.8 10186.8 10175.4 10171.1 10166.5 10158.5 10137.9 10088 10024.5 9965.06 9913.42 9881.59 9879.12 9907.32 9920.41 9854.96 9762 9712.84 9686.34 9684.45 9686.22 9696.08 9702.09 9732.59 9833.57 9912.59 9863.53 9831.09 9817.44 9804.43 9793.89 9791.09 9797.23 9803.47 9807.67 9810.8 9801.39 9806.18 9816.12 9828.08 9830.58 9828.21 9826.74 9824.63 9823.07 9818.88 9811.01 9804.33 9813.91 9819.03 9824.47 9816.29 9819.07 9821.58 9819.13 9814.64 9812.74 9813.77 9820.04 9839.34 9868.33 9900.67 9922.64 9905.01 9911.76
10147.1 10166.3 10178.9 10185.4 10177.4 10174.1 10170.4 10165.6 10143.5 10101.6 10031.2 9958.2 9892.29 9853.3 9866.3 9898.93 9924.79 9873.52 9793.89 9742.8 9714.23 9701.91 9692.51 9702.62 9726.43 9774.33 9876.54 9884.71 9843.38 9825.52 9813.4 9803.19 9795.96 9793.87 9798.21 9800.99 9802.63 9806.45 9801.36 9807.68 9824.71 9831.81 9829.71 9829.93 9828.89 9826.99 9824.63 9822.71 9820.6 9819.68 9823.5 9829.61 9833.76 9838.48 9827.58 9821.83 9817.16 9817.79 9815.27 9815.04 9820.1 9829.13 9848.38 9886.78 9923.27 9921.67 9937.14
10141.9 10161.4 10177.2 10185.6 10184.1 10175 10171.4 10167.5 10146.5 10097.8 10032.4 9957.53 9883.28 9831.93 9859.7 9882.2 9904.39 9896.77 9881.04 9807.14 9751.2 9734.31 9731.6 9750.31 9782.92 9856.58 9891.79 9861.11 9830.58 9819.7 9812.2 9805.61 9801.78 9801.47 9800.4 9802.45 9802.42 9799.35 9802.3 9813.26 9826.82 9830.04 9831.47 9831.51 9829.63 9827.24 9825.53 9825.7 9830.84 9832.78 9831.43 9835.4 9830.33 9832.27 9832.02 9832.54 9833.47 9824.5 9817.92 9813.94 9812.83 9813.98 9818.82 9862.11 9920.94 9941.72 9966.98
10134.4 10155.8 10173 10182.9 10183 10174.5 10168.2 10155 10147.8 10109.9 10037.7 9961.28 9891.18 9850.18 9850.68 9860.35 9872.51 9889.65 9906.99 9890.16 9824.63 9790.1 9800.41 9831.32 9856.37 9886.19 9860.69 9836.34 9819.48 9815.81 9810.12 9805.63 9802.99 9803.86 9796.98 9792.76 9792 9789.4 9795.97 9812.86 9815.75 9822.73 9829.83 9832.08 9828.68 9825.89 9824.09 9824.71 9825.58 9831 9834.81 9833.36 9829.77 9828.31 9834.17 9839.02 9842.04 9826.52 9817.48 9812.22 9809.13 9808.58 9815.3 9846.93 9902.08 9970.64 10014.7
10130 10150.1 10165.8 10176.6 10181.3 10178.1 10175.1 10156.1 10154.4 10115.1 10040.7 9966.52 9899.87 9852.16 9843.03 9841.8 9849.53 9857.31 9861.73 9868.18 9860.06 9854.46 9858.08 9860.33 9860.73 9846.1 9822.64 9813.85 9809.07 9807.9 9801.96 9799.78 9802.47 9795.61 9784.89 9775.1 9769.85 9771.79 9787.36 9810 9803.07 9815.06 9824.61 9828.02 9826.27 9823.75 9822.36 9822.45 9825.2 9830.73 9840.43 9849.2 9849.54 9841.15 9838.3 9832.1 9822.46 9819.23 9815.94 9812.86 9811.77 9813.57 9825.85 9862.94 9925.61 10002.8 10053.7
10127.4 10146.9 10158.7 10165.7 10181.1 10184.8 10192.1 10196.1 10154.3 10104.2 10038.4 9968.99 9904.91 9856.31 9850.33 9848.89 9845.17 9837.96 9832.36 9845.15 9850.06 9848.58 9842.2 9835.01 9827.2 9814.27 9802.41 9797.35 9793.9 9789 9784.84 9783.75 9784.57 9781.2 9770.7 9757.57 9756.61 9759.95 9775 9792.24 9804.65 9811.43 9818.47 9823.23 9819.88 9819.05 9818.88 9818.52 9820.94 9829.62 9841.5 9859.83 9867.72 9856.71 9840.93 9827.69 9814.43 9816.61 9818.08 9818.44 9818.78 9821.54 9837.07 9887.79 9958.71 10037.4 10090.2
10126.4 10148.4 10164.9 10179.2 10188.7 10189.6 10196.8 10197.8 10160.4 10099.7 10034 9965.57 9904.29 9862.22 9850.07 9848.45 9843.82 9839.37 9831.77 9833.6 9834.52 9828.44 9823.3 9809.19 9801.76 9793.82 9789.34 9783.4 9778.21 9769.49 9766.69 9767.38 9766.71 9765.92 9765.55 9762.35 9758.9 9765.62 9776.88 9789.15 9806.79 9806.64 9806.18 9804.91 9809 9813.22 9816.5 9817.74 9816.91 9827.12 9835.28 9836 9839.8 9847.56 9839.32 9830.63 9824.97 9823.93 9824.02 9826.01 9829.55 9836.39 9851.48 9897.38 9973.99 10066 10124.3
10125.9 10150.4 10172.2 10193.7 10195.5 10193.8 10186 10172.5 10140.5 10090.2 10025 9958.21 9896.77 9850.07 9837.18 9842.2 9835.7 9825.35 9817.95 9816.45 9817.68 9814.21 9810.28 9799.06 9790.09 9784.42 9777.58 9776.61 9771.87 9763.23 9760.14 9760.37 9761.73 9766.4 9766.71 9764.48 9766.36 9779.02 9792.75 9798.43 9801.52 9799.09 9794.72 9797.44 9799.67 9808.78 9817.4 9822.26 9823.65 9831.37 9833.59 9833.14 9843.5 9837.81 9834.83 9831.75 9833.82 9830.76 9830.54 9835.17 9842.71 9853.12 9867.2 9890.49 9973.16 10074.5 10147.5
10127.4 10153.6 10175.6 10189.9 10197.4 10190.7 10178.2 10158.2 10137.4 10085.3 10019.6 9950.87 9888.35 9839.19 9833.81 9828.26 9820.92 9814.37 9809.67 9807.04 9805.79 9803.63 9800.14 9787.86 9779.18 9774.67 9767.66 9763.91 9760.62 9757.73 9757.83 9762.48 9765.53 9767.09 9767.01 9764.44 9765.86 9783.51 9797.42 9798.32 9795.51 9791.38 9787.07 9783.47 9793.08 9807.49 9822.28 9837.45 9844.07 9840.85 9838.59 9836.77 9830.05 9829.86 9830.57 9828.55 9823.9 9826.15 9836.34 9845.04 9855.39 9869.87 9883.49 9909.45 9977.56 10072.3 10163.2
10129.9 10156.5 10181 10199.4 10206.4 10201.1 10187.3 10173.5 10149.7 10085.8 10014.1 9943.71 9879.42 9832.75 9825.15 9811.37 9806.28 9803.46 9798.35 9797.74 9795.75 9792.2 9785.08 9773 9768.86 9763.93 9760.61 9756.79 9757.19 9759.4 9764.55 9773.41 9776.48 9776.41 9777.15 9775.12 9776.56 9784.92 9790.18 9799.73 9789.9 9786.83 9784.42 9781.76 9791.92 9807.69 9824.84 9845.64 9854.92 9847.59 9841.44 9831.59 9823.95 9826.53 9828.83 9830.92 9831.76 9837.99 9846 9854.85 9866.23 9881.61 9897.15 9921.2 9973.99 10055.5 10170.9
10130.6 10159 10185.9 10209.2 10216.7 10211.1 10200.2 10187.6 10150.8 10084.1 10008.1 9932.05 9865.27 9819.83 9809.07 9798.09 9790.6 9786.8 9786.93 9790.03 9789.47 9783.56 9772.72 9764.37 9759.24 9757.36 9758.16 9757.55 9760.72 9767.99 9775.69 9783.92 9786.26 9785.23 9784.75 9791.65 9795.2 9796.5 9795.77 9803.63 9788.53 9788.54 9787.72 9788.94 9798.3 9810.53 9821.8 9832 9841.71 9846.49 9847.97 9838.07 9829.52 9830.93 9832.61 9836.77 9844.94 9853.37 9856.47 9863.37 9873.86 9889.11 9908.53 9931.08 9967 10039.3 10163.4
10128.3 10157.4 10185.2 10209.4 10220.5 10217.3 10208.2 10191.3 10149.4 10080.7 10001.3 9920.51 9848.84 9805.33 9801.56 9792.94 9785.85 9785.79 9789.86 9792.34 9789.69 9782.82 9771.65 9767.96 9763.91 9761.78 9760.61 9760.79 9769.8 9780.39 9787.34 9791.56 9793.67 9793.45 9795.63 9803.93 9806.82 9809.78 9814.45 9796.04 9795.44 9792.99 9795.27 9803.92 9811.36 9813.97 9818.62 9823.14 9831.89 9840.84 9847 9842.41 9832.57 9834.69 9837.87 9842.31 9848.38 9857.07 9860.9 9869.33 9879.4 9890.68 9913.56 9932.32 9954.81 10014.6 10119.6
10124.4 10151.7 10178.5 10203.6 10218.9 10218.5 10211.4 10196.5 10152.2 10083.2 10000.8 9915.27 9837.39 9795.39 9809.86 9805.92 9797.51 9795.89 9805.09 9803.53 9796.61 9789.21 9783.68 9781.32 9775.14 9770.57 9767.28 9768.95 9780.41 9794.1 9805.89 9807.82 9801.99 9799.32 9798.13 9804.83 9806.77 9809.65 9811.92 9785.85 9795.16 9795.21 9799.96 9805.43 9809.16 9815.88 9818.21 9816.94 9825.33 9833.18 9839.53 9839.88 9838.63 9842.53 9842.63 9844.51 9846.47 9848.08 9860.88 9874.26 9886.98 9899.09 9913.73 9931.7 9952.5 9997.65 10071.1
10118.5 10144.6 10168.7 10189.1 10201.1 10215.9 10221.9 10214.8 10166.7 10091.9 10006.2 9916.96 9836.96 9798.76 9813 9816.64 9810.47 9810.55 9816.36 9812.24 9804.52 9797.64 9792.93 9793.51 9790.67 9786.51 9782.27 9780.34 9788.67 9800.47 9802.83 9807.17 9805.66 9802.75 9799.53 9792.82 9796.77 9794.7 9785.45 9774.01 9780.26 9794.66 9805.4 9811.92 9815.72 9824.51 9826.21 9823.87 9826.36 9827.67 9825.84 9827.12 9830.47 9839.96 9845.05 9847.91 9849.53 9851.83 9865.21 9879.92 9895.52 9908.32 9912.4 9936.6 9966.68 9999.75 10051.1
10110.9 10134.7 10158 10178.3 10196.5 10215 10231 10242.9 10184.1 10103.9 10016.3 9929.64 9850.22 9807.07 9814.95 9819.05 9812.91 9812.11 9815.06 9814.96 9811.65 9807.79 9806.06 9815.21 9811.43 9804.4 9802.97 9792.48 9792.69 9802.08 9804.83 9808.23 9806.45 9803.69 9800.05 9796.78 9788.72 9781.29 9777.64 9769.35 9779.84 9801.24 9816.21 9829.05 9840.77 9840.31 9838.52 9838.3 9832.44 9829.31 9826.05 9825.59 9832.45 9844.2 9850.72 9854.24 9857.87 9865.06 9872.48 9884.23 9900.26 9915.37 9923.15 9941.37 9972.38 9996.18 10030.2
10103.7 10125.9 10147.3 10168.5 10192.5 10214.6 10242 10254.5 10192.9 10112.4 10026.3 9944.85 9878.49 9819.19 9813.5 9820.69 9813.43 9813.98 9815.52 9816.89 9816.95 9817.71 9821.44 9821.87 9809.32 9805 9802.03 9793.24 9791.01 9791.65 9797.8 9801.23 9804.2 9804.6 9804.81 9798.04 9782.11 9773.2 9787.35 9788.26 9805.56 9816.96 9827.98 9841.92 9856.7 9848.01 9838.8 9836.22 9833.55 9836.39 9842.61 9849.41 9849.02 9855.45 9859.19 9861.98 9865.14 9867.94 9874.51 9884.21 9895.7 9910.55 9925.83 9939.5 9965.82 9993.19 10027.8
10093.3 10114 10135.9 10158.4 10179.8 10208.6 10238.6 10241.6 10189.6 10114 10032.2 9952.9 9880.24 9821.59 9815.5 9824.08 9816 9815.23 9818.98 9821.93 9822.89 9822.81 9823.57 9818.5 9806.1 9795.87 9789.81 9786.27 9787.2 9787.62 9793.25 9795.14 9797.93 9805.91 9798.47 9783.47 9774.95 9771.92 9802.37 9816.65 9829.04 9829.38 9832.27 9839.13 9844.43 9835.59 9822.54 9819.4 9826.34 9836.61 9846.78 9850.2 9853.51 9861.28 9865.49 9868.36 9872.04 9875.43 9880.1 9882.46 9882.67 9891.06 9913.61 9932.59 9947.9 10002.8 10053.9
10083.5 10101.6 10121.5 10145.3 10178.6 10193.5 10235.4 10239.1 10182.5 10110.2 10031.2 9953.76 9885.27 9816.21 9812.51 9819.36 9822.2 9817.77 9824.21 9829.71 9830.53 9825.83 9820.86 9812.83 9797.43 9785.88 9778.18 9775.02 9772.78 9781.39 9779.58 9780.1 9784.01 9784.14 9777.45 9768.27 9772.03 9779.26 9823.79 9825 9830 9827.67 9826.26 9827.46 9825.52 9819.57 9806.66 9805.89 9816.01 9825.05 9831.25 9834.3 9848.56 9862.39 9867.09 9870.73 9877.67 9887.32 9890.51 9881.81 9875.78 9875.09 9884.67 9927.41 9983.06 10026.4 10087.5
10073.2 10088.9 10105.3 10121.4 10134.7 10150.9 10208 10215.8 10168.8 10101.9 10027.3 9952.24 9879.96 9844.79 9820.57 9819.04 9827 9830.86 9839.26 9840.39 9840.35 9839.1 9825.97 9806.03 9790.61 9784.23 9777.51 9770.44 9763.16 9768.16 9768.28 9770.63 9775.58 9772.1 9770.44 9769.64 9779.88 9794.64 9823.76 9818.63 9815.39 9813.74 9813.96 9814.09 9815.8 9810.3 9802.5 9804.08 9810.25 9814.38 9820.19 9831.18 9841.22 9850.92 9858.95 9867.23 9876.65 9886.57 9889.19 9878.72 9865.75 9863.95 9870.2 9906.47 9968.89 10030.4 10105.5
10063.7 10077.2 10091.2 10101.6 10107.7 10129.8 10184 10191.2 10156.6 10097.9 10026.2 9950.64 9890.8 9846.26 9828.55 9824.19 9835.37 9847.64 9853.2 9849.61 9844.71 9842.09 9820.85 9799.86 9794.46 9787.67 9782.42 9777.08 9773.71 9780.37 9781.23 9785.17 9784.82 9781.46 9784.8 9789.34 9794.77 9807.26 9818.52 9815.14 9804.38 9799.58 9801.09 9800.78 9795.31 9790.76 9797.16 9804.04 9812.19 9816.8 9818.54 9824.87 9834.08 9841.44 9849.92 9859.97 9870.92 9879.35 9880.77 9877.35 9868.14 9863.31 9865.06 9879.08 9926.82 10001.8 10080.8
10053 10066.3 10079.3 10091.4 10107.2 10144.1 10196.6 10186.3 10152.6 10100.4 10032 9953.48 9889.02 9858.14 9835.77 9821.93 9844.98 9858.4 9861.12 9853.06 9838.45 9819.64 9804.46 9795.15 9800.42 9798.83 9793.22 9789.04 9790.37 9797.53 9800.86 9799.18 9803.34 9809.26 9813.33 9810.12 9807.8 9807.62 9818 9815.67 9801.12 9792.2 9794.71 9795.25 9791.58 9788.76 9796.46 9806.84 9817.64 9834.56 9832.88 9829.73 9829.76 9832.59 9839.04 9850.59 9863.75 9875.98 9887.34 9881.71 9875.64 9865.55 9862.79 9862.66 9892.53 9957.44 10032.4
10043.1 10055.1 10066.9 10083.4 10107.8 10139 10181.9 10180.1 10155.2 10113.1 10057.6 9985.7 9923.81 9882.47 9846.77 9823.97 9832.75 9846.76 9857.82 9849.69 9831.56 9813.26 9797.81 9798.2 9815.68 9815.24 9803.06 9798.33 9800.51 9810.14 9814.56 9812.31 9815.88 9820.74 9819.26 9818.64 9815.38 9813.37 9815.19 9813.11 9802.14 9792.99 9796.8 9799.4 9800.04 9800.78 9803.48 9810.31 9817.86 9819.83 9829.63 9827.72 9825 9823.6 9825.91 9841.59 9856.23 9869.85 9881.81 9875.58 9870.38 9860.97 9859.37 9866.62 9879.07 9911.1 9972.85
10031.2 10039.2 10052.3 10071.8 10101 10152.5 10179.7 10178 10161.4 10134.7 10101.7 10050 9975.36 9912.52 9864.75 9822.3 9834.36 9845.53 9848.06 9839.3 9824.42 9811.41 9795.63 9799.85 9818.74 9808.02 9801.89 9799.51 9802.97 9810.02 9817.73 9818.79 9816.39 9812.93 9814.34 9816.93 9817.33 9812.8 9808.77 9810.79 9808.36 9805.12 9805.88 9808 9810.96 9814.8 9809.05 9814.71 9821.85 9827.79 9826.66 9821.48 9819.62 9820.57 9826.24 9836.22 9847.33 9856.75 9859.26 9856.74 9851.69 9854.28 9855.4 9860.91 9861.72 9868 9920.66
10023.7 10032.5 10045.2 10059.7 10083.6 10139.2 10174.9 10173.7 10165.1 10156.5 10147.9 10127.5 10023.6 9951.8 9903.64 9863.21 9849.05 9858.03 9842.32 9825.62 9816.46 9808.29 9800.47 9800.83 9799.29 9792.3 9793.68 9793.52 9793.47 9793.06 9801.98 9802.21 9799.97 9798.98 9801.23 9809.22 9811.17 9797.96 9799.32 9803.63 9807.86 9815.95 9815.27 9815.43 9817.55 9820.3 9818.62 9817.7 9821.04 9822.95 9807.93 9810.74 9814.13 9818.4 9824.87 9831.93 9840.35 9847.35 9849.91 9846.6 9845.57 9850.75 9851.36 9850.08 9849.79 9856.94 9891.21
10018.4 10024.6 10032.8 10043.3 10061.4 10120.1 10151.2 10159.8 10163.4 10167.7 10173.4 10168.3 10073.7 10004.5 9952.35 9905.28 9888.66 9882.02 9848.16 9822.26 9815.26 9813.56 9817.45 9821.16 9800.12 9792.27 9791.01 9789.08 9785.55 9781.37 9782.51 9782.09 9779.63 9781.34 9785.88 9793.36 9796.79 9790.45 9795.92 9801.93 9810.91 9818.63 9819.65 9818.56 9819.51 9822.03 9819.75 9815.67 9811.94 9807.2 9804.9 9806.54 9810.43 9814.8 9819.74 9826.85 9835.28 9842.81 9848.52 9847.25 9846.01 9851.48 9850.26 9848.31 9846.41 9851.49 9875.15
10012 10017.2 10023.7 10032.3 10045 10086.1 10114.8 10135.3 10148 10159.3 10170.7 10170 10123.3 10058.5 9992.89 9938.15 9899.7 9893.16 9863.1 9839.36 9834.98 9833 9833.32 9820.29 9805.1 9797.73 9795.32 9791.09 9785.48 9781.58 9783.23 9782.33 9780.29 9780.3 9783.12 9786.24 9786.51 9798.84 9798.89 9801.07 9804.4 9821.02 9818.55 9816.36 9816.01 9813.4 9812.71 9811.53 9808.99 9805.26 9802.8 9806.78 9810.58 9813.62 9816.13 9823.08 9832.07 9840.2 9846.13 9852.54 9852.99 9848.1 9851.66 9851.11 9848.54 9852.71 9867.11
10009.3 10013.6 10018.5 10026.9 10047 10075.2 10093.6 10109.2 10121.8 10133.7 10149 10169.9 10177.7 10098.2 10016.2 9936.61 9896.21 9897.97 9880.95 9863.7 9852.58 9842.77 9831.48 9820.09 9812.32 9808.18 9802.39 9796.91 9791.44 9787.54 9788.04 9787.09 9785.33 9784.65 9785.41 9788.66 9792.61 9798.33 9801.14 9802.76 9805.18 9803.62 9806.22 9810.37 9812.95 9814.63 9810.15 9809.02 9808.24 9809.17 9809.97 9812.12 9813.99 9815.52 9816.71 9822.12 9830.88 9839.61 9847.79 9857.89 9858.49 9857.02 9857.38 9857.61 9854.92 9858.63 9867.39
10007.7 10010.9 10014.9 10019.7 10027.9 10048.9 10068.1 10080.6 10092.8 10104.2 10114.8 10139.9 10155.1 10112.5 10051.2 9978.41 9908.34 9907.73 9893.25 9867.59 9856.16 9846.88 9838.28 9832.24 9825.73 9818.47 9810.28 9802.88 9798.02 9798.1 9794.26 9791.52 9791.81 9787.99 9787.47 9789.52 9797.86 9800.08 9803.74 9802.31 9799.14 9791.4 9797.4 9807.01 9811.57 9812.17 9810.79 9811.83 9811.36 9820.97 9822 9819.99 9820.23 9821.38 9821.25 9825.2 9833.92 9839.68 9845.68 9852.24 9862.65 9866.97 9860.14 9860.04 9863.34 9866.71 9872.39
