real_craters/C149-750m.grd
DSAA
128 128
-47.7225 47.7225
-47.7225 47.7225
8444.3814879485 10838.503378939
[rows 32 to 63 of 128, columns 0 to 71 of 128]
1.028e+004 1.028e+004 1.028e+004 1.028e+004 1.029e+004 1.032e+004 1.035e+004 1.035e+004 1.035e+004 1.036e+004 1.039e+004 1.043e+004 1.037e+004 1.024e+004 1.009e+004 9984 9892 9828 9860 9859 9835 9820 9823 9809 9787 9778 9770 9768 9763 9760 9750 9769 9776 9789 9785 9777 9779 9783 9784 9789 9782 9770 9773 9782 9789 9788 9777 9778 9770 9759 9754 9755 9756 9757 9760 9772 9778 9772 9775 9773 9772 9787 9797 9806 9807 9807 9806 9805 9804 9810 9805 9793
1.029e+004 1.031e+004 1.032e+004 1.032e+004 1.032e+004 1.034e+004 1.038e+004 1.038e+004 1.038e+004 1.039e+004 1.044e+004 1.056e+004 1.048e+004 1.036e+004 1.021e+004 1.007e+004 9906 9868 9905 9897 9874 9868 9846 9829 9806 9786 9777 9768 9757 9756 9755 9770 9782 9794 9792 9783 9780 9782 9782 9792 9786 9782 9788 9792 9795 9792 9780 9770 9760 9746 9747 9751 9752 9752 9751 9765 9778 9767 9764 9771 9776 9793 9800 9807 9812 9811 9808 9806 9809 9805 9808 9803
1.035e+004 1.034e+004 1.034e+004 1.035e+004 1.035e+004 1.036e+004 1.037e+004 1.04e+004 1.044e+004 1.047e+004 1.055e+004 1.06e+004 1.059e+004 1.054e+004 1.039e+004 1.018e+004 9948 9901 9940 9946 9924 9883 9852 9832 9807 9791 9788 9794 9777 9772 9771 9765 9777 9786 9786 9777 9772 9770 9772 9777 9787 9802 9803 9794 9790 9787 9781 9767 9754 9743 9751 9752 9752 9752 9756 9768 9777 9766 9766 9777 9797 9796 9803 9819 9822 9816 9809 9801 9799 9804 9802 9808
1.036e+004 1.036e+004 1.036e+004 1.037e+004 1.038e+004 1.04e+004 1.044e+004 1.049e+004 1.053e+004 1.058e+004 1.061e+004 1.065e+004 1.065e+004 1.063e+004 1.045e+004 1.018e+004 9978 9888 9940 9962 9933 9876 9840 9826 9815 9805 9806 9812 9808 9801 9796 9770 9773 9780 9779 9766 9753 9763 9769 9775 9787 9793 9791 9784 9775 9766 9771 9765 9759 9768 9759 9755 9754 9754 9758 9767 9777 9767 9766 9775 9783 9789 9803 9826 9826 9819 9811 9803 9795 9791 9802 9802
1.033e+004 1.035e+004 1.036e+004 1.038e+004 1.04e+004 1.043e+004 1.047e+004 1.052e+004 1.056e+004 1.06e+004 1.065e+004 1.068e+004 1.064e+004 1.057e+004 1.035e+004 1.016e+004 1.003e+004 9927 9948 9964 9924 9869 9838 9821 9822 9831 9830 9821 9807 9814 9815 9765 9775 9780 9778 9760 9748 9758 9788 9812 9797 9784 9776 9776 9778 9780 9773 9767 9761 9762 9762 9760 9759 9759 9758 9760 9775 9768 9768 9776 9777 9782 9786 9807 9819 9818 9811 9804 9795 9785 9787 9799
1.029e+004 1.032e+004 1.034e+004 1.037e+004 1.04e+004 1.043e+004 1.047e+004 1.051e+004 1.055e+004 1.06e+004 1.065e+004 1.067e+004 1.062e+004 1.052e+004 1.031e+004 1.017e+004 1.003e+004 9941 9948 9943 9909 9857 9822 9820 9831 9848 9838 9829 9814 9806 9799 9800 9789 9782 9773 9764 9759 9756 9785 9814 9797 9777 9760 9772 9782 9782 9778 9773 9755 9754 9760 9764 9765 9766 9767 9775 9785 9783 9782 9788 9795 9796 9792 9808 9819 9817 9811 9801 9793 9794 9791 9792
1.025e+004 1.029e+004 1.032e+004 1.036e+004 1.039e+004 1.043e+004 1.047e+004 1.05e+004 1.054e+004 1.06e+004 1.063e+004 1.062e+004 1.061e+004 1.053e+004 1.028e+004 1.011e+004 9993 9947 9935 9934 9906 9859 9820 9811 9820 9815 9822 9825 9812 9793 9794 9812 9801 9788 9766 9770 9763 9756 9775 9795 9788 9776 9769 9774 9781 9772 9763 9761 9762 9761 9764 9769 9772 9775 9775 9773 9776 9787 9792 9800 9811 9810 9800 9807 9817 9816 9814 9809 9798 9804 9798 9787
1.022e+004 1.026e+004 1.03e+004 1.034e+004 1.037e+004 1.041e+004 1.045e+004 1.051e+004 1.057e+004 1.062e+004 1.062e+004 1.061e+004 1.06e+004 1.048e+004 1.022e+004 1.008e+004 9976 9925 9915 9904 9896 9858 9823 9807 9813 9823 9806 9791 9789 9786 9787 9805 9802 9800 9810 9781 9767 9773 9770 9774 9776 9775 9781 9777 9774 9766 9761 9763 9765 9766 9770 9775 9781 9786 9790 9788 9790 9792 9798 9803 9807 9803 9791 9795 9806 9815 9820 9824 9821 9805 9799 9793
1.018e+004 1.024e+004 1.029e+004 1.033e+004 1.037e+004 1.04e+004 1.044e+004 1.053e+004 1.06e+004 1.063e+004 1.062e+004 1.059e+004 1.055e+004 1.042e+004 1.02e+004 1.007e+004 1.002e+004 9915 9906 9904 9894 9870 9841 9799 9809 9803 9804 9794 9781 9776 9787 9785 9789 9793 9793 9783 9770 9761 9768 9767 9769 9771 9773 9772 9771 9765 9763 9764 9768 9773 9778 9783 9790 9798 9808 9824 9822 9805 9803 9803 9799 9792 9783 9788 9802 9814 9828 9839 9847 9827 9799 9797
1.018e+004 1.023e+004 1.028e+004 1.033e+004 1.037e+004 1.041e+004 1.046e+004 1.052e+004 1.059e+004 1.065e+004 1.061e+004 1.058e+004 1.052e+004 1.033e+004 1.022e+004 1.014e+004 9972 9919 9909 9901 9886 9873 9854 9818 9810 9811 9812 9797 9787 9786 9770 9773 9777 9782 9784 9779 9767 9756 9754 9765 9768 9767 9763 9765 9771 9769 9768 9767 9766 9773 9782 9789 9796 9804 9816 9830 9830 9821 9812 9806 9796 9784 9789 9792 9799 9817 9836 9845 9849 9861 9838 9820
1.019e+004 1.024e+004 1.029e+004 1.033e+004 1.038e+004 1.043e+004 1.047e+004 1.051e+004 1.056e+004 1.059e+004 1.058e+004 1.055e+004 1.045e+004 1.028e+004 1.015e+004 9995 9904 9926 9911 9890 9880 9882 9861 9847 9829 9819 9813 9796 9788 9779 9769 9761 9764 9773 9778 9772 9763 9760 9778 9774 9771 9766 9761 9761 9769 9780 9783 9778 9776 9783 9784 9790 9798 9807 9816 9821 9816 9820 9824 9819 9810 9800 9835 9849 9838 9852 9872 9865 9854 9872 9899 9901
1.019e+004 1.025e+004 1.029e+004 1.034e+004 1.039e+004 1.044e+004 1.05e+004 1.053e+004 1.054e+004 1.055e+004 1.055e+004 1.054e+004 1.047e+004 1.027e+004 1.01e+004 9962 9888 9920 9900 9882 9878 9874 9858 9851 9831 9820 9809 9790 9789 9782 9757 9756 9760 9763 9769 9766 9766 9777 9790 9783 9776 9770 9766 9767 9771 9787 9784 9775 9772 9779 9781 9791 9802 9812 9817 9818 9816 9831 9843 9851 9855 9858 9922 9999 9964 9956 9955 9927 9871 9871 9918 9941
1.023e+004 1.026e+004 1.03e+004 1.034e+004 1.039e+004 1.043e+004 1.047e+004 1.049e+004 1.051e+004 1.052e+004 1.051e+004 1.051e+004 1.046e+004 1.021e+004 1.004e+004 9883 9893 9900 9886 9869 9858 9853 9842 9845 9840 9818 9796 9791 9794 9784 9757 9754 9754 9755 9757 9760 9769 9776 9787 9786 9782 9777 9772 9771 9776 9786 9797 9781 9770 9769 9777 9792 9807 9821 9829 9835 9837 9846 9869 9889 9914 9953 1.001e+004 1.005e+004 1.009e+004 1.011e+004 1.006e+004 1.002e+004 9979 9913 9930 9946
1.022e+004 1.026e+004 1.03e+004 1.034e+004 1.038e+004 1.041e+004 1.044e+004 1.046e+004 1.048e+004 1.049e+004 1.046e+004 1.041e+004 1.029e+004 1.012e+004 1.003e+004 9891 9865 9878 9873 9860 9844 9838 9835 9830 9817 9817 9812 9799 9790 9784 9765 9755 9748 9747 9748 9765 9775 9777 9781 9790 9788 9784 9778 9772 9776 9792 9807 9795 9780 9770 9776 9795 9817 9838 9858 9870 9880 9892 9909 9910 9938 1.004e+004 1.006e+004 1.003e+004 1.011e+004 1.017e+004 1.009e+004 1.008e+004 1.008e+004 1e+004 9957 9959
1.021e+004 1.026e+004 1.03e+004 1.033e+004 1.036e+004 1.039e+004 1.041e+004 1.042e+004 1.044e+004 1.048e+004 1.041e+004 1.032e+004 1.016e+004 1.003e+004 9988 9883 9889 9882 9861 9859 9845 9836 9817 9801 9803 9800 9794 9789 9783 9775 9766 9758 9754 9746 9747 9774 9785 9774 9794 9798 9793 9790 9789 9795 9792 9801 9824 9816 9799 9782 9784 9801 9826 9863 9895 9921 9936 9979 9924 9840 9812 9842 9824 9783 9861 9958 9932 9973 1.008e+004 1.003e+004 1.001e+004 1.001e+004
1.023e+004 1.027e+004 1.03e+004 1.032e+004 1.034e+004 1.036e+004 1.037e+004 1.037e+004 1.037e+004 1.042e+004 1.035e+004 1.024e+004 1.004e+004 9905 9900 9886 9896 9881 9875 9856 9844 9829 9805 9788 9781 9782 9784 9785 9780 9771 9765 9761 9760 9750 9748 9781 9789 9791 9796 9796 9794 9794 9795 9799 9792 9803 9833 9844 9821 9795 9790 9807 9832 9859 9915 9969 1.003e+004 9992 9825 9679 9588 9505 9439 9437 9490 9562 9614 9647 9694 9803 1.003e+004 1.015e+004
1.024e+004 1.027e+004 1.029e+004 1.031e+004 1.033e+004 1.034e+004 1.034e+004 1.034e+004 1.035e+004 1.033e+004 1.025e+004 1.013e+004 9935 9871 9885 9868 9887 9855 9821 9806 9791 9797 9800 9801 9772 9774 9776 9779 9785 9770 9768 9763 9751 9753 9760 9767 9778 9781 9781 9788 9791 9791 9791 9792 9789 9797 9821 9836 9821 9802 9799 9817 9832 9840 9862 9913 9906 9676 9518 9432 9346 9247 9178 9184 9228 9250 9310 9334 9356 9493 9776 1.004e+004
1.022e+004 1.026e+004 1.029e+004 1.03e+004 1.031e+004 1.032e+004 1.032e+004 1.03e+004 1.03e+004 1.025e+004 1.018e+004 1.007e+004 9920 9889 9886 9879 9876 9831 9799 9773 9788 9792 9794 9784 9788 9778 9778 9778 9780 9778 9773 9771 9776 9771 9764 9763 9769 9772 9782 9789 9788 9785 9782 9782 9783 9788 9805 9819 9817 9812 9819 9847 9822 9775 9721 9657 9500 9316 9224 9194 9131 9048 8970 8992 9023 9064 9115 9162 9205 9295 9465 9667
1.024e+004 1.027e+004 1.028e+004 1.029e+004 1.03e+004 1.03e+004 1.031e+004 1.029e+004 1.026e+004 1.023e+004 1.015e+004 1.005e+004 9914 9896 9893 9903 9883 9869 9862 9837 9822 9818 9807 9778 9793 9805 9791 9782 9779 9777 9776 9777 9780 9773 9761 9760 9766 9778 9784 9788 9785 9780 9774 9769 9781 9784 9792 9804 9835 9852 9870 9902 9816 9699 9562 9398 9231 9126 9082 9046 8985 8912 8859 8866 8900 8925 8992 9077 9137 9167 9241 9376
1.026e+004 1.028e+004 1.029e+004 1.029e+004 1.028e+004 1.028e+004 1.028e+004 1.027e+004 1.026e+004 1.023e+004 1.013e+004 1e+004 9927 9916 9916 9856 9783 9710 9655 9750 9898 9879 9829 9795 9795 9807 9806 9785 9774 9774 9777 9780 9780 9772 9760 9765 9775 9778 9785 9788 9783 9777 9770 9764 9776 9792 9811 9824 9875 9923 9961 9956 9784 9610 9434 9259 9143 9084 9046 8963 8885 8816 8771 8767 8796 8830 8896 9010 9042 9052 9084 9144
1.027e+004 1.029e+004 1.029e+004 1.028e+004 1.027e+004 1.026e+004 1.024e+004 1.024e+004 1.027e+004 1.02e+004 1.008e+004 9979 9951 9953 9808 9693 9595 9600 9608 9623 9684 9827 9823 9800 9781 9782 9808 9803 9782 9775 9781 9786 9787 9779 9768 9766 9770 9784 9783 9779 9781 9781 9779 9778 9799 9830 9852 9868 9911 9970 1.006e+004 9917 9687 9499 9349 9236 9123 9022 8954 8870 8795 8733 8684 8677 8701 8714 8739 8818 8872 8893 8947 9037
1.028e+004 1.03e+004 1.029e+004 1.028e+004 1.027e+004 1.025e+004 1.021e+004 1.021e+004 1.019e+004 1.012e+004 1.003e+004 9991 9964 9950 9775 9688 9609 9612 9613 9620 9638 9693 9806 9827 9771 9776 9795 9824 9798 9790 9791 9793 9797 9798 9786 9776 9781 9786 9785 9783 9787 9791 9796 9809 9836 9861 9889 9908 9909 9911 9890 9692 9512 9364 9238 9147 9019 8858 8790 8750 8711 8667 8623 8616 8632 8639 8655 8710 8753 8769 8817 8904
1.026e+004 1.027e+004 1.027e+004 1.027e+004 1.026e+004 1.026e+004 1.024e+004 1.016e+004 1.01e+004 1.007e+004 1.001e+004 9963 9958 9937 9760 9690 9630 9623 9631 9638 9645 9683 9826 9867 9780 9789 9813 9832 9817 9807 9802 9802 9804 9809 9806 9800 9793 9791 9791 9788 9796 9804 9811 9825 9858 9889 9932 9923 9881 9799 9649 9443 9320 9199 9087 8997 8869 8732 8672 8659 8642 8616 8588 8581 8597 8605 8614 8629 8667 8695 8741 8818
1.023e+004 1.024e+004 1.025e+004 1.025e+004 1.025e+004 1.025e+004 1.026e+004 1.017e+004 1.006e+004 1.003e+004 9979 9951 9954 9935 9783 9703 9652 9644 9649 9654 9664 9700 9855 9879 9792 9804 9818 9822 9826 9819 9811 9806 9803 9801 9809 9813 9812 9804 9803 9808 9814 9819 9830 9838 9893 9935 9941 9924 9855 9719 9529 9340 9205 9061 8923 8780 8740 8666 8623 8611 8604 8589 8571 8569 8591 8608 8601 8612 8632 8652 8703 8773
1.02e+004 1.022e+004 1.022e+004 1.023e+004 1.022e+004 1.022e+004 1.02e+004 1.014e+004 1.003e+004 1.001e+004 9971 9942 9953 9985 9887 9773 9689 9667 9666 9672 9724 9803 9904 9878 9795 9808 9821 9828 9832 9822 9816 9811 9806 9809 9814 9812 9811 9809 9813 9824 9827 9829 9841 9850 9889 9924 9912 9949 9852 9677 9495 9329 9126 8966 8827 8722 8682 8641 8611 8599 8591 8580 8567 8564 8585 8597 8600 8611 8623 8637 8678 8755
1.019e+004 1.02e+004 1.021e+004 1.02e+004 1.019e+004 1.018e+004 1.015e+004 1.008e+004 9993 1e+004 9965 9933 9905 9939 1.003e+004 9876 9745 9692 9696 9697 9808 9972 9929 9862 9817 9821 9831 9840 9827 9824 9818 9814 9811 9811 9815 9813 9818 9812 9812 9812 9817 9830 9841 9848 9877 9906 9935 1.001e+004 9843 9627 9410 9178 8993 8905 8812 8721 8675 8635 8612 8608 8596 8586 8575 8565 8588 8597 8600 8614 8623 8634 8668 8764
1.018e+004 1.02e+004 1.02e+004 1.018e+004 1.017e+004 1.015e+004 1.012e+004 1.005e+004 9978 9983 9950 9933 9830 9785 9938 9926 9872 9789 9760 9810 9875 9927 9872 9838 9827 9842 9838 9841 9827 9825 9821 9814 9811 9812 9813 9810 9822 9813 9809 9809 9818 9832 9841 9848 9863 9927 9956 9921 9763 9555 9334 9111 8969 8889 8811 8736 8687 8644 8616 8607 8603 8597 8596 8607 8610 8609 8606 8614 8625 8645 8653 8735
1.017e+004 1.018e+004 1.018e+004 1.017e+004 1.016e+004 1.012e+004 1.007e+004 1.001e+004 9954 9950 9943 9919 9788 9769 9826 9892 9994 1.004e+004 9992 9957 9897 9870 9836 9824 9833 9834 9833 9829 9832 9825 9820 9818 9815 9807 9802 9814 9815 9805 9806 9807 9818 9845 9858 9857 9880 1.001e+004 1.005e+004 9857 9664 9483 9285 9112 9031 8886 8795 8726 8694 8657 8631 8622 8613 8606 8608 8623 8627 8624 8615 8622 8625 8622 8646 8682
1.016e+004 1.016e+004 1.017e+004 1.017e+004 1.016e+004 1.013e+004 1.006e+004 9997 9946 9920 9926 9898 9756 9701 9741 9781 9783 9769 9970 9879 9850 9823 9808 9810 9819 9822 9819 9818 9822 9824 9823 9819 9820 9815 9801 9815 9821 9810 9808 9809 9822 9863 9895 9874 9900 1.008e+004 1.009e+004 9852 9621 9430 9238 9058 8923 8838 8769 8731 8697 8669 8645 8637 8622 8603 8589 8594 8587 8600 8617 8629 8631 8632 8628 8653
1.015e+004 1.018e+004 1.019e+004 1.017e+004 1.017e+004 1.015e+004 1.007e+004 9992 9918 9883 9909 9891 9755 9695 9686 9698 9712 9765 9918 9842 9819 9800 9791 9801 9809 9807 9808 9824 9830 9826 9824 9820 9810 9810 9819 9817 9819 9819 9813 9812 9823 9861 9907 9907 9921 1.014e+004 1.011e+004 9866 9621 9412 9203 8996 8856 8797 8759 8732 8709 8683 8662 8653 8631 8595 8551 8494 8483 8532 8579 8625 8635 8636 8645 8661
1.015e+004 1.017e+004 1.018e+004 1.018e+004 1.017e+004 1.016e+004 1.01e+004 9993 9887 9851 9895 9904 9805 9732 9707 9706 9740 9845 9878 9831 9812 9800 9795 9800 9802 9803 9810 9832 9831 9830 9827 9824 9824 9825 9830 9839 9828 9811 9819 9815 9820 9834 9890 9926 9956 1.009e+004 1.006e+004 9866 9624 9419 9206 9003 8867 8820 8768 8750 8723 8696 8676 8669 8643 8595 8535 8475 8453 8481 8553 8617 8636 8647 8661 8679
1.014e+004 1.017e+004 1.018e+004 1.018e+004 1.017e+004 1.016e+004 1.01e+004 9995 9886 9845 9869 9888 9912 9828 9770 9797 9844 9887 9841 9819 9811 9804 9803 9797 9795 9794 9815 9823 9831 9831 9826 9825 9829 9833 9827 9821 9834 9844 9825 9814 9809 9811 9857 9946 1.001e+004 1.006e+004 1.006e+004 9881 9660 9441 9232 9051 8950 8903 8846 8780 8740 8712 8693 8687 8664 8610 8544 8480 8444 8454 8529 8597 8626 8645 8659 8673
