real_craters/C149-300m.grd
DSAA
319 319
-47.7225 47.7225
-47.7225 47.7225
8439.948700585 10841.466822856
[rows 60 to 89 of 319, columns 134 to 200 of 319]
9787.03 9788.88 9789.33 9789.08 9788.1 9786.99 9785.83 9784.48 9783.34 9782.41 9781.79 9782.03 9783.57 9786.55 9786.31 9782.71 9779.65 9778.86 9777.07 9771.69 9766.44 9762.29 9760.49 9761.12 9763.88 9767.9 9772.43 9777.44 9782.66 9787.57 9791.85 9794.41 9799.29 9807.35 9814.29 9810.77 9807.23 9804.27 9805.65 9804.69 9804.2 9802.98 9799.88 9791.76 9778.39 9772.58 9765.83 9761.21 9756.88 9755.59 9756.98 9750.92 9747.28 9748.24 9746.88 9740.65 9740.34 9742.06 9745.86 9750.78 9751.82 9752.06 9753.41 9756.07 9759.33 9763.51 9767.63
9783.14 9783.61 9784.43 9784.42 9784.04 9783.57 9782.11 9780.92 9779.6 9778.28 9777.29 9776.6 9776.77 9777.96 9777.98 9776.5 9774.47 9772.85 9769.83 9764.57 9759.62 9756.88 9756.39 9758.4 9761.89 9766.27 9771.54 9777.15 9782.43 9787.56 9792.48 9797.01 9800.46 9806.21 9809.68 9809.65 9807.2 9806.28 9805.74 9802.36 9801.16 9799.4 9795.77 9785.82 9769.97 9759.77 9754.38 9750.48 9747.21 9744.37 9742.01 9738.07 9735.89 9734.1 9730.62 9721.6 9721.37 9726.08 9732.53 9740.74 9741.81 9742.57 9745.39 9749.61 9754.2 9759.45 9764.53
9780.34 9780.14 9779.8 9779.77 9780.02 9779.82 9778.97 9777.64 9775.98 9774.12 9772.96 9770.93 9768.9 9768.37 9769.8 9769.53 9767.7 9765.15 9761.28 9756.65 9751.63 9748.53 9751.47 9755.4 9760.39 9765.5 9770.8 9776.28 9782.24 9787.63 9793.05 9797.83 9800.72 9804.81 9808.67 9807.47 9804.48 9801.17 9798.56 9798.68 9796.78 9794.42 9791.07 9780.55 9763.13 9750.05 9744.2 9740.81 9737.34 9732.64 9727.45 9723.77 9720.21 9716.88 9715.21 9704.52 9705.93 9710.83 9716.35 9720.85 9725.37 9730.65 9736.08 9742.38 9748.64 9754.77 9760.75
9779.56 9778.69 9777.54 9777.16 9777.66 9777.51 9776.54 9774.93 9772.88 9770.51 9767.84 9764.89 9761.66 9760.63 9763.86 9763.72 9761.15 9756.97 9753.17 9749.96 9745.44 9742.74 9748.27 9754.08 9759.89 9765.56 9770.3 9776.3 9782.01 9787.47 9792.96 9797.42 9799.91 9803.23 9805.09 9804.23 9800.69 9795.95 9792.36 9792.23 9790.3 9787.51 9783.11 9773.86 9757.73 9743.1 9736.21 9732.47 9729.79 9722.45 9713.99 9709.06 9705.6 9703.06 9702.53 9692.21 9693.82 9697.79 9701.21 9704.47 9709.98 9718.27 9726.75 9734.92 9742.53 9749.78 9756.25
9779.55 9778.82 9777.45 9776.49 9776.92 9776.42 9775 9773.01 9770.54 9767.79 9764.7 9761.25 9757.33 9755.24 9761.15 9759.95 9756.49 9751.24 9746.41 9745.4 9743.77 9744.7 9748.96 9754.03 9759.85 9765.4 9770.82 9776.52 9781.76 9787.15 9792.28 9797.09 9799.93 9801.97 9803.36 9801.67 9797.05 9791.85 9787.77 9784.77 9782.97 9781.07 9776.44 9770.82 9755.21 9737.16 9729.32 9724.53 9720.78 9712.75 9703.42 9698.51 9695.21 9694.27 9692.8 9683.09 9683.36 9686.61 9688.39 9691.61 9697.63 9707.75 9718.3 9728.22 9737.42 9745.56 9752.6
9779.79 9779.56 9778.65 9778.2 9777.86 9776.34 9774.12 9771.57 9769.31 9766.37 9763.11 9759.89 9756.72 9756.01 9759.96 9757.66 9754.04 9749.54 9744.71 9742.54 9742.97 9747.42 9750.64 9754.72 9759.97 9765.53 9771.07 9776.24 9781.63 9786.6 9791.56 9796.62 9800.53 9799.35 9799.59 9797.75 9793.02 9788.07 9783.49 9779.12 9777.87 9777.87 9776.38 9774.12 9759.02 9736.37 9723.88 9717.3 9711.88 9704.45 9697.52 9692.04 9688.58 9691.75 9685.72 9671.98 9669.67 9673.01 9677.43 9682.17 9688.63 9700.21 9712.03 9723.08 9733.22 9742.14 9749.81
9776.85 9777.5 9779.42 9781.51 9779.51 9776.54 9773.55 9771.02 9768.18 9765.27 9762.14 9759.35 9757.91 9758.52 9757.51 9755.62 9753.31 9750.72 9747.43 9739.57 9740.08 9744.62 9749.34 9754.86 9760.41 9766.11 9771.75 9776.7 9781.41 9785.62 9789.8 9793.62 9794.71 9793.94 9793.7 9792.4 9788.2 9783.86 9778.23 9776.15 9775.82 9777.06 9777.91 9777.56 9762.2 9737.89 9720.73 9712.06 9705.04 9698.49 9691.96 9683.83 9679.35 9684.18 9677.43 9660.73 9656.99 9662.21 9670.44 9677.09 9684.76 9695.91 9708.01 9719.39 9729.98 9739.59 9748.13
9771.49 9772.74 9777.16 9781.13 9778.99 9775.73 9772.56 9769.66 9766.72 9763.96 9761.19 9757.97 9756.54 9756.39 9754.73 9753.83 9753.22 9752.36 9750.3 9736.36 9737.25 9741.85 9748.23 9756.03 9762.38 9767.66 9772.52 9776.89 9781.1 9784.75 9787.63 9789.64 9789.85 9787.57 9786.19 9784.2 9782.74 9781.73 9781.44 9775.83 9774.26 9776.32 9777.29 9774.04 9761.7 9742.71 9723.38 9709.56 9699.67 9691.33 9687.15 9678.71 9674.9 9680.78 9672.24 9652.58 9651.91 9661.75 9669.6 9676.5 9681.27 9695.35 9706.46 9717.3 9727.91 9737.91 9747.25
9767.67 9768.1 9772.82 9776.64 9775.74 9773.15 9770.4 9767.94 9764.54 9762.14 9759.75 9757.35 9753.63 9751.08 9752.06 9751.82 9753.72 9754.14 9749.82 9736.33 9739.18 9746.78 9754.51 9759.87 9765.08 9769.88 9774.12 9778.12 9781.36 9783.96 9785.66 9785.99 9783.96 9782 9779.99 9777.96 9776.79 9777.26 9777.89 9773.59 9772.23 9773.12 9771.35 9763.54 9757.31 9747.67 9724.58 9707.59 9696.61 9688.21 9687.41 9682.86 9673.55 9679.49 9676.05 9663.5 9652.63 9664.58 9671.36 9679.32 9693.28 9698.21 9705.84 9715.88 9726.61 9737.07 9746.8
9765.75 9765.6 9769.02 9771.21 9770.96 9769.56 9767.9 9765.37 9763.63 9760.8 9759.13 9757.82 9756.24 9751.86 9745.71 9751 9757.52 9759.6 9756.27 9746.05 9747.04 9754.02 9760.62 9764.32 9768.47 9772.47 9776.28 9779.71 9782.16 9784.23 9785.14 9784.42 9781.82 9780.52 9776.31 9770.83 9770.84 9772.13 9772.32 9774.36 9773.98 9770.13 9764.46 9758.42 9753.36 9746.89 9723.05 9705.55 9696.29 9692.28 9690.81 9687.66 9685.99 9683.17 9677.97 9665.72 9657.34 9664.75 9670.79 9678.02 9685.96 9694.09 9703.53 9714.4 9725.93 9736.85 9746.68
9766.45 9766.84 9766.74 9766.78 9766.56 9765.13 9764.37 9763.73 9761.9 9760.71 9759.71 9759.27 9760.44 9757.16 9753.74 9760.38 9767.75 9769.88 9768.9 9762.53 9757.96 9760.28 9764.24 9767.84 9772.04 9775.74 9779 9781.96 9784.17 9785.66 9786.16 9785.57 9784.28 9783.43 9776.34 9768.63 9767.92 9769.91 9772.42 9776.56 9779.89 9772.18 9764.63 9758.61 9748.69 9735.36 9717.96 9704.53 9696.61 9694.5 9694.44 9690.01 9687.7 9686.1 9681.88 9673.67 9666.24 9665.3 9669.94 9675.94 9680.99 9689.27 9700.77 9713.3 9725.87 9737.83 9748.4
9766.28 9766.32 9764.11 9761.64 9760.22 9760.79 9761.07 9761.27 9761.42 9761.58 9761.27 9760.31 9756.96 9764.16 9775.35 9782.66 9783.4 9781.97 9779.33 9773.23 9766.86 9766.28 9768.5 9771.83 9775.6 9778.67 9781.84 9784.32 9786.21 9787.35 9788.17 9788.31 9788.12 9786.66 9778.79 9771.85 9769.05 9770.21 9773.5 9777.93 9784.15 9777.88 9768.31 9758.48 9745.04 9728.09 9713.16 9703.69 9697.55 9695.95 9694.96 9690.27 9687.49 9684.75 9682.85 9679.62 9673.48 9672.03 9674.36 9677.2 9680.63 9687.77 9699.17 9712.55 9726.6 9739.94 9752.18
9764.68 9764.04 9760.81 9756.58 9754.78 9757.93 9759.76 9760.83 9761.97 9762.89 9764.16 9765.76 9768.73 9778.9 9795.91 9804.67 9797.31 9791.91 9787.8 9782.53 9772.24 9771.67 9773.51 9776.77 9779.85 9782.26 9784.78 9786.72 9788.24 9789.3 9790.14 9790.75 9790.87 9788.82 9781.36 9773.28 9770.19 9772.36 9774.7 9780.21 9789.42 9788.44 9777.02 9762.69 9745.92 9727.31 9712.43 9704.95 9699.81 9697.9 9696.93 9690.69 9684.27 9678.23 9675.37 9682.04 9680.37 9680.74 9681.29 9680.49 9681.75 9687.31 9698.6 9712.84 9727.88 9742.38 9756.26
9762.61 9760.3 9758.39 9757.43 9757.6 9758.7 9760.27 9761.79 9763.14 9765.05 9767.67 9772.64 9781.8 9789.91 9801.69 9808.5 9801.93 9796.26 9792.05 9786.61 9776.11 9776.45 9780.47 9783.25 9784.59 9785.96 9787.61 9789.01 9790.42 9791.29 9792.4 9792.76 9792.38 9790.41 9785.07 9778.96 9776.52 9778.51 9780.05 9786.24 9795.9 9795 9783.31 9768.58 9750.8 9731.77 9716.5 9710.45 9703.07 9699.34 9697.03 9693.22 9684.57 9678.81 9677.52 9687.25 9687.53 9686.02 9685.93 9683.7 9683.02 9686.15 9699.15 9714.14 9729.52 9744.55 9758.63
9762.26 9760.04 9759.36 9759.82 9760.23 9760.96 9762.1 9763.21 9764.58 9766.55 9769.52 9774.5 9782.2 9789.86 9796.34 9798.65 9798.12 9795.32 9791.85 9787.77 9777.92 9779.87 9784.92 9787.81 9788.48 9789.35 9790.58 9791.78 9792.61 9793.33 9794.41 9794.55 9793.66 9791.88 9790.16 9788.89 9788.94 9788.6 9789.49 9794.1 9800.12 9798.91 9787.88 9774.3 9758.25 9740.34 9724.63 9710.62 9701.47 9698.8 9697.32 9694.14 9689.92 9689.13 9689.73 9693.37 9690.85 9688.4 9688.71 9686.33 9686.05 9690.44 9701.94 9716.71 9731.92 9746.53 9759.92
9763.74 9763.96 9763.99 9763.56 9764.17 9763.4 9763.93 9765.16 9766.21 9767.78 9769.69 9772.57 9778.49 9785.79 9789.87 9790.56 9792.13 9791.63 9789.45 9784.87 9779.66 9782.95 9787.32 9790.45 9791.33 9792.35 9793.26 9794.26 9795.32 9796.04 9796.57 9796.61 9795.88 9794.33 9795.04 9797.9 9800.84 9798.2 9797.6 9798.99 9800.24 9803.12 9798.66 9785.09 9767.76 9749.54 9731.32 9713.34 9702.18 9700.26 9699.94 9696.4 9696.16 9699.03 9699.4 9695.23 9689.18 9689.04 9688.8 9687.86 9689.38 9693.81 9706.26 9720.59 9734.95 9748.83 9761.33
9765.31 9766.93 9767.74 9766.53 9764.5 9765.42 9766.63 9767.52 9768.17 9769.16 9770.49 9771.54 9778.01 9783.77 9785.8 9786.71 9787 9787.64 9787.53 9786.53 9785.71 9786.82 9789.17 9791.3 9793.89 9795.28 9796.2 9796.63 9797.27 9798.42 9799.21 9799.49 9799.35 9799.37 9800.31 9802.81 9804.86 9803.55 9802.78 9801.34 9801.57 9806.24 9807.96 9794.72 9776.47 9758.33 9740.64 9721.51 9710 9705.14 9702.13 9698.52 9698.14 9701.03 9699.51 9694.25 9689.57 9692.69 9689.14 9688.71 9693.13 9701.69 9712.98 9725.8 9738.9 9751.43 9762.99
9766.1 9768.8 9770.87 9770.31 9769.38 9769.67 9770.07 9770.23 9770.36 9771.08 9773.03 9777.88 9785.19 9784.22 9782.77 9780.81 9781.83 9783.84 9785.9 9788.86 9790.61 9789.94 9792.18 9794.84 9797.37 9798.66 9799.13 9799.48 9799.83 9800.6 9801.53 9802.13 9802.94 9804.59 9805.57 9804.69 9803.6 9805.46 9808.48 9812.23 9811.56 9809.69 9811 9799.07 9782.29 9765.2 9749.24 9729.7 9718.06 9712.42 9706.94 9702.7 9701.95 9702.31 9700.2 9696.16 9694.98 9696.77 9687.61 9687.81 9696.85 9708.41 9720.4 9732.07 9743.47 9754.27 9763.99
9765.1 9768.68 9772.91 9772.43 9773.33 9774.1 9773.72 9772.9 9772.37 9772.38 9774.21 9779.23 9784.83 9782.84 9779.92 9777.68 9778.31 9780.71 9783.68 9786.28 9787.19 9791.38 9795.83 9800.35 9801.65 9802.03 9802.3 9802.34 9802.49 9802.82 9803.33 9804.04 9805.13 9806.93 9807.32 9805.54 9804.6 9806.75 9810.86 9815 9813.75 9812.04 9811.35 9800.23 9785.43 9769.38 9752.96 9738.58 9730.1 9722.18 9714.89 9707.14 9705.89 9705.65 9704.71 9701.26 9696.53 9696.68 9685.37 9689.22 9702.65 9716.26 9728.6 9739.31 9749.22 9757.57 9764.55
9762.42 9764.71 9767.12 9770.72 9774.85 9777.27 9776.43 9774.84 9773.32 9772.33 9772.53 9774.93 9779.23 9779.02 9776.59 9774.63 9775.25 9778.29 9782.3 9785.6 9787.36 9793.46 9798.38 9802.75 9804.48 9804.84 9805.01 9805.03 9804.96 9805 9804.69 9805.14 9805.79 9806.81 9806.35 9805.41 9805.07 9806.85 9810.35 9813.06 9811.1 9810.01 9807.37 9799.27 9787.31 9773.15 9758.21 9747.91 9741.52 9732.62 9724.89 9719.34 9712.99 9713.78 9714.11 9711.02 9703.7 9699.41 9695.81 9701.03 9713.6 9725.8 9737.25 9748.45 9756.85 9762.59 9766.24
9758.5 9759.87 9762.2 9767.25 9773.94 9778.6 9778.07 9775.86 9773.46 9771.24 9770.35 9773.29 9775.38 9775.01 9772.98 9770.63 9771.13 9776.73 9782.58 9788.25 9794.7 9796.17 9799.95 9803.87 9806.13 9806.77 9806.99 9806.91 9806.72 9806.6 9806.22 9805.93 9806.03 9805.6 9805.15 9804.69 9804.14 9805.49 9808.8 9810.8 9807.85 9806.26 9804.13 9799.44 9789.99 9778.2 9765.6 9754.31 9747.93 9742.07 9736.55 9732 9724.39 9727.25 9726.82 9723.15 9716.85 9711.36 9712.7 9719.28 9729.44 9740.97 9752.1 9761.12 9767.46 9771.03 9771.64
9754.83 9755.06 9756.39 9761.82 9771.33 9778.57 9778.52 9776.09 9772.74 9769.39 9766.98 9768.28 9770.89 9771.19 9770.74 9769.52 9771.18 9776.81 9784.02 9790.81 9795.86 9797.04 9800.72 9804.76 9807.33 9808.22 9808.61 9808.81 9808.36 9807.97 9807.47 9807.02 9806 9804.83 9803.82 9804.48 9804.58 9805.42 9807.76 9808.61 9808.27 9808.9 9808.44 9802.24 9794.12 9784.45 9773.39 9761.21 9756.36 9751.36 9745.24 9739.45 9738.35 9740.5 9740.47 9737.14 9733.23 9728.74 9730.18 9737.14 9746.77 9758.65 9769.84 9776.27 9780.57 9783.53 9784.45
9752.46 9751.7 9750.67 9756.76 9768.48 9776.78 9778.1 9775.76 9771.85 9767.36 9763.69 9763.5 9767.33 9769.55 9770.8 9770.22 9770.21 9778.72 9786.54 9793.27 9799.19 9798.36 9801.17 9804.85 9807.66 9809.15 9810.24 9810.7 9810.56 9809.86 9808.91 9807.84 9806.54 9805.22 9804.27 9805.74 9807.2 9808.47 9807.87 9807.42 9806.24 9808.51 9809.28 9805.53 9799.18 9791.84 9783.83 9775.24 9769.08 9762.1 9754.07 9750.55 9750.75 9751.71 9752.81 9751.85 9748.14 9744.36 9746.38 9752.08 9763.38 9775.64 9787.02 9791.06 9793.47 9796.37 9801.46
9751.54 9751.23 9752.04 9757.61 9767.89 9777.01 9778.12 9775.34 9771.02 9765.89 9762.52 9764.1 9767.12 9770.12 9773.26 9775.27 9777.94 9784.49 9790.26 9795.21 9799.43 9799.68 9801.84 9804.51 9806.79 9810.49 9812.53 9813.15 9812.42 9811.29 9809.9 9808.33 9806.89 9806.04 9806.99 9807.09 9808.45 9810.93 9806.69 9802.17 9798.2 9805.6 9811.45 9808.04 9803.58 9799.09 9794.44 9789.33 9782.3 9773.66 9765.78 9761.1 9758.16 9758.85 9761.36 9763.34 9761.82 9760.05 9765.38 9770.36 9779.99 9790.08 9799.61 9802.67 9803.12 9804.25 9805.65
9751.84 9752.66 9754 9758.63 9768.31 9776.56 9777.96 9774.81 9770.15 9765.23 9762.68 9765.05 9767.95 9771.74 9776.26 9782.38 9789.89 9792.52 9794.06 9796.33 9798.8 9800.15 9803.58 9806.66 9808.55 9813.98 9815.93 9815.9 9814.77 9813.11 9811.23 9809.13 9807.11 9805.43 9804.21 9803.85 9804.31 9803.7 9803.25 9801.34 9799.72 9804.86 9808.85 9808.63 9806.82 9804.91 9803.24 9801.1 9792.6 9784.34 9777.53 9772.81 9767.77 9765.66 9766.56 9771.09 9775.63 9781.27 9786.06 9790.69 9793.54 9800.07 9808.46 9809.84 9808.34 9807.99 9808.86
9753.11 9754.92 9757.48 9761.87 9769.89 9776.23 9777.35 9774.33 9769.41 9764.73 9762.34 9765.35 9768.64 9772.8 9778.41 9786.01 9794.91 9796.41 9795.45 9796.25 9798 9800.87 9806.89 9813.03 9819.26 9821.33 9821.02 9819.6 9817.27 9814.9 9812.37 9809.94 9807.21 9804.28 9800.71 9799.45 9799.36 9798.58 9800.86 9806.11 9807.81 9802.36 9806.01 9807.63 9808.1 9808.51 9808.77 9807.26 9802.49 9796.04 9787.04 9781.29 9779.45 9776.47 9774.83 9780.56 9787.93 9796.77 9798.26 9796.85 9799.15 9803.74 9809.06 9810.38 9809.26 9808.34 9808.81
9754.38 9756.9 9761.18 9767.47 9771.77 9775.73 9776.96 9774.34 9769.13 9764.58 9762.17 9765.34 9768.77 9772.99 9778.28 9784.37 9790.27 9792.59 9793.44 9794.9 9797.5 9802.18 9810.35 9818.83 9827.01 9828 9825.66 9822.91 9819.76 9816.51 9813.53 9810.58 9807.49 9804.4 9801.04 9797.3 9797.36 9796.48 9797.62 9800.83 9803.46 9800.41 9803.49 9805.57 9807.35 9809.48 9810.99 9809.39 9807.26 9802.46 9793.4 9789.44 9793.79 9789.9 9787.08 9787.79 9790.77 9796.61 9799.75 9799.53 9800.64 9803.14 9805.08 9806.32 9807.91 9808.28 9809.09
9755.16 9757.66 9761.69 9767.36 9771.04 9776.05 9778.21 9774.36 9769.54 9765.15 9763.15 9765.19 9768.58 9772.62 9777.16 9781.31 9784.05 9786.5 9789.65 9792.28 9795.99 9802.06 9811.95 9820.37 9828.67 9830.51 9827.61 9824.24 9821.01 9818.01 9814.86 9811.16 9808.07 9805.07 9803.03 9802.14 9797.2 9794.89 9793.93 9793.45 9797.76 9803.4 9802.67 9802.29 9805.11 9808.35 9810.63 9808.53 9801.28 9793.53 9790.71 9791.32 9799.03 9797.32 9795.55 9794.34 9794.77 9799.06 9798.87 9798.82 9799.83 9801.67 9802.81 9804.09 9806.81 9809.51 9812.1
9756.36 9757.49 9759.55 9761.7 9766.68 9772.72 9775.86 9773.34 9769.52 9765.58 9763.61 9765.07 9768.41 9772.16 9775.96 9778.97 9781.73 9784.54 9785.97 9788.6 9792.68 9799.19 9808.58 9816.98 9826.13 9829.12 9826.29 9823.78 9821.15 9818.43 9815.35 9812.09 9808.81 9804.99 9801.04 9796.26 9794.97 9793.24 9791.36 9789.94 9795.57 9798.28 9797.12 9797.68 9802.1 9806.22 9809.25 9808.11 9799.79 9788.33 9789.7 9791.68 9792.58 9797.12 9799.55 9798.57 9796.22 9797.94 9797.7 9798.49 9799.41 9801.03 9802.73 9805.19 9806.28 9807.24 9810.59
9757.25 9757.42 9757.77 9758.08 9762.65 9769.02 9772.28 9772.48 9769.55 9765.53 9763.55 9765.46 9769 9772.39 9775.45 9777.58 9779.06 9780.17 9782.3 9784.93 9788.06 9792.31 9800.78 9809.22 9816.34 9819.81 9821.89 9821.85 9820.36 9818.31 9815.51 9812.46 9809.09 9805.68 9801.69 9796.69 9793.56 9791.78 9789.48 9788.67 9793.24 9792.64 9790.87 9793.7 9799.87 9804.23 9805.49 9805.26 9799.85 9789.67 9789.85 9793.41 9797.04 9798.93 9801.42 9801.31 9798.86 9799.69 9800.38 9799.88 9800.34 9800.7 9802.08 9804.13 9806.43 9808.88 9812.31
