real_craters/C149-750m.grd
DSAA
128 128
-47.7225 47.7225
-47.7225 47.7225
8444.3814879485 10838.503378939
[rows 64 to 95 of 128, columns 0 to 71 of 128]
1.013e+004 1.016e+004 1.017e+004 1.018e+004 1.018e+004 1.016e+004 1.011e+004 1e+004 9900 9845 9844 9850 9852 9861 9857 9854 9852 9824 9809 9804 9798 9798 9793 9773 9765 9774 9809 9809 9824 9826 9823 9821 9828 9837 9853 9847 9838 9821 9817 9814 9813 9822 9879 9986 1.007e+004 1.013e+004 1.009e+004 9900 9679 9457 9258 9086 8960 8888 8830 8786 8753 8728 8709 8708 8694 8639 8573 8503 8445 8473 8542 8609 8644 8661 8672 8684
1.013e+004 1.016e+004 1.017e+004 1.019e+004 1.02e+004 1.018e+004 1.01e+004 1e+004 9903 9853 9846 9843 9832 9840 9833 9821 9806 9795 9784 9777 9770 9769 9766 9763 9757 9769 9791 9808 9810 9811 9815 9817 9815 9834 9847 9854 9839 9824 9822 9823 9827 9839 9909 1.003e+004 1.012e+004 1.016e+004 1.011e+004 9906 9653 9454 9272 9109 8992 8908 8814 8787 8764 8742 8728 8728 8720 8675 8619 8564 8525 8564 8626 8652 8664 8672 8678 8702
1.013e+004 1.016e+004 1.019e+004 1.02e+004 1.018e+004 1.016e+004 1.009e+004 9987 9893 9831 9841 9826 9814 9815 9811 9802 9787 9778 9774 9765 9759 9761 9766 9765 9767 9793 9801 9799 9792 9795 9809 9823 9827 9835 9835 9837 9833 9831 9830 9835 9848 9868 9904 1.004e+004 1.016e+004 1.021e+004 1.014e+004 9940 9697 9482 9292 9114 8955 8873 8822 8795 8775 8756 8743 8741 8744 8709 8670 8643 8648 8664 8685 8683 8680 8683 8689 8713
1.013e+004 1.017e+004 1.02e+004 1.02e+004 1.018e+004 1.016e+004 1.008e+004 9978 9880 9829 9815 9807 9801 9799 9795 9781 9771 9764 9758 9757 9762 9773 9774 9773 9774 9788 9797 9789 9784 9786 9809 9838 9854 9843 9831 9825 9830 9829 9835 9849 9866 9888 9926 1.003e+004 1.019e+004 1.027e+004 1.02e+004 1e+004 9741 9511 9320 9137 8969 8873 8833 8810 8795 8775 8754 8744 8753 8732 8710 8697 8702 8702 8697 8695 8697 8698 8706 8733
1.013e+004 1.017e+004 1.021e+004 1.022e+004 1.02e+004 1.018e+004 1.008e+004 9964 9859 9808 9794 9786 9786 9790 9782 9765 9758 9758 9758 9767 9779 9788 9787 9792 9799 9801 9798 9790 9791 9797 9813 9826 9840 9848 9838 9832 9834 9843 9855 9862 9877 9903 9936 1.001e+004 1.018e+004 1.031e+004 1.029e+004 1.008e+004 9802 9560 9371 9195 9037 8928 8867 8848 8826 8798 8769 8749 8752 8748 8737 8727 8720 8711 8705 8703 8710 8713 8732 8773
1.013e+004 1.017e+004 1.021e+004 1.022e+004 1.021e+004 1.017e+004 1.008e+004 9955 9837 9806 9802 9791 9801 9798 9787 9782 9772 9767 9768 9787 9803 9801 9798 9802 9808 9815 9791 9795 9800 9808 9816 9817 9828 9839 9842 9841 9842 9846 9851 9869 9887 9908 9934 9975 1.009e+004 1.027e+004 1.036e+004 1.016e+004 9880 9630 9447 9286 9141 9027 8945 8900 8865 8829 8791 8761 8764 8766 8760 8747 8730 8718 8714 8713 8723 8746 8784 8850
1.012e+004 1.015e+004 1.019e+004 1.021e+004 1.022e+004 1.02e+004 1.009e+004 9962 9837 9808 9818 9811 9817 9810 9800 9798 9797 9790 9784 9798 9803 9807 9803 9796 9794 9786 9771 9789 9809 9819 9829 9830 9828 9826 9824 9834 9847 9851 9858 9876 9900 9910 9942 9990 1.006e+004 1.025e+004 1.037e+004 1.022e+004 9953 9698 9543 9402 9275 9160 9036 8972 8926 8876 8827 8787 8786 8791 8784 8769 8750 8736 8733 8741 8760 8788 8850 8932
1.011e+004 1.014e+004 1.017e+004 1.02e+004 1.024e+004 1.023e+004 1.011e+004 9981 9872 9807 9820 9812 9815 9816 9816 9823 9810 9805 9793 9794 9800 9804 9805 9804 9782 9775 9783 9807 9827 9850 9846 9840 9834 9836 9846 9850 9858 9862 9869 9881 9900 9922 9944 9985 1.003e+004 1.024e+004 1.04e+004 1.027e+004 1.004e+004 9809 9661 9525 9421 9320 9140 9064 8998 8936 8876 8825 8818 8825 8818 8803 8781 8763 8764 8778 8813 8846 8933 9020
1.009e+004 1.012e+004 1.016e+004 1.019e+004 1.024e+004 1.022e+004 1.011e+004 9990 9879 9810 9823 9815 9820 9825 9823 9823 9804 9788 9783 9785 9792 9793 9805 9781 9773 9786 9821 9831 9832 9838 9829 9812 9825 9842 9847 9858 9867 9872 9881 9883 9880 9898 9936 9993 1.008e+004 1.023e+004 1.034e+004 1.029e+004 1.013e+004 9959 9789 9643 9532 9423 9267 9164 9087 9012 8941 8878 8856 8862 8860 8849 8829 8810 8827 8849 8913 8973 9052 9139
1.008e+004 1.01e+004 1.013e+004 1.015e+004 1.022e+004 1.02e+004 1.01e+004 9987 9879 9824 9818 9825 9835 9839 9836 9816 9791 9780 9770 9767 9768 9775 9773 9768 9778 9818 9820 9818 9817 9818 9812 9803 9812 9819 9834 9850 9862 9874 9889 9884 9867 9868 9923 1.001e+004 1.012e+004 1.024e+004 1.035e+004 1.033e+004 1.021e+004 1.004e+004 9902 9752 9614 9532 9399 9281 9194 9110 9028 8958 8919 8917 8918 8913 8899 8890 8942 9001 9097 9151 9182 9241
1.006e+004 1.008e+004 1.01e+004 1.012e+004 1.019e+004 1.017e+004 1.01e+004 9986 9884 9837 9826 9843 9857 9847 9838 9803 9797 9787 9780 9781 9787 9790 9790 9795 9800 9817 9816 9798 9799 9796 9790 9802 9815 9824 9827 9837 9848 9865 9878 9879 9869 9864 9874 9964 1.008e+004 1.022e+004 1.036e+004 1.039e+004 1.028e+004 1.017e+004 1.004e+004 9870 9697 9632 9507 9395 9306 9222 9134 9047 8986 8985 8993 9003 9012 9057 9096 9138 9231 9251 9290 9336
1.004e+004 1.006e+004 1.009e+004 1.012e+004 1.018e+004 1.017e+004 1.011e+004 1.001e+004 9914 9858 9830 9849 9859 9841 9812 9795 9812 9806 9797 9805 9812 9811 9821 9819 9814 9816 9813 9793 9796 9798 9797 9806 9819 9829 9828 9825 9830 9853 9874 9882 9872 9859 9869 9905 9998 1.013e+004 1.026e+004 1.032e+004 1.029e+004 1.027e+004 1.018e+004 1e+004 9830 9728 9609 9514 9438 9355 9266 9169 9089 9078 9090 9109 9145 9188 9230 9270 9313 9356 9395 9427
1.003e+004 1.004e+004 1.007e+004 1.012e+004 1.018e+004 1.017e+004 1.014e+004 1.01e+004 9988 9897 9828 9844 9845 9827 9809 9795 9813 9801 9798 9804 9815 9817 9811 9814 9817 9806 9809 9807 9809 9812 9815 9814 9824 9824 9818 9819 9828 9842 9854 9854 9850 9854 9859 9858 9921 1.002e+004 1.01e+004 1.014e+004 1.02e+004 1.026e+004 1.024e+004 1.014e+004 1.003e+004 9909 9765 9667 9595 9510 9418 9327 9250 9202 9211 9228 9244 9309 9372 9412 9452 9492 9510 9534
1.002e+004 1.003e+004 1.005e+004 1.009e+004 1.016e+004 1.016e+004 1.017e+004 1.017e+004 1.006e+004 9966 9895 9889 9845 9818 9812 9818 9799 9791 9789 9784 9784 9780 9783 9793 9800 9793 9803 9817 9819 9819 9823 9818 9813 9807 9808 9814 9822 9833 9844 9849 9846 9851 9848 9849 9883 9935 9970 9995 1.009e+004 1.018e+004 1.023e+004 1.024e+004 1.026e+004 1.014e+004 1e+004 9884 9799 9696 9592 9504 9443 9382 9385 9393 9396 9456 9523 9573 9584 9569 9595 9668
1.001e+004 1.002e+004 1.003e+004 1.006e+004 1.011e+004 1.013e+004 1.015e+004 1.017e+004 1.014e+004 1.003e+004 9934 9907 9868 9844 9837 9822 9805 9799 9792 9783 9784 9783 9782 9786 9788 9800 9802 9815 9816 9815 9810 9811 9808 9804 9808 9813 9817 9828 9841 9851 9854 9852 9852 9852 9869 9894 9917 9945 9997 1.005e+004 1.009e+004 1.021e+004 1.032e+004 1.032e+004 1.03e+004 1.017e+004 1.002e+004 9876 9765 9677 9604 9595 9621 9625 9614 9636 9660 9670 9630 9628 9690 9827
1.001e+004 1.001e+004 1.002e+004 1.004e+004 1.007e+004 1.009e+004 1.011e+004 1.013e+004 1.016e+004 1.008e+004 9965 9904 9890 9860 9845 9833 9824 9813 9801 9797 9794 9791 9787 9788 9797 9802 9803 9796 9799 9810 9813 9810 9810 9821 9819 9820 9819 9830 9840 9850 9863 9861 9860 9862 9872 9884 9896 9912 9940 9966 1e+004 1.009e+004 1.02e+004 1.03e+004 1.037e+004 1.031e+004 1.015e+004 1.001e+004 9909 9846 9813 9833 9892 9929 9913 9880 9830 9808 9761 9776 9855 1.001e+004
1.001e+004 1.001e+004 1.002e+004 1.002e+004 1.004e+004 1.005e+004 1.006e+004 1.007e+004 1.01e+004 1.011e+004 1.007e+004 9965 9916 9884 9870 9856 9835 9822 9807 9794 9788 9790 9791 9787 9799 9813 9804 9802 9811 9815 9819 9822 9821 9825 9825 9828 9838 9843 9842 9840 9870 9878 9883 9889 9884 9889 9897 9908 9922 9936 9954 9969 1.003e+004 1.016e+004 1.023e+004 1.024e+004 1.016e+004 1.006e+004 1e+004 9990 1.002e+004 1.011e+004 1.017e+004 1.022e+004 1.022e+004 1.013e+004 1.011e+004 1.004e+004 9954 1e+004 1.01e+004 1.018e+004
1.001e+004 1.001e+004 1.002e+004 1.002e+004 1.002e+004 1.003e+004 1.004e+004 1.005e+004 1.008e+004 1.011e+004 1.011e+004 1e+004 9938 9911 9901 9874 9842 9830 9814 9792 9786 9790 9793 9800 9811 9813 9812 9812 9820 9825 9828 9830 9826 9820 9825 9832 9843 9850 9853 9862 9876 9887 9898 9902 9896 9899 9904 9910 9922 9932 9940 9928 9952 1.002e+004 1.007e+004 1.008e+004 1.007e+004 1.005e+004 1.004e+004 1.006e+004 1.014e+004 1.022e+004 1.021e+004 1.021e+004 1.026e+004 1.024e+004 1.023e+004 1.02e+004 1.018e+004 1.026e+004 1.036e+004 1.032e+004
1.001e+004 1.001e+004 1.002e+004 1.002e+004 1.002e+004 1.003e+004 1.004e+004 1.006e+004 1.009e+004 1.012e+004 1.009e+004 1.001e+004 9978 9940 9971 9933 9886 9845 9831 9812 9789 9793 9801 9808 9807 9807 9815 9827 9822 9837 9844 9839 9830 9823 9825 9829 9833 9843 9866 9887 9889 9886 9894 9901 9900 9902 9906 9916 9926 9932 9932 9925 9931 9950 9941 9958 9992 1.001e+004 1.002e+004 1.005e+004 1.008e+004 1.01e+004 1.009e+004 1.008e+004 1.013e+004 1.02e+004 1.024e+004 1.021e+004 1.023e+004 1.034e+004 1.038e+004 1.032e+004
1.001e+004 1.001e+004 1.001e+004 1.002e+004 1.002e+004 1.003e+004 1.004e+004 1.006e+004 1.009e+004 1.011e+004 1.01e+004 1.004e+004 1.001e+004 9988 9991 9965 9913 9875 9861 9841 9820 9821 9818 9807 9820 9808 9815 9822 9828 9841 9842 9830 9826 9826 9825 9827 9830 9840 9870 9887 9880 9885 9887 9891 9897 9900 9904 9909 9917 9933 9948 9942 9941 9940 9936 9950 9971 9981 9988 9995 9993 9971 9973 9977 1.002e+004 1.012e+004 1.021e+004 1.02e+004 1.018e+004 1.022e+004 1.022e+004 1.019e+004
1.001e+004 1.002e+004 1.002e+004 1.002e+004 1.003e+004 1.004e+004 1.005e+004 1.006e+004 1.008e+004 1.01e+004 1.013e+004 1.01e+004 1.007e+004 1.005e+004 1.002e+004 1.002e+004 9993 9942 9927 9889 9856 9836 9819 9822 9838 9815 9821 9830 9848 9849 9845 9839 9825 9825 9829 9831 9835 9848 9865 9877 9881 9883 9882 9894 9896 9899 9902 9904 9911 9935 9959 9970 9962 9953 9952 9953 9952 9951 9959 9960 9947 9931 9951 9952 9971 1.001e+004 1.005e+004 1.002e+004 1.008e+004 1.01e+004 1.005e+004 1.001e+004
1.002e+004 1.002e+004 1.002e+004 1.002e+004 1.003e+004 1.004e+004 1.005e+004 1.005e+004 1.007e+004 1.009e+004 1.013e+004 1.014e+004 1.016e+004 1.014e+004 1.009e+004 1.011e+004 1.01e+004 1.008e+004 1.007e+004 1.001e+004 9908 9872 9854 9848 9865 9828 9833 9847 9850 9843 9843 9844 9829 9834 9837 9837 9840 9848 9854 9871 9885 9883 9886 9891 9894 9897 9901 9906 9914 9933 9954 9982 9966 9959 9959 9951 9913 9923 9931 9935 9933 9932 9948 9956 9946 9920 9910 9936 9946 9959 9929 9894
1.002e+004 1.002e+004 1.002e+004 1.002e+004 1.003e+004 1.003e+004 1.003e+004 1.004e+004 1.007e+004 1.01e+004 1.015e+004 1.017e+004 1.019e+004 1.02e+004 1.02e+004 1.019e+004 1.016e+004 1.014e+004 1.016e+004 1.009e+004 9995 9911 9903 9889 9891 9849 9845 9849 9837 9836 9841 9849 9870 9855 9848 9844 9844 9843 9859 9885 9890 9892 9892 9883 9891 9897 9904 9911 9922 9932 9939 9940 9949 9949 9948 9937 9915 9913 9918 9925 9932 9944 9955 9964 9945 9908 9885 9884 9880 9877 9881 9881
1.002e+004 1.002e+004 1.002e+004 1.002e+004 1.003e+004 1.004e+004 1.004e+004 1.005e+004 1.007e+004 1.012e+004 1.015e+004 1.02e+004 1.021e+004 1.024e+004 1.027e+004 1.027e+004 1.021e+004 1.013e+004 1.011e+004 1.007e+004 1.002e+004 9952 9921 9916 9900 9875 9855 9841 9836 9836 9837 9845 9876 9864 9856 9852 9851 9854 9873 9895 9904 9909 9898 9894 9895 9900 9908 9919 9929 9933 9935 9931 9933 9934 9931 9929 9914 9910 9914 9923 9936 9952 9967 9971 9946 9921 9897 9879 9875 9874 9874 9875
1.002e+004 1.003e+004 1.002e+004 1.003e+004 1.003e+004 1.004e+004 1.005e+004 1.006e+004 1.008e+004 1.012e+004 1.019e+004 1.024e+004 1.025e+004 1.026e+004 1.028e+004 1.029e+004 1.025e+004 1.018e+004 1.008e+004 1.004e+004 1e+004 9965 9932 9915 9902 9885 9862 9841 9829 9835 9832 9838 9848 9852 9853 9856 9858 9868 9880 9902 9913 9910 9901 9897 9896 9899 9908 9918 9928 9930 9927 9924 9921 9918 9913 9900 9900 9905 9911 9919 9929 9939 9943 9937 9924 9914 9900 9890 9883 9883 9885 9874
1.002e+004 1.003e+004 1.003e+004 1.003e+004 1.004e+004 1.005e+004 1.005e+004 1.007e+004 1.01e+004 1.014e+004 1.02e+004 1.025e+004 1.027e+004 1.026e+004 1.025e+004 1.026e+004 1.026e+004 1.023e+004 1.011e+004 1.006e+004 1e+004 9962 9921 9902 9913 9881 9857 9840 9828 9822 9821 9818 9825 9840 9852 9860 9867 9877 9886 9904 9910 9911 9905 9894 9889 9895 9904 9915 9925 9930 9929 9923 9915 9909 9904 9897 9896 9901 9909 9914 9915 9911 9895 9889 9897 9895 9900 9898 9892 9894 9893 9888
1.003e+004 1.003e+004 1.003e+004 1.003e+004 1.003e+004 1.003e+004 1.006e+004 1.008e+004 1.011e+004 1.013e+004 1.018e+004 1.024e+004 1.027e+004 1.024e+004 1.021e+004 1.023e+004 1.025e+004 1.024e+004 1.018e+004 1.012e+004 1.008e+004 9988 9909 1.004e+004 9953 9879 9849 9839 9840 9830 9815 9810 9819 9840 9858 9869 9876 9881 9890 9894 9915 9914 9905 9889 9882 9891 9901 9912 9922 9929 9935 9919 9907 9905 9905 9905 9906 9908 9911 9913 9909 9898 9887 9893 9890 9887 9897 9898 9895 9901 9906 9902
1.003e+004 1.003e+004 1.003e+004 1.003e+004 1.003e+004 1.005e+004 1.007e+004 1.009e+004 1.011e+004 1.014e+004 1.017e+004 1.021e+004 1.022e+004 1.021e+004 1.02e+004 1.022e+004 1.024e+004 1.024e+004 1.023e+004 1.021e+004 1.019e+004 1.012e+004 1.008e+004 1.001e+004 9970 9892 9847 9830 9819 9820 9813 9810 9827 9855 9875 9886 9890 9888 9900 9908 9908 9910 9905 9892 9886 9887 9896 9906 9915 9918 9914 9899 9897 9903 9908 9915 9922 9923 9916 9911 9906 9901 9899 9897 9896 9894 9893 9892 9900 9911 9918 9920
1.003e+004 1.003e+004 1.004e+004 1.004e+004 1.005e+004 1.006e+004 1.007e+004 1.009e+004 1.011e+004 1.012e+004 1.015e+004 1.017e+004 1.017e+004 1.017e+004 1.017e+004 1.02e+004 1.023e+004 1.026e+004 1.025e+004 1.026e+004 1.025e+004 1.018e+004 1.016e+004 1.01e+004 9989 9900 9851 9830 9816 9814 9819 9832 9865 9891 9909 9916 9916 9912 9917 9908 9885 9902 9908 9892 9878 9885 9894 9901 9904 9901 9895 9901 9904 9905 9908 9912 9915 9916 9912 9911 9909 9908 9909 9905 9906 9908 9902 9903 9911 9922 9933 9931
1.003e+004 1.004e+004 1.004e+004 1.005e+004 1.005e+004 1.006e+004 1.006e+004 1.008e+004 1.01e+004 1.012e+004 1.013e+004 1.014e+004 1.016e+004 1.017e+004 1.018e+004 1.02e+004 1.023e+004 1.026e+004 1.025e+004 1.026e+004 1.025e+004 1.021e+004 1.017e+004 1.009e+004 1.001e+004 9937 9881 9846 9828 9831 9838 9859 9887 9923 9952 9956 9948 9932 9927 9906 9908 9919 9913 9899 9888 9891 9898 9902 9902 9900 9909 9910 9911 9908 9907 9906 9906 9900 9908 9911 9914 9917 9921 9918 9913 9917 9918 9919 9922 9923 9934 9944
1.004e+004 1.004e+004 1.004e+004 1.005e+004 1.005e+004 1.006e+004 1.007e+004 1.009e+004 1.011e+004 1.012e+004 1.014e+004 1.015e+004 1.017e+004 1.019e+004 1.019e+004 1.02e+004 1.022e+004 1.024e+004 1.025e+004 1.024e+004 1.023e+004 1.022e+004 1.021e+004 1.016e+004 1.007e+004 9987 9915 9875 9855 9856 9844 9862 9942 1.001e+004 1.001e+004 1.001e+004 9995 9974 9965 9942 9937 9931 9918 9909 9902 9902 9905 9908 9912 9916 9916 9913 9911 9908 9906 9902 9901 9905 9911 9915 9920 9927 9938 9931 9916 9923 9939 9935 9936 9932 9939 9947
1.005e+004 1.004e+004 1.005e+004 1.005e+004 1.006e+004 1.007e+004 1.009e+004 1.011e+004 1.013e+004 1.012e+004 1.014e+004 1.016e+004 1.017e+004 1.018e+004 1.02e+004 1.021e+004 1.023e+004 1.024e+004 1.025e+004 1.023e+004 1.023e+004 1.022e+004 1.023e+004 1.023e+004 1.014e+004 1.003e+004 9940 9907 9893 9892 9897 9922 1e+004 1.006e+004 1.008e+004 1.008e+004 1.005e+004 1.003e+004 1.004e+004 1.002e+004 9988 9966 9927 9918 9916 9917 9918 9919 9921 9921 9916 9913 9906 9909 9908 9904 9903 9910 9915 9919 9925 9934 9951 9946 9943 9939 9935 9945 9941 9943 9942 9944
