real_craters/C149-1000m.grd
DSAA
56 56
-27.27 27.27
-27.27 27.27
8191.8247598216 10411.833927687
[rows 0 to 35 of 56, columns 0 to 55 of 56]
9323.64 9325.86 9302.74 9296.75 9418.73 9399.23 9365.06 9364.95 9370.82 9390.99 9433.79 9447.2 9445.7 9445.5 9430.98 9421.79 9414.95 9409.67 9405.3 9387.62 9375.66 9372.46 9371.77 9364.89 9369.01 9368.02 9360.98 9355.76 9353.11 9347.4 9338.36 9328.83 9323.1 9318.13 9316.47 9316.85 9318.27 9319.5 9318.67 9316.75 9314.09 9312.93 9313.55 9313.36 9326.41 9348.68 9388.94 9447.4 9540.65 9604.66 9768.01 9983.99 10096.5 10005.1 10027.2 10097.7
9322.6 9343.51 9308.64 9317.29 9435.63 9412.33 9368.48 9370.69 9376.91 9391.4 9429.4 9445.6 9444.07 9436.14 9427.58 9417.33 9413.18 9406.2 9395.91 9387.35 9374.94 9373.57 9372.37 9367.27 9365.06 9364.5 9362.2 9352.83 9347.9 9347.86 9339.19 9333.3 9329.4 9320.41 9316.44 9316.31 9316.83 9320.71 9318.72 9315.62 9313.56 9313.87 9310.53 9311.85 9321.7 9343.47 9382.99 9436.04 9502.58 9643.45 9838.7 10073.2 10071.2 10052.3 10089.7 10228.4
9322.3 9319.12 9340.83 9381.33 9413.62 9396.63 9384.69 9374.34 9380.56 9392.92 9423.78 9440.1 9439.46 9431.64 9424.21 9414.4 9411.25 9404.85 9396.05 9385.58 9367.01 9367.02 9370.79 9366.53 9363.64 9362.31 9360.94 9353.68 9349.02 9341.69 9338.85 9331.96 9328.48 9321.76 9316.91 9316.49 9318.41 9324.52 9318.9 9312.79 9311.73 9310.68 9308.02 9305.26 9315.35 9339.95 9382.54 9441.65 9544.73 9684.46 9821.28 10077 10069.5 10043.9 10072.9 10364
9320.76 9319.97 9325.41 9341.46 9364.59 9374.2 9375.17 9370.16 9365.98 9394.07 9423.18 9437.47 9435.41 9429.46 9423.44 9418.44 9417.11 9405.96 9397.06 9382.31 9362.92 9358.99 9365.49 9362.61 9361.97 9362.57 9360.15 9355.71 9350.61 9345.57 9339.36 9333.11 9331.02 9323.69 9318.48 9320.32 9326.07 9320.67 9316.37 9311.5 9311.16 9309.82 9307.86 9303.42 9312.72 9339.88 9383.84 9452.08 9536.73 9655.9 9791.67 9962.47 10018 10008.8 10004.4 10411.8
9310.81 9314.89 9319 9327.94 9347.16 9423.53 9384.3 9367.8 9373.92 9402.29 9422.18 9431.94 9430.26 9425.17 9419.18 9417.49 9410.65 9403.7 9394.69 9381.53 9366.5 9358.23 9360.64 9364.2 9362.19 9361.74 9359.1 9354.32 9349.53 9344.33 9340.02 9336.14 9335.75 9325.67 9320.8 9335.77 9322.39 9317.71 9315.57 9310.98 9317.91 9319.02 9309.48 9304.01 9302.2 9324.49 9378.76 9449.32 9519.81 9597.74 9836.8 9931.89 9953.21 9947.6 10023.5 10328.3
9304.72 9311.32 9315.49 9324.54 9340.63 9382.18 9362.2 9368.76 9382.11 9402.1 9417.1 9423.39 9424.16 9421.95 9419.06 9417.18 9408.44 9400.03 9387.9 9372.57 9371.19 9368.54 9359.31 9364.66 9363.58 9361.82 9360.6 9358.6 9350.06 9337.45 9339.95 9337.06 9338.4 9331.71 9325.01 9326.41 9317.13 9317.3 9328.04 9331.35 9273.58 9319.81 9309 9303.77 9294.82 9308.68 9364.14 9435.75 9509.69 9544.61 9711.28 9873.49 9896.5 9952.48 10127 10303.5
9310.15 9311.72 9313.92 9324.64 9337.73 9351.41 9357.3 9361.02 9391.95 9409.01 9414.91 9418 9418 9417.02 9421.35 9415.47 9404.53 9396.93 9384.55 9375.44 9374.47 9368.22 9360.03 9360.1 9363.88 9362.17 9359.22 9356.17 9352.25 9346.84 9343.18 9340.54 9341.47 9339.43 9336.81 9330.03 9322.59 9317.24 9325.93 9330.42 9316.49 9306.05 9304.4 9300.95 9297.24 9316.12 9359.47 9400.47 9458.31 9507.79 9675.49 9739 9807.38 9983.49 9972.77 9860.52
9309.26 9310.65 9313.29 9319.85 9332.04 9342.37 9346.13 9362.16 9387.4 9404.04 9411.14 9412.77 9413.12 9412.37 9413.54 9410.51 9403.54 9387.26 9385.21 9376.54 9381.97 9367.81 9365.69 9363.89 9364.34 9361.78 9359.24 9354.25 9354.3 9349.12 9344.59 9342.74 9344.94 9345.58 9334.74 9342.97 9337.76 9324.84 9320.06 9321.18 9310.85 9299.91 9297.7 9297.02 9296.11 9316.51 9353.38 9384.32 9450.38 9512.58 9566.28 9629.72 9817.23 9958.21 9892.61 9890.68
9305.95 9308.39 9313.64 9321.93 9334.6 9339.8 9346.35 9362.12 9382.31 9397.53 9404.93 9406.93 9409.52 9411.04 9409.47 9408.36 9396.45 9399.37 9387.95 9379.22 9380.42 9371.32 9366.9 9365.67 9366.01 9360.31 9363.59 9372.69 9362.69 9350.13 9345.51 9343.92 9348.88 9357.89 9369.99 9362.14 9355 9349.8 9325.46 9322.99 9318.56 9301.91 9295.99 9294.44 9295.41 9314.01 9352.58 9395.7 9392.56 9415.33 9479.63 9561.83 9695.49 9847.16 10010.1 9988.63
9308.74 9310.42 9313.68 9377.39 9345.62 9339.97 9348.27 9366.53 9387.26 9400.58 9402.92 9405.88 9406.72 9407.42 9415.96 9412.05 9399.4 9390.63 9382.7 9378.41 9377.52 9374.47 9371.64 9368.12 9366.36 9364.58 9364.09 9366.82 9362.9 9354.04 9345.8 9335.5 9350.92 9367.34 9376.58 9373.19 9367.63 9367.68 9363.46 9354.84 9317.37 9300.23 9296.03 9293.88 9295.8 9309.08 9327.04 9363.23 9359.81 9400.94 9405.42 9461.59 9602.58 9727.38 10063.8 10273
9312.95 9314.61 9316.53 9326.42 9335.89 9340.2 9361.77 9379.89 9390.63 9398.64 9398.52 9404.1 9403.95 9406.06 9410.63 9415.11 9401.27 9385.77 9376.69 9376.37 9377.66 9376.63 9372.89 9371.46 9379.51 9366.02 9367.21 9365.28 9362.24 9348.44 9337.04 9357.24 9367.87 9382.41 9396.29 9398.81 9401.8 9409.07 9390.65 9367.42 9327.14 9305.51 9299.88 9297.16 9291.47 9299.37 9320.39 9321.67 9348.46 9339.7 9355.28 9418.56 9476 9688.82 10077 10279.3
9318.7 9321.51 9321.22 9323.92 9328.43 9332.43 9355.33 9376.29 9388.97 9401.37 9401.03 9399.94 9401.87 9409.52 9411.48 9413.04 9401.47 9380.23 9376.69 9376.5 9376.91 9376.76 9374.77 9381.72 9377.23 9385.39 9399.24 9399.96 9373 9381.82 9383.15 9388.72 9395.46 9404.31 9407.6 9406.68 9414.12 9421.8 9394.44 9371.42 9333.05 9314.98 9304.61 9300.58 9296.63 9294.56 9314.73 9319.62 9360.4 9349.68 9320.96 9332.81 9484.69 9716.72 10042.5 10317.9
9322.88 9325.78 9320.91 9321.29 9328.1 9333.84 9343.4 9365.49 9383.59 9389.15 9408.24 9399.38 9399.42 9399.68 9403.57 9406.88 9397.92 9385.62 9379.18 9378.58 9378.97 9376.28 9375.5 9379 9369.81 9402.84 9416.25 9404.68 9403.18 9435.6 9444.28 9421.26 9426.65 9428.82 9431.49 9431.27 9428.71 9410.38 9383.29 9354.37 9352.17 9323.9 9307.7 9295.1 9288.62 9293.18 9304.78 9326.56 9364.79 9318.75 9335.29 9321.1 9425.48 9683.55 9998.74 10261.4
9326.97 9327.92 9323.23 9326.22 9330.3 9333.54 9341.22 9364.21 9385.52 9407.3 9401.48 9396.17 9400.85 9404.6 9402.8 9404.1 9398.28 9392.99 9385.49 9383.29 9381.06 9374.18 9371.86 9375.88 9377.32 9461.94 9444.26 9420.12 9415.98 9445.9 9464.73 9461.94 9457.78 9459.8 9467.24 9470.09 9433.2 9405.03 9393.39 9352.81 9329.52 9322.29 9308.05 9295.66 9287.38 9284.36 9296.35 9308.14 9305.88 9339.31 9341.81 9326.05 9376.42 9484.93 9790.98 10096.8
9330.14 9330.2 9325.2 9329.92 9328.97 9334.38 9343.22 9365.08 9384.71 9403.29 9398.55 9396.45 9399.56 9403.09 9401.22 9400.95 9399.17 9396.3 9391.45 9390.91 9384.51 9392.66 9386.04 9402.95 9532.92 9672.46 9571.34 9548.54 9497.76 9492.45 9482.16 9500.43 9489.48 9483.68 9484.3 9488.09 9485.61 9456.65 9412.8 9379.41 9348.2 9325.51 9309.29 9296.51 9288.39 9286.26 9290 9305.16 9313.5 9314.77 9307.51 9309.24 9362.26 9447.67 9678.63 9889.61
9328.03 9327.14 9323.22 9325.7 9333.04 9338.46 9348.24 9363.92 9376.03 9384.38 9386.93 9389.15 9393.54 9397.77 9397.01 9396.25 9401.97 9409.67 9411.69 9410.74 9411.75 9423.2 9452.65 9517.37 9681.23 9807.99 9799.97 9734.48 9719.62 9615.73 9526.85 9530.62 9516.94 9505.31 9487.93 9465.83 9462.09 9435.52 9416.29 9386.77 9351.31 9331.78 9312.29 9294.39 9288.4 9286.74 9285 9309.38 9332.66 9329.42 9322.34 9318.71 9392.77 9482.96 9624.86 9753.27
9326 9322.34 9308.71 9325.84 9333.88 9337.34 9351.2 9357.48 9366.05 9374.71 9384.3 9391.49 9391.42 9393.16 9393.21 9395.84 9408.39 9426.36 9441.43 9441.5 9444.52 9478.55 9526.98 9592.6 9652.99 9653.57 9646.03 9648.88 9713.2 9598.16 9636.59 9585.13 9547.62 9491.85 9474.33 9463.51 9446.6 9414.83 9399.69 9384.85 9365.74 9342.4 9320.59 9302.76 9293.06 9285.65 9281.44 9298.83 9307.54 9339.88 9320.33 9345.49 9413.67 9542.99 9638.15 9824.61
9327.82 9319.42 9315.68 9328.91 9327.8 9329.69 9337.64 9341.9 9358.19 9372.11 9380.54 9386.37 9387.05 9389.4 9389.65 9395.44 9418.06 9452.12 9488.75 9501.47 9531.96 9585.75 9540.98 9411.17 9250.32 9207.6 9233.27 9252.61 9204.69 9156.61 9281.93 9533.88 9455.59 9415.58 9425.1 9457.28 9476.06 9462.52 9422.3 9420.62 9384.86 9355.93 9330.22 9309.22 9302.27 9300.26 9287.17 9294.54 9315.06 9331.72 9320.13 9336.81 9333.42 9467.53 9483.7 9624.25
9336.97 9332.98 9320.5 9323.21 9324.94 9326.98 9329.26 9335.86 9356.47 9375.77 9385.62 9381.23 9383.31 9386.2 9389.81 9396.87 9434.32 9497.66 9550.04 9575.57 9599.28 9585.44 9357.1 9195.49 9098.37 8955.55 8785.08 8815.42 8774.52 8725.01 8796.46 8996.17 9162.32 9231.99 9310.97 9427.75 9523.49 9500.64 9445.77 9417.95 9392.83 9363.33 9334.64 9317.28 9306.4 9305.17 9287.71 9281.2 9293.14 9303.1 9307.76 9305.52 9318.86 9328.72 9348.88 9468
9325.46 9321.77 9321.72 9322.35 9323.94 9324.53 9326.68 9338.39 9359.31 9376.89 9389.59 9379.51 9379.59 9383.97 9398.2 9418.43 9469.74 9552.53 9610.73 9657.73 9543.74 9265.09 9138.54 9076.04 8922.94 8697.63 8549.35 8541.6 8526.92 8515.91 8521.43 8633.67 8818.4 8973.71 9112.68 9266.59 9443.03 9580.51 9473.06 9440.07 9395.34 9363.54 9331.47 9307.52 9305.02 9298.61 9284.32 9280.44 9277.57 9276.93 9276.63 9271.45 9254.27 9278.33 9311.21 9360.66
9320.54 9317 9319.85 9321.43 9323.93 9326.27 9326.47 9339.91 9355.26 9368.46 9377.82 9372.85 9372.76 9386.29 9424.96 9468.28 9521.23 9598.36 9672.27 9558.52 9306.47 9098.41 8898.81 8737.66 8651.35 8505.53 8425.42 8410.14 8386.2 8374.97 8396.23 8424.38 8573.52 8726.3 8865.75 8995.25 9157.29 9471.06 9526.45 9440.37 9410.57 9380.56 9350.53 9321.9 9308.08 9301.82 9286.86 9280.72 9280.56 9273.93 9261.07 9268.29 9258.23 9261.41 9279.03 9318.35
9313.57 9317.09 9321.5 9321.14 9322.01 9325.52 9331.01 9336.06 9346.87 9356.11 9358.4 9359.56 9364.56 9400.33 9462.12 9529.31 9570.35 9550.13 9470.33 9141.46 9004.02 8882.08 8655.33 8483.76 8408.82 8342.03 8314.72 8304.71 8297.55 8292.55 8273.43 8313.49 8429.06 8555.32 8674.49 8775.78 8875.74 9185.03 9435.47 9502.37 9465.61 9411.39 9362.2 9327.89 9306.81 9301.08 9285.19 9278.34 9262.32 9259.31 9270.91 9271.54 9240.97 9250.01 9253.59 9301.99
9320.62 9318.85 9318.16 9320.48 9319.23 9333.4 9333.84 9337.1 9342.77 9348.9 9351.92 9354.18 9359.36 9416.91 9512.38 9584.21 9582.73 9453.15 9183.44 8943.57 8814.77 8650.29 8476.83 8317.92 8267.37 8249.63 8237.32 8232.53 8233.31 8214.36 8214.99 8250.58 8322.02 8434.88 8549.24 8662.87 8788.67 8970.13 9261.01 9489.79 9510.68 9435.76 9345.08 9313.12 9300.68 9295.17 9281.38 9268.07 9253.98 9276.37 9254.03 9242.39 9245.66 9244.67 9239.82 9284
9324.96 9319.15 9319.18 9322.55 9323.6 9329.45 9332.94 9335.86 9342.58 9348.73 9351.07 9352.97 9359.48 9424.4 9532.72 9631.25 9668.48 9413.87 9067.81 8871.48 8728.03 8507.97 8349.13 8246.27 8217.81 8217.06 8216.37 8211.36 8206.15 8201.09 8220.88 8210.9 8241.05 8356.51 8475.47 8585.92 8689.48 8863.03 9114.11 9433.06 9516.22 9459.14 9360.84 9318.51 9298.78 9281.99 9269.87 9285.92 9270.98 9266.41 9264.45 9250.63 9244.22 9241.94 9238.03 9253.49
9319.93 9320.27 9320.48 9320.62 9325.16 9329.76 9333.59 9340.24 9351.75 9353.96 9353.21 9354.04 9359.52 9422.47 9517.06 9599.06 9631.19 9374.63 9063.48 8860.2 8659.33 8409.32 8287.72 8244.46 8227.06 8216.57 8215.97 8213.74 8201.6 8191.82 8198.81 8208.78 8223.29 8309.94 8422.49 8527.06 8646.82 8766.77 9036.57 9407.3 9541.2 9466.54 9384.67 9328.68 9301.06 9284.5 9274.45 9280.84 9271.26 9265.67 9257.92 9247.88 9243.88 9240.06 9235.29 9231.95
9320.47 9321.38 9320.18 9322.81 9326.02 9336.79 9342.77 9353.86 9362.57 9359.67 9355.47 9354.44 9359.28 9412.16 9486.98 9528.46 9456.84 9299.54 9068.58 8763.53 8512.4 8312.06 8225.79 8219.21 8215.9 8215.96 8216.43 8216.35 8214.75 8202.32 8202.42 8209.47 8217.2 8281.71 8376.8 8468.31 8570.81 8753.16 9069.15 9366.03 9504.11 9446.06 9342.02 9320.62 9309 9296.81 9296.41 9271.13 9270.19 9266.27 9249.21 9245.93 9239.82 9238 9233.36 9227.99
9323.98 9319.62 9317.74 9321.71 9324.69 9349.15 9349.89 9354.37 9365.94 9361 9357.11 9355.73 9362.38 9404.43 9470.5 9512.97 9489.66 9332.27 9040.85 8745.7 8470.02 8292.89 8230.05 8219.57 8215.26 8225.6 8253.96 8320.57 8252.8 8201.84 8203.69 8207.43 8213.1 8267.39 8358.93 8451.98 8565.79 8747.63 9065.89 9304.1 9485.99 9423.91 9336.1 9320.07 9320.5 9333.5 9315.06 9287.61 9264.44 9262.45 9258.38 9246.79 9239.51 9235.56 9231.13 9224.46
9325.14 9321.48 9323.54 9323.91 9330.51 9354.1 9354.94 9353.37 9355.01 9357.86 9357.12 9357.72 9364.08 9405.64 9464.85 9511.68 9541.6 9378.48 9022.08 8744.22 8429.4 8297.96 8251.19 8241.4 8240.08 8271.68 8309.1 8375.88 8280.02 8206.33 8203.36 8210.56 8210.34 8260.73 8359.07 8474.64 8618.38 8841 9082.23 9311.34 9444.44 9396.57 9326.97 9317.55 9317.14 9320.92 9315.13 9298.89 9261.8 9265.74 9253.9 9247.63 9244.7 9241.17 9231.39 9220.02
9332.34 9329.31 9325.85 9331.43 9339.8 9363.5 9360.34 9355.31 9353.59 9354.89 9354.38 9354.29 9365.96 9408.25 9458.81 9491.29 9457.58 9258.34 8930.33 8643.14 8465.54 8342.22 8277.85 8280.57 8283.19 8319.52 8444.62 8462.81 8431.07 8215.07 8206.38 8206.04 8207.44 8257.54 8367.61 8506.95 8688.4 8899.62 9097.53 9373.84 9414.98 9368.23 9330.93 9319.8 9312.49 9303.82 9302.77 9281.04 9272.24 9255.03 9251.67 9246.48 9245.03 9241.87 9231.07 9219.27
9331.44 9331.93 9334.49 9329.65 9353.77 9367.65 9363.68 9355.78 9352.32 9351.6 9351.36 9353.87 9370.13 9405.74 9455.02 9483.28 9453.13 9291.26 8992.02 8736.12 8536.39 8404.5 8335.57 8305.86 8311.23 8364.54 8366.54 8444.55 8396.25 8252.84 8212.74 8206.93 8212.28 8252.91 8366.91 8522.44 8721.1 8942.5 9183.13 9437.07 9390.5 9347.02 9333.21 9323.23 9319.45 9305.85 9281.24 9269.27 9261.55 9255.5 9248.25 9244.11 9242.4 9237.42 9224.96 9208.17
9330.83 9330.66 9334.4 9339.01 9353.04 9362.83 9364.54 9361.59 9349.68 9348.48 9350.47 9355.13 9365.89 9398.69 9449.98 9497.43 9505.74 9404.6 9050.5 8812.18 8628.27 8451.92 8328.77 8337.79 8347.77 8365.47 8337.01 8339.29 8296.08 8250.25 8216.58 8215.02 8208.5 8241.81 8387.72 8538.01 8731.06 9008.84 9275.53 9451.23 9382.68 9338.23 9329.26 9324.74 9320.8 9306.17 9284.42 9267.62 9258.62 9254.14 9248.67 9244.56 9239.23 9230.78 9221.55 9216.98
9335.34 9336.95 9341.53 9341.4 9350.38 9367.55 9364.35 9360.82 9356.16 9350.78 9350.59 9355.58 9358.31 9383.96 9449.72 9523.59 9574.24 9553.74 9121.06 8927.13 8761.66 8529.34 8370.12 8360.67 8355.97 8372.21 8370.51 8340.83 8297.7 8250.32 8248.21 8217.78 8206.18 8247.28 8449.89 8641.86 8812.5 9065.76 9339.52 9450.34 9375.45 9334.57 9324.89 9323.42 9318.67 9306.79 9285.56 9263.98 9255.83 9253.13 9244.98 9240.23 9230.11 9220.15 9220.08 9218.5
9332.83 9332.41 9341.4 9344.17 9348.78 9356.54 9360.82 9357.96 9352.74 9350.26 9350.25 9354.4 9357.95 9370.1 9447.72 9538.69 9614.8 9596.43 9253.73 9061.96 8883.97 8652.71 8463.75 8381.88 8377.15 8398.1 8384.19 8323.98 8274.64 8256.62 8269.86 8285.13 8272.72 8354.59 8571.71 8822.84 8982.91 9163.22 9384.64 9423.34 9348.2 9338.54 9326.59 9322.41 9322.68 9320.35 9307.22 9265.05 9251.44 9248.09 9235.43 9231.47 9226.81 9222.25 9220.13 9216.48
9332.12 9328.09 9336.66 9347.02 9347.79 9356.06 9358.2 9355.44 9353.95 9350.39 9349.51 9353.22 9363.6 9373.74 9445.12 9551.54 9642.94 9674.68 9402.42 9186.87 9076.07 8801.49 8576.14 8489.75 8428.43 8424.52 8383.79 8304.56 8271.76 8303.8 8339.69 8385.61 8413.13 8506.61 8743.13 8891.47 9090.23 9290.83 9413.2 9384.13 9326.74 9344.31 9330.05 9319.11 9315.92 9324.85 9306.03 9266.07 9247.36 9237.66 9230.78 9225.93 9223.08 9225.4 9222.67 9217.44
9331.61 9324.22 9335.67 9332.98 9343.26 9348.06 9349.42 9350.32 9350.45 9347.46 9346.34 9353.64 9374.51 9391.96 9440.42 9538.33 9635.45 9694.52 9547.98 9336.88 9210.15 8946.38 8725.91 8611.97 8557.33 8484.7 8408.03 8375.94 8389.57 8425.46 8479.37 8532.3 8606.46 8816.68 8975.7 9069.85 9212.19 9373.4 9416.2 9330.76 9319.54 9323.04 9322.14 9311.5 9302.13 9324.05 9304.5 9265.14 9245.09 9228.64 9224.1 9221.77 9220.43 9222.8 9224.25 9217.95
9330.26 9325.94 9335.92 9343.06 9339.73 9337.46 9336.87 9344.01 9343.45 9346.32 9344.97 9358.73 9389.89 9407.77 9420.61 9484.06 9582.25 9723.04 9704.52 9580.99 9284.92 9055.46 8856.89 8712.8 8633.2 8554.1 8507.38 8517.02 8514.53 8595.53 8686.73 8745.43 8819.66 8955.73 9159.78 9257.04 9364.61 9485.23 9371.67 9317.72 9316.16 9322.03 9310.95 9304.17 9302.89 9306.75 9279.06 9264.57 9248.2 9244.42 9228.02 9225.18 9225.5 9223.69 9222.43 9217.63
