real_craters/C149-500m.grd
DSAA
192 192
-47.7225 47.7225
-47.7225 47.7225
8442.4824816272 10839.693268209
[rows 0 to 29 of 192, columns 0 to 66 of 192]
10022.6 10019.5 10019.6 10023.3 10024.3 10022.5 10019.4 10017 10006.5 9995.22 9984.65 9973.83 9968.15 9964.13 9961.36 9955.96 9957.43 9954.82 9952.15 9954.38 9956.3 9954.91 9950.24 9951.7 9953.12 9954.73 9955.28 9955.78 9951.08 9938.06 9926.96 9936.07 9947.73 9949.65 9929.83 9912.93 9896.19 9884.6 9882.59 9879.15 9873.27 9875.7 9879.49 9883.9 9888.62 9890.44 9898.12 9911.83 9935.23 9999.83 10094 10186.7 10310.5 10520.6 10607.1 10614.1 10622 10612.4 10608.7 10608.8 10614.7 10615.2 10610 10601.9 10600.8 10595.2 10588.6
10018 10014.4 10013.4 10011.8 10012 10009.7 10011.6 10009.1 10003.5 9996.69 9989.87 9980.04 9972.89 9967.88 9963.27 9960.33 9959.06 9954.72 9951.95 9954.23 9955.84 9954.37 9952.17 9952.84 9953.59 9954.03 9952.39 9948.08 9945.3 9938.07 9929.3 9931.68 9941.39 9955.72 9941.64 9925.85 9909.64 9895.96 9889.54 9885.76 9875.98 9874.75 9877.24 9879.2 9878.79 9886.21 9893.14 9902.85 9919.27 9958.09 10041.4 10119.4 10226.9 10500.3 10582.7 10597.1 10595 10598.9 10604.1 10608.8 10615.8 10614.5 10610.7 10606.4 10602.2 10600.1 10594.2
10014.8 10008.1 10002.4 10000.5 10001.4 10005.1 10000.2 9999.08 9997.03 9993.77 9989.84 9983.16 9976.85 9971.71 9967.34 9965.87 9959.56 9955.6 9955.76 9956.33 9957.93 9958.88 9957 9954.81 9953.86 9952.52 9949.63 9945.76 9943.22 9940.7 9937.26 9937.58 9940.68 9948.12 9947.23 9937.72 9924.06 9909.87 9895.19 9889.68 9884.66 9878.96 9879.34 9879.72 9881.2 9885.13 9892.03 9900.37 9910.91 9942.41 9996.28 10064.5 10173.2 10431.5 10528.5 10557.5 10568.1 10582.3 10595.1 10603 10605.3 10605.7 10611.2 10613.1 10614.1 10606.5 10597.2
10012.6 10003.3 9995.17 9993.06 9992.15 9993.48 9992.66 9991.99 9991.51 9990.23 9988.36 9983.55 9978.7 9974.39 9972.72 9968.65 9961.23 9957.55 9958.57 9958.01 9956.92 9958.85 9957.29 9955.49 9954.7 9953.74 9952.61 9949.31 9953.1 9947.15 9940.41 9941.64 9947.9 9952.77 9956.05 9952.74 9941.63 9926.47 9907.37 9896.83 9894.73 9887.91 9884.53 9883.16 9883.28 9888.87 9895.09 9903.96 9918.83 9942.82 9975.28 10032.5 10128.9 10370.9 10469 10518.7 10547.1 10570.4 10589.5 10601 10605.6 10609.3 10615.6 10619.3 10620.5 10615.6 10601.7
10011.6 10001.5 9992.48 9986.85 9986.44 9985.71 9986.22 9986.97 9986.86 9986.16 9986.34 9983.74 9977.53 9973.78 9970.98 9968.96 9964.69 9960.56 9961.07 9959 9956.55 9958.61 9955.8 9955.79 9955.57 9954.97 9954.48 9953.38 9953.7 9954.05 9950.66 9949.05 9953.45 9963.42 9970.96 9974.03 9971.78 9955.4 9925.38 9905.6 9899.23 9893.83 9889.99 9887.97 9888.03 9891.94 9899.05 9905.78 9912.77 9923.39 9965.38 10028.3 10129.3 10301 10413.9 10482.1 10523 10555.7 10585.8 10600.9 10608.9 10619.5 10624.7 10630.3 10630.6 10628.9 10619.6
10011.4 10000.5 9992.7 9986.27 9983.33 9982.52 9983.07 9983.76 9982.82 9980.91 9978.42 9975.78 9973.84 9971.72 9969.53 9968.62 9965.85 9962.3 9960.89 9959.65 9958.24 9958 9957.86 9957.8 9958.05 9957.68 9955.93 9955.79 9959.2 9963.33 9962.44 9962.24 9968.45 9978.38 9987.01 9992.62 9995.73 9982.89 9950.53 9915.41 9903.1 9897.94 9894.41 9893.31 9895.33 9899.57 9904.92 9910.6 9914.17 9928.99 9970.12 10027.9 10141.7 10268.1 10375.8 10454.1 10515.6 10562.2 10585.4 10600.7 10610.8 10624.4 10633.1 10643.6 10655.8 10661.7 10662.1
10011.2 9999.6 9989.96 9982.67 9978.93 9979.82 9982.48 9981.99 9979.94 9977.06 9973.75 9972.07 9971.36 9969.65 9966.93 9964.28 9963.95 9964.65 9964.91 9962.08 9956 9952.8 9953.43 9957.33 9961.59 9964.1 9962.56 9953.08 9975.41 9976.43 9973.91 9969.72 9988.08 9994.67 10001.3 10004.7 9998.67 9986.29 9960.52 9919.32 9902.64 9900.29 9897.95 9897.83 9900.82 9906.39 9911.75 9918.4 9924.97 9943.66 9971.56 9998.3 10127.9 10259.8 10347.3 10430.4 10503.5 10559.4 10584.4 10599.8 10608.6 10623.6 10637.3 10650 10664.2 10673.3 10684.3
10011.3 9998.96 9988.23 9982.1 9979.72 9978.3 9981.23 9980.63 9978.29 9974.79 9970.81 9970.49 9971.2 9968.6 9965.84 9962.65 9960.68 9963.04 9962.49 9960.49 9956.18 9950.41 9952.92 9959.43 9968.39 9975.73 9976.55 9969.21 9982.29 9986.07 9989.98 9989.25 9991.68 10004.8 10014.8 10019.5 10010 9975.52 9934.29 9914.09 9902.13 9900.87 9898.94 9899.78 9902.76 9911.06 9916.01 9923.24 9934.66 9955.58 9971.68 9972.45 10098.6 10222.1 10315.5 10402.7 10482.4 10542.6 10577.8 10598.7 10611.6 10623.8 10637 10651.5 10665.6 10676.7 10690
10012.1 9999.82 9990.1 9986.15 9983.58 9981.78 9980.91 9980.79 9978.42 9974.48 9970.27 9969.5 9969.38 9968.2 9966.3 9963.83 9960.08 9958.47 9957.88 9958.44 9959.21 9956.69 9957.32 9964.99 9977.68 9989.88 9998.54 9987.85 9983.94 9990.31 9999.72 10004.7 10003.5 10016.6 10028.5 10037.7 10033.9 10007.7 9943.78 9918.97 9906.3 9901.53 9899.23 9901.11 9904.82 9904.11 9913.43 9932.26 9948.96 9964.74 9975.98 9977.77 10042.2 10166.8 10274.5 10372.1 10461.3 10527.4 10572.9 10597.1 10613.5 10625.4 10635.3 10646.6 10667.3 10682.3 10697.1
10013.4 10001.3 9993.26 9992.07 9990.47 9987.83 9984.49 9984.45 9980.02 9974.91 9970.57 9967.11 9968.55 9967.54 9966.19 9965.17 9964.34 9957.92 9956.18 9958.63 9960.7 9959.7 9962.25 9970.93 9986.43 10003.2 10012.8 10000.1 9992.31 9995.99 10001 10019 10020.4 10029.1 10041.2 10050.5 10054.5 10039.8 9974.93 9933.16 9910.13 9903.11 9896.46 9898.1 9902.2 9885.62 9902.03 9943.83 9976.5 9975.05 9969.62 9984.78 10028.3 10135.2 10242 10346.5 10443.6 10528.5 10573.6 10589.3 10592.8 10622.2 10635 10645.5 10679.2 10698.4 10712.4
10016 10004.1 9996.62 9996.61 9998.86 10000.4 10000.3 9992.89 9985.47 9978.47 9971.95 9967.62 9967.9 9966.77 9965.48 9964.77 9969.19 9961.96 9960.03 9961.49 9964.6 9964.21 9965.49 9974.1 9994.74 10015.7 10029.3 10019.3 10009.3 10014.3 10027.3 10035.7 10035.8 10042.2 10053.5 10066.2 10072.4 10065.4 10017.2 9962.77 9921.54 9896.8 9891.86 9892.09 9890.53 9881.52 9890.4 9910.77 9959.43 9967.07 9964.74 9976.08 10041.4 10120.5 10214.4 10314.9 10414.4 10513.1 10563.2 10590.4 10608.7 10623.7 10640.3 10660.8 10685.3 10708 10723.3
10020.5 10009 10004 10007.5 10007 10026 10008.2 9998.76 9991.02 9983.2 9975.06 9967.53 9965.91 9966.49 9965.34 9963.2 9966.85 9969.79 9969.16 9967.74 9965.73 9964.96 9968.82 9981.07 10001.6 10027.6 10046.8 10044.3 10033.1 10039.3 10063.7 10058 10046 10056.1 10066.7 10076.2 10089.6 10094.4 10063.3 10015.1 9955.9 9907.21 9893.11 9890.43 9889.16 9884.51 9888.11 9904.6 9930.58 9951.04 9959.52 9965.92 10031.4 10097.3 10175.9 10267.9 10361.7 10441.9 10526 10593.3 10627.2 10633.6 10647.7 10675.7 10687.7 10705.8 10717.2
10027 10014.3 10009.4 10011.7 10010.2 10008.7 10008.2 10002.7 9996.3 9988.95 9980.84 9972.49 9969.52 9969.33 9967.66 9965.66 9962.92 9964.75 9967.17 9966.33 9967.32 9964.89 9967.5 9977.66 10001.9 10033.3 10062.9 10068.4 10051.6 10056.4 10092.7 10083.4 10064.6 10075.5 10082.3 10086 10097.3 10108.4 10096.5 10061.3 9992.68 9920.34 9899.09 9892.99 9889.35 9884.45 9887.71 9898.63 9916.12 9938.34 9956.09 9942.48 10014.5 10071.8 10138.1 10215.4 10301.8 10399.5 10499.5 10593.7 10642.1 10645 10654.3 10685.5 10705.6 10710.3 10696.6
10034.6 10021.2 10014.4 10014.4 10012.4 10012 10010.5 10007.6 10002.9 9996.63 9988.83 9983.55 9978.12 9974.25 9970.82 9968.57 9963.21 9957.96 9957.75 9963.46 9962.12 9961.85 9964.32 9975.77 9999.29 10029.6 10056.8 10071.5 10062.1 10057.6 10095.1 10133.2 10110.1 10101.8 10102.1 10104 10098.5 10102.9 10114.4 10106.9 10028.4 9947.8 9915.47 9900.75 9891.69 9886.99 9891.34 9894.25 9900.03 9920.66 9941.91 9919.95 9984.03 10032.1 10090.1 10154.5 10228.2 10311.9 10420.9 10563.5 10631.1 10644.1 10658.5 10696.4 10723.9 10706.1 10674.7
10043.5 10031 10021.5 10016.8 10015.9 10012.6 10014.5 10014.4 10009.2 10002.2 9995.96 9991.43 9983.59 9981.01 9977.87 9971.52 9965.59 9963.29 9962.96 9963.63 9957.87 9959.69 9961.88 9968.97 9996.56 10035.3 10067 10079.3 10069.3 10061.3 10083.8 10100.3 10125.2 10118.6 10116.3 10114.4 10103.8 10098.1 10117.6 10113.5 10054.1 9993.89 9944.45 9910.06 9893.88 9888.71 9890.82 9889.62 9886.12 9892.12 9900.13 9887.09 9941.32 9986.02 10034.4 10086.4 10143.8 10209.9 10312 10465.9 10559.9 10617.1 10656.3 10686.5 10706.2 10688.5 10665.4
10050.5 10036.5 10026.3 10021.2 10020 10017.3 10020.8 10021.9 10014.5 10005.9 9999.25 9996.53 9988.32 9990.57 9985.98 9976.23 9968.32 9968.17 9965.57 9963.24 9965.19 9962.2 9962 9967.68 9993.24 10035.5 10083.2 10080.3 10070 10069.2 10084.3 10097.9 10117 10124.9 10124.1 10121.3 10119 10110.4 10120.7 10107.2 10063.4 10008.8 9959.43 9920.05 9899.02 9889 9883.54 9878.04 9870.11 9857.44 9843.55 9863.16 9899.95 9936.98 9976.76 10017.7 10059.8 10104 10167.1 10310.4 10449.4 10553.3 10638.3 10658.4 10659 10637.1 10621.9
10056.7 10038.8 10031.5 10025.1 10019.7 10021.8 10025.4 10026.3 10017.3 10005.1 9994.45 9995.46 10027.5 10010.7 9990.95 9982 9976.59 9972.04 9966.58 9966.1 9966.99 9965.16 9965.07 9968.96 9987.67 10019.7 10044.1 10065.7 10074.9 10084.4 10084.9 10112.3 10121.2 10136.7 10144.7 10144.6 10141.3 10134.6 10139.9 10120 10067.5 10009.3 9963.53 9944.64 9910.52 9886.66 9870.35 9853.83 9846.22 9832.98 9813.13 9828.77 9863.12 9892.12 9920.83 9955.32 9987.96 10029.9 10116.6 10250.9 10352.7 10454.9 10543.5 10603.9 10588.5 10545.8 10483.7
10069.5 10050.3 10037.9 10026.5 10019 10026.8 10029.4 10026.3 10019.6 10000.9 9978.02 9955.37 9932.73 9976.48 9978.19 9982.62 9985.19 9976.2 9970.88 9965.89 9968.76 9968.92 9968.8 9972.54 9983.88 9999.27 10011.7 10037.1 10054.5 10066.8 10086.8 10123.9 10145.2 10157.3 10162.1 10166.9 10163.8 10155.6 10152.4 10124.7 10071 10010.7 9961.66 9932.37 9912.48 9888.85 9861.63 9849.6 9840.35 9828.89 9813.6 9824.9 9840.67 9859.29 9878.04 9897.55 9919.93 9953.25 10020.8 10146.2 10239.6 10339.2 10469.4 10558.6 10505.1 10446.2 10389.3
10087.5 10083.5 10061 10040.7 10032.1 10034.1 10036.1 10041.4 10024.1 9997.08 9965.6 9929.66 9899.65 9922.69 9959.38 9979.49 9989.79 9980.15 9974.63 9965.65 9971.57 9973.16 9972.61 9973.42 9978.21 9990.45 10001.4 10021.6 10040.4 10059.8 10073.9 10117.5 10162.5 10179.2 10175.3 10186.1 10190.3 10173.6 10163.9 10127.8 10075.7 10020.5 9969.66 9935.18 9929.32 9910.59 9884.3 9861.83 9849.13 9841.43 9829.34 9814.92 9822.85 9831.39 9840.94 9848.51 9858.35 9865.93 9896 9992.11 10103.8 10215.4 10343.3 10368.5 10381.7 10319.9 10257.5
10083.8 10087 10087 10059.8 10044.4 10040.7 10038.1 10041.6 10027.7 10000.6 9968.7 9936.26 9916.65 9928.78 9962.1 9980.79 9986.57 9985.8 9976.82 9967.38 9974.74 9977.94 9977.04 9976.04 9976.54 9979.88 9994.29 10016.4 10040.6 10057.6 10072.5 10116.9 10169.8 10202 10216.5 10200.6 10192.8 10168.5 10151.5 10118.8 10080.5 10039 9997.82 9989.54 9978.38 9953.98 9910.52 9873.5 9865.15 9859.24 9842.93 9809.5 9809.11 9812.15 9813.18 9816.08 9817.44 9809.73 9803.7 9869.69 9975.15 10065.6 10133.9 10256.8 10237.4 10166 10099.9
10063.8 10069.2 10080.7 10069.3 10057.2 10044.8 10037.1 10041.6 10032.3 10009.9 9985.32 9960.75 9935.44 9965.58 9991.66 9992.09 9985.68 9975.73 9973.08 9972.64 9980.22 9982.85 9981.71 9979.87 9978.74 9980.61 9991.46 10013.7 10036.6 10060.9 10079.4 10119.2 10167.1 10199.4 10211.7 10176.7 10138.9 10116.8 10097.5 10095 10086.8 10077.7 10069.6 10062.3 10043.8 10022.7 9972.21 9909.98 9886.05 9872.16 9847.49 9809.81 9799.53 9795.72 9796.12 9797.24 9795.39 9791.28 9785.12 9819.37 9886.42 9928.85 9933.94 9909.36 10000.4 10010.3 9974.14
10051.4 10052.9 10063.4 10066.9 10051.8 10037.5 10031.2 10034.9 10033.2 10019.6 10007.2 10000.4 10009.6 10056.5 10029.1 10006.3 9990.91 9979.52 9975.26 9971.86 9982.8 9987.39 9986.51 9984.35 9982.5 9982.93 9991.4 10010.3 10039.9 10076.3 10100 10120.5 10139.8 10155.7 10160.6 10121.7 10078.6 10072.7 10062.4 10077.6 10092.3 10111.3 10141.7 10125.1 10089.6 10070.2 10018.5 9947.5 9899.21 9871.57 9846.39 9810.14 9790.37 9785.69 9786.71 9787.27 9793.75 9800.45 9812.36 9820.31 9845.14 9862.86 9847.66 9829.98 9883.69 9908.72 9899.71
10054 10045.1 10042.9 10044.8 10037.5 10027.3 10017.8 10025.5 10027.9 10023.9 10020.9 10026.7 10051.8 10060.7 10029.2 10007.2 9989.71 9976.88 9974.62 9975.09 9985.46 9990.76 9990.35 9988.34 9985.79 9984.07 9989.33 10004 10024.3 10059.1 10114.3 10120.1 10121.7 10116.2 10108 10097.9 10064.8 10053.6 10057.8 10068.5 10087.3 10112.3 10143.1 10127.2 10086.3 10045.5 9994.76 9936.47 9891.78 9855.33 9842.1 9803.91 9780.3 9780.74 9781.73 9786.64 9797.09 9805.18 9818.05 9823.12 9827.73 9829.96 9824.11 9824.97 9837.65 9847.44 9855.14
10068.3 10049.3 10037.8 10031.7 10027.3 10021.7 10021.1 10024.1 10024.9 10022.3 10023.1 10027 10029 10015.7 10009.3 9999.26 9986.6 9976.5 9976.64 9980.64 9989.16 9994.18 9993.45 9991.77 9990.27 9982.64 9985.79 10000.5 10023.6 10060.1 10102.9 10114.9 10112.7 10107.8 10093.3 10074.4 10042 10035.6 10040 10055 10072 10087 10090.9 10084.4 10048 10006.4 9962.42 9922.52 9874.34 9832.26 9830.64 9799.87 9777.82 9777.82 9780.97 9787.77 9795.16 9805.67 9813.64 9813.86 9817.92 9823.37 9829.85 9839.88 9839.08 9838.9 9836
10082.8 10054.7 10039.1 10034.1 10025.1 10019.5 10022.6 10019.2 10016 10017.9 10021.1 10020.9 10016.7 10010.4 9997.38 9990.59 9984.47 9981.06 9979.31 9983.21 9991.5 9995.59 9993.81 9992.37 9993.31 9977.29 9985.8 10002.2 10025 10047.6 10092.7 10110.6 10100.2 10083.5 10062.3 10043.3 10021.9 10022.7 10028.6 10037.6 10046.2 10051.9 10052.8 10030.5 9999.11 9949.67 9912.67 9891.41 9855.28 9814.73 9812.1 9798.53 9786.84 9783.56 9784.85 9787.58 9792.76 9799.73 9806.64 9805.91 9807.88 9812.93 9820.54 9834.4 9837 9835.02 9833.82
10103.5 10064.7 10043.2 10033.1 10026.4 10020.5 10015.4 10014.8 10009.3 10014.2 10014.9 10012.9 10008.5 10002.3 9990.9 9986.77 9983.9 9982.25 9982.56 9984.58 9990.09 9992.49 9991.18 9989.18 9988.62 9992.14 9994.13 10004.7 10018 10045.7 10121.2 10112 10084.7 10046.5 10026.1 9997.32 10002.6 10020.2 10022.7 10019.8 10016.8 10012.2 10001.3 9983.84 9962.11 9929.53 9881.85 9875.19 9839.25 9803.08 9799.9 9796.88 9793.39 9788.21 9786.45 9787.19 9787.22 9788.84 9793.6 9796.4 9797.92 9802.12 9814.12 9821.27 9826.74 9829.95 9832.42
10117.8 10085.8 10057.7 10039.6 10031.9 10025.3 10016.3 10013.6 10014.9 10012.6 10009.9 10006.2 10000.8 9993.37 9988.79 9986 9984.68 9984.65 9986.29 9988.08 9989.57 9990.14 9987.79 9985.99 9986.93 9991.91 9998.6 10006.2 10014.2 10031.6 10099.8 10101 10068.5 10050.3 9999.2 9970.38 9982.14 10012 10008.8 9995.77 9985.41 9973.31 9959.49 9947.11 9929.55 9902.11 9864.16 9843.96 9816.86 9791.59 9793.33 9793.31 9794.1 9790.96 9788.66 9786.51 9783.31 9778.03 9779.03 9788.48 9796.25 9802.75 9813.76 9812.76 9816.59 9824.2 9831
10127.8 10106.9 10076.2 10053.3 10041.3 10031.1 10020.3 10015.5 10015 10012.9 10009.1 10003.5 9996.16 9987.84 9986.5 9985.21 9984.57 9985.27 9985.52 9987.59 9988.05 9986.16 9985.38 9982.17 9980.93 9994.07 10003.9 10009.3 10013.4 10029.3 10077.1 10069.7 10029.6 9982.27 9952.59 9940.67 9953.91 9971.76 9974.64 9966.74 9954.89 9938.86 9925.9 9919.21 9903.01 9879.09 9850.73 9821.64 9800.2 9786.95 9784.85 9788.31 9791.96 9791.53 9789.66 9787.13 9783.85 9780.27 9784.88 9798.83 9810.17 9817.74 9821.4 9811.5 9810.79 9818.95 9826.9
10140 10134.9 10095.6 10070.7 10056.3 10041.4 10027.3 10022.2 10019 10015.6 10010.2 10004.2 9996.56 9988.22 9985.86 9985.35 9984.36 9983.89 9984.74 9988.31 9989.84 9990.49 9987.61 9983.65 9982.63 10000.6 10011.8 10014.4 10011.6 10017.2 10031.2 10020.6 9987.74 9944.53 9916.82 9909.27 9924.01 9933.06 9940.98 9937.14 9927.84 9913.23 9899.12 9889.26 9884.65 9865.58 9835.67 9806.22 9792.2 9780.38 9778.21 9785.72 9791.15 9792.21 9790.07 9788.28 9787.58 9788.63 9795.39 9808.53 9817.63 9819.29 9814.98 9810.59 9810.81 9814.32 9818.57
10145.1 10142.4 10125.8 10100.3 10079.8 10056.2 10039 10029.8 10026.5 10021.7 10016 10008.9 10000.7 9993.21 9990.21 9987.7 9984.9 9985.9 9989.63 9990.62 9992.07 9995.49 9990.08 9988.56 9992.45 10013 10022.6 10024 10023.7 10009.8 9993 9974.85 9954.3 9927.5 9899.13 9891.08 9903.07 9916.97 9913.46 9909.29 9903.8 9899.3 9885.14 9869.31 9870.03 9844.96 9815.86 9797.27 9791.55 9782.05 9780.64 9786.07 9791.9 9792.51 9789.12 9787.38 9789.65 9798.39 9801.2 9806.34 9807.99 9806.27 9803.12 9807.11 9810.22 9808.4 9806.43
