real_craters/C149-500m.grd
DSAA
192 192
-47.7225 47.7225
-47.7225 47.7225
8442.4824816272 10839.693268209
[rows 150 to 179 of 192, columns 0 to 66 of 192]
10113.4 10104.4 10107.5 10112.9 10120.5 10128.7 10134.8 10133.6 10130.8 10127.9 10123.6 10119.2 10109.8 10103.6 10099.4 10095.2 10091.9 10089.9 10089.3 10088.6 10089 10091.9 10096 10104.1 10123.8 10142.6 10170.3 10193.7 10193.1 10177.9 10183.4 10196.5 10187.1 10198.8 10210.7 10214.4 10214.4 10213.9 10214.9 10221.3 10207.8 10180.3 10208.9 10247.5 10288.5 10292.6 10299 10316.5 10350.9 10399 10459.4 10484.9 10478 10475.2 10465.2 10440.2 10413.3 10379.8 10283.6 10225.5 10213 10172 10113.7 10074 10046.7 10027 10012.3
10100.4 10094.2 10101.4 10108.7 10115.8 10122.2 10125.1 10121.3 10118.8 10115.8 10113.7 10107.5 10099.9 10096.9 10095 10093.6 10090.1 10085.3 10081.6 10081.9 10082.9 10081 10088 10099.3 10123.3 10140.6 10153.8 10179.1 10196.5 10167.8 10170.3 10177.6 10181.4 10184.6 10207.6 10213.5 10216.2 10217.8 10223.8 10230.4 10231.5 10230.7 10250.8 10283 10312.3 10317.7 10339.9 10361.1 10399.9 10447.7 10488.7 10512.9 10535.3 10540.3 10538.1 10522 10459.7 10400.9 10345.1 10305.6 10292.3 10243.5 10182.3 10139.7 10089 10058.9 10039.5
10088.9 10093.1 10098.3 10104.6 10110.1 10114.4 10115.9 10111.9 10108.4 10104.2 10098.3 10094.4 10090.9 10090.5 10090.3 10090.6 10087.8 10082.6 10079.4 10075.5 10078.7 10082.3 10086.2 10092 10100.9 10116.3 10127.3 10136.2 10169.3 10160.8 10158 10157.3 10177.6 10192.6 10202.6 10205.3 10206.2 10212.6 10224.1 10234.2 10245.4 10259 10278.7 10303.9 10314.6 10318.1 10345.8 10385.5 10431.4 10481.1 10527.6 10567.3 10584.1 10591 10584.6 10551.9 10488.7 10432.5 10408.1 10377.4 10335.2 10272.1 10206.9 10151 10111.6 10084.4 10064.6
10086.9 10091.6 10096.1 10100.1 10103.9 10106.7 10107.6 10105 10100 10094.2 10089.4 10084.5 10084.7 10085.1 10084.9 10083.9 10081.9 10078.2 10075.5 10072.3 10077.5 10081.6 10084.7 10086.5 10087.1 10095.7 10104.9 10111 10130.2 10140.5 10148.8 10154.3 10160.5 10188.6 10190.9 10193.4 10187.1 10204.4 10218.2 10234.3 10250.5 10266.4 10294.2 10330 10352.3 10346.5 10362.5 10407 10453.1 10505.2 10560.2 10607.2 10622.1 10626.3 10625 10588.7 10524.6 10475.4 10447.5 10389.3 10327.7 10268.6 10211.8 10157.6 10126.6 10105.9 10089.2
10085.5 10090.2 10093.5 10095.9 10098.2 10099.8 10100.3 10098.2 10093.5 10088 10083.2 10081.2 10081.4 10081.1 10080.2 10079.5 10078.1 10077.4 10075.1 10072.8 10075.5 10079 10082.1 10082.1 10082.1 10087.6 10095.1 10103 10114.4 10131.1 10140.4 10150.6 10140.8 10175.5 10186.8 10189 10189.8 10201.3 10217.1 10232.4 10250.3 10265.3 10289.1 10330.5 10366.2 10378.1 10390.2 10422.7 10464 10512.4 10566.1 10617.6 10633.3 10638.8 10634.3 10595.8 10531.4 10474.5 10422.7 10344.8 10281.3 10260.7 10219.9 10172.1 10148.5 10131.2 10117
10087.1 10089.3 10091.3 10092.2 10092.4 10092 10092.4 10092.1 10088.8 10083.8 10080.9 10081.9 10080.2 10077.5 10075.4 10074.1 10072.4 10072 10074.8 10077.5 10075.2 10074.2 10077.4 10077.5 10079.2 10084.2 10091.3 10099.6 10107.2 10119.5 10127.1 10130 10136.3 10165.8 10180.2 10184.5 10189.9 10201.5 10215.4 10229.1 10242.1 10256 10268.1 10273.5 10308.9 10361.2 10403.3 10429.9 10463 10502.3 10545.6 10582.5 10610.3 10628.8 10631.1 10591.3 10519.8 10460.7 10408.4 10372.6 10338.2 10286.2 10244.2 10211.1 10181.7 10162 10152.7
10085 10087.6 10089.1 10088.3 10087.1 10086 10087.2 10087.8 10086 10084.6 10083.9 10082.3 10077.6 10074 10070.8 10068.3 10069.8 10071.5 10077.1 10080.6 10075.2 10073.9 10076.9 10078.3 10079 10083.1 10088.2 10094.3 10100.9 10107.9 10115.7 10121.3 10136.1 10159 10175.4 10184.4 10192.2 10202.6 10215.2 10227.4 10237.2 10249.9 10259.5 10272.7 10309.5 10354.8 10397.3 10422.9 10450.5 10480.5 10511.5 10544.1 10576.3 10607.7 10622.9 10595.2 10538.2 10486.4 10442.3 10403.8 10365.4 10317.3 10272.6 10230.3 10204.5 10194.9 10189.7
10082.4 10086.2 10086.8 10083.5 10081.2 10081.4 10085.2 10084.2 10082.2 10082.4 10079.9 10074.9 10073.1 10070.5 10069 10068.7 10072.4 10075.3 10080 10083.4 10080.2 10080 10079.1 10080.3 10082.3 10082.7 10083.9 10088.3 10094.6 10099 10109.4 10120.5 10134.8 10157.1 10179.1 10189.8 10193.5 10203.3 10217 10230.5 10244.9 10254.3 10263.5 10276.8 10310.3 10335.4 10375.2 10409.2 10438.2 10460.9 10476.1 10485.1 10512.8 10582.1 10632.1 10606.7 10565.5 10516.9 10475.1 10442.6 10390.6 10349.3 10308 10263.9 10238.8 10233 10226.4
10076.4 10080.3 10080.5 10075.9 10073.4 10072.4 10076.4 10076.7 10074.4 10071.4 10070 10069.9 10068 10067.1 10067.4 10070.7 10075.7 10080.5 10083.1 10084.6 10084.7 10084.5 10078.8 10080.7 10084 10082.2 10080.7 10084.2 10089.4 10092 10104.3 10113.4 10128 10149.5 10167.8 10183.8 10197 10209.6 10218.6 10230.5 10245.6 10256.8 10265.4 10290.6 10321.7 10354 10372.6 10403.6 10430 10447.4 10455.2 10451.8 10476.6 10554.5 10605.2 10603.5 10575.8 10541.7 10504.2 10469.1 10420.8 10385.3 10353 10326.3 10307.1 10282.7 10264.7
10068.9 10066.4 10064.2 10066 10066.3 10065.5 10067.3 10068.2 10067.1 10063.8 10061 10062.1 10063 10063.3 10063.7 10066.4 10076 10078.3 10067.5 10072 10081.4 10086.7 10084.7 10081.7 10081.8 10081.7 10081.4 10082.2 10085.7 10089.3 10098.1 10102.7 10120.1 10138.9 10153.3 10172.1 10189.6 10204 10217.1 10227.8 10237.1 10245.7 10252.3 10271.8 10312.1 10368.9 10390.3 10413.1 10434.3 10449.6 10459.3 10467.5 10490.8 10561.3 10597.8 10594.6 10582.2 10564.8 10525.8 10484.8 10453.3 10425.1 10397.5 10378.3 10361.3 10330.2 10307.5
10055.4 10054.9 10054.4 10057.8 10060.4 10061.7 10059.8 10061.8 10062.8 10062.4 10059.1 10058.9 10060.1 10061 10062 10062.8 10060.6 10066.5 10050.4 10050.7 10075.8 10085.2 10078.2 10079 10080.3 10081.5 10081.7 10083.4 10086.6 10091.7 10096.3 10100 10115.6 10135.7 10157.2 10162.6 10176.6 10196.1 10214.6 10229.7 10235.1 10234.7 10243.4 10262.9 10297.8 10350.8 10397.7 10426.7 10443.7 10459.8 10475.2 10499.6 10549.1 10575.1 10591.1 10576.5 10562.3 10552.5 10535.1 10513.2 10496.5 10461.8 10432.9 10409.2 10384.9 10366.9 10350.2
10045.1 10047.7 10049.4 10052.9 10054.9 10055.1 10055.2 10057.6 10059.7 10060.4 10059.5 10057.9 10058.6 10060 10063.1 10069.2 10084 10086.3 10079 10072.7 10078 10082.7 10079 10079.4 10081.8 10081.6 10082.1 10082.3 10087.2 10092.7 10094.4 10098.9 10113.1 10130.9 10148 10149.1 10165.6 10190.5 10214.6 10232.9 10240 10241.3 10250.7 10272 10303.1 10356.6 10406.7 10440.5 10459.5 10474.4 10489.8 10510.8 10532.9 10549 10555.7 10552.4 10542.1 10536.3 10535.4 10534.2 10506.3 10481.2 10458.7 10437 10414.5 10403.6 10391.2
10038.6 10043.4 10050.4 10049.9 10052.3 10053.7 10053.6 10054.3 10055.4 10056.5 10055 10055.6 10057.2 10058.7 10060.5 10067 10072.6 10077.1 10077.5 10077.8 10080.2 10082.8 10078 10078.4 10079.2 10080.4 10081.6 10082.6 10088.6 10094.2 10092.4 10101 10112.6 10124.8 10134.4 10147.7 10167.8 10188.1 10216 10239.2 10246 10251.8 10264.9 10286.2 10324.4 10377.1 10424.9 10459.6 10480.7 10490 10497.3 10505.3 10513.5 10523.7 10529.3 10530.3 10522.5 10518 10525 10527 10506.6 10490.1 10477.2 10467.7 10457.7 10447.3 10428.7
10033 10039.2 10042 10044 10044.3 10046.8 10049.1 10050.9 10052.7 10053.9 10055.1 10056.3 10056.5 10058.2 10059.9 10062.6 10067.5 10069.7 10069.6 10073.8 10077.5 10080.2 10076.5 10077.1 10077.9 10079.7 10081.6 10084.7 10088.2 10095 10099.6 10105.4 10114 10122.9 10133 10158.7 10176.4 10194.4 10215.2 10239.7 10240.3 10248.3 10263.7 10291.9 10355.4 10445.5 10499.9 10502.2 10507.7 10501.4 10494.6 10491.4 10494.6 10500.9 10499.8 10501.2 10495.9 10495.2 10505.2 10509.1 10501.6 10492.4 10486.5 10487.8 10500.1 10479.4 10453.4
10035.7 10037.5 10039.5 10040 10039.6 10041.6 10045 10047.6 10049.2 10050.7 10052.6 10052.4 10054.6 10056.8 10058.3 10055.7 10061.3 10065.3 10065.7 10070 10072.9 10073.3 10073 10077.2 10079.7 10080.8 10080.9 10081.9 10085.9 10088.3 10091.9 10108.3 10116.3 10124.6 10133.3 10156.7 10174.5 10191.1 10198.8 10208.3 10223 10225.8 10239 10304.4 10389 10504.8 10585.1 10567.3 10529.3 10500.8 10481.2 10466.8 10458.7 10450.7 10463.3 10474.8 10475.9 10475.4 10480.6 10485.9 10484 10482.6 10483.5 10484.1 10482.1 10472.4 10459.4
10034 10035 10035.8 10035.6 10036.6 10038.2 10042.2 10046.1 10049.4 10052.4 10052.7 10052.2 10053.2 10053.6 10053 10052.5 10057.3 10063.2 10067.9 10068.3 10069.3 10068.7 10069.4 10075 10079.4 10082.8 10084.2 10085.1 10084.9 10088.2 10096.9 10106.7 10116 10126.1 10137.7 10151.1 10157.5 10168.5 10172.7 10184.1 10221.6 10254.7 10289.7 10354.5 10402.3 10477.3 10533.4 10548.6 10510.1 10478.8 10454.8 10436.6 10419.8 10411.1 10427.9 10447.5 10454.3 10454.1 10451.5 10457.2 10467.4 10472.4 10473.2 10471.5 10466.2 10459.7 10454.9
10031 10032 10031.9 10033.3 10035.1 10036.2 10040.5 10045.2 10049.3 10052.1 10053.4 10053 10052.5 10051.8 10051.1 10051.4 10052.6 10060.1 10064.8 10065.7 10066.6 10068.8 10070.6 10072.9 10077.1 10080.1 10079.3 10079.5 10083.8 10088.4 10099.4 10107 10119.9 10131.1 10138.8 10142.4 10150.4 10161.2 10171.8 10193.8 10237.1 10293.3 10334.3 10358.6 10385.3 10415.2 10435.4 10452.9 10449.5 10435.8 10420.2 10405.9 10389.5 10383.9 10399.5 10411.2 10423.7 10430.7 10436.6 10443.4 10452.2 10457.7 10460.1 10458.7 10452.8 10447.3 10447.7
10027.1 10029.5 10031.1 10030.6 10030.1 10035.5 10039.8 10044 10046.1 10047.5 10051.5 10052.6 10051.7 10050.1 10049.3 10049.1 10051.2 10056.3 10060.1 10061.3 10062.4 10064.2 10064.4 10069 10074 10076.7 10075.8 10076.3 10079.5 10086.2 10098.2 10108.4 10122.9 10137.2 10148.7 10153.3 10152.3 10177.1 10195.7 10211.4 10246.4 10289.6 10324.9 10335.7 10345.1 10354.5 10358.7 10372.3 10380.3 10385.2 10384.8 10381.6 10374.8 10372.6 10386 10397.5 10402.7 10414.5 10417.9 10431.3 10441.4 10445.9 10449.9 10449.7 10445.6 10440.7 10441.2
10027.5 10027.6 10028 10028.4 10029.9 10034.9 10039.1 10042.4 10044.3 10045.5 10048.5 10050.6 10050.4 10049.5 10048.2 10048.2 10049.7 10051.1 10053.8 10055.8 10056.8 10056.7 10057.2 10066.9 10071.4 10073.2 10075.8 10075.5 10076.3 10085.7 10104.1 10115.4 10130.3 10147.5 10167.2 10186.6 10189.5 10200.4 10209.9 10224.1 10245.4 10267.5 10286.3 10292.4 10295.7 10301.3 10307.4 10303.9 10320.5 10340.7 10352 10361.4 10376.3 10380 10379.1 10389.6 10407.4 10417.2 10424.3 10432.9 10439.1 10442.4 10444.2 10444.6 10443.2 10440.7 10434.9
10024.5 10025.7 10025.5 10024.6 10029.4 10036.2 10037.5 10039.9 10041.6 10041.3 10044.1 10047.6 10047.3 10045.9 10046.8 10047.3 10047.3 10047.1 10049.5 10051.6 10052.8 10053.9 10057.5 10067.7 10072.2 10074.7 10076.8 10075.5 10075 10076.9 10123.2 10117.4 10135.7 10158.9 10182 10204.7 10207.9 10222.6 10236.3 10236.6 10237.9 10243.1 10242.2 10243.1 10249.2 10255.8 10262.9 10268.2 10290.3 10312.6 10326.6 10337.9 10350.4 10369.7 10383 10395.6 10407.9 10428.1 10443.5 10441.3 10441.8 10440.3 10440.7 10438.4 10435.6 10439.1 10418.9
10023.1 10023.6 10023.3 10022.1 10025.1 10031.4 10033.9 10035 10036.6 10036.4 10040 10042.8 10043.1 10042.1 10042.9 10044.7 10046.2 10047.6 10048.1 10049.1 10049.7 10049.9 10052.7 10060.9 10067.9 10068.1 10068.1 10074.2 10083.3 10107.3 10117.7 10118.3 10141.1 10163.9 10185.5 10203.7 10218.9 10224.3 10237.1 10229.4 10221.4 10216 10206.6 10203.6 10212.6 10219.7 10224.3 10252.5 10286.1 10296.2 10306.3 10315.8 10326.1 10362.7 10394.5 10407.3 10419.6 10425.6 10435.9 10438.5 10443.3 10446.9 10443.1 10427.9 10409 10390.5 10377.2
10020.1 10021.2 10021.6 10023 10024 10027.1 10029.9 10032.7 10034.5 10037.5 10037.7 10038.3 10037.8 10037.9 10040.9 10042.4 10043.8 10046.7 10047.1 10047.5 10048.1 10047.8 10046.9 10052 10059.5 10055.7 10059.1 10074.5 10093.2 10114.4 10130.5 10135.2 10149.7 10164.9 10181.5 10201 10201.6 10198 10199.8 10202.1 10197.8 10188.6 10178.2 10179.2 10189.5 10199.1 10208.4 10237.3 10270 10280.4 10288.1 10297.4 10313.5 10349.3 10385 10395.1 10402.8 10403.6 10409.9 10424.2 10438 10452.9 10448 10413.4 10377.1 10345.8 10335.7
10018 10018.3 10018.2 10018.4 10018.9 10022.7 10026.4 10028.8 10031.2 10033.4 10034.6 10035.2 10034.5 10033.4 10036.2 10033.8 10038.6 10042.8 10045.4 10047.1 10048.3 10048.5 10046.5 10045.5 10046.5 10036.8 10045.4 10080.9 10108.2 10139 10148.1 10161.5 10157.5 10160.4 10168.2 10173.2 10171.1 10168.8 10170.5 10178.6 10176.9 10169.9 10163.3 10165.5 10176 10189 10205.2 10228.4 10251.9 10262.5 10269.4 10278.4 10293.7 10316.6 10334.9 10367 10382 10385.5 10391.8 10405.1 10418.6 10436.6 10436.1 10387.6 10349.7 10317.5 10309.4
10016.4 10016.3 10015.9 10015.6 10017 10020.9 10024.1 10027.1 10028.2 10030.4 10031.4 10031.7 10033.4 10035.2 10034.2 10035.9 10035.3 10038.8 10045.7 10050.1 10050.8 10048.9 10049.3 10050.5 10050.5 10064.6 10081.8 10099.9 10121.3 10136.6 10140.4 10148 10149.8 10151.7 10152.7 10151 10147.9 10150.2 10159.4 10166.6 10162.7 10156.1 10153 10157.1 10167.6 10182.1 10200.4 10221.6 10239.3 10242.3 10250.7 10259.8 10272.2 10294.1 10316.7 10346.6 10360.5 10370.8 10378.2 10383.8 10385.8 10379.9 10358.2 10344.6 10326.3 10307.4 10300.9
10017.4 10018.5 10015.9 10017.1 10021.2 10022.9 10024 10024 10028 10028.4 10029.1 10029.5 10030.1 10032.8 10033.8 10036 10035.7 10041.1 10051.1 10059.4 10063 10056.8 10063.4 10076.3 10086.5 10104.5 10112.8 10117.4 10128.3 10129.8 10127.3 10130.3 10136.3 10139.2 10139.9 10137.5 10136.7 10140.9 10152.8 10160.4 10153.9 10147.9 10144.1 10149.7 10160.1 10173.5 10189.3 10204.6 10202.1 10216.6 10232.1 10247.1 10261.8 10281.8 10310.5 10320.5 10342.1 10355.4 10364 10365.9 10357.8 10336 10308 10315 10316.7 10309.3 10306.8
10015.3 10015.1 10015.9 10019.7 10024.7 10025.6 10027.8 10027.7 10026.4 10027 10027.8 10028.9 10029.6 10032.3 10033.7 10034.4 10039.6 10048.2 10061.4 10075.2 10088.2 10102.6 10103.5 10116.8 10131.6 10124.7 10120.3 10121.8 10126.4 10119.3 10118.3 10121.5 10125.3 10129.2 10130.5 10130.9 10133.3 10136 10147.9 10154.5 10144.6 10138.7 10138.8 10142 10152.5 10162.7 10172.7 10178 10179.8 10195.9 10217.9 10239.9 10255.1 10263.8 10281.1 10309.2 10336.4 10355.9 10360.7 10357.6 10347.4 10329.1 10307.2 10319.3 10330.4 10337.2 10344.8
10014 10014.2 10017.9 10020.3 10022.8 10025.9 10028.8 10027.7 10024.6 10025.7 10027.3 10028.7 10031.2 10034.3 10036.4 10040.6 10044 10057.1 10074.4 10090.7 10109.6 10129.6 10133.7 10136.7 10134.1 10121.5 10113.3 10115.5 10119.4 10111.4 10111.5 10113.6 10120.5 10124.2 10125.3 10125.6 10127.8 10140.7 10147.6 10150.3 10140.8 10129.6 10128.3 10140.1 10147.1 10152.6 10158.2 10164.1 10167.7 10184 10207.4 10231.5 10247 10255.9 10278 10308.1 10330.5 10353.9 10357.2 10354.8 10349.6 10343.6 10344 10348.5 10358.1 10372.4 10389.5
10015.7 10019.9 10020.8 10019.9 10024.4 10026.1 10025.2 10024.8 10024.2 10027.2 10029.6 10030.2 10032.2 10037.3 10041.5 10055.6 10071.9 10079.3 10088.5 10101.2 10116.4 10130 10134.8 10134.4 10125.3 10110.7 10102.6 10105.7 10110 10105.9 10108.8 10116.3 10122.6 10122.2 10123.1 10123.3 10123.6 10140.1 10141 10137.6 10137.2 10122.5 10125.4 10142.6 10140.7 10143.9 10147.9 10150.1 10157.4 10180.8 10208.2 10220.9 10240.1 10254.1 10272.3 10294.7 10318.6 10336 10349.6 10354.4 10356 10359.2 10368.5 10376.2 10384.7 10399.2 10412.5
10017.5 10019.3 10019.6 10021.7 10025.2 10030 10029.6 10030.7 10030.9 10032.9 10036 10037.5 10037.7 10050.1 10064.4 10075.2 10089.6 10092.6 10097.5 10105.5 10114.4 10121.2 10122.5 10118.8 10110.9 10101.9 10090.4 10095.2 10101.3 10101.3 10105.6 10112.1 10117.1 10119.2 10121.8 10125.8 10132.4 10134.2 10130.6 10124.4 10126.1 10112.9 10112.7 10119.6 10126.8 10136.8 10146.7 10154.2 10169.7 10197.9 10229.7 10255.7 10262.5 10266.6 10271.4 10290.7 10323.2 10339.8 10350 10354.3 10358.5 10367.3 10380.3 10391 10401.3 10418.5 10438
10020.1 10023.2 10024 10026.4 10034 10038.8 10042.3 10037.3 10036.2 10040.7 10046.1 10053.8 10064 10071.5 10081.9 10085.5 10090.2 10095.6 10100.1 10104.9 10109.3 10111.3 10108.8 10100.6 10096.9 10089.6 10083.8 10088.4 10094.3 10097.3 10101.3 10106 10110.2 10114.4 10119.2 10125.4 10134.2 10131 10121.8 10115 10113.7 10103.3 10098.8 10097.8 10113 10134 10156.1 10180.7 10212.9 10244.1 10257 10270.8 10284.8 10299.6 10313.2 10326 10345.7 10356.8 10353.2 10354.9 10360.5 10368.5 10376.7 10388.4 10408.5 10432 10455.1
