real_craters/C149-300m.grd
DSAA
319 319
-47.7225 47.7225
-47.7225 47.7225
8439.948700585 10841.466822856
[rows 180 to 209 of 319, columns 0 to 66 of 319]
10092.4 10104.5 10117 10130.3 10143.2 10157.4 10171.6 10184.4 10202.6 10219.7 10238.2 10247.7 10233.2 10202.2 10160.7 10112.9 10064 10015.2 9967.5 9922.12 9879.41 9840.37 9814.1 9812.44 9822.86 9823.85 9819.25 9815.39 9815.03 9816.8 9819.48 9821.77 9823.06 9823.7 9823.37 9822.96 9824.01 9822.81 9819.41 9815.49 9805.13 9798.11 9792.78 9788.64 9786.6 9785.02 9785.81 9785.49 9786.68 9789.4 9792.75 9794.4 9794.1 9795.81 9799.64 9805.58 9804.28 9791.88 9782.58 9777.83 9773.96 9771.83 9774.6 9794.6 9813.96 9818.72 9825.76
10086.7 10097.5 10109 10121.4 10135.3 10150.1 10168.9 10192.5 10197.4 10209.1 10236 10246.5 10230.5 10197.7 10156.7 10110.9 10063.3 10015.4 9968.37 9923.64 9885.07 9839.7 9808.85 9810.55 9818.18 9821.09 9820.44 9818.93 9816.47 9818.33 9822.41 9825.9 9827.83 9828.2 9827.06 9823.84 9819.06 9822.14 9826.36 9812.06 9800.47 9792.52 9785.96 9781.16 9779.47 9777.95 9776.62 9777.83 9782.82 9784.97 9785.02 9785.73 9785.74 9787.67 9790.41 9793.63 9790.95 9778.66 9770.6 9771.22 9771.9 9773.8 9780.91 9813.22 9824.01 9824.49 9828.28
10080.3 10090.9 10101.6 10112.2 10124.9 10138.6 10155.5 10174.4 10180.1 10194.8 10233 10253 10226.3 10191.6 10151.3 10106.8 10060.6 10013.7 9967.25 9922.16 9882.74 9843.53 9816.31 9813.42 9815.06 9818.04 9821.3 9822.38 9820.16 9822.72 9827.4 9831.63 9833.47 9833.91 9832.81 9829.25 9823.38 9820.15 9810.39 9800.86 9793.68 9788.03 9781.82 9777.09 9775.01 9772.2 9769.01 9769.37 9774.22 9775.72 9773.35 9772.8 9776.43 9779.4 9780 9777.05 9774.67 9770.55 9766.58 9769.51 9773.59 9778.45 9786.2 9821.53 9826.99 9824.13 9825.89
10073.9 10084.2 10093 10103 10113.9 10123.6 10133.1 10141.3 10150.4 10171.4 10212.1 10228 10211.2 10181.3 10144.4 10102.4 10057.4 10011.7 9965.99 9921.71 9879.23 9856.56 9834.52 9821.68 9817.1 9818.79 9824.44 9826.24 9828.02 9832.75 9837.71 9838.92 9839.63 9839.66 9839.24 9838 9832.28 9821.7 9810.56 9797.5 9790.58 9786.46 9782.85 9778.54 9774.35 9770.12 9765.33 9763.58 9767.65 9769.05 9768.14 9768.44 9772.39 9775.43 9774.91 9772.22 9770.86 9769.73 9767.85 9772.91 9779.23 9786.84 9799.23 9823.57 9823.91 9819.24 9818.01
10067.7 10077.3 10086 10094.5 10102.9 10109.3 10113.7 10114 10123.3 10147.9 10185.9 10199.8 10194.5 10170.7 10138.5 10098.9 10055.5 10010.4 9965.85 9927.1 9896.58 9867.08 9845.15 9828.63 9821.35 9821.77 9829.87 9833.67 9839.17 9844.91 9844.99 9845.88 9845.01 9843.82 9843.27 9842.97 9834.84 9820.56 9807.73 9795.37 9791.07 9787.88 9784.15 9780.57 9776.66 9772.56 9768.63 9766.79 9771.18 9773.66 9772.56 9773.4 9776.43 9778.26 9776.98 9773.89 9774.7 9774.56 9774.64 9781.24 9787.7 9796.05 9807.92 9817.64 9819.57 9814.65 9810.58
10062.7 10070.1 10078.7 10086.7 10093.8 10100.2 10104.3 10109.3 10124.5 10152.7 10187 10194.5 10185.7 10164.6 10134 10097.1 10055.1 10009.9 9964.08 9921.22 9887.48 9858.2 9842.34 9831.82 9825.08 9825.03 9830.38 9838.74 9846.17 9853.25 9855.16 9852.77 9849.18 9845.48 9842.65 9840.88 9829.59 9813.32 9801.42 9796.71 9795.39 9791.42 9786.59 9784.08 9781.2 9778.05 9775.48 9775.45 9780.87 9784.81 9783.59 9785.33 9787.16 9786.89 9786.09 9784.66 9787.2 9788.19 9791.94 9793.29 9796.72 9802.63 9811.63 9817.96 9818.51 9815.54 9808.9
10056.3 10063 10071.5 10079.4 10086.6 10094.1 10100.9 10111.5 10133.7 10163.8 10197.3 10196.6 10183 10161.6 10132.6 10097.7 10057.6 10013.2 9965.4 9917.4 9884.38 9863.93 9848 9836.19 9827.79 9823.75 9833.03 9847.15 9853.62 9859.64 9860.13 9856.65 9850.39 9843.22 9835.67 9829.59 9817.61 9803.66 9795.18 9797.79 9799.18 9797.21 9794.31 9790.6 9787.83 9785.45 9784.37 9787.9 9792.11 9795.54 9795.84 9795.53 9796.21 9797.58 9799.74 9801.68 9804.68 9807.25 9804.66 9804.25 9804.56 9805.75 9810.47 9817.87 9818.35 9816.2 9808.3
10048.7 10055.5 10065.2 10073.1 10080.7 10089.4 10099.3 10111.7 10128.6 10161.6 10185.7 10189.7 10179.6 10161.1 10134.9 10103.1 10065.6 10023 9974.65 9927.27 9897.01 9877.71 9858.71 9843 9832.89 9832.06 9837.7 9849.37 9857.56 9859.97 9861.35 9857.74 9849.44 9839.15 9826.88 9809.4 9805.41 9798.12 9794.9 9798.35 9803.4 9804.49 9800.88 9797.91 9794.64 9792.69 9793.09 9796.03 9800.66 9803.98 9804.91 9803.72 9802.98 9807.23 9812.5 9815.98 9816.93 9817.65 9815.78 9813.17 9810.92 9810.35 9814.74 9817.54 9817.09 9814.57 9807.33
10043.9 10050.2 10057.1 10064.8 10075.3 10083.8 10097.2 10113.5 10131.1 10160.5 10180.7 10184.4 10177.5 10160.8 10138.6 10110.8 10078.7 10040.8 9996.29 9950.69 9919.87 9896.75 9872.06 9851.32 9835.59 9826.3 9823.97 9839.58 9847.75 9853.36 9858.57 9856.1 9846.52 9835.5 9823.84 9813.08 9802.35 9796.24 9796.35 9804.06 9813.96 9814.46 9811.37 9804.15 9799.72 9797.77 9798.37 9802.06 9807.88 9812.55 9813.34 9812.05 9810.81 9814.32 9818.57 9820.98 9819.83 9819.47 9818.88 9817.02 9814.94 9813.43 9814.85 9815.62 9815.16 9813.1 9807.29
10037.2 10043.6 10048.5 10056.4 10065.2 10077.4 10092.1 10114 10143.4 10166.9 10182.1 10182.4 10175.7 10162.2 10144.5 10121.8 10096.7 10066 10028.5 9984.45 9948.14 9915.6 9887.11 9861.1 9837.67 9816.16 9816.65 9837.29 9842.72 9848.13 9852.63 9850.26 9841.34 9831.16 9821.4 9811.3 9801.37 9794.97 9796.63 9809.27 9822.39 9817.94 9812.69 9805.64 9801.42 9800.02 9800.77 9804.28 9812.2 9817.54 9818.91 9818.29 9820.06 9817.76 9816.29 9816.97 9818.27 9818.32 9817.73 9817.08 9816.8 9815.35 9813.15 9812.4 9812.43 9812.53 9810.15
10030 10034.2 10040.7 10049.1 10058.5 10070.3 10086.1 10107.5 10142.3 10167.2 10178.5 10179.8 10175.5 10166 10153.1 10138 10119.9 10098.7 10070.5 10030.7 9980.83 9938.72 9906.06 9877.3 9849.28 9824.42 9822.88 9841.95 9845.64 9846.58 9847.17 9843.7 9834.39 9825.81 9818.46 9810.67 9800.57 9793.36 9797.26 9809.23 9816.3 9809.37 9804.33 9801.66 9799.76 9799.07 9800.27 9804 9807.16 9811.91 9816.76 9817.45 9818.29 9816.81 9813.32 9812.21 9812.15 9814.04 9816.14 9817.68 9817.14 9815.28 9809.45 9807.59 9808.4 9810.05 9810.31
10024.9 10030 10037.1 10044.3 10052.1 10062.8 10077.5 10096.7 10129.7 10164.3 10175.4 10176.7 10173.6 10168.2 10160.1 10150.2 10141.4 10131.4 10115.7 10079.4 10009.9 9960.89 9928.6 9899.74 9872.38 9847.36 9835.9 9846.33 9844.03 9848.3 9842.42 9832.61 9826.47 9820.12 9813.86 9807.69 9801.56 9797.35 9798.17 9801.02 9803.16 9797.49 9795.37 9795.84 9795.67 9795.6 9796.07 9797.12 9796.67 9802.39 9808.14 9808.83 9812.46 9808.97 9808.88 9805.33 9806.64 9807.46 9811.74 9816.41 9814.05 9809.69 9800.28 9801.16 9803.52 9805.3 9806.03
10022.8 10028 10032.5 10038.6 10046.6 10055.1 10066.5 10084.1 10120.2 10161 10170.7 10171 10169.3 10167 10164.4 10161.7 10159.9 10157.8 10150.1 10111.9 10036.1 9988.1 9956.44 9927.66 9900.93 9881.62 9860.98 9870.6 9875.99 9859.39 9843.08 9828.87 9821.22 9816.18 9812.67 9809.21 9805.77 9803.76 9805.1 9804.68 9798.68 9792.77 9791.59 9792.07 9792.13 9791.53 9790.76 9789.63 9788.03 9789.99 9793.71 9794.19 9789.94 9789.34 9790.8 9791.1 9789.59 9796.93 9802.42 9805.38 9806.92 9801.56 9792.45 9796.1 9799.87 9802.82 9805.64
10019 10023.2 10026.9 10031.9 10038.2 10045.1 10054.4 10069.8 10107.1 10144 10154.1 10159.4 10162 10163.4 10165.2 10167.3 10169.7 10173.2 10170.5 10134.4 10067.6 10022.6 9988.35 9957.6 9928.77 9900.82 9884.55 9889.25 9886.76 9867.73 9846.85 9827.86 9820.41 9816.22 9809.62 9812.65 9815.33 9817.85 9822.58 9811.82 9799.67 9793.16 9791.76 9791.05 9790.49 9789.25 9787.35 9784.79 9781.95 9781.82 9782.85 9784.13 9781.09 9779.73 9780.55 9782.02 9783.54 9788.69 9793.43 9797.11 9798.12 9794.67 9791.02 9794.83 9798.53 9802.34 9807.53
10014.3 10017.4 10021.2 10025.5 10030.6 10036.5 10043.8 10055.7 10089.1 10113 10130.5 10142.8 10150 10155.8 10160.4 10165.1 10170.9 10176.8 10175.8 10148.6 10100.1 10058.4 10020.6 9985.82 9955.38 9927.8 9901.1 9896.29 9890.53 9873.96 9853.7 9833.16 9826.47 9824.5 9822.2 9823.93 9829.07 9831.4 9828.94 9813.33 9801.17 9795.55 9793.86 9793 9791.73 9789.57 9786.66 9783.44 9781.16 9781.62 9782.57 9781.99 9780.66 9779.67 9779.24 9779.43 9781 9784.66 9787.29 9786.76 9789.01 9794.56 9795.82 9796.76 9798.81 9801.35 9804.35
10011.4 10014.3 10017.6 10021.3 10026.2 10032 10038.5 10048.9 10074.5 10092.2 10111.2 10125.9 10135.5 10142.5 10149.6 10156.5 10163.8 10169.5 10170.5 10161 10129.7 10091.9 10049.4 10008.1 9971.5 9937.28 9901.59 9902.22 9899.74 9883.02 9865.11 9849.31 9841.14 9838.25 9837.38 9834.87 9834.77 9829.88 9821.01 9812.39 9805.08 9800.66 9797.79 9796.57 9794.46 9791.41 9787.94 9784.54 9781.82 9782.5 9783.47 9783.16 9782.5 9781.51 9780.23 9780.85 9782.09 9784.05 9786 9787.48 9786.97 9796.95 9799.28 9799.15 9799.97 9801.42 9802.87
10009.6 10012.2 10015 10018.7 10023.1 10028.7 10037.7 10052.5 10069.6 10084 10098.4 10110.6 10119.9 10128 10135.1 10141.9 10151.3 10158.7 10166.2 10179.3 10167.7 10120.9 10072.4 10024.8 9975.7 9931.63 9899.01 9904.11 9902.83 9890.19 9876.5 9864.79 9855.7 9850.32 9847.78 9841.06 9835.54 9827.41 9819.48 9814 9808.04 9805.92 9803.77 9801.12 9797.81 9794.68 9791.39 9788.07 9784.67 9785.02 9785.98 9785.89 9785.15 9784.05 9783.5 9783.47 9784 9785.23 9787.28 9790.06 9790.92 9798.7 9799.88 9800.59 9801.36 9802.64 9805.07
10008.8 10010.7 10013.5 10016.5 10020.1 10024.9 10032.3 10045.4 10064 10079.9 10087 10095.2 10102.8 10110.6 10117.4 10125 10134.1 10143.4 10159.2 10184 10179.7 10135.2 10088.9 10041 9990.97 9944.87 9905.27 9903.1 9903.29 9896.86 9884.94 9872.76 9862.4 9855.56 9850.57 9843.62 9837.14 9830.78 9825.07 9820.78 9818.49 9815.47 9810.67 9806.52 9802.44 9798.69 9795.63 9793.29 9791.96 9792.09 9790.82 9789.74 9788.63 9787.54 9786.84 9785.96 9785.73 9786.51 9788.44 9791.23 9793.6 9794.07 9799 9801.38 9802.28 9803.03 9804.34
10007.9 10009.6 10011.9 10014.4 10017.1 10020.3 10024.4 10033.1 10047.6 10061.9 10070.4 10078.1 10085.1 10092.4 10099.5 10106.6 10113.1 10121.1 10136.6 10158.1 10158.2 10133.1 10099.6 10060.9 10015.1 9972.63 9928.02 9902.41 9906.37 9905.24 9891.89 9876.75 9864.05 9857.71 9852.11 9846.04 9839.13 9836.24 9832.5 9828.43 9825.12 9821.9 9816.34 9811.19 9806.39 9802.3 9799.04 9797.31 9797.93 9796.21 9794.19 9792.52 9791.1 9792.17 9789.96 9787.59 9787.39 9787.46 9788.85 9792.9 9797.67 9795.94 9801.16 9803.27 9803.29 9802.33 9801.21
10007.6 10009.7 10011.1 10013.3 10015.3 10017.1 10019.2 10024.4 10031.4 10040.2 10051.5 10061 10068.9 10075.4 10081.1 10086.6 10090.4 10095 10106.8 10125.7 10132 10123.6 10107.2 10085.3 10058.2 10015.4 9964.73 9926.56 9919.04 9912.59 9899.68 9885.01 9872.8 9865.79 9859.7 9853.39 9847.9 9846.7 9841.2 9835.27 9830.63 9824.6 9820.5 9815.41 9810.49 9805.63 9801.31 9798.15 9796.46 9793.71 9792.34 9791.57 9790.5 9789.21 9791.06 9792.5 9789.44 9787.91 9787.6 9789.77 9796.95 9804.87 9807.12 9806.8 9805.02 9802.01 9797.2
10007.4 10009.2 10010.6 10012.3 10013.8 10015.4 10017.3 10020.2 10023.6 10028.4 10038 10046.9 10054.2 10059.9 10064.9 10069.4 10071.8 10075.3 10084.2 10099.5 10109.9 10113.3 10110.8 10106 10098.2 10061.7 10013.7 9969.08 9946.02 9929.23 9912.12 9897.07 9886.03 9876.68 9870.4 9865.69 9861.82 9858.35 9849.18 9840.48 9834.89 9830.97 9824.4 9818.96 9813.31 9807.56 9801.89 9796.94 9792.03 9788.33 9788.57 9788.89 9789.72 9790.95 9791.77 9791.02 9790.2 9788.5 9786.49 9784.75 9793.36 9815.39 9813.48 9810.66 9807.57 9803.96 9799.66
10007.6 10009.3 10011.1 10012.6 10014 10015.3 10016.8 10018.9 10020.2 10024.1 10029.9 10036.6 10043 10048.1 10052.3 10055.5 10057.2 10058.9 10065.7 10074.7 10092.3 10104.1 10110.3 10113.6 10113.2 10092.7 10051.1 10001.4 9969.69 9948.27 9924.3 9907.58 9895.29 9886.6 9881.64 9878.02 9873.21 9866.26 9854.9 9843.79 9835.89 9833.77 9826.91 9821.78 9815.5 9809.51 9802.33 9795.68 9789.73 9786.04 9786.92 9788.48 9789.43 9790.08 9791.29 9792.27 9791.51 9790.27 9788.45 9786.62 9800.1 9817.26 9815.58 9812.71 9809.72 9807.18 9805.85
10008.3 10010.1 10011.7 10012.9 10014.3 10015.5 10016.8 10018.8 10020 10020.6 10023.6 10029.1 10034.7 10039.5 10043.3 10046.2 10047.9 10049.6 10055.1 10065.4 10083 10097.7 10106.8 10109.2 10108.1 10102.3 10063.4 10013.3 9980.45 9951.73 9930.9 9917.23 9906.8 9897.12 9893.73 9890.15 9881.54 9871.19 9860.99 9848.16 9835.91 9831.97 9829.39 9824 9817.68 9811.66 9803.89 9795.32 9788.59 9785.5 9786.23 9788.8 9789.41 9790.05 9791.49 9792.85 9793.48 9794 9794.62 9795.79 9811.4 9814.2 9814.74 9813.03 9811.1 9809.93 9809.7
10008.2 10010.2 10011.9 10013.1 10014.9 10016.3 10017.8 10020.1 10020.8 10019.1 10020.3 10024.8 10029.4 10033.7 10037.5 10040.8 10043.6 10047.1 10053.1 10063.2 10080.9 10096 10106 10108.8 10110.4 10110 10081.7 10027.3 9990.66 9963.58 9941.66 9927.87 9917.35 9910.49 9908.41 9903.53 9891.81 9880.85 9872.9 9859.2 9845.13 9840.75 9834.3 9827.8 9821.94 9815.06 9807.5 9798.35 9790.97 9786.83 9786.05 9788.59 9789.4 9790.46 9791.6 9793.09 9795.86 9798.62 9802.3 9807.84 9811.51 9812.55 9812.78 9812.31 9811.88 9812.04 9812.56
10008.8 10010.3 10011.9 10013.7 10015.4 10017.3 10018.9 10020.4 10020.7 10019.2 10020.2 10023 10026.8 10030.8 10034.9 10038.8 10043.2 10048.5 10057 10068.8 10083.2 10098.1 10109.8 10116.5 10116.6 10108.8 10081.2 10032.2 9997.97 9976.56 9955.88 9940.08 9928.14 9925.88 9928.27 9925.9 9912.72 9901.73 9894 9882.28 9864.42 9848.42 9838.21 9832.32 9827.2 9821.58 9814.03 9805.62 9797.27 9790.96 9786.67 9787.72 9789.04 9790.66 9792.38 9794.75 9798.62 9802.45 9807.46 9813.55 9810.27 9809.9 9809.78 9810.74 9812.26 9814.01 9816.21
10009.6 10010.9 10012.2 10013.6 10015.5 10018.1 10019.4 10018.6 10018 10018 10019.2 10022.3 10026.1 10030.2 10034.7 10039.5 10044.9 10051.5 10059.6 10071.9 10086.8 10101.8 10115.8 10124.7 10119.2 10097.2 10059.1 10021.9 9999.77 9987.17 9972.31 9954.46 9939.57 9939.37 9952.29 9959.85 9947.01 9931.81 9919.55 9906.53 9882.81 9853.32 9844.08 9838.83 9833.96 9829.32 9822.76 9815.13 9804.61 9795.17 9788.04 9788.31 9788.62 9792.78 9794.38 9798.89 9802.22 9805.4 9809.34 9813.04 9808.47 9803.49 9805.97 9808.78 9812.22 9815.35 9819.07
10010.5 10011.5 10012.4 10013.3 10014.3 10015.8 10016.7 10015.5 10015.5 10017.2 10019.3 10022.6 10026.6 10031.1 10035.8 10041 10046.9 10054.4 10062.2 10074.9 10089.5 10104.4 10119.1 10130.8 10120.3 10091.4 10047.5 10018.4 10004 9998.09 9989.79 9969.63 9955.01 9956.35 9970.99 9983.23 9978.16 9957.9 9940.78 9927.26 9899.6 9873.08 9858.74 9848.9 9843.19 9837.48 9832.8 9826.11 9813.28 9798.53 9793.19 9794.32 9798.24 9802.46 9806.36 9806.81 9806.66 9807.12 9808.84 9813.21 9810.46 9802.2 9803.84 9807.34 9811.09 9814.88 9818.96
10011.5 10012.3 10012.8 10013.1 10012.9 10012.3 10013.3 10013.7 10015.3 10017.7 10020.4 10023.9 10028.2 10032.9 10037.5 10042.9 10049.3 10058.3 10071.6 10079.6 10090.7 10103.5 10116.5 10126.4 10118.1 10091.7 10054.8 10030.6 10015.8 10007.4 9997.87 9983.79 9972.05 9973.64 9982.33 9986.29 9981.74 9968.52 9951.04 9932.74 9908.48 9883.45 9869.27 9860.39 9854.26 9848.99 9843.75 9837.06 9825.21 9813.35 9807.53 9808.02 9809.15 9814.28 9819.08 9815.23 9810.73 9807.96 9806.87 9811.12 9815.03 9805.27 9805.03 9807.68 9810.62 9814.23 9817.79
10012.5 10013 10013.5 10013.6 10013 10012 10014 10016.7 10017.8 10019.5 10021.6 10025.5 10030.2 10035.1 10039.6 10044.8 10050.8 10059.1 10069.3 10078.9 10089 10099.5 10109 10115.3 10118.4 10105.2 10077.7 10050.3 10031 10020.9 10010 10000.6 9993.75 9993.19 9997.36 9993.48 9982.73 9974.84 9959.52 9936.59 9917.15 9894.24 9882.13 9874.63 9869.24 9863.78 9857.9 9850.18 9839.51 9830.67 9823.37 9820.27 9821.65 9822.94 9824.55 9818.37 9812.7 9809.14 9807.63 9819.36 9821.93 9810.75 9807.9 9809.28 9811.63 9814.49 9817.32
10013.4 10014 10014.6 10015.1 10015.4 10015.6 10017.8 10019.9 10020.9 10022.3 10024.4 10028.1 10032.6 10037.4 10042 10046.6 10051.1 10057.8 10065.6 10075.3 10084.8 10094.3 10102.2 10108.9 10115.8 10120.1 10102.5 10070.8 10048.7 10042.6 10031.9 10022.7 10016.7 10015.3 10016.3 10006.9 9994.72 9989.23 9980.91 9964.95 9942.28 9916.68 9900.68 9894.42 9891.17 9884.05 9872.89 9863.55 9854.71 9845.93 9837.15 9831.08 9827.37 9826.42 9822.04 9816.21 9813.65 9812.18 9813.46 9831.08 9829.12 9816.22 9811.23 9811.37 9813.5 9816.16 9819.43
