real_craters/C149-500m.grd
DSAA
192 192
-47.7225 47.7225
-47.7225 47.7225
8442.4824816272 10839.693268209
[rows 30 to 59 of 192, columns 67 to 133 of 192]
9784.38 9769.22 9775.07 9788.4 9795.43 9805.05 9815.61 9824.48 9829.66 9832.41 9830.38 9825.08 9821.27 9821.33 9822.92 9819.43 9815.84 9812.96 9810.09 9806.75 9801.75 9796.59 9793.25 9776.33 9792.76 9786.61 9781.66 9777.68 9775.5 9773.76 9771.63 9769.86 9770.84 9773.32 9775.33 9779.67 9784.54 9788.55 9792.84 9795.48 9798.2 9801.47 9798.13 9805.67 9810.06 9821.38 9820.08 9811.87 9797.71 9794.37 9795.61 9797.9 9794.87 9794.3 9790.71 9789.88 9822.93 9857.19 9924.5 9996.66 10071.6 10098.9 10123.5 10170.4 10221.6 10276.7 10390.5
9776.05 9768.96 9771.64 9780.27 9791.14 9803.5 9815.49 9827.65 9835.51 9840.64 9839.28 9833.83 9829.94 9827.35 9824.17 9818.31 9813.71 9810.03 9807.04 9804.65 9803.07 9800.57 9793.83 9785.67 9793.29 9789.28 9778.12 9773.02 9772.12 9771.94 9771.86 9771.66 9771.99 9773.31 9777.58 9784.67 9792.47 9798.98 9804.67 9812.31 9803.66 9794.07 9795.98 9807.32 9812.65 9811.08 9796.31 9798.72 9791.61 9785.62 9782.74 9782.12 9777.43 9776.37 9775.98 9778.75 9791.1 9804.78 9847.25 9892.37 9946.25 10033.2 10121.4 10139.9 10156.6 10186.2 10273.2
9773.48 9769.23 9768.05 9776.59 9791.12 9800.67 9812.26 9821.62 9834.41 9842.57 9841.28 9836.13 9831.43 9826.35 9819.44 9815.01 9811.36 9807.89 9805.2 9803.19 9802.87 9802.22 9793.75 9790.05 9785.38 9773.04 9769.04 9768.72 9770.04 9771.81 9773.76 9775.14 9775.48 9774.95 9779.62 9786.65 9795.94 9803.18 9807.76 9811.85 9803.85 9793.5 9790.46 9799.91 9797.66 9788.02 9781.8 9790.49 9782.08 9776.22 9774.48 9772.7 9771.8 9771.21 9772.06 9773.48 9778.59 9784.5 9802.2 9822.57 9851.94 9940.97 10059.1 10079.9 10097 10125.4 10182.8
9772.44 9768.53 9768.22 9771.56 9781.97 9795.83 9808.55 9820.92 9829.6 9838.05 9836.44 9832.17 9828.62 9824.2 9818.88 9812.46 9807.67 9804.49 9801.89 9800.3 9798.32 9795.45 9803.5 9791.78 9781.26 9769.76 9763.45 9765.22 9768.87 9772.8 9777.38 9781.83 9784.71 9783.52 9786.8 9793.69 9799.81 9803.47 9805.86 9804.02 9798.98 9792.42 9786.36 9788.44 9779.35 9775.76 9779.47 9780.04 9774.5 9770.34 9771 9771.39 9772.27 9771.79 9771.46 9770.83 9773.72 9780.61 9785.58 9792.23 9803.68 9844.58 9914.03 9984.15 10030 10072.4 10111.3
9773.97 9768.68 9765.58 9770.98 9779.29 9790.67 9800.95 9811.38 9816.27 9824.6 9823.17 9822.59 9822.72 9822.8 9813.58 9805.51 9802.03 9799 9796.75 9795.15 9794.24 9795.61 9793.01 9789.76 9789.3 9770.32 9760.3 9762.85 9767.36 9773.22 9780.12 9788.74 9797.5 9795.16 9796.62 9803.61 9807.15 9805.75 9805.25 9801.56 9796.01 9786.64 9781.39 9781.22 9773.24 9768.71 9772.46 9771.71 9770.65 9770.88 9768.64 9768.82 9770.03 9771.25 9771.75 9771.53 9767.97 9761.89 9779.95 9778.43 9786.73 9803.13 9836.48 9904.56 9964.06 10022.5 10065.3
9776.25 9771.43 9767.21 9773.76 9779.72 9788.2 9793.33 9795.23 9798.7 9797.37 9805.74 9809.13 9810.65 9812.76 9805.05 9800.35 9795.43 9792.6 9790.5 9789.39 9789.8 9791.61 9793.72 9785.95 9787.73 9774.8 9764.37 9762.42 9766.06 9772.33 9780.85 9789.85 9796.98 9800.53 9805.13 9804.92 9801.56 9806.98 9806.2 9804.09 9792.26 9779.69 9774.79 9774.32 9766.7 9762.76 9760.51 9763.26 9762.1 9762.36 9762.49 9763.38 9766.08 9769.63 9772.84 9773.25 9770.02 9769.67 9773.84 9774.8 9779.27 9788.97 9806.36 9852.56 9900.25 9943.26 9988.47
9779.89 9776.21 9775.5 9782.41 9783.33 9787.81 9795.32 9796.65 9792.05 9789.53 9794.03 9796.46 9795.47 9788.92 9789.09 9789.61 9788.18 9786.24 9784.11 9782.55 9782.23 9785.32 9785.96 9780.3 9778.72 9771.04 9763.2 9760.76 9764.54 9771.69 9780.11 9788.34 9794.1 9803.03 9813.74 9807.74 9804.75 9804.75 9803.53 9797.3 9777.76 9767.59 9760.16 9756.47 9752.67 9747.6 9746.26 9741.54 9744.42 9751.77 9752.54 9755.01 9760.22 9766.92 9774.09 9779 9773.1 9769.26 9775.65 9774.42 9773.57 9774.75 9787.64 9818.27 9849.1 9872.17 9902.03
9781.93 9779.95 9784.41 9789.23 9779.51 9782.21 9791.76 9793.63 9787.48 9785.59 9786.9 9787.53 9786.01 9782.43 9781.22 9781.47 9781.35 9780.25 9778.99 9776.36 9773.65 9772.25 9772.91 9770.73 9766.51 9758.85 9752.94 9755.11 9761.94 9770.33 9779.53 9788.65 9797.08 9802.85 9809.1 9806.32 9802.56 9800.42 9797.08 9790.08 9763.34 9748.53 9742.97 9736.68 9730.69 9725.05 9717.26 9711.01 9719.57 9729.26 9734.85 9742.24 9751.32 9761.3 9769.77 9774.86 9772.36 9771.21 9771.89 9771.34 9770.47 9771.23 9777.73 9797.57 9818.36 9836.21 9866.59
9783.1 9779.08 9772.14 9757.38 9761.73 9769.46 9774.86 9780.86 9782.31 9781.82 9782.28 9782.07 9781.17 9779.94 9778.76 9776.92 9777.4 9776.39 9773.47 9769.49 9764.34 9759.44 9763.13 9760.26 9752.44 9747.87 9741.95 9751.01 9760.58 9770.08 9779.21 9788.43 9796.68 9801.62 9804.39 9800.49 9792.49 9789.94 9786.18 9777.03 9753.44 9735.29 9728.96 9717.35 9706.41 9700.79 9698.13 9690.24 9696.03 9701.19 9713.34 9728.22 9741.98 9753.96 9762.45 9767.17 9768.09 9766.25 9766.84 9767.19 9768.11 9768.61 9774.66 9789.15 9805.47 9823.71 9848.28
9783.04 9778.11 9768.15 9751.28 9751.7 9760.13 9769.07 9774.25 9778.3 9779.83 9779.64 9778.72 9778.12 9778.66 9779.72 9778.04 9777.57 9774.53 9770.28 9765.28 9760.35 9755.71 9759.68 9754.89 9746.99 9742.53 9746.48 9752.37 9760.87 9769.88 9778.91 9787.49 9795.91 9800.23 9799.92 9794.22 9786.46 9778.94 9778.15 9775.52 9755.13 9725.92 9715.24 9703.18 9693.41 9689.75 9684.88 9670.29 9675.85 9683.24 9698.23 9717.57 9734.65 9748.44 9758.44 9763.67 9764.76 9763.43 9763.34 9763.72 9766.41 9769.09 9775.63 9790.14 9807.16 9824.79 9845.11
9782.2 9778.36 9775.1 9759.71 9755.76 9758.74 9761.71 9769.84 9777.37 9778.5 9777.29 9775.58 9774.31 9773.51 9773.96 9780.75 9778.86 9773.54 9768.52 9763.74 9758.63 9758 9755.71 9753.46 9750.73 9736.72 9741.63 9751.73 9762.12 9771.33 9779.08 9785.92 9790.88 9790.56 9789.15 9785.49 9781.8 9775.64 9776.37 9777.94 9759.53 9724.51 9705.97 9693.34 9680.91 9678.13 9670.93 9652.33 9665.19 9676.87 9692.16 9712.07 9729.8 9745.67 9758.14 9763.32 9763.75 9761.39 9759.83 9762.17 9766.24 9770.22 9778.67 9797.59 9817.15 9836.65 9854.74
9779.99 9776.9 9780.27 9790.17 9777.36 9767.07 9756.57 9767.03 9775.9 9776.13 9774.67 9772.92 9770.93 9768.34 9766.23 9773.87 9774.17 9769.49 9765.37 9761.61 9757.2 9750.88 9750.23 9753.89 9753.77 9737.49 9747.39 9758.72 9766.59 9774.09 9780.05 9784.44 9785.42 9781.85 9778.3 9775.13 9776.08 9773.28 9772.1 9765.37 9755.34 9729.01 9701.48 9688.93 9685.06 9677.7 9675.76 9651.67 9668.64 9680.84 9696.84 9709.82 9727.59 9744.69 9758.86 9764.34 9764 9761.38 9758.73 9762.69 9765.95 9770.61 9785.02 9810.52 9832 9851.54 9868.67
9776.8 9772.89 9771.13 9792.61 9800.44 9784.29 9773.65 9770.07 9773 9772.99 9772.38 9771.01 9769.06 9767.09 9766.77 9766.99 9766.65 9764.69 9762.44 9760.5 9759.12 9758.89 9752.16 9765.98 9768.78 9759.21 9759.18 9765.84 9772.41 9778.27 9782.93 9785.53 9785.67 9783.93 9774.98 9767.68 9771.05 9776.96 9773.86 9762.05 9747.46 9721.71 9700.21 9694.9 9690.55 9687.07 9680.55 9666.29 9666.59 9676.74 9687.27 9706.75 9727.4 9746.21 9758.02 9765.18 9765.4 9762.57 9759.49 9762.98 9764.8 9775.44 9807.27 9829.94 9848.78 9867.93 9886.03
9774.7 9771.66 9766.81 9782.18 9799.85 9787.11 9777.77 9772.54 9769.08 9770.69 9770.61 9769.36 9767.67 9766.08 9765.53 9759.95 9755.9 9759.87 9761.38 9762.34 9762.92 9764.32 9791.3 9793.15 9786.52 9775.34 9769.4 9772.95 9778.54 9783.26 9786.69 9788.4 9789.69 9789.7 9779 9769.82 9772.38 9780.27 9786.1 9766.59 9742.41 9714.25 9701.23 9697.13 9690.8 9682.74 9677.68 9676.69 9679.41 9679.26 9685.81 9705.14 9728.96 9752.09 9771.07 9770.64 9767.53 9763.71 9757.9 9763.45 9764.58 9783.96 9829.01 9847.75 9862.42 9878.98 9898.7
9775.98 9779.46 9779.94 9776.71 9774.47 9780.85 9779.69 9776.5 9773.43 9771.12 9769.28 9767.71 9766.12 9764.07 9760.13 9757.99 9757.93 9760.24 9762.98 9765.87 9772.61 9787.15 9802.85 9802.38 9794.33 9784.94 9776.99 9784.63 9785.62 9788.14 9790.16 9792.1 9793.06 9792.15 9785.51 9778.87 9781.47 9789.93 9797.53 9777.15 9749.74 9719.66 9706.93 9698.99 9694.26 9681.56 9681.37 9689.71 9687.38 9684.22 9685.38 9706.56 9731.96 9756.21 9773.52 9773.65 9768.62 9763.34 9761.61 9764.3 9767.74 9793.15 9836.66 9854.11 9866.81 9881.56 9898.36
9782.17 9789.82 9798.49 9783.48 9770.76 9777.1 9780.06 9780.48 9776.84 9770.99 9767.68 9765.78 9764.43 9763.92 9763.62 9763.31 9764.23 9763.65 9765.5 9768 9772.13 9782.75 9790.62 9792.49 9790.94 9783.65 9781.99 9789.17 9791.25 9792.77 9794.4 9795.86 9796.44 9794.88 9794.99 9799.97 9797.04 9798.97 9802.99 9791.83 9764.31 9734.16 9706.77 9699.95 9697.06 9698.6 9699.5 9690 9689.16 9687.79 9692.28 9712.45 9736.47 9758.74 9772.88 9773.98 9768.99 9762.05 9757.66 9764.64 9775.51 9794.24 9825.06 9847.1 9862.55 9876.65 9891.11
9787.01 9792.17 9792.87 9785.6 9772.67 9776.59 9775.85 9774.01 9771.51 9766.81 9763.94 9762.58 9762.71 9764.48 9767.75 9769.25 9767.24 9768.71 9769.59 9770.63 9773.69 9783.06 9783.86 9783.7 9785.93 9788.66 9788.72 9791.52 9796.11 9797.74 9798.74 9799.52 9800.84 9802.02 9803.76 9804.52 9805.51 9808.65 9806.96 9805.48 9777.63 9749.11 9719.12 9708.42 9701.13 9701.05 9699.01 9693.14 9692.28 9689.06 9703.28 9722.84 9742.97 9761.58 9773.52 9774.63 9771.13 9764.71 9762.04 9769.03 9770.56 9790.8 9816.51 9837.9 9853.39 9866.88 9879.77
9786.51 9789.93 9791.64 9783.36 9777.94 9772.35 9767.99 9761.48 9760.48 9760.53 9760.05 9760.18 9760.88 9762.67 9767.32 9771.89 9774.34 9774.62 9772.97 9772.73 9777.14 9783.16 9778.64 9777.29 9781.68 9785.93 9791.01 9799.14 9802.6 9802.96 9803.36 9803.33 9804.24 9806.2 9806.98 9804.89 9808.77 9814.71 9811.87 9806.26 9783.6 9757.02 9737.88 9723.66 9711.45 9706.98 9706.32 9698.53 9692.36 9692.95 9715.72 9735.73 9751.84 9763.53 9772.44 9777.05 9775.9 9771.8 9768.99 9768.85 9775.37 9792.37 9813.73 9830.78 9842.65 9855.11 9867.85
9788.47 9786.35 9777.87 9779.43 9778.87 9772.07 9763.29 9758.33 9754.8 9754.98 9755.33 9756.05 9756.69 9757.92 9760.02 9764.82 9775.26 9778.23 9774.53 9771.1 9772.36 9775.39 9772.82 9770.73 9779.69 9788.96 9795.55 9801.92 9806.2 9806.85 9806.55 9806.37 9805.91 9805.83 9805.24 9804.27 9807.27 9811.21 9806.75 9802.59 9788.08 9767.31 9749.92 9740.42 9732.15 9724.53 9725.37 9716.87 9709.83 9718.86 9737.22 9755.3 9767.08 9770.91 9777.8 9784.77 9785.68 9782.19 9777.62 9775.21 9784.76 9795.09 9805.86 9816.92 9832.21 9843.84 9853.27
9793.39 9791.69 9785.15 9775.87 9770.83 9764.85 9756.61 9750.56 9749.86 9750.93 9751.9 9752.72 9753.17 9753.45 9752.85 9752.77 9771.33 9778.35 9774.11 9767.44 9764.05 9769.48 9769.94 9770.32 9781.58 9793.35 9797.16 9802.98 9807.86 9809.36 9810.01 9809.12 9807.77 9805.75 9803.98 9805.83 9807.47 9808.54 9808.69 9807.04 9795.92 9780.95 9765.25 9756.43 9745.78 9746.68 9747.87 9742.97 9737.54 9746.84 9766.21 9782.86 9788.66 9794.55 9795.09 9797.51 9799.54 9799.99 9794.43 9790.08 9795.83 9800.07 9805.76 9813.56 9827.07 9836.94 9841.93
9793.95 9790 9780.01 9773.96 9766.79 9760.04 9749.74 9742.31 9746.16 9749.09 9750.64 9751.49 9751.75 9751.57 9751.46 9754.41 9769.84 9778.3 9773.09 9765 9764.48 9768.89 9774.69 9779.89 9788.95 9796.26 9800 9803.55 9807.48 9813 9813.36 9811.72 9808.94 9806.4 9807.55 9807.55 9808.52 9799.94 9803.45 9810.12 9804.07 9797.42 9789.96 9775.23 9764.84 9759.34 9763.26 9765.51 9767.63 9777.48 9791.08 9804.38 9804.86 9806.42 9807.72 9809.51 9812.37 9813.23 9805.14 9794.32 9797.43 9803.92 9811.22 9819.79 9828.61 9836.51 9841.95
9789.13 9789.18 9783.07 9772.98 9764.13 9755.44 9749.93 9744.81 9749.39 9751.04 9751.48 9751.92 9752 9752.21 9754.4 9758.76 9771.13 9777.68 9772.09 9764.06 9764.82 9770.5 9779.45 9793.44 9795.64 9796.59 9799.91 9809.57 9818.81 9820.69 9818.16 9814.33 9810.35 9805.84 9800.43 9799.78 9799.42 9807.23 9802.97 9807.36 9808.02 9808.44 9804.49 9793.74 9780.65 9776.59 9774.12 9786.09 9798.14 9796.32 9802.54 9810.88 9809.19 9808.39 9812.72 9817.01 9821.42 9823.69 9811.55 9796.46 9797.65 9808.91 9818.24 9826.3 9832.95 9839.91 9845.65
9776.56 9774.16 9779.36 9771.07 9765.74 9757.18 9762.44 9764.03 9757.17 9754.43 9753.4 9752.87 9752.65 9753.6 9756.93 9765.03 9772.66 9778.3 9771.85 9764.26 9764.82 9770.72 9778.49 9785.91 9790.23 9794 9801.56 9815.93 9829.54 9827.7 9822.38 9817.25 9811.44 9806.18 9802.11 9797.71 9794.92 9796.6 9801.28 9803.2 9806.55 9810.83 9806.04 9798.17 9789.96 9797.76 9792.27 9792.5 9798.85 9799.33 9801.88 9803.6 9807.47 9811 9815.21 9820.52 9825.18 9827.4 9815.06 9804.26 9811.47 9820.34 9825.94 9829.27 9836.63 9844.54 9850.76
9765.84 9760.83 9767.03 9767.1 9761.76 9758.43 9764.29 9766.1 9760.91 9757.74 9756.02 9755.12 9755.04 9755.87 9757.32 9759.8 9766.75 9774.72 9771.29 9765.07 9764.83 9770.34 9776.08 9780.82 9784.3 9788.34 9796.56 9811.1 9826.14 9825.79 9822.33 9818.06 9812.89 9807.13 9799.6 9794.54 9791.96 9790.25 9796.93 9794.88 9802.13 9808.23 9806.15 9789.39 9791.45 9794.43 9800.21 9797.14 9797.82 9798.9 9800.67 9803.94 9806.43 9809.61 9816.37 9821.5 9825.4 9826.16 9817.17 9808.36 9825.24 9832.59 9834.06 9836.52 9842.94 9848.81 9853.21
9778.56 9773.73 9771.13 9769.58 9760.27 9759.87 9761.62 9762.4 9761.83 9760.55 9759.91 9759.1 9758.82 9758.51 9757.99 9757.67 9763.11 9772.93 9772.67 9765.17 9766.34 9772.46 9776.71 9777.64 9778.66 9783.17 9786.15 9797.59 9809.37 9818.01 9820.31 9817.2 9812.45 9807.56 9803.72 9797.08 9789.42 9786.35 9788.53 9790.94 9800.35 9805.73 9800.68 9788.36 9795.43 9801.29 9804.44 9803.24 9802.31 9800.68 9800.79 9801.6 9807.94 9815.02 9817.96 9820.37 9822.96 9823.58 9820.36 9820.3 9828.65 9836.51 9838 9845.03 9849.7 9850.43 9850.77
9788.49 9789.24 9781.55 9775.7 9776.46 9761.14 9756.06 9757.93 9760.62 9761.01 9762.56 9762.57 9762.68 9762.77 9762.73 9763.63 9769.96 9780.42 9780.07 9774.74 9774.84 9779.08 9782.76 9783.77 9783.42 9786.89 9784.53 9793.21 9811.97 9820.58 9819.26 9816.71 9812.23 9806.75 9800.78 9795.95 9787.63 9784.47 9786.22 9790.62 9798.68 9808.64 9796.45 9798.22 9803.36 9810.65 9811.95 9812.85 9814.49 9809.65 9805.62 9804.82 9811.75 9818.34 9818.53 9818.38 9818.11 9817.82 9818.85 9820.92 9829.37 9828.35 9834.44 9837.6 9839.52 9848.46 9854.2
9779.73 9777.69 9775.36 9771.4 9767.22 9755.95 9747.17 9755.27 9761 9763.93 9765.76 9766.98 9767.03 9767.57 9768.42 9770.9 9777.61 9783.31 9785.06 9784.34 9784.89 9787.84 9792.9 9799.83 9808.35 9800.14 9795.66 9801.39 9811.06 9816.78 9818.8 9816.8 9812.73 9807.61 9799.8 9792.86 9795.88 9797.96 9794.86 9787.73 9791.38 9799.04 9797.14 9795.07 9804.71 9812.91 9817.18 9820.34 9820.82 9811.46 9808.93 9809.02 9814.85 9818.34 9817.15 9816.25 9815.71 9816.31 9816.75 9817.02 9824.76 9828.47 9835 9833.57 9834.61 9843.68 9849.41
9783.22 9765.11 9764.08 9763.62 9760.78 9760.93 9762.03 9760.11 9763.4 9766.51 9769.25 9770.96 9772.63 9773.57 9774.02 9773.43 9773.13 9776.58 9782.11 9787.73 9790.99 9794.85 9800.81 9808.89 9815.64 9807.52 9800.68 9803.86 9810.05 9817.73 9817.3 9816.25 9814.57 9810.75 9806.68 9799.03 9798.7 9804.22 9799 9791.13 9787.08 9790.34 9798.11 9804.34 9805.18 9811.44 9819.05 9822.38 9820.18 9816.17 9808.11 9810.47 9816.67 9815.34 9814.24 9813.86 9813.5 9816.97 9822.8 9826.62 9840.13 9853.24 9844.59 9834.22 9829.51 9837.85 9843.01
9779.38 9762.52 9759.87 9761.73 9762.66 9763.13 9763.62 9765.1 9766.75 9769.53 9772.76 9776.29 9779 9781.1 9781.9 9779.83 9773.51 9777.75 9783.25 9793.45 9795.52 9798.67 9803.28 9808.77 9812.17 9805.45 9797.03 9793.43 9801.97 9810.11 9813.79 9816.03 9817.11 9817.4 9816.53 9811.9 9804.48 9800.72 9800.47 9797.07 9788.84 9789.21 9798.68 9804.01 9799.47 9801.56 9806.46 9811.86 9814.12 9821.49 9815.14 9807.75 9804.92 9806.92 9809.53 9811.94 9816.3 9820.04 9830.8 9843.53 9854.64 9861.19 9847.38 9833.93 9826.28 9831.18 9835.72
9767.9 9763.46 9761.2 9762.73 9764.14 9764.91 9766.42 9768.58 9771.57 9774.29 9778.5 9782.32 9785.67 9789.81 9793.5 9796.31 9797.96 9799 9794.77 9792.47 9797.68 9800.75 9803.27 9804.6 9803.49 9798.22 9790.39 9787.2 9794.52 9802.66 9809.66 9815.4 9820.52 9825.06 9828.31 9828.58 9822.07 9804.41 9798.84 9797.49 9794.25 9794.24 9798.72 9794.58 9791.67 9795.2 9800.3 9804.64 9809.16 9812.82 9804.23 9799.41 9797.6 9801.18 9804.85 9807.81 9811.04 9814.92 9819.93 9840.5 9847.91 9847.4 9843.89 9833.54 9822.49 9827.34 9832.66
