real_craters/C149-300m.grd
DSAA
319 319
-47.7225 47.7225
-47.7225 47.7225
8439.948700585 10841.466822856
[rows 240 to 269 of 319, columns 134 to 200 of 319]
9912.53 9911.94 9911.84 9911.93 9912.35 9913.63 9915.52 9917.47 9915.12 9912.83 9909.3 9913.86 9916.97 9919.17 9921.87 9924.75 9927.78 9930.96 9933.84 9936.9 9942.14 9946.33 9948.97 9950.27 9956.94 9963.03 9961.63 9956.99 9955.95 9955.45 9954.88 9958.24 9959.92 9960.61 9961.1 9961.44 9964.05 9963.04 9960.67 9959.28 9958.99 9959.83 9956.76 9951.81 9946.98 9946.32 9941.12 9930.72 9925.75 9924.35 9923.87 9922.57 9921.34 9919.62 9914.84 9914.47 9920.81 9927.69 9935.72 9942.73 9946.51 9941.39 9942.04 9947.04 9950.49 9950.68 9948.75
9914.69 9914.11 9914.16 9914.54 9915.37 9916.47 9917.08 9915.94 9916.57 9915.96 9917.01 9916.6 9918 9920.36 9923.16 9926.35 9929.75 9933.61 9937.81 9942.4 9947.99 9952.93 9952.47 9953.34 9963.39 9971.01 9970.56 9966.35 9965.43 9965.9 9966.65 9967.88 9969.67 9970.25 9970.84 9971.78 9974.13 9973.15 9969.99 9967.89 9966.32 9965.99 9962.77 9960.44 9961.01 9955.33 9947.21 9932.83 9930.66 9931.64 9931.43 9929.99 9928.36 9929.08 9924.51 9923.52 9931.05 9940.98 9944.78 9949.25 9956.08 9955.04 9956.24 9958.41 9964.21 9963.08 9959.15
9916.07 9915.34 9915.58 9916.61 9917.8 9919.11 9920.32 9921.44 9920.62 9918.82 9917.21 9918.16 9920.16 9923.14 9925.92 9929.01 9932.63 9936.57 9941.43 9949.84 9956.08 9960.55 9961.91 9966.1 9974.17 9980.44 9979.89 9975.94 9975.47 9977.02 9979.97 9981.13 9980.7 9980.22 9980.08 9979.9 9979.64 9978.73 9977.88 9976.45 9973.36 9967.73 9966.04 9969.47 9967.51 9966.7 9960.67 9949.29 9945.18 9944.38 9942.86 9939.88 9935.1 9929.6 9932.86 9933.06 9938.19 9949.22 9943.63 9954.28 9963.36 9978.65 9991.23 9994.95 9984.18 9977.78 9972.38
9916.84 9916.17 9916.65 9917.74 9919.33 9921.21 9923.37 9925.69 9924.5 9921.94 9919.8 9921.1 9923.55 9927 9930.54 9933.75 9936.5 9939.03 9942.33 9948.54 9955.48 9962.96 9970.5 9979.54 9986.52 9991.77 9991.13 9986.21 9985.2 9986.62 9991.11 9992.14 9990.93 9990.07 9989.28 9988.08 9986.1 9984.86 9986.67 9987.32 9985.85 9980.37 9979.42 9985.87 9987.97 9983.15 9975.46 9967.58 9963.59 9960.97 9957.21 9953.31 9950.23 9949.61 9950.59 9948.59 9951.73 9962.3 9957.71 9969.62 9982.39 10000 10011.3 10007.7 10000 9993.7 9987.92
9916.6 9916.49 9917.2 9918.8 9920.71 9923.09 9925.53 9927.5 9927.13 9925.02 9924.39 9924.83 9927.42 9932.44 9936.88 9940.25 9942.13 9942.92 9943.15 9944.61 9952.44 9963.92 9977.14 9989.41 9997.48 10002.4 10001.3 9997.11 9994.87 9993.28 9996.53 9999.53 10000 10000.1 9999.33 9997.83 9995.46 9994.49 9998.01 10001.8 10004.7 10006.9 10009 10008 10006.4 9995.29 9981.99 9983.52 9983.66 9979.01 9973.1 9968.96 9967.35 9970.72 9974.75 9970.69 9971.97 9978.27 9985.56 9998.48 10010.5 10025.6 10032.6 10019.9 10013 10009.7 10006.4
9916.82 9916.9 9917.46 9919.48 9921.62 9924.55 9927.56 9930.68 9931.26 9927.78 9923.94 9924.57 9932.58 9940.7 9946.84 9950.57 9951.61 9950.48 9948.39 9948.43 9956.4 9969.83 9984.98 9998.17 10007.6 10013.4 10014.8 10011.4 10007 10001 10001.4 10007 10009.6 10010.8 10010.8 10009.6 10007.6 10004.8 10011.7 10017.9 10024.3 10032.6 10038.3 10025.8 10011.6 9997.32 9993.02 9999.38 10004.5 9996.19 9987.74 9982.75 9983.5 9991.29 10001 10001.8 9998.11 10009.8 10023.5 10038.6 10050.1 10062.9 10068.1 10042.1 10029.6 10026.4 10025.6
9916.66 9916.86 9918.23 9919.66 9921.97 9925.28 9928.45 9932.78 9935.18 9931.92 9928.36 9929.98 9942.09 9953.66 9961.44 9965.27 9965.84 9963.04 9959.18 9959.79 9967.73 9981.33 9996.33 10009.1 10018.7 10025.1 10029.7 10028.3 10022.7 10017.4 10016.3 10019.3 10021.8 10023.3 10023.8 10023.9 10023.8 10026.3 10029 10033.1 10039.2 10047.6 10052.5 10034.8 10013.3 9999.81 10001.5 10008.5 10016.1 10007.6 9999.11 9994.06 9993.33 10007.2 10025.9 10031.7 10029.3 10046.9 10065.2 10082.8 10101.7 10109.9 10096.8 10070.2 10050.8 10043.4 10041.6
9916.27 9916.04 9917.47 9918.78 9921.57 9924.51 9928.36 9932.83 9937.1 9938.49 9938.99 9942.84 9959.06 9972.7 9981.24 9985.47 9985.5 9981.31 9974.27 9973.96 9982.71 9997.58 10011.7 10024.4 10033.5 10037.3 10043.2 10045.2 10039.5 10034.5 10033.3 10034.9 10036.5 10037.7 10038.3 10039 10040.2 10043.8 10044.9 10045.2 10048.5 10052.7 10054 10035.6 10013.7 10000.6 10001.2 10009.6 10016.2 10012.7 10007.7 10005.4 10009.4 10026.1 10048.5 10062.6 10066.9 10083.5 10100.6 10116.4 10131.9 10135.1 10114.5 10087.8 10066.2 10055.9 10054.1
9915.71 9915.16 9916.1 9917.15 9919.98 9922.93 9927.18 9932.32 9939.55 9948.18 9957.87 9966.01 9986.78 9999.2 10006.2 10010.1 10010.9 10007.7 9998.8 9998.18 10009.6 10019.4 10029.5 10040 10048.1 10048.2 10054.7 10060.7 10056.6 10050.1 10052.1 10053 10053.7 10053.8 10053.6 10053.5 10053.8 10057 10055.9 10054 10054.9 10054.1 10046.9 10034.5 10016.5 9993.04 10002.6 10012.7 10016.2 10017.3 10017.2 10017.6 10025.1 10047.2 10075.8 10095.5 10105.2 10118.9 10128.2 10135.9 10141.9 10136.9 10111.3 10082.9 10065.1 10063.9 10064.5
9915.4 9914.41 9914.45 9915.4 9917.62 9920.52 9924.97 9930.98 9940.97 9958.4 9983.42 10011.1 10024.5 10028.9 10032.1 10036.1 10040.2 10043.1 10041.4 10039.7 10040.8 10044.4 10048.1 10050.5 10050.6 10059.3 10070 10076.7 10075 10073.9 10075 10073.2 10072 10071.4 10070.3 10068 10064.8 10059.6 10058.4 10061.8 10063.9 10061.3 10052.6 10043.3 10034.5 10028.5 10025.3 10028.3 10030.4 10032.7 10033.2 10032.2 10040 10067 10101.5 10130.2 10152.2 10154.3 10151.2 10147.6 10144.7 10134 10104 10079.7 10075.7 10074.4 10075.5
9915.36 9913.9 9913.78 9914.33 9915.44 9918.1 9922.65 9928.69 9940.03 9963.83 10000.9 10044.8 10054.5 10052.1 10053.7 10059 10067.5 10079 10091.9 10085.6 10075.3 10069.8 10068.1 10067.3 10067.3 10070.3 10082.2 10092.7 10091.5 10091.4 10093.6 10092.2 10091 10090.1 10088.4 10085.6 10079.8 10070.7 10068.4 10076.7 10081.4 10079.6 10070.8 10063.1 10059.9 10056.8 10050.7 10054.1 10061.2 10064.9 10060.6 10052.9 10056.6 10088.4 10125.5 10162.4 10190.8 10184.9 10172 10158.5 10148.3 10131.8 10109.7 10093.7 10093.2 10087.5 10088
9915.49 9913.79 9913.38 9913.55 9914.71 9916.8 9920.7 9926.88 9939.08 9964.04 10000.8 10041 10057.6 10061 10065.9 10073.8 10085.6 10101.8 10119.5 10110 10097.1 10091.2 10087.8 10085.8 10083.7 10080.4 10092.8 10107.1 10105.9 10104.5 10107.8 10109.1 10110.2 10110.1 10110.5 10108.7 10104 10096.3 10093.3 10104.3 10110.9 10111.2 10104.7 10097.5 10092.9 10078.9 10073 10085.2 10102.1 10111.2 10100.7 10086.5 10087 10118.2 10153.6 10190 10213.8 10208.6 10192.3 10173.6 10158.3 10142.2 10124.2 10108.7 10102.2 10099.3 10100.6
9916.67 9914.27 9913.43 9913.26 9914.42 9915.72 9918.75 9924.34 9936.37 9958 9988.88 10020.1 10043.1 10058.6 10068.7 10079 10091.5 10106.9 10122.4 10117.7 10111.2 10108.2 10106.1 10104.5 10100.1 10088.1 10105.7 10127.6 10119.5 10116.2 10120 10125.4 10129.8 10133.9 10136.5 10138.3 10137.9 10136.7 10139.8 10145.9 10151.8 10154.5 10154.1 10151.4 10138.9 10118.9 10100.8 10123.2 10146.5 10157.5 10151.8 10138.1 10136.9 10159.1 10186.1 10209.7 10233 10230.3 10213.2 10191.8 10174.1 10156.6 10146.5 10138.9 10123 10112.8 10112.8
9918.85 9916.3 9914.42 9914.51 9914.37 9915.24 9917.03 9920.48 9926.57 9941.58 9974.99 10009.8 10037.2 10052.7 10065.6 10077.2 10088.1 10099.8 10110.6 10117.7 10120.2 10121.5 10123.2 10124.2 10124.2 10118.6 10124.7 10135.2 10127.5 10126.2 10134.2 10143.1 10150.7 10159 10166.4 10172.9 10177.8 10182.1 10187.6 10194.1 10200.8 10204.6 10204.5 10197 10186.5 10165.6 10152 10175.6 10201.4 10216 10215.7 10203.3 10198.1 10206.9 10221.4 10236.3 10252.9 10253.4 10234.6 10212.9 10195.3 10181.6 10177.7 10178.9 10145.7 10127.1 10128.9
9922.88 9919.8 9917.32 9917.3 9916.54 9915.99 9917.16 9919.48 9924.17 9935.72 9967.66 9999.77 10026 10045 10059.1 10071.3 10081.4 10089.7 10100.4 10117.8 10127.5 10133 10138.1 10142.6 10146.1 10144.6 10146.1 10146.3 10143.9 10147 10152.3 10162.1 10174.4 10187.3 10200 10211.6 10221.6 10230 10234.5 10245.9 10254.4 10259.1 10260.9 10259.7 10247.8 10230.7 10223 10240.5 10267.3 10292.5 10288.6 10272.8 10259.6 10255 10257.5 10263.7 10276.7 10274.4 10254 10232.6 10216.1 10206.7 10204.4 10204.5 10170.5 10146.4 10149.5
9930.02 9925.79 9922.35 9920.32 9919.06 9918.02 9919.07 9922.55 9929.85 9945.72 9966.55 9993.34 10020.2 10037.2 10051.3 10064.6 10076.6 10086.2 10098.9 10124.1 10134.1 10143.2 10152 10159.3 10164.6 10163.6 10168.5 10171.7 10156.7 10159.3 10167.3 10182.3 10198.9 10216.3 10233.2 10251.1 10267.3 10282.2 10295.4 10305.6 10311.2 10313.8 10315.3 10316.4 10305.5 10293.1 10291.5 10303.5 10325.1 10349.4 10344.8 10326.3 10308.9 10297 10291.2 10290.3 10295.5 10289.8 10269.1 10246.7 10231.4 10226.2 10222.7 10207.1 10180.5 10164.9 10171.6
9939.2 9933.64 9930.41 9926.34 9924.27 9923.41 9924.03 9927.19 9933.4 9945 9961.61 9985.37 10013.7 10027.3 10043.1 10059.4 10075.4 10091.7 10106.7 10120.3 10138.8 10153.7 10166 10175.9 10182.5 10186.8 10191.2 10195 10161 10161.7 10182 10203.1 10223.8 10246.2 10268.2 10290.8 10313.6 10335.8 10354.6 10365.4 10366.9 10363.9 10360.6 10358.1 10348.1 10341 10344.6 10352.1 10364.1 10377.4 10374.3 10357.2 10343.1 10331 10321.7 10314.6 10311.3 10302.5 10282.5 10258.7 10242.6 10238.7 10230.3 10211.4 10192.6 10188.5 10194.5
9948.58 9942.19 9939 9934.99 9933.9 9932.67 9932.4 9933.48 9936.75 9941.78 9955.32 9974.2 9992.08 10013.6 10035.6 10056.5 10076.3 10094.3 10109.5 10125.8 10146 10166.5 10182.4 10195.4 10202.9 10203.2 10213.7 10214.6 10194.5 10186.5 10205.2 10228.2 10252.8 10277.8 10302.9 10329 10356.7 10385.4 10413.3 10425.4 10417.6 10406.4 10395.5 10385 10377.6 10372.1 10374.5 10379.9 10388 10395.5 10394.5 10383.2 10369.6 10358.6 10350.8 10345.2 10335.2 10320.6 10297.9 10272.4 10254.4 10252.3 10250.4 10221.2 10202.6 10215.4 10217.9
9955.63 9951.23 9949.94 9948.12 9947.42 9945.95 9944.44 9943.59 9944.86 9948.38 9956.99 9968.59 9982.25 10005.7 10032.7 10057.7 10080.7 10100.6 10113.7 10130.4 10158 10183.4 10203.5 10220.2 10231.8 10238.5 10243.6 10237.2 10213.3 10216.8 10236 10261.4 10284.6 10309.8 10335.8 10363.7 10393.1 10425.5 10457.3 10471.5 10457.1 10440.2 10423.6 10402.9 10388 10393.4 10393.3 10395.6 10403.7 10409.4 10409.1 10401 10389.1 10378.6 10372.8 10372.1 10359 10340 10314.4 10288.5 10268.8 10263.7 10259.2 10236.2 10224.3 10238.9 10242.7
9963.44 9963.37 9964.43 9963.86 9963.47 9961.35 9959.29 9957.52 9956.59 9958.7 9964.33 9971.19 9985.88 10009.5 10039 10066.3 10089.6 10112.9 10125.1 10146 10177.2 10206.8 10231.4 10251.6 10266.9 10284.6 10280.9 10266.8 10253.6 10257.1 10274.1 10296 10317.9 10342.4 10367.4 10394.9 10422.5 10451.1 10479.7 10493.5 10479.7 10463.5 10448.5 10436.3 10428.4 10417.6 10413 10412.9 10416.7 10419.7 10418.3 10411.5 10401.4 10390.3 10381.4 10380 10367.6 10351.3 10327.6 10304.5 10287 10271.8 10258.5 10248.7 10249.8 10259.1 10266
9980.81 9982.39 9983.42 9982.88 9983.42 9981 9978.5 9975.46 9971.5 9967.8 9969.03 9979.81 9996.7 10022.6 10058.5 10086.9 10105.7 10118.6 10142.3 10171.1 10205.2 10237.7 10266.1 10288.8 10304.5 10319.9 10317.3 10306.9 10310.9 10306.8 10316.3 10334 10353 10374.9 10397.1 10420.3 10443.3 10466 10485.2 10491.5 10487.1 10476.7 10465.5 10456.7 10447.7 10436.3 10429.8 10426.9 10428.1 10428.9 10427.6 10420.9 10409.8 10397.7 10385 10381.2 10369.9 10356.4 10335.5 10312.9 10295.1 10274 10257.2 10255.9 10267.5 10276.1 10284.4
10012.9 10009.9 10007.5 10006.1 10006.5 10004.8 10002.7 9999.65 9994.92 9984.88 9978.32 10004.6 10030.1 10056.9 10098.9 10125.6 10139.7 10149.7 10171.9 10204.3 10239.2 10272.9 10304.3 10332 10351.6 10356.9 10350.8 10341.8 10346 10349.3 10358.9 10371.9 10388.6 10405.3 10423.5 10443.7 10461 10475.8 10488.1 10491.8 10489.6 10482.5 10473.4 10463.7 10454.1 10446.3 10441.4 10439.5 10437.4 10435.7 10433 10425.9 10415.1 10404.4 10392.1 10382 10372 10360.6 10338.8 10312.5 10288.9 10273.2 10264.6 10269.3 10285.7 10297 10304
10053.2 10041 10035.7 10033.8 10032.9 10032.7 10032.8 10032.6 10032.2 10028.2 10027.2 10063.9 10101.7 10135.3 10163.6 10182.8 10194.4 10202.6 10226.5 10247.3 10276.6 10308.7 10341.9 10374.8 10399.7 10396.6 10383.9 10366.9 10369.6 10388.5 10400.8 10410.4 10421.1 10432.9 10448.6 10461.4 10472.4 10484.6 10493.5 10496.6 10492.4 10484.7 10475.3 10464.3 10456 10450.6 10447 10445.2 10442.2 10438.8 10434.6 10424.7 10416 10409.3 10400.8 10382.8 10371.2 10357.2 10333.6 10310.4 10290 10280 10279.9 10288.4 10310.8 10322.2 10326
10081.5 10068.2 10064 10063.2 10064.2 10065.2 10068.1 10072.2 10079.6 10092.8 10118.1 10149.3 10185.7 10228.4 10234.3 10244.4 10259.5 10266.6 10263.4 10285.8 10312.2 10340.6 10372.6 10405.3 10427.5 10427 10417.9 10400.8 10414.6 10430.3 10441 10448.5 10456.1 10461.6 10469.2 10477.2 10485.9 10492.6 10497.6 10498.3 10493.5 10485.2 10475.6 10463.4 10456.7 10451.1 10448.3 10445.9 10442.5 10438 10432.2 10420.5 10412 10404.2 10395.8 10376.6 10362.6 10337.9 10318.8 10313.6 10304.9 10302.1 10305.4 10312.9 10334.8 10345.7 10346.3
10091.1 10090.4 10092 10093.9 10096.4 10099.4 10104.4 10112.3 10126.2 10150.2 10190.1 10216.3 10241.9 10279.8 10281.1 10289.8 10309 10314.8 10305.5 10322.3 10342.6 10365.8 10392.8 10421.6 10438.5 10439.7 10446.4 10451.4 10457.3 10471.5 10478 10479.3 10481 10484.4 10489 10492.6 10496.1 10498.9 10500 10499.1 10493.9 10485.9 10476.5 10464.8 10453.4 10449.1 10448.8 10447.3 10443 10434.2 10425 10418.4 10408.4 10390 10369.1 10368.4 10356.3 10338.3 10327 10329.1 10333.5 10338.6 10339.3 10344.4 10351.8 10356.6 10358.5
10107 10117.1 10123.3 10127.1 10130.1 10133.2 10138.9 10148 10162.6 10184.8 10214 10237.3 10259.5 10278.8 10295.4 10309.5 10329.1 10346.1 10353.2 10357.3 10367.5 10382.9 10402.1 10422.7 10431.8 10426.2 10429.4 10477.5 10500.9 10512.1 10509.6 10506.8 10503.8 10503.6 10503.7 10505.4 10505.7 10504.4 10503 10501.3 10495.6 10487.1 10478.2 10469.3 10459.6 10453.8 10449.8 10446.6 10441.1 10431 10421.6 10418.1 10411.7 10404.9 10391.3 10378.7 10373.4 10364.3 10350.3 10347.9 10357.8 10369 10367.8 10369.3 10367.1 10364.9 10366.8
10151.8 10158.3 10161.5 10163 10164.4 10166.8 10171.2 10178.8 10189.7 10204.8 10220 10237.9 10261.8 10283.1 10299.1 10312.4 10326.8 10361 10382.5 10379.9 10383.5 10392.2 10402.4 10409.1 10413.6 10409.4 10400.3 10463.5 10513.5 10535.2 10528.8 10522.6 10519 10516.2 10514.1 10513.3 10511.5 10509 10506 10501.1 10493.4 10487.9 10479.8 10470.6 10464.2 10458.4 10449 10443.7 10436.9 10430.7 10425 10422.2 10416.9 10409.3 10397.2 10390.4 10386.5 10377.5 10358.6 10357.6 10367.8 10379.8 10382.2 10384.5 10381 10375.8 10368.4
10219.8 10209.8 10203.6 10200.2 10198.4 10198.8 10201.3 10206.1 10212.9 10221.9 10230.7 10242.6 10263.7 10284.1 10299.2 10311.2 10325.3 10357.6 10380.3 10385.3 10389.7 10395.6 10402 10408.4 10410.8 10413 10419.8 10469.4 10508.1 10530.8 10532.3 10528.4 10525 10521.9 10520.1 10518.5 10516.2 10513.2 10509.4 10503.3 10495.3 10491.5 10483.4 10473 10460.2 10446.8 10446.5 10443.7 10440.1 10433.3 10428.9 10428.6 10421.4 10410.1 10401.5 10397.1 10394.8 10389.4 10362 10358.4 10367.9 10379.9 10385 10386.6 10385.9 10383.9 10376.7
10271.8 10255.8 10243 10234.6 10229.5 10228.4 10228.6 10230.8 10233.8 10239.4 10245.2 10253.1 10270.4 10285.6 10299.1 10312.6 10324.7 10346.4 10368.2 10381.7 10390 10396.5 10401.2 10404.6 10415.2 10428 10452 10470.2 10498.4 10529.2 10525.5 10525.2 10525.4 10524.6 10523.6 10520.9 10519.4 10517.1 10514.4 10511.3 10507.8 10500 10489.3 10477 10463.8 10451.3 10449.2 10446.2 10443.4 10438.5 10434.9 10432.7 10426 10416.5 10407.3 10401 10394.6 10384.8 10358.5 10354.4 10362.6 10374 10379.6 10384.2 10385.2 10381.9 10379.8
10301.4 10289.7 10276.1 10265.4 10258 10254.5 10252.8 10252.1 10254.6 10259.1 10264.6 10272 10284.7 10298.1 10310.8 10321.4 10331.6 10347.1 10364.5 10378.7 10389.4 10397.8 10404.7 10410.2 10422.1 10438 10455.7 10459.6 10479.8 10488.5 10508.3 10518.1 10522.7 10524.7 10525.4 10523.3 10521.9 10520.1 10518.4 10517.3 10516.9 10506.4 10496.8 10484.6 10471.9 10467.1 10455.8 10449.3 10443.5 10442.7 10442.8 10439.3 10431.9 10421.7 10412.8 10404.2 10392.8 10374.4 10357.1 10351.8 10356.7 10361.7 10371.3 10380.4 10382.2 10375.7 10371.7
