real_craters/C150-300m.grd
DSAA
326 326
-48.755 48.755
-48.755 48.755
2862.5118933526 5007.2702278715
[rows 210 to 239 of 326, columns 134 to 200 of 326]
4321 4326.67 4333.07 4345.3 4361.84 4374.95 4394.06 4416.01 4436.31 4456.81 4471.22 4487.37 4497.35 4507.57 4521.51 4525.25 4515.9 4504.55 4497.63 4504.02 4526.31 4553.97 4591 4630.22 4658.87 4657.73 4647.08 4647.62 4665.23 4665.86 4631.94 4649.26 4599.53 4569.23 4579.04 4602.01 4642.79 4688.39 4683.21 4670.82 4644 4638.01 4667.2 4699.76 4715.27 4713.76 4684.15 4648.31 4590.74 4541.09 4507.97 4478.3 4453.74 4420.71 4370.66 4330.05 4360.52 4375.42 4375.43 4360.24 4359.48 4356.85 4354.29 4355.02 4358.36 4364.2 4366.58
4306.1 4312.34 4320.35 4334.63 4354.13 4365.33 4380.83 4396.67 4406.59 4415.77 4417.65 4431.35 4447.12 4462.26 4478.58 4492.32 4498.69 4501.22 4505.42 4513.29 4530.7 4559.75 4593.83 4633.23 4670.56 4674.93 4647.2 4639.55 4640.57 4607.26 4545.1 4482.87 4461.5 4468.98 4511.94 4554.55 4608.13 4664.19 4676.21 4689.97 4704.16 4695.23 4715.95 4732.77 4739.56 4711.66 4653.09 4582.6 4531.21 4494.08 4461.36 4434.61 4408.63 4375.93 4335.77 4312.95 4318.33 4320.86 4328.47 4336.41 4339.99 4336.69 4337.12 4338.21 4342.19 4350.3 4343.61
4290.43 4297.47 4306.17 4322.55 4337 4350.87 4365.37 4377.8 4386.44 4388.95 4383.94 4397.01 4411.47 4426.78 4441.81 4463.74 4479.38 4488.22 4500.52 4512.04 4525.84 4542.45 4570.63 4603.31 4645.5 4649.14 4614.09 4599.8 4603.56 4561.95 4501.63 4440.46 4414.36 4425.04 4462.23 4496.55 4533.96 4584.41 4636.84 4691.26 4731.81 4740.61 4768.3 4792.38 4757.31 4706.54 4605.67 4496.26 4458.01 4432.87 4413.65 4395.48 4376.28 4354.46 4331.77 4314.45 4311 4304.62 4313.07 4326.94 4330.1 4325.54 4323.83 4318.76 4315.49 4318.02 4319.74
4279.38 4287.59 4298.75 4310.08 4322.02 4336.13 4350.61 4364.34 4374.83 4380.35 4382.73 4386.16 4392.73 4407.26 4422.24 4445.62 4461.89 4472.1 4482.12 4490.55 4498.98 4508.14 4516.58 4535.63 4562.93 4566.12 4543.66 4526.73 4543.01 4543.04 4505.17 4461.39 4426.3 4420.67 4438.44 4452.6 4454.65 4492.77 4583.79 4671.11 4750.94 4771.68 4773.12 4767.28 4726.61 4674.19 4557.51 4438.23 4394.61 4378.86 4369.63 4362.29 4352.1 4342.95 4334.6 4337.41 4321.1 4311.73 4314.73 4322.95 4323.91 4327.5 4316.79 4298.28 4282.94 4279.26 4299.28
4271.32 4280.25 4292.23 4304.06 4314.57 4328.85 4343.76 4359.76 4373.86 4386 4386.57 4390.17 4392.13 4407.42 4422.94 4438.26 4449.22 4458.8 4467.1 4465.05 4465.53 4465.67 4462.85 4453.04 4435.76 4441.59 4469.18 4481.57 4513.15 4519.08 4499.84 4481.02 4455.54 4445.61 4439.4 4440.3 4440.46 4470.41 4535.24 4606.1 4686.21 4713.38 4721.82 4718.23 4646.53 4566.88 4463.52 4368.09 4337.91 4335.64 4336.78 4337.7 4335.55 4334.92 4333.73 4331.09 4329.88 4319.91 4319.86 4318.27 4311.37 4317.32 4301.56 4275.56 4256.12 4251.9 4264.93
4262.77 4273.76 4287.11 4299.1 4308.96 4321.83 4336.96 4353.12 4371.97 4395.36 4417.45 4398.51 4396.94 4413.82 4427.27 4433.56 4437.45 4443.58 4447.68 4446.81 4444.93 4437.22 4422.21 4396.32 4360.95 4384.46 4426.34 4463.98 4485.84 4477.72 4470.88 4468.73 4468.09 4452.25 4444.66 4446.89 4462.38 4474.86 4494.93 4509.42 4522.89 4582.25 4626.58 4625.69 4537.09 4429.82 4365.87 4310.18 4301.97 4310.77 4317.66 4320.97 4323.14 4327.59 4331.41 4337.59 4341.65 4345.27 4326.17 4314.21 4305.21 4292.39 4270.43 4250.73 4235.23 4235.05 4247.56
4256.42 4267.57 4278.98 4290.95 4304.27 4315.25 4330.29 4344.94 4361.66 4376.91 4387.7 4391.41 4396.78 4413.39 4423.28 4423.53 4425.16 4427.46 4430.15 4430.38 4427.87 4418.98 4402.12 4379.23 4365.17 4379.04 4407.01 4437.69 4453.9 4426.55 4433.19 4444.33 4458.29 4448.87 4443.95 4446.67 4460.55 4465.59 4471.08 4473.63 4478.98 4520.13 4559.32 4538.39 4446.34 4343.53 4315.8 4297.99 4298.96 4306.84 4311.74 4314.7 4317.42 4320.78 4325.83 4332.46 4335.31 4331.8 4319.56 4306.86 4297.17 4274.01 4245.12 4232.75 4220.76 4227.54 4248.82
4248.42 4258.47 4271.07 4280.39 4294.76 4307.28 4319.18 4333.74 4347.11 4357.07 4366.25 4376.04 4386.96 4404.31 4409.92 4409.34 4411.4 4412.82 4415.16 4417.13 4414.86 4408.28 4396.94 4382.72 4375.9 4383.14 4394.97 4406.75 4403.13 4391.12 4404.7 4420.75 4441.42 4444.84 4436 4434.41 4434.91 4446.41 4457.62 4475.54 4489.22 4507.38 4529.55 4498.56 4410.28 4329.05 4317.34 4321.95 4325.87 4320.14 4316.41 4313.72 4313.74 4315.24 4317.33 4320.4 4319.62 4313.47 4306.76 4298.47 4289.82 4271.86 4246.1 4231.24 4219.03 4229.67 4252.47
4239.58 4249.56 4260.92 4274.67 4285.29 4297.28 4308.98 4322.02 4334.03 4344.86 4353.27 4358.71 4364.31 4373.62 4384.15 4389.96 4395.29 4400 4405.4 4407.35 4408.51 4407.39 4403.47 4398.97 4396.14 4390.04 4386.59 4385.28 4387.47 4386.45 4386.73 4396.55 4421.02 4424.36 4419.15 4418.41 4422.61 4426.8 4438.44 4457 4470.14 4482.94 4495.92 4472.75 4401.59 4350.42 4339.93 4353.56 4355.42 4336.55 4324.31 4314.34 4309.74 4307.46 4305.97 4303.72 4297.09 4295.51 4295.18 4291.04 4284.11 4274.05 4255.02 4242.92 4235.25 4240.85 4253.25
4232.43 4244.49 4255.61 4264.58 4274.8 4286.02 4297.25 4308.72 4321.57 4335.13 4342.97 4347.54 4344.76 4340.77 4356.47 4371.19 4381.47 4390.25 4396.58 4402.29 4405.7 4411.46 4414.41 4415.64 4414.02 4393.32 4376.94 4367.95 4369.81 4365.57 4365.34 4371.81 4393.43 4411.3 4407.08 4403.69 4397.55 4406.47 4411.51 4415.99 4421.04 4438.69 4450.33 4414.36 4377.48 4357.58 4353.78 4359.61 4358.42 4340.69 4325.79 4314.54 4307.65 4301.96 4297.94 4293.4 4286.97 4286.31 4288.32 4287.42 4283.22 4275.05 4264.36 4258.53 4258.34 4253.16 4253.76
4225.82 4235.57 4245.74 4255.49 4265.87 4275.26 4284.28 4294.67 4305.9 4318.31 4329.09 4338.79 4336 4330.96 4345.38 4360.07 4370.78 4380.84 4388.14 4396.54 4402.71 4412.39 4420.77 4427.17 4415.4 4384.48 4359.05 4341.25 4332.26 4335.82 4339.96 4345.29 4363.98 4398.06 4395.09 4399.81 4400.43 4391.29 4384.39 4377.4 4377.15 4398.43 4399.66 4384.24 4379.38 4369.8 4356.02 4351.63 4347.21 4330.95 4318.35 4309.84 4303.4 4297.88 4291.99 4288.72 4287.08 4283.77 4285.23 4287.21 4288.56 4281.63 4271.87 4267.31 4266.15 4256.69 4249.62
4218.82 4229.29 4238.77 4248.04 4255.45 4264.24 4272.31 4281 4288.81 4295.66 4313.9 4325.49 4335.34 4339.71 4345.93 4354.91 4363.65 4371.48 4380.41 4387.47 4396.99 4406.34 4415.53 4422.78 4395.61 4361.78 4335.02 4312.15 4295.8 4308.31 4318.62 4321.85 4332.58 4367.03 4375.87 4389.53 4390.92 4376.88 4362.57 4352.79 4358.37 4380.03 4393.53 4381.16 4387.32 4367.58 4343.15 4328.71 4316.76 4309.97 4305.06 4299.68 4295.04 4291.62 4287.48 4283.61 4278.46 4279.09 4281.81 4284.47 4287.73 4284.12 4272.39 4265.67 4261.79 4251.75 4241.72
4214.88 4224.28 4233.13 4242.18 4249.67 4256.86 4262.54 4268.49 4275.6 4286.45 4306.47 4327.28 4336.91 4344.57 4347.27 4352.49 4358.82 4364.94 4375.39 4381.46 4386.91 4392.45 4393.64 4381.88 4348.95 4331.81 4311.08 4290.69 4278.87 4306.33 4304.95 4308.47 4316.22 4340.06 4357.01 4373.76 4375.34 4363.34 4347.43 4339.9 4350.27 4365.85 4364.23 4338.94 4331.08 4327.05 4315.11 4303.17 4290.69 4290.72 4290.84 4289.99 4288.48 4286.55 4283.61 4280.3 4275.54 4277.42 4277.9 4277.46 4276.93 4279.76 4270.32 4259.02 4251.11 4243.79 4234.54
4212.14 4221.06 4229.79 4235.01 4242.05 4249.2 4255.46 4260.17 4265.03 4275.66 4298.57 4322.83 4332.68 4339.4 4344.75 4349.39 4353.32 4357.69 4365.45 4369.44 4372.77 4373.53 4367.55 4346.97 4323.16 4309.46 4292.67 4275.41 4264.27 4270.01 4289.65 4302.55 4314.89 4338.61 4356.52 4366.14 4366.61 4355.53 4339.67 4335.24 4344.21 4349.42 4322.89 4291.68 4264.29 4280.38 4286.72 4284.36 4280.56 4279.23 4281.07 4282.48 4282.42 4281.1 4279.86 4279.68 4281.77 4278.88 4273.76 4269.7 4264.39 4265.13 4263.58 4252.73 4243.99 4237.69 4230.23
4209.42 4216.7 4223.87 4230.78 4237.88 4244.48 4250.38 4255.08 4260.09 4267.71 4285.49 4306.69 4329.49 4338.83 4340.94 4344.02 4346.52 4348.97 4354.63 4356.11 4356.84 4354.5 4348.53 4333.53 4312.16 4297.22 4282.25 4267.15 4258.8 4268.24 4286.21 4305.44 4327.32 4351.59 4366.93 4379.66 4369.64 4355.23 4339.06 4331.17 4333.26 4331.27 4310.06 4283.8 4258.58 4263.93 4271.2 4272.72 4269.72 4271.78 4276.21 4278.49 4278.41 4277.12 4275.45 4275.45 4276.08 4272.41 4268.13 4264.19 4260.4 4259.51 4256.63 4248.08 4241.1 4234.43 4228.44
4206.84 4213.26 4220.27 4227.29 4234.12 4240.06 4246.11 4252.37 4263.11 4270.56 4274.58 4291.74 4322.02 4332.78 4334.2 4335.7 4337.01 4338.41 4342.18 4341.63 4339.07 4334.96 4328.84 4321.73 4305.37 4291.61 4279.87 4268.94 4264.23 4275.31 4291.04 4310.22 4334.49 4358.23 4365.7 4370.6 4367.92 4356.87 4343.65 4329.8 4324.35 4319.95 4310.8 4296.08 4279.67 4268.66 4270.08 4271.79 4270.79 4272.56 4276.52 4276.84 4275.25 4272.77 4270.09 4268 4265.48 4263.15 4261.87 4260.25 4259.01 4257.89 4251.44 4246.94 4239.67 4231.69 4226.62
4203.56 4210.78 4217.81 4224.51 4231.46 4238.08 4243.65 4247.8 4251.25 4259.46 4271.47 4286.31 4304.41 4316.58 4322.08 4324.61 4326.49 4326.99 4325.83 4326.64 4322.02 4315.98 4306.91 4302.34 4295.64 4288.74 4283.44 4278.65 4276.88 4280.93 4293.96 4312.7 4330.02 4345.19 4356.74 4368.15 4363.82 4357.21 4347.2 4331.44 4322.49 4315.86 4309.96 4302.08 4287.24 4276.7 4276.06 4278.62 4281.81 4284.95 4283.47 4279.56 4274.59 4269.35 4265.03 4260.95 4257.8 4254.86 4257.02 4256.44 4254.93 4252.62 4246.62 4234.3 4231.42 4227.03 4223.17
4201.71 4208.6 4216.01 4223.4 4230.82 4237.42 4243.31 4246.47 4247.49 4251.87 4260.39 4274.23 4287.63 4301.28 4310.19 4314.41 4316.71 4316.95 4315.56 4314.38 4308.51 4301.21 4293.82 4286.7 4285.77 4286.79 4289.71 4294.53 4295.08 4293.36 4303.65 4317.32 4326.28 4332.7 4340.45 4351.23 4354.37 4353.96 4350.13 4333.14 4321.62 4316.08 4307.75 4301.37 4292.43 4283.7 4282.68 4286.92 4295.38 4299.39 4291.72 4283.7 4275.71 4267.66 4259.65 4252.98 4252.95 4257.48 4255.43 4253.48 4250.58 4246.91 4242.46 4229.34 4225.24 4222.28 4219.35
4198.94 4206.4 4213.54 4221.79 4230.18 4238.42 4245.99 4251.94 4246.03 4249.6 4251.49 4263.91 4279.74 4291.06 4299.24 4304.11 4306.95 4307.79 4307.16 4303.46 4298.1 4290.15 4279.73 4275.85 4278.3 4284.84 4294.09 4305.16 4311.69 4317.02 4325.36 4325.05 4328.74 4333.32 4332.07 4336.56 4340.37 4343.24 4342.6 4328.7 4315.83 4305.98 4299.26 4292.56 4285.98 4282.44 4285.07 4290.53 4298.52 4302.24 4294.23 4283.76 4274.43 4265.37 4255.77 4246.93 4248.61 4253.26 4253.14 4251.63 4248.19 4241.09 4234.14 4228.37 4222.57 4219.59 4216.65
4197.23 4205.29 4213.05 4221.76 4230.59 4239.92 4249.48 4261.96 4283.5 4255.14 4241.55 4257.35 4274.99 4284.09 4291.15 4295.9 4299.03 4300.74 4300.42 4296.45 4292.31 4286.52 4273.82 4267.48 4273.39 4282.66 4294.93 4309.02 4318.08 4327.6 4325.74 4326.19 4327.06 4328.67 4323.38 4320.35 4323.25 4325.81 4323.73 4315.02 4305.21 4296.76 4289.65 4282.98 4279.91 4280.7 4284.07 4288.73 4294.57 4298.22 4289.91 4281.27 4273.02 4264.73 4256.36 4248.2 4247.99 4248.47 4250.61 4251.29 4250.11 4246.42 4235.97 4227.26 4222.54 4220.09 4216.82
4195.6 4204.11 4212.4 4221.3 4229.77 4238.7 4247.61 4255.4 4258.83 4252.57 4244.18 4256.98 4270.6 4278.07 4284.02 4288.52 4291.8 4293.32 4294.63 4291.62 4291.41 4288.52 4282.26 4268.48 4271.53 4278.92 4289.46 4304.61 4312.73 4320.7 4323.38 4320.66 4318.09 4315.33 4308.41 4302.33 4304.19 4307.21 4306.41 4300.14 4292.25 4285.5 4280.31 4276.93 4278.17 4281.57 4280.73 4282.02 4283.38 4281.86 4279.57 4276 4270.8 4264.9 4259.74 4256.6 4252.25 4251.64 4251.56 4252.03 4253.55 4255.7 4248.98 4234.19 4226.84 4223.76 4219.97
4193.44 4202.21 4210.66 4219.52 4228.11 4236.87 4243.93 4246.88 4246.07 4252.04 4256.38 4258.97 4266.42 4271.67 4276.78 4281.17 4284.57 4288.08 4289.83 4288.78 4290.27 4289.23 4280.65 4271.5 4272.15 4274.47 4276.86 4282.01 4295.72 4304.89 4310.96 4310.92 4304.55 4296.6 4288.39 4281.54 4285.51 4290.25 4290.12 4285.42 4280.21 4275.85 4270.03 4266.43 4269.68 4275.45 4271.99 4272.84 4272.9 4270.34 4271.46 4271.27 4268.45 4264.15 4259.81 4257.43 4253.12 4250.71 4250.07 4251.42 4253.63 4256.82 4255.09 4245.03 4237.25 4230.32 4225.11
4192.07 4200.97 4209.9 4219.01 4227.37 4235.35 4242.64 4248.53 4251 4250.3 4251.55 4254.6 4260.1 4265.59 4270.52 4274.5 4278.26 4282.69 4285.43 4286.76 4288.72 4290.05 4288.01 4279.34 4275.27 4272.99 4269.9 4269.29 4284.2 4296.51 4305.65 4301.45 4290.7 4275.79 4265.8 4261.81 4270.85 4275.98 4269.62 4265.13 4266.84 4266.21 4259.74 4255.13 4254 4246.52 4258.38 4263.94 4266.1 4267.43 4268.59 4268.82 4267.09 4263.52 4257.59 4251.87 4251.34 4249.9 4249.21 4248.61 4250.1 4251.49 4253.78 4252.18 4243.51 4235.55 4229.27
4191.23 4199.59 4208 4216.66 4225 4233.35 4241.48 4248.32 4250.75 4249.56 4250.02 4253.99 4257.33 4261.46 4265.7 4269.62 4273.6 4277.04 4280.73 4283.55 4286.18 4287.94 4289.34 4283.94 4278.6 4275.37 4274.42 4276.22 4282.93 4290.55 4294.48 4291.38 4281.83 4268.97 4257.99 4262.41 4266.85 4263.65 4244.75 4243.58 4248.22 4251.29 4250.18 4248.54 4249.95 4255.05 4256.25 4256.95 4260.17 4264.31 4267.34 4267.62 4266.25 4264.49 4261.58 4255.79 4250.8 4245.86 4242.48 4243.31 4245.53 4247.09 4250.22 4251.15 4244.21 4237.52 4231.33
4191.65 4199.25 4206.88 4214.63 4221.59 4229.61 4238.55 4248.82 4250.23 4248.66 4249.13 4253.57 4254.22 4256.93 4260.8 4264.83 4268.92 4273.37 4275.77 4279.38 4282.2 4284.96 4287.7 4283.48 4279.1 4277.25 4278.26 4280.47 4282.97 4286.68 4287.67 4280.37 4278.95 4277.4 4277.86 4282.06 4271.47 4257.6 4248.06 4237.03 4236.82 4241 4244.58 4245.34 4246.6 4256.93 4249.12 4245.71 4251.91 4261.53 4267.49 4265.08 4263.44 4263.88 4266.67 4260.99 4249.58 4240.39 4235.09 4237.66 4241.29 4244.77 4249.54 4249 4244.13 4237.5 4231.99
4192.13 4198.78 4205 4210.98 4217.18 4223.43 4230.49 4240.19 4241.48 4241.05 4240.71 4241.29 4245.95 4250.93 4255.81 4260.17 4264.31 4268.29 4271.17 4274.43 4277.4 4280.02 4280.75 4278.08 4275.54 4275.12 4277.89 4279.29 4280.31 4282.82 4282.49 4276.96 4278.41 4281.52 4287.44 4281.99 4269.93 4258.41 4256.42 4228.86 4212.65 4220.78 4236.81 4239.36 4228.68 4215.67 4214.02 4226.35 4239.34 4252.09 4259.89 4256.94 4255.9 4256.65 4259.19 4254.31 4244.55 4236.07 4231.7 4234.11 4238.9 4241.34 4237 4235.13 4236.21 4234.58 4231.34
4193.46 4198.89 4203.49 4207.72 4211.1 4214.53 4217.01 4219.55 4225.29 4229.82 4229.86 4231.44 4237.76 4244.72 4250.35 4254.85 4258.95 4263.43 4265.67 4269.07 4271.14 4272.14 4271.67 4270.31 4268.73 4268.17 4269.68 4272.18 4274.28 4277.01 4278.83 4280.91 4276.62 4273.84 4274.1 4275.1 4268.18 4262.22 4246.75 4212.99 4180.54 4200.87 4222.07 4225.4 4212.44 4188.83 4188.66 4212.67 4227.37 4235.6 4238.72 4242.34 4244.59 4245.13 4243.05 4241.34 4237.17 4231.46 4227.31 4232.24 4239.17 4243.26 4239.37 4230.14 4231.63 4232.56 4230.32
4195.61 4199.78 4203.27 4205.8 4207.52 4208.14 4206.43 4201.51 4210.64 4216.79 4220.91 4224.64 4233.33 4240.27 4245.09 4249.29 4252.96 4257.2 4259.8 4262.35 4264.38 4264.59 4263.32 4261.99 4260.26 4258.65 4257.71 4261.89 4267.21 4271.54 4274.45 4274.97 4273.58 4267.68 4263.65 4260.39 4259.09 4258.44 4244.94 4222.65 4191.3 4206.75 4216.88 4219.26 4213.68 4206.04 4209.29 4216.74 4223.14 4225.56 4225.12 4230.46 4233.91 4235.32 4235.05 4232.89 4230.79 4228.26 4228.09 4233.47 4241.32 4248.06 4244.95 4237.57 4237.55 4234.7 4229.57
4198.6 4201.6 4203.58 4205.11 4205.36 4204.64 4203.32 4202.46 4202.75 4207.81 4219.32 4227.34 4232.28 4237.14 4241.09 4244.63 4247.64 4250.37 4253.19 4256.02 4258.2 4258.67 4257.59 4255.1 4252.49 4250.45 4250.66 4254.79 4261.2 4267.3 4272.2 4276.77 4272.45 4265.87 4258.68 4251.44 4242.54 4236.71 4241.6 4253.92 4257.62 4234.23 4226.17 4224.18 4224.12 4227.8 4231.94 4227.94 4225.42 4223.72 4223.35 4224.34 4226.22 4227.16 4226.99 4226.17 4225.34 4225.32 4228.41 4233.69 4241.44 4249.45 4245.95 4237.63 4237.16 4233.36 4227.71
4202.41 4204.13 4204.94 4204.79 4203.94 4202.51 4201.61 4198.6 4195.65 4203.18 4219.49 4229.42 4231.77 4234.25 4236.71 4239.37 4241.47 4244.49 4246.99 4249.99 4252.08 4253.81 4252.78 4248.81 4244.74 4241.62 4242.46 4247.98 4255.9 4263.83 4269.91 4270.67 4270.33 4268.76 4257.36 4248.5 4235.46 4237.94 4247.81 4264.41 4269.5 4248.11 4234.04 4230.96 4232.59 4238.03 4243.05 4234.54 4227.52 4223.03 4220.13 4219.6 4220.14 4220.73 4220.7 4220.12 4219.61 4220.15 4221.87 4227.23 4236.99 4245.72 4241.37 4230.95 4227.7 4225.52 4223.64
