real_craters/C150-1000m.grd
DSAA
57 57
-27.86 27.86
-27.86 27.86
8451.1096550295 10553.638895381
[rows 0 to 34 of 57, columns 0 to 56 of 57]
9763.56 9751.38 9745.03 9740.24 9738.38 9739.66 9733.82 9733.89 9759.95 9777.31 9787.98 9788.26 9789.22 9787.49 9779.29 9765.47 9756.28 9768.35 9779.02 9776.93 9775.02 9778.67 9775.89 9766.3 9758.06 9755.31 9744.06 9747.24 9766.13 9782.89 9794.12 9791.46 9777.75 9777.74 9740.56 9702.51 9678.94 9661.68 9671.01 9701.28 9737.28 9760.51 9763.24 9761.17 9767.78 9783.17 9820.99 9859.73 9903.76 9929.07 9991.58 10146 10288.8 10337.3 10364.5 10358.5 10323.9
9769.34 9748.22 9736.29 9734.67 9731.63 9739.03 9733.29 9736.31 9753.49 9770.09 9781.13 9789.8 9787.35 9782.54 9775.16 9781.91 9786.08 9767.91 9773.69 9772.13 9768.17 9767.55 9767.08 9761.47 9758.57 9754.47 9759.86 9761.06 9773.67 9783.85 9783.48 9769.38 9772.79 9766.33 9743.28 9695.29 9687.61 9671.09 9671 9696.33 9734.78 9760.53 9763.97 9759.35 9766.63 9809.26 9851.33 9886.84 9912.27 9921.14 9956.15 10092.7 10262.6 10309.7 10361.5 10376.9 10328
9782.86 9759.73 9737.31 9739.54 9727.44 9730.71 9732.82 9732.81 9754.09 9758.23 9764.97 9782.29 9779.88 9771.96 9776.34 9773.58 9783.21 9776.75 9771.27 9768.54 9765.39 9759.11 9758.57 9763.75 9777.49 9808.5 9789.89 9777.73 9785.19 9790.24 9792.22 9777.68 9779 9787.71 9732.51 9701.72 9691.08 9684.32 9684.75 9691.76 9741.02 9774.89 9766.47 9762.46 9770.7 9844.83 9871.45 9905.59 9934.42 9921.76 9917.58 9931.76 10094.6 10250.2 10355.2 10380.4 10340.2
9784.75 9785.3 9762.34 9759.93 9735.93 9739.24 9747 9743.21 9753.03 9766.63 9772.21 9776.05 9777.12 9780.85 9789.74 9793.99 9774.3 9777.42 9770.34 9763.93 9763.83 9768.06 9765.99 9768.77 9776.11 9786.31 9787.27 9788.72 9795.66 9798.36 9799.86 9803.02 9803.31 9808.8 9761.12 9709.5 9697.89 9695.33 9688.87 9707.73 9749.15 9774.56 9767.84 9762.73 9772.68 9826.1 9861.19 9887.33 9916.44 9904.47 9880.76 9897.75 10024.9 10196.2 10373.8 10426.1 10357.5
9774.4 9765.98 9762.04 9755.95 9770.01 9785.65 9776.83 9772.74 9779.2 9786.05 9785.45 9773.52 9776.09 9782.38 9787.3 9782.05 9776.9 9761.11 9756.22 9757.02 9758.83 9764.45 9778.03 9772.73 9777.11 9772.82 9783.96 9797.75 9805.8 9805.73 9805.81 9805.17 9810.6 9806.05 9776.71 9743.25 9717.48 9716.67 9703.01 9736.73 9764.92 9778.64 9781.33 9772.92 9785.07 9811.49 9839.08 9861.75 9878.83 9873.8 9859.23 9857.58 9934.05 10118.8 10318.4 10415 10410.9
9773.92 9759.62 9756.17 9756.37 9778.16 9794.97 9788.64 9779.67 9780.86 9784 9788.14 9784.21 9790.3 9793.93 9792.19 9777.16 9763.07 9745.68 9748.37 9751.8 9752.18 9751.29 9777.92 9768.98 9766.06 9773.56 9791.33 9800.75 9810.04 9811.71 9807.32 9806.99 9806.24 9809.66 9797.85 9777.49 9758.08 9760.54 9760.83 9791.76 9802.23 9805.18 9809.62 9798.83 9800.54 9811.98 9830.71 9841.84 9847.68 9840.11 9827.25 9821.83 9862.55 10020.9 10224.4 10364.3 10398.1
9798.48 9799.26 9782.65 9768.03 9771.83 9782.97 9779.55 9770.66 9769.57 9763.59 9779.68 9799.51 9797.48 9786.2 9779.78 9775.7 9759.55 9763.7 9754.01 9752.51 9752.75 9760.29 9776.08 9767.06 9767.81 9784.54 9793.72 9807.94 9828.26 9818.62 9808.66 9797.26 9798.04 9802 9809.26 9807.22 9792 9787.99 9799.74 9804.09 9808.32 9816.52 9826.12 9808.8 9809.81 9825.43 9838.18 9850.55 9843.55 9827.88 9818.08 9813.25 9819.34 9940.65 10107.7 10290.1 10375.9
9821.46 9808.92 9813.69 9778.96 9770.69 9780.39 9772.25 9752.33 9756.28 9795.04 9796.7 9786.52 9778.81 9775.46 9767.4 9768.6 9757.6 9763.9 9760.56 9757.88 9757.49 9757.55 9769.12 9767.89 9768.48 9777.37 9782.17 9794.41 9816.01 9819.55 9810.24 9799.53 9788.23 9788.99 9803.61 9796.34 9796.51 9802.73 9801.35 9801.16 9809.63 9818.9 9825.01 9817.73 9832.22 9839.15 9848.93 9850.94 9840.72 9824.61 9816.67 9812.97 9810.29 9891.47 10070.9 10213.2 10319.4
9834.81 9817.09 9805.42 9804.63 9790.79 9781.47 9768.51 9763.04 9755.76 9814.47 9803.52 9777.22 9764.13 9778.97 9781.76 9775.35 9763.39 9752.8 9762.14 9765.38 9765.83 9767.52 9780.11 9782.96 9783.14 9792.23 9797.8 9793.54 9816.05 9817.99 9810.13 9794.77 9795.49 9790.04 9798.67 9792.85 9808.38 9814.4 9817.66 9807.54 9816.47 9817.44 9815.99 9816.66 9825.44 9834.34 9838.67 9850.85 9831.76 9826.47 9802.16 9802.86 9811 9842.52 9914.75 10089.1 10223.4
9812.83 9814.6 9790.17 9802.76 9806.32 9792.76 9781.39 9766.32 9761.26 9782.79 9785.59 9775.29 9770.16 9778.44 9773.26 9761.38 9762.05 9762.9 9767.68 9773.38 9777.45 9777.91 9773.28 9788.03 9795.8 9806.37 9811.19 9796.43 9809.9 9815.75 9815.69 9811.06 9802.03 9798.63 9786.54 9801.49 9803.06 9813.88 9816.65 9810.18 9807.21 9811.61 9816.22 9834.8 9858.69 9842.62 9828.35 9836.61 9815.48 9806.52 9795.67 9807.6 9824.28 9842.17 9870.45 9941.22 10070
9798.7 9778.92 9775.15 9790.89 9792.85 9797.54 9795.96 9771.71 9765.16 9772.11 9771.35 9772.24 9777.43 9772.74 9764.85 9762.85 9765.28 9770.21 9776.68 9783.16 9792.72 9805.26 9820.37 9798.13 9801.21 9802.12 9797.08 9784.08 9795.35 9811.87 9826.68 9837.93 9825.75 9795.14 9797.82 9794.37 9789.15 9799.96 9813.04 9796.47 9796.8 9803.44 9808.7 9816.88 9844.33 9843.72 9823.02 9835.88 9827.28 9821.56 9809.39 9798.47 9836.01 9871.39 9877.71 9910.35 9974.23
9810.45 9788.12 9786.01 9770.86 9776.39 9781.84 9787.36 9771.07 9756.14 9757.71 9767.29 9766.79 9761.74 9768.92 9769.22 9767.92 9765.78 9771.96 9783.77 9792.61 9803.47 9819.43 9835.1 9822.32 9811.44 9801.29 9784.72 9789.44 9795.22 9813.05 9837.73 9847.54 9856.92 9833.28 9811.76 9791.74 9789.68 9796.04 9800.45 9803.73 9805.24 9798.04 9803.49 9824.29 9848.48 9851.74 9850.32 9852.15 9847.22 9835.3 9810.64 9807.82 9830.75 9869.53 9885.34 9908.74 9941.25
9805.9 9789.08 9776.48 9761.72 9758.77 9769.52 9776.1 9765.03 9762.99 9782.55 9774.3 9766.68 9758.31 9766.42 9783.62 9785.46 9776.03 9779.27 9785.34 9795.38 9807.19 9817.17 9813.49 9822.99 9830.18 9825.7 9813.35 9868.57 9891.35 9872.53 9891.33 9867.74 9861.29 9912.96 9927.16 9865.22 9832.35 9832.04 9805.86 9802.84 9802.88 9803.58 9818.82 9844.92 9859.58 9870.47 9879.45 9882.19 9872.51 9853.78 9836.83 9819.54 9827.82 9863.14 9885.87 9912.26 9929.06
9793.55 9791.58 9779.77 9754.53 9755.1 9757.94 9761.17 9765.76 9778.31 9787.56 9781.3 9773.61 9769.54 9772.41 9786.26 9781.92 9769.52 9769.75 9781.1 9798.88 9815.12 9825.09 9827.26 9835.48 9860.36 9883.24 9908.68 9992.88 10050.7 10057.6 10018.6 9964.51 9886.03 9926.28 9941.54 9915.24 9884.32 9874.87 9849.97 9826.87 9809.69 9810.65 9822.85 9839.42 9859.31 9878.51 9893.19 9905.95 9896.51 9879.05 9854.59 9829.97 9824.19 9861.35 9889.14 9892.55 9917.73
9805.21 9791.36 9782.1 9760.06 9749.98 9747.45 9752.99 9773 9776.62 9785.61 9789.35 9783.53 9775.41 9774.6 9791.12 9804.54 9783.73 9770.44 9780.29 9807.34 9835.52 9860.72 9876.06 9887.9 9906.96 9916.99 10022 10049.8 10071.2 10180.7 10086.4 10086.6 10018.1 9955.62 9957.51 9943.04 9915.22 9887.92 9867.06 9853.86 9834.02 9816.63 9817.65 9829.06 9848.81 9856.07 9878.24 9896.18 9906.88 9907.01 9880.18 9858.84 9882.62 9952.57 9890.57 9892.75 9978.15
9792.9 9783.73 9772.61 9762.62 9754.43 9746.96 9756.39 9787.6 9778.43 9801.79 9795.79 9791.55 9793.28 9805.7 9801.56 9827.9 9814.4 9787.74 9790.2 9817.69 9860.71 9910.52 9952.13 10006.2 9886.61 9767.64 9744.72 9701.08 9685.02 9845.59 9852.94 9938.98 10027.4 10027.1 10058.8 10031.8 9986.23 9930.52 9879.55 9865.27 9866.83 9836.45 9818.47 9829.83 9844.84 9862.69 9874.11 9873.37 9886.12 9881.28 9873.95 9902.83 9943.43 9763.06 9731.92 9727.4 9808.11
9779.34 9783 9769.12 9764.71 9757.52 9751.89 9759.22 9779.81 9786.25 9786.03 9792.4 9792.76 9794.03 9794.3 9799.17 9832.7 9834.06 9799.75 9796.15 9825.98 9851.27 9903.94 10011.1 9848.19 9623.58 9485.33 9353.66 9261.96 9288.55 9353.38 9424.38 9449.01 9563.29 9920.14 10191.3 10138.1 10095.8 10007.1 9919.66 9915.25 9938.34 9905.67 9829.22 9824.49 9841.97 9863.33 9880.64 9891.13 9884.66 9873.15 9889.17 9886.36 9747.86 9703.06 9703.05 9701.21 9733.36
9776.42 9780.31 9777.42 9771.22 9772.31 9769.51 9762.28 9767.43 9772.26 9788.16 9788.01 9785.36 9782.39 9783.76 9788.14 9811.78 9817.54 9811.27 9828.46 9834.98 9784.89 9720.75 9611.97 9353.25 9235.8 9178.02 9072.42 8982.67 9016.72 9066.71 9133.23 9183.89 9282.96 9508.76 9747.07 10021.9 10127.3 10070.8 9956.02 9968.16 9925.94 9896.65 9837.24 9815.85 9836.95 9865.41 9886.41 9922.5 9900.31 9884.82 9949.57 9896.35 9720.57 9710.56 9717.58 9714.16 9740.23
9790.69 9777.31 9776.39 9777.06 9779.81 9770.84 9759.68 9763.27 9777.45 9787.76 9786.87 9779.81 9769.29 9776.13 9784.99 9793.99 9829.39 9867.67 9922.1 9863.04 9688.8 9488.48 9243.99 9113.25 9058.46 8988.18 8895.93 8840.15 8854.76 8896.12 8984.73 9098.09 9131.54 9207.6 9342.69 9625.43 9868.97 10026.8 10002.8 10001.9 9922.26 9844.91 9812.07 9810.4 9829.9 9847.51 9870.15 9892.37 9892.46 9893.48 9976.81 9847.55 9729.83 9724.47 9723.17 9725.9 9760.66
9800.95 9782.13 9772.96 9781.83 9784.84 9775.72 9763.47 9773.88 9782.74 9783.94 9782.29 9778.2 9772.16 9772.73 9809.64 9842.06 9879.39 9956.71 10038.6 9823.6 9563.84 9347.35 9168.74 9078.95 8994.83 8867.68 8775.1 8710.84 8723.34 8757.28 8820.22 8909.58 8958.24 9011.67 9098.41 9308.79 9540.05 9733.71 9959.5 10094.9 10072 9879.33 9797.05 9811.9 9830.19 9847.94 9878.49 9888.88 9886.15 9895.25 9985.66 9835.1 9744.44 9735.1 9730.93 9734.4 9783.66
9811.9 9804.54 9787.95 9790.77 9795.39 9793.47 9779.96 9776.14 9785.85 9783.52 9784.43 9789.85 9798.09 9818.8 9858.31 9888.87 9909.36 9919.25 9891.79 9604.44 9386.02 9228.29 9100.16 8886.03 8795.94 8739.35 8678.58 8621.23 8628.23 8644.66 8666.8 8742.84 8775.27 8837.39 9000.74 9196.07 9381.64 9473.99 9674.52 10053.7 10126.9 9933.89 9844.53 9831.61 9841.04 9860.03 9871.36 9881.39 9879.99 9885.8 9940.68 9962.63 9793.14 9745.91 9753.05 9778.25 9829.62
9823.83 9822.89 9809.91 9803.33 9802.95 9805.84 9805.69 9800.99 9793.52 9792.51 9795.92 9806.99 9817.04 9849.91 9900.16 9943.77 9897.18 9783.12 9549.44 9326.98 9175.82 9023.84 8891.24 8725.07 8655.04 8638.3 8611.12 8579.35 8585.4 8600.77 8608.32 8634.47 8677.64 8737.27 8867.47 9095.39 9280.07 9332.71 9466.85 9827.86 10097.5 9979.51 9863.49 9852.85 9848.53 9855.42 9852.92 9903.74 9899.47 9876.81 9903.81 9957.89 9896.84 9840.98 9836.88 9838.14 9934.38
9820.77 9830.7 9819.26 9810.9 9805.89 9798.69 9812.35 9815.8 9808.06 9811.97 9824.33 9826.53 9842.9 9869.23 9937.57 9934.39 9895.52 9705.8 9464.8 9247.31 9017.29 8822.69 8715.8 8654.45 8606.15 8597.45 8583.61 8565.54 8575.73 8603.51 8601.06 8617.76 8637.08 8693.06 8853.38 9135.83 9211.23 9191.42 9315.75 9708.11 10051.7 10134.5 9958.73 9895.56 9850.19 9830.74 9868.45 9910 9907.27 9896.03 9875.45 9889.72 9932.19 10018 10114.3 10116.6 10018.7
9833.92 9829.71 9823.82 9816.54 9810.82 9808.97 9813.86 9813.67 9810.85 9812.96 9812.39 9829.8 9843.41 9866.84 9905.66 9956.88 9926.63 9648.36 9365.35 9055.76 8919.12 8794.61 8694.27 8639.77 8612.29 8600.08 8585.71 8570.79 8574.82 8596.86 8601.35 8617.98 8631.26 8683.71 8844.9 9099.67 9170.25 9153.82 9249.53 9578.79 9929.3 10149.7 10053.9 9953.93 9861.06 9813.51 9876.18 9904.38 9897.71 9910.16 9920.17 9903.88 9904.92 9929.94 9966.83 10001.2 10069.7
9840.33 9834.25 9823.73 9817.54 9812.62 9807.41 9808.16 9818.44 9811.85 9807.7 9816.16 9833.34 9843.65 9856.12 9938.26 9965.34 9813.21 9553.09 9265.27 9022.83 8897.65 8793.49 8702.62 8650.82 8614.95 8607.1 8600.54 8600.74 8611.81 8614.19 8608.23 8619.01 8637.68 8653.37 8797.01 8913.97 9035.08 9072.67 9340.87 9594.26 9880.34 10200.2 10139.8 10008.8 9895.27 9841.24 9884.32 9914.38 9931.9 9937.15 9930.1 9938.62 9935.96 9932.03 9967.96 9970.82 10001.4
9824.66 9827.48 9824.16 9820.65 9818.37 9810.29 9802.54 9823.65 9807.74 9806.68 9813.99 9855.18 9874.67 9871.94 10041.4 10018.1 9697.03 9461.98 9212.67 9034.46 8875.42 8771.96 8706.85 8666.72 8636.47 8623.38 8607.74 8604.59 8639.07 8615.38 8621.41 8628.73 8623.23 8631.97 8679.83 8766.63 8888.75 9040.82 9326.44 9561.44 9803.11 10196.9 10166.5 10027.8 9916.5 9865.96 9884.8 9925.39 9944.37 9941.83 9937.45 9961.49 9958.77 9945.2 9945.24 9965.78 10004.4
9811.95 9826.8 9826.32 9822.18 9813.64 9810.53 9820.77 9817.75 9817.37 9811.87 9816.83 9862.49 9913.38 9894.47 10128.4 10044 9705.96 9425.54 9150.69 8904.31 8804.27 8751.09 8717.8 8683.84 8657.04 8641.57 8601.18 8548.12 8474.4 8533.84 8589.99 8631.96 8634.29 8642.93 8674.9 8754.27 8854.63 9078.48 9305.71 9510.84 9750.89 10098.8 10096.6 10006.9 9905.64 9854.31 9864.95 9887.06 9905.06 9917.97 9934.69 9962.74 9968.56 9964.78 9946.13 9983.84 10006.4
9823.02 9831.68 9829.68 9825.57 9826.1 9827.54 9836.98 9832.62 9820.13 9817.8 9815.69 9827.33 9910.49 9939.17 10081 10012.8 9714.13 9435.05 9155.14 8913.23 8835.64 8776.35 8739.27 8700.97 8675.24 8661.77 8604.47 8524.72 8456.05 8467.42 8556.79 8627.03 8644.95 8663.3 8685.57 8729.92 8861.64 9131.45 9307.98 9451.51 9732.05 10096.2 10087.7 9990.46 9901.93 9858.63 9860.82 9849.47 9861.34 9878.97 9897.53 9922.31 9929.9 9932.19 9936.12 9967.18 10000.9
9808.61 9825.83 9828.54 9823.8 9822.66 9835.32 9843.26 9836.64 9837.32 9818.62 9810.22 9814.87 9882.12 10026.2 10071.6 10029.3 9761.65 9465.47 9197.21 8988.12 8911.43 8824.22 8761.02 8722.68 8697.91 8694.13 8632.51 8543.79 8456.45 8451.11 8536.87 8617.06 8645.89 8665.77 8691.48 8746.03 8914.02 9143.64 9320.21 9458.11 9692.11 10088.5 10130 10001.6 9908.33 9865.92 9856.73 9853.49 9859.28 9863.15 9871.03 9880.32 9892.08 9900.48 9919.6 9954.91 9991.05
9806.01 9812.56 9815.2 9817.19 9813.86 9835.75 9863.14 9844.78 9821.97 9819.96 9822.72 9834.52 9941.68 10094.2 10156.1 10055.8 9754.06 9465.14 9224.55 9031.23 8918.34 8809.06 8771.63 8742.36 8723.13 8726.59 8675.97 8599.2 8522.55 8534.31 8616.48 8657.03 8669.94 8678.15 8723.58 8796.4 8910.93 9100.45 9277.17 9399.08 9671.7 10078.8 10139.1 10017.9 9930.03 9877.51 9861.9 9860.04 9858.76 9861.75 9867.77 9872.87 9881.25 9900.05 9921.23 9955.61 9984.57
9799.39 9791.92 9793.81 9816.45 9828.12 9836.07 9837.63 9833.16 9829.4 9831.35 9845.57 9871.27 9943.68 10128.4 10222.2 10096.3 9799.58 9501.35 9246.85 9018.42 8877.59 8815.63 8783.51 8762.2 8742.82 8749.32 8718.4 8671.2 8650.83 8669.37 8687.76 8684.5 8683.94 8693.07 8739.52 8804.87 8955.18 9069.51 9213.18 9334.77 9692.05 10114.9 10129.8 10022.5 9917.7 9871.84 9854.75 9858.87 9862.75 9866.31 9872.24 9877.26 9892.05 9907.78 9929.22 9948.36 9968.6
9789.46 9785.89 9790.11 9819.64 9848.51 9845.72 9824.43 9829.59 9836.73 9849.38 9866 9897.17 9952.24 10124.2 10296.5 10191.5 9872.11 9541.02 9293.06 9061.2 8895.52 8839.24 8819.47 8788.01 8756.66 8749.64 8742.64 8721.13 8712.26 8707.83 8699.24 8699.29 8703.58 8718.62 8783.41 8895.27 9072.19 9183.55 9258.35 9353.78 9694.87 10156.2 10142.1 10049.9 9928.72 9872.21 9848.26 9853.56 9859.24 9866.24 9878.45 9892.72 9905.17 9915.29 9917.39 9926.06 9941
9800.79 9796.17 9812.79 9817.07 9825.44 9842.77 9838.34 9839.72 9846.19 9857.94 9878.94 9907.66 9942.89 10060.1 10275 10301.4 9974.21 9625.17 9384.88 9174.7 9011.27 8915.16 8871.96 8824.65 8779.55 8755.66 8761.81 8752.61 8734.58 8715.77 8710.58 8713.52 8732.35 8777.15 8875.79 9015.1 9192 9349.79 9362.37 9428.39 9723.77 10136.3 10132.7 10077.3 9978.38 9877.26 9842.49 9846.74 9855.82 9867.04 9878.23 9891.86 9898.39 9894.8 9904.19 9905.05 9905.13
9772.83 9807 9822.94 9832.12 9829.66 9825.43 9823.64 9845.15 9852.33 9864.99 9892.65 9912.57 9957.44 10023.7 10237 10360.6 10069.6 9719.59 9515.95 9341.79 9185.46 9027.03 8955.72 8886.38 8821.76 8784.48 8794.84 8785.57 8763.15 8740.53 8736.35 8754.9 8784.82 8867.55 8980.36 9098.26 9314.75 9464.56 9440.09 9496.34 9792.21 10138 10107.2 10075.1 9979.03 9867.5 9838.09 9848.23 9863.03 9873.05 9876.87 9873.23 9880.24 9886.05 9892.1 9887.34 9899.05
9815.95 9829.03 9853.65 9835.57 9830.18 9846.44 9852.09 9861.77 9866.83 9871.77 9887.53 9914.58 9948.7 10022.4 10227 10357.8 10161 9884.33 9679.43 9517.96 9369.15 9172.04 9068.47 8975.55 8889.09 8820.56 8840.82 8833.54 8811.22 8783.82 8787.59 8817.5 8884.81 8991.92 9114.19 9236.73 9479.46 9447.07 9475.83 9564.35 9886.13 10127.5 10048.3 10037.8 9961.98 9854.55 9837.53 9851.01 9859.29 9870.95 9880.11 9895.02 9893.79 9892.54 9875.58 9863.8 9853.89
