real_craters/C150-500m.grd
DSAA
196 196
-48.755 48.755
-48.755 48.755
2861.9002569714 5000.7503201354
[rows 120 to 149 of 196, columns 0 to 66 of 196]
4127.82 4127.03 4126.77 4127.03 4127.43 4127.55 4127.47 4126.98 4126.92 4127.12 4127.34 4127.89 4128.92 4130.47 4130.32 4130.61 4130.41 4129.55 4136.85 4148.89 4162.57 4165.89 4151.85 4142.3 4135.07 4132.07 4134.47 4135.14 4132.88 4134.6 4142.07 4154.34 4169.34 4186.09 4201.31 4204.05 4194.94 4188.47 4191.12 4198.2 4207.28 4214.51 4214.29 4207.96 4200.85 4195.74 4190.37 4185.4 4179.83 4175.62 4171.55 4173.94 4178.31 4179.34 4180 4180.61 4180.89 4180.9 4180.48 4177.13 4181.46 4181.7 4178.83 4184.24 4189.1 4193.52 4200.16
4127.77 4127.54 4127.27 4127.77 4128.39 4128.49 4128.14 4127.66 4127.12 4127.34 4127.98 4129.1 4130.21 4131.14 4132.35 4134.51 4137.04 4137.09 4140.7 4144.75 4145.38 4141.2 4140.77 4137.14 4133.43 4132.74 4135.93 4140.06 4142.48 4129.41 4137.79 4149.78 4164.19 4179.82 4194.97 4200.87 4195.39 4191.73 4191.92 4198.9 4211.51 4229.04 4225.29 4213.64 4204.69 4197.62 4190.44 4184.66 4180.04 4176.39 4175.96 4179.01 4178.11 4177.77 4178.99 4180.36 4181.9 4182.97 4183.8 4183.82 4188.48 4189.2 4188.25 4188.56 4189.45 4191.69 4195.8
4128.91 4128.44 4127.96 4128.88 4129.79 4130.51 4130.51 4129.45 4127.94 4127.49 4129.49 4131.22 4131.69 4129.86 4134.09 4137.24 4142.42 4155.46 4145.89 4140.97 4136.37 4132.1 4132.71 4132.52 4132.43 4133.77 4136.66 4139.48 4134.61 4128.04 4134.26 4144.69 4156.3 4167.75 4180.75 4190.34 4184.85 4182.55 4185.13 4192.58 4203.67 4217.99 4217.08 4207.91 4200.01 4193.96 4189.69 4185.41 4180.31 4175.71 4171.08 4167.26 4172.02 4175.26 4178.25 4181.03 4183.84 4186.21 4188.17 4192.78 4196.08 4193.48 4195.57 4192.94 4189.47 4190.57 4193.68
4129.65 4129.55 4128.97 4130.15 4131.78 4133.92 4135.02 4134.16 4129.97 4129.4 4133.28 4135.6 4137.07 4142.77 4139.14 4137.86 4138.57 4138.59 4139.99 4137.65 4133.68 4129.86 4129.51 4129.44 4129.15 4131.75 4135.56 4139.2 4136.68 4127.45 4132.54 4141.21 4148.84 4153.85 4151.31 4138.06 4136.62 4160.11 4174.11 4182.34 4187.76 4187.9 4194.96 4197.13 4194.31 4190.81 4186.65 4185.44 4179.94 4174.64 4168 4162.78 4167.63 4173.57 4178.62 4182.04 4185.54 4188.31 4190.95 4190.47 4194.46 4191.2 4187.5 4184.59 4186.42 4190.27 4194.95
4130.93 4130.62 4129.77 4131.1 4134.08 4137.72 4141.35 4143.86 4140.24 4138.16 4141.87 4141.32 4140.26 4137.69 4137.05 4136.79 4134.67 4133.33 4136.47 4136.54 4133.34 4128.83 4128.44 4129.66 4129.77 4131.23 4133.45 4136.32 4134.38 4131.09 4134.03 4140.88 4146.84 4148.31 4143.04 4128.14 4151.95 4158.98 4169.81 4176.02 4178.94 4181.35 4184.95 4187.78 4187.81 4185.65 4182.6 4179.7 4176.72 4173.71 4171.75 4170.27 4171.44 4174.88 4179.39 4183.64 4187.83 4192.47 4194.59 4194.19 4187.68 4185.56 4179.47 4177.64 4184.32 4190.86 4198.62
4130.78 4131.07 4130.36 4131.74 4135.36 4140.48 4147.14 4156.01 4170.25 4165.33 4154 4147.79 4143.23 4138.48 4136.68 4137.5 4137.65 4136.99 4138.95 4139.81 4137.56 4130.73 4131.65 4133.97 4133.3 4131.03 4130.4 4130.66 4130.49 4128.94 4136.43 4146.57 4152.03 4153.96 4154.67 4163.98 4165.14 4170.27 4172.62 4174.77 4175.57 4174.41 4179.98 4184.42 4185.05 4183.84 4178.79 4177.22 4175.19 4174.46 4174.93 4178.3 4174.23 4175.77 4179.27 4183.24 4188.13 4193.59 4198.67 4205.63 4191.87 4185.09 4182.26 4186.62 4185.03 4191.39 4202.08
4130.67 4130.41 4129.18 4130.97 4135.53 4141.6 4148.5 4157.3 4166.16 4166.32 4158.9 4152.61 4147.59 4142.75 4141.06 4141.75 4142.11 4143.87 4144.83 4147.73 4150.06 4148.82 4148.87 4143.22 4134.64 4129.78 4127.71 4128.89 4132.28 4130.2 4147.44 4158.73 4162.56 4163.71 4164.58 4165.06 4179.47 4177.78 4177.08 4177.51 4178.57 4179.16 4180.98 4182.59 4180.63 4179.67 4178.33 4175.01 4172.72 4171.81 4172 4171.33 4172.91 4176.4 4180.29 4184.48 4188.54 4192.86 4197.52 4204.45 4197.89 4184.06 4178.01 4176.49 4180.54 4188.72 4199.97
4128.4 4128.14 4127.14 4129.29 4134.32 4139.93 4147.18 4153.68 4156.66 4158.43 4157.47 4154.3 4151.8 4150.2 4148.7 4149.31 4144.43 4144.74 4150.09 4155.66 4164.04 4179.96 4180.41 4152.39 4135.16 4128.81 4126.07 4127.42 4144.67 4170.37 4180.22 4176.61 4174.81 4174.66 4175.11 4177.1 4183.66 4182.21 4180.78 4181.39 4183.21 4183.22 4181.49 4180.57 4178.55 4177.46 4175.9 4172.74 4170.57 4168.57 4166.69 4169.09 4173.64 4176.31 4178.91 4182.15 4185.36 4188.26 4189.76 4186.6 4185.61 4175.3 4168.92 4165.42 4173.72 4183.45 4193.38
4126.94 4127.42 4126.5 4127.9 4131.84 4137.56 4144.33 4151.74 4154.68 4156.17 4154.36 4152.95 4153.38 4158.03 4167.61 4157.66 4157.98 4154.54 4153.78 4157.19 4164.43 4173.15 4167.18 4149.56 4134.32 4129.49 4126.71 4131.65 4153.81 4186.04 4198.16 4187.04 4181.14 4180.61 4181.77 4184.04 4182.08 4179.92 4180.64 4182.97 4187.41 4187.03 4183.6 4179.75 4176.75 4174.56 4172.48 4170.52 4168.02 4164.56 4162.66 4167.87 4174.28 4174.39 4176.63 4179.6 4182.45 4184.3 4183.8 4178.02 4167.63 4163.14 4162.75 4165.38 4171.12 4179.47 4187.45
4126.47 4126.94 4126.17 4126.67 4130.1 4134.04 4138.51 4144.72 4155.67 4150.37 4148.91 4148.39 4148.97 4150.3 4148.11 4149.42 4149.09 4151.98 4152.38 4153.57 4155.33 4155.38 4152.2 4143.31 4138.13 4135.21 4132.17 4131.52 4155.32 4176.74 4184.09 4183.76 4182.1 4181.65 4182.73 4183.93 4171.18 4173.88 4177.56 4181.61 4186.87 4186.5 4182.62 4178.09 4174.99 4172.97 4170.93 4168.6 4165.97 4162.84 4161.58 4164.13 4166.65 4169.52 4173 4176.2 4179.45 4181.4 4180.93 4174.43 4164.3 4159.08 4160.92 4166.48 4170.99 4178.13 4186.64
4126.27 4127.27 4126.6 4127.01 4127.99 4129.85 4131.15 4130.26 4128.56 4138.04 4141.28 4142.25 4141.86 4139.23 4134.25 4140.17 4145.04 4147.69 4148.47 4147.43 4145.25 4140.73 4132.74 4135.17 4140.06 4146.29 4152.31 4157.85 4161.45 4165.98 4167.34 4174.43 4177.34 4178.4 4179.31 4179.16 4170.8 4171.61 4175.07 4178.58 4181.52 4181.94 4180.02 4177.41 4174.5 4172.04 4169.81 4167.07 4164.75 4162.04 4159.74 4158.46 4159.48 4163.54 4168.02 4172.27 4176.26 4179.59 4182.23 4183.84 4170.78 4162.23 4161.18 4159.39 4164.36 4177.58 4187.81
4124.65 4126.62 4126.07 4124.99 4126.41 4127.55 4127.89 4126.89 4127.49 4131.75 4135.12 4136.91 4136.91 4135.91 4135.83 4141.94 4149.28 4147.31 4145.29 4142.19 4138.06 4132.81 4130.76 4134.93 4148.54 4161.07 4169.37 4174.03 4169.77 4167.4 4166.96 4170.89 4172.93 4173.68 4173.74 4173.01 4173.16 4172.32 4173.13 4175.33 4178.08 4177.58 4176.5 4174.87 4173.32 4171.04 4168.68 4165.9 4163.89 4162.29 4160.92 4157.3 4152.53 4159.37 4164.31 4168.42 4173.08 4177.11 4180.9 4180.67 4177.02 4171.4 4165.25 4162.9 4168.08 4179.42 4190.53
4125.69 4126.12 4126.06 4125.06 4125.68 4126.47 4127.07 4127.97 4128.67 4129.66 4131.28 4132.66 4133.71 4134.51 4137.23 4141.55 4145.6 4144.92 4142.53 4139.52 4135.97 4131.38 4132.51 4161.03 4176.28 4178.84 4178.91 4176.61 4173.64 4171.07 4172.37 4169.46 4169.45 4169.83 4169.28 4169.44 4172.85 4173.28 4172.37 4171.48 4172.85 4172.09 4173.3 4172.74 4171.91 4170.08 4167.99 4165.53 4163.42 4163.19 4165.22 4159.46 4159.41 4158.11 4161.8 4166.82 4171.49 4174.96 4176.61 4176.04 4174.33 4169.03 4169.56 4171.16 4177.29 4183.4 4192.86
4126.29 4126.04 4126.6 4125.95 4125.96 4126.34 4127.05 4128.28 4128.76 4129.2 4129.64 4130.52 4131.07 4132.36 4133.9 4135.84 4138.64 4141.39 4141.44 4141.2 4139.33 4137.22 4137.83 4188.01 4200.92 4192.77 4189.5 4182.84 4175.33 4170.01 4163.99 4164.84 4166.69 4167.47 4166.89 4166.41 4172.36 4176 4173.9 4169.76 4165.28 4168.66 4171.06 4171.75 4171.23 4169.34 4167.55 4164.3 4161.22 4158.68 4157.79 4154.7 4150.92 4153.7 4159.13 4165.39 4171.03 4174.38 4173.91 4172.59 4173.57 4175.2 4173.19 4175.3 4179.55 4184.19 4190.93
4126.71 4126.06 4127.18 4126.65 4126.53 4126.86 4127.37 4128.18 4128.47 4128.25 4128.39 4128.95 4129.4 4130.3 4132.6 4136.31 4139.6 4140.71 4142.71 4144.49 4147.1 4152.9 4164.74 4201.46 4205.49 4194.19 4179.49 4177.35 4174.93 4170.24 4165.36 4164.88 4167.06 4169.06 4170.8 4172.74 4179.16 4180.89 4179.25 4175.22 4170.05 4171.27 4172.42 4172.52 4171.58 4170.37 4167.67 4164.09 4158.92 4152.84 4147.02 4147.13 4145.98 4150.09 4157.86 4165.62 4172.6 4177.76 4179 4176.2 4176.44 4172.08 4174.93 4176.05 4178.26 4182.66 4185.56
4126.98 4125.8 4128.15 4127.66 4127.29 4127.49 4127.74 4127.74 4128.03 4127.62 4127.59 4127.6 4127.91 4128.55 4129.52 4131.56 4135.83 4139.56 4142.65 4147.75 4154.54 4165.93 4180.56 4192.01 4200.62 4194.36 4182.8 4178.44 4176.73 4173.68 4170.99 4169.97 4170.69 4172.77 4176.9 4182.77 4185.89 4188.58 4187.36 4184.68 4181.65 4176.61 4175.22 4174.3 4173.06 4171.56 4170.08 4166.9 4161.23 4152.98 4147.21 4147.52 4145.51 4150.31 4159.83 4168.25 4175.76 4182.8 4190.75 4190.21 4182.21 4180.64 4177.32 4177 4178.49 4182.25 4183.82
4127.35 4126.88 4128.34 4128.18 4128.47 4128.32 4128.08 4128.4 4127.79 4127.76 4127.54 4127.1 4127.29 4127.14 4127.53 4128.68 4132.34 4137.02 4142.67 4149.59 4159.47 4174.87 4190 4199.57 4200.33 4196.69 4191.87 4185.87 4181.81 4179 4176.79 4175.22 4174.67 4175.42 4179.21 4187.54 4199.43 4204.55 4195.28 4186.42 4181.6 4179.94 4178.51 4176.94 4176.39 4175.25 4173.19 4171.08 4168.39 4162.48 4156.92 4156.97 4157.22 4160.6 4165.93 4172.81 4179.48 4185.23 4191.25 4189.34 4181.04 4173.35 4172.48 4176.93 4181.67 4185.38 4184.39
4127.88 4126.56 4126.25 4128.68 4128.58 4128.11 4127.57 4127.6 4127.45 4127.41 4127.31 4127.23 4126.82 4126.28 4126.55 4127.54 4131.24 4135.67 4141.59 4149.53 4160.01 4178.49 4196.69 4204.33 4204.27 4199.86 4190.26 4190.71 4187.78 4184.28 4182.89 4182.25 4177.62 4176.27 4178.85 4187.9 4203.04 4210.77 4198.42 4187.67 4182.71 4182.16 4181.42 4181.31 4180.44 4179.83 4178.63 4178.03 4178.5 4182.07 4177.83 4170.35 4168.88 4170 4172.23 4178.02 4183.53 4187.2 4182.36 4182.15 4177.13 4168.98 4167.55 4174.65 4187.67 4189.54 4182.03
4127.6 4126.45 4127.46 4127.56 4127.64 4126.48 4126.42 4126.49 4126.9 4126.94 4126.16 4125.87 4125.68 4125.42 4125.82 4126.65 4130.73 4134.84 4140.29 4146.17 4156.44 4173.81 4195.7 4204.81 4210.91 4211.72 4206.64 4199.05 4192.14 4186.31 4183.09 4181.76 4176.62 4175.44 4175.76 4185.87 4197.29 4199.45 4198.52 4189.07 4186.53 4186.04 4184.52 4183.06 4181.73 4181.46 4181.41 4182.66 4185.29 4187.78 4185.44 4179.15 4173.37 4170.09 4177.59 4183.01 4187.71 4191.66 4193.95 4187.15 4176.13 4166.93 4164.53 4167.11 4170.73 4170.69 4173.99
4126.8 4126.4 4127.24 4126.11 4122.58 4124.29 4125.52 4126.32 4126.7 4127 4126.83 4126.17 4126.06 4126.03 4126.02 4127.26 4130.19 4133.27 4136.99 4141.36 4147.4 4158.38 4175.4 4205.5 4214.85 4220.12 4218.15 4204 4193.18 4185.3 4178.89 4172.65 4173.53 4175.62 4180.87 4187.97 4198.06 4208.44 4202.67 4198.71 4193.32 4190.49 4187.73 4185.78 4184.74 4184.42 4185.34 4187.01 4187.96 4188.7 4187.28 4184.64 4183.02 4184.04 4185.2 4188.22 4191.9 4194.51 4193.52 4187.42 4177.19 4164.86 4156.53 4161.68 4161.67 4161.4 4169.23
4125.42 4125.8 4125.76 4125.64 4124.26 4123.66 4124.82 4126.25 4127.07 4127.89 4128.98 4129.09 4128.53 4127.54 4126.7 4127.19 4129.86 4131.82 4133.14 4134.58 4134.98 4136.34 4140.05 4174.71 4200.07 4207.64 4207.32 4198.26 4190.3 4183.41 4176.59 4172.34 4173.29 4176.8 4179.79 4190.03 4197.99 4195.8 4202.7 4200.43 4198.03 4193.89 4190.8 4188.86 4188.69 4189.25 4189.06 4188.93 4189.32 4189.45 4188.65 4188.21 4189.11 4193.8 4191.01 4191.46 4194.31 4198.05 4199.1 4190.46 4180.24 4170.2 4162.59 4165.95 4169.94 4176.71 4170.06
4125.45 4124.81 4124.67 4125.22 4122.59 4122.88 4124.45 4126.1 4127.65 4129.12 4130.56 4131.4 4131.68 4130.09 4127.97 4128.58 4131.65 4132.97 4131.51 4128.9 4126.73 4123.71 4126.16 4160.28 4187.8 4186.58 4185.94 4187.52 4185.32 4181.57 4176.95 4173.17 4175.34 4181.51 4188.2 4195.11 4203.08 4210.2 4212.08 4212.4 4201.23 4196.36 4193.39 4192.33 4191.85 4191.09 4190.75 4190.59 4189.98 4189.43 4189.09 4188.99 4188.62 4187.91 4188.02 4190.97 4194.55 4196.95 4196.36 4191.59 4184.51 4178.89 4177.49 4172.18 4170.51 4170.42 4163.63
4126 4125.47 4125.05 4125.62 4123.51 4123.48 4124.86 4126.48 4128.38 4130.57 4132.95 4134.94 4136.27 4135.44 4130.65 4132.88 4143.65 4138.08 4132.81 4127.26 4123.14 4121.22 4129.27 4166.96 4188.89 4177.04 4176.47 4180.7 4181.89 4181.26 4179.68 4176.72 4181.36 4188.79 4195.52 4200.05 4208.17 4218.3 4212.41 4201.26 4199.55 4196.28 4194.13 4193.33 4192.71 4192.08 4192.16 4192.55 4191.28 4189.88 4189.37 4189.01 4186.45 4180.43 4184.38 4190.1 4193.62 4195.25 4193.9 4191.02 4186.55 4182.77 4178.67 4173.52 4165.48 4155.58 4153.84
4126.46 4125.7 4124.96 4125.84 4125.2 4124.69 4124.94 4126.66 4129.1 4131.99 4135.18 4138.76 4141.98 4145.54 4146.72 4146.87 4147.05 4141.53 4134.99 4129.12 4125.33 4125.31 4134.43 4172.56 4194.07 4178.46 4174.44 4177.52 4179.77 4181.88 4185.22 4189.87 4193.53 4193.7 4195.56 4199.61 4206.84 4211.28 4205.86 4198.44 4196.51 4195.77 4195.15 4194.36 4193.04 4195.12 4194.42 4194.27 4193.76 4192.68 4192.15 4190.98 4189.28 4188.58 4189.71 4190.56 4192.17 4194.78 4194.63 4189.68 4186.16 4183.55 4182.82 4174.05 4163.13 4154.79 4153.24
4126.11 4126.2 4124.66 4126.11 4125.04 4123.54 4123.08 4126.41 4129.5 4132.11 4135.81 4140.6 4147.08 4156 4166.13 4162.05 4151.45 4143.7 4137.42 4132.47 4130.21 4132.84 4146.94 4176.21 4193.99 4178.37 4175.58 4176.35 4177.63 4181.18 4187.1 4195.51 4197.84 4188.65 4186.48 4191.09 4201.67 4212.17 4210.22 4198.12 4196.92 4196.89 4195.78 4195.54 4195.34 4195.05 4196.48 4197.41 4196.08 4194.9 4194.75 4193.09 4192 4192.66 4192.01 4190.09 4189.19 4187.85 4187.54 4186.21 4183.72 4180.3 4174.82 4168.15 4161.18 4153.87 4153.35
4125.6 4125.67 4125.53 4126.8 4126.27 4125.68 4126.2 4126.93 4129.33 4132.27 4135.86 4140.02 4146.59 4157.09 4174.18 4165.13 4152.46 4145.28 4141.2 4136.78 4134.02 4136.21 4149.34 4172.88 4189.57 4184.18 4177.25 4174.35 4173.38 4175.83 4181.19 4189.05 4188.84 4162.29 4160.54 4175.82 4192.41 4207.19 4207.23 4198.73 4197.66 4196.41 4194.93 4194.76 4194.89 4195.86 4197.55 4200.63 4204.33 4201.45 4197.38 4193.75 4191.26 4190.44 4189.78 4186.61 4186.4 4186.7 4184.87 4183.19 4180.29 4176.4 4171.41 4166.26 4160.61 4154.9 4156.44
4126.39 4124.15 4121.6 4126.83 4126.64 4125.78 4126.43 4127.26 4128.77 4131.25 4134.05 4137.13 4140.72 4144.65 4147.01 4151.52 4147.34 4147.13 4145.11 4140.73 4137.01 4134.9 4142.84 4165.75 4189.66 4185.27 4173.12 4169.16 4166.41 4166.97 4168.12 4168.21 4160.4 4138.42 4141.97 4161.48 4180.95 4198.91 4207.78 4203.44 4199.03 4196.45 4195.27 4194.48 4195.2 4195.86 4197.02 4199.73 4205.5 4203.37 4197.17 4192.43 4188.28 4183.65 4178.54 4181.07 4182.54 4184.32 4182.7 4179.94 4176.79 4173.22 4170.26 4166.85 4161.22 4159.18 4159.33
4126.84 4125.84 4124.89 4126.2 4126.45 4125.31 4125.74 4127.42 4129.15 4130.92 4132.52 4134.57 4135.03 4133.26 4130.66 4142.69 4154.13 4155.67 4150.86 4144.88 4139.87 4137.03 4141.33 4152.68 4154.66 4152.89 4160.23 4158.39 4157.82 4156.71 4153.75 4146.6 4134.07 4129.42 4136.22 4151.75 4169.34 4186.83 4207.21 4202.13 4198.05 4195.73 4194.61 4194 4194.12 4194.03 4193.01 4192.86 4191.96 4193.12 4192.66 4190.17 4186.41 4181.5 4176.17 4178.99 4179.48 4175.78 4178.43 4177.47 4174.38 4170.11 4165.02 4159.89 4159.36 4160.56 4161.3
4126.37 4126.43 4126.27 4126.6 4126.88 4125.52 4126.2 4127.55 4129.22 4130.73 4132 4132.47 4132.22 4131.08 4132.75 4143.91 4157.31 4162.55 4155.11 4147.72 4142.53 4140.45 4141.87 4145.33 4147.67 4148.84 4151.25 4151.4 4150.35 4148.27 4143.94 4136.73 4128.43 4127.21 4134.14 4145.89 4158.89 4169.69 4175.05 4191.53 4192.42 4191.55 4191.38 4192.23 4192.13 4191.47 4189.06 4185.37 4180.63 4184.75 4188.34 4188.44 4186.91 4184.03 4181.54 4182.76 4183.7 4181.08 4180.28 4177.38 4173.12 4167.93 4162.15 4157.21 4157.84 4158.7 4155.56
4126.61 4126.73 4126.37 4126.42 4127.01 4126.61 4127.68 4128.53 4129.5 4130.21 4131.11 4131.82 4132.13 4132.43 4135.14 4144.49 4156.85 4162.68 4153.16 4146.85 4142.91 4139.9 4140.99 4143.37 4144.3 4145.92 4146.27 4145.06 4144.28 4141.84 4137.12 4132.07 4128.26 4127.83 4133.91 4143.23 4152.98 4162.33 4176.04 4185.03 4186.71 4188.2 4189.02 4189.73 4190.36 4190.06 4187.64 4184.27 4181.51 4184.22 4187.69 4189.09 4189.43 4189.34 4189.4 4191.32 4192.8 4192.87 4185.29 4179.37 4173.84 4168.01 4162.24 4157.63 4158.96 4159.76 4156.04
