real_craters/C150-750m.grd
DSAA
131 131
-48.755 48.755
-48.755 48.755
2865.8845762597 4997.4753456762
[rows 0 to 37 of 131, columns 0 to 83 of 131]
4127 4128 4128 4129 4129 4129 4128 4129 4128 4128 4128 4128 4127 4127 4127 4127 4126 4126 4126 4126 4126 4126 4126 4126 4126 4126 4125 4125 4126 4126 4126 4126 4125 4124 4124 4125 4126 4126 4126 4126 4125 4126 4127 4128 4126 4124 4123 4123 4124 4124 4124 4125 4127 4131 4126 4126 4127 4128 4129 4130 4130 4131 4133 4135 4137 4137 4130 4131 4135 4136 4135 4135 4141 4147 4146 4134 4127 4126 4129 4135 4134 4134 4131 4132
4127 4128 4127 4129 4129 4133 4130 4128 4127 4127 4127 4127 4127 4127 4127 4127 4126 4126 4126 4126 4126 4126 4126 4126 4126 4126 4125 4125 4125 4125 4126 4126 4126 4125 4124 4125 4126 4127 4127 4126 4126 4126 4126 4127 4125 4124 4124 4124 4125 4126 4126 4126 4127 4127 4126 4128 4128 4127 4130 4131 4131 4132 4134 4135 4134 4131 4130 4133 4132 4134 4133 4133 4139 4148 4155 4133 4126 4125 4133 4136 4133 4132 4134 4132
4127 4128 4127 4126 4128 4127 4127 4127 4127 4126 4126 4126 4126 4126 4126 4127 4127 4126 4126 4126 4126 4126 4126 4126 4125 4125 4125 4125 4126 4125 4126 4126 4126 4126 4126 4126 4127 4127 4127 4126 4126 4125 4126 4127 4127 4124 4124 4125 4126 4127 4129 4128 4126 4125 4125 4129 4128 4130 4130 4132 4134 4131 4136 4135 4134 4133 4129 4132 4133 4130 4132 4133 4137 4141 4146 4130 4126 4124 4128 4128 4132 4130 4127 4130
4127 4127 4127 4127 4126 4127 4127 4127 4127 4126 4126 4126 4126 4126 4126 4126 4126 4126 4126 4126 4126 4125 4126 4125 4125 4125 4125 4125 4125 4125 4127 4127 4126 4126 4127 4126 4126 4127 4127 4126 4125 4124 4126 4127 4129 4126 4125 4126 4127 4129 4131 4129 4126 4124 4124 4128 4130 4142 4129 4130 4130 4129 4134 4137 4136 4130 4130 4131 4133 4134 4129 4131 4132 4131 4126 4128 4127 4126 4130 4132 4133 4130 4128 4129
4128 4127 4126 4128 4128 4127 4128 4127 4126 4126 4126 4126 4126 4126 4126 4126 4126 4126 4126 4126 4126 4126 4126 4126 4126 4125 4125 4125 4125 4125 4126 4126 4126 4126 4125 4125 4126 4125 4125 4125 4125 4124 4125 4126 4126 4126 4126 4126 4128 4128 4129 4129 4128 4126 4124 4128 4130 4146 4131 4132 4136 4131 4133 4140 4146 4145 4143 4132 4132 4135 4132 4131 4129 4127 4127 4126 4126 4128 4133 4138 4134 4132 4128 4129
4129 4127 4126 4126 4126 4126 4126 4126 4126 4126 4126 4126 4126 4127 4126 4126 4126 4126 4126 4126 4125 4125 4126 4126 4126 4125 4125 4125 4125 4125 4126 4126 4126 4125 4125 4128 4126 4126 4125 4125 4125 4125 4125 4126 4126 4124 4125 4126 4127 4128 4130 4131 4133 4132 4130 4125 4136 4142 4137 4136 4136 4130 4132 4144 4158 4179 4164 4132 4134 4136 4135 4130 4127 4126 4127 4126 4126 4129 4133 4135 4133 4131 4130 4129
4126 4126 4126 4127 4127 4126 4126 4126 4126 4125 4126 4126 4126 4126 4126 4127 4126 4126 4126 4125 4125 4125 4125 4125 4125 4125 4125 4125 4125 4125 4125 4126 4126 4125 4125 4124 4125 4124 4125 4125 4125 4125 4125 4125 4124 4124 4125 4126 4127 4127 4128 4132 4137 4140 4138 4128 4142 4143 4144 4139 4136 4135 4140 4148 4156 4164 4162 4163 4133 4138 4129 4127 4126 4125 4127 4125 4127 4133 4132 4132 4133 4130 4127 4129
4127 4131 4127 4126 4127 4127 4127 4126 4126 4126 4126 4126 4126 4126 4126 4126 4126 4126 4126 4125 4125 4125 4125 4125 4125 4124 4124 4125 4125 4124 4125 4126 4126 4125 4124 4124 4124 4126 4125 4125 4125 4125 4125 4126 4125 4125 4126 4127 4127 4127 4130 4135 4141 4148 4152 4139 4141 4138 4137 4138 4137 4136 4141 4146 4146 4141 4145 4159 4139 4135 4128 4126 4126 4126 4127 4125 4130 4144 4155 4132 4129 4127 4129 4129
4126 4125 4126 4126 4126 4126 4127 4126 4126 4126 4125 4125 4125 4125 4125 4126 4126 4126 4125 4125 4125 4125 4125 4125 4125 4124 4124 4125 4125 4124 4124 4125 4125 4125 4124 4123 4124 4125 4126 4126 4126 4126 4126 4125 4125 4126 4126 4127 4128 4127 4130 4136 4142 4149 4160 4168 4141 4144 4139 4140 4140 4141 4147 4146 4139 4134 4136 4145 4143 4133 4130 4127 4126 4126 4126 4124 4133 4152 4178 4140 4125 4127 4126 4128
4126 4125 4125 4126 4126 4126 4127 4126 4126 4126 4125 4125 4125 4125 4125 4125 4125 4125 4125 4125 4125 4125 4125 4125 4125 4125 4125 4125 4125 4124 4123 4125 4125 4126 4125 4124 4125 4127 4126 4126 4126 4126 4125 4125 4124 4124 4125 4128 4132 4141 4138 4137 4139 4140 4138 4139 4136 4132 4138 4144 4151 4149 4144 4137 4134 4132 4133 4137 4153 4160 4143 4131 4127 4126 4126 4124 4133 4146 4155 4166 4129 4124 4124 4128
4125 4125 4125 4126 4125 4126 4126 4126 4126 4125 4125 4125 4125 4125 4125 4125 4125 4125 4125 4125 4125 4125 4125 4125 4125 4125 4125 4125 4124 4124 4124 4125 4126 4126 4125 4124 4125 4125 4126 4126 4125 4125 4125 4124 4124 4125 4126 4128 4130 4128 4134 4135 4134 4135 4133 4133 4143 4136 4138 4145 4153 4162 4145 4134 4132 4131 4130 4130 4140 4147 4142 4133 4127 4125 4126 4123 4132 4141 4150 4133 4126 4124 4124 4129
4125 4125 4125 4126 4125 4125 4125 4125 4125 4125 4125 4125 4125 4125 4125 4125 4125 4125 4125 4125 4125 4125 4125 4125 4125 4124 4124 4125 4124 4124 4125 4126 4126 4127 4126 4124 4123 4125 4125 4125 4125 4125 4124 4124 4124 4125 4126 4127 4128 4129 4131 4132 4133 4134 4133 4133 4142 4142 4144 4146 4146 4150 4141 4135 4132 4131 4130 4129 4130 4131 4135 4133 4127 4126 4131 4143 4135 4135 4135 4132 4127 4125 4125 4129
4125 4125 4125 4126 4126 4125 4125 4125 4125 4125 4125 4125 4125 4125 4125 4125 4125 4125 4125 4125 4125 4125 4124 4124 4124 4124 4124 4124 4124 4124 4124 4125 4126 4125 4124 4123 4124 4125 4124 4124 4124 4124 4125 4125 4125 4125 4126 4127 4129 4132 4130 4131 4132 4132 4133 4134 4150 4176 4158 4146 4140 4135 4135 4133 4131 4131 4131 4130 4129 4132 4131 4128 4126 4125 4130 4136 4134 4133 4144 4172 4132 4125 4128 4133
4125 4124 4125 4125 4125 4125 4125 4125 4125 4125 4125 4125 4125 4125 4124 4125 4125 4125 4124 4124 4124 4124 4124 4124 4124 4123 4123 4124 4124 4124 4124 4126 4126 4124 4123 4123 4123 4124 4124 4124 4123 4123 4124 4127 4126 4125 4126 4127 4128 4129 4131 4133 4133 4133 4133 4134 4137 4138 4142 4141 4141 4137 4135 4131 4132 4131 4131 4127 4128 4134 4131 4128 4125 4124 4127 4128 4129 4129 4140 4146 4128 4127 4131 4136
4124 4124 4125 4125 4125 4125 4125 4125 4125 4125 4125 4125 4125 4125 4125 4125 4124 4124 4124 4124 4124 4124 4124 4124 4123 4123 4123 4124 4124 4124 4123 4124 4126 4124 4124 4123 4123 4123 4124 4123 4123 4123 4122 4128 4127 4127 4126 4127 4128 4129 4131 4133 4135 4136 4134 4129 4131 4130 4136 4135 4133 4136 4135 4133 4131 4130 4130 4128 4132 4134 4131 4125 4124 4126 4126 4127 4127 4128 4142 4166 4135 4131 4135 4136
4124 4124 4124 4124 4125 4125 4125 4125 4125 4125 4125 4125 4125 4125 4125 4124 4124 4124 4124 4124 4123 4123 4123 4123 4123 4125 4124 4123 4123 4124 4124 4123 4124 4125 4125 4125 4124 4124 4124 4124 4123 4123 4125 4127 4127 4127 4129 4128 4128 4130 4132 4135 4137 4139 4141 4134 4129 4132 4132 4131 4129 4131 4130 4129 4129 4128 4128 4128 4135 4140 4134 4128 4126 4126 4126 4128 4131 4133 4142 4158 4146 4147 4139 4139
4124 4124 4124 4124 4124 4125 4125 4125 4125 4125 4125 4126 4126 4126 4125 4124 4124 4124 4124 4124 4124 4124 4123 4123 4124 4125 4124 4124 4124 4124 4124 4125 4125 4125 4125 4125 4129 4126 4125 4124 4123 4123 4123 4125 4126 4126 4127 4127 4128 4130 4133 4136 4139 4142 4147 4152 4132 4133 4129 4133 4134 4131 4129 4129 4128 4127 4125 4128 4134 4141 4136 4126 4124 4126 4128 4133 4138 4140 4137 4150 4171 4138 4138 4142
4124 4124 4124 4124 4124 4124 4124 4125 4125 4125 4126 4126 4126 4126 4125 4124 4124 4124 4124 4124 4124 4124 4123 4124 4125 4126 4125 4124 4125 4125 4125 4125 4125 4125 4125 4125 4125 4126 4125 4125 4124 4124 4124 4123 4125 4125 4126 4126 4128 4130 4133 4137 4140 4142 4140 4133 4130 4131 4126 4138 4140 4133 4130 4131 4131 4128 4125 4128 4134 4140 4134 4127 4123 4130 4140 4141 4141 4146 4134 4129 4148 4134 4137 4144
4124 4124 4124 4124 4123 4124 4124 4124 4125 4125 4126 4126 4126 4126 4125 4124 4124 4124 4124 4125 4124 4124 4123 4123 4123 4126 4126 4125 4125 4125 4125 4125 4126 4125 4125 4125 4125 4125 4126 4126 4126 4126 4126 4124 4124 4124 4125 4126 4128 4131 4134 4137 4140 4141 4141 4138 4133 4130 4126 4128 4133 4132 4130 4133 4133 4129 4125 4129 4135 4138 4134 4127 4123 4133 4145 4142 4136 4126 4129 4128 4124 4134 4138 4146
4124 4124 4124 4124 4123 4123 4124 4124 4124 4125 4125 4125 4125 4125 4125 4126 4124 4124 4124 4124 4124 4124 4124 4124 4124 4126 4126 4126 4126 4125 4125 4125 4125 4124 4124 4124 4124 4125 4126 4126 4126 4126 4125 4126 4125 4125 4124 4124 4128 4132 4136 4139 4140 4141 4143 4141 4137 4129 4126 4123 4132 4137 4133 4137 4138 4129 4126 4127 4134 4135 4141 4138 4131 4137 4133 4137 4134 4128 4126 4129 4125 4136 4142 4149
4124 4123 4124 4124 4123 4123 4123 4124 4124 4124 4124 4124 4125 4125 4125 4125 4124 4124 4124 4123 4124 4124 4124 4124 4124 4125 4128 4127 4126 4126 4126 4125 4124 4125 4124 4124 4125 4127 4127 4126 4127 4127 4127 4126 4128 4129 4127 4125 4131 4136 4140 4142 4143 4143 4144 4141 4137 4131 4126 4126 4144 4156 4165 4159 4138 4130 4127 4129 4139 4167 4164 4160 4169 4149 4142 4136 4133 4128 4123 4122 4130 4135 4143 4149
4123 4123 4124 4124 4123 4123 4123 4124 4124 4124 4124 4124 4124 4124 4124 4123 4124 4124 4125 4126 4125 4125 4124 4124 4124 4125 4125 4126 4126 4126 4126 4126 4126 4126 4125 4125 4125 4126 4126 4126 4127 4127 4128 4127 4131 4137 4140 4134 4133 4143 4147 4148 4148 4145 4136 4138 4146 4134 4125 4163 4164 4171 4188 4170 4141 4132 4129 4132 4143 4158 4143 4152 4154 4149 4141 4136 4133 4129 4122 4123 4127 4136 4142 4149
4123 4123 4124 4124 4124 4124 4124 4124 4124 4124 4124 4123 4123 4123 4124 4125 4124 4124 4125 4125 4126 4125 4125 4125 4125 4125 4126 4127 4127 4127 4127 4127 4127 4128 4126 4125 4125 4125 4125 4126 4127 4127 4126 4126 4134 4147 4164 4191 4175 4159 4156 4155 4154 4153 4148 4139 4148 4149 4129 4157 4165 4165 4161 4157 4157 4141 4126 4138 4149 4145 4142 4134 4141 4140 4138 4135 4128 4123 4121 4123 4132 4133 4143 4152
4123 4123 4123 4124 4124 4124 4124 4124 4124 4124 4124 4123 4123 4124 4124 4124 4124 4124 4124 4125 4125 4126 4127 4126 4126 4126 4127 4127 4126 4127 4127 4128 4130 4129 4127 4125 4125 4125 4125 4126 4127 4127 4128 4129 4137 4153 4171 4192 4174 4165 4162 4160 4160 4162 4158 4140 4141 4156 4186 4172 4160 4155 4147 4147 4160 4149 4131 4135 4146 4142 4129 4132 4129 4130 4136 4141 4134 4131 4126 4127 4141 4138 4146 4155
4123 4123 4124 4124 4124 4124 4124 4124 4124 4124 4124 4123 4123 4124 4124 4123 4124 4124 4124 4124 4125 4126 4128 4130 4129 4128 4127 4127 4128 4130 4131 4130 4132 4133 4133 4130 4128 4125 4125 4125 4127 4128 4128 4128 4136 4152 4167 4161 4161 4167 4166 4164 4163 4165 4165 4144 4143 4141 4138 4140 4145 4145 4143 4144 4145 4144 4137 4131 4143 4147 4147 4137 4129 4129 4140 4155 4170 4154 4132 4130 4140 4149 4149 4154
4124 4124 4123 4125 4124 4125 4126 4126 4124 4124 4124 4124 4124 4124 4124 4124 4125 4124 4125 4125 4125 4126 4127 4130 4131 4130 4127 4128 4129 4132 4137 4146 4164 4162 4154 4142 4134 4129 4126 4126 4128 4129 4128 4126 4133 4152 4172 4190 4182 4173 4169 4167 4165 4162 4159 4161 4162 4157 4133 4136 4140 4144 4145 4146 4149 4155 4143 4135 4147 4147 4139 4136 4131 4131 4148 4168 4182 4177 4162 4159 4156 4148 4148 4150
4123 4123 4124 4124 4124 4124 4124 4124 4124 4124 4124 4124 4124 4125 4125 4125 4124 4124 4124 4124 4124 4124 4125 4127 4132 4135 4131 4130 4131 4135 4140 4149 4161 4169 4157 4147 4138 4130 4126 4127 4129 4132 4129 4126 4133 4152 4173 4194 4186 4179 4173 4170 4166 4161 4161 4161 4152 4134 4132 4137 4139 4144 4149 4152 4148 4142 4139 4144 4150 4148 4148 4138 4135 4144 4163 4180 4191 4198 4201 4184 4167 4149 4148 4150
4123 4123 4123 4123 4123 4123 4123 4123 4123 4123 4124 4124 4125 4125 4125 4124 4124 4124 4124 4124 4124 4124 4123 4123 4132 4141 4138 4134 4135 4137 4140 4143 4150 4143 4142 4145 4140 4134 4131 4130 4130 4129 4128 4126 4131 4146 4166 4180 4183 4180 4177 4171 4166 4162 4161 4166 4147 4135 4133 4135 4137 4142 4150 4158 4152 4143 4157 4181 4161 4150 4144 4145 4159 4171 4179 4191 4202 4204 4212 4188 4166 4155 4152 4153
4123 4124 4122 4123 4123 4123 4123 4123 4123 4123 4123 4124 4124 4125 4125 4125 4124 4124 4125 4124 4124 4124 4124 4125 4130 4135 4135 4133 4137 4140 4140 4135 4138 4141 4157 4153 4146 4140 4138 4135 4134 4131 4131 4129 4129 4138 4154 4182 4168 4180 4181 4175 4167 4161 4155 4146 4143 4137 4133 4132 4133 4140 4147 4154 4156 4146 4153 4153 4152 4152 4160 4177 4186 4189 4192 4197 4202 4207 4215 4174 4159 4156 4160 4158
4124 4123 4122 4123 4123 4123 4123 4124 4123 4123 4123 4123 4124 4125 4125 4125 4125 4125 4124 4125 4125 4125 4125 4125 4127 4128 4130 4134 4142 4151 4155 4144 4154 4156 4156 4156 4148 4141 4137 4139 4141 4139 4141 4138 4134 4135 4136 4145 4180 4192 4187 4177 4164 4152 4152 4148 4143 4138 4137 4131 4132 4137 4142 4145 4157 4166 4159 4153 4156 4161 4171 4189 4205 4207 4199 4196 4196 4196 4196 4165 4157 4156 4158 4160
4123 4123 4122 4123 4123 4123 4123 4123 4123 4123 4123 4124 4124 4125 4125 4125 4125 4126 4126 4126 4126 4126 4127 4127 4127 4126 4129 4136 4146 4164 4185 4196 4183 4184 4180 4159 4148 4139 4134 4146 4161 4164 4164 4155 4140 4149 4148 4162 4214 4214 4197 4180 4164 4152 4154 4153 4145 4136 4130 4133 4134 4136 4141 4147 4158 4169 4172 4171 4170 4173 4177 4186 4207 4197 4202 4205 4198 4188 4176 4165 4160 4159 4165 4163
4122 4123 4123 4123 4123 4123 4123 4122 4123 4123 4124 4124 4123 4124 4124 4124 4125 4125 4125 4126 4126 4127 4129 4129 4129 4128 4126 4127 4144 4168 4197 4209 4178 4145 4155 4152 4145 4139 4139 4155 4183 4199 4190 4189 4194 4205 4211 4218 4241 4226 4201 4182 4167 4160 4164 4159 4147 4135 4130 4128 4130 4136 4143 4151 4158 4170 4174 4178 4185 4192 4202 4218 4221 4211 4208 4211 4200 4185 4173 4163 4161 4163 4156 4158
4123 4123 4123 4122 4122 4123 4123 4124 4124 4124 4124 4124 4123 4122 4123 4124 4124 4124 4125 4125 4126 4128 4130 4132 4132 4130 4127 4125 4139 4161 4181 4184 4166 4143 4137 4143 4141 4137 4139 4151 4173 4189 4199 4214 4250 4258 4256 4246 4228 4209 4191 4178 4169 4166 4170 4162 4149 4135 4128 4128 4130 4136 4144 4151 4154 4159 4181 4195 4206 4215 4228 4249 4239 4221 4210 4207 4194 4182 4165 4155 4159 4163 4160 4151
4122 4123 4123 4122 4122 4123 4124 4124 4125 4124 4124 4124 4124 4123 4124 4124 4124 4124 4125 4126 4126 4127 4128 4132 4137 4138 4131 4129 4137 4152 4164 4166 4159 4148 4142 4141 4138 4134 4132 4140 4157 4173 4189 4206 4221 4223 4217 4209 4189 4176 4174 4170 4167 4166 4164 4159 4149 4138 4127 4129 4132 4137 4144 4152 4157 4152 4185 4214 4231 4252 4237 4247 4254 4230 4212 4198 4187 4175 4164 4157 4158 4157 4153 4150
4123 4123 4123 4122 4122 4123 4123 4124 4124 4124 4124 4125 4126 4128 4126 4125 4125 4125 4126 4126 4126 4126 4126 4129 4132 4134 4133 4133 4137 4143 4148 4152 4153 4154 4154 4144 4138 4134 4131 4135 4145 4159 4173 4184 4189 4185 4176 4174 4163 4157 4161 4163 4164 4163 4161 4156 4149 4142 4132 4132 4131 4135 4145 4157 4170 4192 4227 4234 4235 4234 4241 4232 4221 4223 4212 4207 4190 4172 4172 4168 4161 4157 4154 4152
4121 4121 4123 4122 4123 4123 4123 4124 4124 4124 4124 4125 4126 4127 4128 4127 4126 4126 4127 4127 4126 4126 4126 4128 4129 4131 4133 4134 4136 4138 4135 4142 4146 4144 4146 4141 4137 4134 4132 4132 4130 4145 4159 4168 4169 4164 4163 4160 4157 4154 4159 4162 4160 4163 4162 4158 4150 4141 4141 4135 4132 4137 4148 4162 4185 4230 4238 4241 4238 4236 4235 4220 4223 4210 4204 4208 4199 4178 4172 4170 4164 4157 4151 4140
4122 4123 4123 4122 4122 4123 4123 4123 4123 4124 4124 4124 4126 4128 4129 4128 4128 4127 4127 4127 4127 4127 4128 4128 4126 4131 4135 4137 4139 4145 4146 4148 4147 4141 4141 4138 4137 4133 4130 4127 4129 4138 4151 4161 4166 4166 4157 4161 4161 4162 4164 4167 4167 4169 4171 4162 4153 4146 4138 4144 4138 4140 4157 4171 4185 4208 4224 4239 4241 4243 4231 4239 4226 4215 4219 4211 4206 4179 4171 4172 4167 4155 4138 4130
4122 4124 4123 4122 4123 4123 4123 4123 4123 4123 4124 4124 4126 4130 4129 4129 4129 4128 4127 4127 4127 4127 4128 4130 4134 4135 4139 4144 4148 4147 4151 4159 4166 4165 4160 4153 4144 4137 4130 4124 4126 4137 4150 4162 4173 4179 4176 4173 4171 4169 4171 4175 4181 4172 4167 4164 4159 4151 4145 4145 4143 4149 4173 4203 4236 4228 4227 4244 4246 4239 4240 4235 4210 4209 4210 4213 4221 4225 4204 4192 4175 4155 4137 4134
