real_craters/C150-300m.grd
DSAA
326 326
-48.755 48.755
-48.755 48.755
2862.5118933526 5007.2702278715
[rows 120 to 149 of 326, columns 201 to 267 of 326]
4446.34 4447.92 4454.13 4449.47 4435.85 4422.15 4406.99 4388.23 4362.05 4333.51 4329.16 4326.02 4321 4316.19 4311.78 4308.12 4305.69 4303.85 4301.32 4290.61 4278.1 4265.43 4253.54 4242.9 4233.06 4225.59 4217 4211.24 4204.66 4198.29 4194.89 4189.18 4183.73 4185.76 4180.11 4174.17 4169.39 4164.13 4159.1 4153.64 4149.1 4144.65 4140.43 4137.12 4134.76 4135.14 4139.15 4139.1 4135.94 4133.39 4131.54 4130.47 4130.06 4130.17 4129.87 4129.55 4129.98 4130.96 4131.35 4132.54 4133.29 4133.99 4134.67 4135.39 4136.12 4136.77 4137.23
4446.55 4443.53 4442.26 4441.84 4439.63 4434.78 4425.29 4409.87 4389.35 4357.04 4342.41 4331.69 4325.23 4318.88 4312.7 4307.07 4302.14 4298.11 4294.85 4283.31 4270.5 4260.75 4249.69 4239.94 4230.46 4222.97 4215.29 4206.11 4199.16 4193.05 4191.27 4185.6 4180.24 4186.67 4180.87 4175.09 4169.79 4165.15 4159.9 4154.48 4149.58 4144.71 4140.44 4136.78 4133.32 4131.86 4136.96 4138.83 4136.01 4133.46 4131.67 4130.56 4130.07 4130.42 4130.16 4129.62 4129.75 4130.11 4130.78 4131.64 4132.34 4132.9 4133.39 4133.61 4133.44 4132.73 4131.6
4447.75 4435.22 4422.73 4433.5 4444.26 4450.21 4448.72 4438.78 4415.11 4379.41 4354.46 4340.87 4331.12 4321.57 4312.92 4304.77 4296.87 4288.02 4277.84 4271.89 4263.81 4254.3 4244.49 4235.27 4226.49 4218.17 4205.66 4198.7 4193.33 4187.28 4179.95 4174.91 4170.23 4187.98 4182.09 4176.12 4170.73 4165.23 4159.98 4154.88 4149.44 4144.55 4140.24 4136.68 4132.54 4129.62 4133.43 4134.86 4133.5 4132.14 4130.85 4129.79 4128.93 4128.4 4128.67 4128.91 4129.21 4129.83 4131.08 4131.23 4131.63 4132.09 4132.39 4132.18 4131.56 4130.46 4129.37
4455.27 4438.51 4425.46 4438.58 4455.52 4469.93 4477.04 4476.95 4460.77 4418.68 4374.94 4354.94 4340.59 4327.37 4315.51 4304.26 4293.29 4283.11 4273.81 4264.48 4256.03 4247.75 4236.24 4229.23 4222.08 4215.32 4201.77 4195.34 4189.82 4184.22 4178.85 4174.52 4169.92 4165.57 4183.04 4176.9 4171.36 4165.85 4160.39 4154.91 4149.58 4144.85 4140.3 4136.83 4133.25 4131.49 4131.09 4129.95 4130.43 4130.3 4129.63 4128.73 4127.77 4127.03 4127.5 4128.05 4128.59 4129.02 4129.22 4129.91 4130.7 4131.21 4131.42 4131.16 4130.39 4129.37 4128.54
4470.35 4455.5 4450.75 4459.73 4476.19 4493.58 4506.2 4519.6 4521.02 4478.06 4408.96 4374.17 4352.62 4335.23 4319.95 4305.56 4291.45 4277.66 4267.2 4257.69 4247.92 4238.57 4228.63 4220.68 4217.43 4206.72 4200.07 4192.72 4186.72 4184.13 4178.37 4173.61 4171.1 4166.62 4162.49 4177.33 4171.8 4166.16 4160.78 4155.42 4150.35 4145.22 4140.63 4137.26 4133.76 4131.8 4130.62 4129.07 4129.06 4129.12 4128.77 4128.08 4127.16 4126.6 4127.11 4127.73 4128.29 4128.6 4128.87 4129.56 4130.37 4131 4131.23 4130.88 4130.18 4129.18 4128.48
4489.2 4476.94 4476.06 4484.27 4498.94 4516.83 4531.98 4553.9 4560.54 4519.88 4433.96 4390.81 4365.31 4344.53 4325.83 4308.05 4290.56 4273.88 4261.44 4250.7 4241.65 4228.16 4220.12 4212.33 4206.69 4197.99 4191.75 4188.82 4183.17 4178.12 4177.43 4167.51 4163.44 4163.55 4159.7 4151 4172.36 4166.68 4161.14 4155.83 4151.77 4146.58 4141.79 4138.18 4131.05 4130.71 4129.93 4129.47 4128.89 4128.7 4128.49 4128.08 4127.43 4127 4127.48 4128.02 4128.52 4128.82 4129.13 4129.74 4130.57 4131.41 4131.9 4131.72 4130.94 4129.57 4128.97
4506.03 4496.63 4496.36 4505.74 4520.08 4538.05 4556.12 4575.49 4575.38 4523.26 4441.87 4404.33 4379.51 4356.27 4333.88 4312.54 4291.92 4273.24 4258.21 4243.98 4231.77 4220.64 4211.03 4205 4198.17 4195.8 4190.11 4178.62 4179.34 4175.95 4171.7 4164.82 4161.11 4157.57 4185.26 4180.18 4174.49 4169.1 4163.47 4158.32 4153.22 4148.15 4142.97 4138.84 4134.52 4130.8 4130.06 4128.86 4128.8 4128.78 4128.78 4128.68 4128.52 4128.36 4128.49 4128.76 4129.04 4129.25 4129.34 4129.83 4131.18 4132.38 4133.29 4133.7 4133.3 4131.48 4131.14
4523.25 4520.12 4519.06 4525.02 4537.28 4555.86 4572.7 4590.7 4586.95 4543.27 4457.44 4424.93 4399.19 4371.8 4343.93 4318.23 4294.11 4274.95 4255.62 4239.2 4225.79 4214.15 4203.46 4196.7 4189.08 4183.46 4181.58 4173.69 4174.03 4166.01 4162.28 4155.51 4152.54 4150.21 4147.75 4182.12 4176.46 4170.87 4165.11 4159.93 4154.46 4149.1 4144 4139.67 4135.63 4132.04 4131.98 4129.99 4129.05 4129.24 4129.45 4129.59 4129.82 4129.68 4129.57 4129.62 4129.82 4130.05 4130.19 4130.57 4132.32 4133.65 4134.99 4136.4 4137.71 4137.98 4137.3
4534.75 4529.72 4532.72 4539.38 4552.08 4569.43 4586.98 4603.66 4599.83 4573.59 4500.68 4461.33 4427.16 4391.43 4355.66 4323.4 4293.73 4269.52 4249.04 4232.13 4219.24 4206.27 4197.66 4189.96 4183.4 4177.9 4176.95 4169.9 4164.87 4163.92 4154.04 4149.57 4149.15 4146.89 4146.37 4144.41 4176.88 4171.31 4165.5 4160.14 4155.02 4149.55 4144.55 4140.28 4136.23 4131.43 4130.2 4130.58 4130.26 4130.37 4130.43 4130.58 4130.89 4130.67 4130.36 4130.32 4130.56 4131.11 4132.03 4133.36 4133.96 4134.76 4136.2 4138.47 4141.68 4144.69 4143.53
4547.84 4536.23 4543.31 4553.97 4569.47 4584.83 4602.68 4618.94 4621.05 4615.88 4563.46 4509.75 4460.69 4413.36 4369.08 4328.13 4291.92 4263.82 4240.64 4222.83 4211.6 4198.68 4190.11 4184.21 4180.02 4175.06 4169.57 4166.12 4159.38 4156.18 4151.51 4150.86 4148.51 4148.07 4146.02 4145.76 4143.72 4171.71 4166 4160.97 4155.39 4150.68 4145.92 4141.04 4132.36 4131.59 4130.81 4132.58 4132.66 4131.78 4131.47 4131.32 4131.31 4131.07 4130.83 4130.76 4130.96 4131.69 4133.01 4135.32 4134.54 4134.8 4136.09 4138.37 4141.84 4144.91 4143.66
4573.05 4563.98 4568.34 4576.28 4588.06 4600.1 4613.33 4632.98 4647.99 4652.16 4615.6 4551.17 4489.54 4432.77 4379.74 4330.44 4286.29 4252.98 4230.34 4214.52 4203.18 4192.33 4183.79 4176.25 4169.85 4168.65 4161.37 4157.72 4151.24 4148.44 4149.16 4151.25 4148.92 4146.8 4148.32 4146.31 4144.77 4173.48 4167.69 4162.06 4156.65 4152.03 4147.19 4141.69 4133.25 4133.01 4133.35 4134.07 4133.81 4133.03 4132.4 4131.83 4131.51 4131.25 4131 4130.93 4131.05 4131.4 4131.81 4131.6 4132.54 4133.49 4134.55 4135.87 4137.33 4138.67 4138.02
4600.96 4607.12 4598.87 4600.29 4603.46 4612.22 4624.01 4635.89 4655.18 4663.6 4632.07 4570.11 4508.03 4446.81 4387.53 4331.14 4278.28 4240.15 4220.03 4204.43 4195.68 4184.49 4177.42 4168.28 4162.99 4160.09 4156.42 4149.06 4146.81 4144.07 4142.01 4147.4 4148.58 4146.5 4145.18 4143.53 4143.88 4142.32 4168.54 4162.54 4157.18 4152.55 4147.64 4142.94 4134.42 4134.55 4134.55 4135.29 4135.01 4134.29 4133.22 4132.14 4131.28 4131.19 4131.01 4130.88 4130.83 4130.7 4130.54 4130.25 4130.99 4131.81 4132.41 4132.73 4132.31 4132.05 4132.68
4625.04 4628.1 4627.48 4627.31 4625.65 4626.58 4621.29 4623.64 4632.3 4646.4 4623.66 4573.12 4517.63 4456.65 4393.93 4332.51 4274.88 4234.56 4214.16 4196.99 4188.75 4176.75 4170.34 4160.77 4155.47 4150.9 4149.66 4146.42 4143.89 4145.65 4143.9 4148.57 4146.67 4147.33 4145.65 4144.45 4142.83 4144.46 4169.93 4163.98 4158.15 4152.85 4148.51 4143.82 4135.34 4135.94 4137.11 4137.53 4137.14 4135.44 4134.08 4132.66 4131.39 4131.35 4131.03 4130.71 4130.39 4130.11 4129.91 4130.49 4130.49 4130.24 4130.45 4130.41 4130.02 4129.76 4129.9
4649.47 4656.85 4654.1 4653.97 4642.33 4634.4 4615.78 4607.79 4608.38 4626.43 4616.54 4577.63 4525.58 4464.02 4399.71 4336.56 4279.75 4238.79 4212.72 4192.23 4182.21 4169.83 4161.15 4157.04 4151.63 4147.34 4143.69 4148.51 4146.11 4143.81 4146.86 4145.15 4147.64 4145.72 4148.15 4146.64 4144.96 4143.5 4170.66 4165.54 4159.39 4153.85 4149.23 4144.25 4135.7 4136.48 4137.73 4138.45 4138.86 4136.12 4134.81 4133.96 4133.1 4132.12 4131.31 4130.73 4130.18 4129.62 4129.02 4128.24 4127.93 4128.69 4129.1 4129.1 4128.59 4128.42 4128.53
4672.14 4686.28 4682.84 4676.98 4660.5 4644.4 4614.03 4601.35 4603.15 4617.51 4619.49 4590.15 4534.31 4470.35 4404.39 4340.51 4280.67 4241.05 4213.2 4191.38 4180.29 4169.39 4158.4 4151.35 4152.4 4145.19 4145.05 4142.32 4147.54 4145.5 4146.22 4145.08 4149.28 4147.65 4146.18 4146.47 4146.27 4145.15 4172.36 4166.57 4160.2 4154.43 4149.89 4144.99 4135.95 4136.34 4136.44 4136.91 4138.17 4135.92 4134.94 4134.36 4133.72 4132.52 4131.52 4130.73 4130.01 4129.31 4128.46 4127.41 4127.19 4127.88 4128.54 4128.9 4128.9 4128.45 4128.3
4696.3 4711.42 4706.55 4695.21 4673.8 4652.26 4623.55 4599.07 4598.92 4613.67 4617.14 4594.65 4538.72 4473.97 4407.17 4344.12 4292.64 4246.46 4216.14 4193.79 4181.96 4170.73 4160.14 4153.42 4154.32 4150.14 4147.12 4144.29 4144.6 4145.9 4144.28 4141.68 4140.35 4149.35 4148.08 4146.59 4145.27 4146.06 4173.01 4167.29 4161.8 4154.92 4150.47 4145.03 4136.08 4136.2 4136.11 4135.88 4135.85 4135.13 4134.38 4133.8 4133.15 4132.31 4131.44 4130.62 4130.1 4129.44 4128.66 4127.78 4127.3 4127.91 4128.54 4129.01 4129.43 4128.58 4128.06
4712.76 4726.71 4721.01 4704.44 4684.06 4659.35 4630.45 4613.54 4611.37 4614.05 4611.41 4586.59 4537.13 4473.82 4406.53 4341.11 4281.64 4245.25 4217.93 4196.24 4184.48 4173 4164.87 4158.24 4153.08 4151.92 4148.39 4145.69 4143.39 4143.49 4143.25 4143.89 4142.47 4141.23 4149.38 4148.81 4146.67 4145.23 4174.28 4168.3 4162.38 4155.82 4149.87 4135.42 4135.85 4136.11 4136.66 4136.78 4134.07 4133.15 4133.2 4133.65 4132.93 4131.89 4131.12 4130.48 4130.04 4129.64 4129.28 4128.75 4127.75 4128.76 4128.88 4128.91 4128.79 4128.2 4127.01
4671.85 4712.18 4726.2 4714.94 4693.74 4664.84 4632.1 4613.9 4612.73 4614.34 4610.42 4585.95 4536.66 4472.59 4404.1 4338.49 4282.44 4245.07 4219.3 4199.19 4188.04 4177.62 4171.05 4164.83 4159.92 4157.37 4148.92 4148.15 4145.74 4147.97 4146.04 4145.31 4148.36 4146.66 4151.3 4149.39 4150.59 4149.08 4176.3 4169.49 4163.56 4157.02 4150.1 4134.87 4135.22 4135.66 4135.86 4136.11 4132.74 4131.1 4131.41 4131.71 4131.54 4130.92 4130.46 4130.12 4129.93 4129.87 4130.1 4130.8 4132.36 4130.51 4128.99 4128.44 4128.42 4127.88 4128.79
4671.05 4718.04 4739.76 4729.61 4704.33 4668.63 4628.44 4600.75 4605.31 4612.94 4612.1 4590.33 4538.26 4470.09 4399.22 4333.89 4283.2 4245.72 4221.26 4204.38 4194.06 4183.78 4175.43 4168.53 4168.15 4164.13 4155.61 4159.05 4156.22 4153.89 4156.66 4154.55 4155.47 4153.97 4152.19 4157 4154.6 4151.81 4178.18 4171.75 4165.4 4158.22 4151.28 4135.3 4135.03 4134.46 4133.97 4131.75 4131.57 4130.53 4130.03 4129.55 4129.63 4129.73 4129.72 4129.69 4129.73 4129.94 4130.45 4131.35 4132.68 4130.38 4127.9 4126.39 4126 4125.68 4126.75
4753.65 4772.14 4771.69 4748.7 4716.41 4675.3 4628.3 4588.09 4603.77 4615.26 4614.21 4593.58 4538.78 4465.77 4391.28 4320.99 4268.71 4243.91 4225.19 4210.18 4201.15 4189.75 4181.29 4177.06 4177.21 4173.27 4169.48 4166.67 4163.76 4163.05 4163.74 4161.44 4159.5 4161.06 4160.35 4158.18 4162.22 4158.59 4155.74 4175.58 4168.66 4161.5 4151.7 4135.48 4134.6 4133.77 4133.33 4132.97 4131.92 4131.17 4129.4 4128.16 4128.4 4128.83 4129.09 4129.22 4129.43 4129.61 4129.77 4129.94 4129.2 4127.92 4126.11 4124.2 4124.12 4125.88 4127.63
4845.29 4831.59 4805.17 4769.93 4728.7 4683.87 4637.91 4617.12 4615.28 4624.02 4624.72 4600.27 4535.83 4457.57 4382.92 4315.31 4267.75 4244.94 4229.62 4215.78 4207.08 4198.49 4191.9 4187.23 4182.71 4181.56 4178.2 4175.77 4172.82 4174.02 4171.3 4169.61 4167.24 4164.81 4165.95 4164.35 4161.7 4167.35 4163.93 4179.42 4171.5 4163.63 4153.54 4136.46 4134.19 4133.46 4132.87 4132.17 4131.87 4131.34 4129.43 4127.34 4128.02 4128.56 4128.95 4129.17 4129.26 4129.28 4129.12 4128.62 4127.53 4126.39 4125.15 4124.39 4125.77 4128.42 4131.78
4867.99 4851.29 4818.97 4781 4739.62 4692.87 4644 4615.44 4625.61 4634.4 4632.27 4596.48 4518.57 4442.63 4375.37 4316.13 4275.24 4252.9 4238.97 4228.23 4219.19 4210.2 4204.27 4198.7 4193.82 4195.94 4192.03 4188.97 4185.69 4182.5 4183.66 4180.53 4177.75 4177.31 4175.25 4174.6 4171.26 4167.88 4174.73 4183.43 4175.12 4166.45 4156.37 4138.53 4135.61 4134.4 4133.07 4131.72 4131.85 4132.71 4131.49 4129.54 4128.95 4129.08 4129.14 4129.19 4129.19 4129.03 4128.63 4127.96 4127.1 4126.04 4125.03 4125.36 4128.44 4134.49 4137.29
4815.57 4822.85 4807.81 4781.29 4747.73 4705.77 4658.38 4631.57 4640.07 4644.31 4637.3 4588.32 4484.1 4423.89 4369.74 4319.84 4286.61 4267.09 4254.4 4244.73 4236.55 4224.15 4217.82 4213.38 4207.01 4203.26 4204.35 4197.57 4198.45 4194.8 4196.32 4192.62 4189.09 4193.5 4188.33 4184.03 4189.72 4184.57 4179.4 4187.34 4178.66 4170.21 4159.33 4140.46 4138.54 4136.37 4134.06 4131.84 4131.38 4133.29 4132.51 4130.74 4129.82 4129.55 4129.69 4129.49 4129.4 4129.18 4128.74 4127.89 4126.61 4125.38 4125.48 4126.22 4129.79 4134.68 4138.42
4723.99 4766.23 4778.48 4772.36 4753.3 4726.59 4691.83 4668.85 4662.54 4651.83 4630.17 4574.34 4467.22 4415.17 4371.38 4330.99 4303.2 4284.2 4272.59 4261.56 4255.18 4239.91 4234.03 4226.68 4221.75 4216.06 4216.82 4208.78 4209.78 4204.27 4200.11 4205.34 4200.87 4196.55 4200.76 4195.91 4190.63 4189.74 4184.18 4190.42 4181.78 4173.68 4162.42 4144.13 4142.08 4139.06 4136.14 4132.89 4130.78 4132.19 4131.48 4130.57 4130.56 4130.37 4130.36 4130.42 4130.14 4129.8 4129.22 4128.84 4128 4127.49 4127.29 4127.87 4130.77 4133.34 4138.5
4632.43 4704.16 4743.81 4759.26 4759.09 4748.43 4736.16 4714.21 4686.08 4656.91 4618.67 4557.53 4474.73 4419.42 4380.84 4348.52 4323.39 4304.4 4291.97 4279.58 4275.54 4257.69 4250.42 4241.69 4236.7 4229.85 4225.76 4221.41 4216.63 4219.91 4215.08 4210.35 4221.43 4216.02 4210.72 4208.89 4204.87 4199.1 4195.38 4194.54 4186.97 4177.16 4147.16 4146.13 4144.95 4142.84 4139.92 4136.57 4133.79 4134.24 4133.26 4131.47 4130.63 4131.01 4131.21 4131.26 4130.72 4130.59 4130.13 4130 4130.06 4130.42 4130.61 4131.61 4134.31 4137.23 4139.61
4571.15 4655.02 4713.6 4749.66 4765.66 4765.05 4752.72 4733.86 4702.35 4660.6 4609.84 4553.34 4475.47 4421.05 4391.23 4369.08 4343.5 4324.39 4310.79 4300.51 4297 4290.87 4267.95 4260.09 4255.27 4248.54 4252.65 4248.62 4242.48 4236.99 4240.86 4235.04 4229.38 4228.49 4222.54 4216.47 4213.23 4206.98 4200.41 4200.71 4190.69 4181.63 4151.43 4150.02 4149.15 4147.81 4145.71 4142.81 4137.23 4137.48 4136.32 4132.46 4131.39 4130.79 4130.77 4131.8 4131.89 4131.86 4131.47 4131.73 4131.98 4132.53 4134.18 4135.71 4137.07 4139.85 4140.57
4531.46 4616.89 4688.42 4743.45 4776.71 4787.14 4758.81 4752 4720.11 4665.33 4597.9 4523.2 4448.89 4409.59 4393.49 4380.95 4359.4 4342.48 4328.59 4320.17 4313.4 4315.14 4288.6 4288.94 4284.72 4278.15 4273.4 4270.27 4264.32 4258.18 4256.3 4249.93 4243.38 4236.99 4233.28 4226.19 4219.09 4216.35 4209.72 4207.94 4196.65 4187.24 4153.93 4153.99 4154 4153.48 4153.5 4153.32 4150.35 4143.31 4134.18 4132.15 4131.12 4130.38 4130.2 4130.78 4131.95 4131.93 4132.44 4133.21 4134.07 4135.54 4137.38 4137.75 4135.95 4136.05 4139.14
4476.72 4577.07 4662.8 4737.85 4796.59 4834.67 4841.89 4806.73 4748.12 4674.68 4590.87 4499.4 4426.25 4398.08 4388.62 4378.19 4370.17 4359.15 4350.06 4350.74 4345.47 4346.6 4314.19 4304.36 4304.08 4297.56 4288.56 4281.89 4275.28 4269.34 4262.73 4258.83 4252.06 4244.86 4238.13 4236.12 4229.33 4222.38 4215.46 4215.63 4201 4190.27 4157.1 4157.68 4158.42 4159.44 4160.47 4163.38 4164.28 4150.57 4136.91 4133.19 4131.58 4130.96 4130.71 4130.71 4131.94 4132.69 4133.29 4134.99 4136.01 4137.69 4139.77 4139.09 4135.29 4134.91 4138.6
4418.43 4533.2 4636.5 4728.01 4808.25 4872.98 4915.66 4853.27 4774.95 4687.7 4594.44 4502.18 4429.74 4401.78 4398.92 4392.32 4386.48 4380.34 4375.81 4370.82 4364.6 4360.83 4327.39 4319.43 4318.16 4311.05 4303.9 4297.04 4290.24 4279.89 4273.72 4266.76 4265.93 4258.74 4251.56 4244.38 4241.74 4234.23 4223.2 4218.02 4204.54 4194.53 4161.19 4161.87 4162.31 4163.65 4164.74 4168.12 4168.09 4153.66 4139.85 4135.29 4131.99 4130.73 4130.66 4131 4131.81 4132.37 4134.51 4136.37 4136.99 4138.84 4140.53 4139.19 4137.7 4137.83 4139.25
4368.89 4486.81 4602.2 4706.68 4800.74 4870.25 4900.2 4861.16 4786.71 4697.42 4602.21 4507.06 4436.7 4414.4 4413.3 4408.34 4402.61 4396.99 4393.28 4388.92 4383.26 4377.78 4344.33 4337.07 4330.75 4322.61 4315.23 4307.76 4300.91 4295.94 4288.11 4280.77 4276.09 4275.52 4267.98 4259.62 4252.05 4239.15 4234.97 4227.68 4218.97 4204.66 4169.4 4169.4 4165.34 4166.25 4167.09 4168.27 4164.03 4150.96 4136.82 4134.49 4131.59 4130.43 4130.11 4130.78 4132 4133.67 4135.16 4136.15 4136.46 4134.21 4132.23 4136.07 4139.26 4139.21 4140.15
