real_craters/C150-500m.grd
DSAA
196 196
-48.755 48.755
-48.755 48.755
2861.9002569714 5000.7503201354
[rows 120 to 149 of 196, columns 67 to 133 of 196]
4212.01 4218.11 4228.8 4242.85 4281.73 4316.67 4326.01 4329.17 4326.55 4334.82 4341.9 4423.77 4496.64 4537.71 4556.63 4535.67 4456.8 4332.07 4183.69 4027.68 3900.68 3829.3 3814.58 3817.43 3833.95 3843.79 3821.9 3792.38 3747.05 3646.15 3565.36 3556.39 3573.97 3579.84 3582.1 3575.24 3565.19 3589.12 3656.98 3785.61 3880.3 3972.06 3940.47 3987.27 4054.61 4147.21 4304.91 4516.58 4715.78 4764.62 4641.29 4565.56 4521.56 4504.34 4479.22 4454.06 4437.87 4413.57 4382.09 4378.05 4377.15 4361.24 4339.04 4312.02 4272.67 4233.05 4229.92
4204.02 4216.16 4233.83 4256.14 4286.39 4312.6 4323.78 4326.21 4332.46 4345.57 4356.21 4405.69 4460.2 4496.26 4516.59 4521.69 4447.71 4338.77 4219.47 4079.67 3908.69 3855.05 3845.96 3850.17 3883 3909.47 3900.8 3878.9 3825.3 3749.38 3763 3739.5 3700.83 3729.85 3727.02 3717.72 3743.5 3823.78 3982.09 4108.74 4253.72 4175.99 4138.29 4179.2 4267.69 4388.06 4537.94 4704.94 4875.99 4730.81 4589.7 4520.77 4467.18 4461.5 4459.43 4439.27 4413.16 4388.96 4373.18 4354.12 4342.52 4327.76 4308.28 4285.44 4264.97 4241.64 4225.31
4198.42 4214.43 4238.36 4263.4 4286.62 4311.35 4314.97 4319.63 4333.35 4363.33 4396.03 4412.13 4432.68 4451.41 4460.05 4451.31 4409.76 4356.89 4293.31 4203.38 4065.7 3969.64 3891.83 3906.94 3968.86 4010.21 4031.78 4026.57 3998.66 4021.06 4054.44 4002.07 3960.52 3959.95 3927.25 3869.38 3835.12 3997.11 4171.24 4251.88 4318.44 4293.7 4284.58 4339.98 4440.83 4593.06 4731.18 4745.21 4723.12 4605.78 4503 4473.96 4457.14 4478.41 4456.78 4428.38 4398.23 4367.51 4338.14 4327.51 4316.4 4303.47 4286.5 4267.54 4250.2 4239.42 4220.53
4201.43 4213.92 4226.42 4248.69 4275.06 4295.21 4304.72 4313.25 4326.54 4347.85 4394.68 4396.78 4400.71 4405.3 4397.16 4366.9 4360.94 4377.54 4386.97 4399.12 4377.85 4245.37 4110.44 4091.6 4126.65 4155.59 4192.26 4229.56 4260.06 4343.46 4406.1 4366.37 4245.24 4262.76 4191.2 4099.66 4049.43 4212.82 4320.57 4312.46 4277.79 4279.37 4361.29 4443.24 4533.69 4645.68 4718.75 4686.97 4613.08 4512.58 4450.91 4440.77 4461.71 4484.87 4446.31 4414.28 4382.69 4351.73 4325.65 4311.14 4298.29 4285.37 4269.82 4250.26 4229.2 4210.91 4199.55
4207.87 4219.8 4233.84 4244.15 4259.79 4275.31 4288.87 4300.33 4310.18 4316.13 4330.51 4353.96 4363.76 4368.47 4363.54 4347.83 4357.07 4398.83 4453.75 4537.47 4629.28 4557.86 4469.18 4360.05 4319.39 4326.68 4371.46 4446.37 4562.39 4689.17 4711.23 4732.87 4630.63 4594.59 4466.37 4387.93 4380.05 4482.57 4576.66 4497.79 4443.04 4460.64 4507.66 4536.59 4567.37 4617.8 4643.97 4595.14 4505.48 4421.26 4405.33 4406.33 4412.22 4418.87 4410.94 4390.35 4365.12 4339.28 4318.38 4300.37 4286.26 4272.16 4257.42 4238.87 4215.67 4182.7 4179.07
4217.1 4229.57 4237.62 4239.42 4242.44 4254.73 4271.02 4283.7 4293.23 4299.11 4310.23 4322.67 4332.83 4340.19 4341.56 4345 4367.24 4407.29 4463.29 4536.03 4601.78 4611.14 4612.17 4514.39 4452.93 4449.38 4494.83 4577.95 4686.23 4701.32 4733.96 4794.2 4866.29 4764.11 4616.48 4597.7 4628.68 4636.19 4666.91 4631.66 4677.63 4766.68 4653.78 4574.83 4545.39 4538.54 4543.65 4490.77 4446.32 4382.25 4375.11 4377.39 4378.94 4379.63 4376.32 4364.27 4343.2 4321.26 4304.75 4290.52 4278.15 4267.71 4256.56 4243.58 4225.4 4202.15 4200.38
4214.62 4224.11 4223.27 4229.36 4233.37 4242.74 4256.88 4269.43 4280.97 4292.38 4301.94 4304.7 4311.59 4318.29 4326.67 4338.08 4362.96 4394.06 4430 4462.19 4487.37 4502.06 4524.13 4515.9 4498.51 4510.89 4553.97 4617.26 4662.25 4647.08 4660.62 4659.77 4649.26 4569.18 4584.59 4642.79 4685.18 4664.66 4638.01 4688.48 4717.1 4684.15 4610.1 4527.81 4478.3 4432.99 4346.69 4360.52 4381.81 4359.84 4356.85 4354.44 4360.74 4366.58 4350.47 4340.23 4321.2 4298.99 4287.5 4285.43 4279.57 4269.3 4261.35 4253.86 4251.96 4255.03 4231.62
4201.97 4207.87 4219.68 4219.69 4229.45 4238.02 4246.94 4258.09 4269.17 4281.58 4290.81 4283.42 4283.63 4290.07 4300.09 4315.82 4348.08 4369.31 4389.77 4395.04 4405.86 4432.46 4459.73 4487.1 4499.13 4521.88 4553.23 4603.91 4670.1 4629.73 4623.16 4548.63 4440.36 4420.97 4489.55 4561.82 4639.95 4704.65 4719.81 4774.53 4741.82 4618.76 4491.98 4446.85 4408.46 4369.36 4323.74 4310.59 4310.03 4331.19 4325.68 4326.19 4327.44 4327.63 4322.6 4315.48 4303.91 4289.35 4281.98 4278.59 4274.07 4269.64 4264.57 4262.57 4266.58 4272.57 4252.64
4193.46 4194.37 4197.5 4209.55 4218.84 4229.08 4238.65 4247.76 4256.92 4259.2 4249.45 4255.44 4262.22 4272.06 4285.49 4304.53 4325.14 4349.05 4371.15 4382.22 4385.97 4399.93 4427.58 4456.17 4472.8 4483.37 4495.05 4505.06 4519.59 4516.59 4512.49 4531.41 4473.35 4421.49 4439.23 4442.65 4537.94 4687.72 4767.56 4754.76 4686.18 4530.35 4383.06 4360.66 4352.44 4341.69 4334.95 4324.1 4313.99 4321.91 4327.95 4298.12 4268.11 4286.28 4293.49 4294.43 4292 4289.2 4279.77 4274.38 4270.52 4267.6 4267.67 4268.46 4269.75 4270.72 4255.7
4192.86 4196.86 4197.43 4207.58 4214.7 4223.53 4231.22 4236.4 4239.61 4241.3 4231.4 4235.69 4244.89 4257.14 4273.76 4295 4313.53 4336.96 4364.9 4406.17 4398.51 4407.54 4430.09 4437.45 4446.4 4446.58 4437.22 4406.67 4359.91 4426.34 4483.01 4474.98 4468.73 4457.69 4444.13 4462.38 4487.53 4508.25 4582.25 4625.19 4500.03 4365.87 4300.22 4313.41 4320.97 4325.55 4332.57 4341.65 4331.76 4310.9 4292.39 4257.07 4232.44 4247.56 4270.18 4277.09 4278.82 4279.26 4271.79 4266.96 4264.61 4263.28 4263.09 4263.32 4263.77 4261.13 4236.92
4197.31 4202.84 4213.33 4214.45 4218.31 4220.87 4224.43 4226.37 4223.89 4215.99 4223.35 4222 4229.69 4245.22 4261.59 4280.08 4302.1 4322.84 4346.83 4365.34 4381.29 4402.64 4416.41 4415.53 4419.01 4422.01 4411.38 4385.64 4374.77 4398.47 4422.76 4400.58 4428.93 4448.43 4438.75 4444.11 4458.59 4482.03 4511.25 4526.83 4379.82 4312.29 4310.94 4314.46 4313.74 4316.08 4321.36 4325.47 4314.07 4297.41 4270.88 4234.08 4217.88 4251.59 4265.32 4262.47 4258.98 4256.25 4256.29 4256 4256.92 4257.27 4257.67 4258.22 4254.66 4244.85 4227.93
4201.56 4211.92 4216.01 4214.38 4216.48 4217.54 4218.93 4219.93 4218.28 4210.09 4200.62 4204.07 4215.31 4231.21 4247.85 4267.82 4285.63 4305.42 4324.81 4344.92 4353.58 4358.06 4377.6 4390.09 4400.58 4405.47 4407.89 4405.8 4401.24 4383.97 4379.4 4379.61 4388.1 4421.08 4413.91 4413.83 4426.26 4448.64 4469.61 4471.76 4375.79 4345.71 4361.59 4334.01 4314.14 4305.24 4301.57 4291.87 4292.49 4287.16 4273.35 4250.68 4242.41 4253.64 4256.06 4246.63 4237.43 4233.78 4238.34 4243.87 4248.32 4251.04 4251.64 4249.84 4245.97 4238.7 4230.08
4202.89 4209.41 4199.2 4204.34 4209.77 4210.02 4211.87 4213.64 4215.22 4209.08 4192.12 4188.95 4201.71 4218.9 4235.57 4251.9 4269.16 4284.28 4302.17 4322.34 4338.79 4330.74 4350.83 4370.78 4385.82 4398.76 4412.39 4426.09 4405.58 4359.05 4334.23 4337.56 4345.29 4394.53 4396.24 4400.43 4386.64 4375.61 4398.43 4390.73 4378.79 4356.02 4350.53 4326.38 4309.84 4299.57 4290.18 4287.08 4284.71 4287.81 4281.63 4268.05 4263.09 4249.62 4239.75 4229 4217.76 4214.85 4225.26 4233.7 4238.55 4240.97 4242.47 4242.44 4240.34 4236.44 4224.79
4197.44 4197.78 4169.41 4183.28 4194.93 4198.04 4201.74 4205.96 4207.36 4198.5 4179.21 4175.2 4193.46 4210.05 4226 4240.13 4254.94 4266.01 4276.96 4295.1 4323.93 4346.31 4349.25 4360.87 4372.4 4387.26 4398.31 4402.17 4354.96 4319.1 4286.27 4308 4312.31 4337.07 4368.43 4380.3 4356.85 4344.01 4370.73 4362.48 4361.1 4325.39 4299.2 4295.79 4293.12 4289.48 4283.43 4274.51 4278.81 4280.49 4283.71 4263.62 4252.26 4236.67 4223.52 4218.71 4208.92 4208.53 4219.85 4227.42 4232.73 4235.61 4237.32 4237.6 4236.53 4234.48 4225.91
4184.4 4168.79 4153.29 4160.68 4174.05 4184.66 4190.58 4195.32 4202.08 4196.46 4187.04 4188.93 4195.25 4206.71 4218.95 4231.55 4243.32 4252.66 4261.08 4279.1 4319.05 4336.32 4345.4 4351.63 4360.71 4366.17 4367.14 4350.61 4313.52 4288.18 4263.07 4272.95 4302.77 4333.19 4364.41 4367.09 4343.86 4337.39 4342.64 4296.52 4258.89 4279.79 4276.44 4276.89 4280.56 4279.92 4278.43 4281.71 4273.69 4265.88 4261.33 4254.67 4240.61 4229.43 4220.82 4221.18 4225.36 4221.65 4221.59 4224.24 4227.45 4229.8 4231.63 4232.98 4233.25 4232.83 4230.42
4179.63 4166.13 4153.13 4159.49 4169.01 4176.25 4180.43 4182.47 4182.88 4184.79 4187.88 4192.54 4194.91 4202.74 4213.26 4224.42 4236.29 4246.11 4258.69 4270.9 4291.74 4331.65 4334.62 4337.01 4342 4341.16 4334.96 4325.44 4300.34 4279.87 4264.21 4281.95 4310.22 4351.94 4367.88 4367.92 4348.09 4326.66 4319.95 4300.64 4273.03 4270.08 4271.18 4274.25 4276.84 4273.69 4269.53 4265.48 4262.27 4259.69 4257.89 4246.48 4236.65 4226.62 4223.54 4223.78 4230.63 4228.78 4224.47 4223.5 4224.38 4225.49 4227.08 4227.95 4228.75 4228.81 4227.19
4181.52 4174.82 4159.97 4171.61 4170.79 4171.33 4172.41 4171.78 4170.19 4174.8 4179.38 4182.1 4190.29 4198.45 4209.83 4221.35 4233.18 4243.03 4247.58 4257.21 4279.37 4301.48 4315.63 4319.72 4319.23 4315.23 4305.52 4290.49 4288.13 4287.54 4287.47 4290.31 4315.17 4330.18 4349.37 4358 4352.8 4327.84 4317.57 4304.54 4286.28 4280.62 4289.32 4294.63 4282.98 4271.06 4259.11 4254.17 4255.84 4253.7 4248.43 4233.93 4225.64 4220.58 4218.42 4219.95 4223.19 4224.72 4223.54 4222.8 4222.83 4223.11 4223.57 4224.46 4224.6 4224.37 4223.21
4178.43 4174.92 4175.18 4167.8 4167.1 4166.92 4167.04 4166.02 4164.75 4168 4172.13 4174.94 4183.29 4193.78 4205.52 4219.08 4233.19 4247.49 4258.58 4249.57 4261.64 4285.39 4298.12 4304.06 4304.55 4300.17 4287.49 4269.33 4278.47 4294.63 4311.91 4327.08 4326.36 4332.07 4328.2 4335 4337.89 4320.52 4303.25 4291.16 4280.3 4284.95 4295.48 4300.77 4283.47 4267.98 4252.14 4247.69 4251.96 4250.68 4240.37 4228.8 4221.1 4216.28 4210.77 4214.83 4221.36 4221.57 4221.08 4220.24 4220.11 4219.9 4219.49 4219.55 4219.52 4219.43 4219.82
4173.78 4170.67 4162.6 4159.82 4160.85 4162.45 4164.12 4165.81 4166.49 4165.94 4165.68 4168.06 4176.73 4190.26 4204.11 4218.3 4232.79 4247.61 4258.45 4248.88 4256.98 4275.8 4285.65 4291.8 4294 4292.63 4288.52 4270.08 4273.71 4289.46 4310.52 4322.67 4320.66 4316.45 4308.29 4304.19 4307.44 4297.61 4285.5 4277.64 4279.62 4280.73 4283.11 4280.88 4276 4266.88 4258.75 4252.25 4251.88 4252.45 4255.7 4238.96 4225.92 4219.97 4213.22 4213.94 4217.15 4216.79 4216.95 4216.36 4215.62 4215.22 4214.55 4213.89 4213.88 4213.08 4211.58
4170.53 4168.24 4164.95 4157.62 4156.89 4157.96 4160.77 4167.29 4170.69 4165.17 4162.81 4163.2 4172.05 4186.3 4201.56 4216.15 4230.89 4242.68 4249.35 4252.56 4256.13 4265.75 4273.42 4280.04 4285.68 4288.21 4290.26 4279.26 4273.66 4270.61 4281.03 4300.24 4304.4 4286.8 4271.59 4274.9 4279.34 4272.05 4270.32 4258.63 4259.11 4262.62 4267.94 4269.13 4269.43 4265.04 4255.22 4251.77 4249.05 4250.23 4253.69 4254.46 4239.5 4228.13 4221.97 4215.37 4210.7 4213.05 4214.06 4214.27 4213.87 4213.12 4212.06 4211 4209.28 4207.06 4204.37
4166.43 4165.54 4163.48 4158.91 4152.84 4152.55 4154.42 4157.39 4161.42 4161.45 4161.7 4162.6 4171.22 4185.86 4199.13 4212.8 4226.87 4241.04 4250.74 4249.38 4255.78 4258.68 4265.34 4271.85 4278.27 4283.18 4287 4286.86 4277.8 4276.48 4281.29 4289.49 4287.29 4274.44 4263.69 4267.99 4247.09 4241.12 4247.92 4245.51 4252.39 4256.26 4256.19 4265.25 4267.11 4265.09 4262.98 4250.67 4239.33 4242.25 4246.41 4252.81 4242.14 4231.7 4223.03 4215.34 4210.93 4210.81 4211.4 4211.45 4211.19 4210.3 4208.6 4206.98 4204.58 4201.81 4197.78
4160.74 4158.92 4156.51 4146.64 4147.04 4147.46 4147.71 4145.27 4149.63 4157.9 4162.88 4168.6 4177 4187.63 4198.78 4208.93 4219.26 4230.49 4241.86 4240.99 4241.29 4249.38 4257.3 4264.31 4270.07 4275.43 4280.02 4279.07 4275.08 4277.89 4279.77 4283.48 4276.96 4279.9 4286.72 4269.93 4258.6 4220.51 4220.78 4241.6 4224.8 4214.02 4235.06 4256.2 4256.94 4256.24 4259.34 4244.55 4232.37 4235.77 4241.34 4235.06 4235.93 4231.34 4225.68 4219.25 4211.55 4210.84 4210.32 4209.61 4209.03 4207.79 4206.73 4203.93 4201.61 4198.7 4194.89
4151.24 4151.71 4147.17 4144.16 4143.65 4144.54 4145.63 4150.07 4153.18 4159.6 4167 4174.25 4182.03 4191.42 4199.27 4205.31 4209.39 4209.05 4212.13 4222.29 4225.27 4239.28 4248.01 4255.6 4261.72 4265.22 4266.48 4265.03 4262.57 4260.87 4268.09 4274.27 4276.91 4271.29 4267.28 4263.53 4252.5 4201.82 4201.1 4220.11 4206.88 4198.07 4220.9 4227.1 4233.49 4238.28 4237.08 4232.74 4227.1 4235.45 4246.72 4236.87 4234.78 4229.87 4222.7 4214.27 4212.41 4210.82 4210.86 4208.91 4207.46 4205.75 4203.79 4201.11 4198.47 4196.36 4194.81
4153.6 4150.95 4150.07 4145.43 4143.76 4143.42 4143.62 4144.98 4153.78 4163.33 4172.85 4181.46 4189.68 4197.48 4202.52 4204.64 4204.62 4202.72 4200.37 4210.33 4228.52 4234.95 4240.73 4246.15 4250.39 4254.79 4256.27 4254.03 4248.87 4248.79 4257.03 4268.07 4274.62 4269.33 4255.49 4237.67 4232.97 4266.7 4241.27 4227.13 4228.6 4236.65 4227.73 4223.01 4222.63 4224.67 4224.46 4223.43 4225.45 4234.68 4248.74 4237.27 4234.67 4226.54 4220.45 4217.92 4215.64 4211.52 4209.4 4207.02 4204.66 4202.32 4200.21 4197.93 4196.19 4194.38 4193.37
4155.03 4151.73 4147.55 4146.06 4145.01 4143.78 4143.52 4145.79 4155.11 4167.1 4179.44 4191.26 4201.18 4205.68 4206.93 4205.6 4201.99 4198.16 4185.63 4197.84 4226.59 4229.22 4231.83 4235.24 4240.19 4243.56 4249.14 4244.55 4236.88 4231.74 4248.6 4262.88 4269.59 4262.49 4225.46 4219.35 4252.83 4254.14 4247.64 4235.47 4236.2 4238.95 4227.98 4219.48 4215.76 4214.15 4214.18 4213.69 4214.92 4223.25 4236.12 4223.16 4219.65 4219.93 4219.64 4219.35 4215.43 4212.89 4209.94 4206.79 4203.68 4200.99 4198.22 4195.79 4193.47 4191.17 4189.69
4158.75 4152.81 4147.53 4149.78 4147.49 4146.24 4146.46 4149.48 4159.39 4172.03 4185.84 4200.1 4210.32 4214.83 4212.1 4207.97 4201.9 4188.93 4177.21 4188.22 4211.29 4217.84 4221.89 4225.95 4229.37 4230.76 4231.09 4236.12 4237.08 4237.33 4245.87 4254.29 4251.1 4242.92 4221.03 4227.39 4236.76 4242.47 4240.02 4236.11 4230 4223.5 4216.46 4210.88 4207.59 4203.31 4202.8 4204.37 4207.06 4213.53 4217.67 4217.31 4220.48 4218.4 4215.41 4211.09 4214.77 4213.14 4209.72 4206.06 4202.24 4198.36 4195.04 4192.12 4189.59 4187.05 4185.25
4158.46 4155.21 4151.24 4149.1 4149.41 4149.88 4151.46 4155.18 4164.72 4176.71 4190.08 4205.52 4221.21 4220.59 4215 4210.89 4208.42 4205.09 4190.21 4186.08 4196.31 4206.58 4213.39 4218.09 4221.15 4224.26 4224.61 4231.83 4244.41 4250.36 4244.9 4244.14 4240.22 4227.5 4217.76 4209.11 4215.35 4209.7 4227.54 4227.53 4219.46 4209.5 4202.36 4197.84 4194.64 4194.96 4195.8 4196.75 4198.13 4200.74 4218.21 4211.38 4217.04 4215.87 4215.45 4216.93 4219.72 4215.13 4210.65 4205.45 4202.05 4197.96 4193.55 4190.08 4186.95 4184.34 4181.93
4158.21 4158.26 4157.78 4154.07 4152.7 4154.19 4157.41 4162.71 4169.33 4179.13 4190.49 4202.07 4212.79 4214.12 4211.89 4210.33 4210.85 4214.37 4213.43 4190.84 4190.42 4199.57 4207.17 4212.72 4215.18 4216.05 4217.94 4225.49 4235 4240.19 4237.01 4232.51 4225.2 4212.39 4210.62 4206.71 4212.94 4211.2 4221.68 4219.23 4209.86 4198.93 4192.03 4187.01 4182.24 4185.72 4187.96 4190.69 4195.2 4203.77 4209.78 4204.79 4202.09 4205.83 4217.41 4224.72 4219.38 4213.68 4209.24 4204.43 4200.14 4195.93 4191.16 4187.27 4183.24 4180.09 4177.81
4153.44 4154.47 4155.15 4154.13 4155.42 4158.61 4161.74 4166.13 4172.07 4179.19 4186.77 4194.06 4198.01 4201.05 4204.31 4205.06 4204.44 4206.04 4214.41 4189.1 4190.29 4197.69 4204.88 4209.77 4213.11 4215.06 4215.66 4219.19 4220.75 4224.32 4225.9 4222.6 4216.12 4211.2 4211.02 4200.9 4206.73 4217.54 4215.08 4208.41 4201.36 4193.71 4186.29 4180.14 4176.34 4175.28 4179.32 4184.55 4191.94 4204.04 4213.26 4207.73 4205.51 4207.11 4209.9 4213.41 4213.71 4209.69 4204.96 4200.56 4196.09 4191.68 4187.35 4183.18 4179.26 4175.32 4172.82
4151.35 4148.47 4151 4156.86 4162.07 4163.56 4165.17 4169.1 4173.81 4178.74 4183.27 4187.06 4189.42 4192.7 4197.87 4201.19 4200.95 4200.21 4199.49 4196.54 4197.87 4200.56 4204.49 4208.03 4211.43 4214.94 4215.91 4216.41 4217.15 4218.36 4219.17 4216.35 4211.43 4219.5 4212.76 4203.19 4199 4213.15 4198.1 4199.29 4194.3 4187.47 4181.05 4173.94 4169.78 4168.14 4172.53 4177.19 4183.88 4193.89 4209.34 4209.95 4210.44 4201.52 4201.42 4204.08 4204.72 4202.92 4199.73 4195.26 4190.68 4187.02 4182.24 4178.01 4174.09 4170.47 4167.51
