real_craters/C150-750m.grd
DSAA
131 131
-48.755 48.755
-48.755 48.755
2865.8845762597 4997.4753456762
[rows 38 to 75 of 131, columns 0 to 83 of 131]
4122 4123 4123 4123 4123 4123 4123 4123 4123 4123 4124 4125 4125 4125 4126 4128 4129 4128 4126 4126 4126 4126 4127 4129 4132 4135 4140 4146 4155 4138 4138 4166 4194 4210 4233 4184 4154 4141 4132 4125 4127 4138 4152 4167 4180 4195 4198 4189 4183 4176 4179 4179 4179 4172 4169 4168 4168 4167 4162 4154 4148 4161 4193 4224 4244 4261 4265 4257 4254 4252 4245 4237 4214 4209 4208 4212 4212 4232 4240 4215 4187 4160 4137 4130
4122 4122 4123 4124 4124 4123 4123 4123 4123 4123 4124 4125 4125 4125 4125 4127 4128 4127 4124 4125 4126 4126 4127 4128 4129 4134 4138 4140 4136 4129 4133 4176 4220 4251 4204 4163 4155 4146 4138 4129 4130 4144 4159 4174 4186 4194 4199 4196 4194 4194 4190 4182 4172 4168 4169 4174 4179 4181 4182 4175 4166 4184 4219 4250 4283 4286 4280 4273 4263 4256 4249 4247 4235 4225 4216 4220 4234 4245 4244 4228 4198 4166 4138 4128
4123 4122 4123 4122 4123 4123 4123 4123 4123 4124 4124 4125 4124 4124 4124 4125 4125 4125 4125 4126 4127 4130 4129 4131 4133 4134 4136 4138 4142 4146 4157 4181 4211 4219 4192 4178 4165 4157 4149 4136 4138 4154 4166 4178 4189 4200 4197 4196 4200 4209 4203 4184 4170 4166 4170 4181 4192 4201 4205 4204 4207 4236 4257 4269 4289 4322 4308 4293 4271 4250 4249 4253 4264 4249 4230 4234 4245 4257 4269 4245 4212 4176 4144 4131
4121 4122 4122 4123 4123 4122 4122 4123 4123 4123 4123 4124 4124 4123 4124 4123 4124 4125 4126 4126 4127 4126 4127 4126 4129 4134 4136 4137 4135 4132 4149 4178 4205 4209 4192 4178 4169 4168 4168 4178 4171 4172 4178 4184 4189 4190 4181 4189 4197 4204 4202 4193 4177 4166 4172 4190 4208 4221 4227 4224 4267 4280 4300 4328 4319 4316 4317 4308 4287 4261 4254 4255 4266 4255 4264 4266 4272 4286 4287 4266 4233 4192 4147 4139
4123 4123 4123 4122 4122 4122 4122 4122 4123 4123 4123 4123 4123 4123 4120 4122 4122 4123 4126 4127 4128 4129 4128 4127 4130 4136 4140 4139 4135 4130 4147 4174 4196 4199 4186 4175 4175 4177 4184 4189 4191 4189 4188 4190 4190 4187 4174 4182 4193 4201 4204 4199 4184 4162 4179 4199 4229 4245 4262 4297 4326 4311 4340 4367 4367 4330 4332 4323 4319 4305 4277 4251 4254 4251 4253 4285 4299 4309 4309 4291 4263 4227 4178 4156
4121 4122 4122 4122 4122 4122 4122 4122 4122 4122 4123 4124 4123 4123 4123 4123 4124 4124 4120 4128 4131 4133 4137 4131 4139 4148 4151 4150 4146 4134 4155 4172 4185 4185 4173 4167 4174 4180 4192 4205 4206 4199 4195 4193 4191 4186 4176 4181 4191 4200 4206 4215 4201 4192 4204 4216 4214 4265 4301 4322 4359 4381 4401 4408 4397 4371 4370 4362 4354 4332 4320 4303 4273 4259 4268 4293 4315 4323 4325 4316 4299 4279 4261 4200
4121 4122 4122 4122 4122 4121 4121 4121 4122 4122 4123 4123 4124 4124 4123 4123 4124 4125 4128 4133 4140 4146 4159 4172 4166 4164 4164 4166 4171 4186 4174 4176 4181 4180 4176 4172 4168 4180 4190 4198 4204 4200 4197 4195 4192 4186 4181 4183 4192 4202 4209 4222 4209 4208 4243 4272 4297 4342 4383 4397 4458 4476 4530 4466 4402 4396 4438 4416 4438 4441 4376 4337 4315 4309 4328 4322 4317 4341 4350 4347 4339 4329 4310 4284
4121 4121 4121 4121 4121 4121 4121 4121 4121 4122 4124 4124 4125 4125 4124 4124 4125 4125 4127 4137 4153 4168 4179 4189 4183 4178 4176 4178 4184 4180 4178 4175 4176 4178 4181 4184 4181 4188 4190 4190 4191 4196 4196 4195 4193 4187 4180 4187 4199 4210 4218 4223 4223 4245 4305 4374 4421 4469 4517 4585 4669 4715 4771 4703 4558 4587 4579 4553 4569 4524 4461 4397 4380 4350 4353 4354 4336 4365 4381 4381 4374 4368 4361 4333
4121 4121 4121 4121 4121 4121 4121 4121 4121 4122 4123 4126 4129 4129 4127 4125 4127 4129 4129 4140 4160 4176 4183 4187 4184 4181 4179 4180 4181 4184 4176 4171 4167 4179 4188 4191 4204 4204 4201 4196 4194 4195 4196 4197 4195 4191 4187 4194 4209 4223 4233 4232 4234 4277 4363 4485 4597 4594 4639 4736 4821 4861 4866 4853 4836 4765 4722 4818 4847 4756 4632 4492 4475 4458 4400 4417 4392 4426 4419 4408 4400 4385 4368 4358
4122 4121 4121 4121 4120 4120 4120 4120 4121 4121 4125 4129 4135 4139 4137 4130 4136 4148 4145 4158 4192 4194 4188 4182 4180 4178 4177 4179 4182 4174 4170 4175 4184 4188 4199 4212 4218 4221 4218 4210 4197 4196 4199 4201 4199 4198 4198 4207 4221 4238 4261 4271 4251 4312 4396 4491 4580 4632 4687 4755 4805 4796 4790 4866 4997 4938 4931 4921 4960 4894 4835 4687 4653 4665 4516 4392 4421 4446 4433 4429 4425 4424 4403 4369
4122 4121 4121 4121 4120 4121 4121 4121 4121 4121 4124 4131 4140 4152 4170 4191 4184 4183 4200 4231 4231 4207 4185 4175 4171 4172 4173 4174 4172 4162 4161 4172 4183 4192 4205 4219 4228 4230 4234 4226 4214 4206 4204 4207 4212 4212 4212 4218 4229 4244 4260 4263 4296 4364 4437 4496 4545 4603 4654 4749 4867 4815 4803 4768 4724 4747 4796 4818 4885 4780 4732 4797 4786 4838 4713 4624 4529 4440 4454 4454 4447 4451 4436 4398
4122 4121 4121 4121 4121 4121 4121 4121 4121 4121 4123 4130 4141 4157 4184 4217 4210 4201 4203 4203 4190 4182 4163 4155 4159 4161 4163 4167 4168 4166 4166 4167 4175 4189 4203 4221 4222 4220 4233 4228 4214 4206 4207 4213 4221 4222 4218 4224 4237 4252 4265 4283 4313 4399 4505 4598 4594 4552 4511 4499 4467 4378 4319 4263 4203 4274 4318 4458 4486 4547 4643 4532 4686 4848 4863 4797 4582 4502 4506 4488 4463 4425 4448 4460
4122 4122 4122 4121 4121 4121 4121 4122 4122 4122 4124 4125 4132 4140 4159 4196 4208 4202 4183 4154 4157 4158 4153 4149 4151 4155 4158 4162 4166 4166 4165 4163 4170 4183 4195 4204 4206 4208 4219 4214 4204 4200 4212 4217 4227 4231 4232 4240 4263 4279 4289 4318 4367 4464 4568 4639 4571 4431 4290 4136 3984 3923 3848 3885 3931 3902 3871 4030 4115 4178 4275 4302 4403 4638 4896 4958 4860 4727 4621 4552 4504 4476 4499 4541
4122 4122 4122 4122 4122 4122 4122 4122 4122 4123 4121 4120 4121 4123 4127 4131 4196 4204 4183 4164 4164 4155 4150 4148 4149 4152 4154 4155 4158 4162 4169 4173 4174 4179 4186 4191 4198 4203 4196 4207 4213 4220 4236 4235 4219 4255 4276 4286 4323 4339 4344 4420 4499 4509 4553 4625 4452 4248 4058 3844 3621 3614 3629 3561 3670 3629 3615 3598 3618 3695 3787 3948 4047 4251 4471 4789 4956 4834 4680 4593 4548 4531 4545 4594
4122 4122 4122 4122 4122 4123 4122 4123 4123 4123 4122 4117 4115 4114 4125 4181 4237 4218 4186 4157 4152 4152 4149 4149 4148 4148 4148 4148 4150 4155 4164 4174 4174 4174 4177 4182 4189 4203 4198 4216 4239 4252 4285 4296 4300 4324 4351 4375 4411 4438 4449 4539 4597 4503 4419 4297 4190 4021 3839 3641 3478 3413 3339 3314 3353 3390 3366 3313 3283 3378 3430 3529 3692 3876 4047 4330 4691 4706 4644 4600 4586 4564 4588 4626
4122 4122 4122 4122 4122 4125 4123 4123 4123 4123 4122 4118 4112 4107 4116 4184 4262 4224 4183 4152 4147 4150 4150 4150 4148 4146 4145 4143 4143 4146 4148 4153 4161 4165 4168 4170 4173 4187 4199 4230 4270 4338 4329 4356 4397 4395 4430 4496 4511 4540 4628 4610 4634 4448 4247 4063 3946 3807 3659 3513 3399 3362 3313 3240 3221 3216 3180 3177 3202 3286 3336 3368 3476 3638 3636 3928 4270 4430 4522 4587 4628 4641 4636 4617
4122 4122 4122 4122 4122 4123 4122 4122 4122 4122 4123 4119 4111 4106 4110 4152 4219 4205 4176 4148 4147 4150 4154 4150 4149 4146 4144 4141 4140 4139 4140 4142 4150 4157 4162 4165 4169 4189 4216 4243 4265 4282 4310 4346 4382 4417 4466 4548 4543 4538 4567 4642 4600 4343 4093 3869 3751 3625 3504 3390 3288 3265 3220 3229 3164 3107 3055 3038 3083 3203 3265 3293 3363 3403 3377 3435 3821 4108 4334 4516 4651 4709 4674 4607
4121 4121 4122 4121 4121 4121 4121 4121 4121 4121 4122 4119 4113 4110 4117 4137 4165 4184 4166 4146 4152 4149 4143 4149 4151 4149 4144 4140 4137 4136 4136 4137 4147 4158 4168 4177 4187 4249 4266 4252 4256 4261 4290 4329 4367 4402 4439 4481 4485 4479 4527 4621 4460 4193 3973 3782 3605 3480 3374 3279 3192 3163 3140 3184 3086 3027 2983 2970 2982 3058 3144 3196 3253 3299 3310 3319 3508 3821 4133 4431 4633 4726 4699 4613
4121 4122 4121 4121 4121 4121 4121 4121 4121 4122 4121 4120 4115 4114 4124 4158 4198 4183 4161 4145 4166 4157 4151 4157 4156 4152 4147 4140 4138 4137 4137 4139 4149 4161 4174 4193 4225 4244 4232 4243 4253 4270 4289 4308 4348 4383 4397 4384 4396 4446 4521 4574 4237 3989 3769 3597 3451 3337 3252 3170 3091 3050 2979 2895 2949 2947 2930 2924 2929 2930 3013 3103 3202 3207 3241 3259 3280 3563 3981 4388 4761 4820 4729 4624
4121 4121 4121 4121 4121 4121 4121 4121 4121 4121 4120 4119 4117 4116 4120 4150 4179 4182 4163 4138 4141 4177 4185 4169 4163 4158 4151 4148 4143 4141 4141 4145 4156 4172 4182 4199 4212 4205 4212 4235 4254 4268 4287 4310 4348 4380 4392 4388 4418 4503 4595 4609 4116 3804 3523 3380 3312 3235 3157 3078 3007 2953 2918 2866 2885 2906 2903 2896 2898 2909 2955 3004 3030 3112 3141 3180 3214 3447 3871 4295 4684 4798 4751 4652
4121 4121 4121 4122 4122 4122 4122 4122 4122 4121 4121 4122 4121 4122 4127 4158 4187 4199 4181 4155 4154 4159 4171 4174 4171 4167 4160 4147 4149 4149 4147 4154 4167 4181 4196 4208 4210 4198 4211 4248 4271 4288 4315 4356 4385 4410 4438 4478 4570 4683 4621 4427 4033 3665 3415 3285 3222 3161 3099 3039 2970 2906 2887 2866 2895 2929 2922 2876 2882 2917 2932 2956 2986 3047 3094 3147 3234 3447 3773 4147 4462 4687 4766 4747
4121 4121 4122 4122 4122 4123 4123 4123 4123 4122 4122 4122 4127 4135 4151 4181 4228 4220 4205 4197 4181 4170 4173 4180 4181 4179 4176 4174 4165 4160 4157 4165 4174 4188 4202 4216 4224 4221 4257 4278 4299 4325 4365 4422 4432 4459 4499 4556 4661 4841 4532 4039 3707 3500 3353 3232 3163 3119 3079 3030 2967 2918 2908 2916 2971 3016 3034 2973 2905 2913 2922 2938 2959 3007 3053 3091 3195 3388 3650 3993 4314 4604 4802 4867
4121 4121 4122 4122 4122 4123 4122 4124 4125 4124 4123 4128 4134 4149 4180 4188 4201 4212 4218 4215 4205 4202 4195 4191 4188 4187 4191 4196 4182 4170 4160 4162 4174 4187 4204 4223 4247 4284 4282 4300 4325 4355 4393 4408 4448 4493 4546 4599 4620 4783 4338 3808 3503 3369 3276 3187 3138 3109 3083 3041 2996 2954 3038 3054 3080 3107 3138 3052 2967 2935 2944 2953 2964 2992 3014 3071 3104 3200 3486 3817 4171 4488 4780 4873
4121 4121 4122 4122 4123 4123 4124 4124 4124 4124 4124 4125 4135 4147 4154 4178 4192 4205 4218 4224 4218 4215 4207 4199 4193 4190 4192 4197 4188 4180 4171 4168 4176 4192 4210 4232 4260 4296 4312 4322 4341 4369 4396 4423 4455 4505 4568 4660 4728 4608 4097 3652 3465 3307 3212 3162 3134 3114 3084 3073 3074 3109 3138 3107 3128 3173 3178 3075 3050 3047 3054 3010 2991 2998 3012 3043 3049 3112 3347 3628 3932 4293 4638 4788
4121 4121 4122 4122 4123 4123 4125 4123 4124 4124 4125 4127 4138 4154 4166 4170 4174 4186 4211 4224 4221 4220 4211 4200 4192 4186 4177 4171 4184 4185 4188 4173 4179 4193 4210 4232 4259 4314 4328 4329 4356 4369 4380 4408 4449 4513 4579 4682 4718 4423 3864 3517 3394 3282 3195 3152 3125 3102 3083 3080 3095 3143 3200 3164 3179 3291 3284 3193 3171 3271 3241 3115 3044 3028 3026 3039 3043 3087 3270 3525 3785 4045 4295 4475
4121 4123 4123 4124 4124 4124 4124 4124 4125 4126 4128 4130 4141 4163 4172 4164 4157 4164 4201 4220 4222 4221 4214 4199 4187 4177 4180 4181 4182 4180 4174 4182 4189 4197 4209 4225 4253 4309 4344 4364 4368 4368 4364 4380 4441 4517 4578 4650 4569 4245 3683 3413 3356 3276 3196 3145 3109 3084 3074 3076 3085 3161 3263 3210 3270 3495 3658 3455 3302 3328 3285 3166 3083 3049 3039 3045 3060 3111 3227 3378 3584 3791 3957 4191
4122 4123 4124 4125 4125 4125 4125 4125 4127 4130 4133 4136 4142 4157 4164 4155 4145 4145 4174 4201 4221 4231 4208 4189 4173 4161 4155 4165 4181 4193 4196 4199 4202 4204 4210 4218 4234 4265 4320 4370 4362 4358 4356 4356 4435 4517 4627 4630 4494 4104 3551 3353 3295 3245 3193 3143 3110 3089 3072 3075 3098 3188 3289 3297 3371 3604 3880 3595 3447 3381 3310 3169 3083 3055 3051 3054 3096 3172 3260 3301 3446 3617 3770 4028
4123 4124 4124 4125 4126 4127 4128 4128 4129 4137 4141 4146 4152 4149 4149 4148 4142 4136 4153 4176 4197 4205 4187 4171 4157 4143 4129 4147 4180 4210 4223 4214 4211 4214 4214 4214 4216 4262 4311 4324 4332 4338 4338 4334 4428 4534 4629 4635 4494 3918 3576 3373 3277 3212 3166 3130 3097 3075 3060 3062 3110 3199 3309 3449 3583 3488 3396 3393 3287 3248 3171 3094 3084 3080 3066 3074 3139 3305 3384 3364 3430 3539 3689 3973
4124 4124 4125 4126 4128 4131 4133 4139 4148 4151 4150 4150 4148 4147 4145 4148 4151 4157 4158 4156 4155 4156 4160 4152 4143 4134 4130 4149 4180 4208 4224 4228 4232 4226 4224 4225 4231 4263 4289 4283 4296 4314 4320 4327 4428 4545 4646 4677 4536 3912 3572 3407 3288 3194 3144 3118 3093 3070 3049 3030 3019 3055 3197 3340 3342 3297 3227 3210 3153 3103 3093 3098 3115 3083 3083 3094 3155 3305 3394 3435 3434 3497 3659 3962
4124 4126 4127 4128 4130 4135 4145 4169 4174 4163 4154 4149 4145 4140 4143 4149 4158 4172 4149 4141 4134 4136 4140 4140 4137 4135 4137 4157 4183 4206 4222 4230 4227 4232 4230 4235 4255 4266 4277 4263 4271 4293 4319 4333 4435 4567 4696 4769 4658 4039 3658 3470 3319 3174 3130 3107 3082 3059 3035 3015 3005 3022 3042 3135 3160 3205 3165 3130 3079 3067 3072 3085 3097 3092 3099 3113 3159 3313 3436 3404 3402 3438 3589 3957
4126 4126 4128 4129 4131 4135 4140 4146 4168 4161 4152 4145 4139 4134 4138 4145 4152 4149 4133 4134 4132 4131 4133 4135 4138 4143 4156 4168 4190 4217 4224 4230 4242 4232 4229 4230 4231 4251 4254 4253 4258 4279 4304 4326 4419 4557 4697 4806 4788 4206 3827 3595 3408 3228 3139 3091 3076 3054 3039 3015 3010 3036 3061 3102 3127 3192 3140 3115 3097 3078 3075 3078 3080 3104 3108 3127 3163 3270 3354 3346 3355 3407 3593 3972
4127 4128 4127 4127 4127 4129 4132 4140 4151 4153 4147 4140 4131 4130 4134 4141 4146 4150 4148 4135 4130 4127 4130 4137 4143 4145 4152 4174 4193 4205 4215 4215 4212 4215 4221 4226 4231 4240 4245 4241 4245 4266 4283 4281 4383 4521 4659 4764 4732 4382 4032 3749 3495 3310 3160 3084 3074 3068 3045 3031 3026 3047 3073 3100 3115 3149 3102 3097 3094 3086 3090 3091 3098 3098 3114 3138 3165 3205 3220 3272 3320 3399 3621 4002
4133 4129 4128 4129 4129 4129 4131 4138 4143 4146 4143 4137 4130 4128 4132 4136 4140 4141 4139 4136 4130 4128 4132 4144 4159 4166 4170 4187 4197 4198 4203 4198 4189 4197 4212 4224 4234 4234 4233 4239 4250 4250 4262 4280 4360 4482 4594 4662 4620 4397 4149 3910 3632 3277 3136 3111 3108 3102 3077 3046 3034 3050 3076 3091 3087 3084 3083 3085 3087 3086 3085 3103 3111 3117 3135 3161 3176 3195 3215 3258 3329 3428 3681 4052
4127 4129 4129 4129 4127 4127 4128 4134 4143 4145 4142 4136 4129 4127 4131 4134 4136 4137 4139 4137 4134 4129 4133 4154 4184 4217 4223 4210 4205 4204 4196 4191 4186 4193 4205 4219 4228 4229 4237 4243 4240 4253 4263 4281 4340 4439 4529 4566 4484 4333 4194 4089 3938 3444 3177 3234 3243 3194 3120 3063 3051 3058 3080 3086 3081 3072 3069 3079 3088 3091 3094 3117 3128 3135 3171 3183 3192 3208 3231 3289 3387 3532 3798 4144
4131 4131 4130 4129 4128 4128 4128 4134 4151 4146 4140 4135 4130 4130 4131 4134 4136 4137 4141 4136 4132 4128 4130 4159 4199 4239 4244 4220 4202 4193 4188 4187 4194 4200 4199 4204 4212 4218 4228 4248 4281 4278 4272 4287 4332 4401 4482 4541 4448 4222 4219 4227 4207 3838 3534 3459 3353 3248 3146 3074 3065 3082 3084 3084 3076 3055 3060 3083 3098 3107 3114 3131 3147 3158 3192 3221 3228 3239 3271 3349 3479 3666 3928 4240
4133 4132 4131 4129 4128 4128 4128 4136 4147 4144 4139 4134 4129 4127 4131 4135 4140 4143 4139 4139 4136 4132 4133 4160 4200 4233 4234 4214 4188 4176 4179 4182 4189 4190 4188 4188 4195 4205 4216 4245 4287 4276 4265 4269 4293 4348 4412 4485 4430 4216 4190 4316 4464 4333 4134 3707 3482 3332 3198 3093 3078 3090 3084 3077 3072 3067 3071 3091 3111 3132 3130 3142 3167 3195 3219 3283 3304 3292 3310 3427 3587 3771 4050 4322
4133 4132 4129 4128 4127 4127 4129 4134 4139 4138 4136 4133 4132 4130 4131 4134 4142 4161 4151 4162 4160 4147 4136 4161 4198 4225 4222 4203 4182 4174 4175 4179 4179 4175 4178 4180 4185 4193 4204 4229 4272 4262 4251 4253 4273 4299 4323 4324 4425 4377 4096 4276 4558 4371 3947 3807 3655 3507 3332 3141 3103 3103 3096 3079 3080 3077 3088 3104 3122 3135 3148 3166 3241 3271 3316 3347 3351 3385 3504 3517 3731 3968 4207 4416
4131 4130 4129 4128 4127 4127 4128 4129 4129 4131 4132 4131 4131 4129 4129 4132 4134 4134 4146 4183 4182 4167 4164 4181 4198 4211 4208 4193 4174 4171 4175 4178 4180 4185 4177 4173 4178 4187 4198 4213 4246 4245 4239 4241 4254 4259 4266 4298 4488 4515 4058 4124 4240 4154 3908 3870 3815 3703 3529 3358 3210 3174 3146 3112 3096 3098 3106 3121 3138 3153 3172 3195 3228 3329 3377 3395 3418 3467 3515 3600 3922 4172 4382 4496
