real_craters/C150-500m.grd
DSAA
196 196
-48.755 48.755
-48.755 48.755
2861.9002569714 5000.7503201354
[rows 0 to 29 of 196, columns 67 to 133 of 196]
4124.69 4123.55 4123.19 4123.24 4123.4 4123.74 4124 4124.06 4124.15 4124.48 4125.22 4126.75 4128.89 4133.25 4126.43 4125.94 4126.6 4127.16 4127.86 4128.19 4128.62 4129.43 4130.19 4130.17 4130.44 4131.58 4132.99 4133.97 4135.21 4137.09 4139.07 4134.24 4130.2 4128.93 4131.8 4135.33 4137.98 4133.96 4134.95 4133.05 4136.81 4141.4 4145.34 4147.23 4145.71 4137.25 4131.03 4127.09 4125.74 4126.16 4128.93 4133.38 4135.07 4133.83 4132.96 4134.08 4130.77 4132.22 4132.09 4132.08 4132.68 4132.96 4133.16 4132.79 4132.9 4132.46 4131.4
4124.81 4123.91 4123.36 4123.64 4123.97 4124.31 4124.74 4125.43 4125.81 4126.07 4126.27 4126.96 4127.72 4126.81 4125.69 4126.94 4128.07 4127.43 4127.05 4127.87 4127.94 4128.69 4130.27 4130.81 4131.39 4133.72 4134.51 4134.75 4135.27 4135.53 4134.38 4131.92 4129.75 4129.67 4131.15 4133.84 4136.58 4138.57 4132.7 4131.38 4134.85 4139.46 4144.79 4149.69 4151.45 4143.12 4131.02 4125.39 4124.19 4127.56 4132.4 4135.63 4137.2 4133.7 4130.74 4136.61 4136.15 4135.14 4132.98 4132.72 4133.25 4133.5 4133.67 4133.58 4132.87 4132.64 4132.1
4124.48 4124.11 4124.01 4124.33 4124.69 4125.36 4126.12 4126.58 4126.98 4126.93 4126.77 4126.63 4126.33 4125.53 4124.62 4127.53 4129.44 4127.98 4126.75 4128.67 4131.7 4131.86 4131.64 4131.5 4131.39 4129.65 4133.04 4134.62 4134.66 4133.59 4130.32 4130 4129.74 4132.3 4134.28 4132.11 4130.37 4131.54 4131.79 4132.24 4135.28 4139.39 4144.35 4150.31 4152.07 4130.05 4128.69 4125.99 4124.63 4125.69 4132.8 4134.96 4135.44 4132.43 4129.64 4130.56 4130.16 4129.13 4130.95 4131.82 4133.13 4134.36 4135.52 4135.85 4134.49 4134.36 4133.91
4124.36 4124.32 4124.17 4124.59 4125.15 4126.11 4127.01 4127.96 4128.55 4128.17 4127.31 4126.44 4125.55 4124.9 4124.85 4127.51 4130.09 4128.16 4129.06 4130.19 4130.01 4131.05 4132.66 4134.48 4131.35 4132.89 4135.71 4135.58 4134.68 4133.65 4133.28 4131.04 4129.15 4128.95 4133.27 4133.44 4132.09 4130.76 4132.47 4132.52 4134.21 4136.84 4139.9 4142.66 4146.24 4134.31 4128.58 4126.12 4124.81 4123.79 4127.87 4129.87 4130.14 4132.04 4130.95 4128.33 4127.13 4129.67 4130.06 4131.38 4132.95 4134.66 4136.61 4138.55 4139.7 4138.28 4136.59
4125.11 4125.05 4125.19 4125.47 4126.46 4127.27 4128.21 4129.28 4130.99 4129.64 4127.96 4126.22 4124.82 4123.66 4124.07 4127.04 4130.07 4128.45 4133.3 4134.16 4128.83 4129.26 4130.73 4130.68 4129.3 4128.25 4136.15 4136.21 4135.89 4134.53 4132.42 4130.07 4129 4128.12 4130.1 4131.42 4132.15 4131.13 4129.59 4130.58 4132.12 4133.41 4134.06 4132.58 4128.39 4129.59 4128.43 4130.11 4126.37 4125.58 4128.99 4130.94 4131.05 4133.02 4133.9 4131.02 4127.86 4127.67 4129.64 4131.23 4132.94 4134.95 4136.95 4140.44 4143.5 4140.05 4137.26
4127.48 4125.79 4125.39 4125.69 4126.11 4127.29 4128.18 4128.51 4127.32 4128.96 4127.87 4126.84 4125.1 4123.68 4123.45 4126.74 4128.69 4135.45 4162.09 4142.3 4130.3 4129.42 4130.7 4130.28 4129.59 4129.72 4134.07 4136.53 4137.92 4137.63 4133.12 4129.98 4132.67 4132.82 4133.6 4136.32 4136.35 4134 4130.17 4130.12 4130.83 4130.81 4130.09 4127.88 4126.02 4126.73 4126.61 4125.91 4126.52 4127.06 4129.94 4132.53 4133.27 4133.28 4132.14 4127.28 4127.5 4128.31 4129.45 4131.35 4132.84 4134.49 4136.11 4137.45 4139.14 4137.5 4134.65
4126.19 4125.89 4125.66 4126.18 4126.77 4127.5 4127.87 4128.5 4129.15 4129.05 4128.89 4128.37 4126.88 4125.21 4124.09 4126.63 4130.27 4130.43 4144.47 4140.72 4131.46 4131.28 4133.3 4135.52 4132.54 4130.37 4133.31 4137.49 4142.28 4145.86 4146.37 4144.7 4142.89 4135.27 4131.79 4131.83 4134.44 4134.13 4132.34 4131.36 4130.13 4129.1 4127.64 4126.13 4126.92 4126.42 4125.77 4125.53 4127.33 4129.74 4132.92 4138.32 4136.67 4133.56 4130.78 4133.44 4128.42 4127.93 4129.12 4130.36 4131.96 4133.46 4134.35 4133.23 4130.3 4133.43 4132.44
4125.1 4125 4125.27 4125.72 4126.68 4127.4 4127.93 4128.6 4129.56 4130.51 4131.29 4130.99 4130.5 4128.56 4125.37 4124.45 4128.09 4131.18 4138.62 4138.46 4133.48 4134.36 4135.52 4136.24 4132.65 4130.07 4129.66 4138.6 4146.67 4155.22 4166.01 4174.91 4158.01 4139.18 4132.99 4134.94 4133.48 4135.22 4135.71 4131.97 4129.45 4127.44 4126.54 4126.72 4127.55 4126.47 4125.58 4125.88 4127.85 4131.25 4137.21 4139.01 4136.34 4133.73 4131.54 4129.78 4129.7 4129 4129.64 4130.9 4132.25 4133.32 4134.24 4135.88 4136.18 4133.15 4132.11
4124.2 4124.09 4124.96 4125.86 4126.56 4126.81 4127.29 4127.7 4129.3 4131.01 4132.6 4134.25 4135.2 4135.72 4134.36 4121.51 4128.87 4139.92 4145.59 4144.91 4142.3 4139 4137.23 4135.7 4134.21 4133.58 4137.38 4142.67 4149.89 4159.33 4171.77 4182.07 4166.36 4148.25 4131.69 4130.91 4135.76 4136.54 4133.15 4130.12 4128.09 4126.65 4126.25 4126.12 4126.48 4126.14 4125.23 4125.98 4128.71 4130.78 4129.93 4130.22 4132.92 4131.82 4129.49 4130.95 4129.65 4129.05 4129.46 4130.96 4132.54 4133.62 4133.99 4132.32 4132.26 4132.16 4131.73
4123.84 4124.1 4125.01 4125.76 4126.21 4126.65 4126.96 4126.06 4127.87 4130.99 4133.98 4136.55 4139.18 4139.99 4137.56 4126.48 4132.65 4141.51 4142.49 4144.58 4143.69 4139.8 4137.65 4135.7 4134.6 4136.02 4140.47 4145.3 4150.33 4156.18 4162.14 4165.73 4162.38 4161.76 4157.85 4132.79 4138.28 4135.89 4129.39 4128.02 4126.99 4126.09 4125.63 4125.48 4126.88 4125.75 4124.67 4127.11 4131.62 4134.05 4131.94 4131.73 4132.26 4133.03 4130.61 4129.58 4127.39 4128.41 4129.48 4130.7 4132.1 4133.77 4134.99 4134.18 4132.47 4130.95 4128.51
4124.65 4124.89 4125.46 4126.09 4126.68 4126.73 4126.3 4127.81 4129.53 4132.35 4135.69 4139.34 4142.9 4145.6 4142.77 4130.52 4136.47 4140.33 4136.46 4135.75 4137.31 4138.36 4137.82 4136.88 4133.47 4136.12 4140.77 4144.72 4148.01 4149.62 4148.74 4144.67 4150.56 4161.59 4167.15 4138.08 4134.89 4132.96 4128.85 4126.96 4125.92 4125.54 4125.25 4125.27 4127.29 4125.27 4124.42 4128.96 4136.35 4142.9 4144.63 4139.93 4131.62 4131.89 4127.78 4127.77 4127.45 4128.48 4129.36 4130.53 4131.86 4133.71 4136.3 4141.49 4135.93 4129.87 4125.86
4125.69 4125.89 4126.01 4126.52 4127.16 4127.71 4126.76 4128.44 4130.43 4133.38 4137.48 4141.68 4145.99 4152.31 4161.47 4154.75 4147.07 4138.13 4143.18 4138.9 4137.72 4138.08 4138.33 4137.75 4136.34 4139.32 4143.12 4145.9 4145.79 4143.21 4139.75 4135.06 4140.71 4150.85 4154.01 4150.88 4139.61 4131.68 4128 4126.5 4125.63 4125.33 4125.87 4127.19 4126.4 4124.75 4124.92 4131.51 4142.16 4154.66 4165.4 4142.98 4128.09 4128.36 4130.32 4128.36 4128.68 4128.29 4128.98 4130.24 4131.38 4132.32 4133.08 4131.29 4130.77 4126.94 4123.17
4125.24 4125.57 4125.77 4126.78 4127.97 4127.62 4127.7 4126.83 4130.35 4134.2 4138.09 4141.86 4146.99 4151.99 4159.73 4171.15 4160.61 4140.67 4144.16 4142.71 4139.46 4139.69 4140.56 4140.03 4139.58 4142.84 4146.84 4148.35 4143.09 4138.74 4135.51 4133.63 4136.33 4142.35 4146.57 4143.35 4133.99 4131.96 4129.83 4128.15 4126.87 4126.07 4125.99 4127.2 4126.41 4124.21 4124.08 4132.66 4144.93 4159.96 4178 4162.64 4133.8 4125.27 4126.6 4126.63 4126.43 4127.36 4128.82 4130.23 4131.37 4131.23 4129.87 4128.23 4126.27 4123.58 4120.9
4124.03 4123.23 4125.15 4127.04 4128.87 4130.8 4132.68 4130.35 4134.35 4136.5 4138.11 4139.02 4142.03 4143.72 4143.31 4143.32 4150.29 4143 4135.95 4134.59 4137.85 4141.47 4144.22 4146.63 4145.42 4145.48 4145.24 4143.84 4138.8 4135.56 4133.46 4132.62 4133.85 4136.69 4141.24 4141.21 4144.51 4141.78 4138.21 4132.35 4128.64 4126.71 4125.3 4124.6 4125.83 4124.33 4125.12 4132.98 4143.48 4154.18 4165.24 4184.59 4149.28 4126.67 4125.43 4124.02 4124.4 4126.79 4128.98 4130.7 4131.81 4131.33 4128.46 4125.41 4124.27 4121.72 4118.71
4124.3 4125.49 4126.08 4127.34 4129.21 4131.33 4137.72 4154.4 4139.46 4137.09 4137.29 4138.43 4138.39 4137.57 4134.33 4132 4131.59 4135.06 4133.83 4134.68 4137.61 4141.39 4147.09 4153.29 4152.83 4148.63 4142.83 4134.08 4134.22 4133.45 4132.11 4131.01 4130.95 4132.62 4136.71 4157.15 4167.26 4168.82 4145.52 4133.39 4129.66 4127.21 4125.84 4126.72 4125.71 4124.67 4126.14 4132.58 4140.31 4146.22 4146.08 4152.84 4145.78 4127.86 4123.81 4123.72 4124.28 4126.9 4129.71 4132.28 4133.26 4132.8 4130.92 4127.49 4126.6 4122.64 4118.45
4124.59 4125.48 4126.09 4127.19 4128.61 4130.01 4129.98 4128.43 4134.14 4134.68 4135.01 4134.42 4135.33 4134.43 4132.82 4132.59 4135.52 4143.19 4137.77 4136.14 4138.23 4142.75 4147.62 4153.11 4160.75 4156.5 4144.72 4136.46 4133.33 4132.15 4131.29 4130.22 4130.03 4129.67 4131.05 4139.99 4146.81 4147.3 4141.73 4134.81 4130.8 4127.34 4125.03 4125.6 4126.28 4124.38 4125.47 4132.28 4137.98 4143.29 4150 4135.82 4131.14 4126.47 4124.87 4123.08 4124.31 4127.25 4130.62 4132.43 4134.88 4138.1 4141.38 4139.6 4134.4 4127.01 4118.83
4124.25 4124.62 4125.58 4126.78 4127.79 4128.39 4128.18 4128.79 4130.87 4132.46 4133.2 4133.22 4133.73 4133.23 4132.76 4135.14 4135.41 4142.36 4142.1 4134.54 4140.39 4143.93 4146.73 4147.46 4153.45 4152.93 4143.66 4137.29 4133.58 4131.78 4130.96 4130.5 4129.79 4129.11 4128.74 4129.32 4130.87 4132.57 4136.62 4136.79 4131.39 4127.45 4125.12 4126.23 4129.66 4132.56 4132.77 4133.35 4135.17 4137.74 4139.53 4135.46 4128.99 4124.32 4126.07 4123.53 4124.38 4127.61 4130.42 4133.56 4137.35 4141.53 4147.96 4149.25 4144.96 4138.99 4125.23
4124.54 4125.13 4125.82 4126.56 4127.42 4128.05 4128.29 4129.13 4130.51 4131.71 4132.5 4132.88 4133.06 4133.01 4132.68 4133.1 4131.93 4145.08 4161.44 4152.3 4150.44 4147.91 4146.16 4145.78 4143.06 4139.29 4137.95 4134.32 4132.26 4131.49 4131.02 4130.64 4130.36 4129.13 4128.8 4129.23 4130.47 4131.83 4132.98 4132.06 4129.01 4126.12 4123.99 4126.54 4131.76 4138.86 4139.41 4135.76 4134.47 4133.92 4134.92 4139.14 4135.5 4127.82 4125.78 4126.11 4126.17 4129.03 4132.77 4137.08 4140.67 4142.38 4141.26 4147.58 4154.59 4161.48 4166.9
4125.03 4125.22 4125.64 4126.13 4127.29 4128.68 4131.28 4130.8 4130.4 4130.72 4131.22 4131.58 4131.9 4131.93 4132.78 4133.28 4136.01 4149.92 4170.14 4175.91 4157.54 4149.08 4144.42 4139.9 4136.87 4134.2 4134.5 4133.47 4132.31 4131.45 4131.1 4130.95 4130.88 4129.79 4128.83 4129.07 4130.86 4131.82 4130.98 4129.09 4127.5 4125.77 4125.34 4126.47 4130.14 4134.93 4135.53 4134.21 4133.19 4134.29 4143.69 4163.45 4156.61 4131.52 4125.19 4126.27 4127.6 4131.35 4135.18 4139.98 4144.21 4146.34 4145.5 4151.89 4160.59 4172.28 4186.75
4125.44 4124.59 4123.86 4125.81 4127.15 4128.34 4128.95 4130.49 4130.75 4131.25 4131.62 4131.04 4132.32 4132.41 4132.77 4133.28 4132.25 4140.22 4138.58 4150.68 4148.49 4144.7 4142.12 4140.91 4137.74 4136.22 4134.7 4132.8 4131.38 4131.6 4131.52 4131.32 4131.63 4129.89 4128.73 4128.86 4131.94 4132.78 4130.91 4127.72 4126.55 4125.41 4124.61 4125.91 4127.45 4128.48 4130.28 4130.41 4130.05 4131.37 4141.93 4158.6 4156.43 4129.4 4124.92 4127.27 4129.78 4133.47 4137.34 4141.54 4147.11 4155.67 4162.55 4160.62 4159.8 4160.28 4161.49
4126.27 4125.69 4125.4 4126.23 4127.22 4127.98 4128.07 4129.51 4131.03 4132.2 4133.16 4135.01 4134.91 4134.53 4133.26 4133.55 4139.74 4135.34 4134.13 4131.2 4136.92 4139 4137.69 4135.23 4136.55 4135.53 4135.43 4133.87 4133.38 4131.94 4131.29 4131.02 4130.29 4127.4 4127.84 4128.9 4132.62 4134.11 4131.22 4128.77 4126.26 4125.18 4124.64 4125.01 4126.33 4127.59 4127.99 4127.68 4127.64 4129.38 4139.8 4147.84 4138.19 4129.9 4127.42 4129.79 4132.87 4135.72 4138.07 4140.71 4145.93 4155.97 4172.6 4162.17 4155.75 4145.53 4142.06
4126.94 4126.61 4125.93 4127.13 4127.75 4128.33 4129.1 4130.06 4131.29 4132.73 4134.11 4135.49 4136.03 4136.3 4134.31 4130.51 4132.58 4130.75 4129.63 4132.95 4135.99 4135.29 4134.01 4133.39 4134.76 4137.38 4135.32 4133.64 4132.84 4131.07 4130.41 4130.24 4130.33 4127.86 4129.38 4131.69 4132.96 4133.82 4131.21 4126.93 4124.5 4124.39 4125.38 4125.49 4126.15 4127.44 4127.04 4126.82 4127.33 4130.1 4142.45 4158.8 4160.9 4135.41 4131.52 4132.8 4135.14 4135.97 4138.57 4140.38 4141.19 4140.44 4139.97 4152.51 4155.14 4150.45 4148.3
4127.41 4127.68 4129.39 4128.43 4128.1 4128.26 4129.05 4130.48 4132.13 4133.63 4134.83 4136.07 4137.57 4138.5 4137.77 4132.34 4132.12 4129.18 4129.3 4133.94 4134.66 4132.62 4130.7 4130.44 4132.01 4133 4132.26 4130.66 4128.29 4129.27 4129.12 4128.88 4128.99 4128.18 4130.19 4134.64 4134.06 4135.78 4132.91 4128.13 4125.29 4125.12 4125.36 4125.64 4126.03 4127.33 4128.69 4129.78 4130.54 4133.07 4143.21 4157.39 4155.33 4133.08 4140.72 4140.11 4138.12 4138.05 4139.07 4139.35 4139.09 4137.1 4138.58 4150.26 4161.13 4171.79 4172.08
4127 4127.14 4126.62 4127.27 4127.75 4128.48 4129.44 4130.68 4132.31 4134.03 4136.02 4138.16 4140.23 4142.6 4145.43 4148.16 4134.54 4130.23 4131.49 4132.43 4130.87 4131.1 4129.73 4129.08 4130.33 4128.69 4128.26 4129.05 4129.55 4128.7 4128.05 4127.18 4126.14 4125.56 4128.72 4135.17 4143.9 4141.92 4135.54 4130.11 4126.69 4125.52 4125.86 4125.84 4125.85 4127.6 4130.38 4132.77 4134.53 4135.93 4140.59 4150.68 4182.6 4159.03 4150.63 4143.57 4138.48 4139 4140.42 4142.35 4143.02 4142.52 4145.07 4153.12 4163.89 4178.52 4180.93
4126.16 4126.32 4126.62 4127.15 4127.37 4128.47 4129.67 4131.08 4132.95 4134.78 4136.63 4138.71 4140.98 4143.35 4147.49 4155.57 4140.74 4132.38 4133.18 4133.14 4129.44 4131.77 4134.47 4134.14 4132 4129.66 4128.71 4128.88 4128.66 4128.45 4127.61 4126.27 4125.03 4126.79 4128.48 4133.72 4139.42 4141.28 4135.84 4129.43 4124.42 4123.93 4124.94 4127.6 4128.15 4130.39 4134.58 4137.55 4139.84 4139.71 4136.53 4138.01 4171.7 4171.1 4142.96 4138.19 4138.38 4140.51 4143.17 4147.1 4149.85 4150.19 4152.37 4156.04 4161.08 4166.34 4174.32
4125.48 4125.74 4126.06 4126.57 4126.94 4128.03 4129.27 4131.15 4133.22 4135.26 4137.52 4139.43 4141 4142.08 4141.25 4134.86 4135.72 4131.81 4132.94 4133.2 4127.37 4133.16 4139.62 4138.69 4134.54 4131.55 4130 4129.91 4129.65 4129.48 4128.29 4126.39 4125.19 4126.83 4128.7 4134.23 4138.77 4139.72 4134.73 4129.01 4124.11 4123.58 4126.07 4131.71 4139.26 4139.3 4138.87 4140.5 4144.18 4143.94 4134.62 4128.57 4142.88 4164.63 4141.22 4134.57 4136.62 4140.07 4145.13 4151.09 4158.63 4165.77 4163.23 4159.64 4157.62 4158.7 4168.3
4124.61 4124.86 4124.9 4125.26 4126.38 4127.18 4128.97 4131.49 4133.73 4135.93 4137.93 4139.97 4141.36 4141.62 4140.03 4135.91 4132.46 4129.28 4129.69 4127.81 4126.07 4132.24 4143.64 4139.64 4134.86 4131.96 4131.12 4131.27 4133.56 4133.3 4129.81 4126.71 4124.72 4126.89 4129.12 4132.83 4142.09 4136.91 4133.57 4128.95 4125.6 4123.14 4127.21 4134.83 4141.45 4142.37 4140.84 4139.85 4140.92 4139.75 4132.95 4130.41 4129.69 4133.57 4131.05 4133.35 4136.66 4141.54 4147.27 4153.96 4162.51 4174.56 4168.41 4161.33 4157.23 4155.75 4165.67
4124.24 4124.37 4124.75 4125.57 4126.22 4128.06 4129.62 4132.05 4134.26 4136.31 4137.82 4139.77 4140.8 4141.89 4141.32 4140.41 4136.54 4133.4 4130.33 4129.02 4126.31 4127.61 4128.88 4132.78 4133.06 4131.37 4129.55 4131.69 4134.1 4133.39 4130.23 4127.04 4125.28 4127.32 4131.27 4134.56 4138.87 4136.26 4133.71 4129.52 4123.37 4122.83 4128.47 4137.26 4145.02 4143.34 4139.79 4135.83 4129.9 4128.51 4129.02 4127.69 4126.48 4124 4131.27 4134.96 4138.41 4143.28 4148.36 4154.27 4159.12 4160.72 4162.94 4160.2 4158.36 4161.39 4165.9
4124.72 4124.4 4124.41 4124.96 4125.75 4127.08 4130.1 4132.73 4135.97 4138.34 4140.22 4141.4 4141.48 4142.04 4141.97 4140.39 4138.76 4135.58 4130.34 4127.14 4126.55 4124.56 4124.88 4130.49 4133.86 4133.44 4131.18 4133.25 4135.41 4134.29 4131.03 4127.39 4125.9 4126.95 4130.77 4136.06 4136.35 4135.92 4137.54 4135.2 4128.96 4125.25 4131.81 4136.59 4140.39 4139.79 4137.23 4133.41 4128.23 4125.87 4126.34 4128.43 4126.56 4126.12 4134.43 4137.98 4142.39 4146.75 4149.36 4153.1 4156.58 4158.86 4158.55 4157.7 4157.07 4159.31 4164.24
4125.88 4125.4 4124.4 4123.49 4126.03 4130.16 4132.25 4134.81 4137.18 4138.8 4139.81 4140.65 4141.01 4142.15 4143.63 4143.08 4139.61 4137.64 4131.94 4128.2 4125.58 4123.09 4125.62 4134.21 4140.6 4141.59 4135.83 4140.18 4141.86 4138.01 4131.76 4127.71 4125.57 4126.83 4129.7 4134.21 4137.54 4136.48 4147.57 4147.48 4144.62 4142.97 4142.72 4138.46 4133.4 4136.27 4135.76 4133.69 4132.58 4127.77 4124.83 4125.23 4123.79 4124.71 4133.43 4138.64 4142.67 4146.88 4150.04 4152.45 4153.58 4154.26 4155.4 4155.37 4155.35 4157.43 4161.6
