real_craters/C150-750m.grd
DSAA
131 131
-48.755 48.755
-48.755 48.755
2865.8845762597 4997.4753456762
[rows 76 to 113 of 131, columns 0 to 83 of 131]
4128 4127 4128 4128 4128 4128 4127 4126 4124 4126 4127 4128 4127 4126 4128 4130 4131 4129 4131 4145 4168 4176 4188 4194 4198 4200 4198 4190 4180 4177 4178 4181 4184 4185 4182 4176 4180 4186 4193 4206 4219 4220 4223 4221 4218 4229 4240 4267 4398 4383 4142 4053 3988 4074 4089 4067 4001 3886 3751 3543 3385 3327 3259 3168 3122 3114 3119 3138 3167 3185 3208 3228 3241 3367 3397 3414 3449 3510 3545 3684 4224 4558 4561 4544
4127 4126 4127 4127 4127 4127 4126 4125 4124 4124 4125 4126 4127 4127 4129 4133 4135 4136 4139 4146 4160 4172 4180 4186 4192 4197 4193 4188 4186 4183 4183 4184 4186 4189 4188 4188 4184 4185 4186 4189 4196 4212 4214 4209 4207 4217 4236 4279 4375 4412 4387 4200 4011 4200 4360 4335 4186 4045 3978 3926 3692 3548 3443 3337 3228 3148 3151 3182 3225 3245 3255 3263 3314 3387 3429 3465 3500 3554 3705 4067 4499 4703 4642 4585
4128 4129 4127 4127 4127 4127 4127 4126 4125 4125 4124 4125 4128 4132 4137 4140 4137 4136 4140 4143 4154 4168 4178 4183 4187 4187 4190 4189 4184 4187 4187 4186 4185 4186 4185 4183 4183 4183 4183 4183 4189 4209 4207 4203 4212 4220 4241 4284 4371 4434 4509 4469 4395 4433 4551 4500 4299 4106 3981 4018 4022 3774 3637 3549 3405 3259 3244 3273 3316 3343 3317 3326 3371 3443 3526 3588 3690 3819 4067 4546 4561 4583 4595 4586
4129 4128 4127 4126 4126 4127 4127 4126 4126 4126 4126 4127 4133 4151 4162 4148 4138 4135 4136 4134 4148 4166 4184 4195 4185 4182 4191 4196 4192 4194 4191 4187 4183 4178 4178 4180 4181 4181 4182 4184 4189 4190 4191 4196 4202 4215 4238 4271 4298 4354 4369 4460 4568 4555 4595 4535 4326 4090 3843 3782 3807 3817 3752 3683 3565 3385 3389 3409 3421 3413 3393 3467 3604 3685 3735 3833 4082 4283 4452 4553 4481 4474 4507 4501
4128 4127 4127 4128 4127 4127 4127 4128 4129 4130 4131 4130 4137 4155 4166 4147 4135 4133 4135 4135 4142 4162 4186 4205 4195 4189 4198 4212 4214 4204 4196 4188 4180 4174 4174 4179 4180 4180 4181 4179 4181 4180 4184 4191 4200 4214 4229 4263 4317 4328 4327 4337 4424 4520 4557 4505 4332 4106 3901 3818 3817 3840 3822 3771 3646 3562 3574 3585 3575 3569 3657 3836 3972 3961 4055 4210 4517 4771 4641 4540 4504 4464 4438 4400
4128 4128 4128 4130 4129 4128 4127 4129 4131 4131 4136 4145 4145 4142 4134 4136 4133 4135 4140 4131 4136 4154 4174 4198 4190 4188 4197 4219 4226 4207 4197 4188 4180 4175 4178 4176 4179 4182 4184 4188 4194 4192 4191 4190 4194 4207 4237 4274 4313 4320 4333 4367 4408 4462 4490 4475 4351 4197 3957 3865 3871 3946 3965 3930 3871 3884 3806 3831 3790 3847 4112 4266 4262 4235 4362 4582 4740 4775 4548 4475 4456 4444 4405 4364
4130 4129 4130 4133 4135 4132 4129 4135 4137 4142 4138 4139 4140 4136 4130 4129 4129 4134 4139 4130 4133 4145 4154 4145 4137 4168 4182 4188 4195 4196 4191 4185 4180 4172 4163 4171 4179 4184 4188 4191 4194 4189 4185 4188 4195 4207 4226 4263 4295 4309 4327 4373 4397 4404 4397 4353 4378 4393 4378 4173 4092 4141 4192 4244 4343 4395 4245 4231 4100 4121 4321 4284 4279 4403 4534 4698 4687 4565 4451 4446 4485 4430 4383 4337
4130 4130 4131 4137 4145 4154 4153 4146 4141 4137 4137 4132 4137 4136 4129 4130 4133 4131 4134 4132 4135 4146 4150 4149 4169 4168 4175 4177 4182 4185 4186 4180 4176 4173 4175 4174 4179 4185 4193 4199 4189 4182 4179 4187 4200 4219 4235 4246 4265 4286 4301 4309 4334 4346 4352 4350 4406 4504 4628 4629 4465 4387 4440 4592 4762 4777 4810 4631 4513 4545 4663 4613 4622 4575 4563 4598 4547 4433 4384 4392 4397 4387 4354 4323
4131 4130 4131 4138 4148 4162 4166 4155 4148 4141 4142 4143 4145 4149 4149 4147 4135 4128 4129 4133 4147 4161 4164 4165 4179 4177 4178 4179 4181 4183 4180 4176 4173 4172 4171 4175 4180 4186 4193 4201 4198 4180 4176 4184 4200 4222 4223 4231 4243 4263 4281 4298 4305 4315 4327 4354 4394 4447 4487 4516 4516 4499 4554 4648 4647 4668 4649 4573 4643 4678 4638 4712 4684 4564 4478 4400 4361 4366 4357 4356 4367 4343 4321 4290
4127 4127 4129 4136 4146 4155 4157 4155 4153 4156 4154 4149 4152 4161 4182 4165 4135 4127 4130 4165 4192 4181 4178 4180 4182 4181 4183 4186 4183 4180 4176 4173 4169 4165 4168 4175 4178 4182 4186 4184 4170 4167 4163 4176 4190 4199 4202 4219 4233 4249 4264 4273 4269 4275 4292 4326 4355 4381 4389 4420 4468 4496 4528 4593 4583 4566 4446 4433 4490 4647 4764 4769 4587 4414 4378 4340 4316 4319 4326 4303 4311 4306 4298 4285
4126 4127 4127 4132 4139 4150 4150 4148 4149 4150 4149 4151 4152 4154 4155 4147 4138 4134 4132 4167 4184 4183 4182 4184 4171 4176 4182 4188 4183 4177 4173 4170 4166 4162 4164 4168 4173 4178 4181 4179 4164 4160 4166 4174 4187 4196 4197 4211 4224 4234 4240 4236 4236 4251 4274 4303 4337 4383 4399 4422 4437 4448 4437 4378 4426 4483 4469 4447 4462 4504 4582 4588 4366 4306 4321 4329 4342 4319 4292 4242 4248 4275 4279 4276
4126 4127 4126 4128 4129 4126 4134 4139 4139 4135 4140 4146 4147 4143 4136 4131 4143 4158 4171 4166 4164 4174 4176 4177 4171 4173 4177 4181 4178 4175 4172 4167 4164 4161 4158 4159 4166 4173 4178 4185 4175 4164 4159 4171 4189 4204 4219 4219 4220 4223 4221 4213 4213 4230 4255 4285 4315 4345 4367 4399 4403 4410 4407 4386 4390 4390 4409 4432 4429 4458 4498 4450 4329 4336 4315 4311 4308 4298 4274 4230 4253 4258 4248 4245
4126 4126 4125 4126 4127 4128 4130 4132 4134 4135 4142 4146 4143 4138 4131 4143 4176 4179 4177 4172 4172 4169 4170 4169 4173 4173 4171 4172 4173 4172 4170 4167 4163 4164 4159 4158 4162 4169 4175 4177 4174 4170 4171 4180 4193 4207 4199 4208 4210 4213 4215 4199 4189 4210 4236 4261 4284 4311 4339 4337 4371 4392 4412 4424 4359 4334 4345 4395 4400 4381 4398 4378 4356 4339 4310 4295 4287 4286 4282 4267 4250 4234 4218 4220
4126 4127 4126 4126 4127 4128 4129 4129 4130 4132 4136 4140 4142 4143 4144 4170 4205 4190 4182 4172 4163 4165 4168 4167 4178 4178 4171 4168 4172 4172 4170 4166 4160 4152 4150 4148 4158 4168 4175 4172 4174 4173 4176 4181 4188 4192 4159 4175 4191 4199 4207 4190 4179 4200 4223 4243 4258 4274 4328 4344 4356 4373 4383 4342 4301 4271 4304 4346 4369 4337 4358 4293 4300 4286 4286 4282 4279 4275 4272 4251 4232 4220 4213 4216
4127 4128 4128 4127 4128 4128 4128 4128 4128 4129 4132 4138 4143 4151 4166 4188 4201 4189 4178 4175 4171 4170 4173 4180 4186 4189 4185 4179 4175 4174 4172 4169 4161 4149 4148 4145 4160 4172 4183 4193 4182 4180 4177 4180 4184 4174 4153 4164 4176 4182 4183 4186 4193 4198 4213 4231 4246 4273 4292 4333 4337 4342 4335 4314 4280 4268 4310 4363 4368 4337 4320 4290 4270 4271 4277 4271 4265 4261 4258 4245 4227 4223 4231 4226
4128 4127 4129 4129 4128 4128 4128 4127 4127 4127 4128 4134 4142 4155 4177 4198 4202 4193 4188 4183 4180 4178 4176 4181 4203 4204 4187 4182 4180 4180 4177 4175 4173 4171 4164 4167 4169 4179 4186 4185 4179 4168 4176 4189 4184 4180 4174 4171 4169 4169 4164 4173 4185 4191 4207 4226 4244 4247 4268 4300 4312 4310 4295 4282 4292 4304 4321 4334 4348 4341 4311 4295 4284 4301 4284 4262 4251 4254 4244 4226 4218 4214 4227 4223
4128 4126 4128 4127 4126 4127 4127 4126 4126 4126 4127 4132 4140 4151 4174 4205 4211 4210 4199 4189 4183 4179 4175 4178 4197 4201 4189 4186 4185 4182 4181 4182 4185 4188 4179 4170 4178 4185 4192 4193 4176 4166 4167 4169 4174 4173 4163 4160 4162 4165 4166 4166 4168 4183 4204 4226 4248 4257 4257 4281 4292 4292 4289 4269 4289 4317 4321 4312 4304 4304 4285 4277 4281 4283 4276 4262 4252 4252 4256 4229 4220 4212 4217 4217
4126 4125 4126 4123 4125 4127 4127 4128 4127 4126 4127 4131 4135 4140 4147 4168 4210 4223 4202 4188 4177 4172 4176 4185 4198 4205 4202 4194 4189 4187 4187 4188 4189 4189 4187 4187 4189 4192 4196 4193 4178 4161 4163 4167 4170 4171 4165 4157 4155 4161 4170 4163 4162 4178 4200 4222 4242 4250 4253 4265 4276 4285 4289 4279 4271 4289 4297 4258 4267 4252 4258 4251 4255 4265 4268 4262 4251 4246 4249 4248 4231 4218 4211 4212
4125 4124 4125 4122 4124 4127 4129 4131 4132 4129 4129 4133 4132 4128 4124 4139 4188 4183 4188 4184 4177 4173 4182 4191 4203 4212 4212 4198 4193 4192 4191 4191 4190 4189 4189 4189 4188 4193 4197 4195 4185 4178 4172 4171 4164 4160 4157 4147 4147 4147 4150 4161 4169 4182 4199 4214 4230 4241 4241 4253 4264 4273 4280 4277 4278 4282 4277 4286 4270 4244 4221 4234 4214 4246 4257 4258 4245 4232 4241 4236 4231 4223 4212 4211
4126 4125 4126 4125 4125 4128 4131 4136 4139 4139 4138 4145 4134 4126 4122 4148 4189 4173 4178 4181 4182 4185 4192 4198 4208 4211 4200 4197 4195 4194 4194 4194 4192 4191 4190 4186 4187 4192 4196 4193 4187 4182 4174 4159 4152 4151 4148 4144 4144 4146 4154 4165 4177 4190 4201 4206 4204 4209 4226 4241 4251 4258 4262 4257 4253 4267 4275 4262 4251 4241 4220 4220 4223 4224 4227 4231 4228 4232 4249 4239 4229 4216 4214 4210
4126 4126 4126 4124 4123 4128 4132 4138 4147 4161 4162 4147 4137 4131 4133 4161 4194 4176 4176 4179 4187 4200 4189 4188 4202 4215 4198 4197 4196 4195 4195 4197 4196 4195 4193 4192 4192 4190 4188 4187 4184 4178 4168 4157 4153 4154 4148 4146 4144 4144 4155 4173 4191 4204 4207 4204 4198 4180 4227 4231 4235 4242 4249 4241 4232 4256 4270 4248 4219 4253 4248 4235 4239 4223 4216 4215 4214 4217 4236 4221 4220 4220 4215 4212
4126 4124 4127 4126 4127 4128 4132 4136 4144 4158 4160 4146 4143 4137 4136 4158 4193 4181 4172 4171 4175 4183 4148 4158 4187 4210 4201 4198 4195 4194 4196 4199 4209 4200 4193 4188 4184 4184 4188 4183 4179 4173 4167 4159 4158 4157 4148 4149 4148 4150 4162 4181 4204 4222 4214 4207 4195 4178 4202 4215 4222 4226 4226 4237 4244 4248 4247 4228 4232 4216 4232 4228 4216 4207 4200 4200 4200 4205 4216 4215 4218 4212 4216 4212
4127 4126 4126 4126 4126 4128 4131 4134 4135 4131 4143 4158 4151 4142 4137 4147 4155 4158 4158 4157 4154 4141 4129 4143 4169 4197 4202 4197 4195 4194 4194 4193 4192 4193 4190 4184 4176 4180 4176 4178 4174 4168 4160 4160 4161 4158 4158 4154 4154 4160 4169 4185 4202 4215 4212 4210 4214 4204 4190 4204 4213 4216 4218 4230 4240 4235 4225 4212 4207 4218 4222 4215 4199 4190 4182 4187 4191 4199 4210 4201 4206 4224 4219 4211
4127 4127 4127 4127 4127 4129 4130 4132 4132 4132 4145 4167 4155 4145 4140 4143 4145 4148 4148 4147 4140 4131 4127 4139 4155 4169 4188 4190 4190 4192 4190 4186 4179 4186 4189 4187 4184 4188 4187 4180 4173 4165 4159 4159 4153 4151 4153 4156 4161 4166 4173 4182 4190 4194 4201 4202 4201 4199 4193 4201 4209 4214 4217 4218 4221 4221 4215 4215 4206 4218 4203 4201 4190 4180 4173 4173 4181 4193 4212 4208 4204 4208 4211 4204
4126 4128 4127 4126 4129 4129 4130 4131 4133 4137 4142 4144 4145 4142 4143 4142 4145 4142 4140 4139 4134 4129 4130 4139 4152 4162 4176 4183 4187 4189 4190 4188 4185 4189 4191 4193 4200 4198 4195 4185 4176 4167 4159 4166 4165 4151 4150 4164 4168 4172 4175 4180 4183 4184 4195 4205 4208 4219 4210 4206 4207 4210 4214 4214 4215 4214 4208 4199 4206 4204 4207 4194 4179 4168 4168 4168 4171 4177 4196 4203 4194 4190 4196 4195
4128 4129 4129 4131 4130 4129 4129 4130 4132 4134 4135 4134 4135 4136 4135 4137 4139 4137 4138 4137 4134 4129 4130 4143 4154 4163 4164 4175 4181 4185 4187 4193 4198 4193 4193 4194 4195 4195 4193 4187 4179 4172 4167 4174 4172 4158 4156 4157 4167 4178 4177 4179 4182 4185 4196 4212 4224 4227 4215 4205 4202 4206 4212 4213 4210 4207 4206 4184 4200 4183 4205 4191 4173 4162 4163 4161 4163 4166 4180 4187 4191 4178 4185 4187
4130 4131 4129 4127 4126 4128 4129 4129 4130 4132 4131 4130 4131 4134 4136 4135 4135 4144 4141 4139 4139 4138 4152 4153 4156 4160 4169 4171 4173 4177 4180 4187 4191 4191 4191 4192 4193 4194 4194 4190 4183 4176 4173 4179 4169 4155 4156 4158 4161 4167 4175 4178 4181 4185 4189 4199 4202 4205 4202 4194 4191 4195 4203 4216 4202 4188 4182 4179 4179 4187 4193 4187 4174 4166 4157 4157 4158 4163 4169 4166 4169 4170 4179 4181
4136 4130 4127 4127 4128 4128 4128 4128 4128 4128 4131 4133 4135 4135 4138 4141 4141 4141 4140 4142 4146 4156 4161 4156 4157 4161 4172 4171 4168 4167 4166 4171 4177 4180 4186 4191 4194 4197 4200 4193 4185 4177 4172 4170 4160 4154 4155 4160 4171 4177 4177 4179 4179 4176 4176 4173 4163 4177 4183 4181 4176 4175 4185 4183 4177 4161 4152 4175 4172 4187 4192 4181 4169 4160 4169 4154 4152 4154 4155 4155 4157 4160 4170 4170
4128 4128 4127 4128 4128 4128 4128 4127 4127 4128 4132 4136 4138 4134 4136 4150 4156 4134 4137 4142 4147 4152 4143 4148 4159 4167 4177 4163 4158 4155 4150 4144 4154 4170 4181 4192 4202 4211 4210 4198 4186 4175 4165 4156 4151 4150 4155 4156 4164 4178 4180 4181 4181 4178 4172 4174 4165 4167 4170 4169 4165 4165 4170 4166 4158 4145 4143 4164 4164 4177 4185 4175 4162 4157 4154 4148 4146 4142 4152 4150 4150 4153 4156 4158
4127 4128 4128 4129 4128 4128 4127 4127 4127 4129 4132 4136 4135 4136 4137 4144 4143 4135 4135 4139 4144 4148 4141 4139 4144 4149 4139 4145 4148 4145 4138 4139 4146 4161 4177 4192 4209 4232 4215 4198 4183 4170 4156 4144 4152 4157 4161 4166 4169 4172 4176 4180 4184 4190 4189 4157 4157 4161 4164 4165 4165 4167 4162 4157 4149 4142 4146 4156 4166 4170 4172 4164 4153 4145 4146 4150 4145 4139 4138 4146 4157 4156 4155 4154
4126 4128 4129 4129 4130 4129 4128 4127 4127 4129 4132 4136 4140 4140 4143 4145 4144 4138 4134 4135 4138 4137 4133 4130 4128 4132 4140 4142 4140 4138 4134 4129 4140 4156 4172 4188 4203 4210 4207 4195 4181 4166 4155 4148 4157 4165 4166 4168 4169 4169 4172 4177 4182 4186 4184 4168 4158 4160 4161 4163 4166 4160 4152 4147 4144 4140 4146 4156 4161 4170 4158 4152 4146 4140 4142 4145 4142 4139 4136 4142 4158 4162 4156 4153
4126 4127 4129 4131 4130 4128 4127 4127 4128 4129 4131 4133 4134 4140 4152 4167 4158 4139 4133 4135 4136 4134 4129 4127 4129 4130 4135 4136 4134 4133 4130 4130 4140 4154 4169 4183 4197 4201 4200 4190 4177 4168 4161 4169 4169 4163 4167 4168 4158 4161 4166 4172 4176 4178 4177 4166 4163 4159 4159 4160 4160 4153 4145 4142 4143 4143 4139 4146 4158 4157 4146 4142 4141 4143 4142 4130 4135 4138 4134 4138 4149 4154 4153 4151
4125 4128 4130 4130 4129 4127 4127 4128 4127 4129 4130 4131 4133 4132 4152 4180 4172 4148 4140 4142 4137 4133 4132 4132 4126 4126 4127 4128 4130 4131 4132 4138 4142 4152 4164 4177 4192 4208 4196 4182 4173 4167 4164 4176 4179 4165 4166 4173 4171 4157 4161 4166 4170 4173 4171 4164 4161 4157 4156 4156 4154 4149 4145 4143 4144 4144 4133 4150 4168 4159 4139 4136 4136 4133 4134 4133 4131 4130 4133 4136 4142 4151 4153 4151
4132 4131 4130 4127 4129 4128 4128 4128 4129 4129 4129 4128 4127 4127 4148 4166 4178 4174 4169 4157 4143 4131 4130 4126 4125 4124 4125 4125 4127 4129 4130 4135 4143 4151 4159 4166 4171 4172 4172 4171 4168 4166 4165 4168 4173 4154 4163 4175 4171 4160 4161 4164 4167 4170 4173 4162 4156 4154 4153 4153 4153 4152 4149 4147 4147 4146 4137 4150 4141 4137 4136 4135 4135 4135 4136 4135 4133 4134 4135 4135 4135 4148 4149 4154
4128 4127 4129 4128 4129 4128 4128 4129 4130 4129 4128 4127 4125 4126 4152 4180 4186 4193 4194 4165 4152 4143 4130 4124 4126 4125 4124 4125 4128 4131 4131 4134 4143 4151 4156 4158 4157 4154 4158 4162 4165 4167 4168 4171 4175 4161 4164 4177 4177 4163 4159 4161 4163 4165 4165 4156 4154 4152 4152 4151 4149 4151 4153 4151 4147 4141 4135 4132 4127 4134 4134 4136 4136 4138 4146 4136 4131 4135 4143 4146 4133 4141 4141 4130
4126 4127 4128 4128 4129 4127 4127 4128 4129 4129 4128 4124 4124 4126 4152 4181 4178 4174 4164 4156 4143 4134 4128 4126 4125 4125 4125 4125 4131 4136 4141 4144 4147 4151 4156 4159 4156 4154 4155 4161 4167 4172 4175 4178 4180 4165 4163 4170 4167 4157 4157 4157 4158 4159 4160 4157 4153 4154 4154 4155 4153 4154 4154 4153 4150 4148 4132 4129 4132 4133 4136 4138 4140 4141 4142 4136 4133 4137 4146 4147 4134 4138 4139 4135
4126 4126 4127 4128 4127 4126 4126 4128 4128 4129 4129 4127 4125 4126 4133 4142 4158 4160 4141 4145 4131 4126 4126 4126 4124 4126 4130 4136 4139 4141 4142 4147 4151 4154 4157 4162 4173 4165 4159 4164 4170 4175 4176 4172 4163 4159 4162 4164 4164 4164 4159 4156 4153 4152 4153 4157 4160 4157 4157 4160 4165 4163 4156 4156 4151 4142 4134 4126 4130 4130 4134 4140 4146 4147 4138 4135 4131 4136 4142 4143 4133 4135 4138 4138
4125 4126 4128 4126 4126 4126 4128 4130 4131 4130 4129 4128 4127 4127 4127 4132 4142 4147 4160 4139 4128 4124 4124 4125 4124 4129 4134 4138 4142 4147 4151 4152 4152 4153 4153 4155 4160 4162 4161 4166 4172 4177 4177 4169 4155 4159 4165 4174 4167 4166 4156 4152 4150 4148 4147 4154 4156 4158 4160 4162 4168 4172 4171 4161 4153 4143 4131 4128 4130 4129 4137 4145 4153 4155 4145 4138 4135 4135 4138 4139 4134 4136 4137 4141
