real_craters/C150-500m.grd
DSAA
196 196
-48.755 48.755
-48.755 48.755
2861.9002569714 5000.7503201354
[rows 90 to 119 of 196, columns 0 to 66 of 196]
4121.45 4121.3 4121.45 4121.61 4121.96 4122.08 4122.31 4122.58 4122.57 4121.91 4123.34 4123.84 4124.57 4124.7 4123.7 4123.23 4125.03 4129.69 4133.81 4142.64 4156.97 4180.13 4183.26 4192.91 4200.9 4208.32 4215.03 4217.5 4217.56 4211.65 4204.8 4201.57 4200.47 4195.02 4192 4190.03 4188.13 4187.9 4187.69 4190.71 4195.46 4190.73 4182.13 4173.96 4166.56 4159.73 4160.9 4166.89 4174.25 4182.4 4192.71 4204.37 4216.13 4229.85 4247.24 4271.95 4279.87 4281.56 4291.76 4308.07 4324.68 4343.94 4367.23 4392.78 4399.08 4421.84 4448.46
4121.01 4121.25 4121.53 4121.81 4121.84 4122.12 4122.5 4122.93 4123.45 4124.9 4124 4123.87 4125.11 4125.4 4123.91 4123.59 4124.8 4127.45 4134.71 4143.33 4153.58 4168.64 4177.25 4186.28 4195.45 4204.47 4212.13 4219.63 4225.98 4221.15 4214.71 4212.25 4210.45 4203.56 4199.31 4195.08 4191.79 4190.34 4189.79 4193.35 4198.34 4194.59 4187.37 4179.95 4173.04 4165.67 4164.8 4169.05 4175.55 4184.94 4195.86 4208.38 4222.06 4237.08 4257.51 4275.82 4294 4303.12 4312.45 4321.61 4336.45 4355.58 4379.72 4408.22 4410.62 4426.95 4452.6
4120.7 4120.97 4121.44 4121.61 4122.1 4122.27 4122.66 4123.09 4123.49 4123.08 4123.67 4123.38 4123.1 4123.62 4123.41 4123.45 4124.75 4128.8 4135.7 4144.16 4149.08 4152.39 4168.43 4178.28 4186.21 4194.79 4205.26 4216.35 4223.22 4223.5 4220.28 4217.54 4214.67 4209.05 4202.9 4196.28 4192.37 4189.42 4187.59 4187.94 4193.1 4188.9 4187.02 4183.74 4181.1 4180.68 4171.28 4170.16 4176.23 4186.56 4197.64 4211.31 4224.14 4240.73 4262.39 4291.09 4309.74 4317.62 4321.61 4330.3 4345.75 4361.12 4376.62 4388.83 4407.46 4432.04 4458.87
4120.66 4121.33 4121.52 4121.82 4122.25 4122.61 4122.99 4123.2 4123.57 4124.62 4123.77 4123.39 4123.7 4123.78 4124.14 4124.53 4125.8 4129.51 4138.23 4148.97 4159.89 4166.2 4168.23 4170.92 4173.78 4179.23 4194.38 4210.79 4222.16 4223.82 4221.02 4218.59 4217.7 4211.42 4203.93 4197.27 4191.83 4187.38 4183.63 4176.94 4164.86 4176.99 4183.56 4184.59 4186.88 4188.47 4176.58 4171.56 4178.51 4188.05 4198.63 4210.41 4223.71 4239.59 4258.96 4283.61 4330.89 4328.41 4316.4 4340.33 4355.77 4366.35 4373.17 4380.26 4397.7 4421.68 4449.38
4120.9 4121.29 4122.12 4122.84 4123.36 4123.58 4123.45 4123.69 4123.73 4123.08 4123.33 4123.76 4124.55 4124.85 4125.6 4126.51 4127.73 4131.32 4140.61 4153.99 4166.83 4171.59 4168.08 4164.19 4162.07 4165.41 4182.11 4204.42 4219.26 4222.59 4221.35 4217.84 4219.05 4213.27 4203.64 4195.56 4188.79 4183.61 4179.34 4177.87 4177.87 4177.36 4182.21 4182.79 4182.3 4184.51 4179.15 4178.82 4184.19 4191.25 4199.06 4208.43 4220.09 4235.21 4254.4 4285.52 4338.45 4344.07 4362.11 4360.69 4364.64 4367.35 4369.1 4369.21 4376 4408.45 4447.95
4121.53 4122.29 4123.11 4123.79 4124.55 4125.03 4125.38 4125.13 4124.81 4124.43 4124.45 4124.49 4125.38 4126.53 4127.88 4129.25 4130.74 4133.5 4142.59 4156.27 4173.14 4173.82 4164.79 4157.55 4152.1 4151.87 4168.88 4195.69 4214.91 4218.91 4223.5 4227.38 4223.08 4213.32 4201.47 4191.26 4182.53 4175.49 4172.17 4177.34 4186.2 4179.36 4182.36 4182.76 4176.58 4173.61 4183.6 4188.65 4192.99 4196.85 4201.99 4208.22 4217.33 4229.2 4248.11 4277.5 4304.73 4337.2 4365.34 4373.64 4369.08 4366.07 4364.27 4361.4 4354.45 4393.65 4440.05
4121.9 4122.53 4123.09 4123.63 4124.27 4124.91 4125.1 4125.32 4125.45 4125.22 4124.85 4125.47 4126.51 4128.94 4130.83 4132.82 4134.71 4136.2 4142.21 4153.09 4160.86 4163.59 4158.18 4151.27 4145.19 4141.96 4153.8 4173.95 4193.1 4208.04 4221.46 4233.4 4222.62 4207.95 4194.36 4183.1 4173.19 4163.88 4157.68 4155.1 4160.56 4170.26 4181.38 4189.6 4195.63 4196.22 4197.54 4201.69 4201.73 4203.14 4206.14 4209.92 4214.47 4221.54 4233.75 4252.7 4277.55 4320.28 4359.45 4368.1 4362.26 4358.9 4357.18 4356.08 4342.15 4382.3 4434.6
4122.91 4122.91 4123.51 4124.12 4124.84 4125.72 4126.28 4126.76 4127.12 4127.16 4127.2 4126.63 4129.16 4132.41 4135.76 4138.31 4140.64 4143.13 4147.04 4150.24 4153.06 4152.46 4151.37 4147.21 4141.74 4137.95 4143.85 4156.62 4174.3 4192.08 4208.77 4217.55 4207.57 4194.64 4182.79 4171.87 4162.53 4152.97 4143.41 4133.66 4139.61 4160.18 4179.14 4197.59 4214.72 4217.61 4211.31 4206.54 4207 4209.73 4211 4212.05 4213.45 4215.19 4219.75 4242.02 4277.45 4312.02 4333.39 4342.09 4343.45 4344.91 4345.95 4342.12 4332.92 4368.79 4429.3
4123.21 4123.35 4123.64 4124.27 4124.99 4125.59 4126.54 4127.58 4128.43 4129.12 4129.51 4129.18 4131.37 4138.93 4142.47 4144.5 4146.92 4151.65 4155.67 4148.73 4142.22 4146.24 4147.46 4146.53 4143.97 4139.62 4142.66 4153.79 4163.69 4173.68 4182.89 4192.39 4190.99 4178.36 4168.63 4159.9 4151.66 4142.97 4134.96 4128.55 4136.8 4158.05 4179.66 4200.51 4220.37 4225.06 4221.47 4217.97 4218.14 4218.39 4217.94 4217.43 4217.11 4216.01 4214.28 4240.72 4285.71 4306.77 4309.91 4313.29 4319.11 4327.05 4333.9 4342.49 4319.71 4356.77 4427.24
4123.52 4123.76 4124.4 4124.92 4125.87 4127.23 4128.46 4129.9 4131.83 4133.5 4132.29 4144.19 4147.55 4151.15 4150.59 4150.05 4149.87 4150.52 4148.09 4147.55 4146.32 4145.45 4146.95 4149.05 4151.43 4154.67 4159.07 4157.81 4156.31 4156.4 4154.56 4154.33 4158.95 4159.83 4155.11 4149.07 4143.13 4137.4 4131.68 4129.76 4140.05 4159.31 4179.53 4198.83 4215.76 4223.95 4227.12 4230.17 4231.97 4226.9 4225.2 4224.23 4224.11 4226.32 4231.23 4249.99 4275.53 4288.5 4287.18 4282.78 4295.76 4308.49 4318.43 4319.65 4318.45 4354.43 4428.27
4123.94 4124.65 4125.52 4126.54 4127.28 4128.36 4129.95 4132.24 4136.08 4142.48 4155.45 4172.39 4174.19 4163.59 4157.64 4153.77 4150.98 4148.45 4146.19 4144.38 4144.65 4144.63 4147.2 4151.3 4157.99 4169.53 4177.9 4156.53 4147.06 4143.47 4139.84 4139.48 4143.34 4145.53 4144.7 4142.34 4138.3 4135.1 4133.19 4135.68 4145.46 4163.07 4181.52 4197.52 4209.5 4221.47 4228.22 4230.11 4229.22 4231 4229.28 4228.48 4230.36 4237.9 4253.35 4260.66 4273.73 4281.5 4273.44 4267.16 4277.64 4292.43 4306.23 4319.02 4317.2 4355.27 4431.57
4124.95 4125.67 4126.1 4126.82 4127.7 4129.26 4130.93 4133.51 4137.72 4145.52 4160.08 4170.25 4172.58 4167 4160.24 4154.47 4149.92 4145.93 4142.42 4138.4 4137.11 4140.93 4145.33 4150.08 4156.58 4163.03 4163.22 4143.44 4138.39 4135.9 4132.43 4131.77 4133.96 4136.91 4137.52 4137.59 4137.12 4136.72 4137.34 4138.15 4152.75 4168.63 4185.76 4201.14 4214.63 4222.63 4228.81 4234.2 4240.72 4236.14 4231.63 4229.99 4231.89 4238.82 4251.84 4258.08 4267.19 4273.89 4263.5 4257.75 4266.63 4280.15 4292.87 4301.13 4324.09 4362.33 4433.72
4125.68 4125.83 4125.98 4127.87 4128.54 4129.69 4131.33 4133.39 4136.19 4139.82 4142.55 4162.1 4168.01 4163.32 4157.76 4152.38 4147.26 4142.58 4139.13 4134.64 4134.22 4137.74 4142.6 4147.56 4151.63 4152.17 4142.23 4133.23 4133.94 4133.27 4132.49 4130.71 4131.49 4132.63 4134.43 4136.09 4137.92 4140.3 4146.59 4156.36 4162.3 4174.95 4190.46 4207.03 4221.27 4223.6 4227.48 4233.97 4241.89 4234.66 4229.79 4228.69 4229.24 4230.18 4230.77 4245.86 4253.62 4254.1 4254.08 4253.32 4258.46 4271.1 4287.58 4303.77 4314.03 4348.41 4418.69
4126.19 4126.92 4127.25 4127.43 4126.58 4126.88 4127.56 4130.82 4132.41 4134.06 4135.56 4147.23 4156.22 4156.8 4153.86 4149.27 4144.1 4138.47 4132.42 4130.08 4131.57 4135.43 4139.88 4144.11 4147.41 4148.81 4148.08 4140.88 4136.25 4133.14 4131.33 4128.81 4127.93 4129.98 4133.5 4137.71 4141.01 4143.43 4147.59 4156.95 4166.48 4179.09 4192.65 4204.44 4214.34 4218.32 4219.91 4221.56 4222.54 4221.44 4222.19 4223.94 4225.92 4226.95 4229.59 4238.55 4245.18 4248.14 4245.95 4242.26 4247.4 4262.32 4278.35 4288.41 4291.29 4314.45 4394.99
4128.78 4128.81 4128.66 4128.34 4128.3 4128.51 4127.45 4128.24 4129.6 4131.97 4136.67 4141.82 4147.78 4150.4 4148.76 4145.54 4140.9 4135.75 4130.58 4128.46 4129.97 4133.38 4137.2 4140.79 4143.76 4146.86 4150.41 4147.87 4138.63 4133.21 4129.51 4127.5 4126.51 4129.49 4135.57 4141.88 4146.88 4148.75 4144.95 4148.62 4168.88 4182.71 4193.84 4203.38 4209.17 4210.39 4209.74 4207.46 4203.95 4205.96 4211.55 4217.42 4223.38 4229.82 4233.69 4236.18 4238.68 4239.48 4239.35 4239.61 4244.52 4254.72 4266.37 4274.28 4274.89 4292.38 4371.82
4133.28 4130.13 4128.92 4128.37 4127.96 4128.57 4128.61 4128.27 4129.17 4130.96 4134.84 4139.8 4142.96 4145.85 4145.47 4142.93 4138.92 4134.21 4130.08 4128.04 4128.91 4131.8 4134.9 4137.68 4139.83 4141.17 4140.8 4139.31 4137.71 4135.02 4130.5 4128.85 4128.35 4132 4139.85 4149.53 4159.05 4165.03 4165.67 4169.69 4182.08 4191.38 4196.76 4197.6 4202.15 4203.07 4200.53 4195.76 4189.48 4192.1 4202.19 4211.59 4220.42 4228.54 4233.68 4234.14 4234.46 4233.42 4236.37 4241.9 4249.53 4248.78 4251.46 4261.82 4272.49 4297.29 4360.5
4128.63 4129.53 4129.25 4128.9 4128.26 4127.71 4127.05 4126.89 4128.14 4129.43 4132.11 4133.04 4141.21 4144.66 4144.23 4141.55 4137.71 4133.33 4128.74 4126.33 4128.53 4130.85 4133.24 4135.52 4137.19 4137.26 4135.06 4136.68 4137.17 4136.99 4136.04 4130.46 4129.06 4133 4144.08 4158.96 4175.76 4191.93 4200.15 4202.57 4203.19 4202.79 4202.61 4202.48 4200.68 4198.33 4194.79 4189.84 4184.42 4187.97 4197.53 4207.18 4216.41 4225.94 4228.88 4230.57 4232.34 4234.58 4239.23 4241.64 4240.49 4246.58 4250.23 4260.84 4274.01 4293.72 4346.43
4127.61 4129.46 4130.26 4130.25 4128.69 4127.72 4127.17 4126.9 4127.15 4128.05 4130.94 4141 4146.97 4146.45 4144.2 4140.91 4137.07 4133.18 4129.75 4127.96 4129.17 4130.97 4132.85 4135.04 4136.18 4136.79 4137.86 4138.19 4137.53 4136.29 4133.44 4129.72 4127.67 4131.42 4146.6 4166.73 4190.74 4217.23 4247.16 4238.54 4222.07 4211.58 4206.34 4206.59 4199.81 4194.53 4190.65 4188.54 4187.22 4189.32 4197.31 4203.44 4210.83 4220.28 4223.52 4225.12 4229.21 4236.81 4244.22 4247.84 4249.11 4258.79 4259.41 4266.94 4276.2 4290.25 4336.99
4131.37 4131 4130.56 4129.96 4129.24 4128.64 4127.92 4127.79 4127.61 4127.86 4129.92 4145.28 4151.11 4147.93 4144.08 4140.14 4136.35 4132.96 4130.35 4129.75 4129.87 4130.77 4132.57 4134.44 4136.27 4136.58 4138.37 4140.87 4137.72 4134.66 4132.35 4129.04 4127.01 4130.37 4148.26 4171.78 4198.55 4226.15 4247.59 4244.42 4228.32 4213.2 4201.54 4195.01 4191.3 4188.44 4186.62 4188.66 4193.73 4201.35 4198.43 4198.91 4201.56 4207.46 4211.73 4216.14 4221.18 4228.46 4239.33 4258.44 4281.39 4281.59 4277.72 4272.08 4279.34 4296.86 4331.62
4133.05 4132.23 4131.5 4130.28 4129.61 4128.8 4128.18 4127.69 4127.53 4128.18 4131.45 4144.72 4150.25 4146.84 4143.16 4139.52 4136.05 4132.8 4129.67 4127.73 4128.72 4130.55 4132.95 4135.9 4138.54 4139.51 4138.02 4139.13 4138.37 4135.21 4133.37 4130.92 4128.88 4130.54 4148.14 4172.95 4200.14 4224.9 4240 4237.83 4224.99 4208.59 4191.45 4177.99 4180.65 4181.29 4182.63 4186.32 4192.77 4198.92 4193.99 4191.78 4190.99 4189.54 4199.35 4205.92 4212.29 4219.57 4233.53 4261.48 4289.53 4286.97 4265.91 4267.84 4272.99 4283.98 4311.48
4132.81 4132.08 4131.27 4130.12 4129.29 4128.45 4127.93 4127.43 4127.67 4128.73 4131.2 4138.18 4142.52 4142.99 4140.8 4138.11 4135.37 4132.64 4129.43 4126.86 4128.11 4130.65 4133.42 4137.25 4142.16 4147.7 4148.59 4148.31 4145.03 4141.66 4141.65 4138.59 4133.87 4133.81 4148.5 4172.93 4199.26 4223.12 4236.82 4230.89 4218.02 4202.51 4186.81 4177.54 4175.11 4176.84 4179.68 4182.51 4184.57 4184.22 4184.45 4184.12 4185.02 4188.09 4191.5 4197.36 4203.79 4211.81 4224.86 4254.6 4283.53 4286.49 4269.56 4260.6 4260.42 4260.55 4277.85
4133.47 4132.56 4130.84 4129.41 4128.31 4127.62 4127.28 4127.38 4127.81 4129.24 4132.65 4136.08 4139.49 4138.63 4137.44 4135.89 4134.27 4132.82 4132.13 4130.38 4129.2 4130.54 4133.07 4136.69 4142.49 4152.56 4160.95 4150.54 4157.26 4163.44 4160.18 4151.59 4142.08 4135.61 4148.39 4174.44 4198.03 4217.82 4227.97 4222.2 4210.05 4195.73 4182.43 4175.27 4173.16 4175.23 4177.68 4179.26 4178.93 4175.78 4176.59 4178.11 4178.39 4182.04 4184.65 4189.53 4195.75 4203.57 4215.39 4243.97 4272.14 4275.69 4255.8 4251.38 4250.94 4255.73 4273.26
4132.23 4131.31 4129.92 4128.84 4128.04 4127.42 4127.04 4126.96 4127.32 4128.29 4129.37 4131.85 4132.4 4133.53 4133.67 4133.27 4132.56 4131.92 4131.3 4130.13 4128.89 4129.66 4131.41 4133.98 4136.97 4139.6 4143.42 4151.86 4169.7 4194.13 4179.15 4165.47 4155.58 4146.02 4158.28 4180.94 4197.87 4211.01 4216.92 4212.37 4202.62 4189.49 4175.13 4169.47 4171.81 4174.54 4176.82 4178.55 4178.98 4179.09 4178.5 4175.87 4171.73 4172.24 4179.43 4185.61 4191.88 4199.54 4212.11 4232.39 4254.3 4255.81 4244.85 4243.29 4243.09 4250.83 4265.57
4129.82 4128.78 4128.6 4128.4 4128.19 4127.96 4127.72 4127.44 4127.36 4127.41 4127.45 4127.18 4127.13 4128.64 4129.75 4130.15 4130.08 4129.72 4129.16 4128.25 4127.37 4128.4 4129.95 4131.01 4131.65 4130.66 4132.44 4138.74 4155.5 4182.68 4179.25 4173.71 4172.24 4180.91 4190.62 4191.78 4198.48 4205.54 4208.56 4204.61 4196.52 4186.63 4176.44 4171.81 4173.38 4175.68 4177.78 4179.95 4181.77 4184.29 4182.63 4178.11 4175.28 4175.69 4178.28 4183.11 4189.01 4195.96 4205.62 4221.63 4238.37 4249.42 4237.4 4233.93 4233.15 4236.3 4240.47
4128.32 4127.09 4127.58 4128.06 4128.27 4128.31 4128.18 4127.84 4127.41 4126.87 4126.01 4125.23 4124.47 4125.77 4127 4127.5 4127.72 4127.68 4127.25 4126.39 4126.03 4127.62 4129.29 4130.2 4130.52 4129.45 4130.02 4131.17 4137.85 4153.14 4168.07 4173.62 4178.92 4188.27 4193.95 4194.69 4197.57 4199.78 4200.73 4198.43 4193.19 4186.3 4179.73 4177.04 4176.55 4178.19 4179.55 4181.9 4183.71 4185.55 4184.86 4181.61 4176.66 4177.56 4179.98 4183.69 4187.93 4193.09 4201.22 4210.43 4218.52 4218.3 4223.42 4223.45 4222.38 4220.71 4218.26
4127.66 4126.37 4126.89 4127.41 4127.48 4127.58 4127.5 4127.31 4127.02 4126.43 4125.58 4124.63 4123.93 4124.44 4125.18 4125.82 4125.77 4126.38 4126.7 4126.28 4126.51 4128.17 4130.4 4131.96 4133.04 4134.16 4134.35 4136.49 4143.35 4151.99 4161.71 4170.33 4177.07 4182.54 4186.83 4190.5 4194.53 4199.87 4198.24 4194.88 4190.62 4187.11 4184.79 4181.63 4180.79 4181.1 4182.45 4184.06 4185.73 4188.17 4189.55 4186.33 4184.46 4182.75 4182.57 4183.8 4185.71 4188.72 4191.43 4195.66 4202.17 4209.84 4215.98 4215.89 4213.32 4210.05 4211.76
4127.37 4126.38 4127.12 4127.41 4127.54 4127.63 4127.59 4127.41 4127.09 4126.59 4125.92 4124.77 4123.95 4124.45 4124.17 4124.39 4124.97 4125.74 4126.76 4127.08 4127.1 4130.36 4133.5 4134.84 4135.77 4137.87 4137.9 4140.09 4144 4149.63 4158.05 4166.84 4173.74 4178.34 4180.52 4186.05 4189.2 4187.98 4191.75 4191.12 4189.05 4187.15 4186.56 4184.77 4184.63 4184.81 4184.35 4185.14 4186.36 4187.13 4185.73 4187.71 4190.35 4186.26 4184.24 4184.32 4185.13 4185.29 4185.37 4187.04 4192.51 4200.46 4212.26 4211.64 4208.33 4205.02 4204.5
4127.71 4129.4 4128.01 4126.98 4126.89 4127.26 4127.31 4127.1 4126.97 4127.07 4126.49 4125.47 4125.32 4125.22 4124.4 4124.22 4124.61 4125.27 4127.58 4130.96 4132.34 4137.24 4139.8 4138.88 4136.65 4134.1 4137.18 4140.14 4143.92 4146.98 4154.13 4163.25 4171.65 4177.81 4180.4 4185.41 4186.64 4184.51 4188.08 4189.52 4189.22 4187.59 4183.61 4186.67 4187.2 4187.3 4186.66 4185.42 4185.49 4185.98 4186.93 4185.04 4182.66 4183.49 4183.26 4182.97 4182.97 4183.09 4182.88 4183.97 4189.37 4199.71 4211.68 4206.81 4203.91 4203.36 4212.04
4128.49 4128.08 4127.85 4126.99 4126.62 4126.45 4126.66 4126.98 4126.91 4126.45 4126.42 4125.87 4125.52 4125.59 4125.51 4125.55 4125.44 4126.17 4130.55 4139.52 4146.11 4151.16 4148.32 4142.88 4137.68 4134.51 4135.43 4137.53 4139.59 4142.1 4150.79 4161.38 4171.9 4182 4190.23 4190.63 4186.13 4185.58 4186.81 4190.12 4192.13 4191.33 4189.94 4191.14 4191.4 4189.82 4188.06 4186.09 4184.25 4182.54 4182.98 4180.22 4178.31 4181 4181.5 4181.69 4181.99 4182.37 4182.69 4184.57 4189.22 4194.39 4195.45 4196.96 4197.57 4199.83 4204.11
4128.4 4127.61 4127.18 4127.02 4126.95 4127.02 4126.63 4126.68 4126.92 4127.17 4126.83 4126.47 4126.65 4127.04 4127.48 4127.57 4127.35 4128.1 4134.95 4148.04 4165.49 4167.46 4154.74 4144.86 4138.05 4135.23 4134.67 4134.44 4130.48 4134.77 4146.38 4158.34 4171.67 4186.15 4200.3 4199.86 4186.87 4178.32 4186.45 4193.43 4199 4202.28 4200.94 4199.38 4196.43 4191.81 4187.82 4184.65 4181.54 4177.51 4173.14 4175.98 4180.67 4180.16 4180.22 4180.46 4180.99 4181.64 4182.45 4188.4 4186.77 4186.34 4180.54 4186.5 4191.55 4195.71 4201.05
