real_craters/C150-300m.grd
DSAA
326 326
-48.755 48.755
-48.755 48.755
2862.5118933526 5007.2702278715
[rows 90 to 119 of 326, columns 0 to 66 of 326]
4122.15 4122.66 4122.7 4122.5 4122.56 4122.52 4122.51 4122.46 4122.37 4122.42 4122.46 4122.59 4122.65 4122.77 4122.83 4122.94 4123.03 4123.2 4123.33 4123.48 4123.49 4123.52 4123.61 4123.66 4123.71 4123.76 4123.8 4123.83 4123.75 4124.21 4125.75 4127.05 4128.04 4128.68 4129.08 4129.05 4128.8 4128.49 4128.21 4127.96 4127.82 4127.66 4127.34 4126.66 4127.2 4127.2 4127.04 4126.79 4126.59 4126.56 4126.62 4126.86 4127.16 4127.64 4128.17 4128.33 4128.09 4127.93 4127.72 4127.08 4126.04 4127.15 4129.9 4132.1 4133.72 4135.14 4136.26
4121.72 4122.38 4123.23 4123.88 4122.6 4122.56 4122.34 4122.15 4122.26 4122.46 4122.55 4122.69 4122.74 4122.87 4122.74 4122.86 4123 4123.06 4123.11 4123.11 4123.03 4123.25 4123.39 4123.54 4123.62 4123.68 4123.69 4123.69 4123.79 4124.44 4125.77 4127.25 4128.73 4129.55 4130.01 4129.61 4129.15 4128.81 4128.6 4128.42 4128.27 4128.26 4128.71 4128.14 4127.71 4127.3 4126.99 4126.77 4126.66 4126.69 4126.78 4126.99 4127.34 4127.88 4128.46 4128.52 4128.62 4128.77 4128.85 4128.94 4128.58 4129.45 4131.5 4133.32 4134.96 4136.58 4137.98
4121.64 4121.88 4123.54 4124.64 4123.22 4122.93 4122.48 4122.06 4122.32 4122.54 4122.59 4122.71 4122.79 4122.84 4122.93 4122.86 4122.85 4122.92 4122.95 4123.03 4123.17 4123.21 4123.34 4123.48 4123.58 4123.67 4123.73 4123.79 4123.98 4124.68 4125.86 4127.32 4129.15 4131.66 4130.6 4129.58 4129.09 4128.87 4128.7 4128.62 4128.5 4128.29 4127.74 4128.79 4128.12 4127.34 4126.92 4126.76 4126.65 4126.65 4126.75 4126.94 4127.27 4127.71 4128.23 4128.58 4128.97 4129.4 4130.2 4131.59 4133.01 4133.2 4133.81 4135.07 4136.66 4138.38 4140.12
4121.72 4122.53 4123.53 4124.68 4124.28 4123.44 4122.95 4122.82 4122.73 4122.74 4122.79 4122.85 4122.9 4122.86 4122.88 4122.92 4122.94 4122.84 4122.88 4122.98 4123.18 4123.14 4123.26 4123.46 4123.63 4123.78 4123.94 4124.08 4124.22 4124.86 4125.79 4126.83 4127.97 4129.17 4128.69 4128.48 4128.48 4128.56 4128.67 4128.75 4128.78 4128.55 4127.94 4127.74 4127.41 4127.1 4126.7 4126.52 4126.5 4126.54 4126.6 4126.74 4127.04 4127.45 4127.88 4128.38 4128.91 4129.71 4131.03 4133.1 4134.97 4135.15 4135.21 4136.1 4137.51 4139.29 4140.98
4121.52 4121.91 4123.06 4124.17 4124.23 4123.58 4123.18 4122.92 4122.81 4122.91 4122.95 4122.98 4123.01 4122.99 4122.97 4122.91 4122.87 4122.87 4122.76 4122.81 4122.83 4122.99 4123.17 4123.4 4123.65 4123.92 4124.22 4124.57 4125.03 4125.25 4125.65 4126.06 4126.15 4125.07 4125.7 4127.06 4127.67 4128.11 4128.55 4128.85 4129.04 4129.12 4129.06 4127.52 4126.78 4126.49 4126.3 4126.22 4126.24 4126.3 4126.42 4126.51 4126.76 4127.2 4127.85 4128.06 4128.57 4129.54 4130.9 4132.95 4134.94 4135.14 4135.11 4136.18 4137.55 4139.45 4141.65
4122.07 4122.19 4122.57 4122.84 4123.24 4123.26 4123.15 4123.01 4123.13 4123.12 4123.1 4123.05 4123.02 4123.03 4122.98 4122.84 4122.79 4122.84 4122.79 4122.78 4122.88 4122.97 4123.1 4123.38 4123.76 4124.12 4124.47 4124.84 4125.22 4125.39 4125.47 4125.53 4125.4 4125.41 4125.83 4126.41 4127.12 4127.61 4128.16 4128.68 4129.17 4129.43 4128.94 4127.75 4126.61 4125.94 4125.79 4125.84 4125.94 4126.06 4126.02 4126.14 4126.32 4126.48 4126.97 4127.43 4128.12 4128.95 4129.78 4130.81 4132.35 4133.64 4134.52 4135.74 4137.39 4139.56 4141.65
4122.16 4122.22 4122.3 4122.12 4122.51 4122.92 4123.14 4123.3 4123.31 4123.38 4123.28 4123.15 4123.05 4122.9 4122.88 4122.93 4122.87 4122.77 4122.73 4122.64 4122.53 4122.57 4122.96 4123.37 4123.83 4124.21 4124.63 4125.04 4125.27 4125.33 4125.31 4125.23 4125.13 4125.14 4125.37 4125.87 4126.53 4127.19 4127.83 4128.4 4129.03 4129.59 4129.41 4127.38 4125.93 4125.31 4125.26 4125.4 4125.41 4125.57 4125.92 4126 4126.05 4125.9 4126.28 4127.03 4127.76 4128.26 4128.57 4128.39 4129.39 4131.95 4133.68 4135.4 4137.04 4138.82 4140.7
4121.84 4122.17 4122.19 4121.61 4122.24 4122.78 4123.19 4123.4 4123.55 4123.72 4123.58 4123.38 4123.18 4123.01 4122.82 4122.87 4122.83 4122.75 4122.74 4122.64 4122.43 4122.34 4123.02 4123.54 4123.94 4124.36 4124.75 4125.14 4125.44 4125.29 4125.15 4124.99 4124.86 4124.69 4124.64 4125.43 4126.01 4126.64 4127.28 4127.95 4128.58 4128.94 4128.29 4126.2 4124.37 4124.6 4124.77 4125.01 4125.37 4125.61 4126.02 4126.15 4126.14 4126.05 4126.44 4127.18 4127.72 4128.08 4128.04 4127.99 4129.07 4131.28 4133.38 4135.22 4137 4138.05 4139.57
4121.8 4122.45 4122.66 4122.14 4122.39 4122.79 4123.37 4124.18 4125.03 4124.18 4123.61 4123.32 4123.11 4122.96 4122.87 4122.81 4122.81 4122.8 4122.82 4122.88 4123.01 4123.25 4123.57 4123.78 4124.04 4124.36 4124.75 4124.91 4124.94 4125.09 4124.95 4124.76 4124.65 4124.64 4125.14 4125.13 4125.5 4126.01 4126.58 4127.17 4127.75 4128.15 4127.5 4125.7 4124.33 4124.5 4124.79 4125.13 4125.71 4126.11 4126.48 4126.74 4126.8 4126.6 4127.09 4127.78 4128.04 4128.42 4128.62 4128.65 4129.53 4131.47 4133.28 4134.91 4136.31 4137.7 4138.94
4123.05 4122.92 4123.05 4122.77 4122.57 4122.72 4123.14 4123.68 4123.89 4123.58 4123.38 4123.2 4123.12 4123.09 4123.02 4122.92 4122.87 4122.89 4122.96 4123.14 4123.56 4124.3 4123.98 4123.89 4123.97 4124.26 4124.74 4125.72 4125.64 4125.01 4124.71 4124.49 4124.34 4124.23 4124.36 4124.49 4124.86 4125.32 4125.76 4126.18 4126.58 4126.98 4126.55 4125.57 4125.27 4124.83 4125 4125.32 4125.97 4126.31 4126.82 4127.39 4127.92 4128.38 4128.42 4128.5 4128.71 4129.36 4130.04 4129.98 4130.65 4132.2 4133.37 4134.59 4135.76 4136.9 4137.73
4122.75 4122.44 4122.51 4122.19 4122.34 4122.52 4122.68 4122.61 4122.24 4122.64 4122.92 4122.97 4122.97 4122.9 4122.86 4122.9 4122.89 4122.92 4122.98 4123.12 4123.35 4123.47 4123.55 4123.67 4123.8 4123.98 4124.16 4124.29 4124.71 4124.53 4124.33 4124.16 4123.97 4123.74 4123.37 4123.77 4124.23 4124.6 4124.93 4125.17 4125.22 4124.9 4125.03 4124.93 4124.31 4124.76 4125.15 4125.56 4126.01 4126.49 4127.17 4127.97 4128.99 4130.14 4129.63 4128.98 4129.26 4130.27 4132.14 4133.98 4133.23 4133.25 4133.71 4134.59 4135.43 4136.39 4137.17
4120.15 4121.3 4121.82 4121.9 4122.1 4122.29 4122.33 4122.29 4122.15 4122.4 4122.67 4122.75 4122.76 4122.79 4122.75 4122.73 4122.74 4122.77 4122.84 4122.95 4123.05 4123.05 4123.32 4123.41 4123.56 4123.63 4123.55 4123.08 4123.39 4123.86 4123.94 4123.85 4123.7 4123.5 4123.35 4123.46 4123.8 4124.04 4124.22 4124.44 4124.43 4123.95 4124.44 4124.81 4125.08 4125.36 4125.61 4125.82 4126.12 4126.6 4127.11 4127.9 4129.07 4130.32 4129.51 4128.82 4128.91 4129.73 4131.98 4135.44 4133.87 4133.29 4133.63 4134.52 4135.47 4136.35 4137.06
4119.83 4121.03 4121.61 4121.75 4122.01 4122.19 4122.28 4122.37 4122.52 4122.67 4122.61 4122.49 4122.51 4122.49 4122.55 4122.56 4122.61 4122.62 4122.66 4122.72 4122.77 4123.09 4123.02 4123.06 4123.26 4123.42 4123.55 4123.81 4123.65 4123.63 4123.64 4123.6 4123.52 4123.48 4123.3 4123.49 4123.69 4123.67 4123.69 4123.71 4124.13 4125.01 4124.69 4125.07 4126 4126.24 4126.07 4126.07 4126.31 4126.71 4127.01 4127.32 4127.67 4128.45 4128.15 4127.82 4127.62 4127.52 4127.71 4128.65 4130.49 4132.14 4133.22 4134.09 4135.1 4135.84 4136.64
4121.27 4121.71 4122.07 4122.1 4122.19 4122.28 4122.41 4122.48 4122.65 4122.64 4122.54 4122.51 4122.47 4122.46 4122.32 4122.33 4122.36 4122.49 4122.51 4122.5 4122.39 4121.96 4121.93 4122.69 4123.08 4123.26 4123.4 4123.47 4123.55 4123.51 4123.44 4123.37 4123.36 4123.5 4124.15 4124.39 4123.41 4123.05 4122.92 4122.9 4123.1 4124.22 4124.11 4124.73 4125.54 4125.99 4126.13 4126.31 4126.55 4126.82 4126.95 4126.64 4125.86 4125.67 4126.61 4126.91 4126.55 4125.9 4124.4 4124.34 4127.83 4130.69 4133.34 4135.09 4136.43 4137.14 4137.14
4121.73 4122.81 4122.84 4122.55 4122.51 4122.49 4122.35 4122.36 4122.33 4122.36 4122.31 4122.27 4122.32 4122.34 4122.26 4122.32 4122.35 4122.31 4122.35 4122.42 4122.44 4122.37 4122.59 4122.94 4123.07 4123.19 4123.34 4123.5 4123.45 4123.37 4123.31 4123.23 4123.13 4123.02 4122.97 4122.84 4122.42 4122.44 4122.4 4122.18 4121.53 4120.75 4122.92 4124.1 4124.8 4125.25 4126.08 4126.45 4126.83 4126.87 4127.13 4127.05 4126.51 4126.25 4126.81 4127.07 4126.51 4125.73 4124.42 4125.06 4128.02 4130.96 4133.44 4135.24 4136.5 4138.23 4138.55
4123.13 4124.58 4123.38 4123.25 4122.82 4122.57 4122.39 4122.15 4121.93 4121.77 4121.98 4122.13 4122.16 4122.19 4122.23 4122.28 4122.28 4122.26 4122.29 4122.26 4122.53 4123.07 4123.72 4123.22 4123.08 4123.12 4123.1 4123.15 4123.34 4123.33 4123.26 4123.13 4122.87 4122.45 4121.49 4120.03 4121.56 4122.13 4122.24 4122.14 4122.02 4122.21 4122.85 4123.87 4125.11 4126.42 4126.33 4126.35 4126.85 4127.23 4127.87 4128.49 4129.16 4129.13 4128.66 4128.48 4127.77 4126.91 4126.59 4127.57 4130.01 4132.32 4134.72 4136.58 4138.16 4140.01 4140.24
4122.93 4124.09 4124.51 4123.49 4122.89 4122.52 4122.28 4122.09 4121.74 4121.53 4121.86 4121.96 4122.06 4122.1 4122.09 4122.01 4122.04 4122.08 4122.14 4122.27 4122.37 4122.55 4122.64 4122.75 4122.95 4123.13 4123.18 4123.16 4123.34 4123.32 4123.23 4123.08 4122.85 4122.51 4122.13 4122.29 4122.23 4122.38 4122.47 4122.52 4122.69 4122.91 4123.18 4123.64 4124.57 4126.95 4125.48 4126.17 4127.2 4127.97 4128.84 4130 4131.68 4131.83 4131.23 4130.64 4130.04 4128.81 4129.48 4130.84 4133.17 4135.99 4138.77 4140.99 4142.12 4143.05 4143.28
4121.65 4122.16 4122.26 4122.64 4122.6 4122.45 4122.27 4122.05 4122.03 4122.2 4122.11 4121.95 4121.85 4121.79 4121.81 4121.84 4121.91 4121.91 4121.94 4121.93 4122.03 4122.01 4121.78 4122.32 4122.82 4123.24 4123.59 4123.68 4123.6 4123.43 4123.29 4123.14 4123 4122.87 4122.9 4123.32 4123 4122.83 4122.87 4123.06 4123.26 4123.42 4123.57 4123.48 4122.32 4116.89 4123.47 4126.6 4128.07 4129.15 4129.92 4130.8 4132.48 4133.65 4134.32 4134.44 4133.88 4131.08 4129.55 4132.47 4136.81 4140.87 4143.93 4146.34 4147.3 4148.24 4148.53
4121.12 4121.85 4121.93 4122.36 4122.43 4122.27 4122.13 4122.03 4122.16 4122.41 4122.13 4121.87 4121.72 4121.66 4121.66 4121.68 4121.69 4121.72 4121.73 4121.81 4121.79 4121.88 4122.11 4122.35 4122.73 4123.27 4123.99 4124.01 4123.71 4123.6 4123.47 4123.29 4123.18 4123.13 4123.2 4123.22 4123.27 4123.1 4123.16 4123.51 4124.56 4124.4 4124.23 4124.42 4125.05 4129.14 4129.05 4128.89 4129.85 4130.85 4131.38 4131.44 4132.17 4135.5 4138.65 4140.47 4140.48 4136.79 4131.27 4136.84 4143.15 4147.05 4149.62 4151.43 4152.38 4153.04 4153.44
4121.57 4122.6 4122.86 4122.36 4122.16 4122.03 4121.93 4121.95 4121.85 4121.55 4121.53 4121.59 4121.52 4121.53 4121.5 4121.46 4121.46 4121.52 4121.61 4121.67 4121.7 4121.75 4121.84 4122.05 4122.51 4122.97 4123.46 4123.68 4123.64 4123.57 4123.5 4123.42 4123.38 4123.34 4123.36 4123.54 4123.42 4123.21 4123.31 4123.52 4123.69 4124.24 4124.66 4125.39 4127.14 4129.66 4130.57 4130.81 4131.9 4133.41 4134.42 4134.07 4134.06 4140.09 4145.39 4149.15 4151.3 4151.22 4149.26 4150.79 4153.35 4155.03 4156.12 4156.95 4157.59 4158.13 4158.64
4121.37 4122.17 4122.28 4122.11 4121.96 4121.88 4121.78 4121.66 4121.49 4121.51 4121.51 4121.43 4121.42 4121.45 4121.44 4121.44 4121.47 4121.5 4121.47 4121.48 4121.6 4121.66 4121.63 4121.95 4122.43 4122.64 4122.61 4123.12 4123.57 4123.67 4123.7 4123.66 4123.57 4123.49 4123.42 4123.12 4123.07 4123.28 4123.41 4123.63 4124.1 4124.36 4124.78 4125.51 4126.66 4127.88 4129.59 4131.72 4134.12 4137.05 4139.96 4142.26 4143.99 4149.2 4154.43 4159.39 4163.49 4169.02 4172.59 4168.39 4165.62 4164.44 4163.95 4163.74 4163.83 4164.12 4164.77
4120.93 4121.63 4121.59 4121.74 4121.79 4121.53 4121.48 4121.37 4121.3 4121.18 4121.05 4121.21 4121.22 4121.22 4121.24 4121.3 4121.33 4121.32 4121.36 4121.43 4121.55 4121.73 4122.03 4122.39 4122.66 4122.86 4122.84 4123.39 4123.82 4124.1 4124.21 4124.22 4124.15 4124.03 4123.82 4123.55 4123.53 4123.55 4123.57 4123.94 4124.66 4124.59 4124.83 4125.34 4126.18 4127.46 4129.38 4132.59 4136.48 4141.04 4146.43 4152.78 4158.11 4159.98 4163.88 4168.2 4174.32 4181.29 4184.93 4179.91 4175.46 4172.47 4170.63 4169.83 4169.67 4169.74 4170.3
4120.92 4120.7 4121.01 4121.25 4121.35 4121.45 4121.41 4121.2 4121.13 4121.02 4121.11 4121.1 4121.05 4121.03 4121.04 4121.05 4121.06 4121.12 4121.19 4121.27 4121.47 4121.76 4122.11 4122.54 4122.96 4123.56 4124.14 4124.07 4124.28 4124.49 4124.68 4124.69 4124.61 4124.42 4124.21 4124.15 4124.32 4123.71 4123.82 4124.28 4124.35 4124.86 4124.96 4125.25 4125.98 4127.31 4129.42 4133.58 4138.62 4144.57 4151.4 4158.55 4164.32 4167.55 4171.41 4175.45 4180.92 4186.46 4188.98 4185.42 4181.19 4177.86 4175.55 4174.82 4174.08 4173.95 4174.42
4121.33 4121.25 4121.07 4121.14 4121.2 4121.22 4121.16 4121.14 4121.08 4121.03 4121.1 4120.99 4120.98 4120.91 4120.9 4120.92 4120.94 4121.01 4121.13 4121.21 4121.42 4121.69 4122 4122.33 4122.97 4123.64 4124.34 4124.49 4124.79 4125.15 4125.43 4125.54 4125.43 4125.16 4124.69 4124.07 4123.21 4123.54 4124.09 4125.29 4126.23 4125.69 4125.6 4125.73 4126.18 4127.48 4130.16 4134.47 4140.38 4147.34 4154.99 4162.39 4168.14 4172.41 4176.28 4180.48 4184.15 4187.56 4188.96 4186.92 4183.95 4181.41 4179.14 4177.82 4177.84 4177.57 4177.66
4121.29 4121.12 4121.13 4121.15 4121.17 4121.12 4121.03 4120.87 4120.83 4120.8 4120.58 4120.82 4120.85 4120.83 4120.81 4120.82 4120.81 4120.88 4121 4121.11 4121.32 4121.57 4121.97 4122.57 4122.92 4123.04 4123.64 4124.62 4125.46 4126.16 4126.7 4127.04 4127.02 4126.66 4125.96 4125.06 4124 4124.06 4124.35 4125.37 4126.36 4126.65 4126.75 4126.79 4127.02 4127.9 4130.02 4135.09 4141.95 4149.63 4157.77 4166.15 4171.77 4175.63 4179.4 4182.05 4185.15 4187.72 4188.26 4186.76 4184.72 4182.86 4181.01 4179.62 4179.74 4178.74 4179.04
4120.96 4121.03 4121.17 4121.14 4121.1 4121.07 4120.87 4120.82 4120.79 4120.85 4121.09 4120.94 4120.76 4120.7 4120.7 4120.7 4120.72 4120.74 4120.79 4120.91 4121.03 4121.29 4121.7 4122.26 4122.54 4122.88 4123.75 4125.15 4126.5 4127.67 4128.58 4129.19 4129.03 4128.69 4127.87 4126.85 4126.35 4124.99 4124.63 4125.88 4127.4 4128.39 4129.1 4129.33 4129.04 4129.06 4131.31 4136.03 4144.17 4152.75 4159.94 4166.3 4172.91 4178.05 4181.68 4183.28 4185.03 4186.99 4186.84 4185.33 4183.9 4182.45 4181.13 4179.44 4179.4 4179 4179.25
4121.21 4121.53 4121.38 4121.25 4121.02 4120.95 4120.86 4120.87 4120.78 4120.79 4120.99 4120.74 4120.52 4120.49 4120.5 4120.54 4120.53 4120.68 4120.73 4120.78 4120.89 4121.04 4121.23 4121.41 4122.24 4122.86 4124.25 4125.99 4127.64 4129.18 4130.51 4131.49 4131.99 4131.83 4130.82 4129.06 4127.02 4125.35 4124.84 4127 4129.48 4131.82 4133.75 4134.31 4133.38 4131.51 4130.96 4136.96 4148.77 4159.38 4165.43 4167.13 4175.79 4181.86 4184.54 4184.63 4183.22 4180.49 4182.42 4182.99 4182.37 4180.94 4179.57 4178.58 4178.18 4178.18 4178.79
4121.56 4121.78 4121.42 4121.15 4120.97 4120.83 4120.79 4120.61 4120.52 4120.4 4120.05 4120.07 4120.29 4120.38 4120.36 4120.51 4120.54 4120.47 4120.5 4120.58 4120.64 4120.73 4120.92 4121.34 4122.43 4124.13 4125.52 4127.25 4129.26 4131.32 4133.34 4135.01 4136.17 4136.53 4135.69 4133.16 4128.98 4126.48 4126.55 4127.11 4132.58 4138.13 4141.69 4142.92 4141.97 4138.33 4132.33 4140.53 4159.17 4173 4181.17 4182.88 4186.91 4188.78 4188.59 4186.88 4184.16 4180.16 4180.73 4180.98 4180.45 4179.53 4178.27 4177.58 4177.41 4177.48 4178.5
4121.8 4121.58 4121.38 4121.23 4121.09 4120.82 4120.71 4120.6 4120.44 4120.23 4120.13 4120.18 4120.27 4120.29 4120.37 4120.36 4120.39 4120.4 4120.43 4120.49 4120.53 4120.6 4120.75 4121.14 4122.5 4124.53 4126.26 4128.13 4130.4 4132.85 4135.39 4137.87 4140.11 4141.93 4142.66 4141.42 4136.45 4134.59 4137.89 4131.95 4142.82 4149.67 4153.42 4155.56 4156.23 4154.98 4151.13 4159.5 4179.26 4193.07 4203.13 4207.07 4201.76 4196.89 4192.8 4189.39 4187.45 4185.9 4182.08 4179.98 4178.65 4177.92 4177 4176.67 4176.68 4176.96 4176.94
4121.65 4121.19 4121.22 4121.12 4121.05 4120.97 4120.86 4120.66 4120.53 4120.36 4120.36 4120.33 4120.33 4120.48 4120.48 4120.58 4120.57 4120.58 4120.48 4120.48 4120.52 4120.55 4120.66 4121.01 4121.94 4123.68 4126.14 4128.58 4131.28 4134.28 4137.53 4141.01 4144.65 4148.39 4152.04 4155.42 4158.57 4162.44 4165.28 4166.58 4164.48 4165.84 4168.07 4170.73 4174.22 4179.33 4187.53 4199.02 4206.74 4213.89 4221.01 4220.84 4211.49 4202.03 4194.6 4188.97 4186.43 4184.46 4180.05 4177.17 4175.69 4174.81 4174.7 4174.74 4175.23 4175.77 4175.77
