real_craters/C150-300m.grd
DSAA
326 326
-48.755 48.755
-48.755 48.755
2862.5118933526 5007.2702278715
[rows 180 to 209 of 326, columns 134 to 200 of 326]
3560.43 3534.08 3503.6 3480.57 3445.83 3399.36 3353.13 3314.93 3270.89 3226.22 3184.86 3146.27 3112.1 3083.09 3067.06 3062.02 3064.71 3072.45 3080.29 3082.48 3083.13 3084.18 3085.14 3084.86 3082.71 3079.78 3075.8 3072.38 3065.24 3044.89 3050.98 3060.39 3069.68 3078.67 3086.37 3092.81 3098.43 3102.99 3105.6 3108.26 3110.9 3114.5 3121.2 3128.13 3133.58 3139.3 3146.53 3154.81 3157.32 3160.51 3173.17 3192.44 3206.58 3216.95 3223.37 3224.36 3227.5 3226.9 3234.01 3244.4 3257.66 3271.18 3297.84 3330.55 3370.38 3420.27 3479.04
3879.52 3779.15 3685.9 3600.95 3528.13 3458 3408.78 3353.97 3308.25 3258.22 3211.44 3166.92 3126.12 3091.77 3069.32 3064.37 3067.03 3075.34 3082.49 3085.36 3085.16 3084.13 3082.75 3081.04 3080.97 3077.55 3073.37 3068.61 3068.18 3055.9 3056.41 3063.35 3072.13 3081.27 3089.63 3096.93 3103.68 3109.77 3114.48 3118.16 3119.81 3121.97 3126.45 3132.82 3139.21 3145.15 3156.31 3167 3169.36 3171.99 3182.68 3201.3 3218.45 3235.14 3248.21 3251.8 3246.6 3247.68 3253.46 3262.28 3271.84 3293.5 3316.95 3353.74 3401.94 3456.94 3517.43
4164.47 4036.4 3861.77 3724.16 3613.68 3525.25 3453.88 3385.16 3329.36 3276.04 3229.84 3182.97 3139.98 3102.35 3074.44 3067.82 3072.81 3081.31 3088.72 3087.91 3086.14 3083.76 3081.06 3078.58 3078.19 3075.76 3071.97 3068.45 3069.66 3064.66 3063.35 3068.3 3076.09 3084.4 3092.96 3101.23 3108.81 3116.65 3125.15 3129.12 3127.48 3127.85 3130.23 3134.58 3144.83 3149.79 3162.84 3175.18 3182.53 3189.24 3198.33 3210.94 3233.25 3257.87 3280.23 3298.12 3283.79 3276 3277.43 3283.15 3289.68 3307.84 3331.48 3381.76 3436.8 3495.95 3562.01
4332.93 4194.22 3975.08 3813.47 3685.51 3591.3 3510.91 3444.85 3382.88 3323.63 3269.15 3215.16 3166.06 3118.99 3088.58 3077.17 3084.07 3087.25 3090.41 3089.57 3087.67 3084.55 3080.57 3076.94 3075.99 3075.3 3072.19 3068.79 3068.04 3063.65 3067.69 3073.87 3081.23 3089.14 3097.36 3105.63 3113.66 3121.46 3129.1 3133.05 3131.9 3132.84 3135.85 3139.96 3149.71 3158.73 3174.01 3186.42 3199.67 3210.82 3220.44 3230.52 3254.72 3282.91 3308.02 3330.02 3315.75 3300.92 3302.16 3310.77 3316.12 3313.43 3373.39 3423.08 3476.01 3540.63 3614.25
4306.94 4164.95 3976.4 3852.23 3749.55 3666.04 3596.25 3523.95 3459.22 3396.32 3328.15 3264.3 3201.02 3140.06 3093.68 3087.23 3093.71 3091.34 3091.02 3092.86 3091.66 3087.89 3082.38 3076.31 3077.58 3077.7 3074.84 3071.57 3070.09 3066.54 3073.3 3080.5 3087.54 3094.64 3102.22 3109.99 3117.45 3124.48 3130.17 3133.74 3135.3 3138.9 3144.37 3151.11 3159.13 3176.6 3199.91 3209.74 3226.13 3235.83 3250.98 3265.1 3287.3 3311.17 3328.73 3337.39 3331.33 3319.89 3326 3352.28 3372.88 3368.47 3410.77 3454.35 3515.42 3588.44 3670.72
4139.1 3946.87 3896.27 3837.04 3775.66 3716.12 3654.89 3600.71 3538.97 3468.61 3400.25 3332.23 3270.29 3186.28 3123.43 3110.09 3103.32 3102.15 3102.54 3103.25 3101.2 3096.33 3089.07 3080.91 3080.69 3081.47 3079.61 3078.84 3078.48 3077.73 3082.23 3088.01 3094.39 3101.02 3107.87 3114.94 3121.73 3127.93 3132.83 3136.87 3143.15 3147.61 3153.82 3162.33 3168.58 3194.06 3241.29 3260.94 3267.89 3269.75 3294.07 3315.54 3334.2 3343.06 3349.55 3353.08 3351.24 3348.73 3364.45 3406.08 3454.57 3504.04 3466.98 3485.62 3554.59 3638.65 3730.55
4051.8 3886.98 3848.74 3833.09 3810.37 3782.64 3732.39 3677.86 3618.75 3553.56 3483.09 3411.53 3337.82 3278.34 3211.52 3157.67 3129.3 3124.02 3122.91 3122 3117.78 3110.89 3101.89 3092.45 3087.63 3086.45 3085.6 3085.79 3087.75 3090.05 3092.54 3096.17 3101.23 3107.25 3113.8 3120.47 3127.22 3133.02 3137.88 3142.01 3148.33 3156 3163.23 3171.31 3177.3 3206.06 3260.3 3285.06 3300.31 3333.68 3335.19 3357.52 3372.6 3368.1 3371.14 3374.46 3379.52 3394.07 3422.81 3452.79 3494.7 3520.96 3507.91 3526.83 3597.24 3692.64 3795.51
4014.64 3893.21 3854.1 3850.56 3840.67 3815.16 3800.12 3749.52 3693.75 3630.28 3560.02 3490.81 3420.27 3359.66 3289.68 3220.54 3177.33 3157.2 3153.78 3151.44 3142.81 3132.15 3119.83 3107.85 3098.94 3094.11 3092.29 3092.56 3093.36 3098.54 3100.22 3103.09 3108.47 3113.94 3120.52 3127.21 3133.85 3139.96 3145.4 3151.17 3157.97 3165.81 3173.67 3183.52 3193.76 3209.52 3232.3 3271.27 3301.55 3320.07 3352.7 3365.06 3367.25 3383.63 3389.47 3395.88 3406.3 3425.51 3454.56 3474.93 3504.39 3521.01 3520.64 3551.47 3637.36 3753.63 3874.36
4010.99 3929.57 3901.2 3901.35 3893.43 3881.85 3843.04 3819.05 3771.27 3709.68 3641.46 3568.15 3487.01 3420.42 3349.31 3287.35 3244.98 3223.87 3206.34 3193.97 3180.41 3164.29 3145.28 3127.39 3114.37 3105.65 3100.43 3098.69 3098.41 3101.79 3104.27 3107.82 3114.11 3121.54 3127.28 3134.71 3142.26 3149.05 3155.21 3161.15 3170.71 3178.24 3186.36 3194.54 3205.31 3211.24 3222.49 3272.56 3330.85 3363.74 3375.78 3387.47 3404.03 3399.15 3403.87 3413.22 3427.72 3444.67 3460.67 3480.74 3499.13 3510.3 3520.93 3559.46 3674.43 3823.94 3978.38
4038.69 3998.43 3983.04 3977.04 3970.24 3953.2 3918.87 3877.84 3843.07 3785.32 3724.94 3654.64 3560.83 3462.88 3407.13 3349 3311.16 3290.04 3268.98 3249.24 3228.04 3204.95 3179.1 3152.26 3127.3 3114.88 3109.53 3108.6 3103.86 3107.14 3109.32 3111.75 3114.91 3122.77 3134.03 3143.94 3153.06 3160.65 3167.46 3174.24 3180.96 3191.81 3201.74 3213.45 3222.24 3218.94 3226.04 3283.24 3353.8 3388.62 3390.93 3394.18 3395.41 3403.51 3413.07 3425.07 3439.83 3451.67 3468.74 3489.47 3509.3 3518.24 3530.47 3571.93 3718.37 3908.2 4101.24
4093.1 4089.01 4089.06 4078.05 4054.51 4029.89 4001 3955.37 3911.38 3859.37 3809.46 3751.23 3669.93 3579.44 3506 3424.33 3384.91 3364.09 3339.41 3314.89 3288.34 3258.72 3225.63 3187.71 3149.55 3126.23 3122.46 3122.05 3115.81 3113.91 3116.71 3118.74 3121.92 3131.22 3144.18 3156.53 3166.86 3175.42 3182.03 3188.98 3198.13 3207.91 3217.34 3227.66 3229.03 3229.5 3241.45 3292.93 3346.74 3381.29 3393.42 3396.56 3396.76 3407.12 3420.71 3434.71 3448.57 3458.09 3494.57 3518.26 3528.96 3544.77 3568.09 3613.13 3785.43 4006.72 4223.65
4166.25 4191.67 4206.23 4187.32 4154.99 4116.44 4069.15 4029.24 3984.12 3937.15 3898.3 3855.35 3815.79 3760.44 3658.89 3550.07 3487.05 3445.72 3421.45 3393.63 3362.57 3327.04 3286.26 3239.47 3185.12 3147.82 3148.01 3138.8 3130.46 3125.76 3128.93 3129.5 3133.51 3144.5 3159.26 3173.74 3186.09 3195.01 3200.35 3205.04 3216.7 3223.76 3232.02 3236.06 3239.11 3248.55 3263.18 3309.21 3355.85 3383.27 3396.99 3402.5 3405.65 3416.15 3432.56 3448.17 3464.26 3496.47 3539.79 3550.77 3562.52 3594.41 3647.51 3722.93 3897.56 4125.48 4345.31
4253.27 4303.16 4327.06 4304.04 4259.56 4202.56 4147.58 4093.71 4042.65 4004.3 3970.37 3948.64 3945.76 3927.72 3822.7 3723.48 3623.41 3555.81 3517.63 3481.75 3443.87 3403.63 3360.47 3313.88 3264.62 3248.54 3201.18 3157.66 3142.46 3139.73 3141.77 3142.86 3148.19 3161.67 3179.19 3195.82 3210.53 3221.13 3226.32 3221.71 3234.79 3243.19 3250.26 3252.21 3259.6 3279.02 3298.24 3330.33 3367.92 3391.26 3406.84 3416.53 3421.43 3436.47 3455.83 3471.22 3486.2 3517.24 3544.87 3552.21 3573.37 3661.42 3767.94 3881.77 4054.89 4261.5 4456.19
4349.19 4416.12 4461.08 4417.86 4349.55 4281.55 4213.46 4150.5 4093.22 4042.67 4011.11 3999.19 3993.29 3980.03 3931.01 3856.17 3754.12 3676.31 3623.82 3573.71 3526.09 3481.57 3439.15 3401.48 3364.29 3312.39 3249.1 3190.41 3163.13 3153.61 3158.93 3162.25 3166 3184.94 3205.82 3224.62 3241.5 3253.75 3261.92 3275.26 3268.74 3267.32 3270.63 3272.75 3286.85 3310 3327.83 3347.1 3379.04 3403.5 3425.15 3443.63 3460.26 3478.91 3495.24 3507.99 3517.4 3528.51 3550.1 3562.4 3606.97 3759.25 3922.67 4093.35 4258.82 4398.94 4530.31
4433.39 4501.04 4538.77 4494.8 4419.23 4342.77 4265.95 4191.1 4124.91 4069.3 4028.95 4011.49 4015.8 4017.84 4006.49 3963 3881.24 3800.29 3729.79 3665.06 3610.18 3564.18 3523.09 3485.72 3445.12 3389.82 3313.13 3240.83 3209.42 3184.14 3194.01 3197.57 3198.5 3218.53 3239.71 3259.41 3276.18 3290.19 3298.92 3299.44 3297.74 3292.46 3293.14 3296.69 3310.42 3323.57 3339.9 3359.14 3385.76 3423.32 3454.52 3481.08 3508.9 3535.19 3546.79 3565.89 3579.31 3589.5 3624.68 3658.43 3725.45 3900.05 4091.73 4287.07 4440.19 4513.29 4565
4500.17 4550.55 4570.35 4533.53 4462.76 4381.99 4299.21 4217.98 4141.55 4073.55 4015.92 3980.64 3978.76 3999.31 4045.06 4056.6 4022.1 3914.99 3814.99 3739.01 3681.36 3636.73 3597.82 3564.39 3533.95 3488.77 3404.6 3331.54 3279.52 3238.44 3239.89 3244.48 3246.96 3263.04 3282.23 3300.32 3315.65 3328.98 3339.77 3342.31 3326.43 3316.63 3315.62 3319.29 3335.78 3346.91 3370.97 3391.51 3418.3 3465.01 3499.07 3525.55 3545.73 3569.11 3608.03 3651.78 3690.42 3727.41 3783.91 3844.91 3914.18 4066.89 4251.05 4448.16 4602.98 4584.12 4560.54
4546.65 4578.88 4591.78 4557.19 4487.09 4405.34 4318.12 4230.17 4143.82 4060.09 3982.92 3913.99 3860.84 3896.77 3960.16 4006.16 4026.39 3941.09 3850.96 3785.55 3733.27 3693.44 3659.3 3630.56 3603.84 3577.3 3517.19 3418.75 3345.17 3294.95 3284.48 3291.5 3295.75 3314.22 3331.45 3344.92 3356.2 3366.87 3379.11 3381.47 3353.38 3341.3 3343.14 3350.66 3384.72 3415.6 3445.08 3473.24 3501.18 3539.01 3567.99 3588.64 3601.5 3618.65 3689.95 3764.86 3836.16 3908.89 3988.09 4025.02 4095.3 4228.66 4374.73 4523.98 4640.23 4585.36 4519.05
4573.86 4594.39 4606.19 4570.05 4498.11 4415.29 4325.85 4235.08 4141.1 4046.52 3951.24 3854.59 3772.95 3796.92 3825.42 3861.12 3870.9 3875.79 3842.06 3801.63 3763.46 3737.21 3707.77 3681.1 3649.79 3617.55 3563.29 3454.17 3391.04 3347.7 3328.77 3350.39 3362.98 3376.47 3387.26 3391.66 3397.06 3403.96 3404.06 3397.56 3376.4 3372.28 3388.42 3404.39 3452.2 3502.99 3547.66 3596.07 3621.24 3639.01 3660.11 3679.6 3697.15 3721.63 3807.68 3903.16 3996.99 4083.14 4148.52 4218.31 4295.26 4380.44 4464.65 4538.3 4561.98 4545.7 4483.47
4577.75 4591.43 4595.71 4561.62 4495.3 4415.41 4327.16 4235.65 4138.86 4038.96 3940.88 3842.61 3770.9 3766.79 3777.31 3787.66 3793.48 3822.27 3821.39 3805.57 3782.76 3763.66 3741.37 3715.24 3683.81 3631.23 3556.89 3482.13 3427.54 3384.08 3377.7 3422.93 3438.74 3442.2 3444.56 3444.65 3445.27 3440.51 3430.4 3422.15 3411.9 3421.98 3459.91 3492.23 3539.3 3588.29 3666.6 3707.46 3729.54 3748.76 3770.43 3794.85 3824.1 3869.81 3955.48 4062.37 4169.19 4266.06 4335.21 4420.52 4499.46 4515.41 4534.11 4550.81 4548.78 4529.11 4489.25
4566.52 4576.22 4571.83 4540.6 4486.08 4413.43 4329.04 4237.92 4142.09 4043.92 3949.44 3863.3 3797.81 3786.14 3788.59 3791.53 3798.72 3813.39 3824.4 3823.29 3803.31 3789.53 3772.01 3749.86 3724.2 3696.76 3607.67 3505.7 3479.49 3452.71 3445.46 3494.4 3504.6 3511.25 3510.99 3509.44 3503.54 3493.13 3474.09 3475.2 3481.59 3505.1 3567.41 3615.85 3678.11 3764.85 3814.04 3813.33 3833.63 3860.21 3889.34 3922.81 3963.49 4021.1 4112.07 4227.63 4346.97 4456.9 4538.37 4604.07 4661.77 4610.98 4579.3 4561.78 4548.11 4528.27 4508.29
4547.43 4556.63 4551.78 4524.53 4477.94 4409.7 4332.07 4245.68 4152.8 4058.62 3970.35 3900.68 3858.78 3822.57 3816.07 3813.95 3817.43 3825.36 3836.64 3841.7 3841.76 3821.9 3806.18 3784.51 3756.77 3722.33 3646.15 3570.85 3564.16 3560.3 3541 3573.97 3578.56 3584 3583.16 3580.81 3575.24 3569.76 3563.61 3580.29 3607.02 3656.98 3747.4 3805.64 3864.08 3949.51 3972.06 3938.41 3948.01 3976.35 4011.82 4054.61 4105.88 4170.08 4265.57 4386.89 4516.58 4642.7 4744.4 4773.94 4716.7 4641.29 4589.97 4555.02 4527.66 4511.36 4504.34
4524.07 4534.63 4537.97 4527.38 4473.76 4407.19 4336.65 4255.12 4170.91 4080.72 3990.59 3906.15 3858.85 3845.87 3843.57 3834.25 3836.67 3846.61 3860.6 3870.88 3875.23 3870.49 3849.56 3827.4 3794.39 3749.61 3693.81 3675.8 3675.34 3673.81 3665.15 3660.61 3661.49 3665.62 3664.7 3660.77 3657.62 3663.41 3681.77 3716.16 3773.13 3849.94 3929.94 4006.51 4082.23 4138.08 4109.13 4054.35 4065 4093.38 4133.46 4185.36 4246.42 4319.71 4412.89 4527.62 4648.71 4779.38 4875.73 4814.22 4678.65 4616.78 4568.88 4530.29 4495.92 4479.44 4480.03
4498.7 4508.07 4513.59 4509 4462.64 4403.86 4342.55 4278.42 4206.14 4123.68 4030.68 3918.03 3866.22 3860.42 3851.32 3845.82 3857.17 3881.57 3903.17 3921.62 3928.79 3925.33 3916.57 3892.89 3861.64 3825.06 3792.98 3808.2 3812.08 3791.73 3724.62 3736.45 3758.27 3771.18 3769.13 3756.48 3747.53 3748.85 3794.05 3839.28 3927.07 4039.57 4114.33 4179.88 4273.01 4263.63 4212.13 4181.81 4177.8 4201.88 4245.32 4308.19 4381.99 4462.48 4547.35 4641 4723.69 4804.87 4853.8 4757.88 4635.6 4572.72 4532.9 4500.03 4469.28 4452.99 4457.33
4468.43 4472.7 4473.6 4466.4 4434.21 4394.33 4353.05 4310.15 4258.45 4195.18 4115.26 4015.97 3955.95 3916.06 3880.2 3858.01 3887.56 3926.02 3958.71 3986.42 4001.42 4012.91 4000.67 3980.69 3961.17 3936.57 3937.12 3988.82 3983.7 3953.52 3870.15 3894.63 3908.31 3904.99 3889.11 3864.49 3836.37 3815.46 3829.25 3928.74 4040.88 4142.78 4204.18 4256.61 4309.93 4315.87 4288.95 4267.16 4267.2 4297.2 4348 4413.7 4495.38 4598.45 4697.24 4722.17 4746.07 4759.91 4743.76 4669.53 4566.36 4519.41 4494.71 4475.35 4459.44 4454.16 4467.47
4435.45 4434.69 4423.51 4403.08 4388.67 4378.82 4364.95 4346.27 4322.36 4290.38 4246.66 4181.81 4114.52 4045.27 3978.52 3934.96 3962.86 4002.8 4033.67 4056.85 4075.31 4088.37 4095.35 4092.15 4092.85 4092.99 4136.14 4194.89 4189.06 4158.58 4089.51 4081.27 4090.27 4069 4037.1 3996.24 3949.86 3905.43 3909.99 4030.18 4141.95 4219.29 4248.02 4276.92 4296.19 4299.65 4289.75 4299.49 4326.8 4368.97 4418.99 4487.08 4569.78 4669.17 4760.14 4746.02 4730.48 4704.75 4660.92 4595.57 4508.14 4476.6 4463.66 4457.6 4460.13 4472.6 4493.84
4403.19 4397.16 4381.93 4359.2 4356.6 4369.3 4377.54 4383.38 4389.23 4396.44 4401.75 4377.85 4307.29 4214.1 4134.23 4078.55 4091.6 4113.52 4132.35 4150.42 4167.6 4192.26 4215.69 4236.2 4255.44 4273.96 4343.46 4400.32 4403.63 4380.7 4319.44 4245.24 4273.47 4252.84 4207.45 4154.22 4099.66 4055.06 4072.25 4176.06 4277.96 4320.57 4315.35 4302.69 4274.35 4285.76 4279.37 4323.34 4377.59 4427.85 4477.45 4533.69 4601.09 4668.93 4713.74 4713.55 4686.97 4646.46 4596.29 4532.86 4479 4450.91 4441.29 4441.86 4453.74 4482.59 4484.87
4379.35 4372.58 4360.44 4347.09 4349.32 4369.01 4390.85 4414.71 4443.56 4483.65 4539.09 4597.31 4498.77 4408.04 4338.44 4278.94 4252.15 4241.8 4246.27 4257.27 4273.33 4299.27 4334.1 4376.34 4428.09 4466.1 4555.17 4613.99 4606.48 4601.9 4563.02 4433.99 4485.27 4445.32 4381.74 4320.94 4272.94 4238.32 4261.3 4347.51 4444.73 4521.6 4473.96 4388.83 4321.3 4351.5 4343.35 4400.04 4451.76 4490.45 4522.68 4558.49 4608.23 4646.72 4669.4 4664.22 4632.14 4582.59 4522.54 4464.49 4439.33 4424.72 4419.29 4421.76 4428.73 4433.94 4441.78
4361.59 4357.56 4351.1 4346.29 4352.62 4374.85 4401.42 4434.05 4474.47 4526.5 4588.52 4629.96 4618.82 4600.97 4552.14 4492.04 4408.87 4365.62 4348.2 4350.88 4367.09 4396.6 4442.67 4502.54 4588.96 4670.12 4732.04 4758.32 4740.75 4764.64 4799.1 4720.16 4707.51 4620.09 4533.18 4473.44 4442.72 4437.89 4453.22 4505.09 4575.07 4607.07 4568.82 4526.03 4498.95 4510.97 4515 4544.99 4545.53 4548.82 4551.64 4567.14 4591.13 4612.48 4629.13 4614.8 4576.09 4527.59 4469 4419.42 4400.44 4395.93 4398.07 4400.47 4403.38 4405.93 4409.61
4344.45 4344.06 4347.27 4350.09 4359.71 4379.5 4407.16 4439.09 4479.21 4527.16 4579.66 4617.33 4628.15 4639.01 4626.23 4581.29 4500.58 4450.08 4428.71 4429.41 4447.16 4474.81 4523.77 4583.65 4665.78 4762.4 4736.49 4745.37 4760.11 4797.69 4853.33 4844.97 4844.32 4716.58 4622.55 4576.46 4570.44 4599.44 4595.35 4609.86 4658.99 4686.74 4630.51 4635.24 4660.85 4670.16 4713.56 4684.41 4618.94 4582.07 4560.21 4552.13 4553.02 4560.94 4571.86 4553.19 4514.73 4480.79 4442.19 4398.57 4377.95 4377.8 4381.2 4383.34 4384.31 4384.66 4385.61
4334.35 4337.38 4341.42 4350.2 4362.32 4380.68 4404.68 4433.26 4464.42 4499.48 4533.18 4557.89 4564.59 4568.96 4577.49 4562.64 4524.21 4491.2 4474.7 4476.89 4498.52 4527.95 4570.54 4616.54 4652.21 4646.88 4652.02 4650.92 4703.88 4733.12 4748.66 4873.31 4781.81 4683.57 4629.09 4613.98 4630.75 4656.78 4659.77 4650.87 4635.61 4624.35 4633.58 4644.95 4677.98 4729.91 4779.29 4711.17 4630.82 4577.67 4540.95 4516.13 4501.75 4489.98 4476.62 4455.6 4438.38 4432.43 4415.46 4380.23 4368.8 4369.15 4368.27 4368.98 4370.41 4370.94 4371.26
