real_craters/C151-500m.grd
DSAA
196 196
-48.8425 48.8425
-48.8425 48.8425
8368.7774604233 10183.716149835
[rows 150 to 179 of 196, columns 0 to 66 of 196]
9840.31 9837.49 9832.59 9818.05 9811.34 9808.94 9816.94 9827.23 9838.66 9846.06 9832.75 9815.54 9799.53 9783.32 9773.86 9770.07 9765.58 9761.65 9757.79 9754.48 9752.72 9752.34 9746.18 9738.45 9729.69 9716.34 9702.66 9690.11 9687.22 9685.11 9683.08 9681.17 9682.81 9687.72 9691.25 9692.6 9690.92 9698.56 9704.18 9707.35 9701.67 9664.29 9604.81 9514.69 9375.82 9389.33 9498.32 9580 9638.04 9665.1 9660.78 9659.47 9657.4 9661.57 9656.87 9648.36 9642.3 9639.41 9637.87 9635.77 9633.91 9631.95 9630.2 9628.48 9626.89 9625.87 9624.27
9835.9 9829.31 9828.49 9818.14 9809.22 9807.73 9815.58 9826.27 9838.34 9855.56 9839.38 9826.54 9813 9796.08 9786.76 9781.6 9771.69 9765.2 9764.38 9758.64 9751.8 9748.11 9740.46 9732.2 9723.07 9710.45 9698.98 9687.8 9685.04 9684.14 9683.89 9684.73 9687.66 9689.54 9689.04 9688.21 9687.55 9692.25 9695.98 9697.26 9693 9669.34 9638.01 9607.31 9588.2 9539.43 9545.86 9585.23 9656.51 9696.13 9705.07 9676.47 9675.24 9677.65 9665.59 9648.05 9634.12 9637.73 9637.61 9634.69 9632.5 9630.36 9628.5 9626.18 9624.41 9622.45 9620.61
9831.65 9822.1 9818.1 9815.54 9805.74 9805.65 9816.2 9825.76 9828.27 9827.82 9838.34 9836.71 9828.26 9814.93 9808.12 9801.89 9793.69 9784.08 9775.76 9761.65 9747.81 9740.28 9732.61 9718.92 9710.85 9705.36 9696.92 9687.03 9685.34 9685.69 9686.51 9687.68 9689.57 9688.83 9686.79 9684.87 9684.41 9684.31 9685.32 9683.66 9679.13 9674.34 9667.4 9676.35 9706.12 9642.37 9582.2 9554.24 9547.33 9520.9 9542.95 9701.24 9712.09 9697.08 9674.12 9649.29 9636.05 9637.43 9636.51 9633.35 9630.97 9628.6 9626.39 9624.02 9621.98 9620.07 9618.51
9837.1 9829.17 9816.01 9807.66 9809.26 9809.53 9823.42 9833.71 9838.54 9839.43 9847.67 9850.28 9850.56 9843.97 9832.6 9826.47 9823.23 9810.7 9789.96 9765.66 9745.82 9736.4 9730.62 9724.64 9715.46 9708.29 9700.8 9689.42 9687.44 9687.88 9688.51 9688.7 9687.98 9686.35 9683.68 9680.15 9675.22 9675.04 9675.72 9673.98 9673.03 9673.43 9676.62 9680.9 9673.84 9644.17 9589.89 9518.16 9397.66 9309.05 9352.36 9606.33 9710.68 9701.14 9674.77 9651.02 9635.37 9634.65 9634.15 9631.35 9629.57 9627.72 9625.83 9623.78 9621.72 9619.22 9617.26
9858.06 9860.2 9840.39 9836.12 9831.06 9833.36 9834.85 9845.71 9864.76 9869.93 9861.84 9861.63 9865.33 9868.32 9859.92 9843.06 9836.07 9830.81 9805.73 9773.44 9749.28 9738.89 9730.74 9725.57 9718.42 9712.72 9705.4 9694.25 9690.23 9690.12 9690.92 9689.24 9686.88 9685.53 9680.41 9676.51 9673.29 9671.43 9669.77 9667.95 9668.73 9672.21 9674.5 9672.5 9661.21 9643.61 9609.86 9558.08 9463.29 9347.13 9383.4 9617.58 9705.24 9701.13 9674.04 9642.68 9628.43 9629.23 9631 9629.28 9628.34 9627 9625.16 9623.06 9621.14 9619.3 9617.69
9885.63 9864.83 9853.89 9835.87 9828.84 9832.05 9839.8 9849.13 9859.44 9865.95 9866.28 9865.47 9863.43 9858.86 9851.26 9841.79 9842.57 9844.88 9821.96 9788.21 9753.33 9738.2 9730.36 9722.55 9716.5 9709.11 9705.45 9694.44 9690.59 9690.71 9692.12 9688.68 9684.61 9677.13 9675.55 9673.07 9671.58 9670.05 9668.09 9666.33 9666.63 9671.91 9673.34 9668.81 9659 9653.1 9642.76 9640.86 9663.53 9606.96 9610.17 9706.66 9707.81 9690.25 9660.72 9633.23 9625.52 9627.72 9629.17 9627.8 9626.76 9625.56 9624.16 9623.19 9621.68 9620.57 9618.85
9898.94 9881.79 9865.31 9853.41 9841.36 9837.82 9840.98 9846.45 9853.37 9859.85 9864.35 9866.22 9862.99 9853.25 9836.39 9833.26 9829.3 9849.35 9834.9 9804.2 9772.65 9748.93 9735.86 9724.4 9719.02 9714.39 9708.83 9700.05 9689.05 9688.65 9689.42 9685.65 9679.9 9674.47 9670.95 9669.27 9668.63 9668.43 9666.81 9666.57 9668.08 9672.45 9674.09 9671.9 9665.62 9661.87 9659.73 9663.77 9676.45 9686.75 9670.1 9675.3 9681.28 9668.25 9644.25 9624.17 9624.34 9627.5 9629 9628.75 9628.53 9628.14 9626.8 9625.34 9623.95 9621.23 9620.05
9890.49 9880.17 9871.77 9864.32 9853.56 9845.71 9843.18 9843.32 9844.67 9852.99 9860.95 9867.09 9868.62 9857.7 9844.08 9836 9834.11 9846.72 9845 9813.91 9804.06 9778.26 9748.01 9726.94 9722.06 9719.35 9713.5 9700.16 9686.73 9684.86 9685.16 9681.92 9675.8 9669.94 9666.31 9664.78 9664.23 9663.6 9663.45 9664.72 9667.24 9672.15 9675.34 9676.63 9672.94 9665.6 9659.76 9650.72 9643.94 9648.18 9639.26 9636.7 9647.4 9639.51 9631.99 9623.34 9627.5 9627.82 9627.95 9627.36 9626.62 9626.13 9624.88 9624.02 9622.7 9620.06 9618.96
9888.76 9880.65 9872.01 9865.58 9855.66 9849.25 9844.57 9841.43 9840.37 9848.96 9858.14 9866.27 9872.96 9862 9850.4 9842.01 9837.79 9857.1 9863.27 9850.88 9834.78 9809.36 9767.33 9734.8 9727.2 9722.78 9714.97 9703.56 9683.97 9681.67 9682.44 9679.22 9672.18 9663.79 9661.95 9660.66 9658.83 9657.13 9658.42 9661.48 9665.08 9670.44 9675.79 9679.34 9673.55 9662.7 9650.58 9640.91 9636.21 9636.96 9626.78 9625.67 9629.09 9629.1 9627.19 9624.07 9624.69 9627.13 9628.03 9628.11 9627.91 9627.77 9627.11 9626.6 9626.02 9624.7 9623.04
9888.7 9883.63 9873.84 9865.85 9860.24 9852.25 9846.23 9841.94 9841.49 9847.19 9855.1 9861.22 9862.16 9859.18 9851.32 9846.08 9845.02 9850.15 9859 9864.32 9854.73 9836.55 9795.64 9758.16 9735.18 9724.34 9718.37 9704.29 9681.17 9678 9678.44 9676.53 9669.85 9664.44 9661.34 9658.5 9655.68 9653.1 9654.86 9657.08 9662.41 9667.74 9673.97 9681.35 9671.94 9658.59 9646.7 9636.09 9631.23 9629.64 9626.66 9625.32 9625.41 9625.8 9625.38 9624.43 9624.19 9627.35 9628.98 9630.4 9631.34 9631.77 9633.08 9633.27 9633.02 9632.35 9630.89
9886.99 9884.95 9875.62 9867.58 9860.88 9854.21 9848.06 9843.4 9842.4 9846.94 9852.73 9857.56 9858.07 9855.8 9852.55 9848.93 9842.62 9841.91 9845.73 9859.29 9864.43 9852.69 9830.83 9798.38 9758.94 9741.72 9728.83 9708.28 9678.67 9674.23 9675.16 9674.44 9668.93 9664.12 9661.15 9658.09 9654.95 9653.28 9654.09 9657.07 9659.86 9662.57 9664.67 9665.7 9661.19 9652.83 9643.17 9634.3 9631.54 9630.57 9626.2 9625.13 9625.33 9627.13 9628.06 9627.73 9629.13 9629.77 9631.11 9629.96 9631.28 9631.72 9632.15 9632.54 9632.45 9632.68 9632.66
9887.73 9885.2 9874.87 9867.23 9863.29 9856.21 9849.98 9845.51 9844.38 9847.27 9851.87 9856.35 9856.76 9851.6 9847.46 9846.26 9840.72 9835.54 9831.86 9836.53 9839.66 9827.03 9817.79 9807.13 9792.09 9767.71 9745.33 9720.98 9689.81 9673.14 9672.77 9673.08 9669 9666.53 9663.43 9658.74 9655.06 9652.55 9654.48 9657.19 9657.58 9656.85 9653.93 9648.61 9650.4 9646.94 9640.83 9634.45 9633.99 9632.46 9625.7 9624.7 9626.49 9629.32 9635.06 9641.49 9637.59 9631.99 9631.4 9628.82 9628.88 9628.85 9628.87 9629.26 9629.79 9630.46 9634.05
9886.24 9884.36 9876.31 9870.24 9864.18 9857.72 9851.39 9846.06 9844.82 9847.13 9850.55 9853.83 9852.65 9846.45 9837.34 9834.89 9838.41 9834.55 9834.53 9833.18 9827.95 9820.2 9819.6 9810.47 9799.56 9782.6 9759.7 9734.33 9684.62 9670.73 9670.8 9672.47 9670.77 9667.93 9663.64 9658.71 9655.12 9653.47 9655.82 9657.47 9655.59 9652.98 9649.4 9646.28 9645.47 9643.99 9640.49 9636.55 9635.82 9630.88 9622.67 9624.02 9626.73 9628.87 9628.21 9627.92 9630.54 9630.58 9630.2 9629.94 9629.51 9629.78 9630.33 9632.46 9633.62 9633.97 9635.13
9880.91 9882.86 9878.36 9872.05 9865.41 9858.88 9852.51 9847.41 9845.37 9846.33 9848.17 9850.16 9848.54 9843.7 9838.51 9836.36 9833.53 9831.72 9830.81 9831.52 9824.49 9815.04 9811.18 9802.73 9795.27 9785.62 9768.98 9751.12 9685.81 9673.45 9676.45 9676.56 9675.56 9666.78 9661.2 9657.01 9654.52 9653.61 9655.32 9655.56 9653.2 9650.4 9647.7 9645.73 9644.3 9643.2 9642.06 9639.99 9637.26 9630.43 9624.84 9626.08 9628.22 9630.65 9631.36 9628.98 9628.82 9628.29 9628.17 9628.9 9628.71 9630.08 9630.95 9632.09 9633.39 9634.99 9636.65
9878.99 9880.04 9878.24 9873.99 9867.11 9860.03 9853.35 9848.21 9845.58 9844.85 9844.88 9844.37 9844.16 9842.37 9840.05 9837.18 9831 9829.53 9827.89 9828.76 9821.36 9808.96 9796.83 9790.13 9782.91 9779.58 9768.51 9756.15 9747.39 9678.16 9688.18 9700.09 9690.5 9668.83 9658.09 9653.7 9652.15 9651.61 9651.93 9652.21 9650.25 9647.46 9645.19 9644.3 9644.25 9643.94 9644.17 9643.71 9639.41 9633.96 9631.48 9629.21 9629.23 9632.1 9639.89 9636.65 9629.21 9626.56 9626.7 9627.5 9628.11 9628.95 9630.05 9630.55 9632.16 9632.38 9634.91
9880.13 9882.52 9879.01 9875.12 9865.73 9859.71 9853.77 9848.29 9845.3 9843.65 9842.51 9841.66 9841.75 9841.91 9841.37 9838.98 9832.12 9829.21 9827.64 9825.68 9819.13 9808.24 9796.53 9779.97 9770.46 9768.53 9761.63 9747.39 9707.17 9681.32 9699.75 9722.93 9707.37 9671.99 9653.58 9650.45 9649.98 9650.47 9651.04 9650.1 9647.62 9644.74 9643.77 9643.22 9644.31 9645.28 9644.74 9641.73 9636.07 9636.89 9634.86 9630.72 9627.48 9625.71 9625.16 9622.63 9622.92 9623.02 9622.95 9623.71 9624.48 9625.57 9626.82 9629.04 9630.77 9633.76 9636.65
9878.47 9877.83 9878.37 9874.22 9866.22 9860.77 9854.45 9848.92 9845.04 9842.54 9841.05 9841.22 9841.04 9842.05 9842.97 9842.49 9835.2 9829.59 9826.48 9822.12 9816.83 9806.84 9792.74 9777.97 9769.26 9763.12 9754.98 9739.37 9709.42 9681.87 9702.39 9728.31 9715.75 9675.61 9649.23 9647.61 9649.39 9652.01 9653.95 9651.4 9646.87 9641.87 9637.35 9640.73 9645.49 9648.9 9647.85 9645.66 9644.9 9641.87 9637.69 9631.07 9624.77 9617.92 9610.78 9612.36 9616.37 9618.97 9621.46 9622.98 9624.47 9626.28 9627.64 9629.39 9631.8 9631.94 9634.62
9878.08 9877.65 9877.73 9874.2 9870 9862.94 9855.14 9848.69 9844.73 9841.58 9839.51 9838.68 9839.45 9841.07 9842.62 9839.38 9834.91 9830.5 9825.45 9823.34 9816.53 9808.51 9798.01 9783.21 9773.03 9767.84 9751.15 9731.83 9708.94 9679.33 9698.47 9725.04 9718.15 9677.8 9647.97 9647.21 9651.03 9656.25 9660.8 9654.14 9647.73 9642.09 9636.62 9640.8 9647.96 9655.2 9662.85 9658.12 9651.95 9645.76 9638.29 9630.55 9622.84 9615.21 9610.72 9612.69 9613.63 9615.21 9617.38 9619.07 9620.54 9622.07 9623.69 9626.49 9629.88 9631.66 9633.6
9874.58 9875.37 9874.45 9872.52 9870.63 9864.38 9856.73 9849.84 9845.32 9841.01 9837.55 9836.49 9837.48 9839.52 9841.45 9839.12 9834.14 9829.22 9823.73 9821.49 9813.02 9805.34 9797.76 9787.92 9779.46 9770.92 9751.46 9729.11 9692.81 9665.9 9690.2 9716.77 9714.96 9679.55 9649.02 9648.03 9653.86 9661.12 9658.6 9653.72 9650.74 9646.66 9642.44 9645.02 9649.68 9655.9 9663.41 9652.48 9639.07 9640.59 9635.6 9628.56 9621.04 9615.2 9612.21 9612.24 9611.67 9612.51 9614.55 9616.28 9617.74 9620.26 9622.39 9623.85 9625.7 9626.38 9629.14
9872.42 9874.53 9876.13 9873.69 9872.41 9866.77 9860.37 9853.49 9847.1 9841.52 9835.36 9833.1 9835.91 9837.71 9838.45 9836.92 9831.78 9825.7 9816.37 9809.43 9806.56 9801.97 9795.67 9789.78 9786.03 9780.54 9770.73 9736.84 9712.04 9676.21 9688.14 9707.91 9709.65 9681.86 9653.64 9649.68 9655.43 9663.89 9661.99 9656.26 9656.31 9654.49 9651.78 9649.79 9649.43 9649.62 9648.22 9640.35 9636.1 9638.89 9632.86 9626.21 9619.52 9614.42 9611.27 9609.69 9609.73 9610.52 9613.75 9615.5 9618.2 9619.42 9620.87 9621.11 9621.61 9623.45 9624.06
9868.79 9874.84 9878.04 9875.63 9874.82 9868.55 9861.9 9855.24 9849.05 9843.99 9840.32 9837.15 9836.19 9836.47 9836.92 9834.92 9828.37 9821.5 9814.19 9805.7 9803.05 9799.45 9797.56 9792.15 9791.32 9788.3 9780.98 9752.39 9725.14 9684.29 9684.8 9705.04 9711.39 9690.31 9657.43 9651.21 9656.7 9662.96 9665.34 9664.59 9662.94 9663.75 9661.94 9653.15 9647.18 9641.82 9635.55 9628.29 9626.41 9630.68 9628.56 9623.47 9617.22 9610.51 9607.41 9607.16 9607.29 9608.73 9611.36 9614.03 9615.45 9617.06 9618.4 9619.45 9618.48 9618.83 9617.69
9862.03 9871.64 9873.47 9873.14 9872.74 9868.51 9860.65 9854.87 9849.86 9845.82 9842.97 9839.64 9836.77 9835.3 9834.13 9832.17 9827.74 9824.57 9818.01 9808.56 9804.29 9802.59 9799.98 9797.6 9799.1 9799.35 9795.7 9762.71 9740.9 9684.02 9679.45 9708.04 9737.13 9709.11 9669.86 9654.35 9660.93 9673.05 9674.06 9669.37 9663.84 9662.26 9659.6 9651.19 9643.21 9635.62 9627.67 9623.23 9622.14 9624.63 9624.01 9620.6 9615.86 9609.78 9604.47 9605.14 9605.98 9607.54 9609.5 9611.94 9613.64 9613.86 9614.92 9614.98 9613.8 9613.31 9613.14
9856.08 9862.04 9864.12 9866.95 9867.67 9863.94 9858.66 9853.48 9849.48 9846.21 9843.08 9839.34 9835.93 9833.54 9832 9830.2 9829.66 9826.47 9820.53 9811.82 9805.08 9801.93 9801.01 9802.17 9806.12 9808.99 9808.79 9779.05 9757.97 9656.96 9671.78 9703.36 9735.29 9730.74 9706.36 9667.45 9666.14 9679.48 9671.98 9663.42 9654.94 9651.17 9648.44 9644.39 9638.58 9632.44 9626.04 9620.75 9620.28 9622.16 9621.35 9618.81 9615.6 9613.39 9607.8 9605.69 9605.6 9607.63 9608.38 9610.13 9611.54 9612.54 9612.48 9612.44 9611.74 9611.5 9610.99
9850.22 9853.78 9856.92 9860.34 9862.51 9858.85 9854.01 9850.75 9847.98 9845.73 9843.52 9838.75 9834.35 9830.63 9829.1 9828.27 9827.29 9824.27 9819.57 9810.77 9804.06 9800.71 9799.5 9802.81 9809.9 9816.24 9819.74 9794.59 9773.11 9736.08 9666.79 9697 9739.01 9746.28 9740.61 9708.48 9675.5 9652.77 9647.78 9640.24 9640.94 9639.33 9639.03 9637.93 9634.61 9630.49 9625.98 9621.48 9619.9 9620.84 9619.33 9616.98 9614.31 9610.82 9606.97 9606.32 9606.12 9608.76 9609.83 9611.03 9612.03 9613.19 9613.81 9615.09 9615.22 9615.25 9614.35
9842.93 9849.07 9849.88 9852.63 9852.55 9852.66 9849.28 9847.11 9845.2 9843.11 9840.76 9836.48 9831.91 9827.63 9824.65 9823.95 9821.55 9821.07 9817.64 9811.3 9804.7 9799.66 9799.84 9801.08 9810.01 9818.83 9825.23 9804.39 9785.39 9731.87 9662.42 9685.73 9726.54 9743.79 9742.04 9734.8 9693.82 9645.99 9640.78 9635.12 9633.69 9633.88 9634.31 9633.74 9631.61 9628.22 9623.49 9618.3 9618.23 9619.06 9617.49 9615.18 9613.02 9610.89 9606.81 9607.71 9608.71 9610.57 9613.39 9614.5 9616.16 9617.08 9617.82 9618.11 9619.42 9619.25 9618.63
9834.71 9840.54 9841.37 9842.53 9841.84 9842.11 9843.44 9843 9841.46 9839.32 9836.44 9833.3 9829.51 9825.42 9820.9 9820.43 9819.14 9816.17 9813.46 9813.62 9808.89 9802.91 9800.8 9798.53 9808.77 9820.85 9830.38 9814.07 9801.89 9758.49 9661.04 9678.9 9716.44 9734.33 9729.52 9723.2 9709.43 9685.33 9655.81 9637.6 9633.02 9633.8 9633.99 9632.38 9629.72 9626.7 9622.97 9621 9621.16 9619.55 9617.05 9613.52 9610.87 9610.47 9610.65 9610.76 9612.39 9613.82 9615.67 9616.79 9618.19 9619.27 9620.85 9621.74 9622.15 9621.9 9622.83
9823.36 9828.03 9829.35 9832.31 9834.41 9836.82 9840.49 9838.95 9837.45 9835.9 9833.39 9830.07 9826.87 9824.27 9823.84 9819.46 9817.05 9815.49 9812.89 9808.15 9804.66 9802.57 9800.79 9797.51 9806.43 9819.83 9831.55 9836.94 9807.77 9773.61 9673.34 9682.15 9714.57 9729.1 9716.34 9695.79 9709.58 9709.06 9670.55 9640.64 9634.59 9639.13 9637.45 9633.6 9628.82 9623.48 9620.34 9620.43 9623.66 9621.81 9618.55 9613.39 9607.67 9607.85 9610.73 9613.12 9615.19 9616.69 9618.76 9620.34 9621.67 9623.28 9625.09 9626.45 9627.24 9628.82 9629.1
9815.21 9816.48 9820.62 9823.98 9828.72 9832.89 9832.57 9832.81 9832.17 9831.15 9828.98 9825.97 9823.12 9820.7 9818.51 9816 9813.82 9813.23 9807.36 9805.31 9802.81 9800.61 9797.44 9794.24 9801.76 9816.17 9828.93 9836.37 9811.85 9786.78 9696.8 9696.51 9727.13 9743.36 9718.86 9692.78 9704.36 9702.83 9673.69 9644.94 9638.55 9644.76 9642.9 9638.03 9631.29 9624.79 9619.67 9620.08 9623.66 9626.21 9623.96 9617.59 9606.96 9604.42 9611.81 9616.93 9620.09 9621.91 9624.47 9625.98 9627.23 9628.25 9629.08 9630.1 9631.94 9633 9634.07
9807.27 9814.11 9816.52 9817.11 9821.42 9825.35 9823.45 9825.13 9825.08 9824.26 9822.6 9819.9 9817.71 9815.98 9813 9811.2 9809.68 9809.46 9807.16 9803.83 9802.69 9798.2 9793.7 9790.59 9797.13 9810.14 9808.74 9812.73 9809.19 9788.04 9719.8 9713.7 9743.92 9764.47 9730.2 9691.04 9693.01 9696.14 9673.06 9648.02 9642.82 9651.95 9650.94 9646.13 9638.2 9629.07 9628.15 9632.93 9636.28 9636.85 9634.7 9630.24 9622.84 9616.56 9619.88 9624.21 9626.49 9628 9629.38 9630.71 9631.77 9632.71 9633.55 9635 9636.08 9637.26 9638.6
9806.92 9809.96 9810.82 9811.4 9813.23 9815.33 9817.76 9817.06 9816.46 9816.02 9814.06 9811.81 9810.07 9809.55 9805.89 9805.95 9806.88 9810.42 9804.36 9800.58 9797.09 9794.31 9791.26 9789.7 9794.09 9805.72 9817.71 9825.61 9806.66 9785.18 9736.46 9720.72 9751.86 9777.05 9746.47 9699.37 9687.41 9692.39 9677.27 9656.45 9650.64 9660.06 9661.35 9657.99 9652.65 9647.08 9651.89 9655.45 9655.3 9650.37 9647.93 9647.02 9647.63 9640.92 9636.02 9635.36 9635.09 9635.28 9635.71 9635.85 9636.25 9638.45 9639.42 9640.27 9641.29 9641.8 9643.4
