real_craters/C151-750m.grd
DSAA
131 131
-48.8425 48.8425
-48.8425 48.8425
8370.5243976797 10184.040568834
[rows 37 to 73 of 131, columns 0 to 83 of 131]
9783 9796 9802 9790 9759 9732 9716 9707 9695 9684 9660 9659 9649 9643 9663 9695 9689 9664 9645 9633 9625 9612 9600 9610 9621 9623 9623 9621 9624 9626 9630 9633 9635 9633 9628 9621 9623 9616 9607 9608 9603 9601 9613 9617 9609 9595 9625 9651 9656 9661 9664 9654 9640 9627 9628 9637 9637 9625 9613 9614 9625 9614 9612 9618 9619 9616 9609 9609 9617 9630 9636 9630 9672 9618 9313 9259 9308 9357 9460 9682 9680 9661 9649 9662
9802 9832 9810 9767 9743 9732 9724 9716 9709 9695 9667 9664 9648 9657 9675 9699 9684 9659 9647 9634 9634 9636 9638 9633 9640 9644 9641 9636 9636 9635 9635 9630 9630 9630 9625 9615 9624 9627 9619 9630 9643 9655 9649 9647 9636 9624 9643 9658 9653 9648 9636 9630 9625 9617 9616 9630 9628 9617 9606 9615 9619 9618 9618 9623 9624 9622 9615 9603 9615 9633 9645 9636 9661 9677 9424 9296 9357 9396 9495 9705 9701 9684 9680 9676
9801 9809 9788 9745 9722 9724 9725 9721 9718 9713 9670 9687 9669 9701 9732 9716 9694 9672 9656 9652 9659 9643 9618 9618 9632 9663 9657 9651 9641 9637 9634 9631 9631 9632 9637 9643 9640 9651 9660 9650 9652 9649 9642 9637 9638 9641 9641 9648 9641 9635 9629 9624 9617 9611 9610 9615 9617 9620 9616 9617 9631 9635 9633 9633 9631 9631 9638 9623 9618 9629 9637 9633 9638 9658 9657 9620 9530 9544 9634 9705 9701 9688 9687 9683
9796 9794 9772 9731 9708 9708 9711 9713 9718 9724 9687 9693 9697 9728 9747 9714 9687 9664 9657 9651 9644 9624 9610 9607 9619 9656 9659 9653 9645 9639 9635 9632 9628 9631 9637 9643 9643 9650 9653 9650 9647 9637 9633 9630 9632 9636 9630 9623 9624 9623 9620 9618 9616 9617 9619 9619 9622 9625 9625 9620 9607 9628 9649 9639 9636 9633 9626 9608 9615 9627 9631 9633 9626 9632 9654 9671 9652 9670 9729 9731 9712 9694 9684 9679
9789 9774 9746 9709 9689 9691 9696 9700 9706 9709 9707 9702 9725 9733 9722 9694 9674 9659 9648 9636 9616 9603 9608 9602 9613 9645 9647 9643 9638 9636 9633 9630 9628 9626 9625 9627 9634 9640 9641 9638 9631 9626 9624 9623 9625 9617 9611 9605 9611 9612 9613 9612 9614 9619 9623 9626 9626 9627 9624 9624 9624 9619 9613 9635 9640 9636 9623 9606 9618 9633 9640 9646 9630 9630 9641 9660 9696 9725 9759 9769 9742 9728 9714 9701
9778 9741 9706 9689 9679 9679 9682 9686 9690 9696 9699 9691 9699 9711 9699 9679 9659 9649 9629 9612 9598 9591 9592 9591 9596 9608 9624 9630 9632 9633 9632 9632 9630 9626 9621 9621 9626 9630 9629 9627 9626 9626 9611 9613 9616 9612 9610 9610 9610 9610 9609 9607 9614 9621 9627 9630 9632 9638 9643 9631 9615 9623 9638 9647 9651 9646 9637 9622 9628 9650 9662 9652 9638 9639 9663 9696 9718 9746 9766 9782 9777 9767 9751 9723
9766 9728 9695 9680 9672 9672 9675 9674 9672 9671 9683 9707 9702 9700 9681 9657 9630 9613 9605 9597 9595 9592 9588 9585 9584 9590 9602 9614 9624 9630 9633 9636 9635 9630 9617 9618 9621 9625 9621 9615 9608 9619 9607 9604 9610 9609 9612 9609 9614 9613 9611 9612 9618 9625 9634 9636 9638 9635 9634 9628 9629 9626 9645 9668 9671 9667 9659 9645 9645 9668 9687 9665 9665 9658 9684 9713 9729 9751 9778 9791 9801 9828 9783 9751
9754 9723 9694 9682 9674 9672 9667 9667 9662 9653 9653 9675 9692 9688 9656 9628 9608 9595 9587 9584 9600 9610 9596 9585 9579 9579 9592 9607 9618 9628 9637 9642 9643 9642 9640 9628 9620 9613 9613 9612 9611 9603 9601 9596 9587 9603 9613 9615 9619 9615 9615 9617 9624 9632 9640 9645 9642 9628 9623 9639 9649 9624 9671 9696 9698 9698 9695 9691 9669 9688 9705 9696 9688 9674 9698 9715 9730 9749 9775 9796 9797 9771 9771 9774
9740 9716 9696 9686 9685 9680 9676 9670 9662 9646 9638 9644 9676 9680 9641 9614 9601 9591 9584 9580 9593 9603 9597 9582 9577 9579 9590 9606 9620 9631 9643 9653 9657 9658 9657 9639 9624 9615 9611 9610 9617 9612 9606 9603 9590 9596 9611 9614 9615 9617 9618 9622 9630 9641 9649 9654 9655 9633 9628 9640 9648 9654 9673 9700 9716 9727 9736 9758 9736 9723 9730 9774 9757 9722 9692 9705 9722 9738 9749 9762 9778 9756 9749 9723
9730 9712 9697 9689 9687 9685 9683 9673 9658 9637 9621 9641 9664 9674 9652 9625 9602 9593 9589 9583 9584 9616 9608 9583 9580 9586 9598 9614 9628 9640 9654 9664 9673 9676 9666 9651 9631 9617 9616 9614 9623 9619 9622 9616 9603 9616 9609 9607 9613 9616 9621 9627 9636 9651 9666 9671 9657 9649 9637 9657 9674 9700 9756 9763 9731 9745 9797 9837 9801 9752 9772 9847 9824 9733 9703 9709 9722 9730 9735 9746 9761 9769 9751 9735
9723 9707 9694 9690 9694 9693 9685 9673 9651 9632 9639 9636 9654 9683 9671 9643 9612 9600 9598 9593 9594 9613 9606 9587 9594 9601 9616 9629 9639 9652 9666 9678 9690 9697 9694 9667 9645 9631 9628 9630 9631 9623 9613 9601 9585 9584 9602 9613 9617 9621 9627 9630 9642 9672 9690 9686 9684 9679 9676 9721 9768 9818 9808 9756 9660 9671 9705 9656 9591 9659 9743 9836 9848 9780 9740 9741 9743 9735 9729 9733 9763 9764 9759 9749
9719 9705 9693 9690 9695 9690 9677 9662 9647 9671 9697 9652 9646 9684 9657 9619 9599 9596 9593 9594 9596 9597 9606 9606 9618 9625 9634 9645 9654 9665 9678 9689 9702 9712 9705 9678 9650 9639 9640 9642 9634 9609 9600 9591 9600 9590 9604 9612 9621 9635 9647 9663 9692 9715 9739 9747 9732 9739 9763 9747 9784 9728 9519 9395 9471 9527 9549 9469 9383 9382 9466 9687 9834 9880 9828 9805 9776 9748 9727 9714 9754 9773 9772 9760
9715 9703 9692 9686 9684 9677 9662 9650 9653 9707 9715 9681 9631 9646 9630 9607 9595 9588 9582 9586 9584 9593 9621 9639 9649 9650 9653 9657 9665 9674 9682 9693 9706 9718 9711 9683 9657 9646 9648 9647 9623 9611 9602 9593 9594 9609 9613 9624 9633 9651 9675 9696 9714 9767 9812 9824 9814 9818 9808 9640 9466 9335 9275 9259 9336 9426 9460 9518 9541 9497 9376 9428 9676 9925 9915 9857 9809 9773 9742 9728 9781 9792 9784 9774
9712 9699 9687 9678 9672 9662 9652 9640 9658 9697 9713 9672 9619 9628 9618 9607 9599 9597 9598 9606 9615 9630 9651 9667 9673 9666 9661 9665 9670 9676 9683 9691 9700 9711 9704 9685 9667 9657 9653 9650 9639 9627 9599 9595 9578 9596 9613 9628 9645 9670 9709 9748 9760 9821 9852 9909 9727 9567 9543 9466 9364 9305 9259 9228 9252 9321 9403 9435 9463 9495 9481 9375 9522 9824 9912 9847 9802 9779 9761 9753 9754 9785 9785 9780
9707 9696 9684 9672 9664 9653 9645 9644 9643 9666 9732 9680 9623 9635 9616 9610 9610 9615 9619 9638 9656 9671 9684 9690 9684 9669 9665 9665 9670 9674 9680 9684 9686 9683 9687 9686 9680 9667 9657 9652 9654 9626 9604 9598 9594 9597 9611 9624 9629 9674 9739 9818 9907 9870 9793 9667 9553 9457 9394 9294 9227 9257 9136 9084 9104 9143 9191 9238 9324 9385 9396 9340 9324 9567 9720 9747 9761 9782 9808 9818 9806 9778 9775 9781
9703 9693 9683 9676 9662 9650 9641 9635 9637 9668 9718 9682 9631 9644 9624 9616 9633 9650 9671 9670 9682 9691 9699 9673 9658 9659 9660 9661 9664 9667 9674 9680 9679 9674 9682 9689 9684 9672 9657 9646 9649 9636 9619 9616 9608 9614 9617 9631 9652 9687 9760 9834 9901 9830 9728 9597 9470 9357 9247 9116 8982 8869 8795 8828 8864 8918 8962 8978 8994 9124 9240 9329 9242 9267 9460 9598 9680 9754 9830 9894 9866 9767 9751 9758
9698 9689 9681 9673 9659 9646 9640 9637 9626 9651 9701 9679 9642 9647 9631 9664 9678 9681 9688 9686 9689 9691 9692 9662 9644 9648 9651 9658 9662 9671 9675 9678 9680 9681 9682 9689 9696 9669 9649 9635 9634 9637 9630 9634 9632 9621 9625 9641 9654 9696 9757 9792 9764 9731 9655 9541 9407 9254 9068 8947 8825 8729 8679 8652 8661 8685 8732 8768 8792 8864 8979 9040 9112 9228 9325 9446 9567 9683 9797 9926 9977 9796 9751 9737
9694 9686 9677 9670 9658 9650 9644 9642 9631 9659 9690 9679 9650 9672 9675 9695 9694 9695 9694 9690 9696 9694 9687 9663 9644 9646 9653 9658 9664 9669 9675 9679 9683 9684 9680 9678 9674 9660 9644 9637 9634 9637 9643 9643 9651 9636 9638 9656 9681 9730 9766 9777 9758 9689 9580 9458 9256 9039 8890 8807 8720 8656 8608 8562 8546 8560 8598 8631 8662 8740 8819 8873 8894 9096 9178 9284 9407 9549 9686 9809 9880 9854 9776 9738
9692 9684 9675 9663 9656 9652 9648 9646 9648 9697 9720 9696 9694 9704 9712 9698 9698 9704 9698 9697 9701 9683 9666 9644 9644 9648 9655 9663 9669 9672 9675 9677 9680 9683 9675 9665 9659 9655 9644 9644 9639 9641 9641 9649 9654 9652 9662 9681 9702 9749 9781 9764 9720 9627 9475 9281 9039 8898 8790 8716 8642 8570 8538 8495 8475 8496 8519 8541 8560 8636 8740 8763 8749 8812 8985 9128 9256 9395 9536 9665 9744 9852 9776 9735
9696 9686 9676 9666 9660 9657 9652 9655 9690 9722 9729 9714 9698 9708 9708 9697 9707 9703 9702 9686 9658 9660 9653 9650 9649 9653 9660 9665 9669 9673 9675 9675 9670 9671 9673 9671 9665 9659 9655 9647 9640 9645 9649 9658 9654 9660 9686 9731 9777 9875 9791 9718 9670 9586 9350 9152 8974 8846 8746 8664 8589 8525 8488 8444 8432 8437 8466 8486 8512 8518 8554 8588 8633 8694 8832 8974 9117 9248 9385 9545 9690 9692 9708 9709
9700 9690 9679 9669 9663 9662 9657 9663 9706 9712 9727 9730 9722 9712 9716 9715 9720 9690 9668 9651 9650 9656 9655 9649 9654 9659 9663 9668 9674 9678 9681 9681 9675 9674 9679 9685 9680 9670 9657 9651 9660 9654 9646 9638 9636 9665 9704 9791 9896 9881 9707 9591 9478 9324 9187 9040 8896 8796 8704 8628 8563 8505 8463 8422 8413 8424 8445 8458 8457 8469 8491 8504 8533 8599 8711 8845 8982 9108 9237 9385 9676 9743 9697 9712
9707 9696 9684 9673 9666 9667 9664 9663 9690 9723 9732 9744 9744 9725 9738 9719 9683 9659 9660 9663 9666 9664 9662 9659 9660 9663 9669 9674 9679 9682 9685 9689 9699 9695 9688 9685 9690 9691 9680 9671 9674 9663 9650 9633 9648 9686 9748 9803 9852 9701 9562 9451 9308 9135 9052 8954 8863 8765 8668 8606 8550 8496 8459 8436 8423 8426 8444 8451 8442 8419 8419 8432 8465 8532 8629 8741 8863 8991 9117 9269 9587 9740 9723 9744
9719 9706 9694 9681 9672 9673 9670 9669 9700 9733 9743 9748 9758 9725 9721 9692 9675 9678 9682 9681 9668 9662 9659 9660 9664 9671 9677 9684 9687 9692 9696 9695 9687 9696 9701 9693 9705 9714 9722 9690 9676 9666 9659 9652 9661 9711 9776 9781 9733 9582 9459 9354 9220 9079 8984 8902 8836 8757 8660 8603 8557 8516 8489 8466 8463 8457 8465 8467 8453 8421 8395 8387 8416 8477 8571 8675 8786 8905 9046 9238 9480 9680 9754 9780
9728 9715 9702 9691 9685 9681 9681 9676 9715 9742 9758 9756 9751 9701 9697 9684 9676 9679 9700 9701 9674 9658 9652 9656 9668 9676 9680 9690 9696 9703 9707 9710 9706 9713 9722 9732 9719 9713 9704 9688 9668 9668 9666 9686 9676 9725 9777 9744 9629 9491 9434 9316 9183 9059 8949 8866 8818 8748 8668 8612 8582 8562 8542 8519 8522 8508 8496 8485 8472 8447 8429 8388 8396 8455 8533 8625 8722 8832 8970 9167 9419 9670 9738 9784
9737 9724 9711 9700 9694 9688 9686 9681 9713 9767 9778 9778 9751 9690 9697 9689 9686 9686 9707 9702 9684 9669 9671 9671 9677 9683 9689 9697 9703 9711 9720 9731 9740 9735 9732 9725 9721 9709 9691 9674 9674 9675 9679 9684 9687 9725 9774 9728 9618 9516 9455 9326 9173 9020 8913 8850 8790 8715 8650 8616 8608 8616 8629 8684 8612 8567 8529 8501 8480 8460 8426 8388 8372 8433 8508 8588 8674 8768 8878 9049 9292 9522 9689 9747
9743 9732 9720 9708 9698 9699 9701 9703 9739 9779 9793 9787 9758 9694 9710 9698 9688 9683 9686 9701 9698 9679 9680 9681 9682 9687 9694 9703 9712 9722 9731 9740 9746 9747 9747 9739 9720 9704 9684 9689 9683 9684 9687 9678 9689 9722 9755 9724 9636 9580 9492 9332 9162 8997 8891 8842 8774 8670 8628 8613 8626 8669 8739 8817 8681 8597 8554 8532 8510 8458 8417 8381 8371 8429 8494 8563 8635 8715 8814 8971 9188 9428 9647 9698
9749 9740 9729 9720 9712 9719 9729 9735 9762 9781 9803 9810 9772 9715 9723 9702 9691 9680 9674 9669 9695 9691 9681 9686 9688 9693 9698 9708 9717 9727 9737 9751 9756 9753 9747 9735 9715 9692 9676 9687 9691 9690 9688 9690 9704 9735 9765 9732 9631 9516 9465 9299 9143 9005 8897 8820 8771 8650 8606 8598 8632 8687 8784 8810 8700 8598 8572 8553 8535 8472 8415 8381 8381 8436 8485 8545 8612 8683 8784 8940 9129 9329 9595 9646
9753 9747 9741 9736 9735 9742 9755 9770 9770 9776 9802 9821 9775 9696 9734 9705 9680 9677 9673 9666 9666 9674 9686 9687 9694 9701 9708 9714 9720 9729 9739 9748 9755 9753 9748 9734 9712 9690 9679 9704 9700 9694 9692 9701 9726 9750 9810 9795 9635 9422 9304 9224 9107 8990 8869 8776 8738 8659 8604 8589 8620 8659 8693 8706 8672 8577 8584 8612 8567 8496 8442 8390 8387 8414 8469 8526 8592 8668 8762 8922 9118 9315 9538 9605
9753 9753 9753 9753 9755 9764 9776 9778 9772 9775 9785 9781 9768 9737 9740 9696 9681 9679 9670 9663 9661 9669 9680 9688 9695 9701 9708 9715 9722 9728 9733 9736 9744 9749 9747 9736 9719 9700 9690 9702 9708 9705 9696 9719 9750 9762 9859 9904 9658 9398 9248 9164 9066 8953 8835 8752 8701 8657 8606 8596 8610 8630 8643 8644 8585 8565 8562 8596 8577 8512 8457 8412 8403 8420 8467 8524 8589 8666 8774 8923 9115 9344 9496 9597
9755 9762 9768 9776 9783 9794 9800 9797 9799 9795 9791 9791 9785 9763 9716 9689 9675 9671 9666 9662 9661 9668 9679 9688 9695 9703 9709 9717 9718 9723 9729 9733 9743 9752 9746 9739 9726 9722 9709 9709 9721 9726 9726 9738 9752 9733 9823 9870 9639 9375 9205 9128 9032 8928 8835 8723 8663 8612 8594 8602 8602 8606 8609 8596 8534 8514 8499 8503 8571 8540 8491 8453 8445 8462 8499 8539 8594 8664 8767 8917 9089 9258 9452 9643
9755 9768 9782 9798 9813 9828 9834 9857 9840 9803 9790 9787 9791 9785 9669 9679 9684 9675 9672 9671 9668 9673 9679 9686 9692 9699 9706 9714 9720 9726 9731 9735 9748 9765 9783 9754 9726 9702 9715 9733 9733 9744 9747 9749 9752 9723 9748 9716 9578 9385 9242 9130 9025 8910 8796 8717 8650 8586 8573 8594 8591 8579 8557 8508 8476 8457 8436 8451 8548 8537 8530 8505 8498 8496 8517 8563 8609 8670 8767 8911 9071 9231 9445 9677
9759 9781 9802 9824 9841 9849 9868 9865 9833 9801 9777 9769 9761 9730 9666 9682 9695 9676 9675 9675 9670 9676 9681 9688 9695 9699 9705 9711 9718 9724 9732 9746 9750 9761 9767 9761 9744 9730 9729 9727 9734 9742 9737 9759 9773 9744 9725 9667 9560 9402 9260 9151 9037 8908 8769 8715 8644 8566 8549 8578 8576 8554 8516 8459 8446 8436 8423 8431 8488 8500 8483 8503 8512 8531 8570 8586 8623 8676 8774 8920 9080 9243 9450 9713
9767 9794 9823 9850 9879 9911 9874 9820 9796 9778 9763 9750 9734 9710 9670 9684 9697 9683 9685 9686 9689 9679 9684 9689 9694 9702 9708 9714 9719 9723 9727 9729 9745 9756 9764 9769 9768 9748 9737 9732 9732 9732 9749 9773 9792 9772 9757 9735 9630 9424 9244 9186 9059 8922 8794 8674 8626 8562 8540 8567 8562 8538 8508 8472 8457 8454 8448 8436 8447 8453 8452 8501 8515 8535 8568 8593 8639 8700 8802 8955 9120 9297 9512 9779
9778 9804 9835 9865 9893 9904 9855 9806 9780 9762 9748 9739 9726 9719 9678 9696 9702 9693 9694 9695 9693 9694 9692 9694 9700 9705 9711 9716 9723 9727 9729 9732 9745 9757 9767 9778 9785 9752 9735 9738 9733 9735 9769 9774 9766 9762 9787 9831 9724 9474 9251 9201 9084 8937 8780 8680 8632 8589 8568 8559 8548 8530 8512 8497 8459 8443 8434 8443 8449 8432 8433 8490 8516 8528 8538 8598 8668 8749 8870 9023 9192 9371 9585 9885
9792 9813 9836 9862 9882 9880 9826 9794 9768 9754 9747 9736 9725 9723 9695 9707 9709 9707 9695 9697 9694 9693 9695 9697 9701 9706 9712 9720 9728 9736 9743 9748 9753 9760 9770 9781 9785 9753 9743 9743 9739 9742 9768 9767 9754 9764 9803 9852 9782 9545 9307 9224 9113 8955 8800 8709 8649 8613 8585 8563 8541 8520 8506 8498 8460 8448 8453 8462 8458 8442 8446 8501 8530 8545 8573 8638 8707 8813 8949 9108 9287 9467 9647 9997
9803 9815 9830 9847 9859 9844 9810 9777 9759 9754 9749 9734 9723 9722 9701 9716 9718 9717 9708 9705 9698 9698 9696 9698 9703 9707 9713 9721 9730 9739 9755 9762 9759 9756 9765 9775 9782 9759 9757 9748 9745 9747 9757 9762 9762 9774 9803 9825 9774 9635 9469 9326 9185 8996 8830 8712 8680 8648 8609 8566 8535 8512 8497 8489 8478 8452 8479 8486 8492 8491 8494 8546 8556 8579 8609 8684 8756 8863 9013 9195 9390 9593 9781 9957
9802 9807 9812 9820 9832 9829 9794 9792 9772 9755 9739 9731 9720 9716 9711 9713 9721 9713 9714 9706 9698 9689 9694 9696 9700 9706 9707 9714 9721 9733 9750 9762 9766 9759 9767 9767 9753 9732 9749 9745 9747 9750 9752 9760 9767 9779 9797 9790 9770 9743 9721 9587 9359 9094 8952 8811 8782 8715 8617 8573 8537 8507 8489 8486 8490 8448 8438 8480 8531 8522 8516 8534 8578 8630 8689 8763 8816 8895 9079 9289 9492 9699 9911 9966
