real_craters/C151-500m.grd
DSAA
196 196
-48.8425 48.8425
-48.8425 48.8425
8368.7774604233 10183.716149835
[rows 0 to 29 of 196, columns 67 to 133 of 196]
9624.23 9624.95 9622.92 9623.2 9622.2 9616.94 9611.64 9608.07 9605.37 9617.64 9635.03 9627.67 9612.92 9595.37 9569.14 9515.99 9490.65 9471.03 9464.93 9460.15 9460.07 9462.72 9465.69 9469.18 9473.41 9478.95 9485.97 9488.35 9487.37 9481.69 9480.13 9481.5 9485.4 9488.91 9491.83 9494.24 9496.88 9499.04 9502.48 9504.71 9507.57 9514.27 9512.72 9510.1 9511.7 9506.91 9501.86 9498.08 9499.85 9511.3 9506.45 9512.82 9521.4 9528.87 9541.48 9553.09 9562.65 9570.73 9577.05 9582.9 9588.95 9595.34 9601.8 9606.05 9605.53 9604.43 9603.26
9623.89 9622.7 9618.88 9616.26 9617.3 9613.28 9609.71 9607.23 9608.2 9609.97 9618.85 9620.16 9612.44 9599.79 9583.63 9526.84 9491.76 9475.07 9461.43 9457.05 9460.75 9464.99 9469.14 9473.07 9477.41 9487.81 9485.41 9487.11 9485.37 9480.01 9483.58 9487.51 9490.37 9492.26 9494.29 9496.62 9498.56 9501.07 9503.86 9505.38 9506.73 9505.57 9509.12 9510.9 9511.79 9510.23 9507.09 9509.16 9514.15 9519.31 9522.33 9530.92 9531.17 9535.98 9543.91 9554.09 9563.98 9571.61 9577.57 9583.58 9590.11 9596.76 9603.4 9607.16 9607.78 9606.84 9607.19
9630.49 9623.04 9616.38 9614.85 9613.12 9611.88 9609.3 9605.94 9605.1 9611.97 9612.79 9610.73 9604.94 9595.94 9575.65 9523.68 9521.85 9493.36 9467.76 9460.08 9466.99 9472.88 9476.42 9477.98 9477.78 9474.23 9485.26 9486.37 9486.93 9490.79 9492.19 9497.32 9495.27 9495.13 9496.6 9498.69 9501.31 9503.62 9505.9 9508.02 9510.27 9513.81 9513.93 9516.15 9517.5 9516.51 9517.35 9520.19 9522.08 9525.72 9530.35 9535.21 9534.64 9537.96 9546.08 9554.89 9564.56 9571.38 9576.47 9582.98 9590.06 9597.02 9604.33 9608.07 9608.6 9608.58 9607.57
9649.41 9650.82 9628.74 9627.27 9618.84 9614.59 9608.77 9602.72 9598.24 9605.01 9606.9 9599.98 9590.83 9578.75 9555.48 9520.25 9519.36 9510.46 9484.5 9474.84 9481.91 9485.3 9486 9485.25 9484.76 9486.14 9481.63 9484.83 9486.13 9486.53 9492.28 9497.46 9495.44 9495.84 9497.98 9500.87 9503.74 9506.57 9509.42 9511.64 9512.87 9516.36 9518.01 9520.95 9525.23 9526.88 9528.5 9534.65 9535.37 9534.54 9541.03 9543.27 9542.3 9543.76 9548.62 9554.41 9560.51 9566.05 9573.36 9581.46 9589.34 9596.17 9601.25 9606.56 9609.48 9609.16 9608.66
9666.18 9676.67 9680.49 9660.51 9636.87 9621.64 9609.75 9599.82 9594.59 9601 9599.05 9588.68 9576.81 9560.72 9538.12 9525.96 9526.06 9521.28 9515.56 9510.48 9507.06 9503.29 9498.91 9494.28 9490.59 9487.06 9483.81 9487.86 9485.45 9484.1 9486.25 9487.84 9490.74 9495.5 9500.01 9504.19 9508.21 9511.7 9514.73 9516.53 9517.28 9519.95 9528.07 9536.49 9539.46 9540.12 9542.47 9548.26 9549.15 9548.42 9554.95 9555.44 9551.33 9551.22 9552.94 9554.89 9555.87 9560.57 9570.93 9580.61 9589.74 9597.36 9602.77 9607.89 9609.78 9610.18 9609.57
9664.84 9674.74 9677.95 9666.2 9646.46 9626.24 9611.13 9599.16 9590.13 9590.25 9588.95 9578.06 9563.66 9546.48 9532.41 9527.83 9532.05 9547.56 9550.04 9551.47 9534.28 9521.52 9511.92 9502.86 9496.05 9489.21 9487.9 9488.72 9485.26 9483.08 9482.29 9481.36 9487.97 9495.91 9502.49 9508.09 9513.11 9517.28 9520.46 9523.63 9527.85 9533.57 9540.58 9549.28 9554.68 9555.13 9554.99 9558.77 9559.78 9559.46 9571.2 9567.94 9565.87 9561.08 9558.71 9557.97 9558.79 9563.16 9570.75 9580.85 9591.39 9601.82 9609.56 9612.4 9612.38 9611.86 9610.36
9647.1 9650.39 9656.39 9658.3 9642.25 9624.61 9609.56 9595.72 9587.63 9584.81 9577.92 9567.37 9553.76 9538.2 9524.81 9538.09 9546.53 9560.76 9565.52 9564.38 9550.28 9537.1 9524.73 9513.26 9502.62 9494.45 9489.84 9486.66 9485.33 9484.11 9484.36 9486.08 9491.57 9498.96 9505.95 9512.29 9518.48 9523.03 9527.57 9532.13 9537.4 9544.79 9553.1 9562.9 9568.56 9566.7 9570.92 9574.08 9573.87 9572.05 9577.39 9575.81 9570.88 9567.67 9564.23 9561.93 9561.21 9563.3 9571.38 9581.71 9592.76 9604.64 9614.84 9615.42 9613.88 9612.4 9609.9
9638.19 9635.66 9636.5 9642.69 9631.99 9620.4 9608.1 9596.72 9590.41 9585.6 9575.19 9562.74 9550.14 9538.87 9534.83 9560.41 9575.07 9574.33 9570.13 9563.62 9559.22 9548.78 9535.91 9522.3 9508.61 9497.41 9491.29 9488.94 9487.62 9486.95 9488.39 9494.36 9498.82 9504.01 9511.24 9518.95 9525.81 9532.7 9538.36 9542.47 9547.18 9556.1 9566.04 9575.24 9583.62 9587.09 9584.5 9584.89 9588.15 9587.4 9583.12 9580.74 9577.04 9573.32 9569.6 9566.37 9564.37 9565.51 9572.81 9583.48 9594.12 9603.66 9610.63 9614.37 9613.64 9611.81 9609.66
9622.63 9626.02 9626.58 9625.89 9621.26 9613.92 9605.55 9597.83 9595.72 9588.4 9572.66 9563.02 9553.79 9545.82 9544.44 9574.27 9590.66 9584.82 9578.18 9577.68 9570.79 9559.06 9544.99 9530.28 9515.86 9500.41 9489.93 9491.53 9489.62 9490.03 9491.73 9494.96 9499.26 9508.43 9518.3 9527.66 9536.18 9543.28 9550.31 9556.38 9561.68 9571.44 9581.23 9590.63 9596.97 9599.48 9594.66 9591.77 9593.52 9591.89 9588.68 9587.57 9584.52 9579.69 9574.99 9571.57 9568.93 9566.87 9576.32 9587.38 9597.36 9605.12 9609.57 9614.34 9615.06 9613.42 9611.74
9619.45 9621.54 9621.2 9618.9 9613.28 9607.99 9602.31 9597.79 9594.97 9588.31 9576.05 9569.32 9562.37 9556.94 9554.93 9573.81 9601.6 9589.2 9584.42 9588.25 9582.93 9568.93 9554.25 9538.76 9525.54 9512.05 9500.71 9497.49 9497.59 9495.75 9496.38 9497.35 9502.31 9515.86 9527.8 9538.55 9547.77 9557.4 9566.09 9573.84 9579.78 9589.32 9597.97 9608.32 9610.21 9603.68 9605.43 9603.73 9599.05 9595.96 9592.05 9592.36 9590.98 9584.42 9580.32 9577.75 9577.35 9580.18 9586.31 9593.73 9602.38 9611.96 9616.89 9616.81 9615.89 9614.64 9613.01
9618.52 9615.84 9613.93 9610.42 9606.66 9602.37 9598.46 9597.22 9596.59 9590.62 9584.25 9578.56 9575.08 9573.42 9573.64 9581.6 9589.55 9591.85 9591.95 9595.64 9588.27 9573.49 9559.27 9546.39 9535.07 9525.1 9516.34 9504.65 9503.98 9504.63 9505.99 9510.17 9518.97 9528.64 9540.67 9552.95 9563.85 9573.78 9583.97 9594.03 9604.25 9608.21 9612.76 9619.34 9619.76 9617.83 9616.19 9610.25 9604.26 9600.19 9591.61 9587.98 9587.53 9585.91 9584.1 9583.6 9585.17 9589.53 9593.79 9599.41 9606.6 9613.49 9616.82 9616.64 9615.35 9613.21 9609.52
9600.53 9605.47 9605 9601.9 9598.36 9596.75 9594.21 9589.92 9587.32 9589.03 9587.91 9585.84 9586.6 9591.46 9596.56 9601.57 9590.1 9595.62 9591.56 9587.33 9583.12 9573.83 9562.35 9551.1 9541.89 9535.05 9532.39 9519.69 9512.57 9514.62 9518.59 9523.49 9528.91 9544.15 9558.07 9570.52 9582.89 9592.81 9601.9 9611.18 9619.37 9622.23 9623.63 9626.98 9630.58 9628.41 9621.82 9614 9607.68 9601.5 9591.51 9583.19 9584.29 9586.98 9587.93 9588.71 9589.82 9591.9 9595.85 9603.03 9609.65 9614.76 9617.47 9617.58 9614.72 9612.1 9610.6
9607.03 9598.22 9595.88 9589.8 9591.66 9592.03 9591.56 9591.75 9593.6 9589.1 9587.07 9589.29 9596.71 9606.36 9617.33 9622.88 9604.1 9591.49 9573.8 9579.22 9579.52 9573.09 9564.02 9554.35 9544.92 9536.74 9531.14 9523.52 9519.64 9528.16 9536.43 9542.98 9551.09 9565.49 9579.75 9592.78 9601.82 9608.75 9616.16 9623.87 9629.58 9630.93 9631.52 9631.32 9631.21 9626.35 9624.96 9616.77 9606.81 9599.21 9593.22 9587.54 9588.63 9589.74 9591.07 9592.11 9594.23 9597.14 9601.77 9606.04 9611.59 9617.3 9617.58 9616.63 9614.91 9613.67 9612.42
9608.26 9595.61 9593.19 9587.66 9588.37 9588.58 9588.94 9589.92 9589.79 9587.85 9585.29 9590.3 9602.46 9616.27 9629.67 9640.75 9615.6 9592.88 9575.38 9575.63 9577.55 9572.6 9564.91 9557.03 9546.32 9535.18 9529.18 9532.44 9536.57 9549.27 9561.86 9571.99 9579.12 9594.22 9607.77 9616.56 9622.07 9625.12 9627.4 9630.7 9634.39 9635.6 9634.96 9633.63 9628.92 9627.72 9628.49 9615.57 9606.55 9598.72 9594.68 9598.62 9595.44 9594.09 9594.04 9594.72 9596.98 9600.17 9603.34 9606.42 9610.32 9614.26 9614.88 9614.21 9613.73 9613.09 9612.83
9602.13 9586.74 9580.74 9586.3 9586.94 9585.67 9585.55 9588.58 9588.11 9587.84 9588.79 9594.97 9605.89 9615.85 9626.55 9634.54 9611.52 9584.44 9575.35 9575.98 9579.78 9573.5 9566.34 9558.46 9549.39 9537.79 9535.58 9546.19 9556.68 9578.04 9595.69 9608.88 9618.55 9630.17 9639.09 9641.03 9640.92 9638.84 9636.64 9634.2 9634.91 9636.98 9636.75 9637.68 9632.01 9623.36 9614.4 9612.5 9609.26 9606.86 9604.26 9603.14 9599.27 9596.48 9595.99 9596.59 9598.18 9600.79 9603.89 9605.38 9606.15 9608.32 9610.21 9610.75 9611.39 9611.66 9611.86
9592.54 9584.96 9579.85 9581.59 9583.34 9582.8 9581.43 9584.41 9585.91 9589.02 9596.83 9606.75 9604.43 9609.72 9614.56 9612.39 9590.11 9579.44 9574.79 9575.45 9572.18 9573.21 9567.78 9561.89 9558.11 9557.55 9561.09 9567.72 9590.37 9613.16 9633.08 9651.58 9665.53 9675.25 9674.37 9666.29 9657.43 9650.6 9644.2 9639.27 9637.7 9637.47 9638.01 9642.16 9640.15 9622.58 9614.49 9610.5 9607.59 9604.52 9603.4 9602.49 9599.38 9597.45 9596.84 9596.74 9598.28 9600.95 9604.71 9603.02 9601.66 9602.08 9605.81 9607.76 9609.89 9611.91 9613.87
9581.78 9580.07 9580.69 9580.15 9580.89 9580.25 9580.2 9580.98 9586.22 9587.87 9588.12 9582.42 9597 9602.13 9602.98 9596.77 9587.58 9587.36 9580.8 9581.38 9584.86 9577.56 9570.8 9568.35 9569.16 9574.1 9593 9611.92 9633.05 9649.42 9668.96 9691.89 9719.51 9728.62 9707.2 9686.91 9670.84 9659.18 9649.87 9643.75 9639.21 9637.51 9638.66 9643.85 9642.9 9631.08 9617.76 9618.23 9616.35 9611.72 9605.15 9599.85 9596.61 9595.66 9595.33 9596.02 9596.98 9598.16 9598.12 9598.81 9598.94 9600.3 9603.14 9605.79 9608.78 9611.64 9615.05
9572.66 9576.41 9577.33 9580.82 9580.83 9577.51 9575.84 9576.84 9579.84 9583.39 9585.37 9586.89 9594.09 9598.27 9597.3 9594.92 9594.8 9594.9 9591.28 9589.5 9581.74 9574.3 9572.64 9575.52 9582.65 9595.74 9624.69 9654.72 9668.92 9678.28 9693.48 9715 9741.63 9748.43 9721.66 9696.68 9677.45 9663.43 9652.18 9639.62 9638.01 9634.89 9635.24 9639.56 9643.02 9633.09 9623.52 9623.26 9617.45 9613.2 9605.43 9597.13 9593.69 9594 9594.32 9594.04 9594.58 9595.1 9594.22 9594.72 9596.26 9598.76 9601.87 9605.63 9609.38 9613.32 9617.06
9569.77 9573.58 9578.94 9577.3 9575.06 9573.67 9572.24 9575.55 9578.74 9582.02 9587.41 9594.28 9597.61 9598.71 9598.81 9598.26 9599.98 9603.68 9604.74 9587.98 9567.64 9564.52 9574.11 9582.83 9594.91 9615.35 9648.49 9677.55 9680.6 9692.12 9702.79 9716.23 9733.24 9744.28 9712.36 9691.49 9676.07 9663.85 9654.87 9649.29 9638.21 9632.65 9629.97 9628.49 9626.51 9625.22 9620.24 9613.14 9606.1 9603.54 9598.27 9594.62 9592.62 9591.88 9591.79 9592.15 9592.63 9592.92 9593.71 9593.93 9594.54 9596.96 9601.15 9606.45 9611.71 9615.97 9620.12
9568.68 9571.97 9575.35 9575.13 9571.36 9573.82 9573.07 9574.65 9574.7 9579.03 9590.79 9600.79 9603.91 9604.8 9604.35 9604.22 9605.41 9613.55 9609.79 9577.12 9571.52 9573.49 9581.82 9591.02 9602.5 9622.94 9657.88 9678.91 9689.46 9697.53 9700.52 9701.82 9695.07 9654.23 9679.07 9678.12 9669.8 9660.14 9651.58 9644.68 9635.41 9628.55 9624.39 9618.48 9614.81 9613.16 9607.14 9596.77 9589.8 9585.8 9585.88 9588.11 9590.46 9589.5 9589.93 9590.5 9591.01 9591.39 9591.68 9591.01 9590.43 9594.56 9601.04 9607.84 9613.94 9619.85 9624.77
9573.01 9579.61 9582.61 9585.66 9584.45 9579.86 9579.46 9574.48 9577.93 9585.21 9598.21 9607.9 9612.09 9612.66 9611.02 9609.57 9610.01 9614.73 9597.88 9582.87 9586.39 9591.22 9595.94 9601.99 9610.47 9625.94 9659.87 9676.77 9688.34 9692.82 9693.63 9689.57 9677.67 9671.22 9668.23 9668.71 9663.88 9654.82 9643.4 9635.22 9630.14 9625.82 9618.51 9610.28 9606.05 9607.26 9601.14 9595.99 9587.45 9582.41 9578.1 9580.23 9583.57 9586.23 9587.59 9588.86 9589.76 9590.25 9590.73 9589.96 9585.1 9594.46 9603.73 9611.61 9618.6 9625.57 9631.15
9586.98 9604.18 9605.73 9604.7 9600.69 9589.26 9574.98 9579.39 9589.14 9598.79 9614.01 9620.36 9622.54 9622.12 9618.27 9612.65 9608.94 9604.41 9589.18 9603.36 9606.47 9610.46 9612 9614.85 9621.56 9638.59 9665.57 9678.96 9679.07 9684.15 9686.86 9683.14 9676.85 9668.6 9667.82 9665.23 9661.01 9653.59 9639.38 9630.09 9630.18 9623.56 9615.23 9606.42 9601.94 9599.26 9596.62 9586.38 9582.05 9577.38 9573.04 9575.79 9580.86 9583.62 9586.44 9588.94 9590.23 9590.51 9589.93 9589.95 9591.09 9601 9609.3 9616.28 9622.77 9628.53 9634.41
9623.36 9634.65 9627.49 9623.42 9623.47 9609.33 9592.66 9593.42 9612.05 9633.88 9636.56 9637.76 9637.62 9631.59 9624.24 9614.99 9604.06 9592.88 9605.15 9618.91 9627.08 9629.42 9628.67 9628.47 9630.89 9642.59 9667.48 9675.55 9678.71 9686.08 9684.5 9678.96 9674.17 9674.28 9668.67 9662.6 9661.68 9661.41 9655.41 9645.33 9637.15 9625.82 9615.55 9606.37 9602.36 9601.66 9596.63 9580.75 9578.56 9574.85 9571.61 9573.49 9575.59 9582.87 9587.31 9590.03 9591.96 9592.93 9592.91 9594.2 9610.82 9612.46 9616.23 9621.39 9627.36 9633.5 9639.19
9623.49 9624.57 9628.78 9633.19 9632.85 9628.06 9619.64 9614.21 9627.42 9649.07 9647.3 9648.86 9650.12 9641.15 9631.69 9622.58 9612.45 9611.34 9621.7 9640.49 9647.46 9647.81 9643.73 9641.08 9642.63 9648.69 9655.16 9673.57 9688.84 9694.48 9682.23 9672.33 9664.09 9659.31 9653.87 9654.44 9659.9 9669.75 9683.96 9668.56 9645.73 9628.58 9615.4 9608.05 9602.53 9602.05 9598.91 9586.18 9576.99 9573.18 9572.43 9575.64 9581.55 9585.54 9589.49 9592.62 9595.04 9597.37 9600.43 9607.17 9617.76 9620.58 9623.67 9627.88 9632.94 9638.58 9644.08
9601.89 9601.93 9627.67 9641.41 9646.45 9637.15 9624.9 9624.64 9629.16 9630.25 9638.75 9647.71 9649.97 9646.48 9640.36 9634.71 9629.38 9629.86 9643.52 9656.83 9661.53 9658.34 9656.35 9652.4 9650.33 9658.43 9668.76 9682.65 9692.43 9686.77 9675.07 9661.54 9649.44 9636.75 9631.78 9640.89 9651.81 9664.49 9676.73 9665.87 9645.93 9627.5 9611.38 9600.57 9596.64 9595.71 9593.09 9579.6 9570.66 9570.57 9573.29 9578 9582.67 9588.24 9592.75 9595.97 9599.35 9602.76 9607.48 9612.97 9618.55 9624.3 9629.22 9634.32 9638.47 9643.73 9649.12
9606.98 9625.41 9646.12 9656.36 9658.18 9647.4 9638.08 9635.44 9634.59 9631.23 9639.25 9646.63 9654.49 9649.6 9648.62 9646.33 9645.62 9640.57 9649.58 9657.84 9666.06 9670.54 9669.4 9665.68 9659.83 9673.65 9693.2 9694.96 9691.99 9681.01 9667.2 9652.7 9639.15 9626.52 9621.18 9630.52 9641.23 9651.05 9655.51 9652.11 9640.06 9624.28 9607.08 9590.89 9590.64 9589.87 9590.09 9579.68 9575.75 9572.14 9574.47 9581.23 9588.61 9594.99 9597.51 9599.58 9601.85 9605.43 9610.78 9617.62 9621.52 9628.03 9634.04 9639.55 9644.82 9649.93 9655.79
9663.9 9682.86 9681.66 9679.45 9672.18 9663.57 9652.45 9648.8 9647.51 9651.36 9650.4 9648.41 9646.32 9653.18 9657.57 9659.02 9661.31 9662.46 9660.15 9667.82 9667.55 9674.58 9678.98 9681.04 9685.93 9686.42 9691.57 9696.96 9701.27 9679.38 9659.41 9646.07 9633.09 9621.86 9617.88 9623.62 9633.07 9639.67 9642.3 9642.87 9636.46 9623.23 9607.04 9595.5 9589.62 9587.15 9586.35 9580.97 9579.31 9575.04 9577.09 9584.91 9596.53 9602.04 9600.67 9601.55 9603.44 9605.78 9610.25 9617.01 9624.8 9632.96 9639.93 9646.76 9652.52 9657.49 9661.41
9719.43 9725.13 9714.98 9706.7 9698.89 9691.51 9675.76 9668.23 9662.76 9652.48 9648.21 9659.04 9660.68 9666.17 9668.93 9671.14 9673.39 9677.26 9673.48 9675.88 9676.27 9688.94 9696.71 9697.25 9690 9692.57 9694.43 9688.44 9680.88 9663.14 9652 9641.59 9630.61 9620.08 9612.8 9620.59 9630.11 9636.61 9638.64 9641.87 9638.77 9628.78 9610.77 9595.85 9591.98 9587.25 9581.99 9581.39 9578.05 9576.15 9578.57 9585.49 9592.57 9597.57 9601.38 9603.06 9604.43 9606.36 9609.1 9613.23 9626.47 9636.96 9645.43 9652.2 9657.98 9662.62 9665.16
9735.44 9737.68 9731.08 9725.86 9724.96 9722.81 9702.7 9692.74 9684.91 9680.07 9680.74 9683.07 9688.69 9685.14 9678.85 9677.5 9678.32 9680.7 9677.19 9680.07 9693.2 9709.3 9718.57 9716.01 9705.72 9689.39 9680.23 9675.48 9668.08 9660.86 9650.95 9641.44 9632.58 9624.6 9620.8 9625.42 9633.18 9641.18 9646.89 9647.24 9646.94 9643.09 9634.09 9620.58 9606.48 9591.27 9583.23 9579.73 9578.58 9576.34 9578.54 9585.08 9593.2 9601.01 9602.64 9604.17 9605.65 9607.62 9610.17 9614.52 9629.16 9642.33 9649.8 9655.3 9658.79 9663.27 9666.23
9746.6 9746.82 9736.74 9732.19 9733.43 9734.14 9732.19 9711.91 9702.87 9706.69 9718.18 9698 9690.34 9684.47 9681.3 9680.28 9678.68 9672.8 9663.44 9679.85 9709.06 9723.77 9733.08 9727.55 9712.95 9678.83 9666.02 9665.72 9661.11 9656.71 9650.07 9643.28 9637.89 9633.64 9631.6 9634.02 9639.68 9643.78 9648.71 9653.49 9657.39 9661.46 9662.55 9649.87 9626.12 9592.26 9576.81 9582.74 9583.03 9574.44 9577.02 9584.58 9594 9602.59 9603.45 9604.5 9606.78 9609.92 9614.54 9623.57 9640.72 9649.85 9654.45 9657.57 9661.16 9664.35 9667.41
