real_craters/C151-500m.grd
DSAA
196 196
-48.8425 48.8425
-48.8425 48.8425
8368.7774604233 10183.716149835
[rows 0 to 29 of 196, columns 0 to 66 of 196]
9689.98 9689.49 9671 9667.09 9669.09 9679.27 9684.42 9680.67 9669.99 9671.03 9673.06 9673.37 9668.01 9665.29 9656.59 9653.69 9656.67 9667.02 9667.19 9660.12 9656.17 9651.09 9644.55 9640.18 9638.31 9640.33 9649.12 9659.25 9668.33 9674.51 9675.03 9672.1 9668.2 9665.84 9670.89 9678.52 9685.19 9691.74 9689.05 9675.96 9662.77 9659.71 9657.82 9653.96 9651.54 9651.66 9653.66 9657.23 9661.54 9666.15 9671.11 9677.15 9683.89 9690.1 9691.88 9688.14 9662.1 9635.68 9616.43 9616.41 9620.91 9617.49 9617.45 9617.3 9615.42 9616.71 9621.12
9688.51 9696.87 9689.93 9672.69 9662.11 9667.48 9663.55 9675.09 9673.96 9671.1 9670.92 9663.11 9665.64 9657.11 9646.83 9647.69 9651.72 9659.44 9657.98 9654.15 9652.03 9647.41 9642.09 9639.74 9638.47 9638.66 9648.27 9657.22 9666.12 9674.22 9674.47 9672.46 9669.43 9668.17 9676.38 9688.27 9700.68 9704.57 9683.84 9666.12 9656.57 9650.99 9652.61 9653.02 9652.8 9652.41 9654.36 9657.36 9660.61 9664.39 9668.4 9672.77 9676.59 9677.28 9673.89 9663.98 9643.6 9625.98 9612.92 9613.71 9615.77 9615.73 9618.45 9610.38 9608.2 9614.76 9621.18
9681.36 9693.42 9695.44 9684.76 9678.44 9669.67 9666.55 9672.36 9670.4 9667.61 9672.13 9691.54 9666.64 9648.08 9644.8 9641.27 9641.79 9638.39 9638.02 9646.37 9649.29 9651.58 9647.73 9642.08 9642.77 9648.5 9650.23 9655.72 9662.22 9667.57 9671.27 9672.48 9672.4 9672.18 9679.16 9689 9702.19 9674.96 9661.79 9655.44 9650.89 9651.97 9651.9 9653.34 9654.38 9655.11 9656.76 9659 9661.66 9663.78 9665.34 9667.06 9668.24 9667.6 9656.46 9633.46 9621.51 9614.73 9611.47 9609.73 9610.46 9608.52 9603.14 9593.27 9602.97 9615.34 9626.23
9671.34 9668.24 9669.15 9679.37 9688.58 9687.04 9679.89 9673.75 9662.06 9659.23 9657.9 9652.94 9647.77 9641.2 9633.72 9634.76 9636.77 9638.26 9641.83 9643.94 9647.54 9648.97 9646.94 9642.16 9642.89 9645.32 9650.18 9654.24 9658.71 9664.18 9667.99 9672.78 9677.22 9677.57 9678.73 9677.8 9672.73 9648.95 9649.07 9651.57 9651.76 9653.88 9654.01 9652.34 9655.14 9659.27 9661.14 9662.78 9663 9662.95 9662.29 9660.45 9658.37 9653.98 9640.63 9619.44 9608.34 9605.08 9601.33 9603.6 9604.82 9602.26 9598.21 9597.79 9606.44 9623.92 9638.12
9668.54 9669.53 9671.19 9672.98 9677.18 9667.09 9675.96 9677.35 9673.43 9651.95 9645.21 9635.06 9635.1 9638.09 9632.29 9634.11 9637.67 9638.68 9638.69 9643.18 9646.84 9649.8 9646.62 9643.97 9644.22 9649.17 9650.19 9652.86 9654.4 9658.24 9663.82 9670.16 9680.99 9685.86 9675.14 9665.58 9651.81 9647.21 9651.89 9656.92 9658.46 9661.29 9661.55 9659.93 9661.54 9665.99 9668.94 9667.91 9665.88 9662.92 9658.2 9653.39 9646.75 9639.7 9628.14 9610.7 9601.73 9599.97 9601.92 9603.97 9602.51 9600.73 9597.59 9587.51 9620.7 9636.77 9650.48
9671.42 9678.14 9679.7 9674.35 9670.51 9670.58 9672.29 9674.15 9666.85 9647.96 9642.35 9636.68 9637.1 9641.78 9645.44 9644.06 9642.88 9641.26 9640.34 9643.52 9646.7 9648.3 9645.6 9643 9643.88 9646.42 9652.39 9654.89 9654.27 9656.1 9660.13 9662.86 9666.56 9670.39 9667.38 9661.6 9652.08 9656.11 9664 9673.56 9675.6 9674.72 9674.36 9676.11 9677.64 9676.31 9677.55 9674.04 9668.83 9661.56 9654.37 9646.01 9635.9 9623.05 9609.25 9601.92 9597.27 9595.69 9596.18 9595.97 9599.18 9603.41 9608.49 9628.32 9642.39 9646.7 9653.9
9672.71 9680.82 9675.74 9674.33 9677.12 9670.51 9669.76 9668.38 9660.75 9652.94 9645.73 9641.04 9641.19 9647.04 9654.69 9653.51 9648.57 9645.39 9644.83 9645.47 9647.29 9648.5 9647.65 9647.34 9654.93 9657.45 9658.1 9660.51 9663.6 9661.38 9658.22 9654.62 9646.7 9651.66 9661.74 9666.97 9674.24 9679.32 9679.55 9683.99 9691.55 9689.89 9688.82 9687.17 9698.32 9700.66 9688.25 9678.35 9669.29 9659.82 9650.65 9639.87 9627.58 9612.86 9599.18 9595.6 9593.78 9591.81 9590.59 9592.33 9597.89 9607.31 9620.49 9638.42 9645.37 9645.39 9646.98
9674.05 9680.67 9681.07 9675.44 9680.46 9669.8 9666.6 9666.31 9665.28 9660.56 9650.2 9645.56 9645.52 9647.71 9652.07 9655.37 9651.03 9648.48 9646.88 9647.08 9648.22 9650.96 9654 9657.52 9658.38 9662.14 9663.05 9663.9 9664.83 9662.99 9658.16 9653.19 9649.81 9654.29 9664.45 9674.87 9688.53 9695.51 9694.2 9698.24 9700.8 9703.06 9708.29 9710.43 9712.19 9707.62 9694.82 9681.55 9670.07 9657.33 9646.01 9634.66 9622.52 9610.26 9601.41 9594.21 9590.62 9589.69 9588.57 9588.23 9598.33 9608.17 9619.22 9627.84 9634.34 9635.63 9636.21
9678.53 9680.49 9680.13 9677.88 9674.5 9665.16 9666.27 9665.07 9659.95 9649.17 9649.78 9649.53 9650.13 9648.59 9646.71 9649.05 9650.68 9649.63 9648.72 9647.85 9647.42 9648.97 9653.51 9659.66 9664.56 9666.36 9666.96 9666.34 9663.43 9662.73 9659.87 9656.56 9653.06 9662.07 9673.09 9682.6 9693.26 9703.86 9704.3 9702.88 9699.87 9710.02 9725.46 9729.97 9714.5 9706.1 9694.22 9680.3 9667.24 9653.59 9641.73 9630.1 9618.47 9608.56 9598.24 9591.83 9587.64 9591.68 9594.08 9599.73 9602.2 9609.11 9616.06 9620.5 9623.22 9626.97 9626.47
9683.71 9682.13 9681.67 9675.72 9672.44 9672.51 9670.77 9667.5 9662.68 9657.7 9653.34 9652.27 9651.93 9651.97 9652.89 9652.58 9651.45 9650.36 9647.98 9647.64 9649.96 9651.08 9652.46 9660.56 9671.79 9670.32 9669.85 9670.28 9670.97 9666.66 9663.62 9663.19 9668.73 9675.23 9686.72 9697.57 9708.96 9715.09 9712.57 9704.95 9699.55 9709.17 9721.52 9724.74 9713.7 9702.92 9690.08 9676.25 9662.58 9651.48 9639.72 9628.32 9617.53 9607.79 9598.44 9598.15 9600.11 9599.65 9597.99 9601.42 9606.16 9608.21 9610.91 9615.3 9623.38 9621.81 9621.16
9686.89 9685.8 9682.1 9675.55 9677.71 9680.42 9675.22 9670.29 9666.26 9661.09 9656.32 9653.46 9653.77 9654.97 9658.02 9654.26 9653.61 9652.23 9652.01 9653.04 9653.65 9656.39 9658.92 9662.64 9665.82 9669.1 9670.16 9671.63 9672.5 9669.63 9667.72 9667.53 9671.93 9685.61 9701.95 9719.78 9731.77 9728.6 9722.99 9712.65 9701.28 9704.71 9709.5 9710.08 9707.9 9697.57 9683.47 9671.66 9659.25 9647.69 9636.05 9625.22 9615.92 9608.6 9606.39 9605.93 9610.49 9604.49 9597.31 9605.57 9608.73 9606.06 9604.75 9607.92 9614.61 9615.77 9615.39
9688.74 9689.41 9688.03 9682.54 9680.88 9683.14 9678.15 9673.07 9667.73 9658.71 9656.52 9652.82 9650.29 9653.87 9660.83 9663.33 9656.15 9653.14 9652.71 9652.99 9653.97 9659.68 9667.35 9668.22 9668.67 9666.61 9667.72 9670.46 9672.03 9671.24 9670.96 9672.34 9678.95 9694.82 9713.44 9733.24 9746.34 9734.31 9726.18 9713.42 9703.73 9700.41 9697.86 9695.51 9691.56 9684.42 9673.8 9662.79 9651.2 9640.46 9630.53 9620.72 9612.68 9605.96 9599.88 9598.64 9602.12 9600.62 9597.87 9601.28 9602.71 9600.72 9598.52 9597.39 9604.82 9608.98 9607.23
9685.98 9688.13 9690.14 9684.66 9684.16 9682.07 9677.76 9673.05 9668.08 9666.32 9655.35 9651.86 9649.27 9651.4 9654.92 9654.28 9652.06 9651.59 9651.16 9649.38 9650.1 9658.79 9665.63 9661.94 9659.64 9661.24 9663.12 9666.36 9669.97 9671.54 9674.29 9679.67 9689.12 9703.25 9719.77 9732.79 9734.78 9728.27 9718.66 9710.53 9702.87 9696.12 9689.39 9682.36 9675.5 9668.02 9658.51 9649.51 9640.34 9632.06 9624.29 9616.41 9609.32 9603.48 9597.98 9595.34 9595.41 9595.54 9596.02 9594.19 9592.95 9594.8 9596.19 9595.11 9595.84 9604.79 9609.21
9678.58 9682.54 9683.15 9684.03 9683.06 9679.79 9675.94 9671.76 9665.49 9660.72 9654.68 9652.6 9651.5 9651.86 9651.48 9647 9647.16 9649.68 9651.36 9653.92 9649.3 9656.1 9659.11 9653.99 9652.38 9655.83 9658.52 9660.96 9666.14 9672.38 9677.65 9682.25 9693.15 9708.62 9723.14 9732.67 9726.97 9720.17 9710.85 9707.74 9701.16 9693.12 9683.1 9671.6 9660.34 9651.69 9643.46 9635.89 9632.1 9625.06 9618.14 9611.94 9606.55 9601.04 9597.46 9595.5 9592.22 9591.29 9595.13 9588.08 9584.76 9590.31 9596.06 9593.41 9589.32 9601.31 9611.74
9675.48 9679.44 9681.45 9687.06 9679.38 9674.61 9670.77 9667.03 9663.05 9658.74 9654.09 9653.31 9654.02 9653.28 9648.99 9645.37 9648.48 9649.58 9651.1 9653.14 9656.26 9659.45 9659.5 9652.25 9651.2 9654.96 9657.81 9658.9 9667.73 9676.73 9684.28 9690.72 9700.06 9712.93 9724.41 9729.72 9720.79 9712.83 9706.41 9703.32 9695.92 9689.11 9679.57 9660.27 9644.81 9635.18 9630.89 9625.67 9621.56 9616.31 9611.11 9605.14 9602.33 9598.09 9595.56 9597.24 9591.9 9592.08 9589.11 9580.06 9576.77 9587.15 9596.25 9595.49 9591.27 9595.63 9606.43
9676.04 9678.1 9679.31 9673.79 9665.63 9668 9665.92 9663.25 9659.95 9657.19 9654.57 9653.19 9653.06 9652.13 9648.71 9649.3 9649.58 9649.65 9651.16 9653.16 9656.02 9659.68 9659.59 9656.11 9654.98 9658.15 9663.47 9669.55 9676.15 9684.66 9693.61 9702.56 9709.3 9716.26 9723.08 9724.81 9715.21 9703.73 9693.21 9686.04 9682.01 9677.08 9664.02 9636.55 9620.06 9617.5 9616.26 9615.24 9614.22 9611.06 9607.43 9603.08 9600.66 9595.03 9588.38 9580.76 9583.65 9583.23 9577.59 9574.73 9575.76 9585.95 9597.55 9595.4 9582.98 9587.14 9595.88
9671.84 9676.11 9676.53 9665.66 9666.11 9663.34 9661.25 9659.14 9656.87 9654.56 9652.99 9651.27 9649.48 9647.31 9647.4 9647.37 9646.21 9649.14 9651.48 9651.72 9652.92 9648.76 9649.25 9651.17 9656.28 9662.62 9669.78 9679.43 9685.67 9693.57 9701.6 9708.99 9714 9717.77 9719.42 9716.85 9708.57 9696.64 9683.64 9675.42 9666 9652.2 9633.42 9608.09 9599.21 9603.19 9605.77 9606.82 9609.14 9607.67 9604.99 9602.71 9598.23 9592.69 9585.66 9579.61 9577.39 9575.18 9571.81 9575.25 9580.12 9587.21 9591.4 9596.36 9595.37 9581.54 9582.79
9672.73 9669.36 9670.77 9667.04 9658.26 9658.45 9656.69 9654.96 9654.3 9652.39 9648.69 9649.94 9646.99 9643.33 9645.47 9647.56 9646.4 9649.34 9652.07 9654.54 9649.51 9645.55 9649.15 9656.69 9662.36 9669.15 9674.45 9680.58 9692.78 9702.45 9709.34 9712.98 9716.51 9717.03 9716.11 9710.91 9703.01 9693.44 9683.84 9671.45 9654.34 9634.09 9614.81 9600.94 9602.51 9597.66 9598.75 9601.03 9601.1 9600.63 9599.87 9598.48 9597.17 9592.59 9586.3 9579.14 9575.98 9576.92 9575.73 9585.31 9590.66 9596.65 9593.36 9598.5 9594.8 9580.52 9569.76
9666.72 9662.91 9664.79 9672 9660.9 9654.79 9653 9650.96 9650.4 9651.74 9654.36 9651.03 9647.29 9644.88 9646.06 9647.1 9648.29 9650.31 9651.84 9648.97 9639.9 9643.34 9650.6 9659.19 9669.33 9678.78 9685.61 9691.2 9703.25 9712.24 9720.1 9724.28 9720.07 9715.77 9710.83 9704.13 9698.28 9695.14 9689.01 9662.65 9647.27 9630.43 9611.96 9600.31 9594.29 9593.21 9594.8 9596.57 9597.68 9600.57 9603.71 9603.33 9601.06 9598.47 9593.72 9585.7 9583.44 9578.83 9587.61 9606.54 9623.39 9621.21 9612.15 9606.85 9598.91 9579.52 9568.3
9665.26 9661.84 9662.96 9661.6 9652.57 9650.52 9649.14 9648.17 9648.17 9648.85 9651.25 9650.35 9648.16 9648.49 9647.19 9647.36 9648.79 9649.6 9650.31 9648.25 9631.65 9643.18 9649.79 9661.65 9676.21 9690.79 9705.78 9713.61 9716.11 9720.8 9725.91 9727.2 9720.66 9713.1 9705.05 9698.47 9691.53 9683.79 9679.48 9660.68 9641.7 9624.42 9604.54 9588.08 9585.16 9587.02 9590.76 9595.22 9599.47 9603.02 9607.92 9611.42 9611.8 9611.47 9610.3 9609.06 9612.33 9621 9621.5 9628.21 9640.89 9638.74 9626.88 9615.06 9606.41 9584.4 9566.51
9665.99 9663.48 9660.98 9657.21 9650.54 9648.32 9646.94 9645.76 9646.56 9646.14 9643.35 9647.08 9646.46 9645.09 9644.82 9647.3 9647.98 9646.52 9645.37 9643.77 9631.63 9633.54 9646.71 9663.99 9683.78 9700.26 9715.59 9723.26 9723.59 9724.7 9724.57 9722.76 9717.76 9710.08 9702.56 9695.73 9684.24 9676.61 9678.89 9660.12 9633.24 9610.86 9595.35 9582.65 9582.08 9586.87 9591.44 9597.76 9601.21 9605.16 9608.08 9611.61 9614.64 9620.52 9625.25 9632.05 9636.33 9634.83 9629.82 9636.62 9651.6 9644.37 9622.15 9614.22 9606.76 9594.27 9580.38
9672.92 9663.2 9663.23 9663.18 9653.15 9648.71 9646.85 9645.35 9644.17 9644.65 9644.86 9646.79 9644.84 9640.42 9639.51 9641.49 9644.15 9640.02 9633 9629.4 9623.96 9632.51 9660.17 9679.22 9693.8 9706.34 9716.75 9722.62 9724.52 9725.09 9724.85 9720.72 9714.55 9706.43 9696.57 9685.27 9674.41 9668.73 9666.64 9647.73 9621.11 9598.81 9591.45 9584.69 9584.19 9587.07 9593.75 9596.94 9598.84 9601.43 9608.98 9612.96 9618.04 9624.46 9634.12 9641.78 9640.51 9616.13 9615.36 9627.8 9640.95 9639.71 9622.04 9607.83 9600.38 9604.18 9600.56
9682.68 9683.79 9670.52 9662.3 9656.29 9649.38 9646.16 9644.05 9643.8 9644.08 9645.62 9648.71 9644.59 9640.06 9635.85 9632.09 9631.2 9624.89 9621.15 9619.5 9625.03 9646.37 9680.3 9696.72 9703.27 9710.26 9716.54 9721.35 9723 9722.5 9721.73 9717.01 9710.71 9702.91 9688.94 9675.18 9662.97 9656.25 9654.45 9634.18 9609.45 9593.11 9591.22 9586.77 9589.57 9592.43 9595.68 9598.52 9601 9603.68 9606.58 9611.95 9617.45 9624.37 9634.06 9644.87 9647.11 9623.55 9604.83 9611.61 9620.71 9619.94 9604.38 9596.09 9590.63 9595.71 9611.05
9604.84 9694.71 9703.84 9664.58 9654.84 9651.75 9647.59 9644.03 9644.15 9644.15 9646.41 9647.93 9642.37 9635.02 9627.31 9618.92 9607.45 9611.98 9618.57 9628.29 9640.78 9667.33 9693.13 9703.43 9708.26 9712.34 9714.46 9719.49 9720.91 9718.83 9711.34 9710.11 9705.75 9700.99 9692.14 9672.7 9657.29 9646.63 9641.91 9621.93 9599.3 9588.58 9594.82 9600.14 9598.64 9597.9 9598.18 9599.23 9600.2 9602.96 9606.35 9610.57 9616.36 9622.72 9631.29 9638.93 9647.83 9625.66 9600.3 9595.06 9595.35 9587.68 9585.7 9584.81 9582.94 9586.63 9609.77
9471.03 9613.18 9718.39 9684.2 9669.76 9658.06 9650.07 9644.78 9641.39 9641.62 9640.48 9643.02 9638.79 9630.82 9623.09 9614.55 9608.28 9620.02 9631.45 9646.58 9679.67 9693.75 9698.9 9703.76 9709.06 9714.37 9718.36 9719.37 9719.6 9717.26 9713.77 9706.15 9698.7 9692.54 9692.73 9672.4 9653.55 9640.95 9628.76 9611.48 9594.4 9591.36 9608.59 9614.01 9605.06 9602.49 9601.03 9600.13 9601.1 9600.94 9605.34 9609.05 9613 9616.41 9617.46 9616.46 9605.98 9596 9579.81 9577.76 9579.74 9575.75 9580.54 9582.74 9580.15 9579.45 9593.99
9439.61 9590.31 9712.06 9696.03 9674.12 9660.2 9651.4 9645.29 9642.03 9638.31 9636.59 9640.06 9634.06 9626.96 9622 9622.33 9626.69 9652.84 9652.98 9667.48 9686.45 9696.21 9693.71 9699.85 9705.91 9711.61 9716.49 9717.15 9717.38 9716.15 9709.78 9702.3 9690.4 9676.6 9669.91 9661.81 9647.4 9637.15 9623.01 9603.56 9585.1 9582.46 9594.49 9604.98 9603.13 9601.12 9598.79 9598.03 9600.38 9600.82 9600.95 9603.36 9605.42 9602.3 9599.8 9594.14 9582.46 9570.3 9559.26 9566.52 9579.89 9592.15 9592.13 9591.28 9587.88 9582.55 9587.07
9527.62 9662.13 9708.86 9690 9671.59 9658.49 9651.14 9644.83 9639.3 9636.12 9631.7 9626.47 9626.68 9624.14 9620.14 9629.72 9646.69 9633.29 9650.64 9669.36 9682.1 9684.91 9688.07 9695.3 9701 9705.1 9709.04 9712.15 9714.16 9717.23 9715.91 9699.81 9684.69 9667.1 9659.12 9650.37 9641.36 9634.91 9619.8 9598.25 9578.5 9572.58 9576.97 9588.75 9595.42 9596.29 9596.28 9595.68 9595.78 9595.24 9594.07 9595.2 9593.94 9591.14 9587.24 9580.18 9569.77 9561.7 9553.78 9565.39 9588.14 9604.72 9603.93 9606.18 9611.96 9627.02 9644.77
9693.01 9701.94 9683.59 9675.38 9665.78 9657.13 9650.89 9644.36 9638.13 9635.82 9628.43 9624.13 9622.65 9624.74 9627.28 9631.12 9634.07 9635.46 9659.93 9674.69 9682.99 9687.05 9690.43 9694.64 9698.07 9700.77 9703.41 9706.75 9708.45 9708.62 9704.77 9694.58 9683.15 9669.36 9651.69 9642.15 9632.12 9626.25 9613.44 9594.68 9579.6 9571.29 9569.08 9580.46 9588.89 9591.66 9592.52 9590.97 9589.78 9589.27 9587.57 9582.8 9583.9 9580.81 9575.42 9568.78 9564.45 9564.89 9558.31 9569.89 9595.41 9609.03 9609.58 9622.64 9638.43 9665.78 9701.14
9683.64 9680.02 9671.54 9664.35 9662.82 9662.03 9651.16 9644.19 9638.95 9635.91 9633.47 9624.97 9631.66 9631.65 9634.62 9635.82 9637.03 9647.9 9680.04 9684.17 9688.57 9696.61 9698.08 9697.22 9697.12 9698.08 9700.19 9702.54 9702.64 9698.49 9692.74 9686.97 9679.35 9677.94 9656.95 9635.8 9622.88 9614.17 9605.32 9591.4 9576.63 9577.34 9580.33 9580.81 9584.84 9585.3 9585.41 9584.98 9582.04 9579.92 9576.01 9573.27 9570.59 9566.68 9563.13 9560.84 9560.88 9565.04 9567.39 9578.58 9594.34 9605.47 9619.34 9641.03 9660.95 9689.42 9719.49
9658.67 9658.97 9652.05 9655.44 9655.54 9651.44 9648.56 9644.56 9640.74 9638.01 9637.93 9641.24 9642.09 9639.46 9638.93 9642.68 9651.52 9669.03 9681.35 9688.92 9693.56 9697.58 9702.66 9699.36 9696.08 9693.23 9697.08 9701.12 9700.91 9693.83 9688.6 9680.24 9667.74 9652.94 9642.59 9627.06 9614.45 9611.88 9600.66 9588.71 9581.07 9580.53 9584.95 9581.64 9580.45 9581.79 9581.54 9580.15 9575.83 9574.18 9571.06 9566.27 9562.82 9558.32 9556.26 9557.21 9559.82 9564.04 9579.78 9592.63 9598.14 9615.83 9641.67 9666.21 9690.32 9712.23 9730.66
