real_craters/C151-300m.grd
DSAA
327 327
-48.8425 48.8425
-48.8425 48.8425
8366.1766474527 10195.606260371
[rows 30 to 59 of 327, columns 201 to 267 of 327]
9591.9 9591.81 9592.07 9592.28 9592.64 9592.79 9593 9593 9593.72 9595.25 9593.8 9594.08 9596.25 9596.97 9599.15 9602.05 9605.12 9608.22 9611.31 9613.67 9616.56 9618.66 9620.82 9623.03 9624.97 9625.52 9627.33 9627.82 9630.2 9632.89 9635.62 9638.48 9637.6 9638.71 9642.47 9645.36 9646.56 9647.42 9648.42 9651.01 9657.37 9665.27 9672.62 9678.65 9684.73 9695.59 9704.7 9708.87 9712.15 9714.15 9714.27 9715.42 9714.95 9713.18 9710.8 9707.63 9705.26 9701.82 9696.46 9691.91 9688.19 9685.28 9684.19 9684.4 9686.13 9687.67 9686.09
9590.6 9590.56 9590.81 9591.04 9591.65 9591.84 9592.01 9592.26 9592.68 9592.38 9592.18 9591.78 9592.34 9595.61 9598.57 9602.03 9605.56 9609.18 9612.64 9615.81 9618.73 9621.46 9623.68 9625.95 9627.87 9628.62 9630.37 9631.27 9632.8 9634.36 9636.35 9639.43 9636.53 9638.21 9641.91 9644.5 9645.66 9646.79 9648.26 9650.93 9657.49 9663.89 9669.62 9675.19 9681.02 9689.49 9696.78 9702.42 9707.05 9709.91 9710.45 9711.88 9712.22 9711.88 9711.15 9708.98 9706.35 9701.71 9696.38 9691.71 9687.86 9684.77 9682.36 9683.48 9685.08 9686.66 9685.3
9589.1 9589.5 9589.85 9590.22 9590.63 9590.88 9591.13 9591.37 9591.48 9591 9590.49 9590.05 9591.55 9594.41 9598.55 9602.78 9606.9 9610.91 9615.28 9618.81 9622.09 9625.2 9627.97 9630.44 9633.01 9633.16 9634.59 9634.85 9635.45 9635.76 9635.73 9636.17 9638.92 9638.91 9641.25 9643.77 9645.4 9646.71 9648.85 9653.16 9657.52 9662.82 9668.23 9674.05 9682.09 9686.38 9691.24 9695.77 9700.26 9703.76 9706.71 9708.58 9709.77 9710.8 9711.55 9711.94 9706.51 9699.64 9694.67 9690.46 9686.86 9683.98 9682.75 9682.61 9684.03 9684.52 9683.68
9587.23 9588.03 9588.69 9589.22 9589.68 9590.05 9590.39 9590.66 9590.97 9591.43 9589.41 9586.85 9588.34 9594.09 9599.42 9604.47 9609.09 9613.15 9617.78 9621.68 9625.24 9629.11 9632.07 9634.68 9636.89 9637.2 9638.45 9638.35 9638.01 9637.34 9636.09 9635.23 9634.59 9638.95 9642.12 9644.5 9646 9647.04 9647.53 9650.2 9656.77 9661.98 9666.74 9671.9 9678.37 9682.25 9686.16 9690.26 9694.5 9698.51 9701.5 9703.89 9706.08 9707.69 9709.19 9709.8 9701.4 9695.86 9692.35 9688.95 9685.84 9682.97 9680.08 9680.24 9682.36 9683.64 9682.19
9585.59 9586.82 9588 9588.84 9589.52 9589.8 9590.08 9590.22 9590.35 9590.48 9589.17 9587.73 9589.88 9595.86 9601.57 9606.72 9611.39 9615.49 9620.53 9624.45 9628.1 9631.5 9634.22 9637.1 9639.59 9641.6 9643.08 9643.06 9642.07 9640.41 9637.9 9636.56 9636.76 9640.76 9645.07 9646.52 9647.65 9648.89 9649.49 9651.49 9657.85 9661.1 9664.82 9668.45 9672.32 9676.44 9681.2 9685.63 9689.71 9693.68 9697.17 9699.83 9702.22 9703.78 9704.6 9703.23 9696.34 9692.23 9689.71 9687.21 9684.78 9682.51 9680.73 9680.52 9680.85 9680.35 9680.25
9584.52 9586.17 9587.75 9589 9589.77 9590.24 9590.45 9590.35 9589.94 9589.86 9589.97 9590.31 9594.64 9600.39 9605.45 9610.09 9614.42 9618.65 9622.44 9626.25 9629.89 9632.93 9636.28 9639.41 9642.01 9645.21 9646.87 9647.73 9647.27 9645.17 9641.47 9639.35 9641.25 9643.17 9645.85 9647.73 9649.45 9651.78 9655.35 9656.31 9656.84 9659.72 9662.86 9665.64 9668.62 9672.38 9677.35 9682 9686.28 9690.1 9693.52 9696.31 9698.69 9699.67 9699.65 9697.3 9691.48 9689.48 9687.88 9685.99 9684.11 9682.57 9681.73 9681.42 9681.17 9680.21 9679.16
9583.84 9586.1 9587.97 9589.51 9590.52 9591.24 9591.55 9591.41 9590.69 9589.49 9592.47 9599.1 9603.26 9607 9610.62 9614.26 9617.97 9621.26 9625.57 9629.11 9632.81 9636.71 9640.22 9643.58 9645.94 9648.79 9651.98 9653.44 9653.84 9652.31 9647.94 9644.65 9646.65 9646.89 9647.18 9649.1 9650.7 9652.82 9655.88 9655.79 9655.24 9658.31 9661.37 9664.08 9666.91 9670.29 9675.02 9679.36 9683.6 9687.35 9691.17 9694.11 9695.96 9696.89 9696.23 9692.47 9690.17 9688.51 9686.97 9685.22 9683.49 9682.17 9681.86 9682.24 9680.31 9679.11 9678.73
9584.29 9586.84 9588.93 9590.44 9591.68 9592.67 9593.33 9593.65 9593.78 9593.92 9599.59 9612.06 9613.44 9613.93 9615.81 9618.43 9621.51 9624.2 9627.57 9631.2 9634.77 9638.26 9641.96 9645.58 9650.01 9653.36 9656.35 9658.85 9660.69 9661.4 9659.94 9654.56 9650.51 9650.7 9651.74 9650.75 9651.25 9652.14 9652.32 9654.35 9655.97 9657.98 9660.56 9663.35 9666.86 9670.75 9673.87 9677.69 9681.78 9685.22 9689 9691.87 9694.12 9695.15 9694.48 9692.28 9690 9689.39 9687.53 9685.43 9683.37 9681.43 9679.76 9678.06 9678.47 9678.34 9678.45
9585.52 9587.97 9590.26 9592 9593.56 9594.83 9596 9596.98 9598.38 9601.07 9607.73 9616.71 9618.5 9618.92 9620.28 9622.37 9624.99 9627.52 9630.96 9634.2 9637.73 9641.35 9645.05 9648.83 9652.15 9656.14 9660.93 9664.89 9668.36 9671.08 9671.35 9661.58 9653.07 9650.98 9650.66 9650.87 9651.63 9652.73 9653.84 9655.04 9656.96 9658.53 9660.6 9662.98 9666.15 9669.63 9672.04 9675.71 9679.52 9683.75 9687.39 9690.58 9693.39 9695.54 9696.22 9696.78 9696.29 9692.11 9689.07 9686.42 9683.72 9681.07 9678.21 9675.52 9678.29 9677.91 9678.16
9587.44 9589.87 9591.93 9593.78 9595.48 9597.02 9598.68 9600.68 9603.14 9606.35 9611.03 9615.7 9619.56 9621.85 9623.91 9626.21 9628.82 9631.36 9634.34 9637.36 9640.75 9644.28 9647.94 9651.76 9656 9660.14 9664.05 9668.86 9673.49 9678.06 9678.74 9663.83 9653.87 9649.94 9649.44 9650.42 9651.94 9653.85 9655.88 9658.3 9658.56 9659.21 9660.94 9662.71 9664.37 9664.61 9669.64 9674.03 9678.06 9682.16 9685.96 9689.45 9692.88 9696.33 9701.83 9702.13 9697.3 9693.3 9690.07 9687.3 9684.63 9681.74 9678.75 9677.06 9676.42 9676.78 9677.8
9589.12 9592.04 9594.32 9596.02 9597.91 9599.72 9601.73 9603.96 9607.01 9610.39 9613.09 9617.07 9620.65 9623.75 9626.55 9629.4 9632.37 9634.67 9637.71 9641.1 9644.37 9647.74 9651.23 9654.85 9658.47 9662.6 9667.21 9671.75 9676.44 9681.41 9683.87 9663.22 9654.78 9649.91 9649.11 9650.45 9652.27 9654.75 9656.61 9656.49 9658.23 9659.68 9661.39 9662.97 9664.45 9666.78 9669.24 9672.99 9677.2 9681.07 9684.83 9688.32 9691.31 9693.98 9695.68 9696.36 9694.73 9692.76 9690.56 9688.18 9685.82 9683.15 9679.94 9676.17 9673.01 9676.12 9678.71
9592.15 9594.68 9596.6 9598.29 9599.47 9601.27 9603.71 9606.47 9609.89 9614.01 9620.05 9619.83 9622.64 9626 9629.44 9632.56 9635.67 9638.67 9641.77 9645.02 9648.33 9651.5 9654.7 9657.95 9660.35 9663.95 9667.62 9672.03 9675.81 9679.37 9678.61 9666.62 9657.45 9653.7 9651.41 9651.38 9652.67 9654.59 9655.77 9654.9 9658.2 9660.91 9662.9 9664.12 9665.46 9666.52 9669.02 9672.33 9676.04 9680.23 9683.74 9687.22 9690.46 9692.09 9690.65 9689.2 9691.51 9691.42 9690.27 9688.87 9687.39 9685.6 9682.94 9678 9676.89 9679.87 9681.11
9596.82 9597.82 9598.86 9600.07 9601.5 9602.87 9605.04 9607.67 9611.08 9614.88 9618.75 9620.72 9624.73 9628.52 9632.27 9635.77 9639.29 9642.3 9645.41 9648.47 9651.48 9655.06 9657.84 9660.95 9663.63 9666.22 9667.86 9670.26 9672.21 9673.95 9673.95 9666 9657.66 9653.21 9652.06 9652.57 9653.56 9654.31 9655.88 9658.78 9661.52 9664.15 9665.86 9666.46 9667.02 9668.4 9669.81 9672.4 9675.66 9678.96 9682.41 9686.16 9689.44 9692.64 9695 9695.81 9691.8 9690.79 9690.11 9689.38 9688.97 9688.74 9688.74 9688.62 9687.36 9686.3 9684.96
9600.74 9600.29 9600.62 9601.46 9602.51 9604.35 9605.7 9608.07 9611.09 9614.44 9618.48 9622.36 9626.98 9631.27 9635.72 9639.79 9644.03 9646.73 9649.96 9653 9655.83 9658.06 9660.12 9663.31 9665.4 9667.05 9667.59 9668.74 9668.45 9667.27 9663.22 9660.35 9655.22 9651.45 9652.82 9655.24 9656.99 9657.1 9659.33 9662.91 9667.63 9669.52 9670.04 9669.68 9669.21 9667.92 9668.48 9672.14 9675.31 9679.01 9682.22 9685.51 9688.71 9692.59 9695.51 9689.71 9689.21 9688.83 9688.78 9689.09 9690.02 9691.28 9693.53 9697.96 9699.58 9691.95 9687.97
9601.23 9601.15 9601.54 9602.27 9603.2 9604.55 9605.48 9607.46 9610.01 9613.3 9618.64 9623.85 9629.37 9634.23 9638.57 9642.88 9647.17 9650.94 9654.6 9657.67 9659.47 9661.93 9664.03 9664.88 9665.69 9666.51 9666.64 9666.2 9664.48 9663.18 9663.91 9660.21 9653.94 9651.41 9655.6 9660.46 9664.75 9668.34 9673.56 9677.01 9677.43 9676.66 9675.42 9673.68 9672.39 9671.64 9672.51 9673.56 9675.99 9678.76 9681.54 9684.22 9686.34 9688.13 9687.87 9686.68 9686.71 9687.26 9688 9688.94 9690.29 9692.05 9694.15 9695.62 9695.34 9690.73 9690.28
9599.27 9601 9602.22 9603.11 9603.65 9604.65 9605.79 9607.11 9608.99 9611.35 9615.84 9624.45 9631.26 9636.99 9642.29 9646.01 9650.23 9653.7 9657.23 9659.19 9661.77 9664.01 9665.85 9668.02 9668.68 9667.1 9666.04 9664.37 9661.33 9657.11 9654.73 9656.44 9656 9656.17 9661.22 9667.77 9674.96 9682.61 9690.24 9691.9 9687.83 9684.07 9680.98 9678 9675.7 9674.34 9674.32 9673.98 9676.12 9678.68 9681.07 9683.18 9684.33 9684.06 9683.36 9683.37 9684.65 9686.03 9687.23 9688.37 9689.63 9691.28 9692.62 9692.85 9686.21 9685.28 9689.48
9599.31 9601.47 9602.6 9603.48 9604.27 9605.25 9606.34 9607.83 9609.2 9610.9 9614.89 9625.06 9633 9639.57 9644.59 9648.72 9652.21 9655.09 9658.03 9660.58 9662.85 9664.83 9666.44 9669.5 9669.62 9669.73 9667.99 9665.36 9661.31 9658.45 9657.87 9657.47 9659.1 9662.7 9667.27 9675.33 9684.5 9692.73 9698.89 9699.24 9695 9690.51 9686.25 9682.24 9678.66 9675.04 9671.4 9674.05 9676.33 9678.64 9680.67 9682.54 9683.59 9683.74 9681.77 9681.34 9683.46 9684.81 9685.87 9686.8 9687.71 9688.63 9688.77 9687 9680.17 9680.45 9687.35
9602.22 9602.61 9603.49 9604.25 9605.1 9606.16 9607.37 9608.98 9610.55 9612.79 9617.58 9626.57 9636.27 9643.14 9647.61 9651.36 9654.34 9656.76 9658.99 9661.17 9663.19 9665.05 9666.68 9669.08 9669.87 9670.69 9669.66 9667.34 9663.51 9659.02 9662.67 9661.03 9658.15 9662.35 9671.56 9681.71 9692.79 9701.51 9703.78 9702.78 9699.31 9694.98 9690.51 9686.05 9681.83 9677.86 9675.55 9675.87 9677.99 9679.89 9681.53 9683.08 9684.21 9685.09 9685.58 9684.3 9683.99 9684.77 9685.51 9685.99 9686.21 9685.96 9685.73 9683.12 9678.62 9679.42 9686.8
9603.6 9603.51 9603.47 9604.46 9605.51 9606.82 9608.42 9610.49 9613.15 9616.83 9623.72 9635.26 9642.2 9647.57 9651 9653.71 9656.16 9659.3 9660.73 9662.68 9664.62 9666.53 9668.28 9669.53 9670.97 9672.47 9673.02 9672.07 9670.09 9666.41 9667.13 9666.17 9663.48 9667.44 9676 9685.89 9697.01 9705.27 9705.11 9704.51 9701.86 9697.67 9693.24 9688.98 9684.92 9681.39 9678.05 9678.67 9679.82 9680.78 9681.82 9683.05 9684.25 9686.57 9683.94 9684.25 9685.32 9685.39 9685.57 9685.36 9684.74 9683.63 9682.99 9682.48 9681.02 9682.17 9686.88
9602.46 9602.7 9603.12 9604.28 9605.84 9607.79 9609.9 9612.52 9616.16 9621.68 9630.44 9640.72 9648.57 9652.79 9654.92 9656.43 9658.05 9660.1 9661.76 9663.55 9665.49 9668.46 9670.56 9671.65 9673.79 9676.03 9678.05 9679.11 9679.97 9682.43 9676.78 9675.92 9673.82 9675.84 9680.84 9687.49 9696.01 9703.99 9707.83 9706.17 9703.04 9699.07 9695.15 9691.27 9687.81 9685.17 9684.63 9683.32 9681.96 9681.85 9682.27 9682.93 9683.34 9685.06 9686.08 9685.91 9686.79 9686.86 9686.68 9685.86 9684.36 9682.25 9680.11 9680.24 9684.55 9686.6 9688.06
9599.15 9599.58 9601.25 9603.33 9605.94 9608.49 9611.21 9614.33 9618.53 9625.15 9635.87 9648.1 9655.99 9658.08 9658.57 9658.76 9659.59 9660.68 9661.78 9663.44 9665.41 9668.36 9670.15 9673.23 9676.29 9681.05 9684.52 9687.36 9689.07 9690.04 9693 9690.72 9686.86 9685.48 9685.24 9686.82 9690.04 9698.43 9706.19 9705.78 9702.96 9699.22 9695.72 9692.15 9689.34 9686.77 9685.27 9683.55 9682.74 9682.76 9682.7 9683.08 9682.78 9680.93 9685.06 9687.91 9688.9 9689.18 9688.75 9687.53 9685.31 9682.26 9679.28 9678.99 9680.84 9681.56 9686.11
9591.09 9595.39 9599.06 9602.4 9605.93 9609.33 9612.75 9616.12 9620.16 9626.05 9639.07 9655.34 9663.4 9661.79 9660.31 9659.4 9659.56 9660.56 9661.81 9663.54 9666.24 9668.75 9671.29 9674.88 9679.31 9683.65 9689.07 9695.12 9700.5 9702.65 9705.28 9705.22 9703.74 9693.91 9687.73 9685.34 9686.16 9693.75 9701.71 9702.89 9701.15 9698.26 9695.21 9692.28 9689.98 9687.12 9682.59 9680.1 9683.18 9683.54 9683.53 9684.04 9685.96 9689.87 9691.72 9690.89 9691.48 9691.81 9691.66 9690.49 9688.02 9684.26 9680.19 9678.41 9676.81 9677.4 9683.79
9588.38 9592.22 9596.99 9601.67 9606.24 9610.72 9614.8 9618.47 9622.17 9627.47 9640.05 9656 9664.4 9661.26 9659.48 9658.42 9658.39 9658.74 9660.04 9661.87 9664.65 9667.41 9672.07 9676.33 9680.69 9685.93 9692.42 9700.85 9712.24 9720.13 9715.61 9710.16 9705.77 9694.51 9686.56 9682.3 9683.83 9692.12 9699.09 9699.51 9698.53 9696.81 9694.53 9692.26 9690.39 9688.5 9687.73 9689.09 9686.5 9685.16 9684.43 9685.07 9685.2 9686.29 9688.75 9692.92 9694.34 9695.16 9695.5 9695.16 9693.32 9689.11 9683.86 9682.4 9678.93 9675.71 9684.9
9585.56 9590.77 9596.27 9601.77 9607.35 9612.95 9617.89 9622.14 9625.41 9628.68 9639.04 9649.29 9654.8 9655.12 9655.16 9655.86 9656.79 9657.82 9659.67 9661.89 9664.59 9667.69 9671.35 9675.78 9680.25 9685.73 9692.57 9700.64 9710.24 9722.08 9720.21 9707.04 9694.81 9689.77 9682.55 9676.54 9675.52 9685.51 9693.51 9695.29 9694.93 9693.78 9692.31 9690.65 9689.54 9689.23 9690.41 9691.69 9687.95 9685.73 9684.69 9684.66 9684.35 9688.25 9695.18 9696.14 9697.42 9698.62 9699.98 9701.17 9701.77 9699.44 9694.04 9694.6 9690.52 9686.55 9694.38
9587.03 9590.94 9596.55 9602.82 9609.35 9615.98 9622.16 9627.81 9632.29 9634.99 9639.68 9642.66 9644.1 9646.72 9649.24 9651.5 9653.52 9655.65 9658.09 9660.8 9663.85 9667.21 9671.04 9675.03 9679.09 9684.08 9689.3 9695.71 9702.96 9716.91 9716.37 9706.02 9695.78 9686.72 9679.1 9672.15 9669.79 9679.73 9687.68 9691.16 9691.83 9691.27 9689.75 9688.42 9687.5 9687 9687.24 9686.2 9685.34 9684.5 9684.25 9685.12 9688.9 9693.39 9696.69 9699.15 9700.25 9701.69 9703.84 9707.01 9711.93 9717.46 9718.09 9714.61 9712.93 9714.49 9713.63
9587.03 9591.14 9597.33 9604.3 9611.72 9619.15 9626.77 9634.2 9641.23 9645.25 9643.11 9639.38 9635.42 9639.6 9643.64 9647.16 9650.02 9652.96 9655.85 9659.03 9662.4 9665.54 9670.25 9674.09 9678 9681.04 9685.07 9689.3 9692.91 9703.75 9705.51 9698.69 9691.26 9684.3 9677.74 9672.25 9671.83 9680.58 9685.72 9688.03 9688.78 9688.8 9688.04 9686.49 9685.04 9683.96 9682.93 9682.49 9681.93 9682.36 9683.41 9685.04 9687.04 9696.6 9701.04 9700.9 9701.21 9702.24 9704.47 9708.8 9716.9 9730.03 9736.86 9728.93 9728.14 9733.61 9728.28
9586.98 9591.33 9598.07 9605.66 9613.73 9622.14 9630.85 9639.33 9647.42 9650.45 9645.92 9639.62 9634.7 9636.64 9639.82 9643.28 9646.46 9650.14 9653.9 9657.1 9660.78 9664.34 9668.24 9671.89 9674.93 9678.65 9681.69 9684.37 9687.24 9694.3 9695.36 9691.49 9687.41 9683.02 9678.45 9674.88 9675.1 9680.5 9684.09 9685.76 9686.33 9686.37 9684.89 9682.94 9681.19 9679.43 9678.14 9677.21 9677.91 9680.55 9683.89 9687.35 9691.17 9695.74 9699.9 9699.97 9699.63 9699.57 9700.73 9704.13 9710.8 9721.52 9727.77 9725.99 9727.25 9730.87 9726.65
9587.78 9592.13 9599.22 9607.07 9615.39 9624.04 9633.02 9641.98 9650.6 9652.44 9646.96 9640.81 9637.47 9636.47 9637.46 9640.13 9643.4 9647.34 9650.99 9655.01 9658.83 9663.03 9667.32 9670.6 9673.76 9676.4 9678.84 9680.83 9682.38 9686.08 9688.59 9688.18 9686.39 9683.64 9680.92 9678.82 9678.09 9679.52 9682.34 9684.11 9684.47 9683.95 9682.31 9680.18 9677.88 9676.13 9673.86 9672.29 9674.14 9678.97 9686.03 9691.58 9699.5 9694.65 9698.53 9699.83 9698.26 9696.1 9694.9 9695.23 9696.64 9699.69 9705.35 9711 9714.33 9715 9712.06
9589.36 9593.66 9600.94 9608.58 9616.65 9625.01 9633.39 9641.53 9648.83 9649.87 9644.9 9639.45 9636.45 9634.57 9634.6 9636.88 9640.34 9644.04 9648.28 9652.58 9656.65 9661.29 9666.26 9669.85 9672.82 9674.96 9676.36 9678.37 9679.83 9680.59 9685.52 9687.84 9687.7 9686.11 9684.03 9682.87 9681.23 9680.33 9683.81 9686.08 9686.84 9686.46 9685.36 9683.22 9682.6 9678.61 9673.84 9669.28 9670.93 9679.71 9689.66 9695.4 9695.47 9698.57 9702.76 9698.76 9692.85 9688.23 9684.85 9682.03 9680.4 9679.54 9685.9 9694.57 9699.64 9699.83 9698.53
9592.54 9597.23 9603.42 9610.43 9618 9625.43 9632.58 9638.7 9643.03 9643.44 9640.11 9635.08 9630.98 9629.09 9630.26 9633.2 9636.88 9641.74 9646.39 9651.02 9655.15 9659.75 9663.45 9667.16 9669.54 9673.26 9676.64 9677.81 9678.87 9681.69 9686.66 9690.63 9690.7 9689.36 9687.17 9685.32 9686.49 9687.47 9689.51 9691.23 9692.25 9692.66 9692.19 9691.01 9690.31 9685.64 9678.89 9670.98 9670.4 9681.52 9695.8 9707.2 9714.8 9726.54 9710.47 9694.16 9682.7 9676 9671.93 9669.31 9666.95 9665.53 9673.51 9683.49 9690.21 9692.08 9692.12
