real_craters/C151-500m.grd
DSAA
196 196
-48.8425 48.8425
-48.8425 48.8425
8368.7774604233 10183.716149835
[rows 120 to 149 of 196, columns 67 to 133 of 196]
9754.43 9752.32 9749.72 9760.62 9763.97 9775.5 9782.9 9788.38 9784.26 9787.12 9819.65 9939.24 10077.7 10110.2 10069.3 9972.78 9855.84 9742.87 9650.54 9569.97 9495.8 9405.69 9335.3 9272.45 9196.18 9142.65 9088.78 9049.34 9017.09 8998.19 8998.09 8983.71 9019.79 9040.31 9039.75 9068.13 9086.49 9137.65 9179.4 9214.3 9252.27 9313.64 9390.11 9467.61 9561 9670.57 9793.65 9941.09 9996.92 9971.75 9941.1 9902.15 9866.32 9825.11 9790.47 9759.87 9726.64 9697.3 9680.93 9684.83 9688.16 9661.12 9650.72 9639.43 9621.88 9630.21 9634.26
9756.21 9747.13 9745.78 9748.46 9757.86 9772.26 9785.63 9787.29 9786.87 9792.03 9816.28 9892.23 10026 10054.9 10030.1 9974.6 9900.77 9821.49 9713.24 9634.78 9572.4 9528.19 9469.85 9390.52 9334.73 9262.2 9209.16 9178.98 9160.9 9160.34 9150.04 9142.14 9213.83 9225.65 9263.01 9226.82 9236.95 9298.21 9327.02 9346.4 9380.57 9440.68 9493.2 9539.31 9605 9683.45 9771.46 9949.48 10014.7 9987.02 9952.14 9908.57 9870.82 9833.22 9792.72 9758.85 9727.64 9698.82 9681.75 9674.74 9676.7 9658.14 9656.13 9645.42 9630.86 9646.79 9643.64
9763.68 9761.7 9759.91 9753.21 9760.28 9772.36 9781.22 9786.47 9791.59 9799.76 9814.76 9878.31 9997.2 10033.3 10015.3 9967.35 9896.06 9804.16 9740.82 9673.86 9621.82 9591.78 9547.06 9468.46 9399.93 9360.13 9326.11 9298.62 9283.56 9289.49 9280.93 9305.36 9360.91 9384.2 9358.24 9353.29 9368.27 9410.46 9434.59 9449.98 9483.08 9527.2 9555.74 9585.31 9629.44 9691.23 9776.43 9906.59 9971.4 9968.36 9942.75 9901.85 9864.04 9822.57 9788.77 9755.9 9726 9700.3 9676.97 9683.23 9674.51 9668.8 9667.78 9663.42 9634.78 9644.89 9646.12
9770.99 9771.98 9772.75 9774.43 9778.38 9778.74 9779.9 9786.97 9801.18 9818.1 9845.37 9890.08 9977.28 10019.9 10003.6 9951.53 9888.84 9836.18 9752.8 9686.92 9637.72 9607.86 9571.1 9513.08 9464.51 9437.22 9418.19 9394.84 9384.39 9385.45 9391.31 9433.96 9467.68 9483.04 9479.76 9456.39 9467.27 9508.61 9499.57 9505.32 9534.68 9576.95 9594.24 9604.29 9644.34 9698.2 9766.21 9860.91 9925.4 9930.22 9910.75 9880.76 9848.38 9811.26 9781.93 9749.39 9719.84 9695.32 9677.01 9684.73 9681.67 9671.58 9663.81 9656.34 9639.34 9643.38 9641.33
9776.19 9774.97 9775.26 9786.62 9791.02 9788.36 9787.62 9794.37 9811.46 9834.09 9868.63 9912.9 9984.61 10038 9988.98 9923.6 9853.56 9781.35 9717.77 9673.24 9631.68 9593.85 9553.73 9532.31 9530.43 9515.98 9480.2 9456.15 9454.04 9473.17 9500.56 9558.62 9511.85 9499.06 9488.83 9485.1 9484.13 9507.44 9498.67 9507.31 9536.4 9565.88 9548.49 9587.6 9644.49 9703.94 9760.41 9883.6 9910.11 9904.88 9887.8 9862.78 9832.15 9802.54 9772.68 9741.92 9715.11 9691.34 9673.62 9673.85 9682.24 9662.56 9655.8 9650.8 9649.89 9635.16 9633.68
9780.55 9783.08 9786.27 9794.41 9796.57 9793.64 9796.42 9807.97 9813.89 9835.15 9875.96 9943.11 9947.67 9974.79 9937.56 9878.91 9808.4 9724.34 9681.44 9656.57 9620.9 9579.04 9535.21 9531.34 9545.03 9551.61 9507.57 9485.01 9485.29 9512.14 9580.09 9476.07 9438.76 9480.58 9456.3 9429.6 9417.34 9412.49 9449.34 9473.05 9480.42 9463.66 9488.49 9573.66 9654.55 9729.55 9797.29 9867.28 9886.85 9879.29 9865.78 9846.04 9812.82 9783.81 9756.63 9730.82 9705.93 9683.01 9670.88 9678.37 9664.01 9652.97 9652.03 9651.14 9646.76 9636.53 9633.38
9782.07 9789.74 9801.83 9801.09 9798.84 9791.03 9787.63 9789.11 9796.74 9810.93 9824.2 9819.8 9841.39 9855.14 9862.19 9834.51 9784.5 9729.01 9687.53 9655.46 9620.55 9583.85 9548.91 9532.35 9514.52 9481.24 9486.2 9481.47 9473.15 9459.74 9402.32 9351.63 9359.35 9413.92 9446.29 9415.13 9375.65 9378.71 9418.92 9453.69 9470.06 9463.3 9519.04 9600.19 9682.97 9767.12 9852.06 9879.85 9853 9842.67 9828.51 9807.49 9786.95 9764.4 9740.85 9717.29 9693.15 9673.61 9655.77 9648.75 9644.39 9649.39 9640.15 9646.54 9652.62 9642.58 9639.29
9776.02 9783.38 9793.65 9791.81 9789.98 9778.17 9769.01 9763.1 9775.95 9785.96 9785.92 9773.54 9794.58 9806.34 9816.82 9803.06 9772.98 9738.68 9703.84 9668.51 9635.53 9603.09 9575.02 9548.75 9526.52 9492.88 9482.78 9475.85 9454.87 9413.78 9361.56 9349.29 9349.25 9355.9 9369.95 9356.99 9360.74 9377.13 9421.13 9467.64 9510.37 9556.4 9598.24 9649.83 9712.79 9784.45 9855.78 9813.69 9807.57 9805.69 9795.24 9777.68 9758.82 9738.6 9718.15 9697.31 9678.77 9661.81 9653.51 9634.45 9643.19 9650.11 9645.89 9647.8 9650.77 9649.97 9647.74
9763.94 9766.99 9768.81 9767.39 9761.65 9760.17 9757.29 9757.63 9763.64 9773.11 9778.46 9786.42 9795.56 9800.66 9799.99 9793.62 9774.14 9746.53 9716.56 9693.2 9666.02 9632.75 9596.91 9569.77 9558.85 9528.1 9505.35 9487.67 9453.11 9410.13 9373.95 9360.52 9355.34 9362.15 9360.15 9359.21 9363.49 9392.78 9443.18 9499.8 9560.24 9623.6 9665.72 9687.23 9725.87 9772.21 9809.97 9786.22 9783.43 9776.28 9763.32 9749.73 9732.88 9716.08 9699.07 9681.61 9663.98 9647.72 9635.8 9638.36 9650.76 9641.18 9642.93 9650.44 9654.74 9654.04 9653.42
9747.92 9748.35 9746.52 9744.91 9744.7 9745.87 9748.5 9749.07 9761.19 9774.71 9785.5 9799.33 9808.88 9804.97 9802.01 9797.19 9785.31 9764.62 9739.28 9728.74 9707.63 9675.97 9632.61 9601.29 9596.26 9582.59 9549.97 9521.47 9487.23 9438.72 9389.97 9369.26 9371.16 9376.2 9375.07 9375.31 9383.29 9421.54 9478.66 9540.4 9602.09 9660.26 9681.86 9697.47 9723.76 9748.61 9759.9 9788.73 9778.05 9754.71 9735.32 9718.77 9706.23 9692.02 9678.43 9666.02 9653.3 9640.42 9632.8 9638.19 9643.43 9636.49 9632.42 9645.51 9652.96 9656.94 9660.13
9733.23 9732.64 9731.25 9730.95 9731.5 9737.85 9747.12 9757.86 9772.33 9786.1 9793.96 9791.43 9794.09 9799.58 9806.48 9808.55 9808.23 9803.78 9792.96 9782.09 9761.63 9735.11 9706.82 9680.8 9650.81 9615.09 9591.24 9573.02 9550.66 9513.16 9445.44 9396.89 9402.76 9400.24 9407.24 9416.49 9424.22 9468.35 9525.26 9581.25 9633.78 9675.1 9700.97 9705.58 9714.38 9727.09 9747.46 9765.4 9755.58 9730.57 9710.72 9695.01 9681.04 9669.55 9659.62 9652.26 9643 9634.26 9631.32 9637.87 9638.24 9632.84 9638.04 9638.82 9647.26 9655.4 9661.79
9719.3 9718.65 9719.46 9722.02 9727.01 9735.51 9747.72 9766.23 9783.81 9797.75 9813.8 9817.89 9806.24 9805.5 9814.37 9823.29 9836.16 9850.1 9861.52 9845.6 9816.47 9794.83 9787.44 9786.63 9738.81 9683.14 9648.39 9632.58 9620.23 9618.08 9548.61 9475.43 9451.59 9446.15 9458.11 9475.4 9494.7 9535.02 9581.38 9626.03 9665.91 9699.82 9710.95 9695.5 9704.92 9710.3 9694.37 9716.18 9712.53 9699.27 9687.45 9677.04 9667.39 9658.12 9650.15 9642.49 9636.29 9630.27 9627.08 9631.4 9635.13 9636.65 9637.91 9636.67 9644.18 9651.4 9653.69
9704.47 9704.28 9707.54 9713.81 9716.68 9725.22 9742.78 9763.49 9784.07 9799.92 9820.57 9832.07 9828.44 9818.72 9821.97 9833.83 9852.15 9878.41 9911.6 9887.84 9853.66 9832.4 9826.21 9830.26 9822.25 9770.19 9721.25 9691.9 9670.14 9649.88 9628.77 9557.38 9516.31 9520.91 9522.77 9553.62 9585.79 9616.02 9646.95 9674.83 9699.31 9718.13 9714.56 9687.89 9713.53 9722.78 9712.25 9687.86 9670.91 9669.43 9667.05 9663.36 9657.09 9649.69 9642.65 9637.37 9634.07 9635.03 9633.64 9631.65 9632.87 9635.13 9637.98 9642.94 9644.18 9647.93 9651.45
9689.49 9687.63 9688.14 9698.92 9700.13 9717.53 9731.91 9747.02 9762.07 9784.05 9810.59 9828.52 9838.45 9825.29 9821.14 9829.25 9846.49 9870.45 9889.09 9882.25 9861.04 9843.21 9830.11 9817.31 9847.81 9817.52 9776.4 9749.3 9715.85 9681.03 9686.98 9626.31 9592.8 9595.41 9597.89 9641.66 9681.32 9702.45 9715.2 9725.96 9734.02 9735.68 9734.12 9750.31 9740.95 9744.31 9737.51 9679.87 9647.46 9649.18 9651.4 9650.14 9646.48 9641.31 9636.12 9630.8 9628.57 9634.2 9646.43 9638.82 9634.27 9635.45 9637.89 9636.24 9637.28 9640.59 9647.35
9677.8 9673.07 9663.94 9637.73 9678.26 9705.47 9719.45 9725.7 9733.87 9754.29 9782.49 9804.39 9803.15 9800.39 9807.64 9817.63 9832.08 9847.85 9855.62 9853.57 9849.17 9837.73 9824.94 9810.23 9820.46 9842.7 9835.72 9816.92 9781.94 9743.85 9742.7 9715.02 9697.08 9687.19 9702.58 9775.52 9799.37 9789.27 9779.9 9775.58 9769.77 9762.23 9752.35 9757.11 9751.68 9737.6 9712.87 9674.56 9646.01 9642.38 9642.49 9641.16 9638.59 9634.21 9628.96 9623.46 9618.88 9618.34 9634.17 9629.89 9644.59 9644.19 9638.86 9630.99 9623.43 9623.57 9626.79
9670.01 9666.75 9664.08 9674.28 9688.11 9708.92 9711.51 9708.66 9705.67 9725.32 9738.86 9769.16 9786.78 9783.63 9789.39 9801.01 9813.16 9824.54 9832.66 9837.18 9832.79 9828.74 9826.92 9844.49 9864.17 9883.42 9916.29 9895.34 9865.7 9840.9 9820.19 9808 9785.37 9769.51 9804.7 9858.03 9875.1 9850.79 9828.42 9811.6 9802.5 9795.44 9786.26 9783.26 9758.03 9721.87 9693.13 9671.09 9655.33 9644.89 9640.39 9636.56 9633.31 9628.97 9623.4 9618.09 9611.84 9612.07 9620.09 9625.99 9639.9 9640.9 9618.14 9601.63 9600.91 9601.95 9598.83
9665.89 9665.17 9667.53 9675.7 9687.94 9703.06 9701 9697.4 9700.3 9717.06 9736.31 9746.18 9759.09 9754.64 9766.39 9780.68 9792.38 9802.45 9812.62 9819.74 9816.07 9813.36 9817.79 9826.31 9851.04 9899.12 9933.98 9947.98 9938.03 9923.23 9901.08 9870.4 9851.61 9835.29 9862.91 9889.57 9904.91 9878.09 9848.23 9829.26 9818.39 9820.8 9833.71 9816.62 9761.08 9705.45 9680.18 9670.75 9660.86 9651.26 9640.8 9633.76 9628.63 9623.72 9620.24 9615.67 9608.99 9602.54 9609.61 9621.75 9626.68 9617.28 9583.77 9572.42 9580 9585.07 9588.41
9662.46 9663.2 9665.79 9671.23 9678.05 9681.45 9685.05 9686.78 9693.47 9711.04 9733.79 9742.86 9748.4 9744.17 9753.31 9764.65 9771.74 9776.42 9778.99 9779.46 9788.27 9792.26 9801.77 9813.99 9837.01 9889.52 9948.74 9976.45 9990.38 9993.22 9988.65 9934.14 9905.59 9912.59 9925.37 9931.99 9926.38 9881.79 9849.97 9827.33 9818.2 9821.4 9833.96 9800.89 9746.18 9706.65 9686.14 9678.52 9676.6 9659.01 9642.85 9633.46 9628.47 9623.43 9620.02 9618.15 9615.67 9613.68 9614.91 9616.22 9614.21 9594.27 9565.24 9561.08 9569.15 9575.8 9579.92
9659.92 9660.49 9661.98 9665.06 9668.26 9671.75 9674.25 9676.85 9679.74 9696.91 9718.88 9726.12 9733.79 9738.33 9747.86 9753.82 9755.66 9755.3 9752.73 9750.41 9762.11 9773.02 9785.86 9804.85 9816.67 9855.61 9915.16 9951.63 9985.1 10003.3 10004.3 9968.11 9949.47 9976.08 9960.05 9921.56 9883.44 9849.31 9822.95 9808.79 9799.95 9791.74 9777.64 9753.18 9740.43 9721.67 9702.86 9686.2 9668.32 9654.09 9642.91 9633.93 9626.82 9621.81 9620.07 9620.31 9623.89 9627.22 9623.64 9622.27 9621.97 9606.28 9573.24 9568.33 9570.56 9573.59 9573.61
9656.28 9657.23 9657.61 9659.19 9660.39 9663.17 9667.11 9673.09 9680.34 9699.59 9723.74 9735.88 9733.98 9739.84 9746.56 9746.65 9745.28 9742.22 9736.44 9730.49 9741.58 9755.33 9762.53 9770.51 9771.02 9797.21 9820.89 9852.77 9908.84 9937.75 9946.96 9945.13 9919.33 9902.89 9880.92 9864.64 9819.11 9799.16 9788.97 9780.36 9773.75 9763.98 9749.1 9745.35 9763.83 9747.93 9723.55 9696.76 9671.87 9653.97 9643.42 9633.53 9626.88 9620.44 9618.29 9618.43 9622.89 9625.87 9623.27 9624.75 9631.99 9625.76 9602.42 9587.56 9580.42 9576.46 9572.63
9655.07 9656.05 9656.56 9656.75 9657.63 9661.97 9667.42 9676.48 9684.78 9705.51 9737.7 9754.84 9745.36 9742.12 9741.11 9740.45 9739 9735.48 9731.82 9729.09 9734.71 9740.19 9743.1 9741.94 9740.79 9750.89 9753.41 9770.86 9816.91 9854.25 9866.99 9858 9826.94 9827.13 9821.34 9807.55 9766.46 9754.02 9752.14 9751.09 9749.42 9744.72 9740.97 9745.18 9753.91 9767.26 9737.67 9705.87 9677.63 9656.57 9643.5 9633.53 9625.84 9619.18 9614.03 9610.8 9611.29 9616.34 9613.7 9617.5 9627.71 9628.26 9628.15 9606.58 9591.67 9580.11 9571.92
9656.65 9656.98 9656.62 9657.35 9661.1 9666.74 9675.54 9684.76 9699.82 9722.54 9738.29 9743.73 9738.63 9727.75 9736.81 9738.69 9737.1 9733.09 9730.59 9733.28 9731.2 9728.84 9729.12 9731.23 9732.18 9734.64 9731.85 9740.81 9774.41 9808.45 9824.48 9813.78 9784.51 9805.11 9806.15 9762.72 9730.95 9720.07 9721.97 9725.37 9728.55 9728.84 9729.35 9728.87 9745.68 9763.26 9734.79 9704.81 9679.41 9659.68 9640.51 9629.05 9621.51 9616.55 9611.07 9604.05 9595.13 9604.02 9607.1 9611.97 9621.51 9632.4 9633.99 9616.33 9594.5 9580.56 9571.06
9655.39 9656.19 9656.76 9657.79 9659.45 9667.61 9678.97 9684.91 9704.85 9730.63 9737.49 9741.07 9737.58 9730.83 9739.06 9737.91 9733.68 9728.49 9724.65 9721.35 9718.26 9716.4 9717.04 9721.7 9737.36 9734.58 9730.57 9739 9766.24 9779.46 9801.98 9802.53 9778.69 9780.79 9756.96 9735.66 9709.71 9700.45 9705.77 9711.85 9717.44 9721.87 9725.24 9728.1 9724.88 9728.25 9719.37 9695.12 9668.35 9644.96 9630.94 9621.71 9616.26 9613.4 9610.24 9604.53 9599.09 9605.85 9610.5 9603.35 9612.35 9622.89 9613.41 9597.71 9584.02 9575.35 9569.68
9652.66 9653.83 9655.92 9658.61 9663.96 9661.28 9655.22 9671.27 9691.21 9708.27 9729.7 9738.13 9742.64 9748.64 9747.18 9739.71 9732.27 9724.76 9717.33 9710.41 9705.3 9703.97 9705.42 9709.85 9718.64 9721.46 9725.72 9736.81 9739.7 9741.59 9759.51 9768.63 9761.04 9757.44 9746.84 9728.94 9705.19 9697.33 9700.69 9705.9 9712.27 9721.39 9726.8 9728.7 9722.8 9716.82 9700.48 9677.78 9652.45 9629.01 9616.3 9611.25 9610.46 9609.95 9609.6 9607.42 9601.23 9586.54 9563.62 9569.45 9572.94 9585.17 9574.41 9566.99 9564.82 9565.88 9566.63
9648.71 9650.78 9653.34 9656.14 9658.91 9654.86 9650.77 9659.51 9677.33 9712.53 9726.51 9731.54 9745.67 9755.42 9752.23 9741 9731.8 9723.13 9712.92 9701.32 9692.77 9693.91 9694.88 9695.85 9697.08 9701.31 9711.18 9718.65 9724.2 9732.45 9737.25 9742.55 9754.42 9753.5 9736.25 9710.83 9702.07 9700.76 9699.01 9701.95 9706.37 9714.17 9723.41 9733.85 9728.89 9713.09 9688.55 9663.63 9636.8 9610.27 9604.51 9604.6 9604.34 9605.51 9607.7 9608.61 9591.54 9554.6 9542.69 9547.75 9550.35 9551.66 9541.25 9537.94 9546.52 9554.18 9559.28
9644.01 9646.12 9648.77 9651.05 9652.04 9648.03 9642.75 9650.57 9669.89 9706.99 9733.67 9738.88 9747.93 9755.18 9747.26 9739.73 9732.57 9723.2 9712.16 9699.48 9688.64 9690.7 9692.25 9689.94 9686.58 9689.72 9701.28 9709.12 9714.47 9713.56 9716.32 9720.21 9744.55 9754.44 9730.35 9695.54 9692.85 9692.37 9692.84 9693.18 9696.18 9702.48 9712.31 9728.92 9729.1 9699.14 9675.8 9651.15 9627.54 9605.09 9599.04 9598.14 9598.55 9599.51 9600.76 9602.61 9586.76 9551.23 9536.98 9546.56 9553.46 9545.91 9530.41 9523.99 9540.31 9547.45 9551.52
9640.73 9642.42 9644.22 9646.12 9649.3 9647.36 9640.41 9648.59 9671.7 9709.36 9735.49 9741.54 9747.13 9749.65 9740.98 9741.48 9736.3 9726.31 9715.67 9705.37 9698.54 9694.97 9694.69 9690.38 9684.53 9685.8 9699.16 9712.55 9714.63 9708.66 9704.75 9712.36 9725.86 9741.53 9733.13 9695.79 9693.45 9694.51 9686.48 9683.76 9684.17 9685.8 9687.99 9687.93 9678.91 9681.76 9660.48 9639.22 9620.11 9607.59 9597.97 9591.51 9590.67 9590.89 9590.28 9584.31 9568.77 9550.78 9543.08 9549.02 9554.1 9544.99 9542.9 9561.32 9547.42 9543.23 9543.27
9638.33 9638.36 9639.65 9641.32 9643.55 9643.34 9641.25 9649.52 9673.33 9713.37 9740.88 9740.84 9742.2 9748.2 9756.01 9751.44 9739.69 9728.11 9719.04 9711.91 9706 9700.34 9693.08 9688.7 9685.85 9688.63 9699.79 9712.76 9713.17 9709.61 9707.65 9706.25 9707 9710.29 9714.22 9715.87 9696.02 9679.84 9674.34 9672.69 9672.17 9669.63 9664.43 9653.07 9650.66 9660.72 9642.4 9624.05 9607.93 9594.85 9586.38 9584.87 9584.43 9583.24 9580.15 9571.22 9559.3 9549.06 9544.47 9545.86 9544.14 9534.06 9530.38 9536.98 9537.85 9536.51 9535.55
9633.91 9633.58 9633.4 9633.8 9634.92 9637.12 9640.32 9649.45 9667.25 9699 9725.45 9726.32 9727.92 9731.61 9743.64 9749.4 9734.63 9724.08 9718.09 9715.79 9715.16 9710.67 9699.54 9693.22 9688.42 9686.25 9700.73 9714.36 9710.77 9710.48 9708 9702.31 9702.1 9701.28 9706.95 9711.64 9692.28 9670.18 9665.59 9665.5 9663.21 9658.46 9650.43 9641.08 9639.45 9633.19 9618.03 9605.31 9593.18 9582.46 9577.02 9575 9576.15 9577.32 9575.82 9568.43 9554.24 9547.76 9545.45 9543.86 9538.12 9530.74 9526.43 9526.23 9525.83 9528.52 9529.56
9628.74 9628.19 9627.03 9625.96 9626.25 9629.98 9640.63 9653.31 9660.99 9672.86 9686.46 9703.59 9706.61 9703.16 9701 9720.51 9716.06 9711.68 9710.45 9713.6 9721.93 9721.66 9714.7 9703.24 9694.57 9690.75 9706.63 9723.58 9726.63 9722.32 9718.26 9712 9708.82 9705.43 9708.22 9707.88 9687.14 9671.64 9665.38 9662.6 9658.11 9646.94 9639.1 9628.15 9617.24 9598.46 9594.66 9588.54 9580.07 9571.17 9565.35 9566.11 9570.89 9575.61 9578.54 9576.47 9565.57 9562.88 9557.67 9549.57 9541.3 9531.07 9523.66 9521.72 9522.92 9524.96 9526.99
