real_craters/C151-300m.grd
DSAA
327 327
-48.8425 48.8425
-48.8425 48.8425
8366.1766474527 10195.606260371
[rows 180 to 209 of 327, columns 134 to 200 of 327]
8904.52 8840.48 8787.03 8746.18 8709.81 8688.77 8674.79 8663.15 8650.69 8636.89 8622.08 8603.96 8591.52 8578.2 8565.21 8552.18 8540.52 8530.67 8522.1 8514.27 8507.17 8501.61 8496.65 8492.04 8488.53 8490.15 8481.49 8472.04 8463.08 8457.29 8461.42 8471.75 8477.1 8479.88 8481.4 8482.43 8483.54 8483.15 8483.28 8477.2 8467.78 8469.17 8487.04 8505.65 8531.58 8543.63 8547.69 8552.74 8559.88 8568.68 8578.13 8589.42 8602.47 8633.15 8668.5 8703.77 8723.68 8758.06 8799.22 8846.57 8901.32 8960.37 9024.14 9092.96 9164.59 9239.23 9318.28
8927.2 8865.69 8812.64 8757.63 8711.61 8699.64 8694.22 8685.3 8672.34 8656.36 8640.43 8629.23 8608.72 8584.48 8566.64 8552.77 8540.48 8529.09 8519.33 8510.7 8503.26 8497.85 8493.84 8491.22 8492.78 8505.85 8492.65 8469.87 8448.94 8448.53 8458.45 8472.3 8481.12 8484.42 8489.26 8493.97 8498.73 8501.21 8505.53 8502.62 8499.08 8501.11 8514.51 8531.39 8549.71 8554.12 8556.57 8564.25 8573.7 8585.58 8598.5 8612.72 8629.9 8659.45 8693.69 8727.28 8761.91 8777.2 8816.06 8864.88 8925.85 8985.08 9052.09 9125.15 9200.53 9278.63 9359.47
8959.02 8903.94 8862.7 8801.45 8735.61 8729.96 8728 8719.12 8702.12 8680.25 8656.5 8632.17 8605.81 8585.5 8568.87 8554.35 8542.28 8528.64 8517.44 8508.33 8500.86 8494.94 8492.07 8493.57 8494.42 8493.49 8491.13 8471.07 8447.57 8444.69 8451.35 8462 8474.12 8480.83 8495.37 8507.63 8513.87 8521.43 8524.5 8522.32 8529.54 8526.11 8528.86 8546.45 8544.57 8550.55 8561.37 8574.99 8589.18 8604.98 8621.93 8641.72 8666.31 8695.48 8724.53 8754.69 8786.18 8800.31 8833.3 8877.68 8935.83 9005.76 9079.9 9158.58 9238.43 9318.21 9399.73
9000.15 8957.05 8938.04 8907.55 8802.58 8790.71 8783.06 8767.05 8741.7 8710.68 8675.5 8635.26 8602.36 8587.46 8571.89 8556.83 8543.86 8528.91 8516.84 8506.88 8498.31 8491.39 8486.87 8486.16 8486.68 8486.73 8494.35 8476.46 8450.89 8447.79 8443.8 8441.52 8448 8463.74 8481.16 8502.63 8521.62 8534.99 8532.63 8522.52 8521.31 8517.72 8518.81 8525.47 8534.13 8545.84 8565.95 8586.45 8606.54 8627.4 8647.96 8672.17 8699.38 8729.15 8758.43 8786.85 8815.59 8825.22 8853.57 8890.4 8952.19 9028.9 9111.25 9194.72 9277.61 9358.67 9440.4
9039.92 9013.09 9011.82 8977.7 8907.02 8883.71 8860.19 8829.5 8791.04 8749.62 8704.63 8659.49 8622.82 8598.61 8578.7 8561.16 8545.49 8530.13 8517.19 8506.26 8496.48 8487.57 8479.97 8474.61 8477.66 8486.95 8489.31 8475.47 8459.79 8448.82 8438.21 8431.45 8434.03 8444.78 8454.16 8479.75 8515.69 8539.5 8526.76 8507.3 8488.56 8495.45 8502.88 8515.55 8531.93 8549.75 8577.35 8601.17 8625.39 8649.11 8674.97 8702.87 8733.47 8765.48 8795.99 8823.96 8851.97 8859.74 8885.66 8912.27 8974.8 9062.15 9149.21 9238.83 9322.55 9403.91 9481.75
9088.38 9073.87 9095.2 9094.23 9045.68 8998.98 8949.95 8899.19 8848.17 8794.15 8740.71 8690.35 8648.08 8614.85 8590.08 8569.03 8550.7 8533.69 8519.55 8507.79 8496.83 8486.6 8477.31 8470.31 8470.18 8475.48 8472.84 8460.48 8457.08 8443.93 8434.69 8429.35 8430.67 8437.68 8446.62 8466.24 8490.06 8503.69 8505.92 8494.55 8480.7 8485.85 8493.87 8517.68 8546.21 8569.58 8599.36 8623.38 8649.64 8676.39 8704.79 8735.06 8769.05 8806.12 8836.8 8867.6 8897.93 8924.07 8935.97 8968.97 9032.9 9115.22 9200.86 9286.18 9366.43 9443.42 9518.62
9140.93 9131.44 9160.35 9179.46 9169.19 9105.75 9034.92 8969.49 8903.96 8841.15 8779.56 8720.54 8667.14 8631.96 8604.89 8581.35 8559.54 8540.65 8525.63 8512.8 8500.71 8489.16 8478.29 8469.48 8464.35 8460.24 8458.61 8452.37 8448.84 8439.85 8434.42 8430.08 8433.92 8440.26 8449.51 8463.3 8474.38 8491.15 8500.43 8495.4 8488.52 8494.02 8502.65 8535.46 8573.66 8601.78 8628.32 8652.2 8679.51 8707.14 8736.54 8767.52 8801.7 8839.22 8877.93 8916.86 8954.94 8987.24 9001.55 9032.01 9102.02 9183.56 9264.02 9342.26 9415.43 9485.56 9553.78
9191.3 9178.24 9202.05 9224.39 9229.13 9173.71 9101.95 9030.18 8959.4 8889.8 8822.04 8756 8695.92 8656.96 8627.03 8599.81 8574.17 8553.14 8536.23 8522.03 8508.66 8495.79 8483.44 8471.6 8464.08 8457.75 8454.24 8452.25 8449.24 8443.62 8440.79 8439.87 8444.3 8448.64 8454.72 8471.81 8489.3 8512.13 8511.43 8509.49 8509.97 8516.88 8532.52 8569.13 8607.68 8633.24 8658.25 8682.94 8711.39 8739.91 8769.43 8800.11 8834.11 8872.7 8920.05 8971.56 9023.67 9069.65 9095.61 9122.32 9195.65 9270.46 9339.43 9407.09 9470.28 9530.68 9588.3
9242.96 9216.31 9227.11 9241.86 9241.99 9210.45 9151.75 9081.05 9008.42 8936.4 8866.41 8799.64 8741.88 8693.59 8656.63 8625.52 8596.74 8572.11 8553.01 8536.19 8521.1 8507.5 8495.04 8482.29 8471.62 8463.16 8458.18 8459.5 8458.56 8455.44 8452.89 8453.52 8457.68 8461.56 8468.04 8486.71 8512.08 8518.87 8524.36 8528.21 8533.57 8544.86 8565.5 8600.68 8634.54 8658.17 8687.81 8716.75 8746.45 8775.4 8804.6 8835 8868.22 8907.52 8963.63 9030.97 9102.27 9165.64 9223.35 9269.19 9322.1 9372.93 9423.03 9472.4 9521.98 9570.24 9617.16
9305.21 9253.51 9227.57 9251.11 9271.52 9252.95 9193.25 9124.43 9053.01 8981.89 8911.91 8843.86 8782.13 8729.59 8690.86 8658.16 8628.4 8602.23 8576.15 8555.54 8538.53 8523.98 8512.65 8499.61 8485.22 8475.29 8469.78 8472.06 8473.58 8471.01 8468.91 8467.41 8473.25 8476.74 8483.44 8499.24 8514.61 8527.24 8538.56 8549.31 8558.21 8570.72 8595.17 8624.82 8658.57 8689.72 8723.45 8754.47 8784.66 8814.47 8844.09 8875 8907.55 8944.69 9009.17 9093.48 9183.71 9273.55 9366.68 9428.96 9452.3 9475.34 9504.29 9535.89 9570.29 9606.52 9642.44
9393.85 9312.16 9247.95 9275.52 9304.59 9289.38 9227.09 9161.68 9094.68 9026.67 8959.19 8890.81 8819.43 8764.39 8732.78 8697.91 8663.6 8633.68 8601.79 8578.64 8559.96 8543.67 8529.57 8515.47 8501.84 8491.78 8485.78 8488.43 8491.77 8491.73 8492.16 8491.9 8494.24 8496.5 8501.54 8515.36 8529.81 8542.5 8555.62 8567.63 8578.59 8591.02 8611.78 8650.2 8690.96 8732.23 8767 8797.02 8827.16 8856.5 8887.55 8919.86 8955.37 8999.28 9067.42 9157.21 9258.38 9364.64 9477.46 9552.87 9554.79 9561.15 9575.14 9595.7 9622.31 9647.74 9675.15
9502.68 9406.73 9333.3 9325.56 9323.35 9298.39 9249.95 9192.4 9132.64 9071.85 9011.01 8949.94 8887.63 8835.93 8791.29 8745.39 8699.98 8657.43 8627.47 8605.48 8586.69 8567.86 8547.85 8533.79 8522.44 8512.31 8506.12 8507.9 8512.23 8514.27 8516.25 8514.32 8517.4 8521.42 8525.11 8536.42 8548.74 8562.53 8576.47 8589.84 8601.75 8614.7 8636.77 8682.3 8730.82 8774.58 8812.5 8842.53 8871.95 8902.86 8935.03 8969.51 9008.07 9057.24 9126.51 9216.26 9320.6 9429.08 9531.05 9593.98 9615.51 9626.35 9636.11 9649.06 9663.92 9680.26 9696.68
9628.6 9526.92 9443.38 9398.24 9362.75 9320.97 9273.89 9224.04 9172.12 9119.48 9066.96 9016.59 8971.05 8927.02 8861.13 8800.08 8743.41 8690.8 8659.45 8639.03 8621.28 8602.33 8582.28 8565.12 8550.36 8537.24 8527.66 8528.38 8531.78 8532.96 8534.11 8533.39 8537.38 8543.95 8549.57 8561.93 8575.25 8587.97 8601.73 8615.46 8630.45 8648.84 8677.95 8721.37 8771.14 8816.01 8856.35 8886.26 8917.19 8949.83 8985.77 9022.96 9063.32 9108.63 9169.93 9268.95 9373.32 9476.38 9571.21 9629.56 9656.56 9672.69 9683.06 9692.47 9699.17 9707.27 9717.68
9773.46 9654.84 9554.11 9484.87 9417.98 9351.39 9304.54 9260.68 9215.24 9169.43 9123.84 9079.64 9039.1 8996.83 8924.27 8857.43 8795.29 8740.36 8702.78 8681.32 8664.95 8648.53 8630.79 8608.45 8585.81 8566.63 8552.38 8546.94 8548.06 8548.45 8548.39 8549.59 8553.42 8561.1 8572.79 8588.24 8602.22 8617.22 8631.88 8647.21 8664.38 8684.89 8717.08 8761.44 8807.29 8851.87 8892.54 8927.6 8961.63 8998.8 9038 9079.44 9123.64 9170.65 9231.13 9327.41 9425.69 9516.15 9593.64 9651.48 9688.7 9709.29 9720.52 9727.18 9729.36 9731.44 9734.71
9907.34 9788.33 9678.37 9585.22 9491.76 9401.46 9350.24 9307.36 9265.56 9223.67 9181.38 9138.3 9091.32 9034.08 8976.55 8917.39 8854.62 8792.43 8751.82 8732.5 8717.03 8701.75 8683.44 8655.95 8626.5 8600.27 8577.13 8565.7 8567.59 8565.95 8568.98 8569.09 8570.28 8578.59 8598.01 8617.1 8638.03 8652.76 8666.59 8683.2 8703.35 8729.15 8763.16 8805.39 8849.5 8891.22 8929.63 8969.22 9007.15 9048.66 9093.2 9140.66 9191.55 9246.64 9312.75 9398.41 9486.56 9564.43 9619.21 9679.54 9722.01 9744.14 9755.67 9759.25 9758.28 9756.33 9751.41
10015.8 9920.36 9807.54 9693.3 9581.7 9481.16 9414.38 9364.28 9321.75 9281.58 9242.5 9200.58 9151.76 9088.82 9042.01 8988.68 8925.36 8862.19 8817.25 8793.49 8775.96 8759.12 8737.49 8704.18 8671.17 8639.1 8610.44 8593.3 8594.88 8593.43 8597.34 8594.84 8592.01 8600.64 8627.49 8654.33 8680.6 8693.45 8705.39 8721.42 8745.97 8775.14 8811.82 8853.18 8895.58 8936.43 8975.5 9013.63 9053.87 9099.59 9150.27 9205.55 9263.6 9326.44 9395.65 9476.75 9558.96 9633.24 9689.18 9733.62 9765.43 9781.89 9790.17 9790.01 9785.46 9776.94 9768.73
10107 10052.1 9927.14 9793.76 9668.88 9561.29 9479.58 9423.34 9379.88 9342.25 9306.25 9271.03 9234.3 9193.54 9143.71 9074.72 9006.05 8940.34 8889.23 8863.01 8839.16 8817.71 8792.35 8755.5 8720.09 8684.81 8652.46 8629.57 8627.27 8628.67 8634.69 8632.17 8627.16 8640.28 8681.35 8695.86 8723.11 8740.86 8752.41 8768.38 8793.01 8824.69 8861.55 8903.71 8947.64 8986.89 9015.13 9051.97 9098.13 9151.73 9209.84 9271.26 9337.03 9406.83 9478.85 9558.3 9636.84 9710.55 9767.84 9794.42 9810.15 9818.76 9822.13 9816.97 9810.67 9797.23 9785.31
10167.6 10112.1 10005.2 9871.95 9740.09 9617.87 9532 9480.96 9439.74 9403.78 9370.58 9340.73 9316.53 9298.6 9245.66 9158.92 9086.08 9027.9 8985.77 8938.09 8902.58 8873.31 8843.89 8808.65 8773.39 8737.68 8704.23 8677.41 8670.84 8682.74 8692.82 8694.54 8690.61 8717.24 8775.72 8776.63 8790.89 8800.13 8809.37 8823.48 8843.93 8872.22 8912.12 8956.06 9000.28 9035.52 9051.58 9089.58 9143.61 9204.3 9268.61 9335.97 9408.3 9485.48 9565.84 9642.41 9710.63 9776.39 9827.97 9844.44 9851.08 9853.21 9850.1 9842.78 9830.1 9816.69 9803.3
10195.6 10167.6 10052.8 9926.99 9800.09 9678.32 9590.43 9543.05 9501.11 9464.3 9429.99 9398.82 9374 9355.84 9305.89 9219.09 9150.86 9097.56 9058.52 9002.94 8963.24 8931.47 8900.58 8867.66 8834.5 8799.31 8764.16 8732.71 8732.43 8762.02 8775.06 8793.86 8791.33 8813.77 8854.23 8856.9 8862.99 8867.13 8874.85 8887.59 8903.01 8923.48 8969.17 9012.48 9049.87 9078.15 9097.75 9135.15 9195.33 9260.21 9328.08 9397.82 9473.47 9555.55 9643.87 9720.05 9773.41 9819.81 9857.91 9882.2 9890.14 9886.71 9879.41 9868.29 9849.91 9834.7 9818.76
10182.2 10157.9 10066.6 9960.67 9851.68 9748.87 9666.24 9610.78 9563.97 9522.02 9482.98 9445.69 9407.79 9362.78 9304.78 9251.75 9199.4 9144.9 9086.73 9050.94 9021.47 8992.15 8963.93 8934.18 8905.04 8873.57 8842.06 8810.13 8824.72 8857.95 8867.61 8898.22 8901.34 8906.46 8906.93 8917.32 8932.88 8938.14 8944.38 8962.87 8983.18 9006.68 9043.65 9079.77 9110.13 9133.73 9150.65 9187.51 9254.78 9319.79 9385.67 9453.47 9526.85 9608.32 9697.43 9776.84 9826.92 9863.86 9893.59 9920.87 9925.01 9916.42 9904.74 9890.56 9867.77 9849.7 9831.48
10138.7 10114.3 10054.1 9975.9 9891.1 9809.88 9738.25 9676.15 9623.58 9575.98 9532.24 9489.05 9441.23 9379.17 9315.82 9289.71 9251.69 9200.59 9134.95 9111.74 9087.71 9056.16 9031.07 9006.8 8983.29 8959.89 8940.64 8935.47 8948.38 8947.99 8939.35 8970.39 8979.47 8984.82 8980.88 8986.58 9007.37 9016.99 9025.32 9051.11 9080.2 9107.27 9132.38 9158.37 9182.61 9205.09 9229.96 9269.32 9329.49 9383.71 9439.71 9500.75 9567.63 9641.12 9720.2 9798.06 9870.48 9936.04 9963.28 9965.32 9956.51 9939.82 9922.82 9904.12 9884.47 9858.81 9839.92
10089.1 10067.3 10033.7 9979.86 9917.91 9856.07 9789.76 9735.18 9675.41 9623.73 9577.14 9533.61 9488.77 9440.73 9395.63 9359.29 9320.25 9279.91 9250.55 9210.36 9167.28 9134.8 9105.69 9083.01 9064.31 9048.71 9038.37 9031.52 9028.55 9027.45 9007.86 9046.55 9054.14 9075.51 9087.68 9089.48 9102.37 9106.54 9117.58 9146.27 9180.42 9206.19 9223.37 9241.7 9262.17 9287.04 9324.23 9376.64 9412 9447.58 9491.25 9542 9598.29 9659.69 9725.23 9799.22 9892.66 9989.74 10012.2 9998.61 9979.25 9956.51 9935.54 9914.09 9891.69 9863.62 9843.16
10059.3 10043.1 10018.1 9978.83 9932.3 9888.52 9858.64 9777.55 9712.45 9661.11 9615.72 9576.27 9540.93 9513.53 9487.38 9438.8 9391.69 9353.12 9325.01 9284.22 9237.44 9204.32 9178.95 9159.67 9144.71 9135.89 9132.69 9133.81 9125.14 9123.15 9105.69 9171.81 9162.07 9187.19 9222.1 9234.44 9208.13 9198.37 9206.67 9239.18 9277.21 9298.58 9308.55 9321.83 9339.55 9363.42 9402.45 9447.75 9475.55 9499.44 9532.12 9573.76 9619.46 9669.16 9722.61 9783.17 9888.53 9987.3 10017.7 10008 9987.74 9967.08 9941.18 9919.39 9896.51 9873.58 9844.87
10039 10029.2 10008.9 9975.89 9934.41 9888.04 9830.1 9780.6 9731.62 9687.11 9646.03 9612.68 9583.43 9563.88 9542.72 9498.36 9449.37 9406.46 9368.73 9331.22 9293.96 9262.01 9247.26 9233.1 9221 9215.69 9218.68 9228.93 9217.1 9221.69 9226.97 9292.41 9289.97 9296.38 9307.05 9308.56 9291.53 9282.16 9291.07 9322.6 9360.25 9375.97 9382.37 9393.04 9409.39 9432.16 9463.4 9486.95 9517.62 9538.7 9563.91 9595.59 9633.09 9675.14 9722.2 9779.47 9877.04 9977.74 10001.5 9998.83 9983.41 9965.22 9939.08 9918.18 9895.17 9870.95 9844.53
10034.5 10023 10002.3 9970.73 9930.46 9884.02 9827.97 9785.27 9745.8 9702.73 9666.46 9635.4 9611.03 9594.34 9575.72 9537.99 9490.69 9446.76 9406.77 9374.4 9360.74 9341.66 9317.95 9303.22 9291.33 9285.93 9289.4 9292.13 9284.4 9292.97 9311.06 9351.21 9369.3 9384.76 9395.52 9360.66 9358.14 9355.8 9366.79 9392.06 9414.97 9432.17 9439.8 9449.19 9464.93 9488.09 9516.26 9542.45 9554.37 9568.9 9588.37 9613.94 9644.37 9681.35 9726.03 9782.06 9855.25 9934.53 9965.15 9975.5 9967.04 9953.58 9929.13 9907.78 9885.41 9862.74 9840.23
10024.5 10016.8 9993.42 9961.48 9923.5 9883.42 9843.17 9802.09 9755.4 9714.65 9679.36 9647.34 9624.53 9608.18 9591.91 9559.71 9517.78 9479.3 9444.3 9417.38 9413.58 9403.79 9380.26 9361.34 9354.2 9346.39 9347.49 9351.15 9351.57 9348.21 9371.38 9400.79 9434.2 9450.78 9453.44 9428.6 9423.41 9417.26 9429.36 9454.34 9473.37 9479.02 9481.31 9488.1 9502.46 9522.56 9545.81 9564.55 9577.51 9588.61 9602.89 9625.1 9653.46 9686.95 9727.61 9777.14 9828 9873.23 9928.58 9948.57 9944.34 9933.86 9917.69 9894.71 9873.81 9852.44 9831
10019.9 10010.4 9984.3 9950.23 9912.41 9875.97 9845.82 9808.46 9753.79 9712.99 9679.93 9651.06 9627.96 9607.78 9589.09 9562.76 9532.15 9505.67 9482.49 9461.59 9450.32 9439.23 9425.81 9408.96 9403.31 9398.24 9403.62 9409.24 9410.85 9433.09 9472.2 9481.73 9488 9493.98 9497.1 9494.87 9477.11 9474.33 9478.71 9501.57 9526.29 9511.26 9503.81 9507.88 9522.07 9544.52 9572.08 9599.31 9601.79 9594.97 9605.23 9628.14 9657.6 9690.49 9725.67 9765.52 9824.99 9889.54 9916.6 9925.43 9923.84 9914.12 9899.41 9880.33 9861.09 9842.23 9822.1
10031.6 10006.7 9972.28 9933.62 9892.55 9852.56 9815.12 9776.21 9731.08 9698.67 9671.05 9645.02 9621.66 9598.77 9576.94 9554.16 9536.42 9525.55 9519.88 9512.59 9494.89 9477.95 9461.25 9448.82 9443.02 9443.77 9454.34 9467.26 9479.02 9495.75 9551.62 9552.89 9505.61 9503.67 9508.58 9502.34 9489.32 9487.93 9488.63 9502.77 9520.05 9508.2 9503.34 9508.38 9521.98 9546.09 9578.43 9578.16 9572.1 9573.42 9594.6 9624.71 9658.5 9693.08 9727.34 9761.8 9829.54 9902.66 9912.48 9912.57 9908.45 9898.87 9885.56 9869.76 9852.24 9834.05 9815.39
10030.4 9989.24 9950.33 9909.57 9867.03 9821.35 9768.97 9712.67 9698.39 9681 9659.42 9637.06 9613.35 9588.51 9562.57 9539.39 9533.49 9535.65 9546.85 9572.64 9555.31 9515.11 9488.29 9475.24 9470.02 9474.03 9488.55 9515.77 9541.39 9560.83 9565.58 9574.43 9478.69 9480.35 9477.13 9465.22 9466.9 9475.62 9462.08 9457.89 9464.7 9475.04 9482.33 9491.67 9502.44 9514.52 9521.25 9511.34 9502.28 9540.83 9582.42 9624.03 9663.61 9702.62 9738.9 9773.37 9827.22 9890.17 9900.66 9899.97 9895.05 9886.69 9875.4 9861.82 9841.86 9825.88 9808.56
9970.56 9946.97 9917.37 9881.48 9841.57 9796.64 9746.4 9698.28 9682.61 9668.85 9652.18 9630.85 9607.71 9582.23 9556.21 9531.87 9529.64 9534.24 9543.15 9552.03 9547.58 9520.26 9497.75 9486.24 9483.17 9486.76 9500.92 9529.18 9576.82 9514.46 9465.12 9443.33 9446.09 9475.29 9478.7 9452.44 9437.63 9422.13 9418.31 9407.44 9414.55 9438.15 9457.17 9470.4 9479.5 9479.07 9465.13 9466.99 9481.07 9526.85 9579.04 9627.85 9674.81 9719.62 9762.28 9801.19 9841.7 9880.32 9885.99 9883.32 9878.36 9870.7 9861.12 9849.2 9834.68 9811.64 9796.28
