real_craters/C151-750m.grd
DSAA
131 131
-48.8425 48.8425
-48.8425 48.8425
8370.5243976797 10184.040568834
[rows 0 to 36 of 131, columns 0 to 83 of 131]
9690 9681 9667 9674 9684 9677 9671 9674 9668 9662 9654 9661 9667 9658 9651 9642 9638 9644 9659 9672 9675 9670 9666 9674 9685 9694 9676 9661 9658 9652 9652 9655 9662 9668 9677 9687 9692 9676 9636 9615 9621 9617 9617 9615 9621 9625 9623 9623 9617 9610 9605 9629 9628 9605 9569 9503 9471 9462 9460 9464 9469 9476 9486 9491 9482 9480 9485 9490 9494 9498 9502 9506 9514 9510 9512 9504 9498 9506 9506 9516 9529 9547 9563 9574
9686 9706 9680 9665 9663 9674 9670 9673 9666 9643 9644 9647 9644 9650 9649 9643 9641 9646 9656 9668 9673 9672 9669 9684 9705 9682 9661 9651 9652 9653 9654 9657 9661 9665 9670 9673 9665 9639 9620 9612 9614 9612 9603 9607 9622 9624 9616 9612 9612 9608 9608 9613 9615 9605 9583 9513 9483 9457 9463 9471 9476 9477 9485 9487 9483 9492 9493 9494 9498 9502 9505 9508 9508 9513 9515 9512 9514 9520 9526 9534 9537 9550 9565 9574
9671 9664 9679 9690 9680 9670 9659 9657 9648 9638 9635 9637 9642 9646 9649 9644 9643 9648 9654 9662 9668 9675 9678 9678 9673 9647 9652 9653 9654 9653 9659 9662 9663 9663 9660 9657 9641 9612 9605 9601 9605 9600 9598 9616 9638 9653 9629 9623 9615 9606 9598 9608 9600 9586 9555 9518 9510 9474 9482 9486 9485 9485 9482 9486 9487 9495 9495 9497 9501 9505 9509 9512 9516 9519 9525 9527 9535 9534 9541 9543 9544 9551 9561 9569
9670 9673 9675 9669 9673 9677 9649 9639 9635 9637 9638 9640 9641 9645 9650 9645 9642 9648 9653 9653 9662 9671 9682 9667 9651 9654 9665 9667 9668 9669 9670 9672 9668 9660 9649 9636 9619 9602 9598 9602 9601 9602 9605 9638 9653 9677 9685 9658 9625 9605 9593 9595 9583 9562 9535 9528 9533 9533 9521 9509 9499 9490 9485 9487 9483 9482 9488 9498 9506 9513 9517 9521 9527 9539 9547 9547 9553 9554 9562 9560 9556 9556 9557 9566
9673 9679 9674 9673 9670 9666 9653 9643 9641 9651 9654 9647 9645 9646 9648 9647 9655 9657 9661 9663 9658 9651 9652 9665 9674 9679 9684 9690 9689 9693 9701 9684 9669 9655 9640 9621 9599 9595 9592 9591 9598 9613 9638 9645 9647 9646 9656 9652 9625 9603 9588 9581 9567 9546 9525 9543 9561 9566 9550 9531 9513 9498 9490 9486 9484 9485 9492 9502 9512 9520 9528 9535 9545 9558 9569 9570 9574 9573 9577 9573 9568 9563 9561 9567
9676 9682 9678 9668 9666 9665 9657 9649 9648 9647 9652 9650 9648 9648 9650 9658 9660 9665 9665 9662 9659 9652 9657 9673 9691 9700 9703 9704 9718 9718 9707 9688 9668 9649 9632 9615 9605 9590 9590 9590 9600 9613 9626 9630 9631 9631 9631 9630 9617 9602 9594 9581 9562 9546 9540 9574 9581 9573 9565 9547 9526 9505 9490 9490 9489 9493 9500 9510 9523 9535 9544 9552 9563 9578 9590 9592 9585 9592 9587 9583 9577 9570 9566 9569
9684 9682 9676 9672 9671 9665 9658 9653 9652 9652 9653 9651 9648 9649 9651 9655 9672 9670 9670 9669 9664 9665 9675 9693 9709 9715 9705 9704 9722 9720 9703 9683 9663 9646 9628 9613 9598 9599 9600 9599 9606 9609 9615 9622 9621 9620 9621 9616 9608 9600 9595 9582 9569 9559 9555 9596 9589 9587 9583 9561 9539 9519 9501 9496 9496 9497 9502 9522 9539 9553 9566 9577 9589 9603 9610 9605 9604 9598 9592 9594 9584 9579 9577 9583
9689 9687 9679 9685 9677 9670 9662 9655 9653 9658 9656 9654 9653 9653 9658 9665 9666 9669 9671 9672 9669 9671 9690 9718 9741 9729 9716 9702 9704 9702 9692 9673 9656 9639 9623 9611 9603 9605 9603 9596 9607 9602 9603 9612 9610 9609 9610 9605 9599 9595 9592 9588 9583 9581 9585 9593 9596 9593 9586 9568 9549 9534 9524 9509 9510 9514 9526 9542 9561 9577 9594 9609 9616 9621 9624 9623 9613 9605 9591 9584 9586 9586 9588 9593
9686 9689 9685 9683 9678 9670 9666 9654 9649 9654 9654 9652 9651 9650 9659 9665 9660 9662 9666 9671 9674 9685 9703 9727 9735 9724 9711 9699 9689 9679 9668 9654 9640 9628 9616 9607 9598 9595 9596 9595 9593 9596 9595 9601 9609 9602 9596 9591 9592 9591 9594 9588 9589 9601 9617 9617 9591 9577 9580 9569 9554 9541 9531 9519 9528 9540 9551 9573 9593 9605 9616 9627 9631 9631 9631 9625 9617 9602 9593 9588 9590 9591 9594 9599
9677 9681 9684 9680 9673 9666 9660 9654 9653 9652 9647 9648 9651 9652 9657 9655 9650 9656 9660 9670 9680 9688 9711 9729 9724 9712 9708 9696 9681 9660 9644 9635 9626 9617 9608 9601 9597 9595 9591 9589 9580 9593 9595 9594 9611 9598 9588 9587 9587 9588 9588 9587 9591 9611 9630 9634 9591 9575 9579 9569 9558 9541 9530 9542 9563 9584 9599 9618 9629 9632 9632 9632 9637 9636 9632 9625 9615 9606 9601 9600 9596 9595 9598 9601
9676 9679 9674 9668 9666 9661 9657 9654 9653 9650 9649 9649 9651 9655 9660 9656 9655 9661 9670 9680 9694 9706 9716 9725 9715 9698 9686 9679 9664 9627 9617 9616 9614 9609 9603 9598 9588 9582 9583 9576 9576 9592 9595 9583 9596 9589 9580 9583 9583 9580 9586 9592 9607 9607 9615 9605 9579 9575 9572 9571 9562 9557 9561 9578 9613 9643 9666 9677 9666 9654 9644 9637 9637 9639 9640 9615 9610 9608 9603 9601 9597 9596 9598 9603
9674 9674 9666 9661 9659 9657 9653 9651 9648 9646 9647 9647 9652 9655 9646 9650 9659 9669 9679 9694 9705 9713 9718 9716 9705 9688 9674 9651 9620 9600 9600 9602 9605 9604 9601 9594 9585 9577 9576 9576 9582 9593 9597 9587 9574 9578 9580 9581 9579 9578 9582 9586 9587 9598 9599 9591 9588 9586 9585 9574 9572 9579 9609 9648 9666 9693 9736 9731 9694 9668 9651 9638 9637 9639 9644 9626 9624 9616 9606 9595 9595 9595 9596 9597
9667 9662 9672 9656 9653 9651 9652 9653 9647 9645 9647 9649 9652 9643 9643 9655 9669 9683 9691 9708 9720 9722 9716 9708 9698 9696 9663 9639 9612 9596 9593 9596 9598 9604 9603 9600 9594 9583 9579 9598 9623 9617 9607 9592 9568 9571 9579 9576 9574 9573 9579 9584 9594 9598 9599 9599 9604 9602 9568 9570 9583 9604 9648 9680 9692 9709 9733 9727 9691 9670 9655 9643 9633 9630 9627 9621 9613 9605 9598 9593 9592 9592 9593 9593
9666 9662 9657 9650 9648 9646 9647 9650 9647 9646 9648 9648 9649 9637 9639 9654 9680 9704 9721 9722 9726 9723 9712 9702 9688 9679 9662 9628 9599 9582 9587 9594 9599 9604 9610 9614 9619 9628 9635 9631 9648 9631 9615 9601 9573 9571 9576 9578 9577 9575 9576 9588 9603 9609 9608 9607 9616 9588 9578 9585 9596 9612 9658 9679 9696 9697 9681 9660 9672 9662 9648 9636 9626 9617 9610 9610 9595 9585 9582 9586 9588 9589 9590 9591
9673 9663 9663 9651 9647 9645 9645 9647 9645 9638 9641 9644 9633 9626 9633 9670 9694 9712 9723 9725 9725 9718 9706 9692 9674 9671 9648 9609 9591 9583 9587 9596 9599 9604 9613 9621 9634 9644 9616 9621 9641 9633 9608 9599 9601 9597 9606 9603 9589 9576 9589 9608 9620 9623 9618 9610 9604 9596 9606 9611 9615 9628 9666 9679 9684 9686 9677 9668 9665 9658 9639 9631 9624 9610 9602 9600 9586 9580 9573 9579 9584 9588 9590 9590
9662 9699 9662 9651 9647 9645 9644 9653 9644 9634 9625 9614 9619 9627 9657 9697 9706 9714 9720 9722 9717 9711 9702 9678 9659 9651 9628 9593 9592 9594 9596 9598 9600 9604 9612 9621 9634 9651 9632 9601 9608 9596 9590 9586 9612 9628 9630 9630 9620 9602 9622 9647 9645 9641 9627 9613 9603 9617 9638 9638 9635 9639 9663 9677 9691 9680 9670 9671 9659 9664 9672 9650 9628 9611 9603 9600 9584 9576 9571 9576 9584 9590 9594 9596
9471 9699 9684 9664 9650 9643 9642 9637 9639 9627 9615 9611 9631 9662 9694 9701 9709 9717 9719 9719 9714 9702 9693 9684 9654 9635 9611 9590 9609 9609 9602 9601 9601 9604 9609 9616 9617 9612 9596 9578 9580 9577 9583 9579 9594 9600 9628 9645 9637 9623 9629 9633 9648 9649 9640 9631 9630 9649 9662 9657 9652 9653 9669 9689 9687 9668 9649 9630 9641 9658 9677 9656 9627 9605 9597 9595 9580 9570 9573 9580 9588 9594 9599 9605
9468 9693 9694 9667 9651 9642 9637 9637 9631 9625 9628 9651 9654 9677 9691 9694 9703 9710 9715 9717 9711 9694 9671 9660 9645 9631 9601 9575 9583 9599 9598 9599 9598 9598 9598 9598 9593 9580 9565 9559 9584 9602 9598 9600 9611 9641 9663 9666 9654 9643 9641 9651 9647 9649 9653 9654 9654 9662 9666 9673 9674 9678 9695 9698 9686 9656 9636 9620 9627 9641 9649 9643 9623 9600 9590 9587 9581 9576 9576 9588 9600 9600 9603 9608
9693 9698 9675 9660 9651 9641 9636 9625 9623 9625 9631 9633 9660 9679 9687 9693 9698 9702 9707 9709 9705 9689 9669 9647 9632 9622 9595 9574 9569 9585 9592 9592 9590 9588 9583 9584 9575 9566 9565 9561 9595 9605 9623 9650 9701 9727 9715 9703 9692 9671 9663 9644 9659 9663 9669 9672 9677 9676 9676 9693 9697 9691 9694 9686 9663 9647 9631 9615 9621 9634 9639 9641 9629 9600 9592 9585 9581 9577 9579 9589 9598 9602 9604 9608
9669 9661 9659 9660 9650 9641 9638 9639 9639 9635 9639 9645 9681 9689 9701 9700 9697 9697 9701 9699 9690 9679 9665 9641 9614 9607 9590 9580 9584 9580 9585 9582 9580 9574 9569 9564 9559 9559 9565 9581 9595 9616 9653 9684 9720 9740 9735 9731 9728 9712 9696 9703 9694 9694 9681 9678 9676 9673 9704 9724 9723 9697 9672 9667 9659 9646 9635 9628 9630 9639 9648 9651 9652 9647 9618 9584 9581 9578 9578 9589 9603 9604 9606 9610
9648 9652 9654 9650 9646 9642 9637 9639 9644 9644 9647 9671 9687 9695 9702 9702 9696 9694 9703 9705 9692 9668 9640 9624 9609 9603 9584 9577 9582 9579 9578 9578 9575 9571 9565 9559 9553 9557 9572 9602 9612 9657 9687 9713 9737 9741 9727 9723 9724 9718 9704 9699 9690 9675 9681 9682 9680 9680 9716 9724 9712 9692 9670 9662 9651 9646 9645 9643 9645 9651 9654 9663 9672 9681 9637 9579 9579 9578 9577 9587 9598 9601 9608 9615
9644 9656 9657 9654 9651 9645 9640 9645 9663 9659 9660 9681 9696 9708 9709 9704 9700 9701 9710 9715 9697 9664 9630 9617 9610 9605 9587 9575 9575 9581 9582 9578 9574 9569 9564 9558 9554 9558 9600 9640 9674 9684 9695 9692 9691 9693 9699 9695 9682 9686 9686 9681 9680 9692 9688 9685 9693 9710 9680 9684 9677 9699 9695 9669 9650 9650 9652 9666 9681 9666 9665 9669 9673 9674 9664 9592 9575 9576 9580 9583 9586 9597 9610 9621
9643 9646 9653 9656 9655 9647 9643 9646 9668 9676 9674 9693 9706 9716 9708 9706 9705 9707 9713 9719 9692 9656 9624 9616 9609 9598 9584 9577 9583 9593 9591 9590 9582 9577 9572 9566 9560 9560 9605 9639 9650 9674 9689 9700 9696 9687 9680 9673 9669 9669 9672 9670 9671 9678 9678 9678 9677 9664 9662 9673 9685 9715 9703 9674 9653 9647 9648 9657 9662 9671 9670 9671 9671 9673 9671 9648 9590 9594 9586 9583 9586 9598 9617 9636
9641 9645 9659 9660 9657 9653 9649 9651 9689 9692 9697 9704 9720 9717 9707 9702 9702 9699 9699 9704 9677 9644 9622 9622 9611 9595 9586 9603 9616 9612 9607 9601 9594 9583 9580 9579 9582 9584 9630 9641 9652 9682 9700 9683 9667 9673 9667 9663 9666 9670 9670 9667 9663 9662 9661 9664 9663 9655 9653 9685 9729 9706 9691 9672 9653 9634 9637 9640 9647 9659 9666 9668 9669 9666 9667 9638 9595 9584 9583 9585 9588 9601 9622 9643
9639 9651 9667 9666 9666 9662 9660 9664 9669 9705 9701 9723 9723 9706 9696 9697 9693 9686 9674 9659 9662 9642 9635 9630 9608 9615 9622 9655 9646 9627 9617 9607 9599 9591 9589 9593 9613 9645 9639 9649 9660 9687 9691 9667 9661 9657 9653 9647 9653 9671 9674 9672 9666 9658 9650 9656 9656 9649 9648 9672 9693 9678 9671 9663 9656 9636 9628 9628 9628 9639 9654 9663 9667 9658 9660 9664 9599 9582 9582 9586 9594 9606 9623 9636
9639 9647 9662 9668 9671 9672 9675 9682 9704 9723 9730 9731 9707 9696 9693 9687 9683 9677 9666 9656 9676 9694 9686 9672 9667 9666 9680 9663 9647 9628 9615 9606 9601 9596 9596 9598 9603 9622 9648 9672 9685 9677 9659 9653 9665 9647 9642 9638 9649 9673 9677 9682 9691 9672 9663 9660 9654 9650 9639 9650 9660 9658 9654 9649 9641 9628 9622 9622 9623 9639 9651 9661 9658 9650 9652 9664 9610 9586 9582 9590 9600 9611 9625 9633
9645 9652 9663 9666 9667 9677 9687 9699 9713 9728 9731 9734 9696 9694 9693 9684 9675 9673 9679 9691 9698 9713 9701 9688 9687 9677 9668 9645 9630 9620 9616 9610 9607 9610 9610 9606 9597 9612 9660 9695 9682 9662 9647 9647 9644 9640 9636 9633 9640 9657 9670 9676 9678 9679 9675 9664 9654 9648 9642 9650 9650 9648 9643 9637 9629 9622 9621 9624 9628 9639 9655 9667 9670 9652 9659 9671 9628 9587 9584 9599 9613 9626 9628 9631
9636 9649 9658 9666 9674 9688 9699 9705 9715 9716 9726 9730 9698 9701 9692 9682 9667 9666 9669 9685 9705 9703 9674 9652 9647 9645 9626 9602 9608 9611 9613 9615 9620 9624 9625 9623 9621 9634 9663 9679 9653 9650 9647 9642 9639 9638 9630 9624 9641 9654 9661 9662 9661 9663 9662 9657 9651 9645 9641 9652 9643 9635 9632 9626 9620 9618 9622 9628 9637 9648 9660 9673 9673 9647 9646 9666 9665 9644 9618 9619 9622 9629 9630 9639
9650 9653 9661 9671 9687 9696 9708 9717 9718 9706 9702 9688 9686 9686 9682 9669 9666 9665 9661 9680 9710 9701 9662 9644 9633 9616 9600 9588 9595 9602 9611 9620 9629 9636 9642 9648 9646 9654 9660 9649 9644 9645 9647 9635 9633 9632 9626 9623 9635 9651 9649 9647 9646 9645 9640 9646 9650 9650 9651 9651 9639 9629 9622 9619 9618 9622 9624 9631 9638 9647 9660 9673 9672 9646 9643 9649 9672 9684 9669 9645 9629 9617 9629 9644
9639 9654 9661 9678 9694 9709 9718 9725 9726 9706 9693 9684 9675 9677 9671 9665 9661 9670 9686 9698 9716 9694 9657 9637 9629 9608 9593 9584 9589 9601 9613 9625 9638 9650 9662 9676 9703 9683 9671 9661 9647 9637 9631 9631 9630 9629 9621 9624 9628 9626 9630 9634 9636 9635 9636 9645 9654 9662 9663 9654 9626 9615 9612 9612 9614 9619 9622 9632 9639 9646 9652 9661 9656 9625 9610 9629 9638 9667 9681 9658 9641 9634 9647 9656
9643 9659 9679 9697 9709 9717 9728 9730 9728 9706 9692 9674 9670 9669 9662 9653 9655 9667 9689 9698 9699 9675 9653 9642 9628 9601 9587 9580 9586 9597 9611 9625 9640 9654 9669 9683 9690 9686 9676 9665 9647 9630 9621 9620 9624 9620 9619 9618 9619 9619 9622 9628 9630 9636 9648 9657 9658 9655 9642 9622 9605 9599 9603 9606 9608 9609 9618 9632 9646 9630 9639 9642 9627 9603 9599 9611 9612 9649 9666 9651 9648 9663 9688 9706
9653 9676 9699 9713 9724 9733 9735 9732 9724 9689 9682 9684 9669 9662 9653 9646 9646 9655 9666 9688 9690 9664 9652 9640 9620 9603 9585 9580 9586 9596 9611 9625 9643 9659 9676 9687 9688 9683 9672 9660 9644 9626 9616 9612 9619 9618 9615 9612 9613 9614 9620 9631 9644 9660 9674 9673 9658 9641 9613 9607 9600 9599 9602 9605 9606 9605 9615 9627 9638 9631 9632 9639 9632 9609 9592 9596 9600 9627 9634 9630 9638 9651 9682 9706
9679 9701 9710 9725 9744 9753 9743 9728 9712 9689 9678 9672 9670 9661 9650 9648 9647 9659 9657 9690 9709 9686 9662 9622 9607 9595 9580 9579 9585 9598 9612 9629 9644 9660 9677 9699 9708 9683 9665 9652 9640 9619 9609 9605 9618 9615 9611 9605 9610 9613 9621 9639 9653 9666 9670 9667 9653 9637 9620 9612 9607 9600 9605 9609 9611 9614 9616 9621 9628 9630 9628 9624 9626 9619 9606 9619 9632 9628 9612 9609 9626 9646 9677 9697
9706 9718 9731 9744 9760 9762 9743 9722 9700 9676 9674 9666 9666 9654 9647 9651 9668 9694 9707 9698 9702 9678 9666 9622 9604 9591 9575 9577 9585 9599 9614 9631 9644 9657 9669 9679 9682 9670 9656 9643 9628 9610 9606 9611 9613 9610 9608 9603 9615 9630 9642 9656 9659 9653 9658 9654 9646 9641 9642 9638 9632 9614 9617 9618 9619 9621 9611 9615 9621 9624 9624 9620 9622 9639 9685 9748 9772 9722 9649 9616 9628 9640 9664 9687
9719 9731 9757 9778 9769 9752 9732 9709 9689 9674 9673 9666 9665 9655 9659 9688 9716 9699 9695 9682 9665 9650 9645 9612 9604 9592 9573 9579 9592 9604 9617 9631 9642 9652 9659 9656 9654 9652 9643 9633 9619 9603 9599 9603 9603 9601 9610 9604 9625 9653 9681 9674 9670 9671 9654 9638 9641 9640 9637 9648 9640 9642 9633 9626 9622 9617 9615 9615 9620 9626 9630 9628 9617 9749 9711 9746 9807 9764 9736 9667 9639 9643 9662 9675
9732 9743 9771 9789 9769 9738 9717 9701 9684 9669 9673 9662 9660 9653 9669 9704 9696 9667 9655 9660 9639 9627 9611 9592 9591 9588 9584 9589 9601 9612 9621 9630 9640 9647 9654 9656 9650 9640 9633 9622 9611 9597 9594 9596 9593 9589 9590 9608 9635 9662 9682 9680 9671 9666 9651 9640 9641 9639 9637 9650 9637 9643 9638 9628 9623 9623 9621 9618 9623 9633 9637 9634 9623 9761 9512 9524 9604 9603 9575 9611 9629 9642 9654 9664
9754 9764 9786 9793 9766 9727 9709 9699 9684 9668 9676 9664 9660 9647 9670 9707 9698 9660 9645 9650 9656 9619 9592 9592 9585 9590 9595 9603 9614 9622 9628 9632 9637 9642 9646 9655 9644 9626 9611 9608 9600 9590 9593 9592 9591 9585 9596 9624 9647 9665 9679 9673 9658 9642 9639 9655 9642 9636 9632 9623 9630 9631 9625 9623 9621 9620 9622 9623 9621 9627 9631 9630 9648 9630 9414 9367 9409 9444 9464 9555 9634 9645 9650 9658
