real_craters/C151-750m.grd
DSAA
131 131
-48.8425 48.8425
-48.8425 48.8425
8370.5243976797 10184.040568834
[rows 74 to 110 of 131, columns 0 to 83 of 131]
9795 9793 9791 9786 9775 9772 9789 9797 9794 9776 9762 9736 9713 9709 9712 9722 9724 9717 9709 9707 9697 9688 9690 9691 9693 9697 9699 9705 9713 9720 9728 9753 9779 9799 9784 9768 9753 9741 9731 9737 9742 9753 9754 9762 9773 9787 9773 9767 9752 9821 9941 9983 9601 9225 9117 9129 8974 8825 8685 8599 8547 8510 8482 8467 8460 8441 8429 8450 8483 8493 8492 8562 8628 8696 8773 8863 8932 9008 9203 9403 9584 9753 9902 9899
9786 9783 9777 9766 9752 9744 9755 9767 9765 9782 9769 9731 9703 9707 9719 9724 9717 9708 9706 9702 9695 9685 9686 9686 9688 9689 9693 9699 9705 9713 9720 9747 9780 9805 9790 9772 9754 9735 9734 9736 9735 9736 9748 9759 9773 9783 9774 9759 9748 9829 9948 1.005e+004 9771 9363 9219 9244 9126 8944 8775 8661 8586 8538 8502 8473 8459 8457 8456 8469 8517 8530 8557 8637 8706 8780 8856 8972 9150 9286 9410 9531 9647 9745 9797 9750
9781 9776 9768 9756 9745 9739 9744 9752 9778 9766 9742 9721 9701 9709 9723 9720 9707 9701 9700 9698 9692 9686 9688 9688 9689 9690 9690 9692 9697 9708 9724 9743 9765 9779 9780 9770 9758 9746 9746 9744 9742 9734 9743 9754 9765 9775 9792 9771 9761 9808 9876 9960 9844 9572 9329 9313 9215 9056 8894 8766 8667 8594 8548 8513 8497 8506 8506 8515 8547 8580 8612 8714 8811 8885 8969 9109 9360 9581 9607 9651 9701 9736 9739 9716
9780 9773 9764 9756 9749 9744 9738 9751 9769 9793 9756 9727 9718 9714 9717 9706 9700 9693 9696 9702 9694 9689 9691 9691 9690 9690 9689 9687 9687 9694 9717 9728 9747 9761 9766 9767 9760 9757 9758 9753 9748 9749 9745 9751 9757 9761 9765 9762 9765 9791 9829 9852 9883 9891 9618 9429 9289 9177 9067 8933 8773 8686 8646 8590 8550 8550 8553 8575 8613 8651 8702 8813 8916 9006 9111 9244 9484 9658 9720 9732 9735 9731 9712 9700
9784 9776 9767 9758 9753 9745 9751 9761 9769 9767 9745 9722 9715 9714 9715 9699 9705 9709 9696 9693 9697 9695 9696 9694 9692 9690 9688 9684 9678 9665 9668 9706 9734 9747 9749 9748 9733 9750 9759 9756 9751 9737 9745 9750 9754 9754 9747 9748 9762 9783 9804 9821 9917 1.01e+004 9957 9644 9430 9320 9224 9103 8943 8835 8785 8700 8622 8613 8613 8655 8714 8749 8823 8927 9022 9134 9280 9451 9651 9773 9807 9800 9774 9743 9715 9692
9791 9783 9772 9760 9751 9752 9753 9769 9776 9748 9725 9713 9712 9711 9712 9704 9697 9700 9697 9693 9690 9702 9701 9694 9691 9690 9687 9686 9681 9671 9675 9699 9718 9730 9732 9729 9717 9741 9752 9756 9756 9746 9751 9753 9754 9753 9745 9749 9781 9805 9786 9784 9925 1.018e+004 1.013e+004 9816 9576 9473 9392 9313 9130 9010 8923 8842 8754 8771 8805 8859 8873 8896 8955 9057 9119 9271 9447 9658 9807 9888 9886 9851 9810 9765 9724 9690
9805 9793 9780 9767 9754 9751 9741 9752 9751 9734 9714 9704 9705 9703 9698 9694 9695 9697 9698 9694 9697 9694 9692 9692 9691 9690 9690 9691 9695 9702 9703 9707 9716 9720 9720 9715 9710 9724 9745 9754 9757 9768 9765 9762 9758 9753 9750 9762 9775 9787 9784 9796 9939 1.011e+004 1.007e+004 9915 9743 9609 9496 9356 9272 9171 9089 9032 8998 8995 9020 9042 9068 9110 9179 9233 9314 9427 9561 9730 9941 9987 9941 9884 9825 9776 9727 9687
9813 9799 9788 9780 9771 9756 9746 9736 9728 9716 9709 9706 9705 9701 9695 9700 9702 9704 9702 9701 9699 9692 9690 9690 9691 9691 9692 9697 9704 9721 9718 9713 9718 9716 9714 9707 9714 9738 9743 9754 9775 9786 9777 9771 9764 9756 9750 9747 9771 9787 9789 9800 9876 1.003e+004 1.002e+004 9937 9806 9692 9603 9549 9435 9338 9263 9231 9233 9235 9306 9316 9294 9333 9387 9418 9484 9544 9618 9727 9937 9996 9949 9892 9829 9777 9729 9686
9803 9797 9793 9785 9775 9761 9744 9732 9721 9714 9711 9709 9706 9704 9704 9705 9709 9701 9691 9686 9687 9686 9686 9686 9688 9690 9693 9696 9698 9703 9707 9708 9711 9712 9715 9714 9713 9724 9737 9750 9768 9784 9782 9777 9773 9771 9773 9777 9779 9781 9801 9831 9890 1.001e+004 1e+004 9920 9836 9718 9638 9593 9513 9445 9418 9389 9385 9406 9468 9483 9456 9489 9500 9518 9577 9595 9644 9730 9861 9933 9911 9865 9811 9765 9720 9686
9789 9791 9796 9810 9815 9791 9755 9729 9719 9716 9712 9713 9707 9704 9701 9707 9710 9695 9683 9686 9682 9681 9680 9683 9687 9690 9694 9695 9692 9682 9697 9701 9699 9706 9713 9714 9709 9713 9732 9753 9769 9780 9781 9780 9778 9779 9780 9793 9792 9795 9815 9856 9942 1.001e+004 9970 9867 9738 9681 9626 9562 9534 9577 9503 9473 9504 9561 9504 9475 9467 9450 9475 9500 9507 9540 9647 9744 9872 9897 9878 9839 9796 9750 9707 9679
9780 9782 9786 9800 9842 9824 9769 9732 9725 9716 9714 9709 9712 9706 9709 9705 9700 9687 9679 9682 9679 9678 9677 9681 9687 9691 9695 9698 9700 9699 9705 9706 9705 9702 9696 9687 9692 9707 9731 9756 9783 9779 9776 9776 9778 9785 9802 9800 9791 9788 9797 9818 9820 9848 9862 9811 9729 9672 9621 9567 9532 9496 9486 9478 9460 9364 9359 9427 9415 9369 9419 9465 9463 9558 9683 9809 9880 9847 9829 9798 9764 9729 9693 9666
9774 9773 9773 9780 9820 9834 9798 9752 9738 9731 9724 9725 9725 9727 9731 9716 9691 9685 9677 9678 9679 9679 9677 9682 9686 9689 9693 9699 9711 9723 9719 9721 9716 9705 9695 9692 9706 9714 9733 9751 9761 9767 9765 9765 9767 9772 9779 9779 9770 9761 9770 9778 9777 9795 9808 9787 9743 9695 9650 9601 9559 9536 9491 9467 9405 9361 9352 9359 9354 9369 9429 9509 9588 9655 9722 9811 9796 9792 9779 9755 9727 9696 9670 9648
9773 9770 9764 9762 9793 9827 9816 9802 9760 9732 9728 9736 9731 9729 9741 9746 9695 9687 9679 9679 9686 9685 9684 9685 9687 9689 9692 9696 9699 9708 9723 9733 9728 9711 9696 9701 9715 9719 9729 9744 9750 9747 9747 9747 9747 9748 9747 9744 9746 9749 9761 9780 9799 9809 9802 9792 9765 9735 9708 9657 9601 9590 9550 9506 9439 9373 9371 9376 9375 9397 9479 9571 9660 9685 9724 9757 9789 9766 9735 9714 9692 9673 9653 9637
9779 9773 9767 9763 9764 9778 9790 9780 9749 9735 9726 9721 9719 9721 9716 9710 9685 9686 9681 9685 9689 9689 9690 9690 9688 9688 9689 9691 9695 9705 9722 9731 9728 9714 9701 9696 9700 9709 9715 9719 9722 9726 9726 9727 9727 9726 9725 9728 9737 9755 9779 9799 9804 9800 9811 9821 9827 9819 9791 9757 9737 9664 9615 9595 9575 9451 9423 9425 9445 9475 9552 9626 9688 9710 9708 9719 9740 9725 9699 9680 9664 9651 9639 9629
9778 9778 9773 9765 9760 9765 9769 9759 9743 9733 9726 9723 9723 9718 9709 9687 9684 9687 9688 9690 9690 9687 9687 9686 9686 9687 9689 9693 9694 9708 9728 9740 9732 9716 9697 9683 9690 9695 9700 9701 9699 9704 9707 9707 9706 9704 9708 9715 9725 9752 9784 9810 9832 9820 9822 9841 9878 9908 9854 9826 9830 9802 9721 9681 9650 9609 9516 9521 9554 9601 9647 9688 9718 9694 9714 9721 9688 9670 9667 9661 9650 9640 9634 9635
9787 9785 9779 9772 9766 9761 9764 9762 9751 9740 9733 9721 9710 9702 9711 9692 9691 9691 9691 9686 9680 9681 9679 9678 9682 9685 9690 9697 9704 9715 9731 9751 9730 9711 9702 9680 9674 9682 9689 9688 9687 9689 9689 9688 9686 9682 9674 9675 9711 9731 9747 9785 9818 9811 9816 9831 9859 9880 9857 9835 9807 9837 9805 9764 9704 9698 9642 9646 9707 9746 9750 9753 9748 9758 9749 9740 9677 9643 9646 9645 9637 9629 9624 9635
9799 9796 9790 9780 9770 9766 9773 9769 9757 9741 9723 9720 9714 9709 9722 9720 9699 9689 9692 9689 9681 9680 9677 9677 9681 9684 9689 9697 9711 9715 9720 9717 9711 9689 9669 9662 9657 9670 9683 9685 9682 9679 9678 9675 9673 9668 9664 9682 9709 9710 9706 9733 9769 9785 9789 9807 9825 9836 9833 9827 9844 9868 9916 9880 9841 9812 9785 9790 9858 9864 9828 9807 9795 9785 9758 9706 9671 9649 9640 9635 9629 9621 9612 9616
9809 9805 9798 9787 9774 9774 9791 9809 9777 9749 9725 9726 9729 9726 9743 9732 9699 9692 9689 9684 9679 9680 9680 9681 9681 9684 9687 9689 9692 9705 9711 9710 9697 9676 9659 9649 9647 9661 9681 9691 9678 9671 9669 9667 9665 9664 9667 9677 9692 9692 9699 9728 9745 9748 9759 9777 9789 9796 9802 9806 9817 9869 9943 9968 9961 9930 9874 9884 9910 9905 9851 9825 9827 9845 9755 9685 9674 9665 9642 9630 9623 9619 9611 9608
9812 9810 9803 9795 9782 9781 9795 9823 9807 9771 9749 9744 9738 9744 9762 9740 9704 9693 9700 9694 9681 9681 9679 9680 9680 9684 9687 9686 9686 9700 9707 9706 9693 9675 9661 9646 9642 9648 9652 9656 9660 9661 9662 9661 9660 9660 9662 9667 9672 9676 9680 9709 9726 9735 9748 9756 9755 9751 9762 9778 9805 9833 9915 9966 1e+004 9989 9949 9981 9922 9866 9823 9803 9792 9762 9740 9712 9686 9659 9643 9630 9622 9619 9624 9627
9819 9813 9808 9806 9791 9783 9781 9771 9779 9785 9793 9767 9750 9750 9752 9754 9714 9694 9709 9698 9683 9679 9677 9673 9679 9686 9693 9696 9699 9706 9709 9706 9698 9684 9665 9648 9643 9642 9635 9634 9647 9652 9654 9654 9655 9654 9657 9657 9661 9670 9682 9721 9749 9742 9745 9743 9738 9729 9736 9750 9753 9761 9780 9833 9894 9906 9872 9846 9835 9779 9770 9763 9754 9741 9763 9748 9702 9662 9644 9631 9620 9614 9618 9621
9826 9821 9814 9800 9792 9785 9777 9765 9752 9762 9778 9769 9760 9736 9722 9710 9704 9692 9700 9696 9689 9687 9683 9679 9684 9692 9701 9712 9716 9715 9717 9713 9704 9698 9682 9660 9650 9648 9646 9643 9645 9648 9651 9653 9656 9657 9657 9659 9667 9680 9700 9731 9744 9732 9737 9738 9733 9731 9731 9729 9731 9734 9732 9758 9808 9823 9785 9820 9763 9721 9722 9728 9729 9730 9746 9750 9705 9671 9641 9625 9617 9608 9595 9608
9833 9829 9816 9799 9790 9789 9784 9771 9753 9746 9747 9749 9736 9724 9718 9711 9709 9694 9716 9706 9703 9697 9692 9690 9692 9697 9706 9717 9721 9718 9713 9709 9702 9692 9686 9664 9656 9658 9664 9655 9648 9647 9649 9652 9653 9655 9657 9660 9665 9671 9699 9728 9741 9740 9743 9736 9727 9719 9712 9710 9717 9734 9730 9748 9758 9798 9770 9747 9731 9698 9703 9712 9721 9727 9719 9716 9686 9650 9624 9615 9612 9608 9602 9593
9837 9821 9811 9803 9807 9798 9789 9776 9755 9748 9745 9744 9747 9729 9719 9719 9720 9705 9722 9718 9712 9712 9700 9697 9698 9702 9706 9712 9715 9716 9714 9703 9691 9683 9676 9663 9658 9656 9654 9646 9644 9643 9644 9645 9647 9650 9653 9658 9655 9654 9677 9729 9732 9751 9752 9736 9723 9707 9693 9695 9696 9697 9711 9721 9732 9739 9754 9740 9711 9703 9699 9704 9714 9729 9729 9701 9664 9623 9605 9605 9606 9609 9592 9547
9838 9822 9813 9808 9814 9805 9790 9776 9763 9754 9747 9744 9739 9726 9719 9721 9721 9709 9719 9713 9707 9703 9698 9698 9700 9704 9710 9708 9705 9706 9698 9689 9675 9664 9662 9661 9656 9648 9638 9637 9639 9640 9641 9642 9642 9643 9646 9650 9647 9640 9670 9728 9740 9751 9742 9737 9725 9708 9692 9693 9691 9684 9699 9714 9711 9715 9738 9742 9694 9692 9690 9689 9695 9706 9709 9679 9646 9615 9599 9595 9596 9595 9577 9543
9840 9825 9819 9817 9820 9813 9800 9786 9771 9759 9753 9750 9744 9733 9731 9729 9720 9710 9710 9707 9698 9690 9693 9700 9705 9715 9718 9706 9678 9682 9722 9667 9657 9657 9666 9669 9657 9646 9636 9636 9637 9637 9637 9637 9638 9638 9640 9643 9643 9643 9673 9736 9741 9745 9756 9746 9728 9715 9706 9697 9689 9686 9700 9715 9710 9707 9707 9713 9716 9688 9674 9672 9670 9660 9651 9652 9624 9601 9586 9584 9583 9576 9559 9546
9845 9831 9817 9815 9820 9823 9821 9804 9782 9764 9762 9760 9752 9742 9745 9739 9730 9714 9700 9695 9689 9684 9689 9700 9714 9717 9716 9701 9620 9523 9511 9588 9638 9660 9662 9660 9653 9647 9645 9638 9636 9634 9634 9633 9633 9631 9630 9630 9633 9645 9663 9699 9714 9717 9721 9732 9719 9715 9721 9713 9698 9688 9703 9717 9716 9709 9703 9701 9710 9680 9665 9662 9653 9640 9627 9609 9597 9582 9573 9572 9576 9575 9558 9553
9840 9837 9818 9810 9817 9833 9846 9824 9800 9777 9770 9764 9758 9754 9752 9742 9730 9710 9690 9686 9683 9681 9688 9692 9691 9702 9707 9686 9605 9451 9389 9542 9638 9667 9659 9661 9657 9644 9639 9637 9634 9631 9628 9627 9624 9622 9620 9618 9622 9649 9657 9666 9690 9687 9681 9688 9694 9699 9708 9715 9707 9699 9706 9710 9714 9728 9724 9728 9703 9679 9670 9659 9647 9634 9616 9587 9580 9567 9552 9564 9577 9588 9587 9573
9834 9820 9818 9805 9815 9829 9836 9835 9821 9803 9791 9772 9769 9755 9744 9731 9718 9703 9687 9685 9685 9688 9690 9687 9687 9689 9690 9680 9656 9668 9611 9567 9626 9660 9698 9693 9669 9637 9638 9635 9632 9628 9625 9622 9619 9617 9614 9610 9611 9642 9662 9672 9678 9672 9661 9656 9671 9677 9672 9690 9694 9693 9679 9662 9678 9688 9713 9714 9696 9686 9676 9658 9643 9629 9609 9596 9582 9568 9556 9566 9578 9595 9607 9582
9837 9823 9808 9804 9823 9837 9839 9849 9851 9836 9826 9824 9790 9754 9736 9727 9715 9705 9689 9687 9689 9688 9686 9682 9675 9676 9674 9674 9677 9679 9644 9557 9398 9291 9606 9710 9675 9639 9635 9633 9630 9627 9624 9621 9617 9614 9612 9612 9617 9638 9665 9670 9677 9671 9655 9657 9663 9665 9663 9659 9675 9671 9651 9646 9665 9675 9694 9683 9707 9702 9673 9658 9641 9619 9608 9600 9590 9581 9577 9580 9579 9569 9569 9559
9873 9858 9837 9832 9838 9856 9870 9864 9863 9864 9845 9840 9814 9765 9739 9727 9717 9708 9698 9690 9691 9688 9685 9676 9673 9670 9666 9670 9673 9665 9647 9613 9578 9433 9674 9705 9668 9629 9628 9629 9627 9625 9623 9621 9619 9616 9615 9617 9625 9638 9659 9678 9686 9680 9672 9675 9666 9662 9669 9682 9679 9670 9654 9643 9652 9656 9663 9657 9664 9680 9675 9661 9644 9627 9615 9605 9594 9596 9606 9601 9591 9589 9580 9563
9899 9872 9853 9838 9841 9850 9860 9866 9863 9845 9833 9832 9835 9790 9749 9729 9719 9712 9700 9688 9689 9683 9674 9670 9669 9667 9667 9671 9674 9668 9662 9661 9676 9683 9675 9676 9644 9622 9628 9629 9629 9628 9625 9623 9620 9617 9617 9619 9624 9633 9658 9677 9694 9686 9683 9682 9670 9658 9654 9687 9683 9675 9663 9646 9637 9635 9635 9651 9648 9654 9675 9666 9652 9631 9615 9592 9593 9602 9605 9602 9598 9603 9609 9583
9889 9876 9866 9851 9844 9842 9851 9864 9872 9854 9839 9840 9855 9825 9793 9738 9724 9718 9703 9684 9684 9677 9667 9663 9661 9660 9663 9669 9676 9675 9664 9651 9640 9637 9628 9636 9629 9625 9627 9628 9628 9627 9627 9623 9620 9619 9618 9620 9621 9630 9673 9674 9678 9682 9681 9678 9674 9657 9624 9655 9679 9673 9658 9642 9632 9637 9634 9647 9657 9658 9657 9667 9670 9657 9635 9615 9612 9611 9609 9604 9600 9599 9597 9590
9889 9879 9866 9856 9846 9841 9847 9859 9862 9856 9846 9845 9859 9860 9837 9772 9735 9722 9704 9678 9678 9673 9664 9660 9656 9654 9657 9665 9674 9679 9659 9641 9631 9628 9625 9626 9625 9624 9627 9630 9631 9633 9633 9633 9631 9627 9625 9622 9620 9627 9656 9668 9677 9677 9678 9687 9686 9673 9666 9674 9672 9665 9652 9641 9647 9639 9637 9646 9659 9672 9676 9684 9698 9703 9671 9656 9642 9625 9614 9604 9600 9601 9606 9611
9887 9880 9868 9858 9849 9843 9847 9855 9858 9852 9849 9840 9835 9853 9839 9815 9780 9746 9713 9676 9674 9671 9665 9660 9655 9652 9656 9659 9659 9657 9650 9638 9633 9631 9625 9627 9632 9637 9631 9629 9629 9629 9631 9631 9632 9633 9634 9632 9626 9628 9649 9661 9664 9662 9668 9678 9677 9680 9701 9681 9667 9664 9653 9648 9637 9645 9657 9655 9658 9680 9682 9688 9703 9716 9681 9655 9642 9630 9623 9621 9607 9593 9622 9648
9886 9880 9870 9861 9851 9845 9847 9852 9853 9842 9835 9836 9835 9831 9820 9816 9800 9771 9734 9674 9671 9672 9668 9661 9655 9654 9657 9654 9649 9646 9644 9638 9636 9626 9624 9628 9628 9628 9631 9630 9630 9630 9632 9633 9635 9638 9640 9644 9644 9639 9648 9654 9644 9645 9646 9641 9644 9660 9673 9673 9676 9686 9694 9677 9650 9653 9659 9664 9664 9662 9667 9676 9675 9667 9661 9646 9635 9629 9623 9619 9626 9609 9618 9629
9880 9880 9873 9863 9853 9846 9845 9847 9846 9841 9836 9831 9830 9827 9811 9800 9790 9776 9756 9682 9682 9685 9668 9657 9653 9653 9654 9651 9647 9645 9643 9643 9639 9630 9628 9630 9636 9631 9628 9629 9629 9630 9631 9633 9636 9641 9647 9656 9667 9674 9668 9646 9642 9642 9638 9625 9628 9645 9653 9678 9693 9692 9682 9662 9663 9665 9658 9658 9660 9649 9656 9673 9660 9649 9644 9636 9630 9625 9623 9621 9634 9600 9606 9621
9880 9881 9875 9863 9854 9847 9844 9842 9842 9842 9839 9831 9828 9824 9808 9788 9770 9766 9747 9684 9700 9722 9672 9652 9650 9651 9650 9646 9644 9644 9645 9643 9636 9636 9631 9626 9625 9623 9623 9623 9624 9626 9629 9632 9637 9641 9646 9657 9674 9682 9648 9639 9645 9648 9645 9644 9641 9654 9673 9698 9708 9689 9673 9661 9666 9658 9644 9641 9636 9636 9643 9650 9648 9641 9633 9623 9621 9622 9625 9628 9618 9601 9589 9591
