real_craters/C151-300m.grd
DSAA
327 327
-48.8425 48.8425
-48.8425 48.8425
8366.1766474527 10195.606260371
[rows 0 to 29 of 327, columns 134 to 200 of 327]
9592.31 9577.65 9552.39 9519.35 9502.23 9486.78 9474.21 9468.18 9465.18 9462.04 9459.97 9459.79 9460.85 9462.53 9464.26 9466.09 9468.16 9470.43 9473.05 9475.87 9479.96 9486.59 9486.04 9487.9 9491.12 9486.61 9483.1 9480.62 9480.14 9480.27 9481.88 9484.28 9486.59 9488.56 9490.36 9492.07 9493.44 9494.96 9496.58 9497.85 9499.24 9501.71 9503.14 9504.37 9506 9507.78 9511.58 9516.09 9513.59 9510.28 9510.01 9509.62 9511.43 9507.86 9504.24 9501.65 9498.86 9497.92 9498.76 9505.08 9511.68 9508.35 9510.76 9513.51 9515.53 9521.64 9525.17
9595.28 9580.79 9569.32 9526.1 9499.92 9485.27 9475.27 9468.38 9462.47 9458.66 9457.95 9459.35 9460.96 9463.19 9465.48 9467.73 9469.98 9472.42 9475.6 9479.29 9483.38 9484.36 9486.51 9487.31 9486.55 9485.19 9481.91 9480.05 9480.99 9481.71 9484.54 9487.15 9489.36 9490.65 9492.24 9493.16 9494.59 9496.05 9497.59 9499.27 9500.87 9502.23 9503.58 9504.99 9506.16 9506.8 9507.43 9507.4 9508.87 9508.64 9509.44 9509.82 9510.33 9509.23 9506.82 9505.03 9504.54 9505.23 9507.33 9511.44 9517.35 9517.8 9517.42 9523.26 9525.59 9527.27 9530.7
9598.03 9587.68 9574.36 9530.88 9506.61 9492.34 9481.49 9472.1 9462.68 9457 9457.36 9460.22 9463.36 9466.49 9469.14 9471.28 9473.06 9475.25 9477.2 9481.29 9485.08 9485.65 9486.1 9486.92 9486.82 9485.18 9482.11 9480.7 9484.73 9487.7 9490.07 9491.08 9491.91 9492.72 9493.8 9494.99 9496.2 9497.62 9498.86 9500.47 9501.9 9503.47 9504.8 9505.59 9506.76 9507.13 9506.78 9506.72 9509.26 9511.16 9511.97 9512.52 9513.57 9511.68 9509.61 9508.29 9510.03 9512.2 9515.09 9517.11 9520.48 9522.26 9525.25 9530.48 9532.52 9532.57 9535.49
9596.94 9590.53 9557.51 9527.88 9516.07 9512.03 9495.35 9480.5 9466.81 9458.26 9459.35 9463.24 9467.25 9470.73 9473.32 9475.25 9476.43 9477.26 9477.37 9474.4 9471.41 9483.72 9485.59 9486.38 9486.72 9486.69 9487.64 9488.3 9490.22 9494.37 9495.85 9494.7 9494.33 9494.49 9495.07 9496.14 9497.36 9498.92 9500.4 9501.99 9503.43 9504.26 9505.67 9507.15 9508.48 9509.65 9511.06 9511.35 9512.47 9514.74 9515.34 9516.02 9515.28 9515.02 9514.59 9514.9 9516.55 9518.41 9519.82 9521.44 9524.93 9527.62 9530 9533.59 9534.64 9534.24 9535.51
9588.55 9576.62 9543.06 9521.61 9517.07 9521.04 9508.98 9490.97 9474.59 9463.63 9464.75 9469.13 9473.11 9476 9477.99 9479.2 9480.37 9480.51 9480.05 9480.28 9484.34 9484.51 9484.29 9485.43 9486.46 9487.08 9488.85 9490.58 9492.77 9496.26 9497.58 9496.39 9495.5 9495.45 9496.05 9497.14 9498.52 9499.92 9501.51 9503.09 9504.79 9506.26 9507.58 9509.04 9510.65 9512.26 9516.35 9516.65 9515.29 9515.28 9516.95 9519.66 9520.08 9520.06 9520.3 9521.66 9524.12 9526.17 9526.66 9525.81 9527.95 9531.47 9534.73 9536.27 9537.3 9536.44 9536.19
9576.4 9563.3 9536.79 9520.88 9517.84 9520.39 9517.14 9501.22 9485.77 9473.55 9475.61 9480.12 9483.2 9485.02 9485.78 9485.98 9485.42 9484.83 9484.69 9485.15 9486.05 9483.76 9482.02 9484.63 9485.87 9486.13 9485.78 9488.33 9491.72 9495.28 9497.45 9496.31 9495.31 9495.55 9496.74 9498.2 9499.9 9501.55 9503.36 9505.13 9506.75 9508.3 9509.97 9511.41 9512.03 9512.97 9515.06 9516.83 9517.72 9518.5 9521.23 9524.17 9526.02 9526.81 9526.64 9528.7 9532.45 9535.71 9535.83 9533.63 9534.65 9538.92 9541.89 9543.25 9542.61 9542.26 9542.99
9564.6 9551.3 9531.57 9522.41 9521.51 9521.97 9518.48 9511.56 9502.05 9492.48 9493.75 9495.54 9496.04 9495.55 9494.56 9493.18 9491.55 9489.88 9488.51 9488.02 9488.47 9485.1 9485.06 9486.68 9486.64 9485.58 9485.56 9486.3 9488.71 9491.77 9494.01 9493.35 9493.49 9495.35 9497.31 9499.44 9501.68 9503.66 9505.52 9507.54 9509.37 9511.43 9512.75 9514.19 9514.3 9514.05 9511.59 9517.42 9522.25 9526.67 9530.22 9532 9533.37 9534.42 9535.09 9537.13 9540.88 9545.1 9544.87 9541.56 9542.41 9547.91 9550.37 9551.16 9549.11 9546.57 9546.49
9554.74 9542.28 9528.14 9526.65 9527.72 9526.28 9523.72 9525.07 9522.72 9520.64 9517.36 9513.94 9510.33 9506.77 9503.43 9500.47 9497.49 9494.65 9490.98 9488.75 9485.92 9484.16 9483.32 9487.97 9487.19 9484.88 9482.61 9483.89 9484.86 9485.07 9484.6 9487.89 9491.19 9494.81 9497.76 9500.64 9503.44 9506.13 9508.63 9510.94 9513.08 9514.77 9516.3 9517.41 9518.03 9519.08 9521.43 9524.42 9529.15 9534.9 9539.37 9541.41 9542.77 9542.65 9543.1 9545.01 9548.13 9551.27 9551.53 9550.5 9551.35 9555.09 9558.05 9557.8 9556.34 9553.82 9552.86
9546.24 9536.72 9531.59 9525.31 9529.18 9531.87 9539.51 9542.43 9543.24 9543.78 9540.74 9532.63 9524.93 9518.54 9513.04 9508.14 9502.74 9498.67 9494.86 9491.27 9487.17 9485.97 9487.81 9489.46 9487.26 9484.92 9483.47 9482.79 9482.56 9481.56 9480.37 9485.18 9490.02 9494.81 9498.72 9502.2 9505.54 9508.52 9511.3 9513.94 9516.11 9518.17 9520.08 9521.43 9523.26 9525.74 9528.34 9532.46 9536.66 9542.26 9547.09 9550.14 9552.55 9552.66 9549.69 9552.32 9555.06 9556.54 9557.23 9556.29 9556.89 9565.48 9567.47 9565.65 9564.2 9563.32 9560.53
9539.85 9531.02 9524.63 9531.53 9530.52 9535.26 9553.31 9556.57 9558.77 9564.28 9560.45 9546.99 9537.02 9528.66 9521.66 9515.34 9509.96 9504.44 9499.21 9494.4 9490.76 9489.05 9489.15 9487.88 9486.49 9484.75 9483.41 9482.93 9482.6 9482.54 9483.52 9486.71 9490.68 9495.81 9500.22 9504.09 9507.84 9510.99 9514.01 9516.62 9519.15 9521.7 9523.56 9526.05 9528.72 9532.42 9536.86 9540.12 9544.16 9549.47 9554.15 9558.16 9560.57 9560.83 9560.01 9561.3 9563.54 9564.97 9565.23 9565.27 9565.56 9569.97 9573.56 9572.8 9570.32 9569.33 9565.89
9535.98 9527.72 9522.27 9536.78 9543.16 9546.69 9556.34 9562.92 9565.24 9566.51 9562.63 9553.83 9545.53 9537.78 9530.14 9523.29 9516.17 9509.61 9503.29 9497.85 9493.84 9491.12 9488.68 9486.72 9486.13 9485.14 9484.22 9484.04 9484.22 9485.07 9486.25 9489.41 9493.3 9498.11 9502.26 9506.29 9510.39 9513.99 9517.65 9520.11 9523.28 9526.23 9528.59 9531.37 9534.36 9537.64 9541.76 9546.88 9551.51 9557.33 9563.13 9566.99 9568.5 9566.07 9569.07 9570.78 9572.66 9574.31 9573.93 9572.47 9571.89 9575.19 9577.49 9576.42 9573.65 9570.66 9569.02
9535.9 9530.3 9528.97 9548.01 9560.19 9567.32 9568.12 9567.64 9567.87 9564.55 9558.91 9557.27 9552.12 9545.29 9537.25 9530.16 9522.06 9514.92 9507.33 9500.86 9495.38 9491.37 9489.21 9487.47 9486.96 9486.32 9485.8 9485.78 9486.45 9488.49 9491 9494.21 9496.84 9501.11 9504.94 9509.11 9513.53 9517.89 9522 9525.83 9528.85 9532.08 9534.63 9537.4 9540.18 9543.1 9547.64 9553.77 9559.04 9565.22 9571.21 9575.66 9579.64 9579.73 9579.25 9579.33 9580.52 9582.36 9582.86 9582.68 9580.4 9580.47 9579.62 9578.77 9576.54 9573.9 9572.27
9538.97 9536.52 9541.83 9560.81 9571.27 9578.9 9581.25 9573.81 9571.66 9568.93 9565.5 9562.95 9557.83 9551.04 9543.46 9535.04 9526.97 9518.79 9510.6 9503.11 9496.59 9493.14 9491.11 9490.02 9488.75 9488.07 9487.61 9487.67 9488.75 9491.68 9496.35 9499.63 9500.38 9503.95 9508.32 9512.9 9517.91 9522.28 9526.93 9530.88 9534.97 9538.57 9541.18 9544.21 9547.24 9549.71 9554.83 9561.65 9567.13 9573.11 9578.07 9583.18 9587.6 9589.41 9588.23 9586.26 9584.8 9585.77 9588.88 9590.56 9589.76 9586.12 9584.3 9582.42 9580.4 9578.24 9576.08
9542.71 9541.78 9546.83 9565.64 9579.34 9587.75 9587.25 9578.5 9576.45 9575.63 9575.12 9570.51 9564.59 9557.42 9549.5 9540.99 9532.41 9524.01 9515.07 9506.43 9497.29 9487.17 9491.32 9493.01 9490.05 9489.86 9489.29 9489.67 9490.8 9493.08 9496.27 9499.07 9501.49 9506.43 9511.79 9517.19 9522.76 9527.85 9533.16 9537.2 9541.48 9545.13 9548.87 9552.17 9555.48 9558.49 9564.01 9570.7 9576.12 9582.14 9587.25 9591.76 9595.34 9597.14 9595.22 9592.25 9589.66 9589.51 9591.96 9592.71 9591.53 9589.46 9587.36 9586.35 9584.92 9582.74 9580.23
9548.85 9547.15 9549.5 9566.76 9590.77 9600.26 9596.86 9583.04 9580.93 9581.36 9581.08 9577.56 9571.61 9563.85 9555.39 9546.8 9538.38 9529.59 9520.69 9511.62 9502.35 9494.81 9492.27 9489.82 9490.78 9488.51 9490.89 9492.09 9492.87 9493.9 9494.39 9495.59 9501.95 9509.39 9515.96 9522.37 9528.63 9533.97 9539.67 9544.23 9549.06 9553.2 9557.69 9561.6 9565.19 9568.47 9574.22 9580.9 9586.02 9592.37 9597.74 9601.17 9602.03 9601.3 9599.29 9598.19 9596.18 9595.66 9596.52 9594.99 9592.88 9591.41 9591.11 9590.37 9589.48 9587.13 9583.96
9555.94 9554.81 9555.67 9570.68 9596.88 9602.51 9595.35 9584.5 9584.02 9586.86 9587.46 9585.19 9578.35 9569.75 9560.81 9552.21 9543.47 9534.7 9526.38 9518.2 9510.34 9502.77 9498.49 9497.71 9495.99 9496.96 9495.42 9495.75 9496.08 9496.72 9497.19 9498.53 9505.86 9514.24 9521.42 9528.65 9534.74 9541.28 9546.22 9552.13 9557.72 9562.89 9567.92 9572.36 9576.33 9579.74 9585.44 9591.32 9596.12 9602.39 9608.45 9611.58 9607.93 9603.86 9604.53 9605.1 9604.79 9602.03 9599.45 9598.02 9595.62 9593.05 9592.14 9592.21 9593.35 9590.65 9586.58
9565.01 9564.63 9564.96 9570.24 9591.98 9591.01 9586.99 9579.4 9587.24 9592.01 9597.53 9593.07 9582.71 9573.2 9564.2 9555.59 9547.24 9539.56 9531.77 9524.82 9518.9 9514.48 9509.55 9501.84 9500.35 9500.74 9500.67 9500.97 9501.77 9502.28 9504.63 9508.41 9514.17 9521.51 9528.89 9536.09 9542.36 9549.13 9555.41 9561.68 9567.33 9573.29 9578.58 9584.23 9589.03 9592.04 9597.62 9602.09 9606.9 9611.07 9616.45 9619.03 9613.67 9608.01 9612.21 9611.93 9610.55 9606.74 9603.06 9601.94 9598.49 9594.03 9590.82 9590.44 9591.57 9589.81 9586.98
9576.03 9576.96 9579.31 9586.37 9591.64 9588.78 9591.23 9595.48 9593.38 9593.61 9594.65 9591 9583.14 9574.81 9566.67 9558.59 9551.16 9543.57 9537.2 9530.96 9526.19 9520.72 9515.98 9508.12 9505.17 9505.66 9505.91 9506.85 9508.33 9509.65 9513.19 9518.9 9523.48 9529.8 9537.09 9544.55 9551.92 9559.14 9565.38 9571.79 9577.62 9583.74 9590.59 9596.21 9602.69 9608.5 9609.68 9612.14 9615.29 9617.73 9620.76 9621.36 9620.5 9620.17 9619.87 9617.37 9613.85 9609.05 9604.86 9604.1 9600.23 9594.58 9589.83 9587.22 9586.43 9586.65 9586.28
9587.34 9590.54 9594.02 9598.4 9594.01 9589.9 9593.07 9598.45 9594.15 9590.62 9588.61 9585.38 9581.33 9575.06 9567.98 9560.66 9553.58 9546.65 9540.87 9536.56 9533.02 9530.11 9525.62 9517.71 9511.66 9510.71 9511.25 9513.07 9515.15 9517.58 9521.02 9525.12 9530.72 9538.65 9546.79 9554.98 9562.63 9569.72 9575.98 9582.4 9589.34 9595.12 9601.03 9606.54 9612.5 9616.89 9618.81 9619.96 9622.02 9623.27 9625.28 9626.54 9627.88 9627.01 9624.88 9620.87 9616.62 9611.21 9607.4 9607.6 9601.24 9595.24 9588.96 9584.29 9581.36 9584.39 9585.8
9597.89 9602.83 9607.11 9606.54 9596.51 9590.5 9590.47 9593.22 9586.24 9584.32 9584.47 9583.75 9579.69 9574.43 9568.36 9561.64 9555.56 9549.54 9543.68 9539.41 9536.17 9535.34 9530.7 9523.81 9516.45 9515.25 9517.33 9520.28 9523.3 9526.69 9529.97 9532.64 9539.41 9549.27 9558.23 9566.54 9574.09 9582.37 9588.7 9594.07 9599.46 9603.88 9609.63 9614.98 9620.17 9623.87 9625.52 9625.84 9627.02 9627.65 9629.35 9631.52 9632.46 9630.62 9625.43 9621.71 9617.27 9612.76 9608.22 9604.66 9600.06 9593.76 9588.55 9584.58 9583.78 9585.28 9586.93
9607.53 9613.97 9619.56 9621.98 9614.25 9600.46 9593.44 9583.63 9573.58 9577.5 9579.96 9581.21 9577.87 9573.75 9568.82 9563.01 9557.28 9550.74 9544.8 9541.09 9536.31 9532.6 9531.13 9524.71 9518.77 9520.01 9525.07 9530.08 9534.51 9538.63 9542.69 9547.14 9553.86 9562.93 9571.8 9579.98 9588.48 9594.71 9600.13 9604.22 9608.76 9613.27 9617.8 9622.37 9626.68 9629.45 9630.58 9630.37 9631.23 9631.58 9631.28 9631.36 9630.72 9627.69 9624.78 9624.54 9620.26 9614.39 9608.55 9603 9599.05 9596.44 9590.8 9587.37 9587.5 9588.4 9589.13
9614.65 9622.42 9630.49 9635.73 9628.02 9608.47 9596.52 9586.44 9574.93 9574.74 9576.41 9575.92 9576.11 9573.06 9568.68 9563.41 9558.41 9552.31 9546.25 9540.68 9535.01 9532.85 9530.91 9527.47 9525.21 9528.9 9535.47 9542.14 9548.44 9554.09 9558.85 9563.49 9569.58 9578.96 9588.08 9596.8 9603.43 9608.76 9612.36 9615.36 9618.38 9621.3 9624.24 9628.05 9632.81 9633.97 9633.92 9633.31 9633.71 9633.03 9632.59 9631.2 9628.93 9627.33 9628.03 9628.73 9622.48 9612.01 9605.6 9601.36 9596.95 9592.47 9593.84 9594.86 9593.4 9592.66 9592.4
9618.67 9626.81 9634.93 9641.19 9633.49 9611.44 9597.88 9586.66 9575.86 9574.63 9576.16 9578.17 9577.07 9573.53 9569.21 9564.23 9559.11 9553.15 9547.58 9541.02 9533.49 9528.56 9529.14 9533.94 9536.92 9540.63 9548.84 9557.45 9565.3 9572.52 9577.83 9582.76 9588.39 9597.89 9606.45 9613.26 9618.49 9621.85 9624.83 9626.38 9627.34 9628.45 9629.28 9630.88 9631.71 9634.35 9635.45 9635.19 9635.29 9635.02 9633.79 9631.47 9629.75 9627.98 9627.5 9626.85 9620.28 9612.07 9608.27 9605.06 9599.99 9595.75 9597.72 9599.18 9597.89 9596.26 9594.99
9618.7 9625.95 9632.72 9637.86 9631.61 9611.09 9592.49 9583.12 9575.76 9574.85 9576.63 9579.75 9578.35 9573.8 9569.85 9565.21 9560.51 9556.24 9549.9 9542.74 9534.48 9528.51 9537.05 9542.42 9543.56 9553.28 9565.06 9575.8 9585.18 9593.43 9600.47 9606.08 9612.12 9619.59 9626.96 9631.42 9634.42 9635.77 9636.17 9636.19 9635.51 9634.59 9633.61 9633.25 9632.43 9634.66 9635.98 9636.75 9636.69 9636.79 9636.32 9633.72 9630.47 9626.04 9621.45 9617.97 9615.52 9613.62 9609.58 9607.36 9606.01 9604.98 9602.53 9602.55 9601.24 9598.4 9596.7
9615.54 9620.68 9625.46 9627.5 9620.7 9601.34 9586.07 9578.46 9575.94 9574.76 9575.89 9577.96 9576.78 9573.31 9570.09 9566.21 9561.89 9558.25 9553.04 9547.6 9542.12 9538.84 9547.03 9551.92 9557.27 9569.89 9583.29 9595.84 9606.81 9616.72 9625.16 9631.19 9635.95 9643.48 9649.44 9651.34 9650.95 9649.62 9647.26 9645.45 9642.65 9640.35 9638.2 9636.32 9634.92 9635.81 9636.46 9637.35 9637.3 9638.09 9639.04 9636.63 9631 9623.89 9616.07 9613.42 9610.97 9607.52 9611.69 9608.84 9605.99 9604.92 9604.11 9604.29 9601.86 9599.45 9597.59
9610.96 9614.31 9615.65 9613.86 9604.71 9588.49 9581.41 9578.94 9575.19 9574.71 9575.5 9574.33 9573.28 9573.33 9570.77 9567.06 9563.41 9560.15 9557.96 9556.25 9556.56 9558.23 9561.13 9565.24 9576.49 9591.4 9604.76 9617.94 9629.63 9640.66 9651.19 9659.71 9665.55 9671.92 9674.49 9672.31 9667.76 9662.71 9657.68 9653.02 9649.54 9645.48 9642.34 9639.6 9637.08 9637.58 9637.45 9638.12 9639.11 9639.24 9641.91 9641.27 9635.65 9624.72 9615.12 9614.35 9611.71 9609.22 9607.52 9607.79 9604.2 9602.88 9603.5 9602.99 9601.11 9599.3 9597.84
9605.97 9607.48 9606.79 9602.77 9593.92 9582.78 9583.92 9584.37 9578.75 9576.71 9578.25 9579.55 9579.89 9576.06 9571.86 9568.64 9566.09 9564.42 9563.75 9565.07 9570.39 9577.46 9582.58 9587.37 9599.69 9615.9 9627.6 9639.9 9651.65 9663.86 9677.27 9690.21 9701.47 9705.65 9700.97 9692.67 9683.47 9674.45 9666.95 9659.98 9655.08 9650.22 9646.13 9643.73 9641.62 9639.18 9637.93 9638.36 9639.03 9640.15 9643.69 9643.42 9637.88 9629.22 9619.97 9615.11 9614.18 9612.58 9611.89 9610.39 9607.69 9605.08 9603.45 9601.83 9600.5 9598.21 9597.02
9601.52 9602.04 9600.37 9596.46 9590.47 9589.02 9588.53 9585.05 9581.26 9581.46 9582.93 9584.66 9585.57 9578.53 9573.76 9570.75 9569.49 9569.53 9570.7 9573.26 9576.95 9589.03 9606.62 9620.02 9631.07 9641.55 9649.91 9659.69 9671.65 9684.29 9699.46 9716.6 9734.67 9737.16 9723.52 9709.01 9695.97 9684.06 9674.35 9666 9659.24 9653.21 9647.58 9643.51 9640.86 9638.83 9637.81 9637.74 9638.16 9640.08 9643.82 9644.2 9642.67 9634.3 9625.06 9617.91 9619.14 9620.68 9618.84 9614.92 9612.16 9608.05 9603.71 9599.46 9597.11 9596.02 9595.42
9598.69 9598.97 9597.66 9594.55 9591.98 9596.54 9595.62 9587.44 9587.11 9590.58 9587.17 9584.7 9582.95 9576.75 9573.42 9572.35 9572.94 9574.82 9578.49 9583.55 9590.89 9606.79 9628.24 9647.03 9656.02 9663.72 9668.82 9676.45 9686.75 9698.98 9713.86 9731.23 9748.75 9751.25 9735.1 9718.15 9702.75 9689.51 9678.48 9669.35 9661.86 9654.99 9647.93 9639.49 9637.74 9638 9636.18 9635.61 9636.06 9637.78 9641.52 9643.51 9642 9635.28 9626.93 9623.71 9624.25 9622.98 9619.1 9616.2 9613.14 9608.68 9604.04 9599.03 9594.27 9594.18 9594.44
9598.1 9598.23 9597.28 9595.28 9595.51 9600.39 9602.79 9597.09 9596.58 9598.19 9588.37 9579.99 9574.94 9570.74 9571.29 9573.3 9576.46 9580.55 9586.39 9594.67 9607.11 9624.53 9645.43 9663.22 9670.4 9676.34 9681.25 9688.33 9697.12 9707.43 9719.87 9734.09 9746.05 9747.15 9735.5 9718.89 9703.47 9690.16 9679.37 9670.67 9663.08 9656.52 9650.65 9645.12 9640.82 9637.67 9635.75 9634.36 9634.27 9633.62 9635.96 9636.65 9638.44 9634.23 9623.72 9620.88 9622.31 9619.54 9616.07 9613.76 9612.02 9606.82 9602.39 9598.02 9594 9593.17 9593.3
