real_craters/C151-1000m.grd
DSAA
57 57
-27.91 27.91
-27.91 27.91
2820.1289511654 4964.4859983095
[rows 0 to 34 of 57, columns 0 to 56 of 57]
4202.97 4184.9 4164.26 4169.28 4170.22 4186.73 4200.97 4186.68 4175.73 4169.59 4185.08 4186.57 4201.89 4216.06 4231.67 4245.76 4261.18 4272.32 4268.49 4218.27 4207.81 4211.25 4180 4160.08 4166.99 4176.45 4187.3 4196.43 4202.98 4197.86 4200.13 4192.61 4192.93 4183.32 4194.49 4204.51 4185.98 4165.93 4155.13 4140.47 4131.84 4123.98 4114.51 4096.63 4108.14 4099.34 4106.47 4127.15 4125.3 4119.43 4113.05 4102.94 4086.16 4069.52 4076.13 4081.62 4040.36
4227.74 4186.63 4174.83 4173.37 4172.93 4182.78 4185.96 4201.32 4180.88 4171.36 4199.74 4213.66 4222.15 4225 4230.35 4236.09 4241.5 4239.32 4231.36 4254.88 4215.5 4209.17 4184.17 4165.95 4170.6 4177.61 4183.38 4190.53 4200.29 4215.72 4200.87 4187.44 4183.86 4195.13 4187.91 4186.67 4173.91 4155.78 4135.3 4134 4130.64 4122.66 4106.66 4103.79 4109.8 4113.55 4115.51 4117.38 4120.87 4119.64 4124.89 4126.37 4119.15 4072.37 4085.35 4104.27 4104.29
4232.8 4204.88 4182.81 4172.91 4173.57 4177.46 4180.66 4199.44 4187.24 4198.05 4238.07 4241.11 4239.47 4236.75 4235.37 4234.7 4231.77 4228.35 4228.78 4249.26 4238.69 4211.66 4189.95 4178.02 4182.7 4187.9 4187.74 4189.27 4194.38 4187.84 4190.68 4192.6 4187 4172.37 4162.86 4165.18 4164.67 4154.01 4139.59 4136.69 4135.46 4134.09 4108.68 4107.05 4113.63 4119.34 4121.42 4130.16 4129.43 4126.6 4146.03 4151.33 4151.85 4127.2 4115.5 4140 4157.03
4265.67 4259.75 4233.57 4206.25 4181.83 4177.91 4168.67 4168.12 4188.56 4208.98 4242.07 4244.82 4238.78 4233.24 4228.59 4224.79 4220.51 4217.04 4215.32 4237.82 4234.84 4233.75 4218.21 4211.89 4202.91 4205.29 4210.54 4204.34 4196.19 4190.64 4188.56 4186.5 4172.92 4149.51 4157.85 4170.1 4166.97 4161.48 4153.96 4143.54 4135.52 4123.47 4110.39 4112.8 4126.88 4135.77 4128.87 4139.15 4162.47 4189.48 4183.42 4164.92 4151.6 4127.9 4132.88 4143.61 4148.65
4287.82 4290.12 4285.79 4261.93 4219.73 4190.62 4170.3 4171.17 4201.75 4220.63 4221.2 4226.85 4229.66 4231.79 4230.64 4223.19 4214.89 4209.33 4213.65 4259.62 4263.74 4236.52 4219.9 4215.82 4210.7 4214.31 4220.35 4213.56 4200.93 4190.33 4186.72 4187.9 4176.19 4159.57 4159.8 4170.76 4177.42 4177.08 4163.46 4154.91 4137.21 4127.91 4122.64 4127.01 4128.98 4127.72 4128.9 4131.43 4173.19 4247.7 4190.43 4162.91 4146.35 4129.65 4132.63 4120.13 4117.03
4283.87 4283.14 4299.99 4286.85 4242.86 4211.71 4196.86 4231.22 4219.53 4211.13 4206.68 4221.56 4232.4 4232.68 4227.39 4223.38 4216.32 4209.83 4211.83 4263.81 4240.08 4257.79 4227.19 4217.8 4214.51 4218.41 4222.31 4217.81 4207.39 4194.56 4187.86 4188.42 4185.72 4171.97 4164.52 4169.69 4196.26 4212.23 4206.1 4181.73 4146.85 4127.74 4160.51 4143.47 4124.33 4131.03 4130.6 4123.9 4143.5 4134.68 4145.87 4143.74 4133.05 4125.14 4121.8 4115.02 4106.14
4286.63 4259.09 4273.77 4282.05 4252.33 4226.49 4219.45 4221.08 4228.03 4218.76 4232.71 4245.72 4240.87 4235.7 4232.29 4228.59 4222.5 4218.85 4227.28 4228.4 4225.67 4258.86 4243.74 4217.07 4212.71 4223.79 4240.94 4226.45 4218.48 4207.61 4200.06 4201.16 4196.93 4191.78 4192.86 4191.86 4214.84 4239.35 4239.3 4212.3 4179.67 4153.23 4174.21 4152.16 4119.51 4122.09 4124.72 4137.66 4135.95 4127.14 4126.86 4126.7 4121.24 4107.06 4099.8 4100.35 4095.52
4298.8 4298.22 4295.93 4292.44 4264.69 4235.95 4222.53 4234.41 4243.31 4272.97 4278.56 4262.75 4249.64 4240.67 4234.32 4233.15 4228.65 4234.85 4252.46 4263.59 4257.81 4261.76 4248.85 4247.25 4253.57 4236.6 4232.3 4241.99 4241.71 4226.47 4210.09 4209.59 4204.18 4197.7 4210.57 4207.9 4226.01 4257.08 4252.81 4235.95 4232.46 4230.62 4188.75 4150.4 4125.23 4121.65 4134.83 4145.39 4136.93 4125.19 4119.78 4119.52 4119.82 4116.51 4098.98 4099.94 4100.78
4321.94 4321.4 4316.19 4278.29 4257.44 4235.52 4223.32 4231.97 4249.04 4270.83 4324.26 4273.67 4266.42 4255.21 4251.66 4244.19 4242.23 4244.14 4279.08 4293.77 4283.75 4273.49 4278.98 4291.29 4304.02 4272.66 4286.66 4302.62 4308.39 4289.07 4247.53 4233.57 4241.46 4221.74 4223.19 4220.63 4239.78 4252.4 4251.84 4242.23 4228.51 4210.68 4167.61 4143.96 4126.58 4134.88 4134.78 4143.83 4138.12 4126.97 4119.38 4120.18 4120.38 4117.22 4105.91 4104.15 4105.12
4334.72 4325.33 4311.2 4263.54 4242.87 4231.32 4214.47 4223.38 4224.9 4246.54 4301.33 4302.49 4276.76 4267.04 4264.88 4262.15 4261.68 4269.92 4301.98 4312.13 4323.53 4316.03 4318.95 4319.74 4288.44 4317.45 4345.6 4402.46 4418.39 4401.77 4325.76 4328.1 4441.75 4372.71 4256.32 4274.39 4270.46 4247.14 4249.87 4247.26 4224.45 4209.35 4198.47 4145.78 4127.77 4159.57 4154.38 4153.26 4148.28 4137.99 4130.41 4126.01 4123.07 4122.59 4121.62 4099.21 4091.4
4335.34 4314.4 4271.57 4243.28 4226.4 4226.9 4214.72 4204.84 4206 4226.96 4242.78 4261.05 4274.52 4276.54 4279.51 4282.54 4285.23 4275.41 4297.55 4320.31 4327.5 4325.2 4348.12 4361.45 4389.95 4495.22 4531.79 4544.13 4546.33 4553.26 4583.82 4542.84 4606.65 4554.29 4533.72 4460.5 4404.46 4271.56 4314.45 4284.64 4233.88 4213.47 4203.05 4165.11 4198.4 4184.71 4167.47 4169.32 4163.42 4152.72 4146.02 4134.01 4128.4 4119.12 4120.29 4112.72 4096.12
4321.52 4315.41 4272.67 4231.21 4212.95 4210.38 4194.89 4193.14 4191.73 4215.11 4222.75 4260.31 4267.07 4278.02 4287.52 4298.63 4312.35 4327.63 4320.68 4351.7 4325.79 4360.57 4436.01 4464.84 4596.27 4716.51 4720.31 4666.12 4649.19 4666.67 4681.87 4717.93 4699.05 4725.25 4765.36 4670.43 4661.21 4656.07 4502 4396.92 4255.34 4217.38 4204.13 4208.4 4214.2 4197.21 4187.49 4188.24 4178.13 4160.66 4143.02 4142.6 4141.07 4137.41 4135.17 4119.43 4111.7
4323.83 4317.28 4272.7 4233.79 4215.67 4201.91 4202.75 4195.32 4196.02 4204.14 4214.6 4239.29 4256.43 4275.37 4285.24 4302.5 4323.59 4347.87 4312.12 4348.85 4462.92 4535.42 4586.62 4678.17 4752.6 4860.44 4763.11 4676.24 4662.46 4694.72 4794.71 4827.15 4964.49 4822.93 4798.67 4819.04 4794.41 4766.84 4683.37 4596.21 4500.44 4389.6 4254.26 4216.24 4216.17 4198.06 4200.87 4204.19 4181.84 4172.5 4158.13 4157.72 4156.51 4158.63 4150.4 4130.21 4133.57
4309.3 4315.35 4283.66 4243.67 4224.98 4219.63 4207.9 4211.9 4216.74 4212.05 4215.37 4234.46 4254.22 4273.33 4287.34 4297 4303.34 4317.77 4358.1 4684.22 4742.47 4749.74 4617.96 4563.6 4510.33 4521.42 4580.52 4552.27 4536.67 4557.96 4588.85 4560.93 4559.67 4565.2 4615.06 4674.2 4779.97 4826.4 4764.92 4750.3 4700.53 4487.56 4327.79 4247.57 4239.39 4201.41 4216.42 4211.99 4203.67 4193.63 4188.17 4174.17 4165.47 4162.59 4143.09 4141.01 4138.29
4318.42 4327.45 4294.97 4246.57 4213.01 4212.33 4218.23 4219.27 4221.27 4225.75 4224.55 4234.61 4262.13 4283.36 4305.58 4309.15 4302.47 4383 4644.14 4752.91 4637.16 4528.69 4504.93 4422.52 4439.62 4471.87 4392.74 4341.07 4318.96 4329.01 4406.27 4390.67 4364.09 4287.69 4345.02 4432.2 4535.44 4637.28 4725.19 4828.48 4848.53 4732.78 4508.32 4267.82 4256.36 4274.64 4201.65 4213.82 4216.51 4201.26 4185.36 4170.18 4162.41 4156.61 4147.03 4138.99 4137.43
4276.46 4347.27 4321.09 4269.62 4226.7 4216.92 4222.9 4230.52 4236.51 4235.91 4238.02 4251.98 4271.27 4311.54 4358.01 4387.88 4408.22 4499.09 4631.91 4554.34 4426.57 4448.5 4430.95 4459.61 4440.3 4256.34 4135.5 4078.27 4020.49 3984.15 3963.94 3993.97 4017.85 3999.72 4109.47 4298.18 4326.85 4430.08 4569.14 4751.43 4936.5 4916.43 4713.38 4461.56 4380.9 4312.92 4280.46 4234.81 4214.2 4200.05 4171.2 4156.1 4153.34 4149.12 4137.84 4124.08 4139.81
4268.42 4307.68 4302.74 4263.62 4263.47 4253.11 4239.79 4244.61 4240.21 4243.45 4249.42 4253.71 4266.57 4340.95 4425.67 4511.54 4571.78 4572.71 4510.5 4441.36 4490.44 4431.08 4316.18 4208.73 4098.35 3942.2 3854 3776.62 3707.19 3642.95 3603.2 3655.45 3736.46 3771.79 3843.37 3984.36 4104.72 4202.06 4320.68 4470.34 4725.23 4957.63 4782.88 4517.93 4400.61 4405.73 4289.6 4244.26 4235.36 4209.87 4183.46 4165.48 4154.1 4143.11 4128.53 4110.91 4133.01
4266.69 4275.7 4288.09 4270.12 4333.93 4331.34 4292.89 4275.11 4259.22 4258.69 4258.23 4263.3 4284.62 4395.6 4506.75 4620.78 4692.32 4494.06 4446.97 4503.77 4428.44 4325.43 4066.23 3832.97 3685.24 3625.76 3571.38 3507.03 3441.44 3368.43 3335.45 3351.2 3403.91 3471.97 3582.54 3726.04 3846.4 3971.82 4076.38 4172.5 4471.65 4821.17 4852.79 4798.77 4495.57 4419.79 4371.22 4257.5 4233.54 4222.27 4198.78 4169.97 4153.6 4138.98 4128 4126.38 4134.4
4288.28 4327.6 4306.26 4313.98 4399.04 4419.39 4371.22 4313.05 4267.43 4264.21 4268.17 4281.25 4370.11 4457.15 4569.74 4678.37 4703.57 4563.69 4479.4 4380.13 4106.16 3894.91 3717.79 3512.58 3343.08 3319.12 3308.38 3276.52 3220.44 3139.45 3110.75 3139.25 3151.36 3210.22 3354.26 3511.1 3707.98 3765.32 3867.13 4006.12 4189.83 4431.29 4663.6 4920.47 4772.89 4456.01 4331.61 4259.13 4269.24 4255.64 4214.41 4173.95 4159.03 4143.14 4132.81 4143.01 4137.34
4322.86 4335.82 4304.51 4302.05 4355.03 4412.34 4393.92 4334.48 4294.89 4277.2 4287.35 4316.95 4395.04 4489.01 4582.27 4689.61 4754.5 4392.21 4252.51 4079.01 3800.38 3617.93 3453.81 3293.87 3165.71 3098.41 3094.23 3100.25 3076.25 3033.38 3029.02 3055.63 3065.3 3101.17 3183.99 3257.61 3358.47 3533.69 3673.02 3817.47 4035.62 4238.66 4461.56 4825.07 4905.08 4636.1 4393.37 4332.45 4298.87 4283.53 4227.63 4195.69 4165.96 4151.69 4136.3 4125.89 4130.97
4329.21 4287.86 4271.77 4253.17 4258.92 4286.86 4328.12 4314.76 4299.4 4300.53 4313.84 4360.06 4456.48 4499.74 4516.15 4526.32 4441.17 4136.79 3945.03 3827.48 3541.89 3397.53 3256.7 3112.65 2986.23 2948.57 2971.28 2995.99 2999.74 2996.79 3007.74 3029.9 3040.85 3058.14 3083.7 3107.11 3208.7 3359.48 3489.58 3646.18 3877.62 4101.89 4306.22 4653.74 4900.25 4777.21 4594.36 4353.51 4238.44 4236.66 4213.78 4181.4 4169.13 4150.41 4134.22 4123.56 4127.95
4338.41 4291.39 4255.02 4230.91 4222.02 4243.51 4269.31 4277.88 4286.43 4299.32 4328.48 4379.63 4485.38 4498.8 4435.43 4304.58 4134.72 3964.83 3747.41 3647.19 3416.01 3204.51 3071.33 2992.05 2929.24 2924.28 2937.36 2951.98 2962.54 2973.07 2987.12 2999.56 3005.19 3017.37 3033.92 3060.75 3180.89 3249.42 3328.44 3464.72 3745.26 3994.35 4228.41 4540.78 4837.17 4900.8 4787.51 4507.28 4234.95 4230.9 4221.63 4205.39 4185.18 4170.89 4150.29 4143.17 4136.26
4322.65 4286.54 4249.14 4219.57 4202.8 4245.33 4241.65 4249.15 4273 4300.9 4328.93 4382.94 4494.59 4530.02 4399.12 4187.12 3989.36 3912.36 3711.42 3593.43 3295.96 3083.4 2966.31 2932.05 2913.04 2913.84 2921.66 2930.27 2940.08 2951 2968.11 2980.51 2990.67 2993.17 3003.04 3020.77 3106.35 3162.45 3217.61 3355.4 3630.5 3887.62 4133.6 4437.06 4762.19 4937.45 4894.64 4632.86 4234.98 4269.03 4232.08 4215.65 4190.97 4155.69 4144.38 4124.92 4127.56
4311.93 4283.61 4251.7 4223.38 4201.28 4219.34 4240.23 4235.69 4262.96 4295.06 4319.93 4362.28 4452.44 4596.07 4415.1 4177.73 3962.01 3770.66 3612.95 3426.28 3191.97 3020.46 2943.53 2910.41 2898.81 2896.8 2905.08 2915 2924.66 2935.1 2954.18 2963.34 2967.25 2973.84 2979.4 2992.5 3021.57 3075.96 3126.9 3240.94 3480.64 3743.24 4057.88 4375.94 4785.59 4910.92 4931.32 4646.04 4268.87 4240.6 4207.86 4188.28 4175.13 4159.58 4142.95 4126.45 4130.23
4278.81 4271.81 4247.68 4226.6 4217.74 4223.98 4239.61 4255.99 4270 4297.16 4329.57 4382.62 4470.02 4661.57 4398.59 4113.64 3880.76 3760.64 3556.41 3219.88 3080.92 2981.14 2929.68 2902.43 2890.49 2888.23 2897.59 2911.67 2917.16 2930.63 2949.71 2953.79 2955.74 2955.78 2960.3 2970.58 2991.1 3023.87 3071.51 3152.91 3312.48 3581.37 3977.47 4332.01 4704.27 4819.58 4825.5 4692.9 4379.08 4220.98 4179.49 4169.8 4162.54 4142.11 4139.85 4125.63 4121.47
4263.99 4251.12 4240.76 4230.93 4229.11 4261.61 4251.7 4248.36 4278.08 4313.12 4358.09 4463.97 4589.11 4600.98 4303.47 4040.89 3901.22 3739.02 3434.12 3132.95 3016.73 2949.23 2911.98 2893.22 2884.86 2883.05 2896.37 2928.79 2947.56 2961.83 2999.64 2963.33 2940.4 2940.63 2947.36 2955.36 2974.49 2998.13 3032.25 3083.79 3219.75 3493.19 3858.41 4310.36 4615.44 4712.13 4744.45 4673.06 4360.07 4237.17 4178.93 4170.26 4165.32 4151.69 4144.64 4142.65 4140.73
4284.26 4262.06 4250.9 4242.46 4238.89 4245.14 4234.67 4235.53 4272.88 4314.08 4368.05 4551.94 4741.14 4493.05 4193.72 3935.49 3831.62 3710.36 3430.55 3102.92 2990 2924.66 2894.96 2882.78 2877.35 2881.67 2894.21 2956.23 3034.94 3046.99 3000.76 2984.08 2952.73 2949.37 2944.14 2947.68 2965.19 2983.37 3005.11 3046.7 3168.88 3421.43 3730.81 4241.88 4599.45 4654.07 4701.09 4662.98 4395.08 4271.96 4182.88 4165.87 4152.48 4151.2 4145.63 4141.66 4139.78
4259.86 4257.17 4248.18 4245.23 4234.54 4217.39 4216.22 4230.8 4269.32 4301.34 4359.13 4578.12 4772.92 4517.97 4196.28 3940.69 3767.91 3682.72 3402.94 3117.08 2983.47 2906.5 2882.22 2873.13 2867.07 2875.95 2955.72 2973.58 2950.21 3003.65 3016.67 3049.12 3049.24 2983.52 2938.81 2933.89 2956.88 2977.44 2999.48 3037.48 3138.88 3292.95 3662.51 4165.31 4487.45 4644.98 4658.89 4583.86 4570.44 4336.77 4190.42 4204.82 4213.48 4182.91 4155.24 4138.26 4136.68
4253.44 4248.13 4248.04 4240.51 4235.31 4231.85 4231.12 4264.31 4282.72 4307.96 4343.66 4550.05 4765.64 4646.76 4317.02 4075.93 3745.09 3587.14 3388.93 3145.13 2988.04 2896.25 2877.74 2876.07 2859.81 2885.51 2997.62 2981.01 2907.82 3045.24 3137.95 3107.75 3022.92 2938.53 2920.22 2924.08 2949.51 2971.57 2996.82 3024.88 3146.58 3335.61 3651.6 4061.57 4472.81 4734.87 4677.62 4552.04 4560.99 4380.98 4232.44 4241.52 4352.28 4195.46 4156.83 4136.87 4121.54
4224.85 4234.75 4237.45 4236.12 4230.05 4232.53 4241.78 4279.92 4295.46 4308.69 4335.88 4489.71 4694.32 4829.73 4482.93 4090.63 3791.76 3607.91 3326.77 3115.18 2982.71 2905.54 2877.7 2870.43 2843 2820.13 2930.38 2981.94 3008.77 3129.12 3208.86 3100.34 2992.73 2918.34 2910.2 2920.53 2944.7 2962.82 3003.36 3092.69 3262.11 3474.75 3732.47 3995.42 4518.44 4814.5 4718.17 4562.79 4509.05 4369.06 4201.33 4187.58 4169.37 4153.3 4148.26 4144.08 4137.52
4221.91 4227.52 4230.4 4233.73 4232.73 4234.55 4250.45 4282.76 4296.03 4305.43 4321.16 4437.52 4571.62 4624.47 4492.71 4182.45 3854.61 3619.98 3212.09 3059.05 2971.11 2910.39 2879.98 2869.47 2843.1 2823.58 2862.42 2935.24 3041.3 3074 3082.73 3003.51 2943.65 2909.31 2912.87 2928.99 2945.78 2958.35 2969.2 3228.63 3388.56 3552.21 3740.13 4105.82 4559.27 4826.24 4716.8 4578.95 4501.86 4309.3 4194.88 4165.34 4142.12 4142.18 4144.4 4145.95 4153.62
4228.55 4229.47 4235.86 4243.67 4235.27 4230.53 4270.73 4277.5 4291.08 4303.74 4328.84 4412.74 4570.87 4689.91 4352.65 4109.1 3964.84 3605.89 3264.06 3087.95 2993.38 2922.69 2884.61 2869.92 2851.87 2844.91 2827.48 2859.85 2968.77 2959.68 2944.86 2901 2895.6 2895.29 2913.55 2943.39 2972.26 2987.75 3055.2 3286.36 3377.46 3467.95 3790.74 4225.6 4527.06 4667.11 4624.84 4503.15 4348.67 4245.7 4202 4175.17 4176.96 4166.79 4156.16 4151.44 4145.57
4224.3 4236.72 4246.83 4247.73 4245.14 4251.1 4262.81 4276.37 4285.68 4295.12 4313.17 4391.12 4523.28 4585.67 4358.11 4120.9 4082.49 3842.16 3366.8 3209.31 3071.62 2950.13 2889.79 2878.09 2853.96 2843.17 2832.78 2835.81 2855.53 2863.07 2867.13 2868.27 2880.91 2901.96 2926.35 2956.49 2990.86 2996.87 3087.83 3304.96 3431.06 3661.3 3954.41 4322.83 4487.55 4539.03 4565.09 4417.54 4268.75 4244.92 4212.17 4184.4 4164.5 4161.86 4155.18 4149.55 4145.72
4246.25 4246.38 4250.17 4262.83 4255.35 4248.79 4272.7 4274.51 4281.95 4280.15 4289.87 4348 4438.83 4456.37 4472.81 4193.64 4136.82 3997.62 3717.93 3419.56 3184.43 2994.18 2899.57 2867.02 2846.25 2842.33 2839.11 2841.52 2853.26 2862.55 2861.38 2873.6 2888.54 2904.2 2932.33 2957.39 2980.31 3018.72 3145.55 3352.3 3556.24 3882.01 3977.03 4209.16 4477.12 4707.24 4608.78 4456.95 4319.7 4229.74 4210.53 4184.82 4170.73 4154.92 4149.47 4146 4144.47
4241.99 4243.86 4249.03 4249.69 4253.87 4252.69 4247.26 4252.24 4256.34 4267.48 4277.17 4322.65 4406.06 4514.51 4557.25 4406.2 4182.02 4075.45 3917.32 3603.11 3305.79 3053.96 2923.04 2888.27 2863.84 2851.85 2838.47 2845.4 2856.28 2837.19 2864.14 2884.33 2900.11 2916.53 2940.73 2964.08 2987.94 3039.15 3261.65 3474.53 3745.78 4061.53 4154.19 4238.34 4483.38 4674.07 4621.44 4426.82 4256.48 4231.76 4191.66 4171.85 4160.96 4149.81 4146.43 4144.61 4137.89
