real_craters/C151-300m.grd
DSAA
327 327
-48.8425 48.8425
-48.8425 48.8425
8366.1766474527 10195.606260371
[rows 210 to 239 of 327, columns 134 to 200 of 327]
9895.53 9894.1 9879.16 9852.2 9819.67 9781.74 9741.92 9705.2 9684.01 9667.77 9649.42 9629.53 9606.4 9582.44 9559.39 9536.89 9530.76 9528.91 9523.77 9506.9 9494.7 9496.1 9490.04 9483.94 9480.77 9480.27 9483.7 9491.11 9481.87 9408.33 9373.12 9375.69 9407.52 9452.53 9452.17 9452.85 9432.51 9396.96 9387.83 9379.01 9389.03 9413.7 9437.32 9454.64 9464.67 9465.9 9457.75 9465.12 9489.7 9537.05 9589.39 9640.91 9690.98 9740.48 9790.45 9838.71 9879.36 9881.09 9868.12 9860.55 9854.06 9846.22 9837.48 9826.38 9814 9800.38 9781.16
9842.84 9849.14 9844.56 9826.51 9801.67 9772.62 9742.95 9717.66 9693.3 9671.75 9653.1 9632.64 9611.75 9590.23 9570.61 9551.9 9539.73 9529.51 9515.7 9494.53 9479.33 9482.73 9483.13 9479.86 9474.85 9468.07 9456.11 9433.8 9385.07 9351.65 9344.91 9346.25 9360.64 9387.64 9408.12 9435.19 9429.09 9399.23 9374.39 9365.41 9378.68 9403.65 9428.82 9450.98 9467.06 9477.19 9481.32 9498.6 9527.86 9567.79 9614.13 9662.07 9710.7 9760.67 9812.12 9862.51 9894.79 9860.89 9844.03 9837.15 9831.34 9824.19 9815.4 9805.26 9793.78 9779.85 9766.77
9813.41 9822.14 9819.15 9808.06 9790.21 9767.57 9745.52 9723.42 9702.03 9680.73 9660.83 9640.53 9621.15 9601.07 9584.7 9567.75 9551.85 9537.73 9523.5 9507.73 9486.87 9482.42 9480.78 9476.44 9467.7 9455.2 9432.97 9402.18 9364 9349.68 9347.47 9347.09 9351.04 9356.78 9367.58 9381.66 9375.35 9369.26 9363.47 9361.91 9378.43 9404.01 9431.82 9457.81 9481.65 9503.99 9528.4 9555.32 9577.25 9608.2 9644.23 9684.36 9727.33 9772.72 9820.38 9863.37 9867.46 9823.12 9815.6 9814.2 9810.33 9804.32 9796.3 9786.65 9773.57 9761.76 9749.69
9800.87 9808.88 9806.88 9799.47 9785.42 9768.72 9750.28 9732.47 9713.22 9692.71 9673.86 9655.69 9636.23 9616.52 9597.92 9579.5 9563.25 9550.75 9540.65 9531.23 9503.75 9491.69 9485.58 9478.52 9466.05 9447.33 9423.02 9392.12 9369.79 9359.29 9353.69 9351.92 9354.06 9357.48 9359.34 9357.92 9352.91 9354.96 9358.94 9367.05 9385.62 9411.39 9441.09 9472.93 9503.64 9534.53 9565.71 9594.81 9622.29 9647.73 9671.49 9700.85 9735.93 9773.51 9811.02 9843.6 9834.29 9794.59 9794.23 9794.6 9791.42 9785.1 9776.72 9768.32 9758.01 9746.49 9735.15
9800.34 9801.69 9796.7 9794.36 9784.98 9770.71 9754.42 9735.71 9718.22 9704.15 9690.14 9674.05 9655.86 9635.47 9614.92 9592.18 9575.13 9565.54 9559.69 9553.03 9521 9509.25 9500.75 9489.86 9473.56 9449.18 9424.28 9396.03 9376.51 9365.79 9359.9 9355.82 9357.5 9361.6 9362.18 9359.95 9360.03 9359.01 9362.19 9373.24 9396.73 9425.84 9458.36 9492.68 9528.01 9564.99 9603.28 9638.96 9661.4 9676.6 9689.42 9711.1 9737.52 9765.52 9791.43 9810.72 9802.43 9782.5 9783.27 9782.19 9775.73 9768.31 9759.63 9752.24 9742.44 9732.21 9721.93
9803.43 9802.78 9798.83 9793.99 9786.33 9776.57 9762.2 9743.02 9725.64 9719.92 9710.32 9697.37 9680.42 9659.71 9636.9 9608.77 9587.82 9583.39 9579.94 9574.49 9558.85 9539.8 9523.34 9507.95 9488.88 9464.89 9438.03 9409.02 9384.63 9369 9365.45 9363.48 9364.32 9369.32 9369.42 9367.88 9367.81 9367.8 9371.85 9384.82 9411.87 9444.13 9480.79 9517.05 9553.66 9592.28 9632.65 9674.09 9678.66 9680.49 9696.46 9715.04 9734.96 9754.08 9769.27 9777.11 9782.25 9786.05 9781.05 9771.68 9760.93 9750.13 9742.66 9733.16 9723.84 9714.67 9705.76
9802.87 9803.32 9800.96 9799.48 9794.56 9787.14 9776.77 9763 9748.85 9744.49 9735.99 9724.19 9708.79 9689.54 9666.91 9639.13 9616.02 9611.77 9605.57 9597.26 9587.52 9568.39 9549.67 9533.83 9516.31 9493.69 9466.31 9431.85 9400.84 9376.82 9372.29 9375.87 9376.66 9379.73 9380.29 9379.42 9378.29 9381.76 9387.16 9403.14 9433.53 9467.81 9504.32 9540.72 9576.79 9612.84 9646.15 9670.87 9683.16 9687.63 9700.83 9714.31 9728.19 9741.32 9751.41 9754.57 9774.13 9796.48 9780.8 9762.59 9747.26 9734.17 9722.69 9712.38 9704.46 9696 9688.03
9801.22 9804.78 9805.93 9806.37 9805.11 9802.14 9797.81 9791.39 9785.75 9776.36 9768.22 9756.56 9741.67 9724.61 9705.92 9685.82 9666.56 9655.82 9639.84 9620.49 9604.84 9589.39 9576.18 9564.14 9551.38 9533.64 9509.62 9469.13 9434.32 9397.91 9387.7 9399.01 9393.13 9393.85 9396.54 9399.34 9402.2 9406.55 9411.77 9429.92 9462.23 9496.87 9531.27 9565.73 9599.45 9631.31 9658.53 9677.59 9693.66 9704.96 9705.39 9711.85 9720.3 9729.24 9739.06 9755.18 9766.21 9778.31 9767.56 9749.92 9734.67 9722.02 9710.92 9701.24 9692.34 9684.47 9677.32
9801.47 9808.34 9811.74 9814.18 9818.37 9820.58 9822.63 9820.57 9811.49 9811.67 9803.96 9791.15 9776.04 9761.81 9749.38 9740.07 9731.69 9713.99 9686.15 9655.08 9629.78 9612.64 9606.22 9598.09 9588.3 9579.52 9568.14 9553.95 9496.92 9442.01 9427.02 9420 9415.68 9413.98 9419.85 9426.68 9435.33 9441.27 9448.12 9467.25 9497.45 9529.61 9561.07 9591.26 9621.23 9649 9673.69 9694.23 9706.27 9710.79 9704.09 9706.67 9712.42 9717.78 9722.25 9731.49 9740.03 9747.46 9742.45 9730.18 9718.36 9707.61 9697.99 9689.54 9682.08 9675.16 9669.19
9806.42 9812.45 9817.34 9822.77 9831.04 9837.82 9846.42 9854.65 9860.84 9857.14 9841.54 9824.08 9807.99 9795.84 9788.72 9787.81 9791.39 9772.66 9742.57 9709.4 9676.68 9653.95 9643.12 9633.71 9625.33 9619.25 9617.34 9613 9558.33 9499.13 9471.77 9450.78 9449.39 9445.27 9451.42 9459.1 9469.18 9480.28 9491.51 9511.95 9538.44 9566.27 9593.93 9620.48 9645.17 9668.44 9689.38 9706.57 9712.14 9704.08 9695.49 9700.92 9707.58 9710.52 9706.6 9695.66 9711.45 9717.44 9714.25 9706.56 9698.83 9691.59 9684.91 9678.74 9672.83 9667.12 9661.25
9812.61 9817.67 9823.84 9831.13 9840.03 9850.16 9864.22 9881.45 9903.3 9897.76 9872.14 9850.62 9833.37 9821.26 9815.63 9816.78 9821.92 9813.39 9795.69 9768.06 9731.66 9703.56 9684.26 9670.57 9659.83 9651.09 9643.8 9632.56 9604.47 9566.11 9521.91 9488.21 9485.83 9491.07 9491.6 9497.41 9510.75 9527.8 9543.21 9562.74 9584.94 9607.5 9629.81 9650.76 9670.67 9688.37 9703.76 9716.07 9715.74 9693.65 9686.72 9700.33 9710.38 9714.16 9709.96 9701.25 9698.06 9692.87 9687.26 9683.54 9680.33 9676.78 9672.34 9668.3 9664.02 9659.63 9655.34
9820.7 9821.18 9825.31 9832.13 9841.24 9854.6 9871.1 9890.27 9908.71 9906.65 9884.91 9865.12 9848.89 9837.32 9830.67 9829.04 9831 9833.22 9834.22 9813.33 9775.78 9744.57 9722.2 9705.37 9690.31 9676.02 9661.85 9651.06 9644.01 9628.43 9559.7 9531.64 9529.98 9533.03 9534.63 9536.27 9555.17 9580.9 9601.38 9618 9634.59 9651.23 9666.64 9681.27 9694.79 9706.69 9716.38 9722.69 9720.05 9699.65 9696.01 9712.04 9721.56 9727.15 9727.86 9717.04 9697.01 9676.86 9664.7 9663.97 9664.31 9663.9 9662.22 9659.88 9658.07 9653.94 9650.23
9825.43 9822.44 9824.97 9832.1 9839.53 9853.05 9867.22 9882.82 9893.43 9891.83 9882.12 9867.69 9854.5 9843.87 9835.37 9828.98 9824.68 9829.74 9847.96 9836.61 9804.85 9775.39 9756.49 9739.97 9721.64 9702.11 9681.53 9672.63 9677.02 9677.97 9604.35 9575.81 9576.64 9577.36 9580.75 9580.67 9605.18 9634.03 9657.09 9674.02 9685.75 9695.94 9705.06 9714.26 9720.78 9726.63 9730.1 9730.81 9727.47 9730.96 9735.59 9734.98 9736.46 9740.72 9747.78 9734.78 9698.83 9669.15 9651.45 9650.32 9652.25 9653.58 9654.25 9653.45 9651.54 9648.6 9645.46
9815.37 9815.68 9818.85 9825.08 9833.23 9845.01 9857.12 9868.96 9879.01 9884.12 9871.67 9861.94 9852.49 9843.1 9834.67 9824.29 9813.09 9812.24 9835.46 9837.64 9823.7 9805.93 9791.6 9776.24 9756.9 9734.24 9707.95 9699.83 9704.63 9693.04 9646.75 9631.17 9631.47 9628.41 9635.02 9638.69 9671.53 9704.71 9724.49 9733.59 9738.03 9740.61 9743.05 9745.73 9747.74 9747.6 9746.49 9743.47 9742.02 9755.37 9769.45 9752.56 9746.2 9744.59 9743.13 9726.5 9695.08 9665.49 9644.95 9643.24 9645.03 9646.6 9647.63 9647.24 9645.82 9643.48 9640.7
9802.1 9806.01 9811.02 9816.77 9825.13 9834.39 9843.8 9852.76 9856.1 9849.11 9854.34 9852.39 9846.29 9838.59 9832.03 9823.71 9814.66 9808.17 9818.4 9836.39 9842.55 9838.29 9831.24 9818.49 9799.44 9776.46 9750.68 9742.05 9742.41 9732.23 9709.95 9698.64 9688.8 9684.44 9695.35 9704.79 9747.56 9795.67 9799.58 9792.9 9786.78 9782.02 9777.6 9775.52 9773.06 9768.93 9764.83 9758.83 9752.41 9757.67 9756.82 9755.36 9748.34 9740.05 9728.27 9711.41 9688.15 9665.1 9647.81 9643.54 9642.36 9642.6 9642.38 9641.58 9640.68 9638.52 9635.99
9790.67 9794.45 9800.63 9807.77 9814.37 9822.7 9830.78 9837.05 9839.35 9837.83 9842 9842.69 9838.15 9833.87 9829.3 9826.7 9829.09 9834.9 9833.51 9851.9 9868.61 9878.34 9878.62 9865.84 9847.35 9827.31 9809.83 9796.64 9790.4 9789.46 9775.13 9764.4 9739.55 9736.71 9753.05 9773.11 9809.72 9851.55 9852.89 9840.01 9826.77 9815.79 9806.61 9800.41 9794.86 9789.12 9784.36 9777.78 9770.36 9768.81 9764.8 9760.54 9748.41 9733.13 9719.59 9700.25 9681.67 9666.67 9655.97 9647.76 9643.52 9641.95 9640.65 9639.37 9637.88 9635.45 9632.64
9780.62 9782.7 9789.2 9796.02 9803.04 9810.77 9817.49 9824.01 9829.73 9834.95 9835.66 9833.75 9828.36 9826.04 9825.83 9827.33 9836.8 9855.68 9865.86 9873.74 9894.29 9921.39 9930.36 9910.75 9893.49 9877.57 9862.56 9849.32 9835.83 9820.77 9818.08 9807.74 9786.71 9778.99 9800.27 9819.27 9849.34 9879.26 9885.54 9872.51 9856.62 9840.2 9826.54 9816.41 9809.02 9805.43 9802.32 9799.38 9795.22 9793.24 9790.88 9773.6 9748.94 9723.95 9700.92 9688.53 9676.24 9665.94 9655.92 9649.5 9645.45 9642.42 9639.64 9637.02 9635.34 9632.48 9630.21
9763.26 9768.92 9776.78 9784.71 9792.27 9799.58 9804.93 9810.81 9818.04 9828.96 9826.12 9821.9 9817.89 9817.11 9817.77 9821.68 9828.03 9836.28 9853.2 9877.33 9904.67 9931.87 9942.76 9940.58 9932.22 9921.91 9910.91 9899.9 9884.41 9864.36 9853.96 9848.68 9827.07 9818.95 9835.79 9853.25 9874.73 9890.11 9901.23 9890.7 9872.56 9855.05 9840.45 9829.08 9818.88 9815.44 9815.42 9818.17 9821.78 9821.68 9811.45 9782.28 9747.39 9715.36 9690.31 9680.9 9673.6 9666.8 9658.83 9653.87 9649 9643.96 9639.21 9635.99 9632.39 9629.21 9626.88
9748.25 9757.07 9765.59 9772.68 9780.3 9785.56 9790.19 9794.95 9799.24 9800.9 9802.01 9804.63 9807.24 9804.75 9807.44 9812.38 9817.08 9821.28 9839.84 9871.3 9903.2 9930.66 9950.13 9960.97 9962.63 9960.13 9954.54 9949.42 9939.65 9919.59 9891.84 9873.27 9865.35 9864.71 9875.88 9888.83 9900.68 9906.5 9916.08 9904.22 9879.45 9859.4 9843.54 9832.93 9825.1 9820.51 9821.93 9829.22 9842.28 9847.02 9813.3 9777.07 9742.27 9709.83 9685.38 9679.8 9675.64 9671.71 9668.69 9663.54 9654.32 9646.14 9639.61 9635.26 9631 9627.14 9625.11
9744.72 9750.99 9757.79 9764.44 9768.98 9773.26 9775.73 9777.65 9779.59 9779.54 9781.19 9786.49 9792.19 9792.31 9797.79 9803.55 9810.74 9818.05 9833.69 9862.8 9896.58 9932.14 9963.43 9975.09 9982.58 9991.14 9994.35 9990.18 9987.67 9967.61 9927.09 9902.51 9905.22 9910.43 9917.31 9924.89 9928.81 9933.49 9931.54 9903.88 9879.08 9859.11 9839.41 9829.59 9821.82 9818.21 9818.96 9824.44 9832.49 9834.73 9798.33 9763.57 9735.47 9711.52 9693.92 9685.36 9680.71 9677.2 9676.43 9671.69 9658.09 9647.66 9640.11 9634.85 9630.87 9628.27 9625.23
9742.29 9747.55 9753.39 9757.3 9760.02 9762.44 9763.63 9763.06 9762.72 9762.79 9764.51 9769.62 9777.24 9779.25 9786.58 9794.97 9806.04 9817.91 9827.21 9849.15 9880.75 9918.7 9956.43 9970.26 9982.62 10002.6 10012.9 10008.4 10004.8 9985.61 9951.08 9929.37 9941.55 9956.39 9958.72 9952.16 9940.25 9932.57 9913.15 9887.15 9862.42 9843.77 9829.75 9820.82 9811.11 9807.83 9806.48 9806.13 9801.54 9787.1 9764.61 9738.9 9731.8 9716.5 9703.13 9694.25 9687 9680.54 9674.86 9666.31 9656.25 9647.57 9640.42 9634.86 9630.62 9627.35 9624.5
9739.75 9745.95 9750.01 9751.98 9753.92 9753.53 9752.93 9751.53 9749.5 9746.35 9745.57 9753.63 9762.55 9771.3 9775.35 9784.12 9795.24 9807.28 9808.77 9825.54 9852.1 9884.71 9919.69 9936.78 9954.91 9979.04 9993.84 9997.29 10001.2 9987.34 9967.76 9954.92 9957.41 9975.42 9986.42 9950.3 9923.7 9902.79 9877.44 9856.75 9838.76 9824.56 9811.73 9803.65 9797.9 9794.13 9790.41 9783.64 9773.55 9756.32 9750.15 9747.23 9741.24 9729.44 9716.86 9705.38 9694.49 9683.3 9671.46 9658.87 9652.91 9646.44 9640.1 9635.02 9630.07 9626.43 9623.46
9741.34 9747.1 9748.29 9748.05 9748.12 9746.46 9745.11 9742.93 9739.36 9735.41 9734.11 9741.16 9750.51 9759.01 9763.34 9769.83 9777.77 9784.75 9781.22 9795.19 9814.88 9834.99 9852.72 9874.28 9903.84 9935.21 9952.15 9960.32 9965.01 9962.42 9960.13 9945.46 9931.71 9928.11 9931.03 9903.01 9887.15 9866.85 9839.29 9820.83 9809.52 9800.93 9794.26 9788.47 9783.78 9778.22 9773.7 9766.13 9755.69 9742.71 9747.67 9763.66 9756.59 9744.7 9732.02 9717.5 9702.65 9687.94 9673.74 9661.32 9653.07 9646.43 9640.38 9635.39 9630.72 9625.87 9622.47
9746.2 9746.33 9745.3 9744.03 9743.55 9742.1 9739.97 9737.39 9734.06 9729.49 9725.45 9733.24 9741.37 9747.98 9753.19 9755.38 9757.32 9755.06 9755.51 9766.68 9778.81 9787.09 9789.81 9809.72 9844.73 9873.7 9897.34 9910.09 9914.08 9916.41 9909.62 9884.03 9879.95 9865.72 9856.76 9846.02 9847.57 9830.74 9800.85 9785.42 9780.14 9776.03 9773.34 9769.98 9767.02 9763.97 9761.01 9754.27 9746.88 9739.86 9746.07 9761.31 9764.18 9761.53 9746.47 9728.47 9710.6 9693.38 9677.68 9663.38 9653.75 9647.21 9641.54 9636.03 9630.38 9625.65 9622.92
9741.42 9741.19 9741.28 9740.68 9740.08 9738.73 9736.64 9734.64 9732.05 9729.75 9728.61 9732.7 9736.95 9740.22 9742.75 9743.83 9743.52 9741.39 9741.01 9746.74 9752.78 9754.91 9754.39 9768.24 9797.53 9823.22 9847.46 9862.53 9868.47 9869.19 9857.13 9832.49 9830.26 9829.9 9824.41 9821.83 9816.43 9798.34 9772.2 9757.8 9755.07 9752.66 9753.81 9752.18 9751.72 9749.84 9747.21 9743.64 9741.57 9742.36 9745.42 9747.1 9761.11 9769.14 9755.14 9735.62 9716.52 9698.05 9681.51 9666.06 9655.77 9647.99 9640.75 9635.11 9630.06 9625.78 9621.23
9732.68 9736.24 9738.48 9739.4 9738.13 9736.79 9735.13 9733.1 9731.59 9732.22 9737.08 9736.05 9733.78 9733.73 9734.36 9734.92 9734.88 9734.04 9733.27 9736.13 9738.57 9738.21 9737.33 9746.06 9768.7 9791.11 9814.32 9828.2 9831.39 9835.49 9821.47 9797.7 9797.8 9815.43 9823.69 9811.1 9790.16 9770.6 9749.99 9736.65 9733.04 9732.9 9734.74 9735.74 9736.52 9735.67 9735.03 9733.52 9734.35 9736 9738.13 9743.29 9757.94 9768.9 9755.83 9736.69 9717.4 9699.55 9683.96 9671.87 9659.68 9648.23 9639.59 9632.94 9628.21 9623.69 9620.12
9726.41 9735.59 9738.01 9738.47 9737.82 9736.14 9733.42 9731.35 9729.9 9730.17 9731.46 9730.34 9728.15 9726.97 9726.64 9727.31 9728.42 9730.37 9732.49 9734.46 9733.88 9731.76 9730.72 9737.31 9756.26 9775.86 9795.44 9812.95 9822.82 9820.61 9808.8 9786.69 9786.07 9798.38 9815.69 9794.76 9765.74 9748.05 9729.27 9716.19 9715.38 9717.46 9718.93 9721.07 9722.91 9724.29 9725.46 9726.41 9727.72 9728.63 9728.01 9736.16 9751.06 9763.66 9748.37 9731.02 9713.49 9696.92 9681.48 9669.15 9656.02 9644.9 9636.28 9629.85 9625.16 9620.57 9617.88
9729.68 9736.61 9739.08 9738.51 9736.83 9734.38 9731.69 9729.05 9726.85 9725.53 9723.56 9721.89 9720.53 9719.52 9719.28 9720.16 9721.85 9727.02 9735.35 9738.49 9733.82 9730.66 9730.95 9736.97 9754.06 9770.07 9781.02 9796.97 9809.43 9811.27 9801.29 9784.91 9780.31 9784.28 9783.71 9762.9 9745.57 9732.54 9715.68 9703.07 9703.47 9706.72 9709.77 9712.99 9716.24 9718.83 9721.19 9723.47 9725.37 9727.43 9729.27 9728.58 9731.8 9735.79 9733 9720.94 9706.1 9691.2 9675.63 9660.43 9647.02 9638.26 9630.62 9625.4 9621.14 9618.41 9615.75
9740.32 9742.4 9741.45 9738.8 9735.75 9732.12 9728.77 9725.32 9722.24 9719.58 9716.84 9714.53 9712.72 9711.87 9711.96 9713.26 9715.83 9722.14 9732.45 9736.99 9731.2 9729.4 9732.88 9742.41 9749.66 9756.47 9761.54 9767.8 9783.57 9802.34 9797.98 9776.76 9771.16 9765.99 9751.02 9744.49 9738.06 9724.71 9709.36 9698.09 9697.97 9701.42 9705.29 9708.9 9713.12 9716.6 9720.03 9722.8 9725.4 9727.59 9727.16 9723.45 9719.99 9720.43 9719.86 9711.4 9697.17 9682.1 9666.87 9652.81 9641.56 9631.08 9623.68 9618.9 9616.07 9614.38 9612.84
9749.07 9748.32 9744.85 9740.03 9735.41 9731.21 9726.73 9722.48 9718.07 9714.18 9709.99 9706.86 9705.02 9704.45 9704.86 9706.17 9708.55 9713.24 9718.96 9721.99 9722.35 9724.02 9729.39 9737.35 9738.97 9741.1 9743.17 9740.47 9757.29 9776.79 9765.84 9759.5 9762.81 9759.35 9748.11 9746.16 9737.99 9721 9707.31 9697.67 9697.35 9699.35 9702.13 9705.42 9709.27 9712.46 9719.53 9723.05 9726.21 9728.59 9728.47 9724.88 9720.73 9718.59 9710.84 9699.96 9687.02 9672.21 9657 9642.37 9629.49 9620.56 9615.34 9612.22 9611.56 9610.69 9610.16
