real_craters/C152-300m.grd
DSAA
332 332
-49.595 49.595
-49.595 49.595
8298.4834918739 9811.7846557573
[rows 150 to 179 of 332, columns 201 to 267 of 332]
9244.77 9334.71 9431.53 9527.79 9619.57 9695.31 9727.61 9738.03 9725.77 9682.31 9602.88 9509.91 9466.62 9448.37 9434.23 9427.45 9420.91 9413.16 9408.29 9408.83 9412.31 9416.5 9420.34 9425.52 9432.11 9440.79 9451.92 9461.38 9462.79 9459.4 9463.46 9466.4 9467.45 9466.8 9462.4 9460.54 9460.16 9462.49 9467.24 9473.58 9481.53 9490.51 9500.92 9511.87 9523.84 9537.26 9552.02 9569.29 9591.69 9630.16 9626.62 9569.58 9497.66 9425.77 9352.64 9273.18 9196.28 9121.36 9047.6 8976.98 8906.62 8840.92 8782.88 8740.03 8723.05 8756.03 8820.97
9213.94 9300.01 9395.91 9494.8 9590.86 9674.12 9722.48 9753.01 9765.27 9739.47 9659.26 9549.81 9489.94 9460.17 9438.17 9426.83 9418.32 9408.56 9399.11 9405.12 9409.95 9414.6 9419.42 9423.62 9429.41 9436.54 9445.81 9460.61 9466 9464.11 9467.77 9469.87 9469.84 9465.55 9462.18 9458.81 9458.55 9460.1 9464.36 9470.26 9477.89 9486.26 9495.59 9505.49 9516.28 9527.44 9539.07 9550.89 9562.41 9575.86 9565.31 9530.38 9469.5 9399.88 9329.32 9255.96 9180.04 9107.56 9034.32 8964.36 8894.09 8829.25 8773.81 8740.97 8735.84 8760.15 8822.95
9157 9252.43 9353.05 9454.45 9551.01 9633.53 9703.41 9757.28 9791.82 9781 9698.22 9602.96 9531.79 9485.32 9453.76 9437.76 9426.37 9416.31 9410.17 9409.79 9412.36 9416.28 9420.23 9424.29 9428.19 9432.54 9436.77 9458.44 9472.86 9474.31 9476.78 9478.63 9474.04 9467.7 9462.08 9456.45 9453.69 9455.98 9461.11 9467.11 9474.21 9481.95 9490.27 9498.98 9508.05 9517.17 9526.05 9533.06 9536.94 9541.68 9529.39 9496.9 9441.42 9379.52 9311.77 9243.43 9169.8 9098.72 9024.93 8955.28 8885.39 8820.58 8763.91 8729.14 8726.82 8757.92 8822.5
9092.2 9196.96 9303.85 9409.26 9509.15 9597.8 9680.1 9747.63 9798.66 9811.78 9732.63 9643.85 9568.82 9513.48 9476.53 9457.32 9442.65 9430.75 9422.28 9418.65 9418.31 9419.97 9422.51 9426.43 9430.28 9435.39 9444.16 9460.74 9472.86 9479.73 9482.33 9480.45 9476.29 9469.16 9462.14 9454.99 9448.76 9452.24 9457.96 9464.01 9470.39 9477.13 9484.27 9491.84 9499.66 9507.23 9514.46 9519.38 9522.92 9529.24 9515.63 9475.96 9418.9 9359.73 9300.09 9232.41 9165.36 9093.31 9024.69 8950.88 8884.73 8817.35 8758.45 8715.2 8714.97 8752.35 8817.48
9035.01 9143.47 9253.28 9361.58 9465.46 9565.57 9651.25 9721.32 9776.07 9799.31 9739.16 9655.38 9585.55 9539.52 9506.16 9483.1 9463.55 9447.83 9436.51 9429.4 9426.35 9426.46 9427.89 9430.64 9434.07 9439.84 9450.45 9460.25 9465.91 9475.05 9480.81 9481.34 9477.12 9470.15 9463.35 9457.04 9452.46 9453.56 9457.05 9461.71 9466.86 9472.55 9478.67 9484.92 9491.66 9498.21 9504.67 9510.29 9517.51 9529.16 9508.47 9461.89 9403.75 9345.87 9290.24 9224.49 9162.22 9093.06 9028.37 8957.89 8891.47 8824.76 8763.65 8718.3 8718.78 8753.81 8810.57
8987.56 9094.62 9204.9 9313.98 9418.33 9517.07 9605.36 9682.16 9735.56 9746.62 9713.57 9648.64 9589.37 9564.84 9540.96 9510.87 9485.99 9465.46 9449.66 9439.39 9435.38 9434.11 9434.39 9435.77 9438.51 9442.18 9447.26 9449.98 9458.18 9467.47 9476.5 9480.3 9476.93 9470.34 9464.63 9459.98 9457.03 9456.13 9457.16 9460.19 9464.05 9468.41 9473.29 9478.29 9483.4 9489.07 9495.42 9502.24 9525.21 9523.42 9493.61 9450.47 9393.98 9337.97 9282.54 9219.07 9160.07 9095.54 9032.6 8966.78 8903.15 8840.64 8783.3 8740.76 8738.93 8763.98 8810.45
8946.17 9050.36 9158.9 9267.56 9370.71 9468.71 9558.74 9644.1 9703.01 9717.89 9694.03 9643.4 9590.03 9582.95 9565.77 9535.35 9507.39 9483.33 9462.74 9449.42 9444.81 9442.16 9441.86 9442.44 9443.84 9444.71 9445.58 9444.75 9449.04 9464.09 9475.77 9478.17 9475.88 9470.53 9465.3 9461.12 9458.65 9456.87 9456.81 9458.65 9460.79 9464.22 9467.4 9470.93 9475.09 9479.75 9485.33 9491.83 9512.2 9507.72 9476.6 9436.43 9385.27 9333.19 9277.44 9225.39 9165.17 9099.56 9038.94 8977.1 8919.48 8863.96 8814.73 8780.29 8770.78 8781.36 8814.39
8909.7 9011.31 9117.49 9223.48 9327.51 9428.42 9525.3 9613.47 9685.18 9718.34 9698.15 9657.76 9614.06 9601.32 9583.56 9555.44 9527.17 9501.14 9478.79 9463.12 9456.21 9452.86 9451.17 9451.72 9452.06 9451.81 9450.73 9448.42 9457.39 9468.05 9476.72 9477.36 9475.17 9470.63 9465 9458.81 9456.31 9456.72 9456.53 9457.24 9458.48 9460.05 9462.02 9464.24 9466.93 9469.93 9473.83 9478.67 9494.72 9488.15 9457.64 9421.53 9376.45 9331.25 9280.64 9228.23 9176.3 9118.68 9055.81 8995.97 8939.64 8890.37 8848.85 8820.22 8804.15 8818.17 8823.95
8876.18 8978.66 9082.65 9186.37 9288.51 9387.48 9483.43 9584.6 9672.73 9728.34 9716.83 9680.73 9645.33 9628.18 9603.39 9574.53 9546.45 9519.46 9496.73 9480.84 9469.47 9463.18 9460.67 9460.73 9462.39 9462.98 9460.82 9457.23 9462.26 9469.52 9474.92 9476.27 9474.66 9471.09 9466.4 9459.87 9456.41 9457.52 9457.25 9456.97 9456.92 9457.19 9457.95 9458.53 9459.79 9461.01 9462.56 9464.54 9474.47 9467.67 9439.14 9408.03 9371.71 9332.32 9287.09 9240.4 9189.18 9135.14 9076.89 9021.53 8966.82 8918.46 8880.3 8853.06 8834.47 8842.28 8840
8849.71 8951.73 9054.53 9155.22 9253.99 9350.93 9448.72 9555.86 9654.8 9718.96 9721.95 9698.36 9665.71 9638.27 9619.14 9592.19 9563.19 9535.64 9512.33 9495.26 9480.47 9472.12 9469.01 9469.82 9471.9 9475.25 9478.56 9471.88 9468.87 9472.1 9476.99 9476.25 9474.11 9472.05 9469.91 9468.04 9464.47 9461.54 9459.45 9457.97 9457.08 9456.22 9455.56 9454.95 9454.49 9453.78 9452.9 9451.5 9452.92 9446.02 9423.08 9395.67 9370.33 9334.07 9295.21 9251.51 9205.12 9155.41 9104.02 9047.58 8996 8946.07 8905.17 8876.64 8863.17 8869.98 8864.46
8836.29 8934.16 9032.49 9129.39 9224.95 9318.62 9414.89 9530.2 9636.88 9702.51 9722.22 9707.26 9693.39 9666.91 9638.5 9607.84 9576.66 9547.79 9521.96 9501.41 9486.96 9478.28 9475.19 9475.77 9479.3 9484.38 9488.53 9481.95 9474.62 9474.93 9480.31 9474.09 9472.05 9471.53 9471.78 9472.05 9468.94 9464.61 9460.94 9458.43 9456.3 9454.35 9452.86 9451 9449.01 9446.84 9444.53 9442.32 9444.14 9435.64 9412.7 9396.38 9371.03 9340.33 9305.51 9267.59 9225.27 9179.37 9131.76 9078.74 9027.7 8975.48 8931.81 8904.35 8894.6 8903.28 8896.99
8836.28 8926.03 9017.17 9109.17 9200 9291.92 9392.9 9511.02 9631.04 9691.98 9688.05 9704.61 9711.06 9695.82 9658.38 9621.57 9586.71 9555.45 9526.88 9503.29 9489.35 9482.09 9479.46 9479.76 9482.64 9487.34 9489.79 9479.87 9473.19 9472.81 9473.23 9468.82 9467.63 9468.49 9470.43 9471.34 9469.17 9464.94 9461.15 9457.92 9455.23 9452.75 9450.33 9447.67 9444.74 9441.53 9438.33 9436 9437.14 9428.96 9406.98 9395.12 9373.24 9347.87 9318.24 9285.04 9246.48 9206.79 9163.1 9115.39 9066.38 9011.86 8959.84 8936.7 8935.91 8946.09 8939.65
8845.93 8926.3 9010.45 9094.97 9180.86 9267.6 9362.91 9482.6 9620.44 9684.51 9678.17 9708.56 9730.02 9711.62 9669.54 9629.29 9592.47 9559.46 9529.56 9503.52 9489.65 9484.46 9482.17 9482.16 9482.76 9484.43 9482.6 9471.95 9467.49 9470.2 9468.53 9462.53 9460.08 9462.65 9466.88 9469.8 9467.37 9463.35 9459.67 9456.45 9453.46 9450.51 9447.67 9444.59 9441.16 9437.25 9433.43 9435.73 9431.01 9420.39 9403.85 9396.31 9378.14 9357.64 9333.05 9305.19 9271.52 9237.27 9198.71 9157.38 9114.79 9068.12 9015.9 8995.96 8994.45 9000.66 8992.25
8858.19 8930.95 9008.42 9087.39 9168.48 9248.61 9335.58 9447.23 9583.06 9667.3 9696.58 9733.23 9752.13 9716.98 9669.28 9628.62 9593.12 9561.95 9532.93 9506.44 9492.25 9487.09 9483.84 9481.41 9480.21 9478.1 9473.44 9463.26 9459.28 9462.17 9455.57 9446.39 9448.29 9453.5 9460.13 9465.29 9462.96 9459.73 9457.03 9454.56 9452.19 9449.87 9447.33 9444.2 9440.62 9436.46 9431.29 9429.9 9423.47 9415.17 9403.56 9397.74 9387.09 9369.79 9350.69 9328.23 9301.13 9270.86 9238.46 9205.93 9172.48 9142.59 9118 9085.73 9066.83 9065.38 9053.35
8870.6 8938.29 9010.79 9085.04 9162.07 9238.73 9322.46 9426.3 9558.44 9669.1 9747.3 9772.01 9755.98 9702.16 9655.8 9621.15 9590.77 9563.52 9538.09 9513.97 9499.91 9492.81 9486 9480.73 9476.24 9471.04 9464.33 9455.52 9450.61 9451.91 9442.98 9431.53 9436.84 9443.4 9448.51 9453.22 9454.88 9454.66 9453.64 9452.49 9450.93 9449.41 9447.47 9445.1 9442.1 9438 9432.75 9427.77 9420.84 9415.09 9407.49 9406.06 9398.82 9384.21 9369.89 9352.7 9331.17 9309.7 9284.76 9258.1 9231.99 9210.99 9196.53 9165.42 9141.78 9134.75 9119.76
8881.87 8945.18 9014.62 9086.98 9161.67 9237.84 9321.64 9423.13 9557.09 9678.75 9779.74 9794.32 9727.63 9666.91 9635 9611.28 9587.14 9563.34 9542.37 9527.6 9518.37 9499.03 9487.18 9479.4 9473.78 9467.72 9461 9453.87 9448.63 9445.41 9436.08 9427.75 9431.4 9436.73 9440.35 9442.91 9447.47 9448.93 9449.61 9449.78 9449.47 9448.86 9448.09 9447.05 9445.04 9442.13 9438.23 9435 9430.54 9421.9 9415.76 9417.12 9409.48 9401.14 9390.39 9378.73 9365.65 9348.19 9330.92 9312.65 9288.63 9262.08 9240.2 9226.02 9219.6 9204.18 9187.97
8890.74 8953.18 9020.19 9090.31 9164.63 9242.03 9324.51 9422.97 9552.68 9676.33 9777.46 9792.17 9706.73 9649.82 9627.33 9607.11 9584.81 9562.32 9543.09 9527.88 9516.15 9497.97 9485.24 9477.16 9471.81 9468.44 9462.65 9456.43 9451.25 9444 9435.67 9431.39 9431.5 9433.75 9438.22 9441.23 9442.41 9444.25 9446.01 9447.21 9448.37 9449.16 9449.69 9449.84 9449.53 9448.38 9446.36 9443.98 9440.88 9432.36 9426.68 9430.23 9425.09 9418.68 9411.97 9406.02 9399.08 9388.84 9380.52 9369.98 9351.32 9316.89 9288.65 9289.58 9289.05 9274.06 9256.54
8898.03 8961.25 9027.38 9097.5 9169.54 9246.16 9326.63 9418.87 9542.95 9661.75 9762.01 9791.24 9714.93 9669.57 9639.97 9609.86 9583.3 9559.37 9538.33 9519.23 9501.41 9489.89 9479.94 9472.94 9468.06 9466.43 9462.26 9458.21 9454.77 9443.76 9437.25 9435.16 9432.7 9430.96 9430.99 9433.76 9437.55 9440.32 9443.21 9445.8 9448.11 9450.1 9451.85 9453.25 9455.04 9455.73 9455.91 9455.08 9453.31 9443.56 9438.55 9443.36 9440.21 9436.97 9432.11 9429.64 9429.65 9428.34 9430.54 9432.94 9427.1 9406.53 9381.89 9374.87 9365.39 9345.26 9324.99
8904.94 8972.17 9041.43 9110.61 9181.28 9255.01 9333.98 9421.63 9529.16 9640.97 9734.39 9772.91 9733.94 9693.21 9652.76 9612.95 9581.87 9555.53 9532.58 9511.58 9492.92 9481.96 9473.9 9467.28 9461.91 9456.4 9456.61 9457.11 9456.6 9449.35 9443.01 9437.92 9433.61 9429.25 9425.73 9428.56 9433.41 9437.53 9441.48 9444.92 9447.94 9450.7 9453.66 9456.55 9459.36 9461.98 9464.27 9464.67 9463.2 9454.55 9449.85 9456.69 9455.48 9454.84 9451.7 9453.02 9457 9463.79 9474.73 9488.76 9508.11 9530.82 9511.96 9470.63 9441.4 9412.4 9388.99
8919.32 8986.97 9056.73 9128.82 9198.26 9269.35 9342.25 9428.73 9521.97 9623.41 9711.85 9763.88 9751.67 9695.81 9645.97 9609.62 9578.35 9551.31 9527.6 9506.11 9487.91 9476.38 9468.93 9463.41 9458.47 9454.42 9453.35 9454.05 9453.31 9446.57 9443.51 9438.65 9434.14 9430.25 9426.81 9428.03 9431.49 9435.5 9439.3 9443.18 9446.98 9450.65 9454.58 9458.73 9463.24 9467.63 9471.03 9470.53 9470.64 9463.42 9468.73 9468.39 9468.83 9470.21 9472.85 9472.58 9479.08 9485.51 9502.12 9523.85 9567.45 9641.72 9616.76 9541.17 9499.67 9466.78 9443.32
8935.74 9008.1 9078.97 9148.57 9218.2 9285.85 9350.21 9423.5 9524.88 9609.92 9690.05 9750.67 9733.25 9683.97 9635.5 9600.9 9571.46 9545.58 9522.34 9501.74 9484.36 9472.43 9465.65 9460.77 9457.41 9455.15 9452.29 9450.92 9449.51 9446.47 9442.54 9440.36 9437.17 9432.73 9430.22 9428.84 9430.46 9433.83 9437.76 9441.67 9445.86 9450.19 9454.77 9459.79 9465.37 9471.8 9478.53 9480 9477.62 9470.48 9475.71 9476.5 9478.43 9481.45 9485.74 9488.12 9495.98 9505.98 9510.69 9529.37 9562.34 9589.05 9593.26 9555.95 9528.45 9502.41 9483.82
8956.02 9032.95 9102.47 9173.4 9242.65 9307.2 9365.05 9426.11 9518.99 9594.97 9658.97 9698.61 9693.19 9658.84 9618.32 9587.46 9562.73 9540.01 9517.98 9497.5 9480.08 9468.28 9462.79 9459.77 9457.42 9454.69 9450.93 9447.86 9445.26 9443.31 9443.07 9443.21 9440.24 9432.16 9428.07 9427.62 9429.2 9432.75 9436.48 9439.91 9444.79 9448.88 9453.71 9459.1 9464.94 9471.94 9480.27 9487.44 9478.87 9473.62 9480.74 9483.11 9486.44 9490.63 9495.73 9492 9498.98 9509.71 9506.74 9521.03 9530.78 9526.74 9539.87 9541 9535.9 9523.49 9512.99
8984.31 9060.04 9133.26 9204.66 9271.43 9332.28 9388.3 9449.42 9526.81 9580.74 9627.36 9657.94 9660.4 9634.05 9594.56 9574.22 9554.93 9534.24 9513.55 9493.58 9475.9 9464.06 9460.46 9459.41 9458.22 9455.31 9449.5 9444.66 9441.61 9441.2 9444.44 9443.25 9436.75 9428.81 9423.89 9425.84 9428.53 9431.78 9435.33 9439.12 9443.57 9447.62 9452.16 9456.69 9461.62 9466.28 9469.83 9471.56 9471.86 9472.49 9482.56 9487.02 9491.83 9497.01 9502.57 9508.46 9494.92 9504.02 9502.79 9510.36 9510.98 9507.53 9520.25 9529.16 9536.34 9533.88 9530.74
9016.19 9090.17 9164.76 9237.19 9302.94 9364.61 9416.03 9470.44 9526.95 9564.06 9597.15 9625.04 9638.74 9621.17 9590.2 9570.17 9550.6 9530.4 9510.6 9491.48 9473.35 9459.7 9460.41 9460.77 9459.53 9455.24 9447.79 9440.77 9436.06 9437.63 9444.01 9441.89 9431.94 9427.95 9425.73 9425.83 9428.12 9431.06 9434.46 9438.23 9442.28 9446.3 9450.36 9454.07 9457.21 9459.02 9458.02 9458.23 9464.42 9470.06 9482.9 9489.48 9495.75 9501.85 9507.75 9513.31 9492.44 9496.7 9504.48 9506.3 9504.44 9502.33 9514.99 9530.35 9537.71 9540.13 9541.71
9051.22 9125.05 9197.3 9269.44 9334.63 9395.33 9442.95 9475.26 9519.41 9540.55 9565.87 9594.18 9624.27 9616.11 9596.56 9571.8 9547.99 9527.37 9508.61 9491.41 9477.64 9470.25 9464.46 9463.97 9464.4 9457.06 9445.58 9435.81 9430.16 9429.8 9434.61 9435.77 9434.14 9431.19 9427.63 9426.2 9426.95 9429.8 9432.88 9436.43 9440.87 9444.62 9448.15 9451.02 9453.17 9453.67 9452.6 9454.25 9461.18 9469.18 9483.59 9491.74 9499.16 9505.96 9512.12 9517.48 9500.52 9503.82 9507.81 9510 9511.38 9513.51 9519.98 9532.32 9539.91 9545.07 9548.26
9088.41 9159.19 9231.06 9300.63 9365.98 9427.88 9478.3 9505.62 9497.82 9510.3 9535.52 9571.04 9615.47 9610.44 9590.15 9565.41 9543.54 9524.21 9506.92 9492.27 9480.08 9470.68 9466.34 9464.72 9464.38 9455.51 9442.09 9430.31 9420.8 9422.88 9426.03 9428.4 9434.74 9432.29 9427.47 9425.56 9425.84 9428.04 9430.85 9434.35 9438.1 9441.98 9445.55 9449.06 9451 9451.36 9449.91 9453 9461.09 9469.68 9484.99 9494.04 9502.26 9509.67 9516.18 9521.6 9525.65 9512.17 9516.12 9520.74 9522.67 9526.07 9527.66 9537.4 9543.54 9548.27 9550.82
9125.47 9191.14 9258.74 9326 9392.52 9456.92 9512.95 9530.52 9490.1 9484.16 9508.78 9550.06 9605.44 9602.8 9578.49 9553.56 9537.04 9520.63 9505.13 9491.51 9480 9472.15 9464.86 9460.95 9458.62 9449.17 9437.3 9426.72 9420.5 9424.07 9427.46 9428.97 9429.79 9424.42 9422.26 9422.9 9424.49 9426.85 9429.92 9433.56 9437.35 9441.34 9444.89 9448.05 9450.69 9452.36 9452.45 9457.09 9463.92 9477.07 9486.88 9496.24 9504.93 9512.83 9519.76 9525.5 9529.78 9521.54 9523.82 9529.04 9530.02 9532.59 9534.08 9540.9 9544.83 9547.69 9550.77
9158.72 9220.45 9283.71 9347.78 9410.99 9473 9529.46 9537.05 9479.53 9463.48 9490.33 9536.88 9594.53 9596.96 9574.1 9548.81 9531.84 9516.41 9502.13 9489.1 9477.34 9467.1 9459.13 9453.55 9447.86 9440.93 9432.45 9424.73 9421.39 9427.03 9433.66 9438.03 9428.59 9419.36 9418.66 9420.57 9423.41 9425.69 9429.52 9433.73 9437.59 9440.71 9444.81 9448.3 9451.41 9455.44 9457.87 9462.43 9467.97 9480.32 9489.9 9499.39 9508.43 9516.77 9524.18 9530.4 9535.14 9531.2 9533.19 9536.11 9535.26 9537.43 9540.63 9544.38 9546.38 9547.02 9549.62
9188.54 9245.76 9304.44 9362.57 9418.8 9470.89 9508.75 9506.41 9466.48 9451.72 9479.59 9529.7 9587.25 9592.42 9570.06 9545.27 9526.64 9511.36 9497.96 9486.28 9474.74 9461.97 9453.91 9448.16 9440.67 9434.86 9428.97 9424.06 9423.6 9429.27 9438.31 9444.95 9430.69 9418.38 9417.41 9419.52 9422.71 9425.67 9429.32 9433.77 9437.77 9441.21 9445.1 9448.97 9452.67 9456.96 9463.94 9465.56 9471.01 9482.57 9491.9 9501.4 9510.68 9519.47 9527.51 9534.52 9540.2 9544.15 9542.97 9543.83 9540.22 9543.57 9547.65 9549.92 9550.27 9548.89 9547.18
9212.96 9266.29 9319.41 9371.53 9418.84 9459.38 9486.52 9480.16 9452.08 9443.99 9475.23 9524.07 9576.97 9580.92 9559.12 9536.9 9517.92 9504.11 9492.93 9483.41 9474.62 9467.31 9459.23 9447.76 9438.4 9432.42 9427.36 9423.66 9424.38 9430.23 9437.54 9441.89 9431.2 9419.19 9417.45 9419.32 9422.33 9425.9 9429.46 9433.5 9437.14 9441.14 9445.15 9449.05 9452.77 9453.68 9456.41 9465.53 9472.73 9483.98 9493.21 9502.7 9512.16 9521.36 9530.08 9538.1 9545.13 9550.85 9555.22 9557.27 9554.6 9555.62 9556.58 9555.4 9553.06 9549.23 9544.88
