real_craters/C152-500m.grd
DSAA
199 199
-49.595 49.595
-49.595 49.595
8298.7009084716 9793.1293251299
[rows 120 to 149 of 199, columns 67 to 133 of 199]
9432.31 9438.18 9446.71 9459.33 9474.45 9487.96 9508.76 9526.65 9536.81 9545.91 9554.63 9564.06 9575.95 9589.74 9599.32 9565.24 9540.45 9489.92 9474.66 9453.47 9433.87 9382.27 9316.15 9250.72 9195.4 9145.11 9068.13 9056.02 8986.57 8968.21 8952.65 8932.86 8914.06 8898.54 8884.74 8876.9 8901.19 8949.18 8995.17 8952.03 8960.93 9007.84 9065.17 9119.46 9166.46 9195.14 9215.29 9226.17 9232.97 9250.9 9308.73 9386.62 9470.16 9541.22 9595.18 9613.88 9600.27 9559.65 9506.81 9484.04 9474.14 9474.31 9475.22 9475.53 9473.27 9463.2 9453.89
9429.85 9435.98 9443.51 9455.03 9467.97 9477.26 9489.89 9509.22 9529.27 9546.64 9563.49 9582.03 9600.02 9617.8 9605.68 9564.12 9547.65 9560.64 9560.3 9558.25 9520.42 9462.11 9399.27 9352.19 9321.76 9313.5 9263.4 9255.5 9215.03 9147.84 9093.72 9055.28 9027.22 9010.16 9004.42 9020.57 9012.37 9029.74 9041.01 9039.55 9064.29 9106.21 9145.78 9184.76 9204.72 9216.26 9253.4 9271.08 9271.23 9287.24 9376.88 9461.2 9518.43 9563.34 9597.33 9620.8 9589.38 9535.09 9495.16 9489.5 9496.67 9490.04 9483.08 9481.96 9485.34 9466.9 9452.34
9428.19 9431.96 9436.89 9443.35 9454.94 9465.42 9476.32 9496.8 9521.56 9543.82 9566.36 9588.6 9613.19 9639.19 9644.05 9594.02 9552.7 9571.53 9614.89 9647.65 9594.04 9523.69 9470 9425.98 9401.89 9382.48 9368.07 9374.28 9364.64 9285.32 9209.71 9161.22 9134.09 9105.91 9093.44 9086.44 9088.55 9093.84 9078.94 9108.09 9166.26 9213.72 9255.65 9285.31 9297.6 9290.83 9338.66 9356.61 9349.51 9364.21 9460.07 9537.31 9567.54 9582.64 9593.14 9595.53 9566.93 9518.3 9488.61 9492.47 9499.55 9495.83 9481.4 9475.36 9478.84 9467.82 9456.07
9425.73 9428.49 9430.93 9434.91 9446.79 9458.86 9471.28 9491.47 9514.54 9538.05 9562.35 9587.46 9614.75 9641.83 9655.87 9645.59 9616.31 9595.22 9605.11 9596.46 9600.27 9555.03 9510.69 9471.81 9441.67 9437.49 9419.1 9423.06 9404.1 9347.27 9292 9257.1 9229.92 9206.43 9177.87 9137.86 9174.84 9211.22 9214.75 9252.16 9302.45 9342.12 9370.18 9401.77 9430.79 9459.24 9480.06 9477.59 9468.9 9482.72 9548.64 9613.97 9601.22 9590.09 9579.25 9564.05 9539.8 9512.66 9495.82 9495.79 9504.92 9503.27 9487.11 9477.15 9472.72 9467.74 9458.45
9425.53 9426.78 9428.1 9432.58 9441.93 9456.8 9475.06 9488.5 9506.99 9528.63 9552.54 9577.94 9601.72 9622.09 9641.53 9652.92 9637.91 9626.19 9608.74 9595.38 9588.03 9569.26 9536.43 9500.25 9459.55 9418.3 9397.49 9388.65 9373.98 9361.34 9353.87 9342.76 9333.44 9323.03 9307.8 9293.29 9332.58 9385.55 9427.92 9443.93 9442.49 9449.68 9469.08 9501.98 9556.36 9638.57 9627.31 9590.52 9590.41 9591.85 9598.93 9600.5 9601.73 9585.56 9564.99 9539.35 9521.06 9499.81 9490.24 9492.55 9501.37 9502.06 9486.84 9475.74 9461.18 9456.03 9447.28
9422.97 9424.53 9426.16 9428.34 9438.55 9449.2 9461.08 9478.09 9495.28 9514.01 9535.9 9559.33 9581.3 9598.63 9620.88 9632.46 9593.11 9584.1 9612.15 9646.7 9598.95 9585.15 9562.48 9532.42 9491.11 9443.02 9421.76 9406.88 9402.96 9403.24 9411.6 9418.23 9423.52 9436.72 9457.36 9491.81 9531.22 9569.03 9609.99 9619.59 9560.11 9535.22 9540.45 9570.47 9619.04 9670.49 9664.44 9639.45 9638.84 9629.07 9611.11 9609.75 9590.05 9572.12 9554.89 9535.33 9512.51 9489.18 9482.69 9483 9482.9 9476.75 9470.56 9465.75 9445.64 9430.9 9427.89
9420.65 9422.49 9425.16 9428.94 9431.34 9439.03 9450.2 9462.57 9478.39 9494.82 9515.19 9537.15 9560.38 9583.12 9599.01 9600.49 9563.76 9552.74 9595.92 9643.38 9631.23 9608.52 9591.19 9576.49 9558.33 9530.24 9500.39 9482.7 9470.7 9464.03 9479.03 9493.21 9508.97 9534.8 9589.76 9666.66 9710.26 9711.18 9725.65 9683.62 9612.98 9586.82 9587.61 9604.9 9631.92 9653.89 9652.77 9628.51 9610.54 9599.78 9586.15 9567.83 9557.65 9552.35 9543.01 9530.1 9511.41 9492.19 9482.09 9475.07 9465.6 9453.66 9447.19 9436.71 9431.48 9428.41 9422.66
9416.31 9418.65 9423.19 9426.05 9423.03 9423.39 9431.63 9444.36 9459.27 9474.81 9491.64 9510.61 9533.66 9562.36 9567.14 9556.02 9536.47 9533.01 9579.64 9622.86 9632.94 9621.04 9614.45 9620.1 9638.88 9635.4 9603.61 9588.01 9568.94 9552.17 9566.35 9569.94 9581.4 9611.77 9667.05 9750.69 9790.43 9760.01 9714.94 9610.43 9603.8 9601.3 9603.97 9612.55 9623.39 9632.7 9621.88 9589.32 9563.25 9558.46 9552.91 9538.74 9534.71 9535.94 9531.65 9522.85 9511.98 9502.57 9485.45 9471.91 9458.96 9443.61 9435.79 9425.77 9429.29 9432.61 9429.09
9410.77 9412.42 9415.76 9418.22 9412.63 9407.29 9413.29 9428.52 9442.48 9455.56 9468.47 9481.19 9495.54 9513.46 9529.27 9528.95 9519.91 9523.67 9572.02 9614.05 9624.35 9612.46 9611.18 9626.89 9670.43 9686.37 9685 9694.18 9676.35 9686.78 9650.36 9626.78 9627.36 9646 9682.79 9731.78 9753.31 9698.56 9614.46 9570.56 9590.79 9603.76 9608.38 9610.39 9604.52 9590.54 9567.87 9551.18 9521.45 9530.34 9533.83 9532.67 9532.26 9528.46 9522.01 9515.57 9507.93 9496.54 9484.19 9471.15 9459.87 9451.49 9438.71 9429.17 9440.38 9449.78 9447.11
9404.35 9403.78 9402.97 9404.04 9404.59 9404.44 9409.67 9420.27 9430.77 9440.8 9448.67 9455.36 9459.93 9469.13 9502.69 9512.83 9512.09 9524.39 9559.25 9596.03 9601.76 9585.82 9586.52 9589.92 9593.39 9614.06 9647.96 9694.56 9685.99 9713.86 9670.49 9644.55 9638.24 9645.38 9658.15 9665.05 9646.95 9638.9 9607.37 9590.11 9599.14 9604.57 9606.41 9600.61 9591.96 9574.01 9548.14 9547.05 9542.25 9527.14 9524.76 9529.04 9532.19 9523.49 9516.92 9512.08 9504.81 9494.38 9480.94 9469.11 9459.48 9452.1 9440.22 9435.29 9451.39 9476.07 9468.76
9397.87 9396.47 9394.37 9397.22 9401.67 9405.65 9410.56 9417.36 9424.38 9430.23 9434.66 9437.61 9440.27 9459.28 9510.07 9532.53 9522.7 9514.59 9533.27 9562.88 9561.85 9555.48 9557.27 9549.48 9526.71 9530.97 9517.61 9551.72 9593.78 9605.41 9619.94 9628.09 9631.35 9629.51 9625.47 9610.14 9588.96 9608.43 9615.86 9622.98 9614.25 9605.07 9598.64 9591.91 9586.25 9579.14 9575.55 9558 9539.7 9523.75 9513.25 9506.39 9503.31 9515.5 9527.72 9517.32 9502.04 9487.46 9476.69 9466.12 9456.36 9445.2 9436.63 9434 9447.32 9462.95 9475.43
9394.34 9393.39 9393.66 9397.76 9403.55 9409.19 9413.51 9417.12 9420.08 9423.04 9426 9428.61 9435.16 9463.59 9521.24 9526.66 9514.34 9504.25 9522.23 9547.22 9561.33 9551.03 9538.45 9528.6 9529.36 9518.68 9507.56 9495.33 9525.41 9550.89 9581.14 9602.6 9609.47 9608.15 9599.4 9576.69 9547.79 9558.89 9588.6 9625.67 9619.32 9604.79 9595.61 9587.77 9582.73 9579.88 9582.23 9554.34 9530.83 9514.47 9501.96 9490.63 9483.76 9503.37 9526.74 9511.69 9496.62 9483.33 9471.15 9462.57 9454.37 9448.23 9441.31 9429.17 9436.2 9463.23 9478.82
9391.27 9392.37 9394.85 9401.5 9408.81 9414.33 9417.89 9419.92 9420.53 9421.48 9422 9424.31 9429.81 9453.99 9487.32 9486.8 9488.57 9492.19 9507.09 9534.88 9561.41 9545.16 9521.8 9507.19 9499.67 9517.3 9523.57 9487.46 9505.03 9545.15 9576.28 9590.69 9595.3 9593.65 9585.69 9572.59 9555.8 9550.43 9576.33 9605.4 9604.97 9594.36 9584.93 9578.35 9571.36 9563.36 9547.58 9530.7 9515.83 9505.56 9495.92 9486.84 9481.44 9488.61 9488 9486.72 9469.81 9464.74 9462.86 9458.24 9451.67 9443.82 9433.42 9426.96 9427.24 9462.55 9470.6
9389.61 9392.26 9397.04 9406.36 9417.68 9425.6 9424.96 9423.36 9421.98 9421.13 9421.63 9424.57 9431.17 9447.63 9466.05 9463.43 9473.09 9477.84 9484.64 9511.45 9531.19 9512.58 9496.68 9483.75 9484.61 9504.85 9515.78 9497.44 9512.46 9553.51 9582.24 9585.64 9587.85 9586.09 9585.99 9586.37 9594.99 9598.46 9587.14 9584.11 9581.61 9577.65 9572.48 9566.09 9558.74 9549.96 9536.54 9517.21 9504.37 9499.76 9494.03 9488.12 9485.28 9484.45 9484.34 9475.9 9460.18 9458.38 9460.5 9458.32 9453.58 9445.69 9437.15 9435.28 9433.58 9449.46 9448.13
9387.59 9391.23 9398.7 9409.27 9423.83 9434.7 9429.98 9426.24 9423.69 9422.21 9423.38 9427.32 9435.59 9451.3 9462.01 9464.7 9464.42 9465.55 9469.97 9485.13 9503.91 9488 9475.05 9462.84 9463.74 9489.64 9506.1 9510.69 9525.14 9550.95 9568.92 9576.04 9580.16 9582.37 9586.29 9594.6 9610.67 9615.15 9586.21 9565.73 9559.39 9562.08 9560.26 9555.3 9548.53 9539.71 9529.01 9515.3 9503.85 9499.24 9495.71 9491.62 9485.18 9484.32 9485.05 9480.62 9475.44 9468.73 9466.21 9464.92 9462.66 9459.84 9458.72 9459.58 9459.94 9459.29 9450.94
9386.47 9387.86 9393.8 9408.77 9422.16 9429.55 9430.65 9428.1 9426.24 9423.09 9424.35 9428.77 9441.35 9458.29 9468.39 9458.36 9455.64 9452.11 9448.62 9462.81 9479.4 9475.23 9462.52 9452.28 9455.98 9478.53 9499.97 9518.25 9537.48 9544.27 9552.83 9564.33 9571.29 9575.66 9579.23 9583.91 9584.33 9576.22 9567.27 9558.24 9554.12 9550.53 9547.65 9543.38 9538.7 9529.82 9518.67 9509.5 9505.82 9503.02 9502.17 9502.04 9500.06 9497.42 9492.22 9487.74 9485.52 9478.34 9476.9 9477.25 9478.02 9478.15 9479.09 9489.3 9499.46 9490.03 9486.91
9387.31 9387.96 9394.18 9409.17 9424.98 9431.79 9430.28 9427.96 9425.23 9422.96 9422.1 9423.95 9431.71 9453.78 9462.53 9457.5 9451.56 9445.38 9441.22 9453.87 9468.37 9466.59 9458.02 9448.99 9452.78 9469.09 9489.68 9510.01 9524.68 9536.76 9546.78 9557.02 9563.75 9567.06 9568.41 9569.13 9561.61 9551.71 9548 9547.29 9546.52 9540.39 9537.14 9534.29 9530.16 9524.54 9516.73 9510.54 9508.54 9508.22 9510.99 9515.52 9522.95 9525.42 9511.62 9493.69 9481.08 9485.11 9487.82 9491.41 9496.14 9500.16 9505.2 9516.13 9525.03 9526.37 9538.57
9390.16 9391.92 9397.82 9409.64 9422.3 9427.62 9427.72 9426.14 9423.86 9421.73 9419.93 9419.27 9427.56 9454.89 9462.59 9454.82 9449.05 9445.1 9444.58 9456.88 9465.67 9469.58 9464.04 9452.47 9455.28 9467.06 9484.6 9500.42 9513.94 9531.23 9543.75 9551.92 9556.69 9559.03 9558.85 9555.5 9545.7 9532.81 9533.14 9532.74 9529.51 9531.51 9531.4 9529.94 9527.26 9523.83 9520.6 9515.35 9510.85 9511.14 9515.69 9522.15 9532.47 9537.66 9522.74 9504.31 9493.05 9496.37 9501.57 9507.49 9514.87 9523.7 9533.79 9542.48 9552.43 9557.78 9541.08
9394.26 9396.16 9401.39 9409.73 9416.42 9422.4 9424.1 9423.71 9422.6 9420.77 9419.39 9419.78 9427.52 9453.32 9453.07 9446.68 9445.44 9446.75 9452.65 9466.05 9466.85 9467.56 9467.84 9457.51 9459.6 9475.46 9480.89 9492.09 9509.96 9522.46 9536.91 9544.94 9546.35 9547.36 9546.87 9545.37 9540.52 9530.57 9526.58 9525.47 9526.36 9527.09 9527.46 9526.82 9525.4 9523.71 9521.22 9515.14 9510.06 9511.25 9515.27 9520.46 9527.36 9533.74 9523.82 9516.12 9510.71 9510.35 9514.71 9522.54 9532.82 9545.54 9560.42 9575.87 9580.73 9575.52 9562.87
9398.52 9401.55 9404.61 9410.28 9416.92 9419.75 9421.82 9422.34 9421.35 9420.39 9419.58 9421.27 9429.24 9437.47 9433.41 9435.8 9442.23 9448 9456.6 9472.02 9470.84 9468.88 9464.92 9453.2 9453.46 9458.78 9466.28 9473.55 9484.7 9500.95 9522.54 9532.44 9533.74 9535.6 9537.58 9538.07 9536.08 9527.73 9523.23 9522.64 9524.47 9524.65 9525 9525.17 9524.46 9522.05 9517.07 9509.01 9508.4 9509.93 9512.14 9514.64 9514.75 9508.42 9516.65 9522.1 9521.97 9520.39 9524.3 9531.95 9544.95 9561.72 9583.38 9596.49 9594.99 9592.05 9591.84
9401.37 9403.64 9406.21 9410.35 9414.07 9417.8 9419.91 9420.5 9420.37 9420.06 9419.88 9420.48 9424.1 9427.1 9428.23 9433.3 9440.87 9448.52 9455.52 9469.91 9472.28 9470.37 9455.62 9446.81 9444.65 9446.65 9448.99 9451.09 9452.26 9470.42 9495.9 9510.05 9516.46 9523.19 9528.69 9530.63 9529.31 9522.46 9519.37 9518.89 9519.22 9520.93 9522.71 9523.72 9523.68 9521.97 9517.1 9511.9 9508.69 9507.63 9508.09 9509.07 9510.05 9513.04 9514.71 9521.72 9523.57 9524.47 9530.36 9538.42 9551 9567.94 9588.25 9603.71 9608.78 9609.9 9614.35
9402.31 9403.13 9406.56 9410.82 9414.12 9416.91 9418.65 9419.99 9419.85 9420.7 9420.72 9421.45 9423.87 9427.22 9429.34 9434.46 9441.67 9449.38 9457.3 9463.44 9469.47 9472.06 9453.97 9443.08 9439.23 9436.13 9434.8 9434.05 9435.65 9447.85 9463.27 9478.14 9496.44 9510.39 9520.53 9525.7 9519.77 9517.67 9514.93 9514.8 9517.12 9518.91 9520.39 9522.21 9523.53 9523.83 9519.64 9513.5 9507.26 9503.75 9502.95 9503.59 9506.05 9508.38 9507.37 9509.9 9516.88 9523.26 9530.04 9537.57 9548.78 9564.51 9584.89 9602.68 9612.76 9626.09 9629.05
9403.25 9402.07 9408.01 9413.19 9416.31 9418.32 9419.53 9420.3 9421.4 9422.07 9423.12 9424.17 9425.34 9426.37 9431.19 9436.48 9442.47 9450.05 9459.53 9467.7 9465.3 9472.62 9471.34 9452.2 9438.11 9429.96 9424.57 9421.7 9422.51 9429.87 9443.51 9461.25 9480.48 9498.83 9515.72 9529.72 9533.9 9519.05 9509.56 9508.54 9512.18 9515.36 9515.78 9518.33 9522.81 9527.61 9527.25 9515.56 9503.46 9499.01 9497.95 9498.3 9498.82 9497.97 9497.14 9502.72 9511.62 9518.94 9522.24 9528.23 9536.54 9549.9 9567.92 9593.13 9592.01 9597.57 9594.75
9409.29 9408.71 9411.84 9416.55 9419.45 9419.63 9420.67 9421.7 9422.56 9423.61 9425.52 9428.34 9430.42 9432.2 9435.02 9439.19 9442.72 9448.37 9455.32 9457.54 9456.68 9470.76 9470.89 9454.99 9436.73 9424.96 9417.97 9412.37 9408.86 9412.99 9428.77 9449.23 9465.79 9486.71 9510.14 9530.52 9535.95 9517.21 9501.51 9496.44 9500.65 9505.89 9505.72 9510.06 9517.59 9527.52 9538.2 9516.04 9497.33 9493.49 9494.4 9495.4 9493.15 9486.87 9490.74 9504.13 9510.01 9514.51 9516.86 9519.98 9523 9527.12 9533.22 9542.73 9539.89 9531.16 9524.85
9415.75 9416.08 9415.24 9415.65 9417.96 9420.27 9422.13 9423.8 9424.8 9425.54 9426.78 9428.81 9435.46 9437.41 9437.5 9440.75 9443.39 9445.81 9446.82 9443.85 9444.33 9455.94 9467.21 9455.39 9436.56 9424.06 9414.99 9407.05 9401.51 9402.05 9411.44 9428.58 9448.07 9474.54 9500.06 9520.63 9526.37 9500.65 9478.88 9475.37 9479.14 9483.69 9489.25 9497.57 9506.41 9513.88 9517.82 9501.83 9486.59 9488.03 9494.24 9499.12 9499.12 9497.4 9501.5 9509.13 9511.18 9510.56 9509.17 9509.04 9505.74 9501.35 9493.33 9485.06 9481.51 9469.8 9471.3
9416.67 9416.6 9415.42 9415.09 9417.34 9421.12 9424.51 9427.11 9428.44 9428.98 9428.92 9431.35 9440.36 9444.28 9443.94 9444.34 9444.09 9443.34 9440.38 9435.63 9433.41 9432.52 9434.71 9442.86 9437.74 9426.54 9415.51 9405.66 9396.71 9392.24 9397.42 9404.53 9432.93 9463.36 9487.61 9505.1 9503.41 9479.08 9454.85 9454.76 9456.97 9459.58 9472.08 9484.77 9494.07 9497.46 9491.41 9487.15 9476.13 9486.03 9497.84 9509.37 9518.96 9521.98 9526.02 9523.05 9513.86 9506.75 9501.11 9496.5 9489.11 9478.27 9464.2 9454.82 9453.14 9448.54 9452.59
9415.01 9414.88 9414.59 9414.54 9418 9423.13 9427.78 9431.62 9434.71 9435.44 9435.61 9440.06 9448.84 9450.66 9449.37 9447.57 9446.13 9442.81 9438.12 9432.62 9427.8 9421.8 9424.59 9435.02 9437.59 9427.89 9418.37 9408.83 9398.91 9391.06 9399.16 9411.54 9434.29 9457.68 9477 9487.94 9486.19 9466.28 9448.37 9445.09 9446.58 9447.77 9462.64 9476.53 9486.94 9492.9 9493.3 9489.32 9483.97 9493.28 9504.03 9517.65 9537.06 9536.87 9534.14 9523.19 9511.99 9501.7 9493.06 9484.89 9475.62 9463.88 9450.79 9447.55 9447.88 9443.71 9448.27
9409.03 9411.57 9413.97 9415.75 9419.6 9424.42 9432.13 9435.28 9440.49 9444.18 9444.12 9447.57 9454.67 9455.71 9453.85 9450.71 9445.99 9441.07 9436.64 9430.93 9425.18 9417.64 9414.75 9431 9428.92 9428.09 9424.2 9418.23 9411.08 9404.47 9414.89 9432.7 9444.77 9456.68 9468.74 9478.56 9474.49 9459.36 9447.68 9444.84 9446.62 9452.73 9461.95 9473.18 9484.59 9494.29 9499.24 9500.88 9504.78 9506.57 9509.57 9514.64 9519.8 9523.79 9524.18 9515.12 9503.78 9494.71 9485.41 9476.87 9467.07 9456.56 9446.78 9447.66 9450.05 9446.71 9448.9
9413 9413.77 9414.98 9416.9 9422.48 9428.7 9438.16 9446.59 9451.99 9458.24 9458.92 9459.13 9459.83 9462.55 9459.9 9454.51 9447.76 9442.67 9436.03 9428.57 9421.48 9419.47 9422.59 9431.27 9430.8 9431.57 9432.66 9431.94 9431.53 9433.59 9438.73 9444.87 9448.22 9451.5 9459.21 9464.43 9461.23 9454.97 9449.67 9447.21 9447.65 9455.28 9461.08 9469.8 9484.13 9497.24 9506.22 9511.05 9515.36 9515.74 9513.15 9508.85 9503.65 9504.31 9502 9499.14 9492.74 9485.75 9478.26 9470.54 9462.45 9455.26 9450.77 9453.75 9455.85 9453.15 9456.4
9417.58 9415.89 9417.34 9420.65 9426.45 9434.66 9444.51 9455.14 9465.85 9476.94 9480.08 9478.73 9472.72 9471.01 9466.57 9458.66 9451.45 9444.2 9436.95 9428.64 9424.49 9423.66 9426.6 9432 9431.41 9437.34 9442.36 9446.97 9452.22 9459.64 9460.15 9451.56 9445.81 9447.37 9448.54 9447.42 9448.75 9448.58 9449.53 9447.53 9442.27 9440 9446.6 9462.04 9481.62 9505.23 9514.26 9517.63 9519.9 9520.64 9519.35 9509.77 9497.21 9492.22 9484.37 9483.7 9481.76 9478.04 9471.54 9464.31 9458.58 9455.56 9457.86 9461.87 9465 9464.77 9468.59
