real_craters/C152-1000m.grd
DSAA
58 58
-28.34 28.34
-28.34 28.34
4311.2768610536 6636.1349537738
[rows 0 to 34 of 58, columns 0 to 57 of 58]
5678.74 5763.09 5885.32 5865.41 5799.57 5727.74 5683.79 5656.04 5648.46 5655.72 5664.95 5675.82 5695.42 5715.15 5730.19 5741.55 5757.86 5778.15 5790.89 5756.02 5703.06 5673.22 5658.23 5657.22 5677.81 5695.95 5693.67 5709.13 5737.42 5768.1 5783.42 5800.17 5781.3 5742.02 5700.99 5658.19 5661.23 5676.62 5667.19 5646.41 5647.56 5647.09 5634.56 5634.86 5640.5 5665.12 5724.37 5762.72 5737.12 5721.8 5710.44 5702.26 5712.38 5726.33 5719.44 5742.04 5744.75 5786.94
5654.08 5699.16 5812.51 5799.59 5748.88 5689.53 5672.87 5655.7 5647.79 5661.07 5679.43 5692.94 5704.29 5720.49 5732.57 5739.75 5762.24 5791.38 5786.54 5753.67 5699.42 5662.93 5650.75 5656.2 5666.24 5674.78 5678.37 5685.18 5728.6 5754.51 5768.65 5770.37 5748.49 5706.76 5666.49 5629.12 5654.11 5671.51 5670.63 5643.34 5645.89 5639.58 5625.14 5637.89 5661.62 5694.31 5726.38 5723.89 5720.12 5715.24 5705.35 5698.37 5725.17 5729.81 5717.91 5727.88 5734.93 5737.75
5619.36 5710.62 5785.91 5740.22 5674.05 5698.96 5668.73 5657.62 5659.32 5667.77 5677.74 5692.98 5715.32 5737.87 5753.3 5758.15 5764.56 5768.41 5772.84 5753.23 5709.77 5660.49 5645.49 5659.43 5672.89 5676.63 5661.63 5680.51 5741.17 5751.81 5756.72 5742.75 5715.86 5691.94 5661.35 5662.47 5661.97 5668.96 5668.36 5670.26 5650.65 5644.24 5636.26 5648.97 5678.76 5726.1 5692.82 5689.99 5686.43 5695.49 5701.83 5697.24 5729.28 5718.19 5720.4 5749.17 5745.89 5732.93
5683.71 5873.23 5878.73 5632.45 5526.83 5492.58 5607.03 5717.85 5667.72 5678.4 5691.5 5704.33 5725.21 5753.9 5785.63 5795.44 5758.72 5720.24 5726.51 5750.75 5743.79 5684.07 5661.13 5685.41 5705.82 5702.4 5681.63 5658.77 5744.8 5764.64 5766.46 5756.43 5745.62 5728.2 5705.6 5682.52 5669.13 5647.11 5656.57 5667.76 5678.72 5664.13 5654.57 5666.46 5685.45 5698.81 5683.42 5681.15 5665.98 5679.98 5689.82 5698.54 5713.46 5716.08 5782.34 5768.66 5741.89 5752.42
5769.21 5938.21 5786.07 5485.93 5392.61 5389.83 5538.54 5667.65 5688.9 5689.08 5689.15 5696.11 5727.64 5766.19 5810.98 5857.33 5833.21 5741.03 5750.69 5748.82 5742.34 5732.35 5722.94 5750.95 5772.58 5764.48 5729.85 5757.15 5752.89 5790.5 5804.52 5797.99 5756.23 5805.65 5792.83 5739.44 5704.89 5685.92 5663.37 5658.95 5682.72 5676.23 5658.66 5664.9 5678.84 5686.99 5673.85 5655.03 5645.13 5657.83 5681.99 5706.25 5712.6 5754.59 5762.44 5737.31 5727.11 5758.78
5778.9 5926.39 5815.73 5441.71 5338.31 5341.16 5493.31 5689.37 5696.58 5694.4 5681.14 5688.42 5725.78 5767.45 5812.27 5858.37 5858.79 5791.35 5767.15 5758.09 5753.95 5773.73 5777.47 5828.68 5878.61 5917.01 5899.41 5840.84 5826.43 5855.82 5859.22 5872.67 5912.74 5915.32 5964.06 5885.56 5796.93 5756.28 5714.14 5659.42 5666.69 5659.49 5648.31 5655.05 5671.08 5680.47 5666.95 5643.12 5631.85 5643.41 5674.49 5710.25 5689.32 5703.25 5714.83 5699.57 5714.11 5758.74
5773.41 5951.71 5975.8 5606.17 5418.11 5352.15 5487.66 5607.33 5681.74 5698.45 5697.79 5700.02 5727.91 5761.77 5799 5825.67 5843.35 5851.3 5818.45 5772.07 5767.19 5784.81 5823.5 5890.74 5972.21 6057.54 6000.13 5955.93 6003.94 5928.22 5903.36 5909.9 5929 5905.95 5865.06 5887.28 5840.95 5762.85 5717.49 5682.76 5664.88 5651.59 5657.3 5663.9 5678.85 5691.92 5673.66 5655.35 5649.81 5644.86 5668.04 5683.73 5726.6 5738.56 5706.08 5684.78 5692.36 5715.68
5835.63 5947.7 6004.85 5856.44 5637.15 5538.78 5547.68 5613.88 5664.8 5686.99 5694.03 5707.78 5730.53 5753.72 5777.03 5799.36 5832.01 5853.93 5830.75 5792.04 5801.88 5845.34 5906.07 5945.73 5997.4 6025.96 5989.5 5967.32 5950.28 5925.74 5919.98 5902.87 5878.11 5852.21 5832.18 5827.75 5780.77 5736.02 5698.3 5686.42 5672.84 5672.15 5679.59 5667.47 5686.06 5713.92 5679.79 5664.14 5649.54 5647.42 5663.16 5676.17 5726.73 5735.33 5691.26 5646.39 5682.77 5690.58
5842.8 5861.89 5842.96 5767.13 5680.02 5618.85 5597.51 5625.86 5653.14 5677.84 5695.69 5731.62 5734.17 5744.13 5757.43 5768.9 5775.57 5819.14 5805.24 5802.96 5888.72 5953.39 5980.36 5968.02 5968.25 5968.9 5947.96 5943.11 5933.35 5946.73 5946.41 5898.97 5834.8 5794.59 5788.85 5796.21 5812.63 5737.88 5694.42 5676.49 5655.6 5670.79 5689.38 5661.54 5677.38 5684.12 5656.31 5651.03 5637.42 5634.18 5648.22 5670.16 5700.28 5704.77 5669.49 5630.48 5643.62 5658.38
5749.88 5745.14 5702.42 5651.07 5631.08 5614.23 5612.93 5613.55 5635.09 5684.62 5698.22 5720.42 5723.83 5735.18 5746.95 5754.17 5761.62 5785.63 5821.89 6064.71 5895.83 5890.59 5929.83 5931.75 5920.07 5898.01 5899.11 5904.21 5987.69 6054.88 6008.33 5930.02 5823.36 5761.24 5786.52 5799.27 5798.76 5762.33 5720.97 5683.77 5659.2 5659.82 5675.43 5667.99 5667.58 5670.69 5650.71 5651.81 5648.3 5646.41 5639.92 5661.01 5685.1 5687.85 5662.93 5639.97 5654.89 5665.58
5674.48 5670.19 5630.82 5582.24 5586.24 5599.17 5609.33 5619.04 5635.56 5660.7 5691 5687.56 5706.2 5726.08 5742.17 5754.66 5772.99 5803.94 5952.43 6077.02 5878.53 5831.77 5891.27 5917.59 5910.24 5868.13 5931.23 5934.32 6094.63 6146.88 6077.66 6007.34 5932.03 5872.4 5840.85 5805.02 5840.74 5810.2 5730.6 5696.95 5667.7 5663.3 5667.71 5669.55 5669.28 5654.29 5646.6 5659.25 5680.72 5665.7 5655.2 5671.51 5685.18 5690.85 5686.09 5668.61 5680.16 5681.13
5652.41 5642.66 5614.69 5577.66 5570.36 5598.04 5614.85 5627.53 5640.09 5662.59 5674.17 5680.29 5697.99 5720.86 5739.82 5754.93 5770.18 5799.42 5946.2 5952.07 5874.02 5837.89 5881.47 5948.45 6003.54 6108.63 6103.56 6097.09 6123.26 6111.3 6111.78 6102.03 6095.83 6102.68 5992.71 5884.66 5869.77 5822.23 5787.62 5710.83 5676.7 5679.39 5682.04 5705.29 5694.21 5674.99 5667.39 5677.06 5680.52 5728.83 5749.24 5724.52 5714.01 5707.13 5706.11 5683.03 5665.91 5683.15
5642.24 5636.62 5622.71 5610.69 5610.59 5615.9 5629.63 5643.15 5648.07 5648.56 5664.83 5678.74 5707.8 5737.7 5756.23 5765.49 5776.33 5832.34 5957.2 5892 5812.93 5850.86 5890.96 5975.28 6106.08 6160.32 6203.8 6292.19 6238.47 6117.33 6142.52 6147.95 6178.16 6192.05 6163.03 6084.64 5953.62 5947.44 5927.12 5760.72 5702.5 5678.19 5700.56 5730.12 5736.18 5730.58 5710.42 5704.7 5741.21 5781.19 5807.42 5754.21 5731.42 5712.2 5684.29 5658.48 5667 5684.9
5633.48 5633.09 5625.01 5622.06 5624.35 5632.23 5645.04 5661.88 5677 5663.37 5673.52 5703.14 5734.91 5771.81 5810.67 5828.95 5837.23 5918.88 5996.35 5865.12 5792.71 5785.54 5876.9 5941.05 5981.83 5978.88 6045.67 6247.79 6210.83 6242.07 6137.18 6078.32 6138.79 6276.71 6251.39 6252.63 6158.17 6029.37 6110.8 6042.42 5870.68 5734.02 5736.43 5763.01 5772.5 5819.32 5833.38 5785.19 5737.22 5794.68 5808.93 5790.16 5750.97 5712.24 5675.54 5638.88 5647.82 5648.4
5628.3 5627.58 5624.7 5625.54 5632.53 5641.99 5654.23 5671.05 5687 5680.68 5691.49 5716.03 5756.84 5815.73 5883.73 5941.1 5977.88 6054.59 5981.4 5860.38 5847.38 5921.33 5878.68 5875.92 5887.73 5837.65 5784.02 5760.15 5744.84 5706.76 5831.59 5845.39 5905.15 6017.17 6082.51 6211.17 6277.77 6246.19 6181.61 6093.58 5976.98 5854.31 5789.17 5750.05 5781.31 5843.14 5835.62 5814.28 5823.85 5846.1 5836.49 5809.4 5751.43 5714.79 5664.37 5607.28 5611.82 5625.28
5621 5624.05 5624.13 5623.8 5635.58 5643.62 5653.18 5663.72 5671.96 5689.38 5695 5735.43 5776.6 5857.73 5947.13 6050.75 6163.25 6129.84 5960.91 5917.67 5922.88 5986.69 5801.14 5718.64 5752.01 5583.72 5532.92 5527.69 5463.89 5476.53 5490.15 5556.26 5580.36 5555.1 5717.47 5977.48 6139.49 6304.84 6246.97 6162.55 6097.7 5928.96 5745.68 5715.36 5701.08 5722.77 5756.59 5778.12 5838.6 5879.59 5916.72 5841.38 5789.19 5726.96 5651.97 5587.83 5603.3 5620.5
5629.02 5627.28 5624.63 5626.7 5634.76 5639.95 5648.42 5654.36 5662.97 5678.4 5709.1 5758.56 5813.03 5882.5 5972.76 6076.52 6161.83 6033.42 5968.62 5924.18 5828.93 5706.45 5585.58 5419.88 5203.2 5196.17 5126.68 5157.26 5146.92 5106.86 5215.91 5276.84 5311.04 5363.18 5473.5 5584.91 5740.29 6087.88 6141.71 6266.4 6192.38 6035.54 5874.02 5722.16 5681.95 5682.04 5718.53 5783.4 5797.09 5826.29 5851.24 5836.4 5803.55 5749.45 5671.25 5604.83 5581.28 5590.04
5618.8 5618.84 5624.08 5625.19 5625.59 5636.09 5645.04 5647.73 5646.28 5654.87 5712.73 5751.22 5789.69 5861.58 5956.03 6041.03 6076.29 5989.28 5995.51 5921.47 5703.96 5529.64 5360.77 5195.34 5057.15 4951.25 4865.16 4878.7 4934.33 5004.94 5041.77 5064.36 5103.53 5169.24 5247.33 5294.93 5391.75 5609.69 5780.62 5983.94 6152.73 6067.86 5989.69 5918.82 5784.01 5740.38 5730.58 5755.79 5768.71 5779.21 5808.1 5830.01 5798.77 5752.13 5686.32 5650.03 5641.47 5612.54
5625.1 5628.99 5627.34 5627.56 5630.67 5637.35 5643.09 5649.35 5655.66 5671.04 5703.35 5731.19 5733.8 5841.78 5945.92 6023.53 6051.69 6110.23 6029.8 5566.62 5417.08 5334.98 5165.03 4993.86 4922.52 4824 4752.75 4748.74 4786 4791.83 4800.06 4861.18 4903.49 4911.33 4911.85 5022.28 5074.52 5238.08 5393.12 5516.67 5871.43 6211.36 6225.61 5983.89 5884.09 5771.08 5729.7 5732.37 5736.19 5758.14 5768.17 5762.69 5765.48 5732.04 5704.95 5677.21 5672.8 5615.87
5632.18 5631.44 5632.42 5628.64 5635.53 5638.54 5643.01 5653.71 5671.81 5691.3 5732.85 5754.83 5786.24 5871.22 5985.26 6068.09 6079.89 6057.15 5713.85 5312.73 5284.25 5186.76 5026.69 4847.06 4765.11 4704.01 4633.39 4653.72 4666.6 4639.76 4654.05 4715 4752.56 4749.82 4763.76 4832.5 4900.27 5094.99 5197.43 5321.13 5558.74 5966.71 6292.29 6064.79 5904.08 5802.31 5732.15 5720.09 5702.05 5703.94 5737.43 5767.34 5752.56 5711.07 5695.87 5682.31 5661.25 5603.61
5644.53 5643.28 5643.88 5637.32 5623.16 5636.66 5647.27 5661.94 5694.94 5770.01 5780.86 5789.83 5822.83 5914.31 6055.7 6172.26 6132.2 5883.68 5397.31 5143.47 5237.96 5088.51 4911.53 4745.34 4662.13 4614.25 4578.72 4593.68 4601.54 4597.02 4602.55 4635.59 4667.2 4688.75 4714.7 4742.83 4784.83 4899.7 5061.58 5246.54 5349.24 5685.5 6304.92 6274.66 6020.72 5966.26 5814.87 5730.12 5709.77 5703.14 5733.3 5792.96 5758.57 5699.85 5682.21 5678.65 5652.74 5594.86
5660.94 5667.38 5669.12 5664.52 5649.21 5645.74 5656.62 5667.81 5697.38 5820.47 5854.66 5852.88 5880.96 5951.48 6068.61 6166.58 6035.88 5614.68 5179.39 5054.45 5026.08 4952.22 4814.37 4670.24 4598.26 4569.74 4550.68 4569.58 4580.05 4584.41 4593.24 4602.41 4620.67 4645.01 4666.14 4677.16 4699.2 4891.38 5110.72 5138.37 5233.65 5551.17 6087.4 6325.93 6168.26 6051.49 5987.09 5742.03 5735.21 5738.76 5735.55 5784.93 5756.48 5721.06 5685.27 5688.05 5666.2 5599.89
5670.07 5679.68 5694.4 5694.1 5674.08 5687.31 5682.44 5689.85 5733.26 5923.24 5955.16 5907.04 5944.34 5984.11 5995.82 5955.14 5705.72 5256.67 5050 5042.7 4884.92 4822.54 4726.65 4633.22 4585.27 4560.84 4555.78 4568.92 4579.94 4586.58 4593.84 4590.18 4594.79 4597.21 4594.12 4621.64 4692.63 4834.48 4963.86 5174.44 5197.93 5309.75 5709.14 6103.27 6247.07 6069.32 5959.59 5786.34 5760.79 5767.61 5746.73 5740.13 5748.7 5741.86 5677.05 5676.43 5658.68 5625.07
5671.16 5687.84 5686.87 5701.42 5718.24 5725.07 5711.16 5718.36 5745.28 5916.19 5940.36 5894.09 5981.3 6027.59 5884.16 5646.43 5399.15 5084.18 5014.44 4950.98 4842.51 4732.71 4661.44 4598.98 4569.93 4561.05 4564.51 4576.47 4586.61 4595.82 4596.42 4581.03 4577.32 4574.21 4570.15 4579.54 4695.26 4788.26 4842.37 5078.82 5174.64 5185.26 5427.11 5863.22 6281.33 6089.72 5951.98 5840.67 5789.98 5753.6 5739.58 5742.01 5738.83 5722.55 5669 5643.36 5656.19 5674.34
5674.89 5699.66 5702.29 5722.91 5745.87 5736.84 5726.91 5734.28 5778.82 5878.77 5880.51 5797.15 5966.66 6047.37 5827.27 5518.51 5312.51 5133.4 4985.65 4882.54 4744.34 4652.4 4604.55 4563.79 4552.63 4557.8 4578.06 4592.91 4600.69 4598.11 4588.47 4575.53 4574.56 4569.05 4554.81 4556.27 4590.12 4752.07 4882.09 4968.59 5079.18 5096.83 5255.95 5752.93 6197.77 6077.88 5997.51 5954.99 5840.68 5758.55 5718.19 5721.57 5725.58 5707.49 5671.5 5641.83 5643.98 5616.07
5692.78 5775.63 5811.44 5776.84 5760.79 5730.77 5731.28 5737.84 5765.74 5826.08 5831.26 5775.35 6002.74 6208.41 5847.02 5402.51 5291.35 5237.59 4917.1 4768.24 4626.71 4570 4552.38 4535.65 4542.89 4565.7 4603.91 4621.61 4632.66 4630.1 4618.31 4609.35 4601.2 4584.1 4563.89 4561.62 4588.97 4695.07 4734.95 4802.96 4923.87 4997.65 5174.19 5721.89 6092.21 6110.18 6065.31 6093.91 5928.67 5765.1 5756.94 5744.72 5715.94 5689.52 5672.95 5647.38 5614.47 5579.34
5682.87 5776.69 5867.12 5792.81 5768.06 5751.86 5736.98 5741.42 5765.81 5796.43 5803.95 5768.57 6002.65 6207.95 5815.39 5337.85 5187.49 5057.09 4874.41 4629.76 4537.41 4500.9 4503.27 4502 4544.12 4597.97 4639.11 4657.41 4673.92 4691.05 4700.84 4669.56 4646.17 4611.46 4579.9 4573.24 4564.91 4606.36 4640.78 4735.4 4856 4995.96 5182.66 5626.67 5968.22 6431.77 6432.62 6267.77 6122.35 5871.32 5796.62 5779.62 5760.55 5692.86 5642.29 5617.68 5599.46 5587.75
5638.94 5679.98 5683.83 5722.32 5740.75 5756.16 5727.38 5716.91 5742.18 5787.86 5841.09 5881.73 6002.36 6020.44 5749.2 5376.22 5106.09 4969.56 4845.55 4648.79 4496.1 4463.4 4485.68 4502.58 4550.28 4630.27 4674.65 4694.52 4714.8 4737.42 4754.97 4743.19 4689.07 4633.92 4596.51 4579.67 4575.09 4594.04 4628.26 4695.92 4789.69 4968.6 5228.64 5503.39 5829.76 6277.85 6488.84 6489.67 6364.96 6139.12 5914.66 5790.69 5758.63 5679.73 5610.05 5590.4 5583.69 5576.26
5594.74 5600.05 5620.37 5655.62 5675.01 5690.29 5694.11 5696 5727.02 5787.06 5885.26 5929.88 6017.42 6094.84 5757.81 5266.63 5057.86 4938.29 4846.88 4628.75 4496.02 4466.56 4490 4506.63 4556.41 4641.49 4697.51 4729.23 4755.99 4775.24 4767.75 4759.05 4692.88 4640.37 4603.5 4580.5 4577.09 4593.15 4605.69 4647.6 4734.18 4986.58 5359.74 5488.79 5704.89 6123.7 6636.13 6446.46 6385.17 6216.33 5926.73 5756.75 5677.02 5633.73 5590.62 5568.62 5557.47 5547.53
5566.09 5567.18 5578.49 5610.87 5631.52 5640.17 5663.64 5691.69 5721.03 5755.73 5800.9 5868.28 5988.61 6126.78 5830.59 5321.82 5065.49 4956.3 4870.6 4560.81 4462.54 4456.67 4498.51 4526.87 4564.58 4655.57 4712.03 4751.08 4785.66 4822.74 4857.65 4791.99 4678.08 4629.56 4599.34 4589.45 4576.3 4574.75 4586.34 4628.62 4760.18 4984.15 5364.17 5561.14 5741.05 6072.45 6449.46 6272.53 6221.96 6045.34 5841.83 5716.86 5676.33 5617.21 5580.48 5546.7 5532.43 5524.14
5560.25 5568.25 5568.88 5593.52 5620.8 5633.76 5657.37 5695.96 5702.31 5711.46 5729.89 5836.81 5997.67 6108.27 5915.91 5452.11 5053.82 4908.4 4809.49 4583.8 4444 4452.07 4497.59 4535.64 4570.55 4658.58 4705.19 4742.42 4786.75 4834.95 4878.98 4803.64 4679.94 4609.78 4568.48 4570 4565.52 4552.22 4567.8 4635.42 4771.01 5038.97 5280.94 5529.71 5759.23 6132.14 6257.74 6055.06 5956.09 5849.82 5747.61 5676.04 5606.26 5580.38 5530.93 5515.79 5513.72 5509.24
5563.72 5571.08 5585.35 5605.21 5630.74 5661.81 5661.53 5663.68 5672.43 5683.93 5714.69 5846.59 6047.68 6103.43 6007.85 5604.98 5097.22 4886.21 4742.64 4603.35 4507.4 4473.72 4494.21 4511.48 4564.44 4642.13 4667.52 4700.79 4738.46 4787.22 4816.32 4746.12 4652.8 4576.75 4521.33 4502.89 4512.83 4548.26 4552.53 4621.36 4829.33 5114.93 5266.43 5517.59 5848.06 6160.2 6147.54 5941.5 5868.42 5876.02 5791.17 5679.36 5604.81 5569.65 5519.46 5526.08 5515.13 5504.51
5565 5570.87 5590.39 5611.07 5630.75 5653.34 5674.57 5667.3 5662.41 5672.05 5700.39 5813.23 6015.9 6111.18 6099.87 5737.89 5280.17 4916.92 4772.95 4650.44 4541.46 4499.35 4485.37 4482.62 4500.13 4565.75 4603.89 4636.97 4669.56 4696.24 4708.6 4675.03 4596.87 4526.9 4484.04 4480.26 4454.25 4478.05 4549.36 4674.75 4870.55 5109.78 5224.62 5493.07 5937.42 6003.91 5997.82 5888.36 5862 5862.58 5810.61 5709.68 5649.05 5593.89 5541.33 5529.65 5530.63 5519.21
5561.33 5562.39 5577.33 5597.26 5619.68 5639.23 5651.4 5662.07 5664.85 5667.7 5703.47 5817.32 6013.29 6102.58 6146.46 5814.85 5329.23 4941.18 4804.27 4682.36 4571.32 4508.28 4470.76 4443.81 4441.46 4478.23 4516.68 4555.8 4587.2 4606.54 4612.98 4616.52 4500.15 4462.38 4446.17 4419.21 4431.24 4500.75 4591.21 4699.08 4821.64 5015.78 5086.75 5523.23 5945.5 5910.3 5969.9 5864.55 5813.74 5784.31 5754.7 5696 5649.99 5594.87 5578.74 5590.43 5573.14 5542.45
5557.93 5552.38 5567.77 5587.68 5609.34 5628.07 5641.7 5674.92 5663.31 5665.81 5695.18 5778.18 5944.82 6077.55 6172.34 5937.36 5450.35 4961.24 4835.12 4704.99 4622.23 4577.34 4470.5 4409.2 4356.34 4398.25 4439.23 4473.79 4492.95 4512.07 4519.36 4502.1 4408.51 4406.99 4416.12 4425.5 4458.69 4527.11 4640.3 4720.41 4794.68 4879.37 5190.36 5736.77 5858.71 5927.34 5928.31 5843.52 5784.79 5772.44 5724.42 5678.59 5644.66 5596.63 5630.72 5646.56 5631.45 5612.96
