real_craters/C152-300m.grd
DSAA
332 332
-49.595 49.595
-49.595 49.595
8298.4834918739 9811.7846557573
[rows 90 to 119 of 332, columns 67 to 133 of 332]
9236.03 9235.77 9233.24 9236.77 9236.4 9235.78 9235.97 9236.94 9239.19 9244.67 9246.82 9247.44 9247.86 9248.47 9249.58 9249.8 9249.54 9249.39 9249.11 9249.09 9249.54 9247.92 9244.74 9244.57 9245.88 9249.92 9253.8 9254.86 9257.65 9262.28 9267.5 9273.05 9279.06 9286.55 9293.48 9300.87 9308.58 9315.99 9324.48 9332.29 9340.55 9349.8 9358.51 9365.06 9372.22 9376.96 9380.42 9385.48 9387.14 9377.52 9364.23 9350.49 9337.52 9325.5 9314.17 9304.8 9297.29 9293.82 9295.25 9298.76 9302.85 9307.15 9313.09 9321.36 9320.08 9315.26 9309.75
9238.91 9237.21 9234.52 9235.48 9236.16 9236.42 9236.84 9238.07 9241.29 9246.84 9248.38 9249.69 9249.93 9250.77 9251.7 9252.03 9252.65 9252.5 9252.5 9252.19 9251.3 9250.05 9248.46 9247.59 9247.55 9250.77 9253.97 9255.86 9258.96 9263.11 9268.71 9274.23 9280.3 9287.16 9294.21 9301.99 9309.02 9316.17 9324.28 9331.57 9339.02 9346.89 9354.68 9361.83 9368.61 9374.02 9382.13 9391.61 9398.4 9385.43 9368.11 9352.16 9337.87 9324.81 9312.73 9302.47 9293.58 9287.49 9287.38 9292.48 9297.17 9302.94 9309.02 9312.6 9313.89 9313.57 9309.02
9240.42 9237.71 9235.31 9235.77 9236.47 9236.77 9237.29 9238.79 9241.87 9246.81 9249.71 9251.6 9252.36 9253.52 9254.65 9255.38 9256.1 9256.01 9255.92 9255.12 9254.04 9252.52 9250.7 9248.91 9246.73 9247.43 9250.46 9254.73 9259.07 9263.74 9269.67 9275.52 9281.55 9288.43 9295.55 9303.01 9309.79 9316.13 9323.22 9329.66 9336.09 9342.6 9349.21 9356.28 9362.37 9368.07 9376.75 9386.88 9392.82 9380.84 9364.76 9349.6 9335.82 9322.67 9310.48 9299.95 9290.07 9281.66 9276.44 9281.8 9290.29 9297.27 9302.77 9304.7 9306.79 9309.49 9306.17
9240.33 9238.5 9236.61 9236.93 9237.21 9237.34 9237.89 9239.28 9243.67 9248.53 9250.99 9253.31 9255.7 9257.13 9258.36 9259.57 9260.07 9259.91 9259.2 9258.38 9256.72 9255.73 9252.96 9249.99 9245.61 9242.08 9246.03 9253.34 9258.74 9264.37 9270.7 9276.74 9282.82 9289.79 9296.51 9302.93 9309.47 9315.55 9321.95 9328.02 9333.11 9337.66 9341.41 9346.57 9353.14 9358.22 9364.85 9371.4 9374.77 9366.92 9355.41 9343.45 9331.59 9319.84 9308.28 9297.95 9288.13 9279.42 9273.69 9277.43 9285.83 9292.16 9297.43 9298.17 9300.97 9305.28 9302.33
9240.72 9240.29 9240.08 9239.42 9238.79 9238.46 9238.47 9239.2 9243.43 9248.81 9252.26 9255.53 9258.23 9260.07 9261.66 9263.41 9264.07 9264.15 9263.2 9262.29 9260.81 9257.99 9255.64 9252.32 9247.52 9243.88 9247.57 9254.47 9259.94 9265.83 9271.6 9277.51 9283.43 9289.91 9296.5 9302.88 9309.2 9315.42 9321.81 9326.85 9330.77 9333.43 9334.03 9337.01 9343.61 9346.97 9350.17 9350.76 9350.24 9348.85 9343.11 9334.82 9325.55 9315.37 9305.92 9296.64 9288.16 9280.43 9275.99 9279.96 9285.58 9288.42 9288.98 9290.79 9295.43 9301.8 9297.87
9241.89 9242.28 9242.68 9241.89 9240.98 9240.43 9240.04 9240.12 9243 9249.23 9253.75 9257.41 9260.67 9263.04 9264.97 9266.64 9267.55 9267.94 9267.3 9265.9 9264.37 9262.87 9259.19 9255.4 9252.58 9250.66 9253.2 9258.19 9262.75 9267.93 9273.37 9279.09 9284.87 9290.79 9296.54 9303.11 9309.2 9315.23 9321.69 9326.43 9330.05 9331.91 9331.56 9333.15 9336.73 9337.2 9337.45 9335.39 9333.79 9333.83 9331.09 9326.07 9319.55 9311.74 9304.17 9296.08 9289.12 9283.42 9281.23 9287.27 9288.92 9288.82 9286.34 9287.28 9290.8 9291.12 9292.73
9243.57 9244.07 9243.99 9243.82 9243.62 9243.04 9242.59 9242.8 9247.29 9251.63 9255.86 9259.55 9263.13 9265.92 9267.89 9269.64 9270.87 9271.59 9271.19 9270.18 9267.48 9264.47 9262.29 9259.91 9258.87 9259.04 9260.01 9263.25 9266.89 9271.09 9276.07 9281.24 9287.14 9292.82 9297.88 9304.15 9310.04 9315.76 9321.24 9326.25 9330.36 9333.26 9333.82 9333.47 9332.76 9329.73 9327.49 9325.35 9323.86 9322.56 9320.89 9317.84 9313.54 9308.04 9302.58 9296.78 9291.41 9287.06 9285.2 9290.88 9293.17 9294.06 9293.29 9293.07 9293.42 9291.59 9291.57
9246.21 9246.92 9247.13 9247.3 9247.26 9246.56 9245.76 9245.76 9251 9254.6 9258.31 9261.94 9265.06 9268.75 9270.8 9272.84 9274.4 9275.31 9275.1 9273.97 9269.27 9265.51 9264.93 9264.12 9264.73 9265.09 9266.04 9268.14 9271.04 9274.65 9278.85 9283.71 9289.26 9294.67 9299.12 9304.75 9310.42 9315.97 9321.26 9326.59 9331.39 9335.62 9339.19 9335.16 9330 9323.68 9318.44 9314.09 9313.04 9312.95 9311.82 9310.2 9307.56 9305.45 9301.78 9298.36 9294.79 9291.46 9289.31 9291.93 9297.19 9302.34 9307.02 9308.34 9302.04 9296.75 9294.78
9249.08 9250.73 9251.89 9252.48 9252.28 9251.19 9249.77 9249.06 9253.93 9257.44 9260.86 9264.28 9267.29 9271.16 9273.36 9275.72 9277.81 9279.13 9278.95 9276.23 9271.43 9268.09 9267.54 9267.52 9269.6 9271.01 9270.64 9271.9 9274.03 9277.33 9281.34 9284.63 9289.7 9294.65 9299.88 9304.3 9309.45 9315.12 9320.72 9326.15 9331.38 9335.92 9337.4 9333.2 9326.54 9318.11 9310.95 9304.63 9304.21 9305.29 9305.58 9305.38 9304.47 9303.12 9301.75 9300.69 9298.67 9296.87 9295.38 9295.82 9301.85 9310.4 9319.85 9325.6 9312.83 9304.96 9300.04
9252.06 9255.08 9257.42 9258.61 9258.37 9256.96 9254.9 9253.64 9257.02 9260.43 9263.26 9266.55 9269.31 9272.13 9275.75 9278.41 9280.99 9283.28 9283.84 9280.45 9274.91 9270.7 9269.63 9269.37 9270.84 9272.35 9273.02 9274.82 9276.73 9279.67 9283.09 9286.65 9290.88 9295.3 9299.66 9303.88 9308.9 9314.05 9319.41 9324.32 9330.1 9335.03 9336.29 9330.2 9322.09 9312.99 9305.86 9300.93 9299.46 9300.13 9301.31 9302.33 9302.89 9302.75 9302.31 9302.23 9303.05 9303.23 9303.24 9303.84 9308.81 9316.31 9322.8 9323.97 9315.05 9308.25 9304.36
9255.3 9259.85 9263.66 9265.69 9265.38 9263.31 9260.95 9258.99 9261.59 9264.03 9266.13 9268.21 9270.99 9273.62 9276.14 9280.62 9283.51 9286.67 9289.84 9290.15 9275.24 9271.66 9271.23 9270.74 9269.76 9271.42 9274.19 9276.59 9278.51 9281 9283.89 9287.2 9290.88 9294.7 9298.79 9302.96 9307.29 9311.82 9316.65 9321.27 9326.82 9332.12 9333.76 9325.59 9315.88 9307.28 9300.4 9296.99 9295.5 9296.4 9298.4 9300.46 9302.26 9303.82 9304.71 9306.12 9307.32 9309.8 9312.42 9315.62 9318.22 9321.11 9323.56 9323.39 9317.6 9310.38 9306.76
9258.67 9264.48 9270.21 9274.26 9272.72 9269.3 9266.88 9266.81 9267.49 9267.89 9268.75 9270.16 9271.95 9274.29 9276.64 9279.67 9284.34 9287.37 9291.2 9291.47 9276.09 9273.34 9273.49 9273.48 9274 9274.7 9276.28 9278.35 9280.16 9282.23 9284.73 9287.6 9290.77 9294 9297.52 9300.98 9304.52 9308.37 9312.35 9316.31 9320.43 9324.35 9325.09 9317.89 9309.21 9301.01 9293.46 9289.49 9290.94 9293.37 9296.61 9299.6 9302.05 9304.9 9306.86 9309.56 9312.72 9316.24 9320.43 9324.56 9325.11 9324.71 9323.54 9319.68 9313.45 9308.16 9306.89
9261.35 9267.74 9274.72 9280.91 9277.8 9272.66 9269.78 9272.93 9271.88 9270.69 9270.82 9271.5 9272.77 9274.69 9276.54 9279.46 9281.99 9285.08 9286.35 9284.87 9279.35 9276.52 9276.26 9276.9 9277.17 9277.99 9278.86 9280.48 9281.79 9283.32 9285.47 9287.79 9290.45 9293.02 9296.03 9298.73 9301.7 9304.61 9307.64 9309.97 9312.21 9312.57 9311.53 9308.67 9302.36 9295.67 9288.83 9285.59 9288.55 9291.81 9295.76 9299.35 9302.41 9305.95 9309.49 9313.2 9317.21 9321.74 9326.44 9329.88 9329.27 9327.48 9324.53 9318.91 9311.77 9305.21 9306.12
9262.94 9268.58 9274.65 9279.8 9277.04 9271.64 9268.3 9271.1 9271.27 9271.01 9271.22 9271.96 9273.79 9275.29 9276.46 9278.77 9280.3 9281.19 9281.31 9280.32 9279.95 9278.82 9279.21 9280.6 9281.11 9281.21 9281.07 9281.55 9282.53 9283.66 9285.55 9287.45 9289.6 9291.92 9294.22 9296.48 9299.14 9301.04 9302.54 9303.51 9304.49 9304.78 9303.66 9301.14 9296.93 9292.59 9288.45 9286.92 9288.95 9292.1 9296.14 9300.2 9303.8 9307.88 9312.04 9316.37 9321.29 9326.08 9331.05 9333.82 9331.92 9330.83 9327.5 9322.29 9313.61 9305.94 9306.71
9263.54 9267.21 9270.68 9272.87 9270.96 9267.08 9263.77 9265.4 9268.4 9269.78 9270.66 9272.08 9274.06 9275.24 9275.93 9277.34 9278.02 9278.5 9278.71 9278.54 9278.67 9279.23 9280.45 9283.15 9286.18 9283.41 9282.16 9282.44 9283.25 9284.3 9285.41 9287.15 9288.88 9291.27 9292.97 9294.69 9296 9296.97 9297.33 9297.27 9297.09 9297.49 9296.63 9295.1 9293.13 9291.44 9290.2 9289.95 9291.07 9293.91 9298.19 9302.23 9306.43 9310.61 9315.41 9319.9 9324.71 9329.25 9334.33 9337.35 9338.27 9335.2 9331.25 9326.81 9319.35 9309.62 9309.05
9263.11 9264.74 9265.64 9264.53 9263.06 9262.38 9261.04 9263.9 9266.47 9267.97 9269.84 9271.04 9273.7 9274.2 9274.98 9275.61 9275.82 9275.67 9275.56 9276.88 9277.77 9278.41 9279.36 9281.23 9283.41 9282.21 9282.08 9282.38 9283.25 9284.55 9285.5 9287.32 9288.73 9290.05 9291.3 9291.98 9292.7 9292.98 9292.62 9291.75 9290 9287.7 9289.19 9290.1 9290.28 9291.08 9292.26 9292.72 9294.14 9296.67 9300.22 9304.3 9308.86 9314.12 9318.85 9323.77 9328.26 9332.26 9337.08 9339.38 9340.74 9338.97 9333.85 9328.13 9321.28 9313.04 9313.5
9261.87 9262.42 9262.31 9260.73 9259.72 9260.18 9260.77 9264 9265.45 9267.1 9269.39 9270.9 9272.73 9273.84 9274.51 9274.77 9274.21 9273.38 9272.48 9274.45 9276.5 9277.12 9277.08 9276.01 9276.1 9278.75 9280.66 9282.03 9283.19 9284.3 9285.47 9286.85 9288.08 9288.98 9289.9 9290.45 9290.61 9290.23 9289.38 9287.83 9285.44 9283.26 9284.78 9286.53 9288 9290.54 9293.53 9294.56 9295.93 9298.7 9302.36 9306.53 9311.84 9316.63 9321.97 9326.65 9330.82 9335.05 9339.12 9341.69 9343.6 9341.95 9335.47 9328.11 9322.51 9320.25 9320.43
9260.21 9260.74 9261.17 9261.16 9260.87 9260.28 9260.29 9262.52 9264.67 9266.81 9269.64 9271.48 9272.85 9273.98 9274.65 9274.76 9273.9 9273.3 9272.69 9275.12 9276.18 9276.4 9275.87 9274.85 9275.11 9277.01 9279.24 9280.89 9282.26 9283.58 9284.9 9286.37 9287 9287.96 9288.54 9288.98 9288.96 9288.27 9287.25 9285.9 9283.67 9281.38 9283.18 9284.5 9285.85 9288.77 9292.64 9294.29 9296.78 9300.54 9304.66 9309.87 9314.77 9319.74 9324.68 9328.47 9333.51 9337.42 9341.11 9343.76 9346.14 9343.57 9335.87 9330.21 9321.86 9323.92 9324.09
9258.14 9259.6 9261.1 9262.54 9262.76 9260.48 9260.36 9261.65 9263.87 9266.48 9268.77 9270.77 9272.68 9273.69 9274.41 9274.77 9274.81 9274.4 9274.46 9275.15 9276.66 9276.75 9276.02 9275.17 9275.46 9276.87 9278.99 9280.4 9281.85 9283.21 9284.32 9285.72 9286.53 9287.36 9287.74 9287.91 9287.78 9287.31 9286.3 9285.29 9284.5 9284.44 9283.56 9283.25 9284.02 9285.21 9287.93 9292.11 9296.77 9301.94 9307 9312.45 9317.65 9322.95 9327.5 9331.97 9336.52 9340.11 9342.7 9344.54 9345.32 9341.77 9333.86 9324.6 9317.95 9319.29 9321.51
9256.37 9258.64 9261.22 9263.75 9264.76 9259.75 9256.7 9260.4 9263.05 9265.76 9268.22 9270.63 9272.49 9273.99 9274.95 9275.77 9275.87 9276.35 9277.05 9279.17 9278.58 9278.02 9277.14 9276.28 9276.64 9277.69 9279.45 9280.89 9282.13 9283.24 9284.44 9285.76 9286.39 9287.26 9287.69 9287.79 9287.2 9286.63 9285.88 9284.95 9284.55 9284.69 9284.01 9283.43 9283.28 9283.11 9284.44 9291 9297.39 9303.25 9308.87 9314.69 9320.1 9325.65 9330.96 9335.64 9339.5 9342.96 9345.08 9345.43 9343.43 9341.49 9334.29 9323.91 9318.43 9319.84 9323.16
9255.23 9258.17 9261.28 9264.03 9264.89 9259.78 9256.81 9260.37 9263.45 9266.28 9268.98 9271.36 9273.37 9275.1 9276.56 9277.44 9277.97 9278.64 9279.94 9281.64 9280.41 9279.28 9278.57 9278.72 9278.37 9278.88 9280.15 9281.36 9282.5 9283.72 9284.82 9285.84 9286.8 9287.45 9288.05 9288.17 9287.28 9286.85 9286.04 9284.86 9283.46 9283.53 9284.51 9284.73 9284.74 9285.52 9287.86 9293.09 9299.24 9305.7 9311.64 9317.38 9323.61 9328.98 9334.18 9339.11 9342.85 9346.1 9348.27 9349.25 9348.34 9347.83 9342.07 9332.36 9326.34 9328.25 9333.19
9255 9258.69 9261.89 9264.04 9264.42 9261.37 9259.93 9262.58 9265.26 9268.04 9270.6 9273.01 9275.31 9277.22 9278.92 9279.8 9280.07 9280.9 9282 9282.04 9280.63 9279.84 9279.87 9278.02 9279.74 9279.94 9280.91 9281.99 9283.07 9284.1 9285.25 9286.35 9287.65 9287.96 9287.97 9288.29 9288.31 9288.09 9287.46 9286.17 9284.44 9284.86 9286.53 9287.34 9287.81 9289.78 9292.71 9297.08 9302.85 9308.76 9314.68 9321.29 9327.65 9333.19 9338.38 9342.86 9346.97 9350.35 9353.37 9355.19 9356.53 9361.17 9355.86 9349.3 9339.98 9339.85 9345.34
9257.87 9261.11 9263.39 9264.85 9265.34 9264.71 9265.19 9265.69 9267.34 9269.58 9272.12 9274.63 9277.01 9279.54 9281.2 9282.35 9282.24 9280.79 9280.49 9280.13 9279.06 9279.13 9281.29 9284.91 9281.48 9281.13 9281.83 9282.98 9284.19 9285.66 9286.9 9287.34 9287.94 9289.11 9289.43 9289.64 9289.83 9290.09 9290.21 9289.54 9288.74 9289.26 9290.37 9291 9291.58 9294.22 9297.36 9301.68 9307.04 9312.88 9319.11 9325.12 9331.42 9336.8 9341.68 9347.49 9352.38 9356.26 9359.77 9362.19 9363.38 9366.98 9367.07 9363.15 9356.9 9355.65 9358.24
9265.28 9265.39 9265.65 9265.98 9266.37 9265.97 9266.96 9268.02 9269.31 9271.38 9273.8 9276.76 9279.31 9281.46 9283.75 9285.42 9285.78 9282.67 9277.28 9275.99 9276.34 9276.65 9277.43 9278.57 9280.16 9280.84 9282.26 9283.8 9285.29 9286.95 9288.27 9289.16 9290.23 9290.86 9291.09 9291.63 9291.56 9292.44 9293.39 9294.55 9295.84 9295.5 9295.38 9295.29 9295.08 9297.47 9301.21 9306.16 9311.85 9317.82 9323.79 9329.97 9335.28 9340.92 9347.59 9352.75 9358.44 9362.61 9366.66 9370.51 9373.23 9376.4 9374.17 9370.95 9370.05 9369.58 9371.27
9271.99 9269.28 9267.54 9266.55 9266.26 9266.72 9268.56 9269.42 9270.82 9273.26 9275.81 9278.57 9281.6 9284.33 9286.71 9288.71 9290.61 9291.6 9278.5 9274.5 9274.73 9274.41 9274.26 9275.65 9278.41 9280.59 9282.45 9284.31 9286.07 9288.28 9289.7 9290.24 9291.35 9291.24 9292.16 9293.21 9294.07 9295.34 9296.65 9299.15 9302.08 9301.34 9300.79 9300.25 9298.98 9299.32 9304.59 9310.87 9317.15 9323.17 9329.12 9335 9340.63 9347.1 9352.58 9359.11 9364.27 9368.84 9373.7 9378.41 9383.52 9388.26 9385.06 9382.54 9383.24 9383.58 9385.77
9273.86 9271.03 9268.29 9266.3 9265.3 9266.75 9268.22 9269.47 9271.31 9273.8 9276.97 9279.99 9283.12 9286.36 9289.03 9290.97 9291.89 9291.53 9285.71 9278.04 9275.53 9273.99 9272.82 9274.7 9278.55 9281.4 9283.83 9286 9287.84 9289.54 9290.99 9291.15 9292.17 9293 9293.97 9294.99 9295.68 9297.24 9299.36 9302.25 9304.9 9305.65 9305.48 9304.94 9305.5 9306.71 9311.41 9317.28 9323.11 9329.2 9335.14 9340.88 9346.64 9352.29 9358.08 9363.56 9369.02 9374.55 9380.02 9385.19 9390.11 9395.14 9395.7 9395.6 9397.55 9398.69 9396.5
9273.98 9271.43 9268.33 9265.34 9263.18 9263.47 9266.67 9268.59 9271.22 9274.24 9277.59 9281.08 9284.71 9288.12 9290.93 9292.66 9291.88 9287.09 9283.29 9279.89 9277.66 9275.97 9274.7 9277.11 9281.16 9283.66 9285.78 9288.37 9289.38 9290.93 9292.2 9293.1 9294.13 9294.44 9295.43 9296.21 9297.34 9298.79 9300.82 9303.96 9307.49 9308.94 9310.3 9310.94 9313.11 9316.76 9320.12 9325.09 9330.14 9335.5 9341.18 9346.66 9352.12 9357.55 9363.15 9368.69 9374.73 9380.55 9386.95 9392.47 9396.16 9399.52 9406.03 9406.98 9409.32 9414.29 9406.08
9274.77 9271.93 9268.35 9264.41 9260.58 9258.73 9262.69 9267.11 9270.92 9274.82 9278.65 9282.36 9286.24 9289.9 9293.02 9295.19 9295.42 9290.21 9281.21 9280.97 9280.9 9280.44 9281.02 9282.77 9285.91 9288.02 9290.03 9291.79 9292.47 9293.74 9294.88 9295.16 9296.3 9296.88 9297.77 9298.71 9299.54 9300.38 9301.09 9303.23 9307.28 9311.31 9315.22 9317.51 9319.79 9323 9328.3 9333.13 9337.86 9342.78 9348.15 9353.23 9358.53 9363.81 9369.44 9376.06 9381.98 9387.77 9393.44 9399.17 9403.56 9409.53 9413.16 9413.08 9414.12 9415.39 9411.28
9276.36 9273.21 9269.17 9264.7 9259.72 9257.01 9260.94 9266.41 9271.29 9275.8 9279.88 9283.74 9287.35 9290.91 9294.45 9297.5 9300.26 9296.92 9287.22 9285.41 9285.84 9286.55 9286.78 9289.42 9291.63 9292.75 9294.11 9295.47 9295.9 9296.85 9297.74 9298.12 9299.2 9299.88 9300.7 9301.4 9302.1 9302.48 9301.94 9300.65 9305.2 9314.09 9321.03 9325.64 9330.02 9333.28 9337.66 9341.44 9345.27 9349.69 9354.1 9358.95 9364.15 9369.49 9375.62 9381.4 9387.01 9393.03 9399.22 9404.61 9409.02 9414.45 9414.71 9414.55 9415.11 9415.18 9413.03
9277.54 9274.59 9271.04 9267.34 9263.55 9261.8 9262.95 9267.94 9272.68 9276.94 9280.74 9284.39 9287.64 9290.98 9294.2 9297.5 9300.83 9299.66 9293.17 9290.86 9291.16 9293.25 9297.42 9296.45 9296.5 9297.42 9298.19 9298.83 9299.65 9300.25 9300.75 9301.39 9302.09 9302.76 9303.64 9304.25 9305.3 9306.09 9306.35 9305.34 9310.77 9320.19 9328.26 9334.39 9341.35 9345.77 9347.33 9349.87 9353.06 9356.77 9359.83 9363.88 9368.75 9373.83 9379.18 9384.69 9390.43 9397.15 9402.7 9407.97 9411.88 9415.4 9414.89 9415.78 9416.78 9416.79 9416.12
