real_craters/C152-750m.grd
DSAA
133 133
-49.595 49.595
-49.595 49.595
8300.4728869609 9796.8197324761
[rows 76 to 113 of 133, columns 0 to 83 of 133]
9295 9301 9306 9315 9329 9331 9339 9348 9348 9339 9330 9320 9309 9302 9305 9307 9312 9316 9319 9324 9329 9334 9341 9349 9360 9351 9349 9388 9414 9406 9391 9370 9362 9361 9360 9362 9365 9369 9373 9385 9407 9414 9425 9441 9455 9471 9478 9476 9503 9588 9577 9473 9379 9306 9275 9206 8970 8795 8745 8693 8619 8536 8480 8454 8455 8497 8532 8550 8530 8495 8498 8513 8569 8649 8750 8880 9024 9163 9265 9303 9357 9395 9405 9538
9294 9302 9308 9316 9319 9322 9331 9343 9358 9354 9343 9328 9315 9307 9307 9310 9315 9322 9329 9333 9334 9339 9344 9348 9357 9351 9344 9357 9391 9407 9385 9371 9373 9368 9365 9367 9368 9370 9373 9383 9399 9412 9418 9425 9436 9446 9454 9466 9503 9564 9571 9510 9434 9338 9221 9197 9160 9034 8943 8844 8722 8586 8503 8467 8498 8543 8566 8566 8552 8540 8549 8575 8643 8728 8810 8945 9069 9169 9236 9316 9414 9502 9559 9610
9297 9302 9307 9311 9316 9319 9321 9330 9352 9357 9348 9334 9321 9311 9310 9313 9318 9326 9332 9333 9338 9344 9350 9354 9354 9353 9351 9361 9389 9402 9386 9376 9376 9367 9369 9371 9374 9376 9376 9382 9398 9408 9414 9421 9427 9436 9446 9463 9496 9530 9542 9522 9471 9389 9263 9169 9123 9171 9141 9022 8878 8719 8623 8588 8609 8628 8635 8615 8594 8581 8581 8622 8734 8851 8953 9062 9124 9173 9219 9337 9478 9624 9712 9629
9299 9301 9307 9314 9320 9323 9326 9338 9355 9355 9349 9337 9324 9313 9312 9316 9321 9328 9332 9337 9342 9348 9355 9360 9358 9356 9360 9375 9390 9404 9408 9388 9378 9372 9374 9378 9383 9386 9391 9391 9398 9408 9417 9423 9429 9436 9446 9458 9489 9524 9539 9538 9520 9495 9473 9374 9320 9381 9327 9196 9064 8933 8851 8785 8756 8763 8754 8723 8699 8695 8691 8743 8860 8988 9150 9189 9184 9208 9250 9370 9517 9654 9720 9574
9299 9304 9309 9317 9324 9326 9337 9349 9359 9355 9351 9340 9326 9316 9314 9320 9326 9331 9336 9341 9346 9353 9359 9365 9364 9359 9359 9360 9373 9404 9405 9389 9381 9378 9379 9384 9390 9398 9403 9405 9407 9413 9419 9423 9429 9435 9447 9467 9488 9521 9537 9551 9564 9583 9599 9555 9490 9461 9434 9349 9251 9173 9068 9031 8968 8942 8914 8892 8877 8920 8995 8949 9008 9095 9166 9206 9226 9239 9309 9429 9541 9610 9600 9532
9304 9304 9310 9316 9325 9333 9344 9356 9352 9353 9353 9342 9330 9318 9318 9322 9328 9334 9340 9347 9353 9356 9360 9362 9359 9354 9362 9367 9386 9406 9402 9394 9387 9383 9382 9387 9396 9408 9425 9416 9419 9421 9420 9421 9426 9432 9441 9455 9471 9490 9525 9555 9586 9619 9628 9541 9566 9620 9562 9466 9393 9359 9333 9325 9226 9132 9080 9055 9077 9055 9050 9092 9157 9213 9244 9265 9308 9303 9417 9524 9574 9607 9581 9500
9306 9309 9314 9319 9328 9335 9346 9359 9359 9355 9350 9345 9334 9323 9320 9324 9328 9334 9341 9345 9352 9357 9360 9360 9359 9360 9375 9400 9397 9414 9408 9410 9399 9383 9384 9389 9397 9411 9431 9448 9436 9428 9425 9423 9425 9427 9431 9439 9459 9480 9515 9550 9587 9629 9656 9633 9595 9601 9600 9532 9472 9434 9419 9413 9347 9274 9230 9193 9138 9197 9215 9281 9342 9387 9431 9471 9478 9467 9549 9609 9590 9572 9540 9505
9307 9310 9313 9321 9329 9336 9342 9350 9357 9361 9357 9350 9343 9332 9324 9325 9331 9336 9342 9345 9354 9358 9361 9363 9364 9359 9382 9411 9428 9421 9407 9409 9398 9393 9387 9387 9392 9403 9423 9449 9439 9429 9423 9422 9423 9425 9427 9435 9454 9478 9502 9533 9569 9602 9631 9631 9612 9618 9593 9562 9515 9446 9402 9387 9377 9383 9381 9382 9393 9457 9524 9522 9496 9521 9596 9714 9625 9635 9610 9604 9580 9548 9516 9488
9311 9313 9314 9323 9331 9337 9339 9341 9358 9372 9363 9361 9357 9346 9327 9327 9334 9341 9341 9349 9355 9360 9363 9365 9363 9364 9378 9394 9405 9389 9383 9378 9374 9376 9378 9381 9383 9383 9389 9408 9420 9420 9420 9419 9419 9421 9425 9431 9439 9455 9478 9504 9537 9572 9599 9582 9553 9623 9631 9599 9576 9546 9500 9476 9464 9486 9509 9557 9667 9710 9726 9637 9587 9595 9632 9658 9629 9605 9586 9560 9552 9537 9511 9486
9316 9317 9318 9321 9326 9334 9340 9344 9361 9378 9377 9374 9371 9360 9334 9330 9336 9343 9348 9355 9359 9361 9364 9365 9365 9365 9371 9376 9376 9371 9372 9371 9371 9376 9378 9380 9380 9376 9375 9385 9402 9410 9412 9412 9413 9415 9421 9421 9414 9428 9450 9472 9497 9529 9549 9538 9528 9599 9626 9616 9630 9684 9651 9635 9616 9606 9608 9655 9750 9761 9661 9587 9603 9610 9614 9596 9567 9537 9541 9528 9531 9523 9510 9493
9321 9319 9319 9321 9324 9336 9344 9352 9362 9375 9383 9383 9379 9365 9342 9335 9341 9348 9353 9359 9359 9363 9366 9368 9366 9364 9368 9372 9374 9375 9375 9377 9380 9381 9383 9384 9384 9383 9382 9386 9395 9402 9406 9406 9405 9404 9403 9405 9404 9415 9431 9444 9455 9462 9503 9510 9524 9578 9602 9586 9590 9600 9648 9685 9714 9654 9638 9652 9665 9647 9607 9594 9605 9603 9592 9560 9547 9532 9525 9536 9523 9513 9505 9487
9326 9322 9321 9323 9328 9336 9345 9360 9373 9382 9384 9383 9384 9373 9353 9345 9347 9353 9355 9357 9363 9366 9369 9371 9369 9368 9368 9372 9374 9378 9384 9386 9387 9388 9390 9391 9392 9389 9391 9393 9394 9397 9398 9398 9397 9395 9393 9400 9408 9415 9422 9428 9432 9442 9518 9539 9509 9541 9557 9549 9538 9522 9503 9533 9569 9607 9621 9617 9592 9568 9605 9626 9606 9595 9586 9586 9560 9527 9507 9491 9510 9529 9501 9480
9326 9325 9322 9326 9331 9340 9350 9353 9401 9403 9348 9388 9393 9383 9365 9354 9349 9345 9357 9364 9365 9368 9372 9375 9370 9368 9370 9372 9376 9380 9394 9396 9396 9395 9394 9400 9405 9406 9398 9395 9394 9393 9393 9392 9391 9392 9395 9405 9414 9419 9421 9421 9424 9436 9487 9486 9492 9520 9561 9532 9507 9509 9524 9487 9545 9585 9595 9590 9573 9551 9576 9609 9594 9581 9571 9557 9531 9511 9496 9484 9489 9490 9470 9464
9326 9328 9329 9330 9337 9352 9350 9293 9164 9082 9247 9402 9407 9388 9365 9350 9349 9357 9364 9367 9368 9369 9373 9376 9370 9368 9371 9373 9377 9383 9402 9405 9406 9404 9404 9410 9421 9421 9411 9403 9398 9394 9391 9389 9388 9390 9399 9415 9432 9427 9423 9422 9426 9439 9459 9469 9472 9487 9516 9491 9472 9484 9510 9508 9554 9580 9585 9586 9593 9624 9590 9570 9570 9565 9554 9539 9515 9501 9494 9486 9484 9482 9467 9463
9330 9331 9333 9335 9341 9352 9364 9296 9187 9146 9274 9391 9397 9384 9364 9351 9351 9360 9371 9371 9370 9370 9373 9375 9372 9371 9373 9375 9379 9385 9406 9406 9406 9402 9398 9418 9443 9450 9425 9414 9404 9397 9392 9389 9387 9387 9394 9416 9430 9429 9426 9424 9429 9449 9468 9457 9452 9452 9479 9469 9452 9466 9500 9532 9544 9559 9571 9577 9584 9582 9567 9557 9551 9546 9539 9525 9509 9504 9502 9501 9497 9490 9486 9477
9332 9334 9337 9340 9346 9357 9365 9356 9391 9412 9402 9393 9381 9375 9363 9355 9360 9369 9370 9373 9372 9371 9373 9376 9375 9374 9377 9379 9384 9388 9395 9400 9398 9396 9400 9426 9466 9481 9446 9423 9410 9402 9395 9392 9389 9389 9396 9417 9430 9428 9425 9422 9422 9442 9463 9453 9445 9446 9467 9464 9450 9460 9487 9511 9534 9551 9561 9564 9562 9547 9540 9540 9536 9533 9529 9521 9511 9510 9514 9524 9533 9508 9485 9492
9335 9337 9340 9345 9348 9351 9368 9378 9393 9400 9396 9388 9379 9373 9365 9360 9367 9367 9373 9373 9373 9372 9374 9379 9379 9379 9381 9382 9386 9389 9394 9398 9400 9403 9404 9428 9467 9473 9441 9426 9416 9407 9401 9396 9394 9395 9401 9413 9422 9424 9423 9420 9420 9441 9453 9446 9447 9460 9467 9472 9458 9466 9481 9501 9522 9542 9546 9547 9545 9537 9527 9525 9527 9527 9525 9522 9515 9510 9515 9524 9534 9520 9511 9512
9339 9341 9343 9346 9351 9356 9366 9376 9386 9390 9390 9385 9383 9376 9369 9366 9364 9367 9370 9372 9374 9374 9375 9381 9382 9382 9381 9384 9388 9389 9394 9399 9403 9408 9415 9430 9448 9448 9434 9425 9417 9411 9405 9401 9399 9401 9406 9413 9419 9421 9421 9420 9420 9430 9429 9438 9448 9460 9472 9467 9450 9451 9457 9465 9486 9520 9526 9532 9534 9530 9521 9521 9523 9524 9524 9520 9510 9509 9510 9512 9510 9519 9524 9525
9343 9345 9346 9350 9357 9362 9369 9374 9381 9386 9386 9385 9384 9379 9372 9367 9364 9365 9368 9373 9375 9377 9377 9382 9385 9384 9383 9384 9389 9394 9400 9403 9407 9414 9420 9428 9428 9428 9428 9425 9419 9415 9412 9407 9404 9402 9407 9412 9417 9419 9420 9421 9421 9426 9429 9438 9449 9461 9469 9464 9443 9437 9435 9434 9448 9469 9496 9516 9526 9519 9515 9516 9519 9521 9524 9522 9514 9505 9503 9505 9508 9508 9517 9526
9347 9348 9351 9357 9363 9368 9374 9377 9381 9384 9389 9395 9393 9384 9376 9369 9368 9371 9376 9377 9378 9379 9378 9383 9386 9388 9384 9383 9392 9398 9403 9406 9410 9415 9419 9420 9424 9431 9430 9427 9422 9419 9415 9412 9409 9403 9410 9418 9419 9420 9422 9424 9426 9428 9433 9440 9449 9464 9462 9476 9454 9430 9421 9415 9420 9446 9474 9503 9531 9530 9507 9505 9512 9513 9521 9532 9517 9498 9496 9496 9491 9498 9511 9518
9352 9353 9356 9365 9369 9373 9378 9383 9387 9390 9405 9402 9402 9388 9378 9371 9372 9376 9379 9380 9381 9382 9382 9387 9387 9386 9386 9388 9396 9400 9405 9408 9412 9416 9421 9426 9432 9440 9432 9428 9425 9421 9418 9415 9414 9417 9415 9416 9420 9423 9425 9426 9429 9438 9437 9442 9446 9446 9444 9464 9455 9429 9415 9404 9402 9419 9448 9488 9521 9514 9479 9477 9484 9493 9506 9517 9502 9486 9494 9500 9497 9506 9511 9510
9362 9362 9362 9372 9374 9377 9382 9388 9395 9407 9417 9408 9395 9387 9379 9374 9376 9382 9380 9383 9387 9390 9388 9392 9392 9391 9394 9401 9405 9409 9409 9411 9415 9420 9424 9430 9437 9423 9429 9427 9425 9422 9419 9416 9415 9416 9415 9415 9422 9428 9431 9432 9435 9445 9447 9446 9443 9436 9430 9424 9438 9433 9417 9402 9390 9400 9430 9471 9497 9483 9452 9450 9453 9473 9490 9494 9486 9482 9501 9523 9533 9530 9514 9501
9374 9377 9373 9377 9378 9380 9385 9391 9400 9408 9411 9405 9395 9387 9380 9376 9379 9383 9385 9393 9400 9401 9406 9408 9405 9397 9402 9408 9413 9417 9413 9414 9418 9422 9428 9438 9440 9434 9430 9428 9425 9423 9420 9417 9413 9410 9414 9418 9424 9435 9440 9445 9448 9456 9454 9449 9441 9434 9425 9415 9431 9429 9424 9415 9404 9423 9445 9463 9479 9466 9448 9445 9453 9467 9485 9498 9501 9506 9510 9518 9524 9521 9504 9490
9375 9375 9374 9376 9379 9383 9389 9395 9402 9409 9408 9404 9394 9386 9380 9377 9381 9387 9392 9398 9385 9407 9427 9446 9428 9410 9403 9410 9412 9413 9412 9414 9419 9426 9431 9433 9435 9430 9425 9422 9417 9416 9415 9415 9416 9415 9416 9422 9432 9446 9460 9470 9468 9466 9463 9454 9443 9432 9423 9422 9431 9432 9437 9441 9448 9449 9447 9452 9456 9453 9450 9446 9451 9460 9484 9505 9515 9520 9515 9503 9497 9489 9487 9478
9373 9374 9375 9378 9385 9387 9393 9401 9407 9412 9411 9405 9391 9385 9382 9381 9384 9391 9410 9405 9331 9280 9459 9460 9441 9415 9409 9409 9406 9407 9411 9416 9423 9428 9429 9429 9445 9434 9429 9425 9422 9420 9419 9419 9421 9421 9418 9425 9439 9454 9472 9504 9499 9490 9474 9459 9446 9435 9424 9427 9436 9441 9451 9463 9474 9466 9448 9441 9442 9441 9442 9437 9429 9443 9472 9503 9522 9529 9535 9515 9492 9479 9476 9469
9372 9375 9376 9378 9385 9391 9399 9409 9414 9415 9414 9405 9393 9385 9383 9383 9391 9394 9407 9441 9282 9084 9242 9423 9427 9393 9371 9410 9409 9409 9411 9417 9429 9437 9434 9426 9486 9434 9431 9430 9426 9423 9420 9418 9420 9424 9426 9431 9441 9447 9453 9446 9382 9428 9462 9459 9449 9437 9428 9428 9431 9446 9460 9475 9488 9474 9436 9426 9428 9430 9428 9425 9426 9435 9452 9483 9528 9571 9570 9549 9497 9480 9471 9466
9374 9377 9381 9383 9385 9394 9404 9419 9420 9422 9423 9411 9396 9387 9384 9384 9390 9398 9412 9455 9327 9162 9356 9461 9434 9390 9355 9414 9407 9409 9413 9419 9431 9445 9454 9394 9458 9436 9423 9418 9417 9415 9413 9412 9412 9421 9428 9436 9441 9444 9434 9382 9317 9389 9449 9458 9450 9438 9430 9432 9439 9447 9462 9478 9493 9481 9428 9417 9419 9427 9426 9426 9430 9434 9437 9468 9526 9574 9576 9543 9483 9465 9466 9462
9376 9381 9384 9385 9389 9396 9405 9415 9418 9424 9427 9412 9399 9389 9386 9387 9399 9406 9414 9426 9416 9483 9455 9454 9430 9412 9414 9415 9410 9410 9415 9420 9434 9449 9453 9456 9444 9440 9437 9435 9430 9426 9423 9418 9412 9423 9439 9440 9445 9450 9457 9478 9427 9486 9478 9465 9454 9439 9423 9433 9446 9449 9460 9470 9477 9465 9446 9441 9439 9436 9436 9439 9442 9439 9433 9461 9518 9572 9560 9498 9466 9459 9461 9460
9380 9385 9389 9388 9392 9397 9400 9406 9410 9418 9424 9416 9406 9396 9390 9391 9402 9409 9413 9414 9428 9440 9427 9422 9423 9416 9410 9413 9411 9414 9418 9421 9434 9449 9461 9456 9444 9440 9438 9436 9433 9431 9428 9426 9424 9427 9432 9438 9442 9447 9456 9467 9497 9504 9488 9474 9460 9446 9432 9442 9447 9452 9459 9462 9458 9448 9451 9454 9452 9447 9447 9451 9465 9469 9445 9461 9504 9540 9526 9477 9462 9456 9458 9458
9383 9380 9374 9389 9392 9397 9401 9406 9406 9409 9409 9412 9411 9411 9400 9399 9408 9410 9410 9409 9416 9416 9417 9412 9412 9412 9412 9413 9413 9416 9420 9421 9433 9446 9457 9452 9448 9444 9440 9438 9436 9436 9435 9435 9434 9430 9429 9435 9438 9441 9444 9447 9455 9466 9470 9465 9456 9449 9446 9451 9459 9462 9459 9455 9448 9446 9454 9458 9455 9453 9454 9462 9482 9511 9477 9473 9489 9495 9480 9466 9460 9458 9458 9456
9384 9386 9390 9393 9396 9398 9400 9403 9404 9405 9403 9402 9409 9416 9421 9416 9416 9412 9410 9411 9412 9413 9411 9409 9411 9412 9415 9416 9415 9419 9423 9424 9433 9443 9450 9446 9448 9444 9440 9438 9438 9439 9440 9441 9441 9437 9434 9434 9436 9439 9441 9444 9449 9455 9456 9453 9449 9450 9461 9469 9470 9475 9458 9449 9444 9445 9460 9463 9455 9453 9454 9458 9476 9487 9487 9481 9480 9476 9466 9460 9456 9454 9452 9454
9385 9386 9388 9392 9396 9398 9400 9403 9403 9403 9404 9408 9412 9410 9410 9407 9410 9413 9411 9409 9408 9411 9412 9412 9411 9413 9416 9418 9418 9421 9424 9427 9432 9441 9447 9440 9435 9435 9436 9436 9437 9440 9445 9446 9445 9443 9439 9434 9434 9436 9442 9446 9451 9451 9450 9449 9448 9449 9454 9501 9495 9462 9449 9442 9438 9442 9453 9456 9451 9448 9450 9460 9467 9473 9484 9477 9472 9469 9468 9457 9457 9452 9451 9453
9386 9388 9390 9393 9396 9399 9399 9398 9402 9402 9406 9408 9408 9409 9402 9398 9402 9410 9410 9412 9410 9415 9413 9410 9411 9414 9416 9418 9420 9422 9425 9425 9430 9438 9446 9437 9430 9430 9431 9433 9436 9440 9446 9456 9452 9445 9438 9433 9432 9433 9437 9445 9447 9446 9442 9440 9440 9443 9448 9462 9485 9458 9441 9435 9432 9433 9437 9448 9442 9445 9447 9445 9450 9461 9461 9466 9467 9465 9460 9456 9453 9452 9452 9454
9386 9387 9390 9393 9396 9398 9400 9401 9402 9402 9407 9410 9408 9410 9403 9400 9400 9404 9406 9408 9413 9418 9414 9410 9413 9414 9418 9423 9421 9423 9426 9428 9429 9433 9433 9431 9425 9425 9426 9430 9434 9437 9438 9445 9439 9425 9426 9428 9429 9427 9430 9439 9446 9438 9438 9437 9436 9438 9446 9448 9446 9437 9432 9429 9425 9415 9412 9418 9438 9445 9448 9445 9448 9457 9462 9464 9465 9463 9459 9459 9454 9453 9455 9456
9387 9390 9391 9393 9397 9401 9401 9402 9403 9404 9409 9412 9407 9409 9406 9404 9403 9401 9402 9404 9406 9413 9415 9416 9423 9424 9423 9424 9423 9421 9423 9427 9427 9426 9427 9418 9410 9408 9421 9430 9434 9434 9428 9412 9415 9416 9421 9426 9427 9423 9413 9408 9406 9427 9434 9435 9432 9425 9417 9419 9420 9422 9429 9431 9429 9426 9433 9445 9449 9453 9458 9464 9472 9470 9465 9464 9464 9463 9462 9458 9454 9455 9456 9457
9387 9390 9393 9394 9397 9399 9401 9403 9404 9404 9407 9408 9407 9409 9408 9405 9402 9401 9400 9401 9403 9406 9411 9421 9431 9441 9427 9422 9419 9412 9414 9421 9420 9413 9404 9388 9405 9412 9425 9432 9437 9438 9435 9432 9426 9426 9430 9433 9434 9432 9425 9425 9426 9433 9438 9438 9433 9423 9418 9424 9428 9439 9439 9438 9439 9444 9451 9455 9458 9460 9465 9473 9479 9476 9470 9468 9467 9467 9466 9463 9459 9458 9456 9457
9388 9391 9391 9393 9396 9401 9402 9403 9404 9403 9403 9403 9407 9408 9406 9399 9393 9388 9384 9386 9381 9392 9405 9415 9423 9427 9419 9411 9396 9405 9410 9400 9402 9412 9408 9422 9427 9437 9437 9440 9444 9448 9453 9456 9452 9452 9447 9447 9448 9451 9455 9458 9457 9451 9447 9446 9444 9441 9442 9450 9452 9461 9444 9446 9449 9454 9459 9460 9463 9466 9470 9473 9474 9475 9475 9471 9470 9471 9468 9464 9462 9461 9462 9461
9389 9392 9394 9395 9398 9403 9401 9402 9403 9401 9394 9391 9391 9377 9376 9369 9379 9380 9379 9386 9390 9397 9409 9417 9423 9428 9428 9428 9439 9433 9427 9428 9431 9429 9434 9439 9440 9443 9444 9445 9449 9454 9459 9465 9462 9459 9458 9458 9458 9463 9468 9469 9469 9462 9458 9457 9457 9459 9459 9456 9453 9457 9453 9454 9456 9460 9463 9464 9467 9470 9472 9473 9474 9476 9470 9472 9472 9472 9469 9466 9465 9465 9466 9466
