real_craters/C152-750m.grd
DSAA
133 133
-49.595 49.595
-49.595 49.595
8300.4728869609 9796.8197324761
[rows 0 to 37 of 133, columns 0 to 83 of 133]
9194 9207 9192 9174 9155 9137 9105 9088 9086 9083 9079 9076 9074 9075 9078 9079 9081 9082 9081 9084 9088 9092 9097 9104 9120 9140 9163 9186 9208 9236 9300 9234 9174 9166 9190 9203 9178 9167 9169 9172 9173 9176 9182 9184 9187 9190 9186 9172 9169 9165 9152 9143 9141 9144 9145 9146 9147 9150 9156 9166 9167 9156 9144 9133 9124 9122 9120 9119 9121 9126 9129 9133 9153 9178 9197 9203 9203 9197 9188 9180 9171 9166 9166 9167
9212 9211 9190 9165 9141 9114 9092 9085 9083 9082 9081 9078 9076 9076 9078 9079 9081 9082 9082 9084 9087 9091 9096 9103 9120 9142 9167 9191 9207 9228 9248 9250 9228 9213 9202 9176 9169 9165 9165 9168 9150 9151 9157 9167 9173 9175 9171 9169 9172 9173 9166 9152 9141 9143 9145 9146 9148 9153 9157 9168 9172 9161 9148 9134 9123 9128 9120 9120 9121 9131 9133 9131 9136 9154 9176 9188 9200 9199 9192 9187 9180 9174 9172 9171
9196 9188 9167 9140 9111 9099 9091 9086 9084 9082 9080 9078 9077 9077 9079 9079 9081 9083 9083 9084 9086 9090 9097 9104 9120 9144 9171 9201 9228 9238 9246 9250 9243 9226 9199 9154 9152 9152 9152 9150 9132 9137 9144 9152 9159 9165 9166 9168 9173 9180 9184 9164 9141 9141 9144 9145 9147 9151 9156 9166 9172 9165 9152 9138 9127 9137 9125 9130 9133 9139 9136 9132 9133 9139 9153 9163 9165 9179 9189 9198 9201 9191 9184 9178
9189 9172 9147 9124 9099 9093 9091 9089 9085 9082 9078 9078 9077 9075 9076 9081 9082 9084 9083 9084 9087 9092 9098 9104 9120 9144 9172 9201 9234 9250 9249 9255 9252 9238 9205 9165 9154 9148 9141 9136 9128 9130 9135 9143 9150 9155 9161 9168 9174 9184 9190 9170 9144 9140 9141 9143 9147 9149 9155 9165 9174 9169 9157 9144 9135 9144 9131 9144 9139 9135 9137 9136 9137 9140 9148 9156 9162 9170 9185 9201 9209 9204 9200 9197
9181 9166 9145 9122 9103 9093 9090 9090 9088 9084 9081 9080 9079 9078 9079 9082 9084 9085 9084 9086 9089 9092 9099 9107 9121 9142 9167 9194 9222 9247 9262 9262 9265 9261 9243 9203 9176 9154 9135 9122 9125 9124 9129 9136 9142 9148 9156 9167 9176 9187 9194 9170 9142 9138 9140 9143 9147 9152 9159 9164 9177 9174 9163 9152 9144 9150 9148 9152 9144 9139 9139 9141 9142 9145 9152 9159 9164 9171 9184 9198 9207 9209 9214 9221
9161 9165 9153 9126 9102 9092 9093 9094 9090 9088 9088 9085 9084 9083 9085 9084 9087 9088 9088 9089 9092 9096 9099 9105 9120 9139 9161 9185 9205 9225 9245 9264 9279 9293 9296 9246 9202 9165 9136 9120 9123 9122 9126 9131 9137 9145 9159 9175 9186 9184 9176 9164 9149 9142 9141 9144 9149 9154 9161 9165 9177 9178 9170 9161 9159 9152 9153 9154 9148 9145 9144 9144 9146 9151 9156 9163 9168 9175 9186 9197 9204 9212 9219 9226
9163 9161 9154 9130 9103 9092 9093 9091 9090 9089 9088 9088 9088 9089 9090 9091 9092 9093 9093 9094 9096 9099 9105 9110 9118 9134 9154 9174 9193 9214 9237 9263 9287 9310 9328 9275 9224 9176 9138 9123 9120 9120 9124 9129 9135 9143 9157 9182 9192 9176 9161 9159 9156 9150 9145 9148 9152 9156 9160 9167 9176 9179 9177 9171 9173 9150 9151 9154 9155 9154 9150 9147 9151 9156 9161 9167 9173 9182 9192 9199 9207 9217 9222 9224
9154 9165 9162 9137 9108 9093 9092 9092 9092 9092 9091 9093 9094 9094 9094 9095 9096 9098 9097 9098 9100 9104 9110 9114 9118 9132 9147 9163 9184 9209 9236 9264 9291 9314 9329 9290 9237 9183 9137 9122 9121 9120 9126 9131 9137 9143 9162 9170 9171 9170 9165 9161 9158 9155 9154 9155 9155 9157 9164 9172 9176 9181 9185 9183 9182 9166 9160 9159 9162 9161 9157 9155 9156 9161 9166 9170 9175 9184 9196 9202 9209 9220 9225 9226
9149 9166 9169 9147 9119 9101 9097 9094 9095 9098 9101 9103 9101 9099 9098 9099 9100 9102 9105 9102 9104 9108 9115 9118 9122 9131 9142 9155 9175 9201 9230 9262 9293 9321 9337 9299 9247 9193 9144 9126 9125 9126 9133 9138 9139 9139 9137 9142 9157 9164 9165 9161 9160 9162 9167 9166 9161 9161 9166 9176 9179 9186 9192 9185 9190 9180 9170 9169 9170 9169 9163 9161 9164 9167 9172 9175 9177 9182 9201 9204 9210 9222 9229 9231
9157 9177 9174 9163 9147 9130 9113 9098 9098 9101 9108 9110 9106 9104 9102 9103 9104 9106 9107 9106 9108 9111 9116 9122 9127 9133 9139 9148 9165 9187 9222 9259 9297 9333 9351 9308 9257 9206 9162 9148 9143 9141 9146 9149 9151 9148 9137 9144 9151 9147 9153 9159 9165 9173 9184 9175 9167 9165 9169 9176 9189 9194 9194 9190 9200 9188 9180 9179 9179 9178 9170 9164 9171 9175 9178 9181 9181 9184 9200 9205 9213 9225 9234 9239
9164 9173 9174 9176 9179 9174 9134 9100 9098 9102 9107 9109 9108 9107 9107 9106 9107 9108 9108 9112 9114 9116 9120 9124 9129 9135 9142 9150 9160 9180 9216 9256 9299 9342 9353 9312 9263 9216 9182 9177 9180 9175 9167 9163 9162 9160 9160 9149 9163 9156 9152 9157 9163 9168 9171 9171 9170 9170 9174 9182 9198 9193 9195 9196 9204 9194 9193 9190 9189 9187 9183 9180 9181 9183 9185 9187 9187 9185 9188 9212 9222 9229 9240 9248
9166 9166 9173 9182 9192 9194 9154 9113 9103 9104 9107 9107 9108 9110 9110 9110 9112 9112 9113 9116 9119 9122 9126 9127 9132 9139 9147 9154 9161 9178 9211 9249 9292 9343 9343 9304 9259 9220 9193 9191 9193 9188 9181 9176 9174 9171 9175 9152 9159 9161 9155 9158 9161 9163 9167 9170 9171 9178 9184 9216 9214 9203 9200 9202 9209 9208 9201 9197 9197 9197 9194 9191 9191 9191 9192 9192 9192 9189 9190 9212 9225 9236 9247 9254
9171 9170 9174 9182 9187 9185 9167 9145 9118 9113 9111 9110 9110 9112 9114 9114 9116 9115 9115 9119 9123 9127 9128 9131 9137 9146 9156 9163 9169 9186 9209 9236 9267 9306 9311 9282 9248 9218 9199 9199 9197 9193 9187 9183 9179 9178 9171 9164 9168 9163 9162 9163 9163 9162 9170 9173 9176 9189 9198 9233 9222 9212 9206 9207 9214 9212 9203 9202 9203 9205 9204 9202 9202 9199 9198 9196 9194 9194 9197 9198 9218 9240 9253 9260
9172 9175 9175 9178 9179 9173 9175 9176 9147 9126 9117 9111 9113 9115 9118 9120 9120 9119 9118 9121 9128 9134 9135 9140 9148 9163 9170 9173 9180 9191 9206 9220 9236 9256 9263 9251 9230 9210 9200 9203 9205 9200 9193 9186 9179 9171 9165 9162 9167 9169 9168 9168 9170 9175 9180 9183 9184 9189 9194 9201 9206 9212 9212 9217 9220 9211 9204 9207 9211 9212 9211 9211 9209 9206 9203 9201 9202 9201 9201 9199 9217 9242 9256 9266
9174 9174 9174 9176 9176 9175 9180 9185 9158 9136 9126 9121 9119 9120 9122 9124 9123 9123 9121 9123 9137 9145 9145 9158 9182 9208 9233 9218 9216 9215 9216 9215 9212 9205 9221 9224 9215 9202 9198 9204 9208 9204 9197 9189 9180 9172 9167 9176 9174 9177 9172 9173 9175 9180 9187 9189 9181 9181 9180 9184 9190 9195 9206 9222 9227 9217 9209 9217 9226 9228 9222 9219 9215 9210 9207 9206 9204 9206 9205 9204 9217 9237 9252 9267
9177 9176 9175 9178 9179 9179 9184 9188 9165 9146 9136 9130 9126 9126 9127 9127 9129 9131 9133 9138 9141 9149 9156 9179 9235 9272 9263 9275 9281 9251 9217 9205 9199 9203 9206 9210 9207 9202 9197 9207 9212 9208 9201 9191 9181 9171 9160 9160 9166 9166 9170 9175 9179 9181 9194 9190 9184 9181 9180 9181 9184 9188 9195 9206 9223 9226 9223 9235 9245 9253 9249 9230 9219 9215 9212 9210 9209 9210 9208 9206 9210 9218 9236 9262
9181 9182 9183 9184 9186 9188 9192 9189 9175 9159 9146 9138 9134 9133 9134 9135 9136 9140 9141 9143 9146 9151 9169 9191 9205 9126 8886 8936 9128 9183 9184 9187 9190 9196 9201 9206 9209 9210 9210 9217 9219 9215 9207 9195 9184 9173 9163 9165 9167 9169 9173 9179 9181 9186 9188 9194 9188 9186 9185 9185 9186 9184 9183 9200 9209 9227 9248 9255 9262 9270 9272 9238 9224 9220 9216 9214 9214 9210 9204 9201 9204 9207 9223 9254
9187 9188 9190 9192 9193 9194 9198 9198 9191 9166 9154 9148 9144 9141 9140 9141 9143 9147 9147 9147 9152 9165 9193 9204 9149 8981 8805 8820 8900 9062 9141 9171 9185 9192 9201 9207 9215 9223 9229 9233 9232 9224 9213 9200 9187 9176 9171 9172 9171 9172 9177 9185 9188 9186 9190 9195 9194 9192 9190 9189 9188 9191 9196 9197 9210 9226 9247 9260 9267 9270 9263 9242 9231 9225 9222 9218 9215 9210 9206 9199 9203 9205 9219 9249
9203 9196 9198 9199 9201 9203 9206 9205 9195 9168 9160 9155 9153 9149 9148 9147 9150 9152 9153 9154 9160 9175 9213 9230 9190 9069 8860 8891 8966 9084 9145 9172 9187 9194 9202 9210 9219 9232 9243 9247 9243 9233 9219 9207 9191 9179 9170 9174 9175 9177 9184 9190 9191 9190 9191 9198 9198 9195 9195 9195 9197 9197 9197 9201 9201 9222 9244 9257 9263 9272 9273 9256 9246 9239 9232 9226 9220 9214 9208 9203 9205 9208 9221 9247
9191 9206 9207 9204 9204 9205 9206 9204 9191 9176 9166 9162 9160 9157 9155 9155 9157 9159 9160 9163 9174 9189 9223 9253 9254 9294 9139 9148 9250 9180 9175 9180 9187 9195 9202 9210 9219 9234 9252 9257 9253 9241 9227 9212 9198 9183 9171 9178 9182 9190 9187 9191 9192 9193 9195 9197 9199 9199 9199 9200 9202 9203 9204 9207 9212 9221 9229 9237 9252 9266 9277 9269 9263 9255 9246 9235 9226 9219 9213 9209 9209 9210 9219 9248
9207 9205 9208 9208 9206 9205 9203 9207 9208 9177 9168 9166 9167 9165 9163 9162 9160 9166 9171 9177 9197 9213 9211 9204 9232 9262 9252 9225 9225 9213 9194 9187 9188 9196 9202 9210 9217 9229 9252 9267 9260 9248 9234 9218 9205 9194 9186 9186 9186 9192 9193 9195 9195 9196 9198 9203 9201 9199 9203 9206 9208 9209 9215 9220 9219 9223 9225 9232 9241 9251 9274 9289 9283 9271 9258 9244 9233 9221 9217 9218 9216 9214 9220 9249
9199 9204 9208 9209 9208 9206 9204 9209 9208 9179 9170 9171 9174 9173 9172 9171 9169 9172 9183 9186 9192 9199 9193 9185 9194 9200 9197 9204 9202 9202 9198 9189 9188 9196 9203 9210 9220 9233 9249 9263 9263 9255 9243 9228 9213 9205 9199 9193 9188 9196 9200 9201 9201 9200 9199 9210 9207 9206 9210 9213 9214 9213 9222 9247 9239 9231 9231 9235 9240 9249 9277 9305 9297 9282 9264 9252 9241 9232 9224 9225 9221 9219 9222 9249
9199 9202 9207 9209 9210 9210 9208 9215 9219 9188 9176 9177 9180 9181 9182 9184 9187 9204 9198 9191 9188 9184 9184 9182 9183 9183 9189 9197 9200 9194 9191 9189 9189 9197 9204 9211 9219 9231 9246 9254 9264 9263 9253 9238 9217 9207 9203 9198 9193 9200 9209 9209 9208 9206 9204 9206 9205 9214 9221 9228 9228 9228 9245 9244 9237 9234 9234 9238 9244 9251 9275 9314 9297 9283 9269 9260 9250 9241 9234 9232 9229 9229 9230 9256
9199 9201 9206 9208 9212 9216 9221 9224 9218 9195 9184 9185 9188 9190 9191 9194 9201 9205 9201 9192 9185 9180 9181 9182 9182 9181 9179 9184 9189 9190 9190 9189 9195 9201 9206 9212 9220 9233 9249 9262 9269 9273 9269 9252 9225 9208 9205 9201 9201 9203 9212 9216 9214 9213 9213 9215 9214 9220 9235 9252 9267 9273 9268 9240 9234 9238 9240 9241 9261 9280 9279 9273 9282 9279 9273 9266 9257 9248 9234 9236 9238 9245 9260 9279
9202 9202 9205 9207 9214 9221 9227 9225 9212 9198 9193 9194 9198 9200 9199 9199 9199 9196 9194 9190 9187 9181 9182 9183 9183 9181 9179 9185 9187 9189 9189 9190 9197 9203 9208 9213 9221 9234 9251 9264 9274 9284 9283 9267 9237 9216 9210 9215 9207 9200 9210 9220 9220 9220 9216 9218 9216 9226 9249 9277 9311 9334 9296 9255 9244 9249 9258 9268 9301 9324 9314 9281 9281 9280 9275 9269 9261 9255 9241 9241 9247 9262 9284 9302
9205 9206 9206 9207 9215 9223 9228 9224 9210 9199 9199 9201 9205 9206 9203 9201 9201 9198 9192 9191 9188 9190 9186 9184 9183 9181 9180 9186 9188 9190 9190 9191 9199 9205 9211 9215 9223 9235 9247 9259 9269 9283 9293 9268 9240 9216 9211 9216 9220 9210 9208 9220 9224 9228 9231 9232 9222 9233 9259 9292 9326 9347 9315 9268 9257 9263 9282 9316 9346 9369 9357 9322 9302 9290 9280 9271 9263 9258 9260 9264 9260 9276 9296 9313
9209 9210 9211 9212 9217 9224 9230 9229 9210 9197 9202 9204 9206 9205 9201 9198 9195 9194 9192 9193 9195 9190 9189 9188 9186 9183 9184 9188 9191 9192 9193 9197 9204 9209 9213 9217 9222 9231 9237 9247 9257 9272 9277 9264 9241 9221 9214 9215 9228 9230 9221 9222 9231 9238 9236 9229 9232 9239 9266 9298 9329 9356 9330 9279 9265 9275 9296 9326 9354 9382 9394 9360 9325 9301 9286 9276 9267 9261 9282 9302 9292 9297 9311 9328
9213 9215 9215 9215 9219 9225 9229 9225 9212 9199 9205 9205 9202 9198 9196 9194 9190 9186 9190 9193 9192 9193 9192 9191 9190 9189 9188 9193 9194 9194 9196 9199 9209 9212 9215 9219 9225 9230 9230 9241 9254 9267 9274 9265 9245 9225 9222 9228 9243 9245 9249 9230 9246 9261 9263 9237 9242 9247 9272 9296 9317 9325 9339 9281 9271 9282 9301 9328 9357 9379 9388 9355 9326 9309 9296 9285 9277 9275 9287 9306 9312 9313 9327 9346
9220 9222 9220 9220 9223 9228 9230 9226 9219 9211 9211 9206 9201 9195 9194 9192 9191 9192 9193 9195 9196 9195 9195 9194 9193 9191 9191 9195 9196 9196 9198 9202 9212 9215 9217 9219 9223 9230 9232 9240 9255 9269 9277 9277 9266 9247 9247 9247 9278 9293 9271 9254 9276 9296 9302 9273 9258 9274 9284 9295 9307 9313 9324 9288 9281 9287 9300 9314 9334 9355 9357 9341 9322 9313 9304 9296 9291 9291 9298 9309 9305 9305 9331 9363
9222 9221 9219 9224 9229 9234 9235 9237 9226 9217 9211 9207 9202 9198 9195 9193 9192 9191 9195 9196 9198 9198 9198 9201 9197 9196 9198 9199 9199 9199 9199 9204 9214 9219 9222 9222 9223 9227 9233 9245 9258 9275 9292 9303 9308 9304 9300 9299 9320 9334 9320 9312 9321 9332 9329 9306 9292 9302 9298 9296 9296 9307 9316 9298 9291 9293 9300 9306 9314 9332 9339 9336 9328 9320 9312 9306 9301 9299 9299 9300 9287 9288 9331 9379
9226 9227 9234 9239 9243 9243 9237 9229 9222 9216 9212 9207 9202 9199 9196 9195 9194 9191 9198 9197 9203 9204 9211 9213 9204 9203 9205 9204 9203 9203 9202 9205 9217 9224 9227 9222 9221 9225 9232 9248 9266 9286 9310 9333 9352 9358 9352 9356 9348 9347 9351 9366 9356 9367 9363 9334 9325 9317 9306 9297 9288 9294 9305 9296 9293 9294 9299 9306 9314 9337 9345 9339 9332 9326 9319 9312 9304 9298 9302 9297 9281 9282 9331 9391
9235 9242 9259 9271 9268 9250 9237 9225 9219 9217 9214 9208 9204 9200 9199 9199 9199 9202 9202 9203 9206 9268 9241 9234 9211 9210 9208 9208 9209 9208 9210 9218 9223 9230 9230 9224 9228 9228 9235 9253 9274 9296 9323 9354 9388 9388 9362 9352 9354 9355 9332 9330 9351 9366 9361 9339 9329 9320 9304 9297 9295 9294 9288 9292 9295 9297 9302 9308 9318 9327 9337 9339 9333 9330 9323 9315 9308 9306 9314 9309 9292 9289 9334 9392
9247 9256 9291 9288 9264 9243 9232 9223 9218 9217 9212 9208 9206 9206 9204 9203 9204 9206 9206 9226 9153 9076 9257 9240 9218 9216 9212 9213 9217 9217 9217 9223 9227 9231 9228 9220 9227 9231 9240 9259 9282 9302 9326 9352 9386 9383 9352 9342 9346 9347 9319 9320 9332 9353 9345 9322 9316 9296 9293 9293 9294 9291 9294 9293 9294 9298 9303 9309 9316 9330 9338 9340 9343 9335 9323 9315 9310 9314 9331 9328 9302 9304 9341 9384
9263 9273 9303 9280 9234 9227 9223 9222 9220 9218 9215 9211 9209 9207 9206 9208 9209 9210 9215 9234 9117 8992 9145 9214 9220 9217 9220 9226 9224 9228 9229 9236 9234 9232 9230 9228 9231 9235 9245 9263 9284 9305 9323 9334 9328 9336 9328 9327 9331 9328 9310 9310 9305 9309 9311 9301 9299 9290 9289 9291 9293 9296 9297 9292 9291 9297 9303 9311 9320 9334 9337 9336 9334 9328 9322 9315 9311 9317 9336 9343 9339 9344 9354 9380
9283 9293 9305 9280 9227 9216 9219 9221 9216 9221 9219 9215 9214 9214 9215 9212 9212 9212 9213 9217 9139 9060 9151 9212 9221 9220 9229 9221 9226 9234 9240 9241 9240 9237 9232 9232 9235 9239 9250 9268 9287 9305 9321 9331 9328 9333 9334 9328 9320 9307 9302 9311 9305 9291 9294 9291 9288 9287 9288 9292 9296 9306 9291 9295 9295 9298 9305 9313 9326 9336 9333 9327 9318 9315 9316 9316 9315 9325 9346 9369 9381 9360 9361 9378
9302 9299 9320 9306 9232 9213 9218 9222 9228 9227 9226 9220 9218 9218 9217 9216 9216 9216 9217 9216 9190 9199 9222 9222 9224 9227 9230 9225 9231 9234 9236 9242 9244 9243 9239 9232 9236 9242 9254 9270 9286 9305 9325 9345 9367 9361 9352 9340 9320 9301 9301 9315 9317 9307 9298 9297 9286 9287 9289 9294 9305 9317 9308 9298 9292 9299 9306 9314 9326 9331 9329 9323 9314 9311 9314 9315 9312 9325 9345 9358 9363 9363 9368 9384
9316 9303 9330 9335 9244 9218 9220 9228 9235 9230 9225 9222 9221 9220 9220 9220 9219 9218 9218 9221 9217 9218 9216 9224 9230 9232 9236 9238 9236 9236 9241 9248 9249 9251 9250 9249 9246 9254 9260 9272 9289 9308 9327 9348 9367 9380 9391 9353 9321 9297 9296 9306 9320 9310 9295 9290 9302 9302 9301 9302 9301 9315 9309 9302 9302 9303 9309 9316 9325 9332 9330 9324 9317 9313 9313 9316 9321 9328 9341 9352 9355 9359 9366 9375
9315 9305 9323 9344 9273 9235 9227 9230 9234 9229 9222 9220 9222 9223 9225 9224 9222 9222 9223 9221 9225 9226 9221 9220 9231 9238 9241 9239 9237 9238 9246 9252 9257 9259 9258 9255 9249 9245 9260 9275 9291 9309 9325 9338 9351 9367 9378 9347 9316 9290 9274 9293 9300 9304 9287 9285 9302 9313 9317 9320 9326 9324 9318 9312 9305 9310 9316 9320 9331 9337 9335 9328 9321 9315 9313 9313 9313 9325 9339 9352 9349 9348 9355 9359
