real_craters/C152-300m.grd
DSAA
332 332
-49.595 49.595
-49.595 49.595
8298.4834918739 9811.7846557573
[rows 210 to 239 of 332, columns 0 to 66 of 332]
9309.91 9310.66 9311.56 9312.27 9312.41 9313.75 9316.7 9320.4 9324.7 9330.08 9335.65 9334.97 9335.87 9336.72 9337.81 9339.16 9340.45 9341.32 9342.44 9347.09 9356.69 9365.63 9369.58 9368.52 9365.01 9361.61 9358.93 9358.2 9357.13 9355.49 9353.39 9350.18 9345.58 9339.23 9332.24 9326.12 9324.33 9325.03 9326.78 9329.09 9331.35 9334.75 9338.08 9340.09 9335.31 9336.05 9340.71 9344.28 9347.17 9351.14 9354.82 9356.9 9358.38 9359.66 9360.9 9362.35 9363.4 9364.47 9365.56 9366.04 9364.55 9361.5 9359.3 9363.56 9370.27 9378.01 9386.18
9311.76 9312.63 9313.51 9313.35 9313.08 9314.32 9317.19 9320.57 9324.16 9327.8 9329.53 9332.9 9335.64 9337.2 9337.39 9338.4 9339.49 9340.58 9342.18 9346.66 9357.95 9369.56 9375.01 9372.6 9368.79 9364.34 9361.77 9362.27 9361.95 9361.08 9359.68 9357.22 9352.83 9344.94 9336.16 9328.52 9325.7 9326.05 9327.9 9330.63 9334.27 9336.47 9338.15 9341.83 9343.18 9342.44 9344.34 9347.76 9351.3 9353.05 9354.63 9356.87 9358.78 9360.35 9361.65 9362.58 9363.6 9364.65 9365.49 9366.14 9363.79 9361.59 9362.93 9365.66 9370.21 9375.91 9381.93
9313.61 9314.18 9314.6 9314.89 9314.95 9315.74 9317.81 9320.35 9323 9325.42 9327.5 9330.84 9334.11 9335.98 9336.86 9338.18 9339.42 9341.14 9343.85 9349.3 9359.4 9370.24 9376.02 9375.54 9372.9 9369.17 9366.58 9367.59 9367.62 9366.84 9365.66 9364.1 9360.17 9350.61 9340.34 9331.8 9327.63 9327.42 9329.05 9331.85 9334.96 9337.37 9339.54 9342.82 9343.28 9345.23 9347.65 9350.72 9353.3 9354.78 9355.76 9357.66 9359.5 9360.88 9362.24 9363.19 9364.26 9364.97 9365.31 9365.58 9364.98 9363.65 9364.64 9366.52 9369.41 9372.76 9376.79
9315.52 9315.75 9316.07 9317.02 9317.72 9317.34 9318.47 9320.27 9322.31 9324.33 9326.41 9329.7 9333.02 9335.36 9336.91 9339.48 9340.7 9342.65 9345.91 9351.67 9360.15 9369.58 9376.2 9378 9377.28 9376.25 9375.24 9374.29 9373.11 9372.05 9370.76 9369.25 9364.84 9354.74 9343.94 9334.44 9329.5 9329.06 9330.43 9332.84 9335.57 9338.52 9341.79 9343.87 9344.54 9347.31 9350.25 9353.4 9355.75 9356.83 9358.11 9359.23 9360.37 9361.58 9362.78 9363.96 9364.6 9365.09 9364.99 9364.75 9365.43 9364.62 9364.92 9365.9 9367.78 9370.43 9373.46
9317.64 9317.56 9317.69 9318.4 9318.97 9318.59 9319.12 9320.35 9321.93 9323.8 9326.46 9329.44 9332.85 9336.18 9338.28 9341.17 9343.01 9344.43 9347.52 9351.52 9359.94 9369.93 9378.01 9379.57 9380.33 9381.68 9382.78 9379.39 9377.68 9376.29 9374.61 9372.16 9366.81 9357.43 9347.05 9337.71 9332.18 9331.06 9332.11 9334.21 9336.79 9339.63 9342.28 9344.63 9347.18 9349.59 9352.4 9355.11 9357.06 9358.15 9359.17 9359.89 9360.74 9362.07 9363.29 9364.34 9364.99 9365.54 9365.58 9364.98 9366.05 9365.78 9364.46 9364.02 9366.17 9368.5 9370.94
9319.95 9319.32 9318.94 9319.2 9319.81 9319.04 9319.48 9320.53 9321.86 9323.24 9324.57 9327.89 9333 9337.81 9339.82 9343.04 9345.73 9348.39 9350.71 9353.84 9360.68 9368.49 9374.76 9378.21 9380.93 9382.1 9380.46 9381.36 9380.81 9379.5 9377.57 9374.47 9368.6 9359.73 9349.84 9340.6 9334.57 9333.27 9334.24 9336.17 9338.31 9340.66 9344.28 9346.59 9348.93 9351.68 9354.35 9356.43 9357.95 9358.77 9359.23 9359.98 9361.15 9362.53 9363.78 9364.89 9365.78 9366.53 9367.06 9368.33 9366.93 9367.31 9365.06 9363.93 9365.29 9367.86 9370.08
9322.2 9320.94 9319.8 9319.36 9319.26 9319.24 9319.88 9320.82 9322.07 9323.45 9324.97 9328.65 9333.66 9338.55 9341.27 9344.46 9348.11 9351.83 9354.63 9358.04 9362.83 9367.7 9371.02 9376.2 9381.14 9383.9 9384.56 9384.06 9382.79 9381.83 9379.85 9376.78 9370.91 9362.38 9352.84 9343.55 9336.8 9335.81 9336.84 9338.75 9341.24 9344.35 9347.59 9349.91 9351.67 9353.54 9356.09 9358.97 9359.46 9359.4 9359.09 9359.45 9361.63 9363.39 9364.86 9366.17 9367.12 9367.98 9368.72 9369 9367.27 9367.23 9365.36 9363.24 9365.28 9367.32 9369.27
9324.05 9322.47 9321.01 9320.14 9319.82 9320.19 9320.64 9321.42 9322.67 9324.38 9326.93 9330.44 9334.34 9339.12 9341.5 9345.01 9350.26 9355 9358.61 9361.56 9365.41 9370.1 9371.38 9376.4 9382.31 9385.66 9389.52 9385.1 9383.16 9382.81 9381.89 9378.94 9373.4 9365.61 9356.68 9347.79 9340.71 9339.4 9340.34 9342.01 9344.39 9347.25 9349.87 9352.24 9353.28 9354.46 9356.3 9359.28 9359.84 9360.09 9360.33 9361.19 9363.11 9364.77 9366.2 9367.35 9368.36 9369.31 9370.2 9370.15 9368.61 9367.53 9366.54 9366.17 9366.54 9367.64 9369.09
9325.5 9323.87 9322.38 9321.32 9320.77 9320.79 9321.11 9322.02 9323.42 9325.31 9327.53 9330.65 9334.32 9337.27 9339.26 9344.77 9351.15 9356.97 9362.65 9366.54 9371.34 9377.45 9379.17 9382.24 9384.81 9384.16 9381.24 9381.75 9383.95 9383.22 9384.02 9382.17 9377 9369.58 9361.24 9353.09 9346.71 9344.15 9344.17 9345.12 9346.84 9349.25 9351.4 9353.43 9354.15 9354.56 9354.62 9354.76 9358.36 9360.73 9362.61 9364.51 9365.22 9366.25 9367.42 9368.69 9369.72 9370.38 9370.54 9370.51 9369.24 9368.53 9368.24 9368.07 9367.67 9368.24 9369.38
9326.7 9324.96 9323.39 9322.07 9321.5 9321.01 9321.26 9322.53 9324.32 9326.37 9328.83 9332.33 9334.99 9337.89 9340.39 9345.26 9351.35 9357.84 9365.93 9372.6 9376.72 9388.64 9392.63 9391.88 9386.74 9380.29 9377.13 9380.78 9384.12 9387.24 9386.78 9386.81 9381.4 9373.92 9365.98 9358.5 9352.09 9348.93 9347.8 9347.6 9348.55 9350.42 9352.6 9353.39 9354.09 9355.01 9356.11 9356.56 9359.52 9361.92 9363.79 9365.24 9366.15 9367.43 9368.68 9370.1 9371.2 9371.83 9371.58 9371.26 9369.67 9369.04 9368.58 9367.49 9367.75 9368.63 9369.66
9326.93 9325.62 9324.52 9323.58 9322.48 9321.34 9321.57 9323.56 9325.55 9327.71 9329.79 9332.48 9335.91 9339.75 9342.98 9347.4 9351.06 9355.73 9364.76 9379.86 9397.11 9395.67 9401.73 9405.57 9376.59 9366.99 9372.64 9381.37 9388.78 9392.07 9391.64 9390.87 9385.11 9377.69 9370.04 9363.35 9358.22 9354.19 9350.9 9349.24 9349.17 9350.35 9350.94 9354.61 9351.91 9355.53 9359.9 9362.82 9362.83 9363.62 9364.59 9365.47 9366.67 9368.21 9369.65 9371.22 9372.57 9373.6 9374.09 9372.91 9370.39 9368.66 9368.02 9367.85 9368.3 9369.08 9370.03
9326.16 9325.87 9325.59 9325.3 9324.14 9323.05 9323.38 9325.14 9327.29 9329.51 9331.8 9334.08 9339.26 9343.6 9348.25 9351.36 9348.2 9346.72 9350.34 9366.36 9392.98 9360.58 9345.53 9343.5 9321.83 9333.92 9360.61 9383.42 9394.24 9397.7 9393.93 9391.56 9387.5 9380.68 9373.07 9366.33 9362.34 9357.06 9351.96 9349.6 9348.63 9348.08 9346.21 9341.69 9349.42 9356.4 9361.33 9364.23 9364.79 9365.12 9365.56 9366.16 9367.15 9368.75 9370.45 9372.11 9373.73 9375.14 9375.2 9373.02 9370.52 9368.67 9368.04 9368.6 9369.23 9369.63 9370.47
9325.58 9326.1 9326.33 9326.31 9325.99 9325.93 9326.58 9327.45 9329.17 9331.58 9334.85 9340.29 9344.14 9348.04 9347.31 9350.41 9341.54 9330.08 9318.44 9307.97 9291.66 9253.13 9213.8 9187.21 9229.1 9286.35 9344.09 9387.13 9400.62 9404.07 9398.15 9394.69 9390.29 9382.83 9374.62 9366.57 9358.79 9352.71 9350.55 9349.15 9348.33 9347.56 9347.71 9350.71 9355.65 9359.5 9362.77 9364.93 9365.96 9366.31 9366.4 9366.46 9367.46 9369.19 9370.95 9372.79 9374.43 9375.85 9376.18 9372.93 9370.42 9368.3 9367.78 9368.16 9368.79 9369.87 9370.81
9326.13 9326.75 9327.16 9327.47 9327.81 9328.05 9328.39 9329.33 9331.04 9333.53 9336.73 9340.61 9345.91 9354.52 9360.61 9350.2 9335.05 9312.47 9282.16 9239.78 9181.35 9141.01 9109.83 9090 9155.9 9245.22 9327.89 9388.54 9406.23 9409.72 9406.59 9400.14 9393.23 9384.26 9375.1 9365.99 9357.07 9350.66 9349.44 9348.84 9349 9350.48 9353 9357.81 9361.38 9363.2 9365.25 9366.65 9367.28 9367.45 9367.43 9367.36 9368.13 9369.72 9371.37 9373.08 9374.58 9375.62 9375.08 9373.19 9370.75 9368.7 9367.9 9368.49 9369.61 9370.4 9371.32
9327.46 9327.83 9328.22 9328.63 9329.49 9330.95 9330.21 9331.21 9333.05 9335.32 9338.1 9342.15 9347.85 9357.46 9359.54 9354.2 9333.35 9302.63 9261.29 9204.37 9132.87 9087.55 9067.5 9057.02 9126.5 9227.61 9321.14 9396.01 9409.17 9411.67 9408.78 9402.85 9393.79 9384.28 9374.86 9365.79 9357.71 9352.14 9349.55 9348.98 9349.42 9351.95 9356.52 9360.45 9363.69 9365.96 9367.5 9368.43 9368.74 9368.7 9368.56 9368.69 9369.24 9370.28 9371.64 9373.11 9374.46 9375.45 9375.45 9373.36 9371.2 9369.4 9368.65 9369.25 9370.11 9371.17 9372.04
9328.67 9329.04 9329.43 9329.96 9330.93 9331.8 9332.39 9333.13 9334.7 9336.84 9339.69 9343.07 9348.23 9357.73 9363.19 9360.33 9337.58 9305.55 9264.52 9211.31 9146.89 9105.25 9094.59 9086.69 9146.78 9240.64 9323.95 9386.11 9403.39 9406.44 9404 9398.66 9391.35 9382.71 9374.02 9365.41 9358.03 9352.64 9350.1 9349.74 9350.06 9351.87 9358.75 9362.31 9365.87 9368.5 9369.87 9370.41 9370.41 9370.08 9369.7 9369.4 9369.67 9370.57 9371.76 9373.04 9374.16 9374.82 9374.28 9373.51 9371.75 9369.89 9369.48 9370.26 9371.46 9372.33 9373.06
9330.06 9330.29 9330.64 9331.29 9332.39 9333.85 9334.23 9334.81 9336.63 9338.98 9341.52 9344 9348.1 9357.45 9365.71 9364.51 9345.07 9319.09 9288.73 9254.19 9216.91 9191.92 9186.46 9179.75 9219.9 9285.86 9341.13 9379.64 9396.03 9399.54 9396.07 9392.58 9387.12 9379.93 9372.31 9364.83 9358.09 9352.19 9351.14 9351.35 9352.14 9353.58 9355.19 9361.94 9368.04 9371.01 9372.46 9372.16 9371.54 9370.83 9370.29 9369.91 9369.85 9370.67 9371.75 9372.89 9374.04 9374.84 9375.71 9374.44 9372.73 9371.25 9370.87 9371.8 9372.97 9373.8 9374.38
9331.2 9331.36 9331.78 9332.29 9333.12 9335.21 9335.67 9336.25 9338.38 9340.86 9343.72 9347.3 9353.17 9358.07 9365.69 9364.81 9352.85 9337.25 9322.1 9312.43 9315.08 9326.21 9311.9 9317.43 9338.49 9351.18 9369.5 9388.24 9395.11 9393.69 9392.71 9387.48 9382.59 9376.77 9370.51 9364.32 9358.67 9354.91 9353.32 9353.89 9355.5 9357.1 9358.11 9364.52 9369.51 9372.06 9373.67 9373.03 9372.27 9371.55 9370.94 9370.47 9370.28 9370.81 9371.71 9372.74 9373.97 9375.66 9376.81 9375.35 9373.79 9372.5 9372.41 9373.36 9374.68 9375.36 9375.87
9331.56 9332.17 9332.98 9333.97 9335.37 9336.37 9336.96 9338.34 9340.49 9342.88 9345.76 9349.81 9355.27 9359.13 9364.62 9364.98 9360.56 9354.94 9351.39 9358.33 9382.74 9412.15 9400.23 9416.47 9427.3 9399.37 9391.86 9393.03 9391.33 9386.66 9381.26 9380.96 9378.25 9374.02 9368.99 9363.93 9359.22 9355.82 9355.08 9356.58 9359.11 9362.03 9365.76 9368.43 9368.96 9370.57 9372.37 9372.86 9372.66 9372.17 9371.56 9371.01 9370.67 9371.01 9371.64 9372.48 9373.51 9374.8 9376.13 9375.91 9374.86 9373.59 9373.18 9374.5 9375.53 9376.42 9377.34
9332.22 9333.14 9334.22 9335.47 9336.9 9337.74 9339.27 9341.39 9342.85 9344.63 9347.05 9350.21 9354.56 9358.26 9362.87 9367.13 9366.19 9366.65 9370.35 9380.75 9398.15 9412.14 9416.45 9422.15 9419.82 9407.58 9398.81 9393.02 9386.99 9382.37 9378.45 9377.21 9375.33 9372.12 9368.28 9364.19 9360.23 9357.04 9356.79 9359.31 9362.43 9365.91 9369.13 9369.78 9368.18 9369.12 9371.28 9372.6 9372.78 9372.41 9371.94 9371.45 9371.1 9371.3 9371.79 9372.45 9373.25 9374.2 9376.61 9376.83 9376.21 9375.49 9375.38 9376.38 9377.16 9378.02 9378.87
9333.87 9334.64 9335.56 9336.43 9337.11 9338.53 9340.56 9343.81 9344.58 9345.79 9347.5 9349.48 9352.02 9356.28 9362.09 9368.08 9369.58 9372.68 9378.15 9387.15 9395.1 9398.34 9405.39 9405.46 9397.31 9399.64 9397 9391.7 9386.09 9381.41 9377.68 9376.29 9374.35 9371.75 9368.54 9364.98 9361.7 9358.99 9358.92 9362.04 9366.02 9368.6 9370.54 9369.58 9368.17 9370.46 9372.61 9373.02 9372.95 9372.6 9372.27 9371.88 9371.5 9371.61 9372.2 9372.83 9373.79 9375.92 9378.03 9378.22 9377.86 9377.5 9377.64 9378.29 9379.21 9380.12 9380.4
9335.94 9336.45 9337.08 9337.82 9338.71 9339.99 9341.75 9343.89 9345.03 9346.32 9347.71 9348.91 9349.45 9354.29 9361.68 9367.88 9370.36 9374.87 9380.67 9387.46 9392.18 9395.27 9397.79 9397.59 9395.08 9395.1 9393.87 9390.26 9386.23 9382.97 9379.85 9377.15 9374.55 9371.92 9368.98 9365.93 9363.59 9362.09 9361.93 9363.91 9366.3 9366.99 9366.98 9366.46 9369.15 9372.73 9373.75 9373.4 9373.05 9372.9 9372.74 9372.53 9372.42 9372.59 9372.99 9373.6 9374.69 9377.79 9379.69 9379.8 9379.47 9379.14 9378.92 9379.23 9380.17 9381.2 9381.35
9337.67 9338.16 9338.66 9339.37 9340.3 9341.3 9342.38 9343.39 9345.31 9347.06 9348.61 9350.06 9352.15 9356.78 9362.12 9367.14 9369.14 9374.45 9380.27 9385.74 9388.97 9390.5 9392.12 9393.29 9392.98 9392.39 9391.34 9388.58 9386.47 9383.43 9381.15 9378.43 9375.56 9372.77 9369.94 9367.58 9365.85 9365.32 9365.81 9365.17 9364.74 9364.84 9365.43 9366.91 9369.66 9372.51 9373.18 9373.16 9373.07 9373.09 9373.12 9373.28 9373.63 9373.89 9373.89 9374.44 9375.83 9379.73 9380.96 9381.14 9380.95 9380.66 9380.25 9379.64 9380.04 9380.51 9381.56
9339.09 9339.6 9340.18 9340.9 9341.72 9342.84 9344 9345.04 9346.58 9348.39 9350.18 9352.11 9354.67 9358.61 9362.93 9366.14 9368.17 9373.55 9378.69 9383.34 9386.11 9387.85 9389.48 9390.62 9390.34 9390.4 9389.43 9387.23 9383.61 9383.94 9382.6 9379.82 9376.87 9374.05 9371.43 9369.13 9367.31 9366.48 9366.58 9364.94 9365.08 9364.58 9365.51 9367.91 9368.43 9370.26 9371.57 9372.27 9372.76 9373.15 9373.54 9373.94 9374.25 9374.44 9374.55 9375.07 9376.26 9380.14 9381.59 9382.06 9382.18 9382.15 9381.97 9380.85 9380.51 9380.88 9381.83
9340.4 9340.98 9341.67 9342.42 9343.42 9344.65 9346.22 9347.14 9348.27 9350.25 9352.28 9354.35 9356.59 9360.53 9364.09 9367.4 9369.32 9372.83 9376.98 9380.83 9384.05 9386.34 9388.2 9389.09 9389.68 9389.19 9387.95 9386.58 9385.68 9386.7 9384.24 9381.42 9378.63 9375.81 9373.11 9370.67 9368.43 9366.31 9363.48 9362.74 9362.46 9363.83 9364.87 9365.84 9366.99 9367.67 9369.73 9371.42 9372.55 9373.38 9374.02 9374.47 9374.73 9374.85 9375.15 9375.61 9376.6 9380.13 9381.91 9382.77 9383.18 9383.33 9383.41 9382.44 9381.73 9381.87 9382.34
9341.97 9342.67 9343.21 9343.87 9344.73 9345.76 9346.82 9347.75 9349.89 9352.62 9354.84 9356.74 9358.98 9362.36 9365.55 9368.09 9369.42 9372.57 9376.21 9378.59 9381.76 9384.61 9386.74 9387.35 9387.49 9387.22 9386.61 9385.93 9386.13 9386.54 9384.43 9382.29 9379.93 9377.34 9374.65 9371.93 9369.42 9367.1 9364.65 9363.37 9362.81 9363.28 9364.51 9365.52 9367.26 9367.58 9368.98 9371.16 9372.71 9373.91 9374.7 9375.28 9375.7 9375.98 9376.11 9376.4 9377.43 9380.53 9382.35 9383.43 9384.03 9384.24 9384 9383.38 9382.85 9382.51 9382.77
9343.47 9344.21 9344.7 9345.28 9345.98 9346.83 9348.21 9350.49 9353.79 9355.81 9357.6 9359.44 9361.55 9364.59 9367.56 9369.99 9371.66 9373.35 9375.85 9378.16 9380.65 9383.09 9384.67 9385.36 9385.46 9385.39 9385.79 9385.27 9383.6 9383.24 9383.91 9382.66 9380.59 9378.31 9375.66 9372.85 9370.47 9368.47 9367.31 9365.6 9364.85 9364.88 9365.55 9366.06 9368.11 9368.94 9370.07 9372.07 9373.55 9374.66 9375.46 9376.16 9376.79 9377.33 9377.2 9377.21 9378.54 9381.57 9382.96 9384.04 9384.8 9385.24 9385.22 9384.45 9383.4 9383.31 9383.41
9344.96 9345.63 9346.15 9346.76 9347.55 9348.58 9349.95 9353.09 9357.61 9358.82 9360.29 9362.07 9364.18 9367.18 9369.76 9371.91 9373.81 9374.68 9376.46 9378.47 9380.4 9381.86 9382.86 9384.12 9384.97 9385.73 9387.07 9387.13 9385.68 9385.12 9386.63 9386.19 9384.35 9381.69 9378.62 9373.99 9371.34 9369.07 9367.05 9366.43 9367.04 9367.95 9367.61 9368.44 9370.49 9371.86 9372.64 9373.78 9374.74 9375.6 9376.35 9377.04 9377.69 9378.25 9377.94 9377.66 9378.8 9382.02 9383.44 9384.54 9385.5 9386.2 9386.69 9385.99 9383.67 9383.84 9383.87
9346.53 9347.01 9347.63 9348.39 9349.34 9350.61 9352.14 9354.28 9357.95 9360.63 9362.69 9364.58 9366.55 9368.87 9371.58 9373.6 9374.61 9376.06 9377.8 9379.47 9380.84 9381.92 9382.97 9384.55 9386.4 9388.56 9390.63 9392.51 9392.63 9391.58 9391.74 9389.03 9386.05 9382.88 9380.42 9376.86 9373.54 9370.46 9367.99 9367.98 9367.6 9367.87 9369.28 9370.72 9373.25 9375.11 9375.6 9376.01 9376.45 9376.97 9377.54 9378.04 9378.47 9378.73 9378.38 9378.04 9379.58 9382.2 9383.84 9385 9385.95 9386.76 9387.54 9387.49 9384.13 9384.24 9384.42
9348.36 9348.76 9349.45 9350.17 9351.14 9352.56 9354.78 9357.85 9359.93 9362.76 9364.99 9366.79 9368.62 9370.86 9373.41 9375.62 9377.85 9378.32 9379.5 9380.9 9382.11 9383.06 9384.13 9386.23 9388.78 9390.81 9395.23 9399.51 9403.47 9403.25 9397.85 9392.82 9388.5 9384.38 9380.63 9377.03 9373.72 9370.82 9368.54 9367.29 9368.25 9369.43 9371.07 9372.87 9375.32 9377.5 9378.16 9378.01 9378.09 9378.36 9378.8 9379.16 9379.34 9379.25 9378.7 9378.37 9380.37 9382.83 9384.44 9385.49 9386.3 9386.84 9387.09 9386.9 9384.12 9384.2 9384.33
