real_craters/C152-500m.grd
DSAA
199 199
-49.595 49.595
-49.595 49.595
8298.7009084716 9793.1293251299
[rows 150 to 179 of 199, columns 0 to 66 of 199]
9372.83 9373.85 9374.26 9374.71 9375.69 9380.77 9384.53 9386.16 9388.7 9392.63 9399.01 9402.62 9406.87 9410.6 9413.03 9410.71 9407.47 9400.69 9390.55 9386.09 9383.38 9381.6 9380.56 9381.54 9384.49 9388.44 9396.08 9409.61 9410.81 9385.89 9330.63 9284.85 9296.37 9458.95 9461.82 9455.75 9440.68 9422.18 9409.54 9409.17 9411.15 9408.73 9406.42 9405.22 9408.69 9411.47 9413.72 9417.82 9422.53 9426.8 9429.13 9428.65 9427.8 9433.97 9445.13 9438.42 9431.88 9428.84 9427.11 9424.15 9422.47 9420.54 9419.78 9419.03 9418.77 9419.19 9421.32
9371.34 9373.39 9374.68 9375.76 9376.91 9380.64 9385.32 9388.29 9391.81 9396.98 9403.59 9406.9 9411.05 9413.32 9413.24 9412.4 9411.49 9400.95 9391.41 9386.06 9383.9 9382.54 9382.52 9384.09 9388.75 9391.52 9397.75 9408.95 9436.13 9391.67 9289.72 9172.78 9084.73 9279.87 9412.55 9443.58 9437.16 9416.87 9396.66 9412.15 9410.34 9408.14 9406.93 9405.97 9409.15 9411.02 9413.1 9419.35 9426.37 9432.08 9435.14 9431.88 9424.83 9431.11 9493.17 9437.78 9431.48 9427.97 9426.65 9425.18 9423.04 9421.45 9419.52 9418.48 9417.72 9419.05 9422.26
9372.95 9374.41 9376.21 9377.31 9378.71 9381.32 9385.53 9389.71 9394.89 9401.68 9410.35 9415.75 9416.84 9417.36 9416.94 9415.81 9409.33 9401.32 9393.79 9387.71 9384.66 9383.54 9382.89 9383.7 9389.52 9393.47 9398.47 9409.01 9448.3 9409.31 9286.88 9144.3 9044.57 9245.31 9401.54 9437.98 9428.15 9400.28 9360.9 9319.48 9405.4 9412.09 9411.26 9409.94 9410 9411.93 9415.33 9421.23 9429.08 9436.31 9441.51 9435.23 9419.54 9434.88 9464.32 9438.05 9433.73 9432.92 9430.03 9428.41 9425.1 9423.21 9422.1 9419.4 9418.15 9417.08 9418.92
9374.04 9376.05 9377.92 9380.52 9381.97 9384.37 9385.46 9391.03 9397.37 9403.63 9415.36 9421.03 9420.36 9421.06 9422.64 9423.34 9417.16 9405.06 9395.7 9389.01 9385.79 9384.39 9385.29 9384.02 9390.46 9394.86 9401.13 9411.68 9443.68 9422.93 9326.73 9217.06 9137.42 9355.64 9459.73 9455.19 9434.22 9404.5 9374.57 9354.82 9417.57 9410.91 9406.77 9408.11 9410.03 9412.77 9416.54 9422.73 9430.89 9440.02 9449.33 9454.47 9415.93 9384.37 9458.07 9440.13 9433.22 9422.7 9420.13 9415.85 9416.67 9415.89 9414.49 9412.93 9412.29 9412.03 9412.27
9374.9 9378.55 9384.1 9383.33 9383.31 9384.83 9387.79 9392.76 9398.82 9407.25 9414.25 9417.96 9419.51 9422.15 9425.5 9426.45 9419.52 9407.39 9397.46 9389.99 9386.69 9385.23 9384.55 9387.87 9395.36 9399.61 9405.35 9413.2 9427.37 9423.93 9391.75 9376.88 9394.07 9453.6 9476.03 9455.98 9433.12 9414.92 9403.76 9416.33 9414.7 9410.92 9406.13 9406.66 9410.47 9412.86 9415.5 9423.38 9433.07 9443.21 9452.34 9453.86 9443.6 9459.77 9445.69 9441.5 9439.86 9438.24 9436.39 9434.2 9430.83 9426.22 9424.35 9421.42 9418.23 9414.5 9409.17
9377.52 9379.93 9380.81 9383.99 9385.48 9387.11 9390.77 9394.64 9398.41 9402.14 9407.49 9415 9415.63 9419.96 9425.08 9426.73 9417.83 9409 9400.32 9392.93 9389.32 9387.59 9388.09 9392.63 9401.33 9407.88 9409.31 9413.76 9419.81 9424.82 9427.86 9452.49 9476.77 9448.93 9437.98 9436.81 9427.4 9418.34 9413.71 9412.99 9413.3 9413.28 9410.51 9410.41 9412.66 9415.51 9417.11 9424.44 9434.68 9444.95 9453.06 9456.05 9456.42 9451.3 9442.39 9441.72 9439.83 9438.8 9435.56 9433.89 9430.7 9429.52 9427.88 9424.99 9421.59 9418.69 9417.64
9379.89 9382.54 9386.42 9388.54 9387.37 9388.75 9392.4 9395.63 9397.97 9399.74 9403.83 9407.6 9410.23 9415.36 9420.02 9423.92 9419.27 9413.22 9405.7 9398.08 9394.25 9390.42 9389.38 9394.14 9401.97 9407.74 9410.31 9412.79 9413.75 9416.1 9428.21 9437.54 9435.59 9426.97 9418.22 9423.79 9422.84 9420.79 9413.61 9409.72 9412.03 9412.56 9411.25 9412.41 9414.86 9417.52 9419.2 9424.74 9433.91 9443.83 9453.47 9460.72 9459.8 9452.27 9444.08 9441.21 9439.7 9438.05 9436.88 9435.46 9433.34 9431.76 9429.21 9427.69 9426.23 9424.7 9424.16
9381.77 9382.5 9382.46 9380.58 9386.52 9390.33 9392.4 9395.63 9398.42 9401.44 9406.03 9407.84 9408.27 9410.56 9412.67 9413.71 9415.47 9415.09 9411.04 9412.31 9403.28 9394.84 9392.04 9398.14 9404.67 9408.17 9409.93 9411.03 9412.77 9410.67 9418.91 9423.2 9424.4 9419.97 9415.91 9414.17 9413.07 9412.61 9412.06 9412.18 9412.86 9412.67 9412.62 9414.32 9416.89 9419.67 9420.25 9424.16 9432.5 9441.95 9452.02 9460.27 9458.31 9450.4 9446.07 9444 9442.07 9440.13 9438.37 9436.84 9434.9 9434.21 9433.27 9432.69 9432.24 9431.68 9431.61
9383.45 9383.33 9380.13 9383.91 9388.34 9391.32 9393.46 9396.51 9398.73 9400.67 9402.84 9405.24 9404.71 9406.44 9407.21 9405.03 9405.46 9406.73 9409.71 9408.89 9409.69 9408.1 9407.84 9408.41 9411.66 9411.22 9410.25 9409.26 9406.79 9413.57 9414.41 9414.4 9415.73 9413.89 9411.04 9411.34 9411.97 9412.43 9412.97 9413.23 9413.04 9413.68 9413.95 9415.83 9418.51 9420.69 9421.06 9424.6 9432.5 9441 9448.96 9454.33 9453.5 9449.66 9449.81 9447.06 9442.79 9440.16 9438.97 9437.98 9436.83 9436.86 9436.73 9437.26 9437.46 9437.68 9437.05
9383.98 9384.51 9388.35 9390.49 9391.53 9394.28 9396.11 9397.7 9399.1 9400.42 9401.88 9403.69 9403.89 9404.3 9404.84 9403.19 9401.53 9403.18 9409.21 9413.32 9417.77 9421.1 9417.35 9414.94 9416.27 9413.2 9411.41 9410.14 9410.23 9411.9 9411.63 9411.65 9413.3 9411.16 9409.69 9409.69 9410.76 9411.94 9413.1 9415.32 9415.63 9415.85 9415.14 9417.27 9420.01 9422.9 9424.44 9426.43 9432.72 9439.77 9445.8 9449.52 9448.23 9444.98 9448.39 9445.75 9442.05 9440.09 9438.7 9438.26 9438.49 9438.49 9439.48 9439.98 9441.11 9441.36 9440.6
9384.26 9384.13 9386.18 9387.87 9391.05 9393.54 9395.64 9397.56 9399.13 9400.49 9402.12 9403.25 9403.49 9403.46 9404.19 9403.96 9403.46 9408.31 9411.74 9416.38 9417.19 9419.18 9416.78 9412.28 9413.91 9414.12 9412.87 9411.34 9410.25 9409.07 9408.68 9409.8 9412.18 9410.92 9409.31 9410.26 9411.13 9412.04 9413.16 9415.46 9419.76 9416.5 9417.05 9418.83 9421.35 9423.97 9425.85 9427.93 9432.51 9438.36 9443.96 9446.91 9444.43 9439.28 9437.93 9437.78 9437.96 9437.59 9436.95 9436.58 9437.31 9438.56 9440.79 9443.31 9444.34 9443.9 9443.07
9385.13 9385.89 9386.95 9388.54 9391.15 9393.77 9396.01 9397.75 9398.98 9400.23 9401.91 9402.68 9402.7 9402.61 9403.25 9403.65 9405.68 9410.65 9410.63 9409.37 9407.4 9402.01 9399.53 9403.28 9405.38 9411.09 9412.82 9411.43 9409.81 9408.17 9408.09 9410.08 9412.53 9412.43 9412.96 9411.49 9411.39 9412.37 9413.84 9416.35 9420.17 9418.35 9418.29 9419.89 9422.22 9424.62 9426.31 9427.71 9431.15 9436.83 9442.74 9447.13 9444.85 9436.91 9433.07 9432.71 9433.53 9433.59 9433.8 9434.71 9436.86 9440.02 9442.88 9445.86 9448.23 9447.81 9446.9
9385.96 9387.17 9388.18 9389.71 9391.72 9394.03 9396.32 9397.97 9398.94 9399.3 9398.7 9400.36 9402.28 9401.92 9402.91 9405.58 9408.75 9406.64 9407.66 9408.88 9407.33 9402.25 9397.3 9399.12 9402.21 9407.5 9410.14 9410.19 9411.02 9411.06 9410.09 9414.75 9414.78 9413.19 9411.24 9410.52 9411.19 9412.45 9415.18 9415.93 9417.26 9421.77 9419.92 9420.86 9422.99 9425.14 9426.29 9423.6 9429.89 9434.96 9440.36 9446 9445.68 9431.91 9429.99 9430.36 9429.83 9430.87 9432.3 9434 9436.17 9438.59 9441.81 9446.29 9452.92 9458.97 9452.34
9385.91 9386.56 9387.99 9390.08 9391.81 9393.37 9395.05 9397.81 9398.92 9399.29 9399.4 9401.07 9401.8 9401.66 9403.37 9406.63 9409.13 9407.67 9407.76 9409.88 9409.02 9402.83 9399.92 9399.25 9400.54 9402.86 9404.97 9407.56 9409.79 9411.25 9412.31 9415.92 9416.1 9413.74 9411.24 9410.53 9411.9 9412.72 9413.75 9417.39 9421.14 9423.07 9421.27 9421.87 9423.83 9425.87 9427.76 9428.29 9430.09 9433.1 9436.49 9438.22 9437.54 9429.91 9427.98 9429.16 9426.69 9427.85 9429.85 9432.28 9434.65 9437.08 9439.52 9442.59 9448.92 9461.09 9447.29
9386.23 9387.53 9389.11 9390.59 9392.02 9393.81 9396.26 9398.15 9399.36 9400.21 9401.11 9402.58 9402.79 9402.32 9403.48 9407.6 9411.02 9409.1 9407.88 9409.09 9407.98 9403.86 9401.91 9400.99 9400.76 9402.12 9403.25 9404.67 9405.43 9405.87 9411.82 9418.91 9416.53 9414.34 9412.1 9411.9 9415.21 9415.82 9416.03 9419.5 9422.79 9425.76 9421.87 9422.01 9423.15 9425.2 9427.25 9426.86 9427.78 9430.04 9431.29 9430.27 9429.86 9425.58 9421.72 9424.04 9422.07 9424.73 9427.78 9431.58 9433.63 9435.16 9434.96 9433.68 9431.99 9429.41 9429.27
9386.83 9388.67 9390.1 9390.64 9392 9394.2 9396.61 9398.9 9400.69 9400.94 9401.49 9402.21 9403.45 9403.02 9404.68 9408.51 9412.11 9409.79 9407.41 9408.23 9408.35 9405.99 9404.41 9404.42 9403.39 9401.68 9400.68 9402.22 9403.25 9404.26 9405.67 9411.68 9414.16 9414.89 9415.25 9417.92 9422.74 9425.05 9422.42 9422.99 9423.31 9424.67 9422.97 9421.38 9421 9422.87 9426.09 9426.86 9426.77 9425.76 9425.82 9427.14 9422.31 9414.61 9409.89 9405.25 9412.29 9421.27 9427.69 9431.69 9434.01 9434.72 9432.87 9427.69 9416.85 9411.32 9415.27
9387.17 9388.88 9390.42 9391.71 9393.42 9394.73 9396.5 9398.48 9399.96 9401.08 9401.95 9403.41 9403.76 9403.36 9405.13 9407.92 9410.48 9408.64 9406.83 9408.29 9408.96 9407.83 9406.09 9404.87 9403.16 9401.46 9401 9400.93 9401.63 9403.64 9403.52 9407.12 9409.39 9412.48 9417.94 9425.17 9429.71 9437.66 9436.92 9427.43 9424.53 9423.95 9422.66 9417.85 9415.84 9417.61 9422.36 9427.16 9425 9419.51 9416.42 9415.24 9401.8 9400.67 9402.31 9394.18 9409.93 9421.46 9427.88 9432.22 9434.83 9435.95 9434.99 9430.26 9419.85 9411.1 9418.26
9387.51 9389.22 9390.79 9392.46 9393.74 9394.63 9396.58 9399.26 9399.96 9401.34 9402.32 9403.01 9403.9 9403.08 9404.65 9405.67 9405.97 9406.33 9406.99 9408.82 9410.3 9408.84 9405.87 9403.81 9400.27 9398.33 9399.92 9397.28 9396.56 9401.06 9402.66 9402.07 9403.6 9409.43 9415.35 9421.67 9429.04 9435.78 9431.1 9424.25 9417.86 9411.69 9406.26 9404.86 9408.81 9410.09 9407.7 9405.84 9409.34 9410.63 9407.89 9397.48 9394.84 9401.97 9411.74 9422.25 9426.49 9428.99 9432.67 9436.39 9438.56 9440.5 9441.33 9441.46 9442.73 9440.54 9436.06
9388.16 9389.97 9391.06 9391.25 9390.33 9394.13 9395.98 9399.57 9401.26 9402.16 9403.14 9403.84 9404.14 9402.83 9403.45 9402.8 9402.73 9404.28 9407.14 9407.21 9408.51 9406.42 9399.85 9401.2 9393.48 9389.21 9387.04 9384.15 9385.4 9384.97 9381.16 9386.51 9396.95 9405.4 9411.89 9419.18 9423.33 9429.68 9422.37 9419.43 9414.52 9406.91 9396.35 9399.33 9408.2 9410.29 9404.99 9399.11 9401.96 9410.97 9412.37 9408.45 9419.88 9423.69 9427.18 9434.64 9437.15 9437.27 9438.89 9441.09 9443.93 9446.28 9448.9 9452.61 9456.74 9455.44 9451.62
9388.86 9390.55 9392.01 9392.91 9394.23 9395.45 9397.43 9400.19 9401.5 9401.94 9402.24 9403.58 9403.66 9402.11 9400.76 9397.76 9398 9399.07 9401.15 9394.49 9395.08 9395.37 9382.78 9373.48 9380.53 9380.15 9369.61 9371.95 9380.45 9374.93 9371.26 9381.19 9396.64 9406.7 9412.39 9413.54 9419.2 9419.52 9420.33 9422.35 9417.84 9418.84 9418.07 9418.88 9421.53 9420.72 9420.31 9422.89 9423.99 9422.92 9425.33 9432.82 9436.66 9436.77 9436.91 9439.73 9441.41 9442.45 9443.63 9445.51 9447.73 9450.48 9453.88 9458.54 9466.96 9464.71 9459.61
9389.5 9390.4 9392.62 9394.2 9394.97 9395.36 9397.39 9401.32 9402.1 9399.37 9398.62 9402.12 9400.61 9399.99 9391.06 9390.69 9386.12 9378.69 9375.34 9374.25 9364.74 9371.46 9380.6 9371.81 9382.78 9386.96 9390.04 9394.55 9394.08 9398.11 9407.87 9404.74 9406.81 9412.91 9419.06 9424.68 9427.95 9432.6 9437.89 9434.93 9438.16 9448.03 9454.68 9450.62 9437.99 9432.98 9431.89 9432.6 9434.42 9433.67 9434.36 9438.18 9440.27 9441.07 9441.89 9443.56 9444.93 9445.17 9446.36 9447.97 9450.25 9452.99 9456.29 9459.12 9460.88 9464.04 9463.97
9388.18 9387.06 9390.41 9391.68 9393 9389.96 9389.97 9389.54 9390.8 9387.85 9388.64 9386.9 9382.98 9374.82 9384.71 9392.57 9393.44 9397.96 9396.07 9397.55 9397.57 9402.32 9402.28 9404.63 9399.38 9400.99 9406.92 9409.88 9408.54 9411.32 9415.33 9414.26 9416.04 9420.79 9427.32 9434.78 9438.92 9441.84 9444.86 9443.7 9444.21 9442.21 9443.39 9447.34 9444.47 9441.59 9440.64 9440.07 9441.44 9442.16 9441.83 9442.14 9443.18 9444.22 9445.52 9445.77 9445.33 9448.31 9449.8 9451.92 9453.94 9456.12 9458.5 9460.37 9461.23 9465.25 9467.88
9378.5 9377.79 9376.28 9373.59 9375.38 9378.36 9374.29 9358.85 9357.02 9374.4 9386.01 9386.77 9392.94 9404.46 9403.18 9402.11 9405.18 9410.25 9409.83 9410.95 9410.19 9409.65 9410.56 9411.97 9410.54 9410.71 9413.13 9415.24 9415.51 9416.87 9418.62 9419.49 9422.67 9428.07 9434.29 9440.62 9444.75 9446.67 9447.77 9446.76 9445.25 9445.92 9446.46 9444.36 9445.88 9446.59 9448.24 9452.77 9453.54 9451 9448.07 9447.4 9447.47 9448.87 9449.72 9449.98 9450.95 9451.97 9453.7 9455.67 9457.56 9459.53 9461.65 9463.68 9465.64 9468.49 9471.04
9365.36 9373.12 9371.94 9372.82 9384.07 9388.42 9388.29 9394.94 9397.52 9391.99 9395.95 9403.28 9411.79 9412.27 9410.65 9409.73 9410.6 9411.61 9412.5 9416.56 9414.44 9413.66 9414.2 9415.72 9416.14 9417.01 9418.37 9419.62 9418.92 9419.57 9422.29 9421.89 9428.01 9433.92 9440 9445.54 9448.97 9451.57 9450.86 9448.68 9446.73 9446.04 9445.65 9445.78 9447.54 9449.33 9451.22 9453.83 9456.27 9454.38 9451.68 9450.76 9451.95 9453.85 9453.86 9453.78 9454.64 9455.41 9456.87 9458.6 9460.74 9462.79 9464.77 9466.45 9468.45 9470.66 9473.27
9376.93 9381.34 9386.3 9393.03 9395.1 9397.02 9399.5 9405.54 9408 9408 9407.28 9410.51 9413.68 9415.79 9413.5 9413.82 9414.11 9414.85 9414.75 9414.96 9413.96 9415.13 9417.74 9419.29 9420.35 9421.3 9421.56 9421.84 9421.1 9420.75 9424.81 9428.65 9433.03 9438.58 9444.66 9450.67 9455.59 9454.75 9452.78 9449.85 9447.52 9445.92 9446.52 9448.07 9449.88 9451.25 9451.67 9450.78 9450.9 9452.82 9454.73 9456.95 9456.75 9456.03 9456.15 9456.83 9457.24 9458.36 9460.3 9462.36 9464.4 9466.03 9467.73 9469.44 9470.82 9472.48 9472.26
9392.3 9392.4 9395.21 9398.01 9398.6 9398.96 9402.4 9404.46 9409.54 9411.78 9412.82 9414.36 9416.07 9417.34 9416.75 9416.27 9416.42 9416.36 9416.9 9417.25 9416.54 9417.6 9419.84 9422.12 9423.12 9423.56 9423.78 9423.65 9424.04 9425.87 9428.38 9431.89 9436.89 9442.65 9448.5 9454.4 9458.72 9457.15 9454.83 9452.37 9449.23 9447.18 9447.26 9451.04 9453.27 9453.23 9452.85 9452.51 9451.94 9452.67 9458.12 9461.11 9460.98 9460.04 9460.4 9460.49 9459.58 9461.03 9464 9466.66 9468.32 9469.82 9471.1 9473.11 9474.59 9475.53 9477.14
9399.07 9400.06 9401.82 9403.16 9404.16 9403.82 9405.16 9405.21 9407.57 9412.2 9414 9416.34 9418.62 9419.45 9418.54 9418.95 9419.07 9419.51 9419.8 9419.61 9416.15 9420.29 9423.52 9424.83 9425.64 9426.2 9426.83 9427.29 9427.13 9428.48 9432.68 9436.69 9441.08 9446 9451.45 9456.19 9459.37 9459.36 9456.01 9454.38 9450.75 9447.8 9447.79 9453.22 9455.71 9454.74 9454.43 9454.62 9454.69 9455.69 9457.19 9461.27 9463.65 9467.22 9468.78 9465.54 9463.09 9464.86 9469.31 9471.78 9473.25 9474.01 9474.35 9474.72 9476.25 9478.1 9480.09
9402.79 9404.79 9407.04 9409.3 9411 9412.95 9410.77 9408.98 9409.13 9410.59 9414.7 9417.65 9419.35 9422.02 9423.32 9421.96 9421.54 9421.66 9421.65 9420.99 9421.08 9422.13 9426 9427.26 9427.98 9428.76 9429.61 9430.55 9430.37 9432.04 9436.26 9439.89 9443.64 9448.6 9453.92 9458.5 9461.28 9460.39 9458.15 9450.78 9450.42 9449.39 9448.73 9452.76 9453.85 9454.91 9455.79 9456.58 9457.43 9458.1 9459.99 9462.7 9464.85 9467.39 9468.88 9469.77 9472.49 9475.88 9477.03 9478.08 9478.82 9478.98 9478.04 9476.66 9478.1 9480.14 9482.03
9407.34 9409.2 9411.11 9412.6 9415.12 9417.94 9414.76 9412.1 9411.89 9414.25 9417.25 9420.22 9422.24 9423.03 9424.48 9423.99 9423.28 9422.91 9423.16 9424.22 9424.17 9425.54 9427.75 9428.89 9429.9 9431.04 9432.33 9433.17 9433.21 9436.1 9438.93 9441.64 9445.24 9450.62 9456.31 9461.67 9464.73 9463.87 9463.79 9466.19 9457.87 9453.29 9452.12 9452.69 9452 9455.04 9457.17 9458.75 9459.86 9460.29 9463.34 9464.84 9465.65 9465.3 9464.84 9472.64 9479.83 9484.27 9484.33 9484.25 9484.61 9484.88 9484.12 9480.85 9482.49 9483 9483.18
9410.72 9412.77 9414.84 9416.77 9418.27 9419.02 9417.53 9415.83 9415.44 9417.12 9420.93 9423.71 9425.69 9424.47 9425.8 9424.89 9424.66 9424.59 9424.56 9425.79 9427.08 9428.91 9429.12 9430.47 9432 9433.59 9435.16 9436.58 9436.95 9438.82 9441.62 9444.18 9447.26 9452.41 9458.36 9464.27 9468.79 9466.89 9465.47 9463.79 9460.05 9455.94 9452.91 9453.09 9454.6 9456.9 9459.13 9460.94 9462.38 9463.7 9466.55 9466.94 9467.93 9468.43 9470.56 9476.62 9483.61 9488.84 9488.45 9488.89 9489.68 9491.08 9493.22 9494.86 9490.65 9487.76 9485.88
