real_craters/C152-500m.grd
DSAA
199 199
-49.595 49.595
-49.595 49.595
8298.7009084716 9793.1293251299
[rows 30 to 59 of 199, columns 0 to 66 of 199]
9206.85 9203.11 9206.02 9207.65 9208.23 9207.35 9206.35 9205.41 9204.41 9202.65 9205.66 9208 9208.37 9186.74 9172.92 9167.91 9166.33 9166.48 9166.7 9165.09 9164.19 9163.37 9162.25 9161.55 9160.29 9163.76 9167.25 9170.54 9174.52 9181.84 9196.73 9215.3 9211.9 9210.66 9206.56 9205.8 9232.09 9255.37 9265.27 9251.77 9234.65 9215.35 9225.08 9222.09 9205.11 9193.99 9187.3 9186.61 9188.22 9193.4 9197.86 9202.49 9207.41 9211.9 9217.38 9223.55 9238.9 9251.8 9262.72 9267.05 9260.37 9251.9 9243.34 9234.12 9222.13 9213.57 9204.86
9200.25 9202.44 9205.73 9209.48 9209.64 9208.54 9207.7 9206.27 9204.77 9205.15 9207.08 9210.24 9208.03 9186.75 9172.19 9168.98 9168.81 9169.67 9170.96 9170.15 9169.51 9168.65 9168.05 9167.09 9165.51 9167.79 9172.96 9178.1 9181.54 9185.8 9195.69 9207.53 9203.28 9197.05 9192.12 9190.01 9204.73 9215.81 9210.75 9209.14 9210.23 9201.05 9203.71 9209.35 9205.71 9198.39 9192.87 9188.55 9188.74 9193.41 9198.08 9202.89 9207.27 9212.6 9218.75 9226.43 9237.14 9250.12 9260.52 9265.08 9262.31 9256.42 9249.05 9240.12 9229.68 9219.62 9210.7
9198.55 9201.99 9205.02 9207.39 9208.21 9208.9 9208.67 9207.71 9206.16 9204.14 9207.44 9212.33 9210.07 9192.57 9175.64 9171.77 9172.1 9173.89 9176.15 9175.68 9175.17 9175.13 9175.14 9175.09 9174.15 9177.26 9184.76 9188 9188.02 9188.2 9190.1 9192.05 9192.23 9189.37 9185.01 9181.85 9187.15 9191.05 9188.52 9194.54 9199.69 9203.89 9200.93 9197.47 9199.05 9195.17 9191.53 9188.93 9188.53 9193.19 9198.21 9203.08 9208.06 9212.97 9219.87 9229.92 9239.62 9248.07 9257.79 9262.81 9262.82 9259.69 9253.96 9245.58 9236.21 9224.24 9215.39
9198.58 9200.64 9203.77 9207.17 9208.68 9209.25 9209.58 9209.64 9209.23 9207.97 9211.43 9217.03 9218.77 9203.11 9180.05 9175.81 9176.24 9178.26 9180.18 9181.34 9181.48 9182.04 9182.96 9184.36 9186.51 9196.37 9204.54 9198.33 9193.08 9189.88 9188.24 9184.53 9184.27 9183.95 9182.44 9182.11 9182.82 9183.08 9184.5 9188.88 9193.62 9202.83 9199.53 9195.03 9193.25 9191.17 9189.6 9188.22 9188.79 9194.75 9199.58 9204.19 9208.72 9213.69 9219.07 9224.76 9237.42 9246.05 9250.65 9259.26 9263.9 9264.08 9260.22 9252.78 9243.26 9231.15 9217.35
9198.85 9200.24 9203 9206.49 9207.87 9209.49 9211.26 9213.22 9215 9216.91 9219.67 9221.24 9220.33 9207.46 9185.18 9181.14 9181.53 9183.33 9185.8 9187.16 9187.37 9188.46 9190.21 9192.88 9197.3 9204.03 9210.96 9202.16 9195.37 9190.07 9187.23 9180.39 9180 9181 9181.85 9182.34 9182.45 9181.79 9181.6 9182.75 9185.21 9187.52 9191 9192.08 9191.63 9190.73 9189.88 9189.44 9193.16 9197.49 9201.48 9205.44 9209.39 9214.06 9219.26 9227.06 9237.94 9247.68 9256.24 9262.26 9267.19 9269.42 9268.39 9264 9254.22 9238.81 9219.81
9199.63 9201.18 9203.3 9206.27 9208.48 9209.44 9212.84 9216.41 9220.45 9224.8 9227.28 9222.68 9215.63 9203.04 9191.2 9187.44 9187.5 9189.21 9191.31 9192.84 9193.66 9194.23 9195.5 9197.79 9201.7 9197.1 9199.63 9197.85 9193.65 9188.94 9184.62 9182.38 9179.96 9180.71 9181.85 9182.36 9182.51 9181.92 9179.54 9177.06 9180.93 9183.82 9187.62 9189.31 9189.63 9189.08 9188.86 9189.39 9196.45 9199.99 9203.28 9206.82 9210.78 9214.59 9219.83 9227.59 9238.99 9250.54 9259.78 9265.77 9270.95 9275.92 9278.17 9274.35 9265.19 9249.18 9229.25
9202.12 9202.66 9203.07 9205.48 9205.95 9208.86 9213.53 9218.27 9222.99 9226.94 9227.85 9221.31 9211.84 9200.68 9195.49 9193.26 9193.38 9195.24 9197.82 9199.79 9199.41 9199.15 9199.05 9199.32 9198.63 9197.46 9194.52 9193.69 9191.86 9189.06 9186.74 9181.76 9181.51 9182.1 9182.57 9182.83 9182.59 9181.43 9180.91 9178.63 9181.89 9185.23 9187.35 9188.68 9189.22 9189.27 9189.48 9190.94 9197.09 9201.18 9204.76 9208.29 9212.01 9215.47 9220.57 9229.15 9239.88 9250.9 9260.76 9266.94 9274.01 9281.32 9286.51 9283.29 9275.26 9256.62 9236.62
9204.46 9205.07 9205.05 9205.6 9205.68 9208.66 9214.13 9219.59 9224.24 9226.78 9224.29 9219.78 9210.57 9202.32 9199.09 9197.84 9198.44 9200.37 9203.25 9205.07 9203.65 9202.07 9201.05 9200.59 9201.27 9202.1 9193.91 9192.06 9191.21 9189.69 9187.44 9187.83 9186.12 9184.78 9184.03 9183.05 9181.49 9180.72 9178.47 9178.01 9183.13 9186.34 9187.87 9188.93 9189.46 9189.58 9189.86 9190.71 9197.24 9202.44 9206.5 9209.97 9213.01 9216.76 9221.28 9229.7 9239.32 9248.62 9256.77 9264.54 9272.22 9280.55 9292.18 9295.15 9276.07 9258.56 9239.75
9206.33 9207.47 9207.79 9207.4 9205.61 9209.65 9215.37 9220.52 9225.32 9228.71 9228.95 9221.39 9210.04 9199.97 9199.24 9200.34 9201.6 9203.51 9206.19 9208.15 9205.36 9202.66 9200.99 9199.64 9199.07 9197.63 9194.76 9192.27 9191.86 9192.23 9193.86 9192.57 9188.49 9186.99 9185.9 9184.77 9184.06 9183.96 9176.44 9181.09 9184.98 9187.59 9188.91 9189.75 9190.27 9190.86 9191.69 9193.35 9200.28 9204.53 9208.24 9211.56 9214.33 9218.14 9223.9 9230.58 9237.27 9245.53 9253.05 9258.43 9264.75 9274.36 9284.26 9286.45 9274.5 9258.11 9240.22
9208.68 9209.97 9210.72 9210.57 9211.03 9212.83 9216.97 9221.89 9226.47 9230.32 9232.34 9223.23 9210.18 9199.01 9198.87 9201.75 9203.25 9204.37 9205.74 9206.62 9203.4 9200.76 9198.55 9196.48 9194.51 9194.02 9192.08 9191.61 9192.26 9193.88 9194.73 9190.96 9189.54 9189.03 9188.05 9186.97 9185.72 9183.08 9182.07 9183.66 9186.56 9189.27 9190.74 9191.47 9192.17 9193.18 9195.21 9199.57 9203.7 9207.15 9210.06 9213 9215.88 9218.97 9221.89 9228.5 9233.02 9237.3 9243.58 9249.66 9256.78 9266.82 9275.71 9277.21 9270.2 9257.13 9241.19
9211.58 9212.97 9213.76 9213.51 9212.91 9213.81 9218.05 9222.55 9226.53 9229.25 9228.47 9221.63 9210.98 9200.79 9199.78 9203.44 9204.58 9204.14 9202.93 9200.9 9199.06 9197.62 9195.83 9193.77 9190.66 9186.2 9187.58 9189.88 9192 9193.22 9192.13 9190.6 9192.55 9191.32 9190.27 9189.21 9188.24 9187.14 9186.2 9187.52 9191.88 9192.41 9192.86 9193.31 9193.94 9195.13 9197.19 9202.16 9207.04 9209.67 9211.88 9214.81 9217.32 9220.27 9225.71 9227.72 9230.24 9230.05 9236.23 9244.41 9253.67 9263.89 9271.32 9273.09 9268.98 9257.96 9243.16
9215.45 9217.4 9216.93 9216.4 9216.09 9216.06 9220.27 9224.03 9227.11 9228.5 9227.06 9221.7 9213.52 9204.48 9203.21 9207.33 9206.19 9203.94 9200.81 9196.65 9195.24 9195 9193.94 9192.28 9190.25 9189.09 9188.65 9190.46 9192.76 9194.07 9193.73 9193.34 9193.49 9192.85 9192.17 9191.38 9190.62 9191.55 9189.17 9188.85 9192.28 9193.96 9194.51 9194.93 9195.38 9196.54 9198.52 9206.56 9209.74 9212.04 9213.92 9216.09 9218.17 9220.71 9224.45 9229.4 9231.28 9229.98 9233.87 9243.97 9253.84 9263.23 9271.81 9274.15 9270.51 9262.02 9249.54
9219.51 9222.77 9221.03 9219.82 9219.5 9220.88 9223.21 9226.36 9228.69 9229.85 9228.22 9224.31 9218.86 9212.76 9210.9 9210.52 9207.55 9204.3 9200.56 9196.48 9194.76 9193.98 9193.01 9191.75 9191.01 9191.25 9192.1 9193.16 9194.36 9195.69 9195.91 9195.35 9195.03 9194.86 9194.49 9193.47 9193.09 9191.72 9190.54 9190.57 9193.79 9195.46 9195.91 9196.16 9196.36 9197.57 9200.17 9206.6 9211.54 9214.16 9216.29 9217.47 9218.91 9220.27 9223.03 9228.23 9233.15 9231.86 9235.87 9245.21 9254.99 9264.7 9273.1 9277.39 9278.54 9274.59 9265.56
9221.27 9223.37 9221.33 9220.22 9221.44 9223.28 9226.36 9230.18 9232.34 9232.96 9233.32 9231.42 9224.49 9218.84 9215.87 9211.7 9208.17 9204.73 9201.43 9198.99 9196.85 9194.66 9193.33 9192.21 9191.48 9191.8 9192.94 9194.75 9195.38 9196.75 9197.85 9198.95 9197.11 9196.12 9195.69 9196.86 9196.06 9195.62 9195.84 9195.85 9197.44 9197.89 9197.98 9198.06 9198.03 9198.66 9200.93 9208.25 9212.7 9215.63 9218.69 9220.38 9220.73 9220.74 9221.23 9224.5 9229.63 9231.95 9238.77 9247.76 9256.98 9268.22 9277.51 9286.65 9292.82 9294.44 9292.03
9222.46 9221.78 9220.89 9220.91 9225.66 9226.89 9231.57 9235.39 9236.53 9236.1 9235.11 9231.93 9225.12 9219.33 9214.93 9210.51 9208.31 9205.09 9201.9 9198.98 9196.4 9195.14 9193.81 9192.74 9191.9 9190.93 9193.15 9193.64 9195.04 9196.52 9198.85 9199.43 9198.05 9201.29 9203.68 9203.4 9198.87 9196.85 9198.92 9200.48 9200.67 9200.82 9200.65 9200.28 9199.58 9199.35 9201.23 9209.39 9214.55 9218.89 9221.45 9223.03 9223.25 9223.99 9225.06 9225.32 9227.79 9233.07 9241.05 9249.63 9259.83 9271.38 9284.6 9298.18 9308.62 9317.55 9324.12
9226.02 9225.88 9229.32 9233.56 9237.89 9238.43 9242.6 9243.77 9241.12 9237.23 9232.02 9225.89 9221.9 9218.13 9214.08 9212.24 9208.97 9205.66 9202.45 9199.92 9198.11 9196.21 9195.27 9194.58 9193.65 9192.19 9196.93 9198.26 9197.28 9198.04 9202.83 9203.75 9206.07 9210.55 9214.26 9211.17 9203.93 9201.68 9203.63 9204.66 9204.86 9203.9 9203.29 9202.7 9202.16 9201.51 9200.6 9210.36 9217.1 9222.69 9225.91 9226.96 9223.86 9220.94 9220.95 9225.34 9226.44 9232.01 9242.8 9253.8 9265.87 9279.32 9293.01 9310.31 9325.26 9339.59 9352.5
9231.96 9235.58 9241.77 9250.11 9257.38 9260.19 9259.36 9251.96 9245.33 9237.58 9229.89 9223.17 9219.51 9217.63 9216.17 9213.28 9209.54 9206 9202.96 9200.2 9197.61 9197.58 9197.53 9197.49 9197.31 9198.07 9199.4 9201.37 9201.17 9200.79 9208.82 9229.14 9230.15 9225.4 9230.32 9221.16 9209.67 9208.85 9208.22 9208.78 9207.82 9206.85 9206.8 9205.99 9205.99 9206.91 9208.8 9215.4 9220.94 9226.05 9228.85 9230.64 9226.02 9222.94 9226.2 9227.57 9227.61 9233.93 9245.44 9257.68 9271.41 9285.4 9301.53 9319.59 9338.66 9358.85 9376.67
9238.71 9242.75 9253.66 9268.23 9278.31 9283.41 9274.26 9255.6 9243.65 9235.74 9227.78 9221.08 9218.17 9217.42 9217.1 9213.44 9209.09 9206.31 9204.49 9202.55 9200.75 9200.67 9200.29 9200.43 9201.04 9202.7 9204.3 9203.82 9208.45 9205.63 9193.49 9206.1 9233.78 9262.05 9248.94 9229.7 9212.66 9210.94 9210.55 9205.68 9207.7 9209.85 9211.14 9210.86 9211.42 9212.84 9216.46 9221.12 9224.41 9229.2 9232.06 9228.61 9223.98 9220.88 9226.71 9229.44 9230.54 9237.02 9249 9262.09 9276.22 9291 9306.73 9325.76 9345.4 9368.87 9396.7
9246.74 9251.31 9265.4 9290.58 9292.73 9282 9264.41 9248.41 9238.38 9232.05 9226.49 9220.7 9217.88 9217.24 9216.7 9212.22 9208.52 9207.33 9206.02 9205.43 9206.12 9204.31 9203.55 9203.75 9204.46 9205.49 9206.39 9206.24 9219.06 9211.63 9153.3 9093.11 9129.52 9257.46 9247.77 9231.42 9217.78 9216.06 9214.54 9211.83 9211.61 9215.11 9216.6 9216.85 9217.4 9217.29 9219.9 9224.26 9226.57 9229.22 9231.36 9228.12 9222.45 9217.07 9227.31 9231.27 9232.96 9239.88 9252.25 9266.25 9281.53 9294.55 9309.5 9325.5 9342.7 9361.67 9385.96
9256.88 9261.72 9274.98 9302.16 9296.49 9267.31 9241.78 9234.47 9229.3 9226.23 9222.13 9218.64 9217.06 9217.8 9217.68 9214.94 9211.38 9209.31 9208.12 9207.23 9206.67 9205.87 9205.99 9206.71 9207.67 9208.11 9208.9 9212.27 9230.76 9210.07 9123.09 9032.13 9031.17 9176.74 9217.43 9224.09 9220.19 9219.26 9218.58 9217.83 9222.18 9223.45 9222.83 9223.03 9224.59 9223.86 9226.12 9232.81 9230.39 9231.55 9230.84 9228.81 9225.82 9225.43 9231.54 9232.73 9235.1 9243.62 9255.4 9269.02 9283.54 9297.39 9311.39 9324.93 9335.42 9342.88 9343.06
9269.62 9276.07 9288.1 9303.18 9293.22 9259.95 9229.54 9223.02 9221.43 9221.26 9220.11 9221.35 9220.05 9218.7 9218.51 9216.58 9213.72 9211.62 9210.58 9209.53 9207.15 9208.07 9209.11 9209.32 9209.62 9210.53 9212.98 9215.38 9225.86 9201.73 9118.56 9029.14 9000.78 9125.83 9193.8 9216.53 9219.98 9218 9219.08 9222.03 9225.16 9225.57 9225.59 9228.42 9232.94 9236.03 9239.84 9239.22 9236.5 9234.38 9232.76 9230.26 9230.46 9231.51 9231.84 9234.14 9237.33 9246.9 9258.41 9272.09 9285.59 9298.8 9311.67 9322.23 9329.56 9329.69 9321.73
9282.67 9289.04 9297.94 9305.18 9294.03 9261.17 9227.02 9216.25 9216.94 9218.94 9219.05 9218.54 9216.17 9219.52 9220.91 9219.18 9215.2 9214.23 9213.58 9213.43 9214.57 9214.71 9212.86 9212.14 9211.97 9212.08 9212.24 9213.11 9218.6 9197.37 9139.37 9080.67 9053.25 9150.7 9202.07 9217.53 9220.95 9219.7 9223.96 9229.3 9223.81 9221.29 9225.76 9230.65 9236.97 9240.43 9240.13 9241.43 9239.89 9237.5 9235.59 9232.23 9231.03 9233.76 9235.39 9237.06 9241.44 9249.93 9260.7 9273.56 9286.85 9299.6 9311.44 9320.95 9329.09 9332.03 9328
9295.23 9297.14 9303.35 9315.07 9312.09 9272.26 9226.88 9214.51 9213.72 9218.45 9219.91 9222.36 9221.02 9223.99 9224.96 9224.49 9218.93 9217.5 9216.73 9216.5 9217.12 9216.94 9215.62 9214.84 9214.36 9214.15 9214.69 9215.78 9218.4 9202.74 9174.01 9159.8 9199.45 9222.53 9221.38 9220.49 9221.83 9223.58 9228.25 9229.81 9224.54 9221.86 9227.51 9232.94 9234.86 9235.42 9239.24 9241.86 9242.91 9241.41 9239.55 9236.3 9231.17 9229.21 9235.77 9239.35 9245.36 9253.25 9263.29 9274.26 9285.79 9298.5 9311.02 9322.86 9334.96 9345.72 9352.89
9308.19 9301.81 9298.52 9323.85 9336.87 9289.73 9235.1 9215.38 9213.05 9217.33 9222.5 9230.34 9233.09 9230.1 9228.22 9227.48 9224.99 9220.82 9219.15 9218.6 9217.85 9216.91 9217.42 9217.15 9216.59 9216.27 9216.72 9217.86 9219.23 9212.32 9202.15 9203.32 9217.23 9219.56 9220.5 9222.4 9226.87 9227.15 9226.81 9230.74 9229.33 9228.23 9236.46 9233.71 9235.1 9237.66 9243.14 9244.8 9245.18 9246.04 9244.46 9243.01 9241.77 9234.08 9238.84 9243.4 9248.5 9255.96 9264.99 9275.19 9286.6 9300.14 9312.58 9326.65 9340.48 9356.52 9374.07
9316 9306.08 9304.65 9330.32 9352.95 9306.72 9243.93 9221.22 9217.49 9219.73 9226.2 9234.78 9235.43 9232.06 9228.35 9225.4 9222.66 9221.28 9220.57 9220.39 9220.39 9220.15 9220.25 9219.78 9218.99 9218.28 9217.6 9218.2 9222.59 9219.44 9216.55 9217.52 9218.55 9216.02 9218.96 9229.24 9229.83 9231.4 9233.61 9235.74 9237.18 9230.43 9236.36 9236 9236.65 9240.94 9247.33 9248.33 9249.29 9251.05 9250.33 9249.93 9250.17 9247.22 9245.95 9250.25 9254.63 9259.54 9267.54 9277.11 9288.72 9300.82 9313.79 9326.83 9340.46 9354.89 9366.65
9316.66 9307.45 9304.09 9327.15 9359.25 9319.73 9261.9 9234.9 9226.21 9224.63 9227.94 9231.26 9234.63 9231.17 9226.92 9222.51 9221.16 9220.88 9221.33 9222.08 9223.18 9224.64 9223.29 9222.02 9221.25 9221.01 9221.09 9223.04 9224.64 9222.86 9223.32 9223.57 9223 9218.44 9217.84 9226.04 9232.98 9234.9 9234.83 9240.48 9240.72 9236.2 9235.91 9236.68 9238.01 9242.68 9249.42 9252.38 9253.61 9255.18 9255.99 9255.47 9253.93 9251.33 9248.48 9247.61 9253.18 9260.22 9269.41 9279.21 9290.37 9302.81 9313.72 9325.22 9336.17 9347.26 9358.67
9313.22 9307 9304.2 9318.92 9341.61 9317.95 9279.49 9249.75 9233.07 9229.56 9230.88 9232.21 9233.65 9230.28 9226.22 9221.72 9219.29 9220.28 9222 9223.19 9224.47 9225.92 9224.9 9223.85 9223.59 9223.37 9222.84 9221.61 9222.9 9223.76 9227.59 9228.11 9228.3 9225.94 9222.43 9221.69 9228.66 9238.06 9241.31 9239.56 9240.53 9238.93 9238.38 9237.98 9238.67 9245.46 9251.7 9256.2 9259.37 9261.42 9262.73 9261.61 9259.04 9255.65 9249.42 9242.68 9250.79 9260.6 9270.21 9281.94 9291.79 9302.87 9313.51 9323.39 9331.73 9336.04 9342.62
9309.57 9306.27 9304.25 9309.71 9318.34 9304.07 9272.13 9242.39 9232.67 9231.26 9232.75 9237.12 9234.51 9231.2 9226.97 9222.55 9221.16 9222.91 9223.68 9224.22 9224.59 9224.88 9224.61 9224.85 9225.54 9226.39 9227.31 9228.03 9231.61 9233.87 9233.44 9233.81 9233.97 9233.44 9232.1 9231.29 9232.52 9237.47 9242.08 9240.15 9242.21 9243.01 9242.26 9241.21 9240.79 9245.44 9253.68 9260.15 9264.42 9267.36 9268.88 9268.14 9265.06 9261.46 9255.97 9253.2 9257.8 9264.99 9273.88 9283.12 9292.6 9303.07 9313.1 9323.21 9329.93 9332.11 9333.83
9307.9 9306.8 9304.8 9304.46 9311.37 9296.07 9262.11 9236.55 9233.25 9231.24 9233.47 9234.63 9236.4 9233.58 9229.16 9225.49 9224.52 9226.08 9226.02 9225.56 9224.7 9223.1 9223.52 9225.88 9227.84 9229.59 9231.63 9235.31 9237.58 9239.14 9238.35 9239.03 9239.26 9239.3 9238.18 9240.82 9241.01 9241.73 9243.97 9244.55 9245.87 9246.99 9247.17 9246.5 9245.49 9251.77 9257.84 9263.64 9269.25 9272.54 9274.9 9274.75 9269.72 9264.97 9264.11 9264.76 9267.03 9272 9278.73 9287.27 9296.38 9304.61 9314.15 9323.01 9331.27 9337.93 9333.33
9312.46 9309.47 9307.79 9309.88 9300.37 9280.65 9254.95 9240.73 9236.68 9236.24 9235.3 9235.24 9236.97 9234.69 9231.47 9228.54 9227.53 9228.86 9228.48 9227.77 9226.57 9224.99 9225.53 9228.34 9230.82 9232.93 9235.47 9239.56 9239.59 9238.98 9241.76 9243.34 9244.47 9243.19 9239.04 9240.62 9240.06 9239.79 9242.48 9246.5 9250.58 9254.52 9256.31 9254.87 9251.91 9256.6 9262.42 9267.25 9273.37 9277.73 9281.16 9281.38 9273.83 9269.07 9269.24 9272.28 9273.23 9276.63 9282.39 9289.07 9296.1 9304.16 9312.91 9321.32 9330.74 9336.9 9329.02
