real_craters/C152-750m.grd
DSAA
133 133
-49.595 49.595
-49.595 49.595
8300.4728869609 9796.8197324761
[rows 38 to 75 of 133, columns 0 to 83 of 133]
9310 9305 9310 9314 9272 9236 9231 9233 9235 9229 9223 9222 9224 9224 9225 9225 9226 9227 9228 9233 9233 9234 9233 9233 9233 9243 9240 9243 9242 9241 9245 9257 9264 9268 9268 9265 9256 9254 9265 9278 9293 9308 9323 9332 9334 9334 9331 9324 9308 9290 9284 9290 9290 9292 9286 9290 9310 9324 9329 9328 9335 9343 9339 9333 9327 9326 9330 9337 9344 9346 9341 9335 9328 9319 9315 9306 9302 9317 9333 9345 9344 9345 9361 9369
9309 9307 9307 9308 9259 9235 9234 9234 9237 9232 9227 9227 9227 9226 9223 9225 9229 9232 9236 9238 9240 9242 9242 9236 9239 9241 9247 9250 9251 9249 9254 9263 9271 9277 9278 9268 9267 9270 9274 9284 9296 9309 9323 9335 9332 9313 9306 9307 9303 9298 9294 9308 9319 9299 9293 9296 9305 9317 9338 9332 9338 9342 9350 9349 9342 9338 9341 9348 9351 9348 9346 9344 9339 9334 9322 9307 9299 9316 9331 9342 9345 9349 9355 9362
9322 9304 9293 9250 9245 9241 9239 9238 9238 9235 9231 9231 9231 9231 9229 9231 9234 9237 9236 9244 9245 9249 9249 9249 9244 9237 9246 9260 9268 9263 9264 9268 9274 9283 9292 9272 9271 9274 9280 9287 9296 9306 9317 9330 9321 9299 9294 9300 9304 9308 9316 9322 9320 9307 9311 9311 9311 9320 9339 9339 9342 9354 9360 9359 9351 9345 9351 9356 9361 9357 9355 9354 9350 9343 9335 9324 9317 9326 9335 9341 9343 9343 9344 9350
9322 9284 9251 9240 9243 9248 9248 9244 9238 9235 9234 9236 9236 9236 9236 9238 9240 9240 9236 9239 9250 9251 9253 9251 9252 9252 9253 9267 9281 9270 9272 9272 9276 9280 9282 9279 9280 9280 9283 9287 9293 9299 9304 9306 9301 9289 9290 9299 9309 9320 9331 9330 9319 9306 9317 9321 9327 9339 9355 9358 9375 9378 9383 9382 9366 9358 9365 9368 9370 9370 9368 9364 9361 9359 9350 9343 9341 9342 9345 9347 9341 9333 9346 9346
9296 9269 9249 9247 9257 9255 9258 9254 9243 9234 9236 9238 9240 9240 9242 9244 9246 9247 9247 9255 9247 9252 9253 9257 9260 9260 9261 9264 9262 9261 9267 9271 9275 9275 9274 9278 9280 9281 9283 9287 9290 9292 9291 9286 9289 9293 9295 9304 9316 9328 9339 9340 9326 9315 9324 9330 9340 9350 9372 9391 9393 9418 9403 9390 9386 9388 9390 9379 9366 9368 9369 9372 9372 9367 9363 9357 9358 9360 9359 9357 9349 9332 9336 9346
9283 9264 9254 9265 9291 9283 9269 9252 9242 9240 9237 9238 9240 9242 9244 9248 9252 9255 9254 9250 9253 9253 9256 9263 9266 9262 9259 9259 9262 9260 9264 9270 9274 9275 9274 9277 9275 9279 9282 9285 9288 9288 9286 9284 9284 9289 9299 9311 9324 9336 9343 9343 9323 9322 9328 9340 9353 9373 9383 9394 9406 9430 9423 9402 9411 9417 9418 9397 9373 9376 9382 9388 9392 9388 9386 9388 9385 9382 9378 9371 9359 9338 9347 9354
9275 9274 9289 9314 9326 9347 9258 9220 9227 9245 9247 9246 9243 9244 9244 9244 9257 9260 9255 9255 9255 9257 9262 9275 9273 9263 9256 9257 9264 9257 9265 9271 9276 9278 9281 9280 9279 9280 9283 9286 9288 9288 9286 9283 9286 9289 9302 9318 9332 9344 9351 9352 9334 9337 9339 9355 9366 9378 9396 9421 9436 9453 9454 9457 9457 9455 9444 9419 9399 9402 9403 9413 9422 9426 9423 9424 9417 9408 9399 9390 9377 9366 9374 9362
9282 9288 9329 9278 9086 9080 9113 9173 9216 9250 9258 9256 9251 9249 9249 9253 9258 9258 9258 9260 9260 9263 9268 9283 9281 9270 9264 9264 9266 9266 9270 9275 9282 9285 9277 9277 9280 9282 9286 9289 9290 9291 9293 9294 9294 9300 9313 9328 9342 9357 9367 9374 9369 9368 9380 9380 9384 9388 9413 9457 9473 9479 9495 9498 9524 9535 9482 9471 9469 9466 9446 9461 9468 9467 9466 9452 9446 9434 9421 9409 9397 9379 9370 9367
9282 9284 9308 9198 8958 8935 9025 9149 9217 9254 9274 9267 9257 9256 9252 9252 9256 9258 9260 9261 9265 9268 9272 9276 9281 9278 9276 9272 9266 9267 9272 9280 9288 9292 9285 9275 9276 9284 9288 9292 9294 9296 9301 9307 9307 9314 9328 9342 9356 9370 9384 9395 9401 9401 9404 9411 9420 9429 9465 9506 9498 9525 9560 9589 9646 9729 9688 9636 9602 9572 9554 9543 9520 9497 9488 9503 9475 9457 9442 9429 9416 9392 9371 9372
9284 9288 9325 9293 9057 9049 9111 9185 9234 9266 9279 9271 9262 9256 9254 9253 9258 9265 9267 9267 9270 9275 9277 9279 9284 9282 9279 9274 9263 9259 9272 9283 9292 9299 9285 9285 9289 9293 9296 9298 9300 9302 9302 9312 9326 9336 9346 9357 9371 9385 9401 9414 9415 9413 9428 9456 9475 9494 9535 9569 9598 9589 9623 9706 9777 9760 9780 9797 9701 9654 9655 9632 9573 9521 9486 9496 9491 9478 9463 9448 9429 9413 9396 9378
9295 9296 9333 9344 9307 9285 9302 9250 9253 9263 9267 9275 9260 9255 9254 9255 9262 9275 9275 9275 9276 9285 9287 9283 9285 9285 9282 9278 9272 9269 9277 9284 9290 9294 9294 9300 9305 9304 9304 9304 9307 9311 9318 9331 9348 9357 9362 9370 9382 9391 9406 9419 9423 9434 9483 9522 9545 9571 9618 9654 9630 9605 9603 9653 9678 9578 9523 9522 9584 9623 9715 9665 9581 9552 9526 9504 9512 9502 9487 9469 9453 9441 9423 9402
9300 9301 9316 9315 9337 9328 9298 9274 9268 9263 9260 9261 9257 9255 9256 9260 9267 9276 9279 9280 9284 9291 9295 9289 9290 9287 9284 9280 9277 9288 9283 9285 9286 9289 9296 9323 9321 9313 9311 9311 9313 9317 9328 9341 9356 9366 9370 9378 9388 9395 9408 9432 9460 9522 9583 9602 9611 9642 9675 9646 9611 9533 9493 9444 9340 9338 9304 9380 9441 9479 9491 9481 9508 9553 9602 9579 9546 9520 9498 9484 9475 9464 9453 9423
9308 9308 9310 9309 9304 9293 9274 9272 9264 9261 9255 9258 9257 9257 9259 9263 9267 9277 9280 9284 9289 9292 9290 9290 9291 9288 9285 9284 9278 9280 9284 9285 9285 9287 9295 9309 9318 9315 9314 9315 9317 9320 9322 9337 9350 9360 9367 9374 9382 9392 9405 9432 9523 9625 9707 9658 9612 9611 9642 9504 9411 9407 9386 9349 9293 9311 9318 9345 9344 9332 9292 9300 9389 9476 9600 9623 9554 9521 9507 9498 9492 9486 9456 9441
9308 9310 9310 9311 9299 9283 9269 9270 9266 9263 9260 9260 9261 9260 9262 9265 9267 9266 9279 9286 9291 9295 9289 9291 9291 9287 9285 9282 9278 9282 9283 9285 9286 9292 9297 9302 9310 9315 9315 9317 9318 9322 9331 9336 9343 9356 9369 9379 9389 9403 9422 9474 9611 9701 9754 9638 9526 9428 9325 9248 9268 9278 9260 9262 9321 9219 9231 9254 9220 9210 9205 9234 9292 9333 9369 9480 9491 9492 9499 9510 9517 9520 9470 9447
9319 9315 9318 9320 9310 9289 9273 9268 9267 9266 9263 9263 9262 9265 9266 9268 9273 9275 9283 9289 9291 9292 9296 9296 9293 9290 9288 9283 9278 9281 9283 9286 9289 9288 9294 9302 9307 9311 9314 9316 9318 9321 9326 9331 9333 9355 9369 9382 9393 9413 9448 9523 9631 9704 9683 9529 9405 9280 9192 9223 9232 9173 9122 9084 9032 8969 8994 8996 9047 9092 9156 9233 9238 9222 9185 9310 9375 9428 9476 9512 9532 9526 9481 9453
9323 9320 9331 9339 9318 9287 9277 9272 9271 9271 9269 9268 9268 9269 9267 9267 9287 9292 9292 9290 9288 9292 9296 9297 9298 9296 9293 9291 9293 9285 9287 9294 9294 9287 9292 9298 9303 9307 9309 9313 9317 9322 9328 9336 9349 9361 9379 9396 9416 9438 9477 9565 9705 9703 9485 9357 9289 9244 9237 9201 9137 9034 8964 8897 8810 8742 8764 8804 8872 8938 9025 9131 9152 9192 9180 9182 9280 9359 9442 9501 9538 9528 9493 9473
9309 9324 9343 9340 9312 9289 9282 9277 9274 9276 9275 9274 9273 9273 9270 9266 9269 9306 9299 9293 9290 9292 9298 9301 9302 9300 9295 9294 9295 9297 9302 9315 9318 9307 9300 9301 9303 9306 9310 9314 9317 9324 9333 9338 9354 9373 9398 9426 9455 9482 9521 9617 9768 9629 9325 9216 9170 9141 9049 8958 8882 8844 8806 8751 8677 8638 8642 8674 8735 8791 8823 8831 8987 9189 9300 9187 9266 9348 9418 9498 9566 9558 9515 9497
9313 9330 9344 9333 9311 9291 9285 9281 9278 9278 9280 9282 9281 9278 9276 9277 9284 9292 9297 9296 9297 9300 9298 9293 9288 9294 9295 9295 9301 9326 9350 9344 9330 9306 9299 9300 9304 9308 9310 9313 9315 9315 9325 9336 9363 9392 9429 9481 9525 9561 9577 9641 9728 9474 9221 9136 9040 8944 8847 8755 8682 8682 8674 8651 8626 8618 8618 8619 8657 8680 8682 8673 8830 9040 9173 9258 9293 9330 9397 9483 9569 9593 9563 9537
9306 9323 9340 9328 9312 9291 9285 9282 9278 9276 9285 9291 9286 9287 9283 9284 9288 9289 9294 9296 9298 9299 9302 9302 9291 9294 9294 9293 9299 9355 9398 9365 9323 9305 9303 9305 9307 9311 9313 9316 9318 9321 9327 9336 9372 9413 9465 9524 9598 9653 9668 9617 9520 9254 9088 9057 8912 8769 8687 8638 8593 8590 8591 8579 8563 8549 8548 8593 8619 8633 8637 8676 8754 8836 8945 9154 9222 9266 9340 9439 9551 9624 9614 9514
9298 9311 9326 9322 9307 9290 9286 9284 9276 9266 9243 9226 9275 9292 9287 9288 9289 9291 9294 9296 9299 9302 9304 9304 9302 9302 9299 9298 9328 9365 9388 9374 9341 9319 9313 9312 9313 9315 9318 9321 9324 9329 9333 9338 9379 9437 9502 9578 9654 9721 9741 9533 9276 9029 8935 8886 8779 8686 8602 8587 8562 8553 8549 8536 8508 8485 8516 8564 8608 8620 8627 8639 8675 8739 8822 8949 9060 9159 9256 9363 9475 9638 9733 9612
9290 9303 9328 9318 9298 9287 9286 9286 9276 9266 9257 9277 9281 9290 9287 9287 9286 9291 9293 9297 9300 9302 9305 9306 9307 9307 9307 9314 9328 9359 9389 9387 9362 9339 9327 9322 9322 9323 9324 9326 9330 9337 9341 9344 9389 9442 9506 9572 9635 9682 9656 9353 9039 8829 8720 8653 8649 8609 8523 8496 8521 8534 8527 8514 8505 8476 8504 8573 8613 8633 8631 8605 8626 8717 8769 8824 8917 9017 9127 9252 9409 9602 9738 9687
9285 9300 9332 9315 9288 9278 9279 9280 9274 9273 9279 9288 9288 9286 9285 9288 9291 9290 9295 9298 9302 9304 9307 9313 9317 9315 9309 9309 9311 9341 9388 9403 9388 9359 9341 9332 9330 9330 9330 9331 9334 9340 9353 9367 9403 9448 9499 9544 9574 9567 9453 9139 8861 8763 8650 8576 8556 8515 8451 8437 8477 8506 8516 8500 8485 8487 8502 8573 8641 8669 8671 8663 8663 8726 8717 8734 8794 8885 8996 9121 9262 9504 9681 9712
9281 9294 9322 9314 9283 9267 9269 9267 9271 9274 9279 9284 9286 9286 9285 9289 9292 9296 9297 9300 9304 9309 9310 9318 9323 9319 9311 9311 9311 9332 9373 9405 9399 9369 9349 9343 9339 9337 9338 9340 9344 9348 9366 9372 9410 9445 9475 9496 9490 9430 9267 8980 8789 8771 8625 8546 8500 8442 8400 8420 8485 8541 8529 8487 8447 8485 8545 8664 8705 8719 8738 8761 8780 8684 8646 8647 8701 8764 8868 9007 9206 9427 9662 9747
9279 9293 9325 9316 9280 9260 9263 9266 9269 9274 9277 9280 9282 9285 9288 9291 9294 9298 9298 9301 9305 9308 9311 9315 9318 9321 9322 9319 9317 9325 9352 9384 9392 9380 9367 9356 9350 9347 9347 9349 9355 9368 9386 9396 9416 9434 9455 9457 9423 9324 9139 8898 8761 8756 8585 8532 8466 8403 8385 8426 8521 8602 8548 8480 8423 8451 8539 8663 8715 8748 8783 8824 8846 8643 8581 8560 8568 8650 8749 8873 9054 9317 9567 9756
9280 9291 9321 9311 9281 9260 9263 9265 9268 9272 9275 9277 9281 9285 9287 9291 9293 9291 9296 9301 9306 9311 9312 9311 9313 9320 9341 9350 9329 9316 9340 9369 9376 9376 9372 9363 9357 9354 9355 9356 9359 9371 9391 9401 9420 9435 9438 9432 9389 9285 9086 8847 8698 8595 8550 8534 8447 8373 8375 8438 8521 8588 8533 8482 8464 8506 8564 8620 8693 8767 8803 8809 8717 8611 8555 8525 8524 8574 8650 8752 8928 9196 9457 9672
9287 9305 9312 9302 9285 9269 9260 9264 9268 9272 9275 9279 9282 9285 9286 9290 9292 9292 9296 9304 9309 9313 9310 9311 9313 9319 9358 9379 9346 9322 9319 9319 9335 9368 9370 9361 9357 9356 9358 9363 9369 9379 9390 9403 9424 9437 9443 9435 9391 9289 9066 8806 8653 8570 8549 8549 8411 8345 8357 8418 8467 8459 8490 8498 8497 8585 8585 8661 8750 8800 8815 8794 8735 8642 8566 8530 8518 8537 8587 8665 8839 9096 9351 9598
9298 9312 9311 9304 9290 9278 9265 9268 9272 9273 9277 9279 9283 9285 9287 9290 9292 9294 9299 9308 9314 9313 9314 9315 9316 9323 9350 9378 9352 9326 9318 9316 9321 9327 9345 9353 9356 9360 9363 9368 9377 9390 9403 9414 9434 9449 9458 9449 9404 9294 9041 8772 8635 8572 8536 8488 8401 8332 8335 8378 8420 8442 8485 8538 8554 8523 8550 8693 8812 8843 8822 8793 8759 8693 8603 8542 8509 8523 8567 8636 8799 9035 9270 9537
9312 9316 9313 9295 9293 9288 9275 9272 9272 9274 9277 9281 9284 9287 9288 9290 9293 9298 9306 9312 9318 9317 9318 9320 9320 9324 9333 9356 9346 9334 9322 9317 9320 9317 9332 9346 9353 9357 9362 9368 9377 9389 9407 9425 9449 9472 9482 9476 9428 9301 9006 8730 8614 8572 8531 8452 8357 8305 8320 8359 8400 8449 8504 8541 8529 8478 8510 8719 8909 8876 8830 8790 8737 8674 8617 8555 8514 8525 8582 8687 8831 9017 9219 9465
9294 9318 9320 9295 9297 9303 9289 9278 9272 9272 9276 9281 9285 9287 9288 9293 9296 9300 9307 9320 9327 9314 9325 9326 9326 9325 9329 9336 9334 9324 9321 9323 9324 9329 9335 9342 9348 9353 9357 9364 9376 9386 9397 9430 9463 9494 9510 9500 9451 9311 8978 8691 8602 8557 8503 8410 8328 8300 8313 8361 8421 8500 8552 8551 8506 8469 8536 8698 8837 8829 8808 8796 8770 8729 8639 8569 8521 8532 8606 8737 8864 9025 9210 9440
9288 9313 9324 9303 9304 9306 9300 9287 9273 9271 9275 9279 9281 9284 9288 9292 9297 9303 9313 9328 9310 9319 9327 9328 9331 9334 9332 9330 9327 9318 9317 9322 9331 9338 9339 9342 9346 9349 9351 9356 9368 9382 9401 9446 9487 9526 9543 9530 9460 9285 8968 8715 8620 8574 8521 8416 8338 8306 8320 8380 8456 8515 8577 8648 8618 8560 8599 8604 8636 8691 8753 8804 8809 8726 8642 8575 8535 8545 8615 8726 8882 9048 9227 9434
9286 9305 9314 9311 9311 9314 9309 9295 9277 9273 9275 9278 9282 9283 9286 9291 9296 9301 9308 9316 9322 9320 9316 9327 9342 9350 9353 9339 9328 9319 9323 9331 9337 9344 9342 9343 9346 9349 9350 9349 9353 9381 9411 9462 9512 9555 9583 9570 9488 9281 8964 8739 8659 8629 8594 8467 8375 8329 8351 8408 8471 8545 8628 8717 8782 8706 8535 8480 8466 8575 8719 8823 8830 8729 8628 8578 8566 8596 8638 8727 8914 9099 9270 9433
9288 9303 9314 9314 9316 9322 9319 9304 9283 9276 9278 9281 9285 9286 9289 9288 9294 9299 9304 9310 9316 9320 9326 9332 9358 9386 9403 9354 9337 9330 9332 9336 9330 9330 9339 9345 9348 9353 9357 9360 9367 9386 9420 9478 9532 9590 9623 9627 9564 9345 9002 8784 8709 8683 8677 8542 8473 8436 8417 8446 8509 8601 8693 8775 8864 8786 8590 8510 8499 8600 8745 8838 8863 8652 8588 8574 8588 8638 8691 8802 8988 9175 9343 9478
9290 9305 9322 9322 9324 9329 9327 9310 9291 9282 9283 9284 9287 9288 9290 9291 9294 9299 9304 9308 9314 9320 9328 9347 9377 9387 9372 9350 9341 9337 9335 9338 9334 9334 9340 9346 9352 9359 9367 9379 9394 9404 9435 9497 9557 9615 9661 9681 9637 9413 9080 8869 8767 8704 8625 8566 8477 8447 8444 8463 8519 8622 8777 8773 8884 8839 8731 8700 8755 8808 8809 8805 8731 8603 8566 8573 8598 8652 8774 8921 9081 9254 9421 9517
9293 9306 9319 9326 9330 9334 9331 9315 9301 9290 9289 9289 9289 9291 9294 9293 9297 9301 9305 9307 9313 9328 9353 9413 9407 9383 9359 9348 9347 9344 9343 9344 9342 9343 9346 9351 9358 9365 9374 9385 9394 9409 9445 9504 9562 9624 9676 9713 9692 9464 9137 8951 8840 8750 8661 8571 8480 8443 8443 8454 8482 8556 8660 8722 8780 8812 8835 8883 8905 8912 8818 8763 8670 8603 8574 8593 8633 8691 8866 9036 9168 9312 9452 9501
9292 9305 9321 9332 9335 9336 9334 9325 9312 9300 9296 9294 9293 9293 9296 9297 9300 9304 9307 9310 9315 9339 9403 9437 9423 9399 9382 9369 9363 9354 9346 9347 9344 9346 9348 9354 9360 9368 9377 9389 9394 9403 9447 9502 9558 9616 9666 9704 9706 9491 9220 9051 8934 8833 8736 8623 8504 8455 8452 8446 8436 8449 8548 8637 8693 8726 8765 8798 8797 8772 8730 8683 8605 8555 8565 8630 8710 8818 8960 9101 9225 9340 9430 9448
9292 9303 9322 9335 9339 9338 9337 9335 9325 9312 9304 9299 9297 9295 9299 9297 9302 9306 9309 9312 9316 9335 9370 9423 9435 9428 9422 9406 9386 9367 9354 9352 9349 9347 9351 9357 9363 9369 9377 9383 9389 9402 9446 9493 9538 9584 9620 9642 9602 9475 9302 9161 9052 8954 8862 8736 8566 8512 8484 8466 8451 8455 8496 8528 8566 8608 8627 8618 8645 8643 8609 8558 8527 8531 8579 8683 8801 8930 9053 9163 9263 9352 9423 9441
9290 9300 9312 9323 9343 9339 9333 9340 9335 9319 9311 9305 9300 9298 9301 9300 9305 9309 9313 9316 9321 9330 9342 9370 9403 9422 9418 9418 9407 9381 9359 9364 9358 9350 9353 9358 9364 9370 9378 9389 9393 9404 9440 9473 9514 9543 9571 9582 9560 9484 9369 9279 9187 9096 9014 8862 8646 8550 8526 8513 8499 8491 8498 8480 8473 8521 8542 8531 8546 8522 8514 8485 8499 8550 8637 8753 8888 9030 9141 9217 9286 9354 9429 9467
9292 9298 9304 9313 9337 9337 9334 9342 9341 9327 9319 9311 9304 9299 9299 9303 9307 9312 9315 9318 9323 9330 9339 9353 9368 9369 9379 9426 9424 9397 9384 9377 9364 9355 9356 9360 9365 9370 9376 9388 9399 9410 9430 9451 9475 9496 9516 9527 9540 9537 9485 9384 9292 9225 9155 9001 8765 8632 8605 8581 8552 8525 8490 8471 8453 8488 8522 8548 8524 8482 8480 8482 8521 8589 8682 8818 8968 9122 9227 9266 9312 9353 9388 9491
