real_craters/C152-500m.grd
DSAA
199 199
-49.595 49.595
-49.595 49.595
8298.7009084716 9793.1293251299
[rows 60 to 89 of 199, columns 67 to 133 of 199]
9305.46 9295.34 9294.36 9297.64 9301.41 9303.98 9306.6 9310.54 9316.44 9320.73 9323.39 9320.31 9309.79 9306.92 9310.55 9311.24 9310.28 9310.6 9312.41 9327.56 9338.84 9340.37 9339.13 9341.72 9349.06 9356.28 9360.37 9359.53 9357.61 9351.4 9346.04 9346.76 9350.79 9354.75 9358.14 9361.29 9359.31 9355.62 9355.27 9354.5 9352.52 9349.92 9346.18 9340.41 9334.93 9327.71 9321.81 9317.33 9322.46 9328.85 9335.01 9339.66 9342.24 9342.64 9342.21 9343.12 9343.73 9347.84 9352.38 9356.92 9361.21 9379.67 9396.9 9406.11 9405.45 9405.15 9416.51
9295.74 9285.61 9289.72 9295.84 9301.31 9307.21 9313.27 9320.38 9327.86 9329.11 9325.52 9316.01 9305.14 9308.38 9317.12 9317.71 9318.59 9322.16 9331.72 9339.66 9348.63 9350.86 9352.05 9362.26 9367.31 9372.08 9375.41 9378.15 9370.75 9360.28 9350.38 9354.33 9359.79 9364.4 9365.94 9368.27 9367.45 9367.76 9364.13 9361.66 9359.4 9357.51 9355.55 9353.74 9345.72 9339.73 9337.4 9334.18 9333.94 9337.76 9341.51 9344 9344.75 9341.61 9335.65 9337.59 9348.45 9347.16 9347.19 9348.3 9353.3 9377.13 9402.88 9413.63 9409.68 9406.53 9423.19
9291.69 9288.76 9291.59 9297.28 9303.87 9311.47 9318.67 9326.71 9334.54 9336.61 9331.12 9323.33 9308.25 9310.06 9314.5 9321.59 9326.16 9331.46 9338.53 9349.4 9362.88 9371.46 9373.29 9382.47 9387.84 9391.26 9390.08 9386.62 9379.73 9372.81 9369 9370.14 9372.01 9371.19 9369.79 9369.36 9369.78 9373.02 9369.57 9367.01 9365.93 9364.16 9362.65 9359.35 9354.18 9349.55 9346.7 9345.98 9346.55 9348.23 9349.45 9349.88 9347.71 9341.8 9333.5 9331.8 9342.91 9344.21 9344.9 9345.48 9350.46 9378.31 9413.41 9424.12 9415.3 9410.16 9401.88
9291 9293.27 9295 9300.83 9307.91 9316.29 9324.79 9332.04 9339.03 9341.61 9336.09 9325.6 9314.82 9317.46 9324.05 9327.49 9333.38 9339.69 9346.02 9356.98 9371.65 9385.39 9391.43 9393.2 9421.75 9412.88 9403 9393.38 9386.85 9385.69 9387.07 9388.76 9389.57 9384.29 9373.7 9365.72 9367.3 9367.58 9369.1 9371.51 9372.51 9371.67 9369.23 9365.57 9362.57 9359.21 9355.58 9357.81 9359.78 9359.44 9359.19 9357.83 9355 9348.66 9335.83 9331.27 9335.73 9344.76 9345.93 9346.27 9354.23 9381.06 9416.28 9425.77 9415.66 9405.2 9413.16
9288.82 9293.87 9298.04 9304.73 9313.23 9321.49 9329.34 9336.37 9342.31 9346.24 9337.91 9327.75 9324.28 9323.66 9328.65 9333.19 9340.56 9348.74 9357.73 9369 9378.6 9387.24 9393.8 9403.69 9425.55 9424.75 9415.29 9400.95 9392.95 9400.3 9405.4 9408.22 9408.94 9402.85 9381.59 9368.83 9369.63 9372.03 9375.41 9379.83 9382.56 9383.56 9381.49 9376.68 9376.29 9375.57 9370.29 9374.18 9375.03 9374.19 9370.9 9367.91 9363.11 9354.21 9340.09 9328.74 9337.99 9353.85 9349.89 9347.59 9351.66 9375.54 9412.14 9422.89 9414.77 9404.61 9412.95
9283.26 9288.84 9299.07 9308.39 9317.6 9327.38 9335.02 9341.27 9344.68 9342.92 9335.92 9320.3 9318.54 9322.81 9327.38 9338.8 9348.37 9357.62 9369.3 9380.55 9387.21 9395.05 9400.97 9410.68 9431.28 9436.8 9432.58 9425.48 9422.99 9424.82 9425.15 9424.22 9427.12 9415.76 9390.77 9378.33 9380.26 9383.81 9387.3 9392.33 9397.4 9400.23 9400 9398.38 9398.23 9400.5 9401.62 9395.91 9392.86 9388.91 9385.77 9380.74 9374.27 9365.97 9352.53 9342.04 9359.36 9357.65 9353.84 9349.15 9348.66 9369.63 9408.56 9422.27 9418.3 9411.15 9412.78
9286.96 9292.58 9302.3 9312.43 9323.04 9331.98 9340.4 9346.37 9350.61 9351.35 9348.37 9334.17 9332.05 9336.08 9338.8 9350.18 9358.55 9365.69 9372.96 9382.41 9395.8 9415.35 9425.05 9435.62 9452.91 9453.27 9453.79 9454.31 9458.63 9456.67 9455.65 9450.91 9444.28 9431.5 9407.3 9399.32 9401.65 9401.89 9402.55 9409.43 9417.97 9422.32 9425.25 9423.74 9422.58 9423.78 9422.26 9416.75 9411.03 9405.49 9399.21 9393.21 9386.35 9377.1 9368.62 9367.47 9373.75 9366 9359.25 9354.02 9353.18 9371.85 9416.97 9424.6 9423.48 9419.21 9419.63
9294.26 9300.17 9309.06 9319.25 9330.08 9338.37 9347.68 9355.19 9360.74 9363.39 9367.54 9360.3 9355.77 9362.13 9366.66 9369.45 9373.79 9376.8 9379.36 9381.1 9404.68 9428.62 9462.44 9467.14 9464.22 9473.36 9477.95 9479.84 9480.1 9496.13 9499.91 9473.22 9458.26 9448.16 9436.95 9438.93 9441.44 9435.88 9431.43 9436.08 9445.8 9452.44 9454.53 9453.12 9451.22 9445.32 9439.16 9435.47 9429.11 9420.87 9413.87 9406.37 9398.7 9390.01 9380.37 9373.79 9372.53 9370.51 9364.16 9361.02 9363.37 9378.1 9410.63 9422.46 9426.04 9422.51 9426.24
9298 9307.26 9317.45 9327.5 9337.23 9347.37 9357.47 9365.37 9372.93 9380.82 9382.77 9378.52 9379.08 9386.97 9390.11 9389.38 9391.41 9394.79 9397.15 9403.69 9425.39 9453.18 9479.61 9475.87 9481.45 9500.39 9514.49 9519.4 9520.36 9557.88 9592.4 9595.2 9537.53 9516.81 9506.12 9506.77 9503.38 9489.2 9469.5 9480.28 9484.46 9483.85 9480.92 9478.62 9477.26 9469.21 9463 9456.46 9446.09 9437.09 9428.26 9420.19 9412.15 9403.8 9390.57 9374.48 9367.6 9366.65 9366.34 9366.61 9372.38 9387.47 9399.5 9417.51 9432.45 9433.25 9431.49
9310.97 9317.95 9327.57 9337.36 9346.83 9355.7 9365.05 9375.02 9384.38 9392.28 9398.74 9400.68 9404.73 9398.69 9403.57 9408.91 9414.09 9419.67 9425.44 9433.14 9465.02 9499.76 9510.15 9498.07 9512.75 9538.27 9560.5 9581.37 9596.69 9646.36 9701.16 9752.95 9687.78 9648.98 9618.38 9601.76 9580.72 9563.61 9554.31 9547.46 9537.05 9520.15 9503.48 9491.58 9487.68 9503.81 9492.6 9474.83 9461.73 9451.7 9442.2 9433.29 9424.55 9416.3 9402.3 9382.74 9370.83 9372.63 9370.9 9371.13 9375 9379.47 9391.82 9411.77 9425.36 9429.84 9430.27
9323.16 9331.62 9339.71 9348.39 9356.98 9365.96 9376.38 9386.22 9395.65 9403.88 9413.18 9413.34 9415.37 9409.59 9418.79 9432.55 9443.93 9454.88 9464.18 9478.55 9507.24 9530.81 9549.54 9553.59 9562 9580.55 9610.12 9649.85 9701.47 9740.76 9760.33 9782.88 9782.36 9764.32 9763.39 9687.35 9645.35 9630.51 9626.75 9614.91 9588.36 9557.79 9527.55 9501.76 9484.62 9505.58 9499.58 9486.95 9476.49 9466.55 9456.32 9446.45 9436.17 9425.01 9412.11 9401.13 9386.82 9377.92 9374.66 9375.57 9378.27 9383.63 9395.22 9410.23 9419.79 9420.38 9415.71
9343.07 9346.28 9352.16 9358.08 9365.67 9374.27 9383.45 9394.16 9403.45 9411.91 9414.81 9415.77 9415.81 9416.35 9441.14 9464.81 9482.17 9498.13 9511.11 9528.06 9568.48 9596.04 9614.1 9626.47 9606.53 9607.16 9628.73 9680.29 9765.64 9791.23 9737.53 9727.54 9733.59 9726.33 9747.31 9684.26 9658.34 9665.97 9685.56 9679.8 9630.42 9583.69 9547.62 9519.25 9495.15 9487.47 9494.93 9495.28 9489.58 9481.15 9472.21 9461.09 9448.83 9435.71 9423.26 9415.61 9407.11 9390.49 9383.24 9382.45 9383.48 9387.64 9397.53 9410.53 9422.5 9415.76 9403
9355.77 9358.38 9362.21 9366.81 9373.61 9381.5 9389.93 9396.18 9405.56 9414.89 9419.42 9423.49 9430.07 9445.73 9483.22 9511 9529.03 9545.05 9561.79 9583.56 9618.48 9645.77 9655.54 9630.27 9613.34 9599.2 9603.43 9630.27 9680.01 9678.27 9604.37 9560.38 9523.19 9522.35 9545.03 9583.69 9607.72 9644.87 9715.47 9713.73 9626.97 9580.67 9557.2 9545 9526.05 9500.48 9508.59 9511.69 9507.74 9497.8 9486.96 9474.61 9462.9 9452.84 9444.51 9436.13 9422.8 9408.12 9397.24 9392.84 9391.44 9390.76 9397.8 9408.72 9413.18 9411.22 9402.66
9363.27 9365.29 9368.56 9372.94 9380.33 9387.38 9391.38 9400.27 9408.8 9420.89 9431.07 9444.44 9473.66 9509.75 9545.89 9567.5 9578.96 9590.5 9608.25 9628.65 9642.75 9659.94 9659.05 9654.44 9586.43 9550.54 9532.73 9520.95 9492.61 9442.72 9420.28 9368.22 9339.23 9369.89 9412.33 9479.43 9517.74 9548.76 9580.24 9575.2 9547.76 9538.41 9547.61 9566.44 9579.47 9553.76 9547.53 9537.75 9525.48 9513.16 9499.97 9488.82 9474.46 9468.08 9463.47 9458.91 9444.78 9425.29 9409.28 9404.41 9401.85 9404.8 9404.22 9411.27 9417.95 9412.15 9407.36
9363.27 9367.62 9372.13 9377.56 9378.75 9384.93 9390.94 9398.82 9406.11 9420.94 9442.12 9476.85 9524.21 9579.22 9625.5 9628.94 9623.78 9622.6 9636.12 9676.61 9731.53 9644.05 9569.87 9530.61 9510.26 9485.03 9457.23 9422.89 9358.5 9277.99 9308.42 9296.95 9301.18 9363.07 9389.94 9407.79 9422.31 9426.21 9410.51 9388.17 9428.58 9472.67 9513.64 9563.8 9617.61 9623.81 9589.82 9555.01 9531.79 9515.25 9496.64 9490.05 9485.18 9479.62 9472.02 9465.36 9457.26 9439.67 9424.64 9417.2 9411.4 9404.64 9409.22 9412.29 9413.53 9413.53 9408.48
9357.44 9363.17 9367.04 9371.75 9375.68 9381.61 9387.74 9395.83 9405.14 9418.87 9457.07 9523.05 9592.09 9668.46 9706.78 9675.51 9642.18 9612.47 9604.64 9625.63 9641.95 9545.39 9456.98 9411.31 9409.54 9401.78 9385.99 9362.8 9329.43 9293.21 9310.16 9315.86 9317.68 9339.01 9349.47 9343.92 9337.02 9322.27 9291.56 9272.02 9331.3 9389.2 9445.97 9511.05 9600.12 9652.59 9596.48 9554.38 9529.22 9514.31 9506.54 9499.53 9496.61 9492.02 9488.12 9479.28 9456.32 9441.89 9440.21 9429.46 9422.98 9420.95 9413.76 9416.89 9419.21 9417.06 9411.95
9351.52 9360.48 9367.99 9374.53 9381.4 9389.09 9396.25 9405.2 9415.28 9433.69 9487.95 9574.52 9666.87 9722.25 9736.94 9686.3 9619.08 9562.52 9514.46 9478 9427.89 9347.75 9293.66 9299.46 9319.21 9317.73 9304.69 9298.98 9315.57 9401.46 9313.95 9284.83 9343.07 9355.48 9294.54 9267.32 9253.69 9239.82 9226.91 9228.27 9272.82 9319.04 9360.07 9406.16 9451.68 9528.25 9536.34 9520.31 9509.14 9503.34 9505.97 9507.04 9507.99 9508.21 9503.53 9491.53 9464.39 9446.89 9444.24 9436.06 9428.77 9421.87 9408.9 9419.36 9424.95 9421.5 9417.71
9351.76 9359.8 9368.69 9377.31 9381.64 9389.91 9398.92 9411.7 9430.86 9463.31 9540.36 9644.38 9675.07 9706.95 9748.33 9657.76 9565.99 9484.92 9406.71 9321.3 9243.38 9217.49 9225.97 9251.49 9250.48 9232.31 9219.05 9210.21 9214.47 9211.86 9165.05 9114.69 9125.76 9146.25 9163.7 9163.9 9168.85 9176.19 9187 9207.25 9241.9 9270.66 9285.49 9289.04 9293.29 9398.62 9440.02 9455.74 9468.28 9483.75 9494.99 9510.37 9518.77 9523.64 9529.21 9513.14 9474.75 9450.8 9445.44 9437.12 9426.45 9416.87 9410.42 9420.4 9423.98 9422.11 9421.42
9349.15 9361.3 9369.45 9377.63 9386.32 9393.29 9405.25 9421.78 9448.1 9489.16 9561.21 9631.16 9688.18 9712.84 9683.16 9576.56 9486.39 9405.16 9324.82 9234.9 9191.96 9220.4 9221.14 9231.68 9195.31 9154.77 9121.96 9096.62 9070.04 9032.01 8988.61 8960.27 8993.76 8981.14 9015.18 9047.47 9076.82 9110.2 9155.84 9210.33 9244.93 9238.34 9228.16 9210.61 9184.52 9273.49 9335.71 9374.9 9411.69 9443.63 9476.06 9501.96 9522.48 9531.78 9531.59 9513.62 9481.37 9457.38 9449.24 9440.92 9428.79 9419.3 9415.96 9413.71 9417.71 9418.73 9417.91
9353.76 9364.43 9375.18 9385.65 9395.39 9406.63 9419.46 9438.38 9465.95 9510.27 9591.48 9679.03 9713.08 9708.27 9553.24 9450.42 9383.74 9329.67 9276.59 9229.84 9221.84 9233.1 9251.98 9213.72 9122.86 9062.77 9016.8 8978.07 8933.43 8879.61 8829.8 8811.38 8852 8856.92 8884.44 8924.24 8965.61 9013.34 9084.89 9187.63 9211.23 9192.39 9195.22 9188.36 9158.07 9183.83 9244.37 9305.93 9356.49 9403.37 9444.3 9487.48 9518.83 9535.4 9534.14 9512.73 9488.53 9470.8 9462.04 9452.57 9439.92 9432.03 9428.66 9419.27 9417.51 9415.88 9411.64
9359.59 9370.82 9383.4 9397.12 9411.33 9425.86 9442.67 9460.55 9488.75 9535.46 9634.24 9730.78 9730.23 9616.91 9419.45 9324.5 9285.83 9252.25 9226.93 9227.8 9206.96 9156.04 9099.24 9052.47 8999.53 8953.52 8910.81 8869.05 8817.95 8752.61 8702.03 8698.01 8701.73 8721.37 8771.64 8821.16 8867.05 8912.28 8956.79 9005.63 9045.79 9102.07 9166.58 9218.35 9216.77 9173.4 9202.76 9269.68 9325.52 9373.8 9423.7 9470.35 9517.78 9545.91 9546.44 9514.32 9497.91 9484.46 9474.93 9464.22 9451.89 9445.04 9440.65 9431.34 9422.86 9416.41 9408.69
9365.37 9380.63 9398.38 9417.25 9436.16 9455.46 9473.17 9497.1 9520.58 9568.5 9669.66 9768.21 9728.74 9523.36 9324.52 9236.96 9200.16 9169.86 9150.37 9125.67 9049.03 8972.84 8935.04 8881.91 8855.63 8832.42 8805.93 8770.7 8729.08 8677.21 8639.23 8640.54 8641.57 8654.48 8691.12 8735.08 8774.76 8804.57 8822.85 8826.72 8865.27 8986.84 9120.09 9262.07 9299.75 9208.01 9206.28 9265.88 9321.17 9375.58 9418.4 9470.82 9524.72 9565.81 9577.21 9533.42 9515.18 9504.31 9488.32 9472.4 9470.44 9460.57 9448.95 9440.72 9429.39 9419.86 9411.7
9375.31 9395.87 9418.62 9442.68 9468.1 9493.4 9524.43 9541.85 9559.02 9601.26 9681.92 9762.25 9646.93 9423.57 9255.88 9188 9132.14 9083.24 9040.1 9006.17 8909.06 8833.31 8797.53 8736.62 8728.62 8724.72 8712.07 8692.86 8666.59 8640.25 8624.86 8619.28 8621.37 8620.15 8644.92 8674.53 8700.87 8713.24 8717.18 8706.46 8729 8876.45 9029.78 9191.41 9256.74 9231.24 9247.94 9287.11 9323.28 9362.71 9407.59 9465.05 9522.02 9575.56 9610.6 9558.68 9543.79 9535.87 9507.85 9479.61 9477.87 9469.74 9459.35 9446.63 9435.4 9425.21 9417.14
9384.99 9411.86 9448.08 9481.63 9517.19 9549.76 9578.35 9598.12 9597.6 9614.74 9651.81 9663.34 9504.64 9307.3 9180.05 9146.55 9074.16 8995.14 8912.39 8828.21 8783.85 8725.51 8687.66 8644.97 8638.63 8644.49 8642.73 8631.37 8617.42 8609.45 8620.96 8599.19 8600.73 8603.51 8620.12 8640.08 8653.72 8657.65 8660.77 8660.22 8687.47 8797.46 8911.8 9010.46 9092.2 9212.73 9312.84 9288.69 9299.46 9333.33 9381 9441.34 9504.92 9563.62 9596.81 9601.56 9583.04 9555.37 9512.05 9475.73 9467.74 9471.66 9471.16 9455.4 9443.33 9433.23 9423.5
9396.94 9428.85 9464.81 9505.49 9554 9598.2 9636.64 9665.46 9668.05 9636.94 9590.51 9519.53 9337.85 9179.32 9088.09 9096.39 9009.81 8911.97 8816.04 8732.3 8687.39 8651.58 8624.07 8593 8586.65 8593.4 8590.56 8584.93 8573.86 8563.44 8552.68 8547.77 8548.05 8583.78 8601.17 8618.66 8629.08 8635.79 8637.32 8656.35 8704.03 8754.45 8809.74 8858.41 8945.43 9091.88 9195.52 9222.24 9247.89 9287.18 9340.1 9403.44 9475.01 9551.37 9615.7 9628.71 9614.03 9556.83 9493.95 9468.85 9471.28 9480.72 9479.54 9467.31 9453.15 9442.24 9432.04
9406.34 9449.18 9491.74 9536.1 9591.26 9643.35 9688.65 9723.6 9742.82 9644.28 9504.38 9355.5 9170.3 9050.66 9002.64 9019.7 8914.39 8825.46 8747.93 8679.35 8630.62 8609.7 8587.97 8572.31 8564.44 8563.12 8561.17 8553.44 8540.91 8520.38 8492.13 8503.59 8522.44 8555.02 8587.05 8607.98 8619.52 8624.49 8632.35 8645.6 8689.1 8708.7 8739.9 8770.37 8848.76 8960.86 9052.81 9118.86 9173.08 9228.69 9290.46 9357.2 9429.53 9496.17 9583.79 9669.52 9686.84 9614.37 9538.68 9497.29 9501.66 9496.57 9492.79 9476.4 9462.3 9450.45 9441.72
9417.32 9457.56 9506.16 9556.17 9602.81 9653.81 9698.5 9734.12 9724.88 9581.62 9386.23 9203.71 9018.34 8912.1 8848.59 8802.24 8774.77 8732 8679.21 8622.62 8575.26 8569.81 8557.17 8546.52 8542.9 8543.76 8539.9 8533.78 8520.67 8501.91 8480.71 8484.11 8510.74 8567.91 8600.09 8609.83 8619.16 8625.82 8626.64 8620.84 8610.07 8646.23 8702.95 8755.56 8802.41 8867.06 8919.83 9005.65 9077.53 9145.66 9215.8 9288.45 9372.56 9463.68 9574.42 9699.8 9753.59 9682.26 9601.95 9540.78 9517.76 9506.48 9504.28 9489.12 9470.14 9454.5 9445.57
9426 9465.32 9505.73 9546.81 9592.24 9634.91 9668.74 9688.21 9655.63 9468.33 9241.8 9039.4 8882.2 8792.22 8719.56 8655.57 8655.56 8648.66 8629.38 8576.92 8523.15 8495.1 8503.62 8520.7 8536.03 8530.93 8526.72 8518.46 8510.41 8504.7 8491.9 8476.32 8503.77 8553.53 8589.81 8612.84 8627.64 8633.26 8630.82 8617.94 8597.31 8626.29 8688.83 8737.78 8769.49 8804.43 8851.52 8916.64 8983.69 9053.34 9126.69 9206.89 9297.42 9409.23 9535.91 9663.33 9738.14 9713.5 9654.45 9574.81 9511.42 9501.82 9502.99 9486.74 9466.37 9450.09 9442.7
9430.63 9467.69 9501.12 9538.74 9570.86 9598.39 9612.57 9598.86 9517.24 9325.77 9093.8 8909.63 8803.92 8734.14 8668.87 8608.07 8590 8582.53 8562.55 8521.58 8475.37 8452.42 8460.88 8490.59 8508.91 8518.35 8517.91 8510.4 8501.26 8496.97 8494.35 8475.49 8492.72 8540.37 8584.23 8625.96 8647.44 8657.55 8655.76 8643.72 8624.31 8641 8696.08 8729.83 8736.74 8750.83 8780.97 8832.24 8896.33 8966.11 9040.22 9121.55 9207.51 9301.72 9457.57 9603.55 9695.92 9719.01 9685.24 9577.82 9493.62 9483.13 9492.01 9465.78 9446.23 9436.52 9433.88
9433.97 9464.47 9492.53 9519.34 9539.17 9546.59 9538.01 9497.6 9392.19 9186.44 8971.57 8827.53 8779.17 8727.26 8638.5 8576.51 8553.57 8534.57 8511.81 8467.85 8431.15 8419.42 8441.14 8472.25 8493.45 8517.87 8519.01 8505.4 8486.17 8470.42 8477.03 8489.57 8517.9 8569.09 8615 8661.73 8681.6 8689.72 8693.9 8693.94 8688.86 8693.92 8708.96 8703.36 8694.95 8698.76 8718.87 8763.48 8813.68 8877.16 8950.48 9036.22 9129.57 9233.34 9396.16 9554.81 9674.04 9723.07 9690.49 9577.35 9482.19 9456.06 9448.39 9433.77 9420.27 9419.73 9423.63
