real_craters/C152-300m.grd
DSAA
332 332
-49.595 49.595
-49.595 49.595
8298.4834918739 9811.7846557573
[rows 90 to 119 of 332, columns 201 to 267 of 332]
9354.99 9355.57 9359.23 9363.68 9365.81 9367.3 9370.53 9374.75 9380.71 9387.4 9395.58 9404.86 9415.07 9425.81 9436.5 9446.08 9452.22 9456.95 9467.14 9457.01 9444.54 9436.01 9433.8 9432.31 9429.9 9427.76 9424.65 9421.3 9418.02 9414.21 9411.47 9408.54 9405.93 9403.22 9399.56 9392.4 9379.55 9361.72 9343.56 9330.39 9330.2 9333.02 9336.63 9340.14 9342.69 9342.32 9340.4 9338.44 9336.23 9333.99 9331.34 9328.62 9326.57 9323.54 9320.22 9315.77 9312.44 9309.6 9307.86 9307.18 9306.31 9305.52 9305.29 9305.25 9305.46 9306.41 9307.28
9352.87 9352.68 9355.6 9360.19 9362.33 9363.19 9365.92 9371.53 9374.99 9381.38 9389.71 9397.67 9407.68 9419.35 9431.18 9442.59 9452.8 9459.57 9460.41 9446.41 9432.52 9429.05 9427.08 9426.96 9426.91 9425.99 9423.62 9420.93 9418.01 9414.69 9411.71 9408.8 9405.88 9401.52 9395.49 9387.24 9376.14 9361.92 9346.97 9336.31 9335.87 9338.17 9341.71 9345.49 9347.51 9346.75 9344.48 9342.32 9340.09 9337.74 9335.24 9332.6 9330.95 9328.08 9324.82 9320.43 9315.93 9310.47 9310.08 9309.78 9308.7 9307.57 9306.8 9306.13 9306.19 9306.88 9307.58
9350.24 9348.95 9350.81 9353.15 9355.34 9358.1 9359.39 9361.23 9367.66 9373.44 9379.79 9388.47 9399.54 9412.11 9425.02 9437.87 9449.99 9458.17 9452.24 9440.46 9428.91 9422.74 9420.91 9423.54 9424.15 9424.03 9422.44 9419.95 9417.07 9413.94 9411.1 9407.88 9404.49 9400.17 9393.51 9384.69 9375.76 9365.26 9354.73 9346.59 9343.13 9343.89 9346.67 9350.64 9353.68 9350.78 9347.94 9345.68 9343.52 9341.27 9339.05 9336.68 9334.23 9332.95 9330.58 9327.01 9323.76 9318.21 9316.17 9314.09 9311.85 9309.74 9308.03 9307.27 9307.24 9308.01 9308.26
9346.99 9345.01 9346.65 9349.69 9353.26 9355.85 9356.93 9358 9363.03 9366.55 9370.03 9378.58 9391.17 9404.62 9417.87 9430.83 9442.02 9447.71 9445.44 9435.94 9425.1 9422.76 9423.19 9424.17 9424.41 9423.61 9421.93 9419.18 9416.01 9412.7 9409.22 9405.77 9402.52 9399.22 9395.39 9387.83 9377.99 9368.16 9358.33 9352.02 9349.07 9348.68 9350.25 9352.89 9354.32 9352.62 9350.61 9348.72 9346.79 9344.74 9342.7 9340.61 9338.47 9336.54 9336.5 9334.12 9333.81 9330.34 9323.89 9319.21 9315.37 9312.1 9309.72 9309.04 9310.58 9309.6 9309.44
9344.37 9342.21 9344.2 9348.13 9352.03 9357.49 9361.04 9362.61 9363.13 9363.28 9363.47 9370.92 9384.42 9397.88 9410.34 9421.98 9432.97 9439.13 9439.52 9430.53 9417.03 9423.06 9426.8 9427.53 9426.67 9424.19 9421.84 9418.89 9415.2 9411.72 9407.59 9403.44 9399.67 9396.48 9395.98 9390.58 9378.95 9370.2 9362.65 9356.54 9353.02 9351.93 9352.42 9354.02 9354.9 9353.87 9352.87 9351.67 9350.43 9348.95 9347.27 9345.31 9343.57 9341.65 9339.99 9340.87 9340.18 9336.53 9329.92 9324.2 9319.27 9314.89 9311.22 9309.34 9310.73 9310.25 9310.69
9343.22 9341.08 9343.77 9349.46 9354.92 9362.18 9367.4 9368.03 9365.95 9364.27 9363.14 9368.8 9381.48 9393.08 9402.97 9411.45 9418.27 9422.99 9423.34 9417.67 9410.43 9421.54 9433.97 9430.94 9427.39 9424.64 9421.4 9417.74 9414.17 9409.73 9404.88 9399.84 9395.01 9389.81 9385.38 9380.99 9375.23 9369.69 9366.17 9360.16 9355.9 9354.01 9353.26 9354.23 9355.05 9354.87 9355.16 9355.12 9354.68 9353.94 9352.61 9350.67 9348.74 9346.77 9344.95 9345.54 9343.27 9339.31 9334.24 9328.89 9323.66 9318.57 9313.86 9310.4 9308.9 9310.37 9312.77
9343.59 9342.7 9345.81 9352.79 9362.83 9366.09 9372.24 9371.25 9368.29 9367.61 9369.37 9375.24 9383.12 9390.7 9397.33 9402.17 9404.16 9407.86 9409.11 9407.76 9412.51 9428.98 9434.71 9430.77 9427.59 9424.82 9421.2 9416.51 9412.58 9407.5 9401.94 9395.99 9389.71 9382.36 9374.68 9371.88 9369.86 9366.64 9363.29 9360.51 9358.06 9355.57 9353.23 9351.5 9353.59 9356.1 9358.25 9359.39 9359.7 9359.15 9358.09 9356.44 9354.3 9352.05 9349.68 9350.14 9347.7 9343.5 9338.68 9333.98 9329.02 9323.75 9318.32 9313.57 9311.68 9313.26 9316.76
9344.56 9344.88 9347.58 9352.75 9357.71 9361.61 9364.71 9366.72 9367.41 9369.65 9375.35 9382.29 9385.4 9389.62 9393.87 9397.01 9398.5 9401.44 9403.2 9404.22 9415.36 9425.24 9425.48 9427.33 9426.47 9423.85 9419.75 9415.18 9410.09 9404.51 9399.13 9392.55 9385.71 9377.89 9369.91 9367.58 9366.55 9364.48 9361.58 9361.11 9360.36 9358.3 9354.89 9350.53 9354.8 9359.59 9362.95 9364.86 9365.67 9365.42 9364.61 9362.58 9360.49 9357.86 9354.97 9354.67 9351.24 9347.8 9343.78 9340.07 9335.85 9331.04 9325.64 9319.61 9317.58 9319.08 9323.61
9345.08 9346.39 9348.71 9350.69 9352.63 9354.31 9356.92 9360.13 9363.74 9368.16 9374.75 9381.63 9385.27 9388.26 9392.04 9395.39 9397.67 9400.75 9403.99 9409.6 9413.13 9417.33 9422.48 9425.59 9425.48 9422.4 9418.45 9413.74 9408.5 9403.59 9397.23 9389.83 9383.39 9376.84 9370.13 9367.27 9365.86 9365.55 9365.33 9364.17 9364.45 9363.96 9361.37 9357.3 9362.2 9366.78 9369.79 9371.62 9372.54 9372.37 9371.56 9370.25 9368.12 9365.1 9361.95 9357.36 9354.5 9352.95 9350.66 9348.23 9344.96 9341.08 9337.16 9334.04 9330.2 9329.35 9334.22
9344.5 9346.25 9348.48 9347.93 9347.28 9347.17 9347.85 9353.84 9358.65 9363.73 9370.21 9378.72 9380.99 9385.32 9391.07 9396.37 9400.16 9402.57 9405.07 9408.79 9410.35 9414.33 9422.99 9425.63 9424.94 9422.41 9418.72 9414.11 9408.54 9402.64 9396.17 9389.32 9382.35 9377.08 9374.07 9368 9365.44 9365.67 9366.84 9367.28 9369.5 9372.41 9374.57 9372.96 9375.72 9377.23 9378.36 9379.43 9380.18 9380.54 9380.21 9379.22 9377.47 9374.59 9370.97 9365.73 9359.99 9360.61 9360.66 9359.2 9356.59 9353.41 9350.41 9348.39 9346.57 9347.49 9348.31
9343 9343.51 9344.32 9344.31 9344.09 9344.44 9346.97 9350.31 9353.78 9357.28 9360.67 9363.74 9371.19 9381.13 9390.66 9398.88 9404.24 9405.37 9405.3 9404.94 9407.55 9413.5 9421.45 9425.17 9424.23 9421.27 9417.54 9413.38 9407.78 9402.08 9395.7 9388.8 9381.3 9374.78 9370.33 9366.41 9363.9 9362.83 9364.83 9369.1 9374.31 9380.82 9390.08 9398.15 9390.47 9388.07 9387.78 9388.24 9388.78 9389.36 9389.41 9389.23 9388.35 9386.46 9384.11 9378.31 9372.36 9374.33 9374.17 9372.58 9370.02 9367.01 9363.84 9360.84 9360.96 9363.12 9363.14
9341.4 9339.46 9337.89 9340.68 9345.68 9349.78 9347.84 9348.34 9350 9351.61 9352.87 9353.94 9363.67 9378.04 9391.35 9402.1 9408.45 9408.62 9406.49 9403.41 9405.99 9415.36 9424.62 9427.16 9423.18 9420.14 9416.67 9412.71 9407.96 9402.75 9396.7 9389.78 9381.4 9372.34 9366.15 9365.36 9363.6 9361.88 9364.73 9370.75 9377.97 9385.54 9393.97 9399.22 9398.07 9396.38 9395.97 9396.42 9397.32 9398.37 9399.55 9400.59 9400.96 9400.88 9400.99 9399.84 9398.39 9393.73 9390.75 9387.98 9384.92 9381.89 9378.68 9376.5 9377.3 9380.41 9377.63
9340.18 9336.59 9334.39 9337.82 9344.66 9348.98 9347.24 9346.98 9347.24 9347.66 9348.61 9351.33 9361.37 9377.47 9394.03 9407 9413.18 9413.03 9409.76 9406.55 9408.75 9420.65 9423.25 9421.53 9420.12 9418.4 9416.22 9413.39 9409.81 9405.37 9400.06 9393.75 9385.86 9375.78 9369.91 9369.11 9367.14 9365.03 9367.98 9373.92 9380.94 9387.92 9394.06 9398.66 9401.39 9402.34 9403.2 9404.43 9406.24 9408.04 9409.96 9412.04 9413.97 9415.78 9418.38 9418.88 9417.72 9412.77 9408.45 9404.64 9401.02 9397.6 9394.09 9391.26 9390.29 9392 9389.7
9339.61 9335.21 9332.05 9334.42 9341.34 9347.3 9345.98 9345.55 9345.61 9345.57 9346.56 9349.93 9360.2 9378.19 9397.85 9415.26 9421.51 9418.32 9413.62 9410.4 9411.55 9414.89 9414.48 9414.11 9417.19 9417.38 9416.65 9414.66 9411.83 9408.54 9404.58 9400.45 9395.13 9387.9 9382.03 9378.18 9374.83 9373.33 9374.5 9378.75 9384.56 9390.85 9396.88 9401.44 9404.87 9407.5 9409.54 9411.79 9414.31 9416.96 9419.81 9422.95 9426.44 9430.25 9434.54 9434.17 9434.2 9430.3 9425.38 9420.96 9417.36 9413.93 9410.14 9405.37 9400.12 9398.42 9401.26
9340.66 9335.2 9330.29 9331.13 9337.55 9343.19 9343.1 9344.43 9344.75 9344.91 9345.84 9348.44 9357.94 9378.94 9401.37 9420.83 9426.25 9421.84 9415.79 9411 9408.93 9405.77 9409.19 9414.7 9416.87 9417.72 9417.72 9417.54 9415.6 9413.11 9410.34 9407.57 9405.54 9406.01 9397.69 9389.01 9383.4 9381.07 9381.75 9384.54 9388.95 9394.21 9400.81 9404.98 9408.46 9412.13 9415.49 9418.31 9421.46 9424.8 9428.38 9432.59 9437.43 9442.73 9449.1 9453.84 9452.3 9445.73 9440.34 9435.98 9432.44 9429.86 9427.47 9425.01 9422.73 9424.13 9423.95
9344.09 9336.98 9331.61 9330.91 9333.87 9336.26 9343.07 9345.15 9345.42 9345.35 9346.58 9350.3 9360.49 9380.85 9402.82 9421.82 9426.75 9422.62 9415.89 9409.18 9404.94 9409.98 9414.39 9416.24 9417.99 9419.67 9420.58 9419.97 9418.4 9416.59 9414.79 9413.16 9412.17 9410.49 9405.33 9397.91 9390.9 9386.2 9388.53 9390.9 9393.93 9397.41 9400.82 9407.09 9412.38 9417.24 9421.55 9425.23 9429.03 9432.78 9436.8 9440.98 9446.32 9452.29 9459.58 9463.76 9462.24 9456.74 9451.87 9448.26 9446.04 9444.67 9444.99 9446.84 9449.96 9451.08 9447.45
9347.62 9339.3 9332.27 9329.06 9332.35 9339.77 9346.82 9348.08 9347.28 9346.7 9347.75 9352.59 9364.91 9380.91 9402.14 9421.81 9425.56 9421.86 9415.02 9407.58 9404.25 9411.27 9416.39 9416.01 9419.06 9422.11 9423.42 9422.98 9421.32 9419.67 9418.25 9417.09 9416.48 9414.92 9411.04 9405.92 9400.81 9397.29 9397.99 9399.04 9400.17 9401.67 9406.76 9410.92 9416.99 9422.78 9427.53 9431.6 9435.51 9439.21 9443.16 9447.56 9452.53 9459.04 9463.96 9468.13 9466.67 9462.91 9459.55 9457.33 9456.44 9457.29 9459.62 9464.07 9469.26 9468.54 9461.9
9351.27 9342.69 9333.68 9328.8 9333.92 9341.97 9354.28 9352.3 9349.84 9347.99 9347.78 9350.16 9357.23 9375.94 9398.84 9417.43 9422.97 9420.8 9414.74 9407.54 9406.46 9411.42 9415.25 9417.23 9423.14 9427.26 9427.53 9425.8 9423.63 9421.52 9420.15 9419.72 9420.45 9418.95 9416.41 9413.29 9411.43 9409.99 9409.42 9409.36 9409.07 9406.9 9405.12 9415.97 9424.02 9430 9434.52 9438.22 9441.52 9444.68 9448.02 9451.91 9456.19 9461.35 9461.6 9464.48 9466.1 9465.11 9463.57 9462.71 9463.17 9465.33 9469.61 9475.15 9481.12 9478.19 9468.19
9357.53 9349 9339.98 9334.7 9343.03 9352.99 9357.78 9355.12 9352.2 9349.51 9347.91 9348.18 9352.59 9371.38 9395.95 9415.83 9421.62 9420.92 9416.38 9410.45 9409.69 9411.64 9415.52 9426.35 9434.68 9435.64 9432.9 9429.21 9425.49 9421.97 9420.1 9419.94 9422.28 9424.33 9419.41 9417.85 9419.7 9420.31 9420.19 9421.62 9423.08 9421.29 9418.73 9427.9 9434.18 9438.44 9441.51 9443.93 9446.23 9448.78 9451.12 9454.15 9457.43 9461.68 9461.64 9463.89 9465.17 9465 9464.56 9464.98 9466.28 9469.21 9473.8 9479.8 9485.39 9484.14 9476.41
9366.27 9358.1 9351.07 9348.8 9358.16 9364.04 9358.1 9357.13 9354.61 9351.44 9349.14 9348.57 9352.23 9370.11 9395.93 9414.38 9422.06 9422.3 9419.42 9415.42 9411.42 9411.54 9417.94 9435.22 9447.32 9443.24 9436.96 9431.06 9425.98 9421.65 9418.51 9416.94 9417.08 9417.45 9417.59 9417.68 9419.6 9423.93 9428.84 9434.45 9440.48 9447.51 9450.65 9447.11 9447.17 9447.67 9448.37 9448.9 9449.79 9451.13 9452.54 9454.43 9456.7 9459.9 9461.17 9463.4 9463.16 9462.3 9462.59 9463.61 9465.48 9468.6 9473.07 9478.53 9483.25 9483.89 9480.03
9373.19 9367.16 9363.12 9364.18 9369.91 9370.71 9364.72 9361.29 9357.82 9354.53 9352.11 9351.35 9354.61 9371.57 9400.54 9420.91 9424.01 9424.25 9422.73 9421.27 9416.74 9416.19 9422.54 9440.98 9453.41 9446.51 9438.44 9431.37 9424.9 9419.32 9414.76 9411.51 9410.38 9411.56 9414.32 9416.28 9417.51 9425.89 9436.36 9446.02 9456.06 9465.01 9467.55 9463.26 9459.23 9456.4 9454.7 9453.5 9452.83 9452.39 9452.64 9453.22 9453.98 9455.65 9455.98 9457.99 9458.36 9458.09 9458.8 9460.37 9462.65 9465.5 9469.15 9473.18 9476.55 9477.9 9478.29
9379.65 9374.93 9371.72 9371.93 9374.38 9374.02 9371.29 9365.93 9361.59 9358.31 9356.27 9356.16 9359.4 9373.91 9400.83 9418.67 9423.64 9425.09 9424.36 9422.64 9418.54 9418.47 9431.56 9443.06 9449.08 9443.4 9436.36 9429.25 9422.49 9416.11 9410.44 9405.96 9403.29 9406.5 9413.07 9418.66 9424.2 9433.3 9444.98 9456.16 9467.4 9479.31 9479.77 9473.5 9467.88 9463.46 9459.97 9457.11 9454.98 9452.85 9451.6 9450.9 9450.32 9449.54 9445.42 9447.08 9451.45 9452.29 9453.73 9455.39 9457.03 9459.37 9462.19 9465.41 9468.09 9469.65 9468
9387.78 9381.98 9376.87 9373.68 9372.61 9372.38 9371.37 9367.49 9364.05 9361.73 9360.93 9362.24 9366.74 9378.45 9399.73 9413.93 9420.89 9424.92 9426.02 9423.18 9421.93 9423.01 9433.77 9440.75 9438.1 9436.72 9432.19 9426.11 9419.45 9412.83 9406.61 9401.64 9399.98 9405.46 9415.19 9424.57 9433.07 9443.1 9453.91 9464.17 9473.71 9480.01 9482.17 9478.57 9473.14 9467.67 9462.98 9458.56 9455.14 9452.08 9449.77 9447.86 9446.28 9444.48 9442.31 9440.86 9443.53 9445.39 9446.72 9448.09 9449.76 9451.45 9453.34 9455.33 9457.01 9457.28 9452.91
9396.05 9388.72 9380.71 9373.29 9369.43 9368.97 9368.15 9366.66 9365.51 9364.63 9365.04 9368.07 9374.96 9386.08 9395.3 9407.01 9417.03 9424.61 9430.12 9431.6 9428.11 9426.85 9436.53 9440.82 9434.83 9431.42 9428.08 9422.84 9416.6 9409.99 9403.62 9398.59 9397.32 9406.49 9420.1 9433.92 9444.81 9453.35 9462.08 9470.37 9478.21 9483.03 9483.46 9480.53 9475.56 9469.88 9464.5 9459.29 9454.79 9450.25 9446.89 9444.05 9441.76 9439.3 9436.34 9435.82 9437.52 9438.46 9439.69 9440.75 9441.87 9443 9443.9 9444.54 9444.51 9443 9440.02
9403.88 9395.48 9385.03 9375.01 9368.47 9367.34 9367.08 9366.95 9366.98 9367.17 9368.32 9371.8 9377.98 9386.64 9392.2 9401.8 9413.04 9423.22 9432.78 9437.67 9432.75 9430.89 9435.69 9437.63 9431.43 9428.6 9425.02 9419.96 9414.13 9408.16 9402.33 9397.67 9397.13 9409.09 9425.61 9444.72 9458.83 9462.22 9468.03 9474.36 9481.24 9487.61 9484.87 9481.23 9476.17 9470.37 9464.49 9458.75 9453.35 9448.51 9444.05 9440.18 9436.58 9434.12 9432.22 9429.67 9431.14 9431.74 9432.68 9433.48 9434.32 9434.65 9434.8 9434.28 9433.12 9430.86 9431.82
9411.55 9402.92 9391.13 9379.72 9369.98 9369.4 9370.41 9370.72 9369.84 9369.64 9370.95 9373.54 9377.33 9381.83 9385.32 9397.32 9409.29 9419.59 9428.6 9433.48 9431.48 9431.61 9431.72 9431.52 9432.19 9428.9 9423.09 9417.7 9412.56 9407.44 9402.97 9399.87 9400.42 9412.38 9428.06 9446.78 9460.7 9464.29 9470.07 9475.56 9480.16 9481.62 9483.31 9480.51 9475.73 9470.2 9463.97 9457.69 9451.3 9445.4 9439.95 9434.97 9430.17 9426.93 9423.34 9424.37 9424.34 9424.88 9425.21 9425.97 9426.33 9426.46 9426.36 9425.64 9424.72 9422.3 9427.21
9417.85 9409.39 9398.71 9388.32 9378.15 9375.4 9374.83 9374.03 9372.51 9372.43 9373.6 9374.97 9377.05 9378.34 9383.87 9395.93 9407.29 9415.83 9419.97 9423.14 9425.26 9424.43 9424.42 9426.29 9426.93 9424.74 9418.99 9414.36 9410.57 9407.32 9405.07 9404.58 9407.3 9415.64 9426.85 9437.81 9450 9459.99 9468.87 9475.38 9480.08 9481.96 9482.19 9479.58 9474.79 9468.86 9462.26 9455.01 9447.99 9441.01 9434.63 9428.84 9422.82 9418.91 9415.34 9416.42 9416.61 9417.34 9418.22 9419.04 9419.72 9419.97 9420.05 9419.73 9419.44 9420.41 9426.84
9422.1 9414.14 9406.68 9400.65 9392.68 9384.28 9379.22 9375.09 9374.61 9375.05 9375.85 9377.48 9379.87 9383.6 9390.33 9398.17 9407.48 9415.49 9419.68 9420.84 9419.68 9416.64 9414.72 9414.49 9415.64 9415.09 9412.48 9410.4 9408.68 9407.63 9407.52 9409.21 9412.55 9417.8 9425.74 9435.14 9445.13 9456.5 9466.32 9474.76 9481.12 9483.46 9482.15 9478.53 9473.05 9466.72 9459.66 9451.95 9443.87 9435.85 9428.54 9421.48 9414.43 9410.77 9408.02 9408.96 9409.3 9410.44 9411.57 9412.86 9413.84 9414.51 9414.71 9415.06 9415.98 9419.32 9424.7
9427.21 9419.59 9414.34 9409.36 9402.95 9395.05 9386.37 9379.67 9378.44 9378.7 9379.31 9380.86 9383.12 9387.95 9394.24 9400.16 9408.18 9416.83 9426.06 9422.51 9415.77 9408.71 9403.83 9404.81 9404.87 9403.54 9405.7 9406.42 9406.7 9407.42 9409.23 9411.8 9414.58 9418.13 9423.56 9431.98 9441.25 9452.39 9463.23 9473.23 9481.7 9484.23 9481.45 9476.8 9471.13 9464.45 9456.6 9448.59 9440.26 9431.36 9422.63 9414.45 9406.14 9401.47 9399.89 9401.09 9402.68 9404.65 9406.4 9408.05 9409.42 9410.47 9411.22 9411.68 9412.24 9413.35 9415.43
9435.04 9427.28 9423.39 9418.29 9413.45 9405.8 9396.2 9388.62 9385.45 9384.48 9383.96 9384.55 9385.41 9387.06 9392.28 9399.81 9407.65 9414.95 9420.62 9418.57 9412.29 9404.85 9399.73 9400.21 9400 9399.07 9402.22 9403.78 9404.96 9406.9 9410.06 9413.95 9415.76 9416.95 9419.33 9423.74 9434.6 9448.06 9459.84 9470.11 9478.11 9480.93 9478.88 9474.33 9468.5 9461.5 9453.35 9444.93 9435.75 9426.56 9417.32 9408.18 9397.95 9390.39 9388.7 9393.44 9396.85 9399.9 9402.58 9404.85 9406.45 9407.92 9409.03 9409.47 9409.52 9409.74 9410.38
