real_craters/C153-750m.grd
DSAA
137 137
-50.96 50.96
-50.96 50.96
9062.2041525772 10792.685757221
[rows 27 to 53 of 137, columns 60 to 119 of 137]
1.027e+004 1.027e+004 1.027e+004 1.028e+004 1.029e+004 1.03e+004 1.031e+004 1.03e+004 1.029e+004 1.028e+004 1.028e+004 1.027e+004 1.025e+004 1.024e+004 1.025e+004 1.026e+004 1.028e+004 1.026e+004 1.022e+004 1.02e+004 1.023e+004 1.026e+004 1.028e+004 1.029e+004 1.027e+004 1.026e+004 1.029e+004 1.029e+004 1.026e+004 1.024e+004 1.023e+004 1.023e+004 1.022e+004 1.021e+004 1.02e+004 1.021e+004 1.023e+004 1.025e+004 1.026e+004 1.023e+004 1.022e+004 1.021e+004 1.02e+004 1.017e+004 1.028e+004 1.031e+004 1.031e+004 1.032e+004 1.032e+004 1.03e+004 1.028e+004 1.028e+004 1.026e+004 1.026e+004 1.027e+004 1.027e+004 1.027e+004 1.028e+004 1.03e+004 1.032e+004
1.03e+004 1.029e+004 1.029e+004 1.03e+004 1.031e+004 1.031e+004 1.031e+004 1.029e+004 1.029e+004 1.027e+004 1.027e+004 1.026e+004 1.024e+004 1.024e+004 1.025e+004 1.025e+004 1.026e+004 1.024e+004 1.022e+004 1.021e+004 1.023e+004 1.025e+004 1.027e+004 1.028e+004 1.028e+004 1.028e+004 1.032e+004 1.033e+004 1.03e+004 1.027e+004 1.024e+004 1.023e+004 1.022e+004 1.021e+004 1.02e+004 1.021e+004 1.022e+004 1.025e+004 1.028e+004 1.028e+004 1.025e+004 1.024e+004 1.025e+004 1.028e+004 1.03e+004 1.031e+004 1.033e+004 1.033e+004 1.033e+004 1.032e+004 1.031e+004 1.031e+004 1.029e+004 1.028e+004 1.029e+004 1.028e+004 1.028e+004 1.03e+004 1.032e+004 1.033e+004
1.031e+004 1.031e+004 1.031e+004 1.031e+004 1.031e+004 1.031e+004 1.031e+004 1.031e+004 1.029e+004 1.027e+004 1.025e+004 1.024e+004 1.024e+004 1.024e+004 1.024e+004 1.025e+004 1.025e+004 1.025e+004 1.023e+004 1.023e+004 1.024e+004 1.025e+004 1.026e+004 1.027e+004 1.028e+004 1.031e+004 1.032e+004 1.034e+004 1.032e+004 1.028e+004 1.025e+004 1.024e+004 1.022e+004 1.021e+004 1.02e+004 1.02e+004 1.022e+004 1.024e+004 1.029e+004 1.029e+004 1.027e+004 1.026e+004 1.027e+004 1.028e+004 1.029e+004 1.031e+004 1.032e+004 1.033e+004 1.033e+004 1.032e+004 1.032e+004 1.031e+004 1.033e+004 1.031e+004 1.029e+004 1.029e+004 1.029e+004 1.03e+004 1.032e+004 1.034e+004
1.031e+004 1.031e+004 1.032e+004 1.033e+004 1.032e+004 1.03e+004 1.03e+004 1.03e+004 1.028e+004 1.026e+004 1.024e+004 1.023e+004 1.023e+004 1.024e+004 1.024e+004 1.025e+004 1.024e+004 1.024e+004 1.025e+004 1.025e+004 1.025e+004 1.026e+004 1.027e+004 1.027e+004 1.029e+004 1.03e+004 1.032e+004 1.035e+004 1.035e+004 1.03e+004 1.026e+004 1.026e+004 1.023e+004 1.021e+004 1.02e+004 1.019e+004 1.02e+004 1.024e+004 1.024e+004 1.026e+004 1.026e+004 1.026e+004 1.027e+004 1.028e+004 1.029e+004 1.03e+004 1.029e+004 1.031e+004 1.032e+004 1.032e+004 1.032e+004 1.033e+004 1.032e+004 1.032e+004 1.031e+004 1.03e+004 1.03e+004 1.032e+004 1.034e+004 1.035e+004
1.032e+004 1.032e+004 1.032e+004 1.031e+004 1.031e+004 1.029e+004 1.03e+004 1.03e+004 1.028e+004 1.026e+004 1.024e+004 1.023e+004 1.023e+004 1.024e+004 1.024e+004 1.025e+004 1.025e+004 1.026e+004 1.026e+004 1.027e+004 1.027e+004 1.027e+004 1.027e+004 1.028e+004 1.028e+004 1.029e+004 1.034e+004 1.037e+004 1.035e+004 1.031e+004 1.028e+004 1.027e+004 1.024e+004 1.021e+004 1.02e+004 1.019e+004 1.019e+004 1.021e+004 1.022e+004 1.024e+004 1.025e+004 1.026e+004 1.027e+004 1.028e+004 1.029e+004 1.03e+004 1.029e+004 1.03e+004 1.031e+004 1.032e+004 1.032e+004 1.032e+004 1.032e+004 1.032e+004 1.031e+004 1.032e+004 1.032e+004 1.033e+004 1.034e+004 1.035e+004
1.032e+004 1.032e+004 1.031e+004 1.031e+004 1.031e+004 1.03e+004 1.031e+004 1.029e+004 1.027e+004 1.025e+004 1.024e+004 1.024e+004 1.024e+004 1.024e+004 1.025e+004 1.025e+004 1.025e+004 1.026e+004 1.027e+004 1.027e+004 1.028e+004 1.028e+004 1.028e+004 1.028e+004 1.028e+004 1.029e+004 1.035e+004 1.038e+004 1.037e+004 1.033e+004 1.03e+004 1.028e+004 1.025e+004 1.023e+004 1.021e+004 1.02e+004 1.018e+004 1.021e+004 1.023e+004 1.024e+004 1.025e+004 1.026e+004 1.027e+004 1.028e+004 1.029e+004 1.029e+004 1.03e+004 1.029e+004 1.03e+004 1.031e+004 1.032e+004 1.033e+004 1.032e+004 1.032e+004 1.033e+004 1.033e+004 1.034e+004 1.035e+004 1.035e+004 1.036e+004
1.032e+004 1.032e+004 1.031e+004 1.032e+004 1.032e+004 1.032e+004 1.031e+004 1.028e+004 1.026e+004 1.025e+004 1.024e+004 1.025e+004 1.025e+004 1.025e+004 1.025e+004 1.026e+004 1.026e+004 1.026e+004 1.027e+004 1.028e+004 1.028e+004 1.029e+004 1.029e+004 1.03e+004 1.03e+004 1.031e+004 1.035e+004 1.039e+004 1.039e+004 1.037e+004 1.034e+004 1.03e+004 1.026e+004 1.023e+004 1.022e+004 1.021e+004 1.022e+004 1.024e+004 1.026e+004 1.025e+004 1.026e+004 1.026e+004 1.027e+004 1.028e+004 1.029e+004 1.031e+004 1.03e+004 1.03e+004 1.031e+004 1.032e+004 1.032e+004 1.033e+004 1.034e+004 1.033e+004 1.033e+004 1.034e+004 1.035e+004 1.035e+004 1.036e+004 1.037e+004
1.033e+004 1.032e+004 1.032e+004 1.032e+004 1.033e+004 1.032e+004 1.03e+004 1.028e+004 1.025e+004 1.025e+004 1.024e+004 1.024e+004 1.025e+004 1.026e+004 1.026e+004 1.027e+004 1.027e+004 1.027e+004 1.028e+004 1.029e+004 1.029e+004 1.029e+004 1.03e+004 1.03e+004 1.031e+004 1.034e+004 1.037e+004 1.039e+004 1.04e+004 1.039e+004 1.037e+004 1.031e+004 1.025e+004 1.023e+004 1.023e+004 1.023e+004 1.024e+004 1.025e+004 1.025e+004 1.025e+004 1.026e+004 1.026e+004 1.027e+004 1.029e+004 1.031e+004 1.032e+004 1.031e+004 1.03e+004 1.031e+004 1.032e+004 1.033e+004 1.034e+004 1.034e+004 1.033e+004 1.034e+004 1.034e+004 1.035e+004 1.036e+004 1.037e+004 1.038e+004
1.034e+004 1.034e+004 1.033e+004 1.033e+004 1.034e+004 1.033e+004 1.031e+004 1.029e+004 1.028e+004 1.027e+004 1.026e+004 1.026e+004 1.026e+004 1.027e+004 1.028e+004 1.028e+004 1.029e+004 1.029e+004 1.03e+004 1.03e+004 1.03e+004 1.03e+004 1.031e+004 1.032e+004 1.034e+004 1.036e+004 1.035e+004 1.037e+004 1.04e+004 1.039e+004 1.035e+004 1.031e+004 1.025e+004 1.024e+004 1.025e+004 1.025e+004 1.026e+004 1.024e+004 1.024e+004 1.025e+004 1.025e+004 1.025e+004 1.026e+004 1.029e+004 1.032e+004 1.032e+004 1.031e+004 1.031e+004 1.032e+004 1.032e+004 1.033e+004 1.034e+004 1.033e+004 1.033e+004 1.034e+004 1.035e+004 1.035e+004 1.035e+004 1.037e+004 1.039e+004
1.036e+004 1.035e+004 1.035e+004 1.035e+004 1.034e+004 1.032e+004 1.032e+004 1.032e+004 1.031e+004 1.031e+004 1.029e+004 1.027e+004 1.028e+004 1.028e+004 1.029e+004 1.029e+004 1.03e+004 1.03e+004 1.03e+004 1.031e+004 1.031e+004 1.032e+004 1.032e+004 1.033e+004 1.035e+004 1.036e+004 1.034e+004 1.036e+004 1.038e+004 1.039e+004 1.035e+004 1.032e+004 1.029e+004 1.027e+004 1.027e+004 1.027e+004 1.026e+004 1.024e+004 1.025e+004 1.026e+004 1.025e+004 1.024e+004 1.023e+004 1.026e+004 1.029e+004 1.03e+004 1.03e+004 1.032e+004 1.032e+004 1.033e+004 1.033e+004 1.034e+004 1.034e+004 1.034e+004 1.035e+004 1.036e+004 1.035e+004 1.034e+004 1.035e+004 1.037e+004
1.036e+004 1.036e+004 1.036e+004 1.035e+004 1.034e+004 1.034e+004 1.035e+004 1.036e+004 1.035e+004 1.036e+004 1.034e+004 1.03e+004 1.03e+004 1.03e+004 1.031e+004 1.031e+004 1.032e+004 1.033e+004 1.033e+004 1.033e+004 1.032e+004 1.032e+004 1.032e+004 1.032e+004 1.033e+004 1.035e+004 1.033e+004 1.035e+004 1.037e+004 1.038e+004 1.037e+004 1.034e+004 1.031e+004 1.029e+004 1.028e+004 1.028e+004 1.028e+004 1.026e+004 1.026e+004 1.027e+004 1.026e+004 1.023e+004 1.022e+004 1.023e+004 1.025e+004 1.028e+004 1.031e+004 1.032e+004 1.033e+004 1.033e+004 1.033e+004 1.033e+004 1.035e+004 1.035e+004 1.035e+004 1.036e+004 1.034e+004 1.033e+004 1.034e+004 1.037e+004
1.035e+004 1.036e+004 1.036e+004 1.036e+004 1.037e+004 1.036e+004 1.036e+004 1.036e+004 1.036e+004 1.036e+004 1.036e+004 1.035e+004 1.033e+004 1.033e+004 1.033e+004 1.033e+004 1.033e+004 1.034e+004 1.036e+004 1.034e+004 1.033e+004 1.033e+004 1.033e+004 1.032e+004 1.033e+004 1.035e+004 1.034e+004 1.035e+004 1.038e+004 1.04e+004 1.041e+004 1.037e+004 1.034e+004 1.032e+004 1.031e+004 1.029e+004 1.028e+004 1.026e+004 1.029e+004 1.03e+004 1.028e+004 1.026e+004 1.025e+004 1.025e+004 1.026e+004 1.029e+004 1.031e+004 1.032e+004 1.032e+004 1.032e+004 1.032e+004 1.033e+004 1.033e+004 1.034e+004 1.034e+004 1.033e+004 1.032e+004 1.032e+004 1.034e+004 1.037e+004
1.036e+004 1.036e+004 1.037e+004 1.036e+004 1.037e+004 1.036e+004 1.035e+004 1.035e+004 1.034e+004 1.036e+004 1.037e+004 1.037e+004 1.036e+004 1.035e+004 1.035e+004 1.034e+004 1.034e+004 1.033e+004 1.034e+004 1.034e+004 1.034e+004 1.033e+004 1.033e+004 1.033e+004 1.034e+004 1.036e+004 1.035e+004 1.037e+004 1.041e+004 1.046e+004 1.045e+004 1.039e+004 1.035e+004 1.033e+004 1.032e+004 1.031e+004 1.03e+004 1.03e+004 1.031e+004 1.032e+004 1.03e+004 1.028e+004 1.028e+004 1.029e+004 1.03e+004 1.028e+004 1.027e+004 1.028e+004 1.029e+004 1.03e+004 1.031e+004 1.031e+004 1.032e+004 1.032e+004 1.032e+004 1.031e+004 1.031e+004 1.03e+004 1.032e+004 1.035e+004
1.039e+004 1.039e+004 1.039e+004 1.04e+004 1.039e+004 1.037e+004 1.036e+004 1.037e+004 1.035e+004 1.036e+004 1.037e+004 1.037e+004 1.037e+004 1.037e+004 1.037e+004 1.036e+004 1.035e+004 1.034e+004 1.034e+004 1.034e+004 1.034e+004 1.034e+004 1.034e+004 1.034e+004 1.035e+004 1.038e+004 1.038e+004 1.039e+004 1.043e+004 1.048e+004 1.046e+004 1.041e+004 1.038e+004 1.036e+004 1.034e+004 1.033e+004 1.032e+004 1.032e+004 1.032e+004 1.032e+004 1.031e+004 1.031e+004 1.03e+004 1.03e+004 1.032e+004 1.028e+004 1.024e+004 1.025e+004 1.028e+004 1.03e+004 1.03e+004 1.03e+004 1.029e+004 1.029e+004 1.03e+004 1.03e+004 1.03e+004 1.031e+004 1.033e+004 1.034e+004
1.043e+004 1.042e+004 1.043e+004 1.043e+004 1.041e+004 1.038e+004 1.039e+004 1.039e+004 1.039e+004 1.038e+004 1.039e+004 1.039e+004 1.04e+004 1.04e+004 1.039e+004 1.039e+004 1.038e+004 1.036e+004 1.036e+004 1.036e+004 1.035e+004 1.035e+004 1.034e+004 1.034e+004 1.034e+004 1.038e+004 1.039e+004 1.04e+004 1.043e+004 1.047e+004 1.045e+004 1.042e+004 1.039e+004 1.037e+004 1.036e+004 1.035e+004 1.034e+004 1.036e+004 1.036e+004 1.034e+004 1.034e+004 1.034e+004 1.032e+004 1.032e+004 1.033e+004 1.029e+004 1.027e+004 1.027e+004 1.028e+004 1.029e+004 1.03e+004 1.031e+004 1.032e+004 1.032e+004 1.031e+004 1.031e+004 1.031e+004 1.031e+004 1.032e+004 1.034e+004
1.044e+004 1.045e+004 1.05e+004 1.049e+004 1.045e+004 1.043e+004 1.041e+004 1.042e+004 1.043e+004 1.041e+004 1.042e+004 1.043e+004 1.042e+004 1.042e+004 1.041e+004 1.041e+004 1.041e+004 1.041e+004 1.038e+004 1.037e+004 1.036e+004 1.036e+004 1.035e+004 1.035e+004 1.035e+004 1.037e+004 1.038e+004 1.039e+004 1.04e+004 1.044e+004 1.042e+004 1.04e+004 1.038e+004 1.037e+004 1.037e+004 1.038e+004 1.038e+004 1.04e+004 1.041e+004 1.039e+004 1.036e+004 1.035e+004 1.033e+004 1.032e+004 1.033e+004 1.031e+004 1.029e+004 1.028e+004 1.029e+004 1.03e+004 1.031e+004 1.032e+004 1.033e+004 1.034e+004 1.034e+004 1.033e+004 1.033e+004 1.032e+004 1.033e+004 1.036e+004
1.049e+004 1.05e+004 1.054e+004 1.052e+004 1.051e+004 1.05e+004 1.044e+004 1.044e+004 1.045e+004 1.045e+004 1.046e+004 1.045e+004 1.044e+004 1.044e+004 1.043e+004 1.042e+004 1.042e+004 1.041e+004 1.039e+004 1.038e+004 1.037e+004 1.036e+004 1.036e+004 1.036e+004 1.037e+004 1.035e+004 1.036e+004 1.038e+004 1.038e+004 1.039e+004 1.038e+004 1.037e+004 1.038e+004 1.037e+004 1.038e+004 1.04e+004 1.045e+004 1.045e+004 1.042e+004 1.041e+004 1.039e+004 1.037e+004 1.035e+004 1.035e+004 1.036e+004 1.034e+004 1.032e+004 1.03e+004 1.03e+004 1.03e+004 1.031e+004 1.032e+004 1.033e+004 1.035e+004 1.034e+004 1.035e+004 1.035e+004 1.034e+004 1.033e+004 1.036e+004
1.046e+004 1.053e+004 1.051e+004 1.05e+004 1.048e+004 1.044e+004 1.047e+004 1.05e+004 1.05e+004 1.052e+004 1.051e+004 1.049e+004 1.047e+004 1.046e+004 1.045e+004 1.044e+004 1.043e+004 1.041e+004 1.04e+004 1.038e+004 1.038e+004 1.037e+004 1.037e+004 1.037e+004 1.036e+004 1.034e+004 1.034e+004 1.035e+004 1.037e+004 1.036e+004 1.034e+004 1.034e+004 1.035e+004 1.036e+004 1.037e+004 1.039e+004 1.041e+004 1.042e+004 1.041e+004 1.042e+004 1.039e+004 1.036e+004 1.035e+004 1.035e+004 1.037e+004 1.035e+004 1.034e+004 1.032e+004 1.03e+004 1.031e+004 1.031e+004 1.033e+004 1.034e+004 1.035e+004 1.035e+004 1.036e+004 1.037e+004 1.036e+004 1.036e+004 1.037e+004
1.043e+004 1.044e+004 1.047e+004 1.048e+004 1.047e+004 1.046e+004 1.045e+004 1.048e+004 1.051e+004 1.054e+004 1.051e+004 1.051e+004 1.05e+004 1.049e+004 1.047e+004 1.046e+004 1.046e+004 1.044e+004 1.041e+004 1.039e+004 1.039e+004 1.038e+004 1.037e+004 1.036e+004 1.035e+004 1.033e+004 1.034e+004 1.035e+004 1.036e+004 1.033e+004 1.032e+004 1.032e+004 1.033e+004 1.034e+004 1.035e+004 1.036e+004 1.039e+004 1.04e+004 1.042e+004 1.042e+004 1.039e+004 1.036e+004 1.036e+004 1.036e+004 1.037e+004 1.035e+004 1.034e+004 1.032e+004 1.031e+004 1.031e+004 1.031e+004 1.032e+004 1.033e+004 1.033e+004 1.035e+004 1.037e+004 1.037e+004 1.038e+004 1.039e+004 1.039e+004
1.041e+004 1.043e+004 1.045e+004 1.046e+004 1.046e+004 1.043e+004 1.041e+004 1.044e+004 1.046e+004 1.047e+004 1.05e+004 1.053e+004 1.052e+004 1.05e+004 1.048e+004 1.047e+004 1.046e+004 1.045e+004 1.043e+004 1.041e+004 1.039e+004 1.039e+004 1.038e+004 1.037e+004 1.035e+004 1.035e+004 1.034e+004 1.034e+004 1.034e+004 1.032e+004 1.031e+004 1.03e+004 1.03e+004 1.031e+004 1.032e+004 1.032e+004 1.034e+004 1.037e+004 1.041e+004 1.041e+004 1.039e+004 1.037e+004 1.039e+004 1.039e+004 1.037e+004 1.034e+004 1.031e+004 1.03e+004 1.03e+004 1.03e+004 1.03e+004 1.031e+004 1.032e+004 1.034e+004 1.037e+004 1.039e+004 1.04e+004 1.041e+004 1.042e+004 1.041e+004
1.04e+004 1.04e+004 1.043e+004 1.047e+004 1.048e+004 1.049e+004 1.051e+004 1.056e+004 1.062e+004 1.064e+004 1.061e+004 1.055e+004 1.051e+004 1.048e+004 1.047e+004 1.046e+004 1.044e+004 1.043e+004 1.042e+004 1.04e+004 1.039e+004 1.039e+004 1.039e+004 1.039e+004 1.037e+004 1.035e+004 1.035e+004 1.035e+004 1.032e+004 1.031e+004 1.03e+004 1.029e+004 1.029e+004 1.029e+004 1.029e+004 1.029e+004 1.03e+004 1.033e+004 1.034e+004 1.038e+004 1.039e+004 1.038e+004 1.037e+004 1.038e+004 1.038e+004 1.033e+004 1.031e+004 1.03e+004 1.031e+004 1.031e+004 1.03e+004 1.03e+004 1.032e+004 1.034e+004 1.038e+004 1.04e+004 1.041e+004 1.041e+004 1.043e+004 1.042e+004
1.042e+004 1.046e+004 1.05e+004 1.049e+004 1.05e+004 1.059e+004 1.069e+004 1.063e+004 1.069e+004 1.078e+004 1.063e+004 1.053e+004 1.047e+004 1.044e+004 1.045e+004 1.046e+004 1.045e+004 1.045e+004 1.042e+004 1.038e+004 1.039e+004 1.04e+004 1.041e+004 1.041e+004 1.039e+004 1.035e+004 1.032e+004 1.032e+004 1.031e+004 1.03e+004 1.029e+004 1.028e+004 1.028e+004 1.027e+004 1.027e+004 1.026e+004 1.027e+004 1.03e+004 1.033e+004 1.037e+004 1.038e+004 1.038e+004 1.038e+004 1.037e+004 1.036e+004 1.033e+004 1.032e+004 1.032e+004 1.032e+004 1.031e+004 1.031e+004 1.03e+004 1.032e+004 1.034e+004 1.036e+004 1.038e+004 1.04e+004 1.041e+004 1.042e+004 1.042e+004
1.05e+004 1.051e+004 1.049e+004 1.044e+004 1.047e+004 1.045e+004 1.038e+004 1.03e+004 1.031e+004 1.039e+004 1.042e+004 1.039e+004 1.037e+004 1.036e+004 1.038e+004 1.044e+004 1.048e+004 1.047e+004 1.043e+004 1.04e+004 1.041e+004 1.042e+004 1.042e+004 1.042e+004 1.039e+004 1.035e+004 1.032e+004 1.03e+004 1.03e+004 1.03e+004 1.029e+004 1.029e+004 1.028e+004 1.027e+004 1.026e+004 1.025e+004 1.026e+004 1.028e+004 1.032e+004 1.035e+004 1.038e+004 1.038e+004 1.037e+004 1.037e+004 1.038e+004 1.04e+004 1.039e+004 1.041e+004 1.036e+004 1.033e+004 1.032e+004 1.032e+004 1.033e+004 1.034e+004 1.036e+004 1.037e+004 1.04e+004 1.041e+004 1.042e+004 1.043e+004
1.058e+004 1.059e+004 1.045e+004 1.026e+004 1.012e+004 1.011e+004 1.012e+004 1.013e+004 1.014e+004 1.014e+004 1.02e+004 1.022e+004 1.023e+004 1.023e+004 1.026e+004 1.033e+004 1.044e+004 1.042e+004 1.043e+004 1.046e+004 1.048e+004 1.046e+004 1.044e+004 1.041e+004 1.039e+004 1.035e+004 1.032e+004 1.03e+004 1.03e+004 1.031e+004 1.031e+004 1.03e+004 1.029e+004 1.028e+004 1.026e+004 1.025e+004 1.026e+004 1.027e+004 1.028e+004 1.031e+004 1.034e+004 1.035e+004 1.036e+004 1.037e+004 1.039e+004 1.04e+004 1.041e+004 1.039e+004 1.035e+004 1.033e+004 1.032e+004 1.032e+004 1.033e+004 1.035e+004 1.037e+004 1.039e+004 1.04e+004 1.041e+004 1.043e+004 1.044e+004
1.053e+004 1.029e+004 1.012e+004 1.004e+004 9937 9949 9992 1.011e+004 1.008e+004 1.001e+004 9993 1.002e+004 1.005e+004 1.007e+004 1.009e+004 1.012e+004 1.018e+004 1.027e+004 1.035e+004 1.047e+004 1.052e+004 1.047e+004 1.044e+004 1.041e+004 1.039e+004 1.036e+004 1.032e+004 1.031e+004 1.031e+004 1.032e+004 1.032e+004 1.031e+004 1.03e+004 1.028e+004 1.027e+004 1.027e+004 1.026e+004 1.026e+004 1.026e+004 1.027e+004 1.029e+004 1.031e+004 1.032e+004 1.034e+004 1.039e+004 1.042e+004 1.039e+004 1.039e+004 1.04e+004 1.036e+004 1.034e+004 1.034e+004 1.034e+004 1.036e+004 1.038e+004 1.041e+004 1.042e+004 1.043e+004 1.044e+004 1.046e+004
1.032e+004 1.005e+004 9984 9911 9862 9885 9960 9938 9904 9833 9831 9876 9893 9908 9922 9916 9954 1.009e+004 1.02e+004 1.03e+004 1.034e+004 1.038e+004 1.043e+004 1.045e+004 1.042e+004 1.037e+004 1.034e+004 1.031e+004 1.032e+004 1.032e+004 1.031e+004 1.03e+004 1.03e+004 1.029e+004 1.028e+004 1.028e+004 1.027e+004 1.026e+004 1.026e+004 1.026e+004 1.027e+004 1.03e+004 1.033e+004 1.035e+004 1.037e+004 1.039e+004 1.039e+004 1.042e+004 1.049e+004 1.043e+004 1.036e+004 1.034e+004 1.035e+004 1.037e+004 1.039e+004 1.041e+004 1.043e+004 1.044e+004 1.044e+004 1.041e+004
1.01e+004 9929 9873 9786 9749 9792 9818 9799 9784 9763 9739 9763 9793 9793 9813 9819 9865 9955 1.004e+004 1.009e+004 1.013e+004 1.024e+004 1.033e+004 1.043e+004 1.039e+004 1.036e+004 1.032e+004 1.026e+004 1.032e+004 1.03e+004 1.029e+004 1.03e+004 1.029e+004 1.029e+004 1.029e+004 1.029e+004 1.028e+004 1.027e+004 1.026e+004 1.026e+004 1.029e+004 1.032e+004 1.034e+004 1.034e+004 1.034e+004 1.035e+004 1.036e+004 1.04e+004 1.048e+004 1.047e+004 1.039e+004 1.037e+004 1.036e+004 1.037e+004 1.04e+004 1.043e+004 1.041e+004 1.045e+004 1.042e+004 1.046e+004
