real_craters/C153-300m.grd
DSAA
341 341
-50.96 50.96
-50.96 50.96
9053.3441738034 10804.113052197
[rows 120 to 149 of 341, columns 134 to 200 of 341]
10327.4 10344.5 10356.5 10361.1 10371.6 10380.1 10385 10387.7 10390.3 10390.8 10389.6 10385.3 10377.8 10372.2 10383.8 10403.1 10418.2 10430.1 10448.5 10481.6 10511.2 10497.9 10489.4 10487.3 10490.7 10500.1 10505 10510.2 10563 10617.2 10653.7 10690.8 10694.2 10648.8 10617.7 10635 10691.5 10723.3 10757.8 10768.6 10701.4 10633.2 10581.2 10543.4 10511.7 10490.3 10467.1 10455.8 10440.2 10436.8 10448.4 10450.9 10452.5 10456.4 10456.7 10456.4 10452.1 10445.1 10438.4 10443 10433 10419.7 10403.5 10385.9 10373.3 10380.1 10385.7
10345.2 10365 10382 10396.7 10397.7 10399.8 10402.3 10405 10407.1 10407.9 10406 10400.6 10389.4 10376 10396.1 10424.6 10446.4 10465.1 10485.1 10494.8 10501 10496.7 10488.6 10484.4 10488.3 10507.2 10539.9 10562.5 10578.3 10628.1 10631.4 10603.2 10567.5 10513.6 10500.6 10509.9 10531.1 10584.8 10628 10629.7 10600.4 10563.8 10524.1 10493.4 10465.4 10444.9 10431.9 10410.2 10407.7 10408.2 10424 10429.1 10438.9 10447.5 10455.3 10460.8 10463.7 10458.8 10447.4 10450.1 10437.9 10423.6 10408.1 10394.5 10390.3 10389.9 10394.4
10377.9 10385.1 10401.1 10420.7 10418.5 10418.3 10421.9 10423.1 10427 10429.5 10433.2 10426.7 10421.2 10414.9 10432 10458.8 10480.1 10495.8 10505 10492.7 10477.8 10486.4 10477.8 10465.4 10462.3 10478.4 10521.4 10540 10516.2 10512.1 10492.8 10457.6 10410.4 10360.6 10361.9 10367.2 10376.4 10426.5 10462.7 10473 10478.6 10472.2 10447.3 10427.5 10407.4 10400.8 10391.7 10378.2 10380.5 10374.7 10391.1 10398.4 10414.9 10431.6 10453.2 10468.2 10470.8 10468.9 10454.9 10456.7 10443.2 10429.1 10414.9 10401.4 10389.6 10395.8 10404.6
10392.9 10390 10398.6 10415.5 10420.6 10428.2 10438.1 10446 10453.9 10460.3 10467.5 10466.4 10469.7 10473.6 10483.4 10500.9 10517.2 10526.7 10523.4 10512.8 10504 10491.2 10459.1 10426.6 10404.2 10397.8 10406 10406.2 10386.5 10360.2 10334 10309.6 10284.8 10254.9 10254.8 10252.5 10252.3 10292.6 10317 10341.5 10368.6 10375 10373.4 10361.8 10359.3 10347.6 10343.5 10342.5 10337.1 10343.9 10349.6 10359.5 10382.2 10408.5 10445.2 10479.8 10498.3 10483 10460 10458.4 10445.4 10434 10422.5 10410.5 10398.3 10407.3 10421.3
10380.5 10377.6 10375.7 10386.3 10412.9 10434.8 10452.9 10469.8 10482.6 10494 10503.2 10510.5 10518.9 10523 10529.6 10542.4 10552.2 10559.7 10569.4 10581.7 10566 10497.3 10425.5 10367.2 10320.8 10286.3 10261.7 10253.5 10242 10217.9 10196.1 10201.4 10196.3 10193.1 10189.3 10184.2 10185.4 10199.8 10213.1 10258 10278.5 10287.6 10289.8 10291.3 10291.1 10291 10292.9 10283.9 10281.5 10291.5 10298.7 10312.9 10338.9 10369.4 10416.1 10471.5 10509.3 10476.7 10462.4 10447.7 10438.9 10434.2 10431.4 10428.5 10424 10433.9 10446.2
10364.5 10368 10361.2 10374 10414.9 10448.2 10474.3 10494.3 10509.7 10525.3 10538.2 10553.2 10566.4 10573.9 10575.9 10579.8 10575.6 10570.9 10582.2 10579.4 10540.6 10451.1 10359.8 10288.1 10226.4 10171.1 10123.5 10118.3 10116.4 10102.1 10090 10116.4 10125.4 10132.9 10136.9 10141.7 10142.3 10138.6 10132.3 10157.5 10183 10199.6 10205.8 10214.9 10221.6 10223.6 10226.1 10223 10222.9 10233.4 10241.8 10260.4 10280.3 10311.6 10356.5 10405.6 10438.5 10427.7 10425 10420.1 10421.3 10427.4 10435.5 10448.1 10462.5 10475.4 10477.6
10372.6 10384.1 10375.4 10396.7 10442.1 10476.1 10500.5 10520.1 10536.5 10555.6 10572.6 10591.1 10610.5 10629.6 10633.5 10611.4 10576.2 10537.5 10502.1 10450.2 10398 10331.8 10260.5 10195.5 10132.6 10072 10019.5 10019.4 10024.3 10022 10017.8 10037.4 10069 10085.1 10102.4 10112.9 10109.6 10101 10089.3 10075.9 10090.1 10109.9 10128.9 10144.1 10148.9 10147.8 10153.3 10155.6 10165.5 10166.8 10175.1 10192.9 10209.7 10238.9 10273.8 10308.1 10331 10349.1 10365.1 10376.2 10388 10407.2 10430.2 10459.6 10490 10507.1 10505.2
10403.2 10433 10450.8 10470.3 10494.3 10516.4 10534.5 10548.5 10560.6 10574.7 10591.5 10613.8 10639.9 10669.1 10681.9 10624.6 10551.7 10473.1 10390.9 10304 10238.9 10190.2 10149.6 10103.3 10052.6 9999.52 9959.43 9956.93 9964.42 9972.95 9985.33 10003.1 10039.4 10078.4 10111.5 10118.7 10095 10067.2 10055.7 10032.7 10022.9 10029.8 10047.9 10063.9 10073.9 10078.8 10090 10090.5 10100.1 10101.5 10108.1 10121.7 10138.1 10156.1 10181 10210.8 10235.5 10258.3 10289 10314.3 10342 10373.6 10411.4 10455.7 10502 10529.7 10521.2
10438 10493.8 10544.9 10557 10555.2 10556.9 10562.3 10566.9 10572.1 10583.5 10596.6 10615.1 10641.1 10670 10679.4 10604.7 10501.5 10395.2 10289.6 10181.5 10108.4 10069 10054.2 10025.7 9986.74 9945.44 9916.74 9915.28 9925.51 9939.97 9956.54 9978.3 10018.1 10065.7 10105 10116.7 10061 10009.6 9973.61 9954.32 9946.24 9953.88 9970.49 9984.8 10000.9 10001.7 10012.7 10022.8 10028.3 10035.5 10042.9 10053.2 10064.2 10069.6 10077.8 10090.9 10124 10165.1 10209.6 10248.1 10285.9 10327 10373.5 10427.4 10491.7 10545.4 10512.6
10463 10539.9 10601.3 10612.8 10602.7 10593.8 10588.4 10578.5 10577.5 10578.2 10579.4 10590.7 10605.6 10622.6 10633.5 10538.5 10422.9 10306.5 10195 10085.4 10024.2 10000.3 9990.9 9967.91 9936.45 9905.6 9886.23 9886.67 9898.53 9917.16 9933.82 9960.43 9988.68 10011.9 10022 10007.1 9981.51 9937.25 9890.81 9869.23 9862.34 9884.18 9905.38 9922.33 9938.34 9957.06 9950.27 9959.53 9963.57 9970.38 9971.51 9980.41 9985.03 9983.86 9979.54 9974.01 10018.9 10078.4 10133.4 10179.9 10223.7 10268.6 10315.6 10366.6 10422 10461.8 10448.6
10484.8 10572.4 10627.5 10643.6 10631.8 10615 10600.7 10587.2 10575.1 10565.7 10558 10554.3 10542.8 10530.5 10498.1 10420.4 10320.4 10211.1 10100.3 10006.7 9980.37 9983.71 9959.47 9927.01 9897.65 9876.16 9862.48 9860.76 9873.59 9899.67 9945.55 9960.37 9954.02 9945.7 9927.46 9905.02 9903.98 9880.54 9846.05 9822.35 9813.54 9830.54 9849.15 9867.77 9883.24 9904.2 9893.14 9901.41 9904.75 9908.15 9918.3 9922.41 9924.2 9918.4 9913.53 9913.31 9953.9 10011.1 10066.1 10114.5 10160 10202.5 10244.1 10282.5 10313.5 10326.6 10344.7
10514 10609.9 10669.4 10665.3 10645.3 10620.5 10597.4 10574.7 10555.2 10533.1 10512.6 10491.6 10465 10425.9 10366.3 10294.3 10216.4 10122.9 10021.1 9951.87 9950.07 9973.05 9931.4 9886.37 9854.54 9841.55 9831.7 9828.61 9841.23 9863.13 9889.82 9924.42 9907.44 9887.45 9865.28 9855.46 9852.37 9845.26 9826.96 9800.26 9787.9 9791.87 9806.17 9821.07 9837.44 9854.86 9867.8 9846.77 9853.25 9860.35 9868.96 9871.71 9872.24 9871.26 9869.95 9883.29 9913.41 9960.07 10008.8 10053.4 10097.2 10134.9 10167.9 10195.3 10212.4 10219.9 10246.9
10545.8 10632.3 10682.4 10667.6 10641.1 10609.7 10578.3 10546.8 10516.2 10487 10456.9 10423 10384.1 10329 10257.7 10188.8 10130 10058.8 9974.17 9917.79 9907.07 9916.92 9876.52 9833.03 9798.89 9772.37 9774.59 9786.66 9802.23 9819.76 9836.18 9851.15 9847.31 9832.44 9816.35 9812.95 9808.93 9808.09 9797.07 9772.61 9760.13 9757.39 9765.78 9777.05 9793.05 9805.81 9817.4 9803.39 9809.7 9820.01 9828.4 9832.99 9835.26 9833.25 9832.77 9845.02 9878.8 9919.68 9959.41 9998.97 10034.5 10068.6 10096.3 10116.6 10129.4 10138.2 10165.7
10576.6 10628 10654 10647.4 10621.8 10586.1 10549.1 10510.8 10473.5 10436.1 10397.8 10356.5 10307.4 10248 10171.7 10106.1 10072.3 10024.5 9960.92 9896.36 9851.84 9816.79 9793.05 9770.72 9745.4 9719.89 9727.42 9743.82 9762.28 9781.18 9792.94 9789.21 9788.04 9776.72 9771.5 9764.73 9753.01 9759.53 9751 9729.4 9714.15 9718.61 9728.04 9735.97 9746.37 9756.2 9765.9 9775.65 9766.67 9778.66 9787.35 9796.14 9804.19 9808.69 9813.94 9825.52 9854.73 9886.82 9916.34 9947.71 9978.99 10005.9 10028.8 10048.3 10061.1 10071.1 10098.1
10613.6 10628.1 10631.8 10621.4 10591.1 10550.4 10508.4 10465.6 10423 10380.5 10336.3 10291.3 10241.5 10186.4 10123.9 10072.2 10042.5 10007 9959.72 9867.15 9788.05 9743.66 9726.52 9716.09 9702.72 9696.03 9691.5 9701.24 9717.98 9741.22 9758.22 9754.47 9736.77 9714.89 9685.39 9673.27 9669.08 9674.33 9678.89 9676.28 9677.88 9687.28 9693.86 9697.85 9702.67 9709.66 9717.87 9727.52 9722.73 9732.36 9745.83 9759.6 9775.94 9791.87 9812.94 9827.69 9840.43 9858.9 9879.57 9903.68 9925.21 9948.52 9971.17 9989.16 10005.5 10024.2 10053.2
10657.1 10661.3 10635.4 10597 10551.9 10504 10457.7 10411.3 10364.8 10318.2 10271 10225.1 10177.4 10130.9 10090.3 10065.3 10017.7 9974.83 9920.07 9819.27 9730.57 9701.16 9687.88 9675.69 9663.22 9653.36 9652.24 9655.8 9664.25 9680.8 9696.08 9690.63 9682.7 9658.36 9623.27 9593.91 9576.56 9565.3 9587.92 9618.06 9653.98 9665.32 9656.62 9657.66 9662 9667.33 9674.81 9683.45 9693.86 9691.85 9705.83 9720.68 9742.78 9768.69 9797.73 9813.11 9816.47 9827.38 9842.34 9862.11 9880.5 9898.56 9918.37 9937.17 9957.54 9981.11 10009.5
10678.2 10683.8 10625.7 10557.1 10498.1 10445.8 10394.6 10343.6 10294.6 10246.6 10196.1 10152.8 10107.1 10065.8 10034.1 10015.3 9969 9919.78 9857.34 9768.02 9693.42 9663.94 9654.04 9645.37 9632.37 9619.66 9616.28 9610.32 9604.6 9602.68 9621.07 9651.51 9644.02 9607.76 9570.62 9519.85 9497.4 9492.33 9519.24 9554.65 9589.47 9602.55 9605.32 9609.7 9614.77 9620.42 9629.09 9636.66 9645.05 9644.9 9656.83 9674.81 9698.49 9731.73 9768.03 9778.14 9779.97 9788.52 9799.09 9817.17 9835.43 9852.82 9872.79 9889.93 9910.58 9931.89 9954.02
10637.2 10614.1 10553.4 10485.4 10425 10373.3 10321.7 10267.9 10221.7 10172.3 10120.4 10072.3 10025.9 9983.45 9948.73 9931.28 9883.73 9841.42 9788.45 9709.36 9644.42 9622.81 9624.79 9627.18 9618.07 9604.1 9589.97 9571.87 9551.25 9531.54 9549.74 9590.99 9586.54 9544.38 9509.64 9451.81 9438.72 9439.68 9466.9 9495.66 9519.29 9537.32 9550.1 9561.19 9569.56 9576.35 9583.4 9589.55 9596.15 9591.69 9602.62 9617.17 9638.71 9671.21 9716.45 9722.92 9724.06 9736.38 9749.54 9768.61 9790.03 9809.57 9830.69 9848.81 9869.54 9889.27 9910.33
10538.1 10476.8 10434.7 10385.5 10337 10289.4 10240.2 10185.8 10140.9 10091.4 10038.1 9992.63 9939.31 9890.09 9840.55 9792.73 9758.04 9740.66 9704.63 9644.59 9590.27 9591.6 9616.36 9623.24 9615.22 9597.42 9573.6 9544.77 9512.72 9482.95 9485.56 9497.98 9489.5 9465.24 9429.85 9413.24 9410.31 9415.57 9434.25 9452.11 9464.96 9472.83 9499.46 9517.71 9526.4 9532.47 9537.59 9541.73 9546.16 9550.56 9548.95 9555.27 9565.08 9581.4 9607.51 9631.23 9653.73 9674.16 9698.18 9720.07 9743.72 9767.32 9790.53 9811.19 9833.01 9855.35 9881.41
10421.1 10341.4 10314.7 10281.4 10242.9 10201.2 10155.6 10107.2 10059.1 10010.2 9955.53 9908.52 9854.49 9798 9739.74 9670.9 9632.37 9624.11 9612.64 9589.53 9567.24 9585.31 9624.03 9623.87 9613.61 9591.85 9561.74 9527.73 9490.14 9453.41 9440.05 9424.55 9406.65 9412.87 9405.53 9403.84 9405.63 9406.89 9413.73 9424.52 9433.52 9443.48 9467.87 9481.43 9488.94 9492.62 9495.35 9497.96 9500.12 9501.35 9495.34 9493.99 9490.4 9485.44 9493.04 9538.09 9581.95 9614.15 9645.48 9674.29 9702.4 9727.23 9753.15 9778.02 9801.99 9827.37 9850.13
10321.5 10239.1 10216.5 10189.1 10157.1 10120.3 10078.7 10028.3 9981.82 9933.91 9880.89 9829.99 9776.89 9720.95 9661.03 9596.41 9550.5 9532.11 9535.44 9547.79 9564.97 9586.33 9598.65 9597.68 9603.41 9577.98 9545.56 9515.74 9483.03 9444.33 9422.84 9397.86 9381.87 9395.43 9407.26 9412.7 9410.77 9395.56 9391.63 9402.35 9422.59 9452.05 9455.52 9453.64 9455.3 9454.54 9455.57 9455.83 9456.72 9456.48 9449.2 9440.86 9429.8 9415.35 9419.74 9471.02 9521.65 9562.84 9599.76 9632.48 9664.04 9692.24 9721.17 9749.44 9775.84 9802.57 9826.12
10258.3 10179.7 10146.2 10113.7 10081.4 10045 10001.6 9958.63 9913.51 9868.49 9816.73 9762.91 9712.16 9662.27 9608.54 9557.85 9518.43 9492.15 9492.43 9507.35 9534.2 9544.42 9517.95 9523.68 9549.94 9534.22 9514.99 9500.27 9488.8 9466.58 9423.77 9390.14 9371.04 9354.44 9355.84 9370.57 9361.13 9351.11 9354.56 9370.11 9395.07 9424.83 9426.25 9419.81 9417.56 9416.88 9416.42 9417.12 9416.65 9417 9405.99 9399.64 9389.69 9379.97 9391.34 9434.43 9479.84 9524.86 9564.19 9598.39 9632.51 9665.14 9696.37 9725.63 9754.78 9784.24 9812.45
10216.4 10140.9 10095.6 10055.6 10020.1 9983.02 9939.51 9897.46 9853.4 9805.69 9759.31 9712.32 9662.42 9613.91 9567.19 9527.61 9499.03 9477.29 9459.79 9455.87 9457.97 9448.73 9426.76 9433.22 9454.21 9464.66 9466.04 9468.01 9477.47 9466.75 9409.67 9366.93 9341.38 9305.99 9290.56 9282.82 9275.56 9287.48 9303.93 9324.25 9347.4 9369.57 9377.33 9375.24 9374.67 9374.86 9374.6 9376.39 9378.45 9379.64 9380.18 9370.33 9366.64 9366.43 9382.52 9417.54 9454.57 9494.52 9534.4 9568.58 9604.45 9639.53 9673.03 9705.73 9737.53 9768.99 9799.99
10178.8 10104.6 10052.3 10007.8 9968.53 9930.76 9889.33 9847.7 9804.23 9760.68 9712.99 9664.78 9620.96 9571.65 9526.15 9491.47 9471.01 9443.84 9417.57 9399.32 9381.52 9360.25 9356.79 9362.47 9373.84 9393.07 9404.92 9412.21 9415.77 9401.9 9360.5 9317.02 9276.57 9247.32 9232.19 9225.38 9229.23 9236.59 9251.69 9272.32 9293.09 9313.05 9322.02 9323.7 9326.18 9329.53 9332.12 9336.22 9338.88 9343.54 9348.13 9344.13 9353.82 9369.88 9385.48 9406.55 9437.04 9472.35 9510.13 9547.11 9580.95 9617.22 9652.64 9686.62 9720.81 9754.87 9788.72
10143.9 10070.3 10016 9969.56 9927.4 9887.55 9848.56 9806.85 9763.4 9720.55 9673.26 9625.2 9580.84 9532.26 9483.17 9447.73 9403.46 9382.16 9365.69 9347.31 9327.57 9308.05 9306.32 9309.68 9317.57 9330.2 9339.89 9345.18 9340.68 9324.53 9295.62 9257.67 9216.81 9191.17 9180.59 9172.59 9169.48 9181.96 9200.66 9219.9 9237.01 9250.01 9258.83 9267.94 9276.66 9284.63 9291.15 9297.17 9302.6 9308.01 9315.49 9315.18 9336.63 9374.35 9384.94 9394.05 9419.41 9451.04 9488.75 9525.66 9557.94 9595.48 9632.02 9668.39 9704.21 9738.59 9775.06
10105.8 10035.8 9983.52 9938.32 9895.87 9855.62 9817.58 9775.68 9728.71 9684.7 9635.07 9587.24 9541.43 9492.83 9449.17 9407.44 9366.9 9336.84 9320.87 9305.4 9290.61 9279.09 9272.85 9269.68 9270.7 9275.29 9278.13 9278.72 9279.13 9260.56 9233.82 9204.52 9176.05 9154.53 9139.59 9128.24 9122.83 9138.01 9156.29 9172.94 9185.71 9194.17 9203.21 9217.34 9230.87 9241.94 9251.67 9259.17 9268 9272.91 9280.14 9278.52 9295.76 9330.16 9347.97 9366.17 9394.08 9427.69 9465.17 9503.02 9535.59 9574.3 9612.02 9649.7 9686.06 9719.72 9756.32
10068.2 10003.9 9954.19 9909.76 9867.35 9826.03 9785.75 9742 9697.45 9651.63 9602.74 9555.09 9509.02 9461.71 9415.65 9372.11 9323.5 9296.92 9283.9 9271.29 9261.3 9255.38 9245.95 9238.04 9231.23 9226.4 9220.4 9211.05 9198.78 9190.74 9175.82 9156.5 9136.89 9119.62 9107.64 9100.52 9098.92 9108.59 9122.49 9135.27 9144.72 9151.8 9159.18 9174.57 9191.29 9205.43 9216.59 9225.19 9232.24 9238.12 9243.03 9234.39 9239.49 9251.48 9290.17 9328.11 9363.51 9400.59 9438.8 9477.65 9513.91 9548.77 9587.61 9626.94 9664.97 9699.56 9736.49
10036.5 9977.39 9929.25 9884.96 9840.81 9797.71 9756.32 9713.94 9668.73 9625.43 9577.54 9529.67 9482.46 9435.16 9387.52 9344.5 9299.87 9267.68 9252.57 9241.72 9233.17 9224.5 9214.49 9203.24 9193.9 9182.74 9168.92 9151.26 9132.41 9130.58 9127.03 9115.09 9097.07 9083.24 9083.19 9082.33 9082.87 9088.15 9099.61 9109.78 9116.52 9120.41 9124.53 9141.03 9158.57 9174 9185.65 9194.54 9201.82 9206.89 9210.17 9198.35 9197.54 9203.99 9247.83 9292.73 9332.8 9372.75 9411.33 9448.24 9488.28 9524.79 9566.23 9606.82 9645.72 9683.78 9717.98
10012.1 9957.66 9910.4 9866.2 9821.79 9782.1 9737.65 9692.25 9647.83 9603.43 9555.5 9507.6 9459.02 9412.68 9364.75 9322.46 9278.01 9242.43 9223.91 9215 9208.38 9200.79 9193.02 9179.9 9161.2 9145.66 9128.9 9109.2 9091.48 9093.48 9093.86 9087.36 9075.47 9069.75 9070.27 9071.15 9071.56 9076.94 9085.84 9094.52 9099.26 9101.9 9105.48 9118.82 9134.84 9148.93 9159.08 9167.37 9173.45 9178.73 9182.21 9172.95 9182.64 9195.6 9228.07 9265.92 9306.33 9346.43 9385.17 9425.64 9465.35 9506.38 9545.44 9587.24 9628.72 9668.64 9705.01
9993.78 9943.61 9898.59 9855.39 9810.5 9768.73 9723 9676.45 9629.3 9583.96 9535.93 9489.37 9441.39 9395.9 9347.81 9305.56 9253.85 9208.87 9198.24 9191.93 9186.9 9184.1 9178.77 9165.67 9129.19 9115.25 9102.45 9087.42 9075.9 9077.15 9078.32 9075.61 9069.68 9067.75 9067.49 9069.9 9072.14 9075.54 9081.35 9087.75 9092.04 9094.01 9097.06 9106.46 9118.57 9129.65 9138.08 9145.41 9150.41 9154.42 9157.8 9152.17 9174.88 9196.74 9214.54 9246.09 9283.26 9322.26 9361.71 9402.64 9442.5 9483.15 9524.77 9567.38 9610.8 9654.29 9697.01
