real_craters/C153-750m.grd
DSAA
137 137
-50.96 50.96
-50.96 50.96
9062.2041525772 10792.685757221
[rows 81 to 107 of 137, columns 60 to 119 of 137]
9750 9675 9563 9492 9452 9463 9543 9535 9536 9541 9550 9546 9551 9618 9770 9921 1.003e+004 1.012e+004 1.02e+004 1.027e+004 1.034e+004 1.038e+004 1.043e+004 1.045e+004 1.039e+004 1.035e+004 1.034e+004 1.032e+004 1.031e+004 1.031e+004 1.03e+004 1.029e+004 1.028e+004 1.027e+004 1.026e+004 1.026e+004 1.026e+004 1.028e+004 1.03e+004 1.03e+004 1.028e+004 1.027e+004 1.029e+004 1.031e+004 1.033e+004 1.031e+004 1.029e+004 1.028e+004 1.028e+004 1.028e+004 1.026e+004 1.024e+004 1.022e+004 1.023e+004 1.023e+004 1.023e+004 1.022e+004 1.019e+004 1.017e+004 1.019e+004
9992 9879 9820 9779 9713 9636 9635 9647 9646 9649 9681 9761 9809 9942 1.008e+004 1.017e+004 1.024e+004 1.029e+004 1.032e+004 1.028e+004 1.037e+004 1.041e+004 1.044e+004 1.044e+004 1.036e+004 1.033e+004 1.031e+004 1.031e+004 1.031e+004 1.032e+004 1.032e+004 1.033e+004 1.028e+004 1.027e+004 1.026e+004 1.025e+004 1.025e+004 1.026e+004 1.028e+004 1.026e+004 1.026e+004 1.026e+004 1.028e+004 1.029e+004 1.031e+004 1.031e+004 1.031e+004 1.029e+004 1.028e+004 1.027e+004 1.026e+004 1.024e+004 1.022e+004 1.022e+004 1.023e+004 1.022e+004 1.021e+004 1.019e+004 1.018e+004 1.024e+004
1.019e+004 1.004e+004 9964 9974 9945 9867 9789 9780 9765 9753 9776 9870 1.006e+004 1.028e+004 1.041e+004 1.042e+004 1.042e+004 1.045e+004 1.05e+004 1.05e+004 1.044e+004 1.043e+004 1.042e+004 1.04e+004 1.033e+004 1.032e+004 1.032e+004 1.031e+004 1.031e+004 1.032e+004 1.033e+004 1.033e+004 1.03e+004 1.027e+004 1.026e+004 1.025e+004 1.025e+004 1.026e+004 1.025e+004 1.026e+004 1.025e+004 1.025e+004 1.026e+004 1.027e+004 1.028e+004 1.03e+004 1.031e+004 1.03e+004 1.028e+004 1.027e+004 1.026e+004 1.026e+004 1.026e+004 1.025e+004 1.024e+004 1.023e+004 1.021e+004 1.02e+004 1.021e+004 1.025e+004
1.029e+004 1.014e+004 1.007e+004 1.013e+004 1.009e+004 9993 9967 9941 9920 9882 9846 1.004e+004 1.025e+004 1.049e+004 1.062e+004 1.056e+004 1.053e+004 1.053e+004 1.056e+004 1.055e+004 1.047e+004 1.042e+004 1.04e+004 1.034e+004 1.03e+004 1.029e+004 1.029e+004 1.03e+004 1.03e+004 1.03e+004 1.029e+004 1.028e+004 1.028e+004 1.027e+004 1.025e+004 1.024e+004 1.025e+004 1.026e+004 1.027e+004 1.025e+004 1.028e+004 1.028e+004 1.026e+004 1.025e+004 1.027e+004 1.028e+004 1.028e+004 1.028e+004 1.027e+004 1.026e+004 1.025e+004 1.024e+004 1.028e+004 1.029e+004 1.027e+004 1.024e+004 1.022e+004 1.021e+004 1.023e+004 1.025e+004
1.039e+004 1.028e+004 1.02e+004 1.014e+004 1.015e+004 1.018e+004 1.016e+004 1.016e+004 1.014e+004 1.011e+004 1.013e+004 1.02e+004 1.04e+004 1.056e+004 1.063e+004 1.059e+004 1.055e+004 1.052e+004 1.049e+004 1.047e+004 1.043e+004 1.04e+004 1.037e+004 1.033e+004 1.026e+004 1.026e+004 1.027e+004 1.028e+004 1.029e+004 1.028e+004 1.027e+004 1.027e+004 1.027e+004 1.026e+004 1.025e+004 1.024e+004 1.024e+004 1.025e+004 1.027e+004 1.028e+004 1.029e+004 1.028e+004 1.026e+004 1.025e+004 1.026e+004 1.026e+004 1.027e+004 1.028e+004 1.027e+004 1.026e+004 1.024e+004 1.024e+004 1.028e+004 1.031e+004 1.028e+004 1.025e+004 1.022e+004 1.021e+004 1.021e+004 1.023e+004
1.047e+004 1.044e+004 1.038e+004 1.035e+004 1.037e+004 1.045e+004 1.051e+004 1.045e+004 1.038e+004 1.036e+004 1.037e+004 1.038e+004 1.054e+004 1.057e+004 1.058e+004 1.054e+004 1.051e+004 1.048e+004 1.044e+004 1.041e+004 1.039e+004 1.036e+004 1.032e+004 1.027e+004 1.022e+004 1.025e+004 1.028e+004 1.028e+004 1.028e+004 1.028e+004 1.027e+004 1.027e+004 1.026e+004 1.025e+004 1.024e+004 1.024e+004 1.024e+004 1.025e+004 1.026e+004 1.027e+004 1.027e+004 1.027e+004 1.026e+004 1.025e+004 1.027e+004 1.029e+004 1.03e+004 1.029e+004 1.027e+004 1.026e+004 1.025e+004 1.027e+004 1.03e+004 1.031e+004 1.027e+004 1.024e+004 1.021e+004 1.019e+004 1.017e+004 1.021e+004
1.043e+004 1.043e+004 1.046e+004 1.048e+004 1.05e+004 1.055e+004 1.064e+004 1.063e+004 1.054e+004 1.052e+004 1.057e+004 1.056e+004 1.054e+004 1.051e+004 1.047e+004 1.047e+004 1.046e+004 1.044e+004 1.04e+004 1.038e+004 1.036e+004 1.033e+004 1.028e+004 1.023e+004 1.021e+004 1.024e+004 1.028e+004 1.029e+004 1.029e+004 1.029e+004 1.029e+004 1.029e+004 1.027e+004 1.025e+004 1.024e+004 1.023e+004 1.024e+004 1.024e+004 1.024e+004 1.024e+004 1.026e+004 1.025e+004 1.025e+004 1.026e+004 1.028e+004 1.031e+004 1.031e+004 1.03e+004 1.028e+004 1.026e+004 1.024e+004 1.023e+004 1.024e+004 1.022e+004 1.022e+004 1.021e+004 1.019e+004 1.017e+004 1.017e+004 1.017e+004
1.036e+004 1.045e+004 1.045e+004 1.047e+004 1.043e+004 1.05e+004 1.055e+004 1.059e+004 1.057e+004 1.056e+004 1.056e+004 1.05e+004 1.046e+004 1.046e+004 1.044e+004 1.043e+004 1.041e+004 1.039e+004 1.037e+004 1.036e+004 1.036e+004 1.034e+004 1.03e+004 1.028e+004 1.025e+004 1.027e+004 1.029e+004 1.03e+004 1.03e+004 1.03e+004 1.031e+004 1.031e+004 1.028e+004 1.026e+004 1.025e+004 1.025e+004 1.025e+004 1.024e+004 1.024e+004 1.023e+004 1.022e+004 1.022e+004 1.023e+004 1.024e+004 1.028e+004 1.033e+004 1.036e+004 1.032e+004 1.028e+004 1.025e+004 1.022e+004 1.019e+004 1.018e+004 1.019e+004 1.02e+004 1.019e+004 1.017e+004 1.015e+004 1.015e+004 1.017e+004
1.03e+004 1.032e+004 1.036e+004 1.038e+004 1.037e+004 1.044e+004 1.048e+004 1.05e+004 1.052e+004 1.051e+004 1.05e+004 1.047e+004 1.047e+004 1.044e+004 1.041e+004 1.039e+004 1.039e+004 1.038e+004 1.037e+004 1.036e+004 1.036e+004 1.035e+004 1.034e+004 1.028e+004 1.029e+004 1.031e+004 1.031e+004 1.03e+004 1.03e+004 1.03e+004 1.03e+004 1.029e+004 1.027e+004 1.026e+004 1.025e+004 1.027e+004 1.026e+004 1.025e+004 1.025e+004 1.022e+004 1.019e+004 1.021e+004 1.022e+004 1.024e+004 1.026e+004 1.031e+004 1.033e+004 1.031e+004 1.027e+004 1.024e+004 1.021e+004 1.018e+004 1.019e+004 1.024e+004 1.021e+004 1.017e+004 1.015e+004 1.013e+004 1.013e+004 1.016e+004
1.026e+004 1.026e+004 1.028e+004 1.033e+004 1.038e+004 1.041e+004 1.044e+004 1.049e+004 1.048e+004 1.045e+004 1.045e+004 1.049e+004 1.048e+004 1.043e+004 1.039e+004 1.037e+004 1.036e+004 1.038e+004 1.039e+004 1.038e+004 1.037e+004 1.037e+004 1.036e+004 1.033e+004 1.031e+004 1.031e+004 1.031e+004 1.03e+004 1.03e+004 1.029e+004 1.029e+004 1.027e+004 1.026e+004 1.024e+004 1.025e+004 1.027e+004 1.029e+004 1.027e+004 1.025e+004 1.023e+004 1.022e+004 1.022e+004 1.023e+004 1.025e+004 1.027e+004 1.029e+004 1.03e+004 1.029e+004 1.027e+004 1.024e+004 1.021e+004 1.019e+004 1.02e+004 1.019e+004 1.017e+004 1.016e+004 1.014e+004 1.013e+004 1.013e+004 1.014e+004
1.025e+004 1.024e+004 1.026e+004 1.031e+004 1.038e+004 1.041e+004 1.045e+004 1.046e+004 1.043e+004 1.038e+004 1.034e+004 1.043e+004 1.043e+004 1.038e+004 1.033e+004 1.03e+004 1.031e+004 1.033e+004 1.035e+004 1.037e+004 1.038e+004 1.039e+004 1.039e+004 1.036e+004 1.032e+004 1.03e+004 1.031e+004 1.03e+004 1.03e+004 1.028e+004 1.026e+004 1.026e+004 1.024e+004 1.024e+004 1.024e+004 1.027e+004 1.032e+004 1.031e+004 1.029e+004 1.026e+004 1.025e+004 1.024e+004 1.025e+004 1.027e+004 1.029e+004 1.026e+004 1.028e+004 1.026e+004 1.025e+004 1.024e+004 1.022e+004 1.021e+004 1.019e+004 1.017e+004 1.015e+004 1.015e+004 1.014e+004 1.013e+004 1.013e+004 1.013e+004
1.027e+004 1.027e+004 1.028e+004 1.031e+004 1.039e+004 1.043e+004 1.042e+004 1.04e+004 1.036e+004 1.032e+004 1.027e+004 1.027e+004 1.032e+004 1.03e+004 1.026e+004 1.024e+004 1.027e+004 1.029e+004 1.031e+004 1.035e+004 1.038e+004 1.039e+004 1.04e+004 1.038e+004 1.034e+004 1.031e+004 1.032e+004 1.032e+004 1.03e+004 1.028e+004 1.026e+004 1.024e+004 1.023e+004 1.022e+004 1.023e+004 1.027e+004 1.033e+004 1.033e+004 1.029e+004 1.027e+004 1.027e+004 1.026e+004 1.026e+004 1.025e+004 1.022e+004 1.019e+004 1.022e+004 1.023e+004 1.024e+004 1.024e+004 1.024e+004 1.023e+004 1.022e+004 1.018e+004 1.016e+004 1.015e+004 1.014e+004 1.013e+004 1.012e+004 1.012e+004
1.025e+004 1.027e+004 1.031e+004 1.032e+004 1.034e+004 1.035e+004 1.034e+004 1.033e+004 1.03e+004 1.027e+004 1.025e+004 1.026e+004 1.026e+004 1.025e+004 1.022e+004 1.022e+004 1.026e+004 1.032e+004 1.034e+004 1.035e+004 1.037e+004 1.039e+004 1.04e+004 1.039e+004 1.036e+004 1.036e+004 1.036e+004 1.034e+004 1.032e+004 1.03e+004 1.028e+004 1.025e+004 1.023e+004 1.021e+004 1.022e+004 1.026e+004 1.031e+004 1.031e+004 1.029e+004 1.029e+004 1.029e+004 1.028e+004 1.027e+004 1.024e+004 1.02e+004 1.019e+004 1.019e+004 1.021e+004 1.023e+004 1.024e+004 1.026e+004 1.026e+004 1.024e+004 1.024e+004 1.021e+004 1.017e+004 1.014e+004 1.012e+004 1.012e+004 1.012e+004
1.026e+004 1.027e+004 1.029e+004 1.027e+004 1.027e+004 1.028e+004 1.028e+004 1.025e+004 1.025e+004 1.024e+004 1.023e+004 1.024e+004 1.023e+004 1.021e+004 1.021e+004 1.022e+004 1.026e+004 1.031e+004 1.034e+004 1.034e+004 1.035e+004 1.037e+004 1.04e+004 1.039e+004 1.038e+004 1.043e+004 1.039e+004 1.036e+004 1.033e+004 1.031e+004 1.029e+004 1.027e+004 1.024e+004 1.021e+004 1.022e+004 1.027e+004 1.033e+004 1.031e+004 1.031e+004 1.032e+004 1.032e+004 1.031e+004 1.029e+004 1.026e+004 1.023e+004 1.019e+004 1.02e+004 1.022e+004 1.024e+004 1.026e+004 1.028e+004 1.03e+004 1.033e+004 1.028e+004 1.021e+004 1.016e+004 1.013e+004 1.012e+004 1.011e+004 1.012e+004
1.028e+004 1.029e+004 1.027e+004 1.023e+004 1.025e+004 1.027e+004 1.027e+004 1.026e+004 1.021e+004 1.021e+004 1.021e+004 1.021e+004 1.019e+004 1.019e+004 1.02e+004 1.022e+004 1.026e+004 1.032e+004 1.033e+004 1.032e+004 1.032e+004 1.031e+004 1.033e+004 1.035e+004 1.036e+004 1.037e+004 1.037e+004 1.035e+004 1.034e+004 1.034e+004 1.032e+004 1.029e+004 1.026e+004 1.022e+004 1.021e+004 1.026e+004 1.032e+004 1.032e+004 1.034e+004 1.039e+004 1.037e+004 1.034e+004 1.032e+004 1.03e+004 1.029e+004 1.024e+004 1.023e+004 1.023e+004 1.025e+004 1.026e+004 1.028e+004 1.03e+004 1.03e+004 1.026e+004 1.018e+004 1.016e+004 1.013e+004 1.012e+004 1.012e+004 1.013e+004
1.025e+004 1.027e+004 1.028e+004 1.023e+004 1.025e+004 1.026e+004 1.024e+004 1.02e+004 1.019e+004 1.018e+004 1.018e+004 1.017e+004 1.017e+004 1.02e+004 1.021e+004 1.022e+004 1.026e+004 1.031e+004 1.031e+004 1.031e+004 1.029e+004 1.027e+004 1.028e+004 1.03e+004 1.029e+004 1.031e+004 1.033e+004 1.034e+004 1.033e+004 1.033e+004 1.032e+004 1.032e+004 1.029e+004 1.022e+004 1.019e+004 1.025e+004 1.033e+004 1.033e+004 1.036e+004 1.041e+004 1.039e+004 1.036e+004 1.034e+004 1.032e+004 1.03e+004 1.029e+004 1.024e+004 1.024e+004 1.026e+004 1.027e+004 1.028e+004 1.029e+004 1.026e+004 1.021e+004 1.022e+004 1.018e+004 1.014e+004 1.012e+004 1.015e+004 1.017e+004
1.021e+004 1.026e+004 1.027e+004 1.027e+004 1.027e+004 1.026e+004 1.023e+004 1.019e+004 1.018e+004 1.017e+004 1.017e+004 1.015e+004 1.016e+004 1.019e+004 1.021e+004 1.023e+004 1.026e+004 1.028e+004 1.03e+004 1.029e+004 1.028e+004 1.027e+004 1.027e+004 1.026e+004 1.025e+004 1.027e+004 1.03e+004 1.032e+004 1.032e+004 1.031e+004 1.03e+004 1.029e+004 1.026e+004 1.022e+004 1.02e+004 1.025e+004 1.033e+004 1.036e+004 1.037e+004 1.04e+004 1.037e+004 1.035e+004 1.033e+004 1.032e+004 1.032e+004 1.032e+004 1.029e+004 1.029e+004 1.028e+004 1.029e+004 1.029e+004 1.028e+004 1.027e+004 1.024e+004 1.025e+004 1.02e+004 1.018e+004 1.018e+004 1.02e+004 1.022e+004
1.025e+004 1.026e+004 1.029e+004 1.031e+004 1.029e+004 1.028e+004 1.023e+004 1.018e+004 1.017e+004 1.016e+004 1.015e+004 1.015e+004 1.015e+004 1.017e+004 1.019e+004 1.022e+004 1.026e+004 1.028e+004 1.029e+004 1.029e+004 1.028e+004 1.026e+004 1.025e+004 1.026e+004 1.026e+004 1.029e+004 1.031e+004 1.033e+004 1.032e+004 1.03e+004 1.028e+004 1.026e+004 1.023e+004 1.021e+004 1.02e+004 1.025e+004 1.034e+004 1.031e+004 1.03e+004 1.031e+004 1.033e+004 1.032e+004 1.031e+004 1.031e+004 1.032e+004 1.031e+004 1.031e+004 1.031e+004 1.03e+004 1.03e+004 1.03e+004 1.03e+004 1.03e+004 1.029e+004 1.026e+004 1.022e+004 1.022e+004 1.022e+004 1.023e+004 1.026e+004
1.027e+004 1.029e+004 1.032e+004 1.033e+004 1.03e+004 1.026e+004 1.023e+004 1.02e+004 1.019e+004 1.017e+004 1.016e+004 1.015e+004 1.014e+004 1.015e+004 1.018e+004 1.021e+004 1.025e+004 1.028e+004 1.029e+004 1.029e+004 1.029e+004 1.029e+004 1.025e+004 1.027e+004 1.029e+004 1.033e+004 1.037e+004 1.034e+004 1.032e+004 1.03e+004 1.028e+004 1.024e+004 1.019e+004 1.019e+004 1.017e+004 1.024e+004 1.029e+004 1.031e+004 1.028e+004 1.028e+004 1.029e+004 1.029e+004 1.028e+004 1.027e+004 1.027e+004 1.029e+004 1.032e+004 1.032e+004 1.031e+004 1.031e+004 1.031e+004 1.031e+004 1.031e+004 1.029e+004 1.028e+004 1.029e+004 1.032e+004 1.027e+004 1.021e+004 1.022e+004
1.03e+004 1.033e+004 1.032e+004 1.03e+004 1.028e+004 1.025e+004 1.022e+004 1.021e+004 1.019e+004 1.018e+004 1.017e+004 1.016e+004 1.015e+004 1.016e+004 1.018e+004 1.02e+004 1.023e+004 1.026e+004 1.028e+004 1.028e+004 1.028e+004 1.025e+004 1.024e+004 1.026e+004 1.03e+004 1.031e+004 1.03e+004 1.032e+004 1.033e+004 1.033e+004 1.029e+004 1.025e+004 1.021e+004 1.02e+004 1.02e+004 1.025e+004 1.027e+004 1.027e+004 1.028e+004 1.027e+004 1.027e+004 1.026e+004 1.026e+004 1.024e+004 1.024e+004 1.026e+004 1.028e+004 1.029e+004 1.029e+004 1.03e+004 1.03e+004 1.031e+004 1.032e+004 1.03e+004 1.03e+004 1.037e+004 1.042e+004 1.027e+004 1.01e+004 9991
1.029e+004 1.028e+004 1.028e+004 1.027e+004 1.026e+004 1.023e+004 1.021e+004 1.019e+004 1.017e+004 1.019e+004 1.018e+004 1.016e+004 1.015e+004 1.018e+004 1.022e+004 1.022e+004 1.023e+004 1.026e+004 1.028e+004 1.028e+004 1.028e+004 1.027e+004 1.025e+004 1.026e+004 1.026e+004 1.027e+004 1.027e+004 1.03e+004 1.033e+004 1.034e+004 1.031e+004 1.027e+004 1.024e+004 1.022e+004 1.023e+004 1.028e+004 1.031e+004 1.031e+004 1.029e+004 1.028e+004 1.026e+004 1.025e+004 1.023e+004 1.023e+004 1.023e+004 1.026e+004 1.026e+004 1.024e+004 1.027e+004 1.029e+004 1.03e+004 1.03e+004 1.032e+004 1.032e+004 1.031e+004 1.043e+004 1.03e+004 1.011e+004 9918 9741
1.031e+004 1.027e+004 1.026e+004 1.026e+004 1.024e+004 1.022e+004 1.02e+004 1.017e+004 1.016e+004 1.019e+004 1.019e+004 1.017e+004 1.015e+004 1.02e+004 1.025e+004 1.025e+004 1.026e+004 1.027e+004 1.027e+004 1.028e+004 1.028e+004 1.026e+004 1.026e+004 1.028e+004 1.028e+004 1.028e+004 1.028e+004 1.03e+004 1.032e+004 1.032e+004 1.031e+004 1.029e+004 1.028e+004 1.026e+004 1.026e+004 1.027e+004 1.027e+004 1.027e+004 1.03e+004 1.028e+004 1.026e+004 1.024e+004 1.022e+004 1.021e+004 1.022e+004 1.026e+004 1.028e+004 1.028e+004 1.029e+004 1.03e+004 1.03e+004 1.03e+004 1.03e+004 1.032e+004 1.033e+004 1.043e+004 1.007e+004 9911 9770 9629
1.031e+004 1.028e+004 1.026e+004 1.025e+004 1.024e+004 1.023e+004 1.021e+004 1.018e+004 1.015e+004 1.017e+004 1.018e+004 1.018e+004 1.017e+004 1.02e+004 1.024e+004 1.027e+004 1.029e+004 1.027e+004 1.027e+004 1.028e+004 1.028e+004 1.027e+004 1.027e+004 1.029e+004 1.029e+004 1.028e+004 1.029e+004 1.03e+004 1.031e+004 1.032e+004 1.031e+004 1.03e+004 1.027e+004 1.027e+004 1.029e+004 1.027e+004 1.026e+004 1.026e+004 1.029e+004 1.028e+004 1.026e+004 1.024e+004 1.022e+004 1.021e+004 1.022e+004 1.028e+004 1.032e+004 1.033e+004 1.032e+004 1.031e+004 1.03e+004 1.029e+004 1.028e+004 1.028e+004 1.043e+004 1.029e+004 9936 9806 9695 9613
1.028e+004 1.025e+004 1.027e+004 1.025e+004 1.024e+004 1.023e+004 1.024e+004 1.019e+004 1.015e+004 1.017e+004 1.018e+004 1.018e+004 1.019e+004 1.021e+004 1.024e+004 1.026e+004 1.027e+004 1.026e+004 1.027e+004 1.028e+004 1.029e+004 1.03e+004 1.028e+004 1.026e+004 1.027e+004 1.028e+004 1.029e+004 1.031e+004 1.032e+004 1.032e+004 1.033e+004 1.032e+004 1.03e+004 1.029e+004 1.027e+004 1.024e+004 1.025e+004 1.028e+004 1.026e+004 1.026e+004 1.026e+004 1.024e+004 1.023e+004 1.022e+004 1.025e+004 1.032e+004 1.035e+004 1.034e+004 1.032e+004 1.031e+004 1.03e+004 1.028e+004 1.028e+004 1.029e+004 1.039e+004 1.03e+004 9985 9841 9706 9610
1.026e+004 1.025e+004 1.023e+004 1.023e+004 1.022e+004 1.022e+004 1.021e+004 1.019e+004 1.021e+004 1.02e+004 1.02e+004 1.02e+004 1.02e+004 1.021e+004 1.021e+004 1.025e+004 1.027e+004 1.027e+004 1.027e+004 1.029e+004 1.03e+004 1.032e+004 1.028e+004 1.025e+004 1.025e+004 1.027e+004 1.029e+004 1.032e+004 1.036e+004 1.037e+004 1.036e+004 1.036e+004 1.035e+004 1.033e+004 1.03e+004 1.023e+004 1.022e+004 1.026e+004 1.026e+004 1.026e+004 1.026e+004 1.025e+004 1.025e+004 1.026e+004 1.028e+004 1.032e+004 1.034e+004 1.032e+004 1.031e+004 1.03e+004 1.029e+004 1.028e+004 1.028e+004 1.03e+004 1.035e+004 1.04e+004 1.018e+004 9991 9806 9634
1.025e+004 1.024e+004 1.021e+004 1.022e+004 1.021e+004 1.019e+004 1.017e+004 1.018e+004 1.02e+004 1.019e+004 1.021e+004 1.022e+004 1.022e+004 1.022e+004 1.025e+004 1.026e+004 1.026e+004 1.026e+004 1.026e+004 1.028e+004 1.031e+004 1.027e+004 1.026e+004 1.025e+004 1.026e+004 1.027e+004 1.029e+004 1.031e+004 1.037e+004 1.039e+004 1.039e+004 1.04e+004 1.042e+004 1.042e+004 1.038e+004 1.032e+004 1.023e+004 1.024e+004 1.026e+004 1.024e+004 1.025e+004 1.025e+004 1.026e+004 1.03e+004 1.031e+004 1.032e+004 1.032e+004 1.033e+004 1.032e+004 1.03e+004 1.028e+004 1.027e+004 1.027e+004 1.029e+004 1.03e+004 1.042e+004 1.038e+004 1.018e+004 1.001e+004 9872
1.025e+004 1.026e+004 1.025e+004 1.023e+004 1.022e+004 1.02e+004 1.017e+004 1.017e+004 1.022e+004 1.024e+004 1.027e+004 1.026e+004 1.024e+004 1.022e+004 1.02e+004 1.022e+004 1.023e+004 1.023e+004 1.024e+004 1.025e+004 1.023e+004 1.024e+004 1.025e+004 1.027e+004 1.027e+004 1.029e+004 1.031e+004 1.034e+004 1.037e+004 1.039e+004 1.041e+004 1.043e+004 1.046e+004 1.048e+004 1.042e+004 1.039e+004 1.032e+004 1.024e+004 1.023e+004 1.022e+004 1.023e+004 1.024e+004 1.026e+004 1.027e+004 1.029e+004 1.03e+004 1.031e+004 1.032e+004 1.032e+004 1.029e+004 1.028e+004 1.026e+004 1.026e+004 1.027e+004 1.032e+004 1.033e+004 1.037e+004 1.03e+004 1.026e+004 1.027e+004
