real_craters/C153-500m.grd
DSAA
205 205
-50.96 50.96
-50.96 50.96
9062.8121686123 10797.708131476
[rows 60 to 89 of 205, columns 0 to 66 of 205]
10367.3 10375.9 10376.7 10372.6 10378.4 10380.5 10381.3 10382.8 10384.3 10385.5 10384.9 10380.5 10370.9 10353.6 10335 10314.8 10308.5 10313.7 10321.3 10318.5 10312.9 10309.6 10305.1 10304.3 10303.3 10302.7 10302.6 10303.9 10302.2 10302.6 10311.9 10319.8 10317.5 10308.7 10296.5 10286.9 10286.9 10278.9 10264.8 10256 10248.8 10248.6 10246.8 10243.5 10235.9 10233.1 10233.8 10233.6 10229.1 10226.7 10222.7 10206.4 10194.5 10188.9 10186.6 10187.3 10186.4 10185.4 10183.6 10179.9 10178.7 10176.4 10174.6 10173.5 10174.3 10180.8 10195.1
10357.4 10371.7 10375.8 10375 10374.8 10375.3 10377.4 10379.8 10383.4 10385.4 10388.9 10390.2 10380.1 10360.6 10337.8 10314.6 10306.8 10312.7 10318.8 10315.8 10310 10306.3 10304.6 10307.7 10308.4 10306.2 10308.9 10317.3 10340.6 10353.3 10355.6 10352 10348.4 10345.7 10342.4 10332.2 10311.6 10306.4 10289.4 10264.5 10271 10259.1 10264.2 10257.7 10249.4 10243.9 10238.7 10235.6 10230.5 10220.1 10201.9 10200.8 10195.9 10192.5 10190.9 10189.9 10188 10185.2 10186.2 10183.9 10180.7 10178.2 10176.6 10177.3 10180.5 10188.5 10195.1
10361.5 10371.8 10372.9 10372.4 10368.3 10367.4 10369.4 10374.4 10380.2 10387.1 10393.2 10399.6 10392.4 10367.2 10344.1 10321.8 10309 10313.3 10313 10309.6 10305 10304.3 10304.4 10305.7 10308.7 10311.4 10316.1 10320.6 10325.1 10361.8 10384.4 10375.2 10371.7 10376.9 10387.7 10390.8 10381.6 10346.7 10328.5 10325.5 10326.4 10335 10297.7 10272.2 10257.5 10251 10243.2 10243 10239.9 10229.6 10218.8 10208.7 10203.5 10201 10197.3 10195.6 10192.8 10190.8 10187.5 10184.7 10184.6 10181 10178.9 10179.1 10183.1 10189.1 10200.9
10360.1 10372.4 10372 10361.3 10355.7 10356.4 10361.3 10367.8 10375 10382.3 10388.4 10392 10384.1 10364.9 10347 10342 10330.2 10310.6 10301.4 10297.3 10294.9 10294.6 10295.5 10297.7 10306.8 10309.8 10316.2 10321.3 10327 10335.2 10378.4 10375.2 10374.9 10378.9 10383.1 10378.4 10380 10353.1 10337.4 10335.9 10337 10342.3 10305.4 10274.6 10251.2 10234.9 10243.3 10254 10260 10253.3 10228.3 10218.9 10214.6 10206.4 10207.8 10204.2 10199.9 10195.4 10192.3 10190.6 10186.7 10183.4 10179.6 10177.8 10175 10179.5 10190.5
10370.2 10367 10354.3 10340.4 10336.1 10341.5 10348 10356.1 10366.8 10375.2 10379.9 10376.5 10368.1 10353 10335.4 10324.1 10318.8 10296.4 10282.7 10284.1 10285.9 10286.5 10288.5 10291 10293.6 10302.9 10315.5 10326.7 10326.2 10324.8 10344.3 10360 10365.3 10367 10364.6 10352.7 10331.7 10322 10319.1 10316.1 10305.5 10293.2 10287.4 10268 10245.5 10229.7 10248.8 10269.5 10286.6 10286.4 10258.1 10248.3 10242.5 10239.9 10226.5 10216.3 10208.8 10203 10197.8 10193.9 10189.9 10186.7 10184.3 10179.7 10177.6 10182.9 10193.6
10355.2 10343.2 10328 10317.2 10316.7 10324.8 10334.4 10344.9 10355.3 10366 10373.5 10370.9 10359.2 10340 10315.9 10294.4 10283.5 10277.4 10271.2 10271.5 10273.5 10273.8 10276.1 10280.5 10285.4 10293.7 10308.6 10332.3 10343.7 10335 10340.3 10345.7 10351.6 10353.2 10347.7 10338.6 10306.1 10284.8 10296 10301.9 10297.5 10286.9 10276.7 10263.4 10251.3 10250.2 10263.3 10286.3 10308.6 10317.2 10304.6 10284.1 10266.9 10248.6 10238.1 10224.6 10214.6 10208.4 10202.5 10198.1 10194.3 10191.1 10187.9 10185.1 10182.4 10181.4 10189.7
10317.7 10316.8 10315.1 10307.1 10305 10310.7 10320.4 10331.6 10344.2 10357 10369.8 10381 10356.3 10328.9 10299.4 10276.8 10285.6 10271 10263.5 10264.6 10263.7 10263.1 10262.8 10264.3 10269.4 10275.4 10289.5 10314.6 10331.9 10324.7 10324.4 10331.4 10337.5 10343.3 10348.1 10335.9 10295.4 10270.8 10282.9 10290.2 10295.6 10285.9 10270.7 10260.2 10254.4 10256.5 10271.3 10297.9 10329.3 10357.8 10332.3 10303.1 10277.5 10265.9 10243.6 10228 10218.8 10212.2 10206.2 10201.2 10198.9 10195.5 10191.9 10189.9 10189.4 10186.4 10181
10302.4 10305.8 10305 10299.4 10295.8 10296.3 10306.9 10319.1 10332.2 10344.7 10355.6 10360 10343.1 10318.8 10292 10270.2 10279.7 10285.1 10274.1 10262.7 10257 10255 10254.4 10254 10252.6 10252.2 10249.7 10255.8 10285.1 10307.1 10311.2 10314.4 10319.3 10326.3 10332.7 10329.2 10289 10273.3 10281.1 10279.7 10269.2 10267 10261.2 10255.6 10252.3 10251.1 10269.6 10298.4 10329 10349.9 10328.3 10294.8 10271.5 10247.6 10233.9 10228.2 10222.5 10216.8 10212 10207 10200.3 10196.5 10194.7 10195.4 10197.4 10199.2 10192.9
10298 10309.1 10310 10282.8 10261.5 10281.3 10294.2 10306.4 10317.7 10327.8 10334.6 10332.5 10323.1 10307 10290.2 10279.3 10264.7 10275.8 10266.8 10253.8 10247.8 10244.3 10243.3 10240.6 10238.1 10233.8 10220.3 10181.9 10234.5 10263.3 10277 10289.8 10295.7 10301.2 10305 10307.5 10296.4 10277.1 10285.3 10272.8 10258.3 10254.2 10252.5 10250.4 10250.2 10254.9 10268.3 10288.5 10308.8 10318.7 10307.2 10285.3 10264.9 10237.9 10228 10228.8 10224.4 10219.2 10214.9 10209.4 10206 10202.2 10199.8 10198.1 10199.4 10202.8 10202.1
10294.8 10303.8 10296.3 10281.6 10277.5 10277.7 10285.4 10294.2 10302.6 10309.6 10314.9 10314.5 10304.1 10291.9 10277.9 10261 10238.4 10227.5 10235.8 10235.6 10233.8 10234.6 10232.6 10229.8 10225.6 10220.8 10222.8 10240.3 10230 10228 10247.5 10265.1 10271.5 10274.9 10275.7 10281.6 10317.1 10296.2 10284.7 10268.3 10259.2 10251 10248.4 10246.8 10247.7 10252.5 10262.2 10273.3 10283.2 10286 10284 10278.7 10264.4 10253.6 10245.8 10236.3 10230 10224.3 10219 10213.7 10209.5 10206.9 10203.9 10200.1 10197.3 10192.6 10196.4
10293.2 10300.9 10284.7 10279.6 10274.3 10274.6 10279 10283.3 10287.9 10290.9 10291.9 10291 10284.8 10274.9 10263.4 10246.8 10227.8 10211.4 10213.7 10218.9 10221 10221.1 10221.9 10219.4 10214.8 10211.4 10210.3 10210.3 10194.4 10201.1 10222.1 10241 10247.7 10251.7 10254.3 10268.9 10318.6 10306.4 10275.5 10263.2 10254.5 10249.6 10246.5 10244.5 10243.1 10244.7 10247.9 10255.3 10261 10261.1 10262.2 10264.4 10259.8 10254.8 10249.7 10243 10236.5 10231.4 10225.7 10220.2 10217.8 10211.9 10207.1 10202.1 10196.6 10195.7 10195.5
10288.2 10291.5 10285.9 10277.6 10272.5 10271.8 10272.7 10274 10275 10274.8 10271.2 10268.1 10267.1 10260.5 10249.4 10234.7 10217.1 10200.8 10204 10207.3 10209.9 10213.2 10214 10212.8 10209 10203.4 10193.8 10182.4 10178.1 10180.7 10195.8 10217 10230.7 10238.6 10242.5 10253.6 10297.2 10301.1 10275.3 10264.9 10252.8 10251.3 10246 10240.2 10235 10232.4 10231.7 10238.7 10243.7 10247.2 10249.6 10248.8 10253 10254.4 10253.5 10248.1 10241.8 10236.3 10230.5 10225.5 10221.1 10216.5 10210.7 10206.2 10200.8 10200.3 10203.8
10286.2 10299.7 10281.2 10276.2 10272.4 10269.5 10266.7 10265 10262.9 10260.6 10258.9 10257.2 10254 10249.6 10240.8 10227.7 10211.1 10198.2 10198.3 10200.1 10202.8 10208 10210.9 10209.4 10207.4 10201.1 10190.2 10182.3 10177 10188 10198.1 10206.8 10227.3 10239.6 10243.9 10247 10289.5 10303.4 10293.4 10281.8 10269.2 10257.3 10247.2 10237.3 10229.1 10224.2 10227.1 10223.5 10229 10237.5 10247.4 10245.7 10247.3 10250.9 10255 10247.8 10243.7 10239.2 10235.5 10230.8 10225.6 10221.6 10217.3 10213.7 10211.7 10215.9 10207.6
10284.8 10294.3 10281 10274.9 10271.3 10266.1 10260.7 10256.3 10253.1 10248.4 10237.6 10239.8 10241.9 10241.3 10236.4 10222.6 10213.1 10209.2 10195.4 10194.3 10201 10204.1 10207.6 10210.7 10215.1 10210.4 10197.5 10193.3 10204.8 10209.6 10220.6 10222.5 10239.1 10255.4 10261.1 10246.1 10274.8 10306.5 10317.8 10299.3 10280 10265.2 10250.2 10235.7 10222.5 10209.9 10200.2 10204.1 10213.6 10222.8 10223.1 10233.2 10238.1 10241.8 10242.7 10244 10243.3 10240.7 10236.7 10233.2 10229.4 10227.2 10223.9 10220.5 10217.3 10213.2 10216.5
10278.2 10287.9 10281.7 10274.2 10269.1 10261.5 10253.4 10248 10245.1 10242.9 10241.8 10234.1 10230.9 10230.5 10229.5 10208.6 10189.5 10189.3 10185.4 10186.4 10195.4 10202.1 10210.1 10216.6 10222.3 10227.2 10231.6 10230.2 10224.5 10212.4 10213 10235.9 10258.1 10278.7 10298.4 10296.1 10304.9 10334.3 10337.7 10320.4 10296 10271.1 10251 10232.1 10215.6 10201 10191.9 10193.5 10200.4 10212.1 10224.2 10225.3 10230.1 10235.8 10242.9 10245.4 10243.3 10240.2 10238.1 10235.3 10233.4 10231.3 10229.2 10224.9 10221.5 10215.7 10220.2
10268.5 10280.5 10281.5 10273.6 10263.4 10252.2 10241.3 10237.3 10236.5 10237 10234.5 10224.4 10215.4 10210.6 10208.7 10186.1 10166.3 10155.7 10164.3 10177.4 10189.7 10201.8 10210.8 10219.4 10228.5 10240.7 10257.3 10243.5 10221.2 10203.2 10196.9 10241.4 10273.6 10295.8 10314.9 10308.4 10307.6 10310.5 10311.1 10313.9 10294.9 10270.5 10248.3 10228.6 10209.8 10194.9 10186.1 10183.7 10188.7 10199.4 10204.5 10209.7 10215.3 10227.5 10243.1 10242.8 10239.8 10239.3 10238.1 10237.2 10236.1 10234.8 10233.8 10232.3 10231.1 10219.8 10214.2
10263.3 10283.4 10289.4 10273.3 10249.5 10227.8 10226.2 10226.2 10226 10228.2 10227.6 10211 10196.2 10180.9 10168.7 10161.5 10151 10140.3 10152.7 10175.8 10192.9 10204.7 10213.6 10222.5 10230.2 10239.2 10244.3 10232.6 10213.3 10199 10195 10243.6 10276.7 10300.6 10318.4 10318 10308 10293.4 10290.5 10289.1 10279.7 10263 10243.9 10225.2 10206.7 10188.2 10169.5 10165.8 10178.5 10189.1 10197.6 10202 10205.1 10217.5 10222.3 10227.9 10234.4 10238 10240.1 10239.8 10238.3 10237.9 10237 10236.7 10236.9 10229.8 10251.8
10249.6 10280.3 10294.2 10272.7 10241.3 10215.3 10214.9 10216.4 10214.2 10207.2 10202 10193.9 10179.4 10160.2 10147.6 10146.7 10144.1 10146.7 10163.2 10184.1 10197.3 10206.1 10213.5 10220.4 10226.1 10229.2 10220.9 10224.7 10208.1 10197.1 10200.9 10230 10262.9 10292.6 10318 10319.4 10308.3 10278.7 10283.3 10273.7 10269.3 10258.1 10243.2 10224.4 10206.7 10188 10171.2 10168.7 10176.8 10186.2 10197.1 10204 10212.2 10216.1 10219.1 10223.7 10230.5 10234.1 10236.7 10238.8 10240.1 10239.5 10240.8 10239.2 10233.5 10243.4 10262.7
10240.1 10243.3 10248.3 10263.9 10237 10215.4 10213.4 10214.6 10210.8 10197.5 10187.3 10185.3 10173.7 10154.2 10141.3 10143.1 10156.3 10176.8 10196.7 10201.1 10206 10210.5 10214.6 10218.9 10220.5 10220.6 10222.6 10191 10191.8 10191.5 10196.1 10210.5 10236.5 10274.5 10306.4 10311.9 10304.5 10294.5 10286.2 10278.2 10268.7 10259.7 10247.8 10230.6 10212.7 10195.3 10183.4 10178.9 10179.2 10186.3 10193.1 10201.3 10212.7 10213.3 10217.1 10223 10229.7 10233.3 10236.2 10237.3 10239.9 10242.5 10244.7 10246.5 10250.5 10256.6 10263.3
10206.4 10222.5 10235.3 10237 10233.5 10219.7 10222.6 10220.7 10216.9 10216.1 10204.4 10190.4 10179.5 10169.3 10149.3 10134.6 10144.6 10182.4 10209.9 10210.3 10209.3 10209.8 10211.2 10213.3 10212.4 10203.4 10189.6 10190.3 10185.4 10187.3 10191.6 10198.6 10216.2 10246.1 10277.3 10301.6 10317.1 10290 10277.2 10273.4 10274.7 10268.6 10255.2 10235.6 10218.1 10200.8 10186.4 10176.9 10180.5 10185.2 10188 10190 10190.8 10200.9 10216.9 10231.1 10229.8 10230.8 10233.9 10237.8 10240.4 10243.9 10249.1 10253.7 10258.9 10260.1 10260.4
10176.2 10203.8 10226 10228.6 10234.6 10248.7 10239.8 10226.5 10218.5 10212 10205.1 10194.4 10185.3 10173 10149.3 10125.4 10130.5 10172.5 10204.1 10207.5 10204.5 10203.2 10203.4 10205.6 10207.2 10205.9 10193.3 10179 10181 10186.1 10194.3 10202.1 10213.1 10228.2 10251.3 10284.1 10310.5 10298.2 10289.8 10291.8 10289.1 10275.3 10259 10239.9 10221.9 10206 10193.8 10187.1 10184.1 10186.2 10185.5 10184.7 10186.2 10196.6 10209.2 10216.1 10221 10226 10231.3 10236.3 10240.5 10245.9 10250.9 10257.2 10258.7 10254.6 10247
10170.5 10182.5 10191.7 10207.4 10221.6 10234.2 10232.1 10223.7 10215.1 10205 10201 10195.3 10186.9 10175.6 10147.3 10120.9 10126.3 10161 10199.7 10193.9 10191.5 10190.1 10190.4 10190.9 10196.4 10207.1 10201.5 10180.5 10179 10185.3 10195.3 10205.8 10209.5 10225.5 10246.3 10265 10274.4 10289 10312.4 10327.7 10310.7 10286.4 10264.2 10243.6 10226.3 10210.8 10199.5 10194 10187.4 10188.6 10189.3 10190.4 10196.1 10200.1 10202.4 10203.6 10212.4 10220.2 10227.5 10234 10240.8 10245.8 10249.5 10252.1 10252.6 10246.8 10238.2
10157.8 10164.6 10170.6 10187.4 10201.8 10209.7 10215.5 10217 10211.8 10203.5 10200.5 10196.3 10188.4 10171.8 10146.8 10120.7 10121.8 10143.1 10159.8 10169.5 10171.2 10171.1 10171 10171.7 10176.4 10177.4 10173.1 10169.7 10176 10185.9 10195.4 10199.2 10215.8 10235.3 10249 10257.7 10258.6 10283 10324.9 10360 10320.8 10291.8 10268.7 10248.5 10230.1 10212.9 10199.7 10190.4 10186.1 10190.6 10195.7 10204.8 10202.2 10202.5 10204.2 10206.9 10211 10219 10227.6 10235.2 10241.6 10246.5 10249 10245.2 10242.1 10241.6 10235.4
10150.3 10151.1 10156.7 10167.9 10186.9 10203.3 10212.6 10215.3 10209.5 10204.8 10199.8 10198.3 10195.7 10182.5 10154 10128.1 10124.7 10133.1 10142.7 10149.5 10150.9 10150.7 10148.8 10147.4 10148.7 10158.2 10158.2 10160.6 10174.3 10190.4 10203.7 10217.1 10235 10247.2 10256.7 10264.9 10278 10288 10298.4 10306.4 10296.4 10279.3 10262.4 10246.5 10230.9 10215.9 10200.7 10184.4 10183.8 10192.5 10197.4 10198.5 10205.8 10210.4 10207.7 10204.5 10208.4 10218.9 10229.2 10237.8 10244.8 10249.7 10251.2 10245 10241.4 10243.4 10247.4
10127.6 10135.1 10144.7 10151.9 10178.2 10207.1 10228.2 10217.4 10202 10192.3 10194.7 10196.7 10198.7 10189.9 10160.1 10135.5 10128 10128.6 10132.5 10134.7 10134.6 10132.3 10127.5 10121.7 10115.9 10110.4 10117.2 10146.9 10176.7 10199.4 10218.1 10233.9 10260.1 10264.7 10262.7 10269.7 10279.8 10278.4 10270.2 10252.9 10264.5 10258.7 10253.7 10242.4 10229.8 10217.1 10204.8 10196.9 10194.3 10197.9 10202 10204.9 10212.5 10215.9 10213.8 10205.9 10208.9 10221.7 10231.8 10240.3 10248.3 10255.3 10260 10260.5 10246.5 10247.3 10253.5
10110 10122 10131.9 10143 10171.3 10204.4 10224.2 10218.8 10199.6 10186.1 10189.9 10190.4 10187.8 10178.6 10160.6 10141.4 10131.7 10127 10122.7 10123.1 10122.8 10119 10112 10104.5 10096.3 10091.4 10129.6 10162.2 10189.5 10211.9 10234.3 10261.9 10265 10252.6 10258.3 10263.6 10268.8 10262.1 10242.1 10253.2 10252.1 10248.7 10243.1 10235.9 10228 10220.2 10212.5 10203.7 10200.8 10207.9 10210.5 10216.2 10220 10228.1 10224 10223.5 10228.1 10230.2 10235.9 10243.7 10252.1 10261.1 10268.8 10270.9 10260.3 10248.6 10248.9
10109.4 10120.2 10129.4 10138 10165.9 10197.8 10222.9 10218.5 10209.4 10196.8 10187.2 10182.4 10175.9 10166.5 10156.7 10148.8 10132.9 10126.2 10126 10125.1 10116.8 10110.1 10103.6 10098.6 10098.7 10120.5 10177.6 10194.6 10209.5 10225 10240.2 10252.4 10254.3 10252.2 10256 10255.7 10255.5 10260.3 10248.6 10253.3 10240.6 10234.9 10232.5 10230.1 10228.2 10225.6 10223.1 10224 10226.6 10223 10219.1 10211.3 10212.2 10224.2 10228.7 10233.6 10237.1 10234.8 10237.6 10243.6 10252.3 10262 10272.9 10275.1 10255.5 10242 10234.5
10122.2 10127.7 10138.4 10153.7 10161 10181.9 10205.8 10201.4 10197.5 10187.8 10177.5 10171 10169 10156 10142.1 10132.7 10125.9 10122 10121.6 10118.1 10112 10105.7 10101 10100 10106.4 10139.6 10197.1 10215.6 10223.6 10232.2 10242.3 10252.3 10262.7 10264.1 10259.9 10257.3 10250.6 10235.8 10277.6 10253.1 10224.7 10225 10226.7 10228.4 10229 10230.5 10234.1 10238.3 10240.4 10238.3 10232.6 10226.1 10225.8 10228.1 10230.2 10231.2 10231.1 10232.3 10236.3 10242.4 10250.6 10259.1 10266.8 10267.3 10252.5 10234.1 10223.6
10133.9 10133.8 10140.4 10143.2 10141.4 10155.1 10161.5 10166.3 10162.9 10165.3 10161.3 10153.3 10144.3 10135.1 10123.6 10117.2 10116.6 10115.9 10115.9 10114.8 10108.9 10103.9 10101.4 10104.6 10118.5 10160.7 10217.1 10224.9 10229.3 10234 10239.5 10247.4 10256.1 10262 10258.5 10256.3 10252.2 10246 10233.2 10224.2 10219.2 10221.8 10225.5 10229.3 10232.8 10236.9 10241.9 10249.5 10258.3 10252.6 10247.8 10245.7 10244.3 10237.5 10234.2 10231.7 10230.8 10230.6 10234 10239.6 10246.6 10253.2 10260.5 10271.9 10253.7 10233.2 10228.2
10137.3 10133.3 10134.6 10138.1 10129.2 10134.5 10139.4 10150.1 10149.9 10153.5 10148.5 10137.8 10123 10119.5 10111.6 10109.7 10112.1 10112.8 10111.8 10111.8 10105.8 10103.1 10102.3 10106.7 10126.2 10166.7 10202.5 10217.6 10223 10225.9 10228.4 10226.1 10215.1 10237.5 10245.6 10247.7 10248.4 10246.7 10235.6 10221.7 10217 10222.2 10226.1 10229.7 10234 10239.1 10245.4 10252.6 10258.8 10258.8 10258.6 10259.1 10257.2 10250.1 10241.6 10234.8 10230.1 10225.4 10229.3 10235.4 10241.5 10247.8 10255.4 10255.9 10249 10236.7 10237.9
