real_craters/C153-500m.grd
DSAA
205 205
-50.96 50.96
-50.96 50.96
9062.8121686123 10797.708131476
[rows 90 to 119 of 205, columns 67 to 133 of 205]
10340.2 10431.4 10392.7 10352.5 10323.4 10309.1 10297.4 10293.1 10293.5 10289 10272.2 10234.1 10131 10013.7 9935.72 9864.76 9788.54 9711.63 9632.24 9554.62 9478.17 9397.38 9320 9246.08 9185.39 9171.64 9155.67 9118.78 9095.62 9087.91 9075.48 9076.82 9077.28 9071.44 9072.19 9074.88 9081.44 9089.84 9094.61 9101.29 9112.17 9122.06 9130.02 9134.86 9125.91 9153.1 9202.32 9262.98 9328.07 9392.94 9461.14 9531.91 9606.6 9687.62 9762.25 9791.91 9801.28 9863.24 9956.73 10046.8 10125.1 10184.3 10227 10234.9 10293.7 10358.2 10393.8
10362.3 10424.2 10405.4 10378.8 10340.7 10321.5 10300 10275.5 10251.4 10223 10177.3 10129.9 10097.4 10005.1 9943.25 9862.41 9780.08 9695.04 9616.24 9533.8 9456.55 9378.22 9305.69 9239.85 9196.76 9158.22 9116.59 9090.56 9082.36 9075.61 9089.52 9088 9099.28 9115.43 9105.91 9095.21 9100.29 9104.07 9105.51 9114.44 9102.88 9104.62 9110.24 9114.26 9104.03 9110.79 9174.05 9237.79 9297.15 9359.23 9425.28 9493.91 9566.04 9649.86 9761.85 9777.34 9794.13 9873.25 9972.87 10067.6 10154.3 10220.7 10242.8 10271.6 10292.6 10345.5 10390.3
10358 10382 10379.8 10344.4 10326.3 10312.8 10286.5 10250.2 10211.9 10172.5 10132.8 10111.3 10119.6 10083.9 9968.51 9864.87 9768.93 9684.04 9595.93 9517.42 9439.19 9363.45 9297.38 9249.4 9220.56 9157.25 9110.79 9087.91 9085.34 9073.92 9063.64 9108.65 9131.66 9147.56 9147.31 9146.65 9141.86 9129.71 9114.62 9103.63 9091.74 9094.36 9099.05 9106.52 9120.84 9149.04 9171.02 9220.37 9275.79 9333.55 9393.39 9454.26 9515.08 9570.68 9610.43 9709.6 9840.52 9911.27 9993.99 10088.4 10188.3 10285 10341.3 10303.3 10308.5 10331.7 10340.3
10351.2 10375.8 10370.1 10346 10321.9 10298.4 10265.5 10223.7 10173.1 10126.5 10093.7 10081.2 10106.9 10079.7 9957.31 9847.22 9753.49 9663.88 9585.9 9501.98 9424.23 9349.68 9287.99 9235.76 9184.02 9152.94 9118.62 9093.45 9115.63 9133.58 9149.52 9165.37 9182.21 9199.56 9217.65 9212.25 9190.27 9163.13 9133.11 9096.37 9090.81 9095.09 9094.9 9093.32 9087.6 9112.67 9149.91 9198.41 9252.68 9306.05 9363.94 9417.59 9467.53 9508.46 9540.52 9661.69 9844.4 9915.82 9998.18 10093.2 10195.3 10297.2 10357.5 10333.7 10327.8 10322.4 10313.5
10350.8 10371.9 10368.8 10344.9 10325 10310.2 10263.1 10205 10139.3 10073.1 10018.7 9995.84 9996.77 9963.93 9883.39 9803.55 9719.75 9641.47 9561.09 9482.58 9404.47 9330.88 9263.49 9215.74 9181.1 9173.72 9161.83 9139.86 9171.74 9189.1 9216.07 9244.28 9259.66 9285.15 9309.41 9284.08 9242.75 9211.93 9174.07 9135.81 9116.18 9109.01 9098.78 9084.2 9062.81 9084.45 9126.72 9176.26 9230.95 9283.01 9333.35 9383.36 9432.71 9485.72 9541.89 9637.72 9744.56 9868.41 9976.29 10081.8 10177.8 10250.1 10297.6 10315.5 10317.7 10325.8 10311.7
10363.3 10381.1 10378 10352.5 10328.8 10309.8 10262.5 10192.1 10111.8 10022.4 9931.52 9888.63 9859.58 9829.65 9789.24 9730.54 9664.62 9597.63 9527.06 9455.05 9385.54 9319.54 9252.37 9223.69 9226.02 9216.57 9224.83 9221.78 9227.4 9241.14 9282.08 9339.51 9389.35 9405.82 9387.07 9360.13 9322.9 9274.39 9232.39 9191.88 9163.11 9141.84 9117.3 9091.54 9065.1 9082.64 9119.08 9163.34 9212.35 9261.15 9309.41 9359.89 9411.6 9463.72 9533.23 9615.08 9704.76 9820.93 9948.84 10068.5 10168.5 10229 10241.9 10295.7 10339.2 10358.8 10336.2
10383.6 10392 10383.1 10347.9 10327.4 10317.8 10269.9 10192.1 10096.4 9988.94 9902.9 9813.57 9752.15 9726.81 9706.49 9667.53 9616.15 9557.11 9495.96 9434.24 9375.13 9323.22 9275.06 9248.29 9245.85 9229.14 9229.44 9266.04 9285.45 9305.12 9356.73 9431.3 9514.04 9531.49 9498.1 9437.32 9376.42 9338.26 9303.32 9270.58 9234.58 9186.18 9145.65 9098.63 9075.03 9088.69 9116.68 9158.36 9201.48 9248.19 9292.8 9345.3 9396.16 9446 9496.78 9533.12 9622.43 9780.78 9932.68 10071 10187.1 10271 10293.9 10326.4 10383.3 10395.8 10373.8
10400 10391.4 10375.7 10338.8 10318.5 10350.8 10297.4 10212.5 10108.6 9978.89 9830.33 9778.01 9716.4 9675.87 9649.44 9618.84 9577.56 9529.52 9477.06 9424.57 9370.77 9326.66 9289.18 9262.66 9240.62 9217.35 9205.42 9254.7 9308.98 9358.23 9416.72 9485.11 9558.69 9624.3 9590.71 9526.47 9463.57 9419.24 9381.62 9338.38 9289.01 9227.7 9181.03 9127.35 9094.77 9101.73 9125.28 9155.11 9195.44 9238.75 9281.36 9330.17 9379.38 9429.43 9486.04 9556.99 9615.69 9773 9939.39 10092.5 10224.1 10318.1 10349.9 10354.8 10348.2 10376 10362.3
10404.8 10383.1 10365.2 10346.8 10366.2 10390.9 10334.6 10248.7 10147.6 10038.1 9915.24 9789.97 9697.69 9648.03 9615.54 9585.35 9547.56 9505.59 9462.51 9412.67 9366.1 9325.89 9287.76 9272.67 9262.52 9235.44 9203.86 9253.14 9325.14 9396.87 9452.21 9515.85 9577.56 9667.22 9696.17 9640.35 9565.22 9515.07 9468.49 9391.3 9303.83 9265.77 9220.33 9165.98 9137.58 9120.26 9127.2 9152.3 9187.11 9228.19 9272.5 9321.41 9371.51 9417.69 9476.5 9519.2 9633.89 9790.76 9960.92 10126.8 10270.4 10376.1 10405.6 10384.4 10367.7 10380.2 10361.7
10400.6 10369.6 10343.5 10353.5 10380.2 10416.2 10377.4 10292.1 10186 10086 9966.81 9806.98 9690.41 9639 9603.38 9568.79 9531.61 9490.23 9445.79 9403.22 9360.87 9324.84 9295.47 9282.65 9278.11 9251.75 9217.49 9254.82 9319.22 9387.56 9456.32 9523.7 9572.02 9591.08 9668.61 9689.84 9665.52 9642.13 9572.38 9478.56 9378.99 9329.43 9262.45 9189.89 9151.42 9129.37 9131.22 9152.51 9185.03 9227.28 9272.92 9320.1 9371.52 9422.06 9480.1 9523.06 9650.98 9816.21 9994.18 10169.7 10320.3 10410.5 10430.5 10406.4 10376.1 10376.7 10369.2
10396.4 10358.5 10330.7 10359.5 10441.3 10482.4 10429.1 10330.9 10209 10059.5 9931.09 9814.71 9707.84 9650.92 9611.19 9572.69 9534.46 9491.95 9448.8 9405.11 9360.45 9327.98 9300.1 9292.67 9280.99 9261.65 9225.8 9259.66 9327.23 9392.91 9447.98 9477.05 9474.75 9453.66 9510.09 9592.28 9701.2 9750 9644.84 9569.69 9522.31 9415.85 9295.37 9188.76 9137.26 9121.6 9131.14 9155.36 9190.78 9229.12 9274.75 9323.1 9371 9426.24 9492.45 9545.25 9674.45 9846.58 10025.4 10206.8 10373.7 10481.1 10454 10424.1 10405.8 10427.5 10403.4
10389.5 10355.3 10327.3 10358.6 10467.6 10557.5 10468.4 10355.4 10237 10111.3 9973.06 9845.22 9742.1 9682.54 9634.8 9590.72 9545.04 9494.51 9448.2 9406.31 9364.81 9330.35 9305.79 9293.62 9273.68 9244.57 9227.52 9254.59 9295 9377.79 9448.57 9480.45 9434.92 9360.05 9363.8 9430.27 9571.31 9648.86 9611 9576.08 9555.98 9436.78 9294.87 9170.41 9114.77 9111.05 9125.37 9142.81 9175.35 9213.54 9256.21 9301.45 9359.92 9431.05 9508.48 9597.62 9717.3 9880.98 10053.5 10222.2 10370.3 10431.4 10412.8 10422.4 10444.6 10473.2 10431.6
10380.5 10364.2 10350.6 10358.3 10433.5 10554.5 10462.1 10346.2 10238.7 10170.8 10028.2 9901.21 9799.8 9727.29 9666.21 9611.14 9557.92 9511.56 9462.84 9419.12 9373.31 9328.22 9303.24 9296.93 9274.39 9245.9 9241.51 9262.51 9302.38 9387.61 9461.38 9479.61 9420.29 9315.59 9282.97 9303.82 9399.86 9473.7 9492.24 9488.31 9453.29 9371.52 9262.22 9150.75 9104.2 9102.5 9116.95 9135.77 9167.81 9204.59 9253.1 9302.15 9363.03 9429.81 9508.96 9616.76 9761.89 9907.23 10070.3 10219.8 10328.9 10344.6 10355.7 10405.6 10447.9 10458.4 10442.3
10376.4 10376.4 10377.4 10361.9 10375.5 10465.1 10407.8 10299.1 10179.2 10067 9998.44 9934.87 9851.09 9772.73 9705.1 9641.26 9585.74 9529.53 9475.35 9427.92 9383.35 9344.26 9319.43 9311.75 9293.37 9270.79 9264.88 9269.64 9292.84 9385.32 9465.92 9526.95 9439.01 9332.41 9248.09 9210.77 9265.68 9299.9 9367.56 9388.02 9363.3 9306.2 9224.11 9135.13 9099.74 9095.74 9109.11 9128.68 9166.03 9202.41 9255.04 9307.42 9360.04 9423.97 9497.36 9595.4 9743.17 9910.76 10079.8 10225.4 10315.2 10308.4 10338.7 10399.7 10454.7 10472.8 10454.2
10377.1 10386.9 10400.1 10390.9 10369.8 10406.3 10355.4 10243.1 10109.2 9995.31 9969.05 9938.94 9879.49 9809.8 9737.19 9664.41 9599.29 9539.12 9486.79 9439.98 9401.3 9367.05 9340.05 9331.04 9319.05 9311.82 9287.68 9272.99 9277.39 9332.92 9419.63 9471 9418.84 9329.74 9236.67 9183.91 9213.69 9263.49 9302.53 9313.54 9305.31 9263.99 9190.07 9125.56 9099.67 9097.75 9115.35 9138.57 9175.57 9210.11 9257.39 9305 9353.31 9412.4 9492.22 9599.26 9720.82 9919.85 10096.5 10250.6 10350.4 10325.7 10354.5 10408.5 10460.1 10484.4 10449.9
10377.2 10391.3 10406.1 10404.9 10392.9 10411.8 10329.7 10204.5 10064.8 9964.69 9978.71 9995.69 9920.03 9832.48 9751.09 9678.28 9609.35 9550.64 9500.47 9446.45 9412.51 9395.36 9350.89 9334.73 9326.24 9330.55 9294.91 9270.94 9272.08 9309.56 9368.97 9402.57 9349.23 9283.24 9232.07 9187.64 9208.36 9254.08 9259.33 9254.75 9238.81 9199.58 9158.3 9112.11 9104.98 9113.91 9132.83 9162.68 9193.42 9224.48 9260.64 9295.35 9341.21 9392.76 9465.91 9599.53 9793.86 9946.92 10111.9 10279.3 10417.8 10379.3 10395.9 10431.9 10452.5 10428.9 10428.3
10378 10390.1 10396.1 10389.3 10394.1 10400.7 10316 10190.1 10051.8 9965.14 9983.87 10004 9929.32 9843.05 9761.86 9694.06 9621.63 9559.94 9495.32 9438.29 9390.86 9352.21 9327.69 9315.73 9300.35 9287.56 9261.36 9259.54 9267.37 9287.9 9327.25 9347.68 9299.73 9257.43 9242.07 9239.33 9223 9193.43 9193.13 9212.28 9214.41 9184.65 9162.78 9118.62 9123.12 9134.36 9156.17 9177.88 9205.82 9230 9263.37 9290.55 9331.25 9374.14 9436.62 9574.87 9775.06 9932.08 10100.7 10273.2 10410 10426.9 10454.7 10473.1 10480.9 10456.3 10446.5
10376.4 10384.9 10386.3 10374.8 10378.7 10374.9 10312.8 10200.5 10072.3 9987.55 9979.37 9963 9911.14 9845.1 9774.32 9705.8 9631.31 9561.74 9490.04 9423.06 9362.22 9314.81 9305.49 9286.73 9260.6 9229.77 9221.67 9243.99 9261.3 9266.42 9290.26 9312.13 9310.34 9278.05 9252.4 9243.25 9215.5 9167.81 9162.42 9197.73 9232.09 9243.99 9206.28 9162.95 9155.34 9162.43 9178.38 9199.4 9221.13 9243.91 9266.27 9289.8 9325.52 9367.91 9431.69 9538.08 9679.92 9859.58 10068.2 10259.9 10400.2 10518.7 10514.3 10516.2 10516.7 10500.7 10486.1
10379.4 10386.7 10386.2 10377.2 10364.5 10385.7 10333.4 10232.2 10124.9 10034.3 9982.61 9937.63 9891.36 9838.19 9777.25 9709.24 9637.11 9563.74 9488.69 9414.27 9344.21 9293.57 9286.74 9270.24 9243.42 9207.19 9204.24 9232.81 9251.7 9246.24 9261.08 9276.9 9294.39 9269.46 9240.09 9217.99 9189.63 9159.02 9157.25 9198.13 9246.98 9291.77 9242.17 9200.68 9189.92 9193.88 9207.81 9224.34 9240.55 9258.83 9276.78 9299.1 9324.71 9369.55 9445.98 9511.92 9596.23 9789.33 10049.6 10290.7 10464.7 10537.1 10551.4 10544.3 10547.6 10538.1 10525.5
10381.8 10390 10388.1 10361.6 10347.5 10378.6 10346.6 10263.3 10171.6 10072.5 9989.15 9926.95 9881.66 9835.95 9779.95 9717.72 9648.79 9574.69 9496.14 9419.86 9344.79 9293.69 9285.7 9270.33 9257.91 9235.12 9202.87 9220.02 9235.45 9232.93 9229.3 9231.12 9216.47 9223.91 9215.19 9193.51 9170 9156.44 9159.01 9202.96 9247.93 9267.97 9242.58 9221.59 9220.41 9225.99 9235 9250.37 9261.47 9274.3 9287.53 9304.2 9329.78 9365.06 9424.17 9498.45 9594.04 9785.03 10057.9 10323.5 10494.8 10543.9 10562 10548.8 10541.6 10536.1 10519.7
10386.3 10396.6 10394.4 10367.4 10345.4 10359.2 10342.4 10288.3 10207.1 10106.1 10001.1 9931.6 9892.62 9846.44 9793.04 9732.89 9662.93 9592.53 9517.16 9442.32 9374.62 9320.32 9297.47 9274.55 9258.09 9235.64 9211.36 9223.52 9228.06 9219.85 9211.55 9212.88 9206.1 9207.84 9200.06 9184.27 9168.89 9167.98 9183.75 9213.23 9250.8 9278.81 9271.81 9259.71 9254.84 9261.49 9268.64 9277.58 9291.34 9305.16 9315.43 9328.99 9339.63 9370.52 9424.28 9511.78 9634.51 9828.47 10089.2 10336.2 10514.7 10576.7 10571.6 10537.3 10512.3 10503.9 10489.7
10394.7 10407.4 10409.2 10386.9 10357.4 10347.7 10343.1 10324.2 10270.2 10170.2 10057.3 9975.97 9928.45 9876.45 9823.22 9762.07 9695.95 9622.46 9549.63 9471.22 9402.56 9347.21 9312.95 9278.08 9251.99 9230.2 9218.75 9239.11 9234.99 9215.27 9206.34 9215.71 9228.87 9209.77 9196.18 9184.72 9178.36 9177.88 9189.71 9219.23 9256.88 9290.89 9300.8 9295.06 9290.63 9298.96 9308.24 9319.54 9334.05 9343.22 9355.67 9366.67 9373.77 9393.68 9440.39 9549.47 9687.95 9882.22 10136.3 10404.8 10568 10611.3 10581.8 10530.2 10487.3 10471.2 10442.9
10402.6 10418.3 10424.1 10397.2 10353 10332.9 10329.5 10366.5 10371.9 10248.1 10105.4 10034.7 9986.32 9927.86 9872.34 9808.36 9737.25 9666.56 9590.61 9508.65 9425.86 9374.72 9334.3 9284.28 9242.33 9221.69 9217.8 9223.15 9229.39 9222.02 9211.1 9213.28 9216.99 9208.12 9196.41 9187.36 9183.09 9186.17 9191.09 9227.18 9264.5 9290.9 9307.89 9318.48 9320.38 9330.04 9344.03 9360.86 9377.28 9391.33 9404.77 9418.69 9431.44 9460.17 9510.49 9610.21 9742.54 9919.52 10173.3 10437.7 10647.1 10641.3 10585 10514.8 10472.7 10453.7 10433.8
10408.5 10424.2 10432.8 10411.3 10370 10329.1 10308.1 10386.9 10422.7 10325.6 10206.6 10122.6 10060.3 9994.13 9929.67 9859.57 9790.22 9719.06 9649.73 9571.74 9489.51 9427.67 9370.46 9301.77 9237.23 9220.81 9222.49 9224.78 9229.55 9236.12 9239.25 9215.61 9209.96 9206.48 9200.15 9193.26 9193.92 9205.57 9232.38 9260.79 9279.67 9295.56 9311.73 9335.59 9348.16 9366.84 9386.2 9405.01 9426.17 9442.84 9461.28 9482.44 9510.14 9549.1 9609.08 9691.06 9804.93 9959.49 10204.1 10454.1 10641.4 10636 10572.6 10495.8 10452.6 10441.7 10438
10410.1 10425.4 10424.6 10420.4 10405.9 10342.7 10304.9 10380.3 10426.6 10379.8 10312.2 10219.9 10142.6 10062.9 9987.89 9913.41 9841.59 9775.2 9711.68 9650.79 9592.02 9498.3 9422.91 9345.37 9266.12 9245.81 9233.75 9227.75 9234.38 9239.99 9234.48 9216.58 9211.47 9211.69 9207.02 9201.01 9198.26 9220.1 9268.15 9292.37 9297.4 9304 9323.09 9357.31 9369.36 9389.78 9414.79 9440.58 9466.95 9492.16 9519.36 9552.97 9603.49 9657.76 9713.56 9782.34 9883.1 10017.7 10248.6 10483.1 10584 10595.1 10549 10488.9 10446.4 10424.9 10403.2
10411.8 10429.8 10437.9 10427.3 10404.9 10360.7 10326 10342.6 10387.8 10410.9 10366.7 10299.4 10213.2 10123.9 10042.9 9963.54 9889.82 9822.45 9762.93 9707.1 9643.59 9562.47 9476.7 9408.27 9359.69 9293.25 9259.19 9244.13 9242.98 9248.16 9248.69 9240.35 9230.68 9226.01 9222.35 9217.76 9211.02 9230.31 9277.26 9304.78 9315.11 9319.68 9366.17 9380.02 9394.66 9418.93 9447.57 9481.56 9516.5 9552.72 9585.28 9622.6 9684.73 9765.75 9812.7 9879.94 9979.54 10110.8 10317 10498.3 10553.7 10555.5 10518.5 10469 10430.1 10402.6 10389.5
10409.5 10434.9 10447.6 10431.4 10402.6 10377.8 10357.8 10317.7 10358 10465.5 10480.5 10364.9 10265.4 10176.3 10089.7 10011.8 9932.64 9862.27 9795.5 9742.12 9676.55 9595.39 9513.11 9438.96 9374.71 9322.94 9282.42 9262.92 9249.58 9250.52 9256.38 9256.44 9246.06 9243.43 9245.67 9250.78 9258.07 9281.48 9313.2 9335.76 9340.87 9342.1 9358.3 9389.11 9415.49 9449.26 9489.85 9532.82 9572.26 9613.56 9655.32 9694 9735.56 9799.13 9888.97 9976.17 10083.6 10206.7 10392.3 10549.6 10540.8 10521 10487 10444.7 10405.8 10369.3 10333.1
10396.8 10424.9 10445.1 10436.2 10419.2 10409.6 10398.9 10347.3 10364.6 10443.5 10456.3 10378.1 10293.1 10211.8 10127.9 10050 9969.41 9886.63 9808.02 9732.84 9668.48 9612.32 9542.69 9465.68 9395.22 9348.11 9298.75 9265.94 9251.07 9246.66 9242.32 9243.96 9253.89 9264.73 9277.41 9293.95 9316.43 9343.21 9355.26 9365.24 9378.48 9373.3 9370.82 9394.09 9434.67 9487.66 9540.8 9592.79 9643.96 9694.08 9740.75 9778.31 9804.49 9858.31 9973.84 10073.3 10188.1 10307 10442.3 10519.2 10504 10483.6 10456.2 10422.7 10382.5 10340.2 10287
10372.1 10394.2 10418.2 10435.8 10450.1 10445.6 10417.2 10375.6 10367.1 10390.8 10389.9 10357 10300 10230.1 10156.8 10085 10003.9 9917.37 9819.94 9715.09 9659.01 9634.66 9583.8 9523.74 9456.91 9393.13 9330.24 9281.66 9255.47 9242.06 9245.78 9247.6 9264.35 9293.15 9315.99 9335.87 9355.39 9373.44 9396.89 9423.17 9427.16 9430.46 9401.43 9407.12 9463.79 9534.24 9604.35 9665.05 9729 9789.71 9844.77 9896.83 9940.63 9996.91 10087.5 10174.9 10286.6 10406.6 10499.9 10482.6 10461.4 10445.3 10422 10397.6 10362.7 10327.9 10297.3
10339.5 10350.4 10383.8 10425.2 10458.3 10462.5 10428.7 10379.7 10355.9 10349.1 10343 10327.9 10292.1 10242.8 10183.2 10117.4 10044.5 9958.94 9860.95 9752.02 9705.18 9685.06 9640.59 9587.76 9520.39 9450.08 9398.02 9333.73 9291.99 9250.08 9250.77 9250.75 9292.99 9338.48 9364.7 9381.89 9395.86 9404.33 9423.83 9441.29 9460.79 9481.74 9441.87 9442.48 9510.66 9596.95 9679.51 9757.49 9829.16 9895.48 9961.95 10033.9 10103.5 10149 10207 10267.1 10358.3 10452.1 10503.4 10459.3 10427.9 10407.9 10384.9 10362.1 10343.3 10321.9 10302.7
