real_craters/C153-500m.grd
DSAA
205 205
-50.96 50.96
-50.96 50.96
9062.8121686123 10797.708131476
[rows 0 to 29 of 205, columns 0 to 66 of 205]
10287.2 10295.8 10296.3 10289.2 10275.6 10258.2 10240.6 10219.9 10205.1 10180.1 10159.2 10144.7 10135.2 10126.8 10118.6 10111.2 10103.8 10096.7 10090.3 10086.7 10076.8 10050.9 10041.8 10041.4 10041.4 10046.6 10049.4 10045.8 10043.5 10043.9 10043.7 10043.3 10042.9 10040.7 10039 10038.3 10040.1 10038.4 10040.3 10042.4 10043.4 10044.8 10045.6 10039.2 10033.5 10027.6 10016.2 10011.4 10015.9 10026.1 10029.9 10033.1 10036.5 10040.5 10042.5 10043.1 10041.3 10038.5 10033.5 10030.6 10028.2 10025.9 10024.7 10023.3 10022.9 10022.1 10022.6
10296.9 10305.1 10306.5 10300.4 10288.1 10273.4 10253.5 10228.1 10208.3 10177.2 10151.6 10137.5 10133.6 10127.9 10121.4 10114.7 10106.5 10098.3 10089.3 10079.5 10067.1 10058.4 10046.4 10045.3 10049.3 10054.1 10057 10058.3 10052.8 10050.2 10051.2 10050 10047.4 10042.6 10038.9 10037.1 10038.2 10037.2 10041.4 10044.4 10045.4 10045.7 10044.1 10036.6 10023.2 10021.6 10018.7 10018.6 10020 10026.1 10031 10035.6 10039.8 10043.7 10046.5 10048.3 10048.7 10046.9 10043.6 10038.3 10031.5 10026.7 10024.3 10022 10020.3 10019.2 10019.1
10324.9 10328.2 10325.6 10317.7 10307.1 10291.8 10271.1 10242.4 10200.6 10176 10153.8 10142.6 10138 10132.8 10126.5 10119.4 10111.2 10101.8 10090.3 10078.3 10067.9 10057.4 10052.7 10049.9 10054.4 10066 10073.6 10075.8 10069.6 10063.6 10062.9 10059.4 10053.1 10046.3 10039.6 10035 10035.6 10045 10049.5 10049.1 10046.5 10044.3 10044.9 10037.5 10026 10023.3 10019.4 10017.6 10023.2 10028.4 10032.8 10038.1 10042.9 10047.4 10051.2 10054.1 10054.5 10052.5 10047.3 10040.2 10033.6 10028 10024.1 10021.4 10018.9 10017.4 10017.9
10358.8 10354.8 10348 10338.8 10326.5 10312.5 10295.2 10265.9 10213.1 10185.9 10169.8 10156.5 10147.8 10140.9 10134.2 10127 10118.3 10108.2 10095.6 10081.4 10073.4 10074.4 10071.1 10063.6 10067.3 10081.5 10091.6 10088.5 10084.1 10080.9 10079.5 10070.9 10061.1 10051.7 10042.8 10035.2 10038.2 10062.2 10061.2 10055.2 10049.4 10045.5 10045.4 10040.1 10029.7 10026.2 10024.3 10024.6 10027.1 10031.5 10035.9 10041.3 10046.4 10051.6 10055.6 10058.9 10060.2 10058.3 10051.5 10044.1 10033.2 10026.5 10023.4 10020.6 10018.6 10017.6 10016.1
10384.4 10380.1 10371.2 10359.6 10346.4 10331.2 10316.4 10301.2 10240.6 10204.5 10188 10172.5 10161.6 10153.3 10145.8 10138.2 10130 10120.3 10108.7 10092.9 10087.1 10088.7 10088.7 10083.5 10085.4 10094.5 10101.5 10098 10097.6 10117.8 10097.5 10079.7 10066.2 10055.2 10046.8 10041.5 10048.6 10070.2 10065.9 10059.4 10051.8 10044.3 10045.2 10043.8 10036.7 10028.4 10028.7 10029.8 10027.2 10030.2 10036.6 10042.5 10048.2 10054.4 10059.3 10063.3 10065.7 10065.5 10052.3 10039.3 10028.9 10023 10019.4 10017.9 10016.2 10016.1 10014.9
10416.8 10403.6 10390.7 10378.4 10362.2 10345.9 10321.2 10290.4 10253.6 10223.6 10190.3 10187.3 10175 10164.7 10156.2 10149.6 10141.4 10133.7 10127 10119.1 10102.7 10090 10088.9 10097.8 10098 10102.1 10104 10098.9 10097.4 10113.3 10096.3 10080 10067.5 10058.2 10052.2 10050 10057.1 10066 10065.6 10062.7 10055.8 10048.8 10049.1 10050.9 10043.4 10034.2 10031.5 10032.7 10031 10033.8 10040.4 10046.7 10052.7 10058.5 10063.5 10067.3 10069.4 10069.6 10050.1 10026.6 10022.5 10020.4 10018.6 10017.1 10015.7 10014.5 10013.7
10427.6 10416 10403.4 10390.6 10377.5 10361.7 10335.1 10292.2 10260.7 10237.2 10233 10203.1 10187.6 10176.8 10166.3 10159 10150.9 10145.4 10142.1 10138.4 10113.9 10092.4 10085.3 10087.4 10098.9 10106.2 10105.8 10099.6 10089.8 10086.3 10081.2 10074.2 10066.4 10059.8 10056.1 10055.7 10057.8 10066.6 10072 10065.9 10060.3 10055.6 10052.9 10049.6 10043.7 10038.4 10036.3 10038 10042.6 10042.4 10044.6 10050 10055.9 10062.7 10067.6 10071 10071.2 10063 10048.4 10027.8 10022.2 10020.1 10018.9 10018.7 10017.1 10016.2 10014.9
10422.9 10418.1 10408.8 10399.1 10388.8 10377.9 10367.8 10336.1 10276.5 10233.9 10213.9 10206 10195.1 10186.1 10176.3 10166.8 10159.5 10153.3 10147.3 10139 10119.4 10097.5 10090 10096.4 10104.7 10107.9 10100.6 10087.2 10075.3 10074.9 10069 10065.8 10063.5 10061.3 10058.7 10057 10057.7 10063.6 10068.6 10066.8 10063.6 10061.6 10055.3 10045.5 10040.9 10040.3 10041.9 10039.9 10038.4 10042.9 10047.1 10052.6 10058.4 10064.2 10069.6 10073.5 10074.4 10071 10056.8 10040.1 10026.6 10020.6 10019.1 10017.9 10018.5 10017.1 10016.3
10414.5 10412.5 10407.4 10401.1 10393.9 10384.3 10372.2 10341.2 10281.6 10233.5 10220.1 10213.5 10203.8 10196.3 10185.3 10175.8 10168.2 10161.7 10152.9 10139.8 10129.4 10114.8 10112.7 10121.9 10120.2 10108.9 10097.1 10081 10076.7 10058.7 10055.1 10061 10062.8 10063.9 10064.1 10060.9 10069.1 10071.8 10068.9 10068.4 10064.8 10060 10051.4 10040.5 10041 10041.9 10041.2 10037.8 10032.8 10041.2 10048 10054.7 10061.5 10068 10073.3 10077.4 10079.3 10078.5 10064.2 10039.6 10027.2 10024.9 10023.8 10022.7 10018.7 10017.1 10015
10402.1 10401.5 10399 10396.3 10392.8 10384.5 10364.6 10335.5 10296.6 10259.3 10243 10229.9 10221.6 10207.1 10195.1 10183.5 10174.3 10169 10167.7 10160.1 10147.1 10143.2 10151.4 10149.3 10146 10130.1 10107.4 10080.9 10074.3 10070.3 10065 10060.7 10062.8 10067.4 10074 10093.4 10101.7 10094.1 10080.5 10075.2 10066.4 10054.8 10043.6 10041.4 10043.8 10045.1 10043.5 10040 10039 10042 10047.4 10054.5 10061.5 10068.7 10075.2 10080.4 10082.6 10078.4 10065 10046.7 10034.6 10031.9 10029.8 10028.6 10027.4 10024.4 10022
10385 10386.9 10386.2 10386 10385.3 10384.8 10379.2 10353.6 10321.5 10298.2 10271.7 10249.3 10234.7 10217.3 10201.9 10187.9 10176.3 10167 10161 10155.7 10151.2 10151.5 10163.7 10164.5 10165.9 10169.6 10120.6 10083.4 10074.6 10070.4 10060.3 10061 10065.5 10072.1 10080.4 10092.8 10107.6 10107 10100.5 10085 10070.4 10055.7 10043.8 10042.5 10047.1 10053.3 10046.3 10042.1 10041.4 10044.5 10049.8 10056.2 10062.7 10069.8 10078 10084.1 10088.5 10088.2 10079.9 10065.2 10051.3 10044.5 10039.4 10036.2 10033.1 10030 10028.2
10368.1 10370.8 10372.1 10374 10377.5 10381.7 10385.4 10364.6 10339.8 10304.8 10288.8 10262.7 10243 10221.3 10204.3 10187.4 10172.7 10159.4 10143.5 10139.4 10141.8 10137.9 10133 10142.3 10143.9 10141 10113.4 10087.4 10076.8 10067.3 10057.7 10062.5 10069.3 10077.5 10084.8 10095.2 10108.7 10111.7 10103 10091 10076.4 10061.8 10048.2 10044.1 10053.2 10062.3 10057.4 10047.2 10043 10045.7 10051.1 10058.2 10066.9 10073.7 10080.7 10087.7 10094.1 10102.7 10112.6 10083.5 10068.2 10056.9 10049.5 10044.2 10039.7 10035.8 10033
10354.3 10357.2 10357.8 10359.4 10360.8 10363.1 10365.5 10356.9 10349 10349.1 10308.9 10273.5 10248.1 10222.1 10200 10179.8 10163.3 10152.7 10152.2 10137.8 10133.6 10122.6 10103.1 10099.6 10103.4 10102.1 10095.7 10086.6 10080.4 10072.8 10064.3 10067.1 10075.9 10086.5 10096.8 10109.4 10120.8 10116.9 10108.4 10096 10083.9 10072.4 10058.7 10059.6 10063.2 10054.8 10063.8 10056.3 10045.3 10048.3 10054.6 10062.6 10069.2 10077 10083.6 10090.2 10095 10095.2 10079.6 10081.7 10073.8 10066.1 10059.5 10054 10049.5 10045.4 10041.1
10346.2 10345.9 10344.4 10341.3 10339.5 10337.1 10333.7 10333.3 10330.4 10328.1 10306.7 10270.6 10241.9 10215.8 10192.4 10171.8 10154.2 10139.3 10125.1 10128.1 10130.5 10123 10108.9 10103.4 10094.9 10089.9 10083.8 10066.9 10060 10087 10070.9 10074.5 10084 10096 10111.2 10124.7 10128.5 10120.6 10107.4 10097.1 10091.8 10086.2 10082.5 10075.2 10066 10051.6 10056.3 10049.3 10046.1 10052.5 10060.1 10066.9 10074.7 10081.5 10086.9 10091.9 10094.8 10094.1 10093.4 10086.6 10080.4 10073.7 10068.2 10063.3 10058.6 10054.1 10049.7
10343.5 10338.1 10332.8 10325.5 10317.8 10311 10307.7 10306.7 10302.1 10289.9 10272.9 10250.8 10227.8 10206.6 10186.1 10166 10146.1 10127.6 10113.6 10121 10134.5 10139 10146.2 10138.6 10120.6 10103.4 10090.5 10077.5 10078.1 10082.9 10079.9 10084.3 10093.8 10103.2 10112.7 10126 10130.8 10123.5 10111.8 10103.7 10099.6 10096.3 10093 10077.9 10057.9 10048.2 10046.3 10045.9 10052.4 10060.7 10067 10073.5 10079.4 10084.3 10089.2 10093.7 10096.8 10098.9 10099.4 10093.8 10087.1 10080.8 10076.3 10071.1 10066.5 10062.1 10057.8
10344.5 10333.8 10324.2 10313 10299.7 10286.2 10280 10281 10278.7 10259.9 10234.7 10225.8 10211.2 10194.6 10177.5 10159.9 10142 10124.5 10115.2 10126.3 10143 10154.8 10159.4 10145.9 10132 10118.9 10104.9 10096.5 10090.3 10084.2 10086 10095.1 10104.8 10113.4 10118.3 10129.7 10133.1 10125.8 10117.7 10111.1 10105.8 10101.9 10093.4 10075.2 10053.7 10047 10051.5 10057.6 10066.7 10072.8 10077.9 10082.8 10087.4 10091.3 10095.3 10098.6 10101.2 10103 10103.4 10098.6 10091.9 10087.1 10083.4 10078.9 10074.5 10072.4 10068
10349.1 10337 10322.5 10306.6 10287.8 10267 10258.7 10260.2 10259.2 10243.4 10224.3 10207.9 10194.6 10181.9 10168.7 10155.9 10141.6 10129.1 10124.3 10137.5 10151.9 10166.3 10162.8 10142.5 10137.3 10129.3 10116.3 10104.9 10096.1 10089.2 10097.2 10108 10117.6 10127.5 10136.6 10135.8 10133.8 10127.3 10117.9 10109.2 10107.9 10106.9 10099.5 10071.4 10056.3 10051.2 10066.9 10085.3 10085.6 10086.7 10090.2 10093.6 10095.9 10097.4 10100.3 10103.6 10105.4 10107.2 10106.2 10103.4 10099.6 10095.3 10091.7 10088.1 10084.1 10079.9 10075.6
10356.2 10342.5 10325.7 10306 10284.2 10261.5 10248.8 10243.9 10241.7 10225.5 10204 10190.8 10181.7 10173 10164 10155.1 10146.8 10143.5 10144.6 10149.8 10162 10171 10169.6 10160.6 10158.7 10142.9 10127.2 10112.8 10100.3 10101.1 10109.1 10119.9 10130.1 10140.7 10147.3 10140.9 10137.8 10131.1 10120.2 10110.6 10110.7 10110.6 10100.9 10076.4 10061.9 10062.3 10078.4 10093.1 10098 10100.2 10104.5 10107.4 10108.8 10108 10109.8 10110.5 10110.5 10109.7 10109.8 10107.8 10105.3 10101.9 10097.9 10093.5 10089 10085.2 10081
10364.6 10348.8 10331.2 10310.2 10286.1 10262.1 10244.2 10228.6 10211.9 10196.4 10179.2 10175 10171.1 10166 10159.9 10154.4 10151.6 10150 10152.9 10159.8 10167.3 10173.3 10177.7 10179.8 10167.7 10153.6 10137 10121.7 10110.4 10111 10123.8 10137.8 10138.9 10145 10168 10152.8 10149.6 10140 10127.7 10117.2 10115.7 10115.6 10106 10085.5 10079.4 10084.6 10087.7 10099.3 10108.1 10113.3 10114.8 10114.4 10114.5 10114.8 10114.9 10115.4 10115.4 10114.6 10112.6 10110 10110.3 10108.8 10103.4 10098.6 10093.7 10088.9 10084.6
10374.6 10356.9 10338.4 10317.9 10295.1 10265.1 10244.8 10222.4 10196.9 10183.7 10173 10169.1 10165.6 10161.3 10157.5 10154.1 10154.1 10161.4 10162.4 10166.5 10172.8 10178.6 10181.8 10180.1 10171.8 10160.2 10146.3 10133 10124.4 10131 10147.4 10150.5 10144.3 10129.5 10129.4 10179 10166 10151.5 10137.2 10124.2 10121.9 10122 10112.4 10092.4 10084.4 10087.8 10100.5 10109 10118.9 10122.7 10122.9 10122.2 10121.1 10120.6 10120.8 10121.2 10120.5 10119.4 10117.7 10117.7 10114.3 10111.1 10107.9 10103 10097.6 10092.6 10088.2
10383.1 10364.5 10347.2 10328.4 10310.3 10295.3 10256.5 10227.6 10202.9 10187.8 10179 10172.5 10166.8 10161.7 10156.4 10152.6 10151.1 10153.6 10160.4 10168.9 10178.4 10184.9 10187.5 10185.4 10177.9 10167.4 10156.2 10145.6 10137.6 10144.6 10160.1 10161 10155.3 10154.1 10165.4 10181.1 10173.1 10160.4 10148.3 10138.9 10135.2 10133 10125.2 10111.1 10098.4 10092.7 10111.9 10129.4 10134 10133.2 10131.1 10128.7 10125.8 10124.9 10125.4 10125.6 10125 10124.7 10122.7 10117.9 10120.2 10119.6 10113.3 10107.3 10101.8 10097 10092.6
10392.2 10375 10357.9 10340 10318.1 10290.8 10262.9 10232.3 10210.6 10195.5 10188.5 10181.1 10171.2 10163.4 10156.6 10150.7 10146.3 10144.8 10156.7 10169.7 10182.5 10190.9 10192.2 10190.7 10183.1 10174.9 10166.9 10160.5 10157.1 10161.1 10167.9 10165.8 10165.6 10170.2 10170.5 10171.5 10173.6 10167.2 10158.7 10151.7 10149.1 10148.9 10146.6 10145.7 10131.4 10100.7 10100.8 10130.5 10145.9 10140.1 10135.3 10132 10130 10129.5 10128.9 10129 10128.6 10128.6 10129.5 10132.1 10127.8 10123.2 10114.9 10108.6 10103.6 10099 10094.5
10394.2 10381.7 10367.6 10350.7 10330.2 10303.7 10271.4 10237.3 10211.6 10202.1 10197.3 10188.6 10175.4 10165.8 10158.5 10151.8 10146.9 10145.2 10158 10172.7 10186.1 10192.3 10193.2 10189.3 10185.5 10181.4 10177.2 10174.7 10176.8 10182.5 10181.2 10173 10174.1 10175.9 10180.4 10180.1 10177.7 10173.6 10167.5 10162.2 10159.6 10163.2 10159.7 10155.3 10153.6 10115.5 10106.4 10129.2 10143.5 10137.8 10134.7 10133.5 10132.4 10132.3 10131.8 10131.4 10131.6 10131.8 10133.3 10135.3 10128 10118.3 10111.9 10107.7 10104 10100.2 10095.3
10397.8 10387.8 10375.4 10362.1 10343.8 10317.3 10285.8 10254.2 10226.4 10210.1 10198.4 10187.2 10176.6 10168.7 10161.8 10155.5 10151.4 10152.5 10163.6 10177.7 10190.5 10196.7 10194.9 10189.9 10188.8 10187.3 10185.4 10184.2 10185.6 10188.4 10190.6 10188.1 10185.5 10185.4 10188 10188.3 10185 10180.4 10175.9 10171.6 10168.6 10164.8 10163.2 10159.8 10156.1 10143 10123.2 10120.4 10120 10128.6 10131.7 10133.2 10134.1 10135.1 10135.1 10134.7 10134.1 10133.4 10132 10129.8 10122.2 10112.4 10107.1 10106.3 10104.1 10100.4 10095.5
10399.8 10390.2 10381.4 10372.5 10362.6 10334.6 10298.6 10268.4 10241.5 10218.6 10200.4 10186.4 10178.9 10172.5 10166.7 10161.6 10158.9 10161.2 10169.9 10183 10197.5 10203.5 10197.8 10192.6 10193 10193.8 10191.7 10190 10189.2 10189 10191.9 10193.5 10193.6 10193.4 10196.4 10193.2 10188.5 10184.5 10181.1 10178.2 10173.7 10170.9 10164.5 10159.3 10153.4 10147.4 10141.4 10124 10114.7 10125.6 10133.2 10136.4 10138 10137.7 10137.7 10137.5 10136.5 10134.8 10131.6 10125.3 10118.4 10111.4 10109.8 10108.3 10105.3 10100.9 10095.7
10400.1 10391.1 10383 10376.1 10368.3 10341.1 10303.4 10265.3 10243.6 10227.2 10210.3 10195.2 10188 10180.3 10173.1 10167.4 10164.1 10166.2 10174.8 10186 10196.8 10201.3 10198.5 10194.1 10194.6 10198.2 10194.9 10192.3 10190.8 10189.7 10186.6 10188.5 10191.8 10194.1 10191.2 10192.3 10190.3 10187.7 10185.6 10183 10178 10172.2 10164.9 10157.6 10150.2 10144.6 10140.9 10133.6 10129.7 10133.2 10136.2 10139.6 10141.8 10142.8 10143.2 10142.3 10140.3 10137.4 10132.7 10125.8 10121.1 10122.1 10120.8 10113.9 10108.3 10102.6 10096.9
10397 10388.3 10379.9 10370.9 10357.3 10338.2 10310.1 10271.9 10255.1 10240.4 10226.7 10213.4 10202.5 10190.3 10181.1 10174.7 10171.1 10171.4 10177.6 10186.2 10196.3 10199.6 10198.2 10195.5 10194.3 10195.7 10194.7 10192.5 10190.5 10188.6 10186.3 10185.7 10187.7 10190 10192.9 10192 10191 10189.5 10188 10188.5 10190 10174.9 10165.5 10156.4 10147.4 10143.7 10142.6 10143.4 10146.2 10142.9 10142.3 10143.3 10144.3 10144.6 10144.5 10144.2 10143 10141 10137 10131.5 10127 10127.8 10126 10119.1 10112.8 10106.7 10099.9
10389.1 10381.7 10373 10363.5 10349.8 10335.9 10322.1 10313.9 10278 10254.4 10239 10230.8 10211.5 10198.9 10189.8 10182.9 10178.7 10177.4 10179.7 10183.6 10187.6 10192.7 10197.3 10197.1 10193.2 10193.1 10193.4 10191.8 10190.3 10188.9 10187.8 10187.9 10189.3 10192 10194.4 10192.3 10191 10189.7 10188.4 10187.9 10183.3 10175.2 10166.2 10157.5 10150.2 10145.9 10147.1 10147.9 10152 10147.9 10146.2 10146.5 10146.8 10146.5 10147.9 10147.4 10146.4 10145.2 10143.7 10141.6 10139.4 10135.4 10130.3 10123.8 10117.9 10112.3 10106.8
10383.2 10376.7 10367.3 10356.9 10346.5 10330.6 10318.1 10307.2 10282.9 10260.9 10242.5 10221.5 10213.2 10206.2 10198.4 10191.6 10185.4 10182.6 10181.7 10181.8 10183.3 10185 10185.4 10189.9 10193.8 10194.7 10192.6 10190.7 10189.6 10190 10190.3 10190.6 10193.1 10192.1 10188.1 10190.3 10189.9 10188.9 10188.4 10185.7 10180.8 10175.2 10167.3 10159 10151 10146.4 10148.2 10150.1 10147.6 10150.4 10151.8 10151.9 10151.6 10150.8 10150.6 10150.2 10149.8 10150.4 10151.2 10152.7 10151.5 10144.7 10133.5 10128.3 10124.7 10119.9 10113.6
10385.4 10374.6 10361.5 10346 10330.7 10319.8 10303.6 10286.3 10277.2 10263.2 10248.4 10238.7 10226 10215.1 10207.3 10198.6 10187 10187.2 10184.4 10182.1 10181 10182 10183.7 10186.5 10192.5 10191.5 10188.9 10187.7 10188 10188.4 10189.5 10191.8 10192.7 10190.7 10189.8 10189.4 10189.2 10188.5 10188.1 10185.5 10181 10176.3 10169.5 10162.5 10154 10150.2 10153.5 10155.7 10157.1 10158.3 10158.7 10158.2 10157.3 10156.1 10154.9 10153.7 10152.9 10153.5 10155.5 10160.7 10169.3 10153.7 10136.6 10134.8 10133.4 10127.9 10120.9
