real_craters/C153-300m.grd
DSAA
341 341
-50.96 50.96
-50.96 50.96
9053.3441738034 10804.113052197
[rows 300 to 329 of 341, columns 67 to 133 of 341]
10113.8 10122.7 10130.2 10138.4 10143.7 10145.7 10146.8 10147.3 10137.7 10122.6 10104.6 10085.6 10066.5 10050.3 10038.6 10035.9 10040.9 10050.6 10066.5 10082.5 10091.8 10096.7 10100.3 10105 10107.2 10101 10096 10092.8 10091.5 10091.9 10094.4 10101.6 10110.3 10112.7 10106.8 10101.5 10094.9 10086.2 10076.1 10066.6 10063.3 10060.6 10060.4 10060.3 10057.6 10054.9 10053.2 10056 10063.8 10072.6 10081.3 10089.6 10097.3 10104.9 10113.4 10120.1 10127.8 10133.7 10139 10144 10147.1 10149.6 10149.3 10143.8 10135.8 10127.4 10126.1
10110.1 10117.7 10126.4 10133.9 10139.6 10146 10151.5 10155.5 10150.7 10135.6 10115.6 10093.9 10072.1 10053 10038.3 10033.4 10037.9 10053.6 10087.5 10102.6 10104.6 10103.3 10102.3 10103.7 10102.8 10097.2 10092.1 10088.6 10086.4 10086 10087.8 10091 10092.8 10094.3 10099.7 10099.1 10093.8 10086.8 10080.7 10078 10068.2 10061.7 10059.3 10059.8 10058.9 10062.7 10070.7 10075.8 10074 10076.4 10081.6 10089.1 10096.5 10103.8 10111 10118.5 10125.2 10131.8 10138 10143.9 10149.3 10154.1 10158.7 10161.4 10145.5 10125.5 10116.6
10107 10114.1 10121.4 10128.4 10133.7 10137.7 10146.4 10164.2 10165 10148.3 10126 10102 10077.3 10055.4 10038.4 10032.6 10042.9 10067.8 10105.1 10119.4 10112.5 10105.3 10099.1 10094.4 10091.4 10089.4 10086 10083 10080.8 10079.2 10079.2 10082.6 10086.2 10089.5 10100.2 10099.6 10092.9 10085.1 10079.5 10078.2 10064.6 10054 10046.7 10045.4 10053.3 10064.2 10079.6 10081.9 10077.1 10077.7 10081.3 10087.6 10094 10101.6 10107.5 10115.5 10122.6 10129.1 10135.9 10142.7 10149.3 10156.1 10162.6 10165.7 10149.2 10126.3 10113.9
10103.2 10110 10117.3 10124.1 10129.1 10134.1 10146.7 10170.5 10176.4 10157.9 10133.8 10108.4 10083.1 10059.5 10040.2 10032.5 10044.1 10068.7 10101 10114.4 10109.7 10101 10092.4 10085.4 10081.7 10080.7 10078.5 10076 10073.9 10071.7 10069.9 10070.5 10085.6 10110.3 10111.2 10102.7 10091.8 10080 10068.7 10056 10047.9 10042.6 10037.9 10038.2 10046 10055.5 10064.4 10068.6 10071.6 10074.9 10079.5 10084.7 10092.3 10099.2 10105.7 10112.9 10120.1 10126.9 10134 10141 10147.8 10154.9 10159.7 10159 10145.3 10128.1 10118.9
10099 10105.5 10113 10120.4 10126.8 10133.4 10144.2 10170.6 10179.6 10161.9 10138.3 10113.4 10088.6 10064.5 10043.5 10032 10040 10061.3 10080.9 10098.7 10098.4 10091.5 10083.5 10076 10073.7 10073.2 10071.8 10069.7 10067.8 10065.8 10064.3 10063.7 10078.3 10118.4 10116.6 10103.5 10088.6 10073 10057 10040.7 10033.5 10033.7 10035.5 10035.2 10039.4 10044.6 10046.2 10053.7 10062.9 10069.9 10076.7 10084.5 10091.3 10098.7 10103.9 10110.8 10117.8 10123.8 10130.7 10137.2 10143.9 10150.1 10153.6 10151 10138.6 10122.8 10112
10095.3 10101.5 10108.8 10117.2 10125.5 10135.2 10148.6 10167.3 10173.5 10158.6 10138.3 10117 10094.8 10072.1 10049.5 10031 10033.7 10048 10063 10080.8 10082.1 10077.3 10072.4 10069.6 10067.2 10066.5 10065.9 10064.6 10063 10061.9 10062.6 10069 10087.2 10109.3 10112 10099.1 10083 10065.8 10048.2 10032.3 10024.5 10025.7 10030.2 10029.7 10034.5 10039.6 10044.6 10048.6 10058.5 10067.2 10074.6 10081.9 10088.5 10095.3 10102.2 10107.4 10114.1 10119.9 10126.4 10132.8 10138.7 10143.6 10146.9 10144.2 10131.1 10116.1 10105.5
10090.3 10096.1 10102.9 10111.7 10121.7 10135.7 10155.3 10159.6 10158.5 10149.1 10134.6 10118.1 10100.6 10082.6 10064.2 10044.9 10035.6 10035.2 10044.5 10058.3 10062.4 10061.8 10060.4 10060.2 10061.3 10062 10062 10061.4 10060.4 10059.7 10060.4 10064.2 10080.1 10101.1 10101.4 10090.1 10075.8 10059.5 10042.1 10025.1 10015.6 10018.5 10022.5 10026.5 10031.9 10036.9 10041.1 10047.8 10057 10066 10073.5 10080.6 10086.1 10091.4 10097.7 10103.4 10109.7 10115.8 10120.8 10126.7 10132.3 10136.1 10137.1 10133.8 10124.3 10111.2 10099.5
10085.3 10090.5 10096.9 10103.5 10112.3 10123.3 10135.4 10139.3 10139.2 10136.9 10129.3 10118.9 10107.5 10096.6 10087.6 10080.2 10059.8 10032.9 10026.4 10034.8 10041.8 10048 10051.4 10051.9 10058.4 10060.5 10060 10058.9 10058.4 10058.1 10059.1 10061.8 10071.7 10081.7 10084.3 10079 10068.7 10055 10039.3 10023.7 10013.6 10016.6 10019.5 10025.7 10032.4 10038.1 10042.7 10049.7 10058.1 10066.3 10072.6 10078.6 10084 10089.1 10094.8 10100.5 10105.2 10110.6 10115.6 10120.4 10125.3 10129.2 10130.4 10127.5 10120.9 10111.4 10104.1
10081.2 10085.3 10089.6 10093.9 10098.8 10103.1 10106.1 10113.7 10124.7 10126.3 10122.2 10116.8 10111.4 10107.6 10106.4 10108.1 10094.1 10055.6 10026.6 10023.7 10027.2 10041.1 10055.2 10062.1 10062.6 10060.7 10058.9 10057.3 10056.9 10057.1 10058.4 10061.4 10066.7 10070.4 10071.1 10070.6 10064.2 10053.3 10040.6 10029 10022.5 10021.8 10025.7 10030.2 10035.1 10042.7 10050.2 10054.9 10060.4 10066.8 10072.1 10077.2 10083.2 10086.2 10091.2 10097.2 10101.5 10106.1 10109.7 10114 10118.3 10122.7 10127.4 10125.6 10120.6 10115.2 10111.7
10075.8 10078.9 10081.9 10084.8 10086 10085.5 10082.6 10090.3 10106.7 10113.7 10114.1 10112.8 10113.1 10114.2 10117.1 10119.7 10115.9 10099.2 10062.9 10034.3 10022.1 10039.5 10065.2 10075.9 10066.9 10060.4 10056.5 10054.9 10054.8 10056.1 10057.7 10059.4 10065.5 10067.1 10067.1 10070.1 10064.2 10054.4 10043.5 10034.3 10030 10025.2 10027 10030.3 10035.8 10044.8 10053 10057.6 10061.4 10067.2 10071.8 10076.5 10081 10085.4 10088.1 10092.2 10096 10099.8 10103.6 10107.7 10111.1 10113.9 10116.9 10119.7 10120.5 10120.8 10121.7
10072.3 10074.4 10076.1 10076.3 10076.1 10074.3 10071.7 10077.6 10092.8 10101.1 10104 10107 10111.5 10117 10124.1 10129.7 10132.7 10137.8 10118.1 10062.1 10026.2 10036.9 10061.4 10070.6 10062.1 10055.1 10051.1 10049.9 10051.3 10054.9 10059.7 10064 10070 10078 10084.9 10076.8 10066.9 10057.1 10046.9 10036.6 10025.6 10022.6 10023.6 10027.5 10034.4 10042.4 10050.4 10056 10061.5 10066.8 10070.4 10073.9 10078.1 10081.3 10083.6 10087.5 10090.7 10093.5 10097.7 10100.5 10103.1 10104.9 10105.3 10113.1 10120.2 10126.5 10134.7
10067.6 10069.3 10070.5 10070.8 10070.3 10069.3 10069.6 10073.7 10081.1 10086.3 10090.6 10096.5 10105.2 10114.5 10127.1 10143 10162.3 10180.8 10169 10091.2 10035.3 10030.9 10042.6 10050 10048.3 10044.9 10042.6 10042.6 10044.9 10050.5 10060.6 10068.1 10070.4 10078.5 10087.7 10077.1 10067.6 10059.8 10051.7 10042.2 10030.6 10025.7 10025.9 10029.1 10035.3 10042.4 10050.3 10057.8 10062.9 10067.2 10069.8 10074.1 10075.2 10077.4 10079.6 10081.4 10084 10086.6 10090.7 10093.2 10096.9 10100.4 10104.2 10111.4 10120.3 10129.6 10140.1
10062.3 10063.7 10064.7 10064.6 10065 10066.1 10067.8 10070.6 10069.3 10069.9 10075.4 10084.1 10095 10108 10124 10146.9 10182.4 10198.6 10174.1 10106.3 10039.3 10025.4 10026.7 10030.6 10032.3 10032.1 10031.8 10032.4 10034.6 10039.3 10047.8 10055.4 10058.7 10063.8 10067.5 10066.2 10063.9 10061.3 10058.8 10055 10048.3 10042.3 10039 10036.3 10041.6 10049 10056 10061.9 10066.4 10069.7 10070.7 10071.9 10074 10075.3 10074.8 10076.3 10078.2 10081.8 10083.8 10086.3 10091.1 10097 10104.8 10110.1 10118.4 10129.7 10141.7
10057.5 10058.9 10060.1 10060.7 10061.5 10062.7 10063.9 10064.6 10056.6 10052 10060.4 10071.8 10083.7 10096.9 10112.8 10133 10166.8 10180.7 10171.5 10113.8 10054 10027.1 10018.6 10016.3 10017.5 10018.5 10019.2 10020.2 10021.4 10023.1 10025.4 10032.3 10040.3 10045.3 10047.5 10052.3 10057.9 10062.2 10066.9 10072.5 10078.8 10078.6 10067.3 10056 10055.6 10059.2 10065.3 10070.1 10072.2 10072.3 10071.4 10071.1 10071.2 10072 10072.1 10073.5 10074.6 10075.9 10077.2 10079.1 10083.2 10088 10095 10103.8 10114 10126.6 10139.2
10054.7 10056 10057.1 10057.9 10058.7 10058.9 10057.8 10052.2 10046.1 10041.2 10050.8 10063.5 10075.6 10086.9 10097.7 10110.5 10127.7 10139.6 10138.9 10106.6 10063 10026.3 10006 10003.4 10004.5 10006.1 10007.9 10008.6 10009.3 10009.1 10009.1 10016.4 10025.6 10031.6 10034.4 10043 10053.5 10063.3 10073.4 10087.1 10104.7 10115.1 10100.9 10084.2 10079.4 10078.7 10080 10079.5 10077.3 10075.7 10073.3 10071.4 10069.8 10068.8 10069.4 10070.1 10070.4 10071.8 10072.6 10073.6 10075.2 10077.4 10083.4 10094.5 10106.9 10120 10133.1
10050.9 10052.3 10053.6 10053.5 10055 10055.9 10055.8 10053.5 10046.8 10040.5 10048.1 10061 10072.3 10079.8 10084.1 10086.4 10087.6 10102 10110.9 10090.8 10050.8 10015.9 9995.62 9994.16 9995.92 9997.34 9998.81 9999.58 10000.3 10000.6 10002 10008.7 10017.1 10025.2 10032.3 10041.9 10051.8 10063.1 10076 10092.9 10114.1 10130.9 10126.5 10120.2 10114.5 10107.5 10100.7 10093.1 10086 10080.6 10076.5 10072.7 10070.3 10069.1 10068.6 10068.2 10067.9 10068.8 10068.8 10068.3 10068.7 10068.1 10074.3 10086.3 10098.9 10112.4 10124.4
10045.1 10046.9 10048.8 10050.7 10051.3 10054 10056.9 10060.2 10053.8 10044.9 10052.5 10065.9 10075.4 10079.9 10077.2 10070.4 10072.4 10079.3 10085.4 10070.3 10034.6 10010.6 9998.19 9991.76 9989.62 9989.43 9992.04 9993.5 9994.34 9996.2 9999.48 10005.3 10013.4 10022.1 10031.6 10041 10049.8 10061.3 10073.7 10088.4 10107.6 10132.4 10144.8 10151 10149.3 10138.2 10122.5 10107.2 10095 10085 10078.5 10074.4 10072.1 10070.6 10069.1 10068.4 10067.8 10067.6 10067.4 10066.5 10066.4 10062.6 10068.8 10080.4 10091.7 10103.6 10114.4
10041.5 10043.7 10045.9 10048.2 10049.6 10052.8 10056.3 10059.1 10058.9 10057.4 10067 10078.9 10085.7 10087.5 10082.9 10070.8 10069 10063.9 10056.7 10039.7 10020.2 10008.6 10002.5 9991.96 9987.89 9986.89 9987.28 9988.34 9990.27 9993.19 9997.1 10004 10012.5 10021 10027.8 10034.8 10048.3 10059.1 10068.7 10078.7 10092.7 10125.9 10156.1 10172.5 10179.1 10164.6 10140.2 10116.7 10097.6 10085.7 10080.2 10076.6 10073.7 10071.5 10069.8 10069 10067.7 10068.7 10069.4 10069.5 10069.5 10068.2 10071.2 10077.7 10085.4 10094.4 10102.8
10035.5 10038.2 10041 10043.9 10046.4 10050.1 10054.3 10059.1 10067.6 10082.9 10094.8 10097.4 10100.5 10102.6 10099.9 10092.4 10084.9 10056.3 10041.8 10026.9 10008.6 9996.78 9995.03 9989.22 9986.51 9985.61 9986.56 9987.79 9989.89 9993.36 9997.67 10005.2 10014.5 10024.3 10033.6 10042.4 10051.7 10058.3 10063.6 10069.3 10078.3 10113.5 10153.2 10178 10192.9 10177.4 10148.5 10120.8 10096.2 10084.9 10080.8 10079.3 10076.6 10074.2 10073.3 10071.2 10070.8 10070.8 10071.5 10072.7 10074.7 10075.9 10075.6 10076.5 10079.5 10084.7 10089.8
10029.7 10032.7 10035.8 10039.3 10042.6 10046.7 10052.1 10060.5 10074.8 10096.4 10111.1 10110.4 10113.2 10117.3 10119.1 10101.9 10064.8 10047.9 10038.9 10019.1 10011.1 9992.16 9988.26 9986.42 9986.67 9987.31 9988.36 9990.15 9992.24 9996.01 10001.1 10008.7 10018.7 10030.1 10042.5 10055.3 10057.4 10058.1 10060 10062.7 10068.6 10096.6 10135.3 10164.2 10182.6 10170.2 10146.2 10121.2 10098.6 10086.1 10082.2 10080.4 10077.2 10076.1 10074.3 10073.5 10072.7 10072.9 10073.4 10075.9 10079.3 10080.8 10077.7 10074.4 10073.1 10073.2 10075.7
10026.8 10029.9 10033.2 10036.7 10040 10043.9 10048.5 10054.9 10065.6 10086.4 10102.4 10110.5 10117.7 10125.2 10131.8 10112.1 10062.5 10046.2 10048.8 10068.4 10027.2 9999.35 9989.63 9987.81 9989.3 9991.92 9993.74 9994.88 9996.34 9999.13 10004.9 10013.1 10023.5 10034.6 10047 10058.1 10059 10057.4 10057.7 10060.8 10066.1 10082.7 10110.3 10137.2 10155.2 10149.8 10135.9 10118.6 10101.3 10090.6 10085.2 10081.7 10078.2 10075.7 10073.7 10072.8 10071.9 10071.8 10073.4 10076.7 10081.8 10085 10076.4 10069.7 10065.5 10062.6 10061.6
10021.6 10025.1 10028.8 10032.7 10036.6 10040.8 10045.7 10049.1 10055.3 10073.3 10089.1 10104.4 10115.2 10121.6 10121.8 10095.6 10058.2 10047.6 10047.1 10040.8 10025.4 10004.1 9993.81 9993.83 9996.91 9999.05 10001.7 10002.8 10003 10004.5 10009.9 10018.3 10027.2 10037.4 10047 10055.9 10055.7 10052.5 10053 10059.8 10071.5 10078.9 10090.8 10106.3 10118.4 10126 10122.4 10113.9 10105.2 10097.2 10088.8 10083 10078.8 10075.5 10073.3 10071.9 10071.4 10070.5 10070.7 10072 10074.4 10075.4 10068.6 10062.3 10056.8 10052.5 10049.8
10016.1 10020 10024.3 10028.8 10033.4 10039.1 10044.8 10050.4 10058.2 10072 10085.1 10101.3 10111.2 10113.5 10104.3 10077.3 10056.6 10052.1 10047.2 10035.6 10031.2 10016.4 10002.7 10005 10008.4 10012.2 10014.8 10014.9 10013.5 10012.3 10018.2 10025.6 10032.2 10038.9 10044.4 10048.7 10046.8 10042.6 10042.1 10050.1 10067.9 10070.1 10073.2 10081.8 10091 10106.9 10109.8 10106.6 10101.3 10094.8 10089.1 10082.7 10077.2 10073.4 10071.4 10069.7 10068.6 10068.3 10067.8 10065.3 10063.3 10061.1 10058.2 10053.7 10048.4 10043.2 10040
10010 10013.6 10018.4 10023.8 10031.5 10038.4 10046.3 10055.4 10067 10080.8 10094.8 10105.2 10110.2 10108.4 10099 10075.1 10057.6 10052.8 10053.9 10058.3 10061.1 10042.3 10020.5 10020.6 10023.4 10026.1 10029.1 10030.5 10030.3 10027.3 10031.9 10035.8 10038.4 10040.4 10041.1 10040.1 10035.2 10028.1 10023.5 10025.7 10036.7 10048.2 10058.1 10069.9 10082 10097.1 10098.4 10098 10097.4 10095.2 10089 10080.2 10072.9 10068.8 10067.6 10067 10067.2 10067.4 10065.3 10061 10054.2 10051.6 10050.8 10047.2 10042.2 10036.7 10032
10004 10008.8 10014 10019.8 10026.3 10035.8 10045.3 10058.7 10075.5 10090.9 10103.3 10110.8 10113.2 10107 10090.7 10071.6 10057.3 10051 10061.1 10086.8 10099.4 10072.1 10044.7 10040.3 10040 10042.5 10045.7 10049.8 10052.6 10056 10050.7 10048.6 10046.8 10043.6 10039 10032.6 10023.5 10012.4 10002.1 9995.28 10001.8 10032.1 10057.3 10074.8 10081 10084.5 10085.4 10086.1 10089.8 10096.7 10081.9 10071.4 10066.3 10064 10064.2 10064.5 10066 10067.3 10066.6 10062.6 10053.9 10050.4 10048.2 10043.4 10037.4 10032.8 10028.3
9997.44 10005 10010.4 10016.4 10021.8 10031.2 10041 10056.3 10079.2 10095.8 10103.1 10114.2 10120.4 10116 10093.6 10068.1 10060.7 10056 10066.7 10096.5 10114.7 10089.3 10067 10060.3 10058 10059.5 10063.2 10067.6 10067.3 10066.7 10066.3 10061.3 10055.7 10048.7 10039.9 10028 10014.2 10000.9 9985.51 9971.97 9981.28 10031.7 10082 10085.6 10075.6 10068 10069.6 10069.8 10068.3 10064.2 10059.4 10056.2 10055.4 10055.7 10057.5 10060.1 10062.3 10065 10068.6 10070.4 10068.8 10059.4 10049.5 10040.5 10033.9 10029.2 10027.8
9995.55 10000.2 10005.8 10011.8 10016.7 10025.2 10034.6 10044.7 10056.8 10072.4 10100 10121.5 10129.5 10134.9 10127 10085 10076.8 10071.5 10076 10089.2 10084.6 10087.1 10082.4 10076.4 10071.4 10072.1 10077.9 10085.5 10093.7 10090.8 10081.7 10073.2 10064.8 10055 10044 10030.4 10014.6 9998.12 9979.96 9963.56 9976.06 10033.2 10091.3 10087.8 10067.5 10058.4 10057 10053.9 10046.2 10035.7 10034.3 10038.6 10044.1 10048.5 10051.9 10054.9 10058.6 10062.8 10069.3 10076.5 10081.4 10065.5 10048.6 10036.4 10028.1 10023.9 10025.7
9993.23 9997.48 10002.9 10008.3 10014.4 10020.9 10027.2 10031.6 10031.6 10043.7 10088.6 10117.9 10129.3 10140.4 10144.7 10118.3 10100.8 10093.8 10094.8 10099 10099.5 10098.5 10098.2 10087 10079.9 10080.5 10086.6 10096.7 10108.2 10107.7 10093.5 10082.8 10072.5 10062.2 10051.5 10038.4 10022.4 10004.5 9985.74 9973.43 9984.63 10025.3 10069.3 10079.4 10064.9 10056.1 10049.6 10042.4 10031.2 10017.1 10016.1 10025.6 10034.8 10040.5 10045.6 10049.2 10052.8 10057.2 10063.8 10070.2 10072.1 10057.9 10041 10027.4 10017.9 10013.5 10015.3
9991.94 9996.94 10002 10006.3 10011.8 10016.8 10022.1 10027 10032.6 10049.9 10080.1 10105.2 10116.1 10123.6 10131.6 10130.2 10116.6 10111.8 10114.7 10117.4 10116.8 10114.5 10105.2 10086 10079.1 10081.9 10089.5 10099.9 10107.7 10107.1 10097.5 10087.7 10078.7 10069.7 10060.5 10050.2 10037.8 10016.4 9994.02 9983.27 9987.98 10006.8 10031.3 10042.5 10043 10045.8 10043.7 10036.4 10025.5 10013.2 10011.6 10019.8 10029 10034.6 10039.6 10042.4 10044.6 10047.5 10051.3 10055.3 10053.1 10040.5 10026.1 10012.7 10002.5 9997.32 9996.98
9990.82 9992.92 9998.9 10004.5 10010.3 10015.4 10021 10027.9 10039 10057.9 10071.1 10083.2 10097.1 10105 10116.4 10122 10116.3 10117.5 10125.1 10131.6 10138.1 10118.9 10077.7 10065.6 10070 10077.9 10087.2 10096.4 10106.3 10104.4 10097.7 10090 10082.8 10075.4 10068.7 10061.1 10051.2 10028.1 9998.18 9975.09 9975.47 9984.34 9986.82 9981.56 10008.7 10033.6 10040.5 10035 10026.2 10019.1 10017.9 10021.7 10028 10031.6 10034.1 10035.2 10035.2 10034.7 10035.3 10035.8 10031.4 10019.1 10005.8 9992.81 9982.51 9977.13 9977.84
