real_craters/C153-750m.grd
DSAA
137 137
-50.96 50.96
-50.96 50.96
9062.2041525772 10792.685757221
[rows 54 to 80 of 137, columns 60 to 119 of 137]
1.002e+004 9873 9701 9670 9652 9672 9691 9641 9577 9603 9665 9659 9675 9687 9721 9783 9816 9852 9899 9948 1.001e+004 1.009e+004 1.017e+004 1.023e+004 1.031e+004 1.034e+004 1.033e+004 1.028e+004 1.028e+004 1.027e+004 1.027e+004 1.028e+004 1.028e+004 1.029e+004 1.029e+004 1.029e+004 1.028e+004 1.027e+004 1.026e+004 1.028e+004 1.03e+004 1.032e+004 1.033e+004 1.034e+004 1.034e+004 1.034e+004 1.035e+004 1.038e+004 1.044e+004 1.049e+004 1.047e+004 1.039e+004 1.035e+004 1.032e+004 1.032e+004 1.027e+004 1.023e+004 1.024e+004 1.024e+004 1.025e+004
9824 9712 9604 9621 9581 9516 9547 9486 9421 9461 9510 9544 9560 9565 9587 9647 9691 9734 9790 9839 9894 9973 1.004e+004 1.012e+004 1.023e+004 1.034e+004 1.046e+004 1.043e+004 1.029e+004 1.024e+004 1.025e+004 1.026e+004 1.028e+004 1.028e+004 1.028e+004 1.028e+004 1.027e+004 1.026e+004 1.025e+004 1.025e+004 1.026e+004 1.028e+004 1.032e+004 1.034e+004 1.035e+004 1.034e+004 1.034e+004 1.035e+004 1.038e+004 1.042e+004 1.044e+004 1.038e+004 1.031e+004 1.024e+004 1.017e+004 1.007e+004 1.005e+004 1.004e+004 1.007e+004 1.012e+004
9551 9542 9586 9600 9546 9463 9398 9410 9411 9395 9452 9455 9456 9457 9441 9411 9522 9616 9692 9763 9826 9898 9955 1.004e+004 1.016e+004 1.028e+004 1.037e+004 1.042e+004 1.036e+004 1.025e+004 1.025e+004 1.029e+004 1.028e+004 1.027e+004 1.027e+004 1.027e+004 1.026e+004 1.026e+004 1.024e+004 1.023e+004 1.025e+004 1.028e+004 1.031e+004 1.033e+004 1.034e+004 1.035e+004 1.034e+004 1.034e+004 1.037e+004 1.04e+004 1.041e+004 1.034e+004 1.025e+004 1.017e+004 1.007e+004 9994 9999 1e+004 1.002e+004 1.004e+004
9490 9433 9397 9403 9437 9459 9345 9267 9255 9288 9342 9349 9354 9359 9357 9368 9445 9536 9628 9712 9795 9857 9899 9978 1.009e+004 1.02e+004 1.029e+004 1.034e+004 1.034e+004 1.025e+004 1.026e+004 1.026e+004 1.026e+004 1.026e+004 1.026e+004 1.026e+004 1.026e+004 1.025e+004 1.025e+004 1.025e+004 1.026e+004 1.031e+004 1.032e+004 1.034e+004 1.036e+004 1.035e+004 1.036e+004 1.037e+004 1.039e+004 1.037e+004 1.034e+004 1.026e+004 1.019e+004 1.011e+004 1.003e+004 9979 9989 9998 1.001e+004 1.001e+004
9367 9313 9279 9269 9278 9273 9205 9146 9123 9165 9194 9224 9252 9271 9279 9341 9394 9484 9574 9668 9756 9822 9865 9948 1.006e+004 1.016e+004 1.027e+004 1.037e+004 1.037e+004 1.034e+004 1.028e+004 1.024e+004 1.024e+004 1.025e+004 1.025e+004 1.026e+004 1.026e+004 1.026e+004 1.026e+004 1.025e+004 1.027e+004 1.029e+004 1.033e+004 1.034e+004 1.035e+004 1.036e+004 1.036e+004 1.035e+004 1.032e+004 1.025e+004 1.019e+004 1.016e+004 1.011e+004 1.006e+004 1.001e+004 9976 9990 9991 9996 1.001e+004
9291 9232 9211 9182 9147 9108 9099 9074 9075 9097 9110 9137 9172 9190 9184 9214 9319 9417 9514 9617 9710 9785 9840 9928 1.004e+004 1.015e+004 1.023e+004 1.032e+004 1.038e+004 1.041e+004 1.031e+004 1.024e+004 1.023e+004 1.024e+004 1.026e+004 1.026e+004 1.026e+004 1.026e+004 1.026e+004 1.027e+004 1.029e+004 1.033e+004 1.034e+004 1.036e+004 1.037e+004 1.036e+004 1.034e+004 1.033e+004 1.024e+004 1.014e+004 1.009e+004 1.007e+004 1.005e+004 1.002e+004 9997 9977 9977 9991 1.001e+004 1e+004
9246 9179 9156 9100 9088 9076 9077 9070 9075 9086 9095 9107 9122 9133 9126 9175 9263 9359 9461 9569 9688 9784 9801 9910 1.005e+004 1.016e+004 1.023e+004 1.026e+004 1.036e+004 1.038e+004 1.029e+004 1.025e+004 1.025e+004 1.025e+004 1.026e+004 1.027e+004 1.027e+004 1.027e+004 1.028e+004 1.029e+004 1.031e+004 1.033e+004 1.035e+004 1.037e+004 1.038e+004 1.035e+004 1.031e+004 1.025e+004 1.015e+004 1.008e+004 1.003e+004 1.002e+004 1.001e+004 1.001e+004 9995 9984 9995 9991 9976 9976
9244 9186 9112 9088 9069 9082 9114 9136 9119 9118 9109 9101 9099 9106 9115 9149 9230 9318 9410 9507 9613 9724 9808 9937 1.008e+004 1.022e+004 1.029e+004 1.028e+004 1.034e+004 1.036e+004 1.028e+004 1.027e+004 1.027e+004 1.026e+004 1.027e+004 1.027e+004 1.027e+004 1.028e+004 1.029e+004 1.031e+004 1.032e+004 1.032e+004 1.034e+004 1.038e+004 1.038e+004 1.034e+004 1.029e+004 1.021e+004 1.01e+004 1.002e+004 1.001e+004 1e+004 9999 9997 9996 1e+004 1e+004 9977 9960 9961
9236 9168 9119 9103 9134 9156 9182 9208 9212 9176 9133 9090 9095 9094 9088 9130 9198 9282 9364 9443 9508 9579 9844 9954 1.009e+004 1.025e+004 1.036e+004 1.033e+004 1.032e+004 1.031e+004 1.029e+004 1.028e+004 1.028e+004 1.027e+004 1.026e+004 1.027e+004 1.028e+004 1.028e+004 1.029e+004 1.031e+004 1.032e+004 1.033e+004 1.035e+004 1.037e+004 1.037e+004 1.033e+004 1.028e+004 1.02e+004 1.009e+004 1e+004 9993 9992 9992 9993 9994 9998 9980 9960 9961 9958
9216 9197 9196 9187 9213 9270 9318 9346 9322 9263 9201 9144 9124 9097 9062 9099 9171 9247 9320 9395 9479 9591 9724 9903 1.007e+004 1.021e+004 1.025e+004 1.031e+004 1.034e+004 1.031e+004 1.028e+004 1.027e+004 1.027e+004 1.027e+004 1.027e+004 1.028e+004 1.029e+004 1.029e+004 1.03e+004 1.031e+004 1.032e+004 1.033e+004 1.035e+004 1.038e+004 1.036e+004 1.033e+004 1.028e+004 1.022e+004 1.014e+004 1e+004 9989 9991 9990 9989 9985 9978 9965 9958 9953 9950
9248 9239 9229 9281 9305 9392 9514 9526 9437 9354 9303 9256 9186 9126 9075 9100 9158 9227 9293 9371 9446 9511 9622 9859 1.007e+004 1.023e+004 1.029e+004 1.035e+004 1.04e+004 1.033e+004 1.026e+004 1.027e+004 1.028e+004 1.029e+004 1.03e+004 1.03e+004 1.03e+004 1.03e+004 1.03e+004 1.032e+004 1.034e+004 1.033e+004 1.033e+004 1.034e+004 1.035e+004 1.034e+004 1.03e+004 1.025e+004 1.016e+004 1.002e+004 1.001e+004 9993 9988 9982 9977 9968 9958 9952 9950 9949
9267 9235 9201 9290 9383 9469 9569 9686 9582 9487 9423 9324 9245 9177 9114 9115 9157 9214 9282 9349 9424 9514 9625 9865 1.011e+004 1.03e+004 1.039e+004 1.036e+004 1.038e+004 1.033e+004 1.028e+004 1.028e+004 1.029e+004 1.03e+004 1.032e+004 1.032e+004 1.032e+004 1.033e+004 1.033e+004 1.034e+004 1.036e+004 1.034e+004 1.034e+004 1.035e+004 1.036e+004 1.036e+004 1.034e+004 1.03e+004 1.02e+004 1.004e+004 1.001e+004 9989 9986 9981 9974 9968 9956 9956 9959 9960
9283 9270 9217 9284 9388 9489 9572 9622 9690 9653 9572 9426 9329 9220 9151 9127 9153 9206 9273 9346 9422 9502 9651 9905 1.017e+004 1.037e+004 1.043e+004 1.039e+004 1.038e+004 1.035e+004 1.031e+004 1.031e+004 1.031e+004 1.032e+004 1.033e+004 1.033e+004 1.033e+004 1.035e+004 1.036e+004 1.036e+004 1.036e+004 1.036e+004 1.036e+004 1.037e+004 1.037e+004 1.037e+004 1.037e+004 1.035e+004 1.029e+004 1.01e+004 1.001e+004 9991 9994 9994 9988 9978 9966 9953 9982 1e+004
9294 9271 9227 9279 9386 9466 9448 9403 9507 9713 9642 9578 9442 9232 9126 9121 9152 9206 9272 9341 9432 9535 9692 9952 1.022e+004 1.046e+004 1.045e+004 1.043e+004 1.046e+004 1.039e+004 1.035e+004 1.034e+004 1.033e+004 1.032e+004 1.033e+004 1.033e+004 1.034e+004 1.035e+004 1.036e+004 1.037e+004 1.038e+004 1.038e+004 1.036e+004 1.037e+004 1.038e+004 1.038e+004 1.039e+004 1.04e+004 1.04e+004 1.021e+004 1.006e+004 1.001e+004 1e+004 1.001e+004 1.001e+004 1e+004 9974 1.001e+004 9957 9927
9297 9260 9242 9280 9388 9481 9420 9293 9304 9444 9492 9476 9372 9200 9104 9108 9136 9184 9253 9334 9430 9553 9762 9989 1.022e+004 1.036e+004 1.036e+004 1.043e+004 1.046e+004 1.042e+004 1.037e+004 1.036e+004 1.033e+004 1.033e+004 1.033e+004 1.033e+004 1.033e+004 1.033e+004 1.035e+004 1.036e+004 1.038e+004 1.038e+004 1.036e+004 1.036e+004 1.037e+004 1.038e+004 1.038e+004 1.04e+004 1.039e+004 1.033e+004 1.015e+004 1.004e+004 1.003e+004 1.004e+004 1.005e+004 1.005e+004 1.005e+004 9947 9807 9719
9322 9299 9278 9274 9357 9489 9436 9283 9187 9252 9327 9345 9288 9162 9100 9103 9133 9184 9249 9327 9419 9542 9724 1e+004 1.024e+004 1.033e+004 1.034e+004 1.043e+004 1.049e+004 1.044e+004 1.04e+004 1.036e+004 1.034e+004 1.033e+004 1.033e+004 1.032e+004 1.032e+004 1.032e+004 1.033e+004 1.036e+004 1.038e+004 1.038e+004 1.036e+004 1.035e+004 1.036e+004 1.036e+004 1.037e+004 1.037e+004 1.036e+004 1.035e+004 1.028e+004 1.012e+004 1.01e+004 1.01e+004 1.01e+004 1.009e+004 1.005e+004 9866 9732 9755
9335 9329 9295 9268 9310 9396 9349 9258 9188 9231 9259 9250 9200 9130 9105 9122 9163 9209 9261 9319 9393 9519 9794 1.003e+004 1.028e+004 1.041e+004 1.04e+004 1.045e+004 1.043e+004 1.043e+004 1.043e+004 1.038e+004 1.034e+004 1.031e+004 1.032e+004 1.033e+004 1.033e+004 1.032e+004 1.033e+004 1.035e+004 1.037e+004 1.035e+004 1.035e+004 1.036e+004 1.035e+004 1.034e+004 1.034e+004 1.034e+004 1.034e+004 1.035e+004 1.033e+004 1.025e+004 1.02e+004 1.017e+004 1.015e+004 1.012e+004 1.006e+004 9894 9808 9953
9301 9269 9241 9259 9276 9321 9299 9256 9246 9199 9171 9214 9242 9157 9138 9157 9186 9218 9262 9308 9369 9478 9736 9991 1.026e+004 1.046e+004 1.049e+004 1.05e+004 1.048e+004 1.047e+004 1.047e+004 1.042e+004 1.036e+004 1.034e+004 1.033e+004 1.034e+004 1.034e+004 1.035e+004 1.035e+004 1.035e+004 1.036e+004 1.033e+004 1.032e+004 1.034e+004 1.033e+004 1.033e+004 1.032e+004 1.031e+004 1.032e+004 1.033e+004 1.033e+004 1.032e+004 1.027e+004 1.024e+004 1.021e+004 1.018e+004 1.015e+004 1.011e+004 1.005e+004 1.01e+004
9270 9224 9204 9248 9246 9271 9294 9253 9218 9173 9157 9222 9292 9217 9190 9203 9224 9250 9277 9312 9370 9479 9596 9920 1.029e+004 1.051e+004 1.055e+004 1.055e+004 1.054e+004 1.051e+004 1.048e+004 1.041e+004 1.038e+004 1.036e+004 1.035e+004 1.035e+004 1.034e+004 1.035e+004 1.034e+004 1.033e+004 1.036e+004 1.038e+004 1.036e+004 1.032e+004 1.032e+004 1.031e+004 1.03e+004 1.029e+004 1.028e+004 1.03e+004 1.03e+004 1.033e+004 1.03e+004 1.027e+004 1.025e+004 1.023e+004 1.02e+004 1.015e+004 1.018e+004 1.02e+004
9273 9257 9204 9215 9226 9219 9203 9211 9187 9163 9170 9229 9269 9239 9237 9245 9262 9278 9300 9325 9364 9459 9611 9934 1.033e+004 1.053e+004 1.057e+004 1.054e+004 1.052e+004 1.049e+004 1.042e+004 1.038e+004 1.04e+004 1.038e+004 1.037e+004 1.036e+004 1.035e+004 1.032e+004 1.034e+004 1.033e+004 1.038e+004 1.041e+004 1.041e+004 1.036e+004 1.033e+004 1.03e+004 1.029e+004 1.028e+004 1.028e+004 1.029e+004 1.03e+004 1.03e+004 1.03e+004 1.028e+004 1.028e+004 1.027e+004 1.027e+004 1.029e+004 1.037e+004 1.033e+004
9278 9241 9219 9244 9215 9209 9229 9202 9185 9177 9190 9238 9291 9297 9291 9303 9320 9340 9356 9369 9394 9491 9688 1e+004 1.04e+004 1.06e+004 1.058e+004 1.05e+004 1.047e+004 1.043e+004 1.038e+004 1.035e+004 1.04e+004 1.04e+004 1.038e+004 1.037e+004 1.037e+004 1.037e+004 1.037e+004 1.038e+004 1.037e+004 1.04e+004 1.042e+004 1.037e+004 1.032e+004 1.03e+004 1.029e+004 1.028e+004 1.029e+004 1.03e+004 1.029e+004 1.028e+004 1.029e+004 1.029e+004 1.03e+004 1.031e+004 1.033e+004 1.036e+004 1.037e+004 1.035e+004
9291 9224 9220 9224 9232 9217 9213 9203 9190 9190 9205 9257 9293 9318 9334 9356 9382 9410 9431 9456 9507 9602 9772 1.006e+004 1.045e+004 1.066e+004 1.058e+004 1.048e+004 1.045e+004 1.043e+004 1.036e+004 1.034e+004 1.037e+004 1.038e+004 1.038e+004 1.038e+004 1.038e+004 1.039e+004 1.038e+004 1.038e+004 1.034e+004 1.035e+004 1.036e+004 1.032e+004 1.029e+004 1.03e+004 1.03e+004 1.03e+004 1.03e+004 1.03e+004 1.028e+004 1.027e+004 1.028e+004 1.03e+004 1.031e+004 1.033e+004 1.035e+004 1.038e+004 1.039e+004 1.037e+004
9345 9254 9234 9231 9240 9224 9211 9210 9201 9204 9268 9295 9304 9343 9369 9402 9441 9478 9519 9574 9658 9747 9883 1.012e+004 1.048e+004 1.06e+004 1.055e+004 1.046e+004 1.042e+004 1.038e+004 1.034e+004 1.03e+004 1.033e+004 1.038e+004 1.04e+004 1.038e+004 1.036e+004 1.036e+004 1.035e+004 1.032e+004 1.03e+004 1.028e+004 1.029e+004 1.03e+004 1.03e+004 1.03e+004 1.029e+004 1.03e+004 1.029e+004 1.029e+004 1.027e+004 1.026e+004 1.031e+004 1.033e+004 1.034e+004 1.034e+004 1.036e+004 1.037e+004 1.04e+004 1.038e+004
9428 9341 9272 9250 9251 9255 9240 9234 9232 9223 9293 9324 9330 9372 9406 9451 9505 9563 9618 9683 9789 9891 1.003e+004 1.025e+004 1.053e+004 1.055e+004 1.05e+004 1.044e+004 1.039e+004 1.037e+004 1.031e+004 1.03e+004 1.03e+004 1.035e+004 1.038e+004 1.036e+004 1.033e+004 1.032e+004 1.033e+004 1.032e+004 1.028e+004 1.026e+004 1.026e+004 1.03e+004 1.032e+004 1.029e+004 1.027e+004 1.025e+004 1.027e+004 1.028e+004 1.028e+004 1.032e+004 1.037e+004 1.035e+004 1.034e+004 1.034e+004 1.035e+004 1.036e+004 1.038e+004 1.035e+004
9466 9372 9299 9257 9247 9244 9254 9271 9294 9333 9355 9375 9373 9378 9435 9517 9593 9670 9741 9795 9858 1.002e+004 1.019e+004 1.037e+004 1.052e+004 1.05e+004 1.046e+004 1.04e+004 1.034e+004 1.025e+004 1.027e+004 1.029e+004 1.028e+004 1.032e+004 1.035e+004 1.033e+004 1.031e+004 1.031e+004 1.032e+004 1.031e+004 1.028e+004 1.025e+004 1.025e+004 1.028e+004 1.029e+004 1.028e+004 1.025e+004 1.023e+004 1.026e+004 1.029e+004 1.033e+004 1.035e+004 1.035e+004 1.033e+004 1.032e+004 1.032e+004 1.033e+004 1.034e+004 1.034e+004 1.033e+004
9556 9454 9366 9283 9225 9249 9275 9328 9358 9384 9412 9441 9463 9406 9484 9601 9712 9812 9903 9996 1.008e+004 1.018e+004 1.033e+004 1.049e+004 1.047e+004 1.044e+004 1.04e+004 1.037e+004 1.032e+004 1.029e+004 1.028e+004 1.027e+004 1.027e+004 1.029e+004 1.03e+004 1.03e+004 1.031e+004 1.03e+004 1.03e+004 1.03e+004 1.029e+004 1.027e+004 1.026e+004 1.027e+004 1.028e+004 1.027e+004 1.026e+004 1.024e+004 1.027e+004 1.031e+004 1.036e+004 1.033e+004 1.03e+004 1.029e+004 1.029e+004 1.029e+004 1.03e+004 1.031e+004 1.032e+004 1.026e+004
9653 9543 9431 9384 9346 9301 9367 9417 9439 9444 9456 9473 9495 9473 9579 9728 9857 9965 1.007e+004 1.02e+004 1.026e+004 1.031e+004 1.041e+004 1.048e+004 1.043e+004 1.039e+004 1.036e+004 1.034e+004 1.032e+004 1.03e+004 1.029e+004 1.027e+004 1.026e+004 1.027e+004 1.027e+004 1.028e+004 1.028e+004 1.029e+004 1.03e+004 1.03e+004 1.029e+004 1.027e+004 1.027e+004 1.029e+004 1.029e+004 1.029e+004 1.028e+004 1.028e+004 1.028e+004 1.03e+004 1.032e+004 1.029e+004 1.025e+004 1.026e+004 1.026e+004 1.026e+004 1.025e+004 1.023e+004 1.019e+004 1.019e+004
