real_craters/C153-300m.grd
DSAA
341 341
-50.96 50.96
-50.96 50.96
9053.3441738034 10804.113052197
[rows 180 to 209 of 341, columns 201 to 267 of 341]
9412.75 9460.88 9497.93 9541.74 9596.23 9690.68 9841.1 9998.1 10150.1 10290.7 10409.6 10485.1 10528.9 10546.5 10551.4 10544.4 10544.6 10546.5 10544 10538.1 10533.7 10519.5 10500.3 10486.1 10475.3 10469.6 10427.6 10402.3 10390 10379.7 10371.6 10365.8 10360.9 10354.9 10352.2 10350.7 10347.8 10345.6 10343.7 10343.3 10344.1 10347.1 10348.1 10344.7 10340.2 10336.3 10334 10334.6 10346.8 10363.2 10376.3 10382.6 10386.1 10374.5 10356.3 10343.3 10329.2 10318 10318.4 10318.7 10316.4 10313.3 10308.9 10304 10298.8 10293.7 10288.4
9406.03 9447.89 9487.26 9530.93 9587.85 9680.85 9832.52 9997 10159.5 10314 10452.8 10502.3 10531.2 10551.8 10558.8 10551.5 10549.1 10548.1 10545.8 10543.7 10546.5 10524.2 10496.8 10474.2 10453.3 10427.6 10395.7 10389.7 10388.3 10386.5 10382.6 10374.8 10366.9 10361.5 10358.5 10356.3 10352.1 10349.3 10346.4 10343.8 10341.6 10342.3 10344 10339.6 10336.4 10333 10329.9 10330.9 10348.4 10373.6 10398.8 10405.8 10409.8 10398.4 10380 10358.6 10335.2 10315.7 10317 10317.6 10314.7 10310.3 10305.5 10300.1 10294.9 10288.7 10282.6
9398.17 9436.45 9482.36 9533.67 9599.79 9695.58 9843.3 10007.4 10170.7 10324.2 10456.7 10504.9 10537.9 10559.7 10563.8 10552.3 10545 10538.7 10534.2 10530.5 10522.6 10507 10482.5 10456.3 10428.8 10398.6 10376.8 10381.4 10389.1 10396.5 10397 10384.9 10370.3 10368.6 10365.5 10361.9 10358 10354.5 10350.4 10345.5 10339.2 10332.5 10330.4 10334.5 10335.9 10334.3 10330.8 10329.5 10351.1 10377.6 10402.6 10412.2 10414.2 10410.7 10398 10378 10354.3 10334 10328.1 10321.7 10315 10308.1 10302.3 10296.7 10291.7 10286.3 10281.8
9397.46 9437.01 9487.77 9548 9624.39 9724.99 9867.98 10027.4 10186.3 10330.1 10439.4 10523.9 10561.7 10573.9 10568.8 10555.7 10535.1 10522 10515.4 10510.8 10504 10489.2 10463.4 10436.6 10409.4 10384.7 10373.4 10378.4 10391 10407.3 10419.4 10403.9 10386.9 10379.1 10372.5 10368.2 10364.5 10360.8 10356.3 10350.6 10342.1 10328.8 10326 10336.6 10341.6 10342.3 10340.2 10340.1 10356.8 10376.2 10394.2 10408.2 10417.1 10425.1 10420 10397.2 10376.8 10364.5 10344.8 10328.1 10316.5 10308.1 10301.5 10295.9 10290.7 10285.9 10282.9
9401.9 9444.31 9502.38 9570.82 9655.86 9763.2 9899.83 10054.6 10212.6 10358 10472.1 10565.6 10591.8 10590.6 10575.5 10553.6 10523.6 10499.3 10494.7 10489.5 10481.6 10467 10442.5 10418 10392.8 10370.9 10361.1 10371.3 10388.4 10408.5 10423.4 10414 10401.1 10387.3 10378.3 10373.4 10370.9 10367.3 10364.2 10360 10354.7 10347.1 10345.2 10349.8 10354.4 10357 10357.4 10358 10365.3 10375.2 10387.2 10401.4 10414.7 10428.8 10426.9 10404.6 10384.7 10370 10348.4 10328.6 10315.6 10306.5 10300.5 10295.2 10290.6 10286.4 10283.3
9411.11 9459.72 9525.41 9599.19 9687.95 9795.95 9929.54 10082.9 10244.2 10404.8 10526.6 10584.9 10610.2 10604.5 10581.8 10551.9 10517 10492.3 10480.3 10471.2 10457.1 10438.9 10424.3 10402.8 10379.3 10357.2 10343 10359.1 10379.7 10400.6 10411.9 10405.9 10394.8 10384.8 10379.7 10377.5 10376.1 10373.7 10372.1 10370.9 10370.9 10374.7 10370.3 10367.4 10369.8 10374.5 10378.9 10378 10373.3 10372.1 10378.1 10391.3 10405.9 10418 10416.9 10397.5 10375.4 10355.7 10336 10320.4 10310.8 10304.6 10300 10295.4 10291.8 10288.2 10283.3
9437.17 9493.07 9560.2 9633.45 9720.07 9823.21 9953.29 10106.9 10268.8 10428.8 10554.2 10614.8 10631.6 10615.9 10585.7 10548.4 10510.6 10485.8 10470.6 10459.2 10446.2 10431.1 10414.6 10393.9 10370.1 10348.7 10334.4 10347.7 10368.7 10389.4 10399.7 10392.5 10378.8 10375.9 10379.1 10380 10379.8 10379 10378.7 10379.4 10381.4 10385 10382.5 10379.1 10380.8 10387.1 10396.5 10391.7 10375.3 10364.4 10365 10376.2 10391.6 10409.1 10401.9 10381 10356.4 10330.6 10312.6 10306.7 10303.2 10300.7 10298.5 10296 10294.8 10292 10287.3
9508.78 9547.43 9605.06 9672.56 9754.02 9849.35 9973.37 10126.1 10286.2 10441.1 10581.1 10663 10652.8 10622.4 10583.3 10540.9 10499.3 10473.9 10460.4 10451.4 10442.5 10429.8 10413.4 10389.2 10365.1 10344.9 10335.1 10342.1 10358.1 10375.7 10385.4 10383.1 10375.6 10376.5 10381.6 10383.2 10383.1 10382.4 10382.4 10383.8 10385.7 10385.2 10385.2 10382.3 10382.6 10387.3 10396.3 10386.6 10366.7 10353 10349.5 10355.4 10366.2 10379.9 10376.8 10359.8 10336.4 10310.5 10294.8 10295.7 10297 10297.3 10297.1 10297.1 10297.3 10298.1 10297.3
9565.28 9605.35 9656.54 9716.99 9791.31 9878.9 9994.36 10144.7 10302.3 10450.7 10586.7 10659.3 10650.1 10617.8 10576.5 10530.2 10483.1 10458.6 10450.4 10444.4 10440.7 10439 10414.9 10385.3 10360.4 10340.5 10328.7 10335.2 10347.1 10362.4 10373.5 10379.2 10383 10386.2 10388.1 10387.4 10385.6 10383.5 10382.4 10383.4 10386.2 10391.1 10383.7 10378.2 10375.2 10373.9 10372.5 10363.1 10347.6 10333.8 10328.9 10330.3 10334.4 10344.7 10350.1 10338 10320.9 10302.2 10290.6 10292.3 10294.9 10295.9 10296.3 10297.3 10299.1 10303.5 10310
9620.81 9662.9 9707.83 9765.99 9833.78 9913.77 10019.4 10168 10322.9 10462.3 10573.5 10629.4 10628 10601.8 10564.6 10521.6 10479.3 10454.5 10443.2 10435.8 10430.3 10426.6 10403.1 10376.3 10353.1 10333.8 10323 10323.6 10331.5 10346.8 10362.5 10376 10388.3 10395.8 10395.7 10391.4 10386.4 10381.8 10378.3 10377 10377.6 10379.5 10374 10368.3 10362.7 10354.9 10343.4 10337.3 10326.3 10312.8 10307.3 10305.3 10303.9 10311.8 10321.4 10316.7 10309.3 10301 10296.2 10296.5 10297.2 10297.5 10297 10296.6 10297.9 10301.9 10310.9
9690.11 9725.51 9765.33 9819.18 9883.1 9957.74 10054.3 10197.5 10348.3 10483.1 10554.3 10593.4 10599.3 10580.3 10549 10512.5 10477.4 10452.6 10436.4 10424.9 10413.7 10395.7 10380.2 10364.2 10343.8 10325 10309.3 10302.2 10313.1 10328.8 10349 10370.7 10391.8 10405.7 10401.3 10392.7 10384.4 10376.7 10370.1 10364.5 10360.7 10359.2 10358.5 10355.5 10350.3 10340.9 10326 10320.8 10311.5 10300.4 10291.8 10285.4 10279.6 10280.4 10290.7 10297.1 10300.2 10302 10304.1 10303.3 10301.5 10299.4 10296.4 10293.1 10291.7 10291.8 10294
9759.66 9788.75 9825.49 9878.41 9940.41 10012.2 10102.3 10237.9 10376.5 10481.8 10542.7 10569.7 10573.4 10557.8 10530.8 10499.7 10470.4 10445.2 10426.5 10412.4 10400.8 10389 10375.6 10355.8 10334.2 10316.5 10302.6 10293.9 10299.8 10315.3 10337.1 10361.9 10386.7 10403.7 10399 10389.2 10379.1 10369 10359.2 10349.8 10342.5 10340.7 10342.9 10343.5 10341.3 10335.2 10326.2 10314.2 10302.5 10291.4 10280.7 10272.3 10265.2 10262.7 10269.5 10282.6 10293.7 10302.9 10309.5 10309.9 10306 10300.3 10293.8 10287.2 10282.1 10277.7 10274
9807.22 9843.26 9881.3 9935.94 9999.68 10072.7 10164.5 10288.4 10420.2 10512 10540 10553.7 10552.3 10536.2 10511.6 10483 10453.6 10432.1 10412.8 10396.8 10386.2 10386.2 10379.7 10343.4 10320.3 10307.5 10300.4 10297.7 10292.2 10303.8 10325.1 10349.5 10372.6 10387.8 10388.3 10380.7 10370.5 10359.1 10347.3 10334.7 10324.2 10323.6 10329.4 10333.7 10335.6 10333.8 10325.9 10311.4 10295.6 10282.2 10272.5 10264.7 10258.9 10256.1 10260.5 10274.7 10289.7 10304 10315.2 10316.6 10309.3 10298.9 10289 10279.6 10271.5 10264.6 10260.1
9840.58 9891.73 9936.78 9996.31 10061.5 10133.8 10217.6 10334.9 10467 10545.2 10546.7 10542.6 10532.4 10515.9 10492.9 10466.9 10440.4 10417.5 10396.3 10376.3 10358.7 10345.9 10334.4 10307.7 10298.6 10295.8 10294.9 10291.9 10284.6 10293.5 10313 10336 10357.3 10371.8 10375.3 10369.8 10360.1 10348.5 10335.9 10322 10310.2 10311.2 10319.3 10326.3 10331.9 10334.5 10327.6 10310.2 10290.9 10276.1 10267.5 10260.5 10256.9 10255.2 10259.1 10271.1 10286.3 10303.4 10321.6 10322.6 10309.1 10295.6 10283.5 10272.2 10261.5 10252.6 10247.4
9875.65 9939.91 9992.54 10057 10124.7 10195.5 10271.4 10373.9 10488.8 10543.4 10537.2 10525.7 10511.8 10495 10474.1 10451.8 10427.6 10403.8 10380.4 10355.6 10327.3 10290.8 10245 10263.7 10276.6 10284.3 10289.5 10291.3 10279.2 10282.3 10301.7 10323.1 10343.3 10359.4 10363.1 10357.6 10348.8 10338.5 10326.9 10313.9 10302.7 10305 10312.7 10320 10327.2 10333.8 10327.5 10309.6 10290.8 10276.1 10266.8 10258.3 10251.9 10252.3 10258.2 10267.4 10280.7 10295.8 10310 10310.9 10301.5 10289.3 10277.4 10265.2 10252.8 10241.4 10232.1
9927.62 9994.66 10051 10119 10188.1 10259 10330.8 10412.5 10493.7 10519.2 10510 10500.8 10488.3 10473.3 10456.2 10436.7 10414.9 10390.7 10365.9 10340.2 10309.9 10274.4 10236.3 10253.4 10267.5 10277.2 10285.5 10291.2 10281.1 10279.6 10293.9 10311.3 10328.5 10342.8 10346.9 10343 10336.5 10328.7 10319.5 10310.6 10303.9 10304.5 10308.5 10313.5 10318.7 10323.5 10319.2 10307.6 10294.7 10281.5 10269.9 10259.6 10250.8 10250.7 10253.7 10262.2 10273.5 10284.2 10290.5 10290.9 10289.2 10281.3 10271.5 10259.7 10247.2 10234.5 10225.3
9997.33 10060.3 10113.2 10180.3 10249.5 10321.4 10394.7 10460 10495.1 10492.9 10479.7 10474.1 10464.4 10450.6 10436.3 10421.7 10402.1 10378.3 10354.9 10331 10306.9 10286.3 10281.4 10271.4 10270.4 10274.7 10280.5 10285.9 10283.4 10280.2 10287.7 10299.9 10312.8 10323.4 10328.1 10326.9 10323.3 10318.8 10313.8 10309.2 10304.8 10304.9 10305.6 10307 10307.7 10307.6 10307.2 10303.9 10297.6 10286.5 10274.4 10264.2 10257.2 10252.6 10251.6 10258.3 10267.8 10275.8 10279.8 10280.7 10280.5 10275.9 10268.1 10258.1 10246.5 10234.1 10225.7
10075.2 10130.7 10175.1 10237.2 10303.2 10372.8 10445.2 10505.9 10497.7 10478.1 10461.2 10450.9 10440.4 10427.7 10414.1 10400.1 10384 10365.1 10345.7 10326.6 10308.9 10294.9 10286.3 10279.4 10274.6 10273.6 10273.7 10273.6 10273.1 10273.8 10279.6 10288.6 10297.7 10305.2 10309.3 10310 10309.7 10308.6 10307.4 10308 10308.4 10304.8 10303.1 10301.8 10298.7 10292.1 10298 10300.6 10298.4 10289.1 10277.9 10268.2 10260.9 10256.2 10254.3 10258.9 10266.2 10272.4 10276.3 10278.6 10277.4 10274.2 10268.8 10261 10251.5 10241 10234
10153.5 10183.3 10232.6 10288.4 10347 10407.7 10465.2 10500.7 10494.2 10464.2 10443.1 10430.7 10418.9 10406.4 10391.9 10376 10364.4 10351.6 10337.1 10322.9 10309.5 10298.6 10290.4 10283.5 10277.5 10273.2 10268.5 10262 10255.9 10262.7 10271.2 10278.7 10284.6 10288.1 10289.8 10293.9 10296.4 10297.5 10298.7 10301.4 10303 10301.3 10300.2 10299.2 10296.8 10293.9 10297.1 10299.7 10298.6 10290.1 10279.7 10270.5 10264.6 10260.6 10260.3 10263.7 10268.6 10273.3 10276 10276.9 10276.8 10276 10272.8 10267.7 10261.4 10254.9 10250.6
10225.9 10244.2 10285 10332 10380.8 10429.8 10473.7 10502.4 10485.9 10447.8 10424.5 10411.4 10398.9 10387 10373.6 10360.3 10350.4 10341 10330.6 10319.9 10310.1 10301.4 10293.9 10287.2 10281.5 10275.2 10268.4 10260.3 10252.9 10258.6 10266 10272 10275.8 10277.4 10278 10282.3 10285.1 10287 10288.1 10289.2 10291.5 10294.9 10297 10298.5 10299.4 10300.5 10300.5 10300.4 10297.1 10289.9 10280.4 10271 10265.4 10264.7 10265.6 10268.8 10273.5 10278.2 10279.8 10278.8 10280.3 10281.7 10279.8 10276.6 10273.3 10271.6 10270.5
10282.9 10294.9 10328.7 10366.7 10406 10442.7 10472.8 10489.6 10470.7 10427.5 10406.2 10393.6 10382.7 10371 10359.8 10349.2 10341 10333.4 10325.6 10317.7 10310.9 10304.6 10299.3 10294.1 10286.8 10280 10273.5 10267.9 10262.8 10262.5 10265.3 10268.9 10270.9 10272.4 10274.3 10275.2 10276.4 10277.6 10278.5 10278.8 10282.4 10288.6 10293.7 10298.2 10301.8 10303.4 10303.8 10303.1 10298.5 10289.9 10280.8 10274 10270.3 10269.8 10270.4 10272 10281.6 10287.7 10290 10288.9 10290.7 10292 10289.4 10285.6 10283.1 10283.2 10282.5
10323.7 10342 10361.6 10392.5 10422.7 10449.3 10465.7 10467.8 10446.3 10409 10390.3 10378.1 10367.8 10358.3 10349.6 10341.3 10334.1 10327.4 10321.2 10316 10311.8 10307.2 10302.9 10298.2 10292.7 10286.3 10280.7 10278 10280.1 10271 10268.4 10267.7 10267.8 10268.3 10269.4 10269.2 10269.3 10270.2 10271.3 10273 10277.2 10283.5 10290.1 10296.9 10303.6 10306.2 10304.6 10303.8 10298.9 10288.4 10279.1 10273.3 10272.6 10275.9 10281.1 10285.5 10295.6 10300.9 10305.3 10310 10311.4 10306 10299.2 10292.7 10288.4 10286.5 10284.6
10351.3 10364.7 10383.5 10410 10433 10451.3 10457.8 10451.3 10424.6 10396 10378.1 10365.4 10355 10346.6 10340.7 10335 10327.4 10322 10318.1 10315.1 10311.9 10308.6 10305.7 10304.6 10298.2 10293.2 10287.9 10282.8 10281.7 10276.5 10271.6 10268.2 10265.9 10264.5 10264.2 10263 10262.5 10263.1 10264.8 10269.5 10272.6 10278.4 10285.6 10293.3 10300.7 10302.7 10300.3 10297.9 10292.1 10283.1 10274.9 10269.5 10272.7 10280.6 10292.9 10310.5 10310.4 10312.1 10317.8 10328.1 10329.9 10317.4 10306.4 10296.9 10288.8 10284.5 10282.8
10366.1 10378.2 10400.5 10420.5 10438.1 10450.7 10451.5 10443.7 10407.5 10385.6 10367.1 10354.2 10343.9 10335.1 10328.4 10323.9 10319.6 10316.9 10316.1 10313.2 10311.3 10308.8 10306.6 10302.9 10302.6 10301.6 10297.1 10287.7 10284.6 10282.4 10274.4 10268.7 10264.5 10261.3 10258.5 10256.3 10256.3 10256.6 10257.1 10258.4 10265 10272 10279.7 10287.3 10292.4 10293.8 10291.5 10288.1 10282.3 10275.3 10269.7 10267.5 10271.5 10280.6 10293.8 10309.7 10311.9 10314 10320 10328.1 10329.3 10320 10309.6 10299.2 10286.9 10274 10277
10371.8 10383.9 10403.5 10422.4 10436.7 10446.5 10447.1 10434.5 10388.9 10370.1 10355.4 10344.2 10334.4 10324.8 10314.8 10311.8 10313.1 10313.4 10313 10311.7 10311.2 10310.8 10310 10308 10310.7 10313.5 10312.5 10304.7 10295.2 10285.9 10275.4 10268.8 10263.8 10259.6 10255.2 10252.8 10253 10252.4 10251.2 10251.3 10258.1 10265.4 10272.7 10280.1 10286.7 10284.7 10280.1 10275.6 10270.8 10266.1 10262.7 10262.3 10267.3 10275.7 10285.7 10293.5 10300.8 10307.3 10313.3 10318.3 10319.3 10316 10309.9 10302.7 10293 10279.4 10282
10388.9 10403.4 10417 10426.1 10436.4 10442.6 10440.8 10423.6 10368.8 10355.2 10344.5 10335.8 10327.8 10319.7 10311.3 10308.3 10309.9 10311.1 10310.9 10311.7 10312.8 10314 10316.7 10319.7 10323.8 10327.3 10330.3 10333.2 10308.6 10282.7 10274.6 10268.8 10264.3 10260.7 10257.8 10255.5 10253.5 10250.8 10248.9 10249.7 10254.1 10259.7 10265 10270.1 10276.8 10272.9 10267.7 10261.9 10259.5 10257.2 10255.4 10256 10261.3 10268.5 10276.3 10283 10290.1 10297.2 10303.1 10307.4 10309.5 10309.8 10308.8 10306.9 10305.4 10305 10295
10403.4 10413 10421.2 10427.5 10432.3 10435.2 10432 10414.5 10363.4 10347.3 10336 10329.2 10323.5 10318.7 10313.7 10310.6 10309.6 10309.3 10309.5 10310.9 10313.2 10316.8 10322.6 10330.9 10335.9 10336.5 10339 10340.8 10315.3 10285.2 10275.9 10270 10265.5 10262.5 10261.6 10261.9 10255.2 10250.1 10247.8 10248.7 10251.7 10255.5 10258.1 10257.9 10255.5 10259.6 10258.7 10254.6 10253 10250.4 10248.5 10250.4 10255.3 10261.7 10268.2 10275 10281.2 10286.4 10292.3 10296.9 10299.7 10303.1 10306.1 10308.4 10311.1 10310 10301.6
10419.8 10420.8 10415.5 10426.8 10426 10423.8 10416.5 10396.9 10353 10337.5 10328.3 10322.7 10319.8 10318.9 10317 10312.9 10310.1 10308.7 10308.6 10309.5 10312.2 10316 10322.9 10331.9 10337 10334.9 10335.1 10334.2 10317.8 10299.1 10280.3 10272.1 10266.5 10262.1 10260.2 10259.1 10252.2 10247.9 10245.9 10247.1 10250.7 10254 10255.6 10253 10248.3 10253.1 10255.8 10256.4 10251.6 10247.3 10242.7 10244.3 10251.2 10256.9 10261 10264.1 10267.6 10275.1 10282.4 10288 10291.8 10297 10302.2 10306.1 10309.6 10308.6 10301.5
10436.7 10428.6 10418.4 10414.8 10417.1 10408.9 10394.8 10372.2 10342.9 10330.5 10320.5 10314.9 10313.8 10317.1 10320.4 10313.1 10308.6 10306.3 10305.9 10306.7 10308.3 10311.5 10316.9 10321.9 10323.8 10322.8 10321.1 10318.1 10309.6 10295.6 10282 10273.8 10266.7 10259.9 10253.9 10247.7 10245.1 10244.6 10246.2 10248.1 10251.2 10255.2 10258.6 10260.4 10258.4 10253.8 10250.9 10251.9 10251.4 10249.8 10245.5 10247.5 10253 10256 10257.2 10256.9 10256.1 10266.4 10274.6 10281.8 10288.2 10293.8 10297.7 10301 10303.5 10302 10297.5
10445.4 10432 10419.9 10410.7 10406.4 10393.5 10372.8 10348.7 10330.3 10321.1 10309.1 10304.1 10303.8 10307.5 10310.7 10306.4 10303.5 10302.1 10301.8 10302.3 10303.4 10305.3 10306.6 10308.8 10307.6 10306 10302.6 10299.1 10296.9 10291.8 10283.3 10274.4 10265.9 10257.8 10249.3 10241.6 10239.6 10241.4 10242.6 10247.1 10251.8 10257.2 10263.3 10269.6 10268.1 10257.1 10245.7 10244.3 10254.7 10261.1 10260.1 10261.1 10261 10259.2 10257 10256.3 10261.3 10261.6 10268.3 10276.7 10285.9 10291.5 10292.2 10293.5 10295.3 10294.6 10291.2
