real_craters/C153-300m.grd
DSAA
341 341
-50.96 50.96
-50.96 50.96
9053.3441738034 10804.113052197
[rows 60 to 89 of 341, columns 268 to 334 of 341]
10202.9 10200.4 10198.9 10199.3 10202.1 10205.2 10207.9 10208.8 10204.4 10210.7 10224.7 10231.3 10228 10225.5 10224.3 10225.1 10218.1 10215.3 10219.8 10225 10230.5 10236.4 10242.3 10248.2 10254.2 10262.1 10273.7 10287.3 10300.2 10311.8 10321 10324.9 10336.6 10346.7 10354.1 10357.6 10359.3 10360.4 10359 10354.5 10349.3 10344.8 10340.7 10336.9 10333.1 10329.1 10325.8 10324.1 10324.6 10327 10329.8 10332.3 10334.6 10337.5 10340.5 10343.7 10344.3 10341.9 10342.5 10340.7 10338.8 10336.1 10338.3 10346.9 10356.5 10366.1 10374.9
10214.7 10211.6 10209.3 10208.6 10210 10212 10213.4 10213.9 10215.3 10220.3 10226.8 10231.6 10231.8 10232.5 10234.5 10236.5 10229.9 10226.6 10228.4 10231.7 10236.9 10241.8 10246.5 10251.9 10257.3 10261.4 10275.8 10289.7 10301.6 10311.7 10319.8 10327.4 10339.1 10349 10356.1 10360.9 10363.7 10364.1 10363.5 10358.6 10354.7 10351.3 10348 10344.7 10341.8 10339.2 10336.5 10334.4 10334.5 10334.6 10335.7 10337.2 10338.5 10340.4 10342.8 10346.4 10350.1 10347.3 10348.5 10347.5 10345.6 10340.6 10341.4 10350 10359.2 10368.5 10377.6
10231.9 10225 10217.1 10218.2 10219.6 10220.6 10221.3 10221.7 10223.1 10225.7 10226.9 10228.2 10232.8 10237.1 10241.3 10245.1 10244.3 10239.1 10237.7 10238.7 10241.7 10245.5 10250.9 10257.6 10265 10272.1 10284.6 10295.2 10304.5 10313.7 10323.3 10334.6 10343.1 10351.8 10360 10365.6 10366.9 10365.2 10361.3 10360.2 10358.6 10356.7 10354.3 10352 10350.2 10349.1 10349.1 10347 10344.2 10342.5 10342.1 10342.2 10343 10343.9 10344.5 10346.8 10348.9 10354.9 10356.5 10359.9 10353.3 10349.3 10350.5 10355 10362.1 10370.3 10379
10252.4 10242.3 10236.4 10232.3 10231.9 10231.5 10230.6 10229.6 10228.6 10228.1 10229 10230.4 10235.5 10241 10245.9 10250.4 10251.8 10248.2 10245.8 10245.1 10245.6 10248.7 10255.2 10263.4 10274.2 10290.2 10297.7 10300.8 10307.1 10315.1 10324 10332.9 10342.9 10353 10362.8 10369.9 10369.3 10367.2 10363.3 10363.1 10362.5 10361.3 10359.5 10358.4 10357.5 10357.2 10356.4 10354.8 10351.8 10349.4 10348 10347.1 10346.7 10346.4 10346.4 10346.6 10347.9 10356.1 10358.9 10358.2 10355.7 10354.7 10355.4 10358.6 10364.3 10371.3 10379
10271.5 10259.4 10248.7 10248 10246.5 10244.3 10241.4 10238.6 10235.6 10233.9 10234 10236.9 10240.7 10245 10249.5 10253.3 10254.8 10254.1 10252.5 10251.2 10251 10253.6 10258.9 10267.1 10277.7 10290.6 10298.2 10301.5 10307.5 10315.3 10324 10333 10342.5 10352.4 10361.4 10367.4 10370 10370.2 10369.6 10368.3 10366.4 10364.8 10363.5 10362.9 10363.1 10363.9 10363.3 10361.4 10357.8 10354.7 10352.4 10350.8 10350.1 10349.4 10348 10346.8 10346.5 10354.8 10357.5 10357 10356.7 10357.3 10357.4 10360.7 10365.4 10371.2 10377.6
10289.4 10280.6 10272.1 10267 10262.6 10258.2 10253.7 10248.8 10243.3 10239 10238.5 10242 10245.4 10249.1 10253.2 10256.9 10259.1 10259.7 10258.5 10257 10255.9 10256.2 10262 10268.6 10276 10283.9 10290.8 10297.4 10305.9 10314.6 10323.2 10331.9 10341.1 10350.8 10359.6 10365.9 10370.4 10372.3 10373.5 10372.2 10369.2 10367.3 10365.9 10365.7 10366.7 10368.7 10371.6 10366.7 10362.3 10358.9 10356.4 10354.7 10353.4 10352.1 10351.1 10349.3 10346.8 10349.9 10354.8 10359.4 10362.2 10360.4 10360.2 10362.4 10365.9 10370.6 10375.7
10305.6 10303.4 10297.4 10287.3 10279.3 10272.8 10267.1 10261.4 10254.7 10244.1 10247.1 10249.6 10251.3 10253.7 10256.9 10261.1 10266.3 10265.8 10264.3 10263 10262.5 10264.1 10266.7 10270.4 10274.4 10276.6 10279 10293.2 10304.9 10314.6 10322.9 10330.6 10339.2 10348.9 10359 10367 10371.1 10372.6 10373 10371.8 10369.4 10367.7 10367 10366.9 10367.6 10369.1 10370.9 10367.5 10364 10361.3 10359 10357.5 10356.4 10355.5 10355.2 10354.7 10354.5 10352.7 10353.4 10356.4 10360.1 10362.1 10362.5 10363.7 10366.1 10369.7 10373.7
10317.6 10319.3 10314.3 10303.6 10294.7 10287.4 10281.5 10276.5 10272.4 10271.5 10267.2 10261.9 10259.3 10259.1 10260.6 10262.8 10267.7 10269.7 10269.6 10268.6 10267.9 10269 10270.4 10273.3 10276.6 10279 10283.3 10295.7 10307.4 10316.7 10324.2 10329.8 10334.3 10347.8 10359.7 10368.1 10371.6 10371.6 10370.2 10368.4 10367.3 10366.7 10366.3 10366.2 10366.1 10365.6 10365.4 10365.3 10363.9 10362.2 10360.8 10359.6 10358.9 10358.7 10359 10359.2 10356.3 10347.4 10344 10353.9 10361.4 10364.8 10363.6 10363.4 10365.7 10368.9 10372.2
10325.1 10326.4 10322.3 10314 10306.2 10299.7 10294.4 10291 10289.1 10288.2 10283.3 10273.4 10265.5 10265.3 10266.2 10266.6 10268.1 10273.4 10275.8 10274.3 10272.6 10271.6 10273.4 10277.6 10282.7 10288.4 10293 10305.1 10313.7 10321.4 10328.6 10335.2 10342.2 10353.3 10362.1 10369 10371.4 10369.9 10367.1 10364.6 10364.7 10364.9 10364.9 10364.9 10364.3 10362.9 10361.8 10363.1 10363 10362.4 10361.5 10360.9 10360.7 10360.9 10361.9 10363 10360.3 10350 10345.5 10357.1 10369.8 10368.5 10363.5 10362.3 10365.9 10369.1 10371.6
10329.7 10329.1 10325.7 10319.7 10313.4 10308 10304.3 10302.3 10302.5 10303.6 10299.7 10286.5 10275.3 10275.2 10275.3 10276.3 10284.4 10289.6 10284 10280.2 10277.4 10275.9 10277.5 10282.8 10289.8 10299.8 10315.9 10317.9 10320.7 10326.6 10334.2 10343.7 10356.3 10361.2 10364.1 10368.2 10369.6 10367.7 10365 10361.1 10362.9 10363.7 10363.9 10363.7 10363.2 10363 10362.6 10362.3 10362.3 10362.1 10361.9 10362 10362.1 10362.5 10363.2 10362.9 10361.5 10359 10359.9 10363.3 10366.4 10369.1 10366.6 10365.8 10368.3 10370.3 10371.9
10331.8 10330.8 10328 10323.8 10319.2 10315.1 10312 10310.6 10310.9 10313 10312.6 10303.1 10293.9 10291.7 10286.9 10283.7 10290 10293.3 10289 10285.1 10282.6 10281.6 10283.4 10288.3 10294.8 10304.1 10316 10320 10323.5 10329.8 10337.6 10346.4 10356 10360.2 10363 10364.3 10363.7 10366.2 10365.1 10364.1 10363.7 10363.4 10363.1 10362.5 10362.2 10362.6 10362.4 10361.7 10361.6 10361.9 10362 10362.4 10362.7 10363.5 10363.9 10364.5 10364.9 10366.5 10369.5 10370.6 10372 10372.4 10372.3 10372.8 10372.4 10372.6 10373.3
10331.2 10331 10329 10326 10322.6 10319.6 10317 10315.3 10314.3 10315 10320 10316.3 10322.9 10313.7 10299 10288.8 10290.5 10292.6 10290.5 10288.4 10287.2 10288.1 10291 10292.7 10297.2 10302.9 10306.4 10313.5 10323.2 10331.6 10339.5 10346.2 10349.3 10354.2 10361.6 10365.8 10370.3 10366.4 10365.6 10365.7 10364.4 10363.1 10362.3 10361.8 10361 10359.8 10360.3 10360.7 10361 10361.4 10361.7 10362.6 10363.1 10363.7 10364.3 10365 10367.2 10370.8 10376 10375.5 10375.1 10375.7 10375.9 10376.6 10375.4 10375 10375.4
10329.1 10328.8 10328.5 10326.7 10323.8 10322.1 10319.4 10317.7 10315.2 10309 10296.5 10316.5 10334.7 10325.7 10309 10294.4 10293.8 10290.4 10291.5 10291.1 10290.3 10290.6 10292.2 10294.9 10298.9 10303.2 10308.1 10315.3 10324 10333.5 10341.9 10348.8 10353.8 10359.8 10363.6 10364.7 10361.5 10364.5 10364.8 10364.3 10363.6 10362.5 10361.8 10361.1 10360.5 10360 10359.8 10360.1 10360.3 10360.8 10361.1 10361.9 10362.6 10363.8 10364.7 10364.2 10367.9 10371.6 10373.9 10375.9 10377 10377.5 10375.6 10376 10375.7 10375.8 10376.8
10327.2 10327 10327 10325.5 10323.8 10322.5 10320.7 10319.8 10317.9 10314.8 10309.5 10319.6 10321.9 10318.3 10317.5 10315.4 10303.2 10297.4 10295.8 10294.6 10293.4 10292.6 10292.9 10296.6 10301.6 10306.2 10309.7 10314.5 10327.1 10336.9 10345.6 10353.6 10361.6 10367 10367.3 10366.2 10364.9 10364.5 10364.3 10363.5 10362.7 10362 10361.5 10361 10360.6 10360 10359.8 10359.9 10359.9 10360.2 10360.4 10361.1 10362.2 10363.6 10366.1 10369.9 10370 10371.8 10373.9 10375.7 10377.2 10371.1 10372.4 10373.3 10374.7 10376.4 10378.6
10326 10328.6 10324.8 10323.3 10322.4 10322 10321.5 10321.4 10322.2 10326 10337 10331.7 10318.1 10314.3 10316.4 10314.3 10309.3 10305.3 10301.9 10299.1 10297.3 10296.2 10296 10300.2 10306.1 10312 10318.4 10327.3 10334 10341.7 10349.6 10357.5 10365 10370.4 10370.6 10368.8 10366.5 10365.6 10364.4 10363.1 10362.1 10361.1 10361.1 10361.1 10361 10360.8 10360.2 10359.9 10359.7 10359.5 10359.5 10359.7 10360.4 10361.7 10364.5 10367.3 10369.2 10370.8 10372.5 10374.1 10374.3 10370.3 10370.9 10371.6 10373.5 10376.3 10379.2
10311.5 10316.6 10319.9 10320.5 10321.1 10321.5 10322 10322.3 10323.5 10326.9 10332.8 10328.7 10324.4 10323.2 10318 10314.2 10311.7 10310.3 10306.7 10303.4 10302.2 10302.1 10303.1 10307.5 10312.5 10318.7 10326.5 10336.3 10340.2 10346 10352.8 10359.8 10367 10372.4 10372 10370.5 10369.2 10367.2 10364.6 10361.8 10359.4 10360.4 10361 10361.3 10361.6 10361.7 10360.5 10359.6 10358.7 10358 10357.7 10357.1 10357.4 10358.3 10360.7 10363.9 10365.5 10368.1 10370.9 10372.8 10373.5 10374.2 10371.3 10371 10372.6 10376.5 10379.9
10306.1 10310 10313.9 10316.6 10318.3 10319.4 10320.2 10321.2 10322 10321.6 10314.1 10312.5 10324.1 10326.6 10319.7 10315.6 10312.7 10309.5 10307.1 10306.8 10307.3 10308.6 10312.2 10314.6 10318.5 10324.3 10330.8 10336.5 10342.7 10348.6 10354.7 10360.7 10366.1 10369.6 10370.8 10370.4 10369.8 10367.7 10364.7 10362.3 10360.9 10360.8 10361.4 10361.8 10361.6 10361.1 10360.5 10359.1 10357.8 10356.5 10355.4 10354.7 10354.2 10353.9 10353.5 10355.4 10359.8 10363.8 10367.6 10369.1 10365.3 10357.7 10372.8 10372 10373.6 10377.6 10380.5
10302.3 10306.7 10309.8 10313 10315.4 10316.7 10318.4 10319.8 10321 10321 10321.4 10324.2 10323.5 10322.1 10323.3 10319 10314.4 10309.9 10308.2 10310.9 10313.1 10314.5 10315 10317.9 10324 10329.3 10334.4 10339.3 10344.7 10350.4 10355.9 10361.1 10365.2 10367.9 10369.1 10369 10367.2 10365.1 10364.4 10362.7 10362 10361.4 10361.9 10362.8 10362.9 10362 10360.8 10358.7 10356.8 10355 10353.4 10352.2 10350.7 10349.7 10348.6 10349.9 10354.2 10358.4 10362.9 10368.3 10364.2 10375.4 10371 10373.2 10378.4 10379.6 10380.3
10297.1 10302 10306 10309.7 10312.5 10315.6 10317.7 10319.8 10321.6 10323.1 10325.6 10326.6 10325.1 10324.2 10324.1 10320.5 10317.5 10314.7 10313.6 10318.1 10320.4 10322.1 10324.1 10327.3 10331.1 10334.8 10338.5 10342.2 10347 10352 10357 10361.4 10364.8 10366.5 10367.6 10368 10368 10368.1 10364.2 10362.5 10361.2 10361.5 10362.2 10363.6 10366.6 10365 10360.8 10358 10355.6 10353.5 10351.5 10349.6 10348 10346.7 10345.9 10346.9 10349.6 10352.3 10354.2 10353.8 10352.6 10349.3 10354.2 10367.4 10378.4 10378.4 10378.4
10294.6 10299.8 10305.4 10310.1 10313.8 10317.2 10320.2 10322.5 10324.6 10325.9 10327.3 10327.9 10325.7 10323.5 10318.2 10319.7 10321.5 10324.8 10330.1 10328.4 10328.5 10330 10332.9 10336.2 10338.2 10340.6 10343.1 10345.8 10349.6 10354.1 10358.7 10362.6 10365.6 10367.3 10368.2 10367.6 10365.6 10362.5 10362.4 10362.2 10362 10361.9 10361.8 10361.9 10362 10361.6 10359.3 10356.7 10354.2 10351.8 10349.5 10347.2 10345.3 10344 10344.2 10344.3 10345.3 10346.8 10346.8 10343.4 10342.1 10338.2 10342.7 10356.6 10368.3 10371.3 10373.1
10295.8 10299 10304.7 10307.8 10312 10315.7 10319.1 10322.1 10324.6 10326.7 10328 10327.1 10324.6 10319.5 10316.3 10320.3 10324.8 10330.4 10335.8 10335 10335 10336.9 10339.9 10342.8 10345 10346.1 10347.6 10349.3 10352.3 10356.7 10360.9 10364.6 10367.4 10369.5 10370.1 10368 10364.6 10360.2 10361.7 10362.6 10362.7 10362.1 10361.5 10360.1 10357 10357.7 10357.1 10355.3 10352.9 10350.5 10348.1 10345.4 10343.2 10341 10339.2 10340.5 10341.9 10343.1 10343.4 10343.6 10341.2 10337.7 10337.2 10347.7 10355.6 10361.4 10366
10297.9 10300.5 10304.5 10308.7 10312.7 10316.3 10319.8 10322.9 10325.7 10328.1 10330 10328.7 10327.9 10323.6 10321 10323.5 10327.3 10331.4 10334.3 10336.8 10339 10341.8 10345.7 10350.5 10351 10350.8 10351.6 10353.3 10356.6 10359.4 10363.5 10367 10369.6 10370.9 10370.8 10369.7 10367.3 10364 10364.9 10364.5 10362.9 10361.9 10362.2 10361.1 10358.7 10357.7 10356.1 10354.1 10351.9 10349.3 10346.6 10344.1 10341.5 10339 10337 10337.7 10339.1 10340.1 10341.5 10342.5 10341.7 10340.5 10341.1 10343.7 10348.1 10353.1 10358.2
10301 10302.8 10306.2 10309.7 10313.6 10317.1 10320.7 10324 10326.8 10330 10333.1 10336.9 10335.2 10330.8 10327.9 10327.8 10329.7 10332.6 10335.5 10338.6 10341.4 10344.4 10348.1 10352.7 10353.1 10353.7 10354.8 10355.5 10355.8 10362.2 10366.9 10370.2 10372.3 10373.2 10373.3 10372.6 10371.8 10373.2 10370.5 10367.7 10366.3 10365.5 10364.2 10363.4 10363.8 10358.8 10355.7 10353.1 10350.4 10347.7 10345 10342.5 10340.2 10338.5 10337.6 10337.2 10337.8 10338.8 10339.6 10340.2 10340.7 10342 10343 10340.5 10340.8 10344.3 10351.5
10302.1 10304.2 10307.2 10309.7 10313.3 10317.4 10320.8 10324.5 10328.6 10332.3 10334.6 10336.3 10336.4 10336.6 10333.2 10330.6 10331.7 10334.3 10337.8 10340.5 10342.9 10345.5 10347.9 10349.2 10352.1 10355.5 10358.2 10360.6 10363.4 10367.9 10371.7 10374.1 10375.4 10375.9 10376.1 10374.7 10373.6 10373 10371.1 10369.2 10368.5 10368.3 10365.2 10362.3 10359.6 10357.7 10354.8 10352.1 10349.3 10346.5 10343.6 10341.1 10339 10337.7 10337.1 10336.4 10336.7 10337.5 10338.3 10339.5 10341.3 10342.5 10340.1 10336.4 10335 10338.8 10346.8
10302.3 10305.5 10308.7 10312.1 10316 10319.7 10323.4 10326.9 10329.7 10332.8 10335.3 10336.4 10336.2 10335.2 10331 10330.7 10332.6 10335.4 10338.2 10340.9 10343.9 10346.2 10348 10350.2 10353.3 10357.3 10362 10367.1 10371.9 10375.7 10377.6 10378.4 10378.4 10377.8 10376.4 10375 10373.1 10370.7 10368.8 10368.3 10368.4 10366.2 10365.3 10360.8 10357.5 10355.9 10353.7 10351.1 10348.3 10345.5 10342.7 10339.6 10337.4 10335.6 10334.9 10334.9 10335.5 10336.3 10337.2 10338.3 10340.2 10343.4 10346.1 10335 10336.3 10339.6 10345
10304.3 10308 10311.5 10314.9 10318.3 10321.9 10325.3 10327.9 10331.2 10334 10336.3 10338.2 10337.5 10331.9 10328.9 10330.6 10333.6 10336.9 10340.1 10343 10345.4 10347 10348.1 10349.9 10352.8 10358 10364.9 10372.7 10380.5 10383.5 10383.2 10382.3 10381.1 10379.7 10377.7 10375.5 10372.6 10368.8 10366 10365.6 10366.9 10374 10364.6 10359.5 10356.8 10355.2 10352.8 10350 10347.1 10343.8 10341 10338.4 10335.7 10333.2 10332.4 10333.6 10334.5 10335.5 10336.5 10337.1 10337 10341.5 10340.6 10339.9 10338.9 10340 10345.1
10308.1 10310.8 10314 10317.1 10320.5 10323.6 10326.6 10329.6 10332.4 10334.5 10336.6 10338.8 10340 10333.3 10330.2 10331.7 10335.2 10339.3 10343.5 10347 10347.8 10348.1 10348.1 10347.9 10349.8 10357.5 10366.2 10375.7 10384.8 10388.5 10386.9 10384.7 10382.8 10381.2 10379.5 10376.6 10372.5 10368 10364.4 10361.7 10359.4 10354.4 10356.1 10359.6 10358.6 10355.4 10352.2 10349 10345.6 10342.7 10340 10337.3 10335 10333.4 10332.6 10333 10334 10335.2 10336.5 10337.7 10339.5 10342.3 10346.4 10344.6 10344.7 10343.7 10348.6
10312.3 10314 10316 10318.4 10321.7 10324.7 10327.4 10330 10332.8 10334.8 10336.3 10336.6 10334.8 10330.7 10329.8 10332.4 10337 10341.7 10345.9 10348.8 10349.9 10349.5 10348.8 10348.5 10350.3 10356.9 10365.2 10375.1 10386 10390.9 10387.1 10384.5 10382.7 10381.4 10380 10377 10372.6 10367.1 10361.2 10358.7 10354.5 10346.8 10351.6 10359.1 10358.7 10355.1 10351.4 10347.7 10344.4 10341.7 10338.9 10336.4 10334.4 10333.5 10333 10333.2 10334.3 10335.7 10337.3 10338.9 10341.1 10342.9 10345.2 10355.2 10354.1 10355.4 10355.7
10314.4 10316.4 10318.3 10320.8 10323.1 10325.8 10328.2 10330.4 10332.2 10334.1 10334.8 10334.6 10331.7 10328.4 10330.6 10334.8 10339.6 10344.5 10348.9 10352.4 10352.5 10351.2 10349.7 10349.3 10351.2 10355.3 10361.6 10369.7 10378.6 10383.7 10381.6 10381.2 10381 10380.6 10379.6 10377.1 10373 10367.6 10362.9 10358.7 10356 10356.5 10358 10359.7 10356.8 10353 10349.4 10346 10343 10340 10337.5 10335.5 10333.7 10331.1 10332 10333.4 10334.8 10336.5 10338.5 10340.7 10341.9 10344.2 10346.6 10355.6 10358.5 10361.7 10359.2
10316.2 10318.7 10320.8 10322.8 10324.7 10326.9 10328.4 10331 10332.4 10334.1 10335.1 10335.1 10334 10332.9 10335.1 10338.8 10343 10347.8 10352.2 10355.2 10354.8 10352.3 10349.6 10348 10349.1 10351 10355.4 10361 10364.8 10365.3 10372.7 10376.1 10378.2 10379.1 10379.3 10378 10373.9 10368.5 10362.4 10359.7 10357.9 10356.6 10354.9 10352.6 10352 10349.6 10346.6 10343.9 10341.1 10338.8 10336.5 10334.7 10334.2 10334.9 10333.3 10333.8 10335.1 10337.2 10339.6 10343 10347.9 10350.7 10349.9 10352.1 10357.6 10357.3 10357.6
