real_craters/C153-1000m.grd
DSAA
59 59
-29.12 29.12
-29.12 29.12
7053.0109991732 9787.1018348122
[rows 0 to 33 of 59, columns 0 to 58 of 59]
9656.17 9608.43 9573.04 9527.18 9571.82 9500.01 9392.51 9228.68 9135.26 9157.09 9172.33 9175.59 9172.98 9171.24 9185.94 9245.52 9230.12 9191.23 9194.79 9241.11 9173.85 9167.52 9182.19 9138.72 8915.53 8847.87 8808.67 8776.83 8745.13 8731.29 8708.92 8681.34 8652.72 8618.59 8629.71 8625.27 8626.83 8639.29 8666.38 8705.94 8714.36 8727.46 8737.06 8722.85 8701.69 8689.19 8654 8595.78 8564.56 8545.35 8535.29 8530.9 8528.06 8516.07 8481.78 8470.39 8479.95 8493.9 8500.23
9675.16 9637.25 9557.89 9569.89 9597.58 9576.8 9562.08 9518.72 9349.06 9265.69 9250.56 9247.51 9250.36 9248.21 9265.03 9230.55 9155.72 9121.75 9121.48 9094.64 9030.54 9027.09 9004.89 8943.25 8871.24 8818.67 8823.3 8783.61 8753.38 8726.72 8705.45 8682.98 8657.56 8641.97 8625.89 8612.89 8594.87 8582.51 8635.65 8707.3 8768.84 8767.62 8754.24 8719.79 8697.79 8719.79 8694.72 8605.59 8555.17 8550.79 8529.03 8513.7 8495.53 8476.42 8475.99 8478.65 8485.94 8497.62 8498.94
9696.63 9645.83 9590.83 9599.34 9628.23 9598.64 9545.77 9528.52 9462.81 9366.77 9318.86 9305.11 9314.7 9336.75 9301.61 9225.11 9140.46 9082.26 9052.67 9015.23 8967.68 8944.86 8908.26 8866.23 8835.04 8811.86 8783.33 8775.68 8754.05 8735.22 8712.32 8685.54 8662.44 8647.13 8630.54 8608.85 8590.94 8575.82 8642.95 8759.5 8860.42 8789.83 8744.42 8715.15 8678.11 8666.08 8627.1 8590.29 8547.81 8530.79 8521.25 8500.91 8480.29 8467.15 8479.26 8493.09 8501.79 8510.07 8524.12
9712.13 9630.08 9637.28 9635.51 9644.01 9605.98 9551.55 9512.28 9453.02 9418.54 9382.88 9360.86 9348.82 9333.45 9294.65 9216.19 9132.79 9062.48 9011.55 8966.48 8931.6 8900.61 8864.9 8823.02 8809.23 8800.48 8783.36 8770.29 8752.67 8734.44 8717.21 8691.02 8664.29 8649.41 8622.36 8609.38 8612.06 8644.76 8639.44 8705.01 8753.53 8750.6 8766.52 8731.01 8742.7 8686.02 8609.17 8579.16 8538.61 8531.85 8512.16 8493.59 8479.65 8485.62 8495.46 8504.02 8506.09 8511.01 8533.48
9720.15 9683.26 9664.64 9657.09 9651.53 9610.87 9556.81 9495.76 9472.58 9448.9 9424.87 9395.65 9362.48 9318.84 9262.63 9202.88 9131.11 9059.16 8991.65 8934.11 8895.68 8863.49 8820.89 8814.26 8801.57 8801.07 8796.57 8776.29 8755.36 8732.27 8714.14 8696.75 8671.73 8661.54 8630.26 8618.77 8618.71 8618.65 8622.83 8648.83 8663.18 8664.71 8658 8690.79 8700.46 8657.29 8614.28 8581.91 8528.18 8491.47 8488.19 8492.38 8492.55 8487.45 8502.53 8486.53 8481.11 8505.47 8527.73
9729.59 9717.1 9688.21 9673.53 9658.61 9635.59 9581.17 9514.19 9489.07 9477 9450.01 9419.61 9388.62 9341.62 9263.95 9206.44 9135.51 9052.45 8994.82 8932.56 8883.17 8847.52 8831.25 8799.65 8803.62 8802.54 8796.97 8784.41 8763.35 8742.24 8734.47 8708.75 8678.73 8663.65 8653.89 8644.3 8629.71 8609.15 8634.09 8656.63 8639.07 8640.06 8637.82 8638.91 8611.26 8600.41 8580.68 8550.18 8543.42 8505.83 8482.09 8500.82 8516.82 8516.74 8511.85 8506.71 8500.3 8503.46 8512.47
9744.85 9743.25 9730.85 9708.11 9710.67 9668 9646.92 9601.82 9566.24 9510.43 9463.42 9425.72 9408.35 9378.32 9315.55 9233.53 9162.98 9091.08 9005.06 8938.03 8889.87 8851.23 8807.13 8820.87 8812.24 8802.36 8789.26 8795.64 8776.22 8755.06 8737.71 8723.77 8701.59 8669.59 8651.15 8650.78 8660.18 8676.94 8702.39 8697.24 8715.16 8673.15 8653.53 8622.85 8599.71 8582.81 8557.33 8556.12 8562.66 8515.16 8504.67 8520.4 8531.95 8531.88 8518.64 8507.53 8505.54 8511.41 8502.75
9787.1 9761.08 9748.02 9717.1 9698.09 9686.07 9660.78 9621.28 9594.33 9527.05 9467.03 9416.03 9362.7 9364.54 9315.65 9250.03 9189.4 9133.39 9047.07 8967.15 8917.97 8880.44 8862.82 8845.68 8825.55 8801.87 8777.82 8798.58 8801.61 8781.34 8766.88 8750.62 8743.8 8682.06 8661.52 8677.32 8700.23 8711.93 8698.37 8702.42 8691.62 8664.65 8637.67 8622.07 8599.12 8573.51 8556.91 8576.34 8590.15 8564.15 8553.31 8547.29 8542.65 8530.62 8518.84 8517.37 8537.29 8530.17 8499.82
9757.02 9737.27 9721.7 9702.74 9697.81 9718 9667.97 9613.81 9557.7 9509.27 9455.63 9400.42 9355.57 9297.13 9280.69 9244.87 9202.81 9149.68 9073.11 9018.43 8965.51 8920.69 8881.19 8874.04 8853.96 8823.45 8784.27 8851.37 8832.49 8805.96 8784.56 8753.23 8741.43 8702.6 8689.42 8694.61 8732.72 8765.1 8736.86 8710.86 8681.57 8681.86 8661.86 8630.58 8614.54 8586.85 8582.68 8592.42 8604.69 8586.26 8583.19 8574.08 8548.08 8518.09 8517.1 8524.15 8545.98 8531.18 8493.48
9715.56 9700.73 9673.35 9661.03 9672.28 9681.76 9666.11 9622.92 9556.8 9499.84 9445.78 9389.71 9335.38 9282.52 9254.81 9240.38 9213.25 9187.56 9147.03 9079.12 9007.85 8957.31 8948.86 8910.39 8922.65 8903.86 8906.54 8871.83 8865.62 8826.35 8766.92 8724.02 8719.67 8740.05 8729.98 8749.06 8755.19 8766.17 8765.28 8725.48 8690.05 8663.7 8653.29 8632.62 8598.58 8585.77 8591.12 8621.97 8616.45 8603.32 8601.17 8599.29 8593.94 8532.01 8518.68 8512.14 8513.26 8502.51 8477.02
9708.64 9704.47 9738.18 9704.74 9646.02 9631.34 9629.36 9581.52 9543.56 9495.37 9442.55 9391.24 9345.79 9316.53 9284.92 9251.06 9217.44 9187.62 9125.25 9074.55 9022.38 8988.05 9056.06 9063.7 9019.91 9003.58 8978.23 8954.77 8926.12 8862.49 8789.59 8728.13 8705.19 8741.86 8761.87 8781.79 8776.24 8779.76 8744.78 8738.43 8709.23 8679.39 8653.06 8642.59 8626.41 8611.86 8599.55 8643.36 8625.27 8622.82 8632.54 8612.06 8586.36 8553.36 8527.35 8501.55 8485.34 8480.72 8459.35
9721.28 9716.33 9735.49 9710.45 9661.36 9632.66 9575.97 9532.38 9513.82 9476.12 9435.43 9399.74 9379.29 9380.76 9319.27 9263.84 9219.22 9165.2 9105.98 9060.77 9042.93 9024.62 9074.21 9076.41 9039.1 9027.33 9104.8 9102.45 8963.49 8898.13 8869.9 8820.72 8787.49 8761.02 8760.71 8774.48 8790.23 8792.13 8793.75 8783.51 8738.84 8681.27 8660.31 8660.64 8653.68 8633.98 8660.75 8599.45 8613.77 8629.52 8622.6 8607.48 8602.03 8574.23 8535.81 8505.43 8481.1 8457.4 8445.06
9732.16 9725.38 9727.89 9719.81 9675.58 9644.08 9592.08 9545.62 9498.79 9462.61 9437.99 9407.37 9370.98 9336.68 9327.04 9279.79 9222.82 9164.45 9119.94 9070.31 9072.19 9106.72 9141.3 9040.21 8970.13 8941.82 8885.78 8818.83 8842.37 8888.34 8941.16 8929.7 8853.68 8833.59 8800.71 8851.87 8842.93 8806.69 8876.61 8848.56 8779.8 8698.32 8681.77 8688.12 8685.29 8662.56 8642.85 8639.44 8623.93 8630.83 8641.53 8611.68 8590.62 8569.92 8537.61 8503.32 8470.88 8445.37 8434.06
9736.9 9716.06 9752.92 9733.73 9674.53 9633.17 9602.68 9556.64 9512.53 9468.65 9457.7 9432.37 9393.96 9373.5 9338.61 9291.48 9242.56 9184.59 9148.86 9097.5 9062.43 9047.97 8931.37 8863.23 8854.44 8845.92 8822.05 8735.21 8745.04 8832.77 8943.74 9091.19 9029.47 8932.89 8941.21 8925.81 8930.12 8962.19 8931.03 8884.21 8804.42 8746.36 8715.18 8716.14 8703.27 8674.2 8660.01 8621.8 8620.32 8633.56 8634.11 8613.02 8580.1 8559.03 8533.1 8500.11 8463.03 8442.02 8427.24
9738.25 9714.01 9728.03 9707.72 9659.98 9612.04 9596.59 9569.72 9534.74 9513.6 9486.32 9468.22 9418.21 9384.46 9349.11 9309.93 9276.71 9238.08 9172.4 9095.45 9019.03 8961.11 8884.04 8875.96 8815.25 8747.2 8711.29 8718.61 8739.79 8720.64 8750.87 8822.11 8906.41 8888.57 9001.69 9026.98 9049.03 8974.43 8982.41 8938.88 8815.74 8707.99 8714.09 8746.62 8736.88 8694.1 8661.54 8611 8645.76 8636.43 8623.5 8626.51 8596.52 8562.21 8531.83 8500.98 8471.84 8436.59 8424.63
9731.68 9692.9 9674.73 9660.84 9632.69 9612.47 9593.33 9571.91 9536.94 9485.41 9504.11 9506.96 9432.75 9399.52 9368.93 9327.78 9297.53 9303.83 9224.87 9090.77 8987.51 8913.76 8992.61 8880.82 8761.37 8588.81 8558.47 8676.83 8646.56 8525.97 8456.69 8484.42 8533.77 8626.49 8681.52 8703.7 8854.1 8951.82 8964.31 9043.6 8929.25 8751.84 8699.52 8769.76 8758.67 8703.57 8664.44 8614.92 8647.35 8639.63 8620.24 8593.6 8580.74 8559.07 8529.11 8500.3 8472.15 8448.57 8432.65
9716.85 9700.72 9683.66 9674.53 9638.9 9607.8 9591.18 9559.6 9535.16 9513.73 9501.11 9507.86 9497.36 9455.6 9379.34 9314.31 9253.18 9194.94 9121.86 9063.46 8930.75 8817.12 8779.62 8568.31 8375.64 8298.94 8230.64 8167.3 8242.48 8221.65 8150.5 8021.84 8164.37 8305.26 8357.42 8278.95 8354.22 8559.27 8696.45 8755.32 8959.82 8857.05 8733.24 8749.21 8735.92 8695.1 8673.66 8628.12 8634.84 8631.85 8626.76 8589.95 8573.89 8552.13 8527.98 8502.34 8480.82 8456.62 8432.21
9694.64 9662.06 9675.7 9663.89 9614.62 9594.2 9585.71 9558.29 9527.53 9503.84 9480.66 9457.84 9514.2 9465.19 9379.14 9297.04 9229.98 9160.37 9212.44 9014.09 8773.64 8602.61 8467.48 8272.78 8059.01 8015.33 7955.05 7891.99 7954.25 7938.19 7912.03 7971.39 7997.71 8045.14 8053.21 8001.76 8113.39 8286.78 8404.69 8481.09 8651.82 8822.35 8833.14 8733.42 8717.5 8696.16 8642.89 8613.9 8609.78 8609.3 8595.53 8571.12 8566.1 8545.85 8521.66 8495.8 8475.61 8453.96 8432.91
9699.41 9673.4 9659.15 9621.99 9597.38 9570.67 9569.24 9551.94 9532 9507.9 9492.63 9483.63 9461.81 9429.87 9351.21 9268.78 9185.08 9121.27 9044.92 8808.19 8613.75 8476.21 8301.14 8072.31 7905.74 7814.2 7767.23 7725.1 7709.53 7726.46 7720.94 7719.01 7836.5 7867.97 7849.81 7841.97 8001.71 8113.45 8236.49 8370.27 8409.5 8772.53 9075.57 8879.72 8750.44 8707.2 8683.61 8631.98 8581.35 8612.59 8596.42 8570.15 8561.23 8541.43 8514.55 8487.39 8454.01 8414.19 8405.07
9718.26 9679.83 9664.93 9661.57 9617.66 9553.28 9532.15 9541.47 9526.1 9508.69 9475.58 9449.08 9448.17 9383.36 9312.36 9233.32 9175.42 9100.39 8961.83 8623.54 8469.07 8358.26 8116.11 7908.99 7726.96 7671.29 7636.77 7619.78 7572.72 7589.96 7598.37 7622.21 7710.95 7743.39 7736.05 7725.77 7783.85 7934.14 8080.58 8198.34 8242.8 8547.58 8989.45 8813.06 8772.09 8697.34 8704.08 8678.97 8692.23 8679.11 8635.97 8586.26 8561.75 8538.91 8513.73 8483.85 8450.46 8415.07 8402.42
9711.26 9683.42 9670.01 9663.84 9601.21 9545.71 9536.78 9538.37 9513.74 9477.59 9433.55 9415.91 9412.93 9359.85 9286.07 9197.1 9075.6 8945.6 8695.83 8363.58 8177.39 7968.84 7884.81 7756.69 7619.8 7564.74 7543.06 7529.62 7506.13 7513.33 7535.34 7559.89 7625.33 7655.99 7671.14 7678.64 7719.63 7803.39 7947.06 8079.9 8083.9 8323.12 8643.73 8852.71 8860.2 8833.84 8693.67 8663.38 8696.88 8694.61 8678.33 8636.49 8575.45 8545.71 8514.25 8481.6 8450.5 8434.94 8412.26
9713.91 9685.37 9657.39 9627.28 9594.96 9546.12 9536.73 9526.87 9498.02 9476.04 9448.33 9385.38 9438.8 9336.72 9226.34 9110.62 8959.73 8705.59 8408.13 8122.81 7956.33 7860.95 7750.03 7647.1 7547.75 7499.43 7477.4 7460.7 7451.95 7464.35 7494.74 7506.74 7525.91 7597.2 7647.55 7668.02 7680.65 7726.66 7836.25 7917.96 7998.64 8144.28 8357.18 8681.84 8879.64 8982.18 8755.02 8654.42 8683.35 8676.39 8694.72 8683.26 8613.04 8561.66 8516.57 8482.12 8451.24 8423.73 8411.37
9699.09 9674.46 9651.78 9615.47 9593.94 9571.66 9522.63 9486.34 9470.03 9450.56 9393.01 9355.56 9357.34 9269.45 9146.48 8999.32 8848.05 8508.85 8178.66 7952.69 7805.6 7723.84 7651.44 7577.92 7508.45 7461.13 7440.67 7421.04 7413.87 7428.65 7461.52 7474.67 7492.29 7552.58 7629.13 7720.63 7632.17 7677.04 7773.42 7877.09 7955.53 8041.47 8115.72 8393.36 8779.84 9017.27 8820.07 8665.55 8720.91 8635.98 8672.13 8665.15 8621.28 8558.18 8517.28 8485.48 8454.59 8432.18 8422.75
9708.05 9679.92 9654.11 9637.83 9586.84 9553.38 9485.5 9445.4 9445.32 9441.74 9421.99 9358.66 9329.14 9213.01 9045.84 8829.53 8546.87 8259.08 8002.05 7844.13 7729.79 7632.6 7577.63 7520.07 7466.29 7424.84 7405.32 7393.62 7406.45 7425.51 7434.89 7447.85 7455.03 7508.46 7569.04 7588.61 7591.08 7636.45 7728.03 7858.8 7986.34 8025.36 8043.51 8242.36 8649.8 9009.87 8908.34 8699.36 8695.48 8640.39 8606.78 8649.71 8550.39 8535 8506.33 8478.8 8455.19 8437.4 8427.68
9727.97 9680.19 9638.42 9616.23 9576.97 9528.67 9506.43 9437.84 9434.19 9442.57 9455.26 9400.52 9341.85 9153.72 8937.65 8701.88 8456.61 8142.07 7897.96 7698.79 7626.54 7569.88 7525.24 7477.39 7423.58 7383.41 7375.51 7366.21 7367.87 7398.04 7427.98 7440.94 7447.61 7469.93 7506.38 7539.02 7567.95 7612.4 7682.25 7749.76 7944.38 8026.64 8056.14 8160.79 8472 8899.69 8908.46 8732.9 8705.02 8639.25 8608.27 8555.91 8536.26 8520.67 8503.82 8480.82 8458.42 8432.84 8416.16
9677.06 9645.7 9600.93 9554.97 9536.45 9490.77 9476.91 9452.18 9404.18 9385.39 9403.71 9379.04 9307.04 9092.44 8856.25 8613.68 8368.36 8021.94 7827.24 7666.73 7584.45 7537.26 7497.43 7452.47 7403.59 7366.95 7353.86 7346.55 7350.46 7380.23 7417.3 7441.09 7445.28 7457.7 7483.21 7512.74 7551.1 7649.3 7644.53 7701.19 7854.56 8007.44 8158.15 8134.81 8299.03 8759.63 8914.89 8701.04 8706.74 8637.7 8576.76 8539.88 8518.13 8518.83 8502.6 8478.19 8452.57 8429.06 8412.34
9619.44 9599.31 9567.78 9537.95 9525.4 9467.07 9474.26 9448.22 9372.34 9264.41 9233.96 9359.02 9233.04 9011.08 8756.29 8494.68 8259.85 8036.3 7813.85 7654.82 7568.3 7521.44 7481.5 7446.8 7405.26 7367.75 7340.51 7313.99 7308.55 7325.88 7444.78 7447.73 7455.24 7455.8 7466.7 7485.98 7515.95 7525.24 7577.06 7637.16 7780.15 7971.71 8155.48 8236.51 8238.77 8571.18 8803.01 8645.3 8662.72 8626.88 8557.74 8544.75 8524.29 8520.32 8498.22 8472.53 8447.08 8422.03 8393.94
9570.89 9565.21 9547.46 9532.65 9505.63 9482.64 9466.61 9463.86 9387.65 9267.75 9240.93 9329.48 9162.86 8931.16 8666.61 8377.89 8136.84 7985.92 7780.51 7624.65 7551.11 7513.89 7479.03 7450.52 7423.54 7392.43 7330.48 7267.28 7212.89 7185.1 7318.75 7405.73 7467.73 7471.82 7460.9 7456.91 7485.47 7505.34 7535.94 7604.97 7703.86 7898.14 8148.52 8239.77 8261.42 8648.2 8852.44 8754.72 8688.98 8614.6 8574.56 8540.5 8507.06 8505.82 8486.85 8466.19 8443.35 8416.27 8389.53
9579.18 9544.67 9521.28 9505.07 9471.05 9478.66 9462.71 9491.87 9441.81 9353.84 9326.47 9288.33 9123.37 8893.99 8621.94 8329.32 8070.75 7874.41 7736.42 7596.04 7533.55 7511.75 7483.54 7478.63 7444.49 7389.95 7323.25 7229.33 7117.72 7096.96 7194.91 7345.41 7463.3 7501.71 7472.68 7464.32 7471.15 7487.53 7513.72 7556 7616.87 7823.48 8053.42 8150.87 8254.8 8761.22 8927.46 8862.6 8718.32 8592.5 8552.03 8521.57 8484.33 8474.35 8468.69 8455.56 8441.39 8424.66 8407.11
9555.55 9525.56 9497.45 9482.42 9470.98 9446.67 9422.74 9421.65 9432.01 9356.05 9294.46 9275.9 9107.31 8874.27 8618.13 8362.67 8110.57 7892.27 7738.87 7634.56 7564.66 7529.03 7498.18 7466.01 7467.86 7419.15 7346.59 7239.85 7120.08 7053.01 7167.19 7327.39 7463.22 7519.58 7479.96 7460.09 7461.19 7482.04 7508.28 7548.74 7617.18 7842.22 8111.29 8137.94 8279.91 8779.83 8914.97 8799.56 8703.96 8622.56 8581.64 8524.92 8480.33 8463.38 8457.63 8451.09 8443.22 8435.21 8430.95
9543.93 9506.44 9487.99 9477.5 9464.35 9435.77 9391.97 9352.67 9348.05 9299.36 9279.73 9251.77 9097.73 8877.62 8635.27 8382.75 8134.26 7916.65 7751.02 7622.85 7562.47 7540.13 7509.31 7482.83 7493.1 7469.02 7406.01 7304.03 7196.29 7127.11 7273.58 7403.74 7491.66 7514.46 7476.72 7461.2 7476.87 7490.58 7519.07 7583.91 7721.57 8003.04 8208.59 8154.49 8301.52 8819.37 8889.47 8820.18 8747.55 8669.85 8571.63 8521.16 8479.98 8451.05 8451.53 8450.76 8448.08 8445.83 8433.43
9525.45 9484.97 9475.42 9463.6 9441.05 9408.01 9375.76 9361.13 9355.59 9298.35 9223.01 9248.33 9088.54 8872.73 8641.27 8415.66 8164.47 7945.21 7763.08 7646.59 7609.26 7547.4 7513.42 7494.25 7479.33 7485.25 7444.31 7377.74 7338.34 7371.01 7495.46 7497.31 7519.21 7522.27 7464.75 7446.61 7469.57 7494.41 7538.96 7635.09 7831.32 8092.44 8217.03 8156.4 8311.73 8722.29 8839.52 8837.14 8790.64 8701.57 8566.03 8526.4 8486.85 8462.24 8454.38 8454.32 8454.21 8453.86 8428.02
9465.67 9454.19 9461.59 9442.35 9398.11 9361.4 9358.51 9360.77 9383.89 9326.03 9269.6 9210.9 9099.04 8899.86 8646.47 8362.86 8225.68 7983.73 7763.5 7601.36 7527.87 7511.35 7499.61 7486.15 7468.94 7459.68 7440.18 7424.14 7435.65 7499.47 7556.54 7541.39 7525.93 7504.96 7459.37 7446.73 7461.32 7493.1 7551.17 7665.45 7860.36 8076.51 8088.64 8147.2 8369.8 8702.89 8813.6 8808.47 8744.71 8677.87 8627.3 8560 8505.69 8466.78 8460 8458.61 8457.54 8444.59 8434.83
9439.65 9428.19 9443.78 9425.57 9384.72 9331.06 9336.66 9366.79 9351.95 9347.45 9310.25 9266.64 9149.85 8970.74 8734.09 8463.59 8306.9 8012.54 7774.63 7618.65 7544.4 7506.63 7496.61 7483.98 7456.89 7437.96 7428.37 7445.41 7462.69 7478.84 7532.74 7526.81 7501.92 7473.22 7460.64 7464.46 7475.66 7505.92 7589.89 7686.31 7838.07 7929.11 8036.58 8183.35 8513.82 8805.59 8844.5 8814.17 8761.2 8688.29 8642.79 8600.24 8532.54 8478.17 8467.35 8461.48 8457.41 8446.82 8434.58
