real_craters/C153-500m.grd
DSAA
205 205
-50.96 50.96
-50.96 50.96
9062.8121686123 10797.708131476
[rows 120 to 149 of 205, columns 134 to 200 of 205]
10297.9 10286.8 10275.6 10266.3 10262.5 10268.1 10271.4 10274.3 10275.9 10278 10278.8 10286.8 10295.2 10301.8 10303.8 10302.2 10289.9 10275.9 10269.8 10270.4 10278.7 10288.7 10288.9 10291.8 10288.1 10283.1 10284.2 10279.3 10284.8 10296 10309.2 10316.9 10302.3 10270.9 10252.9 10257.4 10258.6 10259 10257.2 10255.1 10247.8 10235.9 10218.2 10188.9 10189 10194 10191 10182.6 10199.7 10222.9 10248.4 10244.8 10218.7 10203.2 10238.8 10281 10308.7 10291.9 10239.2 10199.3 10186.6 10184.9 10186.7 10189.3 10189.2 10187.4 10187.2
10304.4 10296.6 10287.3 10281.4 10274.8 10268.6 10266.4 10265.6 10264.8 10265.8 10270.7 10278.1 10289.8 10302.3 10303.2 10299.5 10285.2 10272.2 10274.6 10289.7 10306.1 10310.4 10324 10318.1 10301.3 10289.2 10285.8 10283.2 10285.5 10288.3 10287.6 10275.2 10260.1 10242.1 10230.6 10237.6 10238.2 10238.5 10237 10232 10224 10208.6 10186.3 10164.1 10163.8 10191.9 10199.6 10196.6 10211.5 10233.6 10267.9 10259.2 10225.6 10206.6 10231.2 10269.7 10301.5 10293.2 10235.2 10190.5 10181.3 10180.5 10182 10184.4 10183.4 10182.3 10182.5
10306.4 10304.8 10303.3 10288.2 10284.4 10270.5 10262.9 10256.5 10254.6 10254.9 10255.6 10267.3 10280 10290.1 10289.1 10282.9 10272.3 10266 10273 10291.7 10308.2 10314.3 10325.1 10321.7 10306.7 10287.7 10274.7 10282.5 10283.3 10280.7 10273.5 10257.8 10242.9 10227.8 10207.7 10218.4 10224.3 10228 10227.8 10223.3 10212 10194.1 10176.6 10163.2 10175.6 10222 10229 10231.7 10236 10243.7 10263 10256.9 10227.3 10207.9 10223 10256.4 10287.3 10287 10232.6 10188.7 10176.6 10175.2 10179.2 10182.3 10178.3 10176.5 10178.3
10317.7 10323.8 10329.3 10332.7 10282.7 10270.8 10263 10257.8 10254.2 10250.1 10249.7 10257.8 10266.7 10276.8 10269.6 10260.8 10257.2 10255.2 10263.5 10276.3 10287.3 10299.3 10307.4 10309.8 10308.1 10305.4 10297.6 10288 10282.2 10276.1 10269.9 10263.5 10251.5 10228.4 10218 10218.3 10225 10227.8 10223.2 10214.9 10205.4 10193.2 10180.7 10177.7 10216.4 10254.8 10254.6 10254.8 10253.3 10250.3 10254.5 10247 10220.3 10196.2 10208.4 10240.7 10267.8 10266.1 10227.6 10183 10174.4 10175.2 10173.4 10175.2 10174.9 10165.7 10169.1
10326.4 10338.4 10337.2 10332.6 10291.9 10273.6 10264.7 10261.8 10256.9 10247.9 10247.5 10253.2 10255.5 10249.6 10255.9 10254.1 10247.8 10243.4 10254.2 10263.2 10270.6 10281.1 10290.7 10297.1 10304.9 10310.8 10304.9 10291.6 10281.5 10273.7 10267.4 10264.5 10263.1 10258.2 10248.8 10234.9 10237.2 10234.3 10227.6 10217.9 10208.1 10198.4 10193.1 10196.3 10229.7 10259.6 10265.2 10267.4 10262.2 10240 10239.7 10233.6 10211.4 10189.6 10198.1 10228.2 10256 10265.1 10229 10188.1 10172.9 10169.3 10168.3 10172.8 10182 10184 10184.7
10315.6 10318.5 10315.9 10310.2 10294.8 10276.7 10264 10252 10243.4 10243.7 10248 10254.4 10261.5 10262.1 10250.2 10249.1 10252.5 10248.9 10255.9 10256.8 10256.5 10267.4 10280.2 10292 10297 10301.6 10297.4 10287.6 10278.7 10269.7 10262 10254.6 10250.1 10261.8 10268.6 10266.6 10259.9 10250.3 10239.6 10226.3 10212.1 10205.7 10206.6 10216 10236.3 10262.9 10263 10248.8 10224.7 10217.8 10226.3 10223.9 10205.2 10188.5 10192.2 10220.1 10247.7 10260.8 10226.4 10182.8 10168.6 10171.9 10168.4 10173.3 10192.7 10224.8 10214.6
10296.8 10293.8 10286.1 10283.4 10283.7 10276.1 10261.8 10248.2 10238.1 10242.2 10247.4 10255.9 10268.2 10270.6 10256 10257 10278.8 10285.7 10268.7 10257.9 10250.9 10256.6 10270.2 10284.3 10284.3 10284 10285.6 10281.1 10273.4 10265 10256 10245.4 10239.6 10249.3 10275.1 10290.5 10281.9 10266.1 10248.8 10232.4 10218.6 10213.5 10214.5 10225 10233.4 10256.5 10258.2 10248.2 10237.5 10236.5 10228.3 10215.7 10201.3 10186.7 10188.2 10216.3 10241.3 10250 10223.9 10177.9 10162.9 10169.7 10166.7 10168.4 10180.9 10197.5 10199.5
10281.9 10271.8 10265.7 10267 10274.9 10269 10258.8 10251 10247.2 10236 10240.6 10252.6 10266.6 10274.9 10276.3 10278.7 10288.1 10290.3 10274.5 10260.1 10249.1 10251.5 10259.4 10260.2 10269.6 10268.9 10278.8 10277.7 10271.7 10262.1 10251.8 10241.9 10234.9 10250.6 10279.7 10300.1 10298.2 10278.7 10255.9 10237 10222.8 10214.1 10212.6 10220.1 10233.9 10246.9 10256.5 10259.7 10268.7 10262.5 10234.3 10218.6 10199.1 10191.9 10201.8 10217.5 10239.9 10253.1 10231.4 10185 10161.5 10159.6 10159 10157.4 10157.1 10156.6 10167.8
10274.3 10266.8 10267 10268.4 10269.3 10258.8 10252.5 10249.5 10250.2 10243.9 10241.9 10247.7 10252.7 10263 10276.4 10280.8 10283.4 10280.9 10271.9 10261.3 10255.2 10256.4 10260.5 10265.7 10277.1 10286.6 10284 10279.9 10272.2 10263 10253 10246.9 10245.1 10261.8 10291.7 10324.4 10311.7 10281.4 10255.1 10234.9 10220.3 10207.1 10199.5 10202.5 10218 10238.5 10252.6 10262.6 10265.7 10242.6 10220.6 10195.2 10184.2 10184.8 10192.9 10211.9 10237.1 10256.1 10244.7 10200 10168 10157.8 10155.3 10146.4 10137.5 10135.1 10143
10275.3 10265.8 10265.1 10268.6 10264.1 10248.5 10245.5 10241.8 10237.5 10235 10239.3 10244.6 10250.8 10255.2 10261.6 10269.6 10273.9 10272.8 10266 10259.3 10253.9 10254.2 10269.9 10284 10292.7 10295.9 10292.9 10285.2 10274.7 10263.8 10255.3 10252.5 10262.5 10279.2 10297.9 10317.6 10295 10266.6 10244.7 10224.8 10207.9 10193.6 10179.5 10171.7 10198.6 10224 10244.5 10255.4 10254.3 10232 10203.5 10177.3 10169.6 10170.8 10174.8 10199.7 10228.9 10255.4 10255.1 10210 10176.5 10162.2 10154 10138.1 10121.8 10114.5 10125.1
10283.9 10279.5 10280 10277.7 10267.4 10250.5 10243.2 10238 10229.6 10221.5 10234.1 10241.7 10247.9 10244.8 10240.9 10254.5 10269.2 10263.3 10256.7 10254.4 10258 10270 10279.2 10294.7 10301.8 10303.1 10302 10291.6 10278 10265 10252.7 10245.9 10247.9 10259.2 10274.6 10262.1 10245.4 10237.2 10225 10209.2 10193.1 10179.2 10168.4 10161.3 10177.5 10204.8 10230 10239.4 10241.8 10215.4 10189.2 10170 10160.7 10161 10168.9 10186.7 10212.5 10234.7 10235 10206.8 10176.4 10169.1 10157 10138.7 10117 10106.9 10117.8
10296.2 10299.1 10304.6 10293.2 10278.1 10259.6 10246.4 10240.3 10236.4 10248.4 10241.5 10240.1 10238.3 10236.7 10232.4 10236.9 10242 10242.9 10242.5 10244.7 10250.5 10260.6 10280.9 10305.5 10326.2 10328.7 10316.5 10298.2 10279.2 10261.3 10244.3 10229.2 10216.2 10209.2 10214.7 10210.6 10204.9 10211.2 10205.6 10193.9 10180 10168 10163.4 10164.4 10160.2 10175.8 10196.6 10213.9 10217.9 10186 10171.5 10161.8 10156 10149.2 10149.7 10166.3 10192.4 10214.2 10220.1 10205.5 10183.7 10180.6 10171 10152.6 10132.7 10121 10123.3
10303.6 10312.7 10320.7 10302.5 10285 10272.9 10248.5 10245.8 10247.7 10252.3 10248 10241.9 10238.1 10240.7 10235 10220.2 10219.5 10219.6 10226.4 10232.9 10240.4 10251.9 10276.7 10309.4 10348 10355.2 10328.5 10303.1 10277.8 10255.5 10235.1 10215.5 10196.5 10184.2 10184.4 10189 10191.4 10200.7 10193 10180.8 10167.8 10155.5 10149.1 10152.5 10159.3 10172.4 10182 10188 10189.8 10168.2 10150.6 10144.2 10138.9 10131.6 10133.2 10147.7 10172.9 10199.2 10221.1 10209.1 10199.1 10180.1 10178.7 10170.4 10156.8 10143.7 10135.8
10302.7 10305.4 10298.9 10293.5 10278 10257.2 10247.5 10251.3 10258.1 10257.8 10256.9 10247.8 10240.8 10245.2 10235.7 10204.4 10184.4 10202.1 10215.4 10225.3 10233.5 10245.1 10269.3 10302.8 10342.1 10347.2 10327.2 10301.4 10277.4 10253.9 10231.3 10209.6 10188.3 10173.2 10178.2 10208.7 10235.1 10207 10186.4 10170 10154.3 10140.5 10125.8 10131.1 10156.4 10173.8 10173 10164.2 10148.3 10133.3 10125.2 10117.4 10109.8 10113.3 10115 10126.6 10154.6 10180.2 10197.5 10193 10179.7 10172.6 10185.6 10183.3 10168 10155.3 10146.1
10297.7 10296.4 10292.1 10279.9 10267 10254.6 10249.2 10255.1 10271.8 10277.1 10271.9 10261.8 10249.8 10245.8 10232.2 10209.7 10196.7 10204.3 10215.1 10224.9 10232.8 10239.5 10261.4 10290.1 10313.6 10321 10313.4 10292.5 10272.3 10251.3 10229.8 10209.7 10190.3 10180 10202.1 10220.1 10221.1 10195.8 10176 10160.4 10146.8 10133.3 10121.7 10126.3 10145.1 10157.7 10153.5 10147.9 10129.5 10110.9 10110.1 10105.8 10101.1 10106.4 10110.2 10119.6 10144.2 10163 10171.1 10172.8 10168 10162.6 10178.4 10183 10177 10163.8 10153.1
10288.7 10285.5 10274.8 10265.7 10257.3 10248.2 10245.9 10250.7 10260.4 10281.4 10292.2 10285.2 10269 10248.4 10234.4 10224 10217.9 10219.2 10224.7 10233 10242.1 10249.9 10265.9 10283.1 10290.8 10297.4 10292.7 10279.9 10265.6 10248.6 10231.7 10213.6 10197.8 10189.5 10204.1 10204 10177 10169.6 10162.1 10152.6 10141.6 10132.9 10128 10130.3 10138.1 10146.2 10163.6 10151.2 10129 10118.2 10111 10108 10108.2 10114.7 10122.4 10135.8 10144.4 10156.4 10163 10166.9 10168.6 10171.2 10171.6 10171.9 10171.1 10164.1 10155.6
10277.2 10263.3 10259.3 10256 10249.7 10248.8 10244.5 10242.3 10251.6 10297.6 10313.9 10314.6 10296 10265.6 10249.3 10240.6 10235.1 10234 10237 10243.3 10255.6 10275.9 10285.7 10276.4 10289.8 10284.8 10276.4 10262.8 10256.7 10244.9 10232.1 10219.3 10206.9 10196.9 10195.5 10184.4 10164.1 10154.6 10151.1 10145.9 10137.7 10131.8 10134.6 10131.6 10135.4 10148.7 10156.8 10147.3 10127.1 10113.7 10112.6 10119.5 10127 10133.4 10135.7 10134.4 10147.1 10157.4 10167.1 10173.2 10171 10171 10166.7 10162.9 10164.5 10161.5 10155.5
10272.4 10256 10251.2 10246.3 10238.8 10233 10233.3 10236.4 10246.3 10296.5 10326.6 10332.5 10312.1 10287.5 10268.8 10261.1 10253.7 10249.5 10248.9 10252.1 10259.1 10273 10272.1 10238.1 10239 10261 10251.9 10247.5 10246.9 10241.6 10235.6 10227.8 10219.6 10209.5 10196 10174.5 10158.3 10149 10148.1 10143.1 10135.5 10127.8 10120 10124 10127 10128.3 10133.9 10130.8 10121.5 10112.6 10119.3 10134.6 10151.6 10156.1 10152.3 10152.4 10155.2 10158.3 10162.9 10167.1 10170 10176.5 10168.5 10166.7 10167 10161 10155.6
10274.6 10255.5 10245.1 10236.5 10230 10224.1 10230.4 10234.5 10253.2 10295.4 10325.9 10333.4 10313.4 10285 10277.1 10266 10267.1 10264.1 10261.1 10257.2 10251.8 10239.6 10218.5 10201.1 10197.6 10216.4 10226.3 10234.3 10237.3 10238.5 10238.8 10238.2 10235.4 10231 10216.8 10188.4 10169.2 10161.1 10156.1 10146.5 10136.9 10128.3 10122.8 10120.5 10120.9 10120.8 10124.3 10125 10123 10125.6 10134.3 10148.4 10163.7 10166.5 10163.1 10163.9 10160.4 10155.8 10152.2 10150.5 10155.8 10159.5 10160.9 10165.6 10163 10160.4 10157.7
10286.2 10272.4 10252.3 10238.3 10227.3 10218.3 10227.4 10225.5 10245.8 10286.3 10314.1 10320.6 10306.5 10294.4 10289.3 10292.1 10284.8 10278.6 10271.8 10262.3 10248.4 10223.7 10199.2 10191 10183.6 10186 10209.7 10223.9 10234.1 10241.1 10246.1 10250.9 10253.4 10248.1 10232.1 10219.4 10218.9 10199 10172.2 10153 10139.1 10127.7 10119.9 10118.8 10119.5 10123.6 10126.3 10122.9 10130.1 10141.2 10151.3 10158.5 10161.5 10161.3 10163 10163.9 10158.5 10148.8 10141 10137.7 10137.2 10131.9 10147.1 10155.8 10157 10158.9 10159.4
10293.2 10278.5 10264 10250.3 10232.3 10213.7 10198.2 10208.9 10233.6 10287.3 10314.5 10296.6 10299.1 10295 10296.7 10297.2 10299.9 10296.8 10287.9 10274.9 10255.9 10228.4 10194.8 10188.5 10186.4 10192.1 10205.9 10221.4 10234.5 10244.9 10254.8 10263.7 10272.7 10273.8 10266.5 10263 10258 10219.8 10180.3 10154.1 10137.5 10128.5 10121.8 10117.1 10118.2 10123.2 10128.6 10133.9 10146.1 10159.4 10166.9 10171.4 10165.8 10158 10159.4 10158.7 10151.1 10137.7 10126.3 10122.4 10121.5 10131 10140.2 10150.3 10153.6 10157.8 10161.6
10304.4 10287.3 10276.5 10260.7 10241.3 10221.5 10208.7 10215.2 10243.1 10294.4 10327.8 10309 10304.8 10310.9 10318.3 10317.8 10323.4 10317.9 10306.1 10291.4 10272.8 10250.3 10226.6 10196.6 10191.9 10199 10212.2 10225.2 10239.7 10253.6 10265.7 10277.1 10289.4 10305.4 10325.7 10295.9 10253 10207.6 10175.1 10151.5 10132.7 10119.6 10114.7 10113.3 10115.2 10119.5 10126.5 10146.4 10166.2 10184.9 10200 10192.2 10177.9 10163.2 10156 10148.3 10138.3 10124.8 10110.5 10093.1 10098.8 10121.7 10132.1 10135.6 10147.9 10154.4 10160.1
10322.3 10307.1 10293 10273.3 10252.4 10231.8 10221.1 10215.8 10241 10291.7 10331 10327.2 10315.6 10327.9 10357.6 10368.8 10355.2 10340 10324.5 10308.5 10293.4 10280.2 10270.3 10230.2 10215.8 10221.5 10221.7 10229.7 10242.5 10255.7 10270 10282.5 10295.9 10310.3 10314.1 10290.8 10234.9 10184.3 10164.7 10147.3 10128.7 10112 10107.8 10113.8 10118.3 10120 10122.1 10146.5 10179.6 10206.4 10221.9 10210.5 10189.8 10172.3 10152.1 10138.2 10125.5 10114.6 10106.3 10101.7 10117.2 10122.9 10127.5 10132.2 10145.6 10149.7 10157.2
10344.6 10334.1 10312.4 10292.5 10271.8 10238.2 10208.5 10203 10233.3 10283 10319.3 10326 10319.1 10345.6 10388.3 10400.2 10380.5 10359.9 10342 10326.1 10314 10303.8 10293.9 10270 10244.6 10228.9 10227.7 10236.9 10249.3 10261 10272.9 10283.9 10292 10297.5 10296.3 10266.8 10220.1 10176.5 10169.1 10151.8 10131.1 10118.2 10116.5 10125.2 10134 10138.8 10139.8 10173 10195.5 10220.6 10233.6 10223.6 10197.4 10163.2 10146.2 10130 10113.6 10108.5 10108.5 10113.8 10127.5 10129.2 10131.8 10135.4 10139.7 10141.5 10151.6
10321 10321.2 10318.4 10323.3 10289.9 10240.7 10200.7 10187.7 10226.5 10280.2 10331 10338.2 10322.9 10358.7 10402.6 10409.9 10390.4 10369.2 10351.5 10336.4 10326.8 10317.7 10304.3 10298.3 10270 10239.2 10237.1 10250 10259.9 10268.3 10276.7 10282 10285.3 10281.1 10261.3 10226.3 10202.3 10215.7 10197.6 10168.2 10142.3 10113.6 10129.3 10147.2 10164.4 10179.3 10203.6 10208.3 10215.1 10235.2 10253.1 10239.7 10210.1 10175.3 10152.4 10133.8 10116.2 10112.3 10113.2 10119.1 10130.8 10134.3 10141.7 10145.8 10112.3 10127.8 10144.3
10306.7 10304 10303 10293.9 10269.4 10236.4 10205.6 10191.5 10227.2 10278.7 10323.8 10357.9 10377.4 10376.3 10411.4 10402.9 10381.8 10362.6 10348.5 10337 10329.6 10324.6 10319.7 10316.9 10295.9 10274.1 10268.8 10271.2 10275.4 10278.5 10282.2 10284.5 10284.3 10275.6 10251.9 10225.8 10218.3 10237.3 10208.3 10185.3 10170.4 10168.6 10167.8 10182.6 10199.9 10218.6 10233.2 10227.9 10230.5 10245.2 10259.3 10252.7 10226.1 10196.7 10172.2 10145.4 10126.6 10114.9 10118.4 10128.3 10140.7 10144.1 10149.6 10154.5 10131 10131.1 10140
10296.6 10290.1 10282.1 10267.8 10247.8 10228.7 10213.6 10202.3 10231.7 10282.7 10330.8 10359.7 10332.3 10342.5 10356.7 10363.3 10356.4 10345.9 10335.8 10328 10323.3 10322.7 10324.1 10325.7 10312 10306.4 10301.5 10294.2 10292.2 10290.6 10291.9 10291 10289.8 10285.6 10281.5 10271.8 10252.9 10244.1 10207.9 10199.5 10195.7 10197.4 10200.5 10210.7 10228.4 10249.1 10258.6 10245.9 10236.8 10253.8 10270.3 10260.8 10234.6 10220.1 10193.4 10150.8 10116.3 10111.8 10124.2 10138.9 10167.9 10156.8 10156.4 10163.2 10156.3 10134.8 10134.6
10289.2 10279.1 10265.9 10249.5 10234.8 10216.4 10208 10202.3 10230.5 10282.5 10341.8 10333.5 10292.6 10300.3 10300.7 10319.8 10326.1 10324.1 10318.4 10313.2 10308.9 10310.5 10318.5 10313.4 10312 10312.3 10308.9 10309.1 10304.4 10301.8 10300.2 10299.6 10296.6 10297.4 10299.1 10294.6 10280.6 10258.8 10223.4 10226.3 10223 10222.8 10224.2 10230.6 10247.5 10280.3 10296.2 10293.6 10259.5 10279.2 10268.1 10242.7 10226.9 10209.9 10184.1 10151.5 10127.3 10122.1 10132.9 10148.3 10155.9 10157 10151.5 10145.7 10115.3 10116.4 10123.1
10292.4 10276.4 10255.8 10232.7 10213.6 10197.7 10189.3 10184.4 10220.4 10266.9 10297.5 10305.4 10293 10285.5 10288.2 10292.7 10297.8 10297.9 10296.2 10290.6 10287.4 10286.9 10295.2 10292.9 10304.9 10319.5 10333.9 10319.2 10310.9 10306.7 10303.6 10304.1 10304.6 10304.9 10304.9 10301.8 10293.6 10282.7 10266.5 10275.8 10275.3 10254.1 10240.7 10225.3 10234.5 10289 10399.7 10411.8 10377.7 10346.6 10287.1 10228.6 10221.8 10201.9 10174 10149 10128.9 10122.5 10139.5 10160.9 10163.9 10152 10145.3 10129.9 10108.8 10104.8 10111.1
10298.4 10280.8 10253.9 10219.8 10178.9 10185 10186.9 10177.6 10223.1 10258.9 10290 10309.6 10293 10276.3 10268.4 10275.2 10278.5 10278.4 10275.5 10272.2 10266.5 10259 10252.1 10278 10293.6 10308.8 10321 10313 10305.8 10303.9 10304.6 10306.1 10307.6 10308.9 10306.8 10291.4 10281.1 10286.2 10307.5 10341 10361.3 10321.6 10240.8 10181.3 10155.7 10185 10294.1 10398.2 10466 10406.4 10325.2 10258.4 10244.1 10213.3 10170 10150.3 10132.6 10130.6 10139 10153.2 10147.4 10135.3 10125.2 10113.6 10101.4 10097.9 10102.7
