real_craters/C153-750m.grd
DSAA
137 137
-50.96 50.96
-50.96 50.96
9062.2041525772 10792.685757221
[rows 0 to 26 of 137, columns 0 to 59 of 137]
1.029e+004 1.03e+004 1.029e+004 1.027e+004 1.024e+004 1.021e+004 1.018e+004 1.015e+004 1.014e+004 1.012e+004 1.011e+004 1.01e+004 1.009e+004 1.009e+004 1.005e+004 1.004e+004 1.004e+004 1.005e+004 1.005e+004 1.004e+004 1.004e+004 1.004e+004 1.004e+004 1.004e+004 1.004e+004 1.004e+004 1.004e+004 1.004e+004 1.005e+004 1.004e+004 1.003e+004 1.001e+004 1.002e+004 1.003e+004 1.003e+004 1.004e+004 1.004e+004 1.004e+004 1.004e+004 1.003e+004 1.003e+004 1.002e+004 1.002e+004 1.002e+004 1.002e+004 1.002e+004 1.002e+004 1.002e+004 1.002e+004 1.002e+004 1.002e+004 1.004e+004 1.007e+004 1.009e+004 1.01e+004 1.011e+004 1.011e+004 1.011e+004 1.012e+004 1.012e+004
1.031e+004 1.032e+004 1.031e+004 1.029e+004 1.026e+004 1.022e+004 1.018e+004 1.014e+004 1.014e+004 1.013e+004 1.012e+004 1.01e+004 1.009e+004 1.007e+004 1.006e+004 1.005e+004 1.005e+004 1.006e+004 1.007e+004 1.006e+004 1.006e+004 1.005e+004 1.004e+004 1.004e+004 1.004e+004 1.004e+004 1.005e+004 1.004e+004 1.004e+004 1.003e+004 1.002e+004 1.002e+004 1.002e+004 1.003e+004 1.004e+004 1.004e+004 1.005e+004 1.005e+004 1.005e+004 1.004e+004 1.003e+004 1.003e+004 1.002e+004 1.002e+004 1.002e+004 1.002e+004 1.002e+004 1.002e+004 1.002e+004 1.002e+004 1.002e+004 1.002e+004 1.004e+004 1.01e+004 1.011e+004 1.011e+004 1.011e+004 1.012e+004 1.012e+004 1.013e+004
1.036e+004 1.035e+004 1.034e+004 1.032e+004 1.03e+004 1.024e+004 1.019e+004 1.016e+004 1.015e+004 1.014e+004 1.013e+004 1.011e+004 1.01e+004 1.008e+004 1.007e+004 1.007e+004 1.007e+004 1.009e+004 1.009e+004 1.008e+004 1.008e+004 1.007e+004 1.005e+004 1.004e+004 1.004e+004 1.006e+004 1.006e+004 1.005e+004 1.005e+004 1.003e+004 1.003e+004 1.002e+004 1.003e+004 1.003e+004 1.004e+004 1.005e+004 1.006e+004 1.006e+004 1.006e+004 1.005e+004 1.003e+004 1.002e+004 1.002e+004 1.002e+004 1.002e+004 1.001e+004 1.001e+004 1.001e+004 1.001e+004 1.001e+004 1.002e+004 1.003e+004 1.005e+004 1.01e+004 1.011e+004 1.012e+004 1.012e+004 1.012e+004 1.012e+004 1.013e+004
1.04e+004 1.039e+004 1.037e+004 1.035e+004 1.032e+004 1.028e+004 1.021e+004 1.019e+004 1.017e+004 1.016e+004 1.014e+004 1.013e+004 1.012e+004 1.01e+004 1.009e+004 1.009e+004 1.009e+004 1.01e+004 1.01e+004 1.011e+004 1.01e+004 1.007e+004 1.006e+004 1.005e+004 1.005e+004 1.007e+004 1.006e+004 1.005e+004 1.005e+004 1.005e+004 1.003e+004 1.003e+004 1.003e+004 1.003e+004 1.004e+004 1.005e+004 1.006e+004 1.007e+004 1.006e+004 1.004e+004 1.003e+004 1.002e+004 1.002e+004 1.002e+004 1.001e+004 1.001e+004 1.001e+004 1.001e+004 1e+004 1e+004 1.002e+004 1.004e+004 1.007e+004 1.009e+004 1.011e+004 1.012e+004 1.012e+004 1.013e+004 1.013e+004 1.013e+004
1.043e+004 1.041e+004 1.039e+004 1.037e+004 1.034e+004 1.028e+004 1.024e+004 1.022e+004 1.019e+004 1.017e+004 1.016e+004 1.015e+004 1.014e+004 1.013e+004 1.009e+004 1.009e+004 1.01e+004 1.011e+004 1.01e+004 1.009e+004 1.008e+004 1.007e+004 1.006e+004 1.006e+004 1.006e+004 1.007e+004 1.007e+004 1.006e+004 1.005e+004 1.005e+004 1.004e+004 1.004e+004 1.004e+004 1.004e+004 1.005e+004 1.006e+004 1.007e+004 1.007e+004 1.006e+004 1.004e+004 1.002e+004 1.002e+004 1.002e+004 1.002e+004 1.001e+004 1.001e+004 1.001e+004 1.001e+004 1.001e+004 1.001e+004 1.003e+004 1.006e+004 1.008e+004 1.009e+004 1.011e+004 1.013e+004 1.013e+004 1.013e+004 1.013e+004 1.014e+004
1.042e+004 1.041e+004 1.04e+004 1.039e+004 1.038e+004 1.031e+004 1.023e+004 1.021e+004 1.02e+004 1.019e+004 1.017e+004 1.016e+004 1.015e+004 1.013e+004 1.01e+004 1.01e+004 1.011e+004 1.01e+004 1.008e+004 1.007e+004 1.006e+004 1.006e+004 1.006e+004 1.006e+004 1.006e+004 1.007e+004 1.007e+004 1.006e+004 1.005e+004 1.004e+004 1.004e+004 1.004e+004 1.004e+004 1.005e+004 1.005e+004 1.006e+004 1.007e+004 1.008e+004 1.008e+004 1.005e+004 1.003e+004 1.002e+004 1.002e+004 1.002e+004 1.002e+004 1.001e+004 1.001e+004 1.001e+004 1e+004 1.001e+004 1.003e+004 1.007e+004 1.009e+004 1.011e+004 1.013e+004 1.014e+004 1.013e+004 1.014e+004 1.014e+004 1.014e+004
1.04e+004 1.04e+004 1.04e+004 1.039e+004 1.036e+004 1.032e+004 1.026e+004 1.024e+004 1.022e+004 1.02e+004 1.018e+004 1.017e+004 1.017e+004 1.015e+004 1.014e+004 1.015e+004 1.015e+004 1.012e+004 1.008e+004 1.007e+004 1.006e+004 1.006e+004 1.007e+004 1.008e+004 1.01e+004 1.009e+004 1.008e+004 1.006e+004 1.004e+004 1.004e+004 1.005e+004 1.004e+004 1.004e+004 1.004e+004 1.005e+004 1.007e+004 1.008e+004 1.008e+004 1.008e+004 1.006e+004 1.003e+004 1.003e+004 1.003e+004 1.003e+004 1.002e+004 1.002e+004 1.001e+004 1.001e+004 1.001e+004 1.001e+004 1.002e+004 1.005e+004 1.008e+004 1.012e+004 1.015e+004 1.016e+004 1.016e+004 1.015e+004 1.015e+004 1.015e+004
1.038e+004 1.038e+004 1.038e+004 1.038e+004 1.038e+004 1.035e+004 1.03e+004 1.027e+004 1.024e+004 1.021e+004 1.019e+004 1.017e+004 1.015e+004 1.015e+004 1.015e+004 1.016e+004 1.016e+004 1.014e+004 1.009e+004 1.008e+004 1.006e+004 1.006e+004 1.007e+004 1.009e+004 1.011e+004 1.011e+004 1.009e+004 1.007e+004 1.004e+004 1.004e+004 1.006e+004 1.005e+004 1.004e+004 1.005e+004 1.006e+004 1.007e+004 1.008e+004 1.009e+004 1.01e+004 1.009e+004 1.006e+004 1.005e+004 1.004e+004 1.003e+004 1.003e+004 1.002e+004 1.002e+004 1.001e+004 1.001e+004 1.001e+004 1.001e+004 1.002e+004 1.007e+004 1.013e+004 1.016e+004 1.017e+004 1.015e+004 1.015e+004 1.015e+004 1.016e+004
1.035e+004 1.036e+004 1.036e+004 1.036e+004 1.037e+004 1.035e+004 1.035e+004 1.029e+004 1.025e+004 1.021e+004 1.018e+004 1.016e+004 1.015e+004 1.014e+004 1.012e+004 1.01e+004 1.01e+004 1.01e+004 1.009e+004 1.008e+004 1.006e+004 1.007e+004 1.009e+004 1.01e+004 1.012e+004 1.011e+004 1.01e+004 1.008e+004 1.006e+004 1.006e+004 1.005e+004 1.007e+004 1.005e+004 1.005e+004 1.006e+004 1.007e+004 1.008e+004 1.009e+004 1.01e+004 1.008e+004 1.007e+004 1.006e+004 1.005e+004 1.005e+004 1.004e+004 1.003e+004 1.003e+004 1.002e+004 1.002e+004 1.001e+004 1.001e+004 1.002e+004 1.007e+004 1.012e+004 1.016e+004 1.017e+004 1.017e+004 1.017e+004 1.017e+004 1.018e+004
1.034e+004 1.034e+004 1.033e+004 1.033e+004 1.032e+004 1.032e+004 1.031e+004 1.028e+004 1.024e+004 1.02e+004 1.017e+004 1.014e+004 1.012e+004 1.013e+004 1.013e+004 1.013e+004 1.01e+004 1.009e+004 1.007e+004 1.008e+004 1.008e+004 1.008e+004 1.01e+004 1.012e+004 1.013e+004 1.012e+004 1.01e+004 1.009e+004 1.009e+004 1.007e+004 1.005e+004 1.005e+004 1.005e+004 1.006e+004 1.007e+004 1.008e+004 1.009e+004 1.009e+004 1.01e+004 1.009e+004 1.008e+004 1.007e+004 1.007e+004 1.006e+004 1.005e+004 1.005e+004 1.004e+004 1.003e+004 1.002e+004 1.002e+004 1.002e+004 1.003e+004 1.007e+004 1.011e+004 1.015e+004 1.016e+004 1.017e+004 1.017e+004 1.018e+004 1.02e+004
1.034e+004 1.033e+004 1.031e+004 1.029e+004 1.028e+004 1.028e+004 1.026e+004 1.023e+004 1.021e+004 1.019e+004 1.016e+004 1.013e+004 1.012e+004 1.014e+004 1.015e+004 1.016e+004 1.013e+004 1.011e+004 1.01e+004 1.009e+004 1.009e+004 1.01e+004 1.011e+004 1.012e+004 1.013e+004 1.012e+004 1.011e+004 1.01e+004 1.009e+004 1.006e+004 1.005e+004 1.005e+004 1.007e+004 1.008e+004 1.008e+004 1.009e+004 1.01e+004 1.01e+004 1.01e+004 1.01e+004 1.009e+004 1.009e+004 1.008e+004 1.007e+004 1.007e+004 1.006e+004 1.005e+004 1.005e+004 1.005e+004 1.004e+004 1.002e+004 1.003e+004 1.007e+004 1.01e+004 1.014e+004 1.016e+004 1.018e+004 1.018e+004 1.019e+004 1.022e+004
1.035e+004 1.033e+004 1.03e+004 1.027e+004 1.025e+004 1.025e+004 1.024e+004 1.021e+004 1.019e+004 1.017e+004 1.016e+004 1.014e+004 1.013e+004 1.015e+004 1.017e+004 1.015e+004 1.015e+004 1.013e+004 1.011e+004 1.009e+004 1.01e+004 1.012e+004 1.013e+004 1.014e+004 1.014e+004 1.012e+004 1.011e+004 1.011e+004 1.01e+004 1.006e+004 1.005e+004 1.008e+004 1.009e+004 1.01e+004 1.01e+004 1.01e+004 1.01e+004 1.011e+004 1.011e+004 1.011e+004 1.01e+004 1.01e+004 1.009e+004 1.008e+004 1.008e+004 1.007e+004 1.007e+004 1.006e+004 1.005e+004 1.003e+004 1.003e+004 1.004e+004 1.007e+004 1.01e+004 1.013e+004 1.016e+004 1.018e+004 1.02e+004 1.02e+004 1.023e+004
1.036e+004 1.034e+004 1.031e+004 1.027e+004 1.024e+004 1.022e+004 1.02e+004 1.018e+004 1.017e+004 1.016e+004 1.015e+004 1.015e+004 1.015e+004 1.016e+004 1.017e+004 1.018e+004 1.017e+004 1.015e+004 1.012e+004 1.011e+004 1.012e+004 1.014e+004 1.015e+004 1.016e+004 1.015e+004 1.013e+004 1.012e+004 1.012e+004 1.011e+004 1.008e+004 1.008e+004 1.009e+004 1.011e+004 1.011e+004 1.011e+004 1.011e+004 1.011e+004 1.012e+004 1.011e+004 1.011e+004 1.011e+004 1.011e+004 1.01e+004 1.009e+004 1.008e+004 1.008e+004 1.007e+004 1.007e+004 1.005e+004 1.003e+004 1.003e+004 1.005e+004 1.007e+004 1.01e+004 1.013e+004 1.017e+004 1.02e+004 1.021e+004 1.022e+004 1.023e+004
1.038e+004 1.035e+004 1.032e+004 1.029e+004 1.025e+004 1.021e+004 1.018e+004 1.017e+004 1.017e+004 1.016e+004 1.015e+004 1.016e+004 1.016e+004 1.017e+004 1.018e+004 1.018e+004 1.017e+004 1.016e+004 1.014e+004 1.013e+004 1.016e+004 1.015e+004 1.014e+004 1.017e+004 1.017e+004 1.015e+004 1.013e+004 1.013e+004 1.012e+004 1.009e+004 1.009e+004 1.013e+004 1.013e+004 1.013e+004 1.012e+004 1.012e+004 1.012e+004 1.012e+004 1.012e+004 1.012e+004 1.012e+004 1.011e+004 1.011e+004 1.01e+004 1.009e+004 1.008e+004 1.008e+004 1.007e+004 1.005e+004 1.004e+004 1.004e+004 1.006e+004 1.008e+004 1.01e+004 1.014e+004 1.017e+004 1.023e+004 1.024e+004 1.025e+004 1.025e+004
1.039e+004 1.037e+004 1.034e+004 1.03e+004 1.026e+004 1.022e+004 1.02e+004 1.019e+004 1.017e+004 1.016e+004 1.015e+004 1.014e+004 1.016e+004 1.018e+004 1.019e+004 1.019e+004 1.018e+004 1.017e+004 1.016e+004 1.016e+004 1.017e+004 1.017e+004 1.017e+004 1.017e+004 1.017e+004 1.016e+004 1.015e+004 1.015e+004 1.015e+004 1.014e+004 1.01e+004 1.011e+004 1.015e+004 1.014e+004 1.013e+004 1.013e+004 1.013e+004 1.013e+004 1.013e+004 1.013e+004 1.013e+004 1.012e+004 1.011e+004 1.01e+004 1.009e+004 1.009e+004 1.008e+004 1.006e+004 1.004e+004 1.004e+004 1.004e+004 1.006e+004 1.008e+004 1.011e+004 1.014e+004 1.02e+004 1.025e+004 1.027e+004 1.026e+004 1.028e+004
1.04e+004 1.038e+004 1.036e+004 1.033e+004 1.028e+004 1.022e+004 1.021e+004 1.02e+004 1.018e+004 1.016e+004 1.015e+004 1.015e+004 1.016e+004 1.018e+004 1.02e+004 1.019e+004 1.019e+004 1.018e+004 1.018e+004 1.018e+004 1.019e+004 1.018e+004 1.018e+004 1.019e+004 1.018e+004 1.017e+004 1.017e+004 1.016e+004 1.016e+004 1.015e+004 1.013e+004 1.012e+004 1.013e+004 1.013e+004 1.013e+004 1.013e+004 1.013e+004 1.013e+004 1.013e+004 1.013e+004 1.013e+004 1.011e+004 1.011e+004 1.01e+004 1.01e+004 1.009e+004 1.008e+004 1.007e+004 1.005e+004 1.005e+004 1.006e+004 1.007e+004 1.009e+004 1.011e+004 1.014e+004 1.018e+004 1.024e+004 1.025e+004 1.03e+004 1.035e+004
1.04e+004 1.039e+004 1.037e+004 1.035e+004 1.03e+004 1.026e+004 1.022e+004 1.019e+004 1.018e+004 1.017e+004 1.016e+004 1.016e+004 1.017e+004 1.019e+004 1.02e+004 1.019e+004 1.019e+004 1.019e+004 1.019e+004 1.019e+004 1.019e+004 1.019e+004 1.019e+004 1.02e+004 1.019e+004 1.018e+004 1.018e+004 1.017e+004 1.016e+004 1.016e+004 1.015e+004 1.013e+004 1.011e+004 1.013e+004 1.014e+004 1.014e+004 1.014e+004 1.014e+004 1.013e+004 1.013e+004 1.012e+004 1.011e+004 1.011e+004 1.01e+004 1.01e+004 1.009e+004 1.008e+004 1.007e+004 1.006e+004 1.005e+004 1.005e+004 1.007e+004 1.009e+004 1.012e+004 1.015e+004 1.018e+004 1.02e+004 1.022e+004 1.025e+004 1.028e+004
1.04e+004 1.039e+004 1.037e+004 1.036e+004 1.031e+004 1.025e+004 1.023e+004 1.021e+004 1.019e+004 1.018e+004 1.017e+004 1.017e+004 1.018e+004 1.019e+004 1.02e+004 1.02e+004 1.019e+004 1.02e+004 1.019e+004 1.019e+004 1.019e+004 1.019e+004 1.019e+004 1.019e+004 1.019e+004 1.019e+004 1.019e+004 1.018e+004 1.017e+004 1.015e+004 1.014e+004 1.014e+004 1.014e+004 1.014e+004 1.014e+004 1.014e+004 1.014e+004 1.014e+004 1.014e+004 1.013e+004 1.012e+004 1.012e+004 1.012e+004 1.011e+004 1.01e+004 1.009e+004 1.008e+004 1.008e+004 1.008e+004 1.007e+004 1.007e+004 1.008e+004 1.01e+004 1.012e+004 1.014e+004 1.016e+004 1.019e+004 1.02e+004 1.022e+004 1.023e+004
1.039e+004 1.038e+004 1.036e+004 1.034e+004 1.032e+004 1.03e+004 1.025e+004 1.023e+004 1.021e+004 1.019e+004 1.018e+004 1.018e+004 1.018e+004 1.019e+004 1.019e+004 1.02e+004 1.019e+004 1.019e+004 1.019e+004 1.019e+004 1.019e+004 1.019e+004 1.019e+004 1.019e+004 1.019e+004 1.019e+004 1.019e+004 1.018e+004 1.017e+004 1.015e+004 1.015e+004 1.015e+004 1.015e+004 1.015e+004 1.015e+004 1.015e+004 1.015e+004 1.015e+004 1.015e+004 1.014e+004 1.014e+004 1.013e+004 1.012e+004 1.012e+004 1.011e+004 1.01e+004 1.009e+004 1.009e+004 1.009e+004 1.009e+004 1.009e+004 1.01e+004 1.011e+004 1.012e+004 1.013e+004 1.015e+004 1.02e+004 1.026e+004 1.024e+004 1.023e+004
1.038e+004 1.037e+004 1.035e+004 1.033e+004 1.031e+004 1.029e+004 1.026e+004 1.024e+004 1.022e+004 1.021e+004 1.02e+004 1.019e+004 1.018e+004 1.018e+004 1.018e+004 1.018e+004 1.019e+004 1.019e+004 1.019e+004 1.019e+004 1.019e+004 1.019e+004 1.019e+004 1.019e+004 1.019e+004 1.019e+004 1.019e+004 1.018e+004 1.017e+004 1.016e+004 1.015e+004 1.015e+004 1.015e+004 1.016e+004 1.016e+004 1.015e+004 1.015e+004 1.015e+004 1.015e+004 1.016e+004 1.016e+004 1.014e+004 1.013e+004 1.013e+004 1.012e+004 1.011e+004 1.009e+004 1.009e+004 1.011e+004 1.011e+004 1.012e+004 1.012e+004 1.013e+004 1.013e+004 1.012e+004 1.014e+004 1.02e+004 1.026e+004 1.026e+004 1.026e+004
1.039e+004 1.037e+004 1.034e+004 1.032e+004 1.03e+004 1.028e+004 1.027e+004 1.025e+004 1.023e+004 1.022e+004 1.021e+004 1.02e+004 1.019e+004 1.018e+004 1.018e+004 1.019e+004 1.019e+004 1.018e+004 1.018e+004 1.018e+004 1.018e+004 1.019e+004 1.019e+004 1.019e+004 1.019e+004 1.019e+004 1.019e+004 1.018e+004 1.017e+004 1.016e+004 1.016e+004 1.016e+004 1.016e+004 1.017e+004 1.016e+004 1.016e+004 1.016e+004 1.016e+004 1.016e+004 1.016e+004 1.016e+004 1.015e+004 1.015e+004 1.014e+004 1.013e+004 1.012e+004 1.01e+004 1.01e+004 1.013e+004 1.017e+004 1.017e+004 1.015e+004 1.014e+004 1.013e+004 1.013e+004 1.013e+004 1.019e+004 1.024e+004 1.025e+004 1.025e+004
1.041e+004 1.037e+004 1.035e+004 1.032e+004 1.03e+004 1.029e+004 1.027e+004 1.026e+004 1.024e+004 1.024e+004 1.023e+004 1.021e+004 1.019e+004 1.018e+004 1.018e+004 1.018e+004 1.018e+004 1.018e+004 1.018e+004 1.018e+004 1.018e+004 1.018e+004 1.018e+004 1.019e+004 1.019e+004 1.019e+004 1.019e+004 1.018e+004 1.017e+004 1.017e+004 1.016e+004 1.017e+004 1.017e+004 1.018e+004 1.017e+004 1.017e+004 1.016e+004 1.016e+004 1.016e+004 1.015e+004 1.015e+004 1.016e+004 1.017e+004 1.016e+004 1.015e+004 1.014e+004 1.012e+004 1.011e+004 1.015e+004 1.019e+004 1.019e+004 1.016e+004 1.015e+004 1.013e+004 1.013e+004 1.015e+004 1.021e+004 1.025e+004 1.021e+004 1.022e+004
1.041e+004 1.037e+004 1.034e+004 1.032e+004 1.032e+004 1.03e+004 1.028e+004 1.027e+004 1.027e+004 1.024e+004 1.023e+004 1.021e+004 1.019e+004 1.017e+004 1.018e+004 1.018e+004 1.018e+004 1.019e+004 1.017e+004 1.017e+004 1.017e+004 1.017e+004 1.018e+004 1.019e+004 1.02e+004 1.02e+004 1.019e+004 1.019e+004 1.018e+004 1.018e+004 1.017e+004 1.018e+004 1.018e+004 1.018e+004 1.018e+004 1.017e+004 1.017e+004 1.016e+004 1.016e+004 1.015e+004 1.014e+004 1.016e+004 1.017e+004 1.016e+004 1.016e+004 1.016e+004 1.016e+004 1.016e+004 1.016e+004 1.018e+004 1.018e+004 1.017e+004 1.015e+004 1.014e+004 1.014e+004 1.017e+004 1.024e+004 1.026e+004 1.02e+004 1.02e+004
1.041e+004 1.038e+004 1.035e+004 1.033e+004 1.031e+004 1.03e+004 1.028e+004 1.027e+004 1.026e+004 1.023e+004 1.022e+004 1.021e+004 1.02e+004 1.019e+004 1.019e+004 1.019e+004 1.019e+004 1.016e+004 1.016e+004 1.017e+004 1.017e+004 1.018e+004 1.02e+004 1.02e+004 1.02e+004 1.02e+004 1.02e+004 1.02e+004 1.019e+004 1.019e+004 1.018e+004 1.019e+004 1.019e+004 1.019e+004 1.018e+004 1.018e+004 1.017e+004 1.016e+004 1.016e+004 1.015e+004 1.015e+004 1.015e+004 1.015e+004 1.016e+004 1.017e+004 1.017e+004 1.017e+004 1.019e+004 1.017e+004 1.014e+004 1.017e+004 1.017e+004 1.016e+004 1.016e+004 1.017e+004 1.022e+004 1.027e+004 1.025e+004 1.02e+004 1.019e+004
1.042e+004 1.038e+004 1.035e+004 1.033e+004 1.032e+004 1.03e+004 1.028e+004 1.026e+004 1.023e+004 1.022e+004 1.02e+004 1.02e+004 1.02e+004 1.02e+004 1.02e+004 1.02e+004 1.019e+004 1.018e+004 1.018e+004 1.018e+004 1.019e+004 1.02e+004 1.02e+004 1.02e+004 1.021e+004 1.021e+004 1.021e+004 1.021e+004 1.021e+004 1.02e+004 1.019e+004 1.019e+004 1.02e+004 1.019e+004 1.019e+004 1.018e+004 1.018e+004 1.017e+004 1.016e+004 1.016e+004 1.015e+004 1.015e+004 1.016e+004 1.016e+004 1.017e+004 1.019e+004 1.02e+004 1.017e+004 1.018e+004 1.019e+004 1.018e+004 1.018e+004 1.018e+004 1.018e+004 1.019e+004 1.024e+004 1.027e+004 1.023e+004 1.019e+004 1.019e+004
1.046e+004 1.041e+004 1.036e+004 1.034e+004 1.032e+004 1.029e+004 1.027e+004 1.025e+004 1.023e+004 1.021e+004 1.021e+004 1.021e+004 1.021e+004 1.021e+004 1.021e+004 1.02e+004 1.019e+004 1.018e+004 1.017e+004 1.019e+004 1.02e+004 1.02e+004 1.02e+004 1.021e+004 1.021e+004 1.022e+004 1.022e+004 1.022e+004 1.022e+004 1.022e+004 1.021e+004 1.02e+004 1.02e+004 1.02e+004 1.019e+004 1.018e+004 1.018e+004 1.018e+004 1.017e+004 1.016e+004 1.015e+004 1.015e+004 1.014e+004 1.016e+004 1.017e+004 1.019e+004 1.02e+004 1.018e+004 1.02e+004 1.021e+004 1.02e+004 1.02e+004 1.02e+004 1.02e+004 1.021e+004 1.025e+004 1.025e+004 1.023e+004 1.021e+004 1.021e+004
1.046e+004 1.042e+004 1.038e+004 1.034e+004 1.031e+004 1.029e+004 1.027e+004 1.025e+004 1.023e+004 1.021e+004 1.021e+004 1.021e+004 1.021e+004 1.021e+004 1.021e+004 1.02e+004 1.019e+004 1.018e+004 1.018e+004 1.019e+004 1.021e+004 1.021e+004 1.021e+004 1.021e+004 1.021e+004 1.022e+004 1.022e+004 1.023e+004 1.023e+004 1.022e+004 1.02e+004 1.02e+004 1.019e+004 1.019e+004 1.019e+004 1.019e+004 1.019e+004 1.018e+004 1.018e+004 1.017e+004 1.017e+004 1.017e+004 1.015e+004 1.016e+004 1.017e+004 1.018e+004 1.018e+004 1.018e+004 1.02e+004 1.021e+004 1.022e+004 1.022e+004 1.023e+004 1.023e+004 1.024e+004 1.027e+004 1.028e+004 1.026e+004 1.024e+004 1.023e+004
