real_craters/C154-750m.grd
DSAA
141 141
-52.395 52.395
-52.395 52.395
3704.0370948855 5682.7758869902
[rows 76 to 113 of 141, columns 0 to 83 of 141]
5018 5020 5020 5021 5023 5027 5030 5031 5034 5038 5049 5061 5075 5093 5100 5109 5114 5108 5103 5103 5107 5121 5131 5137 5137 5124 5118 5113 5111 5112 5115 5119 5124 5134 5143 5147 5160 5171 5182 5199 5219 5225 5225 5223 5221 5221 5228 5234 5243 5279 5341 5437 5471 5316 5161 5036 4923 4803 4680 4552 4411 4280 4175 4072 3973 3897 3853 3818 3790 3772 3759 3769 3785 3798 3821 3903 3983 4068 4127 4088 4093 4174 4335 4508
5018 5018 5019 5020 5020 5021 5024 5031 5031 5032 5041 5051 5060 5069 5079 5089 5094 5083 5087 5096 5099 5100 5120 5146 5143 5130 5124 5117 5115 5116 5118 5121 5125 5128 5140 5154 5157 5162 5172 5194 5216 5226 5225 5221 5217 5214 5213 5215 5224 5261 5320 5396 5457 5433 5247 5123 4998 4868 4739 4610 4473 4356 4255 4151 4051 3980 3912 3858 3839 3817 3810 3810 3829 3854 3897 3992 4073 4163 4258 4262 4282 4348 4452 4575
5014 5016 5017 5019 5020 5020 5023 5026 5027 5032 5036 5040 5045 5049 5059 5071 5075 5078 5090 5097 5100 5099 5116 5136 5135 5125 5118 5116 5116 5117 5119 5124 5129 5140 5157 5162 5156 5153 5168 5183 5205 5221 5220 5217 5212 5206 5197 5190 5200 5242 5296 5358 5448 5479 5332 5214 5080 4940 4802 4669 4551 4446 4342 4232 4141 4067 3989 3933 3913 3888 3884 3892 3919 3940 3995 4080 4139 4194 4266 4362 4452 4550 4581 4672
5014 5015 5017 5019 5020 5019 5022 5024 5027 5031 5032 5037 5041 5045 5053 5062 5076 5092 5102 5106 5113 5120 5124 5125 5124 5119 5115 5116 5116 5118 5121 5125 5131 5140 5150 5154 5152 5153 5164 5176 5190 5209 5211 5212 5210 5206 5199 5193 5212 5242 5279 5340 5434 5498 5406 5295 5161 5016 4873 4743 4646 4556 4446 4328 4238 4178 4103 4049 4017 3992 3988 3998 4023 4044 4091 4149 4213 4257 4319 4429 4529 4583 4640 4720
5012 5014 5016 5019 5021 5020 5020 5024 5024 5030 5032 5036 5046 5051 5054 5065 5080 5100 5105 5111 5121 5132 5131 5128 5125 5123 5119 5117 5117 5119 5122 5124 5132 5137 5138 5141 5142 5147 5161 5167 5175 5187 5199 5205 5209 5212 5216 5224 5244 5258 5284 5331 5402 5473 5486 5378 5240 5092 4946 4828 4744 4668 4548 4445 4364 4311 4254 4192 4146 4116 4113 4121 4150 4178 4218 4265 4321 4379 4438 4493 4545 4593 4672 4761
5009 5010 5015 5018 5020 5020 5023 5029 5032 5034 5045 5051 5056 5060 5058 5060 5066 5077 5092 5106 5120 5130 5135 5135 5136 5136 5124 5119 5119 5122 5125 5130 5141 5138 5130 5126 5131 5138 5149 5159 5171 5183 5192 5202 5211 5220 5233 5252 5262 5275 5295 5329 5377 5469 5555 5449 5313 5167 5017 4906 4827 4738 4633 4554 4489 4437 4387 4328 4286 4255 4245 4249 4261 4291 4344 4390 4443 4488 4549 4574 4615 4675 4719 4797
5008 5009 5012 5016 5018 5019 5022 5032 5037 5038 5046 5053 5059 5064 5068 5053 5050 5056 5076 5098 5117 5132 5141 5148 5144 5134 5124 5121 5123 5125 5129 5136 5151 5145 5129 5117 5127 5134 5141 5154 5165 5176 5189 5204 5221 5238 5254 5261 5277 5288 5302 5316 5357 5443 5523 5468 5370 5250 5109 5005 4923 4850 4744 4663 4619 4563 4510 4467 4430 4403 4383 4365 4377 4419 4532 4567 4579 4586 4604 4630 4668 4718 4764 4845
5008 5009 5012 5015 5017 5018 5018 5024 5028 5033 5036 5045 5051 5060 5069 5052 5045 5049 5067 5091 5115 5135 5147 5160 5146 5131 5129 5129 5130 5130 5129 5132 5142 5142 5126 5112 5122 5128 5132 5148 5159 5175 5188 5205 5227 5251 5273 5294 5299 5295 5291 5293 5327 5392 5451 5454 5418 5356 5259 5160 5054 4971 4879 4798 4743 4693 4649 4626 4588 4570 4547 4549 4599 4695 4739 4736 4714 4694 4672 4687 4722 4775 4844 4966
5008 5008 5012 5013 5017 5018 5017 5016 5019 5029 5042 5046 5050 5053 5053 5052 5040 5047 5071 5090 5102 5120 5139 5145 5144 5140 5142 5144 5142 5137 5131 5127 5134 5131 5122 5111 5119 5126 5134 5143 5149 5159 5179 5202 5226 5253 5283 5316 5302 5300 5287 5270 5297 5348 5400 5434 5453 5469 5464 5347 5208 5111 5030 4936 4867 4811 4772 4754 4735 4733 4720 4748 4795 4834 4838 4825 4806 4782 4764 4765 4826 4906 5005 5157
5008 5007 5011 5013 5016 5019 5021 5021 5024 5029 5042 5045 5047 5048 5045 5040 5038 5055 5082 5094 5099 5109 5121 5129 5139 5151 5160 5160 5155 5145 5135 5129 5127 5127 5121 5116 5117 5131 5144 5141 5146 5155 5173 5199 5225 5251 5276 5296 5306 5303 5293 5276 5277 5314 5360 5411 5468 5534 5589 5503 5371 5252 5152 5058 4977 4926 4894 4878 4868 4886 4865 4878 4871 4863 4864 4870 4864 4864 4900 4959 5024 5125 5219 5349
5009 5011 5011 5012 5016 5020 5022 5019 5027 5031 5037 5040 5040 5044 5043 5034 5031 5055 5088 5090 5103 5099 5101 5110 5128 5151 5166 5173 5164 5149 5135 5124 5122 5124 5118 5113 5114 5127 5137 5141 5147 5162 5176 5196 5218 5240 5261 5283 5303 5310 5310 5293 5282 5298 5333 5385 5454 5530 5592 5596 5573 5422 5279 5185 5097 5046 5008 4998 5002 4992 4965 4954 4920 4898 4895 4913 4924 4974 5110 5245 5311 5399 5487 5511
5009 5011 5008 5010 5015 5020 5025 5019 5025 5028 5037 5037 5037 5043 5044 5039 5034 5043 5052 5063 5067 5070 5064 5082 5109 5132 5151 5167 5161 5145 5131 5119 5113 5115 5114 5114 5118 5121 5127 5132 5143 5159 5178 5193 5211 5230 5247 5261 5301 5315 5313 5290 5277 5287 5313 5357 5417 5482 5544 5601 5622 5534 5445 5329 5236 5175 5134 5101 5086 5063 5036 5018 4964 4933 4953 4996 5006 5116 5338 5516 5593 5594 5625 5568
5009 5009 5007 5011 5017 5020 5023 5026 5031 5035 5035 5037 5038 5043 5049 5047 5045 5041 5040 5044 5046 5050 5052 5071 5096 5116 5132 5147 5145 5134 5121 5110 5104 5104 5106 5109 5108 5108 5111 5115 5137 5159 5172 5190 5209 5228 5246 5264 5295 5305 5318 5286 5272 5275 5294 5326 5373 5428 5488 5546 5569 5540 5486 5423 5357 5304 5260 5204 5138 5131 5104 5136 5168 5195 5164 5207 5242 5297 5484 5624 5655 5632 5593 5521
5009 5008 5007 5011 5017 5021 5025 5032 5033 5031 5032 5038 5042 5043 5041 5044 5054 5055 5047 5043 5045 5046 5051 5072 5090 5107 5122 5125 5124 5119 5109 5096 5094 5097 5100 5100 5095 5096 5097 5111 5127 5141 5164 5184 5207 5230 5251 5273 5290 5294 5292 5278 5260 5265 5276 5294 5331 5374 5425 5479 5519 5521 5498 5466 5435 5434 5407 5392 5325 5310 5292 5370 5489 5517 5484 5459 5495 5481 5545 5611 5618 5575 5513 5449
5010 5008 5007 5011 5015 5021 5027 5027 5028 5027 5035 5043 5045 5043 5043 5052 5054 5060 5050 5045 5048 5054 5067 5080 5091 5102 5111 5115 5114 5107 5099 5087 5088 5091 5095 5095 5086 5087 5090 5099 5114 5130 5147 5176 5203 5229 5254 5273 5285 5287 5294 5284 5264 5262 5264 5277 5293 5321 5362 5411 5456 5488 5476 5443 5441 5460 5475 5522 5550 5501 5496 5521 5568 5618 5633 5567 5546 5511 5513 5532 5528 5494 5446 5396
5015 5016 5009 5011 5014 5020 5023 5022 5023 5031 5042 5061 5063 5050 5048 5058 5061 5053 5056 5060 5058 5064 5077 5086 5093 5098 5104 5104 5102 5097 5092 5090 5091 5091 5092 5095 5091 5093 5097 5110 5109 5121 5149 5176 5199 5217 5242 5260 5283 5297 5312 5302 5284 5264 5253 5250 5256 5272 5305 5342 5379 5409 5409 5395 5403 5416 5441 5465 5502 5516 5526 5537 5545 5568 5556 5523 5491 5468 5455 5445 5434 5413 5383 5355
5014 5012 5010 5012 5014 5019 5021 5018 5017 5022 5034 5066 5073 5059 5061 5064 5064 5057 5063 5071 5068 5075 5088 5093 5094 5093 5090 5091 5093 5090 5086 5087 5089 5088 5087 5089 5096 5097 5097 5100 5109 5123 5150 5178 5189 5201 5209 5226 5251 5299 5290 5303 5287 5259 5238 5224 5225 5237 5258 5282 5305 5328 5340 5349 5357 5373 5394 5421 5447 5478 5519 5520 5525 5511 5482 5450 5421 5408 5399 5374 5360 5346 5330 5318
5012 5008 5011 5014 5009 5014 5015 5015 5014 5020 5023 5035 5048 5056 5059 5066 5070 5068 5064 5068 5072 5078 5100 5097 5094 5090 5083 5084 5088 5086 5082 5085 5085 5081 5076 5072 5079 5090 5092 5093 5109 5123 5143 5165 5175 5178 5178 5190 5211 5258 5247 5265 5258 5237 5219 5205 5203 5212 5222 5231 5247 5269 5286 5302 5313 5329 5353 5379 5401 5429 5460 5469 5467 5453 5410 5386 5360 5347 5333 5315 5306 5298 5289 5282
5013 5010 5009 5008 5008 5009 5011 5015 5017 5017 5020 5024 5032 5036 5046 5061 5066 5059 5056 5056 5067 5078 5092 5094 5092 5089 5087 5088 5089 5089 5085 5080 5080 5073 5066 5065 5078 5092 5094 5103 5114 5121 5138 5161 5163 5160 5160 5164 5176 5214 5192 5212 5208 5203 5200 5193 5192 5198 5199 5198 5210 5231 5244 5260 5270 5294 5317 5336 5349 5360 5377 5392 5385 5379 5348 5331 5310 5292 5279 5265 5263 5259 5254 5248
5010 5009 5009 5008 5011 5012 5013 5014 5015 5018 5020 5022 5032 5038 5044 5053 5059 5056 5047 5052 5058 5070 5085 5086 5086 5087 5089 5093 5093 5086 5077 5066 5063 5064 5062 5066 5087 5089 5088 5098 5113 5125 5136 5149 5152 5152 5152 5150 5150 5159 5149 5158 5167 5176 5189 5197 5202 5198 5190 5183 5188 5198 5212 5231 5251 5276 5290 5298 5303 5304 5310 5321 5313 5306 5292 5281 5269 5251 5240 5231 5233 5234 5237 5242
5008 5009 5011 5011 5015 5013 5013 5014 5016 5021 5032 5036 5038 5044 5049 5063 5061 5053 5044 5048 5053 5065 5073 5077 5078 5079 5082 5086 5074 5065 5057 5054 5056 5059 5063 5073 5087 5073 5071 5075 5106 5136 5151 5153 5148 5144 5140 5141 5143 5132 5121 5129 5149 5167 5186 5201 5208 5194 5185 5177 5182 5187 5198 5218 5236 5261 5272 5279 5275 5266 5267 5268 5260 5252 5247 5242 5234 5219 5216 5215 5218 5222 5235 5255
5005 5007 5008 5011 5011 5015 5019 5018 5019 5023 5032 5040 5041 5044 5054 5062 5059 5053 5041 5049 5052 5058 5065 5068 5069 5068 5064 5054 5053 5053 5053 5046 5049 5056 5064 5071 5073 5057 5054 5064 5110 5140 5148 5148 5148 5142 5135 5136 5133 5124 5113 5128 5151 5174 5187 5198 5202 5187 5181 5182 5185 5188 5197 5229 5238 5246 5248 5257 5252 5244 5237 5230 5220 5214 5211 5210 5209 5203 5203 5205 5210 5219 5234 5251
5002 5006 5009 5010 5011 5014 5020 5022 5026 5030 5032 5039 5043 5047 5043 5052 5053 5048 5047 5050 5049 5052 5056 5059 5060 5059 5054 5048 5047 5048 5047 5048 5051 5055 5059 5060 5051 5038 5044 5060 5088 5130 5139 5149 5155 5156 5150 5141 5133 5131 5118 5132 5155 5175 5185 5190 5187 5182 5174 5177 5192 5197 5203 5230 5235 5229 5225 5224 5227 5227 5215 5206 5198 5202 5195 5203 5209 5211 5205 5204 5210 5222 5238 5247
5005 5008 5012 5013 5011 5009 5016 5023 5028 5032 5034 5038 5040 5047 5050 5054 5053 5046 5043 5048 5059 5053 5052 5053 5054 5054 5052 5050 5050 5051 5053 5057 5055 5053 5055 5052 5045 5037 5045 5065 5098 5127 5146 5173 5165 5168 5161 5150 5144 5136 5130 5139 5155 5173 5178 5182 5182 5175 5170 5178 5195 5204 5214 5224 5221 5211 5207 5202 5206 5204 5199 5198 5203 5203 5191 5195 5212 5224 5212 5209 5213 5226 5246 5248
5009 5010 5011 5013 5014 5011 5014 5023 5031 5034 5036 5038 5041 5043 5055 5068 5058 5051 5050 5048 5048 5043 5046 5049 5050 5052 5053 5057 5058 5053 5055 5056 5052 5047 5041 5038 5036 5036 5046 5069 5097 5127 5150 5167 5168 5166 5162 5155 5148 5142 5135 5139 5149 5159 5167 5172 5174 5169 5172 5178 5190 5197 5208 5205 5200 5191 5185 5186 5201 5210 5196 5205 5214 5215 5203 5190 5199 5216 5210 5208 5213 5225 5240 5252
5011 5011 5011 5014 5016 5012 5017 5025 5033 5036 5042 5049 5046 5046 5054 5063 5057 5047 5038 5039 5035 5042 5044 5046 5048 5049 5050 5052 5051 5049 5052 5050 5047 5041 5034 5032 5032 5035 5046 5066 5096 5127 5147 5155 5157 5156 5158 5158 5151 5140 5132 5135 5142 5148 5156 5163 5164 5159 5163 5171 5182 5188 5193 5192 5179 5174 5172 5179 5191 5197 5200 5215 5223 5217 5208 5195 5190 5191 5197 5200 5203 5215 5230 5224
5016 5015 5019 5017 5017 5017 5024 5031 5039 5043 5050 5054 5057 5053 5055 5059 5054 5045 5040 5041 5036 5044 5043 5043 5044 5045 5045 5044 5044 5047 5044 5048 5044 5038 5033 5031 5030 5031 5041 5060 5080 5125 5141 5145 5141 5148 5153 5157 5145 5133 5125 5133 5139 5143 5149 5155 5155 5145 5149 5161 5177 5182 5192 5192 5172 5165 5165 5170 5171 5177 5196 5213 5219 5210 5206 5203 5193 5187 5193 5192 5193 5200 5204 5193
5022 5016 5014 5020 5025 5029 5027 5035 5050 5056 5062 5056 5060 5051 5058 5059 5052 5046 5044 5041 5037 5038 5041 5041 5041 5040 5041 5041 5043 5047 5045 5048 5041 5035 5031 5032 5029 5029 5036 5060 5091 5122 5132 5139 5136 5138 5143 5151 5140 5132 5134 5137 5137 5139 5142 5145 5144 5142 5144 5150 5165 5175 5189 5176 5163 5161 5157 5159 5163 5173 5180 5207 5208 5200 5191 5200 5192 5182 5178 5186 5187 5190 5191 5182
5021 5020 5017 5025 5036 5031 5027 5030 5036 5048 5054 5048 5041 5047 5052 5054 5049 5045 5041 5038 5038 5037 5038 5039 5040 5040 5039 5038 5043 5042 5036 5035 5036 5034 5031 5031 5029 5029 5037 5062 5095 5124 5129 5131 5131 5128 5131 5130 5129 5131 5135 5136 5136 5134 5132 5138 5138 5135 5140 5141 5149 5158 5160 5154 5158 5159 5153 5157 5168 5170 5176 5185 5195 5196 5192 5198 5186 5176 5185 5188 5189 5188 5201 5186
5017 5016 5019 5028 5036 5030 5025 5027 5032 5038 5037 5038 5038 5037 5041 5043 5043 5041 5040 5040 5038 5037 5036 5037 5037 5038 5038 5036 5026 5028 5030 5034 5035 5034 5032 5031 5029 5029 5036 5060 5096 5125 5132 5130 5125 5122 5125 5126 5126 5133 5133 5134 5139 5139 5137 5145 5141 5134 5130 5131 5134 5143 5147 5152 5158 5163 5152 5153 5159 5167 5175 5183 5187 5196 5203 5181 5172 5169 5181 5189 5191 5190 5193 5187
5022 5027 5021 5026 5028 5027 5024 5030 5037 5042 5047 5042 5042 5032 5031 5035 5037 5037 5037 5033 5035 5035 5035 5037 5038 5039 5040 5041 5045 5033 5031 5036 5037 5036 5034 5032 5032 5031 5034 5052 5080 5109 5126 5132 5126 5118 5121 5129 5129 5134 5140 5147 5151 5154 5158 5156 5150 5137 5135 5131 5124 5122 5139 5153 5157 5153 5143 5147 5152 5164 5170 5167 5175 5184 5187 5175 5163 5160 5171 5186 5197 5201 5194 5179
5022 5029 5026 5026 5027 5029 5029 5032 5038 5047 5052 5052 5045 5031 5029 5032 5034 5034 5032 5034 5034 5033 5034 5036 5037 5038 5039 5041 5045 5034 5031 5035 5039 5043 5044 5042 5038 5036 5037 5046 5062 5081 5116 5125 5122 5114 5115 5121 5128 5128 5140 5157 5163 5168 5174 5169 5161 5156 5151 5141 5123 5116 5135 5153 5152 5149 5147 5149 5152 5160 5160 5153 5159 5166 5171 5166 5165 5155 5164 5182 5197 5206 5193 5175
5012 5014 5020 5026 5030 5029 5031 5029 5038 5050 5058 5064 5045 5028 5031 5033 5035 5039 5039 5034 5033 5031 5032 5034 5035 5035 5036 5036 5031 5030 5032 5037 5040 5044 5045 5045 5044 5045 5047 5054 5060 5061 5091 5115 5129 5115 5113 5117 5116 5107 5127 5155 5166 5172 5175 5168 5163 5162 5154 5140 5128 5126 5137 5139 5145 5150 5154 5155 5160 5162 5153 5145 5144 5147 5153 5161 5162 5152 5164 5183 5194 5197 5185 5165
5008 5008 5012 5021 5025 5023 5027 5030 5039 5054 5061 5060 5042 5031 5030 5032 5036 5038 5038 5038 5034 5033 5035 5035 5035 5034 5033 5032 5035 5037 5037 5039 5038 5036 5034 5038 5045 5053 5068 5081 5072 5068 5071 5092 5110 5117 5113 5103 5086 5072 5106 5148 5160 5165 5167 5160 5154 5147 5138 5131 5123 5123 5136 5141 5142 5144 5152 5161 5171 5175 5162 5140 5134 5133 5132 5149 5151 5153 5163 5177 5183 5180 5172 5162
5007 5007 5008 5012 5018 5023 5029 5035 5041 5047 5049 5053 5043 5034 5030 5034 5037 5040 5040 5040 5037 5041 5040 5036 5034 5032 5029 5028 5034 5044 5036 5039 5036 5034 5031 5036 5046 5057 5068 5074 5075 5076 5074 5082 5083 5092 5096 5076 5055 5050 5086 5126 5145 5150 5153 5150 5143 5135 5122 5117 5116 5116 5126 5133 5141 5149 5159 5174 5183 5189 5169 5143 5132 5123 5126 5137 5155 5163 5164 5168 5172 5162 5154 5150
5003 5006 5008 5011 5022 5034 5038 5038 5038 5037 5035 5037 5042 5043 5040 5037 5037 5038 5037 5037 5042 5039 5036 5037 5035 5032 5029 5027 5027 5028 5035 5034 5033 5030 5034 5037 5045 5055 5063 5062 5076 5080 5088 5088 5089 5084 5075 5056 5046 5049 5074 5106 5122 5131 5137 5138 5132 5123 5116 5117 5118 5120 5122 5130 5137 5145 5165 5188 5187 5177 5168 5148 5141 5132 5126 5133 5155 5166 5168 5167 5169 5155 5143 5138
5003 5006 5013 5023 5038 5049 5044 5038 5036 5033 5030 5028 5037 5043 5043 5040 5036 5030 5032 5032 5037 5042 5041 5039 5037 5035 5032 5029 5027 5028 5033 5037 5031 5030 5029 5036 5043 5052 5064 5084 5080 5078 5083 5090 5093 5092 5075 5067 5056 5055 5066 5078 5092 5111 5123 5125 5123 5123 5118 5117 5115 5120 5119 5125 5134 5143 5164 5174 5158 5145 5154 5159 5158 5158 5144 5143 5156 5170 5181 5189 5178 5159 5143 5134
5005 5010 5019 5032 5040 5051 5048 5036 5036 5039 5039 5044 5049 5049 5046 5044 5039 5036 5034 5031 5038 5043 5044 5042 5039 5037 5035 5031 5027 5026 5031 5028 5027 5027 5031 5035 5040 5046 5053 5059 5062 5067 5077 5088 5095 5098 5088 5084 5071 5064 5064 5066 5076 5098 5115 5108 5113 5116 5118 5120 5118 5124 5122 5127 5132 5145 5154 5135 5117 5113 5138 5159 5170 5169 5164 5160 5161 5185 5195 5215 5185 5158 5146 5138
