real_craters/C154-500m.grd
DSAA
211 211
-52.395 52.395
-52.395 52.395
3704.7895929213 5701.6010389957
[rows 0 to 29 of 211, columns 0 to 66 of 211]
5128.91 5126.69 5125.94 5130.84 5132.43 5146.68 5146.18 5145.69 5144.05 5140.31 5136.81 5134.25 5133.44 5133.39 5134.63 5137 5138.44 5138.98 5135.4 5133.48 5113.71 5089.84 5075.12 5067.32 5071.67 5076.03 5069.06 5058.58 5058.59 5060.91 5064.52 5068.17 5070.02 5067.86 5067.58 5069.81 5067.46 5060.63 5064.77 5061.88 5063.93 5063.97 5064.21 5065.7 5068.83 5071.93 5077.28 5081.36 5087.6 5094.44 5100.18 5108.44 5116.66 5123.66 5129.02 5134.58 5139.95 5146.88 5155.99 5165.62 5167.63 5172.07 5184.45 5176.8 5160.2 5161.22 5146.42
5141.71 5135.21 5128.35 5117.43 5130 5140.95 5140.84 5142.15 5142.62 5139.87 5136.61 5134.96 5133.95 5134.76 5135.79 5137.74 5139.63 5139.52 5134.16 5120.87 5103.05 5093.29 5081.58 5075.74 5078.96 5081.48 5073.08 5066.47 5064.96 5063.72 5065.37 5070.68 5074.29 5074.92 5073.34 5071.11 5072.5 5056.71 5056.51 5057.51 5062.8 5065.33 5068.14 5072.61 5078.04 5081.82 5084.03 5085.25 5091.27 5104.45 5107.24 5109.65 5113.82 5119.27 5124.43 5130.35 5136.84 5143.21 5146.45 5143.83 5148.49 5155.93 5155.09 5175.93 5166.73 5162.67 5152.16
5147.29 5141.84 5138.41 5139.79 5139.56 5127.6 5124.61 5128.32 5133.14 5133.48 5132.27 5132.16 5132.45 5133.28 5134.47 5136.22 5138.3 5139.52 5134.95 5126.81 5116.36 5101.55 5088.33 5073.97 5075.43 5089.69 5081.34 5077.93 5076.54 5072.72 5072.35 5080.53 5084.26 5083.87 5080.61 5073.92 5064.49 5053.63 5054.16 5057.54 5061.95 5066.69 5070.24 5076.19 5082.14 5083.01 5083.29 5082.87 5085.33 5094.16 5104.64 5108.31 5111.73 5114.59 5115.49 5126.4 5133.81 5139.32 5142.04 5140.25 5144.65 5151.88 5151.91 5179.8 5171.71 5163.53 5152.77
5147.16 5144.45 5143.75 5144.25 5139.98 5126.43 5117.33 5118.45 5120.65 5122.54 5126.13 5127.9 5128.95 5130.46 5131.55 5132.79 5134.02 5134.94 5137.37 5135.99 5124.24 5114.67 5103.59 5091.13 5090.59 5104.57 5101.35 5096.62 5096.03 5093.77 5093.56 5098.42 5097.76 5093.76 5089.67 5083.82 5068.76 5056.67 5055.15 5056.54 5059.87 5065.99 5069.73 5074.22 5078.91 5077.27 5076.71 5077.55 5078.4 5087.59 5097.63 5104.89 5110.59 5115.61 5122.02 5128.8 5134.34 5139.51 5143.92 5152.75 5162.59 5160.9 5173.42 5175.16 5167.76 5163.69 5150.88
5144.16 5143.64 5144.48 5144.68 5142.78 5140.35 5123.4 5116.45 5117.01 5119.29 5123.59 5125.58 5126.92 5128.02 5128.56 5129.44 5131.45 5134.55 5138.25 5141.5 5137.64 5134.1 5128.7 5122.65 5125.31 5126.5 5119.55 5117.13 5118.34 5123.93 5121.77 5117.76 5109.33 5102.39 5097.65 5093.07 5079.05 5062.37 5054.14 5056.26 5058.57 5062.77 5068.59 5072.73 5076.92 5072.69 5071.98 5073.67 5075.77 5081.07 5091.7 5100.29 5107.92 5116.61 5128.37 5131.01 5132.55 5136.59 5142.2 5149.67 5152.47 5152.16 5153.49 5152.53 5154.86 5153.67 5144.45
5139.81 5141.13 5141.49 5143.18 5145.56 5140.93 5125.2 5121.44 5122.19 5125.62 5122.94 5124.22 5125.37 5126.33 5126.89 5126.8 5126.31 5131.73 5139.71 5148.85 5157.69 5158.61 5156.38 5155.21 5150.56 5151 5142.28 5135.94 5133.86 5135.08 5130.38 5119.54 5113.59 5107.68 5101.87 5096.03 5086.31 5066.13 5055.26 5058.05 5049.5 5059.5 5069.9 5076.24 5081.34 5073.85 5071.06 5073 5076.07 5079.08 5088.33 5096.18 5103.94 5112.26 5120.25 5124.23 5126.59 5130.22 5134.69 5137.16 5136.54 5137.49 5134.4 5139.79 5141.45 5138.41 5134.94
5134.19 5134.35 5134.26 5134.18 5134.82 5132.79 5129.4 5126.55 5122.77 5122.08 5120.27 5121.08 5122.55 5124.3 5126.21 5128.3 5130.78 5137.84 5146.33 5159.64 5174.07 5180.8 5179.63 5182.45 5192.81 5169.37 5158.5 5147.41 5140.39 5135.49 5128.79 5120.53 5115.92 5110.9 5103.73 5092.57 5077.64 5068.32 5066.22 5067.26 5063.67 5069.72 5076.06 5080.81 5081.07 5073.63 5071.56 5074.6 5079.58 5085.48 5089.21 5094.59 5100.6 5105.1 5108.38 5111.98 5118.59 5122.73 5126.26 5129.7 5135.29 5129.24 5130.09 5132.74 5131.99 5125.99 5126.82
5127.48 5127.78 5127.01 5124.71 5118.56 5116.7 5121.43 5121.62 5117.95 5116.52 5115.73 5117.84 5120.43 5123.81 5127.2 5131.78 5139.07 5148.41 5161.77 5173.22 5186.54 5192.58 5188.81 5188.81 5183.23 5170.42 5162.24 5149.3 5140.01 5134.35 5127.44 5121.01 5119.48 5115.94 5108.85 5094.62 5073.84 5075.45 5084.09 5093.35 5085.16 5084.89 5082.95 5081.29 5077.24 5071.9 5072.32 5076.93 5080.94 5084.72 5089.12 5093.13 5096.97 5101.1 5104.72 5110.06 5112.35 5115.37 5118.17 5119.46 5118 5115 5117.45 5123.49 5123.06 5119.98 5121.93
5121.68 5122.15 5121.16 5118.42 5114.19 5110.5 5110.55 5111.45 5111.86 5110.13 5111.77 5115.82 5120.36 5124.47 5129.73 5136.03 5143.42 5155.71 5166.4 5172.03 5180.84 5185.02 5183.35 5183.19 5181.33 5166.02 5154.03 5143.24 5134.45 5128.84 5127.8 5127.2 5125.01 5123.06 5119.55 5111.49 5093.96 5092.11 5105.18 5122.73 5109.52 5096.4 5086.57 5078.35 5070.19 5069.79 5071.98 5079.55 5086.89 5086.14 5088.74 5091.51 5094.54 5097.1 5099.54 5101.59 5104.42 5107.22 5109.27 5109.89 5110.76 5112.2 5114.34 5114.31 5114.14 5113 5119.28
5115.85 5117.73 5117.76 5116.61 5114.84 5113.05 5113.86 5112.38 5112.25 5110.06 5112.62 5118.44 5123.38 5128.13 5133.11 5141.55 5152.22 5161.88 5170.95 5171.59 5172.93 5168.84 5172.02 5171.42 5168.76 5154.76 5141.73 5133.96 5126.85 5123.39 5127.32 5129.67 5129.25 5129.71 5130.98 5129.27 5118.75 5114.21 5118.71 5122.79 5113 5101.43 5087.57 5077.79 5069.12 5068.26 5071.41 5081.37 5088.5 5088.42 5089.09 5090.08 5091.53 5093.05 5093.07 5093.71 5096.97 5099.75 5101.44 5101.79 5099.89 5099.56 5104.11 5101.66 5099.35 5113.57 5123.28
5114.17 5116.87 5118.38 5117.21 5117.63 5117.79 5118.2 5122.57 5121.33 5119.29 5119.71 5125.37 5131.04 5133.95 5136.22 5141.98 5150.01 5163.77 5179.55 5182.49 5175.75 5169.46 5167.74 5161.13 5151.73 5142.6 5133.89 5127.81 5121.4 5119.71 5126.08 5129.86 5130.21 5131.99 5135.46 5135.99 5124.73 5121.96 5124.76 5126.9 5115.94 5100.01 5088.64 5082.67 5077.88 5079.34 5078.99 5083.43 5087.66 5088.19 5088.18 5088.32 5088.51 5088.61 5088.75 5087.93 5091.27 5093.96 5095.58 5095.87 5094.87 5093.2 5088.91 5090.78 5097.28 5114.79 5127.41
5115.27 5118.89 5121.31 5122.25 5121.72 5118.74 5124.69 5134.78 5137.75 5134.15 5130.15 5139.86 5144.09 5144.62 5142.1 5138.17 5140.32 5157.42 5175.93 5183.72 5181.45 5178.76 5175.42 5167.01 5155.98 5142.35 5137.17 5131.56 5120.76 5115.84 5121.87 5126.56 5128.68 5129.66 5130.93 5129.01 5118.08 5114.91 5121.71 5124.76 5119.24 5107.61 5095.36 5092.58 5089.86 5085.77 5084.11 5082.61 5086.31 5086.65 5086 5085.32 5085.82 5085.89 5085.7 5085.48 5087.59 5089.8 5091.6 5092.51 5093.42 5093.96 5089.75 5087.03 5094.53 5117.6 5133.92
5120.63 5125.95 5128.24 5130.46 5130.84 5135.19 5146.16 5156 5169.82 5166.91 5158.23 5162.77 5164.47 5161.47 5154.25 5142.18 5138.4 5153.04 5164.56 5179.51 5187.42 5191.03 5192.9 5192.89 5186.85 5175.35 5162.88 5152.46 5135.78 5125.02 5123.42 5127.25 5129.43 5128.14 5123.76 5115.56 5109.81 5108.16 5115.45 5119.92 5118.98 5115.49 5106.97 5102.88 5100.76 5088.71 5077.43 5076.02 5080.22 5083.37 5083.42 5083.66 5083.54 5083.54 5083.99 5085.28 5086.81 5087.34 5088.09 5090.36 5091.85 5092.18 5087.09 5085.67 5093.9 5118.22 5136.66
5129.17 5135.78 5141.37 5145.32 5149.52 5155.26 5175.47 5197.8 5225.64 5218.49 5203.01 5198.88 5192.35 5185.97 5181.45 5171.66 5166.48 5168.11 5167.7 5182.86 5197.76 5206.94 5216.74 5224.92 5224.09 5217.87 5207.92 5192.63 5169.72 5152.48 5142.35 5140.32 5137.72 5131.24 5121.84 5110 5108.56 5109.09 5111.62 5115.55 5118.64 5120.08 5114.87 5106.86 5101 5086.35 5074.68 5072.09 5076.61 5079.45 5081.34 5081.72 5081.51 5081.24 5081.43 5082.99 5083.19 5083.3 5084.71 5087.22 5088.89 5089.34 5091.05 5088.39 5094.99 5109.98 5120.04
5141.98 5150.21 5157.9 5166.33 5176.13 5198 5228.89 5264.41 5289.49 5274 5257.12 5235.26 5212.58 5201.51 5206.73 5223.01 5213.05 5203.96 5203.67 5203.34 5208.86 5226.41 5247.38 5259.59 5268.93 5266.42 5262.02 5247.97 5225.63 5201.53 5176.15 5167.57 5156.28 5142.44 5128.29 5113.82 5112.32 5114.94 5115.72 5117.59 5117 5110.8 5109.38 5101.68 5093.85 5079.14 5071.35 5071.02 5074.78 5078.3 5079.64 5079.89 5079.48 5078.53 5077.06 5074.8 5073.79 5078.1 5081.23 5084.56 5087.29 5086.06 5088.82 5090.63 5096.2 5105.81 5113.49
5153.19 5163.54 5174.85 5187.96 5202.46 5224.21 5256.32 5299.65 5321.52 5298.11 5285.22 5245.1 5208.42 5192.88 5198.61 5229.63 5212.03 5207.63 5216.42 5195.82 5196.03 5228.24 5270.34 5288.84 5309.48 5320.49 5321 5311.24 5290.92 5263.71 5231.73 5206.1 5182.63 5159.21 5138.8 5122.54 5120.34 5123.52 5126.81 5124.63 5120.09 5115.66 5103.28 5093.95 5084.02 5073.34 5070.53 5070.58 5078.02 5080.1 5080.03 5079.41 5078.62 5076.78 5074.58 5071.86 5071.33 5074.62 5078.2 5082.22 5086.36 5089.71 5089.57 5088.78 5093.99 5103.64 5115.37
5171.4 5185.52 5202.61 5216.05 5230.39 5249.99 5276.04 5286.66 5293.22 5280.05 5248.73 5208.71 5174.51 5152.21 5141.21 5137.37 5126.35 5109.69 5100.87 5117.58 5143.41 5182.6 5235.66 5299.89 5340.75 5346.95 5358.91 5361.24 5362.98 5324.05 5282.51 5247.7 5213.02 5179.28 5148.81 5135.33 5130.85 5131.31 5136.49 5130.94 5123.41 5112.76 5098.26 5093.28 5085.87 5081.17 5083 5086.06 5085.57 5082.4 5082.36 5080.81 5079.04 5076.81 5074.37 5071.85 5071.38 5073.22 5076.35 5079.5 5082.89 5086.77 5086.89 5084.52 5089.77 5097.64 5104.56
5195.03 5214.53 5232.51 5249.68 5266.25 5291.49 5316.5 5311.91 5296.14 5254.74 5199.62 5153.76 5123.8 5097.53 5068.48 5034.87 5029.66 5007.22 4997.88 5036.25 5075.67 5108.46 5141.89 5213.19 5281 5343.91 5373.01 5374.12 5369.79 5361.31 5331.9 5285.81 5240.92 5198.86 5163.61 5146.33 5141.06 5135.65 5137.97 5135.68 5127.66 5115.75 5105.02 5103.48 5103.38 5097.14 5093.93 5085.87 5085.5 5084.99 5085.13 5082.83 5080.89 5077.97 5074.74 5071.9 5069.37 5072.38 5075.84 5078.01 5078.39 5081.78 5084.06 5083.4 5086.49 5091 5093.99
5217.59 5242.89 5266.45 5287.02 5302.16 5330.63 5373.63 5351.25 5299.82 5220.44 5149.81 5097.1 5075.13 5053.08 5022.92 4987.27 4978.65 4961.74 4955.85 4987.34 5020.27 5044.86 5067.04 5115.84 5174.54 5252.53 5328.45 5354.29 5375.47 5376.52 5354.94 5310.36 5260.12 5212.78 5170.2 5150.24 5155.64 5146.2 5146.59 5143.67 5136.86 5127.38 5118.55 5118.64 5115.84 5107.05 5099.22 5088.24 5088.57 5089.65 5088.83 5086.83 5083.69 5080.07 5076.53 5073.62 5071.3 5073.4 5077.37 5079.46 5078.83 5082.27 5081.03 5081.99 5083.85 5086.77 5088.51
5241.55 5273.34 5302.51 5324.3 5332.15 5343.44 5348.55 5305.67 5230.08 5164.6 5106.11 5058.91 5041.23 5026.83 5010.6 4992.58 4968.4 4957.87 4955.46 4966.02 4985.32 5003.97 5019.23 5045.06 5081.33 5150.64 5235.04 5295.94 5348.57 5380.8 5367.12 5320.17 5269.13 5219.21 5171.44 5150.62 5145.99 5151.34 5156.91 5152.71 5148.03 5144.04 5140.13 5137.91 5134.35 5125.78 5120.39 5107.43 5101.3 5098.29 5095.54 5092.09 5087.99 5083.48 5079.48 5076.34 5076.25 5077.46 5080.66 5084.53 5086.81 5078.39 5078.98 5079.21 5082.6 5085.4 5088.74
5260.75 5299.34 5335.26 5365.77 5376.02 5350.41 5298.2 5234.57 5169.34 5117.13 5074.49 5037.9 5022.6 5011.85 5001.9 4987.25 4963.36 4947.26 4946.21 4955.9 4970.51 4987.17 4998.26 5005.89 5026.62 5072.3 5132.51 5210.55 5287.43 5353.59 5353 5308.93 5262.32 5216.72 5170.78 5151.25 5145.89 5153.49 5160.03 5159.34 5158.15 5159.64 5161.37 5164.95 5157.37 5148.72 5147.45 5133.4 5118.8 5110.07 5103.69 5097.86 5092.7 5086.73 5081.77 5077.85 5076.95 5077.79 5082.17 5087.72 5090.33 5080.43 5079.45 5082.02 5085.18 5086.45 5086.31
5277.18 5316.58 5356.4 5396.81 5421.98 5352.49 5255.87 5174.1 5125.07 5086.09 5055.83 5032.27 5016.51 5003.08 4990.13 4974.76 4957.13 4945.53 4941.87 4950.99 4964.79 4982.59 5001.83 5003.49 5001.94 5022.48 5054.69 5121.36 5204.85 5282.77 5297.46 5274.01 5241.95 5205.97 5168.87 5151.8 5149.05 5154.86 5160.97 5160.32 5163.23 5168.18 5171.15 5176.61 5169.28 5158.78 5148.5 5142.74 5132.6 5122.32 5114.38 5105.82 5098.07 5090.83 5084.69 5078.79 5073.94 5073.97 5082.58 5089.03 5092.04 5093.76 5093.04 5092.02 5093.04 5091.95 5088.86
5287.83 5322.76 5357.02 5390.57 5406.56 5323.13 5219.43 5134.88 5095.38 5062.19 5044.22 5031.98 5015.7 4997.66 4980.73 4964.89 4949.98 4939.78 4938.62 4944.95 4956.97 4971.51 4986.03 5002.15 5007.37 5006.45 5017.02 5053.8 5122.59 5199.92 5225.31 5225.11 5213.97 5194.46 5163.79 5146.57 5139.84 5141.19 5146.5 5154.53 5162.92 5172.14 5182.19 5181.17 5174.45 5164.56 5155.5 5152.01 5143.2 5132.96 5123.36 5113.16 5104.2 5095.25 5086.8 5079.83 5074.68 5075.05 5084.02 5096.01 5100.23 5101.57 5110.78 5108.5 5104.38 5101.13 5096.96
5291.9 5318.73 5338.39 5347.82 5328.81 5269.97 5185.16 5110.19 5076.54 5048.59 5034.78 5024.94 5009.37 4991.44 4975.01 4959.65 4944.55 4930.14 4928.6 4935.51 4945.67 4957.19 4966.57 4980.64 5001.53 5000.01 5004.48 5020.32 5058.29 5099.84 5149.22 5175.34 5184.93 5181.51 5162.06 5143.1 5131.87 5128.66 5134.57 5147.28 5159.71 5171.7 5181.44 5184.86 5180.04 5172.18 5165.24 5160.15 5151.65 5140.41 5129.54 5119.14 5109.01 5099.35 5090.96 5083.31 5077.05 5075.44 5087.35 5105 5113.93 5114.71 5119.32 5117.3 5114.73 5111.54 5108.57
5290.67 5305.77 5312.33 5304.6 5274.84 5223.63 5155.06 5092.14 5066.63 5044.07 5026.44 5009.58 4994.26 4984.77 4975.07 4959.13 4943.4 4927.01 4921.62 4926.89 4934.97 4944.7 4954.66 4962.14 4983 4992.1 5000.51 5004.13 5019.55 5044.67 5097.86 5139.25 5164.08 5171.63 5160.93 5146.09 5133.15 5124.47 5132.28 5143.96 5157.81 5169.94 5179.47 5183.95 5184.78 5181.1 5173.9 5166.51 5156.69 5143.17 5132.1 5121.64 5112.26 5103.06 5095.61 5089 5082.97 5079.7 5091.42 5105.37 5118.42 5124.67 5125.06 5124.62 5125.77 5121.98 5116.81
5287.27 5292.24 5288.06 5272.58 5240.89 5190.72 5132.83 5080.69 5056.92 5040.74 5022.17 5001.1 4984.25 4978.06 4972.31 4956.83 4941.61 4923.54 4917.53 4920.48 4926.93 4933.8 4942.51 4956.7 4971.92 4984.3 4995.05 5000.6 5006.54 5028.41 5076.23 5122.18 5154.99 5166.39 5155.27 5149.13 5138.15 5130.19 5132.62 5143.97 5158.88 5172.95 5183.02 5185.42 5189.98 5190.6 5186.96 5175.01 5157.85 5143.82 5131.98 5122.1 5114.63 5108.29 5102.36 5097.3 5093.8 5093.69 5101.66 5112.54 5121.21 5129.93 5135.12 5142.42 5138.99 5131.98 5122.71
5281.49 5277.51 5265.91 5245.33 5212.43 5166.06 5115.58 5070.92 5048.77 5039.04 5020.07 4998.27 4981.2 4971.8 4961.84 4949.56 4935.46 4920.35 4915.82 4916.91 4920.63 4925.22 4933.88 4946.68 4963.67 4977.49 4987.34 4995.09 5001.06 5024.38 5071.81 5121.73 5162.12 5176.46 5155.84 5145.07 5140.7 5138.82 5137.66 5147.13 5163.56 5180.58 5193.69 5198.23 5199.16 5201.13 5198.24 5181.28 5160.83 5143.14 5132.98 5126.35 5119.75 5115.06 5110.73 5107.65 5106.93 5109.95 5115.18 5122.8 5129.42 5138.39 5149.34 5158.73 5152.18 5141.78 5130.94
5277.71 5267.07 5247.77 5219.96 5187.71 5147.59 5103.46 5061.21 5041.85 5039.27 5015.62 4995.45 4979.92 4967.19 4955.75 4943.19 4929.81 4920.31 4916.48 4915.44 4916.4 4917.99 4925.23 4940.05 4959.95 4973.21 4983.03 4991.54 4997.35 5022.96 5076.17 5132.51 5178.51 5194.47 5164.4 5147.82 5142.37 5141.63 5142.4 5151.53 5169.25 5188.35 5207.74 5215.45 5215.23 5210.07 5203.65 5184.04 5157.51 5139.26 5132.63 5129.22 5125.69 5121.49 5118.88 5117.9 5118.42 5121.19 5124.8 5128.73 5143.55 5148.83 5156.86 5167.27 5161.11 5150.08 5136.8
5276.48 5260.72 5237.16 5204.59 5173.44 5137.17 5098.67 5063.09 5044.76 5035.28 5006.75 4989.62 4975.98 4962.16 4949.6 4938.98 4929.78 4924.65 4918.26 4915.55 4915.48 4917.23 4923.67 4938.75 4959.04 4970.15 4981.24 4991.29 4997.77 5029.46 5087.15 5147.5 5195.63 5201.92 5172.09 5152.88 5144.42 5143.95 5148.45 5159.23 5174.99 5193.38 5214.03 5226.79 5230.49 5215.36 5202.5 5175.98 5153.04 5136.39 5133.74 5131.92 5129.49 5126.66 5123.8 5125.11 5126.37 5129.97 5135.79 5143.44 5145.08 5151.59 5159.36 5167.37 5164.51 5156.38 5145.77
5275.43 5257.7 5232.84 5203.77 5170.98 5134.8 5098.99 5069.19 5048.86 5030.69 4999.51 4982.59 4969.93 4957.08 4945.24 4935.95 4928.15 4922.73 4918.77 4916.86 4916.24 4918.32 4924.42 4939.48 4953.46 4967.12 4980.56 4988.9 4999.6 5039.78 5103.3 5167 5211.73 5204.3 5178.76 5158.3 5146.75 5146.28 5154.81 5165.6 5179.87 5193.11 5206.48 5224.75 5225.9 5218.69 5206.9 5183.91 5164.3 5147.85 5142 5138.5 5135.14 5132.45 5131.24 5131.08 5132.89 5137.75 5142.43 5141.04 5143.97 5148.47 5155.49 5162.66 5162.68 5159.07 5154.75
