real_craters/C154-300m.grd
DSAA
350 350
-52.395 52.395
-52.395 52.395
3703.8844657635 5707.9562318215
[rows 180 to 209 of 350, columns 268 to 334 of 350]
5150.95 5149.9 5150.3 5151.61 5153.5 5154.59 5153.52 5151.99 5153.37 5151.18 5150.67 5150.41 5150.18 5150.12 5149.99 5149.7 5149.57 5149.45 5149.45 5150.29 5151.23 5152.9 5154.66 5155.67 5154.87 5154.06 5153.46 5152.9 5152.27 5151.72 5153.11 5154.54 5154.96 5155.66 5156.1 5154.88 5153.05 5151.4 5150.29 5150.86 5157.71 5169.41 5173.73 5167.56 5158.78 5149.39 5149.73 5151.19 5153.74 5155.52 5156.26 5156.71 5157.7 5158.95 5160.33 5160.81 5162.65 5163.83 5164.5 5164.81 5167.09 5171 5174.59 5178.06 5181.04 5184.39 5187.58
5150.82 5151.81 5151.62 5152.42 5153.93 5155.32 5154.64 5153.41 5152.66 5150.55 5150.22 5150 5149.88 5149.85 5149.77 5149.74 5149.74 5149.63 5149.56 5149.45 5150.63 5152.79 5155.19 5156.6 5155.4 5154.2 5153.28 5152.65 5152.18 5152.29 5153.8 5154.56 5155.19 5156.25 5157.22 5155.86 5153.5 5151.56 5150.36 5150.74 5156.54 5165.61 5168.19 5163.35 5156.59 5151.24 5149.8 5151 5152.74 5153.95 5154.93 5156 5157.35 5158.91 5159.41 5160.31 5162.08 5164.08 5166.49 5168.65 5170.67 5173.48 5176.97 5180.47 5184.22 5187.04 5190.05
5150.44 5151.18 5151.67 5152.46 5153.41 5154.58 5154.94 5153.92 5151.21 5149.99 5150.03 5150.12 5150.06 5150.01 5149.94 5149.93 5150.04 5150.21 5150.18 5149.86 5150.74 5152.39 5153.83 5154.7 5154.56 5153.82 5152.89 5152.21 5151.78 5151.86 5152.24 5153.28 5154.29 5155.48 5156.45 5155.22 5153.36 5151.62 5150.56 5151.02 5155 5162.9 5162.69 5157.99 5153.77 5154.33 5151.99 5152.77 5153.67 5153.78 5154.09 5154.94 5156.13 5157.71 5159.51 5160.15 5161.83 5164.28 5168.09 5172.94 5173.91 5175.98 5179.57 5183.48 5186.26 5189.59 5192.37
5150.3 5150.55 5151.29 5152.22 5153.43 5154.57 5154.85 5154.11 5152.36 5150.82 5150.36 5150.23 5150.13 5150.07 5150.08 5150.08 5150.15 5150.42 5151.06 5151.18 5151.69 5151.72 5152.49 5153.12 5153.37 5152.91 5152.26 5151.55 5150.95 5150.87 5150.65 5151.49 5152.91 5153.83 5154.14 5153.97 5152.89 5151.56 5150.49 5150.37 5151.9 5152.92 5156.34 5155.08 5154.41 5158.22 5157.58 5157.23 5157.12 5155.57 5154.76 5155.21 5156.47 5158.23 5160.34 5160.62 5162.65 5164.79 5167.56 5170.31 5174.08 5177.55 5181.77 5186.59 5190.73 5192.1 5194.27
5149.52 5149.82 5150.29 5151.69 5153.18 5154.07 5154.19 5153.91 5152.54 5151.47 5150.95 5150.67 5150.56 5150.45 5150.34 5150.28 5150.18 5149.85 5149.83 5150.17 5149.6 5150.47 5151.93 5152.41 5152.41 5152.16 5151.62 5150.88 5150.11 5149.43 5148.84 5150.3 5152.04 5153.16 5153.36 5153.4 5152.65 5151.6 5150.69 5150.24 5151.28 5155.45 5155.33 5155.15 5156.98 5170.15 5172.79 5167.9 5163.19 5158.28 5155.44 5155.72 5157.18 5159.19 5161.37 5161.8 5163.36 5165.08 5166.99 5169.5 5173.84 5178.7 5183.22 5186.94 5190.47 5193.47 5195.61
5147.86 5146.78 5148.08 5151.19 5154.05 5154.84 5155.43 5155.07 5153.67 5152.09 5151.35 5151.13 5151.01 5150.84 5150.7 5150.55 5150.46 5150.29 5150.18 5150.12 5150.07 5150.37 5151.17 5151.69 5151.76 5151.6 5151.1 5150.49 5149.61 5148.79 5148.88 5150.53 5152.32 5153.74 5154.46 5153.83 5153.06 5152.16 5151.41 5151.26 5152.95 5156.59 5156.7 5157.42 5161.96 5183.07 5196.85 5181.05 5168.8 5160.76 5156.46 5156.2 5157.81 5160.2 5162.85 5163.87 5165.8 5167.12 5167.58 5170.05 5175.31 5180.72 5185.54 5189.43 5192.45 5194.76 5196.54
5149 5146.24 5147.39 5151.16 5154.13 5154.44 5154.32 5156.18 5153.21 5151.34 5151.58 5151.46 5151.25 5151.23 5151 5150.81 5150.7 5150.74 5150.54 5150.5 5151.14 5150.84 5149.83 5151.21 5151.65 5151.49 5151.03 5150.41 5149.82 5149.21 5149.99 5151.5 5153.01 5154.44 5155.07 5154.54 5153.75 5152.84 5152.14 5152.13 5153.81 5156.87 5157.12 5158.87 5164.58 5177.13 5184.22 5178.34 5169.19 5161.29 5156.21 5156.69 5158.7 5161.5 5163.54 5166.2 5168.94 5171.15 5171.96 5174.23 5178.94 5183.76 5188.48 5192.78 5194.83 5196.11 5197.55
5152.77 5149.86 5149.79 5151.34 5153.54 5153.01 5152.88 5151.47 5152.32 5152.51 5152.44 5152.26 5151.94 5151.49 5151.18 5150.9 5150.72 5150.72 5150.4 5150.1 5149.96 5152.07 5152.96 5152.28 5152.01 5151.57 5151.1 5150.64 5150.35 5150.41 5150.93 5152.11 5153.67 5155.12 5155.79 5155.39 5154.63 5153.79 5152.92 5152.34 5152.55 5154.85 5156.1 5157.98 5160.91 5166.18 5169.43 5170.09 5166.01 5160.66 5157.07 5157.5 5159.89 5163.24 5165.68 5169.19 5172.98 5176.71 5180.15 5182.14 5183.91 5186.99 5190.81 5194.74 5196.08 5196.91 5198.08
5155.82 5152.14 5150.5 5149.87 5150.3 5150.75 5149.82 5151.2 5152.69 5153.6 5153.51 5152.97 5152.46 5152.02 5151.53 5151.11 5150.56 5150.08 5150.03 5150.09 5150.96 5153.95 5154.37 5153.31 5152.49 5151.9 5151.44 5151.04 5150.82 5150.88 5151.13 5152.19 5154.33 5156.33 5156.92 5156.36 5155.58 5154.58 5153.72 5152.96 5152.21 5152.96 5154.77 5156.54 5158.57 5161.64 5164.91 5165.09 5163.04 5159.8 5157.22 5158.34 5160.82 5164.14 5167.87 5172.04 5176.55 5181.62 5186.84 5187.93 5187.77 5189.26 5191.6 5194.3 5195.73 5196.84 5198
5157.46 5151.89 5148.8 5149.09 5149.65 5149.99 5150.01 5150.79 5153.27 5155.79 5154.2 5153.27 5152.77 5152.45 5152.12 5151.61 5150.84 5150.12 5150.11 5150.27 5151.03 5153.25 5153.42 5153.26 5152.73 5152.2 5151.72 5151.4 5151.18 5151.02 5150.88 5151.68 5155.21 5157.96 5158.1 5157.24 5156.5 5155.67 5155.07 5154.54 5154.39 5152.8 5154.56 5156.35 5158.3 5160.35 5162.58 5162.76 5161.53 5159.78 5157.94 5159.92 5162.95 5166.84 5170.14 5174.32 5178.95 5184.22 5189.66 5190.22 5189.65 5190.19 5191.12 5192.7 5194.58 5196.15 5197.57
5158.46 5152.19 5148.99 5149.57 5150.26 5150.46 5150.66 5151.4 5152.29 5152.73 5153 5152.89 5152.8 5152.72 5152.63 5152.41 5151.93 5151.24 5150.78 5150.48 5150.52 5151.64 5152.78 5152.91 5152.62 5152.2 5151.78 5151.62 5151.66 5151.86 5152.29 5153.53 5156.57 5158.78 5158.54 5157.81 5156.92 5156.23 5155.89 5156.09 5156.15 5154.46 5155.38 5156.69 5158.6 5161.01 5162.05 5161.27 5160.98 5160.97 5161.82 5163.83 5166.34 5169.48 5172.58 5176.52 5180.73 5184.96 5188.3 5189.89 5189.92 5190.3 5190.67 5191.68 5193.65 5195.32 5197.01
5158.89 5152.03 5148.13 5149.17 5150.22 5151.07 5151.81 5151.11 5150.55 5150.66 5151.46 5152.24 5152.68 5152.93 5153.13 5153.29 5153.38 5152.8 5151.7 5150.85 5150.44 5151.41 5152.49 5152.6 5152.31 5151.97 5151.71 5151.74 5152.18 5152.79 5153.92 5156.03 5157.19 5158.41 5158.03 5157.46 5156.77 5156.34 5156.2 5156.62 5157.74 5156.07 5156.13 5157.06 5158.51 5160.38 5160.06 5159.95 5160.78 5162.22 5165.18 5167.12 5168.24 5170.83 5174.02 5177.7 5181.5 5185.03 5188.02 5189.05 5189.5 5190.02 5190.64 5191.61 5192.98 5194.58 5196.04
5159.05 5151.73 5146.48 5145.77 5149.35 5151.68 5152.07 5148.97 5149.1 5149.52 5150.79 5151.98 5152.69 5153.17 5153.54 5153.92 5154.18 5153.61 5152.38 5151.27 5150.64 5152.03 5152.37 5152.27 5151.94 5151.63 5151.37 5151.4 5151.88 5152.84 5153.9 5155.01 5155.72 5156.32 5156.71 5156.58 5156.2 5155.84 5155.51 5155.36 5155.47 5155.91 5156.19 5156.91 5157.84 5159.1 5159.21 5159.26 5160.41 5162.07 5164.15 5166.06 5168.33 5171.1 5174.35 5178.05 5181.67 5184.69 5186.89 5187.86 5188.66 5189.18 5189.8 5190.88 5192.24 5193.78 5195.54
5159.79 5152.61 5147.26 5148.63 5150.41 5152.86 5153.86 5148.64 5148.83 5150.2 5151.33 5152.14 5152.82 5153.36 5153.89 5154.29 5154.46 5153.87 5152.75 5151.6 5150.78 5151.8 5151.86 5151.57 5151.23 5150.97 5150.86 5150.7 5150.6 5151.61 5153.27 5154.64 5154.62 5154.82 5155.49 5155.64 5155.47 5155.13 5154.68 5153.91 5153.63 5154.58 5155.73 5156.69 5157.2 5157.83 5158.5 5158.9 5159.97 5161.3 5162.73 5164.73 5167.57 5170.65 5174.02 5177.64 5181.62 5185.04 5186.96 5187.04 5187.55 5188.2 5188.86 5190.03 5191.43 5193.17 5195
5161.73 5155.15 5150.35 5150.23 5152.05 5153.89 5154 5149.47 5149.42 5150.66 5151.83 5152.59 5153.02 5153.44 5153.91 5154.38 5154.66 5153.96 5152.92 5151.86 5150.95 5150.74 5151.05 5150.71 5150.54 5150.43 5150.37 5150.33 5150.39 5151.25 5152.66 5153.87 5154.51 5154.6 5154.79 5154.93 5154.81 5154.53 5154.11 5153.57 5153.54 5154.51 5155.56 5156.95 5158.23 5158.89 5158.78 5158.96 5159.68 5160.76 5162.13 5164.04 5166.7 5169.65 5172.97 5176.78 5180.81 5184.65 5186.16 5185.62 5185.96 5187.03 5188.41 5189.19 5190.38 5192.07 5194.2
5164.51 5158.68 5154.87 5153.86 5153.66 5154.05 5153.86 5150.16 5150.47 5152.2 5153.56 5152.72 5152.89 5153.25 5153.63 5153.94 5154.16 5153.59 5152.82 5151.98 5151.19 5149.1 5149.53 5149.63 5149.81 5150.01 5150.22 5150.34 5150.6 5151.28 5152.2 5153.11 5153.64 5154.04 5154.18 5154.18 5154.09 5154.01 5153.76 5153.52 5153.33 5153.66 5154.9 5157.06 5159.58 5160.52 5159.16 5158.93 5159.49 5160.48 5161.75 5163.68 5165.75 5168.6 5171.83 5175.09 5179.04 5182.63 5183.59 5183.48 5183.32 5184.61 5186.47 5187.33 5188.67 5190.7 5193.07
5167.84 5162.05 5158.54 5156.48 5155.39 5154.61 5152.54 5152.29 5151.31 5151.08 5150.92 5152.04 5152.68 5153.08 5153.35 5153.21 5152.93 5152.95 5152.53 5151.87 5150.93 5147.91 5148.08 5148.6 5149.18 5149.73 5150.25 5150.61 5150.84 5151.28 5151.81 5152.42 5153.1 5153.32 5153.43 5153.44 5153.33 5153.3 5153.26 5153.41 5152.64 5151.98 5153.52 5156.42 5159.26 5160.09 5159.27 5158.68 5159.51 5160.47 5161.3 5162 5164.78 5167.62 5170.34 5172.8 5175.78 5179.01 5179.47 5179.63 5179.68 5180.92 5182.7 5184.59 5186.59 5189.05 5192.02
5170.43 5164.22 5159.81 5157.33 5157.01 5157.7 5156.4 5153.29 5151.31 5150.54 5150.44 5151.99 5152.8 5153.15 5153.3 5153.35 5152.97 5152.74 5152.28 5151.66 5150.86 5147.53 5147.09 5147.99 5148.94 5149.71 5150.41 5151.03 5151.46 5151.35 5151.39 5151.84 5152.68 5152.65 5152.64 5152.65 5152.61 5152.59 5152.36 5152.46 5151.57 5151.06 5152.37 5155.25 5158.83 5160.38 5159.64 5159.11 5160.2 5161.31 5162.05 5162.3 5165.1 5167.7 5169.71 5171 5171.24 5172.1 5173.97 5174.97 5175.59 5177.75 5179.73 5181.59 5184.2 5187.33 5190.74
5172.67 5165.25 5159.85 5156.74 5157.67 5159.39 5157.34 5152.66 5150.71 5151.54 5152.75 5153.38 5153.46 5153.35 5153.3 5153.58 5153.51 5152.67 5152.04 5151.31 5150.3 5149.2 5147.88 5148.53 5149.24 5149.94 5150.57 5151.24 5151.46 5151.05 5150.74 5150.84 5151.25 5151.73 5151.9 5151.98 5151.99 5152.01 5151.51 5150.62 5150.51 5150.28 5151.21 5153.39 5156.54 5158.84 5159.34 5160.37 5161.79 5162.99 5164.27 5166.18 5167.52 5168.65 5170.02 5170.19 5168.87 5168.11 5170.22 5170.91 5170.96 5171.91 5174.94 5178.01 5181.72 5185.7 5189.47
5174.33 5165.4 5158.88 5155.91 5157.39 5160.33 5158.01 5152.49 5150.95 5153.43 5155.78 5155.18 5154.31 5153.56 5152.92 5152.47 5152.33 5152.11 5151.87 5151.29 5150.09 5150.35 5150.11 5149.75 5149.91 5150.27 5150.65 5150.98 5151.05 5150.58 5149.97 5149.54 5150.27 5150.99 5151.3 5151.49 5151.68 5151.82 5151.69 5151.1 5150.34 5149.99 5150.77 5152.44 5154.05 5157.15 5159.1 5162.41 5163.88 5164.77 5166.26 5168.53 5169.59 5170.15 5171.06 5171.5 5171.14 5170.24 5169.96 5168.88 5167.27 5165.6 5169.67 5174.94 5179.7 5184.28 5188.36
5176.01 5166.13 5155.17 5153.69 5155.35 5159.11 5158.23 5155.39 5154.72 5156.18 5156.87 5156.2 5154.92 5153.64 5152.38 5151.28 5151.24 5151.57 5151.84 5151.94 5151.75 5150.87 5150.61 5150.55 5150.42 5150.52 5150.7 5150.82 5150.67 5150.29 5149.53 5148.51 5149.47 5150.21 5150.72 5151.25 5151.61 5151.85 5152.18 5151.78 5150.42 5149.76 5150.5 5153.34 5157.93 5158.78 5160.43 5163.36 5164.61 5165.7 5167.02 5168.37 5169.63 5171.08 5172.38 5173.75 5174.98 5174.18 5171.42 5168.93 5166.8 5165.57 5168.86 5173.68 5178.51 5183.3 5187.71
5178.88 5170.23 5162.14 5152.45 5152.4 5156.57 5157.81 5159.19 5160.42 5159.13 5158.05 5156.79 5155.29 5153.73 5152.12 5150.86 5150.77 5151.32 5151.83 5152.44 5152.55 5151.11 5150.7 5150.7 5150.55 5150.55 5150.66 5150.77 5150.72 5150.44 5149.96 5149.12 5148.74 5149.52 5150.44 5151.15 5151.61 5151.85 5152.06 5151.6 5150.33 5149.31 5149.44 5152.85 5157.14 5159.94 5162.17 5162.84 5164.23 5166.04 5167.34 5168.1 5169.24 5171.35 5173.17 5174.85 5177.03 5175.66 5172.21 5169.71 5168.42 5168.7 5170.51 5174.15 5178.45 5183.19 5187.48
5181.81 5173.8 5165.69 5156.13 5152.02 5152.42 5156.01 5159.76 5162.1 5160.21 5158.54 5156.98 5155.57 5154.15 5152.33 5150.6 5150.83 5151.24 5151.5 5151.87 5151.66 5150.22 5149.82 5150.33 5150.19 5150.33 5150.58 5150.66 5150.81 5150.8 5150.91 5151.35 5149.66 5149.81 5150.85 5151.59 5151.93 5151.86 5151.53 5151.14 5150.52 5149.77 5150.05 5152.63 5156.29 5159.6 5161.75 5163.17 5164.84 5166.56 5168.17 5168.97 5169.67 5172.11 5173.06 5173.64 5174.74 5174.09 5171.81 5170.09 5169.05 5169.44 5171.99 5175.28 5179.09 5183.07 5186.94
5184.79 5176.12 5168.52 5162.44 5156.03 5151.86 5155.32 5158.47 5160.16 5159.19 5157.34 5156.13 5156.06 5155.38 5154 5152.3 5151.93 5151.53 5150.96 5150.26 5149.47 5148.58 5148.47 5148.9 5149.25 5149.81 5150.6 5151.24 5151.13 5151.06 5151.13 5151.34 5150.84 5151.11 5152.04 5152.71 5152.93 5152.55 5151.85 5151.77 5151.68 5151.36 5151.45 5155.2 5158.56 5159.68 5160.66 5162.37 5164.67 5166.96 5169.69 5172.48 5174.66 5173.97 5172.47 5171.03 5169.86 5170.78 5170.65 5170.49 5170.25 5170.73 5173.51 5176.47 5179.72 5182.95 5186.29
5188.61 5179.71 5172.65 5167.31 5161.7 5157.72 5156.98 5157.65 5158.37 5157.85 5157.05 5156.69 5157.47 5157.25 5156.98 5155.96 5153.87 5152.19 5150.66 5149.3 5147.99 5146.68 5145.53 5147.07 5148.06 5148.93 5150.01 5151 5151.09 5151.15 5151.01 5150.72 5152 5152.9 5153.73 5154.36 5154.79 5154.43 5153.07 5153.74 5154.06 5154.13 5154.95 5158.72 5160.29 5159.96 5159.61 5161.02 5163.27 5166.84 5170.76 5175.2 5179.07 5175.04 5171.03 5168.48 5167.89 5168.46 5169.55 5171.21 5173.42 5174.36 5175.63 5177.69 5180.31 5183.31 5186.09
5193.28 5187.34 5179.37 5171.95 5166.31 5162.23 5159.11 5157.16 5155.88 5156.09 5158.29 5160.62 5159.45 5158.76 5158.61 5157.69 5155.28 5152.97 5150.76 5148.43 5147.3 5146.17 5145.38 5146.51 5147.14 5147.79 5148.65 5149.72 5150.57 5151.43 5152.12 5152.8 5154.17 5155.29 5155.26 5155.97 5157.25 5158.6 5158.18 5157.78 5157.1 5157.04 5158.55 5159.61 5159.92 5160.49 5160.89 5161.67 5163.42 5166.71 5170.4 5174.27 5178.08 5172.59 5167.63 5164.14 5163.75 5165.79 5168.08 5171.22 5174.82 5176.27 5177.18 5178.75 5180.91 5183.2 5185.67
5197.17 5192.03 5184.31 5176.51 5170.34 5165.32 5161.25 5157.67 5154.03 5154.66 5158 5161.41 5159.68 5159.1 5158.41 5157.68 5156.12 5153.77 5151.25 5149.61 5147.86 5146.92 5146.1 5146.31 5146.61 5146.75 5146.78 5147.99 5149.98 5151.83 5153.4 5154.22 5154.76 5155.17 5155.28 5156.58 5158.89 5162.51 5165.01 5161.65 5159.69 5158.7 5158.16 5157.84 5159.53 5161.74 5162.8 5163.54 5164.58 5166.99 5169.22 5170.24 5169.07 5166.52 5163 5159.67 5159.76 5163.3 5166.59 5170.28 5174.02 5175.9 5177.47 5179.55 5181.57 5183.85 5186.44
5200.07 5194.58 5187.79 5180.02 5172.45 5167.71 5164.03 5160.5 5157.31 5156.26 5156.43 5156.51 5157.44 5159.15 5160.15 5159.21 5157.35 5154.82 5152 5148.86 5148.94 5148.66 5148.33 5147.32 5147.05 5146.65 5146.32 5147.39 5149.71 5152.18 5154.43 5154.51 5153.16 5152.29 5153.79 5155.97 5158.46 5161.13 5163.06 5162.09 5160.8 5159.67 5158.43 5158.21 5161.23 5164.8 5167.8 5169.42 5168.36 5168.86 5168.85 5167.18 5163.41 5161.63 5159.64 5157.36 5158.58 5162.38 5165.87 5169.31 5171.52 5174.92 5177.56 5179.69 5181.64 5183.76 5186.01
5202.17 5198.82 5190.62 5183.27 5176.78 5171.51 5167.78 5164.7 5162.24 5159.67 5156.23 5152.48 5155.35 5159.57 5162.59 5161.26 5158.68 5156.2 5153.99 5152.21 5150.89 5150.71 5151.67 5150.94 5149.16 5147.55 5146.6 5147.72 5149.89 5152.2 5154.1 5153.71 5151.88 5150.69 5152.46 5155 5157.38 5158.75 5160.02 5161.34 5161.3 5160.77 5160.44 5160.9 5164.31 5168.4 5173.37 5176.68 5174.76 5172.54 5169.81 5166.64 5163.31 5160.69 5158.8 5157.81 5159.44 5163.04 5166.71 5170.36 5172.7 5175.35 5177.8 5179.88 5181.74 5183.67 5186
5202.07 5197.25 5191.78 5185.72 5179.83 5175.18 5172.1 5169.44 5166.95 5163.75 5159.13 5154.78 5156.52 5160.35 5163.01 5161.7 5159.29 5157.17 5155.59 5154.05 5152.52 5151.72 5151.57 5152.1 5151.25 5149.11 5147.3 5148.58 5150.5 5152.17 5153.4 5152.83 5151.46 5150.51 5152.08 5154.57 5157.08 5159.6 5160.68 5161.33 5161.94 5162.39 5163.47 5164.44 5167.31 5170.4 5173.69 5176.13 5176.48 5174.44 5170.73 5167.13 5163.65 5161.18 5159.68 5158.66 5161.08 5164.66 5168.41 5172.78 5175.66 5176.79 5178.27 5180.01 5181.66 5183.39 5185.24
