real_craters/C154-750m.grd
DSAA
141 141
-52.395 52.395
-52.395 52.395
3704.0370948855 5682.7758869902
[rows 38 to 75 of 141, columns 0 to 83 of 141]
5125 5123 5121 5122 5124 5125 5126 5125 5125 5127 5137 5146 5171 5198 5202 5195 5190 5183 5171 5170 5186 5198 5200 5187 5179 5171 5158 5143 5129 5126 5128 5132 5136 5126 5123 5113 5109 5107 5100 5104 5113 5119 5114 5123 5132 5138 5135 5130 5127 5131 5136 5140 5146 5146 5137 5128 5132 5145 5155 5170 5187 5198 5203 5202 5200 5209 5220 5216 5211 5207 5241 5218 5190 5182 5182 5196 5205 5207 5218 5225 5217 5212 5220 5222
5139 5131 5123 5123 5122 5121 5122 5123 5124 5128 5135 5146 5168 5196 5214 5218 5209 5192 5165 5148 5151 5163 5167 5170 5168 5164 5157 5141 5129 5124 5125 5124 5111 5121 5123 5111 5111 5109 5095 5091 5102 5109 5108 5119 5126 5128 5131 5126 5121 5125 5132 5140 5147 5155 5141 5126 5136 5145 5161 5175 5189 5201 5206 5203 5200 5209 5220 5231 5221 5213 5224 5222 5214 5200 5208 5218 5228 5222 5216 5213 5216 5222 5237 5240
5141 5137 5131 5123 5119 5117 5119 5123 5129 5131 5145 5156 5175 5193 5206 5219 5207 5184 5156 5137 5129 5135 5149 5153 5154 5154 5150 5137 5128 5124 5124 5127 5129 5129 5125 5120 5117 5112 5097 5091 5100 5109 5103 5114 5126 5140 5133 5126 5121 5125 5133 5141 5150 5156 5147 5142 5155 5154 5163 5179 5193 5204 5208 5203 5201 5204 5210 5214 5223 5217 5208 5200 5203 5220 5230 5220 5225 5233 5219 5213 5220 5218 5219 5222
5129 5129 5124 5119 5115 5113 5111 5115 5125 5135 5154 5165 5174 5165 5177 5185 5175 5157 5139 5125 5118 5118 5130 5136 5138 5137 5135 5131 5126 5121 5122 5128 5133 5140 5134 5128 5126 5121 5109 5103 5105 5106 5101 5105 5121 5130 5130 5128 5125 5128 5135 5141 5145 5151 5152 5156 5164 5170 5178 5188 5198 5205 5208 5197 5193 5196 5199 5208 5214 5214 5209 5199 5202 5212 5218 5225 5222 5227 5216 5206 5210 5214 5217 5226
5118 5118 5115 5115 5114 5112 5108 5111 5123 5134 5144 5151 5147 5141 5150 5149 5143 5130 5121 5115 5118 5121 5122 5126 5125 5121 5122 5125 5127 5117 5120 5127 5132 5142 5138 5136 5141 5140 5132 5121 5114 5109 5115 5120 5124 5127 5131 5133 5133 5136 5141 5143 5142 5144 5152 5161 5172 5185 5193 5199 5203 5204 5199 5190 5187 5192 5188 5200 5218 5218 5215 5222 5218 5221 5232 5241 5237 5229 5217 5204 5206 5210 5225 5232
5118 5122 5119 5119 5120 5116 5111 5112 5121 5130 5128 5123 5119 5127 5142 5144 5132 5120 5108 5100 5116 5120 5125 5121 5116 5109 5111 5118 5121 5118 5119 5126 5132 5133 5131 5132 5141 5141 5141 5133 5125 5121 5132 5136 5138 5135 5137 5144 5149 5152 5150 5149 5144 5146 5155 5167 5187 5204 5210 5212 5212 5209 5200 5202 5204 5208 5206 5201 5215 5238 5261 5266 5256 5248 5268 5272 5258 5248 5234 5215 5215 5218 5227 5237
5138 5140 5136 5133 5130 5125 5120 5116 5111 5108 5108 5107 5115 5135 5148 5151 5133 5117 5104 5095 5107 5117 5122 5117 5113 5109 5110 5113 5118 5114 5115 5121 5124 5125 5128 5130 5140 5134 5135 5135 5137 5139 5144 5163 5160 5153 5152 5157 5161 5160 5157 5155 5152 5152 5158 5174 5200 5221 5225 5225 5225 5223 5218 5224 5228 5233 5239 5222 5227 5275 5289 5280 5287 5276 5299 5291 5279 5266 5261 5246 5236 5232 5238 5247
5158 5156 5154 5149 5136 5133 5135 5122 5111 5105 5113 5119 5130 5143 5150 5149 5132 5119 5109 5106 5111 5124 5118 5113 5110 5111 5112 5116 5117 5117 5118 5118 5114 5118 5129 5140 5130 5124 5124 5134 5149 5171 5190 5194 5186 5180 5177 5174 5171 5170 5163 5160 5159 5156 5153 5173 5208 5224 5230 5235 5241 5246 5251 5249 5250 5249 5238 5233 5247 5260 5270 5263 5275 5275 5290 5288 5273 5270 5280 5269 5255 5248 5248 5237
5156 5153 5142 5134 5127 5127 5127 5115 5107 5100 5108 5117 5132 5136 5139 5137 5128 5120 5115 5117 5122 5124 5112 5106 5103 5105 5111 5120 5123 5122 5120 5122 5120 5121 5130 5135 5136 5121 5119 5133 5150 5170 5192 5208 5203 5200 5197 5187 5177 5168 5167 5166 5167 5161 5158 5175 5204 5217 5234 5249 5262 5271 5276 5277 5283 5283 5271 5264 5265 5268 5275 5279 5278 5274 5264 5281 5282 5270 5274 5283 5267 5256 5252 5262
5139 5125 5116 5106 5110 5110 5109 5098 5093 5096 5103 5112 5118 5124 5127 5127 5125 5120 5115 5113 5121 5122 5105 5100 5096 5096 5106 5118 5124 5127 5132 5130 5132 5132 5131 5137 5139 5126 5122 5134 5147 5161 5172 5207 5206 5203 5200 5190 5181 5177 5174 5173 5169 5167 5167 5188 5210 5222 5246 5273 5293 5305 5310 5312 5327 5333 5328 5316 5310 5304 5308 5312 5310 5301 5298 5294 5282 5275 5262 5271 5271 5262 5283 5295
5131 5110 5102 5099 5099 5095 5086 5082 5081 5092 5096 5108 5124 5121 5122 5124 5123 5122 5120 5119 5118 5120 5103 5100 5096 5094 5105 5116 5124 5127 5130 5132 5135 5135 5130 5135 5143 5137 5132 5140 5149 5155 5166 5189 5198 5196 5189 5186 5182 5177 5179 5187 5195 5185 5183 5202 5220 5235 5270 5306 5335 5357 5371 5377 5394 5402 5409 5396 5378 5367 5367 5376 5383 5375 5363 5342 5326 5307 5303 5300 5290 5269 5258 5274
5124 5116 5111 5104 5103 5098 5090 5079 5081 5098 5105 5099 5106 5114 5127 5128 5127 5127 5125 5126 5113 5119 5111 5108 5107 5107 5109 5118 5125 5129 5128 5132 5131 5124 5125 5127 5138 5150 5151 5151 5155 5158 5166 5189 5193 5191 5186 5185 5184 5183 5191 5202 5207 5203 5205 5220 5249 5272 5310 5356 5397 5434 5454 5464 5490 5495 5514 5525 5480 5453 5458 5472 5489 5474 5454 5426 5406 5390 5385 5365 5331 5296 5282 5266
5118 5121 5119 5121 5111 5100 5090 5081 5089 5112 5132 5105 5103 5106 5126 5130 5129 5130 5130 5124 5119 5123 5120 5116 5116 5116 5114 5121 5126 5133 5140 5139 5131 5121 5123 5123 5128 5151 5161 5157 5159 5167 5178 5188 5189 5190 5191 5192 5191 5194 5203 5216 5227 5222 5224 5254 5283 5315 5359 5408 5461 5523 5574 5606 5588 5594 5569 5600 5558 5491 5510 5558 5585 5622 5569 5515 5495 5478 5451 5427 5386 5339 5306 5279
5123 5123 5120 5114 5106 5095 5086 5079 5085 5112 5130 5117 5116 5105 5121 5127 5128 5128 5126 5114 5116 5119 5117 5116 5114 5115 5116 5121 5126 5132 5138 5137 5132 5132 5129 5127 5131 5163 5161 5157 5155 5170 5181 5176 5184 5191 5194 5195 5194 5195 5202 5222 5236 5244 5265 5302 5330 5362 5406 5451 5500 5569 5670 5683 5552 5449 5442 5431 5386 5340 5330 5378 5472 5558 5565 5593 5574 5551 5523 5495 5452 5402 5355 5312
5132 5128 5123 5117 5107 5090 5083 5084 5091 5106 5115 5111 5114 5111 5126 5124 5123 5121 5110 5097 5099 5099 5109 5112 5112 5113 5115 5117 5123 5127 5127 5127 5129 5128 5125 5122 5125 5144 5154 5155 5156 5175 5185 5182 5189 5194 5197 5198 5198 5200 5210 5232 5250 5265 5296 5342 5377 5419 5456 5478 5497 5525 5560 5481 5377 5294 5271 5249 5210 5187 5175 5185 5220 5309 5392 5457 5483 5559 5604 5555 5520 5471 5413 5363
5136 5129 5126 5115 5102 5087 5081 5080 5088 5101 5113 5111 5109 5108 5114 5120 5121 5119 5108 5095 5089 5082 5093 5101 5111 5109 5108 5114 5119 5122 5123 5125 5126 5126 5120 5118 5119 5133 5148 5156 5160 5178 5192 5203 5201 5199 5198 5199 5200 5205 5216 5243 5269 5292 5326 5378 5430 5482 5502 5481 5446 5408 5356 5269 5196 5134 5110 5089 5067 5054 5058 5059 5064 5110 5180 5203 5258 5368 5523 5536 5564 5580 5495 5421
5127 5121 5115 5107 5097 5085 5081 5081 5086 5096 5105 5107 5107 5102 5112 5125 5128 5124 5116 5104 5096 5088 5086 5089 5100 5100 5100 5109 5114 5117 5118 5119 5125 5127 5125 5131 5130 5139 5154 5164 5176 5193 5201 5205 5207 5202 5198 5198 5203 5214 5229 5264 5297 5335 5365 5411 5469 5537 5544 5461 5368 5274 5173 5094 5032 4969 4927 4901 4896 4882 4911 4942 4949 4973 5013 5041 5065 5131 5303 5403 5508 5598 5548 5491
5111 5109 5106 5100 5091 5085 5081 5079 5084 5090 5096 5102 5106 5109 5119 5133 5135 5131 5110 5104 5106 5096 5090 5090 5080 5090 5100 5107 5111 5115 5118 5120 5129 5137 5146 5156 5151 5154 5165 5171 5178 5194 5201 5209 5210 5202 5197 5197 5209 5226 5249 5288 5321 5351 5382 5438 5497 5536 5516 5385 5258 5140 5030 4933 4860 4790 4751 4720 4714 4704 4736 4790 4811 4831 4854 4860 4891 4944 5058 5198 5331 5442 5471 5520
5097 5098 5097 5096 5097 5089 5083 5080 5081 5084 5088 5093 5097 5105 5111 5125 5131 5136 5127 5110 5100 5093 5090 5090 5084 5087 5090 5103 5109 5115 5121 5127 5136 5144 5151 5161 5163 5167 5176 5177 5180 5182 5195 5202 5203 5197 5196 5202 5217 5241 5270 5310 5336 5367 5388 5455 5491 5454 5364 5250 5126 5003 4888 4774 4670 4629 4598 4589 4591 4598 4604 4634 4660 4681 4696 4705 4737 4775 4845 4984 5105 5191 5270 5428
5084 5089 5093 5096 5095 5090 5085 5077 5082 5085 5085 5089 5088 5093 5092 5098 5115 5126 5127 5121 5114 5096 5087 5081 5086 5091 5097 5103 5110 5116 5123 5133 5140 5145 5152 5168 5175 5175 5184 5181 5185 5197 5192 5190 5189 5190 5194 5202 5223 5253 5292 5332 5343 5361 5383 5462 5467 5350 5212 5099 4988 4875 4764 4662 4580 4541 4518 4506 4506 4496 4484 4502 4541 4557 4570 4575 4624 4665 4725 4826 4922 4992 5062 5221
5076 5080 5085 5089 5087 5086 5083 5078 5091 5106 5117 5119 5105 5098 5097 5094 5105 5110 5113 5125 5130 5107 5090 5078 5083 5095 5104 5108 5112 5116 5122 5129 5136 5144 5152 5174 5187 5186 5191 5186 5185 5188 5187 5183 5177 5185 5194 5206 5227 5257 5293 5326 5344 5356 5384 5414 5367 5232 5075 4961 4857 4757 4660 4581 4518 4480 4453 4429 4416 4385 4382 4395 4435 4464 4497 4518 4556 4598 4639 4714 4810 4885 4937 5049
5068 5072 5075 5078 5084 5087 5084 5085 5100 5121 5128 5121 5108 5104 5112 5112 5108 5102 5097 5111 5121 5111 5098 5084 5086 5097 5109 5112 5113 5115 5118 5121 5128 5141 5158 5174 5184 5185 5196 5190 5184 5185 5187 5186 5186 5192 5198 5207 5226 5255 5285 5329 5366 5392 5415 5340 5243 5113 4964 4844 4742 4647 4562 4495 4437 4402 4370 4340 4323 4292 4300 4303 4333 4384 4430 4459 4498 4534 4558 4615 4697 4794 4874 4962
5060 5065 5069 5074 5089 5091 5085 5087 5102 5125 5131 5122 5117 5112 5117 5118 5115 5109 5102 5100 5102 5102 5094 5084 5083 5097 5110 5113 5113 5113 5114 5116 5122 5137 5152 5167 5180 5182 5193 5190 5184 5187 5193 5198 5203 5206 5206 5209 5225 5256 5297 5363 5422 5421 5366 5244 5134 5013 4878 4754 4645 4545 4466 4407 4354 4320 4284 4255 4242 4231 4234 4245 4265 4317 4360 4392 4434 4477 4509 4547 4588 4694 4798 4912
5055 5060 5065 5072 5085 5084 5078 5082 5094 5107 5122 5120 5111 5114 5115 5117 5116 5109 5104 5100 5097 5095 5091 5085 5081 5091 5107 5110 5110 5111 5111 5114 5121 5132 5151 5167 5178 5180 5186 5185 5193 5198 5203 5210 5220 5222 5216 5214 5227 5263 5317 5415 5482 5422 5286 5180 5057 4931 4803 4678 4563 4458 4381 4323 4272 4237 4199 4175 4162 4161 4168 4182 4213 4259 4297 4328 4371 4416 4461 4502 4531 4591 4705 4870
5051 5055 5060 5067 5070 5071 5076 5080 5086 5089 5098 5105 5102 5104 5109 5111 5112 5110 5107 5101 5096 5093 5093 5089 5086 5088 5100 5110 5113 5114 5114 5113 5114 5127 5139 5145 5155 5171 5188 5191 5203 5207 5212 5220 5230 5234 5227 5225 5236 5276 5339 5475 5486 5377 5241 5116 4992 4862 4732 4606 4493 4393 4312 4249 4200 4164 4121 4094 4076 4075 4087 4111 4146 4193 4223 4261 4304 4345 4392 4443 4480 4517 4602 4791
5046 5050 5054 5056 5063 5071 5074 5078 5086 5088 5085 5086 5085 5088 5093 5092 5100 5106 5115 5101 5096 5091 5087 5093 5101 5097 5105 5112 5115 5115 5115 5114 5114 5123 5132 5133 5143 5165 5193 5199 5199 5209 5218 5226 5235 5239 5239 5241 5261 5293 5353 5486 5463 5330 5198 5072 4936 4801 4666 4534 4435 4341 4252 4185 4129 4088 4026 4005 3951 3920 3974 4018 4062 4111 4141 4184 4225 4264 4310 4356 4412 4456 4542 4695
5039 5045 5050 5052 5056 5061 5066 5077 5091 5108 5099 5093 5086 5082 5086 5086 5084 5090 5109 5108 5096 5090 5086 5089 5092 5092 5117 5121 5121 5121 5119 5118 5117 5123 5132 5140 5148 5168 5189 5202 5206 5213 5220 5229 5238 5247 5246 5252 5267 5304 5358 5424 5393 5261 5136 5015 4881 4745 4610 4479 4381 4284 4190 4116 4046 3980 3890 3874 3870 3870 3852 3871 3946 4024 4058 4105 4155 4200 4242 4280 4334 4393 4479 4613
5037 5044 5049 5052 5050 5052 5059 5074 5088 5098 5110 5099 5095 5094 5087 5083 5075 5072 5082 5088 5087 5086 5091 5096 5092 5101 5132 5131 5129 5126 5123 5122 5123 5127 5132 5152 5165 5182 5203 5198 5216 5217 5221 5228 5234 5239 5247 5256 5271 5308 5347 5356 5310 5174 5063 4949 4827 4696 4562 4435 4327 4226 4127 4029 3950 3840 3848 3860 3870 3841 3838 3843 3871 3907 3954 4026 4096 4148 4193 4237 4285 4339 4421 4554
5045 5046 5047 5048 5042 5051 5070 5075 5081 5088 5088 5091 5087 5083 5074 5069 5071 5070 5064 5066 5074 5076 5079 5088 5106 5129 5137 5137 5133 5129 5126 5124 5122 5125 5132 5147 5167 5183 5190 5197 5208 5216 5220 5225 5231 5240 5249 5259 5275 5311 5334 5291 5226 5106 5012 4906 4787 4657 4522 4391 4285 4183 4078 3970 3884 3844 3846 3843 3840 3843 3848 3862 3855 3837 3864 3946 4031 4095 4149 4199 4244 4299 4382 4514
5045 5048 5047 5045 5041 5049 5065 5071 5075 5076 5080 5083 5084 5078 5069 5071 5072 5072 5071 5070 5070 5068 5066 5076 5110 5138 5134 5132 5133 5126 5124 5123 5122 5127 5129 5140 5163 5177 5183 5191 5206 5212 5219 5224 5229 5240 5250 5265 5284 5320 5334 5272 5146 5062 4985 4881 4758 4626 4490 4362 4251 4146 4046 3954 3875 3849 3834 3832 3844 3875 3895 3907 3894 3850 3835 3867 3969 4038 4104 4162 4208 4260 4356 4492
5046 5047 5045 5044 5044 5051 5063 5066 5070 5070 5076 5079 5077 5082 5082 5067 5066 5062 5067 5070 5071 5068 5070 5093 5119 5133 5127 5123 5120 5118 5118 5117 5119 5124 5127 5131 5148 5170 5182 5192 5202 5210 5216 5221 5226 5233 5247 5269 5297 5336 5350 5288 5137 5034 4968 4862 4735 4601 4465 4334 4220 4113 4004 3918 3879 3850 3831 3837 3870 3920 3975 4012 3965 3892 3826 3795 3885 3971 4053 4126 4179 4237 4341 4474
5044 5042 5042 5041 5044 5051 5055 5059 5064 5068 5076 5082 5086 5095 5082 5075 5073 5074 5073 5076 5077 5077 5081 5110 5112 5110 5111 5111 5112 5111 5110 5112 5114 5119 5123 5124 5141 5164 5178 5201 5211 5216 5220 5221 5224 5228 5244 5274 5305 5343 5373 5349 5180 5033 4954 4845 4723 4590 4453 4321 4202 4089 3970 3891 3855 3834 3825 3850 3909 3972 4056 4042 3991 3906 3834 3783 3807 3905 4000 4082 4144 4217 4328 4453
5042 5034 5039 5045 5049 5052 5051 5056 5059 5066 5078 5085 5091 5087 5084 5098 5116 5117 5104 5093 5087 5086 5091 5100 5097 5095 5098 5101 5103 5104 5104 5106 5109 5119 5135 5138 5140 5160 5173 5200 5218 5221 5222 5223 5228 5237 5255 5277 5304 5337 5386 5396 5210 5031 4940 4833 4715 4589 4456 4327 4211 4079 3953 3882 3859 3823 3813 3834 3895 3999 4055 4005 3983 3931 3848 3771 3786 3852 3944 4033 4107 4202 4314 4441
5034 5027 5038 5051 5054 5057 5064 5068 5064 5066 5080 5080 5080 5082 5095 5126 5145 5133 5114 5102 5094 5090 5092 5091 5085 5085 5091 5094 5096 5097 5098 5099 5103 5120 5143 5152 5158 5167 5179 5224 5224 5224 5226 5228 5234 5247 5265 5277 5296 5332 5385 5377 5213 5021 4934 4830 4717 4599 4477 4358 4208 4079 3964 3892 3849 3808 3791 3802 3857 3954 4066 4096 3989 3933 3823 3744 3748 3794 3867 3964 4064 4183 4307 4441
5027 5029 5037 5046 5057 5068 5072 5075 5074 5073 5075 5078 5082 5091 5113 5149 5162 5136 5114 5104 5098 5092 5086 5090 5094 5091 5091 5094 5095 5097 5098 5098 5101 5117 5141 5160 5171 5181 5197 5213 5220 5222 5223 5227 5232 5242 5255 5268 5285 5322 5382 5374 5210 5036 4938 4838 4734 4622 4513 4395 4238 4095 3972 3900 3844 3800 3775 3771 3794 3858 3904 3938 3934 3866 3783 3728 3721 3737 3766 3880 4016 4155 4298 4445
5030 5028 5037 5048 5051 5051 5062 5071 5080 5075 5071 5077 5086 5102 5138 5156 5149 5135 5118 5109 5103 5098 5095 5093 5097 5096 5094 5095 5097 5100 5101 5101 5100 5108 5138 5162 5177 5186 5203 5216 5214 5220 5224 5227 5231 5235 5243 5256 5272 5314 5378 5391 5224 5052 4953 4860 4761 4656 4545 4421 4270 4126 4021 3925 3855 3805 3767 3757 3767 3787 3812 3834 3813 3792 3759 3724 3721 3715 3704 3798 3990 4128 4292 4443
5038 5034 5036 5038 5041 5045 5050 5060 5067 5067 5065 5069 5083 5103 5132 5152 5146 5131 5120 5111 5108 5105 5103 5102 5099 5094 5092 5097 5101 5103 5105 5108 5111 5110 5128 5152 5173 5192 5200 5214 5219 5222 5224 5226 5227 5230 5236 5245 5261 5297 5366 5428 5326 5100 4986 4896 4800 4697 4584 4454 4298 4161 4055 3961 3875 3801 3767 3758 3756 3752 3773 3769 3755 3761 3761 3761 3773 3767 3726 3769 3970 4121 4280 4445
5026 5033 5028 5026 5031 5037 5040 5050 5050 5051 5057 5067 5080 5096 5111 5127 5128 5122 5112 5109 5111 5117 5119 5120 5115 5105 5102 5104 5105 5108 5111 5115 5121 5124 5125 5144 5166 5184 5189 5201 5219 5222 5223 5223 5224 5225 5228 5238 5253 5288 5352 5444 5443 5197 5062 4953 4846 4746 4627 4503 4348 4213 4105 4010 3914 3840 3809 3777 3759 3738 3744 3757 3755 3768 3789 3831 3871 3903 3902 3892 3949 4115 4286 4462
