real_craters/C154-750m.grd
DSAA
141 141
-52.395 52.395
-52.395 52.395
3704.0370948855 5682.7758869902
[rows 0 to 37 of 141, columns 0 to 83 of 141]
5129 5126 5131 5143 5146 5145 5140 5135 5133 5134 5137 5139 5135 5128 5090 5070 5072 5073 5059 5060 5065 5070 5068 5068 5067 5063 5062 5064 5064 5068 5072 5079 5088 5097 5108 5120 5129 5137 5147 5161 5168 5177 5177 5159 5146 5124 5108 5103 5117 5107 5101 5101 5101 5101 5102 5105 5110 5120 5130 5140 5146 5146 5154 5156 5143 5131 5126 5125 5125 5128 5130 5129 5125 5128 5129 5127 5130 5141 5143 5142 5151 5150 5157 5163
5145 5136 5134 5136 5132 5137 5137 5134 5134 5135 5137 5141 5134 5114 5097 5079 5077 5081 5071 5069 5066 5077 5079 5075 5070 5054 5057 5064 5070 5080 5084 5084 5089 5106 5109 5115 5120 5132 5141 5142 5144 5151 5178 5164 5153 5130 5113 5110 5112 5111 5107 5105 5105 5106 5106 5108 5110 5116 5127 5133 5139 5136 5151 5156 5138 5127 5126 5126 5125 5123 5128 5130 5131 5131 5132 5137 5147 5157 5156 5152 5148 5152 5160 5161
5147 5144 5144 5134 5117 5120 5123 5127 5129 5131 5133 5134 5137 5132 5115 5097 5091 5104 5097 5095 5094 5099 5094 5087 5069 5055 5057 5064 5070 5077 5077 5077 5078 5094 5105 5113 5122 5131 5140 5148 5163 5165 5175 5165 5151 5130 5109 5105 5112 5112 5108 5105 5109 5109 5110 5111 5112 5113 5116 5126 5130 5134 5142 5152 5136 5126 5131 5134 5131 5126 5132 5129 5128 5128 5135 5147 5164 5169 5162 5159 5152 5151 5156 5160
5142 5143 5145 5147 5124 5119 5122 5124 5126 5127 5128 5130 5139 5149 5146 5141 5140 5134 5127 5129 5129 5115 5105 5098 5088 5056 5057 5056 5069 5076 5072 5072 5075 5084 5098 5110 5125 5129 5134 5141 5138 5141 5145 5148 5140 5129 5121 5114 5114 5115 5116 5119 5113 5113 5115 5116 5117 5118 5119 5127 5131 5135 5136 5144 5139 5135 5145 5153 5155 5151 5155 5149 5137 5136 5144 5163 5175 5175 5173 5173 5157 5149 5152 5159
5134 5135 5134 5135 5129 5124 5122 5121 5123 5125 5128 5134 5146 5167 5181 5180 5193 5162 5147 5138 5129 5118 5111 5099 5078 5066 5067 5066 5076 5083 5074 5073 5080 5087 5095 5103 5108 5116 5123 5128 5135 5129 5133 5131 5127 5127 5124 5122 5118 5116 5116 5117 5113 5115 5117 5121 5124 5128 5130 5134 5136 5130 5141 5149 5148 5153 5163 5177 5194 5198 5190 5177 5148 5141 5151 5175 5199 5198 5190 5182 5170 5160 5150 5159
5125 5124 5121 5113 5114 5115 5113 5115 5120 5126 5134 5147 5167 5179 5191 5187 5182 5165 5147 5134 5128 5123 5119 5109 5083 5088 5110 5093 5085 5077 5071 5075 5084 5087 5092 5097 5103 5108 5111 5114 5114 5112 5119 5119 5120 5126 5131 5124 5119 5116 5111 5103 5108 5114 5118 5123 5128 5131 5134 5134 5129 5123 5137 5143 5152 5160 5176 5196 5215 5221 5213 5193 5157 5141 5151 5175 5193 5194 5202 5187 5166 5161 5158 5160
5116 5118 5117 5113 5114 5112 5110 5116 5123 5130 5142 5157 5171 5173 5169 5172 5169 5147 5134 5124 5127 5129 5130 5131 5119 5115 5123 5108 5088 5073 5068 5076 5089 5089 5090 5093 5093 5095 5100 5102 5100 5102 5102 5106 5123 5128 5127 5128 5123 5117 5112 5106 5111 5115 5119 5124 5129 5134 5132 5130 5123 5115 5121 5142 5155 5168 5185 5203 5224 5227 5223 5227 5179 5161 5183 5188 5176 5168 5181 5176 5164 5158 5159 5160
5114 5119 5119 5118 5119 5129 5126 5128 5137 5139 5140 5153 5180 5182 5174 5167 5150 5135 5128 5118 5124 5129 5131 5136 5122 5120 5126 5111 5091 5085 5084 5084 5086 5087 5087 5087 5087 5088 5092 5094 5094 5092 5088 5105 5130 5132 5128 5124 5122 5118 5117 5120 5120 5117 5119 5123 5127 5133 5129 5127 5118 5109 5113 5136 5155 5177 5189 5195 5204 5210 5210 5216 5203 5192 5191 5198 5185 5177 5186 5167 5155 5155 5152 5154
5121 5126 5130 5131 5146 5163 5167 5161 5164 5159 5142 5146 5165 5184 5191 5193 5187 5166 5152 5128 5123 5129 5128 5120 5110 5112 5120 5117 5107 5102 5089 5075 5080 5083 5084 5083 5084 5086 5087 5089 5092 5090 5086 5105 5137 5135 5130 5119 5119 5117 5116 5119 5118 5116 5118 5121 5123 5122 5121 5120 5128 5123 5120 5143 5152 5171 5180 5179 5179 5185 5195 5232 5263 5245 5231 5197 5195 5185 5183 5173 5156 5154 5148 5152
5135 5146 5155 5169 5205 5252 5248 5226 5205 5195 5196 5188 5180 5198 5217 5238 5247 5239 5219 5184 5157 5149 5136 5118 5110 5112 5116 5117 5113 5102 5084 5071 5075 5080 5081 5080 5079 5078 5081 5084 5088 5089 5090 5101 5115 5125 5125 5122 5116 5114 5113 5108 5107 5114 5118 5121 5119 5114 5112 5119 5139 5136 5123 5128 5142 5159 5167 5161 5159 5165 5179 5219 5265 5274 5235 5192 5205 5195 5192 5188 5176 5166 5152 5156
5153 5169 5188 5212 5256 5322 5298 5270 5208 5193 5230 5204 5216 5191 5228 5280 5309 5326 5311 5278 5232 5194 5159 5129 5120 5125 5125 5118 5103 5089 5073 5070 5078 5080 5079 5078 5075 5071 5075 5080 5086 5091 5089 5098 5115 5112 5110 5110 5112 5113 5114 5112 5113 5119 5123 5125 5123 5118 5113 5112 5132 5142 5129 5126 5129 5138 5140 5145 5148 5150 5162 5198 5245 5265 5233 5195 5200 5205 5205 5200 5186 5175 5166 5162
5183 5208 5231 5258 5294 5294 5267 5201 5150 5114 5086 5066 5043 5092 5146 5226 5326 5363 5372 5361 5308 5247 5189 5144 5136 5135 5133 5120 5100 5097 5090 5088 5086 5084 5082 5079 5075 5071 5073 5077 5080 5085 5085 5091 5099 5100 5101 5105 5111 5115 5119 5121 5125 5129 5133 5133 5132 5131 5131 5126 5154 5160 5145 5097 5113 5130 5136 5135 5135 5136 5142 5174 5215 5235 5222 5185 5177 5186 5187 5182 5173 5176 5165 5164
5218 5257 5287 5313 5374 5330 5220 5118 5075 5039 4987 4971 4956 5004 5045 5087 5175 5301 5354 5378 5355 5286 5213 5153 5156 5145 5144 5132 5119 5118 5107 5094 5089 5089 5087 5082 5077 5072 5073 5079 5079 5082 5082 5085 5089 5094 5101 5107 5114 5120 5125 5132 5137 5143 5145 5147 5148 5152 5157 5160 5170 5169 5141 5125 5138 5136 5138 5131 5129 5131 5134 5154 5190 5209 5199 5171 5158 5161 5164 5159 5156 5151 5157 5158
5252 5304 5345 5349 5322 5234 5138 5064 5030 5012 4991 4958 4951 4968 4993 5009 5050 5148 5255 5350 5367 5292 5219 5158 5143 5156 5156 5153 5152 5150 5138 5128 5110 5101 5095 5088 5080 5077 5079 5084 5090 5078 5080 5085 5087 5090 5102 5109 5116 5124 5132 5142 5152 5157 5158 5159 5163 5174 5185 5182 5190 5185 5186 5154 5147 5139 5133 5135 5135 5134 5135 5134 5150 5162 5174 5156 5144 5140 5151 5172 5154 5136 5153 5162
5277 5336 5397 5396 5256 5149 5086 5043 5017 4997 4975 4950 4942 4957 4983 5006 5002 5037 5121 5247 5297 5259 5206 5158 5149 5161 5160 5166 5171 5174 5159 5146 5133 5118 5106 5094 5085 5076 5074 5086 5092 5093 5092 5093 5089 5084 5096 5106 5115 5125 5137 5150 5162 5169 5169 5167 5173 5186 5203 5188 5177 5170 5203 5183 5151 5137 5131 5134 5135 5133 5133 5125 5131 5152 5161 5158 5146 5140 5154 5163 5153 5135 5144 5159
5291 5336 5372 5339 5202 5102 5054 5034 5014 4986 4962 4939 4934 4946 4965 4986 5005 5005 5035 5120 5186 5201 5188 5153 5135 5136 5150 5167 5182 5181 5168 5159 5147 5133 5116 5102 5089 5078 5075 5094 5108 5112 5114 5108 5103 5097 5087 5101 5116 5128 5140 5153 5169 5175 5172 5172 5180 5188 5196 5187 5179 5184 5198 5187 5148 5131 5127 5130 5131 5129 5129 5137 5132 5134 5149 5154 5157 5162 5162 5167 5166 5146 5144 5158
5291 5311 5305 5252 5155 5076 5044 5018 4994 4980 4959 4936 4922 4931 4945 4958 4983 4996 5004 5030 5098 5154 5172 5153 5133 5127 5144 5164 5179 5185 5181 5170 5157 5138 5122 5108 5096 5086 5080 5099 5118 5125 5125 5124 5117 5108 5102 5107 5118 5129 5140 5151 5162 5167 5168 5168 5174 5178 5180 5165 5177 5196 5201 5195 5149 5130 5127 5131 5130 5128 5130 5136 5125 5127 5141 5148 5156 5165 5168 5178 5189 5175 5155 5156
5284 5282 5259 5203 5124 5061 5042 5010 4982 4971 4953 4931 4916 4921 4929 4944 4968 4986 4997 5011 5072 5141 5169 5151 5140 5134 5145 5169 5187 5191 5196 5185 5160 5137 5124 5114 5106 5101 5102 5114 5124 5138 5151 5142 5127 5110 5112 5114 5120 5129 5138 5146 5154 5158 5160 5160 5152 5163 5162 5155 5162 5174 5182 5177 5157 5142 5128 5127 5130 5135 5137 5137 5125 5119 5141 5148 5153 5156 5165 5182 5185 5181 5167 5168
5278 5259 5220 5169 5103 5045 5039 5005 4980 4961 4943 4924 4916 4916 4918 4932 4960 4978 4992 5004 5076 5157 5194 5155 5142 5142 5152 5179 5208 5215 5210 5194 5158 5135 5129 5124 5119 5118 5121 5127 5144 5152 5167 5156 5137 5115 5116 5118 5123 5129 5137 5143 5146 5148 5153 5162 5165 5155 5144 5125 5141 5152 5155 5160 5159 5148 5130 5126 5135 5141 5141 5142 5132 5126 5148 5154 5164 5165 5174 5180 5179 5173 5164 5168
5276 5247 5204 5154 5098 5056 5034 4994 4973 4953 4937 4927 4919 4916 4918 4929 4957 4975 4989 5011 5095 5183 5203 5164 5145 5148 5163 5186 5211 5227 5217 5192 5155 5138 5134 5131 5128 5129 5135 5143 5146 5155 5166 5162 5151 5131 5121 5124 5129 5133 5137 5141 5140 5135 5145 5155 5159 5150 5142 5134 5125 5124 5127 5119 5136 5138 5143 5138 5149 5147 5135 5128 5129 5128 5143 5151 5161 5165 5185 5187 5174 5169 5160 5158
5274 5244 5201 5154 5101 5056 5022 4983 4963 4946 4935 4923 4919 4918 4920 4934 4949 4977 4994 5025 5126 5221 5223 5181 5155 5156 5181 5186 5199 5216 5224 5218 5200 5161 5149 5143 5139 5136 5137 5129 5138 5142 5154 5157 5155 5138 5128 5129 5132 5139 5141 5143 5144 5146 5147 5143 5142 5147 5155 5156 5131 5118 5118 5119 5134 5153 5181 5188 5173 5161 5139 5125 5131 5126 5129 5140 5155 5165 5180 5187 5179 5171 5163 5157
5263 5247 5205 5166 5108 5048 5006 4974 4953 4942 4937 4927 4924 4925 4933 4955 4962 4987 5007 5052 5176 5286 5268 5207 5166 5157 5163 5179 5200 5211 5226 5241 5237 5187 5169 5159 5152 5144 5133 5130 5133 5131 5143 5144 5141 5130 5132 5134 5136 5141 5143 5145 5149 5158 5153 5146 5146 5151 5166 5187 5159 5139 5127 5121 5140 5173 5196 5197 5186 5178 5157 5139 5136 5128 5129 5143 5158 5166 5171 5179 5185 5187 5189 5185
5243 5263 5256 5190 5119 5050 5003 4978 4961 4952 4940 4933 4931 4933 4941 4965 4972 4989 5015 5085 5235 5363 5309 5225 5171 5154 5156 5167 5184 5202 5222 5236 5228 5200 5183 5171 5162 5153 5144 5134 5137 5141 5142 5141 5134 5135 5143 5141 5142 5142 5142 5144 5147 5150 5152 5158 5158 5163 5177 5181 5180 5162 5145 5136 5144 5178 5197 5195 5189 5182 5175 5150 5119 5128 5131 5142 5158 5168 5174 5183 5194 5212 5234 5215
5222 5262 5263 5202 5129 5061 5013 4988 4971 4957 4944 4937 4940 4945 4951 4956 4976 4990 5042 5150 5285 5383 5308 5226 5167 5152 5150 5164 5181 5188 5202 5229 5252 5218 5195 5183 5173 5166 5163 5138 5147 5151 5160 5164 5146 5135 5139 5143 5143 5143 5142 5142 5142 5141 5144 5155 5156 5159 5166 5165 5172 5169 5164 5163 5171 5197 5215 5205 5202 5198 5185 5164 5136 5125 5133 5145 5163 5164 5177 5192 5208 5224 5239 5235
5207 5250 5252 5203 5135 5067 5015 4994 4982 4967 4957 4952 4951 4957 4962 4962 4976 5001 5107 5262 5319 5340 5275 5212 5165 5156 5161 5173 5183 5189 5195 5216 5231 5215 5197 5187 5179 5175 5171 5161 5163 5159 5165 5159 5142 5134 5147 5148 5147 5146 5146 5144 5141 5137 5136 5140 5140 5141 5141 5148 5157 5167 5177 5189 5198 5194 5227 5223 5215 5208 5208 5178 5150 5128 5131 5140 5149 5162 5177 5193 5214 5226 5241 5237
5198 5236 5242 5206 5152 5085 5019 5007 4997 4981 4969 4965 4961 4959 4965 4980 4995 5037 5224 5342 5318 5287 5245 5202 5167 5162 5169 5177 5183 5187 5189 5198 5200 5197 5193 5186 5179 5175 5172 5174 5168 5164 5162 5159 5142 5136 5148 5147 5146 5147 5148 5149 5146 5138 5131 5126 5128 5126 5131 5137 5148 5164 5181 5202 5214 5198 5226 5221 5192 5184 5190 5174 5147 5131 5127 5133 5144 5159 5171 5183 5208 5222 5230 5233
5192 5218 5226 5210 5180 5134 5067 5016 5004 4997 4988 4981 4975 4965 4977 5004 5049 5143 5310 5308 5282 5246 5221 5191 5170 5170 5178 5186 5188 5188 5192 5195 5189 5186 5185 5180 5175 5171 5173 5173 5177 5164 5152 5143 5133 5124 5131 5137 5142 5147 5151 5154 5155 5153 5144 5133 5127 5123 5124 5131 5139 5158 5178 5199 5207 5224 5230 5215 5191 5185 5177 5168 5147 5133 5128 5120 5138 5152 5165 5170 5181 5198 5207 5221
5184 5201 5216 5221 5220 5217 5205 5147 5050 5027 5006 5019 5010 4985 4983 5027 5137 5277 5328 5271 5246 5228 5211 5188 5177 5180 5189 5198 5198 5196 5205 5204 5193 5184 5174 5172 5168 5163 5155 5159 5156 5148 5137 5125 5122 5123 5124 5131 5140 5148 5154 5161 5167 5173 5176 5149 5132 5129 5130 5130 5133 5151 5171 5188 5198 5186 5196 5205 5227 5201 5195 5161 5150 5134 5130 5122 5133 5145 5158 5158 5160 5174 5189 5204
5174 5187 5210 5231 5255 5289 5354 5387 5310 5205 5151 5139 5109 5049 5061 5136 5282 5409 5328 5251 5219 5206 5203 5189 5184 5189 5196 5203 5204 5198 5203 5206 5199 5188 5171 5168 5164 5158 5149 5134 5136 5133 5128 5117 5121 5126 5126 5130 5138 5147 5156 5163 5172 5181 5176 5148 5134 5127 5128 5127 5134 5149 5162 5171 5172 5161 5169 5178 5178 5182 5175 5161 5154 5143 5133 5124 5128 5137 5145 5144 5146 5161 5174 5185
5180 5195 5212 5234 5262 5301 5352 5381 5411 5377 5383 5278 5241 5273 5285 5290 5351 5365 5292 5229 5199 5193 5205 5197 5194 5196 5201 5206 5208 5207 5205 5207 5203 5191 5175 5168 5162 5155 5142 5119 5121 5127 5128 5133 5129 5128 5128 5131 5141 5150 5159 5168 5176 5181 5185 5161 5135 5132 5135 5123 5142 5153 5157 5159 5157 5163 5154 5163 5170 5180 5182 5176 5168 5161 5136 5129 5128 5133 5135 5136 5140 5160 5168 5171
5182 5196 5206 5223 5244 5278 5302 5320 5333 5336 5330 5299 5279 5290 5274 5287 5306 5290 5242 5203 5185 5193 5214 5210 5203 5201 5202 5209 5210 5218 5205 5212 5211 5206 5184 5168 5158 5153 5141 5119 5118 5122 5128 5137 5142 5139 5137 5138 5147 5156 5164 5170 5173 5176 5168 5152 5136 5146 5147 5128 5139 5149 5155 5155 5150 5158 5161 5162 5166 5177 5179 5171 5165 5151 5134 5135 5135 5138 5139 5142 5149 5161 5166 5173
5168 5178 5190 5204 5223 5239 5251 5256 5265 5268 5266 5259 5242 5225 5222 5234 5242 5232 5209 5184 5177 5194 5210 5210 5207 5201 5194 5189 5201 5206 5203 5204 5212 5222 5187 5160 5149 5143 5132 5116 5115 5118 5124 5132 5146 5149 5151 5152 5157 5160 5163 5167 5171 5172 5165 5148 5147 5136 5133 5129 5139 5151 5158 5161 5161 5167 5165 5163 5158 5166 5173 5164 5161 5147 5142 5146 5142 5152 5161 5156 5153 5161 5168 5180
5150 5158 5171 5184 5198 5207 5211 5214 5215 5219 5223 5217 5202 5186 5183 5196 5206 5205 5187 5174 5177 5181 5191 5211 5207 5200 5192 5187 5190 5203 5205 5199 5193 5184 5156 5142 5136 5129 5122 5120 5113 5117 5127 5139 5150 5159 5164 5168 5167 5164 5164 5166 5169 5171 5171 5151 5133 5130 5132 5137 5150 5162 5168 5174 5182 5192 5181 5173 5165 5167 5171 5169 5169 5159 5154 5156 5153 5163 5182 5168 5159 5162 5177 5194
5138 5142 5154 5165 5171 5177 5181 5179 5177 5184 5191 5188 5173 5159 5160 5173 5186 5190 5178 5171 5171 5169 5182 5203 5205 5200 5193 5184 5181 5198 5197 5185 5167 5152 5139 5133 5127 5122 5120 5125 5125 5125 5133 5145 5158 5166 5170 5175 5169 5164 5162 5163 5163 5164 5166 5152 5132 5136 5143 5151 5162 5175 5176 5182 5192 5196 5194 5187 5176 5169 5172 5171 5185 5177 5163 5167 5166 5163 5160 5170 5175 5174 5186 5203
5125 5136 5141 5148 5154 5159 5159 5157 5150 5160 5170 5170 5158 5145 5149 5161 5169 5180 5179 5180 5181 5183 5196 5207 5205 5200 5194 5183 5174 5180 5172 5152 5142 5132 5127 5122 5122 5123 5130 5137 5132 5128 5136 5146 5162 5167 5165 5163 5161 5159 5157 5157 5156 5154 5153 5158 5145 5144 5148 5155 5160 5162 5176 5186 5193 5195 5196 5201 5194 5180 5180 5187 5199 5193 5170 5160 5163 5170 5174 5174 5184 5188 5191 5207
5117 5122 5131 5137 5142 5146 5146 5144 5143 5150 5159 5161 5159 5150 5153 5164 5173 5180 5190 5189 5197 5217 5220 5212 5203 5197 5191 5178 5164 5158 5147 5127 5122 5118 5111 5113 5117 5124 5135 5141 5135 5127 5127 5135 5149 5155 5155 5150 5148 5151 5151 5150 5151 5151 5149 5154 5158 5152 5148 5154 5164 5169 5183 5190 5194 5200 5206 5221 5209 5201 5198 5190 5195 5205 5179 5159 5166 5179 5184 5179 5183 5203 5202 5209
5122 5121 5123 5129 5133 5137 5139 5144 5138 5154 5155 5156 5160 5163 5169 5173 5177 5180 5181 5190 5206 5212 5206 5201 5196 5188 5179 5164 5148 5142 5134 5125 5123 5118 5109 5109 5113 5118 5125 5139 5134 5128 5127 5130 5134 5141 5145 5145 5145 5145 5146 5148 5150 5153 5148 5137 5148 5145 5154 5164 5177 5196 5197 5196 5195 5203 5212 5210 5212 5210 5196 5191 5178 5186 5175 5172 5180 5193 5199 5200 5205 5217 5219 5218
5118 5117 5119 5124 5128 5131 5133 5135 5132 5143 5148 5154 5166 5174 5178 5181 5181 5180 5180 5193 5230 5215 5200 5193 5187 5179 5166 5150 5132 5129 5130 5131 5133 5124 5113 5108 5110 5111 5116 5126 5126 5128 5128 5124 5131 5139 5140 5140 5139 5139 5141 5142 5147 5145 5138 5132 5135 5144 5153 5167 5185 5203 5205 5200 5198 5205 5215 5215 5214 5201 5199 5196 5185 5185 5173 5176 5193 5207 5214 5226 5230 5226 5241 5221
