real_craters/C154-500m.grd
DSAA
211 211
-52.395 52.395
-52.395 52.395
3704.7895929213 5701.6010389957
[rows 90 to 119 of 211, columns 67 to 133 of 211]
5205.74 5205.84 5206.32 5206.9 5212.24 5224.96 5244.42 5269.13 5296.97 5337.48 5387.5 5421.63 5425.14 5410.46 5365.55 5288.48 5201.73 5133.83 5055.27 4968.39 4877.77 4794.73 4716.96 4645.42 4577.79 4515.59 4466.01 4425 4389.93 4354.3 4328.79 4311.08 4284.1 4259.59 4254.65 4241.56 4231.1 4231.63 4234.39 4241.25 4249.48 4264.98 4299.36 4334.26 4360.26 4378.93 4405.49 4433.53 4464.41 4487.62 4508.84 4533.8 4558.9 4587.71 4661.25 4726.76 4797.7 4875.27 4945.22 5008.3 5045.05 5105.5 5193.37 5363 5476.42 5535.97 5508.56
5218.07 5215 5212.28 5211.14 5213.07 5226.09 5247.1 5274.24 5310.21 5366.29 5428.56 5468.43 5469.46 5380.89 5307.4 5238.13 5157.54 5080.2 4998.95 4913.63 4826.82 4741.14 4663.54 4588.95 4518.46 4455.47 4407.73 4367.57 4331.89 4298.77 4273.63 4254.46 4226.75 4202.98 4200.48 4189.01 4183.18 4184.95 4190.76 4200.05 4211.58 4232.84 4261.97 4295.08 4320.58 4338.31 4362.44 4389.04 4421.47 4450.58 4479.74 4510.23 4526.48 4548.25 4586.83 4656.61 4742 4839.26 4930.24 4985.81 5016.47 5059.4 5119.78 5240.44 5360.8 5455.59 5498.23
5227.2 5223.71 5219.48 5216.97 5216.98 5226.4 5250.71 5283.07 5325.08 5393.22 5459.06 5486.62 5456.89 5352.86 5269.28 5198.53 5120 5034.94 4949.88 4864.03 4779.32 4697.26 4614.15 4538.23 4466.7 4403.67 4356.22 4315.41 4278.38 4247.68 4223.11 4199.99 4173.07 4151.53 4146.75 4134.67 4132.18 4133.28 4143.82 4156.05 4168.26 4192.09 4223.02 4253.28 4273.39 4295.19 4320.39 4350.58 4380.76 4409.09 4440.14 4469.93 4493.13 4513.48 4543.13 4590.26 4665.77 4789.78 4905.11 4960.95 5000.37 5042.43 5086.34 5172.34 5278.27 5386.49 5473.2
5235.94 5231.75 5227.45 5225.23 5225.94 5236.37 5260.57 5293.44 5338.98 5426.82 5507.13 5486.29 5420.62 5327.76 5240.84 5158.91 5075.89 4992.41 4906.15 4818.35 4732.1 4646.99 4566.43 4493.44 4425.12 4362.79 4312.11 4268.4 4231.58 4199.62 4173.81 4150.74 4120.93 4098.1 4087.45 4075.81 4075.55 4074.51 4086.53 4103.71 4120.23 4146.24 4178.02 4206.49 4222.53 4247.3 4275.24 4304.34 4331.82 4360.05 4392.15 4427.92 4456.12 4480.04 4502.78 4534.77 4602.1 4727.67 4849.68 4940.63 4983.96 5022.55 5062.35 5133.67 5217.28 5345.08 5461.61
5235.68 5237.13 5235.08 5234.59 5239.03 5255.07 5274.44 5304.61 5350.6 5444.7 5527.92 5476.19 5391.36 5301.07 5213.42 5128.11 5040.73 4954.37 4866.51 4776.92 4687.11 4599.99 4521.01 4453.2 4390.29 4327.14 4272.15 4225.95 4187.75 4153.31 4122.88 4098.18 4063.03 4045.21 4022.23 4000.18 4005.06 3989.48 4022.98 4044.82 4063.81 4092.42 4123.84 4153.7 4170.66 4196.13 4224.54 4251.26 4273.44 4306.29 4337.64 4368.72 4408.03 4437.36 4459.77 4494.83 4558.97 4667.63 4787.47 4899.1 4955.94 4997.12 5038.92 5102.35 5171.37 5314.63 5443.55
5242.7 5242.8 5241.71 5242.98 5248.98 5263.12 5283.74 5313.52 5352.27 5432.23 5487.73 5443.1 5355.74 5263.43 5179.6 5099.21 5008.55 4918.3 4827.56 4736.78 4646.03 4555.53 4480.35 4416.01 4355.47 4290.54 4232.01 4181.51 4143.35 4104.21 4069.83 4033.42 3981.29 3961.5 3942.09 3905.85 3890.45 3881.08 3904.03 3958.55 3991.72 4028.62 4066.82 4095.66 4112.89 4142.4 4173.53 4200.51 4224.62 4256.06 4284.85 4310.31 4347.99 4384.59 4416.27 4458.94 4522.43 4613.92 4726.15 4838.2 4908.91 4957.53 5020.69 5075.49 5140.72 5279.26 5413.49
5245.53 5246.73 5246.4 5248.98 5254.99 5267.39 5289.75 5320.41 5357.97 5405.29 5433.67 5392.9 5307.29 5215.97 5135.77 5057.81 4970.12 4881.1 4790.74 4700.07 4610.4 4523.3 4446.35 4380.56 4318.5 4251.27 4190.16 4137.76 4089.46 4045.72 4010.22 3947.22 3889.92 3865.12 3878.88 3869.72 3874.97 3861.62 3851.88 3863.03 3879.15 3946.02 4004.41 4036.62 4058 4088.87 4122.5 4155.27 4185.42 4214.33 4241.55 4266.05 4298.67 4334.18 4372.38 4416.18 4478.71 4562.81 4670.75 4782.79 4858.13 4908.16 4982.93 5041.24 5109.71 5250.43 5403.91
5242.98 5245.44 5247.68 5251.43 5258.56 5270.1 5291.75 5324.05 5353.31 5373.93 5378.38 5335.95 5250.17 5160.91 5086 5009.56 4928.35 4844.51 4756.41 4667.4 4578.26 4493.84 4414.19 4344.54 4280.02 4211.65 4146.68 4080.9 4025.26 3981.59 3928.82 3863.51 3853.39 3854.78 3862.67 3873.72 3866.6 3846.71 3841.55 3842.12 3853.5 3889.54 3929.9 3972.34 3995.21 4031.2 4074.47 4115.47 4149.05 4178.62 4207.25 4234.08 4265.66 4301.24 4335.88 4377.49 4438.12 4519.61 4628.53 4741.2 4816.18 4866.84 4938.17 4999.43 5077.82 5221.11 5413.04
5237.17 5242.12 5247.84 5253.46 5260.87 5271.7 5291.5 5322.77 5341.01 5339.37 5319.35 5283.3 5195.13 5110.83 5043.16 4969.63 4894.37 4812.64 4726.16 4637.36 4547.71 4460.63 4377.7 4311.39 4243.55 4176.05 4108.69 4043.4 3983.01 3921.5 3855.91 3838.97 3848.37 3855.91 3855.15 3856.68 3840.68 3834.37 3836.35 3843.38 3853.09 3859.86 3857.66 3873.33 3913.7 3970.72 4025.79 4074.6 4113.65 4146.95 4179.14 4209.13 4241.22 4271 4305.08 4346.51 4406.66 4487.22 4597.28 4710.51 4781.97 4815.19 4894.11 4955.35 5029 5182.62 5384.12
5236.22 5242.25 5248.62 5255.74 5264.16 5274.92 5293.7 5327.28 5334.5 5311.45 5264.51 5226.44 5145.92 5073.39 5012.48 4944.38 4868.42 4786.93 4700.96 4611.8 4522.08 4433.31 4351.51 4285.22 4217.86 4148.3 4077.68 4004.78 3941.38 3884.18 3839.64 3846.14 3845.63 3843.5 3842.51 3839.86 3843.45 3843.46 3848.26 3861.68 3862.67 3855.02 3841.93 3834.96 3864.21 3917.16 3975.8 4030.77 4075.54 4113.47 4149.42 4183.48 4213.21 4244.1 4278.52 4324.31 4382.31 4460.55 4572.38 4683.61 4756.32 4788.81 4859.49 4924.48 5007.81 5142.3 5338.3
5235.11 5242.73 5249.81 5258.21 5268.41 5280.63 5298.73 5333.31 5333.75 5299.93 5244.59 5165.36 5103.23 5046.6 4991.62 4924.99 4849.01 4766.38 4679.4 4590.31 4500.05 4412.27 4330.69 4262.26 4193.08 4123.34 4055.77 3988.92 3923.84 3873.83 3842.46 3848.82 3837.6 3834.57 3835.64 3842.83 3854.06 3865.67 3874.62 3876.79 3874.53 3873.29 3854.81 3831.05 3841.66 3871.35 3918.3 3988.4 4036.44 4078.41 4119.37 4157.39 4188.31 4218.91 4252.76 4300.25 4362.99 4443.53 4553.64 4663.01 4737.75 4769.46 4835.99 4898.98 4984.54 5104.44 5295.73
5234.04 5242.87 5250.12 5260.21 5273.38 5288.56 5308.3 5338.93 5336.66 5300.89 5237.77 5136.47 5075.7 5027.61 4979.99 4913.53 4833.7 4748.77 4661.11 4570.44 4479.95 4393.2 4313.24 4240.85 4169.71 4099.32 4032.47 3975.55 3917.36 3877.55 3853.6 3846.55 3831.15 3829.21 3834.1 3849.2 3872.43 3905.56 3919.64 3945.37 3942.69 3917.61 3880.77 3847.11 3830.98 3831.69 3866.15 3945.1 3992.58 4040.35 4087.47 4131.79 4166.09 4198.23 4230.89 4278.26 4350 4436.27 4538.17 4642.98 4726.75 4761.03 4823.21 4882.72 4957.47 5063.68 5233.87
5230.07 5236.33 5246.99 5261.53 5277.75 5296.97 5319.69 5351.42 5349.55 5316.81 5249.16 5136.9 5063.24 5015 4968.02 4900.49 4820.92 4735.11 4646.22 4555.64 4464.66 4376.35 4293.39 4220.46 4149.63 4075.98 4003.82 3939.32 3901.78 3878.82 3858.56 3844.61 3831.48 3831.91 3842.88 3870.27 3900.5 3939.73 3974.95 3999.91 4012.78 3964.59 3913.95 3866.24 3825.74 3800.86 3810.74 3885.3 3941.38 3998.89 4053.32 4104.45 4145.79 4178.82 4213.78 4265.9 4341.24 4428.2 4520.22 4613.93 4703.22 4764 4816.47 4872.97 4943.66 5034.47 5188.44
5226.9 5230.49 5244.09 5262.95 5282.36 5303.67 5328.02 5359.36 5365.09 5347.44 5295.07 5164.81 5063.97 5009.51 4959.21 4888.68 4810.16 4725.31 4637.12 4546.8 4455 4364.64 4281.84 4210.98 4135.03 4056.18 3980.83 3917.14 3885.18 3863.7 3846.62 3832.59 3828.92 3837.6 3861.94 3901.94 3933 3981.18 4029.41 4037.83 4036.55 3988.73 3932.11 3877.29 3828.82 3794.74 3780.32 3822.29 3891.89 3956 4018.01 4073.87 4120.28 4156.37 4197.68 4253.39 4333.15 4418.14 4501.9 4582.98 4666.49 4767.76 4814.65 4865.55 4923.11 5004.72 5150.34
5227.98 5231.88 5245.48 5265.2 5284.45 5305.05 5328.33 5358.96 5379.05 5380.29 5342.49 5191.33 5074.95 5007.79 4948.96 4877.26 4800.81 4718.73 4631.87 4541.66 4450.74 4359.19 4273.94 4201.31 4126.44 4042.34 3961.9 3902.9 3876.38 3850.6 3835.19 3824.53 3821.3 3835.65 3866.54 3910.75 3954.84 4012.56 4045.25 4046.38 4025.91 3990.17 3946.51 3904.19 3841.79 3792.34 3774.29 3800.38 3855.65 3918.2 3982.84 4041.18 4088.88 4132.85 4184.28 4245.48 4321.93 4405.56 4488.89 4570.02 4658.44 4755.89 4808.83 4854.72 4907.98 4979.27 5100.36
5233.04 5241.8 5254.87 5269.86 5285.44 5303.53 5325.05 5354.03 5385.91 5400.15 5372.57 5210.29 5076.19 5001.84 4940.36 4868.88 4795.35 4714.76 4631.35 4545.44 4456.06 4364.81 4281.83 4211.47 4124.39 4035.4 3952.71 3895.13 3875.44 3858.99 3833.13 3815.67 3812.7 3823.06 3850.94 3894.76 3957.77 4041.55 4055.31 4029.76 3998.92 3982.84 3944.86 3914.91 3847.83 3787.27 3769.37 3785.83 3825.57 3880.95 3944.15 4008.82 4056.39 4107.23 4169.62 4236.64 4314.43 4397.97 4484.01 4568.86 4659.41 4745.35 4799.33 4839.1 4896.01 4969.38 5064.94
5239.75 5251.95 5264.79 5272.46 5284.75 5299.58 5319 5354.66 5386.26 5397.57 5362.12 5218.93 5063.69 4994.84 4934.16 4865.67 4792.82 4715.65 4635.55 4551.87 4467.9 4389.97 4302.28 4203.83 4120.35 4035.26 3956.2 3902.57 3877.9 3856.31 3826.39 3802.41 3798.25 3804.47 3823.32 3870.29 3935.87 4013.48 4061.88 4079.74 4033.75 3989.26 3953.98 3896.83 3831.33 3772.61 3749.39 3760.82 3793.21 3838.47 3896.52 3962.31 4019.41 4080.21 4150.46 4227 4306 4394.52 4485.13 4572.11 4661.06 4741 4786.59 4829.54 4885.78 4946.11 5051.98
5241.78 5252.51 5263.36 5269.8 5280.26 5293.28 5312.6 5351.17 5382.82 5386.16 5332.97 5208.68 5065.92 4994.65 4933.56 4865.48 4795.23 4720.99 4645.65 4566 4485.71 4412.96 4330.55 4213.68 4122.59 4041.67 3974.03 3916.15 3877.37 3846.45 3816.87 3791.43 3783.17 3786.27 3807.06 3837.81 3893.3 3962.75 4036.78 4043.4 4020.78 3976.13 3957.84 3884.4 3813.05 3754.97 3729.36 3737.4 3759.14 3791.58 3835.34 3899.65 3972.94 4048.09 4129.57 4216.38 4304.05 4395.54 4489.2 4579.56 4663.34 4729.88 4770.52 4829.93 4889.97 4956 5082.79
5238.6 5246.59 5255.22 5262.65 5272.74 5285.26 5304.07 5349.13 5382.34 5389.48 5335.74 5210.26 5078.28 5001.73 4937.55 4871.38 4803.47 4733.84 4659.44 4584.78 4512.64 4435.21 4353.49 4238.13 4138.71 4052.85 3972.18 3920.74 3880.55 3843.8 3813.81 3787.83 3775.35 3771.3 3773.73 3793.92 3836.96 3874.83 3904.48 3923.85 3948.17 3933.79 3888.08 3838.39 3782.75 3742.08 3720.17 3720.52 3730.4 3744.47 3765.78 3829.69 3926.42 4016.46 4106.38 4202.28 4298.08 4396.03 4493.06 4585.95 4662.18 4719.03 4762.64 4831.36 4906.96 4990.64 5116.73
5235.67 5239.97 5245.63 5254.38 5264.55 5276.66 5298.24 5342.76 5381.29 5397.26 5346.32 5217.3 5094.13 5012.41 4946.74 4881.93 4817.15 4749.15 4679.03 4604.6 4529.41 4453.93 4369.29 4261.25 4159.91 4075.71 4001.02 3938.02 3892.12 3850.88 3817.24 3793.66 3771.26 3761.81 3762.12 3771.35 3794.76 3818.21 3831.96 3853.84 3853.52 3861.07 3828.19 3797.23 3762.18 3733.02 3716.27 3716.03 3716.41 3714.31 3713.2 3767.24 3880.36 3997.01 4085.2 4189.55 4296.27 4394.62 4493.15 4585.96 4661.22 4715.47 4760.23 4837.32 4927.44 5020.61 5174.26
5231.88 5235.45 5241.03 5247.84 5256.99 5268.23 5288.58 5328.25 5374.51 5405.21 5366.02 5244.92 5114.17 5024.13 4959.36 4898.6 4839.19 4772.14 4704.07 4631.48 4557.87 4474.67 4382.55 4276.81 4178.45 4096.29 4028.27 3965.65 3910.71 3861.3 3820.72 3792.31 3764.21 3755.55 3763.5 3763.3 3767.52 3773.13 3796.91 3809.27 3796.06 3782.32 3777.37 3772.56 3762.71 3735.47 3730.8 3731.42 3727.88 3715.84 3704.79 3734.27 3845.5 3983.5 4075.28 4177.31 4286.71 4391.82 4492.3 4582.74 4659.43 4721.4 4769.61 4855.81 4962.68 5063.68 5251.78
5229.06 5230.89 5236.01 5241.01 5249.69 5260.89 5279.76 5315.78 5366.13 5418.09 5412.39 5326.19 5167.09 5053.36 4986.06 4927.23 4866.04 4799.52 4733.78 4661.77 4584.08 4498.96 4405.5 4297.98 4201.19 4124.29 4054.72 3991.39 3930.24 3874.94 3824.1 3788.35 3766.95 3758.55 3759.83 3756.13 3752.8 3752.99 3772.61 3771.92 3764.5 3754.68 3757.73 3762.99 3761.47 3757.74 3765.47 3773.17 3771.56 3757.89 3726.14 3721.05 3833.21 3970.31 4073.23 4168.98 4280.38 4391.76 4497.35 4590.65 4665.68 4729.83 4789.89 4891.93 5023.11 5148.89 5304.86
5225.84 5226.87 5228.61 5235.2 5244.28 5255.49 5276.7 5308.77 5356.56 5412.76 5457.09 5406.56 5241.49 5111.18 5032.63 4964.74 4897.47 4830.74 4765.6 4690.46 4612.71 4530.19 4440.44 4330.25 4232.63 4158.59 4087.62 4023.13 3960.68 3898.17 3843.35 3813.13 3793.03 3777.3 3762.08 3755.03 3745.48 3741.97 3752.69 3754.18 3754.32 3749.42 3753.91 3768 3777.57 3794.31 3815.95 3834.73 3847.11 3848.5 3833.9 3810.09 3869.03 3955.4 4071.49 4166.74 4280.89 4398.14 4507.87 4603.35 4675.95 4739.22 4814.83 4944.29 5099.24 5225.33 5383.1
5223.36 5225.21 5229 5235.6 5240.51 5250.14 5270.79 5303.13 5347.57 5405.66 5484.84 5462.9 5313.03 5177.51 5093.55 5017.25 4941.54 4869.76 4803.05 4725.14 4644.66 4561.99 4470.73 4366.79 4272.2 4198.04 4127.39 4061.39 3996.54 3931.36 3874.97 3845.6 3822.93 3802.35 3781.74 3766.55 3750.1 3736.48 3743.4 3753.75 3762.5 3763.61 3770.49 3783.26 3804.87 3840.44 3873.78 3909.65 3944.07 3970.18 3974.51 3958.36 3956.01 3962.26 4066.26 4175.89 4294.73 4416.28 4529.6 4624.99 4699.83 4770.61 4861.27 5020.22 5192.2 5332.08 5487.98
5221.06 5222.41 5227.55 5233.94 5234.78 5243.48 5264.16 5296.47 5340.71 5398.09 5474.47 5470.61 5375.44 5261.27 5160.85 5074.6 4993.95 4923.46 4843.59 4762.64 4680.38 4595.86 4505.51 4410.74 4317.07 4246.38 4175.17 4106.36 4037.55 3972.74 3915.97 3882.28 3853.24 3831.5 3807.37 3790.4 3776.78 3764.98 3759.07 3763.47 3774.84 3784.6 3793.09 3804.71 3821.25 3873.61 3930.32 3983.18 4038.46 4097.64 4127.26 4099.7 4082.48 4093.09 4139.22 4213.03 4334.66 4452.08 4564.06 4660.57 4737.63 4813.75 4932.91 5093.45 5268.74 5417.67 5573.44
5217.31 5217.14 5219.27 5223.53 5223.26 5232.06 5253.09 5285.49 5328.26 5381.5 5437.28 5461.48 5434.38 5323.61 5220.84 5135.38 5053.44 4971.67 4888.2 4804.4 4718.22 4633.37 4543.59 4449.83 4363.43 4296.2 4226.79 4157.73 4088.71 4023.68 3968.86 3933.04 3890.92 3853.9 3834.06 3821.07 3807.98 3797.88 3792.14 3792.26 3796 3813.06 3824.01 3839.91 3864.45 3925.79 3988.98 4046.77 4108.73 4182.02 4234.78 4217.03 4208.1 4222.51 4260.92 4316.77 4407.66 4504.07 4598.01 4692.67 4780.77 4861.68 5002.67 5157.42 5319.68 5490.21 5609.99
5212.61 5209.54 5207.23 5207.05 5206.62 5215.28 5238.08 5271.27 5311 5359.57 5404.93 5454 5478.21 5380.08 5276.34 5196.5 5112.21 5023.25 4936.67 4847.77 4759.59 4671.37 4584.31 4497.43 4419.18 4354.53 4283.18 4213.12 4145.34 4080.07 4027.04 3985.48 3934.43 3890.3 3873.83 3860.04 3844.54 3833.71 3830.87 3831.34 3834.74 3853.64 3871.24 3891.44 3931.12 4001.29 4047.92 4096.57 4147.83 4202.06 4264.05 4297 4312.02 4345.62 4392.71 4441.63 4498.52 4569.27 4642.06 4735.67 4830.16 4908.82 5046.12 5205.48 5355.12 5513.42 5625.28
5208.3 5203.85 5197.05 5190.61 5192.45 5200.09 5226.29 5259.25 5296.06 5338.37 5379.97 5447.68 5491.64 5423.42 5332.27 5254.59 5172.18 5080.03 4986.41 4893.92 4802.2 4709.96 4628.56 4550.64 4477.96 4414.44 4342.41 4268.87 4200.08 4140.63 4090.65 4041.99 3988.78 3943.26 3926.65 3912.75 3894.58 3883.78 3883.55 3888.83 3895.58 3919.21 3931.59 3951.25 3994.98 4061.74 4099.25 4138.76 4176.61 4211.49 4266.25 4332.82 4390.52 4452.02 4522.65 4557.16 4581.19 4635.18 4715.13 4800.23 4893.91 4977.7 5094.36 5236.11 5386.42 5526.86 5617.45
5207.57 5202.54 5195.5 5187.9 5191.8 5202.63 5226 5253.58 5284.45 5325.45 5367.52 5440.14 5498.68 5452.19 5380.64 5310.68 5223.36 5134.52 5039.44 4944.37 4847.91 4754.31 4679.22 4611.49 4547.95 4482.09 4409.2 4331.04 4262.25 4203.46 4157.35 4113.24 4061.48 4016.27 3996.32 3978.89 3962.61 3948.75 3950.5 3958.35 3965.49 3987.76 4000.2 4016.3 4053.6 4097.41 4144.04 4184.33 4216.41 4245.28 4293.53 4370.01 4453.08 4524.86 4575.88 4604.71 4629.29 4678.36 4753.32 4845.52 4952.68 5050.65 5139.11 5249.88 5373.75 5524.7 5558.23
5208.23 5206.32 5203.32 5201.32 5208.29 5221.78 5237.03 5256 5279.39 5319.35 5358.14 5424.44 5484.3 5480.83 5436.8 5367.33 5279.61 5187.77 5091.09 4992.85 4898.13 4809.96 4738.91 4680.9 4634.28 4566.96 4481.76 4400.53 4334.08 4277.74 4239.02 4199.7 4154.95 4106.9 4080.03 4057.61 4037.27 4026.82 4027.99 4034.35 4042.11 4061.51 4078.64 4095.24 4134.12 4166.7 4206.67 4244.96 4277.4 4303.43 4351.86 4414.87 4472.61 4524.08 4552.83 4597.54 4648.24 4700.83 4763.73 4865.4 4974.5 5063.68 5156.6 5271.29 5407.98 5515.62 5506.74
