real_craters/C154-300m.grd
DSAA
350 350
-52.395 52.395
-52.395 52.395
3703.8844657635 5707.9562318215
[rows 240 to 269 of 350, columns 134 to 200 of 350]
5182.22 5188.57 5194.46 5200.01 5205.26 5209.1 5205.68 5197.67 5193 5189 5185.47 5182.45 5180.04 5178.82 5179.51 5180.9 5182.35 5184.66 5186.43 5189.44 5194.01 5200.82 5209.64 5219.28 5226.66 5229.49 5240.74 5249.98 5256.39 5260.61 5264.61 5268.76 5271.7 5272.37 5271.87 5269.62 5266.19 5262.23 5258.03 5257.21 5256.66 5257.46 5257.2 5255.93 5253.19 5248.94 5245.4 5242.1 5238.59 5236.75 5236.12 5233.88 5232.37 5232.52 5231.26 5227.82 5222.3 5216.57 5212.25 5212.64 5211.99 5212.08 5212.69 5212.31 5213.23 5214.45 5215.96
5183.26 5188.98 5194.35 5199.35 5203.96 5207 5203.22 5194.37 5190.04 5186.59 5183.57 5181.49 5180.93 5181.28 5181.2 5182.13 5183.54 5183.83 5186.48 5189.01 5192.78 5200.77 5213.22 5224.41 5232.23 5232.95 5239.94 5247.28 5250.4 5252.99 5255.65 5259.12 5262.46 5264.41 5263.39 5260.39 5256.86 5253.31 5249.14 5245.16 5244.41 5244.44 5242.96 5240.03 5236 5232.82 5229.64 5226.49 5222.93 5220.93 5220.79 5220.01 5219.52 5220.15 5218.61 5215.82 5212.98 5209.14 5206.21 5206.41 5206.34 5206.65 5207.76 5208.06 5209.7 5211.38 5213.26
5183.97 5188.66 5193.07 5196.95 5200.27 5201.79 5198.02 5190.86 5187.17 5183.92 5181.03 5179.39 5179.93 5181.51 5182.22 5183.85 5186.01 5188 5188.51 5189.96 5193.26 5203.45 5217.44 5228.93 5238.07 5238.92 5240.44 5243.34 5244.38 5245.09 5245.77 5246.69 5250.26 5254.69 5254.18 5251.29 5248.48 5245.64 5242.63 5239.32 5235.83 5234.03 5231.25 5227.61 5222.85 5219.5 5216.65 5214.48 5211.9 5209.85 5209.45 5208.53 5208.28 5208.45 5208.13 5207.67 5207.36 5205.2 5202.84 5202.91 5202.65 5201.87 5202.29 5204.47 5206.87 5209.12 5211.39
5183.76 5187.71 5191.17 5193.88 5195.82 5195.83 5193.57 5189.17 5185.1 5181.46 5178.29 5176.17 5175.52 5178.64 5182.18 5185.64 5188.8 5190.65 5191.54 5192.26 5194.21 5204.56 5218.6 5230.63 5240.58 5241.3 5239.75 5238.3 5237.59 5236.91 5236 5235.4 5237.96 5241.32 5242.07 5241.05 5239.67 5238.02 5236.13 5234.22 5228.87 5224.7 5221.35 5218.18 5212.62 5205.68 5206.01 5206.16 5205.54 5204.44 5202.26 5201.1 5202.51 5204.17 5204.1 5205.12 5206.18 5205.43 5203.76 5202.61 5201.86 5200.23 5200.59 5203.29 5205.87 5208.45 5210.99
5183.28 5186.35 5188.69 5190.42 5191.36 5190.28 5189.07 5187.65 5182.85 5178.98 5175.72 5173.29 5172.18 5176.56 5182.31 5187.85 5192.67 5194.85 5195.6 5195.93 5198.3 5205.81 5218.02 5229.59 5237.74 5237.41 5234.99 5232.31 5230.69 5229.26 5227.64 5225.31 5226.39 5227.88 5229.56 5230.29 5230.3 5229.95 5229.13 5225.89 5219.97 5215.44 5211.49 5209.26 5203.9 5197.78 5199.72 5201.51 5202.26 5201.8 5197.78 5195.44 5199.51 5203.13 5204.68 5206.43 5208.89 5209.75 5207.66 5206.77 5204.31 5202.13 5201.79 5203.74 5206.06 5208.71 5211.91
5182.15 5184.27 5185.97 5187.21 5187.57 5186.2 5183.46 5183.66 5180.07 5176.61 5173.74 5171.74 5171.59 5176.44 5183.12 5190.19 5197.35 5200.7 5200.01 5200.03 5201.33 5208.56 5218.62 5228.24 5234.38 5234.35 5230.04 5226.31 5223.77 5222.17 5220.92 5219.89 5217.29 5216.39 5218.27 5220.07 5220.96 5221.41 5221.34 5214.74 5210.68 5206.56 5201.39 5195.5 5195.13 5195.93 5198.37 5200.22 5201.07 5200.58 5194.64 5190 5195.51 5201.3 5204.81 5208.81 5213.15 5217.28 5218.82 5214.93 5208.48 5205.78 5204.5 5205.26 5207.13 5209.73 5213.23
5180.04 5181.69 5183.04 5184.28 5184.55 5184.41 5184.45 5181.42 5177.37 5174.38 5172.11 5171.11 5172.57 5177.25 5183.81 5191.16 5198.6 5202.24 5202.97 5204.25 5206.53 5212.48 5219.74 5226.82 5232 5229.3 5223.71 5219.41 5216.74 5214.89 5213.67 5212.02 5208.82 5207.51 5209.23 5211.04 5212.11 5212.05 5211.12 5207.73 5203.92 5200.65 5196.55 5190.63 5194.29 5199.16 5200.51 5201.58 5201.46 5199.33 5193.17 5187.73 5191.39 5197.76 5204.37 5209.58 5216.42 5223.49 5226.71 5217.59 5210.8 5205.47 5205.97 5207.17 5208.58 5210.89 5214.21
5176.69 5178.26 5179.7 5180.93 5181.73 5181.98 5181.39 5177.56 5174.08 5172.13 5170.68 5170.22 5172.74 5177.64 5183.89 5190.71 5197.03 5201.01 5203.63 5207.21 5212.83 5216.58 5219.52 5223.35 5225.99 5222.47 5217.04 5212.44 5209.34 5207.22 5205.74 5203.75 5200.68 5200.07 5202.14 5204.45 5205.28 5203.96 5202.18 5200.58 5198.86 5197.87 5197.71 5198.9 5200.58 5202.89 5204.12 5204.82 5204.1 5200.61 5194.85 5187.99 5189.64 5194.45 5199.73 5207.44 5216.31 5224.29 5223.64 5214.5 5213.17 5211.99 5209.89 5209.19 5209.9 5211.74 5214.74
5172.13 5174.05 5175.85 5177.3 5178.25 5178.73 5175.23 5169.7 5170.88 5170.5 5170 5169.43 5171.76 5177.39 5183.23 5189.11 5193.79 5198.24 5201.73 5205.72 5211 5214.82 5215.92 5216.82 5217.73 5216.04 5209.51 5204.71 5201.42 5199.03 5197.26 5195.01 5192.73 5193.42 5196.8 5200.2 5202.05 5200.09 5196.27 5195.91 5195.16 5196.85 5199.83 5203.17 5204.15 5206.41 5208.26 5209.08 5208.95 5207.79 5201.45 5191.86 5189.67 5191.62 5194.55 5202.78 5212.54 5222.61 5223.95 5214.9 5215.36 5216.39 5211.95 5210.15 5210.29 5212.09 5214.81
5166.55 5169.19 5171.43 5172.82 5174.12 5175.15 5175.61 5172.05 5169.74 5169.57 5170.4 5171.54 5173.5 5177.3 5182.37 5187.84 5192.94 5195.77 5198.2 5200.77 5205.9 5210.52 5209.79 5207.6 5206.23 5205.56 5200.85 5196.39 5193.17 5190.7 5188.75 5186.73 5185.15 5187.7 5192.76 5198.07 5202.81 5205.53 5205.18 5198.08 5194.69 5196.98 5200.51 5205.41 5208.44 5211.37 5212.95 5213.59 5213.62 5213.25 5207.53 5195.82 5189.83 5189.99 5191.19 5197.18 5205.71 5214 5218.25 5217.77 5213.43 5211.22 5209.69 5208.99 5209.62 5211.79 5215.07
5160.88 5164.29 5166.95 5168.65 5169.66 5169.22 5168.48 5168.47 5167.54 5167.85 5169.98 5174.15 5174.08 5176.31 5180.6 5185.59 5190.36 5192.53 5194.21 5195.48 5200.16 5204.56 5203.16 5199.69 5196.11 5193.95 5189.98 5187.61 5185.08 5182.62 5180.41 5179.44 5179.35 5183.59 5189.67 5196.27 5203.55 5211.77 5210.86 5201.63 5197.04 5198.31 5201.55 5207.41 5216 5217.57 5217.57 5217.1 5216.25 5215.04 5209.97 5199.1 5191.32 5189.84 5186.95 5191.49 5197.91 5203.86 5208.25 5209.45 5206.22 5204.86 5205.59 5206.37 5207.66 5210.13 5214.47
5156.17 5159.96 5162.85 5164.88 5166.07 5166.19 5165.17 5164.27 5163.38 5164.01 5166.22 5169.41 5169.81 5173.46 5177.74 5182.32 5186.2 5188.66 5190.45 5192.97 5194.72 5197.15 5197.67 5195.37 5189.74 5184.87 5182.66 5180.26 5177.99 5175.85 5174.2 5174.92 5177.02 5181.02 5186.5 5192.67 5199.57 5205.9 5204.07 5200.17 5198.19 5200.28 5204.27 5212.62 5222.15 5222.45 5220.88 5219.21 5217.2 5214.38 5209.68 5203.43 5196.59 5192.99 5188.56 5189.06 5191.81 5194.11 5197.15 5197.91 5198.89 5200.16 5201.76 5202.87 5204.14 5206.28 5209.99
5152.59 5156.25 5159.34 5161.66 5163.21 5163.71 5161.69 5158.6 5157.8 5158.51 5160.28 5162.87 5166.29 5169.99 5174.54 5178.89 5182.45 5185.15 5186.76 5187.19 5190.31 5193.64 5194.89 5191.83 5186.33 5178.92 5176.38 5174.48 5172.49 5170.71 5170.24 5172.49 5175.49 5178.78 5182.34 5186.55 5191.15 5194.53 5194.41 5196.44 5199.39 5202.03 5205.99 5215.27 5224.04 5224.16 5222.12 5219.47 5216.61 5213.3 5210.09 5207.55 5201.79 5196.35 5192.28 5190.16 5189.14 5187.23 5190.26 5192.66 5195.7 5197.8 5198.58 5199.35 5200.15 5201.12 5202.69
5150.36 5153.33 5156.1 5158.59 5160.33 5160.52 5157.25 5152.73 5151.62 5152.64 5154.32 5157 5161.63 5166.07 5171.31 5176.16 5179.85 5182.51 5184.43 5186.73 5189.75 5193.09 5194.95 5194.18 5186.68 5177.25 5172.53 5170.32 5168.32 5166.66 5166.96 5171.18 5175.12 5176.06 5177.35 5179.51 5181.65 5182.01 5184.71 5191.49 5198.4 5202.04 5206.49 5216.04 5223.49 5223.29 5220.94 5217.8 5214.58 5211.39 5208.92 5209.06 5206.53 5200.59 5195.87 5192.85 5189.69 5188.78 5188.04 5189.41 5193.8 5195.86 5195.76 5195.76 5196.12 5196.63 5197.94
5148.19 5150.45 5153 5155.45 5157.63 5158.06 5153.45 5147.32 5146.14 5147.68 5149.18 5151.39 5155.42 5161.37 5168.18 5174.35 5178.16 5180.42 5182.58 5185.68 5190.19 5193.47 5194.78 5192.88 5185.13 5176.54 5170.9 5167.68 5165.49 5163.94 5164.24 5168.46 5171.77 5171.76 5172.13 5172.43 5173.55 5174.2 5178.04 5186.07 5194.04 5199.13 5204.48 5213.75 5219.99 5220.35 5218.12 5214.85 5211.39 5208.43 5206.82 5207.41 5205.92 5201.95 5198.22 5195.8 5189.66 5185.06 5186.92 5190.08 5193.86 5193.3 5192.54 5192.48 5192.73 5193.17 5194.59
5144.99 5147.45 5149.73 5152.03 5154.32 5155.31 5150.26 5144.7 5143.18 5144.66 5145.49 5142.66 5148.15 5156.34 5164.76 5172.65 5176.16 5177.88 5180.22 5184.45 5191.13 5193.53 5193.37 5188.87 5180.54 5173.38 5168.45 5165.46 5163.71 5162.67 5162.35 5163.1 5164.93 5166.24 5166.84 5166.44 5165.77 5166.39 5173.84 5181.34 5188.45 5194.14 5200.57 5210.71 5216.39 5216.71 5214.27 5210.9 5207.32 5203.86 5201.79 5202.66 5208.86 5206.46 5198.89 5196.21 5190.56 5185.49 5185.9 5188.5 5189.96 5188.79 5188.96 5189.46 5189.76 5190.29 5191.57
5142.79 5144.41 5146.12 5147.91 5149.53 5150.28 5146.73 5143.2 5142.12 5143.54 5144.65 5139.57 5144.12 5151.91 5160.21 5168.4 5171.78 5174.05 5177.33 5184.57 5192.55 5191.63 5189.78 5184.02 5175.37 5168.78 5164.94 5163.18 5162 5161.34 5160.11 5158.77 5159.71 5161.69 5163.08 5163.32 5163.52 5169.55 5173.56 5177.92 5182.72 5188.08 5196.99 5210.87 5214.06 5212.68 5210.15 5206.73 5203.06 5199.21 5195.75 5196.76 5206.56 5207.95 5198.83 5195.14 5192.26 5187.87 5183.88 5181.96 5180.78 5183.16 5185.53 5187.01 5187.71 5187.99 5188.67
5140.7 5141.07 5142.36 5143.67 5144.19 5143.63 5142.93 5141.59 5141.48 5142.84 5144.53 5141.54 5143.36 5148.34 5154.22 5160.19 5164.77 5168.54 5173.14 5183.07 5190.13 5184.88 5179.01 5173.36 5166.73 5162.81 5162.05 5161.39 5160.24 5158.79 5156.84 5155.36 5156.39 5158.82 5161.11 5162.75 5164.2 5169.86 5172.92 5175.39 5178.32 5183.11 5192.71 5205.16 5208.05 5207.29 5205.63 5202.88 5199.56 5195.69 5191.75 5192.02 5197.66 5198.27 5196.42 5193.61 5189.41 5185.08 5180.85 5177.31 5175.88 5180.11 5183.77 5185.8 5186.8 5187.14 5187.61
5135.88 5137.04 5138.71 5140.15 5140.8 5140.68 5139.91 5139.3 5139.8 5141.13 5143.1 5143.23 5142.74 5145.07 5148.55 5152.13 5157.62 5162.17 5166.4 5173.09 5176.99 5173.47 5168.16 5163.84 5160.07 5158.69 5160.4 5160.44 5158.87 5156.67 5154.14 5151.51 5153.97 5157.3 5160.66 5163.69 5164.81 5167.68 5171.08 5173.53 5176.57 5181.2 5187.83 5195.59 5199.65 5201.08 5200.79 5199.45 5197.22 5194.18 5190.54 5189.82 5194.9 5199.17 5195.61 5191.37 5187.61 5183.02 5178.38 5175.25 5176.84 5181.49 5184.42 5186.21 5187.11 5187.62 5187.74
5130.78 5133.56 5136.18 5137.91 5138.53 5138.5 5137.57 5136.38 5135.6 5137.99 5140.97 5140.7 5139.92 5141.42 5144.46 5147.99 5151.78 5155.79 5160.02 5162.68 5163.72 5161.65 5157.84 5155.68 5155.67 5157.19 5159.85 5160.13 5158.46 5155.69 5153.79 5152.86 5153.63 5156.66 5160.62 5165.46 5170.85 5169.65 5170.11 5172.12 5174.89 5179.28 5182.99 5186.25 5191.83 5195.18 5196.69 5196.98 5196.53 5194.8 5192.03 5189.53 5193.87 5198.46 5194.45 5188.39 5185.91 5180.98 5176.4 5174.54 5180.62 5185.31 5186.73 5187.48 5188.01 5188.4 5188.14
5129.53 5132.78 5136 5137.86 5137.57 5137.37 5136.6 5134.54 5132.3 5134.02 5135.11 5133.55 5135.15 5136.94 5139.46 5142.77 5145.8 5149.21 5152.56 5154.2 5154.48 5152.75 5150.48 5150.06 5153.26 5156.44 5157.95 5159.24 5160.01 5158.02 5154.81 5152.62 5153.3 5155.78 5159.54 5164.08 5167.73 5166.76 5168.56 5170.74 5172.82 5174.62 5177.79 5180.78 5186.73 5190.93 5193.7 5195.47 5196.83 5197.27 5196.57 5192.4 5191.9 5194.54 5190.19 5184.09 5181.01 5177.4 5174.12 5173.7 5182.68 5188.39 5188.48 5188.54 5188.66 5188.77 5188.51
5132.89 5135.16 5138.56 5140.9 5141.36 5140.18 5137.94 5135.03 5132.3 5132.65 5130.28 5129.41 5131.24 5132.66 5133.76 5136.05 5139.64 5142.89 5144.51 5146.2 5148.16 5148.32 5148.14 5150.1 5153.21 5156.02 5158.38 5160.63 5162.83 5162.17 5155.8 5152.03 5152.1 5154.1 5157.25 5160.48 5161.66 5164.21 5167.29 5170.1 5172.51 5174.48 5178.25 5180.95 5184.52 5187.77 5190.88 5193.92 5196.74 5199.62 5201.81 5197.23 5191.53 5186.34 5180.2 5176.58 5175.65 5173.07 5171.6 5173.31 5181.46 5187.05 5188.34 5188.98 5189.2 5189.05 5189.42
5137.72 5140.01 5143.46 5146.34 5147.24 5144.72 5140.81 5137.16 5134.94 5135.68 5133.51 5129.87 5129.87 5130.17 5130.55 5131.71 5134.05 5137.5 5142.49 5142.91 5145.1 5148.47 5150 5151.59 5155.07 5157.4 5159.18 5160.65 5161.77 5160.05 5153.76 5150.12 5149.99 5151.87 5154.74 5157.71 5159.97 5163.64 5166.64 5169.86 5173.3 5177.95 5182.27 5182.69 5182.67 5184.86 5187.76 5191.43 5195.24 5199.52 5203.45 5198.64 5189.65 5179.19 5174.08 5171.39 5169.6 5168.08 5168.15 5171 5177.38 5183.45 5186.77 5188.87 5190.34 5191.18 5191.81
5145.66 5147.23 5149.63 5151.56 5153.89 5148.78 5143.9 5139.5 5136.16 5136.16 5134.85 5131.63 5130.34 5129.3 5128.21 5128.01 5128.6 5130.33 5133.86 5138.22 5141.41 5145.4 5148.87 5153.79 5157.53 5159.05 5158.76 5158.23 5157.46 5154.09 5148.44 5146.03 5147.23 5149.47 5152.29 5155.73 5159.18 5162.75 5166.11 5169.4 5172.58 5175.42 5177.39 5177.67 5178.18 5180.23 5183.62 5187.38 5191.46 5195.54 5198.47 5194.07 5185.94 5178.17 5171.93 5167.39 5163.18 5163.47 5164.03 5166.96 5173.85 5180.57 5184.61 5188.24 5191.59 5193.95 5194.97
5154.55 5155.72 5156.38 5155.34 5152.34 5151.03 5147.16 5142.36 5137.16 5134.19 5135.01 5133.7 5132.29 5130.25 5127.5 5125.42 5123.59 5122.38 5123.97 5129.88 5136.23 5142.32 5146.04 5153.12 5158.24 5158.78 5157.14 5155.79 5153.69 5149.36 5144.86 5143.22 5144.9 5147.46 5150.01 5151.72 5157.99 5161.66 5164.87 5168 5170.35 5169.58 5165.73 5168.55 5171.61 5174.58 5177.87 5181.82 5185.56 5188.84 5189.74 5187.26 5181.37 5175.71 5169.79 5164.59 5161.84 5160.87 5160.85 5163.39 5169.54 5175.98 5181.6 5186.77 5191.88 5195.66 5197.83
5163.7 5165.23 5163.6 5161.09 5158.32 5154.98 5151.27 5146.86 5141.91 5138.24 5136.54 5137.26 5135.92 5133.26 5129.47 5124.92 5120.37 5116.82 5117.9 5124.56 5132.2 5138.7 5145.71 5152.25 5155.03 5155.61 5154.33 5151.78 5150.21 5145.45 5138.74 5140.45 5143.64 5146.49 5149.06 5151.58 5156.04 5160.04 5163.22 5166.13 5168.48 5166.67 5161.36 5161.99 5165.14 5168.5 5171.82 5175.39 5178.81 5181.35 5181.98 5179.43 5173.83 5170.68 5167.01 5163.96 5162.45 5159.52 5158.56 5160.75 5165.97 5172.31 5178.56 5184.55 5189.89 5195.06 5199.44
5170.37 5172.41 5169.62 5166.3 5162.7 5159.48 5156.17 5152.94 5149.36 5145.42 5145.12 5143.62 5141.05 5137.8 5132.94 5126.1 5119.18 5114.69 5116.98 5123.78 5131.17 5139.04 5147.92 5152.86 5151.5 5152.46 5152.01 5150.34 5148.51 5145.31 5139.67 5142.28 5144.97 5147.16 5149.25 5151.48 5155.24 5158.39 5161.17 5163.39 5164.93 5162.3 5156.31 5156.5 5159.02 5162.03 5165.44 5168.49 5171.63 5174.22 5175.09 5173.84 5169.29 5166.38 5163.63 5165.72 5161.44 5158.22 5156.49 5158.24 5163.06 5168.82 5175.78 5182.79 5188.69 5194.35 5199.83
5173.61 5174.9 5172.82 5170.3 5166.96 5163.22 5160.62 5159.11 5158.78 5158.4 5156.35 5150.6 5146.08 5142.37 5137.02 5128.3 5119.87 5112.09 5116.3 5124.3 5131.61 5138.84 5147.46 5152.6 5153.89 5152.18 5150.75 5149.37 5148.64 5150.22 5151.67 5148.8 5148.38 5148.98 5149.92 5150.81 5154.39 5157.54 5159.52 5160.32 5159.77 5157.06 5152.03 5151.82 5153.7 5156.05 5158.78 5161.44 5164.6 5167.59 5169.7 5169.89 5167.09 5165.68 5165.86 5166.79 5162.14 5157.55 5154.92 5156.54 5161.13 5166.84 5174.37 5182.14 5189.18 5194.58 5199.16
5174.51 5174.88 5173.02 5170.42 5167.55 5164.89 5163.21 5162.99 5164.83 5166.64 5161.4 5154 5148.3 5144.01 5138.31 5130.12 5122.99 5119 5120.63 5126.53 5133.5 5138.55 5140.55 5148.09 5152.66 5150.43 5149.25 5149.2 5150.15 5153.98 5157.5 5153.52 5151.74 5151.48 5151.72 5151.04 5156.08 5158.42 5159.17 5158.19 5155.52 5154.2 5151.37 5148.68 5148.87 5150.15 5152.08 5154.49 5157 5160.28 5163.46 5165.21 5165.21 5164.84 5165.36 5165.19 5160.53 5156.25 5153.57 5155.61 5160.57 5166.91 5174.4 5182.12 5188.59 5193.79 5197.59
5174.53 5173.35 5172.55 5168.95 5166.26 5164.31 5162.99 5162.72 5163.46 5162.46 5158.44 5152.58 5146.74 5141.52 5136.28 5130.48 5125.71 5123.4 5124.7 5128.78 5134.27 5138.66 5140.33 5140.45 5141.93 5144.91 5146.44 5148.23 5150.9 5152.19 5153.75 5153.96 5153.67 5154.01 5154.82 5155.98 5159.89 5161.26 5161.04 5158.71 5154.11 5152.34 5149 5145.55 5144.58 5144.96 5146.02 5147.53 5148.97 5150.36 5153.34 5157.29 5160.64 5161.86 5162.41 5162.93 5159.39 5154.79 5152.49 5155.29 5160.65 5167.25 5174.94 5182.92 5189.07 5192.95 5195.71
