real_craters/C154-500m.grd
DSAA
211 211
-52.395 52.395
-52.395 52.395
3704.7895929213 5701.6010389957
[rows 0 to 29 of 211, columns 134 to 200 of 211]
5183.92 5180.39 5179.93 5178.52 5177.86 5177.48 5177.53 5178.44 5183.59 5186.57 5187.16 5187.24 5183.04 5177.39 5176.12 5178.47 5184.4 5183.1 5183.75 5187.1 5189.39 5190.74 5191.93 5193.58 5196.38 5200.86 5203.15 5201.51 5200.96 5197.81 5193.81 5189.25 5184.64 5182.91 5180.76 5178.44 5175.85 5175.21 5176.12 5180.96 5185.74 5187.57 5187.4 5188.47 5187.16 5188.12 5190.97 5196.85 5201.96 5201.15 5201.31 5202.11 5203.56 5202.88 5200.39 5200.23 5198.86 5196.91 5195.57 5198.62 5199.05 5198.09 5197.67 5201.74 5204.72 5205.26 5204.04
5183.09 5180.58 5178.18 5176.98 5176.71 5176.94 5179.29 5182.01 5185.68 5185.89 5186.67 5187.29 5181.04 5174.2 5169.07 5170.37 5180.93 5181.65 5182.54 5188.22 5189.66 5190.49 5191.29 5192.2 5193.31 5194.47 5195.41 5201.61 5204.63 5203.47 5200.6 5197.47 5194.45 5190.46 5186.13 5181.22 5175.9 5170.73 5166.06 5171.89 5179.92 5186.3 5188.88 5188.84 5190.36 5189.72 5190.34 5193.28 5197.38 5200.67 5202.5 5204.52 5208.09 5215.89 5212.66 5204.8 5201.1 5199.78 5200.83 5200.95 5200.62 5199.13 5199.05 5200.25 5201.45 5199.47 5200.36
5177.58 5173.14 5171.97 5172.12 5172.88 5174.44 5177.59 5181.48 5184.08 5184.71 5185.63 5185.1 5179.66 5174.66 5167.21 5168.29 5176.63 5176.13 5182.57 5188.72 5190.65 5191.23 5191.5 5191.63 5191.41 5191.21 5195.88 5208.64 5209.84 5208.69 5206.43 5204.03 5202.23 5198.1 5191.16 5184.64 5178.27 5171.26 5164.88 5172.18 5182.47 5186.48 5185.79 5189.36 5190.37 5190.32 5191.61 5193.83 5196.45 5199.95 5201.56 5202.98 5204.91 5207.71 5207.57 5203.92 5200.75 5197.44 5199.22 5202.3 5202.93 5204.31 5200.83 5199.66 5201.52 5200.53 5201.14
5174 5169.27 5166.22 5166.17 5167.3 5170.19 5173.79 5178.46 5185.82 5189.6 5191.92 5179.73 5180.23 5176.95 5172.39 5170.79 5178.99 5189.41 5193.9 5193.2 5191.87 5191.82 5192.09 5191.98 5191.75 5192.05 5196.07 5211.24 5214.78 5213.21 5210.54 5208.17 5205.92 5201 5194.19 5187.81 5181.99 5177.57 5174.66 5177.81 5189.62 5193.39 5186.48 5188.39 5190.91 5192.87 5195.49 5201.45 5201.64 5200.36 5199.91 5199.53 5198.65 5195.64 5199.24 5200.29 5199.58 5197.24 5200.02 5203.08 5203.86 5203.79 5204.42 5206.23 5208.76 5216.26 5207.82
5170.54 5165.59 5159.97 5158.29 5160.95 5166.22 5173.15 5185.2 5194.28 5197.84 5192.44 5188.42 5188.01 5188.99 5184.71 5179.81 5178.32 5193.42 5198.97 5191.84 5192.12 5193.34 5193.54 5193.59 5194.1 5196.24 5203.85 5221.16 5218.98 5216.25 5213.68 5210.49 5205.53 5200.11 5196.57 5191.23 5186.12 5182.5 5181.48 5183.25 5185.6 5184.11 5184.61 5186.49 5189.91 5192.2 5196.58 5202.37 5201.74 5199.4 5197.8 5196.56 5195.73 5198.17 5197 5197.97 5196.34 5195.34 5197.91 5202.7 5204.89 5204.93 5203.71 5204.25 5208.1 5209.87 5205.94
5165.42 5163.68 5156.4 5150.78 5155.83 5162.25 5171.1 5182.8 5195.48 5205.1 5197.96 5197.54 5195.03 5194.04 5190.11 5185.66 5182.27 5189.83 5196.25 5197.56 5197 5194.95 5194.57 5195.35 5197.22 5200.11 5206.31 5218.08 5219.08 5218.3 5216.33 5212.51 5208.14 5203.26 5200.03 5195.54 5190.04 5185.68 5185.3 5187.44 5184.45 5180.62 5186.32 5185.76 5190.16 5192.45 5194.43 5195.93 5196.9 5196.13 5194.92 5193.97 5193.21 5193.66 5196.87 5199.18 5199.69 5197.65 5198.9 5203.43 5206.75 5206.92 5203.43 5200.74 5203.21 5203.68 5205.98
5159.46 5157.69 5153.58 5149.53 5153.24 5158.91 5165.62 5176.54 5185.31 5187.38 5195.81 5195.29 5191.97 5190.79 5190.58 5184.19 5183.4 5188.84 5194.59 5198.41 5197.61 5194.19 5194.2 5196.3 5199.26 5203.32 5206.08 5208.64 5217.3 5219.68 5219.07 5216.83 5213.22 5208.79 5205.64 5200.18 5193.94 5188.46 5188.81 5193.14 5186.12 5179.57 5183.71 5185.73 5189.97 5194.9 5192.1 5190.37 5192.47 5193.11 5192.58 5191.72 5191.42 5193.58 5198.3 5202.92 5204.26 5202.13 5202.07 5206.63 5208.8 5208.47 5205.24 5202.6 5203.02 5204.76 5206.79
5154.2 5152.83 5149.82 5150.38 5153.15 5158.42 5165.08 5175.99 5184.92 5185.63 5190.87 5186.92 5182.06 5183.87 5189.18 5192.56 5187.45 5188.05 5189.58 5189.3 5188.67 5190.23 5192.73 5196.32 5201.38 5208.24 5215.94 5218.91 5220.52 5221.32 5220.5 5219.33 5219.26 5220.79 5212.9 5205.42 5198.73 5192.52 5191.75 5193.16 5190.75 5183.44 5184.85 5186.31 5189.22 5190.6 5191.04 5190.42 5191.29 5191.68 5191.13 5190.17 5189.4 5192.7 5200.22 5207.71 5210.92 5205.63 5202.06 5205.6 5207.04 5208.48 5207.39 5203.5 5203.84 5205.74 5208.85
5150.94 5151.03 5155.84 5150.26 5153.93 5159.29 5168.46 5183.46 5198.73 5199.96 5192.85 5185.86 5180.1 5181.06 5186.29 5185.48 5188.59 5188.38 5186.21 5184.71 5182.84 5185.73 5189.51 5194.3 5200.7 5209.67 5221.87 5227.38 5225.43 5221.78 5219.53 5219.07 5219.83 5218.17 5215.81 5209.38 5203.25 5199.78 5196.09 5195.88 5199.01 5194.99 5190.98 5188.59 5191.94 5191.38 5191.01 5192.12 5191.55 5191.18 5190.72 5190.34 5189.92 5193.92 5201.54 5209.68 5212.97 5206.88 5202.06 5201.65 5206.18 5208.33 5210.14 5208.17 5205.26 5206.34 5208
5148.46 5149.64 5151.22 5152.87 5156.23 5160.45 5164.88 5181.34 5193.52 5194.63 5190.29 5188.73 5190.33 5193.66 5190.94 5190.86 5191.03 5190.96 5192.82 5186.83 5181.03 5183.68 5187.05 5191.04 5196.41 5203.98 5215.94 5230.67 5224.21 5217.01 5214.96 5215.44 5217.38 5220.86 5217.57 5211.64 5206.23 5201.93 5200.62 5196.53 5196.58 5198.73 5197.63 5196.11 5194.11 5190.69 5190.23 5192.22 5192.32 5192.05 5192.02 5192.31 5193.65 5197.1 5202.37 5206.19 5208.19 5206.78 5203.9 5205.91 5206.29 5208.21 5209.96 5206.71 5205.15 5205.64 5205.89
5146.89 5153.38 5156.96 5155.9 5159.66 5165.38 5174.05 5177.84 5180.97 5187.42 5185.95 5185.92 5187.75 5196.01 5193.51 5188.82 5187.21 5191.14 5194.69 5190.56 5188.15 5183.19 5184.24 5186.5 5189.32 5191.98 5193.65 5196.58 5203.6 5204.3 5206.22 5208.68 5211.32 5212.81 5212.45 5212.01 5210.53 5209.24 5207.98 5200.56 5195.04 5198.54 5198.27 5199.29 5196.03 5190.69 5191.27 5193.42 5193.56 5193.39 5193.54 5194.53 5195.98 5200.03 5204.2 5207.28 5207.92 5207.36 5206.42 5204.59 5204.89 5206.9 5207.97 5207.42 5206.44 5206.23 5207.11
5147.42 5154.79 5160.05 5158.19 5161.92 5168.77 5176.18 5181.93 5186.86 5182.9 5182.4 5185.05 5187.23 5191.9 5194.04 5193.01 5185.46 5189.37 5193.86 5190.41 5181.69 5180.43 5180.92 5181.68 5182.13 5180.66 5174.95 5163.53 5177.43 5189.8 5196.54 5200.9 5203.91 5205.94 5208.01 5210.64 5214.86 5219.15 5217.34 5206.35 5203.09 5202.86 5203.85 5207.78 5200.24 5196.69 5195.93 5195.67 5195.11 5194.65 5194.88 5196.07 5199.11 5202.15 5206.64 5210.29 5209.64 5207.28 5205.67 5206.34 5207.14 5206.03 5204.38 5205.65 5206.14 5206.42 5207.4
5149.78 5153.16 5155.49 5156.91 5161.97 5169.89 5178.81 5186.92 5196.99 5195.17 5189.73 5191.98 5192.07 5194.35 5195.44 5193.87 5185.17 5188.21 5191.75 5190.16 5184.02 5179.7 5178.36 5178.1 5177.4 5175.56 5172.07 5170 5174.91 5182.96 5189.61 5194.24 5197.75 5200.38 5203.27 5207.78 5211.67 5221.13 5232.65 5221.5 5205.81 5205.74 5202.81 5209.44 5209.63 5203.77 5200.11 5198.02 5196.91 5196.13 5195.78 5195.78 5197.09 5201.92 5207.19 5212.89 5209.75 5205.63 5201.94 5201.61 5205.96 5206.48 5205.49 5204.36 5204.01 5205.29 5207.03
5151.89 5152.71 5152.78 5156.12 5160.5 5165.95 5174.62 5185.51 5198.57 5204.36 5207.52 5207.33 5201.3 5198.87 5197.34 5193.49 5184.86 5188.96 5192.74 5191 5182.75 5178.14 5176.92 5176 5175.5 5174.89 5175.7 5180.59 5180.62 5182.44 5186.15 5189.81 5192.95 5196.99 5202.23 5205.2 5211.82 5223.17 5236.18 5231.5 5218.74 5208.92 5204.93 5211 5218.31 5209.66 5202.35 5200.06 5199.06 5198 5196.85 5195.91 5197.1 5201.03 5205.04 5207.3 5206.88 5203.83 5200.82 5202.7 5204.62 5207.37 5208.35 5205.41 5203.16 5204.21 5202.86
5154.68 5153.32 5152.74 5153.84 5159.14 5164.65 5172.96 5180.84 5189.17 5199.91 5207.51 5215.82 5215.48 5203.92 5199.18 5195.72 5191.28 5191.04 5193.21 5191.7 5185.25 5180.24 5177.29 5176.17 5175.71 5175.98 5176.93 5178.7 5181.39 5182.39 5185.03 5187.56 5189.34 5190.19 5189.57 5200.39 5211.41 5220.7 5229.1 5231.09 5230.39 5222.03 5209.59 5210.6 5216.5 5210.69 5203.62 5202.74 5202.56 5201.33 5200.13 5197.3 5197.17 5201.51 5204.88 5206.61 5205.83 5203.69 5201.01 5202.75 5207.57 5207.99 5206.63 5207.75 5207.87 5205.19 5203.9
5150.43 5152.34 5150.61 5149.06 5160.03 5173.04 5178.64 5181.35 5183.61 5191.99 5199.22 5212.51 5219.45 5203.96 5197.15 5193.46 5190.16 5191.57 5194.43 5194.4 5187.48 5180.66 5178.07 5177.07 5176.3 5176.86 5177.25 5176.13 5176.34 5182.09 5185.8 5187.57 5188.58 5189.03 5192.53 5197.46 5206.13 5214.84 5223.06 5224.52 5223.76 5228.52 5224.6 5219.28 5217 5213.26 5207.54 5209.22 5207.93 5205.48 5203.94 5204.2 5203.67 5204.13 5205.69 5206.7 5206.66 5205.68 5205.16 5207.7 5211.57 5211.73 5210.95 5209.12 5207.11 5205.38 5202.61
5147.79 5150.27 5145.9 5147.58 5160.78 5176.97 5185.54 5190.55 5192.85 5197.78 5205.86 5211.74 5216.63 5203.14 5194.41 5190.17 5190.43 5191.25 5194.83 5197.59 5188.18 5179.93 5178.65 5177.63 5177.59 5178.33 5179.61 5181.07 5182.53 5187.16 5188.35 5189.45 5190.69 5191.54 5192.46 5198.8 5204.1 5209.4 5214.81 5219.44 5229.61 5234.89 5236.61 5236.75 5229.36 5226.09 5225.52 5220.14 5214.56 5210.15 5207.35 5206.02 5206.81 5207.75 5207.98 5208.44 5208.5 5207.87 5208.05 5210.19 5210.91 5211.86 5211.19 5208.79 5206.85 5205.3 5204.83
5148.51 5151.16 5149.62 5149.25 5160.42 5174.67 5189.98 5205.1 5209.75 5209.63 5213.78 5208.72 5199.81 5194.07 5196.35 5191.74 5185.78 5186.97 5192.35 5193.49 5190.39 5184.67 5180.29 5178.39 5177.67 5178.09 5180.34 5185.67 5199.12 5192.68 5189.95 5191.62 5194.59 5197.34 5199.75 5205.49 5211.46 5209.56 5210.76 5220.48 5231.34 5234.84 5234.83 5236.09 5230.01 5229.39 5231.97 5225.93 5218.76 5213.7 5209.74 5207.53 5209.76 5213.21 5213.27 5213.1 5211.87 5209.83 5209.07 5210.81 5210.8 5209.46 5208.19 5206.98 5205.59 5203.97 5203.19
5147.82 5157.22 5159.04 5158.04 5161.86 5170.54 5188.74 5209.81 5216.92 5213.69 5208.88 5198.92 5186.75 5187.81 5187.84 5186.12 5181.75 5183.49 5191.97 5198.97 5194.76 5184.7 5181.29 5178.23 5176.54 5176.01 5177.06 5179.05 5179.73 5182.48 5187.45 5193.5 5200.18 5206.62 5211.17 5215.01 5217.46 5220.38 5226.76 5239.6 5234.35 5231.35 5230.14 5228.37 5226.09 5227.95 5227.54 5224.38 5220.03 5216.37 5213.34 5208.65 5214.33 5221.36 5231.22 5223.03 5215.66 5210.8 5207.49 5207.91 5211.4 5208.9 5206.96 5205.08 5203.33 5202.38 5201.78
5149.34 5157.48 5164.8 5172.81 5165.54 5167.94 5180.17 5192.84 5202.28 5200.87 5193.85 5186.55 5179.11 5184.4 5188.46 5184.18 5179.6 5180.69 5193.35 5202.11 5199.07 5192.46 5182.38 5177.28 5174.86 5173.78 5172.91 5172.02 5170.38 5173.95 5184.84 5196.08 5207.21 5217.92 5229.76 5235.67 5231.77 5231.25 5237.32 5246.16 5241.53 5231.45 5229.56 5231.67 5226.92 5224.52 5221.6 5219.96 5219.55 5218.5 5218.48 5221.2 5219.32 5222.23 5222.43 5222.97 5216.63 5211.16 5207.48 5209.4 5210.82 5208.58 5206.61 5204.11 5201.28 5202.01 5203.38
5148.47 5154.18 5159.48 5163.24 5160.6 5162.76 5170.37 5176.92 5182.53 5180.31 5177.33 5174.98 5173.84 5170.04 5178.13 5185.05 5187.48 5191.6 5195.23 5199.8 5194.97 5183.3 5177.17 5174.39 5172.85 5171.5 5170.09 5168.01 5166.87 5170.69 5186.15 5201.02 5214.15 5226.36 5237.9 5245.4 5241.55 5233.9 5236.38 5241.15 5235.6 5222.59 5224.95 5230.18 5227.22 5222.51 5219.4 5218.76 5218.84 5219.21 5219.56 5219.19 5219.6 5218.85 5219.02 5217.83 5215.11 5210.87 5206.25 5209.24 5211.19 5210.4 5206.72 5204.09 5202.81 5204.08 5204.93
5148.34 5149.55 5152.16 5155.09 5161.14 5163.46 5165.07 5167.36 5171.26 5171.58 5174.08 5182.08 5184.95 5182.87 5182.97 5192.53 5196.7 5197.31 5194.29 5188.43 5179.9 5172.93 5170.99 5171.42 5172.04 5171.75 5170.58 5168.38 5165.5 5174.92 5193.3 5208.27 5220.86 5231.72 5240.74 5246.91 5242.15 5235.81 5232.92 5231.36 5223.25 5212.57 5211.78 5219.2 5218.65 5216.17 5217.46 5218.36 5218.47 5219.04 5219.88 5220.82 5220.47 5216.5 5212.58 5216.07 5215.14 5211.93 5208.73 5206.43 5204.24 5206.11 5204.83 5203.34 5202.78 5204.04 5203.88
5153.09 5148.92 5149.44 5154.02 5170.02 5169.2 5164.3 5162.14 5168.81 5176.78 5186.76 5200.8 5207.02 5211.83 5212.58 5207.44 5206.46 5205.55 5193.57 5178.13 5166.05 5165.57 5167.97 5171.47 5173.89 5174.63 5174.79 5174.99 5177.92 5195.63 5207.08 5217.97 5227.83 5236.14 5241.25 5240.69 5242.3 5238.55 5227.73 5221.51 5212.1 5201.42 5195.15 5201.41 5210.23 5213.02 5215.87 5217.49 5217.66 5218.97 5220.65 5223.02 5225.41 5224.94 5222.34 5220.65 5217.82 5214.27 5211.85 5207.21 5202.19 5201.64 5202.42 5201.88 5200.78 5199.39 5200.68
5158.92 5151.05 5150.88 5158.87 5170.25 5170.28 5166.47 5166.25 5176.3 5192.72 5212.08 5229.99 5225.17 5224.88 5222.86 5216.79 5213.22 5210.25 5194.86 5175.22 5161.41 5164.01 5169.9 5175.64 5179.05 5180.97 5182.26 5184.8 5192.85 5209.75 5219.82 5226.95 5234.16 5241.14 5246.03 5244.66 5245.17 5241 5224.99 5218.23 5205.65 5189.03 5188.48 5198.54 5213.14 5216.3 5213.06 5213.11 5214.67 5217.21 5222.62 5227.17 5232.39 5237.83 5235.93 5228.73 5222.16 5215.32 5209.32 5206.47 5203.85 5201.77 5201.44 5200.57 5199.77 5199.57 5198.79
5157.57 5152.61 5154.75 5164.07 5172.63 5172.57 5169.5 5170.18 5185.44 5206.94 5224.58 5230.21 5226.29 5223.63 5220.26 5216.21 5212.54 5208.69 5194.45 5177.43 5166.92 5172.81 5180.41 5184.79 5187.23 5188.85 5190.35 5192.83 5198.46 5217.09 5227.33 5233.12 5239.01 5245.07 5251.4 5251.93 5249 5242.46 5228.72 5220.9 5203.21 5184.67 5182.58 5185.42 5194.38 5202.96 5204.28 5207.2 5208.9 5212.13 5217.36 5226.32 5235.42 5244 5243.15 5235.66 5227.55 5218.83 5209.79 5205.97 5201.65 5202.75 5201.34 5199.59 5198.41 5197.43 5197.5
5156.9 5155.1 5159.5 5168.87 5177.59 5176.82 5172.62 5176.82 5192.5 5212.27 5223.24 5220.28 5216.79 5213.83 5213.25 5210.12 5204.82 5198.93 5188.51 5181.06 5182.73 5186.17 5194.68 5196.86 5197.42 5198.02 5198.55 5199.93 5203.32 5214.32 5228.91 5236.12 5241.5 5246.19 5249.26 5250.89 5251.66 5243.52 5224.19 5214.97 5202.28 5191.77 5182.52 5179.54 5182.41 5186.1 5191.77 5196.37 5200.67 5206.57 5211.72 5224.99 5235.48 5241.71 5244.34 5241.03 5233.32 5223.34 5216.29 5210.75 5205.67 5205.69 5201.03 5197.55 5195.37 5195.13 5196.87
5159.69 5158.16 5161.64 5170.56 5183.52 5180.11 5177.18 5181.48 5196.88 5215.32 5228.14 5212.48 5206.97 5209.66 5209.62 5204.88 5197.27 5185.64 5180.32 5183.28 5184.4 5195.18 5207.36 5208.88 5208.11 5207.27 5207.28 5207.69 5209.79 5217.4 5230.66 5236.83 5241.78 5246.2 5249.32 5250.02 5253.38 5247.57 5230.07 5212.88 5202.13 5191.98 5185.75 5182.67 5180.05 5180.33 5183.36 5185.34 5193.71 5205.21 5217.61 5229.02 5239.48 5243.73 5250.46 5250.09 5243.83 5231.9 5224.33 5223.09 5212.17 5204.81 5200.82 5195.98 5192.23 5192.94 5196.96
5160.37 5158.16 5160.62 5169.28 5178.01 5178.1 5178.05 5185.46 5198.29 5209.91 5210.91 5203.65 5200.83 5205.36 5204.65 5202.89 5198.02 5189.7 5187.84 5195.37 5199.84 5209.17 5218.81 5219.84 5218.14 5216.14 5214.85 5214.63 5217.41 5227.38 5231.1 5235.82 5240.53 5245.28 5250.16 5251.66 5256.32 5253.72 5238.68 5219.96 5204.33 5193.11 5193.64 5188.41 5185.35 5180.16 5182.15 5184.87 5192.26 5204.14 5218.77 5233.22 5249.2 5259.73 5262.23 5261.96 5259.2 5252.8 5246.3 5242.8 5234.04 5211.51 5202.24 5195.38 5191.6 5193.57 5196.79
5158.15 5154.15 5152.61 5160.35 5166.91 5174.98 5180.07 5190.57 5199.33 5205.71 5205.71 5199.43 5197.73 5201.91 5202.84 5206.22 5208.61 5208.9 5211.62 5219.72 5226.27 5230.66 5231.24 5230.32 5227.74 5224.29 5221.41 5219.81 5220.1 5221.42 5227.78 5233.43 5238.38 5243.17 5246.72 5254.16 5260.67 5252.26 5237.27 5219.25 5205.48 5195.4 5191.98 5190.36 5188.95 5186.94 5186.08 5190.38 5195.79 5200.98 5212.3 5232.82 5255.76 5271.95 5270.73 5271.51 5273.84 5274.79 5265.17 5253.29 5239.28 5214.87 5203.46 5195.03 5190.12 5193.74 5196.76
5160.45 5153.49 5149.05 5156.65 5171.46 5175.27 5185.05 5195.17 5200.23 5204.4 5203.31 5200.93 5200.44 5202.96 5204.68 5216.63 5226.83 5234.67 5242 5249.73 5255.6 5256.43 5249.49 5243.27 5237.39 5231.8 5226.98 5223.64 5221.47 5220.47 5225.91 5230.49 5235.38 5240.75 5247.66 5252.59 5254.68 5238.51 5220.69 5211.54 5205.54 5198.58 5192.15 5190.8 5185.66 5183.32 5188.27 5196.46 5201.47 5198.07 5207.06 5227.41 5248.48 5263.08 5268.18 5272.43 5279.77 5287.61 5271.31 5248.95 5232.31 5217.85 5204.25 5195.11 5190.48 5191.8 5193.98
