real_craters/C154-500m.grd
DSAA
211 211
-52.395 52.395
-52.395 52.395
3704.7895929213 5701.6010389957
[rows 30 to 59 of 211, columns 134 to 200 of 211]
5164.32 5161.61 5157 5161.34 5172.76 5174.69 5188.08 5197.67 5200.77 5202.41 5204.83 5207.95 5212.3 5217.66 5223.54 5236.66 5249.59 5262.03 5272.95 5278.12 5281.55 5280.51 5268.12 5255.8 5244.42 5236.42 5230.54 5226.31 5223.26 5220.99 5222.75 5227.45 5231.98 5235.81 5237.72 5243.62 5240.03 5227.25 5211.13 5206.67 5208.24 5206.25 5195.12 5189.31 5185.42 5185.7 5189.27 5196.37 5199.94 5196.11 5203.17 5220.05 5237.4 5250.01 5257.56 5263.25 5270.24 5277.8 5264.28 5245.69 5233.18 5216.49 5203.61 5194.07 5189.48 5189.85 5193.07
5180.85 5181.91 5181.32 5176.9 5177.11 5177.38 5190.84 5198.73 5202.43 5203.64 5208.59 5217.93 5226.51 5236.41 5250.12 5260.55 5270.55 5284.04 5299.21 5296.99 5292.5 5286.83 5271.59 5257.8 5246.6 5238.01 5231.88 5227.64 5225.06 5223.39 5222.09 5227.1 5229.37 5229.77 5231.33 5230.76 5217.17 5207.34 5201.33 5203.97 5211.46 5217.62 5201.14 5189.17 5185.08 5184.39 5188.03 5194.23 5198.04 5194.64 5201.27 5212.42 5225.18 5235.81 5243.31 5248.04 5248.53 5245.24 5248.51 5243.34 5233.89 5217.13 5200.94 5191.59 5187.26 5189.11 5193.26
5206.37 5207.76 5204.76 5196.97 5192.67 5195.65 5194.44 5201.12 5207.37 5213.27 5218.61 5230.48 5243.37 5255.49 5269.14 5277.13 5282.27 5291.99 5304.03 5298.65 5288.39 5276.67 5266.25 5255.77 5244.68 5236.93 5231.45 5228.61 5227.37 5228.16 5230.42 5232.11 5229.33 5223.08 5218.83 5217.1 5199.83 5188.35 5194.39 5200.54 5208.69 5218.74 5203.27 5187.94 5182.5 5184.24 5190.42 5192.51 5190.37 5196.31 5199.89 5205.54 5210.46 5221.45 5229.61 5233.59 5233.74 5232.7 5234.96 5235.94 5225.65 5207.19 5194.45 5189.37 5188.15 5190.04 5193.58
5244.08 5230.58 5224.77 5218.16 5211.34 5219.31 5207.72 5205.83 5212.21 5223.8 5233.15 5245.39 5263.35 5271.21 5277.65 5280.74 5281.93 5286.38 5287.98 5285.02 5277.76 5264.96 5256.19 5247.16 5237.56 5232.23 5229.49 5228.53 5229.09 5232.61 5240.7 5238.87 5232.27 5223.38 5214.96 5208.1 5185.84 5177.61 5189.72 5195.79 5198.2 5193.48 5192.72 5190.82 5192.34 5195.68 5196.12 5193.8 5196.41 5197.83 5198.15 5201.94 5206.96 5213.8 5219.47 5222.38 5223.97 5224.66 5222.73 5217.19 5214.58 5205.22 5189.73 5186.75 5187.86 5191.52 5196.59
5240.24 5235.42 5229.59 5222.78 5215.11 5213.21 5208.05 5206.61 5211.45 5225.46 5250.92 5277.56 5281.74 5281.16 5274.65 5270.9 5273.57 5277.54 5278.15 5276.59 5269.85 5259.2 5245.25 5230.74 5227.1 5226.1 5226.32 5227.52 5229.74 5232.3 5237.6 5240.12 5234.17 5227.61 5214.07 5198.24 5176.67 5174.9 5188.77 5193.1 5192.48 5189.98 5188.3 5199.55 5199.62 5198.77 5190.82 5189.5 5189.45 5188.48 5193.2 5199.74 5205.67 5209.85 5212.8 5214.04 5212.5 5213.26 5213.32 5211.51 5205.59 5196.09 5186.71 5186.79 5189.27 5192.43 5195.21
5229.67 5228.69 5221.73 5212.15 5205.54 5200.74 5201.73 5201.76 5207.4 5225.52 5264.37 5302.8 5309.06 5285.39 5266.07 5257.7 5263.2 5270.35 5276.21 5274.87 5263.7 5251.49 5234.7 5220.27 5219.07 5220.81 5223.81 5227 5230.81 5233.38 5234.88 5236.31 5231.55 5224.26 5207.16 5188.45 5178.51 5185.24 5195.38 5192.09 5190.92 5189.78 5190.71 5197.38 5198.3 5193.56 5186.96 5183.41 5178.9 5177.51 5188.77 5198.42 5205.26 5207.84 5208.72 5208.27 5208.22 5206.7 5205.42 5202.88 5199.63 5193.22 5189.09 5191.45 5192.57 5193.86 5194.31
5219.91 5218.51 5212.61 5201.21 5193.99 5189.64 5191.46 5193.87 5203.04 5226.93 5264.46 5302.88 5301.96 5268.41 5253.18 5247.39 5253.86 5263.49 5272.58 5272.97 5255.29 5234.47 5219.82 5215.54 5214.44 5216.98 5221.25 5227.04 5231.91 5237.07 5242.32 5235.67 5225.83 5211.87 5197.45 5183.39 5180.82 5178.55 5183.34 5188.08 5189.95 5192.06 5194.49 5198.29 5196.97 5192.98 5188.52 5180.17 5172.48 5176.32 5190.1 5200.74 5206.58 5209 5207.46 5204.34 5200.55 5200.09 5199.63 5199.07 5197.78 5195.36 5194.26 5194.32 5195.55 5197 5198.82
5200.38 5203.11 5205.15 5192.28 5186.3 5182.19 5180.07 5184.15 5194.41 5219.05 5248.57 5274.48 5268.78 5244.3 5237.49 5236.47 5245.01 5256.34 5263.98 5260.96 5248.78 5227.49 5211.71 5209.32 5209.61 5213.92 5220.63 5226.89 5232.62 5238.2 5240.72 5234.02 5217.01 5203.87 5189.79 5180.65 5180.42 5181.21 5184.62 5187.57 5187.37 5191.18 5195.48 5196.86 5200.1 5196.63 5194.09 5179.95 5170.08 5181.95 5196.06 5212.6 5216.2 5212.74 5207.79 5202.05 5196.66 5195.63 5194.82 5195.51 5197.79 5202.05 5206.16 5200.42 5197.91 5197.71 5198.94
5188.81 5187.99 5188.32 5182.33 5181.97 5179.36 5171.4 5174.83 5184.69 5205.11 5224.85 5236.7 5234.54 5224.74 5223.24 5225.65 5237.62 5251.92 5261.71 5261.35 5251.94 5232.31 5215.23 5207.84 5207.48 5213.3 5219.87 5226.29 5232.33 5236.47 5236.18 5222.62 5203.61 5188.12 5182.93 5179.14 5178.83 5183.44 5188.67 5193.07 5194.74 5200.4 5204.71 5204.56 5210 5211.64 5197.39 5178.5 5168.88 5177.01 5196.27 5219.43 5221.14 5213.43 5206.72 5201.04 5196.91 5194.51 5190.93 5193.47 5197.05 5200.96 5204.25 5201.24 5198.24 5196.74 5196.24
5179.27 5178.58 5182.13 5187.12 5186.11 5179.38 5166.58 5168.63 5176.76 5194.14 5205.95 5209.91 5209.72 5209.02 5211.71 5218.54 5232.8 5250.64 5266.71 5276.18 5263.93 5242.3 5224.74 5212.11 5209.71 5214.51 5220.72 5226.27 5231.26 5234.43 5234.49 5215.14 5193.74 5181.4 5180.02 5178.89 5177.47 5183.06 5194.01 5206.03 5213.13 5219.31 5222.8 5224.93 5220.14 5214.4 5190.94 5173.36 5165.93 5168.34 5188.59 5208.38 5212.49 5209.15 5204.32 5199.28 5195.88 5194.68 5195.85 5195.18 5195.82 5196.5 5197.99 5196.48 5196.52 5197.38 5198.76
5182.08 5181.85 5188.34 5196.89 5192.65 5184.07 5166.57 5167.36 5177.73 5192.46 5196.66 5193.06 5195.67 5195.36 5202.34 5212.9 5229.1 5248.96 5269.31 5286.75 5271.83 5245.15 5222 5215.04 5214.76 5218.71 5223.79 5228.03 5230.37 5229.9 5224.88 5207.18 5187.06 5178.79 5180.41 5181.19 5180.55 5181.63 5200.39 5221.25 5240.28 5238.47 5238.82 5236.03 5221.93 5204.85 5184.18 5174.63 5174.45 5172.27 5184.18 5192.14 5200.7 5203.12 5201.61 5197.01 5193.71 5193.04 5192.13 5193.99 5195.74 5196.53 5194.93 5193.36 5195.66 5196.08 5196.58
5190.45 5192.51 5200.27 5210.93 5215.61 5203.04 5177.29 5172.95 5182.88 5193.78 5195.35 5195.94 5186.79 5187.64 5195.97 5208.86 5224.86 5243.3 5261.6 5274.46 5265.86 5243.17 5223.51 5220.16 5222.74 5224.38 5227.7 5230.04 5230.02 5226.08 5214.25 5194.3 5183.13 5179.26 5179.75 5184.32 5189.07 5195.62 5210.48 5228.18 5243.95 5242.15 5239.45 5234.49 5218.12 5194.92 5180.08 5181.8 5188.28 5194.57 5193.06 5189.61 5195.56 5198.87 5200.1 5202 5197.94 5193.04 5191.29 5194.03 5197.39 5200.31 5201.04 5200.23 5198.17 5197.28 5196.77
5197.43 5203.46 5211.49 5228.58 5249.59 5223.95 5187.46 5181.13 5191.45 5192.61 5189.95 5187.19 5177.1 5180.63 5190.23 5204.18 5219.14 5233.92 5247.28 5256.76 5251.87 5237.33 5225.98 5224.12 5225.37 5230.52 5233.57 5234.56 5232.99 5228.72 5218.95 5203.51 5192.39 5187.62 5187.42 5193.96 5205.38 5216.59 5219.64 5223.74 5230.12 5234.6 5234.99 5231.43 5215.04 5194.36 5183.22 5190.18 5201.57 5211.5 5205.09 5197.75 5196.26 5196.34 5196.65 5196.74 5195.12 5191.97 5192.09 5195.35 5200.12 5204.81 5210.36 5205.25 5200.98 5198.55 5200.32
5197.14 5205.84 5212.45 5222.13 5229.32 5221.16 5200.39 5183.99 5185.18 5185.68 5178.24 5172.97 5173.35 5176.01 5185.73 5199.54 5212.33 5223.34 5230.94 5232.57 5229.92 5228.65 5226.21 5229.38 5235.7 5239.14 5241.25 5241.59 5239.98 5236.98 5234.4 5232.9 5220.06 5205.67 5197.32 5209.78 5222.77 5224.53 5221.68 5219.29 5219.86 5224.63 5226.33 5223.36 5211.46 5196.66 5189.18 5192.6 5199.13 5201.27 5203.11 5201.8 5196.51 5194.13 5192.41 5189.96 5189.67 5188.64 5190.83 5196.7 5202.61 5207.29 5209.02 5205.03 5203.02 5201.21 5205.72
5195.51 5199.93 5203.06 5210.26 5219.15 5217.58 5203.88 5184.29 5185.91 5180.84 5171.29 5166.39 5168.65 5175.11 5185.36 5196.52 5207.06 5214.34 5218.1 5217.51 5217.29 5223.22 5229.49 5237.19 5243.02 5249.4 5251.06 5249.81 5247.42 5245.13 5245.39 5252.11 5252.22 5226.14 5214.4 5225.97 5233.31 5232.92 5229.22 5223.86 5221.67 5220.16 5219.01 5217.07 5207.4 5195.45 5188.48 5190.2 5194.24 5193.23 5190.52 5192.34 5193.5 5192.55 5190.49 5190.82 5188.61 5187.87 5191.61 5198.5 5205.22 5210.49 5208.79 5210.87 5204.67 5202.41 5209.3
5194.9 5193.32 5190.71 5196.53 5203.21 5206.84 5198.92 5182.87 5184.24 5180.99 5175.12 5170.64 5169.81 5175.11 5184.43 5194.32 5204.23 5208.43 5210.75 5211.29 5212.77 5222.07 5232.82 5244.79 5257.42 5262.77 5261.03 5257.36 5253.01 5248.9 5246.43 5245.91 5248.05 5238.41 5233.6 5240.97 5248.16 5244.1 5239.08 5237.02 5232.04 5226.09 5218.22 5207.77 5198.37 5194.87 5193.72 5196.14 5195.18 5191.7 5190.6 5191.57 5192.9 5192.68 5190.07 5187.07 5190.52 5192.3 5195.93 5201.41 5207.23 5213.66 5211.69 5206.4 5203.83 5202.22 5208.79
5198.51 5194.06 5183.92 5185.42 5197.37 5200.03 5194.38 5188.42 5184.17 5185.26 5184.4 5178.77 5173.22 5175.34 5183.59 5192.41 5200.92 5204.65 5207.57 5210.84 5215.56 5224.04 5233.48 5246.39 5267.17 5274.38 5270.46 5264.5 5258.18 5252.76 5245.98 5237.67 5243.05 5248.07 5251.84 5258.25 5260.68 5254.14 5246.13 5245.05 5241.53 5232.8 5221.57 5205.84 5196.16 5195.93 5198.64 5201.73 5198.89 5195.06 5192.37 5194.22 5195.29 5195.78 5196.53 5197 5197.12 5198.22 5200.87 5204.1 5207.55 5208.5 5205.29 5202.96 5203.99 5204.7 5207.43
5204.71 5195.46 5184.92 5185.38 5192.71 5196.7 5195.15 5190.6 5186.64 5190.04 5195.56 5187.26 5177.43 5177.55 5185.03 5191.86 5196.75 5201.12 5206.38 5212.72 5220.37 5227.86 5237.61 5252.17 5272.03 5280.66 5276.14 5269.32 5262.63 5255.96 5250.04 5245.38 5254.69 5258.22 5263.8 5270.5 5270.97 5265.24 5256.05 5244.15 5246.43 5248.75 5225.95 5208.48 5198.78 5197.7 5201.35 5207.08 5205.89 5202.11 5200.26 5199.11 5198.81 5199.47 5201.75 5203.36 5204.26 5206.98 5206.02 5206.54 5207.49 5207.63 5205.97 5202.76 5202.74 5205.64 5208.61
5209.62 5201.85 5191.66 5190.81 5187.75 5192.43 5195.74 5192.72 5189.05 5191 5192.44 5190.08 5185.57 5186.4 5192.06 5194.82 5194.91 5199.38 5207.16 5215.45 5223.28 5231.82 5240.65 5252.93 5270.55 5280.92 5277.37 5271.26 5264.77 5259.58 5256.78 5258.07 5265.91 5264.37 5269.8 5276.2 5277.5 5275.32 5269.22 5252.9 5241.75 5233.84 5219.97 5207.34 5199.65 5199.2 5202.8 5212.33 5212.04 5207.51 5205.88 5203.29 5202.27 5202.49 5203.24 5205.34 5208.04 5208.73 5208.74 5208.27 5208.41 5208.71 5211.68 5206.26 5205.74 5208.86 5213.73
5213.28 5207.26 5195.47 5189.34 5185.05 5187.82 5190.24 5188.02 5190.56 5191.39 5191.84 5192.73 5193.29 5196.44 5201.72 5201.93 5200.03 5203.01 5210.24 5218.81 5228.84 5235.47 5241.47 5248.92 5264.81 5274.68 5274.05 5269.25 5263.53 5259.06 5258.33 5263.9 5266.4 5267.71 5274.44 5281.23 5284.48 5284.07 5275.05 5263.4 5234.47 5214.98 5211.68 5205.35 5199.24 5201.94 5206.5 5211.22 5210.74 5207.66 5205.17 5204.8 5204.7 5205.01 5206.85 5207.61 5209.79 5211.54 5209.87 5208.59 5208.3 5209.65 5217.13 5219.24 5208.09 5212.89 5221.11
5215.36 5203.44 5189.79 5186.35 5188.78 5188.36 5186.11 5189.9 5192.25 5193.94 5194.78 5196.1 5198.06 5202.16 5206.98 5206.71 5205.02 5207.44 5215.03 5221.93 5228.05 5234.75 5243.19 5252.76 5262.71 5269.76 5270.43 5265.88 5260.38 5255.91 5253.63 5254.61 5262.82 5271.05 5277.69 5286.89 5294.26 5297.11 5293.56 5274.91 5240.55 5218.69 5212.8 5208.29 5207.37 5206.86 5211.78 5212.34 5209.14 5210.3 5207.54 5206.16 5207.17 5207.59 5204.93 5207.86 5208.18 5208.78 5209.18 5208.7 5208.37 5209.89 5214.25 5213.56 5216.54 5220.66 5227.67
5219.38 5204.11 5189.95 5195.51 5202.19 5199.17 5189.82 5192.63 5194.15 5197.21 5198.83 5198.8 5199.63 5200.32 5203.5 5207.19 5212.63 5218.07 5221.86 5226.02 5230.99 5237.93 5245.97 5253.06 5262.32 5270.21 5266.78 5261.03 5255 5250.19 5246.96 5245.6 5257.29 5268.96 5283.32 5297.53 5306.06 5311.2 5311.37 5290.49 5254.88 5232.46 5221.44 5213.87 5208.8 5208.54 5212.34 5210.58 5208.78 5210.98 5207.91 5207.28 5210.31 5213.53 5213.76 5211.69 5209.49 5208.91 5209.27 5209.5 5208.76 5209.3 5214.77 5217.23 5224.88 5228.44 5231.45
5219.79 5210.1 5200 5204.15 5211.87 5211.97 5198.29 5198.22 5198.29 5197.75 5198.68 5200.92 5202.82 5205.48 5208.52 5213.2 5219.06 5226.96 5226.53 5229.86 5235.53 5242.16 5249.55 5257.25 5263.06 5264.55 5259.1 5253.34 5247.54 5242.55 5240.83 5244.22 5248.55 5262.45 5284.59 5299.27 5311.72 5319.85 5319.71 5298.03 5271.08 5249.13 5234.06 5222.56 5213.31 5211.56 5211.41 5211.25 5213.2 5221.53 5212.92 5210.16 5213.44 5218.25 5221.96 5214.61 5211.01 5210 5210.64 5212.36 5214.32 5215.62 5219.18 5225.43 5231.81 5231.14 5230.77
5212.79 5211.6 5204.08 5202.72 5210.36 5214.3 5208.42 5208.62 5203.39 5200.69 5200.72 5203.46 5206.31 5210.12 5212.89 5215.38 5217.68 5220.02 5224.97 5231.06 5237.95 5244.79 5251.98 5258.05 5258.96 5251.71 5249.42 5245.06 5238.7 5232.63 5228.6 5229.51 5236.12 5254.48 5282.1 5300.71 5313.27 5323.5 5325.16 5302.61 5282.51 5262.64 5246.76 5234.09 5224.88 5221.13 5222.27 5213.41 5213.1 5219.43 5216.81 5214.42 5215.67 5216.45 5215.65 5213.04 5208.94 5209.84 5211.74 5214.74 5219.68 5221.43 5221.03 5223.77 5229.79 5227.1 5225.58
5215.48 5216.22 5212.5 5200.81 5210.88 5220.67 5219.65 5216.7 5208.15 5202.98 5205.09 5207.53 5209.07 5211.18 5212.2 5213.98 5214.34 5215.34 5222.33 5230.34 5240.16 5250.7 5252 5250.98 5247.75 5248.62 5245.4 5239.25 5231.41 5223.24 5217.35 5217.33 5224.95 5242.9 5266.5 5289.82 5309.64 5321.31 5321.36 5301.71 5287.76 5272.83 5257.91 5245.71 5236.11 5229.26 5222.55 5212.01 5208 5210.56 5215.3 5216.47 5217.98 5218.79 5217 5213.61 5209.88 5211.02 5212.76 5214.81 5216.84 5218.57 5218.91 5219 5218.82 5219.02 5218.94
5220.06 5221.6 5221.24 5213.08 5215.47 5221.44 5225.42 5227.73 5222.76 5216.91 5216.69 5214.83 5212.01 5209.26 5208.43 5208 5211.02 5215.53 5219.34 5226.81 5237.3 5247.57 5248.01 5246.52 5246.13 5246.58 5243.47 5236.02 5226.54 5215.85 5206.3 5207.4 5216.84 5236.04 5265.02 5289.6 5306.61 5316.65 5314.96 5301.79 5296.85 5280.46 5266.67 5254.79 5244.52 5235.21 5225.37 5214.1 5210.84 5216.26 5217.11 5219 5220.94 5221.41 5219.47 5215.66 5213.09 5213.48 5214.37 5214.85 5213.76 5215.63 5216.34 5216.44 5214.07 5212.49 5212.97
5215.2 5222.29 5224.44 5213.21 5216.99 5225 5228.65 5233.67 5238.9 5239.89 5231 5223.17 5216.28 5209.57 5206.67 5210.41 5207.96 5205.89 5210.84 5221.33 5230.56 5236.91 5240.37 5241.95 5240.98 5243.37 5241.75 5235.93 5225.69 5213.52 5202.16 5204.49 5214.78 5234.38 5267.54 5293.04 5305.93 5313.38 5311.51 5303.02 5292.69 5283.37 5272.74 5262.13 5251.08 5238.48 5226.15 5215.06 5210.99 5215.47 5219.47 5222.98 5224.16 5224.63 5221.84 5218.34 5216.3 5216.75 5217.49 5217.95 5217.97 5216.84 5215.14 5210.56 5207.02 5208.56 5209.69
5215.89 5222.1 5219.99 5212.19 5216.49 5226.72 5231.49 5239.02 5247.09 5249.81 5240.82 5230.79 5221.79 5213.27 5208.04 5206.72 5205.55 5202.9 5208.04 5219.65 5227.2 5230.73 5236.5 5241.83 5244.11 5248.23 5248.36 5241.37 5230.03 5218.21 5209.96 5211.82 5221.13 5240.29 5269.92 5292 5305.1 5311.8 5309.94 5299.83 5292.06 5285.54 5278.65 5270.48 5259.97 5244.31 5228.3 5215.92 5210.99 5213.96 5219.3 5224.46 5226.08 5226.45 5223.9 5221.45 5220.43 5221.09 5221.55 5221.51 5221.56 5219.86 5218.19 5215.83 5211.31 5209.95 5209.37
5217.87 5227.37 5221.65 5211.48 5217.47 5230.17 5238.97 5243.98 5250.43 5253.06 5245.41 5236.1 5227.55 5220.91 5216.28 5210.38 5210.67 5213.87 5219.27 5225.29 5229.67 5233.82 5240.17 5247.49 5252.97 5260.32 5261.55 5250.36 5237.22 5225.77 5219.1 5222.39 5232.76 5250.23 5274.91 5293.45 5305.53 5308.52 5305.26 5299.04 5291.89 5286.96 5283.56 5279.64 5272.86 5261.09 5236.51 5217.71 5209.2 5209.66 5217.39 5224.66 5226.32 5225.22 5224.6 5223.95 5224.62 5225.93 5226.75 5225.95 5224.55 5223.69 5221.77 5221.97 5218.61 5213.89 5210.55
5217.05 5236.38 5238.8 5219.39 5222.37 5230.19 5242.61 5246.9 5253.53 5253.15 5246.73 5238.89 5230.94 5226.34 5224.85 5220.83 5221.98 5227.96 5235.14 5233.12 5233.46 5236.86 5244.25 5255.95 5267.99 5272.93 5268.86 5256.42 5243.37 5232.73 5228.04 5231.29 5242.42 5258.11 5277.5 5295.5 5308.87 5316.95 5308.18 5295.08 5288.85 5288.17 5288.46 5287.91 5284.16 5272.88 5245.17 5220.86 5209.77 5207.62 5214.01 5222.54 5221.84 5223.12 5224.07 5225.33 5228.28 5230.98 5233.29 5234.34 5232.45 5229.73 5226 5224.32 5220.93 5212.41 5212.19
