real_craters/C154-300m.grd
DSAA
350 350
-52.395 52.395
-52.395 52.395
3703.8844657635 5707.9562318215
[rows 30 to 59 of 350, columns 134 to 200 of 350]
5144.54 5145.73 5146.53 5146.92 5147.31 5148.18 5149.31 5151.49 5153.13 5155.76 5157.66 5157.84 5157.82 5160.12 5165.02 5169.08 5172.29 5172.87 5169.99 5162.68 5150.52 5137.21 5128.16 5126.35 5138.01 5139.2 5137.72 5136.49 5136.11 5136.38 5137.12 5136.3 5133.7 5131.21 5128.16 5128.85 5129.69 5130.27 5130.65 5131.8 5133.09 5136.57 5144.23 5153.71 5165.22 5180.1 5197.54 5204.76 5207.61 5208.17 5202.28 5192.59 5181.25 5170.31 5163.03 5158.02 5156.97 5157.57 5159.95 5162.7 5163.81 5161.35 5157.91 5158.62 5159.04 5156.81 5152.97
5149.85 5150.82 5151.75 5152.82 5153.38 5154.35 5157.03 5159.98 5162.48 5165.14 5166.75 5167.21 5167.29 5170.14 5176.72 5182.08 5181.68 5180.51 5179.13 5174.73 5166.19 5155.2 5147.9 5145.21 5147.04 5145.03 5142.34 5140.08 5138.21 5137.03 5136.3 5135.14 5133.55 5132.23 5130.96 5130.83 5130.95 5131.53 5131.95 5132.74 5134.66 5136.73 5139.94 5145.77 5154.61 5167.53 5181.6 5187.91 5190.32 5197.1 5193.63 5184.07 5173.63 5163.2 5156.57 5152.4 5149.71 5148.33 5148.38 5153.21 5155.31 5154.54 5155.05 5157.92 5158.1 5154.79 5148.62
5155.01 5156 5157.03 5157.3 5157.88 5159.98 5162.75 5166.91 5170.38 5174.63 5178.27 5179.22 5176.74 5178.65 5185.89 5192.72 5187.65 5184.77 5185.58 5189.89 5182.44 5175.15 5165.35 5153.59 5148.74 5147.46 5145.29 5142.01 5139.2 5136.77 5134.43 5132.71 5133.51 5134.4 5134.53 5133.9 5133.03 5133.04 5133.16 5133.51 5134.64 5135.55 5135.54 5137.28 5140.54 5149.92 5161.99 5167.87 5168.44 5177.35 5179.87 5175.01 5166.89 5157.07 5150.71 5147.03 5143.93 5141.47 5141.4 5147.34 5150.57 5152.68 5160.66 5162.28 5163.73 5156.72 5146.79
5159.1 5159.81 5160.97 5161.18 5162.6 5163.58 5166.06 5170.36 5176.68 5182.97 5188.94 5191.56 5184.76 5183.81 5187.06 5189.44 5186.05 5183.06 5182.7 5185.96 5192.57 5196.88 5183.75 5160.41 5149.19 5147.21 5146.31 5142.72 5139.37 5136.34 5133.68 5132.13 5133.93 5136.4 5139.01 5136.35 5135.01 5134.23 5134.05 5133.93 5134.16 5133.74 5131.59 5129.92 5129.85 5136.72 5146.65 5153.24 5155.82 5162.75 5168.35 5167.68 5162.77 5154.3 5148.23 5144.55 5140.71 5137.62 5138.7 5145.18 5149.15 5154.6 5171.93 5183.45 5174.77 5160.45 5147.84
5165.37 5162.99 5163.97 5165.08 5165.57 5167.35 5169.28 5174.13 5181.83 5189.16 5195.66 5197.42 5190.85 5186.58 5183.62 5181.64 5180.23 5177.47 5175.95 5181.39 5196.37 5211.09 5200.24 5173.83 5157.09 5149.57 5146.57 5142.12 5138.56 5135.44 5133.37 5133.24 5133.86 5136.18 5138.06 5136.97 5135.81 5134.53 5134.22 5134.38 5135.61 5132.8 5129.18 5125.37 5121.78 5128.59 5137.87 5145.82 5153.82 5159.65 5163.12 5163.56 5161.89 5156.62 5149.59 5145.14 5140.58 5136.52 5137.87 5145.8 5151.09 5155.76 5168.58 5180.71 5175 5160.26 5147.17
5168.65 5166.35 5167.06 5167.05 5168.84 5171.07 5174.79 5179.02 5185.8 5193.01 5199.88 5205.47 5197.45 5189.24 5182.17 5178.03 5175.75 5172.46 5169.65 5177.05 5194.2 5207.75 5203.34 5184.38 5166.4 5154.24 5148.11 5141.46 5137.01 5133.76 5131.73 5130.89 5132.09 5134.14 5135.64 5135.58 5134.93 5133.72 5133.23 5133.14 5133.31 5131.49 5128.87 5125.54 5122.38 5127.4 5134.84 5143.25 5151.79 5157.66 5159.81 5160.89 5161.28 5158.03 5152.43 5148.04 5143.61 5139.41 5140.74 5146.69 5152.37 5155.57 5158.47 5162.42 5163.74 5156.94 5146.25
5170.97 5171.57 5168.44 5169.64 5171.51 5173.9 5176.34 5181.3 5187.75 5194.01 5199.75 5203.08 5200.85 5190.57 5180.57 5176.51 5174.91 5171.91 5167.47 5175.47 5191.53 5202.15 5200.6 5186.32 5170.52 5157.31 5147.75 5139.7 5134.66 5131.65 5129.72 5128.86 5129.84 5131.77 5133.19 5133.51 5133.06 5132.08 5131.2 5130.5 5129.62 5130.26 5130.3 5129.69 5128.89 5130.14 5133.96 5140.38 5147.51 5153.01 5155.48 5157.13 5158.45 5157.29 5155.37 5152.28 5149.4 5146.71 5148.6 5152.02 5155.06 5157.48 5157.9 5158.24 5159.28 5157.23 5150.52
5172.24 5172.6 5170.16 5171.55 5174.02 5176.67 5178.67 5182.67 5187.98 5192.72 5196.71 5199.14 5198.25 5189 5179.81 5177.73 5178.18 5178.35 5176.96 5183.6 5193.36 5198.08 5194.69 5186.3 5172.09 5156.42 5143.52 5136.21 5132.04 5129.52 5128.01 5127.28 5128.38 5130.21 5131.55 5131.8 5131.34 5130.46 5129.28 5128.37 5128.5 5130.3 5132.95 5135.29 5135.85 5132.78 5131.31 5131.75 5137.4 5145.78 5150.05 5152.26 5153.45 5154.9 5156.91 5155.88 5155.54 5158.05 5159.32 5160.54 5159.98 5161.28 5162.63 5163.98 5164.19 5163.32 5158.97
5171.87 5172.12 5173.02 5171.87 5175.01 5178.97 5183.75 5184.25 5186.5 5189.64 5191.99 5191.9 5189.1 5183.9 5182.79 5180 5182.66 5188.79 5195.65 5197.17 5198.94 5199.8 5196.78 5189.91 5176.66 5157.88 5141.05 5133.12 5129.85 5128.04 5126.98 5126.94 5128.1 5129.84 5130.96 5131.01 5130.22 5129.27 5128.02 5125.9 5126.55 5130.68 5135.15 5139.62 5139.79 5133.59 5128.31 5126.32 5132.52 5140.38 5145.23 5147.76 5148.62 5152.34 5156.4 5157.07 5158.63 5160.7 5164.69 5165.97 5165.75 5165.37 5168.05 5171.64 5172.96 5173.17 5169.55
5169.95 5170.28 5171.04 5172.43 5173.92 5177.28 5180.15 5181.33 5182.79 5184.84 5186.48 5185.72 5176.96 5173.98 5172.54 5177.12 5183.4 5193.37 5207.05 5203.92 5202.43 5202.81 5202.72 5195.16 5183.03 5160.65 5140.96 5132.17 5129.2 5127.66 5126.59 5126.27 5127.44 5130.31 5131.06 5130.4 5130.14 5129.11 5127.9 5126.8 5127.46 5131.14 5135.56 5140.58 5139.89 5131.9 5124.93 5121.52 5131.1 5137.92 5141.77 5144.83 5146.58 5148.51 5152.12 5155.67 5159.17 5163.6 5166.26 5167.01 5167.03 5167.3 5171.78 5176.53 5181.86 5182.98 5182.33
5167.12 5167.58 5168.1 5168.82 5169.72 5171.95 5174.02 5175.46 5177.19 5178.87 5179.54 5177.73 5167.01 5164.59 5165.69 5171.86 5179.24 5187.3 5194.5 5198.53 5199.96 5201.56 5202.13 5195.11 5182.98 5160.41 5142.11 5134.11 5130.81 5128.77 5127.07 5126.21 5126.99 5130.67 5130.69 5130.15 5130.11 5129.4 5128.24 5127.57 5128.83 5131.44 5133.79 5135.66 5134.07 5128.33 5121.85 5117.29 5126.76 5134.09 5139.14 5143.08 5146.09 5147.77 5150.11 5153.74 5157.06 5160.6 5164.91 5165.38 5165.8 5170.92 5174.22 5178.04 5184.05 5190.17 5191.29
5163.96 5164.5 5164.7 5164.47 5163.78 5163.68 5165.38 5167.88 5170.4 5171.92 5171.66 5167.38 5157.33 5158.28 5161.56 5166.72 5172.96 5178.91 5184.07 5189.83 5193.29 5195.25 5195.16 5188.77 5176.62 5159.36 5145.63 5139.07 5134.76 5131.28 5128.33 5126.67 5126.68 5128.68 5129.56 5129.82 5129.98 5129.98 5129.5 5128.48 5130.36 5132.35 5132.46 5129.69 5128.65 5125.87 5121.13 5118.62 5123.84 5130.55 5137.08 5142.2 5146.36 5148.14 5149.86 5152.42 5155.07 5157.5 5159.44 5161.13 5164.55 5173.19 5175.44 5177.94 5183.19 5194.11 5199.83
5160.89 5161.54 5161.69 5161.11 5158.75 5153.95 5155.42 5161.11 5164.35 5165.61 5165.09 5161.71 5154.69 5154.98 5157.25 5161.61 5166.65 5171.75 5176.57 5181.3 5184.56 5186.24 5185.31 5180.27 5170.9 5160.12 5151.55 5146.05 5140.34 5134.68 5129.81 5126.76 5126.1 5126.92 5128.21 5129.61 5130.64 5131.7 5132.92 5132.52 5133.97 5135.55 5135.56 5132.08 5130.37 5126.87 5122.01 5118.6 5120.8 5128.17 5136.61 5143.44 5146.97 5147.67 5149.88 5152.14 5153.3 5154.89 5156.18 5158.52 5161.57 5169.59 5175.56 5180.53 5182.29 5185.2 5189.45
5157.68 5158.59 5160.42 5160.02 5158.29 5154.34 5155.06 5158.1 5159.9 5160.16 5159.18 5156.29 5152.94 5152.83 5153.89 5155.46 5159.97 5165.27 5169.33 5172.52 5174.93 5176.19 5175.53 5172.84 5168.62 5163.04 5157.75 5154.32 5146.29 5138.08 5131.25 5126.05 5123.29 5125.21 5127.02 5129.14 5132.11 5134.31 5137.24 5139.09 5138.56 5139.79 5141.76 5144.1 5136.86 5130.09 5123.8 5117.96 5117.2 5127.18 5137.75 5146.86 5150.41 5149.07 5151.69 5154.65 5155.4 5157.12 5158.69 5161.27 5164.2 5167.4 5175.96 5184.59 5186.67 5183.31 5183.73
5154.57 5156.2 5159.55 5161.01 5161.51 5161.19 5159.76 5158.43 5157.39 5155.63 5153.11 5147.57 5139.24 5140.04 5143.06 5146.5 5151.76 5157.96 5161.25 5162.74 5164.5 5165.9 5166.76 5166.57 5165.15 5163.86 5163.48 5161.55 5149.84 5139.96 5132.29 5125.96 5121.34 5123.43 5126.99 5130.02 5133.78 5136.98 5139.29 5140.16 5140.77 5141.84 5144.13 5146.49 5139.57 5132.86 5126.82 5119.84 5118.53 5129.19 5140.18 5149.11 5152.87 5151.69 5154.8 5159.21 5163.7 5162.06 5162.69 5165.58 5168.43 5170.83 5177.23 5184.32 5187.6 5184.8 5181.15
5151.03 5153.62 5157.98 5161.59 5165.13 5167.7 5163.77 5158.87 5155.24 5151.52 5146.8 5139.48 5128.6 5122.94 5129.89 5136.51 5142.06 5147.09 5149.92 5151.36 5152.72 5154.5 5156.6 5158.8 5156.34 5156.62 5159.27 5155.54 5147.43 5139.74 5133.37 5127.76 5124.76 5126.46 5129.3 5132.56 5136.78 5139.55 5141.23 5140.89 5140.81 5140.85 5141.18 5141.23 5137.72 5133.45 5130.46 5126.29 5127.37 5134.42 5143.64 5151.98 5154.41 5154.43 5157.42 5162.04 5165.42 5163.81 5164.94 5169.2 5173.14 5176.38 5179.12 5179.73 5176.71 5178.78 5177.61
5147.26 5150.63 5155.81 5160.48 5165.47 5168.72 5164.15 5157.81 5153.16 5148.58 5142.8 5135.5 5126.42 5119.16 5124.71 5129.58 5133.09 5136.09 5138.13 5139.73 5140.9 5141.65 5142.43 5143.45 5142.39 5143.44 5147.59 5144.92 5141.66 5138.85 5135.59 5131.14 5126.77 5129.52 5133.51 5137.24 5141.29 5142.89 5143.47 5141.72 5139.8 5137.22 5136.41 5135.38 5134 5131.67 5129.17 5126.07 5129.47 5136.39 5145.09 5154.91 5156.2 5155.06 5157.88 5162.14 5164.45 5162.29 5165.52 5173.29 5178.13 5181.37 5182.51 5179.8 5174.89 5174.16 5174.44
5144.31 5147.69 5151.98 5156.18 5160.57 5163.67 5160.18 5155.81 5151.01 5147.29 5143.34 5138.83 5133.21 5129.68 5128.48 5127.19 5125.82 5125.91 5127.23 5128.98 5129.92 5129.51 5127.57 5124.37 5128.64 5135.27 5138.37 5137.38 5137.71 5140.09 5140.68 5138.54 5134.87 5134.95 5140.34 5144.77 5147.41 5147.48 5145.46 5141.77 5138.48 5134.1 5131.36 5130.51 5130.13 5129.64 5128.37 5124.85 5128.42 5134.91 5141.91 5149.32 5152.54 5152.69 5155.97 5160.21 5161.67 5160.57 5165.2 5173.47 5180.96 5187.22 5189.12 5184.83 5179.18 5174.19 5173.2
5142.73 5145.7 5148.25 5150.3 5151.4 5152.44 5152.82 5151.28 5149.01 5147.17 5145.33 5145.31 5146.54 5145.98 5136.41 5128.48 5121.04 5116.46 5118.87 5121.19 5122.04 5121.26 5118.68 5114.35 5121.8 5130.83 5138.39 5138.88 5139.47 5145.79 5150.27 5151.62 5148.75 5147.74 5151.99 5154.71 5155.33 5154.06 5151.33 5144.9 5138.38 5130.75 5124.93 5124.47 5127.07 5128.83 5128.8 5125.9 5127.53 5131.66 5136.83 5140.31 5143.64 5146.96 5152.29 5157.82 5160.22 5160.62 5165.68 5172.79 5181.75 5190.33 5194.48 5189.36 5184.4 5178.44 5173.61
5144.3 5145.5 5145.98 5145.23 5143.26 5143.84 5146.5 5147.49 5148 5148.2 5148.89 5151.78 5155.75 5154.35 5143.57 5132.44 5121.15 5114.42 5116.14 5118.05 5118.48 5117.78 5116.81 5118.13 5123.39 5132.3 5141.35 5145.73 5148.22 5155.24 5163.6 5170.71 5172.84 5170.12 5168.32 5166.34 5164.2 5161.16 5157.48 5149.44 5140.49 5130.73 5122.59 5122.55 5126.2 5129.49 5131.98 5128.25 5126.65 5127.81 5131.99 5134.8 5136.31 5141.87 5148.39 5153.82 5158.19 5161.52 5166.24 5173.3 5180.09 5187.42 5191.58 5189.66 5186.7 5180.96 5175.27
5148.21 5146.96 5145.46 5143.19 5139.78 5140.22 5143.27 5145.4 5147.65 5149.65 5152.91 5157 5159.26 5157.06 5150.19 5139.49 5127.29 5119.5 5119.02 5119.12 5118.41 5117.51 5117.14 5118.69 5123.09 5129.49 5137.96 5146.16 5153.54 5164.93 5176.4 5188.6 5195.11 5190.31 5183 5177.07 5172.51 5167.84 5161.64 5154.05 5144.65 5134.72 5126.42 5125.47 5127.83 5130.42 5132.06 5130.07 5126.3 5124.6 5126.97 5129.87 5133.65 5140.22 5146.6 5151.83 5157.7 5162.35 5165.33 5169.5 5176.18 5181.85 5185.3 5186.43 5185.49 5181.6 5177.75
5152.62 5149.35 5146.64 5144.42 5142.69 5142.32 5143.66 5145.72 5148 5150.39 5155.21 5162.49 5167.77 5166.21 5160.45 5150.1 5138.3 5130.13 5126.24 5123.92 5121.53 5119.53 5118.27 5118.27 5122.01 5130.82 5141.15 5150.61 5162.15 5173.97 5184.98 5195.46 5200.56 5196.62 5190.01 5184.15 5179.35 5174.58 5168.07 5160.02 5150.79 5141.72 5134.09 5131.11 5131.09 5132.4 5132.19 5130.56 5126.68 5123.71 5124.21 5129.05 5136.69 5141.95 5147.55 5152.61 5158.82 5163.07 5164.85 5167.81 5172.55 5176.49 5179.5 5182.4 5183.22 5181.48 5180.94
5155.15 5151.46 5148.33 5145.9 5145.59 5144.64 5145.54 5147.61 5149.52 5151.28 5157.12 5168.65 5178.74 5181.69 5175.25 5162.36 5149.48 5140.95 5135.39 5130.96 5127.08 5123.77 5121.25 5120.39 5123.77 5133.42 5145.98 5159.17 5173.21 5180.75 5189.96 5196.84 5199.25 5196.76 5192.01 5187.7 5183.94 5180.75 5175.22 5166.75 5158.14 5149.76 5142.43 5136.86 5133.97 5134.85 5137.56 5133.47 5127.79 5123.67 5125.33 5131.51 5139.12 5143.64 5149.43 5155.93 5160.48 5163.9 5165.14 5167.3 5170.46 5172.77 5173.98 5179.7 5183.86 5183.25 5184.81
5155.35 5152.7 5150.27 5147.56 5144.05 5146.8 5149.07 5151.01 5153.08 5155 5161.83 5174.25 5186.41 5190.83 5184.7 5172.61 5161.75 5152.85 5145.6 5139.33 5134.09 5129.53 5126.01 5123.45 5124.51 5133.5 5146.33 5160.25 5170.78 5182.14 5192.81 5202 5202 5197.53 5192.97 5188.96 5185.91 5183.83 5180.47 5172.36 5165.44 5158.35 5150.08 5141.72 5134.46 5130.31 5133.81 5133.53 5128.73 5125.19 5127.78 5133.98 5137.86 5142.95 5148.66 5155.63 5161 5164.76 5166.84 5168.42 5170.31 5171.98 5173.29 5179.72 5185.27 5185.2 5188.16
5153.95 5153.18 5152.81 5153.22 5153.28 5152.97 5154.07 5155.83 5158.45 5161.58 5168.37 5178.22 5184.5 5185.4 5181.46 5178.2 5174.15 5164.67 5155.7 5148.18 5141.93 5136.74 5132.34 5129.08 5128.23 5134.7 5142.84 5157.33 5170.52 5183.44 5193.34 5199.65 5199.96 5196.02 5191.34 5188.97 5186.37 5181.87 5178.71 5176.09 5171.95 5166.9 5158.56 5146.19 5134.2 5124.66 5127.61 5129.6 5128.85 5129.29 5128.77 5132.74 5137.25 5142.03 5146.04 5152.85 5161.92 5165.96 5167.85 5169.44 5171.42 5173.52 5175.98 5180.43 5183.9 5187.74 5191.61
5151.12 5152.64 5154.75 5158.57 5160.71 5158.82 5158.42 5159.99 5163.42 5168.62 5173.68 5180.15 5186.05 5180.17 5176.58 5179.11 5179.84 5172 5163.41 5155.98 5149.73 5144.67 5140.65 5137.94 5138.05 5141.43 5149.65 5163.76 5178.81 5189.39 5195.97 5197.55 5198.75 5195.55 5191.5 5189.92 5188.24 5185.87 5182.7 5180.41 5177.54 5173.06 5163.96 5150.77 5136.45 5121.87 5120.95 5124.9 5127.71 5130.94 5130.74 5133.72 5138.43 5142.9 5147.41 5154.46 5162.29 5166.04 5167.61 5169.87 5172.67 5175.95 5179.77 5183.37 5186.09 5192.75 5196.95
5147.53 5150.51 5154.5 5160.21 5162.66 5160.65 5159.84 5161.24 5165.02 5170.7 5173.65 5176.11 5176.66 5173.78 5171.62 5177.26 5180.18 5174.53 5167.85 5161.88 5156.97 5152.96 5149.98 5148.17 5148.42 5151.09 5156.49 5172.05 5187.12 5196.42 5202.44 5205.27 5202.9 5198.32 5193.66 5192.68 5191.84 5189.21 5187.32 5185.54 5182.45 5178.07 5168.79 5156.36 5143.37 5130.54 5121.7 5123.11 5126.13 5129.99 5132.62 5136.02 5139.98 5144.61 5150.47 5157.33 5162.94 5165.32 5166.95 5169.63 5173.58 5177.95 5182.65 5186.78 5190.93 5197.96 5205.39
5143.57 5147.28 5151.55 5156.62 5159.05 5158.05 5157.61 5158.6 5161.32 5165.54 5167.59 5169.45 5169.81 5167.66 5167.19 5172.41 5176.34 5173.3 5169.35 5165.8 5163 5160.78 5159.39 5159.3 5160.73 5163.69 5168.26 5180.26 5193.38 5203.1 5209.62 5211.8 5208.9 5203.21 5197.52 5198.19 5198.98 5194.54 5194.24 5191.63 5186.7 5180.5 5172.23 5162.32 5151.86 5141.63 5128.35 5125.17 5125.16 5126.73 5131.23 5135.99 5140.37 5145.2 5151.58 5159.2 5166.26 5164.23 5164.09 5168.77 5174.14 5179.52 5185.41 5190.79 5196.32 5202.93 5211.96
5140.95 5143.66 5146.82 5149.82 5151.7 5152.29 5152.46 5152.84 5153.58 5154.72 5157.78 5160.02 5161.06 5161.05 5161.8 5165.21 5168.45 5169.58 5169.07 5168.3 5167.71 5168.01 5168.57 5170.2 5172.71 5177.22 5186.99 5196.37 5202.75 5209.03 5215.51 5218.8 5215.76 5210.52 5205.42 5207 5211.1 5211.19 5205.33 5199.1 5191.51 5182.1 5175.98 5168.29 5159.19 5147.77 5135.55 5128.86 5125.34 5124.11 5128.43 5135.51 5139.84 5143.99 5148.74 5155.36 5160.39 5161.06 5162.74 5168.31 5174.28 5180.47 5187.61 5196.34 5200.93 5207.02 5213.98
5139.31 5140.08 5141.92 5143.81 5145.1 5145.81 5146.07 5146 5146.04 5146.41 5148.01 5149.53 5151.66 5154.04 5156.9 5159.44 5162.76 5165.95 5168.23 5170.03 5171.86 5174.32 5177.19 5180.59 5184.57 5189.32 5195.85 5200.05 5202.31 5208.44 5218.64 5223.73 5221.97 5218.42 5215.9 5215.6 5219.02 5224.67 5212.07 5205.57 5199.83 5190.68 5183.43 5174.36 5165.13 5154.61 5141.64 5132.77 5126.9 5124.42 5129.73 5135.56 5138.67 5141.99 5145.92 5150.24 5154.22 5157.54 5161.55 5167.69 5174.19 5180.94 5187.48 5196.5 5203.85 5210.4 5216.63
