real_craters/C154-300m.grd
DSAA
350 350
-52.395 52.395
-52.395 52.395
3703.8844657635 5707.9562318215
[rows 150 to 179 of 350, columns 67 to 133 of 350]
5112.35 5112.75 5112.76 5112.22 5112.08 5112.19 5112.51 5112.97 5113.59 5114.43 5115.35 5116.7 5118.61 5123.05 5128.57 5134.24 5139.98 5145.5 5151.92 5161.13 5164.89 5172.31 5177.49 5180.59 5181.06 5181.37 5184.17 5189.31 5190.52 5190.91 5189.27 5187.48 5185.83 5184.45 5184.22 5187.25 5190.13 5192.71 5195.18 5197.31 5199.45 5201.67 5204.19 5206.98 5208.68 5208.67 5208.27 5207.78 5207.71 5208.16 5208.9 5212.01 5218.09 5227.63 5240.67 5255.3 5270.07 5287.53 5306.35 5331.67 5368.25 5399.4 5423.75 5438.98 5439.85 5426.16 5401.33
5111.44 5111.79 5111.94 5111.96 5111.48 5111.74 5111.63 5112 5112.55 5113.27 5114.48 5116.33 5119.23 5123.06 5127.53 5132.79 5138.51 5144.56 5152.12 5162.69 5167.45 5173.96 5177.74 5179.41 5180.08 5180.63 5183.05 5187.4 5188.52 5187.93 5186.8 5186.58 5187.37 5187.89 5189.12 5191.49 5194.16 5196.79 5199.14 5201.82 5204.63 5207.72 5210.99 5214.55 5216.43 5215.44 5213.7 5212.28 5211.02 5210.42 5210.88 5212.8 5218.09 5228.75 5241.73 5257.37 5273.44 5293.65 5317.45 5350.15 5390.85 5424.44 5450.08 5469.16 5474.08 5434.54 5382.44
5109.93 5110.53 5110.51 5110.41 5110.87 5110.94 5111.23 5111.16 5111.63 5112.48 5113.71 5115.71 5118.51 5121.95 5125.86 5130.91 5136.85 5144.11 5152.71 5161.13 5165.72 5174.23 5177.59 5178.29 5177.92 5179.15 5181.83 5185.65 5186.1 5185.33 5185.23 5187 5190.27 5193.11 5195.05 5196.82 5198.76 5201.11 5203.55 5206.38 5209.45 5213.1 5217.06 5221.43 5223.91 5221.71 5219.34 5217.07 5214.89 5213.48 5213.35 5214.87 5221.36 5230.82 5243.21 5259.91 5278.04 5300.42 5325.49 5364.17 5408.13 5443.99 5469.84 5486.25 5484.61 5430.29 5364.74
5108.15 5109.34 5109.39 5112.63 5113.14 5112.96 5113.06 5112.94 5112.99 5113.33 5113.86 5114.83 5116.51 5119.43 5123.62 5128.76 5134.45 5140.29 5147.54 5154.13 5155.72 5168.65 5170.61 5171.59 5173.28 5176.36 5181.2 5186.37 5184.59 5183.85 5185.93 5189.29 5194.02 5198.91 5201.21 5201.68 5202.87 5205.19 5207.7 5210.71 5213.6 5217.72 5221.5 5225.5 5227.57 5226.46 5224.4 5221.48 5219.27 5217.81 5216.75 5217.33 5221.33 5231.19 5246.39 5263.71 5284.14 5307.9 5337.3 5380.93 5426.2 5462.32 5482.78 5486.1 5467.87 5413.66 5348.04
5106.09 5111.52 5112.17 5113.7 5114.75 5114.78 5114.61 5114.09 5113.75 5113.54 5113.45 5113.59 5113.86 5115.6 5121.15 5126.72 5132.17 5136.75 5142.21 5147.25 5147.97 5155.53 5157.31 5161.63 5166.78 5172.01 5177.8 5183.49 5186.2 5186.53 5188.31 5192.09 5197.41 5202.83 5204.92 5205.27 5206.35 5208.22 5210.7 5213.86 5217.42 5221.26 5225.34 5228.92 5231.18 5231.44 5229.18 5226.31 5223.87 5222.47 5221.54 5222.02 5225.99 5235.53 5251.15 5269.04 5290.01 5315.35 5345.53 5398.73 5452.23 5489.05 5494.66 5478.36 5444.24 5393.65 5332.67
5109.44 5112.45 5112.44 5113.21 5114.52 5114.53 5114.31 5114.06 5113.65 5113.29 5113.13 5112.88 5113.09 5114.72 5119.73 5125.29 5130.88 5136.54 5139.82 5141.85 5140.44 5142.86 5147.23 5153.57 5160.63 5167.45 5174.45 5184.88 5191.98 5191.9 5192.59 5194.51 5198.96 5204.94 5206.49 5207.08 5208.87 5211.16 5214.1 5217.09 5220.86 5224.62 5228.78 5233.43 5238.85 5236.7 5233.58 5230.93 5229.13 5227.89 5227.65 5229.42 5234.6 5245.37 5259.06 5276.12 5296.89 5322.71 5353.39 5415.21 5477.16 5517 5505.05 5471.16 5426.92 5375.74 5318.74
5109.72 5111.68 5112.96 5113.59 5113.51 5114.88 5114.4 5114.03 5113.59 5113.16 5112.89 5112.76 5113.43 5115.64 5119.06 5123.8 5128.92 5134.7 5136.42 5136.25 5135.12 5137.07 5140.21 5147.92 5155.9 5164.06 5172.43 5191.62 5198.44 5196.36 5192.52 5195.61 5198.31 5201.05 5204.61 5207.44 5210.45 5213.44 5216.67 5219.77 5223.38 5227.29 5231.04 5234.67 5237.78 5237.35 5236.58 5235.35 5233.67 5233.07 5234.13 5237.43 5244.62 5256.51 5268.31 5284.03 5303.79 5328.9 5361.62 5424.62 5487.39 5528.25 5506.46 5460.55 5410.24 5357.9 5302.46
5111.47 5112.8 5113.85 5114.63 5116.04 5116 5116.18 5115.64 5115.01 5114.26 5113.73 5113.34 5113.62 5114.8 5117.68 5121.84 5125.85 5129.43 5132.1 5132.55 5132.9 5134.09 5137.45 5145.11 5153.73 5162.59 5172.25 5185.37 5195.75 5202.14 5197.69 5198.89 5198.52 5199.29 5203.49 5207.61 5211.41 5215.08 5218.52 5221.76 5225.36 5229.01 5232.41 5235.26 5236.63 5238.68 5239.5 5239.2 5238.32 5238.48 5240.32 5244.31 5252.21 5264.13 5275.14 5290.55 5309.64 5333.34 5368.96 5424.5 5479.92 5515.94 5493.01 5443.84 5391.14 5337.51 5282.44
5114.16 5115.24 5116.03 5116.36 5118.38 5117.87 5117.43 5116.86 5116.92 5116.05 5115.38 5114.63 5113.86 5113.84 5116.42 5120.6 5124.03 5127.01 5131.6 5134.15 5134.47 5134.6 5136.91 5144.8 5153.56 5162.87 5171.53 5178.16 5191.14 5209.83 5212.24 5204.11 5200.34 5199.82 5204.27 5209.03 5212.94 5216.78 5220.15 5223.76 5226.85 5230.61 5234.09 5237.71 5242.05 5244.32 5243.12 5242.65 5242.49 5242.86 5245.09 5249.44 5256.61 5266.81 5279.38 5295.57 5314.38 5335.81 5369.11 5416.39 5459.51 5483.77 5466.17 5421.76 5368.7 5313.01 5257.72
5118.64 5119.44 5119.92 5119.89 5119.59 5119.56 5119.89 5119.08 5118.52 5117.72 5117.04 5116.6 5115.59 5115.49 5117.52 5121.39 5124.59 5128.26 5133.2 5137.04 5137.84 5136.61 5139.68 5147.85 5156.38 5164.76 5172.54 5180.99 5192.79 5201.44 5205.1 5204.85 5203.27 5203.57 5207.24 5211.07 5214.55 5217.88 5221.11 5224.5 5227.97 5231.53 5235.19 5239.31 5244.48 5246.78 5245.96 5245.49 5245.71 5246.31 5248.92 5253.38 5259.86 5269.95 5282.87 5299.44 5318.84 5339.17 5368.19 5404.36 5435.23 5450.85 5434.76 5392.07 5340.27 5284.46 5229.8
5123.57 5123.31 5123.04 5123.21 5122.58 5121.8 5121.11 5121.14 5120.31 5119.47 5119.07 5118.62 5118.29 5119.4 5121.19 5123.79 5126.05 5129.22 5134.04 5138.59 5141.69 5141.45 5145.41 5153.22 5161.08 5169.24 5176.29 5183.05 5190 5194.77 5199.71 5204.7 5207.46 5209.27 5211.29 5213.6 5216.2 5218.9 5221.72 5224.72 5227.92 5231.31 5235.06 5239.15 5243.41 5246.62 5246.82 5246.81 5247.63 5248.88 5251.81 5256.39 5262.63 5272.24 5285.57 5303.09 5322.6 5343.14 5366.19 5390.39 5410.28 5418.4 5401.6 5360.56 5308.28 5252.21 5198.83
5126.1 5126.36 5125.62 5124.83 5125.57 5124.54 5123.48 5122.46 5121.55 5121.25 5120.83 5120.66 5120.9 5122.51 5125.64 5126.31 5128.07 5130.74 5134.99 5140.53 5146.58 5149.54 5154.93 5160.58 5167.29 5175.13 5182.19 5187.99 5193.67 5195.94 5200.6 5205.68 5212.21 5214.73 5214.75 5216.01 5217.27 5219.37 5221.92 5224.48 5227.42 5230.61 5233.89 5237.55 5241.61 5245.7 5245.92 5246.59 5248.32 5250.33 5253.67 5258.33 5264.33 5273.39 5286.68 5304.68 5324.46 5343.04 5360.08 5374.47 5384.27 5384.93 5366.92 5325.87 5273.74 5216.68 5165.43
5130.77 5130.02 5129.81 5128.55 5127.4 5126.41 5124.98 5123.86 5122.86 5122.19 5121.6 5121.58 5122.14 5123.49 5125.96 5126.5 5128.01 5130.05 5132.47 5140.36 5149.63 5156.25 5160.04 5165.94 5172.51 5180.05 5188.7 5198.08 5203.18 5198.58 5197.73 5203.98 5213.12 5216.45 5216.07 5216.41 5217.7 5219.18 5221.29 5223.53 5226.27 5229.06 5232.5 5235.42 5238.09 5239.47 5242.92 5246 5248.26 5251.44 5255.15 5259.92 5265.73 5274.06 5286.7 5304.98 5324.12 5338.8 5350.86 5356.62 5357.18 5351.44 5334.26 5294.02 5239.99 5181.55 5133.39
5134.01 5133.08 5131.97 5130.87 5129.52 5128.46 5126.89 5125.76 5124.42 5123.44 5122.77 5122.36 5122.22 5121.9 5122.44 5124.41 5126.4 5129.02 5132.57 5140.02 5149.33 5156.42 5161.84 5168.9 5175.45 5183.14 5191.41 5200.54 5200.09 5195.86 5192.12 5200.35 5208.85 5213.57 5215.59 5216.81 5218.04 5220.07 5221.93 5224.08 5226.39 5228.88 5231.18 5233.7 5236 5238.7 5242.29 5245.78 5248.81 5252.33 5256.47 5261.31 5267.15 5274.74 5286.27 5305.01 5323.17 5335.29 5341.1 5338.71 5329.39 5313.33 5293.29 5262.87 5208.1 5150.1 5105.4
5136.08 5135.07 5133.61 5132.29 5130.5 5129.36 5127.93 5126.7 5125.49 5124.42 5123.48 5122.77 5122 5120.69 5119.71 5123.16 5126.99 5129.54 5133.7 5139.37 5146.85 5152.96 5160.1 5169.62 5176.32 5182.82 5189.06 5193.57 5192.68 5190.99 5193.64 5199.72 5205.74 5210.41 5213.63 5215.78 5217.75 5219.7 5221.4 5223.16 5225.42 5227.56 5229.72 5232.47 5235.49 5239.85 5242.86 5245.73 5249.38 5253.42 5257.7 5262.86 5268.9 5276.3 5287.11 5306.04 5324.66 5332.55 5333.74 5323.59 5305.27 5277.4 5250.15 5229.16 5177.07 5123.48 5082.07
5137.45 5135.63 5134.15 5132.65 5131.15 5129.52 5128 5127.18 5126.08 5124.91 5123.9 5123.09 5122.55 5121.59 5122.62 5125.21 5127.39 5128.83 5131.5 5137.13 5143.78 5151.39 5156.94 5169.02 5175.65 5181.09 5185.31 5188.28 5188.89 5190.84 5197.11 5201.24 5204 5208.84 5211.99 5214.55 5216.69 5218.52 5220.16 5222.11 5224.36 5226.91 5229.11 5231.7 5234.71 5237.91 5241.52 5245.97 5250.13 5254.67 5259.6 5265.17 5271.64 5279.03 5289.6 5309.55 5330.2 5339.01 5330.59 5313.39 5288.43 5253.95 5215.17 5192.08 5146.8 5100.07 5063.11
5136.63 5135.12 5133.49 5131.83 5131.04 5129.68 5128.06 5126.62 5125.39 5124.26 5123.55 5123.55 5122.97 5123.03 5125 5127.42 5128.1 5128.07 5129.58 5134.78 5140.8 5148.38 5156.18 5167.62 5174.16 5178.9 5182.38 5184.92 5187.32 5190.18 5196.37 5201.38 5204.68 5208.17 5210.72 5213.17 5215.96 5217.89 5219.88 5222.22 5223.93 5226.2 5228.45 5231.1 5234.19 5237.97 5242.25 5246.67 5251.18 5256.18 5261.76 5267.96 5275.01 5282.8 5293.26 5312.83 5333.26 5339.95 5328.5 5308.04 5279.79 5244.4 5203.91 5157.82 5118.84 5079.97 5047.53
5132.94 5135.49 5134.23 5132.94 5131.35 5126.43 5125.14 5124.34 5123.64 5123.29 5122.8 5122.47 5122.25 5122.05 5122.97 5125.44 5129.26 5128.81 5129.78 5133.14 5138.16 5146.28 5153.14 5165.47 5171.64 5175.83 5179.09 5181.34 5183.11 5184.53 5189.54 5196.83 5204.04 5206.64 5208.96 5211.91 5215 5217.72 5219.41 5221.63 5223.86 5225.19 5227.27 5229.94 5233.64 5238.84 5244.27 5247.59 5251.96 5257.34 5263.75 5270.88 5278.84 5287.64 5298.63 5316.73 5335.04 5339.57 5328.35 5306.73 5276.73 5239.14 5188.37 5130.01 5097.16 5063.85 5034.97
5126.13 5124.16 5122.72 5121.42 5120.64 5119.7 5119.65 5122.48 5122.06 5121.46 5121.43 5121.32 5121.95 5120.74 5121.16 5123.02 5127.08 5128.77 5129.67 5131.4 5134.73 5141.29 5146.38 5160.69 5168.37 5172.9 5176.27 5178.97 5180.44 5181.24 5185.92 5191.29 5198.31 5203.61 5206.86 5210.38 5213.5 5215.96 5218.28 5220.02 5221.96 5223.73 5226.56 5228.9 5232.53 5237.4 5242.28 5246.25 5251.9 5257.94 5265.53 5273.83 5282.93 5292.99 5304.74 5322.37 5340.5 5343.68 5331.77 5310.27 5278.01 5236.06 5179.14 5117.6 5082.83 5053.21 5025.08
5124.4 5122.73 5121.37 5120.2 5120.51 5119.64 5119.14 5119.01 5118.78 5118.17 5118.18 5118.55 5119.13 5119.62 5120.75 5122.13 5125.22 5127.89 5128.08 5128.83 5131.72 5137.23 5142.5 5153.93 5164.54 5170.12 5174.45 5178.42 5181.79 5184.84 5188.61 5191.56 5196.45 5202.53 5206.15 5209.53 5212.26 5214.59 5216.67 5219.31 5221.35 5223.05 5225.28 5227.16 5230.03 5234.25 5238.25 5243.45 5250.52 5258.32 5267.15 5276.73 5287 5298.52 5311.38 5329.27 5348.43 5350.72 5339 5318.4 5285.76 5240.1 5178.19 5114.42 5075.23 5044.37 5017.13
5122.19 5120.75 5119.72 5118.83 5118.8 5118.19 5117.16 5117.05 5116.86 5117.37 5117.32 5116.82 5117.74 5118.69 5120.78 5124.59 5125.55 5124.41 5124.68 5125.24 5127.08 5132.51 5140.74 5150.52 5161.25 5167.59 5172.82 5178.03 5183.93 5192.13 5195.06 5194.78 5198.55 5204.18 5206.76 5209.71 5212.68 5214.83 5216.49 5219.14 5221.24 5222.45 5224.05 5226.12 5228.17 5230.86 5234.64 5240.58 5248.95 5258.53 5268.73 5279.55 5290.8 5303.61 5317.9 5336.44 5356.32 5358.34 5349.86 5331.94 5302.49 5257.18 5191.35 5119.83 5071.76 5036.06 5011.46
5116.18 5115.52 5114.29 5113.7 5113.51 5114.15 5113.84 5113.91 5114.35 5114.41 5114.72 5115.24 5116.08 5117.31 5119.37 5122.45 5123.66 5121.03 5122.16 5122.62 5123.31 5128.58 5136.82 5146.01 5158.52 5165.01 5170.61 5176.42 5183.83 5195.87 5199.67 5195.81 5201.52 5207.4 5209.97 5212.29 5215.19 5217.1 5218.7 5220 5220.81 5221.78 5223.17 5224.87 5226.37 5228.57 5230.93 5237.59 5247.9 5259.15 5270.56 5282.33 5294.3 5307.71 5322.46 5340.53 5358.1 5364.65 5361.63 5349.42 5326.41 5287.46 5217.47 5131.95 5075.57 5035.12 5008.08
5111.51 5111.6 5111.39 5111.54 5111.13 5110.83 5110.39 5110.23 5110.45 5111.19 5111.67 5112.71 5113.59 5114.84 5116.49 5118.32 5121.34 5122.66 5123.09 5122.87 5122.95 5127.33 5133.97 5144.22 5155.91 5162.63 5168.18 5173.49 5180.26 5192.21 5200.38 5202.36 5208.45 5211.85 5215.76 5215.84 5217.54 5219.09 5219.98 5219.35 5220.61 5221.99 5223.3 5224.94 5226.46 5228.06 5230.62 5237.17 5247.78 5260.05 5271.95 5283.8 5296.26 5309.59 5323.88 5340.2 5360.69 5370.13 5373.1 5368.15 5352.52 5319.18 5243.01 5145.25 5084.33 5037.96 5006.86
5106.05 5106.21 5106.11 5106.8 5107.13 5107.83 5108.01 5108.28 5108.74 5109.03 5109.41 5109.56 5110.64 5112.05 5113.96 5117.46 5122.51 5124.84 5127.09 5127.51 5126.67 5129.58 5133.69 5141.89 5153.59 5160.62 5165.87 5170.61 5176.34 5186.67 5198.37 5207.21 5214.47 5216.09 5218.07 5216.85 5218.32 5219 5219.77 5220.21 5221.79 5222.98 5224.54 5225.96 5227.78 5229.48 5232.31 5238.35 5249.68 5261.77 5273.24 5284.73 5296.79 5309.72 5323.63 5340.22 5359.65 5373.57 5382.5 5384.29 5375.18 5344.76 5261.62 5155.48 5091.13 5040.24 5005.57
5102.71 5103.54 5104.75 5105.14 5105.41 5105.61 5105.86 5106.05 5105.94 5106.27 5106.79 5107.75 5108.68 5110.1 5112.17 5116.23 5125.21 5131.5 5133.01 5134.84 5136.39 5134.87 5135.7 5142.47 5153.43 5159.47 5164.3 5169.15 5175.95 5186.19 5199.12 5206.45 5214.53 5218.26 5220.09 5218.43 5219.19 5220.11 5220.72 5221.44 5222.48 5223.68 5225.23 5227.7 5230.4 5233.37 5238.02 5244.87 5254.4 5264.88 5274.88 5285.41 5296.61 5308.9 5321.83 5337.03 5355.57 5374.64 5388.62 5395.69 5391.85 5363.28 5275.53 5163.73 5095.8 5039.35 5002.41
5098.52 5099.68 5100.36 5101.04 5101.53 5101.86 5102.16 5102.02 5102.84 5103.67 5104.38 5105.63 5106.74 5108.49 5111.48 5117.41 5127.08 5134.53 5138 5139.91 5140.72 5140.2 5139.91 5143.3 5152.94 5159.33 5164.13 5168.66 5175.53 5185.83 5200.03 5207.48 5215.13 5219.96 5222.52 5221.01 5221.83 5222.94 5223.97 5222.57 5223.63 5225.07 5227.43 5230.22 5233.55 5238.47 5245.44 5253.87 5260.75 5267.55 5276.29 5285.3 5295.32 5306.49 5319.04 5333.93 5353.77 5375.48 5391.91 5401.18 5399.79 5374.45 5285.09 5177.81 5087.79 5033.38 4997.54
5095.26 5096.12 5096.83 5097.6 5097.52 5097.9 5098.16 5098.55 5099.34 5100.29 5101 5102.03 5103.75 5106.11 5110.61 5118.42 5129.6 5138.48 5141.89 5144.35 5145.86 5146.36 5146.87 5151.07 5155.12 5161.39 5165.74 5170.08 5177.33 5187.56 5208.67 5217.83 5221.51 5223.07 5224.59 5223.37 5223.2 5223.88 5224.74 5224.46 5225.89 5227.61 5229.92 5233.03 5237.36 5243.14 5251.11 5260.96 5265.55 5270.43 5276.94 5284.53 5293.37 5303.55 5315.61 5331.57 5354.8 5375.49 5391.2 5398.64 5394.06 5363.38 5281.73 5182.36 5083.09 5027.71 4993.68
5094.25 5095.15 5095.93 5096.37 5096.71 5097.11 5096.9 5097.2 5097.84 5098.46 5098.57 5099.62 5101.3 5103.62 5108.02 5116.72 5128.27 5138.91 5144.17 5148.62 5151.27 5152.91 5155.08 5159.59 5162.14 5166.27 5170.01 5173.65 5182.26 5195.05 5218.1 5225.91 5225.29 5224.27 5225.33 5224.06 5224.49 5225.37 5226.43 5226.74 5227.33 5229.17 5231.95 5234.95 5239.48 5245.82 5253.29 5261.86 5266.47 5270.17 5276.28 5282.29 5290.23 5299.77 5311.25 5328.04 5354.59 5374.48 5388.61 5392.57 5380.16 5340.68 5269 5177.31 5082.73 5026.35 4991.85
5092.34 5093.11 5093.77 5094.51 5094.98 5096.88 5097.22 5097.02 5097.35 5097.67 5098.14 5098.46 5099.73 5101.76 5104.33 5113.73 5127.5 5135.72 5144.33 5151.72 5155.79 5158.38 5161.56 5165.71 5169.03 5172.34 5176.5 5181.63 5190.6 5204.09 5221.42 5225.86 5221.5 5221.74 5223.54 5223.65 5224.98 5225.95 5225.96 5227.68 5228.45 5230.29 5232.92 5235.48 5239.75 5245.18 5252.12 5258.75 5264 5267.7 5273.49 5279.66 5286.76 5295.84 5307.45 5325.18 5351.02 5372.81 5386.39 5388.38 5372.54 5330.54 5260.8 5175.14 5085.65 5028.83 4993.37
5092.56 5093.24 5094.27 5095.26 5096.1 5096.67 5096.64 5097.32 5097.21 5097.48 5097.97 5098.19 5099.21 5101.38 5105.71 5113.99 5124.3 5133.52 5143.3 5151.64 5157.6 5162.13 5166.21 5170.27 5173.25 5177.79 5182.93 5190.04 5197.15 5206.11 5214.55 5220.86 5218.66 5220.35 5222.59 5222.64 5223.34 5223.62 5224.38 5225.85 5226.83 5229.26 5231.86 5234.39 5238.29 5242.88 5248.39 5254.44 5259.94 5263.7 5269.41 5275.45 5282.59 5291.1 5302.6 5321.77 5350.51 5372.31 5386.27 5389.09 5373.68 5330.24 5260.02 5176.35 5092.87 5034.9 4997.29
