real_craters/C154-1000m.grd
DSAA
61 61
-29.94 29.94
-29.94 29.94
2872.935968755 4893.2095735455
[rows 0 to 32 of 61, columns 0 to 60 of 61]
4235.74 4212.68 4203.01 4197.03 4193.92 4190.74 4181.56 4187.93 4194.25 4191.36 4178.33 4174.68 4176.9 4180.99 4184.75 4189.35 4193.52 4204.8 4212.75 4197.71 4176.37 4175.88 4179.73 4185.5 4189.81 4192.6 4187.28 4180.52 4177.87 4170.71 4168.9 4167.74 4163.02 4162.01 4155.76 4167.21 4162.21 4162.99 4167.94 4166.38 4163.73 4158.28 4153.33 4162.32 4180.13 4200.05 4215.57 4262.08 4274.26 4264.51 4239.36 4220.53 4220.13 4235.01 4217.78 4189.19 4187.63 4198.12 4216.89 4221.77 4195.42
4272.3 4207.94 4193.77 4188.21 4185.7 4183.48 4169.46 4178.19 4194.01 4197.97 4175.7 4173.68 4176.63 4182.84 4188.98 4197.48 4203.55 4210.44 4210.35 4200.08 4192.38 4185.49 4186.5 4187.03 4190.53 4198.14 4197.27 4186.51 4181.55 4194.29 4182.62 4170.73 4159.19 4152.35 4155.93 4168.06 4170.59 4168.1 4178.51 4170.02 4166.88 4163.42 4158.64 4165.37 4176.84 4188.62 4207.27 4231.03 4252.48 4250.85 4243.69 4231.84 4222.64 4201.96 4177.33 4160.32 4173.72 4195.73 4214.16 4190.1 4153.34
4223.16 4195.81 4180.78 4177.58 4176.01 4173.16 4162.34 4172.13 4177.4 4180.84 4173.95 4174.26 4179.17 4186.01 4194.58 4202.77 4211.55 4210.94 4208.47 4201.5 4189.34 4195.11 4188.23 4187.17 4189.59 4198.23 4205.62 4198.87 4196.48 4205.54 4202.53 4188.9 4170.01 4157.78 4161.68 4171.5 4176.73 4177.19 4163.87 4166.35 4163.67 4167.43 4169.76 4174.27 4177.78 4180.61 4184.15 4203.85 4221.48 4233.28 4230.38 4219.97 4205.99 4181.68 4173.9 4166.83 4168.06 4183.1 4197.85 4160.29 4125.92
4177.38 4167.89 4169.73 4170.18 4169.62 4170 4171.96 4161.72 4167.14 4174.95 4175.23 4177.59 4183.5 4189.97 4197.31 4204.22 4209.17 4211.2 4210.87 4205.92 4203.15 4194.25 4192.92 4191.85 4190.13 4190.94 4214.81 4214.39 4215.31 4223.31 4227.81 4214.55 4186.22 4181.27 4180.51 4181.68 4176.28 4172.35 4171.52 4173.54 4184.58 4183.85 4185.89 4187.27 4183.66 4180.03 4180.12 4206.33 4210.55 4225.92 4216.16 4204.35 4188.57 4175.04 4164.96 4148.93 4162.44 4169.7 4152.64 4105.22 4111.95
4167.45 4163.81 4165.27 4166.42 4165.74 4163.71 4165.9 4156.01 4163.4 4178.76 4177.98 4181.52 4188.64 4195 4200.37 4204.09 4207.47 4212.14 4214.35 4207.39 4200.37 4201.03 4200.74 4200.93 4200.04 4202.44 4223.53 4233.88 4240.25 4246.76 4253.87 4248.73 4220.12 4213.47 4205.77 4205.93 4194.33 4183.09 4180.17 4183.51 4189.77 4194.01 4198.14 4197.23 4190.41 4186.54 4188.99 4200.67 4201.27 4204.5 4197.44 4190.26 4185.11 4179.6 4159.68 4148.68 4169.26 4184.08 4174.25 4108.13 4100.43
4162.13 4166.66 4161.89 4160.86 4162.27 4166.36 4169.19 4175.25 4173.82 4179.42 4179.34 4183.47 4188.91 4194.61 4199.35 4203.85 4208.55 4214.37 4224.53 4230.68 4204.12 4212.8 4212.14 4214.11 4217.42 4223.5 4233.78 4252.74 4266.29 4274.77 4277.95 4270.49 4250.61 4229.57 4228.66 4222.58 4204.54 4199.8 4209.9 4216.12 4202.64 4201.83 4200.97 4198.83 4202.88 4203.64 4196.96 4183.83 4207.58 4208.84 4177.49 4180.14 4185.71 4179.61 4153.6 4158.42 4183.67 4212.76 4220.16 4110.19 4095.82
4161.46 4160.79 4157.53 4155.53 4154.67 4160.59 4169.63 4175.68 4176.32 4173.21 4178.99 4183.79 4188.21 4194.31 4200.95 4206.14 4210.43 4218.69 4230.92 4243.68 4232.85 4233.43 4224.46 4227.05 4238.3 4253.88 4273.91 4267.59 4273.66 4293.65 4298.07 4297.2 4279.98 4270.27 4254.44 4238.17 4222.78 4219.16 4217.1 4211.21 4217.41 4214.54 4212.01 4209.37 4214.7 4218.68 4223.79 4215.02 4212 4233.8 4181.11 4181.08 4178.73 4172.39 4155.92 4165.72 4197.13 4227.94 4254.21 4137.83 4098.28
4164.74 4161.71 4156.54 4151.14 4147.6 4149.8 4161.85 4163.99 4165.87 4175.02 4176.56 4182.27 4190.19 4197.55 4202.85 4208.3 4213.62 4210.19 4238.3 4244.6 4239.75 4253.64 4241.02 4240.39 4265.42 4287.92 4283.04 4274.9 4272.75 4308.83 4310.27 4296.9 4296.5 4292.14 4276.71 4260.56 4256.73 4243.63 4231.46 4220.81 4230.82 4235.71 4238.05 4246.29 4232.92 4226.04 4225.3 4239.6 4212.77 4207.48 4194.08 4190.89 4188.59 4191.68 4152.95 4168.33 4195.66 4221.64 4220.9 4225.04 4141.4
4158.57 4152.17 4147.91 4146.08 4145.89 4146.3 4147.94 4143.9 4151.36 4159.68 4167.93 4175.82 4184.4 4194.92 4205.98 4217.84 4229.48 4249.67 4256.3 4272.01 4270.74 4258.2 4260.73 4269.53 4274.76 4296.92 4323.01 4296.92 4282.07 4312.54 4317.63 4320.1 4305.58 4315.48 4294.59 4285.35 4290.83 4269.43 4248.03 4244.82 4251.38 4256.29 4254.08 4238.18 4243.26 4238.14 4213.52 4197.13 4198.77 4196.02 4192.69 4195.88 4208.56 4179.54 4154.85 4162.19 4190.15 4218.79 4226.71 4230.9 4256.69
4151.47 4143.51 4138.93 4141.8 4146.99 4148.26 4142.38 4139.43 4147.96 4142.91 4160.05 4170.02 4183.94 4193.47 4208.65 4223.42 4238.7 4257.05 4271.44 4281.91 4283.94 4263.75 4272.65 4282.68 4295.76 4308.25 4348.05 4318.39 4308.59 4289.79 4320.47 4309.78 4297.27 4298.61 4296.09 4286.89 4302.48 4285.2 4267.2 4259.38 4279.28 4281.13 4279.32 4273.88 4274.3 4266.18 4255.38 4214.46 4197.75 4214.52 4193.84 4190.85 4193.4 4168.1 4142.96 4158.74 4182.93 4208.63 4239.45 4239.26 4220.48
4148.9 4139.82 4134.47 4141.41 4144.89 4147.8 4148.23 4152.71 4162.4 4142.25 4152.18 4165.19 4179.57 4193.3 4208.36 4227.32 4246.56 4269.51 4282.21 4300.55 4299.42 4279.98 4291.3 4324.64 4322.17 4324.83 4305.29 4323.96 4315.6 4340.52 4356.47 4335.38 4308.84 4314.2 4310.42 4289.29 4274.66 4285.4 4294.36 4299.01 4305.24 4308.11 4309.66 4319.69 4306.05 4286.45 4271.43 4224.31 4228.97 4205.42 4190.12 4183.76 4180.62 4171.54 4166.92 4170.32 4172.15 4176.22 4181.99 4192.57 4177.78
4147.21 4148.7 4150.09 4149.41 4147.99 4149.47 4156.11 4164.96 4154.68 4139.55 4151.4 4168.3 4182.51 4197.25 4211.84 4229.42 4247.5 4267.41 4282.01 4287.51 4291.92 4288.96 4306.69 4317.21 4365.09 4373.59 4381.52 4387.15 4404.04 4397.25 4439.18 4467.5 4421.76 4404.35 4378.56 4319.92 4308.74 4329.71 4338.05 4338.4 4337.77 4329.28 4327.74 4319.92 4302.84 4280.52 4255.51 4236.19 4225.64 4237.92 4222.29 4202.78 4189 4183.77 4178.94 4170.56 4160.82 4150.53 4143.24 4156.82 4155.72
4149.91 4156.92 4169.61 4156.09 4154.72 4149.77 4153.83 4153.9 4144.8 4139.06 4156.24 4176.07 4191.75 4208.5 4222.69 4236.38 4249.04 4273.32 4284.45 4295.43 4288.42 4290.21 4347.18 4429.23 4448.26 4444.64 4472.58 4538.39 4501.09 4496.23 4488.44 4555.93 4566.05 4520.18 4478.41 4462.69 4442.68 4435.2 4414.46 4352.56 4355.86 4350.01 4332.75 4309.44 4286.81 4266 4227.98 4248.58 4255.31 4245.49 4231.61 4210.96 4222.62 4201.52 4176.3 4166.31 4156.29 4143.94 4143.86 4153.79 4165.64
4153.14 4156.32 4154.19 4150.57 4146.41 4148.05 4151.16 4154.31 4154.83 4149.59 4167.01 4191.35 4209.02 4219.62 4234.53 4238.82 4251.03 4259.25 4269.92 4309.43 4328.13 4377.29 4447.34 4495.74 4516.5 4436.4 4456.25 4412.11 4361.73 4281.06 4258.73 4390.14 4629.12 4541.07 4492.77 4608.87 4637.4 4687.84 4539.11 4445.2 4412.23 4391.64 4348.28 4300.38 4270.37 4262.97 4251.08 4259.93 4267.11 4254.52 4248.4 4256.9 4242.72 4206.86 4178.42 4161.9 4155.49 4151.67 4154.22 4157.35 4168.23
4163.25 4156.98 4146.3 4144.88 4146.17 4150.98 4148.09 4150.39 4145.44 4153.91 4180.22 4204.9 4225.11 4246.57 4261.61 4271.73 4277.91 4270.25 4269.91 4346.77 4395.8 4457.79 4470.57 4390.94 4305.68 4315.11 4270.76 4159.51 4204.97 4250.55 4241.59 4187.47 4217.44 4311.41 4306.38 4302.87 4470.27 4551.51 4534.91 4557.46 4494.08 4440.4 4370.2 4302.83 4265.15 4259.27 4264.28 4266.08 4275.31 4259.81 4252.72 4276.71 4230.24 4204.14 4178.77 4163.02 4156.31 4157.62 4155.73 4151.45 4150.37
4170.43 4159.65 4150.95 4146.63 4149.62 4161.26 4150.57 4162.79 4171.89 4164.31 4196.07 4223.95 4242.86 4274.23 4293.77 4312.19 4356.18 4345.72 4374.6 4496.93 4485.79 4425.36 4315.42 4220.53 4174.09 4212.59 4212.85 4275.03 4162 4066.07 4024.1 3988.53 4009.54 4077.03 4123.68 4151.05 4176.25 4143.98 4237.41 4375.43 4544.24 4432.36 4354.54 4299.89 4241.54 4276.49 4289.09 4282.57 4255.94 4235.48 4248.2 4266.43 4247.38 4216.23 4182.96 4158.15 4156.83 4150.75 4134.97 4141.67 4137.24
4162.72 4157.36 4152.86 4146.89 4144.64 4153.87 4166.8 4158.35 4167 4164.36 4202.38 4246.19 4268.61 4293.03 4322.21 4367.14 4436.29 4469.11 4515.89 4537.81 4518.16 4283.83 4179.57 4224.67 4274.79 4138.3 4103.13 4032.14 4001.84 3855.51 3673.66 3765.84 3800.22 3855.44 3950.66 4007.63 4016.5 4045.38 4167.8 4253.31 4315.64 4320.42 4305.41 4309.93 4336.63 4307.97 4301.09 4307.15 4263.38 4243.92 4250.71 4251.11 4247.17 4200.15 4176.89 4164.47 4161.51 4163.48 4152.01 4150.26 4144.17
4149.38 4148.72 4143.57 4138.27 4140.39 4145.44 4149.67 4173.69 4163.87 4171.68 4180.88 4248.67 4279.38 4329.52 4365.26 4406.19 4490.95 4561.17 4584.2 4469.64 4267.7 4245.24 4270.77 4096.4 3987.55 4003.9 3955.72 3890.97 3822.47 3830.48 3941.59 3722.56 3647.25 3696.18 3812.71 3869.78 3874.48 3917.8 4027.01 4107.01 4123.76 4165.2 4234.75 4313.31 4377.96 4363.85 4322.98 4285.76 4266.06 4245.77 4244.27 4277.47 4240.84 4190.45 4172.57 4163.04 4163.46 4171.98 4176.06 4179.72 4174.1
4137.69 4139.81 4135.39 4128.6 4147.56 4157.96 4162.13 4182.46 4192.38 4188.37 4195.24 4255.51 4286.82 4332.31 4371.41 4423.09 4505.34 4600.34 4702.87 4463.7 4301.13 4248.86 3939.83 3894.87 3963.34 3882.38 3779.91 3724.84 3614.63 3624.98 3558.39 3557.3 3561.23 3594.56 3648.99 3705.59 3694.48 3684.24 3783.42 3864.51 3850.65 3969.49 4130.77 4278.54 4388.26 4398.56 4354.19 4310.12 4312.66 4342.14 4294.7 4233.72 4194.3 4177.26 4174.25 4176.94 4170.63 4174.46 4196.36 4201.74 4088.15
4134.49 4133.72 4132.06 4133.68 4169.66 4221.65 4214.05 4202.54 4216.59 4227.31 4264.36 4311.6 4335.55 4356.17 4372.72 4401.49 4434.66 4475.64 4480.57 4356.44 4184.38 3911.15 3818.41 3880.62 3840.46 3653.88 3514.53 3401.87 3370.66 3404.46 3406.49 3390.25 3405.97 3411.74 3388.22 3449.44 3534.06 3600.77 3632.56 3713.52 3753.9 3888.2 4063.66 4241.45 4411.36 4425.77 4384.96 4336.94 4305.63 4297.67 4303.01 4259.24 4203.76 4186.87 4187.62 4191.23 4186 4190.3 4193.29 4196.32 4030.53
4130.95 4128.93 4126.07 4121.55 4181.57 4246.56 4253.95 4257.51 4250.59 4302.82 4287.35 4346.05 4350.26 4346.73 4343.74 4336.11 4327.25 4289.17 4189.65 4085.61 4002.97 3862.5 3803.53 3844.03 3459.33 3305.13 3255.29 3224.87 3254.8 3275.65 3304.22 3305.68 3307.15 3302.32 3321.21 3352.96 3417.84 3489.11 3527.82 3616.11 3713.32 3844.75 3995.64 4180.71 4375.05 4531.63 4413.06 4342.59 4329.62 4344.16 4320.48 4265.75 4218.47 4203.47 4198.03 4203.3 4202.91 4186.05 4174.78 4160.1 4170.15
4115.65 4118.05 4112.71 4111.43 4164.58 4208.63 4228.76 4278.75 4349.63 4413.92 4374.13 4383.74 4350.44 4315.9 4272.08 4227.63 4163.39 4088.97 4012.26 3924.53 3888.55 3830.5 3660.2 3459.11 3270.05 3150.07 3130.57 3158.75 3206.45 3182.84 3163.53 3223.36 3271.54 3279.32 3246.71 3262.26 3308.29 3377.26 3477.14 3537.14 3610.92 3729.77 3900.65 4082.97 4213.7 4301.23 4429.04 4418.21 4351.51 4325.26 4325.98 4262.53 4210.82 4206.34 4201.02 4194.92 4187.13 4181.65 4164.62 4153.86 4169.53
4109.49 4116.33 4112.07 4095.14 4139.17 4187.91 4204.22 4283.49 4489.71 4540.44 4444.45 4403 4344.83 4288.46 4224.85 4152.77 4059.22 3952.04 3868.04 3883.93 3745.08 3513.11 3341.16 3206.62 3116.88 3049.14 3040.25 3132.97 3213.95 3156.31 3155.49 3222.27 3282.96 3274.19 3175.12 3191.58 3217.63 3224.9 3325 3435.27 3500.6 3599.64 3807.19 3990.38 4176.12 4310.17 4445.46 4473.79 4373.76 4287.92 4300.65 4282.77 4229 4212.4 4203.96 4195.6 4184.65 4180.6 4164.48 4152.26 4171.38
4123.84 4133.37 4131.3 4120.9 4142.62 4177.98 4193.55 4239.43 4457.38 4541.89 4450.47 4397.94 4335.16 4276.13 4207.96 4116.19 4045.04 3947.92 3891.87 3854.06 3599.13 3259.89 3151.06 3069.92 3033.47 3009.26 2985.65 3154.01 3275.47 3272.2 3316.6 3360.32 3349.29 3309.45 3237.68 3202.56 3174.96 3151.8 3223.19 3338.58 3446.69 3598.5 3741.75 3899.24 4042.9 4189.75 4540.4 4540.52 4414.79 4338.11 4362.99 4304.55 4255.07 4219.34 4205.91 4201.86 4198.72 4175.17 4171.86 4173.66 4171.19
4150.52 4160.68 4161.34 4164.85 4162.21 4171.32 4184.76 4212.84 4347.23 4419.91 4385.49 4356.65 4316.4 4269.07 4223.11 4144.29 4096.79 3978.36 3897.86 3820.39 3510.62 3222.01 3092.71 3046.92 2996.88 2974.25 3038.28 3291.99 3504.2 3492.17 3516.13 3518.51 3440.4 3362.91 3337.65 3264.77 3180.22 3139.05 3141.5 3232.64 3373.95 3523.19 3673.27 3824.56 3954.49 4175.15 4436.45 4519.58 4454.82 4400.97 4374.02 4309.64 4270.69 4211.78 4206.66 4202.92 4198.79 4188.55 4177.29 4181.58 4194.82
4154.35 4165.24 4166.24 4168.06 4170.69 4169.22 4200.91 4233.7 4254.82 4284.48 4306.18 4305.07 4298.6 4272.24 4247.16 4209.9 4188.04 4114.15 3956.1 3701.99 3427.77 3223.75 3152.1 3067.66 3001.64 3014.88 3231.22 3469.43 3694.75 3696.66 3662.27 3587.81 3563.12 3543.7 3487.6 3354.6 3203.07 3044.54 3051.14 3144.95 3265.73 3405.95 3577.26 3774.88 3962.38 4123.08 4424.25 4489.41 4479.35 4425.64 4372.81 4354.21 4289.84 4226.47 4216.82 4210.18 4198.13 4189.36 4183.35 4193.73 4200.83
4151.32 4160.4 4154.85 4159.08 4176.89 4179.66 4203.18 4238.62 4240.44 4262.12 4248.87 4275.19 4265.02 4272.42 4268.69 4256.37 4257.67 4238.34 3950.15 3591.96 3386.84 3254.72 3190.91 3043.17 3025.56 3140.68 3343.94 3577.09 3828.13 3858.46 3842.4 3744.84 3715.74 3670.76 3605.38 3450.56 3281.7 3096.6 3037.01 3076.14 3169.7 3295.99 3508.16 3757.33 3961.04 4096.3 4346.47 4438.92 4460.91 4464.91 4378.72 4345.48 4282.34 4246.28 4237.46 4238.28 4206.62 4183.65 4182.35 4190.68 4193.64
4155.27 4162.39 4145.16 4156.01 4191.53 4201.87 4204.86 4231.35 4223.56 4222.31 4222.44 4249.87 4256.72 4263.82 4249.31 4254.94 4229.34 4153.62 3844.66 3562.83 3377.58 3247.52 3154.07 3031.29 3059.82 3198.13 3403.15 3565.55 3725.14 3790.95 3863.42 3964.57 3900.65 3764.84 3673.71 3545.29 3390.97 3260.36 3083.78 3033.92 3107.3 3253.97 3486.66 3771.81 4025.73 4131 4273.46 4376.1 4412.92 4397.73 4339.64 4359.58 4288.83 4264.33 4252.75 4248.46 4231.38 4195.78 4199.23 4186.99 4188
4138.05 4132.23 4134.46 4154.65 4184.31 4187.37 4187.7 4206.67 4210.49 4216.67 4212.04 4229.78 4242.37 4238.79 4225.07 4210.95 4155.99 4022.03 3758.26 3494.06 3313.55 3226.71 3137.17 3089.03 3134.27 3247.24 3383.8 3479.83 3574.72 3653.49 3788.64 4015.19 4001.61 3881.23 3803.81 3628.96 3463.2 3280.8 3053.44 2947.41 3050.32 3229.53 3469.13 3760.09 4080.85 4223.53 4308.37 4348.73 4361.2 4346.28 4339.63 4377.37 4306.79 4291.9 4260.52 4231.41 4241.05 4219.65 4206.33 4193.94 4180.76
4125.16 4130.05 4135.64 4159.9 4190.83 4180.71 4195.94 4202.24 4212.85 4224.46 4216.9 4231.03 4222.8 4195.9 4168.46 4134 4071.95 3945.33 3700.43 3433.09 3257.87 3240.4 3201.4 3168.21 3205.04 3266.73 3352.07 3377.34 3379.82 3434.85 3674.92 3887.31 3982.3 4000.41 3810.77 3644.95 3501.07 3331.94 3071.36 2946.1 3016.38 3172.9 3402.75 3708.48 3993.07 4263.15 4352.82 4360.43 4355.15 4348.9 4345.79 4317.82 4271.82 4286.98 4262.04 4247.62 4237.07 4218.24 4177.76 4181.65 4174.75
4134.05 4146.34 4140.61 4159.36 4178 4177.69 4186.52 4205.9 4223.86 4244.09 4232.04 4224.86 4194.49 4163.22 4125.14 4073.63 3997.96 3881.34 3711.82 3450.33 3253.53 3261.34 3193.16 3163.78 3210.68 3234.75 3314.68 3299.98 3261.36 3315.76 3527.42 3757.06 3910.28 3899.72 3738.68 3602.95 3496.31 3336.77 3103.13 2974.81 3021.61 3163.82 3380.95 3735.28 4062.98 4286.43 4414.1 4364.23 4339.16 4334.09 4298.44 4270.36 4245.33 4249.65 4252.05 4243.94 4248.47 4194.71 4187.38 4176.72 4170.61
4136.15 4143.69 4148.57 4164.79 4171.91 4174.16 4196.64 4215.2 4235.73 4262.6 4255.74 4231.78 4195.51 4158.42 4107.68 4047.11 3960.66 3874.38 3757.96 3517.52 3331.08 3318.69 3206.24 3135.34 3158.1 3203.58 3267.68 3262.12 3291.87 3383.46 3520.08 3758.28 3931.64 3893.19 3668.8 3536.15 3456.14 3319.05 3114.58 2960.53 3048.79 3212.93 3483.52 3774.54 4126.33 4395.38 4357.19 4341.55 4322.25 4294.69 4296.83 4278.43 4239.66 4250.82 4246.86 4251.02 4236.14 4195.25 4192.12 4192.71 4185.37
4143.52 4139.51 4138.52 4150.55 4160.23 4174.3 4205.34 4228.62 4249.61 4278.25 4271.22 4243.42 4231.13 4201.83 4159.39 4084.3 3920.72 3793.13 3725.28 3559.15 3459.91 3388.3 3293.13 3158.21 3086.68 3227.53 3252.46 3221.79 3200.31 3370.48 3491.15 3617.3 3696.21 3695.41 3556.35 3463.08 3413.08 3300.9 3149.45 3065.92 3113.66 3259.28 3477.03 3836 4216.59 4493.22 4377.29 4331.75 4324.61 4299.51 4272.61 4284.73 4263.49 4239.24 4251.59 4272.91 4252.71 4219 4193.81 4182.07 4186.97
