real_craters/C155-300m.grd
DSAA
356 356
-53.2 53.2
-53.2 53.2
3295.8578328239 5384.7487020787
[rows 240 to 269 of 356, columns 134 to 200 of 356]
4717.37 4721.83 4727.01 4733.4 4741.37 4746.6 4753.8 4761.12 4768.09 4773.88 4778.34 4782.75 4785.16 4786.19 4787.39 4787.54 4787.69 4784.28 4786.94 4787.28 4795.91 4804.17 4811.28 4813.47 4820.39 4827.96 4836.86 4840.06 4839.8 4841.74 4844.79 4849.34 4857.08 4868.57 4868.98 4860.27 4856.3 4855.29 4853.59 4845.84 4837.81 4842.71 4848.16 4850.81 4851.93 4852.22 4850.58 4850.01 4846.5 4846.41 4844.14 4841.42 4837.23 4831.07 4818.82 4798.48 4782.83 4781.57 4780.6 4779.18 4777.52 4776.99 4776.76 4776.7 4776.29 4775.3 4774.63
4714.78 4719.98 4726.51 4733.57 4742.74 4750.35 4756.92 4764.74 4769.32 4774.18 4778.12 4781.4 4785.11 4787.18 4786.62 4787.89 4789.55 4790.74 4796.4 4806.53 4809.67 4811.38 4814.61 4815.78 4821.11 4826.69 4833.13 4836.38 4837.19 4838.8 4841.17 4845.27 4851.75 4858.61 4858.91 4853.91 4849.25 4845.52 4840.19 4836.69 4833.05 4835.05 4839.3 4841.72 4842.55 4842.83 4843.47 4842.96 4840.34 4840.64 4838.89 4838.22 4833.76 4826.48 4819.6 4808.58 4799.8 4793.37 4787.29 4782.4 4779.63 4778.13 4777.29 4776.87 4776.96 4777.48 4777.83
4712.81 4719.32 4726.93 4735.17 4745.4 4756.84 4771.71 4770.19 4772.01 4775.62 4779.28 4782.39 4784.66 4786.82 4788.93 4789.8 4793.03 4796.8 4801.77 4812.39 4815.09 4814.36 4816.37 4817.44 4821.8 4824.81 4823.29 4828.72 4832.55 4833.96 4834.96 4836.63 4839.86 4843.74 4843.79 4841.26 4838.19 4834.59 4831.56 4830.47 4829.77 4830.67 4833 4834.55 4834.99 4835.45 4835.56 4834.67 4831.67 4831.87 4830.76 4829.2 4826.65 4824.12 4820.86 4814.95 4805.07 4800 4789.64 4783.39 4779.83 4778.15 4777.45 4777.4 4777.67 4780.03 4782.08
4712.96 4720.66 4728.86 4737.29 4746.72 4756.82 4765.25 4768.52 4772.93 4777.33 4781.38 4785.1 4786.74 4788.31 4790.54 4792.2 4794.48 4797.78 4800.98 4805.66 4808.29 4812.03 4815.44 4817.86 4822.73 4827.56 4829.27 4829.51 4828.89 4827.94 4826.38 4824.92 4823.92 4824.65 4825.66 4826.14 4825.91 4825.12 4823.16 4826.97 4827.39 4826.5 4827.15 4827.5 4827.91 4827.28 4827.39 4826.8 4826.06 4823.3 4822.98 4822.2 4820.02 4817.61 4818.23 4816.08 4803.39 4789.32 4783.95 4779.88 4777.16 4775.58 4775.72 4777.99 4779.96 4781.15 4784.32
4717.66 4725.96 4734.6 4742.56 4749.8 4755.27 4754.48 4764.36 4774 4781.02 4785.32 4789.11 4789.96 4791.1 4791.48 4792.69 4794.29 4796.53 4797.81 4802.36 4807.48 4807.78 4813.24 4816.71 4822.49 4829.43 4836.95 4830.18 4824.99 4821.05 4817.25 4812.75 4806.48 4802.17 4807.12 4810.83 4813.12 4816.32 4823.55 4824.73 4823.75 4820.48 4819.87 4819.97 4819.61 4818.59 4818.65 4818.62 4815.08 4811.72 4812.39 4812.33 4812.45 4813.73 4814.87 4811.24 4794.86 4775.92 4776.26 4774.8 4772.81 4771.48 4771.01 4771.99 4774.45 4776.92 4780.08
4724.8 4733.01 4741.01 4749.71 4756.4 4761.58 4763.7 4772.49 4781.47 4787.6 4791.03 4792.73 4793.22 4793.75 4793.76 4794.32 4794.87 4795.75 4794.93 4794.81 4789.7 4802.95 4810.15 4813.43 4818.97 4824.73 4826.4 4823.8 4818.39 4813.26 4808.15 4803.2 4796.69 4790.29 4794.51 4797.48 4799.72 4802.64 4807.23 4812.04 4813.55 4811.24 4810.41 4809.2 4808.42 4808.53 4809.45 4807.28 4807.11 4807.98 4807.4 4807.66 4807.07 4808.6 4809.75 4808.61 4797.61 4776.33 4774.31 4770.63 4768.2 4766.73 4765.36 4762.68 4764.94 4768.61 4771.06
4733.56 4741.57 4750.04 4758.72 4766.95 4774.97 4782.11 4789.31 4794.49 4797.6 4799.06 4798.51 4797.53 4797.31 4796.31 4795.48 4794.92 4794.34 4793.1 4796.96 4808.9 4803.45 4805.99 4808.55 4812.67 4817.17 4819.94 4814.71 4809.4 4804.39 4799.84 4796.2 4795.12 4792.27 4787.42 4785.9 4786.04 4786.11 4784.41 4791.24 4799.23 4801.34 4801.35 4801.08 4801.18 4801.29 4801.44 4801.03 4801.35 4802.66 4802.72 4803.23 4802.99 4802.39 4800.76 4797.51 4790 4771.02 4769.07 4764.58 4762.31 4761.92 4762.15 4762.25 4761.1 4760.53 4757.08
4741.56 4748.71 4759.05 4768.9 4779.33 4790.64 4798.87 4805.09 4810.58 4809.78 4807.52 4804.63 4801.13 4798.57 4796.27 4794.89 4793.34 4792.28 4790.09 4792.44 4795.09 4795.47 4798.55 4803.17 4805.18 4803.79 4803.73 4803.87 4800.12 4794.77 4789.42 4785.62 4785.47 4783.34 4776.96 4773.99 4772.91 4772.87 4774.02 4781.56 4788.04 4790.25 4791.22 4791.92 4792.63 4793.4 4794.11 4795.71 4795.76 4795.99 4795.76 4795.64 4794.4 4792.61 4789.86 4786.12 4777.46 4758.04 4757.79 4756.08 4755.5 4756.35 4758.41 4761.31 4757.57 4755.23 4756.69
4746.37 4752.99 4765.23 4776.36 4788.96 4804.61 4821.95 4835.44 4827.85 4820.56 4813.97 4808.65 4804.23 4800.62 4796.88 4793.19 4790.8 4789.19 4785.22 4783.37 4777.35 4783.76 4791.61 4797.83 4801.33 4798.45 4796.61 4796.2 4791.24 4784.45 4777.41 4770.57 4764.38 4762.71 4761.71 4760.57 4760.11 4761.07 4766.4 4780 4777.54 4778.32 4780.21 4781.72 4783 4785.06 4786.23 4787.92 4788.41 4787.84 4787.85 4786.1 4784.54 4782.36 4778.01 4771.95 4769.93 4749.98 4746.32 4746.79 4748.05 4749.82 4751.01 4751 4748.59 4744.8 4743.52
4748.85 4755.43 4765.59 4777.42 4792.53 4809.84 4830.54 4845.6 4835.32 4825.32 4817.46 4811.37 4805.55 4800.53 4796.43 4792.56 4789.4 4785.99 4782.04 4779.43 4778.69 4781.45 4786.6 4792.92 4801.41 4809.36 4802.77 4792.05 4783.16 4774.25 4765.54 4756.63 4747.19 4745.55 4747.12 4747.54 4747.88 4748.19 4748.55 4748.52 4759.96 4765.72 4769.23 4771.89 4773.94 4775.21 4776.39 4777.95 4778.97 4778.97 4778.31 4777.3 4776.22 4774.26 4770.66 4765.02 4755.94 4737.05 4737.02 4738.61 4741.77 4744.48 4745.31 4743.45 4741.32 4735.87 4734.1
4750.3 4756.78 4765.94 4777.69 4790.97 4808.56 4822.9 4831.64 4828.65 4823.02 4815.79 4809.73 4804.52 4799.51 4794.53 4790.75 4786.85 4783.5 4780.32 4777.01 4776.94 4778.29 4781.26 4786.16 4793.84 4805.39 4796.55 4784.41 4774.26 4765.04 4755.36 4746.16 4739.62 4736.61 4736.65 4737.17 4737.41 4737.49 4737.18 4741.97 4748.52 4754.16 4758.12 4761.21 4763.72 4765.38 4766.52 4767.77 4768.18 4768.07 4767.85 4767.1 4766.54 4766.35 4764.87 4759.36 4747.76 4734.94 4729.22 4732.86 4737.72 4742.1 4745.21 4744.96 4741.03 4736.13 4736.32
4749.9 4755.47 4763.6 4774.44 4786.93 4800.24 4810.92 4817 4817.04 4815.37 4811.14 4805.77 4801.18 4796.36 4792.18 4788.55 4783.76 4780.42 4777.23 4773.81 4772.41 4772.7 4774.56 4777.34 4779.15 4773.01 4777.06 4772.53 4764.41 4755.08 4745.73 4736.68 4729.9 4728.38 4728.7 4729.43 4729.87 4730.17 4731.05 4735.75 4740.05 4744.23 4748.7 4752.12 4754.6 4756.53 4757.81 4759.13 4759.84 4760.19 4760.05 4758.98 4758.24 4757.78 4758.99 4754.82 4745.77 4733.57 4727.28 4731.25 4736.7 4741.89 4745.97 4746.96 4744.26 4742.28 4743.78
4747.47 4752.29 4759.36 4769.16 4780.2 4791.29 4800.53 4801.51 4805.58 4807.06 4804.26 4800.51 4795.25 4792.02 4788.62 4785.09 4781.2 4778.07 4774.36 4770.35 4766.94 4765.34 4767.32 4769.56 4771.51 4770.91 4766.85 4761.95 4755.3 4747.55 4739.06 4729.98 4722.85 4722.63 4723.46 4724.22 4724.86 4725.39 4726.45 4725.97 4731.69 4736.73 4741.54 4746.02 4748.79 4750.85 4752.25 4753.14 4753.12 4753.1 4752.77 4751.76 4750.21 4748.09 4745 4745.26 4743.11 4734.66 4730.21 4732.95 4738.09 4742.41 4747.16 4748.02 4747.17 4747.6 4750.21
4744.58 4748.87 4755.8 4764.67 4773.65 4783.57 4792.23 4800.28 4802.6 4799.75 4796.42 4793.45 4790.03 4787.36 4784.66 4782.73 4778.9 4776.34 4773.04 4768.69 4763.77 4758.75 4762.34 4763.57 4764.22 4764.4 4758.26 4753.09 4747.45 4741.12 4734.33 4727.76 4722.41 4720.81 4720.73 4720.92 4721.64 4722.48 4724.42 4725.59 4728.12 4731.93 4736.5 4739.48 4741.5 4742.95 4743.97 4744.67 4745.04 4745.37 4744.96 4744.06 4742.23 4740.22 4736 4739.99 4745.39 4749.28 4737.12 4739.18 4742.83 4742.86 4740.69 4743.92 4747.3 4751.34 4752.58
4740.07 4742.03 4748.97 4757.38 4765.65 4773.41 4782.26 4791.66 4793.67 4788.19 4786.88 4785.66 4783.66 4782.04 4780.33 4778.82 4775.36 4773.92 4772.66 4769.69 4766.73 4762.81 4763.55 4759.93 4753.74 4749.72 4748.58 4745.29 4740.84 4735.58 4730.34 4726.72 4723.47 4720.19 4719.16 4719.16 4719.91 4720.96 4720.7 4722.78 4726 4729.21 4731.49 4733.22 4734.82 4736.13 4737.01 4737.63 4738.1 4737.99 4737.5 4737.25 4736.6 4736.08 4736.31 4738.06 4743.87 4750.01 4743.13 4752.85 4749.76 4746.33 4741.54 4741.81 4744.63 4747.96 4747.76
4725.96 4732.22 4741.23 4749.97 4756.71 4763.12 4768.33 4769.57 4768.02 4772.44 4774.28 4775.46 4776.76 4776.33 4775.96 4773.2 4772.01 4771.9 4772.3 4772.08 4773.8 4776.34 4770.81 4761.1 4749.65 4742.97 4742.55 4739.67 4735.56 4730.74 4726.07 4722.72 4720.38 4718.21 4717.54 4718.4 4719.36 4720.89 4723.12 4725.36 4727.6 4728.26 4728.71 4729.21 4729.83 4729.99 4729.84 4730.25 4730.58 4730.76 4730.94 4731.22 4731.65 4731.84 4733.78 4732.57 4732.88 4732.24 4743.63 4754.91 4752.5 4750.73 4749.56 4743.8 4739.48 4737.53 4737.81
4711.35 4725.34 4736.46 4744.8 4750.84 4754.98 4756.73 4755.94 4755.23 4760.38 4763.48 4765.84 4768.09 4769.11 4769.3 4769.63 4771.74 4770.84 4772.07 4773.24 4777.72 4782.94 4776.6 4764.64 4753.89 4745.98 4740.93 4736.64 4732.03 4727.09 4721.89 4716.83 4715.47 4715.91 4716.46 4717.29 4718.5 4720.2 4723.57 4727.05 4730.4 4726.52 4724.78 4724.4 4724.25 4725.05 4724.98 4725.13 4725.34 4725.38 4725.73 4726.14 4726.65 4726.3 4724.14 4724.68 4722.34 4721.35 4736.57 4745.72 4747.91 4749.18 4748.96 4741.72 4732.97 4727.4 4729.91
4716.66 4728.75 4738.03 4744.24 4748.01 4749.91 4749.96 4750.52 4753.42 4752.95 4755.07 4757.33 4759.84 4761.69 4763.07 4764.96 4769.5 4770.23 4771.4 4773.23 4775.33 4779.67 4775.1 4764.73 4755.75 4747.68 4740.8 4735.09 4729.85 4724.76 4719.68 4714.71 4713.81 4714.66 4715.77 4716.79 4717.9 4718.48 4718.8 4721.63 4721.71 4721.23 4720.42 4719.93 4719.52 4719.43 4719.48 4719.57 4719.92 4719.99 4720.17 4720.74 4721.83 4723.69 4723.08 4719.08 4715.73 4715.31 4732.71 4736.43 4737.96 4741.77 4743.17 4737.89 4729.46 4724.07 4727.82
4739.17 4742.26 4745.19 4746.92 4747.4 4747 4745.13 4744.27 4741.92 4744.83 4747.78 4750.62 4752.98 4754.99 4758.42 4760.68 4762.31 4766.01 4766.82 4767.58 4767.07 4767.93 4764.59 4758.82 4755.63 4747.48 4739.67 4733.45 4728.05 4723.33 4718.85 4716.06 4714.6 4714.69 4715.85 4717.05 4717.85 4717.67 4717.63 4716.66 4715.2 4715.39 4715.49 4715.42 4715.56 4715.38 4714.63 4714.4 4713.88 4713.71 4713.72 4714.24 4714.99 4718.87 4718.89 4712.88 4709.93 4711.01 4715.56 4715.76 4722.66 4730.84 4735.68 4735.02 4732.15 4728.83 4727.96
4761.35 4757.63 4754.22 4751.32 4748.65 4745.95 4742.39 4739.67 4737.61 4738.66 4741.65 4745.2 4748.54 4751.6 4754.59 4756.55 4758.2 4759.69 4760.2 4759.77 4756.87 4752.08 4746.98 4748.13 4746.96 4742.8 4737.23 4731.88 4726.59 4722.1 4717.74 4714.66 4714.2 4714.93 4716.21 4717.69 4718.95 4719.01 4716.74 4714.64 4711.47 4710.86 4711.16 4711.19 4711.07 4710.97 4710.79 4710.66 4710.11 4709.25 4708.51 4707.51 4706.19 4702.78 4703.22 4703.59 4702.63 4702.85 4699.78 4698.64 4708.94 4719.23 4727.38 4732.6 4733.85 4731.04 4725.17
4774.33 4767.09 4760.21 4754.98 4749.71 4745.2 4740.63 4736.96 4733.27 4734.19 4737.18 4740.06 4743.78 4747.4 4750.19 4752.42 4753.77 4754.29 4754.59 4753.57 4749.96 4744.07 4738.09 4740.49 4740.31 4738 4734.12 4729.51 4725.01 4721.37 4718.23 4715.16 4714.68 4715.05 4716.11 4717.88 4720.21 4723.39 4721.08 4714.5 4709.84 4708.05 4707.93 4708.05 4708.05 4707.64 4707.68 4706.86 4706.01 4704.99 4703.72 4701.94 4699.6 4696.36 4695.4 4695.76 4695.18 4693.84 4692.22 4696.5 4702.11 4706.9 4717.83 4730.8 4738.89 4733.86 4721.76
4770.09 4767.26 4762.27 4756.81 4751.17 4745.74 4740.91 4735.07 4733.15 4732.53 4733.51 4736.99 4740.09 4743.14 4744.98 4747.28 4749.37 4750.52 4750.86 4750.11 4747.94 4744.71 4742.5 4740.16 4737.32 4735.19 4731.53 4727.01 4722.46 4719.48 4719.09 4718.86 4715.12 4714.29 4715.34 4717.2 4719.09 4720.06 4718.05 4713.09 4708.02 4705.84 4705.77 4705.9 4705.93 4705.55 4704.62 4703.55 4702.31 4700.89 4699.21 4697.14 4695.1 4693.38 4691.8 4690.78 4689.81 4688.47 4688.26 4693.06 4695.67 4697.41 4709.59 4727.6 4746.25 4735.35 4718.4
4761.91 4763.76 4761.77 4757.54 4752.12 4746.33 4740.27 4734.39 4728.66 4726.18 4729.79 4734.51 4737.79 4741.15 4743.1 4745.51 4747.23 4747.78 4748.35 4748.36 4748.29 4747.81 4747.26 4744.05 4739.76 4734.64 4729.79 4724.43 4719.16 4714.76 4712.71 4712.5 4711.26 4711.87 4713.64 4715.77 4717.82 4717.11 4715.42 4711.65 4707.07 4704.6 4704.34 4704.33 4703.9 4703.34 4702.26 4701.27 4699.78 4697.89 4695.82 4693.51 4691.39 4690.14 4688.53 4687.5 4686.89 4686.02 4684.82 4684.61 4691.16 4693.83 4703.78 4716.29 4724.57 4722.93 4712.52
4760.66 4762.46 4760.9 4757.42 4752.62 4747.01 4740.82 4734.99 4728.32 4725.66 4729.35 4733.67 4736.6 4740.2 4742.99 4744.87 4746.12 4746.42 4747.41 4748.15 4748.62 4749.38 4751.32 4745.87 4740.18 4734.4 4728.19 4721.69 4715.26 4708.67 4701.75 4701.26 4705.18 4708.16 4711.3 4714.09 4716.63 4719.19 4715.41 4711.18 4706.83 4704.05 4703.95 4703.71 4703.21 4702.36 4701.08 4699.51 4697.51 4695.65 4693.39 4690.88 4687.93 4685.31 4685.53 4685.52 4685.44 4685.5 4686.56 4691.95 4695.5 4696.6 4700.46 4705.02 4706.6 4708.67 4705.2
4753.83 4757.68 4759.2 4757.03 4753.15 4748.15 4742.57 4737.56 4731.81 4728.76 4731.9 4736.26 4738.93 4741.11 4743.08 4744.52 4744.84 4746 4746.54 4747.65 4748.32 4748.46 4747.06 4744.94 4740.92 4734.22 4726.62 4719.2 4712.24 4705.41 4698.49 4697.56 4701.53 4705.22 4708.82 4712.12 4714.43 4713.94 4713.7 4711.2 4707.7 4704.67 4704.91 4704 4702.64 4701.4 4699.94 4698.44 4696.73 4694.59 4692.26 4689.88 4686.96 4683.94 4684.61 4684.69 4685.02 4685.93 4687.88 4688.57 4698.24 4698.32 4698.22 4699.97 4701.48 4701.96 4700.2
4747.43 4754.58 4758.88 4757.6 4754.32 4749.99 4745.57 4741.73 4737.44 4733.37 4737.24 4740.85 4743.22 4744.01 4745.02 4745.16 4745.92 4746.22 4746.39 4746.49 4746.82 4747.11 4747.52 4749.33 4743.29 4733.64 4724.64 4716.76 4709.97 4704.9 4702.38 4699.81 4700.45 4703.14 4706.59 4710.07 4713.17 4715.1 4713.27 4711.65 4710.35 4710.08 4706.91 4704.39 4702.22 4700.35 4698.74 4697.2 4695.43 4693.79 4691.71 4689.72 4688.71 4687.74 4685.5 4684.83 4685.04 4686.15 4688.59 4692.2 4695.09 4691.78 4694.82 4696.82 4698.14 4698.79 4700.39
4749.11 4761.75 4760.61 4757.65 4754.69 4751.73 4749.81 4747.53 4745.93 4745.62 4746.21 4747.42 4747.63 4746.99 4746.78 4746.64 4745.72 4746.39 4746.23 4745.12 4745.26 4745.17 4745.52 4749.54 4741.03 4730.07 4720.87 4713.21 4706.97 4702.31 4699.96 4698.56 4698.86 4700.96 4704.14 4707.77 4710.89 4712.22 4711.75 4710.93 4710.65 4710.71 4707.24 4703.99 4701.38 4699.08 4697.4 4695.7 4694.11 4692.58 4691.08 4689.43 4688.07 4687.08 4686.14 4685.21 4684.98 4685.7 4687.39 4690.09 4692.68 4691.74 4693.85 4694.98 4695.37 4695.7 4694.12
4743.11 4758.17 4756.83 4755 4753.79 4753.19 4752.54 4752.38 4753.5 4755.65 4754.24 4753.29 4751.83 4750.24 4748.7 4747.73 4746.92 4746.24 4744.67 4743.99 4743 4741.85 4740.52 4738.63 4730.77 4722.4 4714.88 4708.33 4702.89 4698.42 4694.92 4695.01 4696.18 4698.27 4701.22 4704.78 4708.81 4710.2 4709.05 4708.31 4708.05 4706.82 4705.13 4702.21 4699.68 4697.51 4695.99 4694.44 4692.97 4691.72 4690.57 4689.2 4689.26 4687.86 4686.1 4685.05 4684.49 4684.72 4685.17 4687.42 4693.03 4693.53 4694.76 4698.08 4696.85 4693.94 4691.94
4726.91 4738.95 4745.94 4749.11 4751.54 4752.77 4754.09 4755.81 4757.99 4757 4758.45 4758.23 4754.83 4751.66 4749.67 4747.89 4746.23 4745.35 4743.92 4743.04 4741.19 4738.16 4733.5 4721.55 4717.65 4712.45 4707.34 4702.49 4698.21 4694.9 4693.18 4692.5 4693.13 4694.91 4697.16 4699.97 4703.66 4705.13 4704.34 4704.07 4704.03 4704.72 4702.14 4699.41 4697.5 4695.7 4694.05 4692.7 4691.93 4691.22 4690.23 4688.84 4687.11 4686.93 4685.88 4685.1 4684.55 4684.27 4684.38 4685.76 4687.89 4691.75 4692.75 4694.02 4693.34 4691.73 4691.18
4713.74 4725.39 4735.58 4742.38 4746.91 4749.86 4753.02 4756.84 4761.89 4768.75 4770.04 4762.96 4756.27 4751.5 4748.43 4745.91 4744.76 4743.88 4743.4 4742.01 4739.53 4735.15 4728.86 4713.94 4706.64 4703.33 4700.11 4696.83 4693.67 4690.69 4689.15 4689.6 4690.45 4691.45 4692.66 4693.85 4694.29 4696.48 4698.36 4699.06 4698.78 4696.53 4695.64 4695.81 4694.48 4693.02 4692.16 4691.18 4690.33 4690.16 4689.84 4689.17 4687.98 4686.98 4685.52 4684.18 4683.54 4683.31 4684 4684.56 4687.37 4691.63 4688.69 4684.94 4685.94 4687.07 4690.81
