real_craters/C155-300m.grd
DSAA
356 356
-53.2 53.2
-53.2 53.2
3295.8578328239 5384.7487020787
[rows 90 to 119 of 356, columns 0 to 66 of 356]
4662.34 4664.33 4665.76 4666.45 4666.78 4667.32 4667.21 4666.18 4665.52 4664.66 4663.67 4663.38 4662.9 4663.81 4660.88 4658.47 4657.3 4657.58 4658.31 4659.07 4659.78 4660.26 4660.21 4657.56 4656.27 4655.99 4655.9 4655.95 4656.13 4656.22 4656.28 4656.33 4656.5 4656.21 4655.84 4655.19 4654.15 4652.02 4653.91 4654.54 4654.72 4655.33 4656.06 4656.9 4657.81 4659.01 4659.99 4660.88 4661.81 4662.71 4663.58 4664.41 4665.12 4665.87 4666.57 4667.2 4667.75 4668.26 4665.55 4667.37 4670.7 4674.96 4680.19 4685.35 4690.24 4695.71 4701.33
4661.25 4662.47 4663.28 4663.69 4664.13 4664.84 4665.06 4664.74 4664.35 4663.76 4662.64 4662.38 4661.89 4662.85 4660.42 4657.83 4656.45 4656.63 4657.17 4657.81 4658.38 4658.55 4658.18 4655.96 4655.15 4655.05 4655.14 4655.33 4655.55 4655.73 4655.87 4655.96 4655.96 4655.8 4655.34 4654.94 4654.7 4653.95 4654.68 4655.28 4655.32 4655.84 4656.43 4657.14 4657.76 4658.54 4659.34 4660.12 4660.89 4661.65 4662.38 4663.06 4663.73 4664.36 4664.94 4665.45 4665.89 4666.38 4664.01 4665.99 4669.13 4672.35 4677.23 4682.26 4687.46 4692.28 4697.57
4661.93 4661.73 4661.9 4662.21 4662.54 4663.17 4663.59 4663.7 4663.55 4663.13 4662.3 4661.82 4661.16 4660.27 4658.76 4657 4655.75 4655.71 4656.32 4656.93 4657.3 4657.01 4656.07 4655.22 4653.85 4653.91 4654.03 4654.24 4654.53 4654.74 4654.92 4655.13 4655.4 4655.23 4655.13 4654.83 4654.97 4654.09 4654.99 4655.61 4655.62 4655.9 4656.35 4656.89 4657.45 4658.08 4658.88 4659.53 4660.17 4660.8 4661.36 4662.06 4662.61 4663.28 4663.67 4664.06 4664.36 4664.52 4662.09 4662.56 4664.61 4668.99 4673.9 4678.61 4683.33 4688.11 4692.94
4660.85 4660.9 4660.91 4660.93 4661.35 4662.24 4662.61 4662.89 4662.92 4662.65 4662.23 4661.34 4660.47 4659.5 4658.23 4656.55 4654.66 4655.16 4655.59 4656.04 4656.41 4656.58 4654.43 4652.49 4652.76 4653.14 4653.52 4653.91 4654.28 4654.69 4654.97 4655.01 4655.24 4655.17 4655.11 4654.7 4654.69 4654.17 4654.81 4655.46 4655.83 4656.51 4657.23 4657.83 4658.45 4659.03 4659.43 4659.93 4659.8 4660.26 4660.73 4661.18 4661.73 4662.12 4662.36 4662.7 4662.94 4663.05 4660.39 4660.51 4660.98 4666.73 4671.02 4674.77 4678.71 4682.74 4686.81
4659.76 4660.35 4660.37 4660.29 4660.88 4661.81 4662.41 4662.83 4663.04 4662.72 4662.47 4661.71 4661.45 4660.4 4658.71 4657.06 4656.14 4655.3 4655.17 4655.29 4655.38 4655.3 4652.9 4651.74 4652.16 4652.68 4653.18 4653.66 4654.11 4654.61 4654.81 4655.11 4655.34 4655.44 4655.25 4654.88 4654.52 4654.15 4654.3 4654.51 4655.48 4656.43 4657.19 4657.79 4658.33 4658.77 4659.13 4659.51 4659.86 4660.01 4660.32 4660.62 4660.94 4661.2 4661.27 4661.5 4661.71 4661.94 4659.55 4661.94 4665.57 4666.39 4668.24 4671.22 4674.39 4677.71 4681.13
4660.62 4660.6 4660.31 4660.33 4660.9 4661.78 4662.4 4662.94 4663.3 4663.25 4663.16 4662.72 4662.28 4661.1 4659.27 4657.42 4655.94 4655.1 4654.76 4654.55 4654.19 4653.39 4651.55 4652.16 4652.28 4652.8 4653.41 4654.13 4654.64 4655.03 4655.44 4655.64 4655.85 4655.82 4655.92 4655.66 4655.5 4654.93 4654.59 4654.13 4655.75 4656.78 4657.43 4657.67 4657.97 4658.24 4658.47 4658.72 4659.11 4659.35 4659.61 4659.88 4660.07 4660.32 4660.42 4660.55 4660.69 4660.92 4658.88 4661.42 4663.83 4664.43 4665.43 4667.82 4670.33 4673.08 4675.84
4660.55 4660.91 4660.75 4660.26 4661.33 4662.13 4662.86 4663.5 4664.02 4664.33 4664.15 4663.74 4663.08 4661.22 4659.39 4657.54 4655.82 4654.98 4654.51 4654.02 4653.41 4652.19 4650.96 4652.04 4652.3 4652.94 4653.67 4654.37 4655.05 4655.61 4655.96 4656 4656.32 4656.78 4656.84 4656.78 4656.32 4656.09 4656.16 4656.57 4657.15 4657.56 4657.6 4657.72 4657.79 4657.88 4658.03 4658.42 4658.47 4658.62 4658.88 4659.01 4659.12 4659.31 4659.36 4659.41 4659.46 4659.52 4659.49 4658.27 4659.34 4660.57 4662.42 4664.92 4667.22 4669.54 4671.93
4661.1 4661.7 4661.87 4662.25 4662.14 4662.78 4663.57 4664.26 4664.78 4665.17 4665.22 4664.72 4663.57 4661.35 4659.41 4657.68 4656.37 4655.32 4654.45 4653.87 4653.2 4652.43 4650.35 4651.26 4652.28 4653.42 4654.32 4655.19 4655.93 4656.5 4656.86 4657.19 4657.51 4657.81 4657.79 4657.78 4658.19 4657.41 4657.97 4658.79 4659.02 4658.4 4657.86 4657.65 4657.48 4657.45 4657.4 4657.73 4657.8 4657.88 4657.99 4658.04 4658.16 4658.15 4658.12 4658.08 4657.99 4657.9 4657.45 4656.01 4655.29 4657.03 4659.68 4662.25 4664.38 4666.41 4668.09
4661.84 4662.21 4661.76 4661.86 4662.47 4663.24 4664.15 4665.04 4665.75 4666.3 4666.53 4665.98 4664.38 4661.85 4659.48 4657.72 4656.17 4654.99 4654.42 4653.9 4653.28 4651.97 4650.56 4651.43 4652.72 4654.05 4655.18 4656.09 4656.83 4657.71 4658.26 4659 4659.05 4659.09 4658.85 4658.25 4656.69 4657.67 4658.99 4661.07 4660.26 4658.76 4657.97 4657.36 4657.03 4656.8 4656.73 4657.07 4657.09 4657.16 4657.17 4657.22 4657.17 4657.1 4657 4656.91 4656.78 4656.53 4656.27 4654.87 4655.16 4656.04 4657.7 4659.92 4661.73 4663.41 4664.92
4661.14 4661.65 4661.32 4661.63 4662.6 4663.65 4664.77 4665.93 4666.93 4667.66 4667.97 4667.58 4665.7 4661.74 4659.61 4657.89 4656.43 4655.33 4654.7 4654.16 4653.72 4653.45 4652.1 4652.62 4653.98 4655.37 4656.67 4657.83 4658.61 4659.75 4660.32 4660.54 4660.8 4660.56 4660.15 4659.39 4657.75 4657.77 4658.67 4659.23 4658.89 4658.03 4657.34 4656.7 4656.34 4656.17 4656.33 4656.33 4656.31 4656.26 4656.17 4656.4 4656.3 4656.19 4655.99 4655.78 4655.39 4655.12 4654.79 4654.07 4654.14 4654.83 4656.28 4658.12 4659.67 4660.98 4662.26
4659.97 4660.55 4661.08 4661.73 4662.79 4664.17 4665.61 4667.01 4668.16 4669.12 4669.59 4669.29 4667.54 4663.27 4660.12 4658.34 4657.06 4656.23 4655.25 4654.57 4653.83 4652.8 4653.59 4654.4 4655.59 4656.97 4658.4 4659.63 4661.21 4662.17 4662.83 4663.2 4663.66 4663.13 4662.11 4661.02 4659.08 4658.08 4658.16 4658.09 4657.53 4656.76 4656.19 4655.59 4655.4 4655.09 4655.31 4655.4 4655.18 4655.26 4655.55 4655.44 4655.27 4655.1 4654.89 4654.82 4654.41 4654.1 4653.69 4653.81 4653.53 4654.36 4654.94 4656.23 4657.52 4658.84 4660
4658.8 4659.2 4659.99 4661.32 4662.9 4664.66 4666.44 4668.16 4669.64 4670.72 4671.29 4670.91 4669.1 4664.46 4660.89 4659.08 4657.63 4656.58 4655.82 4655.36 4654.53 4653.1 4654.27 4655.74 4657.24 4658.98 4660.66 4662.22 4664.36 4665.76 4666.31 4667.16 4667.34 4666.44 4664.78 4662.84 4660.15 4658.58 4657.9 4657.19 4656.3 4655.28 4654.79 4654.39 4653.94 4653.74 4654.12 4654.16 4654.13 4653.97 4654.44 4654.29 4654.12 4653.93 4653.93 4653.63 4653.03 4652.63 4652.32 4652.4 4652.04 4652.18 4653.5 4654.55 4655.44 4656.63 4657.76
4658.2 4658.85 4659.38 4660.94 4662.89 4664.96 4667.06 4669.03 4670.84 4672.24 4673.1 4672.81 4670.62 4666.26 4662.46 4660.29 4658.61 4656.74 4656.93 4656.8 4656.2 4654.52 4655.46 4657.41 4659.34 4661.31 4663.28 4665.13 4666.76 4668.11 4668.92 4671.6 4671.87 4670.37 4668.24 4665.52 4662.15 4659.65 4658.1 4656.35 4654.66 4653.78 4653.18 4652.81 4652.48 4653 4652.91 4652.83 4652.77 4653.41 4653.3 4653.16 4652.99 4652.79 4652.93 4652.01 4651.64 4651.1 4651.46 4651.03 4650.75 4651.41 4652.08 4652.99 4653.93 4654.83 4656.03
4657.82 4658.54 4659.39 4660.87 4662.99 4665.31 4667.56 4669.85 4671.95 4673.62 4674.8 4675.39 4673.18 4668.4 4664.22 4661.93 4660.36 4659.86 4658.98 4658.67 4658.43 4656.99 4657.94 4659.49 4661.62 4663.95 4666.32 4668.61 4670.83 4672.55 4673.77 4677.59 4677.13 4675.55 4672.49 4668.41 4664.78 4661.77 4659.24 4656.27 4653.65 4652.09 4651.14 4650.85 4650.27 4651.31 4651.07 4650.93 4650.87 4652.1 4652.12 4652.01 4651.87 4652.22 4651.95 4650.32 4650.04 4648.93 4649.53 4649.33 4649.08 4649.3 4650.18 4651.28 4652.87 4654.65 4655.6
4657.32 4658.65 4658.64 4660.63 4663.06 4665.74 4668.33 4670.77 4673.06 4674.98 4676.18 4676.64 4675.24 4670.46 4666.17 4663.78 4661.88 4660.25 4659.67 4660.07 4660.69 4658.49 4659.69 4661.66 4664.3 4667.08 4669.92 4672.69 4675.25 4677.48 4679.27 4680.27 4683.91 4682.42 4678.79 4673.51 4669.28 4665.44 4661.75 4657.36 4653.23 4651.15 4650.02 4649.32 4648.5 4647.84 4648.96 4648.82 4650.31 4650.24 4650.26 4650.19 4650.12 4651.02 4650.78 4647.03 4646.28 4646.7 4647.91 4647.89 4647.38 4646.8 4648.37 4650.22 4652.2 4654.11 4656.07
4656.33 4657.65 4658.06 4660.42 4663.24 4666.13 4668.91 4671.5 4673.93 4675.97 4677.27 4677.21 4675.31 4671.72 4668.36 4665.95 4663.46 4661.23 4660.22 4660.68 4661.02 4658.84 4660.94 4663.77 4666.79 4669.9 4673.21 4676.52 4679.81 4682.95 4685.51 4687.34 4691.98 4690.93 4687.05 4679.28 4675.5 4671.13 4665.89 4659.9 4654.39 4651.2 4649.65 4648.52 4647.52 4646.59 4646.88 4646.53 4646.4 4646.4 4648.1 4648.11 4649.59 4649.48 4644.53 4644.39 4645.47 4645.3 4647.11 4647.21 4647.12 4647.14 4648.44 4650.12 4651.82 4653.85 4656.1
4654.9 4655.51 4657.09 4660.46 4663.64 4666.71 4669.68 4672.3 4674.84 4676.87 4678.24 4677.85 4674.06 4672.69 4671.16 4668.68 4665.32 4661.96 4660.09 4660.62 4661.73 4660.68 4662.9 4665.87 4669.35 4672.93 4676.71 4680.52 4684.47 4688.17 4691.6 4694.75 4700.92 4701.61 4698.89 4692.28 4685.82 4678.92 4671.53 4663.8 4656.82 4652.54 4649.91 4648.09 4646.75 4645.72 4645.82 4645.4 4645.17 4646 4646.09 4646.17 4646.33 4647.83 4643.27 4643.29 4645.31 4645.12 4646.46 4647 4647.33 4649.08 4649.77 4650.11 4651.93 4654.44 4657.48
4653.85 4655.12 4658.06 4660.95 4664 4666.88 4669.73 4672.47 4675.66 4677.54 4678.7 4677.32 4673.35 4674.62 4674.87 4672.21 4667.54 4662.83 4659.77 4660.17 4660.47 4661.53 4664.72 4668.26 4671.97 4675.83 4679.88 4684.06 4688.43 4692.89 4697.53 4702.16 4710.02 4713.67 4714.15 4708.64 4698.14 4687.74 4677.86 4668.4 4660.57 4654.81 4650.98 4648.33 4646.52 4645.36 4644.49 4644.83 4644.62 4644.42 4644.72 4645.74 4645.84 4643.9 4642.58 4645.49 4646.18 4645.39 4645.65 4646.3 4647.26 4647.43 4647.57 4649.57 4652.16 4654.59 4657.47
4653.18 4654.49 4658.37 4661.82 4664.97 4668.08 4670.92 4673.62 4675.86 4677.49 4678.5 4677.82 4676.35 4677.39 4679.34 4675.61 4669.56 4664.07 4660.44 4660.63 4661.42 4662.81 4666.9 4671.01 4675.03 4679.2 4683.76 4688.2 4692.96 4697.67 4703.04 4708.43 4718.36 4724.81 4728.09 4722.78 4708.16 4695 4683.19 4672.3 4663.34 4656.46 4652.02 4648.83 4646.48 4645.28 4644.09 4643.58 4643.33 4643.23 4643.53 4644.56 4644.8 4642.8 4642.94 4646.89 4646.83 4645.89 4645.97 4646.46 4646.9 4647.11 4647.44 4649.57 4652.28 4654.6 4657.16
4653.11 4654.68 4659 4662.92 4666.37 4669.3 4672.17 4674.61 4676.83 4678.29 4678.55 4677.73 4677.63 4678.37 4679.55 4676.29 4670.37 4665.19 4661.49 4662.7 4664.67 4667.88 4670.83 4674.77 4679.1 4683.54 4688.23 4694.49 4699.33 4704.01 4709.07 4715.07 4725.4 4732.04 4735.5 4728.37 4713.84 4699.72 4686.93 4675.06 4665.29 4657.62 4652.57 4649.18 4646.89 4645.04 4643.94 4642.76 4642.34 4642.69 4642.34 4643.04 4643.42 4643.39 4644.51 4646.74 4646.93 4646.05 4645.12 4647.39 4647.47 4648.59 4649.53 4650.93 4652.63 4654.67 4656.95
4653.58 4656.3 4660.49 4664.57 4667.99 4670.82 4673.65 4675.98 4677.97 4679.46 4680.66 4678.74 4677.54 4677.61 4676.96 4674.09 4669.91 4666.45 4664.37 4666.34 4668.34 4671.28 4674.91 4679.5 4684.26 4689.05 4693.91 4699.85 4704.67 4709.22 4714.2 4719.17 4724.81 4734.36 4738.94 4730.52 4715.61 4701.86 4689.07 4676.84 4666.12 4657.23 4652.56 4649.06 4646.8 4644.89 4643.68 4642.57 4642.09 4641.86 4641.39 4642.2 4642.22 4642.67 4644.11 4645.75 4645.4 4646.02 4645.19 4646.56 4648.53 4649.9 4651.81 4651.78 4652.7 4654.44 4656.24
4654.25 4657.02 4663.03 4666.89 4669.79 4672.43 4675.15 4677.38 4679.2 4680.49 4680.74 4679.61 4678.45 4676.99 4674.14 4670.87 4668.86 4667.29 4667.1 4666.01 4666.81 4671.81 4678.59 4685.03 4690.82 4696.13 4700.97 4705.68 4704.57 4709.31 4712.65 4717.52 4722.31 4730.79 4732.58 4725.35 4713.19 4701.34 4689.58 4678.12 4666.95 4657.6 4652.36 4649.31 4646.79 4644.66 4643.45 4642.5 4641.96 4641.67 4641.41 4642.24 4642.22 4642.45 4643.09 4644.52 4645.23 4646.04 4646.16 4646.55 4649.36 4650.08 4650.33 4651.53 4652.46 4653.84 4655.1
4655.29 4659.14 4664.66 4668.41 4671.43 4674.02 4676.54 4678.95 4680.73 4682.03 4682.58 4681.18 4681.1 4678.13 4673.6 4669.78 4668.95 4668.35 4667.5 4666.83 4667.62 4674.29 4677.29 4680.51 4683.61 4687.2 4691.44 4696.36 4701.55 4703.42 4709.2 4714 4717.42 4723.06 4719.33 4716.04 4708.55 4699.45 4689.21 4678.57 4667.94 4659.42 4652.89 4649.6 4646.73 4644.53 4643.73 4642.73 4642.03 4641.98 4641.93 4642.22 4642.58 4642.51 4643.32 4644.06 4644.93 4646.3 4646.76 4647.24 4650.17 4650.18 4650.88 4651.75 4652.35 4653.35 4654.21
4655.84 4659.41 4664.67 4669.03 4672.35 4675.42 4678.09 4680.64 4682.69 4684.54 4686.75 4692.75 4688.82 4681.53 4675.19 4671.21 4672.16 4673.84 4672.14 4669.67 4672.99 4678.16 4676.5 4673.92 4673.01 4674.56 4678.09 4683.75 4690.7 4698.16 4705.33 4711.13 4713.39 4717.15 4710.82 4709.23 4705.32 4698.2 4689 4678.94 4668.63 4659.96 4653.54 4648.56 4644.94 4642.19 4643.2 4642.06 4641.32 4641.92 4642.09 4642.28 4642.72 4642.73 4643.43 4644.23 4645.21 4646.11 4647.07 4647.7 4650.79 4650.48 4651.68 4651.99 4651.98 4652.31 4652.68
4656.75 4660.19 4665.54 4669.93 4673.24 4676.14 4679.21 4681.94 4684.57 4687.97 4695.94 4707.55 4693.94 4683.93 4676.16 4671.7 4677 4685.27 4687.88 4684.42 4694.21 4687 4673.07 4662.53 4658.3 4659.18 4663.91 4670.49 4679.73 4689.92 4701.33 4709.69 4714.61 4717.53 4709.57 4709.64 4705.92 4698.62 4689.35 4679.37 4668.98 4659.86 4653.7 4648.88 4645.29 4642.19 4640.38 4638.99 4638.11 4641.48 4641.56 4641.74 4643.23 4643.73 4644.25 4644.65 4645.51 4646.37 4647.31 4651.14 4650.8 4650.62 4650.7 4650.98 4651.3 4651.42 4651.51
4658.4 4661.96 4666.44 4670.61 4673.9 4676.86 4679.96 4682.67 4685.34 4687.91 4689.59 4690.21 4688.87 4683.39 4676.74 4671.1 4681.19 4697.95 4716.56 4724.13 4734.09 4687.98 4654.75 4638.41 4634.07 4636.93 4644.36 4658.47 4670.15 4683.11 4696.7 4709.84 4721.31 4731.53 4720.83 4719.01 4710.48 4700.45 4690.02 4679.74 4669.41 4660.69 4654.51 4650.07 4646.73 4644.08 4640.61 4639.05 4638.17 4637.91 4637.88 4638.5 4644.06 4644.48 4645.67 4645.57 4646.32 4647.14 4651.27 4651.19 4650.99 4650.59 4650.15 4650.25 4650.54 4650.87 4650.93
4658.71 4662.53 4667.08 4671.1 4674.32 4677.22 4679.93 4682.87 4685.13 4686.72 4685.5 4683.61 4683.53 4682.38 4678.65 4675.57 4682.62 4696.17 4716.56 4730.07 4681.89 4635.41 4608.93 4601.16 4604.3 4613.17 4637.43 4649.78 4663.83 4678.69 4694.96 4712.05 4734.32 4758.74 4756.5 4732.44 4715.23 4701.72 4690 4679.48 4669.5 4661.45 4655.44 4650.85 4647.38 4643.93 4642.05 4640.84 4638.15 4637.95 4637.97 4643.53 4644.07 4644.45 4645.29 4645.97 4646.71 4651.18 4651.28 4651.27 4651.18 4650.83 4649.95 4649.81 4650.38 4650.91 4651.19
4660.35 4663.74 4667.76 4671.52 4674.53 4677.48 4680.08 4682.46 4684.34 4685.58 4683.66 4681.06 4681.28 4681.28 4680.55 4679.64 4678.91 4672.78 4650.13 4564.81 4516.15 4533.35 4550.2 4566.35 4589.04 4604.75 4621.53 4637.85 4654.14 4670.83 4687.87 4705.97 4729.88 4755.08 4753.55 4731.78 4713.85 4699.82 4688.06 4677.86 4668.43 4661.3 4655.97 4650.64 4646.98 4644.1 4642.34 4641.3 4639.53 4639.26 4639.45 4642.25 4642.6 4643.09 4644.83 4645.85 4651.07 4651.18 4651.41 4651.54 4651.59 4651.51 4650.85 4650.19 4651.51 4651.92 4651.9
4662.41 4665.27 4668.43 4671.54 4674.53 4677.19 4679.43 4681.21 4682.7 4683.19 4679.7 4678.54 4679.92 4681.64 4683.08 4683.07 4676.3 4651.65 4590.52 4441.72 4396.37 4453.14 4504.69 4539.8 4565.05 4590.73 4610.48 4626.79 4643.34 4660.21 4677.12 4694.95 4711.93 4723.34 4726.24 4716.95 4705.27 4694.03 4683.78 4674.56 4665.79 4658.65 4652.74 4648.77 4645.76 4643.33 4641.62 4640.73 4639.58 4639.43 4639.84 4637.04 4636.1 4637.19 4643.4 4650.38 4650.67 4651.12 4651.52 4651.84 4652.23 4652.65 4653.12 4654.53 4653.91 4653.4 4652.71
4664 4666.47 4669.32 4672.16 4674.85 4676.66 4678.52 4680.47 4680.77 4680.39 4677.82 4677.25 4678.76 4681.46 4684.44 4687.83 4683.84 4655.14 4589.29 4439.07 4372.32 4434.93 4492.3 4535.09 4560.28 4584.53 4603.2 4623.85 4637.66 4653.1 4668.81 4682.36 4693.3 4698.95 4703.9 4699.17 4693.17 4685.55 4677.59 4669.83 4662.49 4655.11 4649.35 4645.85 4643.16 4641.08 4639.66 4638.85 4637.51 4637.46 4637.53 4634.08 4635.63 4636.76 4649.46 4649.93 4650.33 4650.8 4651.44 4651.98 4652.76 4653.7 4654.87 4655.68 4655.87 4654.95 4653.7
