real_craters/C155-500m.grd
DSAA
214 214
-53.2 53.2
-53.2 53.2
3296.5152247389 5359.3320830833
[rows 60 to 89 of 214, columns 134 to 200 of 214]
4792.29 4795.29 4787.26 4766.43 4764.37 4761.25 4758.66 4756.53 4752.91 4747.92 4751.72 4755.94 4758.75 4760.91 4761.03 4762.37 4759.48 4760.73 4762.2 4763.76 4765.26 4766.58 4758.7 4748.71 4747.63 4750.62 4752.63 4753.15 4750.02 4748.23 4749.33 4750.16 4751.86 4755.52 4760.83 4764.87 4769.61 4774.58 4776.1 4777.08 4782.72 4797.3 4830.16 4921.85 5055 5168.73 5098.42 4981.19 4877.71 4804.94 4768.48 4748.87 4736.52 4729.59 4728.16 4726.65 4726.05 4724.75 4718.82 4709.97 4700.78 4706.05 4708.13 4705.94 4699.86 4693.62 4686.65
4792.07 4796.95 4788.12 4770.76 4765.26 4762.16 4760.26 4758.81 4758.13 4757.27 4755.23 4755.43 4756.49 4756.92 4756.67 4754.46 4752.43 4752.39 4755.07 4757.57 4758.53 4756.21 4751.66 4746.82 4742.84 4741.64 4735.32 4733.06 4739.16 4740.92 4741.49 4742.3 4743.52 4746.39 4750.63 4754 4760.35 4767.45 4765.22 4766.37 4770.49 4781.7 4804.27 4862.31 4923.62 4915.19 4922.16 4879.47 4795.13 4760.99 4757.65 4749.82 4743.32 4740.21 4739.32 4740.28 4738.96 4729.48 4720.87 4712.73 4704.07 4711.49 4711.45 4706.92 4701.16 4695.42 4688.58
4801.33 4791.65 4779.58 4772.25 4766.99 4763.54 4763.15 4762.72 4762.83 4762.18 4759.02 4756.56 4755.51 4754.34 4753.18 4751.42 4742.81 4745.27 4749.89 4753 4753.89 4751.66 4746.62 4741.47 4738.1 4736.32 4734.14 4732.41 4733.76 4735.37 4735.81 4735.96 4736.19 4736.43 4736.26 4743.22 4747.34 4751.92 4759.95 4757.81 4759.63 4767.41 4789.15 4819.23 4838.73 4834.22 4826.26 4811.7 4783.83 4768.75 4760.65 4755.35 4749.03 4746.03 4747.31 4746.64 4743.01 4730.99 4725.86 4728.88 4740.64 4726.49 4718.24 4711.35 4703.66 4696.84 4689.3
4818.52 4792.09 4771.87 4767.32 4767 4765.99 4765.07 4764.56 4764.08 4763.19 4760.19 4757.23 4755.81 4753.26 4750.51 4745.92 4741.11 4744.15 4747.21 4749.7 4752.48 4752.03 4743.28 4737.37 4734.83 4734.8 4732.13 4731.26 4730.74 4731.12 4731.32 4730.87 4729.67 4728.98 4730.81 4735.17 4742.92 4752.26 4753.75 4755.08 4750.67 4750.08 4750.22 4754.56 4777.47 4771.65 4773.17 4772.75 4775.68 4776.48 4767.24 4765.32 4764.32 4758.51 4750.51 4740.79 4731.49 4727.27 4726.35 4731.29 4734.15 4729.77 4722.97 4715.57 4708.14 4700.43 4692.14
4820.13 4791.76 4770.87 4767.45 4765.23 4767.36 4766.77 4765.78 4764.81 4762.28 4760.25 4757.88 4755.67 4752.95 4750.32 4747.3 4747.87 4747.19 4745.59 4745.55 4745.03 4742.32 4738.05 4732.69 4729.9 4728.77 4732.56 4730.64 4729.28 4728.55 4727.25 4726.55 4724.95 4723.88 4723.44 4729.83 4737.18 4743.77 4747.11 4746.43 4743.01 4736.33 4725.36 4720.43 4736.64 4728.57 4737.49 4743.65 4746.33 4749.09 4758.72 4772.08 4785.32 4776.37 4756.83 4738.76 4727.35 4720.39 4722.4 4726.82 4730.32 4730.51 4726.43 4719.1 4711.53 4703.53 4695.67
4813.2 4789.98 4770.38 4766.76 4770.62 4769.53 4768.52 4765.92 4764.63 4761.99 4759.09 4757.27 4754.5 4752.57 4750.69 4749.12 4749.77 4746.64 4743.21 4741.12 4740.12 4737.71 4733.98 4729.67 4725.92 4721.59 4729.99 4728.29 4725.97 4724.55 4723.32 4722.31 4721.27 4720.55 4722.2 4726.96 4733.97 4740.4 4742.3 4740.33 4736.61 4727.61 4718.27 4716.06 4712.66 4712.08 4719.82 4723.61 4723.84 4724.11 4745.8 4766.76 4788.41 4777.81 4754.99 4729.02 4707.01 4710.84 4717.83 4725.63 4735.34 4736.2 4730.61 4723.95 4716.89 4708.33 4699.43
4805.56 4791.04 4779.07 4782.2 4778.09 4774.04 4769.63 4764.06 4756.08 4757.52 4757.67 4756.48 4754.41 4752.35 4750.69 4748.31 4743.96 4741.31 4739.05 4735.97 4732.2 4730.35 4729.21 4727.59 4724.34 4724.45 4721.6 4722.65 4722.39 4721.18 4719.9 4718.82 4718.36 4718.56 4719.84 4724.73 4731.59 4735.75 4739.13 4739.89 4735.39 4726.44 4716.18 4706.52 4708.8 4710.29 4711.88 4714.02 4717.41 4724.27 4737.39 4751.18 4758.64 4752.56 4733.64 4718.89 4707.74 4708.26 4714.86 4723.9 4736.86 4739.3 4733.39 4727.25 4719.97 4711.74 4703.1
4802.1 4794.68 4792.09 4789.49 4783.66 4776.73 4771.33 4767.38 4762.48 4759.07 4757.86 4755.79 4753.91 4752.19 4750.6 4748.53 4745.09 4740.25 4736.27 4732.99 4730.24 4729.15 4722.61 4720.99 4720.31 4718.18 4717.65 4717.8 4718.08 4718.09 4717.42 4716.88 4716.35 4717.31 4720.54 4726.34 4733.93 4739.05 4743.94 4745.07 4738.64 4726.94 4715.91 4710 4710.97 4705.42 4707.13 4710.65 4715.94 4720.86 4731 4736.89 4735.95 4732.13 4722.56 4712.53 4708.49 4707.43 4713.15 4721.61 4730.18 4733.04 4733.55 4730.13 4724.42 4716.64 4707.38
4802.94 4792.92 4790.2 4799.3 4784.37 4776.44 4772.17 4770.1 4767.01 4762.44 4758.12 4755.27 4753.05 4750.93 4750.25 4749.68 4750.52 4741.15 4734.11 4730.45 4726.92 4732.17 4741.15 4731.04 4719.94 4713.48 4714.96 4715.69 4714.82 4715.73 4715.18 4714.48 4714.81 4716.94 4720.38 4728.07 4741.41 4753.21 4759.56 4756.99 4745.58 4730.52 4715.21 4702.33 4695.85 4697.1 4702.86 4707.49 4713.69 4724.86 4725.67 4726.86 4729.63 4723.84 4717.32 4710.75 4703.16 4703.14 4712.32 4721.66 4729.32 4731.98 4736.55 4735.37 4729.7 4721.37 4711.87
4806.53 4794.33 4785.78 4779.21 4775.25 4771.98 4770.16 4770.79 4768.57 4762.1 4757.17 4753.63 4750.79 4749.61 4748.14 4746.53 4743.71 4733.84 4730.69 4728.79 4728.47 4729.78 4731.59 4728.07 4721.2 4718.32 4716.89 4714.02 4712.77 4713.25 4713.67 4713.58 4714.04 4715.63 4719.59 4729.45 4749.21 4773.07 4786.31 4772.91 4754.69 4733.76 4713.02 4694.79 4691.56 4694.06 4699.31 4703.77 4707.97 4708.65 4712.2 4715.4 4715.38 4718.08 4719.15 4712.3 4702.12 4702.16 4716.14 4727.9 4737.63 4743.14 4745.41 4743.22 4735.84 4726 4714.91
4812.98 4802.81 4789.54 4774.86 4768.49 4766.58 4766.01 4767.82 4764.83 4759.45 4754.37 4751.21 4748.95 4745.84 4743.95 4741 4736.68 4730.37 4728.19 4726.78 4726.39 4724.88 4719.53 4721.92 4719.9 4715.31 4713.25 4713.11 4712.91 4712.34 4711.88 4712.28 4712.99 4714.71 4718.52 4728 4753.45 4781.86 4795.85 4785.14 4763.55 4739.84 4715.21 4690.57 4688.99 4694.49 4699.85 4703.71 4705.89 4706.9 4708.6 4710.67 4711.6 4713.04 4714.04 4712.22 4710.04 4714.88 4725.86 4739.27 4752.53 4757.1 4760.22 4751.56 4740.78 4729.35 4717.28
4822.22 4810.42 4794.3 4776.56 4766.6 4763.24 4761.82 4761.66 4758.8 4754.43 4751.19 4748.37 4745.04 4742.7 4739.43 4735.79 4732.11 4729.91 4725.64 4721.68 4720.13 4721.65 4721.5 4718.39 4714.66 4713.62 4713.26 4712.31 4711.44 4710.55 4709.55 4710.86 4712.36 4714.62 4718.98 4726.48 4752.54 4782.17 4808.38 4787.09 4766.02 4745.57 4724.03 4700.67 4693.93 4700.46 4704.05 4705.57 4706.36 4707.71 4709.47 4709.05 4708.4 4708.31 4709.28 4711.08 4714.94 4722.53 4736.05 4750.42 4768.73 4790.22 4778.33 4760.02 4744.14 4729.32 4716.81
4836.44 4821.29 4804.8 4784.93 4771.12 4762.97 4757.31 4751.93 4750.24 4749.91 4747.99 4745.33 4742.84 4739.79 4735.26 4730.34 4726.09 4723.18 4722.11 4716.99 4715.98 4718.78 4720.3 4717.08 4711.98 4714.93 4715.16 4713.55 4712.72 4711.56 4710.37 4710 4710.73 4714.29 4719.84 4731.8 4747.17 4764.37 4767.11 4770.81 4761.97 4750.45 4739.02 4725.48 4713.06 4713.92 4712.83 4710.5 4707.83 4706.57 4707.34 4707.24 4705.78 4703.58 4702.12 4705.16 4719.33 4734.02 4744.92 4754.41 4767.9 4781.78 4772.53 4757.05 4742.24 4729.03 4716.36
4847.99 4836.41 4816.97 4794.93 4777.44 4766.26 4757.2 4748.33 4747.18 4747.78 4746.84 4744.55 4741.17 4737.25 4732.87 4727.21 4721.61 4720.04 4723.15 4720.1 4717.31 4716.28 4716.04 4717.21 4722.23 4718.9 4716.12 4714.51 4713.11 4711.53 4710.55 4710.3 4710.82 4712.94 4717.25 4724.64 4734.98 4746.91 4756.03 4757.4 4755.34 4752.21 4751.32 4759.59 4743.36 4731.51 4723.2 4715.33 4708.28 4701.08 4694.07 4698.88 4700.58 4699.49 4699.23 4704.21 4720.06 4745.24 4743.67 4748.6 4755.12 4756.46 4752.84 4744.47 4732.32 4721.43 4710.65
4854.68 4841.9 4824.15 4804.44 4787.7 4771.03 4761.18 4756.48 4750.59 4748.96 4747.47 4745.5 4741.99 4737.61 4732.04 4727.01 4721.29 4718.11 4725.73 4728.27 4724.4 4719.4 4717.22 4717.47 4713.56 4717.73 4717.56 4716.74 4715.98 4715.33 4713.85 4710.55 4710.57 4710.98 4713.01 4715.95 4723.35 4733.43 4739.77 4744.15 4746.23 4746.7 4748.75 4750.38 4748.81 4740.79 4731.23 4720.2 4709.76 4699.68 4696.83 4690.5 4694.87 4697.56 4698.88 4703.05 4710.82 4714.66 4726.88 4736.88 4742.21 4744.48 4740.71 4730.88 4719.84 4711.25 4703.4
4861.45 4853.59 4829.79 4808.59 4788.05 4774.19 4762.58 4754.62 4754.82 4753.12 4751.1 4747.74 4743.57 4738.59 4733.46 4728.65 4724.47 4723.8 4727.31 4727.78 4727.21 4723.57 4720.96 4721.1 4723.72 4719.5 4719.3 4717.85 4717.12 4716.24 4715.17 4713.54 4711.87 4711.25 4709.93 4712.35 4717.39 4723.61 4730.79 4735.4 4737.42 4738.48 4737.92 4738.03 4745.71 4746.74 4735.77 4724.04 4712.02 4700.36 4690.74 4689.22 4696.49 4700.13 4702.16 4701.25 4710.31 4712.29 4720.68 4728.73 4729.59 4730.6 4725.97 4712.07 4705.24 4698.93 4694.65
4856.07 4847.44 4830.14 4809.24 4789.27 4776.99 4769.47 4764.01 4762.73 4760.55 4756.76 4752.34 4747.07 4741.9 4736.88 4732.14 4728.21 4725 4728.05 4733.28 4730.63 4727.99 4722.04 4718.29 4720.75 4722.64 4721.09 4720.34 4719.25 4717.89 4715.69 4713.37 4711.58 4709.96 4708.73 4707.3 4708.55 4717.21 4721.75 4725.88 4731.25 4732.73 4731.04 4733.91 4755.13 4751.53 4738.03 4726.01 4714.53 4704.4 4696.7 4694.76 4700.02 4706.36 4712.81 4720.83 4726.78 4732.27 4733.46 4727.38 4717.42 4702.23 4685.16 4689.56 4689.57 4688.44 4686.46
4859.8 4848.1 4832.99 4812.27 4789.56 4785.81 4784.57 4780.92 4775.03 4769.45 4763.61 4757.45 4751.97 4745.83 4740.34 4736.07 4732.47 4731.54 4732.85 4731.95 4730.25 4727.12 4719.99 4712.28 4715.07 4721.21 4720.58 4719.97 4719.23 4717.14 4715.24 4713.28 4711.46 4709.25 4707.8 4708.08 4712.33 4714.75 4719.55 4724.02 4729.99 4732.78 4734.9 4745.03 4748.39 4743.18 4735.97 4726.46 4715.95 4707.44 4700.49 4698.77 4705.67 4713.37 4724.7 4740.02 4747.3 4748.42 4743.99 4727.79 4710.43 4691.36 4677.47 4677.38 4677.96 4678.19 4678.43
4884.73 4864.21 4841.66 4822.42 4808.81 4803.73 4804.47 4798.65 4789.34 4780.19 4771.78 4764.64 4758.06 4751.58 4746.13 4741.86 4737.52 4735.01 4738.6 4735.37 4729.83 4722.78 4717.53 4711.03 4711.5 4718.28 4721.17 4721.66 4721.37 4719.72 4717.58 4715.14 4712.03 4709.15 4707.08 4706.45 4708.97 4713.4 4720.58 4728.41 4732.88 4737.31 4743.49 4765.58 4749.99 4739.34 4734.28 4725.55 4715.69 4708.23 4704.97 4707.51 4708.79 4715.5 4727.3 4744.61 4750.42 4747.35 4741.08 4725.9 4706.74 4688.76 4677.5 4671.89 4671.28 4670.94 4670.37
4875.2 4863.52 4850.18 4833.09 4817.57 4817.1 4824.47 4816.67 4802.69 4790.9 4780.92 4772.97 4765.81 4758.34 4752.05 4745.97 4740.52 4737.19 4737.92 4740.14 4733.22 4725.62 4720.45 4717.18 4713.73 4720.14 4723.41 4723.99 4723.01 4720.91 4717.49 4714.63 4711.88 4708.9 4706.57 4704.91 4703.9 4711.46 4721.43 4730.94 4735.37 4741 4749.06 4755.38 4751.06 4743.81 4734.93 4723.94 4713.1 4703.43 4694.8 4697.03 4703.77 4710.5 4718.52 4725.39 4730.95 4738.25 4738.52 4721.17 4700.9 4683.62 4670.57 4665.81 4664.84 4665.2 4664.99
4884.18 4878.04 4866.61 4848.05 4830.14 4828.92 4845.18 4825.37 4810.29 4798.86 4788.73 4778.78 4770.92 4762.89 4755.9 4751.13 4745.59 4740.41 4736.7 4742.82 4737.36 4730.13 4727.03 4722.81 4732 4730.89 4729.56 4727.05 4724.28 4721.26 4718.18 4714.94 4710.93 4708.6 4706.1 4704.59 4707.16 4711.4 4718.91 4727.66 4732.64 4739.46 4745.04 4748.14 4750.51 4749.61 4736.12 4722.68 4710.42 4699.53 4689.28 4688.6 4694.66 4700.78 4705.84 4707.7 4709.55 4721.32 4728.51 4708.02 4690.49 4676.28 4666.27 4661.41 4660.38 4661.38 4663.25
4922.91 4914.83 4891.78 4865.8 4846.19 4832.88 4816.38 4818.03 4810.46 4801.43 4791.82 4782.62 4773.35 4765.22 4757.85 4751.69 4747.63 4746.68 4751.59 4753.2 4741.36 4735.76 4735.42 4741.03 4743.25 4739.58 4734.68 4731.02 4726.03 4722.17 4718.43 4712.64 4709.18 4706.3 4705.55 4704.71 4706.32 4709.37 4714.27 4716.99 4727.45 4737.57 4743.59 4744.62 4746.71 4749.35 4733.34 4720.93 4708 4695.92 4688.34 4682.88 4687.23 4692.19 4695.42 4698.71 4703.78 4697.77 4686.94 4683.53 4676.75 4668 4659.79 4656.36 4657.41 4658.92 4663.55
4995.46 4962.16 4922.56 4881.66 4841.57 4810.1 4809.05 4811.18 4807.56 4800.35 4791.4 4782.01 4773.6 4765.01 4757.18 4750.91 4746.6 4746.84 4750.97 4743.13 4740.28 4738.13 4739.56 4742.64 4749.93 4743.74 4738.13 4731.82 4726.53 4721.73 4718.68 4714.09 4710.35 4707.08 4704.73 4703.52 4704.06 4707.36 4712.88 4716.77 4725.68 4738.06 4747.26 4745.13 4741.91 4728.96 4728.2 4720.33 4706.08 4690.9 4677.73 4678.6 4682.8 4685.13 4686.29 4685.57 4674.15 4677.54 4669.94 4667.97 4666.53 4662 4656.95 4654.23 4655.14 4658.73 4662.14
5052.6 5002.57 4950.33 4899.96 4851.14 4819.71 4814.75 4809.99 4803.78 4796.05 4787.8 4779.25 4770.07 4761.61 4754.07 4745.91 4741.27 4740.3 4735.26 4741.63 4739.35 4738.95 4742.26 4746.03 4745.28 4742.44 4737.93 4733.02 4727.69 4723.32 4718.83 4715.54 4711.26 4708.58 4705.2 4703.17 4702.29 4706.19 4717.21 4726.29 4737.33 4739.51 4734.82 4744.24 4748.25 4745.93 4740.48 4724.53 4705.56 4688.51 4679.63 4682.59 4680.8 4680.04 4679.36 4677.38 4675.31 4670.53 4665.19 4663.65 4662.77 4659.43 4655.92 4654.63 4655.18 4659.04 4663.22
5064.4 5016.1 4965.57 4916.95 4871.06 4833.17 4825.8 4816.86 4809.43 4802.78 4793.18 4784.81 4776.12 4768.17 4759.05 4749.86 4741.34 4734.92 4731.78 4743.15 4739.08 4738.97 4742.48 4745.68 4743.83 4740.95 4737.09 4733.65 4730.25 4725.99 4721.61 4717.74 4713.07 4710.12 4706.59 4703.87 4704.2 4710.02 4721.96 4743.78 4755.07 4746.32 4747.96 4751.78 4757.74 4768.01 4755.25 4727.51 4703.69 4684.5 4674.65 4675.31 4676.36 4676.25 4675.04 4673.11 4670.15 4669.51 4670.42 4669.47 4663.1 4658.44 4655.13 4654.41 4655.23 4659.85 4665.31
5030.55 4998.96 4964.37 4928.58 4893.5 4860.38 4833.71 4820.58 4813.3 4805.57 4797.65 4791.12 4782.28 4773.02 4762.32 4752.08 4741.9 4733.42 4732.43 4743.27 4738.86 4736.55 4735.53 4736.2 4738.6 4738.22 4736.59 4732.74 4729.78 4725.96 4721.71 4719.46 4715.36 4711.31 4707.62 4705.38 4704.52 4706.31 4718.08 4727.06 4730.46 4738.75 4746.4 4751.5 4754.27 4758.35 4745.61 4719.97 4697.99 4679.62 4670.05 4671.38 4673 4673.87 4673.09 4670.88 4667.51 4667.71 4670.66 4668.9 4661.44 4657.03 4653.23 4652.1 4654.9 4660.25 4666.08
4980.88 4978.03 4964.67 4945.62 4920.41 4877.57 4839.59 4825.16 4814.77 4804.54 4798.48 4788.45 4780.75 4769.98 4760.83 4753.56 4743.4 4736.88 4734.55 4735.59 4737.65 4732.83 4733.27 4735.99 4736.23 4736.47 4735.02 4733.3 4729.65 4726.43 4722.89 4715.48 4711.88 4711.99 4710.36 4707.51 4706.44 4710.15 4716.08 4722.93 4725.01 4724.34 4743.06 4744.91 4740.59 4732.07 4718.5 4703.13 4689.48 4677.76 4672.09 4672.13 4673.32 4673.74 4672.29 4669.98 4667.96 4665.52 4661.27 4656.45 4656.85 4655.75 4653.17 4652.55 4655.51 4661.15 4666.94
4940.06 4966.69 4968.31 4962.59 4951.45 4938.11 4847.55 4831.89 4815.67 4800.34 4791.76 4781.6 4772.84 4765.35 4761.79 4753.46 4745.59 4737.57 4731.93 4731.08 4726.59 4726.42 4726.71 4732.47 4734.14 4733.64 4732.32 4729.58 4726.94 4723.76 4720.98 4718.14 4714.1 4711.86 4707.03 4708.15 4708.23 4707.24 4716.29 4725.09 4731.29 4729.26 4739.95 4736.96 4725.02 4706.38 4685.55 4686.3 4682.33 4676.96 4674.87 4676.44 4677.31 4675.24 4672.29 4669.09 4665.53 4661.44 4656.62 4653.32 4654.62 4655.52 4654.57 4653.71 4656.84 4662.56 4668.78
4962.72 4971.79 4971.81 4966.65 4950.42 4919.65 4884.62 4852.02 4826.29 4806.54 4792.1 4786.45 4777.42 4770.74 4768.21 4762.01 4756.6 4748.36 4740.35 4736.61 4729.04 4724.98 4718.08 4725.48 4730.69 4731.23 4730.1 4728.59 4726.83 4724.39 4722.04 4719.88 4717.43 4714.97 4712.24 4711.39 4712.82 4716.34 4723.28 4730.47 4738.26 4743.91 4741.12 4729.13 4713.21 4695.28 4682.56 4678.64 4678.71 4680.67 4679.94 4679.71 4679.1 4677.54 4673.36 4668.46 4663.21 4658.38 4655.77 4654.16 4656.49 4658.61 4658.64 4657.35 4659.06 4663.84 4671.87
4978.65 4955.46 4959.99 4968.02 4958.06 4940.34 4918.61 4864.54 4826.12 4801.87 4786.66 4781.92 4774.61 4771.09 4769.89 4767.55 4768.16 4765.89 4756.35 4749.06 4748.92 4735.84 4721.46 4731.13 4732.08 4730.9 4731.2 4731.51 4729.58 4727.37 4725.11 4725.29 4722.5 4719.01 4717.87 4717.12 4717.82 4721.34 4725.6 4733.49 4741.77 4747.46 4735.7 4719.92 4704.07 4689.39 4680.7 4675.67 4675.6 4676.86 4680.56 4684.02 4685.59 4681.81 4675.23 4668.5 4662.54 4658.98 4658.56 4658.3 4662.75 4664.88 4664.22 4661.18 4663 4667.3 4672.14
