real_craters/C155-500m.grd
DSAA
214 214
-53.2 53.2
-53.2 53.2
3296.5152247389 5359.3320830833
[rows 120 to 149 of 214, columns 134 to 200 of 214]
5065.77 5098.79 5109.23 5075.45 4927.17 4906.27 4888.27 4869.88 4850.27 4823.58 4799.63 4779.76 4767 4760.38 4744.12 4726.97 4721.13 4719.95 4720.42 4731.44 4748.78 4764.36 4775.92 4782.35 4779.77 4774.52 4772.29 4769.88 4766.93 4763.53 4759.77 4755.69 4752.51 4747.34 4740.64 4731.43 4717.66 4697.54 4684.83 4683.42 4679.28 4671.9 4668.09 4662.53 4654.38 4652.48 4654.2 4652.54 4646.93 4639.94 4635.97 4635.17 4637.74 4639.27 4639.91 4639.47 4641.4 4649.6 4656.69 4659.51 4655.61 4644.01 4635.68 4624.53 4629.63 4635.7 4639.28
5155.37 5131.31 5073.05 4982.41 4910.53 4892.06 4877.08 4860.76 4842.35 4818.75 4797.66 4778.15 4763.24 4752.73 4743.53 4739.12 4728.56 4722.98 4721.25 4725.07 4737.46 4749.86 4759.08 4763.3 4761.47 4759.52 4759.16 4758.14 4755.7 4753.08 4750.01 4746.51 4744.14 4739.19 4733.31 4726.37 4720.23 4723.34 4710.19 4694.01 4684.58 4679.47 4671.38 4660.77 4652.51 4647.97 4647 4645.87 4641.24 4636.05 4631.79 4633.37 4637.37 4641.14 4645.06 4647.53 4649.45 4655.36 4656.32 4653.21 4646.05 4640.14 4633.55 4629.26 4633.76 4638.23 4640.23
5181.55 5134.43 5047.22 4946.43 4921.94 4905.5 4879.37 4854.84 4832.45 4809.81 4789.5 4771.82 4756.28 4742.31 4738.39 4738.16 4731.04 4724.23 4718.89 4722.29 4732.15 4741.82 4747.17 4747.13 4744.88 4749.73 4750.29 4749.65 4748.27 4746.24 4743.58 4740.29 4736.67 4732.18 4727.32 4722.27 4718.76 4719.63 4711.57 4698.18 4687.23 4678.52 4670.15 4661.02 4652.24 4648.74 4645.01 4643.03 4639.04 4634.53 4631.35 4632.83 4638.01 4644.05 4649.76 4658.04 4665.47 4665.29 4658.63 4651.62 4644.76 4639.56 4640.4 4647.49 4647.79 4645.19 4643.7
5191.03 5131.19 5034.3 4936.08 4930.04 4912.06 4877.78 4848.02 4822.69 4798.53 4780.68 4763.79 4749.47 4737.75 4731.26 4725.18 4728.37 4728.89 4725.2 4726.18 4732.55 4738.31 4742.54 4746.28 4751.56 4745.25 4743.13 4741.73 4740.07 4737.89 4735.16 4731.9 4727.93 4723.89 4719.91 4716.65 4715.19 4713.07 4707.89 4698.33 4688.18 4678.27 4668.49 4662.98 4657.65 4649.88 4647.99 4644.85 4640.02 4636.16 4633.68 4634.31 4637.95 4643.68 4651.53 4661.85 4673.37 4667.42 4658.1 4650.48 4644.47 4641.15 4645.95 4655.89 4656.52 4650.72 4647.8
5215.17 5129.54 5023.83 4920.74 4884.09 4887.96 4864.89 4836.66 4808.03 4788.09 4772.77 4756.71 4741.85 4732.97 4728.61 4730.41 4730.45 4735.95 4741.06 4736.21 4734.82 4736.77 4740.06 4744.08 4742.25 4738.24 4735.46 4733.35 4731.33 4728.53 4725.43 4722.2 4718.98 4715.93 4713.18 4711.46 4709.87 4707.25 4702.4 4696.22 4688.39 4678.96 4669.8 4668.1 4666.12 4663.96 4655.35 4648.41 4643.82 4638.87 4635.06 4633.78 4636.89 4641.88 4648.27 4655.36 4660.19 4658.55 4652.94 4647.26 4643.28 4641.7 4644.68 4649.87 4651.67 4651.4 4650.63
5214.28 5116.58 5011.26 4911.51 4869.17 4869.32 4849.36 4825.38 4805.33 4786.47 4767.45 4752.64 4737.01 4728.4 4727.52 4724.46 4729.86 4736.63 4735.86 4735.74 4734.43 4734.72 4736.09 4736.48 4730.76 4731.22 4731.2 4730.03 4727.95 4725.31 4722.32 4719.15 4716.82 4713.43 4709.99 4706.64 4700.65 4699.14 4698.22 4693.56 4687.33 4682.87 4685.59 4671.89 4665.15 4662.1 4660.83 4655.97 4649.64 4642.24 4636.04 4632.53 4634.3 4637.56 4642.17 4646.59 4648.54 4647.15 4645.79 4643.68 4641.05 4638.72 4641.2 4645.15 4647.94 4650.96 4651.33
5179.92 5083.12 4986.73 4899.42 4859.44 4854.01 4828.89 4806.69 4788.32 4772.62 4759.13 4754.29 4747.4 4740.94 4739.65 4736.68 4729.43 4721.61 4727.17 4729.46 4730.23 4731.58 4732.46 4732.11 4731.85 4730.49 4730.22 4729.17 4727.08 4724.31 4721.16 4717.85 4714.92 4711.57 4708.32 4705.34 4702.79 4701.87 4698.16 4692.95 4686.68 4678.98 4667.37 4668.38 4669.63 4666.45 4670.51 4667.44 4658.69 4647.28 4636.56 4629.39 4629.39 4632.88 4636.91 4639.56 4638.72 4638.16 4640.67 4640.44 4639.69 4639.58 4641.81 4645.53 4650.11 4652.5 4653.47
5100.87 5030.35 4951.4 4878.32 4816.83 4809.33 4802.76 4785.58 4759.81 4738.46 4749.62 4757.02 4765.29 4755.36 4742.93 4737.25 4732.69 4727.03 4719.71 4723.71 4726.75 4728.84 4729.99 4730.18 4729.09 4732.38 4731.75 4730.35 4728.06 4725.15 4721.84 4718.29 4714.09 4710.64 4707.55 4705.58 4704.16 4701.61 4699.38 4695.48 4689.77 4681.49 4671.75 4677.12 4689.7 4692.23 4694.35 4684.5 4669.53 4653.24 4637.32 4626.96 4626.31 4628.43 4631.31 4635.28 4638.27 4640.65 4638.99 4639.4 4639.4 4638.4 4640.33 4647.07 4650.53 4656.26 4658.67
5007.68 4970.38 4918.28 4866.86 4831.81 4800.45 4791.79 4775 4755.33 4743.53 4748.75 4758.68 4762.55 4755.85 4738.43 4733.25 4735.48 4735.09 4724.75 4722.86 4724.1 4726.09 4728.46 4730.77 4732.95 4734.25 4733.06 4730.47 4727.27 4723.89 4720.4 4716.78 4714.51 4710.68 4707.1 4705.29 4704.73 4704.63 4701.43 4698.9 4695.96 4693.02 4690.33 4694.99 4705.14 4731.56 4721.71 4699.21 4678.14 4657.06 4639.74 4625.96 4624.05 4626.08 4629.03 4631.92 4635.46 4632.28 4637.83 4639.89 4641.31 4643.27 4647.14 4655.19 4662.64 4664.44 4664.88
4950.34 4917.35 4882.42 4850.63 4831.93 4816.43 4793.27 4772.89 4756.9 4749.04 4749.98 4758.17 4769.21 4756.67 4746.89 4734.8 4731.51 4731.1 4725.12 4720.04 4719.72 4722.67 4725.89 4730.31 4735.95 4737.71 4736.18 4732.31 4728.59 4725.06 4721.62 4719.59 4715.95 4711.99 4707.32 4703.49 4704.88 4703.5 4702.22 4701.25 4702 4704.79 4710.1 4710.12 4713.94 4723.19 4721.86 4704.17 4680.65 4659.36 4641.16 4628.2 4624.28 4624.63 4626.99 4631.48 4636.41 4637.79 4639.15 4640.57 4643.55 4648.8 4658.92 4665.81 4674.31 4674.41 4668.58
4919.29 4882.45 4852 4824.78 4800.59 4796.25 4785.27 4769.34 4756.32 4745.4 4748.78 4751.43 4748.87 4746.39 4737.79 4725.67 4714.56 4712.52 4711.97 4713.54 4715.77 4719.14 4722.98 4727.63 4734.63 4747.37 4736.33 4731.35 4727.25 4723.44 4719.88 4716.61 4713.55 4710.13 4705.26 4697.33 4694.33 4698.56 4700.92 4702.96 4705.45 4710.09 4717.12 4702.45 4686.1 4716.65 4724.77 4702.22 4679 4659.36 4643.12 4630.51 4627.6 4628.35 4629.57 4633 4639 4641.17 4640.92 4641.41 4643.3 4647.59 4658.78 4664.51 4679.28 4675.4 4665.73
4879.65 4850.86 4823.58 4799.91 4780.98 4774.79 4768.61 4762.27 4757.7 4755.35 4755.81 4753.22 4744.79 4740.49 4731.28 4714.7 4695.35 4690.01 4700.81 4706.32 4710.37 4715.06 4719.07 4722.96 4725.55 4725.71 4729.58 4727.93 4724.85 4721.36 4717.94 4715.15 4712.76 4711.03 4708.54 4699.66 4691.54 4695.69 4696.87 4699.57 4702.59 4710.44 4715.96 4705.97 4690.06 4709.18 4712.24 4685.9 4668.89 4655.71 4644.72 4636.25 4632.9 4633.77 4634.91 4636.79 4641.16 4642.74 4642.91 4641.01 4639.73 4639.56 4638.45 4647.14 4654.86 4656.44 4654.95
4837.09 4817.25 4796.7 4779.03 4765.07 4752.28 4749.31 4753.18 4757.71 4765.23 4767.01 4762.84 4754.25 4739.08 4725.81 4712.4 4701.16 4696.36 4697.29 4701.52 4706.56 4710.97 4714.96 4718.67 4722.08 4725.47 4724.78 4724.53 4721.7 4717.98 4714.22 4710.93 4708.79 4708.79 4713.02 4722.43 4711.1 4694.29 4691.41 4693.42 4695.92 4704.1 4709.44 4710.67 4696.56 4673.33 4652.91 4658.25 4655.5 4650.82 4646.3 4643.67 4642.52 4639.91 4638.47 4639.04 4640.73 4646.68 4643.82 4638.85 4636.7 4634.34 4631.26 4635.4 4640.28 4643.44 4643.67
4800.75 4785.37 4769.59 4755.17 4747.33 4740.88 4738.53 4744.04 4750.31 4760.91 4764.21 4761.26 4753.88 4736.1 4720.18 4713.23 4703.67 4694.97 4695.84 4699.54 4703.74 4707.34 4711.08 4714.91 4718.92 4719.4 4724.48 4721.86 4718 4713.78 4709.51 4705.5 4702.19 4700.47 4702 4709.27 4683.15 4680.15 4679.92 4682.55 4686.47 4693.41 4696.46 4697.2 4680.97 4657.49 4638.66 4643.15 4645.75 4645.71 4646.11 4649.2 4648.59 4642.99 4641.9 4641.31 4639.8 4636.84 4635.03 4636.23 4636.13 4634.04 4630.87 4630.73 4632.76 4632.5 4634.98
4777.08 4764.08 4748.3 4736.27 4721.15 4713.04 4731.6 4731.93 4734.52 4737.51 4740.46 4745.77 4745.11 4741.69 4731.57 4718.22 4708.52 4698.43 4697.63 4698.08 4701.17 4704.21 4707.74 4711.37 4716.67 4726.14 4722.63 4717.98 4713.23 4708.38 4703.33 4698.04 4692.53 4686.34 4677.27 4657.02 4655.84 4662.71 4667.51 4671.34 4674.5 4678.31 4679.32 4677.66 4666.09 4651.1 4639.75 4639.01 4640.29 4640.45 4640.91 4641 4640.09 4641.14 4642.01 4642.33 4640.32 4634.26 4632.06 4637.21 4639.7 4638.98 4637.34 4636.83 4632.63 4631.27 4629.55
4766.94 4752.63 4735.97 4719.11 4705.26 4695.94 4711.26 4713.38 4715.76 4715.92 4717.23 4731.5 4732.8 4730.16 4725.54 4717.1 4712.55 4709.78 4701.5 4699.91 4701.27 4703.05 4705.15 4707.46 4710.22 4715.15 4715.46 4711.49 4706.94 4701.81 4696.21 4689.97 4682.85 4674.14 4662.84 4651.75 4647.67 4651 4656.07 4659.21 4660.96 4660.88 4659.01 4653.23 4650.99 4645.83 4644.17 4640.78 4638.63 4637.7 4636.59 4635.21 4634.72 4639.58 4644.13 4647.15 4648.04 4643.03 4636.91 4648.18 4648.4 4645.44 4643.81 4641.53 4630.63 4624.3 4624.76
4756.32 4743.73 4727.3 4709.7 4696.91 4689.19 4684.36 4692.97 4699.65 4706.2 4714.95 4718.16 4720.11 4714.23 4713.59 4711.21 4703.56 4700.23 4698.98 4698.29 4699.06 4700.01 4701.2 4701.89 4702.27 4700.65 4704.91 4704.93 4701.6 4696.62 4690.54 4683.56 4675.61 4666.46 4656.01 4645.8 4644.08 4644.69 4646.38 4647.51 4648.27 4646.86 4643.09 4638.98 4638.35 4639.19 4641.16 4638.49 4634.86 4635 4633.94 4633.67 4634.54 4640.06 4647.71 4655.26 4662.77 4671.96 4681.9 4672.55 4660.55 4649.11 4637.88 4628.4 4623.54 4622.52 4621.49
4745.08 4731.86 4717.55 4702.2 4688.35 4674.34 4670.34 4678.4 4687.14 4695.9 4704.01 4703.74 4712.84 4725.18 4714.96 4707.97 4702.36 4696.37 4695.98 4696.56 4697.06 4697.71 4698.23 4698.62 4698.34 4699.15 4699.77 4700.13 4697.23 4692.28 4686.15 4678.92 4670.91 4662.23 4653.87 4646.76 4642.25 4640.66 4640.73 4640.95 4640.51 4638.92 4634.93 4630.34 4631.1 4632.49 4631.85 4632.48 4632.5 4633.35 4633.15 4633.54 4637.07 4641.3 4651.72 4663.01 4675.78 4692.67 4708.34 4688.83 4668.73 4650.71 4632.98 4618.54 4616.09 4615.71 4617.29
4737.98 4723.47 4710.49 4696.96 4685.15 4675.9 4669.63 4671.99 4678.47 4684.48 4690.36 4698.17 4702.93 4701.83 4705.23 4702.68 4695.48 4693.52 4694.68 4695.26 4695.56 4695.92 4696.26 4696.55 4696.97 4698.12 4700.57 4697.42 4692.55 4686.6 4679.76 4672.5 4665.12 4657.85 4650.71 4645.2 4641.73 4639.91 4638.94 4638.31 4637.36 4636.26 4633.54 4630.85 4630.4 4629.5 4630.21 4631.45 4632.5 4631.98 4631.8 4632.94 4632.32 4642.57 4655.21 4668.29 4681.26 4692.6 4692.3 4686.76 4670.73 4651.32 4631.16 4616.42 4613.01 4614.78 4616.37
4732.4 4719.95 4706.72 4694.81 4685.92 4680.19 4672.46 4670.2 4673.23 4676.62 4679.75 4693.14 4699.37 4700.18 4702.52 4700.45 4698 4696.14 4695.43 4695.49 4696.24 4696.41 4696.49 4696.55 4696.94 4698.48 4700.07 4695.44 4688.88 4682.43 4675.58 4668.43 4661.28 4654.77 4649.53 4644.9 4640.59 4638.43 4637.08 4635.98 4634.9 4634.35 4635.18 4631.45 4626.14 4629.47 4631.1 4632.49 4633.21 4633 4633.52 4634.52 4639.16 4645.16 4657.83 4670.48 4682.26 4690.57 4693.36 4685.03 4670.84 4652.63 4633.12 4617.41 4612.63 4614.4 4615.76
4725.22 4714.82 4704.87 4695.91 4687.44 4681.26 4674.91 4671.94 4672.15 4673.73 4677.07 4685.39 4697.59 4705.1 4702.57 4701.69 4703.4 4699.29 4696.62 4696.14 4696.12 4696.25 4695.66 4695.55 4695.62 4695.49 4694.75 4692.26 4687.01 4681.04 4674.37 4667.08 4659.49 4652.07 4646.27 4640.85 4638.74 4637.22 4635.93 4634.57 4633.42 4632.38 4631.34 4632.19 4633.75 4632.75 4633.45 4636.05 4635.19 4634.24 4635.21 4637.12 4639.25 4646.63 4659.94 4672.04 4683.17 4690.39 4690.13 4684.93 4672.86 4654.17 4634.88 4618.73 4612.6 4613.42 4615.34
4716.63 4709.24 4701.95 4694.54 4687.52 4681.33 4676.87 4674.84 4673.04 4673.97 4676.26 4682.86 4689.44 4694.87 4696.37 4698.21 4696.75 4696.7 4695.06 4694.13 4694.09 4694.2 4694.48 4694.76 4694.79 4694.28 4695.21 4689.69 4685.87 4680.64 4674.15 4666.77 4658.72 4650.12 4641.55 4636.67 4637.07 4636.5 4635.36 4633.83 4632.29 4630.73 4629.29 4631.25 4634.82 4633.17 4631.97 4630.5 4634 4635.36 4637.3 4640.38 4644.36 4650.57 4662.63 4673.01 4683.67 4693.07 4698.61 4695.26 4678.06 4656.37 4635.79 4617.84 4611.01 4612.86 4614.93
4709.28 4705 4699.42 4693.34 4686.89 4680.81 4674.97 4673.76 4673.22 4675.23 4678.83 4683.18 4681.74 4683.05 4687.06 4688.35 4689.71 4692.6 4693.81 4693.69 4693.93 4694.34 4694.83 4695.25 4695.45 4694.3 4692.26 4689.12 4686.28 4681.13 4674.59 4667.31 4659.46 4650.83 4640.88 4637.58 4638.31 4637.36 4635.78 4633.52 4631.39 4629.7 4630.98 4630.13 4630.32 4631.36 4631.14 4630.89 4634.29 4636.2 4639.19 4644.02 4651.82 4660.1 4663.95 4671.29 4681.01 4692.71 4708.24 4708.72 4679.63 4655.6 4635.69 4619.45 4612.95 4612.76 4614.39
4704.94 4701.59 4695.92 4691.16 4686.67 4682.16 4680.41 4669.06 4672.27 4677.08 4682.4 4688.47 4684.47 4682.61 4683.06 4684.18 4690.04 4690.29 4690.64 4691.18 4691.8 4692.56 4693.68 4694.65 4695.68 4695.71 4694.38 4693.14 4689.13 4682.87 4676.44 4669.53 4662.55 4655.98 4653.24 4647.11 4642.69 4639.33 4636.58 4633.77 4631.02 4627.56 4624.88 4627.67 4630.64 4631.48 4632.4 4635.14 4637.05 4638.28 4639.3 4643.6 4649.27 4654.22 4659.37 4665.95 4673.21 4681.02 4688.15 4684.11 4666.02 4648.83 4633.78 4620.37 4613.45 4613.07 4613.22
4700.3 4697.45 4693.86 4689.76 4685.58 4682.15 4680.47 4671.61 4672.87 4678.01 4684.05 4686.23 4689.56 4686.41 4683.16 4683.47 4686.41 4686.78 4687.76 4688.76 4689.8 4690.93 4692.06 4693.62 4695.71 4698.95 4706.48 4703.08 4692.92 4685.16 4678.38 4672.15 4666.27 4660.7 4657.53 4653.48 4646.43 4641.13 4637.21 4634.24 4631.69 4629.14 4625.07 4626.89 4627.72 4628.62 4631.18 4635.48 4635.91 4636.26 4637.78 4640.31 4642.9 4642.98 4651.35 4657.22 4662.24 4664.44 4659.72 4645.98 4646.3 4639.73 4630.68 4621.27 4617.2 4614.48 4615.3
4697.54 4694.47 4691.29 4687.88 4683.97 4679.9 4673.39 4671.15 4674.92 4677.96 4679.04 4677.6 4678.92 4681.31 4680.72 4681.1 4681.81 4683.4 4684.89 4686.13 4687.53 4688.91 4690.31 4692 4694.28 4697.48 4701.24 4699.56 4691.78 4684.5 4678.53 4673.34 4668.78 4664.61 4658.96 4653.83 4648.14 4642.96 4638.43 4635.06 4632.86 4633.71 4633.43 4627.82 4626.25 4626.93 4627.83 4628.21 4630.73 4634.05 4635.94 4637.89 4638.57 4638.89 4644.3 4649.64 4653.27 4653.49 4647.79 4637.9 4639.68 4635.86 4629 4621.13 4616.45 4615.51 4615.29
4696.35 4693.19 4689.75 4685.71 4682.29 4678.96 4676.84 4679.29 4677.96 4679.47 4680.65 4679.35 4683.95 4680.5 4677.38 4676.1 4677.72 4679.54 4681.01 4683.22 4684.71 4686.09 4687.42 4688.76 4690.11 4691.33 4691.66 4689.16 4685.68 4682.13 4678.05 4673.96 4670.34 4667.52 4662.26 4654.07 4648.17 4643.43 4638.98 4635.14 4631.47 4629.52 4628.17 4625.37 4624.58 4624.33 4625.06 4626.09 4628.02 4631.08 4633.98 4635.76 4636.4 4637.74 4639.61 4644.59 4647.82 4649.12 4649.1 4654.27 4644.14 4636.48 4629.37 4622.07 4616.3 4618.96 4621.65
4697.02 4693.43 4689.98 4686.6 4682.84 4678.86 4674.78 4672.48 4674.53 4678.71 4683.7 4684.17 4680.73 4681.63 4681.42 4675.59 4675.3 4676.97 4678.79 4680.21 4681.53 4682.7 4683.89 4684.82 4685.4 4685.14 4682.34 4677.65 4680.75 4679.8 4676.82 4673.05 4669.18 4665.58 4657.78 4651.03 4647.44 4644.14 4640.63 4635.81 4629.46 4622.22 4620.45 4621.55 4621.64 4621.57 4622.61 4624.45 4627.03 4629.42 4631.64 4633.31 4634.16 4634.14 4637.06 4641.35 4644.75 4647.26 4648.12 4645.88 4643.26 4638.64 4631.87 4624.33 4618.29 4627.03 4644.62
4696.42 4694.2 4690.56 4686.37 4683.2 4678.75 4674.5 4670.84 4670.57 4670.79 4675.61 4685.17 4686.76 4683.53 4679.21 4671.91 4673.23 4675.48 4677.26 4678.8 4680 4680.97 4681.7 4682.11 4681.83 4681.2 4680.05 4680.93 4679.94 4677.69 4674.35 4670.22 4665.08 4656.94 4642.92 4645.93 4646.14 4645.37 4643.09 4638.8 4631.8 4622.53 4620.66 4621.49 4621.05 4620.77 4620.66 4622.68 4625.42 4628.32 4630.08 4631.44 4632.16 4632.9 4634.56 4638.91 4643.47 4646.7 4648.74 4649.98 4648.22 4642.83 4636.87 4630.38 4626.27 4632.06 4648.16
4695.02 4691.19 4687.85 4684.31 4680.87 4679.25 4678.71 4677.21 4674.4 4673.39 4674.41 4678.97 4683.64 4683.65 4683.94 4680.52 4676.1 4676.38 4677.38 4677.76 4678.66 4678.73 4679.16 4679.21 4679.06 4678.8 4678.74 4680.47 4680.25 4676.95 4672.78 4668.25 4662.95 4654 4647.69 4646.25 4646.7 4646.87 4646.42 4644.87 4640.76 4632.76 4629.6 4626.67 4621.79 4617.36 4617.94 4622.26 4624.82 4628.86 4629.63 4630.06 4630.45 4630.56 4632.16 4637.84 4642.08 4646.32 4650.29 4652.29 4650.56 4648.38 4643.69 4637.81 4633.28 4630.97 4625.21
