real_craters/C155-300m.grd
DSAA
356 356
-53.2 53.2
-53.2 53.2
3295.8578328239 5384.7487020787
[rows 120 to 149 of 356, columns 67 to 133 of 356]
4653.34 4652.35 4651.69 4651.26 4651.21 4652.46 4654.57 4656.86 4659.03 4660.88 4662.23 4663.32 4665.09 4668.28 4668.67 4672.33 4677.85 4688.98 4702.05 4708.22 4704.28 4699.75 4695.15 4690.65 4685.68 4680.48 4675.18 4671.16 4672.65 4683.58 4696.61 4709.27 4720.89 4731.04 4739.13 4744.71 4747.4 4744.96 4740.2 4734.02 4727.3 4721.66 4720.76 4721.4 4723.14 4725.38 4728.41 4731.97 4735.3 4736.8 4736.2 4735.47 4735.36 4735.46 4736.16 4737.33 4738.8 4739.84 4738.35 4735.42 4733.51 4736.4 4738.93 4742.83 4747.16 4752.28 4757.76
4653.6 4652.81 4652.34 4651.81 4651.94 4653.34 4655.53 4657.7 4659.75 4661.34 4662.55 4663.51 4664.39 4664.81 4667.85 4672.24 4680.29 4690.87 4704.81 4710.62 4707.25 4702.55 4698.2 4693.66 4688.77 4683.23 4677.89 4673.58 4673.9 4684.18 4697.29 4709.37 4720.13 4729.01 4735.92 4740.3 4742.2 4740.53 4737.44 4732.55 4726.65 4722.09 4720.68 4720.55 4721.82 4723.53 4727.37 4731.48 4735.74 4739.87 4737.35 4736.17 4736.26 4736.24 4737.28 4739.08 4741.9 4745.09 4742.77 4740.7 4739.72 4738.63 4740.28 4743.34 4747.29 4752.38 4757.48
4652.94 4652.33 4652.23 4652.13 4652.3 4654.19 4656.63 4659.1 4661.32 4663.05 4664.55 4665.33 4665.39 4665.02 4669.6 4672.62 4675.66 4688.07 4701.14 4706.73 4706.2 4703.79 4701.08 4697.28 4693.41 4688.73 4684.34 4680.77 4681.54 4689.64 4701 4711.64 4721.51 4729.21 4734.88 4738.04 4737.25 4737.8 4736.88 4733.36 4728.28 4722.43 4722.7 4721.31 4718.55 4722.53 4727.2 4730.81 4733.52 4734.06 4735.25 4735.99 4736.53 4736.81 4737.9 4739.34 4741.69 4744.36 4741.84 4738.33 4737.9 4738.96 4741.13 4743.94 4747.08 4751.42 4756.81
4651.7 4652.03 4652.22 4652.92 4654.48 4655.95 4658.48 4661.01 4663.62 4665.85 4668 4670.02 4671.51 4673.02 4677.31 4678.53 4678.91 4686.64 4692.24 4699.92 4704.39 4705.05 4703.84 4701.64 4699.04 4695.89 4692.82 4690.33 4690.34 4697.73 4707.77 4716.75 4724.78 4731.5 4736.22 4739.51 4741.23 4741.39 4738.86 4735.84 4734.51 4732.39 4727.39 4725.39 4725.35 4726.95 4728.92 4731.09 4732.6 4732.82 4733.5 4736.14 4737.43 4737.39 4737.69 4737.94 4738.17 4737.9 4736.98 4734.13 4735.81 4738.78 4740.84 4743.36 4746.59 4750.51 4754.81
4650.36 4651.35 4652.37 4653.55 4654.94 4657.36 4660.13 4663.4 4666.65 4669.99 4672.95 4676.58 4680.82 4686.27 4690.36 4691.47 4692.58 4693.49 4690.14 4699.84 4705.69 4707.52 4707.58 4706.64 4705.47 4704.38 4703.26 4702.48 4702.57 4709.55 4717.75 4724.65 4730.28 4735.22 4738.83 4742.13 4745.7 4745.73 4740.45 4737.52 4734.35 4732.37 4730.92 4729.58 4730.88 4731.21 4731 4732.66 4734.07 4733.99 4735.85 4738 4738.54 4738.16 4737.06 4735.98 4734.63 4733 4734.45 4741.25 4739.67 4739.23 4740.52 4742.12 4744.49 4747.64 4751.76
4649.52 4651.21 4652.85 4654.44 4656.16 4659.16 4662.37 4665.77 4669.87 4673.92 4678.42 4683.31 4689.15 4697.14 4700.67 4705.08 4708.29 4707.78 4710.25 4709.18 4710.93 4711.69 4711.96 4712.23 4712.62 4713.13 4714.55 4716.97 4720.68 4725.89 4730.36 4734.11 4737.43 4740.26 4742.57 4743.36 4742.37 4739.97 4739.32 4738.73 4739.07 4736.48 4733.8 4731.96 4730 4729.1 4732.28 4734.88 4737.65 4741.95 4742.86 4741.27 4739.95 4738.79 4737.04 4734.89 4732.12 4729.15 4729.46 4735.75 4737.36 4737.96 4738.55 4739.47 4740.42 4742.41 4745.5
4649.08 4651.18 4653.22 4655.9 4658.72 4661.32 4664.45 4668.47 4672.64 4677.85 4682.86 4688.37 4694.21 4700.11 4705.64 4712.82 4717.04 4718.96 4720.08 4717.59 4716 4715.79 4716.59 4717.59 4719.07 4721.43 4724.93 4730.33 4737.65 4742.21 4742.5 4743.23 4744.41 4745.67 4746.9 4745.84 4741.77 4735.7 4740.19 4740.6 4738.23 4738.06 4736.76 4734.95 4733.12 4733.13 4734.81 4737.65 4740.27 4742.28 4746.54 4743.3 4741.34 4739.42 4737.4 4735.01 4731.71 4726.83 4722.91 4727.38 4733.58 4736.18 4736.8 4736.69 4736.59 4736.76 4737.96
4648.65 4650.9 4653.51 4656.84 4660.2 4662.89 4666.3 4670.42 4674.97 4680.44 4685.94 4692.14 4697.6 4701.98 4708.21 4720.47 4723.91 4724.34 4724.65 4721.96 4720.25 4720.3 4720.23 4721.81 4723.98 4727.12 4732.34 4738.9 4746.62 4751.17 4750.86 4750.16 4750.34 4750.71 4751.82 4751.57 4750.21 4748.61 4747.66 4745.19 4743.39 4741.51 4740.41 4739.19 4737.46 4736.04 4738.55 4740.91 4743.56 4746.07 4743.36 4742.78 4741.72 4740.37 4739.07 4737.48 4735.3 4732.41 4729.99 4730.36 4734.7 4735.42 4733.99 4732.1 4730.29 4728.8 4726.11
4648.41 4650.56 4653.23 4656.69 4660.35 4663.63 4667.65 4672.26 4677.16 4682.72 4688.59 4695.16 4701.49 4708.72 4718.63 4721.76 4723.76 4723.92 4723.7 4722.81 4722.27 4722.68 4723.06 4724.65 4727.23 4730.05 4735.21 4742.33 4749.93 4755.93 4754.55 4753.89 4754.39 4755.46 4756.92 4758.29 4759.28 4763.52 4754.86 4749.69 4747.1 4745.23 4744.51 4744.56 4744.39 4741.8 4744.94 4744.31 4743.67 4743.89 4741.91 4742.87 4742.06 4741.07 4739.84 4739.8 4740.06 4741.97 4745.24 4745.15 4741.31 4737 4732.91 4729.14 4724.37 4721.42 4718.9
4648.3 4650.22 4652.43 4655.37 4659.3 4663.47 4668.11 4673.18 4678.59 4684.29 4690.35 4696.86 4704.43 4711.95 4717.66 4719.44 4720.92 4721.74 4722.36 4722.37 4722.01 4722.55 4722.69 4724.18 4727.31 4730.95 4735.73 4741.3 4747.01 4751.16 4752.5 4754.16 4756.3 4759.2 4761.85 4763.66 4763.63 4758.12 4755.14 4752.4 4749.81 4747.94 4748.2 4750.18 4754 4758.94 4755.25 4747.08 4740.18 4739.26 4744.89 4742.43 4741.92 4741.3 4740.89 4741.72 4743.41 4747.76 4758.17 4760.33 4746.52 4738.22 4731.69 4726.7 4721.45 4717.61 4713.86
4648.52 4650.21 4651.93 4653.72 4657.97 4662.91 4667.86 4673.52 4678.42 4684.09 4690.21 4697.21 4704.06 4711.03 4715.52 4716.11 4717.83 4718.53 4719.93 4720.84 4720.52 4720.87 4721.38 4722.65 4725.55 4729.37 4733.31 4737.44 4740.76 4742.83 4747.88 4752.29 4756.77 4761.46 4766.34 4770.94 4771.66 4764.92 4762.31 4757.57 4750.5 4749.87 4750.58 4753.32 4758.8 4768.61 4760.27 4747.73 4738.4 4735.55 4736.21 4739.5 4741.17 4741.61 4741.59 4742.73 4743.92 4745.82 4746.43 4746.3 4742.52 4736.61 4730.61 4725.7 4721.42 4717.1 4713.7
4649 4650.73 4652.3 4654.36 4658.26 4663.22 4668.08 4672.66 4677.79 4683.71 4689.63 4695.05 4701.87 4708.65 4713.98 4714.11 4716.17 4717.5 4718.63 4719.53 4719.25 4720.73 4721.39 4723.12 4724.41 4726.71 4729.69 4732.94 4735.92 4739.47 4743.63 4748.79 4755.05 4762.28 4770.08 4778.68 4786.18 4790.87 4786.63 4769.59 4756.32 4751.33 4750.95 4752.38 4754.62 4754.82 4750.52 4744.6 4740.72 4738.6 4738.61 4741.49 4742.28 4742.06 4741.96 4741.57 4741.51 4741.64 4742.01 4738.79 4736.6 4733.11 4728.84 4724.92 4721.31 4718.15 4716.46
4649.68 4651.93 4654.42 4655.05 4659.96 4663.89 4667.98 4672.36 4677.11 4682.26 4687.09 4692.93 4699.14 4705.45 4709.6 4713.18 4716.56 4717.6 4718.69 4719.58 4719.9 4721.16 4721.64 4722.35 4723.31 4724.43 4726.08 4727.42 4729.54 4732.6 4737.04 4743.54 4751.55 4760.72 4770.91 4783.1 4796.85 4814.98 4813.5 4773.96 4754.7 4751.33 4750.4 4750.16 4748.73 4744.38 4740.52 4739.64 4738.57 4741.22 4745.81 4745.65 4744.01 4742.7 4741.35 4740.3 4739.41 4737.76 4735.44 4732.96 4732.76 4730.34 4727.66 4724.59 4722.41 4720.93 4721.65
4650.42 4653.37 4657.94 4663.19 4662.83 4664.71 4667.82 4671.2 4675.38 4679.88 4684.44 4689.57 4695.48 4701.76 4708.43 4715.91 4719.73 4719.41 4720.19 4720.29 4720.14 4719.84 4719.7 4719.68 4721.22 4721.57 4722 4722.31 4722.57 4723.61 4728.46 4736.82 4745.92 4756.41 4768.4 4780.49 4793.73 4806.83 4804.86 4773.26 4756.39 4751.5 4750.17 4749.4 4747.13 4740.46 4735.32 4740.47 4738.86 4744.18 4747.1 4748.16 4745.98 4743.25 4741.35 4739.63 4738.05 4736.16 4732.11 4734.55 4730.69 4728.65 4727.51 4725.97 4725.15 4725.14 4728.09
4650.26 4653.21 4657.49 4661.61 4662.51 4664.15 4666.77 4669.98 4672.72 4676.47 4680.34 4684.6 4689.66 4696.36 4707.58 4721.99 4721.36 4723.92 4720.49 4720.1 4719.81 4717.75 4717.18 4716.9 4717.54 4717.78 4717.6 4717.6 4716.59 4715.96 4720.12 4729.3 4739.01 4749.44 4760.86 4771.29 4780.22 4783.64 4773.49 4763.93 4755.46 4751.49 4750.59 4751.13 4751.76 4751.92 4751.72 4755.34 4750.63 4751.92 4753.69 4752.5 4746.23 4742.79 4740.24 4738.26 4736.68 4735.83 4737.76 4729.06 4728.34 4728.71 4727.97 4727.61 4727.48 4728.07 4732.03
4649.19 4651.34 4653.89 4656.71 4659.63 4661.99 4664.58 4667.19 4670.01 4673.1 4676.17 4679.22 4682.75 4686.94 4691.78 4703.66 4711.45 4717.54 4717.48 4718.57 4719.05 4719.25 4716.65 4716.42 4714.76 4713.91 4712.69 4712.51 4711.75 4711.08 4714.57 4722.53 4732.07 4741.57 4751.72 4759.87 4765.72 4767.76 4766.26 4757.39 4752.46 4749.75 4750.02 4752.41 4757.26 4766.52 4783.57 4773.16 4772.14 4757.83 4750.91 4745.76 4743.08 4740.98 4739.13 4737.05 4734.8 4731.88 4727.85 4726.81 4727.82 4730.08 4732.15 4733.34 4734.37 4735.09 4735.99
4647.58 4649.07 4650.87 4653.41 4656.46 4659.13 4661.57 4663.9 4666.56 4669.07 4671.34 4674.11 4675.7 4678.16 4681.25 4687.85 4697.79 4706.92 4712.54 4716.03 4717.9 4718.43 4716.91 4716 4712.99 4711.99 4709.91 4708.12 4707.38 4707.87 4710.01 4716.72 4724.78 4732.85 4741.57 4747.72 4751.74 4753.75 4754.75 4754.46 4747.73 4746.51 4748.25 4751.62 4757.22 4765.13 4769.7 4766.75 4758.53 4755.09 4747.08 4740.54 4739.75 4739.04 4737.95 4736.43 4734.31 4730.92 4727.95 4726.76 4730.12 4734.13 4737.73 4740.96 4743.43 4745.6 4746.14
4646.39 4647.57 4648.81 4651.24 4654.37 4657.15 4659.91 4661.94 4664.1 4666.19 4668.07 4669.32 4671.07 4673.05 4677.07 4683.8 4691.69 4701.46 4710.09 4715.09 4717.65 4718.29 4716.38 4714.46 4713.09 4710.79 4708.63 4705.13 4704.33 4704.9 4707.12 4711.73 4718.46 4726.1 4732.07 4736.57 4739.04 4739.04 4738.38 4736.15 4738.24 4741.15 4744.48 4748.26 4752.47 4756.91 4761.08 4764.45 4760.77 4751.2 4744.57 4739.99 4738.72 4738.73 4738.41 4737.66 4736.54 4734.75 4732.89 4733.21 4737.43 4741.97 4744.99 4749.71 4753.79 4760.39 4765.32
4646.25 4647.61 4648.5 4650.75 4653.56 4656.07 4658.31 4660.32 4662.29 4664.18 4665.83 4667.37 4668.91 4670.57 4674.64 4684.65 4694.1 4704.21 4712.06 4715.96 4717.52 4717.96 4714.9 4713.03 4711.22 4707.38 4706.09 4704.4 4702.84 4701.76 4702.27 4706.7 4712.94 4719.22 4723.98 4727.27 4728.41 4726.17 4720.4 4721.14 4729.45 4735.54 4739.8 4743.37 4745.85 4747.37 4746.91 4745.49 4746.87 4745.24 4741.6 4738.39 4738.24 4739.42 4739.57 4739.23 4739.4 4742.68 4743.06 4744.25 4747.77 4750.28 4753.79 4759.41 4766.37 4777.42 4789.56
4648.56 4649.81 4650.47 4651.87 4653.81 4655.74 4657.61 4659.41 4661.19 4662.95 4663.88 4665.87 4668.28 4671.11 4677.86 4692.64 4706.28 4712.83 4716.09 4717.99 4718.05 4717.38 4714.02 4712.15 4709.59 4706.63 4704.8 4703.19 4701.52 4699.95 4699.26 4703.37 4708.41 4713.8 4717.71 4720.49 4721.65 4720.37 4716.8 4719.8 4727.59 4732.89 4736.23 4738.1 4739.21 4738.98 4737.05 4736.19 4738.53 4739.98 4740.05 4738.51 4741.29 4742.04 4741.63 4740.88 4739.91 4739.76 4743.55 4749.61 4754.66 4756.71 4762.52 4769.34 4781.22 4795.2 4813.68
4653.36 4653.07 4653.33 4653.62 4654.46 4655.68 4657.01 4658.35 4660 4662.3 4664.05 4666.64 4670.01 4675.28 4686.29 4706.8 4720.4 4721.26 4720.87 4720.4 4719 4716.89 4714.14 4712.13 4710.29 4707.69 4705.34 4703.42 4701.8 4699.56 4700.22 4702.1 4704.4 4708.36 4711.9 4714.68 4717.2 4719.72 4724.26 4731.59 4732.6 4733.56 4733.93 4735.81 4735.29 4733.8 4732.54 4734.83 4734.35 4736.77 4740.51 4746.59 4747.11 4745.32 4744.21 4743.42 4741.59 4738.66 4743.74 4750.12 4756.15 4761.93 4770.5 4780.57 4794.77 4811.91 4831.99
4655.63 4654.56 4655.48 4654.74 4655.03 4655.86 4657.06 4658.58 4660.31 4662.42 4664.85 4668.37 4673.04 4680.44 4693.7 4711.31 4725.23 4726.54 4724.29 4721.54 4718.28 4715.77 4712.26 4709.91 4707.49 4705.53 4703.6 4701.16 4699.54 4698.37 4698.03 4699.04 4700.3 4703.75 4706.86 4710.25 4714.16 4719.36 4727.02 4739.9 4735.88 4734.22 4733.13 4732.34 4731.7 4729.82 4727.15 4724.11 4728.52 4733.05 4738.46 4744.33 4747.18 4746.85 4746.8 4747.35 4747.42 4746.75 4748.59 4752.05 4757.93 4766.09 4777.44 4791.92 4806.76 4824.74 4843.71
4651.72 4652.81 4653.6 4654.56 4655.31 4656.22 4657.4 4658.93 4660.69 4662.94 4665.78 4669.89 4675.59 4683.94 4697.63 4714.42 4728.1 4726.79 4724.53 4721.02 4717.34 4712.81 4710.1 4707.25 4704.76 4702.14 4699.99 4698.38 4696.8 4695.07 4694.4 4695.08 4696.8 4700.13 4703.39 4706.95 4711.09 4716.72 4725.16 4729.48 4732.99 4732.2 4731.55 4730.25 4729.77 4728.77 4726.47 4723.12 4723.76 4728.9 4734.81 4741.15 4744.65 4745.58 4748 4751.53 4755.55 4756.85 4754.92 4754.91 4759.73 4769.07 4782.62 4800.12 4817.19 4836.83 4856.45
4649.13 4651.01 4652.82 4654.41 4655.75 4657 4658.18 4659.8 4661.41 4663.74 4666.76 4670.94 4676.77 4686.77 4699.75 4714.89 4722.18 4722.26 4722.23 4720.08 4715.82 4710.7 4707.75 4704.93 4702.04 4699.96 4698.04 4696.09 4694.35 4692.5 4691 4690.51 4693.42 4697.16 4700.51 4703.81 4707.37 4711.35 4715.78 4728.52 4728.48 4727.26 4727.41 4727.61 4727.55 4728.34 4728.59 4718.94 4721.13 4726.46 4731.4 4734.78 4737.03 4742.26 4746.95 4752.81 4761.6 4766.35 4757.76 4754.63 4759.07 4769.94 4787.62 4808.85 4831.17 4852 4874.23
4648.08 4650.52 4652.9 4654.78 4656.45 4657.96 4659.55 4661.19 4663.23 4665.45 4667.78 4671.16 4676.05 4682.76 4696.56 4711.75 4720.01 4719.65 4719.2 4715.79 4712.45 4709.95 4706.91 4703.05 4700.38 4698.36 4696.48 4694.7 4692.98 4691.1 4688.78 4686.82 4691.73 4695.64 4698.62 4701.36 4703.97 4706.59 4710.18 4717.16 4720.14 4721.21 4722.3 4723.97 4725.76 4728.11 4730.66 4722.94 4722.97 4726.96 4730.47 4732.9 4735.35 4739.44 4744.08 4748.94 4755.95 4758.7 4752.57 4749.48 4753.3 4768.22 4791.9 4818.81 4846.41 4871.65 4896.77
4648.35 4652.04 4654.48 4655.79 4657.67 4659.63 4661.57 4663.48 4665.36 4667.64 4669.96 4672.64 4675.6 4679.58 4692.35 4704.77 4715.34 4718.69 4715.87 4713.18 4709.8 4707.64 4706.86 4705.01 4702.45 4699.48 4696.61 4694.84 4693.08 4691.97 4691.26 4692.81 4694.15 4695.83 4697.68 4699.67 4701.55 4703.04 4704.59 4707.09 4710.27 4714.24 4717.67 4720.42 4722.84 4725.5 4727.14 4728.52 4728.64 4730.04 4732.1 4733.78 4734.61 4738.58 4740.81 4741.97 4742.6 4742.71 4743.24 4742.74 4746.14 4765.86 4796.43 4830.37 4864.99 4896.4 4925.72
4648.91 4651.57 4654.51 4656.38 4658.35 4660.42 4662.53 4664.63 4666.9 4669.12 4671.41 4673.69 4676.81 4682.08 4689.29 4698.58 4704.53 4709.82 4709.17 4708.04 4706.83 4705.82 4704.23 4702.14 4700.11 4698.54 4696.71 4694.84 4693.39 4692.98 4693.76 4696.17 4695.76 4696.45 4697.37 4698.76 4700.25 4701.58 4701.32 4699.47 4702.42 4709.17 4713.68 4716.82 4719.3 4722.05 4726.23 4729.74 4732.51 4733.3 4734.63 4736.95 4740.06 4740.09 4738.87 4736.74 4734.98 4734.62 4737.09 4739.34 4744.96 4767.25 4803.04 4844.23 4887.14 4928.48 4965.85
4649.8 4652.91 4654.95 4656.85 4659.09 4661.49 4663.95 4666.3 4668.37 4670.85 4672.58 4674.37 4676.98 4680.87 4685.12 4690.52 4696.67 4699.3 4701.6 4701.82 4702.16 4702.32 4702.04 4701.02 4699.81 4697.72 4696.52 4694.5 4693.69 4693.13 4693.29 4694.15 4695.13 4696.28 4697.1 4698.16 4699.28 4702.04 4702.7 4701 4703.48 4708.31 4711.46 4713.82 4715.75 4718.03 4719.99 4730.08 4735.17 4734.27 4735.9 4738.96 4742.35 4741.71 4738.01 4734.65 4732.14 4732.28 4735.27 4739.5 4747.32 4771.19 4811.76 4858.54 4909.03 4961.48 5014.15
4650.91 4652.7 4654.96 4657.26 4660.02 4662.9 4665.85 4668.67 4671.2 4673.63 4674.9 4675.98 4676.17 4677.3 4680.56 4684.36 4689.75 4692.19 4694.52 4696.75 4698.56 4699.29 4699.29 4698.91 4698.36 4697.15 4695.57 4694.31 4693.4 4692.91 4692.89 4693.71 4694.64 4695.67 4697.07 4698.17 4698.32 4696.63 4700.18 4705.97 4710.79 4710.01 4710.79 4711.9 4712.97 4714.36 4719.4 4723.3 4727.84 4731.59 4734.86 4738.46 4742.67 4741.11 4736.87 4735 4735.35 4734.62 4736.9 4742.89 4754.95 4780.45 4821.05 4869.79 4924.2 4982.07 5038.34
4648.58 4650.68 4654.46 4657.79 4661.24 4664.86 4668.59 4672.03 4675.04 4677.38 4678.71 4678.89 4677.5 4677.13 4678.05 4679.42 4681.66 4683.53 4689.1 4693.31 4696.2 4697.78 4698.07 4697.32 4697.22 4696.36 4695.26 4693.9 4693.05 4692.44 4691.98 4692.29 4693.38 4695.1 4697.39 4699.52 4700.83 4699.47 4702.99 4707.31 4709.49 4710.31 4710.56 4711 4711.35 4711.39 4709.66 4717.5 4722.51 4728.51 4732.93 4735.68 4736.83 4735.61 4733.61 4733.9 4738.61 4737.12 4739.97 4747.55 4763.88 4791.06 4828.15 4876.06 4930.34 4985.91 5029.72
