real_craters/C155-750m.grd
DSAA
143 143
-53.2 53.2
-53.2 53.2
3295.9273896535 5354.5019736027
[rows 38 to 75 of 143, columns 0 to 83 of 143]
4661 4660 4662 4663 4663 4662 4657 4655 4654 4652 4653 4654 4655 4656 4656 4655 4656 4657 4658 4659 4660 4660 4661 4661 4664 4667 4673 4680 4686 4691 4700 4688 4675 4664 4663 4695 4735 4743 4747 4747 4744 4742 4738 4731 4732 4735 4743 4759 4778 4762 4763 4763 4764 4751 4744 4746 4751 4774 4785 4799 4808 4809 4810 4807 4798 4790 4777 4764 4750 4783 4782 4779 4777 4773 4771 4781 4789 4798 4824 4846 4875 4914 4967 5045
4662 4662 4663 4665 4666 4663 4658 4655 4653 4651 4654 4656 4658 4658 4658 4658 4660 4658 4657 4657 4658 4658 4657 4657 4655 4660 4665 4668 4669 4666 4661 4674 4670 4663 4663 4684 4722 4746 4752 4751 4746 4742 4738 4737 4732 4729 4740 4750 4756 4754 4760 4761 4755 4751 4748 4752 4760 4764 4801 4839 4844 4846 4839 4828 4816 4805 4794 4787 4780 4792 4791 4784 4779 4777 4778 4786 4795 4846 4856 4864 4889 4915 4951 4979
4660 4661 4664 4668 4670 4666 4658 4656 4654 4654 4657 4661 4663 4663 4661 4658 4658 4656 4655 4655 4656 4655 4655 4654 4654 4656 4659 4660 4660 4658 4659 4665 4671 4668 4661 4672 4711 4750 4756 4752 4743 4741 4739 4734 4730 4742 4744 4738 4740 4759 4761 4763 4762 4755 4758 4762 4776 4781 4814 4841 4857 4865 4859 4843 4830 4819 4813 4815 4844 4832 4798 4789 4784 4782 4786 4802 4810 4842 4838 4862 4883 4898 4909 4902
4658 4660 4665 4671 4674 4670 4661 4658 4657 4657 4663 4668 4673 4673 4667 4660 4654 4652 4653 4653 4653 4653 4652 4651 4650 4652 4655 4658 4659 4658 4664 4676 4684 4681 4673 4665 4702 4750 4756 4751 4746 4743 4742 4739 4746 4752 4743 4733 4740 4758 4759 4763 4762 4755 4748 4761 4784 4814 4829 4846 4859 4863 4859 4847 4833 4825 4820 4821 4819 4808 4802 4790 4786 4788 4797 4802 4824 4842 4844 4861 4873 4881 4879 4866
4656 4659 4666 4673 4677 4674 4666 4661 4661 4662 4670 4678 4686 4692 4679 4669 4654 4649 4647 4646 4648 4650 4644 4647 4647 4649 4654 4660 4668 4672 4682 4700 4694 4695 4694 4663 4695 4739 4750 4750 4747 4748 4750 4755 4761 4743 4729 4729 4732 4741 4753 4755 4756 4753 4745 4759 4787 4809 4832 4856 4856 4858 4856 4845 4836 4825 4819 4817 4806 4808 4810 4791 4792 4800 4802 4811 4860 4879 4872 4862 4862 4865 4865 4859
4653 4660 4668 4674 4679 4675 4674 4661 4661 4668 4677 4688 4700 4717 4717 4686 4662 4650 4645 4645 4645 4646 4646 4645 4647 4648 4654 4662 4674 4696 4694 4691 4686 4691 4696 4669 4692 4724 4741 4749 4755 4758 4753 4759 4761 4743 4732 4728 4730 4739 4753 4774 4769 4760 4755 4753 4759 4785 4812 4831 4840 4842 4840 4839 4837 4831 4821 4809 4801 4798 4812 4809 4809 4815 4817 4816 4872 4886 4856 4856 4856 4861 4867 4875
4654 4663 4671 4677 4681 4678 4674 4665 4668 4677 4689 4702 4714 4731 4731 4695 4666 4651 4645 4642 4641 4642 4646 4646 4649 4652 4654 4659 4666 4674 4679 4676 4676 4677 4669 4667 4690 4719 4736 4744 4746 4745 4746 4743 4740 4736 4726 4728 4728 4733 4745 4757 4765 4763 4766 4770 4756 4773 4794 4811 4827 4831 4833 4836 4838 4834 4824 4815 4804 4800 4813 4831 4828 4829 4836 4836 4856 4874 4865 4852 4853 4855 4861 4867
4656 4667 4675 4681 4685 4682 4670 4669 4669 4680 4687 4689 4706 4719 4712 4694 4668 4652 4645 4642 4642 4642 4644 4646 4650 4652 4653 4654 4654 4652 4666 4677 4679 4674 4665 4667 4690 4715 4732 4739 4744 4745 4744 4739 4748 4735 4722 4720 4725 4731 4737 4742 4752 4757 4759 4756 4749 4774 4806 4822 4826 4829 4832 4841 4844 4841 4835 4822 4815 4816 4815 4831 4850 4839 4834 4857 4857 4851 4843 4846 4850 4846 4838 4836
4658 4669 4677 4684 4690 4687 4671 4707 4734 4645 4637 4664 4697 4726 4719 4695 4669 4652 4644 4639 4638 4644 4646 4651 4651 4650 4651 4650 4649 4652 4664 4682 4688 4679 4679 4681 4691 4707 4721 4730 4746 4755 4750 4737 4740 4737 4734 4727 4728 4729 4732 4732 4744 4751 4752 4742 4742 4770 4805 4824 4830 4836 4850 4856 4857 4850 4845 4834 4831 4837 4850 4884 4885 4904 4900 4881 4855 4877 4873 4871 4860 4847 4829 4826
4661 4670 4677 4683 4681 4681 4681 4643 4443 4541 4597 4638 4681 4731 4725 4691 4667 4652 4643 4639 4637 4639 4645 4651 4652 4652 4653 4651 4649 4652 4661 4670 4669 4676 4685 4691 4689 4685 4686 4714 4742 4767 4750 4731 4730 4732 4731 4733 4731 4730 4729 4729 4743 4752 4759 4758 4765 4776 4793 4819 4840 4856 4869 4882 4883 4881 4858 4854 4851 4853 4860 4877 4906 4932 4939 4934 4944 4936 4920 4900 4877 4857 4841 4842
4664 4671 4677 4679 4675 4680 4688 4670 4454 4529 4598 4631 4661 4681 4684 4673 4658 4645 4641 4638 4635 4639 4649 4651 4653 4657 4656 4653 4651 4654 4659 4663 4668 4675 4702 4702 4691 4678 4673 4703 4731 4746 4740 4724 4721 4727 4735 4736 4735 4738 4738 4735 4743 4755 4768 4771 4776 4797 4802 4842 4862 4878 4910 4915 4916 4918 4905 4894 4881 4859 4862 4894 4927 4946 4970 4979 4950 4912 4875 4891 4893 4882 4865 4871
4669 4672 4674 4675 4672 4671 4665 4681 4701 4617 4602 4621 4644 4653 4656 4655 4648 4641 4640 4640 4640 4641 4646 4648 4650 4653 4653 4652 4652 4656 4662 4667 4668 4675 4697 4705 4700 4690 4687 4709 4730 4739 4738 4730 4723 4726 4733 4735 4737 4739 4739 4738 4744 4753 4768 4768 4789 4830 4869 4887 4904 4915 4915 4922 4957 4973 4982 4977 4956 4911 4917 4969 4982 4973 5027 5052 4989 4947 4912 4900 4921 4929 4911 4919
4638 4668 4671 4670 4668 4663 4657 4656 4655 4657 4650 4636 4639 4644 4642 4642 4640 4638 4638 4639 4640 4642 4643 4645 4646 4645 4646 4650 4654 4661 4670 4681 4697 4708 4710 4711 4712 4714 4721 4732 4740 4743 4739 4739 4732 4731 4738 4742 4739 4734 4729 4738 4739 4744 4757 4790 4814 4854 4898 4935 4962 4976 4974 4984 5015 5050 5064 5075 5076 5072 5055 5077 5111 5120 5133 5158 5086 4994 4973 4937 4972 4990 4995 4972
4675 4671 4669 4668 4665 4663 4660 4654 4648 4648 4649 4646 4639 4635 4636 4636 4636 4634 4635 4637 4638 4639 4641 4642 4642 4643 4645 4650 4657 4665 4676 4690 4705 4724 4724 4721 4724 4732 4748 4753 4753 4755 4752 4744 4742 4740 4744 4742 4741 4738 4738 4737 4729 4723 4721 4736 4815 4874 4926 4979 5026 5053 5059 5044 5091 5084 5071 5072 5114 5201 5285 5224 5230 5231 5194 5223 5214 5226 5209 5110 5046 5021 5018 4989
4665 4668 4667 4665 4662 4662 4660 4649 4642 4641 4640 4638 4635 4634 4633 4633 4633 4632 4633 4635 4636 4637 4639 4640 4641 4643 4646 4649 4654 4665 4678 4693 4711 4717 4720 4721 4723 4731 4741 4750 4761 4772 4762 4750 4753 4769 4738 4738 4742 4743 4746 4740 4726 4715 4710 4748 4906 4920 4959 5046 5101 5145 5190 5273 5190 5133 5077 5061 5053 5129 5302 5243 5140 5126 5055 5111 5171 5306 5294 5265 4988 4904 4940 4930
4659 4665 4666 4663 4660 4662 4660 4649 4642 4640 4638 4636 4634 4632 4632 4632 4631 4632 4632 4633 4635 4637 4638 4640 4641 4643 4646 4651 4659 4666 4676 4689 4704 4716 4719 4720 4721 4723 4726 4736 4759 4790 4812 4753 4750 4737 4738 4745 4743 4739 4732 4730 4725 4723 4743 4838 5011 5085 5111 5147 5178 5216 5257 5229 5218 5143 5050 4980 4927 4855 4837 4822 4753 4713 4706 4691 4711 4787 4815 4797 4680 4580 4608 4784
4656 4661 4663 4666 4659 4663 4665 4650 4643 4641 4638 4636 4634 4632 4632 4631 4631 4630 4630 4633 4634 4636 4638 4639 4641 4643 4646 4650 4657 4663 4670 4677 4687 4707 4717 4719 4716 4713 4712 4718 4742 4763 4766 4751 4752 4774 4772 4748 4741 4736 4728 4729 4733 4735 4740 4820 5067 5242 5258 5222 5210 5226 5273 5355 5236 5086 4955 4855 4758 4641 4558 4471 4410 4379 4364 4313 4320 4350 4375 4389 4410 4331 4404 4644
4655 4659 4660 4657 4658 4663 4667 4653 4644 4643 4638 4635 4634 4632 4632 4632 4632 4632 4633 4634 4635 4636 4638 4639 4641 4643 4644 4647 4651 4658 4663 4668 4671 4688 4710 4718 4714 4708 4703 4707 4722 4733 4728 4736 4746 4753 4755 4741 4739 4738 4739 4744 4753 4772 4799 4889 5078 5191 5248 5228 5192 5169 5169 5191 5056 4913 4783 4679 4593 4501 4458 4391 4311 4214 4144 4098 4087 4094 4163 4244 4316 4284 4346 4514
4650 4656 4659 4655 4655 4659 4663 4651 4643 4638 4637 4635 4634 4632 4632 4631 4632 4634 4638 4635 4635 4637 4639 4641 4643 4645 4650 4653 4654 4656 4660 4665 4675 4716 4721 4718 4712 4707 4702 4701 4708 4716 4724 4733 4736 4733 4734 4743 4745 4743 4744 4759 4781 4821 4874 4942 5074 5234 5248 5202 5130 5050 4955 4822 4706 4672 4591 4507 4441 4410 4334 4283 4165 4075 3987 3920 3972 4014 4081 4236 4283 4330 4335 4371
4647 4651 4652 4639 4651 4655 4652 4649 4641 4637 4635 4634 4632 4631 4631 4631 4631 4630 4628 4631 4635 4637 4640 4642 4644 4646 4649 4651 4654 4657 4661 4668 4686 4722 4723 4714 4706 4700 4696 4693 4699 4707 4721 4731 4729 4728 4722 4735 4744 4756 4757 4764 4804 4854 4908 5005 5153 5264 5229 5146 5037 4911 4755 4552 4415 4454 4406 4339 4261 4199 4108 4042 3983 3932 3886 3861 3905 4009 4021 4120 4196 4264 4255 4252
4644 4647 4647 4644 4650 4659 4663 4650 4640 4635 4635 4635 4633 4630 4630 4630 4631 4630 4629 4632 4636 4638 4640 4642 4644 4645 4646 4650 4656 4661 4665 4671 4680 4710 4716 4709 4705 4697 4693 4692 4696 4701 4705 4712 4720 4727 4729 4733 4739 4742 4743 4753 4830 4911 5048 5103 5122 5211 5161 5042 4906 4762 4606 4480 4396 4320 4251 4174 4073 3941 3925 3940 3842 3844 3842 3832 3833 3843 3955 4091 4162 4158 4155 4164
4640 4642 4643 4643 4647 4655 4656 4649 4642 4638 4635 4632 4623 4627 4628 4630 4632 4633 4633 4637 4639 4641 4643 4644 4645 4646 4647 4652 4657 4663 4670 4674 4679 4690 4698 4701 4700 4697 4694 4693 4696 4698 4701 4708 4713 4718 4732 4737 4742 4735 4735 4759 4865 5003 5036 5115 5199 5232 5070 4901 4742 4590 4452 4357 4278 4173 4101 4038 3961 3858 3823 3799 3771 3776 3807 3803 3762 3755 3822 4044 4099 4055 4064 4084
4636 4637 4637 4637 4641 4645 4643 4645 4641 4639 4635 4633 4624 4625 4628 4631 4633 4637 4642 4643 4644 4644 4646 4647 4648 4648 4648 4651 4658 4669 4679 4685 4682 4680 4688 4698 4698 4696 4693 4691 4694 4704 4709 4710 4711 4715 4722 4734 4731 4731 4744 4778 4877 5005 4989 5117 5235 5140 4922 4747 4584 4425 4285 4155 4021 3992 3963 3932 3912 3916 3807 3760 3741 3729 3712 3706 3696 3696 3791 3973 3991 3967 4012 4041
4634 4634 4634 4635 4636 4637 4639 4648 4661 4642 4631 4629 4627 4625 4628 4631 4634 4639 4644 4647 4646 4646 4647 4648 4650 4651 4651 4650 4660 4674 4690 4704 4710 4712 4713 4702 4698 4695 4693 4690 4693 4703 4709 4707 4716 4727 4741 4743 4742 4747 4772 4804 4885 4955 5032 5129 5191 4936 4735 4561 4406 4256 4128 3994 3867 3846 3845 3839 3821 3788 3765 3730 3708 3691 3679 3659 3643 3646 3755 3950 4020 4012 4006 4048
4633 4633 4631 4631 4632 4632 4634 4645 4661 4638 4623 4623 4622 4624 4627 4630 4634 4638 4643 4646 4645 4646 4647 4648 4651 4653 4657 4657 4664 4679 4697 4717 4719 4714 4708 4705 4701 4697 4694 4690 4691 4702 4709 4718 4720 4730 4748 4749 4752 4759 4825 4913 4969 4956 4990 5098 5145 4791 4551 4387 4248 4123 3998 3882 3777 3742 3768 3776 3769 3750 3732 3710 3681 3657 3643 3621 3602 3599 3665 3873 3948 3963 3981 4040
4631 4631 4629 4629 4630 4629 4631 4636 4634 4627 4621 4621 4620 4622 4626 4629 4633 4636 4637 4638 4642 4644 4647 4646 4648 4652 4658 4664 4670 4683 4694 4707 4706 4711 4718 4711 4705 4701 4698 4698 4701 4701 4705 4708 4714 4723 4736 4743 4744 4765 4866 5002 5057 4991 4963 5027 4986 4591 4368 4226 4106 3997 3894 3801 3723 3694 3723 3742 3754 3744 3718 3692 3652 3625 3611 3592 3573 3566 3589 3678 3779 3838 3905 4004
4630 4630 4629 4628 4628 4628 4630 4630 4627 4623 4621 4617 4618 4621 4625 4629 4632 4635 4636 4636 4640 4642 4644 4646 4647 4651 4657 4666 4680 4689 4688 4676 4680 4700 4726 4715 4709 4704 4702 4703 4707 4705 4702 4702 4711 4724 4733 4738 4743 4773 4876 4975 5011 4986 4943 4927 4820 4434 4215 4094 3996 3898 3815 3744 3698 3670 3690 3714 3737 3730 3700 3667 3625 3594 3582 3575 3561 3546 3541 3582 3640 3677 3774 3925
4628 4628 4626 4626 4627 4628 4629 4628 4625 4621 4617 4609 4616 4620 4624 4627 4631 4633 4635 4637 4640 4641 4643 4645 4650 4652 4656 4683 4709 4702 4690 4675 4672 4691 4701 4707 4705 4704 4703 4703 4701 4701 4700 4700 4713 4725 4736 4741 4739 4781 4888 4970 4984 4981 4884 4781 4640 4301 4100 3996 3911 3836 3769 3711 3672 3649 3667 3688 3713 3706 3680 3646 3620 3595 3575 3582 3564 3536 3506 3478 3463 3484 3615 3771
4627 4628 4627 4627 4627 4627 4629 4627 4623 4620 4618 4617 4617 4620 4624 4627 4630 4633 4636 4637 4640 4644 4647 4651 4654 4659 4660 4699 4733 4713 4698 4693 4693 4697 4695 4700 4704 4705 4704 4701 4701 4696 4696 4702 4710 4723 4738 4743 4735 4812 4910 5008 5112 4846 4698 4564 4387 4188 4010 3906 3833 3784 3740 3692 3654 3634 3651 3663 3678 3687 3684 3677 3690 3681 3656 3630 3591 3540 3489 3460 3440 3418 3484 3605
4624 4626 4629 4627 4627 4629 4631 4628 4623 4619 4619 4618 4618 4620 4623 4627 4630 4634 4637 4640 4643 4646 4649 4654 4661 4671 4690 4704 4710 4705 4697 4710 4748 4714 4698 4702 4705 4705 4702 4698 4688 4684 4693 4699 4698 4716 4742 4760 4746 4864 4920 4977 4943 4752 4590 4396 4193 4039 3899 3820 3760 3722 3697 3668 3644 3635 3656 3654 3643 3696 3726 3752 3795 3816 3775 3709 3632 3550 3469 3426 3403 3370 3385 3490
4622 4622 4624 4625 4627 4629 4631 4627 4623 4619 4619 4617 4618 4620 4623 4626 4630 4633 4638 4641 4646 4649 4652 4657 4664 4674 4688 4693 4697 4690 4684 4692 4705 4711 4712 4709 4709 4702 4697 4695 4695 4692 4696 4702 4700 4718 4738 4756 4768 4805 4904 4939 4842 4705 4592 4453 4233 4019 3858 3742 3690 3665 3645 3632 3637 3647 3693 3717 3712 3782 3816 3844 3900 3955 3898 3792 3683 3570 3464 3384 3365 3330 3312 3368
4621 4622 4621 4622 4624 4627 4629 4626 4622 4619 4616 4614 4615 4618 4622 4625 4629 4633 4638 4643 4649 4650 4654 4660 4666 4672 4671 4678 4676 4675 4668 4663 4676 4694 4708 4736 4706 4696 4690 4689 4693 4694 4698 4705 4721 4723 4729 4736 4751 4845 4933 4986 5002 4844 4654 4474 4236 3957 3732 3656 3615 3598 3591 3603 3625 3674 3760 3865 3927 3932 3950 3956 3957 4078 3995 3865 3727 3592 3464 3354 3327 3305 3296 3358
4620 4619 4618 4620 4621 4623 4626 4624 4621 4617 4615 4611 4614 4618 4622 4626 4629 4633 4637 4637 4640 4648 4655 4664 4670 4671 4671 4670 4669 4667 4670 4669 4670 4679 4682 4687 4687 4685 4681 4676 4673 4691 4695 4702 4711 4719 4724 4730 4764 4907 4982 5030 5008 4906 4688 4425 4182 3922 3683 3603 3554 3536 3538 3561 3600 3670 3774 3954 4051 4017 4057 4042 4038 4094 4044 3910 3754 3611 3479 3382 3354 3307 3304 3353
4620 4618 4619 4619 4620 4620 4623 4623 4621 4617 4614 4611 4614 4617 4621 4625 4629 4632 4634 4633 4640 4646 4657 4667 4674 4676 4672 4666 4662 4655 4653 4660 4666 4672 4676 4673 4677 4678 4674 4667 4659 4672 4686 4697 4704 4712 4728 4753 4803 4913 5008 5055 5035 4888 4714 4502 4195 3934 3733 3593 3530 3504 3498 3522 3549 3605 3689 3821 3915 3938 3977 3986 3992 4081 4025 3883 3740 3607 3497 3436 3402 3344 3350 3365
4619 4618 4616 4617 4619 4623 4623 4622 4622 4620 4617 4613 4616 4618 4621 4625 4629 4632 4634 4630 4632 4644 4656 4669 4679 4686 4682 4664 4646 4642 4642 4655 4665 4670 4675 4677 4676 4675 4673 4668 4658 4667 4684 4698 4697 4707 4735 4778 4851 4971 5043 5040 4975 4931 4726 4458 4196 3924 3676 3539 3499 3489 3482 3482 3492 3510 3534 3602 3692 3767 3817 3848 3878 3948 3925 3805 3677 3567 3485 3437 3395 3377 3394 3387
4618 4616 4615 4617 4619 4624 4624 4624 4623 4623 4620 4616 4618 4620 4624 4627 4630 4634 4636 4631 4635 4644 4656 4667 4679 4697 4691 4664 4641 4640 4679 4669 4668 4673 4677 4680 4681 4677 4677 4679 4686 4678 4689 4706 4700 4711 4747 4788 4854 4982 5044 5021 4960 4949 4753 4465 4215 3922 3632 3496 3470 3477 3478 3472 3486 3455 3438 3440 3527 3616 3668 3704 3727 3788 3772 3689 3596 3504 3433 3390 3369 3358 3370 3387
4616 4614 4615 4617 4618 4622 4623 4623 4623 4625 4629 4622 4623 4624 4631 4634 4636 4638 4637 4635 4638 4644 4653 4659 4668 4676 4676 4664 4654 4659 4665 4660 4669 4674 4679 4681 4677 4678 4681 4686 4691 4691 4694 4699 4698 4714 4767 4834 4888 4940 4968 5006 4987 4951 4820 4612 4286 3965 3685 3516 3479 3485 3489 3474 3488 3448 3421 3416 3466 3528 3569 3587 3582 3612 3614 3565 3507 3438 3372 3365 3387 3366 3364 3385
4613 4612 4613 4616 4618 4621 4623 4623 4623 4624 4630 4628 4629 4635 4640 4643 4644 4643 4642 4642 4642 4647 4649 4650 4650 4647 4653 4656 4661 4664 4667 4673 4672 4675 4679 4682 4677 4678 4682 4689 4693 4690 4694 4696 4699 4720 4778 4851 4927 4924 4903 4975 5100 4939 4825 4646 4354 4035 3734 3552 3522 3512 3508 3555 3510 3462 3431 3428 3456 3488 3507 3515 3486 3462 3465 3458 3427 3382 3329 3323 3397 3421 3411 3455
