real_craters/C155-300m.grd
DSAA
356 356
-53.2 53.2
-53.2 53.2
3295.8578328239 5384.7487020787
[rows 210 to 239 of 356, columns 0 to 66 of 356]
4623.11 4624.01 4624.5 4624.79 4623.01 4621.84 4621.69 4618.88 4613.3 4610.07 4611.08 4615.3 4618.41 4620.6 4622.8 4625.79 4629.84 4634.42 4639.5 4642.07 4646.7 4653.25 4662.09 4675.59 4690.62 4705.89 4720.11 4732.73 4722.32 4667.95 4613.41 4568.12 4552.16 4559.81 4570.2 4580.15 4587.78 4593.9 4597.99 4601.95 4601.08 4604.14 4605.5 4607.76 4609.25 4611.47 4613.78 4615.61 4617.38 4619.09 4620.58 4622.05 4623.88 4620.91 4617.41 4616.7 4614.93 4613.43 4611.52 4609.91 4609.32 4610.02 4609.87 4610.8 4612.22 4614.05 4615.68
4627.22 4628.22 4628.75 4628.64 4626.23 4623.4 4618.61 4610.97 4609.82 4610.6 4614.82 4618.26 4620.52 4622.59 4625.09 4628.75 4631.52 4635.25 4639.91 4641.14 4647.71 4654.97 4663.52 4674.23 4686.12 4698.24 4708.98 4716.53 4706.97 4667.36 4621.14 4573.71 4563.19 4580.27 4589.87 4596.23 4600.13 4603.07 4604.56 4606.86 4608.88 4608.98 4610.4 4611.37 4611.7 4613.36 4615.74 4617.03 4618.76 4619.95 4620.91 4622.28 4623.78 4619.73 4615.75 4614.7 4612.73 4611.99 4608.5 4604.96 4602.03 4604.5 4606.89 4609.11 4611.25 4613.24 4615.6
4631.83 4632.55 4633.18 4633.04 4631.04 4627.01 4620.89 4617.48 4617.37 4621.29 4623.99 4622.73 4623.3 4624.63 4626.33 4628.09 4631.24 4635.47 4639.81 4644.42 4647.21 4654.65 4660.91 4669.57 4678.24 4686.53 4692.21 4692.25 4683.07 4663.32 4640.79 4616.09 4609.76 4618.61 4620.94 4619.74 4618.45 4617.76 4616.18 4616.31 4616.75 4615.73 4616.45 4617.31 4618.35 4619.28 4619.1 4619.89 4621.52 4622.13 4622.8 4623.37 4624.84 4621.4 4618.45 4616.37 4613.59 4611.41 4607.18 4602.69 4599.94 4602.09 4605.18 4607.84 4610.56 4613.09 4615.46
4635.17 4635.77 4637.6 4638.58 4637.54 4633.34 4627.28 4626.41 4624.35 4624.91 4625.92 4625.52 4625.46 4626.36 4627.78 4629.39 4632.06 4635.97 4639.71 4643.25 4646.51 4650.11 4654.69 4661.56 4668 4673.08 4674.83 4670.65 4660.06 4662.03 4667.89 4680.86 4689.38 4670.15 4653.6 4642.11 4634.61 4630.07 4625.63 4623.35 4628.31 4626.3 4625.89 4625.74 4624.69 4624.35 4624.59 4624.84 4624.32 4624.65 4624.87 4624.9 4626.64 4625.1 4623.99 4620.66 4617.14 4613.18 4607.94 4602.82 4600.51 4602.15 4605.03 4607.95 4610.44 4613 4615.82
4635.15 4637.71 4641.04 4644.75 4646.85 4643.76 4631.56 4627.87 4626.73 4626.49 4627.18 4627.36 4627.39 4628.24 4629.67 4631.72 4634.42 4636.57 4638.82 4641.18 4642.89 4640.92 4646.69 4652.96 4657.67 4661.43 4662.18 4659.14 4654.71 4664.68 4685.3 4717.27 4744.01 4701.23 4676.11 4660.3 4649.71 4642.28 4636.58 4632.57 4630.53 4628.53 4628.32 4627.64 4626.64 4625.38 4625.45 4625.18 4625.55 4627.25 4626.8 4626.97 4628.98 4628.8 4628.09 4625.34 4620.78 4616.32 4610.55 4604.73 4601.98 4604.01 4606.33 4608.74 4611.21 4613.45 4615.83
4633.45 4638 4643.34 4650.11 4657.82 4664.85 4655.13 4636.14 4628.21 4626.97 4628.98 4628.19 4628.06 4628.71 4630.47 4633.21 4635.99 4636.53 4637.61 4639.2 4640.46 4642.24 4642.99 4646.1 4649.9 4653.71 4655 4655.32 4656.54 4668.09 4684.93 4700.82 4700.19 4695.32 4682.18 4669.55 4659.32 4650.76 4644.32 4640.12 4636.96 4634.08 4635.17 4632.66 4631.52 4630.1 4629.44 4629.27 4629.02 4629.81 4629.58 4629.6 4630.59 4631.48 4632.41 4630.74 4625.02 4619.8 4614.73 4610.78 4608.25 4608.1 4609.45 4611.32 4613.23 4614.85 4616.81
4630.78 4636.52 4643.22 4651.29 4661.75 4677.54 4689.2 4638.1 4626.85 4625.13 4627.26 4626.98 4627.06 4628.41 4630.13 4632.13 4633.57 4634.82 4635.75 4636.54 4637.17 4636.6 4638 4640.79 4644.17 4647.62 4649.92 4653.15 4660.37 4668.57 4676.91 4683.68 4682.3 4684.66 4680.63 4673.05 4664.18 4658.03 4651.87 4647.64 4643.28 4640.42 4637.28 4637.87 4635.97 4634.56 4633.11 4632.27 4631.6 4631.07 4632.03 4631.6 4631.97 4632.64 4633.66 4632.37 4627.39 4622.62 4618.39 4615.77 4613.51 4612.33 4612.67 4613.59 4614.33 4615.71 4616.89
4627.86 4633.38 4639.6 4646.34 4653.36 4657.96 4645.43 4623.29 4622.78 4624.47 4623.39 4624.12 4625.45 4627.38 4629.25 4630.91 4632.29 4633.46 4633.78 4633.35 4632.15 4630.41 4632.66 4636.21 4639.33 4642.09 4644.79 4648.11 4652.75 4659.26 4667.53 4674.38 4677.87 4680.5 4679.93 4675.23 4668.89 4664.19 4657.9 4652.59 4648.11 4644.53 4641.93 4643.04 4640.44 4638.83 4637.15 4634.49 4632.95 4631.69 4631.39 4630.8 4630.71 4631.4 4632.08 4631.2 4627.84 4623.83 4620.23 4617.88 4616.34 4615.66 4615.69 4615.8 4616.04 4616.29 4616.82
4624.81 4629.47 4634.01 4638.12 4640.49 4638.03 4627.66 4620.39 4620.39 4622.13 4621.79 4621.97 4623.57 4625.82 4628.04 4630.31 4632.41 4632.71 4632.31 4630.91 4627.45 4625.09 4628.57 4631.25 4634.55 4637.25 4639.58 4641.98 4644.67 4649.65 4659.5 4669.29 4675.83 4680.1 4680.27 4676.04 4671.03 4667.6 4662.33 4657.22 4652.96 4648.89 4644.61 4643.38 4640.39 4638.97 4637.28 4635.08 4633.39 4631.62 4630.27 4629.13 4628.23 4628.42 4629.26 4630.47 4626.89 4623.95 4621.04 4617.98 4618.71 4619.22 4618.88 4618.26 4617.09 4616.44 4616.08
4621.35 4624.45 4627.56 4629.61 4629.34 4626.63 4623.42 4619.76 4618.45 4618.84 4618.57 4618.92 4621.23 4624.29 4627.55 4629.79 4630.38 4631.39 4632.08 4631.01 4629.15 4628.22 4627.52 4628.5 4631.33 4633.54 4635.6 4637.38 4638.68 4641.82 4654.45 4667.18 4677.6 4682.48 4680.93 4676.42 4671.87 4668.32 4663.71 4659.65 4655.53 4651.68 4647.8 4645.96 4642.92 4640.63 4637.95 4635.42 4633.02 4630.9 4628.62 4626.75 4625.33 4623.6 4622.91 4622.38 4621.73 4623.41 4623.8 4622.03 4623.53 4623.57 4622.23 4620.51 4618.75 4617.25 4615.82
4618.71 4620.51 4622 4622.25 4620.85 4617.8 4618 4616.91 4615.77 4614.86 4613.27 4614.26 4619.2 4623.85 4627.74 4630.82 4632.92 4634.28 4633.47 4632.27 4631.87 4630.2 4628.52 4628.87 4629.67 4631.08 4633.34 4635.61 4637.94 4641.51 4653.3 4666.12 4677.92 4683.34 4679.95 4674.77 4671.04 4666.53 4662.59 4659.55 4655.98 4652.71 4649.6 4646.29 4643.26 4640.12 4637.34 4634.68 4631.66 4629.3 4627.17 4625.11 4622.49 4618.97 4615.68 4611.55 4615.44 4624.11 4630.94 4633.2 4631.72 4629.04 4625.92 4622.79 4619.9 4617.23 4614.99
4616.47 4617.41 4617.75 4617.26 4615.27 4612.26 4611.05 4612.02 4613.15 4613.55 4611.17 4612.5 4619.05 4624.53 4629.13 4632.89 4636.48 4637.17 4634.61 4631.95 4629.74 4628.8 4628.45 4629.29 4630.26 4632.08 4634.26 4637.3 4640.78 4646.35 4654.95 4663.97 4673.13 4678.2 4674.45 4670.8 4668.2 4663.43 4661 4658.15 4655.24 4651.93 4648.96 4645.6 4642.56 4639.65 4636.87 4634.28 4631.56 4628.9 4626.25 4623.38 4620.22 4616.47 4612.45 4608.98 4614.42 4626.69 4639.41 4646.26 4639.28 4633.73 4628.88 4624.57 4620.72 4617.18 4614.56
4613.78 4613.69 4613.31 4612.23 4611.5 4610.54 4608.72 4608.48 4609.23 4610.99 4612.55 4616.46 4622.02 4627 4631.21 4634.49 4636.6 4636.55 4634.64 4631.09 4625.77 4627.25 4628.27 4629.17 4630.69 4632.63 4634.97 4638.52 4643.8 4651.93 4656.12 4658.63 4661.95 4664.01 4663.16 4662.83 4662.77 4662.46 4658.13 4656.13 4654.38 4651.92 4649.06 4644.74 4641.94 4638.91 4636.13 4633.42 4631.04 4628.24 4625.54 4622.62 4619.42 4615.94 4612.7 4611.29 4616.93 4629.31 4639.83 4643.93 4641.61 4635.74 4630.17 4625.55 4621.21 4617.2 4613.53
4611.6 4610.53 4609.8 4608.91 4608.75 4609.43 4608.46 4606.27 4604.72 4607.45 4615.17 4622.99 4627 4630.69 4633.89 4636 4637.56 4638.03 4634.82 4632.23 4631.19 4629.04 4628.56 4629.64 4631.07 4632.71 4634.85 4638.02 4642.55 4649.4 4650.73 4649.89 4648.91 4646.57 4650.34 4653.16 4654.37 4654.47 4654.93 4654.27 4652.69 4650.68 4647.64 4645.97 4641.06 4638.43 4636.39 4633.57 4630.53 4627.95 4625.07 4621.66 4618.97 4616.16 4614.38 4614.25 4619.37 4631.22 4645.76 4647.57 4640.7 4634.85 4629.63 4625.14 4620.92 4616.91 4613.06
4609.18 4608.17 4607.33 4606.49 4605.36 4605.36 4606.46 4606.27 4605.85 4609.98 4619.18 4626.63 4632.13 4635.45 4637.16 4637.4 4636.93 4635.77 4632.37 4630.82 4630.08 4629.12 4629.08 4630.03 4631.43 4632.57 4634.17 4636.2 4637.96 4638.61 4638.86 4640.42 4639.81 4638.07 4642.1 4645.97 4648.83 4649.73 4649.48 4648.5 4646.96 4645.02 4643.44 4641.09 4639.42 4637.27 4634.65 4631.97 4629.36 4627.43 4624.68 4621.37 4619.2 4617.52 4616.57 4617.53 4621.64 4628.28 4636.65 4638.76 4634.86 4630.87 4627.06 4623.39 4619.97 4616.41 4612.77
4607.04 4606.45 4605.76 4605.09 4604.22 4602.68 4605.67 4608.89 4612.62 4618.61 4626.41 4633.11 4638.92 4641.53 4641.23 4638.93 4634.87 4629.64 4627.81 4626.52 4624.64 4628.34 4629.7 4630.83 4631.8 4632.6 4633.76 4634.4 4634.21 4632.28 4631.6 4634.85 4635.83 4636.58 4639.21 4642.44 4645.21 4646.55 4646.3 4645.55 4644.26 4641.69 4639.2 4636.98 4634.53 4633.15 4630.84 4628.54 4625.81 4624.87 4622.77 4620.64 4619.42 4618.28 4618.02 4619.28 4621.83 4620.96 4618.66 4623.31 4625.6 4625.12 4623.38 4621.04 4618.91 4616 4612.47
4604.76 4604.61 4604.45 4604.7 4605.75 4607.28 4608.34 4612.68 4619.09 4626.96 4635.83 4644.13 4648.85 4649.1 4646.37 4641.67 4635.5 4628.98 4627.44 4627.33 4628.27 4630.64 4631.71 4632.43 4633.29 4633.38 4633.56 4633.44 4633.02 4632.26 4632.6 4634.23 4635.4 4636.59 4638.59 4641.45 4643.17 4643.85 4643.29 4642.32 4641.4 4639.8 4637.53 4635.61 4631.9 4629.86 4627.57 4625.62 4624.68 4623.11 4621.48 4619.88 4619.46 4618.83 4618.38 4618.58 4618.34 4614.61 4610.55 4614.27 4618.36 4620.08 4620.05 4618.98 4617.5 4615.04 4612.68
4602.54 4602.83 4603.49 4604.03 4604.62 4605.58 4609.39 4615.44 4623.05 4633.05 4644.42 4655.14 4659.84 4657.09 4651.48 4645.34 4639.01 4633.35 4632.39 4634.27 4635.12 4635.34 4635.01 4635.01 4634.56 4634.02 4633.58 4633.16 4633.03 4633.52 4635 4635.69 4637 4637.83 4639.77 4642.11 4643.02 4642.88 4641.5 4639.36 4637.75 4636.04 4634.47 4633.2 4631.03 4629.32 4627.77 4624.95 4623.38 4621.78 4620.52 4619.63 4619.48 4618.81 4618.28 4617.19 4615.33 4611.91 4608.55 4611.48 4614.64 4616.69 4617.42 4617.18 4616.32 4614.64 4613.24
4601.16 4601.73 4602.46 4603.26 4604.53 4606.57 4610.18 4616.57 4626.08 4636.25 4649.07 4663.85 4670.07 4662.51 4654.85 4648.25 4643.16 4640.23 4640.93 4643.18 4642.61 4640.82 4638.89 4637.48 4636.1 4634.34 4633.49 4632.97 4633.07 4633.87 4635.53 4637.32 4639.31 4642.21 4644.52 4644.32 4643.46 4641.38 4639.04 4637.21 4635.44 4633.73 4631.03 4629.29 4627.9 4626.29 4625.04 4626.02 4624.74 4623.4 4622.36 4620.22 4619.64 4619.2 4618.59 4617.65 4616.25 4613.85 4612.05 4612.27 4613.75 4615.12 4615.95 4616.2 4616.07 4614.48 4614.36
4600.31 4600.86 4601.65 4602.61 4604.02 4606.05 4608.78 4613.8 4622.15 4633.01 4646.32 4660.74 4667.46 4660.75 4653.75 4648.33 4645.25 4645.1 4647.54 4650.48 4648.66 4644.69 4641.07 4638.1 4635.91 4634.01 4632.83 4632.15 4631.93 4632.95 4635.65 4636.82 4640.02 4644.38 4647.22 4645.81 4643 4640.38 4638.52 4637.05 4635.59 4632.98 4631.14 4629.83 4628.74 4627.58 4624.01 4622.93 4621.99 4621.5 4621.35 4620.93 4620.58 4620.29 4619.81 4619.36 4619.48 4617.27 4614.16 4613.76 4614.16 4614.67 4615.19 4615.52 4615.2 4615.71 4616.55
4599.6 4600.17 4600.94 4601.78 4602.74 4603.15 4605.54 4608.37 4612.75 4624.43 4637.06 4648.16 4653.58 4651.25 4647.33 4644.3 4643.14 4644.37 4648.56 4654.71 4650.98 4645.15 4640.46 4636.99 4634.33 4632.41 4631 4629.85 4629.61 4629.92 4630.14 4633.25 4638.08 4643.79 4648.87 4644.8 4641.09 4637.93 4635.62 4633.91 4632.4 4631.14 4630.04 4628.96 4628.09 4624.99 4623.84 4623.17 4622.62 4622.32 4620.42 4620.17 4620.59 4620.64 4620.73 4620.35 4620 4617.16 4615.15 4615.27 4615.04 4614.75 4614.79 4614.99 4615.11 4616.03 4618.03
4599.5 4599.8 4600.44 4601.06 4601.5 4601.94 4603.31 4604.91 4608.31 4616.7 4625.91 4633.35 4637.61 4637.79 4637.12 4636.5 4636.85 4639.02 4644.1 4649.75 4646.7 4641.85 4637.75 4634.48 4631.51 4629.65 4628.36 4627.45 4626.9 4626.81 4627.5 4629.74 4633.67 4638.26 4641.17 4639.41 4636.43 4633.82 4631.7 4630.03 4628.72 4627.92 4627.22 4626.54 4625.75 4625.23 4624.79 4624 4623.73 4623.28 4621.76 4621.79 4621.86 4621.89 4622.01 4621.29 4620.3 4619.59 4619.21 4617.89 4616.82 4615.72 4615.31 4615.3 4615.71 4616.12 4618.18
4599.35 4599.63 4600.19 4600.92 4601.94 4602.8 4602.24 4602.69 4605.23 4610.29 4615.78 4619.51 4620.51 4623.41 4625.53 4626.65 4627.61 4629.01 4631.9 4637.9 4637.17 4634.55 4632.11 4629.93 4628.08 4626.54 4625.35 4624.41 4623.74 4623.28 4622.91 4623.99 4627.49 4630.76 4632.79 4631.39 4629.66 4628.08 4626.6 4625.4 4624.45 4623.88 4623.82 4623.4 4622.64 4622.35 4622.13 4621.95 4621.9 4622.03 4622.09 4622.3 4622.61 4623.04 4623.4 4623.13 4622.79 4623.31 4623.16 4620.33 4618.13 4616.65 4615.81 4615.31 4615.46 4616.24 4617.58
4598.94 4599.24 4599.79 4600.53 4601.69 4601.68 4600.91 4600.5 4601.56 4604.98 4607.96 4609.31 4609.16 4611.96 4615.15 4616.91 4617.6 4617.56 4617.66 4622.16 4625.29 4625.57 4625.23 4624.41 4623.79 4622.85 4621.8 4621.16 4620.58 4620.14 4619.51 4619.85 4622.06 4623.16 4622.27 4622.46 4622.21 4621.87 4621.19 4620.64 4620.2 4619.98 4620.05 4619.89 4620.08 4620.02 4619.16 4619.2 4619.74 4619.96 4620.26 4620.69 4621.39 4622.25 4623.39 4624.52 4625.97 4627.36 4625.75 4621.7 4618.63 4616.74 4615.88 4615.32 4615.59 4616.36 4617.07
4598.65 4598.84 4599.19 4599.42 4599.22 4599.54 4599.75 4599.49 4599.94 4601.72 4602.98 4603.29 4603.13 4604.88 4607.44 4608.83 4609.04 4608.48 4607.9 4609.69 4614.64 4616.93 4618.25 4618.69 4618.73 4618.41 4617.96 4617.47 4617.25 4617.24 4617.99 4619.38 4617.83 4616.73 4615.85 4615.46 4615.26 4615.67 4615.98 4616.23 4616.18 4616.48 4616.57 4616.46 4616.34 4616.42 4617.05 4616.89 4617.08 4617.73 4618.13 4618.63 4619.38 4620.5 4622.16 4624.19 4627.63 4630.42 4626.07 4620.69 4617.73 4616.29 4615.66 4616.01 4616.62 4617.68 4618.48
4597.87 4598.08 4598.26 4598.56 4598.64 4598.61 4599.3 4600.2 4600.5 4600.26 4600.18 4600.04 4600.3 4601.25 4602.51 4603.21 4603.06 4602 4600.67 4602.58 4607.2 4610.12 4612.29 4613.44 4614.04 4614.19 4613.85 4613.66 4613.51 4613.51 4614 4614.53 4611.99 4610.14 4608.77 4608.22 4608.39 4609.74 4610.69 4611.61 4612.32 4612.85 4613.04 4613.62 4614 4614.07 4614.25 4614.28 4614.04 4614.32 4614.62 4615.18 4615.98 4617.13 4618.99 4621.48 4624.73 4626.44 4618.58 4616.02 4615 4614.88 4615.47 4616.48 4617.95 4619.75 4621.68
4597.18 4597.21 4597.16 4597.08 4596.9 4597.24 4598.4 4600.31 4600.59 4599.13 4598.36 4598.14 4598.34 4598.87 4599.33 4599.58 4599.35 4598.33 4597.48 4599.5 4602.78 4605.48 4607.76 4609.32 4609.82 4610.24 4610.33 4610.28 4610 4609.42 4608.4 4606.23 4605.2 4603.58 4601.49 4600.57 4602.06 4604.47 4606.2 4607.69 4608.8 4609.65 4610.29 4610.42 4610.77 4611.07 4611.31 4611.53 4611.84 4612.61 4612.84 4613.16 4613.59 4614.17 4615.02 4615.87 4616.08 4611.7 4608.58 4610.22 4611.41 4613.01 4614.72 4616.78 4619.3 4622.45 4626.3
4596.43 4596.14 4595.78 4595.36 4594.39 4595.16 4596.36 4597.34 4597.81 4597.34 4596.81 4596.59 4596.49 4596.88 4597.07 4597.46 4597.4 4597.01 4595.91 4598.03 4600.25 4602.37 4604.3 4605.45 4606.47 4607.05 4607.17 4607.07 4606.34 4605.63 4604.27 4602.09 4600.77 4598.92 4595.81 4593.72 4597.07 4600.45 4602.63 4604.18 4605.77 4606.91 4607.73 4608.15 4609.15 4609.56 4609.89 4610.15 4610.27 4610.4 4610.25 4610.29 4610.29 4610.56 4610.15 4609.63 4608.25 4604.74 4602.7 4605.8 4608.55 4611.27 4613.96 4616.96 4620.57 4625.78 4631.98
4595.6 4595.08 4594.44 4593.59 4592.99 4593.51 4594.41 4594.93 4595.3 4595.44 4595.27 4594.9 4594.44 4594.17 4595.23 4596.19 4597.21 4598.05 4598.37 4597.96 4598.61 4599.88 4601.18 4602.28 4603.16 4603.77 4604.1 4603.81 4603.55 4602.94 4601.93 4600.67 4599.35 4597.24 4594.58 4592.04 4596.16 4598.72 4600.43 4602.04 4603.63 4604.77 4605.72 4606.43 4607.02 4607.22 4607.53 4607.74 4607.78 4607.79 4607.62 4607.49 4607.11 4606.44 4605.31 4603.92 4601.69 4599.61 4600.31 4604.04 4607.58 4610.96 4614.35 4618.09 4622.53 4628.39 4635.82
4594.67 4594.06 4593.45 4592.58 4591.82 4592.25 4593.04 4593.87 4594.06 4593.96 4593.84 4593.49 4593.01 4593.01 4594.02 4595.47 4597.12 4599.53 4601.44 4597.86 4597.64 4598.37 4599.28 4599.96 4600.66 4601.19 4601.51 4601.49 4601.31 4600.89 4600.19 4599.71 4598.51 4597.11 4596.72 4599.39 4597.7 4598.18 4599.19 4600.5 4601.75 4602.76 4603.47 4603.74 4604.31 4604.64 4605.1 4605.34 4605.45 4605.86 4605.55 4605.49 4604.77 4603.58 4601.76 4599.9 4598.54 4598.85 4601.74 4604.52 4607.82 4611.21 4614.9 4619.06 4623.94 4629.93 4637.71
