real_craters/C155-750m.grd
DSAA
143 143
-53.2 53.2
-53.2 53.2
3295.9273896535 5354.5019736027
[rows 76 to 113 of 143, columns 0 to 83 of 143]
4613 4612 4613 4616 4619 4622 4624 4625 4623 4623 4628 4631 4640 4651 4655 4657 4655 4652 4647 4644 4649 4648 4641 4639 4638 4638 4644 4651 4658 4661 4667 4669 4672 4675 4678 4680 4677 4677 4681 4686 4691 4699 4706 4711 4703 4721 4789 4852 4943 4952 4978 4937 5101 4961 4884 4710 4428 4135 3871 3691 3618 3594 3569 3599 3544 3488 3446 3447 3472 3497 3508 3501 3467 3399 3381 3401 3389 3362 3327 3319 3355 3431 3505 3571
4614 4612 4613 4615 4619 4624 4627 4628 4628 4628 4635 4652 4668 4675 4674 4673 4659 4650 4642 4636 4628 4623 4629 4632 4632 4633 4640 4647 4653 4659 4660 4666 4669 4673 4676 4679 4676 4676 4678 4682 4686 4689 4690 4695 4703 4731 4805 4909 4885 4921 4959 4918 5020 5045 4955 4747 4497 4246 4012 3829 3751 3695 3720 3657 3590 3526 3478 3478 3501 3525 3534 3525 3506 3449 3420 3410 3394 3375 3352 3359 3401 3482 3544 3681
4612 4612 4613 4615 4620 4626 4630 4632 4636 4641 4647 4674 4703 4696 4682 4672 4660 4650 4638 4628 4618 4613 4621 4628 4632 4632 4639 4643 4646 4645 4652 4660 4664 4668 4671 4673 4679 4675 4672 4671 4676 4680 4684 4687 4700 4722 4777 4804 4857 4866 4841 4871 4964 5062 4895 4751 4578 4371 4166 4001 3911 3832 3822 3731 3644 3567 3514 3518 3537 3548 3558 3556 3537 3502 3478 3454 3434 3416 3405 3461 3573 3558 3683 3784
4610 4612 4613 4615 4616 4623 4629 4634 4639 4650 4649 4675 4704 4697 4677 4659 4655 4640 4633 4624 4616 4614 4619 4628 4638 4643 4642 4641 4642 4643 4650 4657 4660 4663 4666 4668 4671 4666 4666 4666 4669 4673 4679 4695 4703 4723 4791 4860 4862 4859 4837 4864 4945 5097 5057 4878 4691 4511 4343 4215 4098 4043 3937 3827 3716 3616 3545 3552 3582 3606 3604 3593 3571 3543 3521 3506 3491 3478 3481 3538 3602 3652 3812 3873
4613 4613 4614 4615 4618 4623 4629 4634 4637 4639 4650 4678 4704 4697 4664 4642 4629 4621 4619 4620 4612 4609 4615 4626 4638 4644 4641 4639 4640 4640 4651 4654 4656 4657 4658 4659 4657 4658 4663 4667 4668 4671 4677 4698 4709 4731 4779 4827 4848 4848 4840 4858 4933 5100 5169 4988 4802 4638 4508 4425 4281 4197 4069 3937 3804 3677 3579 3586 3626 3655 3647 3632 3612 3586 3565 3564 3569 3564 3551 3636 3687 3744 3855 3955
4617 4615 4614 4615 4620 4626 4633 4635 4635 4650 4670 4698 4758 4666 4627 4619 4614 4618 4614 4611 4609 4607 4614 4623 4631 4634 4634 4634 4635 4643 4648 4649 4650 4651 4653 4653 4654 4662 4664 4669 4668 4670 4679 4689 4705 4727 4746 4773 4803 4813 4824 4842 4918 5049 5156 5027 4874 4746 4641 4576 4451 4353 4218 4073 3920 3762 3624 3686 3670 3678 3682 3670 3652 3623 3602 3656 3683 3694 3725 3806 3905 4013 3908 4003
4618 4617 4616 4616 4618 4624 4629 4628 4632 4639 4715 4754 4586 4566 4584 4595 4600 4602 4607 4611 4615 4619 4623 4621 4626 4626 4626 4626 4625 4628 4635 4640 4643 4647 4648 4650 4651 4656 4659 4662 4665 4668 4670 4681 4695 4710 4729 4750 4773 4792 4792 4810 4882 4960 4978 4971 4901 4821 4746 4684 4577 4498 4369 4218 4053 3891 3795 3709 3698 3717 3738 3753 3743 3722 3725 3815 3829 3843 3883 4000 4100 4148 4119 4208
4618 4620 4620 4620 4624 4621 4624 4629 4641 4663 4713 4704 4595 4544 4564 4586 4597 4603 4608 4613 4619 4628 4626 4618 4610 4614 4619 4620 4619 4616 4624 4631 4636 4641 4645 4648 4654 4661 4656 4656 4664 4669 4675 4680 4690 4698 4710 4730 4749 4762 4779 4786 4850 4923 4931 4933 4916 4883 4843 4825 4763 4663 4535 4381 4207 4017 3825 3717 3728 3776 3818 3833 3854 3881 3953 3981 3964 4005 4094 4199 4329 4367 4337 4570
4623 4625 4622 4616 4611 4620 4626 4637 4647 4669 4706 4736 4613 4555 4580 4596 4601 4607 4611 4616 4621 4622 4617 4612 4609 4610 4614 4618 4620 4619 4622 4626 4633 4637 4643 4647 4653 4657 4657 4659 4665 4672 4674 4684 4691 4698 4704 4720 4732 4736 4755 4796 4838 4883 4920 4936 4937 4936 4940 4983 4944 4835 4704 4560 4408 4219 4000 3867 3882 3927 3973 3959 3986 4000 4021 4023 4058 4082 4186 4360 4515 4631 4720 4684
4634 4636 4630 4623 4626 4625 4629 4638 4647 4662 4680 4675 4654 4648 4631 4622 4620 4619 4620 4621 4623 4624 4619 4610 4600 4606 4613 4619 4623 4619 4617 4622 4629 4634 4641 4647 4652 4657 4658 4660 4666 4677 4694 4690 4697 4706 4717 4727 4730 4731 4768 4793 4837 4864 4912 4937 4944 4971 5007 5050 5064 4969 4858 4748 4653 4569 4437 4287 4217 4184 4190 4245 4156 4097 4026 4060 4186 4272 4366 4517 4711 4916 4876 4958
4633 4647 4665 4631 4629 4628 4633 4637 4640 4644 4654 4656 4685 4700 4670 4647 4637 4634 4630 4629 4630 4631 4631 4617 4608 4610 4615 4620 4627 4625 4624 4628 4629 4634 4641 4649 4655 4659 4662 4665 4665 4664 4669 4686 4700 4713 4733 4739 4742 4755 4799 4850 4859 4852 4869 4889 4942 4995 5050 5099 5150 5064 4984 4906 4853 4855 4804 4727 4607 4460 4372 4274 4265 4218 4217 4340 4337 4405 4505 4614 4742 4841 4919 5166
4626 4640 4647 4621 4622 4625 4631 4633 4630 4632 4640 4647 4663 4678 4675 4661 4648 4640 4638 4633 4630 4630 4631 4622 4617 4617 4616 4618 4623 4621 4620 4619 4625 4633 4641 4648 4654 4661 4664 4665 4665 4667 4673 4685 4701 4717 4726 4736 4752 4773 4791 4844 4872 4873 4853 4862 4947 5017 5083 5143 5125 5147 5086 5015 4951 4881 4846 4828 4775 4618 4509 4475 4394 4351 4329 4334 4397 4495 4590 4696 4794 5028 5156 5117
4619 4622 4618 4616 4613 4622 4631 4634 4632 4629 4631 4637 4653 4682 4675 4665 4656 4648 4640 4633 4627 4621 4612 4628 4632 4624 4617 4611 4606 4620 4609 4608 4625 4636 4644 4650 4655 4660 4663 4665 4667 4668 4674 4681 4699 4714 4721 4733 4756 4788 4804 4830 4872 4885 4889 4927 4969 5035 5111 5208 5319 5271 5156 5070 4999 4896 4839 4733 4668 4665 4569 4505 4529 4524 4477 4365 4444 4573 4655 4796 4989 5067 5048 5001
4612 4611 4610 4607 4614 4627 4635 4636 4628 4629 4633 4641 4655 4655 4658 4658 4652 4646 4638 4632 4625 4618 4613 4637 4642 4628 4617 4608 4601 4616 4620 4627 4636 4641 4647 4650 4653 4655 4662 4666 4668 4671 4673 4678 4695 4723 4723 4722 4746 4771 4777 4797 4821 4866 4888 4927 4971 5031 5104 5194 5308 5264 5152 5084 5048 5038 4917 4813 4781 4788 4733 4688 4727 4758 4774 4732 4662 4535 4702 4841 4948 4962 4957 4932
4607 4605 4603 4611 4626 4641 4639 4628 4625 4630 4633 4634 4632 4636 4642 4646 4644 4638 4633 4627 4623 4619 4619 4620 4626 4622 4616 4608 4603 4605 4631 4646 4649 4649 4648 4649 4650 4652 4661 4667 4668 4670 4670 4673 4680 4687 4701 4711 4729 4742 4751 4765 4780 4815 4869 4905 4956 5004 5055 5108 5118 5099 5075 5038 5016 5018 4952 4926 4934 4939 5012 4982 4927 4962 5065 5195 5054 4908 4835 4848 4882 4880 4882 4860
4602 4603 4606 4620 4647 4663 4647 4635 4639 4636 4634 4633 4634 4639 4643 4642 4637 4632 4627 4625 4622 4619 4617 4611 4614 4616 4614 4612 4604 4616 4640 4661 4656 4652 4651 4651 4651 4653 4663 4666 4664 4662 4664 4663 4667 4676 4691 4705 4723 4732 4730 4758 4786 4802 4851 4901 4935 4965 5003 5028 5020 5012 4993 4961 4917 4872 4903 4909 4947 4950 4955 4993 5000 5062 5172 5289 5267 5100 4923 4837 4804 4841 4820 4791
4600 4601 4603 4610 4637 4653 4644 4646 4651 4639 4632 4630 4630 4641 4645 4637 4632 4629 4625 4623 4620 4621 4620 4615 4615 4615 4616 4625 4652 4647 4654 4653 4655 4655 4654 4653 4652 4649 4657 4662 4663 4663 4667 4669 4676 4687 4700 4714 4727 4750 4744 4756 4765 4779 4823 4874 4899 4912 4938 4961 4975 4990 4938 4906 4872 4852 4865 4885 4867 4887 4936 4962 5000 5052 5112 5192 5239 5016 4911 4839 4793 4792 4769 4769
4599 4600 4603 4602 4612 4615 4622 4623 4631 4628 4625 4623 4621 4626 4627 4624 4623 4622 4621 4621 4621 4622 4624 4626 4619 4616 4616 4619 4633 4671 4668 4666 4658 4652 4653 4656 4658 4664 4667 4666 4669 4670 4676 4680 4689 4704 4710 4712 4728 4730 4736 4751 4763 4766 4786 4798 4818 4854 4876 4891 4897 4904 4876 4864 4852 4844 4842 4838 4818 4844 4885 4921 4955 4979 4988 4973 4949 4877 4849 4827 4805 4776 4770 4772
4598 4598 4599 4601 4600 4601 4603 4601 4607 4613 4614 4614 4614 4611 4608 4610 4612 4613 4614 4614 4615 4616 4621 4621 4615 4616 4620 4625 4649 4682 4670 4650 4630 4639 4645 4651 4662 4672 4675 4680 4691 4694 4694 4693 4695 4717 4722 4728 4746 4764 4756 4754 4745 4745 4751 4763 4780 4804 4822 4830 4825 4801 4822 4830 4839 4840 4834 4822 4825 4851 4872 4894 4909 4916 4902 4852 4786 4790 4798 4793 4785 4777 4752 4748
4596 4595 4594 4596 4596 4596 4597 4597 4599 4603 4605 4605 4603 4599 4591 4600 4605 4607 4608 4609 4609 4609 4607 4600 4608 4616 4627 4649 4692 4695 4671 4638 4634 4633 4637 4645 4660 4678 4688 4703 4711 4713 4712 4715 4724 4730 4739 4745 4764 4782 4762 4749 4761 4720 4730 4746 4761 4777 4791 4798 4791 4778 4798 4815 4833 4841 4841 4832 4851 4869 4878 4880 4878 4874 4856 4851 4812 4778 4783 4784 4778 4779 4749 4741
4594 4592 4591 4593 4593 4592 4595 4597 4597 4599 4600 4600 4599 4597 4597 4597 4600 4602 4603 4605 4604 4602 4597 4601 4609 4618 4630 4652 4696 4695 4675 4653 4637 4632 4630 4633 4642 4675 4678 4702 4706 4713 4721 4730 4741 4745 4757 4771 4774 4776 4761 4733 4711 4714 4722 4738 4754 4771 4783 4787 4788 4788 4804 4817 4837 4841 4849 4872 4856 4849 4843 4851 4851 4847 4841 4825 4783 4780 4777 4777 4775 4778 4758 4737
4591 4590 4590 4591 4591 4592 4594 4596 4596 4597 4598 4597 4597 4595 4593 4595 4597 4599 4600 4601 4602 4601 4601 4602 4609 4619 4633 4645 4675 4685 4668 4646 4628 4622 4618 4616 4612 4608 4638 4668 4696 4713 4725 4734 4742 4755 4766 4787 4784 4764 4757 4737 4711 4704 4720 4741 4771 4774 4783 4788 4794 4806 4814 4820 4825 4831 4831 4835 4832 4828 4828 4831 4832 4829 4825 4817 4807 4785 4777 4779 4784 4777 4765 4734
4590 4590 4590 4591 4591 4589 4590 4595 4596 4596 4596 4596 4595 4595 4595 4595 4595 4595 4596 4597 4598 4600 4603 4601 4605 4620 4639 4664 4689 4675 4657 4637 4617 4612 4607 4604 4600 4600 4606 4634 4681 4710 4725 4735 4744 4753 4745 4741 4700 4633 4702 4787 4736 4714 4733 4753 4764 4785 4793 4794 4795 4795 4803 4816 4826 4816 4803 4792 4800 4810 4811 4809 4809 4809 4808 4809 4798 4772 4767 4763 4771 4758 4755 4726
4588 4588 4589 4590 4590 4591 4592 4591 4595 4595 4595 4595 4595 4593 4597 4596 4594 4593 4594 4595 4596 4597 4597 4595 4600 4618 4640 4662 4664 4660 4643 4623 4604 4600 4597 4596 4598 4599 4604 4618 4675 4702 4717 4731 4751 4742 4713 4648 4515 4459 4593 4728 4764 4740 4753 4780 4810 4817 4807 4798 4792 4788 4789 4802 4798 4793 4778 4771 4767 4776 4784 4788 4791 4792 4791 4786 4774 4752 4753 4756 4754 4745 4743 4723
4587 4583 4588 4590 4590 4591 4590 4590 4591 4594 4594 4595 4596 4598 4593 4589 4591 4593 4594 4595 4596 4596 4596 4594 4600 4615 4635 4658 4662 4646 4628 4611 4591 4590 4593 4596 4598 4602 4608 4636 4674 4692 4705 4716 4721 4710 4710 4666 4616 4488 4561 4656 4736 4746 4757 4785 4823 4826 4810 4797 4787 4778 4778 4789 4797 4770 4746 4736 4737 4738 4754 4762 4767 4768 4767 4766 4748 4730 4742 4743 4736 4756 4751 4736
4589 4586 4587 4588 4589 4590 4591 4589 4592 4593 4594 4594 4594 4594 4591 4590 4591 4593 4595 4596 4596 4596 4597 4596 4599 4609 4622 4637 4642 4629 4615 4603 4594 4592 4593 4599 4598 4610 4630 4659 4673 4681 4688 4696 4716 4742 4748 4728 4639 4582 4624 4680 4793 4750 4750 4771 4796 4803 4797 4787 4780 4771 4762 4768 4763 4748 4728 4721 4723 4727 4734 4743 4748 4750 4748 4742 4743 4732 4743 4747 4752 4764 4750 4735
4587 4586 4587 4588 4589 4589 4587 4589 4592 4593 4593 4593 4592 4591 4590 4589 4592 4594 4596 4597 4598 4597 4596 4597 4597 4603 4605 4601 4606 4608 4603 4598 4593 4593 4599 4606 4619 4625 4636 4649 4657 4666 4674 4683 4711 4784 4784 4817 4845 4746 4726 4793 4769 4736 4732 4753 4768 4771 4775 4776 4772 4773 4776 4756 4743 4733 4723 4718 4719 4724 4728 4730 4730 4731 4731 4733 4733 4752 4751 4741 4738 4735 4729 4712
4583 4584 4587 4588 4588 4589 4590 4590 4591 4592 4591 4591 4590 4589 4589 4592 4593 4595 4598 4601 4601 4601 4601 4603 4605 4603 4597 4591 4590 4596 4596 4594 4595 4598 4603 4613 4620 4633 4641 4653 4644 4658 4670 4684 4707 4732 4772 4801 4841 4798 4748 4740 4742 4729 4735 4747 4747 4748 4754 4760 4765 4769 4775 4760 4740 4726 4715 4715 4718 4719 4718 4718 4717 4716 4717 4724 4713 4726 4737 4734 4728 4727 4714 4693
4582 4583 4588 4587 4588 4589 4591 4590 4589 4589 4589 4589 4589 4590 4591 4593 4596 4600 4604 4607 4610 4611 4612 4614 4617 4611 4599 4587 4590 4592 4593 4593 4592 4594 4608 4620 4630 4635 4640 4643 4643 4654 4671 4692 4715 4740 4749 4744 4702 4694 4717 4725 4743 4761 4767 4752 4741 4733 4740 4749 4754 4754 4744 4741 4734 4723 4715 4716 4720 4718 4708 4708 4708 4706 4702 4695 4695 4693 4707 4736 4722 4708 4707 4694
4585 4585 4585 4587 4588 4588 4588 4587 4587 4586 4587 4588 4588 4590 4593 4592 4597 4606 4613 4619 4622 4625 4624 4625 4629 4619 4606 4600 4594 4593 4594 4597 4599 4606 4617 4628 4634 4636 4633 4632 4639 4658 4677 4686 4711 4724 4732 4714 4681 4663 4698 4726 4732 4753 4763 4755 4741 4725 4733 4742 4747 4748 4749 4743 4729 4714 4706 4711 4717 4714 4704 4704 4702 4698 4692 4687 4686 4686 4694 4712 4709 4700 4702 4690
4586 4586 4590 4588 4588 4586 4584 4585 4585 4587 4586 4586 4586 4587 4591 4589 4601 4615 4624 4631 4635 4637 4636 4630 4627 4616 4602 4592 4594 4597 4600 4604 4610 4620 4626 4634 4641 4637 4632 4623 4645 4671 4688 4709 4720 4738 4733 4705 4664 4655 4678 4697 4718 4734 4755 4756 4746 4735 4741 4745 4746 4746 4747 4748 4725 4707 4700 4705 4713 4712 4710 4703 4699 4695 4690 4686 4685 4690 4692 4698 4700 4697 4694 4697
4588 4587 4589 4589 4589 4587 4584 4583 4585 4587 4586 4586 4585 4584 4582 4602 4621 4631 4639 4645 4648 4646 4641 4632 4618 4606 4599 4592 4596 4601 4604 4608 4614 4623 4626 4631 4638 4642 4646 4654 4682 4691 4698 4696 4714 4719 4711 4690 4658 4653 4656 4661 4654 4703 4750 4753 4754 4757 4756 4750 4747 4744 4740 4727 4711 4698 4694 4698 4707 4707 4706 4700 4695 4692 4689 4687 4685 4685 4692 4699 4692 4694 4701 4698
4593 4590 4591 4590 4589 4589 4588 4582 4584 4586 4586 4585 4585 4587 4595 4620 4643 4648 4653 4657 4662 4662 4649 4635 4622 4614 4606 4601 4600 4603 4607 4611 4614 4618 4621 4621 4631 4647 4665 4684 4698 4705 4710 4716 4714 4709 4695 4672 4656 4651 4637 4638 4652 4684 4718 4739 4749 4765 4760 4746 4743 4742 4734 4701 4694 4689 4687 4689 4689 4694 4694 4693 4690 4689 4690 4687 4683 4685 4689 4682 4676 4688 4693 4690
4593 4591 4590 4590 4589 4586 4584 4584 4585 4586 4586 4585 4586 4589 4600 4623 4647 4657 4660 4662 4666 4670 4651 4633 4618 4603 4601 4603 4605 4608 4611 4612 4613 4613 4617 4625 4636 4651 4670 4687 4685 4704 4711 4713 4710 4702 4693 4678 4653 4644 4638 4639 4647 4674 4714 4727 4732 4726 4722 4733 4736 4736 4733 4706 4687 4682 4684 4687 4688 4689 4688 4686 4683 4681 4682 4680 4678 4677 4685 4688 4685 4685 4681 4682
4592 4592 4593 4591 4589 4587 4584 4584 4586 4586 4587 4587 4587 4589 4598 4624 4660 4665 4662 4658 4654 4650 4640 4629 4616 4609 4602 4608 4613 4615 4617 4618 4616 4614 4620 4634 4641 4653 4667 4677 4687 4696 4710 4713 4701 4691 4684 4664 4650 4647 4653 4642 4648 4669 4692 4708 4717 4714 4716 4725 4729 4727 4717 4692 4679 4677 4679 4688 4697 4688 4682 4680 4680 4676 4664 4670 4673 4677 4685 4687 4687 4687 4689 4681
4590 4592 4591 4590 4588 4585 4585 4586 4585 4587 4589 4588 4587 4589 4597 4621 4662 4662 4657 4650 4637 4630 4630 4626 4616 4605 4620 4622 4622 4623 4624 4623 4623 4624 4625 4626 4640 4658 4674 4686 4695 4715 4708 4695 4688 4674 4652 4638 4636 4623 4615 4636 4658 4679 4688 4701 4712 4718 4725 4728 4725 4718 4704 4685 4672 4665 4669 4676 4683 4682 4680 4681 4681 4680 4676 4675 4672 4669 4678 4680 4680 4681 4680 4680
4594 4590 4590 4590 4589 4586 4585 4582 4585 4588 4591 4589 4589 4590 4595 4608 4630 4651 4652 4644 4629 4624 4625 4625 4624 4619 4623 4628 4629 4630 4630 4630 4629 4628 4626 4624 4642 4665 4681 4697 4709 4724 4714 4695 4676 4659 4644 4637 4626 4612 4610 4635 4660 4678 4691 4699 4712 4725 4730 4733 4726 4716 4703 4687 4673 4665 4664 4666 4669 4674 4676 4678 4685 4690 4694 4687 4679 4671 4680 4679 4679 4678 4677 4679
4593 4588 4590 4591 4590 4589 4587 4588 4589 4589 4588 4591 4591 4592 4596 4611 4647 4661 4653 4641 4626 4623 4625 4628 4634 4646 4644 4637 4636 4635 4635 4637 4637 4636 4632 4629 4645 4674 4706 4709 4711 4702 4689 4677 4663 4649 4637 4630 4624 4612 4615 4642 4670 4694 4697 4699 4707 4722 4742 4731 4723 4715 4709 4697 4683 4667 4666 4665 4667 4671 4674 4678 4687 4700 4704 4694 4688 4683 4686 4683 4683 4679 4678 4680
