real_craters/C155-1000m.grd
DSAA
62 62
-30.4 30.4
-30.4 30.4
3357.2760822953 5197.5990158117
[rows 0 to 31 of 62, columns 0 to 61 of 62]
4965.41 4956.9 4945.96 4935.18 4914.76 4870.68 4849.42 4841.05 4839.39 4895.21 4919.6 4921.26 4927.13 4935.43 4938.82 4925.15 4915 4914.13 4917.37 4918.16 4910.73 4901.06 4894.06 4898.53 4905.17 4883.98 4939.07 4939.82 4957.27 4960.86 4939.06 4947.48 4938.71 4935.51 4950.31 4963 4973.77 4977.5 4980.44 4989.07 5000.93 5010.08 5030.71 5016.99 5036 5056.09 5075.15 5075.47 5089.74 5048.46 4987.34 4980.82 5113.74 5139.79 5134.71 5124.17 5132.08 5146.59 5164.71 5191.3 5197.6 5171.32
4960.95 4947.6 4935.26 4921.61 4909.33 4874.49 4839.56 4822.36 4829.28 4873.28 4895.02 4903.86 4911.76 4918.19 4918.12 4908.97 4899.19 4907.23 4909.35 4910.69 4906.32 4898.65 4890.98 4890.24 4895.66 4885.94 4923.39 4923.96 4936.67 4971.78 4937.37 4949.94 4941.14 4940.54 4935.63 4939.4 4951.04 4953.33 4954.67 4961.67 4970.88 4997.63 5028.34 5035.36 5023.59 5022.96 5025.33 5025.84 5036.06 5022.95 4997.16 5045.55 5077.05 5090.73 5090.32 5077.95 5094 5120.14 5147.86 5177.7 5193.23 5167.06
4956.82 4934.7 4922.68 4912.94 4900.03 4864.23 4836.87 4827.87 4817.28 4817.49 4855.55 4882.8 4894.15 4901.4 4905.14 4898.24 4896.01 4896.29 4896.76 4901.03 4907.56 4889.93 4881.97 4881.2 4874.76 4872.67 4900.75 4911.36 4927.87 4951.21 4966.51 4940.5 4925.66 4914.02 4903.92 4908.91 4919.2 4923.86 4930.81 4935.7 4940.27 4966.05 4999.17 5009 5012.36 5011.91 4991.44 4971.26 4992.48 4997.84 5019.03 5056.76 5046.03 5032.81 5032.56 5035.53 5055.04 5084.97 5112.55 5140.59 5148.54 5126.15
4923.03 4916.37 4909.06 4900.49 4881.25 4847.39 4842.69 4854.08 4843.19 4830.89 4853.01 4876.04 4893.8 4900.22 4897.52 4888.76 4875.58 4873.78 4878.64 4883.92 4890.18 4896.2 4884.65 4879.38 4878.51 4875.42 4898.46 4902.67 4908.8 4914.09 4944.76 4934.16 4904.99 4870.6 4868.07 4879.71 4880.39 4896.4 4906.28 4909.39 4912.95 4931.03 4959.45 4968.26 4971.82 4983.67 4962.7 4939.56 4944.45 4939.81 4969.18 4988.04 5005.29 5006.93 5009.78 5011.9 5029.15 5052.55 5073.4 5091.51 5103.62 5094.66
4909.05 4900.23 4898.01 4889.43 4857.86 4833.46 4833.48 4874.6 4859.29 4868.88 4865.05 4876.32 4895.57 4896.4 4893.46 4877.97 4857.99 4852.21 4857.37 4864.41 4867.56 4863.91 4868.31 4872.47 4881.2 4862.17 4891.19 4886.05 4873.26 4906.2 4905.02 4902.97 4886.31 4874.49 4869.27 4863.69 4867.23 4878.4 4885.25 4893.75 4902.12 4912.52 4925.75 4945.1 4954.09 4936.29 4923.33 4913.58 4915.62 4914.6 4935.23 4951.74 4959.77 4966.66 4977.09 4984.23 5002.95 5021.09 5040.16 5053.83 5077.37 5083.58
4898.59 4886.16 4887.42 4891.59 4871.94 4841.12 4830.25 4852.03 4861.37 4867.5 4862.82 4863.43 4863.87 4873.92 4873.41 4858.73 4843.43 4833.6 4839.91 4846.09 4853.47 4848.48 4845.23 4853.65 4872.55 4872.96 4874.62 4893.25 4883.35 4874.41 4867.58 4863.3 4858.88 4852.62 4850.15 4849.16 4851.97 4863.48 4874.1 4885.78 4898.33 4909.07 4923.57 4921.06 4926.56 4892.49 4880.42 4880.72 4907.83 4915.33 4918.91 4926.05 4918.87 4933.72 4947.44 4957.22 4977.75 4997.06 5017.96 5040.62 5081.09 5110.5
4895.3 4878.44 4878.53 4877.89 4875.28 4855.72 4848.94 4850.52 4872.04 4857.97 4850.55 4842.3 4834.75 4849.3 4857.07 4844.34 4816.37 4820.37 4824.41 4828.78 4832.11 4821.18 4822.22 4827.86 4820.26 4858.67 4860.75 4825.21 4864.52 4849.34 4839.27 4835.92 4832.19 4825.82 4823.97 4832.5 4845.65 4855.57 4870.07 4881.88 4889.45 4904.12 4920.74 4905.11 4878.02 4841.96 4835.57 4835.32 4848.9 4869.75 4887.39 4900.23 4894.35 4910.68 4925.39 4938.99 4954.93 4974.32 4996.78 5029.77 5073.77 5100.02
4897 4878.06 4872.42 4865.86 4857.36 4857.73 4858.69 4861.28 4863.92 4855.46 4834.64 4818.24 4812.19 4828 4844.84 4839.52 4805.57 4803.78 4805.25 4807.23 4809.78 4797.03 4802.61 4817.11 4842.11 4838.79 4862.6 4812.49 4839.72 4822.02 4823.36 4818.67 4815.73 4803.86 4783.65 4806.66 4826.82 4847.83 4866.1 4880.35 4884.78 4896.04 4893.06 4875.39 4854.56 4798.23 4804.48 4804.23 4790.33 4811.03 4853.42 4872.18 4885.57 4893.61 4905.72 4921.02 4930.98 4947.93 4969.66 4996.86 5037.93 5062.57
4897.35 4877.58 4877.24 4893.3 4899.32 4870.18 4855.44 4861.41 4842.98 4835.76 4817.53 4799.54 4793.99 4807.27 4828.7 4839.54 4799.7 4790.05 4788.86 4787.71 4785.52 4785.4 4789.19 4798.43 4815.17 4822.53 4859.71 4841.05 4831.86 4862.13 4838.67 4827.46 4815.02 4800.89 4798.41 4800.57 4819.39 4842.05 4863.16 4884.78 4901.66 4895.01 4887.07 4874.16 4842.42 4792.8 4802.57 4809.9 4816.73 4837.11 4846.92 4863.25 4876.15 4869.9 4876.87 4889.28 4903.86 4923.1 4945.14 4971.31 5007.74 5034.88
4874.65 4855.96 4873.6 4909.79 4895.81 4866.18 4833.42 4833.1 4820.87 4819.77 4800.71 4782.98 4777.42 4790.04 4802.62 4799.39 4782.24 4778.48 4776.54 4776.67 4774.74 4776.44 4777.51 4766.61 4756.18 4768.48 4816.31 4838.79 4821.93 4834.49 4837.5 4833.14 4818.07 4807.79 4789.8 4802.27 4821.97 4838.64 4853.34 4872.04 4889.76 4887.11 4888.49 4864.95 4829.5 4818.32 4822.13 4828.67 4833.35 4830.35 4838.84 4845.14 4843.39 4841.78 4839.99 4852.62 4873.72 4896.61 4919.72 4942.63 4977.33 5007.28
4846.93 4827.42 4849.7 4876.95 4871.05 4848.92 4832.4 4817.27 4809.49 4804.66 4787.27 4767.01 4760.68 4770.16 4781.47 4783.23 4774.03 4757.88 4764.77 4771.24 4776.97 4771.44 4762.7 4758.11 4750.25 4726.28 4732.24 4745.25 4780.2 4822.19 4825.4 4823.36 4816.17 4817.82 4828.7 4839.9 4831.11 4835.53 4842.66 4847.53 4859.31 4875.95 4875.13 4842.25 4822.77 4839.93 4843.91 4848.03 4859.3 4848.55 4835.43 4832.05 4816.19 4811.98 4803.31 4821.81 4849.55 4874.11 4897.08 4916.22 4936.44 4969.57
4823.02 4816.85 4817.45 4846.55 4859.48 4856.67 4850.02 4834.03 4816.7 4796.34 4778.13 4764.42 4755.87 4757.08 4764.71 4768.85 4764.51 4749.86 4754 4765.45 4772.84 4741.84 4724.25 4758.64 4770.25 4762.27 4783.03 4725.32 4716.32 4773.45 4801.03 4796.01 4798.74 4811.06 4824.26 4844.57 4833.96 4829.3 4823.02 4822.44 4850.16 4885.68 4881.3 4864.78 4826.94 4850.73 4854.2 4849.43 4847.38 4848.36 4837.8 4823.28 4808.97 4781.95 4785.25 4807.77 4831.93 4853.89 4874.96 4887.68 4889.06 4941.58
4805.24 4801.02 4803.15 4814.34 4834.89 4846.81 4843.22 4832.74 4816.57 4794.41 4769.85 4748.5 4745.22 4747.19 4749.53 4751.72 4743.57 4732.22 4739 4758.23 4760.98 4738.18 4725.89 4750.6 4767.76 4768.5 4785.38 4775.12 4744.91 4725.93 4731.38 4744.79 4767.02 4789.16 4816.39 4833.28 4819.97 4810.64 4807.83 4812.92 4855.51 4915.33 4955.49 4855.14 4834.17 4852.47 4842.7 4836.37 4833.6 4831.55 4817.45 4806.68 4784.11 4784.41 4796.57 4807.4 4819.89 4833.1 4844.3 4853.44 4870.06 4914.97
4801.51 4792.27 4796.14 4798.8 4813.42 4829.19 4843.37 4821.12 4807.47 4779.73 4759.95 4745.82 4741.12 4743.8 4744.59 4741.02 4717.58 4706.62 4717.26 4747.72 4768.35 4739.55 4711.14 4740.21 4756.23 4765.36 4779.61 4777.44 4787.31 4779.53 4698.9 4719.09 4737.15 4758.9 4784 4798.63 4800.37 4799.05 4797.66 4806.82 4861.27 4932.87 4968.13 4843.77 4859.14 4848.93 4821.79 4821.08 4821.35 4814.67 4807.61 4786.82 4757.52 4754.04 4802.34 4796.9 4802.61 4811.94 4818.02 4833.93 4847.86 4885.58
4792.81 4788.9 4800.12 4808.19 4801.06 4804.1 4835.24 4811.11 4785.15 4757.84 4750.72 4745.61 4735.64 4735.55 4739.17 4717.26 4684.72 4684.59 4693.77 4717.98 4737.48 4740.96 4743.02 4740.44 4750.37 4764.72 4763.29 4770.89 4765.44 4772.15 4741.26 4719.13 4729.1 4737.53 4745.55 4760.72 4782.8 4786.77 4792.53 4799.53 4859.29 4920.57 4949.99 4880.25 4846.3 4843.78 4805.51 4820.82 4825.33 4827.54 4827.35 4791.15 4754.14 4727.91 4735.55 4768.42 4784.95 4796.49 4807.77 4820.43 4835.94 4871.42
4774.42 4785.56 4799.66 4802.18 4794.63 4780.4 4811.81 4817.74 4789.52 4765.75 4748.48 4728.64 4725.5 4721.02 4721 4706.26 4682.23 4668.27 4675.37 4691.36 4711.35 4732.44 4737.59 4739.64 4759.69 4778.19 4802.21 4794.9 4780.19 4792.73 4732 4739.14 4757.01 4751.02 4723.71 4763.08 4760.74 4769.33 4785.21 4811.27 4846.18 4882.95 4910.01 4920.17 4933.11 4885.3 4862.04 4843.77 4838.33 4830.68 4831.13 4814.3 4792.68 4728.92 4718.77 4752.25 4776.17 4790 4792.05 4810.55 4827.66 4849.93
4765.09 4783.12 4785.69 4803.1 4794.7 4788.45 4795.93 4802.87 4786.02 4762.82 4753.09 4739.86 4716.54 4700.14 4685.38 4675.86 4642.45 4643.94 4658.11 4694.25 4718.2 4729.03 4749.31 4752.12 4794.92 4832.38 4874.7 4917.55 4907.11 4804.13 4790.2 4792.69 4815.43 4813.59 4789.92 4738.37 4745.51 4764.85 4787.99 4809.78 4839.55 4870.05 4895.54 4936.6 4970.13 4954.01 4890.75 4873.89 4857.25 4862.4 4841.45 4833.46 4813.82 4800.93 4766.85 4768.9 4784.66 4800.29 4813.51 4822.05 4829.92 4855.52
4777.97 4770.33 4762.27 4783.52 4790.85 4798.06 4794.9 4792.43 4767.6 4747.58 4736.52 4722.45 4698.32 4677.67 4663.29 4642.57 4634.69 4623.95 4632.81 4685.08 4712.55 4716.51 4724.77 4766.12 4846.37 4954.01 5044.67 4962.65 4957.16 4860.15 4870.66 4863.45 4847.88 4882.45 4873.41 4777.04 4791.28 4815.09 4802.32 4800.67 4833.87 4873.62 4897.38 4896.75 4943.78 4947.9 4943.48 4896 4862.13 4849.23 4841.7 4831.31 4819.83 4807.18 4798.78 4793.97 4801.2 4814 4825.38 4810.2 4839.03 4852.25
4765.32 4775.53 4791.32 4784.54 4778.89 4783.59 4786.87 4766.12 4737.92 4724.12 4707.76 4690.57 4669.72 4647.48 4623.86 4613.23 4610 4600.88 4597.93 4653.62 4682.06 4691.84 4703.91 4758.63 4850.47 4989.1 5038.85 5058.56 4994.31 4901.85 4775.36 4775.54 4787.97 4872.86 4992.97 5000.96 4986.66 4911.72 4838.68 4813.36 4821.59 4831.89 4851.06 4874.75 4895.33 4913.92 4927.11 4895.61 4855.87 4826.26 4832.21 4810.1 4800.66 4806.39 4808.31 4810.42 4814.36 4820.7 4823.19 4834.05 4848.87 4862.82
4774.02 4791.21 4806.65 4790.73 4767.87 4752.02 4763.96 4759.83 4717.56 4696.66 4680.44 4661.37 4639.15 4618.08 4605.41 4585.64 4573.72 4567.53 4579.93 4612.37 4648.56 4670.48 4683.04 4727.59 4755.39 4783.61 4734.82 4671.8 4574.65 4513.63 4507.14 4539.14 4601.62 4687.47 4859.07 5091.28 5120.45 4959.3 4845.34 4825.39 4832.41 4842.01 4838.19 4835.46 4823.7 4827.7 4859.56 4857.38 4826.46 4821.07 4798.27 4783.84 4786.37 4803.66 4800.12 4798.43 4808.49 4823.81 4833.65 4839.18 4848.48 4855.99
4757.34 4771.95 4768.03 4777.42 4770.23 4756.6 4754.36 4758.46 4704.43 4674.9 4658.68 4632.82 4608.68 4584.79 4570.16 4556.06 4535.27 4522.38 4533.78 4586.34 4644.64 4681.73 4695.27 4729.39 4624.63 4460.54 4358.47 4338.67 4351.08 4352.61 4344.88 4359.63 4379.29 4399.92 4479.33 4712.59 4818.6 4863.6 4913.89 4896.23 4874.36 4852.1 4841.22 4840.27 4866.25 4794.89 4787.78 4799.7 4782.71 4766.67 4779.95 4763.81 4776.19 4797.3 4774.32 4781.27 4793.66 4810.04 4827.57 4836.31 4833.65 4836.71
4680.2 4758.9 4762.64 4756.51 4749.17 4756.05 4744 4723.96 4682.17 4657.21 4627.61 4600.47 4578.2 4560.51 4551.34 4528.14 4503.96 4490.67 4500.62 4593.71 4640.04 4680.73 4729.02 4718.58 4491.02 4348 4305.12 4295.22 4292.56 4250.06 4201.13 4185.06 4208.32 4214.81 4256.67 4344.31 4409.65 4615.92 4849.1 4850.65 4866.04 4883.33 4851.48 4825.69 4840.32 4797.28 4779.64 4777.11 4760.91 4749.37 4748.06 4747.45 4754.19 4749.21 4750.41 4766.28 4778.15 4787.46 4801.9 4806.07 4816.48 4818.46
4602.79 4781.22 4755.15 4715.81 4708.68 4728.83 4727.4 4691.19 4654.38 4615.53 4584.71 4564.16 4543.76 4531.41 4520.97 4496.26 4471.52 4465.33 4503.34 4583.02 4605.12 4606.22 4611.03 4353.5 4309.58 4256.43 4216.25 4199.43 4167.35 4133.74 4097.09 4078.43 4115.44 4141.67 4164.96 4188.25 4256.74 4327.77 4350.02 4595.27 4751.04 4891.75 4836.21 4791.6 4789.76 4777.8 4777.52 4759.54 4737.64 4732.26 4738.82 4732.06 4736.1 4731.76 4745.73 4756.43 4765.96 4773.49 4784.34 4794.15 4813.01 4833.03
4503.71 4631.51 4640.78 4646.17 4620.6 4644.8 4659.74 4647.46 4590 4565.37 4541.76 4524.89 4505.06 4485.7 4475.25 4462.45 4443.79 4446.38 4534.96 4608.16 4561.4 4480.05 4351.02 4264.03 4200.51 4173.67 4112.41 4069.13 4032.05 4028.32 4037.11 4053.24 4077.33 4094.69 4106.81 4114.92 4124.85 4179.79 4269.47 4393.14 4525.17 4651.19 4804.3 4821.16 4767.56 4742.36 4734.82 4734.08 4723.2 4716.56 4720.43 4726.61 4734.36 4742.66 4739.61 4750.37 4761.99 4775.05 4772.68 4792.47 4821.13 4851.87
4446.43 4459.66 4587.1 4615.22 4583.35 4535.42 4561.25 4573.49 4554.23 4525.38 4512.49 4487.55 4470.53 4450.76 4448.73 4446.87 4440.46 4448.18 4544.25 4598.77 4531.07 4385.51 4236.09 4180.12 4090.94 3996.35 3943.01 3951.72 3931.25 3947.09 3978.62 4024.05 4041.32 4065.07 4065.59 4066.87 4079.39 4103.34 4149.68 4247.51 4368.84 4568.71 4850.7 4950.08 4824.76 4753.88 4732.01 4727.38 4696.43 4713.29 4729.59 4739.6 4742.82 4747.38 4743.05 4749.48 4758.48 4761.27 4765.57 4797.55 4832.58 4868.44
4444.64 4409.46 4456.17 4566.48 4554.06 4511.51 4503.55 4519.69 4513.11 4494.95 4466.41 4459.13 4449.57 4446.55 4448.8 4448.67 4455.56 4495.76 4552.58 4680.01 4522.18 4321.7 4151.62 4066.85 3972.12 3880.79 3853.3 3843.37 3869.82 3880.81 3911.1 3930.23 3964.08 3989.85 4008.19 4020.14 4048.05 4060.78 4088.69 4136.09 4228.64 4459.83 4810.1 4964.2 4856.09 4785.77 4758.72 4729.22 4734.12 4738.54 4753.4 4761.63 4757.04 4745.45 4731.7 4756.43 4772.9 4779.24 4784.57 4805.14 4837.5 4879.89
4421.87 4397.37 4385.54 4424.18 4521.89 4494.15 4483.55 4489.44 4487.89 4488.97 4462.92 4447.31 4435.43 4432.99 4449.96 4455.83 4469.35 4501.96 4557.09 4602.05 4469.07 4267.15 4082.16 3964.35 3854.87 3822.78 3806.66 3820.13 3838.12 3833.33 3872.15 3891.17 3885.54 3910.67 3952.65 3972.48 3967.73 3994.93 4024.39 4042.79 4083.21 4277.02 4545.75 4734.49 4802.82 4812.59 4773.25 4754.86 4766.82 4765.94 4788.37 4794.79 4773.54 4761.08 4754.59 4768.54 4793.02 4797.28 4798.28 4799.35 4822.52 4853.14
4392.82 4383.83 4363.13 4380.61 4449.84 4514.31 4495.77 4455.74 4457.37 4454.83 4446.62 4429.85 4422.67 4426.01 4439.86 4461.42 4480.96 4499.26 4618.77 4545.53 4379.79 4212.13 4038.67 3862.91 3738.27 3731.92 3765.72 3773.58 3827 3819.03 3868.02 3927.4 3929.74 3918.53 3948.93 3958.87 3942.28 3947.89 3966.92 3982.82 4033.89 4155.62 4328.74 4532.79 4708.74 4795.94 4784.66 4769.55 4775.47 4773.54 4787.26 4820.76 4799.5 4781.71 4759.31 4789.27 4818 4814.86 4763.94 4785.67 4794.27 4794.81
4365.5 4340.2 4333.43 4329.75 4401.5 4459.98 4446.04 4432.3 4422.11 4441.99 4431.49 4417.39 4412.07 4400.03 4428.65 4456.06 4490.45 4555.94 4563.2 4419.77 4246.61 4106.4 3954.75 3805.11 3709.05 3692.59 3696.33 3713.16 3840.4 3851.31 3921.32 3984.36 3982.48 3994.2 3993.15 3982.31 3973.16 3930.21 3915.67 3929.69 3969.48 4059.96 4171.41 4408.55 4647.83 4796.75 4806.28 4794.52 4777.32 4793.78 4812.86 4807.86 4806.05 4809.78 4810.95 4812.83 4870.33 4861.73 4823.49 4783.78 4764.13 4743.14
4284.82 4314.18 4294.96 4301.55 4349.05 4375.7 4353.06 4343.2 4362.07 4397.24 4404.17 4411.43 4411.01 4422.3 4435.48 4456.75 4491.72 4568.24 4576.44 4378.01 4179.62 4016.65 3863.94 3749.91 3700.68 3649.77 3647.3 3724.59 3820.36 3946.12 4039.81 4083.14 4123.98 4105.8 4048.17 4002.09 3981.8 3931.16 3880.44 3880.31 3913.48 3989.85 4147.37 4357.49 4626.09 4844.21 4822.57 4818.12 4811.36 4797.99 4814.33 4831.24 4829.95 4841.79 4852.64 4879.42 4886.04 4861.07 4813.87 4775.36 4739.85 4707.46
4259.16 4323.11 4337.38 4303.24 4301.62 4296.71 4285.7 4288.14 4293.48 4298.61 4367.66 4377.61 4391.01 4422.06 4441.17 4465.89 4492.6 4513.85 4611.47 4408.39 4190.24 4013.84 3823.84 3661 3542.28 3571.06 3629.33 3763.7 3883.37 4086.31 4166.6 4092.75 4103.73 4157.51 4050.64 3971.45 3905.01 3844.87 3814.53 3822.51 3866.68 3921.69 4021.83 4297.97 4582.15 4795.03 4805.87 4821.86 4826.82 4826.31 4829.15 4837.12 4841.7 4879.27 4897.24 4882.41 4883.33 4831.96 4787.05 4757.34 4722.06 4686.6
4272.32 4330.39 4321.5 4295.02 4263.92 4255.36 4248.17 4246.1 4248.6 4248.08 4301.76 4293.55 4341.24 4398.33 4427.7 4456.74 4479.22 4488.25 4509.54 4334.5 4098.85 3898.83 3736.84 3573.86 3437.57 3416.19 3544.8 3719.29 3917.8 4139.74 4142.33 3993.53 3932.85 4023.46 3987.77 3908.93 3818.15 3731.73 3743.14 3767.6 3812.9 3868.28 3988.42 4263.33 4543.09 4770.33 4821.29 4795.87 4790.11 4826.98 4840.22 4855.32 4946.71 4902.22 4850.67 4819.46 4795.62 4779.17 4765.75 4738.73 4706.55 4673.29
