real_craters/C155-500m.grd
DSAA
214 214
-53.2 53.2
-53.2 53.2
3296.5152247389 5359.3320830833
[rows 180 to 209 of 214, columns 0 to 66 of 214]
4605.55 4607.22 4613.79 4621.37 4626.2 4629.58 4633.06 4627.64 4622.17 4616.75 4609.04 4604.34 4600.72 4598.72 4597.31 4598.3 4602.95 4605.08 4610.23 4615.97 4621.98 4627.37 4630.98 4631.43 4627.97 4624.2 4619.6 4617.15 4614.68 4615.45 4617.73 4621.25 4625.38 4629.46 4634.53 4641.5 4649.04 4659.54 4663.61 4661.86 4657.53 4651.25 4649.47 4649.36 4650.09 4651.26 4654.73 4656.83 4659.5 4663.1 4667.02 4669.51 4657.17 4649.52 4643.65 4639.04 4637.12 4632.65 4630.94 4629.95 4629.34 4627.37 4619.92 4619.3 4620.48 4624.71 4628.4
4608.03 4611.62 4618.98 4626.89 4635.94 4641.72 4637.85 4637.27 4631.68 4624.35 4614.6 4607.89 4601.88 4597.81 4598.33 4599.6 4599.62 4604.96 4611.29 4617.43 4623.94 4629.4 4633.28 4635.96 4636.67 4628.5 4620.99 4617.9 4616.24 4615.04 4616.69 4618.55 4618.79 4620.88 4623.3 4628.05 4627.36 4619.61 4613.9 4623.53 4627.1 4636.58 4641.12 4644.63 4648.71 4651.23 4653.68 4656.58 4660.08 4663.13 4665.5 4661.39 4651.32 4646.12 4641.45 4635.75 4631.48 4629.96 4628.9 4627.81 4627.04 4625.82 4626.17 4620.86 4620.68 4624.41 4629.95
4613.79 4618.74 4626.59 4635.91 4650.53 4663.04 4658.2 4650.45 4640.05 4630.7 4620.8 4612.26 4604.65 4598.44 4599.79 4601.02 4604.51 4607.7 4613.22 4619.6 4626.03 4631.98 4636.55 4638.75 4635.66 4628.7 4619.61 4616.07 4617.18 4619.5 4616.73 4615.9 4616.6 4616.61 4616.43 4615.59 4613.72 4609.76 4608.73 4612.13 4618.44 4627.6 4635.45 4640.38 4644.85 4648.25 4651.75 4655.27 4658.33 4660.54 4662.03 4660.95 4654.43 4647.41 4639.85 4634.27 4630.41 4628.11 4626.67 4625.53 4624.9 4624.35 4620.85 4618.28 4618.96 4624.28 4630.77
4619.56 4624.81 4637.05 4655.07 4670.55 4680.99 4678.18 4662.28 4647.3 4635.38 4625.01 4616.38 4608.92 4603.55 4603.06 4603.65 4606.36 4609.09 4614.97 4622.49 4629.56 4635.86 4640.13 4641.79 4639.23 4630.15 4616.51 4613.96 4615.64 4616.95 4615.02 4613.25 4611.87 4611.48 4610.49 4609.45 4608.49 4610.08 4614.99 4616.66 4618.94 4624.86 4631.81 4637.74 4641.48 4645.99 4647.78 4651.67 4655 4657.51 4652.83 4649.83 4648.66 4642.3 4636.36 4634.11 4630.77 4627.34 4625.02 4623.32 4622.05 4621.59 4618.47 4616.33 4616.77 4623.95 4629.44
4624.89 4632.22 4643.77 4661.64 4675.47 4679.99 4676.89 4663.28 4649.87 4637.95 4628.87 4620.41 4613.89 4609.03 4607.62 4607.07 4606.93 4607.81 4617.78 4626.34 4633.37 4639.37 4643.99 4646.34 4646.2 4636.01 4624.28 4616.57 4612.81 4612.31 4611.93 4611.23 4611.13 4609.86 4608.89 4606.26 4603.56 4614.06 4622.3 4624.49 4622.58 4624.66 4629.81 4635.27 4639.92 4643.45 4647.31 4650.94 4653.9 4656.41 4661.46 4652.69 4639.15 4629.38 4631.39 4629.24 4627.96 4625.88 4623.52 4621.07 4618.3 4615.85 4616.73 4620.37 4623.09 4625.89 4628.29
4626.19 4631.09 4640.12 4653.22 4662.46 4665 4664.14 4657.57 4648.13 4639.63 4631.32 4624.21 4618.66 4615.35 4614.22 4613.81 4613.97 4613.71 4624.39 4631.93 4637.64 4643.17 4647.9 4650.87 4649.09 4640.16 4626.36 4615.26 4611.02 4610.1 4610.42 4610.07 4609.59 4608.55 4607.35 4604.9 4603.14 4613.37 4647.25 4632.77 4624.4 4624.72 4628.85 4633.77 4638.24 4641.69 4644.48 4646.43 4648.63 4650.97 4657.75 4650.53 4640.59 4636.77 4632.61 4628 4627.4 4625.46 4622.35 4619.15 4616.25 4614.73 4618.25 4624.72 4629.25 4631.64 4629.89
4620.02 4624.99 4632.64 4642.47 4650.57 4656.76 4655.58 4650.85 4644.4 4637.78 4631.13 4625.75 4622.05 4620.84 4621.13 4622.29 4628.04 4636.04 4636.84 4638.25 4641.62 4646.04 4650.58 4655.05 4657.27 4648.53 4625.22 4609.48 4610.75 4611.4 4610.55 4610.5 4610.28 4609.8 4609.41 4609.3 4611.16 4620.35 4632.02 4631.98 4628.34 4626.69 4629.3 4632.11 4635.09 4636.9 4638.89 4641.11 4641.87 4640.95 4634.62 4638.19 4636.39 4634.9 4634.17 4636.49 4631.67 4626.97 4623.05 4619.37 4616.59 4615.57 4620.56 4629.52 4637.65 4638.8 4632.39
4615.27 4617.22 4622.63 4634.62 4646.33 4647.39 4647.19 4643.68 4639.4 4634.71 4629.81 4625.7 4623.68 4623.53 4625.14 4628.1 4635.24 4636.59 4639.95 4640.95 4643.35 4646.82 4650.84 4655.08 4660.95 4655.08 4627.57 4611.12 4609.77 4610.76 4610.94 4611.2 4611.36 4611.43 4612.4 4614.15 4617.78 4620.97 4624.09 4627.3 4626.9 4628.9 4632.33 4633.01 4633.94 4634.54 4634.92 4635.49 4635.32 4634.58 4640.27 4632.14 4629.88 4628.64 4631.82 4635.39 4632.41 4628.65 4625.55 4621.89 4618.12 4615.82 4624.72 4635.28 4644.79 4644.25 4629.79
4611.7 4610.42 4606.88 4627.35 4642.07 4643.44 4636.78 4634.66 4631.82 4628.34 4626.92 4625.03 4623.7 4624.55 4627.21 4629.7 4632.45 4633.39 4637.24 4640.09 4642.29 4645 4647.62 4649.28 4646.96 4634.44 4627.91 4618.72 4615.88 4614.05 4612.36 4612.35 4612.76 4613.96 4615.98 4618.48 4618.92 4611.27 4616.1 4626.63 4635.39 4639.38 4634.79 4633.71 4632.86 4632.44 4631.15 4631.15 4629.56 4627.82 4626.19 4626.53 4626.9 4627.85 4630.33 4631.46 4631.46 4629.37 4626.71 4624.43 4622.27 4622.65 4632.42 4645.9 4637.13 4625.11 4623.28
4609.82 4610.33 4615.27 4621.83 4628.1 4628.07 4628.29 4627.89 4626.15 4624.29 4621.27 4622.35 4621.48 4620.79 4617.67 4626.73 4631.1 4634.57 4636.42 4638.08 4639.76 4641.28 4642.63 4642.84 4639.69 4634.32 4633.73 4633.62 4627.51 4617.45 4613.03 4612.24 4613.19 4614.91 4618.34 4622.04 4626.52 4627.78 4623.31 4627.61 4634.82 4638.31 4634.25 4632.61 4631.68 4631.7 4631.27 4630.95 4629.06 4624.98 4619.76 4623.94 4625.8 4627.97 4630.41 4632.12 4630.04 4628.88 4627.81 4627.33 4627.88 4629.08 4632.73 4637.19 4624.96 4615.19 4620.92
4606.12 4609.39 4614.57 4617.59 4620.43 4621.74 4622.17 4622.05 4621.33 4621.36 4620.31 4619.5 4619.04 4619.61 4623.37 4625.12 4628.16 4630.9 4632.72 4633.93 4635.42 4636.46 4637.27 4637.7 4638.59 4641.02 4635.72 4631.98 4617.87 4614.07 4611.49 4612.3 4614.56 4616.95 4619.92 4623.75 4629.43 4624.68 4625.61 4626.49 4627.48 4626.01 4628.65 4629.05 4629.8 4630.97 4631.55 4631.35 4630.39 4630.44 4629.5 4625.79 4625.36 4626.56 4626.25 4626.64 4627.85 4628.37 4628.56 4629.33 4631.08 4632.47 4626.4 4615.55 4614.24 4615.43 4622.36
4606.28 4607.42 4607.67 4612.01 4615.58 4619.67 4619.53 4619.39 4618.94 4618.42 4617.56 4616.78 4616.36 4617.45 4621.55 4621.17 4623.38 4626.32 4628.35 4628.63 4629.64 4630.21 4630.42 4630.66 4630.82 4630.78 4622.06 4610.23 4605.94 4607.72 4609.4 4610.9 4613.46 4615.85 4618.59 4621.01 4623.03 4627.41 4625.79 4624.74 4623.95 4623.64 4624.51 4626.83 4628.66 4629.89 4630.67 4631.44 4631.61 4632.86 4631.21 4627.35 4624.88 4622.75 4621.37 4623.74 4625.75 4626.76 4627.7 4628.8 4629.64 4628.72 4623.98 4617.44 4616.19 4618.19 4625.53
4604.2 4607.21 4609.61 4612.52 4616.93 4617.92 4617.87 4615.35 4614.15 4613.29 4612.68 4611.77 4612.47 4612.02 4610.62 4613.24 4617.22 4619.56 4621.19 4622.05 4623.08 4622.77 4622.12 4621.13 4617.59 4609.75 4607.2 4605.43 4604.79 4604.9 4607.43 4610.12 4612.17 4614.86 4617.46 4619.62 4620.47 4624.88 4625.54 4623.86 4621.85 4619.6 4621.7 4625.93 4628.47 4630.37 4630.76 4630.98 4631.76 4632.36 4630.88 4627.21 4624.19 4622.3 4623.63 4624.62 4625.55 4626.35 4627.02 4627.66 4628.88 4627.95 4625.41 4623.2 4624.39 4629.03 4634.25
4605.14 4610.96 4612.79 4614.11 4616.33 4614.23 4612.95 4611.58 4610.89 4610.32 4609.01 4608.33 4608.21 4606.99 4605.55 4607.36 4611.07 4613.02 4614.33 4616.36 4617.59 4617.86 4617.2 4615.42 4611.81 4606.43 4604.92 4605.04 4603.47 4603.94 4605.95 4608.2 4610.49 4612.75 4615.71 4619.25 4626.53 4625.94 4626.3 4625.06 4622.19 4621.4 4621.47 4626.47 4630.48 4632.02 4632.29 4631.68 4631.33 4628.86 4628.29 4626.32 4623.4 4622.37 4621.12 4623.62 4625.17 4625.83 4625.83 4625.65 4626.42 4627.4 4627.13 4628.67 4633.03 4640.96 4645.21
4618.87 4619.92 4622.72 4624 4616.47 4616.14 4610.16 4605.68 4604.24 4604.09 4603.91 4603.74 4603.63 4603.3 4603.22 4604.34 4606.9 4608.7 4609.35 4611.69 4612.87 4613.48 4612.94 4611.3 4609.12 4606.58 4606.8 4608.42 4599.86 4603.12 4606.37 4608.77 4611.5 4613.77 4616.14 4617.92 4621.37 4629.51 4628.64 4628.15 4625.52 4618.85 4622.28 4631.68 4635.17 4635.83 4634.84 4633.73 4632 4628.7 4628.22 4625.26 4623.74 4622.05 4626.2 4625.26 4626.33 4626.22 4625.02 4623.43 4620.65 4623.85 4628.69 4632.49 4636.45 4643.16 4645.47
4627.44 4627.93 4630.55 4632.86 4630.91 4615.76 4602.14 4601.14 4600.72 4599.79 4600.1 4601.2 4601.33 4601.7 4602.04 4603.32 4604.72 4606.28 4608.54 4608.64 4609.6 4610.07 4609.81 4608.94 4607.49 4606.45 4607.15 4610.56 4606.47 4605 4607.02 4609.66 4612.39 4614.87 4617.56 4619.6 4621.81 4626.24 4630.84 4633.89 4636.58 4637.26 4642.21 4644.83 4642.17 4640.02 4637.36 4635.02 4633.6 4633.83 4629.27 4625.86 4624.97 4621.48 4619.15 4628.06 4629.53 4627.66 4625.24 4622.97 4624.23 4625.96 4630.74 4637.75 4645.79 4645.81 4646.5
4631.24 4632.75 4633.73 4633.4 4637.47 4598.7 4597.02 4597.47 4596.81 4597.01 4597.83 4598.61 4599.15 4600.33 4601.78 4603.35 4603.12 4604.24 4605.12 4606.48 4607.58 4607.83 4607.7 4607.4 4607.18 4606.87 4607.24 4606.84 4606.95 4607.23 4609.11 4611.66 4613.72 4616.23 4619.24 4624.6 4627.42 4628.9 4633.42 4639.59 4648.52 4663.91 4672.47 4658.41 4649.15 4644.03 4640.1 4635.82 4630.8 4631.7 4628.17 4626.72 4627.18 4627.11 4632.42 4638.67 4633.87 4629.2 4625.71 4622.53 4619.21 4626.12 4632.99 4639.5 4645.44 4647.17 4649.24
4634.07 4636.04 4637.95 4638.53 4642.73 4626.73 4605.11 4596.82 4594.49 4594.4 4595.01 4596.34 4597.73 4599.1 4600.37 4600.92 4602.37 4603.51 4604.85 4605.84 4606.56 4607.12 4607.72 4607.68 4607.75 4608.06 4610.14 4609.83 4607.32 4609.22 4611.61 4613.68 4615.57 4617.32 4618.98 4620.08 4624.65 4628.76 4633.93 4641.49 4650.53 4661.68 4665.87 4656.41 4651.83 4646.67 4642.4 4637.31 4630.4 4624.07 4626.83 4627.71 4630.61 4637.79 4649.73 4643.31 4633.81 4629.25 4626.52 4625.16 4626.73 4630.4 4636.13 4640.66 4642.31 4648.54 4652.16
4638.24 4639.82 4642.45 4643.41 4646.75 4621.43 4601.28 4595.14 4592.82 4592.28 4593.25 4594.7 4596.06 4598 4600.28 4603.46 4602.58 4603 4604.42 4605.54 4606.34 4606.93 4607.25 4607.97 4608.17 4608.33 4608.77 4611.82 4610.65 4613.16 4614.88 4616.13 4617.07 4618.34 4619.54 4619.67 4620.03 4625.76 4632.79 4640.31 4647.29 4647.23 4635.98 4649.93 4650.87 4647.33 4643.42 4640.63 4638.75 4634.24 4629.85 4627.94 4627.57 4630.98 4629.6 4626.06 4627.33 4627.06 4626.79 4626.89 4629.53 4634.84 4640.84 4646.33 4650.89 4656.09 4658.13
4640.7 4642.87 4645.18 4648.3 4644.7 4620.42 4600.72 4594.64 4592.77 4591.56 4593.45 4594.87 4596.49 4597.89 4599.38 4601.46 4601.08 4602.19 4603.97 4605.38 4606.56 4607.27 4607.61 4607.98 4608.27 4608.53 4608.7 4612.65 4618.38 4619.35 4618.26 4617.91 4617.68 4618.82 4619.93 4621.04 4617.54 4622.92 4631.92 4640.55 4647.16 4652.58 4663.84 4655.88 4651.58 4646.39 4641.64 4640.02 4644.12 4639.27 4629.68 4624.14 4620.41 4616.7 4614.23 4616.35 4621.34 4624.84 4627.22 4628.99 4632.22 4639.87 4647.33 4655 4661.69 4665.03 4661.75
4643.73 4645.75 4648.32 4651.95 4641.96 4619.12 4600.35 4595.31 4594.55 4593.6 4594.7 4596.26 4597.15 4598.17 4598.13 4595.79 4598.38 4602.26 4604.72 4606.51 4607.08 4607.51 4607.75 4608.07 4608.8 4610.43 4612.07 4617.48 4622.41 4622.82 4618.57 4616.79 4616.61 4617.84 4619.48 4619.78 4615.58 4625.04 4634.55 4642.64 4649.62 4655.93 4658.77 4657.43 4650.93 4643.09 4636.19 4630.77 4629.37 4626.45 4622.28 4618.65 4615.32 4610.02 4610.67 4615.4 4619.82 4624.35 4628.82 4634.72 4640.2 4645.83 4653.84 4662.84 4671.97 4676.15 4671
4647.17 4648.42 4650.23 4653.11 4639.66 4620.07 4601.79 4595.34 4594.37 4595.3 4597.41 4598.75 4599.17 4600.16 4600.84 4602.65 4603.73 4604.51 4606.32 4607.66 4607.62 4607.28 4607.04 4607.62 4609.94 4611.66 4616.75 4621.77 4622.25 4620 4615.64 4614.12 4614.18 4616.66 4621.08 4623.8 4626.67 4631.81 4639.44 4646.05 4651.33 4656.37 4660.21 4655.69 4647.46 4637.22 4627.82 4617.79 4607.22 4610.52 4613.24 4613.55 4613.77 4615.83 4614.64 4617.46 4619.98 4624 4629.47 4635.15 4641.43 4649.15 4657.7 4667.08 4677.14 4680.95 4675.56
4648.93 4650.17 4651.44 4650.36 4645.6 4625.69 4603.47 4598.43 4599.13 4600.56 4601.2 4602.5 4603.57 4604.24 4605.03 4606.39 4606.52 4607.25 4608.29 4609.38 4608.43 4607.39 4606.92 4608.46 4609.38 4611.71 4616.14 4623 4618.23 4612.83 4609.53 4608.61 4609.84 4613.2 4621.34 4629.94 4630.3 4640.21 4645.46 4648.62 4651.14 4653.96 4658.67 4654.42 4639.33 4628.49 4619.03 4610.75 4599.21 4604.69 4608.77 4611.32 4613.39 4614.08 4615.2 4617.31 4618.77 4622.55 4628.31 4638 4643.32 4649.66 4658.21 4667.24 4674.75 4676.69 4675.19
4648.55 4650.62 4653.09 4656.19 4656.61 4634.54 4610.97 4605.78 4606.46 4607.35 4608.1 4608.64 4608.82 4608.99 4609.57 4609.73 4609.64 4610.15 4609.91 4609.82 4608.68 4607.09 4606.51 4607.43 4608.13 4610.03 4614.49 4621.67 4616.35 4606.34 4604.07 4603.79 4604.42 4607.25 4615.72 4634.65 4651.29 4653.52 4652.38 4650.01 4646.7 4643.44 4643.23 4634.71 4622.28 4617.2 4613.42 4610.73 4611.28 4606.91 4607.73 4609.43 4611.01 4613.9 4614.13 4615.82 4617.04 4619.37 4623.2 4631.26 4636.99 4645.36 4653.97 4662.68 4670.57 4673.92 4672.61
4646.97 4649.08 4652.04 4655.95 4656.69 4642.51 4626.25 4619.32 4617.11 4615.91 4615.06 4614.06 4613.61 4613.62 4613.87 4615.01 4614.38 4612.71 4611.49 4610.02 4608.75 4607.59 4606.5 4607.73 4607.87 4608.81 4612.95 4627.31 4620.56 4605.57 4602.05 4601.32 4601.5 4602.96 4609.64 4645.44 4671.83 4665.61 4658.31 4649.68 4640.38 4628.46 4607.8 4590.33 4600.6 4605.67 4606.42 4606.63 4607.31 4605.89 4606.14 4608.1 4610.43 4611.79 4612.52 4613.48 4614.79 4615.79 4615.72 4616.99 4628.72 4639.46 4649.1 4658.31 4665.53 4667.85 4672.4
4644.58 4646.47 4648.59 4649.49 4651.53 4646.61 4639.29 4632.87 4627.82 4624.43 4621.93 4619.83 4618.76 4618.22 4618.23 4618.58 4618.14 4615.17 4613.12 4610.74 4609.14 4608.43 4607.73 4608.2 4608.66 4609.6 4614.34 4642.1 4631.91 4613.75 4605.78 4603.41 4602.77 4603.2 4609.13 4644.83 4670.69 4668.44 4659.81 4649.92 4638.49 4622.57 4601.24 4582.5 4596.34 4601.93 4602.7 4601.03 4601.14 4603.9 4606.46 4607.49 4608.1 4609.42 4610.3 4610.5 4612.72 4614.87 4615.5 4615.17 4626 4636.52 4645.66 4655.33 4666.98 4684.64 4697.17
4641.96 4643.25 4644.54 4645.26 4647.6 4648.18 4647.49 4644.05 4636.83 4631.93 4628.27 4625.51 4623.74 4622.86 4621.94 4621.22 4619.16 4617.3 4615.75 4613.4 4611.52 4610.24 4609.25 4609.4 4610.22 4614.12 4628.45 4647.75 4640.14 4621.62 4610.81 4608.63 4608.92 4609.94 4614.74 4646.45 4666.04 4665.81 4659.59 4650.59 4639.56 4627.87 4618.84 4624.06 4611.16 4607.16 4605.22 4601.67 4600.67 4604.5 4606.82 4607.71 4606.83 4607.35 4610.19 4611.37 4613.34 4617.79 4623.46 4628.83 4630.43 4636.49 4644.28 4652.91 4664.77 4691.14 4729.03
4639.16 4640.2 4640.89 4641.46 4644.92 4647.65 4649.23 4647.03 4641.44 4636.61 4632.81 4630.14 4628.13 4627.06 4625.82 4624.66 4622.83 4620.85 4618.59 4616.91 4615.1 4612.33 4611.37 4611.27 4612.24 4613.66 4622.27 4642.81 4637.87 4620.32 4612.87 4615.39 4618.76 4624.16 4633.54 4663.65 4666.13 4662.91 4657.41 4650.26 4642.69 4634.81 4628.95 4624.2 4618.18 4613.67 4612.54 4613.33 4610.5 4609.48 4609.8 4610.1 4611.39 4612.11 4613.61 4615.67 4618.61 4620.96 4625.74 4630.44 4631.94 4636.14 4641.95 4649.2 4658.44 4676.18 4703.42
4637.02 4637.31 4638.09 4639.19 4642.57 4645.78 4646.62 4647.01 4643.06 4639 4635.7 4633.44 4631.32 4629.92 4628.83 4628.23 4627.87 4625.12 4621.26 4617.11 4612.16 4613.49 4613.34 4613.6 4615.4 4617.86 4622.2 4634.99 4635.45 4625.86 4623.29 4624.81 4628.38 4637.29 4649.2 4649.11 4655.62 4655.98 4653.47 4648.84 4644.4 4639.84 4633.45 4623.36 4622.8 4620.99 4617.4 4615.04 4614.32 4613.15 4613.15 4614.38 4614.12 4616.08 4618.01 4620.11 4622.76 4622.67 4623.92 4627.19 4631.38 4635.59 4640.98 4647.73 4655.83 4671.08 4684.42
4635.07 4634.74 4634.2 4635.08 4637.74 4639.98 4643.03 4644.46 4641.65 4639.07 4636.82 4634.75 4633.31 4631.94 4630.75 4630.15 4629.99 4627.16 4623.18 4619.51 4618.34 4615.84 4617.15 4618.57 4621.25 4627.26 4632.06 4631.81 4632.61 4637.46 4638.82 4633.64 4634.11 4638.02 4641.74 4637.6 4643.68 4647.22 4648.12 4647.7 4646.43 4643.95 4642.18 4639.87 4636.87 4629.94 4621.47 4613.92 4614.28 4615.46 4617.43 4620.15 4625.19 4622.14 4621.56 4622.28 4621.88 4622.87 4623.32 4626.37 4630.89 4636.03 4641.72 4647.72 4654.83 4663.99 4671.08
