real_craters/C155-500m.grd
DSAA
214 214
-53.2 53.2
-53.2 53.2
3296.5152247389 5359.3320830833
[rows 30 to 59 of 214, columns 67 to 133 of 214]
4694.47 4698.84 4703.86 4703.28 4699.41 4696.18 4692.48 4688.54 4683.71 4679.24 4676.57 4673.65 4671.36 4671.06 4674.64 4686.12 4703.88 4724.5 4745.45 4764.57 4779.19 4784.65 4790.61 4791.73 4788.2 4781.22 4772.3 4763.54 4754.06 4744.22 4735.07 4728.5 4722.96 4719.87 4725.52 4732.68 4740.05 4748.19 4756.82 4767.66 4779.89 4791.57 4788.7 4802.75 4818.42 4793.81 4784.19 4777.02 4762.79 4769.46 4776.72 4782.76 4792.71 4806.97 4820.6 4835.1 4847.97 4857.72 4858.2 4846.75 4838.24 4836.8 4823.28 4789.64 4760.42 4743.07 4732.53
4697.07 4704.77 4713.39 4712.81 4705.44 4699.52 4694.87 4690.66 4686.04 4681.13 4676.86 4673.58 4671.02 4671.24 4674.54 4687.31 4707.34 4730.85 4754.05 4777.06 4797.1 4804.41 4796.6 4797.29 4794.56 4790.75 4780.58 4767.15 4754.42 4742.2 4730.1 4717.55 4708.92 4714.48 4723.58 4731.91 4740.64 4749 4759.74 4770.94 4780.64 4789.31 4790.6 4803.22 4836.87 4841.49 4815.28 4801.9 4792.17 4784.7 4776.5 4766.25 4758.21 4773.23 4792.49 4805.62 4814.27 4816.49 4809.27 4800.17 4814.74 4832.02 4829.48 4783.48 4749.37 4730.71 4717.86
4695.13 4701.77 4708.39 4706.47 4703.71 4700.24 4696.91 4693.8 4689.48 4684.03 4678.65 4674.81 4672.74 4672.49 4676.61 4690 4710.32 4734.18 4759.87 4785.44 4807.1 4815.6 4811.05 4806 4800.83 4791.5 4780.67 4767.55 4753.45 4739.95 4726.62 4716.22 4712.38 4719.92 4725.85 4733.07 4742.71 4752.86 4763.29 4773.51 4781.8 4789.34 4798.88 4818.17 4831.41 4822.29 4815.29 4819.83 4830.97 4804.28 4782.17 4761.34 4741.26 4756.09 4772.77 4782.77 4786.39 4784.99 4781.31 4784.95 4793.2 4809.44 4804.49 4768.52 4735 4723.61 4712.95
4690.07 4694.42 4695.11 4701.1 4699.65 4698.68 4697.53 4697.08 4696.43 4691.97 4682.99 4677.86 4677.71 4675.76 4680.14 4692.24 4713.18 4737.5 4763.55 4789.4 4812.04 4814.41 4815.02 4813.2 4806.01 4801.13 4781.67 4763.87 4749.01 4735.56 4724.1 4715.12 4711.16 4719.07 4726.88 4737.93 4749.42 4759.73 4767.51 4775.23 4781.62 4787.34 4795.38 4805.2 4805.29 4821.92 4814.02 4813.8 4813.13 4804.5 4789.26 4774.91 4763.48 4761.11 4765.2 4767.11 4765.62 4760.74 4754.49 4754.8 4768.06 4777.79 4777.73 4762.01 4741.67 4728.89 4718.31
4685.78 4688.72 4692.36 4695.41 4698.87 4699.78 4698.87 4699.98 4697.38 4699.36 4699.3 4697.46 4690.39 4679.97 4677.58 4694.39 4717.65 4742.52 4768.26 4792.57 4812.43 4816.03 4826.03 4821.2 4803.68 4787.34 4774.69 4760.38 4747.07 4735.1 4724.33 4715.88 4709.3 4712.05 4727.33 4740 4749.75 4759.49 4769.29 4777.08 4785.05 4791.33 4798.47 4809.92 4798.04 4797.1 4789.56 4801.93 4801.92 4798.43 4793.88 4790.36 4786.92 4773.64 4764.99 4758.23 4751.76 4744.57 4734.08 4720.65 4740.34 4754.44 4763.06 4766.42 4764.53 4740.97 4721.8
4683.8 4684.83 4684.99 4687.77 4697.83 4704.91 4705.36 4706.99 4715.57 4714.2 4721.03 4725.83 4706.55 4688.7 4678.03 4700.08 4722.57 4746.07 4769.77 4793.23 4816.59 4845.67 4864.53 4824.04 4792.92 4775.23 4763.69 4755.41 4746.06 4735.15 4725.06 4716.23 4713.45 4720.25 4734.45 4742.17 4751.57 4760.74 4770.28 4778.49 4788.46 4798.82 4807.6 4809.96 4803.87 4803.29 4808.64 4795.86 4791.45 4791.62 4794.02 4795.67 4790.58 4777.7 4765.73 4756.09 4746.85 4737.68 4729.61 4729.89 4726.82 4734.03 4754.24 4771.77 4779.83 4756.05 4721.18
4683.49 4683.25 4683.93 4686.63 4698.2 4706.81 4711.33 4709.3 4704.55 4715.07 4721.12 4723.18 4713.18 4711.18 4713.38 4716.4 4731.1 4750.29 4770.11 4788.99 4805.33 4811.81 4803.49 4798.35 4777.87 4754.48 4757.63 4753.23 4745.27 4736.02 4726.47 4716.01 4704.39 4712.64 4734.36 4743.83 4752.07 4761.57 4770.94 4780.64 4789.73 4799.83 4806.64 4803.16 4798.66 4794.24 4790.49 4782.58 4780.44 4784.94 4789.71 4793.84 4790.49 4778.43 4765.92 4755.31 4744.92 4735.21 4727.7 4721.99 4723.12 4732.3 4752.78 4777.32 4795.56 4789.46 4765.46
4683.99 4684.47 4683.44 4689.43 4699.49 4708.16 4714.87 4712.18 4703.8 4712.08 4711.73 4703.38 4706.44 4716.02 4724.6 4725.5 4734.67 4749.45 4765.23 4781.33 4788.48 4781.33 4773.04 4777.95 4780.31 4774.8 4761.83 4752.71 4743.97 4735.57 4727.9 4721.64 4719.17 4724.25 4735.36 4743.92 4752.52 4761.03 4769.33 4779.41 4789.07 4798.95 4806.37 4796.98 4783.08 4776.38 4772.75 4769.7 4770.78 4775.41 4783.08 4788.09 4784.8 4775.55 4764.9 4753.75 4743.2 4733.77 4726.29 4722.7 4717.09 4728.01 4749.78 4777.22 4807.4 4816.28 4804.28
4683.63 4687.75 4698.56 4695.51 4698.88 4706.23 4719.35 4732.97 4723.04 4718.41 4706.25 4698.24 4697.99 4699.54 4710.25 4722.69 4734.72 4748.07 4761.91 4773.21 4777.74 4772.24 4767.57 4774.53 4783.06 4780.29 4766.81 4755.19 4745.89 4737.11 4733.22 4730.33 4731.17 4728.66 4734.56 4745.39 4753.69 4760.61 4769.64 4778.68 4788.01 4794.55 4796.78 4789.89 4775.29 4765.21 4760.14 4759.55 4762.81 4767.3 4773.67 4781.62 4778.23 4770.63 4762.01 4752.31 4743.36 4733.61 4725.16 4718.6 4714.51 4719.1 4740.86 4764.4 4784.83 4785.76 4773.9
4682.23 4684.61 4692.27 4700.71 4698.37 4686.64 4695.81 4757.45 4773.31 4710.6 4692.58 4692.14 4697.25 4699.22 4707.82 4720.69 4734.09 4746.17 4757.73 4766.32 4761.67 4760.41 4768.11 4777.87 4785.08 4779.85 4768.4 4756.08 4747.17 4742.15 4736.75 4734.25 4734.42 4733 4742.14 4745.6 4751.2 4758.42 4765.7 4773.91 4782.21 4786.57 4786.82 4782.82 4764.61 4752.06 4747.99 4750.63 4754.18 4758.26 4764.13 4768.06 4766.96 4762.88 4757.26 4749.34 4740.62 4731.31 4722.41 4714.38 4711.21 4716.16 4730.66 4746.47 4757.16 4756.82 4751.8
4681.15 4679.29 4688.69 4717.51 4699.14 4644.19 4596.83 4600.86 4630.32 4629.33 4656.03 4692.29 4710.52 4709.86 4715.85 4725.42 4736.51 4746.1 4754.17 4759.28 4752.44 4752.14 4784.68 4795.56 4782.24 4771.03 4763.97 4756.68 4749.35 4742.94 4738.15 4734.17 4730.6 4732.67 4737.19 4740.99 4745.74 4752.86 4761.21 4769.58 4776.68 4783.27 4783.08 4775.89 4754.81 4740.96 4734.84 4735.04 4745.44 4751.41 4754.57 4751.33 4756.01 4754.95 4750.88 4744.46 4737.54 4729.08 4720.97 4713.07 4709.27 4710.21 4721.47 4731.25 4735.56 4732.11 4735.67
4683.81 4676.28 4691.55 4742.71 4707.93 4593.17 4454.23 4326.81 4383.93 4507.79 4607.25 4687.67 4725.77 4719.64 4723.32 4730.81 4738.85 4746.31 4753.03 4757.43 4768.37 4785.55 4812.06 4819.66 4773.55 4762.83 4758.58 4753.7 4748.97 4743.32 4738.45 4733.48 4727.1 4724.16 4727.16 4731.27 4738.18 4747.01 4756.02 4765.55 4773.59 4778.56 4780.62 4773.14 4765.13 4755.22 4742.93 4737.27 4745.02 4749.99 4752.53 4753.87 4751.75 4750.17 4746.03 4739.97 4733.37 4725.99 4718.29 4711.1 4708.77 4710.56 4715.49 4721.82 4725.07 4724.6 4725.12
4694.43 4678.84 4697.96 4762.2 4723.6 4572.7 4381.4 4188.23 4277.89 4443.08 4577.35 4684.85 4739.91 4724.18 4728.88 4735.52 4742.52 4748.45 4754.14 4761.44 4776.68 4786.68 4794.07 4786.28 4771.19 4759.33 4754.02 4749.43 4744.88 4740.06 4735.56 4732.06 4729.04 4727.8 4720.5 4722.18 4734.07 4744.57 4752.97 4762.75 4770.76 4777.23 4777.74 4776.62 4766.43 4757.31 4747.79 4750.26 4751.1 4753.6 4754.57 4751.43 4751.29 4747.88 4742.81 4736.79 4730.1 4723.38 4716.73 4708.96 4704.93 4708.01 4713.22 4719.02 4723.92 4727.46 4728.12
4708.37 4688.41 4708.25 4761.7 4734.32 4599.76 4435.98 4293.33 4347.25 4467.73 4581.64 4676.98 4731.12 4729.92 4735.75 4742.04 4748.34 4753.87 4757.91 4760.95 4773.67 4777.19 4772.95 4763.49 4761.03 4754.03 4748.44 4743.66 4739.46 4735.8 4732.56 4728.79 4728.57 4730.8 4720.4 4722.22 4732.47 4741.33 4750.32 4759.22 4767.81 4777.43 4787.65 4782.21 4762.4 4751.93 4740.38 4751.22 4754.64 4756.86 4761.69 4760.55 4752.83 4745.41 4738.74 4732.5 4725.05 4719.63 4713.98 4708.18 4706.6 4706.24 4713.4 4720.02 4725.22 4732.31 4735.3
4720.54 4712.4 4721.34 4744.22 4730.91 4657.13 4582.26 4501.8 4506.71 4550.04 4613.03 4675.27 4724.08 4743.14 4741.14 4745.45 4751.99 4758.74 4764.28 4764.01 4760.56 4763.27 4761.44 4755.93 4753.25 4748 4741.6 4737.05 4731.84 4729.45 4727.16 4726.74 4724.86 4721.65 4717.13 4730.61 4732.97 4737.92 4744.56 4752.68 4761.48 4771.53 4781.16 4781.86 4748.61 4746.76 4738.3 4746.56 4751.78 4753.7 4760.04 4759.07 4750.37 4744.22 4738.77 4731.7 4725.8 4719.46 4713.42 4708.48 4706.76 4710.99 4719.67 4726.34 4728.58 4733.24 4754.81
4731 4735.48 4733.44 4723.11 4699.3 4708.15 4733.76 4765.58 4658.02 4636.08 4653.38 4679.68 4699.04 4729.63 4738.54 4746.12 4754.77 4763.63 4771.51 4774.19 4764.33 4759.63 4755.68 4752.78 4747.97 4741.82 4735.58 4731.08 4728.26 4727.85 4726.14 4723.68 4721.12 4716.18 4721.68 4728.52 4729.79 4733.74 4739.33 4746.15 4753.3 4760.18 4765.62 4767.65 4743.65 4737.45 4733.37 4736.28 4742.7 4743.5 4744.29 4745.06 4743.98 4741.64 4738.68 4735.37 4731.04 4725.9 4719.18 4712.29 4715.93 4726.27 4731.23 4737.2 4744.44 4751.12 4756.15
4737.47 4737.1 4735.02 4728.59 4729.64 4736.02 4748.88 4747.16 4718.49 4692.91 4686.72 4694.63 4708.98 4721.14 4733.28 4745.74 4757.58 4768.09 4774.61 4774.65 4768.03 4757.75 4749.79 4745.63 4740.41 4734.64 4732.67 4730.97 4728.84 4726.65 4725.13 4722.3 4720.08 4720.54 4721.37 4719.7 4723.37 4727.91 4734.21 4739.79 4744.9 4748.01 4750.23 4755.97 4749.44 4742.86 4736.72 4728.86 4732.4 4731.39 4729.31 4733.15 4736.53 4737.48 4735.16 4733.38 4731.72 4728.74 4723.1 4715.46 4719.38 4734.73 4740.24 4747.48 4759.35 4768.45 4767.89
4741.95 4740.42 4738.65 4739.35 4740.86 4746.91 4747.85 4743.01 4735.85 4723.94 4714.96 4711.15 4714.04 4714.63 4729.84 4746.56 4761.19 4773.28 4782.35 4779.45 4769.05 4755.35 4741.16 4727.92 4723.79 4726.72 4729.19 4729.91 4729.5 4727.94 4725.05 4722.42 4719.31 4717.58 4717.99 4713.6 4716.64 4722.81 4729.29 4734.59 4738.13 4738.45 4738.91 4742.15 4742.36 4738.76 4734.13 4726.84 4723.69 4723.66 4724.82 4727.58 4731.76 4734.54 4735.37 4735.33 4735.57 4734.36 4732.14 4723 4718.62 4725.78 4739.5 4752.52 4760.84 4768.94 4775.71
4743.02 4735.12 4739.96 4746.65 4752.82 4754.36 4749.65 4748.59 4746.7 4740.19 4734.18 4724.44 4706.47 4708.05 4731.98 4750.52 4765.64 4777.96 4785.9 4781.52 4767.89 4753.9 4736.04 4716.35 4712.72 4721.17 4726 4728.29 4728.48 4726.74 4724.42 4721.65 4718.12 4714.52 4711.72 4706.61 4709.87 4716.8 4723.24 4729.32 4733.7 4735.88 4735.73 4741.22 4739.23 4740.21 4743.83 4733.18 4723.01 4720.84 4721.73 4726.25 4730.95 4734.49 4736.89 4739 4741.2 4745.28 4749.7 4749.55 4740.37 4729.31 4749.12 4761.21 4764.85 4769.69 4777.57
4740.35 4738.09 4743.5 4751.98 4759.96 4762.25 4760.39 4758.01 4754.12 4751.26 4745.74 4741.45 4736.95 4734.92 4744.75 4757.36 4770.18 4781.49 4787.11 4787.78 4775.06 4755.97 4738.87 4727.43 4721.01 4724.31 4728.02 4730.06 4730.71 4729.48 4728.57 4725.32 4720.88 4715.25 4708.62 4707.86 4709.72 4714.36 4720.72 4727 4733.78 4740.75 4746.91 4749.96 4751.34 4743.93 4747.44 4735.2 4725.38 4722.22 4723.57 4727.66 4732.92 4737.77 4741.74 4745.3 4749.15 4754.42 4764.62 4790.28 4783.23 4780.07 4785.25 4772.35 4770.62 4768.79 4770.97
4742 4740.94 4747.14 4756.08 4766.94 4769.98 4765.12 4765.09 4761.74 4758.08 4754.54 4753.15 4754.42 4758.07 4758.41 4763.68 4773.24 4783.89 4790.39 4786.16 4773.24 4757.04 4741.96 4730.71 4728.59 4731.29 4735.09 4736.72 4737.18 4735.81 4733.61 4729.66 4725.47 4720.53 4716.59 4713.06 4709.41 4714.12 4720.57 4727.36 4734.04 4741.99 4748.85 4752.28 4750.58 4747.99 4749.86 4731.59 4724.25 4724.56 4727.85 4732.23 4738.04 4744.8 4748.93 4753.63 4756.67 4758.36 4759.99 4765.46 4771.14 4777.24 4772.83 4769.6 4765.41 4768.18 4771.04
4744.69 4743.05 4748.32 4755.52 4764.09 4769.64 4770.77 4770.48 4767.7 4763.58 4760.43 4758.61 4761.06 4761.07 4760.7 4764.73 4772.47 4781.51 4787.32 4779.8 4768.74 4756.69 4745.51 4736.81 4738.04 4742.77 4745.03 4745.09 4744.12 4741.92 4738.8 4735.29 4731.28 4727.51 4725.15 4717.23 4711.69 4716.46 4722.03 4728.04 4733.82 4738.35 4746.41 4753.9 4758.51 4758.11 4743.6 4736.39 4723.29 4724.94 4730.68 4737.61 4746.82 4756.88 4763.84 4768.36 4770.75 4764.65 4754.3 4738.65 4751.48 4761.79 4766.38 4765.04 4761.4 4771.82 4781.83
4742.52 4746.13 4748.24 4752.37 4757.25 4765.91 4781.14 4777.76 4773.34 4768.94 4764.92 4761.04 4756.22 4752.21 4754.89 4760.34 4766.73 4773.82 4778.36 4771.03 4762.67 4755.84 4751.7 4752.49 4756.66 4758.16 4757.09 4755.61 4753.08 4749.72 4746.96 4743.23 4739.2 4735.28 4731.14 4726.42 4720.37 4722.31 4727.34 4732.43 4737.23 4742.24 4749.17 4757.31 4763.54 4761.98 4764.58 4735.38 4723.55 4723.63 4731.87 4745.25 4758.82 4771.86 4783.12 4788.23 4790.12 4784.94 4771.04 4750.13 4754.78 4759.44 4767.36 4766.45 4765.97 4772.66 4781.33
4740.36 4743.71 4746.36 4750.3 4754.77 4763.9 4785.12 4780.71 4775.4 4770.94 4767.43 4763.69 4756.88 4747.99 4750.1 4754.55 4759.2 4761.78 4758.91 4755.37 4755.01 4754.19 4754.27 4760.55 4773.29 4773.11 4769.29 4765.97 4762.63 4758.62 4753.75 4749.32 4746.1 4742.03 4738.87 4734.88 4726.91 4729.64 4734.5 4739.44 4742.65 4745.62 4752.87 4760.44 4766.26 4766.21 4757.53 4745.32 4734.23 4726.02 4736.04 4754.75 4773.1 4790.49 4804.9 4814.34 4819.98 4818.31 4808.8 4798.38 4778.2 4765.03 4764.28 4766.19 4767.64 4770.55 4776.62
4726.95 4737.2 4743.69 4749.12 4754.5 4766.21 4777.81 4776.17 4773.01 4769.58 4766.65 4764.85 4757.55 4750.12 4747.71 4749.58 4752.23 4754.36 4750.72 4745.75 4751.07 4755.35 4757.8 4765.53 4777.92 4780.9 4778.43 4775.67 4771.62 4767.27 4762.95 4757.47 4751.55 4746.72 4742.68 4739.49 4733.22 4739.19 4744.9 4748.85 4751.18 4751.5 4757.31 4762.57 4766.41 4762.66 4751.43 4743.97 4737.32 4733.58 4748.97 4770.78 4792.33 4812.54 4834.17 4849.2 4859.09 4858.44 4845.99 4829.91 4804.7 4778.14 4762.12 4763.1 4763.66 4768.75 4774.12
4737.47 4735.97 4742.56 4749.47 4755.36 4754.84 4763.84 4769.46 4769.33 4767.41 4764.14 4759.14 4753.87 4747.08 4745.28 4746.08 4747.11 4746.5 4743.7 4743.91 4755.73 4763.07 4768.49 4775.23 4782.39 4786.58 4787.07 4784.59 4780.35 4775.29 4770.45 4764.57 4758.4 4752.24 4747.05 4743.66 4747.53 4752.97 4758.1 4761.17 4764.07 4766.61 4765.55 4765.67 4763.68 4760.16 4760.57 4752.69 4755.41 4771.92 4775.75 4795.99 4818.07 4840.8 4862.58 4883.95 4901.86 4910.34 4894.62 4868.87 4846.51 4809.36 4780.48 4768.4 4766.89 4760.34 4769.79
4736.35 4734.99 4742.56 4752.02 4761.7 4767.31 4766.07 4766.1 4766.23 4765.08 4762.91 4758.26 4753.28 4747.91 4744.6 4744.71 4746.11 4748.28 4757.74 4764.64 4769.67 4776.6 4782.32 4788.91 4795.55 4798.84 4797.95 4796 4792.4 4786.66 4780.93 4771.87 4764.53 4758.18 4751.66 4748.63 4764.28 4771.18 4771.93 4772.29 4773.47 4774.07 4771.18 4768.95 4767.91 4771.23 4771.22 4765.36 4772.92 4791.95 4800.18 4819.05 4838.84 4861.32 4883.94 4911.43 4941.79 4973.49 4993.87 4962.22 4900.47 4844.78 4801.83 4793.31 4782.69 4776.48 4776.32
4731.88 4736.95 4742.7 4752.54 4765.45 4777.75 4763.55 4762.31 4763.09 4763.18 4762.54 4763.91 4754.55 4747.49 4744.26 4745.53 4747.37 4750.62 4766.57 4776.51 4784.77 4795.61 4801.17 4807.6 4809.23 4808.67 4810.19 4809.05 4804.48 4798.07 4792.43 4785.17 4776.83 4768.41 4757.9 4750.42 4774.9 4783.71 4781.56 4779.93 4779.06 4777.12 4774.25 4772.35 4770.8 4774.35 4782.74 4789.14 4802.25 4796.21 4823.7 4838.61 4854.89 4874.56 4899.73 4930.09 4966.78 5015.21 5074 5031.26 4940.02 4871.64 4824.19 4805.85 4797.01 4792.38 4787.43
4731.35 4732.47 4740.96 4749.58 4758.86 4763.69 4755.35 4757.71 4760.15 4760.92 4759.06 4754.31 4753.29 4749.42 4748.62 4748.39 4751.63 4754.97 4756.54 4775.12 4796.12 4817.64 4835.26 4832.9 4829.64 4826.83 4828.45 4824.58 4817.24 4809.86 4802.11 4794.64 4787.46 4781.54 4772.97 4769.59 4782.2 4789.44 4788.05 4784.17 4781.12 4778.88 4776.58 4775.15 4776.09 4781.21 4784.09 4792.6 4818.27 4858.5 4852.51 4854.54 4866.12 4884.39 4905.75 4931.5 4961.98 4997.54 5035.27 5003.68 4937.62 4879.91 4837.93 4811.09 4800.18 4797.51 4790.38
4729.85 4733.04 4740.3 4744.02 4745.57 4746.68 4750.68 4757.35 4760.3 4761.57 4761.84 4759.99 4754.43 4748.98 4738.78 4752.17 4758.47 4760.93 4758.96 4778.69 4804.95 4829.79 4850.36 4850.75 4853.32 4857.99 4847.42 4838.34 4829.73 4821.56 4813.46 4807.63 4801.9 4798.28 4796.69 4794.71 4806.58 4801.78 4794.45 4788.27 4782.79 4780.17 4778.59 4778.17 4779.3 4790.28 4786.01 4795.7 4831.61 4855.59 4853.09 4858.07 4871.5 4887.09 4904.47 4920.95 4937.49 4946.01 4931.33 4936.8 4907.48 4868.66 4830.79 4814.79 4790.76 4783.04 4789.54
