real_craters/C155-750m.grd
DSAA
143 143
-53.2 53.2
-53.2 53.2
3295.9273896535 5354.5019736027
[rows 0 to 37 of 143, columns 0 to 83 of 143]
4676 4677 4677 4677 4677 4678 4680 4684 4689 4694 4694 4699 4709 4721 4721 4723 4725 4726 4728 4725 4720 4717 4715 4713 4713 4716 4710 4706 4703 4700 4697 4694 4695 4700 4705 4715 4723 4727 4728 4730 4727 4720 4717 4715 4714 4713 4710 4707 4705 4704 4703 4704 4703 4701 4720 4755 4785 4766 4726 4694 4667 4649 4650 4656 4655 4652 4653 4656 4659 4662 4662 4669 4679 4673 4670 4673 4677 4686 4694 4700 4702 4703 4706 4715
4675 4677 4677 4677 4678 4678 4679 4682 4684 4686 4688 4692 4709 4726 4710 4714 4719 4721 4723 4726 4723 4719 4716 4714 4713 4711 4705 4705 4703 4700 4697 4695 4695 4698 4704 4721 4728 4729 4729 4728 4722 4717 4714 4710 4710 4709 4708 4705 4703 4703 4703 4700 4698 4700 4714 4738 4751 4755 4734 4708 4678 4645 4648 4654 4655 4652 4655 4658 4660 4661 4661 4667 4671 4673 4673 4673 4676 4687 4703 4714 4715 4708 4703 4704
4674 4679 4676 4676 4677 4679 4679 4681 4682 4682 4681 4686 4701 4714 4714 4710 4712 4716 4719 4720 4725 4722 4719 4716 4714 4712 4707 4706 4703 4700 4698 4696 4694 4696 4702 4724 4730 4728 4727 4725 4728 4717 4714 4712 4712 4712 4709 4705 4701 4700 4702 4701 4698 4697 4708 4721 4732 4737 4735 4725 4710 4676 4648 4653 4655 4655 4659 4659 4661 4662 4663 4665 4677 4678 4676 4677 4679 4697 4722 4727 4732 4720 4700 4703
4673 4675 4676 4677 4678 4679 4680 4680 4680 4680 4678 4683 4691 4695 4709 4709 4711 4714 4717 4721 4723 4721 4718 4715 4711 4707 4710 4707 4704 4702 4701 4700 4703 4693 4688 4703 4717 4721 4722 4716 4721 4713 4716 4720 4721 4719 4712 4706 4700 4699 4705 4704 4703 4701 4706 4711 4719 4734 4738 4742 4745 4716 4668 4666 4667 4666 4663 4664 4663 4665 4669 4670 4680 4681 4681 4683 4687 4714 4750 4781 4769 4743 4700 4706
4673 4673 4676 4677 4678 4679 4680 4680 4680 4680 4680 4683 4683 4685 4696 4706 4711 4712 4714 4717 4720 4719 4718 4715 4713 4707 4700 4704 4705 4703 4702 4702 4702 4692 4683 4691 4703 4712 4720 4715 4710 4712 4718 4730 4742 4724 4713 4705 4701 4702 4704 4705 4707 4712 4705 4704 4710 4724 4736 4747 4757 4752 4713 4686 4683 4673 4667 4665 4665 4666 4668 4669 4677 4681 4686 4695 4706 4736 4773 4792 4797 4780 4745 4726
4673 4673 4675 4677 4677 4678 4679 4681 4681 4680 4680 4681 4683 4686 4695 4705 4710 4714 4710 4708 4715 4718 4721 4719 4715 4712 4709 4705 4706 4705 4703 4702 4702 4693 4680 4682 4688 4702 4713 4717 4710 4709 4713 4720 4719 4718 4710 4703 4698 4696 4699 4702 4704 4703 4702 4697 4692 4713 4728 4742 4757 4768 4730 4681 4661 4666 4665 4665 4666 4667 4667 4670 4679 4683 4696 4708 4737 4754 4785 4809 4809 4806 4767 4743
4674 4673 4675 4676 4677 4677 4679 4681 4683 4684 4683 4685 4687 4693 4702 4713 4718 4721 4718 4711 4711 4718 4719 4718 4716 4716 4715 4711 4709 4706 4703 4699 4693 4695 4704 4689 4687 4697 4702 4701 4701 4698 4704 4710 4715 4711 4706 4700 4694 4692 4693 4698 4703 4705 4700 4695 4691 4698 4714 4731 4743 4753 4726 4682 4658 4661 4660 4662 4664 4667 4667 4671 4704 4724 4708 4709 4715 4756 4784 4799 4802 4791 4758 4749
4673 4672 4674 4676 4677 4679 4681 4683 4685 4686 4689 4693 4695 4704 4718 4735 4744 4743 4733 4731 4729 4724 4718 4719 4724 4726 4727 4721 4713 4707 4702 4696 4691 4695 4705 4698 4688 4703 4703 4693 4693 4691 4698 4703 4705 4704 4701 4696 4690 4687 4689 4693 4697 4700 4699 4697 4697 4691 4707 4725 4737 4742 4733 4699 4665 4653 4654 4658 4664 4670 4680 4698 4730 4707 4706 4723 4738 4764 4787 4798 4790 4775 4748 4753
4673 4672 4674 4675 4678 4680 4682 4684 4687 4689 4695 4701 4704 4716 4743 4768 4790 4796 4773 4768 4812 4714 4705 4713 4725 4730 4726 4721 4716 4710 4703 4697 4692 4690 4691 4705 4731 4713 4707 4692 4694 4695 4697 4700 4702 4702 4699 4694 4688 4685 4685 4690 4693 4696 4698 4699 4699 4699 4709 4726 4742 4753 4755 4749 4671 4652 4646 4653 4662 4672 4689 4716 4701 4685 4701 4742 4772 4775 4780 4784 4781 4769 4748 4754
4672 4674 4675 4676 4677 4679 4682 4685 4687 4690 4700 4712 4725 4744 4785 4827 4880 4912 4903 4828 4638 4640 4690 4711 4726 4730 4730 4726 4721 4714 4706 4698 4690 4684 4689 4698 4699 4707 4710 4707 4698 4695 4696 4700 4704 4704 4701 4695 4687 4688 4689 4693 4695 4697 4699 4702 4704 4704 4713 4730 4747 4753 4777 4783 4713 4660 4644 4656 4667 4677 4688 4709 4689 4679 4697 4737 4766 4775 4776 4778 4776 4773 4757 4756
4671 4674 4675 4676 4677 4679 4683 4687 4690 4692 4705 4722 4744 4780 4835 4890 4951 5052 5101 4966 4747 4713 4728 4725 4731 4734 4734 4735 4728 4720 4711 4702 4693 4685 4687 4692 4696 4701 4707 4700 4693 4693 4697 4702 4709 4712 4704 4700 4699 4698 4705 4698 4699 4697 4700 4706 4710 4711 4721 4735 4742 4762 4795 4804 4756 4692 4663 4670 4677 4683 4685 4677 4682 4680 4700 4741 4765 4773 4777 4774 4770 4769 4769 4774
4671 4673 4676 4677 4679 4681 4685 4689 4691 4694 4717 4741 4771 4831 4867 4924 5000 5106 5205 5085 5025 4940 4806 4759 4740 4737 4739 4739 4732 4723 4716 4708 4700 4690 4688 4690 4693 4698 4701 4695 4689 4692 4695 4699 4702 4702 4702 4700 4701 4700 4699 4694 4688 4695 4700 4706 4711 4718 4730 4741 4756 4774 4808 4825 4791 4752 4712 4699 4695 4693 4691 4688 4688 4686 4705 4750 4770 4770 4768 4767 4765 4768 4779 4793
4670 4672 4675 4678 4679 4681 4685 4690 4694 4703 4732 4771 4808 4830 4878 4932 4994 5073 5121 5044 4967 4879 4827 4785 4758 4748 4743 4741 4732 4724 4717 4712 4707 4706 4693 4691 4695 4699 4700 4697 4689 4690 4692 4695 4695 4696 4699 4700 4698 4697 4694 4693 4696 4697 4699 4697 4702 4707 4714 4729 4749 4779 4816 4835 4814 4795 4756 4733 4717 4706 4699 4700 4690 4696 4719 4759 4772 4767 4759 4762 4764 4771 4783 4790
4670 4671 4671 4674 4677 4681 4684 4689 4695 4710 4741 4781 4805 4832 4888 4930 4958 4952 4920 4933 4883 4827 4804 4786 4767 4754 4745 4738 4730 4725 4721 4716 4712 4705 4689 4690 4692 4695 4693 4691 4687 4690 4692 4692 4692 4692 4697 4704 4705 4695 4687 4691 4700 4701 4703 4704 4703 4701 4701 4720 4751 4781 4808 4819 4802 4785 4772 4750 4732 4718 4707 4701 4692 4716 4747 4777 4773 4766 4763 4761 4762 4776 4794 4803
4669 4672 4673 4673 4675 4678 4682 4685 4686 4703 4732 4763 4788 4870 4893 4921 4946 4943 4921 4896 4851 4804 4789 4780 4764 4759 4748 4738 4728 4724 4720 4716 4712 4709 4695 4694 4689 4690 4693 4687 4691 4689 4691 4691 4690 4688 4694 4699 4699 4692 4684 4688 4696 4700 4706 4719 4711 4705 4706 4720 4741 4772 4792 4795 4779 4751 4777 4760 4743 4726 4711 4697 4699 4722 4751 4765 4765 4761 4759 4762 4767 4789 4820 4849
4669 4671 4673 4674 4675 4678 4680 4683 4687 4697 4717 4738 4774 4844 4873 4903 4945 5008 4976 4895 4840 4799 4778 4762 4753 4749 4745 4738 4731 4725 4720 4716 4710 4705 4704 4700 4694 4690 4694 4690 4685 4686 4692 4691 4690 4694 4693 4694 4691 4687 4681 4679 4688 4694 4697 4700 4710 4713 4710 4724 4757 4772 4782 4782 4775 4776 4766 4758 4744 4728 4716 4706 4711 4724 4747 4745 4756 4764 4767 4767 4774 4805 4847 4886
4669 4670 4672 4675 4679 4677 4679 4682 4684 4695 4711 4730 4766 4789 4832 4868 4908 4941 4903 4867 4824 4792 4765 4747 4738 4734 4733 4729 4728 4723 4720 4716 4713 4709 4707 4703 4699 4717 4703 4710 4684 4682 4687 4687 4687 4686 4686 4686 4686 4683 4680 4678 4683 4688 4692 4693 4712 4728 4745 4744 4770 4778 4775 4772 4766 4759 4758 4751 4741 4731 4721 4714 4715 4719 4749 4743 4749 4761 4771 4775 4782 4825 4870 4895
4669 4669 4670 4672 4674 4676 4679 4681 4682 4691 4706 4724 4738 4755 4786 4815 4841 4848 4827 4812 4786 4763 4746 4735 4728 4725 4733 4730 4722 4722 4719 4717 4716 4717 4717 4706 4692 4617 4683 4726 4688 4676 4679 4681 4683 4683 4681 4678 4680 4682 4682 4681 4680 4684 4695 4710 4721 4742 4769 4776 4788 4784 4779 4769 4754 4740 4738 4739 4737 4733 4729 4722 4718 4716 4764 4744 4746 4753 4774 4795 4813 4855 4898 4924
4669 4670 4670 4673 4675 4676 4677 4678 4681 4688 4698 4707 4718 4735 4743 4761 4777 4784 4768 4756 4744 4733 4726 4723 4720 4718 4720 4726 4723 4723 4721 4718 4715 4716 4715 4710 4700 4698 4702 4709 4686 4676 4677 4680 4683 4685 4685 4680 4683 4684 4684 4679 4675 4678 4685 4701 4722 4745 4767 4783 4784 4780 4776 4761 4748 4733 4731 4733 4734 4737 4739 4740 4732 4740 4751 4743 4750 4767 4785 4817 4854 4878 4914 4947
4673 4674 4674 4675 4675 4677 4677 4677 4681 4685 4690 4691 4695 4691 4705 4717 4720 4714 4722 4724 4721 4714 4711 4713 4712 4714 4716 4721 4724 4723 4721 4719 4716 4716 4714 4714 4706 4700 4699 4696 4683 4675 4679 4683 4686 4688 4687 4690 4689 4687 4683 4678 4673 4673 4675 4692 4721 4747 4766 4779 4786 4778 4766 4757 4745 4735 4734 4730 4734 4741 4751 4766 4790 4799 4778 4753 4759 4777 4788 4814 4841 4865 4896 4926
4679 4677 4678 4679 4679 4680 4681 4682 4679 4683 4686 4690 4687 4683 4686 4690 4689 4687 4694 4701 4702 4701 4702 4704 4706 4704 4706 4709 4712 4723 4721 4719 4722 4719 4719 4717 4712 4703 4701 4697 4683 4677 4681 4686 4691 4697 4704 4701 4696 4691 4684 4678 4674 4671 4675 4694 4725 4756 4779 4787 4792 4785 4772 4759 4744 4732 4723 4722 4733 4744 4757 4774 4792 4795 4818 4785 4777 4762 4777 4787 4807 4828 4848 4860
4675 4677 4679 4681 4685 4685 4684 4682 4680 4683 4685 4685 4683 4680 4679 4678 4679 4679 4684 4688 4690 4690 4690 4694 4694 4696 4698 4700 4707 4718 4717 4716 4713 4718 4719 4719 4718 4720 4715 4701 4690 4686 4683 4689 4691 4700 4713 4709 4700 4694 4688 4680 4674 4671 4676 4698 4733 4769 4803 4808 4802 4795 4782 4761 4741 4723 4709 4720 4733 4745 4761 4776 4790 4802 4838 4830 4814 4807 4779 4754 4762 4787 4799 4797
4673 4676 4680 4686 4688 4687 4686 4684 4683 4683 4684 4682 4680 4678 4675 4673 4672 4683 4681 4681 4682 4684 4687 4688 4687 4689 4691 4694 4701 4708 4711 4712 4713 4716 4718 4718 4719 4719 4711 4703 4690 4675 4678 4676 4685 4692 4695 4700 4699 4698 4696 4688 4678 4677 4680 4702 4738 4777 4812 4813 4813 4803 4782 4756 4736 4719 4711 4722 4738 4755 4768 4779 4787 4804 4805 4818 4814 4811 4789 4769 4761 4766 4766 4758
4672 4676 4680 4683 4686 4686 4687 4687 4686 4685 4685 4684 4681 4676 4672 4671 4671 4674 4677 4677 4678 4679 4679 4681 4683 4686 4688 4689 4688 4691 4706 4715 4717 4719 4718 4719 4722 4719 4722 4709 4696 4687 4680 4676 4681 4686 4687 4695 4702 4704 4705 4709 4716 4691 4676 4708 4745 4782 4810 4840 4825 4790 4769 4753 4735 4720 4719 4728 4741 4755 4770 4784 4795 4817 4806 4803 4799 4796 4794 4791 4776 4761 4749 4735
4674 4678 4680 4683 4688 4690 4691 4688 4688 4687 4688 4689 4684 4677 4670 4669 4668 4668 4672 4674 4675 4675 4676 4679 4682 4686 4689 4691 4692 4694 4707 4723 4732 4726 4721 4719 4723 4726 4718 4713 4704 4690 4689 4688 4685 4683 4684 4692 4707 4710 4705 4718 4723 4711 4713 4723 4750 4780 4805 4813 4798 4763 4758 4750 4736 4721 4704 4728 4744 4757 4771 4785 4800 4804 4799 4793 4783 4782 4790 4793 4778 4760 4745 4731
4678 4682 4684 4686 4691 4696 4698 4695 4688 4686 4686 4693 4686 4678 4673 4670 4667 4666 4669 4671 4672 4673 4675 4678 4681 4686 4690 4695 4699 4701 4711 4723 4728 4726 4722 4720 4719 4723 4723 4722 4716 4713 4702 4691 4684 4685 4689 4696 4708 4721 4707 4712 4698 4705 4718 4729 4749 4771 4785 4771 4775 4784 4765 4748 4736 4727 4725 4729 4745 4757 4770 4785 4798 4802 4777 4768 4764 4769 4780 4785 4773 4758 4743 4730
4686 4691 4692 4691 4691 4694 4694 4689 4685 4683 4680 4683 4682 4678 4672 4670 4670 4664 4666 4668 4669 4671 4672 4675 4681 4687 4693 4700 4705 4708 4713 4725 4728 4724 4723 4722 4720 4721 4728 4727 4723 4719 4709 4694 4684 4683 4692 4702 4687 4719 4773 4698 4692 4699 4708 4728 4746 4762 4762 4764 4778 4786 4768 4752 4742 4735 4734 4737 4746 4755 4766 4779 4787 4785 4765 4750 4751 4756 4764 4768 4763 4754 4741 4727
4700 4708 4704 4699 4695 4692 4691 4685 4683 4681 4681 4681 4679 4677 4673 4669 4663 4663 4664 4666 4669 4670 4671 4675 4680 4688 4695 4702 4711 4711 4706 4703 4709 4715 4720 4724 4731 4721 4723 4728 4729 4728 4721 4705 4690 4679 4693 4727 4617 4485 4498 4599 4690 4717 4720 4733 4746 4756 4766 4787 4813 4770 4761 4751 4744 4737 4729 4731 4737 4746 4759 4771 4781 4780 4758 4740 4733 4748 4753 4752 4752 4746 4735 4724
4721 4738 4731 4715 4703 4696 4696 4688 4683 4679 4676 4678 4677 4676 4676 4670 4663 4662 4664 4666 4668 4670 4669 4672 4680 4689 4697 4705 4716 4718 4703 4690 4697 4709 4718 4726 4721 4722 4727 4732 4734 4733 4729 4723 4715 4685 4698 4768 4573 4277 4278 4514 4685 4732 4729 4739 4748 4757 4777 4791 4786 4764 4754 4747 4740 4734 4729 4726 4722 4740 4753 4767 4777 4773 4766 4752 4750 4752 4755 4752 4748 4740 4730 4720
4745 4782 4810 4764 4705 4698 4695 4686 4673 4672 4675 4679 4679 4676 4671 4668 4665 4663 4665 4667 4669 4670 4670 4671 4682 4692 4702 4715 4722 4723 4707 4699 4699 4708 4718 4724 4726 4722 4728 4735 4737 4737 4735 4736 4736 4706 4713 4758 4627 4436 4422 4550 4675 4735 4739 4747 4756 4761 4759 4768 4759 4755 4745 4739 4732 4728 4728 4725 4728 4736 4748 4761 4775 4791 4759 4745 4748 4755 4763 4757 4746 4735 4725 4716
4761 4815 4851 4795 4717 4699 4698 4681 4659 4651 4677 4681 4679 4674 4668 4664 4664 4664 4665 4668 4670 4672 4675 4679 4687 4695 4705 4722 4731 4731 4714 4702 4704 4712 4721 4727 4723 4721 4729 4731 4739 4740 4744 4738 4732 4733 4733 4710 4708 4774 4658 4641 4680 4714 4739 4750 4764 4775 4764 4758 4753 4745 4736 4729 4728 4725 4721 4715 4729 4731 4739 4750 4760 4768 4744 4736 4736 4743 4744 4745 4742 4737 4731 4723
4769 4824 4861 4798 4717 4694 4691 4674 4649 4608 4691 4685 4679 4673 4666 4661 4661 4663 4665 4668 4671 4674 4678 4683 4690 4701 4713 4727 4740 4748 4733 4710 4712 4718 4726 4732 4722 4722 4732 4741 4740 4738 4734 4736 4740 4740 4737 4735 4743 4739 4729 4707 4705 4723 4731 4753 4771 4775 4770 4751 4737 4731 4731 4730 4727 4723 4720 4719 4717 4723 4731 4739 4743 4747 4748 4740 4728 4727 4726 4732 4735 4735 4733 4729
4766 4796 4818 4771 4714 4691 4679 4670 4661 4670 4672 4680 4677 4671 4664 4659 4659 4660 4663 4666 4670 4674 4677 4678 4688 4701 4715 4731 4748 4762 4755 4728 4724 4727 4732 4733 4732 4730 4733 4739 4738 4733 4728 4734 4746 4738 4740 4750 4754 4747 4747 4738 4724 4698 4732 4758 4778 4786 4768 4745 4716 4717 4726 4729 4727 4723 4718 4712 4707 4713 4723 4732 4736 4739 4739 4743 4733 4722 4722 4729 4734 4738 4741 4748
4751 4748 4736 4729 4713 4688 4674 4668 4666 4667 4670 4673 4673 4664 4663 4658 4655 4657 4660 4663 4667 4672 4676 4677 4686 4698 4712 4729 4747 4760 4752 4739 4732 4731 4733 4734 4724 4728 4733 4740 4736 4731 4726 4731 4740 4740 4746 4759 4767 4761 4758 4754 4748 4746 4752 4766 4783 4791 4775 4748 4732 4726 4731 4733 4733 4729 4723 4714 4712 4712 4720 4730 4742 4750 4753 4750 4735 4723 4726 4733 4740 4747 4752 4760
4716 4708 4701 4695 4682 4671 4666 4664 4666 4667 4664 4664 4663 4662 4661 4658 4653 4655 4659 4663 4666 4669 4673 4674 4682 4695 4709 4725 4743 4759 4772 4752 4734 4727 4729 4742 4728 4729 4732 4732 4732 4730 4726 4730 4741 4741 4748 4760 4770 4771 4768 4762 4759 4763 4761 4768 4782 4785 4769 4751 4737 4741 4745 4745 4742 4737 4731 4726 4717 4714 4722 4731 4738 4750 4759 4750 4736 4723 4731 4742 4757 4767 4771 4761
4677 4679 4677 4675 4669 4665 4661 4661 4663 4662 4660 4660 4660 4660 4658 4653 4652 4654 4657 4660 4664 4668 4671 4669 4676 4690 4705 4720 4736 4751 4758 4736 4719 4710 4709 4716 4733 4733 4733 4734 4732 4732 4732 4734 4738 4747 4747 4753 4768 4783 4775 4768 4762 4753 4752 4760 4768 4767 4759 4754 4758 4766 4763 4759 4754 4749 4743 4737 4730 4724 4730 4738 4745 4755 4764 4764 4740 4723 4733 4758 4780 4797 4804 4795
4662 4666 4667 4666 4664 4664 4658 4658 4660 4659 4656 4656 4656 4656 4655 4653 4655 4656 4659 4661 4664 4666 4667 4666 4671 4683 4696 4711 4725 4737 4728 4705 4697 4688 4685 4707 4743 4735 4737 4736 4736 4735 4736 4740 4734 4732 4744 4752 4766 4777 4773 4768 4765 4753 4748 4751 4754 4747 4751 4757 4766 4781 4778 4774 4767 4760 4752 4745 4739 4736 4745 4750 4752 4760 4766 4759 4744 4733 4749 4781 4813 4842 4859 4853
4662 4661 4663 4663 4662 4660 4657 4656 4657 4654 4653 4654 4655 4655 4655 4655 4656 4657 4658 4660 4661 4662 4663 4664 4662 4674 4685 4696 4708 4720 4727 4696 4683 4673 4666 4692 4741 4740 4742 4742 4743 4740 4737 4735 4737 4733 4743 4755 4762 4766 4768 4765 4759 4751 4746 4746 4745 4749 4762 4772 4782 4790 4792 4788 4780 4771 4761 4752 4748 4757 4765 4768 4772 4768 4767 4768 4759 4783 4789 4818 4852 4886 4923 4944
