real_craters/C156-300m.grd
DSAA
361 361
-53.935 53.935
-53.935 53.935
2859.131885697 5127.167024891
[rows 330 to 359 of 361, columns 134 to 200 of 361]
4252.19 4251.78 4251.58 4249.95 4247.63 4246.16 4246.78 4247.91 4249.35 4251.28 4245.66 4240.8 4238.84 4236.15 4233.82 4231.8 4231.39 4232.05 4226.23 4222.76 4219.84 4216.83 4212.82 4209.1 4204.64 4200.19 4196.15 4191.18 4187.98 4185.49 4184.92 4185.55 4186.78 4187.38 4187.95 4187.93 4188.2 4187.81 4187.66 4190.79 4200.66 4212.15 4221.99 4216.95 4197.8 4182.55 4187.46 4197.22 4206.98 4216.38 4224.08 4228.62 4223.4 4215.54 4206.67 4197.38 4188.27 4180.11 4174.47 4172.58 4171.66 4172.33 4174.6 4178.7 4184.5 4191.6 4199.46
4255.55 4254.65 4253.64 4253.08 4254.19 4250.58 4251.04 4250.33 4248.08 4245.07 4245.12 4243.05 4242.33 4240.29 4237.8 4234.11 4228.17 4225.25 4226.45 4224.57 4221.01 4217.29 4213.33 4208.67 4204.44 4200 4195.76 4191.55 4187.63 4184.98 4184.42 4185.29 4186.09 4186.83 4186.66 4186.61 4186.15 4185.5 4185.47 4187.65 4198.06 4210.11 4219.92 4217.03 4200.7 4189.27 4192.47 4199.44 4209.07 4219.34 4228.5 4231.52 4226.56 4217.82 4208.19 4198.46 4189.22 4180.82 4175.32 4172.64 4170.82 4171.07 4175.51 4178.08 4183.92 4190.97 4198.3
4257.98 4255.96 4254.82 4254.16 4254.17 4256.22 4256.46 4253.4 4249.14 4246.09 4245.51 4244.78 4245.44 4244.62 4242.99 4240.02 4234.57 4230.87 4230.25 4227.8 4223.59 4219.28 4214.41 4209.4 4204.72 4200.04 4195.65 4191.75 4188.26 4185.92 4185.31 4186.07 4186.35 4187.04 4187.76 4186.11 4185 4184.29 4184.98 4188.47 4196.14 4205.2 4212.86 4212.11 4198.35 4192.69 4193.91 4200.36 4209.68 4220.26 4230.81 4235.97 4227.49 4218.03 4208.26 4198.86 4189.88 4182.45 4177.2 4172.8 4170.17 4168.74 4168 4175.7 4183.1 4190.27 4197.29
4259.32 4257.24 4255.38 4254.33 4254.9 4261.93 4261.9 4256.06 4250.5 4247.41 4246.54 4246.4 4248.11 4248.28 4248.43 4248.15 4247.46 4243.63 4237.71 4232.84 4227.32 4221.53 4216.19 4210.58 4205.49 4200.57 4196.24 4192.46 4189.01 4187.97 4187.36 4186.45 4186.48 4186.6 4186.37 4185.3 4183.88 4183.2 4183.99 4187.78 4192.32 4197.91 4202.12 4199.46 4189.82 4181.19 4189.54 4199.4 4208.56 4217.92 4226.58 4229.63 4223.96 4216.17 4207.38 4198.43 4189.73 4181.87 4175.59 4172.6 4170.73 4169.52 4170.71 4176.1 4183.14 4189.94 4196.45
4259.87 4256.66 4254.27 4253.2 4254.55 4262.69 4262.13 4254.98 4250.06 4247.72 4246.88 4247.09 4248.16 4251.56 4253.51 4255.5 4255.49 4251.66 4244.79 4237.92 4230.62 4223.95 4217.81 4212.05 4206.6 4201.44 4196.59 4192.6 4188.9 4187.04 4185.59 4185.71 4185.71 4186.16 4185.82 4184.29 4182.55 4181.07 4180.51 4181.14 4184.5 4189.94 4193.21 4191.5 4183.7 4183.3 4192.33 4198.04 4205.54 4213.27 4218.59 4220.83 4218.2 4212.22 4204.86 4196.86 4189.03 4181.64 4175.49 4173.13 4172.27 4172.47 4174.56 4178.26 4183.69 4190.45 4196.51
4258.8 4254.64 4251.25 4249.3 4249.96 4252.32 4249.81 4247.08 4247.52 4246.31 4245.41 4246.4 4248.33 4251.41 4256.63 4260.55 4262.57 4257.39 4249.67 4242 4234.44 4227.27 4220.55 4212.78 4206.64 4201.32 4196.38 4192.14 4188.1 4185.23 4182.91 4182.81 4183.83 4185.54 4185.5 4183.16 4180.95 4178.88 4176.96 4175.09 4177.32 4183.81 4188.32 4188.04 4182.43 4181.46 4189.33 4194.81 4201.32 4208.59 4214.25 4214.93 4212.56 4207.85 4202.22 4195.76 4189.18 4182.59 4176.87 4174.96 4174.28 4175.23 4177.53 4180.4 4185.53 4190.95 4197.31
4255.5 4249.82 4245.02 4241.16 4238.6 4236.02 4229.83 4232.16 4236.78 4240.02 4240.97 4243.02 4246.59 4251.05 4257.59 4262.55 4264.88 4259.6 4251.91 4244.09 4236.32 4228.91 4221.88 4214.53 4207.9 4202.15 4196.28 4191.78 4187.45 4184.66 4182.71 4182.22 4182.57 4182.68 4182.82 4181.68 4179.63 4177.35 4175.09 4173.47 4175.18 4180.38 4185.93 4191.82 4183.49 4179.56 4184.43 4189.25 4195.39 4202.37 4210.65 4210.58 4207.44 4203.87 4199.74 4194.9 4189.61 4184.6 4180.35 4178.1 4177.03 4175.75 4178.15 4182.34 4186.78 4191.52 4197.46
4251 4243.6 4237.08 4230.42 4223.18 4214.26 4198.95 4213.14 4232.62 4230.72 4233.25 4237.52 4242.78 4248.65 4254.4 4261.02 4263.35 4258.37 4251.58 4244 4236.43 4229.04 4221.94 4215.04 4208.21 4201.98 4196.59 4191.73 4186.71 4183.89 4181.69 4180.18 4180.13 4181.97 4181.95 4180.58 4178.66 4176.49 4174.47 4173.35 4174.19 4177.93 4181.95 4182.96 4178.85 4175.92 4177.14 4183.07 4188.54 4193.14 4196.15 4199.93 4201 4199.84 4197.53 4194.37 4190.72 4187.11 4184.07 4182.1 4180.83 4180.72 4181.72 4184.39 4188 4193.04 4197.23
4244.78 4236.65 4228.42 4219.8 4209.1 4194.38 4189.07 4193.88 4199.78 4214.86 4223.65 4231.07 4238.26 4245.16 4251.86 4255.96 4257.4 4254.39 4248.88 4242.04 4234.86 4227.63 4220.74 4214.61 4208.42 4202.29 4197.11 4191.61 4186.48 4183.02 4180.42 4179.2 4179.58 4182.15 4181.6 4179.94 4177.91 4176.14 4174.29 4173.21 4173.33 4175.98 4178.48 4179.91 4179.84 4176.32 4175.16 4178.91 4183.13 4186.3 4188.53 4192.6 4195.57 4196.34 4195.77 4194.16 4192.01 4190.09 4188.23 4186.52 4184.79 4184.22 4184.66 4187.17 4190.3 4193.32 4197.1
4238.6 4229.86 4221.44 4212.36 4202.14 4191.91 4180.22 4185.25 4191.22 4203.58 4214.64 4223.72 4232.29 4240.63 4248.13 4250.31 4250.07 4249.9 4245.12 4238.61 4232.02 4225.13 4218.77 4212.48 4206.4 4200.71 4196.18 4191.03 4186.17 4181.82 4178.71 4179.19 4181.81 4181.5 4180.77 4179.09 4177.36 4175.78 4174.42 4173.68 4173.86 4175 4176.14 4176.74 4177.4 4176.3 4174.39 4177.31 4180.38 4182.57 4185.44 4189.35 4192.79 4194.66 4195.08 4194.64 4193.78 4192.78 4191.91 4190.74 4188.5 4184.4 4187 4188.86 4190.47 4192.47 4195.09
4233.71 4225 4216.13 4207.38 4199.1 4192.71 4190.75 4186.2 4189.28 4198.63 4208.34 4217.5 4226.11 4234.96 4245.56 4254.38 4253.11 4247.28 4240.71 4234.25 4228.08 4221.97 4217.4 4211.56 4206.11 4200.29 4194.29 4189.33 4184.74 4180.62 4177.93 4178.61 4182.36 4182.22 4179.69 4178.13 4176.61 4175.5 4174.51 4174.12 4174.61 4174.56 4174.43 4174.35 4175.32 4175.95 4176 4178.07 4180.57 4181.8 4183.56 4188.51 4192.05 4194.07 4195.05 4195.32 4195.02 4194.73 4194.62 4194.41 4193.2 4192.65 4190.71 4190.57 4190.77 4191.61 4193.07
4227.57 4219.87 4212.06 4203.98 4196.07 4190.28 4186.22 4186.72 4190.26 4196.97 4204.29 4211.5 4219.02 4226.73 4237.43 4251.81 4252.03 4240.76 4233.53 4228.94 4223.74 4218.98 4214.1 4209 4203.79 4197.83 4193.15 4188.68 4184.13 4180.16 4176.96 4176.47 4177.81 4177.12 4177.83 4177.56 4176.68 4175.5 4174.41 4173.68 4173.57 4173.11 4172.91 4173.42 4174.42 4176.56 4177.39 4180.74 4183.71 4185.43 4187.44 4190.62 4193.16 4194.65 4195.47 4196.03 4196.27 4196.15 4195.48 4194.57 4194.39 4195.1 4192.62 4191.29 4190.5 4189.91 4189.05
4220.98 4214.18 4206.77 4199.9 4193.6 4188.48 4186.39 4189.02 4192.57 4196.23 4200.62 4205.13 4209.62 4214.07 4219.17 4222.56 4226.29 4225.75 4223.86 4220.94 4216.68 4212.55 4208.49 4204.3 4200.31 4194.87 4190.87 4187.01 4183.42 4179.91 4176.72 4175.27 4174.57 4175.5 4176.71 4176.79 4176.12 4174.94 4173.6 4172.2 4170.86 4170.34 4170.9 4172.41 4173.2 4177.87 4182.19 4184.85 4187.54 4192.67 4194.26 4194.5 4195.17 4196.01 4196.72 4197.47 4197.85 4197.79 4196.59 4193.96 4193.18 4192.24 4193.27 4192.02 4190.25 4188.38 4186.04
4214.71 4208.57 4202.08 4195.49 4190.82 4187.28 4186.05 4192.6 4194.9 4195.33 4197.34 4199.24 4200.89 4201.69 4201.36 4198.39 4204.25 4210 4211.56 4210.96 4209.4 4206.84 4203.34 4200.79 4197.47 4193.26 4189.99 4187.18 4184.02 4180.86 4177.8 4175.94 4177.41 4176.64 4177.44 4177.41 4176.36 4174.74 4172.76 4170.84 4168.92 4168.15 4168.87 4170.01 4176.66 4177.34 4179.05 4181.82 4186.41 4194.39 4197.03 4196.2 4196.1 4196.77 4197.46 4198.67 4199.5 4200.47 4201.02 4201.14 4199.94 4197.52 4195.64 4193.16 4190.21 4186.44 4183.08
4207.74 4202.72 4197.99 4193.39 4189.53 4186.48 4186.3 4191.49 4193.44 4193.54 4193.46 4193.4 4193 4191.8 4189.94 4187.59 4192.53 4197.85 4201.32 4202.22 4202.05 4201.07 4198.8 4196.66 4194.24 4190.95 4188.46 4186 4183.7 4181.77 4180.08 4180.52 4180.64 4179.5 4179.95 4178.51 4176.45 4174.31 4172.11 4170 4168.12 4167.25 4167.26 4168.02 4170.61 4170.3 4168.1 4169.79 4180.06 4188.67 4193.23 4194.96 4195.69 4196.54 4197.94 4199.65 4201.36 4203.08 4205.54 4208.72 4207.66 4203.47 4198.74 4194.39 4190.05 4185.58 4180.24
4202.65 4198.48 4194.79 4191.69 4188.96 4187.22 4187.22 4193.17 4192.45 4191.46 4190.52 4189.43 4187.99 4186.06 4184.85 4183.91 4186.58 4190.55 4193.98 4195.23 4195.78 4195.75 4194.47 4193.01 4191.36 4188.8 4186.8 4185.4 4183.97 4183 4181.76 4179.02 4180.4 4185.5 4183.19 4179.52 4176.57 4174.02 4171.72 4169.57 4167.62 4166.35 4166.36 4167.13 4164.41 4163.21 4162.39 4164.04 4175.32 4185.21 4189.68 4192.1 4193.99 4195.74 4197.93 4199.92 4202.23 4204.65 4207.42 4210.38 4212.4 4206.51 4200.91 4195.87 4190.04 4184.6 4178.81
4199.32 4196.09 4193.39 4190.99 4189.24 4188.68 4189.41 4190.55 4189.75 4188.84 4187.83 4186.47 4184.7 4183.34 4181.63 4180.79 4182.81 4185.24 4187.72 4189.6 4190.42 4190.73 4190.4 4190.22 4189.16 4187.33 4186.29 4185.15 4184.2 4183.61 4183.4 4185.63 4171.4 4189.74 4182.47 4178.7 4175.94 4173.7 4171.5 4169.49 4167.51 4165.92 4165.83 4164.94 4165.41 4164.88 4163.38 4165.43 4172.94 4181.34 4185.21 4188.62 4191.72 4194.79 4197.72 4200.3 4203.3 4205.63 4207.98 4208.58 4203.06 4204.5 4201.71 4196.44 4190.64 4184.28 4177.79
4194.26 4193.61 4191.84 4189.06 4188.71 4189.11 4191.51 4188.48 4186.77 4186.28 4185.3 4184.03 4182.55 4181.64 4180.33 4180.18 4181.24 4182.36 4183.66 4184.7 4185.66 4186.11 4186.21 4185.74 4185.17 4184.24 4183.47 4183.03 4182.57 4182.62 4182.05 4179.19 4175.45 4170.78 4175.92 4175.94 4174.66 4172.97 4171.28 4169.81 4168.3 4166.87 4167.18 4167.62 4166.24 4165.42 4166 4167.63 4170.26 4173.65 4179.89 4185.27 4189.73 4193.51 4197.36 4200.83 4204.06 4206.91 4208.7 4209.71 4211.21 4207.2 4203.46 4198.47 4192.23 4185.29 4178.14
4192.76 4189.84 4188.95 4188.35 4189.16 4188.76 4188.82 4187.13 4185.01 4184.17 4183.18 4182.13 4181 4180.56 4179.52 4179.23 4179.86 4180.03 4180.87 4181.63 4182.09 4182.21 4182.47 4182.29 4182.58 4182.01 4181.31 4180.93 4180.68 4180.78 4179.96 4179.64 4172.91 4171.72 4172.63 4173.43 4173.32 4172.43 4171.38 4170.39 4169.69 4169.66 4169.55 4168.98 4166.82 4165.82 4168.45 4173.07 4171.63 4171.36 4177.11 4183.29 4188.62 4193.37 4197.84 4202.02 4205.52 4208.57 4211.03 4212.99 4213.87 4210.97 4206.55 4201.01 4194.08 4186.6 4178.58
4191.91 4188.97 4189.33 4188.96 4188.85 4188.14 4188.57 4185.59 4184.05 4182.99 4181.65 4180.54 4179.75 4179.83 4179.53 4179.09 4178.79 4178.38 4178.46 4178.8 4179.26 4179.56 4179.51 4179.52 4179.73 4179.54 4179.26 4178.97 4178.66 4178.36 4177.73 4176.11 4171.76 4170.95 4171.74 4172.58 4172.56 4172.06 4171.38 4170.84 4170.63 4171.12 4171.21 4170.12 4166.59 4164.61 4169.25 4174.53 4173.58 4172.93 4176.96 4182.55 4188.27 4193.63 4198.95 4203.2 4207.09 4210.73 4214.04 4216.55 4217.4 4215.71 4210.66 4203.81 4195.93 4187.46 4178.91
4189.74 4188.53 4189.21 4189.25 4188.65 4188.07 4187.91 4186.57 4184.66 4182.33 4180.54 4179.27 4178.72 4179.44 4179.42 4178.72 4177.86 4177.01 4177.4 4177.63 4178.23 4178.96 4179.25 4179.53 4178.19 4178.05 4177.67 4177.31 4176.86 4176.37 4175.3 4173.97 4173 4171.76 4172.69 4172.88 4172.4 4171.83 4171.32 4170.9 4170.61 4171.06 4171.56 4170.38 4166.24 4163.51 4168.7 4176.33 4174.65 4172.76 4176.87 4182.17 4187.74 4193.45 4199.16 4204.23 4208.96 4213.26 4217.48 4222.46 4225.33 4221.95 4215.35 4207.03 4198.08 4188.67 4179.51
4189.11 4188.72 4188.47 4188.93 4189.38 4189.18 4188.09 4185.32 4183.42 4181.55 4179.26 4177.43 4176.81 4178.52 4179.73 4178.24 4176.28 4175.52 4175.46 4176.1 4176.62 4177.36 4177.27 4176.4 4177.56 4177.51 4176.35 4175.86 4176.5 4175.42 4174.05 4172.62 4171.08 4174.88 4175.04 4173.34 4172.46 4171.94 4171.46 4170.95 4170.25 4169.62 4170.13 4169.82 4166.07 4163.03 4167.33 4172.32 4172.8 4173.51 4177.57 4182.64 4188.29 4194 4199.65 4205.11 4209.99 4214.78 4219.39 4224.19 4229.77 4227.97 4219.72 4210.19 4200.21 4190.31 4180.63
4189.61 4189.53 4189.7 4189.9 4190.59 4190.57 4190.53 4185.45 4184.2 4181.24 4178.14 4175.2 4173.19 4175 4181.31 4176.22 4173.08 4173.35 4173.52 4173.67 4173.81 4174.44 4175.3 4174.99 4175.34 4174.91 4175.11 4174 4172.68 4172.36 4171.49 4171.01 4172.51 4172.94 4172.89 4171.39 4170.6 4170.23 4170.21 4170.04 4169.43 4167.82 4166.17 4167.64 4166.43 4165.86 4167.52 4169.93 4171.86 4174.13 4177.64 4182.17 4188.16 4193.85 4199.65 4205.55 4211.31 4216.42 4220.96 4225.61 4234.49 4232.51 4222.89 4212.58 4202.4 4192.31 4181.93
4190.23 4190.26 4190.64 4190.65 4190.51 4190.06 4190.35 4186.02 4184.43 4180.98 4177.08 4172.79 4167.57 4161.12 4158.72 4163.61 4167.31 4169.53 4170.8 4171.59 4172.18 4172.9 4173.2 4173.39 4173.79 4172.8 4172.47 4172.06 4171.47 4170.69 4170.12 4169.06 4167.56 4167.95 4167.95 4168.78 4169.3 4169.76 4170.33 4170.52 4170.06 4169.21 4169.24 4167.91 4166.97 4166.8 4167.33 4169.26 4171.9 4174.12 4177.7 4182.19 4187.86 4194.31 4200.24 4206.42 4212.76 4218.58 4222.98 4226.01 4233.61 4231.12 4222.36 4213.06 4203.53 4193.75 4183.41
4190.67 4190.84 4191.07 4191 4190.11 4188.34 4186.01 4186.1 4184.59 4180.86 4176.76 4172.41 4166.54 4155.86 4143.08 4156.23 4164.89 4168.48 4170.56 4171.6 4172.07 4171.9 4172.08 4171.03 4170.98 4171.86 4171.5 4170.91 4170.34 4169.93 4168.66 4167.76 4166.33 4165.68 4165.56 4166.67 4167.86 4168.97 4170.03 4170.88 4171.44 4171.64 4168.66 4169.32 4167.97 4165.8 4165.55 4168.21 4170 4173.65 4178.02 4182.83 4188.07 4193.69 4199.82 4206.31 4213.25 4219.74 4224.97 4228.05 4227.76 4224.11 4218.2 4210.79 4202.44 4193.45 4184.24
4190.6 4190.84 4191.37 4191.73 4191.45 4189.57 4186.23 4186.48 4184.8 4180.58 4177.31 4174.88 4172.86 4171.86 4170.04 4166.77 4168.39 4170 4170.94 4171.35 4171.68 4171.88 4171.91 4171.78 4170.47 4170.24 4169.58 4169.22 4168.97 4168.35 4167.98 4167.28 4166.54 4165.22 4164.15 4165.51 4166.96 4168.22 4169.63 4170.9 4172.9 4175.66 4178.74 4173.25 4170.62 4168.76 4167.7 4170.15 4172.02 4174.17 4178.63 4183.4 4188.32 4194.27 4200.23 4206.63 4213.62 4220.78 4227.29 4229.19 4223.69 4217.28 4213.81 4207.84 4200.43 4192.37 4183.94
4192.64 4192.99 4193.42 4194.24 4195.04 4194.64 4191.52 4186.86 4182.17 4178.2 4177.69 4177.8 4179.21 4183.04 4183.72 4176.52 4173.6 4172.63 4172.39 4172.3 4172.27 4171.67 4171.31 4171.12 4170.88 4170.52 4169.85 4169.13 4168.69 4168.18 4167.59 4166.49 4165.9 4165.03 4164.53 4165.14 4166.45 4167.49 4168.87 4170.17 4172.27 4175.24 4175.4 4171.01 4173.97 4177.05 4177.21 4172.27 4169.64 4175.31 4180.13 4184.57 4189.12 4193.71 4199.05 4205.09 4211.42 4219.15 4227.43 4231.31 4223.18 4216.21 4211.35 4205.29 4198.56 4191.56 4184.55
4193.61 4193.94 4194.47 4195.62 4198.27 4202.03 4198.83 4189.97 4178.25 4177.03 4179.21 4180.38 4181.93 4182.99 4182.85 4179.86 4177.26 4175.53 4174.38 4173.78 4173.22 4172.23 4171.89 4171.33 4170.92 4170.59 4170.06 4169.79 4168.92 4168.26 4168.09 4167.92 4167.06 4166.16 4165.28 4165.32 4166.05 4166.79 4167.74 4168.78 4169.67 4170.31 4167.69 4167.92 4177.85 4187.5 4191 4177.94 4175.05 4179.05 4182.21 4185.5 4188.9 4192.84 4197.09 4201.97 4207.3 4214.52 4222.16 4224.53 4220.88 4215.47 4209.2 4202.63 4196.39 4190.6 4184.99
4193.84 4193.8 4193.64 4193.88 4195.64 4202.95 4200.96 4192.79 4188.69 4184.76 4182.39 4182.42 4183.24 4182.96 4182.23 4180.74 4179.08 4177.36 4176.27 4175.4 4174.71 4173.76 4173.2 4172.79 4171.02 4171 4170.04 4168.97 4168.6 4168.21 4168.23 4168.61 4170.06 4171.32 4166.65 4165.6 4166.04 4166.34 4166.82 4166.86 4166.94 4165.81 4163.76 4168.97 4181.87 4196.71 4207.15 4187.77 4179.76 4182.61 4184.66 4186.26 4188.08 4190.66 4192.91 4196.06 4199.87 4205.04 4212.9 4215.84 4213.05 4211.93 4204.49 4197.44 4192.33 4188.25 4185.06
4193.92 4193.53 4192.75 4191 4187.19 4181.22 4185.94 4190.47 4190.76 4186.39 4184.16 4183.54 4184.14 4184.67 4183.59 4181.61 4180.07 4178.57 4177.42 4176.79 4176.1 4175.9 4174.68 4174.59 4173.13 4171.65 4169.58 4169.02 4168.5 4167.91 4167.74 4167.53 4168.16 4167.18 4166.04 4166.16 4166.86 4166.54 4166.03 4165.82 4165.42 4164.88 4164.15 4168.59 4183.32 4200.13 4212.58 4200.45 4189.87 4188.85 4187.3 4186.45 4186.64 4187.4 4188.54 4189.26 4190.09 4190.13 4191.76 4194.44 4196.08 4198.44 4192.75 4188.26 4185.8 4184.06 4182.8
