real_craters/C156-500m.grd
DSAA
217 217
-53.935 53.935
-53.935 53.935
2866.2273094918 5138.4570682189
[rows 0 to 29 of 217, columns 67 to 133 of 217]
4300.87 4291.77 4282.36 4276.02 4271.96 4266.67 4268.2 4269.87 4267.81 4263.67 4258.88 4254.07 4249.45 4249.32 4249.23 4248.96 4249.86 4252.57 4256.82 4258.77 4259.91 4265.94 4268.57 4268.89 4266.16 4265.97 4268.95 4271.35 4272.64 4272.25 4269.7 4273.1 4286.49 4294.49 4297.78 4296.34 4291.31 4285.91 4280.9 4276.22 4272.69 4271.49 4268.46 4265.79 4263.28 4262.16 4259.93 4257.97 4256.05 4252.94 4248.04 4247.14 4246.86 4246.17 4245.91 4245.23 4244.82 4241.13 4243.85 4246.4 4246.75 4246 4244.11 4241.43 4238.13 4231.57 4220.79
4302.83 4292.14 4281.85 4275.88 4273.21 4271.46 4272.05 4273.82 4269.56 4264.33 4258.74 4253.55 4249.22 4247.65 4248.7 4249.59 4250.98 4256.16 4259.76 4262.67 4264.31 4266.08 4267.09 4267.26 4270.74 4270.78 4273.61 4277.96 4281.73 4284.21 4284.08 4296.29 4307.56 4310.7 4309.67 4306.12 4297.19 4290.3 4284 4278.71 4275.39 4272.51 4268.22 4263.71 4260.66 4261.01 4260.19 4259.14 4258.62 4257.05 4246.47 4244.45 4243.78 4242.9 4242.23 4241.2 4240.13 4235.61 4236.4 4242.57 4245.14 4244.2 4242.03 4239.71 4236.35 4230.78 4225.61
4301.09 4293.88 4285.74 4279.44 4275.76 4275.08 4271.9 4276.25 4270.42 4264.18 4258.66 4253.88 4250.39 4249.07 4249.41 4250.78 4252.01 4257.19 4262.83 4269.26 4272.67 4273.07 4266.28 4270.12 4273.53 4274.15 4279.37 4285.76 4293.06 4302.73 4317.52 4335.55 4333.28 4329.48 4319.58 4308.6 4301.08 4293.64 4286.76 4280.16 4274.29 4270.3 4268.45 4265.87 4263.48 4262.04 4260.63 4259.07 4257.62 4255.82 4245.17 4242.95 4241.82 4240.86 4239.49 4237.89 4236.29 4234.87 4241.55 4246.83 4245.38 4243.52 4241.15 4237.93 4233.91 4228.2 4230.96
4302.2 4295.59 4291.64 4283.2 4276.62 4271.23 4270.61 4267.04 4265.78 4262.63 4258.66 4254.82 4251.49 4249.28 4251.15 4251.89 4253.35 4257.17 4264.63 4271.56 4273.33 4265 4266.61 4269.04 4274.38 4278.52 4284.87 4292.37 4302.2 4315.08 4332.52 4348.33 4344.6 4338.32 4325.16 4312.6 4303.58 4296.42 4289.07 4281.96 4274.61 4270.48 4269.52 4270.07 4267.96 4264.2 4261.25 4258.27 4254.45 4248.78 4244.73 4242.07 4240.81 4239.99 4238.71 4236.54 4234.03 4236.31 4244.45 4246.96 4244.75 4242.51 4240.21 4237.53 4234.09 4231.67 4236.02
4301.49 4295.04 4288.23 4282.57 4276.26 4271.46 4268.06 4262.67 4262.73 4262.13 4259.65 4256.57 4253.4 4254.02 4254.8 4254.38 4254.91 4255.96 4265.8 4274.12 4276.95 4277.07 4275.08 4273.67 4276.55 4282.82 4289.16 4297.1 4306.97 4318.55 4330.98 4338.58 4339.17 4334.73 4324.49 4312.48 4305.2 4299.14 4292.66 4285.73 4277.92 4270.24 4271.23 4271.46 4269.31 4265.57 4261.88 4257.68 4253.12 4248.81 4242.23 4241.86 4241.07 4239.85 4238.72 4237.42 4236.03 4238.79 4242.15 4241.9 4241.83 4240.53 4238.67 4236.47 4234.76 4234.74 4233.57
4299.5 4294 4289.01 4281.71 4275.35 4269.8 4267.38 4264.25 4264.21 4263.18 4261.13 4258.49 4255.49 4250.57 4250.55 4253 4252.47 4258.23 4267.98 4275.47 4275.43 4271.56 4272.43 4274.23 4279.64 4284.83 4291.19 4299.4 4307.78 4316.83 4324.93 4328.07 4325.67 4326.57 4319.72 4313.04 4307.28 4301.96 4296.8 4291.52 4287.01 4283.78 4274.43 4270.27 4268.68 4266.54 4263.12 4258.39 4252.19 4247.1 4245.72 4243.75 4241.95 4240.83 4240.21 4239.56 4239.85 4237.15 4235.55 4239.46 4239.81 4239.58 4239.07 4237.74 4235.92 4233.79 4232.63
4298.5 4292.26 4285.6 4280.4 4274.23 4268.68 4264.96 4266.87 4266.57 4264.32 4262.26 4260.6 4259.72 4257.98 4253.26 4254.33 4252.02 4259.84 4270.82 4280.56 4276.46 4274.49 4272.89 4274.84 4277.17 4284.1 4291.12 4299.1 4307.02 4313.74 4316.8 4313.96 4309.81 4311.02 4311.15 4309.83 4307.16 4303.83 4300.31 4296.5 4291.95 4282.59 4275.89 4272.74 4270.41 4268.5 4265.65 4261.58 4255.12 4250.16 4249.37 4246.16 4243.51 4242.33 4241.28 4241.72 4242.15 4236.22 4232.71 4233.21 4238.98 4240.49 4240.38 4239.27 4238.23 4239.54 4243.93
4300.22 4293.36 4286.52 4280.79 4274.27 4267.78 4262.51 4269.77 4268.6 4265.88 4263.86 4262.35 4261.93 4261.66 4256.34 4255.62 4252.71 4260.5 4272.01 4279.45 4279.43 4280.3 4278.84 4277.51 4276.85 4283.32 4290.85 4298.52 4305.57 4311.28 4314.19 4310.63 4304.13 4302.93 4304.09 4306.22 4307.28 4305.89 4303.55 4300.85 4297.44 4293.85 4279.02 4274.85 4273.5 4271.64 4269.49 4266.64 4265.47 4258.7 4249.16 4245.54 4244.38 4243.02 4242.39 4242.57 4243.47 4238.14 4233.96 4239.15 4241.99 4243.04 4242.47 4240.96 4240.21 4242.66 4249.39
4304.42 4297.95 4290.94 4283.42 4275.42 4267.94 4262.26 4265.57 4266.16 4265.68 4264.7 4263.21 4261.3 4259.96 4258.33 4259.22 4256.5 4261.59 4271.23 4279.17 4280.25 4280.42 4277.35 4274.95 4275.44 4282.96 4290.84 4298.73 4305.55 4311.56 4315.68 4317.72 4305.95 4299.95 4299.31 4304.6 4308.93 4307.99 4306.38 4303.91 4301.02 4295.53 4278.84 4279.36 4277.66 4276.21 4274.06 4271.36 4266.55 4261.19 4254 4249.24 4245.73 4243.73 4242.37 4241.56 4240.75 4237.42 4237.33 4243.04 4248.35 4248.4 4245.97 4242.77 4240.84 4241.67 4248.52
4307.9 4304.04 4296.99 4287.64 4277.89 4269.48 4263.28 4262.08 4263.7 4265.19 4264.66 4263.39 4261.4 4259.55 4255.73 4260.18 4263.48 4263.02 4269.38 4276.53 4280.86 4268.17 4273.31 4274.76 4276.78 4283.65 4291.64 4298.28 4305.2 4310.85 4316.01 4318.91 4314.62 4301.03 4298.64 4305.41 4309.87 4311.17 4309.1 4305.88 4301.1 4293.03 4286.26 4286.33 4284.39 4281.59 4278.14 4275.33 4273.55 4265.05 4256.55 4250.35 4247.94 4245.25 4242.19 4238.96 4237.18 4235.51 4238.2 4250.76 4255.44 4252.24 4248.47 4244.68 4241.17 4239.74 4239.84
4311.8 4313.19 4304.1 4292.05 4281.44 4272.42 4271.97 4269.73 4266.65 4266.31 4265.41 4264.05 4262.98 4263.11 4263.46 4264.94 4265.56 4264.4 4269.72 4275.14 4276.28 4268.22 4266.77 4270.79 4280.42 4285.81 4292.78 4300.62 4306.37 4310.91 4313.64 4313.43 4312.91 4305.14 4305.2 4310.41 4316.75 4314.39 4310.46 4306.59 4302.6 4297.31 4292.99 4295.28 4290.97 4285.55 4281.08 4277.31 4274.23 4267.65 4259.78 4252.68 4251.67 4247.39 4242.48 4237.23 4232.53 4234.02 4237.66 4253.7 4259 4253.27 4248.42 4244.35 4241.74 4241.1 4245.5
4313.87 4308.53 4303.61 4293.68 4283.03 4273.63 4266.36 4270.98 4270.74 4268 4265.67 4263.54 4262 4259.61 4258.51 4265.26 4263.23 4264.08 4270.78 4277.27 4279.2 4270.36 4269.04 4273.28 4279.5 4288.57 4296.3 4302.58 4307.93 4311.24 4313.08 4311.93 4306.24 4304.2 4307.16 4310.86 4318.07 4314.07 4310.09 4307.75 4305.4 4304.13 4301.21 4302.57 4294.35 4287.85 4282.41 4278.25 4273.8 4270.37 4267.92 4266.34 4257.06 4250.17 4243.91 4238.02 4235.01 4235.26 4240.67 4247.7 4252.05 4250.2 4246.16 4242.59 4239.67 4238.11 4232.33
4314.97 4316.76 4304.31 4293.46 4283.88 4276.78 4273.95 4273.94 4271.86 4269.13 4266.14 4263.24 4261.46 4259.59 4258.46 4263.91 4263.15 4266.19 4270.49 4277.37 4282.48 4271.76 4271.83 4277.8 4288.73 4296.47 4302.59 4306.9 4310.19 4311.65 4312.54 4311.15 4302.79 4303.93 4301.06 4307.39 4310.26 4309.41 4308.31 4307.03 4306.05 4304.9 4299.62 4300.35 4293.02 4286 4280.34 4276.73 4275.25 4271.77 4269.69 4264 4261.2 4253.26 4245.76 4239.75 4236.46 4236.3 4235.54 4241.66 4245.53 4245.58 4242.49 4239.38 4237.1 4233.88 4230.76
4311.62 4307.36 4300.89 4291.98 4283.51 4277.27 4273.49 4271.82 4272.72 4270.03 4266.81 4263.91 4262.21 4261.52 4262.67 4265.99 4265.9 4267.61 4270.48 4277.2 4283.01 4278.75 4276.28 4285.4 4294.65 4303.42 4308.25 4311.15 4312.7 4313.69 4314.07 4314.5 4320.34 4317.69 4310.97 4308.9 4305.19 4304.83 4306.9 4307.39 4306.72 4304.95 4301.96 4293.42 4287.19 4281.09 4275.48 4270.26 4267.79 4269.35 4271.87 4275.47 4264.84 4254.49 4246.41 4241.43 4239.25 4239.56 4243.48 4246.6 4247.04 4241.36 4237.59 4234.47 4231.66 4230.61 4231.11
4308.3 4302.74 4296.65 4289.29 4281.72 4275.24 4273.4 4273.72 4274.34 4270.54 4267.06 4264.25 4261.88 4260.62 4265.35 4267.27 4267.71 4269.67 4273.54 4279.57 4282.28 4285.77 4285.68 4286.15 4301.71 4311.44 4313.57 4314.99 4314.59 4314.85 4315.6 4318.06 4326.74 4329.57 4322.88 4314.39 4306.66 4304.77 4308.26 4309.49 4308.92 4304.62 4296.94 4287.46 4283.35 4278.72 4272.95 4266.01 4263.46 4266.43 4268.89 4268.48 4262.15 4252.63 4244.03 4237.69 4237.29 4240.69 4246.61 4246.17 4236.73 4233.89 4232.17 4230.08 4226.39 4225.76 4227.49
4307.21 4300.84 4294.44 4287.75 4280.88 4274.74 4276.26 4284.94 4275.17 4269.54 4266.96 4264.66 4262.57 4260.76 4264.11 4263.39 4268.59 4272.87 4282.74 4284.51 4282.55 4285.59 4284.78 4292.09 4307.12 4317.92 4320.33 4318.58 4317.49 4315.77 4314.57 4314.5 4318.61 4328.95 4324.47 4317.24 4312.84 4312.21 4311.79 4312.02 4312.48 4311.62 4308.89 4288.07 4280.81 4277.7 4273.29 4267.9 4265.1 4265.02 4264.01 4263.99 4256.43 4248.51 4241.56 4235.23 4236.2 4239.09 4240.18 4235.43 4228.96 4228.07 4228.36 4227.59 4227.86 4224.73 4223.78
4307.11 4299.18 4294.02 4287.52 4281.36 4277.9 4278.76 4282.53 4275.06 4269.46 4267.09 4265.21 4264.29 4264.56 4267.87 4266.32 4273.44 4279.22 4286.4 4294.67 4287.22 4292.97 4302.03 4305.08 4318.9 4329.58 4325.46 4322.79 4319.55 4316.42 4313.19 4310.8 4310.84 4324.7 4319.39 4314.23 4314.31 4314.7 4314.55 4315.28 4316.1 4315.46 4309.89 4284.83 4281.33 4279.52 4277.85 4273.15 4269.39 4264.73 4258.64 4249.61 4244.94 4244.47 4241.86 4238.44 4238.8 4239.36 4237.84 4233.83 4230.99 4228.51 4227.37 4225.63 4223.9 4221.77 4219.38
4314.79 4304.61 4296.49 4288.94 4282.5 4278.25 4277.13 4276.46 4272.14 4268.66 4267.02 4266.4 4266.59 4267.54 4270.72 4273 4280.14 4290.42 4293.02 4300.02 4297.98 4304.82 4311.76 4318.13 4322.66 4330.04 4326.91 4324.12 4320.08 4315.76 4312.23 4309.32 4309.88 4319.19 4316.11 4311.9 4312.82 4313.26 4314.45 4315.73 4317.21 4316.18 4303.14 4289.31 4283.98 4283.55 4284.45 4284.38 4275.73 4265.46 4255.82 4247.66 4243.83 4243.69 4245.19 4245.96 4244.22 4242.55 4240.23 4237.35 4234.77 4232.32 4228.19 4224.53 4220.77 4220.09 4220.06
4320.07 4310.24 4300.77 4291.63 4284.25 4279.3 4277.7 4276.3 4272.92 4269.14 4268.09 4268.67 4270.27 4273.74 4275.85 4278.69 4284.91 4290.24 4294.16 4301.48 4304.24 4304.87 4307.49 4316.68 4323.66 4327.14 4327.74 4324.76 4320.38 4315.89 4311.34 4308.19 4306.97 4318.75 4316.86 4312.5 4308.99 4310.71 4310.8 4313.7 4316.72 4317.28 4304.89 4287.89 4285.84 4286.73 4288.76 4288.44 4278.21 4265.84 4254.4 4245.28 4241.13 4244.93 4249.61 4251.16 4250.29 4247.17 4243.65 4240 4238.47 4233.85 4229.23 4225.45 4223.53 4219.83 4219.47
4325.01 4314.78 4305.45 4295.47 4286.15 4280.89 4280.77 4281.34 4276.85 4270.92 4270.98 4271.89 4273.36 4277.98 4279.08 4280.4 4287.51 4293.74 4295.45 4300.09 4299.45 4295.67 4303.03 4315.85 4323.89 4327.86 4328.43 4325.02 4320.12 4314.66 4309.93 4306.96 4306.47 4316.19 4311.02 4299.79 4302.69 4297.29 4304.2 4309.15 4312.46 4314.64 4301.05 4287.16 4286.37 4287.06 4290.18 4290.87 4277.05 4263.95 4252.46 4243.37 4238.95 4247.37 4257.63 4261.56 4256.58 4251.69 4247.4 4244.74 4238.56 4233.55 4230.4 4225.83 4221.8 4219.62 4217.09
4336.59 4324.72 4313.37 4301.77 4289.97 4283.12 4287.05 4290.32 4287.62 4278.52 4276.49 4277.62 4278.26 4277.32 4282.39 4285.49 4289.8 4302.21 4300.76 4295.49 4301.43 4301.93 4307.31 4315.25 4323.07 4330.29 4327.92 4322.41 4316.75 4311.33 4308.03 4306.06 4306.98 4310.94 4310.77 4311 4304.74 4307.22 4305.7 4305.69 4306.45 4302.62 4296.39 4291.38 4285.67 4282.55 4282.42 4281.86 4270.56 4259.63 4250.23 4243.7 4243.88 4249.99 4260.59 4265.28 4260.65 4254.42 4247.73 4240.58 4238.35 4237.06 4232.69 4227.52 4223.28 4220.52 4216.82
4346.62 4334.29 4322.52 4310.67 4300.08 4294.12 4299.05 4304 4300 4284 4286.95 4286.75 4286.14 4287.77 4287.57 4288.07 4289.64 4300.97 4307.97 4311.65 4303.64 4303.66 4306.33 4313.86 4319.89 4323.42 4323.24 4319.45 4314.64 4309.47 4304.5 4301.48 4299.97 4301.83 4302.69 4300.81 4299.61 4300.57 4299.89 4299.54 4300.7 4302.85 4300.74 4292.21 4281 4275.49 4268.81 4263.64 4260.91 4254.88 4248.13 4242.82 4241.44 4250.4 4260.83 4265.3 4262.66 4255.89 4247.59 4239.7 4237.15 4237.18 4235.52 4232.9 4228.39 4223.79 4219.37
4353.47 4341.49 4330.19 4320.38 4313.58 4311.61 4312.41 4317.89 4324.53 4316.89 4305.5 4299.88 4293.76 4291.4 4298.75 4290.81 4293.92 4299.6 4312.79 4319.26 4308.6 4302.58 4306.74 4312.66 4317.1 4320.52 4320.01 4315.7 4310.87 4305.42 4300.5 4294.77 4291.04 4289.62 4290.05 4290.05 4290.41 4288.22 4287.73 4292 4294.57 4296.51 4300.23 4295.67 4278.23 4271.39 4263.73 4257.98 4255.35 4251.32 4246.74 4242.89 4241.52 4255.19 4271 4272.07 4266.29 4257.56 4247.99 4239.85 4237 4238.7 4237.66 4235.95 4231.73 4226.95 4222.98
4351.59 4344.07 4334.93 4327.8 4322.5 4320.35 4322.09 4324.94 4324.99 4324.04 4319.14 4313.25 4310.97 4306.88 4304.02 4309.69 4308.29 4306.12 4309.58 4313.85 4317.48 4310.03 4314.05 4313.6 4314.49 4314.85 4313.51 4310.65 4306.16 4300.64 4295.74 4290.74 4284.24 4279.64 4280.79 4285.88 4285.75 4282.45 4282.83 4286.72 4290.17 4295.31 4296.42 4299.6 4278.7 4269.59 4264.97 4258.71 4253.25 4250.06 4247.44 4245.69 4247.46 4259.63 4279.49 4278.7 4269.72 4259.25 4248.17 4238.29 4234.29 4237.76 4237.88 4234.43 4231.46 4227.94 4224.95
4348.08 4342.87 4336.1 4331.72 4330.85 4328.59 4328.48 4331.14 4335.29 4334.01 4326.62 4321.66 4320.77 4316.15 4314.6 4318.78 4312.91 4318.23 4316.41 4316.09 4315.37 4304.53 4309.3 4311.64 4312.03 4310.75 4309.01 4307.45 4303.38 4298.46 4292.89 4285.84 4279.47 4270.88 4272.41 4276.25 4277.34 4280.39 4283.13 4283.59 4283.79 4284.13 4286.84 4284.31 4276.19 4265.65 4257.91 4253.39 4251.4 4250.4 4250.12 4250.26 4250.85 4264.15 4288.64 4279.5 4270.48 4260.09 4249.15 4238.98 4233.85 4239.51 4238.63 4236.1 4230.83 4226.64 4225.37
4347.01 4338.71 4332.36 4327.5 4326.99 4327.45 4330.18 4335.04 4341.17 4338.4 4332.22 4326.19 4317.41 4323.01 4323.64 4321.21 4325.26 4334.6 4325.21 4316.95 4310.7 4311.6 4309.12 4309.4 4309.65 4310.17 4309.91 4305.2 4299.97 4295 4289.93 4284.48 4279.06 4276.93 4277.24 4273.28 4274.4 4278.27 4281.48 4281.14 4279.25 4278.12 4277.83 4273.49 4273.32 4261.12 4247.47 4248.73 4250.04 4251.27 4253.92 4258.52 4266.63 4277.57 4282.44 4278.13 4269.84 4259.89 4249.98 4241.28 4236.19 4236.92 4236 4234.18 4228.69 4222.36 4215.24
4330.33 4329.41 4325.77 4321.43 4312.7 4321.24 4327.89 4333.7 4338.85 4342.48 4341.86 4331.54 4324.72 4329.71 4325.04 4328.57 4337.94 4331.57 4332.91 4324.1 4317.67 4317.06 4309.9 4308.28 4307.05 4306.33 4303.6 4300.3 4296.18 4291.62 4287.51 4283.39 4279.25 4275.87 4273.62 4272.63 4273.71 4276.95 4281.31 4279.04 4275.55 4274.33 4275.59 4272.7 4264.83 4260.13 4252.98 4249.7 4250.16 4253.05 4257.25 4264.12 4275 4280.25 4275.6 4273.9 4267.92 4259.65 4251.34 4243.57 4235.45 4232.74 4230.05 4229.42 4225.75 4219.8 4211.63
4319.64 4320.6 4319.45 4318.03 4318.73 4320.4 4324.77 4329.92 4334.3 4340.42 4344.29 4335.39 4328.74 4334.93 4331.79 4332.12 4342.07 4338.46 4334.88 4321.24 4306.69 4301.6 4308.95 4305.9 4304.05 4301.84 4299.16 4296.26 4293.33 4289.71 4286 4282.42 4279.45 4276.88 4273.45 4270.25 4270.8 4273.07 4276.96 4276.93 4276.11 4276.25 4278.47 4279.2 4274.68 4262.57 4255.8 4251.45 4252.03 4255.14 4258.58 4264.68 4272.07 4275.13 4273.34 4271.03 4265.9 4259.12 4252.06 4245.75 4241.81 4232.72 4226.21 4225.75 4225.79 4222.61 4219.14
4314.11 4313.93 4313.55 4314.16 4315.13 4317.75 4322.47 4327.57 4332.52 4339.3 4344.79 4333.49 4324.69 4326.96 4331.36 4336.22 4337.8 4337.53 4340.63 4312.15 4315.91 4312.24 4306.18 4302.65 4300.72 4298.13 4295.35 4292.73 4290.57 4287.88 4285.05 4281.97 4279.16 4275.87 4270.08 4264.95 4263 4269.03 4273.67 4276.4 4277.79 4279.15 4282.15 4285.61 4276.67 4260.74 4250.34 4249.19 4250.63 4253.06 4258 4263.21 4268.9 4274.08 4274.9 4270.17 4264.25 4257.87 4251.38 4245.71 4241.68 4238.23 4238.08 4232.07 4229.44 4227.67 4221.62
4309.22 4308.46 4308.06 4308.6 4311.16 4313.88 4318.03 4323.33 4329.12 4333.44 4336.19 4329.6 4324.54 4331.61 4332.13 4333.13 4335.55 4340.64 4343.68 4319.83 4318.23 4303.36 4300.91 4299.46 4297.68 4295.25 4292.32 4290.37 4288.78 4286.51 4284.16 4281.97 4278.93 4274.73 4269.77 4265.02 4265.48 4268.93 4274.84 4276.58 4275.24 4279.12 4283.26 4284.15 4274.53 4257.87 4248.23 4249.55 4252.34 4255.45 4258.87 4262.33 4265.8 4268.72 4271.22 4267.9 4262.5 4256.38 4249.25 4242.57 4236.44 4232.64 4228.2 4229.85 4233.15 4234.77 4231.83
