real_craters/C156-750m.grd
DSAA
145 145
-53.935 53.935
-53.935 53.935
2865.8861195751 5097.6160091475
[rows 38 to 75 of 145, columns 0 to 83 of 145]
4251 4249 4241 4246 4247 4249 4248 4239 4239 4245 4277 4301 4287 4270 4255 4257 4254 4251 4249 4247 4245 4249 4254 4270 4288 4303 4313 4316 4309 4298 4294 4291 4293 4296 4298 4300 4298 4291 4284 4285 4277 4268 4264 4274 4286 4296 4301 4304 4308 4315 4327 4342 4349 4342 4335 4341 4339 4324 4321 4328 4324 4327 4324 4319 4313 4312 4318 4327 4333 4341 4338 4330 4336 4346 4338 4323 4309 4303 4312 4304 4296 4287 4279 4276
4253 4250 4243 4241 4248 4253 4259 4264 4265 4275 4289 4313 4310 4284 4266 4259 4254 4252 4250 4250 4247 4249 4258 4279 4295 4310 4325 4330 4321 4299 4290 4291 4295 4298 4299 4299 4296 4288 4270 4271 4265 4260 4258 4272 4289 4297 4304 4307 4310 4317 4327 4350 4362 4362 4370 4341 4340 4317 4336 4346 4338 4331 4325 4318 4309 4304 4317 4329 4337 4344 4351 4329 4330 4349 4348 4329 4307 4300 4308 4305 4298 4290 4281 4275
4256 4255 4253 4250 4253 4260 4268 4280 4280 4276 4286 4308 4313 4297 4274 4262 4255 4255 4258 4260 4257 4285 4291 4299 4306 4315 4326 4333 4319 4299 4292 4295 4302 4304 4303 4300 4293 4273 4263 4256 4260 4255 4257 4268 4290 4300 4303 4307 4312 4316 4326 4349 4372 4383 4365 4343 4333 4318 4326 4339 4346 4332 4326 4321 4316 4317 4326 4335 4344 4351 4353 4325 4318 4370 4356 4334 4317 4299 4298 4304 4303 4300 4298 4298
4259 4260 4256 4253 4256 4263 4272 4282 4281 4266 4275 4294 4303 4288 4266 4251 4254 4258 4266 4278 4287 4314 4320 4315 4314 4315 4318 4317 4313 4304 4309 4315 4316 4312 4308 4302 4295 4286 4269 4259 4262 4258 4269 4288 4298 4302 4303 4306 4311 4317 4325 4354 4364 4369 4356 4339 4342 4331 4332 4335 4324 4329 4327 4327 4329 4334 4338 4343 4357 4371 4370 4358 4336 4355 4351 4333 4314 4304 4307 4309 4310 4310 4308 4308
4261 4260 4254 4253 4258 4264 4272 4283 4287 4295 4277 4275 4280 4267 4251 4248 4254 4264 4274 4287 4302 4332 4331 4323 4317 4316 4315 4313 4315 4310 4325 4336 4328 4320 4310 4302 4296 4298 4285 4267 4274 4272 4289 4317 4301 4295 4301 4306 4312 4320 4332 4345 4349 4346 4346 4339 4337 4330 4324 4321 4331 4333 4334 4333 4336 4344 4344 4348 4351 4358 4388 4385 4373 4352 4338 4329 4316 4310 4315 4318 4319 4321 4323 4327
4261 4260 4248 4253 4259 4264 4268 4273 4285 4292 4274 4256 4262 4250 4237 4236 4248 4266 4278 4292 4316 4332 4323 4319 4314 4310 4307 4303 4299 4313 4325 4340 4336 4325 4314 4303 4293 4287 4282 4251 4283 4282 4293 4305 4301 4298 4301 4309 4316 4325 4339 4345 4341 4340 4332 4328 4325 4324 4324 4332 4333 4334 4339 4341 4340 4338 4342 4350 4355 4355 4347 4346 4342 4337 4330 4326 4327 4335 4331 4328 4326 4329 4333 4337
4264 4260 4259 4260 4261 4264 4268 4271 4277 4277 4261 4248 4250 4242 4231 4233 4240 4249 4274 4297 4312 4311 4318 4313 4307 4302 4300 4293 4292 4296 4324 4338 4338 4328 4316 4303 4291 4283 4284 4278 4278 4281 4288 4301 4306 4306 4310 4315 4320 4327 4347 4353 4346 4341 4334 4333 4330 4326 4328 4345 4342 4344 4350 4355 4352 4341 4350 4358 4366 4357 4344 4316 4283 4302 4310 4315 4324 4336 4336 4337 4337 4337 4338 4334
4267 4270 4275 4266 4263 4263 4267 4269 4266 4261 4250 4243 4244 4240 4235 4232 4235 4243 4269 4303 4305 4313 4314 4307 4300 4293 4288 4294 4313 4314 4324 4339 4333 4324 4310 4298 4287 4279 4265 4263 4269 4254 4283 4309 4322 4319 4320 4324 4328 4333 4344 4356 4359 4356 4353 4351 4346 4337 4343 4351 4356 4360 4364 4369 4374 4380 4380 4367 4358 4345 4324 4294 4265 4271 4284 4303 4317 4325 4339 4349 4347 4341 4339 4339
4266 4262 4264 4261 4259 4258 4258 4258 4257 4254 4248 4242 4240 4238 4234 4233 4236 4241 4257 4282 4301 4304 4306 4303 4295 4288 4281 4294 4305 4307 4321 4325 4326 4319 4308 4296 4283 4270 4256 4264 4281 4272 4286 4306 4318 4323 4324 4329 4336 4346 4354 4367 4383 4370 4369 4372 4361 4351 4347 4352 4364 4373 4378 4386 4393 4404 4402 4375 4350 4339 4319 4310 4291 4273 4282 4301 4318 4343 4370 4363 4349 4335 4325 4314
4263 4259 4255 4255 4254 4251 4249 4249 4248 4248 4241 4238 4236 4234 4235 4237 4242 4246 4243 4232 4280 4296 4300 4300 4293 4286 4283 4295 4301 4327 4339 4331 4323 4313 4301 4288 4274 4260 4249 4254 4261 4281 4289 4298 4320 4314 4322 4331 4342 4357 4372 4379 4384 4373 4371 4365 4365 4362 4354 4376 4387 4388 4397 4406 4412 4412 4399 4381 4366 4362 4346 4345 4317 4295 4301 4331 4340 4360 4392 4367 4348 4325 4299 4281
4261 4253 4253 4252 4250 4246 4241 4242 4243 4243 4242 4238 4236 4237 4238 4238 4248 4245 4242 4244 4249 4267 4293 4297 4291 4284 4277 4286 4309 4325 4330 4327 4318 4308 4296 4281 4268 4259 4254 4265 4266 4273 4291 4304 4303 4309 4321 4331 4343 4359 4380 4378 4382 4387 4363 4354 4367 4378 4392 4395 4398 4406 4417 4431 4432 4420 4399 4400 4409 4425 4417 4352 4373 4410 4449 4434 4385 4330 4359 4368 4359 4330 4287 4267
4264 4260 4254 4252 4249 4245 4242 4240 4240 4238 4234 4236 4237 4235 4242 4241 4240 4244 4244 4244 4241 4245 4273 4287 4288 4284 4281 4286 4295 4306 4318 4318 4311 4302 4293 4285 4277 4268 4259 4265 4266 4274 4296 4320 4312 4313 4321 4329 4339 4348 4370 4375 4377 4372 4373 4377 4380 4391 4405 4405 4401 4412 4441 4463 4480 4475 4417 4476 4500 4540 4571 4642 4647 4677 4666 4605 4495 4382 4337 4396 4399 4366 4300 4277
4270 4269 4261 4255 4250 4245 4238 4239 4237 4236 4237 4237 4237 4236 4238 4244 4243 4243 4244 4246 4241 4245 4266 4283 4285 4288 4292 4298 4293 4296 4312 4311 4307 4298 4293 4287 4282 4280 4282 4268 4268 4270 4293 4319 4312 4320 4323 4329 4338 4355 4374 4383 4396 4387 4375 4396 4396 4400 4411 4412 4406 4444 4474 4509 4555 4610 4702 4700 4672 4673 4698 4751 4809 4861 4840 4778 4662 4549 4573 4492 4473 4453 4409 4353
4272 4271 4266 4258 4253 4248 4243 4240 4238 4235 4236 4238 4238 4239 4239 4236 4239 4241 4242 4240 4238 4240 4254 4268 4279 4290 4294 4291 4292 4293 4307 4302 4288 4291 4289 4287 4284 4281 4278 4269 4275 4269 4285 4300 4300 4311 4322 4331 4340 4358 4378 4385 4385 4395 4361 4386 4395 4395 4400 4408 4420 4445 4486 4544 4619 4711 4794 4903 4865 4751 4711 4755 4707 4771 4871 4891 4847 4728 4575 4581 4569 4556 4578 4448
4272 4272 4266 4259 4255 4251 4247 4243 4240 4236 4229 4234 4236 4239 4239 4238 4238 4240 4241 4241 4236 4238 4239 4247 4274 4295 4296 4292 4299 4306 4307 4299 4293 4288 4288 4286 4284 4278 4273 4282 4269 4268 4277 4288 4294 4303 4320 4336 4351 4367 4378 4383 4379 4359 4348 4366 4388 4380 4376 4379 4434 4458 4489 4555 4651 4761 4875 4861 4803 4733 4646 4521 4548 4648 4792 4870 4938 4884 4800 4745 4662 4591 4482 4454
4271 4265 4263 4260 4255 4251 4248 4244 4242 4242 4243 4236 4236 4235 4239 4242 4244 4241 4238 4236 4239 4232 4234 4240 4278 4305 4306 4301 4305 4311 4307 4298 4292 4288 4287 4286 4283 4284 4287 4283 4279 4273 4273 4278 4284 4295 4319 4342 4365 4379 4390 4397 4389 4338 4335 4337 4362 4376 4381 4395 4458 4469 4475 4554 4642 4729 4812 4776 4726 4681 4632 4585 4581 4521 4585 4640 4666 4772 4928 4818 4737 4664 4575 4544
4264 4260 4261 4259 4255 4248 4245 4245 4244 4243 4244 4244 4239 4243 4240 4241 4244 4241 4242 4240 4235 4232 4243 4269 4287 4302 4294 4296 4308 4316 4306 4294 4298 4294 4287 4285 4287 4290 4291 4297 4300 4281 4275 4273 4284 4295 4319 4344 4368 4381 4395 4412 4397 4366 4346 4338 4352 4414 4455 4480 4603 4598 4520 4585 4610 4644 4704 4802 4648 4572 4587 4582 4478 4395 4395 4430 4388 4527 4652 4724 4744 4763 4760 4702
4271 4266 4262 4261 4259 4256 4252 4248 4244 4240 4237 4239 4239 4239 4243 4243 4246 4240 4242 4242 4239 4235 4245 4270 4284 4291 4293 4297 4310 4318 4306 4292 4292 4285 4283 4285 4287 4291 4294 4290 4296 4294 4293 4295 4297 4307 4327 4347 4359 4368 4393 4412 4414 4404 4397 4383 4422 4528 4629 4732 4861 4890 4802 4671 4569 4503 4447 4397 4382 4336 4321 4279 4215 4153 4130 4127 4201 4319 4475 4588 4679 4833 4892 4827
4257 4259 4262 4264 4265 4261 4258 4253 4246 4239 4236 4235 4237 4236 4237 4240 4242 4246 4245 4244 4242 4238 4241 4251 4268 4286 4292 4301 4311 4323 4323 4313 4285 4274 4281 4286 4291 4293 4293 4297 4293 4297 4296 4300 4310 4325 4338 4360 4377 4386 4395 4398 4404 4380 4364 4465 4560 4688 4819 4946 5083 5098 4897 4626 4447 4329 4234 4151 4103 4047 3972 3948 3941 3934 3936 3955 3990 4118 4253 4347 4493 4722 4873 4887
4260 4256 4261 4268 4273 4275 4268 4257 4248 4241 4237 4236 4236 4236 4235 4238 4235 4243 4243 4246 4245 4249 4256 4251 4261 4285 4303 4303 4307 4310 4309 4301 4290 4279 4281 4284 4288 4293 4297 4289 4273 4273 4283 4301 4318 4337 4358 4383 4400 4415 4426 4440 4406 4356 4384 4539 4705 4866 4946 5058 5066 4879 4595 4411 4268 4152 4047 3907 3868 3796 3699 3694 3719 3755 3806 3832 3848 3936 4029 4080 4213 4357 4558 4776
4263 4260 4263 4270 4277 4282 4273 4261 4250 4242 4238 4238 4238 4241 4237 4238 4237 4238 4237 4233 4240 4248 4259 4258 4264 4275 4288 4299 4302 4300 4294 4293 4285 4285 4282 4282 4284 4289 4294 4296 4280 4267 4280 4301 4320 4343 4376 4408 4424 4426 4453 4469 4463 4396 4543 4685 4890 5009 4938 4866 4728 4528 4314 4171 4064 3969 3876 3796 3719 3629 3552 3542 3558 3612 3672 3714 3717 3777 3846 3886 3954 4067 4252 4450
4273 4265 4267 4272 4276 4275 4270 4260 4250 4247 4240 4238 4238 4240 4244 4239 4239 4240 4236 4236 4236 4237 4231 4245 4257 4274 4280 4294 4299 4297 4290 4277 4276 4278 4277 4279 4282 4284 4288 4290 4272 4273 4278 4294 4323 4352 4383 4419 4444 4450 4472 4468 4409 4546 4775 4852 4984 4974 4805 4585 4368 4211 4056 3946 3870 3803 3738 3694 3606 3509 3428 3437 3478 3508 3524 3556 3561 3631 3688 3702 3752 3867 4005 4121
4272 4269 4268 4271 4275 4275 4267 4259 4250 4240 4240 4239 4238 4239 4238 4239 4238 4240 4237 4235 4233 4231 4229 4245 4278 4282 4295 4301 4303 4299 4290 4275 4267 4268 4273 4279 4283 4282 4290 4294 4269 4274 4277 4298 4331 4368 4390 4428 4422 4465 4479 4447 4411 4488 4802 4882 4928 4867 4629 4346 4092 3949 3831 3754 3707 3640 3584 3534 3478 3416 3365 3351 3364 3370 3389 3422 3460 3518 3573 3584 3611 3688 3830 3974
4279 4271 4270 4270 4268 4268 4264 4258 4251 4244 4243 4241 4241 4241 4239 4239 4238 4237 4236 4233 4234 4237 4244 4249 4243 4284 4310 4314 4312 4306 4299 4273 4261 4266 4272 4280 4289 4296 4292 4280 4271 4279 4289 4308 4339 4372 4408 4444 4492 4474 4461 4454 4430 4471 4705 4849 4884 4727 4433 4142 3893 3775 3716 3672 3594 3511 3402 3414 3411 3349 3299 3278 3264 3273 3304 3323 3360 3421 3485 3572 3554 3540 3707 3916
4275 4271 4271 4270 4265 4262 4262 4259 4256 4252 4247 4244 4244 4243 4239 4236 4234 4245 4238 4234 4236 4242 4252 4246 4244 4289 4325 4327 4321 4311 4296 4278 4266 4264 4269 4279 4290 4295 4293 4284 4275 4279 4296 4315 4344 4376 4402 4421 4425 4434 4440 4438 4466 4493 4693 4825 4862 4539 4239 3972 3744 3660 3636 3585 3496 3444 3407 3377 3343 3270 3229 3216 3218 3233 3262 3266 3284 3325 3366 3384 3420 3474 3590 3773
4268 4271 4273 4274 4275 4272 4267 4262 4261 4257 4250 4245 4244 4243 4240 4239 4234 4233 4232 4235 4240 4243 4241 4233 4238 4308 4336 4333 4326 4315 4304 4290 4274 4269 4272 4280 4288 4290 4284 4277 4263 4268 4284 4312 4347 4383 4415 4419 4422 4437 4442 4480 4540 4702 4763 4766 4693 4339 4069 3847 3640 3584 3514 3372 3384 3382 3378 3317 3246 3185 3159 3163 3164 3171 3193 3214 3211 3255 3273 3262 3333 3412 3456 3554
4272 4272 4275 4280 4284 4279 4271 4263 4257 4254 4249 4244 4238 4240 4238 4234 4234 4234 4235 4238 4246 4250 4249 4248 4261 4303 4325 4325 4320 4315 4307 4296 4283 4281 4282 4278 4279 4277 4266 4261 4259 4259 4278 4310 4343 4381 4416 4439 4446 4447 4462 4474 4632 4820 4769 4661 4503 4170 3929 3767 3644 3491 3338 3313 3305 3313 3295 3265 3215 3164 3141 3134 3128 3130 3150 3175 3208 3248 3257 3245 3277 3325 3353 3441
4278 4277 4281 4283 4284 4280 4272 4264 4252 4246 4247 4244 4240 4236 4238 4238 4238 4247 4248 4250 4256 4262 4274 4297 4301 4296 4312 4315 4314 4310 4307 4301 4289 4285 4279 4273 4265 4262 4262 4261 4261 4252 4271 4300 4331 4369 4405 4435 4453 4447 4435 4558 4767 4795 4690 4535 4308 4023 3824 3692 3575 3400 3225 3211 3249 3282 3283 3245 3189 3158 3144 3137 3121 3095 3133 3161 3279 3304 3282 3261 3253 3248 3275 3376
4276 4278 4284 4286 4284 4283 4279 4269 4262 4254 4249 4246 4244 4232 4237 4231 4237 4247 4258 4264 4266 4271 4280 4286 4294 4296 4300 4303 4302 4300 4296 4283 4283 4279 4275 4267 4262 4260 4259 4260 4260 4258 4254 4271 4314 4356 4390 4415 4467 4468 4502 4740 4736 4683 4585 4416 4195 3919 3784 3637 3484 3314 3169 3164 3218 3292 3303 3253 3200 3164 3168 3169 3163 3158 3178 3231 3346 3346 3293 3250 3222 3202 3225 3329
4274 4285 4291 4296 4298 4292 4284 4277 4271 4261 4253 4245 4237 4233 4236 4235 4235 4242 4262 4267 4272 4274 4281 4291 4288 4295 4299 4296 4294 4291 4287 4291 4274 4267 4267 4263 4266 4263 4257 4258 4256 4251 4246 4261 4306 4353 4394 4432 4489 4522 4616 4645 4626 4654 4494 4347 4194 4039 3815 3589 3402 3245 3180 3142 3198 3295 3310 3255 3206 3203 3222 3238 3245 3247 3249 3306 3353 3333 3269 3191 3125 3129 3181 3306
4284 4291 4299 4303 4304 4299 4289 4280 4273 4263 4253 4243 4237 4242 4238 4235 4232 4235 4258 4270 4274 4273 4273 4271 4297 4317 4302 4295 4288 4283 4278 4272 4264 4259 4258 4262 4266 4260 4257 4250 4247 4243 4248 4269 4309 4364 4416 4486 4543 4621 4671 4605 4621 4443 4387 4275 4158 4052 3728 3525 3363 3245 3178 3159 3198 3262 3278 3252 3215 3252 3306 3335 3351 3357 3363 3392 3369 3316 3242 3142 3012 3037 3122 3272
4294 4299 4306 4309 4304 4300 4292 4283 4275 4263 4253 4246 4242 4236 4234 4235 4233 4238 4256 4280 4277 4272 4268 4270 4292 4307 4299 4292 4285 4278 4272 4267 4258 4257 4261 4260 4234 4253 4247 4245 4242 4243 4244 4261 4313 4384 4456 4501 4576 4646 4686 4663 4601 4443 4328 4190 4030 3821 3575 3455 3336 3230 3185 3185 3206 3207 3230 3262 3301 3372 3429 3468 3497 3510 3525 3481 3401 3322 3234 3161 3041 2986 3108 3243
4305 4310 4313 4315 4313 4302 4291 4284 4280 4264 4252 4243 4238 4232 4234 4237 4235 4233 4251 4272 4270 4270 4268 4265 4281 4290 4289 4286 4280 4274 4268 4261 4259 4264 4266 4268 4266 4256 4248 4245 4242 4239 4238 4255 4313 4406 4509 4598 4587 4583 4605 4674 4655 4492 4306 4111 3904 3696 3524 3416 3324 3256 3194 3168 3143 3114 3170 3270 3398 3519 3563 3606 3648 3695 3705 3579 3431 3317 3238 3160 3090 3024 3044 3190
4316 4313 4315 4317 4309 4297 4286 4276 4267 4257 4248 4241 4237 4240 4244 4242 4233 4234 4241 4251 4252 4259 4269 4273 4276 4280 4283 4280 4274 4271 4267 4260 4260 4265 4273 4277 4275 4262 4253 4249 4245 4245 4234 4237 4307 4411 4509 4582 4588 4611 4624 4745 4738 4539 4311 4069 3816 3580 3480 3389 3316 3247 3218 3170 3053 3003 3121 3262 3420 3580 3670 3727 3784 3852 3866 3699 3519 3375 3251 3149 3083 3046 3014 3152
4319 4315 4312 4311 4303 4292 4280 4267 4258 4250 4242 4238 4236 4242 4280 4251 4234 4232 4231 4223 4236 4251 4269 4309 4285 4285 4280 4278 4274 4272 4270 4270 4271 4278 4274 4272 4276 4273 4264 4255 4245 4239 4232 4237 4302 4412 4518 4572 4596 4628 4632 4774 4760 4567 4322 4057 3785 3523 3387 3355 3314 3280 3243 3169 3043 3023 3125 3262 3424 3675 3741 3801 3866 3945 3995 3836 3628 3412 3257 3147 3056 3025 3055 3140
4308 4311 4306 4292 4292 4286 4273 4260 4250 4244 4240 4233 4233 4236 4236 4244 4240 4232 4228 4225 4236 4247 4254 4257 4318 4303 4285 4278 4275 4274 4275 4279 4286 4274 4273 4275 4282 4283 4276 4263 4251 4247 4238 4234 4292 4411 4515 4571 4614 4664 4648 4768 4797 4582 4331 4066 3800 3547 3401 3351 3307 3283 3234 3146 3098 3106 3172 3279 3433 3648 3750 3808 3872 3945 3943 3790 3579 3404 3241 3104 3042 3012 3046 3126
4299 4307 4307 4300 4293 4284 4270 4259 4249 4243 4239 4237 4235 4231 4234 4237 4235 4239 4245 4269 4253 4249 4248 4254 4260 4275 4273 4272 4273 4273 4275 4279 4284 4279 4280 4280 4290 4286 4279 4268 4257 4252 4239 4238 4287 4401 4514 4550 4574 4717 4658 4754 4710 4561 4339 4093 3848 3626 3455 3344 3280 3233 3183 3156 3180 3191 3227 3300 3423 3605 3699 3758 3813 3857 3834 3664 3434 3310 3184 3083 3070 3068 3038 3118
4303 4309 4311 4296 4296 4281 4269 4254 4248 4242 4239 4236 4232 4233 4236 4236 4238 4247 4254 4262 4260 4251 4248 4246 4246 4254 4261 4269 4273 4275 4276 4276 4273 4278 4282 4291 4295 4298 4284 4275 4268 4263 4262 4247 4279 4377 4477 4543 4561 4678 4790 4745 4719 4548 4341 4118 3906 3708 3531 3344 3257 3185 3130 3131 3210 3246 3264 3303 3390 3506 3596 3657 3706 3716 3608 3477 3307 3213 3140 3069 3064 3028 3041 3122
