real_craters/C156-750m.grd
DSAA
145 145
-53.935 53.935
-53.935 53.935
2865.8861195751 5097.6160091475
[rows 76 to 113 of 145, columns 0 to 83 of 145]
4308 4305 4308 4309 4293 4278 4268 4262 4251 4241 4237 4231 4232 4234 4232 4233 4240 4249 4264 4272 4250 4247 4248 4248 4243 4247 4262 4267 4270 4272 4273 4274 4275 4276 4282 4290 4289 4287 4283 4277 4273 4269 4262 4254 4265 4348 4463 4528 4564 4642 4840 4783 4668 4538 4361 4164 3958 3761 3549 3353 3261 3180 3125 3136 3208 3259 3281 3292 3337 3408 3474 3542 3588 3605 3494 3332 3207 3168 3145 3120 3101 3089 3092 3158
4294 4295 4293 4288 4281 4271 4260 4247 4244 4239 4235 4231 4232 4231 4231 4230 4234 4245 4269 4281 4246 4243 4242 4245 4246 4249 4259 4266 4266 4267 4269 4272 4273 4273 4275 4280 4278 4277 4282 4281 4271 4282 4284 4275 4283 4307 4354 4466 4559 4650 4835 4841 4710 4581 4409 4217 4014 3816 3635 3415 3311 3216 3128 3141 3180 3264 3300 3325 3340 3351 3375 3425 3460 3464 3346 3225 3152 3111 3099 3138 3137 3142 3144 3204
4281 4281 4277 4274 4271 4263 4254 4245 4241 4237 4233 4231 4232 4234 4234 4233 4233 4252 4261 4265 4250 4245 4242 4250 4249 4243 4257 4260 4260 4263 4266 4269 4274 4275 4273 4276 4277 4280 4287 4295 4299 4303 4313 4293 4291 4280 4291 4384 4521 4682 4786 4930 4806 4626 4441 4254 4058 3864 3672 3530 3400 3298 3218 3155 3143 3245 3302 3352 3339 3317 3312 3308 3319 3323 3212 3100 3102 3062 3045 3122 3143 3144 3153 3241
4275 4272 4264 4263 4263 4257 4248 4242 4238 4236 4234 4233 4236 4239 4241 4242 4241 4246 4249 4247 4252 4254 4254 4247 4245 4244 4243 4248 4253 4256 4260 4262 4268 4271 4273 4270 4272 4281 4291 4304 4311 4308 4299 4286 4277 4272 4284 4318 4425 4598 4712 4899 4823 4646 4459 4283 4104 3924 3746 3604 3492 3392 3306 3214 3173 3231 3296 3324 3300 3249 3189 3173 3154 3141 3066 2981 3005 3020 3047 3102 3145 3164 3189 3272
4260 4268 4273 4268 4262 4255 4244 4235 4237 4236 4235 4237 4240 4248 4246 4246 4249 4235 4235 4235 4247 4259 4254 4255 4245 4236 4237 4241 4249 4253 4254 4255 4253 4255 4265 4267 4273 4283 4294 4305 4312 4305 4294 4280 4271 4272 4279 4285 4320 4409 4614 4722 4721 4604 4457 4304 4148 4007 3866 3707 3602 3491 3379 3281 3236 3263 3287 3305 3249 3174 3077 3054 3005 2922 2921 2927 2946 2995 3066 3121 3174 3197 3240 3300
4267 4270 4271 4269 4265 4260 4251 4242 4242 4238 4235 4234 4239 4243 4244 4246 4242 4232 4227 4221 4237 4258 4254 4254 4247 4238 4243 4249 4250 4251 4251 4250 4249 4256 4276 4277 4284 4289 4293 4292 4296 4303 4302 4289 4289 4296 4289 4292 4315 4365 4465 4581 4599 4545 4451 4329 4210 4091 3989 3888 3739 3594 3456 3340 3285 3299 3274 3220 3202 3135 3048 3003 2945 2866 2881 2931 2969 3029 3127 3188 3235 3269 3306 3333
4266 4268 4272 4268 4266 4266 4275 4269 4252 4244 4237 4235 4238 4242 4237 4231 4233 4228 4225 4223 4225 4251 4246 4237 4244 4240 4247 4260 4254 4251 4249 4248 4246 4244 4269 4280 4294 4294 4292 4294 4298 4307 4316 4310 4303 4305 4295 4300 4318 4347 4415 4494 4505 4470 4427 4347 4259 4169 4081 3984 3846 3703 3568 3446 3378 3373 3318 3250 3207 3154 3077 3030 2975 2927 2908 2914 2999 3081 3162 3239 3281 3304 3297 3394
4263 4261 4260 4262 4262 4264 4264 4262 4255 4249 4246 4241 4238 4234 4230 4222 4220 4219 4221 4222 4220 4235 4243 4252 4246 4242 4249 4262 4251 4250 4249 4248 4248 4253 4260 4264 4272 4279 4289 4303 4307 4310 4315 4319 4311 4303 4299 4302 4319 4366 4400 4446 4437 4423 4391 4350 4303 4240 4159 4028 3924 3823 3718 3597 3493 3443 3363 3291 3256 3220 3179 3117 3045 2998 2971 2968 3038 3121 3191 3267 3307 3382 3463 3522
4273 4263 4256 4258 4259 4258 4251 4254 4252 4247 4246 4241 4238 4235 4228 4221 4220 4224 4224 4221 4224 4232 4241 4242 4252 4261 4258 4240 4246 4252 4252 4252 4251 4246 4259 4256 4261 4263 4279 4289 4301 4306 4312 4312 4309 4306 4303 4302 4319 4331 4349 4372 4391 4399 4402 4393 4369 4332 4282 4199 4042 3950 3878 3804 3616 3460 3386 3357 3327 3294 3260 3187 3095 3057 3061 3101 3156 3270 3281 3335 3441 3542 3639 3642
4270 4265 4258 4257 4257 4256 4251 4251 4248 4245 4237 4237 4235 4232 4230 4229 4226 4223 4222 4218 4218 4215 4224 4242 4253 4267 4270 4264 4260 4257 4257 4258 4259 4262 4260 4258 4258 4264 4273 4277 4291 4299 4307 4310 4296 4309 4299 4294 4297 4323 4316 4331 4375 4410 4437 4456 4461 4454 4436 4382 4188 4075 4004 3927 3773 3599 3479 3444 3407 3366 3313 3226 3134 3104 3162 3207 3261 3366 3430 3518 3600 3657 3707 3734
4266 4262 4258 4255 4254 4256 4254 4251 4247 4243 4241 4236 4233 4231 4227 4223 4215 4216 4214 4218 4220 4220 4217 4227 4249 4270 4280 4276 4268 4262 4261 4264 4269 4276 4279 4276 4271 4277 4275 4273 4287 4296 4302 4304 4292 4296 4290 4278 4295 4305 4289 4311 4360 4409 4453 4490 4524 4551 4566 4530 4320 4191 4115 4040 3903 3745 3627 3548 3516 3481 3406 3314 3295 3288 3328 3367 3467 3561 3621 3678 3663 3713 3723 3837
4262 4254 4251 4252 4252 4253 4253 4248 4243 4238 4236 4232 4229 4227 4225 4221 4218 4217 4217 4219 4221 4217 4216 4224 4243 4264 4278 4264 4257 4261 4264 4269 4276 4283 4290 4279 4274 4283 4286 4287 4292 4298 4302 4299 4288 4301 4291 4289 4290 4298 4304 4316 4360 4405 4454 4510 4565 4621 4675 4671 4466 4326 4208 4120 3986 3820 3619 3645 3660 3659 3638 3620 3613 3578 3549 3543 3585 3663 3695 3690 3735 3807 3863 4015
4265 4260 4252 4250 4249 4248 4246 4242 4237 4230 4224 4225 4226 4223 4223 4225 4220 4218 4217 4217 4215 4211 4212 4220 4235 4247 4246 4254 4255 4261 4268 4272 4278 4286 4293 4291 4283 4278 4292 4304 4298 4298 4303 4307 4296 4285 4286 4294 4303 4300 4312 4330 4367 4414 4464 4523 4589 4660 4747 4835 4725 4521 4331 4134 4063 3951 3835 3821 3851 3876 3903 3932 3941 3853 3764 3721 3758 3745 3781 3838 3896 4017 4129 4292
4263 4261 4252 4248 4246 4242 4239 4236 4233 4230 4225 4223 4222 4221 4220 4217 4218 4216 4214 4213 4211 4209 4208 4216 4228 4240 4261 4254 4260 4263 4267 4272 4276 4277 4270 4266 4270 4263 4282 4294 4295 4300 4306 4310 4300 4281 4292 4289 4299 4296 4314 4334 4369 4408 4460 4510 4568 4642 4721 4816 4858 4678 4562 4452 4313 4161 4059 4083 4086 4082 4097 4152 4116 4018 3940 3876 3811 3846 3959 4050 4142 4285 4463 4633
4256 4249 4249 4246 4243 4239 4235 4233 4231 4228 4226 4223 4221 4219 4216 4213 4212 4213 4212 4211 4210 4210 4208 4215 4223 4229 4226 4242 4256 4261 4264 4268 4272 4276 4267 4264 4272 4276 4268 4272 4285 4291 4297 4301 4294 4283 4289 4291 4288 4299 4312 4327 4359 4393 4442 4486 4532 4586 4622 4622 4556 4573 4620 4646 4604 4472 4422 4392 4336 4281 4231 4125 4043 4101 4098 4075 4056 4104 4220 4400 4465 4482 4548 4534
4254 4249 4248 4246 4241 4236 4233 4231 4229 4226 4223 4222 4221 4218 4215 4212 4210 4211 4211 4211 4211 4211 4211 4217 4223 4227 4225 4237 4253 4258 4260 4262 4264 4265 4262 4270 4272 4281 4281 4276 4279 4284 4289 4293 4295 4283 4282 4289 4283 4294 4291 4313 4343 4375 4406 4437 4465 4512 4518 4492 4438 4468 4502 4558 4592 4679 4713 4660 4538 4460 4399 4328 4252 4259 4275 4301 4348 4403 4544 4649 4614 4541 4518 4483
4259 4253 4250 4245 4240 4235 4232 4229 4227 4225 4223 4220 4217 4217 4215 4214 4211 4211 4210 4213 4222 4230 4230 4222 4228 4235 4243 4253 4250 4252 4255 4258 4258 4257 4262 4263 4269 4269 4265 4269 4275 4279 4282 4283 4286 4273 4272 4277 4286 4288 4287 4306 4336 4367 4396 4422 4442 4451 4446 4428 4410 4409 4442 4470 4516 4599 4702 4709 4615 4564 4556 4593 4530 4457 4436 4477 4594 4693 4718 4606 4529 4498 4467 4438
4261 4263 4254 4245 4240 4243 4234 4229 4226 4223 4221 4221 4219 4217 4214 4211 4211 4212 4216 4222 4225 4221 4225 4225 4232 4243 4257 4260 4250 4246 4251 4255 4258 4258 4265 4271 4266 4261 4264 4268 4270 4272 4275 4278 4275 4269 4269 4278 4272 4286 4287 4307 4323 4344 4356 4371 4376 4386 4389 4386 4387 4366 4377 4400 4422 4473 4526 4582 4583 4583 4613 4699 4706 4570 4523 4531 4570 4572 4536 4502 4472 4442 4418 4399
4274 4258 4243 4241 4237 4230 4230 4229 4226 4223 4222 4222 4220 4218 4216 4214 4216 4215 4217 4222 4221 4218 4213 4222 4233 4244 4256 4266 4249 4246 4251 4256 4261 4266 4269 4271 4265 4262 4268 4270 4269 4270 4271 4273 4276 4273 4264 4281 4289 4296 4303 4306 4311 4318 4328 4339 4345 4353 4358 4358 4359 4346 4344 4369 4396 4416 4423 4460 4500 4526 4548 4558 4550 4545 4523 4510 4498 4471 4449 4434 4419 4400 4378 4356
4260 4254 4247 4241 4238 4234 4231 4230 4228 4227 4224 4222 4221 4219 4217 4216 4216 4214 4213 4215 4214 4210 4211 4221 4230 4239 4245 4246 4245 4246 4252 4258 4265 4270 4269 4266 4249 4262 4273 4269 4268 4268 4268 4267 4272 4279 4259 4272 4275 4273 4290 4293 4300 4304 4311 4318 4324 4332 4337 4339 4339 4337 4341 4355 4369 4381 4378 4391 4422 4447 4461 4451 4469 4472 4466 4451 4432 4418 4397 4384 4382 4371 4351 4330
4250 4249 4243 4242 4238 4236 4232 4229 4227 4224 4225 4223 4221 4220 4219 4216 4215 4216 4211 4207 4209 4211 4213 4221 4226 4232 4235 4237 4240 4245 4250 4258 4267 4269 4269 4263 4253 4259 4264 4265 4266 4266 4266 4268 4276 4271 4247 4245 4261 4267 4273 4284 4288 4292 4297 4302 4308 4313 4316 4317 4319 4314 4323 4347 4367 4377 4377 4357 4370 4387 4395 4393 4392 4415 4418 4406 4383 4366 4354 4346 4356 4350 4333 4316
4251 4249 4253 4242 4237 4234 4231 4230 4227 4225 4227 4229 4224 4221 4218 4217 4219 4212 4210 4211 4209 4220 4217 4219 4224 4229 4232 4230 4234 4236 4247 4257 4270 4277 4277 4283 4266 4260 4259 4265 4265 4267 4268 4275 4275 4252 4240 4240 4246 4250 4259 4271 4275 4279 4283 4288 4293 4297 4299 4301 4300 4307 4324 4344 4363 4375 4369 4351 4347 4356 4364 4375 4381 4385 4384 4376 4360 4343 4338 4339 4339 4330 4318 4307
4242 4243 4242 4238 4234 4231 4231 4230 4231 4230 4228 4227 4224 4221 4220 4220 4220 4216 4212 4214 4221 4222 4211 4211 4222 4233 4240 4244 4245 4245 4246 4250 4253 4252 4255 4279 4274 4267 4272 4269 4266 4266 4268 4269 4269 4247 4239 4233 4231 4230 4246 4250 4261 4266 4271 4277 4280 4284 4287 4289 4287 4297 4330 4343 4356 4368 4360 4341 4335 4340 4344 4348 4357 4361 4362 4360 4348 4330 4327 4314 4317 4313 4303 4295
4238 4238 4236 4235 4233 4231 4231 4231 4231 4229 4226 4220 4222 4220 4223 4225 4222 4216 4211 4210 4204 4219 4207 4212 4227 4240 4252 4263 4263 4254 4248 4246 4241 4231 4205 4256 4272 4261 4264 4264 4262 4262 4263 4268 4264 4267 4242 4246 4237 4226 4241 4249 4254 4258 4264 4268 4274 4277 4280 4284 4288 4307 4330 4338 4344 4355 4344 4333 4329 4330 4331 4331 4338 4343 4344 4346 4351 4329 4323 4313 4301 4294 4294 4294
4240 4238 4236 4235 4233 4232 4232 4232 4231 4229 4225 4223 4220 4219 4219 4225 4220 4201 4206 4211 4213 4218 4206 4222 4236 4249 4262 4272 4270 4256 4248 4245 4249 4242 4249 4255 4259 4255 4257 4256 4256 4256 4254 4249 4246 4245 4235 4243 4244 4237 4248 4268 4253 4253 4258 4263 4268 4274 4280 4287 4294 4302 4325 4328 4328 4338 4331 4325 4326 4325 4323 4322 4324 4324 4322 4319 4319 4305 4296 4283 4286 4282 4280 4279
4241 4239 4238 4237 4238 4235 4232 4232 4234 4228 4224 4221 4221 4221 4222 4222 4220 4217 4208 4211 4213 4212 4218 4231 4241 4252 4267 4279 4281 4266 4252 4244 4238 4243 4257 4249 4245 4257 4249 4247 4249 4250 4248 4237 4238 4235 4238 4237 4238 4242 4249 4240 4244 4250 4256 4262 4268 4275 4284 4292 4300 4305 4311 4319 4325 4328 4321 4315 4321 4319 4319 4316 4310 4304 4301 4294 4285 4286 4288 4279 4276 4275 4269 4269
4245 4241 4238 4236 4233 4233 4232 4229 4226 4224 4222 4221 4221 4221 4216 4220 4220 4217 4212 4213 4214 4222 4232 4233 4240 4253 4268 4284 4298 4269 4251 4242 4237 4237 4239 4236 4232 4235 4236 4238 4244 4245 4243 4240 4242 4254 4254 4234 4249 4247 4253 4262 4250 4252 4258 4265 4273 4280 4287 4296 4304 4311 4309 4314 4315 4324 4313 4300 4306 4311 4314 4310 4298 4286 4287 4285 4281 4280 4284 4274 4267 4262 4258 4264
4249 4242 4238 4235 4234 4235 4231 4227 4224 4222 4220 4220 4220 4222 4222 4221 4219 4215 4214 4217 4215 4225 4235 4232 4234 4245 4259 4272 4271 4266 4257 4241 4231 4232 4232 4232 4227 4231 4235 4246 4245 4242 4236 4236 4239 4240 4243 4242 4250 4248 4254 4261 4255 4254 4260 4267 4272 4278 4285 4291 4299 4299 4308 4316 4312 4317 4309 4299 4297 4305 4307 4303 4291 4282 4280 4282 4280 4277 4274 4267 4262 4261 4260 4261
4246 4242 4238 4234 4244 4236 4232 4228 4224 4224 4223 4222 4222 4219 4218 4221 4220 4219 4218 4216 4215 4223 4228 4224 4226 4236 4248 4256 4256 4250 4239 4235 4234 4234 4236 4238 4246 4234 4238 4246 4245 4241 4234 4228 4231 4237 4255 4236 4250 4248 4250 4247 4249 4255 4260 4266 4272 4278 4283 4288 4289 4286 4300 4314 4312 4304 4297 4294 4310 4303 4300 4295 4287 4282 4277 4272 4273 4273 4268 4261 4257 4256 4260 4260
4241 4240 4237 4235 4239 4236 4231 4227 4225 4225 4227 4225 4223 4224 4226 4222 4222 4224 4217 4214 4212 4213 4211 4202 4214 4230 4242 4248 4247 4240 4222 4227 4231 4237 4240 4238 4234 4235 4243 4249 4246 4240 4235 4228 4230 4239 4246 4235 4240 4245 4247 4251 4257 4258 4261 4266 4271 4278 4282 4285 4286 4286 4292 4293 4295 4292 4291 4294 4285 4291 4297 4292 4283 4276 4275 4280 4272 4265 4255 4257 4253 4247 4260 4260
4239 4239 4239 4239 4234 4233 4228 4223 4221 4221 4217 4223 4224 4222 4216 4218 4219 4220 4211 4204 4204 4203 4202 4198 4215 4231 4242 4248 4247 4238 4225 4219 4221 4224 4229 4233 4234 4235 4242 4241 4236 4235 4233 4226 4227 4240 4243 4234 4237 4237 4241 4245 4250 4256 4263 4269 4273 4278 4282 4285 4289 4289 4282 4281 4284 4277 4273 4284 4279 4281 4282 4282 4276 4270 4264 4258 4263 4263 4254 4252 4249 4246 4252 4258
4241 4241 4242 4243 4236 4232 4228 4224 4223 4223 4227 4224 4225 4222 4215 4215 4215 4211 4205 4205 4202 4203 4207 4214 4236 4241 4246 4249 4249 4241 4225 4216 4218 4225 4227 4228 4226 4225 4225 4222 4221 4224 4220 4222 4223 4227 4219 4234 4231 4234 4240 4245 4247 4256 4263 4268 4272 4277 4280 4282 4284 4284 4275 4277 4278 4269 4259 4268 4275 4276 4277 4272 4268 4259 4252 4248 4254 4256 4250 4242 4232 4243 4252 4255
4241 4241 4241 4242 4237 4232 4229 4228 4227 4226 4225 4227 4226 4222 4215 4214 4213 4211 4206 4206 4208 4209 4214 4226 4231 4246 4249 4250 4249 4242 4227 4220 4219 4215 4225 4228 4226 4220 4225 4224 4224 4221 4228 4231 4226 4219 4248 4240 4226 4232 4240 4249 4260 4262 4265 4267 4270 4274 4277 4280 4280 4283 4285 4281 4280 4273 4268 4263 4265 4270 4277 4268 4264 4258 4255 4254 4253 4254 4252 4242 4239 4244 4254 4255
4245 4242 4239 4236 4234 4232 4229 4224 4228 4231 4233 4232 4229 4222 4215 4216 4217 4217 4219 4215 4212 4203 4211 4215 4242 4247 4248 4249 4244 4234 4230 4227 4225 4224 4227 4233 4238 4235 4225 4231 4236 4231 4260 4241 4228 4228 4241 4234 4231 4235 4242 4252 4263 4268 4264 4264 4267 4270 4276 4281 4284 4289 4294 4294 4281 4276 4276 4272 4270 4268 4261 4264 4263 4261 4259 4254 4251 4248 4246 4247 4250 4252 4255 4256
4251 4245 4239 4234 4236 4237 4233 4228 4233 4234 4235 4235 4233 4227 4223 4223 4226 4227 4230 4229 4224 4218 4213 4220 4227 4242 4248 4249 4251 4255 4234 4226 4229 4232 4230 4233 4238 4238 4240 4237 4241 4256 4221 4236 4237 4242 4241 4239 4229 4233 4243 4252 4264 4263 4258 4260 4261 4265 4271 4279 4288 4291 4293 4287 4275 4275 4276 4273 4273 4272 4268 4268 4264 4257 4252 4252 4250 4250 4246 4245 4253 4254 4257 4256
4259 4252 4242 4229 4247 4246 4241 4238 4240 4242 4241 4240 4237 4233 4231 4236 4240 4242 4233 4241 4238 4222 4219 4226 4230 4241 4247 4250 4251 4243 4239 4237 4226 4220 4224 4227 4234 4243 4241 4237 4234 4227 4252 4234 4247 4228 4232 4234 4237 4240 4242 4244 4242 4235 4249 4256 4259 4262 4265 4270 4276 4282 4289 4273 4270 4273 4270 4267 4266 4282 4288 4279 4268 4255 4243 4249 4248 4245 4245 4250 4247 4246 4247 4253
4276 4266 4256 4254 4262 4260 4253 4248 4248 4250 4249 4246 4242 4238 4242 4251 4259 4266 4270 4275 4255 4232 4226 4233 4237 4244 4246 4250 4251 4250 4246 4231 4221 4216 4219 4221 4222 4230 4231 4228 4217 4227 4218 4221 4215 4215 4229 4233 4238 4242 4241 4240 4237 4239 4248 4254 4257 4257 4256 4256 4259 4265 4269 4278 4278 4274 4273 4272 4269 4283 4301 4287 4272 4260 4252 4251 4247 4243 4237 4220 4245 4248 4248 4253
4291 4282 4273 4268 4279 4282 4275 4264 4255 4248 4252 4256 4251 4249 4260 4269 4276 4290 4305 4297 4269 4239 4228 4233 4225 4244 4248 4250 4251 4252 4241 4228 4220 4217 4220 4224 4224 4221 4225 4227 4230 4223 4209 4217 4220 4232 4229 4234 4236 4237 4239 4240 4243 4251 4256 4258 4257 4255 4251 4242 4242 4251 4258 4277 4276 4272 4269 4269 4272 4282 4294 4287 4275 4265 4259 4253 4247 4242 4241 4252 4250 4254 4251 4254
