real_craters/C156-1000m.grd
DSAA
63 63
-30.82 30.82
-30.82 30.82
2767.8182667344 4243.141683474
[rows 0 to 31 of 63, columns 0 to 62 of 63]
3734.55 3734.87 3730.1 3736.04 3743.45 3767.12 3785.46 3795.74 3797.54 3792.49 3789.79 3789.75 3792.13 3790.71 3776.75 3778.65 3781.89 3765.56 3767.59 3787.12 3807.93 3798.39 3788.5 3781.66 3787.32 3791.05 3792.7 3789.16 3781.59 3785.52 3782.72 3778.76 3778.18 3781.31 3778.06 3767.62 3771.8 3776.09 3769.45 3750.82 3738.72 3733.48 3733.55 3739.01 3737.94 3730.25 3720.96 3715.07 3719.75 3722.25 3723.65 3732.19 3726.22 3716.65 3713.1 3721.64 3730.14 3736.3 3732.1 3728.15 3717.07 3682.39 3678.15
3761.1 3751.97 3749.05 3752.92 3763.45 3777.32 3780.8 3779.21 3774.87 3775.57 3777.48 3781.51 3786.19 3785.23 3771.2 3773.76 3777.28 3759.64 3778.37 3804.44 3834.24 3829.19 3817.76 3800.14 3799.97 3797.47 3791.16 3786.68 3779.17 3776.72 3772.77 3775.96 3796.59 3793.3 3779.79 3761.97 3777.36 3789.07 3778.04 3752.86 3735.42 3733.61 3731.4 3731.86 3735.03 3723.2 3722.13 3723.88 3727.91 3727.02 3724.42 3728.12 3729.04 3731.9 3725.45 3731.78 3748.14 3737.67 3725.5 3729 3713.1 3685.81 3675.66
3763.44 3753.21 3750.65 3757.7 3776.77 3781.28 3773.97 3771.18 3770.57 3759.82 3766.31 3775.19 3782.96 3778.71 3761.75 3764.46 3766.14 3770.05 3801.68 3820.18 3827.65 3821.52 3832.82 3828.11 3817.65 3803.65 3780.82 3775.61 3770 3766.88 3765.03 3768.52 3787.32 3796.81 3784.28 3775.13 3793.22 3791.91 3772.92 3753.87 3733.35 3723.76 3733.01 3734.56 3722.47 3721.7 3723.43 3743.15 3748.5 3743.02 3724.9 3726.2 3734.51 3742.83 3733.07 3726.51 3739.29 3729.21 3715.24 3723.23 3717.65 3708.13 3686.8
3759.08 3747.62 3737.6 3742.17 3755.08 3764.45 3759.3 3755.78 3752.63 3749.83 3758.8 3770.34 3780.88 3784.18 3762.02 3752.82 3754.38 3772.17 3814.48 3844.21 3804.19 3800.45 3849.8 3849.55 3836.4 3815.86 3782.97 3777.25 3768.72 3763.27 3761.77 3762.67 3773.94 3784.96 3791.66 3802.77 3808.17 3785.29 3762.54 3746.04 3729.15 3721.11 3737.82 3733.09 3724.4 3736.15 3736.25 3769.47 3774.57 3767.76 3737.77 3723.17 3726.44 3737.47 3731.65 3724.47 3729.36 3726.59 3723.16 3739.12 3743.12 3728.21 3705.99
3748.93 3743.14 3736.61 3739 3744.54 3742.37 3741.37 3738.42 3730.62 3738.41 3752.92 3766.65 3774.89 3769.33 3760.28 3752.46 3754.47 3772.14 3816.95 3852.37 3818.4 3817.39 3854.81 3864.63 3855.23 3833.11 3803.23 3796.18 3783.85 3770.06 3767.59 3764.01 3769.66 3779.74 3806.71 3825.71 3809.42 3785.74 3762.35 3742.15 3721.48 3726.42 3744.04 3751.56 3768.25 3721.2 3752.47 3792.34 3787.34 3774.94 3757.93 3731.32 3711.79 3725.08 3724.74 3719.89 3736.65 3733.46 3738.38 3744.63 3747.91 3740.05 3715.76
3743.94 3739.13 3737.44 3727 3734.95 3744.7 3736.73 3733.4 3731.41 3738.27 3755.4 3773.91 3780.39 3773.31 3773.76 3766.93 3766.2 3779.84 3817.4 3843.56 3847.1 3864.63 3884.24 3879.9 3865.64 3844.72 3828.02 3818.56 3808.3 3798.87 3784.31 3766.96 3768.33 3781.95 3818.46 3839.54 3825.07 3804.88 3788.17 3755.77 3740.42 3741.66 3750.21 3775.03 3791.43 3740.59 3758.94 3785.7 3773.18 3761.49 3747.37 3727.81 3721.18 3730.13 3725.64 3717.41 3729.59 3728.38 3724.94 3732.46 3740.26 3734.99 3712.47
3732.69 3731.93 3725.71 3730.04 3727.46 3739.73 3739.38 3737.26 3741.65 3751.02 3775.02 3795.4 3804.17 3796.49 3801.05 3809.89 3803.12 3813.4 3837.11 3851.03 3865.99 3890.18 3896.25 3879.54 3860.39 3846.56 3844.62 3834.89 3829 3828.99 3807.84 3777.02 3785.34 3810.43 3828.93 3840.87 3831.24 3819.6 3802.58 3785.75 3775.29 3764.07 3758.61 3789.67 3805.96 3769.16 3758.22 3773.68 3773.87 3752.16 3740.8 3732.31 3741.33 3746.3 3734.55 3726.7 3729.22 3726.11 3725.27 3730.12 3734.12 3726.7 3710.2
3723.44 3729.85 3734.4 3706.47 3742.95 3739.91 3742.32 3742.46 3743.87 3776.4 3812.79 3823.21 3834.86 3835.2 3830.16 3823.62 3814.91 3827.34 3838.7 3841.58 3848.65 3871.42 3883.27 3863.25 3853.87 3845.48 3837.86 3835.2 3840.78 3848.76 3827.51 3802.64 3819.48 3824.85 3828.27 3834.27 3821.92 3820.94 3827.22 3818.75 3808.21 3793.17 3786.54 3798.89 3807.79 3783.41 3782.66 3762.49 3761.87 3753.64 3741.91 3740.41 3755.5 3754.11 3738.13 3725.31 3724.9 3726.89 3731.37 3734.3 3732.33 3717.49 3710.85
3717.53 3730.93 3740.46 3756.23 3750.06 3738.72 3745.73 3757.05 3769.18 3805.1 3837.33 3837.07 3833.4 3816.29 3816.63 3811.09 3793.7 3806.29 3820.42 3832.19 3839.51 3849.33 3860.14 3853.19 3854.16 3847.24 3845.14 3844.23 3843.57 3844.93 3831.62 3824.36 3821.18 3819.35 3813.79 3808.74 3811.47 3810.78 3819.26 3827.69 3819.89 3807.35 3790.65 3789.65 3799.9 3797.24 3798.69 3783.77 3749.28 3740.32 3732.28 3728.69 3744.83 3749.16 3731.75 3718.47 3723.93 3729.85 3731.1 3732.4 3727.71 3722.82 3726.54
3709.92 3733.63 3758.34 3781.33 3779.3 3751.81 3757.77 3781.55 3808.96 3835.54 3839.94 3834.86 3825.71 3800.79 3797.36 3789.88 3788.65 3791.68 3799.6 3812.15 3815.34 3818.33 3834.28 3841.33 3848.47 3851.21 3853.33 3847.93 3837.22 3825.38 3823.14 3825.02 3804.86 3805.76 3803.05 3810.47 3797.65 3791.51 3796.67 3815.88 3813.66 3808.76 3790.49 3782.82 3785.68 3796.16 3799.25 3802.35 3753.4 3727.42 3719.25 3717.38 3723.37 3728.89 3721.86 3712.52 3713.49 3713.42 3719.54 3721.18 3717.12 3723.29 3737.95
3706.6 3736.36 3771.31 3803.11 3801.9 3793.31 3794.38 3796.74 3818.42 3835.44 3830.8 3824.86 3812.46 3798.82 3805.4 3788.86 3781.21 3776.18 3771.26 3787.01 3799.4 3799.56 3797.84 3811.28 3844.1 3851.67 3841.75 3848.03 3825.65 3806.9 3804.49 3805.36 3800.98 3793.16 3792.97 3786.25 3775.26 3763.79 3780.05 3793.69 3793.25 3793.06 3787.5 3778.38 3785.31 3792.38 3814.69 3833.55 3784.89 3739.57 3718.23 3705.79 3709.2 3718.31 3718.65 3713.4 3701.64 3705.55 3713.25 3716.45 3719.17 3727.06 3740.61
3702.79 3731.42 3760 3781.73 3795.42 3793.76 3782.41 3789.87 3801 3807.65 3814.92 3814.45 3803.33 3785.92 3785.83 3768.76 3762.32 3753.48 3753.53 3772.28 3785.76 3783.76 3788.45 3800.72 3824.62 3832.32 3825.84 3819.41 3805.68 3795.11 3789.27 3795.81 3808.59 3808.12 3789.47 3761.55 3749.81 3754.9 3775.03 3777.01 3761.09 3769.36 3770.6 3765.56 3770.82 3791.15 3814.58 3816.21 3798.67 3769.81 3734.17 3713.5 3724.54 3731.66 3727 3724.06 3715.29 3715.44 3712.23 3713.68 3726.5 3743.55 3756.82
3698.77 3719.5 3743.93 3771.53 3789.02 3783.57 3777.23 3776.27 3784.28 3793.46 3807.43 3795.95 3778.28 3760.65 3752.65 3740.2 3733.51 3736.36 3745.86 3762.98 3783.68 3791.07 3805.82 3814.86 3814.39 3814.72 3789.37 3779.92 3787.4 3787.51 3785.17 3797.84 3804.67 3812.98 3799 3754.81 3762.98 3763.84 3753.83 3750.98 3744.66 3750.96 3745.22 3753.74 3762.87 3786.38 3804.45 3804.48 3809.22 3804.77 3771.96 3766.19 3783.2 3759.33 3738.61 3724.43 3704.71 3705.1 3710.42 3716.65 3733.31 3753.61 3772.05
3696.68 3707.72 3720.69 3739.56 3762.37 3767.62 3767.78 3765.1 3771.04 3776.78 3777.11 3761.67 3738.77 3733.26 3730.43 3729.28 3727.18 3741.3 3750.45 3753.72 3775.86 3800.04 3824.95 3842.52 3833.2 3824.51 3789.98 3776.55 3785.5 3794.98 3806.02 3805.65 3819.87 3819.98 3810.35 3781.57 3795.23 3780.17 3759.96 3752.24 3750.88 3748.88 3746.35 3754.28 3762.97 3784.13 3802.73 3803.66 3802.18 3812.24 3800.23 3782.97 3785.67 3773.35 3750.46 3719.37 3691.12 3697.72 3713.86 3723.92 3738.85 3757.31 3775.8
3698.9 3699.08 3697.32 3695.09 3716.94 3746.43 3761.25 3762.99 3760.62 3752.59 3750.89 3740.05 3724.19 3721.08 3722.7 3726.79 3734.28 3753.27 3759.3 3757.77 3766.43 3790.8 3820 3822.39 3828.95 3829.96 3799.13 3793.37 3802.89 3807.59 3798.22 3797.41 3828.98 3833.51 3808.33 3794.73 3802.11 3788.36 3770.3 3750.92 3750.68 3751.16 3750.31 3756.09 3765.48 3779.91 3790.7 3814.46 3806.58 3812.26 3802.43 3796.55 3794.87 3785.03 3756.84 3727.65 3704.39 3716.62 3730.62 3739.77 3745.75 3755.87 3772
3701.37 3694.42 3687.96 3685.07 3696.69 3738.19 3781.82 3773.51 3761.24 3744.86 3745.34 3741.58 3718.02 3718.56 3722.38 3723.92 3732.46 3756.41 3774.96 3763.5 3772.07 3791.75 3814.46 3827.05 3843.1 3858.78 3852.11 3846 3848.55 3844.18 3828.42 3820.1 3828.27 3833.4 3824.64 3817.84 3804.4 3785.75 3772.38 3763.75 3758.65 3752.82 3756.26 3753.92 3758.22 3770.9 3784.3 3809.11 3804.27 3802.45 3805.99 3820.7 3818.42 3805.04 3783.05 3736.35 3716.05 3731.19 3743.82 3742.86 3750.7 3764.73 3780.89
3705.2 3696.38 3689.79 3689.17 3700.62 3734.78 3782.46 3789.23 3774.45 3750.55 3739.61 3730.26 3719.07 3721.46 3724.06 3723.93 3737.89 3765.05 3792.73 3790.39 3784.76 3802.74 3832.56 3874.23 3912.17 3936.43 3947.35 3928.18 3917.35 3906.94 3886.74 3889.31 3855.38 3836.76 3863.52 3828 3816.77 3784.98 3775.44 3773.34 3769.67 3774.93 3771.78 3763.31 3759.59 3773.88 3795.7 3795.91 3796.89 3804.48 3825.04 3830.92 3834.19 3820.13 3792.86 3748.25 3725.29 3739.23 3749.53 3757.21 3772.27 3792.2 3812.36
3712.2 3704.46 3695.47 3698.31 3710.65 3732.44 3776.88 3813.31 3797 3773.84 3754.35 3738.92 3734.85 3739.28 3739.57 3741.22 3749.62 3769.82 3802.63 3801.34 3796.56 3816.68 3883.5 3943.55 3989.88 4029.95 4035.28 4018.29 4005.12 3983.71 3989.19 4062.97 3913.31 3845.65 3938.18 3910.39 3878.73 3853.08 3804.09 3789.81 3787.97 3792.12 3782.65 3774.64 3765.29 3774.34 3794.05 3791.14 3798.82 3822.37 3842.08 3836.3 3832.47 3831.42 3814.88 3765.93 3739.68 3736.03 3742.55 3758.54 3778.71 3803.79 3822.11
3719.82 3716.65 3711.53 3716.53 3718.28 3745.81 3793.84 3824.12 3819.04 3803.47 3787.14 3773.05 3761.57 3771.49 3775.52 3769.6 3779.23 3792.52 3800.91 3815.41 3841.71 3873.14 4000.01 4010.77 3987.65 3980.55 4014.69 4040.09 4037.03 4017.71 4028.76 4022.09 3942.32 3895.85 3959.51 3938.17 3932.54 3925.57 3883.6 3835.58 3808.33 3793.38 3783.26 3766.43 3757.2 3764.23 3774.51 3784.23 3808.94 3834.19 3833.35 3826.72 3829.26 3838.32 3822.17 3775.06 3744.14 3736.5 3731.94 3755.2 3780.47 3795.55 3790.75
3733.2 3733.61 3733.67 3737.94 3750.54 3791.09 3824.75 3850.42 3836.85 3824.43 3812.1 3790.17 3771.93 3771.23 3781.13 3800.18 3812.16 3835.5 3837 3885.5 3962.36 3956.94 4022.38 4010.19 3963.54 3958.12 3978.27 4001.76 4000.73 3937.58 3949.61 3986.46 3942.86 3980.14 4079.17 4034.25 3995.73 3948.07 3903.01 3862.19 3827.49 3807.61 3788.68 3765.89 3744.79 3753.03 3763.05 3775.68 3801.21 3814.22 3817.57 3826.75 3825.64 3834.42 3828.52 3788.93 3745.15 3726.03 3731.18 3750.38 3768.76 3781.08 3781.34
3743.32 3746.67 3755.14 3762.55 3780.06 3825.46 3842.56 3849.83 3842.95 3833.31 3822.12 3801.56 3780.43 3770.96 3780.1 3788.21 3816.6 3849.02 3887.27 3937.1 4005.32 4018.71 4007.04 3982.45 3975.51 3955.58 3884.11 3832.85 3780.22 3726.98 3708.87 3738.14 3873.63 4014.88 4050.85 4125.45 4139.91 4037.24 3948.97 3896.28 3861.84 3846.43 3801.26 3760.75 3746.09 3751.36 3760.86 3778.66 3795.52 3809.08 3817.03 3833.19 3830.53 3831.37 3830.1 3801.34 3757.19 3737.34 3736.41 3752.18 3770.54 3778.68 3772.79
3753.42 3760.04 3763.28 3782.17 3812.46 3837.13 3851.25 3855.73 3844.69 3834.68 3821.88 3802.46 3785.46 3782.16 3797.45 3807.8 3835.55 3882.51 3926.26 3951.05 3972.17 3996.08 4008.2 4025.27 3953.53 3832.32 3704.63 3591.88 3501.35 3467.05 3454.92 3468.31 3783.44 4088.04 3665.78 3808.59 3958.77 4116.54 4089.27 3977.59 3942.58 3939.21 3836.64 3772.43 3755.87 3756.33 3760.71 3766.49 3772.22 3796.05 3810.39 3833.01 3843.19 3838.68 3821.07 3784.7 3747.95 3736.76 3744.34 3756.81 3767.9 3768.1 3762.13
3762.67 3766.01 3784.63 3794.74 3820.11 3837.21 3849.76 3860.32 3853.41 3830.52 3812.44 3802.46 3796.78 3805 3825.87 3838.43 3856.4 3900.3 3931.97 3955.3 4015.18 4051.57 4061.39 4019.01 3815.62 3602.47 3450.66 3352.89 3256.62 3247.22 3224.77 3231.11 3652.82 4243.14 3341.75 3492.94 3647.08 3845.98 4099.79 4107.02 4158.02 4055.73 3892.54 3806.26 3777.48 3770.09 3764.57 3756.63 3758.22 3776.53 3789.88 3814.19 3839.09 3844.74 3809.33 3764.79 3741.13 3736.14 3750.55 3753.8 3758.21 3762.51 3769.01
3765.38 3760.52 3760.15 3784.3 3806.63 3822.4 3847.66 3859 3843.43 3823.13 3806.57 3797.31 3806.69 3811.79 3840.6 3848.39 3862.56 3891.11 3926.61 3987.18 4067.98 4059.87 3962.82 3770 3542.03 3337.5 3239.09 3189.22 3128.13 3124.06 3122.44 3139.9 3387.58 3730.39 3184.54 3271.09 3382.6 3578.33 3823.79 4034.39 4208.14 4115.81 3953.45 3856.65 3815.26 3787.85 3771.13 3776.82 3768.23 3770.89 3777.63 3806.32 3838.76 3847.8 3816.32 3772.49 3767.58 3768.05 3758.51 3743.14 3737.32 3744.87 3758.04
3770.93 3762.58 3761.75 3781.41 3804.98 3835.52 3853.35 3852.39 3830.09 3813.7 3800.05 3806.63 3828.75 3838.7 3837.12 3835.53 3843.75 3886.89 3939.33 4018.67 4064.24 3973 3830.82 3531.98 3318.14 3178.91 3130.22 3110.07 3086.29 3080.39 3085.83 3096.82 3141.78 3130.14 3219.56 3218.07 3254.59 3413.95 3590.61 3862.07 4097.09 4104.71 4011.87 3917.48 3853.98 3804.73 3774.29 3772.59 3769.77 3769.31 3773.09 3799.66 3819.05 3828.54 3826.57 3819.39 3810.11 3816.44 3806.14 3760.26 3734.44 3731.38 3742.85
3783.8 3775.94 3774.22 3794.85 3813.33 3831.69 3844.83 3847.88 3828.28 3812.76 3803.21 3809.53 3838.45 3841.37 3839.61 3834.62 3846.77 3883.91 3940.36 4050.33 3999.14 3868.56 3643.23 3328.03 3195.87 3115.37 3078.68 3071.57 3062.96 3057.05 3063 3078.49 3087.18 3118.84 3193.48 3189.25 3231.71 3313.62 3500.88 3750.08 4007.29 4079.61 4059.58 3954.6 3876.42 3816.58 3771.67 3758.53 3766.06 3761.67 3774.94 3793.28 3801.4 3806.78 3820.52 3826.63 3822.01 3822.01 3816.36 3776.12 3744.27 3730 3730.37
3799.66 3805.48 3818.11 3819.47 3828.3 3831.03 3835.42 3832.69 3830.62 3812.03 3804.38 3809.97 3822.69 3836.18 3834.82 3839.94 3850.54 3895.27 3992.74 4100.5 3996.09 3782.62 3474.62 3220.61 3139.79 3101.26 3066.31 3044 3031.23 3028.93 3037.84 3054.73 3075.68 3107.94 3136.1 3170.45 3196.75 3250.01 3444.86 3679.08 3909.46 4082.73 4109.2 3971.44 3890.03 3822.83 3776.2 3762.66 3778.57 3747.15 3766.76 3788.11 3799.89 3809.74 3813.83 3810.56 3813.77 3815.19 3812.63 3788.53 3757.07 3736.08 3735.49
3805.54 3814.89 3833.31 3840.27 3846.38 3838.98 3830.48 3818.07 3803.73 3806.54 3805.85 3814.04 3827.42 3839.72 3851.87 3850.89 3878.07 3917.77 4030.08 4076.82 4005.74 3727.76 3358.06 3169.63 3113.98 3067.07 3030.22 3014.92 2999.62 2994.48 3010.02 3029.4 3059.42 3102.02 3129.67 3156.74 3174.77 3197.07 3318.52 3522.71 3831.7 4104.13 4175.97 3999.11 3902.26 3830.87 3778.61 3764.22 3768.76 3765.48 3765.04 3776.61 3796.95 3806.49 3814.59 3809.35 3810.57 3812.13 3804.29 3802.17 3769.46 3747.29 3752.45
3801.9 3813.38 3851.11 3852.24 3858.46 3860.67 3838.47 3826.99 3816.82 3809.97 3805.26 3804.89 3833.86 3834.43 3841.05 3853.45 3872.68 3925.62 4004.46 4107.3 3986.42 3669.35 3313.59 3143.24 3087.05 3043.98 2995.49 2974.43 2957.59 2953.15 2975.35 3010.34 3034.04 3097.53 3116.37 3144.59 3157.55 3183.32 3239.34 3374 3722.17 4070.86 4194.88 4017.2 3919.95 3843.76 3785.31 3759.87 3751.13 3760.92 3771.65 3779.69 3786.55 3788.09 3797.49 3809.72 3820.24 3824.15 3821.12 3800.14 3783.49 3773.72 3779.13
3791.69 3809.91 3830.17 3848.53 3862.99 3872.52 3873.44 3849.7 3841.35 3820.87 3821.82 3806.44 3805.45 3829.9 3841.13 3858.91 3894.05 3949.92 4051.87 4142.98 3956.45 3599.3 3293.23 3125.4 3067.05 3014.73 2964.36 2932.81 2907.55 2929.83 3006.4 3043.25 3041.65 3072.6 3080.23 3096.42 3133.51 3176.81 3229.93 3344.18 3671.61 4044.6 4153.56 4035.94 3937.49 3849.7 3793.56 3769.82 3756.59 3754.75 3774.35 3790.78 3789.89 3782.93 3801.73 3830 3838.65 3845.09 3844.64 3823.49 3794.77 3776.11 3778.28
3778.24 3784.33 3809.74 3839.41 3863.84 3878.99 3872.45 3861.99 3835.9 3818.07 3810.07 3806.91 3795.39 3822.45 3844.94 3864.04 3892.13 3949.17 4036.46 4117.66 3939.12 3580.24 3305.39 3115.15 3055.05 2989 2926.68 2892.45 2869.85 2910.59 3008.26 3086.14 3166.13 3044.42 3055.1 3091.88 3134.91 3158.28 3216.12 3346.75 3690.26 4055.64 4225.89 4080.12 3951.43 3842.61 3780.61 3767.4 3758 3765.98 3779.18 3788.91 3801.8 3810.8 3833.36 3852.18 3857.54 3861.32 3864.48 3829.46 3794.23 3778.34 3771.29
3777.41 3784.54 3801.48 3834.1 3865.2 3893.76 3901.23 3874.33 3855.83 3832.07 3801.61 3798.23 3800.12 3808.31 3835.16 3868.67 3906.87 3961.19 4019.35 4096.68 3963.06 3579.57 3343.53 3123.13 3052.75 2990.01 2904.04 2834.84 2825.76 2852.76 2941.49 3023.79 3067.88 3013.04 3037.6 3086.09 3122.56 3155.03 3210.38 3375.84 3742.69 4109.15 4181.29 4080.45 3954.34 3836.75 3775.87 3777.66 3745.12 3751.23 3765.04 3767 3795.23 3824.17 3859.93 3866.53 3862.29 3860.59 3854.77 3808.29 3777.05 3763.73 3762.71
