real_craters/C156-300m.grd
DSAA
361 361
-53.935 53.935
-53.935 53.935
2859.131885697 5127.167024891
[rows 30 to 59 of 361, columns 268 to 334 of 361]
4237.3 4236.81 4237 4236 4235.13 4234.1 4233.31 4233.07 4233.27 4232.95 4229.58 4226.16 4222.87 4219.8 4216.69 4216.77 4217.69 4218.88 4219.92 4221.13 4222.05 4224.64 4225.06 4224.54 4223.43 4221.69 4219.46 4216.99 4214.84 4212.39 4208.67 4205.61 4203.1 4200.86 4198.68 4197.02 4194.84 4192.09 4190.37 4188.74 4187.21 4186.16 4183.34 4180.08 4177.46 4175.34 4172.61 4170.62 4169.69 4170.04 4170.97 4170.9 4171.03 4171.71 4172.54 4173.42 4173.97 4174.14 4175.77 4175.74 4174.9 4173.72 4172.58 4170.94 4168.78 4165.42 4160.85
4236.3 4236.06 4236.04 4234.93 4233.52 4232.23 4230.8 4229.71 4228.98 4228.32 4226.21 4223.94 4221.42 4218.97 4217.15 4218.44 4221.03 4222.12 4223.56 4225.11 4223.17 4223.92 4227.05 4226.99 4225.79 4223.94 4221.56 4218.81 4216.49 4214.4 4210.95 4207.82 4205.19 4202.76 4200.55 4199.47 4198.08 4194.39 4192.06 4190.14 4188.23 4185.57 4183.79 4181.23 4178.45 4175.73 4173.53 4171.55 4170.68 4170.79 4172.77 4171.52 4170.69 4170.95 4171.35 4171.6 4171.54 4171.21 4173.43 4173.53 4173 4172.59 4172.12 4171.27 4169.74 4167.05 4164.6
4235.9 4235.14 4233.91 4232.72 4231.25 4229.73 4228.04 4225.9 4223.84 4222.69 4222.52 4221.72 4220.47 4219.26 4218.19 4220.51 4223.16 4224.81 4226.6 4228.05 4227.8 4230.99 4230.75 4229.89 4228.47 4226.57 4224.14 4220.89 4216.55 4214.7 4212.11 4209.95 4207.73 4205.19 4202.08 4197.8 4196.13 4195.58 4193.92 4192.01 4189.94 4187.56 4185.28 4182.67 4179.59 4177.14 4174.95 4172.85 4171.74 4172.47 4171.93 4169.04 4170.05 4170.68 4170.73 4170.5 4170.67 4173.37 4172.04 4171.2 4171.5 4171.76 4171.85 4172.04 4171.71 4171.15 4169.22
4234.6 4233.66 4232.51 4231.3 4229.65 4227.94 4225.72 4223.2 4220.39 4219.41 4220.02 4220.23 4220.12 4220.36 4221.6 4222.18 4224.51 4227.15 4229.37 4231.19 4232.07 4235.32 4234.33 4232.95 4231.5 4229.78 4227.68 4224.78 4219.72 4213.37 4213.01 4212.16 4210.5 4208.27 4205.41 4201.37 4199.26 4197.93 4196.14 4194.03 4191.93 4190.36 4187.61 4185.13 4181.55 4179.22 4177.35 4175.15 4173.99 4172.92 4170.67 4170.32 4171.73 4171.07 4170.08 4169.06 4167.88 4165.4 4165.27 4167.75 4169.33 4170.51 4171.46 4172.15 4173.07 4174.77 4173.63
4233.59 4232.46 4231.07 4229.93 4228.16 4226.62 4224.46 4222.51 4218.87 4218.58 4219.48 4219.86 4220.12 4221.13 4222.79 4224.23 4226.84 4229.85 4232.19 4234.38 4236.57 4235.97 4235.73 4234.88 4233.69 4232.36 4230.98 4229.66 4229.06 4218.83 4216.85 4215.44 4213.94 4212.12 4209.91 4209.03 4204.66 4201.35 4198.61 4196.04 4193.52 4190.89 4189.85 4188.69 4188.21 4184.05 4180.62 4178.74 4179.93 4181.38 4175.59 4177.91 4174.66 4171.61 4169.93 4168.31 4166.53 4164.25 4164.11 4166.47 4167.94 4169.48 4170.91 4172.22 4173.29 4172.45 4172.36
4232.39 4231.39 4229.93 4228.72 4226.91 4225.55 4224.35 4223.94 4225.12 4222.01 4220.56 4220.26 4220.35 4221.5 4224.42 4227.98 4231.28 4233.6 4235.07 4236.08 4236.62 4236.36 4237.27 4236.93 4236.08 4235.04 4233.98 4232.91 4230.66 4227.25 4222.18 4219.81 4218.16 4216.74 4214.72 4209.1 4208.2 4204.83 4201.23 4198.01 4195.86 4194.04 4191.75 4190.51 4189.75 4186.47 4182.85 4180.38 4179.73 4181.05 4180.76 4177.63 4173.26 4172.02 4170.78 4169.11 4167.49 4168.19 4170.04 4166.49 4167.6 4168.95 4170.61 4172.32 4174.01 4176.46 4174.41
4231.92 4230.62 4228.81 4227.64 4226.5 4225.28 4224.42 4223.56 4222.72 4222.67 4221.58 4221.16 4221.03 4221.79 4226.67 4234.07 4237.09 4237.91 4237.87 4237.12 4235.77 4238.97 4239.45 4239.05 4238.29 4237.42 4236.45 4235.02 4232.25 4227.66 4225.77 4223.75 4222.06 4220.94 4220.92 4221.59 4213.57 4207.85 4203.15 4199.33 4196.16 4194.09 4192.66 4190.9 4187.51 4186.78 4184.1 4181.22 4179.8 4179.34 4177.89 4172.71 4172.31 4173.12 4172.23 4170.36 4167.81 4164.57 4161.6 4165.79 4166.87 4168.21 4169.79 4171.55 4173.55 4174.16 4174.33
4230.97 4229.77 4228.68 4227.6 4226.04 4224.97 4224.03 4222.98 4221.52 4222.22 4222.58 4222.78 4222.92 4224.06 4231.78 4242.25 4243.09 4242.09 4240.94 4239.57 4239.01 4241.69 4241.45 4240.55 4240.08 4239.4 4238.26 4236.42 4232.78 4230.73 4229.51 4227.41 4225.18 4223.22 4222.2 4220.28 4214.97 4209.68 4204.97 4200.41 4196.14 4194.09 4193.4 4193.61 4194.09 4189.05 4185.7 4182.24 4178.62 4177.28 4175.88 4175.31 4177.11 4177.01 4175.56 4173.13 4170.05 4167.84 4167.71 4166.27 4167.25 4168.62 4169.77 4170.91 4172.48 4174.71 4173.98
4230.54 4229.31 4227.78 4226.87 4225.74 4224.86 4224.32 4224.29 4224.52 4224.16 4224.65 4225.37 4226.24 4227.98 4235.88 4244.97 4245.92 4244.96 4243.75 4242.43 4241.68 4243.35 4241.97 4241.48 4241.54 4241.55 4241.02 4239.7 4240.14 4238.2 4234.41 4231.15 4227.93 4224.25 4219.57 4217.07 4214.09 4210.6 4206.47 4202.45 4197.86 4195.81 4194.19 4191.54 4190.5 4190.83 4188.51 4184.27 4179.44 4177.73 4178.26 4180.69 4181.96 4182.7 4180.89 4177.7 4173.89 4170.58 4166.9 4167.44 4168.47 4169.44 4169.82 4169.88 4170.14 4170.93 4172.52
4229.95 4228.91 4227.86 4226.63 4225.62 4225 4224.29 4224.59 4225.29 4225.81 4227.09 4228.75 4230.82 4232.95 4238.95 4244.32 4246.19 4246.37 4245.99 4244.94 4243.72 4240.74 4239.84 4241.4 4242.82 4243.91 4244.51 4245.56 4247.4 4243.15 4238.24 4234.32 4230.77 4226.93 4220.11 4215.47 4214.89 4211.63 4208.12 4205.22 4203.74 4199.68 4196.95 4194.83 4193.85 4194.95 4194.17 4189.81 4181.73 4179.28 4181.36 4186.52 4192.5 4190.63 4187.04 4183.05 4178.78 4175.21 4168.58 4170.16 4171.5 4171.83 4171.11 4169.81 4168.49 4168.73 4172.23
4229.48 4228.84 4228.22 4227.42 4226.38 4225.29 4224.31 4223.41 4224.31 4226.91 4229.56 4232.24 4235.4 4241.37 4240.97 4243.62 4246.02 4246.96 4247.34 4247.47 4243.85 4237.41 4239.33 4242.35 4244.73 4246.72 4248.1 4247.23 4246.08 4244.05 4240.69 4236.82 4233.47 4231.24 4232.48 4225.89 4218.47 4213.76 4209.79 4206.68 4205.42 4202.43 4200.69 4200.53 4201.21 4202.51 4203.65 4201.76 4192.36 4182.59 4185.06 4189.57 4200.66 4197.87 4194.11 4190.1 4186.56 4184.42 4180.19 4179.46 4178.71 4177.21 4175.25 4172.67 4169.55 4169.67 4173.43
4229.71 4229.06 4228.74 4227.9 4226.99 4225.92 4225.06 4224.46 4225.69 4228.86 4232.27 4235.59 4238.24 4238.71 4243.86 4245.02 4246.1 4246.73 4247.27 4248.19 4245.53 4239.98 4242.59 4244.07 4246.48 4249.32 4252.31 4253.54 4246.08 4245.04 4242.58 4238.87 4235.08 4231.45 4229.03 4225.11 4220.04 4215.69 4211.37 4206.93 4203.63 4204.93 4204.83 4202.71 4206.59 4210.69 4214.17 4217.64 4211.65 4192.67 4193.52 4198.14 4203.6 4202.76 4200.19 4197.72 4195.29 4195.37 4197 4192.76 4187.4 4183.7 4180.58 4177.93 4175.93 4175.23 4176.83
4229.87 4229.6 4229.21 4228.72 4228.11 4227.38 4226.93 4227.46 4228.75 4231.48 4235.15 4239.07 4242.92 4245.96 4246.35 4246.61 4245.97 4245.65 4245.33 4244.23 4241.36 4241.04 4244 4244.92 4247.26 4250.42 4254.76 4259.61 4253.61 4248.22 4244.89 4241.36 4236.7 4231.07 4223.32 4223.06 4221.05 4217.73 4214 4210.4 4208.37 4210.03 4212.3 4215.08 4215.9 4218.62 4221.89 4224.82 4219.28 4205.6 4203.98 4210.15 4207.33 4205.59 4205.89 4204.96 4205.22 4203.01 4200.07 4196.74 4194.36 4190.59 4186.4 4182.84 4182.78 4180.33 4180.23
4230.39 4230.45 4230.35 4230.1 4229.77 4229.22 4228.84 4228.89 4230.97 4233.91 4237.58 4241.79 4246.08 4247.69 4245.6 4245.16 4244.96 4244.22 4243.12 4242.21 4242.1 4242.23 4241.18 4244.57 4247.36 4249.85 4252.06 4252.71 4251.51 4249.22 4246.75 4243.76 4239.93 4235.16 4229.37 4226.84 4224.08 4220.72 4217.68 4216.26 4215.42 4215.96 4219.25 4224.65 4224.14 4225.08 4226.29 4224.42 4217.67 4209.11 4209.31 4212.88 4209.05 4211.6 4213.35 4213.34 4213.91 4211.5 4207.17 4206.84 4204.1 4198.42 4192.68 4186.37 4179.53 4181.06 4182.55
4230.48 4230.84 4231.23 4231.5 4232.01 4231.65 4231.18 4231.23 4233.21 4236.02 4239.15 4242.84 4247.32 4248.38 4246.35 4244.63 4243.8 4242.92 4241.52 4238.68 4240.76 4242.98 4243.66 4245.54 4247.48 4249 4249.69 4248.02 4249.13 4249.88 4248.58 4246.82 4244.89 4242.47 4238.69 4233.58 4228.72 4224.09 4220.52 4219.61 4219.2 4219.89 4221.85 4223.2 4227.67 4229.55 4230.37 4230.16 4221.98 4212.51 4214.47 4216.72 4220.64 4223.1 4223.49 4223.41 4224.3 4223.01 4221.25 4219.99 4213.49 4207.38 4200.28 4192.94 4186.67 4185 4185.28
4230.96 4232.34 4233.18 4233.94 4234.66 4235.19 4234.97 4234.44 4236.31 4238.06 4239.8 4241.68 4243.95 4243.98 4242.46 4242.96 4243.05 4242.41 4241.71 4242.81 4242.26 4243.8 4245.67 4247.11 4248.16 4248.96 4249.84 4253.49 4252.78 4251.7 4250.64 4249.55 4248.98 4249.21 4246.76 4239.7 4233.41 4227.94 4222.66 4217.43 4219.09 4222.66 4227.08 4230.13 4231.34 4233.1 4234.14 4231.6 4228.44 4224.18 4225.54 4229.3 4232.75 4233.87 4233.77 4235.05 4235.62 4235.7 4232.07 4223.5 4224.94 4217.38 4208.23 4200.11 4194.53 4189.91 4188.02
4231.99 4233.15 4234.38 4235.6 4237.21 4238.99 4240.47 4241.01 4240.35 4240.09 4240.06 4239.77 4238.41 4240.18 4241.08 4242.15 4242.7 4242.67 4241.95 4239.87 4242.85 4245.38 4247.64 4248.53 4249.32 4250.37 4249.28 4251.25 4254.34 4253.64 4252.57 4251.48 4250.95 4250.86 4249.34 4243.68 4238.2 4232.45 4226.58 4222.37 4221.8 4224.63 4230.12 4233.49 4233.71 4235.75 4238.6 4241.28 4237.57 4235.38 4237.58 4243.27 4247.38 4243.54 4242.78 4244.39 4246.02 4249.02 4253.99 4256.83 4241 4227.05 4214.89 4204.65 4197.28 4193.02 4190.42
4232.82 4234.1 4235.71 4237.33 4239.53 4242.34 4245.09 4245.59 4243.62 4241.71 4240.42 4239.3 4238.37 4240.2 4242.06 4242.48 4243.31 4244.02 4244.11 4243.78 4243.49 4243.38 4246.58 4247.43 4249.79 4253.91 4258 4257.4 4256.46 4255.43 4254.17 4253.02 4252 4248.91 4248.05 4246.97 4243.23 4238.38 4232.2 4226.36 4224.88 4224.68 4226.6 4229.38 4232.11 4235.97 4240.72 4245.32 4244.24 4244.52 4247.16 4250.79 4252.21 4249.97 4250.73 4251.61 4253.61 4257.06 4262.51 4263.58 4247.11 4232.67 4219.4 4208.23 4200.13 4195.34 4192.26
4233.79 4235.03 4236.7 4238.58 4240.9 4243.57 4248.34 4248.34 4244.67 4242.19 4240.52 4239.67 4239.14 4239.94 4241.05 4242.26 4244.15 4246.02 4247.4 4247.6 4245.75 4244.18 4238.87 4240.52 4249.63 4257.11 4263.15 4262.44 4259.38 4257.25 4255.62 4254.39 4253.55 4253.52 4252.49 4251.31 4249.88 4246.54 4240.94 4233.97 4229.74 4224.78 4219.25 4222.83 4228.68 4234.03 4239.37 4243.61 4246.22 4249.12 4251.88 4254.63 4257.33 4256.05 4255.58 4256.05 4257.33 4258.71 4257.79 4250.04 4244.91 4233.83 4220.85 4209.21 4201.65 4197 4194.09
4234.6 4236.09 4237.67 4239.42 4241 4241.99 4241.86 4243.62 4243.34 4241.46 4239.68 4238.64 4239.54 4236.21 4238.19 4241.47 4244.75 4247.97 4250.56 4250.72 4248.38 4243.32 4241.59 4244.34 4251.88 4258.97 4264.53 4261.62 4260.22 4259.19 4257.61 4255.06 4253.46 4254.51 4255.06 4256.55 4257.67 4257.15 4253.85 4246.56 4237.96 4228.81 4220.68 4221.9 4226.66 4231.6 4236.74 4241.61 4244.98 4248.62 4251.81 4254.45 4257.32 4258.13 4257.71 4258.05 4258.57 4259.08 4257.89 4255.27 4247.45 4235.36 4221.6 4206.87 4201 4198.13 4195.46
4235.99 4237.33 4238.67 4239.94 4241.02 4241.34 4240.55 4241.36 4241.96 4240.69 4238.59 4235.2 4232.66 4234.33 4237.04 4241.18 4245.17 4249.28 4253.85 4254.6 4252.01 4252.31 4251.38 4253.66 4255.26 4259.75 4261.8 4260.43 4261.4 4261.68 4260.34 4256.81 4251.81 4250.01 4255.96 4262.25 4266.56 4268.93 4268.83 4261.33 4247 4235 4228.54 4224.51 4226.28 4229.86 4233.03 4237.38 4242.47 4246.36 4249.18 4251.26 4252.69 4255.38 4256.51 4257.44 4258.19 4258.34 4257.84 4256.14 4249.29 4237.61 4224.26 4211.55 4204.79 4200.69 4197.25
4236.13 4237.34 4238.58 4239.77 4240.9 4242.02 4244.2 4242.65 4241.93 4240.85 4239.21 4236.56 4234.91 4235.74 4238.43 4241.63 4245.06 4248.67 4252.15 4253.13 4252.12 4251.87 4251.18 4253.1 4254.89 4259.96 4260.76 4260.31 4263.95 4265.84 4265.77 4262.51 4255.28 4250.5 4260.82 4269.44 4275.93 4280.37 4280.27 4270.03 4252.96 4236.72 4226.48 4224.27 4226.04 4229.81 4233.45 4237.21 4240.88 4244.2 4246.99 4248.55 4247.09 4249.92 4253.57 4255.4 4256.24 4255.95 4255.69 4255.15 4248.7 4238.05 4227.72 4217.7 4209.82 4203.93 4200.09
4237.13 4237.91 4238.95 4239.66 4240.59 4241.44 4241.5 4242.38 4242.16 4241.83 4241.58 4241.13 4240.08 4239.82 4240.57 4242.49 4244.58 4246.59 4248.97 4249.68 4249.13 4246.45 4244.5 4239.47 4251.94 4261.06 4264.76 4264.84 4268.88 4272.26 4274.3 4274.05 4270.16 4267.59 4273.5 4279.07 4284.04 4288.85 4293.16 4277.65 4255.14 4234.83 4222.3 4222.44 4225.45 4230.18 4237.54 4238.84 4239.81 4242.41 4245.36 4248.51 4253.17 4253.93 4254.22 4254.54 4253.63 4252.22 4249.99 4246.41 4241.19 4234.98 4228.78 4222.48 4213.29 4206.61 4202.01
4237.23 4238.02 4238.75 4239.41 4240.01 4240.85 4242.12 4241.81 4242.03 4242.55 4243.61 4245.81 4244.26 4242.37 4242.89 4243.67 4244.58 4244.9 4243.3 4246.52 4247.72 4247.73 4246.34 4249.68 4252.09 4261.16 4265.68 4269.67 4275.01 4279.91 4284.57 4289.07 4292.71 4292.07 4288.76 4288.07 4288.98 4290.49 4288.81 4274.43 4253.37 4233.55 4222.34 4222.04 4225.11 4229.03 4231.25 4236.08 4237.83 4240.07 4243 4247.44 4253.05 4256.7 4256.36 4254.22 4251.38 4248.07 4243.47 4238.75 4235.4 4229.43 4224.35 4218.97 4212.27 4206.84 4203.01
4237.66 4238.44 4239 4239.68 4239.61 4238.88 4239.12 4240.84 4241.66 4242.52 4243.58 4245.54 4246.18 4245.57 4244.9 4244.78 4245.04 4245.51 4246.24 4246.92 4248.13 4248.82 4247.1 4240.79 4248.79 4260.27 4270.53 4275.93 4281.45 4287.18 4293.75 4301.09 4309.11 4307.56 4299.12 4293.31 4289.29 4286.2 4282.36 4267.25 4249.52 4232.44 4223.49 4222.92 4225.48 4229.36 4233.31 4234.77 4235.77 4237.52 4239.97 4244.74 4250.77 4255.7 4256.54 4254.15 4250.01 4244.29 4237.79 4231.33 4226.37 4220.85 4215.61 4212.07 4209.08 4205.96 4203.2
4238.44 4238.82 4239.22 4239.55 4239.58 4238.86 4239 4240.6 4241.41 4242.03 4242.41 4242.7 4246.17 4247.35 4246.44 4245.8 4245.68 4246.55 4248.05 4248.32 4249.26 4250.13 4249.89 4250.64 4254.08 4259.03 4274.41 4281.41 4286.69 4292.37 4298.63 4305.83 4311.38 4309.31 4301.42 4293.36 4285.81 4278.13 4268.03 4258.58 4245.71 4232.63 4225.73 4224.27 4226.07 4230.12 4233.5 4233.46 4233.94 4235.22 4237.73 4242.16 4247.83 4252.76 4255.79 4254.08 4249.46 4241.76 4232.24 4221.83 4216.38 4211.74 4208.3 4206.51 4206.38 4205.06 4202.97
4238.05 4238.5 4238.88 4239.45 4240.31 4242.07 4241.74 4241.28 4241.49 4241.75 4241.83 4242.87 4246.1 4247.18 4246.66 4246.18 4245.83 4245.82 4247.29 4248.86 4250.72 4251.49 4251.79 4254.91 4258.44 4265.34 4278.05 4283.68 4288.34 4293.46 4299.47 4305.24 4308.21 4305.45 4298.13 4289.4 4280.05 4270.15 4261.16 4251.83 4242.85 4235.54 4228.13 4224.92 4225.42 4228.8 4232.79 4231.46 4232.19 4233.37 4234.87 4239.58 4247.01 4251.71 4254.17 4257.1 4251.33 4241.19 4228.91 4216.18 4206.2 4204.08 4204.64 4205.29 4205.97 4205.55 4203.75
4237.84 4238.02 4238.55 4239.04 4240 4241 4241.54 4241.36 4241.44 4241.78 4242.11 4241.86 4243.25 4245.19 4246.36 4246.86 4246.48 4244.56 4245.23 4249.68 4253.02 4256.57 4259.34 4257.83 4261.5 4269.65 4277.58 4282.94 4287.3 4291.47 4295.9 4300.31 4304.71 4299.19 4291.7 4283.41 4274.07 4262.54 4252.67 4246.62 4239.09 4233.89 4227.44 4224.03 4222.87 4222.91 4224.86 4228.07 4230.73 4233.03 4234.68 4239.96 4250.17 4263.43 4272.44 4266.71 4255.6 4242.51 4228.29 4213.46 4198.89 4203.1 4203.89 4206.55 4208.24 4208.18 4206.68
4237.95 4238.15 4238.26 4238.6 4239.1 4239.92 4240.4 4240.73 4241.13 4241.71 4243.26 4243.66 4240.7 4243.67 4246.4 4248 4248.97 4249.38 4249.94 4251.89 4254.68 4257.77 4259.05 4257.99 4261.58 4272.9 4275.91 4279.94 4283.04 4286.13 4288.68 4289.82 4290.05 4288.1 4283.18 4276.6 4269.26 4261.31 4252.58 4244.64 4235.72 4224.88 4225.28 4222.86 4220.36 4219.8 4221.95 4225.87 4230.77 4235.5 4240.18 4246.48 4253.99 4260.52 4283.36 4273.71 4258.72 4244.53 4230.81 4218.53 4214.72 4215.36 4215.47 4213.3 4212.62 4212.55 4211.75
4238.28 4238.13 4237.91 4237.96 4238.05 4238.26 4239.27 4240.04 4240.64 4240.92 4241.44 4243.23 4245.57 4246 4247.76 4249.67 4251.73 4254.77 4254.12 4253.51 4254.64 4257.44 4259.91 4255.5 4253.35 4268.79 4274.37 4276.49 4277.99 4279.59 4280.71 4280.13 4277.35 4277.38 4274.1 4269.17 4263.67 4260.25 4252.5 4244.43 4238.68 4234.28 4227.59 4223.76 4220.15 4213.32 4218.46 4225.69 4232.14 4239.07 4247.31 4255.82 4259.83 4265.51 4276.44 4269.93 4257.28 4244.4 4232.52 4223.42 4218.17 4217.11 4218.59 4217.91 4217.86 4218.16 4218.52
