real_craters/C156-500m.grd
DSAA
217 217
-53.935 53.935
-53.935 53.935
2866.2273094918 5138.4570682189
[rows 150 to 179 of 217, columns 0 to 66 of 217]
4240.01 4238.55 4237.27 4235.64 4234.61 4234.55 4233.23 4232.07 4232.46 4232.11 4231.91 4232 4231.3 4229.95 4227.58 4225.16 4223.98 4221.78 4220.36 4219.33 4217.34 4218.89 4225.43 4223.36 4219.59 4211.82 4202.87 4205.74 4209.02 4212.85 4213.49 4215.53 4212.2 4205.64 4212.72 4227.51 4235.88 4244.33 4252.82 4261.57 4269.24 4272.96 4270.11 4261.61 4249.38 4247.61 4245.78 4245.08 4248.99 4245.15 4240.8 4248.72 4251.38 4259.88 4259.15 4251.85 4258.72 4257.45 4255.47 4256.06 4255.64 4255.93 4255.6 4254.48 4248.27 4249.27 4246.5
4240.67 4239.6 4238.35 4237.5 4237 4236.32 4237.92 4236.22 4233.63 4232.59 4231.9 4232.04 4233.13 4230.15 4227.13 4224.38 4221.55 4221.27 4220.65 4220.48 4221.65 4225.14 4225.28 4222.65 4219.55 4215.39 4204.66 4205.35 4208.91 4211.45 4214.83 4209.79 4207.94 4205.89 4223.18 4234.43 4240.21 4247.62 4256.13 4265 4272.95 4277.93 4276.37 4267.45 4261.14 4251.34 4245.99 4242.31 4238.04 4241.46 4246.49 4251.65 4253.06 4254.94 4250.68 4247.81 4253.76 4253.66 4256.67 4251.64 4251.22 4251.46 4251.24 4250.47 4250.54 4237.13 4238.47
4241.59 4240.54 4239.43 4238.48 4238.68 4236.23 4233.93 4234.13 4233.48 4232.21 4231.2 4230.05 4228.33 4227.73 4225.36 4223.31 4223.72 4220.91 4220.52 4220.8 4221.78 4219.48 4219.92 4220.99 4220.4 4220.2 4219.35 4212.66 4211.45 4212.56 4213.26 4211.75 4217.72 4229.17 4229.15 4235.01 4241.17 4249.07 4257.91 4267.41 4276.98 4282.09 4278.81 4272.76 4259.67 4250.6 4245.34 4241.19 4239.17 4239.87 4245.06 4251.87 4247.29 4241.77 4240.67 4243.5 4245.66 4244.16 4243.16 4244.25 4246.56 4247.87 4247.34 4244.62 4237.93 4236.04 4238.28
4244.93 4242.36 4239.9 4238.15 4236.96 4235.09 4233.17 4233.34 4233.14 4231.79 4230.02 4228.1 4226.44 4224.77 4223.45 4222.3 4221.34 4220.79 4220.72 4220.76 4219.91 4216.43 4219.33 4220.16 4219.7 4218.75 4213.74 4212.4 4212.45 4213.26 4214.25 4220.31 4224.96 4231.87 4234.89 4234.15 4240.06 4248.23 4257.35 4267.66 4278.03 4289.67 4298.32 4278.41 4261.09 4251.34 4245.23 4239.91 4237.23 4236.54 4237.78 4239.19 4237.84 4233.61 4231.64 4235.18 4233.91 4236.03 4235.69 4240.96 4244.26 4244.93 4244.37 4243.18 4242.15 4239.54 4241.65
4247.72 4243.95 4240.37 4236.87 4231.3 4234.54 4236.31 4235.32 4233.43 4231.48 4228.93 4226.46 4224.19 4223.56 4222.39 4221.66 4221.43 4220.36 4220.42 4221.09 4222.69 4223.57 4221.65 4220.79 4219.31 4216.87 4213.84 4213.02 4214.34 4214.31 4217.86 4223.24 4228.49 4233.91 4237.37 4233.59 4236.37 4243.05 4252.05 4262.67 4273.48 4284.36 4293.73 4275.75 4264.1 4255.33 4245.75 4236.93 4228.65 4232.36 4232.68 4232.17 4232.49 4229.73 4227.97 4229.39 4228.61 4234.53 4240.68 4243.82 4244.32 4243.74 4242.03 4239.53 4240.88 4239.48 4241.25
4248.94 4243.88 4240.36 4238.48 4240.44 4238.49 4236.08 4235.87 4234.05 4231.24 4228.25 4224.45 4222.06 4222.48 4221.72 4219.66 4218.66 4220.49 4220.64 4220.56 4221.55 4221.62 4221.16 4220.57 4219.62 4217.38 4214.34 4214.63 4216.45 4219.28 4213.5 4221.18 4228.1 4233.67 4231.47 4225.15 4231.54 4238.26 4245.71 4254.2 4262.89 4266.9 4261.83 4262.96 4260.69 4256.52 4243.77 4236.15 4232.03 4232 4233.02 4233.07 4233.46 4232.04 4229 4230.57 4227.69 4235.71 4243.55 4246.28 4245.14 4243.13 4240.13 4235.43 4230.12 4233.21 4236.72
4246.36 4243.16 4240.21 4237.7 4235.45 4237.32 4244.35 4238.24 4234.56 4231.71 4229.17 4226.89 4224.1 4223.59 4223.55 4223.26 4222.4 4222.07 4221.6 4220.45 4216.87 4217.8 4221.05 4221.29 4220.48 4219.54 4218.31 4218.47 4216.39 4214.47 4215.22 4221.89 4224.58 4227.94 4226.4 4224.33 4225.81 4231.88 4239.88 4247.68 4253.78 4256.11 4255.7 4251.48 4247.17 4239.5 4236.65 4234.51 4234.09 4233.64 4234.74 4236.21 4237.1 4239.61 4246.08 4235.14 4236.18 4238.44 4243.58 4245.84 4245.31 4242.83 4239.33 4234.15 4227.89 4228.98 4231.45
4242.79 4241.32 4239.16 4236.9 4234.21 4235.68 4238.73 4237.7 4234.57 4231.21 4228.81 4228.84 4227.89 4225.01 4225.08 4227.83 4226.13 4223.83 4222.8 4222.94 4227.36 4226.46 4222.59 4221.9 4221.89 4222.81 4223.11 4213.46 4215.89 4219.66 4211.41 4212.01 4216.56 4218.48 4215.31 4209.47 4217.41 4226.88 4236.23 4243.74 4248.45 4249.36 4245.25 4242.89 4237.41 4230.82 4228.85 4230.27 4231.76 4234.46 4237.84 4238.38 4238.94 4240.29 4239.99 4234.63 4234.66 4241.15 4244.32 4245.19 4245.75 4242.7 4238.89 4234.54 4228.61 4227.98 4229.69
4240.07 4240.07 4239.34 4238.16 4237.72 4239.56 4239.82 4236.42 4233.1 4229.78 4226.56 4223.51 4222.87 4223.22 4223.76 4226.08 4225.19 4224.04 4223.47 4222.64 4219.61 4222.7 4221.5 4221.19 4221.65 4223.04 4225.1 4217.46 4210.78 4210.39 4211.21 4211.87 4209.14 4206.04 4200.83 4203.51 4211.31 4224.51 4234.3 4241.41 4245.33 4248.11 4250.28 4245.45 4234.34 4225.9 4223.99 4226.79 4228.69 4231.5 4239.75 4238.68 4236.99 4236.85 4235.75 4232.03 4240.43 4243.76 4248.29 4253.75 4245.19 4240.63 4237.87 4234.15 4229.78 4227.56 4230
4239.17 4239.44 4239.45 4239.41 4239.3 4236.1 4234.35 4233.98 4231.47 4228.3 4224.59 4221.54 4220.69 4221.34 4220.59 4216.51 4221.42 4223.24 4223.57 4223.06 4219.09 4216.37 4217.73 4218.41 4218.95 4219.5 4219.05 4211.27 4205.89 4204.05 4204.26 4200.2 4203.74 4202.41 4200.62 4197.12 4214.75 4226.82 4234.74 4241.89 4246.42 4248.5 4247.04 4241.32 4233.93 4224.74 4220.35 4218.11 4221.2 4224.02 4221.63 4229.44 4232.86 4233.78 4234.28 4231.85 4239.82 4241.52 4240.69 4239.16 4236.47 4234.8 4234.91 4233.27 4227.24 4225.41 4227.37
4239.83 4239.55 4239.93 4240.93 4240.6 4237.89 4235.61 4233.32 4231.06 4228.2 4224.8 4220.63 4221.3 4221.82 4221.91 4220.95 4222.36 4223.57 4224.22 4223.64 4219.71 4214.86 4215.14 4215.92 4215.89 4214.72 4211.15 4208.03 4206.91 4204.23 4203.8 4202.77 4203.74 4204.18 4199.71 4205.97 4227.43 4235.47 4240.36 4244.75 4247.79 4248.95 4248.02 4243.77 4234.86 4224.79 4218.45 4217.48 4218.2 4222.13 4225.58 4227.1 4228.92 4229.3 4229.44 4229.52 4230.4 4230.22 4228.24 4223.43 4225.01 4226.65 4226.05 4220.01 4218.02 4222.33 4223.7
4240.57 4240.68 4241.14 4242.12 4244.54 4249.44 4237.31 4233.49 4230.83 4228.56 4227.26 4226.51 4224.53 4223.77 4223.77 4224.57 4224.73 4225.24 4225.03 4223.45 4219.47 4215.52 4214.36 4214.18 4213.43 4211.75 4208.34 4204.86 4201.92 4201.86 4199.89 4202.87 4206.32 4211.11 4221.18 4229.16 4241.73 4241.68 4244.43 4246.73 4248.56 4249.64 4250.06 4247.74 4237.41 4226.49 4219.55 4215.02 4217.5 4222.39 4227.95 4227.07 4227.1 4226.06 4221.96 4221.6 4221.94 4222.91 4221.92 4216.06 4219.23 4221.99 4223.86 4226.09 4224.85 4224.42 4223.1
4240.66 4240.88 4240.61 4241.34 4242.4 4240.32 4236.69 4232.95 4230.78 4228.8 4228.08 4228 4226.81 4226.13 4225.49 4225.26 4226.47 4226.9 4226.31 4224.25 4218.91 4214.93 4214.26 4214.15 4213.35 4211.81 4209 4206.34 4206.73 4206.11 4207.6 4208.26 4208.85 4214.08 4223.07 4227.53 4230.77 4243.06 4247.3 4249.22 4249.93 4249.71 4249.12 4248.28 4236.15 4227.11 4221.07 4220.08 4219.08 4217.53 4216.16 4224.79 4227.67 4227.87 4225.53 4215.7 4222.24 4224.69 4223.91 4224.52 4223.55 4221.73 4219.89 4227.83 4231.81 4228.8 4226.11
4243.69 4242.63 4241.65 4240.65 4239.21 4237.99 4233.29 4232.23 4230.68 4228.87 4226.23 4225.87 4227.51 4228.86 4230.11 4230.49 4230.07 4229.65 4228.35 4224.98 4213.41 4213.35 4213.77 4213.98 4214.16 4213.97 4213.01 4210.4 4213.64 4212.13 4210.67 4203.95 4204.54 4212.02 4218.93 4217.71 4239.31 4245.42 4247.34 4248.61 4249.2 4248.63 4244.23 4232.64 4232.28 4228.25 4225.6 4225.16 4222.95 4221.23 4221.71 4225.53 4229.44 4232.54 4232.48 4227.71 4228.24 4226.99 4227.53 4229.16 4230.16 4227.23 4223.58 4237.61 4241.22 4234.59 4229.21
4246.53 4243.47 4241.5 4238.99 4236.78 4235.47 4234.42 4233.64 4232.25 4229.92 4227.44 4226.52 4229.22 4231.4 4234.26 4235.29 4233.44 4232.05 4230.16 4226.97 4219.13 4217.5 4218.24 4219.29 4219.5 4220.38 4220.76 4223.37 4215.87 4217.66 4215.22 4209.67 4208.41 4211.37 4214.1 4220.24 4240.35 4244.63 4247.07 4248.55 4249.39 4248.86 4246.02 4239.84 4237.11 4232.3 4234.06 4228.35 4227.6 4228.59 4228.22 4229.33 4232.35 4237.8 4244.57 4248.54 4236 4231.9 4231.95 4235.17 4237.64 4240.76 4239.8 4263.26 4247.66 4237.53 4229.31
4250.66 4247.19 4243.36 4239.48 4235.94 4232.73 4235.77 4237.32 4235.82 4233.27 4230.29 4230.55 4232.58 4233.86 4233.66 4234.53 4235.43 4234.59 4232.66 4227.83 4225.1 4222.87 4223.11 4224.08 4225.59 4225.96 4227.57 4229.8 4230.78 4227.13 4223.92 4218.34 4215.14 4213.48 4217.24 4222.39 4227.27 4239.3 4244.6 4247.84 4249.18 4249.7 4250.62 4254.78 4247.4 4234.12 4222.91 4228.3 4229.31 4231.61 4231.09 4229.5 4231.01 4234.61 4237.83 4238.68 4238.6 4239.62 4236.65 4237.03 4240.62 4251.34 4256.52 4220.87 4232.65 4237.53 4237.11
4255.55 4251.92 4246.18 4240.68 4235.65 4240.12 4247.02 4243.74 4241.16 4238.45 4237.72 4236.3 4237.05 4238.19 4236.99 4237.91 4238.32 4237.35 4235.66 4234.98 4229.28 4228.61 4230.37 4232.82 4234.68 4235.97 4234.98 4231.72 4224.74 4237.01 4234.84 4222.03 4212.26 4216.43 4220.46 4222.55 4229.93 4237.56 4243.58 4247.23 4248.88 4250.93 4251.36 4249.31 4243.46 4236.82 4229.78 4231.99 4227.81 4224.69 4224.77 4225.65 4227.53 4229.59 4231.76 4240.99 4242.59 4239.06 4238.51 4238.32 4242.87 4245.49 4286.09 4228.37 4230.45 4238.43 4249.74
4264.21 4257.9 4251.88 4246.17 4240.79 4238.63 4244.12 4250.08 4248.21 4244.18 4238.19 4240.31 4242.43 4244.11 4247.42 4244.84 4242.68 4240.83 4237.75 4230.26 4229.15 4233.84 4238.14 4242.49 4246.17 4248.4 4248 4243.25 4249.48 4253.55 4242.01 4231.22 4224.14 4221.9 4226.79 4235.79 4232.91 4239.73 4244.22 4247.15 4249.28 4250.73 4250.62 4248.46 4245.81 4241.93 4238.77 4232.74 4224.26 4217.7 4218.68 4221.46 4223.39 4225.62 4230.06 4233.24 4236.04 4240.86 4237.09 4230.29 4221.93 4220.2 4222.21 4236.32 4230.5 4232.48 4236.34
4276.04 4269.6 4262.77 4256.29 4253.82 4255.89 4261.87 4261.29 4258.57 4253.04 4251.37 4247.19 4247.6 4249.17 4249.48 4249.1 4247.15 4244.77 4242.16 4240.96 4237.53 4242.08 4247.81 4253.31 4259.24 4263.69 4268.07 4269.79 4273.84 4270.45 4254.67 4239.22 4225.2 4225.59 4229.98 4234.32 4236.97 4243.84 4244.35 4246.1 4248.95 4250.43 4251.18 4251.55 4249.27 4246.25 4237.9 4226.81 4220.5 4218.01 4216.59 4218.92 4220.77 4220.5 4221.73 4226.97 4230.51 4230.57 4229.03 4225.18 4217.31 4223.62 4223.27 4218.22 4219.82 4221.12 4214.51
4286.6 4279.81 4273.23 4266.48 4262.58 4265.77 4271.17 4274.03 4272 4265.56 4256.01 4255.45 4252.41 4251.4 4256.29 4252.6 4252.32 4251.1 4246.13 4238.42 4246.98 4252.7 4259.13 4264.64 4272.11 4279.41 4286.83 4295.27 4292.6 4283.79 4265.29 4246.12 4232.45 4227.96 4230.84 4236.2 4231.94 4238.84 4244.99 4247.4 4248.95 4250.21 4251.01 4254.04 4261.12 4245.89 4241.8 4226.23 4219.39 4215.9 4216.53 4218.89 4221.21 4222.66 4223.32 4224.25 4225.61 4225.9 4225.16 4226.67 4229.38 4227.87 4210.83 4206.15 4214.38 4218.06 4221.17
4297.25 4290.43 4284.86 4278.87 4274.74 4280.04 4287.95 4291.08 4288.75 4284.37 4277.21 4266.82 4257.75 4248.83 4238.43 4252.98 4260.02 4263.49 4261.37 4258.67 4262.69 4266.35 4271.24 4275.75 4282.72 4291.88 4302.44 4308.8 4297.77 4298.31 4270.66 4248.47 4233.02 4228.16 4231.05 4235.96 4232.13 4243.05 4246.21 4247.96 4249.47 4250.1 4249.15 4246.22 4236.5 4235.49 4236.61 4224.3 4222.85 4221.42 4220.44 4221.23 4223.32 4226.75 4226.01 4223.16 4220.28 4227.09 4231.35 4227.15 4224.21 4218.88 4213.9 4213.89 4218.6 4221.64 4223.61
4305.17 4301.37 4297.08 4293.16 4292.27 4298.29 4308.27 4310.37 4303.42 4297.68 4289.48 4275.85 4264.75 4257.32 4255.83 4260.91 4270.65 4280.86 4289.7 4287.62 4281.24 4279.99 4281.73 4286.5 4292.21 4299.22 4307.43 4311.77 4293.79 4275.62 4261.72 4246.63 4232.81 4227.81 4231.64 4235.1 4238.84 4239.98 4245.8 4248.52 4249.69 4250.38 4249.19 4244.08 4234.84 4231.58 4225.93 4224.08 4222.37 4224.29 4223.63 4224.04 4224.38 4223.51 4225.1 4225.17 4227.77 4229.06 4235.02 4226.36 4219.04 4216.78 4226.08 4227.14 4227.56 4228.68 4232.42
4310.09 4308.46 4307.47 4306.68 4304.32 4312.55 4321.31 4321.04 4308.79 4300.51 4290.83 4279.37 4269.73 4263.3 4263.13 4268.89 4279.62 4293.42 4308.41 4305.49 4293.78 4289.24 4288.57 4290.69 4295 4299.51 4304.2 4303.77 4288.41 4266.15 4252.14 4244.85 4238.73 4236.64 4234.44 4233.36 4233.1 4243.81 4246.68 4247.94 4249.72 4251.67 4253.26 4251.7 4246.35 4241.57 4232.75 4225.14 4220.84 4221.31 4227.02 4227.39 4226.24 4224.39 4224.14 4223.98 4224.81 4225.99 4226.41 4223.39 4219.83 4226.36 4235.56 4237.76 4235.97 4239.74 4244.27
4310.27 4310.51 4313.21 4318.23 4323.34 4321.36 4318.2 4310.41 4304.06 4296.71 4288.99 4280.83 4272.75 4266.41 4266.59 4271.79 4281.9 4296.24 4310.23 4304.43 4295.92 4290.48 4288.55 4288.86 4290.77 4291.94 4291.62 4289.37 4264.95 4250.32 4245.46 4244.65 4243.8 4242.63 4239.05 4235.08 4230.18 4239.73 4241.39 4247.12 4251.64 4255.79 4258.35 4260.94 4262.94 4259.92 4247.95 4233.24 4237.18 4239.33 4236.39 4232.87 4229 4229.6 4225.39 4224.38 4222.95 4223.13 4221.79 4223.16 4222.54 4220.85 4241.08 4241.13 4240.35 4237.98 4245.92
4307.03 4307.37 4311.86 4321.25 4328.76 4323.06 4316.01 4310.75 4300.87 4285.47 4284.89 4282.64 4277.86 4269.21 4267.72 4273.25 4279.26 4287.76 4299.82 4295.31 4289.16 4285.95 4284.63 4284.33 4284.55 4283.43 4278.47 4270.07 4256.72 4250.15 4248.18 4247.34 4247.01 4247.24 4243.14 4240.8 4240.99 4238.79 4239.82 4246.08 4253.48 4260.77 4266.46 4271.36 4273.1 4270.91 4259.51 4240.92 4249.66 4253.61 4246.54 4239.24 4230.8 4219.4 4226.06 4227.1 4223.71 4222.06 4221.87 4227.48 4236.59 4225.9 4230.81 4240.26 4244.55 4246.1 4257.56
4298.06 4296.51 4300.54 4310.23 4316.53 4316.38 4314.65 4310.09 4308.54 4299.01 4290.93 4284.98 4282.92 4288.63 4280.35 4272.79 4270.93 4269.72 4266.43 4273.03 4276.08 4277.86 4278.55 4278.68 4278.43 4276.46 4271.98 4265.39 4260.78 4259.44 4254.65 4251.09 4248.53 4246.06 4246.23 4246.47 4246.6 4244.04 4242.73 4249.61 4257.99 4267.09 4276.18 4282.49 4287.69 4288.5 4269.96 4249.36 4256.63 4260.6 4253.74 4246.69 4240.48 4236.05 4234.5 4234.55 4233.28 4231.6 4229.1 4235.47 4246.56 4228.73 4234.65 4242.64 4251.82 4261.44 4257
4282.69 4278.41 4279.49 4286.98 4296.03 4300.4 4309.89 4325.57 4321.17 4311.08 4296.2 4283.84 4276.97 4275.16 4271.81 4267.46 4264.02 4256.79 4243.65 4258.45 4265.84 4270.1 4271.15 4271.4 4270.68 4269.95 4268.8 4264.91 4260.79 4257.17 4256.17 4252.34 4248.96 4249.6 4249.12 4251.08 4254.47 4255.6 4247.28 4255.41 4264.76 4274.54 4285.62 4293.1 4297.62 4288.9 4278.77 4264.77 4267.25 4264.87 4258.12 4253.26 4250.3 4248.41 4245.42 4245.9 4246.88 4246.03 4241.81 4243.18 4250.52 4232.06 4237.1 4245.41 4255.17 4262.1 4254.17
4261.41 4256.61 4251.93 4247.55 4257.08 4275.57 4293.08 4309.83 4317.26 4314.76 4291.85 4275.31 4261.55 4250.11 4255.85 4260.28 4262.27 4262.05 4260.5 4259.24 4262.52 4264.67 4265.19 4265.22 4264.3 4263.25 4263.58 4260.45 4257.12 4266.51 4258.28 4248.32 4246.55 4244.48 4247.88 4253.83 4258.07 4252.61 4251.77 4262.74 4272.02 4282.49 4293.16 4304.04 4310.12 4309.22 4289.76 4275.37 4269.05 4265.87 4259.89 4256.34 4251.88 4251.24 4253.87 4256.99 4261.17 4261.53 4252.77 4250.51 4249.21 4244.02 4243.85 4246.56 4252.47 4256.31 4245.01
4240.64 4238.82 4233.11 4222.69 4231.62 4252.64 4269.14 4281.26 4284.03 4283 4272.56 4261.27 4249.53 4233.16 4247.73 4257.61 4264.55 4270.34 4270.79 4267.07 4265.92 4265.16 4264.01 4261.92 4259.55 4257.52 4256.61 4256.51 4247.24 4235.18 4227.77 4240.32 4245.39 4248.59 4253.95 4256.84 4256.52 4258.37 4261.47 4270.33 4281.16 4293.13 4304.37 4315.47 4320.75 4315.98 4299.17 4285.73 4277.1 4264.78 4260.5 4257.73 4252.6 4254.73 4260.59 4265.92 4270.64 4273.07 4256.82 4241.7 4240.92 4244.98 4242.58 4244.11 4246.18 4246.39 4247.04
4227.83 4228.77 4226.6 4224.18 4228.54 4238.52 4246.84 4248.32 4244.23 4244.89 4249.16 4247.56 4249.4 4260.07 4252.93 4259.96 4269.42 4275.31 4275.42 4273.69 4271.13 4267.92 4264.96 4260.83 4256.3 4251.79 4251.45 4257.98 4267.89 4249.64 4252.77 4243.26 4247.19 4259.36 4266.52 4260.1 4256.57 4251.41 4264.45 4275.76 4287.14 4299.87 4312.87 4322.17 4327.06 4322.88 4307.57 4295.65 4266.92 4263.31 4262.78 4262.37 4258.22 4261.85 4268.53 4273.23 4277.09 4277.58 4264.05 4255.75 4253.07 4237.3 4240.61 4242.26 4243.16 4245.47 4249.35
