real_craters/C156-300m.grd
DSAA
361 361
-53.935 53.935
-53.935 53.935
2859.131885697 5127.167024891
[rows 210 to 239 of 361, columns 268 to 334 of 361]
4304.73 4308.63 4306.88 4312.1 4321.7 4325.98 4327.71 4329.51 4337.32 4341.11 4342.22 4339.52 4337.89 4333.35 4327.26 4321.48 4317.47 4310.62 4295.79 4282.92 4275.03 4269.77 4268.49 4268.47 4267.64 4265.7 4261.64 4257.22 4253.8 4251.36 4249.13 4246.81 4245.37 4243.31 4241.05 4239.04 4237.08 4229.11 4223.54 4218.77 4216.39 4219.54 4215.31 4214.88 4215.52 4214.89 4215 4215.03 4214.01 4213.99 4214 4213.89 4212.72 4211.78 4210.26 4207.97 4209.75 4214.16 4217.44 4218.81 4217.69 4212.19 4209.32 4216.26 4217.39 4215 4210.55
4305.73 4307.43 4310.01 4314.63 4323.33 4329.09 4331.05 4337.13 4339.92 4340.82 4340.97 4339.07 4335 4329.06 4321.62 4313.71 4306.28 4298.24 4286.41 4274.02 4264.63 4263.76 4264.7 4265.84 4267.38 4264.69 4260.17 4256.16 4252.68 4250.02 4247.16 4244.49 4241.69 4238.4 4234.52 4229.32 4221.13 4218.48 4216.07 4210.88 4201.29 4194.33 4205.28 4210.39 4212.35 4211.88 4213.29 4213.4 4214.07 4213.64 4212.59 4211.74 4211.02 4209.78 4208.27 4206.5 4207.73 4210.61 4212.9 4213.77 4212.71 4210.35 4208.72 4209.83 4209.98 4207.58 4204.03
4307.28 4307.58 4309.27 4311.35 4316.12 4322.8 4328.48 4339.41 4337.94 4338.04 4339.27 4338.64 4332.54 4324.63 4315.46 4304.87 4292.52 4284.14 4277.87 4269.03 4260.12 4260.86 4261.82 4262.51 4262.04 4261 4257.83 4254.22 4250.86 4247.62 4244.52 4241.24 4237.92 4234.08 4229.59 4223.54 4217.05 4214.61 4213.59 4210.47 4203.98 4198.68 4204.86 4210.01 4212.84 4215.08 4215.84 4216.19 4215.34 4213.28 4211.43 4209.96 4208.82 4208.16 4207.59 4208.15 4208.03 4208.9 4210.2 4211.1 4211.42 4210.28 4209.03 4207.73 4205.84 4202.62 4197.64
4307.11 4306.08 4303.26 4304.96 4309.09 4312.17 4316.95 4320.69 4325.4 4331.34 4335.3 4334.97 4328.81 4320.39 4310.53 4299.22 4286.79 4278.67 4273.95 4269.81 4266.15 4261.22 4260.34 4260.06 4259.46 4257.33 4255.03 4251.99 4248.7 4245.43 4242.1 4238.37 4235.11 4230.97 4226.41 4221.63 4217.24 4215.3 4215.59 4216.33 4218.4 4217.06 4213.45 4213.51 4214.68 4216.02 4216.98 4217.64 4215.43 4213 4210.82 4209.32 4208.03 4206.98 4206.35 4205.86 4206.79 4207.69 4208.8 4209.87 4210.88 4214.52 4210.32 4206.6 4203.88 4200.77 4196.64
4305.49 4307.17 4309.94 4309.6 4296.23 4296.38 4306.44 4308.49 4315.78 4324.91 4330.03 4330.26 4323.89 4316.14 4306.97 4296.72 4286.87 4278.24 4272.36 4267.86 4263.78 4260.49 4259.02 4258.12 4257.2 4255.07 4253.29 4250.22 4247.1 4244.36 4240.63 4236.79 4232.71 4228.66 4224.85 4221.34 4218.11 4217.18 4218.81 4221.5 4224.55 4223.58 4219.39 4217 4216.34 4216.55 4216.68 4217.15 4213.31 4211.66 4209.89 4208.35 4206.92 4205.62 4204.72 4205.14 4205.22 4206.18 4207.59 4208.72 4208.66 4204.46 4206.67 4204.92 4202.57 4200.65 4199.44
4303.65 4306.46 4308.93 4311 4306.89 4304.14 4315.04 4315.94 4319.35 4321.33 4322.29 4321.71 4318.1 4312.36 4304.81 4295.36 4285.27 4277.67 4270.92 4265.86 4261.92 4258.89 4257.65 4256.3 4254.61 4253.05 4251.69 4249.25 4246.32 4241.92 4238.28 4234.81 4230.82 4226.92 4223.66 4221.39 4220.5 4220.79 4221.15 4223.26 4228.04 4225.44 4221.27 4218.45 4216.88 4216.25 4213.69 4205.72 4208.78 4209.35 4208.57 4207 4205.72 4204.24 4202.31 4201.14 4203.48 4205.12 4206.69 4208.15 4208.98 4209.62 4206.08 4203.47 4200.84 4199.22 4199.78
4303.38 4305.17 4303.07 4307.59 4315.1 4311.75 4313.24 4318.59 4320.42 4318.38 4315.49 4314.3 4312.97 4309.56 4304.34 4296.93 4286.9 4278.83 4270.17 4261.35 4258.34 4257.38 4257.35 4256.18 4254.16 4252.86 4250.3 4247.37 4244.05 4241.93 4237.9 4234.24 4229.11 4225.15 4221.53 4219.74 4220.84 4222.77 4219.82 4219.78 4220.7 4221.92 4220.39 4218.18 4216.2 4214.83 4214.12 4211.18 4208.69 4208.01 4207.36 4206.23 4205.02 4203.85 4202.47 4201.53 4202.83 4204.04 4205.67 4207.38 4209.11 4209.28 4205.62 4201.86 4198.4 4195.43 4193.75
4302.51 4306.73 4309.28 4302.82 4307.77 4311.04 4316.18 4316.79 4316.89 4316.92 4312.06 4310.46 4309.65 4307.83 4305.25 4302.06 4294.97 4282.51 4271.13 4262.78 4258.11 4256.73 4257.52 4259.05 4257.59 4253.57 4249.63 4246.35 4243.57 4239.86 4236.12 4232.75 4228.44 4224.06 4219.97 4215.8 4213.78 4213.09 4212.95 4215 4215.56 4218.53 4218.85 4217.07 4214.34 4211.35 4208.68 4212.02 4210.15 4208.34 4206.88 4205.51 4204.55 4203.87 4204.47 4204.06 4202.79 4203.13 4204.25 4206.11 4207.53 4206.97 4203.6 4199.41 4195.35 4191.27 4187.04
4297.9 4306.04 4315.46 4311.21 4306.24 4306.93 4308.17 4318.26 4324.8 4318.96 4312 4309.02 4307.1 4305.66 4304.54 4303.81 4297.98 4283.69 4270.55 4261.59 4257.38 4256.2 4256.69 4257.39 4256.51 4253.44 4249.64 4246.26 4242.27 4238.4 4234.01 4230.82 4226.39 4221.74 4217.53 4211.93 4204.84 4197.76 4205.55 4214.39 4219.54 4219.82 4218.85 4216.55 4213.25 4209.37 4206.48 4210.45 4209.69 4208.22 4206.54 4204.96 4203.77 4202.74 4201.67 4201.61 4201.39 4201.61 4202.36 4203.8 4205.6 4204.5 4200.79 4196.64 4192.72 4189.13 4186.37
4291.3 4299.73 4307.48 4300.14 4295.08 4303.39 4312.65 4316.32 4317.93 4315.77 4314.71 4306.72 4303.33 4301.87 4300.89 4298.71 4292.41 4281.13 4268.62 4258.43 4256.55 4256.39 4255.8 4254.19 4253.97 4252.3 4248.95 4245.89 4242.44 4238.65 4234.78 4230.49 4226.02 4221.55 4216.73 4210.63 4203.98 4199.56 4207.14 4217.18 4222.91 4222.35 4220.09 4217.2 4213.79 4210.39 4208.13 4209.77 4209.44 4208.25 4206.72 4204.84 4202.91 4201.25 4200.49 4199.55 4199.4 4199.57 4199.55 4199.61 4201.77 4200.47 4196.74 4193.63 4190.36 4187.27 4185.83
4284.93 4290.95 4293.75 4295.34 4297.05 4300.68 4305.92 4309.57 4312.35 4305.2 4297.01 4297.53 4296.85 4296.04 4295.26 4294.14 4287.22 4277.42 4268.38 4261.37 4257.44 4257.02 4256.66 4256.46 4254.56 4252.01 4249.03 4245.8 4242.3 4238.69 4234.78 4230.93 4226.95 4222.44 4217.94 4213.23 4209.18 4208.97 4212.82 4221.66 4226.26 4224.38 4221.91 4218.65 4215.37 4212.65 4211.98 4209.81 4209.15 4208.38 4206.71 4204.93 4202.45 4199.56 4197.01 4196.93 4197.41 4197.34 4196.51 4194.27 4188.61 4190.89 4192.11 4190.88 4188.63 4185.32 4183.02
4281.06 4284.95 4284.38 4286.35 4297.23 4297.78 4295.88 4299.22 4301.68 4295.22 4290.1 4290 4290.34 4289.77 4288.05 4285.07 4280.13 4272.42 4264.96 4260.54 4257.65 4257.39 4257.59 4258.03 4255.77 4252.43 4249.16 4245.83 4242.58 4239.42 4235.73 4231.84 4228.06 4224.18 4220.72 4217.43 4214.53 4212.18 4215.25 4220.12 4223.92 4224.56 4222.86 4220.21 4217.14 4213.57 4208.21 4209.36 4210.19 4209.48 4208.06 4205.9 4203.1 4199.13 4193.62 4195.71 4196.88 4196.81 4195.76 4193.41 4189.46 4189.39 4189.92 4189.4 4188.51 4187.34 4185.54
4284 4284.6 4285.07 4290.17 4292.84 4296.75 4299.53 4298.05 4289.77 4287.04 4285.62 4284.65 4284.62 4284.12 4281.89 4276.75 4273.21 4267.87 4261.21 4257.32 4257.17 4257.64 4258.22 4256.68 4256.01 4253.14 4250.15 4247.01 4243.25 4240.09 4236.65 4233.1 4229.84 4227.08 4224.52 4222.51 4221.6 4222.67 4225.48 4227.22 4226.39 4225.4 4223.63 4221.29 4218.91 4216.17 4213.37 4213.39 4212.64 4210.93 4208.99 4207.07 4205.22 4202.88 4199.69 4198.7 4198.05 4197.24 4196.43 4195.89 4196.35 4191.93 4189.77 4188.51 4188.13 4190.06 4189.05
4288.85 4286.46 4285.75 4287.53 4293.84 4296.25 4298.43 4296.09 4289.57 4282.31 4279.41 4279.38 4279.75 4279.83 4279.45 4277.84 4271.45 4265.19 4261.16 4258.23 4257.21 4258.1 4260.49 4262.37 4257.11 4253.8 4250.92 4247.93 4244.74 4241.21 4238.26 4235.23 4231.92 4229.28 4227.76 4227.16 4228.09 4231.9 4233.62 4230.83 4229.1 4226.65 4224.32 4222.22 4220.64 4220.46 4221.56 4219.64 4214.96 4211.77 4209.52 4207.93 4207.17 4207.79 4208.05 4202.74 4199.7 4197.99 4196.97 4196.54 4195.75 4192.52 4189.53 4187.09 4185.17 4184.3 4184.18
4291.68 4287.04 4283.13 4284.61 4290.59 4293.71 4295.43 4293.78 4289.88 4279.86 4275.38 4275.65 4276.22 4276.84 4276.62 4275.08 4270.73 4264.06 4255.38 4256.34 4257.95 4258.36 4256.12 4255.2 4256.15 4253.79 4251.06 4248.23 4245.4 4242.85 4239.71 4236.98 4234.47 4232.34 4230.88 4230.34 4230.98 4232.39 4232.64 4233.48 4229.37 4226.33 4223.84 4221.68 4220.11 4218.88 4216.99 4218.96 4213.8 4210.75 4208.77 4207.74 4207.21 4207.52 4206.99 4203.31 4200.19 4198 4196.43 4195.51 4194.35 4191.43 4188.54 4185.8 4182.33 4176.76 4178.29
4294.39 4287.46 4281.26 4283.49 4283.55 4291.45 4295.84 4297.13 4290.78 4284.49 4276.03 4272.63 4272.72 4274.19 4275.24 4274.16 4271.67 4267.73 4263.65 4261.58 4261.11 4260.94 4260.97 4258.9 4256.61 4254.42 4251.65 4248.59 4245.59 4242.57 4239.62 4237.33 4235.08 4233.66 4232.57 4232.03 4232.05 4232.32 4231.49 4227.76 4227.27 4225.32 4223.26 4220.88 4218.34 4214.48 4209.55 4207.68 4208.68 4208.13 4207.21 4206.26 4205.46 4203.95 4202.57 4201.4 4199.13 4196.84 4194.91 4193.25 4191.8 4189.54 4187.33 4185.24 4183.89 4183.27 4180.6
4295.41 4288.37 4281.16 4284.76 4290.19 4291.68 4294.27 4294.22 4287.01 4278.31 4268.81 4267.47 4268.95 4271.54 4276.04 4276.99 4273.83 4272.11 4270.69 4267.41 4265.21 4264.04 4262.6 4261 4257.96 4254.93 4251.88 4248.65 4245.59 4242.49 4240.27 4237.65 4235.53 4233.34 4232.3 4231.73 4231.93 4231.92 4229.82 4226.41 4225.75 4224.36 4222.4 4219.91 4216.99 4213.38 4208.73 4206.8 4206.42 4206.04 4205.56 4204.92 4204.27 4203.04 4201.49 4199.83 4197.74 4195.5 4193.04 4190.24 4188.76 4187.78 4186.24 4184.43 4182.87 4183.9 4181.89
4297.74 4289.27 4281.67 4279.6 4291 4290.15 4288.87 4286.48 4271.96 4256.06 4258.26 4261.8 4265.38 4267.99 4267.33 4270.99 4273.8 4274.98 4274.21 4271.14 4268.7 4267.18 4262.98 4261.89 4258.8 4255.39 4251.92 4248.55 4245.78 4242.84 4239.65 4237.26 4235.74 4233.93 4232.65 4231.63 4231.49 4231.12 4231.4 4228.5 4225.46 4223.59 4221.59 4219.14 4216.1 4212.66 4209.26 4207.82 4205.74 4204.45 4204.11 4203.8 4203.3 4203.67 4201.44 4198.92 4196.7 4194.47 4192.06 4189.11 4187.81 4187.04 4185.89 4184.13 4180.81 4177.13 4180.21
4290.45 4285.7 4281.06 4282.02 4288.6 4287.76 4282.06 4269.56 4264.61 4253.16 4253.99 4258.84 4263.86 4268.29 4271.55 4272.07 4273.92 4274.61 4274.7 4271.99 4270.34 4270.88 4272.58 4265.35 4259.83 4255.57 4251.98 4248.28 4245.57 4242.77 4240.8 4238.44 4235.95 4233.68 4232.12 4231.03 4229.82 4228.61 4226.25 4225.4 4223.84 4222.55 4221.09 4218.68 4215.47 4212.62 4210.93 4206.23 4203.14 4203.27 4203.38 4203.1 4202.17 4199.2 4199.39 4198.07 4196.06 4193.86 4191.91 4190.6 4188.6 4187.32 4186.47 4185.7 4185.48 4184.66 4183.04
4277.96 4280.56 4283.49 4287.36 4290.2 4287.77 4280.43 4273.76 4270.95 4263.02 4256.94 4258.86 4264.08 4270.45 4275.58 4276.29 4274.65 4272.41 4270.9 4270.24 4268.96 4268.68 4271.01 4263.93 4258.85 4254.78 4251.28 4248.61 4245.41 4242.68 4239.68 4237.36 4235.24 4233.39 4231.63 4229.99 4228.29 4226.23 4223.02 4221.26 4221.94 4221.99 4221.17 4220.27 4218.95 4224.95 4216.51 4208.1 4203.31 4203.82 4204.17 4203.55 4202.39 4203.16 4199.74 4197.94 4196.01 4193.62 4191.2 4191.06 4188.62 4187.9 4187.67 4187.46 4186.46 4186.49 4185.57
4277.6 4278.55 4281.08 4285.34 4288.95 4285.26 4279.12 4275.5 4277.11 4268.29 4258.19 4258.77 4264.06 4271.45 4278.18 4276.71 4274.53 4272.87 4270.65 4268.26 4265.7 4260.61 4254.87 4257.63 4255.82 4252.95 4249.99 4246.78 4244.67 4242.27 4239.41 4237.12 4234.84 4232.6 4230.62 4228.98 4227.17 4225.08 4221.96 4219.96 4220.74 4221.06 4221.42 4222.41 4224.26 4224.74 4220.06 4212.1 4205.58 4207.56 4206.84 4205.17 4202.37 4198.62 4199.76 4198.85 4197.02 4194.1 4189.86 4185.65 4187.82 4188.69 4189.07 4189.85 4190.78 4188.89 4187.43
4269.69 4280.69 4276.88 4278.63 4280.45 4277.88 4273.89 4273.93 4278.69 4265.22 4254.42 4257.26 4262.35 4268.72 4274.42 4274.35 4272.6 4270.01 4268.5 4266.48 4264.1 4260.44 4256.26 4254.94 4252.89 4250.41 4247.79 4244.87 4242.2 4239.73 4237.81 4235.62 4233.33 4231.77 4229.65 4227.87 4226.48 4225.14 4225.73 4222.42 4221.44 4220.96 4221.26 4222.34 4225.09 4224.27 4221.78 4219.34 4220.6 4213.81 4210.42 4208.23 4205.97 4202.08 4202.34 4201.21 4199.38 4196.85 4193.11 4189.4 4190.4 4190.57 4190.27 4190.7 4193.35 4191.67 4188.64
4277.55 4281.81 4277.77 4273.74 4275.01 4268.39 4264.1 4264.17 4267.7 4260.85 4254.46 4257.8 4260.25 4262.93 4266.47 4269.38 4270.75 4269.7 4267.55 4264.84 4262.71 4263.02 4260.1 4253.8 4250.97 4248.71 4246.55 4244.25 4241.54 4239.18 4237.06 4235.57 4233.86 4231.52 4228.93 4226.8 4225.23 4223.38 4222.71 4223.92 4222.23 4220.68 4219.55 4219.13 4220.65 4222.81 4221.21 4220.36 4219.97 4215.59 4212.29 4210.83 4211.28 4212.1 4206.74 4204.32 4202.72 4201.39 4200.24 4198.72 4195.76 4193.79 4191.5 4188.62 4186.2 4187.33 4188.08
4288.14 4285.8 4271.93 4267.11 4261.51 4248.8 4253.95 4258.12 4261.83 4265.74 4264.5 4261.56 4259.38 4257.02 4259.04 4265.24 4269.41 4271.47 4267.04 4262.57 4259.1 4252.93 4251.86 4250.73 4248.57 4246.63 4245.29 4243.56 4240.98 4239.52 4237.49 4235.96 4233.19 4231.24 4228.91 4226.4 4223.7 4221.06 4220.95 4224.14 4221.77 4219.57 4217.62 4214.87 4213.14 4218.17 4217.63 4216.67 4214.98 4212.88 4211.25 4211.12 4211.23 4209.6 4208.53 4206.59 4205.64 4205.52 4205.2 4203.61 4201.05 4198.14 4194.53 4188.97 4183.11 4186.31 4188.81
4287.3 4288.74 4271.25 4262.81 4254.24 4243.66 4252.19 4261.18 4268.85 4271.16 4270.35 4264.55 4260.93 4257.45 4258.89 4264.37 4266.64 4266.13 4263.87 4259.12 4255.49 4255.23 4249.92 4247.28 4245.89 4244.76 4243.78 4242.9 4241.35 4239.51 4237.71 4235.67 4233.24 4230.94 4228.48 4225.85 4223.12 4220.18 4219.1 4220.73 4219.74 4218.41 4216.55 4213.99 4210.55 4212.35 4213.02 4211.8 4210.17 4208.17 4207.77 4208.78 4212.9 4212.6 4208.47 4207.04 4206.89 4207.98 4210.64 4208.76 4205.53 4203.14 4200.53 4196.51 4191.54 4192.16 4192.47
4283.95 4284.35 4275.01 4263.24 4253.32 4250.37 4257.87 4268.3 4275.42 4271.11 4266.15 4265.3 4264.61 4263.81 4264.53 4267.56 4270.4 4267.5 4262.12 4255.1 4248.02 4246.51 4243.39 4243.11 4243.59 4243.46 4242.73 4242.02 4240.9 4239.4 4237.61 4235.79 4233.52 4231.15 4228.54 4225.72 4222.93 4221.6 4219.54 4216.83 4217.01 4217 4216.87 4216.24 4211.85 4210.71 4210.41 4207.77 4203.12 4201.65 4203.74 4204.01 4201.94 4203.8 4205.42 4205.64 4206.11 4207.22 4208.46 4208.77 4208.13 4207.78 4208.01 4208.87 4207.19 4201.92 4198.25
4279.74 4281.52 4276.74 4265.14 4255.18 4249.39 4265.02 4275 4276.44 4271.48 4266.03 4266.7 4268.91 4270.62 4268.85 4268.98 4273.54 4271.73 4260.94 4251.51 4239.3 4224.57 4235.11 4239.96 4241.65 4241.98 4241.6 4240.97 4239.73 4238.53 4236.83 4234.72 4232.88 4231.31 4228.88 4225.95 4222.56 4219.47 4217.46 4216.21 4215.51 4215.86 4217.14 4218.85 4219.03 4213.91 4210.54 4206.96 4202.42 4200.92 4203.06 4202.84 4200.16 4201.51 4203.26 4203.5 4203.8 4204.88 4205.66 4207.4 4208.79 4210.75 4213.48 4216.87 4215.98 4209.1 4203.27
4276.79 4273.43 4273.91 4267.61 4261.51 4260.39 4275.54 4279.18 4278.99 4273.8 4268.32 4269.36 4271.4 4273.12 4267.09 4262.53 4261.88 4260.63 4256.55 4252.01 4244.33 4232.62 4238.9 4241.25 4241.93 4241.59 4240.79 4240.45 4239.15 4237.97 4236.47 4235 4233.47 4231.44 4229.16 4226.77 4223.03 4217.1 4215.42 4214.5 4212.8 4213.21 4216.01 4219.87 4219.32 4216.08 4211.4 4207.81 4207.18 4208.62 4204.46 4204.95 4207.2 4204.63 4202.87 4201.6 4200.58 4200.79 4204.52 4204.95 4207.93 4211.65 4215.53 4218.77 4217.75 4212.5 4206.65
4278.09 4277.1 4274.06 4270.96 4269.06 4274.37 4275.23 4276.87 4277.91 4277.62 4276.95 4272.76 4268.55 4266.24 4258.26 4250.51 4244.62 4247.31 4251.33 4254.74 4261 4263.83 4250.63 4246.08 4244.03 4242.56 4241.55 4239.88 4238.54 4237.22 4235.27 4234.16 4233.09 4230.83 4229.02 4227.41 4225.37 4225.52 4215.92 4208.85 4206.32 4208.66 4212.35 4216.81 4222.32 4215.89 4210.73 4206.56 4203.2 4200.03 4202.22 4205.39 4207.19 4205.46 4202.55 4199.79 4197.13 4194.07 4193.37 4200.38 4206.04 4211.05 4215.45 4218.71 4217.73 4213.56 4208.34
4280.59 4279.57 4276 4273.18 4272.05 4270.97 4270.81 4272 4276.49 4279.29 4277.59 4268.61 4258.03 4251.56 4246.69 4240.77 4234.36 4240.23 4247.99 4253.92 4258.91 4260.23 4254.32 4249.07 4246.04 4243.71 4242.24 4239.95 4238.85 4237.29 4235.37 4233.09 4231.68 4230.2 4228.92 4226.93 4224.71 4221.54 4213.23 4203.74 4200.31 4204.26 4208.24 4211.35 4213.33 4212.11 4208.64 4204.61 4199.6 4194.96 4199.04 4204.6 4208.41 4204.83 4201.52 4198.62 4195.71 4192.52 4192.74 4198.83 4204.96 4210.04 4214.24 4216.69 4216.42 4213.51 4209.43
