real_craters/C156-300m.grd
DSAA
361 361
-53.935 53.935
-53.935 53.935
2859.131885697 5127.167024891
[rows 0 to 29 of 361, columns 134 to 200 of 361]
4249.27 4249.23 4249.15 4248.8 4249.5 4250.75 4252.57 4255.31 4257.39 4258.63 4258.88 4259.91 4263.02 4267.52 4268.91 4268.88 4268.89 4267.03 4265.56 4265.42 4267.09 4268.95 4270.42 4271.74 4272.53 4272.75 4272.25 4270.81 4269.38 4270.22 4279.35 4286.49 4291.09 4295.66 4297.55 4297.81 4296.34 4293.4 4290.21 4286.97 4283.8 4280.9 4277.94 4275.39 4273.13 4272.31 4271.49 4269.69 4267.87 4266.32 4264.61 4263.28 4262.75 4261.75 4260.41 4259.07 4257.97 4256.81 4255.65 4253.94 4250.05 4248.04 4247.39 4247.2 4246.94 4246.71 4246.17
4248.13 4248.69 4248.9 4249.48 4250.33 4251.69 4254.23 4256.8 4258.82 4260.31 4260.56 4261.43 4263.03 4263.13 4267.25 4268.54 4268.45 4268.39 4268.28 4268.21 4269.56 4271.45 4273.51 4275.49 4277.08 4278.18 4278.31 4276.86 4272.86 4277.04 4290 4297.94 4303.15 4304.48 4305 4304.39 4302.4 4298.03 4293.62 4289.67 4286.03 4282.7 4279.51 4276.82 4274.07 4273.17 4272.27 4270.04 4267.66 4265.16 4262.99 4261.88 4261.52 4261.16 4260.47 4259.64 4258.72 4258.13 4257.84 4257.46 4249.12 4245.9 4245.61 4245.25 4244.97 4244.66 4243.89
4248.61 4248.8 4249.18 4249.97 4250.89 4252.98 4256.57 4258.78 4261.32 4263.4 4265.06 4266.28 4267.84 4271.14 4268.55 4266.46 4268.3 4272.22 4271.78 4271.39 4272.56 4274.62 4277.34 4280.28 4282.93 4285.59 4287.83 4289.41 4290.96 4301.74 4309.06 4312.68 4313.28 4314.09 4312.63 4310.26 4306.83 4301.52 4296.64 4292.3 4288.19 4284.53 4281.11 4278.07 4275.98 4275.01 4272.36 4269.79 4267.36 4264.68 4261.23 4260.21 4260.87 4260.91 4260.47 4259.77 4259.2 4258.84 4258.67 4257.96 4252.64 4246.56 4244.71 4244.13 4243.68 4243.38 4242.54
4248.98 4249.24 4249.8 4251.12 4251.94 4253.46 4257.02 4260.11 4263.39 4266.99 4270.64 4271.64 4272.4 4274.17 4268.11 4266 4270.13 4274.44 4273.01 4272.97 4275.16 4278.05 4281.63 4285.03 4289.13 4293.74 4298.9 4305.42 4314.56 4329.53 4329.45 4328.57 4327.35 4324.38 4319.59 4314.16 4308.29 4303.51 4298.97 4294.56 4290.25 4286.14 4282.3 4278.93 4275.7 4273.03 4270.77 4269.33 4267.65 4265.74 4263.82 4262.35 4262 4261.58 4260.93 4260.01 4259.23 4258.55 4257.98 4257.85 4251.8 4245.6 4243.71 4242.86 4242.29 4241.77 4241.04
4249.31 4249.84 4250.71 4251.92 4252.32 4254.13 4257.48 4261.07 4265.16 4269.1 4272.63 4273.18 4272.25 4268.23 4265.43 4266.46 4268.37 4272.19 4272.95 4274.59 4277.96 4281.64 4285.51 4290.1 4295.22 4301.38 4308.97 4318.78 4332.54 4343.7 4342.85 4340.53 4339.77 4333.02 4325.06 4317.49 4310.44 4305.3 4300.75 4296.29 4291.99 4287.64 4283.52 4279.5 4275.31 4271.44 4269.91 4269.18 4268.41 4267.7 4266.5 4265.24 4263.76 4262.46 4261.24 4259.99 4258.72 4257.33 4255.62 4252.66 4248.36 4244.59 4243 4242.39 4241.66 4241.11 4240.61
4248.71 4251.15 4251.94 4252.43 4253.3 4254.16 4257.17 4261.51 4266.21 4270.46 4273 4273.33 4269.37 4264.18 4266.14 4267.32 4269.04 4273.36 4275.04 4277.47 4280.87 4284.87 4289.29 4294.21 4300.05 4306.87 4315.08 4325.09 4336.26 4346.54 4346.86 4344.6 4341.83 4336.02 4327.93 4319.8 4312.6 4306.71 4302.12 4297.83 4293.49 4289.07 4284.84 4280.45 4276.09 4272.23 4270.48 4269.51 4269.59 4269.93 4270.21 4267.96 4265.56 4263.57 4261.83 4260.13 4258.27 4256.12 4253.44 4249.93 4247.09 4244.73 4242.84 4241.74 4240.98 4240.45 4239.99
4254.76 4254.34 4255.04 4254.3 4253.76 4253.13 4256.29 4261.66 4267.02 4271.97 4275.53 4275.94 4276.11 4275.84 4271.96 4272.26 4272.47 4272.16 4277.41 4280.36 4283.75 4287.73 4292.35 4297.44 4302.97 4309.98 4317.85 4326.49 4334.54 4339.71 4342.83 4342.5 4340.73 4335.7 4327.95 4320.12 4312.59 4307.09 4303.29 4299.43 4295.53 4291.07 4286.85 4282.48 4277.72 4273.15 4269.73 4269.84 4270.54 4271.15 4271.38 4269.31 4266.75 4264.42 4262.46 4260.22 4257.84 4255.34 4252.69 4249.34 4246.88 4244.96 4242.45 4241.58 4240.91 4240.33 4239.68
4254.92 4254.09 4253.33 4253.48 4254.1 4251.56 4256.06 4262.19 4268.02 4272.71 4275.93 4276.77 4278.23 4274.73 4275.22 4275.49 4273.73 4274.15 4278.26 4282.04 4285.87 4289.75 4294.58 4300 4305.89 4311.98 4318.79 4325.56 4332.5 4337.57 4338.01 4337.12 4335.33 4331.59 4326.03 4319.39 4312.9 4308.04 4304.53 4300.96 4297.27 4293.43 4289.63 4285.52 4281.03 4275.72 4271.55 4271.9 4271.73 4271.46 4270.98 4269.2 4267.13 4264.93 4262.61 4260.2 4257.77 4254.85 4252.09 4250.53 4245.64 4241.54 4242.13 4241.81 4241.2 4240.51 4239.81
4250.14 4250.98 4252.56 4252.82 4251.15 4252.72 4257.53 4263.5 4269.31 4273.73 4275.71 4275.47 4272.37 4272.26 4273.2 4273.8 4273.63 4275.04 4279.98 4283.23 4286.89 4291.01 4295.67 4300.96 4306.4 4311.73 4317.58 4323.08 4328.36 4333.63 4330.72 4329.05 4329.09 4328 4322.74 4317.76 4313.26 4309.25 4305.78 4302.54 4299.3 4295.92 4292.62 4289.29 4286.09 4284.01 4282 4276.65 4273.14 4271.14 4269.69 4268.74 4267.38 4265.72 4263.6 4261.11 4258.04 4254.64 4250.82 4246.94 4245.93 4244.44 4243.72 4242.89 4241.91 4241.12 4240.48
4251.72 4251.4 4253.25 4253.09 4252.5 4255.5 4259.24 4265.07 4271.32 4276.49 4277.86 4275.99 4274.31 4273.4 4273.8 4274.16 4274.67 4275.75 4280.05 4283.4 4287.12 4291.48 4296.15 4301.27 4306.25 4310.96 4315.64 4319.37 4321.5 4318.73 4317.04 4318.45 4320.06 4320.06 4317.47 4314.71 4312.4 4310.05 4306.6 4303.76 4301 4298.34 4295.62 4292.83 4290.34 4288.51 4283.35 4276.71 4273.89 4271.31 4269.56 4269.01 4267.91 4266.45 4264.5 4262.09 4259.15 4255.54 4251.35 4248.79 4247.78 4247.95 4246.08 4244.45 4243.27 4242.27 4241.43
4255.18 4253.26 4254.75 4254.03 4252.35 4254.3 4259.84 4266.24 4273.09 4279.33 4279.93 4276.46 4275.02 4274.22 4273.05 4274.26 4274.84 4273.97 4278.65 4282.89 4286.94 4291.12 4295.94 4300.68 4305.52 4309.76 4313.74 4316.4 4316.99 4315.01 4307.4 4309.81 4311.18 4310.69 4311.26 4310.73 4309.83 4308.25 4306.55 4304.53 4302.43 4300.31 4298.08 4295.64 4293.01 4289.15 4282.59 4277.48 4275.16 4273.27 4271.61 4270.41 4269.31 4268.04 4266.34 4264.19 4261.58 4258.07 4253.21 4249.96 4250.16 4249.37 4247.8 4245.5 4243.92 4242.94 4242.33
4258.59 4256.25 4255.78 4254.41 4252.55 4254.2 4260.17 4267 4273.85 4279.16 4280.12 4277.32 4278.05 4277.44 4276.95 4276.49 4276.66 4274.89 4277.93 4282.07 4286.69 4291.35 4296.27 4300.96 4305.27 4308.82 4312.29 4314.2 4314.5 4312.06 4308.08 4305.75 4305.53 4305.53 4306.28 4307.01 4307.23 4306.93 4306.63 4305.54 4304.05 4302.35 4300.31 4298.36 4295.91 4292.37 4286.62 4281.13 4276.97 4275.07 4273.58 4272.24 4271.17 4269.85 4268.39 4266.39 4264.53 4262.6 4260.45 4256.75 4253.33 4251.6 4248.32 4245.72 4244.32 4243.21 4242.55
4259.39 4255.67 4255.4 4256.66 4254.58 4255.29 4260.74 4267.42 4274.35 4279.91 4280.68 4279.88 4281.65 4280.43 4279.26 4278.22 4277.98 4276.01 4278.1 4281.94 4286.34 4291.09 4295.39 4299.98 4304.48 4308.7 4311.57 4313.79 4314.41 4312.79 4307.1 4303.59 4302.56 4301.81 4302.59 4304.1 4305.83 4307.23 4307.5 4306.71 4305.56 4304.24 4302.68 4301.02 4299.21 4297.36 4294.19 4283.7 4277.6 4274.87 4274.59 4274.27 4273.26 4271.85 4270.61 4269.2 4267.76 4266.69 4267.02 4262.09 4255.4 4248.66 4245.12 4245.43 4244.69 4243.97 4243.21
4259.05 4257.59 4256.13 4259.53 4257.17 4258.01 4261.47 4267.36 4273.76 4279.39 4280.78 4279.9 4278.59 4280.13 4278.32 4277.14 4275.29 4274.04 4277.21 4281.53 4285.92 4291 4295.71 4300.19 4304.18 4308.2 4311.57 4314.08 4315.82 4316.82 4311.2 4304.68 4301.89 4300 4299.77 4301.87 4304.98 4308.45 4308.65 4307.94 4307.29 4305.89 4304.45 4302.77 4301.18 4299.52 4295.12 4279.14 4277.96 4277.97 4277.11 4276.59 4275.79 4274.84 4273.53 4272.13 4270.55 4268.51 4265.49 4262.33 4257.39 4251.99 4248.61 4247.36 4245.81 4244.59 4243.5
4253.52 4255.13 4258.1 4260.64 4258.73 4256.87 4261.7 4266.99 4272.17 4276.64 4279.65 4280.16 4277.77 4276.29 4275.96 4276.04 4275.26 4273.9 4276.88 4281.14 4286.26 4290.82 4296.15 4300.64 4304.48 4307.91 4311.51 4314.53 4317.18 4319.36 4317.75 4309.83 4303.35 4297.57 4296.65 4300.48 4304 4305.47 4307.37 4308.86 4308.64 4307.49 4305.96 4304.02 4301.97 4299.54 4295.62 4284.62 4280.78 4279.68 4280.53 4280.13 4279.13 4277.89 4276.4 4274.88 4272.97 4270.71 4266.04 4263.65 4259.81 4256.64 4254.98 4249.59 4247.2 4245.63 4244.32
4259.3 4255.73 4257.89 4261.31 4264.53 4261.25 4263.02 4266.66 4270.74 4275 4279.24 4280.86 4270.95 4269.85 4273.18 4273.98 4274.76 4274.59 4278.08 4281.95 4286.6 4291.64 4295.48 4299.65 4303.51 4307.46 4310.85 4314.05 4316.55 4318.47 4319.22 4314.62 4305.88 4298.87 4297.11 4301.57 4305.41 4307.96 4310.54 4311.27 4310.58 4309.1 4307.33 4305.09 4302.21 4298.55 4293.03 4287.49 4286.32 4286.88 4285.58 4284.39 4282.77 4280.75 4278.75 4276.97 4275.33 4273.99 4273.04 4266.88 4261.65 4256.55 4251.03 4249.85 4248.46 4246.94 4245.25
4262.38 4263.04 4262.81 4263.86 4266.4 4264.53 4264.42 4267.02 4270.07 4273.63 4278.12 4280.69 4271.5 4268.11 4269.74 4268.22 4270.77 4275.87 4280.17 4283.6 4287.86 4292.25 4296.46 4300.44 4305.11 4308.42 4311.34 4313.56 4315.09 4315.85 4315.3 4313.81 4307.48 4303.33 4303.05 4304.87 4308.73 4313.3 4315.61 4314.14 4312.33 4310.24 4308.06 4305.67 4302.84 4299.03 4293.27 4289.83 4290.63 4291.95 4290.95 4288.49 4285.91 4283.38 4280.91 4278.76 4276.88 4275.07 4272.29 4268.31 4263.35 4257.76 4252.93 4250.97 4250.2 4248.5 4246.36
4264.82 4262.94 4264.26 4266.16 4266.09 4263.33 4264.19 4267.49 4271.6 4274.78 4276.1 4273.75 4270.62 4266.34 4265.73 4266.38 4271.36 4277.97 4281.11 4284.86 4289.33 4293.57 4297.61 4301.33 4304.51 4307.49 4309.77 4312.57 4313.72 4313.12 4310.86 4310.13 4306.38 4304.88 4305.24 4307.34 4310.84 4314.8 4316.64 4315.45 4313.16 4310.76 4308.32 4306.1 4304.08 4301.65 4299.14 4295.96 4296.52 4298.64 4295.64 4291.89 4288.27 4285.03 4282.4 4279.98 4277.48 4274.95 4272.56 4269.27 4265.69 4261.45 4255.32 4255.96 4253.82 4250.93 4247.95
4259.36 4259.62 4261.86 4265.53 4264.45 4262.33 4263.88 4267.9 4272.31 4276.07 4278.05 4277.61 4272.38 4268.76 4267.5 4268.54 4272.14 4276.61 4280.62 4286.05 4291.17 4295.52 4299.26 4302.93 4305.86 4308.35 4310.41 4312.03 4312.96 4312.19 4309.68 4304.42 4304.27 4304.75 4306.06 4308.21 4311.19 4315.13 4318.26 4315.53 4312.81 4310.62 4308.61 4306.8 4305.39 4304 4303.33 4301.61 4301.73 4303.9 4298.92 4294.18 4289.96 4286.21 4283.24 4280.47 4277.94 4274.66 4271.63 4270.49 4268.37 4267.01 4269.48 4263.89 4257.69 4253.45 4249.66
4257.73 4257.9 4262.64 4264.12 4262.97 4263.11 4264.94 4268.26 4272.33 4276.37 4280.25 4279.48 4273.13 4270.5 4270.48 4274.27 4278.09 4280.63 4283.04 4289.1 4294.08 4298.89 4302.39 4305.43 4307.97 4309.96 4311.19 4312.35 4312.47 4312.08 4312.36 4307.29 4303.26 4304.01 4306.8 4306.97 4309.57 4312.74 4314.19 4313.26 4311.41 4309.77 4307.85 4306.59 4305.93 4305.22 4304.71 4303.29 4302.41 4303.08 4299.24 4294.46 4290.28 4286.38 4283.01 4280.3 4278.47 4277.85 4275.19 4272.07 4270.15 4268.57 4266.07 4262.72 4259.75 4255.79 4251.57
4258.8 4258.46 4261.46 4263.02 4262.72 4264.25 4266.19 4268.47 4271.68 4276.02 4279.28 4282.48 4275.84 4270.27 4270.97 4274.7 4277.8 4284.57 4290.78 4295.38 4298.84 4302.59 4305.26 4307.63 4309.64 4310.87 4311.65 4312.43 4312.3 4311.61 4309.57 4302.79 4302.78 4303.92 4301.5 4304.02 4307.39 4309.46 4310.56 4309.71 4308.88 4308.31 4307.5 4306.79 4306.02 4305.64 4304.9 4302.65 4300.26 4301.68 4297.62 4293.02 4288.78 4284.72 4281.24 4278.55 4276.73 4276.24 4274.31 4272.22 4271 4269.69 4266.67 4264.45 4262.52 4258.11 4253.26
4261.3 4260.26 4262.87 4263.66 4263.83 4265.34 4266.89 4268.64 4271.02 4275.81 4281.98 4286.4 4278.12 4274 4272.55 4272.87 4282.89 4289.16 4296.62 4300.14 4303.03 4305.94 4308.12 4309.72 4310.93 4312.22 4312.56 4312.85 4313.15 4312.43 4309.97 4306.72 4310.99 4309.79 4306.05 4305.91 4307.39 4307.31 4305.64 4305.9 4306.47 4306.78 4306.58 4306.29 4306.04 4306.46 4305.62 4304.52 4295.08 4298.13 4293.7 4289.46 4285.8 4282.2 4278.64 4275.67 4272.96 4271 4270.47 4270.52 4270.83 4271.59 4273.34 4273.12 4266.19 4259.97 4254.31
4262.43 4263.29 4264.07 4267.03 4266.63 4266.85 4268.05 4269.55 4271.95 4275.71 4278.67 4285.18 4282.43 4279.99 4278.72 4280.03 4285.46 4292.01 4297.64 4303.61 4306.99 4309.22 4310.89 4311.86 4312.64 4313.06 4314.07 4314.47 4314.87 4315.4 4317.71 4323.96 4324.4 4319.44 4315.2 4312.38 4310.01 4307.34 4304.7 4304.3 4305.93 4307.27 4307.92 4308.14 4307.71 4306.42 4304.35 4301.67 4297.28 4292.86 4289.81 4286.67 4283.13 4279.7 4276.15 4272.58 4269.04 4266.49 4266.95 4268.4 4269.91 4271.69 4273.83 4273.42 4266.89 4260.33 4254.38
4260.9 4264.68 4267.46 4267.89 4267.6 4267.93 4268.96 4271.31 4273.81 4277.53 4283.34 4287.8 4285.4 4284.35 4284.55 4284.84 4286 4294.29 4303.95 4309.57 4311.07 4312.85 4313.7 4314 4314.2 4314.15 4314.41 4314.51 4315.74 4317.2 4321 4328.21 4330.62 4326.75 4322.87 4318.85 4313.43 4308.97 4304.88 4303.72 4306.03 4307.84 4308.99 4309.14 4308.68 4307.05 4303.92 4297.8 4291.16 4287.84 4286.5 4283.97 4281.26 4277.93 4274.57 4270.66 4266.54 4263.71 4264.62 4266.5 4268.15 4269.68 4270.57 4269 4264.76 4259.02 4253.22
4261.19 4265.64 4266.17 4265.27 4267.22 4268.89 4271.28 4275 4278.25 4279.79 4280.61 4283.65 4286.98 4287.9 4285.78 4285.15 4287.42 4296.64 4305.62 4311.32 4314.95 4315.76 4316.31 4315.98 4315.38 4314.68 4314.57 4314.66 4315.14 4316.56 4318.88 4322.48 4331.23 4329.34 4325.38 4320.61 4315.92 4311.43 4307.2 4305.76 4308.04 4309.19 4310.02 4310.48 4310.34 4309.31 4307.13 4303.46 4299.16 4290.28 4285.29 4282.12 4279.42 4276.7 4273.55 4269.84 4265.93 4262.88 4263.94 4265.16 4266.26 4267.04 4267.37 4266.12 4262.37 4256.62 4251.16
4259.6 4264.11 4262.58 4264.43 4267.67 4270.23 4272.87 4278.81 4283.55 4284.57 4284.11 4282.55 4284.48 4285.82 4284.8 4286.33 4292.09 4301.22 4309.54 4315.91 4319.91 4320.33 4319.35 4318.17 4316.87 4316.78 4315.77 4314.92 4314.38 4314.4 4315.33 4318.61 4327.38 4328.57 4325.62 4321.98 4317.24 4314.01 4312.48 4312.65 4311.69 4311.79 4311.78 4312.12 4312.47 4312.37 4311.62 4310.86 4305.86 4291.57 4284.05 4280.81 4278.74 4276.94 4274.28 4271.14 4267.9 4265.65 4265.21 4265.08 4264.77 4264.01 4263.73 4264.07 4258.5 4252.95 4248.51
4265.75 4267.09 4264.01 4267.25 4270.03 4272.99 4275.23 4280.47 4286.67 4290.95 4292.56 4284.86 4284.13 4287.95 4287.63 4290.97 4297.75 4308.24 4319.05 4327.73 4325.81 4323.82 4322.06 4321.38 4319.71 4318.02 4316.41 4314.61 4313.24 4312.16 4311.94 4313.63 4324.33 4326.47 4323.29 4319.21 4316.12 4314.67 4314.77 4315.03 4314.03 4313.63 4313.81 4314.18 4314.87 4314.93 4314.58 4313.15 4305.96 4284.69 4282.26 4280.6 4279.11 4277.65 4276.46 4273.88 4270.43 4267.99 4266.81 4265.08 4262.86 4260.41 4257.52 4253.56 4249.93 4247.98 4245.78
4265.58 4267.23 4267.04 4269.77 4273.35 4277.63 4281.77 4284.72 4289.76 4294.98 4294.64 4288.96 4293.84 4298.58 4308.37 4307.07 4309.27 4315.13 4322.34 4327.21 4327.15 4325.8 4324.51 4322.43 4320.28 4318.1 4316.02 4313.97 4312.01 4310.62 4309.78 4310.22 4319.92 4323.15 4319.71 4314.69 4313.15 4313.55 4314.18 4314.58 4314.55 4314.63 4315.04 4315.68 4316.33 4316.78 4315.54 4311.82 4301.15 4287.69 4283.69 4281.93 4280.9 4280.12 4279.34 4278.19 4275.65 4272.46 4269.44 4265.95 4261.87 4257.51 4252.57 4245.76 4243.43 4244.27 4243.95
4267.17 4268.97 4271.05 4271.84 4277.01 4282.58 4289.26 4291.91 4293.55 4299.07 4295.94 4295.05 4298.39 4304.72 4309.93 4316.32 4317.41 4319.62 4323.14 4325.69 4327.53 4326.65 4325.21 4323.09 4320.72 4318.12 4315.62 4313.28 4311.89 4310.04 4309.2 4309.99 4316.12 4320.24 4317.6 4311.16 4311.33 4312.58 4313.33 4313.02 4314.16 4314.55 4315.14 4315.97 4316.92 4317.1 4316.06 4311.49 4297.49 4292.75 4285.88 4283.48 4282.77 4282.77 4282.98 4283.22 4283.07 4278.5 4272.54 4267.01 4261.5 4256.12 4250.83 4246.28 4244.07 4243.36 4243.6
4271.09 4272.97 4273.67 4277.01 4280.98 4285.74 4290.91 4293.42 4295.17 4298.38 4302.5 4303.46 4311.28 4307.56 4308.49 4312.26 4317.49 4321.12 4324.51 4327.7 4327.64 4327.24 4325.86 4323.55 4320.97 4318.55 4315.79 4313.92 4311.76 4309.66 4308.35 4309.51 4315.72 4320.45 4318.4 4315.77 4313.67 4312.06 4312.48 4314.81 4314.37 4313.66 4314.33 4315.62 4316.96 4317.53 4316.26 4310.9 4300.07 4289.24 4286.07 4284.85 4284.79 4285.32 4286.23 4287.15 4286.95 4281.69 4274.86 4268.08 4261.58 4255.32 4249.92 4246.04 4243.91 4242.99 4244.07
