real_craters/C156-750m.grd
DSAA
145 145
-53.935 53.935
-53.935 53.935
2865.8861195751 5097.6160091475
[rows 0 to 37 of 145, columns 0 to 83 of 145]
4256 4262 4269 4268 4252 4248 4247 4246 4242 4246 4249 4251 4254 4256 4259 4256 4259 4261 4263 4266 4269 4273 4275 4276 4280 4282 4283 4281 4280 4278 4276 4274 4274 4274 4278 4281 4280 4279 4282 4288 4294 4299 4303 4306 4306 4297 4282 4274 4267 4269 4268 4261 4254 4249 4249 4249 4253 4258 4260 4269 4269 4265 4269 4272 4272 4268 4286 4297 4296 4289 4281 4274 4271 4267 4263 4261 4258 4255 4248 4247 4246 4246 4245 4239
4252 4260 4270 4277 4252 4246 4247 4249 4245 4245 4248 4250 4253 4255 4256 4257 4257 4259 4262 4266 4271 4275 4276 4274 4279 4279 4283 4284 4283 4283 4282 4280 4271 4275 4296 4290 4285 4283 4283 4288 4294 4299 4304 4307 4306 4297 4283 4276 4275 4273 4271 4261 4254 4248 4249 4251 4257 4264 4269 4272 4270 4272 4276 4284 4293 4309 4321 4318 4308 4296 4285 4277 4272 4266 4261 4261 4259 4258 4246 4243 4242 4241 4238 4233
4241 4248 4264 4271 4250 4246 4247 4252 4245 4245 4246 4251 4254 4254 4254 4254 4254 4257 4260 4264 4270 4276 4277 4277 4280 4280 4284 4285 4287 4287 4286 4283 4274 4279 4286 4290 4287 4285 4285 4292 4297 4302 4306 4308 4307 4299 4292 4280 4271 4273 4266 4261 4255 4250 4251 4253 4257 4268 4273 4265 4269 4276 4285 4297 4315 4341 4345 4332 4313 4300 4289 4278 4270 4270 4268 4263 4258 4252 4245 4241 4240 4238 4234 4241
4251 4254 4259 4258 4248 4250 4250 4250 4249 4247 4246 4249 4253 4255 4256 4256 4253 4256 4258 4259 4268 4277 4280 4280 4282 4281 4283 4288 4289 4289 4289 4288 4279 4280 4284 4289 4290 4288 4287 4293 4298 4302 4305 4306 4304 4298 4289 4279 4270 4263 4263 4262 4257 4253 4252 4252 4257 4271 4276 4274 4273 4281 4291 4303 4318 4334 4333 4327 4313 4303 4295 4286 4277 4272 4269 4264 4258 4250 4243 4242 4240 4239 4238 4240
4259 4259 4257 4251 4246 4253 4262 4262 4252 4244 4246 4249 4252 4256 4260 4258 4256 4261 4261 4262 4270 4279 4284 4284 4291 4286 4288 4289 4289 4288 4287 4288 4286 4284 4291 4290 4292 4293 4293 4297 4301 4304 4306 4306 4303 4296 4286 4277 4269 4266 4267 4263 4261 4259 4253 4253 4260 4276 4276 4274 4275 4281 4291 4303 4314 4316 4310 4311 4310 4306 4300 4294 4283 4274 4270 4267 4262 4250 4249 4245 4242 4241 4242 4233
4266 4263 4258 4252 4247 4249 4261 4265 4255 4245 4248 4250 4252 4255 4258 4257 4260 4262 4264 4267 4273 4279 4281 4279 4281 4281 4291 4291 4291 4290 4288 4285 4307 4300 4291 4292 4298 4301 4303 4302 4304 4306 4308 4310 4309 4299 4288 4278 4268 4263 4268 4265 4263 4262 4256 4259 4261 4278 4280 4280 4277 4280 4291 4302 4311 4315 4303 4301 4305 4308 4305 4301 4295 4277 4275 4273 4269 4265 4250 4246 4243 4242 4241 4236
4257 4262 4260 4255 4248 4242 4254 4264 4258 4248 4243 4246 4251 4254 4256 4256 4257 4261 4266 4271 4275 4278 4280 4281 4277 4281 4284 4289 4289 4290 4293 4297 4298 4309 4307 4308 4309 4309 4310 4305 4306 4308 4310 4309 4308 4306 4297 4283 4269 4264 4264 4265 4263 4260 4256 4264 4263 4273 4281 4272 4275 4280 4292 4302 4311 4318 4315 4296 4305 4311 4309 4304 4293 4287 4284 4280 4275 4270 4257 4249 4245 4241 4237 4236
4270 4266 4262 4258 4255 4248 4241 4256 4256 4253 4246 4246 4250 4252 4254 4255 4257 4261 4268 4274 4275 4276 4281 4285 4278 4281 4287 4287 4288 4290 4296 4304 4306 4316 4327 4335 4320 4313 4308 4307 4307 4309 4311 4314 4314 4312 4304 4288 4273 4271 4268 4266 4264 4262 4262 4267 4264 4275 4273 4265 4272 4283 4295 4304 4311 4313 4305 4305 4311 4317 4311 4306 4302 4305 4293 4284 4278 4271 4265 4258 4249 4240 4235 4237
4274 4266 4261 4259 4255 4252 4242 4240 4248 4253 4254 4252 4252 4253 4254 4256 4256 4255 4264 4270 4274 4275 4278 4280 4279 4279 4280 4284 4285 4287 4288 4292 4303 4309 4319 4325 4319 4311 4304 4300 4305 4308 4312 4315 4315 4315 4304 4288 4277 4274 4272 4268 4263 4261 4258 4262 4266 4274 4282 4270 4278 4294 4303 4309 4312 4312 4303 4303 4307 4310 4308 4306 4305 4303 4293 4283 4277 4273 4270 4264 4253 4243 4236 4236
4251 4257 4258 4257 4253 4249 4247 4238 4242 4248 4248 4256 4254 4254 4255 4255 4256 4257 4259 4264 4272 4278 4277 4274 4278 4276 4279 4282 4282 4281 4281 4286 4294 4294 4308 4316 4312 4307 4302 4299 4302 4309 4314 4317 4313 4307 4299 4286 4277 4273 4274 4269 4264 4261 4264 4268 4269 4275 4289 4282 4286 4305 4311 4313 4314 4316 4327 4321 4312 4304 4307 4308 4304 4291 4285 4277 4268 4267 4271 4269 4254 4242 4239 4243
4250 4253 4256 4258 4260 4261 4250 4248 4246 4243 4248 4250 4251 4253 4254 4256 4257 4258 4262 4266 4271 4276 4280 4280 4276 4277 4282 4282 4281 4278 4275 4276 4280 4283 4295 4307 4304 4300 4298 4296 4305 4315 4321 4323 4314 4304 4294 4284 4275 4280 4275 4268 4265 4262 4264 4266 4273 4284 4283 4285 4292 4312 4320 4318 4316 4314 4319 4327 4317 4313 4312 4312 4312 4300 4281 4276 4268 4265 4264 4262 4249 4238 4236 4240
4249 4252 4255 4258 4263 4274 4256 4253 4248 4243 4236 4243 4247 4250 4257 4259 4256 4257 4256 4263 4271 4280 4287 4294 4284 4287 4285 4283 4281 4278 4272 4269 4272 4277 4282 4288 4291 4290 4290 4298 4309 4323 4331 4326 4320 4303 4295 4285 4277 4279 4275 4268 4266 4265 4268 4273 4286 4295 4291 4306 4314 4323 4326 4322 4316 4311 4310 4320 4312 4314 4315 4316 4316 4293 4283 4281 4280 4269 4257 4244 4244 4243 4241 4240
4249 4251 4254 4258 4264 4277 4271 4256 4247 4246 4238 4236 4241 4245 4252 4262 4270 4260 4259 4263 4269 4278 4292 4301 4301 4289 4282 4280 4285 4284 4279 4269 4267 4272 4278 4281 4282 4279 4277 4283 4314 4334 4347 4350 4333 4315 4301 4288 4279 4277 4273 4268 4269 4271 4276 4283 4290 4298 4304 4305 4317 4326 4328 4323 4316 4310 4307 4319 4312 4310 4311 4315 4317 4295 4286 4288 4288 4272 4254 4242 4245 4251 4250 4246
4248 4250 4251 4256 4262 4269 4269 4259 4252 4246 4247 4238 4238 4239 4237 4243 4257 4257 4257 4264 4271 4281 4294 4305 4306 4288 4286 4290 4294 4295 4291 4272 4265 4267 4272 4277 4276 4271 4266 4263 4316 4340 4358 4366 4346 4326 4309 4293 4279 4284 4281 4274 4274 4275 4282 4285 4299 4298 4299 4298 4315 4327 4329 4321 4313 4308 4308 4314 4305 4301 4304 4309 4308 4288 4286 4286 4290 4268 4252 4241 4249 4266 4259 4250
4247 4248 4250 4253 4256 4258 4260 4255 4247 4250 4248 4241 4238 4237 4241 4242 4242 4259 4268 4270 4272 4280 4291 4300 4303 4290 4293 4307 4303 4303 4298 4273 4264 4264 4266 4267 4268 4269 4267 4269 4310 4336 4349 4356 4353 4340 4323 4305 4294 4302 4300 4286 4287 4287 4288 4287 4301 4310 4304 4305 4314 4322 4323 4317 4309 4303 4300 4303 4301 4300 4300 4300 4303 4298 4281 4272 4264 4258 4248 4241 4250 4265 4263 4252
4244 4245 4248 4249 4249 4248 4250 4253 4257 4258 4262 4246 4239 4236 4234 4236 4240 4256 4276 4276 4273 4278 4288 4295 4293 4292 4298 4303 4304 4305 4299 4277 4268 4265 4264 4266 4271 4274 4278 4289 4309 4329 4343 4351 4355 4349 4333 4321 4315 4320 4326 4319 4307 4301 4304 4300 4300 4313 4313 4309 4313 4317 4317 4311 4303 4296 4288 4281 4287 4286 4283 4291 4291 4299 4279 4268 4259 4252 4247 4244 4259 4282 4268 4253
4241 4243 4244 4245 4245 4245 4244 4251 4265 4259 4252 4243 4240 4237 4236 4240 4248 4245 4281 4276 4262 4271 4287 4297 4305 4308 4306 4301 4301 4300 4294 4284 4276 4272 4266 4271 4278 4283 4289 4300 4312 4325 4333 4342 4350 4346 4336 4331 4329 4330 4335 4330 4322 4320 4315 4316 4318 4316 4315 4306 4312 4312 4309 4305 4298 4289 4279 4269 4276 4279 4283 4284 4284 4286 4276 4261 4253 4251 4250 4251 4264 4283 4270 4255
4242 4242 4242 4243 4242 4246 4242 4245 4249 4252 4251 4244 4239 4239 4229 4240 4248 4242 4256 4266 4265 4272 4280 4290 4294 4303 4307 4302 4300 4300 4295 4287 4284 4281 4278 4277 4288 4288 4294 4304 4314 4322 4323 4328 4338 4337 4329 4321 4324 4332 4342 4341 4329 4322 4324 4328 4335 4326 4316 4312 4309 4309 4308 4301 4293 4286 4279 4273 4273 4276 4283 4279 4277 4275 4269 4255 4249 4251 4256 4267 4283 4278 4269 4255
4241 4241 4241 4241 4242 4245 4242 4242 4241 4249 4256 4251 4256 4256 4242 4242 4240 4238 4236 4255 4275 4282 4284 4299 4320 4320 4318 4307 4301 4298 4300 4297 4291 4287 4284 4281 4281 4287 4296 4304 4311 4316 4309 4315 4319 4320 4319 4318 4320 4328 4334 4344 4335 4331 4332 4336 4338 4328 4307 4308 4306 4303 4299 4295 4290 4284 4279 4276 4270 4272 4277 4277 4276 4279 4275 4259 4251 4253 4259 4268 4275 4273 4266 4256
4241 4240 4240 4241 4240 4244 4251 4244 4243 4242 4243 4260 4299 4284 4274 4256 4245 4239 4241 4252 4280 4301 4331 4333 4334 4336 4323 4312 4301 4291 4294 4299 4294 4291 4284 4285 4284 4290 4298 4302 4306 4310 4315 4312 4314 4311 4311 4314 4316 4323 4331 4341 4331 4327 4332 4337 4338 4332 4320 4305 4301 4298 4294 4290 4287 4283 4279 4272 4264 4265 4275 4276 4279 4285 4282 4252 4249 4253 4259 4265 4272 4271 4264 4253
4240 4240 4240 4240 4242 4242 4251 4247 4244 4238 4238 4241 4291 4284 4272 4264 4260 4247 4243 4242 4258 4310 4358 4366 4370 4362 4331 4316 4299 4280 4286 4292 4293 4294 4298 4294 4299 4304 4304 4304 4300 4306 4312 4309 4298 4304 4303 4301 4309 4316 4325 4333 4330 4322 4329 4332 4337 4328 4308 4300 4297 4295 4292 4289 4285 4282 4279 4274 4272 4270 4272 4276 4282 4284 4279 4260 4254 4258 4261 4264 4267 4269 4262 4252
4241 4241 4241 4240 4239 4240 4243 4247 4245 4245 4241 4242 4258 4265 4263 4263 4263 4267 4253 4244 4258 4309 4362 4369 4371 4364 4346 4320 4293 4283 4278 4285 4291 4295 4300 4304 4311 4317 4311 4309 4310 4317 4311 4306 4309 4300 4298 4299 4304 4311 4317 4320 4323 4313 4328 4322 4322 4326 4314 4302 4296 4292 4288 4285 4282 4282 4281 4282 4279 4285 4271 4271 4279 4286 4290 4260 4264 4264 4264 4264 4267 4269 4261 4251
4242 4242 4241 4240 4239 4239 4244 4248 4244 4242 4243 4243 4239 4255 4263 4258 4253 4244 4256 4259 4265 4299 4338 4365 4368 4351 4335 4321 4313 4282 4278 4282 4287 4292 4294 4288 4306 4313 4312 4310 4308 4304 4296 4295 4292 4295 4296 4298 4302 4309 4314 4317 4316 4327 4329 4311 4311 4316 4312 4305 4297 4291 4285 4280 4281 4281 4282 4283 4279 4272 4271 4266 4276 4283 4286 4296 4280 4275 4272 4270 4270 4266 4258 4250
4243 4242 4242 4241 4237 4239 4245 4245 4244 4242 4242 4240 4239 4241 4249 4254 4251 4253 4257 4250 4264 4296 4324 4361 4366 4354 4331 4314 4297 4297 4286 4283 4286 4290 4293 4294 4302 4311 4310 4308 4305 4298 4300 4297 4295 4295 4294 4295 4301 4308 4313 4317 4320 4336 4332 4315 4296 4305 4304 4303 4296 4289 4283 4278 4279 4279 4281 4283 4282 4283 4278 4276 4279 4282 4284 4288 4286 4281 4279 4275 4269 4262 4255 4248
4243 4242 4242 4242 4243 4244 4246 4246 4244 4242 4243 4247 4242 4241 4244 4251 4260 4275 4268 4241 4265 4312 4341 4349 4351 4346 4332 4317 4304 4300 4291 4285 4287 4291 4294 4296 4301 4305 4304 4303 4301 4298 4294 4299 4299 4296 4297 4299 4302 4307 4313 4320 4323 4330 4331 4320 4318 4293 4295 4299 4296 4289 4283 4277 4278 4279 4280 4281 4280 4282 4280 4280 4280 4280 4284 4288 4286 4283 4281 4280 4271 4255 4254 4249
4243 4242 4241 4241 4241 4244 4247 4243 4244 4243 4243 4244 4241 4243 4246 4251 4261 4295 4293 4253 4274 4319 4346 4342 4340 4336 4327 4316 4305 4298 4280 4285 4286 4289 4293 4296 4298 4294 4298 4298 4296 4288 4294 4297 4297 4294 4292 4295 4301 4307 4314 4320 4325 4335 4330 4316 4325 4318 4307 4302 4295 4288 4282 4276 4276 4278 4280 4282 4282 4279 4279 4279 4279 4279 4280 4281 4281 4279 4277 4278 4274 4262 4260 4252
4242 4242 4241 4242 4244 4244 4245 4247 4247 4244 4242 4246 4243 4247 4247 4251 4260 4257 4253 4261 4273 4311 4336 4345 4339 4328 4318 4309 4296 4295 4290 4287 4287 4289 4290 4290 4290 4287 4295 4297 4296 4293 4291 4293 4292 4289 4286 4292 4300 4308 4315 4321 4322 4329 4330 4320 4318 4323 4309 4304 4295 4288 4281 4275 4274 4278 4279 4279 4280 4263 4259 4283 4277 4277 4281 4280 4277 4275 4271 4267 4272 4282 4268 4256
4241 4242 4241 4241 4245 4244 4243 4240 4241 4243 4248 4245 4241 4246 4247 4249 4253 4277 4290 4255 4267 4297 4326 4344 4337 4322 4306 4292 4286 4296 4292 4288 4288 4289 4289 4287 4290 4298 4299 4297 4297 4295 4285 4283 4285 4285 4285 4290 4300 4310 4321 4326 4322 4323 4316 4310 4320 4322 4310 4302 4295 4288 4281 4276 4273 4273 4274 4276 4274 4273 4277 4277 4271 4272 4274 4275 4276 4274 4270 4264 4270 4274 4270 4260
4242 4243 4243 4241 4241 4242 4242 4242 4237 4242 4248 4249 4248 4241 4247 4248 4248 4264 4266 4252 4259 4279 4314 4340 4338 4328 4308 4276 4287 4288 4284 4287 4288 4289 4290 4292 4290 4293 4293 4295 4295 4292 4281 4276 4280 4279 4281 4289 4301 4312 4323 4331 4325 4318 4301 4305 4308 4306 4300 4298 4296 4289 4282 4274 4272 4273 4273 4271 4270 4274 4271 4274 4267 4264 4264 4277 4277 4276 4273 4273 4274 4276 4271 4264
4242 4243 4245 4245 4244 4245 4245 4241 4245 4248 4250 4255 4262 4259 4254 4253 4257 4261 4267 4262 4263 4282 4317 4338 4340 4328 4307 4275 4289 4285 4287 4287 4287 4287 4289 4291 4290 4287 4285 4291 4293 4287 4284 4278 4281 4282 4281 4290 4301 4312 4324 4334 4336 4325 4314 4313 4303 4304 4309 4309 4297 4289 4283 4278 4275 4273 4273 4272 4273 4276 4276 4274 4269 4264 4260 4268 4278 4278 4279 4279 4280 4280 4276 4268
4242 4243 4244 4244 4245 4249 4252 4253 4250 4255 4256 4259 4262 4259 4258 4257 4240 4264 4270 4275 4287 4324 4349 4358 4347 4332 4305 4295 4291 4287 4288 4286 4287 4287 4287 4288 4292 4292 4291 4290 4294 4293 4281 4284 4284 4286 4290 4296 4303 4312 4320 4326 4330 4329 4335 4308 4305 4301 4304 4301 4296 4290 4285 4280 4276 4275 4276 4276 4276 4275 4270 4270 4270 4273 4275 4282 4279 4280 4281 4281 4284 4285 4281 4273
4242 4243 4244 4248 4249 4255 4263 4272 4270 4263 4262 4263 4269 4269 4263 4266 4270 4269 4275 4282 4289 4330 4350 4355 4350 4342 4336 4321 4306 4296 4287 4287 4287 4286 4286 4286 4293 4292 4285 4289 4287 4277 4267 4278 4283 4286 4291 4297 4304 4312 4318 4323 4329 4332 4320 4319 4302 4301 4301 4294 4297 4293 4287 4280 4276 4276 4279 4282 4283 4285 4278 4278 4282 4285 4285 4284 4278 4281 4286 4291 4289 4288 4284 4277
4242 4242 4242 4248 4256 4263 4271 4277 4270 4266 4263 4263 4266 4266 4267 4271 4276 4271 4268 4280 4296 4318 4337 4344 4343 4343 4341 4318 4306 4302 4289 4290 4290 4289 4288 4287 4287 4288 4286 4288 4295 4280 4265 4273 4277 4282 4287 4295 4303 4311 4321 4329 4336 4345 4320 4314 4304 4300 4299 4303 4302 4297 4291 4283 4275 4282 4285 4287 4288 4283 4287 4291 4299 4293 4288 4282 4275 4281 4288 4292 4290 4289 4288 4279
4242 4242 4242 4246 4256 4264 4273 4280 4272 4265 4261 4263 4265 4261 4276 4273 4272 4275 4278 4289 4288 4301 4306 4319 4329 4336 4342 4325 4310 4306 4300 4294 4292 4291 4290 4290 4292 4284 4278 4285 4294 4280 4263 4263 4270 4278 4285 4292 4300 4310 4323 4339 4339 4329 4325 4310 4304 4301 4295 4308 4306 4303 4299 4294 4293 4292 4294 4297 4295 4291 4292 4296 4296 4295 4290 4287 4287 4283 4283 4285 4286 4283 4280 4280
4245 4245 4245 4245 4253 4262 4271 4282 4277 4267 4263 4266 4271 4267 4270 4269 4271 4277 4288 4286 4271 4270 4283 4296 4311 4324 4327 4321 4309 4300 4298 4297 4296 4294 4294 4293 4288 4280 4282 4280 4277 4270 4261 4257 4265 4270 4278 4287 4296 4306 4318 4340 4351 4341 4327 4304 4313 4311 4315 4311 4313 4312 4309 4305 4302 4304 4305 4306 4306 4303 4296 4295 4309 4304 4298 4289 4282 4287 4284 4284 4284 4281 4278 4281
4246 4247 4247 4250 4253 4258 4263 4268 4278 4266 4262 4261 4266 4261 4252 4255 4261 4268 4277 4276 4266 4259 4254 4276 4295 4311 4324 4325 4307 4307 4305 4302 4299 4298 4298 4299 4300 4296 4286 4283 4276 4266 4254 4267 4268 4267 4278 4289 4296 4301 4308 4331 4352 4337 4329 4322 4318 4322 4334 4330 4326 4322 4319 4319 4322 4319 4315 4314 4314 4313 4311 4310 4314 4317 4309 4296 4290 4300 4305 4298 4289 4281 4275 4283
4249 4251 4250 4250 4251 4253 4254 4255 4257 4259 4259 4255 4258 4261 4253 4246 4251 4255 4259 4261 4258 4252 4252 4268 4286 4301 4312 4316 4309 4308 4305 4299 4297 4297 4297 4300 4300 4296 4293 4292 4291 4272 4261 4269 4275 4285 4289 4293 4298 4302 4304 4326 4350 4341 4329 4331 4327 4322 4334 4335 4332 4326 4325 4325 4327 4326 4320 4322 4323 4327 4330 4328 4318 4329 4320 4308 4308 4308 4315 4308 4294 4282 4276 4287
4251 4254 4264 4250 4249 4249 4246 4242 4245 4256 4265 4266 4261 4263 4253 4256 4253 4251 4248 4245 4249 4251 4254 4267 4284 4299 4306 4306 4306 4300 4290 4292 4294 4296 4299 4300 4301 4291 4291 4291 4287 4278 4272 4261 4280 4295 4297 4299 4303 4309 4320 4338 4343 4348 4341 4330 4339 4325 4317 4326 4329 4327 4325 4323 4323 4321 4321 4325 4328 4327 4332 4333 4332 4335 4327 4314 4298 4299 4309 4306 4295 4285 4276 4285
