real_craters/C156-500m.grd
DSAA
217 217
-53.935 53.935
-53.935 53.935
2866.2273094918 5138.4570682189
[rows 90 to 119 of 217, columns 67 to 133 of 217]
4354.79 4381.54 4389.99 4419.2 4435.17 4421.61 4456.39 4470.84 4478.61 4465.4 4433.32 4411.34 4434.21 4625.77 4801.56 4860.73 4899.54 4928.06 4904.02 4799.21 4628.77 4440.96 4252.66 4092.49 3993.74 3907.04 3830.56 3766.67 3741.71 3707.11 3663.61 3617.95 3584.21 3557.9 3507.71 3477.63 3439.22 3394.04 3364.56 3351.14 3353.81 3363.72 3369.67 3374.55 3388.87 3411.12 3434.32 3459.91 3497.73 3538.67 3573.29 3587.81 3579.55 3610.71 3655.64 3731.09 3830.37 3928.12 4016.03 4090.77 4151.08 4211.75 4347.52 4468.3 4565.69 4603.81 4578.69
4359.79 4386.42 4422.23 4435.2 4456.77 4490.51 4496.08 4476.19 4472.74 4462.34 4434.96 4423.54 4441.65 4567.72 4730.77 4826.6 4872.7 4847.95 4885.64 4698.64 4500.56 4302.88 4113.63 3955.33 3860.28 3796.89 3740.51 3690.88 3668.56 3625.96 3574.28 3512.41 3431.88 3422.68 3436.45 3424.66 3389.16 3345.96 3313.14 3303.71 3297.78 3287.43 3270.21 3303.98 3321.38 3340.58 3346.4 3390.7 3430.74 3472.63 3515.41 3557.59 3567.68 3566.33 3561.32 3629.06 3745.21 3873.35 3985.09 4039.67 4088.68 4146.08 4278.48 4391.43 4481.57 4542.31 4541.09
4361.63 4379.14 4395.91 4426.52 4448.42 4463.8 4458.77 4454.93 4444.15 4449.43 4453.27 4448.45 4442.86 4540.63 4691.28 4802.07 4876.84 4927.49 4746.21 4553.82 4365.39 4173.93 3991.91 3840.1 3755.74 3709.27 3693.12 3689.05 3622.69 3563.2 3510.52 3455.29 3397.3 3390.29 3418.07 3396.84 3347.49 3312.41 3281.91 3261.48 3252.98 3249.88 3267.99 3274.95 3290.74 3302.01 3319.94 3334.22 3369.72 3406.95 3448.98 3504.25 3579.96 3529.19 3491.61 3555.42 3668.09 3794.68 3905.51 3990.24 4068.95 4161.08 4258.88 4332.85 4378.5 4438.95 4501.34
4365.41 4385.9 4402.14 4412.8 4426.54 4424.98 4428.57 4437.41 4439.7 4436.46 4449.04 4466.27 4458.41 4558.24 4692.63 4789.11 4852.94 4861.62 4671.58 4427.88 4238.82 4058.74 3888.6 3744.14 3674.2 3647.84 3635.55 3617.21 3548.33 3495.93 3459.89 3429.58 3406.83 3382.46 3373.29 3342.82 3292.48 3250.87 3228.55 3218.13 3214.57 3218.27 3228.07 3242.14 3261.99 3268.13 3266.35 3284.43 3311.63 3338.91 3366.04 3383.44 3385.1 3420.22 3460.22 3501.82 3589.89 3705.95 3824.38 3923.86 4042.63 4174.13 4258.03 4305.48 4320.16 4392.45 4488.8
4370.55 4394.45 4419.56 4414.04 4419.06 4422.26 4429.69 4436.23 4433.56 4436.96 4484.73 4484.72 4521.77 4658.23 4734.35 4777.23 4792.2 4757.84 4555.31 4299.63 4122.91 3960.74 3805.58 3662.51 3611.26 3622.69 3565.5 3462.34 3429.59 3419.02 3408.8 3401.5 3391.5 3356.62 3320.35 3278.03 3231.47 3184.09 3176.67 3178.25 3178.8 3180.88 3187.64 3202.51 3217.17 3229.29 3236.72 3239.14 3260.58 3284.48 3296.46 3291.68 3298.18 3356.85 3392.5 3444.51 3500.02 3578.81 3695.55 3832.76 3979.76 4133.64 4230.51 4298.47 4374.16 4432.26 4503.58
4370.43 4395.07 4414.72 4422.61 4425.29 4435.25 4437.5 4446.15 4465.08 4470.86 4516.03 4587.75 4687.23 4805.84 4779.34 4752.54 4711.77 4630.47 4431.12 4179.11 4019.03 3881.4 3753.77 3639.24 3573.54 3528.85 3450.02 3363.53 3345.34 3353.05 3357.25 3360.41 3358.22 3318.29 3273.42 3224.46 3192.32 3157.98 3148.29 3149.04 3149.54 3148.73 3148.15 3154.11 3176.29 3192.53 3194.2 3188.74 3229.15 3252.9 3259.41 3249.94 3237.59 3303.92 3396.01 3396.86 3416.12 3449.57 3570.91 3732.79 3890.03 4037.26 4155.27 4250.73 4366.87 4434.67 4502.34
4367.07 4392.87 4415.81 4439.2 4440.43 4445.78 4446.24 4448.67 4461.52 4471.32 4509.83 4631.65 4788.41 4818.87 4769.49 4700.86 4615.92 4503.25 4317.99 4066.44 3929.02 3816.98 3721.11 3644.2 3554.82 3428.19 3337.5 3312.41 3304.98 3304.85 3312.39 3309.46 3294.53 3280.31 3248.5 3214.81 3178.8 3152.56 3140.75 3136.47 3132.38 3127.61 3126.67 3134.77 3150.22 3167.12 3180.77 3208.05 3236.34 3254.42 3256.67 3248.62 3249.95 3276.53 3314.01 3333.25 3353.38 3395.93 3505.2 3652.49 3800.79 3934.12 4053.99 4154.46 4235.48 4363.9 4470.94
4360.64 4385.9 4411.06 4446.32 4436.83 4451.44 4448.79 4442.17 4441.44 4479.85 4566.01 4710.04 4844.39 4792.55 4723.56 4631 4515.28 4366.55 4167.66 3972.99 3854.01 3758.88 3678.07 3606.22 3504.72 3358.26 3253.52 3241.4 3248.53 3265.19 3281.73 3288.29 3280.23 3261.85 3231.38 3194.27 3169.81 3152.93 3141.64 3135.35 3129.48 3118.49 3104.54 3111.23 3131.73 3139.95 3180.81 3234.24 3275.93 3281.62 3271.34 3260.05 3256.11 3249.82 3255.74 3275.65 3300.93 3360.77 3458.98 3592 3729.3 3852.05 3963.43 4080.43 4181.25 4302.09 4422.49
4351.03 4375.8 4398.91 4411.43 4423.27 4456.15 4454.95 4449.64 4443.38 4524.24 4720.35 4794.96 4766.29 4728.61 4655.32 4554.52 4423.2 4260.01 4074.5 3905.99 3799.73 3713.91 3629.64 3545.23 3442.2 3302.09 3203.79 3185.95 3201.78 3235.53 3268.15 3287.68 3284.91 3262.13 3227.72 3189.35 3165.73 3152.71 3148.82 3146.39 3140.67 3130.26 3113.96 3118.86 3143.81 3163.34 3222.73 3319.04 3336.67 3314.23 3290.66 3269.29 3256.97 3248.7 3235.54 3237.03 3251.32 3287.26 3411.18 3544.43 3682.02 3811.4 3922.35 4025.94 4129.88 4238.05 4362.84
4341.9 4369 4390.49 4408.19 4426.4 4467.07 4468.09 4470.75 4502.07 4622.66 4777.33 4736.4 4687.42 4665.36 4584.65 4475.71 4351.76 4195.19 3998.35 3843.51 3784.15 3688.58 3586.06 3483.58 3376.83 3255.62 3169.18 3157.16 3176.68 3218.09 3268.36 3310.41 3303.42 3271 3233.97 3200.35 3174.08 3163.47 3167.55 3169.57 3168.12 3162.78 3157.92 3161.46 3178.02 3208.66 3269.37 3346.05 3361.4 3328.19 3292.58 3261.55 3239.93 3222.12 3206.66 3203.89 3224.72 3278.18 3387.01 3515.39 3650.35 3788.76 3928.02 3951.16 4021.57 4158.2 4295.34
4336.87 4366.05 4390.28 4402.62 4435.03 4478.57 4493.14 4507.93 4597.65 4648.84 4693.05 4644.97 4703.96 4628.34 4523.68 4418.62 4310.02 4188.2 4060.15 3977.42 3816.64 3670.87 3544.05 3424.22 3311.03 3223.86 3170.36 3147.88 3150.73 3203.61 3268.59 3323.67 3313.89 3275.77 3238.22 3210.44 3194.22 3191.98 3200.21 3208.72 3213.44 3214.32 3215.32 3216.56 3221.17 3252.36 3307.73 3353.68 3356.57 3321.26 3277.47 3232.47 3190.96 3160.5 3153.79 3165.02 3202.87 3277.91 3372.58 3494.64 3622.68 3742.71 3825.41 3875.92 3956.05 4089.93 4232.54
4338.96 4370.2 4400.2 4428.33 4464.62 4505.12 4535.19 4561.19 4649.64 4644.28 4622.91 4633.02 4621.12 4545.15 4458.96 4369.67 4279.86 4192.34 4117.65 3983.31 3797.77 3640.49 3506.7 3386.08 3272.28 3211.3 3178.68 3151.15 3144.82 3195.55 3258.86 3306.52 3300.8 3270.13 3234.94 3201.35 3203.73 3227.01 3247.02 3263.05 3271.94 3278.52 3280.5 3279.06 3282.4 3304.05 3345.8 3355.23 3339 3307.04 3260 3203.49 3139.18 3092.24 3090.05 3111.76 3157 3239.66 3350.14 3472.56 3597.13 3708.19 3791.21 3823.2 3901.82 4040.84 4188.84
4345.12 4376.71 4415.99 4458.27 4503.74 4542.61 4593.82 4647.89 4671.45 4624.5 4594.71 4620.89 4447.16 4436.67 4387.33 4315.5 4233.69 4157.77 4092.73 3937.96 3727.77 3586.48 3468.41 3363.25 3279.55 3212.86 3177.98 3161.05 3161.24 3198.04 3243.79 3274.18 3277.72 3262.06 3240.33 3214.99 3227.79 3273.1 3305.66 3329.09 3343.04 3351.33 3357.15 3355.51 3362.71 3382.45 3390.38 3368.58 3333.85 3294.43 3242.36 3179.04 3098.68 3011.51 3019.07 3062.39 3122.5 3214.86 3331.33 3453.3 3577.61 3689.75 3774.62 3791.59 3877.93 4018.05 4168.69
4354.55 4399.76 4439.95 4470.64 4516.69 4569.93 4627.65 4699.14 4685.69 4655.72 4628.7 4611.64 4437.26 4398.93 4343.41 4264.58 4173.76 4076.44 3963.61 3790.26 3622.09 3521.44 3429.2 3342.42 3259.61 3206.31 3185.49 3178.29 3192.83 3208.37 3220.66 3241.14 3248.26 3254.75 3259.36 3266.22 3292.1 3346.92 3385.25 3412.01 3430.82 3445.88 3453.79 3451.58 3462.37 3469.4 3434.45 3390.25 3348.39 3292.14 3235.72 3178.62 3113.24 2987.28 2965.98 3029.15 3116.81 3205.95 3311.73 3433.85 3560.2 3679.03 3777.05 3801.77 3881.98 4016.95 4164.41
4364.17 4419.03 4474.5 4511.11 4543.37 4580.32 4605.87 4630.01 4651.96 4665.12 4661.49 4607.85 4527.59 4412.89 4316.75 4212.54 4105.35 3985.06 3847.95 3689.36 3546.44 3472.96 3401.39 3332.06 3271.14 3224.58 3184.45 3169.87 3191.83 3190.74 3176.16 3184.16 3209.89 3244.03 3285.93 3338.25 3404.92 3444.84 3475.46 3503.92 3528.65 3548.24 3565.1 3571.56 3581.75 3562.92 3473.06 3408.56 3346.76 3287.74 3233.94 3187.85 3155.37 3080.42 2976.95 3015.88 3084.36 3174.83 3282.81 3405.87 3535.34 3662.92 3779.89 3826.94 3891.3 4005.85 4143.67
4372.88 4439.41 4508.51 4586.82 4594.6 4587.11 4582.35 4596.24 4604.63 4637.89 4691.57 4655.27 4548.47 4430.59 4305.51 4176.47 4044.39 3904.49 3762.29 3632.28 3524.22 3449.61 3383.8 3324.44 3276.34 3233.58 3194.17 3170.6 3165 3143.38 3112.63 3123.54 3170.15 3233.99 3308.88 3398.09 3491.88 3534.62 3563.14 3592.12 3621.46 3648.19 3681.77 3703.51 3704.9 3646.34 3517.49 3430.99 3348.49 3290.44 3237.67 3185.18 3135.81 3089.81 3040.45 3017.41 3044.08 3133.46 3249.51 3374.65 3504.39 3631.93 3741.34 3812 3892.93 3998.47 4121.26
4374.95 4445.39 4513.31 4567.9 4581.23 4585.21 4584.23 4598.85 4602.48 4652.62 4750.08 4714.25 4588.13 4454.6 4311.3 4153.4 3999.39 3840.19 3684.54 3554.61 3506.77 3431.79 3370.56 3318.91 3273.84 3236.05 3209.58 3189.88 3140.23 3082.1 3034.46 3057.76 3133.52 3219.5 3314.21 3422.1 3531.9 3595.97 3636.67 3674.8 3708.76 3743.73 3791.82 3828.52 3812.35 3724.22 3562.74 3479.77 3393.1 3315.19 3246.17 3181.82 3122.51 3088.71 3066.18 3020.34 3012.27 3106.06 3220.83 3341.54 3464.16 3584.83 3706.24 3817.61 3878.57 3975.05 4088.24
4375.05 4446.3 4507.8 4552.08 4580.87 4590.82 4626.13 4646.72 4630.53 4684.97 4804.54 4748.15 4620.15 4478.01 4320.23 4150.23 3973.36 3798.85 3629.9 3483.65 3441.11 3399.6 3355.12 3314.37 3274.53 3234.8 3226.98 3207.53 3125.99 3039.55 2989.31 3026.76 3114.94 3209.97 3311.82 3422.87 3545.77 3643.76 3699.66 3739.78 3780.81 3824.2 3869.6 3917.36 3922.08 3830.53 3689.57 3562.38 3446.64 3343.13 3256.36 3181.63 3116.18 3074.58 3068.63 3028.73 3023.21 3098.89 3195.51 3304.57 3413.09 3522.38 3624.73 3726.35 3835.92 3940.88 4051.4
4373.35 4449.47 4517.59 4558.83 4579.9 4596.01 4618.48 4649.49 4631.53 4709.04 4816.27 4759.52 4639.22 4487.84 4321.77 4147.92 3966.7 3785.34 3607.11 3450.5 3387.08 3367.04 3342.06 3314.18 3289.63 3271.42 3242.5 3204.26 3124.46 3043.37 3013.79 3049.63 3125.38 3214.2 3312.17 3423.81 3591.41 3700.03 3740.98 3779.26 3821.23 3866.24 3916.05 3971.6 3994.84 3891.54 3781.39 3628.19 3476.89 3356.56 3256.54 3177.36 3123.52 3056.16 3023.19 3031.42 3055.14 3103.95 3180.43 3272.18 3368.5 3461.01 3549.94 3672.13 3783.92 3898.41 4015.69
4370.13 4449.87 4520.2 4566.22 4589.41 4612.83 4640.15 4665.31 4637.76 4712.66 4848.14 4812.37 4660.82 4499.53 4329.68 4150.58 3969.93 3789.53 3614.07 3460.26 3379.29 3359.62 3335.36 3310.93 3294.31 3284.59 3242.5 3187.74 3126.62 3076.49 3067.54 3097.02 3154.73 3229.94 3318.91 3430.95 3586.06 3701.18 3754.07 3792.33 3835.16 3879.83 3928.02 3973.79 3991.48 3872.33 3763.53 3615.86 3475.84 3358.96 3248.26 3157.69 3083.98 3038.61 2998.54 3020.41 3058.86 3100.62 3166.29 3245.51 3331.63 3418.58 3499.44 3605.18 3733.37 3864.5 3988.26
4367.05 4452.22 4525.8 4552.18 4559.49 4602.47 4666.22 4680.56 4645.55 4689.98 4803.68 4762.81 4646.37 4498.26 4334.43 4161.81 3984.04 3810 3647.39 3499.5 3419.47 3377.75 3332.32 3301.1 3279.17 3264.56 3222.15 3168.04 3136.67 3123.72 3125.45 3148.83 3190.76 3250.79 3325.9 3428.16 3570.92 3684.24 3740.76 3781.22 3821 3862.34 3906.45 3951.5 3949.36 3828.68 3675.78 3535.83 3430.78 3340.78 3226.93 3132.67 3066.94 3053.29 3053.06 3022.56 3038.08 3090.51 3156.09 3227.72 3308.65 3394.07 3492.29 3581.02 3707.13 3844.64 3984.43
4360.17 4441.24 4513.85 4556.79 4544.29 4573.92 4675.15 4737.64 4658.21 4687.92 4793.72 4710.25 4623.47 4491.88 4339.21 4174.93 4011.11 3848.25 3696.4 3561.21 3455.06 3373.2 3320.3 3280.5 3248.15 3216.64 3182.88 3158.72 3158.72 3179.7 3186.84 3198.66 3226.74 3271.12 3333.32 3423.37 3545.21 3651.37 3698.99 3739.55 3776.59 3813.3 3845.68 3866.11 3833.94 3740.73 3576.25 3434.49 3350.23 3265.18 3184.5 3110.96 3067.37 3069.98 3097.11 3036.74 3038.47 3087.06 3150.29 3218.94 3289.87 3365.05 3456.32 3556.45 3685.94 3834.86 3992.02
4348.23 4421.83 4488.61 4533.97 4549.67 4561.52 4621.94 4767.99 4727.79 4735.4 4778.92 4728.3 4614.52 4486.25 4339.7 4187.03 4035.96 3887.52 3748 3623.46 3502.56 3370.84 3311.51 3262.93 3218.6 3174.48 3142.54 3136.48 3155.93 3209.53 3236.25 3238.1 3254.26 3284.5 3333.36 3408.38 3496.81 3573.18 3632.52 3674.43 3712.51 3746.32 3764.59 3750.38 3673.28 3613.87 3475.78 3355.7 3271.66 3200.54 3146.57 3094.58 3064.66 3063.97 3050.66 3008.71 3035.75 3089.22 3149.9 3215.05 3278.69 3342.19 3409.15 3533.75 3676.71 3830.94 4000.51
4333.1 4403.42 4469.99 4531.63 4550.02 4566.38 4609.07 4730.64 4832.05 4762.17 4741.04 4697.55 4600.16 4475.64 4348.3 4208.6 4062.64 3923.46 3790.99 3669.13 3552.29 3403.94 3313.63 3255.06 3203.65 3155.67 3123.56 3120.96 3145.62 3207.45 3245.63 3257.45 3269.77 3286.32 3311.85 3368.7 3442.22 3513.73 3556.54 3600.48 3639.41 3667.75 3682.58 3661.98 3555.2 3456.51 3365.45 3262.36 3215.12 3179.41 3141.17 3095.04 3071.63 3071.86 3060.64 3029.56 3054.59 3103.47 3159.91 3220.02 3284.1 3354.52 3442.8 3533.58 3666.97 3822.48 3999.47
4317.54 4382.1 4462.65 4517.29 4539.03 4563.5 4600.56 4677.98 4839.53 4805.84 4732.31 4667.88 4590.43 4481.71 4361.09 4232.11 4095.31 3958.49 3826.26 3695.37 3549.43 3400.53 3319.16 3261.42 3206.68 3155.35 3124.66 3123.17 3156.54 3207.68 3245.72 3268.51 3281.11 3289.69 3292.29 3337.47 3389.4 3424.97 3474.24 3520.29 3559.42 3587.74 3603.93 3600.56 3494.17 3368.88 3288.04 3206.61 3174.65 3165.29 3145.3 3126.64 3110.45 3101.02 3095.03 3081.05 3092.19 3132.09 3185.73 3242.4 3301.47 3363.23 3438.11 3521.79 3634.27 3803.32 3996.66
4303.51 4343.3 4410.09 4471.85 4511.9 4549.31 4607.41 4657.96 4829 4850.28 4766.6 4693.41 4613.96 4511.7 4389.77 4260.65 4128.81 3994.14 3863.55 3733.03 3602.11 3425.9 3347.13 3287.48 3227.39 3168.29 3118.14 3125.87 3155.29 3194.14 3253.45 3277.5 3293.78 3306 3316.17 3335.79 3357.15 3369.58 3403.12 3444.86 3478.78 3503.29 3515.35 3494.03 3393.78 3292.65 3229.7 3167.66 3139.26 3125.03 3122.1 3137.03 3136.13 3129.21 3127.12 3115.81 3128.64 3165.06 3217.14 3274.65 3334.44 3388.87 3453.44 3526.88 3618.93 3800.99 3998.64
4291.01 4299.07 4311.61 4395.47 4475.11 4560.51 4628.45 4667.4 4825.84 4886.1 4797.62 4734.63 4650.4 4541.46 4423.23 4294.87 4164.83 4028.72 3898.67 3770.74 3648.9 3514.79 3412.35 3338.27 3271.66 3208.33 3157.35 3141.48 3144.75 3163.82 3239.89 3277.2 3303.1 3328.38 3348.9 3343.71 3340.44 3336.83 3351.51 3376.25 3397.36 3414.73 3422.13 3398.92 3298.85 3193.74 3167.85 3146.73 3111.02 3074.19 3071.89 3118.92 3137.8 3141.75 3144.41 3147.22 3152.77 3189.51 3244.95 3310.46 3378.01 3456.28 3515.83 3573.13 3666.57 3830.08 4022.91
4283.25 4279.42 4290.99 4345.72 4426.76 4521.41 4652.62 4699.86 4785.51 4896.72 4925.85 4806.29 4689.5 4561.07 4441.26 4318.4 4188.72 4057.55 3929.01 3799.39 3672.23 3570.38 3483.34 3400.17 3328.86 3267.93 3217.92 3174.29 3139.24 3142.81 3217.77 3265.82 3302.47 3335.44 3359.19 3338.53 3322.41 3313.27 3311.88 3306.8 3310.37 3319.05 3324.76 3310.63 3212.48 3112.85 3096.39 3101.51 3081.15 3044.37 3045.44 3106.94 3131.4 3142.61 3147.2 3131.55 3152.8 3208.46 3274.46 3348.49 3427.1 3494.24 3566.62 3630.35 3720.49 3870.41 4065.69
4275.84 4275.47 4280.85 4313.94 4370.48 4475.29 4613.36 4693.66 4763.45 4866.38 4947.29 4835.97 4711.31 4583.62 4460.54 4333.99 4210.79 4086.8 3964.52 3838.72 3713.19 3612.66 3538.95 3461.15 3391.59 3330.58 3279.07 3221.18 3167.57 3155.34 3200.36 3253.56 3297.06 3323.46 3326.61 3314.24 3288.78 3263.69 3238.47 3224.01 3214.97 3209.37 3209.3 3199.81 3118.26 3039.74 3016.6 3039.52 3042.71 3031.23 3043.4 3095.62 3122.97 3142.87 3153.22 3142.18 3168.37 3228.04 3296.45 3377.15 3475.34 3595.92 3635.37 3685.42 3764.36 3918.71 4117.91
4268.36 4270.82 4283.26 4291.75 4312.31 4371.94 4523.59 4626.48 4682.84 4747.85 4866.48 4799.2 4694.29 4577.88 4463.87 4346.74 4230.97 4117.44 4005.73 3893.23 3784.48 3680.82 3587.91 3523.76 3457.51 3391.66 3330.92 3267.75 3211.59 3192.96 3221.59 3259.91 3295.03 3324.46 3322.01 3285.34 3244.32 3198.91 3158.24 3138.03 3120.18 3099.37 3076.47 3059.27 3012.04 2971.36 2953.94 2974.08 2991.36 3020.76 3054.17 3074.41 3119.71 3149.35 3169.12 3186.78 3212.74 3253.76 3312.26 3386.73 3484.2 3587.34 3663.21 3731.51 3828.01 3988.98 4199.04
