real_craters/C156-500m.grd
DSAA
217 217
-53.935 53.935
-53.935 53.935
2866.2273094918 5138.4570682189
[rows 30 to 59 of 217, columns 134 to 200 of 217]
4224.22 4209.45 4202.42 4198.92 4200.07 4199.32 4199.14 4201.39 4204.52 4207.37 4206.8 4205.97 4207.63 4209.43 4209.36 4212.72 4218.58 4228.15 4225.75 4222.01 4223.18 4223.64 4224.74 4227.01 4229.37 4231.7 4234.08 4236.43 4238.67 4240.69 4241.26 4241.36 4241.18 4237.61 4232.66 4235.78 4242.52 4249.28 4255.77 4251.59 4251.38 4254.24 4260.81 4260.43 4261.85 4259.17 4251.81 4253.68 4263.89 4268.93 4266.17 4242.59 4228.54 4225.33 4231.08 4237.38 4245.18 4250 4252.69 4255.95 4257.67 4258.34 4256.9 4245.68 4224.26 4206.54 4199.34
4224.25 4210.61 4201.86 4198.19 4198.78 4198.86 4199.31 4201.08 4202.34 4203.19 4204.5 4207.91 4211.67 4214.11 4214.17 4219.31 4222.02 4223.55 4217.46 4215.96 4220.53 4224.28 4226.93 4229.2 4230.69 4233.48 4235.6 4237.1 4238.96 4240.53 4242.14 4242.65 4241.68 4240.37 4238.2 4238.96 4242.94 4247.41 4250.95 4249.57 4246.19 4249.58 4263.08 4263.15 4269.18 4270.87 4263.81 4265.92 4277.8 4286.7 4283.29 4248.01 4223.7 4224.5 4232.15 4238.67 4242.07 4246.87 4251.09 4252.54 4255.05 4253.99 4251.04 4241.96 4229.03 4215.31 4204.18
4223.21 4210.33 4201.1 4200.65 4201.56 4203.24 4202.98 4202.86 4201.34 4199.67 4202.2 4208.36 4212.71 4213.88 4214.52 4218.27 4221.56 4225.46 4219.18 4216.47 4224.07 4227.91 4231.3 4233.63 4234.99 4235.55 4236.19 4237.46 4238.97 4239.84 4240.92 4241.51 4242.34 4244.53 4244.91 4243.3 4244.25 4244.83 4245.43 4247.93 4246.76 4248.77 4264.14 4271.53 4280.69 4289.93 4299.82 4294.65 4290 4289.69 4278.33 4245.5 4222.67 4223.98 4230 4235.39 4238.47 4243.38 4252.39 4257.15 4253.2 4246.86 4238.66 4231.64 4221.92 4213.19 4205.31
4225.72 4214.71 4206.41 4204.16 4203.83 4208.45 4209.39 4206.05 4203.66 4200.71 4202.62 4212.67 4220.22 4213.34 4214.04 4220.39 4222.08 4220.78 4221.49 4219.94 4227.41 4234.39 4235.28 4236.27 4236.93 4237.66 4238.21 4238.57 4239.22 4239.56 4238.37 4240.6 4241.83 4242.51 4246.17 4246.77 4245.72 4246.55 4248.1 4249.55 4249.89 4253.41 4262.35 4281.41 4290.38 4301 4311.38 4304.16 4290.79 4278.13 4262.31 4241.24 4225.73 4225.18 4231.57 4233.46 4234.71 4239.07 4247.83 4255.6 4252.97 4241.76 4225.3 4214.25 4208.3 4206.58 4204.43
4230.57 4223.53 4216.58 4208.91 4204.06 4202 4206.61 4210.06 4210.3 4207.69 4207 4216.86 4215.18 4215.24 4217.75 4213.02 4218.64 4215.7 4220.9 4222 4228.98 4236.78 4237.66 4237.43 4237.45 4237.41 4237.85 4238.16 4238.7 4239.93 4242.18 4241.44 4241.67 4241.57 4244.77 4246.35 4246.47 4244.52 4248.1 4253.23 4258.77 4258.43 4271.87 4283.45 4291.07 4299.36 4308.46 4296.87 4282.52 4264.45 4250.5 4238.34 4228.08 4223.82 4225.08 4229.18 4232.28 4234.74 4248.94 4259.38 4260.56 4241.87 4218.61 4199.63 4200.63 4206.83 4206.77
4235.43 4230.22 4223.69 4211.64 4207.26 4209.35 4214.2 4217.77 4221.14 4226.96 4235.69 4232.01 4231.16 4222.44 4195.24 4202 4216.06 4219.05 4219.83 4221.2 4234 4238.31 4239.51 4239.89 4239.61 4238.82 4238.46 4238.38 4238.37 4238.68 4239.66 4240.51 4241.32 4243.47 4240.39 4245.98 4249.09 4251.44 4252.17 4255.96 4260.74 4256.77 4271.23 4278.75 4283.3 4286.33 4284.08 4281.75 4271.98 4261.78 4247.29 4232.92 4225.56 4220.72 4217.63 4225.73 4234.79 4244.89 4255.84 4277.81 4268.62 4244.79 4223.9 4218.02 4217.75 4214.53 4214.38
4239.71 4233.56 4228.39 4214.86 4211.55 4225.87 4225.25 4226.63 4230.24 4237.19 4244.21 4243.8 4246.31 4235.49 4216.49 4213.85 4215.11 4221.56 4224.21 4231 4237.52 4238.13 4240.57 4241.5 4241.12 4240.42 4239.63 4238.42 4237.29 4236.97 4237.78 4239.55 4240.7 4240.16 4246.4 4248.53 4251.19 4253.97 4253.08 4252.32 4252.97 4256.95 4270.83 4271.14 4271.46 4272.41 4272.58 4266.48 4259.24 4249.92 4243.89 4237.6 4230.06 4224.73 4225.56 4227.65 4237.94 4253.14 4261.71 4267.74 4257.49 4242.2 4227.38 4218.65 4217.87 4221.75 4223.91
4243.88 4237 4228.35 4225.53 4227.74 4229.24 4230.86 4231.74 4233.63 4236.94 4238.98 4244.17 4248.61 4236.08 4224.66 4220.13 4220.23 4221.43 4227.83 4234.94 4236.51 4240.25 4241.75 4241.64 4241.25 4239.97 4238.46 4237.57 4236.54 4234.57 4235.65 4239.41 4242.68 4246.85 4248.06 4248.09 4250.74 4255.76 4249.82 4246.03 4243.45 4256.24 4257.32 4257.4 4255.55 4254.13 4253.32 4251.18 4247.7 4241.31 4238.9 4236.03 4230.7 4229.25 4229.88 4229.04 4234.14 4241.7 4246.25 4249.19 4243.97 4234.73 4225.35 4218.75 4224.35 4226.53 4229.16
4246.25 4240.49 4236.78 4233.91 4236.06 4235.17 4235.08 4236.52 4237.14 4236.88 4235.07 4242.46 4245.73 4223.14 4222.45 4219.94 4214.84 4221.24 4232.27 4232.47 4233.43 4243.03 4242.73 4242.04 4240.3 4239.3 4238.28 4236.79 4237.3 4236.63 4237.32 4240.22 4243.24 4246.3 4246.18 4244.04 4241.78 4241.73 4242.91 4242.99 4246.89 4257.26 4250.19 4244.39 4239.92 4233.48 4233.84 4237 4238.15 4239.18 4233.17 4230.26 4225.95 4224.04 4224.64 4223.63 4225.24 4228.03 4229.08 4223.6 4228.35 4226.97 4221.76 4214.55 4223.07 4227.34 4230.32
4246.45 4241.95 4235.36 4233.4 4234.4 4236.67 4237.14 4238.75 4240.02 4239.64 4238.9 4241.46 4237.67 4214.69 4221.85 4223.97 4200.87 4206.67 4228.43 4235.15 4240.8 4245.69 4244.62 4242.62 4241.11 4238.28 4236.82 4236.45 4237.21 4241.05 4241.18 4241.45 4242.44 4243.51 4244.34 4239.61 4234.32 4232.33 4236.26 4241.04 4249.82 4252.34 4238.08 4234.99 4230.82 4224.2 4223.9 4227.61 4227.38 4224.5 4223.5 4220.77 4217.8 4214.6 4213.49 4214.37 4214.77 4214.37 4211.81 4215.44 4220.38 4220.68 4219.23 4220.4 4223.59 4222.83 4224.41
4246.19 4244.82 4244.74 4242.01 4231.35 4231.83 4238.61 4242.91 4246 4246.64 4244.53 4236.04 4224.83 4219.32 4221.23 4224.8 4200.61 4208.14 4233.67 4239.65 4243.93 4245.04 4244.36 4242.58 4239.83 4237.59 4236.02 4235.04 4234.46 4235.15 4238.03 4240.83 4244.22 4244.45 4241.16 4237.1 4230.69 4228.77 4232.88 4236.6 4238.28 4238.88 4233.2 4232.06 4229.5 4225.67 4225.7 4226.07 4223.41 4221.47 4220.07 4215.7 4212.34 4206.82 4206.27 4206.97 4206.68 4204.32 4202.34 4208.05 4213.34 4215.64 4215.31 4216.41 4215.65 4213.11 4212.54
4247.17 4245.86 4245.95 4244.09 4236.57 4239.42 4244.08 4248.48 4252.53 4256.12 4258.32 4249.88 4233.73 4220.76 4220.87 4220.14 4221.07 4226.73 4241.23 4240.98 4241.86 4243.5 4243.72 4242.29 4240.12 4237.37 4234.79 4232.87 4231.2 4230.35 4234.9 4239.64 4239.21 4237.89 4239.81 4238.1 4236.08 4233.67 4232.99 4233.19 4232.46 4237.01 4239.01 4233.79 4231.77 4232.83 4230.74 4230.89 4229.88 4228.07 4225.37 4219.4 4211.96 4205 4202.43 4202.35 4202.58 4202.08 4202.98 4207.2 4214.37 4210.63 4208.5 4206.61 4198.21 4200.16 4202.8
4249.24 4246.63 4240.41 4233.06 4242.34 4248.68 4252.04 4256.17 4259.95 4265.07 4271.25 4277.6 4260.55 4217.85 4222.82 4235.21 4237.32 4245.44 4254.49 4239.78 4242.79 4246.95 4243.54 4240.68 4237.92 4234.95 4233.16 4230.76 4229.73 4231.01 4233.97 4239.96 4251.89 4249 4245.06 4241.33 4236.6 4235.58 4234.81 4234.04 4233.64 4234.58 4231.7 4231.74 4230.79 4232.29 4233.69 4236.67 4241.67 4238.31 4233.41 4224.1 4213.27 4206.85 4201.04 4199.41 4199.54 4201.15 4204.59 4204.44 4202.8 4202.07 4198.95 4192.13 4185.65 4190.6 4196.62
4253.47 4250.53 4246.18 4241.08 4253.04 4255.37 4259.81 4263.12 4267.42 4272.51 4284.86 4308.37 4274.47 4228.42 4231.37 4244.23 4257.13 4258.22 4262.35 4246.37 4244.73 4245.95 4242.21 4239.12 4237.35 4235 4232.1 4229.51 4227.67 4228.11 4232.19 4236.45 4237.96 4248.58 4248.67 4246.6 4245.49 4240.8 4237.89 4235.93 4233.34 4230.6 4232.83 4230.58 4228.83 4226.91 4234.44 4239.32 4241.87 4240.68 4233.87 4224.94 4212.51 4201.8 4198.91 4197.38 4197.13 4198.09 4200.28 4200.91 4196.34 4196.28 4193.73 4188.25 4180.42 4186.3 4189.88
4257.74 4256.31 4257.55 4263.22 4260.73 4265.29 4266.36 4267.24 4268.16 4270.85 4277.8 4276.49 4269.82 4249.1 4247.96 4261.91 4273.11 4273.99 4272.66 4261.15 4248.18 4242.54 4240.98 4238.88 4236.77 4234.38 4232.25 4229.34 4227.73 4229.07 4231.55 4235.2 4240.42 4249.28 4251.51 4250.37 4248.52 4245.28 4241.96 4239.41 4238.22 4237.54 4232.01 4230.24 4230.67 4233.01 4237.03 4242.06 4245.51 4242.43 4238.36 4226.05 4212.88 4202.27 4198.71 4196.93 4195.43 4194.14 4192.73 4196.33 4200.54 4195.13 4193.91 4195.32 4186.39 4187.18 4184.52
4261.8 4261.99 4264.08 4266.48 4268.9 4275.68 4272.37 4270.24 4270.02 4267.41 4268.04 4271.81 4269.62 4261.5 4261.23 4267.67 4285.03 4277.29 4276.52 4269.84 4256.85 4247.98 4240.35 4238.36 4237.23 4235.48 4233.04 4229.56 4224.75 4226.37 4233.61 4239.13 4244.85 4255.39 4254.53 4252.54 4250.67 4248.69 4246.05 4242.56 4237.58 4239.57 4234.76 4233 4233.05 4235.16 4239.49 4242.74 4244.72 4242.06 4236.61 4226.24 4215.11 4205.76 4200.07 4196.15 4193.17 4190.51 4188.67 4189.44 4190.35 4186.59 4183.07 4185.56 4194.12 4187.43 4184.33
4263.04 4264.17 4266.52 4268.75 4271.59 4275.56 4272 4271.07 4270.31 4270.5 4271.04 4276.74 4279.62 4273.38 4270.41 4275.18 4283.93 4273.64 4282.4 4271.47 4254.11 4236.05 4238.03 4238.16 4237.96 4237.62 4236.5 4234.63 4230.68 4232.26 4238.79 4248.01 4251.75 4250.77 4257.27 4258.28 4254.99 4253.88 4250.81 4247.18 4244.58 4238.63 4235.51 4235.49 4240.94 4241.97 4241.83 4242.25 4240.68 4240.21 4236.08 4226.43 4216.62 4208.01 4201.23 4195.55 4191.13 4187.19 4183.37 4181.04 4178.75 4170.27 4177.33 4180.84 4177.94 4182.12 4182.85
4262.62 4265.4 4267.36 4267.59 4267.15 4266.19 4269.89 4271.13 4272.49 4273.94 4277.5 4292.8 4296.08 4277.77 4268.34 4271.94 4271.85 4268.16 4279.27 4286.86 4260.31 4236.53 4242.11 4240.73 4239.81 4241.54 4243.73 4244.41 4243.3 4242.66 4243.9 4245.93 4255.3 4259.29 4261.4 4268.01 4268.58 4259.99 4254.58 4250.8 4248 4242.09 4238.7 4237.3 4241.15 4241.65 4242.81 4243.72 4241.92 4237.22 4231.17 4224.89 4217.61 4209.68 4201.4 4194.7 4189.16 4184.99 4181.55 4177.91 4166.34 4166.02 4189.16 4191.55 4187.32 4186.18 4185.38
4260.33 4263.92 4266.36 4268.23 4259.59 4263.62 4267.42 4271.53 4276 4279.61 4284.31 4301.73 4300.43 4284.01 4273.91 4269.12 4265.4 4280.34 4298.68 4313.31 4276.17 4246.54 4245.93 4242.09 4244.42 4249.05 4252.07 4255.68 4261.94 4254.46 4249.09 4245.53 4248.6 4255.2 4259.27 4262.91 4264.12 4260.43 4255.32 4251.29 4245.8 4240.98 4242.44 4244.32 4237.78 4239.71 4241.56 4244.03 4241.56 4234.29 4228.05 4222.39 4216.65 4208.58 4200.32 4193.51 4187.83 4183.03 4180.6 4180.49 4185.62 4193.2 4193.71 4192.99 4189.59 4188.99 4185.24
4257.57 4260.63 4263.38 4262.59 4253.3 4253.86 4262.92 4272.5 4279.84 4285.85 4290.52 4291.44 4291.51 4295.71 4297.45 4290.89 4292.02 4294.18 4303.71 4316.24 4287.91 4253.88 4240.63 4244.62 4249.82 4255.98 4259.37 4261.86 4262.02 4258.69 4253.92 4250.02 4250.64 4251.53 4253.79 4255.28 4257.31 4257.62 4255.16 4250.81 4241.37 4240.33 4243.72 4245.29 4243.4 4241.4 4238.38 4235.12 4233.42 4229.84 4224.88 4219.4 4214.29 4206.11 4198.73 4192.07 4186.02 4180.83 4176.44 4177.04 4185.23 4195.02 4191.16 4190.91 4189.23 4190.05 4189.23
4254.95 4258.44 4260.16 4257.89 4247.22 4258.28 4268.64 4274.97 4281.78 4291.12 4301.06 4300.48 4297.85 4305.68 4312.41 4315.65 4298.99 4318.22 4311.9 4311.22 4300.67 4276.35 4252.55 4255.8 4260.26 4264.91 4267.48 4269.08 4267.72 4262.6 4256.9 4251.66 4243.94 4246.1 4249.57 4252.2 4254.28 4254.95 4253.79 4250.7 4244.18 4244.74 4246.74 4248.66 4248.57 4243.1 4236.67 4227.85 4227.76 4227.73 4222.22 4215.21 4208.43 4202.65 4196.59 4190.65 4184.61 4178.66 4172.85 4168.83 4190.01 4196.39 4196.01 4187.92 4183.83 4188.76 4187.28
4252.87 4256.82 4257.55 4255.11 4247.87 4260.97 4271.07 4274.73 4281.07 4292.82 4310.12 4310.01 4308.33 4317.95 4325.11 4336.01 4331.42 4330.77 4317.89 4327.61 4319.21 4311.48 4294.58 4274.37 4272.57 4273.33 4275.02 4274.38 4271.99 4266.89 4258.13 4248.36 4240.24 4243.85 4246.65 4250.91 4252.63 4254.42 4254.34 4254.81 4248.9 4250.08 4249.95 4246.16 4245.74 4244.03 4239.23 4234.09 4229.71 4224.87 4219.55 4211.54 4204.33 4199.58 4194.26 4188.29 4182.85 4177.84 4175.25 4180.09 4192.96 4194.64 4188.72 4183.01 4177 4174.96 4180.7
4252.91 4256.39 4258.4 4254.66 4253.94 4257.95 4263.8 4269.35 4274.03 4281.28 4296.04 4310.27 4327.83 4331.3 4343.63 4347.2 4347.97 4338.97 4331.58 4336.76 4327.72 4314.17 4295.97 4287.83 4283.41 4281.95 4282.12 4281.47 4278.69 4273.16 4264.92 4253.81 4250.01 4247.8 4247.6 4248.5 4252.08 4254.99 4254.55 4248.72 4235.76 4251.42 4254.63 4252.06 4251.81 4246.83 4242.04 4238.43 4230.24 4223.69 4218.06 4211.17 4204.96 4198.85 4193.59 4188.09 4182.71 4178.39 4176.36 4178.76 4181.31 4177.7 4179.59 4179.16 4178.18 4184.56 4188.44
4252.2 4255.41 4259.87 4262.32 4254.01 4257.03 4263.63 4263.36 4265.46 4265.69 4266.11 4296.63 4318.64 4326.28 4335.39 4349.63 4343.28 4342.58 4343.15 4339.73 4324.65 4306.32 4301.66 4297.19 4291.61 4288.3 4287.39 4287.42 4285.37 4280.67 4276.97 4268.4 4255.54 4253.22 4253.63 4254.85 4256.56 4258.04 4257.62 4254.2 4247.81 4257 4261.94 4261.19 4256.23 4248.5 4241.59 4236.14 4228.61 4219.8 4216.64 4211.29 4205.68 4199.94 4193.63 4187.35 4182.05 4176.71 4172.58 4170.45 4171.1 4172.33 4175.73 4177 4178.95 4181.34 4180.17
4251.8 4254.67 4254.64 4252.89 4254.3 4253.9 4255.54 4257.6 4257.16 4260.52 4274.19 4285.58 4295.22 4313.01 4325.62 4325.12 4329.47 4337.31 4342.76 4331.63 4314.71 4299.14 4291.37 4298.37 4296.43 4293.79 4291.35 4285.37 4286.32 4286.53 4282.93 4273.73 4262.15 4257.35 4259.61 4262.66 4260.76 4261.06 4262.85 4258.92 4249.54 4261.33 4268.39 4269.22 4255.87 4249.97 4242.03 4234.33 4233.13 4229.87 4221.26 4215.33 4209.3 4202.94 4196.33 4190.16 4183.67 4177.89 4170.91 4165.15 4169.5 4178.59 4175.88 4175.19 4176.36 4177.07 4175.68
4252.47 4255.94 4257.21 4253.57 4244.21 4245.35 4253.67 4253.05 4252.74 4256.27 4266.59 4277.71 4297.48 4300.2 4306.18 4323.2 4329.82 4346.93 4346.81 4330.16 4308.62 4297.09 4292.41 4299.45 4299.93 4298.45 4296.66 4295.7 4293.16 4292.3 4286.92 4264.26 4255.99 4257.84 4260.09 4262.08 4261.86 4262.06 4263.1 4262.55 4256.17 4266.86 4269.21 4265.31 4255.31 4255.11 4250.25 4242.89 4234.91 4229.69 4226.18 4221.69 4214.87 4207.04 4199.58 4192.69 4185.39 4178.88 4173.39 4172.8 4178.55 4184.87 4172.11 4172.81 4173.76 4169.78 4176.09
4254.91 4257 4261.19 4258 4253.15 4253.09 4253.59 4249.96 4248.32 4245.45 4255.08 4265.38 4264.55 4274.12 4288.16 4306.59 4318.63 4337.63 4335.27 4326.94 4312.01 4303.4 4304.89 4303.61 4302.7 4302.23 4300.61 4297.13 4296.7 4295.36 4296.44 4272.58 4259.82 4259.49 4259.94 4261.12 4260.98 4260.9 4258.83 4256.26 4259.64 4263.33 4263.24 4259.09 4267.57 4265.4 4257.59 4248.79 4240.24 4233.34 4230.47 4227.35 4220.18 4210.75 4202.24 4193.55 4185.26 4176.93 4170.8 4166.07 4166.19 4169.79 4166.87 4171.13 4174 4178.35 4182.95
4257.44 4255.08 4255.05 4255.28 4255.32 4253.22 4245.81 4247.85 4247.44 4247.83 4253.96 4261.52 4270.1 4281 4292.8 4299.34 4307.87 4317.4 4329.26 4324.77 4305.25 4309.83 4313.48 4303.94 4305.75 4306.62 4306.59 4304.36 4298.25 4291.32 4282.62 4278.97 4267.24 4262.82 4262.75 4261.5 4259.81 4259.1 4259.4 4259.69 4262.82 4270.29 4277.76 4279.2 4286.42 4273.25 4264.78 4255.72 4243.23 4237.95 4234.22 4228.27 4222.02 4213.97 4205.4 4196.58 4187.98 4179.53 4169.98 4158.82 4148.18 4167.07 4168.36 4171.93 4175.54 4181.99 4184.1
4257.29 4250.08 4247.92 4249.63 4253.5 4257.81 4255.3 4254.41 4250.41 4247.27 4253.5 4260.82 4268.11 4275.39 4292.42 4300.43 4290.84 4307.46 4310.85 4312.23 4311.8 4313.14 4320.73 4314.82 4311.12 4309.69 4308.9 4306.56 4297.94 4288.49 4275.11 4276.78 4269.28 4263.59 4258.82 4259.95 4259.86 4259.32 4258.99 4260.85 4263.86 4268.65 4273.45 4282.41 4278.3 4274.57 4267.19 4264.42 4259.93 4248.17 4239.45 4232.17 4225.21 4217.96 4210.13 4201.9 4193.21 4184.34 4176 4171.63 4176.49 4177.56 4170.54 4170.2 4173.07 4176.08 4181.78
4254.83 4245.74 4236.42 4245.94 4251.66 4254.37 4265.66 4266.48 4255.4 4251.45 4254.82 4263.48 4272.9 4273.06 4292.07 4309.91 4288.34 4290.28 4299.41 4305.28 4312.45 4308.45 4302.65 4312.61 4314.92 4311.1 4305.81 4300.82 4295.65 4289.92 4283.87 4273.7 4268.38 4263.1 4260.33 4261.34 4263.14 4263.02 4258.07 4257.67 4267.45 4273.15 4279.95 4281.83 4278.72 4279.2 4282.44 4270.35 4264.02 4252.92 4243.52 4235.99 4229.73 4222.48 4214.43 4205.99 4197.61 4190.77 4183.21 4175.77 4173.38 4186.71 4170.65 4169.34 4173.92 4171.84 4168.6
