real_craters/C157-300m.grd
DSAA
380 380
-56.805 56.805
-56.805 56.805
7089.6956156398 10000.888244749
[rows 210 to 239 of 380, columns 67 to 133 of 380]
8780.49 8778.67 8779.26 8776.28 8771.08 8767.79 8765.66 8764.47 8762.64 8761.09 8762 8762.64 8760.88 8759.22 8758.97 8758.25 8757.92 8758.49 8758.48 8757.57 8756.82 8755.26 8753.44 8751.39 8749.46 8747.78 8746.88 8747.23 8748.71 8750.88 8751.96 8745.76 8733.55 8732.52 8738.85 8747.5 8758.81 8769.26 8778.93 8787.63 8794.52 8797.02 8786.79 8767.85 8747.78 8732.89 8727.81 8725.32 8722.09 8718.75 8715.64 8713.59 8710.66 8707.67 8705.23 8703 8701.29 8700.37 8698.16 8700.29 8704.84 8712.62 8722.3 8737.44 8757.47 8777.8 8798.88
8779.5 8776.31 8773.36 8771.9 8769.38 8767.16 8766.01 8765.26 8763.55 8762.83 8762.54 8762.64 8761.91 8760.99 8760.83 8760.42 8759.84 8760.4 8760.5 8759.9 8758.33 8756.33 8754.3 8752.52 8750.68 8748.99 8747.78 8747.62 8749.82 8752.92 8756.79 8748.92 8726.26 8728.81 8742.91 8755.82 8764.3 8771.26 8777.89 8783.46 8787.09 8786.91 8777.91 8763.35 8745.92 8731.69 8730.06 8729.21 8726.47 8723.78 8720.8 8717.83 8714.82 8711.92 8709.51 8707.45 8705.86 8706.03 8706.68 8709.28 8714.19 8721.07 8727.47 8739.19 8751.46 8766.05 8781.84
8778.56 8774.42 8769.93 8768.41 8767.59 8766.07 8764.56 8764.12 8762.92 8762.39 8762.63 8763.03 8763.3 8763.39 8763.18 8763.92 8761.59 8761.59 8762.47 8762.07 8759.69 8757.41 8755.38 8753.36 8751.49 8749.99 8748.97 8748.9 8749.34 8750.63 8752.66 8748.19 8738.1 8739.29 8749.93 8763.45 8768.27 8772.64 8776.61 8779.19 8779.59 8778.15 8771.48 8762.28 8751.24 8741.87 8738.98 8735.87 8732.07 8728.69 8725.28 8721.58 8718.48 8715.32 8712.25 8710.74 8709.78 8710.19 8712.27 8716.38 8722.79 8727.67 8731.36 8738.58 8746.71 8755.21 8769.29
8779.51 8775.32 8771.67 8769.25 8767.68 8766.06 8764.3 8763.02 8762.27 8762.1 8762.58 8763.18 8763.73 8763.96 8763.99 8765.01 8763.67 8762.16 8762.58 8762.08 8760.06 8758.15 8756.32 8754.41 8752.61 8750.96 8749.64 8748.87 8747.87 8746.26 8742.31 8743.55 8747.86 8748.69 8755.26 8762.74 8769.2 8773.3 8775.75 8776.42 8773.75 8768.21 8768.08 8764.12 8760.17 8759.5 8751.14 8744.13 8739.51 8735.68 8731.97 8727.27 8723.72 8720.53 8717.5 8714.04 8712.13 8712.96 8715.36 8721.38 8730.05 8734.17 8732.8 8736.49 8741.47 8748.65 8759.8
8783.32 8778.36 8773.67 8771.73 8769.83 8767.66 8765.97 8765.08 8763.36 8763.48 8764 8764.4 8764.28 8764.16 8763.72 8761.91 8761.43 8761.66 8760.37 8760.35 8759.73 8758.47 8756.95 8755.29 8753.57 8751.84 8749.87 8747.42 8747.28 8746.17 8742.99 8743.59 8747.47 8752.09 8758.56 8765.28 8770.83 8774.23 8775.93 8776.21 8775.09 8772.29 8769.73 8766.73 8763.52 8759.75 8753.98 8750.56 8746.83 8742.84 8739.11 8733.94 8728.98 8724.83 8720.71 8717.93 8715.63 8715.57 8716.68 8721.32 8728.54 8731.63 8729.94 8732.83 8736.66 8742.91 8752.39
8790.98 8785.28 8779.59 8777.25 8774.36 8771.07 8767.97 8766.98 8766.82 8767.48 8769.15 8768.25 8766.28 8765.8 8765.28 8763.61 8763.8 8762.78 8761.19 8760.6 8759.89 8758.85 8757.59 8756.01 8754.44 8752.89 8751.32 8750.09 8749.11 8748.73 8749.72 8745.96 8746.24 8753.32 8761.13 8768.17 8773.44 8776.14 8776.93 8776.78 8777.93 8777.01 8772.71 8769.99 8766.57 8760.12 8759.22 8757.02 8752.83 8748.03 8743.82 8739.23 8734.18 8729.86 8724.01 8720.8 8718 8715.72 8716.75 8716.88 8717.37 8721.18 8724.86 8729.59 8732.91 8738.79 8747.61
8802.58 8797.69 8792.04 8786.41 8781.35 8776.82 8773.49 8772.26 8770.71 8771.63 8772.89 8772.61 8771.55 8769.43 8768.29 8769.05 8767.44 8765.14 8763.11 8762.09 8760.89 8759.61 8758.37 8756.97 8755.52 8754.1 8752.96 8752.29 8750.66 8748.78 8747.04 8745.51 8747.39 8755.16 8764.12 8772.02 8777.51 8779.31 8778.57 8776.25 8773.2 8773.35 8774.25 8774.04 8773.65 8774.1 8770.74 8765.23 8760.37 8754.86 8748.52 8743.03 8738.49 8733.04 8727.62 8723.22 8719.82 8716.21 8713.68 8713.53 8714 8716.09 8720.58 8726.39 8730.9 8737.53 8745.72
8816.23 8810.41 8804.23 8796.92 8789.88 8783.56 8779.52 8778.06 8776.04 8776.83 8777.77 8776.59 8774.51 8772.43 8770.4 8768.12 8768.64 8767.27 8765.81 8763.96 8762.3 8760.73 8759.64 8757.92 8756.55 8755.28 8753.96 8752.62 8751.13 8749.58 8747.08 8745.99 8749.29 8757.71 8767.62 8777.32 8783.53 8783.44 8781.2 8776.97 8771.44 8772.7 8776.64 8778.77 8779.99 8777.96 8774.88 8772.89 8767.46 8761.16 8754.83 8748.14 8741.67 8735.63 8730.53 8725.84 8720.26 8716.23 8712.17 8713.87 8713.19 8714.48 8718.39 8724.71 8730.27 8736.85 8745.02
8829.75 8822.87 8815.68 8808.14 8800 8791.02 8784.8 8783.86 8782.31 8782.61 8782.97 8780.09 8777.88 8774.56 8772.33 8771.35 8769.71 8768.52 8767.59 8765.13 8763.81 8762.23 8761.06 8759.45 8758.08 8756.69 8755.23 8753.53 8752.3 8751.68 8750.24 8747.41 8751.4 8760.49 8770.89 8780.64 8786.63 8788.07 8785.45 8781.19 8776.24 8777.97 8781.81 8784.63 8787.7 8789.35 8789.2 8782.95 8774.22 8766.21 8758.26 8751.63 8745.21 8738.21 8732.2 8726.84 8720.28 8715.63 8714.27 8712.04 8709.51 8712 8716.09 8723.47 8730.17 8737.45 8746.39
8841.95 8832.99 8826.83 8820.48 8812.88 8803.36 8795.11 8790.75 8787.95 8786.73 8785.3 8781.36 8777.56 8776.02 8773.85 8772.31 8771.55 8768.93 8766.35 8765.98 8764.88 8763.53 8762.14 8760.77 8759.37 8758.02 8756.67 8755.37 8754.1 8752.47 8751.48 8751.25 8755.36 8763.22 8773.25 8784.96 8794.45 8792.97 8789.85 8788.44 8785.82 8786.85 8788.41 8790.28 8793.96 8799.47 8802.98 8789.28 8778.02 8769.31 8760.52 8753.05 8746.17 8738.46 8731.99 8726.36 8724.72 8719.7 8718.35 8714.86 8711.05 8711.65 8716.6 8723.68 8731.74 8741.69 8751.14
8853.36 8843.86 8838.9 8834.28 8828.64 8821.78 8812.46 8801.47 8794.72 8790.23 8786.61 8784.88 8781.83 8778.31 8776.08 8777.4 8774.53 8772.05 8769.61 8767.55 8765.98 8764.56 8763.11 8761.67 8760.32 8759.05 8757.9 8756.89 8755.43 8753.8 8753.5 8755.9 8758.95 8764.74 8772.39 8782.16 8799.18 8789.09 8790.31 8795.11 8801.82 8795.88 8793.9 8793.62 8794.86 8795.58 8793.24 8784.55 8777.19 8767.78 8759.55 8752.5 8745.38 8742.96 8736.89 8731.96 8732.19 8726.89 8723.72 8719.4 8715.8 8714.25 8717.39 8723.11 8732.75 8746.42 8759.23
8865.56 8859.23 8853.45 8848.04 8843.82 8840.52 8830.99 8819.08 8810.65 8797.41 8790.76 8788.9 8784.97 8780.45 8777.8 8779.27 8776.22 8773.39 8771.21 8769.44 8767.9 8766.48 8764.97 8763.51 8762.09 8760.67 8759.46 8758.55 8757.99 8756.1 8755.37 8756.54 8760.58 8765.48 8769.9 8770.3 8758.57 8774.91 8787.98 8794.58 8797.11 8798.55 8796.69 8795.51 8793.35 8789 8780.21 8778.2 8774.31 8768.8 8766.09 8755.44 8750.04 8750.11 8745.11 8740.16 8739.24 8734.36 8727.99 8722.52 8718.72 8714.43 8714.15 8718.33 8728.08 8747.44 8770.65
8876.71 8875.32 8866.1 8858.32 8853.06 8850.31 8842.44 8835.66 8826.02 8818.96 8805.82 8792.11 8785.67 8781.88 8779.12 8777.96 8776.25 8774.28 8772.56 8771.22 8769.92 8768.67 8767.15 8765.62 8763.98 8762.32 8760.82 8759.41 8758.12 8757.23 8756.27 8757.43 8762.09 8767.58 8772 8773.11 8770.34 8781.65 8792.54 8798.12 8799.86 8800.11 8798.22 8796.05 8792.72 8788.6 8783.96 8779.69 8772.86 8771.98 8767.99 8763.72 8760.59 8756.26 8751.89 8747.24 8743.41 8737.14 8731.19 8724.09 8718.11 8710.92 8706.64 8704.1 8710.55 8731.36 8769.79
8879.88 8879.95 8870.98 8862.47 8855.39 8848.53 8844.41 8837.26 8829.49 8829.86 8818.61 8801.85 8790.88 8783.89 8778.79 8777.18 8775.87 8775.5 8774.1 8773.13 8772.11 8770.94 8769.46 8767.86 8765.99 8763.98 8761.79 8759.78 8758.04 8757.82 8756.62 8758.18 8764.61 8771.91 8779.13 8786.43 8797.82 8802.3 8802.98 8805.65 8805.59 8802.65 8799.45 8796.17 8792.02 8788.35 8787.27 8779.52 8770.03 8769.93 8766.59 8763.93 8761.06 8758.52 8754.88 8750.11 8745.44 8738.05 8733.24 8726.5 8716.93 8703.53 8692.02 8681.98 8676.83 8682.76 8704.11
8875.15 8873.69 8867.91 8860.89 8854.99 8849.63 8845.86 8843.03 8838.58 8835.02 8825.14 8813.53 8797.42 8786.04 8778.89 8776.09 8775.38 8775.13 8775.38 8775.29 8774.85 8773.83 8772.4 8770.59 8768.57 8766.23 8763.66 8760.96 8758.42 8757.28 8757.22 8760.53 8768.31 8777.72 8787.7 8797.97 8807.04 8811.84 8812.41 8808.26 8806.83 8804.83 8800.96 8796.12 8790.39 8784.07 8776.61 8769.98 8766.41 8766.67 8764.19 8761.86 8759.51 8756.65 8750.64 8747.56 8744.47 8737.82 8733.96 8727.54 8714.03 8696.8 8678.1 8658.02 8636.54 8615.75 8597.4
8868.01 8865.83 8860.18 8854.2 8849.23 8846.52 8842.69 8842.75 8842.42 8840.16 8826.18 8809.75 8798.49 8786.8 8778.37 8776.73 8776.27 8776.6 8777.67 8778.22 8778 8776.98 8775.43 8773.91 8771.61 8769.02 8766.17 8763.18 8760.24 8758.72 8758.83 8763.43 8772.66 8783.66 8795.66 8807.93 8817.93 8823.74 8824.8 8817.76 8812.74 8807.89 8801.91 8795.62 8788.85 8781.03 8770.87 8765.25 8766.47 8765.22 8760.49 8757.77 8753.92 8751.9 8744.63 8742.43 8742.18 8740.11 8735.63 8726.99 8712.25 8693.01 8669.08 8640.13 8604.34 8560.43 8508.83
8855.38 8853.4 8848.48 8843.72 8839.06 8834.43 8832.88 8832.95 8838.06 8837.23 8826.16 8812.89 8800.71 8788.25 8778.01 8778.27 8779.89 8780.88 8782.23 8782.29 8781.4 8779.98 8778.26 8776.87 8774.47 8771.85 8769.11 8766.48 8764 8762.84 8762.24 8767.38 8777.15 8788.94 8802.09 8816.37 8832.08 8844.54 8838.82 8834.03 8821.67 8811.1 8803.28 8795.19 8788.57 8782.08 8776.74 8773.72 8770.53 8764.4 8758.97 8755.25 8751.7 8746.3 8744.07 8742.71 8742.17 8741.76 8739.15 8730.27 8713.76 8692.47 8666.79 8635.79 8595.49 8542.93 8482.61
8839.14 8836.79 8833.19 8830.34 8829.65 8827.23 8822.87 8822.92 8826.38 8827.44 8827 8820.07 8807.36 8793.15 8783.77 8784.78 8788.03 8789.54 8789.24 8788.22 8786.7 8784.81 8782.48 8780.26 8777.84 8775.42 8772.85 8770.52 8768 8767.48 8766.78 8771.84 8781.22 8792.8 8805.72 8819.55 8833.6 8843.2 8840.82 8838.11 8823.02 8811.19 8802.06 8794.25 8787.78 8782.7 8779.99 8778.69 8772 8764.41 8760.02 8756.89 8753.69 8748.33 8745.76 8743.41 8740.48 8741.39 8744.46 8739.33 8717.86 8695.89 8672.83 8647.26 8615.67 8574.42 8523.35
8820.41 8818.06 8815.64 8813.63 8812.75 8812.96 8813.34 8815.77 8820.24 8826.27 8828.75 8826.15 8817.44 8804.15 8793.09 8795.72 8799.27 8799.67 8797.43 8794.99 8792.48 8789.93 8787.39 8784.55 8782.01 8779.61 8777.32 8775.28 8773 8771.92 8769.72 8775.69 8784.65 8795.12 8806.54 8817.88 8827.36 8831.34 8827.98 8821.85 8813.56 8805.25 8798.21 8791.39 8784.52 8779.72 8775.23 8770.18 8767.32 8762.02 8758.64 8756.17 8753.92 8749.5 8746.21 8742.53 8737.74 8735.71 8737.47 8733.28 8716.33 8700.87 8685.89 8670.89 8658.75 8649.14 8634.69
8794.19 8797.09 8797.8 8796.86 8795.14 8798.92 8804.31 8809.79 8815.21 8823.96 8830.81 8832.99 8830.94 8825.99 8811.55 8810.25 8811.3 8809.24 8805.43 8801.82 8798.49 8795.35 8792.36 8789.26 8786.62 8784.16 8782.03 8780.53 8779.63 8777.08 8775.6 8779.79 8787.22 8796.19 8805.62 8814.36 8820.31 8820.46 8811.27 8801.89 8800.44 8797.21 8792.25 8786.79 8781.21 8775.03 8769.57 8764.52 8761.18 8758.62 8756.37 8754.17 8751.22 8748.7 8744.69 8740.17 8733.14 8726.58 8718.67 8712.59 8710.34 8703.74 8698.09 8695.16 8702.81 8728.79 8779.99
8774.16 8780.57 8783.62 8784.35 8785.31 8790.86 8797.96 8806.55 8815.5 8823.23 8833.17 8838.76 8842.07 8846.26 8832.91 8824.29 8820.53 8816.72 8812.07 8807.77 8803.9 8800.33 8797.04 8794.04 8791.19 8788.6 8786.32 8784.52 8783.57 8782.61 8778.58 8783.43 8789.66 8796.95 8804.43 8811.17 8815.61 8814.49 8803.71 8793.04 8791.71 8789.51 8786.26 8781.65 8776.68 8770.88 8764.04 8758.2 8753.73 8753.61 8753.29 8751.22 8750.01 8746.72 8742.74 8737.42 8730.11 8721.61 8712.93 8707.78 8708.32 8707.35 8707.05 8710.47 8722.59 8747.08 8777.06
8769.97 8772.75 8775.07 8776.67 8779.65 8787.05 8796.23 8805.59 8815.93 8826.71 8837.47 8840.61 8843.8 8848.03 8839.58 8831.75 8828.39 8822.18 8817.08 8812.53 8808.47 8804.69 8801.01 8797.9 8794.75 8792.14 8789.7 8787.43 8785.31 8783.89 8785.53 8786.89 8791.23 8796.73 8802.42 8807.18 8811.4 8815.16 8806.41 8793.01 8786.32 8782.98 8780.31 8777.29 8773.47 8768.27 8760.75 8750.99 8748.86 8752.18 8752.16 8750.43 8749.65 8746.11 8741.19 8736.6 8729.52 8721.33 8715.17 8710.89 8710.59 8710.92 8712.29 8716.15 8723.64 8733.04 8751.4
8769.19 8770.36 8771.99 8773.01 8776.44 8786.19 8796.68 8805.35 8814.6 8828.41 8831.41 8835.42 8836.87 8836.3 8835.2 8831.51 8826.9 8824.19 8820.23 8816.05 8811.96 8808.31 8804.57 8801.28 8798.24 8795.41 8792.91 8790.19 8787.26 8784.35 8786.14 8788.51 8791.73 8795.75 8799.83 8803.28 8805.23 8804.29 8795.87 8786.54 8780.96 8778.16 8776.03 8774.34 8771.58 8768.17 8764.35 8758.78 8758.01 8757.46 8754.79 8751.34 8749.88 8746.22 8741.08 8737.64 8731.3 8724.24 8717.71 8714.63 8714.74 8714.96 8715.93 8717.81 8721.46 8725.79 8743.03
8769.37 8771.19 8773.43 8775.59 8779.09 8789.13 8797.73 8806.95 8816.32 8825.9 8830.98 8829.97 8828.97 8826.67 8830.29 8830.43 8828.06 8825.7 8822.51 8818.61 8814.81 8811.13 8807.03 8803.93 8800.93 8798.27 8795.92 8793.49 8790.6 8787.64 8787.14 8789.19 8791.81 8794.75 8797.45 8798.9 8798.25 8794.75 8781.53 8776.79 8775.65 8774.19 8773.33 8772.05 8771.23 8770.4 8770.87 8774.92 8775.23 8765.71 8760.23 8755.68 8750.87 8746.77 8742.32 8739.27 8734.86 8731.42 8727.29 8722.21 8720.17 8718.95 8718.69 8719.32 8722.07 8728.43 8745.52
8773.2 8773.87 8777.01 8782.66 8788.19 8793.98 8801.32 8805.56 8812.71 8818.73 8823.55 8825.54 8824.94 8824.54 8828.96 8831.67 8831.43 8827.79 8824.16 8820.35 8816.73 8813.23 8808.98 8805.87 8803.2 8800.66 8798.49 8796.4 8793.58 8789.49 8788.38 8789.91 8791.92 8794.11 8795.63 8795.71 8793.35 8787.44 8778.13 8774.36 8772.59 8771.98 8771.4 8771.28 8771.64 8772.5 8773.68 8776.25 8775.64 8768.49 8763.28 8758.84 8754.09 8750.27 8746.72 8742.61 8739.34 8737.18 8734.66 8728.89 8725.23 8722 8720.58 8720.62 8723.38 8730.45 8747.03
8774.79 8775.73 8778.74 8784.35 8788.23 8791.66 8796.51 8800.02 8806.33 8813.7 8819.44 8822.94 8823.1 8829.26 8830.89 8832.4 8831.94 8829 8825.22 8821.44 8817.79 8814.44 8811.06 8807.99 8805.48 8802.86 8800.49 8797.87 8795.39 8792.48 8790.81 8791.01 8792.25 8793.84 8794.83 8794.52 8791.99 8786.95 8780.17 8775.63 8773.21 8771.47 8771.72 8771.74 8772.23 8773.03 8773.2 8772.16 8768.56 8766.92 8764.22 8760.62 8757.07 8753.73 8750.78 8748.26 8745.54 8742.84 8738.34 8734.13 8728.82 8724.64 8722.33 8721.5 8723.91 8729.1 8743.57
8776.76 8777.29 8777.35 8780.67 8783.23 8785.75 8792.05 8799.34 8807.6 8815.51 8822.29 8825.28 8825.52 8829.34 8832.35 8832.68 8831.86 8830 8826.79 8823.41 8819.97 8816.57 8813.33 8810.29 8807.47 8804.74 8802.22 8799.76 8798.11 8796.27 8792.46 8792.36 8793.48 8795.04 8796.02 8796.09 8794.28 8789.25 8783.54 8778.13 8774.41 8772.67 8772.41 8772.51 8772.83 8773.17 8773.38 8771.62 8768.39 8767.72 8766.07 8763.07 8759.57 8756.03 8753.39 8751.6 8750.92 8750.72 8746.51 8739.12 8731.83 8726.76 8723.45 8722.21 8722.88 8726.72 8736.54
8786.72 8779.76 8773.53 8770.68 8775.69 8782.91 8792.24 8803.69 8814.62 8823.9 8827.36 8831.06 8834.61 8835.1 8834.83 8833.08 8832.14 8830.8 8828.31 8825.12 8821.73 8818.06 8814.88 8811.81 8809.03 8806.52 8804.09 8800.67 8800.5 8798.86 8793.37 8793.55 8794.85 8796.55 8798.05 8799.11 8799.03 8796.37 8787.56 8780.09 8775.75 8773.78 8773.25 8773.43 8774.21 8774.87 8775.04 8774.68 8773.54 8771.72 8768.23 8764.61 8760.78 8757.25 8754.4 8752.87 8752.9 8755.19 8750.75 8741.04 8732.65 8727.17 8723.44 8721.47 8721.41 8723.24 8728.64
8797.14 8780.77 8769.54 8765.32 8772.59 8781.09 8793.03 8805.53 8818.69 8833.79 8831.89 8833.59 8844.04 8841.43 8839.09 8833.81 8833.66 8832.14 8829.28 8825.96 8822.47 8819.04 8816.12 8812.7 8810.11 8807.9 8806.3 8805.63 8803.14 8800.21 8796.14 8795.61 8796.14 8797.43 8799.12 8801.18 8803.29 8804.38 8793.58 8781.22 8776.48 8775.22 8774.78 8775.32 8775.73 8776.84 8777.43 8778.06 8778.6 8774.71 8770.56 8765.89 8761.16 8756.92 8753.48 8750.74 8749.39 8749.57 8745.37 8737.7 8730.77 8725.4 8721.98 8720.33 8719.93 8720.95 8722.84
8793.78 8777.21 8765.9 8763.41 8776.02 8788.53 8795.57 8802.9 8812.69 8821.51 8816.13 8827.89 8845.77 8846.79 8845.04 8843.03 8838.54 8834.04 8829.94 8825.98 8822.17 8818.51 8815.38 8812.44 8809.82 8808.04 8806.9 8805.79 8804.18 8801.85 8799.58 8797.64 8796.66 8797.23 8798.71 8800.92 8803.59 8805.95 8791.95 8779.27 8776.89 8776.85 8777.11 8776.72 8777.82 8778.47 8779.41 8780.22 8778.05 8776.31 8772.59 8766.53 8760.43 8754.97 8750.3 8746.39 8742.83 8738.64 8735.89 8731.53 8726.86 8722.68 8719.67 8718.14 8718.17 8718.92 8719.45
