real_craters/C157-1000m.grd
DSAA
66 66
-32.46 32.46
-32.46 32.46
2982.5719747665 5554.3400823467
[rows 30 to 59 of 66, columns 0 to 65 of 66]
4723.7 4721.66 4720.87 4746.27 4744.28 4752 4752.77 4749.33 4743.6 4741.2 4732.57 4728.27 4738.96 4865.27 5025.88 5174.18 5062.06 5081.01 4977.23 4610.94 4331.68 4184.37 4100.1 3947.19 3732.28 3570.83 3520.8 3514.74 3535.56 3551.07 3572.9 3618.58 3634.85 3595.49 3442.98 3109.28 3198.5 3258.62 3261.2 3306.18 3385.12 3499.9 3681.66 3797.92 4015.98 4120.16 4493.37 4957.81 5391.67 5415.59 5130.67 4882.05 4637.34 4609.69 4641.54 4673.51 4705.47 4751.56 4666.71 4639.18 4634.65 4647.23 4626.28 4629.17 4647.93 4651.65
4756.26 4724.79 4721.29 4732.93 4739.87 4748.72 4748.89 4747.2 4740.91 4721.86 4707.11 4715.13 4701.8 4834.47 5117.56 5194.55 5124.72 5092.46 4920.38 4628.34 4285.63 4094.29 4073.65 3932.29 3714.44 3560.37 3551.35 3552.23 3559.05 3577 3601.19 3616.39 3652.43 3661.29 3383.53 3109.81 3100.51 3269.97 3291.27 3327.32 3388.53 3478.65 3674.21 3821.99 3951.83 4072.95 4448.63 4934.12 5323.33 5350.29 5111.23 4760.35 4647.24 4623.92 4650.91 4678.3 4697.15 4691.6 4672.26 4654.03 4654.65 4644.54 4639.38 4636.62 4640.25 4638.54
4738.94 4724.76 4731.88 4713.74 4737.37 4744.87 4741.88 4721.32 4705.04 4683.34 4695.15 4656.3 4666.71 4855.81 5156.97 5118.17 5012.48 5165.3 5250.75 4942.53 4422.38 3888.44 3855.82 3798.6 3697.87 3603.51 3558.77 3547.72 3554.43 3574.84 3602.06 3606.11 3494.36 3596.07 3432.02 3128.12 2982.57 3278.33 3271.7 3261.2 3367.39 3457.76 3615.96 3755.56 3890.27 4107.18 4542.35 5023.8 5266.3 5428.56 5168.28 4823.07 4710.8 4689.08 4679.6 4680.93 4679.29 4663.24 4652.97 4658.09 4658.55 4654.11 4648.67 4631.38 4627.68 4627.31
4740.01 4742.98 4733.73 4722.08 4717.36 4724.41 4728.16 4730.2 4715.67 4697.08 4674.74 4661.39 4651.59 4787.62 5074.86 5041.5 5071.79 5163.24 5250.72 5040.46 4468.63 3915.34 3769.4 3703.24 3610.37 3542.4 3528.48 3522.9 3525.71 3536.94 3552.61 3549.23 3535.71 3512.53 3421.99 3210.41 3011.04 3267.11 3239.03 3234.96 3305.98 3371.8 3488.7 3674.36 3848.9 4319.18 4816.35 5097.57 5338.81 5496.43 5092.34 4721.2 4773.13 4772.96 4722.73 4705.02 4681.08 4669.8 4678.76 4652.27 4648.77 4648.03 4637.02 4637.16 4625.28 4625.89
4753.62 4753.08 4738.16 4739.87 4734.47 4720.7 4717.51 4718.7 4715.87 4705.4 4686.83 4669 4659.61 4741.85 4981 5088.87 4955.07 5051.58 5193.36 4961.26 4461.91 4010.94 3899.43 3722.59 3614.69 3522.75 3498.51 3497.7 3495.73 3489.19 3493.05 3518.13 3560.35 3515.55 3537.53 3319.34 3181.39 3162.85 3140.59 3167.9 3215.46 3256.29 3346.08 3494.5 3884.08 4521.73 5098.24 5260.21 5379.16 5546.55 5054.17 4751.03 4795.43 4855.9 4798.43 4735 4689.68 4655.88 4636.49 4640.69 4637.52 4654.72 4650.57 4636.98 4626.38 4627.5
4734.24 4747.78 4737.62 4735.23 4723.01 4729.9 4726.26 4713.69 4703.85 4691.35 4685.11 4660.98 4663.83 4832.41 4999.61 5086.65 5018.09 5076.89 5205.76 4915.01 4515.95 4066.64 3861.65 3713.84 3530.9 3477.11 3460.69 3442.02 3428.48 3424.07 3436.23 3482.88 3558.21 3626.06 3555.98 3396.29 3238.27 3179.02 3161.52 3193.49 3189.08 3179.88 3281.79 3420.27 3883.47 4536.94 5120.5 5382.61 5356.36 5548.6 5033.89 4799.79 4783.15 4737.47 4763.96 4724.35 4687.16 4655.23 4637.92 4624.56 4633.59 4620.91 4628.13 4640.92 4628.95 4626.63
4727.47 4740.54 4741.79 4752.24 4729.82 4724.9 4722.65 4710.28 4712.76 4729.34 4710.04 4681.04 4670.08 4705.59 4927.29 5102.96 5133.85 5196.99 5290.26 5061.49 4698.14 4084.98 3894.8 3758.67 3592.08 3491.06 3440.14 3405.84 3384.33 3374.81 3387.03 3448.6 3550.29 3627.91 3551.19 3430.17 3293.4 3227.31 3057.24 3212.77 3223.32 3210.67 3281.41 3454.34 3931.31 4584.37 5187.94 5361.26 5319.43 5432.9 4996.55 4809.78 4768.14 4721.14 4701.4 4697.85 4680.25 4661.08 4659.13 4653.44 4641.15 4635.82 4637.96 4656.72 4618.07 4617.46
4728.84 4721 4717.93 4725.5 4740.03 4719.15 4717.96 4726.72 4729.75 4741.75 4723.09 4682.82 4655.26 4663.53 4951.25 5171.92 5190.27 5243.65 5303.08 5181.08 4925.77 4385.9 3999.25 3802.82 3680.66 3499.89 3414.71 3372.87 3345.34 3330.36 3335.23 3400.94 3509.76 3621.4 3574.47 3448.95 3331.39 3245.5 3125.41 3145.59 3237.66 3287.38 3348.78 3550.57 3994.8 4596.27 5184.64 5379.97 5398.2 5152.57 4781.62 4790.33 4699.38 4680.08 4668.4 4681.88 4667.74 4653.25 4653.64 4641.45 4643.56 4626 4623.83 4630.25 4615.96 4610.71
4694.06 4697.37 4712.07 4718.31 4731.65 4702.35 4707.08 4710.05 4722.26 4736.96 4716.85 4681.3 4637.21 4773.57 5059.71 5084.55 5146.57 5194.6 5264.49 5258.74 5145.1 4876.09 4211.41 3765.77 3452.42 3400.41 3362.64 3325.03 3298.28 3287.32 3309.3 3367.33 3457.26 3572.47 3547.96 3424.74 3275.71 3195.18 3215.51 3016.32 3271.69 3369.59 3476.33 3725.54 4169.56 4716.31 5276.27 5432.5 5360.69 4963.61 4742.66 4742.35 4699.1 4684.66 4699.98 4683.72 4663.72 4643.61 4631.98 4640.65 4627.51 4624.65 4620.8 4621.03 4606.31 4599.42
4682.66 4685.02 4693.35 4705.33 4711.6 4727.44 4709.19 4700.38 4700.28 4720.12 4700.81 4677.23 4649.18 4800.58 5017.26 5117.29 5178.77 5343.19 5361.22 5288.66 5289.01 5130.06 4402.92 3865.7 3417.85 3350.03 3336.83 3313.4 3276.74 3262.31 3279.24 3340.5 3430.11 3575.18 3534.28 3408.58 3236.35 3152.45 3182.86 3003.03 3335.95 3447.36 3574.2 3923.51 4421.01 4959.27 5357.27 5494.3 5496.7 5105.46 4751.3 4674.18 4691.8 4696.82 4711.63 4677.09 4657.09 4645.08 4643.22 4626.88 4627.05 4633.66 4616.8 4605.28 4592.39 4585.05
4662.4 4675.2 4678.9 4705.54 4710.95 4716.82 4701.87 4705.05 4706.44 4705.15 4698.52 4681.88 4689.08 4718.99 4772.42 4974.66 5135.36 5194.23 5188.32 5333.21 5328.49 5181.63 4521.51 4000.98 3506.62 3387.2 3348.43 3317.05 3281.49 3250.42 3249.81 3328.25 3437.56 3546.03 3532.98 3415.79 3247.84 3185.97 3214.12 3276.76 3256.62 3561.65 3670.38 4125.76 4693.13 5153.23 5410.32 5527.95 5391.17 5147.72 4806.71 4653.86 4641.71 4644.28 4681.48 4671.15 4647.06 4629.3 4638.03 4615.02 4614.93 4616.03 4616.91 4609.03 4588.03 4575.85
4672.62 4683.72 4699.48 4703.85 4706.67 4715.26 4702.05 4721.01 4742.4 4716.35 4706.47 4707.83 4714.25 4737.73 4727.61 4795.64 5093.68 5300.79 5257.12 5326.22 5280.43 5120.38 4593.76 4094.06 3632.78 3492.81 3410.49 3363.08 3323.78 3282.53 3260.03 3339.94 3421.35 3530.49 3534.13 3454.25 3255.93 3233.55 3298.61 3417.19 3439.82 3734.96 3974.14 4241.37 4639.87 5131.97 5537.64 5382.66 5208.36 5089.87 4821.88 4680.84 4656.12 4639.34 4637.36 4651.46 4639 4632.5 4626.96 4603.62 4605.56 4602.56 4615.6 4610.56 4584.42 4568.2
4677.5 4684.38 4711.3 4720.39 4733.7 4724.55 4710.26 4723.08 4745.97 4717.98 4706.06 4697.67 4707.78 4694.06 4666.34 4804.94 5051.71 5347.87 5367.38 5297.31 5253.77 5160.07 4713.2 4224.09 3801.71 3648.17 3560.99 3474.23 3417.37 3382.84 3359.54 3377.53 3399.26 3449.08 3503.15 3466.75 3274.66 3248.7 3318.33 3543 3807.53 3903.96 4157.92 4324.7 4677.12 5041.29 5269.85 5078.91 4983.12 4907.57 4728.54 4638.5 4658.58 4646.16 4619.13 4617.98 4624.5 4628.88 4612.36 4599.61 4619.64 4582.71 4609.18 4596.87 4568.24 4544.79
4675.74 4693.34 4719.98 4739.12 4749.93 4722.71 4697.56 4708.19 4710.37 4716.17 4713.22 4710.01 4702.17 4673.48 4657.23 4737.82 4921.16 5137.59 5293.13 5324.7 5398.59 5399.2 4905.79 4484.37 4051.7 3847.86 3686.66 3576.39 3499.79 3481.84 3450.59 3398.08 3415.28 3397.98 3466.74 3437.03 3291.3 3266.98 3440.42 3766.45 4025.88 4022.04 4199.32 4329.32 4439.61 4877.69 5037.3 4975.32 4871.01 4754 4705.94 4640.93 4649.23 4618.62 4620.53 4599.78 4589.64 4582.67 4587.43 4590.18 4588.47 4562.63 4581.08 4572.72 4557.36 4536.36
4702.6 4717.71 4726.97 4749.45 4769.49 4726.35 4711.86 4720.31 4721.33 4720.5 4715.13 4707.17 4701.1 4698.59 4686.54 4732.33 4791.29 4759.66 4945.55 5215.38 5418.63 5444.51 5216.02 4738.41 4315.97 4062.44 3857.4 3688.76 3539.7 3436.23 3363.66 3336.62 3310.16 3430.04 3452.12 3413.5 3293.93 3341.4 3524.25 3924.82 4058.96 4090.24 4260.66 4385.41 4349.06 4715.62 4974 4973.89 5041.57 5020.32 4789.11 4672.17 4656.05 4600 4608.56 4584.88 4580.92 4566.3 4564.3 4557.3 4553.81 4554.16 4555.51 4554.88 4554.02 4560.5
4699.9 4710 4728.16 4745.8 4757.26 4710.04 4706.84 4715.34 4729.71 4715.31 4707.52 4705.46 4704.46 4707.53 4706.25 4786.93 4790.32 4777.52 4726.12 4992.95 5199.23 5215.8 5286.28 4944.76 4567.05 4288.66 4055.88 3814.74 3591.22 3397.17 3288.4 3248.79 3306.07 3370.2 3399.55 3405.49 3394.55 3487.31 3751.67 4039.82 4145.51 4220.32 4289.6 4460.16 4452.17 4752.1 4986.14 5003.52 5196.15 5013.96 4790.8 4609.74 4599.12 4579.21 4587.06 4589.66 4595.85 4587.58 4570.74 4552.95 4550.58 4543.76 4520.49 4548.66 4546.67 4536.93
4718.53 4707.81 4712.49 4712.22 4709.95 4704.14 4693.74 4690.02 4692.67 4693.93 4699.01 4687.48 4692.21 4698.29 4769.99 4811.01 4798.52 4782.52 4704.89 4779.22 4744.57 4798.95 4914.89 5190.36 4788.94 4523.76 4260.6 4004.43 3697.87 3348.57 3272.96 3183.08 3139.54 3278.29 3347.14 3331.76 3466.17 3695.13 4009.48 4248.49 4267.48 4485.55 4638.37 4423.91 4630 4957.4 5011.32 5141.65 5069.9 4939.07 4732.42 4587.19 4573.04 4564.2 4573.48 4581.06 4588.99 4591.76 4593.66 4563.95 4555.28 4545.56 4555.67 4543.96 4542.31 4538.47
4739.51 4731.81 4719.14 4694.65 4708.29 4702.02 4698.58 4682.75 4687.03 4681.64 4665.3 4657.45 4655.11 4690.89 4725.08 4775.22 4769.37 4752.55 4787.07 4752.42 4702.81 4701.76 4721.26 4915.64 4825.73 4619.24 4456.7 4231.59 3953.82 3652.41 3503.48 3316.94 3202.2 3322.48 3433.97 3496.26 3502.66 3983.13 4236.47 4371.5 4562.07 4909.8 5100.31 4569.28 4673.44 5034.78 5086.4 5155.66 5011.4 4771.23 4632.01 4575.45 4568.25 4566.21 4568.03 4562.68 4591.3 4598.3 4601.4 4590.92 4549.77 4560.45 4553.13 4546.98 4542.33 4536.28
4751.64 4752.74 4735.32 4718.28 4704.1 4694.54 4699.46 4686.99 4684.75 4684.44 4668.71 4641.15 4618.3 4648.59 4670.9 4723.74 4733.04 4773.3 4806.98 4779.77 4758.57 4742.87 4743.99 4760.8 4740.14 4677.42 4598.95 4461.59 4309.29 4111.85 3967.81 3768.6 3633.37 3600.73 3735.36 3809.48 3749.08 4563.98 4660.62 4672.46 4966.32 5285.22 5176.83 5013.37 4755.93 5050 5012.01 4984.56 4844.07 4666.12 4580.71 4586.2 4599.74 4578.84 4576.45 4573.9 4573.67 4582.45 4569.28 4573.31 4555.53 4564.39 4551.17 4543.67 4543.28 4536.96
4729.16 4735.62 4726.23 4709.75 4709.2 4710.91 4712.3 4710.45 4704.94 4695.8 4676.63 4659.91 4642.92 4640.82 4650.91 4680.18 4714.98 4732.46 4752.08 4758.43 4757.48 4723.57 4709.69 4714.77 4683.48 4644.94 4624.84 4600.77 4668.25 4690.51 4499.71 4349.61 4222.24 4141.11 4266.72 4182.61 4107.55 5190.39 5188.55 5253.89 5276.38 5072.86 4998.88 4923.38 4705.14 4820.91 4808.1 4719.92 4638.34 4597.51 4570.94 4593.05 4608.26 4606.94 4584.37 4579.05 4583.9 4581.74 4569.67 4539.15 4572.26 4563.82 4552.64 4555.19 4545.02 4531.87
4711.14 4712.9 4705.11 4690.26 4698.86 4710.47 4710 4720.93 4715.08 4700.83 4684.9 4664.73 4655.02 4623.48 4642.68 4677.59 4688.41 4703.73 4710.36 4712.54 4699.63 4673.71 4686.21 4668.53 4671.82 4674.38 4643.5 4700.6 4813.03 4880.4 4805.1 4884.11 4731.61 4665.39 4874.43 4552.24 4585.64 5493.95 5364.31 5129.51 4958 4819.45 4825.47 4746.55 4602.71 4631.8 4624.91 4596.07 4583.95 4584.9 4585.22 4585.33 4600.4 4595.08 4582.51 4592.01 4621.96 4600.97 4570.14 4564.14 4552.19 4548.26 4547.85 4551.5 4541.67 4536.69
4692.12 4694.85 4694.58 4690.42 4689.82 4674.82 4680.67 4674.04 4676.41 4657.49 4652.66 4645.82 4640.62 4635.26 4611.77 4647.02 4683.57 4683.01 4681.49 4671.61 4646.48 4644.79 4653.41 4645.67 4656.09 4663.16 4681.36 4712.47 4748.36 4788.83 4791.5 4776.56 4794.34 4827.55 4887.76 4659.09 4773.91 5274.35 5174.98 4858.09 4777.85 4740.73 4713.06 4672.9 4628.24 4464.31 4581.89 4642.83 4627.67 4599.84 4579.88 4576.87 4589.99 4576.09 4590.7 4595.18 4620.9 4603.01 4578.47 4554.87 4542.26 4548.27 4556.56 4547.99 4537.06 4521.65
4670.64 4672.41 4670.86 4673.26 4675.12 4687.42 4655.27 4636.74 4610.52 4615.07 4622.53 4637.73 4632.85 4633.49 4638.01 4628.57 4652.37 4659.75 4655.07 4643.75 4629.12 4631.1 4640.08 4641.04 4657.43 4667.42 4678.12 4687.83 4689.75 4710.67 4709.65 4681.36 4719.93 4742.8 4708.88 4644.16 4781.45 4991.71 4901.72 4712.17 4669.09 4705.44 4719.27 4698.26 4685.94 4700.81 4427.75 4651.87 4652.21 4611.75 4580.68 4578.9 4587.22 4576.38 4559.2 4560.89 4570.72 4572.69 4571.29 4558.48 4535.14 4543.94 4556 4544.22 4530.78 4530.3
4652.07 4650.2 4649.54 4650.82 4648.71 4637.28 4629.16 4615.86 4619.99 4619.5 4621.88 4615.65 4625.45 4634.82 4642.08 4631.8 4642.12 4635.71 4640.13 4643.26 4639.7 4624.01 4634.37 4656.92 4657.34 4659.14 4659.47 4656.92 4648.1 4657.48 4655.84 4646.93 4661.59 4668.95 4647.31 4627.67 4666.85 4738.63 4716.52 4655.77 4652.1 4725.17 4717.71 4732.33 4712.53 4728.03 4386.99 4672.38 4646.54 4612.84 4579.82 4586.65 4597.38 4597.44 4575.83 4560.23 4548.92 4561.26 4555.38 4539.36 4531.06 4536.03 4544.15 4544.87 4535.3 4522.47
4635.98 4632 4624.53 4627.29 4623.86 4628.35 4610.9 4614.43 4616.64 4619.71 4617.5 4624.32 4606.59 4599.47 4608.71 4613.14 4614.05 4623.87 4629.75 4630.27 4628.53 4630.68 4633.42 4650.5 4653.91 4640.52 4637.6 4634.75 4629.01 4625.35 4626.18 4625.63 4624.44 4620.53 4611.59 4615.04 4633.09 4650.42 4649.62 4635.63 4646.54 4664.24 4667.9 4669.36 4670.35 4677.83 4467.6 4607.84 4616.61 4592.56 4592.1 4596.62 4612.98 4619.69 4602.92 4590.64 4565.98 4566.57 4557.92 4553.82 4548.08 4534.46 4542.95 4549.1 4550.2 4532.95
4625.07 4622.39 4621.89 4622.2 4624.82 4614.96 4607.19 4606 4603.98 4601.62 4611.88 4616.39 4613.63 4612.87 4624.94 4633.9 4631.43 4623.72 4622.6 4626.92 4617.9 4567.29 4578.34 4613.56 4612.75 4613.86 4618.43 4622.15 4623.26 4617.25 4615.88 4613.38 4606.94 4601.07 4598.68 4598.89 4606.36 4611.27 4615.35 4616.31 4635.17 4640.27 4620.51 4638.02 4640.74 4659.06 4644.52 4532.85 4609.34 4593.36 4586.84 4591.3 4605.03 4585.62 4599.22 4575.89 4592.97 4571.06 4570.09 4548.13 4557.15 4559.68 4549.14 4549.43 4544.88 4537.79
4613.91 4612.07 4610.06 4612.38 4616.35 4612.7 4620.8 4611.34 4604.58 4606.76 4618.86 4628.42 4622.7 4617.03 4624.29 4639.59 4637.24 4622.18 4611.84 4604.57 4607.35 4600.23 4605.45 4591.67 4582.84 4590.35 4600.38 4609.45 4621.03 4609.28 4604.34 4599.95 4593.17 4586.47 4582.68 4591.4 4593.79 4592.32 4597.68 4599.05 4594.9 4597.99 4599.95 4636.61 4622.93 4628.79 4619.91 4583.21 4495.52 4617.68 4601.33 4589.8 4591.36 4602.55 4602.31 4576.3 4563.85 4573.32 4597.77 4561.28 4561.71 4559.7 4565.73 4550.16 4541.04 4534.44
4608.11 4604.29 4598.9 4602.94 4620.53 4621.17 4625.02 4618.64 4616.98 4617.26 4620.56 4626.83 4625.36 4616.79 4617.1 4621.98 4622.2 4616.01 4606.2 4601.84 4603.01 4590.86 4589.77 4605.27 4582.5 4582.32 4585.25 4587.5 4589.48 4594.3 4591.08 4587.92 4583.24 4575.76 4572.17 4581.95 4587.9 4586.03 4589.11 4591.2 4585.87 4585.61 4598.97 4611.24 4609.27 4611.25 4604.77 4648 4369.03 4637.22 4627.81 4595.23 4602.22 4611.66 4577.68 4512.72 4528.77 4536.32 4579.4 4599.08 4563.66 4551.46 4549.54 4542.66 4537.28 4531.18
4604.99 4602.29 4601.03 4604.89 4611.99 4614.09 4612.18 4603.64 4607.38 4609.49 4612.03 4614.97 4612.55 4613.24 4613.29 4613.28 4615.08 4608.71 4600.23 4594.45 4590.78 4585.38 4591.68 4587.73 4580.68 4580.29 4579.34 4575.57 4575.59 4584.8 4591.77 4585.69 4577.98 4569.84 4568.09 4577.05 4579.72 4573.56 4581.78 4587.28 4580.65 4583.68 4582.38 4591.87 4598.33 4581.23 4591.69 4632.76 4367.01 4653.68 4630.18 4577.84 4594.91 4590.41 4510.88 4498.36 4495.13 4493.59 4495.23 4502.98 4549.28 4546.28 4537.35 4526.64 4527.71 4516.66
4609.28 4605.45 4604.86 4606.14 4609.38 4598.78 4590.54 4599.24 4601.54 4590.18 4594.25 4598.07 4598.15 4602.85 4606.78 4610.71 4602.63 4598.08 4593.6 4591.56 4586.7 4589.34 4585.06 4579.45 4579.05 4582.52 4579.21 4574.8 4573.91 4579.61 4588.38 4581.14 4573.01 4568.13 4569.62 4575.66 4571.89 4570.49 4573.5 4571.93 4581.26 4568.67 4569.17 4573.19 4559.99 4540.06 4534.91 4594.16 4451.51 4615.85 4567.45 4579.23 4577.88 4552.39 4501.72 4493.36 4493.93 4488.61 4487.38 4489.61 4492.19 4489.34 4483.21 4488.87 4514.58 4488.99
