real_craters/C157-500m.grd
DSAA
228 228
-56.805 56.805
-56.805 56.805
7103.2672283376 10002.842625512
[rows 120 to 149 of 228, columns 67 to 133 of 228]
8739.24 8730.89 8725.93 8719.47 8711.01 8709.33 8707.9 8711.36 8724.83 8747.86 8787.59 8844.15 8914.18 8965.82 8954.11 8850.6 8709.9 8718.18 8804.54 8732.59 8617.91 8494.14 8363.01 8222.94 8096.12 8013.71 7927.99 7838.63 7766.21 7705.63 7639.77 7575.98 7515.56 7450.7 7417.81 7400.77 7374.77 7353.04 7340.54 7338.73 7343.78 7348.54 7352.89 7356.99 7367.32 7348.89 7331.62 7327.93 7326.87 7321.05 7304.55 7297.5 7293.13 7285.13 7268.23 7261.76 7256.58 7249.45 7264.48 7291.47 7322.82 7349.73 7363.87 7377.7 7390.31 7406.83 7431.04
8746.44 8732.01 8723.91 8710.7 8703.2 8699.52 8695.6 8700.43 8710.01 8728.9 8768.45 8835.83 8920.07 8998.7 9030.11 8925.09 8754.01 8767.68 8850.23 8804.42 8698.07 8571.83 8423.87 8263.13 8128.69 8062.26 7985.33 7872.7 7745.72 7670.3 7628.02 7585.02 7544.66 7509.27 7447.22 7414.09 7378.67 7347.96 7333.51 7337.25 7346.46 7356.06 7359.93 7359.71 7352.33 7353.62 7344.52 7329.14 7311.69 7291.64 7294.97 7293.34 7291.71 7287.56 7274.24 7275.48 7277.47 7278.22 7292.81 7324.03 7355.19 7380.62 7397.53 7404.26 7417.65 7433.65 7461.53
8746.55 8732.17 8718.25 8704 8697.56 8691.81 8690.62 8690.14 8692.78 8701.85 8722.52 8804.59 8908.32 9006.59 9083.04 9024.95 8841.6 8835.26 8871.15 8865.23 8804.85 8663.46 8501.26 8338.28 8215.51 8139.07 8079.75 7949.34 7768.12 7681.34 7637.72 7600.02 7559.12 7512.04 7467.05 7429.27 7387.39 7349.06 7331.16 7339.24 7352.3 7367.04 7369.28 7365.45 7361.8 7357.12 7349.92 7327.45 7308.67 7297.37 7290.23 7292.7 7296.53 7301.89 7312.44 7312.66 7305.46 7305.69 7322.99 7356.54 7393.17 7422.65 7433.16 7440.74 7447.52 7472.96 7515.3
8758.16 8730.81 8715.25 8701.64 8693.84 8689.46 8685.18 8681.27 8680.83 8685.85 8704.2 8778.32 8873.2 8965.55 9043.39 9039.46 8953.19 8925.43 8909.01 8902.2 8875.64 8733.76 8572.32 8410.86 8290.43 8210.43 8127.01 7991.41 7831.52 7727.06 7665.88 7617.39 7577.88 7526.18 7483.92 7447.86 7404.7 7363.93 7341.13 7349.73 7362.17 7371.77 7373.13 7374.43 7371.91 7360.63 7340.26 7325.25 7306 7286.47 7286.46 7295.53 7307.31 7319.35 7332.15 7336.45 7329.1 7327.1 7337.4 7387.58 7438.29 7475.65 7481.32 7486.73 7490.9 7530.91 7579.15
8740.46 8725.65 8713.76 8702.83 8696.07 8689.26 8682.98 8679.03 8677.32 8681.58 8701.72 8758.68 8831.35 8896.47 8941.81 9005.24 9062.02 9009.93 8962.39 8936.38 8887.32 8780.53 8641.54 8494.06 8373.43 8274.54 8177.56 8028.09 7878.93 7778.93 7707.25 7650.05 7605.56 7551.75 7506.81 7474.58 7432.35 7394.84 7371.97 7370.95 7379.49 7388 7389.07 7388.93 7385.63 7376.48 7357.62 7334.33 7311.6 7293.51 7292.39 7305.05 7319.9 7334.8 7348.22 7355.78 7349.53 7347.43 7361.95 7424.23 7493.68 7533.75 7538.22 7549.42 7598.68 7614.4 7654.64
8739.71 8723.98 8715.93 8708.84 8704.19 8698.4 8693.24 8689.78 8688.75 8690.04 8706.33 8748.41 8796.28 8841.83 8883.57 8965.56 9052.35 9044.62 9035.82 9016.17 8941.63 8826.17 8697.58 8583.41 8455 8332.89 8193.29 8063.37 7927.42 7833.62 7758.63 7695.56 7645.1 7590.35 7557.04 7517.18 7474.08 7435.68 7404.14 7399.26 7406.47 7418.46 7424.66 7428.81 7420.37 7401.07 7376.54 7351.01 7329.63 7309.08 7307.62 7321.11 7336.99 7351.32 7362.44 7371.27 7372.69 7376.29 7387.74 7478.24 7571.18 7633.95 7617.06 7613.97 7649.29 7690.43 7737.73
8732.49 8727.16 8723.93 8718.14 8713.74 8709.07 8704.01 8701.95 8702.7 8707.6 8721.28 8743 8770.76 8805.93 8849.61 8923.66 8998.46 9036.66 9049.37 9059.64 8990.16 8859.05 8722.65 8598.73 8507.92 8416.19 8283.59 8137.34 8000.81 7894.97 7814.47 7748.13 7700.83 7641.25 7608.57 7567.38 7524.92 7480.09 7440.46 7426.09 7428.12 7453.13 7500.19 7491.83 7465.84 7421.37 7399.77 7387 7368.25 7344.8 7339.14 7353.52 7366.57 7377.38 7381.76 7387.5 7410.17 7437.5 7472.34 7560.25 7641.75 7697.64 7699.75 7704.79 7723.13 7774.99 7833.38
8743.37 8737.82 8732.38 8727.12 8720.97 8714.23 8710.76 8709.96 8713.3 8722.68 8730.14 8740.11 8753.93 8779.66 8818.37 8903.18 8998.67 9025.37 9027.32 9001.19 8977.77 8873.72 8736.95 8608.11 8554.49 8511.91 8443.44 8218.4 8055.81 7959.17 7877.99 7807.26 7748.23 7698.29 7656.33 7627.48 7583.86 7535.46 7484.64 7452.81 7431.1 7419.22 7420.91 7387.11 7388.73 7406.2 7435.06 7449.46 7433.47 7404.12 7389.29 7401.33 7410.7 7416.64 7420.21 7418.99 7468.67 7524.92 7587.67 7662.22 7704.07 7738.52 7765.1 7777.75 7806.13 7879.78 7954.93
8763.87 8751.22 8744.32 8737.71 8729.65 8723.66 8717.62 8714.6 8717.84 8729.5 8732.13 8734.49 8743.41 8762.47 8807.77 8903.6 8984.23 9024.82 9038.22 9014.92 8981.66 8895.74 8783.98 8668.81 8604.81 8541.95 8441.7 8276.33 8130.96 8031.67 7948.89 7874.69 7817.47 7768.25 7739.16 7704.13 7663.22 7613.78 7555.59 7497.44 7426.24 7339.56 7241.13 7188.19 7267.75 7377.62 7474.32 7530.88 7510.24 7486.71 7476.47 7460.99 7461.29 7467.51 7477.63 7507.43 7550.53 7617.72 7706.65 7761.25 7771.56 7800.03 7834.56 7868.13 7927.68 8008.01 8093.69
8767.79 8762.28 8754.97 8746 8738.08 8730.05 8722.99 8717.33 8715.82 8713.69 8721.18 8729.54 8736.77 8753.91 8805.6 8908.35 8984.49 9038.82 9081.16 9078.38 9024.98 8940.75 8856.15 8767.25 8663.64 8566.02 8449.44 8313.77 8203.89 8115.46 8034.25 7953.97 7881.1 7846.42 7826.06 7792.53 7755.32 7710.9 7657.61 7574.6 7450.2 7300.98 7146.56 7103.27 7222.13 7370.85 7498.34 7589.34 7572.18 7546.13 7513.3 7520.89 7525.94 7528.11 7538.3 7566.71 7615.19 7692.51 7773.18 7814.61 7836.85 7870.78 7917.83 7973.8 8073.31 8141.8 8219.94
8778.83 8774.87 8766.45 8755.87 8744.18 8734.57 8726.47 8717.94 8711.59 8712.79 8716.3 8725.9 8736.21 8751 8797.97 8885.53 8967.96 9044.27 9121.23 9148.19 9067.07 8987.86 8905.22 8814.33 8716.34 8605.38 8495.96 8377.79 8291.19 8213.62 8133.83 8054.83 7988.58 7947.53 7925.35 7892.79 7857.18 7817.82 7767.19 7671.84 7511.46 7332.56 7159.67 7121.68 7256.62 7409 7529.6 7585.82 7633.92 7624.51 7594.25 7602.32 7603.9 7602.07 7601.86 7610.81 7661.92 7762.95 7858.29 7921.5 7934.12 7961.13 8009.47 8086.78 8202.36 8254.45 8320.32
8797.19 8794.8 8775.55 8761.04 8748.83 8738.95 8726.72 8721.57 8716.53 8710.3 8713.46 8723.85 8737.88 8755.12 8786.37 8834.37 8923.51 9029.04 9130.62 9157.12 9075.38 9025.77 8966.25 8881.46 8773.35 8660.67 8571.39 8501.76 8411.91 8332.1 8254.38 8179.76 8098.37 8063.99 8040.94 8007.92 7971.33 7921.48 7860.53 7760.86 7607.59 7435.03 7264.46 7231.94 7362.55 7501.66 7625.48 7722.3 7747.06 7733.73 7728.53 7708.33 7696.97 7690.98 7686.13 7686.39 7733.58 7846.15 7961.26 8043.02 8040.12 8063.16 8103.53 8164.98 8264.31 8335.96 8401.15
8792.94 8783.24 8774.4 8763.92 8752.22 8742.16 8738.98 8733.96 8724.73 8718.49 8714.66 8723.36 8745.97 8768.87 8781.63 8793.2 8878.45 8988.34 9082.21 9104.92 9063.04 9044.02 9024.98 8947.1 8834.71 8726.33 8653.95 8596.93 8531.33 8462.35 8395.35 8331.12 8233.07 8201.43 8162.28 8121.75 8069.61 8016.83 7949.14 7862.69 7733.35 7596.1 7472.08 7433.1 7522.42 7632.42 7742.16 7846.93 7852.24 7828.14 7806.47 7799.89 7795.34 7790.69 7788.17 7796.61 7840.45 7939.51 8050.78 8147.99 8164.98 8168.74 8196.91 8248.82 8328.79 8417.26 8496.18
8789.28 8782.78 8771.32 8768.44 8761.59 8755.48 8747.96 8740.65 8729.14 8718.8 8707.91 8703.94 8726.93 8802.9 8769.63 8788.65 8846.26 8932.07 9024.96 9039.49 9006.66 9046.04 9061.7 8997.57 8898.88 8784.51 8744.27 8694.52 8650.36 8598.82 8542.93 8477.44 8398.25 8350.68 8292.19 8232.25 8168.64 8102.63 8035.78 7964.09 7869.91 7785.17 7714.29 7669.77 7717.6 7782.25 7847.97 7896.31 7913.12 7911.61 7904.52 7902.35 7898.91 7895.53 7895.89 7910.32 7947.59 8026.79 8116.15 8190.54 8238.5 8256.51 8287.94 8334.43 8406.36 8515.41 8620.12
8786.16 8776.47 8766.74 8765.89 8760.62 8752.36 8747.57 8738.66 8732.49 8716.49 8689.28 8659.88 8635.3 8627.29 8632.44 8663.16 8756.88 8858 8945.39 8984.83 9002.54 9047.56 9066.4 9027.93 8968.7 8904.78 8862.37 8821.25 8770.27 8730.24 8691.44 8645.71 8565.79 8507.04 8432.12 8357.09 8281.24 8204.44 8127.55 8053.03 7997.22 7973.66 7984.54 7968.72 7928.1 7935.5 7960.1 7975.8 7988.54 8006.44 8005.94 8010.25 8013.7 8006.76 8003.05 8012.29 8045.77 8105.76 8182.21 8254.07 8299.15 8339.82 8380.68 8430.78 8512.55 8644.88 8769.02
8782.16 8768.09 8767.96 8763.25 8755.69 8745.64 8743.64 8741.98 8734.48 8714.15 8678.88 8628.31 8553.57 8473.85 8507.33 8536.67 8673.94 8798.68 8888.68 8966.62 9025.52 9046.82 9052.98 9033.79 9017.8 9003.9 8942.65 8903.27 8867.02 8845.93 8834.46 8808.43 8730.68 8652.83 8560.45 8473.07 8391.32 8316.27 8232.55 8146.45 8113.32 8111.14 8126.06 8112.17 8076.85 8075.47 8085.39 8087.62 8096.63 8132.89 8157.94 8170.43 8145.59 8123.19 8107.8 8102.2 8127.31 8167.32 8250.1 8332.42 8377.31 8431.13 8492.3 8556.79 8650.81 8794.59 8913.85
8783.19 8779.64 8770.83 8760.15 8754.8 8747.63 8743.46 8740.52 8745.87 8720.49 8683.64 8642.17 8582.64 8528.48 8575.46 8617.61 8716.13 8787.7 8853.32 8946.04 9017.47 9030.4 9023.3 9015 8991.88 8972.07 8960.14 8938.32 8926.05 8923.93 8944.49 8977.71 8873.43 8774.4 8675.73 8586.33 8504.56 8430.56 8360.65 8302.95 8256.07 8231.25 8219.1 8196.95 8190.54 8211.82 8229.73 8244.03 8262.73 8282.14 8300.82 8303.27 8267.16 8238.18 8211.21 8186.94 8161.64 8224.22 8313.33 8397.8 8460.04 8525.88 8617.12 8711.34 8818.41 8941.95 9036.95
8776.94 8768.22 8762 8757.35 8752.9 8748.29 8742.03 8731.79 8720.65 8712.75 8698.08 8689.47 8708.81 8734.54 8772.17 8807.72 8803.61 8794.79 8830.67 8933.37 9019.17 9023.21 8999.96 9003.13 8988.9 8975.63 8984.53 8968.72 8954.12 8951.32 8968.75 9011.64 8942.08 8847.38 8763.71 8688.5 8623.43 8564.18 8514.18 8468.01 8421.51 8376.95 8360.82 8330.03 8323.99 8353.51 8383.12 8409.36 8432.71 8432.64 8420.94 8387.75 8379.44 8350.1 8317.06 8291.44 8292.25 8323.87 8383.05 8451.12 8514.44 8617.2 8719.52 8845.1 8977.98 9091.3 9133.89
8770.17 8757.86 8751.44 8751.6 8750.13 8744.28 8737.33 8724.92 8713.35 8708.9 8709 8715.14 8740 8780.33 8812.77 8817.34 8778.26 8790.88 8833.8 8941.46 9055.04 9053.02 9015.9 9004.48 8997.77 8993.35 8977.62 8971.16 8956.39 8940.49 8923.5 8925.96 8928.27 8877.96 8821.94 8768.38 8723.44 8686.49 8658.69 8645.79 8606.27 8527.17 8515.37 8493.6 8484.27 8506.25 8533.49 8562.48 8579.69 8582.18 8566.58 8551.65 8512.29 8464.16 8426.43 8398.36 8384.78 8407.11 8468.31 8535.68 8612.66 8724.7 8844.99 8969.32 9107.54 9210.04 9209.08
8769.02 8762.38 8759.52 8755.28 8749.49 8745.45 8738.51 8727.88 8717.31 8715.17 8715.69 8718.7 8725.17 8760.27 8797.79 8795.57 8773.6 8786.89 8836.48 8921.64 9030.04 9054.86 9019.23 8994.92 8990.11 8987.17 8983.69 8967.42 8947.73 8924.21 8893.09 8895.89 8906.62 8891.52 8863.61 8833.44 8807.83 8787.83 8780.55 8784.34 8759.03 8680.88 8671.04 8664.61 8657.07 8656.61 8667.64 8695.01 8734.77 8709.4 8684.65 8696.07 8625.86 8565.51 8533.23 8513.93 8500.87 8519.25 8584.41 8647.42 8755.72 8861.76 8930.8 9067.57 9187.92 9291.32 9259.67
8771.91 8775.1 8775.17 8763.47 8755.93 8748.6 8741.94 8736.35 8732.7 8724.19 8720.15 8720.59 8729.36 8760.37 8797.29 8793.08 8773.69 8774.41 8802.01 8857.48 8909.63 8969.58 8968.15 8943.42 8943.58 8953.8 8970.78 8950.67 8936.05 8921.89 8898.89 8890.88 8901.55 8899.58 8891.36 8879.22 8875.69 8872.4 8874.85 8880.61 8862.16 8819.49 8803.31 8811.59 8813.3 8777.78 8767.61 8779.71 8796.42 8774.49 8726.27 8683.63 8647.21 8637.11 8637.48 8645.03 8655.05 8682.03 8748.48 8808.88 8925.11 9038.26 9102.65 9178.52 9255.58 9317.01 9287.35
8773.09 8772.65 8767.6 8765.32 8759.7 8754.1 8750.25 8747.18 8740.8 8731.21 8723.95 8722.12 8727.39 8750.59 8782.52 8777.7 8770.85 8761.03 8766.75 8790.66 8805.71 8825.84 8856.08 8852.46 8845.46 8871.81 8899.59 8908.41 8916.02 8925.33 8934.67 8921.82 8906.68 8904.75 8905.95 8912.84 8920.39 8934.4 8949.26 8963.49 8952.8 8920.97 8910.38 8895.66 8882.53 8843.49 8822.82 8823.23 8829.91 8796.11 8736.38 8671.86 8665.8 8706.47 8743.98 8785.33 8834.82 8885.32 8951.22 8997.39 9067.26 9203.58 9268.33 9266.94 9296.92 9329.58 9278.83
8775.23 8775.28 8773.97 8768.91 8762.62 8756.53 8752.9 8753.9 8748.29 8733.64 8725.05 8721.44 8722.52 8731.16 8735.98 8745.43 8739.82 8729.85 8735.07 8747.35 8748.13 8747.88 8772.44 8772.9 8769.16 8789.85 8820.8 8861.17 8892.5 8919.11 8932.65 8917.31 8905.87 8904.72 8916.57 8927.65 8945.92 8965.99 8996.7 9032.89 9053.06 8995.12 8969.56 8931.75 8891.94 8858.72 8846.12 8837.71 8814.06 8785.46 8769.24 8741.26 8746.87 8794.63 8848.68 8912.34 8996.49 9106.29 9124.15 9146.69 9196.8 9269.68 9301.4 9265.22 9253.11 9255.66 9231.14
8778.13 8779.56 8775.51 8772.62 8763.51 8754.66 8747.98 8742.49 8736.94 8728.41 8721.61 8718.85 8719.37 8720.33 8721.68 8726.32 8723.29 8719.83 8722.64 8727.77 8731.05 8736.47 8739.06 8732.98 8732.86 8748.13 8778.31 8826.63 8863.59 8893.34 8927.41 8897.7 8893.4 8898.11 8910.17 8930.37 8954.78 8985.48 9020.92 9065.7 9105.72 9071.16 9025.45 8949.09 8869.59 8860.16 8870.68 8871.87 8856.48 8848.13 8846.63 8841.09 8850.56 8900.63 8946.67 9001.01 9076.43 9160.61 9166.04 9142.7 9133.62 9190.9 9197.29 9197.66 9174.45 9141.53 9155.63
8779.76 8782.12 8786.62 8775.24 8760.15 8748.67 8739.26 8731.45 8725.58 8720.16 8715.39 8713.51 8716.29 8719.88 8721.28 8723.43 8721.62 8719.78 8718.74 8720.3 8725.27 8728.44 8724.93 8725.04 8735.49 8758.77 8781.47 8808.92 8836.18 8850.81 8833.22 8859.01 8867.98 8877.92 8894.96 8913.49 8939.43 8973.13 9010.32 9058.91 9112.94 9134.94 9063.88 8976.33 8892.74 8897.92 8920.88 8928.01 8928.73 8930.68 8958.42 8981.55 9000.78 9019.97 9028.1 9049.01 9081.94 9116.82 9110 9101 9106.53 9113.89 9126.43 9127.54 9109.5 9091.21 9075.88
8778.81 8777.22 8777.53 8764.87 8750.85 8740.07 8730.08 8720.5 8715.5 8711.83 8708.79 8706.52 8712.71 8729.02 8734.08 8727.94 8723.22 8720.56 8716.21 8716.06 8716.28 8709.44 8711.96 8725.84 8743.26 8773.8 8783.05 8794.03 8813.02 8833.65 8836.39 8835.62 8845.42 8857.9 8873.18 8900.74 8926.03 8950.12 8976.39 9007.02 9043.12 9040.17 9026.8 9004.82 9001.48 8999.77 8986.97 8994.24 9016.4 9046.75 9079.5 9116.91 9162.28 9115.92 9078.44 9061.8 9055.85 9041.89 9018.28 9057.19 9108.52 9174.4 9120.31 9081.14 9052.71 9034.07 8996.96
8774.2 8765.08 8750.2 8741.08 8738.76 8732.06 8723.1 8714.09 8709.06 8705.77 8703.53 8704.61 8713.82 8734.42 8740.22 8728.08 8720.33 8708.43 8710.38 8709.45 8707.36 8703.61 8705.07 8708.31 8721.14 8733.73 8755.75 8770.13 8784.21 8802.9 8815.28 8812.45 8825.54 8843.38 8862.81 8882.45 8900.1 8916.17 8930.39 8940.24 8938.82 8952.16 8973.23 8995.24 9041.7 9046.52 9017.47 9032.48 9083.3 9166.43 9156.92 9164.89 9195.83 9137.4 9079.33 9052.05 9034.62 9009.35 8994.96 9041.6 9114.08 9126.48 9069.8 9020.74 8985.18 8952.05 8931.29
8769.44 8758.84 8743.63 8734.59 8734.8 8728.5 8720.02 8712.34 8705.87 8701.72 8699.05 8698.89 8705.92 8713.45 8720.03 8719.19 8716.58 8717.9 8709.78 8705.45 8701.9 8704.66 8705.05 8702.85 8707.2 8715.03 8732.12 8745.19 8750.97 8747.16 8757.76 8781.68 8802.39 8823.5 8843.03 8865.24 8881.29 8888.35 8898.29 8894.02 8871.29 8884.59 8921.37 8943.84 8958.18 8960 8984.9 9020.81 9072.19 9130.82 9124.41 9110.84 9096.98 9063.43 9039.4 9024.63 9017.63 9018.36 9036.51 9019.81 8996.14 8980.23 8964.92 8944.98 8918.26 8885.22 8871.37
8765.82 8759.42 8754.16 8749.74 8740.17 8729.17 8718.66 8710.96 8704.62 8699.8 8696.37 8693.42 8699.35 8709.38 8710.11 8708.23 8704.09 8704.02 8707.07 8704.5 8700.29 8704.21 8705.7 8703.38 8710.76 8714.55 8724.96 8730.42 8731.45 8730.16 8739.71 8758.99 8780 8798.97 8808.62 8822.34 8837.36 8846.49 8855.7 8859.18 8870.75 8877.34 8894.21 8898.65 8886.82 8881.64 8932.31 8979.21 9014.19 9021 9029.01 9017.49 8964.79 8958.31 8976.71 8984.75 8990.7 9010.06 9049.05 8988.79 8930.78 8892.44 8880.14 8878.67 8863.15 8841.52 8829.97
8760.42 8758.81 8760.36 8760.37 8743.49 8729.5 8718.08 8709.8 8704.18 8699.17 8694.76 8692.94 8694.53 8697.14 8701.03 8700.81 8698.41 8702.29 8707.11 8706.04 8704.56 8705.99 8706.92 8708.85 8719.32 8735.21 8726.61 8725.87 8724.93 8723.96 8732.26 8747.61 8763.04 8777.13 8789.83 8801.64 8811.04 8822.62 8834.18 8852.27 8881.2 8898.97 8889.52 8877.97 8861.72 8857.26 8897.44 8938.47 8967.58 8983.73 8985.69 8960.5 8918.03 8911.51 8931.08 8942.25 8943.95 8944.94 8968.24 8930.76 8877.13 8846.56 8836.6 8832.81 8821.93 8805.37 8784.11
