real_craters/C157-750m.grd
DSAA
152 152
-56.805 56.805
-56.805 56.805
7091.319520981 9993.0424818608
[rows 114 to 151 of 152, columns 0 to 83 of 152]
9420 9399 9372 9275 9142 8963 8816 9065 9374 9378 9327 9300 9287 9276 9263 9269 9266 9261 9243 9233 9229 9230 9234 9238 9240 9242 9263 9262 9263 9261 9273 9250 9215 9177 9160 9146 9123 9107 9098 9086 9033 8979 8960 8956 8958 8955 8948 8939 8941 8920 8896 8896 8793 8612 8506 8502 8513 8511 8513 8511 8513 8510 8506 8522 8551 8584 8620 8657 8690 8733 8732 8727 8728 8727 8731 8745 8765 8776 8788 8803 8824 8849 8851 8841
9433 9439 9456 9460 9297 9129 9015 9249 9511 9370 9353 9337 9316 9304 9298 9293 9279 9261 9244 9251 9260 9264 9264 9268 9269 9270 9269 9277 9284 9278 9291 9264 9238 9225 9223 9205 9165 9146 9126 9104 9057 9011 8992 8993 9005 9001 8984 8968 8946 8933 8934 8917 8804 8626 8530 8519 8521 8514 8517 8528 8521 8514 8510 8527 8558 8593 8630 8668 8707 8741 8738 8734 8731 8730 8733 8739 8746 8758 8776 8794 8812 8831 8857 8871
9433 9434 9475 9519 9419 9326 9356 9474 9468 9378 9365 9359 9338 9321 9314 9306 9297 9285 9280 9277 9284 9286 9287 9294 9291 9285 9284 9300 9304 9300 9268 9260 9251 9252 9260 9258 9216 9177 9144 9107 9073 9034 9023 9026 9028 9025 9023 9011 8975 8964 8971 8949 8861 8711 8608 8547 8516 8514 8523 8532 8528 8522 8514 8537 8571 8609 8649 8687 8721 8745 8753 8745 8740 8738 8739 8738 8740 8748 8764 8786 8806 8812 8831 8833
9429 9402 9429 9468 9448 9418 9431 9409 9380 9360 9371 9377 9352 9323 9312 9319 9312 9316 9321 9299 9294 9295 9299 9301 9301 9296 9306 9309 9308 9294 9252 9256 9260 9259 9279 9280 9238 9198 9164 9136 9105 9083 9070 9063 9056 9052 9057 9047 9023 9016 9013 8990 8948 8896 8735 8586 8515 8519 8530 8536 8534 8528 8523 8549 8582 8619 8656 8694 8728 8751 8750 8746 8742 8740 8740 8736 8733 8736 8751 8770 8793 8815 8812 8805
9436 9413 9420 9448 9455 9435 9411 9381 9359 9365 9378 9379 9367 9348 9326 9306 9321 9336 9343 9316 9314 9314 9313 9311 9313 9317 9323 9323 9324 9296 9266 9274 9283 9290 9290 9266 9241 9212 9181 9154 9139 9129 9116 9104 9095 9090 9094 9086 9068 9072 9053 9035 9011 8972 8834 8664 8568 8537 8535 8544 8540 8535 8540 8573 8608 8643 8683 8712 8737 8750 8748 8745 8742 8740 8739 8735 8730 8730 8738 8745 8754 8788 8792 8791
9465 9445 9449 9464 9459 9440 9406 9364 9371 9385 9394 9394 9381 9369 9349 9332 9340 9349 9352 9336 9338 9337 9328 9321 9330 9342 9353 9343 9337 9315 9304 9307 9315 9323 9311 9270 9250 9231 9211 9190 9176 9164 9152 9143 9137 9138 9142 9130 9110 9088 9085 9067 9029 8983 8918 8836 8716 8601 8561 8563 8567 8552 8570 8620 8662 8690 8709 8727 8741 8742 8743 8742 8740 8737 8734 8731 8729 8730 8731 8734 8752 8778 8800 8800
9506 9491 9494 9492 9473 9444 9413 9399 9404 9407 9409 9403 9391 9368 9367 9371 9365 9361 9359 9363 9363 9363 9350 9338 9340 9358 9364 9363 9346 9323 9341 9342 9344 9343 9325 9281 9269 9260 9244 9229 9215 9201 9191 9178 9174 9173 9174 9161 9146 9135 9097 9059 9027 8995 8986 8973 8878 8778 8714 8657 8666 8646 8658 8691 8705 8717 8728 8738 8749 8746 8745 8743 8740 8736 8731 8728 8728 8729 8728 8725 8726 8763 8809 8814
9552 9542 9518 9513 9478 9455 9432 9415 9431 9426 9422 9422 9404 9385 9381 9379 9377 9375 9372 9381 9381 9377 9372 9370 9364 9375 9383 9385 9345 9370 9374 9372 9369 9358 9333 9297 9295 9295 9295 9273 9252 9231 9211 9208 9206 9204 9201 9176 9158 9148 9103 9060 9031 9014 9018 9028 8972 8945 8929 8874 8815 8798 8828 8770 8751 8745 8747 8750 8753 8749 8747 8743 8740 8736 8731 8728 8730 8729 8730 8727 8729 8753 8780 8806
9569 9579 9639 9490 9450 9462 9474 9469 9462 9448 9438 9433 9417 9403 9399 9398 9398 9395 9395 9403 9397 9381 9385 9391 9397 9397 9402 9411 9368 9399 9397 9410 9402 9384 9362 9333 9326 9327 9320 9308 9288 9267 9252 9238 9229 9221 9189 9174 9150 9122 9096 9059 9033 9019 9014 9000 8985 8960 8936 8918 8899 8892 8847 8808 8783 8769 8761 8760 8762 8758 8751 8746 8742 8738 8735 8734 8734 8736 8735 8733 8736 8752 8773 8791
9546 9497 9361 9294 9360 9458 9550 9544 9494 9474 9460 9436 9424 9421 9416 9419 9420 9412 9409 9417 9418 9410 9411 9413 9409 9421 9423 9449 9441 9472 9444 9455 9434 9402 9367 9346 9349 9357 9357 9341 9320 9301 9286 9264 9244 9225 9188 9170 9151 9127 9083 9062 9038 9026 9018 9002 8988 8967 8947 8926 8913 8895 8846 8821 8804 8786 8774 8767 8762 8758 8752 8747 8743 8740 8737 8736 8736 8737 8737 8739 8743 8752 8777 8788
9501 9375 9142 9109 9268 9442 9617 9622 9522 9492 9475 9442 9427 9429 9429 9426 9422 9425 9431 9438 9438 9438 9442 9445 9451 9454 9448 9476 9364 9271 9484 9494 9456 9412 9369 9352 9368 9387 9394 9371 9350 9330 9310 9282 9252 9220 9189 9175 9162 9149 9128 9093 9076 9055 9043 9029 9011 8992 8973 8948 8914 8868 8847 8823 8808 8794 8780 8766 8757 8753 8751 8748 8745 8742 8739 8737 8737 8738 8739 8741 8744 8750 8767 8783
9482 9319 9085 9045 9219 9410 9555 9583 9533 9507 9480 9458 9453 9451 9446 9440 9436 9440 9447 9451 9458 9457 9470 9468 9465 9470 9468 9494 9407 9299 9502 9515 9470 9422 9383 9371 9387 9403 9406 9390 9369 9346 9321 9294 9263 9227 9207 9192 9171 9161 9149 9120 9093 9079 9066 9046 9023 8994 8963 8944 8913 8873 8842 8825 8814 8798 8781 8764 8751 8751 8751 8749 8747 8744 8742 8740 8739 8740 8740 8742 8743 8746 8757 8771
9510 9356 9144 9096 9261 9433 9523 9573 9567 9522 9490 9477 9476 9473 9468 9462 9455 9461 9464 9465 9487 9486 9463 9481 9489 9481 9484 9466 9481 9494 9495 9501 9474 9434 9412 9406 9408 9416 9413 9401 9382 9360 9336 9310 9285 9258 9240 9219 9200 9185 9171 9147 9116 9102 9084 9057 9020 8990 8962 8936 8912 8887 8862 8844 8825 8806 8786 8767 8754 8755 8757 8756 8754 8751 8746 8742 8742 8744 8745 8746 8746 8745 8750 8758
9585 9503 9322 9241 9379 9530 9679 9619 9555 9530 9504 9495 9498 9497 9493 9489 9487 9490 9492 9500 9514 9519 9520 9498 9493 9494 9488 9496 9476 9492 9503 9503 9481 9448 9428 9419 9427 9423 9426 9414 9391 9369 9349 9327 9300 9284 9269 9252 9231 9218 9194 9178 9158 9134 9104 9071 9034 8993 8962 8933 8911 8898 8884 8862 8836 8816 8795 8774 8760 8761 8761 8759 8756 8753 8751 8748 8748 8749 8750 8751 8751 8751 8749 8758
9649 9664 9570 9523 9527 9597 9665 9630 9573 9541 9515 9508 9524 9520 9517 9516 9518 9519 9521 9527 9533 9535 9529 9515 9508 9505 9503 9506 9489 9498 9525 9525 9496 9467 9448 9432 9446 9469 9454 9427 9400 9374 9348 9325 9313 9300 9307 9288 9256 9246 9219 9208 9196 9171 9136 9097 9052 9014 8976 8943 8917 8904 8883 8858 8842 8826 8812 8799 8780 8775 8770 8766 8763 8759 8757 8755 8755 8756 8758 8757 8755 8752 8751 8757
9652 9651 9645 9611 9601 9615 9630 9614 9575 9547 9528 9515 9523 9536 9538 9537 9537 9538 9542 9546 9539 9547 9544 9532 9534 9534 9525 9521 9492 9507 9528 9531 9516 9498 9477 9454 9464 9479 9460 9435 9408 9381 9353 9330 9330 9336 9348 9324 9290 9269 9247 9237 9225 9204 9181 9127 9078 9038 8995 8959 8936 8919 8889 8862 8851 8838 8826 8820 8803 8786 8776 8771 8768 8765 8764 8762 8762 8763 8765 8764 8760 8757 8761 8764
9629 9627 9622 9603 9610 9619 9620 9608 9585 9566 9551 9537 9536 9557 9559 9556 9553 9554 9558 9562 9548 9559 9555 9549 9539 9548 9538 9534 9516 9525 9535 9536 9534 9521 9503 9491 9482 9476 9462 9441 9418 9394 9368 9345 9353 9363 9359 9345 9320 9298 9280 9261 9244 9222 9197 9150 9096 9051 9009 8970 8946 8929 8906 8885 8867 8848 8829 8808 8790 8784 8780 8776 8773 8771 8770 8769 8768 8769 8769 8768 8764 8763 8774 8803
9630 9632 9619 9599 9611 9627 9629 9620 9607 9594 9581 9559 9567 9583 9578 9573 9566 9563 9568 9572 9570 9575 9568 9561 9552 9563 9570 9575 9560 9554 9559 9565 9557 9547 9530 9515 9494 9480 9466 9449 9429 9410 9393 9381 9383 9386 9384 9375 9362 9339 9305 9283 9265 9236 9205 9182 9141 9087 9026 8976 8948 8940 8926 8905 8884 8856 8830 8806 8787 8786 8786 8784 8783 8782 8780 8778 8776 8775 8773 8770 8770 8771 8781 8809
9644 9638 9617 9606 9617 9631 9637 9636 9633 9628 9611 9602 9590 9599 9595 9589 9583 9580 9581 9582 9585 9595 9593 9593 9589 9580 9594 9597 9580 9577 9581 9585 9579 9567 9543 9515 9497 9483 9471 9456 9441 9428 9421 9420 9419 9416 9412 9406 9389 9366 9329 9312 9298 9271 9244 9224 9173 9106 9035 8981 8953 8950 8938 8927 8896 8861 8829 8802 8792 8791 8791 8790 8790 8789 8788 8786 8784 8783 8782 8781 8780 8778 8783 8810
9645 9612 9614 9623 9632 9641 9646 9648 9650 9651 9631 9614 9611 9612 9608 9604 9599 9597 9597 9600 9606 9613 9624 9628 9604 9607 9621 9610 9587 9587 9594 9603 9590 9568 9544 9524 9504 9489 9478 9466 9455 9446 9443 9446 9444 9439 9434 9415 9397 9377 9352 9343 9335 9317 9290 9261 9176 9085 9033 8990 8962 8954 8941 8928 8896 8864 8833 8802 8802 8803 8802 8802 8800 8800 8798 8796 8793 8794 8796 8797 8790 8784 8789 8818
9657 9600 9613 9637 9646 9646 9654 9658 9656 9646 9649 9642 9636 9628 9625 9620 9615 9611 9616 9625 9634 9646 9661 9668 9646 9644 9635 9609 9591 9593 9602 9612 9596 9570 9544 9515 9498 9499 9491 9481 9472 9463 9458 9461 9476 9473 9457 9442 9409 9387 9379 9377 9360 9349 9313 9258 9157 9074 9033 9001 8983 8963 8938 8904 8886 8873 8852 8837 8823 8819 8816 8814 8812 8810 8808 8807 8808 8807 8808 8814 8800 8793 8802 8829
9677 9609 9623 9652 9668 9668 9667 9669 9670 9674 9675 9676 9659 9651 9646 9640 9635 9632 9640 9653 9672 9691 9697 9693 9677 9652 9644 9609 9593 9598 9607 9613 9595 9569 9549 9528 9518 9514 9505 9495 9486 9477 9468 9459 9477 9490 9476 9454 9430 9409 9396 9379 9353 9325 9291 9238 9156 9082 9034 9002 8976 8956 8941 8927 8914 8895 8877 8853 8843 8836 8832 8828 8825 8822 8820 8820 8819 8817 8814 8828 8808 8804 8820 8844
9685 9621 9648 9682 9695 9682 9681 9686 9690 9691 9701 9704 9692 9680 9671 9668 9665 9663 9670 9680 9695 9712 9727 9717 9694 9659 9633 9611 9605 9608 9610 9607 9589 9575 9560 9549 9541 9528 9517 9506 9499 9492 9483 9474 9482 9505 9499 9478 9463 9433 9406 9366 9339 9294 9258 9215 9143 9086 9038 8990 8965 8945 8944 8951 8946 8916 8884 8866 8857 8848 8843 8840 8838 8835 8832 8831 8828 8825 8824 8832 8812 8817 8842 8858
9704 9670 9693 9717 9723 9691 9697 9705 9715 9727 9733 9739 9735 9703 9700 9701 9702 9705 9708 9707 9707 9727 9746 9717 9701 9667 9632 9627 9623 9621 9617 9608 9592 9584 9572 9562 9558 9539 9529 9521 9515 9509 9507 9511 9529 9531 9525 9520 9476 9444 9408 9375 9352 9313 9244 9165 9129 9083 9047 9017 8974 8940 8947 8960 8961 8926 8898 8875 8868 8864 8863 8860 8860 8857 8852 8847 8840 8837 8850 8849 8825 8833 8855 8868
9794 9764 9751 9744 9731 9714 9719 9729 9740 9752 9752 9748 9749 9739 9733 9733 9737 9746 9746 9738 9728 9745 9751 9722 9700 9659 9631 9645 9644 9639 9633 9626 9620 9603 9582 9563 9540 9536 9533 9529 9527 9527 9530 9541 9561 9558 9536 9504 9480 9448 9423 9382 9355 9324 9246 9177 9116 9083 9050 9016 8987 8957 8955 8959 8957 8928 8893 8878 8877 8874 8869 8868 8866 8865 8864 8864 8863 8865 8871 8862 8851 8856 8870 8883
9844 9836 9802 9770 9736 9742 9746 9753 9761 9770 9773 9769 9761 9768 9764 9761 9764 9771 9771 9766 9766 9764 9740 9708 9680 9661 9658 9671 9666 9658 9648 9639 9626 9609 9589 9567 9546 9540 9541 9542 9545 9549 9555 9563 9584 9580 9551 9515 9480 9447 9415 9379 9342 9300 9245 9186 9141 9097 9065 9030 9009 8986 8970 8959 8940 8935 8924 8898 8889 8886 8884 8883 8883 8882 8884 8886 8889 8895 8890 8884 8883 8876 8877 8889
9839 9861 9834 9803 9779 9776 9777 9780 9783 9788 9794 9793 9776 9782 9782 9779 9780 9787 9790 9776 9773 9767 9737 9702 9696 9695 9694 9693 9683 9673 9663 9651 9628 9612 9598 9580 9559 9554 9554 9557 9562 9567 9573 9584 9603 9595 9560 9517 9474 9442 9408 9371 9335 9289 9232 9179 9134 9119 9093 9069 9039 9008 8985 8967 8945 8936 8918 8905 8900 8899 8899 8901 8901 8903 8906 8908 8911 8914 8920 8903 8892 8891 8896 8906
9848 9859 9844 9825 9817 9810 9805 9804 9804 9807 9812 9816 9804 9797 9790 9788 9786 9783 9775 9770 9764 9768 9741 9706 9706 9715 9709 9703 9696 9686 9675 9657 9641 9623 9613 9602 9587 9570 9567 9570 9575 9581 9589 9595 9611 9595 9545 9506 9475 9449 9416 9374 9340 9289 9217 9204 9191 9160 9131 9105 9071 9031 9000 8982 8964 8945 8918 8914 8915 8918 8920 8922 8925 8927 8929 8932 8935 8935 8935 8921 8900 8904 8925 8947
9840 9846 9845 9834 9829 9835 9830 9825 9820 9821 9833 9837 9835 9818 9804 9798 9790 9781 9772 9769 9770 9771 9752 9722 9724 9738 9725 9713 9707 9698 9689 9681 9655 9641 9631 9614 9595 9580 9580 9581 9584 9591 9601 9610 9604 9584 9544 9520 9488 9456 9421 9371 9325 9288 9261 9256 9239 9203 9182 9155 9108 9058 9020 9008 8990 8965 8940 8939 8945 8949 8952 8953 8956 8958 8960 8960 8962 8966 8956 8946 8899 8907 8939 8983
9839 9849 9853 9846 9839 9859 9851 9842 9834 9829 9838 9850 9842 9831 9819 9806 9795 9784 9774 9773 9777 9777 9756 9751 9742 9763 9753 9736 9723 9711 9700 9686 9674 9665 9653 9642 9619 9602 9593 9594 9598 9602 9608 9610 9604 9592 9579 9540 9504 9449 9403 9360 9317 9302 9295 9280 9258 9227 9194 9171 9142 9108 9079 9042 9010 8985 8972 8972 8979 8985 8992 8997 9002 9004 8999 8995 8987 8982 8963 8948 8909 8909 8928 8937
9844 9867 9869 9871 9880 9876 9868 9857 9847 9840 9845 9858 9848 9836 9828 9810 9800 9792 9783 9786 9786 9785 9765 9779 9779 9803 9781 9758 9742 9728 9714 9694 9691 9683 9666 9658 9631 9606 9607 9606 9605 9606 9609 9613 9601 9592 9575 9536 9478 9437 9399 9366 9346 9337 9320 9306 9284 9253 9224 9208 9183 9153 9121 9077 9036 9006 9004 9006 9013 9025 9033 9041 9045 9047 9044 9033 9017 8989 8960 8944 8925 8921 8926 8937
9851 9879 9882 9872 9878 9894 9879 9870 9860 9855 9865 9870 9858 9840 9815 9809 9807 9808 9812 9810 9790 9764 9769 9808 9806 9806 9783 9772 9759 9746 9736 9729 9712 9688 9665 9643 9638 9637 9619 9610 9608 9605 9602 9600 9581 9557 9547 9502 9469 9438 9409 9387 9384 9382 9354 9346 9317 9288 9271 9255 9223 9187 9149 9102 9066 9038 9033 9038 9054 9065 9076 9084 9093 9097 9090 9081 9057 9012 8979 8973 8957 8947 8941 8945
9876 9913 9898 9877 9873 9876 9886 9883 9874 9864 9870 9878 9869 9853 9819 9813 9816 9820 9825 9818 9794 9774 9804 9804 9805 9785 9802 9786 9771 9758 9750 9739 9712 9683 9667 9643 9639 9619 9618 9613 9607 9601 9593 9584 9574 9562 9536 9509 9483 9455 9429 9416 9424 9413 9386 9370 9355 9335 9335 9306 9267 9221 9155 9133 9098 9064 9067 9078 9097 9112 9121 9131 9134 9140 9146 9145 9130 9076 9043 9030 9015 8998 8972 8964
9894 9931 9908 9874 9878 9899 9904 9901 9893 9882 9880 9879 9876 9867 9835 9827 9829 9830 9829 9828 9809 9799 9817 9815 9801 9800 9809 9796 9778 9761 9747 9728 9706 9684 9680 9670 9648 9632 9624 9618 9609 9599 9589 9580 9577 9565 9551 9532 9494 9448 9447 9449 9431 9422 9432 9424 9399 9378 9372 9349 9312 9273 9245 9201 9155 9109 9106 9117 9132 9145 9157 9169 9181 9191 9202 9212 9225 9228 9160 9095 9083 9057 9014 8983
9902 9929 9916 9872 9888 9919 9925 9920 9914 9910 9900 9890 9878 9855 9852 9848 9846 9844 9840 9843 9831 9823 9832 9831 9817 9817 9816 9802 9782 9760 9731 9725 9714 9705 9682 9670 9658 9647 9636 9623 9611 9599 9588 9586 9589 9587 9559 9536 9513 9495 9489 9492 9478 9470 9479 9466 9437 9412 9402 9381 9350 9318 9288 9255 9222 9190 9162 9165 9176 9190 9200 9214 9233 9248 9261 9274 9292 9286 9263 9199 9149 9111 9065 9040
9918 9962 9940 9897 9909 9936 9943 9939 9932 9924 9916 9904 9887 9867 9866 9866 9862 9861 9862 9864 9855 9855 9847 9840 9832 9828 9821 9806 9787 9767 9753 9743 9723 9698 9684 9672 9665 9655 9641 9629 9617 9604 9589 9590 9600 9606 9564 9554 9560 9553 9540 9533 9527 9525 9511 9489 9463 9440 9430 9412 9385 9357 9327 9300 9277 9242 9218 9221 9229 9246 9259 9272 9285 9295 9307 9320 9326 9309 9274 9235 9200 9161 9112 9083
9933 9972 9961 9930 9935 9954 9963 9957 9946 9936 9927 9918 9902 9889 9882 9877 9872 9870 9875 9866 9867 9875 9861 9851 9845 9839 9828 9812 9794 9775 9755 9741 9730 9717 9697 9685 9676 9662 9650 9640 9628 9614 9603 9601 9603 9605 9569 9589 9611 9606 9584 9575 9566 9562 9528 9502 9484 9471 9455 9440 9422 9399 9370 9343 9323 9291 9277 9290 9301 9311 9321 9326 9336 9349 9353 9358 9357 9332 9284 9256 9241 9222 9170 9146
9949 9993 9980 9936 9954 9976 9985 9974 9960 9946 9938 9928 9915 9901 9894 9889 9879 9872 9869 9854 9878 9884 9870 9859 9858 9847 9836 9820 9804 9786 9770 9755 9740 9725 9715 9705 9693 9680 9667 9652 9640 9628 9623 9616 9611 9595 9622 9643 9653 9626 9613 9593 9580 9555 9527 9515 9503 9488 9480 9470 9457 9443 9433 9413 9350 9310 9342 9360 9370 9375 9384 9384 9386 9390 9391 9391 9388 9366 9329 9300 9281 9280 9246 9232
