real_craters/C157-500m.grd
DSAA
228 228
-56.805 56.805
-56.805 56.805
7103.2672283376 10002.842625512
[rows 60 to 89 of 228, columns 134 to 200 of 228]
8644.76 8652 8659.41 8662.96 8668.36 8671.79 8670.06 8669.31 8671.28 8676.07 8681.9 8685.82 8680.86 8674.95 8668.29 8660.74 8646.88 8625.66 8601.63 8577.93 8556.1 8541.55 8546.03 8569.09 8583.39 8580.1 8574.68 8568.52 8562.29 8556.52 8551.42 8546.17 8542.68 8543.67 8544.15 8544.45 8543.81 8543.63 8543.41 8541.91 8540.74 8540.92 8541.92 8545.91 8549.05 8553.07 8559.22 8567.95 8576.08 8585.11 8594.12 8603.07 8612.73 8620.9 8623.36 8628.38 8634.79 8655.01 8670.01 8681.94 8692.19 8699.1 8687.33 8681.59 8695.03 8709.22 8740.61
8641.31 8648.94 8658.88 8664.33 8671.7 8684.55 8677.66 8673.03 8672.67 8676.05 8682.94 8693.89 8683.75 8675.53 8667.58 8659.8 8646.42 8628.25 8608.41 8587.88 8568.66 8552.86 8554.64 8580.33 8594.08 8590.69 8585.44 8579.11 8572.07 8564.97 8558.26 8552.14 8548.69 8545.96 8545.19 8545.4 8544.88 8542.98 8539.97 8535.48 8533.79 8535.5 8539.15 8541.63 8538.23 8538.33 8548.47 8560.39 8570.43 8579.27 8587.2 8594.69 8601.19 8606.96 8612.15 8616.76 8627.36 8643.91 8661.9 8678.38 8692.86 8696.13 8680.2 8678.34 8699.36 8734.61 8757.27
8633.47 8638.26 8645.58 8652.42 8660.95 8664.75 8669.13 8667.74 8667.35 8669.09 8670.29 8671.94 8674.33 8671.21 8663.96 8652.32 8643.95 8632.08 8617.27 8600.63 8584.49 8571.17 8568.12 8583.65 8595.54 8598.07 8594.69 8588.21 8580.37 8571.8 8564.12 8557.88 8552.93 8545.59 8546.84 8547.42 8547.49 8544.22 8539.01 8533.7 8530.24 8529.62 8531.01 8532.43 8530.93 8528.36 8544.14 8556.02 8565.08 8573.16 8579.85 8586.43 8591.31 8595.51 8599.61 8603.95 8617.4 8636.68 8656.28 8673.66 8685.72 8685.39 8674.64 8682.46 8700.73 8718.75 8747.52
8624.6 8624.88 8621.75 8635.86 8645.9 8661.53 8655.6 8656.53 8657.92 8659.59 8658.96 8656.67 8665.6 8667 8663.95 8654.67 8648.49 8639.38 8626.93 8615.09 8604.71 8595.81 8590.52 8594.55 8604.52 8607.98 8604.02 8595.28 8586 8576.54 8567.72 8559.75 8551.72 8548.92 8550.23 8550.69 8548.42 8545.43 8539.89 8533.14 8527.32 8524.28 8521.04 8521.01 8528.61 8546.87 8551.73 8555.03 8561.26 8567.67 8573.71 8578.76 8582.71 8585.03 8589.11 8593.58 8610.16 8631.59 8652.42 8669.97 8681.91 8682.44 8676.6 8690.85 8716.89 8727.41 8733.82
8620.04 8620.2 8621.64 8622.52 8623.07 8625.4 8637.64 8643.72 8648.09 8652.39 8658.68 8661.6 8663.09 8665.98 8668.16 8669.43 8658.8 8647.95 8638.89 8631.58 8626.49 8625.45 8629.97 8632.27 8629.41 8623.56 8614.93 8603.92 8592.56 8581.47 8571.01 8562.21 8555.72 8554.24 8554.83 8555.81 8553.54 8549.11 8542.21 8535.09 8529.81 8522.54 8515.75 8509.32 8523.65 8539.69 8546.45 8551.8 8558.19 8564.31 8569.98 8573.92 8576.86 8580.91 8584.42 8592.28 8608.92 8630.95 8653.36 8671.63 8680.36 8683.12 8680.15 8700.76 8744.28 8777.11 8753.84
8619.38 8616.91 8614.63 8616.27 8614.51 8617.59 8626.19 8633.78 8638.98 8642.44 8648.46 8653.07 8656.07 8661.71 8669.32 8674.45 8663.82 8654.29 8647.79 8644.32 8643.88 8649.25 8662.89 8671.45 8654.98 8640.74 8627.47 8614.65 8600.81 8587.74 8575.29 8563.01 8554.87 8555.68 8558.49 8561.4 8562.24 8553.14 8544.71 8536.38 8526.23 8524.9 8521.62 8516.91 8525.54 8531.6 8538.39 8547.5 8555.62 8562.26 8567.04 8570.71 8573.4 8574.79 8580.2 8591.16 8608.83 8632.82 8657.86 8681.16 8696.25 8700.23 8699.23 8707.62 8729.14 8757.79 8722.19
8622.67 8627.44 8623.72 8616.04 8612.01 8614.24 8620.47 8627.69 8633.27 8634.14 8627.79 8635.08 8646.04 8652.41 8658.66 8663.07 8659.36 8654.71 8652.01 8651.43 8654.67 8661.11 8666.26 8676.55 8667.1 8652.59 8637.19 8622.11 8607.19 8591.46 8577.63 8563.58 8554.72 8558.17 8560.06 8561.92 8561.49 8553.37 8546.42 8541.53 8537.4 8536.68 8534.14 8538.1 8535.79 8532.35 8535.79 8547.69 8556.62 8563.26 8568.15 8571.36 8573.64 8575.61 8576.01 8584.08 8608.55 8636.45 8664.4 8692 8720.63 8720.81 8721.9 8722.98 8710.58 8701.78 8614.79
8623.79 8626.88 8623.9 8616.61 8612.58 8613.8 8619.88 8626.07 8631.59 8635.16 8636.93 8637.01 8639.16 8641.71 8645.28 8648.76 8650.13 8651.36 8653.64 8657.21 8661.12 8666.72 8670.99 8675.67 8671.67 8659.37 8644.29 8628.33 8611.56 8595.99 8581.11 8566.74 8560.68 8564.16 8557.23 8555.12 8553.05 8547.82 8544.33 8544.91 8554.88 8546.92 8539.17 8538.67 8538.14 8540.52 8546.36 8554.45 8562.09 8568.04 8571.74 8575 8577.54 8579.13 8577.24 8585.14 8612.59 8643.7 8671.38 8693.97 8710.41 8724.11 8728.17 8716.88 8683.94 8593.79 8470.7
8623.96 8622.79 8622.2 8617.67 8612.45 8616.25 8621.7 8627.83 8633.53 8640.85 8648.69 8641.36 8634.08 8628.78 8627.61 8632.43 8637.59 8644.83 8652.28 8658.84 8666.1 8673.6 8682.02 8683.86 8676.45 8664.89 8649.97 8632.11 8615.84 8599.55 8583.85 8570.25 8561.89 8557.58 8545.17 8540.37 8539.02 8538.15 8537.52 8537.15 8534.15 8533.31 8537.05 8537.09 8541.82 8552.04 8557.69 8565.4 8569.81 8573.5 8577.18 8580.57 8583.6 8586.19 8587.62 8597.92 8624.9 8654.36 8679.57 8698.15 8708.52 8722.81 8726.5 8710.33 8638.77 8494.4 8328.19
8625.6 8631.64 8625.73 8621.77 8620.23 8621.43 8625.49 8629.18 8633.62 8638.55 8646.83 8638.14 8628.76 8616.65 8606.05 8612.26 8626.4 8637.04 8646.21 8655.49 8665.6 8676.64 8687 8690.02 8683.19 8670.71 8654.43 8638.85 8621.46 8604.45 8586.93 8569.84 8553.44 8534.21 8529.59 8521.93 8523.95 8529.2 8530.7 8529.32 8526.2 8528.49 8538.26 8550.8 8563.58 8568.95 8577.15 8577.89 8578.49 8579.83 8582.44 8586.5 8591.62 8597.41 8606.06 8619.17 8639.8 8665.82 8689.01 8708.67 8717.91 8717.38 8707.67 8684.4 8549.02 8390.97 8268.5
8622.26 8625.67 8626.01 8626.38 8628.09 8628.05 8630.12 8632.07 8633.42 8631.6 8626.23 8629.76 8623.29 8613.81 8602.98 8608.83 8621.71 8632.89 8642.74 8652.8 8663.49 8676.8 8692.49 8699.48 8686.18 8672.21 8658.3 8642.93 8627.56 8611.11 8593.27 8571.35 8549.59 8536.29 8527.7 8521.75 8523.59 8528.45 8529.84 8528.07 8526.01 8528.25 8540.35 8556.99 8572.98 8577.63 8584.84 8585.07 8583.97 8584.14 8586.11 8590.68 8599.16 8608.53 8618.09 8632.44 8650.73 8674.12 8696.39 8717.59 8723.08 8702.64 8669.28 8598.88 8467.01 8336.15 8266.52
8614.44 8619.16 8623.31 8626.76 8629.41 8633.68 8635.42 8635.98 8635.99 8634.87 8633.3 8631 8626.23 8622.24 8618.74 8619.25 8625.08 8632.27 8641.93 8650.45 8659.99 8671.01 8680.71 8685.46 8681.2 8669.79 8658.17 8646.27 8633.74 8619.87 8604.42 8588.23 8568.96 8547.9 8540.62 8535.58 8537.04 8538.47 8536.6 8532.76 8529.38 8530.91 8539.12 8552.39 8560.01 8575.04 8582.97 8585.64 8585.06 8584.81 8586.26 8590.24 8597.25 8608.55 8624.46 8637.63 8653.21 8673.44 8694.03 8711.04 8709.04 8682.48 8638.67 8568.46 8444.83 8333.51 8271.93
8606.49 8608.44 8623.75 8636.75 8641.23 8640.99 8640.3 8638.79 8638.26 8637.58 8637.59 8635.06 8633.19 8632.06 8634.74 8630.21 8630.85 8634.32 8638.78 8644.52 8651.05 8660.06 8671.06 8672.43 8671.45 8664.85 8657.76 8649.31 8640.61 8630.38 8618.73 8603.44 8590.72 8576.53 8573.52 8564.49 8563.03 8557.61 8550.48 8542.35 8534.78 8530.25 8536.15 8546.14 8559.53 8566.67 8578.89 8582.9 8580.97 8581 8582.33 8585.45 8592.05 8600.82 8611.99 8630.72 8649.38 8667.55 8682.94 8689.9 8686.47 8662.92 8622.85 8558.43 8452.7 8324.04 8268.27
8607 8612.66 8627.09 8645.96 8653.52 8647.24 8643.24 8640.77 8639.67 8640.35 8639.57 8638.79 8637.73 8636.66 8634.73 8635.05 8634.11 8633.89 8634.86 8636.94 8638.82 8641.36 8649.97 8658.41 8661.04 8658.02 8654.37 8650.37 8646.89 8642.97 8637.38 8625.91 8622.73 8624.38 8622.52 8618.71 8595.42 8579.94 8567.66 8555.78 8544.03 8534.04 8536.1 8540.76 8541.42 8552.47 8564.11 8570.37 8573.03 8574.62 8576.64 8578.04 8581.27 8588.81 8598.27 8619.88 8642.16 8660.02 8670.62 8668.01 8666.44 8651.12 8616.93 8561.93 8487.53 8326.17 8279.25
8607.11 8613.5 8627.32 8640.37 8646.95 8646.63 8644.15 8641.88 8638.72 8634.24 8637.68 8640.9 8643.59 8643.86 8640.99 8639.19 8635.8 8632.67 8631.26 8629.76 8627.46 8624.23 8622.14 8638.82 8646.14 8648.65 8649.54 8650.13 8651.08 8653.62 8658.57 8665.29 8654.95 8647.18 8639.22 8630.01 8615.2 8600.17 8586.62 8574.1 8561 8547.39 8546.26 8547.08 8544.67 8547.17 8555.22 8560.38 8565.69 8568.76 8572.52 8576.69 8578.73 8585.59 8593.64 8613.78 8633.92 8649.18 8656.63 8656.22 8659.8 8651.98 8625.14 8568.62 8452.11 8331.91 8290.86
8613.4 8618.63 8628.05 8635.52 8642.08 8644.17 8643.49 8641.83 8639.6 8636.44 8638.07 8642.51 8648.23 8655.11 8653.32 8643.58 8636.2 8629.53 8625.64 8622.48 8620.19 8618.52 8618.45 8625.75 8633.61 8639.2 8643.17 8647.37 8652.22 8659.08 8667.89 8672.02 8670.05 8659.83 8648.75 8637.56 8628.28 8616.89 8605.83 8595.98 8586.84 8575.86 8574.74 8569.84 8555.7 8552.11 8559.07 8561.78 8561.42 8564.92 8570.02 8578.41 8588.08 8590.26 8598.72 8612.05 8626.17 8639.9 8648.87 8651.39 8662.68 8664.95 8646.5 8593.65 8456.29 8340.83 8279.38
8619.08 8622.49 8631.41 8640.16 8642.92 8642.77 8641.48 8641.23 8641.74 8642.96 8640.9 8641.73 8646.96 8654.98 8653.08 8640.55 8631 8624.47 8620.12 8616.93 8616.25 8619.66 8621.35 8620.93 8626.11 8630.83 8636.07 8641.93 8648.46 8655.91 8667.24 8675.26 8671.68 8666.95 8662.1 8650.98 8639.23 8630.17 8622.17 8617.01 8615.17 8623.49 8622.32 8606.23 8596.99 8588.96 8574.66 8559.59 8559.41 8563.4 8567.5 8572.74 8579.28 8588.26 8598.63 8609.92 8622.51 8635.55 8649.2 8663.43 8674.53 8683.7 8680.33 8647.3 8530.92 8372.32 8277.79
8616.2 8624.53 8632.69 8642.09 8642.6 8642.4 8641.65 8639.87 8639.31 8640.51 8636.57 8635.06 8637.08 8640.5 8637.61 8629.38 8622.49 8616.41 8611.99 8609.08 8608.41 8610.59 8612.9 8613.48 8615.32 8624.27 8629.96 8634.79 8640.29 8647.18 8656.7 8666.45 8664.12 8662.96 8662.5 8656.47 8646.6 8638.67 8633.24 8631.8 8634.23 8641.96 8642.8 8635.02 8636.66 8631.67 8599.99 8570.23 8566.49 8568.12 8568.42 8568.43 8573.57 8581.61 8592.19 8606.94 8620.19 8631.73 8645.67 8661.47 8682.56 8702.32 8716.56 8705.19 8584.41 8444.68 8309.7
8626.35 8631.66 8634.13 8635.02 8640.45 8641.96 8641.84 8639.15 8632.71 8626.21 8626.76 8623.89 8620.87 8621.9 8618.05 8613.73 8609.41 8605.27 8601.98 8599.51 8598.58 8600.21 8603.75 8609.97 8616.92 8621.94 8624.74 8627.86 8630.83 8633.52 8633.61 8637.41 8647.51 8652.36 8656.86 8653.59 8646.81 8643.23 8642.19 8642.31 8642.8 8640.06 8636.13 8649.83 8659.3 8653.74 8629.88 8599.09 8587.01 8581.2 8574.51 8571.12 8574.45 8583.16 8593.54 8605.59 8616.53 8628.09 8638.63 8657.86 8683.68 8711.04 8734.87 8745.17 8661.14 8505.47 8358.63
8660.93 8647.48 8641.38 8640.77 8643.09 8645.11 8644.76 8641.37 8635.89 8627.74 8621.09 8612.82 8602.73 8593.99 8595.3 8596.93 8596.78 8595.47 8593.37 8590.14 8588.1 8585.49 8594.01 8605.5 8616.63 8616.86 8618.08 8619.96 8620.78 8620.52 8619.37 8623.12 8632.3 8639.59 8643.78 8644.34 8642.08 8642.85 8644.29 8647.11 8649.83 8650.12 8653.12 8665.47 8678.13 8683.34 8663.9 8639.72 8621.59 8600.19 8582.98 8575.12 8580.17 8589.78 8599.73 8607.69 8615.71 8623.25 8628.83 8646.81 8677.89 8706.21 8730.05 8733.1 8710.29 8576.98 8416.16
8664.17 8659.05 8648.36 8645.28 8652.04 8654.16 8649.99 8645.26 8640.98 8633.37 8618.96 8604.89 8589.32 8577.4 8579.43 8583.33 8585.71 8585.62 8585.03 8582.98 8580.74 8579.78 8586.31 8595.54 8601.82 8607.25 8610.6 8612.5 8613.23 8612.07 8609.8 8613.58 8621.23 8626.53 8627.86 8629.93 8636.04 8641.19 8646.32 8651.78 8657.48 8664.07 8671.35 8678.21 8684.97 8684.81 8674.99 8668.14 8647.98 8616.05 8589.32 8574.68 8586.47 8608.01 8610.72 8612.32 8616.93 8622.14 8628.88 8645.27 8670.48 8695.26 8717.96 8730.61 8719.24 8619.84 8473.44
8676.05 8677.4 8671.99 8666.8 8669.07 8667.75 8661.94 8652.53 8637.16 8627.11 8617.6 8602.79 8585 8568.62 8573.31 8577.01 8577.66 8577.54 8577.24 8576.76 8576.53 8575.6 8581.65 8588.46 8593.99 8599.39 8604.16 8607.37 8609.2 8609.22 8606.37 8610.07 8615.09 8617.02 8616.73 8624.82 8632.81 8639.67 8646.9 8654.87 8663.72 8674.03 8682.79 8685.95 8680.64 8665.77 8667.09 8670.25 8656.25 8625 8593.41 8575.65 8587.94 8607.99 8612.6 8614.12 8617.88 8623.24 8631.9 8645.68 8663.9 8682.63 8699.52 8712.74 8717.08 8668.52 8583.68
8699.75 8703.27 8714.68 8707.87 8694.59 8682.67 8671.77 8663.48 8657.45 8639.38 8621.76 8606.84 8595.39 8584.63 8577.41 8575.14 8573.77 8573.37 8574.09 8574.67 8576.17 8575.36 8580 8583.96 8586.9 8592.55 8599.21 8603.74 8607.85 8611.88 8615.52 8614.78 8614.62 8614.75 8618.27 8626.81 8632.41 8639.46 8645.25 8655.09 8666.14 8680 8693.91 8693.94 8682.22 8669.75 8669.42 8673.73 8663.16 8631.83 8597.03 8577.01 8585.24 8599.71 8606.18 8611.34 8616.95 8623.13 8630.43 8642.82 8656.48 8669.43 8679.72 8689.95 8698.61 8687.2 8684.18
8707.27 8722.59 8739.09 8733.13 8716.2 8699.4 8683.44 8670.21 8664.69 8643.65 8621.97 8607.78 8600.34 8592.6 8580.5 8574.76 8573.2 8572.61 8572.35 8573.25 8577.4 8580.69 8578.82 8581.72 8588.43 8594.19 8595.82 8599.8 8605.14 8611.46 8620.58 8616.62 8615.4 8615.98 8619.22 8625.16 8629.73 8635.79 8643.38 8652.79 8662.51 8676.71 8696.23 8695.08 8682.54 8676.9 8678.7 8681.74 8673.82 8638.97 8600.33 8578.77 8581.75 8591.93 8598.74 8606.95 8615.84 8624.73 8632.61 8642.15 8651.6 8660.33 8666.82 8673.2 8684.36 8698.92 8724.52
8709.17 8744.15 8765.13 8754.39 8737.58 8717.22 8694 8667.42 8639.32 8629.51 8617.33 8605.43 8595.13 8585.41 8578.91 8573.04 8569.72 8568.41 8567.98 8570 8570.59 8570.63 8573.35 8577.13 8583.05 8587.87 8588.99 8593.27 8599.93 8606.09 8608.76 8611.86 8613.06 8615.99 8618.05 8619.24 8624.2 8630.3 8637.8 8646.93 8656.44 8664.12 8659.3 8659.14 8677.73 8682.62 8684.37 8687.24 8682.81 8645.21 8603.67 8580.48 8578.16 8582.58 8590.85 8602.18 8614.86 8628.18 8638.65 8643.8 8648.79 8654.74 8660.02 8667.82 8682.58 8707.56 8721.15
8805.48 8790.98 8772.8 8777.14 8766.35 8742.25 8711.65 8677.35 8644.84 8628.2 8614.79 8602.09 8590.62 8581.9 8575.66 8571.89 8569.41 8568.78 8567.75 8566.97 8569.26 8568.35 8567.65 8569.54 8571.33 8572.58 8577.74 8583.78 8591.77 8601.43 8607.41 8605.55 8605.59 8608.53 8610.34 8612.77 8616.34 8623.05 8631.29 8640.3 8648.96 8656.76 8664.02 8676.16 8680.97 8686.49 8691.12 8687.2 8670.95 8647.03 8619.17 8592.28 8576.92 8575.35 8583.22 8596.49 8611.71 8628.44 8642.28 8642.33 8644.96 8650.05 8658.28 8665.95 8676.57 8690.07 8698.45
8906.05 8873.89 8836.94 8829.71 8810.88 8779.03 8741.73 8696.93 8664.08 8636.24 8615.74 8600.35 8589.64 8578.58 8573.37 8571.32 8570.92 8569.62 8566.94 8564.41 8559.99 8561.11 8562.44 8562.36 8561.4 8560.77 8565.54 8572 8579.49 8589.12 8595.73 8592.91 8592.69 8593.48 8596.74 8597.76 8606.92 8614.46 8621.81 8630.56 8640.74 8650.47 8662.9 8675.6 8682.36 8690.97 8698.88 8691.24 8670.36 8654.38 8634.63 8603.45 8574.99 8568.29 8577.05 8591.11 8607.58 8623.26 8632.96 8635.95 8637.68 8641 8648.65 8658.98 8668.43 8676.39 8685.3
9022.38 8982.7 8941.94 8913.02 8872.99 8824.64 8769.76 8716.76 8673.68 8645.12 8618.27 8597.76 8581 8573.23 8571.2 8571.62 8571.29 8571.11 8569.75 8568.48 8560.56 8560.26 8560.24 8558.28 8555.33 8552.5 8555.6 8559.68 8564.04 8567.13 8570.85 8574.91 8576.82 8583.97 8585.85 8593.96 8599.68 8605.39 8612.94 8621.74 8631.1 8640.46 8651.15 8660.37 8675.13 8690.14 8702.77 8703.59 8694.63 8674.37 8641.88 8605.59 8575.07 8566.13 8573.1 8585.91 8600.85 8618.01 8627.07 8627.01 8627.42 8628.26 8630.96 8641.77 8656.8 8676.25 8696.73
9103.18 9103.72 9066.83 9003.56 8934.77 8864.93 8801.76 8743.3 8699.98 8658.19 8624.57 8599.37 8577.96 8572.01 8571.44 8572.17 8575.58 8576.72 8577.06 8578.52 8573.46 8568.66 8563.03 8557.39 8552.36 8548.97 8548.19 8549.44 8549.77 8550.67 8555.02 8558.81 8559.08 8556.53 8570.45 8580.5 8588.51 8595.67 8603.53 8612.04 8621.21 8630.46 8639.4 8648.44 8665.52 8684.73 8706.24 8710.29 8708.93 8689.42 8649.03 8607.37 8572.52 8565.02 8570.55 8580.99 8592.97 8605.01 8612.9 8616.47 8617.03 8616.74 8617.82 8627.63 8646.14 8665.75 8683.34
9102.76 9199.9 9179.38 9067.76 8979.25 8901.69 8829.95 8754.3 8708.78 8674.65 8638.13 8606.45 8585.17 8576.37 8576.15 8577.2 8577.92 8579.44 8581.4 8587.6 8587.49 8576.62 8567.12 8557.86 8550.65 8544.87 8542.83 8543.15 8541.71 8534.91 8541.72 8550.16 8554.7 8556.11 8562.84 8570.3 8577.27 8585.31 8594.1 8603.09 8612.47 8621.57 8630.34 8641.22 8654.87 8670.72 8683.81 8700.23 8714.53 8701.43 8651.71 8612.02 8576.73 8567.9 8570.05 8577.87 8588.07 8595.54 8602.97 8608.49 8610.63 8610.54 8610.63 8618.63 8639.98 8659.03 8675.42
