real_craters/C157-300m.grd
DSAA
380 380
-56.805 56.805
-56.805 56.805
7089.6956156398 10000.888244749
[rows 210 to 239 of 380, columns 268 to 334 of 380]
8680.29 8681.6 8682.75 8682.71 8675.16 8666.9 8658.77 8662 8665.94 8669.69 8673.52 8684.42 8690.69 8697.58 8704.78 8711.89 8719.2 8725.55 8732.29 8737.9 8742.96 8746.03 8748.64 8750.39 8744.21 8731.48 8713.62 8696.63 8679.27 8662.13 8645.68 8632.14 8621.53 8612.06 8605.91 8602.07 8598.5 8595.39 8591.19 8587.28 8584.04 8581.64 8568.11 8550.52 8540.14 8538.64 8547.37 8559.67 8573.42 8588.99 8607.95 8631.86 8661.54 8691.14 8707.83 8713.48 8715.57 8716.32 8715.56 8714.28 8712.42 8710.15 8707.9 8705.3 8702.53 8700.19 8698.37
8682.01 8684.07 8685.5 8683.45 8678.45 8671.17 8667.52 8666.38 8667.72 8669.95 8673.24 8683.55 8689.7 8696.84 8703.9 8711.35 8719.14 8725.27 8732.68 8739.25 8746.11 8751.91 8757.49 8761.3 8753.93 8736.84 8714.27 8694.48 8675.54 8657.44 8640.96 8627.31 8614.79 8607.9 8602.38 8598.65 8596.55 8593.06 8588.29 8583.11 8578.13 8572.03 8557.12 8537.58 8526.53 8528.76 8537.46 8549.16 8562.11 8577.53 8597.47 8623.31 8658.33 8693.31 8710.56 8716.25 8717.78 8717.72 8716.51 8714.81 8712.68 8710.21 8707.53 8705.17 8702.14 8699.7 8697.95
8682.18 8684.41 8688.06 8687.61 8680.26 8673.99 8671.2 8669.75 8669.77 8671.32 8679.07 8684.55 8690.55 8697.11 8704.35 8711.99 8718.01 8725.47 8732.9 8740.63 8747.57 8753.91 8760.84 8767.26 8760.45 8738.32 8712.74 8690.66 8670.56 8652.28 8636.23 8622.89 8611.46 8604.73 8599.33 8595.51 8593.97 8589.65 8583.87 8576.97 8569.04 8558.97 8544.8 8528.96 8521.36 8524.04 8531.67 8541.28 8552.15 8565.6 8583.28 8611.94 8653.04 8695.99 8710.84 8715.65 8717.25 8717.73 8716.78 8715.18 8713.02 8710.46 8707.64 8705.27 8701.71 8698.99 8696.92
8680.2 8681.07 8682.69 8682.28 8678.09 8673.45 8671.18 8670.03 8670.34 8672.22 8680.28 8685.82 8691.48 8697.52 8704.16 8711.28 8717.73 8725.13 8731.38 8737.74 8744.64 8750.89 8756 8759.73 8752.02 8731.29 8706.91 8685.46 8664.99 8646.37 8630.35 8618.33 8609.57 8602.58 8598.71 8595.3 8591.16 8586.26 8579.47 8570.62 8560.11 8548.2 8534.81 8522.28 8518.02 8522.82 8529.63 8535.44 8543.69 8554.45 8567.54 8585.12 8635.3 8691.76 8703.26 8710.95 8714.64 8716.78 8716.38 8715.12 8713.08 8710.49 8707.52 8705.33 8701.87 8698.58 8695.89
8677.73 8676.66 8671.77 8672.72 8674.06 8671.22 8668.06 8666.96 8669.71 8672.76 8681.3 8686.46 8692.09 8697.81 8704.19 8709.69 8714.97 8721.91 8727.63 8733.42 8738.51 8742.85 8745.28 8741.59 8729.43 8719.28 8698.32 8677.87 8657.7 8638.93 8622.59 8609.88 8601.67 8598.74 8598.29 8596.18 8591.36 8585.22 8576.17 8565.11 8552.47 8538.83 8525.66 8516.08 8514.65 8519.73 8525.44 8529.95 8536.84 8546.8 8561.26 8582.41 8622.23 8654.99 8689.32 8704.33 8711.97 8715.22 8715.77 8715.14 8713.4 8710.88 8707.83 8704.61 8700.89 8697.47 8694.65
8676.43 8676.38 8675.62 8673.9 8673.38 8670.54 8667.71 8667.11 8669.8 8673.21 8681.64 8687.13 8692.32 8698.17 8702.91 8708.01 8713.13 8718.57 8723.32 8728.46 8732.05 8734.16 8734.75 8732.29 8726.72 8711.06 8689.19 8669.08 8649.28 8630.57 8613.61 8599.87 8592.54 8592.95 8595.37 8594.65 8590.7 8584.21 8573.6 8560.69 8546.28 8531.34 8518 8511.26 8511.16 8515.39 8520.63 8524.83 8530.99 8540.9 8558.11 8590.06 8630.15 8665.67 8685.95 8699.62 8707.38 8711.93 8713.85 8713.83 8712.44 8710.08 8707.07 8703.43 8700.08 8696.74 8693.75
8675.72 8677.77 8679.71 8677.67 8675.27 8672.18 8669.44 8666.96 8672.22 8675.56 8683.35 8687.86 8692.38 8698.27 8703.01 8707.11 8711.45 8715.59 8718.66 8721.98 8723.99 8725.28 8725.08 8723.69 8718.07 8700.95 8680.91 8659.46 8640.5 8622.3 8605.06 8590.51 8584.38 8586.65 8590.32 8590.95 8588.57 8582.99 8571.5 8557.01 8541.43 8526.05 8513.52 8508.36 8508.4 8512.07 8517.53 8520.77 8525.78 8534.78 8549.68 8578.87 8633.74 8672.97 8683.56 8695.36 8703.47 8709.02 8711.76 8712.39 8711.43 8709.32 8706.45 8703.17 8699.66 8696.32 8693.62
8674.17 8677.12 8680.59 8678.59 8677.01 8675.63 8675.64 8676.64 8678.57 8679.1 8684.71 8688.3 8691.9 8697 8701.41 8705.68 8709.25 8712.29 8714.74 8716.3 8716.89 8715.93 8713.8 8709.12 8699.95 8686.23 8669.44 8649.79 8632.43 8615.33 8598.75 8583.85 8578.58 8580.9 8584.04 8585.63 8585.41 8581.37 8569.23 8553.59 8537.39 8522 8509.98 8505.98 8505.71 8508.7 8513.59 8516.56 8521.28 8529.73 8544.16 8571.94 8612.06 8649.57 8674.14 8690.17 8701.05 8707.29 8710.78 8711.87 8711.17 8709.21 8706.38 8702.25 8698.92 8695.97 8693.51
8671.34 8672.95 8675.59 8676.15 8677.01 8677.99 8681.71 8688.83 8685.15 8682.27 8686 8688.45 8692.43 8696.4 8700.11 8703.58 8706.73 8709.43 8711.14 8711.72 8710.18 8707.61 8702.65 8695.35 8684.93 8672.13 8657.94 8640.92 8625.92 8610.79 8595.93 8584.25 8577.7 8577 8577.99 8579.99 8580.87 8578.33 8565.96 8549.48 8533.1 8518.34 8507.43 8503.03 8502.34 8505 8508.97 8513.14 8518.71 8526.91 8540.76 8566.93 8599.88 8637.24 8667.55 8686.93 8698.71 8705.87 8708.9 8710.07 8709.46 8707.6 8704.92 8701.76 8698.52 8695.76 8693.91
8668.97 8667.29 8666.75 8672.5 8676.03 8678.95 8681.69 8685.59 8683.73 8681.92 8685.72 8687.85 8691.59 8694.68 8698.59 8702 8704.97 8707.34 8708.72 8708.04 8706.42 8701.09 8693.57 8684.18 8671.99 8659.73 8648.22 8633.97 8621.73 8609.1 8596.08 8582.03 8577.74 8575.29 8574.25 8574.93 8574.97 8571.84 8560.22 8544.44 8528.4 8514.04 8503.31 8498.31 8498.95 8502.64 8507.37 8513.22 8519.52 8527.72 8541.94 8572.14 8608.93 8643.89 8670.66 8688.68 8700.58 8707.19 8709.97 8710.74 8709.81 8707.72 8703.93 8700.51 8697.52 8695.14 8693.52
8669.65 8668.54 8668.72 8672.38 8675.7 8677.96 8678.66 8676.26 8676.88 8679.91 8684.61 8688.57 8692.16 8695 8698.46 8700.67 8704.84 8706.39 8706.89 8705.43 8702.64 8696.92 8687.8 8676.47 8662.27 8649.88 8641.4 8630.2 8620.61 8610.63 8600.94 8593.4 8583.01 8576.16 8572.31 8570.94 8568.94 8564.07 8553.65 8538.77 8523.4 8509.1 8498.13 8493.6 8496.22 8502.67 8512.37 8519.86 8524.55 8533.25 8550.46 8589.42 8633.86 8662.74 8682.71 8696.5 8705.32 8708.03 8709.93 8709.89 8707.63 8705.41 8703.66 8700.35 8697.42 8694.96 8693.2
8673.38 8673.22 8673.68 8675.36 8677.02 8678.19 8678.32 8676.51 8677.26 8679.8 8684.1 8688.16 8690.97 8695.05 8698.55 8701.6 8704.11 8705.28 8705.65 8705.34 8701.79 8695.71 8686.32 8673.77 8658.17 8645.18 8639.43 8630.53 8622.62 8614.24 8606.06 8597.12 8588.28 8578.44 8571.94 8568.55 8564.24 8557.79 8547.04 8533.38 8518.75 8504.8 8493.89 8490.57 8494.15 8502.17 8514.38 8524.26 8531.69 8543.7 8565.01 8614.98 8665.56 8685.73 8696.72 8705.47 8710.08 8710.61 8710.82 8709.73 8706.32 8703.88 8701.34 8698.5 8696.08 8694.22 8693.57
8678.41 8681.06 8680.17 8679.13 8679.3 8679.7 8680.68 8681.95 8683.78 8681.45 8680.84 8687.63 8690.91 8694.35 8697.57 8700.83 8703.45 8706.36 8706.3 8705.91 8703.08 8698.02 8689.33 8677.48 8663.08 8650.72 8644.33 8635.61 8627.53 8619.19 8611.85 8604.55 8593.79 8582.77 8574.48 8568.48 8561.36 8552.53 8541.76 8529.11 8515.5 8502.31 8491.89 8489.5 8493.02 8500.67 8511.05 8523.48 8540.71 8561.25 8588.22 8644.88 8694.54 8706.76 8711.93 8714.27 8715.04 8714.57 8713.01 8709.47 8706.86 8703.98 8701.2 8698.37 8695.99 8694.49 8694.22
8682.57 8681.03 8682.24 8682.11 8681.62 8681.29 8682 8681.96 8681.59 8681.12 8683.42 8687.21 8690.2 8693.41 8698.38 8701.44 8704.69 8706.46 8709.47 8708.86 8706.35 8702.58 8695.86 8686.66 8674.84 8662.96 8655.46 8647.17 8635.02 8624.06 8615.37 8608.35 8598.4 8591.62 8581 8570.15 8560.36 8550.32 8539.17 8526.99 8514.34 8502.41 8493.16 8489.38 8493.68 8501.58 8511.4 8526.86 8554.42 8587.15 8625.28 8673.32 8709.34 8719.89 8722.59 8722.49 8721.27 8719.17 8716.45 8712.23 8706.29 8703.1 8700.32 8697.65 8695.45 8694.38 8694.88
8688.16 8687.15 8685.9 8685.11 8683.78 8682.46 8682.21 8680.41 8679.27 8679.7 8680.15 8687.15 8690.41 8693.92 8698.08 8702.12 8706.15 8707.42 8709.59 8710.62 8711.49 8709.47 8705.65 8700.19 8692.07 8680.88 8673.28 8661.92 8644.96 8628.32 8612.84 8602.15 8596.71 8592.86 8583.06 8570.94 8560.25 8550.03 8539.6 8527.78 8515.94 8505.39 8497.44 8495.48 8499.79 8507.67 8518.5 8536.27 8572.62 8616.86 8659.16 8698.29 8722.77 8727.31 8727.45 8725.76 8724.82 8721.19 8717.77 8712.75 8709.02 8705.35 8700.22 8697.55 8695.55 8694.68 8695.18
8694.75 8693.37 8691.34 8688.6 8685.92 8683.53 8682.15 8679.62 8678 8678.59 8679.74 8686.94 8690.6 8694.18 8698.18 8701.86 8705.79 8708.62 8712.43 8714.71 8717.02 8717.38 8717.52 8717.15 8715.03 8710.69 8699.85 8681.41 8657.85 8634.24 8611.02 8596.61 8592.07 8587.77 8580.02 8570.33 8560.56 8551.14 8541.75 8530.1 8519.98 8511.96 8505.95 8505.8 8509.9 8519.71 8533.34 8552.83 8593.66 8642.76 8684.87 8710.44 8725.6 8728.75 8728.39 8726.01 8723.76 8720.22 8716.37 8712.09 8708.26 8704.56 8700.12 8697.23 8695.43 8694.5 8695.99
8700.93 8701.05 8695.92 8691.39 8687.61 8684.38 8681.55 8679.25 8677.95 8678.12 8679.47 8686.47 8690.99 8695.24 8699.72 8703.61 8707.03 8710.74 8714.92 8719.03 8723.18 8726.12 8729.63 8733.12 8736.83 8739.99 8727.28 8702.36 8673.18 8644.46 8616.37 8599.02 8591.46 8585.21 8579 8571.2 8562.32 8552.81 8543.13 8533.36 8525.5 8521.94 8518.74 8514.28 8520.64 8537.68 8557.93 8580.46 8621.14 8662.77 8691.02 8708.31 8719.72 8725.42 8726.39 8725 8721.94 8718.23 8714.36 8710.26 8705.72 8702.21 8699.03 8696.12 8694.71 8694.39 8696.94
8702.94 8702.65 8697.48 8692.43 8688.31 8684.76 8681.69 8679.06 8676.94 8677.55 8682.64 8687 8692.55 8696.76 8701.63 8705.87 8710.4 8714.64 8718.76 8723.65 8728.45 8733.11 8739.05 8744.8 8752 8757.77 8747.51 8720.5 8689.77 8659.81 8630.17 8610.39 8598.04 8588.82 8583.11 8576.54 8567.73 8557.28 8546.8 8536.99 8531.15 8529.38 8528.39 8525.13 8535.83 8562.31 8592.55 8625.04 8661.25 8695.91 8708.76 8709.4 8715.21 8720.57 8722.39 8721.94 8719.01 8716.3 8712.78 8708.11 8704.55 8700.88 8697.91 8695.58 8693.93 8693.79 8696.74
8700.32 8699.23 8695.62 8691.84 8688.44 8685.4 8682.53 8679.45 8677.26 8678.73 8683.63 8688.25 8694.31 8699.23 8704.43 8709.15 8713.43 8718.62 8723.16 8727.88 8733.2 8738.86 8744.99 8751.27 8758.45 8764.29 8756.77 8732.69 8705.89 8679.74 8652.1 8630.75 8612.51 8599.5 8594.64 8588.44 8579.09 8566.63 8552.35 8543.81 8540.11 8536.75 8538.74 8544.52 8559.57 8593.69 8630.13 8669.49 8696.46 8705.89 8709.24 8707.57 8711.46 8716.02 8716.87 8718.03 8716.67 8712.74 8709.85 8705.87 8702.71 8699.73 8697.4 8695.3 8693.85 8693.24 8695.61
8694.98 8693.78 8692.13 8690.24 8688.22 8686.15 8684.09 8681.22 8679.89 8681.05 8686.27 8691.32 8696.59 8701.52 8707.31 8712.26 8716.68 8722.43 8726.91 8732.17 8737.44 8742.98 8748.48 8754.01 8758.02 8759.12 8752.16 8738.16 8720.56 8703.26 8685.25 8661.34 8637.12 8620.92 8615.47 8608.37 8598.19 8584.65 8568.9 8560.22 8560.73 8558.6 8566.95 8582.22 8601.45 8632.26 8662.81 8693.34 8710.59 8708.39 8707.53 8705.86 8708.84 8711.8 8712.73 8713.33 8712.3 8709.42 8707.08 8704.7 8702 8699.42 8697.03 8694.71 8693.62 8693.31 8696.02
8688.47 8688 8688.77 8688.98 8688.5 8687.76 8686.89 8685.09 8685.49 8686.67 8690.65 8695.09 8699.7 8705.45 8709.96 8714.72 8720.32 8724.81 8729.13 8735.21 8740.32 8745.17 8749.95 8753.68 8755.76 8753.68 8747.43 8741.9 8732.65 8724.02 8714.83 8693.79 8671.37 8654.81 8645 8635.82 8625.6 8613.43 8598.61 8592.23 8600.07 8603.81 8615.31 8635.3 8659.21 8673.72 8688.91 8705.09 8714.17 8712.01 8709.08 8707.62 8708.33 8709.5 8708.67 8708.06 8708.63 8707.12 8705.23 8703.15 8700.39 8698.36 8696.78 8695.24 8694.43 8694.3 8696.8
8684.1 8684.74 8687.37 8689.14 8689.86 8690.29 8690.57 8690.09 8693.09 8697.27 8697.34 8699.12 8702.94 8708.36 8712.82 8716.91 8723.33 8727.49 8731.55 8737.5 8742.06 8746.53 8750.16 8752.77 8753.65 8752.88 8751.25 8746.39 8741.61 8737.26 8731.88 8720.31 8706.42 8691.17 8677.66 8667 8658.22 8650.9 8645.51 8646.46 8654.92 8664.39 8668.79 8681.21 8700.55 8703.67 8707.32 8712.76 8714.7 8713.56 8711.71 8710.25 8708.99 8708.41 8707.48 8706.72 8705.66 8703.96 8702.42 8701.35 8699.7 8698.08 8696.84 8695.83 8695.56 8696.26 8699.29
8684.56 8685.87 8688.72 8690.95 8692.44 8693.6 8694.71 8695.32 8697.25 8698.56 8701.34 8703.91 8707.81 8711.57 8715.73 8721.89 8726.23 8730.25 8735.33 8739.24 8742.6 8747.04 8749.74 8751.31 8751.29 8750.52 8749.33 8746.39 8745.51 8745.45 8744.75 8740.86 8734.8 8721.6 8707.3 8696.78 8690.44 8688.9 8693.15 8701.14 8704.29 8710.29 8705.89 8707.34 8713.05 8715.63 8717.64 8718.65 8716.7 8714.64 8714.02 8712.81 8708.54 8706.49 8705.46 8704.62 8703.45 8702.23 8700.84 8699.59 8700.7 8697.17 8697.98 8697.51 8697.53 8698.35 8702.14
8690.47 8691.47 8692.98 8694.44 8695.85 8697.35 8698.9 8700.5 8701.23 8701.8 8705.7 8709.72 8712.99 8716.34 8719.27 8724.08 8727.94 8731.62 8737.67 8740.94 8743.48 8747.29 8748.32 8749.6 8749.25 8747.05 8742.67 8743.46 8746.22 8748.75 8752.01 8754.06 8754.11 8743.16 8730.6 8721.14 8717 8718.94 8727.99 8739.37 8735.01 8727.69 8722.39 8720.06 8718.96 8721.63 8724.53 8725.47 8724.97 8719.92 8711.19 8708.73 8708.63 8707.48 8706.6 8705.54 8704.39 8703.19 8702.48 8701.21 8700.15 8698.94 8698.38 8698.39 8698.95 8700.53 8704.37
8703.72 8699.77 8698.35 8698.65 8699.99 8701.69 8703.7 8705.89 8708.02 8709.93 8713.74 8716.73 8719.79 8722.8 8725.75 8729 8731.72 8734.74 8738.3 8743.27 8745.57 8747.34 8747.64 8748.35 8747.73 8746.63 8746.11 8746.31 8745.95 8746.76 8750.96 8758.3 8762.8 8754.88 8745.18 8737.65 8734.44 8736.38 8744.68 8756.88 8743.43 8730.91 8727.6 8726.75 8726.84 8728.3 8729.87 8730.34 8730.29 8725.18 8715.24 8711.36 8710.05 8708.58 8707.53 8706.66 8705.58 8704.8 8703.72 8702.69 8701.78 8701.06 8700.75 8700.55 8701.02 8702.33 8705.7
8709.28 8704.45 8702.46 8702.7 8703.92 8705.98 8708.52 8711.67 8716.05 8722.66 8724.76 8723.8 8725.94 8727.9 8730.22 8733.41 8734.96 8737.58 8741.52 8743.79 8745.54 8745.7 8746.68 8747.21 8747.23 8746.71 8748.33 8746.96 8744.18 8742.77 8746.6 8755.84 8761.66 8757.8 8752.16 8746.46 8743.09 8742.09 8742.8 8740.64 8732.6 8726.29 8727.5 8729.62 8732.1 8734.05 8733.53 8732.43 8729.47 8724.18 8718.48 8715.55 8713.62 8712.19 8711.25 8710.23 8709.21 8705.95 8704.99 8704.18 8703.51 8703.03 8702.73 8702.8 8703.14 8704.25 8706.28
8701.32 8703.02 8704.14 8705.8 8707.89 8710.42 8713.11 8716.28 8720.58 8725.62 8727.32 8727.56 8730.18 8732.76 8735.05 8737.49 8739.19 8739.35 8743.05 8744.68 8744.76 8746.07 8746.84 8746.97 8746.37 8745.42 8743.7 8741.35 8742.63 8742.53 8745.45 8750.85 8754.54 8756.11 8753.95 8749.7 8745.76 8741.98 8736.45 8728.57 8722.38 8722.21 8725.78 8729.76 8733.71 8735.92 8734.84 8733.16 8729.3 8723.51 8721.59 8718.96 8717.33 8716.05 8715.06 8714 8712.9 8711.03 8709.8 8708.89 8706.23 8705.78 8705.47 8705.32 8705.67 8706.65 8707.93
8696.07 8701.1 8705.23 8708.6 8711.53 8714.56 8717.64 8720.5 8723.4 8723.75 8724.56 8729.79 8734.12 8737.38 8739.35 8741.44 8742.25 8743.47 8744.59 8745.89 8746.18 8746.95 8747.67 8747.31 8746.37 8745.66 8744.22 8743.12 8744.71 8747.62 8749.85 8751.35 8752.72 8755.12 8754.03 8751.2 8745.92 8740.21 8732.36 8722.76 8715.75 8718.3 8724.12 8728.7 8731.89 8733.06 8733.38 8734.23 8731.56 8724.33 8719.83 8721.25 8720.31 8718.6 8717.48 8716.25 8716.13 8714.87 8713.62 8712.4 8710.32 8709.4 8708.73 8708.15 8707.89 8709.1 8709.41
8695.37 8702.08 8707.46 8711.81 8715.58 8718.98 8722.37 8725.13 8727.91 8727.93 8728.94 8735.17 8738.95 8742.15 8744.64 8746.33 8747.79 8746.33 8747.36 8746.7 8746.56 8747.19 8748.01 8748.12 8747.77 8747.32 8747.11 8747.01 8746.26 8749.09 8752.25 8754.82 8756.61 8756.05 8754.01 8750.58 8746.22 8739.33 8732.29 8724.14 8717.27 8719.59 8724.62 8728.34 8730.68 8731.03 8729.31 8729.51 8745.08 8731.92 8728.69 8725.87 8723.65 8721.79 8720.16 8718.72 8716.7 8715.5 8714.4 8713.38 8714.07 8712.85 8711.66 8710.5 8709.43 8711.12 8711.3
8699.83 8706.87 8712.18 8716.57 8720.66 8724.27 8728.06 8731.23 8735.26 8738.13 8742.63 8744.5 8745.83 8748.26 8750.02 8751.49 8752.49 8752.22 8752.76 8749.04 8749.56 8750.29 8750.44 8750.4 8750.39 8750.06 8749 8746.3 8745.48 8745.62 8752.08 8759.54 8760.01 8757.41 8754.18 8750.09 8745.96 8739.98 8734.66 8730.13 8726.68 8726.18 8727.09 8728.94 8730.43 8730.12 8724.31 8713.34 8703.75 8734.31 8734.31 8730.49 8727.4 8725.03 8723.08 8721.79 8720.34 8719.58 8718.35 8716.99 8716.06 8714.84 8713.56 8712.64 8710.24 8708.98 8709.23
