real_craters/C157-300m.grd
DSAA
380 380
-56.805 56.805
-56.805 56.805
7089.6956156398 10000.888244749
[rows 0 to 29 of 380, columns 0 to 66 of 380]
9066.58 9067.82 9064.98 9052.87 9042.35 9033.04 9025.24 9017.37 9008.82 8996.53 9000.31 9003.84 9006.48 9008.42 9009.08 9006.81 8996.49 8983.36 8975.35 8968.45 8960.82 8954.52 8944.59 8932 8925 8922.77 8918.87 8914.19 8908.96 8903.29 8897.45 8891.32 8884.37 8878.54 8872.75 8866.26 8863.11 8860.53 8858.36 8859.45 8860.96 8860.75 8860.35 8859.8 8858.74 8857.08 8853.15 8846.16 8839.61 8837.97 8836.1 8833.09 8829.97 8826.7 8823.27 8819.58 8815.85 8811.57 8807.07 8802.73 8803.43 8804.37 8805.56 8805.99 8806.07 8805.74 8805.37
9077.03 9080.11 9078.93 9065.98 9055.33 9047.85 9042.63 9039.48 9039.7 9044.6 9043.15 9040.12 9037.67 9041.37 9048.46 9056.84 9049.5 9032.08 9012.11 8997.86 8986.25 8978.38 8970.86 8964.42 8952.13 8941.71 8932.73 8924.89 8917.49 8910.12 8902.65 8896.76 8889.61 8883.59 8877.68 8871.04 8867.53 8863.76 8862.14 8862.12 8862.64 8860.84 8859.42 8858.08 8856.4 8854.02 8848.6 8841.66 8836.33 8834.32 8832.29 8829.68 8826.75 8823.59 8820.19 8816.46 8813.3 8808.03 8801.21 8793.54 8796.55 8798.49 8799.7 8799.63 8799.21 8798.34 8797.07
9080.28 9079.97 9075.85 9070.94 9064.17 9059.6 9057.66 9058.56 9063.61 9072.78 9067.99 9058.26 9059.95 9067.44 9078.57 9088.98 9081.71 9060.85 9041.27 9024.12 9009.94 9000.38 8992.49 8986.93 8972.95 8958.38 8946.47 8936.01 8927.01 8917.45 8908.96 8901.84 8893.42 8887.35 8882.44 8878.29 8874.01 8870.85 8868.82 8864.56 8863.6 8860.49 8858.26 8856.55 8854.85 8852.87 8849.21 8843.09 8837.53 8832.67 8829.69 8826.86 8823.89 8820.8 8817.62 8814.05 8810.37 8807.46 8801.22 8794.64 8795.34 8795.53 8794.96 8793.86 8792.42 8790.8 8788.71
9080.42 9078.7 9076.91 9072.4 9069.27 9067.72 9068.15 9070.95 9075.99 9081.7 9077.23 9069.18 9074.76 9084.03 9096.31 9110 9103.84 9082.49 9062.94 9045.22 9029.93 9018.74 9007.17 8995.61 8984.6 8971.83 8959.26 8947.33 8936.37 8925.13 8912.78 8906.53 8896.56 8889.88 8885.1 8880.71 8879.78 8883.08 8876.68 8866.08 8862.9 8858.51 8855.92 8854.34 8853.19 8852.1 8848.97 8842.76 8834.55 8831.1 8827.69 8824.66 8821.45 8818.35 8815.07 8812.44 8809.98 8809.37 8806.13 8802.06 8798.04 8794.66 8792 8789.53 8786.74 8784.52 8782.17
9078.83 9075.48 9070.25 9071.17 9071.69 9073.09 9075.11 9077.92 9081.14 9082.91 9081.55 9081.86 9084.91 9091.74 9101.11 9108.13 9109.89 9095.07 9076.83 9060.23 9045.19 9034.07 9020.95 9008.12 8996 8983.33 8968.02 8953.99 8942.42 8931.05 8918.24 8910.11 8900.06 8892.31 8885.97 8881.07 8878.96 8878.93 8872.19 8860.95 8858.11 8854.33 8852.17 8851.18 8851.04 8851.51 8848.52 8842.96 8835.79 8831.33 8826.7 8822.88 8819.34 8816.19 8813.15 8811.18 8809.97 8811.07 8810.7 8807.3 8800.33 8794.49 8789.6 8785.08 8781.5 8779.33 8776.42
9076.81 9074.1 9071 9071.39 9073.37 9076.27 9079.11 9082.25 9084.34 9084.04 9082.66 9086.84 9087.21 9090.94 9097.86 9102.12 9102.28 9095.55 9082.22 9069.07 9056.64 9046.89 9033.83 9021.18 9006.78 8992.5 8977.67 8963.29 8950.08 8937.44 8924.28 8913.46 8903.52 8894.77 8885.85 8878.71 8871.45 8863.86 8855.95 8850.07 8850.07 8847.87 8846.61 8846.29 8847.21 8849.58 8851.62 8844.58 8838.31 8831.5 8825.42 8820.76 8816.85 8813.48 8810.57 8808.96 8808.63 8810.87 8810.98 8807.07 8799.46 8792.46 8786.61 8781.72 8777.63 8774.23 8770.4
9076.29 9073.42 9070.97 9071.02 9074.28 9078.39 9081.53 9084.44 9087.37 9090.33 9090.84 9084.09 9080.43 9082.63 9088.16 9091.41 9084.01 9086.97 9082 9074.04 9065.3 9057.82 9046.44 9033.22 9018.1 9002.35 8986.54 8971.46 8957.43 8943.82 8930.01 8917.81 8906.51 8896.93 8885.93 8874.65 8863.48 8850.85 8840.88 8838.35 8841.05 8840.51 8839.93 8839.69 8840.28 8841.95 8843.33 8838.37 8833.11 8827.95 8822.89 8818.54 8814.58 8810.24 8807.18 8805.31 8805.2 8808.55 8808.63 8804.05 8795.77 8788.09 8781.6 8777.14 8772 8768.91 8765.89
9076.54 9073.27 9068.61 9069.55 9075.78 9079.56 9082.63 9085.27 9087.82 9092.14 9096.94 9077.79 9070.87 9070.31 9069.21 9068.89 9073.26 9080.49 9079.56 9075.9 9071.11 9067.24 9058.53 9045.6 9028.93 9011.84 8996.03 8980.39 8965.28 8950.33 8936.86 8922.87 8911.27 8898.53 8886.55 8873.45 8858.85 8843.77 8832.48 8829.66 8833.35 8833.59 8832.9 8831.98 8831.32 8830.63 8828.9 8828.19 8825.6 8822.33 8819.52 8816.2 8812.18 8807.34 8803.14 8799.95 8801.36 8802.08 8806.48 8798.13 8788.64 8781.21 8775.51 8770.84 8766.57 8763.49 8758.7
9077.5 9076.63 9075.14 9076.53 9080.36 9081.21 9082.24 9083.55 9084.76 9084.86 9077.28 9070.47 9063.65 9060.68 9056.72 9058.12 9067.04 9074.69 9076.04 9075.66 9074.15 9074.06 9069.18 9055.04 9037.22 9019.12 9003.1 8985.48 8970.07 8955.15 8942.2 8928.07 8916.9 8902.57 8888.91 8874.52 8858.84 8841.44 8826.46 8825.11 8825.69 8829.17 8826.91 8824.42 8822.53 8821.41 8820.38 8820.31 8818.09 8816.57 8817.62 8815.41 8810.91 8805.2 8799.16 8793.54 8791.05 8788.2 8788.53 8783.3 8777.24 8772.09 8768.03 8764.46 8760.54 8757.19 8751.47
9078.32 9080.64 9087.03 9091.96 9084.53 9080.57 9079.5 9079.43 9079.74 9079.09 9075.78 9067.8 9061.16 9057.44 9052.4 9056.82 9063.21 9067.49 9072.21 9073.28 9074.74 9074.89 9073.21 9058.97 9041.48 9023.77 9006.92 8991.03 8975.87 8961.2 8948.42 8934.08 8920.58 8906.47 8892.59 8878.85 8863.98 8847.5 8826.27 8830.43 8829.02 8827.82 8822.06 8817.15 8813.94 8812.84 8814.12 8816.47 8819.03 8820.79 8820.99 8816.94 8810.98 8803.58 8795.23 8786.34 8779.58 8770.27 8763.94 8764.75 8763.99 8761.96 8759.75 8756.9 8754.04 8749.91 8747.13
9076.04 9078.48 9083.85 9087.77 9079.82 9075.41 9073.66 9073.39 9073.77 9074.53 9073 9067.54 9062.09 9058.82 9059.43 9059.15 9063.91 9069.4 9068.77 9068.27 9068.95 9068.64 9065.25 9054.75 9040.4 9024.93 9009.63 8993.41 8979.85 8964.99 8950.72 8936.68 8922.63 8910.52 8896.84 8884.87 8874.03 8866.1 8859.13 8852.93 8838.29 8828.14 8817.53 8809.81 8804.94 8802.72 8806.3 8813.82 8823.89 8833.58 8826.05 8819.82 8812.65 8803.68 8792.81 8780.94 8770.49 8756.2 8746.75 8750.57 8752.6 8752.88 8752.24 8750.3 8746.64 8744.45 8741.6
9070.47 9070.12 9069.7 9066.59 9065.76 9065.56 9065.61 9066.18 9067.07 9068.58 9066.43 9064.34 9061.22 9057.95 9057.06 9055.46 9058.21 9061.32 9060.67 9060.49 9061.25 9058.62 9054.23 9046.36 9035.37 9021.91 9008.2 8994.28 8981.42 8967.07 8952.85 8940.48 8926.36 8912.98 8900.24 8889.45 8881.78 8881.84 8895.48 8875.16 8842.88 8825.22 8811.14 8801.49 8795.89 8794.22 8800.05 8810.05 8820.52 8827.53 8826.76 8822.98 8815.78 8805.6 8792.95 8778.75 8766.26 8751.52 8743.26 8743.74 8745.67 8746.67 8744.99 8744.08 8742.13 8740.69 8737.65
9065.25 9061.25 9056.12 9049.98 9051.9 9054.15 9055.66 9057.21 9058.99 9061.82 9063.93 9064.02 9059.96 9052.6 9048.63 9053.93 9051.08 9047.94 9050.05 9051.18 9052.18 9048.37 9042.6 9037.62 9029.22 9018.1 9006.39 8994.36 8980.77 8969.14 8955.6 8942.5 8928.64 8915.38 8902.31 8890.61 8881.39 8876.05 8874.89 8857.29 8831.37 8815.98 8802.47 8792.17 8785.9 8788.77 8795.03 8807.03 8818.3 8824.08 8829.62 8828.94 8822.33 8811.15 8796.73 8780.5 8766.65 8752.11 8743.91 8742.37 8742.62 8742.68 8742.15 8741.62 8739.69 8736.79 8733.78
9058.98 9053.79 9047.44 9041.87 9042.22 9043.98 9045.62 9047.03 9048.85 9051.7 9053.23 9053.11 9050.53 9043.3 9037.33 9040.01 9040.18 9040.61 9041.88 9042.54 9043.65 9040.82 9036.32 9030.75 9023.53 9014.08 9003.15 8993.17 8981.28 8969.15 8955.69 8943.08 8930.44 8917.04 8903.8 8889.11 8874.25 8858.23 8837.11 8818.29 8810.31 8803.57 8793.71 8783.81 8774.69 8770.09 8788.42 8807.8 8823.73 8835.14 8840.68 8840.54 8833.52 8820.89 8804.47 8785.94 8769.59 8753.41 8745.34 8743.61 8743.24 8742.7 8741.67 8739.91 8736.91 8733.42 8729.63
9053.26 9047.19 9041.14 9037.3 9035.21 9034.7 9035.6 9036.42 9037.72 9039.08 9040.33 9041.02 9038.38 9035.56 9029.15 9024.37 9027.87 9031.76 9033.68 9034.06 9035.53 9034.74 9030.45 9023.74 9016.76 9008.43 8999.54 8989.66 8979.2 8968.59 8956.08 8944.09 8932.21 8918.51 8903.58 8888.07 8869.3 8846.56 8818.13 8797.09 8796.39 8795.84 8789.46 8781.09 8772.32 8768.25 8791.43 8815.51 8836.83 8852.1 8859.92 8858.24 8848.83 8833.95 8815.38 8797.39 8775.27 8755.08 8748.81 8748.16 8747.51 8746.37 8744.25 8741.3 8737.11 8732.1 8726.09
9048.17 9041.23 9034.91 9030.42 9027.42 9025.86 9025.76 9026.04 9026.66 9026.4 9025.19 9020.71 9024.44 9025.31 9018.94 9012.64 9016.88 9022.17 9024.88 9024.85 9025.59 9025.78 9022.32 9015.61 9009.5 9002.21 8994.48 8986.81 8977.68 8967.75 8958.33 8947.24 8934.02 8920.59 8906.45 8890.34 8871.02 8847.91 8820.56 8797.93 8798.58 8798.41 8792.73 8785.82 8781.51 8787.1 8804.31 8829.28 8855.24 8878.19 8886.89 8880.5 8867.19 8849.7 8829.44 8810.16 8786.5 8763.71 8759.34 8757.42 8755.44 8752.35 8748.66 8743.91 8739.5 8732.53 8726.44
9042.47 9035.48 9028.96 9022.96 9019.39 9017.75 9016.54 9016.43 9015.65 9014.71 9013.8 9010.08 9009.24 9009.37 9005.55 9002.39 9008.38 9014.37 9017.09 9014.95 9013.44 9010.15 9009.24 9006.47 9001.68 8996.45 8990.11 8984.35 8976.59 8968.12 8958.42 8948.47 8936.79 8925.22 8912.38 8897.44 8880.74 8861.44 8841.14 8823.2 8817.6 8812.3 8803.49 8795.22 8791.49 8798.92 8817.92 8844.27 8873.53 8901.2 8912.69 8902.53 8885.7 8866.33 8845.78 8826.8 8805.06 8784.56 8777.03 8771.43 8766.44 8761.34 8755.32 8748.25 8742.42 8734.87 8727.47
9036.86 9029.6 9023.08 9018.41 9015.1 9010.49 9008.74 9007.63 9006.36 9005.27 9005.1 9007.07 9004.29 9015.66 9006.79 9000.75 9003.43 9006.54 9007.31 9004.66 9002.03 8999.03 8998.92 8998.14 8994.44 8991.29 8986.26 8981.16 8974.33 8967.07 8959.1 8950.61 8940.69 8931.15 8920.34 8908.49 8895.65 8882.5 8870.67 8860.79 8847.24 8832.86 8819.42 8806.86 8799.55 8807.2 8828.85 8856.38 8887.11 8917.95 8933.55 8919.31 8900.75 8881.45 8862.17 8844.85 8826.24 8812.08 8797.72 8787.81 8779.69 8772.02 8763.47 8755.67 8746.88 8738.7 8730.32
9032.69 9024.75 9017.5 9010.86 9005.3 9003.31 9001.68 9000.23 8998.57 8996.49 8995.38 8991.54 8997.66 9012.76 9009.18 9003.3 9001.66 8999.74 8996.61 8996.93 8995.06 8990.34 8991.87 8991.62 8988.94 8986.01 8981.83 8977.29 8971.68 8966.75 8960.09 8953.1 8946.31 8938.27 8929.85 8920.48 8911.95 8904.91 8898.57 8894.46 8877.9 8857.25 8838.28 8820.58 8808.95 8816.33 8838.35 8864.79 8893.13 8920.97 8938.45 8924.6 8909.18 8893.13 8876.73 8861.63 8843.39 8826.86 8816.48 8804.91 8793.42 8783.62 8773.23 8763.54 8753.52 8744.26 8734.53
9026.32 9018.63 9012.41 9005.77 8999.63 8998.03 8996.45 8994.46 8992.29 8990.02 8988.85 8987.68 8998.49 9014.25 9013.15 9006.64 9002.05 8998.61 8996.08 8993.92 8993.19 8992.99 8989.02 8987.07 8984.57 8981.94 8978.93 8974.87 8970.49 8966.19 8960.83 8955.74 8950.9 8944.88 8938.69 8932.85 8927.78 8924.24 8921.43 8918.98 8903.8 8880.91 8858.56 8837.12 8821.89 8828.73 8848.51 8871.07 8893.46 8912.11 8920.08 8919.09 8911.62 8901.28 8889.59 8878.3 8863.59 8848.25 8834.7 8821.28 8807.41 8795.26 8783.03 8771.99 8761.52 8751.16 8741.43
9020.39 9014.08 9008.54 9003.43 8999.08 8995.97 8992.91 8990.22 8987.53 8985.26 8985.07 8986.29 8999.8 9017.15 9012.27 9007.13 9002.1 8997.73 8994.81 8991.13 8988.96 8987.54 8985.2 8982.83 8981.02 8979.36 8976.56 8973.25 8969.77 8965.94 8961.99 8958.27 8953.78 8949.67 8946.76 8943.46 8941.16 8939.41 8938.36 8936.96 8924.22 8902.37 8880.29 8857.96 8839.41 8845.81 8861.07 8877.7 8893.26 8905.11 8910.21 8913.49 8911.51 8906.73 8900.47 8894.36 8882.85 8868.03 8852.05 8835.74 8820.18 8805.4 8792.22 8780.31 8770.15 8758.54 8748.02
9014.52 9009.61 9005.14 9001.77 9000.16 8994.63 8990.36 8986.76 8983.54 8981.63 8981.92 8983.36 8996.45 9010.47 9009.98 9005.59 9000.25 8995.16 8990.47 8986.98 8985.1 8983.49 8981.35 8979.69 8978.55 8976.52 8974.52 8972.24 8969.28 8964.76 8961.66 8958.44 8955.47 8953.33 8951.76 8950.42 8950.41 8950.68 8950.29 8947.73 8937.99 8921.37 8903.33 8884.74 8869.8 8869.34 8876.52 8885.67 8895.28 8902.66 8907.35 8910.2 8910.65 8909.79 8908.57 8908.3 8902.64 8886.61 8866.45 8847.25 8829.94 8814.69 8800.54 8789.42 8777.21 8766.25 8754.76
9010.29 9005.86 9001.9 8998.7 8995.28 8991.67 8987.64 8983.9 8980.75 8978.55 8978.15 8980.49 8990.77 9001.77 9005.29 9001.11 8996.56 8992.13 8987.02 8983.22 8981.13 8979.78 8977.33 8976.72 8976.47 8974.92 8972.28 8970.32 8967.82 8965.23 8963.45 8961.07 8959.03 8957.5 8956.38 8956.93 8957.66 8958.77 8959.25 8957.19 8950.38 8938.6 8925.6 8913.4 8903.53 8893.77 8891.82 8894.02 8897.95 8902.18 8905.53 8908.07 8908.3 8909.42 8913.56 8916.78 8915.68 8897.92 8875.1 8854.56 8836.77 8820.7 8807.83 8795.58 8783.55 8772.63 8761.34
9004.82 9001.23 8998.01 8994.75 8991.79 8988.48 8984.59 8980.83 8977.16 8974.84 8974.51 8977.45 8986.77 8989.2 8993.85 8992.11 8990.65 8989.21 8986.95 8982.86 8976.41 8975.44 8974.66 8974.67 8974.08 8972.53 8971.51 8969.71 8967.54 8965.35 8963.51 8962.84 8961.54 8961.22 8961.24 8961.87 8963.56 8965.72 8967.31 8966.74 8960.1 8954.48 8943.83 8933.83 8923.55 8910.97 8903.6 8900.45 8899.71 8900.57 8903.73 8903.92 8902.19 8903.34 8907.97 8914.18 8922.28 8897.6 8875.92 8856.71 8840.69 8825.83 8812.2 8799.92 8788.92 8778.77 8768.44
8997.67 8994.84 8992.53 8990.97 8988.71 8986.12 8982.4 8977.83 8973.62 8970.45 8968.81 8968.62 8970.2 8971.61 8976.24 8980.3 8983.52 8986.26 8988.71 8986.03 8977.63 8975.72 8974.38 8974.6 8973.51 8971.95 8970.81 8969.31 8967.42 8966.64 8965.13 8962.93 8962.11 8962.49 8963.07 8964.5 8966.87 8970.08 8973.71 8978.52 8984.41 8968.53 8955.38 8943.31 8931.5 8919.26 8910.06 8903.35 8898.87 8895.82 8892.39 8890.31 8891.76 8892.9 8894.63 8894.72 8890.52 8882.23 8868.61 8853.61 8839.12 8826.73 8814.43 8803.73 8793.26 8784.09 8775.03
8987.53 8985.81 8984.61 8985.17 8986.73 8985.5 8979.33 8973.95 8969.38 8965.61 8961.91 8958.17 8950.16 8954.02 8960.57 8968.67 8976.13 8982.37 8987.16 8986.97 8979.6 8978.04 8976.72 8973.9 8972.02 8971.18 8969.16 8967.48 8965.8 8965.91 8964.43 8963.27 8963.78 8963.6 8964.08 8965.35 8967.83 8971.08 8975.44 8980.9 8980.08 8973.65 8959.94 8944.7 8932.64 8921.98 8911.87 8903.03 8895.87 8889.86 8884 8880.21 8880.7 8880.7 8879.29 8873.46 8866.96 8864.39 8856.56 8846.13 8834.58 8823.81 8813.32 8803.96 8794.71 8786.43 8778.88
8977.39 8976.09 8975.69 8976.28 8977.6 8976.96 8971.9 8968.61 8964.69 8960.47 8956.21 8952.62 8948.5 8946.91 8949.78 8960.42 8970.27 8978.35 8984.27 8986.55 8985.29 8981.89 8979.18 8974.94 8972.87 8971.35 8968.67 8966.32 8966.73 8964.88 8963.25 8961.93 8962.74 8962.61 8962.65 8964.14 8965.36 8967.51 8970.84 8976.08 8984.79 8973.02 8959.88 8943.05 8932.86 8922.09 8910.33 8899.55 8890.97 8883.46 8877.52 8873.04 8870.38 8868.56 8866.48 8860.91 8854.4 8850.76 8843.43 8834.85 8826.42 8817.62 8808.61 8800.31 8792.84 8785.61 8780.29
8967.9 8966.54 8965.94 8965.72 8965.5 8961.89 8962.03 8961.17 8957.97 8954.89 8950.97 8947.86 8944.6 8947.54 8946.92 8956.8 8967.07 8975.47 8981.89 8985.74 8985.24 8983.78 8980.2 8978.88 8973.8 8971.21 8968.61 8966.62 8964.25 8962.32 8960.35 8960.67 8959.36 8958.39 8957.98 8959.46 8959.25 8959.92 8960.37 8960.96 8960.07 8957.01 8956.33 8956.02 8938.29 8920.71 8906.16 8893.81 8883.38 8875.01 8869.64 8865.01 8859.06 8854.14 8854.3 8858.52 8850.98 8839.51 8830.87 8823.21 8815.53 8807.87 8800.48 8793.73 8788.34 8782.3 8777.08
8957.74 8955.5 8954.65 8954.31 8955.62 8954.59 8954.67 8952.3 8949.8 8947.97 8946.07 8944.44 8942.44 8941.8 8948.22 8957.68 8966.21 8973.78 8980.13 8983.78 8984.25 8984.25 8980.72 8979.16 8974.47 8971.73 8969.01 8966.4 8963.86 8961.29 8959.48 8958.47 8956.57 8954.83 8955.48 8953.39 8951.28 8948.97 8946.55 8941.19 8933.12 8932.49 8940.84 8948.54 8932.39 8913.57 8898.89 8885.5 8873.73 8863.19 8855.84 8857.55 8839.71 8832.36 8832.75 8841.78 8833.52 8822.9 8815.66 8809.65 8803.77 8798.13 8794.08 8788.34 8783.47 8778.11 8773.36
8947.5 8943.45 8941.33 8941.56 8944.92 8953.21 8945.74 8940.68 8939.68 8941.02 8941.98 8941.63 8939.29 8942.62 8955.03 8961.29 8966.68 8972.94 8979.07 8984.2 8985.36 8984.6 8981.04 8979.2 8973.06 8969.85 8966.64 8963.63 8961.77 8959.4 8957.32 8954.75 8952.3 8949.86 8948.62 8945.78 8942.45 8938.32 8933.48 8924.65 8914.36 8910.18 8913.48 8913.65 8910.64 8900.53 8888.41 8875.61 8862.43 8848.35 8832.73 8813.54 8806.75 8804.4 8801.36 8793.56 8800.08 8800.57 8798.06 8795.42 8791.69 8787.86 8784.04 8780.59 8776.14 8771.84 8767.46
