real_craters/C157-750m.grd
DSAA
152 152
-56.805 56.805
-56.805 56.805
7091.319520981 9993.0424818608
[rows 38 to 75 of 152, columns 0 to 83 of 152]
9104 9087 9078 9075 9057 8986 8932 8902 8883 8879 8875 8873 8871 8871 8872 8876 8881 8887 8891 8883 8890 8915 8941 8958 8950 8924 8903 8881 8859 8838 8817 8798 8785 8787 8765 8762 8754 8722 8707 8693 8672 8653 8632 8610 8588 8571 8568 8567 8561 8559 8561 8559 8564 8569 8571 8573 8574 8576 8598 8616 8625 8630 8634 8641 8654 8636 8622 8619 8601 8590 8596 8600 8598 8587 8579 8573 8576 8580 8584 8587 8589 8599 8610 8623
9140 9097 9087 9081 9063 8984 8928 8903 8887 8883 8881 8877 8876 8875 8876 8880 8884 8890 8894 8883 8887 8918 8952 8984 8998 8960 8925 8898 8873 8846 8818 8793 8779 8801 8811 8780 8751 8697 8670 8680 8667 8656 8637 8616 8597 8580 8571 8570 8567 8560 8556 8554 8562 8571 8578 8584 8586 8593 8617 8640 8649 8647 8647 8649 8646 8629 8602 8599 8590 8577 8584 8586 8580 8580 8579 8580 8580 8584 8587 8583 8586 8589 8599 8613
9175 9132 9091 9076 9038 8980 8933 8913 8897 8891 8888 8886 8884 8883 8882 8883 8886 8889 8893 8885 8892 8923 8960 8992 9001 8973 8942 8910 8878 8851 8823 8794 8773 8766 8764 8747 8746 8740 8722 8719 8701 8671 8647 8623 8603 8592 8582 8576 8570 8558 8558 8562 8569 8578 8589 8599 8608 8618 8640 8662 8673 8659 8654 8651 8642 8629 8613 8599 8585 8586 8599 8591 8583 8577 8578 8582 8583 8584 8584 8581 8581 8582 8589 8598
9163 9131 9095 9078 9051 9004 8964 8935 8907 8894 8896 8897 8892 8885 8884 8885 8887 8887 8888 8885 8894 8930 8971 9003 9003 8978 8951 8920 8890 8859 8830 8802 8773 8771 8772 8780 8776 8775 8763 8740 8707 8681 8655 8631 8606 8595 8594 8585 8575 8569 8566 8568 8576 8588 8603 8619 8637 8651 8661 8672 8674 8663 8656 8655 8644 8638 8618 8590 8591 8595 8610 8600 8587 8578 8578 8577 8576 8581 8577 8581 8579 8577 8581 8587
9136 9115 9097 9079 9059 9039 9015 8969 8926 8903 8906 8906 8897 8885 8888 8891 8891 8887 8885 8892 8906 8944 8985 9016 9010 8985 8958 8930 8902 8874 8847 8827 8817 8819 8807 8792 8776 8779 8770 8751 8712 8692 8670 8646 8624 8617 8607 8594 8582 8574 8574 8577 8585 8598 8614 8634 8657 8672 8676 8674 8670 8665 8655 8645 8647 8645 8621 8581 8597 8602 8598 8601 8581 8586 8588 8585 8585 8592 8599 8587 8581 8576 8577 8581
9146 9136 9110 9086 9073 9070 9055 9001 8951 8923 8914 8906 8898 8893 8900 8903 8902 8901 8905 8913 8919 8966 9005 9031 9025 8993 8961 8932 8905 8882 8862 8848 8844 8835 8823 8806 8790 8798 8787 8762 8735 8709 8687 8666 8647 8625 8619 8606 8591 8582 8585 8588 8595 8605 8622 8642 8668 8679 8687 8693 8685 8670 8659 8644 8651 8638 8614 8610 8603 8605 8598 8608 8622 8613 8601 8595 8593 8602 8600 8601 8589 8576 8580 8585
9157 9134 9119 9105 9092 9086 9069 9028 8976 8930 8925 8917 8908 8911 8921 8928 8928 8923 8935 8959 8987 9011 9026 9036 9021 8991 8960 8932 8908 8887 8868 8855 8849 8843 8828 8819 8801 8821 8802 8776 8746 8723 8703 8686 8672 8665 8639 8621 8607 8603 8601 8598 8596 8609 8625 8641 8662 8674 8687 8700 8687 8674 8666 8666 8652 8639 8606 8586 8602 8612 8604 8607 8624 8622 8608 8607 8608 8616 8616 8603 8594 8587 8584 8593
9160 9145 9134 9111 9105 9102 9093 9059 9019 8974 8973 8957 8932 8945 8959 8967 8971 8963 8977 9009 9044 9042 9034 9028 9004 8977 8954 8931 8910 8892 8873 8856 8832 8822 8826 8817 8808 8811 8801 8783 8755 8733 8717 8704 8694 8664 8651 8635 8619 8622 8617 8609 8605 8617 8630 8642 8650 8667 8681 8679 8678 8668 8658 8648 8642 8630 8610 8596 8627 8621 8608 8596 8589 8582 8603 8614 8625 8622 8622 8605 8593 8587 8581 8598
9178 9163 9147 9128 9121 9119 9112 9091 9070 9074 9070 9032 9009 9015 9010 9011 9021 9050 9037 9034 9037 9035 9027 9017 8990 8966 8946 8929 8911 8895 8879 8863 8848 8841 8841 8832 8807 8806 8804 8785 8754 8738 8726 8716 8703 8685 8666 8651 8642 8632 8626 8621 8624 8629 8638 8650 8664 8668 8676 8674 8666 8657 8651 8644 8639 8637 8630 8635 8645 8630 8612 8591 8587 8602 8605 8615 8617 8611 8594 8598 8596 8581 8583 8606
9190 9178 9158 9144 9136 9133 9131 9115 9095 9086 9092 9090 9101 9080 9053 9043 9044 9053 9048 9037 9031 9022 9013 8998 8976 8956 8939 8924 8910 8897 8885 8873 8865 8853 8845 8839 8820 8815 8815 8811 8764 8748 8735 8723 8709 8691 8679 8663 8650 8635 8625 8623 8629 8634 8638 8647 8656 8662 8662 8648 8649 8639 8629 8631 8631 8632 8633 8644 8652 8635 8614 8596 8599 8602 8617 8625 8627 8619 8608 8620 8613 8604 8603 8621
9205 9183 9169 9156 9146 9142 9139 9124 9101 9085 9102 9101 9085 9078 9064 9051 9045 9039 9036 9033 9020 9008 8997 8982 8963 8946 8931 8918 8906 8895 8885 8878 8873 8860 8855 8836 8830 8825 8830 8819 8789 8763 8745 8731 8727 8714 8695 8674 8648 8631 8616 8619 8626 8631 8636 8641 8645 8654 8660 8658 8644 8634 8613 8614 8625 8620 8631 8653 8658 8635 8616 8614 8623 8630 8635 8639 8641 8631 8612 8632 8631 8625 8629 8632
9197 9186 9174 9162 9151 9143 9138 9124 9098 9079 9095 9092 9079 9067 9057 9045 9034 9026 9022 9018 9012 9000 8981 8964 8949 8937 8923 8913 8904 8895 8887 8880 8867 8854 8846 8836 8818 8813 8822 8817 8797 8771 8749 8736 8740 8730 8710 8691 8666 8639 8620 8617 8617 8619 8628 8640 8647 8645 8647 8643 8642 8642 8649 8638 8629 8639 8675 8682 8654 8643 8631 8645 8660 8654 8659 8656 8645 8631 8622 8647 8645 8639 8636 8640
9176 9163 9165 9160 9147 9136 9124 9107 9092 9077 9063 9068 9060 9054 9045 9033 9021 9012 9008 9004 8998 8983 8968 8952 8937 8922 8912 8906 8899 8892 8885 8879 8877 8856 8844 8832 8819 8807 8802 8797 8784 8764 8746 8734 8734 8728 8717 8705 8684 8648 8622 8617 8620 8627 8621 8617 8622 8629 8634 8637 8641 8646 8649 8655 8650 8689 8733 8705 8673 8677 8692 8713 8713 8711 8695 8677 8657 8643 8651 8657 8667 8664 8637 8661
9143 9132 9140 9142 9134 9125 9115 9101 9091 9080 9078 9060 9040 9044 9031 9017 9004 8996 8992 8990 8984 8970 8959 8946 8932 8915 8906 8900 8893 8887 8878 8868 8856 8846 8832 8826 8829 8806 8792 8789 8771 8757 8743 8725 8717 8724 8719 8705 8681 8651 8627 8619 8622 8625 8618 8609 8612 8618 8614 8628 8646 8659 8668 8697 8719 8755 8768 8730 8715 8715 8738 8755 8752 8745 8728 8708 8686 8667 8669 8699 8709 8726 8767 8732
9121 9110 9118 9113 9114 9112 9110 9111 9089 9071 9056 9045 9029 9030 9015 8999 8982 8977 8978 8977 8976 8972 8970 8954 8935 8921 8909 8899 8890 8881 8872 8860 8848 8836 8829 8818 8809 8791 8777 8773 8763 8753 8752 8747 8744 8736 8726 8708 8684 8655 8626 8620 8622 8621 8620 8618 8618 8623 8627 8639 8664 8690 8714 8743 8788 8776 8748 8722 8709 8727 8756 8780 8782 8772 8765 8757 8736 8698 8705 8715 8739 8770 8805 8759
9125 9107 9100 9097 9095 9096 9097 9094 9077 9058 9046 9024 9012 9010 8998 8986 8969 8965 8968 8971 8972 8975 8973 8959 8940 8926 8912 8899 8888 8877 8868 8859 8851 8848 8835 8805 8811 8798 8777 8779 8783 8782 8768 8765 8764 8750 8734 8721 8692 8661 8636 8626 8626 8630 8620 8614 8622 8632 8638 8652 8680 8711 8737 8750 8765 8763 8760 8750 8734 8744 8793 8813 8823 8822 8822 8839 8846 8826 8825 8765 8771 8781 8763 8750
9125 9108 9081 9074 9077 9080 9079 9072 9059 9044 9026 9025 9009 8992 8990 8981 8972 8966 8964 8964 8965 8967 8970 8957 8940 8925 8911 8899 8888 8876 8865 8855 8846 8838 8831 8818 8824 8816 8806 8799 8801 8799 8775 8762 8769 8755 8734 8715 8689 8665 8644 8633 8630 8625 8622 8622 8624 8632 8650 8663 8694 8729 8746 8744 8738 8752 8762 8782 8771 8783 8816 8871 8885 8895 8888 8905 8967 9087 9036 8884 8828 8813 8807 8801
9134 9115 9097 9071 9072 9072 9068 9057 9048 9036 9024 9032 9022 9004 8991 8978 8970 8963 8960 8957 8956 8958 8955 8948 8937 8927 8918 8903 8889 8875 8865 8851 8842 8839 8826 8822 8810 8801 8802 8802 8800 8794 8771 8780 8781 8754 8730 8708 8688 8671 8655 8647 8639 8635 8632 8627 8623 8620 8621 8665 8704 8735 8759 8764 8765 8777 8785 8805 8807 8827 8928 8994 9016 8956 8947 8874 8943 9100 9068 8948 8865 8795 8830 8845
9128 9098 9081 9084 9069 9065 9063 9062 9051 9033 9014 9011 9015 9010 8993 8981 8968 8959 8953 8950 8947 8946 8942 8936 8930 8927 8923 8904 8886 8872 8862 8851 8840 8827 8826 8816 8797 8791 8797 8796 8788 8764 8751 8742 8753 8742 8723 8703 8686 8671 8663 8655 8644 8642 8635 8625 8620 8619 8633 8680 8726 8755 8790 8816 8827 8830 8834 8849 8883 8927 9066 9024 8957 8785 8658 8661 8733 8786 8795 8714 8605 8621 8701 8793
9103 9073 9059 9050 9056 9059 9060 9063 9054 9030 9014 9007 9007 8994 8987 8977 8971 8953 8944 8938 8935 8935 8928 8924 8921 8919 8911 8896 8880 8865 8852 8847 8834 8817 8806 8806 8791 8785 8791 8788 8780 8778 8769 8738 8742 8734 8717 8700 8684 8671 8655 8638 8640 8638 8632 8625 8621 8625 8655 8716 8773 8818 8855 8880 8901 8896 8957 8989 9011 9082 9078 8879 8677 8493 8346 8393 8486 8540 8480 8435 8323 8389 8436 8444
9078 9063 9061 9055 9057 9056 9050 9040 9029 9023 9020 9014 9007 9005 8987 8955 8936 8940 8934 8927 8921 8918 8909 8910 8908 8906 8896 8884 8866 8848 8832 8820 8810 8803 8792 8779 8777 8777 8780 8777 8772 8763 8772 8771 8753 8734 8709 8690 8684 8671 8657 8653 8637 8631 8624 8628 8638 8638 8696 8776 8844 8911 8937 8943 8991 9056 9103 9095 9020 9060 8893 8608 8351 8210 8135 8170 8213 8223 8249 8278 8309 8253 8246 8250
9059 9045 9041 9062 9068 9052 9037 9021 9011 9016 9022 9022 9011 9000 8987 8974 8953 8937 8924 8912 8902 8900 8899 8899 8897 8893 8888 8871 8850 8831 8810 8789 8782 8773 8773 8761 8755 8759 8762 8764 8764 8760 8756 8767 8754 8738 8723 8704 8684 8669 8657 8650 8634 8622 8611 8649 8694 8731 8809 8857 8908 8942 9000 9081 9023 9008 8885 8828 8775 8733 8527 8278 8051 7969 8001 8012 7991 7995 8007 8111 8154 8137 8145 8190
9053 9048 9049 9062 9063 9043 9025 9010 9004 9011 9022 9022 9016 9005 8997 8991 8965 8935 8915 8898 8882 8867 8888 8887 8881 8874 8864 8850 8833 8814 8795 8779 8772 8764 8754 8743 8740 8742 8747 8754 8759 8764 8757 8765 8754 8738 8719 8700 8680 8664 8648 8639 8638 8644 8653 8717 8762 8819 8861 8918 8981 8983 8947 8932 8820 8680 8528 8459 8412 8333 8140 7950 7766 7727 7830 7834 7785 7801 7893 7941 7979 8019 8062 8105
9047 9038 9041 9040 9035 9030 9018 9001 8990 9005 9024 9015 9009 9006 8997 8985 8952 8923 8902 8884 8869 8859 8867 8865 8861 8853 8841 8829 8818 8803 8786 8772 8764 8757 8747 8740 8734 8730 8736 8743 8754 8764 8754 8761 8752 8737 8720 8696 8675 8657 8643 8633 8648 8696 8797 8823 8799 8792 8857 8933 8994 8947 8757 8588 8492 8350 8214 8124 8056 7924 7800 7686 7564 7531 7566 7566 7540 7583 7691 7786 7872 7932 8000 8041
9034 9033 9036 9036 9025 9030 9021 9002 8985 9007 9031 9016 9005 9005 8973 8927 8920 8905 8891 8877 8864 8854 8846 8843 8841 8836 8827 8817 8807 8796 8783 8771 8764 8748 8736 8727 8720 8716 8716 8731 8748 8764 8779 8768 8746 8728 8719 8690 8668 8653 8640 8635 8665 8731 8830 8860 8817 8797 8861 8920 8919 8796 8563 8341 8262 8115 7949 7871 7798 7677 7554 7512 7464 7443 7441 7445 7447 7478 7543 7658 7801 7915 7937 7976
9029 9014 9014 9021 9043 9048 9033 9015 9007 9024 9048 9036 9017 9011 9000 8911 8897 8894 8885 8874 8859 8845 8837 8830 8826 8822 8815 8804 8799 8791 8785 8773 8762 8735 8726 8716 8714 8706 8704 8722 8743 8759 8777 8758 8731 8704 8683 8676 8668 8659 8656 8667 8705 8770 8825 8846 8830 8845 8891 8914 8892 8711 8447 8254 8194 8070 7867 7690 7631 7555 7453 7422 7403 7394 7387 7392 7405 7416 7446 7536 7681 7789 7801 7827
9020 9007 9002 9016 9086 9072 9045 9026 9019 9037 9058 9044 9024 9001 8956 8906 8896 8893 8887 8877 8861 8844 8832 8822 8816 8812 8810 8805 8794 8780 8771 8759 8741 8732 8720 8710 8716 8713 8713 8725 8740 8753 8750 8741 8717 8682 8661 8667 8671 8675 8683 8702 8739 8807 8849 8849 8863 8915 8925 8896 8820 8607 8353 8180 8129 7991 7774 7553 7494 7466 7392 7365 7349 7335 7338 7352 7348 7350 7354 7394 7465 7510 7612 7662
9046 9023 9011 9022 9075 9066 9042 9027 9026 9049 9074 9053 9037 8994 8937 8914 8907 8900 8893 8886 8880 8859 8835 8818 8808 8803 8803 8808 8784 8765 8749 8743 8734 8732 8737 8702 8723 8725 8727 8731 8738 8745 8737 8730 8709 8681 8665 8673 8681 8692 8707 8728 8766 8821 8837 8845 8884 8989 8935 8832 8733 8472 8221 8048 7923 7766 7596 7451 7400 7380 7340 7324 7314 7308 7300 7292 7291 7299 7298 7310 7348 7396 7483 7574
9058 9043 9027 9018 9023 9032 9028 9015 9003 9018 9064 9043 9025 8994 8962 8948 8931 8915 8903 8895 8889 8866 8834 8806 8798 8790 8782 8769 8756 8745 8737 8734 8733 8735 8749 8731 8737 8737 8730 8727 8728 8734 8703 8716 8705 8707 8700 8690 8697 8710 8730 8758 8790 8845 8848 8863 8975 9069 8877 8677 8470 8274 8059 7896 7785 7554 7436 7390 7366 7337 7308 7297 7292 7286 7283 7281 7281 7281 7281 7289 7305 7329 7404 7490
9049 9047 9042 9044 9037 9031 9021 9002 8981 8968 8982 9009 9001 8995 9005 8977 8942 8922 8908 8897 8881 8860 8833 8807 8794 8778 8761 8740 8733 8732 8726 8722 8726 8736 8728 8722 8711 8708 8702 8701 8708 8716 8695 8694 8692 8676 8685 8695 8709 8728 8751 8780 8818 8834 8849 8855 8920 8895 8727 8481 8252 8082 7903 7741 7574 7459 7384 7347 7324 7307 7291 7281 7281 7279 7277 7275 7279 7279 7280 7282 7289 7299 7355 7417
9035 9035 9043 9060 9061 9050 9025 9001 8976 8963 8983 8992 8987 8984 8970 8951 8930 8917 8904 8892 8876 8855 8836 8818 8793 8771 8754 8739 8731 8728 8722 8711 8705 8697 8690 8684 8690 8694 8696 8695 8689 8678 8688 8709 8689 8671 8676 8698 8721 8740 8762 8786 8813 8831 8881 8937 8878 8798 8582 8309 8084 7952 7810 7667 7534 7475 7394 7335 7305 7292 7276 7273 7276 7276 7274 7274 7280 7284 7285 7282 7288 7297 7312 7357
8999 9011 9033 9056 9064 9054 9034 9010 8989 8981 8998 8988 8972 8942 8911 8915 8913 8905 8894 8883 8867 8846 8822 8801 8777 8763 8751 8744 8735 8728 8722 8707 8699 8694 8692 8687 8690 8697 8699 8694 8686 8674 8694 8726 8697 8663 8681 8706 8729 8751 8775 8792 8798 8812 8884 8941 8870 8759 8487 8190 7984 7886 7790 7673 7559 7488 7402 7333 7297 7280 7284 7287 7280 7275 7273 7275 7283 7293 7300 7302 7296 7277 7275 7303
9007 8987 9019 9054 9066 9055 9044 9025 9010 9009 8999 8980 8956 8928 8916 8901 8900 8894 8882 8867 8855 8831 8805 8771 8761 8758 8751 8745 8734 8724 8716 8709 8701 8700 8695 8690 8695 8702 8714 8722 8689 8671 8695 8725 8719 8695 8706 8722 8740 8758 8776 8796 8802 8794 8870 8941 8883 8707 8423 8137 7945 7849 7778 7704 7614 7481 7399 7320 7255 7259 7279 7291 7281 7274 7272 7277 7289 7310 7325 7331 7311 7271 7251 7268
9025 8980 9011 9047 9068 9065 9056 9038 9020 9005 8989 8970 8943 8929 8917 8907 8900 8889 8873 8850 8828 8817 8800 8786 8773 8762 8755 8749 8740 8729 8722 8717 8706 8702 8695 8695 8697 8707 8716 8709 8704 8697 8736 8780 8765 8741 8735 8739 8747 8759 8772 8791 8806 8808 8852 8879 8801 8611 8379 8106 7935 7804 7716 7675 7600 7496 7396 7314 7247 7250 7264 7270 7277 7276 7274 7275 7316 7361 7356 7332 7298 7261 7234 7250
9011 9003 9009 9023 9043 9068 9066 9047 9024 9005 8985 8963 8940 8920 8909 8909 8903 8889 8871 8850 8829 8815 8800 8785 8770 8765 8760 8754 8745 8735 8729 8723 8713 8706 8700 8698 8700 8713 8726 8730 8743 8730 8758 8809 8796 8776 8764 8751 8744 8746 8750 8763 8795 8796 8822 8828 8662 8510 8383 8213 7999 7793 7674 7619 7535 7449 7390 7338 7276 7250 7264 7279 7278 7277 7278 7290 7445 7447 7387 7320 7266 7244 7229 7243
9006 9021 9003 8998 9010 9060 9070 9052 9026 8997 8980 8956 8935 8911 8903 8919 8909 8890 8871 8856 8837 8819 8803 8789 8776 8772 8766 8758 8747 8743 8739 8731 8719 8713 8708 8705 8704 8720 8742 8764 8764 8745 8762 8769 8820 8815 8780 8757 8739 8732 8726 8729 8741 8782 8794 8717 8484 8450 8411 8309 8072 7838 7709 7654 7529 7442 7395 7353 7303 7267 7265 7277 7284 7285 7279 7328 7533 7491 7385 7288 7229 7241 7245 7245
9011 8991 8986 8986 9001 9058 9075 9056 9027 8998 8975 8946 8919 8900 8901 8910 8903 8886 8867 8849 8834 8819 8808 8801 8793 8783 8773 8766 8758 8754 8750 8739 8728 8718 8723 8717 8711 8734 8760 8779 8770 8739 8775 8850 8832 8798 8769 8748 8732 8722 8710 8702 8707 8799 8817 8753 8546 8487 8456 8369 8127 7877 7747 7668 7543 7453 7413 7373 7312 7270 7259 7284 7305 7330 7337 7402 7483 7415 7330 7266 7239 7243 7253 7260
9034 8989 8982 8981 9002 9044 9067 9053 9028 8997 8964 8934 8904 8879 8885 8898 8893 8876 8857 8835 8828 8819 8810 8808 8809 8789 8780 8772 8771 8772 8763 8752 8736 8729 8770 8732 8726 8751 8771 8782 8771 8743 8767 8785 8757 8754 8754 8744 8732 8719 8705 8699 8722 8839 8857 8816 8630 8526 8441 8335 8145 7954 7789 7664 7564 7482 7427 7385 7293 7218 7246 7281 7328 7403 7508 7528 7345 7263 7249 7229 7237 7237 7280 7275
