real_craters/C157-500m.grd
DSAA
228 228
-56.805 56.805
-56.805 56.805
7103.2672283376 10002.842625512
[rows 0 to 29 of 228, columns 0 to 66 of 228]
9066.58 9068.22 9049.03 9032.97 9020.06 9004.92 9000.38 9005.76 9008.85 9006.73 8986.67 8972.77 8960.54 8947.66 8927.78 8922.64 8915.59 8907.02 8897.13 8886.12 8876.27 8866.01 8861.29 8858.2 8860.95 8860.47 8859.44 8856.77 8848.37 8839.22 8835.76 8830.74 8825.26 8819.2 8812.4 8805.02 8803.6 8805.41 8806.07 8805.7 8805.95 8803.06 8798.35 8799.85 8809.19 8832.07 8841.54 8841.64 8844.5 8845.19 8848.6 8848.24 8830.73 8803.09 8776.97 8753.94 8733.05 8714.9 8701.66 8689.35 8678.14 8664.84 8647.25 8636.1 8633.67 8634.75 8633.07
9079.89 9077.6 9067.22 9056.17 9052.62 9059.65 9062.39 9053.15 9063.09 9079.53 9058.31 9026.08 9002.06 8988.25 8979.11 8953.16 8934.98 8920.45 8906.76 8893.77 8883.82 8874.14 8869.09 8865.46 8863.43 8859.53 8856.62 8852.97 8843.69 8835.57 8830.24 8825.7 8820.29 8815.31 8808.44 8797.1 8795.36 8796.28 8795.53 8792.96 8791.33 8788.17 8784.16 8782.96 8793.1 8813.28 8824.57 8826.47 8829.36 8829.09 8830.24 8830.72 8813.4 8787.37 8764.23 8743.26 8723.48 8705.54 8690.23 8680.05 8671.3 8660.46 8644.21 8630.14 8629.58 8632.29 8629.93
9080.32 9075.32 9071.57 9069.95 9072.63 9080.11 9079.17 9076.81 9091.48 9111.05 9094.42 9061.78 9035.08 9015.59 8995.57 8975.31 8954.58 8934.12 8917.48 8900.61 8888.88 8881.51 8882.15 8871.54 8861.5 8855.39 8853.05 8851.68 8843.72 8832.58 8826.93 8821.46 8816.32 8811.78 8810.25 8806.84 8798.52 8792 8786.9 8782.09 8778.57 8776.15 8774.03 8777.67 8790.86 8801.9 8808.88 8809.89 8810.62 8808.06 8802.54 8795.11 8780.79 8762.34 8746.39 8729.51 8711.63 8694.72 8678.86 8670.39 8662.37 8651.22 8637.49 8632.07 8635.86 8638.97 8634.37
9076.8 9071.89 9072.02 9076.31 9081.32 9084.79 9082.82 9087.04 9093.19 9102.05 9098.96 9077.36 9056.3 9037.76 9016 8991.95 8967.75 8945.17 8923.72 8906.31 8891.02 8878.2 8865.97 8853.42 8849.8 8846.8 8846.41 8849.86 8846.65 8835.6 8824.96 8817.73 8811.94 8808.85 8811.03 8810.33 8798.65 8787.78 8779.61 8773.83 8768.17 8766.44 8765.69 8769.34 8776.85 8786.47 8792.06 8795.04 8791.8 8785.52 8773.75 8753.7 8737.16 8736.6 8728.52 8716.53 8701.7 8685.68 8670.91 8663.89 8657.12 8648.18 8638.49 8635.12 8643.69 8648.95 8643.09
9076.89 9070.33 9071.52 9079.03 9084.3 9089.49 9096.91 9073.31 9074.69 9075.68 9079.12 9078.86 9069.4 9058.27 9035.91 9008.83 8982.32 8957.89 8933.6 8912.92 8894.13 8872.68 8849.08 8833.43 8835.85 8835.58 8834.53 8834.19 8832.05 8827.27 8820.19 8813.77 8806.2 8801.43 8804.46 8806.28 8790.53 8778.74 8770.67 8765.55 8759.04 8755.42 8755.65 8760.19 8766.13 8776.61 8783.84 8778 8773.08 8765.14 8753.43 8735.36 8721.62 8722.82 8717.44 8707.54 8694.81 8681.19 8669.64 8663.14 8657.11 8651.16 8644.8 8641.52 8653.18 8661.03 8652.37
9077.74 9079.22 9082.8 9081.55 9081.83 9083.44 9076.27 9062.35 9057.25 9056.94 9067.59 9075.02 9074.36 9074.14 9050.67 9019.84 8992.5 8966.54 8942.38 8919.03 8897.9 8874.42 8847.08 8824.07 8829.93 8826.08 8820.73 8818.61 8818.5 8815.83 8818.01 8811.97 8801.45 8790.21 8782.92 8778.73 8772.2 8766.04 8760.11 8753.2 8747.33 8744.27 8743.27 8742.8 8750.92 8760.06 8766.95 8758.53 8754.38 8749.04 8742.29 8734.91 8730.36 8722.12 8712.82 8702.75 8691.7 8681.35 8671.5 8667.81 8663.69 8660.97 8654.66 8651.52 8662.88 8676.85 8672.17
9075.97 9081.54 9084.46 9075.24 9073.31 9073.62 9072.87 9063.64 9058.44 9059.16 9068.27 9068.42 9068.82 9066.68 9049.42 9024.22 8997.74 8973.95 8950 8926.75 8905.29 8884.27 8868.32 8857.66 8837.4 8819.93 8807.26 8802.55 8811.68 8828.98 8825.5 8814.5 8799.07 8779.67 8759.4 8748.06 8752.53 8751.86 8748.14 8744.03 8739.87 8735.7 8731.95 8728.45 8734.64 8735.18 8729.89 8733.57 8735.83 8736.2 8734.54 8734.52 8731.83 8723.17 8710.21 8699.57 8690.28 8684.43 8679.6 8674.09 8674.79 8675.67 8666.58 8657.71 8668.87 8694.08 8697.81
9066.59 9061.45 9054.4 9057.76 9059.83 9062.42 9065.3 9062.67 9053.07 9057.51 9051.49 9053.65 9054.77 9045.62 9037.07 9018.38 8996.9 8976.25 8953.97 8930.77 8909.11 8889.5 8879.75 8882.86 8835.02 8808.48 8791.87 8792.48 8804.72 8820.98 8827.93 8821.78 8803.15 8777.82 8754.34 8742.18 8743.69 8744.94 8741.81 8737.78 8732.37 8727.08 8723.27 8724.11 8718.16 8715.95 8711 8715.45 8722.01 8723.76 8725.82 8729.13 8739.52 8718.47 8703.77 8692.44 8684.24 8677.91 8674.03 8672.59 8673.76 8681.19 8674.72 8666.11 8674.86 8706.04 8705.18
9056.84 9046.92 9039.66 9040.71 9042.86 9045.49 9048.99 9046.98 9037.45 9033.69 9037.06 9039.34 9040.76 9034.96 9025.76 9011.76 8994.86 8976.36 8955.2 8934.09 8911.63 8887.63 8858.26 8816.7 8803.45 8793.78 8777.83 8769.7 8804.52 8833.35 8846.67 8840.97 8818.1 8786.59 8757.12 8745.58 8743.8 8742.24 8738.95 8732.25 8723.68 8716.88 8710.97 8704.52 8706.31 8705.94 8704.34 8707.05 8712.36 8714.85 8715.72 8714.43 8705.09 8701.04 8692.63 8682.31 8674.05 8670.53 8666.35 8664.06 8664.98 8669.64 8670.32 8669.17 8678.3 8702.37 8700.71
9048.03 9036.56 9029.19 9025.63 9025.48 9026.06 9024.76 9022.94 9025.51 9012.36 9020.47 9024.83 9025.09 9023.67 9012.92 9001.25 8988.09 8973.63 8957.32 8937.93 8915.47 8889.36 8854.93 8809.52 8798.87 8794.66 8783.7 8788.32 8823.13 8865.98 8887.46 8871.43 8841.73 8808.32 8769.01 8758.81 8755.41 8749.7 8742.47 8731.88 8720.7 8709.09 8700.75 8696.92 8700.5 8700.94 8702.74 8704.62 8705.76 8705.23 8704.76 8703.16 8700.62 8693.38 8681.41 8669.5 8658.39 8649.88 8649.39 8650.37 8648.8 8642.28 8656.49 8653.19 8656.77 8667.48 8663.02
9038.14 9026.68 9019.1 9012.63 9010.23 9008.85 9007.86 9006.57 9012.28 9000.68 9007.82 9009.93 9005.18 9001.69 8999.23 8992.6 8983.01 8971.83 8958.25 8942.77 8924.83 8904.05 8879.89 8855.9 8836.95 8817.43 8799.81 8806.15 8845.86 8896.8 8927.97 8901.35 8868.8 8837.75 8808.46 8787.59 8774.78 8762.72 8751.16 8737.04 8723.12 8707.51 8692.34 8682.8 8690.98 8691.88 8700.21 8703.36 8698.71 8695.61 8694.56 8692.81 8688.57 8680.89 8671.57 8658.31 8644.31 8632.06 8633.8 8636.89 8634.9 8629.73 8636.28 8629.4 8628.83 8635.25 8627.13
9029.69 9017.63 9006.25 9001.01 8998.51 8995.23 8992.41 8993.13 9014.23 9004.6 8999.77 8995.97 8994.34 8990.65 8989.26 8984.06 8977.4 8968.56 8959.54 8948.4 8937.43 8924.81 8913.85 8906.85 8886.46 8851.04 8819.81 8821.8 8860.66 8904.5 8931.25 8913.85 8890.19 8866.22 8837.19 8817.82 8797.4 8779.84 8762.03 8745.14 8728.04 8709.89 8691.48 8675.7 8665.2 8673.94 8686.97 8693.04 8684.27 8682.67 8682.87 8682.76 8679.15 8673.23 8665.03 8651.33 8636.08 8627.04 8626.54 8629.18 8630.01 8625.85 8615.21 8614.21 8609.74 8601.15 8597.27
9020.22 9010.45 9001.97 8995.74 8990.73 8986.73 8985.06 8993.17 9016.24 9007.01 8998.9 8993.33 8988.74 8985.58 8981.89 8979.16 8974.2 8968.27 8961.83 8955.32 8948.39 8943.63 8940.21 8938.34 8923.36 8886.99 8850.39 8847.73 8873.88 8898.93 8910.36 8912.18 8904.48 8893.98 8872.24 8845.22 8818.82 8795.7 8775.3 8757.84 8738.56 8716.81 8692.69 8672.85 8661.5 8658.06 8656.97 8651.23 8660.25 8665.6 8670.12 8674.53 8678.98 8678.08 8662.98 8645.97 8630.63 8620.97 8622.69 8626.71 8628.2 8621.9 8609.49 8607.57 8603.2 8591.7 8580.16
9011.71 9004.08 8998.89 8992.27 8985.86 8980.94 8979.75 8986.67 9004.11 9002.77 8994.58 8985.79 8982.86 8979.1 8977.42 8974.7 8970.84 8966.91 8962.31 8958.78 8955.83 8955.45 8956.15 8956.24 8946.01 8923.26 8900.52 8886.98 8890.43 8899.52 8905.86 8909.16 8910.48 8915.37 8899.87 8864.47 8833.29 8808.31 8788 8769.08 8750.2 8729.12 8702.2 8679.24 8660.92 8648.33 8639.33 8633.97 8642.08 8650.1 8657 8663.37 8671.44 8676.99 8655.43 8639.9 8627.71 8620.76 8620.99 8622.44 8623.54 8619.02 8610.01 8604.8 8601.72 8596.09 8580.71
9001.97 8996.69 8992.43 8987.33 8980.67 8974.92 8973.04 8979 8982.44 8987.7 8988.07 8987.49 8976.66 8974.31 8973.62 8971.54 8969.88 8966.6 8964.5 8961.97 8961.77 8963.33 8966.97 8971.02 8968 8952.11 8934.99 8914.1 8902.73 8899.33 8899.82 8898.56 8900.93 8908.88 8897.89 8865.92 8839.37 8816.51 8797.52 8780.11 8763.6 8746.95 8726.77 8694.53 8663.49 8645.35 8635.77 8631.78 8633.2 8638.36 8644.13 8649.01 8649.5 8641.17 8639.39 8632.44 8625.16 8621.48 8621.63 8622.82 8621.14 8622.98 8618.91 8607.67 8601.31 8594.8 8585.52
8987.16 8984.51 8985.09 8985.22 8975.54 8967.71 8961.54 8953.28 8955.23 8968.43 8980.25 8988.15 8979.81 8976.98 8973.25 8971.1 8967.67 8966.94 8964.38 8963.51 8963.7 8965.76 8970.03 8977.83 8979.34 8963.95 8938.92 8921.17 8904.86 8893.04 8883.18 8880.66 8879.72 8871.78 8864.52 8851.54 8832.95 8815.33 8799.78 8785.62 8773.59 8762.42 8746.75 8709.32 8673.62 8649.29 8635.94 8629.23 8627.48 8630.15 8634.12 8636.73 8636.22 8633.37 8630.46 8626.2 8622.24 8621.27 8622.86 8624.68 8622.44 8627.82 8627.14 8614.62 8598.32 8595.62 8594.27
8971.22 8968.92 8968.8 8966.13 8964.11 8958.35 8952.31 8947.22 8946.82 8957.73 8973.77 8984.27 8985.42 8980.43 8975.17 8971.18 8966.52 8964 8960.73 8960.4 8959.06 8960.92 8962.07 8965.15 8968.37 8959.28 8944.71 8920.39 8898.63 8881.94 8871.66 8863.99 8858.3 8859.45 8844.67 8830.87 8817.49 8804.25 8793.79 8783.99 8774.66 8766.71 8754.92 8715.33 8679.57 8652.81 8637.09 8627.29 8623.43 8624.58 8627.02 8628.46 8628.8 8628 8624.59 8621.99 8621.35 8622.02 8624.25 8626.51 8627.81 8638.12 8634.37 8617.8 8599.73 8599.44 8601.78
8952.78 8949.57 8950.39 8954.46 8949.09 8945.63 8944.51 8942.85 8945.12 8959.16 8971.26 8981.5 8984.57 8982.71 8975.93 8971.08 8966.33 8962.01 8958.19 8955.04 8951.58 8949.45 8944.9 8938.95 8924.22 8928.94 8934.49 8908 8884.73 8864.16 8846.83 8830.16 8821.12 8825.42 8815.65 8807.18 8799.81 8791.31 8783.24 8775.02 8767.79 8758.6 8741.03 8712.76 8680.52 8654.93 8639.84 8627.83 8622.85 8622.31 8623.79 8624.81 8623.84 8621.33 8620.04 8620.03 8619.53 8623.96 8628.29 8632.68 8640.19 8645.06 8639.55 8621.04 8602.35 8604.48 8607.04
8937.8 8928.08 8922.76 8927.65 8922.04 8929.57 8939.9 8941.55 8947.57 8960.71 8969.98 8979.21 8985.51 8980.47 8976.73 8968.56 8963.24 8958.08 8953.41 8948.87 8944.38 8938.78 8930.75 8919.86 8901.61 8894.21 8891.05 8885.52 8868.91 8845.56 8813.36 8782.67 8779.96 8769.53 8778.23 8780.27 8778.44 8773.81 8768.35 8762.22 8755.39 8748.2 8734.06 8710.81 8684.25 8662.12 8646.36 8632.94 8625.63 8624.38 8625.21 8625.45 8624.3 8621.38 8621.18 8623.86 8624.84 8630.33 8635.91 8640.03 8641.04 8646.91 8633.73 8618.75 8605.97 8608.31 8608.63
8921.64 8903.34 8885.39 8866.09 8881.52 8913.91 8942.94 8963.39 8962.7 8963.77 8969.99 8974.64 8982.6 8978.96 8974.01 8965.1 8959.24 8955.41 8949.61 8943.54 8936.7 8930.44 8921.45 8911.09 8900.6 8887.95 8878.59 8870.78 8857.53 8837.67 8812.01 8785.03 8767.22 8755.78 8755.72 8759.35 8760.95 8757.96 8753.34 8747.73 8741.25 8732.67 8720.65 8706.76 8690.7 8673.84 8656.34 8640.76 8631.42 8630.08 8630.26 8630.39 8629.7 8628.67 8630.01 8635.41 8637.99 8639.95 8642.93 8645.72 8645.52 8638.55 8625.76 8615.61 8610.34 8609.84 8609.38
8908.9 8883.85 8858.71 8840.44 8858.35 8902.35 8944.83 8965.31 8971.81 8968.52 8969.71 8973.22 8978.19 8975.37 8972.17 8966.38 8958.82 8952.36 8945.51 8935.13 8927.73 8919.97 8913.42 8905.37 8899.95 8888.88 8875.48 8866.61 8856.32 8841.2 8822.94 8803.77 8758.04 8737.58 8742.49 8747.01 8747.66 8747.16 8742.47 8735.9 8728.6 8721.32 8712.44 8703.94 8694.71 8684.26 8667.48 8652.49 8641.72 8640.56 8639.33 8638.39 8638.19 8640.48 8644.51 8645.75 8650.04 8646.54 8646.65 8644.62 8637.15 8626.34 8618.06 8610.06 8607.19 8604.14 8601.73
8902.05 8872.29 8846.63 8832.49 8849.49 8895.74 8943.17 8965.58 8952.27 8958.94 8969.08 8972.98 8970.37 8970.28 8967.86 8962.03 8954.82 8947.64 8940.05 8928.18 8918.08 8910.25 8901.78 8895.27 8892.3 8884.44 8877.25 8869.96 8862.29 8852.06 8835.72 8800.32 8763.73 8739.92 8744.66 8745.66 8743.69 8738.81 8732.21 8723.74 8713.8 8706.97 8702.31 8699.58 8695.44 8687.66 8678.52 8668.59 8662.65 8654.78 8650.06 8646.87 8645.29 8645.51 8646.61 8641.64 8642.68 8646.45 8645.91 8642.25 8631.62 8624.7 8625.45 8609.04 8602.99 8603.57 8603.46
8898.02 8866.93 8840.48 8825.56 8839.98 8889.9 8936.48 8933.06 8943.28 8960.99 8972.5 8980.99 8973.62 8967.06 8962.53 8956.28 8943.73 8934.37 8923.16 8913.43 8905.47 8897.33 8891.7 8886.14 8885.06 8881.54 8877.84 8874.04 8869.8 8865.72 8864.43 8870.9 8823.61 8778.94 8763.49 8752.72 8744.14 8735.72 8726.91 8715.72 8703.96 8690.15 8692.87 8696.33 8697.95 8697.28 8688.05 8680.34 8674.83 8666.27 8659.78 8654.69 8650.71 8646.1 8639.28 8638.18 8641.99 8648.98 8650.04 8639.37 8631.3 8628.6 8625.34 8611.68 8606.97 8611.71 8609.54
8897.11 8864.12 8839.17 8824.64 8834.91 8878.2 8937.17 8928.57 8955.84 8961.03 8969.08 8979.98 8968.94 8965.02 8959.06 8948.4 8936.27 8925.54 8911.08 8902.16 8893.1 8885.97 8881.48 8878.25 8877.25 8872.17 8876.08 8877.24 8874.77 8872.17 8873.54 8882.07 8870.74 8819.59 8782.27 8761.23 8745.53 8733.94 8723.29 8714.93 8703.68 8693.86 8692.48 8695.26 8697.33 8697.36 8691.54 8685.4 8679.96 8673.71 8667.73 8662.25 8656.74 8651.46 8646.78 8645.67 8649.98 8656.47 8654.5 8643.41 8639.99 8639.28 8632.94 8618.91 8617.73 8620.49 8617.68
8894.5 8866.7 8841.34 8825.15 8830.98 8850.76 8881.83 8905.04 8942.56 8948.52 8945.14 8951.82 8966.94 8964.95 8952.54 8937.58 8923.31 8911.03 8900.33 8891.32 8883.45 8878.26 8871.92 8869.81 8871.93 8877.65 8882.36 8881.76 8876.45 8868.77 8858.99 8842.14 8831.68 8811.36 8786.28 8768.68 8753.48 8740.27 8728.1 8716.28 8707.03 8702 8693.24 8695.38 8695.14 8693.95 8690.9 8687.73 8683.48 8679.61 8675.39 8669.98 8664.94 8660.49 8658.52 8658.31 8660.39 8664.95 8665.53 8649.16 8649.09 8645.27 8638.66 8626.49 8625.69 8629.06 8625.13
8893.27 8869.47 8844.32 8820.67 8804.51 8820.44 8846.94 8885.06 8917.94 8918.01 8913.23 8934.37 8952.26 8955.28 8938.97 8920.39 8905.95 8893.8 8884.33 8877.19 8871.08 8865.6 8861.89 8858.79 8862.6 8883.52 8892.39 8884.67 8873.79 8860.3 8843.16 8819.85 8796.31 8792.47 8783.63 8770.82 8758.27 8746.1 8733.23 8719.95 8705.31 8696.64 8697.96 8696.78 8694.43 8691.49 8690.32 8690.28 8689.75 8687.43 8682.98 8677.78 8672.38 8667.86 8668.29 8672.56 8666.68 8664.24 8659.98 8653.15 8649.17 8647.42 8645.72 8642.82 8638.03 8636.04 8631.5
8901.88 8879.98 8854.51 8826.95 8804.9 8801.84 8822.23 8845.04 8845.74 8831.64 8843.53 8888.81 8925.18 8935.79 8913.1 8895.84 8882.23 8873.53 8864.95 8859.66 8853.63 8851.44 8850.6 8850.32 8850.43 8877.77 8894.07 8884.07 8870.47 8854.22 8835.76 8812.24 8789.65 8785.36 8779.13 8770.71 8761.22 8751.09 8740.79 8729.57 8711.76 8701.36 8704.69 8701.55 8696.27 8691.22 8690.88 8693.5 8696.19 8694.51 8690 8684.97 8678.14 8671.25 8661.81 8658.37 8665.32 8665.53 8661.38 8654.82 8648.57 8651.12 8654.56 8656.34 8648.68 8643.14 8636.13
8919.51 8895.27 8868.78 8840.28 8812.25 8789.62 8778.9 8777.85 8763.27 8744.67 8784.66 8832.74 8868.12 8884.13 8867.22 8859.15 8851.83 8848.11 8845.19 8843.74 8842.25 8841.33 8841.71 8843.72 8852.25 8870.56 8882.91 8877.35 8864.44 8848.61 8831.54 8813.59 8796.75 8787.88 8782.34 8775.39 8767.62 8759.8 8753.77 8747.59 8741.85 8728.66 8720.07 8710.77 8701.43 8692.54 8693.46 8698.33 8700.7 8699.92 8698.02 8692.78 8685.59 8677.18 8668.17 8663.99 8667.18 8669.49 8661.18 8648.14 8637.56 8643.01 8652.75 8657.78 8651.44 8644.3 8638.4
8941.6 8917.91 8891.51 8863.42 8835.41 8800.93 8743.65 8732.64 8722.5 8712.15 8742.73 8776.96 8791.83 8801.98 8804.93 8813.47 8819.03 8821.7 8823.02 8824.21 8824.22 8827.09 8830.59 8838.3 8850.42 8866.9 8875.49 8870.97 8860.41 8846.09 8832.12 8819.12 8804.59 8794.42 8786.01 8777.78 8771.47 8765.07 8760.31 8758.94 8764.04 8749.85 8734.48 8721.81 8710.45 8700.18 8701.16 8707.67 8712.6 8715.68 8706.76 8699.84 8691.09 8684.1 8680.51 8673.99 8666.54 8665.75 8655.04 8641.65 8630.89 8625.01 8641.96 8653.98 8650.96 8645.72 8639.33
8962.84 8940.13 8917.01 8890.42 8864.12 8843.23 8778.34 8743.34 8722.7 8709.52 8710.55 8726.2 8728.76 8721.01 8749.71 8772.76 8787.5 8795.38 8799.49 8802.02 8805.68 8811.02 8819.73 8831.52 8844.9 8858.6 8865.84 8863.56 8856.03 8845.98 8834.39 8821.85 8814.24 8801.79 8785.42 8773.96 8765.91 8760.42 8758.61 8757.38 8751.41 8748.28 8738.43 8731.56 8722.91 8715.03 8715.61 8719.81 8720.73 8708.16 8714.65 8704.84 8694.53 8685.83 8678.24 8662.44 8658.17 8653.81 8652.48 8638.7 8624.11 8618.94 8626.82 8638.91 8647.68 8646.4 8639.46
