real_craters/C157-750m.grd
DSAA
152 152
-56.805 56.805
-56.805 56.805
7091.319520981 9993.0424818608
[rows 76 to 113 of 152, columns 0 to 83 of 152]
9065 9026 8999 8975 8957 9010 9051 9034 9024 8996 8958 8924 8897 8879 8876 8882 8877 8864 8849 8837 8825 8818 8813 8805 8791 8788 8781 8764 8736 8691 8773 8764 8742 8736 8668 8565 8693 8764 8785 8798 8780 8765 8759 8758 8751 8746 8743 8732 8724 8714 8712 8718 8754 8892 8869 8715 8635 8527 8386 8243 8130 7998 7816 7667 7575 7499 7431 7363 7302 7271 7265 7281 7327 7415 7563 7552 7327 7223 7222 7223 7212 7237 7241 7262
9091 9060 9024 8984 8936 8945 8963 8988 9003 8979 8932 8912 8898 8883 8876 8871 8863 8855 8841 8820 8821 8815 8811 8804 8801 8788 8780 8764 8742 8735 8786 8766 8747 8743 8768 8723 8721 8759 8785 8808 8800 8764 8757 8755 8758 8746 8734 8728 8725 8724 8731 8752 8807 8905 8894 8751 8574 8524 8452 8305 8133 7971 7842 7721 7600 7519 7440 7368 7332 7309 7296 7295 7321 7369 7400 7420 7321 7252 7238 7254 7285 7272 7246 7277
9104 9075 9045 9022 9011 8972 8912 8941 8978 8949 8916 8905 8898 8891 8881 8872 8865 8855 8842 8831 8821 8814 8806 8796 8787 8782 8780 8776 8781 8790 8780 8767 8761 8746 8739 8743 8741 8750 8775 8796 8790 8768 8757 8748 8742 8736 8731 8726 8726 8729 8746 8775 8834 8909 8903 8735 8560 8544 8458 8322 8150 7986 7862 7764 7675 7559 7462 7385 7357 7332 7321 7317 7321 7337 7343 7339 7295 7246 7266 7283 7303 7287 7258 7248
9110 9076 9053 9054 9063 9027 8942 8915 8880 8893 8900 8897 8891 8893 8885 8875 8873 8862 8847 8832 8824 8814 8804 8794 8783 8779 8779 8776 8773 8774 8769 8764 8758 8748 8744 8743 8741 8745 8760 8775 8780 8774 8760 8743 8723 8728 8726 8725 8723 8725 8741 8779 8850 8926 8916 8729 8640 8648 8500 8346 8180 8021 7883 7801 7726 7591 7483 7413 7381 7359 7340 7337 7347 7346 7344 7334 7316 7314 7294 7294 7300 7281 7239 7224
9118 9088 9067 9068 9063 9043 9010 8908 8842 8848 8878 8871 8863 8879 8867 8857 8874 8870 8858 8843 8827 8815 8802 8792 8786 8780 8777 8776 8774 8773 8770 8763 8757 8750 8747 8745 8739 8736 8744 8747 8752 8761 8766 8766 8753 8734 8722 8712 8706 8706 8726 8771 8857 8959 8958 8761 8750 8780 8610 8420 8200 8045 7919 7780 7680 7593 7511 7434 7397 7357 7338 7342 7349 7357 7370 7338 7327 7313 7301 7294 7280 7262 7259 7267
9124 9110 9106 9063 9032 8999 8950 8875 8815 8818 8808 8796 8795 8796 8774 8820 8865 8871 8860 8846 8830 8816 8805 8793 8779 8771 8775 8777 8779 8776 8772 8768 8760 8752 8749 8746 8743 8743 8741 8739 8731 8750 8774 8785 8760 8736 8716 8701 8690 8691 8698 8721 8829 8978 9079 8871 8828 8862 8765 8532 8291 8140 8043 7807 7666 7607 7549 7477 7416 7357 7331 7347 7367 7365 7361 7355 7323 7301 7291 7295 7299 7309 7299 7310
9108 9089 9066 9027 8989 8947 8895 8875 8855 8826 8795 8771 8760 8760 8765 8792 8840 8848 8850 8841 8828 8817 8805 8795 8786 8780 8778 8779 8780 8776 8773 8772 8765 8758 8755 8751 8747 8743 8743 8745 8736 8749 8782 8809 8783 8736 8711 8697 8687 8681 8679 8693 8787 8921 9017 9002 8946 8908 8854 8641 8402 8252 8110 7886 7725 7638 7574 7499 7444 7381 7348 7363 7375 7378 7373 7349 7322 7290 7290 7307 7327 7343 7333 7336
9078 9052 9015 8986 8948 8907 8898 8905 8894 8865 8840 8821 8790 8768 8753 8763 8776 8797 8825 8823 8821 8816 8811 8803 8796 8788 8784 8778 8772 8766 8763 8763 8761 8757 8756 8754 8749 8744 8746 8741 8739 8752 8785 8807 8766 8728 8713 8701 8697 8685 8683 8695 8760 8837 8901 9047 9037 9019 8909 8725 8544 8355 8169 7952 7803 7701 7623 7550 7496 7435 7395 7397 7411 7418 7407 7378 7341 7309 7306 7330 7351 7367 7367 7373
9043 9020 8999 8960 8923 8889 8912 8932 8919 8900 8891 8891 8870 8799 8751 8750 8760 8772 8788 8806 8815 8817 8816 8810 8804 8804 8787 8777 8772 8766 8763 8763 8761 8759 8760 8757 8752 8748 8751 8751 8734 8763 8781 8789 8756 8729 8725 8719 8710 8704 8707 8720 8746 8786 8850 8978 9037 9049 8970 8767 8583 8469 8302 8062 7894 7782 7708 7623 7575 7507 7442 7430 7463 7485 7446 7411 7399 7365 7354 7375 7386 7393 7434 7490
9016 8993 8962 8938 8919 8905 8932 8954 8934 8917 8901 8885 8859 8818 8767 8767 8772 8775 8785 8805 8819 8823 8821 8816 8806 8786 8785 8777 8769 8765 8762 8763 8764 8763 8762 8759 8754 8750 8747 8742 8752 8769 8776 8768 8763 8754 8741 8730 8720 8715 8719 8735 8737 8757 8822 8965 9026 9010 8964 8808 8634 8556 8412 8147 7997 7879 7789 7731 7677 7609 7523 7443 7338 7229 7312 7448 7512 7475 7456 7449 7457 7481 7548 7663
8995 8982 8961 8947 8939 8926 8939 8955 8936 8917 8893 8855 8834 8836 8849 8822 8798 8800 8808 8818 8824 8827 8828 8825 8820 8806 8805 8797 8784 8773 8770 8772 8768 8768 8762 8760 8756 8753 8750 8746 8758 8776 8778 8774 8773 8770 8757 8743 8730 8720 8713 8716 8729 8746 8821 8965 9052 9100 9024 8896 8763 8609 8434 8250 8123 8004 7899 7853 7811 7753 7674 7503 7262 7091 7262 7475 7586 7572 7527 7545 7549 7572 7650 7778
8984 8985 8987 8987 8969 8962 8954 8936 8927 8913 8892 8868 8834 8844 8845 8802 8812 8835 8841 8833 8830 8831 8834 8837 8842 8853 8849 8829 8810 8788 8785 8781 8774 8770 8767 8763 8760 8756 8753 8749 8766 8789 8786 8781 8788 8798 8772 8753 8737 8720 8714 8712 8726 8748 8798 8903 9054 9177 9066 8974 8847 8681 8537 8410 8289 8169 8060 8023 7976 7914 7823 7628 7363 7171 7368 7571 7702 7715 7702 7679 7670 7665 7743 7916
8988 8990 8998 9006 8986 8988 8979 8943 8933 8918 8898 8873 8855 8851 8845 8800 8814 8844 8849 8840 8837 8836 8838 8843 8853 8869 8871 8859 8845 8831 8806 8789 8779 8777 8770 8766 8763 8759 8757 8756 8767 8762 8791 8798 8795 8781 8772 8756 8741 8739 8724 8715 8723 8770 8783 8834 8992 9088 9050 9044 8943 8773 8667 8583 8488 8391 8267 8211 8136 8057 7958 7806 7619 7502 7599 7749 7878 7857 7827 7825 7818 7826 7901 8047
8998 8993 8981 8958 8978 8988 8983 8972 8946 8929 8914 8899 8880 8861 8835 8808 8826 8840 8840 8835 8834 8834 8836 8842 8850 8860 8870 8879 8860 8846 8833 8809 8783 8776 8774 8772 8768 8763 8758 8758 8777 8801 8807 8804 8794 8784 8767 8763 8756 8743 8730 8701 8666 8665 8670 8759 8892 8993 9005 9066 9010 8906 8831 8760 8695 8629 8516 8422 8313 8204 8096 7988 7931 7909 7889 7929 7960 7982 7980 7990 7982 7988 8040 8150
9014 9007 8994 8975 8990 8995 8997 8978 8954 8940 8928 8915 8894 8882 8866 8859 8845 8830 8830 8835 8836 8835 8836 8836 8838 8844 8851 8856 8844 8834 8841 8815 8784 8779 8782 8780 8776 8769 8763 8766 8794 8830 8836 8811 8792 8776 8769 8756 8745 8742 8735 8692 8616 8481 8508 8625 8809 8939 9030 9044 9026 9044 8944 8895 8873 8869 8756 8620 8490 8368 8248 8158 8144 8139 8111 8126 8130 8168 8215 8192 8153 8130 8129 8249
9033 9028 9026 9034 9022 9010 8991 8981 8966 8954 8942 8925 8919 8910 8900 8882 8871 8858 8843 8838 8835 8831 8828 8824 8820 8814 8812 8810 8806 8809 8820 8829 8807 8804 8800 8793 8786 8780 8775 8776 8800 8824 8818 8802 8786 8773 8763 8755 8749 8737 8725 8702 8679 8692 8752 8791 8798 8900 9024 9001 9002 8964 8984 8954 8953 9007 8915 8773 8655 8556 8472 8396 8338 8316 8302 8345 8385 8403 8388 8360 8318 8275 8283 8353
9049 9044 9046 9053 9041 9025 9013 8994 8980 8976 8969 8962 8958 8940 8924 8909 8899 8896 8862 8850 8842 8834 8826 8817 8805 8789 8768 8772 8778 8794 8819 8840 8847 8828 8815 8805 8796 8790 8785 8786 8799 8812 8800 8784 8776 8761 8750 8750 8744 8730 8713 8711 8719 8754 8804 8784 8796 8905 9079 9023 9001 8987 8977 8959 8930 8899 8911 8848 8779 8725 8696 8680 8557 8554 8539 8569 8614 8631 8606 8566 8486 8437 8414 8484
9053 9055 9056 9053 9048 9039 9021 9009 9002 8998 8996 8990 8984 8963 8945 8929 8922 8907 8882 8859 8846 8836 8827 8815 8804 8787 8773 8772 8780 8798 8818 8828 8827 8830 8822 8812 8803 8797 8791 8789 8795 8796 8774 8773 8772 8773 8773 8757 8746 8737 8729 8721 8721 8747 8801 8780 8780 8851 8942 8999 8956 8965 8976 8944 8917 8882 8904 8893 8872 8858 8859 8851 8786 8785 8782 8752 8773 8775 8715 8660 8623 8619 8625 8698
9059 9066 9069 9068 9061 9053 9025 9025 9018 9012 9022 9018 8990 8974 8960 8952 8935 8905 8878 8866 8855 8844 8831 8820 8807 8794 8776 8777 8783 8790 8810 8825 8831 8832 8826 8817 8809 8802 8797 8792 8796 8794 8781 8773 8773 8773 8768 8763 8755 8751 8743 8727 8722 8737 8766 8765 8750 8769 8781 8817 8822 8836 8880 8905 8929 8926 8906 8906 8919 8939 8968 8990 8941 8916 8884 8836 8828 8803 8729 8680 8743 8815 8908 9003
9074 9076 9080 9086 9083 9057 9056 9013 8978 8987 9028 9029 8995 8982 8967 8949 8945 8913 8887 8874 8861 8848 8836 8823 8815 8807 8812 8783 8766 8792 8822 8829 8844 8836 8829 8819 8812 8807 8803 8797 8798 8804 8786 8776 8777 8779 8776 8766 8754 8747 8738 8724 8719 8721 8725 8727 8722 8728 8733 8742 8736 8747 8793 8859 8906 8910 8897 8910 8935 8974 9031 9092 9035 8964 8863 8864 8859 8833 8827 8819 8893 8973 9096 9170
9091 9081 9075 9078 9080 8995 8937 8919 8914 8935 8940 8973 9000 8993 8972 8962 8945 8923 8898 8884 8875 8863 8852 8840 8826 8811 8785 8775 8784 8805 8803 8816 8835 8839 8825 8815 8808 8803 8799 8794 8794 8795 8783 8780 8780 8781 8787 8763 8745 8730 8721 8714 8711 8720 8725 8723 8722 8719 8723 8719 8727 8757 8788 8822 8842 8845 8863 8884 8912 8957 9013 9085 9098 9005 8911 8939 8952 8956 9005 9059 9053 9054 9081 9080
9104 9087 9055 9018 8954 8933 8909 8909 8906 8910 8917 8934 8955 8960 8966 8966 8949 8931 8917 8899 8885 8873 8859 8846 8835 8825 8810 8813 8816 8839 8829 8829 8817 8814 8814 8810 8803 8792 8784 8781 8782 8787 8788 8787 8780 8770 8752 8743 8732 8718 8709 8705 8706 8727 8739 8723 8712 8711 8708 8704 8713 8737 8764 8785 8818 8819 8833 8858 8885 8913 8940 8957 8972 8996 9066 9021 9038 9135 9149 9192 9121 9059 9033 8992
9140 9093 9043 8983 8928 8913 8909 8909 8906 8904 8905 8911 8913 8927 8958 8979 8971 8946 8923 8910 8897 8883 8869 8856 8844 8840 8850 8821 8880 8857 8855 8860 8828 8814 8811 8805 8797 8793 8774 8764 8766 8770 8792 8790 8775 8762 8744 8737 8727 8715 8704 8699 8698 8709 8716 8714 8718 8707 8701 8707 8704 8710 8731 8743 8736 8766 8799 8824 8851 8870 8882 8872 8892 8925 8926 8957 9019 9089 9092 9057 9025 9013 9011 9035
9151 9098 9041 8979 8926 8913 8912 8907 8907 8903 8902 8903 8906 8923 8959 8990 8992 8965 8939 8923 8911 8897 8882 8866 8851 8830 8825 8889 8928 8879 8891 8891 8852 8831 8817 8803 8787 8771 8760 8752 8751 8751 8766 8768 8764 8760 8762 8750 8728 8712 8703 8696 8695 8698 8703 8700 8703 8706 8704 8707 8709 8742 8726 8726 8728 8744 8769 8790 8809 8820 8840 8872 8890 8883 8860 8890 8954 8985 8986 8933 8922 8947 8953 8968
9148 9110 9050 8985 8930 8916 8916 8920 8910 8904 8904 8903 8907 8924 8964 9006 9013 8987 8969 8951 8929 8914 8902 8889 8876 8876 8889 8910 8905 8931 8937 8935 8888 8860 8838 8815 8788 8764 8756 8751 8744 8740 8743 8748 8750 8749 8745 8736 8725 8714 8706 8698 8693 8694 8698 8700 8706 8708 8706 8710 8708 8718 8723 8725 8727 8744 8762 8779 8796 8810 8824 8840 8887 8877 8864 8878 8909 8931 8927 8922 8920 8894 8876 8842
9211 9138 9068 8998 8937 8917 8916 8912 8908 8906 8906 8905 8910 8928 8974 9021 9019 9002 8990 8974 8941 8929 8919 8909 8896 8883 8893 8899 8910 8960 8971 8968 8914 8887 8863 8837 8804 8779 8763 8750 8742 8733 8738 8739 8739 8737 8730 8724 8723 8719 8710 8705 8703 8701 8707 8708 8707 8708 8710 8714 8708 8713 8729 8741 8751 8753 8762 8772 8783 8794 8806 8818 8851 8873 8878 8883 8883 8873 8862 8873 8870 8851 8829 8805
9229 9166 9088 9012 8948 8924 8921 8917 8913 8910 8912 8916 8921 8934 8990 9049 9053 9027 8976 8927 8950 8951 8945 8936 8927 8921 8916 8918 8955 8999 9003 8974 8934 8916 8898 8874 8836 8786 8760 8748 8743 8742 8737 8734 8730 8728 8726 8724 8718 8715 8713 8712 8713 8715 8720 8725 8726 8725 8723 8719 8718 8729 8746 8761 8763 8762 8764 8769 8777 8787 8796 8828 8860 8879 8892 8899 8874 8842 8814 8814 8808 8814 8807 8799
9264 9196 9117 9037 8965 8928 8923 8922 8920 8918 8924 8939 8951 8954 9020 9086 9080 9047 9011 9005 8990 8984 8976 8969 8964 8963 8954 8963 9004 9038 9040 9007 8967 8949 8933 8915 8891 8801 8763 8751 8748 8746 8733 8721 8723 8723 8721 8717 8713 8712 8714 8716 8719 8725 8729 8736 8737 8740 8744 8745 8743 8750 8755 8764 8762 8762 8759 8763 8771 8780 8785 8814 8849 8877 8894 8898 8872 8838 8805 8801 8799 8804 8812 8817
9287 9227 9152 9067 8981 8937 8927 8926 8924 8923 8944 8980 9017 9046 9096 9113 9084 9046 9042 9053 9033 9018 9006 9000 8994 8992 8992 9020 9048 9065 9066 9043 9012 8983 8966 8951 8921 8812 8773 8759 8751 8739 8733 8728 8725 8723 8720 8713 8709 8710 8714 8717 8718 8720 8731 8737 8743 8762 8756 8755 8762 8753 8730 8748 8743 8741 8745 8756 8769 8780 8786 8798 8846 8876 8882 8867 8867 8854 8840 8822 8803 8809 8816 8822
9308 9261 9198 9119 9018 8952 8942 8940 8933 8927 8977 9035 9094 9166 9180 9156 9097 9050 9052 9060 9055 9046 9037 9028 9026 9023 9023 9069 9091 9104 9093 9072 9034 9006 8986 8967 8942 8835 8791 8766 8750 8743 8737 8733 8729 8728 8724 8719 8713 8712 8714 8718 8716 8720 8735 8735 8731 8762 8684 8609 8599 8641 8641 8637 8671 8693 8715 8739 8763 8787 8807 8823 8852 8874 8882 8881 8878 8873 8877 8851 8830 8819 8825 8822
9324 9294 9253 9207 9140 9032 9005 8986 8956 8963 9034 9096 9144 9181 9176 9122 9108 9072 9059 9066 9069 9063 9056 9053 9058 9070 9076 9124 9137 9139 9105 9070 9047 9021 8997 8968 8914 8863 8814 8775 8747 8747 8745 8737 8738 8738 8733 8730 8719 8714 8713 8716 8714 8728 8744 8721 8658 8567 8562 8520 8520 8543 8550 8531 8585 8642 8687 8726 8762 8796 8832 8853 8863 8874 8882 8886 8879 8874 8865 8845 8822 8807 8799 8801
9341 9326 9311 9304 9304 9204 9137 9101 9061 9108 9154 9164 9175 9184 9176 9147 9101 9063 9085 9094 9094 9085 9076 9074 9078 9106 9150 9164 9182 9164 9134 9107 9066 9036 9006 8973 8942 8889 8838 8793 8758 8756 8760 8767 8765 8755 8744 8730 8720 8716 8713 8715 8718 8734 8751 8702 8598 8513 8510 8505 8503 8507 8510 8516 8554 8610 8661 8708 8753 8794 8825 8844 8859 8871 8876 8875 8871 8862 8847 8828 8808 8797 8794 8802
9352 9350 9350 9355 9370 9336 9288 9248 9265 9281 9250 9215 9196 9178 9161 9148 9130 9141 9142 9130 9119 9104 9096 9094 9105 9152 9222 9214 9220 9203 9171 9129 9094 9058 9018 8975 8939 8908 8862 8816 8781 8773 8779 8785 8783 8771 8758 8741 8731 8721 8715 8722 8736 8721 8716 8653 8560 8509 8502 8501 8498 8498 8497 8501 8543 8597 8651 8702 8749 8789 8829 8836 8852 8864 8869 8876 8872 8845 8830 8817 8806 8800 8804 8806
9363 9368 9378 9375 9366 9371 9345 9328 9314 9300 9263 9238 9212 9180 9134 9146 9154 9146 9147 9135 9118 9116 9112 9112 9123 9177 9250 9246 9247 9228 9190 9151 9113 9076 9037 8999 8967 8934 8891 8848 8812 8800 8800 8798 8791 8786 8780 8767 8746 8732 8722 8738 8765 8663 8563 8536 8519 8504 8502 8501 8501 8500 8498 8502 8539 8592 8644 8696 8745 8785 8801 8829 8846 8856 8849 8833 8816 8813 8818 8821 8811 8802 8796 8800
9371 9380 9412 9423 9387 9406 9438 9351 9326 9287 9267 9243 9227 9218 9224 9204 9186 9170 9176 9158 9143 9136 9130 9130 9148 9179 9228 9280 9268 9233 9189 9151 9128 9096 9057 9024 9003 8965 8923 8881 8853 8840 8828 8815 8806 8810 8811 8811 8785 8755 8733 8752 8766 8601 8394 8439 8499 8509 8500 8500 8502 8502 8499 8504 8535 8582 8628 8677 8731 8788 8837 8833 8836 8840 8818 8782 8752 8778 8803 8820 8810 8799 8794 8793
9390 9401 9432 9494 9464 9285 9182 9266 9337 9248 9252 9242 9238 9240 9242 9233 9223 9226 9210 9192 9188 9162 9153 9149 9155 9182 9220 9287 9273 9228 9199 9174 9143 9107 9071 9041 9017 8990 8959 8919 8892 8878 8861 8851 8845 8842 8842 8843 8826 8793 8762 8774 8756 8620 8485 8464 8501 8507 8499 8500 8504 8504 8501 8508 8537 8573 8612 8655 8706 8770 8829 8819 8812 8810 8790 8758 8741 8765 8791 8807 8810 8805 8800 8801
9401 9392 9395 9371 9274 9054 8869 9155 9468 9305 9239 9242 9249 9257 9263 9247 9244 9240 9231 9210 9192 9182 9177 9172 9173 9203 9221 9290 9274 9248 9232 9203 9168 9130 9089 9055 9023 9018 9004 8984 8948 8915 8893 8881 8869 8870 8873 8874 8881 8843 8799 8817 8780 8643 8537 8501 8509 8507 8503 8504 8507 8507 8500 8511 8540 8576 8618 8654 8683 8703 8755 8770 8772 8766 8755 8750 8753 8768 8790 8806 8816 8814 8813 8810
9409 9404 9353 9254 9122 8935 8806 9071 9398 9369 9291 9264 9264 9263 9255 9242 9254 9264 9246 9223 9209 9206 9205 9206 9215 9229 9243 9261 9282 9282 9260 9228 9194 9159 9116 9071 9057 9058 9053 9039 8993 8941 8924 8915 8910 8907 8907 8902 8914 8887 8853 8864 8793 8626 8511 8500 8510 8509 8509 8508 8509 8508 8503 8517 8546 8581 8617 8651 8674 8670 8681 8729 8740 8733 8731 8745 8760 8776 8792 8813 8828 8842 8835 8829
