real_craters/C157-500m.grd
DSAA
228 228
-56.805 56.805
-56.805 56.805
7103.2672283376 10002.842625512
[rows 30 to 59 of 228, columns 0 to 66 of 228]
8977.96 8960.73 8942.17 8922.85 8903.64 8897.19 8840.32 8786.37 8744.52 8712.97 8709.78 8707.48 8703.48 8701.85 8720.38 8741.66 8760.03 8772.33 8778.46 8784.31 8788.33 8793.17 8802.24 8819.7 8839.44 8848.47 8853.6 8852.48 8847.45 8839.47 8830.16 8823.67 8813.42 8795.62 8778.41 8766.76 8759.11 8754.92 8754.75 8756.44 8757.84 8748.27 8741.76 8737.75 8735.26 8737.64 8736.09 8732.18 8734.17 8738.68 8721.77 8706.06 8694.09 8683.89 8671.63 8656.47 8648.67 8646.59 8641.33 8628.63 8618.14 8614.81 8617.32 8628.99 8645.94 8644.04 8636.79
8987.45 8976.02 8962.81 8951.93 8942.39 8934.4 8888.68 8836.62 8782.86 8733.27 8721.23 8711.79 8704.63 8702.44 8712.3 8730.27 8746.08 8757.92 8767.26 8770.83 8773 8773.37 8777.04 8791.44 8821.04 8825.11 8835.44 8837.83 8833.71 8828.35 8820.74 8804.6 8791.07 8777.45 8765.65 8755.62 8748.97 8746.15 8745.16 8748.33 8750.68 8744.37 8740.08 8738.66 8739.2 8743.59 8740.81 8733.6 8730.36 8726.99 8713.56 8699.28 8688.2 8679.5 8670.18 8647.16 8638.22 8631.88 8627.75 8622.31 8618.2 8617.29 8617.45 8622.44 8630.3 8634.08 8631.66
8994 8985.65 8977.16 8971.77 8969.67 8968.43 8941.11 8885.86 8834.75 8786.84 8758.9 8741.45 8728.63 8714.11 8717.32 8730.21 8741.95 8750.11 8757.41 8759.78 8760.07 8755.21 8747.49 8738.9 8742.7 8784.27 8818.1 8817.18 8813.86 8811.88 8810.89 8807.76 8781.37 8762.16 8750.21 8742.16 8736.26 8732.69 8731.39 8730.98 8733.26 8732.62 8733.5 8733.04 8734.28 8733.03 8729.6 8724.59 8716.69 8707.89 8695.6 8685.9 8677.59 8669.86 8664.1 8651.44 8636.34 8625.69 8621.64 8621.41 8619.31 8620.83 8619.49 8619.82 8620.24 8625.2 8627.69
8999.17 8992.01 8985.97 8981.29 8980.66 8979.42 8960.07 8925.96 8894.02 8864.58 8825.77 8798.82 8776.29 8763.1 8752.39 8749.81 8753.5 8757.67 8761.5 8758.22 8752.79 8742.96 8727.32 8711.37 8713.95 8746.07 8773.53 8784.07 8786.42 8788.34 8791.86 8787.56 8763.7 8742.81 8732.49 8727.55 8723.63 8719.67 8716.08 8711.65 8711.96 8718.44 8723.11 8725.88 8727.79 8728.06 8724 8714.52 8700.29 8681.28 8672.25 8670.86 8666.26 8659.05 8650.58 8648.37 8637.52 8626.53 8621.52 8620.39 8623.07 8632.68 8637.59 8624.91 8617.33 8622.74 8626.17
9002.69 8995.6 8990.99 8985.39 8979.62 8974.32 8967.23 8952.11 8941.42 8947.47 8919.55 8875.51 8830.19 8798.45 8777.09 8774.14 8775.9 8778.07 8775.01 8771.29 8761.38 8747.39 8727.3 8705.47 8704.36 8722.27 8741.55 8749.31 8753.31 8755.85 8758.55 8756.63 8733.71 8717.88 8715.15 8714.23 8712.17 8709.32 8705.25 8698.83 8700.95 8708.52 8715.15 8718.89 8720.13 8723.98 8721.66 8705.94 8690.15 8671.05 8663.13 8663.51 8659.62 8652.29 8644.03 8640.27 8637.21 8631.98 8623.47 8619.3 8620.76 8638.86 8654.93 8637.66 8625.87 8627.45 8628.47
9003 8997.26 8991.42 8986.15 8981.03 8976.06 8972.15 8965.4 8958.75 8951.69 8949.61 8925.98 8874.28 8830.89 8802.21 8806.44 8807.02 8804.36 8798.24 8790.75 8778.96 8764 8743.18 8718.57 8710.84 8713.15 8712.1 8716.57 8723.24 8724.97 8718.79 8710.47 8709.23 8699.56 8703.8 8705.92 8705.31 8704.14 8700.89 8697.86 8698.27 8704.53 8710.09 8712.28 8711.94 8708.29 8701.79 8695.76 8687.47 8679.72 8673.94 8665.67 8658.15 8651.45 8647.59 8646.98 8644.82 8636.6 8626.4 8617.51 8621.5 8637.17 8650.14 8651.14 8644.1 8637.85 8635.55
9001.73 8996.5 8991.22 8986.04 8981.62 8977.18 8974.99 8971.33 8964.72 8952.41 8945 8937.02 8909.23 8880.77 8857.42 8853.87 8845.1 8836.12 8826.06 8816.12 8804.98 8791.92 8775.88 8744.83 8734.28 8721 8707.34 8701.73 8703.87 8705.58 8705.15 8701.33 8700.15 8700.35 8700.77 8702.88 8705.74 8704.57 8701.44 8699.74 8700.5 8705.13 8708.02 8708.24 8704.31 8696.24 8688.55 8688.12 8686.36 8684.7 8680.82 8670.06 8660.01 8651.52 8648.95 8650.98 8650.12 8641.58 8629.77 8621.98 8622.83 8637.59 8648.57 8653.05 8650.65 8643.35 8639.63
8999.7 8995.18 8990.81 8986.39 8981.71 8980.11 8978.5 8975.8 8971.74 8964.03 8951.08 8946.85 8939.12 8935.45 8938.25 8907 8885.66 8871.17 8859.28 8847.7 8836.23 8823.85 8817.36 8818.58 8774.62 8739.16 8711.05 8694.79 8694.41 8697.36 8699.7 8700 8699.54 8699.92 8702.43 8707.64 8710.56 8710.76 8706.79 8701.28 8705.09 8709.25 8710.49 8708.4 8703.52 8694.02 8686.43 8687.17 8686.61 8684.13 8681.49 8673.48 8665.62 8655.04 8653.16 8658.56 8657.68 8651.62 8637.14 8628.24 8630.42 8634.43 8639.41 8640.16 8643.42 8643.82 8642.07
8997.56 8994.56 8991.46 8988.27 8984.54 8979.96 8983.22 8980.86 8978.9 8973.68 8958.39 8959.19 8960.33 8961.46 8957.65 8938.37 8918.91 8902.67 8888.46 8876.69 8866.27 8855.37 8844.7 8829.54 8795.98 8756.66 8721.22 8697 8696.12 8700.51 8704.75 8705.56 8705.45 8704.21 8708.67 8716.8 8723.35 8723.52 8718.35 8713.54 8714.81 8716.93 8716.51 8714.43 8709.27 8702.51 8696.09 8692.72 8688.99 8682.53 8674.32 8677.66 8679 8673.5 8671.11 8672.28 8668.28 8659.21 8646.8 8636.37 8633.71 8634.85 8641.28 8644.55 8645.65 8644.73 8642.19
8996.88 8995.36 8993.34 8990.69 8988.57 8987.72 8986.47 8983.54 8980.44 8976.61 8969.55 8972.46 8973.84 8972.14 8964.39 8953.84 8940.8 8927.63 8914.74 8903.49 8892.35 8880.58 8864.33 8845.04 8815.61 8781.88 8741.32 8708.03 8713.78 8718.1 8712.88 8721.91 8723.17 8716.04 8723.82 8736.14 8743.69 8745.27 8739.16 8725.4 8732.25 8731 8727.5 8722.69 8716.18 8712.49 8709.63 8700.93 8694.04 8686.8 8680.99 8686.02 8695.82 8711.07 8694.86 8681.73 8672.91 8664.06 8655.34 8641.45 8635.83 8641.39 8649.67 8657.4 8650.44 8645.08 8641.07
9000.84 8998.66 8996.97 8994.69 8992.07 8990.66 8987.38 8985.81 8981.22 8978.82 8982.49 8984.72 8983.38 8978.81 8972.74 8964.71 8954.45 8943.14 8932.07 8922.04 8911.49 8901.15 8884.23 8863.88 8841.89 8812.66 8781.67 8754.73 8755.25 8761.08 8765.89 8758.24 8757.13 8758.05 8762.02 8765.06 8769.48 8773.55 8780.46 8776.14 8758.86 8748.7 8740.77 8733.77 8725.27 8719.64 8714.21 8706.25 8699.93 8695.56 8693.24 8693.31 8697.34 8702.56 8692.5 8675.08 8667.57 8663.43 8653 8650.41 8641.81 8638.81 8644.55 8650.57 8644.85 8639.48 8635.93
9005.89 9003.67 9002.16 9001.31 8999.16 8994.14 8993.31 8991.41 8991.68 8989.5 8988.32 8987.65 8986.6 8984.09 8980.09 8973.31 8963.81 8952.89 8942.46 8933.51 8928.1 8924.11 8916.2 8898.42 8876.87 8853.06 8832.91 8816.08 8807.26 8804.97 8803.21 8796.56 8794.42 8798.86 8800.35 8794.01 8791.71 8795.62 8802.06 8796.72 8778.14 8762.98 8750.41 8741.56 8734.45 8726.66 8714.16 8711.56 8706.03 8701.18 8698.08 8694.04 8690 8685.35 8682.04 8668.24 8658.01 8658.49 8665.75 8667.07 8647.58 8626.14 8630.23 8631.07 8632.54 8630.91 8628.21
9010.18 9008.9 9007.67 9005.17 9003.54 9000.68 8999.64 8998.05 8998.55 8997.31 8993.35 8989.35 8989.2 8988.53 8985.44 8978.83 8968.34 8956.56 8945.32 8937.96 8937.06 8941.48 8949.2 8935.21 8909.55 8894.16 8881.19 8868.94 8860.31 8842.63 8829.41 8824.76 8823.39 8825.98 8826.66 8814 8807.78 8805.46 8805.5 8798.03 8784.02 8769.46 8758.87 8750.56 8744.94 8740.25 8736.16 8725.13 8712.98 8703.65 8695.53 8688.99 8684.2 8683.5 8688.45 8683.98 8680.33 8683.77 8684.07 8667.33 8650.27 8631.85 8624.06 8622.14 8623 8622.92 8620.88
9015.31 9015.85 9014.95 9012.7 9009.64 9005.32 9000.46 9002.28 9010.44 9004.15 8999.31 8995.12 8994.93 8993.67 8990.3 8983.22 8969.24 8953.22 8940.15 8933.28 8931.63 8939.86 8954.63 8942.99 8923.87 8915.28 8918.66 8930.61 8912.71 8881.24 8860.2 8849.23 8843.27 8840.45 8835.09 8821.84 8811.48 8805.35 8800.63 8793.08 8782.62 8771.97 8762.78 8755.16 8751.01 8751.11 8754.39 8738.19 8717.2 8703.33 8691.22 8685.67 8686.05 8690.51 8707.35 8719.87 8716.65 8707.99 8692.09 8666.03 8656.74 8640.27 8624.89 8617.83 8617.62 8617.27 8615.73
9027.59 9025.72 9023.08 9021.09 9014.06 9009.79 9006.74 9005.87 8998 9008.31 9006.58 9002.84 9003.48 8995.42 8990.96 8984.03 8965.7 8946.81 8932.75 8922.75 8916.07 8915.85 8923.1 8921.9 8919.08 8920.05 8930.74 8938.06 8927.43 8897.73 8880.18 8867.78 8856.49 8845.55 8833.97 8821.96 8811.08 8802.7 8793.89 8787.13 8779.78 8771.54 8763.79 8756.68 8751.33 8748.93 8751.12 8734.32 8715.17 8702.41 8691.56 8692.21 8708.9 8720.16 8727.82 8735.18 8718.63 8705.48 8689.58 8670.54 8660.05 8648.38 8628.43 8619.1 8616.02 8613.58 8611.24
9043.02 9034.48 9028.23 9024.56 9020.18 9015.59 9013.09 9015.06 9018.79 9017.19 9016.68 9014.82 9005.66 8979.95 8976.08 8989.83 8948.35 8928.17 8915.13 8904.35 8895.38 8884.09 8870.88 8888.63 8902.92 8913.41 8925.55 8933.23 8933.51 8921.65 8900.5 8881.93 8865.53 8849.56 8833.44 8820.74 8808.9 8799.39 8790.14 8782.84 8776.77 8770.67 8764.25 8755.81 8746.29 8735.24 8721.66 8713.35 8708.98 8704.14 8695.98 8696.21 8730.35 8741.61 8733.89 8728.56 8705.67 8692.93 8689.96 8679.74 8665.01 8648.79 8634.6 8623.17 8615.73 8610.58 8606.8
9044.58 9038.59 9030.65 9023.59 9024.05 9022.24 9021.04 9022.48 9022.4 9018.06 9017.82 9021.67 8962.57 8937.68 8925.21 8902.16 8907.23 8905.1 8898.88 8891.14 8880.41 8866.48 8857.65 8871.5 8886.77 8901.69 8910.46 8919.97 8931.57 8935.97 8913.02 8889.67 8871.15 8853.87 8838.38 8822.96 8807.79 8794.91 8784.74 8778.7 8775.1 8770.13 8764.51 8756.47 8745.38 8728.29 8703.64 8700.96 8712.35 8714.9 8713.23 8716.26 8735.42 8742.74 8733.25 8718.12 8719.65 8709.35 8699.89 8688.4 8672.52 8654.32 8640.39 8626.27 8616.47 8609.82 8604.32
9048.57 9041.95 9034.03 9029.31 9028.91 9027.67 9027.68 9028.25 9023.14 9005.87 8985.44 8951.05 8896.27 8893.56 8887.76 8874.41 8882 8886.83 8885.5 8880.37 8871.87 8863.25 8860.38 8866.47 8878.39 8886.84 8890.64 8889.05 8880.38 8908.13 8901.36 8887.25 8873.17 8858.4 8844.57 8825.87 8807.33 8792.19 8783.03 8777.81 8774.28 8770.89 8766.39 8761 8752.17 8739.34 8720.36 8719.81 8731.88 8736.28 8739.79 8745.78 8759.75 8755.03 8744.04 8736.63 8732.55 8719.51 8703.44 8687.35 8673.45 8652.21 8634.22 8625.01 8617.35 8610.3 8603.94
9049.98 9044.13 9037.3 9032.54 9032.49 9032.98 9032.87 9031.74 9018.66 8988.34 8947.96 8895.14 8874.44 8875.56 8877.07 8879.77 8880.52 8879.66 8877.86 8874.38 8868.39 8863.16 8861.02 8866.91 8873.21 8877.56 8877.91 8873.26 8865.85 8873.35 8883.55 8882.45 8874.06 8861.46 8844.89 8825.44 8808.45 8792.54 8781.84 8779.2 8778.12 8775.35 8771.78 8767.31 8763.42 8762.56 8768.88 8769.18 8762.39 8761.57 8766.62 8777.16 8774.58 8766.48 8751.97 8741.06 8734.54 8721.76 8701.5 8684.01 8667.55 8649.66 8632.38 8625.1 8618.54 8611.55 8604.52
9057.23 9050.4 9043.23 9039.62 9038.87 9038.12 9038.65 9038.33 9015.06 8976.31 8931.69 8889.01 8874.52 8873.7 8875.09 8881.06 8880.31 8876.92 8875.16 8872.57 8869.9 8866.14 8865.17 8866.98 8870.31 8872.34 8872.99 8872.85 8869.55 8872.4 8878.99 8882.39 8879.66 8870.6 8851.8 8833.37 8818.46 8797.1 8787.86 8786.46 8784.41 8781.06 8778.75 8775.7 8775.66 8780.36 8790.05 8791.51 8784.83 8782.35 8785.19 8786.81 8786.64 8780.2 8766.68 8751.98 8735.56 8714.29 8698.76 8681.8 8665.1 8652.1 8639.54 8629.21 8620.83 8613.13 8605.74
9067.37 9056.92 9049.7 9047.84 9044.5 9041.09 9038.37 9043.17 9010.18 8970.54 8926.41 8886.79 8871.72 8872.4 8871.86 8872.45 8872.4 8872.63 8872.61 8872.25 8872.65 8873.02 8871.54 8869.96 8870.08 8870.99 8874 8877.95 8883.27 8879.05 8883.44 8888.32 8891.01 8890.98 8886.34 8875.37 8847.46 8813.64 8801.49 8800.12 8796.56 8792.01 8787.72 8783.77 8782.99 8785.18 8792.61 8798.04 8792.73 8793.76 8798.71 8805.68 8809.82 8793.58 8780.31 8762.65 8740.18 8715.59 8697.49 8681.14 8669.42 8655.57 8643.7 8632.69 8623.38 8615.75 8608.18
9078.67 9062.15 9056.91 9049.26 9047.94 9044.58 9036 9012.11 9007.45 8968.92 8925.7 8886.29 8868.79 8870.6 8869.02 8867.6 8866.53 8867.61 8869.1 8870.76 8874.22 8879.05 8877 8873.02 8871.88 8872.31 8874.49 8877.67 8882.06 8883.33 8889.09 8896.64 8905.41 8913.1 8920.54 8919.03 8890.46 8856.13 8836.55 8823.44 8812.62 8803.81 8796.27 8791.13 8786.82 8784.07 8781.51 8778.64 8787.26 8797.98 8806.84 8810.85 8807.79 8795.56 8780.16 8762.85 8744.88 8724.51 8702.92 8686 8672.76 8657.58 8645.63 8636.25 8626 8617.36 8610.51
9088.65 9064.77 9057.96 9052.31 9053.15 9052.55 9051.09 9051.26 9016.68 8970.69 8927.43 8890.16 8869.82 8869.78 8868.27 8866.1 8864.79 8865.58 8867.06 8869 8872.19 8877.74 8876.08 8874.88 8874.14 8874.08 8875.38 8877.39 8881.28 8884.06 8892.37 8903.17 8915.47 8929.14 8941.47 8943.96 8929.14 8918.43 8875.75 8848.92 8831.2 8818.09 8807.96 8798.47 8792.52 8784.01 8772.71 8762.72 8778.53 8800.65 8813.71 8818.69 8808.41 8789.54 8771.8 8761.65 8748.79 8735.54 8722.51 8700.57 8683.01 8678.04 8657.45 8639.74 8626.53 8616.9 8610.62
9099.72 9071.19 9065.7 9064 9060.99 9059.72 9057.6 9044.72 9011.69 8969.05 8927.51 8892.42 8871.71 8871.2 8869.11 8866.74 8865.16 8864.96 8865.97 8866.93 8867.06 8866.55 8870.97 8873.47 8874.84 8875.29 8875.02 8874.38 8873.31 8879.18 8892.33 8906.25 8922.32 8938.71 8954.16 8960.41 8942.11 8909.69 8889.45 8864.53 8845.13 8830.69 8819.74 8811.11 8802.51 8793.82 8782.7 8773.57 8787.2 8805.4 8818.34 8826.88 8802.95 8780.06 8760.86 8746.77 8738.73 8735.6 8729.85 8714.44 8690.4 8676.09 8656.28 8638.49 8625.15 8614.6 8606.67
9101.44 9068.4 9073.48 9069.26 9065.08 9062.35 9056.34 9037.83 9004.5 8963.01 8925.09 8893.53 8873 8872.88 8870.46 8867.51 8865.12 8865.01 8865.35 8865.44 8864.61 8864.06 8868.56 8872.32 8874.8 8875.98 8875.83 8873.71 8870.92 8877.55 8891.49 8907.56 8924.64 8941.69 8956.45 8963.87 8936.26 8905.21 8889 8873.26 8857.79 8842.77 8831.36 8821.14 8812.53 8804.47 8800.63 8804.81 8805.19 8808.96 8812.3 8814.96 8785.74 8763.17 8751.84 8737.6 8729.01 8727.71 8728.79 8709.45 8673.81 8640.86 8640.71 8632.59 8621.6 8610.19 8600.03
9098.49 9064.44 9061.76 9063.17 9065.81 9062.81 9053.61 9028.04 8989.36 8952.42 8920.65 8894.52 8877.32 8874.36 8871.42 8868.45 8865.54 8865.52 8866.05 8865.99 8865.77 8866.72 8869.48 8872.92 8875.9 8877.8 8878.3 8877.53 8877.15 8881.23 8891.8 8906.8 8922.94 8938.65 8948.39 8948.42 8919.86 8895.73 8888.1 8878.72 8867.62 8854.14 8839.09 8828.41 8818.41 8811.6 8811.18 8820.03 8812.61 8804.23 8795.04 8778.9 8747.54 8734.83 8725.33 8714.74 8706.15 8704.51 8697.59 8686.3 8670.69 8653.26 8639.45 8629.17 8617.47 8605.09 8592.51
9093.63 9072.99 9065.96 9066.49 9068.55 9063.66 9044.18 9008.27 8964.12 8939.53 8914.88 8893.85 8878.71 8873.3 8872.88 8870.85 8868.82 8868.08 8867.71 8867.61 8867.77 8869.1 8871.79 8875 8878.23 8880.82 8882.7 8883.39 8882.78 8884.74 8891.79 8905.44 8921.37 8935.47 8942.34 8931.47 8908.46 8898.9 8895.8 8887.67 8876.22 8862.17 8848.17 8835.76 8824.09 8814.98 8810.26 8805.22 8798.84 8793.77 8779.61 8760.1 8738.41 8729.87 8723.54 8714.54 8702.39 8690.79 8685.78 8680.75 8672.47 8661.39 8645.44 8631.33 8618.13 8603.69 8589.35
9101.45 9089.29 9082.96 9076.43 9075.24 9070.76 9054.87 9009.88 8964.79 8933.33 8911.34 8894.12 8882.05 8878.92 8876.78 8874.62 8873.2 8872.14 8870.81 8870.36 8870.4 8871.53 8874.17 8877.29 8880.84 8884.39 8887.75 8890.57 8887.85 8880.39 8889.13 8904.82 8923.17 8939.68 8951.32 8954.81 8943.38 8926.59 8914.33 8901.8 8887.84 8872.19 8858.46 8843.84 8830.35 8816.62 8804.9 8792.62 8786.43 8788.6 8780.27 8760.34 8759.21 8758.22 8751.73 8735.14 8714.24 8707.31 8698.71 8684.77 8673.15 8664.17 8647.65 8633.72 8619.77 8605.6 8590.22
9127.2 9098.64 9086.75 9084.02 9081.48 9078.06 9064.63 9013.73 8957.95 8929.84 8909.88 8895.37 8885.75 8881.24 8879.9 8878.37 8877.37 8875.92 8874.24 8873.53 8873.81 8874.79 8876.91 8879.75 8883.15 8886.89 8890.87 8894.43 8889.58 8881.75 8887.6 8905.2 8926.14 8946.82 8966.24 8985.32 8994.5 8965.35 8937.64 8916.84 8900.09 8883.64 8868.72 8852.13 8835.48 8819.87 8802.83 8787.04 8779.38 8791.24 8806.87 8807.18 8789 8774.01 8760.79 8738.31 8707.02 8686.7 8687.37 8669.4 8665.76 8659.17 8650.49 8637.79 8623.33 8608.84 8594.99
9147.81 9116.63 9096.44 9088.73 9083.74 9077.24 9060.53 9009.57 8957.71 8927.6 8911.24 8898.72 8889.42 8884.49 8883.34 8882.07 8879.63 8877.69 8877.9 8876.94 8875.16 8876.79 8879.19 8881.62 8884.64 8887.87 8891.25 8893.1 8887.74 8877.91 8885.64 8906.35 8929.21 8953.06 8975.49 8993.78 8999.55 8979.48 8952.62 8928.79 8908.41 8893.58 8877 8858.56 8840.18 8821.77 8802.89 8786.34 8778.41 8785.98 8801.89 8803.8 8781.41 8759.69 8747.73 8718.85 8683.94 8669.74 8687.01 8684.73 8674.47 8664.46 8654.04 8640.55 8626.48 8612.47 8600.44
