real_craters/C157-750m.grd
DSAA
152 152
-56.805 56.805
-56.805 56.805
7091.319520981 9993.0424818608
[rows 0 to 37 of 152, columns 0 to 83 of 152]
9067 9059 9033 9013 9000 9008 9007 8979 8960 8937 8922 8911 8897 8881 8866 8859 8861 8860 8857 8840 8835 8828 8819 8808 8804 8806 8806 8804 8798 8804 8834 8842 8844 8847 8847 8814 8774 8740 8713 8694 8677 8654 8635 8634 8633 8626 8615 8609 8603 8594 8584 8584 8580 8574 8569 8564 8562 8561 8560 8564 8557 8553 8553 8569 8575 8573 8569 8566 8554 8548 8548 8548 8557 8551 8552 8544 8536 8533 8530 8524 8522 8525 8525 8526
9081 9075 9064 9068 9073 9073 9102 9061 9020 8995 8965 8935 8912 8892 8878 8876 8863 8856 8852 8838 8828 8820 8813 8805 8796 8792 8787 8783 8779 8787 8811 8818 8820 8818 8812 8784 8753 8725 8698 8679 8666 8645 8630 8635 8631 8621 8616 8611 8603 8595 8587 8580 8575 8570 8564 8564 8563 8564 8565 8564 8565 8568 8571 8577 8583 8587 8575 8564 8560 8558 8557 8562 8567 8562 8550 8543 8537 8532 8525 8521 8519 8516 8513 8508
9077 9071 9076 9083 9083 9089 9102 9088 9056 9027 8991 8955 8923 8898 8878 8858 8849 8846 8850 8840 8824 8814 8809 8811 8798 8783 8772 8767 8766 8772 8787 8794 8791 8779 8750 8737 8727 8707 8684 8666 8656 8642 8636 8648 8640 8628 8626 8617 8601 8591 8587 8575 8571 8567 8565 8564 8565 8567 8570 8576 8580 8581 8580 8577 8577 8572 8576 8576 8569 8573 8587 8597 8591 8572 8558 8547 8539 8527 8516 8514 8519 8513 8505 8495
9077 9069 9081 9085 9085 9066 9062 9079 9073 9057 9014 8974 8937 8904 8871 8833 8831 8829 8825 8822 8818 8807 8795 8797 8781 8768 8759 8750 8750 8757 8771 8773 8763 8751 8733 8723 8714 8697 8679 8666 8659 8652 8648 8666 8659 8644 8632 8625 8585 8566 8564 8567 8563 8561 8563 8561 8564 8568 8575 8585 8588 8583 8574 8573 8577 8573 8579 8581 8572 8576 8600 8611 8612 8589 8565 8548 8558 8523 8512 8507 8519 8509 8501 8492
9076 9087 9075 9073 9073 9060 9059 9069 9069 9059 9023 8984 8949 8916 8884 8863 8836 8812 8802 8820 8825 8807 8778 8746 8753 8751 8743 8737 8731 8733 8735 8732 8736 8735 8734 8728 8709 8694 8684 8675 8675 8672 8658 8686 8696 8656 8612 8564 8555 8544 8548 8551 8550 8549 8550 8555 8560 8567 8574 8583 8586 8579 8571 8569 8570 8574 8580 8583 8568 8565 8565 8565 8583 8573 8562 8541 8543 8518 8508 8516 8503 8501 8498 8496
9062 9048 9048 9053 9059 9052 9047 9045 9047 9036 9014 8985 8954 8921 8887 8859 8817 8790 8780 8817 8835 8820 8779 8746 8743 8741 8734 8724 8717 8712 8709 8708 8717 8720 8722 8712 8697 8682 8675 8669 8671 8675 8669 8697 8703 8653 8598 8549 8543 8541 8532 8535 8538 8539 8542 8549 8556 8563 8571 8576 8574 8569 8565 8565 8567 8563 8574 8583 8570 8558 8552 8554 8555 8552 8550 8533 8519 8504 8495 8484 8486 8492 8496 8499
9048 9032 9025 9025 9024 9024 9012 9024 9025 9018 9001 8980 8957 8926 8888 8831 8799 8788 8790 8848 8888 8856 8806 8760 8755 8745 8731 8713 8700 8699 8701 8704 8706 8705 8703 8698 8680 8662 8649 8650 8647 8652 8652 8664 8659 8625 8593 8569 8552 8539 8523 8524 8527 8531 8535 8542 8551 8558 8565 8570 8574 8568 8565 8561 8552 8554 8568 8584 8576 8551 8533 8537 8541 8543 8540 8518 8492 8488 8485 8479 8483 8488 8493 8497
9034 9017 9006 9002 8999 9004 9002 9000 8996 8994 8987 8975 8959 8939 8914 8890 8862 8819 8815 8882 8937 8894 8851 8812 8785 8762 8740 8716 8690 8677 8684 8701 8692 8689 8687 8676 8666 8645 8628 8631 8631 8624 8620 8616 8609 8592 8588 8588 8565 8534 8523 8521 8520 8517 8524 8535 8545 8553 8559 8562 8560 8560 8554 8549 8540 8537 8540 8563 8562 8541 8532 8529 8536 8542 8525 8506 8489 8487 8484 8480 8483 8487 8492 8497
9020 9006 8996 8988 8985 9011 9007 8996 8988 8984 8979 8971 8961 8950 8942 8940 8922 8867 8850 8889 8911 8909 8894 8858 8817 8784 8756 8726 8691 8665 8658 8650 8660 8668 8675 8680 8661 8636 8621 8625 8628 8613 8607 8598 8578 8576 8579 8579 8563 8540 8531 8524 8520 8517 8523 8532 8540 8547 8552 8556 8557 8545 8544 8544 8547 8532 8535 8547 8541 8536 8532 8542 8549 8537 8513 8501 8492 8492 8490 8486 8484 8489 8497 8502
9007 8998 8990 8980 8977 8996 8996 8988 8977 8975 8973 8968 8962 8960 8960 8964 8955 8930 8904 8899 8907 8906 8919 8883 8834 8801 8774 8746 8713 8672 8645 8633 8638 8647 8656 8658 8645 8630 8621 8621 8621 8614 8606 8598 8581 8570 8568 8563 8559 8554 8539 8530 8525 8522 8526 8533 8539 8545 8549 8551 8549 8537 8540 8543 8549 8534 8529 8546 8539 8539 8541 8548 8553 8538 8511 8501 8499 8504 8501 8494 8489 8496 8504 8513
8987 8984 8985 8971 8961 8950 8968 8985 8980 8974 8970 8967 8963 8963 8966 8974 8979 8950 8920 8898 8882 8880 8870 8858 8831 8806 8785 8767 8745 8688 8648 8631 8627 8632 8637 8634 8630 8623 8621 8624 8623 8629 8612 8596 8594 8573 8565 8559 8555 8550 8539 8535 8533 8534 8533 8537 8541 8544 8547 8548 8545 8537 8537 8538 8539 8532 8529 8553 8552 8552 8545 8534 8530 8526 8514 8515 8518 8521 8519 8509 8503 8507 8511 8515
8962 8959 8957 8954 8948 8942 8958 8978 8984 8980 8971 8965 8959 8956 8956 8952 8942 8955 8914 8881 8862 8843 8852 8824 8807 8793 8779 8767 8744 8694 8652 8631 8622 8624 8626 8624 8621 8620 8623 8627 8635 8641 8617 8600 8605 8584 8569 8559 8551 8544 8541 8541 8540 8540 8541 8542 8545 8547 8548 8548 8548 8543 8540 8539 8539 8533 8532 8568 8583 8582 8562 8536 8518 8522 8525 8544 8556 8552 8541 8532 8524 8520 8522 8523
8937 8923 8925 8924 8940 8941 8961 8975 8985 8979 8968 8960 8953 8946 8938 8925 8900 8890 8884 8856 8810 8781 8769 8779 8777 8770 8761 8751 8731 8695 8661 8638 8625 8625 8625 8623 8622 8624 8631 8639 8643 8639 8617 8607 8607 8584 8573 8564 8553 8551 8549 8548 8547 8547 8548 8549 8549 8549 8548 8548 8549 8549 8545 8543 8542 8538 8540 8559 8591 8576 8561 8541 8519 8526 8537 8563 8575 8574 8556 8549 8549 8537 8540 8543
8913 8880 8848 8887 8945 8972 8973 8972 8977 8974 8964 8955 8944 8934 8926 8912 8900 8879 8867 8846 8818 8780 8745 8750 8753 8749 8741 8731 8715 8698 8678 8653 8636 8635 8634 8635 8638 8648 8645 8646 8640 8624 8612 8608 8604 8595 8582 8572 8571 8557 8556 8556 8558 8557 8556 8556 8556 8555 8554 8551 8550 8552 8551 8548 8545 8543 8545 8546 8559 8557 8560 8557 8528 8535 8546 8542 8555 8555 8551 8556 8565 8559 8565 8566
8902 8858 8832 8871 8943 8959 8959 8972 8970 8969 8962 8951 8939 8921 8909 8898 8892 8881 8870 8857 8835 8783 8741 8746 8743 8735 8722 8708 8702 8697 8688 8673 8663 8652 8647 8645 8645 8640 8647 8644 8630 8627 8607 8604 8603 8597 8587 8578 8567 8570 8567 8565 8562 8564 8566 8567 8565 8564 8561 8557 8554 8561 8558 8554 8549 8551 8548 8550 8554 8562 8570 8569 8547 8545 8537 8535 8542 8539 8542 8555 8562 8568 8572 8571
8897 8851 8825 8860 8943 8940 8963 8978 8969 8964 8950 8933 8915 8902 8892 8884 8881 8875 8875 8871 8874 8885 8803 8764 8745 8729 8713 8695 8692 8697 8699 8686 8677 8667 8658 8650 8641 8643 8653 8646 8635 8633 8613 8615 8613 8605 8597 8590 8580 8576 8577 8577 8573 8575 8576 8576 8576 8575 8573 8569 8565 8567 8565 8558 8564 8567 8568 8570 8570 8573 8578 8578 8572 8568 8556 8553 8550 8545 8546 8559 8571 8585 8564 8561
8895 8854 8825 8836 8881 8925 8947 8944 8967 8959 8936 8915 8899 8886 8877 8870 8872 8880 8882 8872 8857 8829 8808 8776 8753 8734 8716 8704 8696 8695 8693 8689 8683 8678 8670 8662 8659 8660 8666 8654 8650 8641 8625 8629 8625 8615 8607 8606 8605 8588 8587 8589 8595 8589 8586 8586 8587 8588 8589 8589 8589 8590 8588 8585 8591 8586 8585 8582 8576 8575 8575 8577 8582 8582 8575 8574 8563 8554 8554 8567 8582 8582 8571 8566
8896 8861 8822 8804 8834 8875 8873 8905 8942 8937 8909 8888 8872 8864 8858 8854 8855 8896 8885 8865 8837 8800 8786 8775 8758 8743 8723 8697 8701 8697 8691 8691 8695 8689 8681 8672 8665 8666 8663 8657 8650 8651 8651 8643 8633 8626 8622 8613 8606 8601 8596 8594 8594 8594 8594 8595 8599 8604 8608 8610 8612 8622 8619 8613 8603 8591 8589 8581 8569 8561 8561 8564 8573 8575 8576 8578 8564 8558 8563 8569 8580 8584 8574 8570
8921 8885 8841 8801 8776 8768 8741 8812 8865 8870 8856 8848 8844 8842 8839 8843 8853 8875 8876 8856 8830 8803 8789 8781 8770 8758 8748 8737 8720 8706 8692 8697 8701 8700 8692 8681 8668 8666 8669 8651 8637 8648 8657 8646 8638 8627 8617 8614 8611 8603 8602 8599 8595 8599 8601 8605 8610 8617 8625 8633 8636 8637 8623 8602 8589 8581 8575 8572 8564 8555 8553 8557 8561 8557 8552 8550 8556 8560 8560 8565 8573 8579 8581 8575
8954 8918 8878 8838 8756 8726 8709 8734 8753 8761 8789 8804 8809 8812 8817 8830 8848 8867 8867 8851 8833 8811 8797 8780 8769 8761 8759 8755 8738 8721 8706 8712 8717 8712 8702 8688 8680 8664 8658 8646 8625 8628 8646 8649 8638 8627 8616 8614 8616 8604 8606 8610 8616 8608 8608 8612 8617 8625 8636 8645 8644 8630 8612 8596 8581 8572 8565 8563 8559 8550 8546 8551 8552 8550 8542 8538 8551 8563 8563 8562 8566 8570 8582 8576
8979 8953 8925 8901 8843 8766 8713 8709 8703 8709 8741 8764 8777 8786 8792 8809 8840 8851 8852 8842 8829 8818 8793 8771 8758 8754 8756 8752 8741 8736 8740 8734 8735 8729 8704 8687 8669 8650 8645 8634 8617 8616 8631 8646 8636 8626 8618 8611 8608 8611 8608 8605 8607 8610 8612 8616 8622 8629 8640 8652 8641 8619 8603 8593 8577 8568 8562 8554 8548 8542 8539 8545 8550 8549 8547 8536 8553 8562 8569 8565 8564 8563 8573 8572
8991 8976 8964 8959 8920 8837 8760 8728 8715 8707 8728 8748 8761 8763 8763 8761 8778 8818 8827 8821 8815 8795 8768 8752 8742 8737 8740 8739 8736 8737 8737 8731 8723 8710 8691 8678 8670 8640 8627 8622 8618 8618 8621 8627 8629 8625 8620 8615 8609 8609 8610 8607 8606 8611 8613 8617 8620 8622 8625 8639 8625 8604 8587 8580 8571 8566 8561 8547 8544 8535 8532 8538 8543 8543 8537 8540 8548 8558 8565 8565 8564 8569 8570 8560
8999 8989 8981 8980 8961 8912 8872 8814 8780 8764 8751 8758 8762 8757 8742 8718 8714 8761 8782 8785 8790 8773 8739 8728 8723 8717 8710 8715 8723 8727 8728 8719 8697 8671 8670 8661 8650 8643 8626 8621 8624 8640 8624 8621 8627 8626 8620 8617 8611 8611 8613 8620 8614 8611 8612 8615 8617 8616 8604 8560 8584 8587 8576 8569 8565 8562 8555 8542 8548 8532 8523 8528 8536 8539 8527 8525 8535 8547 8554 8553 8558 8567 8555 8545
9003 8994 8985 8976 8970 8957 8955 8938 8856 8796 8791 8792 8788 8775 8755 8721 8706 8720 8730 8737 8733 8724 8707 8708 8708 8704 8696 8702 8711 8716 8717 8705 8687 8670 8664 8654 8645 8641 8634 8619 8621 8648 8644 8634 8633 8632 8630 8625 8621 8617 8614 8608 8608 8609 8610 8613 8615 8617 8620 8636 8596 8582 8568 8558 8552 8541 8529 8527 8529 8527 8524 8531 8534 8537 8525 8524 8528 8534 8537 8533 8536 8542 8535 8529
9002 8994 8986 8980 8975 8969 8953 8944 8911 8871 8858 8843 8828 8812 8794 8767 8737 8714 8701 8704 8704 8700 8700 8702 8706 8703 8700 8704 8708 8706 8694 8688 8686 8683 8669 8655 8649 8649 8641 8624 8625 8646 8653 8646 8640 8638 8641 8638 8625 8621 8613 8601 8602 8606 8608 8609 8611 8615 8621 8623 8601 8578 8558 8546 8534 8518 8516 8522 8523 8525 8522 8531 8528 8523 8515 8516 8520 8521 8522 8517 8512 8507 8513 8515
8998 8993 8987 8980 8981 8978 8969 8954 8953 8956 8927 8897 8876 8857 8843 8830 8786 8731 8694 8696 8701 8702 8702 8709 8717 8715 8709 8712 8714 8709 8698 8690 8687 8680 8675 8667 8663 8666 8655 8636 8633 8634 8638 8645 8642 8639 8635 8619 8609 8605 8601 8602 8602 8604 8604 8605 8605 8604 8603 8599 8589 8573 8551 8537 8524 8515 8514 8526 8534 8530 8521 8527 8521 8511 8508 8506 8510 8510 8507 8502 8499 8496 8505 8504
8997 8995 8991 8989 8987 8982 8976 8971 8975 8970 8955 8935 8916 8899 8882 8855 8816 8762 8710 8720 8714 8726 8717 8734 8746 8745 8729 8734 8728 8719 8713 8705 8694 8684 8688 8707 8694 8678 8663 8647 8636 8647 8657 8647 8640 8635 8627 8614 8602 8598 8598 8604 8602 8601 8601 8600 8598 8594 8587 8582 8580 8570 8549 8533 8519 8508 8510 8518 8527 8542 8544 8529 8515 8504 8505 8503 8504 8507 8504 8498 8498 8495 8501 8501
9004 9001 8998 8993 8989 8988 8985 8985 8986 8980 8970 8954 8938 8925 8914 8887 8861 8821 8793 8787 8795 8780 8785 8784 8784 8792 8791 8763 8747 8734 8722 8710 8703 8697 8694 8690 8683 8661 8658 8660 8643 8634 8637 8635 8631 8626 8620 8610 8600 8598 8602 8607 8603 8601 8598 8594 8591 8586 8581 8578 8576 8571 8547 8528 8515 8509 8510 8520 8522 8527 8526 8521 8510 8499 8505 8503 8509 8511 8510 8510 8503 8505 8494 8488
9011 9009 9006 9003 9001 8999 8998 8991 8990 8988 8979 8963 8944 8937 8943 8949 8911 8890 8874 8855 8831 8826 8828 8820 8807 8806 8797 8775 8758 8747 8741 8732 8712 8698 8688 8682 8690 8684 8687 8675 8648 8626 8621 8622 8620 8617 8613 8603 8598 8601 8602 8602 8599 8594 8590 8586 8583 8579 8573 8572 8575 8576 8550 8525 8517 8509 8521 8530 8531 8528 8516 8514 8507 8503 8497 8500 8509 8516 8515 8509 8498 8487 8483 8482
9021 9021 9018 9010 9004 9002 9006 9001 9000 8993 8983 8958 8935 8924 8928 8943 8922 8922 8939 8907 8873 8855 8843 8828 8811 8800 8789 8776 8763 8753 8752 8750 8715 8695 8690 8701 8722 8726 8708 8675 8659 8634 8618 8615 8613 8609 8604 8605 8600 8601 8601 8602 8594 8587 8582 8578 8576 8576 8575 8570 8565 8558 8542 8532 8535 8535 8538 8534 8535 8526 8518 8514 8507 8496 8491 8501 8520 8522 8522 8513 8510 8507 8497 8484
9043 9032 9024 9018 9014 9018 9018 9017 9002 8972 8982 8934 8913 8898 8881 8877 8902 8920 8933 8930 8901 8873 8849 8826 8808 8793 8782 8773 8764 8751 8733 8713 8708 8700 8700 8745 8733 8715 8693 8685 8664 8641 8622 8612 8606 8601 8598 8591 8590 8593 8607 8594 8582 8577 8574 8571 8569 8569 8578 8563 8552 8538 8536 8542 8560 8574 8566 8564 8546 8537 8530 8528 8515 8501 8506 8511 8514 8533 8550 8551 8549 8545 8535 8513
9047 9037 9027 9026 9025 9027 9012 9000 8921 8905 8878 8892 8891 8880 8863 8863 8881 8896 8901 8917 8907 8879 8856 8833 8806 8787 8777 8772 8765 8753 8730 8701 8723 8728 8733 8753 8739 8730 8719 8694 8671 8642 8624 8613 8603 8594 8582 8573 8572 8569 8558 8561 8565 8566 8565 8563 8558 8549 8537 8544 8541 8536 8536 8539 8565 8585 8581 8566 8569 8573 8566 8552 8530 8520 8513 8528 8554 8580 8593 8612 8609 8595 8589 8558
9050 9041 9033 9034 9034 9029 8986 8919 8874 8876 8881 8880 8878 8871 8863 8863 8873 8877 8872 8868 8883 8878 8861 8833 8807 8785 8780 8777 8772 8766 8765 8779 8765 8767 8780 8772 8751 8739 8718 8690 8665 8638 8624 8614 8603 8593 8583 8575 8568 8553 8534 8542 8551 8557 8559 8558 8552 8542 8531 8535 8534 8536 8544 8552 8569 8580 8575 8565 8577 8592 8597 8581 8552 8534 8544 8564 8599 8627 8628 8633 8625 8627 8622 8593
9063 9051 9044 9041 9040 9030 8971 8905 8874 8873 8876 8875 8874 8872 8869 8869 8870 8873 8877 8876 8881 8886 8881 8861 8831 8794 8793 8789 8784 8780 8786 8796 8791 8792 8798 8794 8775 8748 8713 8687 8664 8648 8630 8617 8607 8596 8593 8590 8577 8554 8538 8538 8547 8553 8557 8557 8556 8552 8545 8542 8537 8542 8560 8578 8586 8582 8569 8560 8577 8596 8597 8590 8592 8594 8588 8597 8619 8640 8639 8638 8655 8641 8627 8607
9080 9059 9048 9047 9037 9021 8968 8904 8869 8870 8867 8867 8869 8872 8879 8875 8873 8873 8878 8881 8891 8903 8916 8926 8894 8849 8825 8809 8797 8788 8783 8776 8788 8805 8811 8801 8778 8752 8723 8694 8672 8649 8635 8620 8610 8602 8597 8596 8584 8557 8540 8542 8548 8553 8557 8559 8561 8564 8565 8556 8555 8567 8579 8591 8599 8594 8581 8581 8575 8580 8584 8605 8621 8625 8611 8610 8618 8624 8632 8639 8645 8642 8627 8616
9096 9064 9059 9058 9057 9037 8969 8908 8871 8870 8866 8865 8866 8868 8870 8874 8875 8875 8876 8881 8894 8914 8937 8956 8939 8901 8857 8833 8815 8802 8788 8769 8785 8812 8824 8792 8763 8746 8736 8718 8691 8670 8638 8619 8608 8610 8627 8596 8571 8565 8558 8551 8560 8562 8563 8566 8568 8566 8567 8567 8575 8588 8594 8604 8613 8607 8603 8599 8599 8608 8606 8629 8639 8625 8609 8598 8599 8606 8621 8632 8655 8632 8622 8613
9101 9068 9068 9064 9056 9026 8961 8908 8874 8872 8867 8865 8865 8865 8865 8871 8875 8877 8874 8873 8893 8916 8942 8962 8931 8895 8872 8851 8832 8817 8805 8805 8807 8810 8810 8766 8747 8729 8726 8716 8669 8640 8631 8614 8598 8588 8574 8583 8579 8567 8572 8593 8578 8569 8567 8567 8571 8580 8578 8576 8566 8594 8605 8611 8614 8619 8614 8606 8595 8601 8616 8630 8633 8613 8595 8587 8586 8598 8610 8612 8633 8620 8621 8624
9095 9062 9064 9066 9047 8992 8943 8904 8878 8873 8870 8867 8867 8867 8868 8873 8877 8881 8881 8882 8893 8915 8937 8941 8909 8894 8883 8865 8842 8824 8813 8813 8804 8790 8763 8731 8718 8704 8690 8680 8670 8649 8629 8609 8588 8567 8575 8574 8576 8573 8573 8580 8576 8572 8571 8572 8574 8577 8586 8596 8607 8611 8618 8625 8633 8631 8627 8627 8618 8592 8611 8625 8621 8600 8586 8578 8580 8591 8599 8601 8609 8616 8619 8624
