real_craters/C157-300m.grd
DSAA
380 380
-56.805 56.805
-56.805 56.805
7089.6956156398 10000.888244749
[rows 240 to 269 of 380, columns 201 to 267 of 380]
8997.26 9009.74 9026.65 9048.42 9076.11 9108.22 9136.3 9140.56 9129.74 9117.87 9107.45 9109.46 9131.29 9120.06 9129.21 9143.93 9144.88 9134.13 9119.9 9101.63 9109.08 9097.61 9082.21 9063.17 9041.64 9015.59 8986.85 8959.15 8932.25 8911.7 8900.39 8886.95 8875.28 8859.72 8847.81 8833.99 8820.6 8806.5 8790.04 8775.97 8761.8 8749.56 8735.18 8719.09 8705.12 8696.43 8693.44 8693.89 8703.2 8703.14 8703 8702.62 8701.96 8701.5 8700.11 8698.64 8696.36 8693.81 8691.19 8689.74 8690.32 8692.54 8695.59 8699.05 8703.38 8707.13 8709.04
9054.58 9050.57 9053.68 9060.99 9071.12 9082.88 9086.42 9079.75 9073.14 9078.65 9090.54 9105.36 9114.28 9113.11 9119.05 9118.12 9110.53 9100.19 9087.81 9081.77 9067.11 9048.38 9031.5 9007.41 8987.25 8965.98 8937.74 8906.33 8875.66 8860.38 8872.02 8875.89 8861.2 8847.16 8834.89 8821.71 8808.26 8796.29 8782.89 8769.49 8756.28 8743.93 8734.79 8721.39 8711.14 8702.46 8699.31 8705.15 8704.64 8704.17 8703.94 8703.54 8703.03 8702.68 8701.42 8699.71 8697.33 8694.1 8690.43 8686.56 8684.59 8690.23 8696.56 8702.46 8709.9 8719.26 8727.54
9095.91 9077.05 9066.03 9060.72 9058.45 9057.56 9045.23 9029.56 9020.82 9045.11 9080.58 9105.88 9151.81 9166.78 9133.24 9105 9084.15 9067.23 9053.5 9042.65 9024.34 9001.97 8989.3 8971.22 8950.82 8926.85 8898.53 8866.81 8841.44 8834.29 8839.93 8844.41 8845.88 8838.24 8828.85 8818.2 8806.18 8794.73 8782.06 8768.46 8757.12 8745.08 8736.52 8725.57 8722.19 8710.97 8705.61 8709.98 8709.39 8709.49 8709.46 8709.24 8708.85 8707.91 8706.6 8704.59 8701.97 8698.26 8693.77 8688.55 8685.99 8692.01 8698.39 8705.24 8713.33 8724.2 8733.93
9115.24 9084.71 9065.89 9055.66 9045.73 9035.51 9020.85 9001.59 8998.51 9031.46 9079.65 9146.81 9200.57 9186.22 9122.58 9080.2 9052.51 9030.69 9012.66 8995.32 8976.22 8959.55 8954.52 8952.08 8923.74 8896.49 8869.41 8844.22 8830.48 8835.43 8837.05 8836.88 8836.63 8831.46 8822.82 8813.85 8803.09 8791.68 8780.81 8768.26 8755.87 8744.19 8732.67 8722.16 8719.92 8710.54 8706.61 8712.95 8712.97 8713.66 8713.92 8714.01 8713.75 8713.39 8711.88 8710.09 8707.54 8704.79 8700.91 8696.9 8695.29 8698.52 8702.72 8707.81 8713.37 8719.17 8725.11
9108.8 9077.22 9059.75 9044.7 9034.85 9023.22 9009.64 8994.26 9002.34 9027.94 9059.87 9094.72 9117.53 9095.62 9066.47 9036.63 9012.18 8990.62 8970.66 8950.04 8929.74 8922.77 8918.04 8903.38 8891.1 8868.24 8845.06 8827.1 8824.06 8841.04 8846.02 8840.02 8831.23 8823.58 8814.75 8806.36 8796.96 8786.88 8776.81 8765.68 8754.1 8742.12 8727.2 8713.48 8702.6 8704.43 8707.11 8715.63 8716.9 8718.19 8718.84 8719.23 8719.01 8719.17 8718.37 8717.71 8715.8 8712.8 8709.95 8708.9 8708.13 8707.5 8708.74 8711.32 8713.49 8714.53 8718.35
9074.19 9052.43 9040.99 9031.27 9024.74 9018.55 9014.27 9014.38 9025.28 9025.77 9026.53 9020.8 9015.79 9002.71 8996.91 8983.3 8966.51 8947.96 8929.71 8908.91 8887.61 8886.83 8888.14 8885.22 8863.77 8842.02 8821.16 8805.65 8804.13 8829.42 8856.76 8837.66 8822.26 8813.65 8805.18 8797 8791.26 8782.47 8773.29 8763.88 8753.17 8741.37 8726.47 8712.27 8702.74 8705.23 8710.68 8718.83 8720.72 8722.1 8723.06 8723.73 8725.54 8725.8 8725.7 8724.95 8724.1 8722.15 8719.24 8715.26 8715.27 8716.09 8716.26 8716.7 8716.84 8716.71 8720.2
9022.1 9017.18 9013.88 9010.41 9008.51 9011.94 9019.81 9032.71 9034.97 9018.76 8996.33 8971.95 8956.01 8940.63 8934.19 8929.77 8920.88 8907.92 8892.85 8875.81 8859.21 8853.02 8857.54 8854.65 8835.97 8816.93 8798.46 8781.77 8771.49 8791.91 8814.81 8810.35 8802.83 8799.03 8793.32 8787.37 8782.64 8775.77 8768.47 8760.6 8753.42 8743.61 8729.88 8718.55 8711.33 8713.81 8720.1 8724.99 8726.81 8729.07 8730.4 8731.5 8731.85 8732.66 8733.25 8733.68 8733.97 8733.49 8731.38 8726.81 8726.32 8726.42 8725.09 8724.29 8723.41 8723.2 8726.3
8971.16 8980.12 8984.92 8988.19 8991.07 8996.71 9011.98 9038.2 9039.69 9004.26 8968.11 8935.41 8911.84 8887.17 8884.51 8885.23 8881.53 8872.59 8861.13 8847.82 8838.22 8833.84 8823.57 8816.69 8805.97 8792.86 8778.06 8763.36 8752.95 8752.01 8756.74 8773.29 8777.37 8781.01 8779.3 8776.26 8772.33 8768.33 8763.3 8757.91 8752.2 8746.76 8737.56 8730.84 8725.82 8725.56 8730.14 8732.75 8734.11 8735.6 8736.89 8738.25 8738.95 8740.34 8741.91 8743.39 8744.62 8745.83 8746.67 8747.53 8743.25 8738.95 8734.94 8732.56 8731.54 8733.25 8734.57
8935.65 8947.83 8957.95 8962.01 8964.59 8970.45 8980.21 8997.34 9008.81 8975.5 8936.88 8900.36 8870.03 8853.51 8851.7 8852.58 8850.31 8843.11 8834.72 8825 8812.19 8800.79 8788.75 8782.55 8779.61 8771.92 8761.29 8750.5 8742.11 8735.26 8736.63 8749.09 8757.31 8763.63 8764.72 8763.93 8762.03 8761.9 8759.06 8756.08 8753.25 8750.86 8746.86 8746.17 8742.22 8737.87 8740.09 8739.75 8740.53 8741.64 8742.96 8744.51 8746.33 8748.23 8750.21 8752.62 8754.94 8757.43 8760.6 8761.58 8757.36 8750.62 8744.43 8740.12 8737.59 8739.14 8740.48
8918.15 8927.04 8933.97 8937.31 8936.86 8935.97 8934.07 8933.71 8951.59 8931.22 8901.76 8872.41 8849.08 8842.1 8833.5 8830.51 8827.54 8822.95 8815.79 8806.68 8794.6 8781.56 8768.93 8764.49 8762.86 8757.27 8749.54 8741.33 8734.77 8729.55 8729.83 8737.17 8744.7 8751.68 8755.02 8756.21 8756.16 8755.36 8754.11 8753.14 8752.74 8753.52 8754.29 8757.75 8753.87 8749.8 8747.77 8745.96 8746.04 8746.84 8748.3 8750.02 8752.4 8754.53 8757.14 8760.25 8762.97 8767.38 8772.02 8773.61 8767.87 8760.45 8752.45 8746.49 8740.99 8738.56 8743.25
8914.79 8914.47 8914.59 8912.03 8909.42 8902.68 8891.55 8880.04 8888.77 8880.67 8864.43 8846.46 8834.51 8825.29 8817.84 8814.86 8812.49 8809.1 8803.55 8795.8 8784.44 8771.71 8763.07 8758.8 8755.45 8750.37 8743.46 8735.65 8729.22 8724.98 8726.06 8731.54 8737.45 8744.65 8747.63 8749.87 8751.15 8751.67 8751.78 8751.18 8752.06 8753.81 8756.29 8764.21 8758.62 8754.95 8752.76 8751.99 8751.1 8752.11 8753.61 8755.44 8757.68 8760.25 8761.71 8765.25 8769.63 8774.53 8780.01 8782.18 8775.34 8766.67 8759.11 8752.49 8746.97 8744.45 8748.76
8916.99 8905.44 8896.21 8890.79 8883.85 8873.85 8861.34 8846.48 8836.12 8835.7 8830.69 8820.6 8808.71 8808.32 8803.78 8802.91 8801.96 8800.16 8796.8 8791.53 8782.8 8770.76 8765.9 8761.21 8755.68 8749.14 8741.72 8733.94 8727.28 8723.55 8724.58 8727.45 8732.1 8736.18 8738.54 8741.09 8746.75 8748.17 8749.07 8749.39 8749.84 8749.07 8750.09 8752.49 8754 8754.32 8754.4 8754.68 8754.35 8755.82 8757.55 8759.67 8760.11 8762.84 8766.11 8769.5 8773.28 8777.66 8782.11 8783.26 8778.57 8771.28 8764.2 8758.02 8754.54 8754.62 8756.52
8910.04 8892.66 8879.96 8871.75 8862.4 8851.71 8839.78 8824.95 8806.08 8807.11 8807.47 8802.39 8795.44 8795.11 8793.76 8794.3 8794.68 8794.77 8793.84 8792.09 8790.02 8785.83 8774.48 8768.31 8758.86 8749.4 8740.83 8733 8726.59 8723.03 8723.73 8725.29 8727.63 8729.64 8731.64 8733.59 8735.69 8737.72 8739.64 8745.09 8745.66 8744.16 8742.32 8740.67 8747.74 8752.37 8755.06 8756.74 8756.9 8756.76 8758.64 8761 8763.45 8766.28 8768.55 8771.62 8774.64 8777.78 8781.29 8782.2 8779.26 8774.41 8769.05 8762.68 8758.33 8758.87 8763.1
8885.29 8872.51 8863.03 8853.43 8844.58 8834.54 8823.7 8812.28 8799.22 8796.92 8797.09 8795.49 8793.55 8792.62 8789.06 8789.58 8791.12 8792.37 8793.2 8794.35 8797.17 8805.18 8799.86 8775.96 8761.94 8750.94 8741.33 8732.93 8726.29 8722.36 8723.63 8724.79 8726.39 8728.26 8730.36 8732.96 8735.17 8737.38 8739.33 8740.97 8741.91 8741.71 8740.8 8740.52 8746.41 8751.81 8754.62 8757.12 8759.35 8760.12 8762.36 8763.95 8766.42 8768.61 8770.7 8773.29 8775.53 8776.75 8775.46 8777.97 8779.65 8778.67 8774.24 8768.35 8762.21 8763.24 8770.37
8853.28 8848.87 8842.69 8836.85 8828.61 8820.36 8811.63 8804.15 8799.12 8796.55 8795.54 8796.04 8800.17 8798.67 8789.14 8787.99 8789.66 8791.29 8792.92 8794.29 8796.01 8794.99 8781.61 8774.07 8762.99 8752.35 8742.57 8733.68 8726.28 8722.59 8723.39 8724.04 8726.27 8728.54 8730.96 8733.08 8735.59 8737.8 8739.8 8741.72 8742.95 8742.88 8744.08 8746.12 8748.83 8753.2 8756.05 8758.77 8761.65 8761.54 8763.9 8765.92 8768.37 8770.65 8773.07 8775.28 8776.77 8778.32 8778.67 8780.2 8782.73 8783.58 8781.18 8778.13 8774.84 8775.99 8781.18
8827.22 8827.52 8825.86 8822.22 8817.69 8811.17 8804.25 8799.61 8799.13 8797.96 8797.56 8800.55 8808.36 8806.17 8792.27 8789.73 8790.5 8791.8 8792.28 8792.08 8790.71 8788.39 8778.3 8771.08 8762.17 8752.6 8742.99 8734.38 8726.91 8723.01 8724.23 8724.24 8726.44 8728.64 8731.04 8733.99 8736.51 8738.73 8740.9 8742.78 8744.46 8744.79 8746.95 8749.12 8751.75 8754.55 8757.54 8760.39 8762.89 8763.28 8765.78 8767.54 8770.07 8772.61 8774.98 8776.61 8778.55 8781.47 8786.12 8786.56 8787.99 8788.17 8789.16 8790.5 8794.14 8793.19 8793.79
8808.65 8812.27 8813.86 8813.23 8810.64 8806.28 8801.21 8799.19 8799.76 8800.08 8800.33 8801.08 8812.28 8813.73 8799.81 8793.94 8793.06 8792.72 8791.53 8789.27 8785.65 8779.13 8778.11 8769.26 8760.2 8751.56 8743.23 8735.68 8729.63 8728.75 8729.5 8727.01 8727.56 8729.66 8732.2 8735.12 8737.98 8740.56 8742.91 8745.12 8746.79 8747.38 8749.49 8751.74 8754.43 8756.48 8759.04 8761.72 8763.92 8766.43 8766.77 8769.03 8771.64 8773.64 8776.22 8778.93 8780.38 8781.36 8783.26 8788.23 8792.66 8794.53 8797.03 8799.47 8803.07 8804.02 8804.7
8799.14 8803.49 8806.61 8808.56 8808.22 8805.95 8801.6 8802.44 8805.64 8806.7 8805.37 8805.79 8813.49 8815.98 8806.63 8800.57 8797.57 8794.89 8791.84 8788.07 8782.77 8776.52 8769.68 8764.92 8757.25 8750.36 8743.67 8737.6 8732.78 8732.42 8731.96 8727.78 8729.03 8731.03 8733.64 8736.5 8739.63 8742.43 8745.34 8747.62 8749.48 8750.4 8751.26 8754.17 8757.36 8758.89 8761.13 8763.28 8765.65 8767.43 8767.02 8769.52 8772.9 8775.8 8778.79 8781.56 8783.33 8782.69 8781.79 8790.77 8797.75 8800.95 8804.67 8807.11 8807.33 8810.99 8813.38
8797.56 8800.28 8803.47 8806.3 8808.44 8810.07 8810.42 8811.25 8813.78 8814.66 8811.65 8807.68 8813.42 8816.07 8809.49 8807.73 8802.35 8797.75 8793.18 8788.16 8781.59 8774.15 8763.29 8760.09 8754.45 8749.62 8744.49 8739.87 8735.92 8733.47 8731.48 8730.19 8730.85 8732.73 8735.48 8738.9 8742.06 8745.08 8747.85 8750.39 8752.6 8754.09 8755.98 8758.04 8760.46 8761.4 8762.94 8764.07 8766.51 8768.69 8768.56 8771.03 8773.99 8777.2 8780.79 8784.91 8789.05 8792.27 8794.18 8799.33 8804.38 8809.49 8812.09 8817.1 8820.49 8820.4 8821.12
8799.18 8799.8 8802.92 8806.62 8810.46 8815.44 8821.29 8820.3 8821.14 8822.82 8818.42 8816.77 8812.88 8808.04 8812.71 8810.61 8805.06 8800.28 8795.61 8790.5 8783.62 8772.27 8769.02 8759.39 8753.82 8749.55 8745.64 8742.44 8739.77 8734.97 8731.09 8731.02 8733.2 8735.55 8738.85 8742.22 8745.68 8748.62 8751.54 8754.09 8755.9 8758.11 8760.62 8761.96 8763.64 8764.36 8765.81 8766.87 8768.29 8768.88 8770.61 8771.32 8774.92 8778.16 8782.24 8787.57 8795.01 8804.41 8809.21 8808.49 8810.21 8814.5 8817.79 8823.89 8827.49 8827.23 8826.96
8799.1 8800.42 8804.1 8808.14 8812.5 8816.11 8820.31 8821.83 8822.83 8824.04 8819.73 8815.24 8819.83 8821.7 8815.24 8809.58 8804.1 8800.17 8797.21 8793.87 8790.75 8785.61 8773.79 8759.91 8755.58 8751.89 8748.41 8745.09 8741.96 8736.98 8731.39 8734.16 8734.74 8738.36 8742.44 8745.65 8749 8751.9 8754.93 8757.89 8760.32 8762.76 8762.99 8765.5 8765.84 8766.48 8767.25 8768.03 8768.98 8769.67 8771.04 8771.82 8774.09 8777.1 8781.3 8786.87 8795.63 8807.65 8812.88 8810.96 8811.91 8816.17 8820.59 8828.72 8831.88 8830.8 8830.25
8801.39 8803.42 8807.68 8811.54 8814.93 8816.02 8816.48 8820.91 8821.87 8819.62 8826.44 8829.64 8824.98 8823.29 8810.26 8802.59 8800.33 8798.39 8797.37 8797.15 8798.06 8795.01 8788.21 8767.15 8759.78 8755.44 8751.75 8748.44 8745.99 8742.07 8739.35 8733.82 8736.94 8742.82 8746.99 8750.36 8753.33 8755.57 8758.29 8761.2 8764.72 8769.11 8772.06 8770.12 8768.22 8767.81 8769.01 8768.89 8769.08 8769.88 8770.46 8772.18 8774.11 8776.34 8779.07 8782.92 8788.39 8795.62 8801.83 8805.2 8808.66 8813.72 8818.22 8825.76 8830.33 8829.63 8829.81
8810.56 8811.04 8813.11 8815.7 8819.21 8822.43 8823.35 8823.81 8824.6 8826.35 8834.8 8834.32 8821.05 8808.05 8799.07 8794.38 8796.25 8795.35 8794.89 8796.46 8801.28 8801.29 8787.22 8769.66 8764.83 8760.35 8756.18 8752.03 8749.7 8748.98 8747.1 8747.38 8748.57 8750.59 8753.42 8755.52 8757.68 8759.69 8761.82 8764.18 8767.05 8770.85 8773.43 8772.27 8770.38 8770.06 8769.37 8769.3 8768.93 8769.39 8769.63 8770.85 8773.05 8774.33 8775.9 8777.31 8778.65 8779.24 8787.07 8795.97 8802.42 8808.43 8811.9 8814.74 8819.76 8824.8 8827.34
8825.25 8820.79 8818.3 8818.47 8821.54 8828.32 8829.65 8825.26 8825.64 8831.66 8837.44 8827.86 8810.52 8795.4 8790.4 8798.06 8792.68 8790.85 8790.58 8789.66 8789.02 8785.52 8774.77 8777.6 8770.05 8765.59 8762.35 8757.97 8754.65 8759.89 8762.79 8762.09 8760.14 8760.52 8760.92 8761.72 8762.53 8763.67 8765.31 8766.71 8768.12 8768.47 8770.29 8772.45 8772.11 8771.47 8771.04 8770.7 8770.47 8769.78 8770.15 8770.79 8771.2 8772.4 8772.79 8772.68 8772.36 8772.26 8779.37 8788.61 8796.23 8802.92 8807.37 8811.11 8815.66 8820.58 8824.29
8831.59 8826.45 8820.16 8817.28 8817.78 8820.91 8822.02 8818.92 8817.79 8819.76 8819 8810.32 8797.95 8783.43 8780.11 8780.81 8785.52 8788.16 8786.4 8781.04 8772.99 8768.79 8766.35 8769.42 8769.42 8769.77 8770.92 8771.17 8771.68 8774.85 8778.73 8778.14 8773.9 8771.55 8768.88 8767.39 8766.81 8767.25 8768.03 8769.13 8769.82 8769.65 8771.25 8773.57 8773.91 8773.95 8773.64 8772.38 8771.51 8771.59 8771.65 8772.2 8771.99 8771.67 8771.34 8770.65 8770.35 8771.09 8776.92 8784.14 8791.7 8798.4 8803.62 8808.98 8812.82 8817.17 8821.1
8832.28 8825.81 8816.65 8812 8809.75 8808.46 8809.34 8808.76 8805.67 8796.74 8787.32 8793.12 8791.47 8785.02 8782 8781.6 8789.1 8792.39 8786.99 8777.01 8766.23 8761.55 8761.26 8760.59 8765.61 8772.79 8780.29 8787.01 8789.19 8788.81 8789.3 8789.87 8789.88 8780.17 8774.31 8771.32 8770.69 8770.83 8771.26 8772.21 8772.56 8773.01 8774.11 8775.52 8775.97 8776.21 8776.16 8775.2 8774.95 8774.19 8772.94 8773.84 8772.65 8771.79 8771.16 8770.48 8770.79 8772.24 8776.47 8782.08 8788.51 8794.55 8799.15 8804.2 8808.77 8813.12 8816.84
8821.01 8812.64 8808.53 8804.52 8801.1 8799.27 8800.18 8801.58 8800.31 8794.32 8785.13 8792.7 8796.44 8795.72 8798.01 8801.38 8811.11 8806.36 8793.48 8778.11 8764.15 8760.13 8760.38 8760.44 8765.65 8775.74 8787.17 8800.64 8801.71 8797.33 8795.7 8794.24 8788.86 8780.33 8775.96 8774 8773.44 8773.92 8774.72 8775.44 8776.22 8775.58 8777.6 8778.55 8778.66 8778.37 8778.22 8778.53 8778.62 8778.47 8777.53 8777.4 8775.97 8774.52 8771.93 8771.07 8771.6 8773.5 8776.54 8780.9 8786.52 8791.43 8795.25 8798.56 8804.63 8809.75 8813.75
8812.92 8805.03 8801.65 8798.44 8794.59 8791.19 8794.73 8798.82 8802.13 8806.72 8813.13 8806.93 8811.14 8818.21 8830.23 8850.23 8848.05 8824.43 8802.64 8782.88 8766.04 8763.43 8764.23 8766.57 8768.63 8777.97 8789.68 8796.25 8800.88 8798.31 8794.63 8790.92 8777.91 8775.02 8774.49 8774.96 8775.87 8777.05 8778.19 8780.32 8781.56 8781.36 8782.44 8782.44 8781.49 8781.14 8781.95 8782.57 8782.1 8782.57 8781.62 8780.48 8778.62 8776.35 8773.72 8772.11 8771.4 8772.66 8776.06 8780.21 8785.41 8789.82 8794.47 8798.22 8802.84 8807.53 8811.3
8808.14 8801.17 8797.9 8795.77 8793.42 8792 8794.95 8799.21 8804.15 8810.89 8814.16 8816.75 8825 8839.69 8859.57 8868.32 8861.7 8831.61 8808.3 8789.99 8776.05 8771.2 8770.04 8769.5 8770.18 8778.8 8790.43 8807.31 8800.55 8794.8 8787.78 8775.82 8771.39 8770.5 8773.69 8776.03 8778.29 8780.12 8782.07 8784.36 8786.72 8790.81 8787.25 8785.47 8785.49 8785.52 8785.29 8785.84 8786.07 8786.51 8785.19 8783.43 8781.43 8779.25 8776.31 8773.77 8771.66 8772.42 8776.12 8780.03 8784.88 8789.15 8795.07 8799.22 8801.81 8805.4 8808.52
8804.92 8798.81 8796.72 8796.37 8796.57 8796.88 8798.19 8801.16 8805.2 8808.13 8811.87 8824.02 8832.12 8838.75 8843.09 8847.42 8837.84 8822.82 8807.4 8796.11 8787.77 8779.96 8776.4 8774.77 8772.26 8778.76 8785.7 8785.61 8792.95 8790.04 8783.89 8777.69 8768.8 8769.72 8775.36 8779.38 8781.99 8784.12 8785.66 8787.11 8787.5 8787.86 8788.97 8789.17 8789.06 8789.44 8790.04 8790.81 8790.3 8789.78 8788.48 8787.71 8785.68 8783.33 8779.93 8776.84 8774.05 8774.42 8777.34 8780.66 8784.58 8787.96 8793.2 8796.98 8799.44 8802.08 8805.31
