real_craters/C157-1000m.grd
DSAA
66 66
-32.46 32.46
-32.46 32.46
2982.5719747665 5554.3400823467
[rows 0 to 29 of 66, columns 0 to 65 of 66]
4731.68 4719.63 4718.77 4709.71 4698.03 4701.32 4703.34 4705.03 4703.92 4699.73 4696.63 4695.85 4694.18 4682.58 4666.51 4666.38 4659.07 4662.54 4649.88 4648 4607.73 4349.01 4369.53 4641.78 4679.83 4662.02 4620.32 4615.22 4612.6 4608.38 4613.13 4606.51 4597.78 4591 4592.46 4591.23 4589.97 4588.53 4588.72 4584.91 4583.33 4580.05 4584.99 4583.63 4585.18 4590.48 4589.24 4598.19 4613.85 4618.57 4608.04 4601.79 4612.98 4632.3 4625.36 4622.66 4616.29 4617.85 4622.13 4626.38 4630.11 4624.67 4624.9 4639.54 4656.35 4608.7
4729.2 4726.33 4718.24 4712.91 4707.8 4692.27 4694.83 4697.1 4700.9 4701.01 4699.19 4699.6 4694.19 4688.3 4685.34 4675.99 4671.56 4661.78 4651.26 4647.82 4601.83 4392.59 4273.43 4646.42 4608.9 4603.78 4618.01 4613.79 4614.61 4605.07 4609.91 4605.89 4599.76 4594.2 4592.52 4591.04 4587.73 4587.97 4589.37 4588.55 4586.59 4586.04 4588.88 4588.79 4590.5 4593.18 4594.33 4615.68 4622.66 4622.15 4609.15 4611.17 4624.59 4640.34 4623.6 4612.82 4607.84 4615.36 4620.99 4623.27 4621.47 4609.32 4597.01 4624.95 4673.76 4663.75
4702.32 4703.92 4704.06 4702.47 4700.8 4704.88 4696.32 4692.94 4695.24 4697.41 4697.42 4697.62 4697.67 4688.98 4677.59 4675.47 4672.1 4667.72 4658.41 4651.74 4622.88 4539.4 4532.71 4415.24 4436.71 4525.29 4610.11 4618.89 4615.02 4605.35 4609.59 4606.35 4601.66 4597.24 4592.88 4587.87 4583.08 4580.17 4584.66 4587.49 4588.94 4588.95 4587.53 4594.03 4597.63 4600.71 4609.94 4625.09 4631.8 4627.95 4621.54 4621.51 4628.33 4633.8 4636.94 4623.44 4622.4 4622.57 4621.18 4619.37 4610.24 4604.24 4598.24 4620.41 4638.28 4637.47
4693.35 4705.71 4704.67 4698.12 4704.04 4703.74 4700.68 4691.08 4691.18 4694.61 4694.57 4690.25 4693.19 4690.27 4677.52 4674.6 4680.79 4678.62 4667.91 4655.92 4657.07 4665.98 4684.55 4342.19 4313.35 4466.9 4602.28 4625.06 4614.8 4612.45 4610.35 4607.69 4604.35 4600.03 4593.59 4583.56 4579.44 4576.68 4585.21 4591.49 4594.14 4594.99 4597.16 4598.79 4602.82 4610.48 4618.91 4622.12 4625.73 4623.03 4620.77 4622.46 4632.22 4634.38 4639.6 4629.79 4618.66 4620.82 4621.45 4618.2 4611.18 4605.36 4599.68 4620.24 4618.07 4626.56
4696.94 4705.33 4698.75 4694.66 4709.92 4716.14 4706.93 4701.69 4695.42 4694.59 4698.83 4699.3 4697.49 4691.09 4682.21 4677.03 4682.89 4701.15 4680.48 4674.38 4685.63 4711.85 4688.61 4450.72 4307.32 4462.43 4636.47 4636.42 4618.19 4615.94 4612.03 4609.85 4607.06 4603.15 4596.15 4587.51 4583.67 4580.61 4585.71 4594.2 4597.23 4598.67 4599.4 4609.11 4617.37 4621.26 4617.75 4613.68 4621.78 4625.48 4643.13 4661.81 4643.24 4632.27 4626.31 4617.49 4617.94 4627.02 4624.03 4615.39 4600.73 4595.47 4591.4 4609.54 4621.12 4630.44
4716.02 4718.84 4696.26 4686.02 4700.21 4707.98 4705.9 4700.86 4700.38 4712.91 4705.39 4701.45 4693.89 4691.99 4684.13 4680.28 4681.21 4696.08 4691.2 4685.13 4683.96 4698.2 4684.59 4492.59 4315.32 4480.12 4667.85 4662.05 4627.84 4622.11 4617.53 4613.85 4609.81 4606.49 4604.19 4596.56 4596.15 4595.21 4595.7 4597.05 4599.26 4602.71 4603.07 4622.14 4635.73 4631.44 4619.67 4620.13 4628.58 4630.31 4639.33 4646.38 4641.84 4628.81 4618.76 4614.44 4625.81 4638.52 4626.4 4614.83 4601.08 4593.05 4601.26 4618.4 4612.02 4619.39
4732.58 4736.54 4731.58 4697.68 4697.78 4706.43 4706.04 4700.49 4694.72 4695.58 4701.47 4706.95 4702.09 4705.21 4691.29 4681.8 4694.02 4689.09 4699.9 4710.6 4694.44 4686.09 4680.43 4508.43 4330.1 4467.96 4713.46 4682.91 4638.08 4637.43 4627.87 4619.56 4614.52 4607.92 4604.68 4609.49 4614.97 4621.47 4626.81 4615.18 4614.23 4617.02 4627.72 4640.3 4641.12 4645.68 4642.39 4644.91 4649.19 4649.9 4634.7 4639.1 4638.06 4628.65 4616.33 4621.59 4616.59 4620.62 4625.95 4618.59 4609.22 4603.71 4613.91 4619.07 4607.17 4616.41
4758.49 4761.44 4766.17 4727.49 4706.68 4706.75 4709.61 4707.74 4693.78 4691.53 4693.65 4701.33 4720.41 4724.57 4702.27 4691.55 4697.86 4705.81 4709.73 4696.39 4697.27 4694.88 4677.72 4565.13 4400.61 4382.35 4733.3 4715.44 4679.69 4681.87 4645.91 4633.23 4629.7 4616.68 4628.65 4626.05 4641.29 4650.82 4661.57 4655.75 4654.96 4652.02 4664.41 4675.67 4674.4 4670.86 4670.67 4661.53 4657.51 4646.44 4638.88 4639.57 4637.23 4625.79 4619.24 4623.99 4623.23 4635.94 4632.66 4625.24 4616.85 4613.7 4609.73 4610.83 4603.65 4627.32
4758.52 4764.63 4770.4 4732.82 4729.76 4724.13 4719.66 4724.1 4731.54 4727.79 4714.95 4703.91 4710.33 4710.5 4710.21 4705.74 4713.48 4705.91 4701.69 4700.35 4706.37 4711.55 4716.12 4690.93 4654.34 4693.5 4597.74 4807.78 4851.28 4755.35 4715.65 4698.44 4678.3 4651.96 4651.47 4659.47 4656.87 4681.09 4678.79 4688.3 4696.34 4678.14 4713.14 4721.62 4707.1 4693.54 4684.2 4672.95 4651.94 4645.2 4643.89 4644.21 4637.17 4632.37 4629 4628.42 4632.66 4642.76 4638.02 4629.94 4626.84 4625.83 4604.74 4615.67 4616.19 4621.88
4753.75 4767.08 4780 4748.81 4723.71 4722.89 4728.19 4735.47 4750.91 4747.36 4735.55 4713.7 4693.65 4688.87 4717.46 4744.27 4743.2 4734.12 4707.2 4721.77 4716.59 4714.38 4740.93 4815.95 4921.76 4994.95 4413.31 4808.5 4840.3 4798.18 4805.45 4791.18 4731.46 4707.79 4695.84 4697.08 4694.76 4704.55 4719.7 4702.53 4689.28 4721.32 4736.83 4744.81 4718.28 4714.53 4700.54 4668.65 4654.92 4643.12 4637.85 4635.91 4629.92 4629.73 4636.35 4631.27 4636.02 4638.15 4633.54 4629.79 4625.11 4611.43 4618.27 4628.01 4628.71 4618.05
4764.47 4765.78 4757.98 4739.29 4724.64 4724.57 4728.18 4732.95 4734.07 4734.07 4726.3 4710.76 4702.97 4698.39 4719.33 4759.57 4761.12 4767.43 4737.02 4743.46 4725.3 4697.76 4736.62 4887.6 5022.58 5040.4 4677.02 4873.17 4945.61 4882.99 4843.33 4807.05 4794.84 4763.77 4749.66 4753.44 4759.85 4765.95 4766.63 4719.99 4703.68 4717.89 4738.96 4747.01 4720.64 4705.71 4689.53 4659.21 4658.31 4645.4 4637.45 4635.69 4631.76 4630.07 4630.9 4629.73 4642.72 4637.35 4630.59 4628.67 4624.11 4617.77 4619.28 4623.18 4612.93 4608.7
4786.78 4785.3 4758.71 4755.41 4743.7 4733.42 4730.32 4730.44 4728 4712.29 4706.13 4711.85 4717.34 4734.73 4747.54 4764.67 4774.13 4857.04 4852.31 4763.92 4749.22 4738.13 4785.4 4924.32 5030.97 4978.27 4741.1 4899.06 5007.33 4936.79 4886.49 4909.42 4852.04 4804.42 4825.1 4847.03 4822.33 4849.11 4849.73 4771.99 4722.78 4752.34 4750.49 4745.23 4715.6 4693.58 4677.44 4662.08 4652.4 4653.72 4652.29 4639.56 4643.61 4637.74 4622.74 4624.86 4636.27 4638.78 4630.64 4627.85 4628.13 4629.35 4623.09 4611.87 4600.71 4579.81
4793.54 4781.53 4748.24 4732.72 4736.22 4733.1 4728.14 4726.4 4720.26 4703.97 4700.47 4715.21 4760.48 4742.4 4735.4 4755.35 4768.29 4873.96 4714.82 4741.59 4772.78 4781.71 4840.64 4977.41 5097.02 5108.38 5002.14 5106.69 4890.51 4680.98 4782.48 4977.52 4824.49 4778.54 4858.43 4838.91 4988.29 4932.44 4898.95 4877 4806.07 4811.72 4766.68 4740.49 4717.79 4697.5 4677.82 4657.63 4657.34 4654.43 4664.42 4634.14 4663.58 4647.89 4643.57 4648.25 4658.34 4646.58 4626.07 4634.71 4635.28 4630.91 4630.33 4631.38 4624.45 4595.76
4769.31 4753.44 4739.69 4734.02 4734.53 4731.45 4727.27 4724.17 4722.57 4716.55 4702.41 4734.67 4753.78 4750.65 4761.13 4773.72 4782.46 4855.46 4867.07 4805.72 4801.16 4839.13 4889.8 5027.42 5159.98 5187.52 4996.51 4772.62 4562.65 4425.31 4561.2 4631.25 4597.77 4485.33 4451.91 4465.91 4640.37 4869.96 4991.04 5165.58 5075.16 4823.06 4795.15 4747.28 4719.58 4719.31 4695.73 4689.99 4679.8 4655.43 4640.54 4647.4 4645.83 4646.6 4642.49 4648.54 4663.2 4668.62 4655.45 4643.33 4642.54 4647.78 4633.74 4636.18 4629.08 4608.35
4736.91 4735 4739.65 4738.54 4734.89 4728.14 4724.84 4723.28 4721.68 4721.82 4720.04 4730.47 4746.87 4780.84 4789.14 4782.46 4783.44 4841.39 4877.46 4830.92 4822.75 4809.08 4913.97 5069.8 5159.8 5077.81 4851.91 4574.65 4260.41 4317.96 4413.29 4419.54 4384.06 4290.11 4255.92 4331.21 4484.1 4730.09 5022.04 5288.26 5197.48 5005.67 4968.88 4788.35 4740.72 4704.89 4702.95 4701.4 4689.86 4682.11 4670.63 4661.36 4655.63 4647.8 4640.38 4632.95 4637.49 4630.05 4655.75 4647.95 4628.45 4653.04 4634.9 4620.09 4615.43 4600.98
4730.85 4722.11 4716.32 4715.1 4718.96 4723.17 4726.19 4725.04 4726.9 4730.4 4750.42 4748.67 4754.45 4778.34 4781.92 4779.4 4792.85 4821.13 4863.73 4824.34 4909.61 4882.74 4998.53 5140.56 5221.59 5058.24 4720.9 4516.92 4167.34 4171.61 4296.2 4324.83 4290.54 4206.92 4202.61 4298.03 4404.57 4604.83 4856.72 5139.85 5296.14 5142.5 4979.07 4952.28 4833.8 4739.75 4722.44 4705.59 4691.98 4701.34 4715.53 4682.41 4661.29 4655.15 4648.34 4639.74 4640.97 4647.76 4652.14 4653.22 4661.06 4624.13 4630.95 4617.12 4605.95 4605.95
4738.58 4728.25 4721.22 4710.83 4715.15 4724.19 4729.16 4732.29 4734.44 4729.48 4739.44 4746.09 4740.22 4765.64 4766.9 4768.28 4773.61 4802.57 4850.18 4863.68 5084.26 5103.45 5151.77 5227.87 5241.71 5021.69 4660.9 4407.51 4089.85 3966.88 4124.73 4196.54 4182.63 4147.72 4139.43 4224.95 4276.88 4447.16 4790.3 5164.42 5431.61 5261.34 5020.81 4920.11 4854.54 4798.02 4743.45 4725.31 4718.44 4690.68 4717.23 4679.14 4674.53 4668.54 4663.09 4658.83 4664.57 4663.28 4659.28 4660.95 4646.76 4626.31 4630.16 4625.55 4618.4 4595.03
4748.65 4747.32 4727.17 4727.39 4726.86 4727.59 4734.87 4740.16 4747.91 4760.63 4746.67 4755.27 4752.57 4761.86 4756 4766.33 4782.35 4870.17 4847.17 4864.46 5199.53 5318.64 5281.97 5298.33 5257.28 5043.45 4690.97 4286.09 4030.56 3830.8 3973.43 4009.56 4032.04 4021.23 4009.18 4013.92 4090.77 4351.68 4794.71 5221.72 5494.56 5375 5152.78 4966.93 4870.6 4820.54 4748.29 4748.47 4710.62 4680.93 4702.63 4739.78 4702.41 4684.39 4680.03 4678.2 4673.63 4679.16 4690.73 4679.45 4658.48 4644.69 4626.82 4622.3 4620.45 4621.86
4731.4 4727.06 4736.12 4735.42 4724.65 4725.19 4730.63 4741.18 4749.46 4758.24 4768.04 4755.62 4732.55 4745.84 4742.16 4759.41 4822.17 4904.38 4867.78 4916.04 5229.1 5329.91 5328.31 5334.21 5246.06 5080.39 4835.62 4325.13 4026.44 3856.91 3716.74 3814.43 3925.76 3890.52 3892.61 3928.13 4002.01 4304.21 4740.45 5251.54 5456.49 5554.34 5515.87 5255.72 5069.37 5054.66 4978.07 4841.62 4736.97 4759.7 4717.03 4697.86 4695.87 4687.27 4687.46 4695.42 4685.03 4678.22 4640.97 4628.63 4634.56 4637.57 4623.27 4623.89 4632.04 4637.5
4726.54 4705.22 4718.12 4725.01 4725.66 4727.37 4730.56 4735.08 4740.33 4746.61 4761.86 4754.26 4719.92 4729.64 4729 4785.2 4850.94 4854.65 4921.53 5128.52 5255.65 5287.51 5280.19 5326.95 5361.06 5032.54 4705.81 4244.29 4007.84 3852.17 3636.23 3625.91 3806.31 3743.15 3736.01 3777.1 3886.01 4166.88 4455.99 4787.35 5004.66 5349.38 5526.85 5468.06 5348.27 5283.48 5197.05 4954.63 4801.44 4819.94 4756.18 4713.14 4673.94 4672.67 4682.54 4695.39 4686.14 4592.83 4572.95 4629.37 4659.1 4641.52 4640.75 4631.87 4646.28 4605.31
4730.2 4717.87 4719.69 4720.08 4720.88 4722.96 4727.13 4731.49 4734.64 4733.99 4732.83 4742.48 4733.61 4749.17 4797.39 4820.14 4833.92 4854.06 5081.07 5294.94 5283.07 5222.6 5126.61 5050.4 4960.11 4735.43 4476.1 4124.65 3937.67 3794.82 3624.16 3470.19 3695.86 3569.77 3550.67 3568.39 3733.77 3845.07 3994.53 4248.28 4486.47 4980.94 5396.27 5549.62 5437.01 5342.52 5227.91 5048.84 4844.81 4775.05 4764.51 4686.76 4627.55 4651.38 4667.14 4680.25 4684.81 4668.06 4670.03 4666.13 4661.49 4649.38 4634.85 4648.77 4644.26 4624.72
4740.37 4730.02 4729.64 4719.71 4713.75 4718.11 4721.87 4724.21 4725.35 4728.05 4709.88 4723.85 4718.94 4724.23 4760.9 4734.44 4840.37 5136.6 5258.58 5329.55 5289.81 5148.76 4903.1 4632.13 4445.1 4307.63 4080.64 3967.41 3846.58 3725.06 3575.18 3351.56 3603.86 3451.24 3430.96 3419.22 3556.13 3578.82 3697.63 3858.89 4098.12 4636.17 5085.67 5384.41 5372.64 5328.52 5269.65 5132.56 5003.78 4798.29 4791.24 4679.72 4659.14 4647.98 4656.06 4662.96 4667.68 4667.79 4660.65 4647.45 4651.53 4642.83 4640.99 4635.98 4634.15 4615.34
4736.93 4743.57 4736.95 4726.82 4716.56 4718.59 4717.72 4714.55 4713.97 4711.84 4695.28 4708.26 4689.48 4680.18 4748.78 4793.48 5026.56 5320.19 5344.26 5322.84 5265.65 5060.23 4728.34 4347.05 4140.11 4100.22 3959.88 3846.97 3758.67 3646.16 3517.77 3287.6 3386.99 3481.29 3382.69 3293.05 3370.88 3483.07 3656.68 3724.06 3876.99 4246.75 4630.04 4967.4 5199.24 5254.38 5288.68 5170.89 4927.23 4910.53 4811.03 4709.74 4645.61 4648.2 4649.99 4649.27 4650.47 4671.48 4671.26 4652.38 4624.16 4635.59 4632.59 4638.37 4643.01 4628.7
4749.55 4744.33 4752.81 4734.09 4733.83 4721.21 4715 4710.19 4706.27 4701.65 4688.32 4696.66 4676.49 4721.64 4881.4 5062.97 5154.76 5271.59 5362.65 5375.72 5305.43 5000.81 4626.85 4313.5 4077.53 3976.73 3907 3782.02 3685.67 3577.49 3451.57 3290.21 3286.9 3488.38 3339.33 3264.1 3296.12 3389.46 3500.76 3616.31 3773.61 4028.43 4326.13 4568.55 4904.81 5158.53 5336.28 5238.63 4941.38 4894.34 4801.37 4706.02 4673.77 4659.32 4655.57 4653.27 4639.17 4641.37 4662.31 4641.19 4637.24 4638.48 4652.28 4646.85 4647.21 4629.45
4750.74 4756.23 4756.02 4733.94 4710.69 4711.11 4713.04 4706.75 4696.71 4688.22 4684.76 4674.27 4676.96 4770.39 4987.64 5199.14 5172.73 5282.62 5365.53 5437.95 5336.4 4972.05 4527.4 4126.42 3938.54 3848.96 3783.24 3697.32 3615.86 3518.7 3408.28 3344.39 3344.71 3255.15 3256.44 3333.72 3340.23 3363.96 3447.2 3582.35 3737.61 3960.05 4216.17 4464.69 4696.36 5024.58 5301.65 5324.46 5134.93 4875.59 4785.57 4721.6 4684.91 4671.15 4668.52 4671.05 4681.81 4668.94 4651.64 4634.04 4630.43 4632.56 4640.76 4631.05 4626.13 4618.64
4766.32 4758.08 4743.53 4733.38 4718.93 4724.21 4719.64 4712.3 4705.65 4703.46 4688.17 4655.27 4692.7 4849.72 5036.98 5088.34 5112.15 5216.44 5291 5389.74 5344.33 4894.52 4392.02 3953.88 3805.83 3724.68 3652.65 3609.61 3557.7 3509.68 3443.08 3415.75 3422.35 3006.74 3141.4 3342.11 3333.33 3378.57 3454.53 3558.26 3714.37 3913.68 4156.97 4378.32 4572.34 4895.23 5234.82 5362.74 5209.18 4940.78 4768.2 4770.58 4698.27 4686.22 4678.06 4674.95 4672.36 4666.76 4644.97 4638.02 4635.27 4634.32 4641.18 4642.54 4641.34 4625.83
4748.92 4769.96 4758.05 4720.68 4738.14 4740.38 4727.52 4715.53 4708.57 4705.69 4693.93 4668.49 4707.57 4901.31 5121.9 5133.06 5092.7 5092.25 5179.26 5286.25 5130.55 4691.21 4265.31 3910.78 3794.31 3744.2 3562.18 3536.79 3522.75 3511.28 3518.31 3549.93 3533.07 3269.07 3117.69 3334.3 3311.66 3387.21 3452.33 3533.75 3646.44 3839.73 4062.77 4253.11 4439.73 4730.28 5132.03 5345.01 5173.08 4852.34 4723.43 4764.02 4733.48 4704.35 4678.92 4665.92 4654.21 4635.28 4618.85 4639.34 4621.32 4618.84 4619.4 4649.26 4643.23 4635.67
4699.52 4713.25 4748.06 4742.67 4744.12 4744.39 4732.89 4712.94 4688.53 4679.94 4661.89 4660.2 4739.21 4975.59 5225.99 5176.34 5030.59 4999.6 5050.19 5114.35 4713.5 4419.52 4164.15 3932.88 3800.81 3699.22 3508.13 3489.09 3491.92 3506.3 3537.46 3584.41 3620.82 3515.16 3120.25 3339.19 3319.62 3378.8 3471.36 3512.9 3598.99 3755.59 3957.83 4164.25 4357.08 4595.7 4996.35 5312.85 5382.57 4925.75 4759.17 4768.69 4743.06 4699.35 4673.72 4656.18 4636.31 4616.89 4619.15 4622.31 4608.55 4608.22 4613.54 4632.24 4638.67 4642.25
4752.81 4732.49 4743.36 4740.02 4763.23 4757.42 4742.79 4720.53 4693.48 4684.62 4673.44 4685.34 4791.27 5005.26 5233.06 5156.06 4973.1 5002.92 5053.98 4977.75 4458.22 4256.42 4134.29 3983.71 3797.66 3609.66 3504.41 3484.33 3490.54 3506.94 3532.91 3589.41 3667.33 3571.3 3448.78 3124.33 3308.27 3325.17 3395.97 3438.84 3533.85 3676.02 3909.34 4005.78 4203.97 4454.78 4848.28 5225.94 5381.11 5152.6 4770.5 4754.66 4719.41 4688.67 4664.47 4657.91 4650.83 4646.92 4625.18 4635.19 4630.44 4634.15 4617.34 4622.06 4655.88 4651.36
4768.72 4750.83 4739.22 4748.31 4762.39 4764.23 4752.26 4736.06 4721.4 4721.14 4707.78 4728.77 4696.62 4929.3 5275.24 5172.91 4948.62 5070.36 5125.63 4834.04 4375.65 4218.76 4115.93 3974.04 3781.54 3592.93 3508.18 3493.53 3502.75 3517.46 3535.36 3555.16 3617.35 3580.25 3469.93 3064.36 3264.14 3273.22 3291.4 3343.18 3436.13 3562.11 3750.76 3834.14 4060.53 4270.96 4652.97 5070.19 5393.24 5402.43 5135.94 4853.24 4672.53 4658.99 4652.39 4665.77 4679.32 4680.4 4654.02 4629.75 4634.68 4635.65 4634.71 4627.34 4644.67 4654.11
