real_craters/C158-500m.grd
DSAA
230 230
-57.2425 57.2425
-57.2425 57.2425
4312.2392386236 6604.0017101085
[rows 150 to 179 of 230, columns 134 to 200 of 230]
5911.5 5919.24 5919.44 5903.32 5884.28 5890.58 5889.56 5911.82 5929.35 5921.45 5887.21 5809.48 5752.35 5711.51 5701.35 5702.13 5669.33 5631.92 5605.74 5586.65 5573.99 5564.72 5557.89 5554.31 5556.31 5540.41 5527.15 5515.19 5506.97 5500.86 5500.99 5502.56 5504.06 5501.75 5502.7 5504.93 5503.74 5499.15 5496.88 5502.57 5509.91 5517.7 5513.5 5529.72 5535.54 5516 5501.12 5505.87 5509.5 5512.41 5514.6 5513.93 5517.86 5521.86 5526.9 5528.99 5538.07 5536.22 5517.39 5501.88 5493.48 5490.13 5496.34 5506.57 5512.8 5519.68 5533.17
5946.07 5936.67 5937.03 5910.94 5876.46 5870.07 5877.93 5907.1 5932.52 5929.11 5886.44 5838.13 5773.56 5723.26 5711.44 5711.61 5684.93 5624.28 5595.46 5578.9 5566.51 5558.58 5556.44 5555.6 5546.57 5537.92 5529.74 5520.13 5505.86 5498.87 5497.48 5496.38 5496.51 5493.74 5490.95 5497.14 5503.63 5504.28 5501.46 5503.26 5509.01 5515.91 5516.23 5531.9 5537.19 5528.46 5514.49 5511.18 5511.22 5512.35 5514.32 5515.5 5518.26 5516.48 5513.72 5514.38 5521.16 5515.56 5506.08 5496.82 5490.58 5489.91 5495.73 5507.3 5516.8 5524.52 5536.55
5940.58 5929.01 5920.55 5896.77 5873.29 5873.49 5872.47 5891.34 5931.97 5947.46 5939.45 5861.81 5780.08 5721.22 5700.97 5714.06 5678.27 5620.75 5587.81 5569.44 5559.42 5553.22 5555.35 5553.74 5535.88 5530.59 5524.36 5517.98 5511.62 5503.63 5496.65 5490.98 5484.47 5487.14 5489.28 5496.4 5503.1 5506.32 5500.53 5499.74 5503.43 5510.86 5515.78 5524.49 5519.2 5517.63 5521 5515.26 5510.68 5508.94 5509.22 5512.08 5512.25 5506.39 5501.83 5493.52 5484.49 5492.91 5492.17 5487.63 5484.13 5486.42 5494.69 5509.45 5520.31 5526.25 5539.86
5895.25 5899.5 5902.98 5893.6 5865.31 5853.8 5844.54 5853.63 5865.98 5903.72 5908.28 5844.74 5762.08 5691.12 5657.87 5663.4 5646.38 5601.79 5566.99 5561.38 5553.54 5549.61 5557.34 5558.01 5534.32 5525.46 5520.26 5515.49 5512.65 5505.33 5496.19 5490.53 5488.36 5492.17 5493.83 5499.14 5502.21 5491.44 5491.73 5493.66 5495.97 5500.96 5511.23 5517.02 5520.71 5516.36 5521.67 5513.48 5506.43 5501.2 5497.51 5493.6 5488.78 5492.82 5490.99 5484.91 5481.2 5481.07 5479.47 5477.1 5474.99 5476.38 5489.8 5504.8 5515.92 5522.67 5531.49
5843.77 5860.55 5869.84 5864.55 5847.31 5833.31 5825.66 5836.54 5838.6 5857.6 5851 5798.82 5732.49 5672.22 5635.79 5623.29 5614.21 5595.48 5578.42 5559.73 5548.59 5544.56 5550.82 5549.78 5529.11 5518.58 5513.41 5510.06 5506.52 5499.03 5494 5490.44 5489.67 5492.07 5495.94 5501.37 5506.38 5489.47 5486.98 5489.97 5492.77 5501.13 5510.27 5510.4 5511.59 5505.87 5509.9 5506.57 5499.9 5492.12 5481.77 5477.45 5473.91 5482.48 5483.37 5481.33 5478.36 5472.82 5470.93 5469.26 5469.37 5473.33 5484.86 5497.92 5510.13 5517.25 5526.63
5804.45 5826.16 5834.71 5819.68 5828.36 5827.28 5827.69 5865.3 5873.3 5846.4 5795.21 5741.54 5702.54 5663.85 5631.88 5601.1 5591.6 5591.37 5577.6 5552.94 5539.46 5530.47 5524.33 5507.76 5509.01 5509.84 5505.53 5504.05 5500.09 5495.37 5492.15 5490 5487.91 5490.69 5498.24 5499.31 5494.64 5484.33 5487.38 5490.95 5494.54 5505.39 5511.98 5513.9 5513.73 5503.85 5503.12 5498.21 5493.38 5487.4 5480.02 5473.93 5471.31 5476.87 5478.67 5478.35 5470.98 5464.65 5465.18 5465.51 5466.62 5471.57 5480.98 5491.24 5500.31 5510.43 5519.02
5784.41 5810.37 5825.91 5832.94 5830.51 5826.17 5846.98 5899.52 5891.84 5811.74 5741.65 5705.67 5685.34 5659.56 5632.76 5596.63 5578.97 5570.66 5548.1 5538.19 5527.41 5516.27 5507.47 5506.76 5503.63 5506.27 5509.02 5501.01 5497.58 5491.1 5492.34 5490.69 5490.29 5495 5501.57 5499.07 5494.86 5492.82 5492.95 5495.5 5499.28 5506.92 5510.13 5512.88 5515.08 5501.97 5493.97 5490.14 5488.16 5486.09 5485.18 5481.6 5473.44 5471.4 5475.69 5475.1 5467.11 5462.72 5464.45 5466.87 5469.12 5472.71 5478.64 5485.6 5494.78 5499.55 5506.05
5789.28 5819.37 5840.96 5847.23 5852.04 5855.87 5880.91 5903.33 5871.75 5786.7 5727.27 5703.31 5687.57 5666.7 5641.24 5618.96 5588.46 5567.84 5541.72 5530.49 5519.81 5507.75 5499.45 5501.04 5499.65 5500.27 5500.69 5494.92 5486.45 5494.73 5493.12 5491.24 5491.77 5495.85 5501.19 5498.72 5499.44 5500.42 5498.51 5500.78 5504.3 5502.95 5502.74 5502.07 5494.61 5490.16 5485.08 5484.98 5484.86 5484.35 5484.35 5485.02 5481.55 5476.98 5478.96 5478.84 5468.93 5462.49 5468.72 5472.88 5473.73 5475.77 5477.78 5479.45 5479.55 5484.85 5489.68
5812.39 5846.51 5878.02 5897.62 5891.69 5887.17 5891.76 5921.61 5880.52 5793.28 5754.86 5731.33 5709.31 5685.72 5662.91 5636.44 5606.18 5577.97 5549.16 5530.21 5518.3 5506.99 5492.01 5493.67 5495.51 5492.75 5489.58 5488.98 5490.79 5488.8 5489.4 5490.24 5491.65 5493.8 5495.19 5493.04 5495.66 5497.56 5498.84 5501.82 5503.35 5494.55 5495.33 5495.66 5494.56 5493.95 5489.62 5486.19 5484.3 5483 5482.21 5487.36 5490.85 5488.47 5485.96 5483.95 5477.41 5475.15 5479.86 5483.15 5485.68 5481.96 5477.59 5474.48 5473.76 5480.5 5483.7
5846.48 5882.56 5919.15 5945.08 5930.75 5925.83 5951.42 5992.29 5939.46 5876.66 5826.24 5783.16 5737.6 5705.18 5685.63 5665.35 5629.28 5587.22 5557.25 5534.37 5522.66 5519.32 5512.72 5499.78 5497.66 5489.41 5482.09 5479.54 5481.71 5482.05 5484.77 5487.76 5491.66 5495.88 5488.83 5485.34 5484.85 5490.85 5495.06 5498.07 5497.91 5489.7 5490.33 5493.08 5496.66 5502.53 5501.22 5490.04 5485.01 5482.46 5482.66 5493.48 5496.17 5496.4 5493.97 5491.98 5492.67 5495.29 5494.88 5494.69 5492.04 5485.73 5477.4 5470.1 5465.14 5471.29 5475.8
5901.23 5923.23 5946.38 5964.88 5965.34 5986.89 6023.38 6024.64 5974.95 5922.43 5868.83 5811.5 5756.73 5712.03 5691.2 5697.78 5678.03 5621.13 5567.34 5537.79 5527.01 5525.37 5532.81 5524.36 5507.1 5492.01 5479.89 5469.97 5465.63 5472.53 5478.55 5484.65 5489.47 5491.17 5484.34 5481.89 5482.64 5485.99 5489.43 5491.85 5491.05 5484.49 5486.06 5490.28 5494 5499.15 5504.63 5490.65 5485.83 5482.34 5480.45 5483.84 5495.01 5503.45 5502.27 5497.08 5503.39 5511.52 5505.8 5502.86 5501.07 5488.43 5476.92 5466.93 5458.63 5458.5 5465.16
5964.06 5974.69 5975.45 5983.84 5991.58 6034.41 6085.77 6069.12 6010.7 5937 5899.83 5838.67 5772.83 5715.7 5684.04 5693.18 5714.92 5664.77 5586.09 5546.12 5531.47 5520.36 5523.83 5530.76 5511.48 5495.26 5482.04 5470.2 5465.67 5471.32 5477.23 5483.09 5486.28 5485.12 5479.92 5478.9 5484.57 5483.68 5483.1 5482.54 5477.06 5475.98 5481.59 5488.1 5494.57 5495.82 5498.61 5492.83 5487.49 5483.33 5479.83 5480.92 5497.8 5523.24 5515.28 5500.07 5509.21 5513.72 5506.43 5500.46 5496.4 5485.55 5474.97 5464.64 5456.07 5452.57 5458.15
6005.04 6048.95 6081.42 6101.65 6101.04 6147.61 6200.93 6211.05 6156.63 6078.31 5982.76 5878.12 5798.21 5734.92 5683.84 5673.83 5681.04 5654.36 5597.87 5559.79 5542.67 5527.37 5524.24 5517.32 5505.24 5498.57 5488.21 5478.65 5475.65 5478.84 5483.05 5483.69 5485.37 5481.59 5478.21 5475.56 5479.59 5478.02 5475.52 5473.62 5469.63 5470.81 5478.42 5486.27 5493.72 5495.98 5491.86 5491.72 5490.21 5485.18 5480.7 5476.93 5489.59 5526.11 5529.87 5527.77 5515.41 5505.46 5499.08 5489.8 5482.79 5480.29 5472.56 5463.38 5455.64 5453.37 5456.95
6032.18 6145.15 6266.57 6290.64 6282.26 6325.15 6417.01 6406.43 6367.89 6265.72 6098.77 5937.77 5843.69 5786.14 5722.63 5661.51 5638.59 5622.93 5601.25 5579.33 5559.69 5541.9 5520.45 5496.33 5491 5487.86 5490.41 5493.08 5491.67 5489.14 5482.12 5485.13 5482.48 5480.44 5473.36 5471.86 5471.94 5471.66 5467.88 5462.59 5464.85 5469.81 5476.57 5483.81 5490.45 5493.29 5493.6 5498.69 5492.5 5487.4 5483.25 5473.58 5483.06 5503.21 5524.73 5531.23 5511.56 5497.36 5491.64 5491.88 5487.5 5480.43 5471.89 5462.98 5455.58 5457.79 5457.39
6076.5 6240.86 6400.26 6433.64 6454.7 6466.84 6536.02 6515.77 6504.69 6391.06 6203.79 6024.86 5908.9 5838.59 5771.15 5658.69 5618.7 5607.4 5603.45 5598.41 5575.98 5557.62 5523.4 5494.9 5484.18 5479.95 5489.38 5499.17 5502.29 5503.32 5506.07 5494.73 5474.66 5467.33 5468.05 5469.51 5473.17 5468.24 5463.08 5458.43 5462.51 5468.59 5474.98 5481.56 5487.46 5490.62 5483.58 5486.67 5486.67 5486.62 5487.4 5481.29 5478.92 5493.6 5505.37 5506.47 5494.52 5478.61 5479.2 5495.84 5494.8 5482.21 5472.2 5463.37 5456.33 5455.01 5454.67
6211.36 6338.53 6462.19 6482.66 6474.45 6496.4 6535.36 6530.11 6497.95 6424.42 6276.49 6117.47 5991.47 5890.33 5831.63 5711.95 5620.06 5599.84 5601.18 5593.81 5585.37 5569.83 5537.29 5505.31 5490.84 5487.26 5489.43 5495.62 5501.38 5509.61 5520.74 5503.37 5473.65 5462.07 5462.5 5467.43 5468.77 5465.41 5460.72 5456.86 5462.81 5466.59 5471.93 5478.06 5483.45 5487.61 5477.62 5472.31 5475.75 5482.32 5485.58 5482.55 5478.86 5481.3 5488.22 5488.5 5478.44 5465.63 5467.37 5484.11 5486.47 5479.83 5472.13 5464.27 5457.47 5451.51 5450.64
6303.11 6400.25 6491.18 6489.63 6467.93 6474.85 6471.52 6483.8 6468.03 6420 6330.81 6228.51 6119.46 5985.97 5841.01 5726.2 5639.45 5607.65 5624.6 5625.72 5613.1 5564.97 5550.29 5515.41 5500.59 5493.93 5488.31 5488.2 5493.58 5501.61 5507.96 5499.73 5482.93 5468.11 5459.71 5462.51 5465.18 5463.6 5459.86 5456.73 5459.81 5462.77 5468.13 5473.82 5478.67 5477.9 5476.6 5471.57 5467.14 5476.69 5490.2 5483.97 5476.79 5470.71 5463.14 5465.84 5468.88 5468.82 5470.79 5469.95 5476.1 5476.35 5471.7 5465.01 5458.08 5451.7 5450.07
6317.68 6384.44 6450.76 6477.63 6468.32 6439.29 6433.37 6453.58 6442.18 6411.91 6368.1 6324.23 6245.26 6072.02 5867.51 5760.29 5665.45 5621.25 5678.18 5756.24 5705.91 5592.2 5538.07 5516.68 5505.39 5494.48 5481.24 5476.14 5481.13 5487.29 5490.41 5488.96 5484.55 5471.19 5464.57 5465.23 5464.86 5462.39 5459.22 5455.54 5450.84 5458.09 5464.73 5470.73 5475.53 5477.48 5474.36 5468.39 5463.16 5468.46 5474.83 5478.76 5476.45 5465.58 5460.55 5461.18 5465.78 5471.63 5475.72 5473.3 5477.21 5477.15 5473.44 5467.64 5460.68 5458.13 5457.09
6300 6369.76 6417.98 6420.72 6394.78 6370.25 6393.5 6418.81 6398.63 6387.79 6372.59 6351.78 6284.3 6100.68 5911.84 5813.71 5704.91 5640.44 5702.06 5810.11 5804.12 5676.15 5543.58 5521.64 5510.21 5494.33 5476.43 5463.22 5469.58 5473.28 5473.73 5474.69 5476.76 5461.74 5446.96 5455.39 5459.82 5459.81 5457.58 5450.47 5449.04 5456.06 5462.32 5467.52 5472.14 5477.04 5474.41 5469.19 5469.67 5463.09 5462.89 5475.65 5479.59 5463.19 5455.84 5459.26 5465.1 5472.77 5480.4 5489.19 5485.92 5482.01 5477.35 5472.52 5470.34 5467.33 5465.28
6271.7 6366.82 6374.69 6294.36 6289.71 6325.25 6348.2 6347.66 6345.47 6344.3 6340.59 6332.72 6301.31 6178.19 6014.25 5865.09 5748.76 5637.1 5676.13 5738.72 5792.43 5707.91 5560.99 5526.25 5512.59 5494.02 5480.41 5470.72 5463.41 5462.33 5462.51 5467.53 5472.74 5448.17 5428.17 5441.56 5450.73 5455.88 5459.55 5454.97 5453.03 5457.46 5461.18 5464.3 5467.4 5468.41 5475.73 5470.91 5464.12 5461.34 5463.09 5471.62 5480.71 5461 5448.78 5455.33 5464.9 5476.18 5487.75 5498.69 5494 5487.4 5480.95 5474.74 5469.68 5468.45 5466.04
6207.05 6282.6 6241.13 6159.96 6192.05 6269.19 6281.78 6288.89 6294.73 6283.3 6272.51 6256.79 6219.8 6100.76 5991.24 5875.85 5774.62 5671.84 5653.06 5656.1 5661.5 5612.13 5547.48 5518.29 5499.48 5487.37 5471.79 5462.13 5456.36 5451.56 5448.42 5445.3 5442.17 5435.59 5428 5432.5 5441.65 5450.65 5461.22 5467.45 5462.65 5460.86 5461.33 5462.92 5464.33 5464.62 5468.32 5477.93 5463.2 5459.79 5459.41 5465.85 5477.44 5457.53 5440.7 5451.81 5466.44 5481.1 5495.35 5502.63 5498.24 5491.55 5483.82 5476.37 5469.96 5467.41 5464.68
6099.3 6129.7 6050.5 5979.15 6064.73 6172.29 6201.71 6236.63 6234.27 6203.17 6175.22 6146.94 6104.44 5987.56 5904.28 5848.94 5796.91 5700.18 5646.53 5620.23 5604.74 5571.02 5543.1 5520.21 5504.04 5485.83 5470.53 5458.67 5450.17 5441.98 5433.03 5423.16 5422.47 5428.15 5430.83 5429.19 5434.01 5441.45 5451.59 5470.79 5465.03 5461.87 5461.88 5462.79 5463.6 5465.21 5468.68 5480.16 5487.04 5463.11 5457.37 5461.93 5459.41 5446.1 5439.33 5454.57 5470.28 5485.33 5500.11 5504.35 5500.69 5494.59 5486.86 5478.78 5472.52 5468.13 5464.24
5949 5918.1 5903.51 5883.06 5969.03 6058.35 6092.68 6128.06 6133.54 6094.08 6057.11 6015.86 5961.17 5886.77 5848.06 5822.87 5782.82 5678.86 5627.36 5597.13 5578.37 5581.8 5552.14 5525.63 5504.27 5485.21 5470.76 5459.53 5448.44 5437.34 5425.38 5412.33 5412.76 5421.71 5428.46 5425.9 5428.62 5431.98 5432.16 5450.06 5457.91 5459.48 5461.02 5462.99 5465.49 5468.49 5473.41 5482.13 5477.69 5464.02 5463.37 5461.94 5450.16 5444.43 5452.1 5463.04 5476.19 5489.72 5500.9 5506.56 5504.19 5497.75 5489.56 5481.11 5474.32 5470.08 5467.03
5835.14 5815.52 5837.76 5866.56 5907.89 5951.11 5966.18 5970.12 5970.2 5961.37 5940.91 5902.65 5840.08 5826.55 5804.52 5787.23 5721.65 5642.41 5617.81 5583.62 5562.43 5564.86 5549.99 5528.28 5497.97 5484.43 5473.95 5461.06 5449.76 5438.18 5426.19 5414.62 5408.91 5413.97 5420.74 5423.64 5425.28 5431.19 5433.14 5440.08 5450.43 5456.73 5461.14 5465.29 5469.77 5473.45 5478.35 5481.69 5473.38 5470.8 5478.29 5473.04 5451.92 5448.03 5460.77 5470.36 5481.75 5494.71 5508.36 5514.78 5510.17 5501.43 5491.26 5483.11 5476 5470.11 5465.76
5762.26 5773.43 5810.34 5847.19 5858.43 5864.53 5864.47 5857.43 5841.27 5847.09 5842.54 5823.61 5805.74 5793.53 5746.35 5706.41 5645.5 5607.28 5597.08 5572.79 5552.69 5548.54 5541.36 5529.39 5500.98 5484.27 5472.95 5462.73 5452.79 5442.65 5432.08 5420.53 5410.57 5405.58 5415.93 5418.72 5420.78 5434.01 5454.13 5441.52 5447.98 5455.42 5461 5466.88 5472.72 5477.92 5479.99 5481.65 5478.99 5477.42 5485.4 5476.35 5458.83 5453.73 5462.23 5474.15 5487.38 5500.54 5510.55 5523.77 5515.05 5502.76 5490.04 5479.33 5472.29 5467.34 5462.99
5692.38 5705.2 5753.81 5790.63 5800.37 5812.07 5802.11 5805.27 5797.51 5780.5 5763.57 5750.87 5745.4 5711.85 5668.86 5621.24 5611.77 5594.5 5580.35 5562.58 5539.61 5534.25 5530.71 5525.01 5505.08 5487.47 5475.18 5465.44 5457.06 5448.75 5440.42 5432 5421.55 5416.5 5421.98 5415.64 5418.86 5429.1 5435.47 5441.42 5447.88 5455.8 5463.47 5470.03 5477.61 5484.38 5489.18 5492.64 5493.97 5494.15 5483.63 5473.97 5461.65 5457.16 5467.58 5478.48 5490.68 5505.23 5525.04 5525.38 5517.14 5502.9 5485.8 5471.87 5466.15 5464.13 5462.95
5639.38 5639.11 5653.16 5681.76 5712.28 5740.75 5731.34 5727.94 5708.96 5706.33 5696.5 5673.58 5635.39 5621.56 5610.02 5586.17 5589.89 5587.38 5579.62 5573.09 5541.92 5522.96 5519 5516.58 5506.43 5491.18 5478.97 5468.85 5459.84 5452.25 5447.01 5440.58 5427.85 5418.35 5416.72 5421.76 5422.76 5427.66 5432.37 5440.2 5447.8 5456 5464.78 5473.45 5482.49 5490.87 5501.08 5512.11 5494.79 5495.11 5481.57 5472.94 5464.83 5461.64 5472.54 5483.91 5490.17 5498.54 5511.21 5519.63 5519.49 5502.8 5481.77 5461.51 5461.1 5461.43 5460.58
5616.49 5609.85 5601.36 5608 5620.28 5612.13 5612.61 5615.61 5627.82 5645 5646.3 5636.51 5622.6 5610.75 5592.13 5576.59 5574.37 5573.52 5573.25 5569.54 5552.04 5516.53 5505.95 5500.23 5494.33 5491.48 5483.62 5471.28 5461.79 5454.03 5448.67 5444.77 5433.71 5423.09 5421.3 5422.61 5424.02 5430 5435.11 5440.26 5447.96 5456.91 5467.15 5476.29 5484.67 5493.91 5501.12 5499.1 5489.34 5495.74 5488.48 5479.71 5471.65 5466.73 5475.25 5485.53 5486.28 5488.09 5504.25 5541.19 5525.16 5502.39 5481.81 5465.29 5462.08 5462.01 5461.14
5600.21 5593.55 5585.32 5582.07 5582.73 5579.57 5583.74 5598.72 5617.81 5617.95 5609.85 5608.25 5613.07 5610.3 5591.1 5573.24 5565.02 5559.48 5556.63 5546.84 5552.71 5512.31 5493.84 5483.1 5478.19 5479.96 5477.75 5469.19 5461.41 5453.82 5446.86 5446.69 5455.24 5441.08 5429.35 5421.99 5423.06 5430.71 5436.35 5440.61 5448.53 5458.05 5467.44 5477.85 5488.44 5496.45 5500.49 5495.11 5487.9 5494.6 5498.92 5488.59 5479.74 5476.02 5477.39 5480.55 5480.57 5482.97 5496.04 5510.5 5510.12 5496.13 5481.55 5471.81 5466.43 5465.52 5464.94
5579.43 5578.49 5578.46 5570.71 5565.76 5565.58 5570.03 5575.73 5572.49 5568.93 5576.49 5576.59 5583.31 5596.21 5587.63 5572.52 5560.22 5547.95 5533.22 5535.26 5549.24 5506.03 5484.06 5470.22 5466.42 5464.28 5466.04 5463.6 5459.33 5453.99 5447.8 5449.73 5462.18 5456.75 5440.04 5424.58 5418.42 5424.16 5430.32 5438.57 5448.45 5460.35 5471.53 5483.12 5493.92 5501.4 5507.59 5509.23 5501.85 5497.03 5499.46 5492.73 5485.22 5481.11 5478.94 5476.89 5476.38 5477.69 5486.57 5496.7 5496.43 5487.48 5474.96 5467.59 5467.17 5469.39 5470.32
