real_craters/C158-300m.grd
DSAA
383 383
-57.2425 57.2425
-57.2425 57.2425
4309.4294517808 6622.3482198412
[rows 90 to 119 of 383, columns 134 to 200 of 383]
5679.33 5683.69 5689.49 5697.05 5705.93 5715.11 5724.33 5733.43 5744.96 5753.19 5757 5758.27 5757.6 5762.56 5761.82 5761.39 5760.58 5760.25 5760.79 5761.49 5760.77 5758.38 5754.34 5748.93 5743.7 5733.67 5723.46 5713.42 5703.39 5693.71 5684.4 5677.52 5672.03 5667.43 5663.65 5661.11 5663.08 5667.5 5673.16 5679.14 5684.8 5690.47 5696.44 5702.51 5708.04 5715.58 5719.69 5721.45 5718.9 5712.42 5702.65 5704.6 5708.37 5698.07 5695.32 5694.1 5693.16 5691.09 5695.54 5710.28 5727.75 5745.39 5762.41 5779.86 5795.21 5807.43 5811.38
5682.03 5685.39 5690.28 5696.94 5704.85 5713.07 5721.5 5729.43 5739.64 5747.45 5751.61 5756.12 5761.36 5761.55 5759.35 5758.9 5758.87 5759.81 5759.34 5759.91 5759.66 5758.28 5754.41 5747.87 5738.8 5733.23 5725.3 5715.84 5705.49 5695.08 5685.56 5678.79 5673.39 5669.31 5666.93 5665.96 5665.04 5667.2 5670.31 5675.59 5681.5 5688.27 5695.01 5702.08 5708.03 5715.14 5722.82 5728.18 5729.02 5723.37 5708.89 5709.13 5714.96 5709.34 5704.95 5703.2 5701.84 5700.73 5707.3 5718.19 5734.03 5751 5767.85 5783.97 5799.33 5811.36 5817.82
5678.66 5684.48 5690.14 5696.78 5703.98 5711.47 5719.22 5726.8 5735.98 5743.16 5747.38 5753.42 5759.33 5760.73 5758.33 5757.47 5757.11 5756.82 5758.04 5760.35 5761.19 5760.99 5758.07 5751.83 5743.42 5736.89 5728.68 5718.47 5707.74 5697.07 5687.69 5680.31 5674.69 5670.64 5668.65 5667.53 5665.23 5666 5669.59 5673.35 5678.75 5685.51 5693.01 5700.82 5709.12 5716.37 5724.93 5733.54 5741.67 5742.78 5713.8 5707.89 5718.23 5719.77 5716.04 5713.61 5711.59 5709.26 5713.46 5725.94 5740.98 5756.31 5772.04 5786.74 5800.81 5810.35 5813.45
5676.59 5683.2 5689.62 5696.35 5703.33 5710.42 5717.1 5724.06 5732.6 5739.91 5745.63 5750.39 5757.11 5759.15 5757.36 5756.54 5756.35 5756.42 5758.57 5762.39 5765.07 5766.25 5764.98 5760.15 5752.71 5744.11 5733.72 5722.05 5710.08 5698.7 5689.06 5681.38 5675.44 5670.91 5667.67 5665.11 5662.77 5662.43 5664.22 5668.86 5674.91 5682.19 5690.07 5697.91 5706.59 5713.82 5723.74 5734.8 5748.36 5759.11 5717.31 5704.87 5723.1 5730.38 5726.46 5724.41 5722.7 5719.3 5722.87 5735.05 5748.32 5761.81 5775.72 5788.66 5800.13 5808.68 5811.86
5675.98 5682.65 5689.43 5696.12 5702.76 5709.44 5716.17 5722.47 5729.44 5735.69 5742.2 5746.2 5752.65 5756.31 5755.48 5755.63 5756.71 5758.04 5761.22 5766.51 5770.73 5773.66 5774.64 5771.96 5764.08 5752.98 5739.76 5726.03 5712.61 5699.76 5689.23 5681.94 5675.74 5670.74 5666.5 5662.8 5659.67 5657.6 5657.85 5663.51 5670.65 5678.38 5686.39 5694.54 5703.17 5711.99 5718.72 5729.19 5740.24 5748.04 5723.39 5703.74 5725.99 5738.45 5734.23 5733.9 5735.47 5735.16 5737.48 5746.81 5757.42 5767.9 5779.32 5790.2 5799.57 5806.75 5810.09
5676.99 5683.84 5690.65 5697.13 5703.02 5709.31 5715.52 5721.86 5727.21 5732.68 5738.73 5741.9 5746.64 5750.29 5752.39 5754.56 5757.95 5761.51 5765.96 5771.58 5776.67 5780.99 5784.38 5785.66 5777.3 5761.37 5745.05 5729.36 5714.76 5701.83 5690.78 5682.34 5675.64 5670.48 5666.96 5662.53 5657.65 5654.09 5653.07 5659.67 5667.11 5674.75 5682.5 5690.14 5697.6 5705.18 5710.18 5716.32 5721.26 5724.91 5721.87 5704.09 5723 5737.22 5736.46 5738.6 5746.58 5755.95 5756.45 5758.97 5765.04 5773.13 5781.81 5790.74 5799.11 5804.88 5808.19
5679.71 5686.22 5692.61 5698.75 5705.32 5711.28 5717.07 5721.69 5726.32 5731.26 5736.26 5738.19 5741.27 5740.54 5747.18 5753.81 5759.66 5765.25 5770.45 5776.58 5781.97 5786.18 5789.89 5792.59 5783.06 5765.39 5747.75 5731.05 5715.42 5702.61 5691.09 5681.82 5674.84 5669.41 5664.7 5660.94 5656.63 5653.79 5653.65 5658.38 5664.64 5671.53 5678.42 5685.08 5691.61 5697.28 5701.91 5703.08 5702.78 5702.32 5704.15 5703.62 5713.43 5722.68 5725.23 5735 5748.41 5763.56 5766.96 5767.23 5770.46 5775.98 5782.83 5790.42 5796.18 5801.3 5804.19
5684.93 5689.86 5695.22 5700.66 5706.14 5711.84 5717.22 5722.85 5725.92 5730.31 5734.09 5736.63 5741.57 5748.33 5750.45 5754.86 5762.04 5769.16 5774.64 5782.2 5786.49 5788.96 5789.73 5787.95 5778.98 5764.53 5747.83 5730.84 5714.07 5698.88 5688.34 5679.97 5673.33 5668.23 5663.56 5659.49 5656.23 5654.38 5654.89 5658.12 5663.31 5669.22 5674.99 5680.62 5685.97 5690.08 5692.9 5692.15 5689.77 5687.04 5690.85 5695.33 5701.81 5707.63 5711.49 5726.97 5742.66 5758.78 5766.21 5768.41 5771.36 5775.8 5781.75 5787.1 5791.71 5795.41 5796.26
5690.35 5693.68 5697.81 5702.55 5707.57 5712.93 5718.33 5723.15 5725.71 5729.79 5733.99 5735.76 5740.31 5744.18 5747.47 5754.54 5764.44 5774.95 5784.81 5788.76 5790.23 5790.12 5787.31 5780.79 5773.52 5761.96 5746.8 5729.97 5712.42 5696.1 5685.74 5677.56 5671 5666.8 5665.03 5659.09 5655.67 5653.9 5654.48 5657.8 5661.96 5666.76 5671.75 5676.32 5680.53 5683.54 5685.44 5684.97 5684.95 5683.22 5683.48 5686.19 5692 5698.3 5706.32 5720.88 5736.31 5750.04 5759.81 5764.71 5768.62 5773.33 5777.56 5781.98 5785.05 5787.64 5788.36
5694.24 5696.85 5700.73 5705.28 5710.4 5715.37 5720.23 5724.67 5726.69 5730.54 5734.1 5735.35 5738.65 5740.66 5742.29 5753.59 5766.06 5778 5788.66 5791.97 5792.14 5790.76 5786.74 5778.93 5771.7 5760.79 5746.54 5729.99 5712.3 5695.13 5684.77 5675.59 5667.48 5661.55 5658.79 5655.11 5653.72 5654.94 5655.26 5657.1 5660.57 5664.44 5668.38 5672.07 5675.36 5677.86 5679.69 5680.59 5683.14 5681.2 5678.24 5679.74 5685.94 5693.48 5702.53 5719.3 5732.81 5742.76 5752.59 5759.63 5765.05 5768.45 5772.85 5775.88 5777.61 5778.87 5778.59
5695.34 5698.82 5703.24 5708.05 5712.88 5717.87 5722.74 5727.33 5729.61 5733.19 5735.59 5737.79 5739.18 5742.24 5747.47 5756.39 5767.14 5777.85 5786.93 5791.17 5791.5 5790.77 5788.3 5782.2 5772.91 5761.14 5747.34 5731.83 5715.1 5698.47 5686.36 5674.83 5663.94 5653.66 5647.17 5648.91 5650.44 5651.99 5654.3 5656.6 5659.54 5662.75 5666.29 5668.83 5671.34 5673.43 5674.85 5675.41 5676.73 5675.11 5673.07 5675.7 5684.43 5695.51 5712.88 5727.19 5733.81 5736.87 5748.27 5755.34 5761.32 5764.88 5767.56 5768.84 5769.48 5768.3 5766.11
5694.85 5700.8 5706.23 5711.85 5717.43 5723.21 5728.36 5733.06 5735.6 5738.97 5739.66 5741.26 5742.14 5744.73 5751.56 5759.38 5766.76 5775.08 5782.88 5786.48 5787.43 5788.61 5789.17 5784.87 5773.87 5761.56 5748.47 5735.03 5721.15 5705.67 5689.97 5675.47 5662.6 5651.88 5645.74 5645.94 5648.4 5651.3 5653.83 5656.76 5659.97 5663.26 5666.32 5668.36 5670.22 5671.3 5672.12 5670.74 5669.77 5666.86 5668.01 5672.85 5686.53 5707.48 5728.66 5739.02 5744 5744.4 5748.58 5753.01 5757.44 5761.09 5762.21 5762.8 5761.34 5758.74 5754.47
5695.97 5702.88 5709.64 5716.63 5722.16 5728.19 5733.78 5738.83 5743.17 5745.94 5747.6 5748.37 5748.69 5749.03 5752.66 5760.08 5765.51 5770.34 5773.94 5777.16 5780.25 5782.52 5784.02 5781.65 5771.92 5760.8 5748.95 5736.82 5726.52 5712.57 5693.14 5676.75 5662.68 5651.89 5646.32 5645.14 5647.73 5651.65 5654.24 5657.71 5661.4 5664.97 5668.27 5670.66 5672.78 5672.89 5671.92 5668.49 5665.28 5662.73 5664.52 5671.02 5686.67 5712.4 5735.3 5744.31 5747.09 5747.5 5749.46 5752.8 5756.18 5758.15 5758.03 5757.6 5755.32 5751.03 5744.53
5699.13 5705.9 5712.87 5719.72 5727.02 5733.58 5739.67 5744.54 5749.39 5753.21 5756.19 5757.05 5757.02 5759.08 5762.09 5764.05 5764.56 5765.31 5766.85 5769.18 5770.92 5773.27 5773.71 5772.01 5766.96 5758.63 5748.53 5736.27 5721.39 5708.46 5694.28 5678.31 5662.96 5650.71 5645.02 5644.51 5647.07 5651.48 5655.31 5659.9 5664.47 5668.55 5671.95 5674.42 5676.11 5676.53 5674.98 5670.28 5664.62 5661.8 5663.07 5667.06 5679.71 5701.49 5724.78 5740.49 5740.25 5743.49 5749.28 5752.66 5755.42 5756.99 5756.79 5754.74 5751.42 5745.64 5737.43
5702.75 5709.43 5716.44 5723.66 5731.74 5738.97 5745.38 5751.65 5757.36 5762.12 5766.17 5767.14 5768.26 5769.46 5770.52 5768.67 5762.98 5758.98 5757.5 5758.3 5758.59 5762.17 5766.27 5765.6 5761.55 5756.19 5748.93 5738.51 5722.19 5710.6 5697.92 5681.74 5664.7 5649.43 5644.75 5645.45 5647.34 5651.42 5657.81 5664.03 5669.62 5674.33 5677.93 5680.3 5681.17 5682.75 5679.97 5678.63 5677.33 5673.21 5664.08 5660.72 5667.84 5689.74 5716.04 5738.42 5741.54 5745.68 5751.34 5754.81 5757.16 5758.59 5757.2 5754.59 5750.71 5744.32 5735.36
5706.16 5712.77 5719.57 5727.11 5734.89 5742.72 5751.32 5760.04 5766.71 5772.34 5777.16 5779.01 5779.17 5778.17 5776.16 5768.14 5758.61 5750.63 5744.89 5741.6 5742.14 5747.37 5755.65 5756.46 5755.03 5753.53 5751.06 5746.75 5738.06 5723.21 5706.69 5688.77 5670.67 5654.86 5649.99 5650.02 5651.94 5656.76 5663.59 5671.53 5678.32 5683.75 5687.98 5690.21 5689.82 5690.98 5688.45 5688.15 5687.07 5678.11 5664.89 5656.94 5660.54 5682.22 5712.27 5746.3 5748.47 5752.96 5756.07 5758.32 5761.22 5761.4 5760.43 5758 5753.01 5747.54 5739.27
5708.95 5715.47 5722.87 5730.81 5739.05 5747.7 5756.34 5766.95 5774.92 5781.95 5788.87 5791.04 5790.99 5786.99 5776.48 5766.08 5753.86 5742.73 5732.77 5724.51 5724.26 5727.91 5734.92 5741.52 5746.69 5750.17 5752.82 5756.03 5755.68 5737.04 5717.31 5698.73 5681.48 5667.51 5661.78 5658.73 5657.75 5663.61 5672.43 5681.92 5689.38 5695.17 5699.44 5701.05 5701.16 5700.95 5697.24 5694.1 5690.22 5678.89 5666.1 5656.76 5657.32 5679.61 5706.64 5742.69 5766.66 5762.82 5763.08 5763.2 5763.88 5763.36 5762.93 5761.22 5757.91 5753.58 5749.27
5709.91 5716.07 5724.37 5732.74 5741.79 5751.18 5760.73 5773.37 5782.56 5791.13 5798.31 5803.13 5805.05 5800.68 5789.85 5769.93 5751.45 5739.09 5726.16 5714.07 5711.61 5712.01 5712.87 5728.79 5740.07 5746.47 5750.87 5756.81 5765.65 5742.77 5725.13 5709.33 5695.21 5684.27 5678.84 5674.42 5667.08 5676.05 5686.52 5695.97 5703.77 5709.43 5713.31 5714.92 5714.5 5712.21 5706.28 5698.55 5686.94 5679.15 5671.9 5664.25 5660.26 5691.52 5727.63 5740.03 5752.47 5761.45 5765.82 5767.88 5768.78 5769.34 5769.36 5770.01 5765.48 5761.55 5760.24
5708.97 5715.2 5722.91 5731.83 5741.5 5751.68 5762.21 5776.4 5787.59 5798.08 5807.82 5816.27 5822.03 5821.42 5811.43 5785.27 5759.83 5745.28 5729.07 5713.14 5710.9 5716.52 5718.56 5730.94 5739.5 5744.44 5746.25 5743.32 5737.51 5737.58 5729.09 5719.41 5709.97 5702.42 5698.82 5697.71 5703.54 5702.59 5707.19 5714.35 5721.19 5729.1 5733.08 5734.89 5733.25 5727.25 5718.6 5707.87 5691.9 5688.78 5687.9 5686.83 5691.16 5716.76 5748.63 5744.16 5753.81 5761.62 5769 5772.98 5772.87 5774.04 5776.33 5775.43 5776.66 5773.64 5771.89
5706.52 5715.1 5724.33 5734.42 5745.14 5756.34 5767.59 5779.47 5791.54 5803.72 5819.23 5830.73 5841.33 5847.91 5846.44 5823.9 5788.14 5763.84 5742.7 5725.25 5723.48 5735.81 5745.18 5743.01 5744.51 5746.19 5746.12 5741.14 5735 5737.45 5734.06 5728.87 5725.1 5721.36 5717.66 5716.09 5721.92 5723.41 5729.31 5736.48 5743.6 5752.38 5756.94 5757.65 5756.17 5748.72 5737.97 5724.34 5711.2 5710.18 5714.17 5719.9 5729.39 5743.06 5752.33 5747.41 5753.89 5765.76 5775.71 5782.45 5783.78 5790.24 5790.99 5790.61 5790.28 5787.8 5782.46
5703.79 5713.38 5724.23 5735.39 5747.07 5759.19 5771.7 5784.53 5797.72 5811.27 5827.29 5842.9 5857.88 5872.42 5887.4 5877.71 5824.74 5787.8 5761.8 5745.56 5741.85 5748.73 5753.11 5751.43 5750.23 5750.02 5750.28 5754.08 5751.32 5743.93 5740.47 5737.18 5734.4 5733.9 5734.68 5733.18 5728.07 5742.39 5751.15 5759.1 5766.96 5774.22 5780.22 5783.3 5783.49 5777.63 5766.19 5747.05 5734.76 5741.63 5748.23 5755.67 5766.46 5771.1 5765.62 5756.53 5761.7 5776.79 5788.19 5796.33 5800.53 5807.64 5809.38 5809.14 5807.75 5805.78 5798.65
5701.11 5712.25 5723.63 5735.31 5747.62 5760.3 5773.35 5786.77 5800.23 5814.56 5832.97 5849.31 5866.57 5883.47 5899.49 5891.37 5844.02 5805.23 5778.55 5759.87 5751.41 5754.95 5757.74 5756.02 5754.49 5753.31 5753.3 5751.28 5750.94 5749.29 5747.13 5745.6 5743.95 5746.16 5751.95 5760.27 5767.9 5767.57 5773.87 5782.36 5791.61 5800.56 5810.55 5815.72 5818.56 5816.76 5809.76 5793.75 5785.36 5785.81 5787.52 5790.52 5794.22 5792.17 5781.76 5768.29 5781.46 5793.08 5804.3 5815.07 5820.53 5824.11 5831.84 5831.83 5828.68 5827.34 5820.77
5699.31 5710.98 5723.09 5735.45 5747.23 5760.1 5772.82 5786.39 5800.33 5814.71 5833.58 5849.41 5864.4 5879.46 5889.97 5884.24 5846.41 5816.04 5793.29 5770.22 5752.4 5752.82 5757.65 5759.52 5758.45 5756.53 5755.67 5756.88 5753.66 5752.39 5752.7 5755.16 5759.06 5760.81 5765.11 5774.44 5783.93 5787.68 5796.04 5806.78 5818.59 5830.36 5842.68 5852 5859.27 5865.16 5867.73 5862.18 5846.94 5838.71 5830.55 5823.53 5817.4 5809.64 5799.01 5788.48 5805.98 5817.88 5826.25 5834.67 5838.91 5842.22 5843.98 5846.73 5845.63 5847.66 5848.77
5698.38 5710.08 5721.91 5734.24 5746.44 5759.23 5772.27 5785.8 5799.31 5813 5829.82 5844.03 5855.77 5865.28 5871.3 5871.44 5849.24 5832.09 5812.92 5788.3 5766.13 5763.02 5766.27 5766.89 5763.95 5760.12 5756.88 5753.41 5753.62 5754.01 5755.91 5761.24 5772.84 5771.49 5772.66 5774.85 5786.17 5802.28 5816.4 5830.79 5845.78 5860.83 5875.79 5888.98 5900.82 5911.89 5920.35 5930.7 5917.8 5892.72 5873.11 5856.91 5841.45 5826.24 5821.8 5818.12 5839.57 5847.82 5851.65 5856.91 5857.72 5857.78 5858.64 5861.27 5864.24 5869.8 5877.58
5699.05 5710.39 5722.64 5734.69 5746.95 5760.83 5773.55 5786.33 5798.63 5811.39 5823.44 5835.82 5844.83 5849.64 5847.58 5833.79 5848.25 5857.93 5837.02 5813.82 5796.96 5791.6 5785.36 5779.5 5772.56 5764.92 5758.24 5754.31 5753.64 5754.74 5756.39 5757.91 5761.51 5772.69 5782.1 5786.81 5800.71 5818.63 5835.6 5852.98 5871 5889.5 5908.08 5926.05 5941.62 5954.1 5960.81 5977.92 5965.13 5935.59 5911.31 5890.88 5873.34 5860.33 5861.92 5876.91 5880.68 5884.85 5881.37 5877.98 5876.37 5874.65 5873.92 5877.85 5881.14 5888.69 5899.95
5701.75 5712.8 5724.15 5735.88 5747.84 5759.94 5770.61 5782.61 5794.08 5805.65 5818.4 5829.23 5836.04 5839.04 5835.65 5831.3 5849.95 5870.1 5851.33 5835.1 5824.79 5818.88 5805.22 5792.19 5780.67 5770.29 5761.38 5754.84 5756.03 5758.2 5759.85 5758.95 5759.14 5775.19 5794.59 5817.78 5824.77 5836.36 5853.38 5872.93 5893.59 5915.06 5937.11 5959.19 5979.51 5994.65 5998.56 5990.5 5983.82 5965.06 5943.74 5924.74 5909.4 5898.1 5914.53 5943.09 5944.17 5927.11 5911.3 5901.75 5892.97 5887.64 5884.52 5889.23 5892.69 5901.8 5912.65
5705.35 5713.64 5724.5 5735.09 5745.96 5756.97 5768.01 5778.49 5789.36 5799.89 5810.35 5820.11 5827.34 5831.69 5835.53 5837.81 5846.56 5851.44 5851.74 5847.73 5842.4 5837.33 5819.76 5802.67 5787.98 5776.11 5766.38 5761.26 5761.87 5764.86 5769.25 5774.55 5778.3 5782.79 5797.59 5824.69 5832.59 5847.56 5867.65 5889.71 5912.86 5936.83 5961.45 5987.67 6013.23 6036.13 6044.77 6020.41 6007.05 5988.15 5968.86 5953.75 5945.75 5946.46 5965.55 5995.63 5986.03 5958.53 5934.14 5919.82 5909.67 5903.35 5900.11 5896.38 5898.59 5906.73 5914.75
5708.9 5716.6 5727.19 5736.99 5747 5757.05 5765.89 5775.86 5785.56 5794.91 5803.74 5811.67 5819.6 5827.94 5835.31 5846.27 5853.61 5851.41 5855.91 5857.23 5852.74 5843.92 5827.2 5809.48 5793.93 5781.88 5773.27 5768.86 5769.12 5772.95 5780.41 5790.84 5794.85 5788.48 5785.29 5797.44 5825.2 5854.31 5880.76 5905.37 5929.32 5953.88 5979.46 6007.11 6037.05 6069.26 6092.69 6073.62 6032.78 6005.09 5985.04 5973.06 5971.03 5983.55 5989.19 5991.71 5984.48 5965.01 5941.51 5928.3 5918.71 5910.86 5907.58 5903.74 5905.54 5905.03 5909.21
5711.61 5719.52 5727.77 5736.31 5744.96 5752.79 5761.43 5771.08 5783.07 5791.31 5797.96 5805.86 5813.49 5821.53 5832.52 5849.14 5862.58 5865.91 5868.66 5864.75 5862.05 5848.36 5830.52 5814.22 5798.77 5785.8 5777.61 5774.71 5776.93 5781.15 5788.36 5801.56 5807.38 5800.06 5782.19 5775.37 5828.46 5867.72 5896.66 5920.81 5943.2 5966.66 5990.49 6015.76 6044.25 6075.49 6097.99 6073.44 6033.81 6008.51 5991.45 5980.91 5977.04 5977 5969.33 5964.78 5956.05 5943.64 5936.05 5928.04 5919.63 5915.27 5913.06 5909.04 5908.81 5907.06 5907.16
5713.04 5720 5729.17 5736.2 5743.69 5751.05 5758.3 5765.72 5773.11 5781.92 5789.4 5796.69 5803.1 5811.37 5822.24 5837.68 5851.74 5868.61 5875.43 5861.11 5848.95 5840.77 5831.95 5817 5802.53 5790.41 5782.25 5782.4 5787.05 5791.74 5795.4 5797.91 5819.07 5834.91 5831.27 5830.94 5868.76 5897.1 5918.85 5937.81 5956.04 5975.41 5994.56 6015.31 6033.69 6050.95 6048.55 6017.71 6009.66 5997.88 5987.07 5978.94 5972.17 5963.43 5955.65 5954.96 5945.44 5931.45 5928.9 5927.64 5921.88 5920.39 5917.63 5915.43 5911.85 5905.76 5902.77
