real_craters/C158-750m.grd
DSAA
154 154
-57.2425 57.2425
-57.2425 57.2425
4321.9985112589 6607.5227864185
[rows 114 to 151 of 154, columns 0 to 83 of 154]
5478 5476 5474 5472 5473 5490 5501 5490 5476 5464 5460 5463 5469 5475 5480 5481 5467 5458 5480 5500 5511 5506 5497 5517 5514 5490 5484 5482 5475 5471 5471 5469 5469 5471 5474 5478 5477 5480 5470 5455 5446 5442 5444 5447 5447 5443 5441 5440 5440 5442 5445 5461 5460 5463 5478 5499 5508 5500 5494 5493 5496 5514 5512 5505 5526 5546 5556 5568 5586 5594 5595 5595 5617 5641 5668 5694 5720 5750 5780 5813 5861 5904 5942 5941
5478 5475 5471 5468 5474 5483 5488 5478 5470 5462 5463 5464 5469 5473 5475 5472 5464 5466 5505 5521 5527 5525 5517 5497 5493 5495 5491 5480 5478 5462 5461 5465 5466 5467 5470 5471 5470 5470 5456 5446 5437 5433 5439 5442 5443 5442 5439 5438 5441 5443 5450 5459 5460 5464 5476 5492 5499 5498 5492 5494 5501 5500 5494 5494 5513 5532 5542 5553 5561 5568 5580 5583 5599 5623 5650 5676 5693 5714 5731 5746 5766 5831 5821 5813
5476 5476 5474 5472 5478 5480 5475 5471 5466 5462 5465 5470 5471 5470 5469 5468 5462 5469 5533 5541 5533 5539 5562 5539 5515 5513 5505 5492 5485 5466 5463 5460 5461 5461 5463 5459 5454 5455 5447 5438 5426 5427 5435 5442 5442 5441 5439 5439 5442 5444 5449 5451 5454 5461 5473 5484 5492 5494 5491 5495 5507 5491 5481 5488 5511 5525 5537 5541 5554 5564 5559 5564 5579 5599 5622 5645 5667 5684 5694 5689 5670 5715 5719 5697
5476 5477 5480 5484 5486 5479 5472 5466 5463 5461 5470 5477 5471 5466 5461 5455 5452 5472 5512 5519 5519 5517 5506 5503 5506 5512 5501 5496 5488 5463 5459 5455 5453 5454 5455 5456 5451 5446 5440 5437 5432 5434 5435 5441 5445 5446 5445 5445 5445 5446 5447 5448 5450 5455 5474 5488 5491 5489 5483 5482 5487 5488 5483 5479 5502 5521 5537 5543 5550 5553 5546 5541 5560 5579 5600 5619 5639 5656 5669 5678 5674 5654 5657 5657
5470 5473 5479 5484 5482 5480 5473 5466 5464 5460 5467 5476 5469 5461 5455 5450 5449 5460 5468 5479 5490 5496 5495 5504 5493 5475 5466 5474 5473 5456 5448 5446 5445 5445 5446 5446 5445 5439 5450 5444 5437 5433 5437 5443 5455 5459 5455 5451 5454 5454 5449 5449 5450 5455 5476 5495 5488 5482 5484 5477 5483 5487 5478 5479 5497 5516 5535 5541 5544 5545 5535 5539 5547 5563 5583 5601 5620 5637 5650 5665 5650 5625 5623 5636
5463 5467 5472 5479 5481 5487 5489 5483 5476 5466 5463 5472 5468 5458 5449 5455 5465 5462 5451 5453 5467 5479 5494 5504 5479 5453 5446 5457 5454 5444 5438 5435 5434 5433 5433 5433 5437 5446 5453 5449 5444 5438 5446 5462 5481 5491 5485 5466 5481 5475 5457 5444 5444 5453 5471 5487 5476 5462 5460 5468 5482 5488 5487 5481 5493 5510 5532 5538 5536 5533 5525 5519 5532 5548 5564 5582 5599 5616 5629 5645 5632 5603 5594 5587
5453 5458 5463 5474 5492 5492 5502 5513 5500 5489 5494 5478 5466 5455 5446 5450 5446 5443 5439 5442 5455 5464 5470 5471 5463 5449 5440 5444 5441 5437 5427 5428 5428 5427 5425 5424 5433 5453 5454 5451 5456 5459 5471 5498 5530 5550 5557 5550 5546 5515 5476 5443 5443 5449 5458 5464 5467 5461 5457 5464 5475 5483 5485 5478 5488 5500 5516 5526 5527 5524 5522 5527 5529 5537 5551 5566 5580 5594 5603 5603 5585 5577 5574 5572
5447 5451 5454 5457 5474 5481 5494 5525 5506 5494 5495 5477 5463 5452 5448 5439 5432 5436 5442 5449 5452 5454 5453 5451 5451 5444 5430 5433 5424 5420 5423 5425 5424 5422 5422 5428 5446 5458 5458 5461 5474 5488 5518 5561 5596 5620 5640 5657 5619 5564 5506 5456 5448 5447 5452 5459 5469 5470 5468 5466 5466 5472 5484 5486 5486 5495 5506 5515 5517 5516 5515 5514 5512 5524 5538 5550 5562 5572 5577 5573 5559 5558 5563 5568
5439 5445 5450 5455 5453 5458 5464 5480 5481 5474 5466 5466 5459 5449 5439 5441 5435 5438 5445 5457 5451 5450 5449 5455 5447 5439 5430 5426 5416 5409 5414 5423 5423 5421 5421 5425 5463 5471 5472 5476 5511 5532 5611 5657 5670 5685 5700 5701 5667 5609 5541 5483 5455 5446 5451 5461 5476 5477 5466 5460 5453 5455 5485 5485 5482 5486 5498 5506 5509 5510 5508 5501 5503 5514 5526 5537 5545 5551 5555 5554 5547 5549 5553 5561
5433 5438 5445 5449 5444 5435 5460 5457 5465 5468 5468 5465 5455 5446 5439 5438 5433 5438 5441 5439 5446 5449 5450 5451 5442 5431 5428 5433 5419 5416 5419 5424 5425 5424 5425 5434 5457 5471 5477 5500 5571 5655 5700 5721 5727 5735 5747 5748 5711 5641 5567 5510 5468 5445 5445 5455 5468 5463 5451 5449 5444 5451 5480 5476 5476 5479 5493 5500 5505 5506 5501 5495 5502 5510 5519 5526 5531 5536 5538 5537 5539 5545 5554 5548
5424 5429 5435 5441 5442 5418 5351 5455 5469 5482 5482 5464 5451 5445 5442 5442 5437 5439 5442 5441 5449 5452 5451 5450 5439 5424 5416 5433 5418 5420 5428 5428 5427 5427 5429 5436 5459 5469 5480 5541 5629 5702 5736 5748 5754 5759 5770 5781 5746 5659 5571 5490 5457 5445 5443 5448 5452 5443 5436 5439 5442 5448 5487 5473 5474 5480 5488 5498 5503 5504 5503 5499 5501 5513 5518 5522 5523 5524 5525 5532 5529 5535 5547 5545
5415 5419 5422 5429 5442 5437 5453 5456 5477 5481 5462 5447 5444 5441 5439 5439 5440 5440 5446 5460 5460 5457 5459 5452 5440 5427 5418 5417 5415 5423 5429 5433 5430 5430 5436 5446 5451 5486 5548 5629 5675 5723 5745 5753 5756 5759 5763 5762 5722 5651 5567 5485 5447 5441 5439 5442 5442 5432 5425 5432 5447 5469 5494 5474 5481 5488 5500 5506 5508 5507 5504 5503 5516 5523 5524 5521 5518 5515 5511 5513 5527 5513 5508 5514
5409 5411 5412 5419 5432 5434 5437 5453 5466 5474 5452 5440 5438 5438 5435 5430 5431 5438 5444 5449 5453 5455 5450 5449 5438 5427 5421 5417 5430 5428 5430 5433 5430 5427 5429 5440 5465 5512 5588 5643 5688 5726 5749 5743 5738 5735 5731 5730 5706 5630 5550 5484 5445 5436 5438 5437 5434 5422 5415 5422 5453 5489 5510 5499 5500 5521 5516 5513 5514 5516 5525 5519 5527 5531 5525 5521 5515 5510 5506 5514 5510 5483 5453 5461
5404 5409 5414 5419 5421 5425 5431 5439 5449 5464 5447 5430 5434 5446 5443 5432 5432 5435 5439 5443 5446 5446 5448 5439 5428 5428 5419 5418 5418 5426 5431 5433 5427 5423 5422 5428 5444 5485 5566 5632 5669 5706 5729 5712 5695 5679 5672 5672 5678 5584 5516 5463 5436 5433 5426 5425 5421 5414 5410 5419 5454 5493 5499 5477 5496 5522 5524 5521 5516 5516 5513 5515 5527 5531 5526 5521 5514 5507 5501 5498 5488 5465 5444 5445
5400 5408 5416 5421 5424 5426 5427 5433 5447 5459 5443 5426 5430 5428 5436 5430 5431 5432 5434 5435 5435 5433 5430 5431 5429 5437 5433 5427 5418 5424 5427 5425 5423 5419 5417 5419 5427 5454 5492 5545 5593 5642 5680 5657 5633 5618 5600 5572 5518 5498 5472 5442 5435 5432 5429 5414 5404 5413 5414 5427 5451 5479 5485 5455 5474 5522 5519 5515 5515 5514 5514 5519 5521 5528 5526 5521 5515 5508 5499 5492 5477 5456 5440 5438
5396 5406 5417 5420 5425 5430 5431 5442 5457 5453 5444 5439 5437 5428 5429 5426 5428 5430 5431 5429 5426 5429 5431 5434 5438 5440 5441 5437 5427 5424 5424 5418 5417 5418 5417 5418 5422 5432 5444 5459 5494 5531 5552 5560 5559 5549 5530 5495 5449 5444 5439 5432 5419 5416 5414 5413 5410 5408 5417 5431 5444 5456 5477 5461 5458 5477 5494 5501 5504 5511 5520 5526 5531 5529 5524 5520 5517 5512 5502 5484 5473 5452 5437 5434
5391 5399 5409 5413 5418 5423 5432 5443 5457 5444 5441 5447 5441 5436 5428 5424 5425 5429 5432 5431 5426 5430 5431 5435 5441 5434 5437 5443 5433 5419 5409 5408 5414 5420 5426 5423 5420 5418 5427 5433 5445 5454 5458 5477 5495 5494 5483 5459 5433 5426 5425 5428 5416 5408 5406 5405 5406 5409 5417 5427 5434 5444 5449 5448 5444 5447 5468 5483 5495 5505 5514 5520 5529 5521 5520 5519 5519 5517 5516 5501 5475 5453 5439 5436
5388 5389 5392 5402 5410 5417 5421 5426 5428 5429 5432 5435 5435 5432 5428 5429 5427 5429 5432 5437 5443 5425 5422 5427 5430 5433 5438 5431 5420 5412 5404 5404 5412 5419 5423 5423 5422 5422 5423 5426 5426 5431 5433 5444 5458 5461 5454 5443 5429 5423 5420 5420 5412 5408 5402 5397 5404 5412 5418 5421 5426 5427 5430 5436 5440 5439 5453 5470 5485 5498 5511 5522 5517 5514 5515 5516 5517 5517 5512 5494 5475 5458 5452 5441
5388 5389 5388 5395 5400 5401 5404 5409 5419 5419 5426 5427 5429 5428 5429 5427 5427 5429 5433 5436 5437 5415 5413 5417 5419 5422 5422 5415 5411 5409 5403 5400 5411 5416 5420 5420 5420 5423 5420 5415 5416 5419 5423 5431 5438 5440 5439 5437 5435 5432 5418 5411 5411 5403 5395 5394 5403 5413 5419 5426 5427 5421 5420 5428 5434 5436 5445 5457 5472 5487 5502 5513 5506 5508 5509 5512 5515 5516 5513 5499 5475 5454 5444 5441
5391 5396 5397 5391 5389 5391 5390 5395 5400 5427 5426 5424 5426 5426 5428 5424 5427 5428 5430 5432 5431 5425 5416 5412 5409 5406 5417 5403 5413 5411 5408 5406 5409 5414 5417 5417 5416 5415 5413 5414 5414 5417 5427 5431 5433 5432 5433 5434 5438 5437 5417 5406 5404 5399 5392 5401 5408 5414 5417 5419 5417 5416 5416 5417 5418 5426 5437 5449 5462 5476 5487 5497 5504 5505 5504 5507 5512 5517 5512 5492 5475 5458 5451 5444
5393 5393 5392 5387 5378 5369 5381 5390 5400 5424 5424 5420 5428 5430 5428 5424 5426 5427 5428 5428 5426 5424 5418 5410 5404 5401 5409 5405 5412 5414 5414 5419 5414 5414 5415 5414 5410 5405 5405 5410 5411 5417 5429 5436 5427 5425 5426 5427 5425 5419 5413 5406 5400 5398 5389 5395 5401 5408 5411 5413 5415 5413 5411 5407 5406 5415 5427 5440 5452 5464 5473 5478 5496 5505 5497 5499 5504 5509 5515 5500 5478 5463 5460 5448
5397 5404 5397 5385 5375 5378 5389 5396 5404 5416 5414 5411 5409 5420 5431 5427 5428 5427 5426 5425 5424 5425 5418 5412 5405 5403 5415 5416 5415 5414 5415 5418 5417 5418 5416 5412 5407 5402 5399 5398 5396 5403 5417 5412 5413 5415 5418 5419 5417 5413 5410 5404 5397 5399 5392 5386 5399 5403 5403 5405 5412 5424 5415 5407 5410 5408 5417 5429 5442 5453 5462 5469 5482 5486 5484 5491 5495 5495 5496 5491 5476 5463 5452 5444
5407 5418 5404 5387 5374 5381 5398 5403 5404 5399 5401 5400 5403 5404 5432 5433 5428 5425 5423 5420 5415 5416 5419 5415 5411 5410 5411 5418 5409 5409 5410 5411 5405 5415 5416 5411 5405 5400 5396 5391 5394 5398 5406 5395 5399 5406 5411 5413 5412 5408 5402 5395 5391 5401 5402 5393 5397 5396 5396 5398 5405 5430 5420 5410 5404 5401 5409 5420 5431 5441 5452 5464 5470 5465 5482 5485 5488 5492 5498 5487 5469 5453 5446 5440
5418 5410 5409 5394 5376 5382 5397 5396 5396 5395 5393 5393 5401 5405 5418 5425 5424 5423 5421 5420 5417 5419 5421 5422 5423 5422 5422 5416 5402 5403 5402 5399 5400 5409 5412 5409 5404 5397 5390 5393 5391 5395 5388 5387 5393 5401 5405 5408 5408 5408 5393 5387 5384 5395 5396 5398 5389 5388 5390 5392 5399 5416 5415 5405 5399 5398 5407 5416 5425 5434 5443 5452 5459 5470 5478 5483 5485 5485 5496 5481 5462 5450 5444 5439
5442 5437 5424 5412 5396 5390 5391 5393 5391 5388 5385 5384 5384 5394 5404 5412 5417 5419 5420 5422 5430 5426 5427 5427 5435 5439 5426 5412 5401 5401 5400 5398 5406 5414 5410 5407 5404 5399 5394 5400 5397 5387 5388 5392 5398 5401 5403 5404 5403 5397 5386 5388 5388 5402 5405 5393 5381 5382 5388 5391 5395 5410 5411 5407 5403 5401 5407 5413 5420 5428 5436 5443 5454 5471 5479 5481 5483 5490 5486 5475 5456 5443 5441 5442
5471 5454 5444 5436 5436 5409 5396 5392 5393 5392 5389 5387 5388 5390 5390 5402 5411 5418 5420 5422 5423 5434 5438 5433 5421 5441 5425 5409 5400 5403 5405 5402 5403 5407 5404 5404 5405 5405 5410 5407 5400 5392 5399 5411 5410 5403 5403 5404 5406 5405 5409 5402 5401 5400 5399 5397 5389 5382 5381 5385 5402 5416 5417 5410 5410 5410 5409 5412 5418 5423 5429 5434 5443 5464 5476 5475 5478 5482 5486 5473 5454 5443 5441 5443
5495 5477 5465 5454 5431 5424 5414 5409 5407 5406 5403 5402 5396 5394 5394 5404 5414 5417 5421 5425 5430 5449 5454 5449 5444 5442 5430 5419 5415 5421 5417 5407 5393 5393 5401 5405 5405 5408 5414 5409 5402 5397 5413 5413 5395 5400 5404 5408 5412 5419 5425 5406 5391 5388 5402 5413 5402 5379 5364 5365 5436 5439 5430 5406 5395 5403 5406 5408 5412 5417 5422 5428 5433 5447 5457 5463 5468 5484 5495 5475 5453 5443 5441 5441
5501 5491 5487 5478 5461 5449 5438 5438 5426 5417 5440 5439 5448 5432 5417 5419 5422 5424 5426 5432 5441 5458 5467 5461 5449 5445 5435 5434 5443 5454 5429 5409 5392 5396 5405 5406 5403 5400 5398 5395 5384 5384 5401 5405 5394 5399 5403 5407 5413 5417 5422 5397 5379 5380 5394 5399 5391 5372 5346 5304 5214 5435 5434 5406 5399 5399 5403 5405 5409 5413 5419 5426 5435 5439 5443 5453 5462 5480 5496 5474 5452 5440 5439 5440
5512 5513 5515 5514 5500 5481 5461 5455 5446 5439 5459 5474 5491 5503 5465 5444 5437 5434 5434 5438 5452 5466 5479 5477 5454 5451 5447 5436 5441 5438 5420 5414 5421 5425 5418 5409 5403 5394 5383 5384 5394 5380 5392 5406 5406 5400 5401 5405 5411 5413 5387 5379 5377 5375 5388 5396 5383 5372 5360 5355 5372 5447 5419 5395 5397 5392 5396 5401 5406 5410 5415 5421 5430 5433 5435 5449 5469 5493 5493 5469 5445 5436 5438 5440
5533 5535 5538 5548 5547 5521 5489 5485 5468 5448 5439 5463 5473 5476 5475 5462 5455 5450 5448 5440 5444 5472 5493 5500 5489 5457 5439 5417 5397 5381 5395 5405 5421 5442 5418 5406 5399 5392 5384 5385 5399 5390 5390 5396 5395 5395 5399 5404 5409 5409 5379 5365 5356 5367 5376 5378 5380 5379 5376 5391 5409 5399 5393 5385 5386 5386 5390 5395 5400 5405 5409 5413 5418 5426 5439 5457 5479 5495 5484 5460 5441 5437 5437 5441
5512 5528 5543 5564 5569 5562 5559 5527 5493 5470 5462 5467 5478 5478 5479 5483 5479 5475 5469 5458 5456 5471 5476 5466 5448 5420 5395 5395 5388 5378 5382 5387 5383 5377 5395 5395 5395 5394 5398 5403 5389 5380 5381 5388 5384 5388 5394 5398 5401 5399 5395 5376 5364 5366 5370 5377 5379 5380 5384 5389 5389 5389 5379 5375 5374 5380 5387 5392 5396 5400 5404 5408 5413 5424 5443 5473 5491 5479 5463 5451 5440 5436 5436 5436
5508 5516 5527 5549 5567 5578 5597 5550 5515 5491 5473 5482 5479 5484 5490 5491 5491 5492 5493 5498 5489 5472 5450 5437 5424 5409 5391 5385 5386 5386 5379 5377 5375 5372 5379 5385 5390 5396 5403 5408 5394 5376 5372 5383 5386 5386 5388 5391 5394 5394 5383 5374 5371 5370 5371 5370 5374 5375 5375 5373 5369 5369 5375 5375 5369 5376 5386 5389 5392 5396 5400 5404 5408 5419 5448 5475 5487 5444 5439 5439 5437 5435 5434 5435
5502 5500 5501 5499 5525 5557 5577 5556 5534 5513 5493 5485 5480 5490 5504 5501 5503 5506 5510 5514 5505 5485 5461 5441 5410 5399 5384 5379 5379 5377 5375 5372 5370 5370 5370 5375 5383 5391 5398 5400 5388 5372 5365 5374 5378 5378 5379 5380 5380 5376 5362 5355 5361 5367 5367 5368 5369 5367 5367 5364 5357 5361 5368 5366 5364 5372 5382 5385 5389 5393 5397 5402 5409 5422 5440 5450 5434 5422 5425 5429 5435 5434 5432 5432
5474 5482 5483 5490 5502 5524 5556 5581 5549 5530 5521 5495 5485 5486 5494 5501 5508 5515 5519 5520 5512 5497 5480 5461 5411 5404 5385 5377 5373 5367 5367 5369 5369 5364 5363 5370 5379 5387 5392 5384 5379 5369 5365 5373 5375 5374 5373 5371 5366 5360 5354 5353 5356 5359 5360 5358 5359 5360 5361 5362 5356 5358 5362 5361 5360 5365 5374 5381 5385 5390 5394 5401 5410 5422 5433 5431 5411 5415 5419 5426 5428 5428 5425 5424
5472 5473 5472 5470 5482 5491 5503 5533 5533 5529 5526 5495 5474 5465 5480 5499 5512 5522 5527 5527 5517 5503 5494 5477 5432 5416 5395 5376 5375 5371 5366 5367 5368 5362 5358 5366 5376 5385 5395 5395 5386 5366 5368 5377 5378 5370 5371 5366 5358 5348 5350 5352 5349 5346 5353 5351 5351 5354 5354 5356 5356 5354 5353 5358 5362 5369 5373 5377 5382 5388 5394 5400 5406 5412 5414 5402 5399 5406 5415 5422 5423 5422 5420 5418
5468 5471 5469 5466 5474 5480 5486 5496 5504 5510 5509 5479 5460 5470 5485 5500 5514 5526 5533 5533 5523 5505 5481 5460 5443 5442 5405 5379 5378 5378 5368 5365 5364 5360 5357 5364 5373 5385 5402 5416 5396 5373 5370 5374 5378 5376 5373 5365 5356 5351 5347 5345 5345 5346 5345 5348 5350 5351 5351 5345 5350 5355 5360 5357 5361 5365 5368 5373 5379 5385 5389 5394 5400 5405 5401 5396 5400 5406 5412 5417 5417 5417 5419 5421
5464 5467 5470 5476 5478 5483 5486 5487 5486 5488 5481 5465 5466 5461 5484 5501 5517 5532 5541 5540 5529 5511 5489 5469 5452 5427 5399 5397 5379 5368 5357 5360 5360 5357 5359 5365 5371 5379 5390 5399 5394 5387 5366 5359 5362 5387 5377 5365 5355 5347 5343 5345 5344 5340 5349 5352 5354 5354 5352 5341 5346 5350 5355 5355 5358 5359 5359 5369 5377 5382 5387 5389 5392 5390 5390 5392 5398 5404 5408 5413 5413 5409 5408 5410
5451 5456 5457 5465 5478 5489 5489 5481 5480 5478 5470 5461 5447 5444 5465 5497 5518 5535 5548 5550 5535 5517 5501 5481 5464 5440 5408 5391 5378 5359 5354 5356 5356 5357 5361 5366 5368 5369 5367 5372 5390 5393 5379 5357 5356 5371 5371 5363 5355 5347 5342 5343 5344 5347 5351 5363 5354 5360 5356 5352 5346 5345 5345 5351 5356 5365 5367 5372 5376 5379 5382 5384 5384 5383 5385 5390 5394 5401 5404 5402 5399 5399 5397 5399
