real_craters/C158-750m.grd
DSAA
154 154
-57.2425 57.2425
-57.2425 57.2425
4321.9985112589 6607.5227864185
[rows 0 to 37 of 154, columns 0 to 83 of 154]
6111 6054 5990 5968 5920 5892 5862 5830 5816 5803 5786 5774 5763 5759 5753 5755 5754 5749 5737 5725 5718 5713 5711 5712 5705 5710 5709 5711 5712 5714 5712 5700 5692 5692 5682 5675 5669 5664 5659 5673 5690 5701 5707 5707 5686 5664 5671 5674 5671 5673 5679 5683 5666 5655 5657 5688 5710 5709 5699 5698 5700 5701 5700 5697 5692 5689 5686 5686 5690 5694 5700 5710 5737 5763 5781 5789 5790 5780 5743 5760 5768 5893 6124 6204
6053 6043 5987 5929 5891 5865 5841 5824 5802 5773 5766 5762 5757 5749 5748 5747 5744 5737 5723 5713 5710 5704 5700 5706 5710 5704 5705 5705 5708 5712 5708 5690 5689 5687 5679 5671 5663 5658 5657 5671 5693 5712 5705 5697 5680 5666 5658 5656 5665 5670 5674 5676 5668 5660 5659 5692 5728 5718 5705 5709 5714 5712 5709 5704 5701 5697 5692 5690 5692 5696 5711 5732 5776 5796 5795 5765 5760 5774 5745 5767 5819 5847 5943 5978
6067 6030 5963 5895 5862 5845 5833 5829 5802 5777 5762 5755 5750 5746 5743 5742 5743 5738 5723 5712 5705 5701 5702 5703 5709 5699 5695 5698 5701 5704 5704 5703 5695 5687 5682 5672 5662 5655 5653 5673 5697 5717 5712 5678 5672 5667 5660 5660 5666 5673 5672 5670 5676 5669 5667 5688 5724 5728 5731 5733 5736 5735 5731 5723 5716 5709 5700 5693 5692 5709 5717 5749 5776 5788 5780 5753 5775 5857 5868 5819 5828 5873 5904 5929
6028 6005 5942 5875 5843 5828 5819 5807 5797 5774 5757 5751 5746 5742 5738 5740 5750 5755 5750 5731 5710 5699 5702 5698 5704 5700 5691 5692 5695 5702 5710 5711 5695 5685 5676 5668 5663 5657 5658 5676 5698 5712 5695 5682 5676 5670 5663 5664 5671 5683 5694 5700 5702 5689 5670 5677 5702 5727 5758 5756 5758 5760 5762 5757 5747 5734 5714 5705 5703 5714 5716 5742 5759 5775 5771 5769 5847 6015 6065 5939 5848 5870 5904 5956
6056 5989 5926 5875 5839 5820 5806 5798 5789 5778 5765 5753 5744 5733 5729 5741 5757 5772 5790 5755 5716 5697 5698 5695 5698 5701 5691 5690 5689 5687 5700 5708 5693 5678 5674 5672 5667 5663 5667 5683 5700 5703 5678 5676 5680 5670 5661 5659 5677 5699 5711 5734 5751 5748 5705 5686 5691 5726 5764 5776 5784 5788 5797 5795 5785 5766 5741 5722 5717 5723 5721 5732 5739 5761 5757 5764 5856 6150 6321 5993 5857 5851 5893 5973
5992 5947 5898 5850 5823 5813 5802 5797 5786 5777 5778 5762 5746 5735 5727 5754 5759 5766 5769 5748 5715 5695 5690 5689 5690 5694 5693 5695 5688 5680 5683 5682 5668 5667 5669 5673 5669 5666 5672 5690 5709 5710 5676 5673 5676 5668 5659 5658 5682 5716 5757 5789 5824 5856 5835 5766 5774 5774 5779 5801 5816 5826 5830 5836 5827 5809 5775 5739 5725 5726 5725 5725 5727 5728 5735 5747 5826 6114 6219 5933 5860 5843 5856 5885
5899 5891 5870 5843 5824 5817 5809 5799 5792 5781 5764 5754 5747 5736 5749 5759 5751 5746 5743 5730 5714 5707 5693 5682 5681 5691 5715 5707 5688 5670 5664 5672 5659 5659 5661 5659 5667 5663 5672 5695 5716 5720 5676 5661 5665 5662 5658 5660 5686 5719 5767 5827 5898 5985 6080 5978 5938 5876 5835 5848 5860 5870 5881 5886 5891 5883 5845 5752 5745 5740 5721 5728 5743 5732 5759 5752 5774 5963 5979 5882 5850 5830 5805 5798
5852 5853 5850 5844 5836 5830 5820 5815 5801 5780 5761 5750 5755 5765 5746 5735 5735 5724 5713 5718 5721 5735 5707 5692 5691 5699 5713 5702 5685 5673 5659 5666 5661 5657 5658 5658 5664 5660 5674 5698 5714 5697 5668 5660 5659 5657 5658 5669 5688 5714 5760 5844 5943 6048 6151 6154 6091 6014 5924 5915 5911 5912 5925 5936 5954 5972 5985 5959 5863 5778 5739 5821 5933 5918 5871 5810 5774 5845 5857 5842 5813 5784 5756 5750
5828 5832 5836 5844 5850 5837 5827 5823 5802 5778 5762 5752 5755 5760 5743 5739 5732 5719 5708 5712 5716 5709 5699 5687 5696 5694 5688 5682 5672 5663 5663 5662 5661 5657 5657 5659 5651 5658 5677 5701 5721 5701 5659 5652 5649 5651 5655 5666 5684 5708 5755 5847 5951 6055 6134 6157 6144 6109 6010 5958 5938 5935 5945 5964 5995 6041 6107 6148 5987 5832 5785 5989 6101 6118 5981 5891 5814 5806 5813 5776 5751 5731 5722 5719
5819 5822 5827 5833 5835 5828 5819 5812 5798 5771 5755 5747 5743 5741 5742 5752 5745 5723 5711 5711 5712 5707 5690 5680 5679 5670 5665 5662 5661 5658 5663 5677 5668 5661 5657 5654 5653 5657 5677 5702 5723 5714 5674 5652 5647 5647 5650 5658 5674 5706 5756 5840 5940 6039 6115 6133 6128 6080 6020 5975 5952 5947 5962 5983 6017 6063 6123 6137 6006 5893 5871 5948 6024 6045 6000 5955 5942 5893 5812 5740 5716 5716 5738 5727
5809 5810 5813 5815 5813 5808 5801 5792 5771 5755 5740 5725 5726 5722 5727 5764 5753 5722 5709 5710 5714 5711 5691 5678 5680 5669 5661 5657 5658 5658 5665 5674 5666 5658 5657 5654 5651 5651 5673 5698 5717 5704 5695 5660 5645 5642 5649 5659 5681 5713 5763 5831 5916 6006 6099 6165 6116 6062 5992 5966 5953 5954 5972 5990 6012 6037 6050 6020 5946 5872 5871 5897 5916 5950 5959 5959 5975 5974 5897 5814 5753 5735 5748 5731
5798 5800 5800 5797 5792 5787 5782 5773 5757 5742 5728 5716 5713 5709 5707 5725 5735 5723 5715 5712 5709 5707 5700 5687 5680 5673 5665 5659 5655 5654 5659 5664 5665 5662 5658 5652 5647 5650 5667 5689 5706 5697 5689 5669 5649 5646 5652 5664 5683 5708 5753 5814 5887 5960 6025 6058 6067 6000 5948 5954 5957 5965 5980 5988 5997 5998 5976 5926 5870 5808 5802 5809 5846 5894 5898 5903 5896 5893 5880 5881 5842 5736 5716 5704
5794 5793 5789 5782 5773 5767 5767 5761 5746 5738 5724 5711 5707 5703 5700 5703 5719 5729 5723 5715 5709 5717 5711 5675 5676 5675 5669 5668 5659 5652 5651 5657 5662 5666 5658 5652 5649 5648 5665 5682 5692 5694 5688 5692 5657 5655 5658 5666 5682 5699 5739 5791 5846 5899 5945 5976 6004 5961 5919 5931 5942 5956 5967 5976 5974 5963 5933 5886 5830 5774 5759 5749 5753 5812 5833 5835 5825 5806 5811 5787 5742 5701 5670 5666
5797 5791 5784 5774 5759 5753 5759 5769 5775 5752 5725 5707 5704 5704 5704 5703 5704 5731 5725 5718 5716 5720 5707 5673 5667 5675 5677 5688 5680 5659 5650 5652 5654 5651 5652 5652 5653 5650 5666 5681 5685 5682 5691 5688 5678 5672 5665 5666 5678 5710 5735 5767 5804 5842 5876 5911 5934 5925 5902 5907 5920 5932 5947 5954 5955 5940 5907 5867 5820 5773 5741 5724 5728 5767 5782 5781 5778 5808 5753 5716 5695 5658 5632 5639
5801 5789 5779 5771 5765 5762 5748 5745 5757 5735 5721 5705 5702 5702 5702 5699 5692 5703 5712 5712 5710 5714 5703 5671 5662 5674 5675 5576 5634 5659 5652 5651 5651 5645 5652 5654 5652 5661 5678 5695 5694 5687 5688 5691 5700 5681 5666 5662 5666 5694 5716 5737 5760 5784 5804 5817 5835 5860 5876 5881 5892 5906 5921 5927 5920 5922 5909 5877 5819 5768 5736 5717 5737 5766 5767 5746 5715 5720 5707 5671 5640 5629 5621 5631
5800 5790 5779 5767 5759 5746 5729 5717 5738 5735 5723 5704 5698 5697 5695 5688 5691 5695 5701 5705 5703 5708 5700 5668 5655 5662 5668 5673 5680 5663 5657 5657 5658 5663 5666 5672 5677 5679 5698 5720 5722 5697 5689 5704 5721 5685 5666 5659 5657 5672 5692 5712 5729 5743 5747 5742 5756 5792 5826 5849 5866 5863 5874 5891 5898 5922 5933 5923 5852 5784 5740 5716 5756 5804 5791 5745 5686 5671 5677 5653 5625 5623 5624 5630
5794 5789 5779 5766 5750 5735 5719 5715 5745 5762 5734 5704 5689 5691 5688 5687 5688 5690 5696 5701 5705 5701 5689 5659 5648 5650 5651 5654 5656 5662 5657 5664 5669 5674 5685 5704 5709 5701 5729 5759 5732 5707 5709 5719 5723 5700 5676 5660 5648 5647 5670 5689 5703 5711 5714 5708 5717 5752 5791 5818 5830 5819 5818 5830 5863 5917 5961 6011 6026 5905 5761 5743 5849 5885 5835 5777 5719 5680 5675 5657 5638 5630 5629 5629
5795 5788 5778 5766 5753 5737 5717 5708 5734 5759 5734 5704 5690 5688 5684 5679 5682 5685 5692 5697 5695 5692 5679 5655 5648 5647 5649 5647 5645 5653 5656 5678 5698 5702 5725 5784 5777 5788 5836 5823 5786 5746 5717 5719 5726 5712 5688 5664 5645 5641 5660 5674 5686 5692 5698 5700 5721 5751 5789 5792 5781 5766 5754 5753 5774 5861 6016 6028 6108 5979 5806 5828 5901 5921 5875 5812 5752 5704 5681 5662 5644 5635 5628 5627
5796 5790 5780 5769 5754 5735 5720 5714 5725 5727 5715 5701 5693 5686 5682 5677 5679 5681 5691 5698 5698 5688 5671 5653 5644 5644 5646 5643 5640 5649 5663 5704 5752 5807 5879 5948 6002 6006 6010 5966 5951 5909 5802 5757 5737 5716 5692 5669 5651 5653 5656 5665 5673 5682 5692 5701 5715 5751 5797 5777 5740 5704 5671 5644 5624 5628 5713 5886 5984 5947 5867 5910 5976 5967 5903 5834 5768 5711 5679 5667 5656 5642 5633 5630
5802 5794 5784 5775 5764 5752 5745 5735 5725 5710 5705 5694 5682 5682 5680 5678 5672 5675 5689 5701 5703 5686 5671 5659 5651 5651 5645 5638 5633 5640 5668 5727 5805 5909 6036 6072 6112 6084 6055 6026 5997 5963 5893 5804 5745 5705 5688 5673 5664 5654 5657 5661 5670 5679 5691 5706 5726 5745 5758 5740 5709 5664 5616 5560 5498 5434 5515 5750 5902 5911 5895 5933 5978 5979 5901 5827 5768 5707 5661 5661 5652 5640 5633 5635
5812 5803 5794 5787 5782 5782 5775 5757 5740 5726 5713 5695 5678 5679 5682 5684 5682 5679 5687 5694 5693 5680 5667 5663 5662 5654 5645 5640 5633 5632 5671 5743 5830 5926 6001 6092 6128 6094 6064 6050 6025 5978 5864 5819 5760 5709 5692 5675 5664 5660 5657 5664 5675 5685 5695 5708 5741 5734 5717 5706 5685 5643 5587 5519 5450 5404 5495 5701 5846 5864 5868 5882 5913 5926 5855 5790 5736 5705 5675 5658 5648 5639 5635 5636
5815 5808 5801 5794 5790 5786 5785 5774 5755 5740 5721 5698 5678 5677 5683 5689 5698 5692 5682 5681 5678 5669 5659 5662 5665 5654 5645 5644 5636 5634 5679 5755 5839 5924 5998 6100 6141 6115 6093 6072 6059 6011 5912 5869 5810 5738 5704 5682 5675 5654 5655 5668 5680 5692 5702 5709 5732 5732 5727 5715 5689 5645 5590 5524 5459 5436 5530 5699 5807 5798 5793 5817 5816 5796 5790 5759 5734 5710 5691 5663 5651 5643 5641 5642
5822 5817 5813 5806 5799 5788 5780 5773 5758 5750 5726 5700 5687 5685 5687 5686 5670 5668 5669 5666 5663 5660 5656 5653 5654 5646 5644 5643 5636 5636 5690 5766 5850 5940 6040 6115 6146 6141 6124 6103 6088 6066 6013 5952 5901 5838 5744 5690 5676 5656 5660 5674 5686 5699 5712 5721 5729 5744 5753 5744 5710 5671 5623 5569 5506 5445 5560 5708 5778 5746 5747 5784 5748 5740 5751 5746 5730 5706 5685 5669 5656 5652 5649 5654
5838 5834 5828 5819 5810 5800 5794 5771 5748 5724 5705 5695 5680 5675 5688 5693 5683 5666 5663 5655 5654 5654 5655 5658 5653 5650 5645 5641 5646 5649 5703 5776 5858 5944 6035 6106 6145 6154 6149 6127 6114 6109 6080 6025 5986 5967 5803 5696 5675 5677 5684 5685 5693 5705 5725 5756 5764 5765 5769 5761 5739 5709 5680 5654 5628 5581 5648 5725 5761 5746 5751 5758 5711 5719 5729 5725 5712 5693 5672 5658 5649 5641 5646 5650
5855 5853 5848 5835 5823 5810 5783 5757 5736 5717 5706 5695 5682 5685 5696 5706 5703 5692 5673 5661 5654 5653 5652 5652 5649 5643 5635 5638 5645 5668 5711 5774 5850 5930 5997 6092 6149 6162 6161 6156 6140 6133 6106 6055 6006 5946 5810 5697 5668 5680 5691 5688 5693 5702 5719 5742 5762 5773 5775 5775 5768 5751 5738 5743 5786 5861 5764 5737 5755 5786 5767 5733 5691 5683 5699 5704 5694 5678 5658 5648 5644 5640 5642 5643
5886 5882 5854 5846 5831 5815 5783 5741 5728 5716 5709 5702 5692 5688 5704 5713 5706 5691 5671 5658 5656 5655 5653 5650 5646 5640 5639 5640 5643 5660 5708 5771 5844 5924 6018 6116 6154 6173 6182 6179 6168 6151 6112 6050 5978 5898 5783 5690 5663 5668 5677 5681 5685 5691 5700 5708 5736 5759 5781 5807 5788 5776 5771 5780 5805 5818 5779 5723 5736 5753 5735 5701 5678 5671 5676 5686 5681 5668 5655 5649 5642 5639 5641 5650
5938 5905 5891 5865 5838 5803 5765 5739 5726 5718 5705 5706 5699 5703 5712 5718 5699 5674 5662 5661 5660 5659 5660 5655 5647 5644 5642 5635 5636 5650 5698 5762 5832 5908 6002 6107 6159 6184 6198 6195 6198 6191 6114 6018 5924 5824 5730 5675 5657 5659 5666 5672 5675 5680 5687 5698 5722 5750 5770 5770 5784 5788 5789 5783 5771 5756 5747 5721 5716 5724 5698 5679 5673 5681 5674 5661 5665 5662 5657 5645 5642 5636 5639 5648
5991 5950 5909 5880 5848 5799 5770 5745 5725 5717 5723 5709 5701 5698 5714 5716 5696 5671 5664 5669 5668 5665 5660 5655 5647 5637 5640 5634 5638 5644 5691 5752 5818 5884 5951 6072 6167 6189 6198 6204 6212 6209 6069 5960 5869 5785 5714 5667 5652 5656 5662 5666 5669 5670 5674 5686 5710 5746 5765 5783 5793 5801 5798 5782 5758 5738 5722 5707 5693 5680 5681 5670 5657 5653 5653 5654 5660 5662 5648 5650 5649 5647 5647 5647
5976 5943 5912 5881 5854 5821 5780 5738 5717 5705 5695 5702 5699 5698 5706 5706 5687 5670 5673 5677 5677 5674 5665 5658 5652 5641 5644 5651 5654 5656 5714 5780 5839 5894 5975 6131 6169 6157 6167 6176 6125 5971 5934 5871 5808 5753 5713 5673 5660 5660 5664 5667 5666 5665 5662 5671 5699 5720 5754 5781 5803 5821 5809 5783 5755 5727 5701 5677 5675 5673 5678 5668 5655 5647 5646 5658 5670 5678 5676 5675 5662 5655 5653 5653
5926 5909 5891 5870 5853 5829 5782 5728 5708 5698 5693 5702 5697 5687 5686 5681 5683 5675 5679 5683 5687 5687 5686 5675 5662 5657 5662 5681 5662 5695 5777 5833 5859 5888 5944 6108 6130 6059 5965 5911 5890 5823 5803 5782 5747 5708 5674 5663 5661 5665 5670 5673 5670 5663 5662 5678 5704 5730 5784 5848 5881 5859 5825 5787 5746 5720 5698 5677 5675 5673 5672 5667 5659 5647 5641 5671 5680 5690 5696 5681 5667 5654 5649 5663
5844 5867 5842 5844 5838 5819 5769 5717 5698 5693 5696 5700 5697 5696 5695 5688 5697 5709 5694 5693 5695 5698 5699 5678 5658 5668 5671 5670 5667 5805 5896 5892 5876 5871 5886 6001 6020 5948 5844 5768 5744 5713 5721 5715 5692 5669 5645 5652 5657 5668 5682 5686 5675 5667 5667 5694 5740 5799 5894 5941 5945 5894 5845 5799 5760 5725 5707 5690 5680 5672 5665 5670 5671 5667 5670 5668 5678 5684 5687 5681 5665 5648 5642 5660
5766 5791 5813 5821 5819 5808 5756 5703 5692 5693 5699 5703 5695 5687 5678 5689 5714 5734 5727 5706 5701 5703 5707 5690 5673 5661 5647 5650 5699 5917 5996 5930 5872 5842 5852 5877 5910 5898 5840 5783 5720 5691 5684 5679 5669 5654 5640 5639 5646 5667 5688 5695 5680 5672 5677 5714 5778 5863 5957 5969 5948 5906 5853 5800 5753 5724 5708 5693 5682 5672 5666 5678 5693 5709 5686 5668 5678 5683 5680 5672 5661 5648 5639 5660
5687 5744 5774 5787 5789 5776 5739 5700 5693 5694 5696 5693 5694 5692 5687 5706 5725 5743 5736 5714 5703 5696 5693 5689 5684 5670 5655 5656 5749 5945 5964 5903 5838 5788 5775 5844 5902 5917 5879 5805 5711 5674 5664 5661 5658 5652 5650 5647 5648 5663 5679 5685 5676 5675 5691 5731 5793 5871 5970 5971 5956 5912 5851 5793 5747 5711 5686 5679 5684 5679 5679 5687 5700 5706 5719 5693 5686 5690 5690 5682 5672 5661 5655 5668
5673 5736 5764 5770 5762 5753 5728 5714 5702 5697 5692 5685 5700 5720 5750 5741 5730 5724 5721 5715 5700 5681 5667 5674 5684 5670 5653 5690 5788 5843 5864 5847 5794 5736 5722 5835 5928 5941 5907 5803 5671 5648 5654 5656 5660 5658 5655 5652 5652 5656 5665 5671 5668 5673 5695 5730 5783 5838 5893 5931 5956 5907 5836 5773 5727 5699 5675 5667 5664 5672 5681 5692 5703 5714 5698 5686 5687 5696 5703 5701 5693 5680 5673 5671
5717 5767 5778 5767 5743 5722 5713 5710 5702 5700 5704 5705 5716 5735 5745 5740 5717 5695 5692 5713 5693 5673 5659 5661 5660 5659 5674 5759 5822 5846 5841 5807 5757 5705 5705 5844 5969 5914 5833 5742 5668 5667 5689 5698 5696 5685 5670 5659 5652 5650 5653 5653 5658 5657 5664 5711 5757 5796 5833 5864 5894 5857 5805 5751 5711 5696 5685 5667 5665 5674 5685 5695 5704 5708 5696 5677 5684 5696 5715 5723 5719 5707 5677 5671
5801 5811 5797 5772 5741 5716 5702 5691 5687 5696 5714 5740 5736 5738 5749 5725 5701 5683 5685 5689 5677 5665 5659 5656 5653 5655 5662 5762 5826 5830 5823 5777 5735 5706 5716 5794 5836 5814 5764 5731 5681 5747 5774 5765 5746 5720 5694 5673 5646 5647 5652 5659 5660 5660 5670 5701 5742 5772 5784 5794 5788 5785 5774 5746 5718 5697 5680 5665 5661 5681 5692 5701 5707 5709 5703 5685 5684 5700 5727 5757 5777 5748 5711 5694
5894 5857 5821 5786 5754 5725 5701 5680 5673 5688 5706 5718 5713 5724 5723 5698 5681 5666 5652 5655 5656 5652 5651 5654 5661 5663 5680 5737 5782 5777 5763 5739 5715 5708 5719 5739 5753 5731 5706 5712 5803 5907 5884 5837 5791 5747 5707 5673 5650 5646 5653 5664 5666 5671 5682 5700 5723 5748 5759 5762 5761 5761 5759 5748 5726 5701 5679 5666 5662 5676 5689 5704 5718 5717 5703 5696 5693 5698 5740 5783 5810 5785 5750 5726
5902 5861 5830 5800 5763 5734 5709 5680 5665 5680 5699 5699 5699 5712 5702 5671 5661 5653 5646 5645 5646 5642 5643 5653 5670 5692 5714 5718 5728 5718 5709 5698 5685 5679 5683 5693 5699 5703 5670 5708 5952 6030 5940 5871 5813 5761 5720 5673 5652 5646 5652 5661 5668 5671 5683 5699 5719 5737 5751 5760 5757 5759 5763 5752 5732 5705 5682 5670 5665 5669 5683 5702 5724 5748 5705 5723 5716 5719 5755 5791 5813 5797 5766 5737
