real_craters/C158-500m.grd
DSAA
230 230
-57.2425 57.2425
-57.2425 57.2425
4312.2392386236 6604.0017101085
[rows 150 to 179 of 230, columns 0 to 66 of 230]
5534.88 5511.08 5501.77 5503.05 5502.58 5501.43 5498.14 5491.58 5491 5488.7 5482.81 5484.11 5485.38 5486.99 5488.84 5484.56 5479.37 5473.84 5467.78 5459.89 5459.34 5461.7 5462.83 5463.16 5463.12 5471.61 5469.29 5467.05 5472.92 5481.42 5491.41 5505.53 5520.36 5537.2 5545.58 5552.43 5554.73 5551.8 5543.5 5531.56 5522.19 5511.2 5505.76 5499.21 5490.71 5499.76 5498.04 5493.73 5490.15 5485.81 5488.07 5494.18 5500 5504.75 5503.96 5500.27 5497.98 5499.3 5504.42 5504.01 5505.15 5506.14 5507.22 5509.11 5511.52 5513.87 5515.41
5528.68 5507.86 5498.78 5498.65 5497.65 5496.29 5493.69 5488.69 5485.24 5482.24 5478.32 5478.43 5479.49 5475.93 5474.54 5478.65 5478.43 5476.03 5472.55 5471.13 5466.42 5464.89 5464.3 5464.43 5465.77 5465.67 5468.45 5471 5477.64 5489.22 5503.44 5519.41 5541.57 5568.44 5576 5579.59 5589.57 5573.43 5554.52 5539.02 5530.99 5523.87 5510.24 5497.92 5488.41 5504.58 5498.25 5483.16 5484.16 5485.73 5489.49 5496.75 5502.73 5502.76 5498.14 5495.4 5493.67 5497.51 5505.88 5505.36 5502.92 5502.5 5502.77 5504.32 5506.72 5510.36 5516.68
5520.55 5505.16 5495.37 5493.79 5492.94 5491.43 5488.61 5485.12 5481.02 5478.55 5476.76 5477.26 5476.35 5475.4 5475.09 5476.91 5478.75 5478.9 5477.42 5472.8 5471.96 5469.21 5468.03 5465.99 5462.64 5462.24 5468.65 5475.43 5482.13 5490.73 5500.34 5525.8 5565.52 5611.19 5666.88 5688.98 5649.7 5592.34 5556.39 5544.07 5537.28 5530.34 5517.7 5498.67 5498.78 5502.24 5496.58 5487.53 5485.14 5484.64 5488.42 5499.87 5511.2 5504.48 5491.54 5491.63 5492.97 5492.51 5490.64 5497.18 5498.39 5497.9 5498.18 5499.17 5501.46 5505.23 5511.13
5512.32 5501.08 5490.76 5489.91 5489.22 5487.71 5485.12 5481.77 5481.19 5478.85 5476.82 5475.05 5473.59 5474.67 5475.69 5477.2 5479.74 5483.16 5485.46 5482.83 5478.86 5473.73 5469.86 5467.25 5467.65 5468.24 5467.02 5468.9 5476.54 5488.63 5496.5 5529.18 5577.6 5632.25 5701.11 5780.74 5688.45 5603.88 5561.39 5549.23 5543.04 5535.58 5532.98 5531.64 5511.16 5496.67 5497.05 5495.41 5489.63 5487.89 5491.84 5500.49 5510.96 5505.05 5490.2 5490.58 5494.16 5494.22 5493.85 5498.16 5493.36 5492.95 5493.49 5494.32 5495.59 5497.67 5501.37
5504.08 5497.98 5493.03 5488.35 5486.96 5485.71 5483.37 5481.41 5481.96 5478.66 5476.44 5474.33 5473.66 5472.45 5473.76 5476.67 5480.22 5484.78 5492.64 5496.45 5483.93 5476.44 5471.3 5468.17 5467.12 5468.16 5469.17 5469.84 5478.56 5496.51 5508.04 5538.77 5582.39 5620.31 5648.85 5684.78 5660.5 5598.1 5566.16 5555.58 5550.21 5551.83 5546.78 5535.21 5514.99 5496.13 5497.21 5496.56 5492.37 5488.3 5487.66 5495.78 5504.49 5502.55 5493.56 5490.24 5493.88 5497.4 5499.3 5485.63 5486.39 5487.37 5487.84 5488.56 5488.65 5487.77 5486.1
5497 5493.51 5487.58 5485.84 5485.4 5485.16 5484.63 5481.55 5476.09 5476.27 5476.1 5475.55 5476.05 5471.96 5472.73 5475.62 5479.34 5482.88 5483.31 5482.8 5481.17 5475.27 5470.59 5468.03 5471.1 5484.79 5488.66 5486.44 5493.51 5518.74 5541.13 5569.78 5591.08 5601.92 5603.52 5597.13 5603.94 5586.69 5568.46 5562.48 5567.13 5561.14 5545.23 5528.93 5512.42 5497.91 5501.24 5499.81 5493.38 5488 5483.74 5489.09 5493.29 5490.97 5478.43 5485.74 5493.16 5495.18 5494.26 5485.57 5482.7 5484.72 5485.64 5485.03 5483.12 5479.28 5472.69
5491.24 5489.06 5484.45 5483.48 5484.08 5484.75 5485.12 5482.7 5476.21 5475.62 5475.74 5475.95 5472.8 5469.68 5471.78 5474.41 5477.67 5481.71 5486.09 5482.96 5478.35 5472.52 5468.59 5467.87 5473.79 5511.62 5529.82 5519.7 5516.24 5542.4 5588.39 5624.19 5594.54 5584.34 5575.06 5566.67 5564.45 5564.89 5564.42 5562.68 5561.57 5554.7 5541.29 5527.75 5516.12 5508.23 5500.85 5498.09 5493.15 5487.6 5486.08 5483.42 5482.2 5479.61 5480 5484.38 5488.82 5491.08 5488.55 5482.83 5483.07 5484.86 5484.96 5483.45 5479.84 5474.74 5466.83
5488.15 5484.74 5482.18 5482.35 5482.62 5483.47 5484.54 5483.91 5478.5 5476.12 5475.32 5474.04 5470.4 5470.94 5471.79 5473.02 5474.95 5478.09 5485.12 5480.81 5474.48 5469.92 5466.94 5467.12 5473.93 5505.26 5546.52 5548.76 5537.31 5546.49 5563.29 5569.62 5571.37 5564.83 5558.16 5547.33 5550.39 5556.9 5558.43 5558.32 5557.51 5550.88 5537.63 5527.45 5518.52 5512.44 5509.08 5501.15 5493.22 5485.32 5477.61 5473.98 5473.05 5473.52 5479.23 5486.26 5489.89 5489.25 5488.45 5488.48 5487.59 5485.42 5483.47 5480.75 5477.29 5473.24 5468.09
5486.43 5483.88 5481.96 5480.11 5480.96 5481.5 5481.73 5480.42 5477.58 5475.83 5475 5475.14 5473.63 5473.61 5472.68 5471.88 5470.98 5469.74 5466.53 5470.17 5469.32 5467.24 5466.03 5466.87 5472.16 5488.07 5530 5554.41 5537.55 5534.44 5534.85 5536.92 5545.25 5548.86 5549.21 5547.01 5548.71 5553.29 5554.69 5554.03 5552.64 5546.68 5537.19 5529.76 5524.92 5519.32 5510.85 5504.01 5493.52 5483.1 5472.7 5467.59 5467.65 5467.8 5476.7 5483.17 5485.04 5484.9 5486.86 5491.61 5491.08 5486.3 5482.92 5479.72 5476.7 5473.59 5470.4
5484.93 5482.61 5482.18 5481.05 5479.39 5479.37 5478.32 5475.51 5476.47 5475.36 5474.06 5473.14 5475.26 5475.47 5473.1 5470.78 5468.12 5464.65 5462.25 5464.21 5465.74 5465.39 5465.65 5467.09 5469.19 5473.27 5484.25 5504.76 5513.76 5516.42 5516.53 5517.67 5528.88 5536.56 5540.98 5545.02 5548.1 5550.11 5550.2 5549.11 5545.81 5540.33 5530.4 5522.69 5519.37 5519.13 5517.41 5504.4 5492.59 5482.07 5473.11 5468 5465.85 5466.78 5469.66 5470.7 5473.66 5476.8 5478.94 5482.7 5485.97 5483.9 5480.43 5477.64 5475.21 5472.78 5469.76
5482.04 5480.49 5478.33 5476.03 5478.31 5478.29 5477.03 5474.44 5475.6 5474.33 5472.64 5470.81 5470.79 5472.99 5472.31 5470.57 5467.89 5464.43 5461.84 5462.85 5464.07 5464.92 5465.6 5467.54 5469.25 5467.65 5471.75 5484.32 5494.69 5501.84 5505.08 5509.32 5520.1 5526.09 5532.12 5536.14 5542.68 5544.83 5545.11 5544.26 5541.9 5537.78 5529.53 5523.63 5518.48 5513.98 5508.53 5500.29 5490.29 5481.27 5474.17 5469.06 5466.13 5463.88 5466.53 5469.54 5470.99 5470.81 5466.82 5468.25 5483.16 5478.47 5476.31 5474.91 5473.52 5470.4 5466.61
5480.03 5479.51 5479.38 5480.48 5479.35 5478.47 5477.32 5475.95 5473.18 5472.35 5471.56 5470.95 5471.66 5472.04 5471.77 5471.04 5469.71 5468.03 5466.15 5464.94 5464.25 5464.12 5464.36 5465.44 5467.06 5466.87 5467.47 5474.78 5484.36 5490.78 5496.69 5504.76 5513.57 5517.61 5523.56 5528.25 5533.35 5537.64 5538.55 5538.71 5538.72 5537.41 5526.93 5516.13 5507.21 5505.7 5503.29 5493.48 5486.2 5479.69 5474.33 5468.99 5469.74 5469.02 5474.39 5485.62 5477.92 5471.02 5463.2 5456.48 5461.9 5468.1 5470.82 5472.04 5471.94 5469.11 5459.38
5479.11 5479.31 5479.36 5480.2 5480.08 5479.31 5478.31 5474.86 5471.47 5471.58 5472.04 5472.1 5471.88 5470.4 5471.8 5472.24 5472.5 5472.53 5470.35 5466.95 5464.31 5462.59 5461.49 5461.82 5463.92 5468.19 5471.94 5476.9 5483.4 5489.82 5495.84 5501.33 5509.64 5513.93 5519.18 5524.98 5532.9 5531.72 5532.91 5533.08 5533.06 5531.74 5522.12 5511.7 5500.63 5490.69 5485.33 5484.35 5480.2 5476.63 5475.28 5478.53 5474.57 5476.8 5480.71 5478.12 5479.4 5474.81 5468.33 5460.28 5455.1 5461.31 5465.6 5468.43 5471.04 5473.73 5471.84
5477.54 5478.26 5478.69 5480.4 5479.72 5479.84 5480.58 5481.3 5475.46 5474.24 5474.5 5474.37 5473.44 5473.6 5473.52 5473.09 5473.09 5474.7 5471.72 5467.46 5464.07 5461.15 5458.17 5456.64 5460.11 5465.42 5476.92 5481.09 5483.13 5487.95 5493.45 5498.99 5505.06 5508.62 5512.94 5518.32 5524.67 5525.64 5527.24 5527.33 5524.12 5518.28 5509.72 5501.68 5497.63 5487.37 5481.11 5478.05 5474.89 5471.94 5470.35 5469.83 5470.66 5474.73 5479.22 5480.25 5482.62 5479.51 5476.22 5476.61 5462.23 5460.49 5461.59 5463.74 5467.09 5474.17 5487.85
5476.86 5476.99 5476.88 5476.17 5477.08 5479.23 5481.21 5482.91 5481.76 5479.34 5479.08 5478.62 5475.13 5477.48 5475.49 5473.48 5470.87 5468 5468.81 5467.2 5464.68 5461.5 5457.91 5452.29 5459.78 5472.88 5475.99 5476.04 5480.93 5485.26 5490.88 5496.65 5502.66 5503.43 5505.55 5508.42 5512.22 5519.9 5521.42 5518.76 5514.72 5508.85 5501.42 5495.45 5491.43 5489.42 5480.45 5474.26 5470.14 5466.58 5463.06 5459.46 5462.01 5467.72 5472.26 5484.97 5486.16 5481.3 5477.38 5473.99 5469.53 5460.19 5457.97 5457.94 5458.44 5458.36 5455.01
5476.92 5477.11 5476.45 5475.92 5476.54 5478.97 5480.93 5482.37 5486.19 5479.71 5484.56 5487.15 5486.27 5478.89 5476.54 5474.44 5472.88 5466.82 5468.86 5468.7 5467.16 5465.21 5464.38 5465.53 5471.01 5482.94 5477.95 5474.38 5477.13 5482.15 5487.54 5494.33 5498.94 5498.05 5498.47 5499.56 5505.28 5519.26 5516.42 5511.55 5506.9 5504.82 5504.39 5498.55 5486.66 5479.11 5473.88 5469.68 5466.1 5462.54 5458.69 5455.11 5458.1 5466.08 5473.07 5480.15 5483.65 5478.6 5472.88 5467.68 5458.36 5455.11 5452.8 5451.21 5448.86 5444.74 5441.18
5477.57 5477.45 5476.87 5477.17 5478.97 5479.54 5481.33 5481.41 5479.39 5484 5491.79 5496.52 5492.88 5482.81 5476.03 5474.78 5476.85 5479.9 5474.38 5471.8 5470.56 5469.69 5470.77 5475.73 5475.66 5483.15 5480.6 5473.37 5476.61 5481.55 5485.97 5489.64 5493.83 5493.46 5493.72 5493.25 5498.05 5512.95 5507.93 5502.75 5497.84 5494.34 5490.78 5486.64 5477.02 5467.26 5466.58 5465.98 5464.21 5461.98 5459.06 5456.38 5458.79 5467.29 5476.36 5479 5479.09 5473.33 5465.8 5455.52 5447.96 5448.32 5447.55 5445.97 5442.59 5437.12 5433.66
5477.51 5476.88 5477.56 5477.51 5476.23 5480.17 5483.75 5484.4 5486.24 5490.64 5499.42 5504.79 5496.1 5477.12 5472.11 5471.54 5472.98 5474.63 5473.98 5473.24 5472.79 5472.7 5472.13 5469.23 5467.16 5472.18 5484.14 5473.76 5476.97 5481.42 5485.45 5490.1 5488.65 5492.12 5492.92 5489.81 5488.31 5491.46 5494.62 5492.61 5488.15 5482.25 5482.76 5476.04 5469.53 5462.38 5464.03 5465.01 5464.55 5463.23 5462.19 5461.97 5464.14 5468.89 5473.09 5472.09 5470.02 5467.3 5460.06 5450.51 5443.42 5443.3 5444.4 5443.54 5441.04 5436.72 5433.2
5476.37 5477.47 5478.24 5479.3 5480.14 5480.7 5484.12 5484.1 5482.65 5505 5506.88 5497.1 5485.32 5472.66 5467.89 5466.65 5467.49 5469.79 5471.74 5473.61 5475.5 5476.49 5474.97 5468.93 5460.59 5458.91 5467.2 5473.06 5478.07 5483.79 5490.8 5495.89 5495.84 5500.71 5500.06 5491.47 5483.26 5484.44 5485.03 5483.56 5480.73 5476.75 5476.63 5473.69 5471.27 5468.46 5466.39 5465.85 5465.16 5465.24 5466.16 5468.64 5471.89 5471.37 5469.24 5469.19 5469.26 5466.2 5458.49 5448.97 5442.64 5443.98 5443.98 5443.62 5442.86 5441.38 5438.66
5477.15 5477.12 5477.91 5478.72 5479.43 5478.3 5479.28 5484.03 5490.1 5509.83 5506.51 5491.27 5479.29 5469.88 5463.57 5462.49 5462.7 5465.77 5469.94 5473.7 5476.69 5480.3 5482.5 5477.12 5464.5 5456.21 5458.82 5472.21 5480.83 5487.87 5494.53 5502.5 5516.63 5517.63 5513.53 5510.8 5495.67 5482.27 5481.03 5479.32 5476.54 5472.44 5471.56 5474.32 5474.49 5473.77 5470.27 5468.58 5468.27 5468.47 5470.2 5472.6 5475.08 5474.88 5473.83 5474.77 5477.69 5469.13 5459.39 5450.15 5444.54 5445.41 5444.46 5444.57 5445.33 5446.17 5443.22
5477.78 5477.34 5476.85 5476.17 5476.18 5474.24 5475.11 5484.62 5499.37 5504.61 5496.85 5489.54 5477.56 5467.33 5460.95 5460.57 5461.59 5464.65 5469.04 5473.65 5477.77 5482.1 5486.91 5484.03 5467.93 5454.56 5460.92 5476.9 5488.04 5497.04 5500.46 5506.42 5505.41 5504.69 5518.66 5541.83 5515.05 5486.89 5482.73 5481.41 5479.2 5475.87 5474.67 5475.14 5474.16 5475.18 5471.22 5469.47 5469.71 5470.26 5471.78 5474.04 5475.14 5477.36 5480.67 5482.59 5478.4 5470.1 5459.45 5450.99 5445.47 5443.84 5443.82 5444.82 5446.64 5447.87 5445.75
5477.33 5476.63 5475.22 5473.34 5471.04 5470.49 5473.29 5482.91 5493.02 5495.37 5492.94 5482.81 5474.14 5468.28 5460.61 5460.69 5462.83 5464.96 5468.72 5472.57 5476.34 5479.1 5479.69 5476.37 5469.6 5461.74 5467.55 5485.71 5502.86 5512.83 5515.84 5510.68 5503.84 5500.12 5504.44 5500.74 5503.52 5496.15 5486.42 5485.39 5486.02 5480.56 5473.83 5471.05 5465.86 5467.48 5468.38 5468.69 5469.13 5470.1 5471.55 5473.53 5476.17 5475.37 5475.07 5479.42 5476.62 5466.06 5456.35 5449 5444.56 5440.77 5441.09 5442.84 5445.57 5449.16 5445.85
5477.14 5475.88 5474.07 5471.15 5468.41 5468.74 5473.05 5480.67 5486.87 5489.56 5482.6 5474.5 5469.76 5463.98 5463.42 5462.76 5461.59 5465.98 5469.24 5471.84 5473.75 5475.18 5474.25 5469.79 5467.42 5471.08 5474.97 5504.26 5516.21 5523.84 5527.08 5524.4 5519.04 5512.93 5504.53 5479.12 5492.37 5495.33 5492.11 5489.74 5484.2 5479.48 5476.88 5467.08 5457.48 5461.33 5464.92 5465.97 5466.56 5467.4 5468.96 5470.56 5471.27 5471.02 5471.42 5473.89 5465.06 5456.55 5449.61 5442.87 5437.36 5433.51 5436.34 5439.57 5441.8 5442.3 5443.2
5475.92 5475.38 5474.2 5471.73 5468.81 5470.85 5476.64 5479.83 5481.16 5478.75 5475.1 5474.21 5467.45 5462.09 5463.64 5465.16 5467.87 5468.89 5470.53 5471.38 5472.11 5472.21 5471.31 5464.71 5459.64 5465.38 5483.22 5510.81 5531.67 5532.51 5533.78 5534.82 5540.45 5548.25 5535.61 5523.54 5508.08 5504.45 5504.51 5498.36 5489.11 5485.89 5480.97 5465.77 5460.8 5461.62 5461.97 5462.44 5462.91 5464.25 5465 5466.22 5468.13 5464.59 5461.11 5464.33 5457.01 5449.82 5442.95 5435.39 5427.22 5425.98 5431.14 5436.84 5440.3 5441.85 5441.9
5475.77 5475.32 5475.08 5475.12 5475.81 5478.96 5480.93 5480.36 5478.13 5474.65 5468.63 5466.97 5465.29 5464.17 5463.12 5465.84 5470.26 5471.88 5471.26 5469.93 5468.61 5467.26 5466.28 5462.93 5464.74 5462.53 5492.04 5548.05 5549.18 5536.61 5529.98 5532.76 5541.64 5556.48 5532.17 5519.44 5514.15 5516.73 5517.49 5506.46 5500.16 5496.39 5485.17 5470.86 5467.37 5462.66 5459.5 5458.65 5458.93 5459.29 5460 5460.34 5458.62 5454.14 5452.98 5452.81 5448.54 5441.36 5438.23 5432.46 5425.93 5426.01 5431.03 5435.72 5440.52 5443.04 5442.68
5475.03 5474.22 5475.9 5478.05 5482.06 5483.94 5486.04 5481.56 5477.44 5472.15 5467.45 5464.86 5463.52 5462.6 5460.54 5469.87 5477.29 5474.91 5471.24 5467.96 5464.67 5461.04 5456.74 5454.24 5454.22 5464.55 5486.81 5518.85 5525.24 5522.54 5520.56 5518.9 5519.06 5507.79 5503.4 5500.96 5506.72 5511.01 5512.46 5501.73 5496.66 5492.31 5487.33 5470.15 5463.26 5459.07 5456.1 5454.38 5454.24 5454.39 5455.52 5455.8 5456.18 5454.45 5450.52 5449.14 5443.27 5439.01 5437.94 5434.58 5431.52 5433.5 5432.91 5435.3 5439.78 5442.97 5444.74
5473.37 5475.26 5477.76 5480.4 5484.24 5482.33 5482.53 5480.71 5477.54 5473.01 5464.78 5464.3 5462.73 5461.17 5461.74 5476.12 5481.16 5475.25 5470.09 5464.88 5460.56 5457.09 5453.86 5448.72 5451.03 5457.84 5470.53 5476.52 5485.25 5496.91 5502.57 5503.86 5501.49 5493.77 5498.17 5502.17 5498.11 5493.76 5485.15 5481.76 5486.35 5483.12 5479.24 5466.14 5456.93 5452.03 5450.68 5449.16 5449.05 5448.77 5449.53 5450.21 5452.26 5456.74 5449.2 5441.94 5441.06 5445.51 5442.54 5438.39 5434.84 5432.63 5433.4 5435.78 5439.2 5444.46 5449.51
5468.14 5469.21 5472.22 5476.82 5481.21 5485.2 5482.46 5481.91 5480.57 5475.48 5466.92 5466.68 5465.38 5461.32 5456.91 5464.18 5473.68 5473.03 5468.67 5463.18 5457.68 5452.24 5449.61 5447.3 5453.94 5456.08 5461.51 5464.79 5471.14 5477.03 5483.56 5488.7 5493.12 5495.86 5502.92 5500.54 5487.79 5472.87 5457.86 5458.42 5466.06 5470.38 5466.94 5451.2 5448.75 5445.38 5444.13 5443.15 5442.55 5442.49 5443.1 5443.08 5442.35 5440.42 5441.48 5440.32 5442.81 5447.91 5446.9 5442.19 5438.09 5435.1 5434.58 5438.96 5444.86 5452.97 5460.56
5463.38 5465.74 5469.09 5473.11 5478.09 5475.98 5481.14 5485.75 5487.06 5487.91 5486.53 5478.01 5474.39 5468.31 5461.12 5463.2 5470.67 5471.54 5467.4 5461.2 5454.88 5449.14 5450.07 5458.04 5464.95 5469.89 5456.93 5452.11 5451.94 5460.14 5469.27 5477.04 5485.19 5495.56 5507.44 5495.95 5478.67 5460.65 5445.83 5447.29 5454.7 5459.28 5454.13 5446.24 5441.72 5438.57 5436.66 5435.42 5435 5434.06 5434.19 5433.76 5433.4 5433.37 5438.11 5443.38 5448.96 5453.02 5449.73 5446.32 5442.73 5438.77 5439.1 5446.06 5456.68 5468.49 5479.85
5457.93 5460.92 5464.08 5467.87 5474.72 5484.84 5488.02 5489.79 5493.28 5499.28 5500.47 5496.92 5490.2 5482.68 5476.63 5479.4 5477.89 5472.64 5466.33 5459.78 5453.08 5447.97 5450.84 5461.25 5458.81 5452.77 5447.54 5441.22 5437.15 5449.29 5459.13 5467.03 5474.71 5483.57 5491.75 5481.53 5468.41 5454.71 5443.48 5443.37 5445.74 5448.48 5446.47 5440.93 5437.3 5432.02 5430.86 5430.59 5429.83 5429.79 5428.92 5427.84 5426.93 5427.34 5436 5446.43 5453.95 5453.1 5450.8 5450.28 5450.17 5448.89 5449.92 5459.88 5472.07 5492.42 5509.45
