real_craters/C158-300m.grd
DSAA
383 383
-57.2425 57.2425
-57.2425 57.2425
4309.4294517808 6622.3482198412
[rows 240 to 269 of 383, columns 201 to 267 of 383]
5346.59 5320.26 5283.93 5270.87 5300.15 5336.87 5398.44 5418.14 5489.76 5565.06 5631.29 5692.77 5750.53 5807.07 5877.33 5975.07 6074.22 6182.29 6286.3 6293.95 6263.77 6251.28 6259.75 6237.39 6185.81 6132.67 6075.38 6026.6 5983.5 5951.95 5928.43 5882.52 5878.6 5885.5 5886.09 5865.3 5843.13 5816.6 5808.14 5787.12 5761 5744.67 5729.19 5712.77 5696.17 5681.9 5670.07 5662.05 5653.77 5643.62 5627.12 5620.75 5609.31 5600.59 5593.39 5585.49 5573.6 5562.83 5559.7 5558.44 5556.21 5552.57 5548.06 5545.53 5543.93 5542.56 5541.03
5446.76 5434.02 5422.27 5395.39 5420.66 5476.04 5564.87 5568.68 5625.42 5688.54 5752.78 5819.05 5888.33 5959.52 6042.88 6145.71 6206.02 6255.72 6303.89 6288.57 6235.47 6192.09 6152.45 6115.54 6063.57 6006.43 5975.77 5961.37 5952.96 5955.67 5951.22 5899.45 5884.89 5887.3 5886.23 5871.27 5855.56 5836.18 5820.69 5787.9 5755.84 5745.1 5728.85 5703.44 5688.63 5677.15 5665.19 5657.59 5649.57 5640.03 5626.34 5617.26 5609.32 5599.73 5588.67 5582.47 5576.32 5569.14 5565.49 5562.55 5559.05 5554.73 5549.8 5546.21 5543.42 5540.95 5539.29
5542.45 5547.9 5560.65 5542.57 5574.58 5641.97 5744.05 5745.84 5778.42 5821.59 5874.02 5938.65 6014.43 6103.65 6183.13 6252.19 6270.02 6266.22 6255.9 6215.53 6153.73 6094.71 6051.55 5999.02 5942.44 5880.73 5877.13 5897.32 5912.42 5920.87 5907.72 5888.62 5876.49 5871.16 5872.53 5872.9 5871.07 5870.66 5842.85 5792.23 5751.82 5741.64 5726.96 5703.48 5687.39 5678.12 5671.11 5658.92 5645.41 5634.34 5628.74 5618.28 5610.24 5602.11 5593.42 5587.16 5582.19 5578.13 5573.16 5568.09 5563.48 5558.82 5553.3 5547.63 5542.78 5539.29 5537.48
5621.09 5649.09 5682.97 5696.24 5743.76 5830.37 5932.5 5922.89 5923.54 5941.93 5978.23 6035.32 6108.42 6184.87 6255.65 6292.62 6277.81 6232.65 6174.6 6110.35 6050.52 5981.75 5915.28 5894.8 5859.38 5810.51 5821.83 5855.13 5876.48 5887.17 5872.07 5869.46 5865.08 5858.73 5865.88 5873.83 5877.7 5878.13 5850.83 5792.88 5749.54 5746.66 5728.42 5704.16 5687.26 5678.47 5666.44 5651.31 5642.07 5633.97 5624.48 5618.53 5612.48 5606.28 5600.02 5593.17 5587.85 5583.39 5578.25 5572.79 5567.65 5563.21 5556.76 5547.72 5540.59 5536.44 5534.63
5702.93 5754.05 5802.89 5837.49 5904.47 5999.51 6103.5 6059.52 6033.72 6031.11 6051.19 6095.59 6163.41 6251.61 6293.84 6309.9 6252.71 6177.96 6094.17 6016.36 5963.52 5902.15 5842.91 5842.7 5833.92 5823.47 5831.55 5845.19 5853.42 5854.92 5860.41 5852.32 5859.56 5870.48 5873.1 5876.38 5876.63 5866.87 5844.68 5792.66 5750.8 5748.72 5729.86 5705.56 5687.13 5675.07 5660.15 5644.89 5639.07 5632.52 5624.97 5620.04 5615.21 5609.69 5603.71 5597.21 5591.83 5587.85 5582.87 5575.4 5569.33 5565.06 5556.99 5541.62 5535.16 5532.54 5531.1
5785.59 5853.84 5925.1 5980.62 6033.49 6092.67 6142.16 6125.06 6095.02 6080.65 6085.41 6110.56 6158.29 6220.99 6254.48 6259.01 6191.56 6114.08 6028.15 5950.13 5911.05 5875.16 5846.38 5841.05 5845.14 5855.97 5861.22 5854.95 5846.35 5832.47 5816.37 5835.27 5857.43 5873.62 5879.72 5881.82 5878.95 5869.6 5854.52 5802.9 5762.15 5748.95 5728.79 5705.86 5686.12 5671.3 5656.06 5645.56 5640.46 5634.41 5628.86 5624.34 5617.65 5612.23 5606.16 5598.13 5592.33 5588.92 5583.6 5574 5566.6 5560.84 5550.91 5535.3 5530.19 5528.87 5528.29
5855.45 5931.08 6025.72 6124.33 6115.44 6127.41 6152.78 6145.37 6111.1 6089.61 6082.73 6086.61 6099.42 6119.97 6131.21 6129.31 6100.53 6048.06 5982.64 5919.84 5893.92 5874.73 5861.72 5857.58 5866.31 5882.2 5889.93 5872.47 5853.92 5838.26 5831.39 5845.07 5865.42 5877.76 5887.29 5889.31 5885.77 5879.27 5868.47 5816.14 5774.81 5752.59 5729.74 5707.66 5688.59 5673.51 5660.52 5653.82 5645.26 5637.73 5632.2 5626.94 5617.72 5609.6 5602.87 5595.41 5588.73 5582.12 5574.53 5567.79 5560.42 5552.12 5541.96 5531.96 5527.91 5526.75 5526.21
5926.94 5967.79 6049.09 6134.85 6137.19 6123.74 6126.37 6119.23 6083.52 6064.7 6056.59 6045.23 6025.91 6004.85 6007.61 6012.81 6018.33 5994.21 5955.14 5920.22 5894.56 5884.21 5877.16 5875.75 5884.56 5900.02 5906.63 5887.26 5867.12 5852.56 5853.09 5869.77 5885.54 5895.82 5899.02 5898.88 5894.8 5887.06 5874.5 5828.36 5784.77 5755.84 5732.76 5712.39 5694.81 5680.49 5670.1 5662.49 5652.67 5644.25 5635.89 5626.63 5615.94 5604.27 5596.44 5590.81 5584.06 5575.93 5567.47 5562.38 5555.28 5546.12 5536.73 5528.92 5527.83 5526.33 5524.65
5949.97 5974.71 6020.07 6042.46 6068.17 6054.54 6028.87 6020.28 6022.75 6025.12 6023.38 6015.02 5992.89 5971.13 5964.74 5968.51 5973.34 5960.43 5934.65 5904.66 5888.81 5889.66 5887.75 5888.04 5896.42 5906.06 5907.89 5895.35 5879.15 5867.64 5870.49 5892.67 5904.61 5911.78 5910.19 5908.84 5905.54 5898.8 5881.25 5848.6 5797.06 5759.97 5738.21 5718.43 5701.35 5688.03 5678.46 5669.17 5663.33 5655.5 5641.41 5626.39 5615.69 5605.18 5595.14 5587.59 5580.88 5574.18 5567.99 5560.97 5553.38 5545.96 5540.51 5535.59 5531.69 5527.93 5524.09
5963.35 5962.59 5978.82 5981.9 5986.7 5963.44 5927.15 5928.85 5962.84 5986.17 5999.89 6004.73 5999.3 5988.47 5981.85 5970.85 5961.06 5947.77 5927.89 5903.7 5885.21 5869.21 5881.77 5896.09 5905.56 5911.5 5911.92 5901.87 5888.78 5878.46 5878.84 5899.06 5908.17 5912.91 5913.54 5915.39 5912.06 5905.05 5891.64 5863.42 5812.45 5773.31 5749.21 5726.74 5708.06 5695.12 5686.36 5679.79 5678.99 5671.74 5654.95 5634.59 5616.36 5602.14 5592.69 5584.53 5577.97 5572.4 5567.99 5560.63 5553.24 5547.57 5547.62 5544.56 5537.45 5530.65 5524.06
5984.1 5954.42 5947.35 5937.33 5931.54 5895.99 5872.78 5891.61 5927.63 5961.15 5986.85 6008.58 6022.08 6012.8 5997.14 5977.95 5962.83 5949.84 5935.1 5917.3 5904.39 5893.75 5900.85 5910.32 5916.42 5918.92 5917.01 5908.12 5896.08 5884.41 5881.44 5896.66 5892.16 5899.25 5910.67 5919.93 5928.22 5924.26 5913.83 5890.41 5844.23 5798.94 5765.05 5736.99 5714.22 5701.88 5699.46 5698.61 5695.56 5676.08 5655.36 5632.68 5613.92 5600.15 5589.36 5580.97 5574.18 5568.69 5563.65 5559.05 5554.87 5552.29 5555.49 5551.36 5541.96 5533.45 5525.74
5985.6 5941.62 5926.99 5911.47 5892.21 5871.77 5862.73 5878.87 5915.74 5953.56 5986.23 6015.22 6038.97 6021.25 5988.11 5978.3 5968.27 5959.16 5952.02 5946.36 5944.93 5941.54 5932.22 5929.17 5929.05 5928.88 5926.72 5916.46 5900.64 5889.8 5877.43 5877.72 5876.62 5888.89 5906.34 5921.31 5929.99 5930.52 5917.57 5885.62 5848.21 5816.48 5781.16 5748.44 5721.27 5707.63 5705.89 5705.44 5701.13 5681 5652.27 5623.41 5607.75 5596.81 5585.7 5576.79 5569.89 5564.37 5559.82 5557.84 5557.2 5558.18 5561.38 5553.15 5542.74 5534.83 5528.82
5963.36 5925.14 5909.5 5899.73 5886.23 5878.23 5876.48 5882.92 5924.38 5959.24 5989.42 6014.75 6030.96 6018.14 5990.24 5984.08 5975.67 5968.45 5965.85 5969.98 5978.35 5972.26 5953.78 5942.78 5937.53 5936.43 5937.95 5925.71 5898.28 5876.77 5871.38 5869.95 5871.65 5885.08 5902.9 5921.35 5934.36 5935.76 5921.23 5894.14 5876.31 5836.32 5795.72 5758.51 5728.95 5713.55 5712.22 5714.23 5709.7 5692.8 5656.39 5620.91 5601.9 5589.81 5580.19 5571.92 5565.38 5560.31 5556.77 5555.94 5556.86 5554.26 5545.18 5543.47 5538.66 5533.58 5529.17
5956.19 5916.58 5903.74 5888.94 5889.62 5894.61 5907.75 5929.53 5956.11 5980.13 5999.78 6014.89 6022.96 6024.67 6015.68 5998.95 5984.56 5973.75 5968.07 5971.38 5983.04 5972.01 5955.57 5942.39 5935.26 5932.49 5930.46 5916.29 5892.28 5874.01 5870.42 5870.99 5879.77 5881.65 5895.91 5917.77 5943.34 5944.62 5943.83 5935.55 5904.05 5853.93 5804.66 5762.69 5731.12 5713.85 5711.16 5721.95 5714.71 5690.84 5655.03 5619.32 5598.14 5584.88 5574.57 5567.13 5561.33 5556.43 5553.5 5554.44 5556.86 5551.36 5539.58 5535.77 5533.54 5530.12 5526.46
5956.74 5924.72 5917.73 5909.57 5913.42 5920.53 5946.34 5982.19 5995.66 6005.22 6014.69 6021.95 6027.39 6033.17 6027.44 6012.82 5991.74 5971.29 5955.54 5944.99 5945.45 5949.78 5936.57 5928.07 5923.42 5919.94 5912.41 5898.56 5886.63 5874.37 5869.62 5871.11 5861.52 5867.81 5879.33 5897.64 5920.12 5934.51 5951.56 5950.29 5903.58 5853.87 5802.97 5757.08 5719.8 5694.86 5689.33 5692.14 5705.18 5680.32 5646.32 5615.43 5592.02 5577.36 5568.24 5562.1 5557.02 5553.44 5551.06 5553.47 5560.49 5553.58 5538.93 5533.21 5529.77 5526.36 5521.96
5974.58 5969.18 5952.25 5962.9 5956.87 5956.28 5984.32 6013.86 6025.63 6028.68 6031.66 6035.91 6044.88 6059.12 6051.34 6025.39 5993.75 5962.05 5933.76 5908.61 5886.83 5891.39 5901.44 5902.86 5904.01 5904.93 5905.01 5902.58 5883.09 5868.52 5861.55 5855.12 5848.76 5850.38 5856.97 5865.03 5878.42 5901.92 5919.43 5917.85 5891.38 5842.23 5791.52 5744.53 5702.52 5670.37 5662.49 5663.27 5675.1 5657.04 5630.88 5602 5576.78 5567.46 5563.18 5558.56 5553.69 5550.67 5549.71 5554.19 5564.88 5555.9 5538.92 5531.73 5527.05 5523.38 5520.38
6007.34 6003.77 5991.75 6009.09 6016.45 6006.05 6025.96 6042.37 6048.14 6047.61 6048.65 6052.19 6068.02 6093.6 6076.64 6034.32 5990.62 5948.91 5909.76 5874.67 5847.81 5849.13 5865.41 5874.06 5880.24 5885.84 5891.14 5891.39 5875.23 5860.67 5851.58 5844.16 5830.82 5835.2 5839.64 5838.92 5845.9 5868.98 5879.92 5887.29 5864.51 5820.72 5773.31 5729.23 5688.26 5655.08 5643.51 5643.87 5646.72 5634.31 5615.54 5592.83 5574.72 5566.94 5561.12 5555.75 5551.12 5548.46 5548.86 5554.78 5565.53 5555.7 5539.65 5529.87 5523.85 5520.01 5517.67
6036.23 6034.2 6026.86 6050.09 6080.25 6080.14 6072.28 6066.04 6062.85 6064.21 6064.64 6064.06 6080.67 6109.46 6081.39 6030.2 5979.37 5930.66 5884.63 5844.46 5815.13 5817.92 5834.22 5846.2 5856.63 5863.69 5867.32 5866.77 5857.09 5847.33 5839.97 5831.29 5823.3 5828.83 5836.27 5836.6 5841.33 5853.94 5855.9 5850.33 5826.31 5790.53 5751.02 5713.51 5678.54 5649.1 5634.25 5625.27 5619.76 5613.97 5604.87 5594.45 5585.82 5573.34 5561.57 5553.23 5547.72 5544.45 5544.24 5548.11 5553.34 5547.08 5534.98 5524.43 5518.95 5515.27 5512.56
6073.89 6071.16 6058.65 6067.27 6107.98 6136.05 6109.6 6089.94 6078.48 6085.06 6084.8 6080.21 6084.21 6091.95 6060.76 6012.5 5960.77 5909.45 5860.66 5818.64 5790.13 5792.33 5808.01 5822.1 5833.89 5841.94 5844.32 5838.82 5833.92 5833.4 5830.97 5831.93 5819.56 5832.06 5849.36 5859.99 5859.38 5854.43 5844.86 5821.13 5786.17 5756.87 5727.47 5698.49 5671.83 5649.31 5631 5614.58 5602.57 5598.39 5596 5594.84 5593.59 5574.24 5559.34 5549.26 5542.1 5537.42 5534.89 5533.8 5528.71 5516.38 5514.64 5514.8 5513.01 5510.44 5507.58
6108.88 6112.75 6105.81 6108.89 6122.09 6133.87 6130.44 6121.65 6117.52 6114.24 6110.37 6101.73 6081.39 6055.38 6029.44 5988.94 5940.29 5889.24 5840.58 5797.98 5771.68 5773.58 5788.5 5803.87 5816.8 5826.05 5829.31 5826.09 5822.7 5826.59 5824.35 5822.77 5822.08 5842.43 5870.65 5891.83 5879.31 5853.16 5825.83 5786.66 5745.25 5726.65 5707.43 5686.47 5666.18 5647.58 5628.71 5608.4 5592.67 5587.49 5586.59 5586.81 5578.78 5563.32 5551.59 5542.43 5535.52 5529.42 5523.69 5518.2 5514.94 5505.92 5504.38 5507.43 5508.39 5507.32 5503.76
6141.79 6159.52 6170.45 6179.56 6178.27 6158.32 6154.35 6152.35 6147.37 6144.17 6137.51 6117.82 6081.34 6037.19 6007.4 5969.76 5924.1 5874.45 5825.6 5783.65 5759 5763.07 5777.04 5793.43 5808.26 5819.45 5826.48 5831.8 5835.98 5829.96 5825.2 5823.62 5830.88 5856.96 5890.09 5916.44 5886.82 5841.68 5797.88 5756.05 5720.32 5706.8 5694.81 5679.64 5663.35 5646.67 5630.02 5609 5589.56 5580.59 5577.52 5572.68 5558.85 5548.44 5541.61 5535.02 5528.09 5521.47 5514.93 5509.18 5508.03 5506.76 5503.94 5504.42 5506.09 5507.79 5507.78
6175.33 6204 6234.79 6250.55 6245.52 6230.88 6192.95 6178.81 6182.02 6161.05 6159.4 6162.81 6093.87 6036.06 6001.89 5961.57 5915.14 5865.52 5817.4 5777.08 5756.28 5758.79 5774.2 5792.26 5808.92 5821.91 5830.68 5834.49 5836.47 5837.91 5835.35 5838.99 5855.84 5874.88 5898.93 5910.12 5877.52 5826.97 5777.69 5737.9 5711.45 5699.7 5690.21 5678.18 5664.65 5648.58 5632.46 5615.26 5592.58 5580.55 5574.14 5563.32 5546.62 5538.76 5534.72 5528.84 5522.46 5515.29 5508.91 5504.93 5502.92 5501.34 5501.81 5502.16 5503.83 5506.8 5507.63
6190.54 6227.62 6268.87 6287.4 6284.32 6264.62 6220.38 6189.86 6155.8 6149.32 6147.56 6134.55 6104.59 6058.23 6010.76 5964.52 5915.56 5864.94 5816.01 5776.12 5759.43 5764.61 5779.79 5799.13 5817.25 5832.8 5843.91 5848.95 5850.93 5853.97 5853.61 5859.79 5875.49 5887.13 5901.41 5900.91 5864.98 5812.86 5764.88 5731.95 5714.22 5703.14 5694.12 5683.49 5670.52 5655.88 5641.46 5628.57 5610.44 5593.16 5579.74 5567.12 5550.15 5538.39 5531.7 5525.4 5518.83 5511.7 5504.16 5498.56 5497.92 5501.23 5499.5 5499.31 5499.56 5500.15 5499.57
6187.08 6219.72 6262.69 6285.87 6295.74 6284.82 6240.73 6201.49 6164.08 6147.79 6136.51 6118.71 6103.56 6070.21 6023.97 5975.04 5924.14 5871.42 5820.89 5779.99 5768 5778.4 5793.62 5812.49 5832.07 5850.87 5865.54 5875.24 5880.07 5878.2 5876.09 5879.11 5882.61 5892.65 5907.97 5900.63 5864.58 5808.89 5765.77 5741.29 5724.44 5716.48 5706.48 5694.14 5681.14 5668.19 5655.33 5640.16 5620.01 5603.83 5588.19 5574.74 5557.15 5541.81 5531.85 5524.48 5517.13 5510.15 5501.79 5492.7 5492.48 5496.58 5496.71 5496.06 5495.11 5493.71 5492.61
6168.74 6189.01 6203.9 6249.36 6276.75 6273.62 6249.48 6210.98 6182.58 6164.89 6149.24 6130.59 6105.11 6078.09 6039.47 5990.73 5938.07 5884.79 5833.76 5792.18 5783.93 5795.71 5811.3 5829.99 5851.04 5872.5 5891.07 5906.93 5911.74 5904.03 5895.86 5894.2 5895.5 5911.12 5935.47 5928.51 5887 5831.81 5799.95 5777.53 5759 5742.54 5726.08 5709.69 5694.34 5682 5668.64 5651.25 5633.37 5615.67 5595.7 5575.17 5558.19 5543.49 5533.06 5525 5518.57 5512.77 5506.23 5497.12 5491.72 5493.33 5495.33 5494.63 5492.11 5489.04 5487.27
6154.06 6163.62 6168.79 6213 6237.1 6228.95 6222.37 6205.61 6195.04 6187.22 6175.5 6162.59 6138.47 6106.54 6063.59 6012.49 5958.78 5905.58 5856.56 5817.06 5809.52 5816.55 5830.77 5850.99 5872.76 5895.59 5917.07 5938.51 5937.64 5927.61 5916.59 5919.44 5929.7 5951.07 5978.75 5968.73 5925.68 5884.46 5850.72 5822.87 5799.85 5773.22 5746.95 5724.52 5706.09 5693.49 5679.42 5664.98 5651.99 5629.89 5607.92 5581.39 5563.14 5548.72 5536.1 5527.09 5521.41 5518.24 5516.52 5511.21 5498.62 5497.66 5497.93 5495.32 5490.75 5485.1 5482.69
6139.56 6149.54 6163.51 6181.05 6191.03 6183.04 6177.66 6190.52 6197.64 6202.55 6207.12 6207.37 6199.5 6148.09 6091.41 6035.43 5981.37 5931.19 5887.97 5855.9 5845.83 5847.36 5858.76 5877.51 5896.79 5916.45 5937 5956.3 5956.84 5950.39 5945.98 5957.2 5979.14 5994.33 6009.98 5993.97 5955.25 5920.5 5892.59 5857.59 5826.84 5794.87 5763.2 5735.73 5713.78 5697.87 5687.96 5685.61 5683.48 5667.77 5632.75 5598.16 5573.72 5554.2 5538.82 5529.79 5524.6 5523.49 5526.82 5528.86 5515.35 5509.86 5505.03 5498.78 5491.87 5485.04 5480.13
6118.72 6129.71 6143.68 6158.22 6166.61 6165.36 6168.64 6181.8 6198.19 6214.01 6226.76 6231.85 6231.31 6172.46 6109.68 6052.58 6000.62 5956.05 5921.05 5897.5 5886.5 5888.5 5898.4 5910.2 5923.41 5936.36 5949.5 5964.78 5965.41 5965.79 5977.45 5992.57 6017.82 6027.27 6027.99 6007.52 5971.72 5938.27 5911.71 5877.62 5843.29 5808.48 5774.94 5743.86 5717.14 5697.4 5691.41 5698.31 5696.65 5684.07 5657.22 5619.46 5585.7 5555.51 5540.19 5531.92 5527.06 5524.61 5526.28 5532.07 5533.83 5524.45 5513.35 5503.37 5494.18 5486.21 5479.23
6101.62 6102.28 6112.35 6134.68 6152.97 6168.21 6169.92 6176.26 6188.81 6208.05 6180.37 6206.39 6214.51 6167.92 6113.7 6061.23 6014.14 5975.39 5948.7 5931.52 5921.77 5926.45 5938.75 5945.9 5953.78 5959.57 5960.35 5963.1 5972.12 5975.46 5984.5 6019.41 6049.68 6058.27 6049.87 6027.5 5985.33 5942.91 5914.72 5891.68 5859.7 5822.58 5786.03 5750.81 5719.73 5696.21 5686.65 5690.38 5702.83 5711.99 5690.03 5646.36 5601.44 5562.75 5544.54 5535.23 5528.94 5523.69 5519.1 5523 5536.16 5530.69 5517.79 5506.34 5496.07 5486.8 5479.97
6087.4 6082.22 6089.92 6108.89 6144.28 6171.33 6175.94 6173.38 6169.03 6149.04 6140.8 6162.63 6169.36 6144.69 6105.38 6062.21 6019.95 5985.17 5962.82 5950.63 5944.9 5954.7 5973.22 5980.86 5989.59 5995.88 5992.54 5994.46 6008.66 6011.78 6017.97 6060.36 6094.46 6105.8 6095.02 6075.93 6028.75 5980.32 5948.66 5922.76 5885.67 5843.69 5800.29 5761.29 5725.34 5694.25 5680.99 5684.3 5696.01 5707.02 5702.14 5664.21 5615.01 5575.04 5552.68 5541.15 5532.74 5524.96 5518.22 5520.33 5528.58 5527.3 5516.65 5506.79 5498.39 5490.47 5482.87
