real_craters/C158-750m.grd
DSAA
154 154
-57.2425 57.2425
-57.2425 57.2425
4321.9985112589 6607.5227864185
[rows 38 to 75 of 154, columns 0 to 83 of 154]
5827 5831 5829 5820 5791 5763 5726 5688 5665 5679 5705 5731 5739 5700 5673 5653 5648 5643 5644 5653 5649 5644 5643 5646 5644 5621 5647 5680 5677 5671 5663 5658 5651 5641 5645 5652 5656 5673 5665 5698 5789 5918 5919 5867 5810 5756 5711 5677 5654 5648 5652 5661 5667 5670 5682 5699 5714 5729 5741 5752 5757 5767 5779 5783 5748 5711 5684 5669 5659 5655 5673 5693 5712 5725 5703 5738 5743 5755 5770 5793 5808 5795 5765 5738
5765 5795 5822 5845 5853 5807 5751 5702 5678 5676 5702 5742 5734 5664 5625 5636 5643 5645 5639 5653 5654 5640 5642 5645 5649 5668 5682 5660 5656 5645 5632 5629 5625 5621 5618 5620 5617 5628 5658 5693 5748 5848 5871 5841 5786 5729 5687 5670 5655 5646 5651 5659 5669 5681 5691 5703 5717 5727 5735 5751 5761 5781 5789 5783 5751 5709 5681 5667 5657 5655 5667 5681 5690 5686 5690 5705 5736 5765 5775 5786 5794 5779 5749 5720
5732 5764 5807 5856 5877 5828 5763 5704 5665 5661 5675 5687 5659 5631 5613 5616 5642 5662 5636 5642 5666 5652 5651 5647 5649 5657 5652 5656 5651 5635 5622 5618 5610 5600 5602 5603 5602 5613 5641 5659 5698 5796 5816 5784 5746 5706 5668 5671 5655 5647 5654 5667 5680 5690 5698 5709 5722 5731 5737 5743 5765 5789 5791 5779 5750 5709 5677 5652 5651 5655 5662 5670 5675 5678 5675 5698 5732 5751 5765 5770 5768 5752 5722 5687
5709 5739 5783 5826 5860 5812 5758 5708 5664 5653 5651 5646 5620 5619 5613 5616 5638 5655 5639 5660 5706 5686 5667 5651 5635 5631 5636 5644 5640 5632 5625 5615 5604 5594 5596 5595 5595 5602 5602 5631 5695 5760 5781 5732 5693 5707 5710 5666 5654 5655 5661 5670 5678 5686 5703 5720 5735 5746 5752 5753 5764 5772 5779 5776 5751 5722 5681 5649 5647 5656 5665 5673 5673 5663 5668 5716 5744 5750 5757 5755 5744 5723 5705 5677
5700 5722 5749 5759 5757 5761 5737 5703 5670 5654 5640 5630 5616 5616 5608 5610 5635 5649 5647 5665 5726 5704 5678 5656 5638 5632 5635 5645 5638 5630 5619 5605 5606 5605 5598 5594 5591 5595 5607 5679 5794 5866 5764 5666 5594 5561 5595 5656 5690 5664 5668 5677 5687 5697 5711 5729 5749 5767 5778 5777 5761 5745 5748 5757 5751 5732 5691 5651 5651 5665 5681 5689 5689 5685 5658 5690 5747 5756 5761 5757 5741 5719 5714 5699
5703 5714 5727 5726 5727 5727 5715 5695 5679 5662 5641 5627 5613 5615 5605 5600 5638 5655 5649 5655 5687 5698 5671 5653 5646 5636 5635 5631 5630 5630 5626 5618 5612 5607 5599 5594 5593 5597 5635 5756 5913 5987 5694 5553 5482 5460 5518 5634 5721 5678 5678 5686 5697 5706 5714 5733 5757 5787 5808 5805 5754 5722 5711 5732 5749 5753 5716 5689 5681 5696 5715 5722 5711 5685 5672 5710 5749 5767 5773 5771 5764 5769 5749 5734
5714 5711 5718 5716 5712 5710 5698 5684 5667 5649 5637 5626 5616 5610 5605 5607 5622 5637 5639 5640 5634 5646 5649 5640 5628 5624 5624 5618 5620 5625 5629 5629 5615 5604 5599 5597 5599 5611 5668 5824 5939 5918 5571 5447 5388 5373 5455 5585 5664 5690 5689 5689 5687 5690 5712 5739 5769 5801 5839 5874 5829 5753 5745 5750 5749 5747 5737 5732 5721 5750 5769 5781 5765 5732 5748 5766 5757 5789 5805 5806 5798 5757 5800 5814
5698 5711 5718 5730 5715 5698 5684 5671 5657 5645 5634 5624 5615 5611 5604 5598 5600 5613 5627 5629 5634 5629 5635 5632 5621 5629 5625 5618 5615 5619 5624 5622 5608 5598 5598 5600 5607 5613 5682 5834 5928 5880 5536 5404 5339 5334 5419 5557 5714 5701 5696 5691 5680 5682 5708 5738 5770 5808 5845 5879 5855 5792 5753 5761 5756 5754 5757 5766 5783 5807 5838 5868 5887 5868 5837 5813 5810 5839 5847 5853 5857 5873 5892 5918
5728 5725 5717 5715 5702 5687 5672 5660 5648 5635 5631 5622 5612 5607 5600 5593 5591 5607 5630 5652 5657 5633 5634 5637 5640 5632 5632 5622 5613 5616 5617 5618 5602 5595 5600 5604 5611 5620 5687 5821 5937 5940 5589 5460 5356 5297 5401 5526 5623 5676 5696 5696 5692 5686 5710 5740 5769 5798 5827 5840 5844 5844 5816 5787 5762 5756 5759 5779 5821 5856 5907 5960 5992 5977 5924 5893 5940 5905 5886 5888 5908 5960 5943 5915
5743 5726 5702 5691 5681 5670 5660 5653 5648 5646 5634 5622 5610 5604 5600 5596 5598 5610 5628 5647 5645 5641 5637 5639 5644 5647 5649 5632 5620 5615 5611 5605 5604 5602 5607 5615 5625 5631 5703 5839 5960 6034 5831 5635 5474 5384 5448 5532 5609 5664 5695 5697 5698 5702 5717 5739 5762 5785 5807 5829 5857 5861 5851 5806 5776 5772 5793 5788 5815 5893 5953 6019 6100 6028 5980 5991 5975 5937 5914 5905 5908 5912 5899 5878
5733 5695 5670 5654 5652 5651 5648 5646 5644 5642 5630 5621 5613 5603 5600 5594 5595 5606 5619 5630 5642 5638 5634 5636 5640 5651 5648 5637 5626 5619 5612 5608 5609 5608 5612 5620 5634 5638 5752 5872 5945 5993 5986 5783 5645 5569 5536 5567 5617 5657 5680 5689 5694 5704 5721 5737 5752 5768 5787 5805 5830 5857 5846 5814 5793 5802 5811 5895 5922 5943 5975 6012 6013 5989 5975 5955 5946 5928 5924 5914 5900 5880 5860 5841
5697 5666 5641 5624 5631 5637 5641 5641 5638 5628 5624 5618 5610 5598 5597 5591 5587 5599 5612 5622 5637 5621 5626 5633 5635 5645 5647 5637 5629 5620 5618 5613 5617 5617 5617 5616 5620 5637 5818 5867 5885 5884 5843 5762 5690 5635 5590 5595 5630 5653 5664 5684 5699 5719 5730 5737 5746 5754 5766 5777 5784 5826 5826 5811 5793 5858 5942 5983 5996 5971 5973 5980 5974 5958 5951 5949 5935 5938 5944 5927 5894 5851 5816 5802
5667 5643 5629 5622 5626 5631 5635 5637 5638 5634 5629 5619 5608 5599 5599 5594 5589 5595 5608 5620 5623 5613 5620 5628 5634 5644 5642 5639 5636 5631 5631 5633 5626 5629 5621 5613 5627 5693 5771 5797 5794 5769 5708 5684 5643 5620 5609 5612 5618 5633 5668 5686 5697 5726 5730 5731 5738 5746 5754 5759 5763 5785 5785 5863 5940 5907 5887 5900 5936 5948 5944 5941 5948 5921 5915 5922 5945 5989 5990 5955 5900 5831 5772 5771
5649 5634 5629 5628 5628 5631 5633 5635 5639 5647 5644 5619 5598 5598 5602 5601 5598 5598 5606 5616 5626 5621 5620 5628 5636 5647 5646 5641 5642 5643 5649 5654 5655 5644 5632 5621 5629 5663 5702 5724 5714 5687 5644 5619 5621 5610 5611 5613 5614 5623 5659 5680 5697 5706 5713 5722 5732 5741 5748 5755 5763 5781 5804 5954 6076 5927 5839 5938 5928 5924 5916 5900 5871 5891 5894 5933 6047 6104 6058 6005 5940 5858 5764 5782
5632 5626 5630 5631 5629 5628 5628 5628 5630 5634 5626 5611 5603 5595 5599 5605 5603 5601 5606 5617 5630 5624 5621 5619 5619 5633 5633 5633 5636 5652 5666 5667 5665 5659 5651 5636 5625 5628 5650 5675 5667 5640 5598 5579 5585 5595 5604 5612 5621 5632 5647 5677 5691 5685 5694 5712 5727 5739 5750 5760 5776 5796 5855 6025 6063 5912 5817 5840 5892 5913 5921 5899 5887 5936 5939 5995 6115 6155 6108 6059 6004 5954 5893 5881
5623 5631 5634 5629 5625 5622 5619 5619 5617 5610 5598 5597 5595 5590 5584 5600 5599 5598 5606 5620 5649 5639 5620 5606 5594 5593 5614 5625 5629 5656 5677 5678 5688 5683 5676 5657 5641 5632 5640 5654 5645 5623 5594 5567 5570 5591 5606 5617 5626 5636 5654 5671 5678 5677 5687 5706 5724 5735 5747 5762 5772 5776 5873 5982 5972 5893 5832 5834 5884 5932 5969 5998 6085 6071 6068 6082 6131 6115 6116 6100 6080 6071 6091 6032
5625 5651 5652 5630 5621 5615 5612 5609 5605 5599 5592 5585 5583 5585 5585 5587 5589 5590 5601 5622 5633 5628 5617 5605 5608 5602 5605 5618 5627 5645 5673 5685 5710 5711 5700 5687 5654 5643 5643 5645 5637 5624 5609 5593 5596 5603 5616 5628 5637 5643 5646 5653 5667 5673 5686 5710 5729 5742 5754 5767 5779 5818 5882 5937 5901 5871 5853 5869 5897 5953 6027 6108 6153 6176 6227 6200 6094 6098 6121 6129 6134 6151 6159 6133
5629 5666 5635 5616 5610 5607 5604 5601 5598 5592 5584 5581 5577 5577 5575 5582 5582 5585 5590 5591 5592 5594 5607 5612 5605 5601 5599 5607 5650 5698 5754 5765 5783 5746 5720 5687 5650 5638 5641 5645 5636 5627 5618 5610 5616 5621 5628 5639 5650 5658 5656 5652 5667 5683 5706 5726 5749 5765 5777 5781 5782 5819 5954 5969 5882 5809 5806 5843 5891 5953 6036 6154 6117 6165 6287 6309 6312 6181 6162 6145 6147 6179 6236 6253
5610 5611 5597 5600 5600 5599 5596 5595 5592 5590 5591 5584 5578 5575 5571 5569 5576 5581 5580 5582 5582 5582 5590 5601 5605 5601 5598 5609 5693 5840 5979 5972 5858 5770 5735 5697 5653 5627 5630 5635 5633 5627 5622 5623 5625 5631 5639 5651 5663 5676 5675 5662 5676 5699 5722 5748 5777 5808 5824 5840 5846 5893 6033 5932 5854 5798 5781 5819 5882 5928 5962 5952 5974 6010 6109 6195 6182 6189 6194 6091 6068 6111 6217 6277
5593 5592 5587 5590 5593 5590 5592 5590 5589 5587 5585 5582 5577 5576 5579 5576 5576 5577 5575 5574 5578 5580 5579 5580 5599 5607 5596 5608 5682 5809 5994 6025 5921 5789 5741 5696 5643 5623 5626 5633 5629 5626 5624 5627 5631 5639 5647 5658 5671 5683 5686 5681 5690 5711 5733 5769 5814 5861 5900 5934 5948 6021 6030 5938 5847 5812 5877 5881 5880 5891 5899 5893 5861 5829 5769 5850 5802 5770 5900 5889 5901 5946 6038 6127
5580 5590 5595 5588 5585 5587 5586 5586 5584 5582 5576 5568 5570 5571 5573 5574 5577 5580 5573 5570 5575 5580 5578 5573 5577 5588 5589 5601 5651 5743 5989 6108 5981 5859 5741 5677 5639 5628 5624 5626 5625 5625 5624 5625 5635 5642 5648 5657 5667 5678 5687 5686 5692 5720 5743 5790 5846 5906 5970 6040 6108 6106 6007 5927 5892 5907 5977 5927 5844 5807 5821 5813 5702 5655 5680 5614 5562 5524 5578 5649 5683 5710 5726 5732
5572 5589 5585 5582 5581 5581 5581 5581 5581 5581 5581 5576 5569 5565 5564 5569 5574 5576 5566 5558 5568 5579 5576 5572 5566 5579 5589 5604 5642 5735 5936 6030 5969 5898 5747 5675 5638 5630 5625 5625 5625 5625 5624 5628 5638 5642 5648 5655 5662 5669 5679 5682 5705 5736 5762 5812 5874 5944 6021 6105 6178 6125 6029 6004 5924 5875 5946 5849 5729 5641 5592 5521 5450 5415 5466 5395 5371 5396 5373 5420 5460 5482 5476 5469
5565 5576 5573 5576 5579 5580 5581 5582 5580 5579 5579 5579 5564 5556 5553 5560 5569 5574 5564 5552 5562 5571 5569 5569 5585 5593 5597 5608 5632 5654 5708 5809 5871 5882 5741 5671 5640 5627 5626 5630 5627 5625 5625 5628 5634 5637 5644 5649 5654 5660 5667 5681 5711 5748 5786 5831 5887 5955 6029 6108 6158 6059 5973 5954 5924 5858 5714 5655 5554 5427 5265 5161 5163 5107 5089 5135 5114 5067 5158 5225 5265 5290 5319 5400
5564 5564 5566 5575 5580 5583 5582 5580 5576 5572 5565 5555 5550 5548 5548 5555 5563 5565 5552 5546 5558 5567 5562 5563 5603 5601 5605 5615 5628 5620 5629 5687 5753 5772 5710 5661 5629 5624 5622 5619 5620 5624 5625 5623 5624 5634 5642 5644 5647 5647 5644 5671 5715 5745 5774 5817 5872 5940 6011 6070 6090 6013 5943 5991 5926 5751 5613 5501 5380 5254 5138 5027 4971 4904 4879 4932 4962 4998 5039 5074 5099 5129 5172 5244
5570 5564 5572 5582 5584 5582 5577 5573 5569 5565 5563 5544 5541 5543 5547 5560 5560 5557 5551 5547 5556 5565 5558 5557 5582 5595 5604 5615 5628 5617 5611 5625 5661 5667 5654 5633 5621 5619 5621 5621 5623 5625 5626 5627 5626 5634 5640 5646 5648 5650 5652 5674 5707 5733 5741 5772 5851 5931 5996 6040 6062 6059 6064 5980 5699 5585 5534 5362 5224 5101 5025 4952 4863 4800 4776 4813 4855 4890 4884 4920 4949 4981 5009 5039
5564 5566 5575 5593 5588 5580 5575 5568 5562 5557 5552 5543 5543 5542 5544 5556 5552 5548 5546 5551 5556 5559 5552 5549 5561 5579 5593 5603 5610 5605 5599 5595 5612 5618 5618 5616 5620 5624 5626 5629 5629 5629 5628 5629 5635 5638 5640 5646 5651 5659 5668 5688 5715 5736 5739 5765 5855 5937 6008 6044 6048 6107 6153 5752 5448 5349 5292 5222 5098 4960 4841 4835 4774 4719 4707 4725 4740 4744 4736 4760 4808 4839 4846 4820
5548 5562 5587 5599 5585 5575 5568 5562 5557 5552 5547 5555 5553 5544 5539 5541 5542 5537 5546 5554 5554 5553 5546 5549 5557 5569 5580 5586 5587 5584 5586 5584 5595 5602 5606 5616 5624 5630 5632 5633 5633 5633 5631 5630 5635 5637 5640 5646 5655 5669 5686 5709 5741 5760 5770 5809 5882 5972 6046 6087 6083 6059 5914 5512 5283 5279 5234 5129 4999 4864 4773 4739 4686 4632 4635 4654 4656 4637 4638 4666 4711 4741 4746 4738
5548 5556 5585 5578 5573 5569 5564 5561 5557 5550 5543 5549 5551 5544 5539 5536 5535 5530 5539 5553 5551 5546 5543 5551 5557 5564 5571 5575 5571 5571 5566 5578 5594 5608 5616 5624 5633 5641 5643 5642 5640 5642 5641 5633 5624 5634 5643 5649 5658 5682 5728 5769 5776 5786 5799 5833 5915 6019 6118 6169 6111 5965 5684 5302 5158 5227 5179 5048 4912 4785 4700 4663 4619 4584 4594 4605 4607 4602 4604 4617 4648 4673 4688 4699
5569 5572 5578 5560 5557 5557 5558 5559 5558 5554 5547 5546 5544 5540 5536 5534 5531 5527 5538 5547 5549 5549 5551 5560 5560 5563 5568 5572 5575 5575 5573 5577 5590 5610 5635 5650 5656 5656 5655 5654 5651 5657 5653 5643 5625 5637 5645 5652 5663 5683 5742 5834 5813 5818 5838 5867 5946 6046 6146 6230 6097 5815 5489 5173 5090 5108 5067 4960 4838 4715 4623 4604 4578 4556 4571 4582 4587 4586 4594 4599 4616 4636 4655 4684
5573 5574 5568 5551 5545 5550 5556 5561 5565 5566 5560 5546 5536 5534 5533 5532 5530 5523 5525 5536 5545 5557 5549 5553 5558 5560 5562 5567 5571 5572 5568 5568 5579 5600 5647 5673 5677 5668 5665 5667 5674 5677 5682 5671 5660 5654 5661 5667 5677 5705 5782 5864 5893 5879 5890 5919 5969 6037 6090 6104 5902 5562 5240 5067 5018 4975 4938 4866 4771 4678 4605 4582 4562 4551 4562 4573 4580 4585 4593 4592 4598 4610 4621 4628
5554 5555 5550 5535 5540 5549 5558 5567 5574 5581 5577 5557 5541 5533 5532 5533 5533 5528 5524 5526 5536 5542 5552 5556 5553 5554 5557 5560 5565 5570 5568 5567 5575 5597 5639 5672 5667 5664 5667 5673 5683 5692 5708 5691 5675 5694 5687 5686 5693 5720 5830 5990 5957 5911 5932 5966 5994 5989 5958 5895 5642 5305 5083 5040 4996 4880 4843 4782 4711 4643 4600 4574 4559 4557 4564 4573 4581 4587 4593 4591 4590 4592 4594 4593
5535 5540 5542 5540 5544 5556 5567 5577 5585 5591 5590 5564 5544 5540 5534 5529 5525 5534 5530 5525 5531 5536 5539 5540 5545 5548 5551 5551 5551 5552 5555 5558 5566 5595 5632 5645 5641 5650 5663 5675 5688 5691 5693 5704 5712 5716 5712 5708 5715 5728 5841 5962 5946 5897 5938 6015 6026 5930 5794 5612 5413 5151 5020 5011 4947 4869 4781 4717 4664 4614 4583 4567 4560 4560 4571 4579 4587 4594 4601 4591 4582 4580 4578 4574
5544 5544 5545 5548 5555 5567 5579 5590 5596 5591 5579 5566 5552 5548 5536 5526 5526 5543 5543 5534 5540 5543 5542 5544 5542 5546 5547 5545 5540 5533 5535 5538 5547 5561 5591 5598 5606 5629 5657 5680 5687 5684 5692 5718 5737 5742 5729 5723 5735 5794 5848 5923 5903 5839 5907 5992 5985 5883 5681 5454 5306 5134 5024 4967 4909 4804 4720 4664 4622 4585 4561 4558 4562 4572 4581 4589 4594 4596 4597 4583 4575 4575 4568 4563
5557 5551 5549 5557 5564 5576 5590 5603 5612 5610 5594 5571 5544 5534 5533 5528 5530 5571 5566 5549 5568 5567 5554 5549 5547 5545 5544 5541 5538 5529 5531 5532 5540 5546 5556 5546 5565 5609 5653 5695 5727 5736 5729 5745 5753 5751 5733 5730 5735 5740 5818 5871 5844 5768 5878 6033 6074 5895 5626 5408 5308 5238 5063 4935 4849 4732 4645 4607 4583 4560 4547 4550 4557 4580 4597 4607 4612 4606 4587 4582 4583 4584 4578 4567
5548 5547 5547 5548 5568 5583 5598 5614 5631 5646 5624 5584 5550 5539 5537 5535 5540 5582 5588 5611 5617 5613 5586 5564 5551 5545 5542 5542 5544 5544 5543 5545 5534 5546 5569 5512 5543 5597 5655 5715 5782 5830 5800 5776 5761 5740 5729 5732 5739 5757 5797 5835 5823 5772 5882 6091 6237 5940 5583 5334 5279 5268 5038 4816 4746 4640 4573 4555 4546 4538 4535 4550 4573 4604 4620 4631 4637 4637 4630 4629 4615 4607 4595 4578
5526 5537 5549 5560 5577 5586 5598 5614 5634 5654 5631 5589 5561 5550 5547 5551 5583 5641 5556 5454 5425 5534 5640 5595 5557 5547 5546 5547 5550 5555 5553 5547 5534 5542 5575 5569 5549 5593 5646 5709 5784 5863 5827 5786 5767 5750 5739 5736 5743 5760 5784 5805 5798 5770 5872 6094 6234 5927 5537 5287 5194 5098 4972 4764 4638 4568 4516 4507 4509 4504 4526 4559 4598 4630 4646 4658 4669 4681 4692 4675 4657 4643 4620 4596
5537 5547 5555 5563 5569 5580 5590 5602 5616 5628 5609 5578 5555 5548 5554 5566 5580 5622 5506 5336 5295 5323 5585 5624 5562 5551 5551 5554 5554 5560 5567 5553 5546 5562 5570 5567 5567 5591 5629 5675 5722 5739 5749 5754 5760 5780 5748 5731 5728 5743 5772 5800 5818 5824 5902 6042 6038 5841 5517 5263 5126 5032 4937 4782 4618 4521 4473 4478 4488 4501 4526 4569 4630 4659 4676 4689 4700 4717 4738 4752 4724 4682 4645 4614
5555 5566 5560 5553 5563 5570 5578 5584 5585 5584 5575 5557 5539 5540 5554 5575 5623 5629 5502 5356 5296 5264 5393 5592 5581 5558 5556 5563 5570 5567 5557 5555 5547 5556 5567 5562 5570 5584 5606 5631 5645 5650 5680 5703 5717 5722 5721 5711 5706 5724 5763 5803 5830 5896 5966 6041 6041 5830 5476 5235 5067 4959 4895 4766 4650 4534 4456 4469 4491 4496 4529 4575 4649 4680 4699 4717 4734 4747 4761 4766 4743 4699 4658 4624
