real_craters/C158-500m.grd
DSAA
230 230
-57.2425 57.2425
-57.2425 57.2425
4312.2392386236 6604.0017101085
[rows 60 to 89 of 230, columns 0 to 66 of 230]
5729.72 5750 5775.32 5805.76 5838.75 5873.4 5882.3 5849.3 5805.07 5762.67 5719.78 5688.06 5662.64 5658.95 5662.36 5672.22 5679.08 5675.1 5654.82 5637.27 5620.3 5612.86 5613.62 5623.19 5642.6 5660.8 5653.88 5634.82 5630.71 5656.02 5667.98 5658.43 5652.1 5651.57 5648.51 5647.3 5648.43 5655.79 5654.43 5650.42 5655.05 5654.15 5647.35 5638.59 5629.28 5620.75 5619.69 5614.29 5608 5600.81 5599.14 5601.16 5601.61 5601.3 5601.88 5609.44 5619.97 5641.32 5650.96 5666.97 5699.84 5761.41 5809.48 5810.24 5789.51 5766.91 5741.07
5713.35 5732.18 5760.31 5789.81 5822.08 5862.93 5891.75 5842.71 5799.46 5761.04 5725.13 5688.3 5661.27 5653.73 5654.03 5654.63 5652.69 5644.24 5626.57 5622.27 5619.09 5612.65 5613.19 5621.39 5640.36 5657.35 5652.41 5635.83 5630.37 5680.78 5693.99 5683.01 5670.21 5662.2 5654.04 5645.91 5638.31 5637.14 5636.2 5637.59 5636.36 5643.43 5638.91 5634.97 5628.59 5624.65 5618.42 5610.99 5603.45 5596.15 5594.61 5596.15 5596.74 5596.28 5596.14 5600.81 5606.51 5615.57 5629.21 5655.12 5692.97 5734.07 5784.18 5785.49 5754.5 5727.12 5708.11
5701.59 5721.59 5741.75 5768.49 5787.62 5799.22 5804.46 5800.11 5777.78 5748.82 5719.62 5692.02 5667.64 5655.27 5649.73 5644.31 5633.89 5628.4 5614.99 5617.53 5617.45 5611.82 5611.4 5620.71 5637.76 5650.33 5648.75 5642.55 5648.21 5706.02 5720.53 5707.47 5688.63 5672.37 5659.24 5646.27 5632.01 5626.44 5630.79 5635.05 5640.96 5645.77 5644.06 5634.39 5627.71 5620.52 5613.79 5607.67 5603.7 5599.03 5596.8 5595.86 5594.44 5593.21 5592.59 5598.26 5597.11 5600.01 5625.31 5669.25 5730.1 5758.88 5794.19 5769.3 5722.98 5683.1 5650.32
5700.35 5713.77 5732.35 5746.28 5754.17 5751.62 5752.59 5759.35 5751.31 5734.26 5712.71 5689.54 5670.42 5657.27 5649.87 5639.19 5629.62 5622.77 5616.09 5616.36 5614.41 5606.94 5601.94 5627.24 5635.06 5646.44 5648.62 5646.99 5651.14 5699.85 5724.38 5711.1 5695.23 5677.34 5661.7 5648.6 5638.23 5632.62 5632.74 5636.32 5640.68 5643.51 5637.44 5632.56 5626.4 5617.95 5607.24 5605.53 5606.58 5607.44 5601.69 5597.46 5594.57 5592.44 5591.38 5593.57 5594.78 5613.74 5661.91 5733.78 5817.11 5880.71 5841.47 5753.7 5680.97 5626.33 5580.54
5700.22 5710.38 5719.23 5730.57 5732.85 5732.44 5732.97 5734.49 5729.8 5718.84 5703.71 5689.29 5677.65 5668.64 5653.52 5640.61 5632.16 5621.2 5613.43 5614.79 5611.96 5604.11 5595.45 5601.66 5636.04 5653.2 5651.15 5649.67 5654.76 5678.33 5703.61 5716.41 5692.4 5673.46 5659.04 5649.63 5643.33 5637.48 5630.41 5638.05 5637.21 5637.07 5632.7 5631.08 5627.65 5622.26 5614.61 5611.25 5610.2 5607.95 5603.11 5598.55 5595.27 5593.03 5593.31 5597.91 5597.28 5634.11 5703.85 5800.21 5904.91 5985.1 5843.25 5704.75 5604.96 5546.09 5505.43
5712.4 5711.25 5714.39 5717.45 5720.31 5714.49 5716.64 5718.28 5715.02 5706.95 5696.11 5684.9 5675.37 5665.83 5651.32 5638.8 5630.9 5621.56 5615.26 5615.09 5611.56 5605.25 5604.37 5620.39 5638.85 5655.9 5648.96 5646.45 5650.09 5654.06 5662.95 5671.4 5670.01 5660.84 5651.21 5643.52 5640.09 5634.66 5631.7 5629.68 5625.65 5624.81 5632.23 5630.47 5628.86 5629.99 5628.91 5621.51 5613.29 5607.08 5602.75 5599.08 5596.18 5594.49 5595.39 5600.3 5607.85 5662.87 5759.34 5855 5944.77 5987.66 5775.4 5623.6 5527.81 5470.1 5434.25
5710.04 5708.81 5712.56 5718.32 5718.82 5712.89 5712.56 5710.56 5705.66 5696.95 5687.47 5677.3 5665.6 5649.68 5645.19 5636.82 5629.76 5621.93 5616.13 5614.08 5608.88 5605.15 5604.47 5608.81 5618.94 5630.22 5635.85 5637.32 5636.88 5633.67 5631.76 5638.49 5646.64 5646.68 5641.5 5634.18 5626.92 5625.11 5624.68 5623.98 5620.16 5615.41 5618.72 5622.28 5626.13 5628.82 5628.95 5624 5613.59 5605.44 5601.18 5598.59 5597.47 5598.04 5600.59 5609.95 5612.86 5682.84 5790.26 5880.28 5944.88 5945.94 5718.07 5550.29 5462.11 5409.42 5377.25
5699.7 5706.03 5712.64 5717.03 5725.19 5729.43 5715.56 5705.25 5696.27 5687.93 5678.38 5668.89 5659.34 5652.18 5641.73 5635.13 5627.79 5621.1 5615.92 5613.52 5608.56 5603.9 5600.92 5601.6 5602.18 5609.28 5622.63 5628.71 5625.88 5620.53 5622.13 5629.84 5634.13 5636.85 5634.34 5628.09 5621.09 5624.98 5628.72 5621.52 5619.76 5616.59 5614.86 5617.9 5622.38 5625.22 5624.46 5619.96 5609.16 5602.07 5598.75 5598 5598.85 5600.95 5608.65 5615.81 5612.87 5693.07 5805.77 5883.46 5933.51 5916.29 5725.03 5520.46 5427.43 5375.78 5341.77
5699.86 5713.36 5717.08 5718.36 5722.57 5723.24 5710.58 5699.36 5688.06 5679 5670.14 5661.3 5652.38 5643.16 5635.89 5631.6 5625.89 5619.47 5613.92 5610.29 5606.82 5601.9 5596.27 5589.36 5594.59 5603.28 5616.66 5628.5 5639.64 5652.29 5650.79 5625.28 5629.82 5633.06 5633.76 5631.05 5626.24 5628.17 5630.85 5629.61 5622.02 5616.11 5614.79 5617.35 5619.23 5621.09 5622.17 5619.44 5602.85 5595.41 5596.49 5598.42 5600.34 5602.79 5608.12 5616.02 5621.53 5694.74 5789.16 5877.05 5932.59 5927.96 5780.45 5522.92 5435.44 5377.83 5331.05
5732.67 5731.55 5722.35 5716.45 5716.38 5712.11 5699.91 5689.52 5680.29 5670.91 5662.8 5655.86 5647.99 5638.95 5634.11 5631.14 5625.06 5618.25 5611.79 5608.9 5603.44 5599.79 5595.69 5592.26 5591.51 5601.21 5615.8 5630.8 5646.21 5657.6 5654.93 5635.78 5633.18 5634.26 5636.29 5640.8 5640.71 5634 5631.47 5631.83 5626 5616.9 5613.87 5615.29 5616.01 5616.21 5616.47 5615.34 5599.98 5595.05 5597.47 5600.72 5604.07 5606.77 5612.14 5618.65 5635.72 5697.62 5785.75 5878.61 5946.6 5965.07 5856.32 5590.38 5500.05 5426.32 5352.53
5748.95 5739.37 5719.55 5706.93 5702.8 5696.84 5685.62 5678.54 5670.45 5662.56 5657.2 5651.31 5647.23 5645.34 5640.23 5633.57 5625.36 5617.55 5609.33 5602.37 5602.07 5599.16 5596.39 5595.66 5598.06 5604.02 5615.67 5629.75 5644.66 5655.62 5648.77 5643.18 5637.85 5637.02 5638.25 5643.82 5645.42 5638.72 5642.95 5642.97 5634.23 5623.97 5617.73 5615.44 5614.06 5611.97 5608 5607.44 5603.48 5599.53 5601.46 5605.48 5610.32 5615.91 5621.05 5625.22 5643.11 5705.52 5793.79 5890.08 5966.01 6011.87 5995.8 5738.32 5623.86 5520.81 5423.22
5741.09 5725.21 5705.04 5689.4 5679.95 5672.88 5667.61 5662.99 5658.43 5654.71 5652.15 5649.33 5647.72 5649.75 5646.5 5634.18 5625.11 5617.64 5610.53 5604.34 5602.96 5599.48 5596.46 5595.34 5597.39 5605.01 5614.06 5625.11 5635.86 5640.9 5640.49 5642.93 5638.3 5636.22 5636.48 5636.83 5641.52 5647.96 5658.15 5656.39 5641.11 5630.12 5622.94 5616.89 5614.5 5610.61 5606.59 5606.79 5600.85 5603.4 5606.02 5609.97 5616.28 5626.03 5634.86 5633.01 5652.38 5732.26 5822.45 5902.44 5967.6 6021.12 6047.8 5947.89 5770.6 5637.64 5538.24
5729.28 5700.21 5682.99 5666.33 5652.81 5648.03 5649.23 5649.52 5648.55 5647.04 5646.12 5644.69 5643.34 5641.19 5634.29 5628.95 5623.32 5617.65 5613 5605.44 5603.47 5599.35 5595.09 5592.12 5596.86 5602.71 5610.1 5618.93 5626.4 5630.71 5642.34 5638.94 5634.13 5633.38 5634.86 5636.56 5640.71 5648.42 5647.36 5645.72 5640.13 5632.83 5626.91 5621.41 5616.04 5612.01 5608.74 5608.78 5609.37 5608.9 5610.16 5613.3 5617.42 5624.23 5633.81 5631.43 5666.64 5775.31 5854.88 5905.27 5946.79 5977.33 5980.11 5964.55 5833.46 5718.97 5651.3
5704.95 5682.29 5662.88 5646.2 5629.8 5629.24 5634.81 5638.34 5640.09 5641.53 5642.13 5641.39 5638.49 5632.39 5623.63 5624.27 5620.75 5615.98 5610.62 5603.46 5601.5 5598 5593.76 5589.35 5589.78 5597.27 5605.39 5613.9 5620.9 5626.28 5641.39 5623.03 5625.41 5628.36 5632.09 5636.18 5636.94 5641.4 5652.39 5645.7 5639.78 5633.94 5627.22 5621.55 5618.2 5615.52 5611.61 5608.43 5615.41 5615.28 5615.3 5615.7 5616.48 5616.99 5620.89 5621.08 5697.29 5824.67 5866.92 5885.64 5902.32 5909.1 5896.95 5864.57 5802.13 5734.13 5691.09
5681.68 5663.25 5647.1 5633.6 5622.12 5622.53 5627.61 5632.21 5635.24 5638.41 5639.38 5639.14 5637.22 5633.05 5629.3 5625.25 5620.82 5615.08 5608.3 5600.39 5597.48 5596.93 5593.7 5589.31 5588.01 5592.33 5601.31 5609.78 5617.82 5623.63 5628 5616.97 5618.58 5623.29 5628.2 5630.91 5633.82 5638.26 5642.99 5642.41 5638.72 5635.27 5630.48 5627.14 5624.69 5622.94 5620.77 5617.78 5617.7 5620.86 5620.27 5617.4 5615.36 5618.83 5625.2 5643.1 5735.08 5812.87 5835.08 5845.12 5847.39 5838.23 5814.65 5779.89 5742.06 5702.25 5663.17
5664.69 5648.77 5635.62 5628.07 5622.96 5622.85 5625.81 5629.32 5632.63 5635.08 5636.43 5638.07 5637.98 5636.72 5630.32 5629.73 5623.03 5614.26 5607.44 5601.16 5599.74 5599.15 5596.66 5593.08 5589.18 5591.24 5599.27 5607.77 5615.88 5623.87 5621.25 5610.94 5615.73 5620.41 5624.75 5630.53 5635.54 5642.06 5642.75 5643.03 5641.09 5638.46 5636.62 5633 5631.43 5633.15 5635.21 5637.06 5633.42 5632.04 5627.47 5620.95 5615.31 5612.48 5630.87 5676.27 5728 5759.94 5783.31 5790.32 5783.7 5767.84 5735.72 5698.71 5683.33 5661.94 5635.08
5652.46 5640.36 5630.54 5627.87 5625.42 5625.53 5626.9 5629.62 5631.46 5632.97 5635.33 5636.94 5639.2 5642.66 5646.47 5640.12 5625.78 5611.94 5600.78 5598.76 5604.24 5601.82 5600.16 5599.41 5595.55 5594.82 5599.52 5606.54 5614.19 5620.24 5622.86 5621.76 5618.54 5620.89 5624.88 5630.57 5637.13 5644.59 5653.62 5647.24 5644.34 5640.43 5639.96 5640.07 5640.62 5645 5649.05 5652.9 5651.22 5643.91 5636.02 5628.34 5620.27 5616.26 5630.29 5660.39 5689.76 5721.72 5738.97 5739.88 5730.23 5710.95 5684.18 5654.9 5633.86 5628.33 5628.03
5641.56 5635.59 5629.12 5632.09 5634.3 5629.85 5628.72 5628.54 5630.28 5630.87 5631.58 5633.37 5636.36 5642.32 5652.91 5643.77 5624.17 5609.73 5597.97 5595.42 5594.59 5600.27 5602.13 5601.63 5600.3 5599.86 5601.03 5606.11 5612.55 5618.57 5631.73 5621.23 5619.16 5620.39 5622.27 5625.23 5630.56 5637.92 5644.44 5640.26 5634.83 5638.05 5643.7 5648.05 5652.01 5656.98 5659.24 5657.61 5658.59 5652.72 5646.05 5638.02 5628.87 5621.57 5630.49 5639.88 5653.85 5680.49 5697 5697.21 5687.13 5669.55 5645.82 5615.57 5598.25 5598.53 5600.54
5630.84 5625.46 5627.36 5629.2 5630.31 5629.45 5628.65 5627.69 5627.37 5627.24 5627.59 5627.39 5628.8 5630.35 5629.02 5621.09 5613.51 5605.99 5601.26 5595.62 5595.74 5598.67 5603.43 5607.99 5602.87 5600.28 5601.87 5606.54 5613.89 5623.33 5631.26 5629.79 5624.73 5620.35 5617.13 5614.96 5617.03 5625.02 5631.3 5630.54 5631.94 5633.01 5635.12 5643.89 5662.23 5668.65 5669.06 5671.14 5666.01 5662.36 5658.86 5652.12 5642.3 5630.71 5624.72 5624.11 5631.22 5651.06 5669.23 5670.26 5661.43 5644.13 5619.94 5591.74 5576.32 5577.16 5583.08
5624.23 5626.39 5631.99 5630.32 5628.08 5627.84 5626.29 5624.46 5622.2 5621.64 5620.33 5620.69 5619.76 5616.51 5608.6 5601.11 5601.29 5599.08 5596.38 5592.85 5589.31 5587.01 5598.77 5608.27 5601.71 5598.07 5600.49 5606.61 5615.55 5625.07 5646.95 5645.43 5630.64 5619.81 5611.08 5603.13 5595.35 5596.96 5606.25 5618.47 5625.9 5627.55 5630.22 5644.61 5675.79 5676.38 5675.51 5682.07 5679.69 5677.4 5674.96 5669.34 5658.32 5639.68 5635.38 5631.85 5627.25 5643.93 5656.97 5655 5646.54 5631.48 5611.48 5589.53 5570.01 5567.4 5572.78
5621.31 5623.56 5641.74 5644.66 5635.35 5628.25 5623.64 5619.95 5617.76 5616.45 5615.28 5613.62 5611.35 5607.28 5601.44 5597.85 5592.81 5590.57 5589.48 5588.75 5590.91 5587.61 5590.87 5594.46 5594.04 5592.81 5596.52 5604.68 5617.62 5632.88 5648.58 5644.97 5629.48 5617.77 5605.96 5599.96 5592.03 5594.11 5599.98 5609.91 5618.02 5622.59 5627.5 5640.47 5662.87 5673.17 5675.84 5681.26 5697.79 5697.69 5693.32 5688.47 5689.15 5663.75 5650.76 5642.9 5634.08 5643.65 5650.6 5646.91 5639.38 5627.8 5613.34 5597.5 5579.77 5573.82 5575.68
5625.99 5642.24 5666.06 5650.67 5634.94 5625.3 5619.53 5615.82 5613.03 5611.06 5609.32 5607.07 5604.06 5600.11 5594.94 5589.98 5585.75 5582.45 5581.68 5583.09 5584.29 5584.32 5585.75 5587.13 5588.51 5587.91 5592.07 5599.78 5611.03 5630.63 5626.94 5623.43 5623.68 5615.35 5607.74 5606.68 5609.41 5603.87 5601.63 5605.31 5614.7 5622.25 5628.86 5638.3 5656.97 5676.36 5687.46 5696.48 5713.1 5715.37 5710.59 5701.17 5687.01 5669.91 5653.47 5644.88 5642.22 5642.93 5644.75 5642.57 5636.07 5627.71 5618.66 5610.8 5602 5596.62 5600.23
5629.91 5657.39 5669.24 5638.36 5623.48 5616.82 5612.89 5609.79 5607.61 5605.59 5603.95 5601.58 5599.05 5595.45 5590.09 5583.34 5581.67 5578.16 5577.37 5578.22 5577.6 5577.74 5581.26 5583.52 5583.72 5584.32 5588.84 5592.57 5594.63 5595.36 5598.01 5597.65 5604.47 5610.52 5614.86 5608.94 5607.31 5603.7 5600.04 5601.02 5606.27 5620.82 5644.18 5662.54 5691.79 5724.66 5740.12 5742.47 5763.02 5747.51 5728.67 5714.1 5697.8 5669.2 5650.01 5641.26 5639.28 5641.37 5643.91 5641.31 5635.58 5628.87 5622.57 5616.5 5610.3 5609.8 5613.66
5621.69 5633.93 5640.09 5619.36 5610.23 5608.02 5605.2 5602.97 5601.33 5599.97 5598.52 5596.74 5594.05 5591.56 5589.03 5586.73 5584.05 5581.26 5577.92 5575.89 5573.65 5571.24 5572.17 5575.94 5579.28 5582.68 5586.23 5585.66 5585.38 5585.65 5584.36 5583.43 5588.58 5601.17 5611.23 5604.73 5600.07 5600.29 5598.16 5597.38 5601.06 5625.02 5677.48 5747.43 5810.43 5858.82 5864.91 5842.89 5823.3 5777.53 5744.48 5726.53 5707.64 5671.36 5649.74 5636.15 5632.01 5638.62 5644.79 5639.27 5634.03 5628.86 5623.91 5619.02 5615.25 5621.34 5622.49
5608.23 5609.74 5599.53 5593.09 5597.05 5598.67 5599.35 5598.34 5597.45 5595.73 5594.73 5593.23 5591.91 5590.65 5590.04 5591.9 5587.33 5580.68 5577.76 5575.52 5573.69 5571.33 5569.12 5571.87 5576.26 5579.01 5579.84 5579.13 5577.58 5581.11 5581.33 5582.85 5581.19 5587.88 5595.47 5601.99 5604.08 5602.46 5599.85 5598.11 5603.17 5633.24 5703.08 5804.67 5914.41 5994.4 5996.23 5943.72 5857.16 5786.44 5754.42 5734.3 5705.66 5678.57 5649.08 5630.7 5624.03 5629.71 5632.69 5634.82 5631.46 5627.76 5624.52 5622.31 5624.82 5621.39 5625.68
5596.56 5596.85 5592.02 5586.49 5590.42 5592.01 5592.87 5594.24 5593.72 5593.52 5592.7 5591.1 5589.63 5588.51 5587.37 5586.48 5583.99 5582.16 5577.48 5575.7 5575.93 5578.41 5575.06 5574.17 5575.83 5576.78 5576.36 5575.35 5573.38 5576.9 5579 5579.65 5579.68 5579.82 5581.36 5585.12 5600.33 5612.98 5602.63 5596.52 5603.16 5631.83 5696.98 5794.79 5906.23 6000.53 6033.54 5988.58 5897.47 5799.74 5762.39 5738.47 5701.44 5672.42 5640.91 5626.44 5622.18 5627.3 5635.69 5632.38 5629.41 5627.09 5624.48 5623.22 5622.74 5629.42 5630.27
5586.25 5588.27 5586.68 5593.34 5590.68 5588.93 5591.12 5588.49 5589.86 5589.1 5588.2 5585.57 5585.12 5585.51 5583.49 5580.07 5576.9 5575.59 5574.36 5574.11 5574.94 5576.22 5579.45 5576.35 5576.95 5578.35 5578.48 5574.88 5573.24 5573.9 5577.12 5581.66 5580.53 5577.92 5575.37 5575.23 5592.62 5603.91 5595.69 5593.15 5597 5615.1 5670.15 5737.87 5853.72 6032.05 6054.71 6024.72 5942.21 5847.54 5783.39 5735.03 5700.46 5670.76 5636.03 5626.97 5623.55 5624.68 5625.64 5627.18 5626.55 5625.17 5624.16 5624.15 5626.56 5631.96 5634.38
5578.96 5586.66 5594.71 5594.19 5589.22 5586.14 5584.61 5586.23 5585.69 5585.15 5584.41 5584.71 5583.63 5582.48 5580.45 5575.62 5568.98 5567.02 5569.76 5570.58 5571.08 5571.44 5571.42 5574.47 5576.64 5578.92 5579.97 5572.1 5568.05 5569.58 5574.21 5578.7 5579.94 5578.4 5574.66 5572.07 5574.61 5583.52 5586.75 5589.66 5595.85 5613.97 5653.07 5707.51 5810.19 5993.5 6135.75 6064.77 5975.22 5889.22 5810.28 5733.36 5684.93 5657.88 5637.1 5628.82 5625.4 5623.47 5624.07 5623.5 5624.32 5624.36 5624.03 5623.89 5623.78 5628.08 5635.64
5573.65 5584.61 5594.33 5586.83 5584.3 5581.77 5580.35 5579.59 5579.81 5579.48 5580.45 5580.24 5580.05 5580.26 5579.9 5578.48 5574.36 5569.27 5568.61 5566.93 5565.82 5566.07 5568.13 5571.51 5574.69 5577.06 5575.03 5566.14 5558.33 5563.39 5570.37 5577.53 5578.92 5577.92 5573.61 5565.28 5566.01 5575.1 5581.78 5589.02 5596.9 5616.39 5647.33 5699.6 5793.06 5978.68 6081.03 6035.55 5973.88 5916.41 5832.37 5738.13 5686 5652.53 5635.05 5629.48 5626.58 5624.37 5621.7 5623.17 5624.72 5624.33 5624.18 5624.09 5625.16 5629.61 5637.53
5568.62 5578.67 5586.34 5581.94 5579.53 5579.11 5579.58 5580.33 5580.68 5580.7 5580.69 5580.46 5581.04 5580.76 5581.14 5584.02 5592.16 5579.74 5568.33 5562.6 5559.7 5559.22 5563.25 5567.81 5571.99 5575.07 5575.33 5563.74 5554.06 5558 5565.75 5573.66 5576.17 5574.74 5571.04 5567.85 5573.51 5582.59 5587.25 5592.31 5601.37 5613.96 5638.55 5682.51 5756.02 5843.3 5910.04 5934.44 5929.22 5901.65 5831.38 5735.73 5689.51 5660.69 5640.66 5634.42 5628.29 5626.78 5629.69 5631.01 5626.96 5625.24 5624.52 5624.73 5627.12 5633.57 5637.52
