real_craters/C158-500m.grd
DSAA
230 230
-57.2425 57.2425
-57.2425 57.2425
4312.2392386236 6604.0017101085
[rows 180 to 209 of 230, columns 67 to 133 of 230]
5564.22 5574.63 5581.44 5587.08 5583.21 5562.76 5536.86 5507.74 5475.54 5452.27 5443.82 5444.28 5446.88 5451.65 5455.81 5458.51 5464.81 5466.11 5463.29 5461.95 5461.62 5463.37 5468.37 5474.42 5480.07 5482.92 5483.52 5479.43 5482.15 5488.65 5495.64 5502.6 5515.08 5522.42 5524.27 5523.96 5522.19 5519.5 5520.9 5527.37 5529.53 5526.88 5532.54 5540.47 5549.73 5559.81 5569.31 5578.47 5586.51 5592.95 5597.31 5594.66 5585.39 5571.63 5570.58 5570.77 5571.02 5569.56 5567.74 5566.68 5558.77 5548.89 5544.29 5550.66 5560.19 5566.34 5568.05
5610.01 5623.3 5636.68 5651.78 5642 5609.27 5572.72 5535.86 5495.42 5463.5 5448.86 5446.34 5446.06 5448.98 5452.69 5456.99 5463.95 5468.79 5469.86 5468.79 5467.24 5466.23 5465.58 5467.52 5471.73 5478.34 5484.53 5486.08 5484.67 5487.38 5492.89 5500.69 5509.46 5514.93 5517.55 5517.97 5516.84 5515.21 5515.83 5516.05 5511.7 5515.44 5523.43 5532.05 5541.11 5549.79 5558.32 5565.9 5572.35 5577.24 5579.39 5576.23 5564.78 5558.87 5558.5 5561.1 5564.87 5568.48 5567.04 5563.69 5546.8 5530.6 5523.8 5533.45 5545.8 5554.45 5558.57
5655.78 5667.65 5679.19 5685.57 5674.27 5643.98 5605.86 5563.14 5519.74 5478.59 5456.95 5451.45 5446.65 5447.7 5452.41 5458.67 5466.58 5474.36 5476.08 5472.42 5472.67 5465.46 5460.65 5458.29 5459.86 5472.78 5486.86 5488.9 5484.68 5484.82 5488.84 5497.55 5504.61 5508.28 5511.03 5512.37 5512.31 5511.08 5510.03 5508.11 5501.38 5506.36 5514.92 5523.42 5531.5 5539.45 5546.49 5552.79 5557.72 5562.07 5564.78 5568.45 5563.97 5548.38 5550.6 5554.09 5557.33 5563.12 5574.21 5582.79 5541.32 5515.02 5512.34 5523.72 5537.14 5548.67 5555.31
5697.01 5706.16 5713.87 5714.58 5699.85 5673.08 5633.33 5588.36 5542.71 5503.84 5477.46 5453.56 5446.53 5446.33 5449.95 5457.39 5467 5478.49 5479.29 5470.24 5463.39 5458.38 5453.49 5449.65 5448.75 5467.9 5489.18 5482.54 5481.51 5480.33 5482.42 5487.98 5498.19 5503.16 5505.95 5507.93 5509.1 5509.87 5506 5497.61 5496.34 5503.58 5510.78 5518.87 5525.42 5532.38 5537.71 5541.91 5545.31 5547.82 5549.29 5546.78 5545.16 5544.9 5546.99 5551.01 5553.29 5555.58 5568.77 5578.65 5530.45 5504.07 5507.93 5519.9 5533.75 5546.86 5555.63
5730.43 5737.8 5744.61 5746.16 5740.49 5702.03 5656.6 5605.3 5557.97 5519.06 5491.98 5461.46 5446.69 5444.68 5445.69 5451.93 5461.68 5470.08 5467.93 5456.11 5452.67 5450.7 5446.87 5444.67 5447.69 5465 5481.75 5478.25 5475.77 5476.46 5477.63 5483.8 5494.45 5499.09 5503.3 5505.62 5506.81 5505.45 5501.1 5495.27 5496.21 5502.76 5508.97 5515.48 5521.14 5525.75 5529.79 5532.96 5535.58 5537.34 5538.9 5537.41 5537.44 5539.98 5544.1 5549.97 5555.27 5550.38 5554.73 5570.58 5527.84 5496.91 5509.82 5520.08 5531.95 5545.04 5559.36
5751.48 5758.29 5766.12 5771.31 5764.97 5727.06 5673.84 5616.88 5562.39 5513.94 5476.7 5460.06 5446.98 5443.6 5443.41 5448.22 5454.32 5456.83 5452.01 5440.58 5441.26 5443.11 5442.13 5442.27 5444.79 5463.11 5487.74 5470.01 5472.35 5473.95 5477.24 5480.93 5490.53 5497.19 5501.42 5504.21 5504.93 5504.77 5503.23 5498.13 5497.08 5500.63 5508.21 5514.98 5520.08 5522.72 5524.88 5526.41 5527.81 5528.71 5531.01 5535.27 5531.44 5533.59 5538.8 5546.3 5556.27 5547.13 5541.54 5540.26 5510.64 5492.53 5509.46 5518.29 5528.19 5538.4 5544.18
5758.03 5763.77 5771.41 5779.55 5784.94 5739.01 5679.17 5619.46 5562.19 5504.18 5454.44 5451.17 5445.52 5442.31 5442.96 5445.16 5448.61 5449.99 5442.96 5436.08 5433.79 5435.85 5439.14 5443.8 5449.66 5468.48 5488.37 5476 5473.12 5476.35 5482.17 5482 5491.33 5497.8 5501.97 5504.03 5504.14 5501.66 5497.09 5499.15 5502.44 5505.68 5513.3 5517.72 5520.17 5520.91 5521.2 5521.79 5521.23 5520.59 5520.6 5524.7 5527.84 5528.94 5529.66 5532.86 5538.11 5545.88 5528.81 5505.68 5477.65 5475.04 5497.74 5511.24 5521.88 5531.48 5537.06
5759.73 5761.79 5765.06 5766.3 5751.53 5718.94 5671.12 5616.68 5558.07 5502.09 5458.03 5446.23 5441.57 5440.23 5437.9 5441.9 5443.53 5442.36 5435.05 5426.24 5426.14 5429.85 5438.02 5448.96 5462.77 5482.19 5490.63 5476.1 5475.47 5480.93 5485.73 5498.32 5500.47 5503.19 5505.77 5507.3 5506.77 5504.28 5501.73 5502.38 5503.39 5517.36 5522.39 5523.8 5523.45 5521.42 5519.79 5517.88 5516.41 5513.79 5510.08 5508.53 5529.14 5525.14 5515.96 5510.27 5512.48 5518.59 5504.2 5479.39 5453.89 5459.26 5479.46 5498.64 5513.96 5526.77 5535.71
5748.07 5747.74 5748.13 5745.43 5731.66 5703.24 5657.97 5602.65 5550.01 5500.81 5464.12 5445.78 5437.39 5438.57 5440.38 5439.56 5439.08 5435.51 5427.84 5420.73 5419.38 5424.45 5436.63 5454.87 5474.27 5490.49 5490.38 5479.09 5484.92 5492.9 5494.68 5501.02 5509.48 5509.86 5511.66 5512.13 5512.99 5514.74 5516.61 5512.93 5509.87 5532.45 5530.37 5527.31 5524.16 5521.61 5518.71 5515.5 5512.26 5509.33 5508.33 5516.23 5527.7 5515.23 5498.44 5481.62 5469.51 5477.4 5475.97 5464.86 5455.15 5453.27 5465.67 5485.98 5505.96 5522.67 5536.74
5721.3 5719.02 5716.4 5717.88 5719.66 5697.68 5640.96 5586.59 5534.85 5492.09 5461.56 5440.57 5436.31 5435.7 5436.37 5434.75 5435.41 5433.48 5422.09 5414.46 5412.59 5416.36 5434.69 5458.59 5485.77 5515.18 5519.71 5507.59 5501.45 5506.69 5527.17 5527.43 5519.21 5516.54 5515.85 5515.63 5516.86 5520.97 5531.26 5522.89 5521.8 5525.76 5531.42 5528.58 5524.71 5522.56 5518.68 5514.6 5510.5 5506.67 5503.95 5506.03 5508.91 5498.84 5481.28 5460.93 5446.56 5451.77 5456.93 5455.79 5453.87 5447.31 5460.13 5481.29 5498.99 5513.94 5524.01
5684.58 5678.69 5675.7 5675.8 5683.42 5673.1 5606.81 5554.73 5511.96 5475.03 5446.08 5435.35 5434.08 5430.35 5427.24 5426.35 5424.21 5421.93 5416.2 5411.82 5410.42 5414.03 5433.74 5459.17 5485.31 5508.11 5501.07 5485.24 5483.06 5502.12 5521.49 5524.84 5523.21 5521.19 5519.18 5516.26 5516.4 5516.71 5513.56 5514.06 5519.88 5528.78 5531.47 5529.54 5525.32 5521.5 5517.95 5513.37 5508.85 5504.31 5500.24 5498.03 5495.9 5485.24 5469.47 5452.84 5443.42 5445.35 5447.24 5447.63 5446.48 5436.01 5453.26 5477.34 5491.24 5503.33 5511.25
5646.95 5637.71 5628.16 5617.28 5601.1 5570.99 5541.2 5512.74 5483.88 5456.43 5434.51 5433.97 5433.81 5430.92 5425.63 5419.31 5411.17 5408.57 5410.8 5411.57 5412.87 5418.29 5435.16 5456.6 5477.6 5485.74 5471.85 5462.27 5462.13 5489.37 5518.9 5524.67 5522.31 5519.91 5517.27 5516.22 5514.37 5512.74 5506.52 5510.83 5517.81 5525.69 5530.03 5528.39 5526.04 5521.95 5517.83 5513.32 5508.42 5503.28 5499.04 5495.47 5489.21 5476.87 5462.17 5449.13 5442.29 5440.86 5441.2 5441.64 5440.31 5429.56 5442 5465.53 5480.9 5492.6 5498.11
5602.17 5590.42 5576.21 5555.62 5523.12 5482.25 5480.18 5471.17 5458.41 5443.07 5432.45 5434.3 5431.92 5433.36 5426.47 5416.35 5407.11 5404.61 5407.08 5411.26 5416.63 5425.8 5438.32 5452.54 5468.99 5488.57 5485.6 5459.78 5449.86 5473.42 5503.32 5514.97 5513.19 5512.46 5510.6 5511.71 5512.97 5515.14 5519.93 5523.41 5521.19 5521.57 5524.8 5526.75 5524.8 5521.54 5518.97 5515.02 5509.4 5503.41 5496.19 5492.33 5484.7 5471.89 5457.25 5443.58 5437.83 5436.97 5437.09 5436.51 5433.76 5426.5 5435.41 5455.46 5469.87 5481.85 5485.92
5555.72 5545.3 5530.27 5508.11 5477.52 5446.28 5444.29 5442.37 5439.4 5434.14 5427.83 5417.77 5418.14 5413.41 5415.22 5413.81 5413.23 5408.68 5406.85 5411.05 5418.83 5428.46 5437.58 5446.62 5455.3 5468.02 5476.72 5462.89 5460.5 5459.48 5472.3 5490.13 5496.85 5500.74 5502.22 5506.45 5510.73 5514.9 5521.28 5525.09 5527.42 5530.18 5528.6 5526.34 5523.66 5521.01 5518.76 5515.86 5512.41 5507.38 5498.3 5488.73 5481.99 5469.5 5455.06 5442.87 5434.97 5434.21 5434.85 5434.1 5430.97 5430.11 5433.32 5442.46 5456.62 5473.22 5477.49
5515.35 5507.95 5495.39 5477.49 5454.87 5434.14 5429.28 5427.41 5428.82 5428.45 5423.28 5415.28 5411.3 5408.2 5408.09 5408.97 5410.78 5408.75 5410.09 5412.64 5419.07 5427.05 5434.3 5439.24 5444.65 5452.39 5457.72 5456.02 5455.19 5448.17 5449.52 5466.76 5479.64 5487.4 5494.03 5500.33 5506.18 5511.83 5517.4 5522.67 5528.13 5534.37 5530.51 5524.23 5522.08 5520.33 5518.93 5517.39 5515.63 5514.39 5515.08 5502.74 5485.76 5470.11 5454.76 5440.41 5435.21 5434.64 5434.3 5433.88 5435.39 5438.22 5431.05 5430.24 5443.2 5457.4 5465.38
5482.5 5480.37 5471.47 5458.39 5443.05 5429.16 5424.02 5421.14 5423.37 5426.53 5422.37 5413.52 5408.84 5407.84 5404.91 5402.91 5403.07 5404.58 5406.17 5412.43 5418.14 5422.84 5426.52 5432.01 5437.67 5444.46 5441.55 5443.05 5442.88 5440.45 5440.15 5453.03 5465.88 5476.66 5486.11 5494.31 5501.91 5508.43 5513.48 5515.14 5522.03 5520.15 5517.97 5518.85 5519.03 5518.8 5518.63 5518.34 5517.84 5516.98 5512.81 5500.64 5486.16 5471.13 5457.45 5446.97 5443.41 5438.82 5435.41 5433.37 5432.79 5434.1 5428.39 5431.84 5437.28 5443.81 5455.89
5462.19 5459.72 5454.2 5446.65 5437.18 5427.39 5423.01 5420.09 5420.07 5420.78 5417.59 5410.88 5408.7 5407.38 5401.22 5397.99 5398.21 5404.78 5409.88 5414.21 5418.19 5420.74 5422.19 5426.5 5427.73 5432.18 5431.04 5434.64 5439.32 5439.55 5437.72 5445.64 5456.98 5467.71 5478.02 5487.58 5495.87 5504.49 5512.59 5520.14 5520.16 5517.03 5514.86 5514.67 5515.17 5516.4 5517.06 5517.41 5517.5 5516.14 5509.82 5496.69 5485.14 5471.79 5460.31 5454.39 5450.55 5442.68 5437 5433.44 5432.29 5436.65 5434.78 5436.81 5436.26 5437.47 5449.01
5445.98 5445.46 5443.08 5440.49 5435.89 5430.52 5426.94 5422.28 5417.81 5413.53 5412.98 5414.13 5408.51 5397.6 5396.49 5394.8 5397.22 5405.37 5413.16 5416.06 5419.23 5422.87 5426.59 5425.69 5421.52 5419.69 5423.13 5429.14 5435.66 5437.9 5436.93 5441.39 5449.08 5457.99 5468.67 5478.42 5488.67 5498.51 5509.01 5520.4 5516.86 5510.56 5509.47 5511.09 5511.77 5512.76 5514.67 5515.92 5516.67 5516.02 5512.64 5504.03 5486.78 5471.68 5458.5 5449.75 5446.91 5442.24 5437.54 5433.09 5431.29 5439.85 5443.87 5437.58 5432.39 5434.5 5442.46
5436.16 5436.43 5436.75 5436.44 5436.81 5438.05 5438.7 5427.84 5416.81 5410.4 5408.87 5409.01 5405.28 5398.18 5394.42 5394.02 5397.68 5405.43 5411.33 5415.8 5419.02 5422.96 5426.99 5423.7 5420.74 5417.86 5419.91 5424.04 5428.33 5430.37 5433.44 5437.73 5444.48 5452.77 5462.43 5471.9 5480.95 5491.04 5499.84 5504.85 5505.89 5500.93 5501.99 5506.23 5507.92 5509.91 5511.94 5514.63 5516.05 5513.57 5506.66 5498.05 5485.23 5471.01 5456.72 5445.89 5442.36 5441.83 5438.76 5434.24 5430.3 5435.17 5443.63 5437.25 5430.83 5431.46 5438.83
5432.26 5432.38 5433.35 5434.13 5435.95 5438.97 5443 5428.03 5415.14 5406.57 5405.02 5404.07 5400.87 5394.24 5392.93 5397.95 5402.64 5408.96 5413.14 5414.97 5417.13 5418.87 5417.72 5417.58 5416.33 5416.57 5416.18 5416.88 5418.67 5416.52 5425.43 5431.84 5439.2 5447.31 5455.96 5464.74 5473.72 5481.96 5489.72 5495.95 5501.31 5505.34 5506.72 5502.95 5504.03 5506.61 5509.38 5512.65 5516.29 5518.38 5506.38 5492.92 5484.24 5471.85 5459.68 5452.67 5448.51 5445.07 5441.56 5439.16 5436.84 5431.91 5432.74 5431.73 5427.91 5430.81 5434.76
5428.46 5427.96 5428.43 5429.46 5430.81 5430.79 5429.58 5421.78 5413.03 5405.94 5403.24 5400.86 5398.8 5390.91 5390.15 5396.5 5401.3 5405.63 5409.51 5411.55 5413.2 5414.44 5415.6 5415.49 5412.95 5415.44 5411.24 5407.82 5408.7 5406.52 5416.34 5424.3 5432.35 5440.25 5448.79 5457.26 5465.23 5473.19 5479.95 5487.25 5494.03 5503.76 5508.56 5501.27 5500.29 5501.41 5504.27 5508.01 5512.84 5519.28 5517.12 5502.45 5487.05 5474 5464.07 5462.01 5456.81 5448.68 5443.27 5440.07 5437.12 5431.59 5426.39 5425.53 5427.81 5431.86 5437.43
5422.35 5422.54 5423.28 5424.04 5424.14 5421.92 5416.79 5415.36 5412.73 5408.45 5402.66 5398.68 5393.89 5392.11 5389.2 5389.64 5395.41 5401.01 5404.98 5407.47 5408.87 5410.15 5411.98 5413.95 5412.35 5411.57 5410.29 5408.16 5407.44 5411.1 5411.61 5418.58 5426.62 5434.88 5442.8 5450.93 5458.51 5465.17 5470.48 5473.43 5479.23 5494.72 5502.18 5495.35 5493.39 5495.54 5498.69 5501.76 5504.18 5507.61 5509.73 5501.47 5487.48 5474.73 5464.1 5461.22 5456.04 5448.63 5442.49 5437.12 5434.02 5432.29 5428.67 5423.45 5431.06 5433.73 5439.13
5415 5416.81 5418.43 5419.29 5419 5417 5414.05 5411.64 5409.98 5406.49 5400.62 5397.27 5397.99 5396.37 5390.86 5385.18 5392.37 5399.79 5402.56 5403.19 5403.84 5404.94 5407.06 5415.07 5424.13 5419.08 5413.57 5407.65 5408.94 5408.33 5407.62 5412.42 5419.02 5427.51 5435.43 5443.72 5451.42 5457.76 5463.2 5468.08 5475.09 5484.11 5488.46 5480.09 5485.41 5490.06 5493.51 5495.6 5495.61 5492.59 5496.77 5493.51 5484.19 5473.44 5464.66 5456.62 5451.3 5445.78 5440.4 5436 5434.18 5433.52 5430.66 5424.99 5437.64 5434.51 5435.38
5408.06 5411.33 5413.61 5414.81 5414.51 5413.42 5410.46 5407.28 5402.58 5398.87 5395.69 5393.79 5396.43 5401.96 5396.71 5388.37 5393.44 5400.94 5399.16 5398.6 5399.13 5400.01 5402.65 5412.99 5431.62 5426.55 5416.97 5408.59 5408.35 5402.58 5400.95 5406.8 5413.34 5420.68 5429.18 5436.57 5444.13 5450.65 5457.29 5464.2 5471.55 5473.89 5472.66 5475.3 5482.08 5485.82 5488.61 5490.6 5492.55 5495.62 5495.91 5490.36 5480.36 5469.3 5459.93 5450.55 5446.56 5442.63 5438.38 5435.13 5435 5436.04 5435.37 5423.37 5414.36 5443.83 5435.21
5402.46 5406.32 5408.63 5410.43 5411.02 5410.97 5410.1 5406.96 5401.27 5394.52 5390.1 5388.73 5396.29 5404.2 5404.41 5400.04 5392.83 5390.31 5392.68 5393.44 5394.14 5395.36 5398 5404.66 5425.84 5424.81 5417.52 5411.37 5404.05 5400.24 5399.94 5403.98 5411.18 5417 5423.22 5430.25 5436.45 5443.48 5451.03 5458.07 5466.09 5466.5 5465.69 5478.79 5480.95 5483.3 5485.7 5487.56 5489.63 5494.4 5497.96 5488.41 5476.33 5463.53 5452.43 5447.77 5444.01 5440.24 5436.34 5434.84 5435.74 5438.36 5440.86 5430.84 5433.32 5443.69 5443.47
5399.43 5402.92 5405.17 5407.35 5407.95 5408.14 5408.56 5404.36 5392.85 5388.14 5385.7 5384.57 5390.68 5399.19 5394.71 5400.72 5392.55 5388.13 5388.06 5389.46 5390.36 5391.8 5394.36 5400.77 5413.88 5418.1 5414.56 5407.78 5402 5398.79 5397.76 5401.81 5408.09 5414.09 5420.21 5426.47 5432.5 5438.84 5444.62 5450.65 5454.97 5460.97 5467.91 5473.43 5478.81 5482.04 5483.86 5485.26 5485.41 5489.33 5494.9 5484.46 5471.87 5459.76 5451.39 5447.94 5443.06 5439.51 5435.15 5430.58 5436.26 5440.28 5441.64 5431.71 5429.42 5435.21 5437.6
5399.46 5401.86 5403.37 5404.56 5405.4 5404.57 5401.79 5393.84 5380.13 5384.4 5385.41 5383.94 5391.95 5404.87 5403.98 5397.01 5388.8 5385.17 5386.03 5388.43 5390.19 5391.36 5392.95 5396.08 5408.95 5412.62 5410.91 5407.19 5405.16 5398.59 5394.09 5401.3 5407.17 5412.78 5417.75 5423.36 5428.01 5433.98 5439.1 5444.33 5449.78 5457.93 5467.86 5475.88 5479.4 5481.16 5482.65 5484.49 5487.21 5488.01 5486.29 5479.37 5467.58 5455.23 5446.6 5442.73 5441.7 5440.64 5439.44 5437.6 5439.07 5440.77 5440.99 5436.02 5425.02 5425.42 5428.66
5401.87 5401.71 5402.26 5402.89 5403.39 5402.47 5399.02 5392.48 5393.34 5392.39 5392.48 5394.04 5399.98 5408.81 5403.65 5396.03 5383.32 5379.69 5380.82 5380.93 5382.18 5385.99 5392.88 5396.93 5408.83 5410.48 5409.69 5408 5407.8 5406.69 5405.68 5406.31 5408.74 5412.68 5416.79 5421.54 5426.03 5430.19 5434.38 5438.87 5445.21 5454.41 5466.98 5476.97 5478.5 5479.45 5480.67 5482.87 5487.1 5489.07 5485 5476.21 5464.2 5451.03 5442.3 5440.15 5441.06 5442.42 5445.33 5446.92 5442.97 5441.44 5439.76 5433.79 5425.29 5424.26 5426.73
5403.89 5402.34 5402.85 5403.63 5405.48 5405.83 5404.81 5405.28 5407.92 5403.28 5400.31 5401.65 5400.76 5398.19 5399.25 5397.81 5392.29 5386.78 5383.36 5380.8 5375.97 5382.1 5393.54 5403.54 5411.69 5419.85 5416.09 5411.07 5410.38 5410.13 5411.36 5408.15 5409.04 5411.3 5414.46 5417.95 5422.51 5426.1 5429.63 5433.59 5438.21 5446.45 5460.4 5473.54 5475.75 5475.2 5476.02 5478.61 5481.76 5486.07 5484.54 5475.49 5462.93 5450.98 5444.15 5441.54 5441.66 5442.73 5444.52 5444.96 5442.84 5440.97 5438.73 5436.78 5426.28 5422.7 5425.7
5401.62 5402.49 5403.94 5405.51 5407.53 5410.3 5412.83 5417.94 5420.43 5409.88 5401.04 5397.96 5393.79 5392.93 5403.52 5408.56 5412.67 5397.75 5384.69 5375.83 5370.91 5371.96 5393.77 5418.69 5421.54 5428.84 5423.92 5411.78 5399.8 5400.33 5401.81 5405.85 5407.27 5409.04 5412.02 5415.1 5417.76 5421.78 5425.27 5428.66 5431.76 5437.12 5449.48 5459.2 5466.39 5467.54 5469.56 5473.39 5481.92 5489.66 5487.97 5477.07 5462.91 5450.15 5445.92 5442.9 5441.58 5441.66 5441.71 5441.6 5440.8 5438.9 5435.8 5430.13 5427.83 5422.91 5425.3
