real_craters/C158-1000m.grd
DSAA
66 66
-32.71 32.71
-32.71 32.71
7161.0393673378 9324.726848524
[rows 30 to 59 of 66, columns 0 to 65 of 66]
8712.92 8703.8 8698.62 8701.02 8719.6 8734.31 8748.66 8735.82 8789.22 8797.39 8777.41 8756.35 8746.01 8744 8754.38 8795.31 8804.68 8820.82 8597.92 8450.47 8273.34 7985.9 7717.67 7633.76 7521.28 7420.04 7350.12 7270.49 7256.68 7275.95 7278.7 7276.73 7279.56 7480.72 7426.6 7325.74 7253.82 7234.62 7240.31 7270.19 7310.52 7349.74 7417.8 7523.58 7656.87 7857.6 8133.87 8434.71 8678.89 8776.87 8789.69 8770.06 8760.65 8711.67 8666.45 8624.75 8600.32 8593.25 8593.21 8605.75 8623.24 8638.65 8652.01 8661.48 8667.92 8679.59
8723.29 8714.64 8711.11 8708.7 8736.12 8766.56 8766.95 8747.37 8799.75 8837.03 8799.31 8760.47 8733.59 8720.85 8713.99 8715.96 8800.07 8737.59 8522.98 8452.28 8365.46 8070.31 7777.6 7684.33 7500.44 7421.42 7367.93 7301.23 7263.21 7277.25 7294.88 7301.88 7345 7562.9 7411.95 7289.29 7224.67 7251.44 7247.61 7277.63 7307.18 7342.25 7404.03 7496.19 7635.36 7833.85 8101.94 8390.24 8582.62 8685.45 8734.08 8734.56 8746.97 8698.82 8657.71 8615.58 8584.36 8591.5 8597.7 8614.65 8633.94 8652.95 8670.01 8673.84 8680.64 8689.92
8734.87 8735.87 8748.45 8724.17 8757.37 8779.36 8768.87 8749.46 8793.41 8765.65 8759.73 8749.17 8731.45 8713.82 8698.5 8727.26 8854.03 8825.85 8605.32 8490.18 8394.88 8122.46 7866.18 7689.34 7544.25 7451.94 7398.13 7285.58 7232.34 7274.31 7334.43 7430.06 7515.91 7332.48 7273.59 7239.44 7237.07 7257.69 7275.08 7276.46 7288.45 7326.82 7379.95 7478.77 7606.89 7784.63 8085.78 8383.01 8553.12 8648.54 8714.49 8773.35 8760.3 8691.24 8652.05 8617.92 8595.77 8601.22 8610.24 8622.82 8640.18 8656.46 8673.56 8680.34 8691.77 8708.72
8743.2 8732.6 8584.84 8696.14 8773.08 8796.99 8780.14 8760.77 8758.14 8756.06 8743.4 8734.97 8719.19 8715.35 8720.21 8774.91 8909.05 8760.58 8618.37 8472.41 8257.47 8110.84 7909.07 7702.53 7570.98 7469.16 7378.36 7307.11 7278.26 7276.75 7336.95 7466.35 7551.07 7298 7221.88 7225.07 7236.08 7242.95 7255.95 7308.91 7279.6 7233.53 7399 7485.33 7632.27 7833.98 8116.71 8374.55 8549.23 8644.42 8706.97 8744.84 8760.87 8695.47 8659.06 8624.14 8604.68 8606 8617.35 8633.51 8648.72 8659.08 8668.14 8684.87 8702.88 8719.75
8756.98 8743.17 8758.27 8738.42 8764.14 8798.67 8789.67 8759.57 8752.63 8753.39 8737.2 8728.8 8729.6 8731.04 8757.48 8833.41 8935.11 8803.08 8554.56 8503.55 8365.6 8123.66 7922.02 7766.05 7605.33 7496.43 7382.63 7341.31 7310.82 7306.92 7324.79 7354.93 7356.76 7291.79 7248.36 7269.24 7307.43 7266.86 7264.37 7317.23 7324.25 7267.02 7400.71 7508.26 7701.35 7950.09 8212.75 8456.61 8587.99 8668.56 8722.25 8763.97 8763.01 8705.31 8672.08 8639.1 8620.44 8610.36 8627.75 8645.6 8658.49 8668.12 8674.38 8689.7 8708.83 8722.18
8757.28 8745.89 8743.11 8741.42 8751.76 8775.28 8787.7 8767.96 8748.59 8723.9 8728.2 8725.01 8723.14 8728.17 8768.1 8856.05 8930.2 8798.81 8626.56 8575.66 8372.39 8157.5 7949.75 7807.06 7706.55 7534.42 7425.01 7373.99 7348.3 7333.85 7342.27 7343.93 7340.66 7307.95 7294.19 7291.75 7305.77 7261.56 7213.03 7292.87 7335.22 7372.38 7427.21 7544.05 7748.33 8012.59 8298.11 8523.27 8647.95 8717.87 8763.68 8803.84 8759.97 8728.38 8695.3 8669.23 8650.34 8651.28 8649.02 8658.14 8666.75 8673.75 8681.99 8697.14 8719.57 8737.33
8757.29 8747.72 8746.61 8738.78 8738.66 8743.72 8746.45 8762.72 8770.37 8752.31 8728.93 8716.42 8702.31 8706.95 8749.88 8866 8994.35 8831.76 8777.1 8736.54 8484.59 8182.75 8006.34 7810.11 7661.19 7559.33 7457.53 7393.61 7342.24 7340.68 7353.19 7359.28 7345.65 7323.6 7300.01 7293.6 7276.2 7266.94 7270.29 7326.39 7377.69 7397.58 7431.52 7620.32 7806.08 8083.44 8396 8617.3 8715.27 8783.97 8822.13 8838.92 8791.4 8745.95 8703.99 8680.5 8661.43 8613.92 8659.33 8669.06 8677.47 8688.97 8702.89 8716.48 8729.18 8749.55
8763.47 8754.85 8749.45 8745.01 8742.92 8741.16 8734.9 8760.16 8795.31 8767.5 8727.85 8700.47 8689.48 8684.31 8693.98 8821.35 9022.24 8996.71 8888.57 8883.64 8648.19 8323.69 8154.45 7904.71 7680.71 7588.71 7498.31 7419.39 7340.47 7350.18 7373.21 7366.31 7350.07 7316.04 7287.25 7297.78 7318.32 7321.64 7322.77 7399.06 7458.78 7463.35 7527.97 7692.21 7988.2 8238.47 8483.42 8672.87 8779.9 8848.43 8923.61 8933.13 8830.93 8762.62 8704.73 8648.76 8661.73 8676.37 8668.62 8681.57 8698.12 8712.67 8731.62 8735.94 8717.95 8701.87
8761.62 8757.93 8754.26 8748.71 8743.74 8743.2 8737.9 8764.18 8803.86 8763.08 8721.49 8702.79 8689.73 8681.3 8687.59 8771.01 8877.22 9020.65 9025.5 8962.74 8760.54 8497.95 8264.06 7988.1 7776.95 7651.46 7552.62 7478.43 7402.65 7389.09 7404.84 7393.77 7379.58 7330.57 7297.65 7321.16 7351.07 7362.77 7361.86 7500.73 7585.43 7611.33 7680.65 7869.75 8149.17 8390.95 8628.25 8770.6 8834.21 8884.42 8933.96 8928.97 8841.22 8769.66 8711.17 8672.66 8672.55 8672.33 8663.24 8676.41 8702.01 8724.26 8735.02 8726.72 8697.62 8644.22
8761.68 8760.72 8758.65 8751.85 8747.41 8757.68 8738.51 8771.07 8784.83 8753.53 8731.02 8720.94 8711.25 8707.36 8719.22 8747.03 8800.59 8947.1 9033.89 9042.6 8819.73 8574.06 8454.09 8123.36 7897.12 7755.44 7655.18 7584.59 7488.67 7435 7464.57 7469.96 7417.36 7414.14 7360.85 7385.2 7400.38 7420.72 7511.05 7652.51 7731.61 7749.64 7872.45 8017.85 8280.88 8529.33 8756.94 8854.08 8878.26 8882.4 8870.09 8866.98 8813.75 8756.23 8706.88 8673.21 8683.2 8680.79 8667.87 8675.84 8703.8 8727.51 8751.05 8757.63 8688.37 8631.06
8764.95 8762.45 8759.77 8755.05 8749.13 8750.17 8756.72 8775.21 8777.91 8766.72 8754.94 8740.83 8725.81 8716.51 8722.93 8732.82 8766.12 8932.18 9043.19 9047.08 8888.21 8693.51 8508.9 8247.73 8044.36 7893.97 7795.49 7738.77 7645.41 7495.64 7244.98 7161.04 7431 7561.43 7513.01 7495.12 7507.1 7570.49 7711.06 7800.47 7863.73 7980 8135.76 8346.84 8498.01 8677 8895.35 8930.52 8912.09 8879.21 8849.15 8820.44 8785.23 8739.26 8695.76 8669.77 8676.66 8673.35 8666.97 8683.85 8702 8720.52 8736.05 8723.59 8666.82 8607.73
8773.68 8768.85 8763.7 8759.07 8753.95 8749.75 8765.96 8788.43 8776.07 8786.88 8783.78 8755.96 8734.17 8715.56 8709.98 8728.35 8761.7 8884.2 9072.93 9127.12 8986.01 8816.74 8590.36 8410.99 8249.08 8089.48 8000.61 7947.35 7857.27 7654.93 7298.14 7230.29 7522.26 7682.3 7680.94 7661.73 7650.91 7658.81 7872.55 7995.76 8043.62 8217.19 8343.45 8459.32 8618.19 8824.65 8939.95 8976.12 8914.82 8864.54 8840.15 8797.29 8757.81 8719.74 8683.5 8665.65 8671.74 8676.83 8689.93 8686.8 8699.42 8709.58 8708.9 8685.57 8636.83 8587.97
8779.84 8774.44 8768.6 8763.81 8759.17 8755.82 8768.39 8772.18 8797.8 8794.15 8777.83 8763.99 8747.68 8735.57 8716.54 8719.64 8794.19 8794.01 8989.95 9053.43 9051.26 8941.57 8734.56 8634.75 8521.01 8388.65 8271.27 8161.97 8037.18 7877.6 7660.17 7593 7763.16 7889.72 7870.74 7857.69 7851.48 7892.23 8047.5 8204.89 8237.83 8337.33 8531.33 8683.06 8840.34 9002.13 9108.7 8999.68 8896.2 8788.12 8703.72 8733.57 8724.26 8704.23 8680.5 8669.58 8675.63 8677.59 8678.57 8685.94 8697.99 8705.85 8698.67 8660.59 8630.06 8602.36
8783.06 8775.91 8776.99 8772.09 8763.08 8758.54 8788.03 8818.72 8810.12 8791.74 8764.48 8760.16 8745.35 8739.6 8705.66 8619.21 8520.41 8601.41 8849.89 8996.13 9057.41 9022.56 8947.97 8859.87 8795.16 8711.32 8563.25 8395.34 8233.68 8074.72 8078.44 8057.08 8029.26 8037.1 8090.2 8100.08 8072.25 8083.21 8189.08 8328.69 8424.23 8545.98 8810.12 9060.5 9212.67 9129.49 9073.98 8997.12 8881.93 8778.44 8705.72 8707.25 8709.48 8704.99 8699.22 8694.32 8692.86 8685.97 8679.43 8684.96 8697.11 8708.16 8715.29 8709.34 8671.26 8600.65
8799.69 8801.3 8792.94 8784.16 8776.26 8770.51 8801.1 8830 8809.9 8786.46 8769.66 8757.55 8747.16 8734.61 8710.6 8665.86 8663.74 8755.88 8803.26 8968.08 9013.23 8999.75 8971.26 8953.77 8952.89 8989.14 8786.29 8621.9 8489.13 8373.7 8308.01 8260.15 8311.43 8363.11 8377.3 8343.06 8290.3 8243.74 8323.06 8463.18 8637.2 8867.59 9078.19 9183.87 9141.06 9187.59 9123.03 8973.85 8852.69 8763.06 8706.48 8710.42 8707.14 8707.21 8707.33 8702.81 8699.83 8689.22 8679.4 8685.82 8704.4 8719.94 8736.72 8757.94 8727.24 8641.07
8842.26 8824.85 8809.7 8797.98 8789.26 8786.31 8798.85 8810.7 8783.08 8774.23 8752.69 8753.11 8743.58 8722.01 8712.35 8720.88 8779.05 8791.43 8801.74 8976.58 9037.98 8996.43 8987.58 8962.19 8917.77 8914.26 8872.4 8796.83 8745.58 8738.08 8593.27 8591.42 8609.89 8670.27 8655.52 8625.38 8510.99 8460.11 8507.91 8651.45 8856.24 9110.18 9261.12 9148.28 9154.73 9139.35 9041.5 8930.84 8823.02 8722.77 8670.66 8697.81 8701.07 8706.04 8710.03 8700.12 8682.99 8690.65 8692.82 8700.66 8714.24 8730.71 8745.52 8752.4 8746.28 8733.77
8829.12 8829.72 8817.14 8806.42 8798.06 8790.37 8794.4 8787.37 8772.24 8771.84 8772.82 8763.07 8751.28 8741.76 8726.87 8723.02 8768.29 8780.75 8767.44 8823.18 8891.64 8881.27 8913.01 8923.99 8924.25 8912.08 8905.73 8906.57 8920.38 8928.92 8882.44 8871.09 8815.17 8818.86 8761.66 8634.18 8693.67 8752.91 8849.13 8965.77 9200.33 9269.11 9311.48 9219.36 9201.55 9053.48 8937.14 8867.41 8786.41 8711.55 8678.99 8694.55 8697.78 8699.33 8704.47 8701.43 8707.25 8702.83 8711.07 8722.55 8729.15 8737.4 8744.33 8746.89 8746.61 8753.07
8841.92 8833.36 8822.33 8811.24 8805.99 8796.5 8798 8805.31 8776.49 8775.88 8778.43 8769.32 8754.18 8747.15 8727.98 8719.61 8723.59 8730.71 8722.66 8733.27 8741.06 8739 8760.35 8852.33 8916.01 8900.49 8907.43 8937.19 9000.86 9077.36 9016.78 8909.18 8857.67 8847.81 8817.26 8799.17 8890.14 9018.49 9169.73 9142.85 9227.3 9210.74 9193.4 9140.62 9052.49 8958.4 8872.46 8820.4 8765.6 8705.19 8700.76 8701.93 8699.09 8694.73 8693.26 8694.91 8698.48 8715.55 8726.41 8733.76 8745.27 8749.11 8747.43 8748.32 8746.22 8754.11
8829.89 8828.22 8815.82 8805.84 8798.59 8792.56 8791.77 8790.35 8782.11 8780.63 8780.42 8765.76 8740.41 8721.78 8713.31 8708.58 8727.72 8725.08 8722.02 8717.95 8711.71 8732.95 8780.35 8808.52 8837.55 8846.17 8872.62 8910.94 8968.34 9051.13 9059.29 8977.49 8965.14 8979.61 9022.85 9109.38 9075.6 9062.07 9047.61 9090.48 9130.8 9080.87 9034.37 8969.9 8878.9 8855.23 8830.97 8790.22 8751.34 8718.74 8706.76 8705.98 8703.45 8694.56 8688.34 8712.61 8728.48 8733.65 8747.3 8760.31 8764.54 8758.6 8756.48 8756.35 8763.12 8746.95
8823.87 8813.2 8808.75 8800.25 8787.54 8774.18 8773.72 8784.02 8793.66 8777.24 8756.34 8734.9 8727.02 8709.64 8701.85 8702.05 8722.32 8721.11 8710.76 8705.43 8704.68 8703.56 8724.44 8756.53 8760.06 8799.28 8839.07 8880.01 8907.12 8900.39 8917.09 8975.28 8994.95 9054.07 9158.97 9142.48 9073.05 9028.28 9011.17 9030.35 9006.33 8951.57 8889.53 8871.76 8806.89 8850.9 8804.96 8782.1 8747.49 8702.25 8718.96 8722.88 8724.91 8720.27 8715.08 8716.29 8729.86 8749.2 8766.69 8786.61 8782.97 8772.6 8763.94 8753.79 8740.5 8731.47
8847.41 8823.58 8806.81 8787.8 8768.41 8755.89 8752.41 8760.51 8772.23 8765.24 8759.33 8756.67 8726.37 8707.81 8697.84 8695.57 8703.26 8701.71 8704.35 8704.54 8706.84 8710.04 8728.94 8727.15 8731.19 8756.91 8787.31 8812.44 8829.45 8863.56 8886.91 8874.95 8881.28 8966.91 8986.88 8949.98 8933.04 8957.06 8979.55 8917.03 8846.48 8837.76 8801.47 8775.38 8747.14 8739.28 8762.01 8757.94 8752.75 8746.13 8741.6 8745.35 8751.98 8761.36 8755.36 8738.53 8747.19 8767.75 8786.42 8800.66 8803.19 8788.76 8771.2 8749.69 8727.32 8724.89
8894.22 8857.61 8826.76 8790.24 8763.84 8753.2 8742.95 8738.89 8746.34 8747.25 8743.92 8731.75 8724.15 8712.06 8701.63 8695.27 8696.38 8700.2 8707.06 8705.34 8708.02 8707.8 8717.73 8727.39 8733.61 8753.58 8774.43 8793.39 8812.75 8827.09 8874.47 8870.34 8876.42 8904.77 8908.71 8914.34 8910.18 8873.32 8833.81 8813.23 8797.51 8796.6 8783.65 8759.28 8732.32 8724.98 8736.87 8746.78 8748.19 8749.02 8755.31 8759.22 8767.52 8779.27 8775.84 8757.34 8768.72 8791.21 8814.69 8836.87 8837.74 8811.06 8781.19 8749.91 8727.41 8729.14
8923.62 8896.35 8865.24 8818.21 8772.83 8751.45 8741.84 8738.85 8738.06 8733.86 8730.17 8728.26 8720.4 8715.06 8709.35 8709.07 8715.61 8719.16 8714.19 8717.42 8716.15 8712.96 8728.79 8751.11 8755.48 8761.71 8769.87 8781.89 8794.05 8816.06 8863.76 8881.38 8882.07 8873.07 8832.02 8833.14 8828.05 8819.41 8799.72 8797.92 8796.39 8791.81 8790.16 8764.55 8733.49 8723.52 8730.57 8739.09 8744.38 8751.31 8761.02 8766.51 8774.85 8782.66 8787.55 8793.61 8798.36 8817.02 8843.51 8877.61 8871.95 8833.11 8795.2 8760.36 8734.03 8739.93
8964.07 8940.45 8918.55 8885.43 8778.11 8752.89 8748.33 8740.62 8724.54 8723.64 8722.73 8717.34 8713.23 8712.76 8714.9 8719.36 8725.55 8733.39 8736.86 8738.55 8742.79 8741.66 8751.69 8762.56 8761.5 8760.01 8762.38 8772.57 8781.39 8802.9 8854.81 8886.5 8901.25 8866.67 8818.99 8801.48 8798.48 8807.88 8814.75 8812.6 8811.18 8798.85 8778.62 8755.69 8740.35 8730.48 8736.05 8746.65 8754.22 8761.25 8765.17 8770.42 8781.34 8798.12 8808.05 8823.97 8824.96 8836.83 8859.63 8893.33 8894.1 8848.29 8808.91 8777.72 8761.69 8764.49
9017.06 8983.5 8962.15 8926.59 8795.83 8764.49 8745.83 8736.31 8730.29 8725.66 8722.67 8715.51 8709.4 8711.69 8718.06 8718.27 8725.51 8731.32 8744.8 8773.25 8732.06 8753.26 8719.48 8725.03 8736.95 8733.03 8748.44 8769.35 8786.25 8793.64 8854.63 8880.16 8868.96 8867.59 8854.8 8834.65 8805.29 8816.45 8822.55 8835.53 8805.69 8796.35 8803.06 8764.42 8750.47 8742.88 8751.01 8758.81 8768.78 8770.4 8770.59 8771.73 8776.94 8785.02 8808.41 8822.46 8831.33 8840.58 8855.28 8877.17 8874.9 8840.89 8813.73 8792.01 8779.2 8783.84
9034.48 9007.38 8976.18 8910.46 8832.81 8779.66 8751.28 8743.92 8736.5 8733.51 8731.86 8726.13 8716.06 8713.04 8715.41 8715.12 8732.46 8732.09 8687.42 8636.11 8552.26 8536.86 8580.65 8564.32 8619.83 8679.84 8725.97 8768.21 8808.25 8842.61 8865.73 8881.04 8890.26 8881.29 8875.4 8856.9 8831.55 8810.1 8808.42 8788.62 8782.48 8792.72 8763.16 8763.61 8788.21 8789.6 8775.25 8770.97 8772.76 8775.82 8775.29 8773.75 8771.19 8773.37 8792.59 8808.69 8821.8 8833.35 8839.85 8839.15 8813.76 8822.83 8813.57 8800.61 8796.61 8803.69
9063.36 9024.35 8982.67 8940.38 8867.46 8802.87 8755.48 8756.04 8762.27 8762.41 8749.47 8733.37 8719.4 8714.58 8714 8717.69 8743.95 8725.28 8589.79 8509.64 8507.41 8504.05 8510.05 8512.12 8562.33 8634.94 8700.5 8759.46 8811.48 8840.67 8861.13 8874.16 8875.73 8870.67 8855.35 8832.94 8804.78 8794.81 8799.85 8813.4 8851.38 8828.85 8778.06 8769.82 8801.96 8781.48 8773.13 8781.74 8788.82 8786.91 8787.87 8785.22 8777.53 8773.92 8787.2 8801.23 8812.6 8823.18 8830.02 8839.11 8846.18 8830.73 8818.59 8807.23 8812.26 8815.76
9101.1 9048.85 8992.13 8940.06 8898.12 8837.25 8785.35 8780.92 8788.88 8788.47 8771.28 8751.96 8734.42 8719.62 8718.32 8738.73 8696.66 8646.5 8542.9 8503.73 8501.09 8499.24 8497.45 8496.13 8548.47 8617.54 8687.63 8751.67 8802.63 8829.69 8853.13 8865.93 8868.32 8858.8 8831.53 8817.56 8805.76 8802.67 8804.7 8840.44 8852.39 8787.44 8787.05 8788.61 8787.85 8790.15 8797.86 8797.35 8796.49 8800.08 8802.6 8803.51 8798.97 8789.52 8785.26 8790.41 8801.28 8812.83 8824.33 8842.74 8862.58 8841.23 8827.09 8825.39 8835.45 8824.18
9120.47 9073.8 9026.2 8996.96 8938.03 8880.13 8840.94 8820.77 8808.22 8784.85 8798.84 8794.5 8763.47 8736.6 8736.98 8770.62 8535.4 8447.6 8505.14 8503.65 8500.27 8501.92 8500.17 8499.84 8541.42 8609.3 8676.41 8745.66 8809.69 8830.81 8841.84 8843.72 8804.73 8773.13 8799.66 8821.17 8808.73 8795.71 8793.9 8827.14 8828.43 8802.96 8783.76 8796.16 8812.4 8813.84 8814.43 8810.69 8811.02 8812.9 8819.05 8828.29 8837.42 8820.88 8792.92 8788.84 8797.84 8808.28 8827.98 8838.68 8845.84 8835.95 8832.61 8830.89 8826.98 8853.07
9141.46 9093.49 9047.58 9014.83 8977.69 8929.03 8888.63 8869.15 8851.96 8842.91 8839.76 8841.91 8821.33 8777.17 8764.61 8745.35 8551.14 8455.69 8504.19 8502.1 8499.88 8504.31 8502.61 8503.52 8541.36 8590.75 8647.35 8715.69 8808.13 8822.86 8813.75 8806.38 8763.72 8742.76 8779.35 8805.08 8809.13 8801.8 8799.56 8802.31 8812.67 8813.77 8783.87 8818.24 8837.67 8822.23 8822.97 8811.81 8805.91 8821.38 8833.31 8844.26 8856.55 8834.02 8796.39 8791.99 8803.33 8816.61 8836.51 8846.43 8841.63 8843.86 8842.03 8840.31 8844.54 8864.91
