real_craters/C158-300m.grd
DSAA
383 383
-57.2425 57.2425
-57.2425 57.2425
4309.4294517808 6622.3482198412
[rows 180 to 209 of 383, columns 134 to 200 of 383]
5822.04 5895.79 5980.45 6068.21 6150.92 6221.82 6227.97 6120.95 5987.65 5843.67 5695.84 5553.8 5425.5 5345.6 5306.01 5283.81 5270.13 5265.7 5261.65 5201.71 5108.25 5012.04 4915.65 4824.33 4772.09 4746.97 4730.55 4696.75 4645.67 4601.14 4577.72 4564.61 4556.3 4550.65 4546.72 4543.98 4542.16 4541.04 4537.28 4529.5 4530.45 4535.03 4541.38 4548.77 4556.93 4566.61 4580.68 4596.73 4605.06 4611.95 4618.02 4623.32 4627.92 4632.11 4635.68 4638.41 4640.37 4641.27 4641.72 4639.93 4637.81 4635.53 4636.39 4639.4 4629.42 4622.37 4618.42
5815.98 5893.75 5983.07 6075.51 6164.26 6234.94 6242.16 6140.21 5995.34 5840.46 5684.8 5538.48 5413.61 5333.18 5285.62 5255.84 5235 5215.46 5190.64 5138.93 5067.21 4983.39 4890.35 4792.01 4721.32 4698.49 4685.64 4660.57 4613.24 4571.26 4551.29 4540.1 4533.85 4530.09 4528.04 4527.03 4526.69 4526.18 4524.54 4520.72 4524.74 4532.15 4541.32 4551.43 4562.16 4573.55 4590.11 4606.82 4615.31 4622.77 4629.03 4634.54 4639.44 4644.16 4647.38 4650.81 4653.9 4656.31 4657.92 4658.47 4660.26 4662.52 4665.89 4663.38 4652.53 4645.76 4635.27
5805.63 5888.45 5979.65 6070.04 6154.07 6221.4 6239.25 6130.57 5982.38 5825.28 5666.65 5515.75 5386.24 5310.18 5262.31 5227.62 5196.78 5163.03 5118.32 5080.9 5028.79 4962.83 4884.37 4791.01 4699.14 4661.36 4643.2 4622.59 4585.86 4548.9 4529.21 4519.14 4514.09 4511.98 4511.5 4512.28 4512.18 4510.7 4508.34 4509.51 4518.82 4529.7 4541.73 4554.67 4568.35 4581.95 4599.85 4616.35 4625.85 4633.62 4640.03 4645.62 4650.67 4655.33 4659.1 4663.15 4667.43 4671.27 4675.12 4678.66 4682.87 4686.99 4687.47 4674.44 4664.1 4649.17 4651.59
5808.39 5888.23 5973.96 6054.83 6124.13 6171.87 6177.24 6081.04 5947.81 5800.11 5645.53 5491.5 5357.04 5287.69 5240.17 5200.53 5163.84 5126.54 5084.74 5044.59 5001.58 4951.56 4893.75 4815.69 4693.45 4637.39 4612.88 4590.7 4559.75 4528.17 4510.14 4500.53 4496.75 4496.17 4498.56 4499.62 4500.04 4498.46 4496.48 4502.81 4515.2 4528.45 4542.73 4558.23 4575.18 4593.2 4612.35 4626.4 4636.45 4644.07 4649.77 4655.06 4659.92 4664.58 4670.84 4675.58 4680.72 4685.84 4691.32 4697.82 4703.97 4709.28 4708 4698.51 4690.73 4680.2 4676.6
5827.58 5898.03 5971.97 6037.62 6086.59 6105.99 6080.44 6008.08 5903.26 5773.55 5630.56 5480.45 5345 5279.06 5225.51 5177.71 5136.96 5101.85 5066.22 5020.18 4980.57 4940.66 4896.87 4822.54 4691.48 4628.65 4600 4569.99 4537.76 4513 4494.42 4484.33 4482.35 4483.79 4487.54 4490.31 4491.67 4491.59 4495.05 4503.23 4514.98 4528.86 4544.46 4561.73 4581.16 4602.54 4625.15 4638.21 4648.07 4655.24 4661.69 4667.16 4672.31 4677.34 4681.01 4686.27 4692.18 4697.84 4704.7 4713.36 4721.36 4729.94 4741.19 4734.84 4726.95 4725.12 4705.11
5862.11 5919.36 5978.14 6026.91 6058 6057.75 6016.72 5953.8 5868.12 5754.38 5627.63 5497.63 5374.01 5288.5 5217.38 5159.26 5110.95 5072.53 5037.33 4994.63 4959.5 4924.38 4885.03 4814.39 4703.51 4643.07 4617.49 4573.12 4529.89 4497.55 4475.33 4469.24 4470.39 4475.03 4480.34 4484.68 4487.92 4489.77 4500.39 4505.79 4516.13 4530.05 4546.31 4564.46 4584.7 4607.98 4639.71 4650.93 4659.75 4666.66 4673.53 4679.38 4684.98 4690.48 4695.62 4697.67 4704.37 4711.21 4718.35 4725.15 4733.69 4742.13 4748.2 4754.35 4749.17 4737.05 4722.15
5909.35 5949.22 5989.92 6025.46 6046.39 6041.1 6000.94 5938.55 5855.4 5743.66 5623.52 5517.21 5412.28 5295.68 5207.97 5140.5 5084.56 5036.44 4998.65 4967.48 4937.93 4904 4859.07 4794.16 4714.25 4662.18 4635.79 4589.17 4542.45 4489.02 4459.28 4457.95 4462.51 4469.22 4476.47 4482.9 4487.96 4490.4 4495.51 4504.52 4516.49 4531.09 4547.87 4566.57 4587.2 4611.06 4647.96 4660.26 4668.97 4675.88 4682.47 4688.39 4694.13 4699.83 4705.6 4711.9 4718.64 4724.76 4731.29 4736.53 4743.94 4750.48 4754.85 4756.11 4752.99 4746.55 4733.13
5943.83 5969.4 6001.11 6030.63 6050.74 6050.9 6024.78 5965.81 5865.29 5737.82 5600.7 5473.18 5367.87 5269.91 5188.23 5119.62 5060.8 5009.51 4973.66 4946.65 4921.71 4890.04 4845.47 4785.68 4720.48 4673.35 4641.21 4596.43 4550.51 4492.72 4458.75 4455.61 4459.8 4466.61 4474.77 4483.23 4491.69 4495.75 4492.42 4503.21 4516.64 4532.03 4549.28 4568.56 4590.75 4619.66 4653.1 4666.6 4676.98 4685.24 4692.53 4699.31 4705.79 4712.11 4718.81 4721.97 4729.16 4735.43 4741.55 4750.24 4755.46 4760.29 4764.44 4763.74 4758.95 4752.29 4738.6
5943.66 5974.53 6007.32 6038.24 6061.48 6071.1 6061.34 6009.33 5886.14 5736.8 5573.73 5406.01 5299.23 5234.47 5167.17 5101.66 5043.38 4989.25 4955.78 4935.59 4914.38 4886.66 4846.19 4787.59 4725.18 4677.77 4638.44 4587.29 4538.43 4494.91 4467.14 4459.96 4461.9 4467.71 4475.77 4484.94 4493.45 4499.46 4495.82 4504.76 4518.35 4533.97 4551.21 4570.33 4592.54 4621.66 4653.05 4669.57 4682.2 4691.89 4700.24 4707.22 4714.37 4721.3 4728.39 4738.99 4746.43 4752.1 4757.08 4761.43 4762.04 4765.97 4771.97 4776.35 4770.89 4756.43 4741.22
5947.36 5974.32 6007.03 6041.68 6071.01 6088.09 6083.67 6031.17 5906.21 5744.51 5566.99 5396.14 5287.1 5216.28 5153.08 5093.81 5036.81 4986.96 4955.09 4935.23 4916.32 4891.62 4854.54 4790.99 4721.24 4661.77 4616.47 4569.08 4525.81 4493.71 4474.78 4465.86 4465.29 4469.83 4477.24 4485.76 4492.5 4495.61 4496.86 4507.57 4521.08 4536.38 4553.24 4571.74 4592.01 4621.21 4654.99 4673.06 4687.55 4698.66 4708.25 4716.51 4724.63 4732.41 4740.79 4748.49 4755.64 4760.42 4765.56 4769.91 4775.3 4773.64 4770.3 4768.34 4764.14 4760.76 4749.67
5934.49 5960.76 5998.72 6041.1 6077.55 6101.26 6101.79 6053.43 5931.79 5761.8 5577.08 5407.29 5294.74 5215.4 5150.19 5092.2 5039.11 4996.34 4965.76 4941.19 4923.43 4900.65 4864.39 4793.4 4712.65 4637.05 4591.92 4549.08 4513.62 4488.91 4475.75 4468.45 4467.16 4470.99 4478.48 4487.02 4493.33 4496.98 4501.72 4512.23 4525.02 4539.64 4556.08 4574.7 4596.41 4633.51 4661.03 4677.23 4691.53 4703.22 4713.57 4723.09 4732.04 4740.65 4749.52 4760.31 4768.69 4774.19 4779.76 4783.5 4785.58 4781.38 4768.11 4748.16 4766.52 4769.32 4748.21
5914.67 5940.31 5986.31 6036 6079.56 6111.61 6121.28 6090.8 5963.9 5784.31 5593.88 5422.8 5309.45 5225.12 5155.33 5095.71 5043.78 5004.85 4973.42 4948.87 4931.86 4910.28 4869.96 4795.89 4710.41 4626.46 4571.5 4528.97 4497.57 4478.92 4472.3 4467.15 4465.87 4470.59 4479.04 4489.13 4497.59 4503.98 4509.42 4518.17 4529.69 4543.28 4559.17 4578.17 4601.66 4640 4664.54 4680.84 4694.96 4707.01 4717.9 4728.03 4739.53 4749.06 4759.74 4770.03 4778.61 4787.55 4794.18 4799.2 4801.4 4800.22 4792.03 4782.03 4811.75 4796.42 4776.14
5894.14 5919.9 5974.5 6030.3 6078.91 6115.38 6128.5 6102.5 5982.17 5806.16 5613.37 5441.45 5330 5241.14 5165.26 5100.19 5046.05 5007.03 4976.07 4954.56 4940.86 4921.27 4876.78 4801.18 4713.77 4631.67 4551.26 4509.12 4482.8 4468 4462.79 4459.18 4460.68 4467.9 4478.67 4491.25 4503.37 4509.44 4515.79 4524 4534.34 4546.66 4561.55 4580.2 4604.2 4641.4 4666 4683.51 4699.36 4712.55 4724.61 4735.93 4747.33 4757.87 4768.13 4779.21 4788.76 4798.53 4807.79 4815.44 4822.2 4827.67 4833.83 4851.59 4860.78 4813.37 4736.84
5886.87 5912.74 5969.3 6027.52 6077.84 6114.55 6126.78 6097.6 5996.22 5831.08 5640.82 5471.27 5359.73 5263.24 5177.94 5101.78 5041.08 4998.67 4971.16 4954.21 4946.52 4936.11 4892.56 4808.43 4716.08 4609.8 4525.91 4491.91 4471.2 4457.44 4444.85 4443.06 4451.97 4463.77 4477.51 4491.93 4505.33 4512.2 4521.93 4530.63 4538.67 4549.49 4562.91 4580.21 4604.76 4643.26 4667.33 4684.08 4701.68 4715.52 4728.28 4740.34 4750.82 4761.99 4772.97 4784.76 4795.64 4807.89 4818.91 4829.68 4840.69 4852.92 4866.93 4874.27 4881.51 4827.28 4741.17
5883.45 5917.82 5971.43 6026.83 6075.43 6111.47 6125.75 6107.62 6018.57 5862.07 5685.07 5523.57 5400.97 5291.04 5193.22 5104.91 5032.55 4985.39 4959.68 4947.29 4941.23 4936.58 4892.2 4808.03 4721.07 4622.14 4520.18 4484.37 4461.42 4444.36 4431.44 4432.36 4446.22 4461.04 4476.51 4491.94 4507.51 4518.73 4530.85 4536.72 4542.8 4552.3 4564.31 4579.77 4600.42 4644.07 4668.33 4684.44 4700.73 4713.89 4726.06 4737.68 4749.05 4760.34 4771.71 4785.94 4797.93 4813.36 4824.29 4837.7 4853.16 4869.3 4888.55 4913.2 4903.83 4836.82 4769.4
5883.67 5923.6 5975.32 6027.9 6073.97 6106.11 6118.63 6100.69 6026.45 5890.19 5735.13 5583.67 5446.8 5322.58 5209.81 5108.5 5026.15 4973.62 4944.6 4929.21 4921.01 4913.96 4867.24 4791.19 4715.09 4627.49 4535.23 4490.06 4458.19 4433.63 4429.09 4434.34 4446.15 4460.76 4476.26 4491.9 4513.79 4547.19 4538.76 4539.8 4544.69 4554.02 4566.06 4581.63 4604.96 4645 4668.76 4683.45 4696.73 4708.48 4722.29 4733.54 4744.75 4756.1 4767.73 4782.25 4794.92 4812.95 4829.13 4843.7 4856.91 4873.46 4889.55 4896.67 4871.72 4825.29 4776.23
5886.1 5929.14 5981.12 6031.25 6072.99 6100.6 6108.68 6089.58 6025.81 5910.1 5770.17 5628.19 5490.03 5355.31 5228.12 5111.85 5018.85 4961.16 4927.03 4906.23 4888.38 4864.07 4821.07 4760.1 4693.61 4623.91 4555 4504.93 4467.21 4441.92 4435.53 4441.02 4450.09 4463.12 4477.92 4491.13 4504.84 4521.86 4530.86 4536.71 4544.66 4554.86 4568.56 4586.23 4613.9 4648.72 4668.34 4682.04 4696.07 4707.79 4719.02 4730.14 4741.37 4752.82 4764.02 4779.91 4794.54 4808.18 4824.12 4839.94 4855.01 4867.34 4878.45 4878.13 4858.06 4819.28 4774.51
5890.21 5940.83 5992.34 6037.56 6074.78 6097.36 6101.52 6080.81 6024.09 5931.65 5805.62 5672.21 5532.8 5389.46 5246.84 5115.01 5008.72 4948.3 4912.45 4885.73 4859.33 4827.77 4782.29 4729.01 4666.89 4612.4 4568.8 4521.33 4482.41 4454.15 4443.84 4445.98 4454.29 4466.82 4481.23 4494.79 4500.92 4505.83 4518.94 4530.03 4541.29 4553.96 4570.28 4591.02 4620.26 4648.04 4666.65 4677.71 4690.12 4700.72 4711.13 4721.66 4732.47 4743.67 4756.22 4768.52 4782.97 4796.51 4811.97 4826.67 4843.48 4856.88 4866.61 4866.15 4850.93 4815.79 4770.82
5898.93 5951.48 6000.74 6047.13 6080.13 6097.64 6099.12 6081.54 6039.52 5962.2 5856.41 5725.91 5580.52 5429.05 5274.9 5126.05 4996.1 4944.15 4908.11 4875.44 4841.31 4800.48 4758.86 4710.83 4657.93 4612.66 4573.93 4535.51 4499.77 4470.13 4456.44 4453.32 4459.98 4471.15 4484.07 4496.62 4498.45 4499.32 4510.43 4522.54 4535.56 4550.47 4569.02 4591.26 4623.12 4646.04 4660.67 4669.3 4678.38 4689.57 4699.22 4709.23 4719.7 4730.66 4742.22 4754.34 4768.79 4786.06 4799.36 4812.66 4828.91 4840.51 4850.99 4851.78 4846.19 4800.76 4754.29
5908.11 5967.6 6021.93 6064.86 6089.09 6101.06 6100.14 6083.12 6045.74 5995.18 5912.79 5782.36 5631.83 5475.43 5316.5 5162.57 5031.83 4966.79 4919.23 4879.17 4841.31 4799.21 4752.29 4705.62 4660.83 4619.73 4585.79 4551.13 4520.2 4496.75 4480.93 4470.18 4470.01 4476.21 4485.1 4493.6 4494.65 4496.32 4504.44 4515.35 4527.94 4543.69 4563.57 4588.34 4623.55 4640.09 4651.73 4658.64 4666.66 4676.37 4685.4 4694.93 4704.97 4715.55 4728.95 4740.6 4756.2 4768.51 4785.48 4798.54 4808.69 4819.08 4825.7 4825.22 4815.16 4770.43 4733.43
5914.2 5985.87 6058.39 6083.28 6095.75 6104.22 6103.48 6090.19 6059.52 6029.59 5968.66 5833.34 5681.36 5524.73 5368.31 5221.12 5096.39 5008.53 4943.27 4892.4 4852.3 4811.42 4757.84 4709.2 4661.62 4626.97 4594.42 4563.86 4538.49 4520.71 4504.85 4487.38 4480.01 4481 4485.15 4488.77 4487.93 4492.33 4498.72 4507.3 4518.3 4532.61 4551.99 4579.67 4614.19 4626.24 4637.46 4643.5 4651.26 4661.82 4670.99 4680.62 4690.68 4701.13 4714.58 4727.01 4739.06 4751.24 4763.2 4774.26 4782.72 4794.21 4795.94 4790.5 4776.36 4735.91 4708.92
5907.9 5978.96 6040.72 6073.74 6092.49 6104.53 6109.27 6105.11 6091.09 6062.9 5996.08 5869.1 5724.04 5572.51 5422.45 5282.45 5156.53 5051.98 4968.98 4904.07 4855.49 4812.69 4765.29 4723.39 4679.14 4642.74 4607.38 4575.96 4550.89 4532.82 4516.28 4496.78 4486.41 4485.18 4485.83 4486.38 4489.55 4488.84 4492.15 4498.17 4506.42 4517.3 4532.63 4552.46 4589.27 4605.14 4617.1 4625.07 4633.91 4645.19 4654.9 4664.85 4674.99 4685.26 4694.75 4708.85 4720.44 4730.96 4743.93 4752.18 4757.89 4759.94 4760.67 4753.98 4738.39 4707.85 4687.2
5892.2 5957.91 6010.57 6053.46 6083.16 6102.58 6113.28 6126.49 6121.61 6089.95 6012.4 5898.99 5758.59 5613.23 5469.49 5335.4 5206.23 5088.02 4989.3 4909.12 4846.77 4804.3 4772.44 4748.35 4714.66 4666.51 4622.02 4585.23 4557.42 4537.53 4521.23 4505.76 4495.9 4489.42 4486.91 4486.52 4479.44 4483.47 4485.3 4488.65 4493.87 4500.94 4510.41 4523.49 4556.51 4577.29 4591.36 4602.17 4612.03 4623.74 4633.67 4643.62 4653.62 4663.61 4676.61 4688.58 4697.99 4706.72 4710.52 4716.87 4722.55 4729.76 4729.08 4722.5 4710.84 4690.93 4670.92
5878.12 5941.83 5993.97 6038.21 6074.57 6099.39 6114.39 6134.25 6127.66 6102.46 6038.11 5925.47 5788.57 5646.86 5506.1 5369.75 5236.97 5112.79 5002.92 4909.34 4835.09 4796.42 4778.09 4768.87 4746.47 4684.8 4630.53 4587.31 4559.65 4539.71 4523.18 4511.76 4502.08 4491.6 4484.54 4483.56 4484.42 4480.24 4478.45 4478.68 4481.13 4485.62 4492.18 4505.44 4529.73 4547.77 4562.67 4574.22 4584.57 4594.35 4603.91 4618.31 4628.37 4638.29 4646.59 4656.02 4665.07 4675.4 4682.03 4688.13 4693.59 4696.67 4696.86 4693.4 4687.01 4675.22 4656.66
5871.87 5934.38 5986.18 6031.26 6071.67 6097.18 6115.4 6141.65 6136.92 6118.19 6060.19 5948.44 5812.4 5672.05 5530.67 5394.34 5257.2 5128.4 5012.28 4910.64 4829.06 4793.41 4784.01 4774.5 4744.96 4693 4635.34 4585.18 4562.67 4544.34 4527.45 4515.8 4504.82 4492.09 4480.09 4475.54 4480.5 4474.39 4469.94 4467.43 4467.46 4470.34 4476.05 4485.67 4502.82 4520.24 4535.01 4547.08 4557.91 4568 4578.25 4592.04 4601.93 4611.59 4620.78 4629.83 4638.4 4649.87 4655.79 4661.46 4666.32 4668.76 4668.69 4664.38 4660.89 4656.59 4643.26
5871.04 5933.73 5993.86 6047.99 6075.56 6095.66 6113.44 6146.43 6150.97 6139.14 6076.71 5967.54 5833.15 5691.91 5546.14 5402.99 5267.43 5139.51 5021.94 4918.49 4836.49 4803.29 4794.78 4790.11 4758.82 4702.32 4646.91 4600.81 4574.16 4555.3 4539.4 4524.55 4509.44 4493.89 4481.92 4474.76 4472.5 4465.67 4459.38 4455.03 4453.11 4454.51 4459.73 4467.25 4477.5 4494.33 4508.25 4520.46 4531.67 4542.2 4552.22 4567.39 4577.44 4587.12 4595.81 4604.58 4612.77 4622.74 4628.47 4633.58 4638.43 4638.25 4639.07 4635.73 4631.91 4627.75 4631.33
5868.8 5928.91 5991.89 6051.95 6070.2 6089.83 6127.31 6146.08 6155.19 6144.53 6087.5 5986.79 5854 5710.32 5559.09 5409.41 5276.33 5150.84 5033.27 4933.9 4862.11 4821.07 4807.06 4796.42 4763.32 4711.1 4660.51 4619.92 4589.22 4570.1 4555.67 4536.46 4512.08 4496.01 4486.28 4476.39 4466.56 4457.11 4448.65 4441.81 4437.5 4436.41 4438.65 4446.5 4455.21 4470.19 4483.06 4495.12 4506.68 4517.54 4527.83 4537.61 4554.53 4564.15 4573.18 4581.6 4589.3 4598.19 4600.77 4605.93 4610.12 4609.67 4611.22 4607.78 4606.93 4604.72 4616.58
5859.61 5914.8 5966.91 6007.46 6044.56 6075.87 6117.83 6141.97 6153.6 6146.29 6104.29 6010.9 5885.45 5735.37 5578.41 5424.41 5292.71 5165.48 5045.28 4942.61 4872.18 4833.39 4818.95 4805.94 4769.58 4718.26 4668.49 4624.85 4598.73 4584.95 4572.69 4552.62 4523.75 4503.96 4490.51 4477.97 4462.79 4448.98 4437.67 4427.85 4420.22 4416.29 4415.49 4422.16 4435.58 4446.8 4458.27 4470.06 4481.61 4492.63 4503.02 4520.81 4530.87 4540.2 4547.6 4555.42 4562.46 4572.04 4577.36 4578.92 4581.82 4581.42 4583.58 4584.11 4585.61 4592.46 4590.72
5844.17 5896.79 5942.58 5974.12 6023.2 6062.64 6105.95 6134.51 6153.31 6165.93 6132.07 6040.24 5917.84 5771.81 5613.71 5458.46 5323.61 5188.12 5058.71 4941.95 4866.4 4837.08 4828.85 4821.08 4775.76 4724.41 4674.98 4632.41 4609.3 4601.41 4597.47 4583.69 4549.22 4522.5 4500.48 4475.05 4457.76 4442.6 4428.7 4415.13 4403.53 4396.43 4399.11 4411.39 4414.44 4423.05 4434.08 4445.87 4457.48 4468.5 4478.78 4495.35 4504.96 4513.78 4520.61 4527.9 4534.45 4539.38 4547.09 4548.74 4551.78 4554.65 4556.48 4556.5 4557.6 4555.85 4536.79
5829.5 5881.7 5931.38 5989.56 6026.76 6052.7 6092.6 6123.93 6149.4 6172.78 6153.81 6071.82 5959.67 5822.11 5670.76 5518.41 5373.43 5225.44 5080.17 4945.98 4865.97 4841.34 4834.91 4823.43 4778.42 4729.15 4682.65 4643.49 4622.15 4618.35 4619.79 4610.22 4576.72 4549.43 4523.16 4476.78 4459.44 4442.96 4425.31 4406.44 4388.4 4373.76 4367.27 4378.09 4387.32 4398.96 4412.19 4424.95 4437.01 4448.14 4458.31 4467.55 4475.92 4485.18 4490.84 4497.2 4502.91 4507.34 4516.81 4520.67 4524.08 4525.84 4527.04 4526.05 4524.35 4516.22 4494.75
