real_craters/C158-1000m.grd
DSAA
66 66
-32.71 32.71
-32.71 32.71
7161.0393673378 9324.726848524
[rows 0 to 29 of 66, columns 0 to 65 of 66]
8765.71 8770.8 8775.52 8750.48 8732.62 8697.74 8663.39 8631.22 8617.03 8602.68 8589.12 8575.97 8567.68 8544.01 8540.85 8551.46 8558.35 8558.95 8551.67 8535.9 8534.25 8533.82 8539.16 8550.86 8571.9 8580.93 8564.13 8579.55 8598.59 8586.22 8548.63 8540.31 8560.93 8605.98 8628.28 8632.69 8626.44 8624.43 8603.5 8561.63 8546.52 8535.04 8524.44 8513.89 8502.96 8498.42 8501.96 8513.48 8525.39 8533 8531.31 8518.4 8513.02 8507.1 8502.63 8495.37 8498.21 8505.59 8510.1 8505.53 8503.31 8501.35 8498.11 8501.41 8517.63 8525.4
8792.83 8801.36 8809.21 8778.56 8735.56 8693.96 8667.22 8641.44 8621.98 8606.94 8589.14 8592.79 8584.72 8544.08 8539.71 8547.17 8554.59 8556.76 8557.22 8558.81 8547.97 8542.38 8558.03 8580.1 8592.78 8579.73 8560.86 8583.2 8586.94 8593.79 8611.39 8604.36 8601.98 8626.63 8642.3 8638.15 8646.7 8635.57 8613.91 8591.06 8573.36 8559.23 8547.98 8532.61 8515.27 8508.28 8511.39 8516.51 8519.1 8516.31 8522.45 8523.95 8528.03 8531.98 8512.68 8497.91 8501.36 8508.67 8512.16 8509.31 8505.1 8504.01 8509.46 8513.26 8525.6 8538.45
8785.09 8816.16 8805.33 8767.35 8745.81 8720.81 8684.93 8654.1 8624.35 8609.4 8624.44 8604.43 8568.25 8557.58 8542.63 8555.42 8558.78 8563.69 8565.31 8563.35 8564.22 8571.84 8585.33 8598.4 8611.49 8601.33 8600.66 8598.66 8594.05 8617.24 8630.95 8617.89 8608.23 8605.31 8616.49 8634 8657.4 8627.11 8617.5 8610.57 8595.95 8586.04 8574.09 8560.76 8539.6 8528.86 8524.09 8532.95 8531.38 8529.21 8531.62 8531.26 8539.95 8538.88 8522.4 8504.71 8506.14 8510.94 8514.65 8516.21 8516.47 8514.05 8526.47 8530.33 8535.8 8547.28
8807.53 8809.99 8774.62 8745.44 8725.76 8723.79 8666.26 8638.18 8618.23 8596.41 8582.31 8581.92 8578.76 8561.46 8589.08 8576.69 8567.49 8566.79 8571.55 8584.38 8576.99 8564.56 8600.26 8610.01 8615.66 8618.66 8607.61 8595.05 8606.46 8628.15 8629.8 8603.75 8585.7 8588.11 8608.79 8610.92 8627.96 8621.3 8623.25 8613.19 8613.1 8608.34 8603.49 8599.28 8595.58 8583.61 8569.53 8572.8 8565.62 8556.54 8554.95 8550.26 8550.15 8550.95 8526.02 8510.84 8514.2 8517.23 8521.24 8528.36 8532.25 8542.16 8548.67 8540.54 8544.51 8555.18
8795.31 8774.83 8736.6 8727.09 8703.07 8687.3 8671.39 8643.06 8615.06 8585.67 8567.56 8570.7 8565.92 8565.52 8569.6 8570.32 8570.22 8571.26 8574.22 8582.93 8600.34 8620.95 8621.14 8630.46 8647.31 8629.85 8634.87 8613.41 8595.15 8613.92 8608.36 8588.56 8574.97 8579.08 8593.84 8596.29 8605.55 8612.67 8622.31 8631.76 8629.59 8627.17 8628.22 8632.81 8641.7 8640.12 8634.85 8624.61 8627.19 8618.73 8600.01 8577.53 8555.79 8525.63 8522.11 8523.25 8527.29 8528.96 8532.49 8551.74 8547.33 8538.17 8545.89 8550.1 8557.91 8570.58
8779.63 8814.75 8789.66 8756.58 8695.79 8683.3 8663.34 8648.13 8620.36 8592.71 8571.39 8568.45 8565.45 8558.65 8554.69 8562.42 8573.06 8580.01 8581.56 8595.38 8627.26 8640.51 8642.46 8645.41 8649.15 8615.95 8596.71 8589.82 8580.76 8588.81 8580.95 8579.93 8576.97 8579.18 8589.73 8581.07 8586.36 8596.35 8613.8 8642.42 8634.92 8631.82 8635.45 8646.47 8656.96 8650.02 8651.6 8658.37 8665.91 8661.48 8653.72 8624.45 8569.8 8529.26 8536.64 8551.07 8548.49 8544.16 8538.62 8541.67 8545.12 8539.77 8552.56 8550.28 8556.19 8574.1
8772.97 8757.71 8754.73 8747.73 8734.52 8723.33 8700.91 8661.87 8630.17 8602.3 8588.55 8577.61 8569.46 8558.79 8561.01 8569.83 8583.45 8597.91 8609.87 8628.44 8657.55 8671.81 8656.75 8652.02 8640.03 8622.06 8601.57 8584.72 8594.14 8593.38 8581.15 8576.84 8580.27 8582.47 8587.47 8581.25 8579.84 8584.75 8596.38 8611.05 8625.25 8630.24 8636.04 8649.15 8663.99 8674.19 8670.91 8675.43 8688.35 8677.86 8663.24 8632.81 8586.32 8546.38 8565.03 8584.11 8572.33 8559.81 8548.2 8544.1 8544.51 8542.81 8540.62 8539.6 8544.68 8548.74
8783.31 8789.6 8787.54 8776.25 8772.98 8755.15 8705.24 8675.24 8642.62 8609.65 8611.02 8591.53 8576.51 8568.88 8570.15 8580.08 8598.83 8621 8649.08 8663.56 8670.58 8668.53 8660.42 8651.67 8640.1 8646.58 8598.34 8591.52 8604.53 8604.62 8583.07 8580.24 8578.98 8579.05 8584.7 8579.97 8578.04 8575.63 8583.17 8595.14 8609.82 8618.68 8627.06 8633.52 8645.95 8660.98 8665.85 8666.64 8665.96 8671.32 8655.37 8636.93 8608.21 8579.36 8580.58 8599.79 8592.05 8575.34 8560.04 8545.79 8548 8545.15 8534.36 8528.4 8529.31 8530.14
8839.43 8827.85 8809.07 8786.63 8787.04 8768.2 8728.03 8695.76 8666.29 8640.09 8615 8605.75 8587.32 8581.72 8584.09 8593.37 8610.06 8636.12 8667.28 8680.91 8686.89 8678.85 8663.63 8642.26 8650.64 8631.62 8601.1 8604.08 8598.42 8601.18 8606.84 8601.6 8592.98 8592.11 8605.45 8606.91 8584.17 8576.51 8582.43 8586.97 8598.64 8609.6 8617.84 8619.1 8620.2 8618.07 8639.1 8648.8 8662.46 8663.63 8671.2 8652.62 8636.46 8631.19 8642.21 8629.57 8608.77 8586.7 8565.04 8555.27 8557.12 8551.43 8536.75 8523.74 8509.34 8534.4
8848 8835.42 8821.82 8800.86 8821.84 8785.68 8745.05 8715.98 8691.98 8673.01 8654.63 8625.88 8607.85 8604.71 8598.88 8596.64 8616.28 8637.36 8666.41 8679.46 8696.01 8685.28 8669.35 8668.63 8649.68 8623.99 8587.26 8608.36 8609.45 8604.92 8625.83 8613.02 8606.92 8612.5 8618.43 8603.44 8593.16 8582.1 8591.84 8606.52 8594.46 8608.84 8617.46 8625.95 8618.94 8611.72 8624.26 8633.5 8629.89 8648.03 8655.91 8654.89 8653.07 8660.47 8675.7 8658.22 8627.84 8596.68 8567.4 8559.06 8560.48 8553.83 8543.55 8541.63 8538.77 8534.15
8835.96 8829.94 8823.94 8805.07 8808.74 8790.22 8755.5 8728.84 8712.66 8696.71 8666.3 8645.17 8624 8621.33 8615.55 8614.25 8626.72 8642.18 8656.59 8673.34 8689.04 8672.79 8659.11 8648.81 8639.2 8625.39 8623.39 8633.82 8617.78 8599.4 8560.63 8590.59 8612.08 8620.68 8613.33 8599.03 8591.07 8568.43 8597.07 8613.82 8617.65 8616.7 8621.46 8624.21 8620.23 8614.87 8626.25 8638.66 8646.02 8627.87 8622.28 8640.15 8655.53 8672.97 8684.16 8668.64 8638.26 8604.11 8573.53 8553.79 8536.18 8535.24 8534.93 8528.21 8539.53 8555.06
8860.35 8848.03 8841.99 8815.31 8810.28 8805.3 8757.51 8740.34 8724.57 8706.91 8683.34 8664.52 8650.08 8634.84 8623.66 8629.95 8635.08 8646.18 8661.45 8665.1 8667.85 8651.94 8640.71 8646 8633.52 8634.04 8643.02 8646.43 8623.84 8596.35 8597.19 8608.43 8620.77 8620.32 8608.7 8616.92 8605.1 8592.52 8614.04 8640.24 8633.27 8623.41 8618.64 8621.38 8626.04 8629.44 8632.8 8633.15 8629.36 8618.12 8607.27 8628.97 8649.29 8671.71 8697.06 8675.46 8647.54 8617.24 8579.84 8541.79 8524.89 8529.52 8529.33 8527.42 8553.59 8576.73
8873.2 8856.52 8841.86 8829.57 8825.51 8823.08 8789.62 8755.91 8734.54 8729.76 8708.05 8680.85 8647.83 8622.08 8617.98 8626.05 8631.77 8640.58 8646.29 8655.93 8665.58 8643.26 8629.33 8614 8625.98 8620.87 8649.28 8655.02 8624.96 8613.17 8626.77 8633.69 8639.01 8642.19 8619.71 8629.91 8630.66 8626.98 8632.27 8637.96 8640.03 8624.65 8612.91 8605.57 8634.96 8644.31 8640.11 8638.28 8636.48 8633.49 8632.76 8633.69 8641.47 8653.23 8668.07 8664.75 8651.37 8635.93 8613.21 8591.46 8581.18 8565.36 8547.5 8531.62 8542.65 8561.15
8869.14 8849.1 8835.94 8818.67 8810.92 8813.95 8794.25 8760.34 8739.51 8742.53 8723.71 8702.94 8674.55 8632.46 8616.71 8615.63 8621.61 8629.53 8637.25 8640.36 8640.79 8641.29 8647.65 8646.59 8634.04 8672.26 8693.43 8651.75 8652.72 8660.22 8681.3 8675.87 8665.32 8645.83 8628.6 8649.04 8652.16 8641.43 8644.08 8642.44 8633.36 8621.47 8611.9 8611.98 8634.62 8646.32 8642.68 8634.99 8639.83 8646.68 8642.06 8633.56 8627.77 8623.31 8629.76 8644.91 8649.15 8654.67 8675.17 8653.16 8632.85 8608.11 8582.35 8555.44 8552.33 8545.89
8866.94 8847.92 8825.18 8830.28 8799.01 8795.43 8772.5 8752.39 8730.8 8715.22 8722.64 8708.41 8678.69 8638.95 8618.8 8622.82 8622.95 8610.77 8613.18 8619.29 8624.5 8645.4 8654.7 8679.61 8691.43 8773.19 8736.01 8710.49 8715.47 8751.07 8743.39 8731.06 8702.67 8672.91 8658.37 8680.3 8700.01 8711.45 8715.79 8668.8 8631.26 8623.09 8618.59 8622.18 8638.56 8642.49 8641.3 8642.51 8640.21 8649.51 8641.44 8624.82 8615.32 8616.6 8618.71 8627.35 8638.37 8652.01 8678.05 8667.64 8657.75 8635.08 8621.92 8630.95 8618.36 8604.34
8847.59 8835.26 8816.87 8808.19 8783.8 8773.15 8762.35 8755.32 8750.25 8746.63 8733.51 8714.93 8682.8 8642.92 8619.75 8622.76 8623.17 8617.61 8618.96 8626.41 8633.97 8668.49 8705.56 8737.79 8789.09 8762.7 8730.42 8710.46 8744.81 8780.12 8784.56 8769.8 8764.93 8739.26 8699.08 8718.45 8746.67 8788.41 8765.1 8700.55 8649.67 8639.46 8641.44 8636.78 8635.21 8642.06 8640.87 8622.13 8621.53 8611.49 8609.18 8603.33 8597.54 8595.89 8607.08 8621.3 8624.93 8628.64 8628.99 8647.6 8653.66 8643.19 8643.78 8642.64 8652.39 8659.71
8849.59 8836.96 8817.36 8815.69 8789.5 8786.79 8792.89 8783.77 8763.82 8766.8 8746.2 8720.72 8688.95 8652.56 8630.24 8626.99 8620.44 8618.36 8623.97 8641.64 8653.73 8689.9 8722.52 8745.29 8754.5 8754.55 8765.27 8744.46 8773.86 8829.07 8846.69 8837.75 8868.2 8907.86 8942.32 8823.46 8791.24 8788.24 8767.83 8734.29 8679.07 8670.87 8667.7 8665.6 8642.53 8657.97 8649.49 8634.11 8608.64 8575.25 8579.13 8583.34 8581.64 8578.07 8590.75 8603.14 8610.13 8610.88 8609.63 8622.09 8625 8639.72 8651.07 8666.19 8680.42 8676.67
8842.21 8839.2 8825.99 8813.83 8805.4 8804.49 8801.76 8787.8 8771.14 8779.87 8745.37 8713.37 8686.94 8661.46 8642.34 8636.3 8631.14 8622.63 8623.3 8619.82 8655.23 8705.62 8747.4 8757.81 8756.2 8767.98 8798.3 8797.97 8846.45 8955.82 8980.85 8974.07 8900.64 8992.41 9204.6 8970.45 8854.22 8815.22 8848.89 8778.69 8720.95 8703.07 8703.6 8707.68 8722.49 8693.32 8669.38 8653.37 8612.06 8596.04 8575.24 8573.99 8574.18 8579.93 8582.34 8588.77 8601.44 8611.11 8616.87 8614.89 8624.91 8636.61 8651.63 8677.47 8697.54 8672.65
8838.99 8824.35 8821.29 8795.51 8794.9 8797.06 8786.56 8760.28 8736.65 8751.11 8734.09 8708.02 8684.43 8667.29 8657.1 8642.91 8641.03 8623.08 8618.79 8621.03 8671.55 8733.39 8773.97 8817.06 8833.7 8836 8846.2 8897.73 9038.72 9027.78 8909.46 8679.15 8627.24 8720.77 8773.24 8696.38 8569.75 8632.11 8762.66 8735.51 8811.36 8823.37 8748.86 8750.8 8763.61 8732.82 8679.79 8629.51 8608.09 8587.26 8574.85 8568.37 8568.42 8569.23 8573.3 8582.99 8589.21 8603.15 8609.95 8613.82 8616.76 8627.05 8643.64 8659.89 8658.26 8682.15
8826.16 8810.82 8796.58 8785.4 8786.68 8784.62 8775.96 8770.45 8775.65 8746.42 8725.34 8701.8 8683.07 8664.68 8640.73 8638.42 8634.36 8627.1 8624.77 8636.23 8723.35 8811.61 8875.26 8907.79 8945.75 8975.56 9064.74 9046.9 9165.49 8821.12 8500.48 8300.5 8276.54 8382.88 8363.99 8358.59 8284.6 8332.33 8315.53 8548.18 8833.09 9008.58 8979.46 8926.56 8862.31 8807.41 8721.25 8647.75 8604.6 8579.61 8572.01 8570.17 8565.44 8558.3 8560.95 8557.54 8565.97 8579.7 8586.89 8588.74 8595.24 8610.13 8625.63 8645.5 8671.17 8690.02
8786.34 8778.63 8768.83 8759.67 8763.77 8766.24 8764.58 8757.69 8769.08 8753.99 8730.44 8706.92 8681.7 8663.49 8649.8 8633.86 8617.85 8631.32 8680.73 8741.48 8824.64 8898.77 8959.83 9038.92 9031.42 9029.44 8919.74 8841.06 8726.14 8400.66 8088.19 8015.73 8040.38 8030.71 8050.87 8139.01 8198.87 8161.66 8187.95 8379.22 8621.94 8937.1 9080.69 9136.75 9064.87 8905.71 8768.21 8675.73 8608.89 8574.15 8573.05 8576.26 8580.57 8574.95 8559.28 8547.88 8546.36 8541.98 8553.45 8548.04 8575.04 8590.67 8607.18 8625.22 8644.46 8677.49
8771.06 8759.66 8744.12 8738.12 8739.75 8750.56 8758.85 8765.84 8765.23 8753.22 8731.12 8704 8678.64 8654.74 8640.64 8640.05 8656.04 8715.89 8771.33 8834.93 8908.68 8996.17 8960.33 8902.14 8764.84 8569.69 8430.56 8361.04 8183.69 7949.51 7712 7744.4 7815.37 7752.72 7815.04 7915.28 7962.13 8029.43 8085.22 8212.08 8361.03 8562.81 8775.71 9032.14 9070.22 8950.77 8840.54 8733.32 8642.8 8597.29 8590.56 8587.41 8591.74 8581.39 8560.82 8545.2 8541.24 8548.29 8547.08 8554.83 8558.66 8571.59 8591.34 8610.92 8628.95 8655.79
8763.34 8750.15 8736.73 8728.77 8725.56 8733.96 8751.55 8765.01 8770.04 8749.65 8729.15 8702.39 8670.28 8646.35 8632.31 8657.96 8753.04 8865.44 8805.06 8813.19 8915.49 8951.16 8786.09 8476.13 8350.68 8154.38 8021.67 7907.92 7716.16 7611.99 7502.68 7490.49 7481.67 7481.9 7568.93 7704.16 7843.41 7949.35 8014.82 8025.6 8139.6 8304.82 8511.03 8758.24 8904.14 8944.3 8879.07 8814.43 8728.03 8656.72 8614.49 8596.98 8583.67 8567.59 8556.9 8544.93 8538.81 8539.23 8542.81 8544.87 8548.31 8559.68 8581.67 8604.35 8627.66 8655.89
8763.61 8732.67 8718.57 8715.99 8704.17 8717.69 8744.49 8767.13 8766.62 8733.16 8699.2 8682.35 8666.12 8653.43 8656.33 8700.18 8787.39 8842.93 8824.4 8853.44 8911.47 8904.82 8615.11 8290.55 8193.78 7974.29 7751.72 7653.36 7512.07 7439.19 7410.62 7398.01 7405.15 7414.68 7442.83 7538.87 7757.94 7834.41 7860.63 7853.66 7947.78 8089.25 8279.12 8494.29 8743.69 8955.46 9043.77 8935.39 8777.76 8693.66 8641.18 8601.94 8577.49 8558.51 8552.4 8541.73 8534.4 8534.69 8541.77 8548.14 8545.1 8554.19 8575.5 8600.54 8632.2 8666.5
8738.67 8731.57 8704.29 8715.16 8713.41 8722.6 8740.99 8754 8743.7 8713.41 8666.23 8665.06 8672.92 8681.28 8697.91 8746.71 8843.02 8845.6 8871.82 8934.86 8903.04 8799.37 8473.71 8189.51 8111.03 7869.25 7573.74 7475.67 7416.93 7362.25 7341.5 7331.08 7339.49 7339.67 7340.8 7365.39 7449.32 7545.89 7642.1 7692.03 7798.97 7917.26 8094.5 8295.42 8598.61 8903.55 9204.65 9010.6 8843.47 8757.1 8683.92 8623.27 8583.84 8566.07 8558.39 8546.54 8535.04 8532.35 8537.84 8543.2 8544.79 8550.94 8573.83 8599.6 8625.27 8660.72
8733.61 8735.79 8718.76 8726.29 8729.64 8730.36 8735.54 8733.74 8733.33 8708.06 8689.21 8680.41 8689.13 8705.26 8735.82 8788.78 8853.27 8834.98 8923.91 8997.4 8802.7 8596.02 8277.53 8010.03 7812.48 7565.2 7435.52 7384.07 7340.71 7310.93 7300.49 7290.69 7286.22 7284.47 7287.84 7292.12 7327.8 7391.98 7522.74 7617.65 7670.13 7773.43 7927.81 8154.85 8391.16 8645.49 8845.84 8931.11 8924.98 8831.33 8744.01 8663.41 8591.9 8585.38 8577.15 8563.51 8545.55 8542.35 8542.81 8547.82 8552.49 8561.4 8578.15 8598.82 8621.02 8650.01
8729.87 8742.98 8734.9 8720.72 8714.13 8703.46 8712.46 8709.41 8698.61 8694.07 8687.94 8691.29 8707.98 8732.62 8767.21 8823.19 8837.06 8840.32 8958.05 8873.68 8574.82 8273.63 8030.07 7796.29 7596.69 7413.67 7358.72 7327.95 7302.88 7285.21 7281.86 7279.48 7275.51 7278.53 7277.97 7282.1 7292.75 7334.65 7420.62 7482.77 7529.59 7581.05 7714.34 7888.06 8125.17 8351.4 8596.52 8812.11 8909.47 8903.06 8828.51 8727.87 8640.14 8625.19 8610.25 8594.96 8590.01 8568.63 8567.7 8566.65 8567.57 8574.88 8588.12 8602.85 8618.94 8630.99
8702.45 8692.72 8685.16 8689.96 8695.09 8696.2 8686.41 8677.27 8717.66 8688.48 8669.56 8691.91 8723.26 8749.74 8780.98 8811.12 8847.52 8934.11 8875 8703.32 8352.25 8050.5 7880.21 7692.89 7521.47 7441.51 7345.32 7302.1 7284.48 7273.92 7276.32 7273.11 7273.17 7283.27 7287.01 7283.59 7289.21 7292.52 7342.49 7382.31 7402.6 7429.89 7508.98 7673.76 7887.74 8106.43 8413.46 8794.71 8993.91 8964.63 8881.22 8787.18 8708.6 8676.51 8644.68 8620.6 8601.96 8589.41 8586.74 8583.67 8581.22 8587.78 8597.31 8612.86 8628.24 8647.57
8698.89 8696.31 8690.28 8691.44 8702.2 8711.54 8687.64 8668.5 8723.33 8703.26 8680.06 8707.11 8735.01 8763.72 8791.84 8801.36 8829.13 8935.35 8879.93 8620.69 8222.28 7946.9 7837.45 7711.78 7578.94 7442.49 7340.26 7265.45 7276.1 7293.3 7280.04 7272.29 7276.16 7286.23 7306.63 7314.78 7299.07 7258.81 7281.39 7310.41 7346.26 7387.1 7455.97 7573.07 7737.72 7934.58 8291.06 8753.18 9010.36 8974.04 8895.36 8809.03 8752.56 8711 8666.38 8631.33 8606.79 8592.31 8586.98 8589.88 8592.84 8596.21 8608.84 8624.43 8639.74 8656.52
8705.04 8698.49 8693.94 8696.37 8710.51 8715.23 8696.8 8705.67 8753.25 8753.47 8729.15 8734.83 8748.74 8768.49 8787.8 8807.63 8823.13 8888.14 8795.99 8526.19 8167.71 7916.32 7771.62 7693.84 7597.21 7447.76 7330.15 7243.6 7257.17 7263.33 7278.06 7274.86 7273 7317.59 7352.95 7336.4 7294.74 7247.57 7249.53 7280.36 7327.86 7365.36 7435.77 7534.23 7674.28 7850.54 8196.77 8650.67 8884.39 8895.22 8857.31 8788.7 8757.39 8718.87 8672.41 8631.13 8600.25 8585.81 8587.74 8596.72 8608.78 8620.41 8633.82 8642.77 8654.27 8673.27
