real_craters/C158-750m.grd
DSAA
154 154
-57.2425 57.2425
-57.2425 57.2425
4321.9985112589 6607.5227864185
[rows 76 to 113 of 154, columns 0 to 83 of 154]
5562 5565 5561 5552 5548 5561 5566 5565 5558 5547 5548 5539 5527 5540 5549 5567 5603 5650 5521 5365 5282 5291 5450 5582 5559 5554 5561 5570 5582 5570 5553 5554 5556 5554 5567 5568 5556 5570 5583 5593 5594 5601 5636 5655 5668 5678 5692 5691 5697 5717 5756 5809 5902 5920 5959 6054 6100 5875 5433 5194 5048 4953 4904 4770 4607 4508 4469 4472 4491 4503 4535 4579 4654 4694 4719 4741 4764 4778 4780 4754 4753 4701 4658 4626
5563 5567 5564 5562 5566 5566 5560 5554 5546 5535 5534 5531 5530 5530 5537 5549 5562 5618 5547 5440 5385 5500 5646 5585 5552 5564 5568 5568 5570 5559 5542 5544 5541 5542 5556 5549 5543 5555 5564 5569 5569 5573 5602 5622 5636 5640 5649 5675 5692 5715 5741 5777 5817 5863 5910 6046 6129 5935 5475 5221 5055 4969 4930 4778 4556 4475 4456 4470 4502 4520 4545 4587 4663 4703 4733 4762 4786 4812 4833 4868 4757 4687 4648 4618
5553 5555 5563 5565 5579 5565 5552 5547 5546 5542 5530 5525 5526 5520 5527 5535 5546 5594 5577 5585 5673 5634 5598 5584 5594 5590 5570 5559 5545 5550 5557 5551 5550 5546 5559 5551 5546 5552 5557 5562 5566 5569 5580 5605 5622 5629 5643 5670 5707 5710 5717 5732 5751 5816 5914 6043 6120 5984 5598 5280 5042 4944 4924 4774 4544 4451 4431 4465 4507 4538 4551 4585 4664 4700 4731 4759 4795 4832 4869 4904 4789 4692 4639 4603
5545 5553 5546 5548 5542 5536 5538 5536 5533 5532 5526 5519 5511 5521 5529 5533 5540 5547 5561 5580 5606 5590 5567 5577 5587 5575 5562 5552 5551 5547 5552 5556 5551 5565 5560 5554 5552 5555 5558 5563 5571 5575 5581 5604 5625 5643 5655 5662 5679 5689 5695 5703 5721 5801 5934 6053 6102 6005 5710 5354 5023 4901 4830 4706 4581 4477 4446 4472 4503 4520 4550 4598 4661 4688 4714 4742 4773 4809 4849 4861 4779 4686 4622 4576
5543 5545 5533 5534 5532 5528 5526 5525 5524 5525 5527 5526 5524 5532 5535 5533 5528 5520 5535 5545 5549 5552 5558 5568 5570 5556 5547 5542 5543 5545 5555 5557 5550 5526 5559 5558 5553 5554 5559 5566 5571 5582 5600 5613 5632 5656 5671 5660 5660 5668 5675 5686 5717 5808 5971 6085 6103 6040 5849 5462 5100 4921 4818 4693 4599 4528 4486 4481 4490 4503 4532 4592 4639 4659 4682 4708 4741 4771 4800 4798 4722 4659 4598 4549
5537 5537 5535 5529 5525 5516 5517 5519 5522 5525 5530 5536 5538 5533 5533 5537 5536 5530 5534 5536 5538 5546 5553 5557 5552 5533 5534 5532 5529 5535 5538 5542 5543 5550 5554 5547 5550 5556 5563 5566 5572 5585 5604 5616 5632 5650 5664 5669 5666 5661 5666 5678 5705 5774 5942 6061 6113 6118 5929 5577 5240 4966 4808 4749 4634 4552 4510 4489 4482 4484 4495 4525 4583 4611 4638 4665 4689 4707 4720 4714 4673 4616 4557 4514
5530 5527 5524 5521 5516 5511 5511 5515 5522 5525 5530 5536 5537 5530 5528 5534 5542 5535 5535 5532 5531 5539 5547 5547 5547 5543 5532 5528 5527 5530 5531 5532 5523 5528 5519 5524 5534 5555 5562 5563 5566 5578 5593 5609 5625 5641 5652 5652 5659 5663 5663 5675 5703 5773 5923 6054 6128 6145 5986 5643 5291 4986 4805 4785 4655 4565 4525 4489 4475 4461 4458 4474 4512 4544 4570 4595 4618 4638 4647 4644 4639 4552 4502 4475
5526 5521 5516 5514 5510 5501 5507 5514 5519 5524 5527 5527 5525 5519 5512 5516 5519 5521 5521 5526 5535 5534 5536 5536 5535 5533 5525 5526 5527 5527 5529 5524 5523 5509 5499 5504 5512 5561 5564 5558 5555 5568 5581 5598 5615 5630 5647 5674 5676 5667 5665 5675 5707 5781 5901 6008 6095 6154 6037 5695 5324 5013 4839 4801 4680 4597 4563 4503 4465 4432 4412 4422 4450 4483 4510 4537 4556 4569 4576 4578 4592 4464 4441 4436
5526 5521 5517 5514 5510 5508 5509 5515 5521 5523 5524 5523 5520 5516 5512 5512 5511 5508 5510 5514 5540 5541 5527 5524 5522 5509 5508 5518 5521 5521 5523 5518 5509 5494 5492 5507 5518 5567 5561 5555 5552 5563 5577 5593 5609 5624 5634 5648 5670 5663 5660 5668 5694 5753 5860 5980 6076 6154 6112 5824 5451 5060 4853 4812 4698 4630 4627 4570 4474 4421 4363 4352 4393 4425 4451 4471 4485 4502 4505 4503 4479 4409 4400 4404
5526 5523 5521 5513 5507 5504 5507 5515 5521 5521 5521 5520 5518 5515 5513 5506 5505 5504 5501 5497 5499 5513 5512 5510 5506 5494 5493 5492 5502 5509 5509 5500 5485 5481 5514 5523 5539 5544 5554 5556 5554 5567 5577 5590 5607 5622 5634 5643 5651 5649 5647 5650 5665 5717 5818 5967 6048 6118 6178 6005 5670 5251 4946 4799 4728 4684 4677 4640 4547 4447 4345 4322 4363 4390 4411 4427 4436 4442 4445 4435 4408 4393 4383 4380
5528 5522 5515 5505 5499 5495 5504 5509 5513 5514 5515 5519 5514 5511 5512 5511 5507 5508 5508 5504 5499 5493 5495 5499 5497 5495 5496 5495 5496 5501 5502 5499 5510 5497 5512 5524 5538 5549 5553 5564 5578 5578 5584 5595 5614 5625 5635 5638 5640 5637 5634 5629 5637 5654 5756 5920 6017 6075 6172 6205 5919 5529 5165 4920 4804 4713 4703 4686 4614 4494 4403 4363 4368 4383 4397 4410 4414 4415 4409 4391 4365 4362 4367 4356
5524 5517 5508 5503 5496 5490 5495 5502 5506 5505 5502 5503 5502 5501 5499 5503 5508 5514 5520 5513 5496 5487 5489 5494 5498 5502 5506 5493 5497 5500 5505 5513 5525 5485 5489 5513 5535 5549 5548 5556 5570 5588 5606 5624 5625 5627 5627 5624 5627 5623 5620 5617 5623 5650 5742 5894 6009 6063 6114 6171 6088 5848 5449 5140 4953 4831 4755 4684 4629 4525 4439 4393 4385 4391 4400 4413 4413 4411 4404 4377 4350 4354 4359 4350
5519 5514 5507 5509 5499 5491 5497 5503 5503 5498 5487 5482 5489 5493 5495 5498 5510 5519 5523 5505 5494 5489 5491 5496 5502 5508 5514 5508 5500 5500 5504 5507 5501 5495 5490 5507 5527 5536 5540 5553 5571 5594 5614 5627 5631 5629 5623 5618 5618 5613 5611 5611 5619 5645 5712 5829 5951 6020 6048 6127 6197 6138 5704 5361 5125 4964 4887 4805 4684 4560 4409 4396 4413 4423 4429 4433 4447 4441 4431 4413 4399 4395 4384 4381
5513 5513 5514 5504 5504 5508 5513 5522 5511 5496 5482 5477 5485 5491 5499 5507 5512 5517 5513 5487 5483 5486 5495 5501 5503 5500 5507 5503 5500 5498 5496 5500 5497 5495 5495 5509 5526 5536 5536 5554 5577 5598 5620 5639 5637 5628 5619 5610 5605 5604 5606 5607 5612 5631 5664 5730 5773 5871 5960 6070 6219 6205 5889 5559 5283 5065 5013 4984 4803 4647 4505 4465 4480 4491 4497 4508 4508 4504 4495 4481 4464 4479 4481 4477
5507 5512 5516 5515 5505 5504 5505 5506 5504 5497 5489 5485 5486 5491 5501 5513 5511 5511 5511 5489 5487 5494 5508 5506 5507 5513 5512 5500 5498 5496 5492 5501 5505 5505 5505 5517 5531 5540 5537 5563 5577 5597 5621 5641 5637 5624 5611 5595 5591 5598 5599 5601 5609 5624 5646 5684 5717 5784 5874 6025 6178 6188 6028 5709 5418 5187 5097 5070 4919 4760 4618 4580 4577 4579 4583 4584 4596 4595 4595 4597 4590 4643 4635 4635
5506 5510 5510 5507 5500 5493 5493 5490 5494 5497 5503 5497 5489 5489 5490 5497 5502 5499 5486 5472 5476 5489 5499 5497 5502 5512 5504 5501 5500 5498 5496 5490 5495 5505 5516 5521 5532 5545 5540 5541 5566 5589 5612 5629 5627 5614 5600 5591 5593 5594 5599 5603 5611 5625 5654 5662 5686 5745 5829 5961 6137 6184 6011 5806 5534 5285 5151 5113 5039 4889 4739 4720 4708 4703 4699 4697 4700 4700 4702 4721 4747 4820 4786 4846
5512 5509 5506 5501 5493 5487 5487 5494 5490 5490 5489 5489 5485 5484 5488 5492 5492 5489 5477 5459 5460 5465 5468 5477 5486 5495 5498 5499 5502 5501 5491 5490 5495 5494 5503 5516 5526 5535 5557 5546 5557 5576 5595 5610 5609 5599 5587 5578 5591 5587 5588 5592 5596 5603 5609 5624 5646 5699 5764 5900 6085 6213 6179 5923 5646 5391 5234 5185 5112 5002 4909 4889 4885 4882 4875 4867 4859 4844 4844 4861 4895 4966 5031 5039
5505 5503 5503 5498 5489 5486 5487 5490 5484 5478 5473 5475 5476 5475 5477 5480 5481 5483 5482 5471 5457 5455 5452 5463 5468 5466 5464 5489 5500 5509 5507 5493 5489 5487 5497 5512 5515 5518 5543 5543 5548 5562 5577 5586 5585 5579 5572 5566 5568 5576 5577 5578 5579 5579 5578 5592 5621 5684 5779 5889 6032 6183 6209 6004 5789 5562 5385 5285 5149 5122 5078 5106 5124 5093 5082 5051 5033 5014 5007 5014 5030 5100 5150 5154
5494 5498 5503 5500 5490 5485 5484 5479 5475 5470 5465 5468 5470 5468 5463 5463 5471 5478 5482 5481 5471 5459 5456 5460 5464 5464 5464 5474 5495 5512 5518 5494 5481 5481 5489 5503 5504 5506 5520 5528 5538 5549 5559 5564 5564 5559 5552 5549 5556 5562 5564 5566 5567 5565 5561 5582 5634 5683 5742 5857 5935 6000 6035 6017 5933 5847 5757 5621 5456 5442 5398 5396 5377 5355 5339 5301 5256 5217 5189 5157 5127 5149 5175 5229
5498 5500 5506 5510 5497 5486 5472 5467 5469 5468 5465 5468 5470 5469 5468 5470 5473 5474 5473 5471 5474 5468 5462 5465 5470 5474 5475 5478 5496 5500 5505 5491 5479 5477 5478 5490 5495 5497 5505 5514 5528 5538 5546 5550 5548 5544 5539 5538 5542 5547 5552 5557 5562 5565 5572 5598 5643 5691 5739 5811 5921 5969 6003 6027 6047 6116 6163 6045 5891 5844 5786 5703 5663 5615 5570 5515 5475 5444 5389 5328 5244 5188 5220 5279
5506 5501 5506 5510 5506 5493 5483 5473 5472 5473 5475 5473 5475 5478 5476 5476 5476 5477 5468 5475 5477 5474 5476 5478 5479 5487 5511 5525 5514 5505 5493 5496 5480 5479 5481 5481 5486 5496 5507 5514 5521 5530 5538 5544 5546 5536 5529 5529 5531 5534 5540 5549 5559 5571 5590 5620 5661 5729 5791 5809 5844 5931 5982 6027 6081 6168 6318 6354 6322 6284 6144 6013 5909 5841 5778 5717 5666 5617 5569 5513 5370 5285 5266 5357
5508 5497 5505 5510 5505 5497 5493 5486 5478 5473 5472 5475 5478 5485 5482 5473 5468 5471 5463 5458 5468 5476 5482 5486 5488 5497 5546 5548 5533 5521 5520 5509 5492 5481 5480 5473 5481 5495 5506 5507 5513 5522 5530 5538 5543 5537 5529 5523 5524 5526 5532 5542 5557 5576 5597 5630 5662 5711 5809 5848 5857 5903 5949 5997 6051 6099 6206 6379 6470 6593 6412 6243 6117 6017 5914 5843 5767 5726 5682 5643 5553 5573 5593 5777
5522 5494 5506 5511 5505 5499 5492 5490 5484 5476 5472 5474 5474 5475 5473 5469 5467 5468 5468 5461 5470 5479 5489 5499 5501 5504 5544 5548 5535 5534 5530 5534 5532 5500 5495 5490 5488 5498 5503 5501 5509 5516 5524 5530 5532 5535 5530 5519 5506 5509 5521 5535 5552 5571 5589 5621 5658 5724 5820 5853 5851 5846 5908 5964 6019 6089 6172 6269 6408 6587 6532 6425 6275 6181 6069 5996 5917 5855 5807 5791 5723 5838 5979 6131
5534 5505 5508 5510 5510 5499 5490 5488 5489 5492 5485 5476 5470 5467 5466 5466 5468 5469 5465 5471 5472 5487 5506 5520 5517 5520 5530 5529 5518 5504 5494 5509 5519 5494 5500 5506 5501 5504 5510 5507 5507 5511 5516 5521 5523 5529 5528 5520 5514 5504 5514 5528 5543 5560 5572 5597 5644 5706 5771 5799 5813 5831 5885 5941 5993 6057 6151 6204 6347 6494 6515 6568 6389 6296 6220 6146 6065 6012 5972 5923 5882 5991 6124 6129
5536 5505 5504 5504 5499 5492 5490 5484 5487 5494 5487 5477 5467 5456 5461 5463 5463 5472 5466 5476 5487 5506 5530 5543 5546 5543 5529 5514 5506 5495 5494 5496 5494 5483 5493 5501 5505 5501 5499 5502 5505 5508 5511 5514 5517 5528 5528 5518 5508 5507 5513 5523 5535 5549 5557 5576 5626 5681 5733 5787 5822 5836 5879 5930 5980 6019 6088 6174 6245 6435 6459 6542 6425 6368 6314 6265 6192 6136 6070 6032 5950 5950 5950 5885
5528 5501 5498 5496 5493 5486 5481 5477 5479 5473 5478 5478 5474 5470 5466 5465 5466 5466 5472 5485 5504 5531 5574 5574 5599 5567 5541 5530 5513 5493 5503 5491 5484 5486 5496 5504 5498 5494 5495 5506 5502 5502 5503 5507 5515 5529 5524 5513 5506 5506 5509 5515 5526 5539 5553 5582 5623 5654 5697 5749 5822 5845 5879 5924 5977 6019 6047 6115 6186 6378 6436 6463 6381 6349 6313 6276 6232 6198 6149 6093 5987 5920 5890 5881
5515 5495 5491 5490 5486 5482 5479 5476 5474 5477 5477 5481 5482 5478 5473 5469 5465 5466 5471 5483 5496 5548 5625 5750 5690 5577 5548 5539 5528 5514 5500 5497 5489 5488 5500 5513 5489 5492 5493 5493 5495 5494 5496 5498 5504 5515 5506 5500 5496 5494 5496 5505 5519 5536 5552 5577 5609 5629 5667 5695 5800 5831 5869 5916 5971 6013 6015 6054 6169 6344 6355 6346 6297 6264 6235 6211 6186 6155 6119 6074 5986 5944 5943 5979
5503 5494 5488 5486 5484 5481 5478 5476 5474 5473 5476 5482 5491 5489 5477 5470 5468 5472 5472 5489 5510 5561 5615 5646 5656 5579 5557 5553 5549 5528 5497 5499 5493 5487 5494 5505 5495 5491 5497 5494 5485 5487 5487 5486 5484 5478 5482 5481 5478 5474 5479 5494 5513 5534 5555 5577 5598 5624 5653 5674 5773 5812 5849 5892 5941 5985 6014 6054 6145 6243 6248 6237 6208 6196 6181 6164 6142 6122 6107 6092 6055 6040 6077 6077
5493 5487 5484 5485 5485 5479 5476 5476 5474 5471 5475 5480 5484 5481 5474 5468 5473 5509 5508 5519 5575 5604 5591 5580 5575 5570 5564 5562 5544 5522 5505 5500 5494 5486 5486 5486 5481 5486 5492 5487 5482 5485 5484 5479 5469 5459 5463 5465 5465 5463 5466 5483 5506 5532 5557 5572 5577 5592 5648 5634 5729 5772 5808 5848 5891 5985 6003 6060 6084 6094 6118 6155 6145 6134 6125 6107 6104 6097 6109 6114 6116 6148 6156 6144
5488 5484 5482 5483 5484 5481 5476 5475 5470 5471 5473 5475 5482 5477 5470 5466 5473 5525 5553 5540 5557 5566 5562 5552 5549 5557 5558 5555 5538 5525 5514 5507 5494 5482 5473 5472 5478 5488 5489 5489 5489 5485 5481 5476 5469 5457 5452 5455 5456 5457 5454 5476 5503 5529 5554 5566 5567 5586 5592 5613 5668 5719 5754 5786 5826 5878 5923 5950 5956 5999 6038 6090 6094 6098 6103 6105 6097 6101 6103 6131 6156 6239 6289 6216
5485 5482 5481 5480 5479 5475 5476 5474 5476 5474 5471 5468 5464 5466 5466 5466 5469 5481 5523 5523 5522 5529 5539 5546 5548 5552 5551 5546 5535 5525 5521 5513 5494 5478 5467 5466 5472 5477 5480 5486 5488 5484 5479 5475 5471 5453 5446 5448 5451 5451 5449 5472 5500 5528 5551 5567 5583 5581 5572 5596 5631 5670 5697 5716 5725 5757 5825 5890 5958 5973 6024 6057 6062 6066 6074 6079 6081 6089 6102 6126 6138 6171 6251 6228
5482 5479 5476 5478 5477 5474 5474 5472 5471 5473 5471 5467 5463 5464 5465 5466 5469 5467 5482 5496 5503 5514 5524 5533 5541 5544 5544 5540 5530 5520 5513 5505 5491 5478 5470 5466 5466 5471 5471 5464 5483 5476 5475 5472 5466 5454 5447 5446 5448 5456 5454 5469 5496 5525 5551 5565 5566 5563 5564 5577 5602 5635 5652 5667 5679 5706 5747 5779 5846 5933 6015 6016 6005 6019 6030 6046 6062 6077 6090 6106 6108 6129 6163 6171
5479 5480 5480 5479 5478 5472 5472 5472 5471 5471 5472 5471 5469 5465 5463 5462 5464 5469 5475 5487 5496 5505 5515 5523 5531 5534 5535 5535 5525 5509 5496 5490 5483 5477 5476 5473 5480 5482 5474 5462 5451 5465 5470 5472 5467 5458 5449 5444 5441 5437 5441 5462 5489 5523 5558 5557 5563 5547 5547 5560 5586 5598 5615 5633 5657 5678 5700 5707 5747 5839 5915 5945 5949 5961 5980 5998 6014 6035 6055 6073 6080 6084 6138 6184
5477 5478 5480 5479 5481 5479 5475 5475 5474 5474 5473 5474 5472 5466 5461 5456 5459 5471 5481 5485 5493 5500 5508 5514 5524 5526 5526 5520 5509 5499 5488 5479 5474 5470 5469 5471 5477 5483 5481 5477 5464 5460 5463 5468 5485 5461 5446 5439 5436 5434 5438 5453 5476 5500 5524 5526 5524 5526 5539 5543 5552 5563 5583 5603 5626 5655 5676 5700 5697 5724 5813 5852 5874 5894 5914 5933 5957 5983 6013 6041 6079 6139 6206 6241
5477 5477 5476 5478 5481 5484 5480 5483 5483 5478 5474 5467 5467 5467 5464 5460 5466 5482 5474 5479 5487 5498 5500 5501 5504 5519 5514 5508 5504 5495 5484 5474 5468 5462 5456 5462 5473 5486 5481 5473 5463 5456 5454 5451 5444 5442 5435 5435 5435 5434 5436 5450 5464 5472 5478 5492 5493 5525 5526 5537 5534 5536 5555 5580 5603 5631 5649 5663 5649 5672 5695 5752 5795 5826 5851 5880 5908 5940 5984 6030 6090 6189 6317 6355
5478 5477 5477 5479 5482 5481 5485 5496 5494 5478 5474 5479 5475 5471 5470 5472 5475 5489 5473 5478 5486 5491 5493 5493 5496 5509 5502 5494 5491 5482 5467 5466 5464 5461 5457 5462 5475 5480 5473 5461 5446 5447 5446 5440 5433 5434 5434 5433 5435 5438 5446 5459 5460 5465 5473 5485 5501 5513 5508 5511 5515 5516 5534 5561 5594 5606 5620 5636 5649 5654 5668 5699 5730 5762 5791 5826 5862 5899 5949 6010 6103 6262 6385 6470
5478 5477 5479 5479 5484 5484 5496 5503 5490 5470 5468 5470 5472 5474 5475 5472 5462 5467 5473 5480 5487 5493 5496 5494 5484 5487 5487 5482 5479 5472 5466 5466 5465 5464 5466 5469 5470 5469 5467 5455 5440 5443 5443 5441 5438 5434 5431 5434 5438 5444 5455 5454 5457 5462 5475 5491 5499 5498 5501 5503 5503 5504 5517 5530 5553 5579 5594 5610 5640 5650 5652 5657 5680 5709 5741 5775 5809 5848 5895 5955 6039 6215 6290 6290
5478 5478 5478 5478 5478 5487 5509 5499 5479 5465 5462 5463 5470 5475 5481 5484 5467 5454 5472 5485 5494 5508 5520 5516 5500 5481 5479 5475 5471 5475 5475 5470 5468 5469 5473 5475 5475 5478 5471 5456 5445 5445 5445 5446 5444 5439 5438 5438 5439 5442 5443 5446 5456 5459 5476 5500 5512 5504 5503 5493 5499 5515 5518 5515 5558 5565 5573 5583 5616 5625 5605 5627 5642 5665 5691 5717 5748 5788 5830 5880 5936 6014 6105 6139
