real_craters/C158-300m.grd
DSAA
383 383
-57.2425 57.2425
-57.2425 57.2425
4309.4294517808 6622.3482198412
[rows 210 to 239 of 383, columns 201 to 267 of 383]
4433.15 4410.24 4398.72 4397.02 4398.15 4399.5 4400.8 4404.27 4408.29 4412.45 4420.3 4425.37 4427.18 4433.07 4443.77 4455.9 4472.79 4496.77 4525.47 4557.61 4591.91 4628.66 4663.63 4697.22 4724.74 4740.42 4750.4 4777.91 4802.54 4826.63 4847.9 4869.44 4892.95 4939.38 5086.39 5251.96 5399.15 5549.18 5725.24 5898.96 5916.5 5866.04 5853.37 5875.49 5912.61 5929.55 5933.24 5933.59 5926.46 5909.55 5884.87 5856.95 5827.41 5803.84 5803.72 5798.64 5774.73 5754.67 5738.76 5734.29 5728.69 5720.92 5712.04 5700.32 5685.19 5672.24 5657.77
4411.34 4398.73 4390.81 4390.19 4390.36 4390.55 4391.57 4394.98 4400.4 4407.15 4416.26 4421.72 4422.9 4426.51 4432.9 4445.57 4467.06 4496.93 4530.54 4566.83 4601.2 4634.94 4678.42 4721.36 4759.34 4788.63 4807.34 4826.24 4834.07 4852.27 4869.01 4889.72 4920.63 4978.36 5136.76 5316.13 5467.69 5606.77 5755.39 5888.46 5910.13 5870.54 5867.04 5903.48 5947.86 5940.72 5930.35 5930.7 5924.74 5910.25 5886.24 5859.66 5830.27 5801.27 5800.04 5791.88 5762.75 5734.15 5707.04 5705.94 5711.22 5711.03 5708.28 5702.97 5694.22 5674.99 5653.05
4401.64 4394.67 4390.48 4386.09 4383.83 4382.47 4382.53 4384.43 4389.52 4400.61 4407.07 4412.6 4415.27 4418.7 4423.46 4434.67 4457.77 4488.32 4527.06 4569.6 4612.55 4653.38 4702.06 4749.89 4796.17 4846.57 4891.6 4877.95 4872.18 4886.52 4906.01 4934.11 4972.91 5040.2 5215.22 5396.11 5547.62 5679.87 5797.79 5887.66 5904.8 5881.31 5898.78 5948.85 5971.39 5937.76 5930.69 5936.65 5930.93 5915.07 5892.7 5866.52 5839.2 5808.75 5776.42 5765.29 5745.89 5723.31 5703.6 5700.02 5703.36 5705.17 5705.82 5705.52 5703.37 5679.94 5654.45
4395.1 4389.49 4389.48 4382.77 4377.91 4374.52 4372.72 4372.14 4373.37 4378.74 4389.36 4399.33 4407.5 4413.98 4419.7 4429.77 4451.17 4479.59 4523.18 4576.77 4630 4684.93 4735.72 4778.78 4820.62 4865.73 4902.06 4900.02 4904.35 4925.92 4954.78 4992.23 5041.63 5116.41 5316.52 5473.07 5626.5 5775.99 5848.74 5884.89 5892.58 5889.24 5920.47 5964.32 5944.99 5924.86 5947.33 5956.76 5946.37 5925.41 5900.94 5873.14 5844.92 5805.82 5755.26 5741.29 5732.83 5719.92 5705.92 5701.7 5700.8 5700.71 5701.73 5702.52 5701.1 5682.52 5660.17
4375.57 4374.64 4380.86 4376.19 4371.18 4366.69 4362.98 4360.44 4359.08 4363.29 4373.88 4389.85 4404.6 4415.6 4425.02 4436.47 4452.14 4478.27 4522.96 4581.4 4650.51 4716.82 4768.7 4804.38 4832.53 4856.74 4869.22 4895.91 4926.54 4964.94 5007.88 5058.11 5121.03 5202.54 5374.29 5516.61 5673.18 5820.28 5870.99 5881.2 5883.15 5896.29 5934.25 5967.44 5918.58 5922.8 5969.75 5981.35 5964.15 5936.92 5907.05 5874.81 5841.05 5791.44 5737.48 5729.38 5726.28 5724.82 5719.18 5705.72 5697.59 5694.36 5693.33 5694.39 5696.21 5689.27 5673.44
4339.37 4353.12 4366.55 4367.52 4363.95 4359.45 4355.17 4351.99 4352.19 4360.07 4374.46 4392.59 4410.99 4426.6 4438.61 4447.5 4463.44 4487.62 4534.21 4597.96 4679.32 4754.62 4809.14 4833.32 4844.65 4852.21 4864.84 4899.56 4954.51 5008.62 5063.58 5125.34 5200.92 5297.24 5375.02 5530.1 5688.87 5813.57 5871.02 5884.97 5890.8 5914.29 5954.08 5945.58 5913.98 5933.13 5986.61 6001.44 5979.22 5945.6 5907.49 5869.04 5831.89 5776.47 5726.04 5723.52 5720.94 5720.02 5716.27 5700.63 5689.48 5684.14 5680.87 5680.54 5681.56 5679.86 5672.38
4317.04 4340.63 4357.14 4360.48 4358.71 4354.93 4350.52 4347.09 4348.29 4360.3 4381.41 4403.17 4427.12 4450.16 4468.31 4481.2 4500.45 4523.85 4569.77 4636.32 4724.25 4804.81 4859.47 4867.71 4864.14 4864.21 4878.99 4929.53 4999.76 5060.68 5121.29 5187.35 5267.09 5360.94 5429.51 5554.32 5705.73 5824.69 5875.07 5894.79 5906.71 5939.95 5996.63 5946.09 5915.64 5938.55 5992.32 6010.68 5987.81 5948.21 5904.36 5858.62 5810.66 5759.35 5722.86 5722.35 5714.26 5706.25 5696.77 5687 5678.3 5671.61 5666.66 5663.03 5658.5 5652.26 5653.85
4339.68 4348.94 4354.87 4358.22 4358.02 4354.61 4350.15 4346.19 4345.8 4360.3 4386.13 4416.91 4450.74 4484.56 4516.05 4546.39 4569.22 4597.61 4643.63 4707.7 4785.14 4857.67 4906.53 4905.66 4892.05 4893.2 4956.43 5031 5070.44 5119.79 5178.23 5242.56 5320.08 5401.22 5464.13 5594.84 5733.34 5836.29 5886.82 5909.04 5923.64 5964.07 6011.1 5976.06 5939.56 5954.68 6007.64 6027.83 5992.22 5945.26 5895.83 5845.85 5798.3 5752.78 5730.19 5724.9 5706.36 5691.2 5680.32 5671.88 5664.15 5656.81 5650.73 5645.56 5640.69 5639.17 5650.8
4375.07 4369.84 4368.74 4367.47 4363.22 4359.31 4355 4351.34 4352.67 4365.17 4393.18 4434.55 4479.73 4526.11 4572.64 4616.55 4650.47 4685.59 4739.08 4795.4 4856.79 4913.92 4951.66 4948.7 4929.49 4925.37 5011.8 5106.17 5132.46 5179.8 5233.34 5293.76 5365.69 5459.12 5552.72 5652.22 5772.37 5863.76 5905.03 5928.12 5948.74 5987.43 6037.27 6015.83 5980.18 5982.6 6017.94 6030.53 5980.6 5931.54 5884.69 5834.01 5782.5 5749.53 5728.18 5713.39 5695.32 5675.5 5663.12 5655.78 5648.19 5640.77 5634.83 5629 5626.01 5628.93 5657.11
4393.51 4386.82 4381.42 4377.59 4373.78 4371.44 4368.04 4363.99 4365.06 4376.9 4409.04 4459.97 4514.91 4572.46 4632.57 4694.14 4753.07 4789.8 4823.58 4880.51 4934.94 4978.4 5002.86 5008.05 4993.8 4978.44 5057.54 5101.41 5185.31 5241.87 5291.97 5343.15 5397.84 5457.02 5556.56 5677.94 5802.8 5885.44 5925.16 5946.52 5960.76 5991.47 6036.05 6038.18 6017.74 6001.71 5991.93 5969.62 5942.55 5910.87 5874.16 5830.77 5781.63 5758.16 5732.28 5709.21 5686.54 5665.97 5651.1 5640.75 5631.96 5625.4 5619.22 5614.86 5613.91 5624.19 5653.21
4398.6 4400.59 4394.3 4386.03 4391.72 4392.38 4389.8 4386.03 4386.65 4398.18 4435.08 4492.95 4556.98 4622.36 4691.33 4763.93 4826.75 4874.42 4923.84 4975.77 5022.02 5057.54 5082.22 5097.59 5105.71 5114.56 5182.32 5233.41 5268.55 5311.6 5355.37 5398.54 5441.72 5490.4 5599.4 5724.54 5843.84 5913.12 5947.88 5967.41 5978.7 6016.02 6038.93 6041.66 6035.95 6009.99 5966.14 5914.19 5909.13 5894.46 5867.68 5838.94 5807.1 5757.08 5725.07 5700.91 5674.21 5656.88 5639.03 5626.17 5616.94 5609.54 5603.51 5600.3 5601.57 5613.88 5632.06
4414.42 4426.67 4425.74 4422.03 4424.95 4425.07 4422.7 4419.23 4420.98 4432.8 4475.43 4538.24 4606.28 4676.32 4747.6 4818.05 4872.2 4955.52 5032.3 5080.61 5115.49 5144.16 5168.06 5191.97 5228.66 5275.96 5297.4 5330.97 5356.92 5384.78 5422.71 5464.3 5507.25 5570.63 5685.23 5801.06 5891.98 5942.44 5972.59 5994.12 6017.24 6054.13 6053.98 6050.42 6050.62 6014.88 5968.49 5933.32 5908.97 5885.71 5859.59 5830.63 5790.89 5736.56 5699.06 5666.46 5646.04 5634.43 5621.69 5611.37 5602.48 5594.8 5588.35 5584.93 5586.71 5591.74 5600.26
4453.21 4467.5 4471.8 4475.02 4470.38 4468.86 4467.12 4464.63 4467.55 4484.96 4531.24 4595.16 4665.43 4737.19 4808.15 4878.13 4942.91 5066.53 5153.27 5184.53 5204.82 5226.59 5250.92 5277.52 5304.53 5340.71 5371.81 5417.54 5421.19 5444.98 5488.01 5538.27 5590.2 5658.01 5784.49 5900.08 5926.76 5965.15 5995.14 6018.28 6037.51 6075.01 6076.48 6074.89 6063.8 6002.66 5962.71 5935.75 5906.9 5876.14 5847.05 5819.74 5782.65 5732.74 5686.45 5641.55 5620.3 5608.85 5605.32 5598.58 5590.38 5581.76 5573.75 5567.54 5565 5568.08 5572.69
4490.67 4517.29 4526.43 4522.58 4521.5 4521.51 4521.76 4525.42 4532.13 4552.16 4598.44 4662.27 4733.13 4805.86 4877.99 4953.72 5056.17 5193.42 5266.12 5269.74 5275.9 5290.86 5317.5 5336.24 5329.19 5348.67 5389.89 5429.79 5441 5485.24 5545.28 5615.37 5690.39 5766.73 5856.43 5930.13 5949.32 5982.98 6011.66 6038.97 6071.26 6085.75 6042.75 5996.66 5966.35 5940.63 5927.45 5922.83 5897.11 5855.51 5823.98 5801.2 5775.49 5742.01 5691.82 5648.39 5620.63 5604.81 5599.04 5592.41 5583.85 5574.38 5563.76 5552.88 5541.73 5541.91 5551.58
4547.08 4592.5 4593.11 4583.86 4582.29 4582.66 4584.16 4585.99 4590.92 4615.25 4668.92 4736.19 4808.56 4882.57 4958.16 5039.24 5168.18 5279.83 5313.31 5319.72 5321.02 5325.98 5335.81 5337.28 5323.38 5339.02 5381.76 5420.89 5445.93 5509.26 5590.62 5684.82 5789.09 5864.85 5904.58 5940.87 5975.29 5996.28 6016.46 6035.84 6053.9 6038.69 5946.18 5862.42 5857.91 5866.03 5870.92 5872.11 5848.59 5813.38 5784.25 5761.85 5745.83 5726.05 5692.25 5664.34 5637.03 5614.88 5602.24 5591.36 5581.12 5569.77 5558.25 5545.86 5534.91 5533.46 5538.75
4619.57 4660.7 4662.95 4658.03 4649.73 4648.81 4656.42 4661.78 4667.68 4683.04 4750 4820.19 4892.99 4968.85 5044.76 5127.49 5255.18 5326.87 5335.8 5342.34 5342.72 5340.83 5335.35 5325.13 5322.29 5339.78 5374.12 5411.43 5446.56 5528.36 5628.05 5735.28 5842.47 5908.03 5933.23 5951.34 5985.1 5996.64 6004.92 6006.07 5991.06 5950.9 5876.68 5838.13 5830.92 5819.08 5810.45 5794.58 5774.03 5759.06 5737.13 5710.9 5705.35 5695.37 5679.59 5661.98 5644.89 5625.38 5608.15 5594.09 5581.69 5569.69 5557.67 5545.4 5535.38 5533.5 5535.01
4687.49 4730.26 4729.38 4707.59 4698.44 4717.18 4735.6 4761.58 4772.48 4803.4 4849.89 4912.89 4982.78 5056.12 5130.45 5204.03 5286.6 5331.86 5345.69 5352.64 5352.04 5348.46 5338.63 5324.36 5323.33 5343.64 5374.6 5410.95 5454.6 5546.39 5659.52 5770.85 5869.54 5929.98 5953.68 5952.67 5974.89 5984.45 5981.29 5974.18 5943.75 5887.06 5847.14 5819.06 5796.86 5772.82 5757.48 5740.95 5724.71 5712.81 5698.19 5688.2 5684.32 5678.05 5664.14 5649.07 5638.22 5627.43 5612.54 5598.94 5586.13 5574.17 5562.11 5551.22 5542.39 5540.3 5540.27
4754.32 4801.18 4802.91 4779.78 4769.12 4800.73 4821.68 4828.43 4862.25 4897.99 4946.9 5005.02 5070.44 5140.81 5212.18 5287.39 5337.61 5347.27 5358.33 5360.78 5356.92 5354.41 5349.6 5343.96 5341.09 5362.22 5390.96 5415.87 5453.11 5574.26 5696.16 5805.63 5897.62 5952.97 5982.84 5988.03 5982.1 5971.25 5946.5 5917.7 5875.73 5819.1 5789.77 5762.94 5733.08 5722.03 5713.71 5703.45 5692.55 5677.23 5663.27 5654.48 5658.95 5657.86 5649.67 5641.03 5633.81 5626.64 5615.46 5603.45 5591.6 5580.5 5569.54 5559.78 5553.53 5551.56 5553.7
4821.33 4860.49 4881.67 4882.61 4893.33 4900.82 4922.79 4955 4968.73 4997.16 5038.37 5090.19 5149.83 5217.14 5283.7 5331.29 5378.32 5402.16 5381.75 5367.92 5360.34 5359.41 5362.79 5374.06 5381.32 5400.8 5434.76 5468.36 5522.04 5635.36 5750.87 5849.55 5917.18 5972.71 6009.26 6048.18 6018.26 5954.46 5903.67 5859.26 5815.67 5767.6 5734.07 5712.74 5686.83 5683.6 5680.11 5671.25 5659.11 5646.45 5634.08 5626.11 5629.11 5633.5 5635.16 5636.42 5636.96 5627.3 5616.95 5606.62 5596.45 5586.63 5577.36 5568.55 5563.2 5562.87 5567.82
4879.95 4917.63 4953.24 4969.3 4984.63 4989.04 4998.73 5024.31 5063.75 5087.59 5115.64 5160.2 5217.05 5282.06 5349.07 5412.6 5410.6 5404.61 5381.74 5367.74 5361.96 5362.78 5370.34 5384.73 5404.39 5452.99 5506.34 5560.28 5628.27 5726.31 5823.27 5906.69 5969.07 5982.93 5995.72 6011.32 5971.06 5911.21 5857.66 5800.02 5776.5 5752.52 5725.19 5699.73 5675.29 5668.11 5660.4 5648.47 5633.11 5624.18 5616.77 5611.13 5610.66 5616.02 5621.73 5626.73 5627.42 5623.61 5617.13 5608.71 5600.4 5592.7 5585.46 5578.84 5574.79 5574.01 5575.54
4934.36 4963.31 5012.52 5035.66 5053.75 5060.93 5066.21 5078.49 5110.97 5140.75 5171.35 5213.9 5266.09 5325.46 5387.37 5432.42 5400.06 5362.2 5360.37 5361.87 5365.45 5371.29 5381.12 5401.17 5448.6 5525.52 5597.49 5670.3 5749.47 5828.53 5899.81 5956.24 5984.03 5967.32 5941.33 5911.42 5870.74 5852.86 5826.2 5791.67 5771.77 5754.98 5732.03 5707.03 5685.63 5669.26 5654.96 5638.84 5622.93 5614.22 5610.4 5605.82 5602.22 5605.24 5610.28 5615.09 5619.74 5621.3 5616.09 5608.89 5601.9 5595.95 5591.55 5590.1 5589.13 5589.38 5575.83
4989.41 5019.46 5067.55 5090.63 5098.94 5116.99 5148.67 5152.12 5154.77 5176.37 5209.01 5249.69 5295.18 5344.47 5393.62 5422.87 5377.44 5340.77 5348.28 5363.69 5378.97 5393.49 5407.25 5429.81 5517.42 5620.58 5703.97 5785.52 5858.56 5930.17 5969.64 5993.86 5981.79 5935.3 5876.9 5821.06 5795.08 5816.5 5820.15 5806.93 5787.43 5768.2 5738.3 5709.91 5691.56 5677.41 5658.26 5638.95 5621.38 5611.33 5608.14 5602.94 5597.83 5598.44 5601.36 5606.45 5620.33 5620.56 5613.85 5607.26 5601.16 5595.8 5592.01 5591.3 5588.4 5581.95 5566.79
5044.35 5080.6 5128.52 5139.69 5147.67 5148.96 5152.83 5159.37 5162.69 5201.88 5236.65 5271.51 5308.03 5343.83 5374.01 5385.02 5358.84 5341.2 5355.2 5387.32 5414.84 5439.24 5462.83 5495.86 5619.4 5735.97 5819.6 5901.66 5984.25 6026.05 6014.56 6008.91 5971.11 5895.92 5829.97 5787.33 5798.45 5820.85 5837.33 5834.13 5805.44 5776.99 5749.08 5723.52 5692.4 5680.52 5663.61 5644.97 5626.31 5614.11 5608.57 5602.06 5596.11 5593.89 5593.99 5596.82 5609.51 5611.89 5606.84 5601.58 5596.9 5592.32 5587.16 5580.98 5574.18 5565.34 5560.17
5089.81 5144.49 5185.75 5167.82 5160.91 5157.86 5155.15 5183.89 5208.47 5235.53 5262.02 5288.25 5314.58 5336.49 5351.6 5356.35 5349.72 5347.26 5375.09 5428.92 5475.6 5517.53 5556.59 5614.56 5760.24 5865.5 5930.07 5991.1 6057 6086.98 6007.12 5934.72 5890.98 5849.11 5803.86 5788.73 5816.9 5846.07 5864.39 5854.44 5817 5781.9 5762.12 5742.85 5713.7 5688.06 5672 5656.08 5638.99 5625.26 5614.81 5604.57 5595.88 5591.16 5588.53 5588.03 5594.69 5597.7 5595.7 5593.28 5590.84 5587.8 5583.36 5575.74 5570.47 5565.68 5561.62
5113.72 5146.89 5165.28 5170.53 5166.71 5170.84 5195.32 5234.11 5265.78 5275.31 5290.43 5307.41 5322.72 5334.81 5342.51 5345.54 5348.47 5364.73 5416.67 5497.93 5567.42 5622.36 5678.76 5754.57 5909.49 5988.96 6023.09 6044.02 6053.35 6041.35 5958.5 5858.8 5830.19 5818.72 5799.66 5808.62 5848.11 5874.38 5891.79 5872.39 5816.05 5774.92 5766.62 5749.82 5720.38 5703.44 5688.48 5670.39 5655.53 5643.76 5629.11 5610.35 5596.9 5589.59 5584.92 5582.35 5581.28 5581.62 5583.14 5583.87 5584.33 5584.26 5583.3 5578.78 5568.83 5563.51 5563.25
5129.67 5146.09 5161.7 5173.68 5182.37 5194.89 5231.94 5271.37 5296.31 5305.09 5317.06 5329.38 5338.94 5345.16 5347.68 5354.5 5362.25 5426.33 5508.58 5603.6 5684.9 5751.66 5816.21 5896.51 6020.97 6080.68 6090.36 6079.5 6044.34 5982.54 5926.39 5841.38 5818.18 5819.86 5827.48 5847.07 5878.63 5890 5868.98 5842.86 5802.58 5766.49 5770.08 5750.19 5728.75 5714.64 5699.52 5680.37 5665.95 5654.5 5638.86 5615.27 5598.23 5588.22 5581.83 5576.6 5569.75 5567.9 5571.68 5574.77 5577.26 5579.78 5582.56 5581.55 5567.43 5560.26 5560.74
5157.62 5161.2 5170.24 5186.73 5218.58 5263.21 5275.21 5295.54 5315.42 5329.36 5345.96 5360.02 5369.42 5374.13 5380.18 5408.51 5456.73 5546.81 5646.97 5741.63 5824.56 5892.91 5955.06 6021.59 6107.91 6149.03 6141.76 6113.82 6080.3 6036.11 5934.23 5848.85 5830.94 5838.04 5857.78 5875.73 5901.63 5902.78 5852.21 5822.52 5797.19 5778.02 5779.27 5751.38 5728.55 5712.4 5697.84 5681.65 5666.29 5651.77 5630.67 5606.18 5594.26 5586.57 5579.51 5572.43 5564.7 5561.33 5564.13 5567.29 5570.09 5572.94 5575.96 5574.77 5564.07 5557.56 5555.25
5190.78 5184.89 5187.72 5198.66 5231.33 5277.92 5280.56 5294.03 5324.71 5356.46 5386.71 5410.6 5426.1 5435.83 5444.53 5506.76 5592.3 5700.37 5805.91 5898.99 5973.58 6035.84 6091.65 6140.86 6195.43 6207.49 6175.14 6130.19 6086.06 6026.76 5933.73 5866.35 5850.21 5855.21 5871.17 5879.69 5886.75 5879.41 5855.27 5821.38 5798.52 5786.38 5776.5 5741.79 5721.81 5707.83 5693.76 5678.64 5661.38 5640.6 5622.35 5603.41 5593.66 5587.66 5579.76 5571.03 5564.47 5559.88 5560.19 5561.93 5563.54 5564.74 5564.93 5562.91 5557.19 5553.24 5550.45
5232.35 5214.12 5204.57 5204.06 5224.24 5246.85 5261.75 5286.11 5341.02 5396.93 5445.01 5482.29 5509.84 5534.77 5567.19 5641.27 5745.94 5874.1 5990.2 6065.03 6114.86 6163.74 6217.03 6251.32 6260.06 6242.3 6181.19 6116.84 6053.6 5978.9 5910.31 5885.67 5863.75 5864.33 5873.17 5869.3 5858 5836.8 5825.35 5809.63 5791.49 5776.54 5756.33 5724.88 5711.47 5699.06 5690.01 5675.23 5658.72 5642.04 5625.73 5607.86 5599.23 5593.5 5587.69 5578.32 5568.17 5560.67 5558.39 5558.42 5558.65 5557.7 5555.06 5552.74 5551.59 5548.89 5546.46
5274.36 5249.85 5224.72 5217.15 5235.59 5251.23 5278.91 5309.93 5390.51 5464.91 5525.69 5577.02 5620.85 5661.53 5712.19 5797.67 5908.85 6046.45 6172.3 6212.2 6221.28 6244.35 6288.19 6295.62 6263.38 6223.59 6149.24 6079.02 6009.7 5928.92 5885.07 5861.96 5868.13 5870.01 5864.03 5861.08 5842.56 5819.74 5811.79 5795.37 5776.77 5756.88 5737.16 5721.21 5705.23 5694.31 5684.98 5670.56 5657.42 5645.14 5629.44 5616.72 5605.97 5599.73 5597.72 5588.05 5572.21 5561.38 5558.06 5557.1 5555.9 5553.44 5550.03 5547.73 5546.34 5545.06 5543.19
