real_craters/C159-750m.grd
DSAA
154 154
-57.2425 57.2425
-57.2425 57.2425
7212.3424678809 9867.7567697436
[rows 76 to 113 of 154, columns 0 to 83 of 154]
8548 8549 8557 8568 8570 8569 8570 8578 8582 8582 8586 8604 8610 8613 8616 8631 8646 8639 8644 8650 8644 8648 8661 8662 8656 8650 8673 8675 8681 8686 8692 8692 8680 8659 8654 8642 8623 8625 8629 8622 8641 8656 8663 8671 8684 8700 8710 8730 8739 8748 8751 8756 8758 8802 9022 9250 9108 8830 8562 8353 8220 8052 7819 7562 7502 7460 7437 7415 7394 7365 7343 7371 7435 7534 7658 7732 7777 7742 7712 7642 7516 7413 7331 7292
8546 8546 8553 8561 8565 8565 8564 8572 8576 8575 8578 8585 8594 8593 8587 8586 8586 8606 8624 8650 8648 8640 8643 8646 8648 8644 8658 8672 8683 8696 8708 8702 8695 8670 8652 8643 8628 8646 8626 8589 8628 8650 8660 8668 8685 8699 8708 8732 8747 8751 8753 8763 8789 8820 9054 9302 9168 8927 8599 8331 8168 7999 7810 7600 7492 7453 7426 7396 7364 7327 7330 7359 7429 7533 7683 7795 7878 7822 7739 7638 7520 7414 7328 7287
8552 8554 8560 8566 8561 8561 8560 8567 8570 8574 8582 8589 8588 8584 8587 8573 8565 8577 8591 8602 8601 8601 8607 8618 8637 8647 8646 8663 8678 8691 8696 8694 8680 8660 8649 8646 8636 8647 8620 8591 8620 8645 8654 8665 8682 8697 8715 8718 8732 8747 8752 8758 8797 8872 9159 9339 9174 8894 8617 8364 8177 7927 7783 7608 7486 7446 7415 7368 7342 7302 7291 7312 7397 7528 7704 7798 7823 7754 7677 7594 7497 7400 7321 7284
8556 8560 8568 8568 8563 8563 8565 8562 8565 8575 8587 8593 8592 8592 8587 8574 8562 8566 8569 8569 8579 8580 8582 8598 8611 8639 8643 8653 8671 8686 8693 8698 8688 8660 8650 8649 8642 8642 8621 8610 8621 8650 8662 8670 8692 8716 8713 8722 8745 8765 8762 8777 8827 8882 9159 9353 9141 8883 8648 8441 8210 7937 7788 7599 7504 7446 7404 7357 7304 7270 7237 7239 7340 7468 7614 7668 7656 7629 7613 7545 7461 7379 7309 7285
8558 8560 8568 8570 8562 8564 8567 8565 8568 8578 8591 8597 8592 8586 8591 8578 8570 8567 8571 8575 8583 8581 8581 8590 8605 8616 8627 8644 8664 8685 8702 8712 8701 8674 8659 8652 8644 8636 8632 8628 8659 8667 8664 8672 8697 8714 8717 8711 8729 8749 8751 8766 8859 8974 9143 9197 9129 8944 8691 8466 8270 8029 7788 7604 7496 7444 7396 7350 7302 7262 7224 7212 7286 7372 7467 7515 7532 7526 7525 7477 7415 7358 7315 7289
8565 8557 8557 8556 8565 8563 8563 8567 8574 8587 8588 8595 8595 8589 8590 8584 8574 8576 8584 8596 8595 8593 8602 8598 8616 8613 8620 8633 8656 8681 8705 8713 8704 8684 8666 8653 8651 8638 8631 8638 8658 8669 8674 8684 8695 8703 8690 8694 8702 8717 8735 8773 8838 8892 9032 9217 9187 8994 8737 8492 8359 8165 7815 7638 7494 7448 7411 7361 7314 7276 7242 7224 7256 7295 7340 7381 7407 7392 7410 7396 7365 7331 7306 7286
8578 8573 8572 8569 8567 8563 8564 8572 8582 8588 8593 8601 8609 8598 8595 8597 8600 8601 8604 8606 8593 8602 8597 8605 8608 8613 8608 8621 8648 8675 8699 8711 8700 8680 8660 8660 8662 8659 8648 8643 8654 8662 8669 8686 8689 8680 8683 8686 8692 8706 8730 8774 8789 8792 8888 9134 9268 9074 8778 8531 8433 8156 7881 7736 7536 7464 7423 7375 7336 7302 7265 7236 7248 7263 7272 7306 7322 7311 7315 7325 7312 7289 7277 7278
8585 8570 8559 8559 8559 8560 8568 8576 8579 8590 8599 8609 8615 8617 8614 8614 8621 8619 8608 8602 8609 8604 8608 8606 8616 8618 8612 8619 8642 8671 8696 8712 8700 8675 8645 8642 8656 8657 8646 8650 8653 8650 8656 8675 8683 8683 8688 8687 8697 8708 8723 8758 8762 8767 8835 9056 9260 9094 8812 8550 8378 8154 7959 7833 7625 7533 7460 7400 7366 7375 7318 7269 7265 7270 7268 7286 7302 7313 7300 7291 7277 7256 7255 7263
8589 8575 8573 8571 8569 8575 8581 8588 8591 8589 8605 8618 8627 8633 8629 8626 8626 8626 8626 8627 8624 8611 8615 8607 8607 8615 8607 8611 8638 8668 8696 8709 8705 8686 8664 8653 8657 8655 8669 8668 8646 8646 8658 8673 8678 8679 8677 8688 8697 8707 8708 8727 8755 8769 8821 9004 9175 9075 8858 8619 8476 8240 8031 7894 7705 7608 7564 7454 7389 7407 7384 7315 7305 7306 7303 7302 7293 7283 7278 7275 7265 7255 7264 7274
8584 8566 8574 8582 8590 8599 8599 8603 8611 8610 8615 8622 8628 8607 8619 8631 8641 8645 8644 8635 8633 8625 8625 8616 8614 8616 8606 8612 8635 8667 8700 8726 8719 8703 8692 8675 8668 8668 8675 8700 8657 8644 8665 8666 8671 8677 8680 8674 8691 8710 8716 8716 8747 8781 8826 8897 9053 9049 8905 8730 8603 8402 8192 7995 7835 7661 7574 7493 7436 7441 7431 7417 7375 7345 7325 7318 7302 7287 7278 7278 7271 7269 7293 7315
8589 8590 8599 8599 8600 8602 8608 8610 8607 8609 8621 8614 8604 8601 8617 8633 8649 8660 8649 8643 8631 8625 8623 8622 8622 8611 8606 8606 8628 8657 8699 8731 8733 8712 8693 8681 8682 8678 8680 8720 8675 8661 8684 8697 8678 8682 8694 8697 8704 8723 8729 8747 8767 8791 8863 8851 9037 9111 8986 8822 8709 8517 8327 8148 7876 7742 7654 7580 7527 7499 7456 7444 7428 7383 7351 7351 7330 7309 7300 7303 7299 7299 7342 7391
8595 8604 8609 8612 8610 8609 8615 8617 8618 8625 8622 8604 8602 8622 8625 8634 8645 8647 8635 8642 8632 8627 8625 8624 8623 8603 8612 8618 8624 8637 8666 8738 8746 8714 8680 8702 8698 8700 8704 8721 8692 8683 8704 8717 8703 8700 8696 8708 8705 8718 8725 8754 8783 8764 8830 9016 9193 9166 9023 8861 8709 8596 8498 8286 8015 7854 7773 7724 7718 7634 7523 7466 7441 7426 7385 7372 7357 7335 7334 7346 7357 7373 7435 7488
8622 8631 8633 8619 8624 8629 8624 8622 8627 8626 8616 8611 8619 8625 8626 8632 8638 8644 8642 8642 8643 8627 8627 8626 8621 8626 8622 8621 8618 8614 8612 8671 8739 8719 8696 8705 8705 8711 8711 8713 8703 8700 8722 8739 8731 8716 8702 8704 8708 8718 8731 8740 8752 8741 8933 9196 9221 9199 9090 8950 8803 8654 8596 8383 8219 8082 7978 7907 7897 7769 7614 7547 7515 7511 7488 7421 7419 7395 7395 7418 7442 7484 7539 7602
8634 8641 8638 8633 8628 8628 8623 8619 8615 8606 8603 8605 8612 8613 8621 8627 8631 8630 8626 8628 8613 8623 8630 8636 8631 8628 8628 8625 8618 8609 8608 8673 8737 8731 8719 8703 8702 8702 8707 8698 8713 8740 8737 8748 8734 8720 8705 8717 8716 8724 8730 8697 8681 8699 8830 9013 9122 9273 9264 9066 8877 8738 8595 8505 8470 8400 8172 8063 8002 7909 7788 7700 7662 7617 7581 7538 7517 7540 7503 7516 7541 7593 7663 7734
8619 8632 8634 8631 8622 8619 8616 8615 8608 8605 8606 8603 8607 8613 8616 8621 8626 8626 8630 8629 8627 8626 8631 8633 8621 8633 8635 8634 8629 8620 8624 8674 8723 8737 8737 8712 8706 8703 8689 8668 8707 8745 8744 8740 8724 8730 8725 8725 8725 8729 8741 8718 8712 8714 8717 8767 8985 9267 9302 9194 9026 8875 8736 8622 8622 8561 8287 8170 8121 8067 7977 7882 7795 7735 7679 7676 7672 7658 7645 7648 7644 7680 7760 7849
8621 8621 8612 8623 8610 8607 8611 8614 8620 8626 8622 8614 8610 8610 8614 8617 8621 8634 8630 8623 8622 8627 8628 8626 8615 8627 8641 8646 8643 8633 8643 8690 8736 8731 8726 8719 8720 8718 8691 8677 8696 8719 8717 8721 8715 8724 8728 8729 8729 8722 8707 8747 8755 8778 8763 8720 8900 9222 9387 9265 9126 9008 8967 8815 8751 8626 8458 8323 8270 8249 8205 8101 7994 7913 7858 7860 7891 7847 7830 7818 7805 7827 7888 7938
8614 8617 8626 8623 8620 8609 8614 8621 8630 8637 8635 8626 8622 8618 8614 8614 8612 8616 8620 8637 8634 8627 8623 8618 8612 8629 8645 8650 8647 8637 8640 8689 8728 8734 8726 8735 8731 8723 8693 8675 8683 8701 8695 8700 8709 8717 8705 8709 8729 8746 8755 8763 8778 8807 8808 8773 8822 9063 9273 9327 9232 9151 9101 9033 8967 8879 8703 8569 8456 8395 8369 8289 8178 8125 8080 8062 8059 8024 8034 8002 7993 7995 8013 8018
8617 8616 8630 8619 8623 8622 8628 8637 8645 8648 8640 8633 8616 8615 8615 8613 8609 8604 8610 8625 8633 8629 8623 8615 8630 8643 8651 8659 8661 8643 8640 8686 8723 8712 8722 8743 8735 8716 8689 8668 8671 8682 8680 8682 8680 8691 8700 8709 8720 8714 8748 8770 8786 8780 8814 8796 8740 8809 8952 9051 9169 9309 9246 9179 9167 9123 9015 8863 8665 8552 8529 8462 8333 8277 8249 8206 8185 8185 8150 8163 8186 8162 8122 8127
8618 8615 8609 8611 8620 8638 8646 8649 8659 8648 8639 8631 8623 8620 8619 8617 8615 8603 8632 8640 8637 8634 8631 8632 8642 8660 8663 8661 8662 8654 8658 8693 8725 8721 8717 8725 8713 8700 8678 8658 8660 8675 8678 8676 8684 8688 8705 8722 8718 8718 8732 8748 8776 8788 8797 8797 8737 8751 8769 8795 8972 9087 9126 9153 9231 9224 9256 9153 8889 8749 8681 8612 8496 8422 8419 8441 8407 8388 8340 8323 8296 8290 8248 8237
8623 8621 8612 8613 8622 8641 8646 8643 8650 8657 8658 8646 8638 8630 8627 8625 8623 8614 8610 8626 8637 8639 8639 8635 8642 8654 8660 8658 8656 8667 8685 8705 8718 8725 8716 8693 8690 8682 8670 8654 8656 8670 8670 8675 8677 8688 8702 8712 8727 8735 8728 8730 8756 8771 8764 8764 8762 8765 8753 8765 8832 8884 8917 8975 9065 9189 9347 9282 9153 8940 8850 8803 8729 8639 8646 8660 8575 8561 8555 8494 8438 8443 8403 8372
8618 8615 8612 8626 8647 8647 8648 8653 8663 8670 8667 8657 8649 8640 8634 8629 8625 8617 8600 8625 8636 8642 8649 8654 8653 8670 8669 8662 8656 8690 8712 8720 8724 8719 8721 8710 8696 8684 8673 8661 8658 8665 8673 8682 8691 8699 8698 8702 8722 8729 8733 8727 8742 8751 8738 8738 8726 8719 8744 8754 8763 8775 8803 8875 8993 9004 9086 9128 9095 9093 9133 9122 9009 8907 8877 8874 8772 8763 8727 8692 8649 8658 8632 8590
8623 8614 8614 8628 8654 8656 8662 8658 8658 8666 8661 8651 8646 8644 8638 8631 8621 8611 8603 8612 8629 8641 8652 8665 8669 8672 8665 8672 8687 8716 8733 8734 8734 8745 8735 8719 8701 8691 8684 8675 8668 8661 8655 8689 8708 8706 8694 8690 8725 8742 8732 8723 8738 8733 8728 8743 8729 8714 8719 8722 8721 8720 8740 8775 8868 8914 8984 9025 8983 9061 9110 9196 9204 9187 9069 8958 8930 9006 9015 8998 8934 8886 8891 8931
8638 8639 8642 8645 8641 8659 8669 8667 8655 8662 8663 8662 8659 8651 8644 8637 8629 8615 8608 8611 8623 8635 8646 8656 8669 8661 8662 8682 8716 8735 8741 8744 8747 8751 8735 8707 8696 8704 8696 8693 8687 8667 8656 8683 8688 8686 8682 8680 8691 8720 8720 8720 8736 8732 8741 8723 8699 8714 8698 8690 8693 8686 8700 8733 8788 8838 8940 9153 9130 9069 9065 9096 9182 9205 9161 9172 9150 9229 9215 9181 9068 9006 9007 9026
8657 8667 8657 8657 8658 8661 8675 8667 8658 8663 8665 8670 8663 8654 8647 8641 8632 8626 8619 8612 8617 8627 8641 8650 8653 8645 8648 8686 8735 8745 8750 8751 8745 8749 8734 8717 8702 8705 8703 8700 8696 8675 8659 8663 8677 8660 8674 8684 8682 8683 8679 8693 8721 8717 8741 8730 8712 8698 8687 8679 8682 8686 8690 8704 8736 8780 8807 8894 8954 8951 8928 8922 9002 9019 9032 9045 9044 9112 9098 9059 9016 8990 8965 8918
8672 8667 8664 8660 8656 8650 8649 8660 8651 8660 8682 8671 8661 8652 8647 8644 8642 8639 8629 8614 8611 8617 8624 8632 8632 8634 8652 8690 8735 8762 8764 8763 8762 8764 8738 8717 8709 8707 8705 8699 8690 8683 8678 8680 8680 8683 8682 8685 8687 8686 8697 8713 8720 8716 8708 8718 8729 8699 8672 8675 8674 8677 8679 8689 8705 8729 8756 8788 8828 8845 8840 8831 8861 8901 8876 8873 8891 8912 8925 8884 8902 8917 8933 8902
8678 8676 8667 8657 8635 8630 8622 8626 8630 8637 8649 8654 8648 8643 8641 8638 8637 8631 8618 8597 8603 8610 8619 8626 8634 8643 8659 8690 8734 8769 8773 8775 8777 8755 8736 8719 8714 8704 8704 8702 8699 8697 8694 8689 8693 8695 8687 8684 8681 8694 8709 8704 8709 8708 8708 8715 8710 8702 8684 8673 8666 8663 8669 8681 8692 8713 8743 8741 8756 8770 8773 8773 8787 8803 8753 8732 8752 8788 8808 8832 8818 8814 8819 8804
8670 8673 8661 8643 8639 8628 8617 8612 8612 8610 8607 8625 8629 8629 8628 8628 8620 8600 8599 8599 8603 8607 8614 8628 8644 8654 8670 8698 8734 8776 8786 8783 8770 8770 8742 8728 8703 8705 8709 8712 8711 8710 8704 8690 8684 8664 8668 8678 8687 8697 8704 8706 8705 8710 8715 8719 8727 8707 8687 8670 8664 8667 8676 8688 8707 8748 8740 8727 8735 8742 8730 8726 8733 8735 8695 8691 8698 8685 8710 8738 8738 8720 8671 8678
8679 8664 8651 8658 8657 8637 8602 8593 8609 8605 8610 8606 8614 8618 8616 8612 8597 8596 8602 8608 8608 8609 8615 8635 8655 8660 8664 8718 8751 8783 8792 8790 8788 8771 8751 8729 8718 8715 8716 8720 8728 8722 8708 8690 8676 8671 8677 8679 8694 8718 8710 8707 8704 8707 8721 8716 8704 8692 8682 8666 8654 8666 8696 8707 8729 8753 8762 8743 8743 8745 8730 8717 8716 8696 8667 8681 8664 8655 8661 8680 8673 8658 8643 8641
8679 8664 8653 8654 8648 8634 8626 8630 8629 8621 8604 8598 8609 8613 8610 8599 8596 8601 8621 8611 8615 8617 8622 8643 8667 8675 8671 8731 8769 8789 8791 8788 8785 8776 8755 8740 8731 8723 8721 8720 8721 8716 8707 8701 8698 8696 8687 8682 8690 8712 8703 8703 8708 8705 8715 8712 8706 8697 8696 8679 8658 8670 8692 8716 8774 8775 8766 8759 8759 8749 8733 8720 8701 8682 8671 8671 8645 8630 8633 8641 8617 8616 8609 8617
8700 8672 8652 8654 8657 8654 8652 8647 8645 8650 8625 8611 8619 8617 8611 8604 8602 8599 8600 8621 8626 8633 8643 8654 8668 8681 8706 8744 8769 8783 8785 8778 8766 8762 8748 8736 8735 8728 8722 8717 8713 8710 8707 8708 8711 8706 8690 8683 8686 8695 8699 8701 8704 8711 8705 8711 8724 8707 8701 8692 8671 8681 8705 8737 8779 8766 8792 8770 8768 8746 8730 8719 8699 8681 8668 8655 8632 8609 8612 8602 8592 8594 8598 8607
8699 8685 8670 8667 8678 8682 8683 8644 8645 8644 8657 8667 8643 8630 8618 8607 8600 8603 8617 8624 8636 8648 8657 8665 8671 8676 8720 8743 8759 8778 8778 8768 8758 8741 8727 8723 8728 8725 8717 8710 8703 8701 8707 8717 8716 8712 8690 8684 8688 8683 8696 8699 8714 8707 8698 8710 8714 8719 8719 8705 8697 8699 8714 8760 8767 8759 8764 8774 8761 8739 8730 8732 8706 8669 8650 8638 8624 8619 8613 8605 8594 8589 8591 8605
8680 8683 8674 8679 8690 8696 8683 8667 8649 8636 8659 8668 8657 8643 8633 8617 8609 8613 8625 8639 8652 8660 8670 8678 8684 8698 8712 8729 8740 8752 8755 8742 8717 8702 8691 8697 8712 8716 8709 8702 8695 8694 8705 8715 8715 8704 8697 8689 8690 8683 8688 8696 8708 8699 8717 8729 8737 8753 8738 8720 8703 8714 8730 8763 8766 8752 8737 8730 8751 8738 8733 8731 8717 8664 8650 8622 8615 8605 8605 8593 8589 8588 8593 8606
8671 8677 8680 8687 8698 8693 8685 8677 8662 8656 8666 8664 8659 8653 8656 8686 8656 8631 8634 8643 8660 8689 8692 8690 8691 8694 8699 8709 8712 8731 8735 8717 8695 8683 8678 8689 8699 8705 8700 8695 8689 8686 8703 8717 8710 8694 8682 8683 8685 8681 8687 8697 8703 8717 8736 8744 8753 8760 8736 8709 8716 8729 8745 8745 8751 8763 8725 8701 8710 8718 8717 8716 8686 8644 8627 8614 8606 8599 8593 8584 8587 8588 8597 8609
8666 8668 8674 8679 8681 8684 8676 8680 8668 8667 8674 8666 8656 8656 8655 8672 8684 8670 8658 8660 8675 8698 8701 8697 8693 8689 8686 8686 8695 8709 8712 8698 8683 8680 8683 8692 8694 8689 8695 8693 8688 8686 8696 8698 8689 8685 8674 8691 8687 8687 8694 8696 8706 8719 8741 8751 8754 8749 8738 8732 8736 8748 8757 8739 8711 8707 8710 8724 8716 8701 8694 8679 8652 8615 8615 8608 8599 8592 8585 8582 8581 8591 8602 8613
8656 8655 8658 8667 8670 8680 8672 8668 8660 8665 8674 8657 8660 8660 8664 8680 8683 8700 8690 8684 8685 8699 8703 8699 8693 8689 8681 8678 8686 8693 8696 8691 8686 8685 8695 8697 8700 8704 8701 8696 8691 8686 8698 8697 8685 8688 8703 8691 8686 8688 8690 8710 8716 8729 8749 8760 8755 8759 8744 8751 8759 8767 8780 8795 8754 8740 8727 8727 8707 8693 8684 8678 8638 8604 8603 8597 8590 8587 8593 8587 8580 8597 8612 8619
8646 8645 8651 8665 8675 8677 8665 8662 8665 8661 8662 8674 8667 8663 8665 8670 8684 8703 8711 8714 8720 8710 8707 8700 8689 8677 8667 8663 8679 8676 8675 8688 8685 8682 8682 8702 8705 8707 8705 8702 8700 8698 8699 8690 8679 8685 8695 8690 8693 8698 8693 8705 8718 8728 8752 8761 8761 8753 8754 8762 8764 8775 8785 8783 8743 8750 8739 8723 8711 8699 8690 8670 8631 8600 8601 8590 8578 8572 8593 8592 8589 8614 8621 8623
8640 8636 8650 8670 8678 8664 8654 8658 8658 8641 8638 8648 8658 8661 8668 8674 8699 8711 8726 8741 8747 8724 8715 8703 8688 8671 8657 8649 8655 8658 8659 8663 8668 8670 8679 8698 8705 8705 8708 8708 8707 8706 8689 8682 8676 8675 8675 8683 8701 8716 8718 8732 8728 8735 8759 8775 8768 8769 8772 8771 8770 8777 8783 8774 8759 8757 8745 8741 8720 8698 8689 8651 8625 8610 8582 8569 8570 8565 8564 8584 8597 8618 8626 8627
8637 8627 8654 8683 8681 8665 8649 8642 8633 8626 8634 8654 8662 8655 8651 8656 8700 8711 8733 8757 8774 8751 8731 8711 8690 8671 8658 8646 8643 8647 8647 8651 8658 8659 8674 8698 8706 8713 8716 8713 8709 8705 8683 8681 8688 8677 8670 8682 8704 8712 8732 8739 8737 8731 8771 8779 8781 8788 8790 8784 8775 8777 8779 8774 8762 8754 8745 8728 8695 8675 8652 8627 8611 8584 8588 8582 8575 8574 8566 8586 8609 8619 8627 8629
