real_craters/C159-1000m.grd
DSAA
66 66
-32.71 32.71
-32.71 32.71
10149.836310072 11865.009548321
[rows 0 to 30 of 66, columns 0 to 65 of 66]
11076.5 11087.7 11096.3 11099.2 11098.2 11098.8 11094.6 11097.2 11098.5 11099.9 11097.3 11105.5 11137.9 11133.4 11127.2 11133.8 11130.5 11129.7 11132.6 11139.7 11143 11175.1 11148.7 11106.1 11105.3 11090.2 11065.7 11044.8 11048.5 11048.6 11044.6 11045.7 11041 11030.8 11020.9 11037.2 11033.3 11027.8 10993.6 10958.3 10987.8 10987.5 10987 10984.4 10985.3 10985.2 10980.2 10974.5 10974.1 10970.9 10976.1 10986.3 10993.1 10962.4 10963.5 10974 10962.9 10955.4 10954.3 10954.9 10952.2 10949.8 10953 10948.7 10947.7 10947.3
11083.7 11086.6 11094.6 11097.6 11098.9 11103 11104.2 11103.6 11100.1 11099.2 11099.3 11102 11124.3 11127 11128.3 11131.5 11129.8 11130.5 11135.6 11146.7 11169 11188.6 11167.4 11134.3 11119.9 11104.1 11076.6 11058 11055.7 11060.8 11056.8 11046.6 11044.3 11041.6 11037.3 11039.8 11039.2 11033.8 11046.2 11053.2 11019.9 11006.9 10996.8 10994.2 10988.8 10983.4 10979.2 10973.5 10977 10982.6 10984.1 10986.9 10987.7 10972.5 10966.5 10975.1 10975.3 10958.5 10953.2 10949.7 10952.4 10953.5 10951.3 10949.7 10949.4 10943.1
11079.8 11082.4 11088 11091.3 11093.8 11100 11107.4 11114.2 11106.6 11101.4 11106.9 11113.8 11123.1 11135.8 11133.3 11122.4 11124.2 11127.1 11132 11139.7 11154.9 11179.1 11176.6 11152.4 11144.1 11123 11105 11081.2 11074.3 11069.1 11078 11067.8 11059.8 11054.1 11048.3 11043.6 11037.2 11046.1 11043.4 11040.4 11029.5 11016.4 11006.2 10998 10990.7 10983.9 10981.3 10981.6 10981.1 10983.2 10981.8 10977.6 10982.6 10965.7 10962.6 10965.9 10959.5 10953.8 10954.4 10954.3 10956.7 10957.5 10951.1 10950.9 10949.7 10945
11076.9 11078 11078.1 11082.6 11098.2 11096 11110.2 11124.7 11125.9 11115.3 11107.7 11114.3 11128.3 11142.4 11134.2 11120.2 11120.9 11123.4 11126.8 11132.4 11147.2 11168.7 11186.8 11165.7 11152.8 11134.4 11119.7 11119.4 11107.4 11095.2 11088.2 11074 11071.4 11068.9 11063.3 11061.3 11051.3 11040.3 11044.6 11040.9 11033.9 11027.8 11018.2 11007.8 10999.2 10990.4 10985.3 10988.6 10989.5 10982.7 10979.6 10971.3 10964.2 10965.9 10964.8 10962.5 10958.3 10958.7 10960 10964 10967 10966.5 10963.1 10957.5 10948 10944.6
11079.2 11077.3 11075.6 11078.1 11089.8 11110.3 11112.8 11125.6 11134.4 11129.3 11118.4 11125.5 11129.5 11139.8 11128.7 11123 11121.5 11121.7 11123.6 11131.8 11151.2 11177.1 11196.4 11184.7 11169.8 11147.8 11124.6 11140.7 11134.9 11108 11121.6 11107.9 11099.6 11091.1 11085.2 11085.7 11065.6 11050.6 11048.1 11037.9 11037.8 11038.4 11025 11013.9 11003.5 10993.8 10982.7 10973.3 10987.5 10990.5 10982.6 10974.3 10963.5 10967 10967.1 10964.8 10962.6 10961.9 10968 10972.4 10977.6 10983.7 10982.4 10967.5 10953.2 10948.2
11080 11077.1 11075.1 11078.3 11093.9 11096 11109.9 11120.5 11134.9 11138.7 11135.1 11141.9 11153.2 11147 11127.2 11125.9 11123.9 11121.7 11121.5 11125.1 11153.6 11192.3 11212 11196.2 11173.7 11151.8 11138 11144.7 11145.2 11146.8 11157.7 11151 11130.7 11115.3 11104 11091.5 11071.2 11059.3 11061.4 11048.7 11040.4 11031.9 11025.7 11018.1 11008.4 10998.3 10988.1 10985.6 11008.9 11000.6 10985.7 10971.8 10975.3 10974.6 10973.8 10966.9 10963.1 10967.7 10981.5 10986.1 10983.9 10985.9 10989.2 10969.8 10957.7 10953.5
11075.1 11075.3 11075.5 11077.4 11085.1 11090.2 11106.4 11123 11144.1 11148.6 11148 11151 11159.8 11147 11125.7 11129.5 11127.3 11124.3 11123.7 11130 11160.2 11198.7 11222.8 11201.6 11179.2 11154.8 11149.5 11147.5 11145.8 11161.1 11173.6 11175.5 11146.3 11121.6 11110.2 11105.5 11083.7 11076.8 11063.1 11055.4 11048.8 11036.2 11027.6 11019.4 11009.1 11001.9 10997.7 11000.1 11009.1 11001.2 10987.6 10976.4 10978.6 10978.3 10971.9 10970.7 10969.2 10973.8 10987.2 10990.1 10985.2 10984.7 10977.9 10963.7 10957.1 10953.2
11074.1 11075.5 11078.4 11081.1 11089.7 11088.6 11104.2 11127.1 11150.2 11153.9 11152.1 11153.6 11159.6 11152.6 11132.9 11134.2 11129.5 11127.5 11128.8 11137.4 11163.5 11194.8 11220.8 11222 11196.1 11178.6 11169.9 11164.4 11170.1 11165.5 11168 11167.5 11147.5 11122.1 11114.6 11102.5 11099 11094.4 11077 11077.9 11067.7 11052.6 11033.3 11020.5 11012.1 11006.4 11003.7 11003.5 11006.4 10991.8 10986.1 10987.4 10991 10986.6 10974.1 10986.4 10991 10997.7 11006.2 10997.7 10989.3 10998.1 10970.9 10960.2 10957.9 10960.4
11079.4 11080.4 11083.6 11086.4 11089.8 11089.5 11104.3 11125.5 11145.1 11159.5 11158.7 11155.9 11161.7 11159.6 11140.8 11135.8 11133.8 11133.1 11134.8 11142.5 11169.6 11195.2 11219.6 11234.7 11211.4 11183.2 11171.5 11176.6 11176.2 11174.5 11167.7 11165.2 11146.9 11123.9 11124.4 11114.9 11109.3 11114.8 11116.5 11111.9 11081.7 11047.6 11028.2 11023.6 11019.6 11010.7 11007.1 11005.1 10936.5 10977.6 10987 10993.9 10999.4 11002.1 11016.9 11018.2 11028.5 11035.7 11012.3 11001.7 10992.7 10991.7 10970.9 10965.1 10970.8 10979.8
11087.3 11089.1 11089.7 11091.6 11094.1 11098 11106.5 11125.2 11152.8 11172.4 11151.9 11157.2 11163.1 11163.2 11147.9 11140.4 11140.1 11139.7 11142.5 11157.8 11187.1 11215.8 11245.6 11253.4 11231.2 11193.4 11189.4 11198.8 11194.7 11198.8 11189.5 11183.8 11160.2 11132.3 11111.7 11128.9 11151.9 11142.9 11124.6 11110.7 11084.5 11056.3 11037.9 11031.6 11028.4 11024.9 11019.1 11017.4 10998.6 10988.3 10993.9 11000.7 11000.7 11006.6 11018.7 11027.5 11032.8 11031.6 11020.9 11001.9 10989 10977.4 10970.9 10976.2 10986 10997.1
11092.1 11095 11095.5 11095.3 11099.6 11102.8 11108.3 11125.6 11139.7 11166.6 11159.3 11162.6 11168.6 11176.6 11173.3 11158.6 11155.8 11147.8 11146.1 11167.3 11211.6 11250.4 11285.4 11293.8 11268 11243.4 11237.3 11241.2 11248.5 11233.8 11212.6 11199.5 11174.9 11151.6 11142.2 11146.9 11198.1 11170.7 11129.4 11118.6 11089.9 11061.2 11048.9 11054.9 11058.2 11051 11037.8 11028.5 11016.6 11005.1 11002.8 11007.7 11011 11014 11027.5 11034.6 11033.8 11028.7 11017.5 11001.9 10983.9 10978 10978.4 10985.3 10994.1 11003.3
11096.1 11100.1 11101.3 11101.6 11100.1 11117.3 11115.4 11131.9 11140.1 11155.1 11171.7 11172 11176.5 11178.3 11191.6 11195.8 11176.4 11162.8 11156.2 11183.4 11238.5 11303 11377.4 11333.5 11309.1 11295.6 11286.8 11290.2 11283.5 11266.7 11233.8 11213.8 11200.2 11196.4 11203.1 11235.1 11219.9 11220.4 11193.6 11147.1 11110.9 11092.1 11067.4 11098.3 11105.7 11093.5 11067.3 11047.3 11028.1 11015.7 11013.9 11024.5 11035.8 11036.3 11039.7 11041.1 11038.5 11033.4 11023.6 11007.4 10991.7 10991.6 10987.7 11000.6 11025 11009.8
11097.8 11100.9 11105.4 11108.3 11108 11118.8 11119.6 11141.8 11149.7 11152.7 11168.1 11184.7 11194.3 11197.2 11194.8 11198.2 11188.5 11178.1 11182.5 11213.8 11269.6 11334.3 11381.2 11346.8 11343.3 11343.6 11357.5 11358.1 11329.9 11282.5 11255.6 11222.3 11220.5 11231.2 11280.2 11270.9 11228.1 11203.3 11208.4 11217 11234.1 11202.9 11187.9 11204.3 11183.3 11151 11116.5 11052.7 11027 11020.7 11023.8 11043.6 11050.3 11048.6 11053.1 11054.1 11045.3 11043.4 11037.9 11018.7 11003.4 11002.9 10999.7 11003.1 11008.6 11001.6
11100.5 11103.3 11109.6 11113.3 11114.8 11120 11126.4 11144.7 11159.8 11178.7 11190 11203.6 11216.7 11226.6 11200.8 11185.2 11190.6 11193.9 11209.1 11243.7 11300.1 11371.6 11441.7 11375.3 11384 11423.4 11453 11454.8 11457.6 11421.4 11354.1 11264 11292.8 11312.5 11293.4 11250.6 11213 11191.9 11227.5 11284.9 11305.9 11358.3 11404.9 11330 11267.9 11211.6 11162.8 11053.6 11033.7 11036 11041.6 11061.1 11068.8 11069.7 11062.1 11052.6 11047.8 11035 11034.6 11036.6 11029.7 11015.5 11002.3 10995.4 10992.1 11001.5
11102 11109.3 11114.9 11117.7 11116.2 11128.6 11136.7 11143.5 11162 11192.1 11206.7 11220.1 11233.2 11230.2 11209.4 11210.1 11208.1 11209.2 11221.3 11270.2 11325.7 11370.8 11435.9 11398.5 11412.2 11471.7 11559.2 11499.3 11439.5 11419.7 11364.3 11373.3 11351 11324.8 11261.3 11222.2 11253.2 11270.3 11307.7 11370.3 11467.1 11458.2 11444.9 11412.2 11361.1 11284 11172.1 11084.6 11062.5 11066.3 11084.9 11090 11089.3 11079.4 11071.4 11076.5 11053.3 11035.8 11036.9 11061 11051.2 10999.2 10991.4 10996.4 10991.7 10997.5
11105.6 11117.2 11121 11119.6 11121.8 11131.2 11139.6 11148.1 11165.3 11184.1 11206.3 11226.8 11245.8 11243.7 11218.2 11221.4 11227.6 11234.4 11255.9 11309.3 11377.8 11464.5 11461.1 11351.5 11475.4 11537.4 11492.5 11382.1 11291.1 11114.3 11213.7 11308.1 11286.2 11215.3 11222.2 11265.4 11255.5 11339.2 11364.3 11406.3 11450.4 11488.6 11496.7 11488.7 11448 11398.2 11337 11166.2 11115.6 11094.7 11101.4 11100.6 11093 11071.9 11064.9 11068.1 11054.1 11032.2 11031 11087.1 10871.7 10923.6 10971.9 10998.6 10997.2 10998.4
11109.8 11119.9 11123.6 11121.2 11120.5 11127.8 11144.9 11163.5 11178.3 11189 11204.3 11225.4 11246.7 11255.9 11229.6 11234.9 11249.5 11266 11302.8 11361.7 11436.1 11525.6 11553.1 11553.4 11509.3 11436.6 11304.4 11122.1 11000.4 10992.7 11023.4 11083.6 11151.7 11194.7 11193.2 11202.3 11311.8 11374.7 11367.6 11384.6 11428.1 11497.8 11577.6 11581.3 11512.6 11459.7 11378.8 11265.1 11195 11125.5 11104.5 11113.3 11098.2 11071.7 11061.3 11068.9 11055.6 11042.4 11029.5 11073.3 11006.1 10945.2 10973.4 11003.7 11003.4 11005.7
11113 11117 11123.7 11133.8 11128.1 11126.5 11145.2 11172.4 11183.7 11188.6 11206.7 11220.9 11231 11243.3 11247.3 11258.7 11274.7 11294.9 11331.7 11387.7 11476.6 11595.3 11521.5 11383 11213.8 11099.7 10961.1 10920.8 10916.6 10981.2 11020.5 11138.5 11128.9 11161.5 11259.5 11255.2 11277.6 11371.4 11267.1 11260.5 11352.4 11440.4 11527 11583.2 11539.9 11443.2 11415.3 11401.6 11284.4 11193.8 11176.2 11132 11104.5 11077 11061.5 11062.5 11053.4 11038.3 11028.6 11025.8 11027 10993 10990.2 11008.9 11009.7 11007.1
11122.4 11125.9 11131.8 11140.8 11134.2 11133.1 11152.3 11171.8 11181.4 11193.5 11219.2 11224.3 11218 11233.2 11271.5 11284.5 11316.9 11337.9 11347.8 11362.9 11403.4 11398.8 11302.8 11134.8 10978.2 10902.3 10855.7 10855.7 10923.8 10825.7 10906.3 11053.8 11031.3 10918.1 10839.9 10787 10860.5 10983.1 11000.4 11014.3 11050.4 11153.4 11382.1 11566.9 11560.9 11536.2 11529.5 11477.1 11350.5 11219.7 11135.1 11129.3 11121.4 11106.9 11077.4 11061.9 11045.4 11028 11018.2 11014.5 11013.5 11011.9 11010.2 11010.3 11012.2 11009.7
11138.4 11134.8 11135.4 11133.5 11135.2 11142.4 11168.7 11177.9 11181.5 11194.6 11238 11233.3 11222.4 11232.5 11266.3 11309.1 11356.4 11403.5 11371.7 11294 11197.6 11100.6 11095 11023.7 10965.9 10815.1 10646.2 10540.3 10530.1 10535.9 10687.3 10663.1 10563.9 10502.1 10452.4 10466.2 10522.7 10605 10694.8 10755.9 10773 10857.7 11170.9 11418.1 11485.8 11530.6 11577.3 11514.4 11408.3 11269.9 11152.7 11158.8 11136.5 11103.6 11073.2 11051.6 11032 11017.7 11011.3 11008.5 11008.7 11013.1 11015 11016.7 11007.1 11001.2
11142.4 11143.1 11144.3 11143.5 11145.6 11157.2 11186.1 11191.7 11189.9 11212.1 11252.2 11250.9 11241.1 11269.2 11304.1 11361.7 11410.7 11443.4 11349.4 11210.7 11118.2 11016.4 10993.3 10999 10918.8 10710.5 10514.3 10429.6 10501.8 10494.2 10489.2 10382.1 10287.7 10282.9 10283.9 10299.5 10328.1 10372.9 10490.6 10583.7 10656.4 10790.7 10937 11079.2 11290.5 11570.3 11539.6 11532.6 11470.7 11446.5 11358.4 11247.8 11167.4 11102.6 11067.2 11050.8 11030.4 11025.2 11012.7 11008.5 11010.7 11015 11018 11014.6 11005.9 11003.5
11152.4 11158.9 11168.5 11164.3 11167.5 11179.2 11205.9 11201.3 11199.6 11216.6 11249.6 11264.1 11311.3 11339.9 11374.9 11453.3 11535.4 11418.7 11266 11115.1 10964.7 10941 10905.7 10817.9 10650.7 10583.6 10548.1 10576.5 10545.9 10424.1 10348 10290 10257.2 10255.9 10255.5 10261.3 10280.1 10298.9 10378.1 10470.5 10576.4 10734.2 10732.9 10812.7 11001.6 11204.7 11488.7 11485 11447.2 11421.2 11444.6 11323.5 11206 11097.1 11078.4 11086.5 11087.5 11057.2 11038.7 11023.9 11015.4 11019.1 11022.5 11018.1 11006.8 11004.8
11179.4 11179 11181.2 11184.7 11194.5 11220.2 11252.4 11238.8 11227.2 11242.5 11264.6 11270.7 11255.5 11354.5 11432.6 11503.2 11490.3 11251.5 11155.2 11076.5 10979.7 11017.1 10834.1 10655.3 10501.6 10474.7 10477.8 10467.3 10441.8 10326.3 10281.6 10255.9 10233 10228.9 10230.1 10232.5 10236.8 10254.7 10313.9 10382.5 10436.9 10440.2 10510.5 10573.8 10727.1 10875 11148.2 11313.2 11384.1 11443.8 11456 11363.9 11254.3 11176.6 11155.5 11128.8 11102.4 11078.4 11060.7 11032.9 11024.6 11026.3 11028.6 11025.2 11021.4 11022.8
11188.3 11189.2 11196.2 11200 11211.8 11233.9 11280.6 11275.6 11275 11305.8 11348.1 11297.6 11298.2 11380.7 11473.6 11521.5 11482.7 11172 11111.7 11118.2 11133.9 10977.3 10742.7 10509.5 10398.9 10391.9 10382.6 10369.1 10331.7 10286.5 10257.6 10238.3 10216.5 10209 10208.2 10211.2 10216.3 10229.8 10269.6 10317.2 10343.6 10349.6 10397.3 10456.5 10589.2 10741.2 10938.5 11164.7 11349.6 11470.9 11471.4 11385.2 11286.4 11197.7 11155.9 11132.8 11112.9 11084.7 11065.5 11047.5 11039 11035.7 11034.4 11029.3 11021.8 11024.6
11171.3 11183.2 11192.6 11203 11218.4 11244.6 11281.4 11284.9 11306.9 11333.9 11345.5 11316.6 11312.6 11419.7 11518.5 11537.3 11358.9 11086.3 11078.2 11130.1 11094.4 10873.6 10642 10425.1 10333 10329 10317.5 10298.6 10307.3 10287.6 10228.8 10214.5 10196.6 10188.5 10188.4 10194.5 10204.1 10213.6 10242.4 10276.4 10304.3 10336.2 10377.5 10423.8 10501.8 10667.3 10863.5 11070.7 11250.4 11475.8 11446.1 11372.4 11294.9 11219.1 11164.7 11127 11094.4 11081.9 11070.3 11056.9 11050.6 11044.8 11038.3 11032.6 11030.7 11028
11171.9 11182.6 11189.8 11196.6 11215.3 11240 11266.1 11267.8 11301.2 11344.8 11362.3 11353.1 11359.7 11466.8 11580.8 11609.3 11331.5 11018.1 11043.4 11107.7 10995.7 10746.8 10547.8 10376.8 10313.1 10299.2 10283.2 10272.4 10255.9 10241.8 10215.5 10195.6 10178.1 10167.4 10170.7 10179.5 10195.7 10206.2 10229.8 10256 10286.7 10320.1 10366.7 10421.6 10476 10617.1 10862.1 11011.8 11154.2 11289.4 11345.7 11322.2 11285.3 11247.8 11200.1 11130.5 11101.1 11090.3 11080.4 11067.1 11058.3 11051.5 11046 11038.9 11033.4 11036.2
11162.7 11171.9 11171.7 11178.2 11202.8 11238.3 11260.4 11268 11296.9 11356.9 11423.1 11388.9 11395.9 11493.2 11597.1 11595.1 11361.4 11031.7 11034.4 11047 10848.1 10635.9 10478.3 10353.9 10293.8 10274.6 10261.7 10250 10238.1 10231.6 10217.5 10187.5 10156.9 10149.8 10150 10162.5 10180.9 10201.9 10226.1 10249 10274.1 10302.7 10349.1 10411.2 10466.8 10552 10788.8 10958.7 11096.3 11214.7 11240.4 11259.2 11265.1 11260.5 11237.7 11165.7 11106.2 11089.3 11081.4 11076 11065.6 11056.8 11051.6 11048 11048.9 11043.7
11154.6 11156.5 11156.3 11164.5 11182.8 11205.9 11248 11255.9 11285.9 11344.1 11388.5 11389.3 11424.3 11480.1 11540 11604.4 11440 11129.3 11079.5 11026.7 10767 10578.8 10434.4 10318.3 10272.2 10257.5 10253.9 10254.8 10247 10250.4 10247.2 10226.8 10189.8 10164.4 10156 10167.5 10184.2 10207.7 10226.6 10244.8 10263.9 10287.5 10321.8 10375.3 10442.1 10547.4 10744 10925.4 11042.5 11034.5 11115 11177.7 11227.9 11258.1 11244.5 11193.4 11126.8 11085.8 11075.7 11074.9 11070.1 11058.9 11050.9 11054.1 11056.3 11051.7
11160.4 11164.3 11159.8 11159.2 11167.8 11179 11218.2 11241 11278.9 11320.5 11387.8 11461.7 11488.6 11433.2 11381.6 11352.9 11420.4 11259.1 11131.9 11085.9 10764.2 10562.3 10421.7 10309.2 10265.1 10256.9 10268.6 10284.2 10271.7 10284.7 10292.8 10330.8 10292.6 10242.4 10223.7 10208 10208.9 10221.2 10231.9 10245.4 10258.4 10274.8 10294.4 10319.2 10373.5 10596.3 10759.6 10927.4 10990.4 10950.1 11028 11113.7 11189.5 11259.2 11304.8 11210.4 11150.9 11100.3 11071.5 11067.6 11074.2 11061.4 11051 11062.2 11063.2 11050.2
11160 11169.1 11164.2 11164.2 11167 11181.2 11213 11246.4 11261.1 11303.8 11375.5 11532.6 11489.1 11359.4 11202 11034.2 11077.4 11255.2 11135.2 10961.7 10733.7 10565.5 10425.8 10328.2 10271.6 10262.4 10312.6 10365.4 10328 10320.8 10348.3 10408.1 10396.7 10343.3 10314.1 10262.6 10245.5 10242.3 10240.7 10245.4 10253.1 10259.9 10264.2 10269.3 10302 10496.6 10773.9 10986.6 11023.2 10930.1 10994 11081.5 11168.7 11247.4 11293.8 11274.2 11194.5 11133.7 11104.7 11083.6 11078.7 11072.2 11068.6 11073.5 11073.9 11051.6
11158.8 11172.9 11174 11170.3 11175.6 11189.8 11233.1 11236.3 11247.9 11309.6 11393.9 11489.7 11469 11327.5 11120.5 10907.1 10900.7 11262.1 11163.6 10959.8 10758.6 10571.4 10419.5 10324.1 10285.7 10278.4 10342.6 10388.1 10338.3 10336.3 10408.2 10553.9 10480.9 10432 10388.4 10329.2 10291.1 10265 10244.8 10239 10247.7 10250 10247 10250.9 10265 10513.3 10789.9 11041.9 11098.9 10955.7 10987 11054.9 11141 11226.9 11286.2 11262.4 11205.2 11169.5 11141 11105.8 11092 11084.4 11080.7 11082.1 11084.6 11075.1
