real_craters/C159-750m.grd
DSAA
154 154
-57.2425 57.2425
-57.2425 57.2425
7212.3424678809 9867.7567697436
[rows 0 to 37 of 154, columns 0 to 83 of 154]
8551 8554 8548 8541 8536 8535 8537 8536 8544 8550 8552 8553 8553 8551 8549 8546 8544 8546 8540 8536 8531 8529 8536 8539 8543 8545 8569 8596 8607 8581 8580 8577 8577 8589 8579 8580 8586 8614 8639 8652 8650 8647 8643 8652 8656 8648 8638 8622 8617 8620 8608 8625 8623 8621 8617 8609 8589 8597 8606 8593 8560 8529 8488 8475 8466 8476 8512 8517 8519 8527 8537 8550 8563 8582 8600 8613 8621 8624 8611 8606 8594 8591 8587 8592
8551 8551 8546 8538 8535 8535 8537 8541 8543 8548 8552 8556 8559 8558 8553 8547 8548 8543 8543 8540 8537 8533 8537 8545 8550 8559 8580 8604 8618 8589 8574 8570 8581 8585 8585 8580 8592 8623 8647 8670 8675 8669 8668 8674 8668 8646 8637 8622 8610 8606 8610 8615 8603 8610 8615 8612 8592 8585 8585 8574 8565 8554 8533 8506 8476 8477 8508 8536 8527 8530 8529 8539 8557 8583 8601 8612 8623 8633 8640 8636 8613 8604 8598 8596
8558 8554 8551 8537 8537 8539 8539 8536 8542 8552 8559 8564 8565 8565 8561 8560 8556 8553 8547 8546 8547 8549 8548 8554 8563 8574 8584 8598 8609 8598 8575 8568 8582 8597 8591 8586 8608 8626 8630 8675 8693 8687 8684 8690 8684 8657 8625 8611 8599 8592 8598 8607 8605 8601 8605 8599 8588 8581 8579 8578 8562 8564 8543 8536 8520 8477 8502 8512 8517 8510 8526 8520 8544 8567 8589 8605 8620 8636 8653 8647 8628 8613 8605 8597
8602 8600 8569 8544 8538 8545 8550 8545 8555 8574 8580 8581 8578 8578 8577 8572 8567 8554 8550 8551 8554 8560 8556 8561 8572 8576 8578 8585 8600 8630 8604 8586 8588 8601 8585 8577 8587 8598 8610 8666 8701 8711 8708 8700 8691 8678 8619 8606 8602 8594 8580 8585 8584 8586 8591 8579 8579 8567 8574 8576 8539 8489 8589 8558 8543 8541 8519 8511 8518 8524 8525 8528 8543 8562 8581 8599 8612 8634 8648 8641 8628 8615 8607 8606
8618 8626 8601 8560 8553 8576 8583 8599 8606 8617 8615 8606 8594 8589 8582 8587 8578 8561 8553 8553 8555 8557 8557 8562 8570 8579 8577 8563 8566 8637 8625 8610 8591 8579 8576 8579 8580 8592 8604 8658 8701 8711 8717 8705 8688 8676 8631 8614 8607 8589 8570 8567 8569 8573 8569 8559 8567 8564 8571 8572 8555 8570 8581 8560 8540 8569 8556 8534 8535 8532 8533 8539 8550 8558 8580 8599 8621 8644 8650 8641 8625 8610 8597 8586
8666 8677 8664 8642 8643 8652 8649 8662 8686 8677 8656 8631 8608 8593 8592 8580 8572 8562 8557 8558 8557 8553 8564 8568 8582 8587 8583 8573 8558 8625 8613 8597 8583 8574 8572 8577 8592 8618 8611 8636 8670 8700 8717 8710 8690 8669 8641 8623 8614 8595 8569 8567 8569 8569 8559 8572 8559 8564 8564 8566 8562 8554 8553 8558 8559 8583 8588 8575 8565 8559 8553 8556 8567 8578 8587 8598 8605 8626 8639 8634 8616 8598 8581 8566
8692 8740 8760 8776 8781 8756 8748 8771 8782 8740 8693 8654 8622 8595 8591 8581 8570 8565 8563 8563 8566 8567 8573 8583 8588 8585 8598 8608 8619 8616 8615 8583 8570 8567 8570 8581 8615 8627 8617 8612 8629 8684 8716 8714 8708 8667 8636 8618 8607 8593 8583 8571 8561 8567 8574 8577 8568 8566 8562 8558 8560 8551 8550 8568 8589 8580 8590 8574 8571 8574 8576 8578 8584 8595 8595 8599 8599 8605 8618 8611 8599 8583 8567 8549
8744 8823 8857 8863 8860 8840 8837 8860 8852 8767 8707 8664 8632 8611 8585 8580 8580 8577 8572 8571 8572 8571 8583 8617 8615 8613 8623 8639 8657 8612 8602 8584 8569 8571 8578 8589 8620 8624 8616 8612 8626 8667 8698 8699 8684 8669 8630 8604 8598 8588 8581 8566 8561 8570 8569 8581 8581 8568 8557 8548 8554 8561 8547 8572 8602 8581 8582 8584 8576 8574 8601 8598 8587 8589 8593 8604 8612 8596 8608 8590 8582 8570 8555 8537
8898 8922 8971 8955 8900 8878 8881 8850 8796 8742 8692 8657 8629 8605 8592 8584 8591 8589 8584 8575 8573 8588 8595 8623 8637 8636 8638 8639 8627 8597 8582 8573 8570 8582 8592 8593 8614 8617 8612 8615 8626 8664 8679 8680 8676 8656 8624 8599 8589 8581 8566 8556 8556 8558 8559 8556 8539 8561 8548 8540 8543 8544 8530 8555 8583 8581 8579 8575 8586 8593 8602 8600 8582 8571 8586 8596 8606 8604 8612 8576 8569 8559 8549 8539
8901 8954 8996 8938 8880 8859 8849 8798 8727 8693 8661 8635 8618 8608 8604 8606 8600 8593 8592 8579 8571 8585 8593 8605 8621 8633 8632 8624 8608 8547 8570 8549 8558 8581 8593 8603 8609 8611 8607 8617 8667 8681 8671 8662 8650 8632 8613 8597 8583 8570 8563 8556 8547 8551 8547 8544 8547 8533 8537 8535 8535 8532 8515 8533 8553 8568 8568 8562 8579 8596 8596 8600 8601 8593 8584 8583 8595 8609 8596 8576 8563 8553 8543 8536
8952 8919 8887 8847 8824 8808 8771 8734 8679 8639 8619 8607 8600 8600 8598 8587 8585 8582 8572 8587 8594 8587 8577 8581 8596 8619 8617 8605 8587 8556 8545 8545 8566 8587 8602 8599 8603 8606 8608 8610 8667 8694 8668 8649 8639 8607 8603 8599 8571 8559 8554 8548 8539 8540 8528 8525 8534 8531 8530 8528 8525 8527 8511 8517 8548 8565 8562 8563 8574 8592 8596 8599 8605 8597 8581 8566 8576 8592 8592 8576 8563 8553 8544 8535
8890 8846 8812 8800 8793 8787 8745 8679 8603 8579 8578 8580 8582 8584 8588 8581 8574 8582 8594 8599 8606 8592 8587 8571 8579 8597 8597 8588 8574 8559 8552 8553 8575 8590 8600 8596 8601 8607 8605 8610 8652 8686 8657 8635 8625 8604 8591 8581 8573 8557 8546 8536 8533 8523 8517 8530 8520 8523 8527 8526 8531 8523 8492 8502 8541 8557 8553 8550 8565 8578 8581 8593 8601 8592 8576 8565 8567 8577 8579 8571 8563 8554 8544 8537
8797 8756 8712 8738 8769 8798 8746 8654 8567 8545 8552 8563 8571 8575 8580 8586 8584 8587 8595 8599 8602 8586 8570 8568 8572 8582 8584 8580 8573 8560 8556 8559 8582 8595 8598 8593 8600 8603 8605 8610 8626 8644 8638 8620 8607 8601 8585 8576 8575 8558 8543 8531 8526 8511 8510 8523 8522 8530 8529 8526 8523 8526 8502 8505 8527 8542 8544 8541 8553 8561 8561 8584 8601 8586 8568 8555 8556 8560 8562 8564 8562 8557 8548 8537
8716 8682 8656 8678 8724 8791 8751 8636 8560 8538 8547 8561 8575 8574 8573 8585 8591 8589 8583 8584 8583 8578 8572 8571 8570 8577 8578 8574 8563 8571 8555 8555 8572 8604 8593 8598 8604 8607 8606 8606 8606 8610 8617 8609 8598 8588 8581 8568 8562 8553 8545 8542 8524 8511 8513 8531 8520 8531 8528 8527 8534 8533 8534 8514 8517 8533 8538 8536 8555 8559 8563 8577 8587 8576 8557 8542 8557 8555 8557 8560 8560 8559 8557 8554
8623 8588 8567 8591 8635 8668 8627 8590 8557 8547 8552 8563 8571 8568 8559 8562 8586 8585 8582 8576 8571 8573 8573 8561 8563 8569 8570 8566 8554 8555 8560 8552 8577 8614 8606 8608 8609 8608 8608 8600 8596 8597 8606 8606 8599 8601 8585 8562 8552 8548 8538 8526 8521 8519 8511 8524 8520 8527 8530 8526 8523 8527 8524 8526 8528 8527 8535 8537 8558 8553 8558 8572 8578 8569 8552 8543 8552 8546 8554 8556 8559 8562 8565 8568
8525 8528 8523 8540 8558 8538 8537 8552 8553 8555 8559 8568 8572 8564 8552 8557 8569 8574 8568 8556 8562 8562 8557 8548 8553 8558 8559 8555 8545 8545 8566 8567 8603 8621 8610 8611 8613 8617 8609 8599 8590 8591 8605 8613 8601 8598 8587 8572 8558 8544 8533 8521 8517 8520 8513 8529 8515 8509 8518 8525 8531 8528 8516 8529 8529 8523 8530 8536 8551 8552 8558 8572 8578 8565 8551 8548 8555 8544 8547 8552 8557 8563 8569 8574
8529 8535 8530 8531 8535 8534 8532 8540 8552 8563 8567 8572 8571 8566 8559 8560 8559 8564 8566 8555 8554 8557 8549 8544 8548 8550 8550 8547 8546 8548 8562 8592 8627 8614 8604 8601 8611 8619 8609 8600 8595 8592 8602 8613 8598 8591 8582 8568 8552 8538 8531 8527 8523 8516 8514 8520 8530 8519 8518 8519 8531 8524 8525 8531 8525 8527 8533 8536 8554 8560 8568 8577 8576 8567 8550 8545 8552 8544 8541 8548 8556 8563 8569 8574
8542 8543 8545 8541 8540 8542 8539 8540 8547 8556 8565 8575 8577 8572 8569 8583 8579 8573 8566 8561 8555 8552 8546 8548 8547 8544 8540 8546 8540 8543 8581 8613 8625 8603 8598 8605 8612 8615 8609 8600 8593 8594 8595 8595 8602 8589 8583 8566 8535 8535 8535 8535 8532 8520 8518 8515 8537 8532 8516 8510 8527 8528 8526 8523 8518 8518 8535 8539 8554 8561 8576 8596 8595 8576 8557 8552 8562 8547 8541 8547 8553 8560 8565 8567
8554 8555 8547 8546 8544 8540 8541 8542 8542 8544 8559 8576 8584 8578 8575 8575 8571 8588 8576 8573 8560 8548 8547 8545 8544 8543 8545 8542 8545 8544 8576 8623 8625 8607 8603 8618 8612 8609 8603 8597 8588 8586 8588 8597 8597 8586 8577 8569 8539 8538 8540 8541 8538 8531 8536 8545 8543 8539 8525 8523 8525 8525 8522 8515 8516 8519 8529 8544 8563 8569 8581 8594 8597 8588 8572 8562 8557 8555 8551 8552 8555 8559 8563 8566
8556 8553 8551 8548 8545 8543 8540 8541 8542 8551 8556 8565 8573 8579 8582 8573 8581 8606 8583 8579 8563 8548 8548 8540 8541 8542 8544 8547 8548 8550 8598 8629 8630 8627 8617 8610 8609 8603 8598 8594 8592 8582 8582 8580 8582 8578 8560 8562 8554 8545 8547 8549 8549 8548 8550 8555 8561 8548 8535 8525 8530 8523 8525 8524 8523 8523 8528 8552 8575 8581 8585 8592 8600 8603 8596 8575 8560 8561 8559 8558 8559 8561 8564 8570
8549 8547 8551 8547 8541 8539 8539 8540 8541 8544 8553 8564 8572 8577 8576 8577 8593 8600 8587 8581 8566 8556 8553 8551 8546 8542 8540 8542 8555 8560 8578 8610 8627 8638 8625 8616 8608 8603 8599 8598 8592 8588 8583 8584 8584 8579 8577 8575 8546 8552 8555 8560 8565 8562 8570 8573 8574 8548 8541 8527 8531 8529 8527 8529 8527 8533 8547 8567 8583 8583 8592 8599 8606 8613 8623 8584 8563 8565 8565 8563 8563 8563 8567 8576
8552 8550 8552 8546 8538 8536 8539 8541 8543 8546 8553 8563 8571 8579 8592 8577 8592 8605 8599 8586 8575 8566 8558 8553 8548 8544 8543 8547 8565 8570 8574 8597 8625 8638 8624 8622 8614 8608 8602 8595 8593 8585 8581 8589 8592 8587 8571 8576 8564 8561 8564 8568 8570 8565 8561 8560 8554 8542 8542 8531 8532 8533 8530 8528 8530 8541 8559 8574 8588 8596 8603 8606 8608 8608 8604 8578 8563 8568 8568 8566 8565 8564 8569 8577
8560 8556 8553 8547 8540 8539 8542 8544 8546 8550 8553 8557 8569 8580 8582 8592 8600 8608 8601 8587 8575 8564 8554 8551 8547 8547 8549 8559 8570 8568 8571 8587 8613 8628 8625 8632 8619 8613 8608 8596 8593 8590 8594 8612 8639 8611 8590 8578 8568 8566 8569 8574 8579 8573 8561 8556 8545 8541 8544 8529 8532 8535 8533 8527 8535 8549 8569 8585 8593 8607 8618 8619 8609 8595 8580 8579 8568 8573 8572 8569 8568 8565 8562 8570
8573 8565 8558 8551 8545 8546 8549 8550 8551 8553 8555 8561 8573 8589 8607 8611 8595 8589 8587 8583 8571 8561 8556 8550 8548 8550 8555 8566 8570 8572 8571 8580 8602 8624 8625 8628 8625 8617 8609 8601 8595 8591 8594 8612 8637 8620 8599 8583 8576 8574 8575 8579 8583 8579 8575 8561 8544 8543 8544 8543 8538 8535 8532 8531 8536 8554 8576 8598 8608 8622 8633 8630 8609 8588 8577 8582 8573 8578 8576 8572 8569 8565 8566 8569
8577 8575 8567 8558 8553 8555 8559 8561 8561 8561 8562 8568 8581 8592 8608 8626 8618 8610 8589 8576 8569 8561 8556 8551 8552 8554 8560 8569 8568 8573 8573 8575 8582 8613 8611 8626 8625 8618 8612 8605 8595 8592 8591 8590 8615 8615 8602 8588 8580 8575 8577 8579 8579 8577 8573 8561 8551 8542 8543 8547 8544 8542 8538 8531 8534 8561 8586 8599 8616 8634 8639 8629 8608 8588 8579 8587 8582 8581 8578 8574 8570 8567 8566 8569
8576 8579 8573 8563 8560 8566 8570 8571 8572 8572 8573 8582 8595 8605 8617 8636 8610 8604 8591 8578 8565 8557 8552 8550 8550 8558 8563 8565 8567 8577 8577 8573 8570 8609 8612 8622 8618 8618 8617 8609 8602 8596 8587 8601 8605 8617 8613 8597 8585 8584 8587 8583 8577 8572 8574 8575 8563 8544 8545 8549 8547 8545 8538 8539 8552 8575 8600 8624 8619 8652 8634 8614 8606 8598 8594 8591 8587 8582 8578 8574 8575 8573 8570 8578
8575 8582 8578 8565 8590 8582 8582 8582 8583 8585 8586 8594 8614 8637 8644 8636 8617 8609 8594 8582 8570 8561 8553 8550 8550 8558 8568 8569 8571 8584 8583 8581 8568 8600 8621 8627 8628 8629 8622 8622 8609 8606 8605 8611 8649 8635 8607 8604 8608 8613 8602 8592 8578 8571 8567 8574 8570 8548 8541 8550 8551 8549 8546 8545 8569 8589 8610 8635 8636 8644 8634 8615 8604 8598 8600 8601 8581 8580 8580 8579 8576 8577 8582 8591
8576 8581 8583 8575 8582 8586 8587 8588 8591 8596 8602 8606 8624 8641 8650 8650 8632 8605 8591 8591 8591 8568 8556 8552 8550 8555 8564 8572 8580 8590 8591 8585 8571 8585 8601 8632 8664 8654 8641 8628 8615 8616 8624 8636 8656 8647 8619 8608 8617 8624 8618 8605 8590 8576 8566 8573 8569 8544 8544 8554 8557 8558 8547 8557 8578 8600 8612 8646 8645 8639 8619 8611 8604 8595 8597 8595 8591 8583 8580 8579 8578 8579 8584 8587
8572 8575 8577 8576 8576 8584 8588 8591 8596 8603 8615 8618 8628 8638 8645 8647 8634 8596 8589 8592 8595 8569 8560 8556 8556 8557 8564 8575 8587 8600 8601 8593 8575 8575 8582 8623 8659 8670 8676 8668 8642 8636 8635 8656 8670 8668 8639 8614 8631 8641 8633 8620 8609 8612 8596 8600 8597 8570 8555 8555 8559 8568 8581 8590 8610 8616 8632 8649 8680 8637 8618 8610 8609 8610 8601 8591 8591 8587 8584 8582 8579 8579 8582 8589
8571 8575 8577 8579 8578 8584 8588 8593 8597 8603 8608 8625 8633 8637 8641 8642 8634 8606 8598 8594 8587 8583 8570 8562 8557 8561 8569 8581 8590 8605 8613 8614 8578 8577 8583 8614 8647 8668 8690 8687 8675 8664 8655 8668 8675 8671 8657 8639 8649 8654 8645 8633 8620 8608 8608 8612 8607 8583 8594 8585 8575 8574 8581 8601 8625 8628 8640 8678 8663 8627 8607 8607 8611 8605 8601 8605 8596 8594 8590 8583 8580 8577 8580 8584
8574 8578 8580 8581 8581 8583 8586 8590 8594 8601 8623 8627 8631 8636 8635 8634 8638 8621 8608 8601 8595 8589 8576 8568 8563 8569 8576 8586 8598 8611 8621 8632 8599 8584 8576 8599 8629 8649 8677 8672 8662 8662 8676 8686 8679 8667 8665 8678 8668 8663 8656 8647 8636 8622 8615 8619 8632 8625 8629 8602 8591 8590 8602 8619 8626 8637 8655 8680 8643 8624 8604 8617 8626 8632 8622 8617 8604 8598 8592 8588 8583 8577 8580 8588
8576 8582 8587 8581 8583 8586 8589 8592 8594 8594 8597 8615 8619 8620 8624 8623 8616 8612 8604 8600 8596 8586 8581 8576 8572 8576 8580 8587 8609 8617 8621 8621 8607 8597 8589 8591 8604 8617 8651 8655 8651 8652 8658 8679 8681 8670 8673 8677 8673 8667 8665 8661 8658 8650 8643 8635 8625 8632 8632 8613 8602 8612 8619 8623 8650 8660 8675 8672 8648 8643 8642 8638 8634 8633 8623 8612 8608 8602 8597 8592 8588 8588 8591 8597
8594 8592 8594 8590 8591 8592 8595 8597 8598 8597 8602 8612 8610 8613 8617 8614 8606 8603 8603 8599 8593 8590 8586 8584 8582 8588 8584 8596 8610 8624 8624 8609 8628 8609 8596 8599 8595 8590 8605 8641 8663 8672 8668 8668 8673 8668 8678 8669 8668 8671 8670 8673 8679 8679 8662 8640 8642 8642 8647 8630 8634 8627 8638 8650 8676 8682 8686 8663 8644 8658 8662 8650 8635 8627 8621 8617 8612 8606 8600 8596 8593 8591 8593 8595
8596 8595 8594 8601 8598 8599 8600 8604 8606 8605 8606 8612 8622 8622 8620 8613 8607 8604 8604 8608 8599 8594 8593 8593 8593 8602 8609 8625 8641 8642 8637 8625 8614 8608 8614 8623 8625 8630 8613 8593 8616 8636 8638 8655 8660 8670 8678 8673 8673 8676 8680 8679 8682 8683 8673 8665 8657 8667 8666 8655 8660 8663 8675 8689 8691 8687 8678 8669 8652 8671 8664 8651 8634 8626 8617 8619 8614 8608 8604 8600 8598 8599 8597 8594
8588 8591 8591 8596 8600 8601 8605 8610 8617 8624 8614 8611 8631 8636 8628 8619 8611 8609 8605 8605 8606 8603 8602 8603 8606 8614 8623 8628 8659 8652 8647 8645 8584 8600 8629 8636 8635 8632 8623 8578 8590 8618 8610 8618 8624 8639 8662 8667 8670 8674 8677 8676 8673 8666 8660 8651 8650 8666 8664 8674 8657 8668 8695 8696 8685 8680 8667 8663 8671 8682 8668 8655 8636 8631 8627 8623 8614 8609 8606 8603 8600 8598 8598 8592
8590 8590 8591 8597 8599 8604 8609 8614 8621 8630 8623 8620 8643 8638 8633 8637 8629 8621 8614 8609 8606 8608 8613 8616 8618 8618 8627 8626 8638 8642 8644 8643 8608 8603 8620 8626 8626 8632 8616 8584 8585 8606 8612 8606 8601 8611 8638 8649 8656 8659 8663 8665 8668 8657 8639 8644 8649 8649 8696 8698 8714 8726 8705 8684 8679 8666 8661 8652 8681 8687 8682 8670 8657 8640 8625 8618 8611 8608 8606 8603 8601 8599 8597 8584
8597 8592 8587 8590 8595 8600 8606 8612 8617 8621 8619 8619 8629 8628 8626 8628 8623 8623 8621 8621 8621 8622 8625 8627 8629 8627 8628 8620 8618 8627 8627 8618 8604 8603 8609 8606 8604 8602 8604 8592 8586 8596 8600 8595 8597 8612 8621 8627 8633 8639 8639 8648 8638 8632 8615 8628 8629 8631 8629 8649 8683 8709 8707 8699 8701 8691 8683 8670 8676 8687 8684 8671 8653 8638 8620 8611 8610 8610 8609 8606 8603 8602 8597 8584
8601 8596 8593 8592 8595 8600 8605 8610 8615 8617 8613 8611 8602 8611 8613 8617 8610 8609 8625 8626 8621 8630 8635 8634 8632 8623 8631 8631 8627 8624 8616 8601 8607 8607 8602 8585 8590 8599 8602 8601 8600 8569 8586 8587 8583 8589 8595 8599 8602 8613 8636 8629 8637 8624 8608 8623 8622 8613 8590 8580 8609 8630 8673 8702 8707 8718 8703 8687 8674 8684 8682 8675 8641 8631 8619 8612 8616 8617 8615 8610 8602 8598 8598 8590
