real_craters/C159-300m.grd
DSAA
383 383
-57.2425 57.2425
-57.2425 57.2425
7201.4411172894 9891.0788078263
[rows 300 to 329 of 383, columns 268 to 334 of 383]
8629.11 8632.89 8645.62 8651.87 8662.47 8668.23 8671.18 8671.51 8679.46 8691.34 8699.35 8706.33 8711.92 8717.08 8720.56 8724.21 8713.57 8684.83 8662.98 8641.76 8621.28 8600.47 8584.18 8574.24 8565.24 8556.27 8548.28 8542.76 8543.93 8546.84 8549.08 8550.69 8551.21 8551.59 8548.15 8543.8 8540.72 8537.89 8536.05 8534.61 8533.52 8533 8531.6 8528.1 8533.8 8537.49 8539.45 8539.56 8537.86 8537.67 8541.82 8545.85 8548.53 8550.51 8551.92 8553.06 8554.01 8554.92 8555.87 8556.54 8557.16 8565.96 8572.04 8577.38 8579.29 8579.9 8580.07
8639.75 8641.17 8645.15 8649.01 8661.95 8673.09 8681.43 8688.26 8695.92 8699.94 8703.44 8706.45 8709.72 8713.06 8716.06 8718.05 8706.88 8677.14 8657.82 8640.59 8620.85 8602.09 8582.56 8571.73 8562.44 8553.62 8545.61 8539.99 8540.87 8544.53 8549 8549.11 8549 8549.3 8546.16 8542.46 8539.25 8536.62 8534.49 8532.74 8531.5 8530.89 8531.48 8535 8534.52 8537.22 8539.19 8540.17 8541.6 8542.66 8543.41 8545.6 8547.11 8548.97 8550.15 8551.13 8551.65 8552.12 8552.35 8552.5 8555.67 8562.4 8566.77 8570.34 8572.96 8574.71 8575.15
8634.09 8641.5 8648.04 8652.41 8666.01 8678.16 8688.47 8699.81 8709.81 8704.5 8702.91 8702.92 8703.47 8703.66 8702.51 8696.76 8683.53 8664.65 8653.88 8641.94 8629.49 8608.27 8586.53 8572.9 8562.18 8552.75 8544.66 8538.93 8538.97 8541.94 8544.73 8546.09 8545.45 8543.4 8542.69 8540.36 8537.67 8535.08 8532.93 8531.02 8529.51 8528.64 8528.88 8530.33 8533.34 8536.67 8539.1 8540.71 8542.7 8546.04 8546.21 8546.24 8546.55 8547.65 8548.24 8549.15 8549.82 8550.11 8550.25 8550.15 8550.56 8556.77 8562.63 8566.8 8569.36 8570.82 8571.04
8627.72 8642.28 8654.29 8667.61 8674.85 8681.21 8688.46 8696.06 8701.02 8697.84 8696.26 8695.21 8693.96 8691.85 8687.21 8678.06 8666.22 8660.65 8652.79 8643.2 8629.01 8609.88 8590.2 8575.41 8563.43 8553.44 8545.23 8539.3 8538.38 8540.45 8542.76 8543.17 8542.87 8541.67 8539.98 8538.03 8535.62 8533.28 8531.03 8529.01 8527.31 8526.12 8525.7 8526.81 8530.86 8535.59 8539.01 8540.12 8541.34 8542.29 8545.1 8545.73 8546.04 8546.71 8547.43 8548.17 8548.91 8548.97 8549.74 8550.88 8553.38 8556.04 8561.48 8565.17 8567.34 8568.48 8568.29
8632.4 8647.56 8659.61 8668.66 8674.99 8679.46 8682.7 8683.66 8680.62 8684.55 8685.83 8684.84 8683.04 8679.9 8674.9 8667.19 8659.83 8658.97 8653.1 8645.62 8631.3 8611.94 8594.08 8578.14 8565.27 8554.87 8546.75 8541.31 8539.35 8539.46 8540.26 8541.16 8541.2 8540.18 8538.02 8535.68 8533.36 8530.99 8528.84 8526.85 8525.09 8523.65 8522.97 8524.28 8527.58 8533 8537.55 8537.62 8540.72 8544 8544.21 8544.99 8545.57 8546.25 8546.73 8547.54 8548.24 8549.25 8550.48 8552 8554.8 8560.37 8563.38 8565.71 8567.71 8568.16 8567.18
8647.62 8657.56 8664.48 8670.49 8674.68 8674.7 8675.08 8675.01 8674.95 8676.34 8675.51 8674.54 8671.78 8668.74 8664.34 8659.97 8658.48 8654.85 8652.07 8648.76 8634 8614.83 8595.71 8579.78 8567.4 8556.89 8548.13 8542.33 8539.86 8539.76 8540.14 8539.13 8538.91 8538.27 8535.21 8532.99 8531.08 8529.09 8527.13 8525 8523.27 8521.64 8520.17 8521.04 8523.65 8524.18 8522.43 8532.18 8538.95 8544.06 8544.71 8544.79 8544.54 8545.07 8545.82 8546.59 8547.6 8548.91 8551.01 8554.2 8557.21 8560.42 8563.34 8566.35 8569.21 8569.03 8566.94
8671.69 8667.64 8666.37 8668.3 8670.11 8666.05 8665.17 8666.63 8669.39 8668.66 8665.41 8663.67 8661.53 8658.19 8654.79 8650.4 8645.68 8645.1 8648.68 8648.63 8638.64 8618.8 8598.72 8582.14 8570.06 8558.96 8548.96 8540.01 8534.54 8537.97 8538.5 8536.07 8533.76 8532.36 8531.56 8530.2 8528.71 8527.08 8525.42 8523.93 8522.23 8520.79 8520.47 8521.06 8522.78 8524.23 8527.73 8533.63 8537.58 8540.04 8542.39 8543.26 8543.25 8544.14 8545.22 8546.21 8547.4 8548.56 8550.57 8554.6 8556.74 8558 8561.05 8565.76 8570.23 8569.66 8566.8
8679.11 8668.27 8660.77 8655.23 8649.8 8650.9 8652.07 8653.89 8656.4 8656.08 8653.25 8652.27 8651.31 8648.99 8646.35 8641.85 8637.01 8642.76 8645.49 8645.75 8637.07 8621.93 8603.04 8586.09 8574 8561.94 8550.66 8540.73 8534.45 8534.92 8534.85 8532.7 8530.14 8528.81 8528.36 8527.63 8526.56 8525.29 8524.01 8522.89 8521.75 8520.57 8518.61 8520.78 8524.06 8529.42 8537.45 8536.69 8537.24 8539.81 8540.51 8540.72 8541.65 8543.32 8544.92 8546.42 8547.8 8548.69 8549.13 8549.1 8552.7 8555.91 8559.31 8563.85 8567.75 8567.69 8566.09
8661.87 8657.23 8649.3 8640.89 8635.49 8635.24 8637.11 8638.02 8637.38 8636.82 8639.27 8641.1 8642.32 8642.01 8641.17 8638.28 8634.18 8640.96 8641.99 8644.12 8639.61 8625.47 8609.32 8594.37 8579.08 8565.51 8553.52 8543.43 8536.46 8534.43 8533.08 8530.84 8526.89 8526.38 8526.47 8525.85 8524.9 8523.83 8522.9 8521.91 8521.63 8521.73 8522.43 8522.44 8524.13 8527.22 8530 8532.25 8534.96 8537.13 8536.81 8538.1 8540.27 8542.48 8544.64 8546.7 8548.63 8549.87 8549.61 8548.38 8552.66 8556.44 8558.38 8563.11 8564.27 8564.66 8565.52
8647.41 8642.82 8636.08 8628.17 8617.29 8622.57 8624.19 8623.69 8621.78 8622.63 8627.29 8631.69 8635.05 8637.17 8638.65 8640.15 8644.18 8638.89 8635.09 8635.6 8639.87 8625.79 8611.76 8598.03 8582.79 8568.47 8556.08 8546.03 8539.53 8536.28 8533.55 8531.46 8530.29 8527.35 8525.82 8524.68 8523.52 8522.4 8521.42 8520.8 8520.86 8522.13 8524.07 8522.73 8522.61 8523.55 8524.35 8527.44 8530.7 8534.66 8537.22 8538.01 8539.83 8541.8 8544.5 8547.44 8550.53 8553.29 8554.86 8553.89 8559.45 8563.52 8566.94 8567.57 8566.02 8564.86 8567.35
8631.89 8627.31 8622.34 8619.73 8625.02 8619.1 8613.5 8611.6 8611 8612.64 8618.59 8624.91 8629.99 8633.71 8636.18 8638.37 8640.46 8634.3 8624.88 8620.51 8628.52 8619.75 8609.2 8599.54 8583.5 8569.75 8558.06 8547.9 8539.65 8537.02 8533.97 8531.77 8530.76 8527.78 8525.48 8523.9 8522.52 8521.38 8520.26 8519.33 8519.01 8519.81 8521.91 8520.17 8519.88 8520.47 8522.26 8525.78 8530.18 8533.83 8537.01 8537.9 8538.67 8541.18 8544.57 8548.54 8553.08 8558.5 8564.59 8570.17 8571.32 8573.6 8574.65 8576.75 8575.42 8573.71 8574.05
8612.88 8609.27 8606.1 8604.72 8605.13 8602.22 8600.24 8600.76 8602.35 8605.53 8613.66 8621.71 8627.92 8631.87 8633.68 8633.19 8630.6 8625.49 8618.28 8611.81 8613.72 8611.06 8602.89 8591.52 8580.28 8569.78 8559.29 8549.62 8541.47 8536.41 8533.74 8530.75 8528.4 8526.73 8525.05 8523.55 8522.01 8520.52 8519.11 8517.65 8516.47 8514.95 8514.28 8515.75 8516.53 8517.22 8518.7 8522.29 8529.21 8532.39 8533.1 8533.22 8536 8539.51 8543.46 8548.37 8554.31 8561.62 8571.37 8580.14 8580.66 8583.34 8587.97 8589.14 8589.48 8589.61 8583.13
8596.16 8591.68 8588.19 8584.84 8579.98 8580.37 8586.03 8591.74 8597.38 8603.88 8612.85 8621.91 8628.66 8632.82 8634.05 8631.63 8628.03 8624.32 8618.05 8611.19 8609.4 8606.4 8598.87 8586.69 8578.47 8570.77 8561.4 8552.26 8544.32 8539.53 8534.95 8530.04 8526.62 8525.95 8525.27 8524.03 8522.3 8520.36 8518 8516.13 8514.17 8511.96 8511.11 8512.64 8513.76 8514.3 8514.63 8516.71 8523.48 8528.25 8531.13 8531.18 8533.63 8537.28 8541.49 8546.6 8552.95 8560.47 8569.57 8578.02 8582.55 8588.1 8594.63 8596.76 8596.6 8596.08 8587.08
8581.05 8575.6 8572.4 8568.9 8564.88 8566.65 8575.96 8585.9 8595.48 8604.69 8615.09 8624.85 8632.53 8637.85 8639.58 8635.69 8630.77 8626.81 8621.57 8617.54 8611.9 8606.93 8600.3 8592.4 8583.93 8574.35 8564.47 8555.16 8548.17 8543.61 8538.43 8531.65 8526.72 8527.79 8527.07 8525.27 8522.92 8520.53 8517.88 8515.51 8513.5 8512.17 8511.35 8511.75 8512.54 8513.42 8514.29 8516.11 8519.97 8524.7 8526.15 8528.8 8530.84 8534.79 8539.02 8543.86 8549.6 8555.85 8561.72 8569.38 8578.44 8586.65 8594.04 8596.71 8594.68 8590.91 8583.4
8568.85 8562.94 8560.8 8558.86 8557.33 8560.73 8571.26 8583.76 8596.62 8609.7 8620.99 8630.01 8637.93 8644.59 8649.24 8651.56 8646.61 8638.05 8629.61 8621.33 8615.59 8610.19 8604.62 8598.7 8590.56 8579.37 8567.87 8557.43 8549.5 8546.94 8543.64 8540.59 8536.54 8533.26 8530.47 8527.64 8524.6 8521.54 8518.39 8515.22 8512.32 8513.48 8512.41 8511.55 8512.93 8514.65 8516.61 8520.03 8524.93 8526.09 8524.09 8523.47 8528.22 8532.38 8536.32 8540.51 8545.07 8550.15 8556.3 8563.37 8571.88 8580.72 8588.81 8591.71 8586.76 8581.06 8574.44
8561.17 8555.25 8554.44 8553.9 8554.43 8558.27 8570.25 8584.06 8598.96 8614.03 8625.91 8634.91 8643.03 8650.82 8658.15 8663.9 8658.99 8649.58 8640.61 8627.14 8619.57 8613.92 8608.79 8603.61 8595.78 8583.91 8571.42 8559.46 8549.42 8546.89 8547.92 8550.55 8546.47 8539.19 8534.29 8530.36 8526.85 8523.39 8519.78 8515.88 8511 8500.65 8506.17 8511.56 8514.56 8517.08 8519.81 8524.68 8533.1 8530.67 8527.99 8527.73 8528.5 8530.81 8533.56 8536.99 8540.55 8544.18 8547.68 8555.21 8563.7 8571.54 8577.87 8579.32 8574.42 8567.36 8561.87
8558.56 8554.35 8552.86 8553.18 8555.55 8561.81 8572.21 8585.66 8600.92 8616.34 8629.59 8638.58 8646.69 8654.85 8662.79 8668.48 8662.35 8649.54 8635.93 8628.84 8622.41 8617.01 8612.24 8607.5 8600.06 8588.06 8574.72 8562.49 8552.67 8550.56 8549.44 8549 8546.82 8541.86 8536.93 8533.07 8529.21 8525.53 8521.86 8518.39 8515.96 8515.67 8513.06 8514.92 8517.48 8520.24 8523.32 8527.9 8533.86 8532.31 8530.21 8529.95 8528.24 8529.11 8531.05 8533.53 8536.1 8539.04 8544.02 8548.63 8554.94 8560.86 8565.01 8566.07 8561.15 8553.98 8549.64
8558.12 8555.48 8554.08 8554.44 8557.64 8564.83 8574.05 8586.92 8601.8 8617.54 8631 8639.81 8647.98 8655.76 8662.75 8667.33 8661.78 8650.94 8638.99 8630.47 8624.91 8619.46 8614.41 8609.78 8605.9 8590.31 8577 8565.55 8557.32 8550.38 8549.31 8547.38 8545.78 8542.63 8538.45 8534.73 8531 8527.83 8524.44 8521.75 8520.97 8524.2 8519.93 8519.44 8521.06 8523.57 8526.71 8528.99 8530.61 8530.44 8528.49 8526.11 8525.59 8527.12 8528.82 8530.52 8532.24 8533.98 8535.67 8541.44 8546.6 8550.7 8552.72 8551.9 8550.01 8545.91 8543.2
8558.5 8558.04 8556.1 8555.9 8558.41 8563.42 8573.46 8587.29 8602.03 8615.94 8628.1 8638.78 8647.35 8654.23 8659.14 8661.01 8659.49 8654.7 8649.55 8634.99 8627.67 8621.34 8615.52 8608.23 8596.94 8588.72 8578.4 8567.02 8557.53 8554.51 8552.91 8551.98 8547.38 8543.52 8540.02 8536.34 8533.16 8529.78 8526.5 8523.65 8521.09 8518.53 8521.08 8522.4 8524.42 8526.89 8529.92 8531.06 8530.06 8529.54 8527.73 8523.68 8524.32 8526.45 8527.61 8528.44 8529.2 8530.33 8533.83 8535.61 8539.19 8542.13 8543.19 8541.96 8543.06 8543.7 8544.15
8558.22 8557.82 8556.54 8556.95 8559.52 8564.19 8574.27 8588.25 8602.5 8615.83 8627.87 8638.35 8646.47 8652.17 8655.38 8656.55 8656.45 8653.18 8645.81 8637.65 8629.72 8622.78 8616.23 8608.47 8599.53 8591.3 8582.1 8571.05 8560.24 8556.61 8553.51 8551.04 8547.45 8543.94 8540.86 8537.71 8534.66 8531.87 8528.84 8525.83 8522.73 8521.28 8522.94 8525.19 8527.63 8530.18 8533.25 8535.51 8532.38 8531.04 8530 8529.87 8528.94 8527.84 8527.66 8527.75 8527.15 8525.65 8525.53 8529.99 8533.41 8535.88 8537.38 8538.93 8540.05 8541.73 8544.25
8557.48 8555.68 8555.65 8558.07 8562.11 8568.43 8578.31 8590.72 8604.14 8617.11 8629.08 8638.99 8646.71 8651.58 8653.21 8653.47 8654.75 8651.99 8646.47 8638.54 8631.1 8624.47 8617.96 8611.3 8604.48 8597.16 8589.32 8580.67 8570.49 8560.03 8551.68 8547.73 8546.35 8544.24 8541.96 8539.4 8536.75 8534.3 8532.17 8529.64 8526.4 8524.39 8526.66 8528.82 8530.72 8532.76 8534.88 8536.51 8534.47 8533.89 8532.9 8530.92 8530.47 8528.81 8528.57 8528.31 8527.54 8524.84 8522.85 8527.41 8530.02 8531.56 8532.78 8534.19 8535.25 8536.74 8538.11
8558.16 8556.27 8556.7 8559.89 8565.04 8572.67 8582.7 8593.62 8606.56 8619.41 8631.19 8641.35 8648.56 8653.14 8655.27 8655.71 8655.76 8653.12 8644.49 8637.65 8631.38 8625.2 8619.79 8614.44 8609.07 8603.18 8596.97 8591.26 8581.51 8566.46 8554.89 8548.78 8547.21 8545.35 8543.03 8540.91 8538.68 8537.05 8535.67 8534.83 8534.12 8532.87 8532.44 8532.81 8533.61 8534.85 8536 8536.81 8538.33 8538.69 8536.97 8533.66 8529.24 8530.18 8530.39 8530.23 8530.49 8532.42 8532.16 8529.47 8529.05 8528.84 8528.41 8527.71 8528.37 8531.22 8533.6
8560.26 8558.79 8559.26 8562.56 8567.86 8574.7 8583.37 8595.75 8609.32 8622.72 8635.42 8645.06 8651.77 8656.32 8659.06 8659.36 8657.9 8654.61 8644.63 8636.32 8631.14 8626.47 8621.94 8617.51 8613.58 8609 8602.36 8595.9 8585.93 8571.57 8560.56 8555.67 8550.16 8546.77 8544.44 8542.73 8540.94 8539.84 8539.38 8539.96 8542.08 8540.77 8537.94 8536.7 8536.67 8537.19 8537.81 8539.67 8544.4 8543.88 8541.99 8540.29 8537.34 8534.58 8533.32 8532.61 8532.48 8533.14 8533.06 8530.79 8528.98 8527.4 8525.61 8523.41 8523.4 8527.02 8531.17
8563.43 8562.25 8562.83 8566.25 8571.28 8577.56 8585.72 8598.55 8612.34 8626.21 8639.16 8649.31 8655.47 8659.56 8661.83 8661.55 8659.14 8654.7 8646.53 8635.69 8631.76 8627.89 8623.88 8619.72 8615.98 8612.23 8604.97 8597.53 8587.47 8575 8565.24 8559.19 8552.73 8548.94 8545.95 8544.27 8542.5 8541.62 8541.57 8542.53 8543.41 8542.89 8540.8 8539.67 8539.36 8539.48 8539.81 8541.58 8545.94 8546.59 8545.57 8545.64 8544.37 8538.93 8536.25 8534.85 8533.61 8531.42 8531.06 8530.79 8529.19 8527.26 8524.85 8522.13 8521.34 8524.43 8527.99
8567.26 8566.75 8567.74 8571 8576.05 8582.51 8591.37 8602.77 8615.89 8629.52 8642.79 8652.97 8658.33 8662.25 8664.25 8663.26 8659.91 8653.88 8645.28 8637.93 8634.22 8630.57 8626.55 8621.71 8615.88 8608.94 8606.39 8602.07 8592.38 8578.7 8563.12 8557.41 8554 8550.92 8547.92 8545.88 8543.74 8542.71 8542.45 8543.11 8545.39 8543.49 8541.91 8541.24 8541.23 8541.34 8542.12 8543.48 8545.97 8546.29 8545.82 8546.04 8545.8 8540.26 8537.9 8537.04 8536.29 8534.57 8533.53 8532.35 8530.61 8528.62 8526.27 8523.55 8521.4 8524.67 8526.45
8571.4 8571.41 8573.47 8576.5 8581.29 8587.74 8595.87 8606.85 8619.42 8632.17 8643.95 8653.31 8659.88 8664.23 8666.61 8664.77 8660.92 8655.64 8647.96 8642.29 8638.16 8634.28 8630.37 8625.64 8618.79 8610.36 8610.98 8608.96 8599.73 8586.47 8572.01 8560.5 8556.76 8553.29 8549.93 8547.68 8545.29 8543.51 8542.09 8540.93 8539.67 8540.91 8541.37 8541.93 8542.71 8543.31 8543.75 8544.2 8544.11 8543.88 8543.84 8542.6 8539.22 8537.95 8538.49 8539.07 8539.99 8541.31 8538.06 8535.1 8532.6 8530.59 8529.09 8528.23 8529.92 8529.87 8529.97
8575.54 8576.13 8577.93 8581.89 8587.04 8593.41 8601.31 8611.6 8623.3 8635.09 8645.92 8654.85 8661.47 8665.29 8666.89 8665.51 8661.44 8654.34 8648.23 8646.94 8641.66 8638.64 8635.9 8632.39 8627.95 8623.88 8622.3 8618.45 8608.48 8595.9 8582.19 8569.23 8562.03 8557.01 8553.19 8549.82 8547.08 8544.31 8541.74 8539.4 8537.58 8538.96 8540.98 8542.73 8544.53 8545.78 8546.29 8545.82 8544.59 8543.26 8542.97 8540.78 8536.7 8537.7 8539.9 8540.71 8541.64 8542.34 8539.93 8536.98 8534.69 8532.9 8531.86 8532.05 8533.92 8533.77 8534.15
8579.79 8581.39 8584.46 8588.62 8593.36 8599.5 8607.18 8616.66 8627.43 8638.33 8648.74 8657.84 8663.82 8666.58 8667.12 8667.02 8663.41 8655.27 8647.91 8643.95 8642.88 8642.96 8642.2 8640.78 8639.13 8637.74 8635.39 8629.26 8616.13 8603.42 8591.48 8576.15 8568.12 8561.93 8556.71 8552.3 8548.39 8545.28 8541.95 8539.26 8537.61 8538.93 8541.39 8543.87 8546.27 8548.81 8550.42 8550.02 8548.17 8546.39 8545.03 8542.81 8541.18 8543.58 8542.56 8542.02 8541.46 8540.47 8539.69 8538.13 8536.49 8534.95 8533.97 8533.5 8533.22 8534.4 8537.29
8584.04 8586.65 8591.61 8595.34 8599.26 8605.4 8613.27 8622.44 8631.72 8641.68 8651.51 8660.64 8666.64 8670.14 8671.26 8670.82 8668.34 8659.51 8650.84 8644.88 8646.83 8648.85 8648.94 8648.54 8648.33 8648.56 8644.13 8633.46 8618.34 8604.52 8593.15 8582.91 8573.67 8566.16 8559.97 8554.7 8550.45 8546.7 8543.16 8540.31 8538.74 8540.22 8542.29 8544.99 8548.04 8551.48 8554.71 8554 8552.34 8551.18 8548.39 8546.18 8545.09 8545.27 8544.58 8543.24 8541.86 8540.84 8539.97 8539.17 8538.09 8536.95 8535.86 8534.87 8534.09 8535.08 8537.97
8587.83 8590.31 8593.73 8597.65 8603.84 8610.68 8618.26 8626.53 8635.64 8644.92 8653.76 8662 8668.92 8674.62 8676.71 8674.94 8672.3 8664.18 8658.74 8657.54 8657.35 8656.48 8655.07 8653.8 8653.41 8653.36 8646.19 8629.85 8615.39 8600.7 8590.44 8586.73 8576.95 8568.85 8562.5 8557.18 8552.78 8548.63 8545.12 8542.98 8541.82 8542.11 8543.85 8546.01 8548.71 8552.25 8556.45 8555.59 8554.06 8552.55 8551.09 8549.17 8547.54 8547.13 8546.68 8544.78 8542.3 8540.93 8540.89 8540.6 8539.85 8539.12 8538.03 8536.86 8535.43 8535.18 8536.5
