real_craters/C159-500m.grd
DSAA
230 230
-57.2425 57.2425
-57.2425 57.2425
7205.4164231554 9880.4722225382
[rows 180 to 209 of 230, columns 67 to 133 of 230]
8732.94 8739.35 8740.75 8728.78 8722.75 8723.19 8716.12 8708.63 8712.56 8718.12 8718.29 8706.26 8700.27 8700.61 8708.73 8730.17 8741.5 8755.98 8756.53 8758.77 8769.65 8780.73 8793.35 8806.26 8819.88 8817.29 8799.09 8782.94 8783.39 8760.24 8735.45 8735.56 8726.84 8725.46 8712.2 8691.96 8672.26 8647.07 8630.3 8611.73 8615.23 8632.88 8633.21 8622.82 8625.24 8631.02 8635.42 8632.08 8626.26 8621.69 8616.57 8611.06 8605.38 8609.6 8603.13 8596.89 8592.24 8591.34 8589.03 8582.18 8567.61 8562.7 8562.22 8564.78 8574.79 8582.66 8589.44
8736.03 8735.46 8736.47 8731.71 8728.06 8721.87 8713.95 8710.69 8728.75 8724.09 8711.54 8703.47 8699.85 8700.49 8707.15 8722.26 8737 8736.62 8741.46 8738.82 8742.87 8757.36 8776.21 8798.33 8816.91 8810 8788.42 8776.15 8748.72 8738.98 8728.94 8722.94 8717.17 8713.96 8697.94 8689.26 8676.98 8653.36 8636.09 8625.63 8622.39 8628.08 8613.79 8627.48 8639.43 8639.36 8637.8 8629.69 8619.37 8619.91 8619.24 8614.57 8597.03 8594.12 8589.39 8580.41 8585.83 8590.55 8592.84 8592.99 8589.04 8587.06 8592.12 8589.1 8586.85 8588.77 8591.39
8724.98 8720.78 8732.74 8730.22 8724.34 8718.96 8716.23 8724.38 8738.96 8728.43 8712.24 8707.38 8708.36 8712.19 8714.09 8717.46 8725.71 8733.7 8733.32 8730.65 8730.56 8742.26 8760.23 8773.93 8784.74 8779.84 8755.25 8741.54 8732.49 8724.14 8720.48 8721.22 8726.3 8725.68 8713.75 8639.75 8590.01 8664.93 8646.49 8626.55 8616.99 8608.9 8604.28 8627.04 8640.57 8639.83 8633.17 8614.51 8621.22 8623.09 8621.45 8613.62 8607.27 8591.29 8588.68 8586.52 8589.41 8595.63 8601.4 8607.96 8619.34 8613.43 8608.66 8603.69 8598.27 8595.57 8594.95
8717.43 8706.28 8724.73 8722.36 8717.83 8710.93 8716.9 8724.73 8721.6 8721.15 8716.71 8710.79 8711.53 8723.64 8709.1 8710.86 8719.95 8735.57 8729.3 8723.62 8724.17 8737.1 8749.48 8749.99 8749.23 8750 8747.5 8746.45 8737.47 8720.43 8715.78 8715 8718.08 8725.57 8719.45 8625.01 8570.96 8650.39 8648.63 8625.27 8615.48 8613.81 8617.45 8629.7 8642.09 8635.54 8623.61 8618.13 8628.58 8630.46 8628.91 8625.32 8607.39 8604.53 8599.07 8593.84 8598.78 8605.42 8611.14 8615.55 8617.95 8619.85 8617.03 8611.52 8606.25 8601.79 8599.07
8706.76 8705.94 8710.02 8710.59 8705.63 8703.11 8709.6 8716.59 8718.21 8710.92 8705.05 8712.99 8726.82 8734.42 8709.12 8708.97 8716.19 8723.45 8722.99 8717.84 8722.35 8736.74 8743.6 8730.42 8717.65 8724.44 8736.2 8739.26 8730.69 8719.66 8717.62 8705.48 8692.78 8701.89 8711.08 8650.47 8619.64 8650.83 8625.17 8622.91 8627.75 8626.24 8628.12 8631 8631.7 8630.09 8629.18 8637.23 8642.93 8641.01 8638.07 8634.34 8626.19 8620.13 8613.16 8612.81 8614.98 8618.45 8622.84 8624.43 8621.85 8624.76 8622.46 8616.98 8610.15 8603.89 8598.58
8703.29 8698.64 8705.23 8700.98 8695.16 8692.21 8696.09 8702.22 8706.23 8708.57 8707.76 8712.68 8716.91 8719.3 8709.25 8703.91 8709.61 8720.64 8719.41 8712.62 8720.51 8730.39 8730.79 8717.01 8711.15 8699.75 8699.4 8709.79 8712.74 8710.63 8707.81 8690.35 8680.66 8680.83 8671.8 8655.64 8633.66 8631.03 8617.88 8620.07 8622.41 8641.75 8641.75 8634.96 8627.29 8631.41 8639.67 8648.73 8654.46 8651.65 8647.66 8643.41 8641.66 8627.59 8625.26 8626.41 8628.55 8631.94 8634.78 8637.04 8637.76 8633.3 8628.77 8620.92 8613.52 8606.29 8598.06
8709.58 8711.36 8699.11 8694.51 8690.61 8689.22 8688.89 8694.9 8700.81 8706.54 8707.72 8707.82 8711.27 8703.59 8706.28 8700.36 8703.66 8713.98 8713.94 8713.42 8723.09 8725.91 8702.28 8686.22 8702.04 8677.06 8659.28 8698.21 8717.2 8691.7 8662.33 8659.32 8667.35 8666.98 8657.79 8646.44 8639.58 8634.85 8619.48 8627.99 8644.99 8651.43 8646.3 8641.37 8639.67 8643.7 8651.43 8659.32 8663.72 8659.53 8652.48 8645.54 8636.92 8635.59 8635.69 8638.9 8641.84 8643.33 8644.74 8645.96 8644.13 8637.74 8630 8622.56 8614.34 8606.59 8598.98
8712.61 8707.3 8691.12 8691.93 8690.92 8687.87 8695.85 8697.96 8695.93 8694.38 8696.25 8697.55 8697.54 8701.67 8699.59 8696.71 8696.94 8699.45 8700.6 8704.56 8717.81 8710.25 8572.28 8638.65 8674.49 8656.23 8637.84 8677.37 8684.7 8670.86 8649.07 8645.57 8651.76 8651.8 8642.89 8634.35 8626.97 8622.72 8632.92 8632.46 8641.63 8649.73 8647.5 8647.72 8647.97 8651.09 8660.45 8670.28 8674.58 8665.66 8656.76 8650.59 8645.13 8640.95 8645.45 8649.92 8653.43 8651.65 8650.75 8652.05 8648.57 8640.59 8631.67 8623.11 8615.47 8608.09 8600.71
8714.87 8703.08 8696.92 8698.61 8693.93 8687.93 8696.28 8696.51 8695.81 8694.45 8690.49 8691.63 8695.31 8698.15 8686.11 8682.44 8688.26 8689.14 8688.6 8691.11 8702.24 8702.06 8643.1 8643.99 8655.38 8644.9 8632.5 8633.13 8659.58 8654.3 8649.62 8643.87 8635.69 8632.25 8626.46 8621.14 8617.86 8619.99 8630.03 8637.56 8644.78 8658.77 8656.38 8654.06 8652.1 8655.69 8666.01 8682.01 8678.51 8667.43 8657.96 8648.81 8652.13 8641.14 8649.38 8654.67 8659.55 8652.61 8649.6 8651.16 8646.17 8639.19 8631.09 8621.91 8615.1 8608.01 8601.19
8708.13 8706.59 8722.09 8713.78 8702.79 8697.79 8701.19 8695.81 8692.49 8688.47 8689.83 8689.92 8699.32 8689.39 8682.33 8686.22 8684.47 8683.12 8681.71 8680.15 8684.43 8677.14 8665.81 8653.43 8638.46 8628.77 8628.07 8623.75 8635.01 8635.23 8628.88 8621.05 8616.89 8610.35 8612.83 8612.3 8606.43 8621.1 8642 8645.98 8648.04 8658.5 8665.63 8660.82 8657.1 8656.8 8661.34 8666.92 8667.51 8667 8662.09 8653.49 8658.31 8660.11 8652.37 8649.16 8646.71 8642.35 8642.59 8638.4 8632.29 8619.9 8619.25 8618.4 8613.73 8607.99 8601.96
8702.61 8701.4 8707.1 8715.45 8708.03 8703.34 8700.15 8695.11 8690.63 8698.42 8701.66 8705.28 8692.15 8680.89 8679.6 8680.84 8678.45 8677.12 8676.19 8673.35 8666.32 8655.82 8646.2 8637.37 8627.38 8623.34 8615.19 8605.27 8616.43 8618.82 8617.15 8613.23 8607.28 8597.71 8607.79 8612.09 8604.08 8616.8 8635.78 8649.42 8656.26 8662.32 8668.71 8665.96 8660.61 8655.94 8653.49 8656.04 8662.97 8671.99 8671.9 8668.79 8662.39 8659.28 8652.83 8643.99 8632.69 8634.74 8637.21 8637.69 8631.61 8624.13 8620.47 8618.54 8615.32 8609.87 8603.97
8702.14 8704.85 8710.03 8711.77 8708.48 8705.2 8695.58 8698.14 8697.65 8699.32 8705.2 8704.93 8682.67 8681.74 8673.2 8669.4 8670.01 8671.23 8670.9 8667.5 8649.88 8630.69 8620.72 8614.57 8611.3 8616.52 8606.92 8597.77 8600.84 8606.58 8610.99 8617.12 8608.17 8608.81 8613.97 8622.26 8629.65 8630.53 8629.84 8646.83 8663.55 8668.86 8671.78 8670.65 8666.57 8665.25 8662.55 8673.15 8685.56 8686.35 8685.3 8682.02 8676.35 8668.9 8657.35 8648.26 8642.51 8638.24 8634.94 8632.39 8631.96 8629.5 8626.78 8622.72 8618.28 8613.3 8607.44
8703.49 8710.76 8711.43 8712.3 8707.36 8701.92 8705.9 8706.02 8709.1 8711.24 8704.55 8686.21 8683.74 8686.08 8670.67 8662.46 8663.67 8664.92 8662.8 8653 8633.9 8613.83 8601.74 8597.63 8593.02 8588.27 8583.62 8591.29 8593.32 8595.16 8598.32 8598.89 8603.21 8609.76 8616.49 8627.47 8637.89 8636.46 8648.47 8652.11 8668.98 8670.32 8676.5 8678.89 8676.29 8672.55 8670.31 8684.91 8702.23 8700.21 8697.92 8694.21 8682.58 8673.73 8660.87 8653.69 8648.41 8641.53 8635.45 8632.73 8637.2 8640.63 8634.56 8628.24 8623.73 8618.75 8613.39
8709.59 8719.56 8718.06 8715.95 8711.3 8707.85 8717.01 8709.9 8703.38 8703.86 8697.58 8688.3 8682.74 8686.41 8670.06 8661.49 8659.27 8657.63 8650.81 8634.58 8619.79 8605.16 8591.89 8578.84 8578.28 8578.26 8570.14 8569.64 8577.83 8583.21 8587.81 8591.32 8599.25 8607.2 8614.47 8620.61 8624.76 8633.73 8657.51 8674.38 8682.01 8679.81 8689.1 8688.95 8685.31 8682.31 8677.17 8690.92 8706.61 8707.65 8704.28 8700.89 8688.22 8678 8669.51 8659.2 8650.53 8644.56 8640.3 8637.83 8643.17 8647.44 8640.75 8634.22 8628.55 8622.52 8617.66
8729.31 8729.97 8723.94 8719.52 8715.74 8712.95 8716.04 8707.56 8696.09 8695.3 8693.1 8688.68 8688.89 8681.97 8677.74 8665.56 8657.88 8649.48 8637.66 8616.04 8607.92 8598.31 8586.47 8567.02 8569.05 8568.59 8559.82 8557.95 8564.36 8573 8581.01 8588.41 8596.91 8605.36 8613.25 8616.62 8624.18 8635.45 8661.09 8684.58 8697.31 8686.05 8694.29 8694.46 8691.95 8689.9 8686.31 8696.1 8707.79 8708.21 8704.54 8697.05 8688.83 8679.32 8672.67 8664.16 8658.02 8653.27 8651.53 8649.08 8647.93 8646.42 8642.95 8638.41 8634.35 8629.64 8624.85
8750.28 8739.77 8726.36 8724.24 8720.41 8716.04 8714.05 8708.33 8701.2 8694.68 8690.04 8691.49 8689.51 8674.25 8677.94 8675.32 8659.78 8640.32 8621.3 8609.36 8600.58 8591.96 8580.49 8562.31 8562.88 8561.18 8550.85 8547.87 8555.94 8566.33 8576.2 8584.78 8596.83 8609.74 8620.25 8628.58 8637.53 8642.59 8655.73 8673.88 8691.35 8699.58 8698.48 8695.5 8695.24 8697.86 8694.38 8700.1 8707.01 8710 8708.64 8702.63 8694.54 8686.32 8672.36 8670.04 8667.88 8663.93 8663.29 8657.83 8649.93 8647.08 8645.33 8643.15 8640.35 8636.37 8631.89
8756.55 8744.12 8725.37 8722.17 8724.33 8723.57 8712.74 8712.56 8709.02 8697.88 8691.34 8693.47 8688.76 8675.81 8673.94 8674.16 8661.07 8635.69 8612.9 8605.54 8595.9 8588.09 8581.16 8563.34 8556.6 8549.78 8544.6 8543.45 8551.3 8562.12 8574.18 8588.48 8601.55 8612.75 8628.14 8645.7 8648.86 8649.64 8656.89 8671.41 8688.51 8704.69 8700.1 8694.61 8695.09 8696.72 8699.21 8705.93 8713.52 8715.87 8715.33 8710.6 8698.73 8687.98 8683.17 8685.28 8684.62 8678.32 8672.19 8660.26 8649.28 8646.79 8649.5 8649.48 8647.12 8643.67 8639.14
8752.91 8744.77 8733.26 8729.25 8726.46 8720.69 8715.08 8714.42 8709.8 8702.29 8695.83 8696.73 8687.31 8679.48 8676.48 8680.79 8666.46 8634.7 8611.42 8600.04 8591.29 8582.26 8572 8559.4 8554.38 8554.29 8544.48 8544.42 8550.08 8560.16 8571.87 8584.03 8595.19 8608.17 8627.77 8641.19 8635.85 8651.82 8658.53 8669.81 8683.94 8704.21 8701.91 8692.37 8694.03 8696.43 8700.63 8709.89 8721.34 8726.33 8716.73 8707.16 8700.04 8696.18 8699.43 8697.97 8704.59 8709.13 8681.98 8667 8658.58 8657.97 8659.9 8659.9 8657.1 8652.57 8646.74
8750.37 8750.42 8743.51 8730.39 8726.05 8717.58 8713.68 8715.3 8713.49 8707.25 8702.35 8697.77 8686.31 8683.38 8680.77 8674.87 8657.23 8631.29 8610.54 8598.99 8587.87 8577.36 8566.86 8560.95 8552.11 8553.63 8554.84 8543.19 8550.14 8559.01 8568.97 8578.16 8584.41 8589.55 8598.54 8619.16 8636.12 8650.1 8654.52 8664.5 8679.41 8702.87 8703.57 8691.16 8694.89 8698.65 8698.99 8708.66 8721.95 8726.02 8719.04 8710.23 8700.52 8691.15 8695.1 8704.68 8723.24 8725.68 8700.9 8690.69 8688.65 8682.6 8678.89 8674.99 8669.54 8663.6 8657.03
8760.71 8763.48 8752.76 8741.08 8729.38 8720.8 8711.93 8716.07 8718.25 8710.82 8703.16 8701.5 8695.77 8692.13 8687.7 8665.81 8641.69 8626.02 8612.23 8599.06 8585.95 8572.91 8562.86 8559.27 8547.99 8545.12 8548.79 8545.64 8552.13 8559.03 8567.22 8575.61 8581.44 8568.15 8560.22 8613.43 8645.54 8653.45 8657.38 8655.91 8672.27 8699.93 8708.34 8698.07 8698.77 8701.88 8697.26 8704.65 8716.82 8719.67 8718.84 8712.53 8703.26 8697.3 8708.2 8726.49 8751.62 8770.44 8748.38 8729.58 8719.14 8710.32 8701.82 8694 8685.66 8676.03 8668.27
8775.23 8778.95 8762.14 8743.53 8731.48 8724.91 8719.49 8722.96 8720.55 8714.93 8708.82 8707.02 8698.71 8696.67 8688.54 8656.15 8629.55 8619.18 8610.11 8599.52 8583.68 8568.19 8555.95 8556.06 8550.28 8543.84 8553.35 8550.82 8552.78 8557.46 8563.14 8568.64 8572.3 8556.28 8547.36 8603.08 8636.24 8650.8 8657.02 8654.35 8669.48 8694.74 8703.22 8690.9 8703.55 8709.9 8697.43 8698.7 8709 8697.13 8707.41 8709.78 8708.18 8710.85 8727.69 8741.79 8778.73 8807.54 8790.82 8765.97 8750.29 8738.03 8725.67 8712.6 8700.72 8689.07 8678.12
8772.17 8776.9 8767.71 8741.42 8732.59 8725.68 8721.85 8722.96 8723.07 8718.89 8715.4 8712.41 8706.08 8693.27 8669.57 8641.98 8622.92 8617.17 8609.24 8598.39 8582.11 8564.71 8555.07 8560.48 8562.8 8546.38 8550.82 8552.56 8552.03 8554.26 8557.2 8559.79 8557.47 8552.05 8555.09 8591.08 8624.13 8639 8647.05 8652.85 8670.19 8692.65 8704.11 8704.62 8709.76 8713.63 8695.58 8694.15 8703.75 8707.23 8698.95 8706.61 8713.4 8724.07 8741.56 8777.69 8804.18 8816.51 8803.58 8793.52 8777.01 8765.47 8748.32 8732.78 8717.62 8704.33 8691.06
8773.95 8784.55 8783.02 8766.5 8746.69 8737.56 8731.19 8731.64 8727.77 8724.37 8719.03 8713.54 8710.08 8693.17 8643.49 8627.83 8624.03 8620.16 8612.18 8600 8581.57 8561.62 8552.21 8560.98 8554.22 8546.86 8549.6 8550.96 8551.62 8553.11 8554.78 8555.18 8554.1 8550.71 8550.76 8558.67 8605.18 8623.27 8621.62 8622.97 8672.01 8691.05 8698.13 8708.7 8708 8712.08 8698.71 8693.81 8697.98 8700.88 8707.66 8710.66 8718.83 8733.4 8761.47 8811.3 8820.6 8825.02 8828.1 8824.34 8816.7 8792.73 8769.92 8751 8735.11 8718.79 8703.29
8777.73 8786.72 8787.95 8764.98 8758.28 8753.07 8745.8 8730.69 8732 8734.43 8731.25 8718.84 8694.58 8673.36 8638.21 8626.9 8631.03 8628.3 8617.48 8603.25 8584.86 8563.63 8548.99 8549.05 8560.12 8551.21 8544.73 8545.6 8547.45 8549.87 8550.88 8550.59 8551.31 8549.76 8552.19 8567.49 8598.34 8616.93 8621.64 8624.18 8661.52 8681.11 8701.2 8695.89 8691.33 8687.9 8685.86 8684.39 8690.11 8700.35 8704.82 8711.1 8721.91 8737.32 8759.99 8807.66 8823 8817.75 8811.86 8832.19 8833.81 8812.99 8795.45 8777.2 8759.17 8740.19 8721.64
8779.31 8784.84 8779.18 8766.4 8764.99 8764.24 8762.02 8743.12 8743.97 8748.44 8743.03 8718.34 8676.28 8642.49 8635.69 8633.35 8633.75 8631.98 8621.05 8610.95 8594.17 8567.77 8547.54 8538.68 8568.69 8556.44 8539.34 8541.84 8545.85 8548.33 8549.15 8548.78 8547.05 8545.86 8548.04 8570.04 8590.47 8607.62 8610.3 8610.22 8636.03 8652.56 8663.88 8661.63 8670.03 8673.11 8664.33 8660.5 8682.92 8695.13 8697.53 8706.79 8721.81 8744.22 8785.2 8829.87 8829.34 8813.87 8811.41 8813.13 8823.91 8821.77 8811.33 8794.69 8774.7 8755.62 8737.19
8788.93 8789.78 8790.61 8777.27 8772.87 8774.7 8778.19 8767.54 8768.38 8762.75 8751.37 8679.94 8655.54 8642.16 8649.89 8650.03 8633.37 8624.3 8618.88 8611.76 8597.89 8573.02 8554.1 8548.42 8557.3 8552.31 8538.46 8544.1 8547.14 8549.39 8550.65 8550.98 8550.76 8550.69 8551.59 8569.68 8587.65 8602.97 8606.22 8596.27 8613.3 8617.64 8612.85 8622.88 8648.83 8666.49 8666.53 8674.13 8686.55 8694.06 8692.6 8701.97 8717.61 8739.78 8766.12 8781.56 8809.07 8828.03 8821.06 8803.37 8824.66 8837.12 8829.26 8812.19 8790.94 8771.16 8752.25
8791.21 8794.52 8794.65 8790.83 8782.44 8781.2 8781.84 8784.92 8782.68 8770.82 8749.9 8693.89 8652.44 8648.18 8657.88 8655.25 8636.22 8621.63 8613.84 8605.78 8594.4 8580.76 8561.33 8547.14 8548.19 8545.02 8541.17 8549.17 8551.79 8553.62 8554.38 8554.59 8555.89 8557.86 8560.22 8580.51 8592.16 8600.65 8602.38 8578.56 8588.56 8592.47 8588.67 8601.41 8628.9 8653.74 8675.07 8698.4 8701.33 8700.04 8688.64 8696.52 8708.96 8722.57 8731.09 8733.98 8774.56 8798.82 8818.26 8876.97 8885.27 8872.8 8854.96 8831.05 8809.44 8787.98 8766.09
8788.92 8796.24 8804.74 8798 8786.07 8785.61 8787.38 8783.18 8773.84 8766.54 8741.39 8694.91 8655.12 8655.06 8659.31 8651.18 8630.88 8615.94 8609.27 8601.87 8591.81 8582.08 8564.14 8547.92 8543.46 8542.1 8545.52 8553.62 8558.51 8559.43 8559.48 8559.07 8559.2 8559.87 8566.94 8583.16 8601.38 8608.2 8594.64 8579.47 8583.43 8584.09 8578.72 8590.11 8619.71 8648.99 8678.31 8702.38 8710.88 8714 8698.55 8699.15 8700.83 8705.43 8715.03 8699.06 8750.79 8769.43 8856.83 8961.82 8931.45 8893.85 8865.38 8842.69 8815.01 8792.48 8775.32
8786.31 8792.87 8796.41 8790.93 8795.11 8790.45 8787.5 8778.69 8769.13 8756.06 8716.28 8681.45 8656.08 8663.05 8658.23 8642.39 8627.38 8614.76 8606.76 8600.07 8593.14 8582.25 8566.58 8550.78 8546.54 8546.55 8553.75 8563.9 8566.74 8566.04 8564.79 8563.77 8563.29 8563.66 8565.53 8598.82 8613.31 8615.72 8608.93 8581.88 8583.36 8584.13 8582.52 8592.73 8612.52 8643.35 8674.28 8700.55 8707.16 8707.78 8711.21 8695.52 8684.6 8679.41 8678.24 8644.06 8721.04 8764.23 8831.88 8894.82 8913.24 8894.85 8869.68 8837.78 8815.13 8793.84 8776.43
8785.27 8789 8789.05 8783.71 8797.31 8792.28 8783.65 8775.59 8768.04 8737.99 8688.11 8670.16 8669.77 8668.81 8656.31 8637.74 8623.1 8610.12 8605.06 8599.89 8592.09 8579.11 8568.42 8555.78 8549.83 8550.53 8563.25 8576.97 8574.84 8572.25 8570.21 8568.61 8567.72 8566.29 8576.01 8599.24 8614.09 8615.5 8611.59 8587.82 8583.6 8583.77 8581.72 8584.99 8611.2 8638.74 8667.78 8692.91 8696.62 8696.12 8687.53 8675.17 8657.87 8643.18 8629.3 8616.53 8698.2 8760.08 8823.56 8872.82 8894.26 8875.51 8850.86 8824.15 8803.67 8784.77 8769.07
