real_craters/C159-500m.grd
DSAA
230 230
-57.2425 57.2425
-57.2425 57.2425
7205.4164231554 9880.4722225382
[rows 90 to 119 of 230, columns 0 to 66 of 230]
8913.36 8876.39 8837.81 8817.58 8796.05 8767.27 8736.55 8708.31 8689.11 8665.83 8649.22 8636.18 8628.68 8627.1 8624.65 8625.75 8629.18 8631.73 8636.64 8640.33 8642.4 8640.72 8643.44 8647.67 8631.39 8622.59 8618.12 8619.92 8619.08 8614.07 8619.25 8625.92 8625.83 8630.37 8634.59 8629.64 8633.48 8629.3 8625.62 8623.46 8623.79 8629.38 8633.81 8634.82 8632.16 8628.43 8624.34 8621.47 8620.13 8618.5 8615.31 8609.79 8600.72 8595.43 8597.28 8602.19 8604.59 8599.42 8599.47 8596.08 8591.33 8597.16 8598.46 8595.45 8591.13 8591.42 8601.92
8942.79 8936.96 8931.48 8908.04 8862.94 8812.94 8765.76 8723.94 8691.55 8673.24 8655.73 8641.24 8629.21 8623.61 8628.84 8634.29 8639.1 8643.37 8644.86 8645.59 8641.68 8633.44 8637.02 8630.52 8629.65 8623.77 8617.23 8613.47 8610.62 8608.45 8607.31 8606.48 8609.8 8625.19 8632.66 8632.89 8629.87 8628.12 8625.35 8623.32 8622.14 8626.7 8642.86 8640.19 8634.13 8628.61 8622.34 8618.56 8618.1 8617.28 8615.69 8610.89 8603.98 8596.84 8598.29 8599.75 8600.54 8604.91 8600.14 8597.11 8593.92 8600.45 8605.21 8603.34 8603.41 8603 8605.62
8982.49 8989.3 9006.9 8991.1 8916.63 8843.86 8783.73 8732.38 8689.52 8672.77 8657.3 8644.07 8633.59 8628.33 8634.07 8642.25 8650.16 8653.73 8656.76 8656.16 8651.05 8643.03 8637.58 8636.74 8629.3 8622.73 8616.04 8609.4 8604.86 8604.27 8598.77 8593.81 8597.96 8611.82 8628.07 8627.58 8627.2 8626.54 8624.72 8622.31 8618.99 8614.45 8627.32 8634.26 8633.25 8628.08 8622.47 8618.61 8615.94 8615.64 8615.96 8616.65 8610.79 8605.69 8601.18 8599.09 8601.08 8600.86 8600.1 8599.36 8599.93 8605.8 8607.29 8608.61 8611.85 8611.9 8615.7
9015.47 8989.07 9019.58 9021.37 8919.81 8843.15 8784.92 8736.5 8690.88 8672 8657.04 8645.41 8638.53 8638.15 8642.32 8650.76 8661.2 8669.32 8665.11 8664.15 8657.38 8650.62 8645.39 8639.93 8633.01 8624.21 8615.37 8607.62 8599.91 8590.26 8588.33 8592.63 8599 8617.4 8628.24 8632.76 8626.97 8625.69 8624.39 8623.51 8622.7 8619.49 8627.88 8635.15 8633.94 8627.99 8620.76 8614.75 8613.93 8613.72 8614.15 8615.09 8613.64 8608.5 8604.89 8599.26 8597.54 8598.72 8600.21 8601.88 8605.35 8605.7 8609 8612.76 8615.72 8617.65 8618.05
8896.26 8884.46 8904.38 8903.73 8850.46 8803.76 8769.37 8743.35 8713.71 8673.89 8656.23 8644.16 8637.41 8640.1 8648.45 8658.99 8669.08 8672.42 8660.84 8653.2 8650.06 8649.34 8650.77 8643.68 8632.37 8622.92 8614.47 8606.07 8597.76 8588.87 8587.39 8595.59 8604.32 8619.22 8627.1 8633.37 8630 8625.94 8624.99 8625.66 8629.13 8640.25 8644.13 8644.67 8636.96 8627.91 8618.66 8610.42 8610.44 8612.09 8614.03 8613.21 8617.19 8618.12 8609.72 8598.99 8596.79 8610.47 8602.65 8602.13 8601.54 8598.59 8609.17 8620.88 8628.12 8629.63 8627.02
8691.28 8731.97 8744.41 8718.22 8742.04 8744.51 8736.66 8728.84 8725.35 8677.58 8650.06 8639.45 8635.84 8641.69 8652.28 8663.81 8674.17 8676.44 8658.15 8624.46 8642.24 8652.76 8652.56 8643.56 8628.41 8620.65 8614.69 8606.97 8598.98 8590.47 8586.33 8587.72 8595.36 8618.51 8630.09 8629.9 8626.03 8624.77 8624.61 8625.79 8628.58 8633.01 8644.75 8646.61 8638.04 8627.89 8617.09 8606.58 8608.86 8611.81 8616.47 8622.92 8621.09 8622.79 8613.35 8600.8 8597.58 8606.08 8600.74 8601.1 8606.33 8617.06 8620.88 8630.76 8642.64 8646.11 8642.52
8626.79 8646.34 8651.2 8640.64 8669.79 8692.77 8697.33 8688.39 8661.35 8639.55 8634.87 8632.07 8634.09 8642.41 8655.29 8667.58 8677.3 8679.78 8673.11 8666.43 8657.76 8657.96 8663.84 8652.38 8631.49 8625.99 8618.45 8610.75 8602.83 8595.8 8590.91 8585.81 8583.14 8599.6 8626.36 8631.32 8628.06 8625.42 8624.38 8624.87 8627.39 8633.26 8640.41 8643.56 8635.97 8628 8620.51 8619.39 8613.42 8611.76 8608.92 8612.4 8619.37 8618.37 8612.73 8604.21 8598.62 8598.62 8593.18 8596.79 8605.44 8619.89 8626 8635.49 8647.99 8652.36 8651.77
8624.21 8626.85 8628.66 8627.18 8649.34 8663.74 8667.38 8664.05 8646.87 8625.59 8624.25 8625.21 8629.94 8642.08 8657.78 8672.71 8682.39 8685.97 8685.95 8682.89 8670.72 8664.46 8663.33 8657.74 8652.16 8636.72 8625.94 8617 8609.03 8603.89 8603.57 8603.44 8595.88 8593.88 8617.2 8624.19 8623.34 8623.45 8623.53 8622.98 8623.02 8625.87 8630.64 8626.6 8631.51 8627.87 8623.09 8616.57 8617.05 8616.79 8612.97 8614.38 8623.71 8628.81 8625.84 8613.11 8608.04 8602.61 8593.38 8592.04 8593.97 8609.28 8619.52 8629.98 8641.12 8647.96 8647.21
8612.97 8620.8 8633.9 8655.42 8655.98 8649.19 8644.34 8642.04 8635.15 8626.83 8621.31 8620.19 8624.14 8642.8 8662.07 8681.06 8695.02 8697.53 8691.7 8683.91 8676.91 8666.7 8648.38 8655.3 8650.74 8642.37 8632.16 8623.36 8614.98 8608.7 8608.28 8611.67 8601.67 8601.12 8608.49 8611.34 8618.57 8622.76 8621.55 8620.05 8620.18 8623.24 8628.1 8635.09 8631.4 8628.68 8626.4 8627.12 8626.14 8627.31 8630.54 8632.25 8634.94 8639 8634.31 8619.54 8612.13 8610.03 8596.62 8593.57 8591.78 8594.26 8607.21 8618.94 8629.72 8637.95 8637.67
8616.08 8621.69 8633.75 8653.27 8648 8631.13 8619.98 8609.93 8612.06 8617.87 8617.31 8621.18 8632.83 8645.09 8666.28 8689.03 8710.37 8710.64 8700.06 8690.99 8682.45 8672.29 8654.04 8655.05 8653.17 8646.36 8638.04 8629.66 8621.14 8612.32 8603.1 8607.79 8604.02 8607.64 8600.58 8598.88 8609.46 8617.58 8617.66 8616.86 8614.7 8618.98 8624.59 8628.84 8628.62 8629.6 8630.03 8626.64 8628.25 8636.49 8645.53 8644.36 8643.03 8640.45 8632.21 8625.73 8621.95 8613.09 8603.19 8600.97 8599.84 8597.03 8599.73 8609.47 8615.25 8612.7 8626.39
8618.7 8619.79 8618.45 8618.1 8612.15 8606.47 8597.12 8587.8 8593.3 8604.23 8607.24 8608.42 8620.72 8643.08 8666.8 8690.38 8708.59 8714.54 8708.54 8699.61 8690.18 8681.66 8671.23 8659.34 8654.08 8650.55 8643.95 8636.27 8628.25 8620.39 8613.18 8610.31 8606.56 8597.96 8591.23 8591.64 8600.71 8607.64 8613.08 8617.11 8619.36 8620.83 8621.22 8618.3 8624.87 8631.93 8636.66 8642.87 8648.01 8642.6 8640.65 8645.46 8648.82 8649.34 8645.69 8631.58 8627.57 8621.92 8615.55 8608.37 8604.79 8596.95 8595.38 8607.77 8620.09 8632.48 8622.49
8599.36 8597.5 8597.9 8593.73 8590.73 8585.42 8578.96 8575.75 8578.19 8587.13 8594.12 8602.78 8616.95 8639.21 8664.57 8689.14 8703.86 8718.09 8715.76 8709.88 8696.27 8680.88 8676.45 8670.82 8663.01 8655.99 8648.54 8641.56 8634.91 8628.75 8623.92 8614.36 8599.52 8595.74 8594.45 8594.08 8598.19 8602.77 8610.17 8618.26 8625.88 8625.39 8624.71 8624.1 8630.33 8637.07 8642.26 8646.34 8646.07 8646.7 8644.1 8648.53 8653.21 8657.47 8655.81 8623.34 8625.19 8624.13 8614.16 8611.7 8613.21 8601.02 8600.5 8611.12 8625.54 8637.61 8632
8581.05 8581.14 8580.84 8579.2 8576.2 8568.53 8562.54 8556.43 8561.57 8566.33 8572.37 8588.5 8608.08 8631.6 8659.43 8688.98 8715.07 8726.31 8731.25 8720.05 8703.87 8685.14 8681.02 8680.21 8671.67 8661.29 8653.19 8645.89 8639.55 8633.72 8626.54 8611.48 8605.29 8598.97 8597.42 8601.01 8601.8 8602.99 8608.94 8616.93 8623.58 8626.73 8630.45 8637.49 8641.73 8642.61 8646.52 8652.67 8664.57 8662.06 8649.4 8656.14 8655.51 8655.47 8651.9 8635.58 8632.46 8629.14 8619.14 8615.36 8608.52 8607.15 8606.79 8615.7 8628.53 8639.37 8644.48
8569.76 8570.01 8565.31 8560.29 8553.92 8553.08 8551.29 8550.7 8550.1 8550.08 8557.43 8570.56 8593.89 8620.07 8649.38 8681.92 8711.34 8729.64 8735.19 8727.78 8712.82 8701.28 8686.28 8678.92 8673.68 8665.49 8657.42 8650.15 8643.28 8637.34 8629.39 8618.4 8612.22 8607.54 8614.1 8611.3 8608.75 8606.6 8610.26 8615.08 8620.76 8625.47 8631.7 8640.02 8643.19 8644.15 8647.25 8653.04 8659.29 8664.48 8670.54 8660.72 8654.32 8648.31 8642.5 8649.55 8642.35 8637.7 8634.1 8626.37 8620.63 8614.08 8610.05 8619.64 8632.96 8645.81 8652.26
8557.16 8554.13 8552.36 8547.43 8542.5 8542.69 8544.31 8544.04 8545.77 8549.29 8555.81 8567.09 8583.37 8605.81 8632.48 8663.78 8695.34 8721.91 8736.71 8729.04 8714.42 8701.25 8693.58 8687.56 8676.21 8666.93 8658.2 8651.24 8644.98 8638.77 8633.87 8627.73 8625.75 8631.05 8621.58 8620.23 8617.7 8618.38 8617.21 8614.41 8616.49 8623.78 8629.55 8634.14 8637.76 8640.9 8644.9 8648.99 8649.18 8651.59 8650.86 8654.52 8650.93 8644.8 8638.25 8655.27 8648.81 8640.59 8631.35 8631.94 8628.17 8618.99 8617.61 8625.47 8636.85 8646.47 8653.61
8551.62 8551.42 8548.21 8541.44 8534.23 8536.86 8541.7 8544.05 8542.92 8544.16 8548.11 8559.12 8572.38 8589.84 8610.2 8635.86 8669.39 8705.13 8726.72 8724.95 8713.48 8694.34 8690.63 8680.63 8673.15 8664.65 8656.81 8649.63 8643.12 8637.84 8630.58 8623.42 8624.26 8627.63 8626.17 8625.72 8623.33 8622.03 8619.09 8619.05 8621.28 8624.83 8628.62 8629.98 8630.27 8637.82 8642.42 8644.78 8646.52 8652.38 8655.14 8654.24 8651.02 8646.43 8644 8647.03 8646.92 8643.96 8643.68 8637.17 8632.06 8622.4 8620.94 8631.81 8642.87 8652.56 8659.13
8549.74 8553.93 8547.74 8541.01 8537.31 8536.77 8535.43 8538.2 8541.15 8542.65 8543.23 8549.88 8562.91 8576.5 8589.22 8600.67 8634.32 8678.34 8708.4 8719.05 8720.49 8713.28 8696.32 8683.32 8669.62 8660.26 8652.87 8646.44 8640.94 8637.45 8631.99 8619.82 8619.81 8620.8 8629.25 8630.84 8626.96 8621.01 8617.58 8617.36 8623.26 8628.99 8632.83 8634.33 8636.7 8641.33 8643.99 8642.73 8637.05 8649.6 8658.42 8655.76 8651 8647.15 8645.19 8641.29 8643.7 8645.04 8640.69 8628.05 8619.94 8624.01 8631.73 8639.77 8649.82 8660.18 8666.5
8542.87 8544.11 8542.12 8540.51 8540.58 8538.91 8539.97 8541.41 8544.09 8546.2 8546.69 8549.14 8560.72 8571.75 8580.31 8592.95 8623.15 8660.59 8692.43 8713.19 8720.82 8712.23 8694.88 8673.42 8663.32 8654.93 8648.05 8642.7 8637.81 8632.72 8629.51 8630.24 8624.43 8624.4 8629.67 8635.22 8632.67 8625.64 8621 8626.98 8631.23 8636.62 8641.06 8644.82 8647.06 8651.18 8652.12 8650.24 8649.39 8662.93 8663.32 8657.4 8651.01 8646.16 8637.73 8631.63 8639.95 8646.99 8649.07 8633.33 8619.41 8627.09 8637.3 8646.42 8655.39 8663.05 8666.04
8542.39 8537.57 8537.95 8540.61 8539.07 8540.08 8540.86 8546.57 8550.84 8553.21 8553.39 8556.49 8566.71 8576.52 8584.68 8592.9 8629.19 8674.48 8696.46 8709.63 8717.64 8708.89 8691.13 8672.07 8656.41 8649.46 8645.49 8642.02 8637.18 8627.96 8628.26 8629.42 8633.18 8636.46 8645.53 8648.05 8642.26 8637.21 8637.56 8642.21 8641.89 8645.39 8651.09 8657.88 8666.64 8666.25 8664.71 8662.95 8664.21 8665.5 8663.75 8657.47 8650 8642.15 8639.4 8626.17 8634 8643.37 8654.83 8641.4 8629.55 8632.97 8640.63 8653.27 8661.1 8665.89 8666.86
8543.31 8543 8544.79 8545.54 8548.74 8550.41 8551.94 8554.2 8560.09 8565.37 8567.49 8572.58 8579.39 8588.9 8601.16 8614.44 8641.67 8669.24 8691.49 8702.13 8706.27 8699.28 8682.89 8656.94 8649.83 8646.79 8645 8643.3 8642.38 8644.46 8639.81 8650.17 8653.01 8658.32 8656.67 8656 8650.12 8646.2 8647.32 8647.41 8647.06 8652.44 8659.76 8669.38 8679.16 8679.94 8676.79 8675.06 8671.56 8666.79 8664.93 8657.55 8648.19 8634.63 8619.8 8631.85 8627.26 8632.02 8639.77 8634.49 8635.64 8641.89 8651.52 8664.79 8666.41 8669.54 8675.25
8539.03 8544.98 8548.1 8550.33 8551.63 8550.73 8551.07 8561.44 8569.97 8580.11 8590.11 8590.94 8591.3 8600.42 8617.58 8641.1 8650.22 8666.56 8678.94 8689.49 8696.36 8691.73 8681.37 8654.79 8647.69 8647.67 8647.6 8647.04 8646.75 8647.26 8650.68 8655.48 8657.83 8654.98 8652.92 8655.77 8655.78 8647.78 8631.21 8631.16 8648.35 8658.42 8666.84 8675.96 8684.2 8686.49 8685.42 8684.83 8684.97 8680.36 8670.26 8660.48 8649.8 8638.79 8635.23 8616.53 8605.54 8617.64 8631.8 8644.75 8644.81 8650.21 8660.23 8666.59 8667.41 8668.18 8669.68
8546.88 8548.44 8550.88 8555.46 8557.34 8560.47 8566 8568.88 8575.68 8586.24 8598.78 8591.49 8594.27 8603.87 8618.8 8633.38 8640.65 8647.84 8659.87 8671.6 8679.33 8680.75 8675.62 8659.87 8652.77 8651.02 8650.98 8650.98 8651.58 8654.04 8659.78 8668.6 8677.3 8678.89 8674.29 8677.48 8664.72 8653.19 8648.27 8650.14 8654.6 8664.56 8672.18 8679.29 8687.34 8689.85 8688 8689.72 8694.94 8690.61 8674.27 8662.92 8653.53 8647.66 8660.93 8598.94 8586.5 8607.31 8629.06 8640.73 8645.86 8654.08 8662.86 8664.28 8667.19 8666.85 8667.33
8548.45 8553.71 8560.45 8562.17 8566.24 8571.29 8571.79 8572.38 8575.15 8579.06 8580.97 8580.14 8589.61 8598.25 8610.21 8623.85 8625.85 8631 8639.21 8646.67 8655.31 8662.76 8674.73 8666.25 8659.45 8654.5 8652.24 8653.12 8656.77 8662.73 8671.74 8674.9 8676.53 8675.75 8677.58 8680.93 8667.69 8657.6 8653.04 8657.49 8663.43 8670.53 8675.22 8678.43 8678.6 8678.24 8685.18 8688.22 8687.51 8682.31 8671.38 8661.01 8653.83 8650.81 8661.7 8614.29 8593.55 8609.62 8626.48 8631.51 8643.81 8654.85 8663.38 8666.45 8668.7 8668.57 8669.32
8548.82 8552.87 8557.94 8562.01 8568.23 8573.67 8571.97 8571.38 8571.25 8570.39 8570.38 8580.8 8585.04 8588.46 8590.27 8597 8609.11 8616.58 8620.93 8620.72 8622 8634.33 8645.38 8657.77 8657.37 8650.06 8647.7 8650.15 8655.46 8657.89 8655.6 8657.75 8662.37 8667.28 8670.27 8667.23 8661.14 8655.31 8655.79 8666.22 8670.76 8674.38 8678.6 8680.36 8677.7 8676.62 8685.79 8686.66 8681.66 8674.37 8664.14 8656.75 8650.85 8649.02 8654.33 8624.72 8612.52 8620.05 8624.08 8628.22 8647.97 8654.26 8659.12 8667.67 8669.82 8671.99 8675
8547.56 8547.04 8548.65 8555.72 8563.68 8568.09 8568.3 8568.37 8567.78 8570.51 8575.7 8580.84 8580.64 8580.5 8579.77 8584.99 8597.23 8604.33 8607.27 8610.05 8613.03 8609.78 8616.29 8633.75 8639.55 8634 8635.85 8641.91 8646.89 8647.31 8644.17 8647.94 8650.9 8659.41 8661.18 8657.25 8653.66 8649.41 8650.91 8674.04 8674.63 8678.37 8682.22 8686.73 8692.59 8698.59 8696.03 8690.23 8677.63 8663.45 8656.49 8652 8644.13 8631.36 8615.64 8625.92 8627.49 8631.33 8633.76 8619.47 8641.93 8652.05 8659.78 8662.97 8668.11 8675.6 8689.04
8544.8 8544.96 8544.76 8552.36 8559.73 8560.91 8564.5 8565.2 8564.98 8564.15 8568.76 8575.22 8576.69 8575.88 8576.28 8579.36 8584.94 8592.08 8596.33 8598.35 8597 8588.34 8588.23 8595.51 8598.62 8607.25 8617.71 8629.65 8645.94 8650.27 8652.35 8645.26 8648.2 8646.94 8648.23 8649.25 8648.81 8645.38 8643.3 8662.98 8670.83 8677.11 8684.24 8691.75 8701.74 8709.84 8704.36 8696.95 8689.96 8673.29 8660.57 8651.16 8644.18 8636.57 8626.16 8636.74 8642.5 8626.82 8608.05 8603.35 8633.16 8647.34 8657.98 8662.4 8665.81 8675.82 8688.79
8548.85 8549.42 8551.46 8555.89 8561.05 8562.83 8565.68 8562.94 8562.13 8564.52 8568.18 8575.11 8574.34 8573.18 8572.56 8577.14 8578.6 8585.88 8589.61 8589.87 8589.41 8587.09 8579.66 8569.49 8563.41 8582.56 8596.77 8609.05 8622.19 8634.09 8630.7 8626.64 8626.52 8627.24 8630.13 8637.68 8642.69 8645.28 8649.95 8657.39 8664.21 8672.79 8681.96 8691.16 8700.37 8711.3 8702.82 8696.13 8690.38 8673.23 8658.89 8650.71 8647.39 8642.18 8633.51 8644 8645.09 8616.88 8587.54 8601.01 8622.29 8640.42 8652.29 8657.26 8660.94 8672.37 8683.82
8552.97 8554.44 8557.31 8561.2 8564.25 8564.36 8559.07 8560.79 8560.45 8554.77 8562.4 8566.76 8568.52 8572.14 8577.08 8584.06 8593.7 8590.55 8588.59 8586.43 8586.76 8587.71 8578.46 8567.58 8565.6 8570.26 8579.29 8586.22 8590.76 8595.93 8591.52 8588.05 8596.98 8600.35 8609.61 8624.47 8637.36 8643.37 8647.57 8644.88 8656.77 8667.59 8677.52 8686.56 8692.3 8691.41 8693 8689.24 8678.8 8664.94 8652.72 8648.45 8646.77 8642.19 8639.57 8644.66 8643.32 8616.2 8594.48 8611.66 8629.06 8639.9 8651.86 8653.98 8661.61 8673.67 8684.67
8555.93 8558.62 8561.35 8565.45 8567.43 8562.01 8560.46 8561.87 8563.24 8566.33 8562.31 8560.18 8564.68 8571.51 8578.95 8586.91 8592.85 8593.35 8591.01 8588.31 8589.77 8588.02 8578.94 8568.4 8561.27 8564.45 8568.72 8571.16 8570.58 8570.27 8578.84 8575.36 8571.6 8582.4 8597.83 8608.84 8617.94 8635.59 8645.81 8643.65 8651.01 8661.4 8672.31 8682.79 8689.55 8689.8 8694.78 8693.1 8681.44 8665.02 8648.13 8648.48 8648.1 8645.51 8643.17 8642.98 8637.29 8616.77 8605.56 8611.99 8623.17 8643.37 8656.19 8665.22 8666.04 8677.71 8691.71
8555.65 8556.69 8565.16 8572.4 8574.09 8572.95 8565.79 8563.71 8566.06 8570.87 8565.26 8563.83 8566.53 8571.99 8578.3 8589.01 8594 8594.29 8592.9 8594.57 8591.67 8587.41 8579.89 8571.24 8565.61 8564.81 8566.24 8567.08 8565.78 8571.67 8578.2 8578.75 8581.75 8584.98 8590.7 8597.75 8605.48 8622.32 8632.51 8636.44 8644.09 8655.89 8668.37 8680.56 8691.6 8702.89 8706.3 8704.38 8694.45 8675.08 8660.67 8652.93 8647.52 8643.7 8641.81 8640.5 8636.72 8629.66 8618.35 8624.71 8641.46 8655.94 8661.11 8661.76 8665.93 8680.71 8698.82
