real_craters/C159-1000m.grd
DSAA
66 66
-32.71 32.71
-32.71 32.71
10149.836310072 11865.009548321
[rows 31 to 61 of 66, columns 0 to 65 of 66]
11159.5 11175.2 11183.5 11188.5 11190.1 11203.8 11237.9 11215.5 11243.4 11310 11412.1 11609 11553.4 11403.7 11222.1 11004.8 10938.1 11195.2 11155.6 11094.2 10774.9 10583.2 10419.8 10330.3 10330.4 10345.3 10348.8 10362.2 10289.1 10295.3 10372 10503 10591.6 10549.6 10468.2 10407 10337.9 10291.2 10250.9 10241.7 10244.4 10250.9 10248.2 10254 10276.7 10507.3 10776.7 11020.5 11051.2 10972.9 10999.4 11064.3 11142.4 11216.7 11273.9 11293 11209.3 11167.7 11153.1 11122 11099.1 11094.3 11089 11086.2 11084 11076
11153.7 11161.5 11170.1 11189.2 11187.7 11191.1 11222.6 11211 11251.4 11305 11378.3 11553.6 11592.4 11493.8 11392.9 11295.9 11255.3 11174 11146 11123.6 10807 10601.7 10446.6 10365.1 10375.6 10468.7 10471.3 10352.3 10234.3 10248.1 10339.4 10509.2 10555.2 10593 10515.1 10415.4 10366.2 10318.9 10280.8 10259.7 10252.9 10257.2 10252.2 10257.7 10277.3 10437.9 10755.4 11000 10940.7 10946.6 10999.5 11065.1 11137.3 11206.7 11266.9 11304.4 11210.7 11168.7 11155.5 11132.7 11116.1 11101.3 11091 11074.2 11073.5 11080.6
11142.9 11142.6 11152.7 11168.7 11172.2 11179.3 11193.2 11201.8 11236.4 11296.2 11360.9 11466.8 11559.8 11547.3 11533.3 11581.8 11547.7 11299.9 11140.9 11071.4 10828.1 10619.6 10457.2 10380 10370.9 10376.8 10391.5 10369.8 10246.7 10276.4 10395.5 10501.1 10560 10612.8 10562 10464.8 10393.1 10336.8 10299.4 10273.7 10275 10264.9 10257.6 10260.6 10294.4 10509.7 10793.8 11001.5 11035.4 10983.2 11007.6 11060.9 11130.9 11195.3 11249.9 11249.8 11192.5 11157 11126.2 11125 11117.3 11108.5 11098.2 11096.5 11098.6 11091.2
11134.5 11127.2 11129.1 11144.2 11160.4 11184.8 11200.7 11192.5 11229 11264.2 11332 11411.3 11512.9 11544.3 11569.6 11579.4 11526.2 11507.5 11298.3 11057.3 10852.8 10626.9 10457.3 10376.6 10358.1 10342.1 10305.6 10342.1 10323.4 10306.1 10355.8 10542.9 10626.6 10606.3 10579.3 10496.3 10380.9 10334.3 10311.9 10293.2 10287.4 10274 10263.7 10270.1 10346.1 10597.2 10864.7 11045.9 10996.6 10972.2 11001.8 11063.7 11125 11192.3 11222.2 11188 11166.2 11164.1 11130.8 11128.7 11121.2 11111.6 11107.3 11108.5 11109.7 11099.1
11132.6 11123.6 11124.9 11144.1 11172.4 11188.2 11196.2 11229.2 11276.8 11308.5 11333.8 11385.4 11479.9 11518 11532.5 11527.7 11480.1 11466.1 11436 11103.6 10863.7 10631 10438.1 10377.8 10379.8 10423.3 10410 10367.3 10323.8 10299.5 10331.2 10491.8 10604.5 10638.1 10395.5 10308.4 10320.7 10316 10315 10311.7 10296 10284.1 10276.6 10290.3 10375.7 10687.9 10898.8 11042.8 10890.5 10943.7 11008.6 11075.7 11141 11194.5 11224.7 11197.6 11205 11176.3 11163.5 11147.1 11141.2 11119.7 11112 11110 11107.7 11107.9
11130.1 11124.3 11126.5 11151.3 11190 11188.4 11182.3 11209.2 11266.2 11267 11367.9 11397.9 11467.2 11489.3 11486.8 11463.8 11419.2 11371 11310.6 11164.3 10922.4 10657.3 10438.4 10396.1 10391.9 10386.7 10371.2 10357.6 10301.9 10272.4 10333.3 10384.7 10464.3 10489.1 10325.5 10259 10279.8 10293.7 10305 10304.1 10299.8 10294.4 10292.5 10305.4 10424.1 10723.9 10872.8 10903.7 10876.8 10942.2 11017.4 11088.4 11151.1 11206.3 11235.3 11209.5 11191.1 11177.9 11164.4 11154.6 11147.7 11129.8 11110.9 11097 11099.1 11099.4
11128.7 11126 11125.8 11153.2 11201.4 11195.1 11175.9 11187.9 11225.9 11256.6 11339.8 11405.5 11450.1 11466.2 11461.7 11396.9 11353.2 11292.3 11293.2 11242.8 11024.7 10767.9 10538.2 10469.9 10423.8 10400.7 10387.3 10342.8 10339.4 10341.5 10376.9 10371 10388.4 10345.2 10352.7 10295.7 10281.9 10292.3 10301.3 10299.9 10308.5 10305.5 10301.3 10321.1 10482.6 10744.2 10853.1 10875.2 10927.5 10982.1 11042.2 11111.8 11166.3 11219.4 11257 11206.4 11185.7 11188.7 11155.1 11151.5 11151.6 11136.2 11118.5 11102.1 11095.3 11097.9
11136.2 11137.1 11141.8 11159.3 11199.4 11209.7 11189.9 11204 11224.3 11258.1 11309.4 11344.8 11402.7 11464.4 11506.1 11459.2 11331.4 11206.4 11176.9 11241.5 11102.9 10947.9 10779.9 10588.9 10465.7 10397.7 10432.5 10396.1 10366.8 10353.6 10431.6 10385.9 10395.4 10334.3 10288 10292.4 10293.3 10304.6 10312.4 10322.5 10328.9 10331.5 10331.5 10371.1 10708.8 10882.2 10922.7 10917.4 10995.3 11035.5 11082.7 11128.7 11176.8 11219.7 11253.8 11226.6 11207.6 11183.8 11155.1 11149.3 11151.3 11140.6 11128.2 11114.3 11101.6 11099.9
11149.8 11152.6 11156.1 11167.5 11207.7 11222.4 11211.9 11221.8 11236.6 11242.7 11251.1 11303.3 11370.8 11479.5 11579.2 11584.2 11356.9 11174.8 11147 11169.2 11135.5 11037.3 10876.6 10682.8 10502.6 10401.4 10416.2 10425.6 10408.5 10405 10427.3 10366.9 10373.1 10332.8 10285.8 10282.7 10301.4 10309.4 10328.6 10353.4 10359.1 10379 10411.1 10520.4 10788.4 11030.9 11036.2 10977.4 11039.5 11090.1 11126.4 11158.2 11185.4 11206.9 11218.6 11234 11217.9 11176.4 11163.7 11156.1 11149.4 11133.4 11120.2 11112.4 11110.2 11113.9
11156.5 11165.2 11171 11167.1 11191 11220.3 11228.2 11241.5 11249.6 11243.3 11254.8 11305.7 11386.7 11498.3 11596.3 11577.2 11401.7 11210.5 11168.8 11181.2 11132.9 11101.4 10959.4 10757.2 10555.3 10418.6 10418.1 10431.6 10444.3 10458.3 10487.5 10425.4 10392.1 10368.7 10289.6 10313.7 10331.1 10344.6 10342.8 10356.9 10393.2 10458.4 10544.4 10696.9 10861.2 10995.5 10998.3 11000.3 11089.5 11148.8 11179.6 11191.2 11199.4 11202 11205.2 11214.1 11209.1 11187 11178.2 11165.5 11140.7 11123.5 11115.6 11106.3 11114 11122.3
11168.6 11172.2 11173.2 11186.5 11190 11207.4 11216.3 11244.2 11250.6 11237.8 11262.1 11320.9 11379.7 11483.8 11571.2 11578.9 11486.6 11356.6 11210.9 11191.8 11076.9 10927.2 10885 10822.3 10719.2 10532.3 10457.2 10464.1 10466.3 10468.9 10500.6 10492.7 10444.1 10476.9 10445.3 10397.2 10401.3 10384.3 10375.4 10381.6 10444.8 10558.6 10702 10839 10909.5 10968 10979.2 11108.7 11204.6 11247.5 11255.7 11248.1 11230.9 11207.4 11193.9 11201.2 11198.4 11192 11201.4 11188.1 11150.2 11127.5 11109.8 11103.9 11112.2 11122.5
11167.5 11177.5 11196.8 11194.5 11201.7 11224.4 11221 11235.1 11242.5 11248.1 11284.4 11335 11372.8 11441.4 11497.1 11532.7 11551.5 11604.5 11462.3 11267.7 11120.1 10911.4 10886.2 10900.5 10905.2 10722.8 10575.5 10565.5 10531.7 10492.6 10516.3 10545.8 10571.8 10528 10505.2 10501.3 10504.6 10477 10455.7 10441.5 10504.8 10647.3 10809.9 10908.9 11012 11050 11122.4 11353.4 11389.4 11367.8 11333.3 11295.7 11258 11227.4 11209.3 11193.8 11182.8 11197 11209.8 11203.1 11157.3 11141.7 11123.1 11122.8 11131.5 11130.1
11155 11167.7 11196.1 11201.8 11200.6 11221.8 11233.5 11229.5 11237.3 11283.9 11334.4 11364 11376.4 11412.3 11446.3 11491.4 11537.4 11599.7 11807.2 11600.2 11374.3 11112.8 11032.9 10976.7 10956 10975.2 10814.6 10779.9 10740 10610 10531.9 10559.3 10560.4 10582.9 10600.4 10603.2 10601.7 10597.6 10582.5 10563.2 10617.8 10744.1 10842.4 11052 11062.1 11178.3 11375.1 11611.5 11545.7 11464.8 11392.3 11331 11279.3 11239.7 11212.2 11196.3 11185 11190.2 11198.8 11198.4 11175.9 11157.1 11150 11150.5 11133.8 11126.3
11143.9 11135.8 11133.5 11179.8 11192.6 11229 11230.4 11218.8 11219.8 11240.1 11383.5 11391.2 11373.3 11373.1 11413.3 11444.9 11485.7 11534.3 11671.1 11827.8 11662.5 11461.4 11255.8 11075.3 10911.7 10928.2 10961.8 10843.2 10949.6 10914.4 10728.5 10681.6 10687.9 10682.1 10687.8 10723.4 10718.9 10716.4 10735 10793.3 10877.1 10885.1 10982.4 11113.3 11076.9 11286.7 11558.3 11669.9 11609.8 11500.5 11408.3 11335.3 11277.5 11241.1 11208.9 11191.3 11175.5 11170 11177.6 11182.1 11181.2 11166.8 11176.4 11155.3 11110.5 11114.6
11136.6 11111.1 11053.5 11137 11179.7 11194.4 11204.2 11208.2 11216.2 11271.9 11385.9 11408.9 11416.6 11410 11369.6 11413.5 11463.4 11497.7 11520.3 11587.5 11692.3 11668.9 11433.7 11227.4 11050.9 10942.1 10852.5 10814.7 10817.8 11045 11092.4 11015.8 11046.2 11084.8 10964.4 10919.4 10848.8 10841.9 10834.2 10864.1 10897.7 10972.8 11020.1 11179 11267.9 11452.3 11672.6 11640.2 11542.2 11454.9 11377.2 11315.4 11262.9 11226.1 11202.9 11180.5 11159.2 11156.3 11158.1 11160.7 11161 11160.9 11164.5 11142.7 11112.9 11112.3
11199.4 11137 11084 11134.1 11196.1 11196.6 11191.9 11208 11239 11302.5 11368.1 11398.5 11428.7 11423.6 11391.2 11408.1 11444 11470.7 11473 11511.9 11586.3 11621.9 11533.9 11409.4 11249 11101.1 10955 10844.3 10813.9 10813.6 10857.3 11039.6 11083.1 11036.9 10987.9 10918.6 10932.1 10955.1 10960.4 10935 10945 11164.6 11344.3 11459.1 11547.6 11517.5 11480.7 11467.6 11435.1 11388.2 11344.4 11291.1 11246.5 11208.9 11193.7 11176.3 11156.5 11148.4 11146 11144.5 11145.6 11150.2 11148 11146.7 11136.3 11121.5
11150 11144.7 11166.5 11218.6 11214.6 11231.1 11202.2 11218.4 11243.3 11296.2 11365.4 11390.2 11406.9 11419.4 11413.3 11413 11427.7 11443.6 11454.2 11556.3 11593.8 11601.2 11583.6 11584.6 11638.5 11490.1 11273.2 11095.5 10984.3 10910.5 10853.6 10935.1 10991 11038 11032.6 10999.3 11083 11134.9 11147.9 11148.4 11163.1 11406.8 11527.6 11417.5 11423.5 11395.4 11347.2 11339 11353.5 11333.5 11299.3 11259.5 11222.9 11190.2 11186 11180.2 11170.2 11154.8 11144.6 11143.9 11143.9 11141.3 11149.4 11147.5 11144.6 11139.4
11117.2 11132.6 11155.3 11179.5 11226.1 11220.3 11214 11225.8 11250.5 11303.4 11354.3 11360.2 11372 11380.4 11410.1 11405.5 11395.9 11392.4 11439.6 11584.1 11593.7 11605.7 11583.5 11582.7 11724.5 11780 11632.3 11502.1 11399.3 11271.2 11099.1 11063.5 11118 11163.7 11252.4 11253.2 11316.1 11316 11335.5 11390.5 11538.3 11440.1 11396.9 11382.5 11351 11337.8 11350.1 11305.9 11289.4 11273.8 11263.2 11238.9 11210.2 11188 11184.5 11183.3 11178.4 11166.4 11148.7 11144.8 11147.5 11138.6 11144.2 11142.9 11143.2 11149.5
11130.2 11136.1 11147.4 11199.1 11240.3 11199.6 11199.4 11219.3 11245.4 11249.2 11266.1 11296.3 11339.9 11395.3 11403.6 11393.6 11376.6 11373 11366.2 11470.5 11560.2 11572.7 11555 11560 11635.3 11793 11788.5 11844.7 11865 11667 11521.8 11426.4 11380.9 11475.1 11591.8 11712.9 11548.3 11480.1 11476.9 11532.2 11587.4 11502.9 11435.7 11362.6 11327.2 11316.7 11309.8 11307.7 11272.2 11252 11235.1 11217.1 11202 11186.8 11185.9 11179.4 11170.8 11161.4 11147.6 11142.1 11145.9 11147.8 11141.3 11143.3 11140.4 11136.2
11138.9 11141.6 11152.3 11218.1 11239.7 11197 11184.3 11204 11227.1 11224.8 11219.7 11234.9 11299.3 11364.5 11391.7 11381.9 11377.6 11362.6 11339.2 11375.9 11421.5 11485.4 11512.9 11553.5 11598.1 11630.5 11695.1 11738 11697.9 11600.8 11553.3 11590.5 11608.5 11659.8 11662.4 11631.2 11571.4 11520.6 11515.6 11542.4 11585.6 11595.5 11454.8 11327.5 11322.8 11338.3 11344.6 11276.5 11256.6 11245.2 11230.9 11219.9 11208.4 11197.8 11189.4 11185.2 11172.2 11158.9 11147.9 11140.1 11142.6 11142 11145.6 11144 11141.9 11136.7
11137.4 11139.4 11148.2 11201.9 11234.7 11202.6 11183.7 11189.6 11193.8 11196.7 11195.1 11214.2 11256.3 11310 11362.9 11357.8 11351.5 11343.1 11350.2 11385.4 11416.6 11463 11480.7 11466.7 11462.7 11550.8 11545 11523.6 11574.8 11615.5 11574.7 11580.6 11621.9 11606.4 11571.1 11552 11502 11478 11472.5 11476.3 11488.4 11504.6 11383.2 11300 11298.5 11317.9 11286.9 11250 11246.9 11236.1 11224.9 11215.6 11210.6 11200.8 11188.3 11175.1 11166.8 11149.1 11145.9 11138.7 11142.1 11153.2 11154 11146.6 11150.2 11152.9
11134.5 11139.6 11142 11170.7 11184.6 11194.4 11184.6 11182.4 11183.2 11190 11193.8 11209.7 11222.3 11243.9 11302.7 11315.9 11325 11330 11351.6 11404.7 11486.8 11473.5 11472.7 11486.2 11443.5 11435.7 11458 11468.5 11517.8 11568 11540.1 11524.1 11567.6 11531.2 11471.6 11411.6 11406 11417.1 11413.2 11400.4 11374.9 11382.6 11293.7 11272 11268.7 11264.6 11256 11268.6 11255.9 11228.3 11217.4 11212.5 11209 11199 11184.9 11172.7 11163.9 11150.9 11145.1 11140 11138.7 11155.8 11156.6 11158.9 11159.7 11157.1
11138.1 11136.6 11142.1 11159.5 11225.3 11200.9 11185.1 11186.4 11186.1 11196.3 11192.4 11191.8 11199.8 11212.2 11239 11268.8 11282.1 11318 11372.5 11430.5 11463.9 11454.5 11448.3 11449.1 11437.7 11403.2 11413.5 11439.2 11453.6 11499.2 11496.2 11484.5 11478.7 11427.9 11384.3 11373.7 11365.7 11364.6 11364.7 11355.1 11342.4 11321.7 11266 11248.6 11244.1 11237.9 11239.9 11260 11211.5 11201.8 11207.6 11205.5 11196.7 11190 11181 11171.4 11159.9 11150.2 11148.4 11144.3 11139 11140.5 11148.8 11161.8 11169.3 11171.2
11150 11140.5 11133.2 11149 11182.4 11193.8 11194.7 11202 11207.8 11208.2 11202.7 11191.2 11191.6 11197.9 11212.9 11241.4 11266.2 11289.6 11341.1 11390.5 11418.6 11397.2 11412.3 11416.6 11386.5 11357.3 11368.2 11397.9 11417.4 11419.8 11486 11440.8 11384.8 11365.2 11348.9 11324 11319.5 11327.5 11335.3 11339.8 11338.5 11310.4 11249.9 11241.2 11238.9 11240 11211.9 11113.5 11119 11191.4 11206.3 11204.9 11199.9 11189.6 11181.2 11168.7 11157.6 11150.7 11148.6 11148.2 11146.5 11141 11145.3 11159.8 11166.9 11170
11158.6 11153.5 11155.1 11146 11165.2 11192.2 11214.3 11218.4 11199.6 11185.8 11194.8 11207.5 11194.4 11207 11212.5 11227.1 11233.6 11244.3 11259.3 11258.8 11336.3 11367.8 11360.3 11322.5 11289.2 11310.4 11342.6 11377.5 11368.6 11390.3 11398.9 11422 11359.2 11327.1 11305 11293.7 11289.5 11300.4 11311.8 11321.3 11329 11297.1 11255 11238.7 11233 11233.9 11236.7 11255.8 11279.7 11232.9 11223.6 11214.3 11198.8 11196.9 11187.7 11171.5 11163.4 11154.5 11146.9 11148.6 11147.3 11144.8 11151.8 11152.5 11159 11164.3
11153.3 11140.3 11151.4 11157.9 11157.7 11181.5 11242.1 11264.1 11226.3 11204.1 11219.1 11212.4 11198.8 11208 11217.4 11220.5 11224.7 11224.2 11218.2 11215.2 11263.8 11320.2 11296.1 11254.6 11251.9 11284.5 11324.9 11375.6 11382.9 11376.9 11366.4 11377.9 11315.1 11293 11274.2 11267.7 11269.6 11282.9 11294.2 11302.4 11302.3 11273.8 11250.6 11236.9 11232.9 11248.9 11254.6 11267.6 11262.3 11255.6 11244.3 11236 11225.6 11220.1 11210.9 11194.3 11180.6 11166.6 11158.2 11160.4 11155.2 11158.1 11164.5 11157.5 11159.1 11170.5
11148.4 11138.4 11152.4 11170.9 11143 11158.6 11232.7 11286.8 11264.3 11254.2 11249.3 11224.9 11209.8 11210.9 11213.4 11215.7 11219 11217 11212.8 11216.8 11235.3 11294.2 11250.9 11233.7 11249.8 11276 11306.7 11356.8 11392.4 11390.7 11368 11313.9 11288.9 11272.1 11259.3 11256.9 11266.1 11271.3 11278.5 11283.2 11283.8 11267.6 11247.6 11232.3 11223.7 11233.2 11246.3 11255.9 11264.6 11258.4 11258 11260.8 11261.5 11249.8 11241.6 11226.1 11204.3 11188.3 11178.8 11179.2 11161 11156.5 11166.5 11160.3 11162.7 11174.4
11154.2 11155.3 11146.9 11157.4 11144.3 11141.4 11203.6 11257.1 11256.4 11275.2 11290.4 11268.1 11240.9 11232.1 11221.6 11215.7 11212.3 11212.5 11212.2 11215 11225.1 11234.4 11224.4 11226.4 11244 11268 11289.1 11325.1 11347.1 11347.8 11295.3 11282 11271.5 11258.1 11246.5 11244.9 11249.7 11260.1 11268.4 11271.4 11264 11257.4 11242.8 11224.6 11211.2 11217.8 11238.4 11240.9 11240.8 11252.3 11260.8 11271 11273.1 11267.2 11260.2 11245.7 11224.1 11205.8 11186.4 11163.3 11157.5 11154.3 11155.6 11155.1 11155.5 11169.3
11163.1 11158.9 11146 11144.9 11142 11139 11172.7 11208.3 11232 11250.8 11266.1 11281.8 11306.9 11270.1 11246.9 11227.1 11211.9 11211.8 11213.2 11214.2 11220.2 11219.2 11217.7 11227.7 11246 11260 11281.4 11298.6 11281.3 11315.1 11312.9 11268.6 11254.8 11250.5 11242.6 11241.9 11250.6 11258.9 11266.3 11271.4 11274.8 11260.6 11240.6 11223 11209 11213.7 11224.1 11229 11234.3 11242.7 11254.8 11269.6 11274.1 11269.8 11266.7 11253 11231.4 11213.3 11199.3 11175.5 11157.8 11155.9 11155 11154.1 11155.9 11170.8
11172.9 11162.8 11144.9 11144.2 11144.8 11146.1 11153.3 11167.1 11196.4 11212.1 11222 11257.7 11312 11288.3 11260.4 11236.5 11220.9 11218.6 11219.1 11221.8 11223.5 11213.9 11217 11230.6 11243.1 11249.3 11252.8 11248.3 11234.5 11267.6 11292 11263.7 11256.5 11250.1 11241.1 11239.1 11249.9 11260.3 11265.9 11272.6 11277.1 11261.3 11239.9 11225.1 11218.3 11218.6 11217.4 11219.6 11222.1 11230.4 11242.9 11253 11259.8 11260 11259.3 11249.3 11226.3 11205.4 11192 11188.1 11172 11159.4 11157.9 11156.1 11160.6 11172.4
11184.6 11177.1 11157.7 11144.2 11145.3 11147.6 11151.1 11153.4 11169.5 11185.4 11204.6 11235.5 11252.8 11274 11276.2 11270.6 11239.1 11233.7 11231.5 11231.4 11228.4 11219.6 11225.3 11234.6 11242.6 11246.2 11243.1 11231.5 11228 11238.2 11267 11269.3 11270.2 11254.2 11239.5 11234.9 11245.6 11257 11263.7 11268.4 11270.6 11260.6 11241.5 11206.5 11226.7 11238.3 11216.3 11209.5 11210.7 11217.9 11226.6 11236.1 11241.2 11244.3 11241.4 11237.4 11217.5 11193.8 11179.9 11177.6 11170.4 11166.7 11163.3 11160.2 11159.9 11170.9
