real_craters/C159-750m.grd
DSAA
154 154
-57.2425 57.2425
-57.2425 57.2425
7212.3424678809 9867.7567697436
[rows 114 to 151 of 154, columns 0 to 83 of 154]
8629 8623 8652 8681 8676 8650 8641 8631 8620 8621 8635 8653 8658 8647 8640 8647 8683 8705 8733 8765 8791 8775 8748 8722 8696 8670 8648 8647 8641 8643 8647 8648 8654 8661 8675 8692 8705 8714 8717 8715 8708 8702 8691 8692 8690 8682 8680 8703 8714 8723 8736 8740 8737 8773 8803 8806 8802 8797 8794 8793 8780 8781 8792 8788 8778 8750 8731 8718 8703 8675 8642 8616 8606 8572 8578 8577 8578 8581 8567 8602 8619 8625 8629 8629
8620 8614 8638 8658 8648 8632 8638 8631 8625 8635 8644 8656 8659 8643 8637 8650 8654 8683 8727 8763 8790 8786 8761 8733 8704 8678 8657 8656 8652 8648 8645 8643 8655 8669 8673 8684 8702 8717 8725 8715 8707 8702 8714 8712 8700 8686 8687 8712 8727 8739 8748 8750 8758 8808 8836 8810 8800 8796 8796 8794 8787 8786 8784 8795 8793 8766 8739 8718 8704 8673 8637 8621 8604 8579 8576 8582 8579 8573 8569 8606 8624 8634 8632 8628
8620 8625 8629 8637 8633 8631 8632 8635 8633 8636 8650 8663 8666 8648 8657 8667 8666 8693 8728 8760 8787 8788 8769 8743 8716 8690 8670 8670 8662 8657 8650 8660 8657 8657 8673 8684 8702 8713 8716 8715 8706 8698 8734 8727 8706 8693 8697 8722 8734 8747 8748 8756 8778 8815 8833 8816 8809 8798 8807 8813 8798 8798 8798 8800 8799 8774 8747 8720 8689 8660 8638 8626 8613 8578 8576 8593 8585 8573 8581 8615 8631 8637 8634 8626
8619 8622 8623 8627 8631 8643 8638 8640 8642 8645 8657 8672 8682 8655 8659 8670 8689 8713 8737 8760 8776 8791 8775 8753 8729 8706 8689 8681 8677 8674 8674 8665 8659 8659 8671 8694 8708 8718 8725 8722 8714 8703 8722 8725 8704 8703 8712 8727 8739 8752 8754 8731 8738 8772 8804 8802 8798 8798 8813 8823 8817 8815 8810 8800 8781 8764 8737 8711 8688 8658 8631 8622 8607 8584 8579 8589 8591 8584 8591 8608 8633 8640 8629 8621
8614 8614 8615 8612 8621 8630 8639 8646 8647 8653 8661 8673 8680 8654 8691 8690 8716 8730 8747 8767 8786 8792 8782 8763 8740 8721 8706 8697 8685 8683 8682 8667 8657 8655 8676 8704 8716 8726 8733 8734 8729 8726 8726 8721 8714 8717 8725 8727 8740 8751 8754 8719 8723 8750 8782 8784 8777 8789 8809 8824 8825 8828 8817 8789 8777 8765 8747 8726 8706 8653 8637 8616 8601 8600 8585 8597 8605 8610 8605 8605 8615 8621 8617 8612
8613 8612 8614 8616 8625 8638 8646 8660 8651 8652 8661 8668 8673 8670 8708 8733 8719 8737 8756 8775 8789 8799 8790 8773 8752 8731 8714 8702 8694 8697 8696 8670 8658 8668 8689 8702 8718 8734 8750 8747 8742 8738 8721 8713 8721 8728 8721 8734 8737 8730 8724 8710 8716 8731 8749 8763 8772 8778 8791 8816 8822 8825 8810 8788 8771 8775 8752 8732 8701 8664 8622 8601 8607 8599 8601 8614 8624 8628 8616 8597 8620 8616 8608 8601
8614 8616 8622 8633 8650 8666 8668 8676 8673 8669 8662 8662 8667 8695 8736 8734 8726 8744 8765 8789 8805 8803 8801 8786 8764 8738 8708 8694 8695 8701 8707 8685 8669 8687 8701 8710 8723 8735 8745 8744 8743 8744 8713 8703 8721 8728 8735 8726 8726 8716 8710 8719 8712 8705 8712 8741 8761 8764 8782 8795 8806 8822 8804 8780 8776 8750 8744 8732 8699 8667 8634 8609 8619 8626 8615 8629 8632 8631 8617 8604 8613 8607 8597 8592
8617 8619 8626 8637 8654 8654 8657 8650 8656 8658 8657 8658 8664 8701 8734 8754 8748 8755 8772 8794 8813 8830 8818 8804 8786 8762 8730 8715 8721 8728 8710 8680 8676 8678 8698 8718 8728 8731 8731 8731 8731 8729 8712 8706 8721 8738 8735 8730 8723 8712 8729 8720 8705 8701 8707 8726 8732 8740 8737 8761 8792 8819 8789 8764 8740 8727 8718 8710 8689 8667 8640 8626 8625 8615 8640 8640 8633 8620 8620 8611 8592 8587 8584 8592
8609 8617 8625 8633 8643 8640 8640 8642 8643 8648 8654 8659 8670 8695 8737 8745 8756 8764 8776 8790 8807 8816 8823 8821 8814 8798 8765 8760 8745 8731 8715 8691 8676 8684 8700 8716 8724 8728 8725 8721 8716 8702 8707 8712 8717 8721 8729 8725 8714 8720 8728 8723 8710 8714 8713 8716 8733 8729 8726 8743 8759 8765 8749 8743 8723 8715 8723 8731 8646 8590 8661 8620 8612 8616 8641 8635 8613 8625 8627 8619 8603 8593 8593 8603
8616 8619 8624 8627 8631 8626 8625 8632 8639 8645 8655 8662 8672 8694 8708 8747 8755 8766 8778 8788 8803 8820 8830 8836 8843 8846 8832 8781 8747 8737 8725 8703 8691 8702 8710 8719 8726 8735 8733 8725 8713 8705 8705 8709 8708 8705 8709 8708 8702 8712 8717 8706 8711 8731 8713 8711 8722 8721 8720 8742 8732 8717 8731 8736 8720 8715 8693 8703 8664 8639 8623 8623 8628 8630 8631 8630 8635 8643 8640 8634 8623 8614 8616 8621
8618 8620 8622 8623 8622 8624 8629 8634 8643 8653 8658 8664 8671 8681 8708 8735 8752 8765 8778 8793 8806 8818 8831 8845 8860 8877 8865 8774 8761 8754 8752 8720 8712 8706 8726 8744 8756 8752 8744 8732 8714 8703 8703 8701 8705 8706 8703 8695 8689 8690 8702 8712 8711 8713 8709 8699 8716 8715 8719 8727 8704 8697 8673 8709 8704 8682 8674 8671 8654 8637 8619 8626 8647 8643 8634 8640 8655 8659 8652 8641 8636 8632 8635 8640
8626 8624 8623 8623 8620 8620 8620 8633 8646 8655 8659 8664 8670 8680 8695 8713 8741 8759 8776 8788 8802 8812 8825 8843 8860 8870 8854 8816 8781 8759 8758 8736 8720 8724 8744 8765 8781 8764 8748 8729 8713 8706 8708 8706 8711 8712 8691 8692 8687 8698 8696 8695 8697 8697 8699 8695 8698 8700 8714 8666 8622 8665 8639 8685 8673 8645 8649 8648 8635 8623 8632 8633 8649 8648 8648 8653 8669 8674 8659 8650 8641 8647 8654 8652
8626 8626 8626 8625 8623 8622 8625 8640 8643 8649 8657 8664 8670 8678 8683 8719 8734 8753 8772 8788 8799 8808 8820 8837 8852 8865 8853 8813 8783 8777 8776 8754 8743 8756 8762 8773 8776 8767 8750 8733 8725 8720 8723 8728 8720 8710 8699 8705 8694 8695 8695 8690 8688 8701 8685 8686 8685 8683 8691 8686 8656 8642 8636 8632 8644 8634 8626 8620 8617 8614 8630 8644 8654 8660 8656 8658 8673 8670 8662 8648 8657 8652 8656 8647
8626 8628 8629 8632 8632 8631 8627 8633 8638 8647 8658 8664 8670 8675 8683 8698 8725 8746 8763 8779 8795 8804 8812 8830 8841 8840 8839 8829 8801 8780 8778 8773 8768 8766 8777 8785 8792 8777 8754 8735 8722 8728 8736 8743 8722 8700 8701 8713 8704 8697 8692 8700 8707 8686 8679 8679 8677 8676 8667 8650 8637 8624 8618 8606 8617 8616 8609 8600 8613 8605 8631 8653 8660 8669 8662 8654 8653 8667 8673 8669 8662 8651 8636 8636
8627 8627 8630 8638 8650 8635 8625 8630 8640 8658 8663 8665 8672 8683 8687 8702 8723 8744 8762 8779 8795 8807 8817 8830 8837 8838 8840 8847 8826 8809 8777 8782 8788 8782 8786 8792 8798 8781 8759 8740 8738 8738 8741 8737 8716 8703 8714 8711 8701 8702 8705 8707 8694 8684 8674 8665 8668 8669 8644 8614 8607 8600 8593 8596 8600 8605 8606 8611 8624 8640 8640 8651 8671 8674 8673 8668 8676 8697 8694 8689 8673 8657 8648 8639
8626 8627 8628 8627 8639 8643 8630 8642 8641 8643 8652 8666 8677 8686 8689 8705 8726 8748 8770 8786 8800 8813 8828 8833 8842 8842 8841 8830 8808 8788 8798 8789 8783 8789 8788 8788 8780 8772 8765 8759 8752 8746 8745 8738 8721 8716 8718 8715 8709 8716 8703 8700 8690 8685 8674 8661 8658 8645 8622 8601 8579 8578 8571 8570 8581 8589 8598 8611 8619 8626 8652 8678 8681 8691 8687 8682 8687 8709 8705 8699 8680 8667 8653 8644
8625 8628 8631 8635 8637 8642 8655 8647 8637 8641 8652 8670 8678 8687 8692 8709 8733 8756 8775 8794 8809 8819 8822 8837 8847 8862 8841 8828 8818 8795 8815 8785 8780 8789 8789 8786 8777 8773 8772 8766 8748 8752 8751 8748 8739 8739 8726 8721 8715 8712 8699 8694 8690 8687 8678 8669 8647 8616 8605 8591 8569 8568 8556 8552 8567 8580 8593 8613 8620 8633 8655 8684 8696 8697 8695 8696 8696 8705 8707 8696 8686 8671 8664 8659
8624 8628 8631 8638 8642 8646 8647 8645 8643 8648 8662 8681 8703 8695 8701 8719 8743 8768 8789 8808 8820 8832 8842 8841 8835 8830 8823 8813 8804 8808 8810 8807 8800 8795 8795 8793 8790 8789 8787 8784 8779 8765 8759 8754 8749 8755 8728 8723 8724 8712 8711 8695 8693 8684 8674 8671 8641 8611 8597 8586 8567 8555 8545 8545 8560 8578 8600 8617 8642 8648 8657 8676 8701 8698 8695 8697 8704 8716 8716 8707 8691 8686 8686 8680
8621 8627 8631 8632 8646 8656 8645 8637 8643 8658 8673 8685 8693 8706 8713 8731 8753 8780 8805 8818 8829 8840 8847 8839 8818 8804 8803 8801 8806 8812 8822 8826 8807 8801 8805 8807 8807 8803 8804 8806 8783 8773 8768 8761 8759 8749 8741 8729 8721 8718 8712 8703 8699 8684 8678 8677 8638 8606 8591 8576 8561 8553 8554 8545 8557 8573 8585 8603 8625 8637 8656 8669 8699 8697 8693 8698 8707 8726 8721 8707 8695 8695 8711 8711
8620 8627 8634 8645 8650 8654 8645 8647 8657 8670 8683 8693 8701 8714 8722 8740 8761 8785 8805 8822 8834 8844 8853 8840 8805 8789 8790 8793 8811 8825 8827 8835 8818 8815 8820 8830 8833 8829 8828 8809 8786 8781 8776 8770 8756 8766 8756 8736 8723 8710 8719 8708 8702 8695 8690 8657 8628 8608 8588 8569 8559 8542 8551 8548 8558 8569 8581 8563 8598 8648 8657 8656 8693 8705 8698 8702 8702 8719 8718 8710 8699 8714 8746 8775
8621 8629 8636 8642 8642 8638 8643 8657 8672 8685 8706 8716 8723 8727 8740 8751 8770 8791 8808 8823 8833 8840 8841 8825 8800 8787 8789 8796 8810 8845 8852 8835 8828 8815 8836 8859 8885 8907 8865 8820 8799 8790 8785 8784 8784 8783 8768 8738 8723 8721 8722 8716 8711 8698 8684 8640 8618 8606 8586 8562 8555 8558 8549 8552 8555 8561 8563 8551 8587 8634 8653 8657 8688 8701 8705 8712 8693 8707 8700 8708 8717 8745 8785 8812
8624 8630 8639 8639 8639 8639 8653 8663 8674 8687 8701 8719 8737 8738 8745 8757 8778 8797 8812 8823 8830 8835 8834 8824 8803 8793 8795 8807 8845 8874 8877 8879 8853 8837 8853 8878 8912 8951 8883 8819 8808 8789 8787 8789 8780 8777 8786 8763 8740 8731 8728 8723 8715 8707 8652 8626 8622 8609 8585 8556 8560 8551 8548 8551 8552 8554 8554 8550 8553 8611 8623 8636 8687 8703 8707 8709 8694 8699 8706 8712 8729 8767 8819 8826
8632 8636 8642 8647 8643 8663 8687 8681 8678 8683 8696 8719 8745 8735 8751 8769 8787 8805 8817 8824 8829 8830 8827 8816 8801 8798 8802 8814 8842 8876 8884 8897 8878 8865 8868 8878 8890 8883 8852 8813 8779 8778 8783 8788 8774 8781 8783 8762 8760 8750 8736 8742 8724 8676 8638 8630 8632 8616 8594 8560 8535 8566 8545 8544 8548 8549 8549 8547 8567 8599 8615 8624 8663 8687 8679 8677 8667 8689 8698 8711 8735 8785 8829 8810
8649 8645 8642 8642 8641 8670 8723 8708 8682 8680 8699 8733 8766 8744 8763 8777 8794 8812 8821 8825 8826 8826 8822 8815 8808 8802 8806 8813 8823 8858 8897 8892 8891 8881 8870 8866 8860 8843 8827 8808 8791 8781 8780 8779 8798 8789 8791 8774 8775 8779 8771 8761 8694 8649 8649 8645 8624 8617 8602 8566 8548 8560 8538 8545 8549 8551 8551 8551 8565 8591 8609 8599 8616 8608 8641 8666 8673 8690 8693 8705 8733 8766 8801 8833
8667 8654 8642 8640 8643 8685 8736 8703 8682 8687 8712 8731 8743 8761 8775 8787 8801 8813 8823 8827 8826 8824 8821 8813 8800 8803 8808 8819 8812 8833 8883 8903 8892 8867 8858 8852 8844 8832 8823 8813 8797 8786 8780 8775 8778 8792 8800 8792 8783 8785 8780 8765 8704 8646 8658 8648 8620 8609 8594 8576 8550 8546 8541 8553 8557 8557 8557 8560 8578 8599 8599 8577 8586 8581 8617 8658 8699 8709 8690 8699 8712 8725 8749 8785
8684 8666 8656 8652 8657 8689 8720 8696 8684 8698 8731 8747 8764 8787 8792 8799 8810 8825 8828 8829 8827 8823 8818 8808 8804 8803 8806 8808 8815 8843 8883 8900 8883 8859 8844 8840 8835 8829 8827 8821 8806 8792 8782 8782 8779 8789 8796 8792 8791 8785 8771 8748 8683 8649 8660 8637 8617 8605 8594 8578 8554 8548 8552 8566 8567 8565 8563 8564 8591 8615 8611 8581 8585 8584 8607 8651 8693 8708 8711 8692 8679 8675 8699 8779
8698 8676 8664 8661 8673 8696 8721 8702 8694 8711 8756 8783 8780 8799 8799 8796 8818 8834 8834 8832 8828 8823 8817 8809 8805 8805 8805 8810 8823 8839 8868 8873 8861 8841 8834 8835 8832 8829 8829 8824 8806 8788 8779 8772 8783 8787 8788 8790 8791 8779 8770 8712 8675 8679 8659 8631 8612 8603 8594 8574 8562 8552 8565 8578 8576 8573 8571 8572 8598 8617 8613 8585 8583 8581 8597 8641 8684 8678 8667 8654 8630 8594 8639 8769
8713 8689 8664 8670 8675 8710 8730 8710 8708 8734 8761 8777 8786 8810 8816 8827 8826 8830 8838 8836 8832 8825 8818 8812 8812 8812 8811 8821 8829 8843 8864 8853 8840 8843 8846 8838 8831 8824 8823 8821 8813 8807 8786 8770 8786 8786 8792 8802 8782 8780 8753 8700 8706 8691 8661 8627 8610 8599 8588 8571 8564 8559 8571 8571 8581 8581 8582 8588 8608 8622 8604 8591 8586 8584 8589 8626 8659 8647 8617 8623 8611 8568 8538 8636
8734 8717 8704 8700 8696 8717 8720 8717 8717 8748 8759 8790 8805 8816 8819 8823 8840 8851 8848 8843 8833 8825 8820 8821 8824 8821 8820 8823 8832 8837 8848 8832 8828 8841 8847 8844 8834 8821 8812 8818 8817 8811 8799 8795 8789 8785 8782 8806 8788 8779 8737 8747 8730 8710 8664 8619 8591 8583 8579 8551 8580 8565 8577 8585 8587 8586 8589 8600 8609 8614 8603 8599 8598 8589 8585 8615 8641 8644 8627 8634 8637 8634 8559 8532
8754 8748 8762 8730 8711 8711 8739 8735 8725 8747 8758 8780 8815 8821 8819 8817 8849 8863 8858 8848 8838 8829 8821 8819 8825 8824 8827 8833 8833 8837 8851 8838 8836 8848 8859 8853 8842 8829 8811 8817 8816 8813 8800 8789 8785 8780 8779 8803 8802 8778 8749 8773 8743 8692 8657 8607 8587 8582 8584 8588 8594 8577 8584 8594 8589 8587 8590 8596 8601 8598 8602 8607 8600 8586 8581 8603 8626 8644 8638 8652 8664 8674 8637 8536
8768 8751 8763 8739 8716 8717 8757 8750 8733 8744 8765 8783 8818 8829 8824 8829 8855 8868 8862 8853 8842 8830 8819 8815 8824 8823 8819 8830 8833 8835 8841 8828 8833 8852 8866 8862 8853 8845 8844 8827 8816 8806 8802 8814 8798 8785 8775 8808 8791 8778 8765 8775 8727 8677 8643 8603 8593 8586 8581 8585 8580 8570 8586 8584 8582 8584 8586 8592 8604 8612 8619 8613 8596 8579 8576 8595 8614 8629 8640 8659 8658 8646 8583 8582
8780 8771 8765 8737 8718 8720 8742 8747 8742 8750 8777 8782 8823 8841 8828 8815 8848 8866 8864 8856 8845 8834 8822 8815 8827 8828 8825 8832 8832 8837 8835 8830 8843 8859 8871 8870 8862 8854 8845 8836 8822 8808 8828 8827 8811 8799 8801 8810 8835 8730 8777 8745 8706 8658 8614 8607 8592 8588 8583 8594 8583 8578 8599 8589 8584 8585 8588 8600 8616 8616 8620 8619 8597 8579 8584 8599 8615 8630 8634 8644 8644 8624 8586 8656
8784 8773 8754 8732 8726 8733 8743 8751 8753 8756 8755 8775 8831 8852 8834 8815 8849 8862 8857 8851 8846 8839 8832 8826 8830 8838 8836 8828 8831 8833 8841 8868 8848 8863 8878 8878 8871 8864 8858 8851 8835 8824 8832 8824 8822 8813 8794 8738 8739 8659 8772 8732 8684 8624 8602 8595 8593 8602 8601 8597 8590 8591 8603 8594 8588 8591 8596 8610 8624 8623 8628 8619 8594 8579 8592 8610 8622 8628 8626 8626 8639 8637 8648 8680
8782 8760 8742 8733 8736 8745 8756 8763 8763 8763 8759 8766 8854 8855 8843 8840 8856 8848 8843 8841 8841 8842 8846 8847 8851 8848 8844 8836 8833 8834 8847 8843 8844 8857 8867 8870 8874 8877 8875 8867 8851 8834 8833 8828 8835 8834 8818 8727 8750 8669 8718 8697 8652 8618 8603 8604 8604 8621 8611 8608 8600 8597 8600 8598 8598 8600 8606 8619 8629 8625 8635 8616 8582 8579 8611 8622 8624 8627 8626 8629 8641 8651 8668 8674
8784 8755 8736 8729 8737 8748 8762 8771 8767 8777 8754 8756 8807 8838 8843 8835 8820 8820 8824 8831 8838 8846 8854 8854 8849 8850 8846 8837 8836 8840 8838 8846 8851 8852 8854 8862 8874 8887 8895 8890 8869 8857 8860 8855 8853 8851 8827 8725 8703 8698 8712 8698 8659 8621 8603 8603 8608 8603 8611 8599 8586 8594 8602 8606 8601 8612 8622 8630 8633 8638 8637 8619 8584 8588 8607 8621 8623 8625 8624 8621 8634 8647 8657 8668
8786 8788 8762 8743 8745 8746 8751 8753 8741 8753 8734 8751 8802 8827 8838 8841 8789 8789 8804 8819 8834 8846 8856 8854 8847 8847 8844 8838 8838 8835 8848 8859 8854 8850 8850 8853 8866 8888 8890 8877 8873 8872 8889 8880 8865 8854 8807 8705 8760 8709 8730 8713 8684 8634 8610 8601 8598 8603 8614 8602 8588 8600 8611 8620 8623 8626 8633 8638 8643 8647 8625 8609 8595 8588 8610 8618 8618 8619 8623 8631 8642 8651 8659 8662
8767 8769 8782 8800 8750 8735 8731 8725 8736 8772 8732 8764 8801 8822 8835 8826 8761 8777 8798 8817 8832 8847 8854 8856 8851 8848 8845 8843 8845 8844 8861 8869 8862 8853 8849 8846 8850 8848 8858 8863 8864 8865 8855 8875 8859 8838 8797 8674 8790 8738 8753 8727 8694 8643 8616 8590 8591 8608 8622 8603 8611 8617 8624 8633 8644 8639 8640 8647 8651 8645 8626 8620 8600 8611 8618 8612 8616 8622 8631 8646 8656 8655 8654 8654
8747 8738 8769 8785 8743 8735 8729 8721 8731 8748 8740 8762 8799 8814 8831 8838 8808 8796 8801 8815 8833 8849 8864 8859 8856 8852 8847 8849 8852 8857 8867 8880 8880 8874 8874 8862 8849 8828 8833 8856 8852 8865 8896 8874 8844 8785 8761 8769 8826 8768 8749 8725 8686 8652 8630 8605 8609 8618 8628 8622 8626 8635 8645 8649 8645 8651 8660 8660 8664 8653 8624 8609 8611 8613 8617 8615 8619 8624 8634 8649 8662 8668 8662 8665
