real_craters/C159-750m.grd
DSAA
154 154
-57.2425 57.2425
-57.2425 57.2425
7212.3424678809 9867.7567697436
[rows 38 to 75 of 154, columns 0 to 83 of 154]
8603 8596 8590 8593 8595 8598 8601 8603 8606 8610 8603 8598 8598 8599 8600 8592 8602 8596 8608 8621 8614 8636 8639 8635 8633 8618 8608 8629 8624 8622 8626 8626 8619 8613 8606 8595 8585 8591 8597 8599 8593 8581 8566 8573 8582 8577 8580 8578 8574 8579 8572 8588 8611 8611 8628 8618 8612 8604 8575 8573 8579 8592 8602 8620 8633 8667 8679 8676 8669 8656 8658 8650 8644 8635 8622 8630 8631 8627 8622 8616 8610 8603 8595 8589
8608 8601 8587 8589 8596 8599 8600 8598 8593 8588 8592 8591 8588 8593 8598 8600 8600 8592 8601 8602 8600 8617 8624 8624 8620 8607 8600 8611 8614 8618 8629 8630 8612 8601 8608 8605 8587 8575 8581 8596 8601 8587 8567 8564 8562 8565 8570 8569 8567 8562 8555 8557 8562 8571 8561 8566 8575 8590 8576 8558 8559 8571 8572 8586 8605 8651 8677 8672 8659 8645 8644 8645 8664 8646 8669 8663 8649 8639 8631 8622 8615 8610 8602 8601
8625 8615 8607 8603 8602 8602 8601 8598 8594 8591 8588 8586 8584 8589 8592 8594 8597 8594 8596 8599 8596 8604 8610 8612 8611 8611 8608 8608 8619 8624 8614 8617 8622 8619 8614 8601 8591 8594 8590 8597 8599 8585 8571 8558 8546 8552 8557 8560 8561 8556 8550 8547 8547 8548 8545 8544 8550 8541 8551 8552 8558 8565 8556 8572 8596 8637 8668 8665 8658 8672 8654 8648 8661 8671 8678 8668 8656 8645 8639 8630 8621 8623 8629 8624
8635 8624 8610 8610 8605 8602 8601 8600 8597 8594 8589 8585 8585 8590 8587 8588 8588 8590 8590 8597 8596 8597 8600 8603 8607 8613 8614 8609 8618 8625 8633 8635 8644 8648 8627 8600 8589 8597 8590 8600 8609 8583 8567 8555 8541 8544 8551 8554 8551 8549 8550 8547 8542 8540 8537 8533 8533 8527 8527 8520 8521 8539 8543 8561 8586 8618 8643 8651 8654 8647 8659 8659 8659 8679 8672 8658 8652 8647 8648 8650 8646 8650 8647 8652
8633 8632 8620 8609 8604 8602 8602 8603 8608 8600 8594 8594 8596 8597 8600 8592 8588 8591 8591 8589 8592 8595 8599 8603 8608 8615 8612 8611 8617 8626 8640 8651 8660 8665 8639 8614 8600 8594 8591 8599 8603 8580 8564 8565 8544 8542 8548 8549 8549 8548 8545 8545 8543 8543 8545 8545 8535 8536 8524 8507 8505 8508 8528 8550 8557 8604 8626 8642 8655 8651 8646 8641 8635 8632 8637 8639 8641 8643 8652 8667 8687 8682 8677 8658
8625 8635 8626 8611 8605 8603 8603 8603 8605 8599 8594 8592 8599 8598 8594 8590 8586 8589 8586 8587 8590 8596 8602 8605 8607 8613 8617 8618 8623 8627 8657 8663 8664 8659 8643 8624 8618 8612 8599 8595 8590 8577 8565 8564 8549 8544 8543 8546 8548 8544 8538 8528 8533 8545 8557 8566 8560 8552 8531 8511 8505 8511 8539 8567 8592 8602 8626 8637 8655 8650 8638 8624 8629 8614 8617 8622 8628 8635 8643 8658 8673 8683 8693 8684
8621 8621 8618 8611 8606 8603 8602 8601 8600 8596 8592 8589 8606 8598 8591 8588 8588 8588 8590 8591 8590 8597 8602 8607 8607 8613 8625 8629 8638 8651 8663 8670 8667 8659 8653 8644 8632 8618 8598 8599 8594 8576 8567 8554 8550 8553 8552 8552 8555 8554 8544 8531 8533 8549 8564 8577 8580 8566 8549 8540 8526 8532 8557 8588 8602 8611 8611 8633 8661 8641 8628 8624 8631 8623 8610 8613 8619 8624 8629 8633 8641 8656 8668 8679
8621 8610 8609 8606 8604 8604 8603 8599 8595 8595 8593 8594 8597 8593 8587 8590 8590 8591 8595 8591 8597 8596 8601 8601 8605 8618 8636 8641 8650 8663 8677 8675 8672 8669 8662 8657 8649 8634 8624 8614 8612 8594 8576 8559 8562 8563 8555 8554 8563 8572 8557 8544 8546 8559 8569 8578 8598 8571 8559 8534 8526 8541 8562 8601 8619 8615 8621 8627 8638 8628 8623 8621 8623 8622 8613 8612 8614 8615 8616 8615 8616 8624 8642 8670
8613 8606 8604 8607 8610 8608 8605 8601 8598 8597 8596 8595 8593 8588 8587 8594 8591 8589 8592 8591 8590 8595 8598 8599 8605 8622 8628 8646 8657 8665 8677 8677 8673 8666 8663 8660 8654 8645 8641 8628 8617 8601 8593 8577 8574 8571 8553 8548 8563 8571 8571 8573 8568 8572 8573 8575 8565 8580 8577 8543 8537 8546 8593 8601 8613 8622 8626 8616 8601 8624 8615 8610 8611 8625 8612 8616 8617 8615 8612 8609 8609 8612 8636 8669
8604 8593 8595 8604 8609 8609 8607 8605 8603 8600 8596 8596 8597 8594 8592 8594 8594 8592 8591 8595 8595 8599 8603 8608 8619 8636 8640 8653 8666 8679 8683 8679 8672 8667 8664 8661 8653 8644 8634 8631 8630 8625 8611 8591 8579 8561 8550 8544 8562 8582 8573 8570 8588 8584 8581 8573 8585 8560 8558 8545 8546 8556 8596 8596 8610 8625 8632 8624 8614 8627 8623 8612 8609 8633 8629 8627 8623 8618 8613 8611 8610 8619 8651 8674
8578 8573 8587 8599 8609 8608 8607 8608 8607 8605 8603 8601 8599 8598 8599 8599 8597 8593 8596 8594 8599 8607 8616 8625 8630 8641 8653 8658 8669 8683 8688 8677 8667 8658 8653 8661 8665 8642 8631 8636 8634 8635 8638 8632 8605 8591 8559 8543 8560 8580 8574 8574 8590 8590 8594 8594 8564 8545 8543 8537 8558 8603 8622 8616 8630 8653 8634 8624 8623 8628 8638 8638 8657 8650 8652 8647 8642 8631 8618 8608 8613 8623 8649 8674
8582 8581 8590 8596 8600 8601 8604 8607 8608 8609 8609 8607 8603 8596 8602 8607 8600 8596 8598 8598 8607 8622 8630 8630 8635 8660 8655 8657 8661 8673 8674 8667 8660 8653 8650 8661 8655 8645 8643 8652 8652 8654 8653 8644 8622 8597 8567 8545 8560 8584 8583 8572 8575 8585 8598 8606 8574 8539 8532 8534 8570 8602 8625 8621 8633 8641 8632 8614 8615 8625 8627 8635 8642 8666 8673 8673 8667 8655 8633 8607 8621 8645 8651 8670
8614 8616 8604 8598 8587 8597 8603 8605 8608 8610 8613 8612 8610 8607 8601 8600 8602 8602 8599 8608 8629 8646 8640 8633 8634 8639 8647 8650 8643 8635 8645 8654 8651 8650 8660 8662 8665 8656 8654 8667 8659 8644 8649 8640 8622 8602 8575 8554 8563 8583 8579 8561 8556 8575 8593 8604 8579 8550 8537 8540 8573 8609 8621 8622 8641 8659 8643 8637 8629 8624 8616 8636 8649 8678 8693 8704 8704 8694 8674 8656 8639 8631 8646 8668
8588 8615 8608 8605 8606 8608 8608 8608 8610 8610 8607 8612 8614 8616 8611 8606 8602 8604 8612 8626 8651 8656 8644 8633 8628 8629 8633 8632 8630 8633 8654 8651 8642 8633 8630 8649 8659 8654 8660 8665 8653 8627 8641 8639 8617 8607 8584 8573 8571 8574 8572 8561 8557 8566 8582 8592 8581 8567 8550 8558 8589 8625 8645 8640 8652 8658 8650 8646 8651 8651 8653 8689 8663 8693 8716 8732 8745 8750 8735 8707 8704 8670 8657 8687
8579 8585 8594 8605 8617 8622 8617 8612 8615 8615 8617 8616 8614 8616 8615 8610 8604 8606 8618 8634 8651 8656 8648 8637 8629 8627 8628 8630 8627 8631 8655 8647 8632 8616 8606 8644 8660 8647 8652 8657 8640 8633 8646 8638 8629 8604 8587 8572 8569 8574 8574 8559 8550 8562 8576 8591 8593 8574 8576 8593 8604 8624 8649 8652 8658 8653 8663 8674 8683 8693 8669 8677 8736 8726 8751 8785 8813 8830 8854 8853 8812 8770 8750 8758
8600 8569 8578 8596 8619 8628 8625 8620 8624 8622 8621 8626 8623 8620 8616 8611 8607 8607 8610 8623 8643 8648 8648 8645 8634 8631 8623 8620 8624 8634 8645 8639 8623 8607 8603 8644 8661 8648 8642 8639 8627 8614 8611 8622 8615 8606 8590 8571 8568 8577 8565 8564 8562 8565 8575 8594 8590 8581 8579 8596 8622 8631 8648 8661 8672 8688 8698 8706 8730 8753 8761 8747 8756 8756 8817 8864 8891 8909 8922 8929 8928 8897 8876 8866
8657 8575 8571 8588 8605 8617 8635 8644 8636 8639 8636 8633 8648 8655 8626 8620 8607 8605 8609 8621 8642 8643 8644 8639 8628 8621 8618 8616 8623 8630 8633 8627 8616 8605 8600 8627 8646 8642 8636 8632 8625 8620 8617 8615 8602 8589 8579 8585 8594 8597 8600 8586 8566 8575 8582 8591 8593 8593 8596 8617 8630 8643 8664 8690 8689 8705 8720 8766 8790 8812 8841 8848 8829 8858 8920 8959 8976 8997 8996 9011 9008 8997 9007 8996
8703 8604 8580 8586 8597 8601 8611 8620 8629 8643 8634 8618 8616 8625 8644 8633 8637 8622 8622 8628 8642 8644 8648 8626 8637 8623 8615 8612 8616 8622 8619 8617 8614 8607 8605 8617 8626 8622 8627 8641 8634 8627 8641 8619 8604 8588 8583 8601 8616 8610 8605 8602 8602 8594 8584 8591 8596 8599 8606 8633 8669 8696 8689 8707 8699 8708 8735 8795 8840 8895 8923 8926 8953 9023 9042 9019 9032 9091 9164 9173 9184 9237 9141 9096
8763 8642 8600 8597 8604 8609 8612 8609 8606 8603 8603 8592 8572 8580 8601 8626 8635 8645 8645 8650 8650 8651 8651 8635 8627 8622 8614 8608 8614 8620 8623 8624 8620 8613 8609 8614 8615 8615 8628 8629 8626 8614 8606 8611 8610 8605 8599 8601 8604 8620 8616 8605 8606 8602 8596 8589 8591 8597 8622 8661 8712 8731 8736 8755 8717 8760 8842 8948 9008 9043 9035 9043 9185 9258 9125 9011 9001 9083 9240 9217 9268 9237 9127 9085
8831 8685 8626 8618 8621 8627 8601 8597 8592 8577 8586 8587 8576 8588 8602 8622 8635 8644 8656 8664 8656 8658 8649 8635 8623 8618 8614 8610 8608 8618 8630 8636 8626 8619 8613 8603 8610 8621 8629 8619 8606 8607 8599 8598 8605 8613 8605 8600 8602 8618 8615 8601 8599 8595 8594 8590 8593 8600 8645 8705 8736 8755 8776 8779 8746 8860 9000 9124 9206 9209 9185 9240 9215 9112 8956 8838 8810 8860 8951 8945 8937 8942 8910 8914
8844 8721 8661 8648 8646 8644 8621 8605 8596 8593 8595 8605 8617 8614 8622 8628 8634 8646 8655 8679 8673 8660 8643 8637 8627 8619 8615 8612 8610 8619 8628 8631 8628 8622 8616 8604 8605 8617 8620 8606 8595 8598 8604 8588 8588 8601 8599 8597 8591 8606 8608 8603 8603 8598 8590 8600 8608 8623 8677 8740 8760 8780 8789 8789 8856 8950 9095 9045 8987 9042 8993 8869 8781 8680 8582 8533 8501 8493 8510 8516 8502 8514 8588 8637
8878 8772 8716 8700 8684 8661 8647 8627 8612 8604 8609 8619 8624 8628 8643 8635 8628 8624 8640 8657 8654 8643 8641 8641 8632 8625 8620 8618 8617 8625 8628 8626 8625 8620 8613 8599 8600 8610 8615 8601 8588 8593 8601 8595 8604 8628 8612 8604 8604 8601 8610 8615 8618 8622 8606 8619 8638 8671 8733 8750 8779 8838 8859 8885 8943 8976 8870 8714 8613 8612 8581 8460 8378 8289 8227 8213 8177 8116 8081 8116 8109 8182 8306 8385
8908 8843 8801 8771 8731 8694 8664 8641 8628 8625 8624 8629 8637 8642 8642 8646 8632 8618 8621 8620 8622 8627 8631 8633 8634 8628 8624 8625 8631 8633 8629 8624 8621 8618 8610 8597 8597 8605 8600 8598 8592 8597 8595 8590 8598 8632 8619 8610 8605 8613 8621 8624 8627 8612 8638 8653 8684 8727 8744 8759 8803 8916 9082 9052 9063 8941 8645 8420 8291 8389 8304 8183 8071 8006 7956 7949 7922 7859 7834 7884 7931 8026 8127 8219
8953 8957 8934 8854 8772 8709 8675 8649 8630 8626 8636 8645 8649 8647 8640 8634 8630 8621 8612 8608 8605 8603 8619 8632 8629 8627 8623 8621 8640 8637 8629 8620 8618 8616 8614 8602 8599 8600 8602 8599 8595 8602 8605 8607 8607 8604 8617 8619 8621 8643 8644 8638 8648 8657 8662 8678 8716 8781 8767 8785 8928 9075 9201 9051 8953 8814 8610 8328 8162 8159 8074 8003 7908 7835 7785 7774 7759 7731 7745 7820 7898 7944 8005 8097
9017 9005 9026 8883 8787 8711 8672 8651 8638 8637 8649 8664 8664 8663 8650 8641 8632 8620 8608 8597 8590 8591 8615 8631 8626 8625 8623 8620 8624 8634 8629 8618 8614 8614 8615 8612 8605 8598 8598 8601 8604 8608 8611 8614 8618 8631 8626 8627 8636 8655 8654 8652 8666 8670 8671 8685 8703 8727 8811 8917 9094 9202 9074 8921 8801 8639 8495 8264 8095 7957 7884 7825 7770 7719 7669 7662 7660 7662 7688 7741 7776 7828 7882 7947
8831 8848 8854 8802 8762 8738 8678 8649 8638 8645 8660 8675 8659 8640 8650 8651 8632 8618 8607 8594 8587 8600 8617 8629 8629 8625 8626 8632 8645 8643 8629 8613 8609 8613 8615 8619 8612 8596 8613 8602 8603 8606 8622 8634 8634 8636 8636 8637 8646 8653 8657 8659 8683 8677 8683 8685 8689 8722 8882 9046 9157 9058 8858 8753 8596 8397 8200 8052 7933 7869 7811 7750 7673 7632 7598 7590 7596 7607 7625 7663 7671 7712 7755 7792
8627 8665 8646 8694 8705 8684 8646 8635 8634 8648 8666 8679 8670 8656 8656 8658 8630 8621 8610 8598 8589 8584 8601 8634 8629 8625 8625 8630 8641 8642 8629 8617 8613 8611 8616 8621 8614 8599 8601 8595 8604 8622 8634 8654 8649 8648 8650 8651 8654 8664 8662 8664 8690 8699 8704 8704 8713 8794 8974 9063 8944 8895 8648 8536 8320 8190 8019 7874 7832 7812 7754 7704 7651 7602 7557 7546 7551 7558 7562 7559 7590 7617 7647 7674
8623 8626 8634 8655 8660 8653 8624 8623 8629 8650 8674 8687 8688 8679 8665 8661 8652 8634 8620 8608 8605 8602 8597 8621 8622 8624 8622 8624 8629 8630 8629 8622 8619 8619 8619 8629 8633 8612 8607 8593 8591 8611 8626 8644 8645 8651 8657 8662 8659 8665 8674 8675 8710 8712 8723 8735 8772 8893 9062 8992 8917 8791 8546 8361 8206 8048 7915 7815 7761 7742 7707 7670 7622 7578 7536 7515 7512 7515 7514 7520 7530 7542 7565 7593
8615 8627 8657 8643 8625 8614 8621 8619 8630 8654 8687 8713 8699 8686 8671 8655 8654 8642 8629 8616 8603 8607 8607 8601 8611 8619 8617 8615 8625 8631 8629 8628 8625 8638 8643 8641 8634 8621 8612 8600 8599 8596 8610 8616 8627 8640 8658 8664 8672 8689 8697 8701 8734 8729 8744 8788 8846 9013 9185 8998 8814 8628 8386 8263 8085 7892 7818 7743 7698 7675 7657 7627 7586 7548 7510 7485 7474 7470 7468 7467 7462 7474 7494 7520
8615 8613 8607 8602 8592 8584 8599 8605 8617 8653 8689 8714 8714 8698 8683 8667 8656 8649 8638 8627 8617 8608 8597 8588 8599 8608 8617 8622 8622 8619 8632 8640 8651 8643 8646 8651 8654 8626 8624 8613 8607 8592 8607 8627 8626 8622 8645 8675 8689 8713 8719 8724 8740 8734 8764 8881 9017 9152 9079 8904 8733 8489 8197 8045 7892 7821 7732 7657 7640 7622 7605 7581 7551 7516 7481 7453 7438 7430 7426 7412 7404 7415 7430 7448
8584 8585 8583 8576 8566 8563 8573 8584 8611 8646 8688 8719 8728 8711 8683 8681 8672 8656 8645 8636 8627 8607 8598 8597 8601 8605 8617 8626 8629 8638 8641 8648 8657 8652 8653 8656 8655 8630 8628 8614 8610 8605 8613 8632 8642 8652 8677 8681 8687 8712 8726 8730 8744 8761 8779 8962 9174 9157 8914 8798 8645 8370 8110 7920 7816 7769 7664 7611 7592 7577 7556 7548 7524 7493 7459 7426 7405 7395 7391 7375 7365 7371 7377 7385
8566 8563 8556 8550 8549 8548 8551 8563 8590 8630 8677 8719 8739 8722 8704 8684 8675 8662 8651 8641 8633 8619 8614 8616 8611 8609 8614 8621 8631 8639 8643 8649 8657 8655 8660 8651 8640 8649 8639 8627 8625 8614 8619 8639 8653 8660 8670 8682 8691 8712 8731 8739 8751 8778 8803 9003 9188 9092 8827 8643 8467 8268 8016 7832 7745 7692 7633 7592 7563 7540 7520 7506 7496 7488 7438 7393 7377 7367 7357 7343 7339 7343 7344 7348
8552 8549 8542 8536 8543 8544 8545 8555 8575 8603 8642 8692 8728 8721 8697 8686 8674 8662 8651 8641 8631 8624 8631 8626 8622 8624 8618 8622 8628 8631 8638 8644 8651 8655 8654 8649 8644 8650 8644 8640 8637 8619 8629 8645 8656 8660 8667 8681 8696 8716 8735 8755 8771 8786 8886 9040 9176 9057 8744 8457 8249 8120 7965 7752 7696 7662 7618 7565 7527 7501 7472 7458 7446 7434 7401 7364 7356 7348 7339 7335 7332 7330 7329 7332
8548 8549 8541 8539 8536 8540 8543 8545 8561 8580 8593 8649 8701 8720 8719 8690 8668 8655 8647 8638 8632 8622 8623 8632 8629 8620 8619 8627 8634 8638 8643 8645 8638 8660 8657 8649 8645 8642 8645 8637 8617 8627 8640 8655 8668 8661 8659 8682 8705 8726 8752 8775 8801 8822 8960 9095 9146 8968 8625 8334 8163 8113 7989 7758 7662 7610 7577 7548 7503 7455 7429 7413 7397 7381 7369 7351 7341 7343 7339 7338 7336 7329 7324 7330
8542 8536 8540 8537 8541 8547 8551 8552 8564 8578 8592 8648 8695 8715 8711 8684 8658 8649 8642 8634 8627 8629 8633 8644 8641 8633 8635 8641 8648 8657 8662 8661 8661 8666 8658 8647 8642 8629 8644 8657 8629 8634 8650 8662 8666 8665 8674 8692 8713 8732 8747 8789 8815 8876 9069 9130 9073 8853 8525 8246 8089 8027 7886 7712 7596 7547 7534 7513 7456 7410 7390 7382 7377 7377 7376 7372 7365 7381 7365 7364 7352 7336 7323 7320
8542 8546 8547 8553 8556 8559 8569 8577 8583 8599 8625 8658 8688 8702 8697 8672 8649 8646 8644 8644 8647 8657 8658 8657 8652 8647 8642 8650 8661 8676 8683 8679 8675 8668 8660 8644 8620 8628 8627 8637 8638 8647 8667 8668 8673 8673 8689 8701 8721 8742 8771 8818 8877 8977 9056 9090 9027 8777 8465 8231 8088 7991 7895 7654 7549 7518 7502 7473 7402 7368 7358 7368 7383 7405 7444 7483 7535 7482 7422 7401 7379 7350 7324 7315
8544 8548 8554 8554 8562 8571 8586 8597 8594 8611 8636 8647 8664 8681 8684 8670 8651 8650 8650 8649 8653 8668 8676 8671 8664 8647 8646 8658 8670 8682 8690 8688 8693 8681 8664 8650 8652 8582 8606 8636 8646 8657 8663 8667 8666 8685 8701 8705 8731 8745 8764 8817 8871 8961 9025 9080 9060 8744 8470 8306 8193 8015 7860 7644 7511 7488 7469 7437 7391 7354 7342 7365 7403 7461 7529 7623 7688 7582 7496 7458 7421 7372 7327 7305
8548 8559 8563 8571 8571 8573 8576 8576 8588 8600 8618 8624 8634 8641 8655 8668 8660 8652 8653 8659 8667 8673 8673 8678 8668 8656 8659 8667 8676 8678 8674 8686 8686 8676 8661 8652 8660 8598 8610 8630 8644 8658 8666 8669 8670 8685 8702 8707 8725 8742 8763 8776 8772 8893 9020 9123 9056 8757 8526 8398 8242 8023 7801 7583 7498 7471 7446 7429 7391 7360 7340 7368 7421 7495 7610 7681 7701 7651 7599 7561 7477 7396 7331 7299
