real_craters/C159-500m.grd
DSAA
230 230
-57.2425 57.2425
-57.2425 57.2425
7205.4164231554 9880.4722225382
[rows 30 to 59 of 230, columns 134 to 200 of 230]
8572.69 8557.23 8544.76 8543.38 8551.21 8555.65 8553.89 8551.42 8548.93 8548.11 8547.95 8547.56 8544.1 8539.42 8534.96 8533.05 8530.4 8529.32 8527.55 8523.31 8517.53 8522.22 8522.6 8521.04 8509.87 8498.15 8486.5 8480.7 8476.19 8472.49 8469.18 8466.54 8464.73 8464.53 8461.4 8456.65 8457.48 8453.42 8455.97 8454.92 8451.7 8448.19 8445.89 8450.01 8442.53 8438.44 8442.01 8444.62 8448.74 8458.68 8469.99 8481.6 8494.35 8507.83 8520.4 8532.78 8545.67 8545.09 8551.79 8558.41 8564.91 8571.45 8576.59 8580.08 8579.28 8575.8 8572.35
8566.42 8550.51 8533.01 8535.28 8551.99 8558.33 8555.6 8552.93 8552.37 8552.12 8550.96 8547.95 8550.18 8545.76 8538.44 8537.17 8537.64 8536.72 8534.23 8531.55 8529.36 8526.86 8522.4 8514.46 8499.41 8492.26 8484.4 8477.15 8472.33 8468.69 8465.66 8463.22 8461.35 8460.94 8460.86 8462.7 8467.08 8469.84 8463.69 8458.99 8454.96 8452.36 8452.02 8454.73 8444.8 8441.04 8444.73 8448.5 8455.61 8460.85 8468.49 8478.76 8490.92 8504.09 8517.11 8527.1 8544.72 8550.71 8550.99 8554.3 8557.99 8561.18 8561.94 8561.77 8561.39 8561.76 8561.3
8561.81 8549.95 8536.24 8537.95 8550.96 8555.02 8552.24 8551.97 8554.8 8557.11 8555.14 8552.71 8551.24 8550.58 8550.33 8546.74 8543.3 8540.6 8542.69 8542.17 8541.42 8531.77 8521.87 8509.05 8496.55 8485.57 8477.71 8473.37 8469.62 8466.6 8463.91 8461.3 8458.55 8455.69 8453.22 8460.96 8469.13 8473.29 8467 8461.6 8457.89 8455.49 8453.55 8450.03 8451.73 8453.34 8450.63 8451.17 8454.57 8458.79 8465.95 8476.09 8487.09 8499.56 8514.03 8532.42 8543.26 8548.3 8548.83 8549.77 8551.79 8552.87 8553.96 8552.88 8549.48 8550.13 8551.64
8560.76 8555.85 8555.15 8554.23 8548.06 8550.42 8554.06 8556.23 8554.94 8557.51 8556.71 8557.23 8554.2 8550.73 8552.19 8554.44 8554.89 8554.31 8554.21 8548.67 8540.47 8531.15 8521.01 8511.22 8495.36 8483.26 8474.43 8468.79 8465.49 8462.84 8460.67 8458 8455.4 8452.39 8450.29 8453.85 8457.31 8462.23 8462.4 8460.33 8457.96 8456.25 8455.68 8457.85 8455.76 8456.79 8454.54 8452.16 8450.48 8453.64 8462.55 8472.04 8482.31 8493.46 8505.48 8517.97 8535.3 8541.38 8542.8 8544.12 8545.14 8546.83 8546.44 8548.18 8547.18 8546.96 8545.52
8563.8 8561.49 8559.99 8558.14 8552.32 8550.96 8550.14 8547.8 8549.35 8549.8 8552.15 8555.45 8546.34 8549 8553.87 8562.35 8572.06 8579.65 8567.39 8552.81 8538.4 8526.45 8517.14 8507.06 8487.85 8476.3 8469.36 8465.34 8462.99 8461.24 8459.12 8456.84 8454.88 8452.65 8449.86 8448.67 8447.32 8454.96 8457.58 8458.98 8458.72 8457.36 8452.82 8449.94 8456.8 8462.3 8458.87 8455.69 8450.73 8452.09 8460.9 8468.77 8477.24 8485.36 8495.35 8508.16 8524 8530 8533.96 8537.27 8539.51 8541.95 8547.39 8548.36 8551.58 8546.14 8541.41
8568.59 8567.05 8563.18 8552.34 8557.33 8555.9 8551.79 8544.95 8548.08 8547.06 8549.57 8551.27 8550.27 8552.12 8558.02 8567.99 8579.99 8590.26 8572.78 8553.61 8533.65 8520.42 8512.14 8494.78 8479.38 8466.58 8463.22 8462.12 8461.11 8459.65 8458.25 8456.76 8456.05 8455.28 8455.83 8450.83 8447.45 8448.43 8453.87 8458.96 8461.53 8462.66 8461.33 8461.82 8466.19 8469.16 8466.83 8462.18 8459.61 8461.56 8463.42 8467.64 8472.52 8478.58 8485.7 8494.41 8503.2 8515.49 8525.18 8530.44 8533.75 8535.06 8533.26 8539.55 8543.76 8540.2 8535.9
8574.18 8573.79 8574 8576.23 8571.31 8564.62 8560.34 8558.69 8552.92 8549.65 8554.32 8566.51 8564.5 8558.52 8561.05 8570.51 8577.23 8575.07 8567.66 8553.32 8536.74 8523.72 8512.09 8497.55 8480.18 8467.24 8462.97 8461.26 8460.66 8460.18 8459.6 8458.86 8457.49 8457.05 8457.46 8453.57 8448.48 8444.28 8453.21 8461.58 8467.06 8470.88 8474.02 8473.27 8471.78 8477.5 8472.13 8468.03 8466.2 8465.6 8466.17 8467.37 8469.27 8471.37 8474.61 8481.52 8492.87 8509.55 8518.41 8524.55 8528.63 8531.3 8533.35 8533.54 8531.18 8532.85 8530.12
8576.89 8580.59 8584.02 8588.54 8583.59 8570.69 8563.36 8560.45 8555.98 8554.4 8555.7 8562.7 8566.3 8566.75 8570.51 8574.68 8575.63 8571.08 8563.74 8553.16 8541.88 8530.31 8513.41 8494.83 8475.29 8469.76 8465.45 8463.89 8462.65 8462.18 8461.17 8460.39 8459.26 8457.37 8454.66 8451 8451.24 8454.35 8461.99 8468.58 8473.75 8478.27 8481.37 8477.68 8470.86 8467.56 8470.19 8471.73 8470.71 8470.42 8469.22 8468.04 8467.14 8467.41 8468.42 8475.79 8492.85 8506.61 8513.69 8519.83 8524.56 8528.19 8530.07 8532.94 8534.03 8528.51 8525.61
8581.83 8588.82 8590.12 8586.93 8578.17 8571.33 8564.6 8558.12 8557.87 8561.46 8566.31 8571.07 8570.05 8578.39 8582.47 8579.26 8576.52 8572.14 8563.96 8551.86 8539.12 8524.54 8513.99 8497.12 8476.76 8471.1 8468.75 8467.06 8465.58 8464.18 8462.04 8460.35 8459.93 8457.63 8453.91 8451.72 8453.59 8474.12 8474.45 8476.37 8479.48 8484.56 8490.42 8487.37 8488.23 8481.86 8478.92 8475.49 8474.87 8472.57 8472.56 8470.45 8467.61 8464.4 8464.21 8472.48 8486.73 8500.57 8508.63 8515.06 8520.78 8525.54 8526.39 8522.54 8521.64 8521.93 8521.5
8588.99 8594.88 8592.23 8579.54 8573.93 8571.58 8566.36 8560.08 8561.67 8568.96 8575.82 8579.72 8582.14 8584.6 8584.88 8580.84 8575.93 8570.15 8561.1 8549.07 8536.1 8524.06 8510.56 8497.59 8484.39 8476.98 8474.53 8472.14 8469.89 8468.33 8466.44 8465.28 8463.29 8461.33 8460.52 8463.91 8474.52 8483.97 8483.43 8482.94 8483.19 8484.4 8484.9 8485.46 8480.75 8476.75 8474.38 8478.44 8478.98 8479.93 8477.08 8473.29 8469.94 8465.99 8460.11 8470.3 8483.81 8494.44 8503.89 8511.15 8516.45 8521.55 8521.88 8512.85 8512.03 8517 8519.17
8599.74 8602.87 8601.81 8582.68 8578.15 8572.74 8566.69 8570.25 8578.01 8582.34 8591.29 8592.78 8593.02 8593.43 8584.98 8578.72 8572.28 8565.52 8556.97 8544.81 8532.92 8520.68 8505.83 8496.93 8492.61 8485.59 8482.67 8479.65 8477.16 8474.92 8473.58 8470.58 8468.05 8466.96 8467.55 8475.51 8482.52 8488.47 8487.49 8486.18 8484.35 8481.65 8478.93 8477.81 8478.2 8479.97 8486.03 8482.53 8481.86 8481.48 8479.28 8477.23 8474.96 8473.42 8473.87 8467.92 8474.8 8490.67 8501.55 8509.21 8513.25 8512.37 8512.5 8511.22 8513.2 8517.32 8519.54
8605.7 8606.37 8616.75 8634.86 8619.42 8559.68 8556.53 8570.95 8585.02 8592.07 8595.26 8595.55 8590.7 8586.55 8581.14 8574.29 8566.97 8559.52 8550.89 8539.21 8528.57 8519.15 8505.93 8499.84 8500.05 8496.01 8491.25 8487.81 8485 8481.28 8479.54 8476.74 8474.14 8472.26 8471.26 8472.47 8491.75 8490.36 8491.42 8488.72 8485.77 8481.9 8476.49 8475.45 8469.32 8475.42 8483.27 8484.71 8484.2 8482.61 8482.12 8481.45 8479.6 8479.42 8481.88 8478.72 8486.27 8494.04 8502.65 8510.06 8514.93 8514.51 8517.73 8522.98 8522.21 8522.98 8523.99
8603.24 8589.13 8582.11 8592.28 8480.82 8498.75 8532.26 8567.26 8593.59 8599.19 8596.74 8586.31 8584.02 8581.1 8574.73 8568.34 8561.4 8551.99 8540.37 8532.7 8524.23 8514.51 8506.25 8501.31 8500.24 8500.96 8497.15 8493.44 8490.15 8487.94 8487.62 8484.99 8483.75 8482.34 8481.6 8482.14 8499.98 8501.15 8496.24 8490.2 8487.36 8485.31 8482.95 8480.8 8478.9 8482.13 8484.98 8486.6 8487.33 8488.68 8489.43 8487.32 8484.3 8481.89 8480.01 8485.4 8491.4 8499.65 8506.96 8514.73 8522.28 8530.31 8529.79 8529.95 8528.89 8528.48 8528.8
8597.02 8561.71 8506.7 8421.07 8401.19 8455.91 8513.44 8563.06 8597.14 8605.17 8596.43 8589.38 8582.41 8574.73 8569.25 8563.87 8558.42 8549.46 8536.08 8532.29 8523.59 8512.97 8504.63 8501.1 8500.08 8503.47 8501.29 8498.75 8496.88 8496.18 8494.96 8494.55 8494.82 8495.18 8496.22 8498.33 8501.93 8503.79 8493.15 8489.43 8487.83 8489.92 8490.64 8487.97 8490.59 8491.47 8488.17 8486.52 8489.63 8494.84 8497.18 8494.01 8488.58 8485.13 8488.01 8491.73 8499.03 8505.49 8512.14 8519.64 8527.5 8534.44 8534.63 8530.47 8532.06 8532.85 8533.19
8598.17 8550.81 8488.03 8428.82 8424.85 8460.64 8513.46 8567.45 8610.01 8614.22 8607.2 8602.02 8588.79 8572.27 8563.26 8560.98 8557.7 8554.4 8550.9 8539.61 8526.37 8514.39 8509.35 8501.14 8497.17 8504.58 8503.37 8502.21 8502.49 8502.59 8501.34 8502.83 8503.48 8505.02 8507.51 8511.14 8506.83 8499.06 8490.9 8490.36 8486.13 8480.26 8483.06 8489.17 8495.96 8496.59 8480.79 8480.95 8490.4 8498.92 8503 8499.88 8492.31 8483.77 8486.4 8504.37 8507.99 8510.45 8515.34 8521.21 8528.66 8536.4 8536.68 8535.65 8535.66 8535.89 8536.05
8594.74 8561.62 8514.57 8470.34 8457.03 8476.88 8522.74 8572.32 8618.04 8615.26 8602.16 8602.41 8589.54 8572.61 8561.87 8561.02 8559.76 8557.93 8555.62 8544.21 8528.97 8516.33 8506.82 8500.73 8500.32 8502.99 8504.08 8505.2 8505.87 8508.38 8509.25 8509.94 8510.82 8511.73 8515.64 8516.97 8509.17 8499.04 8501.18 8497.33 8490.12 8479.58 8479.53 8488.85 8495.51 8495.54 8486.53 8485.57 8492.06 8502.63 8513.47 8505.03 8497.3 8493.49 8494.72 8495.37 8510.19 8513.67 8516.59 8520.23 8525.4 8532.62 8536.9 8538.27 8537.98 8536.99 8536.5
8601.23 8586.28 8566.95 8532.69 8490.97 8502.57 8539.65 8570.69 8589.75 8594.75 8593.96 8596.6 8576.98 8566.68 8565.48 8564.96 8562.32 8558.85 8554.91 8544.54 8530.11 8516.15 8503.27 8501.53 8499.89 8498.56 8503.94 8509.35 8511.34 8512.29 8513.46 8515.63 8516.88 8520.28 8521.21 8521.79 8511.89 8506.59 8511.1 8506.99 8499.28 8495.55 8492.09 8492.56 8493.33 8489.8 8485.65 8484.64 8491.91 8501.87 8510.6 8505.61 8499.66 8499.46 8507.22 8515.82 8513.82 8515.46 8515.87 8517.25 8518.12 8521.81 8535.45 8540.93 8537.86 8535.35 8533.6
8608.16 8605.62 8611.39 8598.42 8571.19 8570.4 8570.04 8576.39 8580.83 8585.31 8589.5 8594.69 8576.55 8573.58 8577.99 8570.55 8564.77 8558.91 8549.53 8540.09 8533.71 8521.44 8508.02 8511.06 8514.39 8505.27 8511.59 8516.46 8515.12 8515.99 8520.66 8521.73 8522.23 8521.31 8520.5 8519.79 8509.24 8514.37 8520.5 8514.4 8503.83 8497.36 8495.7 8496.65 8496.75 8489.87 8486.92 8485.08 8492.73 8500.83 8507.22 8503.7 8498.88 8497.83 8509.01 8517.5 8515.97 8516.01 8515.87 8515.8 8517.01 8522.12 8530.45 8535.43 8533.84 8531.22 8527.9
8607.11 8605.6 8594.89 8598.3 8613.7 8609.98 8589.11 8585.03 8585.46 8588.37 8590.91 8581.01 8576.21 8576.34 8578.11 8572.63 8567.9 8562.68 8555.95 8550.7 8547.84 8538.93 8528.23 8527.86 8528.39 8533.51 8530 8526.11 8524.47 8524.04 8521.95 8522.68 8525.26 8523.18 8518.72 8513.38 8514.13 8515.33 8516.58 8514.81 8506.18 8496.28 8499.54 8503.2 8505.75 8508.9 8499.75 8488.76 8498.95 8504.18 8502.34 8504.11 8502.21 8491.63 8506.49 8514.88 8518.82 8519.12 8517.73 8514.37 8509.58 8513.97 8521.94 8526.98 8528.18 8526.05 8521.53
8593.8 8599.35 8591.9 8592.39 8590.28 8581.69 8587.89 8587.28 8587.04 8589.71 8591.46 8576 8568.27 8573.8 8570.07 8573.25 8571.02 8568.17 8567.46 8568.23 8566.33 8571.02 8566.83 8561.41 8557.66 8552.28 8542.9 8533.9 8530 8529.18 8529.57 8530.04 8529.87 8528.06 8524.44 8513.51 8523.61 8513.7 8505.51 8514.03 8513.38 8509.49 8509.43 8511.37 8514.3 8517.84 8513.53 8505.58 8509.95 8514.08 8519.26 8518.85 8512.64 8510.96 8514.22 8523.96 8525.05 8523.1 8520.9 8516.81 8516.62 8515.58 8517.24 8522.43 8524.67 8522.84 8517.87
8575.14 8594.11 8601.22 8592.82 8590.34 8591.47 8587.71 8586.89 8588.12 8592.85 8589.1 8580.15 8584.89 8579.58 8579.85 8577.61 8574.76 8572.2 8570.31 8568.68 8572.22 8577.92 8581.48 8592.73 8583.73 8561.37 8543.67 8535.51 8532.94 8532.43 8533.24 8534 8535.25 8535.89 8536.61 8534.74 8520.84 8519.3 8522.83 8524.7 8525.28 8523.91 8519.44 8519.71 8521.7 8524.92 8525.32 8523.31 8523.31 8523.96 8525.66 8525.58 8521.77 8518.65 8521.42 8532.41 8531.39 8527.92 8524.76 8521.07 8519.23 8521.74 8524.85 8526.45 8525.97 8523.39 8518.21
8565.66 8576.08 8580.43 8584.66 8585.56 8585.24 8583.81 8582.29 8581.48 8579.8 8577.31 8575.87 8575.26 8578.43 8582.51 8578.8 8577.78 8575.6 8572.51 8568.68 8572.8 8575.59 8573.43 8590.12 8589.56 8557.24 8534.4 8534.28 8534.04 8534.24 8536.1 8538.76 8541.41 8543.44 8541.38 8535.33 8530.61 8531.52 8541.95 8544.09 8533.09 8526.93 8525.88 8525.75 8526.74 8527.91 8529.64 8536.09 8532.64 8530.42 8531.74 8533.21 8529.68 8528.41 8528.32 8535.92 8536.29 8535.11 8532.36 8528.67 8520.43 8525.87 8534.88 8532.07 8529.86 8526 8520.97
8554.65 8557.49 8563.78 8574.42 8579.25 8584.04 8580.33 8576.77 8572.03 8562.98 8564.05 8569.21 8572.57 8574.21 8573.91 8577.11 8579.63 8579.16 8578.67 8576.64 8579.29 8579.6 8576.36 8574.53 8571.47 8555.69 8542.51 8537.73 8537.38 8538.06 8539.6 8542.05 8546.25 8551.95 8558.92 8552.92 8540.09 8538.29 8547.34 8543.15 8537 8533.17 8530.82 8530.79 8530.59 8529.12 8528.22 8529.35 8530.99 8532.47 8532.57 8532.08 8535.05 8536.56 8534.21 8538.08 8541.7 8542.93 8543.35 8543.31 8541.64 8538.47 8528.15 8535.89 8534.37 8530.41 8526.22
8562.25 8555.93 8566.46 8569.5 8573.47 8576.28 8574.74 8571.63 8568.03 8565.39 8562.71 8560.76 8562.02 8573.93 8581.31 8582.9 8582.12 8583.07 8586.07 8592.48 8588.76 8581.12 8578.74 8577.89 8568.23 8557.24 8547.18 8542.26 8540.32 8540.53 8542.72 8545.29 8548 8554.16 8564.12 8559.04 8548.7 8545.33 8540.55 8535.97 8530.44 8531.21 8534.92 8536.65 8536.38 8533.77 8528.92 8532.25 8534.71 8535.85 8535.62 8535.16 8540.85 8546.57 8546.58 8546.32 8548.6 8550.83 8552.85 8555.77 8561.08 8558.31 8556.52 8547.16 8541.23 8535.8 8532.06
8563.69 8554.22 8559.47 8565.67 8570.06 8569.93 8570.22 8568.82 8565.68 8564.7 8562.53 8554.11 8572.54 8579.08 8581.32 8581.5 8580.36 8582.82 8588.29 8592.87 8588.96 8579.92 8575.39 8571.63 8566.48 8558.02 8550.6 8547.28 8544.88 8544.17 8544.67 8546.26 8547.61 8548.56 8547.46 8548.75 8548.56 8551.04 8549.98 8551 8545.07 8541.09 8541.49 8543.78 8545.6 8546.15 8546.47 8545.77 8544.1 8542.15 8541.97 8543.44 8548.32 8554.89 8559.5 8555.39 8556.74 8559.08 8561.61 8561.54 8560.36 8566.55 8564.92 8555.3 8547.01 8540.19 8535.37
8561.26 8552.92 8556.57 8565.49 8570 8572.22 8571.68 8567.4 8562.97 8561.1 8564.45 8554.6 8581.06 8581.63 8576.33 8572.98 8574.94 8579.99 8585.17 8589.98 8587.17 8578.1 8574.28 8571.8 8563.42 8556.45 8556.45 8547.85 8545.47 8545.19 8546.26 8546.62 8545.98 8543.49 8534.97 8540.14 8541.93 8543.18 8554.01 8551.04 8541.63 8546.54 8549.6 8553.23 8557.09 8560.33 8561.99 8556.67 8550.44 8548.37 8550.17 8555.86 8566.42 8567.79 8559.93 8561.74 8564.58 8566.8 8569.77 8573.21 8572.47 8569.67 8565.19 8557 8549.65 8543 8537.08
8567.41 8573.82 8570.68 8570.5 8571.13 8572.2 8570.64 8566.05 8561.48 8559.04 8559.41 8569.11 8575.9 8577.81 8569.57 8560.96 8570.19 8577.36 8581.35 8581.01 8575.86 8572.99 8573.91 8563.2 8554.7 8551.22 8541.5 8543.44 8546.59 8547.4 8546.63 8545.93 8546.55 8548.05 8548.83 8545.33 8543.65 8541.93 8556.47 8559.42 8544.96 8552.98 8557.21 8562.98 8568.68 8573.52 8576.33 8569.09 8554.58 8552.36 8557.61 8567.37 8582.61 8583.17 8580.87 8573.62 8571.66 8572.48 8575.56 8582.05 8581.07 8564.43 8557.82 8555.39 8550.88 8545.18 8539.79
8568.21 8578.06 8578.66 8575.1 8571.84 8568.99 8566.32 8565.66 8561.57 8548.63 8546.6 8567.4 8576.75 8576.24 8570.52 8571.26 8572.31 8577.34 8579.46 8578.02 8569.97 8568.18 8566.12 8556.13 8552.57 8552.51 8553.51 8552.7 8549.78 8548.33 8548.12 8547.19 8548.05 8551.4 8556.2 8551.47 8550.6 8557.03 8558.72 8562.3 8568.36 8566.19 8569.25 8572.83 8577.06 8582.65 8589.64 8577.94 8558.32 8552.3 8561.74 8576.83 8584.18 8591.79 8588.49 8579.96 8575.63 8574.06 8574.23 8573.15 8569.79 8565.19 8557.7 8552.87 8550.77 8548.19 8546.06
8561.7 8570.96 8577.02 8575.59 8572.57 8568.6 8564.99 8568.62 8572.03 8564.3 8548.33 8563.48 8570.62 8571.13 8570.02 8571.03 8577.47 8581.98 8584.16 8583.65 8575.37 8570.62 8563.02 8562.23 8560.66 8554.64 8554.16 8553.99 8551.23 8550.56 8549.93 8548.41 8546.3 8545.35 8548.99 8551.42 8555.23 8558.2 8563.97 8567.12 8568.2 8576.11 8578.17 8578.47 8579.42 8581.63 8583.74 8570.95 8541.11 8544.83 8561.84 8578.26 8588.25 8591.24 8586.73 8580.18 8575.43 8572.48 8570.22 8567.79 8561.91 8553.56 8551.51 8551.09 8552.12 8552.52 8552.25
8560.49 8565.22 8573.44 8574.91 8573.81 8571.9 8572.55 8571.93 8573.76 8570.82 8564.48 8556.24 8554.77 8555.32 8564.71 8577.79 8581.66 8586.01 8590.8 8595.98 8605.45 8583.27 8556.31 8552.31 8551.17 8550.66 8549.87 8549.09 8550.83 8552.22 8552.66 8550.09 8546.48 8536.52 8536.96 8552.5 8561.66 8569.01 8572.33 8572.5 8584.49 8590.05 8585.04 8580.6 8577.26 8574.1 8566.87 8552.92 8539.34 8547.97 8564.29 8579.26 8586.38 8584.24 8577.81 8575.64 8571.37 8567.26 8563.38 8562.35 8556.45 8552.09 8549.08 8549.45 8550.61 8553.24 8558.67
