real_craters/C159-300m.grd
DSAA
383 383
-57.2425 57.2425
-57.2425 57.2425
7201.4411172894 9891.0788078263
[rows 300 to 329 of 383, columns 67 to 133 of 383]
8692.18 8696.58 8697.79 8698.04 8699.63 8698.02 8707.09 8709.68 8707.51 8699.04 8689.9 8681.52 8674.56 8671.99 8675.03 8686.87 8700.82 8699.73 8701.8 8705.29 8709.31 8713.92 8718.52 8723.92 8728.72 8732.94 8736.7 8740.01 8742.37 8743.05 8742.28 8742.04 8742.04 8742.35 8743.29 8744.56 8741.35 8726.06 8710.79 8698.6 8700.8 8707.37 8714.6 8721.58 8727.34 8731.61 8736.63 8739.09 8738.78 8732.93 8727.15 8722.65 8724.82 8724.16 8720.5 8715.84 8711.42 8708.94 8710.91 8715.79 8717.97 8718.92 8716.16 8708.57 8702 8701.8 8701.97
8700.95 8703.39 8706.37 8709.37 8710.31 8714.17 8717.12 8716.52 8708.8 8699.02 8689.26 8681.17 8676.32 8676.56 8682.4 8690.77 8694.54 8697.56 8701.68 8706.72 8711.46 8714.91 8720.44 8725.53 8728.9 8732.03 8734.07 8734.97 8733.01 8731.38 8735.27 8736.9 8737.53 8738.11 8739.08 8740.19 8736.3 8723.96 8711.82 8704.11 8703.38 8708.17 8714.96 8722.45 8730.28 8738.69 8741.43 8740.41 8741.09 8735.6 8728.31 8722.32 8725.21 8722.67 8718.28 8713.6 8709.57 8709.59 8717.02 8720.77 8719.95 8717.87 8712.23 8704.9 8699.21 8698.53 8698.47
8713.74 8714.6 8717.5 8718.45 8723.53 8727.38 8725.41 8720.39 8709.14 8697.91 8685.64 8675.26 8674.86 8676.3 8679.76 8680.62 8682.59 8691.43 8699.57 8707.21 8714.25 8721.46 8725.51 8727.81 8729.17 8730.84 8731.74 8731.83 8730.4 8729.61 8731.46 8731.9 8731.92 8731.76 8731.66 8731.16 8727.1 8719.33 8711.11 8705.38 8705.1 8709.37 8715.53 8722.35 8729.85 8737.46 8737.12 8732.87 8735.97 8734.88 8730.9 8728.98 8726.67 8722.34 8717.5 8712.95 8709.86 8715.76 8728.82 8729.38 8722.58 8713.42 8708.39 8703.99 8700.3 8700.02 8700.66
8723.69 8728.03 8733.19 8739.72 8734.37 8727.67 8725.44 8719.14 8708.74 8698.01 8686.5 8677.22 8674.37 8674.03 8673.7 8668.21 8674 8687.59 8698.18 8707.15 8715.96 8725.26 8728.74 8728.52 8729.06 8729.74 8730.08 8729.9 8729.78 8732.36 8728.2 8726.91 8726.01 8724.46 8722.57 8721.68 8718.42 8713.66 8709.12 8705.59 8705.96 8710.36 8715.35 8721 8726 8729.28 8725 8725.93 8733.29 8733.5 8731.07 8728.54 8726.05 8721.27 8717.24 8714.52 8714.69 8725.58 8740.77 8736.09 8725.58 8709.99 8707.13 8705.56 8704.84 8705.39 8707.02
8746.22 8744.83 8744.64 8744.84 8738.68 8733.58 8729.06 8720.18 8710.31 8701.19 8690.61 8679.42 8676.91 8673.92 8671.84 8672.23 8679.89 8690.19 8699.28 8707.44 8714.84 8721.44 8724.88 8725.93 8727.18 8728.48 8729.07 8728.07 8725.88 8721.36 8721.98 8722.27 8720.88 8717.82 8713.34 8707.13 8707.68 8708.32 8707.75 8706.94 8708.41 8711.72 8715.07 8718.87 8721.74 8723.21 8720.76 8721.19 8732.03 8731.02 8728.24 8725.18 8721.04 8717.4 8716.37 8717.31 8721.79 8729.78 8734.98 8731.98 8726.2 8719.17 8711.7 8708.68 8708.53 8710.33 8713.4
8770.55 8761.67 8752.56 8744.48 8738.23 8732.02 8723.03 8723.37 8717.6 8707.17 8697.56 8692.05 8682.74 8676.63 8675.13 8686.78 8691.38 8696.04 8702.49 8708.4 8713.3 8716.42 8719.21 8723.53 8726.89 8728.23 8728.63 8727.77 8725.18 8719.73 8720.61 8720.31 8717.9 8713.84 8708.39 8701.11 8702.85 8705.43 8707.61 8710.7 8713.75 8713.75 8714.28 8715.93 8717.61 8719.4 8714.82 8712.07 8726.99 8725.71 8723.39 8720.88 8715.22 8712.07 8714.25 8718.36 8723.69 8726.22 8723.35 8722.11 8722.23 8719.26 8714.11 8710.64 8709.16 8712.87 8719.94
8792.32 8773.71 8757.04 8745.27 8736.96 8731.43 8725.22 8727.04 8722.7 8712.28 8702.59 8693.8 8687.06 8681.6 8680.16 8696.15 8699.16 8701.86 8706.03 8710.46 8713.63 8714.97 8717.05 8722.67 8727.67 8730.67 8731.28 8730.68 8729.23 8728.29 8725.35 8721.13 8717.03 8712.6 8708.42 8705.84 8703.77 8704.9 8707.48 8711.33 8714.64 8713.03 8711.99 8712.08 8712.26 8711.84 8704.37 8704.7 8714.95 8717.87 8716.63 8713.98 8709.67 8707.77 8710.72 8715.9 8720.68 8721.62 8720.55 8719 8717.03 8714.55 8712.12 8711.77 8713.56 8719.46 8725.93
8791.47 8772.27 8757.67 8744.6 8738.22 8737.31 8734.69 8728.72 8724.26 8716.46 8706.77 8698.16 8692.28 8690.26 8690.8 8698.09 8703.71 8706.56 8710.49 8714.58 8717.51 8718.73 8720.04 8726.53 8732.05 8734.37 8734.88 8734.33 8732.71 8730.72 8726.91 8722.28 8717.43 8712.63 8708.86 8705.75 8704.26 8704.34 8705.88 8708.22 8709.97 8709.5 8708.86 8708.62 8707.78 8706.13 8704.5 8707.41 8709.62 8710.97 8709.67 8706.74 8703.38 8702.55 8705.28 8710.54 8715.7 8716.67 8717.7 8716.65 8708.73 8705.65 8706.24 8712.3 8719.9 8728.76 8733.94
8784.68 8767.22 8758.75 8753.99 8750.69 8745.58 8742.86 8737.7 8731.76 8722.94 8711.84 8699.86 8696.18 8702.31 8706.14 8708.41 8706.66 8710.83 8715.87 8720.68 8724.81 8727.69 8729.87 8735.32 8739.19 8740.77 8740.74 8738.94 8736.47 8732.04 8727.72 8724.22 8718.48 8712.76 8708.47 8705.54 8703.66 8703.38 8703.83 8704.26 8703.99 8704.77 8705.7 8706.23 8705.33 8703.03 8697.83 8703.71 8706.8 8705.79 8703.48 8700.06 8696.62 8695.51 8698.33 8702.45 8707.14 8709.27 8710.47 8709.64 8706.29 8704.7 8706.24 8712.29 8718.81 8724.36 8729.22
8786.98 8766.69 8761.41 8758.97 8756.27 8750.4 8755.79 8752.56 8742.91 8731.05 8719.22 8708.6 8705.22 8710.84 8706.79 8695.86 8707.48 8715.37 8722.27 8728.79 8734.99 8740.39 8745.13 8748.18 8749.14 8748.37 8746.49 8743.82 8740.96 8738.69 8736.03 8726.93 8719.68 8712.97 8706.73 8702.98 8702.82 8702.73 8702.62 8702 8700.57 8702.22 8704.09 8705.1 8705.24 8703.4 8699.54 8706.44 8704.36 8701.43 8698.43 8694.92 8691.51 8690.73 8692.18 8693.3 8696.08 8701.45 8704.16 8704.53 8711.05 8709.68 8710.48 8711.96 8714.54 8716.26 8716.14
8792.69 8772.55 8767.3 8762.6 8757 8756.94 8770.26 8768.86 8753.79 8739.44 8727.22 8718.6 8715.82 8712.4 8711.88 8709.42 8713.63 8721.72 8729.96 8738.18 8745.83 8753.51 8760.51 8761.76 8759.69 8756.4 8752.34 8748.47 8744.44 8739.97 8733.13 8728.1 8720.51 8713.68 8708.13 8704.46 8703.41 8703.13 8702.82 8702.39 8702.15 8703.02 8704.52 8706.05 8707.33 8708.77 8711.16 8704.55 8700.86 8697.28 8694.7 8692.02 8689.49 8689.17 8689.36 8689.36 8692.38 8697.52 8701.24 8706.26 8709.34 8708.97 8710.13 8709.26 8710.7 8712.42 8706.11
8806.27 8787.54 8778.29 8771.29 8764.74 8762.9 8775.91 8773.62 8758.86 8745.5 8733.32 8722.32 8711.52 8714.61 8710.4 8713.24 8720.59 8729.04 8737.26 8745.92 8754.66 8763.47 8771.04 8772.08 8767.65 8762.23 8756.84 8751.66 8746.79 8741.92 8739.72 8728.5 8720.44 8713.93 8710.57 8706.75 8704.97 8704.93 8704.53 8704.21 8704.3 8704.89 8706.78 8708.88 8710.47 8711.59 8711.21 8700.23 8695.39 8693.61 8692.03 8690.74 8690.41 8689.74 8690.09 8692.13 8695.77 8697.08 8698.22 8698.84 8700.64 8701.9 8701.04 8702.75 8704.28 8704.67 8701.74
8819.67 8806.23 8789.62 8780.23 8777.89 8763.45 8757.44 8761.26 8757.29 8748.94 8739.26 8730.04 8724.37 8719.3 8715.69 8720 8727.89 8736.12 8744.3 8752.55 8761.05 8769.83 8777.92 8779.23 8772.39 8765.86 8759.76 8753.5 8747.51 8740.48 8730.35 8726.42 8719.88 8712.43 8705.9 8705.54 8706.59 8707.46 8707.91 8707.68 8706.39 8706.82 8709.54 8711.27 8712.41 8712.5 8709.5 8698.48 8691.13 8691.92 8691.95 8691.76 8689.61 8687.66 8690.53 8697.33 8698.63 8697.32 8696.05 8693.9 8694.61 8695.82 8696.25 8697.14 8697.72 8696.99 8699.81
8822.26 8807.69 8791.79 8781.07 8772.4 8758.47 8749.78 8752.72 8757.96 8753.78 8745.58 8737.43 8733.31 8720.99 8721.28 8731.04 8738.09 8744.22 8750.87 8758.06 8765.81 8772.54 8777.7 8777.94 8773 8767.29 8761.47 8755.27 8748.52 8741.11 8734.57 8728.21 8721.32 8713.52 8702.99 8707.05 8709.96 8711.77 8712.85 8713.35 8713.44 8713.88 8714.54 8715.02 8715.2 8714.34 8709.48 8696.61 8693.42 8695 8695.08 8693.1 8689.41 8686.38 8689.91 8695.38 8697.16 8696.66 8695.67 8693.8 8692.7 8692.39 8692.4 8693.24 8694.45 8694.07 8698.37
8818.47 8798 8789.97 8780.18 8767.81 8762.08 8774.18 8772.6 8768.07 8760.93 8752.84 8742.85 8729.43 8732.53 8746.7 8747.35 8748.91 8752.55 8757.94 8763.54 8768.89 8773.29 8775.05 8774.6 8772.69 8768.65 8763.18 8756.61 8749.13 8741.96 8737.22 8730.35 8724.37 8721.09 8719.84 8715.84 8716.11 8717.58 8719.23 8720.76 8721.61 8721.02 8720.63 8717.62 8715.4 8714.02 8706.78 8701.27 8699.22 8702.16 8701.16 8697.65 8693.51 8690.21 8692.11 8695.58 8696.13 8695.86 8695.68 8696.5 8692.62 8690.14 8689.03 8690.26 8694.09 8697.22 8698.63
8823.31 8809.35 8797.7 8784.37 8774.3 8776.94 8797.43 8795.92 8778.37 8767.94 8760.19 8753.46 8748.34 8755.87 8766.71 8761.44 8760.2 8762.57 8765.41 8769.65 8773.79 8775.98 8775.67 8772.97 8773.02 8770.58 8764.97 8757.95 8750.07 8741.8 8733.91 8728.04 8725.43 8725.9 8727.63 8723.05 8722.11 8723.48 8725.94 8728.71 8731.15 8732.39 8726.71 8720.01 8713.76 8708.15 8706.43 8698.83 8707.86 8715.54 8709.8 8703.8 8699.03 8696.35 8696.98 8698.16 8696.49 8694.9 8693.46 8692.31 8688.95 8689.49 8687.32 8688.06 8695.25 8700.61 8695.14
8829.88 8823.58 8808.14 8790.97 8775.83 8775.13 8791.36 8784.05 8778.38 8772.06 8767.34 8765.76 8770.56 8776.68 8768.96 8765.58 8766.05 8768.66 8772.54 8776.2 8778.49 8780.22 8779.64 8776.53 8777.52 8774.26 8767.64 8759.9 8751.15 8742.04 8732.18 8726.23 8724.76 8722.83 8723.14 8724.89 8726.48 8728.82 8731.88 8735.26 8738.3 8738.72 8731.12 8720.96 8711.75 8705.47 8706.44 8709.51 8753.42 8725.7 8715.07 8708.17 8702.99 8699.97 8703.08 8702.05 8697.17 8693.8 8690.93 8688.62 8690.7 8694.03 8695.07 8696.85 8697.39 8695.79 8686.56
8832.29 8823.84 8811.99 8799.27 8786.04 8779.3 8780.03 8776.31 8777.33 8775.27 8772.91 8772.17 8774.3 8765.69 8756.8 8764.47 8768.94 8772.95 8776.56 8780.33 8783.7 8786.63 8788.92 8790.77 8786.76 8779.36 8770.57 8762.09 8752.83 8743.51 8735.92 8731.58 8725.68 8721.73 8722.23 8726.48 8729.73 8732.79 8736.11 8739.78 8742.66 8742.36 8732.31 8720.11 8709.03 8700.92 8701.3 8699.58 8704.11 8716.15 8714.55 8709.83 8705.87 8703.61 8704.47 8698.46 8696.03 8693.67 8691 8690.6 8701.22 8700.55 8704.29 8706.24 8698.82 8689.95 8682.18
8835.7 8827.85 8819.66 8810.44 8801.79 8791.82 8786.26 8787.51 8780.81 8777.38 8776.15 8774.4 8769.06 8760.76 8759.13 8767.8 8773.51 8777.49 8781.4 8784.72 8787.79 8791.51 8795.83 8799.61 8793.91 8783.51 8773.55 8763.77 8754.51 8745.17 8735.98 8728.26 8728.3 8727.95 8728.42 8730.62 8733.39 8736.1 8738.89 8741.6 8743.93 8739.54 8729.82 8717.85 8707.17 8700.3 8702.57 8703.68 8703.81 8710.76 8711.86 8709.91 8707.62 8706.26 8698.23 8695.15 8696.19 8695.73 8694.04 8693.15 8694.26 8702.42 8708.01 8711.37 8696.76 8684.4 8679.51
8842.06 8841.9 8835.47 8820.34 8807.85 8807.41 8802.37 8784 8778.44 8778.43 8779.06 8779.13 8776.9 8770.41 8772.77 8776.65 8779.31 8782.24 8785.05 8787.79 8789.84 8793.38 8797.17 8799.65 8794.73 8784.7 8774.65 8765.01 8756.2 8747.54 8739 8733.77 8733.42 8735.87 8735.53 8735.76 8737.14 8738.82 8740.38 8741.18 8740.24 8735.02 8726.1 8715.85 8706.97 8702.51 8703.91 8707.54 8713.49 8712.49 8711.49 8709.38 8706.33 8702.08 8695.47 8697.71 8699.57 8700.4 8700.92 8701.38 8704.06 8704.92 8704.29 8698.9 8688.02 8678.77 8683.62
8846.23 8852.04 8849.49 8824.25 8804.43 8807.84 8800.35 8781.61 8777.98 8780.74 8782.93 8785.57 8792.05 8801.61 8791.64 8787.14 8785.22 8785.55 8787.14 8788.87 8789.78 8792.39 8794.58 8796.25 8792.04 8783.55 8774.57 8766.45 8759.11 8751.65 8744.19 8738.7 8738.97 8739.16 8739.86 8739.86 8740.21 8740.88 8741.15 8740.32 8737.44 8731.42 8723.21 8714 8705.96 8703.85 8707.03 8711.91 8712.29 8712.5 8711.44 8708.6 8705.45 8700.83 8703.58 8704.24 8704.51 8705.33 8707.76 8709.76 8709.25 8707.14 8699.74 8688.87 8683.22 8683.86 8687.44
8841.8 8842.52 8836.86 8817.56 8803.36 8796.7 8795.72 8787.42 8785.18 8786.35 8786.98 8788.35 8791.43 8807.85 8799.01 8791.43 8788.2 8787.63 8787.82 8788.31 8789.65 8790.15 8790.05 8789.01 8784.69 8778.86 8773.03 8767.06 8761.4 8756.33 8751.12 8747.6 8746.97 8745.86 8744.22 8743.49 8743.25 8743.02 8742.41 8740.67 8736.95 8730.63 8722.78 8713.99 8704.68 8706.08 8713.65 8716.11 8717.06 8715.8 8713.25 8710.22 8706.94 8704.38 8705.13 8710.84 8709.33 8707.68 8708.17 8710.13 8714.44 8709.71 8697.59 8687.73 8684.09 8685.7 8687.42
8833.94 8823.79 8806.82 8808.04 8801.59 8791.67 8791.01 8795.51 8796.34 8792.93 8789.44 8787.93 8787.66 8785.18 8790.1 8789.16 8787.88 8787.75 8787.63 8787.68 8787.6 8787.26 8784.74 8779.74 8774.62 8773.11 8770.38 8767.06 8763.59 8760.85 8758.55 8759.16 8755.67 8751.3 8747.66 8746.25 8745.75 8745.29 8744.31 8742.02 8738.87 8733.65 8727.45 8718.96 8709.97 8712.17 8719.06 8719.84 8717.93 8717.58 8715.47 8712.73 8709.85 8708.12 8711.6 8716.8 8711.97 8707.12 8703.3 8703.23 8702.72 8698.73 8694.3 8688.91 8683.27 8683.7 8686.71
8830.86 8822.99 8815.29 8816.65 8809.54 8794.05 8794.97 8803.3 8806.46 8798.87 8790.28 8783.49 8778.29 8772.19 8780.74 8785.82 8787.33 8787.97 8788.03 8787.59 8786.59 8784.54 8781.02 8776.16 8771.6 8771.01 8769.95 8768.31 8766.36 8764.6 8763.4 8763.53 8757.91 8751.01 8748.67 8747.92 8747.54 8747.03 8746.12 8744.71 8742.88 8740.99 8739.17 8726.88 8719.68 8724.91 8726.69 8723.41 8719.46 8720.07 8717.66 8715.13 8712.6 8710.92 8715.92 8717.55 8711.54 8704.71 8698.46 8697.15 8695.81 8693.28 8691.9 8688.77 8685.55 8687.35 8684.98
8830.06 8826.8 8827.2 8822.16 8812.36 8792.12 8795.79 8807.63 8812.04 8802.62 8789.99 8777.51 8772.1 8775.71 8780.69 8785.87 8787.85 8788.52 8788.19 8787.53 8786.01 8784.43 8780.71 8776.19 8772.55 8771.67 8771.33 8770.44 8769.54 8768.2 8765.71 8763.14 8754.11 8747.04 8749.27 8749.95 8749.91 8749.37 8748.5 8747.75 8746.59 8745.2 8741.18 8733.35 8725.56 8733.04 8734.33 8729.28 8724.35 8720.81 8720.41 8718.04 8715.57 8713.82 8713.87 8713.63 8709.72 8703.52 8697.07 8695.46 8695.08 8695.29 8691.5 8689.44 8689.35 8688.95 8682.63
8827.02 8824.12 8821.88 8813.1 8803.19 8798.56 8800.87 8810.5 8816.45 8804.1 8791.11 8778.29 8776.78 8785.4 8789.71 8789.86 8790.25 8790.49 8790.09 8789.83 8788.03 8785.88 8782.47 8778.37 8774.91 8774.61 8774.68 8774.5 8774.01 8772.42 8768.34 8762.66 8754.78 8751.63 8753.63 8754.3 8753.87 8753.25 8752.19 8751.38 8750.03 8748.39 8746.05 8742.02 8739.37 8744.97 8741.5 8733.51 8726.7 8728.12 8723 8720.43 8718.52 8716.49 8713.3 8712.63 8709.57 8705.18 8700.12 8696.82 8693.98 8690.55 8690.71 8691.01 8692.11 8688.93 8679.04
8821.47 8817.47 8811.73 8806.66 8801.88 8801.29 8806.55 8807.96 8802.31 8801.78 8796.35 8787.5 8787.43 8793.42 8795.86 8793.49 8792.76 8792.14 8791.59 8790.98 8789.82 8788.56 8785.72 8782.61 8779.61 8779.21 8779.94 8780.19 8779.66 8778.2 8774.5 8767.21 8762.08 8765 8762.51 8760.32 8758.53 8756.96 8755.65 8754.54 8753.1 8751.21 8749.3 8747.25 8750.09 8756.87 8747.77 8736.17 8726.16 8724.48 8723.23 8722.41 8721.77 8719.3 8716.79 8713.2 8710.66 8708.74 8705.2 8699.77 8694.41 8689.86 8690.66 8692.36 8691.8 8686.19 8677.47
8815.61 8811.11 8806.91 8803.79 8801.29 8804.15 8814.57 8809.89 8808.06 8810.23 8807.98 8802.16 8802.14 8798.81 8795.31 8794.99 8794.59 8795.12 8794.7 8794.45 8793.54 8792.29 8790.93 8789.48 8786.47 8787.76 8787.78 8787.34 8786.9 8786.07 8784.48 8781.74 8781.95 8777.73 8770.51 8765.98 8762.75 8760.42 8758.51 8756.18 8754.86 8753.22 8752.16 8748.01 8746.81 8756.76 8748.91 8737.53 8726.34 8720.19 8722.75 8723.8 8724.32 8723.77 8717.25 8712.06 8712.39 8712.95 8709.95 8703.08 8696.65 8692.12 8691.61 8693.34 8693.22 8687.03 8679.22
8809.16 8806.93 8805.44 8803.65 8802.32 8803.56 8803.34 8813.72 8824.39 8823.42 8820.76 8822.65 8810.66 8803.48 8798.55 8797.33 8797.72 8798.23 8798.46 8798.94 8798.64 8797.88 8797.54 8797.86 8800.86 8799.75 8796.04 8794.5 8794.17 8794.47 8795.14 8796.03 8794.96 8784.82 8775.92 8770.29 8766.3 8763.5 8761.33 8759.53 8757.34 8755.8 8755.54 8756.95 8754.57 8754.23 8748.01 8739.2 8729.48 8726.41 8726.2 8726.15 8725.54 8722.53 8715.36 8714.15 8714.53 8714.2 8711.56 8705.34 8699.11 8692.96 8693.03 8694.77 8692.76 8686.69 8681.41
8804.23 8802.8 8802.71 8803.44 8804.78 8806.62 8807.92 8815.9 8823.49 8825.45 8825.31 8821.74 8813.56 8806.51 8803.53 8800.1 8800.32 8801.35 8802.17 8802.92 8803.76 8804.01 8803.44 8804.05 8805.64 8804.76 8801.12 8800.57 8800.99 8801.8 8802.98 8805 8800.44 8785.3 8778.01 8773.38 8769.71 8767.04 8764.69 8762.67 8760.84 8758.6 8758.18 8759.41 8760.8 8750.22 8747.27 8742.4 8736.84 8733.04 8729.31 8727.24 8725.63 8722.15 8715.65 8715.62 8715.87 8712.56 8710.07 8706.94 8702.58 8699.38 8698.23 8698.05 8694.12 8685.77 8681.47
