real_craters/C159-500m.grd
DSAA
230 230
-57.2425 57.2425
-57.2425 57.2425
7205.4164231554 9880.4722225382
[rows 90 to 119 of 230, columns 134 to 200 of 230]
8966.51 9070.57 9167.29 9247.08 9209.41 9130.26 9040.01 8931.23 8857.24 8781.69 8712.33 8672.69 8648.22 8634.57 8630.65 8629.77 8638.34 8649.02 8659.65 8664.46 8666.35 8665.31 8660.36 8651.75 8636.99 8647.89 8663.29 8679.15 8689.99 8687.06 8680.91 8669.66 8668.75 8635.86 8585.6 8535.2 8502.69 8487.23 8488.18 8496.9 8506.39 8516.27 8528.26 8538.37 8544.55 8547.34 8543.77 8535.61 8526.19 8531.73 8543.94 8552.27 8537.94 8536.18 8544.56 8558.24 8565.61 8553.39 8551.29 8550.22 8546.5 8542.04 8537.53 8534.02 8527.9 8524.57 8524.46
8835.92 8931.63 9029.75 9202.88 9300.05 9287.05 9195.2 9072.9 8943.76 8831.86 8739.76 8687.01 8660.33 8643.27 8633.09 8641.51 8660.54 8673.13 8667.06 8674.04 8673.64 8661.29 8647.61 8633.91 8624.76 8630.89 8647.33 8666.12 8679.53 8679.19 8695.71 8722.74 8711.98 8660.91 8596.21 8533.49 8490.55 8483.6 8483.66 8489.16 8497.22 8503.78 8514.17 8538.21 8557.56 8556.02 8548.6 8539.37 8535.13 8541.84 8551.91 8558.37 8554.63 8556.29 8555.71 8562.84 8564.94 8566.84 8562.61 8556.75 8550.85 8544.45 8538.98 8532.34 8525.8 8517.76 8511.14
8703.17 8808.57 8941.11 9161.63 9328.47 9387.46 9307.11 9165.83 9020.31 8884.57 8771.98 8709.64 8681.64 8665.37 8653.91 8664.85 8694.01 8697.92 8687.55 8684.82 8676.65 8654.14 8635.26 8621.87 8617.03 8621.3 8631.95 8646.16 8656.54 8673.08 8726.16 8806.76 8769.76 8685.07 8604.37 8535.76 8493.2 8486 8486.69 8490.86 8495.38 8502.86 8517.33 8539.92 8562.09 8562.22 8552.18 8544.29 8536.7 8542.04 8541.44 8537.37 8542.46 8548.33 8558.37 8561.77 8567.62 8579.12 8572.23 8561.83 8551.84 8544.86 8538.75 8535.34 8521.94 8510.19 8499.31
8578.66 8689.69 8830.94 9021.95 9180.44 9326.05 9357.92 9225.88 9072.55 8929.54 8806.83 8740.35 8716.59 8705.43 8699.22 8703.19 8709.41 8717.32 8706.07 8681.62 8658.86 8638.91 8621.15 8607.63 8602.19 8604.52 8615.87 8635.8 8657.53 8679.15 8743.46 8846.87 8782.76 8679.71 8599.75 8540.43 8503.58 8492.38 8490.43 8493.51 8498.25 8508.91 8521.19 8536.52 8554.64 8552.63 8545.91 8547.75 8551.52 8548.29 8543.77 8536.31 8541.5 8551.7 8566.73 8576.63 8582.83 8585.5 8574.38 8562.36 8552.46 8543.22 8533 8521.37 8515.02 8504.28 8492.2
8464.78 8561.74 8669.88 8806.19 8981.74 9130.06 9275.31 9219.54 9083.51 8958.79 8850.38 8785.39 8764.14 8752.8 8754.67 8757.97 8753.19 8742 8702.06 8666.71 8643.37 8622.77 8606.72 8593.79 8581.8 8579.99 8598.61 8626.8 8664.72 8700.76 8727.93 8733.04 8686.55 8629.6 8577.93 8530.88 8506.68 8499.3 8496.16 8496.91 8501.92 8510.84 8521.18 8522.97 8520.5 8523.53 8528.8 8530.07 8535.12 8542.62 8541.58 8542.06 8551.53 8568.72 8576.7 8586.94 8581.82 8574.66 8568.81 8560.48 8551.01 8541.34 8530.05 8517.99 8510.86 8502.25 8493.37
8363 8445.6 8535.56 8637.47 8790.53 8917.41 9086.74 9126.72 9053.75 8965.62 8892.6 8842.35 8817.31 8799.48 8792.27 8785.36 8766.96 8725.55 8674.51 8647.58 8624.21 8607.48 8599.49 8587.72 8571.69 8561.13 8584.07 8611.32 8647.07 8734.23 8698.02 8611.63 8567.33 8569.12 8555.84 8535.71 8519.02 8508.8 8504.56 8506.88 8507.34 8511.74 8515.18 8513.37 8511.43 8513.8 8515.56 8509.87 8515.35 8521.13 8531.35 8543.51 8557.05 8566.51 8576.08 8572.86 8572.72 8566.21 8563.31 8557.01 8548.37 8539.52 8531.82 8523.86 8510.3 8502.01 8499.12
8275.28 8355.32 8428.3 8517.83 8653.34 8768.25 8893.57 9002.26 8983.31 8950.12 8917.79 8895 8860.45 8837.77 8824.82 8807.07 8768.13 8711.33 8667.5 8643.25 8617.62 8606.24 8602.75 8591.12 8579.11 8579.07 8576.84 8589.94 8617.68 8674.53 8639.65 8561.7 8520.78 8537.34 8544.6 8542.51 8531.97 8520.05 8512.77 8512.54 8513.29 8511.64 8505.07 8506.32 8512.89 8514.72 8512.82 8513.88 8515.06 8518.25 8520.78 8533.4 8548.53 8566.9 8576.21 8579.26 8570.33 8566.87 8561.29 8555.32 8546.24 8536.62 8525.58 8515.67 8506.79 8497.72 8489.56
8205.29 8292.16 8377.07 8488.8 8645.65 8689.02 8746.65 8879.23 8911.56 8917.74 8911.95 8897.22 8887.67 8866.51 8843.99 8827.74 8790.46 8732.44 8694.86 8672.64 8644.38 8632.8 8625.51 8609.25 8588.91 8570.14 8562.17 8565.93 8565.91 8568.1 8576.86 8551.53 8536.8 8535.67 8543.64 8552.33 8541.07 8533.42 8526.43 8523.72 8520.34 8514.7 8509.38 8508.93 8512.97 8510.06 8512.48 8511.74 8513.27 8511.68 8509.91 8518.57 8529.98 8540.31 8556.53 8571.11 8570.61 8560.02 8562.39 8555.42 8545.97 8534.46 8522.21 8512.55 8504.71 8495.41 8484.98
8151.39 8253.84 8370.56 8525.82 8645.9 8642.96 8678.41 8773.51 8833.99 8869.35 8891.9 8903.68 8903.2 8893.86 8866.56 8825.65 8808.91 8778.16 8758.33 8737.93 8714.42 8691.92 8672.34 8642.88 8607.99 8572.02 8555.12 8553.14 8550.76 8547.77 8548.47 8543.29 8539.25 8539.17 8542.75 8537.91 8543.07 8539.17 8533.03 8527.77 8521.27 8516.33 8513.66 8512.53 8508.26 8510.38 8510.71 8502.45 8510.76 8500.29 8499.85 8501.23 8506.78 8517.78 8539.27 8557.06 8566.05 8572.95 8565.21 8556.91 8547.14 8535.48 8522.1 8513.63 8506.29 8498.23 8486.12
8093.82 8206.33 8327.19 8486.56 8524.95 8543.4 8587.61 8707.06 8775.31 8829.36 8870.97 8898.28 8923.56 8938.21 8923.55 8879.16 8868.62 8844.43 8842.25 8827.81 8802.77 8771.33 8740.49 8700.4 8650.22 8595.65 8565.27 8557.55 8555.51 8550.8 8542.39 8538.24 8538.86 8541.81 8548.09 8552.43 8545.33 8539.53 8533.94 8527.38 8521.54 8516.93 8513.47 8511.55 8504.45 8505.76 8507.59 8512.64 8508.19 8501.41 8493.03 8488.33 8485.32 8496.78 8516.16 8535.46 8545.24 8558.42 8562.62 8559.54 8551.42 8540.1 8524.96 8518.25 8511.15 8504.43 8502.5
8036.54 8144.36 8237.35 8287.57 8346.56 8421.54 8486.5 8619.92 8727.03 8809.96 8873.35 8911.56 8966.29 9014.73 9031.28 9025.37 8997.78 8960.56 8951.66 8945.81 8906.17 8859.73 8827.49 8778.19 8716.21 8649.89 8603.77 8578.73 8561.62 8548.66 8541.77 8539.34 8539.56 8544.01 8548.63 8549.56 8545.93 8540.05 8533.85 8526.93 8521.15 8515.92 8509.93 8504.27 8510.83 8512.54 8498.45 8491.06 8495.72 8491.77 8489.5 8484.62 8478.69 8485.24 8494.17 8520 8535.07 8551.64 8562.54 8562.99 8557.2 8548.41 8540.85 8527.38 8516.76 8507.62 8494.51
7983.04 8084.52 8175.96 8267.28 8315.49 8357.03 8434.9 8560.41 8691.21 8806.87 8905.33 8985.65 9063.03 9122.66 9153.64 9163.86 9133.35 9129.43 9130.64 9101.55 9053.24 8993.18 8946.9 8880.7 8801.94 8727.5 8664.43 8614.12 8574.9 8550.82 8546.93 8544.7 8543.85 8544.11 8547.58 8548.66 8544.6 8539.75 8534.62 8529.37 8523.88 8518.38 8513.65 8514.22 8519.48 8517.58 8497.44 8491.64 8494.53 8493.92 8490.28 8488.49 8488.91 8491.42 8501.45 8519.35 8547.48 8563.63 8571.5 8568.93 8562.93 8554.92 8539.65 8532.44 8520.98 8512.63 8505.04
7935.07 8029.58 8117.43 8197.77 8216.67 8299.23 8386.51 8524.59 8669.99 8807.08 8950.98 9094.54 9198.95 9242.62 9262.48 9272.11 9267.73 9262.54 9280.75 9280.9 9240.7 9179.44 9095.53 9001.51 8900.53 8800.13 8715.89 8666.16 8617.78 8583.2 8569.63 8554.59 8543.33 8540.07 8546.32 8545.82 8540.99 8536.72 8531.91 8527.2 8522.85 8519.24 8515.16 8513.82 8517.71 8514.8 8502.61 8499.82 8503.37 8498.19 8494.12 8493.07 8495.16 8490.08 8482.62 8512.56 8539.23 8565.19 8574.96 8574.82 8566.43 8557.58 8551.18 8533.37 8520.48 8511.42 8503.42
7880.87 7972.69 8046.09 8092.43 8168.72 8241.14 8320.87 8461.05 8628.49 8788.79 8974.39 9173.22 9320.16 9345.69 9350.07 9382.53 9429.47 9450.57 9491.01 9490.62 9442.11 9360.04 9254.79 9131.21 9004.43 8882.58 8785.36 8741.88 8712.5 8660.19 8607.98 8565.04 8540.06 8530.02 8532.58 8535.91 8534.51 8531.71 8528.47 8524.81 8521.92 8518.32 8514.05 8509.08 8509.26 8515.13 8506.58 8500.43 8498.25 8494.22 8495.4 8495.13 8491.2 8486.11 8484.75 8524.71 8556.41 8572.54 8589.19 8579.39 8568.09 8549.54 8532.84 8527.94 8516.65 8503.55 8495.22
7845.13 7928.16 8005.28 8088.12 8138.37 8195.9 8243.21 8355.77 8535.81 8727.65 8948.16 9178.94 9363.37 9401.86 9412.4 9466.06 9557.15 9624.01 9691.37 9698.25 9632.55 9542.4 9407.96 9253.16 9104.6 8973.88 8874.12 8807.43 8780.25 8685.58 8611.25 8566.78 8535.59 8522.36 8521.12 8528.03 8528.59 8527.38 8525.38 8523.3 8521.36 8519.33 8515.57 8505.99 8505.39 8504.9 8501.71 8498.09 8491.24 8495.6 8499.48 8501.56 8506.11 8517.43 8525.6 8529.12 8539.7 8565.55 8584.74 8582.05 8572.26 8556.64 8539.88 8529.1 8515.47 8501.21 8492.43
7817.68 7893.86 7964.82 8016.59 8095.29 8140.62 8175.49 8213.15 8404.31 8637.43 8875.17 9106.58 9290.58 9395.79 9487.54 9539.51 9587.51 9692.23 9821.3 9850.73 9763.29 9670.76 9515.76 9343.34 9180.87 9038.09 8923.55 8816.51 8730.4 8665.94 8601.31 8568 8538.89 8521.76 8531.95 8527.6 8524.49 8523.77 8523.3 8522.69 8521.85 8521.99 8523.52 8531.66 8535.25 8516.06 8510.47 8509.1 8512.72 8506.52 8505.01 8506.28 8511.08 8518.72 8516.13 8511.35 8528.19 8560.21 8582.36 8584.12 8576.44 8569.72 8554.29 8534.67 8518.09 8502.68 8494.27
7786.04 7863.43 7938.79 8009.03 8056.55 8120.95 8155.01 8193.45 8332.88 8563.65 8791.81 9007.91 9193.74 9320.27 9435.16 9512.63 9596.05 9691.63 9825.85 9880.47 9790.19 9680.05 9547.35 9391.84 9227.55 9069.81 8923.21 8818.51 8733.41 8672.79 8614.78 8587.71 8558.03 8534.2 8526.77 8520.26 8518.86 8518.63 8518.92 8519.76 8520.19 8522.38 8525.15 8528.44 8526.71 8519.07 8518.23 8517.65 8516.12 8511.5 8508.06 8507.7 8506.45 8500.8 8506.26 8511.3 8530.82 8556.89 8580.13 8582.8 8574.47 8560.61 8550.44 8537.55 8522.55 8509.55 8499.86
7762.58 7838.6 7906.69 7952.48 7994.24 8082.54 8171.82 8240.3 8340.45 8532.69 8723.05 8901.88 9074.81 9182.53 9276.23 9392.78 9504.17 9605.54 9706.93 9754.85 9725.93 9664.75 9561.13 9410.72 9252.92 9097.01 8953.19 8857.63 8793.7 8728.92 8678.8 8638.25 8590.79 8534.17 8506.82 8509.37 8514.59 8515.95 8516.8 8517.97 8519.2 8521.5 8520.68 8519.97 8516.68 8520.9 8524.08 8517.37 8516.54 8513.23 8510.75 8508.47 8506.8 8507.86 8515.8 8527.2 8534.05 8550.41 8570.63 8572.79 8569.09 8566.07 8553.95 8540.21 8525.83 8513.33 8504.27
7735.87 7815.11 7896.04 7948.27 7980.72 8104.21 8210.08 8314.24 8414.77 8542.4 8671.5 8789.11 8887.71 9011.79 9146.44 9265.98 9350.15 9453.44 9547.89 9598.03 9614.49 9597.6 9528.1 9404.75 9265.01 9122.79 8992.8 8892.86 8834.22 8793.25 8750.6 8703.59 8644.03 8576.93 8520.54 8511.48 8515.03 8514.4 8517.99 8519.19 8519.56 8518.87 8518.54 8516.86 8519.36 8512.46 8500.29 8502.83 8509.05 8509.66 8508.32 8508.63 8509.27 8513.15 8511.54 8507.99 8522.34 8536.61 8545.68 8555.46 8560.14 8556.94 8553.32 8543.54 8529.95 8516.41 8509.67
7717.6 7796.7 7870.44 7929.95 8004.23 8116.46 8238.34 8362.14 8491.58 8560.51 8638.93 8717.29 8777.92 8922.16 9108.27 9188.94 9235.7 9319.87 9416.22 9454.7 9498.61 9509.82 9464.4 9385.38 9269.19 9144.73 9027.26 8932.94 8881.05 8855.08 8833.95 8774.63 8702.48 8645.78 8563.92 8521.54 8520.75 8519.49 8518.44 8518.05 8517.41 8516.8 8516.87 8514.78 8510.81 8508.08 8499.5 8503.74 8507.17 8506.74 8506.02 8505.7 8504.88 8504.15 8496.25 8498.44 8509.95 8525.17 8537.62 8548.32 8558.25 8557.6 8557.88 8551 8538.7 8525.36 8518.5
7690.74 7768.23 7848.38 7914.66 7991.98 8120.44 8232.89 8344.51 8477.21 8543.31 8614.31 8697.53 8783.67 8940.96 9110.73 9161.64 9206.14 9303.03 9362.4 9375.4 9420.73 9452.94 9450.9 9369.88 9268.38 9161.82 9063.8 8985.54 8934.55 8906.82 8885.28 8819.22 8730.93 8655.88 8572.92 8530.49 8528.43 8529.06 8527.77 8527.63 8524.46 8523.69 8519.4 8515.4 8513.31 8512.9 8511.97 8509.08 8506 8504.01 8503.21 8502 8500.99 8495.22 8488.06 8486.45 8501.55 8518.41 8535.43 8552.89 8568.06 8573.44 8569.04 8561.51 8553.4 8542.89 8530.65
7659.12 7733.73 7805.26 7872.23 7952.53 8089.85 8187.26 8281.74 8372.48 8494.34 8591.33 8687.34 8800.07 8948.72 9098.24 9169.54 9238.66 9354.17 9367.43 9370.14 9379.66 9400.81 9398.66 9346.21 9265.62 9174.52 9087.69 9014.07 8972.34 8936.96 8890.81 8818.02 8730.16 8634.13 8554.39 8533.73 8530.58 8533.2 8531 8528.11 8525.7 8522.06 8519.58 8515.02 8510.51 8505.77 8508.7 8508.38 8500.45 8498.22 8497.24 8497.04 8496.81 8499.94 8496.24 8496.65 8497.92 8513.74 8535.99 8561.03 8576.21 8586.92 8577.19 8569.56 8564.4 8554.36 8540.43
7627.2 7699.22 7773.92 7840.77 7902.87 8022.2 8127.71 8237.39 8347.81 8457.35 8562.85 8674.65 8800 8966.84 9093.37 9200.4 9299.15 9380.96 9366.59 9328.79 9325.98 9354.16 9367.15 9325.35 9257.02 9184 9112.86 9042.52 9011.73 8963.38 8898.93 8823.15 8740.33 8645.46 8572.13 8553.73 8545.83 8538.06 8535.28 8528.05 8521.76 8518.84 8516.86 8512.58 8510.82 8506.76 8500.46 8491.99 8492.34 8493.74 8494.06 8492.02 8487.67 8480.4 8474.62 8472.06 8488.14 8506.41 8525.08 8541.53 8561.11 8573.14 8573.27 8569.09 8564.64 8556.77 8544.81
7597.02 7660.92 7728.85 7813.79 7913.65 8015.18 8106.97 8202.8 8304.46 8422.65 8529.43 8635.28 8755.95 8896.15 9059.21 9220.3 9327.6 9365.56 9349.27 9315.89 9302.47 9308.63 9320.74 9289.01 9240.62 9191.55 9144.48 9104.1 9060.93 9000.16 8932.6 8855.31 8777.5 8689.27 8614.27 8591.32 8573.99 8560.4 8552.66 8538.97 8529.72 8523.23 8518.47 8515.75 8515.76 8511.91 8504.86 8488.98 8492.8 8494.29 8494.09 8491.38 8485.67 8481.05 8488.83 8485.41 8490.38 8500.6 8513.4 8526.75 8543.81 8557.48 8565.23 8563.87 8555.51 8551.35 8545.77
7569.64 7631.51 7700.66 7778.7 7878.36 7996.42 8089.78 8164.46 8251.3 8401 8492.22 8583.65 8687.29 8833.4 9024.59 9212 9315.66 9334.65 9315.99 9288 9266.83 9244.4 9230.99 9222.26 9214.89 9193.63 9168.34 9139.3 9084.57 9032.39 8978.83 8914.13 8848.79 8755.07 8683.59 8648.19 8615.79 8584.95 8561.75 8551.21 8539.74 8531.79 8523.27 8519.63 8516.13 8514.57 8509.45 8505.53 8500.3 8497.59 8495.78 8494.48 8494.48 8493.04 8490.77 8485.99 8488.61 8495.44 8504.88 8518.21 8539.1 8553.86 8561.15 8564 8559.34 8555.07 8548.17
7545.32 7598.51 7663.59 7742.9 7844.29 7967.04 8080.53 8129.36 8189.75 8344.36 8455.06 8533.64 8613.07 8736.46 9007.01 9198.12 9285.79 9295.61 9259.32 9207.32 9161.16 9169.42 9184.1 9197.12 9193.74 9186.1 9172.11 9132.59 9078.16 9048.08 9032.31 9016.5 8948.92 8868.8 8792.13 8713.45 8645.24 8597.16 8565.49 8551.34 8537.83 8528.61 8522.3 8518.74 8516.31 8515.04 8506.6 8504.18 8503.55 8500.54 8497.72 8496.06 8496.25 8492.54 8480.82 8479.13 8483.82 8489.97 8497.45 8505.66 8527.51 8546.52 8557.84 8566.66 8575.21 8563.09 8551.82
7528.01 7575.2 7634.62 7711.46 7820.66 7965.08 8052.08 8093.05 8164.42 8352.26 8433.17 8498.9 8567.48 8694.17 8963.91 9171.42 9236.73 9222.4 9176.89 9123.35 9085.49 9104.49 9139.46 9162.65 9170.51 9165.2 9152.28 9109.88 9050.38 9031.47 9040.07 9064.02 8964.04 8873.07 8813.31 8729.46 8648.96 8595.68 8564.45 8548.2 8533.05 8524.26 8519.29 8515.74 8512.83 8507.38 8498.74 8506.51 8506.39 8499.78 8495.68 8493 8490.72 8487.45 8483.84 8483.51 8482.2 8487.6 8493.65 8502.25 8516.85 8538.83 8553.61 8563.33 8566.9 8562.64 8553.11
7521.1 7574.11 7629.26 7699.01 7799.32 7910.42 7971.81 8066.59 8149.77 8294.82 8412.24 8489.89 8570.57 8701.12 8941.61 9112.82 9171.49 9148.05 9099.06 9055.71 9020.88 9051.62 9101.56 9141.4 9141.06 9128.01 9102.41 9045.79 8981.51 8970.25 8975.32 8959.7 8857.77 8761.14 8727.23 8669.45 8614.67 8577.1 8553.28 8538.77 8527.99 8520.65 8514.58 8511.27 8507.8 8502.2 8497.04 8498.69 8497.1 8495.07 8492.33 8489.49 8486.58 8486.46 8487.75 8488.53 8488.94 8485.55 8492.11 8505.57 8524.84 8537.38 8549.92 8559.76 8561.16 8559.83 8552.08
7519.65 7573.36 7623.33 7683.07 7778.61 7880.4 7989.31 8083.82 8171.54 8287.23 8405.37 8500.4 8608.9 8786.48 9001 9120 9137.4 9098.54 9046.32 9009.13 8980.45 9015.71 9072.27 9111.13 9110.13 9081.37 9032.16 8961.69 8895.47 8884.3 8883.96 8864.93 8781.44 8683.77 8619.56 8576.23 8560.32 8547.21 8534.55 8525.62 8519.09 8512.89 8509.23 8506.87 8506.18 8498.68 8495.46 8492.04 8490.08 8489.61 8488.16 8485.79 8485.15 8486.9 8489.69 8490.33 8473.29 8474.9 8487.92 8502.98 8518.68 8534.3 8545.92 8555.85 8560.41 8556.45 8549.56
7519.27 7577.87 7624.98 7685.53 7795.58 7913.3 8033.58 8148.39 8223.6 8325 8433.23 8518.28 8619.87 8806.93 9032.74 9138.92 9110.76 9059.76 9012.4 8981.7 8971.36 9001.35 9052.96 9095.75 9073.91 9028.88 8976.62 8890.88 8806.59 8793.52 8794.05 8783.99 8725.4 8632.69 8556.91 8513.45 8516.58 8516.98 8513.64 8510.9 8506.63 8503.5 8501.59 8498.48 8496.77 8494.31 8490.8 8489.11 8486 8486.05 8485.79 8483.37 8479.66 8485.41 8490.87 8485.21 8472.71 8474.64 8485.32 8497.3 8512.77 8531.22 8541.46 8547.93 8551.19 8549.9 8545.51
