real_craters/C159-300m.grd
DSAA
383 383
-57.2425 57.2425
-57.2425 57.2425
7201.4411172894 9891.0788078263
[rows 150 to 179 of 383, columns 201 to 267 of 383]
7974.17 8010.3 8048.3 8088.41 8126.25 8163.96 8200.74 8231.96 8263.84 8293.14 8323.03 8363.48 8409.31 8455.37 8501.06 8549.14 8596.5 8646.54 8700.41 8755.66 8817.76 8879.95 8943.84 9005.01 9069.64 9124.12 9185.43 9247.88 9235.2 9207.56 9167.96 9111.09 9060.64 8997.61 8930.97 8887.38 8845.32 8801.66 8758.64 8718.52 8690.1 8670.57 8653.4 8643.06 8635.34 8630.8 8629.39 8628.01 8630.55 8635.6 8641.69 8648.18 8654.53 8663.08 8664.12 8664.31 8666.09 8666.51 8665.21 8662.61 8658.63 8653.06 8644.3 8638.57 8647.41 8656.57 8665.53
7957.1 7981.63 8009.71 8042.32 8075.09 8111.34 8148.65 8188.11 8230.02 8272.39 8304.08 8330.61 8360.37 8395.5 8433.25 8475.69 8520.19 8569.32 8623.28 8679.56 8740.09 8802.7 8863.94 8924.82 8987.17 9042.16 9120.94 9226.13 9250.13 9260.87 9251.01 9203.45 9154.74 9092.86 9025.56 8956.3 8894.65 8836.84 8782.57 8734.27 8700.07 8676.92 8660.81 8647.91 8639.6 8634.54 8632.99 8632.8 8638.63 8647.29 8655.61 8660.92 8662.65 8663.26 8667.72 8670.1 8669.6 8666.21 8661.34 8655.19 8648.31 8640.3 8631.44 8625.94 8634.88 8645.6 8656.4
7936.84 7950.32 7971.03 7996.93 8026.6 8061.35 8100.06 8143.87 8193.76 8244.58 8273.29 8289.24 8308.16 8333.06 8364.98 8401.42 8442.94 8484.77 8539.05 8600.2 8661.44 8723.3 8785.13 8846.24 8903.43 8957.27 9025.52 9133.52 9232.15 9298.46 9331.78 9298.73 9247.77 9178.81 9102.49 9020.87 8944.18 8874.63 8809.85 8753.09 8711.8 8686.58 8669.5 8655.73 8646.66 8639.28 8633.66 8637.42 8649.05 8661.1 8672.37 8676.43 8672.36 8665.74 8673.62 8679.16 8673.46 8665.59 8656.87 8648.16 8639.61 8631.64 8625.38 8624.11 8627.74 8636.4 8646.41
7899.44 7909.68 7927.98 7950.95 7978.96 8010.99 8048.28 8090.94 8142.11 8207.41 8226.29 8233.62 8248.32 8269.5 8296.76 8330.56 8367.61 8413.39 8462.25 8522.17 8583.81 8645.9 8706.71 8768.22 8827.84 8888.16 8955.17 9094.92 9217.35 9315.2 9387.9 9368.11 9320.62 9244.42 9159.75 9074.88 8991.48 8910.08 8837.25 8773.07 8726.58 8699.64 8681.45 8668.52 8659.26 8650.9 8644.43 8649.01 8664.07 8681.38 8690.63 8692.12 8685.52 8680.51 8681.37 8682.57 8675.12 8663.5 8651.65 8641.31 8631.93 8624.55 8619.93 8617.26 8622.1 8628.67 8637.01
7848.01 7861.19 7881.49 7903.02 7928.6 7957.08 7989.75 8026 8066.01 8103.05 8139.27 8159.9 8180.67 8203.52 8230.05 8262.11 8290.8 8318.66 8382.99 8448.34 8510.98 8570 8631 8692.43 8757.79 8835.18 8941.8 9081.49 9188.69 9281.67 9379.16 9386.87 9362.9 9293.2 9207 9118.8 9029.19 8943.92 8864.01 8795.34 8743.6 8715.27 8698.57 8686.49 8678.29 8671.01 8666.27 8670.31 8681.25 8695.31 8702.95 8703.68 8697.75 8689.85 8686.73 8685.23 8672.62 8657.49 8644.42 8633.2 8624.01 8617.07 8614.2 8616.3 8617.76 8620.56 8627.81
7791.66 7810.13 7833.13 7854.33 7876.78 7901.09 7927.69 7955.67 7985.23 8015.79 8050.62 8080.54 8108.64 8136.63 8166.97 8200.7 8232.69 8266.7 8322.03 8383.18 8442.84 8499.97 8556.25 8617.87 8685.48 8764.3 8857.45 8980.4 9088 9179.21 9262.17 9345.76 9376.2 9325.74 9242.08 9150.02 9058.45 8971.32 8890.41 8817.45 8761.27 8734.98 8719.86 8709.35 8702.99 8697.91 8694.86 8697 8701.57 8705.48 8714.31 8715.53 8709.51 8698.84 8685.29 8673.7 8659.81 8645.85 8635.37 8624.64 8615.56 8608.67 8604.67 8604.54 8606.03 8610.01 8618.22
7746.41 7762.14 7784.64 7804.1 7824.58 7844.48 7864.94 7886.08 7908.12 7934.53 7971.01 8005.04 8038.14 8071.34 8106.18 8144.29 8189.68 8239.15 8277.94 8326.94 8377.54 8433.1 8487.3 8545.05 8608.91 8680.37 8756.12 8847.98 8953.2 9058.48 9155.67 9249.52 9330.11 9324.84 9251.45 9163.24 9075.41 8990.53 8912.26 8842.13 8786.9 8760.61 8744.84 8735.36 8729.61 8726.88 8728.77 8732.25 8732.32 8731.98 8732.22 8728.24 8716.62 8698.48 8678.5 8659.61 8646.07 8634.65 8625.2 8615.49 8606.87 8599.01 8593.2 8589.46 8590.03 8596.96 8608.08
7701.69 7719.97 7738.09 7755.66 7773.47 7789.84 7805.41 7820.74 7837.85 7864.45 7899.06 7934.45 7970.51 8007.71 8045.25 8087.42 8136.96 8187.02 8225.13 8268.86 8317.94 8369.54 8420.68 8477.24 8535.69 8597.82 8661.64 8737.22 8832.13 8937.57 9032.77 9112.8 9198.24 9271.64 9226.7 9151.66 9074.15 8997.91 8929.65 8867.08 8816.82 8790.71 8776.81 8766.27 8759.66 8756.78 8759.5 8763.31 8762.51 8759.14 8748.73 8740.3 8714.14 8689.13 8668.54 8652.59 8639.14 8624.93 8616.69 8608.62 8600.33 8591.47 8583.79 8577.12 8576.16 8584.49 8597.43
7660.39 7678.01 7694.42 7709.93 7724.55 7738.64 7750.79 7761.67 7773.24 7797.67 7838.5 7871.17 7908.57 7944.81 7982.66 8023.57 8071.86 8121.78 8163.21 8209.08 8259.09 8311.23 8362.53 8413.97 8467.73 8522.69 8580.17 8645.54 8722.79 8822.77 8910.27 8980.74 9063.39 9174.37 9166.72 9119.4 9054.87 8996.87 8940.52 8890.6 8848.08 8823.28 8809.33 8797.54 8787.66 8783.3 8784.09 8779.81 8779.59 8770.74 8751.02 8729.16 8696.96 8673.46 8656.06 8640.43 8626.37 8615.48 8610.03 8602.85 8595.97 8587.01 8578.67 8568.76 8564.41 8574.1 8588.62
7625.85 7640.76 7654.97 7668.68 7681.42 7693.06 7703.55 7712.79 7721.75 7745.63 7784.74 7816.63 7852.23 7886.9 7920.78 7955.99 7994.46 8045.39 8097.72 8150.28 8201.55 8254.35 8305.29 8356.72 8406.38 8455.36 8503.83 8558.11 8629.75 8720 8802.3 8871.13 8947.83 9067.18 9089.29 9067.52 9024.55 8984.51 8943.64 8910.62 8884.45 8861.65 8841.79 8826.18 8815.14 8807.92 8804.29 8799.26 8788.09 8770.23 8745.36 8714.88 8680.67 8661.55 8646.92 8632.59 8620.21 8609.53 8605.41 8600.09 8593.56 8585.7 8578.03 8568.4 8560.15 8571.04 8581.89
7596.63 7607.3 7618.67 7630.64 7642.58 7653.41 7663.68 7674.35 7687.69 7710.37 7742.33 7768.76 7801.08 7832.5 7864.18 7895.56 7930.28 7980.4 8036.59 8093.11 8148.55 8202.48 8255.35 8306.39 8356.37 8398.93 8441.36 8488.69 8560.84 8643.44 8722.96 8785.68 8850.81 8963.84 9009.76 9009.36 8987.14 8965.49 8941.43 8920.76 8909.16 8890.55 8867.22 8850.54 8837.65 8828.27 8822.25 8814.82 8796.65 8772.81 8743.35 8706.69 8677.8 8660.01 8645.9 8630.63 8617.02 8607.68 8606.28 8602.81 8596.73 8589.24 8581.63 8576.54 8579.39 8574.78 8578.1
7568.94 7577.18 7586.5 7596.76 7607.23 7617.9 7630.24 7643.37 7660.6 7680.96 7705.72 7726.76 7753.86 7781.98 7812.21 7845.4 7884.11 7931.88 7984.61 8043.39 8100.48 8156.8 8209.19 8261.25 8311.48 8355.77 8399.81 8445.44 8533.9 8622.24 8682.42 8724.87 8771.31 8876.11 8933.16 8945.34 8947.09 8940.38 8930.4 8918.93 8907.92 8894.32 8881.82 8867.57 8856.65 8844.39 8834.08 8821.03 8812.07 8786.18 8751.31 8713.81 8682.4 8670.19 8656.71 8639.46 8619.37 8615.12 8616.29 8612.53 8605.76 8596.5 8588.08 8580.7 8577.57 8570.86 8570.23
7542.06 7548.5 7556.19 7565.12 7575.61 7586.32 7598.62 7612.92 7630.24 7649.64 7670.64 7687.44 7709.49 7735.43 7765.09 7800.44 7839.52 7887.27 7941.69 7999.2 8057.42 8114.03 8171.18 8226.42 8281.25 8331.73 8382.58 8439.36 8547.81 8641.33 8668.46 8685.12 8705.09 8785.71 8855.76 8886.82 8903.79 8910.52 8911.61 8910.86 8906.79 8902.62 8895.25 8884.43 8871.6 8857.71 8844.44 8829.53 8827.59 8800.33 8765.89 8733.72 8708.92 8695.49 8682.07 8665.79 8649.46 8640.61 8637.7 8631.21 8621.87 8610.02 8597.38 8583.78 8572.13 8563.11 8560.2
7515.35 7520.05 7528.22 7536.04 7545.83 7556.42 7568.74 7582.62 7599.07 7617.25 7636.05 7648.42 7667 7692.34 7720.43 7756.41 7795.18 7844.16 7898.92 7956.82 8016.14 8073.59 8131.61 8190.97 8252.54 8315.58 8381.57 8463.13 8569.89 8648.02 8655.87 8658.11 8670.42 8720.52 8788.76 8830.86 8858.54 8876.58 8887.94 8897.1 8904.73 8913.03 8904.54 8896.34 8887.01 8873.89 8856.21 8831.94 8822.22 8807.44 8783.98 8761.63 8747.95 8733.18 8719.69 8704.93 8690.67 8678.23 8669.53 8658.8 8645.55 8628.94 8610.63 8591.49 8572.93 8559.6 8554.94
7487.88 7493.11 7499.66 7507.37 7516.54 7527.36 7539.31 7553.22 7568.39 7584.92 7594.6 7611.16 7625.94 7649.44 7679.61 7714.01 7752.62 7802.57 7857.08 7915.24 7975.99 8037.14 8099.73 8162.29 8227.51 8298.54 8375.74 8472.84 8577.62 8633.67 8620.7 8622.28 8645.61 8678.82 8740.32 8788.7 8818.48 8843.15 8864.11 8879.72 8893.04 8898.4 8906.39 8908.28 8906.22 8895.84 8877.24 8848 8829.48 8822.9 8810.53 8794.71 8786.29 8777.75 8766.43 8752.96 8739.07 8724.11 8709.35 8694.43 8677.03 8656.07 8632.91 8607.19 8582.29 8563.92 8555.54
7461.66 7467.22 7474.09 7481.48 7489.93 7499.63 7511 7524.41 7538.79 7553.17 7558.65 7572.17 7587.22 7609.22 7637.27 7675.4 7720.68 7762.29 7815.9 7875.67 7935.19 7997.69 8062.51 8127.27 8194.63 8267.36 8345.85 8443.06 8526.6 8544.59 8545.05 8557.2 8581.87 8621.9 8702.85 8749.07 8784.65 8816.59 8844.61 8867.82 8885.91 8898.43 8913.97 8926.18 8932.99 8929.05 8914.26 8885.09 8866.52 8862.43 8852 8835.65 8836.68 8830.93 8821.9 8808.3 8793 8775.53 8756.11 8738.23 8717.68 8691.58 8662.92 8631.79 8599.61 8575.05 8562.88
7436.95 7442.74 7448.89 7455.73 7464.31 7472.91 7483.11 7495.44 7509.11 7521.31 7523.15 7534.21 7546.89 7567.08 7589.32 7620.23 7666.3 7717.82 7776.07 7838.04 7901.4 7963.9 8028.84 8095.73 8161.22 8227.76 8289.38 8343.27 8376.65 8406.24 8448.55 8478.3 8506.68 8559.37 8648.75 8708.58 8755.98 8798.35 8834.96 8864.6 8887.14 8906.33 8928.64 8952.66 8970.22 8977.53 8972.12 8954.27 8936.38 8929.61 8913.44 8894.62 8891.42 8891.72 8886.28 8871.19 8850.16 8827.09 8805.84 8786.91 8761.78 8734.39 8701.26 8664.34 8626.11 8590.72 8579.02
7414.69 7419.98 7425.87 7431.77 7439.03 7445.8 7454.42 7465.26 7478.02 7489.95 7489.89 7499.11 7512.67 7527.61 7543.65 7565.95 7610.03 7671.55 7735.15 7800.1 7865.62 7930.79 7995 8060.87 8124.65 8182.37 8234.92 8270.79 8284.37 8329.34 8379.62 8415.74 8450.99 8505.81 8594.83 8669.14 8728.55 8782.2 8828.98 8868.6 8898.42 8918.29 8951.09 8991.25 9020.95 9038.19 9045.35 9047.08 9040.06 9020.25 8997.22 8974.88 8971.18 8972.51 8965.44 8945.68 8916.65 8881.73 8864.99 8844.12 8817 8784.06 8746.5 8706.53 8666.83 8631.53 8608.13
7396 7400.56 7405.23 7409.6 7414.62 7419.96 7426.34 7434.25 7446.84 7459.56 7462.11 7470.63 7481.15 7493.18 7508.56 7529.99 7575.36 7636.27 7700.04 7766.28 7832.19 7896.28 7961.75 8027.45 8088.49 8147.63 8199.36 8245.3 8288.22 8316.56 8344.28 8377.93 8419.61 8475.95 8556.96 8638.13 8708.96 8773.41 8830.55 8883.92 8926.37 8960.8 9001.85 9048.92 9082.57 9106.1 9120.92 9132.51 9128.46 9104.26 9087.5 9084.18 9082.65 9077.83 9059.17 9034.63 9002.18 8966 8940.75 8915.14 8882.7 8843.68 8800.54 8756.11 8713.49 8677.56 8643.76
7378.87 7382.37 7385.95 7389.29 7392.84 7396.51 7400.95 7407.3 7419.52 7432.61 7436.63 7447.01 7457.05 7468.07 7482.79 7507.67 7552.02 7609.72 7673.9 7739.9 7805.01 7869.11 7933.42 7994.54 8054.98 8112.81 8166.82 8226.6 8288.76 8291.79 8307.99 8341.44 8389.5 8448.64 8529.21 8616.01 8694.69 8768.61 8838.36 8905.95 8968.61 9026.86 9079.74 9122.56 9153.82 9176.58 9190.31 9198.43 9185.95 9172.02 9169.06 9170.19 9176.21 9173.95 9158.86 9136.31 9104.39 9063.48 9033.68 8999.6 8958.59 8911.42 8860.66 8809.6 8760.66 8718.69 8678.24
7364.36 7366.9 7369.38 7371.67 7373.91 7376.27 7379.09 7385.24 7397.24 7410.2 7412.72 7423.16 7434.02 7447.37 7461.34 7487.17 7532.92 7589.57 7652.19 7716.04 7781.32 7845.57 7907.28 7967.87 8023.71 8077.35 8127.22 8181.03 8226.93 8225.05 8258.59 8309.12 8359.68 8417.89 8505.13 8599.83 8682.35 8764.45 8845.75 8929.64 9013.45 9095.04 9163.7 9202.77 9227.8 9244.75 9254.63 9261.16 9259.37 9254.58 9252.04 9251.58 9264.95 9265.22 9265.92 9248.4 9219.53 9185.38 9141.92 9093.12 9040.62 8984.09 8925.21 8865.56 8806.43 8751.58 8708.17
7352.15 7354.18 7356.25 7357.92 7359.09 7359.6 7360.92 7364.74 7378.6 7392.53 7395.75 7407.14 7417.88 7431.34 7446.51 7469.43 7517.83 7575.24 7635.54 7696.97 7759.52 7818.9 7879.35 7938.63 7992.41 8042.7 8083.68 8116.59 8127.69 8162.91 8222.65 8280.8 8330.64 8385.71 8479.34 8580.63 8664.71 8753.17 8847.21 8946.86 9050.37 9152.37 9236.31 9278.4 9297.14 9306.54 9311.92 9323.09 9337.13 9347.74 9351.13 9358.79 9377.71 9387.57 9387.65 9370.25 9339.24 9297.25 9247.07 9190 9127.61 9061.16 8992.63 8923.59 8855.11 8788.18 8740.49
7342.97 7344.61 7345.88 7346.6 7347.19 7347.65 7349.14 7353.79 7366.47 7379.68 7384.21 7396.74 7408.15 7424.52 7443.33 7469.88 7512.55 7564.83 7620.68 7679.35 7732.92 7791.46 7847.89 7902.47 7957.1 8002.64 8047.78 8079.04 8105.3 8155.54 8203.35 8239.03 8284.49 8334.62 8421.24 8544.55 8633.12 8728.7 8834.29 8948.43 9070.5 9193.29 9301.26 9341.73 9353.24 9356.85 9357.33 9374.28 9409.14 9442.27 9455.73 9474.25 9502.25 9522.71 9517.82 9495.66 9459.56 9411.97 9354.55 9288.88 9215.37 9139.4 9060.73 8983.93 8909.95 8840.53 8791.01
7336.7 7337.28 7338.02 7338.09 7338.46 7339.33 7342.33 7349.22 7359.1 7370.73 7374.91 7388.09 7402.64 7420.47 7444.47 7474.5 7511.19 7557.38 7608.41 7659.58 7714.41 7771.87 7826.5 7877.34 7929.6 7976.96 8022.97 8073.54 8111.09 8142.25 8179.73 8208.27 8242.83 8284.5 8362.67 8486.82 8581.59 8687.5 8804.34 8932.73 9067.61 9203.03 9326.22 9375.99 9389.86 9395.06 9393.31 9413.07 9467.39 9519.29 9552.85 9584.3 9619.52 9646.27 9644.94 9617.47 9575.72 9524.85 9461.59 9384.93 9299.08 9211.84 9124.54 9041.89 8965.17 8895.16 8837.19
7332.39 7332.04 7332.15 7332.02 7332.28 7333.21 7335.37 7342.22 7353.07 7364.71 7378.82 7379.35 7394.43 7415.09 7441.42 7472.12 7507.43 7550.68 7598.67 7648.92 7702.02 7755.52 7807.21 7859.61 7909.53 7953.75 7997.36 8040.45 8080.99 8116.05 8152.67 8183.47 8205.59 8235.43 8288.28 8400.02 8509.88 8631.28 8761.85 8898.38 9041.16 9179.73 9305.9 9372.62 9402.25 9424.6 9440.12 9465.12 9514.2 9563.71 9614.94 9663.92 9715.17 9761.53 9761.62 9725.21 9676.94 9624.69 9562.13 9471.19 9372.5 9275.72 9181.61 9094.15 9015.24 8948.68 8904.7
7330.15 7329.52 7329.39 7328.78 7328.63 7329.42 7331.4 7337.85 7348.32 7359.78 7373.24 7388.2 7387.19 7407.59 7431.31 7462.82 7500.42 7543.17 7590.22 7639.86 7690.92 7742.01 7793.2 7841.12 7889.64 7933.35 7972.51 7998.06 8047.08 8092.8 8120.45 8149.26 8170.52 8188.65 8208.79 8302.63 8432.36 8569.39 8710.61 8852.89 8996.2 9131.11 9250.41 9332.72 9388.54 9438.47 9490.1 9523.92 9547.2 9576.24 9624.49 9698.82 9774.71 9842.54 9849.96 9804.54 9749.44 9694.54 9639.75 9533.29 9428.41 9326.44 9228.02 9136 9052.1 8978.9 8917.88
7329.99 7328.8 7327.24 7326.2 7326.24 7327.69 7331.01 7337.04 7345.17 7355.31 7367.97 7367.93 7382.23 7398.5 7420.41 7451.71 7491.22 7533.8 7578.98 7626.32 7675.53 7724.56 7774.54 7823.48 7870.36 7911.27 7957.84 8005.33 8035.76 8072.63 8100.03 8128.07 8149.15 8165.76 8184.45 8248.11 8374.71 8516.16 8661.66 8803.18 8942.28 9072.27 9183.82 9274.84 9351.23 9418.8 9491.48 9530.52 9554.49 9591.48 9637.01 9709.85 9794.67 9871.75 9891.08 9843.56 9783.87 9721.75 9651.89 9560.2 9462.61 9362.17 9263.25 9166.69 9076.33 8990.94 8908.32
7331.25 7329.1 7326.66 7325.16 7324.58 7326.15 7329.44 7334.92 7341.81 7350.98 7362.61 7360.08 7373.69 7392.71 7416.87 7446.42 7483.08 7524.19 7567.6 7614.16 7662.59 7709.36 7758.45 7805.33 7851.28 7896.34 7941.09 7990.71 8014.23 8042.57 8088.64 8122.24 8143.86 8166.06 8188.77 8237.79 8346.82 8482.83 8620.59 8756.11 8887.07 9012.7 9127.53 9224.72 9294.96 9358.35 9426.2 9478.37 9523.36 9576.97 9628.01 9695.06 9774.12 9851.54 9883.17 9835.7 9780.77 9719.32 9643.22 9567.44 9481.25 9384.87 9286.43 9188.75 9094.03 9003.02 8917.94
7334.44 7330.95 7327.35 7324.7 7323.3 7323.84 7326.1 7331.44 7337.81 7346.45 7356.92 7351.82 7365.79 7384.84 7410.64 7439.29 7474.68 7514.13 7556.99 7601.67 7648.73 7696.6 7743.82 7791.06 7837.43 7881.39 7915.72 7936.22 7978.82 8009.03 8047.7 8103.05 8144.41 8181.08 8215.46 8259.3 8345.68 8468.06 8594.92 8717.27 8833.83 8948.74 9060.7 9161.17 9217.57 9271.25 9324.88 9395.08 9459.97 9524.28 9584.58 9646.85 9714.35 9774.07 9798.25 9782.92 9747.06 9701.94 9647.06 9577.19 9491.99 9397.72 9301.05 9204.98 9110.11 9019.21 8933.36
7339.15 7334.17 7329.41 7325.3 7322.47 7321.26 7322.21 7327.49 7333.44 7341.5 7350.93 7346.5 7358.52 7373.36 7396.14 7427.23 7463.13 7502.65 7545.09 7588.92 7634.95 7680.88 7728.91 7776.88 7823.17 7869.45 7911.36 7944.59 7960.24 7972.04 8005.1 8090.46 8153.61 8205.64 8250.54 8297.14 8368.68 8473.22 8580.55 8683.89 8781.26 8877.19 8970.64 9058.4 9117.49 9178.39 9242.3 9314.04 9381.55 9446.22 9511.69 9569.84 9629.16 9679.18 9707.09 9708.02 9692.73 9667.91 9635.99 9578.05 9493.15 9401.8 9309.22 9216.64 9126.03 9038.47 8960.26
