real_craters/C159-300m.grd
DSAA
383 383
-57.2425 57.2425
-57.2425 57.2425
7201.4411172894 9891.0788078263
[rows 180 to 209 of 383, columns 134 to 200 of 383]
9009.55 9085.34 9137.48 9132.92 9116.35 9087.43 9054.21 8982.14 8879.74 8761.77 8638.26 8492.2 8364.05 8267.34 8189.29 8124.32 8082.67 8056.8 8031.11 7998.63 7949.4 7867.34 7776.56 7719.68 7674.76 7621.95 7581.23 7555.17 7545.16 7539.47 7534.51 7528.58 7521.2 7512.04 7498.97 7472.35 7446.21 7428.08 7411.99 7396.97 7390.77 7386.75 7382.08 7380.34 7379.03 7377.76 7376 7375.06 7377.23 7376.83 7376.1 7380.97 7382.17 7378.78 7374.04 7375.55 7375.39 7386.54 7388.6 7382.96 7374.06 7367.28 7366.9 7366.89 7364.08 7358.26 7352.05
9026.74 9084.45 9125.35 9119.46 9099.41 9062.56 9020.77 8947.83 8844.23 8724.15 8595.85 8466.17 8345.45 8253.36 8182.02 8122 8076.22 8044.67 8013.71 7984.12 7952.32 7867.5 7765.65 7692.29 7627.8 7587.25 7559.32 7540.28 7531.81 7525.84 7520.58 7514.6 7506.13 7494.94 7476.59 7447.23 7422.07 7407.04 7393.32 7383.25 7378.95 7374.61 7372.41 7373.01 7374.68 7376.16 7377.06 7377.93 7380.9 7387.34 7395.64 7404.88 7411.34 7413.28 7412.33 7426.85 7434.95 7436 7427.94 7413.53 7397.43 7385.26 7382.41 7380.32 7375.7 7369.05 7361.56
9033.92 9066.31 9086.91 9094.04 9089.11 9056.33 9012.68 8929.64 8819.79 8694.96 8564.78 8445.54 8328.51 8248.27 8185.99 8129.45 8072.94 8036.71 8002.06 7972.75 7957.05 7872.21 7760.02 7677.78 7610.75 7568.27 7548.75 7533.88 7522.51 7514.56 7508.69 7503.47 7496.78 7481.04 7458.55 7427.09 7402.28 7387.83 7373.32 7368.9 7366.43 7362.13 7362.49 7366.88 7372.06 7377.17 7382.02 7386.94 7395.21 7409.38 7423.41 7438.43 7452.04 7464.52 7476.33 7502.11 7513.82 7497.92 7475.57 7451.17 7427.77 7410.89 7402.95 7397.26 7390.48 7382.1 7372.78
9032.3 9043.4 9044.31 9070.63 9094.79 9093.62 9030.1 8925.98 8805.26 8681.34 8559.27 8440.71 8339.34 8262.48 8204.81 8148.37 8082.18 8039.52 8005.18 7976.44 7962.74 7874.56 7767.67 7675.71 7597.18 7550.78 7540.71 7526.42 7511.7 7502.48 7496.99 7492.18 7484.07 7469.78 7447.29 7416.86 7392.76 7379.2 7366.87 7356.89 7348.15 7344.09 7352.94 7362.45 7371.35 7380.61 7390.41 7402.2 7418.65 7440.01 7458.78 7477.44 7499.42 7523.62 7550.53 7584.93 7589.85 7559.76 7524.29 7490.44 7460.95 7439.51 7426.65 7417.49 7408.07 7397.71 7385.8
9025.83 9028.24 9023.72 9059.27 9107.37 9120 9041.99 8924.64 8794.09 8662.64 8545.52 8443.74 8347.96 8281.9 8242.36 8194.1 8116.27 8060.41 8019.7 7984.02 7942.64 7863.39 7773.03 7677.4 7590.42 7536.75 7525.12 7512.55 7499.82 7490.79 7484.73 7479.76 7477.03 7458.03 7435.74 7409.73 7389.59 7379.58 7364.6 7346.92 7337.44 7338.84 7349.26 7360.41 7372.89 7385.53 7400.01 7418.17 7442.58 7471.05 7491.9 7514.19 7543.95 7578.82 7618.92 7660.78 7653.68 7610.69 7566.95 7526.76 7493.16 7468.5 7450.41 7439.23 7429.22 7416.99 7402
9021.78 9024.26 9024.34 9062.79 9118.22 9121.6 9040.41 8921.06 8785.68 8647.3 8541.53 8458.95 8385.33 8331.66 8294.1 8262.58 8182.64 8095.17 8032.73 7976.46 7911.53 7837.72 7758.23 7668.53 7582.29 7524.37 7505.03 7496.78 7488.19 7479.85 7472.1 7463.26 7450.66 7434.81 7419.92 7402.92 7388.49 7379.35 7356.99 7341.02 7337.3 7344.39 7350.32 7360.74 7375.44 7391.11 7408.62 7429.36 7454.27 7487.78 7511.12 7542.45 7581.24 7620.5 7662.66 7697.91 7684.19 7643.73 7600.1 7558.09 7521.6 7499.02 7480.64 7468.92 7456.08 7440.06 7420.75
9015.22 9026.48 9041.49 9080.48 9133 9122.61 9036.69 8919.24 8785.62 8652.84 8556.2 8484.75 8427.45 8380.3 8335.95 8293.97 8209.34 8121.7 8039.78 7958.53 7882.62 7809.08 7732.11 7648.87 7568.08 7514.3 7498.65 7488.54 7479.71 7470.99 7461.6 7449.73 7432.46 7417.17 7407.74 7398.59 7385.95 7374.88 7354.34 7338.52 7334.55 7339.97 7350.17 7362.35 7378.83 7396.71 7416.69 7438.77 7462.62 7495.27 7534.08 7573.44 7613.01 7648.89 7681.05 7700.96 7692 7663.78 7626.61 7587.25 7552.56 7537.55 7524.86 7509.34 7489.53 7466.88 7441.72
8995.61 9027.44 9057.98 9098.09 9145.61 9120.12 9036.93 8922.8 8794.17 8670.47 8578.24 8509.07 8456.59 8413.7 8354.73 8302.84 8222.73 8132.59 8046.8 7956.75 7868.69 7786.48 7696.46 7611.01 7549.07 7504.34 7496.93 7484.71 7474.6 7465.82 7455.22 7444.29 7432.49 7424.81 7416.75 7401.77 7386.58 7377.11 7361.47 7343.08 7335.95 7340.44 7350.34 7363.14 7381.3 7402.01 7425.11 7450.9 7480.23 7521.91 7569.45 7609.12 7641.55 7670.02 7692.21 7695.34 7697.13 7681.23 7652.1 7618.81 7592.46 7585.87 7578.56 7555.89 7526.26 7495.19 7463.12
8964.4 9027.97 9085.44 9133.22 9165.81 9127.88 9046.08 8934.68 8807.66 8686.24 8596.83 8524.9 8464.27 8408.14 8348.54 8287.55 8216.13 8133.49 8057.75 7974.98 7881.19 7780.2 7675.38 7587.35 7537.32 7507.62 7496.18 7482.09 7470.63 7460.99 7450.91 7442.63 7438.33 7440.99 7427.07 7407.3 7391.91 7384.71 7373.06 7359.07 7338.18 7340.08 7350.4 7364.72 7384.51 7406.85 7433.31 7464.09 7500.51 7548.47 7599.48 7637.89 7666.16 7688.84 7703.88 7709.02 7716.11 7705.34 7681.12 7651.69 7632.71 7637.21 7635.53 7601.58 7561.1 7521.59 7482.68
8937.09 9034.34 9125.5 9198.07 9207.8 9154.78 9068.18 8958.6 8831.46 8700.24 8617.88 8536.13 8460.39 8393.36 8330.09 8278.52 8212.73 8139.83 8068.43 7998.02 7900.16 7786.52 7673.65 7581.05 7534.52 7510.14 7496.78 7479.79 7466.75 7456.22 7446.6 7439.01 7433.52 7429.06 7421.7 7406.75 7395.19 7388.09 7376.68 7365.5 7338.47 7341.4 7350.22 7365.84 7386.86 7410.81 7440.02 7474.58 7515.97 7566 7617.47 7657.95 7687.02 7709.35 7725.73 7741.73 7748.38 7739.27 7716.87 7687.13 7671.57 7684.54 7680.96 7637.95 7588.9 7541.74 7498.03
8928.88 9046.06 9161.43 9254.4 9251.04 9188.18 9098.31 8993.21 8880.43 8766 8650.04 8547.62 8452.21 8366.26 8305.23 8261.63 8201.1 8120.54 8067.33 8010.14 7914.25 7798.59 7679.81 7580.41 7538.01 7517.55 7495.34 7477.17 7462.93 7451.48 7441.87 7433.58 7425.24 7414.55 7408.32 7398.82 7389.38 7379.16 7364.27 7350.31 7339.74 7343.17 7350.25 7365.94 7386.32 7411.96 7443.03 7479.21 7522.07 7571.04 7624.09 7669.88 7706.16 7732.15 7751.73 7774.58 7788.61 7780.39 7759.71 7732.92 7716.61 7723.34 7708.75 7658.7 7605.03 7553.91 7506.35
8935.56 9059.01 9183 9282.92 9284.51 9219.48 9127.19 9026.72 8917.48 8799.74 8678.97 8560.33 8447.68 8343.54 8288.1 8254.92 8180.03 8098.66 8052.62 8012.17 7928.2 7808.35 7691.59 7597.59 7550.5 7525.98 7495.67 7473.55 7459.37 7447.81 7438.01 7428.85 7419.63 7410.13 7399.05 7388.04 7374.06 7356.49 7346.16 7335.53 7332.16 7342.17 7350.3 7364.08 7383.86 7410.95 7442.79 7479.82 7521.44 7567.74 7625.85 7686.14 7727.52 7757.29 7781.98 7817.36 7835.5 7821.83 7801.15 7782 7761.14 7742.65 7712.64 7662.95 7609.99 7559.14 7510.9
8947.91 9072.47 9193.88 9287.61 9298.27 9239.62 9147.28 9051.7 8951.87 8831.31 8700.11 8572.55 8453.66 8351.66 8288.04 8234.34 8156.04 8068.6 8020.46 7977.12 7899.4 7796.86 7697.69 7616.18 7564.24 7528.49 7487.64 7468.21 7455.89 7447.45 7438.02 7424.44 7412.58 7402.03 7390 7378.27 7362.93 7338.79 7331.17 7324.66 7323.46 7335.92 7345.67 7357.73 7377.81 7405.71 7439.22 7478.04 7521.12 7568.59 7628.97 7697.92 7745.81 7781.34 7811.75 7856.84 7872.48 7849.8 7825.36 7804.61 7772.2 7734.49 7696.49 7652.57 7604.8 7556.53 7509.75
8966.04 9094.83 9206.89 9286.35 9296.65 9247.88 9156.72 9061.7 8965.58 8843.66 8709.47 8582.84 8464.21 8358.57 8283.88 8218.14 8144.25 8063.65 7991.02 7923.79 7850.26 7773.04 7695.21 7622.7 7569.63 7531.38 7483.3 7462.9 7452.33 7444.54 7433.88 7418.76 7403.11 7390.95 7381.8 7369.88 7355.1 7327.7 7319.21 7312.7 7313.39 7322.91 7330.16 7344.9 7366.1 7395.66 7431.89 7474.31 7522 7574.61 7632.01 7699.53 7755.13 7799.66 7837.81 7871.13 7878.8 7852.81 7822.44 7795.04 7755.26 7707.97 7672.1 7634.86 7591.88 7547.94 7504.46
9013.1 9136.19 9234.53 9303.66 9309.34 9252.64 9161.09 9053.11 8948.83 8833.21 8710.18 8589.09 8477.31 8369.86 8287.97 8231.59 8147.36 8058.17 7969.54 7894 7831.27 7764.71 7693.46 7624.99 7569.05 7521.41 7477.14 7459.13 7449.51 7441.72 7431.1 7413.31 7393.44 7380.03 7372.11 7360.09 7348.34 7326.96 7311.45 7300.63 7300.65 7306.67 7314.66 7325.54 7348.29 7380.66 7419.84 7466.35 7519.29 7579.01 7645.15 7709.79 7761.42 7803.7 7846.23 7863.66 7863.62 7828.37 7794.12 7760.11 7724.61 7684.12 7650.55 7616.09 7577.15 7536.22 7494.52
9094.96 9186.25 9270.95 9341.09 9326.41 9253.85 9151.72 9035 8920.91 8816.66 8708.29 8598.6 8499.2 8402.32 8331.86 8268.93 8157.98 8038.57 7942.14 7885.54 7831.27 7767.56 7693.6 7626.02 7569.89 7522.69 7478.8 7459.09 7448.57 7440.68 7430.7 7409.94 7386.51 7369.01 7356.76 7348.06 7336.28 7324.24 7305.33 7291 7286.54 7287.27 7287.53 7298.89 7324.5 7360.01 7403 7452.74 7508.63 7573.04 7650.99 7715.13 7753.75 7782.02 7806.78 7811.91 7801.84 7778 7749.23 7720.14 7693.07 7663.94 7631.8 7598.44 7560.41 7522.85 7483.6
9113.27 9204.38 9289.12 9364.26 9330.17 9245.41 9139.26 9018.75 8901.57 8807.68 8711.39 8611.89 8523.95 8442.44 8385.11 8299.27 8171.1 8040.81 7942.81 7886.22 7828.23 7763.63 7691.9 7623.32 7567.72 7525.47 7486.61 7462.82 7448.99 7438.37 7426.44 7406.38 7385.12 7365.82 7348.73 7337.76 7325.55 7308.65 7292.53 7277.16 7268.96 7261.84 7256.59 7267.34 7297.16 7336.43 7381.57 7432.36 7488.95 7551.68 7626.12 7690.07 7723.27 7737.98 7744.09 7744.45 7731.66 7716.76 7696.76 7676.3 7660.72 7641.18 7612.14 7578.74 7543.3 7507.82 7470.77
9075.33 9183.15 9276.74 9348.59 9301.14 9221.92 9125.71 9018.11 8909.67 8815.56 8722.55 8626.74 8535.7 8463.36 8390.86 8304.05 8182.8 8055.17 7942.55 7892.65 7833.5 7767.98 7691.28 7618.68 7565.01 7533.06 7494.25 7467.67 7450.05 7435.21 7419.56 7400.83 7381.34 7362.75 7347.27 7325.88 7303.17 7285.48 7275.32 7265.75 7251.78 7235.59 7224.71 7237.19 7270.71 7311.52 7357.2 7407.32 7461.03 7519.47 7582.44 7639.46 7672.29 7682.34 7684.1 7679.21 7666.87 7657.59 7644.35 7634.97 7630.15 7614 7590.54 7557.37 7523.28 7490.15 7456.23
9061.61 9156.49 9229.97 9270.02 9253.58 9193.13 9116.13 9023.17 8926.88 8833 8738.62 8642.81 8549.88 8468.86 8376.73 8294.62 8198.71 8090.86 7987.12 7914.72 7843.32 7773.99 7688.54 7615.92 7566.9 7537.48 7500.3 7472.71 7451.09 7432.95 7415.68 7396.31 7375.44 7357.49 7338.86 7319.06 7295.05 7277.24 7267.84 7252.99 7239.38 7223 7206.34 7215.09 7249.21 7288.97 7332.48 7378.56 7427.82 7480.02 7533.78 7581.83 7612.52 7620.19 7620.4 7619.65 7613.25 7607.21 7598.15 7596.1 7610.01 7603.21 7568.94 7534.91 7502.51 7470.94 7439.47
9076.78 9147.56 9192.21 9204.92 9199.74 9167.81 9113.53 9040.78 8952.79 8857.12 8757.62 8659.4 8564.18 8476.72 8384.76 8309.49 8226.55 8133.16 8038.37 7941.46 7849.7 7757.17 7684.49 7616.33 7560.53 7524.52 7497.79 7474.15 7450.7 7431.15 7412.52 7392.97 7373.5 7354.87 7335.78 7316.87 7295.46 7280.55 7269.89 7252.67 7234.95 7218.36 7201.44 7207.18 7235.65 7270.95 7308.85 7348.8 7390.57 7434.07 7479.51 7523.77 7552.89 7558.94 7560.97 7565.2 7566.75 7564.12 7559.8 7561.12 7569.04 7562.86 7536.96 7507.1 7478.99 7450.26 7422.24
9094.32 9153.63 9188.44 9199.7 9185.2 9161.92 9122.71 9066.65 8981.91 8880.58 8778.12 8676.95 8580.62 8496.23 8420.94 8344.66 8264.64 8175.82 8069.37 7970.41 7867.21 7771.62 7688.89 7624.5 7566.46 7515.22 7489.75 7468.89 7448.78 7430.21 7411.56 7392.99 7374.24 7355.86 7336.28 7318.12 7299.65 7283.97 7265.37 7250.31 7236.19 7222.46 7209.35 7208.43 7230.08 7257.91 7288.66 7320.95 7353.23 7385.14 7418.35 7460.23 7492.77 7499.76 7504.56 7513.12 7520.53 7520.61 7515.1 7515.59 7513.68 7510.53 7497.24 7475.51 7452.13 7427.97 7403.55
9073.89 9143.1 9182.65 9220.03 9205.88 9180.84 9139.17 9073.81 8995.13 8900.66 8797.93 8694.79 8595.62 8505.78 8430.95 8363.41 8306.3 8240.6 8141.55 8015.2 7888.26 7772.31 7693.09 7637.89 7580.25 7513.16 7484.88 7465.39 7448.27 7431.42 7414.75 7398.62 7381.03 7360.4 7339.7 7321.32 7303.99 7286.77 7265.18 7252.57 7241.29 7231.02 7224.4 7221.46 7230.53 7249.96 7273.16 7297.66 7320.59 7341.24 7362.4 7404.63 7436.11 7444.49 7451.41 7461.71 7470.59 7471.32 7465.4 7469 7481.36 7471.24 7457.65 7440.91 7422.97 7404.37 7385.42
8995.32 9064.88 9133.25 9210.43 9226.49 9212.7 9167.56 9095.1 9014.61 8922.33 8818.85 8712.67 8610.77 8515.56 8431.8 8369.78 8346.04 8311.05 8206.61 8048.93 7909.1 7788.34 7705.13 7651.04 7590.73 7515.62 7487.71 7469.02 7452.05 7434.99 7419.92 7406.22 7387.55 7365.96 7345.25 7326.73 7309.08 7293.35 7276.52 7262.06 7249.08 7238.15 7228.45 7223.16 7231.19 7245.36 7262.02 7279.38 7295.33 7310.08 7324.85 7356.54 7383.13 7390.58 7400.98 7412.16 7419.11 7416.89 7405.27 7411.58 7427.43 7422.92 7415.77 7406.78 7393.4 7379.25 7364.94
8916.58 8980.32 9069.8 9168.01 9231.49 9247.79 9207.49 9135.86 9049.51 8949.67 8841.59 8729.59 8624.55 8533.25 8453.99 8409.94 8382.16 8338.24 8220.96 8059.72 7923.78 7807.16 7723.58 7667.6 7597.85 7529.97 7498.86 7482.96 7459.5 7439.93 7423.82 7407.97 7391.1 7371.29 7351.28 7330.25 7316.74 7303.63 7288.97 7272.84 7257.61 7245.26 7234.26 7232.27 7234 7242.58 7254.21 7266.49 7277.61 7289.83 7303.63 7327.97 7342.73 7341.73 7358.03 7369.16 7373.09 7367.68 7352.92 7351.11 7348.16 7366.4 7372.88 7372.4 7366.13 7355.67 7344.69
8860.7 8930.18 9019.26 9124.91 9220.24 9267.99 9246.47 9187.73 9087.87 8976.78 8862.06 8746.2 8635.51 8543.56 8484.88 8456.76 8410.99 8341.19 8206.4 8049.85 7936.59 7835.36 7759.15 7708.33 7633.04 7551.74 7512.61 7485.86 7463.82 7445.24 7429.14 7414.68 7396.29 7376.6 7359.72 7345.24 7327.12 7316.95 7309.49 7283.12 7266.68 7253.75 7242.7 7235.06 7234.7 7241.81 7250.03 7258.12 7267.04 7274.34 7283.35 7295.9 7306.94 7315.89 7328.41 7336.83 7337.57 7329.6 7318.89 7316.68 7314.98 7329.32 7339.82 7342.61 7339.26 7332.84 7323.81
8829.15 8890.15 8966.79 9086.31 9199.73 9272.34 9265.99 9212.58 9114.05 8999.65 8879.5 8758.65 8643.3 8551.07 8507.66 8478.48 8421.2 8342.98 8202.07 8057.45 7954.49 7877.18 7817.62 7767.73 7683.79 7587.09 7535.41 7498.03 7472.42 7454.29 7437.11 7420.39 7400.55 7381.51 7363.84 7348.03 7338.82 7330.72 7311.31 7289.16 7277.67 7264.91 7250.19 7239.2 7239.08 7243.48 7250.27 7255.59 7260.67 7263.37 7264.9 7269 7281.15 7297.85 7310.58 7316.77 7316.78 7310.46 7310.12 7309.78 7310.37 7313.49 7318.5 7320.73 7318.11 7312.73 7305.01
8812.1 8866.94 8921.11 9049.24 9173.53 9257.8 9264.93 9215.25 9124.16 9013.23 8893.8 8770.46 8652.99 8561.13 8510.51 8471.64 8403.71 8312.1 8184.84 8046.44 7972.75 7915.97 7871.37 7816.55 7730.15 7635.78 7569.24 7519.48 7489.79 7472.18 7450.01 7425.02 7406.52 7389.15 7371.54 7362.04 7353.34 7345.83 7325.38 7305.01 7296.67 7282.17 7264.67 7250.75 7247.91 7250.34 7253.62 7258.54 7261.37 7262.43 7261.26 7263.01 7269.98 7290.99 7301.1 7306.04 7308.65 7310.99 7311.38 7310.76 7308.68 7305.52 7305.34 7304.73 7301.22 7296.14 7289.25
8797.42 8848.31 8896.21 9019.16 9148.06 9245.79 9256.88 9209.16 9125.88 9022.11 8906.47 8785.92 8666.39 8568.02 8503.61 8441.07 8371.64 8289.17 8183.79 8074.92 7997.44 7943.95 7900.48 7847.93 7763.63 7672.21 7605.72 7560.92 7530.43 7504.13 7475.9 7445.58 7424.6 7402.93 7383.3 7368.05 7362.75 7367.29 7369.85 7347.18 7328.17 7306.27 7284.47 7267.92 7262.67 7261.12 7262.33 7264.52 7267.56 7268.25 7266.78 7267.95 7270.5 7285.33 7294.15 7299.53 7304.37 7310.87 7312.89 7311.14 7305.91 7299.45 7297 7293.87 7289.57 7283.62 7276.57
8795.71 8836.33 8886.34 8999.01 9121.79 9224.46 9254.72 9207.21 9123.85 9026.01 8917.33 8805.46 8691.83 8586.58 8512.96 8441.56 8378.4 8306.02 8205.11 8100.37 8022.54 7966.37 7919.32 7874.53 7791.33 7701.15 7639.77 7605.65 7578.85 7543.38 7514.34 7484.69 7455.88 7422.93 7387.53 7373.9 7375.03 7378.59 7395.75 7390.82 7360.7 7332.84 7306.25 7283.56 7276.97 7273.52 7274.66 7276.07 7277.88 7278.32 7275.52 7273.12 7276.78 7280.73 7289.32 7295.14 7298.17 7303.35 7308.31 7307.05 7299.96 7292.32 7288.58 7284.54 7281.43 7275.71 7269.22
8797.39 8833.51 8896.05 8986.36 9089.89 9179.96 9217.72 9184.5 9112.02 9023.48 8927.8 8826.65 8728.17 8615.29 8544.82 8486.49 8428.87 8348.91 8240.8 8131.64 8051.08 7991.65 7936.31 7898.42 7818.47 7731.91 7670.43 7634.88 7604.61 7575.22 7554.81 7535.63 7501.95 7451.26 7407.04 7385.77 7380.97 7386.79 7398.61 7399.08 7382.87 7358.55 7330.57 7304.27 7289.09 7288.41 7290.26 7292.19 7291.88 7292.98 7290.2 7290.9 7291.09 7288.6 7293.16 7294.27 7292.04 7286.77 7294.65 7291.59 7287.48 7282.77 7281.62 7277.63 7274.5 7269.46 7263.19
