real_craters/C160-300m.grd
DSAA
384 384
-57.47 57.47
-57.47 57.47
2880.7710157867 5595.3204362222
[rows 30 to 59 of 384, columns 67 to 133 of 384]
4715.66 4718.21 4720.14 4721 4722.09 4724.62 4728.14 4729.5 4731.33 4731.63 4732.22 4732.23 4731.95 4731.52 4728.43 4726.88 4726.56 4726.08 4725.59 4725.06 4724.28 4723.2 4722.57 4722.31 4721.84 4721.3 4720.81 4720.4 4720.01 4718.85 4716.86 4714.85 4712.86 4711.81 4711.66 4711.43 4711.07 4710.15 4708.9 4707.43 4705.75 4704.07 4703.03 4702.05 4700.97 4699.91 4698.77 4697.66 4696.56 4695.45 4694.14 4692.89 4691.62 4690.33 4688.84 4687.27 4686.43 4688.5 4690.67 4687.94 4685.87 4682.38 4679.47 4684.97 4631.56 4610.34 4593.65
4715.85 4719.12 4722.27 4722.43 4720.99 4725.05 4727.89 4728.78 4729.63 4731.76 4732.07 4731.68 4730.92 4729.9 4727.54 4725.91 4725.13 4724.42 4723.65 4722.89 4721.87 4720.78 4720.26 4720.02 4719.78 4719.41 4719.02 4718.7 4718.24 4717.21 4715.46 4713.74 4712.27 4711.3 4710.76 4710.58 4710.6 4709.99 4708.81 4707.32 4705.34 4703.78 4702.72 4701.64 4700.43 4699.22 4698.01 4696.88 4695.86 4694.63 4693.29 4692.05 4690.85 4689.51 4688.28 4687.09 4686.51 4686.59 4686.48 4685.84 4684.79 4681.71 4678.7 4685 4684.14 4561.04 4492.62
4715.67 4719.44 4722.92 4723.76 4723.51 4725.25 4728.27 4728.58 4728.78 4731.08 4731.72 4731.05 4729.73 4727.6 4725.81 4724.95 4724.04 4722.92 4721.71 4720.54 4719.48 4718.75 4718.34 4717.96 4717.72 4717.35 4716.97 4716.55 4715.99 4715.08 4713.75 4712.42 4711.5 4710.79 4709.65 4709.04 4709.63 4709.76 4708.64 4707.68 4706.6 4703.92 4703.03 4701.42 4699.94 4698.57 4697.29 4696.08 4694.88 4693.68 4692.46 4691.28 4690.13 4688.97 4687.98 4687.26 4687.09 4686.87 4686.78 4686.34 4685.26 4682.51 4679.01 4681.42 4680.78 4485.37 4374.09
4715.09 4719.06 4722.93 4724.56 4724.14 4725 4727.82 4727.94 4728.63 4731.19 4731.54 4730.45 4729.21 4727.58 4725.21 4724.45 4723.25 4721.74 4720.08 4718.47 4717.66 4717.02 4716.46 4716.05 4715.69 4715.33 4714.9 4714.39 4713.77 4713 4711.73 4710.58 4709.92 4709.52 4708.36 4707.29 4707.75 4708.52 4706.82 4706.5 4708.33 4708.1 4703.2 4700.81 4699.07 4697.67 4696.41 4695.24 4694.06 4692.84 4691.66 4690.51 4689.4 4688.32 4687.48 4687.05 4687.07 4686.73 4687.01 4687.35 4686.37 4683.49 4680.39 4680.46 4685.22 4508.22 4355.35
4714.65 4718.35 4721.86 4724.19 4725.3 4726.01 4728.94 4728.56 4728.35 4729.11 4729.03 4729.78 4729.29 4727.55 4725.4 4723.9 4722.47 4720.97 4719.14 4717.05 4716.14 4715.39 4714.66 4714.16 4713.69 4713.27 4712.77 4712.16 4711.39 4710.4 4709.16 4708.17 4707.61 4707.84 4707.87 4705.35 4703.94 4702.72 4703.52 4703.11 4701.3 4700.93 4700.52 4699.26 4697.93 4696.72 4695.51 4694.35 4693.21 4692.16 4690.91 4689.73 4688.64 4687.54 4686.64 4686 4685.4 4685.44 4686.3 4688.48 4688.63 4684.77 4681.09 4680.12 4682.24 4558.07 4338.77
4714.53 4717.68 4720.97 4724.23 4727.03 4728.7 4730.5 4730.29 4729.89 4728.46 4729.35 4730.61 4730.32 4728.67 4725.37 4722.72 4721.68 4720.64 4719.44 4717.61 4714.92 4713.4 4712.77 4712.35 4711.96 4711.52 4710.96 4710.22 4709.18 4707.77 4706.61 4705.68 4704.83 4704.96 4710.57 4706.63 4701.08 4701.45 4701.4 4700.59 4698.83 4698.15 4697.98 4697.33 4696.56 4695.58 4694.52 4693.42 4692.31 4691.21 4690.02 4688.89 4687.81 4686.77 4685.68 4684.7 4683.67 4683.38 4683.41 4684.63 4695.51 4683.1 4678.82 4679.25 4684.25 4602.39 4417.76
4714.69 4716.92 4719.99 4724.16 4729.62 4732.65 4736.4 4735.81 4732.38 4733.26 4734.51 4732.1 4730.52 4728.19 4725.13 4722.74 4721.42 4720.39 4719.4 4717.55 4714.41 4711.72 4711.2 4710.81 4710.37 4709.9 4709.29 4708.46 4707.47 4706.23 4704.98 4703.74 4702.49 4702 4707.29 4694.65 4699.13 4700.88 4701.25 4699.49 4697.84 4696.9 4696.47 4695.96 4695.31 4694.43 4693.53 4692.54 4691.41 4690.16 4689.19 4688.11 4686.99 4685.79 4684.69 4683.63 4682.58 4681.75 4680.38 4674.89 4662.57 4675.63 4677.28 4679.5 4682.2 4635.68 4460.02
4714.09 4715.82 4718.53 4722.92 4733.16 4748.5 4739.97 4740.84 4733.42 4732.65 4732.79 4731.92 4730 4727.2 4724.77 4723.22 4721.23 4719.78 4718.72 4716.71 4713.71 4711.18 4710.14 4709.52 4708.98 4708.45 4707.87 4707.13 4706.23 4705.17 4704.02 4702.58 4701.15 4700.44 4703.66 4705.93 4701.29 4702.53 4700.76 4698.21 4696.62 4695.84 4695.37 4694.85 4694.22 4693.47 4692.64 4691.68 4690.68 4689.82 4688.59 4687.32 4686.22 4685.03 4683.86 4682.74 4681.62 4680.88 4680.69 4681.83 4682.76 4677.29 4676.87 4678.65 4683.13 4660.46 4519.86
4713.02 4714.65 4716.92 4720.62 4729.77 4736.24 4741.23 4738.3 4734.35 4732.93 4732.97 4731.9 4729.75 4727.37 4724.57 4722.4 4720.35 4718.46 4716.75 4714.88 4712.74 4710.5 4709.18 4708.43 4707.81 4707.24 4706.6 4705.89 4705.13 4704.39 4703.38 4701.9 4700.52 4699.52 4699.48 4700 4699.57 4697.69 4696.54 4696.36 4695.43 4695.01 4694.53 4693.97 4693.42 4692.65 4691.78 4690.87 4689.96 4688.89 4687.76 4686.59 4685.41 4684.22 4683.12 4682.03 4680.96 4680.34 4680.68 4681.81 4681.54 4678.52 4676.56 4676.15 4683.4 4676.89 4590.5
4712.37 4714.04 4715.83 4718.48 4725.8 4734.64 4738.19 4737.65 4734.76 4733.97 4734.29 4732.59 4730.01 4727.99 4724.73 4721.82 4719.38 4717 4714.6 4712.77 4710.8 4709.08 4708.16 4707.38 4706.73 4706.18 4705.7 4705.05 4704.35 4703.61 4702.52 4701.38 4700.33 4699.5 4699.12 4698.68 4697.72 4696.47 4695.62 4695.36 4695.02 4694.5 4693.96 4693.39 4692.79 4692.03 4691.13 4690.19 4689.14 4688.05 4686.82 4685.74 4684.58 4683.48 4682.38 4681.38 4680.64 4680.21 4679.3 4678.61 4678.14 4677.39 4676.41 4676.23 4680.45 4681.38 4660.68
4713.6 4714.7 4715.86 4717.77 4723.59 4731.23 4730.83 4735.19 4735.44 4735.69 4735.15 4732.82 4730.74 4727.87 4725.26 4721.63 4718.82 4716.13 4713.5 4711.69 4709.75 4708.09 4707.23 4706.6 4706.04 4705.5 4705.02 4704.44 4703.87 4703.17 4702.43 4701.54 4700.26 4699.35 4698.55 4697.58 4696.56 4695.51 4694.76 4694.63 4694.57 4693.97 4693.45 4692.85 4692.08 4691.33 4690.46 4689.53 4688.46 4687.33 4686.1 4685 4683.86 4682.68 4681.54 4680.56 4679.74 4678.79 4677.49 4676.13 4675.84 4676.08 4676.13 4676.47 4675.2 4678.07 4691.85
4716.31 4716.56 4717.03 4718.21 4721.8 4726.33 4725.08 4730.25 4734.72 4736.82 4733.84 4731.54 4731.76 4733.62 4726.37 4721.51 4718.49 4715.72 4713.02 4710.92 4708.91 4707.47 4706.64 4705.97 4705.41 4704.86 4704.51 4703.95 4703.4 4702.79 4702.46 4701.5 4699.86 4698.71 4697.83 4697.07 4695.96 4694.8 4693.81 4693.89 4693.86 4693.5 4692.97 4692.23 4691.53 4690.79 4689.88 4688.89 4687.87 4686.77 4685.7 4684.34 4683.07 4681.79 4680.58 4679.46 4678.49 4677.63 4675.91 4674.34 4674.31 4674.88 4675.35 4675.16 4670.17 4672.86 4691.71
4719.17 4718.57 4718.65 4719.4 4721.14 4722.21 4722.02 4726.01 4731.11 4733.49 4731.51 4729.69 4732.48 4741.47 4727.32 4721.46 4718.42 4715.82 4713.24 4710.65 4708.34 4706.97 4706.17 4705.58 4705.02 4704.51 4703.98 4703.42 4702.84 4702.17 4701.48 4700.4 4699.32 4698.18 4697.68 4696.76 4695.45 4694.38 4693.75 4693.9 4693.66 4693.21 4692.5 4691.92 4691.31 4690.43 4689.5 4688.47 4687.38 4686.29 4685.12 4683.83 4682.61 4681.34 4680.02 4678.64 4677.24 4675.71 4674.56 4673.63 4673.53 4673.74 4673.85 4673.07 4667.45 4671.24 4683.08
4720.26 4720 4720.28 4720.81 4721.66 4722.77 4722.25 4724.26 4727.66 4729.67 4728.68 4727.95 4729.35 4729.44 4724.29 4720.97 4718.24 4715.93 4713.61 4710.55 4707.97 4706.71 4705.87 4705.21 4704.57 4704 4703.45 4702.88 4702.27 4701.67 4700.92 4700.1 4698.9 4697.74 4696.94 4696.03 4694.81 4693.94 4693.9 4693.52 4693.3 4693.01 4692.37 4691.77 4690.89 4689.96 4689.07 4688.01 4686.85 4685.74 4684.41 4682.95 4681.6 4680.19 4678.78 4677.42 4675.99 4674.3 4673.76 4673.81 4672.86 4672.35 4671.69 4669.84 4664.43 4669.46 4675.99
4719.88 4720.71 4721.71 4722.56 4722.87 4722.99 4722.51 4723.35 4725.16 4726.16 4726 4725.74 4725.42 4723.92 4721.79 4720.13 4717.49 4715.16 4712.89 4710.39 4708.03 4706.54 4705.55 4704.78 4704.11 4703.51 4702.96 4702.36 4701.76 4701.16 4700.48 4699.69 4698.61 4697.49 4696.1 4695.06 4694.13 4693.01 4691.88 4692.62 4693.16 4692.99 4692.55 4691.79 4691.05 4690.07 4689.05 4687.91 4686.6 4685.21 4683.6 4682.21 4680.97 4679.5 4678 4676.69 4675.39 4674.48 4673.47 4672.45 4671.59 4670.85 4669.67 4666.89 4662.29 4667.62 4672.1
4719.07 4722.09 4723.22 4724.28 4726.47 4725.37 4724.37 4723.46 4723.65 4723.8 4723.97 4723.83 4723.16 4722.28 4720.72 4718.37 4716.13 4713.79 4711.68 4709.65 4707.54 4706.32 4705.29 4704.48 4703.76 4703.1 4702.49 4701.89 4701.29 4700.67 4700.06 4699.36 4698.25 4696.99 4695.99 4694.94 4693.86 4692.69 4691.74 4693.01 4693.42 4693.18 4692.64 4691.96 4691.14 4690.35 4689.15 4687.85 4686.44 4684.99 4683.58 4682.13 4680.5 4678.92 4677.41 4675.97 4674.61 4673.51 4671.97 4670.22 4669.82 4669.17 4668.06 4665.66 4661.52 4665.56 4670.58
4726.61 4724.5 4724.36 4724.86 4724.63 4724.91 4723.85 4722.92 4722.37 4722.53 4722.5 4721.8 4721.13 4720.73 4719.43 4717.03 4714.93 4712.95 4711.06 4709.38 4707.47 4706.04 4705.03 4704.2 4703.48 4702.84 4702.2 4701.52 4700.97 4700.28 4699.55 4698.75 4697.63 4696.43 4696.18 4695.29 4694.01 4693.11 4692.61 4693.93 4693.57 4693.43 4692.98 4692.47 4691.62 4690.49 4689.36 4687.92 4686.46 4684.87 4683.4 4681.75 4679.95 4678.42 4676.87 4675.17 4673.51 4671.84 4670.24 4668.87 4668.47 4667.97 4666.92 4664.54 4660.74 4663.48 4667.96
4721.83 4723.51 4725.3 4726.46 4725.75 4725.83 4723.02 4721.43 4721.36 4721.71 4721.46 4721.17 4719.97 4719.13 4717.8 4715.82 4713.6 4711.69 4710.13 4708.64 4706.81 4705.52 4704.56 4703.73 4703 4702.49 4701.83 4701.16 4700.54 4699.87 4699.11 4698.16 4697 4695.95 4695.29 4694.44 4694.15 4693.89 4693.39 4692.86 4693.38 4693.79 4693.55 4692.86 4692.07 4690.97 4689.72 4688.13 4686.55 4684.72 4682.75 4680.83 4679.34 4677.93 4676.38 4674.48 4672.46 4670.14 4667.77 4667.73 4667.62 4667.09 4665.94 4663.35 4659.7 4661.61 4666.08
4721.68 4723.44 4727.05 4730.55 4732.9 4733.77 4726.75 4720.87 4722.29 4722.57 4721.4 4719.62 4718.42 4717.29 4715.9 4713.78 4711.83 4710.23 4708.93 4707.36 4705.88 4704.88 4704.07 4703.37 4702.68 4702.1 4701.42 4700.76 4700.1 4699.47 4698.69 4697.79 4696.77 4695.2 4694.49 4694.23 4694.61 4695.4 4695.96 4694.74 4694.66 4694.63 4694.26 4693.61 4692.61 4691.45 4690.2 4688.58 4686.91 4684.91 4682.42 4679.99 4679.03 4677.91 4676.26 4674.26 4671.97 4669.61 4667.93 4667.5 4667.22 4666.92 4666.08 4663.37 4660.14 4661.02 4666.63
4720.15 4722.83 4730.09 4736.47 4741.09 4744.11 4738.66 4728.91 4727.34 4726.85 4725.16 4718.59 4716.14 4715.8 4714.59 4712.87 4711.04 4708.86 4707.92 4706.43 4705.07 4704.42 4703.76 4703.17 4702.54 4702.1 4701.45 4700.86 4700.12 4699.09 4698.31 4697.41 4696.37 4695.05 4694.39 4693.95 4695.16 4696.89 4698.62 4698.54 4696.88 4696.06 4695.34 4694.14 4693 4692.11 4690.73 4689.3 4687.7 4685.82 4683.37 4680.21 4680.08 4678.85 4676.65 4674.31 4671.7 4669.42 4667.66 4666.84 4666.73 4666.85 4667.04 4664.71 4661.21 4661.39 4664.71
4723.1 4726.73 4734.38 4743.08 4749.27 4750.41 4747.92 4740.91 4734.37 4729.61 4722.74 4718.64 4716.01 4714.6 4713.79 4713.05 4711.53 4708.98 4707.19 4705.36 4704.6 4704.06 4703.52 4703.01 4702.41 4701.93 4701.32 4700.69 4699.59 4699.2 4697.93 4697.1 4696.44 4695.89 4695.34 4694.5 4696.33 4698.28 4699.28 4699.58 4698.45 4697.23 4696.17 4695.12 4693.91 4692.43 4690.67 4689.64 4688.38 4687.2 4686.2 4685.56 4683.73 4680.67 4677.53 4674.62 4671.75 4669.07 4666.48 4665.66 4665.87 4666.01 4665.77 4663.36 4659.99 4658.9 4663.41
4726.55 4730.24 4737.95 4747.72 4755.6 4750.23 4751.38 4747.33 4740.54 4734.65 4729.37 4721.92 4716.77 4713.95 4713.15 4712.56 4711.3 4709.04 4706.75 4705.28 4704.48 4704 4703.62 4703.27 4702.46 4701.88 4701.03 4700.39 4699.71 4698.55 4697.78 4697.44 4696.74 4696.56 4697.26 4698.67 4699.51 4699.39 4700.89 4700.36 4698.67 4697.76 4696.61 4695.36 4694.1 4692.79 4691.19 4690.36 4689.08 4688.31 4688.47 4690.48 4686.62 4681.66 4678.17 4675.19 4672.15 4669.06 4666.22 4664.96 4664.81 4664.77 4663.98 4661.28 4657.71 4655.74 4661.77
4729.26 4731.98 4739.73 4747.48 4751.61 4750.3 4750.46 4750.11 4744.38 4738.82 4732.88 4723.53 4718.04 4715 4713.39 4712.08 4710.31 4708.43 4706.68 4705.1 4704.31 4703.85 4703.45 4703.02 4702.67 4702.66 4702.32 4701.57 4700.82 4700.7 4699.26 4698.04 4697.04 4697.38 4698.13 4699.76 4697.98 4697.43 4698.56 4698.57 4698.23 4697.96 4696.87 4695.54 4694.14 4692.56 4691.27 4690.25 4689.1 4687.91 4686.98 4685.3 4682.7 4680.74 4678.4 4675.99 4673.18 4669.72 4665.98 4664.09 4663.8 4663.72 4662.94 4659.75 4656.15 4654.54 4659.57
4732.07 4735.58 4741.21 4747.9 4751.21 4750.03 4749.09 4747.69 4745.39 4742.13 4735.79 4725.76 4719.78 4717.1 4714.84 4712.91 4710.94 4708.96 4707.06 4705.44 4704.49 4704.32 4704.3 4703.99 4703.62 4703.21 4702.99 4702.29 4701.52 4700.76 4699.94 4699.19 4698.64 4700.22 4697.56 4693.13 4691.89 4694.46 4695.51 4698 4698.93 4698.18 4696.84 4695.42 4694.12 4692.55 4690.84 4689.89 4688.57 4686.93 4684.99 4681.64 4679.77 4679.79 4678.54 4677.02 4675.21 4672.72 4667.6 4663.71 4663.37 4662.82 4661.59 4658.35 4655.06 4653.47 4657.76
4735.13 4735.4 4743.55 4752.02 4755.94 4754.36 4749.08 4747.12 4746 4745.9 4746.1 4741.68 4727.19 4719.81 4717.48 4714.89 4712.25 4709.88 4708.01 4706.29 4705.29 4704.86 4704.78 4704.42 4703.88 4703.33 4703.06 4702.62 4702.74 4702.07 4701.68 4701.13 4701.13 4701.46 4699.42 4695.92 4693.98 4694.32 4695.9 4697.98 4699.12 4697.73 4695.99 4694.38 4693.01 4692.03 4690.83 4689.51 4687.82 4686.27 4684.52 4682.93 4681.87 4680.16 4678.94 4677.88 4677.15 4677.18 4673.78 4666.11 4664.59 4662.21 4659.65 4656.98 4654.41 4652.83 4655.67
4740.55 4743.5 4750.96 4757.06 4759.58 4757.65 4751.12 4747.39 4746.25 4746.87 4749.38 4749.35 4736.5 4726.89 4721.67 4717.68 4714.34 4710.81 4708.24 4706.57 4706.22 4705.93 4705.65 4705.26 4705.09 4704.57 4704.08 4703.58 4703.22 4702.83 4702.73 4702.5 4702.56 4704.72 4702.43 4698.15 4695.11 4694.27 4694.91 4696.43 4697.49 4696.48 4695.22 4693.87 4692.71 4691.28 4690.03 4688.88 4687.41 4686.06 4684.55 4683.15 4681.3 4680.32 4679.17 4678.05 4677.33 4677.26 4675.83 4672.92 4667.56 4662.34 4658.38 4656.39 4654.58 4653.03 4654.49
4746.08 4754.8 4762.2 4763.83 4763.19 4758.59 4753.01 4749.13 4746.41 4744.72 4743.58 4743.86 4739.99 4732.44 4725.96 4720.54 4716.52 4711.69 4707.57 4707.15 4707.32 4707.12 4706.39 4705.8 4705.22 4704.62 4704.47 4704.1 4703.87 4703.88 4703.96 4703.94 4702.97 4702.81 4702.16 4700.42 4697.85 4694.38 4692.87 4694.36 4695.3 4694.68 4693.6 4692.39 4691.3 4690.47 4689.74 4688.22 4687.07 4685.9 4684.62 4683.14 4681.51 4680.5 4679.16 4677.53 4675.93 4674.68 4674.91 4676.02 4669.56 4662.82 4658.51 4657.06 4655.86 4654.81 4653.63
4747.14 4755.29 4763.8 4773.85 4764.81 4758.27 4753.18 4748.16 4743.64 4741.48 4740.66 4738.68 4739.32 4735.5 4729.24 4722.43 4717.22 4715.1 4710.04 4710.19 4709.67 4708.87 4708.19 4707.24 4706.17 4705.45 4704.99 4704.11 4704.12 4704.39 4705.04 4706.03 4706.36 4704.5 4703.86 4702.88 4701.39 4695.58 4692.74 4693.47 4693.68 4692.98 4692.05 4691.08 4690.52 4689.59 4688.67 4687.98 4686.91 4685.98 4684.92 4683.88 4683.21 4681.19 4679.11 4676.82 4674.26 4671.63 4671.88 4672.71 4668.75 4663.74 4660.28 4658.84 4657.65 4656.8 4653.2
4744.21 4748.56 4752.69 4757.57 4755.17 4753.06 4753.39 4747.18 4740.01 4738.41 4736.9 4735.6 4737.23 4738.76 4732.34 4725.16 4718.65 4721.43 4719.38 4715.53 4713.13 4711.43 4709.89 4708.48 4707.36 4706.45 4705.67 4704.73 4704.56 4704.12 4705.23 4706.7 4706.94 4705.89 4704.72 4704.66 4704.25 4699.73 4696.15 4694.63 4692.97 4691.58 4690.89 4690.54 4689.89 4689.23 4688.41 4687.4 4686.43 4685.59 4684.46 4683.79 4683.34 4681.12 4678.72 4676.36 4673.73 4670.69 4669.34 4667.52 4666.56 4665.67 4663.51 4660.99 4658.77 4656.76 4651.69
4740.54 4743.99 4748.5 4752.31 4750.9 4751.33 4753.31 4749.57 4745.44 4739.72 4735.65 4733.87 4734.05 4737.36 4733.63 4730.44 4730.34 4728.61 4723.55 4719.44 4716.03 4713.8 4711.95 4710.37 4707.98 4706.37 4705.56 4703.7 4703.32 4703.42 4704.33 4706.56 4708.28 4707.2 4705.82 4707.03 4706.54 4706.08 4702.49 4697.44 4692.59 4690.24 4690.3 4690.51 4690.26 4689.67 4688.73 4687.59 4686.38 4685.1 4683.72 4682.59 4681.57 4679.63 4677.77 4676.07 4674.16 4672.08 4668.84 4665.93 4665.79 4668.17 4666.29 4662.52 4659.05 4654.92 4649.23
