real_craters/C160-750m.grd
DSAA
154 154
-57.47 57.47
-57.47 57.47
2954.9688744867 5592.173610497
[rows 0 to 37 of 154, columns 0 to 83 of 154]
5009 5005 4998 4988 4978 4956 4962 4967 4966 4959 4937 4895 4850 4808 4786 4793 4792 4772 4762 4768 4775 4768 4773 4764 4754 4757 4767 4775 4770 4770 4768 4776 4780 4790 4793 4790 4784 4788 4790 4795 4799 4800 4800 4800 4806 4741 4533 4440 4829 4767 4754 4751 4742 4723 4698 4689 4686 4686 4690 4693 4696 4709 4709 4702 4698 4699 4691 4687 4689 4686 4678 4670 4663 4656 4653 4648 4646 4643 4641 4637 4637 4636 4633 4624
4995 4982 4974 4969 4961 4956 4952 4951 4950 4941 4917 4879 4835 4796 4787 4794 4794 4789 4762 4763 4767 4772 4756 4753 4751 4753 4759 4768 4768 4764 4762 4765 4767 4773 4772 4773 4771 4768 4769 4775 4784 4787 4790 4790 4788 4765 4673 4656 4604 4622 4730 4746 4742 4724 4702 4694 4692 4689 4688 4687 4687 4686 4700 4710 4701 4688 4682 4678 4686 4692 4683 4674 4665 4659 4653 4650 4646 4644 4640 4637 4643 4638 4633 4626
4984 4972 4952 4946 4941 4933 4929 4933 4933 4927 4901 4863 4821 4783 4766 4764 4780 4788 4774 4767 4762 4755 4750 4747 4747 4750 4755 4760 4767 4764 4759 4758 4758 4758 4757 4758 4754 4753 4752 4757 4764 4771 4775 4778 4780 4780 4796 4843 4479 4472 4688 4743 4737 4722 4707 4700 4696 4690 4687 4682 4677 4675 4688 4699 4695 4691 4686 4677 4675 4686 4683 4675 4667 4659 4655 4652 4650 4645 4640 4638 4635 4633 4630 4625
4967 4958 4929 4928 4923 4919 4916 4915 4915 4911 4885 4848 4810 4776 4755 4746 4755 4763 4765 4764 4763 4759 4746 4742 4743 4747 4751 4757 4766 4762 4757 4755 4752 4748 4753 4751 4748 4747 4746 4747 4750 4756 4762 4763 4764 4765 4821 4852 4603 4410 4638 4735 4726 4714 4703 4702 4698 4690 4684 4678 4673 4672 4680 4686 4684 4686 4682 4676 4679 4686 4681 4674 4667 4659 4654 4652 4648 4643 4638 4635 4632 4629 4626 4621
4938 4933 4934 4920 4912 4904 4898 4900 4898 4883 4866 4834 4800 4770 4750 4741 4744 4747 4750 4757 4761 4756 4743 4738 4740 4743 4748 4754 4763 4760 4753 4748 4748 4748 4748 4747 4745 4743 4742 4742 4743 4744 4746 4750 4752 4751 4805 4837 4705 4397 4583 4723 4718 4713 4709 4706 4699 4690 4682 4676 4672 4671 4673 4674 4676 4678 4677 4673 4676 4682 4677 4672 4666 4658 4654 4651 4646 4641 4637 4634 4631 4627 4623 4620
4910 4908 4914 4910 4900 4891 4882 4887 4891 4888 4857 4823 4790 4764 4746 4740 4741 4746 4749 4756 4765 4759 4745 4738 4737 4739 4742 4747 4757 4756 4748 4745 4744 4745 4748 4742 4738 4738 4738 4738 4737 4737 4739 4740 4740 4737 4780 4811 4736 4434 4513 4722 4713 4713 4713 4711 4701 4689 4679 4676 4675 4669 4670 4671 4671 4672 4671 4671 4672 4675 4673 4669 4665 4659 4653 4648 4643 4639 4636 4634 4631 4626 4623 4620
4904 4902 4902 4897 4888 4881 4873 4877 4882 4873 4847 4811 4777 4750 4741 4737 4739 4743 4748 4754 4756 4752 4741 4734 4732 4731 4732 4733 4746 4754 4745 4742 4741 4739 4738 4736 4733 4734 4734 4734 4732 4731 4732 4733 4732 4728 4755 4784 4741 4491 4425 4709 4708 4716 4714 4710 4699 4688 4679 4676 4674 4671 4667 4666 4668 4669 4670 4669 4668 4668 4668 4666 4661 4656 4651 4648 4642 4638 4635 4633 4632 4627 4624 4620
4910 4903 4890 4881 4876 4872 4870 4870 4869 4858 4830 4799 4768 4745 4740 4738 4739 4742 4742 4744 4740 4738 4733 4728 4727 4726 4726 4726 4736 4751 4743 4740 4739 4738 4735 4732 4731 4731 4730 4729 4729 4727 4725 4726 4726 4721 4735 4764 4739 4532 4356 4694 4703 4710 4707 4698 4694 4688 4682 4676 4672 4668 4665 4663 4665 4667 4669 4669 4667 4667 4665 4664 4660 4654 4650 4647 4642 4637 4635 4633 4632 4629 4625 4622
4942 4920 4885 4865 4862 4863 4864 4860 4851 4838 4810 4785 4764 4749 4742 4742 4744 4741 4738 4735 4733 4730 4727 4725 4723 4722 4721 4724 4729 4739 4739 4738 4736 4736 4734 4731 4729 4728 4728 4728 4730 4730 4722 4718 4715 4711 4717 4744 4735 4570 4346 4595 4699 4701 4697 4689 4688 4686 4682 4676 4671 4666 4663 4662 4664 4667 4668 4669 4668 4664 4664 4663 4659 4654 4649 4646 4641 4637 4634 4632 4630 4627 4624 4621
4951 4918 4875 4843 4848 4849 4850 4839 4812 4796 4785 4770 4757 4746 4740 4740 4743 4739 4734 4730 4728 4725 4723 4721 4719 4718 4717 4717 4719 4727 4736 4735 4735 4733 4731 4729 4727 4726 4725 4725 4725 4724 4717 4712 4709 4707 4711 4728 4730 4623 4449 4489 4691 4693 4691 4687 4686 4684 4680 4675 4670 4666 4663 4662 4665 4668 4673 4673 4670 4666 4664 4661 4657 4652 4648 4644 4641 4636 4634 4631 4629 4626 4623 4621
4915 4893 4859 4854 4838 4833 4827 4812 4791 4777 4767 4752 4738 4732 4732 4734 4734 4729 4725 4722 4719 4719 4718 4717 4716 4714 4714 4714 4716 4723 4733 4732 4732 4733 4731 4729 4727 4725 4723 4720 4718 4715 4712 4709 4706 4703 4702 4713 4713 4671 4615 4668 4680 4688 4690 4687 4684 4681 4678 4675 4671 4667 4663 4663 4665 4668 4673 4673 4671 4670 4668 4662 4655 4650 4646 4645 4643 4637 4634 4632 4630 4627 4625 4622
4889 4869 4843 4823 4825 4817 4805 4793 4793 4777 4758 4740 4723 4719 4721 4721 4718 4719 4718 4716 4715 4715 4715 4714 4713 4712 4712 4716 4717 4724 4730 4732 4731 4730 4730 4731 4727 4724 4721 4718 4715 4712 4709 4706 4704 4701 4697 4695 4692 4690 4690 4687 4630 4694 4684 4688 4685 4679 4676 4674 4670 4666 4663 4663 4664 4664 4664 4663 4667 4672 4669 4661 4655 4650 4647 4645 4643 4637 4635 4633 4631 4629 4626 4624
4858 4847 4830 4819 4814 4802 4788 4778 4780 4768 4750 4733 4718 4714 4714 4714 4714 4714 4713 4713 4713 4713 4713 4712 4711 4710 4711 4717 4721 4727 4731 4732 4731 4727 4725 4724 4722 4721 4720 4716 4712 4711 4709 4705 4702 4699 4696 4693 4690 4686 4692 4683 4683 4591 4648 4702 4698 4676 4674 4672 4670 4664 4663 4664 4662 4660 4658 4659 4660 4660 4660 4660 4657 4651 4647 4646 4643 4638 4636 4635 4633 4629 4627 4625
4838 4829 4819 4811 4804 4788 4773 4759 4758 4752 4742 4729 4717 4714 4713 4713 4712 4712 4711 4711 4711 4712 4712 4712 4711 4710 4710 4718 4724 4727 4729 4731 4728 4724 4721 4718 4717 4716 4715 4712 4710 4709 4708 4710 4701 4697 4694 4691 4688 4687 4687 4684 4681 4341 4601 4733 4702 4669 4665 4669 4667 4663 4660 4660 4659 4658 4656 4654 4654 4654 4655 4658 4658 4654 4649 4645 4643 4640 4637 4635 4632 4629 4628 4625
4819 4816 4806 4797 4790 4775 4760 4745 4741 4740 4734 4727 4720 4716 4715 4714 4713 4711 4711 4711 4711 4711 4712 4712 4712 4711 4710 4716 4725 4730 4730 4731 4728 4722 4719 4714 4712 4711 4709 4706 4705 4701 4701 4698 4697 4695 4692 4689 4687 4684 4683 4685 4680 4474 4615 4729 4688 4664 4673 4666 4664 4661 4657 4657 4656 4656 4654 4651 4650 4650 4651 4655 4657 4656 4654 4643 4644 4641 4638 4635 4632 4629 4626 4625
4804 4805 4796 4783 4773 4764 4752 4741 4735 4732 4729 4727 4724 4719 4717 4716 4715 4713 4712 4711 4710 4712 4713 4714 4713 4713 4712 4714 4723 4742 4734 4732 4727 4722 4718 4712 4709 4707 4706 4703 4700 4701 4698 4695 4694 4692 4690 4687 4684 4682 4681 4680 4677 4599 4624 4609 4637 4672 4676 4664 4660 4659 4657 4655 4654 4652 4651 4650 4648 4647 4647 4652 4654 4654 4653 4648 4648 4645 4641 4635 4629 4627 4624 4623
4796 4799 4791 4778 4767 4759 4749 4738 4731 4727 4725 4723 4721 4719 4717 4716 4718 4718 4711 4710 4711 4712 4714 4716 4717 4716 4714 4714 4718 4728 4735 4734 4728 4720 4713 4709 4706 4705 4704 4702 4699 4697 4695 4694 4693 4691 4688 4685 4682 4680 4677 4676 4676 4686 4553 4384 4580 4691 4689 4662 4656 4656 4656 4653 4650 4649 4646 4646 4645 4645 4646 4649 4650 4651 4653 4653 4654 4656 4646 4637 4630 4627 4624 4621
4790 4796 4789 4779 4768 4758 4748 4739 4727 4724 4721 4718 4717 4716 4716 4716 4715 4715 4711 4708 4707 4712 4717 4719 4719 4719 4719 4720 4720 4722 4729 4729 4736 4719 4713 4707 4705 4704 4702 4701 4698 4696 4695 4693 4692 4690 4687 4684 4681 4677 4674 4673 4671 4671 4576 4322 4569 4716 4702 4659 4653 4652 4650 4649 4647 4645 4642 4640 4640 4641 4642 4642 4644 4647 4651 4650 4652 4653 4644 4639 4636 4629 4628 4623
4781 4788 4786 4779 4771 4757 4747 4740 4726 4722 4719 4715 4714 4715 4714 4714 4714 4713 4718 4726 4716 4720 4723 4724 4723 4722 4721 4721 4724 4725 4724 4724 4722 4717 4711 4707 4704 4703 4701 4700 4697 4694 4692 4693 4692 4690 4686 4683 4679 4675 4672 4669 4665 4669 4573 4321 4574 4727 4697 4656 4653 4651 4647 4645 4643 4640 4637 4634 4633 4635 4637 4633 4637 4643 4647 4646 4644 4644 4639 4636 4634 4630 4629 4623
4777 4786 4781 4774 4767 4753 4744 4735 4725 4723 4720 4718 4715 4714 4714 4714 4713 4713 4713 4717 4730 4734 4730 4728 4727 4725 4722 4722 4729 4727 4722 4721 4718 4713 4709 4706 4704 4702 4700 4698 4695 4694 4694 4694 4693 4690 4686 4681 4678 4673 4668 4667 4662 4666 4586 4374 4556 4683 4666 4658 4661 4649 4644 4641 4639 4636 4632 4629 4627 4628 4630 4627 4628 4627 4623 4629 4629 4632 4630 4630 4629 4628 4625 4623
4769 4773 4770 4764 4757 4748 4740 4732 4732 4727 4721 4716 4715 4715 4714 4714 4713 4712 4712 4712 4723 4736 4732 4729 4728 4726 4724 4725 4744 4750 4734 4720 4714 4712 4707 4704 4703 4702 4700 4697 4696 4696 4699 4698 4695 4691 4688 4686 4680 4673 4666 4666 4663 4661 4636 4578 4459 4479 4594 4682 4666 4643 4642 4639 4636 4632 4629 4625 4623 4621 4620 4624 4619 4613 4613 4612 4612 4619 4620 4621 4624 4625 4623 4622
4758 4756 4755 4753 4748 4744 4740 4736 4734 4729 4721 4714 4715 4716 4716 4716 4715 4712 4713 4712 4717 4724 4727 4728 4729 4730 4730 4732 4748 4750 4745 4727 4716 4711 4706 4704 4704 4703 4701 4699 4699 4691 4696 4698 4695 4692 4689 4684 4680 4675 4665 4663 4658 4656 4671 4703 4604 4320 4527 4680 4671 4647 4641 4638 4634 4631 4626 4622 4618 4616 4615 4620 4614 4607 4605 4604 4605 4610 4609 4612 4616 4617 4618 4618
4750 4745 4745 4745 4743 4738 4739 4740 4735 4730 4727 4726 4721 4719 4719 4719 4719 4720 4718 4719 4723 4721 4722 4725 4730 4735 4736 4743 4758 4753 4746 4751 4727 4716 4708 4706 4705 4704 4703 4703 4705 4696 4695 4697 4694 4690 4687 4684 4680 4677 4675 4664 4656 4653 4667 4704 4586 4301 4505 4689 4672 4650 4641 4637 4633 4630 4625 4620 4616 4612 4611 4615 4609 4604 4602 4599 4602 4602 4601 4604 4607 4610 4614 4612
4745 4742 4741 4742 4744 4737 4739 4738 4736 4733 4732 4732 4726 4723 4723 4723 4724 4723 4721 4719 4718 4714 4718 4721 4726 4730 4737 4749 4764 4754 4741 4737 4737 4720 4716 4711 4707 4705 4704 4706 4705 4704 4694 4693 4691 4689 4687 4684 4681 4675 4670 4666 4660 4655 4657 4685 4576 4332 4485 4702 4662 4648 4642 4637 4632 4629 4624 4619 4614 4611 4609 4612 4606 4601 4600 4598 4597 4598 4598 4599 4600 4602 4608 4607
4743 4741 4741 4743 4744 4748 4742 4738 4735 4732 4729 4727 4726 4725 4726 4726 4727 4728 4731 4720 4718 4713 4715 4718 4720 4724 4731 4739 4754 4753 4752 4739 4733 4728 4725 4716 4711 4705 4703 4702 4709 4713 4707 4692 4692 4690 4686 4681 4677 4675 4668 4666 4662 4652 4652 4667 4588 4409 4391 4662 4646 4643 4640 4636 4632 4627 4623 4619 4615 4611 4610 4611 4606 4601 4599 4599 4597 4597 4597 4595 4595 4595 4598 4599
4744 4743 4742 4745 4748 4754 4741 4734 4734 4733 4726 4723 4725 4726 4727 4729 4730 4731 4728 4719 4712 4716 4717 4717 4719 4722 4729 4737 4746 4754 4744 4732 4724 4723 4724 4717 4711 4706 4700 4695 4705 4720 4716 4709 4699 4692 4687 4681 4675 4675 4669 4665 4661 4656 4651 4654 4633 4602 4629 4431 4636 4640 4642 4638 4633 4632 4624 4619 4615 4611 4609 4611 4606 4603 4600 4597 4594 4595 4595 4594 4593 4593 4594 4593
4750 4749 4751 4750 4753 4746 4736 4732 4732 4733 4729 4726 4726 4729 4730 4731 4732 4734 4731 4720 4718 4716 4716 4716 4717 4722 4728 4736 4742 4752 4748 4735 4723 4717 4714 4715 4713 4709 4703 4695 4699 4711 4716 4713 4703 4694 4688 4682 4676 4668 4664 4660 4658 4653 4650 4647 4670 4698 4646 4330 4646 4638 4651 4645 4631 4629 4625 4620 4615 4611 4611 4612 4606 4603 4600 4597 4595 4595 4596 4595 4593 4592 4591 4590
4764 4757 4755 4755 4756 4749 4734 4731 4733 4733 4731 4729 4730 4731 4733 4735 4735 4735 4735 4734 4718 4715 4717 4716 4715 4713 4718 4732 4739 4742 4742 4736 4722 4718 4708 4714 4716 4715 4714 4703 4705 4709 4713 4707 4701 4694 4688 4683 4677 4674 4665 4659 4654 4649 4649 4648 4676 4700 4615 4323 4663 4635 4636 4629 4635 4629 4625 4620 4616 4614 4614 4611 4606 4603 4601 4598 4595 4594 4596 4595 4593 4590 4590 4589
4756 4756 4758 4759 4752 4742 4738 4736 4737 4737 4735 4733 4733 4733 4733 4734 4736 4735 4735 4736 4727 4715 4717 4719 4717 4713 4717 4735 4741 4738 4735 4724 4727 4726 4729 4722 4720 4721 4727 4745 4718 4715 4712 4706 4698 4693 4688 4685 4683 4676 4668 4657 4652 4649 4655 4654 4668 4672 4623 4536 4577 4610 4574 4599 4632 4630 4626 4622 4618 4616 4614 4612 4609 4604 4601 4598 4596 4593 4594 4594 4594 4592 4589 4590
4742 4751 4764 4762 4750 4740 4742 4746 4744 4739 4736 4735 4735 4736 4736 4737 4739 4742 4737 4738 4738 4724 4725 4728 4725 4721 4721 4729 4734 4734 4730 4722 4717 4730 4727 4723 4721 4721 4718 4711 4717 4720 4713 4701 4692 4690 4687 4683 4679 4674 4673 4662 4655 4655 4656 4656 4657 4655 4645 4649 4601 4421 4465 4557 4629 4628 4626 4623 4620 4615 4613 4611 4611 4604 4601 4599 4596 4594 4595 4596 4594 4591 4589 4593
4740 4744 4752 4752 4751 4748 4753 4755 4752 4749 4738 4740 4741 4740 4739 4739 4741 4745 4750 4755 4742 4741 4750 4742 4737 4736 4740 4735 4731 4731 4738 4721 4712 4715 4716 4719 4719 4717 4716 4713 4712 4713 4712 4706 4697 4691 4687 4683 4678 4673 4675 4667 4659 4657 4659 4656 4655 4652 4648 4642 4654 4276 4367 4526 4631 4627 4626 4624 4623 4620 4614 4612 4610 4606 4603 4600 4596 4594 4595 4595 4594 4592 4590 4593
4735 4743 4747 4749 4757 4757 4750 4757 4755 4757 4758 4749 4746 4744 4742 4741 4740 4739 4736 4737 4734 4733 4750 4746 4744 4746 4755 4767 4761 4744 4739 4733 4726 4717 4721 4721 4717 4713 4712 4712 4708 4711 4719 4712 4700 4694 4690 4686 4682 4677 4676 4673 4671 4662 4657 4659 4656 4653 4646 4635 4621 4311 4334 4519 4631 4627 4626 4625 4624 4621 4616 4615 4606 4612 4607 4601 4595 4593 4594 4594 4594 4594 4591 4579
4762 4758 4765 4778 4769 4770 4770 4757 4756 4754 4749 4754 4750 4746 4742 4739 4736 4735 4728 4726 4732 4730 4732 4740 4746 4751 4761 4771 4770 4762 4762 4749 4739 4722 4718 4720 4716 4710 4703 4705 4705 4707 4714 4708 4701 4697 4694 4691 4687 4683 4676 4667 4660 4663 4665 4659 4657 4648 4644 4635 4603 4359 4315 4519 4638 4651 4647 4624 4623 4619 4615 4614 4610 4616 4609 4602 4595 4591 4593 4593 4593 4593 4592 4608
4772 4766 4768 4769 4768 4765 4755 4757 4754 4753 4764 4758 4752 4745 4741 4737 4731 4720 4727 4725 4733 4742 4738 4743 4748 4754 4759 4783 4771 4757 4760 4753 4749 4734 4723 4718 4717 4711 4701 4699 4703 4705 4705 4705 4703 4700 4697 4695 4695 4694 4684 4673 4664 4665 4662 4661 4660 4651 4648 4644 4591 4386 4292 4514 4645 4670 4657 4644 4621 4617 4614 4612 4611 4614 4609 4603 4596 4591 4592 4592 4592 4591 4589 4590
4776 4766 4767 4763 4764 4767 4767 4763 4752 4744 4746 4752 4749 4746 4741 4738 4738 4743 4741 4752 4735 4741 4749 4748 4749 4755 4766 4774 4768 4767 4755 4752 4754 4734 4730 4735 4721 4714 4714 4701 4696 4698 4700 4701 4700 4700 4699 4698 4696 4698 4693 4686 4678 4673 4668 4667 4663 4651 4649 4651 4585 4403 4270 4493 4649 4653 4632 4626 4617 4615 4612 4613 4608 4612 4609 4604 4598 4595 4592 4592 4591 4589 4587 4589
4790 4787 4778 4768 4765 4768 4778 4766 4750 4739 4743 4747 4742 4738 4734 4732 4734 4737 4736 4718 4727 4725 4730 4743 4744 4749 4755 4756 4759 4757 4743 4743 4745 4723 4721 4722 4714 4711 4707 4702 4693 4693 4695 4697 4701 4701 4700 4699 4701 4699 4690 4686 4681 4677 4677 4665 4660 4653 4651 4650 4590 4458 4325 4459 4622 4569 4571 4589 4616 4617 4614 4614 4605 4610 4608 4604 4599 4595 4593 4592 4590 4587 4586 4587
4802 4801 4797 4781 4769 4757 4766 4761 4745 4731 4733 4737 4732 4726 4722 4721 4721 4723 4727 4722 4718 4714 4721 4729 4735 4741 4744 4745 4750 4748 4734 4723 4716 4699 4703 4704 4704 4703 4699 4702 4705 4698 4693 4695 4695 4697 4698 4697 4697 4699 4695 4685 4677 4676 4674 4671 4667 4661 4654 4650 4617 4557 4523 4637 4395 4419 4484 4559 4617 4620 4614 4612 4606 4610 4608 4605 4601 4598 4594 4591 4587 4583 4581 4581
4810 4850 4818 4803 4789 4763 4741 4738 4737 4729 4726 4724 4720 4716 4713 4709 4707 4712 4725 4739 4736 4717 4711 4712 4725 4733 4738 4744 4737 4733 4719 4706 4704 4689 4700 4702 4702 4700 4697 4704 4703 4701 4694 4687 4692 4696 4695 4694 4691 4694 4694 4684 4677 4674 4676 4677 4675 4668 4657 4651 4649 4644 4665 4671 4285 4316 4411 4530 4632 4626 4616 4613 4611 4611 4609 4606 4603 4599 4596 4591 4583 4580 4577 4578
