real_craters/C160-300m.grd
DSAA
384 384
-57.47 57.47
-57.47 57.47
2880.7710157867 5595.3204362222
[rows 90 to 119 of 384, columns 0 to 66 of 384]
4801.52 4802.19 4801.64 4800.44 4799.32 4795.7 4789.92 4783.61 4777.26 4771.92 4768.52 4764.8 4760.15 4756.12 4758.62 4767.1 4769.04 4765.2 4758.3 4751.45 4745.01 4739.26 4733.9 4728.97 4728.67 4733.8 4736.68 4737.87 4736.44 4734.63 4732.44 4729.36 4727.4 4725.43 4723.93 4722.58 4721.5 4721.7 4721.03 4720.99 4721.42 4721.9 4722.24 4724.45 4726.44 4726.9 4726.13 4724.18 4721.41 4720.07 4717.67 4717.17 4715.8 4714.87 4717.71 4721.41 4724.92 4729.19 4730.05 4732.1 4734.9 4737.76 4740.22 4742.31 4743.95 4744.5 4744.27
4805.51 4806.88 4801.93 4808.03 4809.58 4805.05 4798.34 4790.59 4781.41 4775.77 4772.77 4767.66 4760.38 4752.99 4751.51 4753.99 4759.17 4758.44 4751.84 4746.41 4741.67 4737.02 4732.74 4729.98 4729.06 4730.14 4732 4731.99 4731.08 4729.8 4727.74 4726.07 4724.46 4722.56 4720.48 4718.21 4717.59 4716.73 4715.71 4715.63 4716.27 4719.2 4720.9 4721.17 4723.75 4725.76 4727.22 4727.7 4726.84 4726.28 4722.98 4720.03 4716.75 4714.94 4716.31 4719.48 4719.9 4720.87 4723.91 4727.32 4730.97 4734.26 4737 4739.19 4740.67 4741.74 4742.21
4809.7 4818.29 4828.59 4831.65 4822.98 4814.23 4806.74 4799.69 4790.96 4784.68 4781.43 4773.94 4763.96 4751.56 4745.96 4744.31 4744.8 4743.08 4742.86 4741.18 4738.08 4735 4731.36 4728.15 4727.12 4727.35 4726.77 4726.41 4725.97 4724.66 4722.44 4720.94 4719.93 4718.14 4716.66 4715.52 4713.47 4712.5 4711.25 4710.96 4710.46 4709.71 4712.81 4717.07 4721.35 4725.19 4729.14 4733.59 4738.51 4735.84 4730.85 4725.46 4719.44 4714.95 4713.69 4713.33 4713.53 4714.14 4717.66 4722.52 4726.54 4730.1 4733.06 4735.72 4737.81 4740.08 4742.51
4809.76 4823.74 4845.77 4848.3 4829.24 4818.12 4811.92 4808.53 4806.06 4802.58 4794.69 4782.51 4770.46 4761.43 4748.52 4739.45 4735.14 4734.85 4734.93 4735.83 4735.63 4734.35 4731.83 4727.45 4726.25 4725.8 4725.23 4724.3 4721.41 4719.51 4718.03 4716.29 4715.03 4713.35 4712.63 4710.97 4710.19 4708.96 4707.23 4706.47 4705.68 4704.53 4708.04 4713.41 4719.01 4724.24 4729.67 4735.68 4740.75 4740 4736.69 4729.41 4721.21 4714.45 4711.02 4709.33 4708.66 4708.28 4713.07 4718.94 4723.8 4727.52 4730.46 4732.76 4734.73 4736.77 4738.45
4802.47 4813.33 4825.82 4826.5 4817.41 4812.76 4811.55 4813.16 4819.15 4823.45 4805.37 4788.38 4774.21 4760.1 4747.42 4734.16 4727 4722.69 4729.27 4732.62 4733.93 4734.51 4734.27 4733.5 4728.98 4724.54 4721.28 4718.24 4715.33 4714.1 4712.74 4712.25 4711.27 4709.98 4708.71 4707.54 4706.04 4704.98 4703.43 4703.16 4702.84 4702.7 4706.09 4711.33 4716.68 4722.34 4728.29 4734.35 4738.94 4739.93 4735.83 4729.31 4721.72 4714.3 4708.39 4705.99 4705.57 4707.36 4712.4 4717.88 4722.04 4725.38 4728.11 4730.23 4731.77 4732.97 4734.22
4790.39 4794.44 4792.3 4785.15 4795.58 4801.49 4805.04 4808.61 4813.65 4816.24 4801.55 4787.25 4774.42 4762.29 4746.64 4734.64 4728.38 4728.82 4730.19 4731.98 4733.34 4734.49 4735.84 4735.11 4729.22 4722.03 4715.14 4709.1 4708.88 4709 4708.94 4707.96 4707.35 4706.86 4705.56 4703.74 4702.13 4701.2 4699.89 4699.48 4700.72 4704.16 4705.03 4708.89 4714.04 4719.73 4725.55 4731.31 4736.3 4738.23 4736.41 4731.78 4721.23 4710.35 4702.6 4699.47 4700.93 4707.45 4714.17 4718.2 4721.34 4724.28 4726.59 4728.52 4729.56 4729.8 4730.65
4779.83 4780.82 4776.19 4767.7 4783.38 4791.44 4795.31 4797.4 4797.34 4791.91 4787.73 4780.31 4771.05 4759.57 4744.18 4729.94 4723.29 4730.44 4732.16 4732.15 4732.45 4732.45 4733.52 4734.37 4726.23 4718.51 4711.75 4706.55 4705.44 4705.57 4705.92 4705.77 4705.47 4704.57 4703.14 4701.48 4699.36 4697.33 4695.57 4694.5 4694.89 4699.59 4700.65 4705.31 4710.69 4716.47 4721.95 4726.54 4729.23 4730.77 4733.67 4731.17 4718.58 4706.11 4696.88 4691.52 4693.59 4706.7 4716.19 4718.49 4720.63 4723.2 4725.81 4727.85 4728.78 4728.28 4728.77
4771.9 4775 4779.27 4789.33 4785.99 4784.4 4784.34 4784.18 4782.34 4778.75 4775.24 4771.36 4765.95 4756.25 4740.91 4725.48 4719 4725.28 4730.99 4732.66 4731.3 4728.7 4725.33 4722.16 4719.22 4714.39 4709.33 4705.45 4703.76 4703.57 4703.82 4703.85 4703.58 4702.57 4701.6 4699.79 4697.45 4694.9 4692.47 4689.4 4685.89 4685.77 4693.81 4701.04 4707.18 4713.18 4718.27 4722.24 4723.95 4725.08 4726 4722.16 4714.98 4704.07 4694.49 4691.99 4694.09 4704.83 4715.07 4716.71 4719.22 4722.17 4725.18 4727.99 4730.26 4731.55 4733.06
4765.72 4769.31 4776.41 4784.82 4779.69 4774.33 4772.21 4770.79 4768.48 4765.34 4763.19 4761.3 4759.07 4753.35 4738.16 4725.14 4719.03 4728.33 4735.35 4734.49 4730.62 4725.34 4718.66 4713.77 4713.42 4710.88 4707.31 4703.73 4702.34 4702.88 4703.53 4703.5 4702.85 4701.61 4700.31 4698.62 4696.82 4694.69 4691.84 4687.87 4682.45 4682.12 4690.46 4697.96 4704.41 4710.39 4715.62 4719.4 4721.62 4722.6 4722.41 4719.69 4715.1 4709.48 4704.87 4698.06 4696.04 4700.79 4705.73 4712.26 4716.78 4720.71 4724.4 4728.12 4731.59 4734.1 4732.59
4758.27 4760.1 4762.44 4760.93 4759.84 4759.54 4758.73 4757.47 4755.6 4754.76 4753.72 4750.12 4745.2 4740.21 4734.99 4727.63 4724.01 4735.94 4743.03 4736.28 4730.27 4723.86 4717.01 4712.89 4711.35 4709.86 4707.27 4703.12 4702.05 4704.49 4705.18 4704.59 4703.52 4702.1 4700.37 4699.26 4697.22 4695.55 4693.46 4691.03 4687.79 4687.47 4692.6 4697.91 4703.14 4708.06 4712.73 4717.21 4720.5 4722.5 4722.11 4719.36 4716.26 4714.61 4712.74 4702.98 4696.15 4698.31 4703.48 4708.81 4714.11 4718.8 4722.97 4727.14 4730.81 4732.52 4729.73
4751.54 4750.93 4749.17 4744.2 4743.19 4745.56 4745.92 4744.85 4742.48 4740.93 4739.07 4737.91 4738.96 4736.77 4733.58 4732.47 4737.38 4738.87 4739.79 4734.87 4729.29 4723.41 4717.77 4713.89 4712.24 4711.31 4710.6 4709.47 4710 4709.9 4708.12 4706.24 4704.4 4702.82 4701.58 4700.11 4698.7 4697.58 4696.84 4696.79 4698.97 4698.15 4697.64 4699.49 4703.01 4706.88 4710.94 4715.37 4719.8 4723.6 4722.03 4717.92 4715.52 4714.47 4712.87 4704.63 4696.82 4699.11 4701.3 4707.26 4712.65 4716.9 4720.82 4724.37 4728.2 4730.15 4728.39
4746.18 4744.02 4740.37 4736.54 4734.93 4735.66 4735.57 4734.11 4730.43 4724.43 4719.09 4725.34 4732.89 4732.57 4730.56 4731.64 4735.09 4735.56 4733.25 4731.6 4727.56 4722.66 4719.01 4715.73 4713.87 4713.45 4714.68 4718.14 4721.31 4715.66 4711.16 4708.25 4705.79 4704.06 4702.56 4701.38 4700.32 4699.94 4699.75 4700.3 4702.08 4701.63 4700.66 4701.35 4703.03 4705.8 4708.81 4712.68 4717.01 4720.75 4720.29 4716.44 4713.66 4711.51 4707.26 4704.03 4705.05 4704.63 4705.99 4709.48 4712.46 4715.14 4717.79 4720.17 4721.51 4721.77 4720.05
4740.98 4738.09 4735.07 4731.49 4729.37 4728.96 4728.51 4726.97 4723.42 4718.26 4714.27 4716.54 4717.97 4722.21 4724.23 4725.32 4726.6 4727.91 4728.86 4728.24 4725.83 4721.56 4715.2 4714.57 4714.49 4714.81 4716.1 4718.87 4719.68 4716.12 4712.2 4708.89 4707.04 4705.5 4704.09 4703.15 4702.56 4701.95 4702 4702.53 4701.65 4702.28 4701.83 4701.93 4702.62 4704.38 4706.14 4708.62 4712.01 4715.48 4716.49 4714.88 4713.39 4710.27 4704.26 4702.04 4703.13 4705.1 4710.02 4712.05 4711.33 4712.36 4714.06 4715.95 4717.27 4715.93 4713.27
4737.56 4734.94 4731.74 4727.75 4724.66 4724.71 4724.53 4723.62 4721.22 4718.66 4716.59 4716.37 4712.4 4716.73 4718.76 4718.52 4717.58 4720.12 4725.38 4726.71 4724.7 4722.18 4720.03 4717 4715.47 4714.63 4714.94 4715.37 4715.92 4713.22 4710.95 4708.96 4707.77 4706.71 4706.33 4705.24 4704.07 4703.58 4703.36 4705.56 4705.6 4704.15 4702.15 4701.33 4701.54 4701.88 4702.93 4703.65 4705.01 4707.37 4710.59 4713.83 4716.2 4712.86 4706 4702.33 4701.81 4702.83 4706.08 4707.48 4707.97 4708.5 4709.52 4710.94 4713.26 4713.03 4710.98
4735.26 4733.08 4730.23 4726.35 4722.27 4723.42 4723.59 4722.89 4721.82 4722.05 4724.47 4724.88 4723.92 4719.5 4716.6 4713.65 4711.56 4714.6 4722.57 4724.44 4722.38 4721.35 4720.7 4717.26 4714.91 4713.13 4712.37 4711.13 4708.22 4707.56 4708.74 4709.09 4708.08 4708.47 4707.66 4706.65 4705.67 4704.32 4702.68 4703.1 4710.24 4703 4700.97 4700.17 4699.74 4699.15 4698.69 4697.88 4697.27 4696.4 4698.43 4710.52 4720.82 4717.34 4711.49 4707.44 4704.4 4702.42 4702.91 4703.39 4703.49 4703.71 4704.36 4704.86 4704.53 4704.15 4704.02
4733.68 4732.42 4730.8 4728.61 4726.98 4726.33 4725.16 4723.6 4722.39 4723.51 4727.28 4729.55 4729.82 4721.73 4715.63 4710.86 4707.41 4708.26 4715.61 4718.02 4717.33 4716.72 4717.51 4714.31 4712.89 4712.16 4710.68 4708.65 4704.13 4705.03 4708.46 4709.53 4709.17 4709.28 4708.67 4708.01 4707.25 4705.83 4702.34 4694.42 4686.41 4696.65 4699.22 4699.27 4698.11 4696.31 4694.74 4692.87 4690.6 4687.76 4688.75 4703.59 4717.91 4716.82 4715.57 4713.79 4709.3 4703.27 4700.93 4700.49 4698.81 4699.19 4700.06 4700.11 4699 4698.84 4699.93
4733.44 4733.05 4732.56 4732.23 4732.62 4730.78 4727.73 4724.54 4721.85 4721.12 4721.58 4722.75 4723.33 4718.98 4713.84 4709.29 4705.79 4705.33 4710.11 4712.6 4711.12 4708.33 4706.75 4708.57 4709.65 4710.47 4710.77 4710.47 4711.44 4712.78 4711.45 4710.78 4710.37 4710.5 4710.48 4710.29 4709.92 4708.93 4707.25 4703.77 4698.96 4700.23 4700.55 4699.04 4696.47 4694.36 4691.93 4689.42 4686.8 4684.93 4686.68 4692.63 4698.95 4706.63 4716.5 4723.8 4714.77 4704.35 4697.66 4692.91 4692.64 4695.42 4697.73 4698.6 4698.21 4699.61 4702.09
4732.36 4732.61 4733.44 4734.06 4735.06 4733.43 4729.45 4724.84 4720.48 4717.69 4714.24 4712.89 4715.34 4714.51 4711.87 4708.82 4706.22 4705.5 4707.8 4708.36 4707.29 4702.67 4700.52 4704.7 4707.76 4709.29 4710.91 4712.18 4714.87 4715.56 4713.52 4712.36 4711.72 4712.11 4712.11 4712.27 4712.41 4712.58 4713.84 4718.74 4717.48 4707.95 4703.58 4699.6 4696.57 4693.43 4690.21 4686.99 4683.97 4682.02 4682.06 4682.45 4683.17 4694.56 4710.15 4723.97 4714.23 4705.87 4695.22 4683.23 4688.73 4693.94 4697.4 4700.26 4702.08 4702.19 4704.54
4731.34 4732.32 4733.57 4734.6 4736.62 4735.38 4730.22 4724.52 4719.65 4715.5 4711.82 4709.65 4710.75 4711.68 4710.99 4709.47 4707.72 4706.15 4708.68 4709.38 4708.33 4704.43 4702.74 4705.53 4707.93 4709.47 4711.3 4712.74 4713.62 4713.3 4713.51 4713 4712.09 4712.56 4713.04 4713.33 4713.67 4714.09 4715.36 4716.01 4715.05 4710.13 4705.31 4701.06 4697.3 4693.57 4689.5 4685.74 4682.05 4678.96 4676.27 4675.64 4677.78 4685.77 4696.6 4700.65 4703 4699.57 4696.87 4694.15 4693.88 4695.55 4697.74 4700.73 4703.05 4702.55 4705.22
4730.07 4731.48 4732.53 4733.1 4736.08 4735.96 4728.94 4723.18 4718.72 4714.79 4712.13 4710.84 4710.36 4711.17 4711.61 4711.59 4711.36 4711.13 4713.04 4715.54 4712.06 4711.11 4709.79 4708.9 4709.44 4710.47 4711.42 4712.71 4713.43 4713.88 4713.54 4712.89 4712.34 4711.94 4713.53 4713.84 4714 4715.06 4715.21 4712.44 4711.81 4709.66 4705.48 4701.47 4697.4 4693.4 4689.29 4685.41 4681.53 4677.93 4674.52 4674.23 4676.28 4680.97 4686.72 4689.75 4694.42 4701.23 4700.42 4699.01 4698.77 4697.64 4697.31 4697.3 4697.66 4698.33 4703.84
4728.68 4729.28 4729.77 4729.6 4729.33 4726.65 4724.27 4720.91 4716.92 4714.79 4712.28 4711.17 4711.36 4712.33 4713.49 4714.56 4715.99 4718.51 4716.7 4711.95 4711.92 4713.32 4712.84 4711.41 4710.98 4711.24 4711.78 4712.36 4713.13 4714.01 4713.22 4712.59 4712.04 4711.66 4713.29 4713.74 4714.9 4714.78 4715.28 4716.8 4713.39 4709.39 4705.85 4701.89 4697.64 4693.59 4689.53 4685.3 4681.63 4679.08 4679.14 4680.06 4678.29 4680.14 4682.55 4684.53 4687.45 4689.75 4691.81 4697.2 4699.41 4697.19 4696.87 4695.28 4695.31 4697.31 4703.44
4727.32 4727.8 4727.36 4725.6 4723.25 4719.71 4720.12 4719.34 4717.12 4715.51 4713.21 4712.02 4712.93 4714.64 4716.06 4717.18 4718.34 4719.76 4716.05 4709.75 4709.64 4715.17 4713.53 4712.22 4711.68 4711.76 4711.96 4712.34 4712.42 4711.32 4712 4712.2 4711.46 4711.02 4713.67 4713.81 4714.22 4714.68 4714.08 4711.42 4711.63 4709.09 4705.82 4702.23 4698.37 4694.24 4690.31 4686.17 4682.52 4679.19 4677.46 4675.65 4676.43 4678.94 4680.22 4681.8 4682.41 4681.07 4682.26 4686.6 4689.94 4693.48 4697.28 4701.03 4701.8 4702.86 4704.93
4726.16 4726.74 4726.2 4724.19 4721.72 4719.22 4719.54 4720.36 4719.6 4718.46 4716.51 4713.29 4716.8 4718.86 4719.52 4719.74 4719.17 4716.52 4712.32 4708.78 4707.12 4704.93 4709.98 4711.47 4711.59 4711.72 4711.78 4712.08 4712.39 4713.71 4713.47 4711.76 4710.14 4709.45 4708.96 4712.37 4713.01 4713.44 4714.46 4714.45 4711.86 4709.04 4706.1 4702.97 4699.64 4696.33 4692.35 4688.38 4684.35 4679.65 4674.09 4669.86 4673.83 4677.38 4677.88 4677.81 4676.43 4674.83 4673.44 4677.82 4681.81 4688.08 4695.24 4704.49 4704.83 4703.8 4703.71
4726.06 4726.51 4726.1 4724.79 4723 4720.41 4721.95 4724.05 4724.44 4724.49 4724.18 4723.38 4723.62 4724.45 4723.92 4722.87 4720.95 4718.79 4716.01 4710.13 4708.75 4711.49 4711.41 4711.96 4712.14 4711.9 4711.46 4711.52 4711.62 4711.93 4711.2 4710.04 4708.49 4707.62 4707.13 4710 4710.93 4711.04 4712.96 4714.52 4711.03 4708.41 4705.73 4703.24 4700.61 4697.66 4694.75 4691.24 4687.08 4682.17 4677.25 4674.06 4673.64 4674.73 4675.3 4676.44 4677.63 4672.98 4671.4 4673.71 4676.84 4682.33 4687.48 4692.13 4694.84 4696.12 4698.24
4726.5 4727.47 4727.98 4728.01 4727.38 4726.61 4728.43 4730.38 4730.72 4731.9 4733.65 4734.05 4732.26 4731.72 4729.63 4727.25 4724.01 4719.84 4714.93 4713.92 4714.38 4714.83 4713.98 4713.46 4713.55 4712.98 4712.05 4711.16 4710.53 4709.25 4707.95 4708.05 4706.8 4705.87 4708.09 4708.14 4708.5 4708.36 4707.61 4707.29 4707.99 4707.32 4705.49 4703.45 4700.99 4698.42 4696.14 4693.65 4690.45 4686.21 4681.87 4676.51 4675.52 4673.38 4674.05 4674.96 4671.7 4672.61 4671.17 4672.44 4675.3 4677.18 4679.64 4679.74 4682.39 4686.07 4691.24
4727.4 4729.4 4730.62 4731.83 4733.51 4737.56 4739.1 4737.54 4737.4 4739.13 4741.8 4743.55 4742.95 4739.88 4736.24 4732.75 4728.87 4723.79 4717.86 4720.77 4721.68 4718.47 4716.43 4715.42 4714.54 4713.41 4712.54 4711.34 4709.82 4708.29 4707.65 4706.51 4705.14 4705.46 4706.98 4707.38 4707.45 4707.42 4705.85 4704.65 4706.88 4707.13 4706.23 4704.53 4702.84 4700.83 4698.88 4695.64 4694.24 4692.17 4690.41 4689.26 4686.86 4681.23 4678.81 4677.74 4679.25 4674.25 4674.29 4671.01 4669.43 4673.09 4677.22 4680.56 4680.98 4682.34 4685.37
4728.74 4730.48 4732.51 4734.73 4737.24 4741.22 4742.89 4742.24 4742.49 4744.74 4747.88 4750.65 4751.45 4746.66 4742.04 4738.54 4735.58 4733.49 4734.09 4730.93 4725.13 4719.99 4718.78 4718.28 4715.98 4714.34 4713.27 4711.47 4709.94 4707.67 4703.86 4705.19 4704.53 4705.55 4706.71 4708.19 4708.5 4708.87 4710.61 4709.67 4708.75 4707.98 4707.07 4705.92 4704.49 4703.06 4701.14 4699.76 4698.8 4698.88 4699.93 4703.19 4699.59 4692.24 4686.25 4680.92 4674.24 4672.86 4668.17 4667.96 4670.9 4671.26 4672.79 4675.97 4675.94 4678.47 4680.93
4730.3 4732.35 4734.29 4736.52 4738.72 4741.07 4742.6 4743.93 4745.55 4748.23 4751.5 4753.48 4753.22 4749.5 4745.95 4743.44 4741.72 4741.17 4743.17 4740.6 4739.31 4728.03 4723.03 4720.53 4717.93 4716.24 4713.87 4711.77 4710.42 4709.05 4710.62 4706.64 4704.53 4706.21 4707.34 4708.8 4710.29 4710.65 4713.96 4713.02 4710.88 4709.6 4708.38 4706.76 4705.73 4704.69 4703.64 4703.06 4702.86 4703.77 4705.31 4707.36 4704.28 4695.24 4687.73 4684.85 4683.67 4679.74 4673.67 4670.88 4669.39 4667.73 4664.9 4665.35 4670.53 4675.02 4678.29
4733.02 4735.23 4737.03 4738.62 4740.29 4740.87 4740.48 4745.08 4748.32 4750.21 4751.41 4751.93 4750.83 4749.26 4748.02 4747 4746.19 4745.15 4741.96 4743.6 4743.41 4735.55 4727.93 4724.93 4721.72 4718.55 4714.96 4712.77 4710 4708.2 4706.81 4703.79 4703.31 4706.28 4708.21 4708.36 4710.41 4710.63 4713.68 4713.28 4711.78 4711.13 4710.13 4709.36 4708.04 4706.53 4705.71 4705.29 4705 4705.85 4706.51 4707.44 4704.27 4695.26 4688.55 4689.21 4690.06 4687.01 4681.51 4677.39 4674.34 4672.1 4668.12 4668.55 4673.57 4676.86 4678.26
4733.42 4736.05 4738.51 4740.88 4742.82 4743.99 4745.04 4749.04 4752.24 4752.97 4752.03 4750.96 4749.04 4748.27 4749.32 4750.25 4750.67 4750.24 4749.02 4749.08 4748.43 4741.45 4733.03 4728.56 4723.88 4720.55 4716.58 4712.82 4709.64 4706.53 4702.61 4700.17 4702.01 4705.96 4708.39 4708.4 4709.65 4709.45 4712.57 4712.19 4712.16 4711.76 4711.45 4711.4 4710.74 4709.78 4708.76 4706.99 4706.17 4705.89 4705.64 4704.52 4701.93 4697.28 4694.06 4693.89 4693.58 4691.03 4685.96 4681.85 4678.18 4676.14 4679.31 4680.81 4682.48 4682.64 4681.54
