real_craters/C160-500m.grd
DSAA
231 231
-57.47 57.47
-57.47 57.47
2955.0165003298 5591.507341937
[rows 60 to 89 of 231, columns 0 to 66 of 231]
4752.16 4751.11 4743.65 4746.62 4746.38 4743.07 4741.34 4739.29 4735.78 4732.14 4738.06 4738.57 4729.52 4719.62 4713.13 4711.04 4709.3 4709.31 4707.87 4705.07 4702.57 4700.08 4697.86 4696.36 4698.22 4696.94 4700.42 4706.82 4713.85 4721.2 4722.3 4716.21 4714.43 4705.01 4697.39 4702.31 4712.48 4719.67 4725.74 4730.57 4725.98 4717.1 4712.93 4708.25 4698.98 4693.24 4697.14 4701.08 4700.76 4708.8 4715.08 4727.34 4719.02 4705.41 4695.84 4691.69 4686.03 4689.44 4699.88 4705.15 4707.63 4709.28 4706.14 4703.64 4701.06 4697.88 4700.27
4743.32 4738.05 4732.74 4731.46 4730.24 4724.05 4715.32 4722.9 4726.88 4728.24 4730.83 4730.9 4726.55 4718.01 4714.63 4714.47 4718.08 4721.13 4712.04 4707.26 4704.38 4702.17 4701.29 4701.22 4701.65 4701.84 4701.82 4705.05 4708.98 4715.42 4718.72 4712.95 4708.99 4702.85 4705.47 4710.29 4712.03 4714.85 4718.07 4716.59 4714.47 4712.41 4708.61 4705.8 4699.07 4694.29 4688.86 4689.09 4699.06 4716.12 4730.24 4732.89 4727.71 4721.33 4714.72 4702.38 4692.96 4694.11 4700.3 4712.74 4713.17 4709.09 4705.98 4703.17 4699.79 4697.77 4700.37
4736.95 4732.38 4725.79 4723.97 4723.66 4720.64 4718.58 4715.58 4717.53 4717.17 4715.95 4728.32 4724.4 4721.07 4716.63 4714.5 4714.61 4715.23 4710.44 4708.27 4706.77 4705.35 4703.77 4703.68 4709.27 4702.58 4700.81 4701.45 4702.16 4703.56 4708.76 4716.33 4712.14 4703.15 4701.61 4705.44 4706.83 4707.81 4709.91 4711.18 4707.77 4701.51 4701.2 4698.01 4698.31 4686.84 4686.24 4690.25 4703.08 4720.41 4732.14 4734.39 4736 4737.4 4730.32 4720.38 4698.22 4694.56 4697.77 4703.37 4706.78 4706.87 4705.93 4703.7 4700.62 4697.83 4695.13
4734.17 4731.4 4727.46 4725.94 4724.06 4722.5 4727.43 4730.52 4719.53 4711.17 4707.23 4717.39 4717.9 4718.32 4713.98 4712.1 4709.66 4702.85 4708.28 4709.51 4709.02 4707.9 4706.41 4700.36 4685.77 4698.87 4699.1 4696.57 4693.98 4690.34 4688.3 4715.1 4716.53 4713.29 4704.98 4700.96 4699.32 4700.1 4700.22 4699.01 4702.09 4705.59 4709.85 4712.85 4705.48 4693.55 4695.23 4694.29 4711.37 4731.46 4742.34 4746.81 4750.51 4755.29 4759.74 4746.27 4723.97 4702.99 4698.06 4695.05 4700.68 4705.07 4706 4706.02 4702.13 4696.13 4693.5
4732.9 4732.9 4733.78 4732.54 4726.23 4720.61 4716.92 4718.25 4715.15 4708.93 4704.91 4709.73 4708.46 4701.85 4706.77 4709.91 4711.52 4716.21 4712.97 4712.06 4711.23 4711.13 4711.03 4711.82 4712.99 4703.04 4698.36 4693.85 4688.91 4684.37 4684.15 4686.84 4703.41 4724.96 4709.17 4693.11 4689.11 4696.21 4699.6 4701.03 4706.19 4716.27 4723.88 4726.4 4723.71 4709.69 4713.09 4713.64 4738.87 4749.81 4757.76 4763.23 4760.97 4765.11 4766.26 4760.51 4728.82 4711.2 4706.4 4701.74 4706.25 4708.42 4709.43 4709.8 4707.62 4701.71 4694.13
4730.64 4732.84 4735.13 4735.79 4726.06 4717.24 4711.89 4709.9 4711.27 4709.78 4707.24 4710.07 4709.25 4704.26 4706.77 4709.56 4712.29 4713.37 4713.48 4712.45 4712.64 4713.37 4714.06 4715.17 4713.68 4707.14 4699.9 4693.79 4687.07 4680.76 4675.08 4675.79 4687.03 4695.84 4700.65 4697.13 4695.39 4697 4701.1 4701.9 4708.27 4718.36 4721.77 4725.03 4723.48 4719.26 4721.61 4741.99 4765.4 4765.78 4758.76 4742.95 4763.81 4769.26 4771.18 4753.09 4725.09 4718.19 4721.07 4726.17 4717.86 4715.08 4714.6 4714.33 4715.33 4713.73 4705.71
4728.79 4729.49 4729.98 4727.77 4722.35 4716 4712.19 4711.13 4712.54 4714.26 4716.95 4715.4 4712.04 4712.91 4710.98 4711.18 4712.15 4713.47 4713.34 4712.24 4711.63 4713.73 4714.91 4715.59 4713.63 4707.24 4700.46 4693.71 4686.91 4680.71 4678.63 4678.24 4680.96 4684.86 4690.19 4694.09 4700.03 4697.05 4694.58 4696.86 4707.62 4719.78 4731.01 4719.82 4715.2 4722.03 4730.47 4742.5 4749.92 4757.51 4758.36 4764.49 4764.39 4771.01 4770.64 4756.11 4732.82 4727.12 4729.46 4734.12 4724.27 4720.08 4719.52 4720.52 4723.66 4728.91 4732.39
4726.42 4726.78 4723.98 4718.92 4719.65 4717.95 4714.76 4713.57 4717.39 4718.54 4718.45 4712.22 4707.8 4710.76 4711.66 4711.8 4712.22 4712.4 4712.67 4710.94 4712.19 4713.07 4713.98 4714.03 4711.7 4707.29 4701.81 4695.85 4689.17 4682.41 4674.7 4672.54 4678.46 4679.55 4677.89 4678.02 4684.77 4694.17 4706.58 4705.12 4706.44 4713.06 4716.66 4719.3 4716.83 4729.01 4739.94 4747.68 4750.34 4755.36 4756.63 4764.99 4764.15 4773.14 4782.72 4778.15 4749.52 4732.49 4724.92 4721.93 4723.28 4723.31 4724.44 4725.53 4730.43 4736.33 4742.13
4726.68 4726.83 4724.98 4721.25 4724.64 4725.83 4726.42 4724.81 4726 4723.81 4720.03 4714.26 4709.56 4711.78 4712.31 4711.94 4711.52 4711.35 4710.3 4708.42 4706.88 4710.09 4710.45 4712.37 4710.51 4706.88 4702.44 4698.19 4692.91 4686.39 4678.34 4673.55 4674 4676.03 4674.08 4671.59 4676.31 4683.75 4688.76 4693.54 4698.74 4705.51 4711.58 4711.56 4713.74 4724.29 4743.08 4742.95 4747.75 4747.34 4753.45 4757.15 4765.98 4777.85 4780.17 4773.42 4749.59 4734.08 4723.99 4720.62 4722.77 4725.31 4728.11 4730.41 4735.22 4740.49 4750.53
4727.88 4730.03 4731.63 4736.56 4737.16 4737.22 4741.07 4742.4 4737.89 4732.22 4725.08 4718.13 4721.51 4716.59 4714.92 4713.53 4711.96 4709.58 4707.67 4705.27 4705.69 4707.54 4707.87 4704.12 4706.82 4706.62 4703.93 4700.19 4696.92 4693.06 4689.46 4686.33 4678.7 4677.37 4675.67 4674.27 4669.74 4675.8 4680.08 4682.26 4688.29 4694.45 4700.91 4700.97 4703.43 4706.67 4740.95 4760.6 4758.37 4759.46 4755.78 4764.09 4779.88 4781.16 4773.11 4765.31 4746.06 4733.46 4724.18 4721.71 4723.69 4726.39 4729.37 4732.8 4734.48 4737.88 4740.96
4729.83 4733.27 4736.27 4741.25 4743.17 4745.15 4750.24 4754.04 4747.28 4741.56 4738.37 4739.59 4734.29 4722.11 4718.6 4714.39 4712.4 4709.33 4707.39 4704.47 4705.48 4708.01 4710.26 4713.82 4710.07 4708.08 4705.92 4703.55 4701.69 4701.12 4703.48 4705.12 4693.43 4683.18 4676.7 4669.12 4669.41 4668.31 4670.27 4675.59 4680.31 4682.14 4685.38 4701.13 4698.4 4695.18 4726.94 4757.8 4765.98 4764.78 4764.1 4760.83 4765.42 4770.47 4758.9 4745.94 4739.42 4733.97 4724.93 4723.31 4724.2 4726.03 4728.09 4730.17 4732.93 4734.41 4734.06
4733.12 4736.66 4739.75 4741.23 4744.1 4749.47 4751.26 4750.88 4748.65 4747.67 4746.61 4741.47 4745.15 4732.44 4724.54 4718.62 4713.96 4709.19 4705.68 4701.94 4706.68 4708.27 4710.46 4713.77 4711.86 4710.84 4709.11 4707.07 4705.85 4705.23 4706.3 4705.67 4693.18 4690.2 4690.11 4681.71 4675.37 4671.22 4672.36 4677.76 4678.43 4676.05 4676.6 4695.5 4695.22 4697.83 4735.2 4756.71 4771.67 4779.58 4775.79 4773.71 4773.52 4764.43 4750.74 4740.91 4745.6 4741.45 4737.89 4731.47 4729.16 4728.7 4729.13 4732.26 4733.26 4732.96 4735.41
4734.49 4739.42 4744.38 4748.54 4753.49 4758.06 4754.68 4750.92 4749.38 4753.57 4755.54 4756.91 4748.22 4736.74 4729.78 4723.99 4716.5 4709.84 4702.71 4700.12 4706.89 4708.63 4708.03 4710.32 4711.6 4712.48 4712.87 4711.72 4709.49 4707.35 4703.02 4699.53 4698.47 4697.32 4693.27 4685.86 4682.67 4686.82 4690.72 4689.97 4683.52 4676.38 4675.07 4677.04 4688.09 4703.46 4731.97 4762.64 4779.25 4790.5 4787.07 4786.32 4786.46 4758.61 4758.24 4764.51 4755.82 4747.54 4743.81 4737.89 4733.47 4731.51 4730.36 4729.98 4730.52 4731.13 4728.29
4736.87 4742.86 4750.2 4758.84 4767.58 4771.7 4778.32 4765.52 4761.8 4759.62 4762.56 4765.05 4755.04 4738.42 4735.14 4728.67 4722.31 4715.73 4708.21 4706.78 4714.57 4714.43 4706.66 4704.59 4712 4715.38 4715.6 4712.73 4709.66 4704.27 4699.14 4690.33 4689.65 4691.2 4691.25 4685.29 4685.24 4700.81 4719.32 4703.45 4690.38 4678.23 4673.14 4670.49 4680.75 4695.41 4724.7 4771.12 4781.41 4781.61 4780.13 4778.08 4779.01 4760.22 4759.91 4755.67 4746.93 4743.15 4740.9 4737.66 4734.52 4731.96 4729.31 4727.22 4728.62 4725.58 4721.24
4738.97 4745.75 4753.61 4763.63 4773.29 4770.35 4769.7 4763.02 4758.3 4757.06 4764.02 4773.97 4767.74 4745.31 4739.25 4737.09 4732.93 4729.35 4720.84 4717.79 4735.37 4736.25 4720.78 4712.54 4712.72 4711.24 4709.88 4706.55 4703.18 4700.13 4696.28 4692.58 4692.93 4695.55 4689.13 4685.58 4689.24 4699.19 4687.18 4696.64 4695.54 4690.08 4670.93 4672.24 4675.8 4685.66 4721.92 4778.89 4781.28 4781.36 4796.28 4774.72 4781.5 4778.29 4749.37 4735.28 4732.77 4735.78 4736.42 4734.97 4733.02 4730.5 4728.21 4726.11 4726.51 4723.35 4720.44
4739.9 4745.81 4752.08 4757.67 4757.83 4758.55 4753.11 4746.25 4733.93 4750.04 4759.26 4762.33 4756.49 4738.36 4733.37 4736.34 4743.86 4750.16 4755.12 4771.61 4776.82 4773.59 4749.63 4733.91 4725.13 4716.47 4708.47 4698.72 4696.11 4695.45 4696.32 4697.82 4700.75 4702.92 4696.57 4687.46 4679.63 4698.8 4685.22 4691.2 4696.77 4699.91 4669.29 4662.51 4683.15 4700.82 4729.29 4777.23 4776.91 4766.07 4766.23 4768.82 4763.31 4746.09 4729.62 4730.38 4730.54 4733.58 4734.68 4734.01 4732.12 4729.53 4727.31 4724.73 4722.42 4723.31 4721.03
4738.55 4743.39 4748.81 4752.01 4754.16 4751.87 4750.27 4749.32 4753.89 4754.42 4757.59 4749.95 4734.26 4721.83 4724.48 4735.19 4751.33 4773.48 4795.93 4797.41 4840.28 4827.95 4778.23 4758.44 4741.75 4721.93 4704.7 4696.51 4692.94 4691.43 4694.12 4700.85 4704.84 4697.75 4696.87 4694.92 4697.33 4704.64 4696.23 4689.65 4689.51 4686.96 4671.13 4676.76 4709.58 4743.54 4763.34 4771.97 4769.64 4767.04 4769.6 4758.98 4753.62 4742.94 4739.09 4737.09 4733.79 4734.6 4734.59 4733.61 4731.56 4729.51 4727.37 4726.3 4724.23 4722.6 4722.57
4736.79 4741.25 4745.17 4748.06 4748.53 4756.23 4759.36 4756.56 4755.06 4759.51 4763.15 4764.05 4740.25 4714 4719.76 4736.46 4755.22 4785.51 4843.38 4944.49 4911.68 4880.18 4865 4804.41 4749.86 4715.27 4694.25 4686.18 4685.97 4687.83 4694.38 4698.39 4696.72 4688.19 4696.32 4699.32 4699.02 4702.99 4691.66 4687.82 4681.23 4670.98 4672.65 4689.55 4718.6 4742.31 4748.65 4758.07 4756.79 4755.5 4749.66 4745.56 4747.5 4740 4742.73 4742.64 4741.09 4738.09 4735.38 4732.69 4730.28 4728.02 4728.4 4725.71 4724.42 4722.13 4721.22
4736.72 4741.71 4744.63 4747.9 4750.48 4754.99 4759.64 4762.09 4765.16 4767.13 4767.09 4768.64 4748.39 4722.53 4730.37 4740.66 4746.77 4756.58 4793.09 4853.5 4825.21 4823.44 4898.63 4788.23 4714.59 4681.3 4666.03 4663.82 4663.37 4670.98 4682.09 4698.13 4708.04 4705.23 4701.33 4700.55 4702.24 4691.8 4691.85 4688.14 4681.09 4669.42 4662.72 4674.88 4693.35 4727 4745.49 4749 4746.31 4743.57 4737.8 4730.8 4735.04 4734 4739.17 4739.83 4738.68 4739.46 4735.23 4730.6 4728.49 4726.11 4724.93 4724.36 4723.32 4722.61 4721.81
4738.32 4741.69 4746.05 4748.64 4750.17 4752.32 4758.65 4763.81 4771.22 4769.08 4762.4 4755.91 4744.2 4749.45 4755.49 4751.74 4725.93 4688.65 4648.66 4598.69 4571.51 4588.54 4625.23 4631.64 4624.56 4621.54 4626.43 4631.75 4644.78 4658 4676.88 4693.73 4698.75 4702.42 4702.19 4700.37 4705.05 4708.87 4703.07 4692.59 4683.97 4672.66 4669.85 4669.88 4675.91 4717.3 4743.3 4738.26 4739.68 4736.21 4726.16 4716.81 4728.25 4736.84 4732.08 4731.41 4737.19 4731.23 4727.88 4725.4 4724.82 4724.67 4724.38 4723.9 4722.55 4723.65 4724.83
4734.68 4738.63 4742.68 4746.37 4751.04 4756.65 4759.25 4762.18 4761.58 4758.12 4756.57 4754.96 4761.38 4807.22 4815.14 4772.13 4698.95 4613.69 4508.94 4376.45 4313.78 4334.91 4354.5 4454.98 4509.89 4545.44 4570.93 4604 4627.92 4654.04 4672.64 4690.35 4695.31 4699.52 4701.36 4708.2 4713.3 4711.95 4705.42 4699.98 4693.36 4685.65 4682.74 4686.72 4693.68 4731.97 4749.88 4748.93 4747.12 4741.59 4730.99 4722.26 4722.01 4725.93 4716.51 4717.85 4715.79 4715.19 4718.87 4722.52 4723.16 4724.2 4726.15 4726.51 4725 4725.94 4726.85
4729.64 4734.8 4739.3 4744.52 4749.68 4754.22 4755.86 4761.39 4765.28 4765.79 4760.49 4759.56 4796.83 4898.31 4907.4 4787.1 4663.21 4553.82 4425.04 4290.08 4216.78 4224.46 4264.16 4348.5 4422.75 4484.92 4530.48 4578.28 4611.56 4645.85 4669.43 4689.18 4702.09 4709.33 4710.48 4708.51 4711.94 4709.4 4709.25 4713.44 4710.86 4725.89 4726.13 4724.13 4730.15 4748.02 4759.54 4764.33 4761.96 4751.06 4741.84 4720.97 4720.23 4719.32 4711.53 4710.64 4706.06 4705.74 4713.76 4719.06 4722.89 4722.39 4724.56 4726.95 4726.31 4727.71 4730.28
4729.57 4733.12 4736.25 4741.79 4747.05 4750.14 4752.82 4762.07 4772.77 4780.55 4771.63 4773.49 4815.76 4890.99 4885.81 4746.95 4619.57 4496.08 4384.82 4278.78 4214.16 4211.36 4245.74 4308.05 4381.73 4445.6 4500.54 4554.71 4594.96 4635.48 4665.15 4690.51 4702.33 4708.35 4706.97 4712.33 4710.01 4710.06 4726.86 4734.61 4747.25 4764.82 4761.63 4754.13 4755.9 4756.97 4761.75 4769.12 4768.72 4754.79 4739.16 4727.3 4728.18 4724.49 4720.61 4714.48 4710.73 4709.89 4714.97 4719.7 4724.03 4726.68 4729.04 4729.13 4732.17 4733.05 4734.32
4727.55 4730.77 4734.11 4738.02 4742.9 4746.9 4750.94 4760.59 4770.35 4782.26 4774.38 4801.53 4868 4859.47 4752.08 4659.95 4557.36 4460.13 4358.32 4277.61 4222.97 4218.09 4244.16 4293.61 4357.87 4420.47 4483.64 4536.61 4585.93 4627.47 4664.39 4694.89 4717.17 4720.63 4695.22 4703.93 4705.88 4708.5 4727.08 4749.09 4770.96 4773.39 4768.67 4761.7 4754.56 4751.41 4756.28 4757.92 4754.54 4752.8 4752 4749.21 4738.58 4734.98 4725.37 4718.99 4716.53 4717.31 4720.6 4721.62 4724.72 4727.64 4731.35 4734.26 4738.39 4738.45 4740.87
4724.9 4727.63 4729.54 4731.33 4731.13 4742.62 4755.36 4757.27 4760.16 4758.45 4755.17 4790.68 4910.2 4869.36 4666.89 4576.97 4499.17 4418.59 4340.76 4272.22 4223.04 4218.07 4243.15 4286.58 4345.76 4404.41 4461.24 4516.72 4570.34 4615.35 4659.34 4699.53 4730.96 4744.45 4724.03 4720.13 4712.3 4719.55 4734.24 4754.23 4766.57 4771.16 4767.73 4766.18 4749.16 4752.42 4751.02 4747.95 4746.1 4745.33 4748.61 4749.06 4747.41 4740.28 4727.37 4727.93 4727.22 4731.89 4726.86 4726.16 4728.22 4731.59 4734.57 4737.81 4740.1 4741.6 4745.91
4723.35 4725.2 4726.66 4727.9 4730.3 4743.3 4749.71 4749.68 4750.72 4750.85 4739.91 4781.3 4909.8 4877.6 4635.75 4536.42 4469.2 4395.5 4331.58 4266.66 4221 4217.97 4242.78 4283.97 4333.73 4387.54 4445.25 4504.91 4557.85 4609.96 4658.83 4705.44 4746.79 4783.19 4767.03 4757.76 4765.49 4756.34 4756.94 4762.09 4761.52 4753.68 4763.5 4772.85 4766.19 4750.52 4746.87 4742.04 4732.09 4739.51 4740.68 4742.02 4745.08 4753.96 4740.03 4736.49 4742.36 4733.42 4727.38 4726.17 4726.48 4731.66 4733.57 4736.27 4740.85 4745.74 4749.48
4720.65 4722.52 4724.08 4725.05 4728.11 4728.38 4732.12 4740.54 4744.82 4744.08 4733.99 4773.95 4886.56 4872.05 4649.97 4547.49 4476.97 4406.35 4336.58 4271.99 4227.22 4216.67 4243.67 4284.2 4333.16 4395.24 4453.34 4508.56 4562.05 4614.6 4663.49 4709.55 4750.86 4777.35 4777.37 4777.84 4787.79 4764.85 4758.56 4753.47 4739.15 4750.38 4753.72 4754.69 4751.85 4743.07 4742.26 4745.89 4753.4 4745.54 4732.1 4722.32 4726.54 4743.02 4736.68 4733.36 4735.71 4727.46 4724.62 4724.9 4725.15 4727.62 4730.51 4733.31 4741.04 4745.02 4749.34
4717.63 4719.92 4722.48 4723.76 4720.28 4722.32 4725.58 4736.23 4743.02 4752.06 4742.5 4769.27 4857.56 4871.36 4673.9 4580.05 4521.38 4445.88 4365.93 4284.34 4229.53 4210.88 4243.09 4295.4 4367.21 4429.39 4488.04 4542.56 4594.26 4641.68 4684.43 4723.52 4754.21 4776.6 4780.34 4779.63 4781.03 4773.71 4757.8 4741.96 4744.27 4756.38 4745.08 4733.8 4728.26 4730.95 4737.84 4746.05 4757.51 4745.94 4729.39 4721.2 4714.18 4719.24 4727.7 4733.04 4726.52 4722.67 4723.57 4725.71 4727.34 4728.5 4730.4 4732.68 4736.67 4742.6 4746.37
4715.1 4718.32 4722.61 4727.41 4728.08 4728.89 4730.44 4734.17 4739.94 4746.71 4741.24 4760.85 4813.86 4818.49 4718.99 4662.19 4596.65 4505.76 4403.47 4308.04 4232.98 4203.16 4248.67 4313.48 4378.14 4438.45 4493.42 4548.4 4605.57 4647.57 4688.21 4721.71 4752.54 4774.98 4773.2 4771.58 4783.47 4774.72 4757.89 4745.96 4748.72 4732.84 4737.81 4739.77 4735.98 4730.17 4736.47 4740.48 4735.96 4730.81 4726.87 4718.95 4705.21 4710.64 4717.8 4724.57 4724.87 4723.6 4725.45 4726.34 4727.35 4728.76 4730.52 4732.56 4735.03 4737.41 4740.27
4710.46 4714.25 4719.36 4727.76 4739.47 4733.58 4727.93 4730.31 4733.89 4740.11 4750.41 4749.7 4772.54 4781.63 4795.89 4812.96 4690.51 4571.98 4460.64 4348.55 4244.06 4198.08 4272.97 4350.52 4416.15 4471.96 4521.82 4569.04 4611.33 4651.28 4695.78 4725.84 4750.22 4765.52 4770.12 4768.74 4770.86 4762.26 4752.51 4742.53 4749.01 4743.84 4743.83 4747.87 4748.11 4741.59 4741.85 4740.91 4737.64 4733.39 4726.06 4717.6 4722.88 4723.49 4719.46 4721.76 4723.16 4728.11 4729.02 4725.84 4725.67 4726.86 4728.33 4730.4 4732.27 4736.36 4739.56
