real_craters/C160-500m.grd
DSAA
231 231
-57.47 57.47
-57.47 57.47
2955.0165003298 5591.507341937
[rows 60 to 89 of 231, columns 134 to 200 of 231]
4603.07 4611.5 4622.16 4632.28 4636.45 4635.15 4631.18 4625.89 4619.56 4620.63 4619.97 4623.54 4628.43 4630.38 4630.11 4638.57 4639.78 4644.42 4646.86 4645.77 4641.79 4635.38 4629.46 4624.5 4618.64 4614.13 4614.43 4617.63 4626.24 4636.94 4638.45 4632.27 4626.16 4620.51 4614.51 4607.71 4600.6 4595.8 4592.88 4593.23 4601.29 4610.35 4618.69 4621.29 4611.95 4615.22 4619.88 4624.49 4626.83 4623.88 4618.9 4612.64 4608.82 4607.76 4608.71 4609.88 4611.22 4611.91 4611.44 4612.46 4614.16 4609.47 4606.75 4604.67 4602.35 4604.62 4610.76
4609.28 4619.72 4628.44 4632.92 4632.09 4635.47 4636.57 4634.71 4630.08 4621.28 4627.18 4631.07 4637.71 4639.27 4640.47 4637.96 4637.56 4638.09 4639.05 4640.9 4639.01 4634.17 4625.39 4619.42 4617.89 4619.21 4618.62 4617.39 4621.99 4631.53 4633.99 4630.04 4626.12 4621.33 4615.97 4610.39 4605.32 4601.35 4596.45 4594.8 4609.9 4618.13 4616.79 4616.31 4604.27 4611.94 4619.21 4622.42 4632.48 4623.95 4614.18 4611.43 4608.37 4607.98 4608.4 4609.53 4611.56 4614.1 4618.63 4615.57 4611.66 4608.9 4605.98 4604.78 4604.46 4607.62 4606.15
4627.14 4634.96 4639.85 4641.45 4640.91 4642.25 4645.39 4645.85 4641.7 4634.14 4644.38 4652.12 4648.85 4648.44 4649.66 4644.94 4635.06 4636.04 4639.17 4639.09 4638.03 4635.95 4628.24 4615.42 4616.52 4621.5 4621.34 4615.65 4616.79 4620.2 4621.29 4626.23 4625.84 4622.91 4618.29 4613.33 4608.93 4605.2 4603.33 4603.04 4614.52 4618.87 4618.95 4619.06 4606.32 4603.18 4616.62 4616.53 4632.57 4628.22 4613.32 4608.85 4606.55 4605.84 4606.63 4608.32 4610.62 4612.29 4611.69 4612.46 4609.55 4605.64 4603.2 4602.58 4605.47 4602.53 4593
4651.24 4655.23 4656.61 4656.18 4653.39 4654.55 4657.48 4659.46 4657.64 4654.63 4659.27 4653.38 4654.88 4652.77 4651.08 4641.35 4630.75 4633.32 4637.3 4638.26 4637.12 4633.38 4623.39 4612.87 4615.63 4618.38 4618.26 4617.92 4618.02 4621.2 4624.24 4628.05 4628.18 4625.39 4621.6 4616.75 4612 4605.87 4610.25 4615.37 4614.81 4616.22 4618.89 4616.64 4604.23 4602.7 4621.24 4631.81 4637.27 4627.88 4616.83 4606.78 4603.35 4602.51 4603.62 4605.47 4608.82 4610.95 4607.87 4598.66 4599.32 4600.01 4599.03 4596.4 4588.87 4587.02 4578.1
4663.98 4670.52 4675.03 4675.03 4673.73 4672.29 4670.4 4669.88 4670.41 4671.53 4661.34 4664.57 4657.38 4651.75 4646.44 4639.45 4638.78 4639.42 4639.46 4639.22 4637.17 4632.81 4625.4 4616.31 4619.12 4621.94 4623.83 4622.28 4623.22 4627.86 4635.66 4634.17 4632.26 4629.03 4624.86 4620.67 4616.53 4613.74 4613.63 4612.16 4609.41 4611.43 4610.96 4604.61 4603.88 4618.36 4628.1 4646.86 4632.28 4614.94 4606.28 4600.81 4598.79 4597.92 4598.38 4600.26 4604.06 4611.69 4617.57 4598.25 4593.87 4595.11 4594.55 4591.78 4586.39 4575.23 4571.18
4684.27 4693.66 4696.98 4695.05 4692.23 4688.36 4682.48 4676.49 4677.47 4680.37 4665.63 4656.5 4652.58 4649.2 4645.25 4642.57 4643.55 4646.62 4643.97 4640.72 4638.04 4635.5 4630.2 4625.8 4624.86 4626.43 4630.85 4624.8 4624.36 4632.59 4639.8 4639.13 4635.58 4631.77 4627.78 4624.65 4621.28 4617.19 4618.94 4616.09 4610.41 4609.51 4609.28 4606.8 4610.06 4609.29 4617.35 4629.77 4624.87 4604.84 4591.78 4593.54 4593.26 4593.49 4593.16 4593.19 4595.04 4598.07 4599.35 4595.49 4593.69 4592.96 4592.02 4589.57 4582.98 4570.1 4566.55
4712.59 4726.52 4720.79 4713.06 4706.7 4701.2 4693.08 4685.58 4683.98 4681.11 4672.76 4657.51 4651.74 4648.55 4645.17 4643.81 4644.22 4648.85 4644.13 4639.86 4637.11 4635.02 4632.25 4630.33 4628.88 4628.7 4627.89 4627.84 4632.57 4636.09 4642.68 4642.8 4637.76 4633.28 4629.76 4627.25 4626.68 4627.59 4625.52 4615.1 4604.92 4610.73 4615.65 4616.91 4616.2 4608.85 4622.24 4633.08 4620.37 4601.34 4595.55 4593.12 4591.15 4589.27 4587.48 4585.56 4583.53 4581.76 4586.16 4592.03 4591.91 4591.12 4590.18 4588.63 4585.73 4570.01 4565.76
4731.62 4745.89 4737.77 4725.07 4713.32 4703.59 4703.47 4698.57 4691.93 4682.3 4673.62 4664.64 4657.51 4649.33 4643.22 4637.56 4636.74 4641.06 4639.95 4636.85 4633.39 4627.4 4631.4 4631.24 4631.99 4631.42 4631.45 4630.15 4632.25 4638.15 4646.33 4642.92 4637.47 4633.73 4630.67 4628.75 4628.28 4630.78 4620.98 4610.81 4611.32 4616.27 4622.03 4624.4 4617.96 4609.31 4623.47 4628.26 4622.52 4616.44 4606.72 4596.98 4590.8 4586.82 4583.01 4579.02 4575.44 4572.44 4577.89 4587.02 4588.58 4588.25 4587.45 4584.57 4576.99 4570.03 4567.8
4737.12 4750.26 4744.55 4731.66 4717.91 4708.8 4714.6 4722.65 4699.98 4681.98 4668.64 4660.38 4654.96 4649.32 4642.91 4637.21 4637.97 4638.16 4635.95 4633.3 4629.89 4629.51 4629.9 4634.41 4636.22 4633.34 4630.69 4635.28 4635.49 4639.21 4638.12 4635.29 4633.6 4631.99 4629.71 4627.82 4625.11 4619.42 4611.46 4614.85 4618.15 4622.04 4628.14 4633.14 4628.06 4613.38 4619.05 4627.75 4623.74 4617.06 4605.53 4596.47 4589.93 4585.27 4579.95 4574.52 4569.23 4565.49 4575.73 4583.82 4585.21 4585.18 4584.7 4584.24 4579.51 4572.2 4568.72
4737.96 4747.35 4745.37 4734.09 4720.5 4709.21 4712.64 4712.67 4696.94 4677.42 4659.43 4654.82 4654.13 4650.02 4644.12 4639.45 4633.62 4635.31 4634.23 4631.97 4627.56 4623.76 4628.39 4629.94 4631.38 4635.13 4641.82 4644.14 4647.77 4645.56 4635.67 4629.73 4630.73 4629.83 4628.18 4626.15 4622.47 4616.99 4612.71 4616.06 4619.82 4623.55 4629.37 4635.14 4625.77 4621.47 4624.11 4625.24 4621.27 4612.79 4600.66 4594.35 4588.79 4583.69 4579.11 4573.62 4567.61 4562.33 4571.09 4579.9 4582.15 4582.27 4581.02 4579.62 4574.87 4569.46 4567.82
4739.18 4751.56 4746.8 4734.11 4720.41 4709.13 4705.9 4701.83 4689.38 4672.75 4659.06 4656.05 4658.47 4650.5 4645.14 4639.78 4637.06 4636.46 4635.61 4633.41 4631.53 4630.96 4630.03 4631.37 4631.1 4630.61 4630.34 4633.55 4643.38 4644.97 4636.93 4630.84 4630.52 4629.56 4628.59 4626.75 4623.91 4620.29 4617.79 4615.82 4619.16 4621.82 4623.27 4624.16 4612.64 4608.61 4609.88 4616.14 4615.28 4612.6 4599.82 4592.23 4588.12 4583.96 4580.11 4576.43 4572.92 4571.22 4572.55 4577.65 4580.83 4579.99 4576.58 4570.19 4569.01 4567.33 4563
4741.59 4751.4 4747.37 4732.99 4718.52 4707.54 4703.7 4696.41 4683 4668.94 4656.84 4653.62 4648.92 4649.91 4649.01 4646.5 4644.82 4642.22 4638.78 4636.51 4634.32 4633.33 4632.83 4630.78 4630.33 4624.22 4617.41 4618.64 4635.53 4641.1 4639.08 4635.74 4631.8 4629.23 4627.88 4626.49 4625.19 4625.67 4629.34 4630 4622.65 4619.24 4615.05 4608.94 4603.71 4593.58 4590.16 4600.07 4602.3 4598.34 4592.13 4589.34 4585.97 4583.55 4581.61 4580.7 4579.89 4581.07 4586.04 4585.09 4582.58 4579.02 4574.99 4571.75 4569.95 4570.04 4568.66
4750.23 4752.86 4745.19 4730.49 4715.38 4700.89 4694.21 4688.67 4677.31 4666.95 4661.79 4655.28 4652.22 4651.97 4653.65 4655.44 4651.74 4645.11 4639.49 4640.44 4643.37 4641.8 4637.43 4631.6 4622.32 4621.53 4624.81 4630.05 4636.43 4640.49 4638.75 4635.33 4630.6 4628.1 4627.78 4628.17 4628.34 4628.74 4629.54 4627.28 4622.96 4618.5 4611.51 4604.09 4600.58 4589.5 4578.48 4586.74 4592.9 4591.46 4585.88 4586.47 4584.32 4583.38 4582.96 4584.28 4587.95 4592.19 4597.62 4590.82 4583.85 4578.96 4574.4 4573 4571.58 4573.57 4578.55
4762.55 4750.6 4739.5 4728.06 4714.35 4698.47 4678.56 4677.32 4673.45 4664.83 4655.22 4656.09 4653.3 4652.16 4656.83 4666.44 4676.18 4645.75 4636.34 4643.8 4652.56 4650.62 4643.62 4637.07 4631.86 4632.39 4634.43 4636.54 4642.39 4640.96 4638.91 4631.41 4627.18 4628.26 4629.52 4630.78 4631.66 4631.38 4624.13 4621.48 4624.25 4622.22 4615.81 4605.97 4606.74 4607.81 4588.75 4585.33 4587.6 4589.3 4590.42 4586.53 4584.05 4582.46 4582.21 4584.34 4591.15 4595.94 4597.01 4589.41 4582.66 4577.42 4574.5 4574.99 4577.49 4574.63 4571.8
4766.41 4752.7 4740.28 4727.8 4717.45 4708.35 4696.9 4683.63 4677.45 4668.06 4657.06 4663.34 4656.85 4650.57 4654.66 4660.71 4664.89 4651.38 4634.23 4644.23 4663.74 4654.57 4647.71 4643.54 4643.52 4646.01 4648.04 4651.61 4657.98 4659.41 4645.7 4627.48 4626.23 4631.47 4634.66 4635.87 4635.17 4633.96 4630.73 4632.04 4630.09 4629.78 4631.16 4628.41 4623.94 4614.54 4595.08 4591.28 4593.18 4592.42 4589.71 4585.53 4583.67 4582.18 4580.95 4580 4579.89 4580.7 4579.54 4580.79 4577.78 4574.38 4572.26 4573.44 4574.41 4575.5 4577.48
4772.78 4756.51 4739.66 4726.76 4719.24 4717.79 4720.72 4699.4 4687.79 4679.38 4673.71 4678.01 4665.34 4652.79 4651.56 4648.39 4644.56 4650.33 4638.57 4640.71 4638.92 4647.8 4647.04 4645.5 4645.37 4648.28 4655.15 4672.28 4670.42 4666.99 4658.05 4643.39 4638.76 4639.23 4639.92 4639.16 4640.15 4639.53 4636.94 4637.25 4633.89 4634.68 4637.67 4635.3 4629.48 4617.89 4598 4601.86 4608.52 4600.57 4584.36 4586.29 4584.38 4582.12 4579.43 4575.41 4569.19 4568.87 4571.5 4574.23 4573.49 4570.55 4565.59 4564.41 4566.49 4566.93 4564.65
4794.08 4771.62 4746.82 4726.71 4719.51 4719.2 4719.44 4704.8 4695.45 4690.13 4689.95 4690.96 4679.01 4663.32 4655.24 4646.91 4640.11 4642.7 4647.1 4647.2 4645.75 4647.13 4646.54 4644.57 4642.56 4642.78 4649.03 4655.61 4663.9 4673.38 4668.26 4660.74 4654.89 4647.6 4643.07 4641.07 4642.58 4644.15 4647.49 4636.13 4633.74 4634.16 4636.5 4635.3 4628.65 4614.36 4608.65 4616.04 4618.41 4607.32 4602.48 4590.78 4585.66 4582.9 4580.44 4576.68 4571.48 4570.89 4572.24 4573.33 4572.2 4569.45 4566.39 4566.23 4565.15 4561.39 4562.46
4841.88 4804.72 4747.04 4728.83 4722.28 4714.94 4706.87 4703.79 4699.15 4696.58 4694.75 4692.79 4687.34 4674.04 4665.97 4657.97 4660.76 4665.15 4662.53 4658.51 4656.1 4650.17 4647.06 4644.36 4641.7 4641.23 4640.92 4640.93 4649.08 4665.5 4667.23 4661.83 4660.46 4653.15 4647.01 4642.18 4641.63 4657.19 4653.01 4633.23 4633.13 4631.1 4629.23 4627.42 4622.61 4618.47 4610.18 4608.19 4606.55 4600.85 4588.3 4585.81 4585.68 4585.12 4584.64 4583.33 4579.88 4580.19 4578.4 4575.72 4572.93 4569.76 4567.99 4562.3 4560.76 4562.05 4566.77
4963.34 4866.84 4785.62 4755.92 4739.6 4716.48 4705.04 4704.31 4702.85 4701.72 4701.27 4700.05 4689.66 4688.47 4681.59 4675.55 4670.09 4668.05 4661.4 4657.15 4655.8 4651.34 4647.65 4644.29 4640.23 4635.1 4633.17 4635.12 4637.57 4630.83 4631.95 4651.24 4655.92 4653.35 4647.74 4639.42 4628.07 4623.19 4653.56 4644 4634.61 4627.83 4619.72 4620.09 4615.25 4613.11 4600.78 4595.73 4597.63 4594.45 4588.34 4586.11 4586.47 4587.78 4589.36 4591.08 4592.67 4588.69 4584.12 4578.95 4575.01 4570.63 4562.62 4554.98 4559.59 4560.73 4568.02
4997.43 4923.74 4865.13 4826.51 4780.24 4729.54 4706.71 4706.66 4709.35 4707.4 4703.58 4698.33 4685.56 4687.73 4694.6 4698.58 4689.62 4671.65 4661.66 4655.57 4653.06 4652.51 4649.13 4645.33 4641.75 4638.53 4636.91 4632.78 4629.99 4631.6 4637.99 4647.17 4652.79 4652.46 4649.61 4644.04 4631.8 4612.18 4648.72 4647.05 4635.32 4626.65 4623.12 4617.34 4607.09 4597.97 4591.35 4586.27 4594.89 4590.6 4588.64 4587.02 4587.56 4589.23 4591.94 4595.4 4595.58 4592.47 4585.54 4580.35 4576.79 4574.49 4572.21 4568.25 4567.55 4572.71 4568.44
4978.99 4948.12 4951.5 4916.28 4831.42 4768.18 4738.37 4730.66 4721.86 4713.74 4705.21 4692.6 4691.88 4687.53 4701.94 4724.41 4714.53 4698.28 4681.91 4668.67 4660.99 4657.53 4654.93 4651.38 4648.06 4644.07 4639.57 4638.3 4640.48 4642.13 4647.72 4650.31 4652.02 4653.73 4653.1 4653.03 4661.45 4659.18 4624.61 4633.11 4630.82 4623.87 4616.89 4610.91 4605.44 4602.5 4604.37 4583.55 4584.73 4586.91 4586.08 4586.01 4588.41 4590.29 4592.13 4595.63 4594.47 4584.28 4582 4578.66 4576.35 4576.18 4577.83 4569.1 4569.73 4565.45 4562.56
4965.52 4950.34 4954.29 4926.13 4857.18 4808.13 4778.48 4759.44 4737.75 4723.21 4714.74 4709.88 4705.7 4676.54 4698.38 4737.9 4726.61 4705.13 4678.73 4675.77 4668.06 4664.82 4663.09 4660.42 4656.28 4651.6 4648.64 4648.13 4647.44 4651.55 4652.53 4655.92 4658.41 4657.15 4656.46 4656.49 4653.61 4645.05 4631.83 4628.79 4628.33 4624.34 4619.22 4616.78 4612.08 4623.7 4608.08 4582.17 4582.69 4587.75 4589.35 4587.28 4592.8 4590.6 4587.81 4586.91 4585.91 4582.68 4578.52 4575.99 4573.93 4572.15 4572.83 4576.32 4568.77 4572.32 4563.02
5019.11 4953.04 4920.17 4885.52 4854.2 4826.25 4797.26 4776.51 4742.97 4729.22 4725.08 4726.25 4717.72 4677.7 4692.12 4730.99 4716.9 4690.71 4679.05 4681.75 4674.47 4670.48 4668.3 4665.71 4662.83 4660.34 4658.45 4660.44 4664.46 4663.71 4663.02 4663.99 4658.77 4658.71 4660.85 4656.69 4646.04 4631.36 4626.53 4629.99 4630.03 4628.31 4625.28 4622.04 4618.41 4622.14 4594.64 4591.85 4589.84 4593.5 4601.58 4609.49 4599.26 4590.92 4582.33 4571.09 4571.83 4574.53 4574.5 4572.92 4570.82 4568.98 4570.67 4573.81 4564.85 4561.02 4565.1
5034.62 4961.53 4910.14 4861.55 4849.39 4843.66 4797.48 4750.84 4733.29 4734.73 4732.93 4727.36 4717.19 4697.47 4691.75 4700.85 4705.49 4696.61 4685.28 4670.89 4681.08 4680.63 4677.18 4674.42 4671.98 4670.5 4670.1 4669.37 4672.62 4672.79 4678.01 4676.81 4673.4 4672.08 4669.56 4660.9 4650.76 4644.08 4637.23 4635.45 4632.11 4627.67 4625.14 4621.14 4613.24 4606.09 4596.81 4589.94 4593.83 4597.53 4602.57 4604.93 4597.37 4589.98 4581.86 4572.83 4571.68 4572.89 4570.82 4569.85 4569.01 4569.22 4574.11 4575.33 4570.59 4571.82 4570.89
5146.73 5056.84 4963.14 4865.1 4870.21 4874.77 4817.82 4727.05 4747.76 4756.72 4747.69 4730.79 4709.82 4690.81 4680.84 4689.2 4702.91 4718.63 4740.27 4726.46 4701.61 4690 4684.13 4681.76 4679.88 4679.06 4677.78 4676.54 4673.4 4674.55 4679.57 4682.96 4690.85 4693.8 4678.65 4664.38 4658.26 4654.24 4644.2 4634.59 4626.63 4620.92 4622.42 4623.09 4619.81 4618.6 4621.23 4595.89 4595.54 4601.76 4602.72 4593.67 4596.14 4589.62 4582.51 4583.48 4570.61 4567.13 4567.27 4567.5 4568.23 4568.62 4575.48 4579.32 4577.74 4575.54 4575.78
5350.09 5248.7 5092.67 4950.54 4934.03 4939.96 4910.74 4866 4840.28 4819.52 4782.89 4738.64 4711.5 4710.87 4695.46 4705.75 4706.24 4705.72 4721.63 4723.9 4704.28 4694.4 4688.35 4685.75 4686.18 4687.37 4692.57 4693.35 4680.25 4676.71 4673.23 4680.06 4692.86 4704.6 4674.94 4654.96 4644.97 4644.35 4639.82 4629.84 4620.49 4615.12 4624.39 4633.27 4635.82 4630.59 4631.78 4596.61 4607.08 4608.14 4610.9 4613.79 4604.06 4589.33 4575.15 4560.78 4561.56 4562.46 4564.78 4566.58 4568.7 4575.28 4579.59 4580.64 4579.5 4582.11 4580.89
5513.49 5437.56 5249.55 5082.59 5067.64 5079.31 5051.2 5013.69 4974.09 4910.81 4838.71 4770.95 4736.02 4754.44 4758.31 4740.15 4716 4689.75 4699.22 4706.48 4695.87 4692 4687.23 4685.33 4687.55 4692.85 4695.24 4691.71 4684.81 4675.02 4679.84 4669.88 4642.41 4643.06 4629.93 4635.54 4635.23 4644.35 4637.32 4629.23 4622.9 4623.18 4624.19 4632.36 4632.33 4636.78 4636.61 4608.51 4607.69 4612.8 4616.45 4619.56 4608.77 4587.97 4568.67 4556.89 4559.74 4563.19 4565.62 4566.9 4567.43 4567.93 4574.27 4581.86 4587.24 4585.91 4584.28
5573.93 5541.83 5380.91 5232.12 5205.13 5209.65 5192.31 5188.78 5130.01 5007.62 4901.69 4820.96 4792.17 4836.8 4825.33 4775.8 4735.51 4701.55 4692.69 4700.7 4690.26 4684.69 4683.7 4685.7 4688.24 4693.86 4697.01 4696.82 4686.26 4660.69 4605.59 4556.06 4561.04 4526.97 4583.66 4631.93 4646.85 4639.98 4636.86 4631.72 4621.73 4625.79 4628.43 4641.22 4636.32 4632.02 4620.9 4605.74 4614.38 4615.4 4616.08 4615.4 4603.56 4585.31 4567.65 4560.13 4568.11 4569.37 4569.39 4568.84 4567.89 4570.81 4577.18 4584.04 4589.02 4589.76 4586.85
5528.47 5521.66 5466.51 5382.19 5347.42 5313.61 5281.95 5265.2 5194.43 5070.27 4951.31 4850.54 4802.5 4850.74 4818.84 4786.37 4755.12 4731.11 4710.58 4671.7 4674.13 4670.71 4672.97 4677.66 4682.85 4690.33 4695.61 4699.47 4685.33 4650.47 4589.73 4542.35 4572.8 4587.5 4629.04 4653 4658.39 4644.75 4641.16 4638.36 4640.67 4633.24 4632.18 4634.37 4646.35 4630.38 4605.73 4611.72 4616.02 4617.37 4613.02 4604.15 4593.48 4584.2 4574.16 4571.13 4576.63 4575.79 4575.25 4574.81 4573.01 4570.13 4578.06 4586.59 4594.62 4590.54 4586.25
5476.58 5569.66 5530.16 5455.09 5388.29 5356.68 5320.2 5275 5197.52 5105.29 4993.75 4878.59 4777.74 4816.44 4802.05 4786.24 4762.48 4742.24 4710.6 4641.74 4645.7 4652.62 4660.12 4666.79 4674.19 4682.32 4689.54 4692.39 4685.13 4666.47 4637.1 4629.28 4638.97 4695.9 4695.35 4668.15 4662.13 4655.29 4646.85 4641.6 4638.42 4639.11 4643.46 4639.87 4647.45 4635.19 4624.71 4621.42 4625.31 4621.02 4612.16 4601.55 4592.09 4588.85 4584 4578.99 4578.33 4581.18 4582.73 4583.35 4584.43 4588.38 4584.62 4578.93 4578.57 4582.38 4582.35
