real_craters/C160-750m.grd
DSAA
154 154
-57.47 57.47
-57.47 57.47
2954.9688744867 5592.173610497
[rows 114 to 151 of 154, columns 0 to 83 of 154]
4663 4659 4657 4654 4651 4650 4648 4648 4644 4640 4636 4633 4631 4629 4626 4628 4627 4627 4629 4629 4626 4622 4621 4613 4616 4618 4620 4621 4623 4620 4618 4623 4623 4613 4610 4606 4603 4599 4595 4592 4590 4586 4583 4584 4589 4585 4583 4588 4586 4589 4591 4591 4591 4589 4588 4586 4584 4581 4575 4574 4580 4587 4587 4586 4584 4584 4590 4585 4582 4577 4570 4563 4557 4551 4556 4558 4560 4560 4560 4561 4560 4562 4565 4564
4668 4665 4659 4654 4650 4648 4644 4641 4641 4640 4638 4637 4635 4631 4630 4630 4633 4637 4636 4637 4636 4630 4624 4616 4616 4617 4620 4623 4620 4615 4608 4608 4610 4607 4606 4603 4600 4595 4587 4589 4589 4572 4573 4573 4575 4577 4578 4580 4578 4581 4586 4586 4585 4581 4583 4586 4584 4579 4575 4574 4577 4583 4587 4587 4588 4589 4588 4584 4580 4577 4569 4556 4544 4538 4544 4551 4557 4562 4564 4564 4562 4561 4562 4563
4669 4666 4659 4654 4649 4645 4640 4636 4639 4639 4639 4638 4637 4633 4630 4630 4636 4637 4643 4641 4635 4627 4622 4618 4615 4616 4620 4626 4628 4616 4606 4605 4605 4608 4603 4599 4595 4593 4588 4581 4571 4573 4569 4568 4571 4572 4571 4575 4577 4577 4581 4583 4582 4581 4581 4579 4577 4578 4579 4576 4572 4583 4590 4593 4591 4593 4599 4581 4573 4566 4558 4546 4537 4532 4537 4545 4554 4564 4567 4566 4561 4560 4561 4557
4661 4658 4655 4652 4649 4646 4642 4639 4640 4639 4639 4639 4638 4636 4633 4633 4628 4633 4643 4640 4637 4627 4620 4611 4612 4613 4616 4620 4623 4614 4609 4609 4603 4602 4596 4593 4590 4588 4581 4576 4574 4572 4568 4568 4571 4571 4571 4575 4580 4581 4582 4582 4581 4577 4578 4577 4576 4577 4579 4576 4571 4584 4592 4591 4591 4588 4585 4576 4561 4546 4544 4538 4533 4531 4534 4540 4549 4560 4565 4566 4565 4563 4563 4558
4654 4651 4651 4650 4649 4648 4647 4645 4642 4640 4639 4639 4640 4637 4637 4639 4643 4644 4637 4641 4655 4634 4619 4611 4610 4610 4609 4606 4603 4607 4608 4606 4601 4597 4591 4588 4583 4575 4571 4571 4569 4566 4566 4567 4569 4569 4573 4578 4583 4586 4584 4583 4583 4583 4581 4578 4577 4574 4572 4579 4589 4598 4598 4600 4589 4578 4566 4561 4549 4536 4534 4534 4532 4531 4532 4534 4538 4542 4558 4568 4566 4565 4566 4564
4653 4651 4649 4649 4648 4647 4647 4645 4643 4641 4639 4637 4634 4636 4639 4642 4643 4643 4641 4638 4639 4636 4624 4612 4610 4608 4605 4600 4601 4601 4599 4598 4597 4594 4596 4585 4578 4572 4576 4568 4565 4565 4567 4565 4566 4569 4578 4582 4583 4583 4583 4583 4582 4581 4578 4574 4574 4576 4580 4587 4595 4598 4599 4595 4582 4563 4545 4545 4541 4536 4533 4533 4532 4531 4529 4528 4528 4534 4552 4562 4560 4557 4564 4569
4653 4651 4649 4648 4646 4645 4645 4644 4642 4641 4639 4638 4636 4638 4640 4642 4645 4641 4647 4649 4643 4636 4628 4621 4614 4608 4605 4602 4601 4600 4598 4593 4591 4588 4584 4579 4574 4569 4561 4563 4565 4563 4566 4568 4565 4570 4574 4577 4579 4580 4579 4581 4581 4578 4575 4573 4573 4583 4591 4597 4599 4600 4598 4595 4577 4555 4541 4541 4538 4535 4534 4534 4534 4531 4527 4524 4523 4529 4548 4562 4555 4550 4559 4565
4652 4649 4648 4646 4645 4643 4642 4641 4641 4640 4639 4640 4641 4642 4640 4638 4636 4641 4647 4647 4644 4640 4636 4626 4617 4610 4606 4603 4599 4598 4594 4589 4585 4583 4577 4573 4570 4565 4564 4564 4562 4562 4566 4567 4569 4571 4573 4570 4568 4569 4576 4578 4578 4577 4581 4585 4587 4593 4603 4607 4612 4604 4593 4577 4561 4548 4540 4538 4537 4534 4534 4533 4532 4529 4525 4522 4521 4525 4538 4548 4550 4548 4555 4555
4649 4647 4646 4645 4643 4642 4640 4640 4640 4640 4639 4640 4641 4641 4639 4638 4637 4638 4645 4643 4644 4642 4638 4625 4617 4610 4604 4599 4596 4594 4591 4588 4588 4588 4579 4571 4570 4570 4568 4567 4567 4567 4566 4565 4567 4566 4568 4569 4569 4572 4576 4580 4579 4581 4595 4596 4579 4573 4581 4594 4618 4605 4586 4566 4552 4542 4536 4539 4538 4537 4534 4532 4530 4528 4525 4522 4521 4523 4529 4538 4546 4550 4553 4551
4647 4646 4644 4643 4642 4641 4641 4640 4639 4638 4638 4637 4637 4636 4635 4635 4630 4632 4638 4642 4637 4626 4621 4622 4617 4610 4602 4594 4594 4594 4591 4592 4587 4589 4575 4572 4571 4570 4568 4568 4568 4571 4573 4571 4571 4568 4569 4571 4568 4576 4581 4584 4583 4581 4581 4567 4543 4535 4546 4555 4556 4582 4571 4558 4549 4538 4531 4534 4534 4534 4533 4532 4530 4528 4525 4523 4521 4521 4523 4531 4542 4552 4555 4552
4645 4644 4643 4642 4640 4639 4637 4638 4637 4636 4636 4635 4634 4631 4631 4629 4628 4625 4626 4629 4627 4621 4623 4622 4617 4611 4602 4594 4594 4597 4588 4577 4573 4574 4573 4571 4573 4573 4571 4569 4572 4576 4576 4571 4571 4571 4575 4573 4577 4579 4584 4591 4590 4577 4559 4535 4511 4511 4524 4522 4529 4546 4544 4543 4541 4530 4525 4529 4529 4530 4531 4531 4531 4528 4525 4524 4525 4521 4520 4526 4536 4549 4553 4549
4647 4645 4643 4641 4639 4639 4638 4636 4636 4635 4634 4634 4633 4633 4629 4625 4626 4621 4615 4611 4624 4632 4630 4623 4617 4612 4607 4597 4593 4587 4583 4577 4574 4578 4575 4573 4574 4574 4574 4573 4577 4576 4574 4573 4571 4574 4579 4580 4573 4579 4585 4592 4598 4576 4551 4509 4499 4502 4508 4500 4500 4502 4511 4519 4521 4515 4511 4521 4527 4528 4529 4529 4529 4527 4524 4521 4518 4517 4516 4521 4528 4535 4541 4544
4646 4645 4642 4640 4637 4635 4634 4634 4634 4633 4632 4631 4631 4631 4626 4622 4620 4618 4614 4613 4626 4633 4628 4621 4615 4611 4610 4601 4592 4588 4582 4578 4578 4576 4575 4575 4576 4577 4577 4579 4580 4580 4577 4571 4570 4579 4584 4579 4580 4580 4582 4583 4586 4572 4552 4525 4506 4503 4500 4494 4493 4478 4487 4496 4500 4500 4498 4508 4521 4527 4530 4529 4527 4525 4523 4519 4516 4515 4515 4517 4520 4524 4532 4549
4648 4645 4643 4640 4636 4632 4631 4632 4632 4631 4630 4629 4627 4624 4621 4619 4616 4614 4612 4618 4625 4630 4624 4617 4609 4608 4602 4591 4587 4584 4582 4581 4581 4577 4580 4582 4577 4577 4577 4579 4582 4580 4577 4574 4574 4572 4576 4576 4578 4583 4586 4582 4579 4570 4553 4533 4513 4512 4500 4488 4476 4474 4480 4489 4493 4496 4497 4505 4522 4537 4537 4532 4527 4524 4521 4518 4515 4514 4513 4514 4515 4519 4529 4538
4649 4646 4643 4640 4637 4634 4632 4632 4631 4630 4628 4627 4624 4621 4617 4614 4614 4615 4615 4620 4623 4621 4618 4616 4616 4609 4600 4591 4587 4585 4582 4581 4578 4577 4579 4580 4582 4580 4578 4573 4576 4580 4578 4571 4570 4572 4580 4579 4584 4591 4599 4598 4590 4573 4550 4525 4515 4512 4501 4481 4474 4472 4483 4503 4507 4507 4507 4514 4559 4564 4547 4529 4522 4520 4518 4517 4515 4512 4511 4510 4510 4511 4514 4529
4649 4645 4642 4640 4638 4639 4635 4632 4630 4629 4627 4625 4622 4617 4613 4610 4614 4615 4616 4617 4606 4603 4608 4611 4614 4609 4605 4594 4586 4582 4582 4582 4583 4580 4583 4584 4586 4584 4579 4577 4580 4581 4581 4568 4568 4573 4586 4591 4593 4598 4609 4633 4610 4573 4544 4525 4517 4514 4502 4478 4484 4499 4521 4549 4550 4540 4525 4536 4614 4590 4554 4526 4518 4516 4515 4516 4514 4512 4510 4508 4507 4507 4508 4515
4646 4644 4641 4638 4636 4635 4633 4631 4630 4627 4625 4622 4621 4619 4618 4615 4613 4614 4614 4607 4600 4600 4603 4605 4604 4604 4604 4598 4589 4584 4583 4583 4582 4586 4590 4590 4589 4587 4583 4580 4583 4582 4578 4573 4575 4581 4587 4594 4597 4595 4596 4601 4588 4562 4534 4509 4511 4508 4495 4478 4509 4585 4655 4605 4583 4565 4547 4541 4596 4578 4547 4523 4517 4516 4517 4516 4513 4511 4509 4507 4505 4505 4506 4507
4644 4641 4639 4636 4634 4630 4631 4629 4628 4626 4624 4622 4621 4621 4622 4616 4614 4610 4610 4608 4607 4603 4602 4600 4598 4597 4601 4597 4586 4584 4584 4585 4587 4590 4589 4593 4592 4589 4588 4591 4581 4582 4581 4577 4583 4591 4594 4594 4596 4587 4577 4566 4564 4551 4529 4503 4494 4499 4487 4480 4525 4599 4642 4614 4582 4569 4563 4579 4539 4543 4534 4521 4518 4518 4521 4522 4517 4511 4508 4506 4505 4505 4504 4504
4640 4640 4638 4636 4633 4631 4630 4629 4627 4625 4622 4620 4619 4617 4619 4615 4614 4613 4615 4613 4613 4607 4602 4599 4596 4595 4594 4591 4590 4586 4587 4588 4589 4592 4591 4595 4592 4589 4586 4583 4587 4588 4588 4592 4596 4594 4594 4597 4590 4577 4568 4561 4555 4548 4537 4524 4511 4510 4502 4506 4536 4575 4601 4575 4549 4528 4557 4570 4529 4527 4526 4522 4521 4520 4522 4523 4518 4509 4507 4506 4505 4505 4504 4500
4638 4639 4638 4636 4634 4632 4630 4629 4627 4625 4623 4620 4618 4615 4613 4625 4618 4613 4614 4609 4606 4606 4601 4597 4593 4591 4589 4589 4588 4592 4593 4592 4593 4592 4599 4595 4594 4591 4586 4592 4598 4596 4597 4602 4599 4596 4595 4594 4573 4567 4563 4558 4556 4554 4552 4552 4548 4548 4544 4547 4547 4542 4519 4529 4530 4532 4550 4560 4527 4528 4526 4524 4523 4521 4518 4513 4512 4509 4507 4505 4505 4504 4502 4499
4640 4639 4638 4636 4633 4632 4631 4629 4627 4625 4622 4620 4619 4617 4618 4621 4618 4617 4611 4602 4599 4602 4599 4595 4590 4587 4587 4588 4591 4600 4609 4615 4609 4600 4602 4602 4598 4595 4591 4592 4583 4598 4603 4596 4593 4596 4593 4581 4566 4563 4563 4561 4559 4559 4562 4570 4587 4577 4578 4579 4557 4535 4516 4521 4533 4548 4545 4534 4529 4531 4530 4527 4524 4520 4516 4512 4510 4508 4506 4505 4504 4503 4502 4499
4639 4639 4638 4638 4636 4635 4633 4631 4629 4630 4623 4621 4619 4617 4615 4614 4613 4613 4604 4600 4600 4597 4595 4592 4588 4586 4589 4589 4593 4607 4624 4638 4641 4611 4611 4614 4602 4600 4600 4591 4596 4587 4588 4590 4589 4578 4565 4561 4562 4562 4563 4561 4560 4561 4564 4568 4571 4574 4575 4574 4557 4542 4535 4533 4536 4539 4542 4540 4532 4533 4531 4529 4524 4520 4516 4512 4510 4509 4507 4505 4503 4502 4499 4497
4637 4638 4638 4640 4644 4640 4635 4632 4630 4628 4627 4627 4624 4622 4617 4604 4607 4600 4598 4600 4595 4596 4595 4592 4589 4587 4590 4588 4595 4614 4638 4666 4707 4766 4649 4610 4606 4601 4599 4591 4586 4586 4578 4572 4562 4556 4555 4557 4560 4561 4560 4558 4558 4560 4562 4563 4563 4564 4563 4560 4553 4547 4543 4542 4543 4547 4547 4543 4536 4533 4532 4529 4525 4520 4516 4512 4510 4508 4506 4504 4502 4500 4498 4495
4636 4636 4636 4638 4640 4638 4634 4632 4630 4628 4627 4625 4624 4620 4611 4606 4602 4603 4601 4608 4607 4603 4599 4594 4591 4591 4596 4595 4602 4620 4641 4667 4706 4747 4680 4599 4597 4588 4587 4574 4566 4559 4555 4549 4555 4553 4553 4555 4556 4556 4555 4554 4555 4556 4558 4559 4560 4558 4558 4555 4552 4550 4548 4546 4548 4550 4548 4541 4535 4534 4531 4529 4525 4521 4516 4512 4508 4505 4504 4503 4501 4499 4497 4494
4632 4632 4632 4631 4632 4631 4631 4630 4629 4627 4626 4625 4625 4627 4626 4607 4602 4606 4610 4616 4613 4608 4604 4602 4599 4594 4601 4608 4612 4620 4631 4641 4640 4599 4578 4589 4587 4572 4559 4556 4551 4547 4548 4551 4554 4552 4551 4550 4552 4554 4551 4550 4551 4552 4554 4555 4554 4555 4554 4555 4554 4552 4551 4550 4549 4548 4545 4539 4533 4534 4533 4532 4527 4521 4515 4511 4508 4505 4503 4502 4500 4499 4496 4493
4627 4628 4628 4627 4624 4627 4628 4627 4626 4624 4623 4622 4621 4618 4611 4601 4604 4609 4611 4616 4612 4607 4607 4606 4606 4604 4606 4617 4613 4611 4616 4614 4599 4574 4567 4567 4567 4565 4559 4552 4550 4550 4550 4550 4552 4551 4549 4548 4549 4550 4550 4548 4548 4550 4551 4552 4553 4556 4557 4558 4556 4555 4553 4552 4549 4546 4543 4538 4532 4540 4543 4533 4527 4523 4518 4512 4508 4504 4502 4501 4499 4498 4496 4493
4620 4623 4625 4627 4627 4626 4625 4623 4622 4621 4618 4617 4615 4612 4608 4607 4605 4610 4614 4606 4611 4618 4609 4607 4609 4613 4605 4609 4604 4601 4597 4588 4578 4570 4567 4562 4565 4564 4560 4553 4550 4549 4551 4553 4550 4552 4550 4547 4548 4547 4547 4546 4546 4547 4548 4549 4551 4556 4561 4558 4558 4556 4554 4552 4549 4546 4542 4537 4532 4532 4530 4530 4526 4522 4522 4513 4507 4504 4501 4499 4498 4497 4494 4492
4619 4622 4623 4626 4626 4624 4622 4620 4618 4616 4615 4616 4614 4612 4611 4611 4609 4610 4612 4615 4611 4607 4605 4604 4602 4600 4610 4606 4593 4588 4582 4578 4572 4568 4567 4564 4562 4561 4557 4554 4551 4551 4551 4552 4550 4549 4547 4548 4546 4545 4543 4543 4544 4545 4546 4547 4549 4553 4558 4560 4559 4557 4554 4552 4549 4546 4543 4536 4531 4530 4528 4527 4524 4520 4515 4510 4505 4502 4500 4498 4496 4495 4492 4490
4618 4620 4620 4622 4622 4621 4619 4618 4616 4613 4611 4609 4608 4610 4614 4608 4612 4610 4611 4612 4608 4605 4601 4596 4593 4592 4579 4576 4581 4579 4577 4574 4570 4566 4563 4562 4560 4558 4559 4555 4552 4549 4550 4551 4549 4548 4546 4545 4544 4542 4541 4541 4542 4542 4543 4545 4547 4551 4556 4561 4559 4556 4553 4550 4547 4546 4544 4536 4532 4529 4527 4524 4521 4517 4513 4508 4504 4501 4498 4496 4495 4493 4491 4489
4616 4618 4617 4616 4616 4617 4615 4614 4612 4609 4607 4604 4601 4596 4594 4598 4603 4601 4599 4599 4598 4598 4592 4587 4580 4572 4570 4570 4573 4573 4572 4570 4568 4565 4562 4558 4558 4558 4558 4554 4551 4549 4549 4549 4547 4545 4543 4542 4543 4543 4540 4540 4540 4541 4542 4543 4545 4550 4552 4558 4558 4555 4552 4549 4546 4544 4542 4538 4535 4533 4528 4523 4519 4515 4510 4505 4501 4499 4497 4495 4493 4491 4489 4488
4614 4615 4616 4617 4615 4614 4613 4611 4609 4606 4604 4601 4597 4592 4590 4590 4592 4590 4587 4584 4584 4579 4582 4580 4576 4572 4570 4570 4572 4571 4570 4569 4567 4564 4561 4557 4557 4557 4554 4553 4551 4550 4550 4549 4547 4545 4542 4542 4542 4541 4540 4539 4539 4539 4539 4541 4542 4545 4552 4555 4556 4554 4552 4549 4547 4545 4542 4540 4538 4535 4529 4523 4518 4513 4508 4503 4500 4497 4496 4494 4492 4491 4488 4486
4612 4614 4614 4614 4613 4612 4611 4610 4608 4605 4603 4599 4596 4592 4590 4590 4589 4590 4587 4583 4579 4576 4578 4577 4574 4573 4570 4572 4571 4570 4570 4568 4566 4564 4561 4558 4555 4554 4552 4552 4551 4556 4557 4551 4547 4547 4544 4541 4541 4540 4538 4538 4537 4537 4537 4537 4539 4542 4549 4553 4552 4553 4552 4550 4548 4547 4544 4541 4541 4540 4531 4524 4518 4511 4505 4501 4498 4496 4494 4492 4491 4489 4487 4485
4611 4612 4612 4612 4610 4610 4608 4607 4605 4603 4601 4598 4595 4593 4591 4592 4591 4593 4600 4582 4578 4575 4577 4576 4575 4574 4574 4573 4571 4569 4568 4566 4565 4563 4560 4559 4555 4554 4552 4552 4551 4553 4551 4548 4546 4546 4544 4541 4541 4539 4538 4537 4537 4536 4535 4535 4538 4541 4550 4550 4548 4549 4549 4550 4550 4547 4544 4542 4541 4537 4534 4526 4518 4509 4503 4500 4497 4495 4493 4491 4489 4487 4485 4484
4610 4611 4610 4608 4608 4607 4606 4605 4604 4602 4600 4598 4596 4594 4593 4593 4591 4591 4586 4581 4577 4575 4577 4576 4573 4572 4572 4572 4570 4568 4567 4565 4564 4562 4560 4558 4556 4556 4554 4554 4557 4552 4549 4548 4546 4545 4544 4542 4541 4538 4538 4537 4536 4534 4533 4533 4537 4540 4545 4547 4544 4546 4547 4549 4550 4548 4545 4542 4540 4536 4534 4529 4520 4509 4503 4498 4496 4494 4492 4490 4487 4486 4485 4484
4609 4608 4607 4606 4606 4606 4605 4604 4603 4601 4600 4599 4598 4595 4593 4592 4590 4589 4585 4582 4577 4574 4574 4575 4573 4571 4571 4568 4569 4568 4567 4565 4564 4563 4562 4561 4558 4557 4556 4553 4550 4550 4551 4550 4546 4545 4544 4542 4540 4538 4539 4538 4536 4534 4532 4532 4535 4538 4548 4543 4541 4543 4545 4547 4548 4546 4543 4541 4539 4535 4534 4532 4524 4515 4506 4501 4496 4494 4492 4489 4486 4485 4484 4483
4607 4603 4602 4604 4604 4604 4603 4602 4602 4601 4600 4600 4600 4598 4594 4591 4589 4587 4584 4580 4578 4575 4575 4575 4574 4573 4574 4571 4569 4568 4566 4565 4564 4562 4561 4560 4558 4557 4556 4553 4550 4549 4548 4550 4547 4547 4544 4542 4540 4538 4539 4538 4537 4535 4533 4532 4534 4535 4536 4539 4540 4541 4542 4544 4546 4544 4541 4538 4536 4532 4531 4532 4528 4521 4511 4502 4498 4495 4493 4490 4488 4485 4484 4482
4605 4602 4602 4602 4603 4603 4602 4602 4601 4600 4600 4599 4598 4597 4594 4592 4590 4587 4584 4582 4578 4575 4572 4575 4573 4574 4575 4572 4570 4568 4566 4565 4563 4561 4560 4560 4558 4556 4557 4553 4551 4550 4549 4549 4549 4546 4546 4542 4540 4539 4540 4539 4537 4535 4533 4533 4533 4533 4535 4535 4536 4537 4539 4541 4542 4541 4537 4534 4533 4529 4527 4531 4530 4527 4517 4507 4502 4498 4494 4491 4488 4485 4484 4482
4605 4600 4600 4602 4602 4601 4601 4600 4600 4599 4598 4598 4598 4596 4592 4590 4588 4586 4583 4583 4578 4575 4575 4576 4575 4574 4574 4574 4571 4566 4565 4563 4562 4561 4562 4560 4558 4557 4555 4554 4553 4551 4550 4548 4548 4547 4545 4543 4542 4541 4540 4539 4537 4535 4533 4532 4531 4531 4531 4533 4534 4534 4536 4536 4536 4535 4532 4530 4528 4525 4524 4527 4527 4526 4523 4517 4508 4501 4494 4489 4485 4483 4483 4481
