real_craters/C160-300m.grd
DSAA
384 384
-57.47 57.47
-57.47 57.47
2880.7710157867 5595.3204362222
[rows 120 to 149 of 384, columns 201 to 267 of 384]
4841.44 4830.65 4823.11 4823.04 4833.21 4847.48 4852.84 4854.45 4854.34 4849.91 4831.07 4796.38 4776.06 4755.32 4733.95 4721.74 4726.49 4739.31 4752.32 4753.11 4746.39 4747.46 4750.73 4752.24 4752.49 4748.32 4740.23 4731.49 4722.45 4713.4 4704.41 4695.3 4692.65 4693.01 4686.52 4680.01 4673.53 4667.64 4663.02 4663.25 4658.19 4655.26 4652.8 4651.81 4652.2 4653.32 4654.86 4656.19 4655 4652.08 4647.34 4643.78 4639.56 4639.3 4641.14 4643.29 4644.31 4642.66 4640.13 4637.13 4633.52 4629.09 4623.13 4619.66 4622.42 4624.36 4626.87
4872.33 4869.33 4870.88 4885.86 4885.98 4884.88 4881.77 4878.27 4874.7 4868.54 4851.77 4827.79 4805.09 4783.48 4761.62 4736.32 4732.83 4756.21 4779.21 4779.89 4772.99 4766.06 4759.59 4754.7 4749.33 4742.3 4737.17 4729.76 4721.48 4712.55 4702.67 4691.63 4682.71 4680.37 4679.49 4676.25 4671.49 4666.11 4661.37 4658.53 4658.42 4657.84 4655.33 4652.88 4652.8 4654.7 4658.19 4663.33 4669.49 4671.13 4652.8 4638.71 4636.15 4639.24 4643.8 4648.31 4650.6 4648.45 4644.64 4640.65 4636.56 4632.14 4627.67 4625.16 4627.79 4629.89 4631.13
4895.08 4929.4 4976.43 4976.53 4944.35 4921.07 4907.17 4898.64 4892.17 4887.35 4885.34 4858.02 4836.25 4818.95 4798.47 4756.91 4744.02 4777.17 4806.3 4801.13 4790.92 4778.9 4765.96 4757.17 4750.04 4743.51 4736.28 4728.88 4721.35 4713.52 4704.85 4695.41 4681.06 4674.94 4677.13 4675.3 4671.21 4665.63 4659.03 4651.67 4652.88 4657.14 4654.48 4651.4 4652.08 4655.12 4659.61 4665.91 4674.33 4673.16 4651.71 4641.04 4636.39 4639.41 4646.09 4653.07 4655.6 4652.92 4648.43 4644.11 4640.35 4637.43 4635.85 4636.57 4637.09 4637.61 4638.32
4876.71 4931.86 5007.72 4999.6 4966.82 4940.82 4924.15 4913.53 4904.59 4894.82 4876.51 4870.37 4866.78 4862.84 4844.57 4805.08 4782.09 4803.45 4820.03 4808.24 4791.7 4777.13 4767.4 4758.54 4751.27 4744.94 4735.87 4728.61 4721.97 4715.42 4709.45 4704.02 4696.57 4685.09 4681.64 4678.21 4673.59 4667.9 4661.22 4654.36 4657.13 4664.68 4657.23 4651.1 4651.16 4653.59 4657.34 4661.91 4666.72 4666.56 4657.43 4642.19 4634.09 4638.69 4646.61 4657.78 4661.43 4655.26 4650.33 4646.54 4643.61 4642.03 4642.41 4644.96 4645.03 4645.72 4647.3
4804.66 4857.65 4912.06 4951.03 4946.45 4935.37 4927.48 4922.02 4916.04 4906.86 4896.09 4885.5 4907.61 4925.98 4920.35 4886.12 4850.54 4836.24 4823.25 4806 4789.7 4776.39 4768.78 4760.4 4751.54 4741.27 4733.98 4727.55 4721.8 4718 4714.56 4711.78 4702.22 4694.76 4689.99 4684.48 4679.05 4673.43 4667.77 4663.34 4664.86 4668.28 4660.99 4651.02 4650.54 4651.67 4653.1 4654.22 4654.4 4657.12 4656.42 4644.26 4634.74 4638.07 4643.27 4649.03 4653.7 4652.15 4649.67 4647.33 4645.26 4644.41 4645.25 4647.54 4649.56 4651.42 4656.18
4697.95 4750.93 4804.22 4864.99 4900.34 4911.96 4920.09 4926.8 4931.5 4930.25 4922.43 4930.2 4980.76 5015.39 5015.43 4985.13 4938.99 4871.17 4822.1 4803.89 4792.9 4783.56 4775.06 4765.48 4755.15 4744.81 4735.45 4727.73 4722.1 4718.7 4717.93 4719.93 4720.73 4707.8 4698.04 4690.7 4685.11 4680.57 4676.73 4674.43 4675.07 4681.88 4667.99 4655.18 4653.15 4652.18 4650.87 4648.2 4644.21 4643.38 4649.06 4644.68 4639.15 4639.65 4641.05 4640.1 4642.99 4647.42 4647.81 4646.69 4645.86 4645.05 4645.12 4646.16 4647.48 4652.12 4660.01
4588.84 4641.44 4693.51 4778.92 4843.58 4875.9 4902.13 4925.99 4949.48 4969.38 4985.28 5042.83 5098.04 5123.24 5120.92 5073.46 5016.52 4895.57 4823 4809.83 4803.91 4798.09 4786.99 4775.23 4762.68 4750.78 4738.39 4727.88 4722.02 4719.4 4719.37 4722.33 4724.35 4712.53 4703.15 4695.91 4690.65 4687.02 4685.46 4686.94 4692.17 4683.19 4675.6 4666.77 4658.95 4654.67 4650.97 4646.46 4641.09 4637.21 4640.68 4642.89 4643.2 4643.96 4644.07 4644.12 4645.07 4646.62 4647.01 4646.4 4645.51 4644.38 4643.22 4641.52 4642.51 4648.95 4655.84
4499.48 4549.36 4602.62 4707.98 4786.82 4834.7 4878.06 4920.72 4966.83 5017.46 5079.2 5152.31 5197.58 5216.31 5201.07 5128.22 5033.9 4914.68 4846.65 4833.96 4826.2 4814.54 4804.63 4791.63 4774.18 4755.25 4738.9 4727.43 4721.98 4719.19 4718.05 4718.3 4716 4709.38 4703.61 4698.37 4694.82 4692.32 4691.24 4691.47 4690.73 4691.61 4684.03 4672.71 4664.65 4659.53 4654.61 4649.59 4644.46 4644.9 4647.32 4649.46 4650.91 4650.95 4649.95 4648.09 4647.92 4647.97 4647.19 4646.16 4644.94 4643.59 4642.29 4641.34 4642.29 4645.18 4648.49
4438.24 4485.57 4538.78 4644.11 4729.07 4790.65 4848.84 4909.74 4976.55 5053.13 5137.23 5209.02 5249.07 5268.7 5245.45 5166.96 5065.31 4961.67 4901.5 4880.8 4866.04 4849.17 4834.78 4818.97 4792.76 4760.84 4736.39 4728.24 4724.32 4720.7 4717.06 4713.91 4707.48 4704.75 4703.14 4700.01 4697.43 4695.69 4694.93 4693.6 4691.05 4695.45 4688.88 4677.73 4671.24 4666.35 4661.46 4656.63 4654.61 4660.52 4663.96 4663 4661.15 4658.72 4657.09 4655.92 4652.68 4650.02 4648.09 4646.38 4644.93 4643.49 4642.06 4640.82 4641.19 4641.88 4642.01
4400.77 4447.84 4503.61 4588.12 4676.67 4742.82 4812.71 4888.01 4969.93 5061.05 5163.01 5250.62 5271.62 5282.56 5259.09 5201.7 5128.38 5038.24 4973.01 4942.91 4924.45 4898.87 4884.4 4861.77 4822.18 4778.27 4744.74 4737.37 4732.77 4726.31 4718.49 4711.56 4709.59 4708.16 4703.39 4701.58 4700.24 4699.15 4698.41 4697.56 4696.38 4692.26 4687.42 4683.79 4679.61 4675.1 4670.44 4665.54 4662.33 4664.47 4665.45 4666.55 4665.43 4661.86 4660.36 4660.31 4655.28 4651.49 4649.03 4646.94 4644.84 4642.77 4640.87 4639.6 4639.63 4637.77 4636.81
4374.39 4420.7 4473.83 4532.63 4615.97 4689.11 4769.06 4853.34 4941.85 5038.83 5144.19 5243.78 5284.87 5301.53 5277.93 5226.74 5165.48 5097.03 5036.01 5004.96 4993.07 5003.05 4983.79 4916.75 4861.37 4810.93 4772.59 4760.21 4751.27 4738.61 4723.91 4710.07 4704.63 4704.46 4703.53 4703.66 4703.11 4702.44 4702.12 4701.7 4701.86 4695.84 4690.21 4689.47 4688.34 4684.27 4681.03 4677.62 4673.73 4670.43 4667.92 4667.48 4661.19 4657.78 4656.3 4655.77 4653.92 4651.51 4649.24 4647.1 4645.03 4642.8 4640.4 4637.88 4633.74 4631.98 4633.71
4352.78 4395.08 4437.44 4474.68 4541.83 4633.56 4723.62 4810.41 4898.76 4989.98 5084.46 5176.12 5264.65 5302.88 5288.77 5241.78 5175.19 5108.39 5074.4 5051.04 5039.74 5037.26 5007.09 4951 4898.51 4853.76 4813.54 4799.48 4782.24 4759.43 4734.91 4714.64 4705.64 4705.69 4705.01 4706.29 4706.44 4705.58 4704.3 4702.87 4701.32 4694.89 4688.63 4690.51 4692.95 4690.85 4691.39 4691.71 4688.26 4680.99 4672.42 4660.62 4657.76 4654.84 4652.41 4651.21 4652.69 4651.91 4650.14 4647.76 4645.57 4643.29 4640.77 4637.88 4634.76 4633.76 4634.03
4339.79 4375.84 4410.54 4446.94 4504.74 4594.84 4682.62 4767.89 4851.41 4933.4 5009.43 5082.01 5201.05 5287.44 5289.95 5260.92 5206.14 5139.6 5115.03 5088.39 5062.65 5034.89 5002.29 4961.71 4928.04 4902.85 4884.16 4857.1 4822.91 4787.23 4751.95 4718.35 4711.07 4706.4 4710.41 4711.66 4711.04 4708.89 4706.23 4702.61 4699.59 4693.01 4685.25 4687.12 4687.73 4694.22 4700.73 4704.63 4702.17 4693.45 4681.27 4672.77 4668.57 4663.59 4658.65 4655.27 4654.37 4652.91 4652.21 4650.12 4648.17 4645.15 4643.07 4641.17 4640.25 4639.82 4636.13
4338.32 4366.28 4400.41 4446.82 4510.19 4577.43 4650.63 4727.39 4806.28 4882.58 4950.22 5010.35 5137.98 5247.25 5285.54 5290.11 5270.79 5228.48 5170.83 5123.05 5077.66 5031.2 4988.66 4959.32 4945.42 4942.13 4947.76 4913.57 4862.23 4816.96 4777.59 4744.91 4733.05 4726.86 4725.34 4721.91 4717.25 4712.88 4708.36 4703.36 4696.61 4691.15 4692.39 4688.37 4687.46 4696.01 4708.86 4721.02 4718.47 4708.92 4697.96 4692.49 4682.3 4675.55 4666.79 4661.42 4658.3 4656.33 4655.49 4653.54 4651.61 4649.11 4647.25 4644.96 4642.61 4639.76 4638.35
4342.44 4356.48 4389.18 4442.55 4509.36 4558.1 4617.68 4690.86 4769.57 4847.96 4920.72 4991.95 5096.64 5214.4 5287.6 5322.51 5329.63 5284.37 5217.98 5156.81 5094.05 5027.2 4962.3 4950.17 4950.59 4957.38 4968.78 4940.66 4885.39 4839.92 4804.24 4778.99 4761.69 4756.57 4744.69 4734.04 4725.53 4718.96 4712.68 4706.79 4699.05 4692.32 4695.02 4688.82 4682.61 4692.75 4713.28 4731.18 4729.94 4721.7 4715.96 4696.86 4681.31 4672.05 4668.23 4665.25 4662.81 4662.26 4660.46 4658.65 4656.77 4654.37 4651.65 4649.14 4646.4 4643.58 4642.76
4337.84 4336.52 4365.5 4422.99 4472.09 4512.7 4575.95 4652.68 4738.37 4826.73 4914.47 5009.92 5116.78 5224.63 5304.56 5356.03 5373.98 5329.45 5262.76 5192.25 5117.5 5042.5 4973.84 4954.09 4950.14 4951.11 4950.69 4928.88 4887.34 4850.83 4821.53 4798.45 4781.95 4771.06 4757.04 4744.15 4732.46 4724.62 4718.04 4714.14 4711.57 4712.53 4707.38 4690.87 4674.02 4685.47 4714.09 4737.97 4734.38 4723.78 4711.8 4691.09 4678.81 4682.17 4675.25 4670.09 4667.79 4665.64 4664.75 4663.08 4661.01 4658.92 4656.8 4654.3 4651.78 4649.92 4649.06
4291.08 4284.02 4313.29 4365.01 4403.08 4446.57 4526.05 4618.02 4714.84 4814.87 4917.49 5025.26 5141.36 5247.13 5330.34 5391.51 5421.48 5387.29 5308.57 5226.43 5146.48 5071.42 5012.65 4972.54 4949.18 4936.25 4923.18 4902.95 4875.96 4852.04 4831.36 4811.85 4794.56 4779.97 4765.19 4749.93 4736.52 4728.02 4723.57 4721.61 4721.73 4722.3 4715.61 4695.19 4669.86 4679.39 4712.06 4737.37 4730.92 4718.02 4700.55 4685.9 4680.65 4684.18 4682.63 4674.62 4671.11 4669.82 4666.85 4665.31 4664.03 4662.29 4660.74 4658.94 4657.1 4655.87 4655.4
4204.98 4209.69 4240.61 4278.84 4316.74 4381.09 4479.36 4587.73 4700.04 4812.06 4923.38 5036.87 5153.49 5270.38 5355.3 5421.94 5457.18 5415.33 5334.74 5254.88 5175.16 5097.65 5031.38 4980.51 4947.69 4924.05 4900.34 4876.62 4861.92 4850 4838.43 4820.65 4801.5 4788.59 4772.51 4748.69 4735.83 4730.26 4727.56 4726.7 4727.49 4729.17 4721.14 4702.61 4677.43 4680.31 4706.71 4724.96 4720.96 4710.88 4697.69 4685.39 4676.24 4671.41 4672.28 4674.42 4673.75 4673.43 4672.26 4670.32 4668.7 4667.12 4665.11 4663.9 4662.95 4662.71 4663.06
4131.49 4150.98 4175.94 4205.68 4242.73 4325.44 4443.85 4566.55 4690.69 4813.25 4930.79 5046.7 5158.31 5277.72 5376.02 5445.27 5473.49 5426.99 5350.68 5282.34 5207.06 5125.25 5041.88 4982.03 4952.65 4923.93 4891.78 4866.83 4851.79 4849.29 4848.67 4829.39 4801.6 4775.66 4753.25 4737.56 4733.65 4733.44 4732.6 4731.26 4729.17 4726.15 4719.6 4707.63 4693.57 4691.66 4696.1 4705.88 4707.79 4705.66 4699.14 4689.25 4678.59 4670.38 4668.35 4677.37 4680.17 4679.83 4677.77 4675.41 4673.77 4672.14 4670.87 4669.88 4669.18 4669.18 4670.04
4084.83 4102.29 4123.17 4147.59 4187.14 4299.72 4425.93 4556.28 4686.45 4817.06 4944.35 5062.83 5176.51 5304.1 5399.47 5465.49 5492.73 5446.4 5377.68 5319.36 5251.22 5171.48 5078.03 5005.73 4984.21 4946.77 4898.12 4850.66 4847.62 4854.83 4853.66 4837.48 4804.43 4760.87 4721.96 4727.03 4736.73 4741.34 4741.38 4737.55 4730.83 4720.67 4712.38 4702.24 4695.13 4688.75 4677.37 4683.33 4697.52 4703.98 4708.47 4714.88 4715.92 4703.95 4692.83 4691.27 4688.69 4685.3 4682.52 4680.92 4679.16 4677.79 4676.72 4675.73 4674.98 4673.13 4670.54
4050.01 4064.75 4084.48 4112.08 4160.9 4290.92 4419.22 4551.06 4685.1 4822.32 4958.37 5087.02 5207.72 5341.75 5420.44 5476.83 5503 5470.5 5420.93 5367.81 5311.96 5246.71 5171.57 5106.25 5059.19 5002.29 4934.15 4873.71 4863.6 4876.53 4886.58 4864.36 4827.9 4778.57 4726.53 4744.02 4757.96 4760.15 4756.62 4747.58 4736.41 4726.5 4712.28 4696.91 4689.07 4680.41 4685.35 4689.45 4696.9 4704.6 4713.53 4725.96 4739.03 4734.89 4724.25 4707.64 4698.01 4691.08 4686.87 4684.14 4682.79 4680.97 4680.46 4680.56 4679.75 4679.63 4677.46
4019.29 4033.24 4055.93 4091.52 4146.53 4279.9 4413.4 4544.26 4681.72 4824.41 4971.56 5117.62 5245.14 5361.37 5428.86 5473.46 5493.26 5479.63 5441.97 5419.87 5385.21 5340.67 5292.14 5241.28 5168.09 5085.7 4998.28 4923.18 4901.03 4910.75 4924.2 4907.34 4878.06 4841.02 4808.05 4802.93 4802.43 4795.93 4783.15 4764.38 4744.2 4725.61 4712.89 4708.3 4699.61 4691.05 4692.73 4698.24 4702.16 4705.4 4709.64 4718.53 4730.12 4740.45 4730.66 4711.91 4701.96 4696.27 4690.72 4688.11 4686.66 4683.85 4683.97 4684.54 4685.7 4687.58 4689.91
3983.61 3998.92 4030.36 4068.63 4142.24 4276.04 4405.24 4531.11 4668.1 4814.86 4968.64 5130.21 5274.35 5356.51 5425.36 5465.57 5487.11 5498.47 5491.49 5483.58 5460.94 5434.39 5405.81 5366.04 5284.8 5184.03 5080.66 4991.67 4959.22 4964.64 4962.36 4967.49 4949.38 4923.93 4903.81 4881.05 4864.94 4844.73 4818.5 4789.58 4758.09 4726.03 4710.51 4722.57 4716.08 4706.24 4710.32 4713.14 4711.18 4706.31 4701.01 4697.77 4710.44 4723.58 4709.62 4704.48 4698.6 4693.86 4689.84 4690.16 4687.11 4686.91 4687.2 4688.37 4690.19 4692.95 4696.44
3940.92 3961.79 4002.42 4049.1 4130.68 4254.11 4377.6 4501.62 4638.07 4781.6 4936.67 5095.94 5245.75 5358.14 5408.22 5448.08 5481.07 5510.64 5542.58 5541.72 5523.02 5509.03 5498.59 5476.06 5396.17 5284.42 5171.17 5074.99 5036.03 5054.83 5067.65 5051.88 5035.14 5014.31 4984.28 4963.86 4939.25 4903.18 4862.74 4822.15 4782.28 4745.74 4726.75 4735.92 4746.69 4749.48 4748.2 4736.59 4724.55 4711 4696.12 4681.89 4696.4 4713.12 4704.94 4698.1 4695.13 4692.27 4688.51 4686.72 4685.22 4685.72 4687.09 4690.14 4692.56 4694.56 4694.82
3902.56 3925.82 3970.19 4018.89 4091.55 4199.38 4327.04 4455 4587.7 4725.7 4872.85 5025.8 5167.06 5284.97 5337.65 5379.29 5424.32 5476.29 5538.5 5556.63 5548.54 5548.96 5557.85 5565.39 5487.91 5372.18 5259.49 5161.89 5115.6 5137.3 5149.88 5136.62 5123.55 5112.19 5099.55 5072.51 5022.59 4966.45 4911.06 4858.93 4813.41 4779.38 4769.48 4784.77 4796.31 4791.61 4777.17 4760.63 4740.66 4720.56 4701.22 4688.11 4698.52 4715.74 4699.82 4693.85 4691.67 4689.51 4685.94 4685.81 4684.07 4685.21 4687.15 4691.76 4693.8 4695.66 4696.1
3860.12 3886.32 3928.85 3984.83 4048.17 4136.66 4267.82 4397.33 4520.4 4645.03 4776.81 4913.35 5030.67 5128.74 5201.7 5245.24 5305.7 5383.13 5462.18 5510.07 5530.33 5550.3 5570.31 5579.49 5526.56 5434.12 5339.2 5254.57 5205.42 5219.58 5221.71 5213.13 5201.43 5198.78 5199.47 5173.05 5097.52 5022.88 4955.2 4893.7 4842.75 4806.57 4792.39 4824.41 4838.4 4828.65 4813.35 4781.14 4755.8 4732.97 4711.79 4693.13 4688.77 4703.49 4697.94 4691.78 4686.79 4684.04 4682.3 4683.15 4685.16 4686.44 4687.74 4692 4694.29 4696.55 4697.55
3811.52 3843.98 3893.36 3955.3 4021.64 4104.92 4230.93 4340.89 4439.15 4542.33 4652.85 4765.23 4868.04 4959.42 5040.4 5077.01 5153.36 5252.33 5346.66 5422.39 5473.18 5515.29 5545.21 5551.59 5522.92 5472.13 5407.39 5349.96 5331.16 5331.28 5304.81 5277.33 5261.6 5256.77 5253.84 5228.01 5144.13 5064.22 4991.09 4922.14 4864.43 4823.05 4814.65 4833.57 4850.9 4830.73 4808.25 4788.43 4765.58 4744.96 4727.72 4711.92 4696.67 4686.49 4685 4684.35 4678.13 4675.23 4676.32 4677.08 4678.99 4681.83 4684.11 4689.04 4692.3 4695.24 4697.79
3755.58 3796.53 3854.83 3929.26 4012.32 4116.63 4234.81 4276.07 4339.06 4420.32 4510.79 4607.31 4704.52 4801.74 4878.54 4898.6 4991.65 5108.13 5219.86 5318.83 5396.24 5461.13 5508.18 5527 5517.93 5503.66 5460.4 5411.32 5366.3 5352.25 5337.16 5316.35 5298.2 5285.83 5263.11 5220.36 5159.82 5091.26 5019.58 4948.18 4883.39 4827.4 4789.8 4815.74 4845.74 4827.17 4805.68 4788.7 4769.92 4754.56 4741.39 4735.56 4733.22 4674.73 4663.39 4667.95 4666.13 4666.13 4667.87 4669.19 4672.78 4676.63 4680.5 4684.65 4689.15 4693.1 4696.36
3694.77 3737.98 3811.21 3892.01 3988.58 4099.15 4141.63 4163.62 4213.04 4282.34 4362.02 4444.1 4540.28 4634.54 4711.59 4740.8 4839.63 4964.54 5088.35 5204.52 5309.43 5400.39 5474.69 5530.88 5562.05 5539.2 5500.8 5454.15 5413.59 5372.29 5359.01 5340.96 5320.32 5300.33 5265.78 5216.44 5167.78 5109.28 5043.21 4974.3 4904.9 4837.56 4779.56 4793.29 4826.41 4812.17 4797.79 4787.84 4773.45 4759.99 4747.5 4737.65 4718.76 4664.27 4644.52 4649.16 4651.06 4654.51 4658.13 4662.49 4666.55 4670.54 4675.22 4680.19 4684.79 4689.08 4692.75
3645.35 3687.74 3763.46 3837.87 3917.56 3994.26 3974.3 4008.48 4067.77 4136.27 4211.22 4294.61 4378.59 4462.36 4540.04 4584.38 4691.67 4827.07 4964.78 5096.07 5224.05 5336.35 5434.46 5518.87 5573.49 5561.78 5526.24 5481.98 5435.15 5409.14 5383.55 5359.91 5335.61 5312.38 5274.84 5229.25 5183.2 5129.54 5068 5002.61 4935.22 4866.61 4802.36 4790.26 4805.03 4796.46 4800.33 4787.88 4774.68 4761.22 4745.5 4727.14 4702.28 4655.1 4632.22 4630.63 4638.08 4645.66 4651.83 4657.29 4662.11 4667.34 4671.29 4675.75 4679.83 4684.12 4687.52
