real_craters/C160-500m.grd
DSAA
231 231
-57.47 57.47
-57.47 57.47
2955.0165003298 5591.507341937
[rows 120 to 149 of 231, columns 134 to 200 of 231]
3282.39 3329.12 3422.63 3625.96 3889.18 4184.79 4544.52 4866.43 5125.74 5311.54 5382.64 5343.52 5359.07 5495.31 5546.19 5330.49 5025.81 4795.19 4801.82 4787.9 4782.72 4766.09 4738.69 4769.89 4762.69 4743.8 4723.54 4704.41 4686.51 4670.52 4654.69 4638 4638.07 4628.92 4624.43 4621.29 4634.07 4630.89 4620.95 4625.14 4628.33 4634.64 4641.55 4632.84 4628.61 4624.82 4626.79 4632.09 4639.3 4644.09 4648.27 4632.36 4636.75 4636.61 4626.12 4615.47 4593.56 4554.52 4553.65 4579.07 4569.46 4567.55 4566.38 4566.21 4564.83 4562.32 4559.51
3269.17 3324.91 3431.56 3637.74 3918.5 4250.09 4582.09 4914.19 5189.7 5337.91 5388.53 5334.22 5327.27 5464.76 5502.56 5301.53 5039.4 4808.06 4783.12 4793.89 4772.25 4741.61 4708.86 4695.86 4701.41 4712.95 4707.34 4695.72 4683.93 4671.11 4661.36 4657.76 4651.34 4645 4638.64 4636.82 4632.77 4630.74 4624.25 4625.46 4631.95 4641.77 4643.19 4633.95 4619.66 4618.21 4622.91 4629.16 4635.83 4643.56 4651.73 4626.33 4625.63 4623.22 4617.75 4608.22 4595.91 4556.41 4544.84 4572.56 4574.9 4565.43 4563.72 4562.7 4560.75 4559.9 4557.87
3282.24 3343.72 3457.13 3659.44 3937.24 4253.46 4591.37 4926.56 5192.09 5320.7 5361.16 5336.58 5320.89 5427.25 5427.98 5219.36 4989.76 4811.71 4811.38 4816.46 4766.65 4733.31 4721.04 4716.05 4701.41 4700.26 4697.56 4690.18 4679.8 4669.19 4660.88 4654.26 4659.3 4658.07 4653.38 4651.23 4640.77 4634.62 4635.94 4630.29 4638.07 4647.35 4656.06 4635.13 4617.46 4613.57 4617.67 4623.63 4629.87 4634.82 4632.6 4611.66 4605.26 4608.61 4609.62 4608.03 4603.92 4571.59 4551.26 4561.22 4564.19 4563.01 4563.69 4562.61 4561.2 4558.7 4555.64
3312.96 3380.01 3495.3 3692.05 3958.55 4253.32 4584.77 4919.8 5188.46 5316.66 5363.27 5361.75 5341.27 5366.55 5290.8 5083.94 4877.31 4796.43 4811.34 4787.91 4735.7 4711.88 4693.78 4682.75 4697.94 4693.12 4690.58 4683.87 4675.39 4666.06 4658.93 4659.12 4659.68 4663.34 4655.22 4653.49 4643.76 4631.04 4626.23 4610.32 4627.98 4637.88 4638.6 4629.58 4614.51 4610.19 4613.33 4617.5 4620.44 4622.24 4626.21 4616.94 4604.59 4600.02 4602.2 4601.25 4593.9 4580.99 4563.57 4550.57 4559.68 4562.08 4562.79 4562.01 4557.85 4554.33 4553.2
3350.19 3430.82 3553.91 3747.77 4000.44 4282.91 4603.49 4933.34 5189.47 5322.73 5381.07 5400.09 5398.18 5304.61 5146.41 4949.42 4777.99 4784.16 4788.8 4731.36 4698.75 4689.86 4679.89 4659.15 4668.56 4680.23 4681.75 4675.57 4667.41 4660.54 4652.91 4650.99 4652.73 4639.08 4641.67 4644.83 4642.9 4627.56 4626.22 4624.41 4624.04 4629.17 4629.93 4623.71 4615.7 4611.41 4610.71 4611.03 4612.66 4611.56 4609.28 4605.37 4602.1 4597.43 4598.04 4594.82 4590.33 4575.81 4567.12 4559.39 4566.27 4564.81 4563.7 4561.16 4554.28 4551.24 4547.77
3401.45 3497.92 3626.97 3812.81 4071.02 4341.95 4644.27 4976.99 5261.04 5356.78 5403.52 5424.76 5394.46 5195.59 5013.16 4860.51 4727.15 4747.58 4765.39 4721.6 4687.75 4682.68 4674.94 4647.49 4674.08 4686.07 4680.91 4672.89 4663.64 4655.28 4648.59 4646.86 4650.63 4641.12 4641.79 4644.36 4633.24 4626.61 4625.02 4618.41 4622.54 4626.58 4624.92 4619.38 4614.3 4610.13 4606.58 4606.5 4608.09 4610.92 4608.41 4611.54 4610.01 4607.67 4595.31 4588.96 4579.83 4574.85 4573.91 4575.79 4574.32 4568.23 4565.53 4561.82 4557.63 4554.14 4548.62
3478.56 3580.82 3729.71 3935.14 4175.58 4438.6 4723.42 5029.04 5280.83 5389.26 5433.46 5438.81 5357.26 5119.86 4960.44 4838.28 4740.97 4730.77 4741.94 4723.26 4698.37 4687.08 4684.85 4685 4700.53 4695.34 4683.29 4673.18 4663.34 4654.1 4643.13 4633.31 4632.65 4641.01 4640.53 4635.97 4627.36 4625.73 4624.56 4619.57 4620.91 4624.66 4620.32 4612.18 4605.86 4601.06 4599.29 4600.26 4602.73 4604.63 4599.09 4591.16 4597.54 4592.93 4591.28 4586.37 4579.15 4574.2 4571.74 4580.21 4578.14 4569.95 4564.12 4559.68 4555.03 4550.31 4547.19
3541.38 3661.96 3832.12 4046.85 4296.36 4564.11 4829.18 5100.36 5316.14 5408.96 5465.12 5466.64 5419.52 5210.18 5012.56 4864.1 4756 4716.29 4724.16 4716.86 4692.97 4692.36 4699.13 4714.44 4705.73 4690.72 4680.99 4670.23 4660.47 4653.38 4651.35 4647.7 4635.29 4629.3 4635.28 4631.77 4630.5 4626.85 4628.59 4625.89 4619.57 4616.82 4610.89 4604.75 4597.01 4589.08 4591.79 4593.39 4595.2 4594.56 4589.03 4600.59 4593.56 4594.67 4584.9 4580.68 4579.86 4577.17 4576.18 4572.96 4575.64 4568.91 4562.72 4556.52 4552.09 4547.88 4543.67
3576.9 3731.78 3928.45 4154.47 4427.92 4701.7 4965.16 5178.67 5360.97 5455.96 5495.32 5503.89 5496.44 5347.73 5100.57 4904.84 4747.56 4674.68 4674.42 4685.94 4691.65 4689.06 4697.09 4716.39 4710.76 4688.71 4676.67 4666.7 4656.68 4648.85 4644.77 4648.17 4642.91 4633.59 4626.45 4620.3 4626.97 4630.25 4634.03 4626.83 4616.33 4610.9 4604.9 4598.61 4592 4586.13 4584.98 4586.49 4588.05 4588.45 4587.33 4582.34 4583.07 4576.54 4574.84 4567.44 4571.33 4575.26 4578.86 4574.4 4574.23 4574.85 4563.42 4558.51 4553.01 4549.09 4543.51
3628.78 3801.06 4035.02 4307.14 4574.46 4827.64 5057.37 5248.33 5364.54 5469.73 5512.45 5499.97 5475.39 5366.19 5144.4 4940.47 4766.81 4670.55 4658.79 4652.85 4667.44 4667.5 4667.67 4670.55 4693.25 4680.25 4673.51 4662.68 4651.35 4642.02 4639.66 4645.91 4646.03 4640.53 4622.13 4615.45 4614.29 4626.63 4632.73 4624.68 4610.18 4595.18 4599.62 4595.63 4587.35 4578.18 4578.22 4579.54 4581.09 4588.77 4583.52 4581.68 4580.18 4569.38 4571.86 4570.34 4567.61 4569.32 4572.4 4574.96 4573.53 4574 4563.58 4559.35 4555.12 4549.23 4546.43
3672.98 3865.6 4131.98 4439.99 4698.49 4922.15 5158.41 5321.99 5412.87 5539.68 5526.93 5460.85 5388.12 5293.06 5142.78 4963.29 4803.03 4699.2 4653.6 4645.12 4641.52 4642.06 4644.11 4649.21 4681.77 4681.73 4670.7 4658.75 4646.58 4635.91 4629.44 4646.07 4637.33 4619.43 4615.24 4614.39 4615.32 4619.3 4615.76 4611.15 4617.63 4620.64 4608.7 4597.8 4587.59 4579.73 4575.7 4573.94 4573.2 4572.62 4582.31 4583.09 4575.94 4574.22 4578.04 4584.96 4581.15 4577.16 4586.27 4569.81 4571.03 4571.09 4563.59 4560.94 4555.35 4551.39 4545.53
3743.87 3947.6 4199.9 4479.52 4722.73 4938.71 5164.11 5365.72 5524.91 5591.51 5495.39 5392.86 5306.62 5241.83 5122.41 4965.23 4814.38 4703.07 4675.8 4658.97 4645.87 4634.93 4636.65 4642.28 4670.45 4676.02 4665.01 4653.77 4643.28 4634.2 4632.97 4639.76 4630.07 4609.96 4604.1 4608.68 4615.39 4612.16 4605.75 4612.69 4628.62 4634.43 4614.87 4599.57 4587.5 4578.47 4572.57 4568.81 4567.52 4569.76 4569.3 4577.56 4571.06 4576.58 4585.92 4598.52 4599.35 4588.57 4584.25 4574.91 4573.72 4573.01 4561.13 4556.51 4551.97 4546.74 4541.15
3977.75 4077.32 4245.23 4433.91 4643.17 4898.35 5136.19 5359.91 5539.16 5488.81 5378.15 5283.28 5205.07 5181.44 5085.51 4943.64 4818.69 4739.58 4679.65 4660.71 4655.84 4646.83 4639.21 4632.27 4637.69 4652.81 4651.05 4644.91 4638.69 4632.52 4632.77 4637.8 4626.36 4617.64 4603.43 4613.03 4605.29 4599.95 4602.73 4608.87 4615.56 4617.3 4609.96 4596.17 4583.66 4575.46 4567.64 4562.18 4559.19 4560.87 4566.01 4572.33 4567.14 4578.36 4587.92 4594.21 4598.71 4592.76 4585.84 4581.32 4576.48 4573.93 4560.22 4553.91 4547.8 4544.33 4537.22
4126.2 4192.29 4290.56 4417.24 4583.45 4859.63 5100.14 5310.78 5438.74 5321.01 5216.1 5150.23 5097.64 5092.15 5014.64 4890.92 4780.04 4702.06 4665.98 4661.19 4663.43 4661.56 4646.22 4633.08 4631.13 4633.55 4636.14 4634.45 4633.44 4632.31 4630.75 4628.83 4617.52 4600.29 4603.33 4611.62 4602.73 4590.93 4593.43 4597.72 4601.92 4609.35 4602.96 4590.28 4576.62 4565.25 4557.44 4554.93 4557.39 4561.93 4567.83 4564.15 4564.63 4576.75 4587.88 4592.67 4599.72 4602.55 4590.33 4583.69 4576.76 4572.29 4558.34 4551.94 4543.65 4541.75 4536.68
4159.25 4230.93 4327.05 4465.32 4680.06 4843.47 5044.29 5203.57 5266.64 5157.45 5076.21 5029.31 4980.47 4957.13 4903.85 4817.99 4725.22 4643.38 4638.8 4656.98 4659.06 4662.52 4645.39 4631.48 4618 4612.85 4617.77 4620.89 4624.46 4630.8 4628.43 4618.96 4612.05 4608.34 4599.58 4625.1 4618.22 4583.46 4582.8 4591.39 4610.73 4609.59 4595.63 4581.95 4567.41 4553.09 4544.56 4546.72 4553.06 4557.03 4560.58 4563.19 4566.63 4574.21 4583.64 4587.92 4593.59 4592.66 4584.26 4578.93 4571.89 4566.83 4552.05 4547.54 4542.71 4538.73 4535.03
4177.29 4244.17 4332.74 4443.28 4578.56 4764.44 4983.72 5164.2 5130.08 5059.2 4995.82 4950.78 4894.57 4855.98 4811.3 4760.28 4694.97 4629.73 4629.39 4659.54 4659.09 4648.06 4633.46 4619.08 4602.32 4599.82 4604.68 4606.5 4608.21 4614.73 4613.14 4606.96 4603.39 4606.06 4608.2 4632.39 4624.03 4581.48 4573.73 4583.32 4595.2 4593.23 4583.82 4572.95 4559.97 4546.17 4537.27 4540.32 4540.56 4547.64 4553.71 4557.62 4557.59 4561.03 4564.79 4574.45 4571.96 4565.74 4571.52 4567.79 4566.51 4568.16 4555.2 4550.25 4546.24 4543.32 4537.57
4201.45 4266.76 4330.36 4379.55 4440.54 4643.19 4880.36 5053.07 5036.06 5007.48 4975.28 4939.53 4870.56 4817.04 4754.39 4750.18 4704.85 4654.59 4641.62 4649.25 4648.83 4633.93 4618.15 4614.27 4619.6 4604.89 4599.31 4593.76 4589.16 4580.18 4582.31 4586.31 4587.17 4586.28 4590.29 4603.75 4586.89 4559.09 4562.74 4569.67 4581.16 4575.31 4572.29 4566.03 4556.88 4546.4 4536.7 4543.98 4553.3 4554.54 4556.25 4558.01 4560.67 4553.79 4545.17 4549.17 4553.81 4560.54 4552.59 4556.86 4563.03 4561.3 4551.91 4546.39 4543.17 4539.56 4536.04
4241.58 4322.52 4349.25 4355.74 4378.92 4544.45 4781.17 4960.62 4992.33 5002.22 5010.18 4986.71 4970.24 4916.4 4872.7 4815.81 4747.66 4692.88 4669.44 4674.28 4665.62 4631.63 4604.94 4607.22 4605.68 4591.94 4584.18 4584.22 4578.61 4570.42 4569.72 4572.71 4572.17 4570.48 4569.43 4571.91 4563.55 4561.69 4558.93 4556.05 4549.15 4557.37 4560.89 4558.87 4555.56 4553.16 4553.78 4549.31 4547.16 4552 4554.37 4557.55 4558.5 4553.41 4545.62 4553.38 4544.25 4537.82 4541.7 4546.77 4549.52 4551.32 4555.56 4541.35 4538.62 4536.03 4529.02
4265.57 4379.53 4385.91 4364.95 4349.6 4482.56 4719.94 4910.27 4974.23 4974.77 4974.22 5023.87 5043.85 5039.95 5018.76 4891.69 4786.97 4709.81 4671.12 4664.7 4655.13 4625.05 4599.92 4602.39 4608.56 4597.31 4584.58 4583.03 4580.95 4574.83 4566.33 4568.29 4563.98 4556.47 4557.69 4556.57 4553.78 4552.16 4554.15 4556.04 4555.39 4551.94 4554.9 4554.48 4553.97 4555.17 4560.55 4545.23 4536.72 4541.68 4547.6 4551.88 4556.63 4551.91 4555.53 4552.1 4542.21 4546.9 4544.9 4543.59 4544.16 4545.91 4546.66 4534.31 4532.41 4529.72 4527.05
4253.1 4379.48 4429.68 4400.33 4385.63 4491.19 4711.25 4913.08 4975.18 4959.12 4940.32 5111.41 5157.62 5100.08 5019.48 4911.92 4797.03 4696.44 4629.82 4636.59 4629.67 4609.64 4596.64 4594.78 4600.96 4592.61 4584.43 4587.11 4590.32 4593.59 4594.23 4576.23 4564.21 4554.8 4553.17 4552.7 4552.42 4558.63 4549.93 4534.62 4541.71 4554.48 4552.14 4551.03 4549.83 4547.73 4539.73 4531.01 4529.54 4538.75 4540.89 4541.88 4543.52 4542.82 4531.5 4544.16 4551.58 4558.25 4550.55 4541.7 4539.04 4537.41 4538.01 4528.76 4526.16 4524.85 4523.07
4294.36 4353.59 4461.51 4447.05 4454.5 4560.62 4759.1 4927 4986.87 4991.57 5006.54 5168.43 5193.99 5110.06 5010.45 4903.6 4787.36 4681.8 4608.35 4600.93 4598.22 4587.86 4579.23 4584.5 4587.01 4583.16 4590.33 4593.9 4596.08 4595.25 4587.48 4581.65 4570.41 4557.47 4552.63 4557.36 4549.96 4546.31 4543.09 4521.76 4522.46 4545.19 4548.65 4548.16 4546.46 4543.06 4536.5 4526.49 4526.5 4534.46 4535.5 4532.49 4530.01 4540.44 4545.37 4544.5 4545.28 4550.22 4539.5 4536.49 4532.95 4530.38 4527.84 4522 4520.7 4519.22 4519.43
4424.41 4361.63 4503.08 4474.22 4546.61 4684.07 4849.96 4960.21 5001.69 5043.73 5104.57 5148.77 5136.29 5073.5 4991.49 4883.46 4767.4 4666.13 4594.26 4578.86 4577.83 4571.7 4576.27 4577.06 4582.33 4580.58 4592.29 4594.84 4594.65 4592.64 4590.17 4587.07 4581.51 4571.63 4556.65 4553.83 4545.88 4541.46 4545.81 4551.05 4547.62 4543.94 4545.95 4545.57 4544.21 4541.4 4537.85 4531.58 4532.6 4536.01 4531.79 4525.96 4521.13 4532.35 4537.88 4542.86 4543.42 4540.77 4534.97 4532.18 4528.87 4527.35 4522.43 4520.45 4518.13 4516.62 4516.85
4643.05 4536.79 4414.74 4414.32 4636.51 4903.72 4960.15 4988.88 5013.06 5081.96 5143.04 5081.69 5068.14 5013.83 4935.29 4834.28 4728.8 4645.18 4585.72 4570.85 4573.03 4566.81 4564.1 4568.18 4573.47 4575.97 4581.25 4590.25 4588.55 4589.3 4591.97 4594.79 4593.77 4583.55 4563.35 4559.54 4554.77 4548.72 4546.22 4561.37 4555.27 4546.22 4543.8 4543.58 4542.22 4540.45 4538.49 4532.65 4536.1 4536.03 4528.74 4521.86 4517.22 4520.15 4522.09 4526.49 4534.37 4527.07 4526.53 4526.75 4526.26 4525.75 4521.5 4522.81 4521.11 4519.07 4518.8
4882.19 5069.44 4319.63 4338.3 4653.7 4954.57 5012.97 5008.06 5035.26 5107.26 5165.23 5133.11 5041.82 4949.62 4845.29 4749.45 4677.41 4619.6 4581.05 4570.77 4574.67 4564.91 4563.76 4565.62 4569.73 4570.52 4579.53 4593.36 4598.05 4596.1 4597.07 4600.81 4606.81 4601.03 4578.33 4562.1 4552.98 4555.8 4554.76 4554.16 4553.19 4546.68 4544.32 4543.72 4542.34 4540.35 4538.58 4537 4532.89 4531.67 4526.49 4520.94 4517.79 4519.54 4521.89 4519.61 4522.28 4522.79 4520.53 4520.92 4521.64 4522.81 4519.71 4521.17 4519.6 4516.8 4518.65
5105.83 5191.01 4562.48 4412.3 4680.46 4963.26 5034.98 5041.28 5089.21 5123.3 5155.68 5133.28 5007.04 4884.38 4766.74 4675.89 4630.03 4597.41 4574.81 4567.3 4568.15 4568.8 4566.2 4564.02 4568.13 4563.75 4563.64 4581.94 4591.32 4598.41 4598.22 4598.44 4601.21 4599.11 4590.63 4571.47 4549.76 4553.8 4560.04 4557.94 4552.97 4549.8 4546.93 4544.24 4542.32 4539.31 4536.04 4533.49 4531.04 4527.88 4522.97 4518.46 4513.84 4517.42 4515.25 4512.57 4503.34 4511.88 4515.48 4516.97 4518.08 4518.7 4516.36 4518.93 4518.72 4517.59 4517.43
5218.7 5219.03 4947.22 4608.39 4736.95 4967.18 5050.53 5056.1 5081.65 5084.95 5092.6 5032.55 4930.46 4816.54 4708.91 4625.81 4597.92 4583.34 4578.28 4579 4580.68 4577.37 4572.35 4575.51 4572.14 4574.16 4570.89 4570.3 4581.68 4595.3 4592.85 4588.78 4586.12 4584.76 4582.91 4573.79 4566.19 4556.23 4547.57 4552.74 4552.34 4551.09 4549.15 4545.2 4542.31 4539.55 4536.01 4531.19 4525.68 4524.11 4521.09 4517.35 4513.74 4517.41 4515.44 4512.19 4513 4512.48 4513.01 4514.16 4515.99 4518.08 4516.83 4519.43 4519.84 4518.91 4518.53
5174.22 5115.9 5008.08 4738.16 4758.88 4950.91 5049.16 5036.26 5009.95 5003.7 4980.33 4927.23 4839.64 4747.51 4662.89 4596.97 4580.39 4578.95 4586.46 4593.77 4599.98 4589.27 4578.86 4572.05 4576.8 4584.06 4573.61 4574.63 4573.94 4578.87 4582.12 4576.49 4568.68 4570.85 4573.2 4568.33 4555.35 4560.44 4564.62 4551.98 4551.15 4549.36 4544.21 4545.69 4542.94 4539.75 4536.89 4530.24 4526.57 4523.41 4520.92 4517.57 4515.09 4514.79 4517.59 4514.27 4514 4515.06 4510.78 4509.27 4513.88 4516.84 4515.71 4517.38 4518.72 4519.03 4518.79
5090.93 5032.77 4985.99 4794.43 4731.58 4861.43 4929.43 4945.42 4960.25 4927.17 4854.05 4804.85 4738.71 4678.2 4623.86 4582.7 4573.37 4578.87 4591.75 4603.77 4607.96 4603.66 4594.27 4581.08 4579.91 4581.65 4569.03 4577.13 4580.33 4582.75 4578.33 4570.27 4557.08 4558.33 4563.91 4567.74 4569.66 4566.83 4562.19 4552.87 4552.18 4552.4 4553.37 4549.23 4544.32 4538.59 4534.42 4533.73 4530.46 4525.39 4522.43 4519.69 4517.02 4513.93 4512.9 4508.53 4507.43 4509.9 4511.94 4515.94 4516.31 4517.74 4515.76 4517.25 4517.59 4516.64 4516.18
4996.05 4946.27 4920 4782.69 4703.77 4759.49 4816.53 4813.58 4803.53 4765.5 4714.75 4653.15 4635.97 4620.16 4596.24 4575.02 4571.29 4580.05 4593.48 4607 4608.17 4610.07 4606.52 4589.79 4584.54 4585.86 4579.73 4577.26 4584.31 4582.26 4581.68 4575.85 4569.26 4552.88 4538.52 4565.42 4571.55 4568.39 4564.16 4557.78 4552.57 4553.61 4555.1 4550.75 4544.72 4538.47 4531.44 4529.48 4528.56 4526.6 4524.46 4521.79 4518.66 4511.36 4512.65 4510.61 4506.7 4509.43 4513.5 4517.02 4516.81 4518.04 4515.91 4516.69 4516.02 4515.68 4515.08
4917.95 4929.31 4822.48 4718.46 4648.02 4645.09 4664.84 4696.62 4680.31 4639.12 4619.16 4589.15 4586.64 4589.34 4582.48 4570.92 4573.28 4581.02 4591.02 4601.8 4602.91 4604.69 4604.56 4592.76 4584.89 4582.34 4587.93 4607.63 4606.13 4601.8 4590.96 4577.71 4567.64 4560.59 4555.48 4553.74 4563.87 4565.4 4553.22 4544.43 4548.94 4552.53 4554.35 4550.46 4543.64 4537.81 4532.51 4528.34 4526.72 4527.19 4525.99 4523.35 4520.6 4514 4510.91 4508.59 4507.54 4510.84 4512.86 4512.69 4517.02 4517.49 4516.83 4517.95 4516.58 4516.55 4514.89
