real_craters/C160-1000m.grd
DSAA
67 67
-32.84 32.84
-32.84 32.84
5267.7121293795 7161.8316632526
[rows 30 to 59 of 67, columns 0 to 66 of 67]
6476.74 6477.14 6465.99 6453.67 6500.34 6580.5 6586.84 6642.58 6694.49 6736.9 6790.57 6848.19 6910.52 6934.39 6903.55 6617.16 6353.73 6149.98 5970.88 5892.71 5756.12 5524.36 5471.34 5439.97 5418.2 5389.28 5375.23 5376.96 5378.67 5380.69 5381.58 5361.88 5330.23 5308.72 5318.8 5339.6 5349.34 5382.17 5416.61 5447.03 5474.1 5500.31 5527.55 5569.58 5614.9 5665.05 5728.5 5914.34 6244.47 6513.57 6753.16 6979.53 7017.43 6803.19 6590.59 6496.07 6462.72 6426.01 6372.42 6310.68 6286.67 6265.34 6229.23 6196.32 6173.69 6162.96 6174.49
6413.44 6418.42 6425.67 6461.69 6527.21 6532.9 6554 6616.2 6678.54 6742.84 6810.64 6894.1 6926.93 6926.22 6708.31 6463.57 6353.3 6167.2 5957.55 5766.93 5611 5519.28 5479.23 5441.28 5410.41 5393.5 5375.7 5369.29 5366.26 5372.26 5391.8 5390.51 5334.14 5290.91 5291.05 5305.49 5326.01 5360.34 5400.59 5437.69 5469.64 5499.65 5533.56 5564.41 5613.14 5672.73 5739.17 5982.69 6295.38 6483.94 6704.73 6988.74 7059.62 6912.62 6697.74 6519.64 6519.29 6522.61 6506.37 6426.24 6359.29 6302.26 6240.3 6182.77 6146.31 6143.56 6167.39
6380.82 6368.04 6377.7 6412.43 6472.25 6513.14 6549.96 6592.77 6647.46 6726.56 6840.43 6930.63 6943.91 6893.12 6564.62 6432.16 6359.81 6176.75 5958.96 5750.29 5592.18 5522.73 5473.47 5437.14 5407.21 5386.82 5371.78 5363.34 5359 5362.84 5377.51 5385.97 5326.95 5267.71 5268.78 5287.87 5316.71 5350.77 5400.57 5441.3 5471.47 5500.97 5531.63 5565.12 5615.2 5687.93 5771.75 5926.78 6182.87 6426.74 6670.29 6981.8 7082.86 7093.34 6849.3 6645.38 6633 6673.33 6769.79 6695.85 6492.18 6355.17 6255.68 6181.55 6136.49 6127.5 6151.94
6349.75 6342.03 6344.25 6368.58 6423.95 6501.59 6517.37 6555.27 6581.01 6693.71 6860.12 6978.61 6929.16 6793.53 6509.27 6428.24 6359.53 6179.58 5967.9 5752.28 5582.48 5514.57 5459.63 5428.34 5399.54 5379.4 5367.61 5359.85 5355.85 5358.66 5369.73 5382.93 5335.33 5271.58 5272.08 5284.96 5318.76 5364.17 5416.4 5451.42 5478.89 5502.97 5524.66 5554.37 5604.9 5674.68 5764.32 5872.26 6118.14 6393.36 6679.25 7055.27 7108.12 7034.56 6865.63 6671.2 6738.04 6848.62 6913.61 6824.09 6568.06 6383.74 6264.73 6181.93 6143.9 6150.14 6175.82
6351.02 6339.38 6336.32 6347.75 6381.95 6455.38 6497.02 6523.93 6566.51 6666.07 6782.85 6928.18 6889.1 6714.94 6481.07 6416.58 6350.39 6191.1 6005.48 5797.67 5600.65 5510.62 5443.58 5419 5392.26 5376.02 5363.15 5355.98 5352.26 5354.35 5372.59 5412.14 5388.03 5320.39 5336.05 5344.8 5376.3 5432.49 5448.69 5464.03 5483.27 5500.8 5517.08 5546.82 5601.27 5665.16 5746.26 5904.38 6169.96 6424.94 6716.18 7095.68 7130.96 7096.02 6860.85 6683.34 6729.77 6861.45 6890.67 6798.02 6508.05 6355.32 6261.71 6195.81 6180.82 6201.45 6246.65
6357.6 6341.13 6338.72 6352.2 6379.76 6459.81 6474.18 6519.63 6559.9 6634.25 6707.45 6867.35 6844.76 6677.39 6470.22 6407.14 6332.9 6209.48 6062.87 5896.85 5595.21 5505.36 5402.71 5419.67 5392.31 5372.39 5358.58 5351.62 5346.99 5350.11 5372.07 5441.15 5455.13 5481.21 5473.63 5443.24 5448.85 5469.6 5462.66 5463.48 5479.19 5498.21 5508.21 5545.99 5613.14 5678.96 5794.05 6074.69 6244.87 6464.51 6781.95 7105.62 7090.67 6997.02 6838.08 6666.86 6664.6 6724.64 6718.55 6575.55 6370.4 6316.3 6277.13 6248.87 6247.15 6261.78 6293.86
6349.68 6338.05 6337.02 6369.73 6420.54 6445.44 6458.25 6536.57 6622.29 6666.07 6708.06 6834.49 6817.25 6655.68 6479.77 6386.13 6320.03 6225.13 6121.4 5972.8 5700.93 5525.46 5442.05 5416.72 5396.91 5372.49 5357.62 5348.27 5339.09 5330.21 5347.38 5388.58 5434.04 5496.35 5518.52 5528.2 5484.76 5453.32 5444.75 5452.09 5468.96 5493.12 5515.69 5556.5 5610.54 5685.58 5819.79 6014.76 6217.87 6428.08 6687.57 6947.01 7022.67 6987.21 6792.22 6652.12 6629.45 6598.59 6554.45 6457.36 6331.71 6318.41 6319.29 6298.16 6307 6333.7 6396.7
6340.91 6339.5 6355.1 6383.01 6412.49 6419.13 6442.77 6541.51 6633.96 6678.25 6731.59 6815.97 6815.55 6696.58 6511.53 6398.05 6323.12 6254.25 6180.19 6088.92 5870.93 5606.28 5471.08 5418.39 5394.16 5375.58 5363.21 5347.65 5334.04 5321.23 5326.16 5342.33 5379.2 5432.06 5465.13 5486.97 5457.78 5422.62 5421.61 5441.88 5462.76 5491.06 5521.11 5565.44 5624.56 5701.45 5820.17 5972.51 6166.53 6379.74 6622.03 6823.17 6867.74 6842.45 6707.81 6561.7 6493.41 6498.4 6472.69 6409.11 6380.43 6361.02 6386.62 6429.67 6402.42 6445.96 6486.99
6335.25 6355.79 6367.15 6389.14 6412.47 6428.3 6472.01 6537.26 6604.01 6659.48 6740.02 6818.98 6853.6 6794.89 6638.38 6418.6 6350.04 6267.52 6193.02 6148.25 5971.5 5632.53 5488.99 5424.15 5391.38 5377.79 5363.56 5349.54 5333.87 5319.53 5315.17 5322.14 5346.05 5386.41 5407.74 5387.13 5415.99 5405.01 5412.65 5436.39 5466.42 5493.96 5533.87 5572.45 5614.37 5697.71 5817.45 5965.52 6150.81 6352.39 6646.21 6776.06 6737.92 6697.68 6609.64 6499.5 6436.81 6459.57 6462.37 6454.56 6399.07 6392.8 6417.16 6431.4 6449.99 6411.36 6426.01
6348.99 6366.64 6377.8 6398.67 6422.34 6464.06 6521.52 6569.41 6616.09 6650.74 6718.18 6801.35 6846.21 6844.45 6815.38 6606.49 6471.86 6326.85 6188.4 6082.81 6043.28 5661.11 5508.6 5425.24 5399.22 5383.09 5368.64 5355.85 5338.75 5318.57 5312.07 5314.73 5325.89 5354.18 5370.85 5381.79 5392.9 5399.75 5412.24 5438.15 5464.84 5498.31 5534.57 5583.34 5619.58 5723.61 5876.57 6026.02 6193.33 6369.31 6655.63 6722.03 6645.03 6599.76 6533.57 6460.04 6421.45 6433.71 6441.84 6468.59 6436.63 6436.69 6460.22 6455.87 6432.43 6401.99 6397.33
6359.61 6369.09 6396.43 6419.89 6441.28 6500.23 6546.97 6590.84 6639.75 6691.07 6726.86 6779.54 6816.87 6859.93 6881.04 6840.01 6626.3 6429.6 6244.08 6052.88 6036.68 5765.68 5618.13 5425.99 5402.8 5394.18 5382.4 5369.49 5351.41 5332.9 5319.88 5319.47 5328.44 5345.69 5365.57 5371.97 5381.52 5389.43 5409.86 5438.79 5472.63 5506.07 5548.82 5617.72 5690.6 5767.48 5916.48 6100.53 6289.85 6492.35 6770.87 6726.7 6576.43 6522.1 6478.53 6429.65 6397.79 6417.38 6434.55 6438.44 6462.43 6502.23 6503.3 6443.48 6352.45 6374.2 6378.02
6369.82 6382.17 6406.06 6430.35 6467.28 6532.2 6571.04 6598.98 6639.95 6673.38 6714.67 6772.19 6845.68 6819.41 6858.51 6873.77 6719.79 6534.58 6358.82 6197.14 5917.86 5802.25 5839.09 5532.77 5440.78 5424.35 5410.09 5385.69 5363.02 5344.67 5330.27 5325.19 5331.24 5343.52 5353.58 5360.65 5373.45 5379.2 5403.57 5441.53 5488.98 5533.94 5586.11 5681.59 5785.82 5900.24 6067.26 6186.75 6385.63 6696.58 6959.79 6746.05 6494.66 6457.87 6429.8 6394.87 6367.36 6398.26 6434.51 6419.48 6448.53 6544.86 6592.13 6477.43 6311.39 6311.54 6334.81
6393.08 6414.05 6434.43 6457.99 6503.97 6563.84 6591.98 6647 6642.14 6636.22 6681.27 6751.81 6810.91 6832.8 6846.92 6857.87 6737.12 6588.88 6424.97 6243.61 6087.62 5831.6 5712.6 5701.08 5510.99 5458.37 5427.74 5393.69 5369.81 5349.41 5324.86 5328.22 5337.65 5343.59 5349.68 5357.21 5368.62 5373.42 5396.31 5449.17 5513.44 5594.98 5701.09 5813.12 5913.72 5999.48 6131.48 6274.47 6488.32 6809.15 6988.13 6727.02 6448.11 6424.2 6402.88 6374.54 6347.49 6372.65 6410.76 6406.84 6428.27 6506.95 6549.65 6446.45 6295.22 6305.71 6347.34
6444.7 6470.87 6471.62 6498.32 6532.6 6559.82 6593.6 6632.1 6634.82 6615.98 6652.38 6724.27 6798.58 6821.47 6934.45 6824.87 6722.26 6612.44 6470.16 6278.22 6160.07 5930.01 5776.31 5635.07 5562.77 5489.84 5439.54 5391.56 5373.33 5356.93 5337.73 5338.23 5340.64 5343.33 5348.91 5357.83 5371.35 5380.85 5409.66 5470.95 5551.34 5640.21 5781.28 5941.84 6021.02 6058.42 6174.55 6424.04 6684.31 6907.38 6872.53 6661.82 6456.13 6422.71 6399.11 6376.19 6354.14 6373.07 6399.46 6402.49 6406.95 6433.83 6435.53 6394.75 6352.8 6383.22 6437.74
6474.58 6479.23 6497.02 6519.93 6559.47 6566.17 6584.9 6621.68 6626.07 6620.17 6634.68 6696.94 6772.45 6796.49 6798.85 6776.79 6739.74 6681.06 6589.2 6398.28 6209.47 6005.82 5918.43 5746.88 5714.47 5594.96 5484.68 5416.63 5402.32 5381.64 5370.37 5359.3 5356.68 5355.26 5359.71 5368.79 5379.37 5406.14 5431.43 5516.6 5634.33 5754.92 5898.54 6082.96 6102.23 6176.34 6322.99 6596.58 6868.33 6833.6 6760.93 6606.12 6441.04 6425.11 6399.46 6382.73 6378.63 6398.38 6399.39 6410.23 6429.32 6413.68 6429.95 6430.31 6460.13 6517.31 6560.93
6474.85 6485.1 6517.02 6558.72 6561.3 6593.58 6590.59 6609.3 6609.61 6620 6612.23 6654.22 6710.71 6755.43 6759.45 6773.92 6769.18 6781.7 6808.61 6681.75 6399.4 6185.5 6022.31 5897.82 5850.22 5781.25 5680.4 5613.31 5523.61 5470.04 5420.79 5396.69 5402.59 5402.29 5382.35 5395.44 5441.15 5471.37 5496.75 5598.48 5749.1 5923.5 6010.28 6073.09 6157.9 6312.52 6502.58 6691.68 6810.77 6813.31 6733.1 6584.27 6482.3 6425.67 6391.34 6370.05 6362.83 6380.45 6372.29 6388.89 6418.58 6447.6 6449.05 6474.02 6561.44 6598.49 6603.67
6472.88 6495.68 6535.34 6562.08 6560.78 6569.01 6575.54 6561.62 6553.47 6558.32 6578.03 6611.09 6634.05 6632.52 6715.4 6726.03 6760.57 6823.99 6923.34 6846.8 6566.31 6339.43 6182.49 6053.07 5978.43 5925.86 5872.31 5835.72 5776.14 5646.43 5525.5 5483.48 5477.52 5497.15 5560.65 5495.58 5577.09 5612.95 5633.55 5715.69 5861.02 6029.72 6082.04 6124.75 6258.4 6504.34 6701.34 6756.33 6766.47 6762.59 6683.32 6519.61 6435.5 6403.68 6367.51 6332.8 6289.83 6259.41 6307.44 6354.97 6393.49 6450.74 6485.08 6476.26 6529.21 6508.59 6515.19
6490.5 6499.46 6520.82 6539.32 6540.02 6528.57 6525.79 6532.58 6545.92 6565.1 6582.14 6597.43 6594.32 6584.86 6647.49 6675.82 6722.92 6776.3 6819.8 6818.95 6698.52 6522.79 6334.8 6210.15 6069.44 6023.31 5941.64 5867.97 5833.34 5769.01 5716.71 5668.45 5595.78 5568.21 5660.91 5813.22 5788.1 5791.2 5820.22 5887.03 5955.79 6074.62 6175.62 6290.34 6508.9 6758.57 6845.72 6810.22 6783.7 6855.26 6668.17 6477.47 6404.35 6375.18 6339.19 6295.6 6244.28 6195.35 6242.55 6306.96 6334.28 6428.93 6461.21 6406.37 6405.68 6431.78 6413.82
6514.42 6484.44 6483.95 6492.69 6500.2 6512.68 6519.1 6526.68 6537.88 6566.52 6603.64 6591.3 6579.75 6583.7 6600.2 6649.81 6682.25 6699.29 6732.15 6749.24 6762.62 6780.63 6487.34 6304.13 6165.13 6067.36 6020.61 5943.72 5920.41 5871.76 5814.42 5759.55 5750.77 5810.1 5835.57 5959.34 5965.77 5977.11 6000.69 6021.01 6024.15 6117.64 6342.4 6582.86 6868.09 6843.84 6834.32 6781.22 6756.27 6737.5 6600.85 6444.88 6388.2 6352.5 6311.32 6266.29 6220.83 6181.5 6191.51 6213.16 6251.57 6309.7 6329.32 6300.83 6283.25 6374.95 6430.43
6481.52 6479.83 6492.64 6482.4 6493.76 6500.91 6510.18 6513.82 6544.66 6563.01 6557.96 6563.32 6578.57 6588.21 6615.91 6662.4 6699.69 6667.46 6629.84 6652.69 6677.98 6701.12 6811.69 6718.79 6454.89 6374.18 6274.18 6087.99 6039.66 6027.52 5941.67 5858.41 5907.72 5957.44 6007.31 6031.52 6121.8 6182.98 6171.31 6099.69 6105.34 6205.77 6534.3 6823.77 6962.83 6962.06 6834.08 6693.15 6568.95 6540.86 6510.11 6439.09 6387.22 6344.19 6297.87 6251.4 6210.09 6180.1 6159.07 6142.47 6173.81 6242.22 6283.28 6241.79 6251.42 6356.28 6450.54
6463.48 6481.06 6494.61 6478.25 6466.34 6480.65 6498.77 6529.98 6578.44 6558.81 6552.75 6552.64 6550.87 6575.5 6655.27 6822.98 6799.1 6678.18 6604.31 6606.42 6612.58 6622.55 6662.16 6727.23 6894.34 6829.17 6640.45 6459.98 6373.76 6288.9 6162.8 6054.56 6148.87 6196.56 6276.6 6290.16 6377.47 6443.77 6449.05 6400.83 6366.4 6392.36 6673.9 6918.71 7022.49 6948.2 6785.08 6613.56 6480.8 6488.91 6470.36 6428.17 6396.7 6350.13 6298.03 6244.15 6192.06 6143.07 6113.39 6099.88 6123.12 6162.8 6225.97 6237.81 6258.36 6343.03 6439.41
6439.18 6447 6436.29 6427.88 6420.98 6464.24 6494.15 6492.03 6520.3 6533.74 6531.3 6527.83 6514.6 6489.15 6614.83 6800.56 6778.1 6666.02 6602.09 6583.54 6580.25 6592.13 6608.16 6634.61 6662.57 6741.45 6780.13 6824.65 6750.81 6558.31 6477.3 6480.13 6533.83 6639.02 6687.63 6755.27 6779.35 6736.06 6766.53 6899.28 6765.46 6650.16 6704.6 6927.84 7046.44 6879.44 6671.5 6538.27 6448.45 6465.41 6477.96 6476.36 6413.84 6357.78 6297.11 6234.48 6170.61 6102.6 6070.56 6082.76 6112.35 6133.8 6184.77 6251.42 6244.49 6296.69 6346.04
6393.87 6394.06 6405.43 6407.72 6432.58 6467.27 6495.9 6503.01 6526.58 6517.3 6509.63 6499.12 6485.27 6470.89 6531.47 6626.31 6639.94 6599.16 6570.18 6564.9 6557.91 6567.09 6594.98 6616.13 6621.75 6698.45 6804.39 6896.15 6779.26 6684.8 6718.06 6865.54 6864.88 6789.86 6882.12 6955.81 6954.1 6877.14 6878.17 6959.34 6849.06 6663.65 6596.37 6802.41 6875.43 6587.74 6514.72 6466.28 6426.98 6467.22 6512.83 6509.38 6427.79 6354.11 6285.15 6219 6154.75 6092.79 6058.6 6081.91 6138.48 6215.62 6255.93 6265.51 6228.03 6270.07 6312.2
6379.65 6379.53 6393.26 6414.16 6465.02 6468.79 6479.48 6509.45 6504.13 6500.31 6493.29 6485.97 6473.46 6479.23 6499.59 6537.33 6544.13 6548.85 6554.35 6547.31 6548.82 6570.73 6622.37 6664.48 6671.69 6689.39 6715.73 6757.48 6583.11 6671.61 6791.56 6943.84 7003.99 6985.71 6848.84 6907.82 6951.9 6853.12 6786.26 6716.42 6612.09 6515.17 6452.52 6560.08 6587.24 6438.69 6410.17 6402.6 6418.83 6477.55 6528.85 6507.37 6407.82 6329.36 6261.53 6200.03 6143.99 6096.09 6069.02 6102.91 6172.55 6240.91 6242.31 6231.71 6260.33 6298.23 6332.68
6381.52 6377.26 6397.89 6451.21 6454.14 6469.13 6470.73 6471.25 6475.31 6481.74 6486.51 6494.91 6478.52 6485.83 6505.94 6535.65 6554.5 6528.28 6529.41 6542.05 6554.56 6628.77 6739.03 6747.61 6737.85 6660.12 6562.04 6559.13 6523.07 6619.34 6751.52 6900.51 6920.68 6805.87 6650.55 6740.34 6730.88 6698.95 6615.84 6479.11 6357.58 6361.19 6338.27 6364.93 6359.89 6330.98 6340.63 6355.05 6383.38 6430.47 6421.45 6391.43 6347.67 6298.13 6246.48 6194.88 6144.64 6098.48 6066.47 6118.68 6196.32 6218.63 6267.38 6334.7 6323.73 6350.23 6365.02
6390.06 6382.97 6426.6 6451.96 6445.72 6456.12 6458.1 6451.94 6464.18 6461.94 6471.63 6478.78 6479.54 6481.75 6478.87 6541.1 6595.21 6530.44 6534.31 6561.89 6588 6721.11 6923.41 6887.15 6770.94 6666.32 6472.92 6437.41 6488.5 6563 6650.09 6694.8 6653.31 6611.61 6611.6 6611.63 6610.44 6576.29 6493.98 6395.15 6331.99 6350.05 6337.81 6292.75 6276.91 6276.07 6290.35 6311.41 6350.72 6326.39 6279.85 6282.5 6291.29 6273.91 6235.32 6195.64 6153.23 6109.56 6055.43 6139.27 6241.12 6274.08 6309.73 6344.35 6372.18 6362.86 6359.62
6402.23 6388.06 6426.8 6435.95 6434.26 6432.45 6437.37 6437.99 6439.29 6436.34 6449.19 6449.08 6449.44 6448.42 6445.71 6507.96 6566.55 6527 6541.28 6616.64 6728.16 6812.86 6794.04 6673.78 6688.89 6664.92 6446.07 6413.21 6436.96 6508.62 6568.02 6599.2 6580.49 6504.87 6509.95 6506.8 6541.98 6489.63 6421.73 6368.54 6356.56 6368.57 6361.81 6288.4 6280.07 6267.21 6271.6 6281.24 6312.82 6295.8 6271.86 6260.74 6261.95 6252.24 6227.81 6198.85 6164.79 6138.56 6119.83 6162.63 6227.87 6249.03 6252.9 6300.14 6344.36 6349.82 6328.03
6416.87 6395.63 6402.69 6406.78 6405.76 6407.9 6411.83 6409.32 6420.49 6412.64 6433.62 6452.48 6433.17 6432.86 6431.42 6459.54 6470.18 6483.2 6535.7 6629.86 6782.59 6855.7 6832.58 6651.16 6560.21 6452.26 6434 6402.66 6432.26 6474.64 6513.7 6532.9 6516.53 6471.69 6366.37 6384.23 6432.66 6395.4 6345.39 6304.84 6288.65 6262.44 6261.2 6259.23 6290.65 6302.03 6306.44 6299.85 6313.62 6357.01 6299.48 6271.89 6246.01 6222.51 6201.9 6184.21 6168.94 6157.3 6150.35 6160.5 6169.88 6239.07 6285.6 6274.52 6267.06 6269.21 6278.6
6439.28 6400.08 6377.68 6374.69 6373.62 6366.01 6376.28 6394.49 6398.74 6401.5 6415.56 6428.2 6421.74 6426.83 6433.56 6438.49 6444.86 6458.23 6506.91 6597.61 6728.96 6774.71 6645.76 6549.78 6457.23 6397.78 6390.4 6396.56 6418.41 6450.75 6493.1 6518.08 6541.08 6471.5 6344.42 6295.56 6278.55 6271.69 6268.29 6246.17 6229.04 6185.57 6189.52 6238.01 6295.98 6353.12 6398.61 6380.37 6363.52 6390.21 6347.16 6288.9 6257.74 6242.16 6240.58 6223.64 6206.77 6188.76 6150.77 6172.55 6211.35 6288.99 6331.03 6269.22 6224.06 6208.58 6221.76
6499.76 6425.36 6389.79 6374.22 6358.41 6350.15 6366.19 6404.19 6403.65 6366.2 6394.13 6408.69 6420.16 6431.35 6434.26 6436.97 6432.97 6428.88 6464.4 6525.5 6620.13 6643.98 6532.81 6467.78 6417.02 6402.08 6388.51 6402.37 6411.29 6447.29 6498.83 6538.52 6580.91 6485.62 6338.93 6250.73 6209.92 6202.08 6212.89 6214.97 6192.21 6168.32 6174.21 6203.14 6264.05 6381.45 6459.14 6445.03 6401.22 6361.61 6311.68 6284.56 6275.05 6264.98 6254.1 6248.09 6235.35 6208.82 6184.19 6229.79 6314.4 6288.02 6263.57 6208.03 6191.08 6176.11 6178.91
