real_craters/C160-750m.grd
DSAA
154 154
-57.47 57.47
-57.47 57.47
2954.9688744867 5592.173610497
[rows 38 to 75 of 154, columns 0 to 83 of 154]
4789 4782 4800 4810 4800 4768 4735 4730 4733 4736 4721 4708 4708 4706 4703 4700 4700 4707 4720 4733 4737 4714 4698 4712 4721 4728 4729 4732 4723 4714 4709 4694 4698 4699 4707 4711 4704 4697 4710 4712 4713 4706 4701 4697 4692 4691 4695 4696 4695 4695 4694 4692 4679 4675 4679 4688 4690 4677 4665 4660 4676 4696 4702 4659 4374 4289 4386 4520 4607 4628 4619 4616 4614 4611 4609 4608 4606 4603 4598 4591 4582 4581 4580 4582
4769 4785 4779 4775 4767 4760 4725 4730 4731 4717 4712 4703 4703 4702 4699 4693 4683 4696 4712 4721 4723 4710 4695 4707 4718 4727 4735 4727 4715 4708 4697 4701 4693 4699 4704 4705 4696 4689 4700 4708 4707 4708 4704 4702 4699 4696 4701 4701 4700 4698 4693 4689 4682 4678 4680 4685 4700 4686 4679 4680 4689 4704 4705 4663 4438 4306 4390 4544 4648 4647 4626 4621 4617 4614 4612 4610 4607 4604 4600 4595 4590 4587 4586 4587
4751 4746 4744 4742 4736 4739 4733 4740 4729 4716 4712 4711 4708 4704 4700 4697 4700 4699 4707 4717 4722 4715 4704 4701 4713 4723 4729 4720 4712 4702 4693 4699 4701 4715 4731 4712 4697 4689 4691 4704 4709 4708 4703 4698 4701 4713 4707 4705 4702 4697 4691 4691 4684 4680 4682 4681 4698 4692 4687 4685 4684 4698 4695 4656 4467 4322 4388 4569 4676 4668 4637 4626 4622 4618 4615 4612 4609 4607 4605 4604 4596 4597 4597 4591
4739 4731 4726 4723 4714 4715 4721 4725 4725 4717 4715 4717 4711 4707 4704 4703 4702 4702 4703 4707 4713 4714 4702 4706 4709 4712 4715 4707 4703 4701 4687 4690 4703 4727 4734 4732 4723 4701 4694 4705 4710 4707 4703 4699 4698 4699 4701 4705 4707 4700 4697 4697 4688 4682 4687 4695 4684 4697 4707 4700 4692 4686 4681 4641 4481 4339 4364 4593 4707 4689 4647 4634 4632 4627 4620 4616 4613 4609 4607 4609 4608 4610 4614 4614
4734 4730 4727 4723 4727 4725 4710 4711 4716 4714 4712 4707 4709 4709 4708 4705 4688 4699 4696 4691 4689 4717 4715 4702 4698 4700 4699 4705 4712 4713 4695 4698 4716 4742 4750 4755 4761 4739 4703 4696 4702 4706 4706 4699 4694 4690 4692 4699 4707 4712 4706 4706 4696 4687 4690 4701 4686 4702 4711 4699 4695 4691 4683 4638 4515 4375 4316 4596 4730 4704 4652 4651 4653 4639 4626 4624 4620 4611 4604 4610 4616 4628 4636 4648
4732 4734 4735 4722 4712 4712 4709 4707 4707 4703 4710 4713 4714 4713 4713 4714 4716 4703 4693 4684 4679 4684 4711 4698 4692 4700 4703 4714 4723 4728 4718 4724 4758 4761 4765 4767 4769 4740 4715 4716 4714 4712 4714 4710 4697 4700 4697 4692 4701 4729 4728 4719 4703 4693 4697 4701 4705 4713 4696 4697 4700 4700 4697 4662 4585 4479 4363 4598 4725 4743 4697 4735 4698 4664 4641 4646 4639 4627 4624 4641 4637 4645 4652 4667
4729 4730 4725 4719 4712 4712 4715 4719 4712 4712 4711 4713 4713 4712 4714 4715 4713 4704 4693 4683 4680 4679 4684 4688 4698 4696 4698 4714 4730 4713 4724 4741 4749 4758 4767 4769 4771 4741 4728 4736 4724 4720 4722 4728 4730 4731 4726 4711 4705 4707 4711 4709 4711 4710 4714 4715 4711 4708 4697 4704 4707 4711 4713 4711 4694 4674 4683 4734 4591 4772 4908 4811 4752 4725 4715 4698 4678 4658 4644 4669 4658 4655 4678 4683
4726 4725 4720 4722 4721 4722 4722 4716 4708 4711 4712 4712 4712 4709 4710 4713 4711 4704 4697 4688 4676 4675 4677 4672 4679 4695 4700 4706 4713 4714 4730 4740 4750 4750 4759 4770 4781 4758 4732 4720 4723 4726 4729 4737 4750 4749 4743 4731 4711 4696 4690 4697 4720 4743 4739 4739 4731 4714 4721 4717 4714 4715 4728 4753 4804 4869 4954 4735 4437 4752 4889 4810 4790 4790 4808 4755 4724 4703 4689 4692 4689 4686 4693 4706
4728 4732 4739 4738 4743 4743 4733 4722 4722 4716 4714 4711 4707 4706 4707 4707 4707 4706 4701 4696 4692 4686 4678 4673 4669 4680 4682 4690 4698 4701 4705 4761 4760 4754 4765 4783 4770 4752 4732 4722 4724 4728 4732 4737 4738 4739 4736 4715 4708 4697 4696 4695 4718 4744 4763 4749 4743 4726 4719 4728 4718 4704 4697 4776 4875 4978 5067 4902 4585 4794 4925 4872 4846 4830 4806 4784 4765 4744 4731 4717 4727 4723 4713 4737
4732 4737 4741 4746 4752 4751 4746 4743 4742 4725 4717 4711 4709 4705 4708 4713 4712 4709 4706 4704 4707 4699 4688 4681 4672 4662 4676 4678 4679 4700 4695 4748 4771 4777 4766 4769 4750 4740 4737 4729 4727 4728 4731 4733 4736 4731 4728 4724 4711 4709 4715 4711 4728 4749 4771 4759 4776 4749 4766 4747 4730 4709 4694 4798 4918 5010 5056 4911 4668 4808 5001 4938 4889 4864 4838 4836 4808 4778 4770 4790 4781 4806 4798 4796
4735 4743 4750 4758 4756 4747 4755 4758 4748 4732 4724 4713 4703 4705 4709 4707 4712 4712 4711 4709 4702 4697 4697 4689 4684 4693 4692 4680 4674 4682 4706 4755 4781 4791 4787 4765 4760 4761 4747 4740 4733 4731 4734 4732 4726 4713 4706 4707 4713 4718 4720 4743 4750 4764 4770 4789 4878 4862 4789 4758 4750 4744 4741 4830 4942 5022 5028 4920 4722 4722 5029 4982 4924 4884 4907 4893 4846 4812 4804 4851 4850 4826 4844 4858
4739 4749 4764 4774 4775 4770 4759 4768 4762 4740 4734 4726 4716 4721 4727 4702 4711 4712 4711 4706 4698 4688 4692 4686 4689 4704 4700 4689 4672 4675 4690 4763 4781 4788 4776 4780 4750 4735 4738 4736 4733 4729 4726 4725 4720 4707 4697 4706 4716 4745 4760 4736 4746 4759 4748 4774 4888 4745 4717 4752 4771 4778 4784 4874 4984 5065 5110 5034 4963 5125 5039 4865 4761 4796 4913 4923 4832 4800 4859 4900 4874 5004 4957 4911
4740 4749 4757 4758 4754 4738 4750 4760 4751 4735 4737 4749 4762 4779 4780 4743 4728 4714 4700 4694 4695 4700 4703 4694 4683 4688 4691 4699 4668 4677 4711 4766 4775 4765 4767 4750 4727 4730 4734 4734 4731 4728 4725 4725 4721 4715 4699 4701 4721 4750 4758 4720 4727 4755 4782 4789 4871 4875 4789 4784 4797 4818 4837 4915 5029 5129 5200 5113 5026 4947 4786 4619 4516 4635 4779 4795 4700 4636 4630 4623 4643 4774 4895 4924
4738 4744 4749 4749 4755 4755 4758 4761 4737 4718 4736 4769 4835 4906 4865 4801 4748 4709 4691 4692 4696 4705 4693 4698 4699 4700 4688 4678 4673 4706 4746 4758 4761 4760 4750 4750 4749 4741 4736 4734 4731 4728 4728 4723 4722 4720 4712 4721 4739 4750 4760 4773 4776 4779 4785 4793 4857 4889 4834 4809 4806 4789 4836 4939 5047 5144 5188 5090 4926 4747 4538 4394 4383 4488 4545 4539 4505 4415 4344 4355 4419 4541 4764 4901
4738 4743 4748 4753 4759 4765 4768 4768 4749 4730 4742 4742 4772 4806 4796 4815 4700 4665 4659 4666 4683 4703 4704 4701 4701 4692 4688 4676 4664 4678 4728 4747 4745 4741 4728 4735 4741 4738 4738 4731 4728 4725 4723 4723 4722 4723 4722 4729 4732 4747 4767 4791 4786 4784 4780 4797 4846 4887 4839 4827 4824 4805 4859 4975 5086 5161 5121 5006 4803 4605 4365 4230 4339 4401 4415 4401 4364 4293 4248 4264 4341 4456 4624 4825
4734 4739 4746 4754 4760 4764 4762 4754 4750 4786 4763 4672 4546 4381 4408 4477 4549 4580 4609 4645 4676 4694 4699 4703 4714 4711 4697 4684 4674 4679 4729 4746 4743 4734 4721 4727 4722 4724 4721 4722 4725 4725 4724 4726 4726 4731 4739 4747 4747 4748 4768 4788 4785 4781 4785 4799 4827 4876 4815 4845 4889 4857 4915 5034 5141 5210 5179 4955 4709 4556 4314 4104 4246 4320 4333 4324 4291 4226 4201 4228 4312 4394 4526 4723
4730 4736 4744 4752 4755 4765 4769 4759 4803 4958 4778 4599 4411 4232 4220 4301 4415 4503 4575 4625 4669 4696 4709 4709 4712 4710 4717 4723 4733 4735 4752 4764 4763 4746 4719 4721 4712 4708 4706 4717 4723 4727 4729 4729 4731 4732 4741 4760 4753 4755 4763 4776 4776 4773 4774 4786 4798 4835 4761 4893 5019 5005 5037 5121 5200 5225 5130 4911 4632 4469 4248 4035 4065 4184 4244 4286 4234 4178 4164 4207 4332 4349 4467 4627
4728 4732 4740 4748 4752 4767 4781 4782 4848 4836 4685 4521 4365 4240 4218 4272 4369 4467 4546 4614 4666 4705 4717 4702 4710 4718 4747 4771 4769 4760 4752 4761 4759 4751 4743 4732 4723 4716 4716 4720 4725 4730 4734 4737 4739 4738 4731 4750 4747 4737 4755 4768 4772 4767 4770 4810 4837 4853 4824 4965 5160 5220 5191 5222 5262 5279 5158 4907 4619 4366 4169 3980 3924 4061 4121 4135 4126 4112 4098 4109 4142 4188 4281 4545
4725 4729 4731 4724 4756 4757 4755 4757 4915 4752 4565 4454 4336 4239 4218 4265 4346 4434 4519 4596 4662 4721 4750 4727 4718 4731 4757 4768 4768 4765 4753 4748 4742 4746 4750 4744 4729 4731 4733 4726 4728 4732 4738 4743 4748 4757 4743 4753 4756 4753 4755 4766 4752 4762 4791 4796 4880 4853 4800 4969 5232 5328 5291 5295 5300 5268 5151 4938 4655 4330 4126 3940 3813 3954 3980 4010 4025 4011 4003 3995 4021 4073 4187 4520
4722 4725 4726 4724 4735 4745 4744 4738 4897 4746 4537 4433 4329 4241 4217 4264 4335 4426 4510 4591 4666 4733 4776 4774 4791 4756 4756 4745 4757 4754 4746 4744 4747 4738 4729 4746 4738 4738 4729 4726 4727 4733 4738 4743 4750 4756 4766 4770 4755 4737 4742 4757 4732 4753 4763 4849 4907 4877 4817 5003 5249 5332 5346 5333 5327 5263 5155 4993 4798 4383 4132 3947 3837 3759 3802 3901 3942 3918 3910 3921 3949 4002 4168 4483
4717 4721 4724 4721 4726 4739 4752 4739 4852 4768 4588 4492 4362 4251 4210 4273 4375 4468 4550 4625 4688 4742 4779 4778 4783 4767 4740 4748 4742 4729 4732 4742 4756 4734 4721 4714 4727 4727 4722 4725 4727 4729 4733 4741 4746 4752 4758 4766 4746 4716 4728 4735 4730 4759 4815 4870 4835 4858 4867 5115 5254 5304 5320 5322 5351 5324 5174 4978 4708 4329 4116 3952 3849 3709 3630 3780 3858 3809 3804 3822 3853 3915 4060 4358
4713 4718 4728 4740 4729 4734 4744 4742 4785 4783 4759 4602 4436 4279 4199 4306 4405 4488 4564 4630 4688 4740 4767 4776 4774 4757 4745 4742 4742 4743 4736 4740 4735 4728 4717 4724 4719 4723 4727 4727 4726 4728 4731 4735 4740 4747 4755 4765 4731 4722 4730 4731 4758 4796 4839 4867 4851 4938 5138 5264 5266 5266 5249 5243 5280 5342 5086 4864 4607 4245 4065 3930 3817 3673 3509 3658 3760 3692 3670 3681 3707 3809 4028 4197
4708 4712 4718 4722 4723 4725 4717 4712 4738 4770 4815 4681 4534 4373 4281 4418 4498 4555 4608 4653 4698 4738 4763 4762 4736 4745 4741 4744 4753 4765 4760 4746 4744 4735 4725 4722 4718 4714 4720 4720 4721 4725 4728 4732 4734 4731 4725 4732 4745 4736 4736 4761 4804 4821 4820 4841 4869 5047 5254 5316 5281 5235 5152 5070 5006 4931 4790 4620 4401 4143 3994 3882 3774 3653 3448 3546 3684 3559 3544 3538 3562 3702 3799 3815
4700 4703 4707 4712 4718 4722 4720 4717 4716 4723 4750 4702 4645 4628 4666 4626 4608 4623 4651 4683 4716 4744 4769 4768 4762 4766 4770 4765 4756 4755 4751 4747 4744 4740 4735 4730 4727 4719 4717 4715 4718 4722 4724 4726 4727 4727 4723 4720 4729 4726 4722 4736 4772 4758 4764 4874 5077 5207 5319 5312 5299 5194 5035 4857 4672 4531 4441 4290 4121 4013 3912 3819 3722 3612 3420 3426 3607 3466 3454 3435 3446 3574 3604 3616
4695 4697 4699 4708 4723 4727 4725 4725 4710 4696 4702 4700 4699 4726 4752 4708 4679 4674 4683 4700 4723 4744 4762 4767 4763 4770 4768 4745 4748 4753 4750 4752 4748 4744 4742 4735 4737 4723 4715 4711 4717 4719 4719 4719 4719 4719 4703 4695 4704 4702 4695 4714 4741 4735 4832 5045 5327 5326 5322 5300 5263 5129 4920 4672 4393 4230 4197 4102 3944 3894 3824 3750 3663 3563 3392 3293 3556 3452 3421 3366 3355 3483 3505 3575
4689 4692 4694 4703 4714 4718 4716 4712 4709 4707 4698 4699 4706 4706 4712 4713 4708 4705 4704 4713 4726 4740 4751 4754 4750 4758 4761 4730 4735 4737 4760 4759 4744 4735 4740 4738 4735 4729 4727 4726 4720 4716 4715 4713 4711 4702 4700 4701 4712 4687 4677 4705 4793 4891 5005 5165 5296 5348 5334 5299 5264 5083 4833 4561 4279 4117 4075 4053 3923 3834 3763 3693 3606 3512 3365 3210 3358 3523 3424 3319 3275 3317 3403 3500
4683 4685 4693 4696 4701 4702 4700 4694 4705 4711 4697 4700 4711 4721 4722 4718 4719 4721 4725 4726 4736 4742 4750 4752 4735 4738 4734 4736 4741 4743 4746 4747 4747 4751 4755 4745 4756 4739 4730 4731 4719 4715 4712 4708 4705 4704 4694 4695 4691 4674 4689 4769 4910 5055 5126 5182 5295 5355 5385 5333 5290 5054 4770 4496 4291 4102 3993 3948 3881 3793 3717 3640 3552 3463 3357 3252 3371 3490 3382 3294 3275 3296 3342 3429
4679 4679 4674 4685 4692 4694 4698 4698 4704 4716 4714 4710 4718 4728 4723 4717 4723 4729 4733 4736 4739 4744 4745 4739 4719 4726 4728 4739 4747 4750 4745 4746 4748 4746 4760 4760 4758 4740 4721 4709 4712 4714 4710 4705 4697 4689 4688 4672 4678 4672 4706 4820 4995 5165 5172 5188 5282 5354 5416 5402 5305 5032 4720 4402 4142 3990 3891 3833 3790 3727 3662 3590 3512 3426 3351 3341 3289 3341 3263 3301 3328 3333 3339 3387
4678 4680 4682 4683 4688 4698 4687 4692 4703 4714 4720 4716 4716 4719 4721 4718 4720 4721 4724 4729 4734 4740 4750 4752 4706 4708 4715 4722 4731 4741 4744 4745 4750 4760 4772 4748 4751 4746 4713 4708 4715 4716 4713 4708 4699 4693 4689 4666 4651 4664 4735 4875 5033 5128 5132 5191 5244 5309 5391 5416 5307 5005 4643 4280 3956 3852 3788 3723 3690 3650 3603 3561 3501 3427 3381 3377 3387 3063 3081 3272 3344 3344 3357 3400
4676 4680 4684 4681 4679 4675 4681 4691 4699 4700 4706 4717 4712 4705 4713 4717 4718 4719 4721 4723 4726 4731 4739 4740 4715 4708 4722 4734 4740 4742 4742 4741 4750 4767 4785 4770 4742 4739 4725 4733 4732 4724 4717 4713 4712 4711 4714 4681 4664 4685 4809 4941 5069 5102 5076 5111 5182 5239 5315 5361 5301 4919 4543 4188 3904 3805 3751 3682 3621 3588 3561 3530 3500 3476 3452 3455 3473 3200 3006 3263 3339 3321 3359 3401
4672 4673 4675 4674 4671 4669 4682 4686 4688 4680 4683 4715 4702 4700 4705 4711 4713 4715 4717 4718 4719 4720 4723 4718 4709 4725 4736 4719 4734 4744 4745 4746 4742 4741 4756 4768 4760 4727 4733 4742 4740 4731 4721 4712 4705 4704 4697 4683 4666 4692 4794 4988 5148 5159 5085 5070 5085 5148 5228 5285 5048 4731 4417 4120 3890 3803 3766 3654 3545 3531 3520 3512 3509 3519 3557 3542 3544 3381 3017 3268 3335 3309 3369 3410
4668 4667 4667 4668 4668 4670 4677 4674 4670 4669 4671 4681 4685 4690 4699 4711 4714 4712 4712 4713 4713 4710 4700 4703 4713 4715 4742 4735 4746 4744 4743 4741 4732 4710 4696 4725 4758 4739 4732 4744 4743 4735 4723 4706 4689 4684 4677 4659 4660 4694 4852 5049 5238 5226 5057 5009 5014 5053 5124 5161 4725 4497 4285 4080 3907 3816 3753 3605 3506 3495 3497 3501 3510 3532 3564 3587 3614 3548 3055 3346 3336 3312 3363 3410
4665 4664 4664 4665 4667 4668 4666 4666 4665 4665 4665 4677 4676 4681 4691 4701 4704 4701 4702 4703 4705 4707 4709 4712 4724 4726 4719 4728 4733 4737 4737 4737 4734 4728 4716 4718 4734 4742 4754 4756 4751 4742 4727 4709 4694 4681 4668 4655 4674 4762 4918 5088 5227 5192 5042 4976 4984 5009 5037 5021 4498 4327 4202 4085 3951 3823 3694 3554 3500 3484 3485 3493 3509 3532 3566 3640 3657 3573 3289 3310 3235 3304 3334 3378
4666 4665 4665 4665 4666 4668 4665 4663 4660 4665 4673 4664 4665 4673 4678 4679 4678 4688 4693 4695 4699 4705 4715 4712 4716 4728 4715 4712 4724 4729 4733 4729 4738 4765 4754 4746 4746 4742 4760 4767 4768 4751 4736 4718 4698 4698 4690 4694 4711 4734 4858 5079 5253 5201 5030 4948 5042 5100 4998 4916 4385 4252 4171 4092 3972 3824 3691 3564 3503 3485 3487 3497 3515 3529 3552 3629 3649 3593 3544 3159 3093 3269 3316 3316
4666 4670 4667 4665 4665 4666 4665 4663 4664 4666 4669 4661 4660 4667 4670 4669 4672 4679 4684 4688 4691 4695 4705 4710 4722 4722 4719 4697 4705 4722 4732 4748 4762 4760 4756 4749 4741 4747 4755 4764 4768 4756 4744 4734 4724 4722 4724 4715 4727 4695 4782 5033 5297 5215 5024 4959 5089 5180 4887 4732 4340 4235 4157 4071 3950 3803 3660 3536 3507 3499 3502 3511 3519 3535 3553 3578 3616 3588 3542 3267 3078 3229 3303 3270
4665 4667 4665 4662 4661 4662 4664 4661 4662 4664 4667 4664 4663 4667 4668 4670 4671 4676 4680 4681 4680 4679 4677 4692 4715 4708 4700 4718 4717 4721 4731 4743 4750 4733 4720 4727 4725 4749 4746 4750 4744 4753 4750 4747 4743 4737 4733 4737 4742 4723 4790 4945 5079 5174 5104 5044 5085 5043 4717 4555 4303 4203 4141 4059 3928 3771 3631 3534 3514 3512 3516 3524 3536 3564 3592 3613 3631 3600 3525 3302 3089 3182 3288 3259
4661 4655 4659 4658 4656 4655 4654 4657 4658 4660 4661 4659 4660 4664 4666 4670 4674 4675 4675 4674 4672 4669 4669 4677 4686 4695 4699 4699 4708 4715 4725 4733 4740 4758 4730 4715 4727 4736 4737 4735 4744 4751 4751 4753 4747 4740 4730 4718 4735 4728 4749 4911 5029 5170 5198 5117 5077 4961 4624 4485 4273 4161 4106 4053 3920 3747 3579 3548 3542 3546 3553 3568 3580 3591 3611 3637 3652 3643 3532 3285 3087 3116 3282 3267
4661 4658 4658 4657 4654 4650 4653 4656 4659 4660 4658 4654 4650 4659 4664 4669 4676 4674 4671 4668 4666 4666 4664 4672 4679 4688 4692 4688 4695 4708 4722 4730 4741 4767 4747 4737 4723 4726 4716 4732 4743 4747 4742 4735 4725 4705 4696 4693 4685 4666 4706 4961 5177 5189 5145 5087 5117 5080 4878 4622 4275 4023 4005 4040 3881 3743 3646 3585 3558 3550 3556 3567 3584 3604 3615 3654 3625 3656 3527 3263 3081 3032 3259 3263
