real_craters/C160-750m.grd
DSAA
154 154
-57.47 57.47
-57.47 57.47
2954.9688744867 5592.173610497
[rows 76 to 113 of 154, columns 0 to 83 of 154]
4664 4665 4659 4657 4656 4654 4658 4661 4663 4665 4660 4655 4656 4655 4659 4663 4667 4667 4664 4663 4663 4665 4674 4679 4697 4689 4694 4695 4697 4714 4725 4733 4737 4746 4736 4743 4729 4710 4723 4739 4743 4743 4732 4708 4703 4688 4697 4681 4652 4661 4727 4970 5152 5114 5018 5081 5183 5266 5098 4799 4384 3890 3850 3803 3770 3698 3622 3578 3554 3545 3548 3560 3574 3595 3618 3468 3493 3570 3500 3326 3106 2975 3211 3265
4661 4658 4658 4656 4657 4660 4661 4661 4663 4664 4660 4656 4651 4653 4655 4655 4656 4656 4656 4658 4660 4664 4671 4681 4691 4696 4692 4689 4720 4727 4732 4739 4750 4739 4741 4739 4731 4721 4716 4710 4727 4732 4729 4726 4712 4697 4680 4671 4658 4649 4683 4920 5091 5056 4945 5147 5182 5258 5195 4864 4407 3923 3816 3726 3700 3633 3561 3542 3532 3528 3530 3536 3546 3559 3565 3534 3518 3514 3496 3357 3167 3011 3088 3255
4664 4661 4657 4654 4653 4658 4654 4655 4659 4659 4660 4657 4653 4651 4652 4649 4646 4644 4648 4651 4656 4668 4682 4685 4691 4695 4688 4708 4729 4733 4737 4740 4744 4751 4750 4735 4743 4734 4736 4731 4718 4711 4724 4730 4719 4709 4689 4677 4670 4663 4684 4833 5010 5094 5018 4975 5099 5181 5172 4833 4412 3980 3900 3806 3702 3627 3554 3524 3514 3505 3504 3502 3507 3512 3518 3547 3550 3519 3487 3401 3253 3136 3175 3206
4662 4659 4656 4652 4648 4645 4651 4655 4661 4663 4659 4655 4651 4651 4650 4646 4640 4638 4642 4648 4651 4654 4673 4683 4684 4699 4702 4724 4731 4736 4737 4738 4742 4751 4758 4738 4735 4742 4734 4730 4725 4719 4717 4712 4711 4709 4703 4681 4668 4662 4686 4812 4993 5102 5034 4938 5059 5183 5069 4777 4427 4067 3964 3843 3706 3603 3524 3493 3481 3478 3478 3474 3471 3472 3482 3532 3564 3554 3550 3479 3336 3228 3162 3103
4667 4663 4659 4654 4650 4651 4660 4666 4669 4664 4660 4654 4656 4657 4650 4643 4639 4637 4639 4644 4648 4648 4659 4673 4685 4697 4701 4719 4724 4729 4734 4734 4726 4723 4744 4741 4739 4736 4735 4721 4730 4730 4718 4712 4702 4690 4685 4682 4659 4648 4741 4934 5005 5071 5075 5008 5107 5214 5091 4807 4489 4116 3946 3813 3698 3552 3479 3468 3455 3439 3426 3417 3416 3425 3453 3509 3570 3631 3604 3501 3385 3263 3171 3025
4672 4669 4665 4660 4657 4660 4670 4684 4681 4681 4670 4648 4648 4653 4646 4643 4638 4637 4639 4644 4649 4652 4650 4663 4677 4686 4695 4705 4717 4732 4745 4747 4734 4722 4738 4738 4742 4754 4737 4726 4727 4719 4715 4710 4710 4717 4722 4697 4679 4670 4695 4755 4954 5088 5111 5130 5195 5281 5194 4927 4634 4210 3944 3838 3736 3595 3504 3469 3440 3416 3397 3384 3379 3389 3423 3489 3566 3633 3603 3505 3408 3299 3229 3224
4701 4685 4673 4665 4660 4663 4674 4688 4680 4670 4655 4642 4639 4638 4640 4640 4638 4635 4639 4644 4645 4599 4620 4640 4647 4663 4660 4665 4714 4748 4760 4765 4763 4746 4740 4737 4730 4729 4746 4747 4718 4723 4735 4728 4725 4733 4733 4708 4675 4660 4644 4704 4954 5154 5184 5200 5247 5290 5258 5062 4812 4426 4002 3891 3788 3724 3574 3472 3425 3392 3369 3354 3345 3350 3386 3461 3548 3623 3601 3527 3428 3339 3273 3231
4700 4691 4679 4670 4662 4663 4667 4665 4666 4659 4646 4638 4640 4635 4639 4639 4638 4637 4640 4644 4648 4649 4639 4641 4640 4640 4639 4639 4666 4743 4766 4766 4764 4714 4707 4710 4714 4717 4750 4711 4719 4711 4712 4723 4737 4750 4739 4713 4694 4665 4655 4812 4999 5095 5154 5185 5229 5291 5254 5152 4991 4682 4197 3979 3764 3603 3512 3433 3392 3361 3338 3319 3311 3319 3352 3422 3492 3587 3592 3533 3425 3329 3257 3207
4696 4692 4683 4674 4667 4665 4665 4664 4662 4660 4657 4647 4651 4647 4642 4640 4640 4640 4640 4642 4643 4642 4642 4642 4639 4640 4639 4641 4658 4725 4742 4737 4730 4702 4694 4701 4709 4709 4739 4727 4710 4709 4702 4712 4718 4731 4727 4704 4673 4642 4685 4870 5091 5093 5110 5163 5205 5253 5280 5243 5159 4996 4430 4069 3722 3463 3405 3372 3349 3323 3301 3288 3281 3300 3333 3394 3470 3561 3567 3503 3399 3284 3206 3178
4705 4695 4686 4677 4670 4667 4666 4664 4662 4662 4657 4652 4649 4642 4642 4642 4642 4643 4644 4641 4639 4639 4642 4641 4643 4654 4653 4662 4676 4677 4692 4698 4692 4684 4686 4687 4693 4702 4717 4707 4731 4715 4706 4701 4706 4721 4713 4693 4673 4649 4709 4836 5055 5107 5131 5217 5325 5378 5306 5281 5274 5169 4632 4189 3797 3453 3364 3338 3327 3308 3290 3270 3263 3277 3312 3375 3450 3569 3559 3494 3385 3255 3176 3145
4707 4697 4687 4678 4673 4668 4668 4670 4669 4663 4651 4646 4640 4637 4642 4645 4645 4642 4638 4640 4640 4641 4649 4650 4666 4670 4674 4663 4671 4665 4669 4676 4661 4666 4672 4680 4685 4698 4709 4711 4713 4705 4695 4699 4688 4699 4703 4691 4672 4663 4703 4791 4904 5082 5118 5204 5214 5208 5301 5335 5320 5227 4769 4308 3912 3519 3389 3345 3335 3315 3291 3269 3251 3253 3295 3365 3446 3556 3555 3508 3391 3255 3183 3151
4705 4697 4688 4678 4669 4668 4668 4667 4667 4664 4664 4651 4645 4646 4653 4650 4647 4645 4644 4643 4643 4647 4667 4684 4680 4681 4670 4667 4666 4668 4669 4667 4666 4665 4673 4679 4683 4699 4699 4709 4720 4702 4707 4715 4716 4708 4705 4704 4702 4704 4731 4717 4709 4801 5017 5169 5234 5165 5290 5379 5311 5190 4789 4363 3989 3596 3460 3391 3353 3324 3298 3277 3252 3244 3295 3366 3445 3507 3541 3506 3404 3276 3215 3211
4707 4697 4688 4679 4674 4669 4666 4662 4655 4662 4663 4654 4653 4655 4659 4653 4649 4646 4644 4644 4647 4659 4677 4686 4686 4680 4683 4658 4668 4677 4675 4666 4661 4669 4682 4689 4707 4707 4710 4720 4714 4702 4710 4729 4747 4726 4711 4705 4706 4712 4751 4733 4708 4751 4968 5178 5322 5275 5304 5308 5260 5152 4903 4424 4059 3695 3547 3482 3443 3385 3352 3322 3289 3265 3317 3371 3430 3534 3532 3525 3420 3263 3233 3249
4705 4696 4688 4678 4671 4669 4667 4664 4662 4660 4654 4652 4652 4650 4649 4653 4651 4647 4641 4650 4663 4670 4674 4683 4682 4696 4696 4695 4688 4672 4674 4678 4679 4677 4675 4692 4712 4718 4719 4733 4726 4712 4714 4731 4738 4720 4713 4698 4699 4708 4714 4686 4675 4777 4941 5158 5364 5368 5324 5269 5243 5172 5046 4513 4159 3817 3676 3599 3520 3465 3422 3392 3370 3349 3366 3384 3402 3448 3493 3508 3431 3278 3243 3262
4700 4694 4686 4679 4673 4671 4670 4668 4667 4666 4666 4662 4659 4662 4667 4659 4654 4652 4655 4662 4669 4674 4676 4673 4678 4685 4700 4703 4688 4677 4688 4686 4679 4679 4676 4697 4720 4733 4737 4743 4707 4698 4710 4719 4727 4723 4715 4719 4710 4704 4692 4663 4646 4729 4876 5061 5281 5373 5330 5314 5336 5304 5215 4659 4324 3992 3835 3719 3623 3555 3494 3460 3464 3447 3408 3398 3408 3396 3454 3491 3446 3314 3255 3291
4698 4692 4687 4682 4677 4674 4673 4671 4670 4670 4670 4663 4666 4667 4666 4659 4655 4653 4653 4659 4668 4675 4685 4688 4683 4699 4702 4688 4675 4663 4658 4676 4679 4681 4696 4710 4721 4736 4759 4773 4732 4694 4708 4714 4710 4715 4713 4699 4705 4701 4692 4679 4671 4705 4806 4894 4973 5143 5238 5355 5434 5505 5450 4895 4545 4209 4016 3866 3737 3634 3556 3496 3478 3446 3396 3377 3422 3408 3445 3459 3395 3286 3260 3336
4695 4691 4686 4683 4680 4677 4676 4675 4673 4675 4676 4676 4675 4673 4665 4660 4657 4654 4653 4656 4664 4676 4687 4694 4693 4697 4691 4676 4670 4663 4652 4652 4678 4698 4711 4719 4728 4744 4766 4766 4721 4719 4714 4712 4724 4724 4718 4718 4708 4702 4709 4698 4695 4730 4770 4783 4745 4844 5065 5289 5420 5376 5441 5035 4724 4400 4194 4032 3875 3730 3605 3496 3415 3353 3335 3317 3316 3417 3451 3444 3402 3306 3321 3423
4693 4689 4683 4677 4677 4677 4678 4679 4682 4685 4683 4679 4678 4674 4671 4662 4656 4653 4653 4653 4657 4675 4699 4694 4691 4677 4675 4684 4682 4673 4665 4679 4685 4697 4706 4716 4730 4744 4756 4745 4711 4710 4708 4723 4730 4719 4712 4713 4706 4705 4704 4692 4705 4778 4787 4789 4761 4700 4895 5114 5241 5261 5253 5259 4863 4588 4376 4176 3999 3836 3673 3506 3376 3288 3265 3264 3315 3369 3408 3407 3416 3384 3410 3563
4693 4690 4685 4679 4679 4679 4679 4680 4683 4685 4683 4682 4678 4674 4671 4660 4655 4654 4654 4652 4647 4665 4683 4684 4678 4668 4675 4677 4680 4666 4686 4693 4704 4712 4711 4713 4720 4735 4725 4723 4700 4690 4692 4695 4699 4702 4698 4692 4695 4706 4702 4702 4764 4813 4807 4801 4792 4689 4777 4860 4864 4898 4968 5284 5039 4772 4543 4359 4163 3956 3766 3543 3347 3272 3219 3168 3189 3285 3342 3353 3359 3454 3540 3736
4694 4692 4691 4687 4684 4681 4678 4677 4677 4678 4676 4675 4672 4666 4661 4648 4650 4651 4652 4649 4644 4651 4673 4688 4697 4695 4684 4684 4676 4691 4692 4707 4720 4728 4717 4703 4708 4689 4704 4720 4705 4700 4680 4689 4683 4686 4686 4684 4675 4671 4689 4718 4782 4796 4794 4776 4745 4730 4746 4742 4712 4722 4739 4992 5154 4886 4657 4503 4320 4138 3919 3660 3397 3342 3262 3148 3152 3263 3354 3375 3339 3429 3643 3914
4696 4695 4695 4692 4687 4681 4676 4672 4668 4665 4664 4665 4664 4668 4661 4649 4652 4652 4653 4655 4645 4641 4639 4670 4695 4690 4682 4681 4696 4706 4710 4708 4733 4744 4742 4744 4724 4705 4706 4706 4699 4725 4678 4686 4688 4682 4675 4663 4652 4649 4669 4690 4716 4767 4769 4762 4760 4800 4781 4740 4705 4710 4706 4772 4884 4848 4724 4622 4480 4311 4124 3900 3693 3590 3457 3283 3264 3334 3393 3521 3487 3467 3919 4181
4696 4695 4695 4696 4686 4680 4675 4668 4660 4653 4658 4663 4665 4662 4656 4658 4657 4654 4651 4648 4643 4643 4650 4666 4688 4680 4672 4661 4662 4682 4695 4710 4739 4754 4752 4758 4735 4722 4712 4697 4697 4705 4684 4683 4685 4685 4677 4662 4639 4615 4640 4659 4677 4724 4734 4749 4779 4807 4796 4768 4755 4743 4737 4754 4763 4751 4718 4635 4576 4459 4347 4202 4051 3948 3803 3654 3585 3566 3581 3820 3659 3585 4384 4582
4695 4692 4687 4681 4682 4678 4673 4666 4659 4656 4662 4665 4671 4662 4661 4672 4660 4658 4653 4647 4642 4629 4634 4661 4675 4671 4666 4660 4661 4667 4678 4693 4713 4732 4740 4740 4730 4720 4713 4711 4717 4715 4706 4694 4695 4694 4689 4671 4649 4627 4637 4645 4659 4688 4706 4709 4744 4764 4769 4769 4770 4747 4730 4709 4728 4694 4656 4633 4602 4584 4568 4552 4473 4360 4225 4093 4011 3956 3966 4232 3891 3692 4881 5031
4692 4691 4688 4684 4681 4677 4671 4666 4660 4658 4661 4664 4659 4666 4670 4664 4661 4660 4662 4668 4651 4634 4643 4656 4672 4670 4662 4656 4658 4669 4676 4708 4714 4720 4725 4724 4716 4701 4693 4708 4709 4706 4715 4720 4717 4703 4696 4677 4668 4666 4649 4640 4647 4666 4696 4738 4725 4732 4737 4742 4740 4694 4702 4692 4699 4686 4663 4631 4632 4632 4717 4867 4851 4691 4627 4575 4456 4389 4405 4653 4169 3979 5333 5361
4690 4690 4692 4688 4680 4675 4670 4667 4666 4665 4669 4670 4679 4673 4676 4667 4662 4659 4661 4656 4644 4639 4637 4645 4660 4668 4658 4646 4637 4654 4672 4690 4701 4707 4710 4708 4703 4693 4688 4701 4705 4703 4699 4716 4710 4700 4693 4675 4660 4650 4646 4620 4643 4667 4684 4685 4699 4705 4707 4701 4685 4670 4678 4678 4666 4671 4671 4639 4647 4697 4766 4841 4854 4823 4838 4914 4750 4716 4853 5008 4454 4222 5481 5511
4686 4685 4684 4683 4677 4671 4667 4666 4670 4674 4673 4674 4667 4666 4661 4654 4654 4655 4652 4647 4645 4635 4640 4654 4668 4665 4653 4641 4635 4635 4663 4679 4688 4693 4695 4697 4695 4691 4699 4690 4675 4678 4676 4687 4680 4665 4658 4654 4648 4644 4639 4626 4616 4644 4670 4683 4684 4684 4683 4667 4649 4645 4653 4663 4645 4653 4671 4671 4687 4707 4737 4760 4792 4799 4791 4788 4799 4821 4885 4867 4608 4678 5227 5345
4680 4679 4680 4676 4671 4667 4663 4663 4667 4676 4683 4680 4674 4665 4654 4648 4652 4651 4650 4653 4655 4653 4653 4665 4666 4654 4646 4639 4630 4626 4659 4669 4675 4678 4679 4680 4680 4679 4673 4677 4683 4667 4655 4647 4632 4622 4613 4631 4632 4632 4630 4643 4629 4627 4647 4676 4669 4664 4659 4645 4634 4635 4639 4631 4636 4652 4669 4673 4684 4696 4704 4710 4730 4735 4713 4713 4750 4775 4765 4717 4638 4721 5064 5084
4673 4671 4668 4667 4665 4662 4658 4655 4652 4668 4690 4681 4668 4657 4652 4646 4643 4643 4637 4633 4641 4641 4639 4646 4633 4641 4641 4639 4636 4640 4644 4655 4657 4662 4662 4661 4656 4664 4671 4666 4654 4643 4628 4624 4611 4620 4625 4625 4636 4635 4634 4634 4627 4631 4638 4637 4648 4648 4643 4642 4636 4622 4626 4643 4659 4658 4664 4670 4673 4674 4672 4665 4681 4685 4669 4673 4698 4710 4696 4668 4630 4681 4822 4852
4670 4667 4662 4662 4661 4659 4655 4651 4646 4658 4670 4668 4662 4654 4649 4644 4639 4639 4638 4637 4639 4637 4636 4630 4633 4636 4637 4636 4638 4628 4630 4643 4654 4649 4648 4645 4639 4644 4646 4637 4636 4628 4622 4613 4618 4618 4620 4620 4612 4619 4629 4631 4635 4629 4635 4633 4634 4638 4640 4639 4635 4626 4623 4643 4657 4657 4657 4656 4656 4653 4647 4643 4650 4650 4645 4645 4655 4658 4649 4632 4626 4651 4705 4721
4670 4668 4667 4662 4659 4656 4654 4652 4653 4654 4652 4654 4654 4651 4649 4647 4644 4638 4636 4637 4636 4632 4633 4637 4641 4637 4635 4631 4627 4619 4623 4631 4637 4637 4635 4631 4625 4628 4627 4623 4630 4612 4610 4614 4617 4620 4618 4618 4624 4610 4600 4609 4608 4612 4616 4617 4625 4630 4631 4632 4629 4630 4621 4640 4653 4658 4643 4640 4638 4636 4632 4629 4626 4627 4627 4627 4626 4623 4617 4610 4618 4633 4647 4657
4669 4669 4668 4663 4659 4656 4653 4651 4654 4652 4652 4652 4649 4646 4645 4644 4638 4633 4631 4629 4628 4629 4627 4628 4644 4637 4632 4626 4620 4617 4622 4624 4622 4628 4627 4624 4620 4622 4624 4629 4614 4609 4613 4606 4608 4607 4611 4614 4615 4610 4605 4611 4616 4621 4630 4623 4623 4624 4627 4633 4624 4612 4642 4623 4626 4629 4623 4622 4624 4625 4624 4621 4619 4619 4619 4615 4611 4606 4601 4598 4605 4611 4614 4622
4667 4667 4665 4661 4658 4654 4652 4648 4644 4647 4649 4648 4644 4639 4639 4634 4628 4625 4627 4625 4618 4622 4628 4635 4635 4632 4627 4623 4618 4615 4621 4622 4624 4622 4619 4617 4620 4620 4619 4618 4610 4614 4619 4600 4602 4599 4608 4615 4615 4615 4613 4618 4631 4643 4646 4632 4623 4618 4617 4616 4604 4558 4527 4574 4603 4594 4599 4605 4611 4617 4624 4622 4615 4612 4610 4605 4600 4594 4594 4592 4596 4600 4601 4604
4665 4664 4662 4660 4657 4653 4651 4649 4647 4646 4644 4641 4641 4640 4639 4638 4633 4626 4620 4624 4623 4636 4632 4626 4625 4626 4625 4624 4620 4621 4616 4615 4611 4612 4611 4609 4606 4607 4616 4619 4613 4617 4629 4602 4607 4608 4614 4626 4633 4627 4618 4618 4623 4632 4644 4631 4620 4612 4605 4606 4606 4598 4604 4596 4591 4586 4585 4591 4597 4604 4612 4612 4605 4602 4599 4595 4590 4585 4580 4583 4592 4593 4589 4593
4663 4663 4661 4658 4655 4652 4649 4648 4647 4644 4643 4644 4640 4638 4638 4640 4644 4631 4630 4629 4630 4638 4629 4622 4621 4623 4624 4625 4624 4621 4617 4611 4616 4609 4606 4603 4599 4600 4613 4622 4621 4624 4626 4620 4617 4619 4618 4623 4628 4628 4618 4616 4617 4619 4631 4622 4616 4608 4603 4605 4603 4593 4585 4596 4606 4583 4582 4584 4586 4588 4589 4593 4595 4592 4589 4587 4583 4577 4574 4574 4586 4589 4587 4587
4660 4657 4656 4654 4653 4651 4649 4644 4642 4641 4639 4638 4637 4637 4638 4637 4628 4630 4623 4632 4639 4636 4628 4625 4622 4622 4623 4625 4627 4625 4613 4616 4613 4607 4604 4601 4600 4605 4608 4611 4618 4613 4616 4607 4610 4611 4613 4617 4619 4620 4621 4615 4615 4616 4614 4616 4610 4604 4599 4595 4593 4588 4586 4591 4592 4582 4580 4581 4580 4578 4574 4582 4587 4591 4589 4584 4578 4572 4567 4569 4581 4583 4579 4580
4658 4655 4653 4653 4653 4651 4649 4647 4644 4640 4636 4632 4635 4641 4645 4643 4640 4635 4632 4633 4633 4649 4624 4622 4621 4622 4623 4624 4622 4613 4612 4613 4612 4607 4604 4602 4602 4609 4613 4610 4607 4603 4603 4598 4606 4599 4601 4608 4607 4601 4605 4609 4610 4611 4610 4611 4604 4598 4594 4589 4588 4587 4592 4588 4582 4577 4581 4580 4578 4575 4574 4577 4583 4586 4586 4581 4575 4570 4568 4572 4579 4577 4572 4573
4657 4654 4652 4652 4653 4652 4651 4649 4645 4640 4636 4633 4634 4637 4641 4644 4653 4629 4630 4632 4643 4623 4621 4617 4618 4620 4621 4621 4619 4613 4613 4624 4628 4613 4607 4606 4606 4608 4609 4604 4598 4589 4595 4603 4597 4590 4591 4591 4596 4596 4600 4603 4605 4610 4606 4599 4595 4592 4591 4589 4586 4588 4587 4584 4579 4577 4583 4583 4580 4575 4574 4575 4579 4590 4584 4576 4571 4568 4567 4572 4572 4570 4571 4573
4659 4656 4654 4653 4652 4651 4650 4651 4646 4641 4636 4632 4631 4631 4630 4634 4632 4627 4626 4629 4631 4611 4620 4617 4616 4618 4620 4620 4620 4619 4621 4624 4627 4617 4610 4607 4606 4606 4598 4597 4595 4592 4590 4592 4594 4591 4588 4588 4591 4594 4593 4596 4599 4599 4597 4590 4588 4586 4584 4585 4586 4584 4590 4586 4581 4582 4589 4585 4581 4576 4571 4570 4570 4570 4571 4568 4565 4563 4563 4564 4564 4565 4569 4571
