real_craters/C160-300m.grd
DSAA
384 384
-57.47 57.47
-57.47 57.47
2880.7710157867 5595.3204362222
[rows 150 to 179 of 384, columns 268 to 334 of 384]
4684.51 4687.17 4682.77 4680.71 4674.74 4669.15 4668.94 4671.57 4671.62 4671.21 4670.08 4661.91 4665.82 4664.73 4661.49 4661.24 4661.55 4656.5 4651.13 4646.11 4641.38 4637.06 4634.04 4634.89 4640.97 4647.91 4650.91 4650.28 4644.84 4641.14 4635.9 4629.99 4621.57 4617.22 4619.74 4622.06 4621.33 4616.99 4612.89 4609.4 4606.23 4603.94 4602 4600.77 4599.07 4595.61 4591.77 4587.55 4586.51 4588.58 4591.71 4593.85 4594.65 4594.32 4592.16 4587.76 4581.7 4577.15 4575.82 4574.08 4571.98 4572.39 4571.51 4572.71 4575.69 4577.97 4579.75
4676.75 4673.41 4673.72 4671.5 4669.29 4673.06 4680.47 4691.24 4678.8 4671.08 4665.23 4660.79 4659.57 4659.57 4660.87 4658.96 4656.69 4653.97 4649.79 4645.29 4640.95 4636.52 4631.92 4630.11 4633.18 4639.01 4648.96 4650.99 4643.42 4638.28 4634.53 4630.81 4626.21 4619.9 4615.74 4614.21 4612.66 4612.04 4611.46 4610.81 4610.13 4609.24 4609 4609.34 4608.27 4605.36 4600.87 4593.79 4591.9 4596.77 4600.16 4602.03 4602.92 4602.87 4599.89 4592.95 4580.82 4571.16 4569.65 4569.73 4568.17 4568.01 4567.58 4570.59 4573.12 4575.94 4578.29
4671.35 4671.72 4671.31 4668.82 4668.68 4670.55 4673.15 4671.92 4669.09 4666.13 4661.5 4658.57 4654.67 4651.78 4651.03 4656.79 4656.52 4651.75 4647.58 4643.83 4640.61 4637.59 4632.95 4629.77 4631.91 4636.33 4643.35 4639.99 4634.96 4634.31 4631.7 4629.56 4626.38 4614.25 4610.97 4608.4 4605.73 4608.27 4610.73 4612.39 4614.36 4617.17 4619.51 4618.25 4618.47 4620.26 4616.57 4610.25 4607.77 4609.57 4610.93 4612.07 4612.66 4612.48 4610.74 4606.13 4596.61 4583.42 4575 4571.27 4567.42 4566.79 4567.05 4569.94 4573.1 4576.23 4578.8
4666.29 4669.04 4669.06 4665.73 4663.52 4667.68 4666.06 4658.35 4659.93 4661.3 4657.73 4650.59 4648.5 4652.42 4652.81 4652.22 4650.92 4647.8 4644.72 4642.14 4639.93 4639.28 4640.12 4634.83 4635.13 4636.17 4637.33 4638.56 4634.95 4632.11 4628.2 4622.71 4615.74 4611.31 4610.53 4608.06 4606.53 4608.26 4611.17 4614.25 4617.52 4620.92 4623.56 4624.13 4625.23 4627.41 4630.07 4634.76 4629.03 4623.52 4622.07 4621.98 4622.3 4622.83 4623.04 4620.43 4609.64 4587.77 4584.67 4579.31 4572.25 4568.4 4568.31 4571.64 4575.4 4578.41 4580.78
4660.22 4660.78 4660.94 4665.37 4670.12 4670.44 4667.58 4662.95 4662.08 4661.46 4658.1 4654.15 4651.33 4649.87 4648.09 4646.22 4644.19 4642.42 4641.02 4639.52 4638.24 4637.92 4638.17 4636.66 4634.98 4634.86 4633.94 4635.83 4635.26 4631.95 4626.91 4619.68 4616.27 4620.13 4615.59 4609.86 4608.04 4609.34 4612.76 4616.23 4619.66 4622.59 4625.66 4626.5 4628.33 4631.54 4635.93 4639.83 4637.62 4633.08 4630.6 4629.84 4630.14 4631.6 4633.74 4636.59 4629.3 4612.2 4601.74 4593.62 4585.62 4574.91 4573.38 4575.92 4577.96 4579.43 4580.65
4654.76 4655.63 4657.9 4665.94 4675.9 4674.72 4672.39 4671.15 4668.98 4664.79 4661.12 4657.28 4651.77 4644.35 4637.59 4632.74 4635.08 4637.13 4637.74 4637.26 4635.95 4634.23 4633.11 4635.49 4634.84 4635.52 4635.02 4633.16 4635.8 4633.95 4629.6 4623.71 4618.96 4614.45 4611.4 4610.59 4608.98 4611.75 4615.44 4618.35 4621.36 4623.81 4624.35 4628.55 4629.64 4630.75 4637.07 4641.86 4640.31 4637.74 4635.77 4634.93 4635.12 4636.6 4639.02 4642.62 4642.53 4635.08 4618.44 4609.65 4604.44 4593.54 4586.29 4584.8 4584.78 4584.86 4585.19
4650.27 4651.73 4655.69 4662.55 4671.77 4674.1 4673.73 4674.51 4672.94 4667.5 4662.39 4659 4655.78 4638.43 4629.52 4626.66 4630.36 4633.86 4635.45 4635.62 4634.56 4632.73 4632.23 4634.38 4639.18 4638.21 4641.47 4646.21 4641.43 4638.17 4634.44 4630.49 4622.76 4615.67 4612.89 4614.4 4616.98 4618.6 4619.24 4620.95 4623.17 4626.06 4631.11 4631.66 4633.26 4634.67 4637.21 4638.79 4639.96 4639.27 4638.44 4638.05 4638.3 4638.72 4638.95 4637.39 4635.34 4631.59 4624.75 4619.63 4620.06 4612.98 4600.61 4595.29 4592.91 4591.52 4590.82
4646.53 4645.8 4647.45 4653.21 4663.37 4668.07 4669.81 4672.54 4672.73 4666.55 4660.07 4652.95 4643.15 4625.22 4625.93 4626.2 4631.45 4634.22 4635.8 4636.26 4635.49 4633.59 4633.73 4636.05 4636.2 4638.11 4639.74 4646.2 4645.69 4641.85 4637.82 4634.71 4626.45 4619.94 4618.57 4618.49 4620.19 4620.93 4621.95 4622.78 4624.05 4626.02 4627.55 4631.99 4636.52 4638.52 4636.84 4637.43 4639.07 4639.84 4639.97 4640.13 4640.12 4639.34 4638.11 4635.84 4629.66 4626.45 4625.26 4622.09 4618.68 4615.41 4607.65 4601.04 4597.26 4594.52 4592.74
4643.37 4639.19 4635.42 4638.87 4649.11 4656.57 4661.46 4665.49 4666.13 4662.17 4655.66 4646.59 4633.74 4625.87 4632.77 4639.19 4636.58 4636.13 4636.9 4638.06 4639.14 4637.47 4637.97 4640.18 4641.11 4640.41 4642.18 4649.84 4648.19 4643.77 4638.22 4631.24 4625.42 4619.03 4621.18 4620.72 4621.7 4623.44 4624.31 4624.09 4623.8 4624.02 4627.69 4627.84 4629.64 4633.84 4635.83 4636.04 4638.89 4639.79 4640.34 4640.9 4640.73 4639.93 4638.54 4636.69 4637.06 4631.04 4625.41 4622.3 4619.91 4612.94 4608.39 4603.37 4600.13 4597.13 4595.03
4644.14 4637.77 4627.15 4627.9 4636.94 4644.28 4653.2 4658.58 4659.46 4659.14 4653.66 4645.3 4636.34 4633.07 4637.63 4641.44 4638.72 4637.52 4637.95 4640.02 4644.02 4650.57 4647.71 4644.03 4643.77 4646.3 4652.04 4654.66 4650.18 4644.16 4638.08 4632.86 4627.74 4624.91 4620.74 4621.33 4624.65 4627.28 4626.78 4625.21 4622.68 4619.25 4613.84 4611.7 4615.61 4624.12 4636.07 4639.79 4637.73 4638.65 4639.97 4641.52 4641.43 4640.43 4639.5 4639.2 4636.97 4630.13 4622.11 4618.16 4617.34 4612.4 4608.03 4605.9 4602.75 4600.32 4598.58
4650.73 4646.14 4639.18 4637.97 4639.77 4641.34 4649.94 4657.46 4662.49 4659.84 4653.39 4646.12 4639.49 4635.34 4635.18 4636.58 4636.7 4636.59 4637.7 4639.99 4644.51 4651.47 4650.88 4648.1 4645.91 4645.98 4655.95 4656.23 4649.1 4642.43 4636.28 4631.04 4628.5 4626.94 4618.99 4620.68 4625.26 4628.22 4629.03 4626.33 4622.06 4616.6 4609.96 4605.79 4608.26 4614.25 4620.56 4627.65 4632.4 4635.97 4638.9 4641.63 4642.14 4640.78 4638.14 4636.56 4633.09 4626.34 4614.91 4603.95 4606.11 4608.67 4607.52 4606.28 4604.2 4602.53 4601.28
4659.44 4660.34 4664.39 4665.83 4653.8 4647.64 4650.93 4657.62 4664.21 4660.22 4652.51 4646.4 4641.32 4635.36 4631.95 4632.78 4634.52 4635.32 4636 4637.34 4639.14 4640.64 4647.57 4649.2 4645.32 4630.96 4643.58 4647.97 4642.72 4637.94 4633.92 4629.88 4625.87 4621.45 4617.59 4619.38 4626.79 4635.63 4632.27 4627.19 4622.46 4617.37 4611.41 4605.9 4605.13 4607.53 4610.98 4618.81 4626.87 4633.67 4638.81 4642.26 4643.75 4642.68 4639.49 4638.5 4637.35 4626.59 4611.38 4595.05 4604.02 4609.05 4605.92 4605.86 4604.88 4604.14 4603.59
4667.52 4671.71 4678.25 4680.29 4665.07 4649.81 4653.94 4655.97 4655.9 4651.67 4648.48 4644.4 4641.71 4633.3 4632.09 4632.14 4633.05 4633.83 4634.2 4634.13 4634.61 4638.82 4646.87 4653.71 4647.53 4630.16 4622.53 4631.76 4633.41 4631.75 4629.83 4626.75 4622.8 4619.76 4614.62 4615.52 4623.57 4630.16 4629.53 4626.55 4622.85 4619.46 4617.37 4616.22 4608.11 4605.65 4605.28 4614.5 4624.1 4632.55 4639.66 4644.96 4648.09 4647.82 4644.24 4645.77 4646.54 4628.94 4614.4 4604.97 4603.36 4603.22 4604.04 4603.87 4603.97 4604.08 4604.18
4674.04 4678.24 4682.46 4682.22 4674.57 4668.4 4660.27 4655.76 4649.54 4647.55 4645.12 4640.04 4632.72 4625.73 4627.94 4630.58 4632.42 4633.17 4633.15 4632.02 4630.08 4631.79 4645.75 4658.95 4649.88 4631.07 4621.29 4624.75 4627.1 4625.72 4622.68 4620.77 4618.98 4617.41 4612.47 4611.88 4618.68 4623.62 4625.77 4624.65 4622.32 4620.3 4619.08 4617.8 4610.38 4607.23 4608.86 4615.17 4624.21 4633.5 4642.02 4649.18 4654.16 4656.05 4653.78 4646.7 4638.77 4624.83 4614.51 4606.95 4594.97 4595.65 4598.75 4599.83 4600.6 4601.11 4601.52
4676.37 4679.9 4683.27 4684.94 4677.96 4669.85 4663.24 4657.96 4654.83 4650.28 4643.85 4638 4629.99 4625.25 4626.26 4631.64 4633.12 4633.24 4632.95 4632.86 4633.3 4635.87 4642.44 4643.87 4641.86 4632.25 4628.03 4627.27 4626.58 4623.36 4617.34 4616.67 4615.74 4612.59 4608.53 4611.44 4617.63 4622.34 4623.76 4623.08 4621.7 4620.05 4617.97 4613.81 4610.51 4608.66 4609.93 4616.83 4626.3 4635.68 4645.18 4653.23 4660.03 4664.14 4661.63 4638.4 4621.55 4615.36 4608.67 4601.64 4592.42 4592.84 4595.51 4597.29 4598.66 4599.82 4600.77
4676.43 4678.7 4680.38 4680.28 4676.82 4670.09 4664.32 4658 4651.23 4645.53 4642.64 4639.71 4636.38 4634.73 4640.83 4636.06 4634.1 4634.17 4633.16 4633.93 4638.72 4641.91 4644.15 4645.56 4643.96 4652.35 4638.5 4633.94 4631.23 4627.37 4620.88 4619.08 4616.65 4613.37 4612.77 4616.77 4618.27 4620.82 4621.99 4621.57 4620.79 4619.79 4618.46 4618.63 4617.28 4612.12 4611.84 4619.21 4628.5 4638.4 4648.22 4657.42 4664.59 4668.92 4663.77 4629.66 4612.17 4608.85 4604.66 4599.24 4595.54 4593.51 4593.84 4595.14 4596.68 4598.1 4599.4
4675.2 4675.69 4675.35 4674.4 4670.96 4669.67 4664.64 4656.5 4649.52 4644.29 4640.47 4640.29 4642.87 4635.84 4637.34 4636.23 4634.48 4633.47 4633.63 4633.83 4629.48 4636.61 4643.89 4644.81 4639.49 4644.08 4642.18 4640.58 4638.47 4636.36 4633.75 4626.61 4621.07 4616.99 4615.64 4616.84 4618.81 4619.27 4618.88 4619.84 4619.73 4619.07 4618.27 4618.58 4620.47 4616.56 4617.09 4622.56 4631.24 4640.84 4650.78 4660.05 4666.88 4668.29 4657.86 4627.47 4613.18 4608.96 4605.47 4600.96 4595.05 4593.91 4594.53 4596.17 4598.06 4599.77 4601.31
4671.39 4671.12 4669.22 4664.13 4663.04 4664.66 4660.64 4651.99 4644.64 4639.68 4635.18 4631.38 4630.64 4634.02 4635.64 4634.52 4632.97 4632.39 4633.74 4636.88 4643.39 4641.23 4641.05 4640.6 4638.87 4643.23 4649.59 4646.87 4644.4 4643.02 4641.25 4632.67 4625.69 4620.25 4616.72 4619.62 4620.95 4620.04 4619.88 4619.03 4619.11 4618.86 4617.5 4615.9 4621.01 4617.86 4619.35 4625.59 4633.54 4642.83 4652.57 4661.87 4668.99 4670.52 4657.37 4633.34 4621.31 4614.87 4607.33 4598.26 4592.94 4592.8 4593.57 4594.99 4596.41 4598.08 4599.71
4668.26 4666.2 4664.76 4663.55 4662.07 4658.65 4654 4642.53 4636.31 4632.6 4628.69 4626.01 4627.59 4633.98 4635.34 4631.77 4629.81 4629.49 4631.26 4635.52 4641.94 4641.95 4643.51 4641.78 4641.41 4650.18 4653.45 4649.94 4646.95 4644.17 4640.23 4635.56 4629.68 4624.43 4621.15 4626.37 4624.79 4620.78 4616.65 4618.15 4619.27 4620.22 4620.09 4614.24 4617.21 4620.16 4622.05 4627.28 4635.25 4644.28 4653.4 4662.45 4670.77 4678.3 4670.12 4644.1 4632.9 4626.02 4617.43 4602.4 4595.11 4594.84 4595.78 4597.09 4598.6 4600.15 4601.73
4664.31 4661.71 4659.53 4658.12 4654.87 4643.76 4629.76 4629.85 4625.72 4620.91 4622.54 4627.74 4632.48 4633.71 4630.53 4626.54 4624.76 4624.36 4625.24 4627.56 4630.89 4632.17 4636.1 4636.97 4639.36 4646.23 4650.6 4649.01 4646.55 4645.18 4641.95 4636.85 4632.74 4629.52 4628.94 4632.25 4627.08 4622.41 4621.24 4619.57 4620.29 4622.48 4626.53 4633.2 4616.61 4614.48 4619.86 4627.39 4635.9 4644.66 4653.31 4661.35 4667.57 4670.7 4666.47 4653.09 4643.28 4638.5 4634.7 4611.53 4601.55 4599.83 4599.85 4600.45 4601.39 4602.37 4603.45
4659.5 4655.74 4652.51 4649.5 4645.62 4634.16 4628.23 4622.17 4619.61 4617.14 4622.37 4633.34 4643.19 4642.52 4625.3 4620.59 4619.2 4618.27 4617.94 4617.25 4616.42 4618.64 4616.14 4627.13 4635.53 4650.54 4647.57 4645.51 4643.23 4641.2 4639.48 4637.29 4635.19 4633.5 4632.85 4629.23 4626.21 4623.24 4618.98 4619.13 4621.2 4622.73 4623.23 4620.8 4616.12 4611.68 4619.46 4627.73 4636.43 4644.67 4652.47 4658.82 4662.49 4660.56 4657.45 4653.36 4649.13 4644.28 4637.99 4619.39 4610.24 4607 4605.72 4605.38 4605.11 4605.43 4605.96
4655.54 4650.19 4644.11 4637.02 4628.17 4621.1 4615.88 4616.15 4618.25 4621.99 4626.98 4629.79 4649.08 4662.14 4629.67 4617.22 4614.24 4613.13 4612.1 4610.94 4610.36 4611.57 4616.36 4622.55 4632.06 4633.11 4639.99 4640.67 4638.7 4635.71 4636 4636.8 4636.88 4636.3 4634.27 4630.43 4630.13 4626.06 4620.45 4621.35 4623.6 4623.79 4621.24 4617.54 4617.21 4621.57 4623.15 4629.11 4636.83 4644.16 4651.39 4656.9 4660.81 4663.17 4658.58 4655.7 4653.8 4649.09 4637.28 4627.95 4620.44 4616.02 4613.24 4611.7 4610.94 4610.53 4610.62
4650.69 4644.58 4637.26 4628.28 4617.05 4613.28 4610.58 4614.66 4618.58 4623.09 4628.98 4640.24 4641.78 4642.5 4623.54 4613.01 4610.89 4610.13 4608.75 4607.37 4607.31 4607.7 4609.06 4618.92 4628.85 4630.63 4635.21 4637.23 4635.96 4631.61 4635.15 4637.97 4639.31 4640.07 4640.65 4642.98 4639.07 4633.23 4629.83 4629.59 4629.62 4627.87 4625.71 4621.97 4617.55 4618.57 4624.27 4630.02 4636.65 4643.42 4650.31 4655.57 4658.98 4658.07 4653.7 4654.79 4660.21 4661.46 4650.84 4639.3 4629.82 4623.5 4618.87 4615.84 4613.79 4612.43 4611.57
4647.59 4641.46 4634.17 4625.97 4617.64 4615.83 4619.36 4620.75 4619.49 4619.79 4621.14 4621.57 4624.79 4620.23 4610.69 4608.34 4610.3 4610.44 4608.74 4604.24 4605.69 4609.89 4612.85 4615.39 4622.05 4632 4635.3 4637.31 4637.84 4638.64 4638.97 4640.73 4642.1 4643.22 4644.79 4644.79 4638.44 4639.22 4641.53 4641.59 4637.55 4633.14 4627.81 4624.3 4622.33 4621.82 4625.62 4630.46 4635.9 4642.5 4648.97 4655.21 4660.21 4660.21 4655.02 4658.91 4667.47 4674.86 4666.57 4649.09 4637.59 4629.29 4622.97 4618.44 4615.13 4612.72 4611
4646.98 4641.67 4635 4628.18 4621.64 4620.48 4626.59 4624.87 4619.06 4616.18 4616.18 4617.04 4615.61 4613.71 4613.98 4614.47 4614.23 4614.81 4614.45 4613.1 4612.38 4613.91 4614.22 4613.18 4615.97 4630.43 4636.34 4638.82 4640.82 4642.33 4643.56 4644.18 4644.46 4644.84 4643.95 4638.07 4638.76 4643.89 4648.79 4649.43 4643.76 4638.67 4632.86 4627.37 4622.83 4624.09 4626.75 4630.86 4635.75 4641.67 4647.28 4654.35 4662.17 4667.02 4663.38 4665.22 4671.2 4675.34 4664.49 4652.56 4642.2 4634.1 4627.35 4622.31 4618.49 4615.59 4613.4
4648.61 4644.28 4639.69 4633.59 4627.8 4624.67 4623.05 4620.04 4618.17 4613.44 4610.98 4620.55 4618.19 4616.41 4617.91 4618.51 4620.35 4621.92 4623.22 4623.55 4620.21 4619.21 4617.38 4615.52 4616.22 4625.23 4633.11 4639.84 4645.29 4647.1 4648.83 4648.28 4647.47 4646.84 4646.41 4648.83 4647.49 4646.51 4648.68 4649.23 4645.46 4642.92 4640.59 4631.03 4624.02 4626.59 4628.03 4630.79 4634.72 4639.41 4645.02 4651.31 4658.02 4662.95 4665.82 4667.15 4669.44 4668.11 4661.54 4653.56 4644.71 4637.42 4631.19 4626.23 4622.29 4619.14 4616.59
4653.08 4650.21 4646.07 4642.16 4639.04 4637.31 4632.09 4627.49 4622.55 4618.11 4620.69 4634.76 4629.66 4626 4625.05 4625.87 4627.32 4628.93 4631.08 4633.03 4624.69 4616.03 4616.97 4620.03 4620.2 4620.78 4628.14 4640.6 4653.1 4657.76 4653.91 4651.65 4649.86 4648.5 4647.37 4645.83 4644.6 4645.64 4644.83 4640.28 4644.66 4643.61 4641.15 4631.38 4624.21 4627.1 4627.76 4629.81 4633.21 4637.15 4641.66 4646.7 4651.44 4654.42 4658.58 4664.44 4669.44 4663.89 4659.35 4653.2 4644.34 4637.24 4631.22 4626.36 4622.4 4619.11 4616.31
4658.34 4655.93 4653.78 4650.91 4649.59 4648.36 4639.16 4633.84 4629.9 4629.66 4635.61 4640.91 4635.7 4632.87 4632.76 4634.38 4634.03 4634.39 4635.16 4634.24 4628.09 4621.21 4620.46 4622.44 4626.17 4624.64 4629.83 4641.12 4650.7 4655.43 4654.85 4653.12 4651.3 4649.12 4646.72 4643.48 4642.91 4644.59 4648.74 4654.38 4649.01 4642.06 4634.22 4629.37 4624.81 4624.06 4624.45 4627.06 4630.63 4634.71 4638.39 4641.71 4644.07 4645.32 4647.99 4659.77 4669.99 4674.19 4662.59 4650.72 4642.47 4636.14 4631.2 4627.16 4623.75 4620.79 4618.15
4663.45 4662.48 4661.67 4659.21 4654.47 4645.95 4641.53 4635.92 4637.96 4639.55 4644.61 4643.26 4639.75 4637.11 4637.01 4638.56 4637.91 4637.38 4637.49 4636.39 4633.32 4625.91 4626.39 4626.64 4624.39 4629.66 4636.02 4641.06 4649.55 4652.39 4653.37 4653.32 4652.46 4650.75 4648.09 4645.45 4640.04 4644.64 4652.06 4656.54 4650.11 4640.78 4632.5 4625.79 4621.71 4617.27 4620.57 4624.69 4628.39 4631.64 4634.74 4637.49 4638.97 4641.63 4647 4654.58 4661.29 4660.71 4649.18 4642.81 4637.7 4633.81 4630.38 4627.32 4624.52 4621.87 4619.67
4668.47 4669.75 4670.45 4669.22 4665.87 4657.31 4655.67 4653.29 4648.71 4645.32 4641.71 4638.96 4639.41 4636.66 4636.86 4639.39 4638.13 4637.49 4638.88 4639.87 4639.87 4641.7 4632.3 4627.87 4628.24 4630.25 4635.05 4637.78 4636.59 4646.35 4651.37 4653.01 4653.2 4652.74 4650.48 4645.61 4642.73 4648.48 4651.38 4652 4646.45 4637.32 4628.88 4621.74 4616.27 4616.23 4619.29 4622.87 4626.41 4629.7 4632.55 4634.87 4637.1 4639.13 4643.32 4649 4652.4 4648.01 4634.6 4633.42 4632.43 4631.11 4629.2 4627.13 4624.94 4622.68 4621.14
