real_craters/C160-1000m.grd
DSAA
67 67
-32.84 32.84
-32.84 32.84
5267.7121293795 7161.8316632526
[rows 0 to 29 of 67, columns 0 to 66 of 67]
6702.34 6647 6602.25 6550.45 6560.39 6589.59 6627.08 6666.08 6701.39 6720.82 6751.28 6757.11 6740.35 6710.91 6684.71 6697.69 6721.98 6746.29 6773.53 6795.02 6787.52 6778.85 6830.43 6881.05 6916.85 6944.83 6940.84 6896.72 6929.65 6876.44 6885.21 6916.2 6945.87 6920.7 6859.21 6841.97 6864.28 6893.75 6919.92 6943.23 6937.67 6915.37 6867.05 6878.23 6895.26 6916.06 6942.84 6956.85 6942.56 6914.29 6935.11 6924.86 6941.54 6938.91 6916.02 6927.55 6898.01 6894.76 6870.39 6798.97 6731.26 6670.59 6643.04 6655.54 6657.76 6656.16 6656.34
6710.85 6668.28 6598.94 6567.01 6586.47 6609.25 6640.01 6685.81 6716.16 6763.21 6739.42 6766.98 6799.04 6768.02 6727.4 6748.46 6730.1 6738.15 6749.34 6770.11 6798.58 6813.44 6869.47 6912.34 6952.6 6965.95 6913.92 6852.78 6842.27 6803.95 6839.08 6885.71 6917.28 6915.82 6891.66 6884 6883.11 6897.28 6939.54 6903.75 6877.07 6858.55 6821.57 6829.53 6857.86 6899.55 6962.5 7049.41 7013.51 6967.61 6946.06 6975.86 6940.28 6934.74 6917.51 6874.61 6867.65 6852.52 6868.32 6815.74 6750.29 6683.22 6653.36 6666.84 6660.76 6651.03 6644.37
6735.87 6644.86 6571.85 6569.07 6598.18 6622.57 6656.11 6682.13 6727.58 6739.89 6754.4 6762.9 6783.34 6770.15 6739.01 6743.91 6751.71 6744.62 6743.44 6750.91 6814.4 6906.68 6913.8 6941.2 6973.39 6936.83 6895.78 6848.05 6792.96 6774.52 6815.2 6873.58 6924.29 6956.19 6936.18 6914.38 6894.79 6875.11 6834.78 6871 6889.91 6844.99 6790.44 6791.49 6819.39 6859.24 6896.94 6935.96 7019.45 7052.96 6997.8 6952.43 6952.74 6957 6917.93 6896.02 6858.94 6842.66 6855.93 6819.64 6768.31 6720.94 6688.53 6680.47 6664.64 6649.18 6636.09
6678.59 6624.62 6571.42 6575.75 6592.27 6636.91 6696.49 6731.42 6756.9 6767.43 6766.86 6747.34 6718.33 6724.38 6723.81 6736.24 6770.33 6735.12 6708.97 6729.13 6805.12 6874.07 6909.14 6937.88 6959.44 6890.51 6870.57 6877.41 6806.76 6783.9 6811.79 6866.8 6928.12 6981.61 6991.34 6927.26 6897.26 6873.93 6847.23 6895.08 6911.78 6850.9 6783.82 6770.81 6791.47 6815.1 6826.27 6839.62 6929.49 6978.06 6968.97 6972.77 6950.64 6936.65 6900.54 6873.33 6853.44 6850.52 6854.68 6824.36 6783.89 6740.29 6702.27 6691.27 6668.04 6644.5 6629.86
6642.18 6613 6597.1 6626 6656.28 6711.84 6774.36 6814.75 6820.06 6802.18 6779.2 6745.71 6721.92 6714.74 6718.02 6710.41 6716.24 6714.44 6707.83 6731.45 6784.75 6832.44 6881.14 6904.73 6876.19 6855.1 6824.8 6796.79 6786.58 6785.04 6811.13 6853.43 6902.71 6922.8 6896.95 6901.54 6889.98 6889.76 6921.86 6952.84 6913 6857.91 6803.88 6783.82 6782.11 6790.37 6812.65 6828.98 6846.04 6888.85 6924.08 6915.64 6919.59 6921.87 6878.08 6853.99 6861.54 6869.27 6874.69 6840.09 6793.13 6758.04 6727.86 6702.71 6669.21 6636.19 6608.69
6628.84 6611.25 6636.66 6703.03 6781.6 6848.88 6859 6885.14 6848.46 6778.48 6761.95 6746.71 6735.2 6735.42 6723.35 6710.72 6704.69 6699.26 6715.84 6720.93 6772.39 6832.25 6862.97 6892.15 6937.75 6858.54 6801.92 6764.67 6767.58 6772 6794.49 6825.25 6862.64 6902.58 6893.82 6885.71 6882.31 6885 6896.88 6894.02 6880.32 6847.97 6813.14 6788.34 6774.29 6773.12 6783.32 6791.12 6796.42 6820.09 6891.07 6985.05 6934.17 6911.82 6902.02 6876.94 6927.18 7001.63 6909.92 6849.63 6803.41 6767.96 6736.05 6697.65 6654.78 6609.72 6567.45
6603.53 6621.67 6701.88 6775 6833.7 6880.26 6862.25 6865.82 6828.23 6754.56 6750.93 6751.44 6754.45 6775.51 6771.79 6717.23 6679 6672.69 6710.89 6759.04 6797.93 6799.79 6811.96 6858.14 6925.2 6842.31 6782.86 6745.91 6732.97 6739.79 6761.57 6784.36 6810.59 6843.39 6864.34 6869.92 6870.93 6873.13 6862.99 6844.61 6842.6 6825.54 6805.39 6794.85 6750.86 6726.83 6699.82 6707.78 6724.31 6743.46 6785.42 6879.44 6948.93 6919.84 6880.92 6877.83 6906.49 6934.97 6898.23 6848.1 6802.25 6759.79 6718.75 6687.2 6639.97 6589.17 6537.33
6608.22 6642.43 6777.81 6823.2 6802.98 6756.68 6798.88 6810.8 6780.47 6732.67 6764 6765.65 6772.3 6797.55 6785.79 6728.96 6660.11 6657.37 6705.62 6773.6 6824.26 6804.53 6796.63 6791.84 6783.18 6767.68 6738.68 6718.47 6675.24 6700.24 6731.19 6736.4 6745.01 6761.5 6825.33 6843.96 6853.33 6857.48 6859.33 6862.89 6832.12 6795.77 6763 6727.61 6697.19 6674.95 6647.76 6650.61 6659.08 6691.1 6711.26 6750.29 6847.75 6908.6 6918.77 6848.91 6853.74 6878.22 6865.48 6836.52 6794.91 6754.32 6729.94 6685.56 6634.29 6583.95 6534.4
6645.26 6688.65 6820.63 6821.07 6776.78 6770.81 6746.29 6738.26 6715.76 6724.79 6789.06 6773.03 6773.09 6779.97 6767.68 6723.88 6675.51 6684.1 6713.46 6739.86 6790.54 6796.43 6785.08 6766.59 6733.33 6725.5 6689.88 6653.57 6632.24 6660.17 6687.59 6686.7 6685.01 6697.15 6783.08 6811.63 6825.33 6838.05 6852.02 6850.92 6802.7 6752.66 6704.41 6653.81 6636.45 6633.15 6629.93 6634.6 6648.59 6683.87 6712.13 6715.01 6734.29 6779.54 6830.95 6821.73 6853.48 6852.96 6826.74 6806.55 6772.71 6734.41 6699.01 6666.26 6638.5 6599.69 6555.44
6707.67 6678.35 6723.21 6736.44 6707.86 6681.91 6687.4 6710.99 6746.18 6726.78 6734.84 6760.87 6766.26 6766.6 6755.53 6738.54 6736.26 6803.16 6838.98 6889.87 6807.35 6786.1 6753.02 6717.69 6696.08 6684.16 6654.21 6624.1 6599.62 6613.64 6639.08 6638.04 6647.39 6672.77 6737.01 6779.59 6791.69 6797.23 6805.71 6792.6 6747.44 6708 6661.81 6616.71 6598.82 6595.39 6592.57 6614.1 6640.69 6627.79 6659.11 6677.48 6682.59 6704.61 6738.29 6792.21 6820.52 6827.19 6803.06 6777.65 6750.32 6722.14 6686.68 6673.06 6670.38 6648.05 6605.2
6702.37 6646.5 6630.45 6627.78 6621.6 6604.38 6624.48 6666.11 6699.66 6719.85 6756.35 6756.45 6757.59 6756.11 6755.8 6747.5 6763.01 6822.38 6927.17 7058.74 6904.08 6819.07 6749.83 6686.14 6663.95 6659.59 6686.62 6662.43 6576.8 6564.85 6550.09 6589.14 6631.7 6674.76 6751.4 6748.08 6748.58 6744.3 6728.31 6705.27 6690.95 6669.7 6632.31 6597.12 6578.3 6572.01 6564.68 6574.14 6581.57 6573.68 6574.28 6602.88 6624.46 6676.52 6717.51 6779.96 6821.29 6801.96 6773.62 6755.18 6741.23 6729.92 6736.83 6733.95 6718.1 6715.49 6717.21
6688.74 6626.66 6595.53 6569.33 6570.55 6565.11 6586.58 6619.86 6627.13 6675.7 6743.66 6751.7 6759.96 6772.74 6767.91 6754.9 6740.02 6779.69 6872.4 6959.48 6947.92 6839.23 6737.68 6693.31 6666.52 6621.43 6545.22 6670.92 6573.01 6553.15 6534.67 6570.95 6636.89 6688.05 6693.99 6709.04 6715.58 6708.28 6683.77 6684.59 6680.8 6649.05 6616.05 6581.56 6564.28 6563.26 6556.91 6537.55 6529.57 6552.19 6561.97 6572.42 6588.38 6613.16 6681.27 6808.38 6902.83 6783.03 6738.43 6713.7 6713.84 6722.14 6734.07 6742.5 6744.75 6757.37 6793.44
6689.39 6630.39 6631.77 6565.69 6556.38 6562.71 6582.36 6616.45 6662.74 6701.26 6715.6 6730.24 6760.63 6786.54 6788.16 6775.85 6761.31 6811.94 6880.95 6887.41 6865.79 6812.32 6748.46 6683.52 6690.91 6684.39 6762.49 6683.81 6595.85 6587.55 6560.37 6596.56 6656.55 6681.87 6681.8 6696.13 6714.54 6706.3 6666.54 6660.58 6653.95 6640.34 6612.55 6575.97 6552.92 6551.49 6551.08 6529.69 6497.49 6474.24 6525.46 6531.86 6539.1 6562.94 6647.33 6795.67 6875.4 6747.41 6706.59 6699.37 6706.14 6719.88 6731.88 6737.85 6748.53 6751.36 6739.81
6671.57 6599.84 6644.28 6578.84 6563.3 6572.58 6596.71 6637.88 6685.12 6736.95 6701.71 6701.06 6764.48 6805.56 6811.93 6802.67 6819.33 6964.76 6956.14 6950.41 6891.66 6813.92 6776.1 6750.31 6726.61 6736.83 6731.9 6666.41 6695.45 6710.7 6676.08 6710.42 6778.81 6774.64 6712.14 6725.23 6774.77 6782.7 6730.29 6695.75 6652.45 6666.98 6632.46 6575.4 6523.16 6531.41 6547.79 6567.09 6509.82 6459.32 6450.65 6473.03 6490.74 6518.78 6586.96 6685.42 6683.92 6656.6 6665.13 6686.25 6702.66 6718.13 6739.75 6755.15 6757.15 6738.99 6708.68
6669.38 6614.42 6637.25 6595.36 6586.88 6597.99 6627.5 6665.89 6711.19 6723.41 6709.47 6719.86 6793.27 6835.65 6830.45 6820.35 6825.23 6909.86 7080.68 7043.04 6922.17 6802.51 6761.94 6735.87 6756.9 6733.3 6660.07 6720.96 6883.69 6931.84 6877.45 6909.89 7044.05 6974.67 6838.45 6824.03 6864.53 6919.37 6909.1 6874.49 6826.8 6755.44 6674.43 6595.02 6525.71 6516.81 6553.22 6551.37 6487.11 6416.92 6420.63 6428.67 6441.64 6451.07 6496.74 6538.23 6544.58 6583.35 6624.26 6650.04 6673.32 6703.29 6740.14 6774.49 6755.56 6725.86 6689.2
6683.93 6641.29 6639.94 6616.74 6618.53 6624.17 6631.95 6692.1 6731.12 6726.29 6731.35 6768.41 6823.72 6847.49 6827.15 6810.8 6795.09 6830.83 7015.96 7039.38 6938.6 6823.78 6752.86 6738.89 6857.87 6941.71 6898.17 7055.53 7100.28 7092.36 7026.9 7056.65 7099.51 7016.9 6964.83 6949.72 6878.81 6969.02 7159.34 7005.1 6951.14 6855.45 6732.41 6633.31 6557.31 6526.94 6586.55 6664.55 6535.86 6426.33 6396.36 6394.48 6402.06 6412.79 6442.53 6464.72 6471.7 6533.31 6578.35 6604.75 6632.62 6667.86 6710.64 6746.88 6731.84 6706.37 6704.24
6717.75 6722.92 6694.04 6677.01 6662.46 6666.5 6699.78 6723.34 6741.32 6747.95 6746.02 6789.9 6788.48 6800.9 6806.44 6800.87 6792.82 6864.37 6955.49 6971.36 6901.96 6799.29 6850.36 6959.5 7000.6 7116.94 7159.83 7047.36 6980.88 6941.97 6878.74 6876.83 6790.6 6756.46 6782.64 6765.11 6669.74 6680.56 6773.04 6879.71 7021.78 6871.56 6743.63 6675.39 6676.76 6658.39 6617.86 6604.1 6567.89 6447.78 6373.39 6372.71 6372.02 6385.28 6406.17 6413.07 6432.08 6479.31 6510.4 6539.12 6573.91 6611.16 6649.33 6688.7 6673.12 6638.59 6634.97
6717.41 6756.42 6755.02 6691.52 6675.55 6691.79 6718.67 6738.61 6749.48 6739.54 6733.3 6783.78 6773.09 6779.7 6797.76 6810.55 6831.6 6838.13 6911.75 6922.25 6888.56 6900.04 7035.54 7129.81 6991.49 6858.91 6778.4 6595.39 6530.7 6469.97 6427.69 6360.97 6286.05 6339.97 6351.46 6312.24 6325.82 6301.57 6370.47 6573.1 6680.71 6689.16 6681.57 6687.81 6700.38 6691.68 6679.91 6566.02 6515 6457.13 6405.38 6369.46 6353.02 6362.17 6385.1 6402.11 6392.99 6394.13 6424.38 6469.18 6507.11 6541.06 6567.61 6579.82 6577.27 6570.19 6593.47
6724.68 6749.1 6730.62 6700.34 6692.4 6698.74 6708.03 6740.04 6764.14 6756.21 6705.76 6751.82 6780.34 6790.31 6805.66 6818.5 6822.76 6868.46 6958.46 6973.9 6957.91 7112.1 7077.08 6914.69 6821.6 6690.19 6500.21 6197.4 6113.82 6041.15 6014.49 5950.81 5927.44 6003.24 6022.75 6003.33 6057.93 6072.06 6151.04 6292.05 6353.37 6436.77 6529.72 6615.45 6704.87 6786.22 6904.38 6840.63 6548.63 6525.92 6445.98 6370.23 6327.18 6344.84 6359.71 6372.4 6370.03 6363.6 6375.73 6410.42 6442.58 6470.09 6486 6489.03 6497.33 6516.97 6543.14
6734.13 6742.85 6730.07 6729.12 6719.59 6712.76 6710.72 6730.37 6752.89 6756.71 6697.06 6749.36 6760.12 6791.6 6826.84 6848.29 6844.12 6939.89 7089.39 7088.91 7159.06 7032.41 6776.15 6643.75 6575.18 6474.22 6191.27 5892.82 5833.01 5780.2 5764.54 5727.75 5741.99 5809.68 5849.21 5879.61 5927.73 5970.43 6024.84 6098.82 6143.85 6234.23 6358.21 6488.77 6604.55 6756.08 6954.52 6937.97 6679.7 6505.51 6428.11 6360.85 6318.77 6348.68 6353.08 6337.41 6352.08 6344.71 6348.51 6366.57 6391.78 6414.83 6429.73 6436.49 6449.76 6478.19 6506.11
6716.15 6751.5 6805.22 6801.47 6757.35 6732.98 6713.24 6716.05 6735.97 6733.55 6709.13 6741.03 6751.52 6797.34 6853.59 6917.71 6932.99 7029.04 7127.76 7020.88 6897.93 6663.89 6456.82 6405.64 6366.43 6177.88 5912.95 5725.41 5690.53 5676.74 5661.74 5655.81 5673.1 5723.85 5788.2 5826.59 5883.18 5905.35 5931.88 5950.6 5987.12 6063.42 6184.4 6301.95 6408.87 6520.4 6747.01 6851.98 6720.76 6488.73 6428.8 6370.48 6322.28 6343.36 6362.65 6328.47 6321.01 6325.65 6318.14 6334.12 6356.55 6378.97 6394.48 6401.82 6406.01 6442.52 6481.01
6730.44 6771.23 6818.48 6800.72 6796.37 6746.75 6719.8 6712.41 6733.96 6748.97 6756.77 6766.28 6769.73 6806.97 6856.74 6921.85 6954.51 7024.12 6999.96 6765.68 6546.92 6392.4 6321.99 6366.13 6265.87 5978.29 5784.44 5662.21 5624.79 5608.62 5603.8 5610.37 5625.93 5678.85 5749.12 5847.81 5840.23 5837.75 5830.95 5846.23 5874.87 5933.93 6038.09 6136.75 6243.52 6312.01 6415.95 6711.98 6870.52 6604.69 6513.77 6419.63 6343.35 6344.94 6376.35 6362.6 6308.65 6316.85 6293.17 6309.7 6336.77 6359.25 6379.44 6392.88 6390.23 6396.95 6424.49
6794.3 6780.47 6795.03 6781.07 6765.33 6735.2 6710.77 6712.86 6742.9 6784.23 6799.35 6790.34 6797.46 6814.47 6843.18 6882.4 6978.5 7040.55 6689.37 6481.18 6347.21 6282.44 6269.62 6183.49 5994.01 5753.51 5667.15 5597.62 5578.62 5564.87 5558.88 5562.8 5575.71 5619.18 5665.08 5703.67 5687.6 5660.04 5707.91 5751.75 5798.67 5867.35 5919.22 5985.48 6083.39 6202.64 6268.28 6509.16 6797.76 6822.3 6639.98 6496.85 6426.3 6385.49 6356.48 6352.2 6319.98 6306.43 6289.46 6298.58 6325.34 6348.94 6371.66 6400.15 6448.7 6387.38 6401.35
6813.82 6768.41 6756 6758.98 6741.8 6705.45 6682.6 6688.39 6737.33 6776.22 6772.68 6792.91 6804.23 6834.28 6863.48 6883.86 7096.69 6800.76 6451.26 6311.6 6273.55 6243.33 6159.78 5952.38 5715.86 5614.87 5577.47 5558.21 5544.27 5530.18 5519.95 5516.99 5532.63 5558.35 5576.29 5562.62 5554.86 5580.98 5629.1 5680.59 5723.3 5763.44 5804.41 5852.79 5905.99 6056.88 6144.89 6272.82 6589.56 6788.24 6674.4 6544.22 6441.81 6400.29 6361.45 6359.64 6348.86 6333.23 6296.47 6306.37 6329.74 6345.34 6359.38 6374.88 6373.5 6375.48 6382.3
6823.72 6758.81 6736.15 6774.64 6713.54 6673.01 6665.61 6690.39 6732.82 6742.89 6751.99 6823.92 6839.27 6899.09 6965.8 6970.78 6960.59 6537.89 6257.66 6218.55 6210.75 6218.05 6066.33 5818.88 5642.23 5600.89 5554.35 5529.9 5517.97 5503.81 5494.42 5488.41 5493.95 5504.63 5513.74 5517.13 5523.94 5541.43 5580.25 5625.85 5665.09 5700.23 5723.5 5753.94 5818.75 5951.01 6052.55 6107.26 6343.56 6570.92 6620.95 6574.09 6459.03 6400.94 6358.99 6336.25 6330.58 6362.19 6369.88 6357.9 6351.27 6348.4 6344.3 6337.05 6325.31 6328.04 6364.26
6788.41 6740.36 6710.1 6707.87 6690.3 6664.33 6671.02 6699.03 6735.7 6772.37 6815.22 6838.26 6904.12 6988.03 7106.61 7154.12 6806.3 6366.64 6173.44 6160.85 6154.67 6096.9 5900.32 5719.49 5581.31 5557.47 5516.32 5500.76 5490.26 5473.96 5466.95 5467 5458.69 5462.01 5471.56 5481.91 5491.17 5506.35 5539.79 5577.38 5612.72 5647.94 5667.57 5683.23 5739.06 5880.06 5986.73 6050.05 6208.87 6433.34 6587.92 6627.01 6511.99 6444.46 6386.88 6311.12 6305.47 6347.93 6378.79 6382.75 6364.67 6345.83 6326.16 6308.97 6300.59 6308.8 6330.99
6717.66 6668.65 6659.45 6663.35 6637.44 6665.24 6674.27 6697.33 6738.1 6776.7 6820.96 6799.54 6902.15 7024.43 7161.83 7140.79 6647.97 6278.27 6137.97 6126.26 6076.67 5959.81 5800.42 5639.46 5536.55 5501 5481.29 5464.56 5451.13 5439.7 5431.81 5431.19 5418.53 5423.76 5437.77 5452.06 5461.46 5476.76 5508.1 5540.53 5569.45 5592.05 5616.65 5640.12 5696.2 5810.62 5957.86 6014.12 6158.69 6413.57 6635.63 6721.57 6605.74 6533.85 6418.22 6327.96 6343.49 6345.43 6357.48 6385.67 6361.62 6331.15 6304.94 6285 6271.73 6289.34 6295.6
6643.45 6595.15 6578.02 6542.96 6568.82 6644.91 6700.9 6720.9 6748.66 6793.22 6804.03 6793.4 6871.45 7010.87 7128.72 6990.83 6510.8 6215.1 6109.99 6101.92 5995.01 5830.12 5669.61 5553.67 5472.17 5461.83 5445.28 5434.6 5424.62 5410.63 5393.31 5383.5 5379.94 5386.79 5405.65 5426.84 5443.12 5457.38 5483.11 5510.56 5534.45 5557.15 5586.71 5621.41 5668.17 5738.18 5906.03 6008.75 6181.75 6478.13 6765.91 6937 6778.59 6678.16 6542.09 6371.99 6395.64 6375.85 6358.54 6384.25 6341.29 6309.75 6281.22 6256.96 6238.19 6238.6 6249.88
6575.61 6550.89 6528.49 6510.06 6420.35 6598.36 6768.79 6747.62 6728.14 6777.78 6792.98 6818.02 6877.19 6992.44 7118.49 6960.17 6433.85 6163.28 6051.07 6071.06 5921.96 5706.74 5557.69 5487.55 5446.59 5426.56 5412.04 5411.43 5409.56 5397.07 5378.6 5364.19 5350.67 5356.6 5379.28 5404.89 5426.91 5443.45 5462.41 5484.05 5507.15 5530.22 5564.07 5615.36 5653.45 5691.16 5873.7 5986.65 6242.66 6546.54 6868.52 7160.64 6950.65 6768.64 6611.99 6449.49 6428.47 6410.96 6410.8 6318.78 6303.54 6281.88 6256.54 6229.36 6206.63 6214.47 6219.37
6539.83 6532.48 6500.08 6472 6487.13 6564.17 6682.11 6691.46 6679.87 6736.73 6780.62 6835.06 6902.49 6980.29 7044.88 6805.27 6343.71 6133.3 6003.39 5984.51 5869.49 5619.85 5489.96 5450.72 5426.17 5394.35 5383.18 5391.7 5398.6 5389.99 5376.61 5354.36 5334.41 5330.34 5350.5 5379.92 5411.15 5426.35 5440.07 5462.65 5486.37 5510.56 5542.44 5589.42 5629.68 5670.46 5764.21 5925.55 6254.99 6544.74 6823.09 7044.76 6994.41 6759.37 6558.72 6494.52 6464.16 6423.07 6364.72 6307.69 6283.72 6267.34 6238.09 6210.32 6190.67 6180.57 6190.55
