real_craters/C160-500m.grd
DSAA
231 231
-57.47 57.47
-57.47 57.47
2955.0165003298 5591.507341937
[rows 180 to 209 of 231, columns 0 to 66 of 231]
4653.57 4651.69 4649.73 4648.88 4647.78 4647.56 4646.87 4646.27 4645.79 4645.6 4644.6 4643.85 4642.59 4641.33 4640.04 4638.98 4638.06 4636.76 4635.55 4635.91 4637.9 4639.79 4641.99 4643.55 4645.32 4641.58 4642.66 4645.45 4649.74 4644.65 4641.17 4638.67 4635.59 4626.88 4619.59 4615.85 4613.3 4610.42 4607.6 4605.2 4602.78 4600.81 4601.29 4600.75 4600.4 4598.57 4596.63 4594.63 4594.04 4594.56 4589.96 4586.94 4583.73 4579.27 4575.25 4572.06 4569.9 4563.53 4562.85 4564.32 4564.69 4562.93 4563.55 4564.41 4566.45 4569.38 4565.76
4652.83 4651.12 4649.28 4648.33 4647.41 4646.42 4645.6 4644.82 4644.1 4643.54 4642.76 4642.6 4641.63 4640.72 4639.77 4639.2 4638.62 4638.09 4637.68 4637.76 4639.47 4639.85 4639.34 4638.39 4636.28 4637.88 4644.13 4651.98 4652.31 4649.04 4643.14 4639.23 4635.28 4630.43 4627.48 4622 4615.69 4611.36 4607.95 4605.39 4603.91 4604.13 4600.77 4599.85 4598.38 4596.38 4593.21 4589.2 4587.84 4585.13 4582.81 4582.24 4578.58 4575.21 4572.22 4569 4565.52 4562.42 4562.23 4563.76 4565.54 4562.49 4564.03 4568.26 4565.98 4569.34 4567.78
4652.01 4649.74 4648.55 4647.48 4646.43 4645.57 4644.65 4643.6 4642.19 4641.18 4640.79 4641.19 4640.86 4640.41 4639.96 4639.42 4639.31 4639.94 4641.27 4643 4641.34 4640.1 4638.83 4637.87 4635.86 4638.13 4643.6 4647.42 4645.15 4647.01 4644.62 4641.11 4639.12 4636.27 4629.51 4622.83 4617.42 4612.8 4608.87 4605.71 4603.36 4601.87 4599.35 4598.18 4597.07 4594.5 4590.73 4587.35 4585.04 4582.99 4582.59 4577.3 4573.1 4572.05 4570.22 4567.53 4564.9 4564.5 4564.23 4564.06 4562.48 4561.48 4563.94 4565.93 4564.04 4567.36 4568.5
4648.51 4648.02 4647.2 4646.32 4645.31 4644.46 4643.54 4642.61 4640.74 4637.91 4639.2 4640.3 4640.3 4640.03 4639.78 4639.48 4639.59 4640.27 4642.13 4642.9 4641.38 4639.84 4638.81 4637.76 4638.27 4636.39 4641.16 4645.12 4643.48 4647.04 4644.77 4641.06 4640.25 4636.45 4629.03 4622.45 4617.28 4612.62 4608.29 4604.44 4601.51 4598.83 4597.43 4595.88 4594.64 4592.32 4589.34 4586.73 4586.04 4587.03 4586.15 4579.36 4572.56 4570.79 4569.78 4569.06 4567.97 4567.58 4568.15 4566.18 4564.14 4566.83 4565.17 4563.31 4563.64 4565.67 4567.12
4648.52 4646.99 4646.04 4645.2 4644.32 4643.45 4642.63 4641.99 4641.7 4641.8 4639.97 4639.63 4639.38 4639.21 4639.05 4638.92 4638.91 4639.01 4639.36 4638.38 4638.42 4638.12 4637.87 4637.01 4633.08 4633.36 4638.08 4643.9 4645.79 4648.48 4643.17 4639.91 4636.87 4633.29 4626.31 4620.42 4617.02 4612.65 4607.97 4603.56 4599.21 4595.27 4594.38 4593.85 4591.79 4590.93 4589.5 4587.07 4589.48 4589.82 4587.09 4579.22 4573.28 4571.01 4570.2 4569.97 4569.49 4568.5 4567.72 4568.32 4570.02 4569.34 4568.27 4568.06 4567.63 4566.74 4568.68
4646.84 4645.77 4645.02 4644.17 4643.38 4642.51 4641.78 4641.14 4640.91 4641.17 4639.9 4639.13 4638.55 4638.17 4638.01 4637.72 4637.35 4637.1 4636.31 4635.89 4634.95 4635.12 4635.05 4634.49 4629.8 4629.1 4633.04 4636.86 4639.65 4641.57 4636.72 4629.35 4620.84 4620.43 4622.75 4621.23 4617.75 4613.12 4607.89 4602.35 4596.93 4591.89 4593.41 4594.48 4593.09 4591.19 4589.82 4593.74 4586.8 4588.22 4583.78 4574.96 4571.99 4571.25 4570.73 4569.97 4569.58 4568.72 4567.52 4568.07 4568.3 4568.57 4572.31 4573.14 4572.53 4571.69 4570.96
4645.47 4644.86 4644.2 4643.44 4642.52 4641.73 4640.8 4639.79 4638.33 4636.76 4638.16 4637.97 4637.39 4636.94 4636.78 4636.46 4636.01 4635.44 4634.24 4631.92 4631.83 4632.12 4631.28 4629.84 4628.35 4626.49 4627.56 4630.09 4632.38 4634.54 4628.86 4620.29 4618.52 4621.4 4622.75 4622.16 4618.06 4613.14 4607.94 4602.11 4596.63 4594.45 4594.44 4596.11 4597.29 4589.94 4584.29 4576.69 4574.34 4577.82 4576.09 4572.37 4572.82 4571.63 4572.02 4572.48 4571.5 4570.27 4569.24 4568.09 4568.87 4573.04 4576.35 4575.05 4574.45 4571.75 4570.9
4645.57 4644.86 4643.93 4643.04 4641.99 4640.93 4639.95 4639.2 4638.54 4637.38 4637.41 4636.89 4636.42 4636.08 4635.82 4635.43 4634.9 4634.3 4633.45 4632.07 4631.31 4630.37 4628.55 4627.17 4626.5 4623.98 4622.36 4620.61 4625.69 4620.37 4624.67 4628.44 4634.73 4626.81 4624.16 4621.79 4617.77 4613.53 4609.32 4604.1 4598.17 4596.48 4593.96 4591.28 4588.54 4585.64 4579.92 4572.91 4571.65 4574.01 4575 4573.3 4571.17 4571.9 4573.17 4574.38 4573.57 4572.3 4571.4 4570.6 4572.83 4575.45 4573.94 4574.98 4574.86 4572.11 4571.28
4647.24 4645.3 4643.94 4642.66 4641.39 4640.23 4639.14 4638.47 4638.99 4638.07 4636.8 4635.9 4635.4 4634.99 4634.47 4634.17 4633.73 4633.51 4633.16 4633.29 4632.19 4629.31 4626.29 4624.21 4625.83 4622.37 4619.55 4615.56 4609.23 4614.36 4623.38 4632.01 4631.9 4629.94 4625.25 4621.19 4617.36 4613.86 4610.84 4608.03 4603.68 4596.37 4593.16 4589.31 4585.71 4582.78 4578.99 4576.26 4574.38 4575.94 4577.87 4575.47 4573.09 4573.24 4574.06 4573.6 4574.6 4574.3 4573.59 4574.45 4577.36 4577.56 4576.46 4574.75 4574.1 4572.12 4570.56
4646.61 4645.4 4644.06 4642.5 4640.98 4639.41 4638.03 4636.66 4636.11 4635.28 4635.05 4634.67 4634.31 4633.9 4633.32 4632.78 4632.28 4631.92 4631.84 4632.57 4632.33 4627.65 4624.37 4621.79 4621.55 4620.12 4618.08 4615.47 4610.41 4614.45 4624.32 4632.12 4635.46 4629.88 4624.39 4619.81 4615.88 4612.61 4610.84 4610.12 4609.47 4598.86 4593.03 4589.09 4585.49 4582.34 4579.16 4575.91 4576.26 4577.7 4575.31 4573.02 4574.04 4574.81 4575.83 4577.29 4576.2 4576.31 4577.04 4575.31 4577.67 4579.46 4578.47 4576.52 4573.4 4570.33 4569.52
4646.09 4645.45 4644.13 4642.53 4640.97 4639.03 4636.92 4634.52 4631.97 4632.09 4633.15 4633.26 4633.04 4632.6 4632.04 4631.71 4630.94 4630.2 4629.29 4628.26 4626.1 4624.28 4622.53 4621.35 4619.18 4617.09 4614.58 4613.34 4608.63 4612.19 4625.53 4632.06 4628.37 4626.67 4621.96 4616.22 4611.3 4610.03 4608.97 4608.01 4606.52 4595.23 4590.89 4589.4 4585.91 4582.6 4580.36 4578.77 4579.67 4578.47 4576.14 4576.72 4577.1 4576.73 4576.47 4576.29 4576.77 4577.32 4578.45 4579.21 4580.37 4580.79 4578.1 4576.77 4573.57 4571.59 4571.67
4647.67 4646.1 4644.55 4642.74 4640.85 4638.77 4636.43 4634.03 4631.03 4631.08 4632.17 4632.36 4632.08 4631.57 4631.02 4630.28 4629.24 4628.12 4626.69 4624.7 4622.1 4620.69 4619.36 4617.92 4616.67 4615.49 4613.38 4612.18 4615.26 4619.59 4624.1 4628.82 4628.4 4624.16 4619.69 4613.96 4609.38 4609.61 4607.41 4602.56 4594.5 4589.83 4587.47 4584.28 4583.27 4582.2 4581.2 4581.13 4580.74 4577.77 4576.39 4579.03 4581.49 4580.43 4577.17 4576.14 4577.14 4577.37 4577.7 4579.83 4581.17 4580.84 4580.16 4577.32 4573.4 4574.19 4574.59
4648.67 4646.91 4645 4643.03 4641.07 4639.12 4637.05 4635.02 4632.61 4631.74 4632.29 4631.99 4631.53 4630.82 4630.16 4629.1 4627.86 4626.36 4624.52 4622.36 4620 4618.29 4616.22 4614.56 4614.06 4615.2 4615.65 4615.65 4618.61 4619.27 4623.64 4626.33 4624.55 4620.36 4617.66 4616.49 4617.1 4611.85 4606.91 4600.26 4592.35 4588.93 4587.11 4585.8 4583.33 4582.11 4581.32 4580.68 4579.44 4578.9 4575.19 4578.15 4581.48 4579.37 4580.04 4579.54 4578.61 4577.4 4575.7 4574.26 4576.42 4579.11 4579.88 4577.84 4573.17 4572.29 4572.04
4649.14 4647.13 4645.02 4642.99 4641.09 4639.39 4638.01 4637.43 4635.94 4633.73 4633.02 4632.04 4631.11 4630.16 4629.15 4627.81 4626.42 4624.81 4623.09 4620.72 4618.83 4615.71 4613.81 4613.7 4614.78 4615.39 4614.96 4613.27 4619.01 4619.21 4619.36 4613.14 4612.19 4613.59 4614.25 4615.02 4614.62 4612.11 4607.6 4601.85 4596.13 4590.43 4586.9 4583.28 4583.1 4582 4581.61 4580.93 4580.37 4579.01 4577.49 4579.47 4582.72 4580.58 4583.33 4582.94 4580.5 4578.34 4576.94 4577.23 4577.7 4579.46 4580.23 4579.33 4573.53 4568.07 4566.9
4648.79 4646.5 4644.34 4642.31 4640.5 4638.97 4638.12 4638.51 4637.65 4635.16 4633.02 4631.44 4630.31 4629.13 4627.89 4626.61 4625.23 4623.84 4621.77 4619.02 4615.36 4613.16 4611.49 4609.83 4613.4 4614.96 4614.5 4616.42 4616.98 4615.1 4605.35 4602.33 4604.09 4607.44 4609.71 4611.52 4613.88 4611.19 4608.1 4605.73 4597.94 4592.27 4586.75 4582.1 4582.26 4581.96 4581.92 4581.87 4582.44 4581.24 4581.2 4583.73 4583 4584.88 4586.92 4585.41 4582.79 4579.92 4577.38 4577.89 4580.63 4581.15 4581.6 4581.28 4574.12 4567.3 4568.03
4647.16 4645.06 4643.04 4641.11 4639.35 4637.9 4636.94 4637.12 4636.04 4634.15 4632.55 4631.24 4629.97 4627.54 4626.17 4625.06 4623.97 4622.92 4621.2 4619.24 4616.72 4615.29 4614.75 4611.44 4611.65 4613.89 4616.61 4615.89 4612.35 4605.64 4601.13 4599.05 4600.83 4603.51 4605.84 4606.91 4606.73 4606.05 4605.87 4605.72 4600.84 4594.46 4588.81 4584.68 4583.01 4582.36 4582.23 4582.28 4581.22 4580.03 4585.67 4590.39 4590.2 4589.65 4589.21 4587.5 4584.94 4582.32 4578.82 4579.09 4582.09 4582.22 4582.36 4580.65 4574.81 4570.9 4573.13
4645.33 4643.6 4641.92 4640.15 4638.4 4636.66 4635.07 4633.82 4632.65 4632.19 4631.15 4629.97 4628.67 4627.54 4626.23 4624.87 4623.48 4622.26 4620.17 4619.71 4619.76 4618.75 4616.93 4614.76 4614.63 4614.43 4610.79 4611.03 4609.6 4603.67 4599.71 4598.8 4600.88 4601.96 4602.27 4602.35 4601.83 4601.49 4601.8 4602.04 4601.98 4595.58 4590.61 4586.95 4584.04 4583.4 4583.3 4583.68 4585.06 4588.35 4589.41 4589.92 4591.88 4590.88 4587.43 4588.48 4587.56 4586.22 4585.48 4585.11 4583.06 4582.1 4582.11 4581.02 4575.67 4574.96 4575.67
4643.53 4642.05 4640.61 4639 4637.31 4635.49 4633.49 4631.33 4630.36 4630.48 4629.71 4628.8 4627.56 4626.22 4624.95 4623.57 4622.65 4621.45 4621.14 4620.45 4621.04 4622.24 4618.15 4614.99 4614.22 4612.28 4607.04 4610.43 4609.67 4606.45 4607.2 4605.68 4603.25 4601.97 4600.82 4599.39 4597.59 4596.48 4597.91 4600.34 4600.63 4593.75 4586.49 4584.15 4584.12 4584.42 4584.65 4585.34 4586.98 4589.41 4590.06 4588.94 4591.89 4592.48 4592.71 4590.13 4588.3 4587.75 4589.75 4590.5 4580.61 4581.56 4582.32 4581.09 4578.76 4579.65 4584.53
4641.39 4640.53 4639.58 4638.29 4636.58 4634.87 4633.01 4631.68 4630.38 4629.94 4629.19 4628.16 4626.91 4625.45 4624.3 4622.92 4621.93 4620.56 4619.29 4618.48 4618.73 4618.08 4618.82 4614.93 4613.19 4610.82 4612.05 4610.79 4611.37 4611.84 4612.81 4609.44 4605.41 4602.71 4600.33 4597.95 4595.36 4593.85 4595.03 4594.01 4593.34 4591.14 4587.09 4584.93 4585.44 4586 4586.35 4587.09 4587.31 4587.85 4590.78 4590.7 4591.28 4593.8 4593.48 4590.87 4588.58 4586.99 4586.36 4589.69 4582.42 4584.87 4585.26 4583.71 4585.2 4587.89 4593.54
4639.05 4639.32 4638.68 4637.65 4636.28 4634.71 4633.03 4631.6 4630.5 4630.01 4629.22 4628.17 4626.93 4625.46 4623.55 4622.46 4621.03 4619.57 4618.22 4616.88 4615.52 4614.44 4617.98 4614.66 4615.52 4613.94 4614.03 4617.12 4614.65 4613.97 4609.7 4606.34 4604.98 4601.81 4599.06 4596.84 4595.71 4596.2 4593.32 4591.78 4590.2 4589.85 4589.74 4588.4 4587.88 4587.98 4588.65 4588.95 4590.09 4592.92 4593.01 4593.25 4595 4593.88 4591.92 4591.06 4588.84 4586.24 4585.56 4573.96 4591.25 4591.31 4591.73 4594.75 4596.7 4599.12 4601.14
4638.47 4638.77 4638.37 4637.52 4636.26 4634.8 4633.61 4633.08 4631.26 4630.3 4629.34 4628.18 4626.85 4625.62 4624.1 4622.67 4620.7 4619.66 4617.76 4616.31 4614.59 4613.95 4624.4 4623.08 4618.64 4615.73 4612.19 4613.68 4610.84 4606.69 4605.27 4609.15 4604.46 4600.93 4598.13 4595.42 4593.28 4592.64 4590.8 4589.74 4588.72 4589.01 4588.09 4590.91 4592.65 4594.95 4594.8 4592.78 4593.22 4593.08 4594.15 4598.28 4597.97 4593.32 4593.98 4592.75 4589.86 4586.14 4582.59 4595.43 4598.68 4595.06 4596.35 4596.28 4598.46 4602.82 4599.48
4639.2 4639.02 4638.45 4637.5 4636.33 4634.82 4633.45 4631.83 4631.37 4630.12 4629.62 4628.39 4627.05 4624.98 4623.72 4621.98 4621.1 4619.43 4618.18 4616.73 4616.11 4618.71 4623.21 4621.5 4618.99 4617.9 4617.05 4612.11 4606.15 4601.84 4604.34 4604.14 4602.45 4600.36 4598.07 4594.6 4590.82 4587.12 4587.46 4589.3 4588.6 4588.96 4590.88 4594.75 4600.53 4605.52 4608.2 4608.2 4603.36 4598.62 4599.49 4600.1 4599.91 4601.34 4598.76 4595.24 4592.37 4589.8 4590.31 4590.92 4585.25 4592 4600.38 4602.2 4598.17 4598.53 4593.22
4640.26 4639.43 4638.67 4637.96 4637.15 4635.77 4633.75 4631.36 4632.06 4631.79 4631.9 4630.92 4627.29 4625.72 4624.14 4623 4621.47 4619.46 4618.65 4617.51 4616.69 4616.3 4617.61 4618.2 4616.48 4614.33 4616.79 4599.92 4601.73 4599.86 4598.14 4600.36 4598.63 4596.48 4593.47 4590.88 4588.95 4586.61 4586.38 4586.82 4588.1 4587.72 4588.98 4596.7 4604.46 4611.93 4620.05 4623.39 4620.4 4608.82 4605.72 4605.34 4608.35 4603.78 4603.3 4597.73 4596.05 4594.25 4593.07 4592.94 4589.25 4592.88 4599.07 4601.68 4595.21 4592.92 4594.56
4639.34 4639.1 4638.78 4638.43 4638.07 4637.6 4636.68 4635.25 4634.3 4633.01 4631.55 4630.65 4629.28 4630.37 4629.06 4623.32 4621.52 4620.23 4618.93 4617.71 4616.78 4615.2 4613.62 4613.31 4613.12 4612.73 4611.11 4604.63 4599.82 4600.59 4600.02 4598.56 4595.86 4594.99 4593.6 4590.71 4588.23 4586.15 4586.05 4588.82 4588.81 4587.48 4592.28 4600.79 4611.79 4623.03 4633.21 4641.72 4644.12 4628.11 4604.97 4610.06 4615.56 4613.19 4603.13 4600.51 4600.32 4600.22 4594.56 4591.39 4594.97 4592.57 4582.32 4584.83 4597.85 4587.38 4588.07
4637.52 4638.16 4638.35 4638.58 4639.14 4640.15 4641.44 4639.63 4637.02 4634.15 4632.51 4630.77 4628.96 4627.42 4627.25 4626 4626.14 4627.96 4625.4 4619.77 4618.51 4615.84 4607.94 4607.09 4609.36 4610.64 4600.62 4598.3 4598.32 4597.69 4602.77 4594.98 4595.67 4595.09 4593.21 4590.97 4588.63 4587.05 4587.28 4589.75 4589.77 4587.39 4592.74 4604.32 4617.86 4633.22 4649.48 4667.18 4685.51 4695.47 4663.71 4632.17 4626.89 4594.47 4602.22 4602.89 4601.47 4602.15 4596.08 4589.02 4589.53 4588.19 4586.78 4580.88 4583.67 4579.29 4570.75
4637 4637.11 4637.37 4637.83 4638.84 4640.74 4643.73 4642.43 4638.22 4635.27 4633.47 4631.82 4630.28 4629.08 4627.89 4626.86 4625.85 4624.27 4623.03 4621.94 4619.43 4617.86 4604.45 4603.85 4604.73 4603.96 4599.71 4596.83 4601.24 4605.59 4603.82 4599.97 4597.82 4596.04 4593.86 4592.17 4589.79 4587.68 4588.72 4591.46 4592.24 4590.72 4596.11 4608.29 4623.19 4639.2 4658.36 4682.15 4715.95 4773.23 4800.36 4685.13 4620.77 4607.47 4607.66 4600.27 4597 4596.04 4593.42 4585.16 4581.17 4580.07 4577.83 4571.17 4560.76 4559.65 4557.03
4635.95 4635.69 4635.87 4636.2 4636.88 4638.15 4639.92 4638.89 4636.6 4634.33 4632.59 4631.27 4630.04 4628.86 4627.67 4626.73 4625.63 4624.83 4624.27 4622.11 4617.64 4611.19 4608.02 4604.57 4602.45 4603.18 4601.93 4601.46 4604.67 4609.47 4608.15 4604.5 4601.72 4598.97 4595.46 4593.17 4591.03 4590.33 4592.39 4595.65 4596.98 4594.51 4601.57 4612.53 4624.77 4639.13 4655.28 4675.16 4700.97 4729.07 4737.12 4686.97 4614.08 4598.92 4596.94 4590.45 4586.57 4586.02 4576.27 4571.44 4566.4 4559.8 4555.81 4554.89 4549.17 4550.38 4554.28
4632.62 4633.41 4633.44 4633.36 4633.4 4633.82 4633.58 4633.66 4633.09 4632.38 4631.32 4630.34 4629.32 4628.3 4627.34 4626.25 4625.41 4625.05 4624.69 4624.53 4621.96 4612.4 4610.33 4604.64 4601.89 4603.57 4605.81 4608.53 4610.12 4612.17 4611.51 4607.59 4605.02 4602.1 4601.14 4599.56 4596.77 4594.28 4593.18 4598.65 4603.21 4607.5 4609.53 4615.72 4624.21 4634.31 4643.97 4654.16 4659.4 4646.43 4598.67 4592.87 4595.62 4594.32 4592.59 4579.61 4573.63 4565.02 4560.43 4558.58 4554.59 4548.71 4548.53 4548.37 4547.8 4549.56 4553.96
4631.01 4631 4630.9 4630.7 4630.06 4629.05 4626.12 4628.75 4629.69 4629.57 4629.38 4628.66 4628.11 4627.11 4626.23 4625.38 4625.25 4624.5 4623.71 4624.97 4633.15 4640.14 4615.87 4602.9 4603.39 4605.34 4605.2 4609.53 4615.27 4616.26 4612.78 4608.56 4607.75 4606.61 4604.72 4603.09 4602.03 4598.94 4598.11 4603.1 4608.5 4609.42 4612.6 4616.68 4621.24 4625.7 4629.93 4630.59 4623.46 4604.64 4577.28 4571.03 4573.84 4582.14 4580.04 4572.31 4566.15 4558.39 4554.27 4552.66 4550.59 4549.42 4547.12 4548.27 4550.37 4551.51 4551.73
4626.55 4627.31 4627.83 4628.12 4627.67 4626.28 4623.48 4626.09 4627.25 4627.38 4627.4 4627.03 4624.92 4624 4623.09 4622.83 4621.94 4621.42 4620.48 4619 4613.82 4610.23 4604.78 4601.2 4604.1 4608.24 4608.5 4610.96 4616.24 4612.53 4611.66 4602.07 4608.32 4607.66 4606.6 4605.73 4605.8 4605.94 4605.06 4606.03 4611.06 4623.08 4613.72 4611.21 4610.65 4615.48 4615.1 4606.89 4599.55 4583.82 4571.06 4567.22 4565.06 4568.24 4566.74 4566.77 4563.56 4559.26 4554.43 4551.55 4549.99 4549.52 4550.35 4549.85 4550.39 4551.4 4552.3
