real_craters/C161-300m.grd
DSAA
389 389
-58.2575 58.2575
-58.2575 58.2575
3004.6647306478 5135.3941427189
[rows 180 to 209 of 389, columns 67 to 133 of 389]
4490.29 4493.56 4495.96 4499.73 4503.53 4508.01 4513.48 4521.51 4526.81 4531.13 4534.47 4537.51 4538.52 4540.88 4542.91 4544.85 4546.58 4547.61 4549.55 4551.39 4552.74 4554.93 4556.37 4556.46 4555.49 4555.94 4554.56 4552.56 4552.28 4549.53 4545.58 4541.29 4537.14 4533.04 4528.69 4524.02 4519.03 4518.31 4518.58 4517.75 4516.85 4516.08 4515.55 4512.54 4508.54 4505.66 4504.4 4505.84 4514.02 4525.11 4536.04 4543.35 4545.37 4545.12 4541.2 4535.55 4528.04 4530.12 4540.32 4554.22 4571.46 4591.03 4613.48 4638.28 4663.65 4685.39 4706.5
4484.31 4486.24 4492.38 4497.26 4501.48 4505.7 4510.02 4514.97 4524.02 4531.43 4537.75 4543.29 4544.97 4544.71 4545.67 4547.09 4549.08 4549.99 4552.25 4554.39 4554.92 4555.99 4556.94 4557.32 4558.07 4559.09 4556.81 4557.58 4555.96 4551.34 4546.04 4541.61 4537.83 4534.36 4530.95 4527.88 4525.95 4524.82 4524.21 4522.95 4521.77 4521.03 4520.35 4517.07 4512.79 4509.44 4507.8 4509.66 4517.02 4528.04 4539.7 4546.65 4548.83 4550.54 4546.29 4540.77 4534.43 4531.85 4539.18 4551.61 4567.58 4586.1 4607.96 4633.52 4663.35 4683.68 4701.29
4481.65 4485.91 4491.81 4496.48 4500.61 4504.6 4508.52 4512.31 4522.16 4530.55 4538.7 4545.51 4547.29 4547.03 4547.45 4548.73 4550.4 4551.7 4553.89 4555.13 4556.46 4557.72 4558.47 4558.9 4560.16 4559.99 4559.89 4565.04 4560.54 4553.05 4546.3 4541.82 4538.55 4535.85 4533.1 4530.95 4529.93 4529.51 4528.42 4527.18 4525.65 4524.61 4523.58 4520.33 4516.53 4513.19 4510.87 4511.55 4518.43 4528.97 4540.53 4545.03 4547.8 4549.75 4546.52 4542.09 4536.12 4532.25 4537.23 4547.94 4561.85 4578.64 4598.18 4621.09 4646.25 4668.85 4689.57
4481.78 4487.95 4493.62 4497.31 4500.91 4504.73 4509.41 4515.87 4521.6 4528.41 4536.1 4544.64 4546.21 4546.41 4547.35 4549.32 4551.27 4552.92 4556.18 4559.21 4560.48 4560.5 4559.95 4559.34 4558.47 4558.48 4561.19 4566.45 4561.4 4553.15 4545.4 4542 4539.47 4537.14 4535.25 4533.52 4531.52 4531.29 4531 4529.8 4528.56 4527.03 4525.23 4522.99 4520.11 4517.09 4514.06 4513.08 4518.07 4527.17 4536.64 4539.17 4542.86 4545.9 4541.61 4537.9 4532.48 4528.89 4533.43 4543.02 4555.35 4570.14 4586.32 4604.38 4624.12 4649.13 4674.89
4484.33 4490.64 4495.9 4497.95 4500.8 4504.12 4508.24 4513.91 4520.04 4525.46 4529.86 4532.97 4539.09 4542.77 4545.73 4548.51 4549.63 4553.48 4557.67 4561.74 4563.75 4562.73 4560.82 4559.52 4559.25 4560.39 4559.86 4560.65 4556.94 4551.11 4546.37 4542.79 4540.18 4538.79 4538.05 4537.67 4536.38 4534.64 4533.52 4532.21 4532.08 4530.06 4527.53 4526.07 4524.16 4521.88 4518.71 4515.29 4516.94 4523.49 4530.37 4531.76 4532.77 4533.78 4531.35 4528.33 4524.15 4522.16 4528.33 4538.32 4549.58 4562.09 4575.05 4589.84 4607.65 4634.21 4662.57
4485.31 4489.49 4494.35 4496.67 4499.92 4503.25 4506.75 4512.72 4519.01 4523.66 4526.29 4526.11 4533.91 4539.55 4543.73 4547.01 4550.52 4553.19 4557.52 4561.82 4563.94 4561.91 4559.96 4558.86 4557.7 4555.58 4554.82 4552.29 4550.13 4546.83 4544.45 4541.72 4539.52 4539.19 4540.19 4542.22 4543.51 4541.08 4540.41 4539.75 4537.49 4534.41 4531.71 4530.03 4528.56 4527.31 4525.84 4520.19 4516.43 4520.21 4521.7 4521.91 4520.66 4520.42 4520.69 4518.65 4517.24 4517.76 4525.79 4535.97 4545.93 4556.29 4567.02 4579.63 4596.99 4624.52 4654.97
4479.99 4484.11 4488.37 4492.74 4497.55 4502.73 4508.13 4514.67 4519.35 4523.59 4527.04 4530.68 4533.6 4538.03 4542.16 4545.44 4549.12 4551.62 4555.5 4558.88 4560.19 4557.91 4557.17 4557.18 4556.83 4555.63 4551.59 4547.11 4543.33 4541.13 4538.59 4536.59 4536.69 4538.02 4540.36 4543.76 4547.15 4547.42 4546.94 4545.85 4541.42 4538.54 4535.84 4533.24 4531.94 4531.56 4530.86 4523.97 4517.61 4520.06 4522.31 4516.28 4512.95 4513.65 4515.67 4514.96 4517.68 4521.7 4529.06 4537.17 4544.99 4553.27 4562.42 4574.35 4592.41 4619.3 4651
4473.71 4478.07 4482.19 4487.96 4494.01 4500.94 4508.78 4515.02 4519.49 4523.56 4526.8 4529.46 4533.33 4537.33 4540.85 4544.17 4547.26 4549.15 4552.05 4554.01 4554.17 4552.77 4553.3 4554.66 4555.78 4553.69 4549.45 4544.38 4539.5 4536.57 4533.52 4531.3 4533.4 4535.72 4538.44 4541.87 4546.9 4549.23 4547.37 4543.88 4540.38 4537.62 4535.8 4534.08 4533.27 4532.84 4533.46 4526.38 4520.11 4519.82 4519.96 4513.56 4511.39 4514.42 4519.2 4522.4 4525.95 4531.86 4536.7 4541.32 4546.3 4552.04 4559.69 4570.86 4588.88 4614.83 4647.32
4470.31 4472.44 4477.43 4482.45 4488.44 4496.82 4506.2 4513.51 4519.11 4523.62 4526.4 4529.3 4533.57 4537.2 4540.11 4542.9 4545.4 4545.95 4548.17 4549.55 4549.24 4548.09 4549.23 4551.53 4553.84 4552.41 4546.29 4540.72 4536.77 4533.83 4531.67 4530.04 4531.63 4533.24 4535.23 4537.41 4540.01 4540.28 4538.96 4538.16 4535.59 4532.02 4532.18 4533.16 4533.08 4531.49 4527.3 4524.44 4520.67 4516.26 4512.9 4513.91 4516.89 4521.8 4527.76 4533.58 4536.23 4540.86 4544.2 4546.56 4548.79 4552.07 4557.78 4567.38 4584.35 4608.83 4639.87
4462.21 4463.68 4467.91 4472.73 4480.25 4490.65 4501.76 4510.62 4518.21 4524.87 4528.99 4531.78 4535.64 4538.39 4539.94 4541.82 4543.4 4542.78 4544.7 4546.34 4547.11 4545.67 4545.85 4547.83 4550.11 4549.38 4542.16 4536.49 4532.68 4532.27 4531.58 4531.66 4530.43 4530.61 4531.31 4531.48 4529.11 4528.4 4527.85 4530.15 4530.51 4529.2 4530.74 4532.68 4533.33 4531.99 4527.12 4522.81 4517.43 4512.33 4511.58 4519.31 4527.62 4531.47 4535.43 4540.27 4543.83 4548.98 4552.28 4552.07 4551.55 4552.32 4555.83 4563.67 4578.77 4600.67 4629.03
4451.72 4453.38 4455.05 4460.85 4471.09 4482.63 4495.2 4505.97 4516.87 4527.27 4535.93 4538.26 4539.29 4540.11 4540.38 4541.53 4542.11 4539.63 4541.31 4542.96 4544.55 4543.78 4543.24 4544.21 4544.54 4542.86 4537.56 4534.99 4534.18 4533.74 4531.47 4528.93 4527.91 4527.75 4527.57 4526.67 4522.5 4521.98 4522.67 4527.15 4530.66 4531.78 4532.16 4533.04 4534.08 4534.51 4531.95 4522.4 4513.95 4510.64 4515.24 4526.77 4537.58 4538.68 4539.77 4542.99 4548.24 4554.95 4558.93 4556.35 4553.48 4551.88 4553.12 4559 4571.92 4590.81 4615.71
4445.25 4447.12 4450.19 4455.33 4463.88 4473.82 4485.41 4500.28 4514.9 4528.82 4540.25 4541.64 4541.26 4540.86 4540.84 4540.72 4535.58 4536.46 4537.58 4538.86 4540.25 4541.36 4541.77 4540.36 4538.87 4537.79 4535.52 4536.02 4538.01 4535.93 4531.2 4527.79 4526.25 4525.59 4524.38 4522.18 4519.99 4520.55 4522.76 4527.55 4533.17 4534.52 4532.77 4532.43 4533.28 4534.57 4531.47 4520.91 4511.97 4511.85 4521.28 4531.66 4539.68 4540.66 4541.49 4544.62 4549.9 4556.44 4559.82 4558.24 4554.28 4550.64 4549.54 4553.02 4563.98 4580.23 4601.77
4445.62 4447.8 4450.54 4453.02 4461.7 4469.53 4480.42 4497.38 4512.8 4526.77 4538.96 4540.63 4540.5 4540.35 4539.6 4538.99 4533.26 4533.55 4533.76 4533.96 4534.46 4535.67 4535.46 4533.53 4533.07 4533.91 4534.23 4533.32 4533.59 4532.34 4528.96 4526.89 4525.67 4524.71 4523.5 4521.65 4521.27 4521.18 4521.58 4524.23 4528.61 4530.47 4529.73 4529.36 4529.77 4530.38 4526.78 4517.86 4510.4 4512.65 4524.41 4532.45 4537.84 4538.58 4539.38 4543.15 4549.34 4556.61 4561.61 4559.82 4554.02 4548.5 4545.4 4547.35 4556.36 4570.49 4589.31
4456.6 4459.37 4460.34 4461.55 4468.49 4475.06 4485.85 4499.43 4511.61 4521.9 4529.56 4534.87 4537.29 4537.96 4536.62 4535.92 4530.89 4530.6 4529.77 4528.72 4527.21 4525.17 4525 4526.27 4525.81 4528.02 4528.17 4527.59 4525.89 4524.72 4525.12 4524.8 4524.59 4524.78 4525.3 4526.21 4525.97 4523.38 4520.13 4518.7 4519.08 4522.88 4524.18 4524.62 4524.43 4523.04 4519.92 4514.66 4509.69 4511.55 4522.08 4529.16 4533.32 4534.44 4534.47 4539.32 4547.02 4555.35 4562.59 4559.95 4552.73 4546.12 4541.59 4542.29 4550.17 4562.19 4578.7
4469.67 4474.47 4475.36 4478.65 4483.39 4488.05 4496.67 4505.07 4513.14 4519.51 4522.56 4529.81 4533.75 4534.34 4533.24 4532.65 4528.84 4528.08 4526.84 4524.91 4521.81 4518.28 4520.27 4524.87 4524.67 4525.3 4525.46 4525.04 4523.27 4521.7 4522.64 4522.86 4523.2 4525 4528.09 4531.99 4531.63 4527.19 4521.57 4516.61 4512.93 4515.9 4518.95 4520.47 4520.11 4517.49 4515.8 4513.4 4510.69 4511.9 4520.05 4527.39 4530.78 4531.37 4531.26 4536.4 4544.03 4551.21 4556.18 4554.82 4550.24 4544.29 4539.13 4539.39 4546.34 4556.48 4570.38
4477.07 4482.27 4487.67 4495.73 4499.44 4501.74 4506.65 4511.5 4517.22 4522.81 4526.29 4529.2 4531.9 4531.82 4530.89 4530.51 4527.2 4526.28 4524.91 4523.09 4520.57 4518.96 4522.66 4528.53 4529.01 4527.34 4526.54 4524.41 4522.93 4522.72 4522.19 4521.81 4521.9 4525.03 4529.68 4537.49 4536.87 4531.7 4526.06 4520.42 4514.13 4512.55 4515.98 4518.66 4519.54 4517.68 4516.76 4515.08 4513.14 4513.65 4521.04 4529.24 4531.3 4530.37 4530.01 4535.02 4541.86 4547.96 4551.21 4551.58 4549.55 4544.68 4539.43 4539.67 4545.75 4554.63 4568.07
4480.8 4486.28 4493.42 4502.67 4506.09 4506.33 4511.56 4516.66 4521.87 4527.04 4529.33 4530.55 4531.51 4531.15 4530.79 4530.26 4526.44 4525.17 4523.74 4522.63 4521.72 4522.17 4525.34 4530.2 4531.94 4528.87 4524.83 4522.07 4520.09 4520.52 4521.73 4521.47 4522.03 4524.64 4530.23 4539.64 4539.13 4534.79 4530.64 4526.72 4520.65 4514.47 4516.19 4519.68 4522.86 4524.08 4521.61 4519.04 4517.42 4517.34 4522.55 4529.8 4531.55 4530.45 4530.44 4534.98 4541.38 4547.47 4552.5 4554.77 4552.33 4548.52 4544.49 4544.39 4548.5 4555.62 4568.43
4482.79 4488.01 4493.78 4498.9 4502.16 4507.13 4514.68 4520.74 4525.87 4530.53 4532.26 4531.98 4531.74 4531.44 4530.42 4527.11 4526.39 4525.45 4524.31 4523.81 4523.09 4523.97 4525.35 4527.89 4531.61 4528.87 4525.05 4522.08 4518.4 4518.4 4521.37 4520.98 4520.56 4522.85 4528.01 4536.6 4537.87 4535.2 4531.72 4528.12 4522.78 4516.54 4517.95 4521.97 4526.71 4529.88 4525.92 4522.94 4522.3 4523.19 4525.48 4530.62 4532.52 4531.07 4530.8 4535.8 4542.18 4548.44 4554.08 4557.26 4556.35 4554.67 4553.84 4552.42 4553.92 4559.07 4570.88
4483.34 4488.06 4492.65 4496.86 4502.28 4512.2 4519.46 4524.57 4529.06 4533.33 4533.93 4533.41 4532.72 4531.72 4530.06 4526.99 4526.23 4524.92 4524.62 4524.39 4524.35 4525.06 4525.85 4526.24 4528.37 4526.89 4525.05 4523.4 4518.62 4517.46 4521.32 4520.62 4519.74 4521.82 4526.95 4533.69 4535.78 4534.12 4530.49 4525.9 4521.5 4517.72 4520.52 4524.29 4528.06 4529.66 4526.72 4524.23 4523.68 4524.72 4530.64 4537.7 4536.27 4533.15 4532.16 4537.72 4543.91 4550.01 4555.53 4558.69 4560.37 4560.51 4561.9 4559.56 4560.07 4564.54 4577.38
4482.75 4485.87 4490.46 4497.56 4508.48 4521.21 4524.16 4527.48 4531.44 4535.02 4535.36 4534.42 4532.72 4530.76 4528.49 4526.16 4525.65 4524.94 4524.65 4525.11 4525.26 4525.45 4524.85 4521.59 4522.12 4522.85 4523.43 4523.42 4516.94 4515.31 4520.44 4519.89 4519.53 4522.94 4530.32 4533.91 4535.06 4533.39 4529.96 4526.21 4525.44 4524.13 4525.78 4526.96 4527.28 4526.94 4524.77 4522.86 4522.48 4523.87 4532.04 4541.23 4539.18 4537.01 4537.1 4540.79 4545.95 4551.84 4558.02 4564.07 4565.65 4564.6 4563.57 4564.48 4565.71 4570.29 4584.91
4481.56 4483.07 4487.07 4495.73 4507.52 4520.03 4523.9 4527.92 4532.19 4536.49 4536.37 4534.81 4532.59 4530.45 4529.23 4525.8 4525.43 4524.86 4525.24 4525.43 4525.38 4525.24 4523.37 4517.32 4517.19 4518.12 4517.98 4515.31 4511.22 4510.9 4517.37 4517.76 4518.23 4523 4533.49 4536.03 4535.28 4533.53 4530.75 4527.8 4530.05 4532.93 4533.57 4531.21 4526.38 4523.74 4522.49 4520.17 4519.09 4520.16 4525.84 4535.3 4538.26 4539.78 4541.09 4543.59 4547.6 4552.92 4559.24 4566.01 4569.46 4569.92 4568.02 4570.7 4571.74 4575.73 4592.59
4481.14 4481.37 4483.69 4492.02 4500.79 4510.61 4519.17 4525.89 4531.2 4534.4 4535.58 4534.46 4533.03 4532.62 4530.7 4526.14 4525.32 4524.66 4524.03 4524.21 4524.23 4524.2 4523.42 4518.63 4516.15 4514.53 4511.75 4507.01 4505.54 4507.03 4512.52 4513.99 4514.44 4517.69 4528.31 4534.36 4534.39 4534.05 4533.2 4531.33 4532.99 4540.68 4542.45 4538.36 4531.4 4526.52 4523.13 4518.62 4514.76 4516.23 4519.73 4528.85 4535.41 4541.06 4543.39 4544.76 4548.15 4552.75 4558.46 4564.81 4572.57 4580.65 4583.21 4580.48 4577.81 4579 4592.58
4482 4481.96 4483.98 4489.81 4495.1 4503.41 4514.34 4523.12 4530.4 4533.67 4534.66 4534.13 4533.31 4531.08 4528.53 4524.53 4523.53 4523.36 4522.84 4522.51 4522.26 4521.91 4520.61 4519.56 4516.54 4512.5 4508.08 4503.73 4502.73 4503.24 4507.15 4509.04 4509.76 4511.64 4518.7 4527.81 4532.02 4534.24 4536.76 4540.42 4542.02 4549.61 4551.91 4546.43 4540.83 4533.57 4526.84 4520.77 4516.08 4517.35 4520.47 4526.04 4532.29 4536.7 4540.44 4543.65 4547.41 4551.82 4556.89 4562.94 4573.94 4592.47 4598.32 4589.57 4582.47 4579.98 4587.53
4483.92 4484.02 4485.01 4490.33 4497.65 4503.55 4511.36 4520.21 4529.19 4534.35 4534.04 4533.43 4531.57 4529.68 4527.45 4525.97 4521.5 4520.52 4519.79 4519.26 4519.24 4518.78 4518.8 4519.01 4516.02 4511.01 4506.25 4502.84 4500.87 4499.3 4500.44 4504.06 4506.61 4508.24 4515.66 4524.29 4529.79 4533.39 4537.85 4545.59 4550.02 4553.1 4554.16 4550.27 4545.75 4538.38 4531.29 4525.65 4522.21 4523.72 4527.01 4528.15 4531.43 4533.15 4537.63 4542.01 4546.34 4550.69 4555.27 4561.09 4572.54 4595.6 4602.11 4593.06 4584.29 4579.02 4582.37
4487.14 4487.28 4489.15 4491.51 4496.02 4500.95 4507.61 4516.44 4524.43 4529.23 4530.68 4530.41 4529.75 4527.44 4525.77 4523.95 4522.2 4517.83 4516.92 4516.09 4515.27 4514.19 4513.28 4513.42 4513.07 4508.94 4504.34 4500.76 4498.08 4496.46 4498.25 4504.18 4507.01 4510.08 4518.64 4524.79 4528.37 4530.97 4533.77 4537.12 4543.84 4547.86 4549.53 4549.04 4546.12 4539.96 4534.11 4530.31 4529.17 4530.06 4534 4533.44 4532.97 4534.73 4537.15 4541.06 4545.35 4549.94 4554.5 4559.74 4568.49 4585.04 4594.62 4592.19 4584.84 4578.92 4580.64
4491.13 4490.29 4489.59 4488.92 4489.15 4493.38 4502.71 4512.87 4521.8 4525.67 4526.95 4526.79 4525.2 4523.83 4522.62 4520.2 4518.66 4517.28 4513.9 4512.81 4511.56 4510.28 4508.92 4509.08 4510.12 4505.98 4501.52 4497.28 4494.32 4496.07 4500.01 4505.74 4509.19 4514.87 4524.61 4526.11 4526.96 4527.64 4528.17 4529.52 4534.34 4540.61 4545.16 4545.19 4542.81 4538.34 4533.86 4531.12 4529.41 4529.73 4531.44 4531.41 4531.47 4534.17 4535.74 4539.58 4544.44 4550.14 4555.45 4560.29 4566.37 4582.2 4593.38 4593.19 4586.91 4581.16 4581.04
4495.28 4493.25 4490.6 4487.43 4486.36 4490.75 4500.35 4510.01 4519.42 4522.21 4522.47 4522.35 4521.78 4520.5 4519.31 4516.89 4514.1 4512.51 4511.75 4510 4508.11 4507.46 4504.96 4504.77 4504.42 4501.69 4498.71 4495.56 4493.44 4498.39 4504.37 4505.99 4509.93 4516.84 4523.7 4524.85 4524.62 4524.36 4523.8 4523.13 4528.81 4535.01 4539.78 4540.55 4538.44 4534.81 4530.67 4527.41 4525.44 4525.09 4524.85 4524.51 4525.23 4528.12 4531.68 4536.62 4543.55 4550.1 4557.45 4565.24 4574.33 4597.54 4601.51 4599.01 4592.96 4588.1 4587.73
4499.79 4497.54 4494.57 4490.93 4492.75 4497.55 4502.86 4507.28 4511.42 4515.78 4517.13 4517.46 4517.12 4516.15 4513.62 4512.12 4511.01 4510.06 4508.27 4506.52 4504.49 4501.03 4496.79 4495.38 4496.22 4496.45 4496.93 4497.65 4499.65 4503.17 4504.09 4503.84 4509.09 4515.22 4520.92 4521.72 4521.47 4521.53 4521.94 4523.24 4527.84 4532.5 4534.83 4535.74 4534.43 4530.59 4526.01 4521.85 4520.05 4519.98 4519.17 4517.41 4517 4519.82 4526.47 4533.64 4541.41 4550.14 4560.44 4572.9 4587.96 4608.16 4610.23 4607.25 4603.3 4600.97 4601.58
4505.07 4502.51 4501.36 4503.12 4501.98 4503.05 4504.02 4505.13 4506.58 4510.27 4512.44 4513.45 4512.92 4512.6 4510.41 4509.25 4508.32 4507.16 4505.22 4503.26 4501.08 4497.29 4493.1 4489.01 4488.29 4491.85 4496.03 4500.41 4506.71 4507.56 4505.03 4506.05 4509.27 4513 4516.86 4517.21 4517.19 4518.02 4520.62 4524.2 4526.6 4529.26 4530.43 4530.72 4529.85 4526.63 4521.6 4516.48 4514.71 4514.72 4513.36 4510.51 4510.54 4514.6 4522.51 4530.56 4539.71 4549.46 4562.01 4578.15 4599.19 4615.71 4615.96 4614.21 4614.13 4618.6 4622.88
4509.19 4506.12 4504.3 4505.2 4504.45 4503.13 4503.11 4504.58 4505.12 4507.16 4508.75 4509.37 4508.73 4508.79 4508.25 4507.57 4506.28 4505 4503.16 4501.57 4499.96 4496.89 4493.27 4489.44 4488.84 4491.77 4495.53 4500.47 4505.69 4507.21 4506.13 4507.09 4509.58 4510.71 4510.84 4511.2 4512.06 4512.9 4515.58 4519.79 4522.9 4525.74 4526.74 4527.01 4527.56 4524.05 4518.63 4513.11 4510.57 4510.3 4508.88 4507.17 4508.67 4513.34 4520.46 4527.94 4537.52 4547.53 4560.12 4575.64 4596.92 4616.11 4614.7 4616.99 4623.39 4638.38 4647.52
