real_craters/C161-1000m.grd
DSAA
68 68
-33.29 33.29
-33.29 33.29
8595.3585077073 10479.806354535
[rows 0 to 29 of 68, columns 0 to 66 of 68]
9817.27 9791.5 9746.82 9803.99 9821.32 9823.94 9835.65 9835.45 9834.9 9847.4 9854.99 9850.18 9851.73 9845.23 9845.2 9848.49 9850.03 9859.9 9867.04 9866.91 9870.39 9870.91 9869.78 9867.91 9869.13 9869.56 9871.06 9874.18 9881.1 9881.97 9862.06 9851.63 9860.8 9879.49 9891.41 9894.51 9895.29 9889.5 9882.06 9879.07 9882.64 9898.46 9895.42 9882.3 9865.56 9861.71 9864.34 9880.08 9899.39 9899.42 9891.87 9883.43 9838.29 9809.7 9802.84 9797.19 9797.12 9793.2 9797.48 9795.17 9792.46 9792.32 9801.05 9804.37 9804.61 9804.51 9805.68
9836.43 9830.47 9785.28 9763.37 9810.06 9823.43 9836.21 9843.12 9853.96 9858.03 9860.84 9870.27 9864.79 9854.83 9860.64 9862.55 9866.93 9868.1 9859.97 9866.5 9871.76 9869.42 9868.43 9866.74 9867.38 9870.8 9873.09 9880.4 9895.36 9884.28 9859.89 9860.59 9866.83 9878.24 9885.46 9886.15 9878.39 9874.69 9869.51 9874.25 9888.68 9905.48 9899.07 9889.67 9865.57 9850.18 9839.67 9849.98 9890.99 9911.25 9916.51 9911.39 9872.8 9825.67 9811.83 9801.83 9801.34 9801.88 9803.64 9805.58 9796.18 9812.56 9809.7 9808.59 9808.37 9811.16 9820.53
9828.5 9833.39 9831.98 9798.67 9824.92 9834.34 9827.05 9848.66 9863.55 9870.73 9879.47 9897 9871.32 9861.34 9849.87 9864.07 9873.35 9857.41 9861.22 9864.84 9864.57 9867.43 9870.28 9870.39 9872.1 9877.74 9881.23 9881.08 9880.79 9905.64 9890.21 9899.82 9897.4 9883.02 9884.58 9887.28 9887.17 9872.97 9869.64 9881.19 9905.07 9910.86 9894.19 9871.73 9857.93 9850.15 9840.42 9852.37 9881.24 9904.4 9917.67 9912.99 9902.92 9849.3 9834.63 9824.48 9810.66 9805.63 9805.42 9815.43 9820.72 9809.12 9799.64 9803.07 9808.67 9814.54 9812.3
9795.35 9825.6 9833.91 9826.83 9843.5 9835.32 9847.33 9845.36 9881.98 9890.44 9891.02 9889.06 9874.72 9866.24 9854.59 9872.4 9883.31 9869.37 9876.28 9870.73 9866.53 9874.34 9876.82 9878.12 9880.3 9884.67 9886.98 9887.73 9891.68 9917.11 9921.45 9916.47 9900.21 9898.62 9892.85 9886.58 9881.6 9865.33 9868.22 9876.78 9898.76 9903.61 9886.21 9869.27 9862.78 9863.05 9869.57 9871.35 9884.03 9910.98 9930.28 9939.26 9922.37 9876.54 9859.86 9845.1 9829.96 9825.63 9827.77 9827.21 9824.97 9814.19 9795.11 9803.06 9809.17 9811.12 9806
9798.8 9819.75 9836.32 9822.37 9786.59 9739.19 9722.22 9812.81 9881.59 9896.01 9900.68 9883.12 9878.59 9866.3 9869.05 9866.96 9874.41 9882.48 9875.43 9873.72 9881.5 9883.75 9885.49 9889.52 9889.37 9888.38 9891.12 9898.23 9882.81 9832.81 9920.68 9912.59 9883.21 9898.6 9889.7 9881.11 9868.24 9861.4 9873.38 9886.04 9895.52 9884.55 9875.45 9870.69 9869.31 9881.63 9887.44 9889.26 9882.68 9912.87 9929.72 9943.8 9914.57 9897.37 9875 9845.64 9836.04 9834.36 9839.48 9834.17 9832.85 9823.65 9813.38 9815.07 9815.73 9813.23 9803.16
9820.08 9822.95 9832.88 9819.99 9763.4 9699.91 9697.88 9803.96 9899.57 9915.27 9904.83 9905.54 9895.9 9884.28 9883.27 9867.26 9857.62 9876.84 9870.9 9872.94 9865.11 9878.94 9891.28 9896.52 9893.35 9890.38 9890.3 9892.05 9893.11 9917.7 9973.08 9941.52 9911.71 9888.04 9880.95 9880.91 9884.78 9918.56 9893.58 9877.95 9880.02 9868.19 9868.18 9861.96 9879.52 9898.81 9916.44 9906.8 9904.02 9905.28 9910.33 9897.8 9899 9890.62 9872.17 9852.31 9837.21 9838.43 9828.24 9835.09 9823.6 9835.62 9843.42 9829.75 9820.94 9816.34 9821.06
9823.28 9825.39 9827.06 9835.98 9843.25 9763.74 9763.51 9832.81 9898.9 9907.5 9904.97 9895.45 9875.31 9884.67 9886.53 9870.29 9884.56 9877.03 9875.97 9878.17 9892.94 9902.74 9897.08 9894.54 9892.29 9887.2 9883.25 9885.2 9900.39 9932.24 9938.79 9952.91 9907.81 9872.32 9870.53 9878.99 9898.53 9916.05 9895.87 9875.26 9858.86 9863.87 9877.77 9891.38 9898.86 9898.99 9901.95 9893.67 9888.78 9897.19 9889.37 9891.78 9888.56 9882.72 9874.2 9854.22 9846.18 9845.31 9841.96 9827.98 9826.14 9855.71 9857.41 9837.39 9824.98 9817.43 9813.52
9823.71 9828.22 9827.11 9841.72 9845.87 9852.98 9843.68 9869.46 9909.42 9917.2 9896.92 9890.53 9881.53 9881.36 9882.58 9890.4 9904.01 9870.05 9854.1 9879.22 9895.31 9899.69 9903.14 9900.65 9891.74 9881.86 9873.27 9867.55 9883.03 9903.97 9912.66 9926.93 9884.98 9866.23 9870.35 9878.93 9883.3 9899.01 9874.45 9854.49 9863.2 9877.61 9883.16 9885.01 9888.88 9888.76 9891.37 9884.53 9889.01 9891.56 9899.44 9895.71 9881.03 9868.23 9858.45 9852.88 9850.71 9838.05 9834.3 9845.35 9865.96 9864.08 9838.62 9834.19 9827.13 9821.53 9819.87
9825.23 9828.19 9830.39 9848.36 9846.9 9858.3 9871.77 9888.85 9910.13 9913.91 9893.51 9887.15 9892.22 9869.11 9879.61 9895.11 9899.51 9869.71 9871.69 9883.96 9893.96 9904.58 9912.66 9905.71 9895.31 9881.64 9869.2 9861.13 9868.8 9878.51 9887.54 9897.57 9889.84 9872.09 9871.89 9874.06 9877.84 9877.5 9868.4 9875.47 9876.79 9879.83 9877.43 9873.35 9874.48 9872.85 9872.83 9876.07 9881.57 9887.18 9888.94 9882.22 9874.05 9863.77 9845.61 9858.92 9857.16 9850.13 9863.13 9888.13 9868.28 9845.65 9830.04 9831.53 9829.37 9825.35 9825.47
9826.45 9826.7 9834.65 9841.92 9856.79 9861.88 9877.5 9889.96 9901.08 9905.34 9894.2 9878.36 9883.46 9870.91 9877.44 9889.91 9884.39 9876.39 9865.92 9884.04 9895.53 9908.53 9912.6 9907.36 9889.57 9877.46 9867.96 9859.26 9863.34 9864.76 9863.96 9871.18 9878.61 9883.3 9876.83 9874.38 9869.82 9865.06 9863.57 9871.61 9876.36 9874.6 9870.48 9873.67 9867.62 9858.97 9858.68 9865.81 9880.6 9890.29 9891.53 9882.61 9879.2 9880.67 9887.12 9881.98 9895.79 9914.02 9907.1 9898.95 9858.29 9832.07 9835.75 9831.01 9830.25 9828.75 9829.23
9838.96 9838.5 9844.16 9856.75 9862.33 9869.24 9876.5 9883.56 9891.31 9896.43 9897.41 9893.97 9877.41 9867.3 9879.37 9886.04 9882.39 9862.64 9856.72 9881.85 9889.86 9919.72 9908.92 9884.96 9882.6 9873.36 9864.64 9858.22 9860 9858.15 9851.3 9861.33 9852.49 9874.57 9880.77 9879.43 9874.71 9869.15 9871.49 9872.28 9871.4 9866.65 9874.47 9873.66 9860.22 9853 9864.63 9882.09 9889.09 9890.76 9888 9886.29 9889.5 9891.85 9884.53 9897.87 9903.91 9930.61 9924.17 9893.08 9869.28 9835.97 9837.91 9834.59 9830.21 9827.73 9824.93
9839.23 9852.25 9859.21 9865.92 9864.91 9865.94 9873.9 9878.04 9882.72 9884.97 9870.52 9891.52 9896.97 9889.17 9885.43 9889.16 9885.36 9872.87 9875.72 9875.87 9876.31 9883.5 9897.51 9893.98 9880.76 9872.77 9866.46 9862.16 9859.04 9855.8 9848.02 9856.46 9850.67 9876.93 9883.1 9881.68 9879.25 9874.22 9873.39 9877.65 9871.3 9867.08 9877.17 9880.15 9871.77 9884.57 9891.54 9896.21 9887.76 9891.14 9889.83 9903.06 9901.57 9895.3 9898.08 9910.2 9927.09 9920.26 9911.44 9897.56 9874.09 9861.19 9848.3 9831.24 9829.79 9828.43 9823.36
9873.93 9880.82 9882.07 9876.26 9875.48 9876.17 9874.27 9873.58 9871.52 9869.54 9870.57 9884.16 9887.67 9878.51 9881.35 9890.85 9886.38 9875.58 9870.15 9863.15 9867.65 9868.16 9876.08 9879.74 9878.6 9871.05 9861.61 9856.78 9857.5 9858.15 9845.79 9854.88 9846.5 9875.6 9880.83 9877.07 9874.13 9873.21 9882.96 9881.93 9874.06 9870.76 9880.21 9885.6 9887.78 9903.03 9904.65 9890.18 9889.2 9909.53 9890.32 9938.5 9908.67 9894.86 9898.83 9903.18 9908.79 9915.2 9915.01 9917.38 9921.43 9909.03 9865.14 9841.06 9836.28 9835.94 9837.53
9878.01 9881.45 9890.66 9895.57 9883.64 9880.06 9876.14 9873.24 9868.77 9866 9874.18 9869.69 9862.58 9860.07 9873.63 9887.36 9898.32 9879.08 9880.32 9875.52 9871.7 9869.82 9882.73 9881.09 9878.15 9870.03 9860.91 9854.97 9854.41 9850.71 9853.42 9856.96 9860.1 9865.27 9873.36 9871 9869.22 9881.78 9899.49 9887.05 9880.31 9874.72 9882.72 9890.11 9898.69 9908.24 9905.15 9887.24 9878.71 9892.24 9886.03 9896.79 9889.31 9890.05 9894.6 9888.76 9888.59 9904.11 9935.58 9935.13 9916.65 9889.04 9861.43 9846.47 9845.06 9844.57 9849.35
9872.36 9881.9 9890.08 9887.73 9887.18 9884.67 9878.48 9874.09 9875.38 9870.77 9861.46 9851.71 9862.36 9864.63 9872.23 9869.27 9887.81 9879.07 9880.48 9890.47 9885.01 9889.81 9896.78 9890.9 9880.78 9869.7 9860.49 9859 9859.05 9859.55 9864.53 9877.14 9879.75 9874.96 9878.1 9871.75 9868.42 9874.5 9884.86 9891.37 9886.82 9882.68 9883.25 9894 9905.45 9909.16 9900.42 9871.75 9863.56 9860.47 9874.25 9865.39 9874.14 9882.38 9881.62 9872.87 9885.42 9919.4 9937.26 9946.01 9950.84 9914.3 9887.87 9867.02 9859.25 9854.66 9841.22
9815.34 9880.4 9891.45 9892.1 9889.22 9883.62 9879.72 9872.16 9863.45 9866.89 9858.09 9851.14 9871.44 9887.11 9880.62 9870.92 9874.3 9878.36 9878.14 9884.23 9887.56 9899.37 9913.59 9896.23 9881.03 9869.01 9860.89 9863.82 9870.12 9875.91 9879.23 9903.68 9921.39 9931.59 9912.53 9890.32 9881.02 9890.12 9894.85 9897.34 9893.02 9888.27 9891.93 9897.18 9900.39 9896.9 9892.26 9876.94 9869.7 9873.49 9887.88 9866.55 9870.84 9888.2 9888.79 9891.34 9914.91 9911.06 9883.12 9925.42 9947.32 9928.56 9899.13 9877.09 9886.37 9883.26 9861.67
9830.46 9851.55 9876.06 9873.87 9880.84 9882.12 9881.2 9877.99 9863.61 9866.45 9897.81 9899.57 9885.35 9894.23 9895.91 9893.52 9895.56 9871.9 9867.38 9871.7 9881.73 9895.08 9899.41 9888.05 9877.28 9867.01 9861.92 9871.09 9881.63 9891.5 9899.96 9909.81 9923.77 9954.41 9961.01 9945.53 9932.65 9935.78 9913.48 9910.38 9898.3 9887.55 9891.74 9897.33 9895.23 9893.92 9893.43 9890.83 9882.55 9882.99 9906.14 9880.55 9868.07 9877.98 9885.4 9895.34 9903.97 9907.78 9912.13 9935.18 9941.36 9935.09 9940.53 9943.65 9930.22 9928.21 9934.95
9822.68 9835.89 9867.27 9874.36 9878.48 9882.63 9885 9886.99 9882.27 9866.27 9904.68 9896 9894.84 9914.79 9909.07 9897.24 9899.86 9884.79 9872.51 9879.04 9881.55 9886.38 9880.49 9878.03 9874.83 9869.31 9865.51 9885.49 9908.03 9918.49 9921.95 9934.8 9952.7 9982.47 9998.56 10017.1 9996.67 9961.16 9930.32 9921.74 9910.7 9893.14 9894.44 9901.81 9901.67 9888.67 9890.56 9897.36 9894.08 9905.72 9891.4 9880.53 9872.12 9884.75 9883.99 9879.27 9882.74 9889.19 9898.36 9900.47 9914.91 9929.6 9946.66 9941.55 9946.83 9948.96 9939.49
9819.71 9827.45 9850.71 9861.15 9873.43 9883.53 9887 9885.88 9873.91 9877.85 9901.82 9888.46 9881.07 9896.68 9903.62 9908.6 9911.92 9895.8 9880.47 9893.23 9877.81 9874.28 9877.65 9884.12 9886.21 9883.13 9889.53 9905.36 9936.3 9966.99 9976.25 10019.4 10022.5 10034.3 10034 10035.5 10022.2 9992.27 9963.74 9944.22 9935.64 9927.17 9918.52 9916.09 9918.39 9902.95 9897.28 9901.5 9894.74 9899.06 9901.35 9889.25 9884.49 9879.8 9883.12 9884.44 9876.77 9877.07 9897.33 9913.27 9929.13 9931.51 9932.95 9944.34 9957.29 9953.52 9930.34
9825.85 9835.45 9850.78 9864.21 9880.15 9889.97 9889.28 9885.39 9872.58 9865.32 9866.34 9893.2 9886.73 9879.48 9891.29 9907.44 9905.61 9910.2 9903.77 9876.18 9872.67 9864.27 9890.79 9904.81 9911.08 9913.67 9921.63 9940.68 9946.63 10047.8 10107.6 10169.5 10100.1 10145.3 10106.6 10080.9 10057.3 10042.1 10022 9987.31 9980.36 9964.51 9943.81 9945.46 9939.48 9916.87 9905.34 9902.49 9898.08 9907.82 9916.14 9898.08 9880.05 9871.84 9878.63 9881.01 9872.02 9875.01 9891.65 9910.68 9911.18 9919.49 9933.22 9962.46 9976.98 9954.21 9915.1
9828.97 9841.63 9870.2 9898.33 9905.85 9900.06 9897.85 9893.68 9878.34 9888.61 9897.25 9888.77 9887.32 9881.02 9888.88 9898.92 9898.35 9890.81 9894.48 9878.28 9886.43 9874.88 9910.84 9923.06 9936.61 9956.27 9987.62 10024.9 10048.5 10150.9 10113.8 9762.03 9795.2 9954.88 10237.8 10192.1 10109.7 10030.8 10072.9 10061.7 10056.3 10033.5 10003.8 9978.48 9974.69 9950.06 9914.76 9907.68 9906.71 9915.16 9916.27 9903.8 9887.21 9872.65 9880.24 9886.15 9884.75 9879.41 9890.03 9899.46 9911.98 9917.69 9933.45 9959.82 9976.9 9960.24 9924.71
9832.99 9839.08 9871.83 9905.48 9913.67 9904.02 9898.54 9895.72 9897.53 9887.16 9892.37 9883.52 9883.35 9890.54 9898.34 9904.69 9898.71 9891.73 9892.53 9895.82 9900.36 9900.08 9905.36 9925.24 9967.66 10004.3 10051 10121.9 10187.1 10213.5 10047.3 9725.82 9651.13 9768.69 10163.6 10205.8 10135.4 10157.1 10123.6 10105 10162.2 10198.1 10121.9 10041.8 10019 9988.7 9952.9 9927.04 9911.36 9909.34 9910.6 9909.64 9902.66 9886.18 9885.73 9889.37 9877.51 9881.36 9891.76 9902.98 9915.88 9916.96 9928.16 9949.27 9979.43 9930.78 9907.17
9840.5 9868.52 9884.15 9887.76 9898.67 9889.86 9873.16 9897.57 9893.91 9899.19 9875.95 9876.38 9882.32 9888.97 9888.83 9884.82 9897.39 9898.85 9911 9917.37 9916.11 9910.76 9909.1 9930.72 10006.1 10078.4 10112.4 10141.7 10171.7 10161.8 9957.53 9699.93 9659.96 9680.58 9834.25 9881.82 9930.24 10019.6 10069.5 10233.1 10229.7 10232.3 10242.7 10169 10087.4 10031.9 9968.69 9936.34 9915.83 9908.47 9910.23 9911.63 9912.46 9894.76 9891 9872.65 9869.71 9881.5 9889.04 9891.81 9895.11 9908.32 9924.39 9942.2 9953.87 9952.68 9926.45
9836.01 9862.17 9875.58 9881.91 9884.28 9874.98 9849.55 9828.5 9882.41 9883.13 9886.74 9883.17 9887.47 9891.72 9883.15 9894.77 9904.92 9921.02 9932.34 9935.6 9935.75 9921.6 9922.28 9952.83 10047.1 10120.3 10126.5 10103.6 10049.2 9983.01 9809.95 9675.42 9615.85 9603.31 9435.98 9475.35 9531.6 9566.5 9758.01 9908.37 10130 10320.4 10306.8 10285.1 10185 10090.7 9989.4 9953.22 9934.68 9924.89 9915.98 9908.79 9900.8 9900.78 9908.56 9893.56 9878.75 9873.98 9875.52 9884.52 9905.33 9916.83 9920.47 9927.43 9943.89 9951.42 9930.41
9831.7 9848.61 9868.27 9881.23 9886.55 9883.88 9885.43 9896.14 9887.85 9886.92 9887.53 9883.09 9895.48 9898.28 9889.59 9890.95 9905.81 9928.75 9926.11 9927.27 9934.55 9950.35 9944.36 9981.43 10083.1 10154.1 10072 9996.19 9850.88 9644.56 9460.63 9408.62 9391.59 9317.05 9268.64 9279.93 9254.25 9329.06 9464.19 9642.65 9846.22 10141.1 10275.2 10315.2 10217.4 10145.9 10047.4 9986.62 9958.37 9928.85 9925.48 9916.45 9894.17 9898.69 9900.03 9876.31 9861.26 9878.88 9890.8 9908.41 9910.59 9917.02 9912.55 9907.69 9932.22 9937.85 9918.23
9840.91 9868.27 9881.91 9895.45 9903.56 9914.74 9918.72 9912.66 9916.71 9889.66 9891.05 9907.33 9905.85 9900.35 9892.19 9886.43 9895.76 9906.28 9911.55 9923.52 9948.12 9979.33 10001.4 10060.2 10109.9 10044.2 9894.89 9741.09 9567.43 9341.74 9183.31 9148.73 9155.18 9067.36 9027.57 9032.48 9075.58 9130.66 9232.94 9328.99 9493.52 9808.28 10161.8 10479.8 10364 10211.5 10083.9 10019.9 9961.71 9947.94 9938.87 9936.16 9917.1 9896.8 9890.81 9887.99 9906.33 9906.42 9915.05 9913.16 9920.39 9903.28 9895.73 9894.71 9901.54 9916.14 9900.72
9808.06 9876.45 9886.4 9896.95 9911.89 9926.57 9920.49 9917.32 9914.19 9901.74 9904.1 9911.81 9898.39 9890.01 9885.87 9884.54 9890.95 9896.31 9900.81 9918.26 9960.51 10005.9 10096.4 10229.7 10117.9 9903.97 9639.87 9387.57 9274.75 9203.55 9045.87 8987.29 8959.09 8910.57 8927.93 8867.72 8910.64 8963.67 9056.29 9131.88 9294.08 9572.83 9914.21 10220.9 10468.9 10321.2 10134.5 10056.5 10004 9962.38 9954.63 9950.22 9930.02 9934.19 9891.69 9892.82 9900.14 9906.64 9914.42 9915.66 9889.21 9890.87 9903.08 9887.12 9886.85 9888.27 9890.27
9845.03 9914.31 9916.84 9903.48 9913.67 9919.01 9931.86 9929.67 9913.29 9920.57 9912.18 9903.79 9888.31 9879.4 9875.17 9882.46 9896.83 9902.44 9904.91 9916.52 9970.7 10019.2 10129.9 10238 9947.04 9618.66 9380.01 9154.41 9054.75 9011.56 8887.17 8855.24 8831.39 8819.46 8826.94 8853.26 8857.19 8889.58 8945.09 9015.93 9201.16 9417.27 9661.49 9973.6 10410.3 10445.8 10202.4 10065.3 10034 9992.82 9968.7 9956.33 9950.43 9942.75 9901.9 9901.39 9898.71 9897.43 9897.27 9902.19 9897.74 9897.02 9901.37 9895.63 9895.33 9907.1 9897.33
9851.04 9862.18 9910.17 9913.73 9920.36 9929.88 9929.63 9919 9914.22 9907.06 9901.48 9896.13 9887.14 9876.62 9866.51 9903.47 9902.31 9910.4 9926.51 9948.6 10004.2 10036.5 10046.3 9907.98 9660.9 9378.06 9184.38 9005.61 8897.79 8835.03 8838.09 8813.4 8806.67 8823.9 8867.76 8870.54 8827.85 8842.32 8878.79 8928.17 9013.31 9221.77 9433.55 9670.35 10120 10400.6 10243.2 10069.6 10036.6 10005.4 9976.38 9956.73 9952.36 9932.33 9925.4 9926.28 9923.13 9929.59 9924.42 9921.92 9891.28 9896.58 9901.32 9891.61 9879.52 9895.07 9905.78
9848.92 9882.74 9888.51 9915.04 9922.87 9925.9 9932.19 9928.59 9919.64 9913.4 9905.59 9895.64 9887.91 9894.3 9870.93 9881.82 9899.63 9909.24 9917.26 9929.95 10012.6 10191.9 10041.7 9781.87 9497.62 9232.63 9045.42 8889.37 8813.98 8778.82 8789.53 8816.37 8846.76 8855.47 8875.78 8879.21 8815.17 8794.72 8829.44 8874.33 8945.55 9087.25 9245.06 9404.54 9771.22 10161 10190.7 10122.7 10021.1 9995.86 9973.01 9952.79 9941.22 9942.67 9950.49 9935.04 9923.13 9909.51 9917.14 9913.75 9913.56 9917.63 9922.99 9904.71 9893.6 9906.59 9921.39
