real_craters/C161-500m.grd
DSAA
234 234
-58.2575 58.2575
-58.2575 58.2575
3007.052556278 5127.3933547768
[rows 0 to 29 of 234, columns 67 to 133 of 234]
4543 4542.19 4539.51 4528.55 4523.15 4517.11 4511.13 4506.09 4505.23 4507.71 4510.44 4512.92 4511.97 4510.45 4509.62 4509.36 4501.76 4504.58 4515.9 4529.54 4537.38 4516.49 4505.85 4500.24 4496.78 4494.66 4493.8 4497.08 4501.81 4506.36 4503.89 4497.05 4494.87 4495.22 4500.16 4495.26 4494 4497.08 4500.27 4498.94 4493.79 4489.9 4486.63 4482.45 4476.04 4476.76 4477.91 4477.62 4476.9 4476.08 4474.57 4473.56 4472.53 4471.3 4469.15 4469.23 4469.29 4468.96 4472.49 4475.21 4467.94 4464.4 4462.76 4461.47 4460.12 4458.84 4456.86
4541.12 4539.24 4536.59 4532.68 4524.41 4517.18 4510.63 4505.25 4501.94 4502.01 4508.75 4511.6 4510.33 4509.07 4508.47 4509.82 4504.59 4502.44 4506.48 4517.28 4521.33 4506.55 4499.95 4497.16 4495.32 4494.19 4493.92 4495.66 4499.64 4504.92 4501.88 4495.11 4493.38 4494.33 4496.46 4494.45 4492.37 4493.74 4493.68 4492.67 4489.88 4488.06 4487.46 4484.55 4482.76 4478.91 4478.94 4479.8 4479.29 4475.88 4473.64 4472.12 4472.4 4471.7 4470.4 4469.48 4469.16 4469.86 4470.71 4470.2 4465.58 4463.18 4461.56 4460.34 4459.32 4458.4 4456.87
4538.25 4535.14 4532.1 4529.89 4525.02 4518.13 4511.23 4505.05 4499.58 4498.06 4502.94 4507.19 4508.82 4505.46 4502.76 4504.91 4505.01 4499.39 4498.87 4505.48 4507.08 4499.54 4496.09 4495.58 4494.89 4494.62 4495.33 4495.53 4497.67 4502.95 4500.16 4493.93 4492.33 4493.25 4496.06 4494.5 4494.09 4490.3 4487.78 4486.57 4486.04 4484.33 4484.75 4484.4 4484.4 4480.66 4480.15 4482.01 4484.51 4479.43 4474.51 4471.48 4472.63 4472.84 4471.42 4469.67 4468.45 4468.08 4467.46 4466.64 4465.64 4462.33 4460.21 4458.95 4458.63 4458.19 4456.7
4535.8 4531.53 4530.86 4530.68 4525.12 4518.57 4511.49 4504.29 4498.64 4498.03 4500.21 4504.45 4509.56 4505.55 4499.62 4500.64 4499.36 4497.42 4497.06 4498.48 4495.45 4494.83 4494.36 4494.27 4494.38 4494.94 4495.3 4494.67 4498.57 4504.39 4500.11 4492.73 4491.17 4492.33 4493.12 4493.45 4496.04 4493.92 4487.4 4484.61 4484.82 4484.58 4483.71 4483.61 4482.06 4479.8 4479.06 4481.33 4483.53 4483.2 4477.16 4472.84 4475.32 4475.5 4472.6 4469.5 4467.03 4464.54 4462.67 4461.87 4460.96 4459.03 4457.96 4457.31 4457.27 4457.9 4458.68
4536.01 4529.18 4526.98 4529.68 4523.58 4516.96 4510.09 4503.1 4497.8 4495.2 4496.86 4501.15 4511.31 4508.91 4500.86 4499.04 4497.69 4497 4498.83 4499.4 4496.35 4495.08 4494.77 4494.29 4494.09 4494.48 4495.7 4494.18 4498.04 4500.48 4498.84 4492.05 4491.03 4492.31 4492.13 4491.97 4492.81 4493.22 4488.9 4486.58 4485.52 4484.92 4484.46 4483.87 4482.19 4477.05 4476.14 4477.33 4482.85 4481.9 4479.91 4479.51 4480.33 4478.44 4473.79 4469.9 4466.06 4461.42 4458.26 4458.04 4456.46 4455.58 4455.59 4455.53 4455.7 4456.44 4458.01
4537.59 4530.24 4525.02 4524.48 4520.19 4514.64 4508.23 4502.57 4497.22 4493.81 4493.1 4493.92 4500.56 4501.78 4499.06 4499.61 4497.18 4494.65 4496 4502.66 4499.55 4498.46 4496.83 4494.96 4493.27 4491.98 4490.46 4485.93 4490.18 4495.31 4498.52 4491.52 4490.79 4491.85 4491.62 4491.82 4493.45 4492.57 4489.69 4487.99 4486.94 4485.42 4483.89 4483.16 4480.84 4475 4473.93 4469.89 4470.7 4473.69 4478.37 4484.9 4480.33 4475.98 4473.38 4471.58 4465.98 4460.45 4456.42 4457.55 4459.2 4454.37 4454.19 4454.18 4453.96 4454.17 4457.69
4539.27 4531.98 4525.93 4521.64 4517.56 4512.94 4507.96 4502.72 4497.84 4494.78 4494.62 4495.67 4492.31 4494.48 4494.59 4496.81 4499.15 4495.47 4499.41 4512.67 4507.3 4502.02 4498.61 4494.78 4491.82 4488.61 4484.66 4478.1 4480.29 4486.39 4493.86 4489.89 4490.55 4490.14 4490.45 4491.86 4494.7 4493.96 4492.86 4492.32 4488.19 4483.65 4481.84 4482.79 4479.21 4481 4477.69 4468.84 4464.06 4466.94 4472.68 4474.52 4473.25 4469.8 4470.2 4468.65 4465.52 4461.57 4458.3 4457.75 4456.64 4454.24 4453.83 4453.45 4452.48 4451.66 4454.55
4540.15 4533.23 4526.28 4520.32 4515.67 4512.14 4508.23 4503.81 4498.82 4496 4497.93 4497.84 4497.38 4495.52 4494.34 4496.02 4499.24 4499.36 4502.56 4511.37 4506.97 4501.23 4496.15 4493.66 4490.21 4485.12 4478.16 4473.35 4472.98 4475.04 4484.78 4488.06 4491.04 4491.42 4490.91 4493.44 4500.63 4500.9 4501.61 4496.72 4489.93 4484.51 4480.83 4476.27 4477.76 4481.96 4482.31 4479.59 4480.01 4473.92 4470.17 4467.9 4467.07 4468.4 4467.98 4466.78 4465.52 4463.09 4461.15 4458.08 4455.98 4454.45 4454.89 4453.65 4451.66 4449.61 4449.68
4535.71 4531.12 4526.97 4518.61 4514.98 4512.55 4509.65 4506.15 4501.52 4497.69 4499.05 4503.09 4504.76 4498.02 4496.33 4497.98 4498.15 4498.44 4499.38 4501.52 4500.27 4498.33 4495.81 4493.19 4489.96 4485.42 4478.34 4469.74 4468.14 4467.36 4474.01 4480.89 4488.13 4492.85 4491.21 4492.68 4499.85 4504.32 4506.36 4499.22 4491.41 4486.01 4481.49 4478.13 4480.06 4484.57 4487.85 4490.96 4490.28 4477.68 4466.46 4460.75 4458.72 4460.55 4462.61 4465.76 4465.5 4463.05 4460.95 4457.35 4453.19 4456.89 4457.88 4454.66 4451.65 4449.64 4447.32
4531.78 4529.09 4523.46 4520.41 4517.26 4514.62 4512.21 4509.68 4506.48 4499.7 4497.25 4499.1 4496.85 4496.01 4494.93 4496.22 4497.75 4496.38 4495.07 4494.45 4494.52 4494.76 4494.18 4492.3 4490.56 4487.36 4480.06 4469.44 4464.72 4463.92 4466.31 4475.08 4481.45 4488.37 4487.72 4488.12 4495.56 4501.83 4504.46 4501.97 4494.91 4487.73 4481.81 4482.32 4484.52 4489.04 4489.97 4495.76 4486.37 4469.38 4459.2 4451.18 4445.78 4447.43 4452.52 4459.79 4462.06 4460.39 4458.47 4455.75 4454.3 4461.35 4459.24 4454.57 4451.16 4448.25 4449.72
4530.78 4527.27 4523.85 4521.56 4518.89 4516.47 4514.38 4512.36 4510.06 4502.51 4497.37 4496.52 4494.32 4493.39 4492.44 4493.43 4495.79 4494.31 4491.66 4492.74 4492.18 4491.63 4490.33 4490.57 4491.52 4490.61 4484.34 4474.3 4466.18 4462.55 4466.46 4469.62 4473.57 4478.63 4483.82 4487.82 4495.38 4495.18 4504.26 4505.47 4498.14 4490.67 4487.35 4493.07 4490.5 4487.52 4488.04 4492.6 4484.08 4466.51 4457.16 4448.12 4439.47 4439.72 4443.31 4451.09 4455.57 4456.02 4454.92 4453.32 4452.74 4454.08 4453.88 4452.04 4450.03 4448.8 4446.65
4528.77 4526.93 4525.89 4523.17 4519.94 4517.89 4515.63 4514.1 4512.17 4506.3 4500.29 4498.15 4495.19 4491.7 4489.76 4490.7 4492.68 4491.52 4490.34 4490.94 4490.81 4489.86 4488.54 4489.53 4492.39 4495.49 4489.51 4481.68 4472.34 4462.68 4463.79 4464.8 4467.73 4473.97 4482.42 4493.28 4497.61 4493.09 4497.84 4498.43 4494.84 4492.37 4490.83 4494.18 4491.95 4486.39 4488.62 4490.16 4481.82 4472.62 4463.25 4453.77 4445.84 4440.19 4439.18 4444.47 4448.96 4452.27 4453.49 4452.99 4450.94 4447.44 4447.97 4448.75 4447.89 4445.18 4444.02
4527.87 4529.59 4529.68 4526.55 4524.3 4519.67 4515.52 4512.28 4513.65 4508.07 4504.07 4499.72 4493.83 4490.11 4487.36 4487.54 4490.13 4490.17 4489.76 4491.56 4490.27 4489.04 4488.08 4488.8 4491.65 4493.07 4491.37 4487.5 4478.6 4468.94 4465.52 4465.53 4466.7 4470.04 4478.58 4489.34 4494.41 4492.98 4493.06 4493.21 4493.58 4493.31 4493.57 4494.37 4489.09 4484.98 4487.61 4488.6 4480.09 4477.05 4470.5 4460.95 4453.85 4444.21 4439.71 4441.49 4445.49 4450.39 4454.71 4456.73 4451.56 4446.38 4446.36 4447.4 4446.9 4444.05 4442.76
4527.51 4530.36 4529.01 4526.79 4524.73 4520.2 4515.54 4509.08 4502.35 4504.84 4504.26 4501.64 4492.64 4488.71 4487.82 4487.25 4487.52 4486.13 4489.87 4490.57 4489.97 4488.58 4487.61 4488.27 4490.33 4492.17 4491.56 4489.65 4484.66 4476.69 4469.49 4463.29 4459.41 4463.26 4470.01 4481.41 4486.64 4491.85 4490.5 4490.21 4493.17 4493.59 4492.88 4491.25 4486.72 4481.99 4478.17 4482.29 4480.22 4480.16 4475.1 4464.12 4453.22 4443.82 4439.49 4440.33 4443.67 4450.28 4454.85 4456.23 4451.11 4447 4447.95 4447.05 4447.11 4444.55 4441.92
4522.77 4521.78 4524.08 4524.36 4522.76 4521.25 4518.52 4512.83 4507.06 4506.35 4502.83 4498.27 4490.65 4487.4 4486.29 4483.3 4483.14 4484.36 4490.17 4491.07 4489.67 4487.73 4485.87 4484.98 4488.37 4491.17 4490.91 4491.4 4488.12 4483.62 4474.22 4462.93 4450.58 4455.53 4462.01 4469.2 4475.91 4484.85 4490.65 4492.79 4496.46 4493.39 4488.69 4483.85 4486.04 4479.45 4474.1 4475.89 4481.04 4481.94 4477.37 4463.66 4448.42 4438.46 4436.84 4439.73 4446.93 4453.22 4455.27 4453.06 4449.91 4446.93 4445.96 4445.62 4444.52 4442.93 4442.58
4519.12 4519.32 4521.86 4524 4524.36 4525.36 4526.26 4525.1 4521.19 4514.43 4505.3 4494.78 4490.81 4489 4487.47 4485.94 4486.06 4487.07 4492.08 4491.46 4489.58 4487.03 4484.79 4483.45 4486.71 4489.37 4489.11 4489.77 4488.76 4487.06 4480.31 4471.19 4460.36 4455.71 4460.22 4467.79 4466.78 4475.16 4487.21 4498.47 4498.85 4491.47 4481.67 4476.18 4479.39 4477.89 4476.94 4483.37 4481.82 4480.37 4476.45 4461.85 4444.87 4433.63 4430.05 4439.63 4453.15 4461.08 4459.35 4453.87 4449.5 4446.76 4444.93 4444.92 4444.38 4442.53 4442.27
4518.63 4519.13 4522.84 4526.71 4530.33 4532.77 4534.16 4537.64 4536.06 4523.84 4513.23 4500 4494.42 4493.78 4493.08 4490.71 4491.43 4489 4491.5 4490.79 4487.79 4485.24 4483.68 4484.04 4485.26 4487.12 4488.03 4488.87 4487.83 4490.58 4485.94 4481.43 4476.69 4465.69 4458.96 4460.8 4472.29 4478.12 4486.96 4499.37 4498.54 4490.78 4483.37 4485.52 4484.05 4476.05 4470.68 4474.99 4473.36 4473.11 4472.56 4457.34 4442.42 4432.02 4429.98 4442.59 4466.49 4473 4464.34 4455.01 4449.12 4446.04 4443.39 4445.89 4448.1 4444.38 4442.63
4517.81 4523.29 4525.47 4529.62 4534.49 4537.68 4539.44 4537.69 4537.76 4529.77 4519.67 4505.16 4500.13 4501.07 4498.29 4493.81 4490.66 4490.5 4488.88 4488.33 4485.52 4483.44 4482.35 4482.6 4483.94 4486.72 4489.12 4487.79 4485.7 4490.01 4488.1 4485.3 4484.97 4476.62 4468.37 4461.88 4471.26 4480.76 4486.81 4494.24 4494.09 4492.89 4493.08 4496.28 4482.25 4467.4 4455.94 4453.09 4458.82 4460.58 4456.01 4448.09 4439.47 4433.63 4432.24 4444.51 4465.94 4473.26 4466.13 4456.9 4450.69 4447.95 4446.71 4446.61 4448.09 4445.15 4443.55
4518.27 4522.18 4527.16 4531.32 4535.92 4540.12 4543.36 4546.83 4539.92 4533.31 4524.61 4512.17 4507.46 4508.38 4502.32 4495.06 4490.52 4495.79 4500.11 4487.64 4483.31 4481.61 4480.98 4480.77 4483.85 4487.31 4489.63 4487.7 4484.1 4488.17 4488.75 4487.62 4487.68 4487.91 4480.84 4472 4470.7 4477.79 4482.23 4484.33 4484.24 4489.6 4491.46 4481.37 4471.38 4460.86 4447.88 4444.04 4450.61 4451.66 4446.74 4441.87 4436.86 4432.64 4437.56 4449.08 4463.38 4468.64 4464.99 4458.71 4453.23 4449.36 4446 4443.85 4446.76 4448.67 4442.97
4519.18 4522.2 4527.39 4531.87 4536.35 4539.87 4542.65 4540.71 4539.54 4536.29 4530.81 4520.72 4512.78 4507.7 4502.48 4495.19 4489.73 4496.75 4502.42 4484.45 4481.48 4480.43 4479.85 4480.35 4485.18 4488.5 4487.2 4484.41 4484.14 4486.72 4488.26 4489.39 4490.21 4493.55 4492.43 4490.21 4480.93 4485.22 4494.62 4486.81 4477.38 4479.45 4479.28 4467.75 4459.32 4452.72 4449.32 4453.9 4451.78 4450.26 4447.75 4443.6 4437.03 4434.65 4444.29 4458.07 4464.43 4465.67 4463.35 4457.63 4451.23 4448.46 4445.41 4443.14 4442.87 4443.98 4441.51
4518.77 4522.27 4526.84 4531.11 4536.62 4541.05 4542.6 4542.66 4541.49 4539.37 4534.8 4526.13 4517.6 4511.8 4504.47 4497.12 4491.93 4490.77 4488.91 4483.47 4481.29 4480.14 4480.14 4480.68 4484.3 4490.82 4496.73 4492.41 4483.81 4484.51 4486.18 4487.38 4489.87 4492.97 4502.8 4501.7 4491.68 4499.73 4506.8 4497.92 4483.22 4479.8 4477.45 4467.11 4457.56 4450.78 4449.7 4454.08 4452.87 4450.87 4448.65 4443.36 4436.09 4435.99 4447.55 4463.65 4466.81 4465.41 4463.64 4457.46 4450.94 4447.75 4446.31 4442.1 4439.48 4439.11 4440.26
4518.99 4519.68 4522.12 4529.59 4537.56 4544.3 4545 4543.82 4545.14 4543.46 4539.26 4528.53 4518.91 4514.4 4503.14 4496.76 4494.39 4493.35 4492.05 4485.01 4483.27 4481.7 4481.12 4481.43 4482.61 4489.87 4502.39 4496.28 4484.47 4482.98 4484.43 4485.96 4488.16 4491.5 4498.12 4502.91 4503.72 4509.88 4512.91 4507.23 4500.8 4496.78 4488.43 4478.72 4472.7 4470.43 4473.44 4466.19 4459.81 4451.31 4442.1 4432.47 4432.75 4434.91 4444.53 4458.93 4466.19 4471.03 4467.08 4458.41 4449.01 4446.1 4444.21 4440.31 4440.39 4441.19 4440.68
4517.1 4518.06 4518.36 4528.63 4539.09 4546.87 4550.96 4553.25 4549.73 4545.96 4540.71 4530.03 4521.31 4517.25 4498.91 4493.19 4489.74 4494.37 4492.97 4491.91 4487.83 4485.27 4484 4482.32 4481.75 4484.44 4487.23 4487.14 4481.89 4484.21 4485.95 4485.44 4486.64 4488.97 4497.28 4506.74 4514.59 4521.97 4516.14 4512 4509.81 4496.07 4492.24 4488.4 4486.77 4483.78 4487.47 4475.52 4464.34 4454.16 4444.15 4436.15 4433.29 4432.39 4436.72 4446.91 4458.64 4470.65 4468.44 4459.39 4451.08 4446.27 4441.41 4439.12 4440.86 4443.37 4442.73
4518.63 4518.19 4521 4528.31 4540.49 4555.21 4565.26 4560.54 4549.03 4543.67 4539.47 4526.75 4517.82 4510.71 4495.82 4490.75 4487.49 4489.08 4491.01 4489.54 4486.69 4486.84 4487.38 4488.23 4485.81 4483.68 4483.93 4484.53 4485.77 4486.01 4487.94 4485.54 4485.24 4488.03 4500.24 4506.31 4512.58 4515.76 4512.48 4508.49 4502.94 4493.46 4492.39 4490.85 4488.41 4484.97 4478.79 4472.32 4464.52 4457.38 4450.39 4444.11 4438.39 4432.11 4429.38 4434.87 4446.58 4460.79 4462.99 4457.81 4452.5 4447.61 4444.69 4444.13 4444.66 4447.69 4444.87
4518.07 4517.83 4518.11 4525.78 4537.83 4548.32 4546.75 4541.21 4538.47 4533.57 4526.49 4516.53 4504.94 4499.23 4493.65 4490.62 4489.83 4487.93 4486.5 4482.76 4484.72 4487.97 4489.57 4491.49 4494.09 4488.7 4484.22 4485.13 4485.9 4482.74 4480.63 4483.3 4482.88 4484.74 4493.37 4497.27 4499.98 4500.3 4500.84 4501.68 4492.04 4489.38 4491.38 4492.14 4492.25 4486.73 4478.26 4474.77 4468.51 4460.36 4456.99 4455.45 4447.57 4437.33 4431.51 4430.4 4438.27 4448.87 4453.85 4453.79 4450.79 4447.3 4444.24 4442.36 4445.94 4448.94 4446.34
4517.71 4518.17 4520.29 4526.18 4533.83 4538.68 4532.13 4525.87 4527.39 4524.59 4517.16 4507.58 4497.01 4495.08 4497.38 4492.99 4492.2 4490.6 4484.47 4481 4488.14 4490.02 4491.42 4490.85 4490.61 4484.36 4482.78 4487.01 4483.53 4479.37 4476.32 4477.04 4480.55 4484.67 4489.69 4488.66 4487.48 4483.79 4486.76 4491.8 4488.56 4486.71 4491.41 4491.99 4491.74 4492.72 4478.91 4472.93 4464.34 4459.78 4460.53 4462.85 4455.09 4441.85 4429.22 4431.29 4436.56 4443.71 4449.01 4449.96 4449.01 4447.22 4443.59 4441.73 4447.02 4449.43 4447.26
4518.81 4519.19 4520.88 4524.84 4531.43 4535.56 4529.45 4521.18 4523.11 4522.63 4515.16 4503.11 4493.07 4494.05 4500.84 4494.07 4493.74 4493.51 4486.63 4480.85 4487.42 4491.34 4494.35 4494.04 4489.74 4482.69 4481.44 4480.26 4478.01 4476.12 4473.68 4475.47 4479.66 4484.76 4487.24 4484.84 4481.31 4476.64 4479.25 4486.48 4486.54 4484.99 4488.52 4490.2 4492.27 4492.79 4478.67 4469.2 4459.9 4457.64 4460.32 4462.3 4458.03 4449.11 4440.73 4436.97 4436.36 4441.38 4447.81 4446.1 4445.03 4443.75 4439.83 4435.88 4446.96 4449.36 4447.04
4519.33 4520.89 4520.36 4521.27 4530.57 4537.71 4532.34 4523.79 4524.01 4524.81 4515.2 4499.61 4487.2 4490.36 4498.31 4490.7 4495.54 4493.75 4489.46 4485.06 4487.51 4491.43 4498.15 4501.3 4491.6 4483.28 4481.27 4476.34 4472.76 4474.03 4475.53 4475.87 4479.65 4483.03 4482.99 4484.78 4479.98 4475.84 4476.69 4482.03 4484.63 4484.88 4485.5 4487.42 4486.63 4482.48 4475.01 4466.75 4458.81 4456.98 4459.52 4460.85 4459.6 4456.34 4453.9 4444.92 4433.84 4435.85 4438.78 4440.48 4439.94 4435.92 4438.87 4439.62 4446.81 4448.61 4445.7
4525.39 4524.78 4523.52 4523.33 4532.06 4540.93 4539.94 4528.59 4523.8 4520.55 4511.31 4497.06 4484.04 4482.36 4484.09 4486.9 4493.2 4493.77 4490.66 4488.8 4485.71 4488.77 4494.89 4500.3 4490.83 4481.6 4479.71 4472.38 4470.16 4472.14 4474.09 4475.15 4480.52 4486.03 4482.13 4483.77 4478.71 4475.16 4475.9 4481.15 4485.89 4488.39 4487.37 4485.76 4486.95 4479.9 4473.66 4466.86 4459.77 4459.77 4459.44 4458.67 4458.17 4460.13 4463.37 4454.18 4435.89 4436.44 4436.06 4439.52 4440.24 4442.39 4445.16 4445.39 4447.79 4446.16 4441.69
4532.07 4528.55 4527.62 4529.93 4532 4534.76 4536.57 4530.52 4521.79 4512.81 4507.46 4498.48 4485.06 4480.05 4478.73 4482.76 4489.11 4489.83 4489.33 4488.65 4485.58 4485.21 4485.9 4485.49 4488.1 4482.93 4475.61 4470.84 4469.12 4470.85 4472.46 4473.4 4478.94 4485.79 4484.9 4480.08 4476.43 4474.11 4474.26 4482.4 4489.71 4490.76 4484.49 4483.38 4484.86 4480.79 4475.85 4469.41 4463.5 4463.52 4460.15 4457.4 4454.85 4459.67 4463.94 4460.4 4452.6 4448.77 4448.08 4445.43 4441.91 4439.74 4444.06 4447.05 4448.28 4442.33 4436.57
