real_craters/C161-300m.grd
DSAA
389 389
-58.2575 58.2575
-58.2575 58.2575
3004.6647306478 5135.3941427189
[rows 330 to 359 of 389, columns 0 to 66 of 389]
4460.82 4452.93 4444.93 4437.57 4433.04 4431.24 4429.11 4428.35 4427.78 4425.47 4424.79 4425.74 4427.57 4430.44 4433.67 4435.18 4447.55 4437.11 4423.24 4423.04 4423.96 4422.93 4419.92 4416.6 4411.33 4405.18 4400.47 4397.06 4394.53 4393.42 4396.17 4395.98 4386.55 4380.15 4377.75 4377.19 4377.65 4378.57 4379.69 4380.48 4381.23 4383.6 4386.04 4389.63 4396.98 4402.35 4404.88 4407.28 4408.65 4404.63 4401.61 4402.26 4401.86 4399.85 4397.62 4396.27 4397.58 4406.42 4419.96 4436.44 4447.31 4445.03 4437.85 4428.2 4417.66 4407.45 4397.85
4462.05 4453.64 4445.13 4437.11 4433.13 4432.56 4429.87 4429.9 4429.71 4427.1 4426.37 4427.21 4429.21 4432.66 4436.92 4441.31 4449.14 4438.06 4427.22 4426.37 4426.88 4423.56 4418.94 4414.01 4406.73 4400.02 4396.78 4394.55 4393.36 4393.41 4393.47 4391.57 4383.82 4378 4376.34 4376.32 4377.22 4378.44 4379.71 4380.78 4382.23 4384.66 4387.13 4389.76 4396.84 4402.8 4405.61 4407.42 4408.32 4405.72 4403.79 4403.01 4402.03 4400.42 4398.12 4396.19 4394.18 4398.83 4406.89 4418.55 4427.81 4428.91 4425.69 4418.98 4411.19 4402.08 4393.91
4462.62 4454.28 4446.24 4438.83 4434.55 4433.44 4432.14 4431.55 4431.13 4428.4 4427.13 4427.78 4430 4434.55 4439.76 4442.85 4441.39 4435.81 4430.1 4429.33 4428.85 4424.5 4417.86 4408.66 4401.53 4396.75 4394.11 4391.95 4389.93 4388.28 4385.29 4382.55 4379.16 4375.52 4374.9 4375.71 4377.16 4378.95 4380.75 4382.43 4384 4387.23 4390.32 4393.7 4399.39 4404.13 4405.91 4405.46 4404.85 4405.57 4404.96 4404 4402.93 4401.31 4397.86 4393.51 4390.35 4391.44 4394.3 4400.42 4408.52 4414.02 4413.88 4409.52 4403.7 4396.38 4389.34
4462.37 4455.01 4447.69 4441.2 4437.19 4436.18 4433.63 4432.58 4432.03 4429.69 4428.12 4428.34 4431.02 4436.58 4441.13 4440.5 4435.96 4432.2 4429.64 4431.07 4430.98 4426.46 4419.57 4411.35 4403.54 4397.98 4393.89 4390.34 4386.62 4383.33 4380.68 4378.48 4376.37 4373.84 4373.96 4375.56 4377.56 4379.86 4382.43 4385.16 4388.1 4391.47 4394.72 4398.33 4404.07 4406.11 4407.23 4406.85 4405.83 4405.91 4406.03 4404 4402.23 4400.46 4397.59 4393.18 4389.19 4388.28 4388.98 4393.6 4399.54 4403.88 4404.29 4401.89 4396.78 4391.36 4385.03
4461.75 4455.43 4449.28 4443.37 4439.26 4438.01 4435.36 4433.86 4433.45 4431.82 4430.2 4430.5 4434.53 4440.92 4445.85 4442.46 4431.44 4429.68 4429.05 4432.87 4433.78 4429.49 4423.42 4416.14 4408.84 4402.59 4395.74 4390.54 4385.96 4383.02 4381.7 4379.06 4376.22 4373.85 4374.18 4376 4378.19 4380.83 4384.22 4388.15 4392.66 4396.46 4398.95 4401.38 4403.94 4406.04 4408.61 4410.98 4409.33 4405.56 4402.22 4400.32 4400.41 4400.43 4398.1 4391.64 4389.25 4388.71 4391.5 4397.63 4398.41 4398.3 4397.43 4394.95 4391.34 4386.57 4381.87
4460.93 4455.91 4450.91 4445.76 4441.44 4439.98 4438.28 4436.76 4436.75 4435.46 4434.05 4435.07 4440.27 4446.08 4451.55 4452.59 4432.18 4430.42 4430.04 4433.71 4435.6 4432.53 4427.9 4422.89 4417.21 4407.59 4397.91 4391.7 4387.35 4384.51 4383.11 4380.15 4377.31 4375.86 4375.82 4376.66 4378.51 4381.34 4385.26 4390.08 4396.05 4400.47 4401.79 4403.07 4402.36 4404.15 4407.79 4411.4 4408.91 4403.2 4398.26 4396.32 4397.96 4400 4399 4394.16 4390.26 4389.07 4390.56 4395.71 4395.19 4393.33 4391.57 4389 4386.11 4382.27 4378.03
4460.18 4456.31 4452.36 4448.38 4444.9 4443.79 4443.15 4441.82 4441.89 4440.41 4439.74 4441.87 4446.09 4449.75 4451.04 4443.97 4435.57 4434.89 4434.75 4437.27 4437.54 4434.64 4431.02 4427.81 4423.62 4410.77 4399.36 4391.87 4387.66 4384.99 4382.81 4379.95 4377.64 4376.84 4376.62 4376.65 4378.03 4380.8 4384.9 4389.83 4395.33 4399.47 4402.32 4403.99 4401.86 4402.01 4404.28 4405.38 4403.54 4398.98 4394.5 4392.58 4394.83 4397.71 4398.44 4394.65 4390.97 4388.37 4386.88 4387.12 4388.59 4387.95 4386.45 4384.41 4381.78 4378.69 4374.8
4459.42 4456.26 4453.25 4450.72 4448.9 4448.58 4449.54 4446.91 4447.03 4445.52 4445.37 4449.02 4452.98 4452.36 4451.01 4444.06 4443.01 4441.87 4441.14 4440.51 4439 4434.79 4430.62 4427.17 4423.15 4408.32 4396.19 4389.98 4386.66 4383.86 4381.64 4378.64 4376.39 4375.5 4375.34 4375.17 4376.62 4379.37 4383.05 4387.61 4392.94 4398.67 4399.93 4402.44 4401.92 4399.73 4399.52 4400.05 4397.5 4394.01 4390.46 4388.28 4391.75 4395.38 4397.21 4394.09 4391.27 4387.96 4384.63 4383.76 4383.73 4383.62 4382.57 4380.89 4378.54 4375.89 4373.3
4458.07 4455.32 4452.74 4451.72 4451.66 4450.86 4452 4451.6 4451.21 4450.69 4450.43 4452.54 4454.78 4452.99 4449.52 4443.16 4448.15 4446.97 4446.75 4446.19 4439.39 4432.48 4426.7 4421.66 4414.75 4403.33 4392.96 4388.65 4385.18 4381.47 4378.69 4376.19 4374 4372.45 4371.54 4372.03 4373.95 4376.81 4380.16 4383.84 4387.69 4390.94 4392.79 4394.71 4395.05 4393.22 4391.75 4392.05 4390.85 4389.16 4387.46 4386.9 4390.07 4394.33 4398.8 4394.87 4392.01 4389.19 4385.01 4380.29 4380.9 4380.58 4379.34 4377.3 4375.66 4373.52 4371.55
4455.69 4452.64 4451.13 4450.75 4451.27 4450.63 4451.99 4453.92 4454.36 4455.55 4455.1 4454.05 4454.1 4452.92 4450.63 4447.77 4448.11 4447.72 4447.14 4445.56 4435.65 4427.27 4420.56 4414.57 4409.29 4404.58 4398.75 4392.67 4383.56 4379.29 4376.29 4373.95 4371.48 4369.08 4367.39 4368.19 4370.7 4373.73 4376.67 4379.42 4381.58 4382.47 4383.72 4384.32 4383.71 4381.94 4381.27 4381.51 4383.76 4384.87 4385.47 4386.62 4389.62 4392.77 4394.91 4394.06 4392.77 4391.6 4390.22 4385.13 4381.16 4379.09 4377.32 4375.47 4373.6 4372.04 4371.32
4451.19 4448.68 4447.66 4447.28 4448.32 4448.81 4450.34 4453.52 4455.78 4457.47 4456.48 4453.97 4453.15 4452.91 4453.16 4453.28 4450.15 4445.62 4440.65 4433.21 4425.25 4419.08 4412.81 4406.21 4399.72 4398.89 4405.65 4401.27 4386 4379.77 4375.97 4372.93 4369.95 4366.84 4363.93 4364.81 4368.03 4371 4373.59 4375.41 4376.67 4376.53 4377.29 4377.62 4375.37 4372.42 4373.69 4375.62 4379.11 4381.95 4384.43 4387.16 4390.65 4393.31 4392.32 4392.92 4393.55 4393.15 4393.24 4387.71 4381.54 4377.95 4375.62 4374.08 4372.97 4372.06 4371.37
4444.54 4443.27 4442.54 4442.63 4444.13 4446.32 4447.83 4451.22 4454.09 4454.87 4454.11 4452.48 4451.4 4452.71 4454.93 4459.03 4450.55 4441.4 4432.5 4422.48 4415.38 4411.3 4405.57 4398.52 4391.22 4387.92 4398.26 4400.09 4389.64 4381.6 4376.6 4373.04 4369.81 4366.68 4363.81 4364.27 4367.11 4369.3 4370.94 4372.37 4373.77 4374.68 4375.81 4375.66 4372.39 4369.74 4371.55 4374.33 4377.16 4380.44 4383.9 4388.21 4393.11 4397.2 4398.17 4395.75 4394.98 4393.39 4389.68 4384.96 4380.44 4376.92 4374.17 4372.24 4371.08 4370.87 4370.65
4436.38 4436.03 4436.19 4436.79 4439.61 4443.32 4446.09 4449.39 4451.14 4451.27 4450.61 4449.37 4449.36 4452.58 4455.86 4456.42 4446.69 4435.11 4424.26 4417.09 4412.56 4406.69 4400.37 4393.54 4386.99 4382.39 4384.9 4389.34 4389.88 4382.64 4377.53 4373.75 4370.7 4368.26 4367.06 4367.37 4367.75 4368.46 4369.03 4370.08 4371.41 4373.2 4374.86 4372.89 4371.2 4370.6 4371.47 4373.66 4376.45 4379.55 4383.14 4387.38 4392.87 4401.07 4402.88 4398.69 4396.83 4394.52 4390.13 4384.28 4379.36 4375.7 4373.21 4371.23 4370.98 4370.08 4370.26
4427.41 4428.22 4428.61 4430.5 4434.1 4441.06 4444.78 4447.02 4447.25 4448.18 4447.57 4446.47 4448.01 4452.44 4453.23 4449.47 4440.71 4427.72 4415.95 4411.7 4409.59 4404.1 4397.02 4390.55 4385.62 4382.38 4381.82 4384.96 4385.88 4382.22 4378.06 4374.41 4371.51 4369.79 4369.56 4369.92 4368.3 4367.33 4367.4 4367.87 4368.52 4368.98 4368.26 4368.38 4369.75 4371.68 4372.54 4373.89 4376.33 4378.75 4382.09 4386.13 4391.82 4402.72 4407.23 4401.06 4398.26 4395.45 4392.21 4384.12 4377.28 4373.86 4371.75 4370.44 4369.87 4369.74 4370.44
4418.81 4420.84 4422.15 4424.89 4431.13 4439.31 4443.64 4444.62 4443.71 4445.23 4444.65 4444.49 4447.01 4450.37 4454.39 4450.09 4436.74 4420.38 4407.4 4404.92 4407.71 4400.24 4393.99 4389.25 4385.54 4383.28 4382.74 4383.83 4383.4 4381.96 4378.01 4374.51 4371.8 4370.02 4369.29 4369.11 4367.03 4365.69 4365.36 4365.57 4365.8 4365.4 4365.38 4365.12 4368.19 4372.68 4375.24 4375.28 4375.98 4377.55 4379.89 4384.15 4391.29 4400.05 4404.01 4401.13 4398.28 4395.18 4390.03 4382.17 4374.75 4372.05 4370.8 4369.88 4369.5 4369.44 4369.6
4411.49 4414.44 4416.68 4419.9 4426.82 4435.73 4441.89 4442.19 4440.52 4441.11 4440.9 4441.3 4443.13 4445.18 4456.68 4453.05 4433.92 4412.99 4397.69 4395.4 4395.11 4392.96 4390.01 4387.32 4385.27 4384.33 4385.86 4386.62 4383.87 4379.42 4376.96 4374.32 4371.63 4369.26 4367.03 4364.69 4363.74 4363.54 4363.62 4363.69 4363.7 4362.79 4359.98 4361.59 4365.95 4371.45 4376.91 4375.33 4374.43 4375.01 4376.78 4379.87 4384.41 4392.37 4398.78 4397.9 4397.05 4394.15 4390.51 4380.9 4371.68 4371.17 4370.35 4369.54 4368.7 4368.16 4368.12
4405.7 4409.27 4412.4 4416.58 4423.37 4430.2 4435.29 4436.91 4436.39 4437.21 4436.31 4436.34 4437.49 4437.27 4452.89 4451.2 4430.46 4406.61 4390.53 4387.44 4386.57 4386.39 4386.27 4385.72 4385.2 4385.29 4387.36 4389.44 4385.35 4379.63 4376.86 4374.27 4371.28 4368.21 4365.17 4362.04 4361.35 4361.58 4361.76 4362.19 4362.68 4363.12 4363.29 4361.56 4363.67 4367.22 4370.8 4371.02 4370.8 4371.48 4372.86 4374.91 4377.18 4384.12 4392.16 4396.72 4395.82 4391.79 4385.69 4380.86 4375.74 4372.73 4370.23 4368.39 4367 4365.66 4364.88
4400.85 4404.93 4408.8 4414.43 4420.39 4423.85 4427.41 4430.21 4431.04 4431.45 4432.02 4432.56 4432.87 4430.08 4450.11 4449 4426.92 4402.17 4386.93 4383.59 4382.71 4383.09 4384.23 4384.62 4385 4386.98 4393.62 4392.24 4386.27 4381.08 4378.06 4374.93 4371.4 4367.92 4364.6 4362.61 4361.28 4360.24 4360.45 4361.07 4362.07 4363.32 4364.37 4360.49 4361.1 4362.37 4363.55 4364.57 4365.91 4367.28 4369.19 4371.3 4374.09 4381.07 4388.4 4394.46 4394.18 4390.23 4385.55 4380.95 4378.47 4374.23 4369.68 4366.39 4364.05 4362.17 4360.52
4397.41 4400.53 4405.14 4410.15 4414.85 4417.6 4420.4 4423.91 4426.16 4426.36 4428.38 4429.8 4430.22 4427.39 4447.64 4444.68 4422.77 4400.3 4387.03 4383.34 4382.95 4383.79 4384.22 4384.41 4384.75 4385.87 4387.42 4388.63 4387.57 4383.54 4379.64 4375.62 4371.61 4367.67 4363.98 4360.8 4358.66 4358.44 4359.27 4360.56 4361.45 4362.14 4361.59 4359.41 4359.34 4358.83 4357.73 4359.16 4361.71 4363.62 4366.08 4368.65 4372.1 4378.74 4385.96 4390.92 4390.07 4385.74 4381.8 4377.73 4375.5 4371.82 4367.07 4363.59 4360.89 4358.74 4356.79
4394.93 4397.91 4401.75 4405.2 4409.76 4412.98 4415.69 4418.56 4421.36 4422.39 4425.2 4427.41 4429.25 4429.6 4440.48 4435.4 4416.74 4397.78 4387.64 4384.53 4384.63 4386.2 4385.39 4384.82 4384.69 4384.58 4384.5 4387.52 4390.91 4386.81 4381.07 4376.38 4371.97 4367.4 4363.15 4358.49 4355.21 4356.63 4358.63 4360.29 4361.41 4361.82 4361.31 4359.85 4358.97 4357.94 4356.18 4356.23 4358.85 4361.44 4364.17 4366.78 4370.52 4375.79 4380.98 4382.65 4380.25 4375.32 4373.01 4370.37 4368.15 4365.34 4362.08 4359.29 4356.91 4354.94 4352.84
4393.41 4396.65 4399.82 4402.09 4407.2 4410.8 4413.83 4415.68 4418.13 4418.26 4421.07 4424.09 4428.35 4434.24 4431.14 4424.04 4410.2 4395.72 4388.39 4385.89 4385.86 4387.06 4386.34 4385.73 4385.2 4385.18 4385.19 4388.79 4390.94 4386.99 4381.73 4377.08 4372.71 4368.26 4363.71 4358.92 4354.77 4357.03 4359.18 4360.55 4361.7 4362.38 4362.33 4360.84 4359.58 4358.44 4356.49 4355.55 4357.55 4359.93 4362.52 4364.93 4367.95 4373.02 4374.41 4373.36 4369.4 4362.27 4361.73 4361.42 4360.05 4358.2 4355.75 4354 4352.57 4350.81 4349.07
4392.43 4397.13 4400.9 4403.04 4406.94 4410.32 4412.74 4413.34 4414.21 4413.53 4414.07 4419.33 4425.38 4433.33 4438.8 4418.06 4405.23 4395.03 4389.53 4387.09 4386.59 4387.23 4386.76 4386.65 4386.85 4387.17 4387.1 4389.22 4388.43 4384.44 4381.13 4377.65 4373.74 4369.81 4365.96 4362.49 4360.84 4360.66 4361.11 4361.83 4362.62 4363.21 4363.05 4361.75 4360.18 4358.91 4357.2 4356.24 4357.32 4359.07 4361.18 4362.81 4363.9 4366.16 4367.16 4364.36 4359.44 4354.61 4354.11 4353.69 4352.05 4350.21 4348.93 4348.64 4348.31 4347.61 4346.21
4392.45 4398.51 4404.41 4409.91 4411.45 4411.65 4412.62 4411.16 4410.17 4408.89 4409.4 4416.03 4422.45 4427.97 4426.57 4409.45 4401.36 4394.2 4390.44 4388.12 4387.01 4386.46 4386.72 4388.11 4389.48 4390.41 4390.82 4390.82 4387.61 4383.25 4380.92 4378.12 4374.92 4371.52 4368.58 4366.41 4365.66 4364.56 4363.5 4363.33 4363.67 4364.02 4363.52 4361.85 4360.03 4358.9 4357.71 4357.03 4357.58 4358.67 4359.84 4360.96 4360.54 4359.02 4359.5 4357.21 4353.97 4351.74 4350.04 4348.48 4345.79 4341.94 4343.24 4344.46 4345.12 4345.1 4344.37
4393.39 4399.67 4406.56 4414.64 4416.02 4414.87 4414.32 4411.54 4409.64 4408.14 4409.67 4415.51 4421.86 4427.93 4422.3 4407.4 4400.5 4394.48 4391.25 4389.3 4387.92 4387.19 4387.69 4390.07 4392.73 4394.85 4395.27 4394.65 4390.1 4384.78 4382.11 4379.34 4376.5 4373.49 4371.05 4369.24 4368.26 4366.83 4365.14 4364.45 4364.56 4365.12 4364.66 4362.62 4360.71 4359.22 4358.31 4357.85 4357.89 4358.51 4359.3 4359.98 4359.13 4354.5 4353.35 4352.39 4350.44 4349.89 4347.69 4345.57 4343.22 4341.12 4341.45 4342.67 4343.57 4343.87 4343.88
4395.04 4400.72 4405.83 4412.75 4417.04 4417.59 4416.26 4412.29 4410.27 4409.36 4410.99 4416.03 4423.05 4429.22 4421.7 4412.21 4402.89 4396.06 4392.68 4390.63 4389.49 4388.69 4388.81 4392.78 4396.1 4399.39 4402.49 4398.33 4392.61 4388.24 4384.51 4381.24 4378.61 4375.97 4373.59 4371.32 4369.23 4367.16 4365.78 4365.15 4364.95 4365.12 4365.37 4365.48 4365.22 4361.86 4359.43 4358.25 4357.87 4358.12 4358.54 4358.92 4358.32 4353.25 4351.11 4350.17 4349.15 4348.13 4346.02 4344.07 4342.41 4341.7 4341.62 4342.2 4342.95 4343.6 4343.86
4396.88 4403.27 4407.04 4412.72 4418.51 4419.17 4418.58 4414.4 4409.81 4408.75 4408.76 4415.34 4424.48 4429.43 4419.58 4416 4405.9 4398.26 4394.12 4392.11 4391.36 4392.19 4394.23 4396.09 4398.33 4401.12 4403.43 4397.2 4391.69 4389.09 4386.34 4383.6 4381.58 4379.1 4376.56 4373.54 4370.25 4367 4366.36 4365.8 4365.16 4364.74 4365.28 4366.71 4367.56 4362.73 4359.78 4358.3 4357.6 4357.47 4357.49 4357.21 4355.2 4351.52 4350.34 4349.22 4348.47 4346.39 4344.46 4343.07 4342 4341.73 4341.7 4342.1 4342.71 4343.47 4344.16
4400.71 4407.99 4413.92 4420.87 4423.85 4424.43 4421.99 4416.71 4410.2 4407.56 4406.11 4413.31 4424.64 4429.5 4413.57 4414.87 4406.25 4398.95 4394.93 4393.18 4392.95 4394.24 4397.23 4397.26 4398.11 4399.46 4399.66 4394.27 4389.55 4388.18 4387.9 4387.07 4385.82 4383.55 4380.6 4377.09 4373.24 4369.78 4368.45 4367.27 4365.9 4364.85 4364.89 4365.06 4363.69 4360.71 4358.95 4357.61 4356.82 4356.64 4356.48 4355.81 4353.78 4350.79 4349.57 4347.89 4346.52 4343.84 4342.82 4342.2 4341.76 4341.67 4341.65 4342.21 4342.91 4343.63 4344.62
4404.21 4413 4422.17 4429.01 4428.84 4428.69 4424.54 4418.85 4411.09 4407.74 4405.88 4410.48 4422.48 4430.62 4413.08 4411.35 4403.34 4397.43 4394.65 4393.41 4393.13 4393.8 4394.48 4395.25 4395.69 4395.89 4394.99 4391.88 4387.95 4388.81 4390.74 4391.94 4391.24 4389.04 4385.5 4381.59 4377.52 4375.04 4371.8 4370.22 4368.18 4365.51 4365.54 4364.57 4361.8 4359.62 4358.06 4356.82 4356.11 4355.96 4355.7 4354.64 4352.92 4350.04 4347.48 4345.71 4344.49 4342.21 4341.78 4341.63 4341.72 4341.98 4342.05 4342.66 4343.16 4343.74 4344.51
4406.35 4415.45 4425 4428.14 4428.64 4428.34 4424.71 4419.62 4411.89 4408.53 4406.3 4405.74 4412.73 4429.57 4413.71 4406.2 4399.47 4395.27 4393.45 4392.66 4392.38 4392.52 4392.99 4392.91 4392.49 4392.04 4390.85 4389.12 4389.01 4392.36 4396.13 4398.8 4397.68 4394.93 4391.1 4386.7 4381.77 4376.37 4374.72 4375.77 4374.47 4370.98 4369.84 4367.11 4363.3 4360.17 4357.53 4356.1 4355.53 4355.68 4355.76 4354.57 4352.07 4349.23 4345.63 4343.48 4342.85 4341.81 4341.22 4341.38 4341.82 4342.59 4343.24 4343.34 4343.54 4343.78 4343.97
4406.92 4414.45 4420.3 4423.02 4424.31 4425.03 4423.6 4418.9 4413.15 4408.34 4406.19 4404.23 4410.69 4426.42 4408.96 4397.35 4395.23 4393.35 4392.29 4391.86 4391.54 4391.32 4390.37 4389.37 4389.55 4389.14 4388.16 4387.2 4389.16 4398.72 4407.21 4407.32 4404.38 4400.79 4396.83 4392.65 4388.01 4382.28 4381.62 4385.57 4386.36 4383.99 4378.18 4371.95 4365.67 4360.13 4357.04 4355.5 4355.04 4355.88 4357.02 4357.12 4354.49 4349.73 4344.95 4342.18 4341.93 4340.87 4340.83 4341.39 4342.06 4342.97 4343.5 4343.93 4343.85 4343.59 4343.04
