real_craters/C161-300m.grd
DSAA
389 389
-58.2575 58.2575
-58.2575 58.2575
3004.6647306478 5135.3941427189
[rows 120 to 149 of 389, columns 268 to 334 of 389]
4379.51 4382.08 4383.49 4384.3 4384.35 4385.97 4387.86 4390.26 4392.39 4394.19 4395.24 4395.12 4391.85 4385.33 4380.25 4377.07 4374.51 4372.53 4371.01 4369.52 4368.07 4367.95 4367.16 4365.05 4364.17 4366.66 4368.94 4369.62 4369.93 4370.66 4371.17 4372.48 4369.95 4367.17 4365.23 4362.75 4360.28 4360.18 4360.09 4358.59 4354.65 4351.82 4352.23 4352.27 4351.95 4351.43 4350.73 4350 4350.27 4355.15 4359.17 4360.95 4362.92 4365.58 4368.89 4372.24 4372.76 4370.8 4368.41 4364.61 4361.11 4356.97 4355.28 4356.65 4357.99 4359.68 4361.29
4386.91 4388.04 4389.03 4389.4 4388.79 4389.02 4389.5 4390.49 4391.45 4392.19 4391.81 4389.95 4387.77 4383.29 4378.81 4375.79 4373.57 4371.9 4369.95 4369.24 4368.58 4370.03 4372.36 4371.09 4371.43 4371.06 4372.66 4376.56 4375.71 4372.07 4370.1 4368.5 4364.85 4363.11 4361.24 4358.44 4355.62 4355.26 4355.36 4353.99 4351.54 4348.95 4348.37 4348.41 4348.41 4348.27 4348 4347.24 4347.36 4350.98 4355.38 4358.39 4360.99 4363.88 4367 4369.22 4369.83 4369.57 4368.43 4362.15 4359.09 4357.01 4357.35 4359.31 4360.6 4361.5 4362.41
4391.18 4391.33 4392.21 4394.14 4392.53 4391.06 4390.37 4390.57 4390.7 4390.58 4389.54 4387.14 4385.36 4381.8 4377.38 4374.71 4372.98 4372.89 4372.75 4370.3 4368.79 4370.31 4371.96 4370.61 4370.49 4371.16 4373.01 4374.72 4374.1 4370.65 4367.14 4363.68 4361.39 4360.5 4358.49 4355.74 4352.89 4352.35 4352.99 4352.82 4350.65 4347.39 4345.91 4345.53 4345.81 4346.24 4346.4 4346.04 4346.54 4348.95 4352.69 4355.59 4358.16 4360.74 4363.63 4365.76 4366.68 4366.79 4365.05 4359.71 4359.12 4360.22 4362.05 4363.54 4364 4364.11 4363.97
4388.74 4388.4 4390.34 4393.71 4392.64 4390.81 4389.88 4389.49 4389.43 4389.22 4388.72 4388.04 4386.62 4381.9 4376.8 4373.91 4372.7 4375.46 4377.46 4369.96 4367.48 4369.83 4369.85 4366.23 4366.35 4368.17 4370.93 4373.67 4370.89 4367.53 4363.94 4360.65 4359.99 4359 4357 4354.54 4352.17 4351.45 4351.7 4351.89 4349.47 4345.45 4343.99 4343.72 4344.03 4344.69 4345.39 4346.12 4347.44 4350.05 4351.07 4352.77 4354.66 4356.55 4358.44 4360.38 4363.06 4363.75 4361.38 4356.13 4359.94 4366.76 4368.82 4368.73 4367.87 4366.85 4365.86
4383.82 4381.31 4384.75 4388.37 4388.89 4388.29 4387.9 4387.74 4387.6 4387.5 4387.6 4387.65 4386.85 4381.6 4377.24 4371.97 4372.48 4380.24 4383.21 4371.89 4368.78 4371.44 4370.54 4363.34 4363.34 4364.95 4367.36 4369.22 4367.54 4364.11 4361.33 4359 4359.63 4357.8 4356.03 4354.03 4352.34 4351.32 4350.55 4349.42 4347.72 4344.18 4342.6 4342.44 4342.95 4343.88 4344.97 4346.2 4347.87 4349 4349.05 4349.9 4350.99 4352.18 4353.46 4355.46 4358.11 4361 4359.74 4351.53 4360.23 4372.84 4375.16 4373.65 4371.2 4368.77 4366.79
4383.27 4377.7 4379.8 4382.59 4384.63 4385.24 4385.3 4385.22 4385.07 4384.97 4385.09 4385.51 4385.54 4378.21 4368.69 4367.04 4368.25 4375.94 4380.1 4372.62 4370.65 4374.02 4372.72 4364.61 4361.29 4361.12 4364.27 4365.08 4362.11 4361.03 4359.38 4357.8 4357.55 4356.62 4355.44 4353.65 4351.89 4350.89 4350.7 4349.46 4347.33 4344.53 4341.67 4341.4 4342.2 4343.48 4344.89 4346.09 4346.51 4346.28 4346.73 4347.24 4347.64 4348.06 4348.23 4348.69 4351.98 4357.11 4356.55 4345.73 4360.65 4379.07 4380.19 4376.94 4372.82 4369.13 4365.96
4387.31 4382.06 4380.32 4380.31 4381.76 4382.57 4382.87 4382.79 4382.35 4381.85 4381.25 4380.25 4378.9 4373.17 4365.29 4365.23 4367.08 4370.28 4373.95 4375.29 4374.91 4374.44 4372.1 4366.24 4363.15 4362.8 4364.09 4364.43 4362.68 4360.5 4358.2 4356.3 4355 4356.33 4355.11 4353.27 4351.55 4350.96 4351.68 4350.96 4347.46 4342.54 4339.97 4340.43 4341.7 4343.24 4344.89 4346.28 4346.92 4345.28 4345 4345.15 4345 4344.6 4344.15 4344.05 4347.68 4352.19 4349.24 4340.31 4360.42 4382.24 4381.49 4377.15 4372.46 4367.94 4363.73
4390.64 4384.2 4379.79 4379.32 4379.81 4380.49 4380.56 4380.24 4379.66 4378.49 4377.01 4374.59 4372.37 4368.92 4363.86 4367.32 4376.99 4376.66 4378.37 4380.94 4379.74 4375.6 4373.05 4369.51 4366.63 4365.43 4366.1 4366.45 4365.81 4361.02 4357.41 4354.55 4353.78 4356.58 4354.68 4352.65 4350.92 4350.15 4352.39 4351.83 4348.31 4343.15 4339.42 4340.29 4341.85 4343.65 4345.43 4347.01 4347.72 4345.71 4344.84 4344.05 4343.21 4342.3 4341.48 4341.19 4344.23 4347.81 4343.3 4335.73 4355.33 4376.4 4377.58 4374.13 4369.77 4365.32 4360.97
4390.33 4381.25 4378.51 4378.39 4378.44 4378.64 4378.57 4378.42 4377.56 4375.91 4373.63 4370.83 4367.9 4365.02 4362.81 4367.84 4378.25 4381.98 4383.9 4385.37 4384.07 4382.97 4378.9 4373.11 4369.78 4369.9 4368.05 4366.87 4364.9 4359.46 4356.6 4353.93 4352.56 4354.41 4352.96 4351.71 4350.54 4350.2 4352.61 4352.37 4349.62 4345.82 4341.23 4341.27 4342.5 4344.14 4346.01 4347.54 4347.99 4347.64 4345.54 4343.33 4342.08 4341.15 4340.36 4339.13 4341.73 4343.95 4339.06 4332.58 4348.28 4366.64 4369.84 4368.4 4365.68 4362.07 4358.05
4388.19 4379.56 4378.33 4378.01 4377.71 4377.25 4376.77 4376.51 4375.56 4374.1 4371.62 4368.62 4365.82 4362.16 4362.99 4368.62 4377.78 4384.51 4387.16 4389.12 4391.04 4392.2 4384.75 4375.99 4370.85 4370.77 4367.13 4364.54 4362.26 4359.17 4355.85 4352.25 4348.25 4349.07 4350.18 4350.62 4350.63 4351.05 4352.4 4352.15 4350.29 4347.94 4343.63 4342.57 4343.07 4344.47 4346.25 4347.97 4348.35 4345.91 4343.39 4342.1 4341.38 4340.97 4341.02 4341.52 4342.52 4342.15 4338.36 4333.92 4344.36 4357.32 4361.38 4361.93 4360.84 4358.66 4355.61
4386.4 4380.07 4378.81 4377.64 4376.71 4376.1 4375.52 4374.87 4374.38 4372.82 4370.64 4367.55 4362.98 4360.06 4363.09 4370.17 4378 4385.11 4387.49 4389.85 4392.24 4391.95 4386.15 4379.75 4373.89 4367.38 4363.08 4360.7 4358.38 4357.68 4354.53 4351.77 4345.08 4345.42 4348.26 4349.86 4350.8 4351.81 4352.75 4352.1 4350.39 4348.13 4344.64 4343.33 4343.49 4344.53 4346.01 4347.65 4347.13 4343.35 4340.88 4340.85 4340.9 4341.07 4341.74 4343.24 4344.6 4344.78 4341.11 4338.85 4342.86 4349.01 4353.3 4355.46 4356.4 4355.74 4354.44
4384.85 4378.82 4377.29 4376.83 4376.31 4375.73 4375.14 4374.8 4374.15 4372.85 4371.39 4368.94 4365.2 4361.29 4361.71 4363.74 4372.6 4379.41 4383.6 4386.68 4388.64 4385.37 4383.37 4381.33 4379.17 4366.39 4359.91 4357.13 4354.93 4354.71 4351.11 4347.77 4343.89 4345.43 4348.13 4349.72 4350.95 4351.42 4352.15 4352 4350.34 4347.91 4344.43 4343.26 4343.54 4344.34 4345.27 4346.18 4345.48 4342.45 4340.44 4340.58 4340.85 4341.22 4341.89 4342.82 4343.72 4344.56 4343.39 4343.11 4340.65 4341.77 4346.65 4350.08 4352.79 4353.7 4353.97
4383.37 4378.49 4377.51 4376.71 4376.27 4375.82 4375.24 4374.79 4374.22 4373.57 4372.79 4372.16 4371.21 4365.33 4363.47 4364.55 4369.22 4373.63 4377.79 4380.92 4383.08 4379.98 4377.83 4375.86 4372.16 4364.97 4358.85 4354.33 4350.54 4348.5 4346.54 4344.22 4342.96 4346.04 4347.97 4349.83 4351.62 4352.93 4353.21 4352.55 4350.66 4347.57 4343.92 4343.16 4343.69 4344.4 4344.6 4343.78 4343.3 4342.5 4341.62 4341.24 4341.21 4341.43 4341.71 4341.76 4341.51 4342.77 4343.23 4343.33 4338.39 4337.36 4341.73 4345.5 4349.4 4351.88 4353.77
4382.75 4379.55 4378.42 4376.9 4376.29 4375.91 4375.28 4374.66 4374.7 4374.14 4374.07 4374.29 4375.28 4371.7 4366.33 4364.78 4366.25 4369.63 4372.08 4373.47 4373.89 4372.56 4369.91 4367.77 4364.54 4360.43 4356.18 4351.57 4348.87 4346.23 4344.22 4342.49 4341.38 4341.88 4347.02 4349.77 4352.35 4355.06 4355.01 4353.89 4351.85 4348.59 4344.54 4343.72 4344.64 4345.47 4345.51 4344.33 4343.76 4343.29 4342.87 4341.82 4341.46 4341.54 4341.8 4341.77 4341.18 4340.43 4341.66 4341.31 4336.54 4335.29 4338.79 4343 4346.97 4350.3 4353.27
4382.34 4380.34 4377.46 4376.66 4376.35 4375.74 4375.01 4374.37 4373.85 4373.48 4373.5 4373.98 4374.4 4371.29 4365.74 4363.12 4364.03 4366.28 4367.18 4366.26 4363.39 4361.16 4360.95 4360.31 4357.46 4354.06 4349.38 4348.49 4347.42 4346.66 4346.99 4344.96 4342.74 4343.71 4347.32 4349.33 4351.83 4355.44 4356.12 4355.78 4354.14 4351.23 4347.11 4345.73 4346.79 4347.76 4348.24 4347.73 4345.84 4343.95 4342.29 4341.55 4341.49 4341.8 4342.26 4342.42 4341.39 4341.17 4341.41 4340.58 4337.23 4335.7 4337.69 4341.21 4344.96 4349.14 4352.67
4381.62 4379.66 4378.05 4377.02 4376.32 4375.34 4374.57 4373.66 4373.09 4372.43 4371.82 4371.41 4369.97 4365.91 4362.4 4362.59 4364.28 4364.96 4364.24 4361.84 4357.05 4353.97 4354.41 4355.51 4355.66 4352.11 4347.87 4346.85 4347.39 4349.11 4349.94 4347.06 4345.01 4345.52 4346.97 4348.69 4349.65 4351.21 4357.55 4357.93 4357.18 4355.69 4353.04 4349.86 4350.28 4350.76 4351.06 4350.77 4347.62 4344.53 4341.93 4341.19 4341.38 4341.93 4342.73 4343.79 4345.16 4342.55 4341.53 4340.91 4338.21 4336.2 4337.33 4340.15 4343.65 4347.36 4351.48
4381.59 4378.61 4379 4377.94 4376.61 4375.02 4373.78 4372.34 4371.73 4370.87 4369.82 4368.76 4366.41 4363.11 4360.79 4362.59 4364.72 4364.58 4363.17 4361.14 4358.51 4353.57 4352.13 4352.87 4352.93 4350.59 4347.17 4345.85 4345.5 4344.94 4345.67 4346.58 4345.73 4346.08 4347.94 4349.41 4349.6 4349.72 4356.53 4359.37 4359.96 4360.35 4360.01 4355.81 4354.54 4353.91 4353.35 4351.47 4348.46 4345.06 4342.46 4341.39 4341.45 4342.2 4342.99 4343.59 4343.2 4341.79 4341.65 4341.35 4337.89 4335.71 4336.95 4339.47 4342.81 4346.51 4350.3
4385.59 4381.64 4380.8 4378.77 4376.35 4374.24 4372.9 4371.5 4370.65 4369.46 4367.73 4366.18 4364.37 4362.85 4362.45 4364.43 4366.03 4364.58 4362.44 4360.28 4358.34 4355.86 4352.42 4351.68 4351.33 4349.42 4346.38 4345.24 4345.5 4346.37 4348.95 4346.85 4345.79 4345.38 4349.24 4352.21 4354.19 4356 4359.17 4360.64 4361.86 4363.38 4364.57 4361.34 4358.05 4356.01 4355.19 4353.02 4348.8 4345.15 4342.2 4341.08 4341.65 4342.55 4343.22 4343.1 4342.08 4341.24 4341.22 4340.69 4337.15 4334.87 4336.46 4339.1 4342.48 4346.12 4349.6
4389.24 4383.77 4381.33 4378.55 4375.61 4373.62 4372.12 4370.79 4369.52 4367.62 4365.7 4363.88 4361.99 4362.04 4360.9 4362.76 4365.4 4363.63 4361.5 4358.72 4356.61 4354.79 4352.6 4351.01 4350.09 4348.38 4345.02 4345.96 4348.34 4350.15 4347.82 4347.04 4346.85 4347.3 4351.96 4355.93 4358.86 4360.2 4359.45 4360.17 4362.31 4364.56 4366.16 4364.33 4359.15 4355.69 4353.83 4351.36 4347.83 4344.77 4342.24 4341.35 4342.3 4343.23 4344.01 4343.94 4342.33 4340.76 4340.12 4339.08 4336.53 4334.59 4336.09 4338.74 4342.23 4345.98 4349.76
4387.54 4381.91 4379.06 4376.54 4374.21 4372.64 4371.39 4370.51 4368.93 4366.82 4364.44 4361.27 4358.54 4354.52 4352.65 4357.04 4360.51 4362.22 4360.94 4358.85 4357.35 4356.5 4352.15 4350.57 4349.6 4348.08 4348.46 4349.63 4351.71 4353.63 4349.03 4348.4 4349.13 4351.1 4355.74 4359.61 4361.98 4361.63 4358.68 4359.14 4362.25 4364.41 4364.96 4361.68 4357.15 4352.78 4349.47 4347.75 4346.08 4344.32 4343.1 4343.05 4343.18 4344.31 4345.31 4345.63 4343.39 4340.6 4340.1 4339.45 4336.97 4335.23 4336.01 4338.7 4342.12 4346.07 4349.94
4383.82 4378.89 4375.46 4373.2 4372.23 4371.92 4371.18 4370.09 4368.28 4366.02 4363.25 4360.28 4357.27 4354.1 4352.02 4358.52 4362.91 4362.58 4360.79 4358.89 4358.2 4357.09 4351.74 4351.06 4351.3 4352.3 4352.86 4353.61 4353.76 4355.01 4352.49 4351.24 4351.78 4353.96 4358.9 4362.56 4364.13 4363.34 4360.94 4360.85 4363.12 4364.56 4363.89 4359.92 4354.08 4349.25 4345.3 4344.76 4344.69 4344.21 4343.22 4341.68 4343.97 4345.32 4346.26 4346.95 4343.75 4340.75 4342.56 4340.96 4337.54 4335.16 4335.67 4338.19 4341.55 4345.45 4349.57
4383.34 4377.78 4373.53 4371.14 4371.39 4371.87 4371.69 4370.06 4368.15 4365.52 4362.95 4360.24 4357.53 4354.9 4354.21 4360.31 4363.19 4361.43 4360.42 4360.1 4359.39 4358.29 4354.44 4352.78 4352.27 4353.35 4352.75 4353.56 4353.38 4353.52 4354.54 4353.96 4353.91 4355.3 4359.4 4364.41 4366.01 4365.61 4364 4363.37 4365.31 4365.84 4364.44 4358.19 4352.07 4347.36 4343.84 4343.8 4344.55 4345.25 4345.68 4346.53 4346.73 4346.45 4346 4345.58 4342.41 4339.87 4342.24 4340.97 4337.31 4334.6 4334.91 4337.43 4340.74 4344.48 4348.51
4384.59 4379.99 4375.08 4370.59 4373.82 4375.3 4374.8 4372.98 4370.26 4367.05 4363.66 4361.14 4358.55 4356.8 4357.68 4359.01 4357.73 4357.69 4359.17 4361.01 4360.69 4359.68 4358.06 4355.62 4352.06 4347.99 4347.87 4348.94 4352.97 4354.03 4354.18 4355.34 4355.86 4356.75 4359.62 4366.2 4368.15 4368.26 4368.34 4369.02 4368.1 4367.66 4367.02 4363.98 4353.86 4347.65 4344.28 4344.47 4345.56 4347.04 4349.04 4351.47 4349.77 4347.27 4344.69 4342.18 4340.28 4338.63 4341.01 4339.91 4336.47 4333.49 4334.11 4336.87 4339.93 4343.19 4346.65
4390.69 4387.93 4384.45 4380.07 4382.52 4382.44 4380.49 4377.45 4373.68 4369.6 4364.82 4361.57 4359.46 4358.1 4359.69 4360.27 4358.1 4357.22 4358.13 4358.81 4361.61 4364.26 4364.56 4358.69 4352.88 4348.9 4348.34 4350.91 4355.66 4356.78 4354.19 4356.59 4358.92 4360.01 4361.5 4368.92 4369.82 4369.96 4370.42 4371.26 4368.87 4367.85 4367.59 4365.73 4355.67 4349.39 4346.26 4346.21 4347.05 4348.46 4350.33 4351.68 4350.51 4347.56 4343.98 4340.84 4340.28 4339.44 4338.75 4337.14 4336.23 4334.75 4335.03 4336.75 4338.87 4341.35 4344.08
4405.69 4402.04 4400.04 4399.58 4396.25 4392.23 4387.7 4382.63 4377.32 4371.99 4367.41 4363.53 4361.33 4360.91 4363.88 4365.77 4363.85 4361.79 4360.33 4360.11 4362.2 4364.27 4363.44 4358.12 4353.87 4351.02 4351.83 4355.99 4361.41 4362.26 4360.14 4362.77 4364.69 4366.15 4368.21 4373.9 4371.09 4370.55 4369.29 4367.08 4366.36 4365.59 4364.83 4362.37 4355.53 4351.35 4349.13 4348.33 4348.35 4349.03 4350.22 4351.61 4350.48 4347.56 4344.99 4342.96 4342.43 4343.18 4341.63 4338.65 4337.24 4336.86 4336.85 4336.8 4337.83 4339.3 4341.14
4423.96 4417.78 4415.68 4414.82 4409.92 4402.65 4395.19 4388.01 4381.13 4374.92 4369.82 4365.21 4362.82 4363.55 4369.67 4372.58 4371.18 4368.65 4364.35 4362.45 4362.82 4362.53 4360.02 4355.85 4355.65 4356.29 4359.63 4365.8 4369.83 4370.88 4371.01 4371.54 4370.97 4372.72 4377.08 4380.83 4374.99 4371.09 4367.71 4364.58 4362.94 4361.81 4360.78 4358.87 4355.12 4354.38 4352.14 4350.17 4349.02 4348.59 4348.61 4348.97 4347.96 4346.37 4345.5 4344.51 4343.55 4343.51 4342.16 4339.55 4337.85 4337.12 4336.62 4336.14 4336.5 4337.37 4338.05
4434.23 4429.84 4427.84 4427.36 4421.12 4411.47 4401.93 4392.9 4384.97 4377.84 4371.62 4366.78 4363.76 4364.92 4373.35 4376.99 4375.45 4373.36 4369.39 4366.17 4363.99 4361.5 4357.74 4354.89 4359.15 4365.87 4372.9 4377.59 4379.71 4378.6 4376.18 4374.58 4373.93 4375.82 4380.33 4381.49 4376.07 4370.39 4365.47 4361.87 4358.92 4357.32 4356.3 4355.47 4355.23 4356.14 4353.71 4350.89 4348.84 4347.4 4346.06 4344.25 4342.84 4343.9 4344.6 4344.08 4342.89 4341.72 4340.86 4338.67 4337.77 4336.12 4334.7 4334.79 4334.97 4335.13 4335.23
4439.49 4437.72 4436 4433.86 4427.72 4417.67 4407.11 4397.38 4388.59 4380.83 4373.84 4368.4 4364.4 4365.79 4374.92 4377.28 4374.71 4373.36 4372.71 4369 4365.33 4362.01 4358.48 4355.72 4363.28 4374.28 4384.85 4387.54 4388.98 4383.22 4376.32 4372.88 4372.64 4374.17 4376.52 4377.87 4373.31 4367.42 4361.76 4356.09 4353.48 4352.78 4351.55 4350.05 4349.62 4352.88 4352.04 4349.95 4347.76 4345.79 4343.9 4341.92 4340.8 4341.78 4342.54 4342.79 4342.05 4340.15 4340.24 4341.17 4337.91 4335.57 4333.84 4333.89 4333.8 4333.55 4333.15
4445.61 4443.42 4440.78 4438.1 4431.98 4421.12 4410.31 4400.5 4391.35 4383.33 4376.05 4370.13 4365.71 4366.8 4373.87 4374.25 4369.85 4366.3 4371 4369.17 4365.93 4362.99 4361.1 4359.91 4366.27 4377.31 4388.21 4390.45 4390.73 4381.87 4371.4 4369.34 4369.1 4369.64 4370.73 4371.69 4367.5 4362.66 4357.93 4353.39 4350.73 4349.35 4347.61 4345.31 4343.71 4348.17 4349.22 4348.19 4346.35 4344.39 4342.39 4341.12 4340.97 4340.48 4340.78 4341.74 4342.36 4342.24 4339.84 4338.67 4336.8 4335.31 4334.78 4333.37 4332.82 4332.4 4331.62
4451.6 4447.24 4443.1 4438.66 4432.17 4421.93 4411.59 4402.11 4393.27 4385 4377.91 4372.07 4368.51 4369.71 4374.05 4372.78 4367.18 4362.7 4367.98 4368.13 4365.91 4363.34 4361.43 4360.69 4365.62 4375.33 4383.87 4384.73 4383.13 4376.92 4369.01 4366.07 4364.43 4363.71 4363.52 4362.28 4359.9 4357.07 4354.03 4351.46 4349.43 4347.42 4345.75 4343.74 4341.6 4346.14 4347.62 4346.98 4345.35 4343.14 4340.98 4339.4 4338.39 4338.88 4340.15 4341 4342.2 4342.51 4338.93 4335.79 4335.75 4335 4332.65 4332.67 4332.45 4331.74 4330.59
