real_craters/C161-750m.grd
DSAA
156 156
-58.2575 58.2575
-58.2575 58.2575
3005.0385542441 5123.2080633198
[rows 76 to 113 of 156, columns 0 to 83 of 156]
4510 4512 4509 4503 4496 4486 4480 4479 4483 4482 4479 4475 4478 4487 4476 4472 4466 4466 4467 4472 4471 4471 4464 4463 4459 4452 4448 4451 4460 4488 4518 4539 4540 4537 4541 4544 4543 4538 4535 4530 4527 4523 4523 4533 4533 4534 4512 4524 4540 4547 4559 4552 4559 4604 4693 4789 4829 4669 4343 4112 3964 3844 3702 3593 3471 3331 3262 3240 3238 3257 3282 3240 3225 3260 3342 3443 3449 3373 3321 3378 3272 3183 3129 3103
4503 4503 4497 4490 4488 4482 4474 4472 4470 4480 4480 4479 4493 4486 4490 4479 4471 4464 4461 4464 4467 4461 4464 4465 4464 4459 4451 4454 4458 4477 4513 4535 4539 4532 4531 4528 4528 4531 4527 4526 4525 4525 4520 4524 4526 4523 4509 4528 4536 4545 4564 4549 4544 4575 4643 4758 4832 4638 4284 4063 3910 3785 3659 3600 3477 3327 3249 3238 3228 3230 3238 3224 3241 3295 3376 3462 3427 3356 3338 3400 3352 3244 3181 3139
4499 4490 4487 4484 4480 4473 4465 4465 4469 4475 4480 4494 4497 4486 4492 4482 4472 4467 4466 4469 4473 4468 4470 4469 4472 4471 4471 4481 4500 4507 4519 4529 4531 4530 4524 4520 4530 4527 4523 4522 4526 4539 4527 4512 4519 4518 4514 4527 4530 4539 4551 4547 4541 4563 4629 4748 4842 4637 4253 4024 3877 3769 3676 3594 3485 3350 3239 3218 3210 3187 3157 3174 3222 3287 3367 3451 3470 3401 3441 3506 3415 3295 3228 3183
4491 4482 4476 4473 4466 4473 4475 4468 4477 4478 4475 4472 4477 4484 4485 4475 4472 4472 4475 4491 4485 4475 4470 4472 4475 4475 4477 4486 4497 4515 4529 4533 4531 4526 4524 4525 4527 4526 4518 4521 4522 4536 4530 4518 4524 4528 4524 4534 4532 4541 4556 4559 4558 4570 4631 4704 4771 4615 4250 3994 3856 3766 3686 3596 3497 3403 3287 3243 3222 3172 3118 3132 3192 3263 3337 3404 3453 3474 3560 3529 3411 3319 3265 3217
4490 4484 4476 4473 4470 4471 4475 4479 4479 4470 4473 4469 4462 4505 4482 4475 4475 4478 4485 4495 4496 4488 4477 4480 4484 4483 4481 4482 4496 4521 4533 4535 4531 4526 4525 4525 4516 4517 4509 4517 4523 4536 4531 4534 4532 4523 4518 4531 4541 4546 4560 4572 4573 4585 4635 4678 4743 4597 4267 3999 3862 3774 3695 3614 3517 3419 3329 3329 3263 3192 3127 3121 3167 3219 3270 3332 3386 3418 3450 3423 3363 3345 3308 3234
4485 4484 4475 4471 4467 4474 4478 4481 4477 4473 4481 4485 4466 4503 4485 4482 4481 4483 4489 4498 4505 4504 4504 4499 4495 4487 4484 4483 4491 4508 4531 4534 4529 4526 4520 4520 4519 4508 4501 4503 4509 4529 4539 4551 4549 4533 4520 4526 4534 4545 4556 4588 4591 4582 4618 4656 4703 4583 4299 4031 3896 3800 3718 3655 3569 3471 3365 3341 3294 3225 3168 3149 3163 3186 3220 3276 3328 3341 3320 3324 3299 3318 3327 3285
4480 4474 4472 4470 4465 4470 4473 4476 4471 4468 4481 4486 4480 4474 4479 4481 4483 4486 4491 4497 4504 4509 4513 4505 4501 4493 4494 4492 4488 4497 4522 4526 4523 4518 4514 4510 4508 4502 4493 4504 4517 4526 4527 4537 4544 4535 4528 4530 4533 4542 4557 4579 4593 4582 4605 4632 4666 4639 4413 4110 3962 3848 3744 3681 3623 3537 3401 3331 3310 3255 3210 3181 3173 3173 3184 3237 3293 3285 3242 3235 3214 3241 3296 3259
4473 4470 4472 4469 4465 4467 4468 4472 4468 4457 4467 4475 4471 4472 4476 4477 4477 4481 4488 4490 4502 4515 4506 4502 4506 4515 4510 4502 4500 4505 4508 4514 4513 4509 4506 4500 4490 4495 4506 4505 4514 4518 4522 4530 4532 4524 4516 4513 4517 4537 4564 4610 4613 4614 4620 4626 4656 4734 4540 4228 4057 3913 3768 3700 3667 3597 3426 3350 3320 3277 3238 3217 3187 3172 3169 3209 3258 3243 3215 3216 3170 3172 3228 3258
4470 4468 4470 4469 4468 4465 4464 4466 4464 4457 4456 4465 4468 4478 4471 4470 4463 4462 4453 4486 4527 4536 4535 4531 4525 4539 4522 4509 4499 4508 4504 4505 4506 4505 4502 4498 4489 4492 4503 4510 4512 4507 4505 4524 4530 4519 4503 4503 4513 4532 4555 4580 4614 4666 4651 4640 4674 4797 4659 4378 4171 3997 3838 3742 3712 3636 3455 3376 3326 3291 3258 3223 3199 3179 3169 3189 3218 3213 3198 3172 3148 3141 3190 3237
4469 4473 4469 4466 4468 4465 4459 4456 4454 4461 4461 4461 4470 4464 4452 4440 4452 4456 4448 4491 4536 4545 4548 4531 4524 4521 4519 4512 4508 4504 4497 4500 4501 4502 4502 4495 4487 4491 4505 4506 4510 4499 4506 4505 4520 4510 4502 4506 4511 4530 4551 4566 4590 4669 4676 4663 4704 4822 4756 4512 4304 4096 3907 3804 3755 3673 3506 3420 3350 3315 3282 3250 3218 3191 3175 3191 3225 3258 3192 3129 3119 3134 3192 3232
4461 4460 4462 4461 4460 4456 4454 4450 4448 4451 4450 4461 4467 4449 4453 4456 4470 4479 4495 4500 4516 4533 4533 4524 4514 4508 4514 4516 4516 4506 4498 4496 4499 4502 4504 4503 4491 4487 4498 4501 4500 4498 4495 4492 4500 4505 4508 4507 4505 4529 4556 4566 4567 4622 4670 4684 4720 4785 4832 4680 4452 4220 4009 3922 3825 3709 3580 3491 3405 3356 3314 3277 3234 3200 3182 3204 3259 3247 3173 3118 3090 3099 3156 3204
4458 4459 4460 4459 4457 4452 4450 4449 4450 4453 4453 4463 4470 4468 4479 4491 4494 4495 4497 4503 4508 4516 4520 4515 4507 4508 4510 4516 4522 4510 4497 4498 4500 4502 4502 4498 4490 4488 4500 4502 4503 4494 4493 4496 4505 4511 4509 4512 4509 4528 4552 4556 4550 4584 4651 4714 4730 4756 4810 4799 4610 4365 4156 4064 3953 3841 3723 3606 3495 3417 3356 3297 3242 3204 3183 3200 3266 3198 3145 3099 3070 3080 3129 3196
4459 4457 4456 4462 4458 4453 4454 4461 4465 4461 4462 4462 4464 4475 4484 4497 4506 4506 4505 4504 4504 4503 4501 4496 4499 4503 4502 4504 4506 4500 4497 4499 4501 4502 4498 4490 4488 4498 4504 4497 4490 4493 4506 4517 4526 4528 4527 4527 4520 4531 4541 4549 4556 4573 4629 4693 4717 4764 4862 4862 4741 4501 4297 4180 4087 3991 3876 3729 3604 3500 3414 3327 3255 3216 3189 3165 3187 3155 3125 3081 3045 3068 3127 3208
4457 4455 4452 4458 4457 4459 4467 4470 4471 4470 4470 4463 4464 4481 4483 4498 4509 4510 4508 4503 4499 4494 4489 4487 4497 4493 4492 4486 4485 4483 4497 4502 4503 4502 4501 4496 4487 4489 4491 4481 4496 4517 4530 4539 4545 4549 4546 4544 4541 4536 4538 4552 4566 4573 4608 4647 4675 4722 4782 4848 4794 4617 4433 4288 4169 4091 3986 3851 3745 3616 3497 3378 3284 3252 3243 3253 3267 3208 3156 3125 3085 3090 3162 3249
4459 4457 4452 4453 4458 4466 4472 4472 4473 4481 4482 4474 4477 4485 4487 4494 4498 4505 4504 4499 4493 4485 4482 4480 4485 4488 4486 4480 4482 4480 4496 4506 4505 4501 4497 4487 4480 4473 4474 4483 4497 4523 4529 4543 4560 4568 4547 4546 4536 4531 4542 4553 4570 4559 4586 4625 4647 4683 4754 4819 4825 4747 4594 4407 4236 4141 4076 3984 3902 3747 3596 3460 3344 3323 3330 3356 3372 3347 3302 3227 3177 3139 3203 3315
4458 4458 4451 4450 4460 4468 4473 4481 4483 4485 4486 4479 4483 4501 4488 4494 4500 4499 4498 4493 4488 4485 4482 4483 4487 4488 4489 4497 4498 4503 4516 4515 4508 4500 4487 4481 4475 4467 4474 4496 4487 4522 4531 4532 4543 4546 4540 4544 4520 4519 4532 4550 4562 4541 4556 4583 4625 4664 4718 4794 4852 4904 4770 4545 4344 4212 4137 4052 3964 3832 3703 3576 3467 3431 3424 3428 3446 3446 3399 3326 3269 3263 3314 3408
4455 4456 4458 4468 4471 4470 4476 4491 4499 4496 4493 4485 4486 4496 4495 4499 4501 4495 4492 4486 4479 4475 4484 4492 4484 4491 4491 4492 4507 4518 4521 4516 4510 4503 4494 4484 4479 4477 4484 4486 4482 4488 4505 4510 4512 4514 4517 4516 4508 4515 4535 4541 4540 4533 4536 4553 4593 4650 4712 4766 4827 4917 4848 4681 4500 4317 4209 4094 4035 3929 3827 3724 3638 3579 3540 3515 3498 3494 3455 3429 3412 3421 3483 3562
4462 4466 4470 4469 4467 4469 4476 4487 4502 4508 4514 4501 4490 4495 4501 4501 4497 4501 4491 4480 4470 4463 4478 4487 4492 4497 4493 4499 4512 4516 4511 4512 4514 4510 4499 4490 4487 4483 4478 4478 4481 4483 4477 4481 4490 4499 4495 4490 4496 4505 4521 4526 4515 4521 4534 4538 4552 4616 4689 4718 4766 4875 4857 4799 4682 4480 4355 4235 4157 4062 3975 3892 3809 3737 3678 3630 3612 3585 3566 3573 3588 3608 3660 3730
4464 4467 4462 4460 4465 4469 4474 4483 4507 4519 4519 4503 4497 4501 4503 4498 4494 4493 4485 4475 4465 4459 4461 4472 4480 4489 4500 4506 4525 4533 4532 4531 4526 4523 4513 4503 4500 4496 4492 4482 4481 4489 4491 4491 4492 4496 4491 4487 4490 4500 4512 4513 4503 4502 4514 4518 4517 4551 4617 4662 4694 4770 4805 4830 4854 4720 4581 4436 4327 4233 4156 4079 3993 3910 3839 3773 3740 3721 3717 3752 3788 3811 3847 3918
4468 4463 4460 4462 4466 4472 4479 4490 4501 4507 4510 4510 4503 4504 4499 4491 4485 4480 4476 4468 4461 4458 4463 4468 4477 4494 4514 4531 4542 4551 4563 4544 4539 4534 4528 4520 4516 4514 4507 4501 4502 4495 4487 4483 4477 4481 4479 4478 4481 4493 4499 4500 4485 4487 4496 4510 4514 4524 4589 4620 4631 4674 4712 4737 4831 4858 4799 4667 4548 4469 4378 4294 4200 4106 4031 3962 3907 3910 3930 3968 4015 4041 4059 4144
4471 4460 4462 4463 4467 4475 4485 4491 4494 4496 4507 4508 4497 4503 4507 4491 4481 4475 4468 4462 4456 4451 4454 4455 4463 4493 4519 4543 4551 4563 4579 4568 4551 4539 4530 4530 4530 4533 4544 4529 4509 4486 4472 4473 4468 4466 4463 4465 4464 4463 4473 4485 4477 4486 4491 4511 4521 4509 4549 4585 4602 4630 4648 4660 4737 4819 4860 4851 4787 4741 4639 4531 4431 4342 4258 4190 4144 4147 4185 4229 4278 4316 4348 4401
4459 4458 4460 4462 4467 4476 4489 4496 4496 4491 4503 4507 4489 4495 4498 4492 4477 4471 4461 4456 4450 4444 4437 4438 4438 4446 4489 4524 4541 4560 4576 4572 4551 4533 4530 4534 4538 4543 4545 4532 4505 4467 4474 4472 4467 4457 4452 4454 4452 4444 4451 4466 4473 4490 4497 4504 4505 4498 4530 4567 4596 4621 4621 4626 4683 4764 4867 4945 5024 5002 4873 4758 4660 4586 4518 4455 4420 4427 4467 4530 4569 4598 4641 4644
4456 4454 4456 4459 4470 4474 4479 4490 4502 4502 4493 4503 4480 4485 4490 4479 4465 4453 4451 4450 4447 4442 4435 4431 4431 4431 4457 4494 4524 4545 4559 4553 4536 4523 4528 4535 4542 4549 4554 4530 4512 4484 4482 4467 4467 4464 4459 4451 4448 4446 4440 4454 4469 4486 4502 4494 4492 4497 4519 4550 4586 4607 4610 4617 4646 4685 4767 4889 5000 5123 5061 4913 4839 4832 4799 4740 4718 4718 4754 4833 4811 4851 4873 4828
4451 4452 4451 4452 4462 4469 4474 4478 4505 4503 4488 4492 4474 4471 4478 4471 4464 4457 4451 4448 4445 4443 4435 4433 4431 4424 4419 4462 4507 4526 4531 4522 4518 4525 4527 4530 4536 4545 4551 4521 4509 4489 4475 4468 4472 4466 4462 4448 4441 4434 4435 4457 4468 4478 4493 4494 4495 4507 4527 4544 4561 4575 4583 4630 4616 4616 4668 4769 4884 4987 5006 4931 4895 4926 4955 4989 4960 4926 4898 4908 4821 4806 4776 4721
4452 4451 4448 4447 4447 4459 4473 4496 4500 4496 4501 4479 4470 4462 4464 4458 4453 4452 4450 4446 4443 4440 4438 4435 4436 4432 4404 4443 4491 4507 4513 4512 4507 4519 4520 4520 4521 4526 4516 4509 4493 4482 4470 4469 4468 4464 4453 4442 4434 4431 4440 4453 4459 4467 4478 4494 4507 4530 4540 4556 4548 4528 4533 4542 4564 4565 4585 4648 4716 4797 4832 4829 4825 4842 4857 4932 4915 4862 4822 4762 4702 4682 4656 4623
4450 4449 4446 4447 4450 4454 4471 4494 4491 4487 4495 4467 4468 4462 4459 4457 4449 4450 4446 4445 4442 4434 4430 4432 4435 4435 4419 4442 4471 4486 4493 4499 4490 4500 4505 4504 4500 4496 4498 4500 4486 4468 4463 4473 4479 4466 4447 4436 4435 4437 4450 4449 4447 4447 4458 4479 4496 4511 4538 4561 4556 4528 4516 4543 4540 4535 4535 4564 4600 4648 4675 4697 4713 4729 4735 4777 4773 4735 4698 4644 4610 4606 4583 4563
4450 4449 4447 4448 4451 4446 4459 4483 4484 4487 4489 4468 4465 4463 4461 4462 4463 4454 4452 4447 4446 4445 4437 4432 4426 4417 4428 4444 4458 4470 4475 4475 4496 4500 4498 4492 4483 4471 4468 4470 4462 4467 4470 4472 4473 4464 4440 4436 4440 4446 4451 4450 4448 4445 4446 4458 4472 4494 4523 4549 4553 4526 4510 4522 4525 4516 4510 4520 4537 4553 4560 4585 4609 4614 4612 4634 4640 4626 4596 4563 4548 4556 4544 4549
4449 4447 4447 4447 4455 4446 4450 4473 4482 4483 4493 4489 4491 4476 4460 4449 4454 4450 4444 4444 4446 4451 4440 4425 4423 4424 4437 4452 4460 4465 4465 4466 4491 4490 4491 4483 4472 4459 4456 4456 4459 4463 4475 4464 4467 4467 4452 4447 4443 4447 4453 4459 4457 4453 4447 4457 4462 4484 4506 4522 4532 4520 4517 4523 4515 4503 4494 4502 4509 4509 4498 4515 4537 4540 4527 4529 4536 4519 4524 4521 4532 4524 4530 4562
4447 4443 4444 4441 4444 4444 4440 4447 4453 4466 4483 4489 4495 4477 4462 4445 4443 4446 4443 4443 4444 4442 4440 4432 4430 4435 4447 4467 4469 4466 4464 4465 4478 4488 4487 4479 4468 4455 4454 4458 4458 4452 4462 4459 4463 4465 4457 4446 4446 4454 4468 4472 4464 4457 4464 4463 4463 4481 4497 4510 4518 4522 4527 4519 4505 4494 4496 4494 4485 4475 4470 4487 4499 4499 4488 4473 4476 4474 4490 4514 4534 4532 4530 4523
4444 4439 4439 4436 4436 4437 4433 4436 4433 4454 4490 4491 4501 4485 4471 4459 4451 4447 4444 4445 4445 4444 4444 4438 4443 4444 4446 4466 4472 4469 4470 4475 4483 4488 4484 4477 4468 4462 4464 4473 4450 4450 4455 4453 4449 4453 4453 4434 4437 4460 4471 4467 4471 4476 4469 4465 4469 4481 4494 4504 4509 4519 4532 4509 4489 4473 4461 4460 4462 4462 4478 4482 4484 4479 4459 4447 4453 4457 4482 4524 4549 4563 4541 4493
4441 4440 4439 4435 4436 4441 4435 4432 4430 4451 4489 4473 4486 4488 4480 4465 4450 4447 4452 4454 4447 4442 4438 4439 4446 4445 4438 4448 4461 4466 4471 4477 4485 4488 4481 4474 4467 4462 4471 4483 4472 4459 4463 4463 4449 4460 4464 4450 4453 4466 4471 4466 4469 4477 4464 4462 4476 4481 4489 4501 4486 4493 4499 4484 4468 4451 4433 4432 4451 4473 4493 4476 4476 4483 4468 4446 4454 4466 4484 4502 4518 4519 4502 4474
4447 4445 4442 4441 4435 4430 4432 4432 4428 4437 4461 4438 4438 4471 4475 4470 4452 4450 4452 4451 4446 4440 4434 4430 4430 4434 4432 4444 4451 4457 4465 4475 4484 4479 4477 4474 4469 4468 4477 4479 4463 4467 4462 4455 4454 4455 4465 4459 4469 4467 4472 4470 4477 4478 4465 4460 4470 4474 4477 4474 4472 4468 4458 4455 4448 4437 4426 4429 4447 4464 4474 4456 4464 4470 4461 4460 4463 4469 4476 4479 4471 4475 4463 4463
4446 4442 4443 4439 4437 4435 4430 4431 4428 4423 4437 4425 4419 4436 4455 4455 4452 4449 4451 4445 4439 4433 4432 4424 4424 4424 4424 4427 4439 4446 4454 4462 4472 4474 4473 4475 4478 4484 4490 4493 4479 4467 4453 4450 4461 4460 4467 4470 4465 4467 4471 4475 4474 4469 4459 4460 4464 4465 4466 4464 4461 4456 4451 4439 4434 4431 4429 4439 4452 4456 4462 4458 4461 4463 4466 4476 4474 4471 4472 4479 4473 4455 4454 4461
4440 4438 4438 4434 4435 4440 4432 4430 4427 4427 4430 4431 4433 4439 4448 4448 4450 4456 4447 4436 4430 4421 4410 4414 4415 4420 4424 4428 4431 4434 4438 4443 4449 4459 4465 4470 4482 4488 4495 4501 4482 4465 4457 4456 4465 4469 4468 4467 4463 4469 4464 4469 4459 4462 4475 4468 4458 4457 4458 4459 4442 4444 4439 4423 4422 4426 4435 4448 4459 4464 4468 4468 4470 4469 4474 4489 4480 4471 4468 4481 4475 4463 4463 4475
4433 4432 4431 4430 4431 4429 4431 4429 4428 4431 4435 4445 4447 4449 4453 4454 4448 4445 4434 4424 4414 4405 4400 4410 4419 4431 4431 4429 4424 4423 4424 4426 4426 4441 4446 4452 4465 4479 4479 4478 4477 4471 4461 4458 4462 4468 4466 4463 4459 4463 4452 4452 4454 4461 4467 4452 4455 4448 4442 4437 4438 4447 4435 4413 4414 4422 4435 4451 4456 4463 4470 4476 4479 4483 4486 4490 4479 4472 4479 4508 4477 4476 4469 4471
4416 4423 4427 4431 4432 4430 4428 4435 4434 4430 4447 4452 4450 4448 4447 4447 4444 4427 4411 4408 4405 4410 4414 4415 4422 4432 4424 4423 4416 4414 4412 4408 4397 4400 4410 4422 4434 4455 4456 4454 4454 4455 4461 4454 4455 4464 4463 4458 4454 4445 4439 4443 4442 4451 4453 4446 4448 4437 4430 4429 4432 4442 4421 4403 4407 4416 4427 4437 4441 4457 4467 4472 4483 4495 4491 4478 4475 4472 4469 4496 4478 4481 4475 4472
4408 4415 4424 4430 4432 4431 4431 4438 4442 4428 4443 4443 4444 4442 4444 4438 4434 4414 4396 4404 4420 4423 4421 4419 4419 4412 4413 4413 4410 4408 4403 4399 4394 4390 4390 4399 4411 4434 4441 4442 4440 4441 4441 4449 4452 4458 4457 4456 4449 4445 4432 4440 4443 4447 4449 4446 4438 4426 4409 4410 4422 4430 4417 4405 4406 4414 4422 4422 4437 4460 4466 4475 4486 4500 4494 4485 4484 4484 4477 4470 4479 4472 4475 4473
4424 4427 4431 4435 4438 4438 4437 4439 4442 4429 4436 4433 4431 4428 4428 4426 4413 4397 4396 4413 4430 4425 4421 4422 4416 4398 4412 4419 4410 4404 4394 4390 4387 4382 4379 4391 4406 4419 4421 4426 4431 4440 4434 4433 4443 4443 4444 4442 4431 4426 4433 4451 4460 4457 4462 4462 4436 4423 4415 4410 4414 4427 4414 4406 4408 4421 4435 4452 4474 4488 4480 4484 4493 4503 4507 4508 4510 4508 4503 4477 4474 4479 4483 4463
