real_craters/C161-750m.grd
DSAA
156 156
-58.2575 58.2575
-58.2575 58.2575
3005.0385542441 5123.2080633198
[rows 38 to 75 of 156, columns 0 to 83 of 156]
4522 4529 4533 4528 4523 4521 4522 4522 4521 4520 4519 4515 4514 4514 4510 4503 4500 4515 4528 4524 4514 4512 4511 4511 4512 4516 4517 4519 4520 4518 4517 4513 4513 4511 4515 4534 4549 4550 4538 4527 4521 4534 4539 4534 4530 4528 4528 4534 4543 4528 4539 4545 4544 4552 4556 4558 4558 4553 4554 4563 4568 4572 4542 4539 4574 4595 4638 4703 4751 4759 4730 4693 4671 4663 4636 4629 4636 4640 4627 4627 4647 4674 4698 4705
4524 4532 4534 4530 4531 4529 4528 4528 4524 4521 4519 4516 4514 4516 4518 4522 4508 4520 4527 4519 4512 4510 4509 4509 4509 4512 4514 4515 4514 4511 4512 4509 4513 4512 4514 4521 4540 4535 4532 4530 4533 4540 4534 4532 4530 4531 4539 4542 4544 4538 4545 4548 4542 4549 4554 4558 4559 4552 4545 4553 4565 4566 4548 4542 4583 4644 4686 4733 4762 4748 4715 4675 4653 4642 4618 4613 4617 4617 4612 4609 4632 4653 4667 4684
4526 4526 4527 4528 4529 4529 4526 4525 4524 4523 4522 4517 4516 4515 4522 4550 4533 4528 4525 4514 4503 4509 4510 4509 4510 4510 4511 4511 4510 4509 4511 4510 4505 4508 4511 4512 4523 4520 4523 4530 4535 4532 4529 4531 4531 4533 4539 4546 4546 4540 4537 4542 4545 4546 4551 4554 4556 4544 4540 4548 4548 4551 4541 4544 4589 4676 4709 4737 4746 4727 4691 4659 4638 4631 4616 4595 4588 4582 4575 4587 4618 4632 4639 4627
4515 4520 4524 4523 4523 4521 4517 4519 4524 4525 4526 4519 4519 4518 4518 4520 4521 4523 4519 4510 4500 4500 4507 4509 4510 4509 4509 4509 4508 4506 4505 4505 4503 4503 4504 4506 4517 4517 4522 4530 4536 4535 4536 4537 4539 4545 4550 4545 4545 4546 4546 4548 4551 4550 4549 4548 4544 4536 4530 4535 4535 4539 4538 4548 4591 4675 4707 4731 4753 4724 4682 4653 4625 4607 4599 4588 4565 4555 4549 4563 4594 4613 4613 4597
4512 4514 4516 4519 4519 4518 4519 4518 4523 4521 4518 4518 4520 4522 4518 4513 4513 4509 4511 4511 4509 4499 4496 4504 4507 4507 4507 4508 4508 4507 4506 4505 4505 4503 4501 4507 4527 4534 4523 4531 4541 4542 4543 4545 4548 4549 4544 4540 4539 4544 4552 4558 4550 4551 4547 4543 4538 4532 4538 4545 4541 4538 4545 4554 4586 4656 4687 4707 4719 4698 4666 4645 4619 4592 4583 4574 4555 4542 4538 4549 4581 4596 4593 4579
4511 4511 4517 4519 4516 4514 4515 4516 4509 4513 4514 4515 4518 4521 4523 4518 4516 4506 4511 4514 4511 4506 4497 4497 4502 4504 4505 4506 4507 4506 4505 4505 4506 4507 4503 4513 4510 4504 4517 4531 4546 4551 4549 4550 4551 4543 4541 4536 4534 4537 4533 4538 4539 4542 4542 4541 4538 4534 4542 4562 4550 4555 4560 4572 4579 4628 4657 4674 4684 4672 4642 4621 4607 4584 4573 4564 4544 4535 4531 4543 4565 4578 4573 4565
4510 4509 4517 4517 4512 4510 4512 4513 4508 4509 4510 4513 4516 4517 4515 4517 4518 4518 4517 4517 4515 4507 4497 4495 4498 4501 4502 4503 4503 4502 4500 4502 4506 4513 4511 4509 4512 4515 4516 4531 4546 4552 4553 4558 4559 4561 4555 4551 4542 4536 4525 4516 4518 4531 4534 4536 4542 4539 4546 4549 4549 4556 4562 4564 4572 4606 4629 4637 4637 4639 4622 4607 4593 4584 4569 4551 4543 4541 4548 4550 4557 4566 4566 4566
4511 4509 4509 4508 4509 4509 4512 4513 4513 4510 4509 4514 4516 4517 4515 4512 4511 4520 4518 4513 4509 4506 4503 4499 4498 4499 4500 4499 4497 4496 4498 4501 4504 4509 4513 4524 4523 4523 4525 4534 4537 4547 4559 4563 4567 4574 4563 4554 4542 4528 4518 4508 4505 4518 4522 4524 4532 4534 4551 4563 4557 4557 4561 4565 4572 4596 4611 4615 4607 4602 4601 4589 4576 4571 4562 4547 4541 4550 4571 4576 4569 4568 4563 4578
4513 4518 4515 4506 4511 4514 4512 4509 4510 4509 4514 4520 4527 4531 4525 4517 4511 4518 4515 4510 4508 4507 4505 4499 4498 4499 4499 4499 4497 4495 4496 4500 4505 4508 4517 4530 4533 4534 4546 4545 4544 4558 4569 4565 4563 4561 4552 4544 4534 4519 4507 4497 4497 4505 4507 4506 4504 4516 4530 4548 4553 4561 4562 4571 4578 4588 4598 4605 4603 4586 4581 4563 4556 4555 4551 4548 4547 4556 4575 4568 4561 4559 4561 4580
4515 4521 4519 4513 4516 4521 4528 4512 4511 4515 4520 4525 4532 4533 4525 4514 4511 4508 4508 4508 4507 4506 4504 4501 4500 4500 4500 4500 4498 4497 4496 4500 4503 4503 4512 4529 4538 4550 4564 4556 4548 4559 4564 4562 4555 4539 4534 4535 4528 4521 4511 4500 4493 4494 4498 4498 4493 4496 4504 4524 4536 4549 4561 4567 4565 4575 4584 4588 4583 4573 4562 4548 4547 4541 4539 4548 4543 4546 4559 4555 4545 4545 4559 4562
4515 4510 4511 4517 4517 4516 4516 4514 4516 4522 4520 4521 4525 4520 4514 4509 4507 4504 4505 4507 4507 4507 4505 4503 4502 4502 4502 4502 4504 4497 4497 4500 4503 4502 4508 4524 4539 4554 4566 4559 4546 4551 4557 4559 4554 4543 4531 4525 4517 4515 4523 4516 4504 4499 4501 4503 4499 4491 4494 4520 4538 4547 4547 4548 4552 4570 4584 4583 4572 4560 4555 4540 4543 4528 4520 4537 4526 4527 4539 4544 4534 4525 4529 4541
4512 4508 4510 4512 4516 4519 4519 4516 4514 4508 4510 4511 4509 4507 4510 4515 4511 4508 4507 4505 4508 4509 4511 4508 4505 4505 4505 4504 4500 4499 4497 4496 4499 4502 4503 4520 4535 4549 4559 4557 4541 4548 4563 4563 4561 4554 4541 4527 4510 4508 4527 4511 4510 4506 4509 4514 4512 4501 4500 4527 4546 4553 4557 4564 4552 4567 4581 4583 4567 4542 4531 4532 4529 4515 4504 4518 4513 4519 4526 4527 4522 4524 4519 4530
4510 4511 4514 4514 4517 4521 4523 4517 4512 4506 4504 4506 4505 4507 4508 4508 4511 4519 4513 4512 4510 4511 4511 4509 4507 4509 4509 4509 4507 4508 4504 4499 4497 4498 4503 4513 4526 4542 4558 4563 4547 4550 4557 4568 4577 4572 4560 4538 4518 4513 4523 4519 4514 4520 4527 4528 4524 4517 4510 4526 4552 4567 4569 4571 4557 4561 4563 4565 4558 4549 4538 4528 4518 4511 4503 4511 4512 4515 4521 4517 4516 4517 4526 4541
4507 4512 4504 4509 4514 4518 4525 4528 4515 4503 4501 4501 4498 4502 4501 4504 4509 4509 4508 4508 4511 4513 4515 4514 4513 4515 4517 4519 4521 4523 4517 4509 4503 4502 4501 4504 4519 4538 4549 4562 4557 4556 4560 4569 4582 4577 4567 4549 4529 4523 4524 4533 4526 4536 4547 4555 4546 4537 4529 4541 4543 4553 4565 4569 4561 4558 4557 4549 4549 4546 4550 4545 4539 4530 4523 4525 4528 4536 4546 4540 4539 4535 4547 4572
4503 4499 4503 4503 4509 4519 4531 4533 4521 4508 4501 4503 4500 4503 4504 4507 4517 4500 4502 4509 4513 4516 4517 4526 4526 4525 4526 4528 4533 4534 4532 4527 4523 4513 4508 4512 4526 4548 4555 4556 4563 4562 4562 4566 4566 4572 4569 4552 4543 4542 4555 4547 4536 4545 4556 4566 4558 4561 4536 4547 4541 4548 4560 4557 4562 4558 4552 4544 4547 4548 4563 4577 4577 4572 4572 4578 4591 4603 4618 4619 4611 4591 4593 4612
4507 4501 4496 4496 4503 4522 4525 4534 4526 4509 4507 4506 4500 4503 4503 4505 4523 4506 4509 4517 4518 4520 4524 4537 4536 4533 4534 4536 4544 4551 4544 4541 4553 4547 4545 4552 4565 4572 4591 4589 4579 4569 4560 4561 4576 4565 4552 4542 4534 4534 4540 4543 4545 4554 4562 4567 4563 4584 4557 4542 4542 4562 4579 4587 4568 4559 4556 4556 4563 4575 4609 4638 4645 4649 4660 4676 4697 4717 4724 4749 4725 4683 4672 4672
4507 4502 4497 4494 4495 4504 4512 4521 4525 4510 4509 4503 4497 4498 4500 4505 4517 4509 4512 4520 4519 4521 4527 4528 4531 4534 4539 4548 4553 4555 4549 4546 4548 4548 4547 4552 4558 4577 4607 4616 4597 4574 4555 4544 4550 4549 4541 4540 4535 4532 4537 4551 4557 4563 4569 4561 4567 4584 4568 4563 4558 4574 4584 4573 4570 4570 4570 4583 4604 4634 4707 4730 4742 4750 4775 4816 4838 4847 4826 4838 4828 4798 4778 4751
4504 4503 4501 4499 4494 4494 4498 4500 4501 4512 4522 4515 4506 4500 4498 4496 4514 4511 4509 4515 4516 4515 4517 4525 4531 4534 4537 4543 4547 4547 4548 4551 4556 4553 4545 4538 4535 4562 4594 4611 4596 4575 4558 4544 4538 4535 4536 4542 4541 4534 4531 4548 4569 4567 4563 4551 4557 4581 4576 4576 4575 4579 4589 4579 4580 4596 4612 4647 4670 4700 4799 4798 4793 4799 4843 4955 4968 4966 4914 4909 4947 4929 4873 4829
4511 4505 4503 4502 4504 4500 4491 4490 4497 4515 4530 4527 4512 4498 4499 4497 4510 4512 4517 4515 4513 4511 4513 4520 4526 4528 4526 4527 4529 4534 4539 4547 4562 4563 4553 4536 4527 4547 4575 4599 4585 4574 4563 4554 4536 4533 4530 4529 4535 4534 4533 4537 4552 4558 4559 4549 4555 4571 4590 4597 4593 4586 4601 4613 4620 4650 4687 4763 4762 4770 4801 4816 4803 4791 4748 4766 4788 4770 4745 4766 4810 4867 4913 4871
4507 4503 4502 4504 4500 4497 4492 4491 4501 4512 4522 4514 4503 4499 4497 4496 4493 4502 4515 4519 4510 4504 4504 4508 4514 4518 4512 4508 4513 4522 4530 4535 4549 4563 4564 4550 4537 4545 4559 4569 4570 4565 4558 4554 4542 4549 4541 4528 4529 4528 4539 4545 4545 4550 4553 4552 4560 4583 4599 4600 4601 4599 4650 4688 4697 4726 4752 4810 4839 4865 4865 4799 4691 4590 4543 4521 4528 4525 4504 4538 4562 4615 4698 4772
4497 4496 4497 4498 4496 4493 4492 4495 4499 4503 4507 4501 4500 4495 4498 4506 4481 4495 4514 4522 4506 4486 4488 4499 4506 4503 4502 4504 4517 4521 4525 4527 4535 4539 4553 4561 4561 4556 4554 4561 4563 4559 4551 4542 4556 4577 4570 4543 4546 4545 4544 4548 4549 4548 4546 4543 4555 4599 4609 4615 4613 4631 4696 4724 4766 4821 4841 4872 4845 4816 4688 4574 4489 4412 4382 4378 4379 4373 4357 4370 4388 4420 4474 4564
4498 4493 4493 4492 4491 4491 4488 4491 4496 4497 4498 4502 4510 4492 4496 4502 4495 4498 4510 4517 4502 4483 4485 4492 4496 4494 4495 4501 4514 4519 4524 4531 4529 4536 4549 4558 4569 4560 4545 4547 4558 4553 4546 4546 4568 4576 4568 4546 4558 4576 4577 4565 4554 4544 4545 4536 4558 4590 4608 4618 4618 4651 4687 4759 4839 4932 4945 4828 4663 4536 4433 4334 4305 4284 4288 4307 4313 4296 4242 4220 4236 4259 4303 4363
4501 4492 4490 4489 4489 4485 4485 4487 4487 4489 4495 4502 4519 4517 4510 4492 4494 4504 4508 4508 4495 4493 4487 4491 4497 4493 4493 4496 4507 4514 4520 4525 4526 4534 4557 4573 4571 4558 4543 4544 4549 4548 4544 4547 4553 4557 4559 4562 4562 4579 4596 4583 4565 4555 4544 4543 4598 4585 4594 4614 4639 4682 4738 4824 4924 4961 4882 4637 4428 4312 4232 4165 4165 4184 4214 4240 4244 4199 4107 4045 4039 4083 4133 4181
4499 4492 4491 4492 4494 4498 4499 4492 4490 4491 4490 4491 4512 4527 4515 4494 4490 4506 4502 4481 4479 4477 4484 4489 4492 4496 4498 4495 4494 4507 4518 4532 4544 4546 4556 4563 4563 4554 4552 4558 4556 4549 4540 4535 4536 4540 4550 4554 4564 4582 4587 4583 4570 4558 4555 4573 4592 4569 4581 4606 4656 4740 4833 4927 5001 4826 4642 4423 4235 4151 4093 4052 4060 4094 4140 4150 4171 4105 3935 3862 3857 3892 3950 4003
4497 4494 4492 4494 4498 4502 4504 4497 4491 4483 4480 4483 4503 4514 4507 4498 4499 4499 4493 4480 4474 4475 4483 4491 4497 4502 4509 4503 4498 4505 4516 4530 4548 4561 4561 4553 4543 4538 4548 4558 4562 4553 4543 4540 4534 4533 4543 4559 4567 4587 4595 4585 4571 4563 4578 4608 4585 4570 4588 4624 4698 4809 4923 4945 4802 4573 4399 4223 4088 4015 3982 3961 3954 3976 3988 3955 3907 3847 3762 3724 3718 3713 3763 3817
4495 4492 4492 4494 4497 4501 4502 4500 4498 4494 4489 4482 4486 4492 4500 4499 4488 4485 4486 4481 4472 4478 4485 4493 4499 4502 4501 4504 4505 4507 4515 4527 4536 4552 4556 4552 4528 4537 4542 4547 4553 4555 4545 4540 4535 4530 4535 4545 4568 4587 4593 4584 4570 4566 4600 4615 4595 4589 4626 4688 4785 4913 4915 4790 4556 4337 4191 4049 3957 3910 3876 3844 3823 3804 3782 3749 3695 3666 3617 3589 3564 3551 3589 3633
4492 4492 4493 4495 4495 4496 4494 4505 4507 4501 4496 4494 4497 4493 4499 4499 4487 4483 4476 4469 4474 4478 4487 4498 4508 4513 4505 4503 4506 4508 4511 4520 4528 4532 4537 4531 4526 4532 4532 4535 4539 4547 4543 4540 4537 4533 4532 4538 4555 4563 4582 4575 4564 4562 4584 4597 4590 4614 4674 4783 4933 4914 4737 4548 4353 4154 4029 3913 3849 3819 3778 3731 3690 3658 3632 3596 3558 3535 3509 3468 3429 3408 3432 3474
4492 4491 4494 4500 4498 4490 4488 4503 4511 4505 4495 4488 4490 4487 4494 4495 4485 4475 4472 4472 4478 4482 4490 4500 4510 4514 4505 4512 4514 4513 4509 4512 4514 4511 4517 4526 4521 4528 4533 4533 4539 4552 4553 4546 4541 4536 4530 4532 4542 4558 4567 4561 4554 4555 4575 4604 4599 4644 4720 4850 4950 4758 4533 4340 4178 4015 3904 3813 3780 3742 3684 3620 3571 3546 3520 3490 3452 3424 3397 3350 3311 3285 3297 3345
4493 4492 4497 4508 4514 4500 4498 4506 4512 4508 4498 4494 4486 4482 4490 4490 4485 4479 4474 4470 4474 4481 4489 4498 4505 4507 4509 4516 4521 4520 4521 4521 4512 4505 4509 4529 4533 4524 4527 4531 4537 4544 4561 4548 4535 4524 4518 4522 4540 4551 4548 4548 4545 4545 4573 4613 4615 4682 4775 4882 4888 4614 4377 4185 4038 3889 3798 3744 3723 3668 3599 3531 3484 3470 3476 3414 3348 3301 3290 3291 3231 3190 3194 3234
4492 4492 4495 4506 4514 4505 4498 4499 4501 4498 4493 4494 4490 4487 4488 4486 4482 4478 4476 4474 4473 4479 4488 4496 4503 4509 4519 4530 4528 4527 4526 4530 4527 4512 4517 4531 4538 4529 4523 4531 4541 4546 4552 4539 4526 4518 4513 4515 4529 4548 4545 4545 4543 4547 4584 4626 4638 4715 4801 4853 4728 4460 4241 4056 3912 3768 3689 3651 3637 3583 3518 3458 3405 3407 3395 3346 3260 3203 3210 3221 3145 3125 3126 3152
4491 4492 4494 4496 4497 4498 4497 4494 4493 4488 4484 4489 4490 4489 4484 4482 4479 4479 4480 4479 4479 4482 4489 4496 4503 4511 4522 4533 4531 4531 4536 4537 4533 4523 4531 4541 4545 4545 4528 4534 4544 4544 4547 4535 4522 4520 4523 4522 4527 4542 4550 4553 4556 4565 4622 4656 4667 4746 4812 4776 4586 4308 4115 3956 3815 3683 3588 3537 3512 3469 3440 3412 3388 3369 3346 3271 3189 3132 3135 3121 3085 3089 3104 3127
4493 4493 4494 4496 4495 4495 4499 4497 4492 4486 4481 4489 4491 4489 4484 4482 4480 4480 4482 4481 4480 4485 4489 4495 4502 4512 4519 4525 4526 4528 4536 4532 4525 4531 4540 4545 4541 4540 4543 4539 4538 4531 4528 4526 4523 4525 4525 4528 4531 4540 4555 4568 4585 4614 4683 4695 4709 4785 4811 4663 4415 4186 4015 3886 3760 3649 3510 3417 3383 3357 3370 3380 3394 3346 3268 3191 3142 3103 3105 3088 3068 3074 3095 3119
4495 4494 4492 4494 4495 4496 4500 4496 4492 4488 4484 4487 4489 4490 4487 4483 4478 4479 4484 4478 4482 4486 4488 4493 4501 4511 4517 4518 4517 4518 4521 4530 4532 4535 4541 4549 4554 4550 4545 4541 4532 4519 4512 4511 4510 4514 4516 4528 4535 4534 4551 4581 4620 4672 4730 4738 4746 4822 4796 4546 4283 4083 3939 3851 3751 3618 3443 3339 3305 3300 3315 3333 3346 3306 3240 3175 3128 3086 3068 3050 3043 3054 3068 3094
4502 4500 4495 4496 4495 4496 4500 4495 4493 4490 4485 4488 4494 4493 4496 4487 4478 4475 4475 4472 4476 4477 4483 4489 4495 4496 4500 4501 4507 4513 4523 4531 4537 4541 4546 4555 4562 4559 4552 4543 4531 4519 4505 4506 4501 4501 4511 4532 4536 4527 4545 4587 4641 4700 4754 4764 4776 4837 4749 4434 4200 4036 3918 3832 3742 3557 3375 3296 3263 3262 3269 3273 3260 3245 3238 3219 3159 3090 3058 3033 3021 3034 3051 3081
4520 4510 4499 4493 4493 4491 4491 4493 4492 4491 4488 4483 4490 4490 4495 4488 4480 4475 4473 4472 4471 4474 4479 4484 4488 4493 4488 4490 4499 4510 4527 4538 4542 4546 4551 4554 4556 4556 4553 4543 4533 4522 4520 4518 4513 4505 4516 4543 4547 4532 4542 4583 4642 4699 4757 4793 4812 4857 4661 4341 4134 4044 3915 3786 3670 3491 3328 3258 3236 3235 3230 3222 3211 3215 3236 3266 3236 3185 3119 3038 3005 3018 3043 3075
4533 4521 4508 4498 4492 4483 4478 4481 4482 4482 4481 4484 4489 4486 4493 4485 4476 4475 4475 4477 4477 4477 4477 4478 4480 4484 4478 4485 4497 4507 4522 4542 4547 4550 4556 4560 4559 4559 4561 4543 4536 4531 4531 4527 4522 4514 4520 4541 4548 4537 4536 4567 4612 4671 4741 4781 4811 4794 4544 4252 4091 4039 3896 3727 3573 3422 3293 3237 3219 3210 3203 3192 3177 3183 3237 3309 3325 3304 3221 3111 3036 3025 3035 3048
4539 4527 4518 4510 4493 4481 4476 4477 4478 4472 4472 4480 4483 4481 4489 4480 4475 4474 4479 4479 4479 4477 4474 4473 4472 4472 4483 4487 4496 4505 4519 4527 4540 4549 4558 4562 4558 4554 4548 4542 4539 4545 4542 4537 4531 4528 4517 4521 4518 4517 4528 4552 4580 4643 4730 4761 4793 4713 4440 4198 4077 4016 3861 3656 3488 3363 3266 3220 3217 3216 3210 3189 3159 3150 3243 3345 3405 3401 3345 3206 3107 3051 3043 3043
4523 4522 4518 4511 4495 4483 4476 4482 4485 4481 4475 4474 4481 4490 4478 4473 4467 4470 4473 4476 4475 4473 4469 4467 4466 4466 4469 4473 4485 4503 4520 4528 4537 4545 4549 4549 4553 4549 4537 4530 4534 4541 4541 4535 4533 4530 4521 4513 4520 4533 4543 4551 4571 4631 4741 4780 4810 4684 4387 4161 4040 3940 3783 3601 3456 3332 3257 3223 3229 3240 3240 3213 3181 3171 3276 3390 3457 3423 3397 3297 3192 3108 3081 3074
