real_craters/C161-1000m.grd
DSAA
68 68
-33.29 33.29
-33.29 33.29
8595.3585077073 10479.806354535
[rows 30 to 59 of 68, columns 0 to 66 of 68]
9847.72 9865.36 9909.36 9919.04 9921.5 9927.81 9939.2 9931.13 9923.29 9914.84 9905.69 9901.73 9891.33 9899.05 9893.03 9891.83 9911.18 9917.36 9927.48 9982.72 10091.8 10378.1 10056.4 9630.13 9327.53 9137.48 8974.97 8850.93 8814.37 8795.49 8806.74 8820.67 8846.75 8827.38 8823.7 8823.25 8750.76 8762.39 8789.02 8829.5 8903.89 8998.77 9125.68 9361.83 9590.34 9845.1 10093.3 10194.2 10083.9 10017.2 9980.08 9951.17 9944.64 9940.18 9948.56 9944.84 9918.04 9893.48 9900.94 9892.02 9898.89 9910.91 9908.15 9906.93 9902.09 9906.8 9933.39
9863.12 9870.81 9897.66 9917.24 9921.54 9925.03 9934.58 9919.75 9898.31 9892.12 9887.47 9888.01 9883.01 9896.89 9898.58 9943.54 9933.7 9931.22 9943.74 10006 10135.6 10337.7 9960.35 9507.65 9210.62 9090.37 8976.29 8889.53 8855.72 8814.68 8792.89 8802.84 8809.05 8779.72 8800.49 8778.31 8771.2 8758.4 8764.68 8774.8 8808.75 8907.11 9021.62 9174.37 9441.84 9721.9 10058.7 10271.6 10162 10069.8 9997.93 9946.25 9939.33 9930.02 9933.82 9938.99 9915.98 9880.57 9881.63 9878.64 9885.92 9888.42 9900.63 9911.54 9919.6 9923.35 9940.32
9858.73 9871.13 9905.48 9911.17 9919.67 9930.03 9925.12 9906.19 9899.79 9888.06 9883.16 9893.59 9895.83 9908.31 9911.13 9933.67 9940.64 9941.98 9961.34 10015.3 10132.8 10121.3 9772.51 9409.11 9175.33 9073.51 8992.97 8932.61 8897.37 8837.54 8794.94 8776.79 8764.78 8713.8 8685.22 8686.91 8745.83 8752.39 8749.84 8747.18 8773.23 8843.14 8952.13 9110.09 9353.5 9681.93 10038.7 10367 10279.5 10136.7 10021.5 9944.65 9930.81 9929.09 9929.71 9944.64 9917.05 9892.11 9890.9 9890.2 9887.67 9889.84 9899.45 9911.89 9926.04 9932.28 9933.84
9878.19 9887.42 9895.04 9912.78 9917.79 9916.45 9909.25 9900.79 9893.11 9892.04 9904.79 9917.85 9943.21 9944.36 9935.69 9946.79 9943.9 9943.29 9958.94 10017.1 10133.4 9950.26 9605.88 9330.28 9119.98 9047.83 8991.66 8949.49 8916.35 8844.8 8790.54 8751.33 8711.51 8676.45 8664.65 8641.62 8697.25 8726.32 8731.95 8733.49 8754.99 8810.21 8901.18 9051.01 9253.86 9573.92 9958.76 10324.9 10360 10162 10024.5 9943.9 9930.36 9919.44 9921.36 9929.23 9917.02 9896.15 9880.33 9887.52 9899.34 9918.47 9920.61 9926.57 9921.46 9933.86 9923.71
9881.16 9902.42 9915.06 9918.91 9915.56 9909.06 9901.55 9909.19 9901.64 9901.67 9912.46 9920.29 9923.59 9938.26 9938 9928.39 9930.41 9934.8 9952.62 10032.4 10190.8 9947.04 9550.29 9305.97 9096.02 9023.75 8983.12 8953.57 8918.05 8851.86 8795.69 8741.3 8681.76 8657.97 8657.2 8630.3 8665.47 8704.76 8717.38 8724.88 8754.04 8792.12 8885.49 9047.14 9244.63 9565.69 9937.12 10309.5 10222.4 10096.9 9995.5 9942.14 9930.88 9924.33 9926.3 9921.23 9920.6 9913.49 9894.07 9901.57 9917.57 9914.39 9924.92 9925.09 9924.52 9936.73 9925.19
9894.77 9925.45 9916.5 9913.06 9911.44 9907.24 9898.51 9909.07 9913.59 9910.71 9914.73 9924.84 9939.9 9936.58 9925.06 9924.96 9925.9 9933.49 9955.11 10031.7 10250.4 9932.35 9560.87 9324 9106.19 9030.14 8995.66 8968.24 8935.3 8887.85 8819.35 8748.78 8671.07 8595.36 8623.63 8608.07 8677.68 8700.33 8709.79 8722.81 8738.35 8759.35 8859.25 9048.48 9285.9 9604.6 9999.67 10385.1 10119.6 10018.4 9961.37 9933.64 9929.47 9929.58 9924.18 9920.4 9902.47 9892.54 9898.38 9897.69 9902.5 9904.36 9911.82 9909.94 9910.5 9925.63 9930.6
9898.22 9914.68 9913.02 9911.8 9904.99 9894.25 9888.39 9914.96 9928.07 9925.41 9925.03 9931.07 9938.75 9918.22 9941.74 9928.47 9927.84 9929.64 9964.06 10108.4 10271.3 9990.56 9647.5 9402.16 9170.09 9071.4 9032.22 8998.61 8965.01 8922.09 8848.76 8774.89 8708.86 8648.37 8653.74 8684.1 8695.71 8700.22 8703.1 8707.69 8720.53 8755.64 8843.65 9046.76 9288.14 9678.91 10099.4 10428.3 10109.9 9989.51 9947.84 9936.45 9924.93 9908.81 9910.82 9917.32 9913.14 9908.94 9882.73 9892.82 9897.93 9899.84 9903.9 9901.48 9911.03 9917.41 9910.4
9925.53 9920.64 9910.92 9911.14 9906.61 9897.1 9898.3 9916.18 9923.82 9909.61 9919.76 9930.35 9937.5 9944.95 9935.98 9930.39 9936.99 9933.57 9952.88 10044.3 10276.8 10185.7 9816.14 9540.13 9273.06 9133.55 9069.87 9038.65 8994.44 8940.47 8872.41 8805.79 8746.22 8702.53 8708.4 8722.63 8714.86 8700.27 8696.89 8704.45 8728.6 8770.29 8897.61 9072.2 9266.17 9714.6 10194.4 10389.4 10111.4 9989.27 9941.62 9931.41 9924.68 9926.19 9919.81 9911.45 9916.54 9916.07 9910.13 9897.59 9899.28 9905.97 9918.33 9930.99 9926.86 9953.88 9931.28
9909.02 9908.83 9910.86 9913.08 9908.63 9896.88 9894.58 9907.7 9912.36 9922.62 9920.78 9926.54 9949.31 9926.16 9926.02 9931.74 9933.02 9946.46 9957.58 10031.2 10324.3 10269.3 9920.24 9642.68 9347.53 9195.67 9136.23 9078.31 9009.86 8943.5 8891.14 8838.26 8776.5 8736.55 8747.13 8735.76 8721.95 8707.07 8714.45 8723.95 8780.09 8852.18 8963.64 9125.81 9306.84 9624.24 10017.1 10311.1 10116 9992.01 9946.02 9915.98 9913.76 9911.75 9911.83 9908.57 9911.51 9907.63 9888.01 9894.43 9896.41 9903.85 9916.98 9919.46 9924.48 9923.21 9923.75
9871.71 9892.81 9910.33 9915.06 9911.34 9896.04 9910.51 9909.27 9912.27 9921.1 9913.2 9908.19 9898.28 9937 9937.25 9938.43 9948.32 9957.11 9975.3 10013.7 10106.9 10248.4 10208.5 9795.03 9479.64 9288.85 9195.57 9109.86 9013.48 8948.73 8919.11 8885.11 8842.83 8791.5 8780.7 8769.59 8744.67 8744.42 8793.65 8834.24 8874.81 8924.72 9039.55 9197.05 9384.65 9673 9935.21 10224.1 10101 10002.7 9957.3 9917.87 9906.63 9908.91 9908.67 9911.75 9920.24 9906.04 9897.39 9894.24 9897.82 9901.93 9908.21 9916 9920.98 9919.43 9907.34
9863.45 9876.34 9911.26 9925.05 9910.82 9920.49 9926 9926.46 9913.91 9902.84 9907.43 9904.73 9913.87 9929.3 9940.44 9943.67 9952.45 9960.48 9980.39 10009.1 10100.3 10215.1 10271.2 10017.2 9657.98 9426.14 9302.02 9178.8 9050.07 8987.32 8971.44 8951.15 8922.4 8848.51 8795.89 8788.61 8785.74 8832.4 8907.89 8963.63 8994.24 9040.25 9129.98 9292.09 9526.18 9846.06 10139.7 10112.6 10045 10000.7 9979.19 9931.11 9911.92 9911.28 9922.02 9909.36 9924.04 9919.34 9908.74 9897.89 9904.6 9913.82 9904.99 9911.01 9905 9913.53 9929.81
9863.63 9875.78 9906.06 9918.97 9917.05 9918.78 9917.83 9906.37 9907.3 9906.68 9911.76 9918.4 9916.85 9924.82 9930.88 9935.54 9946.96 9954.75 9972.74 9996.88 10053.3 10183 10361.2 10125.7 9849.44 9601.65 9456.27 9308.92 9157.44 9084.31 9057.31 9028.03 8992.32 8924.52 8861.89 8838.44 8867.07 8945.03 8993.33 9047.37 9095.84 9150.12 9257.95 9473.25 9739.75 10065.3 10119.5 10041.4 10025.2 10002.1 9975.24 9930.06 9912.79 9910.31 9910.09 9914.87 9910.95 9914.07 9904.38 9894.61 9903.71 9916.29 9910.06 9898.52 9899.53 9909.83 9914.57
9889.08 9900.54 9900.18 9901.07 9912.13 9910.36 9876.7 9888.3 9909.67 9910.99 9916.09 9927.36 9924.19 9901.75 9916.71 9921.65 9924.73 9935.81 9956.05 9984.2 10015.9 10108.8 10388 10242.7 9992.8 9784.81 9639.96 9490.11 9321.62 9229.09 9174.6 9118.52 9057.9 9004.27 8947.9 8941.38 8979.84 9041.19 9055.75 9122.46 9200.17 9264.98 9486.32 9744.25 9965 10151.4 10076.2 10053.9 10014.2 9972.94 9933.39 9920.38 9910.35 9902.73 9907.76 9914.22 9907.07 9902.45 9904.29 9902.86 9902.19 9902.52 9905.78 9912 9896.82 9900.92 9915.68
9895.66 9915.24 9914.46 9913.99 9911.66 9896.06 9887.62 9922.39 9929.12 9920.8 9915.85 9909.67 9917.84 9909.84 9908.66 9913.96 9915.94 9922.74 9937.04 9971.95 10010.6 10072.7 10128.4 10205.9 10100.6 9942.01 9811.94 9639.18 9489.24 9393.11 9317.38 9243.6 9168.45 9138.48 9112.32 9115.67 9131.69 9165.88 9181.63 9280.64 9381.91 9482.74 9791.4 10070.1 10117.8 10104.2 10101.3 10069.3 9994.45 9938.84 9918.94 9913.8 9905.96 9900.53 9908.71 9914.39 9886.67 9897.18 9894.74 9896.3 9905.5 9916.8 9921.65 9924.55 9932.71 9931.59 9920.47
9898.79 9925.96 9943.18 9930.85 9918.93 9906.73 9911.29 9948.27 9930.81 9922.84 9918.46 9907.99 9921.14 9899.02 9908.92 9909.15 9913.48 9921.5 9931.02 9964.46 10012.8 10045.8 10077.8 10154.2 10243.3 10272.1 10083.6 9819.94 9652.58 9576.4 9501.02 9418.61 9356.36 9339.46 9354.4 9340.36 9335.76 9351.19 9435.03 9570.3 9700.74 9844.24 10167.2 10135.5 10097.6 10053 10085 10002.9 9952.17 9910.51 9909.24 9910.46 9904.01 9903.07 9909.63 9916.92 9901.72 9881.74 9894.33 9899.45 9906.9 9918.46 9920.33 9923.05 9949.95 9947.38 9952.38
9901.91 9903.89 9914.5 9920.49 9934.47 9922.46 9918.84 9931.3 9925.94 9922.4 9926.42 9931.7 9918.8 9884.94 9891.78 9902.87 9912.87 9919.02 9922.35 9950.53 9980.95 10018.4 10038.3 10098.3 10231.6 10376.1 10287.1 10108.2 9908.38 9804.55 9711.7 9628.76 9576.98 9571.89 9581.82 9594.23 9615.88 9741.05 9844.4 9919.67 10054 10238.8 10148.6 10073.5 10040.6 10031 9966 9926.8 9913.06 9903.23 9908.02 9911.2 9919.71 9904.49 9906.47 9905.4 9897.44 9885.9 9895.18 9896.81 9900.57 9903.64 9903.11 9907.75 9920.61 9937.77 9944.77
9891.85 9890.2 9907.6 9928.94 9914.9 9920.02 9921.96 9916.03 9915.89 9925.07 9930.15 9942.39 9914.43 9896.71 9892.81 9898.8 9907.4 9909.07 9914.34 9932.65 9959.55 9986.07 9999.94 10041.4 10082.3 10107.3 10142.8 10207.4 10188.9 9993.92 9896.8 9848.14 9828.2 9838.93 9839.6 9899.98 9942.42 10052.7 10145.3 10147.7 10226.9 10281.3 10064.3 10024.6 9999.78 9970.93 9918.94 9894.35 9895.08 9895.45 9906.41 9911.12 9910.72 9895.33 9905.17 9918.29 9908.76 9898.32 9901.46 9904.07 9898.24 9897.58 9895.67 9905.79 9914.86 9916.1 9920.33
9878.55 9885.9 9891.13 9929.17 9948.92 9934.29 9922.37 9928.25 9940.36 9934.65 9926.99 9917.91 9933.44 9910.83 9895.71 9898.71 9905.58 9913.37 9909.81 9918.89 9929.26 9957.22 9981.29 10011.9 10069.8 10101.8 10101.9 10087.6 10083.1 10046.5 10028.6 10090.4 10102.2 10168.6 10232.5 10212 10278.9 10230.9 10213.6 10172 10168.7 10151.9 10032.8 9987.65 9965.13 9939.9 9905.36 9887.04 9896.87 9910.11 9921.31 9919.39 9919.34 9912.75 9912.15 9924.67 9910.15 9906.31 9908.21 9907.89 9901.64 9901.73 9900.93 9891.24 9906.05 9915.94 9916.78
9874.96 9890.74 9909.63 9923.77 9943.64 9932.85 9916.54 9929.43 9944.35 9935.43 9932.52 9931.32 9931.94 9914.42 9901.33 9897.46 9903.96 9904.1 9908.22 9910.63 9913.57 9934.15 9957.75 9972.78 10015.9 10093.8 10121.9 10047.7 10039.4 10045.8 10058.7 10084.9 10125.4 10168 10194.5 10159.4 10135.7 10096.9 10075.2 10074.7 10043.9 10006.4 9994.27 9966.51 9951.76 9939.54 9929.05 9906.89 9907.18 9912.18 9935.86 9935.52 9921.18 9902.95 9910.52 9910.84 9914.6 9908.03 9914.11 9918.67 9912.9 9911.18 9895.2 9901.77 9926.45 9921.58 9918.13
9871.19 9875.54 9874.84 9885.53 9915.58 9917.59 9919.26 9921.7 9912.59 9923.7 9933.44 9938.17 9925.1 9908.33 9892.98 9897.07 9906 9911.93 9906.61 9905.86 9911.66 9922.03 9925.53 9927.86 9942.42 10010.8 10073.4 10033.6 10023.3 10024.3 10034.5 10050.1 10048.5 10021.8 10017.3 10011.3 10001.4 9983.86 9983.56 9986.05 9974.55 9968.8 9969.41 9944.64 9947.93 9955.3 9952.77 9944.1 9916.8 9907.96 9919.85 9912.77 9906.24 9914.35 9914.73 9911.98 9922.02 9912.56 9918.68 9926.06 9921.11 9923.37 9937.65 9913.82 9914.03 9918.75 9904.35
9864.28 9861.24 9871.62 9909.41 9912.94 9931.47 9921.37 9912.71 9907.6 9920.71 9918.87 9914.73 9912.86 9905.15 9900.41 9900.23 9905.56 9915.46 9900.83 9899.96 9900.6 9906.67 9911.35 9906.12 9916.85 9935.86 9949.58 10022.8 10005.8 9999.95 9993.79 9970.81 9984.18 9969.77 9955.73 9951.19 9947.45 9940.33 9925.67 9938.96 9940.88 9943.22 9958.61 9930.39 9941.29 9940.56 9947.11 9933.44 9913.45 9917.12 9898.74 9896.96 9911.63 9916.44 9917.14 9927.38 9921.7 9920.6 9919.79 9917.25 9905.31 9909.24 9922.09 9925.94 9900.49 9913.15 9893.15
9859.35 9864.13 9870.06 9888.34 9878.2 9876.97 9900.31 9915.31 9925.49 9925.8 9926.61 9919.85 9908.89 9902.58 9896.4 9889.22 9901.06 9900.33 9895.93 9894.08 9894.21 9896.77 9898.85 9887.43 9900.39 9912.22 9925.81 9925.84 9953.11 9961.1 9955.88 9944.37 9942.72 9940.85 9921.92 9910.78 9905.98 9904.43 9909.05 9916.92 9920.49 9916.45 9890.57 9888.7 9925.83 9937.94 9918.19 9905.25 9891.61 9893.61 9905.7 9910.8 9899.45 9904.88 9906.95 9905.55 9921.64 9923.07 9918.11 9912.08 9893.68 9887.51 9882.81 9888.63 9882 9878.54 9876.58
9857.6 9856.77 9853.91 9861.18 9860.61 9872.7 9876.3 9894.58 9917.97 9920.02 9907.24 9903.95 9901.76 9900.23 9897.49 9900.65 9900.45 9903.75 9892.34 9889.88 9888.39 9883.74 9899.3 9899.99 9898.55 9901.28 9904.09 9902.34 9919.08 9930.89 9932.19 9923.77 9911.07 9909.05 9904.48 9897.93 9887.31 9883.13 9897.04 9907.15 9899.91 9895.78 9885.69 9881.43 9891.56 9902.26 9907.93 9896.38 9884.85 9888.25 9899.12 9895.44 9894.04 9899.57 9908.24 9916.43 9917.54 9918.69 9914.25 9910.65 9903.38 9889.14 9873.16 9862.07 9853.56 9855.02 9856.7
9863.87 9864.75 9853.57 9859.7 9872.42 9867.56 9861.02 9878.11 9904.03 9911.74 9921.16 9888.7 9898.45 9901.23 9902.43 9897.47 9894.66 9889.13 9887.97 9888.68 9889.6 9894.43 9894.89 9898.32 9899.02 9899.97 9904.09 9900.24 9908.33 9916.16 9922.7 9923.94 9902.79 9888.63 9893.77 9890.4 9888.37 9887.57 9896.56 9896.97 9890.4 9885.65 9881.95 9872.78 9888.52 9909.38 9898.69 9897.77 9888.26 9888.53 9891.19 9892.98 9897.06 9898.56 9901.49 9912.52 9930.07 9910.69 9908.97 9904.48 9898.81 9895.85 9883.43 9872.85 9869.78 9864.42 9856.61
9878.37 9906.13 9880.34 9884.65 9856.56 9871.09 9868.68 9878.69 9889.12 9889.15 9892.37 9929.5 9912.56 9902.81 9890.42 9898.71 9892.1 9889.63 9889.8 9891.98 9892.03 9889.3 9897.9 9899.07 9895.6 9897.46 9907.87 9910.63 9910.57 9910.6 9907.88 9906.3 9907.43 9892.6 9892.79 9891.76 9897.05 9896.93 9889.99 9889.1 9889.82 9882.1 9871.37 9863.56 9892.3 9890.82 9890.88 9880.96 9883.66 9884.25 9886.83 9884.26 9888.26 9891.08 9888.94 9897.08 9898.02 9904.35 9901.77 9895.86 9891.55 9885.19 9877.33 9867.07 9867.15 9865.7 9866.35
9876.85 9887.71 9871.34 9864.02 9863.81 9868.43 9873.57 9892.69 9894.54 9894.3 9904.31 9925.85 9920.87 9910.74 9899.75 9882.78 9890.12 9893.71 9901.24 9897.41 9898.7 9905.52 9903.84 9902.61 9907.85 9910.16 9917.1 9921 9915.45 9910.42 9903.79 9903.77 9905.3 9902.27 9898.21 9895.16 9896.41 9893.88 9893.89 9881.99 9886.64 9885.66 9883.46 9880.85 9886.35 9891.32 9888.81 9884.04 9882.03 9882.31 9884.08 9885.7 9883.13 9885.65 9886.82 9892.89 9895.3 9893.25 9894.05 9890.8 9876.13 9860.26 9859.8 9862.59 9875.87 9867.4 9857
9872.28 9868.19 9858.14 9849.89 9860.34 9866.82 9896.43 9911.03 9910.52 9907.82 9905.56 9923.93 9922.56 9916.44 9911.01 9901.22 9881.85 9886.67 9896.56 9900.42 9900.15 9904.01 9890.26 9903.36 9912.74 9911.26 9921.95 9925.27 9920.65 9913.55 9904.96 9903.52 9911.44 9911.02 9900.77 9897.32 9890.51 9890.42 9894.78 9890.96 9887.64 9877.84 9875.5 9881.93 9885.81 9891.12 9891.34 9882.26 9883.68 9882.69 9881.3 9885.48 9886.21 9886.32 9887.45 9891.82 9891.35 9892.31 9890.79 9893.57 9899.57 9875.72 9861.35 9862.33 9856.39 9871.66 9875.76
9874.61 9862.72 9852.06 9851.12 9860.06 9880.43 9908.12 9912.89 9910.78 9911.04 9921.42 9924.01 9923.05 9917.68 9908.37 9893.87 9884.21 9888.05 9897.22 9900.49 9898.01 9897.33 9897.88 9919.73 9924.52 9923.74 9922.24 9929.42 9926.93 9918.17 9909.09 9902.16 9891.61 9893.95 9897.46 9898.79 9902.25 9895.9 9895.08 9891.46 9891.65 9887.23 9880.62 9884.14 9884.32 9904.87 9891.64 9885.11 9880 9884.86 9885.49 9883.71 9885.2 9888.83 9892.84 9899.82 9898.65 9890.46 9890.82 9888.67 9881.27 9862.55 9860.48 9849.14 9858.92 9859.22 9869.88
9867.28 9857.26 9854.98 9854.87 9881.86 9892.26 9882.91 9894.1 9904.54 9911.35 9921.08 9928.88 9925.07 9915.79 9906.85 9901.47 9892.65 9893.41 9900.33 9902.21 9901.73 9902.08 9908.58 9914.91 9918.42 9927.87 9900.48 9931.26 9932.31 9925.36 9919.35 9904.17 9894.53 9895.11 9896.67 9894.23 9891.37 9900.32 9900.11 9896.94 9888.52 9879.95 9885.65 9887.44 9880.7 9883.18 9886.63 9882.54 9885.28 9883.94 9888.41 9884.45 9893.45 9889.89 9885.43 9871.36 9884.63 9907.1 9896.37 9882.55 9868.72 9862.74 9852.25 9852.83 9863.89 9863.71 9859.91
9858.65 9851.46 9867.44 9873.98 9874.36 9866.55 9861.73 9881.79 9901.95 9912.05 9928.5 9932.93 9926.54 9917.04 9906.9 9894.13 9891.14 9891.14 9891.18 9898.02 9911.95 9917.21 9918.61 9911.03 9898.49 9916.27 9902.01 9917.5 9934.82 9929.99 9912.22 9907.52 9897.47 9903.2 9903.62 9903.52 9910.63 9904.55 9899.52 9896.7 9891.6 9887.33 9885.8 9891.26 9904.01 9891.58 9882.28 9879.82 9874.11 9879.34 9883.06 9890.91 9900.36 9895.33 9879.83 9865.64 9872.73 9884.77 9879.58 9880.04 9869.24 9840.36 9848.33 9857.1 9884.11 9882.82 9857.76
