real_craters/C161-750m.grd
DSAA
156 156
-58.2575 58.2575
-58.2575 58.2575
3005.0385542441 5123.2080633198
[rows 0 to 37 of 156, columns 0 to 83 of 156]
4553 4552 4552 4553 4553 4553 4555 4554 4552 4565 4567 4573 4568 4550 4547 4545 4544 4544 4543 4538 4538 4530 4528 4527 4528 4530 4529 4529 4529 4530 4530 4528 4530 4533 4532 4539 4543 4540 4539 4545 4538 4532 4536 4540 4543 4543 4538 4525 4516 4508 4506 4510 4513 4511 4510 4504 4506 4525 4537 4508 4499 4495 4494 4500 4507 4499 4495 4498 4494 4496 4501 4495 4489 4484 4476 4478 4477 4477 4474 4473 4471 4469 4469 4472
4551 4545 4548 4551 4552 4550 4547 4547 4547 4548 4556 4560 4557 4549 4544 4542 4543 4542 4538 4536 4533 4530 4530 4528 4528 4528 4528 4528 4529 4529 4529 4525 4527 4528 4527 4528 4537 4543 4549 4550 4542 4536 4538 4541 4541 4538 4534 4527 4517 4507 4500 4503 4510 4508 4506 4509 4500 4508 4513 4498 4496 4495 4495 4498 4505 4496 4493 4495 4494 4492 4490 4488 4486 4485 4484 4479 4481 4478 4473 4472 4472 4470 4469 4469
4556 4550 4549 4551 4554 4555 4550 4547 4546 4546 4549 4551 4551 4549 4546 4544 4544 4544 4540 4539 4533 4533 4532 4529 4528 4527 4527 4530 4529 4529 4528 4525 4526 4527 4529 4530 4534 4543 4557 4555 4547 4541 4540 4541 4538 4533 4532 4527 4517 4507 4498 4500 4506 4508 4500 4500 4497 4498 4495 4494 4494 4495 4495 4497 4503 4495 4491 4494 4494 4497 4486 4485 4484 4484 4482 4479 4482 4484 4476 4475 4475 4470 4466 4463
4555 4552 4550 4551 4552 4551 4550 4546 4544 4544 4548 4549 4551 4552 4548 4544 4545 4549 4545 4541 4536 4531 4531 4531 4527 4526 4528 4534 4537 4532 4526 4524 4525 4527 4528 4527 4530 4533 4533 4535 4540 4540 4541 4542 4541 4532 4524 4524 4515 4505 4497 4494 4498 4509 4500 4498 4496 4500 4497 4496 4494 4494 4493 4493 4499 4493 4491 4492 4492 4494 4489 4486 4486 4483 4480 4475 4474 4479 4481 4483 4477 4472 4465 4457
4556 4553 4552 4552 4553 4551 4546 4544 4543 4545 4550 4547 4554 4555 4551 4546 4541 4545 4544 4540 4536 4532 4529 4528 4528 4527 4526 4525 4528 4530 4527 4525 4526 4527 4525 4521 4523 4524 4523 4523 4527 4534 4538 4541 4542 4535 4525 4519 4512 4505 4497 4495 4495 4494 4495 4499 4496 4509 4506 4500 4494 4490 4483 4478 4488 4491 4491 4490 4492 4494 4493 4489 4483 4484 4479 4480 4466 4465 4473 4474 4470 4469 4465 4459
4558 4552 4550 4552 4553 4551 4546 4542 4543 4542 4542 4543 4555 4557 4552 4547 4541 4541 4541 4540 4537 4534 4531 4529 4529 4530 4529 4529 4529 4528 4528 4528 4528 4529 4526 4519 4519 4521 4524 4522 4523 4528 4533 4537 4540 4535 4527 4516 4512 4506 4500 4499 4503 4498 4496 4498 4499 4507 4503 4497 4493 4487 4476 4470 4472 4483 4491 4492 4496 4503 4505 4493 4484 4478 4480 4484 4487 4481 4467 4464 4467 4466 4465 4462
4555 4552 4550 4553 4555 4552 4548 4543 4543 4543 4540 4541 4542 4551 4558 4554 4544 4543 4540 4540 4539 4535 4533 4533 4532 4531 4530 4526 4525 4527 4529 4530 4530 4533 4528 4520 4519 4520 4522 4522 4522 4525 4529 4532 4533 4530 4523 4519 4514 4511 4506 4498 4499 4496 4495 4497 4495 4495 4495 4494 4492 4489 4478 4464 4464 4473 4483 4488 4489 4500 4504 4497 4486 4482 4486 4490 4496 4474 4457 4446 4448 4458 4462 4459
4552 4551 4553 4554 4554 4551 4547 4546 4543 4541 4539 4538 4538 4545 4558 4565 4558 4546 4547 4543 4537 4534 4533 4532 4529 4529 4529 4528 4528 4528 4530 4532 4531 4535 4530 4523 4520 4520 4523 4522 4522 4524 4527 4529 4530 4528 4524 4520 4517 4514 4508 4500 4497 4493 4491 4494 4492 4491 4491 4490 4490 4493 4485 4472 4462 4466 4471 4481 4494 4494 4501 4498 4491 4494 4491 4486 4490 4473 4458 4443 4438 4446 4453 4454
4546 4549 4553 4553 4552 4550 4546 4544 4541 4539 4541 4540 4537 4538 4545 4572 4574 4541 4542 4536 4534 4534 4532 4530 4529 4528 4527 4529 4529 4529 4530 4529 4529 4533 4532 4528 4524 4521 4523 4522 4521 4523 4524 4526 4527 4528 4529 4525 4519 4513 4513 4505 4499 4491 4487 4489 4489 4492 4490 4488 4489 4493 4491 4485 4468 4465 4466 4476 4492 4494 4493 4494 4493 4495 4488 4485 4484 4478 4468 4455 4442 4441 4447 4454
4553 4547 4547 4548 4549 4550 4550 4543 4539 4538 4538 4540 4538 4536 4536 4556 4558 4535 4535 4538 4535 4533 4531 4530 4528 4528 4527 4529 4530 4531 4529 4527 4528 4529 4534 4531 4526 4523 4525 4523 4521 4522 4522 4523 4524 4527 4526 4525 4520 4513 4504 4504 4499 4489 4487 4485 4485 4491 4489 4487 4487 4491 4491 4489 4479 4465 4454 4463 4476 4487 4491 4494 4493 4489 4486 4476 4479 4481 4474 4454 4440 4439 4447 4454
4552 4547 4543 4544 4548 4545 4543 4541 4540 4539 4538 4537 4538 4536 4534 4538 4538 4535 4533 4532 4535 4532 4530 4529 4528 4528 4528 4528 4530 4530 4528 4527 4526 4527 4530 4527 4522 4523 4525 4522 4521 4520 4520 4520 4520 4519 4522 4524 4526 4526 4521 4509 4494 4490 4487 4486 4488 4492 4489 4485 4484 4489 4489 4489 4486 4474 4458 4459 4468 4471 4490 4500 4489 4476 4480 4476 4483 4481 4473 4449 4432 4436 4456 4461
4552 4548 4547 4545 4544 4542 4540 4542 4545 4541 4537 4537 4537 4537 4534 4533 4533 4531 4536 4537 4530 4532 4530 4528 4527 4527 4524 4523 4528 4529 4528 4525 4523 4527 4527 4525 4522 4522 4524 4521 4520 4519 4519 4518 4518 4521 4525 4531 4536 4537 4536 4521 4502 4497 4495 4492 4490 4491 4486 4483 4484 4486 4488 4486 4490 4485 4480 4465 4462 4481 4491 4498 4491 4492 4483 4464 4463 4467 4462 4444 4432 4438 4473 4468
4553 4551 4557 4559 4548 4541 4538 4542 4545 4543 4540 4538 4537 4535 4531 4532 4532 4530 4536 4537 4528 4527 4528 4527 4526 4525 4524 4522 4522 4528 4526 4524 4523 4526 4528 4526 4523 4522 4524 4523 4520 4519 4518 4517 4517 4520 4528 4534 4541 4546 4539 4528 4511 4509 4501 4492 4498 4491 4483 4481 4481 4487 4490 4484 4489 4488 4488 4484 4472 4475 4482 4482 4490 4484 4469 4451 4445 4452 4445 4438 4433 4445 4466 4466
4550 4551 4558 4566 4555 4543 4539 4540 4540 4543 4546 4538 4537 4536 4534 4534 4533 4531 4532 4532 4528 4528 4527 4526 4526 4527 4531 4527 4523 4521 4522 4522 4520 4521 4527 4525 4524 4522 4525 4523 4521 4519 4518 4518 4518 4522 4528 4535 4541 4542 4540 4535 4522 4511 4502 4492 4493 4485 4481 4480 4481 4489 4490 4485 4487 4488 4491 4496 4495 4490 4503 4480 4477 4469 4454 4446 4452 4451 4451 4439 4437 4459 4466 4464
4544 4544 4551 4557 4553 4545 4540 4539 4540 4541 4542 4542 4541 4544 4542 4537 4534 4532 4530 4530 4528 4528 4529 4529 4529 4530 4533 4531 4526 4524 4524 4521 4517 4517 4520 4521 4521 4521 4524 4524 4520 4519 4519 4519 4519 4519 4523 4535 4545 4544 4545 4541 4527 4516 4502 4495 4493 4488 4483 4481 4482 4487 4504 4487 4483 4485 4489 4496 4503 4508 4512 4503 4496 4481 4473 4475 4465 4454 4439 4433 4436 4455 4467 4469
4550 4541 4544 4549 4547 4543 4541 4540 4540 4539 4541 4549 4545 4543 4542 4540 4537 4534 4532 4531 4529 4531 4531 4532 4532 4532 4534 4533 4528 4527 4526 4524 4522 4516 4517 4518 4518 4521 4522 4520 4520 4520 4520 4519 4518 4518 4522 4536 4554 4561 4550 4543 4527 4518 4496 4488 4491 4492 4487 4486 4485 4483 4486 4484 4486 4486 4486 4493 4510 4520 4514 4509 4494 4491 4487 4484 4470 4458 4446 4437 4430 4437 4456 4468
4549 4544 4543 4543 4544 4542 4541 4541 4540 4537 4537 4546 4545 4543 4542 4542 4540 4535 4533 4535 4531 4532 4533 4534 4534 4536 4536 4534 4531 4527 4525 4526 4528 4525 4519 4517 4516 4518 4519 4519 4520 4521 4520 4519 4518 4518 4518 4534 4549 4540 4537 4528 4514 4500 4493 4490 4488 4483 4486 4489 4492 4493 4484 4486 4482 4483 4483 4492 4497 4500 4500 4495 4490 4492 4492 4480 4474 4462 4457 4451 4435 4430 4441 4453
4544 4543 4542 4542 4542 4542 4541 4542 4543 4544 4534 4539 4542 4542 4541 4542 4541 4538 4538 4541 4534 4534 4535 4537 4535 4535 4535 4534 4532 4528 4524 4526 4526 4526 4524 4517 4511 4511 4516 4519 4521 4522 4520 4519 4519 4518 4522 4530 4536 4522 4524 4519 4503 4493 4499 4493 4491 4481 4489 4492 4493 4486 4482 4482 4477 4474 4481 4488 4485 4480 4483 4489 4487 4491 4493 4482 4469 4458 4461 4459 4443 4434 4438 4448
4540 4540 4541 4542 4541 4539 4540 4541 4542 4538 4535 4533 4538 4538 4539 4541 4540 4543 4543 4546 4539 4536 4536 4536 4534 4532 4531 4532 4530 4527 4526 4527 4528 4528 4526 4518 4511 4509 4511 4515 4519 4521 4520 4517 4516 4521 4520 4527 4538 4525 4524 4520 4497 4487 4498 4494 4493 4486 4488 4496 4501 4484 4480 4472 4474 4475 4481 4484 4484 4477 4478 4484 4485 4487 4485 4477 4465 4457 4460 4460 4456 4448 4433 4438
4536 4535 4537 4541 4546 4541 4540 4539 4539 4537 4536 4534 4535 4535 4537 4539 4539 4540 4542 4544 4537 4535 4536 4536 4533 4532 4532 4531 4532 4528 4527 4527 4526 4527 4523 4519 4516 4515 4512 4515 4518 4520 4520 4519 4530 4528 4526 4531 4540 4533 4522 4511 4495 4481 4480 4489 4491 4489 4486 4489 4490 4484 4476 4469 4472 4474 4481 4485 4481 4475 4476 4486 4488 4484 4488 4477 4466 4463 4459 4456 4461 4462 4443 4442
4538 4539 4537 4538 4542 4540 4538 4538 4539 4540 4539 4536 4533 4532 4534 4537 4537 4538 4539 4537 4537 4535 4533 4532 4532 4532 4532 4531 4528 4527 4527 4525 4525 4526 4521 4520 4521 4522 4519 4518 4519 4521 4519 4519 4524 4528 4528 4528 4527 4526 4519 4512 4507 4491 4481 4490 4491 4488 4483 4484 4486 4490 4474 4468 4470 4473 4479 4486 4475 4476 4480 4495 4499 4485 4481 4479 4473 4462 4461 4456 4459 4462 4462 4455
4538 4535 4534 4535 4535 4534 4535 4536 4538 4541 4540 4538 4536 4534 4533 4532 4535 4537 4538 4535 4536 4535 4534 4532 4531 4528 4527 4531 4528 4526 4526 4526 4525 4524 4522 4519 4520 4522 4522 4519 4518 4517 4517 4519 4519 4525 4527 4526 4523 4529 4526 4522 4519 4503 4487 4485 4491 4490 4486 4487 4486 4485 4475 4470 4475 4471 4481 4486 4475 4483 4500 4504 4508 4490 4482 4479 4477 4468 4467 4459 4456 4457 4463 4452
4538 4536 4538 4535 4531 4531 4533 4535 4536 4536 4539 4539 4537 4535 4534 4536 4529 4532 4535 4539 4535 4536 4538 4534 4531 4534 4533 4531 4526 4525 4525 4525 4525 4523 4520 4518 4520 4521 4520 4518 4516 4515 4516 4518 4519 4524 4529 4531 4531 4538 4543 4539 4531 4520 4508 4486 4488 4488 4485 4483 4483 4477 4468 4470 4479 4477 4484 4491 4480 4486 4498 4506 4507 4489 4483 4482 4480 4476 4468 4457 4453 4455 4466 4450
4540 4536 4538 4534 4534 4533 4534 4534 4533 4533 4534 4537 4537 4535 4535 4535 4537 4531 4534 4541 4539 4537 4533 4531 4528 4529 4539 4533 4528 4524 4523 4524 4523 4523 4522 4519 4522 4522 4518 4517 4516 4514 4515 4519 4520 4526 4533 4541 4540 4546 4550 4550 4547 4538 4519 4494 4486 4482 4485 4487 4488 4487 4467 4466 4471 4479 4483 4494 4481 4484 4485 4495 4500 4482 4486 4483 4486 4468 4461 4455 4455 4468 4469 4447
4537 4534 4535 4535 4538 4539 4537 4535 4531 4529 4532 4534 4534 4533 4532 4532 4535 4534 4549 4549 4547 4541 4532 4530 4528 4528 4531 4532 4529 4525 4523 4523 4525 4524 4523 4523 4529 4530 4521 4518 4516 4515 4515 4520 4522 4526 4533 4540 4545 4554 4559 4562 4557 4554 4528 4504 4490 4481 4490 4487 4483 4470 4458 4464 4472 4476 4488 4495 4479 4482 4487 4489 4495 4489 4482 4469 4470 4465 4461 4455 4456 4468 4468 4453
4534 4532 4531 4533 4541 4541 4540 4537 4533 4530 4530 4532 4531 4530 4532 4531 4532 4532 4537 4550 4546 4543 4544 4533 4527 4522 4523 4528 4530 4528 4524 4523 4525 4524 4523 4524 4531 4537 4533 4522 4517 4514 4513 4514 4519 4523 4528 4534 4544 4556 4570 4575 4575 4559 4549 4523 4501 4482 4487 4486 4475 4458 4451 4467 4483 4476 4485 4494 4479 4482 4490 4498 4501 4492 4490 4479 4483 4472 4466 4461 4466 4472 4470 4444
4531 4532 4529 4528 4541 4544 4543 4540 4538 4535 4531 4531 4533 4536 4533 4534 4535 4529 4526 4550 4537 4538 4536 4532 4528 4527 4523 4521 4524 4525 4523 4524 4527 4526 4523 4523 4531 4532 4526 4520 4517 4515 4512 4511 4515 4519 4522 4525 4536 4552 4570 4579 4578 4563 4549 4537 4519 4504 4492 4486 4469 4459 4454 4464 4475 4476 4487 4496 4480 4483 4495 4505 4501 4495 4492 4485 4481 4473 4465 4460 4455 4471 4469 4437
4531 4531 4530 4527 4538 4545 4546 4542 4539 4540 4542 4535 4530 4534 4532 4533 4536 4533 4526 4541 4533 4532 4533 4530 4526 4528 4523 4517 4516 4521 4518 4515 4522 4528 4531 4528 4532 4524 4522 4520 4518 4515 4512 4511 4513 4516 4519 4524 4531 4547 4564 4569 4562 4550 4542 4541 4540 4531 4504 4475 4467 4473 4470 4468 4474 4476 4487 4493 4483 4487 4494 4491 4499 4497 4490 4483 4478 4471 4462 4456 4459 4463 4461 4435
4527 4531 4529 4524 4528 4537 4541 4541 4540 4545 4550 4544 4536 4530 4533 4530 4534 4530 4529 4528 4526 4529 4529 4527 4525 4522 4522 4520 4513 4513 4516 4515 4517 4526 4535 4534 4537 4542 4530 4525 4523 4519 4515 4513 4515 4517 4518 4519 4526 4545 4562 4553 4544 4534 4534 4549 4555 4544 4523 4490 4473 4483 4481 4473 4475 4474 4477 4493 4486 4487 4496 4486 4494 4499 4493 4489 4484 4471 4441 4452 4462 4467 4449 4434
4526 4528 4528 4523 4522 4528 4533 4538 4544 4543 4544 4547 4539 4529 4530 4531 4530 4528 4529 4524 4526 4527 4527 4525 4524 4522 4523 4520 4514 4509 4510 4512 4514 4523 4532 4533 4536 4541 4538 4540 4527 4522 4518 4516 4517 4518 4519 4524 4525 4536 4540 4537 4541 4549 4542 4548 4552 4549 4541 4531 4490 4485 4480 4474 4477 4478 4482 4501 4488 4483 4501 4490 4492 4511 4506 4498 4492 4468 4441 4467 4514 4514 4460 4447
4522 4523 4523 4522 4521 4522 4525 4531 4538 4542 4540 4541 4537 4529 4537 4537 4532 4528 4528 4523 4519 4521 4522 4520 4522 4525 4524 4523 4521 4511 4505 4508 4509 4518 4529 4541 4538 4530 4530 4523 4524 4524 4525 4520 4518 4518 4520 4526 4526 4531 4539 4545 4545 4551 4546 4550 4555 4554 4551 4543 4525 4482 4481 4473 4475 4480 4479 4505 4497 4487 4497 4492 4491 4528 4535 4509 4494 4467 4457 4496 4556 4556 4470 4445
4519 4522 4522 4520 4519 4519 4521 4524 4529 4540 4538 4532 4530 4527 4528 4528 4530 4529 4525 4522 4518 4514 4516 4515 4518 4525 4524 4522 4519 4513 4510 4509 4506 4518 4533 4550 4546 4530 4525 4521 4522 4524 4523 4520 4519 4518 4518 4520 4522 4522 4530 4537 4546 4555 4556 4553 4557 4558 4557 4550 4541 4513 4500 4487 4481 4496 4480 4500 4503 4497 4485 4485 4488 4535 4535 4513 4506 4483 4500 4535 4545 4519 4481 4474
4514 4519 4520 4521 4518 4517 4516 4517 4520 4531 4534 4533 4529 4527 4529 4533 4532 4532 4526 4522 4519 4515 4514 4513 4517 4524 4523 4520 4516 4513 4515 4515 4511 4522 4539 4556 4543 4528 4524 4525 4525 4525 4524 4518 4520 4519 4516 4514 4519 4520 4520 4527 4539 4546 4558 4564 4564 4562 4557 4552 4543 4537 4510 4488 4485 4497 4482 4492 4515 4516 4495 4490 4500 4545 4551 4540 4514 4498 4520 4550 4547 4525 4511 4516
4515 4515 4518 4517 4519 4517 4514 4513 4515 4518 4526 4531 4531 4529 4530 4529 4534 4533 4526 4524 4522 4516 4514 4513 4517 4522 4522 4520 4515 4511 4510 4510 4512 4522 4541 4560 4540 4529 4524 4524 4524 4526 4531 4532 4528 4521 4516 4513 4516 4518 4518 4520 4532 4547 4561 4566 4567 4565 4561 4553 4548 4539 4513 4476 4475 4494 4486 4515 4545 4572 4538 4518 4517 4551 4562 4555 4546 4534 4541 4568 4576 4565 4576 4586
4517 4518 4517 4517 4519 4518 4514 4511 4512 4513 4516 4516 4527 4525 4525 4524 4526 4528 4527 4525 4522 4519 4515 4514 4518 4521 4521 4519 4515 4514 4510 4510 4509 4516 4533 4548 4536 4528 4525 4520 4520 4526 4528 4533 4530 4522 4517 4514 4514 4517 4520 4522 4531 4546 4557 4564 4565 4563 4562 4553 4545 4545 4542 4498 4461 4479 4490 4528 4576 4604 4582 4579 4579 4631 4643 4600 4579 4575 4573 4591 4620 4664 4650 4645
4518 4518 4516 4515 4518 4516 4515 4513 4514 4517 4514 4508 4508 4515 4520 4521 4520 4524 4532 4527 4520 4519 4516 4516 4517 4520 4521 4521 4520 4523 4519 4510 4509 4514 4527 4543 4546 4539 4530 4521 4518 4524 4523 4526 4525 4520 4515 4514 4511 4514 4521 4524 4543 4547 4553 4560 4563 4562 4561 4554 4551 4553 4551 4515 4466 4457 4494 4558 4624 4673 4687 4677 4719 4689 4646 4648 4603 4581 4589 4597 4636 4674 4669 4645
4520 4517 4516 4516 4516 4515 4516 4516 4515 4517 4515 4510 4507 4506 4510 4516 4518 4525 4538 4529 4520 4518 4517 4519 4520 4521 4522 4523 4527 4537 4529 4520 4515 4514 4534 4552 4558 4552 4535 4521 4514 4524 4538 4531 4526 4519 4511 4513 4510 4510 4526 4534 4560 4556 4554 4556 4556 4557 4561 4558 4559 4554 4546 4529 4507 4477 4529 4622 4683 4712 4716 4732 4755 4689 4637 4638 4619 4615 4627 4611 4645 4669 4679 4674
4522 4521 4520 4518 4517 4517 4518 4518 4518 4517 4516 4513 4512 4507 4501 4502 4511 4519 4533 4528 4520 4516 4515 4518 4524 4521 4521 4523 4526 4528 4528 4525 4518 4511 4526 4552 4569 4556 4539 4523 4513 4525 4537 4533 4528 4523 4524 4521 4516 4511 4529 4541 4554 4556 4557 4556 4556 4554 4560 4562 4569 4556 4539 4538 4542 4523 4579 4665 4715 4718 4729 4723 4703 4680 4644 4624 4629 4632 4636 4638 4660 4683 4701 4699
