real_craters/C161-500m.grd
DSAA
234 234
-58.2575 58.2575
-58.2575 58.2575
3007.052556278 5127.3933547768
[rows 30 to 59 of 234, columns 134 to 200 of 234]
4426.33 4420.67 4413.89 4407.18 4399.26 4386.94 4384.2 4389.99 4393.98 4398.36 4402.77 4407.03 4413.47 4407.23 4400.26 4402.88 4403.18 4401.94 4401.54 4400.35 4402.08 4406.93 4407.19 4404.96 4402.8 4400.8 4398.07 4394.91 4394.06 4389.4 4385.4 4382.05 4382.49 4382.95 4379.27 4383.62 4394.68 4391.79 4387.28 4384.07 4382.24 4390.05 4384.62 4379.88 4381.36 4381.7 4376.75 4374.82 4373.25 4370.97 4369 4367.15 4365.29 4364.27 4361.53 4364.57 4363.47 4359.15 4363.72 4363.13 4364.21 4366.76 4370.42 4376.83 4377.34 4373.24 4368.98
4424.35 4419.38 4413 4407.51 4403.3 4395.22 4395.34 4401.68 4402.54 4405.02 4408.31 4412.08 4417.44 4417.42 4412.58 4413.55 4408.18 4404.72 4404.73 4404.11 4404.59 4406.17 4406.25 4404.86 4403.14 4401.6 4400.04 4398.25 4396.73 4393.14 4388.35 4382.58 4379.83 4374.5 4375.86 4379.59 4385.18 4387.79 4387.16 4385.56 4382.16 4383.1 4386.26 4384.31 4382.94 4376.81 4371.05 4371.42 4371.29 4370.79 4370.09 4368.8 4365.09 4361.24 4361.86 4370.97 4369.92 4364.25 4360.43 4361.9 4364.39 4368.19 4373.18 4378.68 4377.6 4372.42 4366.99
4424.2 4419.57 4413.41 4407 4400.69 4400.04 4403.88 4406.98 4407.54 4409.56 4412.75 4416.1 4422.6 4424.75 4420.6 4417.89 4412.57 4410.45 4405.68 4405.11 4405.1 4405.55 4405.63 4404.36 4402.83 4401.45 4400.25 4399.39 4397.63 4393.44 4389.25 4386.67 4383.4 4380.58 4377.86 4376.43 4378.16 4383.26 4390.09 4388.93 4386.89 4395.67 4388.64 4385.18 4380.1 4374.86 4370.6 4370.73 4369.83 4369.92 4370.73 4370.58 4365.71 4360.68 4360.05 4366.37 4368.84 4363.94 4357.79 4360.58 4364.42 4368.68 4373.6 4377.27 4374.67 4370.42 4365.67
4427.75 4422.35 4416.05 4408.74 4401.89 4397.47 4399.75 4405.78 4410.69 4413.23 4416.63 4421.84 4425.99 4424.27 4419.42 4415.32 4409.37 4401.86 4402.4 4402.29 4403.69 4404.95 4405.11 4403.52 4402.08 4400.86 4399.43 4399.36 4398.68 4394.11 4388.39 4388.72 4386.55 4385.81 4381.93 4380.46 4378.26 4379.17 4385.13 4385.45 4383.47 4383.64 4383.35 4381.72 4375.66 4371.63 4368.71 4367.43 4366.84 4367.36 4368.25 4369.08 4365.09 4362.9 4361.04 4361.81 4364.13 4361.58 4356.5 4359.74 4363.65 4367.31 4370.47 4372.89 4370.49 4367.99 4365.06
4432.7 4426.44 4420.12 4413.75 4407.88 4404.41 4405.36 4411.56 4417.31 4419.68 4422.49 4425.35 4427.86 4422.87 4418.17 4413.91 4407.35 4402.01 4402.39 4402.59 4403.01 4403.05 4402.37 4402.76 4402.2 4400.24 4402.66 4401.39 4399.24 4396.14 4388.21 4387.93 4387.72 4386.22 4384.45 4391.12 4381.11 4375.45 4378.25 4377.83 4374.2 4372.04 4374.32 4374.22 4372.24 4367.48 4361.1 4359.97 4362.35 4363.66 4363.94 4362.14 4361.28 4361.67 4363.81 4366.17 4363.56 4361.1 4360.36 4360.58 4362.77 4365.22 4366.12 4364.44 4364.47 4364.38 4364.43
4437.24 4431.24 4425.68 4421.04 4416.14 4414 4415.69 4420.78 4427.61 4432.72 4431.73 4429.32 4426.27 4418.04 4414.85 4405.43 4407.3 4407.29 4405.42 4404.12 4404.07 4403.76 4400.81 4404.73 4405.41 4406.13 4407.69 4402.82 4397.8 4393.33 4392.87 4393.2 4390.52 4385.52 4385.13 4387.58 4382.27 4376.42 4373.98 4370.7 4367.54 4365.08 4369.17 4369.66 4367.59 4366.51 4361.97 4357.7 4359.58 4361.12 4361.57 4360.99 4359.23 4360.85 4365.39 4367.68 4361.82 4359.23 4360.05 4361.33 4362.97 4364.39 4363.86 4359.24 4359.85 4361.93 4364.07
4442.43 4436.23 4431.04 4426.1 4420.48 4416 4417.24 4425.64 4436.53 4446.76 4438.53 4429.86 4422.39 4415.16 4411.57 4406.39 4408.57 4408.93 4405.37 4404.11 4405.93 4408.51 4411.3 4410.8 4408.36 4406.89 4405.76 4401.47 4397.94 4398.98 4408.17 4405.55 4397.08 4386.89 4380.68 4383.84 4380.08 4376.45 4372.57 4369.43 4365.29 4363.24 4367.66 4370.61 4375.04 4368.48 4363.45 4358.5 4358.96 4360.3 4361.23 4361.81 4360.56 4362.03 4366.06 4371.81 4367.54 4363.88 4360.94 4361.94 4364.1 4365.54 4365.43 4357.81 4357.36 4359.87 4362.61
4446.21 4440.58 4435.41 4430.85 4427.26 4424.88 4425.49 4429.19 4439.09 4444.81 4438.03 4429.08 4425.68 4416.05 4407.91 4401.03 4402.21 4404.88 4403.35 4403.79 4407.99 4412.69 4418.84 4414.91 4408.82 4403.17 4399.49 4399.17 4398.56 4402.65 4415.3 4413.48 4404.12 4393.85 4380.73 4375.02 4375.55 4373.9 4371.56 4366.02 4365.02 4366.08 4365.67 4368.34 4369.76 4364.8 4360.65 4358.04 4359.24 4360.75 4361.98 4363.06 4362.62 4363.83 4365.73 4365.36 4375.29 4369.91 4360.49 4363.11 4365.96 4367.78 4364.37 4357.79 4356.78 4358.59 4360.01
4450.99 4445.07 4439.15 4435.59 4433.74 4434.26 4431.03 4430.77 4438.67 4441.23 4433.97 4426.71 4427.98 4418.93 4406.15 4396.25 4396.85 4402.21 4403.84 4407.32 4411.26 4413.36 4413.99 4410.7 4406.73 4401.39 4398.6 4399.8 4400.55 4402.45 4412.12 4416.37 4408.24 4397.27 4380.78 4374.75 4374.63 4374.97 4374.96 4369.95 4365.19 4361.73 4361.18 4362.08 4359.76 4358.2 4357.25 4357.09 4360.11 4362.12 4363.86 4364.6 4366.08 4366.9 4367.88 4369.18 4371.18 4368.94 4365.26 4365.01 4367.84 4372.12 4374.57 4362.97 4359.12 4358.74 4358.42
4459.22 4448.93 4439.25 4432.45 4428.48 4430.84 4430 4431.44 4437.82 4438.41 4430.38 4422.6 4420.11 4414.66 4406.49 4400.29 4400.53 4405.38 4411.03 4418.52 4418.59 4414.89 4408.61 4404.22 4403.66 4403.6 4404.26 4404.34 4404.47 4409.35 4417.59 4416.85 4405.92 4397.8 4386.01 4379.65 4379.31 4391.23 4383.08 4372.99 4365.52 4358.42 4356.59 4359.22 4358.21 4355.32 4355.16 4359.48 4361.85 4363.69 4365.99 4367.46 4368.7 4370.25 4371.6 4372.89 4370.3 4367.98 4365.19 4365.87 4367.5 4370.81 4375.79 4369.42 4363.87 4360.31 4358.98
4470.77 4453.26 4435.78 4422.75 4417.05 4424.24 4431.24 4435.52 4438.06 4437.38 4430.47 4420.69 4413.27 4412.31 4411.14 4410.27 4415.15 4421.82 4436.3 4438.65 4430.03 4419.52 4408.77 4402.3 4403.59 4413.22 4414.78 4411.28 4406.44 4402.07 4400.51 4399.28 4395.91 4390.43 4388.07 4381.61 4378.26 4381.2 4379.67 4373.48 4364.14 4356.03 4354.56 4357.55 4355.77 4355.19 4356.77 4361.48 4361.13 4363.78 4368.36 4372.53 4371.82 4374.1 4374.55 4374.69 4372.91 4369.9 4368.19 4366.84 4364.87 4362.49 4360.35 4362.76 4361.28 4360.28 4360.17
4480.61 4456.97 4432.83 4414.28 4406.78 4413.86 4425.96 4435.32 4440.69 4441.61 4436.54 4423.49 4408.75 4404.26 4407.55 4411.91 4422.52 4442.81 4464.95 4459.65 4442.41 4426.45 4412.33 4405.33 4411.91 4430.17 4426.76 4417.28 4407.42 4397.52 4389.79 4388.2 4387.6 4386.23 4386.32 4380.24 4375.85 4375.24 4376.59 4370.81 4361.51 4353.18 4351.45 4353.97 4352.48 4353.07 4355.95 4351.48 4354.35 4361.37 4369.03 4377.52 4381.79 4377.97 4375.22 4373.89 4372.53 4368.16 4367.81 4365.25 4361.07 4358.57 4356.44 4354.87 4355.98 4360.91 4364.51
4488.02 4462.57 4435.31 4414.96 4405.01 4406.96 4422 4437.24 4448.2 4449.83 4445.95 4429.2 4410.84 4402.43 4404.86 4414.39 4428.81 4456.75 4479.77 4471.02 4451.54 4432.93 4417.44 4410.61 4423.36 4442.72 4433.62 4420.68 4408.32 4397.52 4388.83 4386.76 4384.37 4383.21 4382.83 4378.34 4377.54 4381.61 4379.83 4368.3 4359.73 4355.26 4357.42 4359.08 4355.79 4356.39 4356.64 4349.12 4351.28 4359.06 4366.61 4374.13 4379.81 4376.14 4371.35 4368.08 4362.99 4357.96 4357.49 4355.83 4355.8 4355.26 4354.43 4353.44 4355.67 4364.38 4372.77
4493.68 4467.49 4444.82 4422.92 4407.59 4405.76 4425.21 4448.57 4459.4 4457.68 4452.81 4438.21 4426.74 4426.16 4424.01 4427.78 4440.77 4466.35 4477.3 4472.82 4456.53 4437.3 4420.54 4413.24 4425.24 4437.74 4432.43 4419.78 4406.24 4395.36 4388.92 4385.67 4383.54 4383.39 4382.75 4379.37 4376.68 4375.11 4371.52 4363.79 4357.5 4359.29 4365.64 4367.76 4362.79 4363.64 4359.23 4354.38 4355.01 4358.73 4363.06 4367.55 4370.45 4369.07 4364.46 4358.07 4354.99 4354.04 4350.63 4349.31 4351.69 4354.64 4354.43 4355.66 4361.04 4368.33 4379.34
4494.36 4468.75 4442.47 4423.96 4410.23 4410.41 4428.69 4450.94 4466.89 4461.46 4455.72 4453.97 4459.9 4477.61 4464.2 4454.51 4469.75 4479.49 4482.1 4479.49 4460.47 4440.56 4422.42 4411.42 4425.07 4434.99 4428.02 4415.34 4401.7 4390.59 4390.42 4385.7 4383.78 4383.14 4380.82 4379.18 4376.37 4373.9 4367.98 4360.97 4354.78 4358.66 4364.21 4371.85 4366.49 4360.75 4359.28 4358.03 4358.3 4359.53 4360.22 4361.21 4363.9 4363.5 4359.57 4354 4352.03 4352.02 4348.19 4345.97 4348.65 4352.17 4353.08 4354.6 4358.43 4367.32 4379.41
4496.78 4472.53 4446.14 4427.35 4416.44 4418.71 4431.48 4446.7 4460.29 4462.84 4466.44 4480.24 4498.76 4518.54 4506.15 4486.33 4486.34 4483.54 4484.38 4481.87 4461.97 4442.7 4425.41 4413.37 4426.15 4432.84 4422.54 4410.2 4397.41 4388.31 4386.93 4383.67 4384.89 4382.95 4379.16 4375.55 4374.02 4372.41 4370.54 4362.74 4356.69 4357.71 4365.13 4372.39 4368.59 4361.05 4360.46 4361.81 4362.66 4361.68 4359.58 4357.7 4359.51 4359.11 4357.5 4355.81 4351.76 4349.47 4345.51 4345.26 4345.64 4348.04 4350.1 4351.24 4353.53 4361.25 4371.11
4507.44 4482.42 4457.63 4435.74 4424.67 4427.13 4435.84 4446.71 4458.18 4468.56 4483.89 4512.44 4532.09 4553.79 4540.22 4511.95 4501.7 4497.06 4486.03 4473.63 4460.93 4445.14 4430.32 4420.96 4422.53 4421.98 4415.32 4405.15 4393.94 4386.6 4386.06 4385.85 4388.16 4383.55 4377.64 4373.56 4371.7 4371.41 4367.32 4364.71 4364.07 4359.9 4363.42 4369.73 4371.65 4368.44 4365.29 4365.51 4365.76 4365.59 4363.68 4360.26 4358.02 4355.69 4356.89 4355.51 4351.6 4344.28 4342.55 4340.81 4344.99 4348.01 4349.42 4349.11 4349.2 4353.92 4359.67
4523.74 4496.91 4468.77 4445.88 4436.23 4437.32 4442.95 4451.66 4462.79 4482.88 4502.97 4520.44 4538.46 4540.63 4529.85 4516.38 4509.52 4507.99 4492.46 4475.27 4462.48 4448.57 4434.94 4426.01 4415.76 4412.89 4409.26 4402.23 4392.57 4386.06 4385.8 4384.64 4382.91 4377.45 4374.82 4371.84 4369.58 4369.43 4367.86 4365.61 4362.01 4361.35 4365.15 4368.08 4370.32 4370.96 4369.62 4369.09 4369.03 4371.46 4373.86 4371.7 4366.15 4362.8 4360.83 4357.14 4351.93 4348.71 4345.05 4341.71 4348 4353.43 4351.35 4348.83 4346.86 4349.28 4352.02
4546.87 4519.41 4487.37 4457.3 4450.18 4449.37 4452.44 4459.96 4473.56 4499.38 4525.91 4540.73 4550.92 4540.33 4515.68 4511.71 4508.88 4504.78 4495.8 4482.77 4466.69 4451.49 4437.63 4424.04 4412.99 4409.2 4407.11 4403.71 4398.44 4391.98 4387.5 4383.05 4377.88 4374.97 4373 4368.47 4368.69 4368.94 4369.97 4367.33 4365.07 4368.72 4369.8 4364.6 4365.39 4368.5 4371.56 4373.72 4373.3 4378.76 4383.11 4380.39 4374.48 4370.6 4367.24 4363.13 4355.77 4352.53 4351.8 4347.14 4353 4356.33 4353.3 4349.95 4348.23 4348.83 4349.65
4574.79 4548.89 4513.31 4473.9 4464.55 4463.27 4464.86 4471.63 4492.11 4530.57 4556.24 4572.82 4563.23 4540.35 4509.01 4508.52 4507.46 4505.29 4492.68 4484.6 4468.7 4453.76 4440.71 4428.24 4413.31 4408.77 4406.55 4406.52 4408.09 4400.97 4392.33 4386.36 4385.85 4381.41 4374.8 4369.86 4368.13 4369.03 4368.38 4369.04 4370.28 4375.25 4373.31 4363.16 4359.63 4367.95 4375.81 4381.02 4386.68 4386.73 4386.35 4383.78 4380.09 4376.04 4374.78 4370.45 4365.96 4365.17 4362.72 4359.75 4362.54 4360.13 4354.74 4350.54 4347.43 4347.91 4351.24
4600.33 4574.53 4539.11 4497.94 4484.49 4484.61 4483.97 4487.23 4514.56 4573.63 4574.63 4569.37 4557.91 4531.32 4500.66 4498.22 4499.77 4491.49 4481.08 4472.49 4465.73 4454 4439.7 4424.74 4415.77 4408.16 4405.01 4405.22 4407.52 4401.14 4393.59 4390.14 4391.55 4384.13 4375.7 4370.93 4368.94 4371.65 4376.26 4377.87 4373.29 4370.59 4365.02 4357.82 4364.72 4372.45 4380.88 4386 4390.22 4388.37 4383.34 4384.26 4384.56 4385.27 4382.04 4377.4 4372.92 4370.85 4371.37 4367.86 4364.31 4358.39 4353.7 4350.39 4347.91 4347.78 4347.99
4621.25 4595.25 4565.64 4531.66 4522.07 4520.01 4515.23 4512.57 4525.66 4571.26 4574.67 4563.74 4551.6 4525.38 4501.06 4489.74 4485.24 4470.03 4469.31 4470.72 4465.15 4453.05 4439.6 4424.91 4410.58 4402.05 4399.08 4398.57 4397.41 4394 4387.27 4379.26 4376.47 4375.34 4372.75 4370.05 4369.95 4374.21 4381.85 4382.3 4371.83 4362.19 4359.83 4360.02 4367.85 4375.57 4382.53 4386.71 4390.19 4388.89 4384.29 4385.9 4387.25 4387.76 4384.13 4380.26 4376.5 4375.14 4374.2 4371.04 4354.97 4352.55 4352.08 4350.69 4349.36 4350.22 4348.65
4646.09 4626.12 4604.58 4584.03 4578.28 4567.23 4559.43 4552.67 4553.85 4576.91 4578.72 4567.71 4548.56 4519.29 4494.56 4479.97 4472.76 4465.75 4468.81 4474.3 4466.96 4448.97 4431.68 4411.67 4396.7 4391.71 4391.28 4390.94 4389.72 4387.49 4383.24 4378.47 4373.84 4371.28 4370.07 4368.15 4366.22 4373.07 4378.75 4378.34 4368.2 4362.06 4361.56 4363.52 4372.9 4378.4 4382.15 4384.92 4386.95 4388.9 4389.96 4388.56 4388.45 4387.92 4386.09 4380.7 4376.43 4372.64 4364.41 4362.97 4353.96 4352.13 4351.6 4351.01 4350.06 4349.7 4346.36
4663.73 4659.51 4646.27 4634.27 4625.74 4610.18 4604.33 4594.02 4586.66 4587.58 4585.32 4573.18 4552.16 4515.72 4489.67 4476.58 4474.82 4476.01 4476.74 4476.31 4462.22 4439.65 4417.64 4395.49 4384.87 4383.75 4385.11 4384.75 4384.01 4382.92 4381.4 4379.57 4375.87 4371.01 4370.66 4369.75 4369.56 4372.11 4377.28 4375.17 4370.57 4367.34 4366.36 4368.63 4379 4381.05 4381.56 4381.2 4381.14 4384.37 4388.82 4387.96 4387.86 4387.8 4382.74 4378.36 4373.68 4367.63 4360.05 4354.47 4356.47 4354.37 4353.44 4352.41 4350.63 4347.38 4345.26
4676.63 4689.47 4674.34 4660.28 4648.58 4634.36 4626.44 4612.01 4596.59 4592.23 4592.23 4573.57 4547.77 4514.38 4488.47 4479.48 4486.93 4487.49 4482.89 4475.07 4454.79 4428.71 4403.55 4388.57 4385.97 4385.71 4383.03 4380.09 4379.3 4379.83 4379.45 4378.21 4375.01 4373.66 4373.38 4373.36 4371.83 4367.74 4365.53 4368.5 4372.85 4370.29 4371.35 4377.12 4383.12 4381.02 4377.19 4374.48 4373.29 4375.73 4381.15 4383.47 4385.14 4385.26 4379.01 4375.35 4371.6 4366.66 4359.2 4354.95 4356.98 4355.72 4354.73 4354.11 4353.06 4350.05 4348.67
4700.2 4698.25 4671.36 4667.79 4658.36 4643.67 4625.25 4613.01 4600.81 4595 4592.34 4568.45 4540.51 4517.31 4497.21 4497.11 4509.44 4501.87 4491.81 4478.72 4450.72 4421.62 4399.67 4393.35 4389.94 4387.99 4383.75 4380.15 4378.89 4379.43 4378.66 4377.04 4376.78 4376.97 4375.88 4374.66 4370.29 4364.33 4359.45 4359.23 4366.32 4372.5 4375.56 4379.49 4383.01 4378.17 4372.75 4368.58 4365.56 4364.58 4371.15 4377.08 4381.92 4383.86 4377.1 4374.04 4370.84 4366.19 4359.11 4358.14 4356.44 4356.55 4356.38 4356.63 4357.46 4355.67 4354.54
4706.86 4691.31 4674.36 4671.7 4665.97 4652.69 4634.49 4616.52 4601.02 4600.11 4589.25 4567.13 4543.5 4523.77 4509.78 4508.52 4515.27 4518.1 4513.95 4487.25 4451.71 4419.09 4398.33 4393.58 4389.19 4385.85 4385.37 4384.76 4382.85 4381.94 4382.01 4381.03 4378.31 4378.71 4377.22 4374.76 4371.02 4365.5 4362.87 4361.8 4366.2 4377.04 4383 4382.25 4376.76 4374.96 4368.72 4363.36 4361.5 4358.92 4364.51 4371.13 4377.48 4382.67 4378.76 4375 4371.85 4368.45 4362.82 4358.62 4358.18 4358.02 4358.22 4358.87 4361.02 4360.61 4359.92
4695.07 4683.45 4678.87 4684.24 4675.85 4663.28 4646.46 4623.51 4607.9 4608.84 4590.78 4571.58 4550.96 4533.13 4523.15 4520.32 4517.5 4522.66 4520.88 4492.25 4460.23 4423.42 4399.72 4393.4 4392.46 4390.46 4388.46 4385.86 4384.57 4384.59 4385.54 4385.44 4382.68 4379.79 4377.7 4375.28 4372.12 4368.26 4368.91 4370.14 4372.96 4383.62 4391.99 4389.35 4379.63 4375.46 4368.29 4363.35 4362.62 4362.35 4362.39 4367.15 4372.66 4377.21 4376.9 4375.57 4373.1 4370.3 4365.75 4360.46 4359.97 4359.25 4358.26 4358.68 4359.04 4363.57 4374.77
4681.68 4678.31 4683.49 4692.16 4681.63 4669.95 4651.1 4624.48 4611.06 4610.58 4600.31 4586.66 4564.85 4544.43 4536.44 4531.33 4521.91 4519.57 4510.04 4487.87 4460.21 4433.65 4409.43 4400.97 4400.69 4402.45 4392.19 4386.22 4385.08 4386.08 4387.58 4387.7 4385.41 4381.87 4378.33 4374.97 4372.53 4369.54 4369.26 4371.65 4374.52 4390.48 4399.96 4391.99 4380.74 4377.17 4372.95 4369.75 4367.35 4362.66 4360.39 4364.65 4369.24 4372.06 4377.32 4376.7 4373.81 4370.06 4364.68 4357.2 4357.25 4357.43 4357.86 4359.22 4359.98 4366.61 4374.45
4664.37 4675.22 4685.46 4688.28 4676.01 4663.3 4643.2 4613.86 4601.51 4611.47 4612.14 4605.88 4580.02 4556.39 4548.46 4547.86 4530.76 4516.19 4501.27 4482.21 4457.89 4437.04 4429.46 4417.44 4407.93 4400.08 4391.9 4385.68 4385.38 4386.29 4387.34 4385.07 4384.95 4381.85 4377.39 4373.23 4369.1 4363.29 4360.63 4359.6 4377.58 4393.25 4397.73 4384.13 4374.37 4376.29 4379.32 4380.78 4375.8 4366.74 4361.93 4365.76 4370.16 4374.21 4376.79 4377.53 4374.2 4368.21 4359.95 4352.21 4351.65 4352.37 4356.84 4361.22 4365.99 4368.95 4375.26
