real_craters/C161-750m.grd
DSAA
156 156
-58.2575 58.2575
-58.2575 58.2575
3005.0385542441 5123.2080633198
[rows 114 to 151 of 156, columns 0 to 83 of 156]
4431 4433 4437 4442 4445 4445 4443 4437 4444 4442 4431 4427 4426 4426 4421 4413 4401 4392 4401 4420 4433 4424 4421 4423 4424 4400 4437 4422 4419 4404 4387 4368 4370 4384 4380 4390 4405 4410 4407 4415 4422 4426 4419 4431 4436 4435 4431 4424 4422 4425 4438 4464 4473 4473 4476 4464 4433 4421 4416 4408 4401 4399 4398 4394 4410 4433 4457 4482 4524 4523 4505 4494 4496 4514 4523 4535 4541 4532 4524 4501 4517 4515 4492 4457
4438 4437 4444 4447 4444 4441 4440 4443 4444 4445 4433 4424 4419 4416 4406 4398 4398 4402 4418 4422 4419 4414 4416 4420 4426 4418 4414 4418 4417 4406 4389 4377 4386 4393 4389 4396 4407 4408 4406 4414 4426 4427 4425 4431 4424 4415 4424 4430 4422 4442 4453 4478 4498 4498 4492 4467 4427 4421 4418 4405 4391 4380 4385 4398 4418 4450 4488 4520 4538 4545 4528 4508 4501 4516 4533 4550 4554 4548 4528 4510 4512 4493 4467 4462
4443 4447 4450 4454 4453 4443 4434 4434 4433 4441 4427 4419 4411 4400 4397 4392 4403 4415 4417 4420 4420 4419 4415 4414 4408 4408 4410 4428 4427 4410 4396 4390 4395 4394 4397 4405 4415 4406 4403 4408 4425 4451 4454 4436 4423 4420 4429 4434 4432 4454 4460 4466 4487 4511 4486 4457 4428 4420 4418 4400 4386 4378 4381 4394 4420 4465 4520 4578 4623 4605 4557 4522 4511 4510 4538 4564 4578 4566 4543 4526 4503 4468 4446 4434
4446 4445 4447 4456 4463 4440 4433 4434 4439 4436 4425 4414 4406 4398 4403 4402 4409 4419 4420 4422 4421 4415 4415 4415 4412 4413 4411 4426 4431 4416 4398 4390 4388 4382 4380 4392 4403 4398 4391 4397 4414 4441 4442 4430 4428 4424 4420 4432 4448 4456 4457 4476 4496 4507 4471 4437 4422 4412 4402 4388 4373 4367 4382 4389 4415 4474 4540 4610 4660 4625 4574 4532 4505 4510 4540 4577 4606 4573 4533 4519 4486 4457 4447 4447
4453 4454 4448 4451 4445 4433 4428 4433 4436 4430 4418 4408 4406 4406 4414 4418 4414 4414 4414 4418 4416 4414 4414 4416 4412 4404 4403 4411 4418 4412 4391 4376 4377 4375 4376 4388 4398 4395 4390 4392 4407 4428 4434 4431 4428 4411 4406 4428 4447 4440 4449 4454 4482 4476 4444 4425 4414 4404 4391 4377 4362 4367 4391 4398 4423 4479 4543 4608 4649 4594 4569 4530 4507 4508 4534 4567 4590 4548 4490 4462 4454 4451 4448 4459
4463 4449 4449 4445 4439 4432 4436 4444 4431 4429 4424 4409 4409 4419 4429 4420 4413 4409 4408 4418 4418 4413 4414 4412 4404 4401 4397 4395 4386 4394 4385 4376 4375 4378 4385 4402 4405 4397 4393 4390 4400 4418 4442 4427 4418 4407 4398 4423 4445 4437 4446 4463 4463 4453 4429 4412 4402 4394 4384 4371 4360 4367 4391 4405 4435 4474 4529 4586 4625 4612 4581 4536 4493 4494 4521 4542 4548 4517 4475 4453 4440 4431 4437 4457
4462 4450 4440 4444 4437 4434 4440 4442 4440 4436 4423 4407 4409 4414 4418 4412 4413 4416 4423 4426 4417 4415 4411 4408 4405 4408 4399 4393 4394 4397 4388 4376 4379 4384 4390 4394 4397 4392 4390 4398 4402 4416 4433 4428 4416 4409 4390 4411 4428 4420 4435 4448 4444 4445 4422 4402 4395 4391 4383 4367 4356 4363 4379 4393 4413 4451 4499 4552 4600 4624 4586 4530 4479 4496 4508 4514 4509 4499 4474 4445 4444 4439 4449 4452
4465 4460 4450 4449 4441 4448 4447 4447 4452 4443 4426 4416 4416 4418 4420 4422 4420 4421 4426 4418 4411 4410 4405 4405 4406 4411 4394 4392 4394 4385 4385 4384 4386 4389 4395 4393 4390 4388 4387 4387 4392 4405 4426 4430 4415 4409 4391 4406 4410 4412 4420 4425 4421 4415 4401 4395 4396 4403 4386 4366 4357 4362 4361 4376 4390 4419 4460 4501 4537 4577 4553 4492 4462 4485 4490 4491 4489 4480 4454 4447 4441 4432 4432 4430
4469 4462 4460 4448 4446 4451 4450 4446 4450 4430 4419 4425 4422 4415 4424 4425 4420 4417 4414 4405 4404 4400 4399 4400 4403 4415 4405 4393 4388 4382 4379 4386 4391 4393 4390 4389 4388 4383 4383 4383 4390 4402 4407 4417 4422 4410 4401 4410 4412 4408 4410 4417 4420 4411 4402 4395 4390 4390 4377 4369 4362 4362 4373 4376 4372 4390 4422 4450 4471 4487 4492 4477 4446 4464 4465 4467 4471 4475 4446 4443 4433 4432 4425 4423
4470 4459 4461 4447 4445 4450 4447 4449 4441 4417 4415 4423 4423 4415 4421 4420 4412 4410 4407 4408 4405 4399 4395 4395 4397 4403 4398 4392 4385 4380 4384 4394 4396 4400 4404 4402 4398 4394 4387 4386 4388 4395 4406 4419 4418 4423 4405 4405 4404 4399 4396 4407 4412 4417 4409 4392 4373 4355 4355 4353 4347 4361 4376 4379 4374 4381 4397 4409 4413 4417 4432 4435 4430 4436 4436 4436 4435 4430 4437 4426 4421 4433 4426 4412
4471 4467 4455 4445 4440 4439 4437 4448 4438 4419 4418 4422 4426 4427 4422 4416 4407 4404 4401 4398 4394 4395 4392 4387 4391 4393 4394 4390 4390 4390 4397 4394 4397 4402 4411 4413 4404 4395 4391 4390 4393 4402 4412 4419 4415 4409 4398 4392 4384 4376 4391 4397 4403 4421 4407 4383 4362 4345 4341 4341 4351 4367 4379 4385 4384 4385 4381 4378 4375 4366 4383 4394 4410 4422 4414 4405 4395 4389 4410 4414 4424 4437 4442 4421
4478 4468 4448 4432 4427 4430 4427 4444 4442 4433 4426 4424 4425 4421 4419 4415 4412 4405 4401 4394 4394 4390 4390 4387 4388 4397 4409 4409 4399 4403 4396 4393 4396 4401 4406 4411 4389 4390 4400 4407 4420 4425 4421 4413 4405 4397 4393 4397 4369 4364 4375 4384 4392 4415 4390 4369 4351 4340 4340 4347 4367 4376 4383 4385 4382 4379 4362 4359 4358 4360 4362 4378 4402 4411 4396 4379 4364 4359 4391 4412 4421 4425 4426 4415
4485 4463 4440 4424 4418 4412 4423 4456 4449 4450 4436 4423 4407 4402 4414 4423 4411 4404 4402 4402 4383 4387 4389 4383 4385 4391 4401 4394 4401 4403 4394 4393 4395 4398 4401 4406 4393 4401 4418 4423 4418 4416 4411 4396 4395 4394 4401 4410 4376 4369 4378 4378 4380 4382 4371 4355 4343 4344 4353 4358 4376 4378 4382 4386 4359 4330 4336 4343 4351 4361 4372 4389 4407 4401 4378 4360 4345 4349 4401 4406 4399 4404 4400 4401
4480 4459 4442 4427 4424 4422 4437 4449 4459 4458 4442 4427 4413 4402 4415 4425 4415 4411 4405 4401 4399 4391 4388 4384 4387 4391 4397 4400 4403 4403 4392 4395 4398 4400 4400 4402 4399 4413 4418 4410 4392 4390 4391 4389 4391 4392 4373 4364 4366 4367 4375 4377 4379 4379 4357 4347 4340 4345 4353 4361 4368 4368 4365 4355 4336 4319 4321 4331 4344 4359 4379 4398 4399 4394 4372 4348 4329 4334 4380 4382 4373 4375 4380 4387
4475 4460 4445 4430 4436 4441 4448 4428 4441 4448 4440 4427 4424 4423 4414 4410 4414 4418 4416 4406 4402 4396 4390 4383 4395 4400 4404 4408 4406 4393 4388 4400 4403 4403 4401 4398 4394 4404 4404 4388 4375 4379 4381 4380 4383 4385 4359 4350 4352 4361 4373 4368 4368 4364 4355 4346 4340 4343 4348 4352 4356 4354 4345 4330 4320 4313 4313 4320 4331 4348 4372 4400 4391 4382 4370 4340 4313 4311 4343 4353 4357 4362 4379 4365
4450 4440 4440 4430 4438 4451 4447 4433 4431 4429 4426 4418 4412 4414 4405 4398 4400 4406 4415 4404 4400 4399 4400 4404 4425 4421 4411 4405 4398 4394 4403 4409 4406 4404 4406 4402 4392 4385 4384 4364 4352 4368 4380 4375 4368 4358 4360 4363 4355 4361 4366 4349 4355 4355 4354 4354 4349 4350 4352 4352 4350 4343 4333 4321 4312 4308 4309 4313 4318 4323 4336 4374 4384 4382 4366 4334 4306 4304 4300 4326 4340 4346 4359 4348
4444 4436 4437 4426 4424 4445 4449 4425 4417 4414 4415 4406 4397 4395 4390 4385 4386 4396 4398 4396 4395 4395 4389 4418 4463 4443 4415 4390 4381 4391 4413 4408 4404 4400 4391 4388 4378 4365 4356 4353 4355 4367 4380 4372 4364 4355 4370 4360 4351 4352 4348 4344 4348 4358 4370 4372 4364 4359 4359 4355 4347 4338 4327 4316 4309 4306 4306 4308 4310 4308 4308 4334 4357 4366 4350 4328 4311 4306 4293 4305 4322 4329 4333 4336
4455 4443 4429 4428 4421 4431 4442 4422 4423 4420 4412 4399 4388 4380 4380 4381 4385 4387 4399 4398 4399 4399 4391 4423 4470 4446 4413 4384 4377 4390 4402 4400 4399 4397 4384 4374 4361 4356 4344 4348 4355 4361 4362 4363 4361 4365 4373 4362 4352 4349 4346 4347 4345 4356 4374 4382 4377 4362 4352 4354 4345 4335 4324 4313 4306 4303 4302 4305 4308 4311 4317 4314 4321 4331 4333 4323 4309 4309 4302 4294 4307 4322 4327 4335
4461 4441 4432 4429 4426 4430 4437 4428 4425 4418 4403 4395 4396 4382 4377 4379 4382 4388 4403 4410 4402 4400 4396 4410 4440 4428 4404 4384 4378 4381 4391 4391 4391 4390 4385 4368 4361 4353 4350 4355 4353 4350 4351 4350 4351 4366 4369 4363 4359 4352 4354 4351 4354 4359 4370 4374 4370 4361 4349 4350 4343 4333 4322 4311 4304 4301 4301 4304 4307 4312 4310 4304 4303 4313 4326 4320 4308 4307 4302 4303 4307 4318 4326 4327
4462 4444 4436 4433 4428 4433 4441 4431 4431 4415 4398 4389 4381 4375 4376 4381 4388 4396 4406 4406 4406 4401 4393 4388 4400 4404 4391 4377 4369 4382 4398 4392 4386 4381 4369 4356 4352 4354 4359 4363 4347 4340 4339 4346 4355 4364 4366 4371 4361 4365 4366 4365 4376 4371 4369 4364 4367 4362 4355 4346 4340 4331 4320 4310 4301 4301 4302 4304 4306 4305 4300 4299 4295 4292 4314 4309 4314 4307 4299 4295 4292 4307 4318 4315
4461 4449 4441 4439 4436 4446 4447 4432 4436 4427 4409 4389 4383 4377 4377 4383 4396 4403 4403 4409 4396 4398 4394 4389 4392 4388 4380 4371 4369 4392 4400 4388 4379 4377 4365 4345 4339 4350 4358 4359 4339 4335 4337 4351 4366 4368 4363 4362 4367 4378 4378 4371 4376 4379 4378 4379 4374 4367 4359 4351 4339 4329 4320 4312 4308 4305 4306 4308 4308 4307 4313 4302 4297 4305 4305 4298 4307 4304 4302 4299 4299 4303 4303 4301
4458 4452 4451 4451 4450 4454 4443 4446 4439 4424 4403 4387 4379 4373 4372 4379 4388 4394 4394 4392 4388 4393 4395 4387 4381 4378 4373 4369 4370 4392 4390 4375 4368 4371 4366 4340 4334 4336 4341 4340 4337 4342 4349 4357 4367 4369 4359 4362 4380 4386 4388 4392 4395 4393 4387 4384 4380 4370 4354 4347 4338 4329 4320 4312 4308 4307 4312 4313 4314 4322 4336 4314 4299 4303 4301 4301 4306 4313 4312 4305 4310 4304 4306 4297
4449 4446 4447 4455 4456 4452 4456 4440 4420 4406 4395 4394 4376 4368 4364 4371 4375 4377 4370 4377 4384 4394 4394 4393 4381 4374 4372 4372 4377 4393 4388 4376 4360 4350 4342 4331 4329 4332 4331 4332 4338 4345 4354 4362 4367 4371 4360 4366 4378 4382 4389 4401 4407 4399 4392 4386 4383 4374 4351 4341 4337 4328 4319 4311 4306 4305 4309 4311 4314 4318 4325 4316 4298 4294 4292 4296 4299 4316 4322 4308 4296 4303 4302 4301
4428 4430 4441 4447 4448 4451 4450 4422 4410 4394 4382 4386 4378 4370 4370 4367 4369 4368 4372 4375 4382 4398 4401 4394 4377 4371 4370 4374 4383 4395 4375 4361 4349 4340 4331 4328 4331 4339 4331 4330 4336 4346 4356 4369 4380 4377 4369 4375 4380 4383 4384 4397 4398 4395 4393 4392 4384 4368 4349 4347 4339 4327 4318 4310 4303 4301 4302 4305 4307 4307 4304 4304 4300 4296 4295 4298 4310 4318 4319 4307 4289 4298 4291 4296
4409 4416 4434 4440 4439 4441 4452 4400 4391 4387 4385 4387 4377 4370 4363 4363 4363 4360 4370 4373 4375 4384 4397 4390 4373 4370 4367 4367 4370 4357 4348 4338 4340 4344 4333 4332 4333 4333 4330 4328 4329 4330 4347 4368 4384 4386 4375 4376 4385 4384 4377 4381 4390 4391 4392 4385 4365 4352 4339 4338 4329 4321 4315 4309 4302 4296 4299 4298 4299 4300 4298 4296 4302 4302 4301 4305 4315 4319 4319 4305 4288 4287 4285 4291
4398 4408 4418 4425 4429 4429 4445 4392 4383 4384 4386 4389 4379 4369 4361 4359 4362 4360 4359 4361 4366 4375 4391 4384 4376 4365 4359 4353 4342 4330 4330 4330 4335 4333 4335 4339 4334 4331 4331 4328 4324 4322 4339 4361 4378 4389 4387 4377 4383 4382 4371 4375 4394 4389 4394 4385 4360 4352 4340 4323 4315 4315 4313 4311 4310 4312 4303 4298 4295 4303 4303 4299 4306 4306 4304 4300 4310 4315 4315 4291 4274 4274 4277 4274
4393 4401 4410 4416 4418 4431 4420 4391 4386 4386 4386 4390 4381 4371 4360 4359 4362 4362 4359 4356 4362 4368 4369 4357 4356 4352 4349 4345 4337 4327 4327 4327 4326 4330 4333 4335 4335 4332 4333 4333 4324 4319 4338 4361 4376 4380 4375 4364 4363 4365 4377 4397 4391 4385 4391 4382 4355 4354 4337 4325 4322 4315 4314 4314 4315 4317 4303 4293 4299 4312 4309 4309 4310 4307 4299 4303 4311 4311 4303 4282 4264 4266 4270 4265
4393 4411 4415 4410 4410 4425 4407 4392 4388 4389 4395 4392 4382 4375 4369 4366 4365 4364 4359 4358 4359 4356 4352 4349 4343 4342 4344 4343 4338 4335 4334 4331 4330 4333 4336 4340 4345 4338 4337 4342 4329 4322 4340 4361 4372 4361 4353 4345 4349 4355 4365 4370 4374 4370 4377 4377 4367 4344 4327 4319 4310 4312 4315 4316 4315 4311 4304 4299 4312 4318 4318 4312 4317 4312 4298 4301 4303 4305 4303 4286 4266 4268 4266 4261
4398 4412 4422 4413 4408 4429 4415 4396 4392 4397 4401 4392 4387 4382 4375 4367 4365 4366 4362 4358 4357 4352 4349 4344 4342 4342 4344 4346 4346 4341 4338 4336 4339 4340 4339 4342 4344 4341 4341 4344 4332 4326 4340 4359 4365 4356 4344 4341 4342 4352 4348 4350 4360 4360 4372 4375 4367 4337 4324 4318 4314 4314 4317 4322 4323 4316 4314 4314 4326 4338 4331 4321 4319 4312 4297 4297 4298 4302 4296 4283 4260 4262 4259 4254
4406 4428 4428 4416 4406 4424 4406 4394 4392 4393 4392 4388 4396 4396 4386 4374 4374 4368 4360 4356 4356 4351 4343 4341 4342 4343 4344 4345 4346 4344 4341 4338 4338 4338 4342 4348 4345 4342 4344 4339 4331 4327 4332 4342 4349 4348 4342 4350 4357 4359 4345 4351 4354 4358 4382 4373 4365 4349 4332 4322 4317 4316 4320 4328 4336 4346 4338 4317 4329 4350 4340 4328 4319 4306 4294 4287 4301 4304 4291 4267 4254 4257 4253 4257
4407 4415 4420 4419 4402 4429 4390 4391 4392 4389 4389 4389 4419 4410 4402 4404 4405 4384 4360 4355 4360 4354 4342 4341 4343 4344 4344 4339 4337 4342 4341 4339 4340 4340 4351 4358 4360 4351 4342 4332 4327 4326 4328 4328 4339 4347 4344 4339 4339 4337 4336 4344 4346 4362 4347 4350 4344 4350 4338 4325 4316 4317 4323 4333 4344 4359 4353 4326 4328 4349 4340 4329 4319 4318 4307 4299 4298 4304 4291 4265 4255 4248 4252 4258
4410 4415 4410 4403 4395 4419 4393 4392 4392 4390 4389 4390 4402 4409 4412 4416 4418 4397 4369 4364 4368 4355 4344 4341 4344 4349 4347 4341 4338 4341 4340 4338 4345 4350 4356 4362 4364 4354 4340 4328 4326 4327 4331 4336 4336 4341 4331 4330 4324 4325 4330 4333 4343 4364 4347 4339 4327 4330 4337 4326 4319 4317 4323 4335 4348 4358 4358 4349 4351 4344 4341 4334 4324 4332 4332 4323 4321 4309 4290 4267 4256 4255 4255 4255
4410 4411 4398 4393 4393 4403 4395 4393 4392 4388 4386 4388 4395 4405 4414 4419 4412 4403 4386 4386 4392 4366 4351 4341 4343 4349 4348 4344 4341 4340 4339 4334 4338 4342 4348 4354 4352 4345 4338 4329 4327 4329 4334 4340 4342 4336 4329 4337 4320 4333 4347 4338 4340 4356 4372 4352 4336 4347 4333 4321 4311 4311 4322 4336 4350 4359 4355 4366 4354 4346 4343 4346 4358 4375 4373 4340 4320 4312 4289 4271 4264 4268 4264 4255
4406 4398 4394 4393 4394 4395 4395 4393 4393 4389 4390 4391 4395 4406 4414 4422 4416 4403 4397 4398 4397 4370 4349 4341 4342 4341 4342 4347 4343 4338 4333 4332 4335 4339 4344 4352 4349 4341 4335 4332 4330 4330 4334 4344 4349 4328 4325 4336 4326 4332 4343 4334 4338 4355 4377 4366 4355 4333 4319 4310 4304 4307 4321 4340 4359 4378 4397 4378 4360 4350 4352 4357 4366 4370 4373 4356 4338 4308 4281 4271 4269 4269 4267 4256
4401 4395 4399 4401 4401 4399 4395 4394 4394 4390 4397 4393 4398 4402 4408 4415 4412 4400 4399 4397 4374 4361 4350 4346 4341 4338 4339 4340 4340 4338 4334 4334 4341 4337 4349 4359 4354 4339 4338 4333 4332 4332 4332 4344 4353 4333 4327 4325 4325 4335 4322 4324 4334 4354 4376 4364 4345 4313 4301 4296 4295 4300 4322 4348 4373 4395 4407 4394 4361 4358 4364 4365 4357 4347 4353 4371 4377 4320 4288 4290 4290 4266 4256 4248
4406 4416 4422 4415 4418 4427 4406 4395 4392 4388 4386 4386 4393 4391 4397 4406 4401 4389 4380 4369 4362 4369 4370 4359 4342 4339 4339 4341 4341 4339 4337 4338 4345 4349 4358 4363 4354 4338 4336 4335 4335 4335 4337 4347 4347 4336 4333 4327 4318 4321 4321 4331 4329 4331 4350 4350 4337 4300 4291 4296 4298 4305 4333 4362 4388 4410 4424 4433 4409 4397 4398 4387 4370 4355 4362 4375 4373 4329 4298 4287 4297 4274 4256 4248
4402 4407 4420 4407 4401 4405 4402 4397 4390 4384 4379 4380 4377 4368 4382 4399 4399 4378 4367 4358 4364 4382 4389 4370 4344 4341 4343 4344 4343 4342 4340 4342 4343 4356 4370 4359 4347 4340 4339 4340 4339 4338 4341 4355 4350 4333 4330 4328 4323 4326 4323 4321 4325 4334 4346 4332 4317 4299 4292 4301 4311 4330 4353 4376 4401 4426 4451 4474 4464 4457 4437 4416 4397 4376 4370 4374 4353 4323 4292 4291 4286 4295 4277 4261
4387 4387 4391 4390 4409 4394 4393 4392 4387 4377 4368 4370 4365 4357 4369 4388 4388 4377 4367 4366 4372 4369 4370 4359 4348 4345 4344 4343 4344 4344 4345 4344 4347 4364 4362 4346 4340 4336 4337 4337 4338 4339 4347 4362 4353 4342 4334 4330 4329 4330 4325 4318 4325 4332 4333 4323 4321 4304 4299 4309 4324 4352 4370 4387 4411 4444 4473 4499 4517 4525 4458 4425 4421 4414 4398 4382 4334 4308 4299 4298 4301 4305 4294 4274
