real_craters/C161-300m.grd
DSAA
389 389
-58.2575 58.2575
-58.2575 58.2575
3004.6647306478 5135.3941427189
[rows 210 to 239 of 389, columns 134 to 200 of 389]
4662.65 4649.41 4642.74 4638.93 4638.69 4644.51 4664.54 4700.64 4753.37 4812.1 4791.47 4673.72 4537.71 4421.6 4334.73 4250.44 4174.97 4111.72 4038.51 3967.54 3901.06 3841.23 3789.07 3754.06 3732.91 3722.83 3710.87 3689.35 3659.3 3616.37 3534.14 3461.71 3419.37 3389.45 3365.7 3344.34 3327.57 3312.22 3300.08 3285.66 3272.07 3258.37 3245.17 3231.78 3218.37 3208.88 3199.59 3191.27 3183.33 3176.34 3170.98 3170.6 3171.5 3180.53 3194.42 3209.43 3219.47 3225.69 3221.92 3216.91 3211.2 3202.66 3194.48 3184.84 3175.16 3161.06 3151.08
4669.13 4659.82 4652.73 4647.79 4647.43 4656.78 4678.27 4711.19 4759.56 4811.42 4795.41 4707.78 4590.74 4474.76 4387.47 4302.43 4231.66 4153.11 4076.45 4001.82 3932.53 3871.07 3821.02 3777.81 3752.05 3740.26 3729.33 3706.68 3676.23 3633.15 3554.07 3481.75 3435.83 3404.6 3378.76 3355.47 3335.33 3318.93 3306.62 3293.86 3279.91 3266.27 3252.54 3238.3 3223.94 3214.68 3205.99 3197.67 3188.34 3180.53 3173.73 3171.48 3168.75 3176.94 3190.01 3202.74 3211.46 3216.11 3210.83 3207.11 3204.08 3197.01 3183.72 3168.16 3152.28 3144.55 3144.08
4679.23 4670.95 4662.7 4656.73 4654.6 4666.22 4690.25 4724.51 4770.66 4827.63 4813.64 4742.75 4648.21 4536.59 4438.54 4354.57 4277.72 4196.49 4117.45 4038.77 3964.74 3899.27 3844.91 3802.9 3773.32 3759.33 3745.69 3722.6 3691.57 3646.02 3572.3 3502.37 3454.43 3422.68 3396.77 3368.33 3344.37 3328.19 3315.7 3303.22 3289.24 3276.11 3262.29 3248.85 3235.16 3224.9 3213.84 3203.48 3193.43 3185.48 3177.94 3172.6 3171.35 3177.99 3190.47 3203.23 3213.89 3219.43 3223.82 3225.3 3213.56 3196.77 3176.12 3154.4 3133.43 3126.94 3130.9
4688.27 4679.47 4671.14 4666.02 4666.51 4676.58 4700.85 4736.57 4782.19 4842.79 4829.86 4775.7 4702.01 4604.32 4496.79 4412.43 4333.92 4250.12 4164.1 4080.47 4000.39 3927.34 3870.66 3834.23 3806.11 3785.61 3764.46 3738.71 3707.56 3656.16 3587.99 3523.56 3474.25 3443.41 3417.08 3385.73 3357.62 3340.53 3327.66 3314.64 3300.61 3286.93 3273.66 3261.48 3250.74 3237.35 3222.54 3210.31 3199.01 3189.96 3181.94 3176.27 3176.13 3182.73 3195.29 3209.99 3224.26 3237.53 3255.27 3256.76 3228.62 3198.1 3170.91 3145.11 3121.85 3112.26 3113.85
4681.73 4679.26 4675.62 4673.69 4675.38 4683.6 4708.38 4742.75 4783.62 4828.85 4830.23 4803.13 4754.59 4667.15 4559.12 4475.02 4391.4 4303.28 4215.19 4126.88 4041.52 3963.76 3909.41 3876.27 3850.36 3822.3 3790.06 3756.76 3721.42 3666.6 3606.19 3547.04 3498.37 3468.34 3441.11 3408.89 3376.99 3357.4 3342.59 3328.58 3314.06 3299.38 3285.89 3273.5 3261.95 3247.69 3229.65 3215.47 3203.8 3193.46 3185.5 3179.81 3179.9 3187.22 3201.95 3219.56 3237.1 3253.1 3271.58 3267.46 3228.79 3194.29 3164.44 3138.37 3116.12 3103.64 3100.39
4662.16 4671.63 4676.17 4679.68 4683.65 4691.81 4713.84 4741.45 4771.03 4799.46 4819.7 4825.91 4808.22 4738.83 4628.31 4539.6 4452.36 4361.85 4269.85 4177.46 4088.55 4007.98 3956.86 3925.77 3899.32 3866.17 3823.93 3780.21 3738.67 3684.12 3633.2 3580.23 3529.9 3500.51 3473.3 3440.32 3402.48 3379.16 3361.7 3345.73 3328.99 3313.94 3298.6 3284.23 3270.97 3255.36 3237.17 3220.35 3207.37 3196.64 3187.7 3182.15 3181.63 3189.2 3207.97 3230.49 3250.71 3261.62 3266.59 3247.07 3212.05 3182.62 3156.25 3133.06 3113.77 3100.32 3092.79
4643.6 4661.89 4675.12 4685.87 4693.61 4702.17 4719.05 4737.64 4755.84 4775.81 4808.97 4837.43 4865.04 4800.67 4692.71 4603.73 4514.65 4421.84 4326.54 4232.28 4141.5 4062.08 4013.31 3982.13 3956.8 3920.73 3868.24 3815.85 3773.85 3718.08 3674.29 3625.8 3573.43 3541.65 3513.87 3481.55 3434.54 3405.96 3383.68 3366.03 3346.85 3329.61 3311.83 3294.87 3279.67 3262.69 3242.36 3223.86 3209.95 3198.5 3189.51 3183.32 3183.16 3191.21 3212.22 3239.8 3267 3276.09 3258.04 3226.28 3193.95 3169.44 3147.06 3127.91 3112.08 3100.79 3087.94
4628.51 4653.02 4674.11 4693.33 4707.09 4713.92 4724.26 4735.47 4746.35 4766.58 4797.39 4822.59 4840.48 4819.54 4742.73 4666.44 4577.67 4482.62 4385.73 4290.18 4198.59 4120.24 4072.7 4040.78 4015.8 3979.96 3921.2 3866.18 3829.42 3773.5 3729.96 3683.27 3628.39 3590.47 3558.81 3524.38 3472.14 3437.57 3410.81 3389.71 3367.05 3346.8 3325.59 3305.03 3285.35 3266.94 3245.27 3226.04 3211.65 3199.79 3190.27 3183.88 3183.4 3192.08 3211.78 3241.11 3273.43 3277.71 3242.38 3207.57 3178.5 3157.51 3137.94 3119.78 3104.94 3094.95 3080.79
4616.71 4644.91 4672.3 4699.63 4721.23 4724.95 4729.52 4736.59 4745.39 4766.65 4791.51 4805.99 4818.88 4824.73 4794.49 4729.27 4641.68 4545.09 4446.18 4349 4257.18 4180.72 4131.41 4095.33 4066.97 4031.43 3976.95 3927.98 3896.75 3840.87 3794.29 3747.32 3693.77 3643.76 3606.51 3568.56 3515.47 3473.45 3441.8 3415.37 3390.79 3366.1 3341.03 3316.3 3291.73 3266.85 3247.13 3228.19 3213.6 3201 3191.28 3184.16 3181.4 3186.91 3202.69 3228.35 3254.67 3249.98 3216.06 3186.84 3165.37 3148.24 3128.99 3110.16 3093.04 3077.96 3069.25
4608.01 4636.48 4666.61 4697.8 4725.6 4728.13 4729.43 4736.83 4752.2 4776.28 4797.65 4805.19 4812.91 4833.24 4836.14 4786.4 4699.91 4602.69 4503.37 4405.6 4314.26 4239.49 4186.9 4146.76 4112.37 4075.32 4030.51 3990.55 3960.83 3904.43 3858.39 3811.49 3759.11 3698.57 3655.18 3613.61 3559.67 3511.67 3475.66 3446.24 3417.28 3388.47 3358.97 3329.81 3301.62 3275.56 3252.09 3231.56 3216.85 3204.27 3193.94 3184.84 3178.46 3177.69 3187.25 3205.91 3222.82 3214.53 3189.88 3171.73 3162.07 3141.13 3121.5 3101.52 3082.49 3065.46 3057.27
4601.3 4627.61 4654.69 4682.94 4708.7 4715.32 4719.65 4729.46 4749.93 4777.86 4814.6 4836.91 4814.99 4841.95 4864.12 4829.01 4747.36 4652.03 4554.49 4458.14 4368.41 4294.95 4240.16 4195.32 4156.44 4119.33 4080.8 4049.41 4014.51 3961.8 3917.15 3871.1 3824.37 3751.21 3702.93 3659.11 3604.32 3551.95 3513.62 3480.99 3448.15 3414.13 3380.1 3346.4 3314.06 3284.18 3258.26 3236.83 3222.19 3209.68 3199.71 3189.22 3178.96 3169.05 3171.31 3185.74 3193.9 3185.01 3167.58 3156.74 3151.93 3132.24 3115.28 3096.63 3076.2 3056.89 3047.24
4596.53 4618.22 4640.16 4660.03 4676.52 4691.47 4702.55 4712.62 4727.9 4761.74 4815.74 4895.05 4833.24 4846.32 4870.85 4851.11 4779.76 4692.09 4599.99 4506.81 4417.26 4344.56 4290.72 4242.3 4198.5 4158.83 4124.04 4101.13 4063.24 4013.74 3967.39 3920.33 3866.87 3798.85 3749.63 3704.44 3650.85 3596.28 3556.28 3519.7 3482.32 3444.26 3404.81 3365.96 3329.16 3294.39 3265.91 3244.48 3230.31 3219.37 3210.74 3200.82 3189.79 3175.79 3172.41 3185.62 3184.56 3178.47 3162.49 3145.91 3130.65 3121.74 3114.18 3099.63 3079.86 3056.84 3044.4
4592.32 4610.33 4628.25 4642.62 4655.67 4672.25 4684.27 4696.29 4715.45 4746 4782.89 4798.76 4816.1 4841.1 4865.49 4856.37 4798.09 4722.91 4640.73 4555.14 4468.77 4397.81 4342.54 4289.21 4239.49 4193.3 4155.38 4132.66 4102.55 4056.11 4010.22 3963.19 3909.74 3842.89 3798.43 3756.04 3705.26 3648.63 3606.11 3564.97 3522.49 3478.79 3434 3390.21 3347.3 3308.13 3276.27 3257.15 3244.01 3235.31 3228.75 3222.27 3215.35 3208.88 3209.88 3219.98 3220.81 3213.33 3192.54 3161.59 3140.37 3131.68 3126.76 3114.68 3097.44 3075.28 3059.99
4587.67 4603.79 4621.21 4637.6 4650.48 4660.94 4670.83 4681.64 4700.36 4727.78 4754.32 4774.07 4797.64 4829.17 4848.75 4843.77 4805.4 4748.17 4679.5 4603.92 4529.37 4458.36 4397.4 4337.81 4280.82 4228.24 4182.01 4151.25 4120.78 4084.62 4044.83 4003.4 3958.17 3892.88 3851.44 3816.06 3772.8 3713.94 3664.07 3614.19 3566.22 3516.67 3466.9 3417.91 3371.15 3327.79 3293.19 3273.8 3262.41 3255.4 3253.35 3250.01 3251.55 3256.3 3268.39 3276.22 3280.76 3273.06 3249.98 3209.84 3184.57 3168.68 3158.5 3145 3129.09 3110.49 3095.94
4581.45 4596.51 4614.34 4634.16 4645.15 4651.14 4658.88 4669.05 4685.69 4708.48 4732.21 4759.14 4789.9 4817.34 4834.45 4832.6 4811.86 4772.62 4719.28 4654.2 4579.83 4516.82 4454.83 4389.56 4323.39 4261.73 4205.79 4172.72 4139.8 4107.25 4074.68 4039.82 4000.05 3941.45 3906.79 3878.44 3850.37 3786.03 3727.03 3666.66 3611.66 3556.75 3503.31 3450.5 3399.73 3353.47 3315.2 3295.29 3285.79 3282.65 3281.04 3283.48 3289.92 3300.32 3316 3326.07 3331.73 3327.52 3307.78 3269.28 3243.09 3224.89 3205.57 3186.6 3167.94 3150.57 3136.92
4572.94 4586.79 4603.4 4621.25 4631.77 4639.56 4647.76 4658.01 4673.4 4693.54 4716.66 4749.67 4782.29 4807.27 4825.79 4832.47 4823.41 4799.83 4763.17 4712.4 4650.64 4584.97 4517.05 4443.49 4369.85 4299.82 4237.27 4196.32 4156.53 4127.13 4100.81 4073.89 4043.98 4005.81 3959.17 3929.34 3902.05 3850.94 3784.83 3715.68 3655.94 3597.02 3540.73 3486.47 3433.87 3384.71 3342.25 3322.03 3314.18 3313.32 3314.76 3318.84 3325.41 3336.28 3350.94 3359.11 3363.52 3361.24 3350.5 3326.04 3305.77 3290.87 3259.88 3232.62 3209.45 3190.11 3172.25
4562.97 4575.02 4588.61 4603.58 4616.13 4626.83 4637.77 4649.42 4664.39 4681.72 4701.23 4733.08 4767.95 4795.58 4817.83 4831.9 4835.48 4829.33 4812.95 4780.23 4724.26 4660.34 4583.68 4501.92 4420.29 4341.55 4270.77 4225.84 4179.41 4148.48 4124.18 4100.78 4078.24 4051.49 4001.91 3964.95 3928.5 3883.5 3823.2 3756.7 3697.01 3637.92 3580.89 3526.58 3474.1 3424.08 3378.8 3357.28 3350.35 3349.39 3350.92 3354.01 3359.04 3367.06 3376.05 3383.07 3391.62 3396.71 3391.68 3377.89 3366.21 3348.24 3307.52 3276.99 3250.09 3227.33 3206.32
4553.44 4562.89 4573.41 4585.51 4599.65 4614.12 4628.83 4644.83 4658.74 4673.37 4690.71 4717.09 4752.8 4783.89 4809.35 4828.5 4844.05 4856.3 4862.31 4856.1 4815.36 4736.58 4650.06 4561.78 4473.86 4388.94 4313.86 4264.88 4211.32 4174.82 4149.48 4124.55 4099.96 4072.56 4028.97 3990.44 3954.8 3907.11 3849.32 3790.9 3735.83 3679.97 3625.14 3571.72 3521.48 3472.52 3429.72 3404.43 3395.19 3391.59 3390.84 3391.69 3393.43 3398.41 3403 3406.74 3419.14 3432.06 3430.33 3419.49 3408.61 3385.32 3345.46 3315.91 3288.88 3264.8 3241.25
4545.35 4552.19 4560.41 4570.27 4584.79 4601.4 4619.73 4638.21 4653.03 4667.21 4683.85 4711.26 4743.35 4773.48 4800.06 4822.73 4847.11 4874.24 4899.17 4915.14 4882.22 4798.71 4709.01 4619.22 4529.49 4442.46 4364.74 4312.36 4253.82 4208.57 4177.06 4146.68 4115.32 4080.28 4042.89 4008.45 3976.27 3932.29 3876.5 3824.7 3775.67 3724.8 3673.24 3623.26 3574.83 3528.37 3488.22 3460.27 3448.72 3440.49 3436.12 3433.39 3431.14 3435.95 3435.16 3438.76 3448.11 3465.07 3459.93 3448.09 3436.83 3415.58 3378.42 3350.86 3327.85 3305.27 3284.24
4539.02 4543.24 4549.43 4557.67 4571.55 4588.71 4607.86 4630.86 4646 4662.11 4680.47 4709.79 4737.71 4764.55 4790.16 4815.06 4844.37 4878.31 4912.88 4937.64 4909.59 4836.59 4755.7 4672.16 4585.21 4502.04 4428.27 4365.33 4300.84 4246.93 4208.43 4172.79 4134.69 4091.56 4050.81 4024.65 3999.49 3962.34 3909.25 3861.58 3814.71 3771.39 3724.44 3678.33 3633.14 3590.75 3553.9 3525.26 3508.79 3496.04 3486.78 3479.19 3472.57 3472.41 3467.01 3463.59 3469.63 3482.39 3479.04 3466.38 3448.32 3429.08 3403.02 3383.98 3367.83 3351.43 3335.82
4534.57 4536.79 4540.21 4547.95 4560.52 4576.03 4594.08 4616.61 4636.75 4657.84 4679.27 4708.64 4732.15 4754.86 4776.92 4801.29 4828.44 4866.85 4904.35 4927.62 4908.4 4856.08 4790.33 4718.61 4641.92 4565.86 4496.02 4418.83 4348.66 4287.73 4245.71 4206.11 4163.73 4117.42 4070.21 4048.56 4029.12 3998.53 3948.59 3903.82 3860.52 3821.58 3778.84 3736.77 3695.81 3657.21 3623.39 3595.91 3574.07 3555.36 3540.36 3528.34 3516.17 3507.02 3501.07 3488.42 3489.3 3496.15 3496.39 3485.1 3466.2 3448.36 3428.84 3420.45 3412.24 3403.1 3394.96
4531.59 4533.24 4534.52 4541 4551.24 4563.31 4578.66 4600.99 4625.62 4653.86 4682.06 4706.42 4724.73 4741.69 4760.06 4780.59 4804.5 4845.09 4884.49 4905.43 4897.54 4863.93 4816.79 4760.24 4698.17 4633.17 4566.56 4479.53 4403.98 4337.98 4291.57 4250.4 4207.49 4161.72 4111.63 4085.5 4068.52 4044.77 3995.51 3951.26 3910.86 3876.4 3836.92 3798.22 3759.42 3724.83 3693.2 3666.27 3639.97 3616.56 3597.46 3580.31 3564.28 3551.12 3541.45 3528.19 3523.94 3525.67 3522.8 3511.76 3495.54 3482.04 3469.06 3465.13 3463.55 3461.08 3459.1
4529.27 4533.1 4537.18 4539.87 4544.17 4551.14 4562.41 4582.74 4610.32 4643.44 4677.7 4700.88 4712.5 4725.17 4740.3 4758.26 4781.28 4820.5 4864.37 4891.85 4887.79 4865.59 4832.65 4794.42 4751.45 4701.79 4640.04 4546.73 4470.28 4400.81 4350.28 4307.53 4263.95 4218.21 4168.62 4133.43 4116.59 4096.06 4050.21 4004.76 3966.16 3933.92 3897.61 3862.17 3826.51 3793.37 3760.93 3731.47 3704.25 3678.79 3656.82 3636.17 3617.17 3599.82 3586.53 3574.42 3571.72 3568.47 3560.15 3547.97 3534.02 3525.99 3523.61 3519.46 3521.77 3524.89 3527.78
4525.56 4532.51 4540.6 4538.68 4537.11 4538.97 4545.92 4563.75 4589.76 4621.05 4656.16 4681.59 4691.34 4703.7 4717.61 4733.65 4754.89 4792.24 4840.75 4875.22 4872.79 4859.06 4841.06 4821.73 4799.16 4771.13 4717.73 4624.21 4549.48 4474.82 4422.45 4378.93 4334.92 4286.12 4233.03 4189.88 4171.98 4153.17 4109.72 4062.57 4026.45 3995.75 3962.88 3930.9 3895.87 3863.29 3830.15 3797.96 3769.69 3743.2 3718.84 3695.62 3673.37 3652.77 3636.03 3622.12 3622.48 3616.15 3604.65 3591.34 3578.7 3571.09 3585.77 3579.89 3587.42 3594.24 3601.35
4519.2 4526.22 4532.58 4531.3 4528.34 4527.14 4530.29 4544.8 4566.35 4590.85 4619.16 4641.38 4663 4679.82 4693.92 4708.04 4725.74 4758.13 4805.16 4838.8 4844.12 4841.46 4836.77 4832.99 4834.59 4840.24 4797.68 4718.27 4641.62 4567.7 4511.09 4465.51 4417.39 4364.61 4308.11 4256.7 4234.75 4215.02 4174 4125.39 4091.82 4063.6 4033.15 4002.93 3969.11 3936.37 3902.13 3869.54 3838.93 3809.79 3783.59 3757.82 3733.46 3709.95 3688.82 3671.09 3669.2 3665.37 3654.67 3643.21 3631.49 3624.81 3652.36 3647.64 3657.61 3668.05 3678.57
4510.71 4515.91 4521.06 4521.61 4519.87 4517.69 4518.78 4529.62 4545.4 4563.36 4588.22 4615.93 4641.17 4658.84 4671.59 4683.34 4697.96 4724.14 4761.87 4791.34 4806.07 4813.83 4817.98 4825.56 4840.75 4860.37 4849.68 4796.43 4737 4669.59 4610.69 4561.65 4508.97 4452.16 4391.2 4332.92 4307.46 4287.94 4250.15 4196.67 4165.36 4137.45 4109.3 4079.36 4045.47 4012.99 3977.61 3942.11 3908.16 3880.58 3852.18 3824.52 3797.88 3772 3747.84 3729.68 3722.96 3717.79 3709.99 3702.32 3694.47 3692.4 3724.28 3719.65 3732.52 3746.39 3759.96
4502.58 4506.38 4511.58 4513.57 4513.17 4511.44 4511.58 4519.51 4530.98 4546.01 4572.27 4605.72 4630.12 4642.54 4651.83 4660.4 4671.13 4689.93 4721.65 4747.9 4766.27 4777.55 4787.77 4799.48 4817.22 4844.12 4865.97 4862.5 4829.26 4768.46 4715.25 4661.99 4604.45 4544.78 4484.01 4418.03 4389.3 4369.46 4336.58 4281.64 4248.59 4219.8 4191.9 4160.53 4127.19 4093.36 4057.38 4022.06 3989.69 3956.96 3925.26 3895.91 3868.09 3840.82 3815.63 3795.79 3776.71 3773.93 3771.74 3769.1 3766.69 3768.85 3796.9 3797.32 3812.14 3829.39 3845.67
4495.89 4499.88 4504.95 4508.42 4510.56 4510.31 4509.88 4515.07 4522.44 4534.93 4560.33 4593.7 4618.45 4628.14 4634.16 4639.5 4646.34 4659.37 4685.06 4708.85 4726.83 4738.28 4750.15 4761.29 4776.26 4809.09 4852.84 4869.63 4865.85 4841.05 4818.34 4756.16 4694.17 4635.73 4578.55 4512.12 4478.45 4457.15 4428.31 4375.81 4339.69 4308.79 4279.55 4246.8 4212.25 4177.18 4140.34 4104.76 4070.08 4035.1 4001.86 3972.64 3943.7 3915.55 3890.8 3870.63 3839.41 3839.21 3841.58 3844.09 3846.96 3852.84 3877.22 3881.81 3898.22 3917.48 3934.71
4490.43 4494.37 4499.49 4505.79 4511.58 4515.39 4515.81 4515.69 4517.64 4526.25 4548.57 4580.27 4605.92 4613.69 4617.95 4621.51 4625.87 4633.9 4652.71 4675.03 4691.72 4703.66 4712.01 4721.23 4732.92 4769.65 4817.51 4834.36 4839.63 4863.66 4876.12 4822.03 4766.75 4717.62 4670.25 4611.45 4571.54 4550.21 4524.46 4474.62 4437.49 4406.42 4372.92 4338.16 4302.29 4264.72 4226.4 4186.85 4146.12 4114.25 4083.84 4054.39 4025.66 3996.37 3973.19 3957.67 3929.24 3918.13 3921.96 3928.01 3935.05 3945.69 3968.07 3976.08 3991.03 4011.88 4029.68
4487.41 4490.09 4495.77 4504.94 4514.2 4523.28 4524.56 4517.53 4514.28 4518.99 4537.48 4564.84 4589.45 4597.89 4603.31 4607.08 4610.95 4615.48 4631.71 4650.51 4666.02 4675.58 4680.91 4686.68 4697.47 4734 4773.8 4798.34 4815.12 4851.08 4869.17 4849.74 4817.44 4785.83 4753.56 4707.35 4664.86 4647.5 4629 4584.03 4543.31 4509.1 4471.37 4435.2 4396.06 4357.85 4316.99 4277.05 4236.39 4203.04 4172.44 4142.22 4113.99 4083.31 4061.54 4045.29 4020.79 4007.78 4011.83 4020.23 4030.8 4044.78 4065.24 4080.92 4091.86 4113.31 4133.07
