real_craters/C161-500m.grd
DSAA
234 234
-58.2575 58.2575
-58.2575 58.2575
3007.052556278 5127.3933547768
[rows 30 to 59 of 234, columns 67 to 133 of 234]
4528.52 4528.29 4528.22 4528.48 4528.47 4527.24 4527.71 4525.97 4520.54 4513.95 4510.64 4507.34 4501.2 4486.55 4480.55 4484.1 4490.08 4490.96 4490.73 4487.09 4483.54 4483.52 4484.18 4485.32 4488.63 4488.67 4475.41 4468.22 4468.52 4470.15 4470.8 4473.51 4477.86 4486.45 4484.41 4475.7 4474.82 4475.91 4478.02 4487.63 4497.25 4499.11 4490.86 4484.21 4482.18 4477.6 4478.03 4474.85 4466.3 4461.65 4461.09 4458.32 4455.19 4458.28 4461.48 4462.36 4461.63 4458.11 4454.78 4447.55 4441.33 4439.27 4442.27 4444.13 4440.01 4435.7 4431.22
4523.68 4526.26 4527.33 4527.62 4526.34 4524.62 4526.53 4527.29 4523.1 4518.43 4517.38 4515.94 4510.3 4492.49 4483.48 4482.94 4489.1 4491.28 4492.28 4488.01 4485 4485.45 4485.75 4486.2 4486.98 4486.14 4476.99 4468.4 4469.5 4472.1 4472.06 4471.65 4478.7 4488.36 4484.46 4474.22 4475.76 4482.03 4491.21 4497.09 4500.07 4504.87 4497.82 4486.9 4482 4477.48 4483.69 4479.97 4467.5 4465.14 4465.12 4461.27 4458.93 4457.44 4458.32 4460.14 4462.49 4459.89 4450.25 4441.18 4436.52 4434.75 4433.61 4427.95 4424.86 4428.15 4428.02
4521.87 4525.09 4526.78 4526.61 4525 4524.29 4528.69 4530.73 4530.54 4527.44 4526.13 4522.62 4515.14 4502.35 4493.55 4486.08 4484.82 4489.76 4492.24 4488.35 4485.23 4486.55 4486.34 4485.42 4483.54 4480.38 4473.09 4468.92 4471.31 4476.69 4475.97 4473.12 4480.39 4488.62 4484.92 4476.7 4478.9 4487.03 4498.35 4504.56 4508.75 4509.36 4501.68 4487.47 4483.14 4478.4 4479.79 4478.73 4472.54 4474.13 4470.08 4462.76 4456.77 4454.51 4454.73 4455.87 4461.28 4459.91 4448.1 4436.3 4429.39 4425.22 4421.82 4423.42 4427.74 4428.99 4427.93
4521.76 4525.16 4528.26 4530.34 4530.86 4529.69 4534.28 4539.04 4541.82 4541.59 4536.33 4531.03 4524.08 4515.99 4509.26 4492.93 4485.75 4487.95 4491.31 4487.29 4484.8 4484.62 4482.73 4483.45 4480.79 4475.12 4468.85 4466.68 4471.5 4478.07 4478.5 4476.93 4481.78 4489.91 4490.64 4480.9 4481.74 4488.02 4496.52 4502.94 4506.43 4507.55 4502.08 4485.4 4482.23 4482.19 4481.4 4480.72 4477.22 4476.21 4470.8 4462.18 4455.29 4452.98 4454.4 4455.02 4463.68 4464.01 4445.26 4428.59 4423.89 4421.47 4423.45 4437.44 4440.74 4435.72 4432.07
4522.61 4526.75 4531.12 4535.65 4539.45 4537.41 4539.7 4544.03 4546.8 4547.16 4545.21 4541 4535.48 4528.43 4516.37 4498.65 4487.75 4486.34 4485 4484.07 4484.09 4485.42 4485.2 4486.01 4487.72 4478.98 4468.97 4465.99 4469 4474 4477.5 4481.6 4482.95 4489.3 4489.45 4481.69 4483.46 4485.96 4488.49 4492.3 4499.75 4502.49 4495.5 4479.95 4481.73 4482.61 4483.27 4484.62 4478.11 4471.76 4466.32 4459.71 4454.83 4454.06 4458.54 4465.82 4468.6 4461.19 4442.39 4424.33 4422.62 4426.13 4430.62 4444.34 4446.07 4441.62 4437.61
4523.58 4527.63 4532.43 4538.1 4543.61 4541.33 4544.88 4550.51 4552.83 4553.33 4553.37 4553.09 4547.62 4539.09 4524.75 4504.1 4493.68 4487.38 4482.73 4482.55 4486.7 4487.48 4486.76 4487.19 4487.77 4477.79 4465.43 4463.82 4466.58 4470.31 4474.54 4477.49 4481.27 4491.12 4492.79 4480.12 4482.83 4483.71 4484.97 4487.55 4495.08 4499.26 4492.63 4483.65 4487.24 4483.06 4482.94 4485.63 4474.43 4462.45 4460.12 4457.54 4453.71 4453.48 4461.41 4471.65 4471.62 4459.97 4443.02 4425.06 4425.24 4431.26 4431.19 4440.66 4449.49 4446.36 4442.78
4523.62 4527.24 4531.74 4537.04 4541.41 4544.53 4549.65 4556.45 4558.55 4560.24 4560.97 4557.47 4556.09 4550.96 4531.36 4510.36 4500.07 4491.01 4483.65 4481.74 4488.5 4488.8 4486.58 4484 4481.92 4466.92 4459.54 4459.4 4466.06 4471.59 4474.49 4476.88 4484.6 4493.43 4492.4 4480.78 4480.52 4482.8 4486.09 4489.3 4490.76 4494.36 4494.96 4488.89 4483.02 4477.06 4469.2 4470.48 4469.69 4463.69 4461.57 4458.12 4454.34 4453.34 4462.23 4469.32 4469.35 4464.96 4447.88 4433.31 4431.25 4434.43 4436.04 4437.96 4447.34 4452.49 4448.38
4522.44 4525.59 4529.4 4533.78 4539.22 4545.35 4551.22 4559.43 4565 4568.57 4570.47 4569.11 4563.54 4558.87 4547.51 4524.47 4510.67 4497.74 4485.69 4479.92 4486.06 4488.36 4485 4478.68 4470.64 4460.02 4455.75 4456.3 4469.49 4477.43 4476.98 4475.83 4483.97 4493.12 4490.96 4480.79 4478.87 4482.8 4486.95 4487.98 4494.43 4499.62 4490.97 4490.55 4487.87 4479.81 4474.87 4477.31 4474.72 4467.33 4464.76 4460.67 4458.36 4458.52 4465.55 4470.35 4469.2 4459.17 4445.3 4436.55 4436.07 4442.87 4441.08 4437.88 4446.72 4453.63 4450.9
4519.83 4522.82 4525.86 4528.9 4532.46 4539.96 4549.06 4559.43 4570.34 4575.2 4578.76 4578.67 4567.74 4555.1 4552.5 4539.36 4522.43 4507.66 4494.25 4483.69 4486.52 4488.77 4484 4474.79 4465.3 4454.85 4450.25 4455.86 4472.42 4484.34 4478.81 4476.09 4481.56 4495.64 4492.86 4480.96 4478.11 4483.5 4490.42 4497.88 4502.48 4502.82 4494.63 4496.16 4495.09 4486.23 4481.73 4483.73 4480.4 4472.08 4467.06 4462.82 4461.32 4466.49 4468.82 4475.32 4477.13 4455.75 4439.98 4434.1 4434.43 4440.15 4441.21 4438.49 4449.94 4454.74 4452.93
4517.31 4519.72 4522.15 4524.23 4525.83 4534.27 4544.94 4556.23 4568.37 4576.47 4580.68 4580.17 4568.97 4560.74 4551.26 4547.46 4530.69 4519.81 4509.63 4497.77 4492.44 4488.37 4482.87 4471.65 4465.91 4457.4 4453.68 4457.19 4467.39 4474.72 4476.52 4475.73 4484.08 4497.23 4493.63 4481.67 4477.97 4484.76 4493.02 4501.49 4504.58 4501.97 4497.41 4496.12 4493.79 4487.91 4485.02 4482.09 4477.75 4472.33 4466.51 4461.85 4459.73 4456.92 4463.81 4472.96 4473.01 4452.79 4435.55 4432.44 4432.41 4435.76 4442.32 4442.39 4451.89 4457.66 4462.94
4515.54 4517.68 4520.08 4522.4 4525.83 4530.82 4541.22 4551.22 4564.23 4572.88 4574.92 4571.74 4562.33 4554.73 4547.38 4541.34 4538.04 4533.2 4527.07 4519.78 4501.97 4485.11 4479.14 4468.25 4465.94 4467.87 4464.33 4462.46 4467.94 4472.85 4475.34 4475.81 4483.41 4494.22 4491.96 4483.36 4480.96 4487.2 4493.52 4499 4499.19 4500.22 4498.82 4493.55 4489.54 4486.51 4478.46 4474.19 4471.1 4469.85 4465.18 4459.74 4457.13 4458.91 4462.87 4467.55 4468.76 4449.54 4432.98 4433.44 4435.86 4438.94 4444 4440.74 4460.66 4479.76 4485.47
4514.59 4516.65 4518.51 4520.45 4523.67 4529.5 4539.57 4551.04 4562.23 4566.84 4563.02 4557.43 4549.07 4540.29 4538.17 4537.71 4544.72 4545.63 4540.74 4533.42 4512.85 4485.1 4469.82 4466.21 4472.75 4478.53 4475.1 4469.04 4470.42 4474.15 4475.15 4474.16 4480.46 4493.98 4491.37 4485.2 4482.93 4488.71 4492.84 4490.73 4488.13 4496.7 4500.89 4495.45 4493.23 4488.84 4485.03 4483.74 4482.13 4467.85 4456.21 4453.24 4454.21 4456.78 4458.82 4461.98 4458.71 4444.67 4433.26 4434.79 4440.06 4441.6 4448.86 4448.59 4473.69 4511.43 4499.45
4515.61 4516.92 4518 4518.92 4520 4525.74 4535.83 4551.65 4562.24 4559.57 4551.74 4545.82 4539.65 4532.71 4533.12 4537.86 4553 4555.58 4548.81 4540.96 4525.26 4505.22 4479.65 4471.71 4476.87 4486.63 4482.07 4474.59 4471.9 4474.52 4475.85 4471.95 4473.39 4489.1 4492.2 4487.22 4483.55 4488.67 4494.6 4491.15 4485.55 4492.7 4499.48 4497.66 4494.68 4491.3 4487.54 4484.15 4482.25 4465.29 4445.03 4443.88 4453.81 4459.83 4460.09 4464.68 4453.53 4440.32 4431.95 4436.19 4440.73 4441.94 4445.75 4447.34 4475.19 4503.27 4505.83
4516.68 4517.57 4518.73 4520.31 4523.08 4521.52 4530.14 4542.65 4547.61 4544.06 4539.31 4539.98 4539.86 4537.12 4538.12 4543.24 4551.5 4554.11 4550.96 4544.37 4535.26 4527.5 4502.7 4481.68 4480.17 4486.62 4482.81 4478.34 4476.31 4476.3 4477.85 4472.23 4476.73 4494.82 4495.95 4488.41 4480.97 4487.09 4498.37 4496.26 4489.38 4491.17 4499.35 4508.21 4501.97 4496.1 4490.87 4484.61 4485.38 4464.5 4444.37 4442.92 4464.24 4485.48 4497.42 4486.81 4461.96 4444.05 4442.41 4442.25 4442.53 4449 4453.45 4456.66 4481.44 4509.95 4515.4
4517.45 4518.3 4519.62 4521.46 4525.95 4526.17 4530.1 4536.79 4539.08 4538 4536.31 4540.47 4547.4 4548.71 4545.45 4544.58 4549.19 4552.27 4552.23 4549.82 4545.9 4541.86 4531.26 4505.13 4483.82 4483.49 4479.75 4474.28 4473.97 4475.77 4478.71 4473.35 4476.81 4502.43 4501.65 4492.52 4482.2 4484.69 4497.91 4497.08 4490.72 4491.6 4501.3 4516.57 4512.97 4504.58 4501.97 4502.9 4480.17 4460.65 4445.36 4449.18 4482.88 4520.89 4547.12 4520.25 4474.09 4444.94 4449.87 4448.21 4446.86 4453.58 4464.62 4477.6 4498.02 4518.23 4516.02
4518.22 4518.82 4520.25 4522.79 4526.74 4526.26 4528.27 4534.16 4538.64 4542.96 4543.94 4543.95 4546.56 4549.94 4546.14 4547.1 4550.98 4554.92 4554.11 4553 4550.66 4548.98 4539.49 4528.27 4494.95 4481.38 4480.63 4475.87 4472.17 4474.47 4476.85 4480.29 4477.81 4502.34 4504.28 4497.6 4490.93 4484.51 4496.7 4495.12 4490.9 4490.4 4500.2 4532.05 4536.11 4517.03 4507.31 4498.8 4478.85 4463.26 4455.77 4464.74 4504.19 4545.04 4582.14 4540.95 4482.73 4445.25 4445.39 4451.08 4457.13 4466.66 4487.59 4508.79 4525.55 4532.87 4518.21
4518.36 4518.63 4519.51 4521.96 4523.22 4523.72 4523.57 4525.71 4533.82 4542.32 4540.98 4545.44 4549.58 4552.44 4550.9 4550.03 4551.66 4554.65 4556.01 4555.86 4554.34 4552.14 4546.05 4542.81 4515.19 4493.43 4491.4 4486.58 4475.3 4477.04 4481.54 4490.18 4479.88 4495.6 4502.82 4501.01 4497.47 4489.58 4489.83 4488.92 4487.32 4487.15 4501.88 4541.91 4542.9 4514.33 4509.23 4503.3 4486.75 4474.98 4479.19 4501.28 4525.9 4547.19 4554.9 4527.17 4486.05 4456 4461.76 4476.29 4489.8 4508.49 4524.31 4543.49 4556.25 4553.17 4535.59
4518.56 4518.01 4517.35 4517.53 4519.03 4521.21 4522.35 4520.74 4525.68 4529.43 4537.24 4543.77 4551.98 4555.29 4557.04 4556.38 4557.32 4558.51 4558.99 4558.86 4558.15 4554 4549.71 4543.18 4537.12 4518.42 4506.99 4502.66 4484.19 4482.71 4489.57 4500.7 4481.93 4489.96 4499.23 4504.15 4504.43 4495.06 4483.7 4484.44 4483.96 4487.71 4511.71 4543.63 4541.28 4518.2 4516.85 4510.9 4495.43 4487.03 4501.79 4530.22 4542.54 4543.94 4530.87 4512.16 4492.03 4475.88 4489.34 4512.74 4529.85 4543.61 4558.41 4572.18 4581.07 4571.37 4551.17
4519.66 4518.1 4515.98 4513.81 4515.71 4519.03 4522.36 4519.16 4520.35 4522.31 4530.75 4538.39 4543.4 4548.39 4556.59 4561.12 4563.82 4563.74 4562.84 4560.55 4557.79 4553.87 4550.59 4544.54 4539.98 4531 4513.29 4498.22 4486.14 4483.55 4498.24 4494.95 4482.56 4484.48 4496.92 4511.49 4517.5 4509.54 4493.92 4490.86 4488.3 4493.91 4531.01 4545.1 4547.96 4550.07 4533.74 4516.97 4502.06 4497.47 4513.85 4535.77 4550.98 4548.82 4536.01 4520.89 4510 4502.25 4517.9 4545.15 4575.7 4581.43 4585.88 4594.31 4597.4 4588.46 4570.75
4522.27 4518.87 4515.75 4513.19 4514.22 4516.87 4517.94 4518.15 4518.17 4518.85 4524.03 4532.01 4536.95 4549.8 4559.76 4563.31 4565.75 4567.28 4565.74 4562.38 4556.89 4553.83 4551.81 4548.96 4542.76 4533.49 4513.77 4487.56 4470.82 4475.2 4496.22 4495.14 4484.07 4489.31 4506.15 4527.56 4543.33 4552.19 4522.04 4509.69 4501.82 4503.45 4535.98 4546.64 4552.41 4562.77 4547.11 4533.52 4521.24 4515.76 4526.9 4542.17 4562.95 4562.88 4552.17 4539.29 4544.46 4545.35 4558.54 4581.19 4606.82 4605.12 4608.98 4612.91 4612.94 4605.7 4593.08
4524.84 4520.11 4516.48 4513.07 4513.85 4515.61 4518.09 4518.45 4518.25 4518.5 4521.93 4530.28 4537.55 4553.02 4558.58 4563.31 4566.5 4567.44 4566.43 4564.11 4564 4557.46 4552.41 4548.55 4545.01 4537.39 4522.77 4497.42 4472.92 4469.15 4489.97 4489.24 4484.37 4502.77 4527.42 4548.11 4568.99 4582.15 4554.74 4537.22 4526.73 4522.05 4545.82 4569.81 4574.67 4570.13 4561.73 4556.64 4552.43 4545.49 4548.66 4554.02 4577.02 4587.45 4591.87 4593 4598.01 4600.38 4612.49 4623.79 4632.19 4635.03 4631.74 4630.5 4629.35 4623.18 4612.28
4525.07 4520.41 4517.61 4515.69 4513.92 4514.28 4515.99 4518.24 4519.67 4520.87 4523.22 4529.7 4538.7 4549.49 4556.36 4561.53 4564.86 4565.26 4562.55 4562.99 4561.98 4559.75 4551.07 4546.52 4543.67 4544.08 4541.31 4525.5 4483.18 4461.64 4476.51 4480.68 4485.79 4508.07 4536.06 4566.94 4592.54 4600.16 4578.25 4576.31 4571.7 4567.45 4595.03 4630.63 4634.55 4615.99 4591.91 4579.48 4571.82 4576.09 4573.64 4575.08 4594.9 4612.38 4636.24 4666.05 4650.26 4639.6 4648.92 4681.22 4660.49 4655.69 4649.64 4644.21 4642.02 4638.51 4633.16
4522.94 4518.94 4515.55 4513.65 4513.44 4512.42 4513.47 4519.04 4520.41 4522.42 4523.49 4536.27 4543.17 4548.48 4553.39 4559.14 4565.27 4566.46 4565.56 4563.29 4561.99 4555.9 4547.45 4546.55 4546.37 4550.73 4553.63 4543.36 4496.37 4462.5 4458.33 4463.86 4484.13 4516.85 4549.81 4593.24 4626.73 4642.45 4639.28 4636.24 4638.29 4650.95 4675.63 4673.69 4657.56 4641.3 4622.77 4599.42 4580.23 4579.25 4582.31 4584.01 4600.43 4625.5 4655.04 4681.95 4671.93 4653.18 4645.62 4654.5 4648.99 4651.57 4650.35 4652.35 4653.83 4654.82 4654.64
4521.93 4517.72 4515.04 4517.09 4513.11 4510.5 4509.76 4514.61 4520.7 4524.58 4528.8 4544.2 4548.66 4547.17 4550.94 4556.16 4558.88 4559.6 4560.33 4560.61 4561.04 4559.98 4554.5 4551.7 4553.64 4553.74 4550.04 4537.42 4508.43 4477.13 4462.5 4458.39 4489.82 4538.77 4585.51 4631.03 4668.99 4700.95 4712.37 4695.76 4703.59 4741.39 4735.46 4677.07 4645.99 4645.52 4649 4615.19 4587.8 4588.08 4595.29 4595.92 4603.78 4630 4655.91 4671.64 4670.63 4660.11 4646.02 4643.51 4646.61 4648.78 4649.77 4659.76 4668.8 4674.39 4671.49
4521.88 4517.26 4511.84 4512.81 4512.78 4510.24 4508.92 4512.3 4523.09 4532.04 4534.46 4556.64 4557.91 4554.45 4553.82 4555.39 4556.32 4556.33 4555.29 4558.52 4560.73 4559.97 4555.6 4557.8 4558.19 4552.66 4547.11 4538.16 4523.86 4512.3 4481.36 4475.53 4513.3 4571.95 4634.56 4673.86 4697.42 4716.51 4714.52 4721.19 4734.93 4759.72 4728.54 4675.81 4641.97 4634.45 4638.16 4622.09 4609.26 4615.47 4627.78 4614.31 4611.36 4637.13 4658.39 4670.19 4675.83 4676.04 4668 4658.17 4668.89 4665.25 4664.17 4667.22 4678.13 4687.72 4683
4523.29 4519.72 4517.43 4516.52 4516 4512.74 4509.44 4510.46 4524.37 4536.34 4539.19 4556.15 4559.71 4557.09 4556.38 4555.9 4555.35 4552.81 4552.49 4555.95 4560.44 4562.57 4559.61 4562.37 4557.56 4550.61 4542.11 4537.61 4534.98 4529.77 4510.88 4505.22 4545.48 4605.69 4670 4703.75 4710.05 4711.81 4713.78 4727.82 4733.53 4731.37 4701.48 4675.61 4647.45 4624.25 4623.38 4624.9 4623.88 4630.29 4639.03 4629.71 4632.15 4652.48 4666.77 4683.15 4694.21 4694.93 4696.66 4681.68 4684.63 4672.26 4662.99 4664.64 4675.47 4689.09 4692.62
4525.23 4522.85 4521.21 4523.83 4524.38 4521.85 4516.23 4513.1 4526.93 4540.51 4542.41 4550.3 4554.26 4556.39 4556.55 4556.56 4556.63 4556.52 4553.41 4556.17 4559.1 4562.75 4560.39 4567.1 4565.48 4555.47 4541.46 4536.85 4540.15 4554.12 4547.73 4539.55 4582.02 4635.63 4684.62 4715.4 4726.65 4726.29 4729.38 4727.77 4711.81 4695.86 4686.82 4673.96 4652.22 4624.77 4628.77 4631.69 4633.23 4635.7 4632.99 4632.7 4639.32 4656.51 4669.47 4686.7 4699.64 4702.87 4696.65 4680.1 4678.31 4666.29 4651.29 4652.96 4661.7 4673.47 4689.53
4528.34 4526.9 4526.21 4530.32 4534.67 4540.16 4533.94 4524.59 4534.52 4544.61 4543.87 4544.35 4548.57 4553.7 4556.09 4557.29 4557.97 4557.22 4554.1 4554.55 4554.5 4557.19 4563.76 4567.49 4572.67 4564.78 4544.66 4537.93 4541.11 4565.89 4588.28 4592.31 4624.59 4668.1 4709.59 4740.48 4759.19 4751.13 4735.17 4710.6 4688.61 4673.08 4675.58 4661.21 4643.05 4625.34 4633.18 4636.17 4637.39 4639.63 4629.94 4626.43 4629.73 4644.54 4661.62 4679.49 4695.62 4704.24 4699.74 4673.9 4672.54 4654.47 4639.71 4637.96 4643.41 4652.76 4674.57
4531.12 4531.46 4535.93 4537.83 4541.41 4546.21 4541.34 4535.03 4542.35 4547.85 4547.66 4541.22 4546.95 4552.78 4554.92 4557.03 4558.8 4558.93 4555.31 4550.69 4548.09 4547.89 4561.53 4570.35 4569.89 4565.44 4549.12 4540.35 4542.75 4573.03 4609.49 4637.07 4663.09 4697.61 4738.17 4779.68 4770.61 4754.1 4731.51 4701.63 4676.02 4659.56 4654.86 4644.72 4627.34 4619.2 4625.27 4627.87 4628.26 4628.55 4620.73 4617.29 4616.87 4630.55 4650.41 4666.04 4680.53 4694.76 4703.36 4663.23 4642.24 4630.19 4623.5 4621.79 4625.01 4635.25 4656.79
4529.52 4531.35 4537.75 4541.17 4543.02 4541.21 4540.48 4537.1 4538.88 4545.08 4547.31 4544.18 4545.48 4549.42 4552.87 4555.73 4558.29 4560.92 4557.96 4550.05 4544.45 4544.14 4553.45 4560.55 4563.51 4560.85 4549.67 4541.34 4545.21 4574.83 4618.41 4662.16 4688.44 4715.36 4741.59 4753.5 4748.71 4736.25 4714.12 4686.83 4666.31 4651.86 4647.51 4636.22 4619.95 4607.71 4608.07 4609.32 4609.31 4607.6 4604.99 4603.45 4607.07 4625.89 4639.29 4649.02 4654.56 4665.86 4666.24 4642.81 4616.6 4607.09 4605.13 4604.01 4606.6 4614 4634.98
