real_craters/C161-500m.grd
DSAA
234 234
-58.2575 58.2575
-58.2575 58.2575
3007.052556278 5127.3933547768
[rows 90 to 119 of 234, columns 0 to 66 of 234]
4500.9 4494 4491.36 4490.61 4489.82 4488.51 4488.11 4485.71 4484.61 4485.35 4486.96 4485.7 4486.29 4487.37 4491.58 4495.18 4497.84 4509.02 4519.13 4514.29 4514.62 4508.83 4497.92 4492.11 4493.87 4499.37 4505.17 4507.13 4508.47 4504.82 4496.87 4492.88 4490.69 4487.22 4488.91 4492.57 4496.92 4495.41 4492.72 4492.59 4492.57 4500.17 4508.87 4512.69 4516.61 4520.54 4523.24 4525.13 4525.49 4527.33 4540.21 4555.39 4566.19 4576.17 4572.1 4564.25 4554.12 4543.92 4539.79 4544.53 4549.61 4549.31 4547 4544.67 4545.79 4547.01 4554.82
4499.14 4492.81 4490.72 4490.43 4490.39 4490.85 4492.21 4493.42 4492.41 4491.58 4489.97 4487.5 4487.72 4491.43 4492.89 4493.97 4500.54 4500.49 4514.44 4523.8 4524.93 4514.86 4497.87 4489.2 4492.75 4500.59 4511.54 4509.65 4501.21 4492.35 4487.14 4484.8 4484.8 4485.54 4487.95 4491.06 4492.86 4492.81 4493.19 4494.6 4495.11 4495.15 4498.65 4506.24 4512.24 4518.37 4524.01 4531.47 4534.72 4537.68 4542.3 4554 4562.38 4572.67 4568.42 4561.04 4553.44 4547.35 4547.9 4552.37 4550.17 4547.88 4545.88 4541.91 4537.89 4538.19 4543.18
4499.07 4494.07 4491.81 4491.35 4491.72 4492.65 4493.97 4496.53 4501.39 4501.45 4495.58 4491.64 4493.09 4489.73 4487.45 4487.85 4489.4 4491.54 4511.16 4525.66 4526.3 4515.12 4502.81 4494.38 4491.59 4500.22 4506.79 4499.95 4483.44 4477.4 4477 4474.37 4476.95 4482.54 4486.98 4490.66 4493.71 4496.49 4497.8 4500.35 4498.43 4492.8 4491.71 4501.15 4509.51 4516.71 4525.66 4536.54 4545.65 4554.47 4549.87 4556.04 4559.68 4559.15 4561.44 4554.51 4550.85 4553.13 4558 4560.21 4559.54 4554.1 4547.94 4541.32 4535.04 4535.28 4532.87
4497.52 4494.77 4492.74 4491.97 4492.74 4494.36 4497.5 4499.93 4503.7 4504.12 4498.88 4493.52 4490.2 4486.58 4480.97 4480.74 4480.71 4488.85 4505.58 4521.87 4514.99 4508.93 4501.85 4497.63 4498.74 4500.62 4499.64 4493.75 4483.99 4476.64 4473.85 4472.98 4476.37 4482.15 4487.43 4492.06 4497.04 4501.66 4505.09 4508.15 4506.48 4497.82 4495.41 4501.34 4507.57 4514.87 4523.61 4535.4 4547.5 4560.87 4559.17 4560.65 4560.33 4548.16 4546.15 4542.47 4541.53 4549.06 4555.35 4560.17 4561.53 4556.57 4550.02 4542.92 4537.44 4537.79 4534.21
4495.67 4493.41 4491.69 4492.01 4492.96 4494.64 4497.01 4500.91 4501.11 4502.17 4500.12 4495.99 4493.38 4490.49 4486.36 4481.89 4478.11 4481.83 4490.39 4495 4497.49 4500.88 4498.88 4495.69 4491.5 4489.07 4491.64 4490.45 4490.23 4477.97 4473.62 4477.37 4479.53 4484 4489.27 4493.9 4496.46 4495.59 4500.77 4505.58 4508.12 4506.41 4504.4 4505.01 4508.38 4514.68 4522.55 4532.26 4541.09 4550.74 4564.95 4560.89 4554.77 4542.51 4532.02 4533.56 4536.1 4541.95 4550.68 4555.82 4560.4 4556.02 4551.51 4545.2 4541.77 4539.54 4535.54
4494.63 4492.67 4491.85 4492.31 4493.62 4495.08 4497.27 4499.54 4501.79 4501.35 4501.59 4501.14 4499.86 4497.14 4495.01 4492.54 4488.08 4488.15 4487.4 4488.52 4495.68 4499.57 4502.5 4495.96 4489.23 4487.89 4482.7 4483.45 4481.98 4473.15 4471.27 4474.29 4479.6 4485.14 4491.03 4496.65 4500.93 4504.76 4501.16 4497.1 4500.45 4502.37 4504.31 4505.7 4508.75 4513.32 4520.74 4527.99 4534.02 4539.94 4550.7 4553.18 4553.22 4542.81 4528.19 4532.05 4541.89 4541.94 4540.87 4545.28 4548.15 4559.91 4552.52 4545.02 4540.91 4538.81 4535.34
4492.42 4491.86 4491.68 4492.68 4494.3 4495.55 4495.48 4496.7 4495.04 4495.52 4501.5 4510.51 4506.6 4502.47 4497.54 4496.04 4494.24 4495.91 4496.12 4495.02 4494.86 4499.14 4500.85 4495.58 4488.38 4485.64 4482.62 4477.76 4472.88 4469.88 4472.57 4473.72 4480.28 4486.74 4493.04 4499.69 4506.47 4510.24 4507.14 4502.2 4500.73 4500.7 4504.37 4506.67 4508.38 4511.42 4517.1 4523.33 4529.18 4533.19 4537.7 4540.01 4538.62 4529.95 4525.58 4530.49 4532.96 4533.3 4534.25 4536.96 4538.52 4547.76 4548.59 4543.75 4539.31 4538.85 4537.14
4492.27 4491.33 4491.01 4493.02 4495.84 4497.38 4497.36 4495.57 4493.16 4489.76 4497.58 4504.71 4508.7 4505.54 4500 4495.33 4490.18 4492.33 4495.65 4492.48 4490.36 4497.15 4501.59 4494.31 4484.53 4472.03 4474.55 4473.62 4470.85 4472.7 4478.08 4480.63 4483.2 4488.92 4495.48 4502.67 4510.41 4519.77 4515.01 4500.53 4505.06 4510.21 4510.19 4510.75 4510.16 4509.16 4512.03 4517.09 4520.44 4520.94 4519.46 4524.1 4526.75 4525.29 4521.19 4527.07 4533.99 4534.67 4533.04 4534.31 4537.44 4542.44 4547.88 4546.86 4543.78 4542.01 4539.51
4492.03 4491.43 4491.53 4494.66 4499.14 4501.83 4498.81 4491.62 4485.76 4487.4 4497.62 4510.18 4511.77 4509.72 4502.87 4496.21 4488.79 4488.51 4488.26 4486.4 4486.86 4492.56 4495.1 4492.03 4486.19 4483.11 4475.09 4472.64 4470.96 4472.64 4478.21 4479.32 4484.03 4489.55 4496.03 4502.66 4508.91 4512.53 4510.37 4508.31 4509.32 4515.79 4515.52 4514.58 4513.31 4510.06 4508.96 4513.97 4513.53 4511.03 4510.31 4514.86 4522.23 4528.87 4523.38 4523.07 4528.8 4530.14 4531.22 4533.71 4538.01 4546.73 4554.18 4556.68 4551.39 4545.66 4540.78
4492.58 4492.09 4493.15 4496.72 4502.93 4509.88 4510.76 4498.14 4495.55 4495.63 4501.37 4511.05 4512.52 4511.71 4504.69 4496.97 4491.21 4490.54 4484.97 4481.7 4484.06 4489.94 4492.25 4489.37 4485.81 4482.39 4477.42 4473.79 4471.27 4469.34 4475.06 4478.57 4483.14 4488.79 4494.67 4500.58 4504.97 4506.91 4506.37 4507.99 4512.4 4516.51 4519.36 4519.31 4518.76 4518.79 4521.27 4517.76 4512.61 4507.99 4502.69 4508 4521.29 4532.6 4531.73 4524.58 4525.05 4528.09 4529.2 4532.97 4536.87 4541.98 4549.81 4562.27 4558.24 4545.55 4537.07
4492.63 4492.13 4492.91 4496.29 4503.85 4513.49 4517.32 4507.24 4503.27 4500.24 4502.8 4507.63 4507.37 4505.74 4501.71 4497.74 4496.57 4494.15 4489.93 4485.41 4485.58 4488.59 4489.21 4486.95 4483.72 4480.31 4478.77 4475.62 4473.29 4472.34 4472.17 4476.47 4482.12 4487.61 4492.88 4498.82 4503.17 4506.68 4509.71 4511.55 4518.99 4523.86 4525.25 4525.2 4524.07 4525.44 4528.69 4524.54 4516.83 4509.98 4505.87 4509.74 4522.93 4534.63 4538.9 4531.62 4522.39 4523.04 4527.46 4532.75 4538.1 4542.05 4546.65 4549.54 4544.49 4539.73 4531.82
4491.64 4491.64 4492.06 4494.21 4500.59 4507.98 4511.03 4506.84 4502.03 4497.3 4496.01 4497.41 4499.16 4497.55 4494.69 4492.19 4490.9 4492.29 4490.24 4488.74 4487.11 4486.56 4485.86 4483.74 4480.97 4478.57 4477.09 4476.96 4475.76 4474.81 4474.14 4476.51 4481.72 4486.98 4492.32 4497.7 4501.89 4506.26 4511.06 4519.5 4526.59 4531.11 4529.64 4528.45 4527.98 4526.71 4530 4531.1 4528.94 4518.85 4512.42 4517.68 4527.72 4534.97 4539.17 4536.56 4526.87 4522.52 4526.86 4533.99 4541.48 4548.18 4544.26 4549.4 4542.29 4535.04 4526.37
4491.25 4491.73 4492.24 4493.04 4496.68 4497.74 4499.26 4500.09 4499.5 4496.62 4494.16 4493.51 4493.56 4491.45 4488.19 4485.37 4486.56 4490.43 4490.73 4489.72 4487.31 4484.31 4482.76 4481.32 4479.12 4477.2 4480.76 4479.35 4478.77 4479.17 4478.38 4479.71 4483.76 4488.55 4492.62 4497.54 4502.69 4507.3 4512.13 4520.41 4531.19 4533.07 4531.42 4530.54 4531.58 4533.79 4536.6 4535.72 4533.09 4525.42 4520.36 4526.29 4535.98 4541.05 4543.68 4544.88 4540.58 4527.51 4529.38 4536.19 4543.16 4549.41 4542.47 4546.17 4540.6 4532.14 4523.63
4492.22 4492.32 4493.33 4496.58 4495.86 4493.19 4493.15 4495.07 4498.75 4498.46 4498.72 4494.75 4491.81 4488.21 4484.2 4482.53 4486.54 4489.64 4489.58 4489.29 4487.19 4483.79 4481.94 4480.72 4479.77 4480.18 4478.38 4480.38 4480.61 4480.51 4478.44 4482.34 4485 4488.64 4492.43 4497.11 4502.54 4508.28 4515.05 4520.65 4523.76 4528.26 4528.96 4529.25 4533.13 4540.13 4538.92 4534.25 4532.13 4528.38 4529.2 4538.26 4543.46 4545.86 4546.56 4542.38 4543.71 4539.27 4536.11 4537.99 4540.43 4540.65 4535.24 4542.2 4536.68 4528.89 4523.85
4493.34 4492.96 4493.15 4493.34 4494.06 4496.92 4495.81 4494.58 4497.44 4499.37 4497.83 4495.85 4492.06 4488.37 4484.62 4481.16 4487.17 4489.61 4490.89 4490.29 4487.61 4485.07 4483 4481.08 4480.04 4480.21 4481.21 4482.71 4481.74 4480.48 4480.68 4482.91 4486.48 4488.89 4492.13 4496.63 4502.13 4508.37 4513.6 4518.97 4523.18 4523.95 4523.88 4525.06 4526.83 4530.28 4532.37 4527.62 4522.98 4528.75 4533.07 4538.64 4544.06 4545.02 4540.49 4537.74 4539.89 4542.58 4540.68 4538.8 4536.83 4533.32 4524.61 4523.74 4524.61 4521.75 4520.09
4494.49 4494.47 4493.53 4491.52 4492.25 4495.59 4495.2 4494.26 4498.67 4500 4499.2 4495.49 4492.29 4489.52 4485.93 4483.27 4486.79 4487.06 4488.4 4488.39 4488.94 4486.95 4484.59 4481.49 4478.41 4477.96 4482.08 4484.41 4480.6 4479.27 4481.95 4487.97 4486.66 4488.39 4491.71 4495.89 4501.08 4507.29 4516.76 4519.58 4523.42 4518.49 4518.49 4519.55 4519.11 4519.82 4527.58 4530.12 4528.9 4532.06 4536.17 4540.49 4544.87 4548.53 4549.85 4547.68 4543.5 4543.37 4542.52 4539.08 4533.72 4526.38 4517.87 4514.3 4513.63 4512.97 4511.88
4497.28 4497.29 4495.49 4493.28 4493.32 4497.05 4494.8 4492.95 4497.68 4499.55 4496.65 4494.24 4492.85 4490.54 4487.22 4484.3 4486.8 4488.46 4492.66 4493.96 4492.61 4490.95 4487.52 4482.77 4477.85 4475.63 4477.05 4478.86 4476.43 4475.64 4480.12 4479.29 4482.27 4485.78 4489.53 4493.45 4497.55 4501.33 4504.26 4505.26 4511.64 4509.1 4510.47 4513.17 4516.66 4522.42 4528.33 4535.4 4537.66 4537.18 4539.37 4543.28 4551.7 4554.52 4558.82 4560.63 4555.13 4550.13 4546.92 4540.23 4532.57 4523.46 4513.03 4504.79 4506.84 4506.66 4506.31
4504.39 4502.81 4499.69 4496.21 4495.92 4496.59 4494.62 4494.05 4498.84 4500.54 4497.49 4494.8 4493.37 4491.86 4489.22 4486.52 4487.59 4490.85 4493.59 4492.07 4495.15 4496.66 4490.47 4484.49 4479.22 4475.71 4474.11 4474.67 4471.99 4469.72 4473.26 4474.86 4477.96 4482.2 4486.08 4489.79 4493.14 4494.83 4493.73 4497.76 4502.17 4500.36 4504.76 4509.95 4515.19 4522.85 4529.31 4531.43 4535.81 4539.89 4542.75 4546.38 4551.79 4555.96 4560.67 4559.95 4555.69 4551.9 4547.86 4540.33 4531.99 4523.81 4515.18 4507.3 4508.13 4506.2 4501.82
4516.83 4511.46 4505.23 4498.62 4492.98 4494.6 4493.09 4491.47 4493.75 4494.26 4494.62 4494.5 4492.37 4491.58 4492.69 4489.9 4484.96 4486.59 4490.38 4489.83 4493.3 4495.54 4491.15 4485.39 4480.28 4476.67 4474.12 4472.5 4471.49 4469.89 4470.34 4472.72 4475.73 4479.56 4483.03 4486.42 4488.96 4492.04 4492.9 4489.21 4490.36 4494.77 4499.82 4506.54 4515.68 4526.77 4532.68 4536.7 4540.12 4543.69 4546.42 4548.95 4551.44 4555.34 4556.6 4555.53 4553.89 4552.12 4547.17 4540.17 4533.16 4525.59 4516.71 4517.75 4516.39 4515.05 4512.07
4526.06 4519.94 4511.77 4502.97 4493.3 4492.84 4492.54 4489.6 4484.74 4482.36 4485.27 4488.67 4487.22 4487.34 4485.88 4484.34 4483.49 4485.13 4487.42 4487.94 4491.74 4493.95 4489.94 4484.39 4480.42 4476.77 4474.88 4473.59 4474.27 4475.43 4473.35 4471.91 4474.37 4477.45 4479.66 4481.87 4484.36 4487.58 4488.27 4482.63 4481.35 4487.11 4496.29 4503.48 4509.45 4522.08 4535.33 4546.29 4546.11 4547.52 4550.5 4552.79 4554.63 4557.04 4558.16 4560.9 4558.35 4558.89 4548.68 4540.84 4535.47 4530.66 4528.84 4526.58 4524.44 4522.89 4519.23
4535.54 4527.9 4518.78 4510.62 4503.86 4497.88 4491.57 4485.47 4479.76 4477.49 4478.89 4479.75 4480.24 4479.78 4478.05 4479.62 4481.56 4486.17 4488.74 4485.09 4488.77 4492.77 4487.76 4481.62 4475.67 4474.87 4475.36 4476.07 4477.81 4477.86 4478.14 4479.21 4478.06 4476.89 4476.82 4477.45 4478.18 4479.13 4480.55 4478.11 4479.55 4490.21 4497.01 4503.12 4510.89 4520.93 4532.13 4545.06 4545.93 4548.36 4551.97 4556.28 4561.02 4560.8 4559.46 4558.22 4562.82 4561.63 4548.57 4541.45 4537.57 4534.84 4531.93 4531.27 4529.51 4526.93 4523.72
4540.48 4531.29 4523.31 4517.24 4512.51 4503.61 4492.67 4484.28 4478.71 4474.64 4476.02 4475.29 4477.44 4474.8 4471.21 4471.45 4477.01 4482.55 4484.11 4481.94 4485.31 4490.23 4484.29 4478.68 4475.44 4474.08 4475.58 4479.1 4479.46 4479.42 4479.22 4479.96 4477.18 4475.09 4474.08 4473.73 4473.12 4471.07 4473.41 4482.26 4484.88 4491.72 4496.95 4502.19 4507.32 4518.66 4525.95 4528.28 4539.64 4546.16 4550.27 4557.32 4563.91 4561.73 4559.11 4557.2 4554.98 4551.51 4545.93 4541.35 4539.32 4540.86 4542 4539.22 4537.58 4532.94 4529.5
4531.45 4527.96 4523.38 4519.44 4515.97 4506.43 4494.5 4485.66 4479.83 4477.23 4478.03 4482.8 4483.19 4479.51 4474.64 4473.25 4473.84 4476.92 4482.82 4484.78 4489.08 4483.58 4478.89 4474.16 4471.48 4471.67 4473.61 4476.3 4476.21 4477.28 4476.99 4474.91 4473.55 4472.11 4470.64 4469.72 4469.32 4470.6 4471.81 4473.44 4474.37 4482.06 4490.06 4499.62 4511.11 4519.24 4525.79 4531.21 4537.06 4543.26 4549.08 4553.53 4557.42 4555.16 4555.94 4556.35 4549.48 4541.16 4536.95 4533.77 4536.74 4541.56 4547.83 4548.61 4543.02 4539.1 4534.08
4519.77 4520.98 4519.29 4517.1 4514.47 4504.81 4494.43 4486.89 4480.54 4476.39 4479.39 4483.7 4485.62 4484.76 4478.42 4475.94 4474.16 4474.42 4479.32 4487.23 4486.25 4476.79 4474.01 4469.5 4466.38 4468.19 4470.49 4472.2 4473.75 4475.48 4474.79 4473.63 4470.92 4468.74 4466.96 4465.85 4464.48 4464.04 4463.83 4467.27 4469.19 4472.29 4480.93 4492.28 4507.94 4518.65 4525.77 4530.6 4537.02 4541.62 4543.53 4547.53 4549.03 4547.36 4550.75 4554.33 4544.13 4536.49 4532.35 4530.72 4532.67 4535.62 4538.22 4536.98 4535.82 4530.46 4532.9
4511.63 4514.38 4513.3 4511.08 4507.84 4501.21 4496.06 4488.56 4482.48 4478.55 4479.01 4481.41 4483.96 4484.41 4480.45 4479.45 4476.59 4474.94 4478.28 4485.9 4485.15 4475.84 4473.69 4468.88 4465.1 4465.92 4466.76 4467.78 4471.18 4472.4 4472 4471.61 4468.89 4465.29 4464.09 4462.81 4459.81 4454.74 4453.43 4450.96 4452.93 4455.42 4461.55 4479.3 4499.75 4516.51 4532.22 4537.73 4539.22 4541.4 4538.98 4541.78 4544.56 4543.6 4544.68 4545.3 4537.31 4533.5 4532.34 4528.65 4528.19 4527.96 4522.88 4522.38 4528.71 4531.14 4532.93
4505.85 4507.64 4506.13 4503.01 4499.68 4495.04 4494.04 4487.72 4482.8 4478.54 4477.14 4475.76 4476.38 4480.56 4479.57 4479.37 4473.86 4476.01 4481.87 4485.24 4483.77 4482.13 4478.41 4473.34 4468.81 4465.89 4464.16 4464.14 4466.79 4467.76 4468.66 4467.86 4464.39 4462.49 4463.38 4462.95 4460.88 4456.67 4451.13 4446.23 4444.91 4447.3 4452.34 4467.23 4485.82 4512.81 4536.98 4541.71 4541.06 4540.31 4534.65 4535.77 4537.06 4539.9 4537.55 4535.56 4535.11 4537.72 4532.08 4527.07 4525.1 4521.99 4520.16 4522.16 4530.1 4533.24 4531.16
4502.77 4503.61 4498.89 4494.83 4489.35 4487.3 4486.06 4482.82 4478.14 4472.14 4471.58 4469.42 4468.6 4478.31 4480.61 4479.95 4475.88 4488.22 4496.37 4489.62 4489.02 4492 4484.33 4477.22 4471.37 4466.67 4462.77 4459.52 4466.07 4466.27 4467.32 4465.39 4462.53 4463.88 4465.04 4465.62 4465.74 4463.93 4458.19 4454.24 4457.72 4462.27 4463.96 4474.31 4491.04 4510.97 4524.97 4534.87 4538.11 4535.9 4530.42 4529.32 4526.88 4523.21 4525.51 4525.6 4527.16 4525.19 4524.37 4524.41 4524.78 4526.34 4526.3 4520.48 4517.44 4522.11 4523.81
4501.03 4494.29 4490.94 4488.33 4486.52 4484.33 4481.89 4477.07 4471.79 4465.69 4465.24 4466.05 4468.09 4474.73 4477.11 4479.93 4486.69 4495.15 4499.5 4491.42 4488.92 4493.36 4486.05 4478.07 4472.47 4468.09 4464.92 4464.07 4467.38 4470.07 4471.18 4469.04 4467.27 4469.74 4468.07 4468.78 4470.83 4471.12 4468.55 4469.15 4473.98 4482.58 4492.9 4498.21 4506.57 4516.07 4524.32 4529.84 4533.14 4530.91 4527.19 4525.29 4521.64 4518.69 4527.56 4527.39 4527.09 4523.11 4522.37 4521.83 4524.69 4533.41 4535.01 4525.71 4515.93 4513.56 4518.56
4496.38 4486.57 4483.71 4481 4478.78 4477.15 4473.7 4472.36 4472.23 4471.21 4464.72 4467.07 4472.6 4475.5 4474.85 4477.61 4483.53 4495.9 4492.73 4494.93 4484.15 4488.61 4483.08 4477.36 4472.64 4470.06 4469.03 4470.66 4475.42 4481.98 4479.23 4473.95 4468.98 4468.56 4469.76 4471.47 4472.81 4473 4472.14 4474.18 4480.18 4489.13 4500.74 4505.16 4514.7 4523.72 4530.75 4531.63 4531.32 4530.33 4526.08 4524.61 4523.01 4523.8 4529.21 4530.7 4523.93 4519.05 4521.05 4521.15 4523.46 4535.05 4538.08 4531.98 4525.18 4515.6 4520.47
4488.67 4484.07 4479.7 4475.78 4472.45 4469.96 4464.61 4469.23 4475.87 4474.58 4470.66 4473.35 4478.57 4479 4478.32 4474.22 4468.94 4468.62 4472.57 4484.56 4487.8 4482.87 4476.45 4471.54 4471.78 4472.36 4473.32 4476.05 4484.57 4493 4487.44 4480.4 4473.22 4470.54 4471.51 4474.83 4477.03 4477.03 4476.02 4477.32 4481.9 4489.38 4496.71 4510.18 4521.78 4529.27 4534.33 4533.34 4531.07 4529.49 4526.06 4524.76 4524.47 4525.42 4525.75 4526.92 4524.7 4518.99 4520.42 4520.27 4521.46 4531.18 4535.42 4530.69 4523.42 4518.46 4524.35
