real_craters/C162-750m.grd
DSAA
157 157
-58.38 58.38
-58.38 58.38
2814.7614675367 4970.2374792715
[rows 0 to 37 of 157, columns 0 to 83 of 157]
4241 4252 4248 4250 4253 4254 4257 4260 4263 4256 4249 4250 4251 4250 4254 4252 4255 4251 4251 4250 4249 4245 4240 4237 4236 4239 4244 4247 4248 4240 4234 4236 4236 4242 4249 4256 4255 4248 4238 4320 4283 4283 4201 4273 4219 4203 4176 4160 4163 4144 4121 4118 4114 4114 4108 4107 4104 4098 4100 4104 4101 4099 4099 4101 4101 4106 4111 4116 4118 4118 4117 4113 4106 4105 4108 4104 4103 4104 4103 4101 4099 4097 4095 4097
4247 4248 4251 4253 4256 4258 4257 4258 4267 4261 4255 4253 4253 4251 4255 4251 4245 4245 4246 4247 4247 4245 4242 4240 4244 4242 4244 4246 4245 4237 4241 4239 4225 4249 4253 4261 4267 4254 4244 4243 4290 4293 4257 4214 4193 4183 4163 4161 4163 4140 4126 4118 4114 4111 4111 4108 4105 4103 4103 4102 4101 4102 4101 4101 4102 4106 4111 4114 4115 4115 4114 4110 4110 4110 4115 4105 4103 4102 4100 4099 4098 4097 4097 4097
4247 4246 4254 4256 4259 4264 4267 4259 4269 4270 4259 4251 4251 4255 4253 4248 4246 4245 4244 4247 4247 4247 4245 4241 4237 4239 4242 4245 4248 4240 4245 4238 4238 4239 4245 4247 4252 4241 4241 4232 4248 4250 4237 4200 4173 4174 4172 4158 4132 4128 4123 4119 4116 4113 4112 4110 4108 4106 4104 4101 4102 4104 4103 4103 4103 4107 4111 4112 4112 4111 4108 4108 4109 4113 4116 4108 4104 4101 4099 4097 4097 4095 4096 4097
4250 4247 4255 4257 4259 4263 4264 4260 4267 4260 4259 4253 4250 4255 4252 4251 4244 4246 4252 4249 4248 4248 4249 4249 4236 4236 4238 4243 4247 4238 4259 4250 4247 4244 4238 4225 4228 4245 4236 4230 4240 4236 4215 4193 4178 4170 4164 4155 4158 4134 4125 4121 4118 4115 4114 4114 4111 4108 4105 4102 4102 4104 4106 4104 4104 4105 4105 4110 4110 4109 4108 4103 4105 4110 4115 4114 4107 4103 4099 4097 4096 4095 4097 4099
4256 4250 4254 4255 4255 4256 4259 4260 4258 4257 4258 4253 4252 4252 4251 4250 4244 4247 4249 4249 4244 4249 4251 4249 4241 4235 4234 4237 4249 4248 4240 4252 4252 4244 4236 4228 4220 4213 4237 4249 4242 4230 4209 4190 4176 4164 4155 4147 4137 4132 4125 4120 4118 4115 4113 4113 4110 4108 4105 4101 4104 4109 4108 4104 4100 4100 4108 4109 4108 4107 4106 4104 4105 4110 4116 4112 4108 4104 4100 4097 4095 4097 4101 4102
4255 4253 4252 4252 4252 4252 4255 4257 4254 4248 4253 4249 4247 4248 4245 4244 4244 4246 4250 4249 4253 4250 4251 4250 4242 4233 4227 4225 4230 4248 4230 4238 4240 4233 4229 4229 4217 4204 4214 4213 4230 4212 4196 4179 4162 4145 4141 4138 4135 4130 4124 4121 4118 4114 4111 4107 4108 4107 4106 4103 4102 4105 4106 4103 4100 4100 4102 4105 4106 4107 4103 4099 4103 4108 4109 4111 4109 4105 4101 4097 4095 4105 4107 4105
4245 4248 4248 4250 4251 4252 4256 4260 4256 4257 4251 4243 4246 4248 4247 4244 4242 4241 4240 4243 4239 4243 4244 4241 4232 4227 4220 4214 4213 4248 4224 4224 4227 4226 4223 4220 4218 4214 4206 4197 4195 4189 4184 4170 4148 4137 4140 4134 4130 4133 4126 4122 4117 4113 4110 4107 4106 4106 4104 4100 4099 4102 4103 4101 4100 4100 4099 4102 4106 4107 4101 4097 4099 4102 4104 4110 4109 4106 4102 4099 4097 4112 4110 4106
4237 4242 4247 4250 4253 4253 4253 4253 4254 4260 4254 4242 4249 4244 4245 4247 4243 4236 4235 4238 4242 4240 4234 4228 4225 4220 4214 4211 4218 4238 4216 4215 4218 4217 4216 4217 4213 4217 4209 4206 4198 4184 4182 4177 4165 4154 4140 4132 4128 4130 4127 4122 4117 4113 4110 4107 4106 4104 4103 4100 4099 4099 4100 4099 4099 4100 4098 4100 4105 4112 4114 4096 4095 4097 4097 4111 4108 4105 4102 4100 4098 4108 4109 4106
4235 4239 4245 4251 4256 4255 4253 4248 4246 4253 4254 4245 4240 4244 4245 4244 4242 4241 4238 4241 4238 4235 4233 4225 4220 4216 4210 4208 4216 4233 4209 4208 4212 4212 4212 4210 4211 4211 4206 4197 4187 4184 4183 4185 4185 4129 4134 4132 4127 4123 4124 4122 4118 4113 4109 4106 4106 4104 4101 4100 4098 4098 4097 4097 4097 4094 4095 4098 4103 4108 4112 4098 4094 4095 4097 4099 4103 4104 4103 4102 4101 4105 4106 4103
4239 4241 4245 4251 4257 4263 4256 4248 4242 4239 4248 4253 4257 4243 4243 4246 4240 4234 4235 4235 4231 4231 4236 4223 4220 4215 4209 4206 4212 4218 4203 4203 4208 4209 4209 4212 4206 4204 4201 4190 4176 4179 4183 4186 4184 4165 4143 4134 4128 4118 4120 4117 4115 4112 4109 4107 4107 4106 4103 4101 4100 4097 4097 4097 4096 4094 4093 4094 4101 4107 4107 4104 4096 4094 4095 4099 4102 4105 4107 4106 4102 4106 4103 4099
4241 4242 4245 4249 4250 4249 4257 4250 4241 4240 4244 4245 4244 4247 4242 4240 4239 4236 4232 4228 4224 4223 4228 4226 4219 4213 4208 4205 4213 4214 4203 4203 4205 4206 4205 4211 4206 4205 4202 4189 4179 4179 4180 4182 4180 4171 4152 4138 4128 4116 4116 4114 4113 4112 4110 4108 4107 4106 4104 4100 4093 4097 4102 4098 4096 4093 4092 4092 4097 4102 4106 4110 4105 4097 4095 4098 4102 4106 4111 4115 4113 4103 4102 4099
4241 4245 4244 4246 4249 4253 4257 4249 4239 4241 4245 4242 4247 4245 4243 4237 4240 4239 4233 4227 4224 4222 4224 4225 4219 4215 4209 4206 4212 4211 4201 4206 4205 4204 4205 4209 4209 4208 4201 4190 4181 4172 4176 4179 4178 4170 4157 4139 4125 4118 4112 4113 4113 4112 4110 4109 4108 4106 4103 4100 4098 4098 4098 4097 4095 4094 4094 4093 4095 4097 4103 4111 4110 4100 4093 4096 4101 4108 4115 4123 4126 4109 4107 4104
4243 4238 4242 4245 4247 4247 4248 4242 4235 4237 4239 4242 4253 4236 4230 4240 4242 4244 4235 4230 4226 4223 4218 4214 4215 4214 4211 4212 4209 4206 4206 4201 4204 4206 4205 4208 4213 4206 4196 4188 4189 4186 4181 4184 4185 4174 4156 4135 4121 4120 4117 4113 4112 4112 4113 4109 4107 4106 4105 4101 4099 4098 4096 4096 4096 4095 4095 4094 4094 4095 4096 4105 4114 4101 4094 4095 4100 4109 4118 4126 4129 4123 4116 4110
4243 4240 4241 4244 4246 4245 4243 4238 4234 4234 4234 4238 4240 4234 4237 4236 4236 4234 4233 4232 4229 4222 4221 4217 4214 4213 4212 4213 4212 4205 4200 4204 4204 4208 4212 4208 4213 4208 4202 4192 4186 4189 4185 4189 4195 4177 4143 4128 4120 4117 4117 4114 4113 4111 4109 4108 4107 4101 4099 4099 4098 4096 4095 4095 4095 4095 4094 4094 4095 4097 4094 4097 4100 4098 4096 4097 4101 4111 4120 4127 4128 4129 4127 4119
4245 4241 4242 4245 4247 4246 4243 4240 4242 4235 4238 4238 4233 4231 4234 4237 4233 4231 4231 4237 4229 4221 4217 4214 4214 4213 4212 4210 4210 4207 4203 4199 4203 4208 4211 4210 4214 4211 4203 4202 4195 4192 4189 4189 4189 4183 4131 4124 4121 4118 4116 4114 4113 4111 4109 4109 4108 4108 4103 4098 4092 4089 4092 4094 4096 4097 4095 4096 4094 4092 4093 4094 4097 4098 4099 4101 4105 4113 4122 4129 4131 4131 4134 4127
4243 4241 4242 4245 4245 4248 4245 4240 4236 4234 4236 4239 4237 4234 4234 4238 4232 4228 4227 4225 4223 4223 4220 4213 4213 4212 4211 4211 4213 4209 4207 4202 4202 4206 4208 4213 4213 4214 4222 4216 4202 4202 4194 4188 4181 4186 4147 4130 4120 4119 4118 4115 4114 4112 4111 4110 4110 4108 4106 4100 4096 4095 4095 4096 4097 4099 4097 4094 4093 4093 4093 4094 4096 4103 4104 4108 4109 4120 4127 4132 4134 4135 4139 4134
4238 4239 4241 4245 4252 4251 4249 4242 4236 4236 4234 4238 4236 4239 4233 4235 4234 4230 4226 4222 4222 4223 4220 4216 4213 4211 4211 4218 4213 4207 4203 4201 4200 4203 4206 4204 4214 4215 4216 4214 4209 4204 4202 4188 4176 4177 4175 4143 4120 4117 4116 4116 4115 4113 4112 4111 4111 4110 4107 4103 4101 4101 4098 4098 4100 4100 4102 4095 4092 4091 4091 4092 4095 4095 4110 4116 4124 4126 4131 4136 4134 4134 4150 4143
4239 4238 4239 4241 4242 4247 4247 4243 4239 4236 4234 4233 4236 4233 4236 4232 4230 4228 4226 4225 4224 4222 4222 4218 4215 4213 4212 4213 4215 4205 4205 4201 4199 4200 4202 4207 4212 4213 4210 4213 4214 4212 4205 4189 4175 4171 4182 4149 4120 4122 4125 4121 4119 4115 4112 4112 4111 4108 4108 4105 4102 4097 4100 4102 4102 4102 4102 4098 4095 4092 4092 4092 4102 4117 4120 4121 4118 4126 4136 4145 4143 4137 4157 4149
4241 4238 4237 4236 4237 4244 4246 4242 4240 4243 4235 4232 4234 4233 4231 4230 4231 4228 4226 4225 4222 4224 4223 4219 4217 4216 4218 4218 4211 4204 4202 4201 4200 4200 4201 4202 4210 4212 4212 4214 4216 4216 4205 4191 4178 4176 4180 4145 4119 4126 4144 4140 4127 4117 4113 4114 4115 4117 4111 4107 4104 4101 4102 4102 4103 4103 4102 4099 4095 4097 4099 4112 4122 4131 4132 4131 4134 4136 4140 4140 4146 4156 4162 4148
4238 4239 4238 4236 4237 4245 4245 4240 4238 4235 4235 4237 4233 4240 4230 4228 4230 4227 4226 4224 4222 4225 4220 4219 4217 4215 4213 4215 4211 4205 4203 4201 4198 4201 4202 4204 4209 4212 4213 4215 4215 4216 4212 4193 4179 4172 4169 4143 4125 4136 4153 4151 4135 4117 4115 4116 4116 4114 4113 4109 4107 4105 4103 4103 4103 4103 4105 4104 4101 4102 4103 4116 4133 4141 4142 4140 4137 4140 4148 4151 4151 4150 4139 4140
4241 4241 4239 4238 4239 4243 4243 4240 4240 4242 4237 4235 4238 4244 4233 4225 4226 4226 4225 4223 4221 4222 4222 4219 4215 4212 4211 4214 4211 4204 4202 4200 4200 4200 4201 4203 4211 4214 4216 4216 4216 4215 4204 4191 4180 4170 4165 4162 4151 4149 4148 4159 4146 4132 4123 4120 4118 4117 4113 4111 4108 4105 4105 4104 4103 4102 4102 4100 4097 4104 4118 4132 4146 4150 4148 4147 4151 4157 4156 4166 4154 4147 4138 4136
4249 4244 4242 4240 4241 4242 4241 4240 4240 4239 4236 4232 4235 4238 4230 4227 4227 4226 4224 4223 4221 4220 4218 4216 4213 4209 4206 4216 4210 4203 4203 4200 4199 4201 4203 4206 4211 4215 4219 4216 4217 4214 4203 4188 4179 4171 4170 4180 4172 4164 4167 4166 4158 4146 4136 4128 4119 4115 4114 4112 4110 4109 4107 4105 4103 4100 4098 4097 4096 4110 4135 4151 4157 4156 4151 4148 4146 4144 4146 4145 4147 4142 4138 4135
4245 4245 4243 4240 4239 4240 4238 4238 4238 4239 4237 4234 4236 4235 4231 4227 4227 4226 4224 4223 4222 4218 4217 4214 4211 4208 4207 4214 4209 4204 4203 4201 4200 4203 4206 4212 4214 4216 4220 4220 4218 4217 4205 4189 4181 4177 4176 4198 4180 4172 4171 4173 4172 4162 4150 4139 4128 4120 4117 4113 4111 4108 4106 4105 4102 4098 4093 4090 4098 4122 4151 4161 4162 4158 4151 4143 4134 4124 4130 4134 4138 4139 4140 4132
4249 4245 4242 4239 4237 4234 4234 4234 4233 4235 4238 4239 4237 4236 4232 4229 4228 4227 4226 4224 4221 4220 4217 4214 4211 4208 4211 4209 4206 4206 4205 4203 4202 4202 4206 4209 4215 4217 4218 4217 4218 4217 4210 4194 4187 4186 4194 4178 4179 4171 4168 4188 4186 4178 4161 4150 4140 4132 4123 4117 4111 4107 4104 4105 4104 4099 4093 4091 4100 4127 4157 4163 4159 4155 4148 4140 4131 4127 4126 4129 4131 4133 4132 4127
4245 4242 4240 4242 4235 4231 4231 4231 4230 4232 4237 4237 4235 4235 4235 4233 4232 4229 4227 4224 4221 4220 4218 4215 4212 4209 4208 4202 4204 4206 4206 4204 4203 4202 4207 4211 4216 4217 4218 4219 4220 4218 4211 4201 4192 4186 4186 4178 4175 4167 4160 4160 4184 4173 4162 4154 4151 4138 4128 4121 4113 4107 4103 4107 4108 4103 4099 4100 4102 4133 4160 4162 4157 4151 4145 4139 4134 4130 4126 4127 4128 4127 4121 4118
4236 4237 4237 4233 4231 4230 4231 4231 4226 4230 4234 4236 4237 4236 4236 4232 4234 4232 4229 4227 4223 4219 4218 4216 4214 4211 4211 4205 4205 4204 4205 4204 4203 4203 4206 4211 4216 4219 4220 4220 4220 4219 4211 4203 4194 4183 4168 4168 4173 4169 4161 4152 4144 4152 4156 4153 4149 4140 4131 4122 4116 4110 4107 4107 4106 4106 4104 4104 4115 4146 4154 4152 4148 4146 4143 4139 4136 4135 4133 4131 4129 4126 4123 4109
4234 4234 4235 4236 4232 4230 4231 4230 4230 4230 4230 4235 4234 4237 4237 4237 4236 4233 4231 4229 4226 4210 4216 4217 4215 4213 4209 4206 4208 4205 4204 4204 4204 4204 4206 4211 4215 4219 4221 4220 4221 4222 4216 4205 4195 4186 4173 4185 4177 4171 4164 4157 4159 4156 4154 4153 4145 4142 4135 4125 4117 4109 4104 4105 4109 4108 4108 4106 4111 4141 4144 4147 4146 4144 4142 4140 4138 4137 4141 4137 4130 4124 4118 4107
4234 4234 4234 4233 4232 4232 4231 4229 4229 4230 4230 4231 4229 4233 4232 4234 4233 4234 4233 4231 4227 4222 4218 4218 4217 4215 4207 4197 4205 4205 4204 4205 4204 4195 4204 4209 4214 4217 4218 4218 4215 4221 4215 4203 4195 4195 4197 4180 4172 4176 4183 4196 4162 4157 4154 4158 4163 4145 4134 4126 4118 4111 4105 4103 4106 4107 4110 4109 4110 4140 4144 4145 4146 4145 4143 4141 4139 4137 4137 4136 4129 4122 4116 4129
4237 4235 4234 4234 4232 4233 4235 4233 4231 4231 4233 4231 4231 4233 4230 4231 4233 4233 4232 4232 4228 4222 4220 4218 4218 4217 4210 4210 4207 4203 4205 4206 4205 4206 4203 4207 4212 4217 4219 4219 4222 4217 4210 4193 4192 4200 4203 4179 4170 4180 4184 4190 4171 4157 4152 4145 4141 4140 4134 4128 4121 4113 4107 4105 4105 4108 4110 4109 4106 4138 4150 4147 4146 4146 4145 4142 4139 4136 4134 4134 4128 4121 4113 4122
4240 4236 4236 4236 4237 4235 4233 4232 4232 4231 4230 4231 4230 4231 4231 4233 4236 4234 4234 4234 4235 4225 4220 4220 4219 4215 4210 4211 4209 4206 4206 4209 4208 4205 4202 4206 4211 4215 4217 4218 4218 4210 4202 4190 4188 4201 4202 4162 4191 4183 4179 4178 4161 4160 4152 4143 4137 4137 4135 4131 4125 4118 4110 4108 4109 4108 4111 4110 4106 4135 4158 4154 4153 4151 4149 4145 4142 4138 4135 4132 4128 4124 4122 4122
4238 4234 4235 4235 4233 4233 4232 4231 4233 4231 4230 4232 4230 4230 4230 4230 4230 4232 4232 4233 4231 4227 4222 4222 4220 4216 4213 4213 4209 4207 4207 4210 4213 4208 4205 4207 4208 4211 4214 4213 4210 4202 4191 4184 4182 4197 4210 4177 4179 4178 4175 4170 4168 4166 4160 4153 4147 4143 4138 4133 4128 4125 4129 4128 4112 4107 4110 4109 4108 4135 4160 4164 4161 4158 4152 4147 4142 4140 4138 4132 4129 4126 4124 4118
4235 4233 4230 4231 4232 4231 4230 4229 4232 4236 4236 4236 4235 4232 4230 4229 4231 4232 4232 4231 4229 4228 4226 4222 4221 4218 4214 4215 4215 4209 4208 4208 4208 4207 4210 4208 4209 4209 4209 4208 4204 4196 4186 4183 4180 4188 4191 4178 4173 4177 4177 4179 4181 4174 4168 4165 4158 4149 4142 4136 4131 4127 4125 4118 4113 4109 4109 4108 4108 4134 4167 4177 4171 4165 4156 4150 4143 4137 4131 4133 4131 4129 4127 4134
4233 4231 4228 4229 4231 4231 4230 4228 4234 4244 4244 4240 4239 4235 4233 4235 4233 4231 4231 4230 4228 4228 4225 4219 4218 4219 4215 4215 4213 4210 4209 4207 4203 4207 4208 4208 4210 4207 4205 4203 4199 4192 4185 4181 4177 4182 4184 4176 4177 4178 4176 4174 4167 4173 4170 4168 4160 4152 4146 4140 4135 4128 4120 4113 4121 4124 4122 4113 4105 4147 4169 4177 4177 4170 4161 4151 4142 4136 4135 4137 4134 4131 4129 4133
4233 4234 4229 4229 4230 4230 4226 4227 4233 4239 4241 4238 4236 4236 4237 4230 4230 4230 4231 4230 4228 4226 4222 4218 4228 4220 4214 4214 4213 4211 4210 4208 4208 4208 4205 4207 4208 4205 4203 4201 4197 4192 4186 4179 4175 4177 4175 4165 4172 4175 4173 4168 4168 4170 4167 4164 4160 4156 4152 4147 4141 4134 4125 4120 4137 4160 4144 4129 4145 4197 4192 4192 4185 4176 4165 4153 4143 4137 4146 4142 4136 4133 4131 4131
4229 4226 4233 4232 4231 4232 4230 4227 4231 4236 4240 4235 4232 4230 4236 4233 4231 4231 4231 4231 4230 4228 4226 4224 4224 4219 4215 4216 4216 4211 4208 4209 4208 4205 4204 4206 4207 4206 4204 4200 4196 4191 4183 4174 4167 4170 4166 4144 4153 4167 4166 4168 4190 4170 4163 4152 4161 4159 4157 4154 4151 4147 4140 4129 4151 4168 4166 4183 4201 4224 4225 4205 4195 4183 4171 4157 4143 4132 4130 4133 4135 4137 4137 4136
4228 4233 4229 4228 4228 4228 4225 4227 4228 4231 4238 4241 4230 4230 4229 4232 4234 4234 4232 4230 4228 4229 4226 4227 4224 4219 4218 4216 4215 4195 4194 4205 4209 4203 4204 4207 4214 4212 4204 4200 4196 4191 4181 4169 4160 4159 4151 4135 4130 4143 4157 4164 4163 4168 4170 4172 4168 4168 4168 4168 4168 4165 4167 4178 4170 4164 4167 4208 4229 4229 4236 4220 4201 4188 4175 4161 4147 4135 4132 4133 4139 4143 4147 4152
4224 4223 4238 4228 4225 4226 4224 4224 4225 4225 4228 4232 4242 4236 4231 4230 4233 4233 4231 4231 4232 4230 4228 4230 4231 4221 4219 4223 4201 4157 4182 4203 4209 4206 4203 4204 4209 4210 4206 4199 4194 4188 4179 4164 4157 4158 4150 4136 4128 4139 4160 4163 4165 4171 4170 4170 4172 4175 4178 4184 4185 4188 4192 4192 4179 4165 4172 4210 4237 4234 4229 4221 4204 4190 4178 4168 4159 4151 4142 4140 4145 4150 4154 4155
4221 4219 4226 4226 4225 4225 4224 4224 4224 4223 4226 4234 4240 4239 4234 4234 4228 4230 4230 4230 4232 4231 4230 4231 4231 4219 4221 4233 4176 4162 4185 4204 4208 4204 4199 4199 4201 4204 4203 4197 4193 4185 4180 4163 4155 4153 4150 4143 4138 4171 4181 4179 4156 4159 4170 4175 4178 4183 4190 4197 4205 4211 4216 4208 4191 4164 4175 4192 4206 4213 4214 4205 4196 4189 4182 4175 4171 4164 4159 4154 4158 4163 4165 4165
