real_craters/C162-300m.grd
DSAA
390 390
-58.38 58.38
-58.38 58.38
2808.9319973366 4993.1939964952
[rows 30 to 59 of 390, columns 268 to 334 of 390]
4116.86 4115.58 4117 4118.58 4120.38 4122.05 4123.34 4123.48 4120.71 4114.56 4110.54 4109.77 4111.43 4119.58 4123.47 4124.13 4124.22 4123.6 4122.78 4121.53 4120.45 4120.38 4119.11 4117.85 4116.55 4114.57 4112.4 4111.28 4110.29 4109.62 4109.2 4110.01 4110.94 4112.06 4113.28 4114.41 4115.75 4117.37 4119.46 4122.57 4126.25 4131.81 4140.41 4148.24 4153.22 4146.35 4138.81 4129.31 4117.72 4107.39 4097.2 4087.54 4078.48 4069.7 4061.32 4052.65 4044.62 4037.05 4030.76 4027.61 4024.25 4020.29 4015.52 4009.34 4004.93 3996.64 3988.29
4118.74 4120.15 4120.11 4120.01 4120.98 4122.05 4123.15 4123.09 4120.85 4113.01 4108.75 4108.28 4110.4 4116.93 4121.14 4122.31 4122.37 4121.91 4120.93 4120.14 4119.11 4119.29 4118.14 4115.9 4114.68 4112.47 4111.35 4109.9 4109.72 4108.88 4108.74 4109.56 4110.84 4112.93 4114.36 4115.93 4117.75 4119.9 4122.84 4126.14 4130.48 4135.93 4142.35 4146.86 4147.24 4144.99 4139.14 4128.72 4115.97 4104.39 4092.86 4081.82 4071.39 4061.42 4051.63 4041.79 4031.97 4022.59 4015.76 4013.29 4011.04 4008.38 4005.04 4000.54 3997.71 3991.08 3984.34
4123.23 4121.18 4120.55 4120.91 4121.29 4122 4122.51 4122.63 4120.81 4112.48 4107.34 4107.37 4109.57 4116.03 4120.28 4121.08 4121.02 4120.43 4120.21 4118.83 4118.22 4118.03 4117 4113.43 4112.3 4110.7 4109.78 4109.06 4109.07 4108.59 4108.83 4109.51 4111.18 4113.13 4114.77 4116.6 4118.7 4121.49 4124.41 4127.83 4131.91 4136.32 4140.33 4143.46 4144.77 4142.78 4136.47 4124.68 4110.88 4098.63 4086.14 4074.64 4063.4 4052.67 4042.23 4031.65 4020.9 4010.2 4003.46 4001.96 4000.45 3998.76 3996.55 3993.86 3992.56 3987.72 3983.22
4125.42 4123.55 4122.78 4120.72 4120.6 4120.78 4121.23 4121.39 4121.06 4111.67 4105.16 4106.96 4111.78 4117.23 4118.44 4119.28 4119.73 4119.67 4119.07 4117.83 4117.05 4116.15 4115.24 4114.32 4113.39 4109.82 4109.13 4108.49 4108.63 4107.88 4108.54 4109.36 4111.27 4112.71 4114.34 4116.12 4118.58 4121.05 4124 4127.38 4131.16 4134.9 4138.33 4140.85 4143.49 4139.44 4129.75 4116.55 4102.76 4090.44 4078.01 4066.46 4054.85 4044.57 4033.43 4023.19 4012.67 4002.01 3995.78 3993.98 3992.66 3991.26 3990.1 3991.16 3988.42 3985.6 3982.79
4120.97 4119.72 4118.34 4118.59 4118.81 4118.95 4118.81 4118.3 4115.86 4107.98 4103.19 4106.45 4111.48 4115.69 4117.33 4117.47 4117.71 4117.97 4117.61 4116.82 4116.55 4115.18 4114.37 4113.53 4112.7 4111.89 4108.84 4109.13 4108.8 4107.66 4108.75 4109.62 4111.1 4112.4 4113.86 4115.83 4117.83 4120.2 4122.92 4126.1 4129.13 4132.48 4135.68 4138.11 4137.8 4130.56 4116.97 4104.05 4091.48 4079.91 4068.14 4057.09 4045.4 4035.79 4025.41 4015.09 4006.43 3999.35 3992.99 3988.81 3986.79 3985.56 3985.12 3986.55 3984.96 3983.59 3982.32
4117.65 4116.04 4115.23 4116.74 4117.2 4116.82 4115.87 4114.39 4112.18 4106.84 4102.77 4106.63 4111.65 4115.26 4116.35 4115.77 4115.46 4115.66 4115.74 4115.29 4114.81 4114.26 4113.37 4112.64 4111.91 4111.21 4108.59 4109.43 4109.4 4110.58 4109.57 4109.41 4110.46 4111.74 4113.04 4114.58 4116.45 4118.49 4120.21 4123.58 4125.69 4128.55 4130.67 4130.81 4126.2 4115.54 4100.54 4089.03 4078.27 4067.91 4057.28 4046.97 4036.81 4027.27 4017.66 4008.54 4000.67 3994.4 3988.97 3984.6 3982.39 3981.25 3981.14 3982.45 3981.52 3981.04 3980.55
4114.84 4114.12 4115.96 4116.3 4115.94 4115.07 4113.54 4111.13 4108.03 4104.54 4104.13 4107.93 4112.03 4116.52 4112.63 4113.31 4113.85 4114.26 4114.14 4113.82 4113.9 4113.08 4111.73 4111.09 4110.47 4109.9 4107.64 4108.76 4108.62 4108.62 4109.08 4108.57 4109.39 4110.17 4111.12 4112.28 4113.93 4115.47 4117.69 4120.1 4121.57 4123.1 4123.19 4120.7 4110.2 4095.24 4082.94 4073.84 4065.47 4056.24 4047.16 4038 4028.74 4019.56 4010.5 4002 3994.24 3987.33 3983.27 3980.41 3978.64 3977.71 3977.71 3978.67 3977.82 3977.34 3977.59
4115.2 4114.78 4116.68 4116.79 4115.49 4113.96 4111.76 4109.17 4105.75 4104.23 4109.47 4109.62 4110.99 4111.49 4110.59 4111.47 4112.57 4112.83 4112.72 4112.3 4111.37 4110.92 4110.19 4109.62 4109.07 4108.54 4106.38 4107.81 4107.74 4108.28 4107.78 4107.7 4108.56 4109.2 4109.97 4110.86 4112.31 4113.29 4114.93 4115.62 4115.95 4115.74 4114.13 4109.11 4094.91 4077.19 4067.09 4059.74 4052.48 4044.95 4037.05 4028.73 4020.48 4012.3 4004.02 3996.16 3988.63 3981.66 3978.55 3976.77 3975.35 3974.7 3974.58 3975.14 3974.01 3972.89 3972.79
4116.53 4115.7 4118.12 4117.28 4115.23 4113.46 4111.32 4108.58 4105.86 4104.12 4106.98 4108.08 4109.38 4111.06 4110.39 4110.99 4111.38 4111.25 4111.08 4110.61 4109.37 4108.8 4108.6 4108.08 4107.6 4107.13 4106.49 4105.97 4104.28 4104.72 4105.78 4106.24 4107.01 4107.47 4108.03 4108.66 4109.47 4109.88 4110.02 4109.61 4108.98 4107.37 4104.19 4097.8 4083.16 4065.62 4055.3 4047.64 4040.87 4034.08 4026.98 4019.57 4012.45 4005.28 3998.08 3991.36 3985.24 3979.87 3975.92 3974.16 3972.77 3971.76 3971.82 3972.15 3970.85 3969.78 3970.29
4116.9 4115.99 4117.18 4116.1 4114.28 4112.68 4111.15 4109.33 4107.29 4107.01 4104.22 4106.16 4107.88 4108.09 4110.63 4111.04 4110.7 4110.25 4109.5 4108.87 4108.56 4108.39 4107.39 4106.87 4106.41 4106.01 4106.71 4105.71 4102.83 4102.94 4104.24 4104.54 4104.8 4104.87 4104.9 4105.33 4105.24 4104.96 4104.38 4103.18 4101.51 4098.75 4094.37 4086.54 4072.7 4056.42 4045.45 4037.28 4030.62 4024.39 4018.23 4011.9 4005.49 3999.31 3993.13 3987.35 3982.4 3978.09 3974.24 3972.28 3970.88 3970.08 3969.63 3969.81 3968.6 3967.22 3967.83
4116.66 4118.5 4114.93 4112.49 4112.79 4112.73 4112.01 4110.83 4109.19 4104.25 4106.23 4106.69 4107.82 4110.18 4112.11 4111.05 4109.94 4109.11 4108.7 4108.07 4107.62 4106.73 4105.81 4105.31 4104.89 4104.65 4106.28 4106.32 4106.13 4104.2 4103.45 4102.85 4102.49 4102.15 4101.76 4101.58 4100.96 4100.09 4098.83 4097.02 4094.44 4090.72 4085.49 4077.38 4064.57 4048.59 4036.17 4028.03 4021.69 4015.9 4010.73 4005.17 3999.67 3994.09 3988.8 3983.5 3978.65 3974.75 3972.41 3970.66 3969.45 3968.28 3968.28 3968.19 3967.43 3966.88 3966.81
4116.94 4119.36 4112.84 4110.61 4113.44 4113.62 4113.14 4112.96 4113.72 4117.78 4112.12 4107.38 4107.41 4108.58 4110.71 4109.7 4108.89 4108 4107.26 4106.34 4105.82 4105 4104.46 4103.9 4103.41 4103.07 4104.88 4105.23 4105.99 4103.34 4101.87 4100.8 4100.3 4099.65 4098.92 4098.61 4097.52 4095.58 4093.66 4091.13 4087.76 4082.58 4077.06 4069.92 4058.13 4040.82 4027.76 4020.2 4014.35 4009.06 4004.17 3999.8 3994.93 3989.76 3984.88 3980.48 3976.59 3972.9 3970.89 3969.33 3968.17 3967.27 3966.96 3966.9 3966.61 3966.57 3965.89
4120.86 4114.79 4116.64 4119.38 4116.48 4115.18 4114.22 4113.61 4113.79 4114.73 4111.32 4108.04 4106.43 4104.88 4103.67 4106.67 4107.06 4106.42 4105.23 4104.84 4104.57 4103.88 4103.11 4102.57 4101.92 4101.23 4102.35 4100.53 4099.73 4099.38 4099 4098.87 4097.64 4097.08 4096.07 4094.83 4093.28 4090.01 4088.18 4085.26 4081.42 4076.49 4070.11 4062.04 4050.16 4034.64 4021.32 4013.64 4008.1 4003.36 3998.76 3995.14 3990.76 3986.41 3982.04 3977.66 3973.24 3970.81 3969.51 3968.16 3967.21 3966.38 3965.87 3965.7 3965.34 3965.66 3964.59
4116.37 4112.23 4116.44 4118.72 4117.88 4115.95 4114.35 4113.03 4111.38 4108.43 4107.59 4108.35 4105.58 4103.59 4103.02 4106.43 4105.22 4104.88 4104.32 4104.48 4103.49 4102.66 4102.22 4101.69 4100.85 4099.89 4100.23 4096.54 4093.81 4095.63 4096.27 4095.72 4094.4 4093.12 4091.58 4089.85 4087.83 4085.45 4082.59 4079.72 4074.8 4069.67 4063.11 4055.06 4044.28 4029.8 4015.85 4008.25 4003.09 3998.43 3994.15 3990.4 3987.31 3983.31 3979.67 3976.18 3972.47 3970.1 3968.52 3967.42 3966.46 3965.69 3965 3964.72 3963.39 3962.5 3962.93
4115.4 4117.97 4118.94 4119.75 4117.8 4115.96 4114.13 4112.38 4110.08 4107.38 4105.64 4104.24 4104.48 4103.96 4104.32 4102.29 4103.39 4103.67 4103.35 4103.02 4102.54 4102.02 4101.23 4100.71 4099.78 4098.86 4100.01 4098.9 4096.16 4094.52 4094.02 4093.11 4091.74 4089.76 4087.88 4085.71 4083.78 4081.05 4077.86 4073.37 4069.06 4063.84 4056.88 4049.35 4039.53 4026.5 4011.82 4004.48 3999.35 3994.86 3990.83 3987.12 3983.72 3980.9 3977.99 3975.57 3973.43 3970.37 3968.2 3966.81 3965.79 3965.1 3964.68 3964.39 3963.16 3961.85 3962.54
4122.91 4121.22 4119.1 4117.58 4116.75 4115.5 4113.81 4111.75 4109.49 4106.62 4103.87 4105.44 4104.58 4103.64 4102.76 4102.46 4102.21 4102.51 4102.49 4102.49 4102.02 4101.67 4101.04 4099.89 4098.88 4100.1 4098.93 4097.86 4096.04 4093.99 4092.6 4091.08 4089.42 4087.27 4085.15 4082.61 4080.14 4077.15 4073.74 4069.11 4064.73 4059.42 4052.41 4044.69 4034.56 4022.34 4010.06 4001.68 3996.26 3991.9 3988.09 3984.61 3981.35 3978.59 3976.37 3974.48 3972.87 3969.87 3967.57 3966.18 3965.4 3964.82 3964.55 3964.71 3964.57 3964.2 3963.23
4123.72 4119.83 4117.58 4116.53 4116.24 4115.17 4113.47 4111.64 4109.98 4109.05 4109.31 4106.75 4105.16 4103.56 4102.31 4101.86 4101.76 4101.8 4101.83 4101.55 4101.09 4100.53 4099.58 4098.98 4097.9 4099.01 4096.81 4094.02 4092.64 4091.84 4091.02 4089.45 4087.56 4084.81 4082.15 4079.52 4076.61 4073.29 4069.7 4065.31 4060.79 4055.46 4048.99 4041.54 4031.48 4018.39 4006.78 3998.69 3993.5 3989.42 3986.16 3982.8 3979.68 3976.77 3974.11 3971.98 3970.14 3968.08 3966.32 3965.22 3964.49 3964.04 3964.04 3964.73 3964.65 3964.22 3963.7
4119.43 4116.53 4116.23 4117.48 4116.68 4115.1 4113.34 4111.56 4110.01 4109.25 4108.98 4107.81 4105.61 4103.55 4101.65 4100.97 4100.97 4101.54 4101.68 4101.27 4100.7 4099.99 4099.06 4098.22 4097.16 4098.19 4095.64 4092.07 4091.36 4090.32 4089.23 4087.28 4084.76 4082.34 4079.61 4076.65 4073.53 4070.11 4066.2 4061.81 4057.24 4052.01 4046.07 4039.48 4031.35 4014.33 4002.2 3995.5 3991.09 3987.41 3984.2 3980.94 3977.88 3974.98 3972.02 3969.33 3967.39 3966.04 3964.9 3963.95 3963.39 3963.06 3963.2 3964.25 3965.48 3964.72 3963.72
4118.8 4118.16 4118.84 4118.01 4116.73 4114.54 4112.28 4110.42 4108.82 4107.73 4106.91 4106.58 4105.3 4103.56 4102.1 4098.85 4101.02 4101.54 4101.31 4101.26 4100.45 4099.17 4098.36 4097.64 4096.66 4097.99 4096.91 4095.22 4091.77 4089.65 4088.01 4085.82 4083.57 4081.01 4077.91 4074.91 4071.35 4067.79 4063.65 4059.16 4054.53 4049.26 4043.27 4035.99 4026.8 4012.27 4000.68 3994.21 3989.92 3986.35 3982.88 3979.75 3976.73 3973.76 3970.55 3967.21 3965.33 3964.42 3963.82 3963.01 3962.37 3961.78 3961.58 3962.03 3962.96 3962.87 3962.87
4119.06 4118.56 4118.09 4117.27 4115.68 4112.94 4110.64 4108.74 4107.19 4105.73 4104.66 4104.44 4105.22 4103.83 4101.73 4103.89 4103.5 4103.24 4102.38 4100.64 4099.11 4098.48 4097.34 4096.31 4095.62 4096.94 4096.22 4094.92 4091.65 4089.26 4087.32 4084.65 4081.83 4079.12 4076.17 4073.07 4069.73 4066.09 4061.81 4057.37 4052.6 4046.89 4040.89 4032.73 4022.11 4010.98 4001.89 3995.22 3989.98 3985.8 3982.33 3979.24 3976.44 3973.6 3970.56 3966.99 3965.22 3964.2 3963.31 3962.42 3961.57 3960.72 3959.9 3959.11 3957.8 3959.95 3961.63
4118.73 4117.44 4115.44 4114.51 4113.02 4110.87 4108.99 4107.42 4106.13 4104.4 4102.06 4106.58 4108.49 4104.41 4101.71 4100.96 4105.25 4104.24 4102.56 4101.1 4100.15 4098.53 4097.36 4096.07 4094.85 4095.25 4093.14 4091.5 4089.8 4087.93 4085.68 4083.41 4080.96 4078.21 4075.49 4072.47 4069.1 4065.41 4060.77 4056.4 4051.5 4045.5 4039.54 4031.93 4022.23 4009.42 4002.84 3996.18 3990.06 3985.59 3982.05 3978.99 3976.31 3974.03 3972 3970.31 3967.38 3965 3963.38 3962.23 3961.09 3959.94 3958.85 3957.88 3957.36 3959.05 3961.03
4119.05 4118.2 4114.19 4111.82 4110.05 4107.84 4106.66 4105.93 4105.47 4105.01 4105.33 4105.65 4103.69 4103.55 4104.44 4108 4107.91 4105.68 4103.69 4101.8 4100.04 4097.73 4096.22 4094.99 4094.08 4093.82 4090.2 4088.91 4088.21 4086.82 4084.92 4082.85 4079.94 4077.99 4074.95 4072.2 4068.86 4065.19 4061.07 4056.59 4051.53 4045.3 4038.95 4031.08 4021.78 4011.3 4002.41 3994.66 3989.39 3985.17 3981.69 3978.68 3976.2 3974.19 3972.97 3972.81 3968.92 3965.79 3963.61 3962.06 3960.69 3959.39 3958.3 3957.8 3958.34 3959.23 3961.06
4118.62 4118.77 4113.19 4108.27 4104.52 4104.1 4104.21 4104.31 4104.65 4105.34 4106.69 4104.2 4099.03 4102.4 4105.98 4107.78 4106.98 4105.45 4103.14 4101.49 4099.32 4097.51 4096.47 4095.14 4093.72 4093.96 4091.56 4089.45 4087.95 4086.63 4084.54 4082.3 4080.26 4077.86 4074.96 4071.99 4068.7 4065.12 4061.34 4056.89 4051.83 4045.78 4039.2 4031.01 4022.44 4014.43 4003.03 3994.19 3988.76 3984.63 3981.17 3978.34 3975.92 3973.78 3972.05 3970.64 3968.15 3965.56 3963.47 3961.75 3960.33 3959.12 3958.08 3957.26 3957.72 3959.77 3961.95
4116.48 4115.59 4110.53 4105.67 4102.2 4102.23 4102.67 4103.09 4103.66 4103.99 4104.58 4102.76 4099.84 4102.78 4106.77 4111.18 4108.24 4104.5 4102.15 4099.92 4098.63 4097.62 4096.28 4094.98 4095.21 4094.47 4093.96 4090.77 4088.45 4086.51 4084.6 4082.67 4080.53 4078.53 4075.57 4072.74 4069.62 4066 4062.23 4057.78 4052.83 4046.95 4040.36 4032.43 4023.31 4013.55 4002.99 3994.13 3988.51 3984.31 3980.86 3978.07 3975.57 3973.28 3970.77 3967.58 3966.96 3964.97 3963.19 3961.73 3960.46 3959.31 3958.34 3957.47 3958.48 3961.05 3963.44
4114.36 4112.28 4107.84 4104.06 4102.8 4101.6 4101.72 4102.05 4102.62 4102.82 4102.25 4100.65 4100.71 4104.66 4106.4 4105.62 4104.11 4102.22 4100.82 4099.44 4097.77 4096.47 4095.61 4093.98 4094.36 4093.35 4092.96 4090.26 4088.31 4086.69 4085.02 4083.05 4081.07 4079.25 4077.26 4073.85 4070.89 4067.15 4063.47 4058.8 4054.13 4048.58 4042.29 4034.23 4023.81 4012.22 4002.12 3993.98 3988.55 3984.38 3980.88 3977.85 3975.16 3972.89 3971.63 3970.24 3966.6 3964.45 3962.9 3961.57 3960.67 3959.94 3959.35 3958.8 3960.24 3961.92 3963.82
4114.33 4111.84 4106.42 4102.75 4100.98 4100.82 4101.53 4102.09 4102.37 4102.59 4102.46 4103.63 4110.68 4108.07 4106.81 4105.62 4098.9 4099.77 4099.47 4098.67 4097.41 4095.9 4094.61 4093.25 4092.82 4090.51 4088.75 4088.78 4087.8 4086.83 4085.48 4084.41 4083.04 4081.13 4077.63 4075.62 4072.47 4068.32 4064.85 4060.65 4056.15 4050.92 4044.89 4036.72 4024.89 4012.19 4001.92 3994.34 3988.87 3984.68 3981.1 3977.88 3974.87 3972.08 3969.21 3967.29 3965.69 3963.75 3962.45 3961.43 3960.88 3960.56 3960.74 3961.24 3962.04 3963.61 3964.97
4117.03 4114.65 4110.99 4107.92 4104.67 4103.51 4103.07 4102.86 4103.01 4103.12 4103.47 4104.33 4105.2 4105.28 4105.54 4106.92 4101.65 4099.79 4098.81 4097.8 4096.52 4095.24 4093.89 4092.38 4091.89 4089.64 4088.35 4088.17 4088.13 4087.55 4086.64 4085.14 4084.6 4082.79 4081.12 4079.38 4074.1 4071.09 4067.64 4063.7 4058.68 4053.69 4047.69 4039.27 4026.45 4012.9 4002.27 3995.08 3989.59 3985.34 3981.6 3978.06 3974.8 3971.74 3968.5 3966.26 3964.9 3963.35 3962.22 3961.3 3960.84 3960.78 3961.15 3962.69 3963.63 3965.13 3966.8
4122.51 4121.84 4118.55 4113.36 4109.32 4106.51 4104.93 4104.5 4104.32 4104.31 4104.28 4104.72 4101.22 4101.73 4102.64 4100.8 4102.16 4100.68 4098.54 4096.98 4095.32 4094.09 4092.7 4091.97 4091.95 4089.81 4088.76 4088.31 4088.27 4088.42 4087.7 4086.91 4086.15 4084.93 4083.35 4081.54 4079.42 4076.52 4072.46 4066.24 4061.77 4056.63 4050.39 4041.15 4028.36 4014.86 4003.93 3996.16 3990.84 3986.64 3982.48 3978.56 3975.03 3972.06 3970.19 3967.1 3964.73 3963 3961.9 3961.08 3960.62 3960.62 3960.49 3961.9 3963.79 3966.04 3968.21
4129.68 4132.34 4129.11 4118.55 4112.18 4108.6 4107.62 4106.78 4106.16 4105.68 4104.63 4102.28 4102.87 4102.81 4101.64 4101.77 4101.69 4099.77 4097.39 4095.78 4094.67 4093.47 4092.62 4091.77 4092.08 4092.48 4090.74 4089.21 4088.68 4088.58 4088.29 4087.9 4087.67 4086.76 4085.76 4084.49 4081.81 4079.69 4075.15 4071.45 4064.37 4059.43 4053.55 4044.09 4030.66 4017.35 4006.77 3999.35 3994.04 3988.85 3983.88 3979.29 3975.28 3971.89 3969.35 3966.76 3964.55 3962.8 3961.65 3960.78 3960.32 3960.13 3960.51 3961.14 3963.47 3966.08 3968.65
4136.2 4141.81 4140.74 4124.68 4117.92 4113.64 4111.2 4109.99 4108.86 4107.81 4106.71 4105.54 4102.64 4099.18 4100.16 4101.63 4102.12 4097.42 4096.16 4094.98 4093.87 4092.73 4091.68 4091.5 4090.12 4089.32 4089.53 4089.21 4089.08 4089.75 4089.71 4089.72 4089.93 4089.8 4088.8 4088 4085.17 4083.4 4079.02 4075.46 4069.94 4063.19 4056.03 4046.13 4032.67 4019.41 4008.59 4004.7 3999.59 3991.28 3985.22 3980.01 3975.49 3971.47 3967.91 3966.07 3964.33 3962.82 3961.63 3960.68 3959.99 3959.56 3959.8 3960.92 3962.88 3965.53 3967.99
