real_craters/C162-500m.grd
DSAA
235 235
-58.38 58.38
-58.38 58.38
2814.7614686297 4970.2374814457
[rows 60 to 89 of 235, columns 0 to 66 of 235]
4212.35 4212.74 4212.79 4214.02 4217.23 4218.86 4219.11 4218.41 4216.59 4219.12 4221.25 4221.11 4221.73 4220.65 4224.67 4223.75 4222.9 4222.62 4225.23 4226.32 4228.79 4231.56 4229.69 4227.97 4226.72 4227.94 4229.66 4228.91 4227.39 4224.25 4226.16 4227.53 4228.18 4228.47 4226.64 4227.86 4229.68 4233.54 4232.83 4229.98 4228.52 4226.99 4225.29 4223.09 4219.9 4217.14 4214.14 4210.05 4204.78 4199.09 4199.59 4199.96 4204.01 4222.24 4245.09 4229.07 4219.01 4213.28 4209.42 4208.36 4207.3 4203.57 4198.14 4187.52 4174.75 4166.23 4164.2
4211.77 4212.02 4211.96 4212.71 4214.67 4216.63 4217.3 4216.86 4215.49 4216.49 4217.97 4219.82 4221.43 4222.61 4219.44 4221.07 4223.44 4226.15 4225.38 4227.25 4229.57 4228.89 4226.97 4225.63 4224.74 4225.72 4227.62 4228.03 4228.54 4229.24 4228.02 4228.05 4228.21 4228.4 4228.43 4226.12 4225.04 4231.88 4231.94 4230.36 4229.79 4229.42 4226.55 4222.86 4220.5 4217.89 4215.57 4210.99 4206.14 4201.77 4202.92 4204.59 4205.88 4212.9 4220.21 4227.02 4223.96 4219.49 4216.27 4214.12 4211.08 4203.32 4194.73 4185.92 4174.35 4164.61 4167.6
4211.73 4211.99 4212.14 4212.75 4214.42 4215.54 4216.31 4218.96 4216.61 4217.27 4218.04 4218.22 4217.72 4217.46 4216.94 4218.23 4218.1 4219.77 4222.75 4224.79 4224.11 4222.74 4223.67 4223.96 4224.13 4224.78 4223.86 4225.84 4227.92 4229.99 4228.47 4228.12 4228.36 4228.48 4228.68 4227.79 4230.46 4230.9 4230.2 4229.91 4230.58 4231.03 4228.26 4224.83 4222.58 4219.72 4214.03 4213.18 4211.47 4210.3 4211.56 4214.13 4217.5 4222.41 4226.79 4230.01 4228.62 4223.46 4220.27 4220.39 4218.41 4210.95 4197.29 4183.65 4175.9 4172.46 4172.83
4212.14 4212.07 4211.71 4211.47 4212.46 4214.7 4214.99 4213.63 4216.96 4222.68 4220.83 4217.35 4213.92 4212.63 4215.39 4219.26 4219.88 4217.59 4220.16 4222.16 4220.52 4219.78 4221.44 4223.13 4224.75 4223.44 4223.07 4224.26 4225.67 4226.44 4226.94 4227.35 4227.66 4228.18 4227.9 4228.86 4225.94 4230.16 4232.34 4228.41 4229.4 4231.15 4230.4 4228.69 4225.94 4224.12 4224.94 4219.5 4217.52 4219.8 4221.76 4226.57 4231.69 4235.47 4239.18 4239.4 4236.94 4231.36 4229.4 4228.93 4226.99 4228.12 4207.3 4186.91 4179 4175.05 4172.72
4213.26 4212.63 4211.64 4212.96 4217.04 4216.53 4215.11 4213.29 4215.5 4220.43 4219.92 4216.26 4213.38 4212.63 4214.24 4216.18 4216.6 4216.13 4218.7 4220.84 4219.73 4218.78 4220.05 4221.52 4222.53 4223.69 4222.83 4222.77 4222.52 4224.16 4225.88 4226.8 4227.47 4228.44 4229.73 4233.15 4233.42 4232.16 4231.34 4228.85 4231.89 4233.78 4233.25 4231.84 4230.1 4226.87 4225.92 4224.8 4223.25 4224.17 4232.01 4239.26 4248.49 4256.02 4252.41 4250.46 4248.11 4245.49 4242.92 4239.28 4232.71 4220.15 4207.59 4191.73 4184.08 4177.41 4170.88
4215.07 4214.4 4213.31 4214.9 4221.91 4218.83 4215.8 4215.66 4213.09 4212.17 4214.58 4213.8 4212.18 4211.27 4211.78 4213.18 4214.84 4216.18 4217.35 4218.62 4217 4216.96 4218.76 4220.05 4221.17 4221.01 4222.46 4223.13 4222.97 4223.56 4225.38 4226.72 4227.8 4228.91 4230.71 4233.51 4238.97 4235.1 4232.6 4231.82 4236.27 4237.33 4235.89 4234.49 4231.49 4228.02 4226.01 4230.43 4236.84 4240.91 4244.23 4250.64 4258.12 4264.95 4262.87 4260.34 4258.24 4257.42 4255.41 4250.12 4242.54 4232.54 4218.98 4204.75 4195.23 4183.1 4171.41
4216.02 4217.98 4216.8 4217.24 4222.85 4219.62 4215.6 4210.7 4210.51 4210.78 4211.54 4211.97 4211.2 4210.4 4210.64 4211.7 4212.61 4213.97 4215.52 4216.06 4213.78 4214.45 4216.35 4218.58 4221.08 4220.78 4220.52 4221.23 4222.31 4223.93 4225.06 4225.98 4227.08 4228.57 4230.25 4233.35 4235.61 4234.62 4231.38 4237.07 4236.28 4237.97 4237.34 4235.6 4233.03 4231.56 4230.9 4236.68 4242.75 4248.94 4253.77 4258.63 4263.75 4270.26 4269.16 4267.47 4266.21 4266.15 4268.71 4259.93 4253.75 4247.72 4239.79 4227.49 4218.58 4201.05 4182.9
4214.12 4215.29 4215.9 4217.75 4219.51 4218.36 4215.67 4212.74 4210.57 4210.12 4210.87 4211.44 4212.92 4208.99 4209.56 4210.69 4211.19 4212.66 4214.05 4213.11 4211.42 4212.51 4213.91 4216.27 4218.34 4218.68 4219.22 4220.37 4223.92 4224.82 4225.21 4226.08 4227.41 4229.86 4231.37 4236.87 4234.04 4234.24 4234.2 4235.47 4235.93 4237.95 4238.23 4239.43 4242 4237.48 4239.24 4244.61 4249.66 4256.41 4262.1 4265.54 4267.33 4269.38 4272.41 4273.01 4271.18 4268.33 4262.14 4263.82 4264.97 4264.54 4263.91 4259.8 4249.9 4232.59 4214.1
4211.58 4210.99 4212.78 4212.92 4215.98 4215.89 4214.48 4209.93 4209.92 4210.7 4210.77 4211.17 4211.12 4209.61 4210.24 4212.17 4210.34 4212.29 4213.98 4214.12 4211.47 4210.64 4211.84 4214.31 4216.24 4216.69 4217.82 4219.69 4223.25 4224.37 4224.33 4224.59 4225.33 4226.47 4228.24 4228.75 4235.23 4235.17 4235.04 4235.67 4234.39 4237.08 4238.04 4237.68 4235.75 4237.63 4244.22 4255.46 4266.73 4270.1 4272.49 4274.42 4275 4275.45 4279.54 4278.57 4275.33 4270.17 4266.8 4268.01 4273.27 4277.99 4283.3 4292.7 4283.23 4265.74 4256.27
4211.26 4212.74 4212.49 4211.06 4210.76 4212.43 4213.29 4207.46 4207.1 4208.49 4209.72 4210.25 4211.27 4213 4210.25 4209.69 4212.2 4212.74 4213.83 4214.12 4211.45 4209.96 4210.16 4213.17 4215.91 4217.78 4218.43 4218.2 4220.57 4221.92 4221.24 4220.6 4221.71 4224.01 4227.25 4237.56 4235.58 4235.13 4235.74 4241.44 4240.72 4239.83 4238.56 4236.84 4235.18 4241 4249.85 4262.86 4275.53 4280.35 4281.88 4283.33 4285.67 4290.68 4291.11 4286.39 4281.03 4274.86 4266.21 4271.22 4282.96 4287.8 4289.49 4291.64 4287.78 4285.21 4277.86
4211.34 4212.86 4212.78 4211.97 4206.97 4208.97 4210.38 4205.77 4206.21 4207.44 4209.18 4209.7 4208.9 4211.38 4209.02 4207.51 4209.99 4211.24 4212.46 4211.37 4210.84 4211.48 4211.77 4213.75 4216.6 4219.33 4216.77 4215.92 4220.58 4219.64 4218.81 4218.25 4218.51 4219.03 4220.93 4230.06 4234.93 4232.43 4233.03 4232.71 4242.79 4240.99 4238.84 4237.51 4238.9 4240.09 4251.07 4266.68 4278.87 4284.95 4287.8 4290.12 4291.8 4296.55 4298.19 4293.02 4287.9 4283.56 4281.97 4283.18 4282.46 4284.77 4286.63 4287.14 4292.09 4297.3 4299.38
4210.54 4213.5 4210.43 4206.31 4205.7 4206.32 4205.74 4203.23 4205.44 4207.58 4209.07 4212.13 4213.14 4209.28 4207.97 4206.6 4206.63 4208.65 4210.59 4209.68 4210.08 4211.06 4212.29 4213.46 4215.24 4214.53 4212.72 4214.01 4214.09 4214.97 4215.1 4214.62 4215.75 4215.73 4216.81 4232.6 4222.97 4226.76 4231.35 4235.92 4239.72 4238.76 4237.35 4235.56 4237.18 4238.49 4250.92 4269.52 4284.96 4287.8 4291.07 4295.71 4299.44 4301.43 4301.37 4296.47 4292.45 4290.55 4296.03 4298.69 4284.83 4283.85 4282.61 4283.64 4289.22 4299.4 4307.92
4206.34 4207.6 4206.91 4204.9 4204.56 4204.54 4204.06 4201.67 4202.11 4204.38 4206.68 4208.93 4209.34 4208 4207.94 4205.83 4204 4206.68 4208.9 4208.69 4208.9 4209.59 4210.89 4211.61 4212.64 4213.75 4213.12 4212.66 4210.79 4210.97 4210.44 4210.2 4211.23 4212.59 4216.52 4235.24 4222.34 4223.24 4225.75 4226.5 4233.24 4234.35 4233.7 4232.88 4232.87 4237.93 4248.37 4264.83 4279.82 4283.28 4289.29 4297.68 4309.21 4307.81 4298.95 4299.88 4295.69 4290.99 4283.57 4277.39 4296.12 4287.82 4277.39 4267.09 4264.3 4285.24 4304.84
4203.74 4204.34 4204.37 4203.53 4202.66 4203.06 4202.02 4200.41 4202.06 4202.73 4203.3 4203.09 4202.76 4203.09 4203.75 4202.91 4202.81 4205.51 4208.08 4207.61 4207.22 4207.9 4209.35 4209.95 4210.02 4211.41 4211.64 4211.49 4209.09 4207.15 4205.78 4206.4 4208.14 4211.59 4218.94 4232.63 4220.18 4220.96 4224.15 4225.92 4227.81 4230.56 4231.8 4231.76 4231.36 4235.67 4241.14 4246.51 4258.09 4271.72 4283.11 4292.78 4300.39 4306.06 4306.67 4304.3 4299.83 4292.76 4283.27 4279.73 4291.55 4287.46 4276.1 4260 4234.07 4272.01 4286.34
4202.45 4202.91 4203.27 4202.55 4201.29 4202.13 4201.31 4199.47 4200.25 4200.68 4200.65 4199.99 4199.81 4201.02 4201.55 4200.53 4201.15 4204.09 4206.42 4204.89 4204.96 4204.86 4205.36 4205.76 4206.27 4206.76 4209.94 4213.83 4208.59 4205.56 4203.19 4203.03 4203.6 4206.85 4214.79 4234.69 4220.63 4219.28 4221.75 4223.38 4225.46 4227.38 4229.58 4231.34 4233.53 4235.48 4234.47 4232.79 4242.95 4261.62 4277.58 4288.83 4291.36 4304.41 4312.64 4311.02 4306.94 4300.19 4292.88 4287.5 4283.09 4287.56 4284.01 4278.65 4283.79 4284.4 4288.38
4202.44 4202.97 4202.9 4202.23 4201.62 4201.34 4199.38 4198.52 4198.78 4199.19 4199.11 4198.8 4197.78 4199.94 4203.43 4199.87 4199.63 4202.31 4205.24 4202.79 4202.17 4202.23 4202.69 4204.72 4203.85 4201.64 4205.5 4209.2 4207.2 4203.79 4200.72 4199.44 4199.09 4202.08 4210.49 4239.65 4222.27 4219.96 4220.24 4221.95 4223.34 4225.25 4227.4 4230.36 4234.23 4236.47 4231.47 4231.47 4240.07 4256.83 4275.31 4293.55 4310.19 4315.98 4322.12 4321.05 4315.31 4308.9 4303.93 4302.23 4302.23 4298.32 4296.79 4297.34 4300.87 4295.92 4293.68
4202.95 4203.63 4204.09 4202.44 4200.64 4199.84 4198.15 4197.87 4198.46 4198.12 4198.06 4197.84 4196.23 4198.54 4201.66 4199.23 4198.53 4199.7 4199.42 4199.02 4199.58 4200.1 4201.66 4203.54 4202.98 4202.79 4203.22 4203.41 4203.63 4201.97 4198.49 4196.15 4195.05 4197.86 4210.1 4233.18 4227.5 4223.17 4223.6 4220.16 4221.37 4223.45 4225.44 4227.41 4228.56 4228.49 4226.89 4227.21 4237.51 4253.69 4273.15 4294.44 4316.37 4321.62 4328.81 4327.31 4321.87 4316.78 4313.02 4310.64 4309.48 4309.7 4309.27 4310.36 4310.98 4312.72 4303.4
4203.28 4203.78 4202.44 4201.52 4199.42 4198.49 4197.53 4196.8 4196.92 4196.98 4197.13 4197.44 4197.41 4196.94 4196.89 4196.63 4197.3 4197.94 4197.53 4196.84 4197.75 4198.39 4199.14 4200.52 4202.1 4202.58 4203.32 4201.05 4204.07 4200.39 4195.79 4192.54 4190.59 4193.33 4206.36 4235.55 4227.16 4219.39 4218.07 4220.94 4220.2 4222.6 4224.32 4225.01 4225.18 4224.09 4223 4223.33 4234.05 4249.37 4267.95 4288 4304.66 4315.77 4322.59 4325.28 4323.95 4321.76 4320.72 4318.88 4320.93 4321.47 4321.36 4321.06 4319.78 4316.67 4301.63
4202.85 4203.17 4202.64 4200.47 4198.03 4197.25 4196.38 4195.74 4195.47 4195.91 4196.03 4195.98 4195.72 4195.58 4195.81 4195.98 4196.57 4197.32 4196.94 4196.21 4196.81 4197.56 4198.97 4201.98 4201.65 4201.13 4200.07 4198.81 4201.39 4198.61 4193.63 4188.86 4187.28 4190.82 4206.57 4229.54 4221.04 4213.93 4214.06 4215.3 4220.07 4222.59 4223.16 4222.7 4221.26 4222.67 4222.15 4223.83 4231.16 4243.56 4259.6 4279.08 4295.86 4305.73 4315.72 4322.35 4323.78 4324.74 4326.6 4337.35 4335.15 4331.31 4328.88 4326.74 4325.77 4315.29 4293.67
4200.45 4202.01 4201.74 4199.64 4196.81 4196.83 4196.57 4195.94 4195.52 4195.36 4194.98 4194.82 4194.6 4194.2 4193.9 4195.46 4196.08 4196.66 4196.36 4195.83 4196.19 4196.98 4198.75 4200.63 4199.52 4199.67 4199.81 4197.42 4198.87 4196.4 4191.29 4187.01 4185.26 4189.48 4213.92 4228.14 4215.22 4209.46 4213.21 4214.08 4224.21 4223.73 4222.91 4222.57 4221.58 4222.44 4222.66 4223.46 4228.32 4236.53 4247 4261.31 4277.2 4290.21 4303.54 4313.42 4319.3 4324.03 4326.92 4323.07 4337.31 4334.78 4331.08 4325.92 4320.75 4312.25 4286.57
4199.23 4200.51 4201.66 4199.22 4196.49 4196.47 4196.1 4196.23 4195.77 4195.23 4194.85 4194.88 4195.48 4194.13 4194.05 4194.74 4195.33 4195.68 4195.23 4195.12 4194.97 4195.69 4196.27 4194.87 4196.26 4197.84 4197.99 4195.84 4196.75 4194.78 4188.64 4184.75 4182.9 4187.49 4216.14 4227.33 4214.58 4206.22 4209.8 4214.18 4222.27 4221.48 4221.33 4222.76 4226.7 4226.39 4224.03 4223.91 4225.73 4229.44 4233.31 4235.33 4251.78 4273.38 4289.53 4301.26 4314.2 4323.15 4330.97 4340.21 4337.48 4335.66 4328.34 4320.53 4308.66 4292.64 4273.81
4196.97 4197.8 4199.05 4197.82 4196.01 4195.43 4194.54 4194.14 4194.48 4194.81 4195.89 4196.22 4195.05 4193.79 4193.21 4193.78 4194.42 4194.17 4193.3 4193.73 4193.87 4194.52 4195.12 4195.4 4195.22 4196.09 4196.43 4195.51 4195.31 4193.71 4187.25 4182.75 4180.44 4186.3 4224.13 4228.33 4214.42 4203.2 4205.33 4208.26 4210.83 4214.98 4217.6 4219.78 4220.83 4231.16 4237.55 4224.04 4223.78 4225 4226.87 4230.24 4244.04 4264.36 4282.93 4299.06 4311.64 4321.59 4329.76 4337.6 4346.76 4336.2 4326.33 4315.52 4297.88 4274.29 4256.66
4193.71 4195.53 4196.33 4196.16 4195.15 4194.12 4193.3 4193.03 4193.54 4193.77 4193.56 4194.37 4194.13 4193.11 4192.81 4192.96 4193.45 4193.54 4191.96 4192 4192.37 4193.16 4194.21 4195.75 4194.33 4195.38 4195.25 4194.51 4194.08 4192.99 4186.52 4180.47 4179.54 4185.83 4224.95 4225.82 4212.81 4201.02 4202.62 4204.46 4206.62 4210.04 4213.27 4216.45 4221.43 4224.39 4223.74 4225.2 4223.06 4223.48 4226.2 4233.22 4244.53 4261.31 4279.42 4296.44 4309.56 4319.66 4326.86 4330.49 4328.61 4328.13 4322.91 4313.7 4296.31 4265.72 4245.79
4193.41 4194.55 4195.06 4195.12 4194.33 4193.14 4193.28 4193.98 4193.92 4193.16 4191.87 4192.01 4192.04 4191.24 4191.18 4191.8 4192.48 4192.9 4190.8 4190.52 4190.72 4191.37 4192.05 4192.5 4192.71 4194.1 4193.13 4192.18 4191.96 4191.64 4185.75 4180.12 4178.28 4186.53 4213.39 4218.32 4208.88 4199.84 4200.19 4202.26 4204.82 4207.06 4209.11 4211.37 4214.23 4218.01 4219.39 4221.51 4221.29 4222.52 4225.97 4233.16 4244.24 4259.05 4276.04 4292.96 4306.79 4316.97 4324.58 4326.89 4320.52 4321.59 4320.93 4315.51 4305.52 4274.97 4245.27
4194.64 4194.02 4194.5 4194.62 4194.18 4192.87 4193.62 4195.65 4194.57 4193.37 4192.18 4190.92 4190.64 4190.3 4189.95 4190.64 4191.25 4190.84 4189.19 4189.11 4189.17 4189.49 4189.85 4189.71 4190.01 4191.88 4191.05 4189.64 4191.36 4189.89 4185 4179.86 4180.11 4188.01 4212.06 4212.52 4203.8 4196.04 4197.75 4200.63 4202.65 4204.25 4205.48 4206.48 4209.71 4215.24 4219.3 4218.84 4219.44 4221.38 4225.58 4233.77 4242.75 4255.92 4271.99 4290.41 4303.02 4311.9 4320.35 4323.58 4321.63 4322.02 4321.36 4317.23 4305.84 4276.31 4245.91
4193.44 4192.54 4193.63 4193.98 4193.73 4192.27 4192.83 4194.26 4193.97 4193.11 4192.93 4190.52 4190.01 4189.9 4189.79 4189.92 4190.09 4189.51 4188.09 4187.84 4187.69 4187.99 4188.19 4188.36 4189.04 4188.52 4188.31 4188.65 4188.95 4189.33 4184.46 4179.33 4179.65 4189.28 4210.92 4208.52 4198.84 4192.28 4197.35 4198.57 4200.3 4201.56 4203.13 4203.58 4206.58 4212.29 4217.35 4216.35 4217.66 4218.7 4221.99 4227.58 4238.44 4250.2 4263.81 4278.46 4290.5 4300.66 4314.27 4319.19 4322.53 4323.96 4321.6 4317.74 4308.19 4275.04 4245.41
4191.02 4190.15 4193.08 4193.28 4192.62 4190.41 4191.87 4193.08 4193.22 4192 4190.46 4190.42 4189.63 4190.38 4189.28 4189.36 4189.37 4188.24 4186.89 4186.61 4186.39 4186.56 4186.71 4186.58 4185.96 4186.65 4186.32 4186.06 4186.3 4187.07 4183.28 4178.58 4178.54 4189.16 4208.77 4205.03 4195.7 4190.21 4192.53 4195.4 4199.19 4202.03 4201.38 4202.58 4204.76 4207.73 4210.01 4213.19 4215.83 4217.58 4219.95 4225.39 4233.59 4243.12 4252.67 4262.85 4271.15 4280.05 4292.15 4303.61 4311.18 4315.37 4318.55 4316.3 4305.37 4283.26 4259.72
4190.11 4191.01 4193.39 4192.7 4191.29 4188.34 4190.55 4193.22 4192.56 4191.77 4190.06 4188.39 4188.15 4187.58 4188.64 4188.74 4188.9 4187.45 4186 4185.24 4185.19 4185.36 4185.56 4185.67 4185.92 4184.87 4184.29 4183.33 4185.31 4185.41 4182.5 4177.55 4176.75 4190.8 4207.04 4201.63 4192.18 4188.01 4187.72 4191.96 4195.8 4198.66 4198.88 4198.21 4201.97 4205.81 4209.65 4213.76 4215.65 4216.75 4218.86 4223.42 4229.73 4236.76 4242.36 4244.81 4248.48 4257.69 4267.15 4286.53 4299.4 4307.84 4318.05 4315.76 4304.98 4285.08 4262.79
4189.29 4191.94 4192.53 4191.86 4190.34 4188.23 4188.66 4190.39 4191.04 4191.08 4190.7 4188.56 4188.03 4187.45 4187.33 4187.99 4188.03 4186.2 4185.03 4184.64 4184.29 4184.52 4184.8 4185.13 4185.65 4185.32 4182.16 4180.75 4183.37 4185.67 4183.19 4177.88 4176.3 4191.66 4203.46 4197.9 4188.47 4186.78 4188.75 4189.87 4193.33 4196.57 4197.36 4197.55 4201.37 4206.08 4211.44 4215.01 4214.79 4215.71 4217.78 4222.11 4226.95 4232.35 4236.54 4237.78 4236.55 4245.48 4255.83 4277.23 4301.47 4323.27 4323.85 4318.76 4303.87 4286.44 4260.72
4189.08 4192.16 4191.54 4191.12 4190.29 4187.57 4185.84 4188.51 4189.61 4189.76 4189.63 4189.2 4188.33 4188.4 4187.63 4187.72 4187.25 4185.2 4184.25 4183.71 4183.51 4183.49 4183.81 4184.1 4184.28 4184.54 4182.12 4182.13 4180.34 4179.55 4184.22 4178.85 4177.83 4193.9 4199.92 4194.58 4187.17 4185.76 4186.04 4187.96 4191.54 4194.93 4196.59 4198.47 4200.8 4204.79 4208.39 4210.01 4213.21 4214.87 4215.32 4220.01 4225.54 4231.16 4235.84 4239.8 4244.16 4244.21 4250.73 4270.18 4294.7 4318.34 4323.5 4327.06 4322.1 4296.31 4268.48
