real_craters/C162-500m.grd
DSAA
235 235
-58.38 58.38
-58.38 58.38
2814.7614686297 4970.2374814457
[rows 0 to 29 of 235, columns 67 to 133 of 235]
4211.85 4193.48 4176.09 4164.11 4160.11 4163.49 4151.66 4135.4 4121.39 4117.53 4118.31 4114.17 4114.41 4113.65 4108.36 4107.37 4107.43 4104.22 4099.86 4096.84 4100.4 4106.13 4101.4 4101.3 4100.04 4098.48 4099.49 4100.32 4101.39 4101.43 4104.55 4107.34 4111.33 4115.02 4116.81 4117.81 4118.12 4118.21 4117.48 4114.9 4111.03 4106.33 4105.58 4105.29 4108.16 4106.28 4103.24 4103.07 4103.56 4103.69 4103 4101.08 4099.79 4098.63 4097.42 4096.16 4094.98 4096.01 4096.98 4097.8 4098.43 4099 4098.96 4099.07 4099.18 4099.27 4098.37
4193.22 4182.33 4166.14 4162.02 4160.74 4165.72 4150.01 4134.98 4123.91 4118.56 4114.69 4112.13 4109.89 4111.92 4111.72 4109.41 4105.86 4103.35 4102.31 4101.69 4102.65 4103.34 4101.16 4100.88 4100.4 4100.51 4100.28 4100.41 4100.49 4101.01 4103.73 4107.62 4111.09 4113.46 4114.96 4115.73 4115.93 4115.88 4116.45 4112.81 4110.22 4109.56 4107.85 4107.33 4114.04 4108.86 4103.53 4102.69 4102.51 4101.91 4101.18 4100.06 4098.68 4097.8 4097.54 4097.93 4096.74 4096.3 4096.68 4097.72 4098.25 4099.02 4099.05 4098.55 4097.5 4095.92 4095.74
4181.03 4176.22 4165.34 4162.4 4159.6 4150.65 4138.62 4133.18 4127.11 4120.35 4116.83 4114.47 4112.85 4111.33 4110.19 4108.81 4107.38 4105.49 4104.4 4103.2 4102.45 4101.42 4101.27 4101.26 4101.77 4101.89 4101.76 4101.36 4101.16 4101.21 4103.24 4107.87 4111.55 4112.72 4113.3 4113.45 4113.45 4112.45 4110.22 4108.08 4109.01 4109.85 4110.08 4112.08 4115.03 4108.96 4104.39 4103.14 4102.12 4101.15 4099.81 4098.66 4098.13 4097.81 4096.56 4096.22 4096.04 4096.47 4097.05 4097.75 4098.02 4098.37 4098.3 4098.08 4097.22 4096.03 4095.46
4174.18 4173.69 4171.87 4162.77 4153.61 4131.77 4128.82 4125.51 4122.91 4120.31 4117.52 4115.65 4113.67 4112.45 4111.6 4110.52 4110.17 4107.84 4106.99 4105.15 4103.91 4101.69 4100.95 4101.85 4102.62 4103.89 4103.3 4102.88 4102.55 4102.81 4104.93 4108.29 4110.69 4111.65 4112.02 4112.08 4111.57 4110.19 4107.68 4108.07 4107.99 4109.14 4110.83 4113.69 4116.36 4112.14 4106.65 4104.23 4102.25 4100.58 4099.23 4097.61 4096.81 4096.87 4095.7 4094.89 4095.62 4096.52 4097.35 4098.12 4098.8 4099.09 4099.12 4098.9 4098.26 4096.73 4098.09
4173.02 4170.25 4167.19 4159.15 4149.49 4144.38 4134.88 4127.11 4122.8 4120.93 4118.44 4116.46 4114.78 4113.71 4113.02 4112.57 4111.05 4109.61 4108.45 4106.67 4104.57 4102.83 4100.58 4101.71 4102.97 4102.91 4104.58 4104.11 4103.6 4104.23 4105.83 4106.78 4107.17 4109.83 4110.87 4110.95 4110.5 4109.76 4109.03 4106.27 4104.7 4106.35 4108.71 4112.02 4114.28 4112.26 4109.61 4106.31 4103.71 4101.33 4099.44 4097.67 4096.6 4095.68 4095.2 4095.29 4096.02 4097.2 4098.03 4099.06 4099.52 4100.04 4100.41 4100.71 4100.23 4098.65 4099.79
4170.8 4167.36 4162.16 4155.97 4153.22 4156.84 4137.73 4132.47 4126.16 4122.17 4119.31 4117.4 4115.79 4114.73 4114.07 4113.97 4113.2 4110.89 4108.68 4106.75 4105.05 4103.17 4100.71 4102.63 4105.92 4109.62 4107.46 4105.23 4103.53 4102.44 4103.11 4105.07 4108.45 4110.03 4109.84 4109.61 4109.03 4108.16 4106.09 4101.83 4102.92 4105.12 4108.87 4112.66 4116.08 4116.89 4111.32 4107.58 4104.69 4102.23 4099.4 4097.39 4095.97 4096.21 4095.24 4095.78 4097.79 4099.35 4099.86 4100.52 4100.87 4101.11 4101.54 4102.35 4102.76 4101.86 4101.59
4167.76 4160.19 4154.99 4149.47 4143.98 4137.46 4136.69 4126.75 4124.6 4121.26 4119.11 4117.81 4115.84 4114.4 4113.32 4113.35 4112.21 4110.41 4108.47 4106.64 4104.57 4103.05 4100.91 4103.58 4107.28 4109.83 4108.22 4105.37 4102.83 4100.33 4097.45 4103.15 4108.16 4108.79 4108.47 4108.35 4107.82 4106.22 4105.51 4105.57 4103.04 4105.19 4108.38 4112.49 4116.43 4113.36 4110.61 4108.45 4105.96 4102.65 4099.91 4097.43 4096.1 4095.37 4096.93 4098.94 4100.95 4101.7 4102.04 4101.76 4101.76 4101.56 4101.82 4102.65 4104.97 4110.31 4101.54
4157.98 4148.22 4144.58 4141.75 4137.89 4135.24 4133.83 4128.82 4123.69 4121.53 4118.77 4116.72 4114.58 4112.85 4111.33 4109.75 4109.01 4108.77 4107.73 4106.48 4104.88 4102.87 4102.29 4103.24 4105.34 4106.41 4106.33 4104.45 4102.13 4100.11 4099.58 4101.13 4102.52 4104.78 4106.33 4106.93 4107.14 4107.09 4103.78 4100.9 4101.44 4104.32 4110.5 4111 4112.46 4112.22 4110.86 4108.74 4105.82 4103.16 4100.57 4098.15 4096.1 4095.17 4101.66 4105.54 4105.07 4104.58 4103.69 4102.76 4101.73 4101.12 4100.92 4100.86 4100.16 4098.97 4098.25
4138.77 4139.06 4139.08 4137.09 4134.77 4136.17 4136.37 4124.27 4124.27 4122.29 4119.83 4116.89 4114.81 4112.96 4110.29 4106.96 4106.28 4107.14 4106.87 4106.27 4105.98 4104.62 4100.53 4101.13 4103.32 4105.74 4105.24 4103.38 4101.44 4099.81 4098.83 4099.52 4101.76 4103.39 4104.65 4106.09 4106.41 4104.24 4100.23 4097.49 4097.75 4101.41 4104.25 4106.38 4106.92 4110 4111.21 4109.32 4106.79 4103.91 4101.18 4098.83 4097.07 4095.82 4103.78 4109.33 4108.3 4106.26 4104.2 4102.55 4101.05 4099.83 4099.29 4098.54 4097.57 4096.41 4095.68
4131.81 4143.05 4139.56 4135.58 4132.27 4130.34 4132.21 4130.52 4126.21 4123.4 4119.93 4116.52 4114.42 4111.84 4109.71 4107.69 4106.29 4106.41 4105.94 4105.28 4104.23 4102.01 4098.7 4098.99 4101.18 4102.71 4102.91 4101.72 4100.4 4099.55 4099.13 4099.39 4099.31 4100.2 4103.05 4105.68 4107.43 4106.44 4100.71 4097.62 4097.62 4099.17 4101.59 4102.34 4104.03 4108.18 4110.81 4109.5 4106.87 4104.22 4101.76 4099.77 4098.57 4096.72 4106.95 4112.05 4109.92 4107.76 4105.22 4102.75 4100.59 4098.47 4096.7 4095.87 4096.5 4095.63 4093.75
4147.44 4144.6 4140.52 4134.61 4130.34 4127.28 4130.84 4130.9 4127.45 4123.53 4120.2 4116.93 4114.33 4112.06 4109.87 4108.35 4106.35 4106.08 4105.31 4104.32 4103.12 4100.99 4098.67 4098.45 4099.54 4100.49 4100.64 4100.18 4099.52 4099.21 4099.66 4099.57 4098.28 4099.1 4102 4105.74 4109.64 4113.9 4107.34 4099.73 4095.82 4096.82 4098.72 4098.63 4098.96 4107.45 4111.66 4108.88 4106.27 4103.72 4101.67 4100.06 4099.24 4099.75 4106.86 4110.62 4109.68 4107.49 4104.71 4101.9 4099.11 4096.28 4093.57 4091.6 4090.59 4090.74 4091.07
4150.21 4145.13 4138.12 4133.68 4130.38 4128.78 4132.52 4130.94 4127.06 4123.35 4120.12 4117.57 4114.9 4111.64 4109.12 4107.38 4105.91 4105.8 4104.79 4103.5 4101.93 4100.35 4099.18 4098.4 4098.54 4099.13 4099.53 4098.6 4098.2 4098.05 4098.17 4098.04 4096.99 4097.54 4100.84 4104.9 4109.01 4113.02 4116.73 4101.84 4093.15 4094.41 4095.69 4096.5 4098.42 4103.41 4106.49 4106.19 4105.14 4103.62 4102.09 4100.55 4099.44 4099.63 4102.77 4107.79 4108.14 4106.38 4104.04 4100.91 4097.22 4094.04 4090.58 4087 4083.13 4085.32 4088.53
4145.53 4128.73 4133.74 4132.84 4130.13 4126.95 4122.89 4124.92 4123.98 4122.53 4119.68 4117.62 4114.79 4111.38 4108.99 4106.55 4106.31 4105.96 4104.89 4103.4 4101.47 4100.2 4098.74 4097.88 4097.9 4097.3 4096.59 4096.73 4096.86 4096.6 4095.61 4093.78 4095.11 4096.11 4099.39 4103.4 4107.21 4108.65 4112.44 4102.96 4095.29 4094.23 4094.42 4095.09 4096.52 4098.79 4100.74 4103.22 4104.05 4103.87 4102.87 4102.22 4101.54 4101.23 4104.13 4106.3 4106.16 4104.48 4101.98 4099.24 4095.87 4092.41 4088.51 4084.76 4082.42 4084.12 4087.64
4170.57 4146.49 4138.82 4134.49 4130.92 4128.17 4126.5 4118.8 4120.73 4119.06 4117.05 4114.53 4112.88 4111.07 4109.11 4107.17 4106.57 4106.29 4105.48 4104.2 4101.72 4101.14 4100.82 4100.52 4097.91 4096.02 4094.42 4096.05 4096.29 4095.7 4094.8 4093.73 4093.87 4095.13 4097.46 4101.73 4106.17 4109.59 4110.3 4104.97 4098.88 4094.26 4093.39 4094.07 4095.39 4097.61 4100.19 4102.23 4103.86 4104.78 4105.09 4104.78 4103.78 4102.24 4105.81 4105.37 4103.57 4101.17 4098.6 4095.82 4093.28 4090.28 4087.11 4084.43 4081.72 4084.11 4087.58
4166.75 4158.3 4146.45 4138.72 4133.21 4127.97 4120.41 4123.03 4119.88 4117.33 4115.77 4114.67 4113.04 4111.35 4109.61 4108.22 4107.44 4106.87 4106.3 4106.23 4106.75 4102.56 4100.18 4099.18 4097.3 4097.23 4096.96 4097.4 4096.62 4095.58 4094.52 4094.3 4092.61 4091.93 4094.98 4099.51 4104.64 4107.23 4106.47 4106.53 4103.25 4097.49 4095.32 4094.69 4095.11 4097.02 4099.41 4102.25 4104.8 4107.06 4108.3 4109.15 4108.5 4105.8 4105.46 4103.62 4102.22 4101.16 4098.7 4095.97 4093.21 4090.06 4087.03 4084.81 4084.32 4084.64 4086.28
4177.68 4163.25 4151.67 4142.36 4134.31 4127.61 4120.58 4116.67 4115.75 4114.74 4113.58 4112.67 4112.16 4111.06 4110.03 4108.8 4107.97 4107.35 4106.48 4105.58 4104.02 4101.82 4098.05 4093.27 4095.91 4098.37 4102.32 4099.3 4097.13 4095.61 4094.2 4092.68 4091.99 4091.94 4093.83 4097.13 4100.59 4103.4 4106.05 4109.51 4108.53 4104.83 4099.7 4095.61 4094.54 4096.38 4099.6 4101.98 4104.85 4108.01 4111.14 4113.67 4115.08 4113.49 4105.47 4102.9 4102.17 4100.35 4098.49 4095.86 4093.31 4090.05 4087.21 4084.91 4083.78 4084.15 4084.57
4173.18 4165.1 4155.36 4145 4134.49 4126.97 4122.87 4116.18 4112.87 4113.32 4112.95 4112.5 4111.74 4111.3 4110.2 4109.37 4108.49 4107.63 4106.58 4104.64 4102.16 4100.93 4098.42 4097.8 4096.93 4098.05 4098.48 4098 4096.71 4095.58 4094.49 4093.57 4092.83 4092.38 4093.17 4095.09 4097.09 4100.76 4105.38 4109.3 4111.68 4111.5 4103.35 4095.68 4093.31 4095.19 4098.26 4101.27 4105.42 4109.75 4114.17 4118.16 4121.87 4121.81 4110.37 4106.23 4104.64 4103.09 4100.56 4097.91 4094.67 4091.59 4088.65 4085.68 4084.5 4084.83 4085.18
4173.13 4168.58 4156.72 4143.98 4132.44 4123.06 4118.33 4113.91 4113.19 4113.2 4113.12 4112.75 4112.35 4112.3 4111.78 4110.32 4108.82 4107.56 4106.96 4106.52 4104.58 4101.77 4099.59 4097.92 4097.67 4097.41 4096.7 4096.29 4096.05 4095.47 4095.08 4094.9 4094.28 4093.06 4092.91 4094.27 4095.66 4097.07 4101.05 4107.54 4113.47 4117.13 4105.94 4096.87 4093.35 4094.48 4096.59 4100.55 4105.34 4110.85 4116.33 4121.83 4126.74 4128.96 4112.4 4110.02 4109.03 4106.65 4103.42 4100.03 4096.62 4093.59 4090.67 4088.01 4086.54 4086.13 4085.89
4179.34 4171.81 4155.93 4141.13 4129.77 4120.55 4117.07 4122.59 4116.62 4113.97 4113.12 4112.36 4112.22 4111.81 4112.71 4110.52 4108.61 4107.06 4106.17 4106.81 4105.29 4101.83 4100.02 4099.41 4098.2 4097.01 4096.31 4095.98 4095.76 4095.72 4095.37 4095.62 4095.27 4094.2 4094.18 4094.34 4094.52 4095.16 4096.37 4100.18 4109.96 4113.63 4105.19 4096.77 4094.06 4094.67 4096.27 4100.21 4105.76 4111.72 4117.88 4123.33 4127.71 4129.02 4126.36 4120.27 4115.88 4112.31 4108.16 4103.92 4099.68 4095.78 4092.63 4090.56 4088.73 4087.6 4086.13
4184.92 4168.62 4148.77 4135.55 4126.32 4120.38 4117.57 4122.6 4117.99 4114.84 4113.32 4112.39 4111.31 4109.96 4107.72 4108.43 4107.81 4106.7 4104.34 4101.58 4100.73 4100.14 4099.15 4098.19 4097.14 4096.19 4095.91 4095.94 4095.36 4095.25 4095.24 4094.94 4094.55 4094.44 4094.55 4094.7 4095.13 4095.27 4094.5 4096.32 4102 4104.58 4101.22 4096 4095.03 4095.73 4097.58 4101.17 4106.71 4113.15 4119.25 4124.5 4127.9 4129.33 4126.91 4126.7 4123.46 4118.5 4112.96 4107.8 4102.45 4097.57 4093.67 4090.42 4088.83 4088.77 4090.92
4193.89 4158.76 4137.69 4129.01 4123.33 4119.98 4117.89 4118.95 4116.67 4114.57 4113.47 4112.39 4111.25 4110.24 4109.9 4108.43 4108.1 4106.86 4104.28 4099.01 4099.03 4099.06 4097.91 4097.44 4096.92 4094.11 4093.93 4094.27 4094.7 4095.19 4095.29 4094.57 4093.4 4094.47 4094.41 4094.4 4095.4 4096.48 4094.14 4094.39 4096.56 4098.15 4098.18 4098.07 4096.79 4097.49 4098.93 4101.97 4107.98 4114.17 4120.17 4125.39 4128.8 4129.85 4128.99 4133.52 4129.55 4124.25 4118.48 4112.42 4105.67 4099.36 4094.12 4090.94 4087.58 4086.45 4085.51
4187.35 4161.33 4131.41 4125.69 4121.53 4120.61 4118.39 4117.44 4116.13 4114.13 4113.6 4112.84 4111.62 4110.37 4109.34 4109.09 4108.62 4108.12 4107.72 4108.1 4103.38 4100.02 4096.68 4092.03 4086.45 4090.61 4092.27 4092.63 4094.37 4095.55 4096.27 4096.66 4095.15 4096.93 4096.24 4093.87 4091.11 4092.48 4092.86 4093.47 4095.18 4096.57 4097.47 4098.42 4098.98 4100.33 4101.95 4105.06 4110.44 4116.39 4122.2 4127.26 4130.75 4130.51 4128.9 4134.88 4133.92 4129.26 4123.43 4116.19 4108.42 4100.51 4093.1 4087.42 4084.87 4082.98 4080.39
4183.66 4168.49 4137.08 4130.23 4123.08 4116.38 4117.36 4118.56 4114.58 4114.51 4114.06 4113.42 4112.45 4111.39 4110.36 4110.09 4109.77 4109.56 4109.27 4108.79 4105.43 4101.38 4097.34 4092.74 4090.42 4092.12 4093.44 4094.45 4095.62 4096.8 4097.87 4099.15 4101.26 4097.34 4095.02 4093.84 4093.4 4092.8 4093.69 4093.86 4093.82 4096.08 4098.8 4100.63 4102.55 4104.24 4105.73 4106.46 4113.88 4120.22 4125.02 4129.62 4134.83 4134.22 4129.4 4135.74 4137.5 4134.3 4128.54 4121.2 4112.02 4101.47 4090.78 4083.85 4082.06 4081.41 4081.37
4182.29 4182.21 4156.59 4141.44 4129.09 4121.68 4118.89 4121.17 4121.1 4116.93 4114.73 4113.68 4113.18 4112.41 4111.53 4111.23 4110.71 4110.23 4110.21 4109.1 4106.22 4103.05 4100.06 4098.13 4097.33 4096.55 4096.23 4096.91 4097.29 4098.13 4098.9 4098.78 4095.07 4094.14 4089.74 4090.91 4093.78 4092.42 4091.88 4092.87 4094.66 4096.51 4100.18 4104.42 4105.96 4108.91 4112.41 4117.34 4121.16 4124.37 4128.11 4131.67 4131.77 4132.42 4132.77 4137.09 4141.63 4140.11 4133.63 4125.6 4116.41 4105.06 4089.98 4079.93 4080.98 4079.75 4078.87
4176.45 4177.62 4174.95 4153.14 4133.14 4120.47 4117.51 4115.38 4115.82 4115.88 4115.52 4114.85 4113.89 4112.67 4111.9 4111.57 4111.36 4110.97 4110.73 4109.37 4107.14 4104.49 4102.26 4101.01 4101.52 4099.38 4098.11 4097.53 4098.44 4099.56 4100.16 4100.64 4102.29 4098.06 4092.94 4091.61 4091.07 4090.97 4090.75 4089.24 4097.94 4095.33 4096.3 4102.63 4109.65 4113.59 4118.02 4124.03 4125.36 4127.21 4131.25 4135.02 4135.54 4134.38 4132.61 4141.16 4150.11 4146.39 4139.58 4130.93 4121.91 4112.75 4105.47 4094.44 4085.22 4080.19 4077.03
4172.11 4168.92 4179.7 4159.98 4134.73 4118.6 4118.12 4120.38 4117.86 4117.31 4118.41 4117.4 4114.99 4113.13 4111.7 4111.39 4111.46 4111.18 4110.65 4109.67 4107.6 4105.52 4103.44 4101.53 4099.73 4098.96 4099.65 4100.95 4101.38 4101.36 4101.56 4101.82 4101.39 4098.99 4095.31 4091.72 4090.19 4090.62 4090.73 4084.28 4068.96 4095.65 4108.5 4113.42 4116.4 4118.59 4119.66 4118.91 4121.81 4128.41 4134.43 4140.34 4147.48 4141.03 4135.78 4141.48 4154.85 4151.34 4143.38 4134.49 4125.72 4117.87 4112.93 4102.19 4088.38 4079.47 4075
4173.41 4176.35 4181.5 4162.19 4137.01 4122.4 4121.38 4128.25 4130.88 4126.57 4125.09 4121.69 4117.42 4114.05 4112.37 4112.36 4112.54 4112.13 4109.73 4108.64 4108.7 4106.81 4104.45 4101.95 4099.22 4099.04 4100.55 4102.16 4102.62 4102.47 4102.69 4102.58 4102.17 4100.29 4097.84 4100.12 4095.5 4094.7 4096.33 4098.85 4104.3 4109.52 4119.25 4123.06 4124.12 4124.43 4123.52 4120.12 4123.03 4131.39 4136.91 4141.47 4145.65 4144.5 4143.3 4148.82 4160.06 4154.01 4144.89 4135.59 4126.63 4117.63 4107.37 4098.81 4087.64 4076.81 4073.3
4175.57 4176.2 4179.72 4160.07 4130.93 4119.15 4123.16 4129.6 4144.13 4143.19 4136 4127.42 4119.97 4114.79 4113.05 4113.42 4114.07 4115.44 4118.07 4114.75 4111.26 4108.67 4106.07 4103.66 4101.59 4101.1 4101.86 4102.13 4102.35 4102.78 4103.04 4102.97 4101.99 4099.78 4098.32 4095.28 4097.95 4096.8 4099.27 4107.14 4115.62 4121.97 4129.33 4131.61 4131.63 4130.92 4130.59 4133.89 4138.28 4136.88 4139.64 4140.93 4140.68 4146.17 4151.53 4162.71 4162.05 4152.36 4144.48 4136.09 4127.93 4118.14 4106.47 4098.82 4089.46 4077.39 4073.29
4175.21 4173.58 4174.15 4157.24 4130.08 4122.05 4127.74 4135.61 4152.39 4157.95 4144.61 4132.42 4121.79 4115.6 4113.91 4114.46 4115.04 4116.03 4116.69 4116.12 4112.86 4110.11 4107.78 4105.74 4104.88 4104.71 4103.19 4102.98 4103.19 4102.99 4103.28 4103.75 4103.99 4103.59 4100.07 4095.69 4100.62 4098.66 4100.83 4109 4119.28 4129.81 4138.42 4138.89 4138.41 4138.36 4137.18 4134.4 4130.92 4140.76 4144.81 4146.17 4146.98 4149.09 4151.32 4147.78 4148.8 4144.87 4141.28 4136.39 4130.5 4123.15 4113.03 4106.94 4098.93 4088.36 4082.06
4173.34 4167.33 4164.75 4157.23 4138.2 4132.51 4137.15 4144.35 4154.65 4150.7 4147.91 4137.49 4123.38 4114.95 4116.4 4116.47 4116.49 4116.07 4113.73 4113.91 4112.61 4110.55 4108.72 4107.14 4105.28 4103.41 4103.52 4103.27 4102.71 4102.81 4103.26 4103.72 4104.79 4105.83 4101.74 4100.63 4104.28 4100.79 4105.44 4114.5 4125.36 4135.28 4140.7 4144.47 4144 4143.33 4142.48 4142.54 4146.1 4148.87 4151.88 4154.03 4153.56 4152.37 4150.18 4146.01 4139.17 4138.23 4138.03 4135.81 4132.87 4130.17 4127.99 4116.9 4110.84 4108.24 4094.95
