real_craters/C162-750m.grd
DSAA
157 157
-58.38 58.38
-58.38 58.38
2814.7614675367 4970.2374792715
[rows 114 to 151 of 157, columns 0 to 83 of 157]
4159 4161 4161 4159 4163 4154 4148 4149 4152 4153 4154 4152 4152 4154 4156 4158 4157 4161 4164 4169 4176 4184 4190 4183 4177 4179 4180 4177 4179 4186 4192 4198 4208 4212 4220 4231 4227 4214 4204 4195 4190 4189 4188 4192 4197 4197 4201 4205 4204 4203 4199 4193 4188 4184 4185 4191 4182 4175 4161 4158 4159 4158 4154 4157 4167 4176 4186 4193 4190 4184 4177 4173 4170 4164 4164 4166 4165 4171 4167 4160 4146 4170 4211 4207
4162 4160 4158 4159 4164 4150 4146 4148 4151 4152 4152 4151 4153 4157 4161 4163 4157 4161 4164 4166 4173 4181 4188 4182 4178 4176 4174 4175 4176 4180 4184 4187 4186 4181 4202 4215 4217 4203 4189 4180 4179 4173 4179 4188 4194 4199 4201 4205 4211 4207 4203 4201 4197 4197 4196 4200 4195 4190 4173 4167 4162 4160 4159 4165 4171 4180 4193 4205 4197 4190 4182 4178 4176 4174 4165 4156 4159 4163 4157 4142 4143 4151 4154 4174
4161 4158 4157 4158 4158 4154 4149 4150 4151 4152 4152 4152 4153 4160 4165 4166 4158 4158 4157 4161 4168 4174 4178 4180 4177 4169 4168 4171 4176 4177 4178 4178 4178 4181 4192 4204 4197 4192 4183 4177 4182 4190 4185 4185 4188 4197 4194 4200 4203 4205 4204 4203 4197 4187 4192 4196 4167 4183 4184 4187 4171 4168 4169 4171 4173 4183 4191 4195 4197 4193 4190 4184 4179 4173 4167 4165 4159 4162 4159 4135 4142 4141 4137 4154
4157 4157 4156 4156 4156 4153 4151 4152 4156 4152 4155 4153 4155 4162 4169 4167 4157 4160 4163 4162 4164 4165 4167 4167 4165 4165 4167 4167 4171 4173 4174 4173 4175 4180 4187 4192 4188 4186 4184 4180 4187 4197 4188 4183 4176 4171 4183 4192 4199 4200 4199 4197 4193 4189 4190 4190 4180 4178 4180 4170 4179 4179 4176 4164 4173 4185 4195 4200 4196 4195 4190 4186 4181 4178 4170 4181 4156 4157 4156 4148 4143 4141 4148 4151
4155 4157 4157 4156 4157 4154 4153 4153 4152 4156 4157 4155 4161 4161 4167 4166 4158 4161 4161 4161 4161 4159 4159 4162 4163 4164 4168 4166 4170 4171 4172 4172 4174 4176 4181 4182 4184 4187 4191 4200 4188 4176 4183 4181 4180 4177 4182 4188 4191 4194 4193 4192 4190 4186 4182 4178 4170 4179 4183 4184 4182 4187 4186 4180 4180 4186 4193 4196 4194 4191 4186 4183 4179 4170 4163 4163 4157 4156 4159 4165 4153 4139 4143 4151
4155 4156 4154 4155 4155 4153 4153 4153 4155 4155 4152 4152 4152 4155 4159 4163 4162 4158 4162 4160 4159 4159 4159 4161 4162 4165 4167 4168 4168 4171 4172 4172 4174 4177 4180 4184 4189 4193 4194 4196 4192 4188 4186 4184 4179 4183 4186 4186 4186 4186 4187 4186 4183 4180 4172 4163 4174 4181 4186 4189 4185 4186 4192 4199 4187 4188 4193 4192 4189 4185 4182 4181 4178 4175 4166 4164 4162 4159 4164 4173 4164 4154 4147 4153
4157 4157 4154 4155 4155 4153 4151 4150 4152 4156 4150 4151 4152 4151 4151 4165 4165 4158 4158 4158 4158 4159 4160 4162 4163 4165 4165 4167 4169 4173 4175 4176 4178 4179 4182 4190 4199 4198 4196 4192 4197 4199 4191 4188 4189 4187 4186 4183 4181 4181 4182 4184 4184 4180 4174 4164 4168 4170 4186 4187 4178 4182 4185 4177 4183 4187 4192 4188 4183 4180 4179 4177 4175 4171 4163 4151 4167 4166 4165 4165 4162 4150 4148 4156
4155 4155 4154 4156 4155 4153 4151 4150 4149 4149 4150 4151 4153 4147 4144 4179 4169 4158 4157 4157 4158 4159 4160 4162 4163 4164 4166 4168 4169 4176 4183 4185 4186 4184 4181 4187 4198 4200 4199 4200 4199 4195 4192 4190 4188 4185 4179 4179 4177 4173 4179 4183 4186 4179 4171 4170 4167 4168 4181 4179 4179 4180 4179 4175 4172 4178 4186 4178 4172 4171 4171 4171 4171 4168 4159 4145 4154 4153 4159 4163 4165 4162 4158 4161
4155 4157 4156 4155 4156 4152 4150 4150 4150 4149 4149 4151 4151 4146 4145 4180 4168 4157 4156 4156 4157 4159 4161 4163 4164 4165 4167 4168 4169 4179 4199 4207 4193 4187 4184 4187 4198 4199 4199 4199 4196 4191 4188 4187 4186 4182 4179 4177 4177 4182 4179 4177 4178 4170 4175 4176 4167 4169 4170 4182 4183 4181 4178 4176 4164 4141 4146 4148 4157 4163 4165 4167 4167 4162 4151 4135 4140 4152 4156 4159 4162 4169 4166 4165
4157 4155 4154 4154 4151 4151 4150 4150 4150 4150 4148 4149 4150 4148 4147 4171 4163 4154 4155 4155 4156 4158 4161 4163 4164 4166 4167 4169 4170 4175 4185 4192 4190 4185 4186 4198 4200 4199 4196 4192 4183 4180 4181 4181 4179 4177 4178 4173 4176 4180 4176 4170 4162 4159 4155 4159 4152 4154 4167 4179 4187 4178 4173 4169 4161 4137 4109 4131 4147 4154 4158 4159 4160 4155 4141 4134 4131 4142 4152 4161 4166 4165 4163 4165
4154 4155 4153 4154 4151 4150 4150 4150 4150 4149 4148 4149 4149 4148 4150 4164 4157 4153 4154 4155 4155 4156 4161 4164 4165 4166 4167 4170 4170 4173 4176 4180 4184 4185 4195 4197 4200 4198 4192 4186 4181 4176 4175 4175 4173 4168 4161 4164 4168 4170 4169 4166 4162 4159 4153 4146 4142 4146 4158 4174 4176 4166 4158 4152 4143 4158 4165 4151 4149 4151 4153 4154 4153 4147 4139 4135 4133 4135 4151 4163 4170 4167 4171 4168
4153 4153 4152 4152 4150 4150 4150 4150 4150 4148 4148 4148 4148 4148 4149 4160 4155 4154 4154 4155 4155 4156 4159 4163 4165 4167 4168 4168 4170 4173 4177 4180 4182 4183 4183 4191 4196 4194 4187 4179 4169 4170 4170 4170 4169 4164 4157 4159 4162 4160 4162 4164 4165 4164 4159 4149 4145 4148 4153 4162 4160 4152 4142 4128 4133 4149 4157 4153 4148 4147 4145 4145 4145 4141 4131 4132 4141 4148 4157 4166 4165 4180 4186 4178
4153 4152 4152 4152 4150 4150 4150 4150 4149 4149 4148 4148 4148 4148 4153 4158 4153 4153 4155 4155 4156 4157 4160 4162 4164 4166 4168 4172 4170 4175 4179 4182 4183 4184 4187 4191 4191 4189 4184 4177 4168 4165 4167 4170 4168 4164 4164 4163 4161 4161 4161 4160 4163 4161 4152 4145 4149 4149 4147 4149 4147 4140 4130 4119 4115 4134 4144 4146 4142 4142 4140 4138 4136 4139 4146 4136 4145 4153 4160 4172 4189 4209 4213 4199
4157 4154 4152 4152 4151 4151 4150 4150 4149 4147 4149 4148 4147 4148 4155 4156 4151 4155 4155 4155 4156 4158 4160 4162 4164 4167 4168 4173 4172 4174 4185 4183 4184 4185 4186 4186 4188 4188 4183 4177 4166 4161 4162 4163 4164 4163 4162 4160 4158 4156 4153 4153 4149 4144 4137 4133 4144 4152 4144 4140 4142 4137 4127 4116 4113 4122 4130 4135 4138 4138 4136 4132 4124 4133 4141 4140 4143 4148 4160 4174 4198 4231 4257 4217
4159 4152 4152 4154 4154 4153 4151 4150 4149 4147 4150 4147 4146 4147 4154 4157 4154 4152 4154 4155 4156 4158 4162 4163 4165 4168 4169 4171 4172 4174 4177 4181 4184 4186 4186 4183 4186 4187 4183 4177 4169 4162 4158 4155 4156 4159 4160 4161 4156 4153 4151 4147 4141 4133 4133 4130 4137 4149 4145 4143 4138 4132 4125 4118 4113 4113 4119 4126 4131 4133 4135 4134 4133 4130 4128 4143 4140 4153 4156 4167 4181 4209 4228 4213
4152 4154 4153 4159 4156 4153 4151 4150 4148 4147 4148 4147 4146 4144 4157 4157 4154 4153 4154 4155 4155 4158 4161 4164 4165 4168 4169 4173 4173 4173 4176 4180 4184 4185 4183 4181 4184 4188 4182 4175 4167 4160 4158 4159 4156 4156 4155 4154 4150 4148 4144 4142 4139 4135 4132 4130 4129 4125 4131 4134 4126 4123 4123 4120 4120 4115 4114 4120 4125 4131 4135 4138 4138 4129 4128 4133 4146 4142 4151 4160 4175 4189 4191 4200
4154 4150 4153 4157 4155 4154 4153 4150 4149 4146 4148 4147 4146 4149 4156 4155 4154 4155 4155 4156 4158 4160 4162 4163 4164 4166 4168 4173 4176 4172 4178 4180 4184 4186 4186 4179 4181 4188 4180 4172 4161 4154 4157 4159 4156 4153 4148 4149 4145 4143 4140 4139 4137 4135 4133 4132 4126 4125 4125 4128 4125 4125 4123 4119 4114 4104 4109 4115 4121 4128 4134 4141 4144 4131 4129 4141 4161 4156 4156 4158 4155 4173 4186 4189
4156 4154 4153 4152 4153 4153 4151 4149 4146 4147 4146 4146 4146 4148 4149 4151 4153 4154 4155 4157 4158 4158 4159 4161 4162 4164 4167 4170 4171 4172 4176 4181 4183 4184 4182 4177 4176 4176 4173 4168 4160 4155 4157 4158 4154 4150 4147 4145 4142 4141 4138 4137 4135 4132 4133 4132 4127 4120 4121 4127 4134 4127 4123 4116 4108 4102 4105 4113 4120 4127 4131 4135 4137 4138 4141 4145 4157 4157 4159 4164 4161 4164 4156 4161
4155 4154 4151 4152 4153 4152 4150 4148 4147 4146 4147 4147 4145 4148 4150 4151 4152 4153 4155 4157 4159 4158 4158 4159 4160 4163 4166 4164 4172 4176 4178 4182 4183 4184 4181 4175 4172 4169 4168 4166 4163 4160 4156 4154 4151 4148 4145 4142 4140 4140 4141 4137 4133 4131 4135 4132 4126 4118 4126 4136 4145 4141 4125 4115 4106 4101 4105 4111 4117 4125 4131 4135 4142 4146 4147 4145 4139 4148 4158 4168 4166 4127 4126 4130
4157 4149 4128 4148 4153 4152 4149 4148 4148 4146 4147 4147 4144 4147 4153 4150 4151 4152 4154 4156 4158 4157 4158 4159 4161 4166 4173 4163 4171 4174 4182 4183 4184 4184 4180 4175 4172 4169 4167 4162 4163 4163 4154 4149 4149 4147 4144 4140 4139 4139 4137 4136 4133 4131 4131 4127 4121 4116 4123 4138 4154 4150 4129 4115 4106 4106 4106 4111 4117 4125 4134 4143 4151 4160 4155 4146 4140 4148 4152 4154 4147 4097 4099 4103
4153 4146 4149 4151 4151 4150 4148 4145 4144 4146 4146 4145 4143 4149 4151 4149 4150 4152 4154 4155 4156 4157 4159 4159 4161 4165 4169 4170 4171 4172 4178 4185 4186 4184 4179 4172 4171 4170 4167 4162 4159 4155 4152 4150 4150 4148 4145 4143 4141 4140 4139 4137 4134 4133 4130 4123 4117 4120 4121 4135 4156 4169 4129 4115 4106 4103 4105 4109 4115 4122 4131 4144 4146 4148 4148 4144 4144 4142 4135 4119 4101 4090 4092 4099
4146 4146 4149 4147 4148 4148 4146 4145 4143 4145 4146 4146 4144 4151 4152 4152 4153 4153 4154 4155 4157 4161 4161 4160 4160 4164 4169 4172 4175 4178 4187 4189 4187 4183 4177 4171 4167 4166 4164 4161 4156 4151 4156 4158 4154 4151 4147 4146 4143 4141 4139 4137 4135 4133 4126 4119 4116 4122 4113 4123 4138 4144 4121 4112 4106 4105 4105 4109 4113 4118 4124 4132 4135 4141 4139 4138 4135 4128 4119 4094 4082 4085 4091 4094
4145 4149 4146 4144 4146 4146 4145 4145 4148 4148 4148 4148 4146 4154 4154 4154 4155 4155 4156 4157 4159 4161 4162 4162 4162 4166 4173 4176 4177 4180 4190 4192 4187 4182 4176 4168 4163 4163 4162 4160 4156 4152 4162 4162 4157 4152 4148 4144 4142 4143 4142 4140 4136 4130 4118 4116 4119 4118 4113 4115 4117 4108 4114 4109 4104 4104 4104 4108 4111 4114 4116 4116 4120 4126 4122 4121 4111 4100 4085 4082 4078 4082 4098 4111
4147 4145 4149 4146 4145 4145 4145 4147 4152 4151 4149 4147 4148 4153 4156 4159 4154 4156 4157 4159 4161 4162 4163 4164 4165 4169 4174 4178 4182 4189 4191 4190 4186 4178 4174 4168 4165 4165 4165 4164 4158 4154 4159 4159 4156 4152 4149 4145 4141 4145 4146 4142 4137 4125 4120 4118 4120 4115 4110 4110 4109 4107 4110 4107 4105 4104 4107 4106 4107 4107 4108 4107 4099 4096 4099 4089 4081 4089 4081 4080 4079 4082 4111 4177
4148 4147 4147 4146 4146 4146 4146 4149 4150 4151 4149 4146 4154 4152 4156 4157 4156 4157 4159 4161 4164 4166 4166 4166 4169 4172 4176 4177 4188 4175 4185 4185 4184 4184 4175 4169 4166 4168 4170 4165 4160 4157 4153 4156 4155 4152 4150 4148 4149 4148 4149 4156 4136 4122 4116 4116 4116 4111 4106 4108 4105 4104 4105 4106 4109 4106 4103 4103 4103 4102 4099 4095 4089 4089 4097 4099 4104 4096 4080 4080 4080 4083 4103 4133
4150 4149 4147 4146 4147 4147 4147 4138 4151 4151 4150 4151 4153 4151 4156 4161 4161 4161 4160 4156 4163 4168 4168 4169 4171 4175 4181 4185 4189 4187 4181 4179 4180 4178 4175 4170 4169 4169 4169 4162 4159 4156 4154 4154 4154 4151 4148 4147 4149 4144 4142 4135 4127 4116 4113 4113 4115 4111 4105 4106 4103 4100 4094 4105 4108 4108 4101 4098 4097 4096 4094 4092 4088 4093 4104 4117 4125 4109 4084 4081 4082 4086 4097 4096
4153 4151 4148 4147 4148 4150 4153 4152 4151 4152 4153 4155 4157 4157 4161 4164 4162 4164 4166 4175 4164 4164 4169 4173 4175 4179 4182 4184 4185 4185 4179 4178 4177 4174 4172 4170 4169 4167 4166 4162 4159 4155 4151 4153 4152 4150 4147 4142 4134 4136 4136 4131 4123 4117 4115 4109 4112 4109 4103 4098 4104 4102 4100 4106 4110 4103 4092 4096 4097 4095 4091 4091 4094 4096 4102 4112 4122 4111 4086 4081 4084 4089 4092 4087
4148 4144 4151 4150 4151 4153 4155 4158 4151 4152 4155 4157 4157 4161 4168 4166 4167 4169 4169 4163 4165 4166 4172 4177 4182 4180 4181 4181 4178 4176 4172 4176 4175 4172 4170 4168 4165 4163 4162 4161 4158 4155 4157 4153 4151 4149 4147 4144 4137 4136 4134 4127 4120 4115 4107 4103 4107 4106 4107 4118 4115 4112 4107 4105 4108 4104 4096 4096 4094 4092 4090 4089 4091 4090 4090 4096 4102 4097 4085 4082 4083 4086 4083 4083
4151 4158 4153 4154 4152 4152 4153 4150 4151 4155 4158 4161 4162 4163 4172 4177 4176 4176 4178 4180 4179 4178 4178 4179 4179 4180 4178 4174 4174 4176 4177 4178 4173 4169 4167 4165 4163 4162 4161 4160 4156 4153 4152 4150 4148 4148 4148 4149 4152 4149 4136 4126 4116 4110 4111 4108 4107 4101 4111 4122 4128 4120 4109 4104 4109 4110 4110 4098 4091 4092 4095 4090 4087 4087 4085 4085 4084 4080 4082 4083 4083 4083 4082 4082
4158 4152 4155 4153 4153 4153 4154 4156 4155 4158 4162 4166 4166 4165 4171 4184 4179 4180 4184 4188 4189 4187 4184 4183 4182 4180 4177 4173 4174 4176 4176 4174 4171 4167 4165 4163 4161 4159 4159 4154 4152 4149 4145 4143 4144 4145 4146 4149 4154 4150 4133 4120 4110 4110 4110 4109 4107 4113 4110 4141 4145 4129 4114 4104 4112 4124 4125 4088 4090 4089 4090 4091 4094 4092 4085 4084 4081 4078 4080 4081 4081 4081 4082 4066
4151 4151 4153 4152 4153 4153 4153 4153 4158 4161 4166 4170 4171 4170 4173 4179 4177 4177 4181 4185 4187 4188 4186 4186 4184 4182 4181 4179 4176 4176 4173 4174 4170 4166 4164 4162 4160 4156 4155 4154 4151 4147 4143 4141 4141 4141 4141 4141 4137 4130 4124 4114 4106 4113 4105 4106 4106 4110 4110 4145 4151 4130 4111 4106 4111 4116 4114 4105 4092 4087 4087 4098 4101 4105 4096 4091 4084 4081 4079 4079 4078 4078 4078 4078
4150 4152 4151 4151 4152 4154 4155 4159 4160 4163 4166 4170 4168 4172 4172 4171 4169 4172 4175 4180 4186 4186 4185 4184 4184 4185 4187 4188 4185 4180 4173 4173 4168 4167 4165 4161 4158 4158 4156 4154 4153 4152 4144 4139 4137 4135 4135 4132 4128 4123 4118 4114 4116 4123 4123 4107 4106 4105 4106 4125 4135 4120 4103 4100 4102 4104 4102 4102 4097 4091 4096 4116 4133 4128 4125 4106 4089 4076 4077 4071 4075 4077 4077 4078
4148 4151 4151 4150 4152 4154 4157 4158 4162 4167 4170 4170 4170 4168 4175 4171 4167 4171 4175 4181 4186 4186 4182 4180 4182 4186 4191 4196 4191 4186 4178 4180 4178 4171 4166 4161 4157 4157 4159 4155 4153 4148 4144 4140 4135 4132 4130 4126 4123 4120 4116 4117 4128 4146 4161 4117 4108 4105 4099 4100 4111 4110 4102 4094 4098 4102 4107 4114 4109 4096 4095 4113 4129 4132 4139 4111 4091 4079 4074 4075 4075 4078 4077 4076
4144 4148 4147 4148 4151 4154 4155 4154 4163 4171 4178 4177 4166 4163 4172 4169 4167 4174 4184 4189 4186 4186 4179 4178 4178 4183 4190 4200 4199 4185 4179 4183 4183 4175 4168 4162 4157 4154 4158 4158 4154 4151 4142 4138 4133 4130 4126 4122 4119 4116 4113 4113 4116 4135 4136 4110 4108 4107 4100 4104 4106 4106 4103 4101 4100 4104 4116 4141 4118 4098 4092 4095 4102 4103 4097 4098 4088 4076 4076 4071 4078 4088 4088 4078
4144 4146 4147 4147 4150 4154 4156 4158 4163 4171 4182 4190 4166 4165 4171 4165 4164 4175 4190 4200 4205 4186 4175 4169 4173 4177 4182 4188 4183 4178 4181 4183 4175 4173 4169 4165 4160 4151 4156 4159 4154 4145 4140 4136 4131 4127 4124 4120 4117 4113 4111 4108 4102 4102 4101 4099 4109 4107 4102 4105 4105 4106 4105 4102 4099 4102 4109 4123 4111 4093 4089 4096 4093 4085 4081 4088 4091 4090 4090 4078 4086 4105 4115 4099
4142 4143 4144 4145 4150 4155 4159 4160 4161 4166 4175 4186 4169 4172 4154 4142 4160 4170 4172 4174 4174 4174 4169 4165 4167 4169 4173 4175 4174 4174 4179 4178 4171 4170 4169 4168 4167 4168 4155 4155 4151 4144 4138 4132 4128 4125 4122 4119 4116 4112 4109 4108 4103 4102 4101 4097 4108 4108 4102 4103 4105 4106 4106 4102 4096 4095 4095 4096 4097 4094 4091 4094 4090 4082 4080 4085 4094 4107 4110 4088 4091 4117 4160 4103
4141 4142 4143 4147 4151 4154 4156 4156 4157 4158 4159 4161 4173 4173 4128 4123 4159 4167 4165 4163 4162 4163 4162 4161 4161 4164 4165 4167 4173 4175 4177 4177 4171 4170 4169 4168 4169 4166 4159 4155 4150 4144 4137 4130 4127 4124 4121 4118 4115 4112 4109 4108 4105 4097 4098 4100 4104 4105 4102 4102 4103 4104 4105 4100 4089 4091 4092 4094 4091 4082 4087 4090 4087 4080 4080 4084 4092 4101 4099 4083 4083 4098 4100 4085
4146 4145 4144 4148 4151 4153 4154 4156 4155 4151 4149 4162 4180 4174 4172 4161 4163 4164 4160 4158 4158 4156 4155 4155 4157 4159 4160 4160 4170 4171 4174 4175 4174 4172 4170 4169 4168 4165 4163 4156 4151 4145 4140 4134 4128 4124 4120 4117 4114 4112 4109 4107 4107 4101 4098 4105 4105 4103 4102 4100 4099 4101 4103 4096 4090 4091 4093 4096 4094 4090 4088 4093 4085 4081 4080 4082 4085 4084 4077 4074 4075 4082 4080 4075
