real_craters/C162-1000m.grd
DSAA
68 68
-33.36 33.36
-33.36 33.36
3540.227116786 6015.1164253324
[rows 30 to 59 of 68, columns 0 to 66 of 68]
5325.87 5306.73 5287.68 5267.54 5242.43 5213.78 5189.17 5165.81 5201.94 5205.72 5228.56 5300.23 5342.17 5544.59 5719.11 5884.09 5445.33 5128.39 4847.07 4578.99 4331.58 4120.45 3996.83 3926.15 3877.27 3839.07 3769.16 3709.46 3699.33 3739.74 3860.77 3971.95 4016.69 4029.35 4039.76 3976.8 3931.88 3730.39 3617.14 3574.7 3577.24 3619.03 3669.3 3737.57 3811.46 3877.6 3947.84 4047.89 4203.1 4360.81 4706.66 5111.33 5497.95 5794.26 5567.67 5427.54 5392.2 5387.71 5406.06 5433.77 5451.24 5448.88 5386.47 5399.82 5401.05 5389.33 5371.17
5331.87 5305.65 5281.43 5262.3 5243.24 5222.2 5193.58 5175.66 5134.18 5152.15 5190.76 5278.73 5357.56 5487.06 5586.69 5837.67 5632.79 5314.51 4975.25 4672.52 4398.16 4177.88 4008.64 3914.56 3858.07 3814.05 3762.34 3718.92 3700.06 3742.27 3865.19 4025.1 4136.2 4347.62 4370.92 4205.7 4015.55 3851.71 3673.85 3574.79 3554.09 3597.82 3655.08 3713.29 3772.8 3826.19 3866.86 3984.89 4205.74 4259.82 4608.69 5056.84 5474.79 5724.54 5624.86 5503.05 5436.41 5375.68 5358.69 5399.94 5433.72 5469.27 5382.32 5374.76 5387.56 5406.43 5374.86
5276.01 5247.94 5261.67 5261.29 5245.58 5227.84 5208.38 5174.13 5131.92 5132 5146.42 5159.01 5229.06 5314.62 5369.47 5738.82 5849.06 5412.96 5045.95 4728.64 4430.42 4183.86 4005.56 3940.81 3848.78 3786.59 3753.72 3724.19 3712.12 3755.64 3863.8 4142.45 4262.25 4563.66 4669.36 4536.8 4146.93 3927.37 3692.95 3547.54 3540.23 3589.32 3647.42 3700.78 3759.96 3821.43 3887.49 3933.13 4197.36 4223.33 4584.83 5044.78 5480.22 5814.17 5737.52 5515.94 5475.03 5419.63 5387.9 5393.42 5404.95 5402.59 5382.63 5362.41 5353.3 5353.56 5323.89
5341.86 5316.31 5292.66 5274.8 5255.14 5232.22 5219.48 5212.01 5176.34 5137.55 5122.23 5155.48 5240.77 5209.22 5367.99 5780.57 5792.97 5432.94 5107.45 4776.95 4462.63 4172.8 3960.22 3913.95 3835.12 3783.11 3723.38 3700.8 3716.1 3785.9 3934.45 4303.46 4516.87 4759.59 4796.02 4507.64 4155.4 3913.96 3707.6 3577.08 3551.66 3585.54 3637.35 3697.42 3760.13 3823.77 3895.14 3939.86 4101.34 4333.31 4646.63 5058.72 5479.32 5803.57 5763.42 5592.76 5516.27 5475.64 5427.82 5407.01 5389.74 5363.04 5341.7 5316.66 5300.62 5284.02 5264.75
5445.26 5391.07 5341.12 5298.16 5264.22 5231.01 5214.22 5207.25 5164.87 5134.49 5102.18 5140.41 5171.82 5166.81 5515.6 5848.03 5670.44 5444.42 5145.82 4819.38 4488.82 4185.82 3977.62 3894.82 3828.91 3774.45 3721.55 3698.68 3752.47 3851.73 4026.66 4329.54 4603.86 4773.49 4729.13 4397.71 4134.57 3897.02 3745.01 3621.26 3574.07 3590.82 3645.95 3698.1 3753.5 3819.18 3889.55 3952.18 4150.11 4347.23 4698.33 5091.89 5470.69 5785.59 5792.37 5587.77 5524.45 5469.92 5448.44 5426.22 5405.22 5370.21 5285.99 5257.4 5253.52 5224.37 5192.6
5455.91 5424.27 5362.28 5311.98 5267.76 5228.64 5186.81 5153.68 5140.79 5111.16 5079.75 5138.32 5238.3 5238.25 5317.63 5713.1 5720.46 5487.02 5172.32 4836.33 4505.68 4211.22 4017.33 3929.51 3842.82 3777.23 3734.65 3704.55 3721.24 3877.1 4114.43 4378.36 4563.87 4606.12 4527.91 4307.87 4027.8 3896.17 3792.78 3689.38 3627.1 3608.58 3651.35 3695.07 3747.08 3815.27 3898.75 4005.74 4134.78 4356.31 4738.17 5093.76 5429.27 5684.75 5665.04 5525.08 5516.41 5531.14 5472.03 5443.68 5414.17 5361.14 5276.24 5250.72 5231.8 5226.11 5234.41
5414.76 5386.45 5376.35 5330.38 5275.09 5228.38 5189.11 5166.21 5147.89 5097.08 5060.85 5110.93 5170.06 5215.02 5324.97 5567.23 5799.87 5533.48 5186.88 4843.56 4517.46 4217.08 3978.94 3918.79 3864.71 3789.52 3741.57 3702.06 3703.36 3804.31 3950.98 4095.48 4222.35 4372.91 4413.59 4296.54 4019.43 3838.87 3773.81 3730.66 3690.1 3652.22 3653.32 3683.67 3740.66 3815.95 3916.48 4032.45 4183.19 4359.17 4732.74 5048.67 5349.88 5583.97 5666.51 5537.38 5476.04 5462.41 5446.09 5432.44 5420.43 5368.45 5289.53 5224.15 5226.27 5223.45 5213.57
5431.15 5447.75 5393.7 5338.84 5284.04 5228.08 5199.7 5187.72 5133.42 5097.88 5071.38 5106 5150.78 5169.05 5274.16 5458.61 5576 5451.84 5181.02 4865.5 4536.1 4224.82 3976.98 3918.71 3892.91 3852.18 3791.85 3717.4 3690.69 3740.48 3799.85 3844.07 3964.45 4145.36 4267.99 4198 3983.9 3806 3738.32 3704.31 3705.45 3689.04 3673.77 3686.66 3741.4 3814.27 3921.44 4052.96 4222.55 4494.69 4716.65 5010.37 5299.52 5546.71 5658.06 5511.09 5426.25 5386.93 5391.88 5401.02 5416.38 5379.56 5288.66 5276.59 5243.9 5220.99 5192.06
5405.03 5399.89 5388.46 5336.29 5274.04 5213.25 5144.88 5130.06 5119.01 5114.85 5122.41 5130.17 5146.06 5164.57 5199.92 5302.98 5385.14 5339.75 5158.73 4887.1 4573.93 4264.98 4006.65 3923.5 3883.6 3881.79 3857.47 3799.05 3697.83 3720.51 3746.88 3790.24 3875.99 3976.07 4025.66 4089.81 3897.06 3775.55 3698.78 3667.53 3667.54 3677.96 3694.24 3707.15 3750.73 3823.59 3920.41 4055.78 4211.2 4462.69 4673.57 5013.53 5282.37 5503.44 5576.54 5473.91 5387.44 5342.48 5350.48 5356.09 5342.72 5338.21 5314.22 5267.89 5247.42 5218.12 5200.22
5431.17 5437.02 5398.53 5344.53 5278.96 5216.16 5161.47 5121.37 5104.89 5128.17 5174.39 5138.37 5135.36 5167.84 5168.05 5216.9 5307.94 5307.55 5167.81 4913.19 4619.55 4326.18 4064.93 3991.3 3921.94 3880.62 3874.09 3836.42 3742.05 3736.21 3749.26 3789.15 3838.61 3882.33 3898.18 3891.91 3802.02 3722.21 3665.89 3651.59 3659.04 3682.56 3703.22 3716.22 3752.04 3837.88 3919.53 4023.05 4234.97 4419.66 4819.4 5118.82 5330.87 5467.43 5471.45 5403.04 5362.65 5323.23 5335.05 5338.34 5326.02 5325.67 5327.26 5294.37 5239.32 5210.81 5170.52
5412.99 5427.93 5391.15 5335.36 5271.1 5209.77 5152.4 5079.14 5100.61 5105.99 5120.82 5102.89 5087.81 5134.46 5152.5 5213.74 5399.23 5430.52 5232.39 4983.36 4691.89 4408.22 4150.07 4049.36 3999 3912.65 3862.41 3841.3 3822.59 3806.22 3794.32 3796.93 3822.4 3843.89 3846.41 3829.46 3748.93 3694.53 3650.65 3648.77 3663.49 3682.44 3705.67 3716.5 3741.04 3814.33 3942.86 4070.31 4327.24 4513.2 5007.88 5298.73 5410.91 5448.28 5435.61 5373.81 5357.15 5343.75 5340.65 5347.14 5343.38 5312.76 5301.27 5318.3 5265.85 5214.68 5161.83
5383.23 5391.92 5393.88 5338.6 5259.16 5183.36 5139.47 5069.06 5084.77 5087.75 5073.66 5066.44 5043.29 5070.33 5140.67 5262.38 5417.97 5472.42 5316.59 5057.01 4782.07 4520.2 4324.02 4223.53 4103.91 3972.21 3855.25 3838.82 3823.73 3797.95 3808.53 3807.93 3818.07 3824 3819.92 3813.18 3743.69 3705.7 3691.93 3666.59 3674.81 3687.61 3709.43 3724.42 3773.99 3864.65 4054.59 4230.66 4421.47 4691.05 5268.83 5511.76 5506.21 5435.24 5367.19 5337.9 5324.56 5327.88 5340.51 5359.67 5369.14 5323.02 5295.62 5308.67 5283.93 5215.18 5156.72
5371.82 5442.69 5427.67 5344.71 5258.52 5160.07 5095.25 5112.77 5072.53 5071.67 5093.43 5049.53 5030.21 5055.06 5145.01 5278.96 5457.94 5571.61 5365.6 5118.08 4863.64 4617.49 4425.21 4339.81 4188.51 4017.58 3894.18 3853.85 3815.31 3804.79 3801.85 3814.2 3816.95 3815.99 3811.37 3803.38 3735.73 3702.41 3688.95 3691.01 3692.58 3693.76 3739.22 3800.81 3910.85 4059.53 4233.12 4477.25 4676.6 5009.15 5578.94 5657.8 5551.96 5430.62 5345.71 5302.15 5280.34 5279.88 5314.76 5355.3 5388.4 5345.98 5323.26 5302.11 5272.73 5200.71 5144.09
5317.65 5384.29 5382.91 5330.85 5275.78 5203.91 5110.06 5126.14 5086.13 5061.66 5056.11 5023.5 5008.98 5109.37 5170.65 5249.08 5399.1 5495.35 5340.24 5136.93 4926.31 4747.62 4575.16 4396.96 4310.34 4082.17 3942.36 3912.9 3831.41 3805.5 3803.55 3822.37 3818.1 3816.05 3814.63 3817.1 3748.8 3721.01 3726.11 3715.21 3717.74 3756.14 3864.23 4033.07 4116.44 4241.97 4423.48 4677.65 5018.35 5436.59 5705.38 5657.15 5558.88 5426.57 5316.11 5235.08 5180.76 5224.41 5282.76 5325.64 5365.66 5396.4 5352.02 5290.77 5185.35 5179.37 5150.81
5297.03 5299.75 5302.57 5301.52 5298.62 5306.93 5261.65 5185.04 5127.49 5067.23 5026.27 4999.34 4995.34 5029.34 5155.47 5222.24 5280.91 5309.9 5251.75 5132.93 4981.91 4761.38 4595.54 4479.8 4387.45 4179.56 3995.93 3925.34 3868.87 3837.43 3808.26 3810.47 3816.73 3818.43 3817.49 3828.29 3789.7 3783.4 3811.95 3796.98 3801.57 3924.02 4100.02 4193.44 4288.62 4460.18 4603.07 4862.97 5377.63 5810.27 5754.79 5714.93 5533.53 5392.31 5259.23 5151.74 5191.43 5236.96 5267.19 5298.66 5342.38 5376.65 5351.43 5270.94 5210.12 5190 5167.97
5297.92 5273.19 5272.59 5283.55 5300.02 5299.54 5268.6 5273.88 5174.16 5080.4 5033.63 5007.63 4997.28 5051.67 5097.68 5144.8 5178.22 5195.22 5188.11 5141.38 5071.42 4940.07 4732.62 4498.09 4472.91 4388.95 4182.57 4002.69 3966.79 3881.58 3839.23 3825.43 3838.69 3828.81 3819.41 3859.45 3858.58 3880.76 3983.68 3960.18 3957.88 4036.79 4190.01 4287.47 4476.01 4710.76 4896.18 5174.51 5644.88 6015.12 5766.95 5617.54 5453.78 5294.62 5208.81 5186.52 5186.69 5230.1 5257.74 5291.42 5345.62 5402.89 5357.14 5284.59 5221.59 5210.13 5174.8
5266.32 5250.83 5239.67 5270.91 5299.57 5318.35 5310.6 5288.67 5193.62 5113.33 5049.17 5027.32 5037.68 5078.26 5087.69 5097.36 5117.04 5140.64 5144.94 5161.79 5165.31 5187.67 4958.6 4646.49 4565.77 4575.44 4413.61 4306.09 4116.65 4023.67 3936.9 3907.37 3910.94 3890.45 3852.47 3904.24 3939.9 4002.49 4063.05 4215.69 4191.62 4265.47 4333.87 4406.75 4543.72 4943.23 5304.69 5559.66 5756.35 5878.18 5793.27 5553.47 5382.78 5229.25 5161.25 5132.06 5161.59 5202.59 5237.69 5272.31 5334.91 5376.7 5358.45 5304.61 5260.85 5241.32 5205.67
5225.42 5225.46 5251.38 5266.06 5303.04 5333.01 5295.49 5276.64 5184.67 5079.76 5035.5 5020.86 5013.87 5071.2 5105.19 5088.17 5067.89 5059.89 5086.77 5156.58 5197.4 5140.09 5105.02 5001.23 4735.46 4645.28 4573.28 4505.31 4400.76 4217.79 4062.98 4048.79 4059.1 4046.54 3979.79 3987.28 4023.69 4094.94 4208.25 4250.06 4367.51 4440.43 4509.7 4567.07 4830.73 5211.3 5642.13 5787.66 5763.79 5705.57 5802.9 5576.07 5363.38 5221.02 5147.61 5121.14 5136.5 5180.4 5229.77 5269.49 5346.78 5399.85 5368.67 5321.89 5287.26 5240.22 5204.85
5183.99 5199.06 5218.73 5243.1 5274.75 5316.08 5262.53 5222.1 5158.26 5106.28 5032.32 5005.66 5017.46 5099.93 5107.16 5085.67 5062.01 5042.87 5072.63 5168.43 5264.16 5360.01 5266.42 5071.15 4908.49 4875.72 4737 4650.59 4671 4494.6 4343.03 4253.58 4261.2 4279.61 4256.23 4218.59 4208.71 4236.31 4315.43 4429.7 4491.09 4516.17 4710.31 4933 5142.44 5457.03 5691.97 5758.61 5712.43 5662.04 5723.85 5547.53 5346.02 5214.4 5138.54 5108.97 5122.32 5185.19 5234.53 5268.92 5358.09 5401.55 5370.18 5317.77 5264.96 5225.37 5201.6
5160.16 5169.57 5174.16 5173.73 5181.65 5202.25 5122.08 5110.78 5055.85 5019.52 5018.84 5027.09 5024.38 5075.32 5125.48 5115.07 5091.19 5072.17 5092.3 5144.09 5246.71 5391.29 5438.28 5392.86 5094.67 5070.19 4899.54 4744.35 4654.64 4538.11 4399.55 4462.7 4486.45 4490.44 4473.65 4413.87 4408.46 4428.44 4599.49 4699.85 4851.59 5033.69 5248.26 5492.21 5687.8 5655.03 5698.55 5677.85 5648.77 5614.3 5675.61 5526.68 5334.05 5201.05 5126.59 5098.01 5107.79 5175.66 5230.84 5275.68 5370.08 5403.94 5365.87 5307.14 5250.78 5224.96 5162.5
5160.51 5142.1 5085.64 5077.85 5099.34 5051.25 5058.47 5058.03 5056.24 5033.23 5025.17 5006.24 5011.32 4992.39 5037.02 5151.44 5109.92 5090.8 5109.24 5098.41 5123.99 5219.51 5485.94 5735.52 5492.96 5227.17 5168.75 5013.57 4904.25 4846.67 4795.02 4818.37 4805.89 4719.33 4614.35 4740.89 4820.84 4967.42 5147.84 5299.4 5403.86 5607.93 5694.2 5822.09 5776.69 5598.49 5591.3 5588.46 5548.55 5526.3 5512.85 5446.7 5267.81 5141.99 5110.47 5097 5132.94 5171.6 5225.63 5323.19 5382.44 5397.21 5356.38 5295.7 5235.54 5190.22 5165.48
5196.98 5133.03 5079.78 5062.43 5078.53 5063.87 5062.41 5059.25 5061.21 5040.12 5014.08 5003.5 5014 5018.78 4991.74 5044.17 5079.42 5074.03 5064.05 5071.98 5073.41 5150.78 5336.25 5479.39 5598.86 5605.35 5627.03 5645.11 5513.31 5486.45 5411.04 5237.8 5175.36 5164.98 5209.19 5269.96 5506.73 5573.05 5626.69 5653.42 5578.34 5589.16 5572.95 5556.82 5406.67 5409.01 5494.44 5476.96 5463.65 5445.71 5440.42 5344.38 5193.56 5131.86 5123.9 5112.9 5146.24 5191.92 5223.2 5280.98 5376.74 5383.6 5339.1 5280.67 5223.97 5176.07 5185.11
5134.52 5124.17 5099.1 5078.45 5066.16 5058.93 5059.34 5054.28 5033.53 5034.45 5032.67 5024.28 5010.28 4987.8 5042.19 5054.75 5068.17 5071.48 5066.86 5083.03 5103.7 5135.65 5175.9 5194.78 5189.26 5333.18 5647.21 5789.59 5815.77 5802.43 5689.94 5464.11 5413.58 5554.72 5540.87 5542.29 5600.38 5706.4 5648.32 5408.54 5382.33 5368.24 5318.59 5274.13 5240.65 5276.71 5311.36 5377.12 5386.88 5349.44 5260.74 5342.84 5212.23 5187.68 5189.38 5216.48 5235.22 5238.43 5257.96 5295.87 5387.17 5370.01 5321.32 5267 5215.19 5176 5192.14
5169.02 5170.83 5135.02 5086.36 5085.49 5065.33 5066.86 5055.38 5058.78 5039.99 5026.89 5014.15 5009.8 4971.71 5035.18 5066.74 5064.67 5068.33 5074.32 5090.93 5101.9 5115.87 5118.41 5114.25 5118.98 5234.03 5431.79 5573.02 5567.16 5508.37 5463.63 5412.67 5390.19 5371.37 5406.21 5565.36 5781.91 5644.55 5452.19 5426.2 5364.92 5318.79 5277.52 5228.23 5251.6 5314.65 5333.05 5348.06 5342.71 5321.64 5328.85 5337.54 5281.84 5265.41 5253.36 5252.23 5266.38 5271.63 5284.41 5304.99 5341.95 5321.87 5283.16 5239.7 5201.57 5177.6 5165.38
5284.17 5247.03 5179.65 5141.45 5106.65 5071.57 5051.91 5054.62 5051.5 5042.33 5032.51 5023.83 5008.61 5001.66 4999.76 5004.2 5029.42 5064.38 5097.68 5100.52 5078.57 5095.15 5126.78 5117.22 5107.54 5173.03 5312.03 5365.6 5426.42 5447.53 5295.65 5278.02 5265.45 5246.46 5302.14 5431.36 5530.45 5522.7 5527.56 5392.81 5292.17 5293.65 5268.3 5296.16 5348.51 5400.35 5385.58 5347.74 5333.47 5321.52 5310.55 5303.52 5373.18 5313.07 5304.56 5297.91 5267.93 5276.46 5302.7 5294.92 5251.47 5255.84 5237.84 5211.62 5183.51 5163.3 5163.08
5259.4 5229.52 5185 5149.19 5100.43 5091.81 5056.79 5060.9 5058.71 5039.15 5028.38 5021.72 5014.53 5002.39 4992.84 4984.67 4998.53 5053.11 5106.65 5115.46 5095.7 5079.12 5101.23 5100.15 5083.28 5119.56 5208.06 5315.76 5384.97 5378.9 5212.64 5193.18 5179.83 5170.42 5217.8 5276.69 5288.56 5309.86 5279.34 5278.47 5297.9 5313.78 5273.73 5289.25 5351.03 5320.86 5323.83 5332.79 5333.08 5333.14 5329.57 5372.83 5291.61 5288.2 5287.92 5288.12 5283.76 5256.79 5226.12 5211.21 5216.56 5207.79 5194.71 5178.21 5160.14 5138.14 5134.55
5237.53 5204.6 5173.3 5117.78 5085.34 5063.72 5069.22 5069.93 5049.35 5028.74 5014.42 5022.25 5028.66 5024.51 4999.64 4983.26 4967.49 5036.04 5108.08 5126.49 5062.76 5064.19 5060.95 5062.07 5065.24 5093.09 5163.1 5251.53 5287.52 5210.07 5195.36 5181.34 5148.18 5123.11 5157.77 5187.56 5181.95 5183.24 5191.53 5291.55 5404.17 5371.28 5276.36 5326.3 5347.13 5316.23 5317.43 5329.09 5333.59 5334.36 5364.83 5346.55 5266.06 5271.9 5297.41 5291.15 5270.9 5238.21 5195.05 5192.83 5191.14 5184.74 5175.53 5160.56 5140.52 5120.98 5123.73
5254.49 5229.84 5183.92 5130.89 5118.11 5118.7 5104.96 5076.42 5035.93 5029.89 5023.83 5034.43 5034.22 5022.84 4996.11 4954.37 4986.34 5024.09 5040.43 5037.67 5096.41 5066.06 5056.21 5062.82 5071.45 5105.03 5247.62 5249.09 5231.71 5223.76 5230.81 5215.22 5162.08 5127.28 5151.71 5177.55 5191.85 5210.8 5236.94 5318.68 5401.26 5365.5 5324.18 5333.71 5331.14 5343.78 5351.67 5325.39 5311.81 5309.92 5299.04 5294.9 5314.18 5307.75 5296.96 5288.19 5281.77 5247.3 5189.89 5158.31 5162.2 5163.42 5154.12 5140.77 5124.61 5103.73 5093.68
5256.59 5246.41 5208.44 5201.94 5207.73 5168.76 5131.99 5121.1 5072.35 5063.26 5068.58 5089.05 5055.91 5039.6 5016.99 5000.97 5027.86 5036.98 5034.63 5039.56 5073.64 5060.69 5060.19 5073.51 5110.35 5205.15 5359.67 5335.39 5268.6 5248.43 5287.78 5269.47 5207.24 5181.11 5189.68 5199.61 5248.95 5273.67 5318.61 5292.69 5228.76 5283.46 5361.9 5341.85 5301.9 5392.89 5357.4 5326.36 5313.08 5295.95 5275.63 5275.94 5313.47 5323.84 5254.46 5263.67 5277.47 5257.44 5184.61 5175.59 5161.53 5151.27 5140.16 5129.44 5117.6 5106.93 5083.13
5225.33 5196.49 5199.99 5226.43 5268.77 5167.06 5142.32 5109.82 5103.3 5112.37 5134.94 5143.9 5096.18 5071.26 5056.22 5052.51 5066.34 5061.3 5060.51 5077.08 5073.46 5047.67 5051.61 5092.5 5152.55 5253.27 5386.08 5401.36 5347.63 5342.65 5406.52 5356.17 5272.15 5260.23 5267.22 5247.4 5200.47 5341.61 5337.57 5292.5 5217.45 5235.99 5200.39 5183.2 5200.39 5236.24 5264.82 5287.13 5282.44 5282.11 5267.24 5238.77 5274.45 5296.54 5246.59 5240.1 5249.81 5245.87 5209.8 5165.27 5152.45 5142.6 5130.03 5119.3 5110.92 5097.84 5074.18
