real_craters/C162-300m.grd
DSAA
390 390
-58.38 58.38
-58.38 58.38
2808.9319973366 4993.1939964952
[rows 300 to 329 of 390, columns 134 to 200 of 390]
4179.17 4175.19 4170.01 4166.62 4164.56 4165.32 4164.16 4165.11 4166.57 4171.94 4178.97 4186.25 4186.52 4184.75 4182.03 4179.31 4178.56 4179.61 4180.69 4181.42 4181.75 4181.19 4179.08 4175.84 4177.58 4179.57 4180.62 4182.35 4184.8 4187.48 4189.36 4190.87 4188.63 4185.83 4182.73 4180.54 4178.65 4177.46 4176.91 4176.77 4176.66 4176.25 4175.77 4175.32 4174.69 4173.62 4172.43 4170.64 4168.49 4167.8 4165.58 4159.71 4150.75 4147.17 4153.86 4160.29 4162.71 4162.92 4164.03 4163.81 4163.55 4163.92 4164.23 4163.75 4161.81 4162.66 4162.08
4176.02 4173.21 4171.02 4169.13 4167.05 4168.28 4163.35 4164.04 4164.7 4170.64 4176.72 4178.77 4182.06 4181.12 4178.46 4177.66 4178.76 4179.39 4179.93 4180.25 4180.11 4179.17 4177.62 4175.96 4177.05 4175.77 4176.25 4178 4181.05 4184.68 4186.95 4186.9 4185.29 4181.97 4179.03 4176.61 4174.6 4174.32 4173.76 4173.35 4172.99 4172.91 4173.11 4173.17 4172.42 4171.8 4171.35 4169.47 4166.83 4166.29 4164.73 4158.67 4148.97 4145.2 4149.47 4154.5 4157.39 4157.61 4156.52 4158.54 4160.39 4161.7 4162.68 4163.68 4165.68 4165.15 4163.92
4172.3 4170.53 4171.86 4171.19 4169.59 4168.82 4166.62 4166.65 4168.53 4171.81 4176.92 4182.58 4180.8 4178.88 4176.84 4179.02 4179.82 4179.9 4179.83 4179.58 4179.06 4178.2 4177.18 4175.89 4171.76 4170.46 4171.12 4172.21 4175.29 4180.95 4186.18 4185.47 4182.09 4176.78 4173.16 4171.18 4170.25 4169.94 4170.28 4170.21 4170.62 4171.07 4171.25 4170.81 4170.55 4170.48 4170.11 4170.17 4168.38 4164.46 4160.54 4154.33 4147.61 4144.42 4146.29 4150.87 4153.73 4153.31 4152.19 4154.78 4157.72 4159.78 4161.28 4162.76 4164.4 4164.88 4164.87
4172.71 4173.17 4174.17 4174.83 4172.69 4169.75 4168.43 4168.74 4170.92 4171.75 4173.97 4177.06 4178.84 4179.38 4179.64 4181.41 4181.45 4180.87 4180.14 4179.42 4178.6 4177.81 4176.9 4176.47 4173.1 4168.18 4165.94 4164.11 4164.51 4171.55 4189.77 4190.9 4175.41 4167.47 4164.75 4164.28 4164.59 4165.57 4166.44 4167.46 4167.63 4167.92 4168.56 4169.05 4169.23 4168.96 4168.53 4165.93 4164.11 4161.51 4156.77 4149.97 4142.52 4139.88 4142.04 4146.31 4149.86 4150.75 4151.85 4153.97 4156.16 4158.12 4159.69 4160.95 4161.97 4163.03 4164.61
4172.26 4176.61 4174.17 4175.71 4173.95 4171.21 4166.91 4167.58 4169.58 4169.5 4169.68 4172 4177.22 4181.32 4182.42 4182.31 4182.8 4181.96 4180.91 4179.91 4178.8 4177.61 4176.8 4175.68 4171.94 4165.86 4161.55 4154.34 4146.59 4142.52 4156.47 4163.08 4151.72 4151.36 4154.1 4156.73 4159.01 4161.46 4163.3 4164.56 4165.26 4165.72 4166.58 4167.33 4167.37 4167.43 4167.42 4165.23 4162.53 4159.11 4154.53 4148.2 4137.36 4135.29 4137.29 4139.94 4143.04 4148.12 4152.18 4153.7 4155.16 4156.85 4158.53 4159.63 4159.96 4160.93 4164.29
4164.99 4162.94 4167.16 4169.82 4168.93 4165.49 4162.69 4164 4166.07 4166.05 4167.02 4170.4 4176.53 4183.32 4191.4 4184.73 4184.59 4182.8 4180.91 4179.24 4177.77 4176.6 4175.64 4174.63 4173.32 4170.77 4159.28 4146.63 4129.28 4101.99 4065.9 4085.18 4117.31 4134.39 4144.52 4150.56 4154.56 4157.35 4159.12 4160.92 4162.38 4163.39 4163.85 4164.56 4165.51 4165.61 4166.26 4167.2 4162.19 4156.63 4151.56 4146.16 4137.14 4133.89 4133.9 4134.8 4137.73 4144.62 4150.66 4152.27 4153.81 4155.71 4157.58 4159.15 4160.07 4160.93 4164.89
4158.44 4157 4160.27 4163.3 4162.11 4158.59 4157.19 4157.01 4158.5 4161.69 4165.3 4169.78 4175.29 4181.21 4186.01 4187.94 4186.57 4183.36 4180.57 4178.15 4175.82 4174.07 4172.96 4171.88 4171.38 4167.06 4157.8 4145.42 4128.22 4099.02 4050.28 4069.87 4107.02 4127.44 4138.72 4145.61 4150.15 4153.32 4155.8 4157.45 4159.02 4160.19 4160.71 4161.56 4162.62 4162.89 4162.62 4160.83 4158.5 4152.87 4147.26 4141.1 4135.71 4133.65 4132.4 4131.4 4130.6 4140.02 4146.77 4149.15 4151.74 4154.61 4157.34 4159.79 4162.15 4165.41 4166.32
4155.17 4153.29 4155.64 4157.99 4154.92 4151.86 4149.5 4148.14 4151.6 4157.28 4163.21 4168.2 4173 4177.37 4179.77 4185.21 4185.6 4181.36 4177.7 4174.71 4171.97 4170.14 4169.07 4168.18 4166.98 4163.84 4157.11 4149.65 4143.37 4141.1 4142.96 4126.53 4126.44 4133.26 4140.42 4145.45 4148.43 4151.02 4153.12 4154.76 4155.46 4156.82 4157.8 4159.65 4159.97 4160.08 4159.17 4158.32 4154.09 4148.91 4143.48 4138.09 4138.71 4134.95 4132.58 4131.07 4131.34 4134.47 4139.77 4144.84 4149.4 4153.48 4157.28 4160.83 4164.01 4165.33 4167.75
4154.12 4152.09 4152.21 4152.05 4148.26 4145.5 4144.03 4143.74 4147.41 4153.42 4160.18 4165.42 4170.31 4174.51 4178.01 4183.89 4181.11 4177.16 4173.49 4169.98 4166.94 4164.7 4163.2 4162.6 4163.1 4160.77 4154.44 4152.94 4156.16 4167.59 4185.89 4162.45 4147.25 4143.48 4144.38 4146.2 4148.27 4149.94 4152.07 4153.48 4154.58 4155.73 4156.53 4156.98 4157.5 4156.74 4155.26 4151.84 4149.77 4145.79 4141.5 4136.82 4136.48 4135.57 4133.27 4131.88 4132.06 4130.54 4134.77 4141.84 4147.64 4152.78 4157.52 4161.88 4166.2 4171.38 4169.86
4154.71 4151.94 4149.44 4147 4142.77 4142.03 4142.38 4142.93 4145.8 4150.26 4154.94 4161.66 4167.96 4173.79 4179.29 4181.77 4175.09 4171.04 4167.46 4163.94 4160.81 4157.73 4155.94 4154.42 4152.98 4146.77 4146.28 4151.35 4157.97 4164.53 4166.18 4164.02 4156.26 4150.85 4149.28 4149.1 4149.65 4150.54 4151.66 4152.38 4153.18 4153.82 4154.49 4154.8 4155.01 4154.17 4153.44 4151.56 4147.54 4143.14 4140.01 4140.93 4138.86 4135.21 4133.82 4132.77 4131.1 4129.53 4134.6 4141.43 4147.49 4152.99 4158.09 4162.31 4166.83 4169.66 4169.4
4156.59 4154 4149.66 4145.82 4143.93 4143.59 4144.21 4143.39 4145.86 4149.33 4153.17 4159.02 4165.31 4171.98 4178.68 4179.86 4167.9 4165.22 4161.89 4158.54 4154.92 4151.29 4147.54 4144.12 4140.74 4135.26 4139.4 4148.04 4155.61 4161.27 4163.14 4161.98 4157.69 4153.52 4151.05 4149.7 4149.24 4149.32 4149.52 4150.1 4150.6 4150.68 4151.52 4151.46 4151.45 4151.22 4150 4147.71 4144.59 4140.29 4136.14 4131.43 4132.07 4133.59 4134.2 4134.77 4135.28 4136.5 4139.32 4144.53 4149.6 4154.6 4159.27 4163.29 4167.07 4170.25 4169.75
4158.87 4157.47 4154.39 4148.56 4146.36 4145.15 4145.29 4144.59 4147.18 4149.16 4152.79 4156.53 4161.52 4167.02 4170.96 4168.19 4165.34 4160.46 4156.55 4152.65 4148.46 4144.08 4139.52 4134.47 4129.24 4129.83 4138.64 4145.18 4152.21 4159.03 4161.64 4158.96 4156.6 4153.66 4150.96 4149.21 4148.25 4147.34 4147.35 4147.29 4148.2 4146.72 4146.72 4147.21 4147.22 4147.43 4147.75 4145.71 4141.94 4138.18 4133.4 4128.31 4130.54 4132.66 4135.1 4137.69 4140.26 4142.15 4144.6 4148.21 4152.42 4156.73 4160.93 4164.63 4166.98 4168.26 4168.67
4159.67 4158.26 4156.64 4150.18 4146.56 4145.7 4145.45 4148.97 4148.54 4148.18 4149.4 4153.09 4156.51 4158.78 4159.42 4157.49 4157.97 4154.75 4150.91 4147.07 4142.75 4137.89 4132.6 4127 4121.5 4123.69 4135.48 4141.02 4147 4152.35 4155.5 4154.42 4153.31 4150.78 4150.17 4148.15 4146.94 4146.14 4144.96 4144.52 4144.62 4144.81 4144.81 4144.29 4143.81 4143.23 4144.27 4142.91 4140.26 4137.52 4133.74 4128.6 4129.23 4132.66 4136.28 4140.19 4144.5 4147.61 4149.07 4151.71 4154.89 4158.81 4162.82 4165.92 4168.68 4168.78 4169.59
4158.29 4155.65 4151.9 4148.02 4145.12 4146.95 4148.46 4148.96 4147.71 4147.87 4148.59 4150.14 4152.2 4153.65 4153.43 4152.69 4150.5 4148.68 4145.67 4141.82 4137.7 4132.83 4127.54 4122.34 4117.85 4119.37 4129.15 4134.26 4140.5 4145.58 4148.54 4150.46 4149.71 4147.84 4147.41 4145.89 4146.42 4145.63 4144.89 4144.03 4143.35 4142.65 4141.89 4141.29 4140.4 4139.18 4137.08 4138.93 4139.28 4139.07 4137.58 4136.21 4133.44 4134.52 4137.69 4141.89 4146.03 4150.25 4151.92 4154.09 4157.24 4160.27 4164.45 4168.86 4173.38 4179.26 4188.18
4154.9 4152.11 4148.86 4145.62 4146.53 4147.81 4151.76 4150.07 4148.75 4146.67 4146.33 4147.45 4148.8 4150.16 4150.55 4149.4 4147.52 4143.94 4141.03 4137.69 4133.64 4128.83 4124.04 4119.5 4115.75 4115.34 4117.53 4126.29 4134.1 4140.2 4143.6 4145.89 4147.75 4146.34 4143.89 4142.51 4142.84 4141.94 4142.52 4142.2 4141.34 4140.03 4138.99 4138.31 4137.28 4136.54 4136.53 4137.41 4139.04 4141.39 4143.55 4139.23 4137.98 4136.37 4138.85 4142.94 4146.76 4150.94 4152.97 4155.24 4157.94 4161.59 4166.21 4171.59 4177.74 4184.81 4191.38
4149.64 4146.75 4143.53 4139.73 4142.27 4146.1 4148.89 4149.45 4150.1 4146.53 4144.93 4145.2 4145.64 4146.31 4146.6 4146.33 4142.35 4139.39 4137.91 4134.54 4130.39 4125.96 4121.49 4117.05 4114.18 4113.23 4113.44 4121.16 4128.93 4135.03 4137.99 4140.21 4141.77 4143.6 4144.76 4142.7 4140.59 4139.51 4139.66 4139.36 4138.95 4138.23 4137.06 4135.36 4134.17 4133.69 4134.77 4135.49 4137.99 4142.12 4148.41 4152.41 4139.5 4136.3 4139.28 4143.07 4147.33 4150.11 4152.38 4154.95 4158.36 4162.74 4167.48 4173.58 4181.15 4189.77 4199.56
4143.38 4139.65 4134.94 4133.28 4137.7 4143.45 4150.63 4153.51 4151.9 4147.22 4144.68 4143.91 4143.08 4141.8 4142.91 4144.22 4143.77 4140.99 4137.24 4133.47 4129.28 4124.99 4120.77 4116.73 4113.7 4112.48 4114.24 4119.13 4124.58 4129.76 4132.64 4134.98 4136.94 4138.51 4139.3 4140.54 4141.04 4139.22 4138.95 4137.23 4136.48 4135.63 4134.39 4132.92 4131.18 4129.43 4129.68 4132.02 4135.22 4139.23 4143.04 4142.81 4139.02 4138.04 4139.8 4142.33 4143.72 4147.38 4150.31 4153.68 4157.86 4162.41 4168.05 4174.44 4182.58 4193.07 4207.22
4138.19 4134.76 4131.04 4132.58 4135.88 4139.33 4142.59 4148.65 4153.23 4145.81 4144.36 4143.68 4142.16 4140.64 4140.68 4141.05 4140.78 4140.27 4136.91 4132.7 4128.68 4124.76 4120.54 4117.08 4113.86 4111.85 4114.89 4117.93 4119.96 4122.5 4126.67 4129.75 4131.63 4133.39 4135.38 4136.2 4136.97 4137.92 4138.03 4137.69 4136.1 4135.22 4134.05 4132.26 4129.8 4126.27 4125.27 4129.11 4132.04 4134.63 4137.03 4137.97 4138.36 4138.86 4140.09 4142.23 4145.32 4143.85 4147.43 4152.67 4156.57 4161.09 4166.8 4173.48 4181.43 4191.26 4202.46
4135.08 4133.29 4130.85 4132.35 4134.21 4136.05 4137.54 4141.83 4149.53 4149.32 4146.75 4144.43 4142.43 4140.4 4140.16 4139.76 4139.55 4140.87 4135.61 4131.7 4128.05 4124.51 4121.14 4117.78 4114.78 4112.54 4114.38 4116.59 4116.72 4118.19 4121.57 4124.64 4127.69 4129.87 4131.43 4132.71 4133.7 4134.29 4134.5 4134.67 4134.79 4135.18 4134.55 4133.12 4131.06 4128.69 4127.66 4129.05 4130.01 4130.5 4130.26 4131.65 4135.28 4137.75 4140.15 4141.36 4143.11 4144.76 4148.92 4153.36 4156.04 4160.09 4164.8 4170.72 4178.08 4186.06 4195.36
4133.8 4133.49 4131.55 4130.67 4132.08 4134.66 4137.71 4143.94 4149.35 4152.84 4147.01 4144.39 4143.47 4142.28 4140.4 4139.15 4138.87 4134.04 4132.41 4129.47 4126.55 4123.57 4120.7 4118.21 4115.83 4113.82 4113.6 4115.16 4113.74 4114.64 4118.12 4120.97 4123.99 4126.09 4128.51 4130.25 4131.77 4132.54 4133.62 4134.01 4134.58 4134.83 4134.6 4133.97 4133.62 4133.09 4131.66 4130.59 4129.82 4129.29 4126.8 4130.56 4136.82 4141.95 4141.29 4140.49 4140.21 4148.82 4153.77 4152.66 4154.6 4158.51 4162.84 4168.02 4174.13 4179.83 4185.17
4133.31 4132.5 4130.44 4126.43 4129.86 4133.12 4137.26 4138.49 4136.73 4138.54 4140.18 4141.32 4143.31 4143.67 4139.45 4136.08 4133.46 4132.26 4129.07 4126.85 4124.93 4122.71 4120.75 4119.32 4117.65 4116.23 4115.28 4115.03 4114 4113.98 4116.19 4118.32 4120.53 4122.86 4125.02 4126.98 4128.77 4130.4 4131.67 4133.31 4133.9 4134.64 4135.65 4136.02 4136.22 4135.92 4134.24 4132.07 4130.34 4130.82 4135.52 4133.78 4136.54 4140.36 4140.62 4141.68 4143.77 4145.98 4148.04 4150.68 4152.54 4156.52 4160.52 4165.02 4169.91 4175.16 4180.52
4133.13 4132.07 4130.33 4129.81 4129.45 4129.75 4130.59 4132.85 4127.88 4126.96 4131.98 4135.68 4138.74 4139.33 4135.68 4131.68 4127.75 4124.97 4124.94 4124.58 4123.7 4122.03 4120.85 4119.96 4119.27 4118.78 4117.73 4116.39 4116.55 4115.55 4115.31 4116.51 4118.35 4120.7 4122.93 4125.53 4127.96 4129.33 4131.05 4132.77 4134.23 4135.61 4136.51 4137.32 4138.27 4138.92 4136.05 4132.74 4129.76 4128.77 4130.05 4131.86 4132.85 4133.59 4138.81 4142.99 4144.75 4144.75 4145.36 4146.99 4150.2 4154.45 4158.26 4162.46 4166.95 4172.73 4180.56
4133.01 4131.92 4131.43 4130.69 4129.76 4129.13 4128.18 4125.96 4123.7 4122.74 4126.89 4129.95 4131.46 4131.99 4130.81 4127.89 4124.24 4122.59 4122.9 4123.25 4123.02 4122.26 4121.02 4120.38 4120.01 4120.06 4116.47 4111.44 4112.1 4112.68 4113.02 4114.26 4116.09 4118.52 4120.83 4123.1 4125.37 4127.83 4129.93 4131.96 4133.41 4135.29 4136.78 4138.1 4138.66 4138.48 4136.18 4132.98 4128.85 4125.24 4123.05 4128.65 4131.54 4134.56 4141.95 4147.64 4147.92 4144.48 4140.38 4143.5 4148.86 4153.44 4156.49 4160.45 4163.86 4169.07 4177.88
4133.11 4131.4 4131.67 4131.89 4130.11 4127.34 4125.75 4124.19 4123.13 4123.6 4124.97 4126.74 4126.68 4127.47 4127.65 4125.81 4123.18 4121.75 4122.69 4123.05 4122.66 4122.16 4120.97 4120.02 4119.51 4119.15 4118.51 4110.97 4107.2 4108.54 4110 4111.72 4113.73 4116.13 4118.43 4120.73 4123.44 4125.72 4127.8 4130.15 4132.62 4134.95 4137.51 4139.98 4141.51 4138.58 4137.69 4133.57 4129.06 4125.54 4125.81 4128.93 4133.37 4139.84 4148.54 4159.75 4158.74 4148.61 4137.29 4144.29 4149.72 4153.85 4156.72 4158.93 4160.28 4162.11 4165.26
4133.14 4132.95 4132.06 4131.9 4130.18 4126.46 4125.43 4125.01 4124.76 4123.34 4124.35 4126.24 4128.5 4128.22 4127.51 4126.2 4124.04 4123.45 4124.79 4123.96 4123.01 4122.05 4120.49 4119.05 4117.76 4116.17 4112.46 4107.63 4104.67 4105.68 4108.43 4110.25 4112.71 4114.85 4117.11 4119.56 4122.42 4125.43 4127.56 4130.11 4132.45 4135 4137.55 4140.69 4145.2 4147.89 4140.84 4135.49 4130.93 4126.42 4126.19 4130.96 4135.46 4140.86 4149.32 4159.09 4161.32 4156.76 4154.32 4153.25 4154.24 4155.9 4157.39 4157.92 4157.53 4156.5 4157.03
4131.73 4129.91 4129.83 4130.55 4130.4 4130.36 4127.14 4125.84 4125.3 4123.47 4123.68 4125.46 4128.86 4128.76 4128.37 4128.25 4127.98 4127.63 4125.86 4125.07 4123.42 4121.77 4119.78 4117.96 4115.88 4113.52 4110.49 4104.99 4102.92 4103.85 4107.76 4109.05 4111.45 4113.64 4116.33 4119.78 4122.01 4124.75 4127.74 4130.26 4131.98 4134.42 4136.78 4139.21 4141.14 4141.89 4140.07 4136.91 4134.94 4133.89 4133.78 4135.32 4137.5 4140.97 4148.95 4159.16 4162.31 4161.46 4162.24 4159.68 4158.22 4158.5 4158.78 4158.89 4157.77 4156.18 4158.08
4132.48 4131.74 4130.78 4130.93 4130.49 4127.94 4126.66 4124.43 4122.67 4122.52 4122.17 4122.6 4123.3 4127.09 4129.4 4130.91 4132.06 4132.5 4129.89 4126.51 4124.38 4122.21 4119.43 4116.74 4114.24 4111.12 4107.27 4103.2 4102.05 4103.09 4105.86 4107.9 4110.79 4113.59 4116.32 4119.07 4121.63 4124.3 4127.1 4129.77 4132.22 4133.78 4135.48 4136.4 4137.27 4138.32 4138.41 4137.78 4138.25 4142.11 4141.37 4139.57 4140.59 4143.73 4151.26 4164.98 4161.76 4160.28 4160.28 4159.27 4159 4159.83 4160.74 4161.5 4160.81 4156.79 4156.16
4133.2 4133.88 4132.72 4132.38 4131.7 4129.75 4126.28 4122.85 4119.62 4119.2 4119.94 4121.26 4123.06 4127.41 4131.31 4133.88 4135.16 4133.88 4127.42 4128.53 4125.76 4121.95 4118.83 4115.84 4112.65 4109.3 4105.95 4103.08 4102.03 4102.72 4103.98 4106.5 4108.97 4112.94 4115.78 4118.63 4121.6 4124.02 4126.34 4127.75 4130 4131.66 4133.18 4134.22 4134.75 4136.28 4137.9 4138.41 4138.15 4137.67 4140.13 4141.53 4142.61 4144.52 4147.78 4150.77 4153.68 4154.62 4154.73 4155.47 4158.05 4160.65 4163.09 4165.29 4166.95 4167.5 4164.9
4135.17 4136.61 4136.11 4133.38 4130.99 4129.81 4125.89 4121.89 4119.97 4118.67 4120.14 4122.99 4125.64 4130.7 4134.81 4137.93 4139.67 4139.38 4140.03 4133.35 4127.75 4122.67 4118.8 4115.25 4111.82 4108.36 4104.97 4102.54 4102.01 4102.79 4104.12 4106.18 4108.21 4110.57 4113.03 4115.92 4118.99 4121.57 4124.34 4127.77 4129.95 4131.99 4133.13 4133.5 4133.54 4136.22 4139 4140.28 4139.79 4137.46 4141.03 4143.43 4144.07 4143.63 4140.7 4137.89 4144.65 4148.73 4150.47 4152.43 4156.62 4160.84 4164.49 4168.25 4172.13 4176.77 4169.5
4133.55 4135.91 4135.9 4133 4130.16 4128.99 4125.16 4121.29 4118.65 4118.72 4121.91 4128.21 4133.37 4135.19 4138.82 4142.56 4145.55 4147.18 4142.52 4134.35 4128.61 4123.15 4118.87 4114.95 4111.32 4107.77 4104.8 4100.72 4101.08 4102.22 4104.37 4106.13 4108.23 4110.62 4113.1 4115.72 4118.51 4121.76 4124.47 4127.42 4129.92 4132.23 4133.86 4134.75 4134.41 4138.48 4142.7 4144.8 4145.09 4144.77 4146.13 4146.62 4146.08 4144.6 4140.35 4135.44 4141.35 4145.72 4147.97 4149.91 4155.95 4160.28 4164.48 4168.43 4171.57 4171.08 4160.96
