real_craters/C162-300m.grd
DSAA
390 390
-58.38 58.38
-58.38 58.38
2808.9319973366 4993.1939964952
[rows 240 to 269 of 390, columns 201 to 267 of 390]
4056.58 4062.37 4079.17 4105.26 4134.44 4171.35 4220.3 4271.21 4330.62 4396.84 4439.34 4416.88 4394.89 4375.24 4363.86 4393.45 4442.55 4493.03 4545.13 4599.44 4651.2 4687.65 4727.83 4770.37 4814.31 4843.43 4873.36 4801.03 4737.7 4718.07 4703.84 4679.91 4625.15 4548.36 4527.82 4510.35 4492.34 4491.39 4579.79 4633.69 4605.77 4562.61 4528.47 4491.24 4455.3 4421.04 4390.32 4359.76 4329.85 4300.25 4272.76 4246.08 4222.13 4201.22 4183.65 4171.84 4163.07 4168.87 4166.53 4164.93 4164.06 4164.42 4164.42 4160.16 4152.48 4145.54 4136.06
4179.31 4174.34 4182.5 4196.3 4225.23 4261.61 4308.96 4355.41 4406.75 4454.72 4479.93 4489.19 4482.57 4472.65 4479.69 4500.26 4541.46 4589.22 4644.22 4712.49 4792.65 4844.26 4844.41 4863.48 4900.94 4926.12 4804.1 4695.75 4621.96 4599.48 4567.86 4533.33 4499.57 4456.74 4452.98 4453.23 4454.52 4472.59 4589.75 4626 4592.16 4553.51 4514.9 4481.56 4447.66 4415.28 4383.91 4353.69 4324.09 4296.72 4270.39 4244.31 4220.02 4197.58 4179.24 4168.57 4162.77 4167.94 4166.56 4164.74 4162.64 4160.88 4158.16 4153.76 4147.24 4142.72 4134.54
4277.53 4268.81 4273.79 4287.66 4313.56 4344.37 4381.78 4422.86 4466.53 4511.6 4539.93 4551.04 4559.32 4565.3 4571.61 4590.61 4631.42 4667.68 4712.3 4776.01 4862.45 4909.29 4887.23 4889.3 4909.68 4886.69 4733.04 4604.85 4528.52 4516.09 4512.28 4483.22 4438.99 4404.93 4407.8 4414.93 4428.4 4462.65 4551.99 4569.26 4547.73 4519.51 4490.43 4462.96 4433.3 4404.17 4373.93 4345.82 4319.48 4293.36 4267.57 4242.73 4218.87 4195.38 4172.87 4164.46 4164.53 4168.77 4167.67 4165.38 4162.15 4157.47 4149.46 4140.06 4142.55 4138.55 4135.68
4354.49 4348.31 4353.69 4366.69 4387.6 4415.93 4446.37 4479.43 4513.44 4541.93 4575.12 4601.68 4624.9 4650 4677.08 4698.82 4715.75 4721.85 4738.17 4773.42 4824.82 4851.63 4841.84 4838.88 4845.75 4809.94 4661.52 4540.1 4470.41 4464.6 4476.35 4454 4421.12 4394.84 4384.48 4388.14 4402.08 4425.75 4445.58 4478.85 4486.55 4473.81 4457.02 4437.73 4413.3 4388.48 4364.23 4338.53 4314.91 4289.46 4265.36 4242.09 4219.34 4197.11 4176.25 4167.93 4169 4171.31 4169.71 4166.75 4163.39 4158.77 4151.46 4145.11 4147.15 4148.94 4144.66
4409.35 4407.99 4413.38 4428.25 4448.24 4473.1 4502.26 4530.87 4558.22 4576.56 4609.89 4641.42 4675.26 4717.53 4773.65 4816.27 4780.29 4742.93 4723.9 4722.51 4733.01 4742.2 4741.69 4732.02 4716.28 4675.71 4586.88 4502.85 4444.73 4434.67 4441.92 4422.55 4396.75 4375.91 4364.53 4364.97 4372.35 4382.25 4381.3 4407.57 4425.8 4428.66 4421.97 4408.8 4389.79 4369.87 4351.1 4328.91 4306.72 4283.17 4261.4 4240.62 4220.89 4202.7 4187.98 4182.23 4177.22 4176.25 4173.47 4170.54 4167.32 4163.87 4159.87 4157.52 4156.19 4155.37 4149.73
4444.92 4452.93 4463.24 4478.13 4498.23 4521.52 4550.13 4579.01 4604.26 4627.77 4649.85 4671.95 4700.75 4740.72 4799.36 4864.01 4778.96 4716.91 4674.93 4643.61 4622.32 4626.73 4629.24 4610.26 4566.57 4540.63 4522.01 4479.59 4425.17 4412.38 4419.71 4393.99 4354.44 4342.69 4343.38 4343.9 4342.19 4333.8 4335.01 4355.86 4376.81 4388.83 4387.65 4380.93 4366.67 4351.35 4334.84 4315.82 4296.46 4277.13 4258.11 4239.75 4222.27 4207.37 4195.82 4190.56 4183.93 4180.97 4177.58 4174.72 4172.38 4170.05 4168.37 4166.99 4163.97 4161.27 4156.06
4478.53 4490.74 4502.6 4515.77 4534.83 4559.65 4589.9 4623.57 4650.1 4656.92 4678.92 4686.89 4697.64 4713.64 4729.41 4726.61 4689.29 4648.8 4608.68 4565.35 4523.85 4530.5 4537.91 4520.9 4476.4 4465.47 4473.81 4449.46 4403.7 4396.72 4417.19 4384.94 4342.31 4331.88 4333.79 4332.69 4329.66 4316.58 4306.11 4322.38 4339.48 4352.25 4354.76 4351.5 4343.43 4331.93 4317.92 4302.31 4286.44 4269.45 4252.72 4236.54 4222.13 4209.18 4197.21 4194.19 4185.17 4180.5 4180.11 4177.98 4176.45 4175.55 4175.31 4174.16 4169.05 4160.81 4154.57
4518.47 4525.8 4533.39 4545.52 4559.97 4582.3 4613.56 4655.31 4707.22 4730.23 4709.32 4686.35 4674.26 4661.45 4636.14 4587.41 4578.72 4569.92 4544.62 4509.98 4478.64 4475.97 4479.43 4474.47 4466.43 4458.92 4462.3 4454.43 4398.74 4379.97 4406.15 4386.8 4364.86 4344.95 4334.86 4327.81 4320.68 4305.56 4297.01 4303.09 4316.03 4325.96 4328.75 4327 4321.23 4312.31 4301.09 4288.26 4274.29 4259.8 4245.5 4231.44 4218.46 4206.35 4193.95 4182.27 4182.35 4180.69 4181.36 4180.08 4179.28 4179.19 4179.96 4181.21 4172.56 4157.49 4148.41
4565.14 4561.12 4559.47 4561.07 4570.66 4586.05 4611.97 4652.15 4712.12 4752.17 4698.49 4661.64 4634.56 4607.99 4570.34 4518.45 4510.49 4511.83 4496.3 4471.57 4450.55 4442.79 4441.94 4442.11 4443.71 4441.16 4447.83 4453.27 4387.24 4354.1 4374.94 4379.57 4373.73 4353.05 4337.02 4325.55 4316.02 4298.24 4291.11 4291.28 4299.86 4306.39 4306.15 4304.14 4299.29 4292.09 4283.04 4272.66 4260.52 4248.4 4236.59 4225.01 4213.85 4202.2 4192.81 4185.38 4182.55 4180.28 4181.76 4181.05 4180.54 4180.27 4180.29 4179.25 4171.03 4156.69 4145.73
4615.96 4594.38 4576.19 4567.46 4565.11 4572.07 4584.71 4605.23 4626.77 4639.14 4630.08 4609.72 4585.93 4561.71 4532.4 4507.17 4494.48 4480.35 4464.01 4443.78 4426.21 4416.2 4411.31 4409.94 4409.13 4403.84 4398.44 4386.09 4350.67 4330.58 4348.66 4362.62 4364.26 4347.91 4333.51 4322.33 4312.06 4300.42 4292.63 4284.53 4287.22 4289.97 4287.65 4284.55 4279.83 4273.61 4266.33 4257.92 4247.26 4237.88 4228.11 4218.5 4209.01 4199.28 4191.48 4186.11 4181.73 4179.78 4182.04 4181.66 4180.87 4180.09 4178.62 4175.37 4168.85 4160.66 4154.85
4645.9 4609.55 4579.93 4562.9 4552.79 4544.12 4542.47 4540.6 4535.02 4542.08 4549.79 4546.16 4531.92 4516.62 4499.05 4493.9 4481.87 4454.26 4438.03 4424.73 4408.65 4391.68 4380.58 4374.7 4370 4358.03 4341.75 4317.3 4311.5 4327.63 4336.73 4339.59 4339.35 4332.42 4323.94 4316.91 4311.72 4308.51 4296.63 4285.1 4279.62 4274.76 4274.17 4269.88 4264.81 4258.99 4252.57 4245.52 4236.95 4229.04 4221.19 4213.4 4205.31 4197.88 4189.95 4180.19 4177.57 4180.05 4182.65 4181.91 4180.74 4178.81 4176.54 4173.34 4169.36 4165.57 4165.01
4641.55 4603.59 4573.45 4548.33 4530.58 4512.09 4498.68 4483.63 4465.1 4467.33 4477.45 4480.9 4476.67 4469.07 4457.6 4441.9 4425.9 4419.1 4409.83 4401.61 4386.42 4363.88 4347.16 4336.99 4327.58 4314.09 4299.05 4283.66 4288.06 4306.35 4315.65 4314.67 4313.22 4312.61 4309.22 4306.81 4307.59 4303.99 4293.63 4281.16 4273.79 4266.66 4263.45 4257.93 4252.31 4246.54 4240.37 4234.29 4227.34 4221.28 4215.1 4209.13 4203.28 4198.61 4192.25 4187.08 4184.99 4184.34 4184.78 4182.98 4180.59 4177.7 4174.48 4171.06 4168.53 4166.85 4166.68
4611.63 4578.97 4548.56 4521.98 4499.08 4478.03 4455.34 4433.87 4422.16 4418.15 4419.65 4424.3 4424.3 4421.57 4416.34 4402.89 4389.99 4389.08 4379.25 4363.43 4349.8 4331.37 4310.02 4290.91 4281.85 4274.66 4269.06 4266.73 4273.22 4284.42 4296.84 4302.11 4296.91 4292.4 4290.47 4290.36 4290.94 4294.89 4285.17 4274.2 4267.26 4262.34 4256.21 4250.27 4244.67 4239.15 4233.71 4228.29 4222.14 4217.1 4211.95 4207.22 4202.68 4199.02 4195.9 4195.16 4194.66 4189.31 4186.9 4183.63 4180.15 4176.58 4172.39 4167.66 4162.83 4164.42 4166.37
4572.16 4543.09 4515.11 4489.75 4464.74 4439.8 4414.3 4387.9 4363.65 4367.46 4373.01 4377.77 4379.97 4378.91 4379.05 4375.62 4380.24 4365.19 4354.91 4339.76 4324.21 4303.89 4276.99 4246.49 4236.28 4243.07 4246.13 4248.98 4257.54 4283.28 4280.9 4275.59 4270.1 4266.58 4268.29 4272.16 4275.93 4277.25 4272.18 4263.97 4258.43 4253.23 4247.48 4242.03 4236.74 4231.6 4226.61 4221.99 4217.36 4212.66 4208.42 4204.76 4201.35 4199.44 4197.55 4197.1 4195.95 4190.86 4185.54 4183 4178.66 4174.58 4170.27 4165.87 4160.79 4161.82 4160.5
4525.5 4504.35 4479.46 4454.55 4428.54 4403.09 4378.89 4355.66 4338.07 4334.07 4337.08 4340.8 4342.05 4344.87 4341.72 4337.43 4333.33 4332.62 4333.77 4333.4 4312.36 4286.47 4258.73 4230.55 4222.22 4227.61 4231.64 4232.81 4230.02 4226.33 4230.7 4215.48 4224.65 4235.02 4243.2 4251.49 4256.68 4257.36 4255.91 4251.85 4248.77 4245.3 4240.74 4236.09 4231.55 4226.97 4222.49 4218.02 4213.88 4210.16 4206.84 4203.62 4200.69 4198.57 4196.92 4195.23 4193.16 4188.82 4184.98 4181.66 4177.17 4172.9 4169.05 4166.02 4164.97 4161.69 4158.05
4481.61 4464.41 4444.16 4421.4 4396.93 4372.58 4349.15 4329.11 4317.23 4307.5 4308.7 4309.86 4310.68 4311.78 4305.88 4297.3 4291.72 4291.15 4303.01 4312.84 4295.04 4273.46 4252.56 4232.49 4225.43 4225.59 4226.37 4224.86 4216.98 4199.97 4187.93 4180.79 4194.27 4209.14 4219.17 4226.77 4230.19 4235.02 4239.88 4239.97 4238.4 4236.48 4233.27 4229.66 4225.72 4221.81 4217.92 4214.2 4210.55 4207.31 4204.35 4201.44 4198.91 4197.1 4194.91 4192.26 4187.06 4186.07 4183.25 4179.55 4175.27 4171.25 4167.69 4164.79 4162.1 4159.54 4157.05
4437.59 4425.74 4408.69 4389.14 4367.51 4344.89 4320.99 4299.16 4287.79 4283.28 4285.05 4285.58 4285.06 4284.61 4276.89 4263.05 4243.55 4247.8 4261.75 4270.14 4267.97 4260.6 4252.41 4244.7 4235.87 4231.33 4229.22 4226.67 4220.25 4200.38 4179.88 4177.9 4184.72 4193.89 4200.92 4205.65 4213.28 4221.46 4227.65 4229.49 4227.62 4226.76 4224.53 4221.75 4218.73 4215.48 4212.17 4209.1 4205.95 4202.94 4200.28 4197.93 4195.49 4194.18 4192.39 4190.57 4188.63 4185.7 4181.14 4176.96 4172.62 4168.82 4165.71 4162.56 4159.09 4157.43 4156.24
4399.81 4388.92 4377.56 4362.27 4342.55 4320.95 4297.75 4272.76 4260.33 4263.83 4266.57 4267.35 4266.06 4264.32 4256.99 4245.94 4234.63 4231.53 4230.32 4232.31 4243.29 4248.47 4251.22 4252.46 4243.91 4237.88 4234.56 4231.59 4227.19 4209.83 4188.91 4182.22 4183.76 4187.57 4191.03 4192.41 4206.92 4214.68 4216.51 4220.67 4217.13 4216.23 4214.55 4212.4 4210.17 4207.6 4204.96 4202.57 4200.03 4197.41 4195.15 4193.54 4191.4 4189.4 4188.36 4187.47 4186.6 4183.71 4178.22 4173.61 4169.53 4165.89 4162.75 4160.22 4158.79 4157.43 4155.49
4366.93 4360.03 4349.22 4336.15 4321.51 4303.97 4284.64 4264.13 4253.15 4253.68 4254.79 4254.06 4252.51 4250.85 4245.31 4238.03 4235.77 4230.2 4219.89 4219.7 4230.55 4239.76 4245.86 4248.48 4245.66 4242.32 4239.67 4236.35 4229.28 4217.01 4205.63 4194.14 4187.81 4187.36 4189.62 4194.15 4199.12 4205.79 4206.01 4209.47 4206.61 4206.92 4205.77 4204.26 4202.75 4200.86 4198.86 4197.15 4195.12 4192.68 4190.11 4188.64 4186.83 4184.92 4183.19 4181.58 4179.88 4177.36 4172.75 4168.69 4165.13 4161.73 4158.78 4156.3 4154.85 4152.89 4148.58
4339.03 4336.03 4325.26 4315.75 4303.81 4291.91 4280.45 4270.03 4257.94 4251.66 4248.15 4245.4 4242.48 4241.65 4237.81 4232.39 4231.46 4226.17 4217.22 4218.38 4227.31 4235.18 4240.04 4242.74 4243.7 4243.34 4243.03 4241.68 4235.79 4222.44 4204.75 4196.49 4189.88 4187.92 4189.84 4196.41 4198.13 4199.63 4197.38 4199.18 4197.91 4199.03 4198.28 4197.3 4196.42 4195.08 4193.6 4192 4189.93 4187.36 4185.54 4183.5 4181.79 4180.06 4177.87 4174.84 4170.8 4167.47 4165.62 4162.98 4159.88 4156.75 4154.02 4151.32 4148.62 4146.14 4143.08
4318.72 4314.32 4304.17 4296.89 4289.81 4281.74 4274.91 4271.36 4259.01 4249.3 4243.22 4238.68 4235.6 4233.56 4231.19 4228 4228.81 4227.02 4224.41 4225.28 4230.14 4234.76 4238.32 4239.75 4240.94 4241.76 4243.49 4246.35 4250.74 4232.58 4204.07 4194.07 4189.42 4187.4 4187.21 4189.72 4196.32 4194.2 4189.9 4190.64 4190.34 4191.35 4190.99 4190.51 4189.85 4188.72 4187.68 4186.49 4185.27 4182.85 4180.81 4179.2 4177.5 4175.34 4172.87 4169.55 4164.66 4161.22 4160.79 4158.17 4155.86 4152.74 4148.96 4145.63 4141.91 4139 4139.75
4301.51 4296.33 4290.41 4281.58 4276.96 4271.27 4265.78 4257.06 4251.54 4245.55 4237.89 4233.31 4229.64 4227.27 4226.29 4224.27 4227.28 4229.02 4236.51 4236.66 4235.16 4235.26 4236.99 4237.43 4236.93 4238.03 4239.67 4243.52 4245.87 4239.83 4217.91 4194.42 4189.43 4187.78 4185.8 4186.9 4190.47 4186.25 4181.16 4181.63 4181.52 4182.35 4182.18 4181.96 4181.61 4181.32 4180.66 4179.83 4178.92 4178.05 4176.75 4175.3 4174.19 4171.83 4168.99 4165.91 4162.91 4161.6 4158.71 4155.32 4152.26 4148.55 4145.54 4142.05 4138.27 4133.95 4138.44
4286.33 4281.1 4275.25 4267.62 4263.85 4261.56 4259.03 4253.35 4247.52 4241.8 4234.3 4227.88 4224.2 4223.21 4222.79 4222.93 4227.44 4233.07 4246.71 4243.45 4237.22 4232.99 4230.54 4230.26 4230.64 4231.26 4232 4234.1 4239.22 4238.12 4224.64 4194.38 4191.55 4191.26 4188 4182.65 4179.82 4174.97 4170.92 4171.69 4172.36 4172.24 4172.19 4172.09 4174.5 4174.45 4174.22 4174.08 4174.13 4173.38 4173.11 4171.5 4170.36 4167.96 4165.61 4162.96 4160.42 4158.51 4156.3 4152.79 4149.45 4146.29 4142.97 4139.65 4137.53 4138.7 4138.52
4271.2 4265.74 4260.64 4254.33 4251.84 4251.04 4252.67 4250.96 4243.43 4236.75 4230.22 4224.93 4219.9 4219.44 4219.84 4221.58 4226.15 4234.12 4246.76 4241.86 4233.94 4227.84 4223.77 4222.61 4222.59 4222.28 4221.52 4219.36 4221.05 4231.35 4226.36 4200.39 4196.39 4196.61 4197.29 4182.24 4167.41 4162.59 4158.93 4161.6 4162.35 4163.58 4164.05 4164.41 4167.5 4167.91 4168.12 4168.3 4168.98 4168.48 4168.36 4167.17 4166.19 4164.49 4162.5 4160.33 4157.96 4155.95 4153.97 4150.68 4146.98 4143.76 4140.63 4137.85 4135.74 4135.9 4139.72
4253.99 4249.5 4245.36 4242.18 4238.95 4238.72 4238.49 4238 4233.11 4228.72 4224.61 4220.27 4218.5 4218.12 4217.65 4218.19 4221.47 4228.07 4235.55 4231.71 4224.9 4219.44 4217.32 4215.05 4214.48 4214.06 4212.95 4210.9 4212.19 4217.3 4217.85 4207.8 4199.5 4196.66 4195.46 4169.12 4152.18 4149.02 4148.25 4151.72 4152.75 4154.57 4157.13 4157.99 4158.64 4162.65 4163.25 4163.62 4163.32 4163.35 4162.87 4162.96 4161.8 4160.87 4159.35 4157.85 4156.2 4154.87 4152.65 4149.36 4145.25 4142.12 4139.28 4136.58 4134.33 4133.51 4142.09
4234.96 4233.12 4232.31 4230.36 4228.58 4225.51 4220.95 4219.21 4221.55 4221.01 4218.41 4216.27 4215.39 4214.01 4212.69 4212.19 4213.04 4216.58 4220.19 4217.72 4213.07 4207.32 4203.96 4206.42 4208.05 4208.45 4207.49 4205.32 4204.04 4203.66 4205.6 4204.77 4195.05 4186.28 4177.84 4146.1 4136.63 4137.89 4139.34 4142.94 4145.78 4147.63 4148.97 4151.94 4153.01 4156.34 4157.2 4157.81 4159.49 4159.66 4158.96 4158.63 4157.82 4156.92 4156.87 4155.59 4154.39 4152.36 4150.08 4148.28 4144.4 4141.86 4139.78 4137.46 4135.38 4135.12 4144.33
4215.12 4217.47 4218.89 4218.43 4217.35 4215.13 4213.36 4212.05 4213.5 4214.07 4213.77 4212.49 4212.53 4210.14 4208.09 4205.63 4202.34 4199.33 4200.37 4204.14 4203.75 4199.74 4196.77 4201.72 4205.18 4206.26 4205.41 4203.05 4199.91 4194.11 4195.2 4194.98 4184.65 4169.47 4152.49 4136.17 4131.14 4132.07 4133.32 4136.97 4139.63 4142.23 4143.41 4145 4146.46 4150.2 4151.45 4152.48 4154.61 4155.22 4156.89 4156.47 4156.29 4155.19 4154.21 4153.23 4153.24 4152.63 4151.98 4147.7 4144.03 4142.33 4141.13 4140.19 4139.84 4141.76 4149.71
4199.95 4205.76 4207.38 4207.98 4208.1 4207.35 4207.9 4207.58 4208.4 4209.14 4209.95 4210.09 4208.94 4205.88 4203.19 4199.86 4195.25 4190.17 4190.33 4197.86 4201.26 4200.55 4200.78 4203.84 4206.57 4208.01 4207.53 4203.59 4202.63 4199.93 4194.8 4189.76 4176.19 4156.52 4135.63 4135.45 4130.25 4129.22 4130.49 4132.82 4134.46 4136.55 4138.53 4141.35 4143.03 4146.72 4148.14 4150.05 4152.42 4153.28 4153.69 4154.06 4153.63 4153.28 4151.95 4150.7 4150.64 4149.97 4147.82 4145 4143.13 4142.92 4142.96 4143.13 4143.47 4144.67 4142.47
4189.02 4195.31 4198.36 4200.62 4201.91 4202.09 4201.81 4202.98 4204.66 4206.08 4206.08 4205.35 4204.71 4202.9 4200.53 4198.38 4193.93 4190.96 4193.42 4201.32 4206.75 4207.49 4208.28 4210.52 4211.3 4211.53 4212 4214.29 4208.65 4207.6 4200.37 4187.88 4173.44 4155.26 4138.79 4134.99 4129.21 4127.46 4127.63 4129.51 4132.17 4134.25 4136.05 4138.04 4139.73 4144.08 4145.9 4147.51 4149.79 4151.07 4151.62 4153.06 4152.07 4152.54 4151.16 4149.38 4147.38 4142.58 4137.99 4141.1 4142.66 4144.23 4145.26 4146.22 4146.98 4147.88 4152.04
4182.97 4188.35 4192.55 4195.86 4198.13 4199.34 4199.96 4201.38 4202.96 4204.13 4203.55 4202.83 4201.79 4201.03 4199.41 4199.01 4197.63 4198.11 4203.22 4211.67 4219.05 4222.97 4222.35 4219.99 4217.09 4214.53 4212.8 4210.72 4206.57 4200.94 4195.74 4187.22 4174.82 4161.36 4146.02 4133.39 4128.64 4126.62 4126.4 4127.01 4128.93 4131.87 4133.81 4135.77 4139.64 4141.28 4143.24 4145.72 4148.14 4149.7 4150.96 4151.85 4151.98 4151.98 4151.37 4150.24 4147.37 4142.66 4139.27 4142.23 4144.51 4146.67 4148.28 4149.43 4150.24 4150.04 4146.54
