real_craters/C162-750m.grd
DSAA
157 157
-58.38 58.38
-58.38 58.38
2814.7614675367 4970.2374792715
[rows 38 to 75 of 157, columns 0 to 83 of 157]
4218 4219 4224 4226 4225 4223 4222 4222 4224 4223 4223 4226 4231 4236 4235 4230 4226 4227 4228 4228 4228 4230 4232 4230 4230 4221 4223 4227 4227 4210 4203 4208 4204 4189 4197 4200 4207 4201 4192 4196 4197 4193 4181 4161 4152 4150 4156 4159 4169 4192 4198 4194 4171 4168 4168 4172 4179 4188 4198 4209 4220 4230 4239 4240 4222 4184 4174 4172 4177 4205 4197 4190 4186 4183 4182 4182 4182 4180 4175 4172 4173 4177 4180 4176
4214 4215 4219 4222 4222 4223 4221 4220 4224 4227 4223 4223 4226 4225 4233 4228 4225 4229 4228 4226 4227 4229 4231 4231 4232 4221 4225 4226 4224 4218 4213 4208 4204 4201 4197 4206 4222 4212 4198 4200 4204 4209 4186 4167 4155 4158 4164 4172 4184 4194 4201 4195 4177 4166 4161 4167 4180 4191 4202 4216 4228 4242 4258 4275 4274 4216 4189 4179 4175 4187 4195 4175 4174 4177 4181 4187 4192 4191 4191 4196 4191 4191 4195 4207
4212 4213 4214 4218 4219 4217 4219 4221 4222 4223 4224 4223 4225 4227 4232 4229 4227 4229 4229 4226 4226 4228 4228 4227 4230 4235 4230 4228 4225 4222 4217 4213 4205 4199 4200 4211 4245 4224 4213 4209 4207 4201 4188 4170 4164 4160 4168 4180 4195 4196 4196 4187 4172 4178 4170 4173 4184 4194 4207 4223 4236 4248 4263 4281 4285 4262 4207 4195 4195 4189 4188 4166 4166 4172 4178 4187 4205 4208 4203 4207 4201 4198 4198 4201
4212 4212 4213 4215 4217 4216 4216 4218 4220 4219 4219 4221 4224 4227 4225 4225 4224 4225 4227 4231 4229 4228 4228 4228 4227 4231 4230 4231 4227 4222 4219 4215 4209 4206 4209 4212 4220 4227 4223 4218 4214 4204 4184 4170 4170 4167 4171 4182 4194 4199 4186 4178 4169 4176 4185 4190 4199 4208 4216 4227 4240 4249 4258 4263 4255 4259 4222 4203 4231 4205 4181 4162 4162 4169 4176 4183 4188 4197 4202 4200 4203 4198 4190 4186
4212 4212 4211 4214 4215 4215 4223 4219 4214 4214 4219 4218 4220 4222 4220 4222 4225 4223 4224 4227 4227 4228 4228 4228 4226 4233 4228 4231 4230 4228 4224 4222 4218 4220 4227 4232 4239 4239 4231 4229 4227 4224 4187 4177 4173 4173 4173 4180 4187 4184 4199 4185 4174 4176 4198 4210 4216 4221 4225 4229 4234 4239 4242 4242 4233 4232 4251 4213 4217 4204 4185 4168 4167 4172 4177 4182 4188 4193 4200 4212 4210 4197 4187 4180
4214 4212 4214 4219 4216 4213 4219 4216 4214 4212 4214 4215 4218 4220 4218 4220 4221 4223 4223 4223 4226 4227 4229 4231 4235 4233 4230 4236 4235 4236 4227 4226 4230 4235 4245 4258 4258 4254 4252 4247 4237 4219 4198 4184 4171 4174 4174 4177 4181 4182 4190 4188 4186 4199 4227 4235 4236 4235 4235 4234 4235 4234 4234 4232 4229 4231 4265 4241 4210 4200 4182 4173 4174 4179 4184 4185 4182 4191 4196 4197 4193 4193 4193 4192
4216 4218 4217 4221 4216 4210 4211 4212 4211 4211 4212 4213 4216 4215 4214 4217 4221 4221 4221 4223 4225 4227 4229 4231 4236 4233 4237 4237 4237 4234 4232 4234 4243 4251 4259 4267 4269 4267 4266 4264 4254 4244 4227 4210 4183 4180 4175 4176 4176 4174 4170 4184 4194 4207 4236 4248 4241 4238 4235 4233 4232 4227 4225 4221 4223 4216 4238 4259 4252 4222 4206 4193 4193 4193 4196 4198 4198 4196 4194 4189 4186 4189 4189 4184
4213 4214 4216 4218 4215 4211 4211 4211 4210 4209 4211 4211 4214 4212 4211 4214 4217 4217 4220 4225 4225 4226 4228 4231 4235 4234 4235 4235 4238 4240 4238 4246 4255 4265 4270 4269 4275 4275 4269 4263 4270 4274 4274 4259 4241 4222 4188 4182 4174 4163 4169 4184 4202 4217 4240 4244 4240 4236 4232 4228 4226 4223 4220 4216 4212 4220 4239 4232 4224 4234 4218 4210 4206 4205 4208 4213 4216 4204 4198 4191 4188 4189 4189 4178
4211 4213 4211 4212 4213 4207 4208 4210 4211 4211 4210 4212 4214 4213 4210 4212 4216 4219 4218 4222 4221 4222 4224 4231 4236 4235 4241 4241 4239 4236 4241 4256 4276 4281 4283 4288 4291 4284 4275 4264 4283 4288 4292 4287 4278 4250 4220 4196 4180 4166 4170 4195 4211 4225 4222 4226 4229 4230 4231 4231 4226 4221 4215 4211 4208 4229 4259 4259 4252 4229 4220 4215 4214 4211 4214 4219 4219 4210 4201 4193 4188 4187 4188 4182
4211 4213 4211 4207 4208 4205 4208 4210 4210 4209 4207 4209 4212 4210 4212 4214 4217 4217 4218 4217 4217 4217 4217 4220 4228 4231 4234 4241 4238 4237 4240 4260 4283 4288 4293 4295 4299 4292 4288 4293 4285 4285 4288 4296 4306 4272 4239 4213 4195 4184 4211 4216 4215 4214 4211 4216 4228 4234 4233 4230 4226 4219 4214 4210 4209 4224 4251 4214 4249 4252 4219 4215 4215 4215 4218 4222 4221 4213 4205 4196 4185 4186 4184 4182
4206 4208 4205 4204 4204 4202 4204 4208 4209 4208 4206 4205 4209 4209 4210 4211 4213 4213 4213 4211 4210 4210 4213 4220 4222 4225 4226 4234 4234 4233 4238 4256 4280 4286 4298 4312 4299 4298 4291 4275 4296 4283 4267 4272 4305 4282 4258 4227 4214 4216 4236 4227 4218 4209 4222 4222 4232 4235 4235 4234 4231 4228 4221 4215 4210 4228 4244 4238 4250 4260 4241 4224 4217 4214 4220 4222 4222 4220 4213 4204 4197 4195 4197 4194
4203 4204 4203 4202 4201 4200 4202 4202 4201 4202 4201 4203 4208 4206 4207 4208 4208 4209 4213 4207 4205 4205 4210 4225 4221 4221 4225 4228 4231 4232 4235 4238 4248 4273 4290 4299 4302 4306 4296 4284 4280 4283 4268 4269 4285 4286 4258 4234 4223 4220 4219 4227 4233 4231 4247 4259 4249 4242 4238 4234 4232 4227 4226 4223 4225 4225 4225 4227 4249 4259 4244 4224 4205 4218 4226 4235 4233 4228 4222 4213 4203 4200 4203 4200
4202 4203 4202 4201 4199 4199 4199 4199 4198 4202 4200 4201 4205 4202 4202 4203 4204 4201 4209 4205 4201 4199 4202 4228 4222 4221 4222 4224 4227 4232 4236 4230 4240 4266 4294 4313 4322 4318 4309 4303 4302 4297 4297 4300 4294 4289 4266 4242 4228 4221 4234 4237 4256 4277 4278 4269 4255 4246 4240 4237 4235 4232 4228 4231 4242 4256 4263 4240 4261 4262 4249 4242 4274 4246 4236 4230 4242 4241 4241 4230 4216 4208 4209 4206
4203 4204 4203 4199 4197 4198 4198 4198 4197 4198 4198 4198 4198 4198 4199 4201 4202 4203 4203 4204 4197 4193 4195 4227 4227 4221 4219 4222 4225 4226 4225 4224 4236 4261 4291 4315 4326 4325 4319 4316 4314 4316 4316 4314 4304 4276 4258 4242 4229 4227 4236 4247 4260 4289 4329 4268 4265 4259 4251 4245 4243 4239 4236 4238 4249 4284 4280 4271 4272 4269 4267 4270 4269 4275 4267 4273 4279 4288 4287 4274 4249 4226 4221 4226
4203 4203 4200 4197 4196 4195 4196 4196 4196 4196 4196 4197 4197 4197 4198 4200 4202 4201 4199 4201 4194 4188 4191 4224 4221 4214 4215 4222 4223 4222 4223 4222 4231 4251 4279 4301 4316 4323 4325 4329 4335 4330 4327 4324 4294 4260 4247 4240 4226 4218 4230 4240 4247 4276 4319 4305 4281 4271 4264 4259 4253 4254 4251 4250 4264 4302 4308 4299 4299 4296 4298 4297 4306 4292 4288 4299 4327 4349 4355 4339 4314 4281 4274 4311
4200 4202 4200 4196 4196 4196 4195 4194 4195 4194 4195 4196 4196 4195 4196 4198 4198 4199 4196 4198 4189 4184 4189 4228 4214 4211 4215 4224 4223 4224 4225 4223 4227 4236 4248 4273 4296 4312 4324 4331 4334 4333 4323 4308 4281 4254 4244 4231 4230 4232 4221 4214 4226 4250 4285 4302 4288 4275 4269 4268 4266 4266 4267 4272 4291 4310 4313 4317 4332 4322 4326 4341 4305 4316 4338 4346 4412 4436 4449 4442 4411 4335 4356 4464
4197 4199 4198 4195 4195 4194 4195 4197 4195 4193 4194 4194 4193 4194 4195 4195 4195 4196 4196 4195 4187 4181 4186 4231 4214 4205 4208 4213 4218 4220 4231 4227 4224 4226 4230 4254 4283 4306 4322 4333 4347 4331 4316 4286 4257 4240 4227 4230 4222 4215 4206 4203 4216 4231 4243 4262 4270 4274 4276 4277 4280 4283 4284 4281 4276 4301 4319 4330 4321 4330 4347 4356 4369 4418 4490 4522 4537 4545 4546 4553 4557 4588 4536 4587
4193 4195 4196 4194 4193 4193 4193 4192 4193 4192 4192 4193 4191 4191 4192 4194 4194 4196 4194 4194 4186 4180 4186 4224 4211 4201 4203 4207 4211 4215 4221 4225 4222 4224 4232 4252 4278 4302 4319 4329 4324 4323 4314 4288 4244 4225 4214 4220 4206 4196 4198 4187 4210 4221 4228 4257 4264 4270 4277 4285 4291 4297 4306 4316 4313 4319 4359 4343 4304 4360 4401 4420 4491 4588 4673 4695 4653 4631 4626 4635 4647 4660 4680 4679
4195 4194 4195 4194 4194 4195 4193 4191 4191 4190 4191 4191 4189 4189 4189 4190 4190 4192 4190 4191 4185 4180 4188 4214 4204 4195 4201 4204 4205 4207 4215 4219 4219 4223 4234 4249 4272 4299 4312 4323 4322 4322 4317 4296 4246 4229 4216 4212 4201 4195 4191 4188 4199 4210 4219 4244 4255 4264 4274 4283 4294 4308 4321 4330 4323 4339 4342 4362 4367 4450 4510 4563 4626 4688 4802 4789 4726 4683 4671 4687 4714 4759 4793 4791
4192 4192 4194 4192 4192 4194 4193 4191 4190 4190 4190 4189 4187 4187 4187 4187 4188 4188 4187 4188 4184 4177 4189 4210 4197 4193 4197 4203 4202 4204 4210 4214 4217 4219 4226 4241 4258 4280 4291 4310 4319 4321 4317 4299 4251 4231 4217 4208 4207 4203 4199 4199 4201 4207 4212 4225 4241 4259 4269 4280 4291 4303 4322 4353 4341 4322 4426 4507 4557 4602 4614 4688 4732 4763 4801 4766 4690 4646 4633 4654 4697 4804 4794 4920
4190 4193 4193 4190 4191 4193 4192 4189 4188 4188 4189 4189 4186 4185 4185 4186 4186 4185 4183 4185 4182 4177 4191 4206 4192 4188 4192 4197 4199 4200 4206 4211 4216 4218 4223 4233 4242 4246 4258 4277 4299 4315 4316 4296 4263 4238 4226 4219 4210 4208 4211 4221 4211 4212 4215 4227 4245 4260 4276 4284 4294 4299 4303 4312 4330 4409 4679 4722 4804 4703 4620 4589 4542 4494 4525 4584 4571 4545 4540 4551 4584 4581 4566 4576
4189 4192 4192 4189 4187 4190 4190 4190 4188 4187 4188 4187 4185 4184 4184 4184 4185 4183 4181 4189 4184 4176 4192 4200 4187 4187 4189 4194 4197 4199 4206 4211 4214 4216 4221 4229 4236 4238 4244 4263 4300 4326 4323 4302 4265 4237 4216 4212 4215 4216 4217 4216 4224 4222 4222 4230 4248 4265 4281 4294 4304 4301 4292 4301 4424 4603 4768 4742 4694 4594 4536 4457 4396 4430 4477 4453 4421 4396 4380 4388 4425 4425 4417 4389
4190 4192 4190 4188 4188 4189 4189 4188 4182 4187 4188 4186 4183 4183 4183 4183 4183 4182 4184 4185 4181 4179 4195 4195 4186 4185 4187 4192 4195 4198 4202 4209 4215 4216 4220 4228 4237 4248 4248 4254 4277 4298 4332 4323 4282 4248 4225 4215 4218 4221 4224 4231 4234 4231 4231 4234 4257 4273 4294 4319 4329 4339 4342 4375 4559 4718 4643 4489 4441 4455 4467 4454 4454 4494 4414 4307 4244 4212 4186 4172 4191 4233 4237 4216
4191 4191 4189 4188 4189 4188 4186 4185 4188 4186 4187 4185 4182 4182 4182 4182 4182 4180 4182 4181 4185 4181 4192 4190 4183 4187 4187 4191 4195 4197 4200 4208 4212 4214 4219 4229 4239 4249 4251 4250 4263 4290 4345 4337 4299 4263 4232 4222 4219 4227 4233 4237 4237 4238 4241 4250 4265 4280 4319 4362 4396 4426 4442 4496 4590 4634 4532 4428 4447 4437 4412 4414 4452 4347 4187 4092 4044 3991 3948 3908 3879 3878 3895 3945
4191 4187 4189 4189 4188 4188 4187 4184 4185 4185 4187 4185 4182 4181 4181 4181 4181 4181 4181 4181 4183 4177 4189 4186 4182 4186 4186 4189 4193 4195 4200 4207 4214 4214 4221 4230 4237 4239 4237 4245 4257 4275 4307 4312 4282 4265 4263 4257 4235 4241 4244 4243 4239 4245 4249 4254 4248 4283 4341 4401 4465 4526 4568 4588 4530 4498 4442 4472 4466 4410 4320 4238 4156 4071 3946 3876 3818 3766 3712 3663 3617 3615 3661 3735
4190 4190 4190 4190 4191 4190 4189 4186 4185 4183 4184 4182 4181 4181 4181 4181 4181 4179 4180 4180 4181 4179 4188 4184 4181 4183 4184 4186 4190 4194 4199 4206 4214 4216 4225 4235 4242 4244 4240 4250 4259 4263 4290 4295 4280 4283 4312 4319 4297 4275 4266 4258 4256 4256 4257 4259 4261 4300 4376 4455 4541 4620 4685 4578 4409 4469 4493 4449 4421 4367 4149 3981 3845 3797 3738 3664 3617 3562 3510 3455 3411 3401 3435 3489
4192 4195 4190 4191 4192 4191 4189 4187 4186 4184 4183 4181 4181 4181 4181 4181 4180 4178 4178 4179 4180 4177 4189 4185 4183 4184 4184 4184 4186 4191 4194 4198 4203 4214 4228 4244 4258 4268 4277 4278 4278 4289 4308 4300 4278 4288 4370 4394 4344 4320 4294 4274 4267 4262 4261 4266 4282 4333 4422 4511 4600 4672 4702 4541 4482 4502 4482 4414 4215 4053 3892 3722 3540 3462 3441 3443 3424 3378 3326 3266 3210 3215 3217 3234
4192 4191 4193 4194 4194 4191 4192 4191 4187 4186 4186 4183 4182 4181 4181 4180 4179 4177 4177 4176 4177 4177 4189 4185 4182 4181 4181 4182 4186 4190 4192 4195 4200 4205 4232 4259 4282 4299 4318 4312 4301 4292 4336 4319 4306 4334 4398 4439 4401 4372 4323 4283 4260 4266 4272 4281 4311 4402 4466 4546 4637 4709 4715 4674 4421 4473 4316 4056 3927 3764 3650 3507 3366 3295 3273 3260 3245 3221 3181 3126 3068 3085 3098 3116
4195 4191 4193 4192 4189 4190 4190 4190 4188 4187 4188 4185 4182 4181 4181 4182 4180 4178 4178 4176 4174 4178 4186 4181 4179 4179 4182 4181 4184 4188 4192 4195 4198 4210 4246 4282 4312 4328 4342 4338 4325 4326 4338 4312 4298 4309 4354 4404 4409 4382 4336 4303 4285 4277 4287 4305 4352 4406 4487 4558 4636 4716 4758 4511 4243 4259 4086 3863 3705 3578 3458 3338 3221 3159 3102 3093 3105 3098 3077 3046 3022 3036 3056 3065
4191 4189 4190 4189 4189 4191 4187 4188 4186 4185 4186 4182 4181 4180 4181 4182 4182 4180 4178 4176 4173 4179 4183 4176 4176 4177 4177 4178 4182 4186 4195 4204 4205 4231 4268 4306 4348 4394 4379 4353 4339 4323 4290 4285 4270 4258 4277 4300 4336 4349 4323 4302 4301 4297 4307 4336 4390 4460 4497 4527 4560 4596 4568 4293 4080 3986 3894 3680 3515 3427 3308 3192 3087 3018 2964 2980 3007 3018 3015 3007 3007 3015 3037 3046
4192 4193 4193 4188 4187 4186 4185 4185 4184 4184 4182 4179 4179 4179 4179 4179 4178 4180 4177 4175 4172 4183 4176 4172 4175 4179 4181 4182 4187 4202 4208 4225 4248 4269 4292 4323 4362 4400 4397 4371 4350 4326 4290 4269 4251 4239 4236 4244 4274 4301 4297 4293 4297 4302 4322 4356 4405 4495 4502 4480 4450 4384 4263 4087 3912 3801 3715 3547 3380 3257 3156 3072 2992 2932 2932 2944 2960 2971 2978 2983 2991 3001 3017 3021
4199 4196 4195 4189 4187 4184 4185 4185 4184 4184 4181 4178 4177 4177 4177 4176 4176 4174 4174 4173 4172 4174 4172 4175 4186 4184 4185 4187 4188 4189 4213 4238 4277 4294 4303 4324 4352 4380 4386 4378 4355 4330 4292 4260 4240 4223 4217 4233 4250 4266 4270 4278 4292 4303 4329 4364 4419 4507 4502 4453 4354 4217 4093 3989 3847 3719 3634 3448 3260 3132 3044 2988 2945 2920 2923 2931 2940 2949 2957 2964 2975 2985 2995 2999
4197 4195 4192 4195 4188 4185 4186 4185 4193 4184 4180 4177 4177 4177 4177 4175 4172 4172 4171 4172 4173 4175 4174 4184 4192 4187 4182 4178 4188 4188 4213 4237 4258 4283 4298 4313 4326 4336 4360 4365 4344 4311 4287 4258 4235 4213 4203 4229 4244 4242 4249 4265 4288 4306 4328 4365 4428 4515 4531 4445 4305 4131 3992 3932 3798 3687 3595 3380 3174 3049 2967 2939 2921 2913 2914 2920 2925 2933 2940 2947 2960 2973 2981 2991
4190 4188 4183 4182 4184 4181 4185 4183 4182 4183 4178 4178 4178 4178 4178 4177 4175 4172 4173 4172 4174 4172 4174 4188 4189 4188 4187 4189 4194 4206 4220 4233 4247 4261 4285 4296 4302 4305 4327 4327 4325 4316 4277 4258 4236 4217 4201 4209 4232 4238 4238 4254 4282 4303 4321 4351 4401 4544 4591 4469 4300 4139 3996 3844 3717 3605 3511 3298 3108 3003 2942 2918 2907 2900 2900 2907 2913 2920 2928 2935 2948 2962 2967 2973
4186 4185 4181 4183 4181 4180 4181 4181 4180 4183 4180 4181 4183 4184 4182 4174 4175 4174 4173 4172 4174 4171 4172 4176 4184 4189 4193 4192 4201 4213 4222 4233 4247 4276 4280 4286 4292 4298 4306 4310 4302 4286 4284 4263 4238 4220 4205 4212 4230 4238 4237 4255 4280 4298 4319 4348 4387 4534 4639 4489 4287 4086 3918 3771 3695 3520 3321 3179 3058 2981 2939 2911 2900 2892 2892 2898 2906 2914 2920 2927 2941 2954 2957 2960
4185 4184 4182 4182 4181 4181 4180 4180 4178 4179 4178 4181 4184 4186 4184 4179 4173 4172 4174 4171 4171 4169 4173 4177 4181 4187 4196 4211 4205 4208 4221 4235 4250 4267 4271 4274 4280 4288 4288 4287 4283 4274 4262 4248 4237 4224 4221 4229 4235 4245 4256 4266 4286 4306 4335 4381 4435 4554 4661 4464 4241 4045 3889 3804 3693 3433 3184 3089 3017 2958 2928 2905 2894 2887 2887 2893 2906 2916 2919 2922 2947 2951 2953 2954
4186 4183 4182 4181 4182 4181 4181 4177 4176 4176 4179 4181 4185 4189 4190 4180 4167 4168 4170 4168 4168 4169 4172 4173 4177 4183 4189 4197 4209 4220 4225 4232 4239 4254 4257 4258 4258 4264 4271 4275 4272 4263 4252 4241 4237 4229 4229 4250 4270 4245 4248 4269 4295 4319 4356 4431 4525 4614 4608 4384 4167 3997 3903 3807 3586 3353 3135 3039 2983 2937 2912 2896 2890 2883 2883 2891 2911 2937 2947 2947 2987 2996 2963 2941
4185 4184 4182 4181 4181 4178 4177 4177 4175 4174 4177 4181 4185 4189 4193 4135 4148 4163 4171 4170 4174 4172 4169 4172 4174 4178 4181 4187 4208 4223 4229 4231 4234 4237 4240 4246 4246 4252 4258 4260 4271 4275 4261 4250 4245 4238 4235 4245 4262 4232 4243 4265 4295 4327 4365 4483 4626 4760 4503 4288 4082 3933 3860 3718 3638 3329 3109 3017 2965 2920 2899 2887 2883 2879 2881 2885 2919 2965 3017 3039 3026 3002 2977 2949
