real_craters/C162-1000m.grd
DSAA
68 68
-33.36 33.36
-33.36 33.36
3540.227116786 6015.1164253324
[rows 0 to 29 of 68, columns 0 to 66 of 68]
5218.34 5218.92 5223.02 5227.25 5228.37 5226.42 5219.1 5210.43 5197.91 5202.16 5202.13 5198.2 5214.7 5219.07 5220.35 5222.16 5221.18 5212.21 5196.16 5213.54 5220.33 5237.23 5254.04 5262.1 5271.27 5282.42 5293.85 5300.7 5301.11 5306.9 5301.85 5307.73 5357.96 5369.02 5367.22 5378.65 5367.28 5359.97 5414.33 5422.88 5415.06 5412.99 5408.37 5410.68 5384.08 5359.43 5357.04 5353.03 5343.82 5326.35 5327.69 5344.78 5397.25 5411.61 5416.49 5422.56 5438.3 5452.3 5456.42 5419.41 5411.21 5420.26 5423.82 5433.89 5443.33 5454.11 5454.18
5206.04 5204.59 5206.77 5218.64 5212.83 5200.3 5215.46 5224.6 5230 5212.46 5210.02 5222.1 5227.18 5222.84 5218.19 5212.4 5223.53 5211.57 5205.53 5216.04 5230.44 5237.88 5245.99 5245.78 5259.21 5275.44 5292.86 5307.36 5307.97 5305.71 5319.17 5351.02 5360.58 5403.41 5439.13 5419.87 5392.94 5444.44 5490.68 5456.38 5413.88 5421.53 5415.58 5401.99 5374.29 5338.55 5341.88 5351.11 5354.21 5348.61 5375.63 5430.06 5439.58 5440.05 5433.91 5430.81 5438 5451.57 5451 5403.65 5395.43 5407.56 5417.68 5430.67 5450.01 5472.37 5490.55
5193.83 5187.21 5179.52 5172.6 5175.52 5199.3 5218.18 5234.34 5226.13 5216.63 5218.7 5226.33 5228.78 5229.69 5234.47 5236.61 5237.56 5250.06 5204.51 5212.12 5223.61 5234.28 5251.27 5244.99 5260.04 5274.04 5286.73 5320.22 5319 5328.09 5344.31 5386.89 5427.57 5504.53 5457.27 5477.51 5436.95 5474.21 5491.35 5488.72 5505.4 5444.93 5419.33 5403.61 5383.82 5338.42 5345.91 5361.73 5379.67 5409.92 5446.35 5447.04 5435.15 5417.62 5416.04 5419.24 5425.8 5433.05 5431.36 5385.7 5377.75 5382.8 5400.42 5420.85 5445.96 5475.18 5491.63
5186.96 5177.38 5162.1 5130.97 5140.6 5197.95 5222.4 5232.94 5230.29 5232.22 5229.25 5226.29 5223.8 5231.47 5242.24 5244.29 5237.47 5224.48 5207.13 5210.15 5232.84 5278.39 5278.67 5274.82 5279.05 5287.8 5285.74 5262 5320.7 5368.25 5376.74 5409.36 5516.21 5607.5 5600.93 5489.12 5453.16 5476.37 5504.13 5480.12 5459.01 5433.57 5418.71 5407.21 5425.36 5392.36 5372.52 5379.94 5400.24 5427.21 5444.36 5445.41 5420.61 5396.24 5395.33 5396.9 5401.77 5403.29 5394.51 5376.24 5352.91 5346.49 5374.24 5406.41 5437.84 5464.72 5484.04
5185.46 5182.5 5176.43 5163.18 5172.01 5215.67 5236.21 5247.09 5255.65 5242.14 5244.68 5238.81 5230.08 5235.96 5242.5 5244.01 5236.39 5221.81 5219.96 5203.99 5227.83 5229.43 5284.58 5311.82 5311.73 5313.7 5326.1 5338.84 5338.75 5353.03 5406.35 5487.76 5563.28 5553.69 5551.9 5625.57 5617.47 5556.2 5475.62 5446.59 5415.05 5418.98 5418.28 5421.26 5422.75 5387.14 5382.29 5385.06 5396.88 5422.59 5439.33 5426.2 5402.26 5379.13 5374.41 5377.33 5379.86 5377.8 5363.19 5328.47 5336.63 5343.64 5361.11 5397.11 5428.68 5446.37 5447.47
5191.81 5200.14 5209.19 5228.17 5247 5246.95 5260.52 5261.64 5250.58 5252.03 5261.87 5238.66 5230.48 5238.47 5261.52 5251.92 5244.75 5234.32 5214.78 5216.81 5258.75 5268.19 5288.9 5311.22 5324.91 5337.09 5347.44 5353.02 5355.76 5404.88 5538.6 5511.24 5494.43 5483.52 5482.12 5553.28 5639.07 5621.86 5523.72 5447.65 5432.51 5426.96 5419.41 5401.37 5403.69 5401.13 5387.41 5375.95 5375.85 5382 5385.19 5388.13 5357.26 5350.85 5352.63 5357.51 5361.54 5362.04 5352.39 5329.22 5357 5362.87 5371.61 5399.19 5435.86 5473.48 5490.65
5206.14 5228.04 5249.32 5277.36 5314.71 5310.28 5297.87 5285.93 5278.99 5270.15 5265.93 5255.8 5240.21 5234.92 5224.57 5244.11 5252.21 5257.73 5253.13 5235.09 5302.21 5300.55 5314.51 5330.87 5343.7 5362.12 5374.52 5378.16 5377.52 5419.38 5517.84 5507.8 5468.06 5412.06 5404.67 5490.33 5573.21 5551.62 5579.42 5495.73 5464.45 5432.78 5421.84 5414.21 5370.55 5371.07 5356.13 5357.37 5352.26 5344.44 5367.41 5357.98 5336.49 5329.66 5336.12 5340.5 5342.84 5349.63 5361.85 5387.05 5406.38 5422.95 5401.48 5407.84 5438.98 5485.03 5506.95
5214.89 5244.01 5278.3 5305.8 5325.04 5345.58 5331.92 5315.16 5292.48 5284.38 5264.99 5260.23 5257.4 5247.53 5234.11 5257.52 5267.96 5266.74 5282.51 5275.47 5312.65 5347.34 5365.46 5365 5382.32 5399.24 5407.11 5403.92 5404.66 5409.88 5404.73 5366.51 5308.1 5318.62 5340.07 5423.66 5505.32 5502.44 5477.08 5461.5 5438.3 5418.06 5408.24 5401.24 5332.94 5354.91 5351.62 5346.57 5344.56 5338.89 5374.73 5351.41 5322.04 5325 5333.03 5338.11 5340.16 5342.02 5355.85 5378.59 5401.15 5415.14 5390.14 5390.79 5420.09 5452.66 5478.7
5221.57 5257.2 5288.43 5325.3 5369.2 5377.95 5363.2 5349.44 5340.61 5327.72 5316.12 5268.74 5281.06 5283.59 5296.84 5310.82 5331.5 5295.76 5307.21 5329.94 5347.05 5392.84 5417.09 5434.88 5468.98 5442.92 5425.87 5424.99 5415.82 5372.4 5295.11 5267.55 5241.64 5261.21 5396.05 5369 5440.56 5477.58 5530.71 5465.17 5415.01 5393.56 5347.81 5305.28 5318.69 5334.1 5320.58 5337.91 5354.06 5368.72 5366.83 5362.93 5343.89 5333.07 5337.97 5344.02 5344.64 5338.41 5323.21 5346.64 5372.44 5388.47 5361.84 5363.57 5397.24 5425.11 5432.61
5229.98 5257.9 5291.53 5330.88 5379.3 5393.2 5375.58 5361.79 5359.21 5349.99 5341.3 5303.18 5285.02 5331.1 5370.75 5380.65 5371.02 5295.86 5319.21 5370.16 5394.88 5445.83 5471.27 5471.72 5475.43 5477.15 5456.25 5449.4 5424.65 5365.59 5265.95 5205.41 5241.04 5315.77 5414.67 5476.6 5533.47 5669.74 5581.01 5497.19 5444.61 5390.37 5341 5311.15 5327.93 5339.81 5332.79 5343.3 5367.33 5378.05 5389 5372.08 5349.38 5353 5353.31 5353.7 5352.04 5351.12 5350.54 5328.95 5352.76 5400.82 5371.04 5361.68 5382.58 5411.59 5439.98
5238.13 5262.43 5286.54 5313.45 5337.15 5383.11 5372.24 5362.69 5350.47 5351.9 5371.59 5446.93 5428.98 5452.38 5446.85 5430.43 5429.34 5367.23 5354.12 5383.17 5440.48 5527.69 5624.44 5589.39 5516.24 5507.39 5528.88 5469.35 5429.15 5413.82 5388.34 5385.38 5408.44 5423.25 5462.48 5461.05 5477.79 5526.39 5539.93 5490.98 5454.5 5411.55 5380.82 5375.67 5383.24 5376.25 5371.64 5380.7 5391.84 5402.64 5426.69 5427.22 5397.79 5382.59 5381.1 5376.78 5369.98 5367.12 5364.56 5369.85 5392.05 5409.63 5384.21 5372.37 5365.08 5379.19 5406.68
5242.21 5260.47 5278.82 5294.76 5319.58 5335.77 5348.11 5357.56 5355.07 5356.4 5446.28 5476.87 5501.89 5526.65 5498.31 5460.95 5451.58 5418.18 5402.78 5403.68 5457.43 5600.22 5687.07 5707.83 5632.99 5529.42 5485.85 5483.28 5474.59 5509.07 5572.8 5666.18 5658.83 5570.46 5444.45 5366.56 5420.42 5437.81 5465.04 5481.4 5473.81 5465.88 5431.78 5467.95 5543.23 5522.09 5430.65 5428.52 5432.97 5429.79 5447.26 5420.19 5398.49 5415.99 5410.83 5398.33 5387.14 5379.8 5383.84 5383.24 5364.74 5378.33 5377.49 5362.19 5347.82 5358.87 5379.89
5243.19 5252.95 5264.84 5273.24 5274.31 5295.2 5334.56 5370.44 5407.38 5523.01 5512.7 5467.84 5518.34 5519.85 5489.51 5450.13 5480.45 5500.92 5518.55 5541.77 5596.01 5650.79 5764.58 5716.68 5683.56 5566.79 5509.08 5537.94 5577.7 5631.09 5658.61 5571.41 5548.34 5504.51 5400.87 5472.23 5428.5 5427.02 5418.37 5488.35 5536.89 5547.42 5561.52 5584.45 5647.13 5632.62 5436.79 5436.72 5485.63 5497.04 5433.55 5413.07 5465.22 5465.21 5437.6 5415.97 5396.28 5376.03 5367.86 5367.5 5360.67 5368.38 5377.6 5382.54 5352.51 5368.39 5385.33
5239.51 5255.91 5265.11 5278.39 5289.32 5301.47 5353.51 5386.78 5420.69 5454.59 5476.68 5522.05 5529.57 5581.22 5475.08 5389.4 5392.37 5517.28 5457.84 5469.35 5543.92 5591.89 5590.88 5563.02 5471.14 5445.18 5487.9 5610.21 5702.29 5753.91 5835.79 5895.79 5738.67 5607.49 5494.76 5466.73 5390.56 5350.46 5388.64 5586.67 5553.89 5554.05 5647.72 5621.63 5585.48 5486.07 5485.02 5450.24 5475.48 5473.35 5438.05 5442.68 5467.61 5476.29 5462.67 5442.82 5417.25 5384.5 5371.62 5372.92 5370.97 5375.68 5379.3 5380.9 5362.27 5368.01 5381.39
5245.02 5256.51 5270.01 5288.27 5329.2 5392.27 5399.43 5412.07 5421.8 5424.18 5469.61 5450.78 5462.71 5443.29 5387.05 5348.87 5399.09 5468.39 5422.15 5438.65 5444.17 5500.87 5595.42 5531.19 5383.58 5354.85 5494.03 5708.86 5817.96 5807.6 5833.54 5815.89 5762.15 5632.6 5530.46 5446.01 5390.46 5416.03 5393.76 5400.8 5424.4 5432.86 5421.17 5493.6 5541.27 5628.41 5524.03 5510.79 5468.25 5448.01 5421.15 5398.4 5432.19 5459.27 5479.18 5471.73 5451.87 5422.14 5411.89 5405.8 5398.23 5377.68 5370.24 5364.45 5375.78 5373.8 5380.16
5257.17 5265.21 5279.3 5294.47 5341.8 5402.29 5406.46 5407.26 5411.32 5409.29 5385.31 5389.04 5388.79 5356.29 5321.64 5320.89 5458.49 5457.55 5337.78 5419.77 5446.15 5513.54 5635.22 5602.71 5511.28 5521.84 5617.98 5771.06 5794.57 5702.09 5630.56 5620.39 5503.44 5354.29 5544.6 5711.55 5491.13 5486.2 5440.8 5392.83 5375.72 5357.26 5303.27 5397.83 5451.39 5448.87 5495.32 5538.73 5511.1 5463.47 5420.62 5400.15 5443.69 5488.69 5511.63 5511.03 5503.61 5491.14 5462.46 5446.4 5399.68 5370.82 5364.34 5356.84 5359.21 5369.94 5373.81
5278.66 5277.6 5290.58 5326.09 5351.2 5366.6 5395.23 5407.3 5406.27 5402.62 5352.06 5320.71 5295.51 5259.07 5322.12 5348.51 5369.55 5369.41 5303.33 5347.78 5472.76 5638.9 5617.08 5598.19 5572.74 5604.93 5738.74 5858.36 5712.75 5432.42 5196.26 5014.98 4896.98 4825.15 5007.08 5102.77 5153.61 5192.34 5123.29 5244.55 5356.33 5391.94 5428.52 5391.76 5381.53 5380.21 5421.62 5468.62 5557.87 5504.08 5441.1 5435.39 5504 5575.7 5557.86 5548.16 5543.23 5539.11 5498.34 5456.04 5394.31 5377.87 5369.41 5365.81 5362.76 5361.58 5362.48
5287.51 5274.33 5280.36 5314.68 5343.52 5392.67 5417.75 5406.61 5400.54 5414.32 5346.59 5292.56 5252.35 5314.44 5388.25 5347.49 5368.73 5321.6 5320.7 5358.61 5496.54 5623.07 5670.13 5672.15 5737.08 5795.47 5751.93 5696.24 5428.58 5053.62 4700.98 4484.37 4386.04 4531.98 4539.43 4536.41 4657.87 4777.32 4881.03 4991.97 5110.25 5261.67 5389.83 5375.28 5361.79 5354.89 5341.52 5383.89 5471.3 5490.78 5483.65 5470.92 5525.57 5571.85 5563.94 5552.12 5544.82 5530.35 5498.77 5448.36 5399.88 5402.39 5381.8 5364.42 5368.44 5368.31 5354.97
5289.71 5261.07 5241.08 5239.42 5299.21 5359.34 5390.63 5393.09 5401.3 5408.67 5396.48 5343.24 5273.9 5297.08 5338.84 5248.86 5252.29 5249.05 5268.9 5350.69 5399.84 5518.05 5623.28 5603.54 5782.34 5762.51 5472.16 5218.8 4974.96 4679.33 4365.62 4220.81 4181.65 4216.87 4239.79 4237.35 4289.46 4322.11 4308.24 4536.43 4709.58 5052.57 5239.26 5313.89 5345.43 5362.06 5377.52 5381.16 5404.15 5449.17 5519.99 5575.84 5583.31 5533.52 5546.82 5555.45 5542.28 5510.84 5493.85 5466.38 5423.33 5408.49 5399.4 5375.81 5364.86 5358.02 5351.27
5292.56 5257.96 5220.27 5198.87 5239.02 5271.03 5299.93 5351.92 5407.06 5420.14 5478.29 5455.35 5366.52 5338.2 5308.96 5224.38 5202.82 5302.55 5352.95 5392.88 5419 5518.26 5687.98 5858.47 5439.42 5175.74 4940.73 4711.05 4562.88 4392.72 4252.04 4129.88 4099.45 3989.47 4004.63 4152.87 4146.96 4151.78 4136.13 4193.18 4359.5 4846.18 5105.35 5162.33 5251.21 5376.95 5434.66 5356.46 5380.72 5414.27 5419.56 5588.07 5688.43 5580.41 5575.48 5584.8 5575.23 5539.23 5502.99 5459.45 5453.73 5440.47 5419.38 5404.77 5366.56 5360.58 5348.33
5296.11 5257.74 5224.22 5207.69 5202.29 5190.53 5189.09 5309.91 5410.6 5433.33 5518.26 5487.01 5459.02 5387.34 5316.48 5239.63 5360.63 5308.88 5401 5535.93 5678.82 5743.76 5505.48 5341.76 5014.09 4649.45 4470.7 4304.57 4257.89 4153.45 3996.26 3994.2 3959.18 3934.83 3947.24 3957 4087.02 4087.89 4148.39 4128.92 4122.33 4335.31 4665.52 4861.75 5018.75 5224.5 5464.29 5420.06 5432.1 5419.33 5444.47 5574.19 5692.25 5652.24 5631.97 5629.25 5636.91 5603.77 5531.66 5463.4 5433.33 5409.52 5421.46 5421.3 5370.36 5358.05 5345.97
5286.62 5253.57 5222.54 5202.18 5190.89 5185.9 5226.34 5308.67 5410.91 5462.76 5552.07 5549.6 5427.18 5414.48 5441.23 5418.97 5381.16 5508.1 5511.44 5537.04 5593.31 5273.24 5000.18 4781.83 4549.42 4297.47 4276.82 4192.18 4109.72 4036.92 3997.4 3928.29 3909.22 3915.45 3919 3905.61 3920.89 3954.52 3993.5 4021.13 3974.54 4129.83 4351.77 4549.86 4697.72 4800.01 4887.55 5190.97 5456.67 5390.69 5366.11 5508.17 5623.94 5645.5 5648.61 5656.44 5673.88 5632.31 5562.2 5508.58 5451.07 5423.71 5411.5 5399.67 5367.83 5358.3 5349.46
5272.96 5235.99 5202.17 5193.82 5192.87 5205.76 5231.61 5312.79 5415.56 5434.57 5461.21 5445.53 5338.81 5428.41 5531.99 5432.97 5495.2 5640.97 5513.69 5341.41 5120.06 4784.09 4587.53 4476.76 4379 4288.08 4217.1 4109.98 4016.46 3934.4 3871.52 3877.05 3870.03 3859.15 3853.99 3859.16 3859.8 3855.64 3856.99 3858.51 3886.15 3981.62 4153.74 4293.79 4408.66 4454.1 4430.71 4690.96 5198.75 5306.45 5345.48 5469.63 5525.42 5591.69 5623.2 5649.28 5648.96 5625.47 5566.55 5503.02 5453.35 5405.06 5419.86 5418.52 5404.54 5382.37 5363.84
5271.01 5238.92 5185.12 5192.55 5215.48 5229.42 5252.72 5306.27 5363.89 5424.69 5482.65 5485.38 5331.28 5366.2 5424.18 5442.78 5524.4 5528.48 5386.98 5129.1 4790.65 4546.81 4466.11 4440.52 4361.86 4215.53 4043.47 3975.06 3915.78 3854.37 3815.33 3816.31 3815.83 3803.91 3798.78 3798.18 3799.44 3805.21 3818.1 3822.61 3840.35 3868 4005.96 4136.59 4238.31 4299.9 4376.8 4389.14 4836.66 5210.78 5434 5480.03 5524.72 5544.86 5575.53 5637.47 5680.8 5634.51 5564.83 5505.35 5458.74 5434.12 5431.16 5419.63 5411.28 5406.46 5382.22
5283.84 5267.66 5250.46 5242.91 5246.56 5259.99 5280.35 5307.67 5341.58 5392.16 5457.24 5510.25 5330.95 5299.58 5304.46 5280.93 5398.2 5402.49 5211.25 4952.83 4690.13 4490.96 4358.56 4310.03 4195.09 4009.99 3884.91 3856.92 3835.19 3790.37 3754.47 3740.53 3735.89 3734.38 3733.11 3736.65 3747.63 3757.78 3767.24 3786.59 3817.17 3829.8 3902.5 3994.82 4088.83 4184.12 4287.01 4382.55 4512.02 4964.8 5313.02 5416.54 5474.03 5493.97 5509.19 5608.16 5666.13 5627.87 5552.8 5497.86 5476.36 5459.06 5378.05 5381.26 5389.69 5402.99 5391.77
5300.62 5293.33 5290.82 5278.02 5273.34 5280.79 5299.32 5296.45 5277.43 5261.91 5391.57 5442.65 5363.79 5270.55 5206.85 5378.01 5347.58 5230.37 5030.28 4801.55 4596.04 4430.01 4302.04 4141.44 3995.81 3920.87 3868.99 3829.31 3795.92 3755.88 3714.96 3679.75 3664.97 3667.62 3671.54 3672.39 3682.85 3701.12 3719.95 3748.23 3776.6 3785.24 3850.43 3939.92 4020 4101.97 4176.34 4489.07 4448.28 4661.25 4998.24 5285.23 5498.02 5551.85 5492.4 5566.77 5625.4 5593.74 5528.3 5494.49 5474.89 5435.81 5376 5375.83 5380.44 5392.71 5392.17
5300.93 5308.86 5310.13 5300.37 5289.77 5281.5 5272.33 5247.15 5232.44 5328.83 5344.93 5369.32 5409.18 5257.86 5194.99 5487.47 5244.56 4993.22 4848.63 4653.03 4461.26 4309.7 4180.25 4047.24 3962.08 3918.14 3876 3826.48 3779.04 3734.22 3690.05 3650.36 3631.36 3625.71 3621.7 3615.61 3622.03 3641.03 3669.63 3698.91 3717.96 3743.59 3828.08 3917.04 4006.89 4111.1 4196.08 4363.73 4499.43 4504.51 4791 5182.14 5504.1 5618.91 5540.03 5533.63 5555.74 5568.02 5551.63 5511.2 5468.62 5413.74 5380.05 5395.47 5409.9 5413.67 5390.25
5303.4 5327.56 5340.38 5314.09 5292.12 5270.73 5247.55 5232.26 5225.79 5270.49 5314.78 5352.35 5388.33 5254.16 5217.24 5500.28 5152.55 4851.87 4699.88 4518.88 4319.57 4127.56 4034.19 3993.04 3949.98 3903.82 3868.57 3815.29 3762.8 3715.25 3689.11 3667.67 3662.76 3651.9 3611.29 3583.92 3566.98 3588.31 3612.29 3649.27 3541.77 3623.82 3786.98 3883.52 3989.64 4124.61 4292.65 4319.91 4572.08 4561.68 4756.53 5139.29 5478.77 5623.79 5527.99 5477.5 5489.83 5547.63 5607.51 5547.34 5470.12 5406.85 5400.45 5416.16 5414.96 5415.09 5376.81
5293.06 5319.03 5328.68 5302.52 5274.95 5243.81 5212.27 5174.21 5189.19 5222.1 5269.26 5336.78 5388.72 5295.78 5327.11 5730.68 5201.69 4861.5 4672.94 4469.24 4262.05 4078.77 4016.84 3972.04 3930.79 3882.24 3843.14 3788.64 3741.39 3723.5 3738.75 3744.69 3738.29 3712.83 3667.51 3616.45 3552.03 3554.88 3571.1 3591.85 3623.7 3651.66 3727.94 3842.27 3951.95 4072.18 4191.11 4237.46 4453.13 4620.85 4789.06 5143.29 5484.64 5653.02 5474.6 5412.6 5422.96 5489.7 5543.97 5519.01 5463.95 5417.54 5439.54 5429.94 5405.92 5357.27 5362.62
5290.95 5301.67 5295.46 5280.86 5255.31 5227.22 5198.35 5193.52 5204.75 5205.51 5246.82 5303 5317.73 5416.85 5538.62 5804.04 5339.68 4965.37 4719.41 4489.05 4275.15 4090.81 3998.02 3946.12 3903.54 3860.72 3797.73 3743.72 3714.56 3723.55 3854.16 3903.94 3868.93 3834.61 3805.03 3757.28 3686.88 3578.49 3568.93 3575.95 3593.13 3636.48 3687.2 3783.86 3881.79 3966.98 4029.58 4061.16 4235.9 4492.49 4788.73 5154.41 5501.12 5706.61 5571.48 5388.28 5366.35 5433.89 5481.8 5478.3 5457.29 5420.56 5415.45 5421.31 5410.87 5390.25 5367.9
