real_craters/C162-300m.grd
DSAA
390 390
-58.38 58.38
-58.38 58.38
2808.9319973366 4993.1939964952
[rows 60 to 89 of 390, columns 67 to 133 of 390]
4202.68 4202.98 4203.64 4204.28 4205.01 4205.59 4205.96 4205.87 4205.45 4204.98 4204.61 4203.55 4203.19 4202.87 4202.37 4201.63 4203.27 4205.23 4207.15 4208.34 4210.5 4212.92 4214.86 4216.28 4216.94 4217.38 4217.64 4217.93 4218.36 4218.76 4219.35 4219.8 4219.99 4219.79 4219.3 4218.29 4216.47 4213.81 4210.37 4206.6 4202.8 4197.8 4194.14 4190.89 4188.15 4186.22 4184.2 4183.6 4183.74 4180.93 4175.51 4176.96 4176.04 4173.15 4171.26 4167.5 4164.61 4162.02 4158.95 4151.91 4155.18 4181.24 4185.95 4183.22 4180.35 4173.01 4167.81
4204.3 4203.66 4203.89 4204.14 4204.23 4204.58 4204.69 4205.07 4205.07 4204.88 4204.6 4203.95 4203.43 4202.77 4202.25 4201.9 4203.27 4205.31 4207.99 4212.53 4212.82 4213.54 4214.98 4216.28 4217.25 4217.82 4217.99 4217.66 4218.53 4219.26 4219.91 4220.51 4220.54 4220.16 4219.47 4218.05 4215.64 4213.12 4210 4206.15 4202.64 4198.85 4194.92 4191.59 4187.72 4184.03 4181.24 4177.31 4171.94 4163.64 4163.91 4171.39 4172.97 4171.68 4169.43 4167.13 4164.23 4161.47 4159.39 4157.98 4155.75 4181.39 4179.2 4169.86 4166.72 4163.98 4162.14
4205.26 4204.72 4204.69 4204.98 4204.92 4204.35 4204.21 4204.56 4204.67 4204.65 4204.49 4203.58 4203.41 4202.98 4202.52 4202.54 4203.55 4205.06 4206.82 4208.01 4211.31 4213.17 4214.87 4216.48 4217.55 4218.39 4218.93 4219.07 4219.58 4219.95 4220.21 4220.45 4220.5 4220.38 4220.01 4218.98 4216.83 4213.77 4208.6 4204.56 4203.63 4200.63 4196.36 4192.29 4187.63 4183.19 4178.34 4173.8 4166.74 4159.35 4166.82 4171.03 4172.55 4172.02 4170.16 4167.43 4164.8 4162.38 4160.63 4161.35 4155.98 4157.36 4154.67 4146.37 4146.39 4153.62 4156.18
4206.79 4205.81 4205.6 4205.42 4205.27 4204.66 4204.37 4204.52 4204.56 4204.55 4204.3 4204.05 4203.59 4203.34 4202.74 4202.96 4203.77 4204.82 4206.1 4207.5 4209.94 4212.49 4214.5 4216.13 4217.69 4218.91 4220.05 4220.96 4220.67 4220.43 4220.22 4220.03 4220.04 4220.42 4220.72 4220.76 4220.34 4216.65 4211.44 4207.47 4204.53 4201.15 4197.05 4192.73 4188.84 4183.26 4177.95 4172.43 4167.43 4165.11 4167.38 4172.07 4174.78 4173.9 4171.62 4168.89 4166.03 4163.66 4159.97 4155.99 4148.49 4140.34 4139.31 4141.06 4143.93 4150.52 4154.02
4206.84 4206.32 4206.51 4206.91 4206.37 4206.08 4205.19 4204.62 4204.55 4204.61 4204.26 4204.2 4204.12 4203.82 4204.16 4203.58 4203.74 4204.66 4206.23 4208.21 4210.09 4212.09 4214.09 4216.15 4217.53 4219.04 4220.62 4221.51 4221.25 4220.64 4220.12 4219.49 4218.92 4220.48 4221.21 4221.76 4221.6 4218.25 4212.91 4207.68 4205.83 4201.6 4197.8 4193.86 4189.66 4185.16 4180.08 4174.95 4170.06 4169.59 4174.21 4179.25 4177.83 4174.58 4171.87 4170.17 4167.28 4163.87 4159.28 4152.14 4144.74 4144.58 4147.34 4157 4155.66 4153.92 4154.24
4206.46 4205.94 4206.77 4207.67 4206.76 4205.01 4204.45 4204.32 4204.31 4204.32 4204.08 4204.22 4204.3 4204.38 4203.75 4204.23 4203.02 4203.93 4206.1 4208.1 4210.12 4211.79 4213.37 4214.81 4216.46 4218.49 4220.49 4221.68 4221.04 4220.4 4219.79 4219.93 4221.4 4220.5 4221.06 4221.82 4221.6 4219.21 4214.81 4210.73 4205.77 4201.51 4198.16 4194.72 4191.26 4187.49 4183.21 4178.15 4171.77 4166.07 4179.93 4186.04 4179.28 4175.4 4172.85 4171.72 4170.22 4166.94 4163.59 4157.78 4159.06 4169.28 4157.29 4160.2 4159.57 4156.7 4155.28
4203.47 4203.83 4206.1 4208.44 4206.72 4203.34 4203.84 4204.04 4204.29 4204.25 4204.31 4204.41 4204.44 4204.64 4204.59 4199.91 4199.41 4202.34 4206.16 4209.24 4210 4211.37 4212.74 4213.59 4215.39 4217.62 4219.2 4220.03 4220.01 4219.51 4218.89 4218.38 4218.92 4218.6 4220.2 4221.62 4222.18 4220.17 4214.96 4209.35 4205.03 4203.3 4198.5 4195.42 4192.87 4190.33 4187.84 4184.38 4178.66 4171.32 4176.94 4174.94 4175.88 4174.11 4173.85 4173.29 4173.02 4172.28 4173.46 4175.73 4190.6 4198.45 4176.05 4162.82 4159.06 4157.71 4156.41
4196.89 4201.32 4204.76 4206.08 4206.14 4206.76 4204.34 4204.12 4204.36 4204.32 4204.43 4204.6 4204.69 4204.35 4203.22 4196.75 4197.05 4201.28 4204.13 4206.69 4209.19 4210.85 4212.61 4214.7 4216.49 4216.9 4217.28 4218.13 4218.78 4218.67 4217.93 4216.24 4212.31 4215.89 4219.1 4220.86 4221.47 4219.61 4213.93 4207.39 4203.84 4201.22 4197.22 4195.22 4194.2 4193.64 4193.49 4193.34 4192.68 4189.21 4181.14 4176.72 4173.42 4173.29 4174.05 4175.23 4176.92 4179.06 4182.1 4188.2 4196.76 4191.99 4170.62 4160.46 4158.78 4157.34 4155.96
4203.19 4204.39 4205.63 4205.8 4204.74 4202.64 4203.73 4204.07 4204.51 4204.67 4204.9 4204.86 4204.79 4204.23 4202.12 4200.46 4200.59 4202.36 4206.02 4207.5 4208.3 4210.03 4212.01 4214.34 4216.36 4216.36 4215.54 4216.73 4218.2 4218.39 4218.04 4217.11 4216.38 4217.67 4219.19 4220.04 4219.83 4217.59 4212.51 4206.76 4201.72 4195.22 4194.39 4194.26 4195.35 4196.65 4198.28 4200.7 4205.05 4206.18 4178.99 4173.58 4168.72 4170.41 4173.55 4176.29 4179.32 4182.17 4186.54 4192.56 4197.98 4181.35 4172.95 4165.56 4161.38 4158.41 4155.54
4208.92 4208.39 4207.71 4206.95 4204.97 4204.27 4203.65 4204.19 4204.6 4204.9 4205.24 4205.3 4205.12 4205.17 4205.57 4204.76 4204.36 4203.1 4201.54 4204.37 4207 4209.05 4210.93 4212.35 4212.91 4216.23 4219.21 4218.84 4218.57 4218.68 4218.75 4219.08 4220.29 4220.55 4219.66 4218.95 4217.81 4215.46 4210.44 4204.72 4198.2 4191.86 4191.56 4193.48 4195.48 4198.12 4201.01 4202.95 4202.68 4194.11 4175.94 4158.78 4162.74 4169.75 4174.42 4177.55 4180.27 4183.09 4186.62 4190.17 4190.2 4184.8 4184.87 4174.03 4163.65 4158.92 4155.75
4209.6 4209.34 4208.44 4206.96 4204.23 4202.48 4203.82 4204.46 4205.06 4205.62 4205.82 4205.82 4205.53 4205.06 4205.08 4205.61 4205.3 4203.98 4203.66 4203.95 4206.03 4208.18 4210.21 4212.03 4214.06 4216.05 4217.84 4218.53 4218.64 4218.81 4219.17 4219.81 4220.94 4220.8 4218.94 4217.27 4215.27 4212.49 4207.74 4200.99 4194.23 4188.01 4189.53 4192.48 4195.98 4199.61 4202.76 4204.47 4202.12 4193.04 4182.3 4166.16 4167.44 4173.16 4176.84 4179.6 4180.63 4181.96 4183.72 4185.19 4188.28 4191.72 4180.45 4167.62 4161.84 4157.54 4154.45
4209.75 4209.6 4209.21 4207.87 4206.53 4205.29 4204.7 4205.03 4205.63 4206.23 4206.64 4206.74 4206.02 4204.7 4204.35 4205.53 4206.34 4204.15 4203.33 4204.08 4205.69 4207.7 4209.87 4212.06 4214.38 4215.55 4216.19 4217.38 4218.04 4218.49 4218.93 4219.27 4219.02 4217.89 4217.09 4214.89 4212.12 4208.75 4205.49 4201.24 4193.23 4190.65 4189.92 4191.85 4195.68 4199.91 4203.67 4205.55 4206.14 4195.88 4179.04 4175.51 4179.71 4180.15 4180.17 4180.41 4179.93 4181.27 4181.49 4179.44 4172.88 4179.79 4176.58 4163.12 4160.04 4158.14 4155.64
4210.68 4210.74 4210.03 4208.6 4206.68 4205.81 4205.59 4205.77 4206.32 4207.07 4207.83 4208.37 4208.28 4205.62 4204.23 4205.29 4203.99 4202.84 4201.85 4203.75 4205.54 4207.41 4209.41 4211.58 4213.68 4214.97 4215.57 4216.5 4217.13 4217.61 4217.99 4218.29 4218.23 4217.9 4215.2 4212.18 4208.81 4205.35 4202.78 4200.61 4191.84 4187.31 4187.13 4190.16 4194.82 4200.01 4204.13 4205.22 4198.19 4185.66 4167.26 4175.45 4191.02 4188.1 4184.32 4181.87 4181.11 4179.88 4179.26 4177.4 4177.75 4178.41 4162.54 4160.48 4160.77 4159.32 4157.27
4211.39 4210.89 4209.63 4208.42 4207.32 4206.45 4206.22 4206.5 4207.16 4207.99 4209.07 4210.35 4212.1 4214.64 4211.74 4206.98 4203.31 4202.94 4203.49 4204.51 4205.75 4207.25 4208.88 4210.63 4212.48 4214.14 4215.3 4215.61 4216.02 4216.38 4216.59 4216.7 4216.64 4215.88 4212.72 4209.12 4205.2 4201.42 4198.18 4194.43 4187.77 4183.26 4183.34 4187.63 4193.35 4199.37 4204.93 4208.31 4205.3 4188.88 4169.11 4176.84 4194.96 4190.77 4186.43 4183.19 4181.16 4179.76 4177.6 4175.91 4173.4 4166.98 4163.31 4166.27 4163.82 4161.37 4158.9
4212.3 4212 4209.06 4208.12 4207.76 4206.81 4206.64 4206.85 4207.45 4208.22 4209.42 4211.13 4213.69 4217.78 4214.67 4208.82 4204.82 4204.51 4205.74 4205.63 4206.34 4207.27 4208.17 4209.19 4210.8 4212.05 4213.1 4214.35 4214.74 4214.89 4214.9 4214.7 4214.04 4212.41 4209.53 4205.83 4201.6 4197.22 4193.68 4190.64 4185.51 4181.4 4180.65 4185.29 4191.26 4197.71 4204.34 4211.37 4218.85 4198.2 4179.06 4178.27 4188.11 4186.24 4183.42 4180.4 4178.07 4176.3 4175.31 4173.83 4171.4 4169.19 4166.11 4167.33 4165.73 4163.97 4161.58
4213.14 4213.33 4211.63 4209.24 4206.65 4206.66 4206.84 4207.16 4207.63 4208.33 4209.27 4210.46 4211.62 4211.55 4211.27 4208.66 4206.2 4205.04 4205.3 4206.17 4206.69 4207.28 4207.63 4207.8 4207.02 4208.42 4213.04 4213.28 4213.29 4213.29 4213.11 4212.59 4211.53 4209.37 4206.85 4202.91 4198.32 4193.56 4189.69 4187.55 4184.62 4181.32 4179.9 4183.46 4188.86 4194.82 4200.68 4205.65 4206.63 4194.78 4179.2 4171.92 4176.04 4177.75 4178.5 4178.26 4177.53 4176.26 4175.09 4172.53 4170.38 4165.39 4168.3 4168.52 4168.58 4167.22 4164.93
4213.58 4213.9 4216.14 4211.92 4207.92 4207.33 4207.29 4207.41 4207.78 4208.2 4208.69 4209.22 4209.3 4208.65 4208.61 4207.85 4206.75 4206.24 4206.62 4207.16 4207.46 4207.55 4207.65 4207.81 4208.16 4210.47 4212.08 4211.84 4211.68 4211.41 4210.95 4210.29 4209.29 4208.45 4204.89 4200.22 4195.51 4190.63 4186.12 4184.37 4183.95 4181.91 4179.39 4182.13 4186.68 4191.56 4195.52 4196.73 4192.42 4187.38 4177.13 4167.99 4165.82 4171.73 4175.17 4177.08 4176.55 4176 4176 4175.3 4173.56 4169.99 4179.4 4177.85 4174.1 4171.14 4168.44
4214.21 4214.34 4217.16 4213.85 4210.23 4208.58 4208.07 4207.92 4207.63 4207.66 4207.8 4207.78 4207.95 4208.02 4207.57 4207.32 4207.35 4208.84 4209.06 4208.26 4208.01 4208.09 4208.3 4208.48 4208.99 4209.6 4209.7 4209.87 4209.66 4209.27 4208.63 4207.76 4206.48 4204.12 4201.16 4197.63 4193.39 4189.05 4185.82 4184.67 4183.89 4182.45 4178.63 4181.09 4184.7 4188.5 4191.32 4192.2 4190.28 4184.68 4178.22 4172.59 4170.87 4172.95 4175.17 4176.61 4177.23 4177.69 4177 4176.57 4178.03 4182.5 4179.4 4180.1 4177.02 4173.69 4170.98
4215.2 4216.82 4218.17 4214.11 4210.8 4209.48 4208.62 4208.13 4207.83 4207.46 4207.14 4206.6 4206.32 4207.09 4206.5 4206.78 4207.07 4208.99 4209.6 4208.82 4208.52 4208.46 4208.74 4209.09 4209.12 4209.08 4207.93 4207.81 4207.62 4207.25 4206.55 4205.52 4204.02 4202.1 4199.47 4195.63 4191.8 4188.09 4185.02 4183.82 4182.24 4179.94 4179.9 4180.77 4183.08 4185.84 4188.2 4189.2 4187.77 4183.9 4180.51 4179.56 4177.55 4176.77 4176.61 4176.77 4177.3 4177.24 4176.94 4177.14 4178.48 4181.86 4181 4178.29 4176.41 4174.34 4172.25
4215.42 4215.73 4214.74 4213.41 4211.6 4210.24 4209.33 4208.71 4208.09 4207.49 4206.68 4205.54 4203.65 4202.66 4205.23 4206.59 4207.05 4206.51 4208.13 4208.29 4208.42 4208.66 4209.05 4209.54 4209.69 4207.63 4206.29 4205.91 4205.65 4205.22 4204.77 4203.62 4201.95 4199.58 4196.52 4193.92 4190.72 4187.47 4185.09 4183.36 4181.49 4179.9 4179.21 4179.45 4181.3 4183.57 4185.61 4186.57 4185.24 4182.14 4179.55 4179.1 4179.31 4178.85 4177.8 4177.34 4178.03 4177.73 4177.03 4176.73 4175.65 4172.65 4174.68 4171.65 4173.74 4174.1 4172.93
4214.29 4214.28 4212.76 4212.67 4211.81 4210.65 4209.81 4209.03 4208.41 4207.73 4206.89 4205.9 4204.62 4204.2 4205.7 4207.21 4208.5 4210.28 4207.52 4207.54 4207.99 4208.44 4209.04 4209.89 4210.51 4209.46 4205.39 4204.53 4204.2 4203.78 4203 4201.86 4200.24 4198.16 4195.66 4192.96 4190 4186.95 4184.66 4183.52 4181.59 4179.99 4177.44 4177.15 4179.36 4181.46 4183.43 4184.45 4182.71 4179.12 4175.56 4172.27 4173.54 4177.08 4177.48 4177.25 4176.87 4175.74 4174.87 4174.79 4173.5 4173.95 4171.18 4167.89 4173.28 4173.5 4172.15
4213.36 4211.88 4212.38 4212.41 4211.73 4210.94 4210.06 4209.36 4208.69 4208.12 4207.55 4207.13 4207.38 4207.14 4207.03 4207.93 4209.13 4209.32 4206.33 4206.64 4207.36 4208.12 4208.82 4209.3 4209.45 4207.77 4204.91 4203.77 4203.17 4202.51 4201.64 4200.54 4199.14 4197.3 4195.12 4192.67 4189.77 4186.78 4184.08 4183.09 4181.02 4179.17 4177.04 4176.37 4177.69 4179.35 4180.95 4181.69 4179.31 4175.31 4171.55 4168.84 4170.69 4174.68 4176.02 4176.32 4175.09 4174.7 4173.44 4172.13 4171.38 4169.42 4166.82 4167.23 4172.54 4172.83 4171.38
4213.64 4213.4 4213.35 4211.98 4211.68 4211.24 4210.55 4209.85 4209.24 4208.74 4208.32 4208.03 4207.84 4207.74 4207.66 4207.98 4208.23 4206.57 4205.55 4206.06 4206.65 4207.33 4207.94 4208.31 4208.2 4206.39 4204.15 4203.43 4202.83 4202.14 4201.16 4200.04 4198.55 4196.79 4195.32 4192.43 4189.78 4187.31 4184.77 4182.33 4179.75 4177.42 4176 4175.82 4175.87 4177.26 4178.38 4177.73 4175.04 4170.7 4166.95 4165.94 4169.05 4173.58 4174.98 4175.12 4174.78 4174.43 4173.21 4171.02 4168.85 4166.15 4164.47 4168.64 4171.7 4171.37 4169.79
4214.96 4215.07 4215.1 4213.28 4212.48 4212 4211.47 4211.05 4210.5 4210.19 4209.55 4208.9 4208.46 4207.88 4207.49 4207.31 4207.6 4206.88 4204.93 4205.5 4206.21 4207.01 4207.47 4207.6 4207.38 4205.9 4203.95 4203.48 4202.69 4201.77 4200.65 4199.36 4197.85 4196.01 4193.73 4191.63 4189.56 4187.56 4185.15 4181.39 4178.06 4175.12 4172.94 4171.64 4173.05 4174.78 4175.9 4176.09 4171.03 4165.47 4160.35 4158.07 4161.15 4169.05 4172.37 4173.36 4172.71 4172.26 4171.25 4169.79 4167.87 4165.94 4165.76 4158.43 4168.6 4167.92 4167.44
4215.5 4216.13 4215.32 4214.62 4213.8 4213.05 4211.89 4211.23 4210.74 4209.37 4209.16 4208.89 4208.17 4207.81 4207 4206.08 4204.79 4204.44 4205.06 4205.22 4206.02 4206.9 4207.28 4206.97 4206.3 4205.85 4205.43 4204.33 4203.08 4201.84 4200.53 4199.14 4197.57 4195.85 4193.77 4191.57 4189.06 4186.43 4183.53 4180.05 4176.16 4172.46 4169.52 4168.34 4169.97 4172.2 4173.49 4170.39 4166.62 4159.48 4152.35 4147 4147.49 4161.47 4169.79 4170.55 4170.06 4169.39 4168.54 4168.55 4168.37 4166.68 4164.62 4196.69 4178.29 4167.96 4166.71
4215.96 4216.38 4215.13 4214.51 4213.08 4211.57 4208.76 4207.9 4207.63 4205.38 4208.63 4209.15 4209.72 4208.03 4206.64 4205.2 4203.47 4203.04 4203.64 4204.58 4205.92 4207.14 4207.78 4207.24 4205.33 4205.83 4206.49 4205.23 4203.66 4202.26 4200.8 4199.27 4197.62 4195.83 4193.96 4191.56 4188.56 4185.25 4181.89 4178.08 4174.45 4170.32 4167.14 4166.03 4167.09 4169.11 4171.87 4173.13 4162.7 4153.44 4144.54 4136.75 4135.51 4159.83 4168.05 4165.89 4165.01 4165.07 4165.19 4165.63 4166.5 4166.74 4169.68 4195 4184.35 4171.63 4168.28
4215.88 4215.86 4214.47 4212.04 4208.98 4204.88 4201.65 4200.67 4201.42 4203 4205.75 4208.1 4209.14 4207.93 4206.39 4205.08 4203.91 4202.73 4201.66 4204.17 4206.03 4207.85 4209.38 4210.08 4208.58 4208.28 4207.54 4205.65 4203.95 4202.41 4200.87 4199.25 4197.58 4195.76 4193.61 4191.1 4188.44 4185.11 4181.7 4178.94 4173.81 4168.37 4164.47 4163.72 4163.91 4164.47 4164.79 4163.07 4156.47 4148.05 4139.15 4130.83 4127.09 4147.41 4156.74 4156.51 4157.95 4159.64 4161.24 4162.52 4161.98 4161.08 4160.84 4171.46 4177.68 4174.28 4170.23
4216.06 4216.49 4216.67 4213.25 4205.54 4198.36 4194.23 4193.63 4195.63 4199.59 4204.04 4207.92 4210.22 4208.13 4206.15 4204.14 4205.53 4203.57 4204.71 4204.81 4206.3 4208.52 4211.21 4214.49 4216.59 4212.33 4207.86 4205.29 4204.08 4202.56 4200.91 4199.12 4197.27 4195.56 4193.92 4192.09 4188.57 4184.7 4180.72 4176.35 4171.04 4166.01 4162.07 4160.47 4160.31 4160.1 4157.51 4154.2 4150.93 4144.39 4136.88 4130.2 4127.07 4131.77 4137.7 4144.72 4150.44 4154.99 4158.56 4161.1 4163.08 4161.82 4160.4 4166.95 4172.02 4170.57 4170.18
4217.87 4220.09 4220.29 4217.02 4201.98 4189.66 4185.59 4187.14 4191.82 4197.27 4202.94 4207.53 4209.62 4208.73 4206.5 4202.84 4196.31 4200.93 4202.57 4204.18 4206.02 4208.37 4211.32 4215.24 4218.31 4213.63 4208.13 4205.92 4204.68 4202.75 4200.77 4198.96 4196.99 4195.12 4193.32 4191.3 4188.51 4184.87 4179.59 4173.39 4167.85 4163.72 4160.26 4158.13 4157.91 4158.62 4157.64 4153.98 4149.06 4142.9 4136.61 4131.79 4130.05 4125.34 4123.92 4135.26 4144.97 4152.06 4156.77 4159.69 4161.99 4162.87 4163.76 4163.96 4164.51 4168.06 4170.4
4218.96 4225.39 4225.65 4222.31 4186.46 4173.18 4173.75 4179.65 4187.12 4194.83 4201.98 4207.57 4209.87 4208.46 4206.68 4205.73 4205.06 4202.61 4202.47 4203.49 4204.91 4206.94 4209.42 4211.63 4212.73 4212.29 4211.07 4209.05 4205.64 4202.86 4200.54 4198.32 4196.18 4194.09 4192.05 4189.91 4187.68 4184.97 4178.8 4172.08 4166.3 4162.05 4159.1 4157.73 4157.99 4158.74 4160.98 4156.08 4148.96 4142.7 4136.99 4132.62 4129.98 4124.76 4122.13 4133.35 4144.31 4152.58 4157.89 4160.06 4159.69 4162.79 4166.75 4169.06 4163.69 4170.51 4171.48
