real_craters/C162-750m.grd
DSAA
157 157
-58.38 58.38
-58.38 58.38
2814.7614675367 4970.2374792715
[rows 76 to 113 of 157, columns 0 to 83 of 157]
4184 4183 4182 4180 4179 4178 4178 4176 4175 4174 4175 4179 4182 4184 4182 4174 4163 4165 4171 4172 4173 4170 4172 4173 4174 4175 4178 4185 4199 4216 4228 4231 4230 4222 4228 4241 4248 4251 4254 4256 4264 4270 4262 4257 4249 4246 4242 4226 4224 4222 4232 4259 4286 4310 4361 4512 4676 4769 4522 4254 4050 3896 3793 3710 3637 3326 3110 3010 2945 2902 2888 2879 2875 2872 2881 2906 2944 2976 3024 3055 3007 2984 3008 3013
4184 4180 4181 4179 4179 4178 4177 4174 4175 4174 4174 4176 4179 4179 4176 4170 4168 4168 4171 4169 4173 4166 4171 4171 4173 4175 4177 4181 4184 4207 4225 4227 4230 4238 4243 4240 4244 4247 4251 4257 4259 4257 4255 4244 4247 4241 4231 4225 4226 4224 4229 4261 4287 4310 4357 4511 4688 4799 4549 4284 4101 3901 3760 3676 3560 3302 3123 3014 2939 2892 2881 2875 2868 2865 2874 2952 2994 2965 2922 2967 3029 3041 3068 3065
4182 4179 4180 4178 4177 4176 4174 4173 4175 4175 4173 4175 4177 4178 4179 4171 4169 4169 4169 4168 4174 4168 4173 4173 4174 4176 4177 4178 4177 4210 4232 4238 4237 4241 4243 4233 4224 4238 4247 4255 4262 4251 4248 4249 4244 4239 4235 4232 4234 4230 4264 4276 4294 4315 4341 4485 4663 4794 4660 4377 4213 3960 3748 3634 3499 3349 3148 3020 2935 2885 2878 2877 2868 2859 2885 2961 3015 2963 2908 2996 3124 3131 3108 3052
4182 4180 4180 4179 4178 4176 4179 4173 4175 4173 4172 4171 4172 4172 4171 4172 4169 4168 4168 4170 4177 4171 4175 4173 4174 4176 4180 4178 4197 4217 4227 4239 4236 4229 4219 4230 4232 4237 4240 4242 4231 4232 4238 4241 4240 4235 4228 4228 4237 4239 4269 4289 4300 4313 4332 4449 4609 4764 4805 4525 4275 3982 3776 3653 3485 3290 3131 3016 2937 2890 2878 2878 2862 2840 2829 2903 2970 2979 3000 3079 3229 3189 3113 3033
4182 4180 4180 4177 4176 4177 4177 4174 4175 4172 4171 4170 4170 4171 4169 4167 4168 4168 4167 4166 4173 4176 4173 4172 4173 4175 4177 4177 4193 4216 4232 4230 4223 4222 4227 4233 4239 4238 4236 4230 4211 4221 4230 4236 4236 4234 4234 4238 4238 4257 4285 4293 4301 4311 4331 4417 4542 4646 4717 4629 4348 4044 3833 3658 3430 3195 3083 3000 2938 2897 2878 2871 2856 2832 2818 2869 2942 2975 2998 3082 3143 3131 3063 2993
4182 4180 4181 4177 4175 4177 4177 4176 4176 4171 4170 4169 4170 4171 4172 4168 4169 4169 4169 4168 4170 4167 4174 4175 4173 4174 4175 4180 4191 4208 4223 4210 4210 4217 4227 4236 4240 4238 4235 4232 4236 4226 4227 4228 4231 4235 4232 4226 4242 4262 4285 4294 4300 4308 4320 4392 4501 4592 4682 4566 4291 4137 3901 3701 3403 3145 3059 2990 2939 2903 2881 2874 2857 2839 2830 2842 2865 2948 3037 3046 3048 3031 2976 2939
4181 4178 4178 4178 4178 4176 4174 4174 4176 4171 4169 4169 4170 4170 4170 4170 4170 4171 4173 4176 4175 4175 4173 4167 4171 4173 4178 4181 4191 4203 4217 4206 4204 4211 4223 4231 4236 4235 4233 4231 4227 4228 4229 4233 4239 4244 4236 4224 4250 4272 4277 4288 4296 4308 4328 4376 4486 4610 4690 4468 4167 4087 3970 3699 3428 3202 3089 3017 2954 2908 2885 2877 2861 2848 2845 2837 2815 2893 2968 2963 2958 2935 2901 2897
4179 4178 4177 4176 4174 4175 4174 4171 4173 4169 4169 4169 4170 4170 4170 4171 4172 4173 4173 4174 4174 4178 4169 4170 4169 4172 4174 4178 4186 4193 4200 4196 4199 4205 4212 4222 4229 4231 4232 4232 4227 4226 4234 4239 4242 4246 4243 4238 4256 4262 4275 4284 4291 4300 4314 4362 4464 4579 4665 4382 4216 4081 4044 3892 3526 3273 3170 3076 2990 2921 2890 2885 2866 2851 2845 2837 2830 2848 2875 2880 2861 2877 2870 2878
4180 4177 4176 4175 4173 4173 4171 4171 4174 4171 4170 4171 4170 4170 4172 4173 4172 4173 4172 4171 4167 4170 4171 4169 4168 4170 4172 4174 4181 4185 4186 4191 4193 4197 4206 4218 4222 4225 4228 4233 4236 4239 4242 4248 4255 4254 4252 4257 4268 4275 4276 4283 4285 4289 4299 4342 4419 4488 4469 4433 4313 4129 4125 4058 3719 3466 3313 3173 3045 2942 2893 2878 2856 2847 2842 2836 2837 2836 2843 2860 2860 2862 2868 2879
4178 4176 4176 4175 4173 4175 4177 4173 4176 4173 4172 4172 4172 4172 4173 4174 4175 4174 4174 4172 4170 4165 4168 4167 4169 4170 4170 4171 4171 4169 4174 4190 4187 4190 4194 4204 4212 4217 4222 4227 4238 4248 4247 4248 4250 4264 4256 4249 4257 4266 4272 4282 4276 4277 4284 4316 4382 4440 4470 4504 4345 4225 4145 4045 3965 3717 3478 3279 3107 2972 2904 2881 2848 2846 2843 2842 2841 2850 2856 2862 2858 2866 2877 2887
4183 4180 4178 4175 4179 4175 4172 4171 4170 4173 4174 4174 4175 4176 4176 4176 4176 4176 4173 4178 4169 4169 4170 4169 4170 4175 4173 4168 4168 4173 4171 4169 4177 4181 4185 4196 4202 4208 4214 4221 4231 4246 4244 4247 4253 4252 4254 4252 4250 4247 4252 4255 4263 4270 4277 4307 4358 4429 4513 4567 4527 4351 4186 4082 4020 3848 3608 3379 3175 3006 2923 2909 2868 2862 2852 2840 2840 2849 2856 2849 2852 2870 2884 2896
4191 4184 4179 4179 4175 4178 4172 4171 4173 4175 4176 4177 4177 4177 4175 4175 4177 4179 4183 4172 4171 4172 4165 4167 4170 4168 4169 4166 4169 4165 4162 4170 4174 4174 4174 4177 4190 4200 4206 4208 4216 4221 4231 4244 4257 4256 4253 4252 4247 4235 4237 4248 4260 4272 4280 4283 4345 4430 4514 4545 4520 4408 4278 4195 4144 3946 3715 3482 3257 3061 2962 2958 2920 2898 2872 2848 2839 2851 2860 2860 2861 2875 2891 2905
4184 4179 4179 4177 4181 4174 4174 4173 4174 4176 4177 4177 4178 4179 4174 4173 4173 4176 4180 4174 4176 4170 4173 4170 4172 4184 4180 4175 4173 4171 4164 4171 4172 4169 4167 4169 4185 4199 4208 4208 4215 4215 4226 4238 4245 4246 4246 4245 4242 4240 4243 4250 4260 4274 4296 4311 4338 4404 4477 4526 4474 4420 4338 4264 4196 4020 3802 3570 3344 3145 3034 3027 2992 2944 2904 2862 2845 2850 2862 2871 2868 2882 2899 2916
4179 4180 4180 4182 4179 4173 4175 4178 4179 4178 4178 4178 4177 4175 4173 4170 4169 4169 4172 4173 4172 4168 4162 4167 4170 4176 4179 4178 4176 4174 4168 4168 4168 4164 4160 4167 4186 4202 4217 4228 4225 4224 4229 4235 4233 4235 4235 4243 4259 4248 4244 4244 4251 4271 4298 4332 4339 4390 4436 4476 4488 4457 4451 4361 4231 4074 3868 3651 3441 3255 3129 3116 3047 2991 2934 2890 2867 2862 2868 2877 2878 2891 2914 2933
4179 4180 4184 4183 4180 4185 4182 4180 4180 4178 4177 4176 4176 4176 4172 4168 4164 4162 4166 4175 4165 4164 4164 4164 4165 4168 4167 4169 4175 4179 4169 4167 4167 4162 4159 4178 4195 4206 4221 4231 4229 4227 4231 4238 4237 4216 4223 4233 4250 4245 4239 4240 4245 4261 4279 4280 4312 4371 4433 4413 4407 4435 4441 4419 4334 4147 3948 3737 3544 3395 3304 3226 3099 3034 2971 2919 2887 2881 2882 2886 2899 2909 2950 2979
4177 4179 4188 4189 4181 4180 4179 4174 4174 4175 4174 4175 4175 4174 4170 4166 4162 4158 4163 4179 4168 4162 4162 4162 4162 4165 4166 4168 4173 4174 4171 4169 4166 4163 4163 4179 4194 4205 4218 4227 4227 4224 4226 4238 4255 4219 4217 4223 4232 4238 4234 4233 4236 4250 4267 4281 4297 4357 4435 4528 4502 4434 4388 4429 4367 4208 4013 3812 3621 3475 3427 3269 3152 3079 3032 2964 2908 2899 2908 2933 2962 2985 3039 3066
4179 4182 4184 4178 4175 4172 4174 4169 4170 4170 4171 4172 4174 4171 4168 4165 4163 4161 4168 4177 4170 4170 4165 4166 4170 4165 4165 4167 4169 4173 4177 4170 4163 4165 4169 4171 4179 4197 4212 4222 4223 4217 4214 4224 4228 4214 4215 4221 4228 4231 4228 4219 4218 4240 4261 4285 4295 4325 4349 4373 4515 4542 4459 4452 4397 4255 4089 3896 3696 3476 3282 3280 3231 3199 3163 3059 2947 2936 2988 3030 3094 3150 3181 3201
4177 4180 4180 4172 4169 4170 4171 4172 4167 4167 4169 4170 4169 4166 4167 4166 4166 4168 4168 4169 4168 4173 4170 4171 4166 4165 4166 4165 4165 4167 4160 4166 4165 4167 4171 4165 4169 4193 4213 4223 4224 4219 4211 4215 4216 4211 4211 4216 4225 4224 4210 4207 4218 4240 4256 4266 4295 4297 4309 4331 4371 4434 4481 4499 4416 4303 4168 4013 3838 3637 3512 3540 3557 3517 3403 3244 3104 3189 3277 3225 3275 3334 3361 3391
4178 4179 4177 4173 4171 4168 4169 4173 4168 4166 4169 4169 4171 4172 4168 4166 4166 4169 4169 4170 4172 4165 4170 4177 4174 4171 4165 4163 4162 4159 4160 4162 4165 4165 4161 4160 4166 4197 4233 4240 4232 4226 4226 4215 4204 4202 4202 4208 4212 4209 4205 4207 4221 4243 4251 4255 4257 4273 4285 4295 4330 4370 4418 4460 4427 4344 4249 4147 4046 3962 3933 3960 3962 3920 3701 3524 3397 3494 3552 3464 3423 3472 3555 3621
4179 4177 4178 4171 4174 4173 4169 4169 4172 4174 4170 4170 4170 4166 4167 4166 4166 4166 4167 4172 4178 4171 4169 4174 4173 4169 4165 4163 4161 4159 4160 4162 4161 4163 4162 4160 4164 4197 4231 4241 4234 4226 4223 4215 4209 4196 4195 4196 4196 4194 4196 4205 4227 4245 4250 4250 4249 4260 4280 4298 4299 4327 4364 4395 4394 4370 4329 4288 4244 4235 4237 4220 4160 4086 3920 3810 3806 3791 3752 3696 3640 3683 3788 3889
4172 4173 4171 4171 4172 4171 4172 4174 4172 4170 4169 4168 4167 4169 4167 4165 4163 4165 4177 4171 4168 4170 4167 4168 4169 4167 4167 4164 4162 4157 4162 4162 4163 4170 4174 4167 4171 4198 4230 4237 4231 4218 4201 4202 4204 4199 4194 4199 4192 4191 4201 4213 4230 4242 4244 4247 4249 4248 4267 4273 4275 4292 4319 4351 4376 4386 4385 4390 4409 4381 4371 4292 4222 4104 4068 4023 3986 4030 4080 4005 3970 3988 4055 4156
4169 4171 4172 4174 4172 4165 4176 4172 4170 4170 4167 4167 4169 4166 4166 4164 4162 4159 4178 4172 4166 4168 4166 4168 4165 4176 4171 4165 4163 4160 4169 4165 4168 4178 4182 4176 4173 4200 4230 4234 4227 4215 4202 4207 4211 4203 4196 4193 4194 4199 4219 4239 4228 4230 4234 4239 4246 4239 4244 4255 4255 4285 4294 4314 4360 4394 4429 4477 4553 4671 4580 4480 4406 4288 4272 4229 4164 4203 4240 4232 4275 4259 4287 4371
4168 4171 4178 4175 4174 4173 4177 4171 4170 4170 4167 4164 4162 4168 4166 4164 4164 4169 4176 4186 4189 4180 4166 4162 4170 4159 4162 4163 4163 4163 4163 4163 4168 4181 4187 4186 4189 4208 4230 4230 4224 4216 4210 4213 4215 4213 4207 4197 4198 4212 4222 4235 4227 4219 4222 4225 4229 4240 4245 4245 4265 4295 4313 4333 4363 4403 4450 4510 4586 4636 4686 4728 4630 4611 4542 4474 4410 4352 4312 4352 4417 4425 4457 4520
4169 4171 4171 4172 4174 4174 4179 4172 4171 4169 4167 4164 4162 4167 4166 4165 4163 4160 4176 4183 4184 4175 4164 4162 4161 4160 4160 4161 4161 4160 4161 4161 4160 4159 4183 4196 4205 4215 4222 4224 4221 4217 4215 4212 4212 4214 4210 4195 4197 4194 4212 4222 4222 4209 4213 4217 4221 4237 4239 4232 4251 4304 4321 4343 4354 4383 4428 4486 4560 4626 4657 4638 4677 4747 4729 4709 4661 4580 4502 4492 4476 4520 4549 4610
4171 4172 4171 4172 4173 4173 4178 4176 4173 4170 4167 4165 4165 4168 4168 4168 4170 4173 4174 4169 4173 4166 4159 4157 4156 4162 4161 4161 4162 4162 4163 4167 4173 4191 4194 4207 4224 4231 4222 4220 4218 4216 4216 4216 4215 4213 4205 4205 4204 4210 4215 4222 4219 4211 4210 4214 4222 4226 4228 4226 4216 4242 4267 4298 4322 4344 4372 4419 4486 4554 4594 4626 4672 4711 4709 4752 4760 4739 4752 4705 4697 4599 4564 4571
4172 4172 4172 4169 4166 4170 4175 4176 4173 4170 4168 4167 4170 4171 4172 4173 4171 4179 4177 4171 4162 4161 4160 4165 4165 4163 4163 4164 4165 4166 4166 4169 4181 4192 4201 4215 4228 4228 4217 4217 4217 4218 4218 4222 4219 4216 4215 4213 4208 4206 4203 4201 4205 4206 4206 4212 4220 4224 4215 4211 4206 4222 4241 4267 4289 4301 4318 4341 4372 4432 4510 4603 4653 4602 4589 4566 4593 4622 4685 4694 4673 4584 4516 4462
4170 4170 4174 4169 4171 4173 4178 4173 4172 4170 4169 4171 4167 4172 4177 4180 4178 4176 4178 4171 4166 4171 4168 4172 4161 4166 4163 4167 4170 4172 4174 4175 4189 4190 4209 4219 4226 4220 4212 4212 4213 4215 4216 4219 4221 4219 4216 4214 4210 4204 4201 4200 4202 4204 4205 4208 4212 4191 4204 4201 4208 4223 4237 4251 4254 4264 4269 4266 4252 4299 4398 4489 4540 4559 4580 4549 4562 4609 4586 4560 4538 4490 4430 4369
4169 4168 4165 4166 4168 4176 4176 4172 4174 4175 4173 4171 4168 4174 4179 4186 4194 4172 4184 4192 4191 4190 4192 4179 4171 4170 4171 4176 4176 4182 4187 4197 4207 4212 4217 4223 4226 4219 4212 4210 4212 4215 4218 4221 4223 4224 4224 4218 4218 4216 4212 4203 4201 4204 4195 4200 4203 4203 4196 4211 4219 4229 4246 4242 4235 4235 4235 4225 4215 4244 4296 4334 4357 4415 4469 4523 4523 4562 4490 4445 4415 4395 4358 4302
4169 4169 4168 4167 4172 4181 4179 4182 4177 4178 4187 4180 4182 4177 4175 4182 4196 4185 4193 4209 4201 4202 4205 4190 4188 4185 4181 4187 4194 4195 4200 4209 4211 4211 4216 4225 4232 4233 4212 4210 4214 4218 4223 4223 4224 4233 4237 4236 4234 4225 4207 4200 4193 4201 4199 4201 4198 4191 4188 4211 4224 4219 4230 4231 4228 4225 4223 4215 4206 4216 4234 4238 4226 4266 4271 4339 4367 4360 4356 4311 4331 4327 4304 4279
4172 4175 4189 4186 4191 4183 4175 4181 4173 4170 4164 4170 4180 4171 4164 4163 4170 4184 4177 4166 4180 4197 4211 4206 4201 4194 4186 4199 4198 4199 4202 4207 4208 4208 4216 4227 4235 4219 4206 4212 4217 4221 4223 4224 4231 4248 4272 4269 4256 4239 4227 4207 4201 4210 4212 4204 4195 4186 4187 4212 4222 4219 4218 4218 4215 4219 4218 4216 4218 4210 4209 4208 4215 4213 4218 4224 4243 4241 4269 4313 4297 4284 4268 4260
4169 4177 4199 4190 4188 4178 4165 4162 4164 4162 4159 4159 4163 4160 4151 4142 4148 4194 4171 4158 4168 4183 4193 4197 4206 4213 4230 4215 4196 4197 4201 4203 4206 4214 4221 4229 4235 4238 4220 4220 4224 4226 4231 4225 4226 4250 4273 4294 4274 4249 4226 4207 4193 4206 4231 4206 4187 4179 4191 4202 4205 4204 4205 4201 4201 4202 4210 4215 4217 4210 4204 4201 4200 4198 4198 4200 4203 4212 4240 4261 4254 4245 4236 4232
4166 4180 4181 4175 4184 4173 4160 4163 4162 4159 4157 4160 4159 4150 4140 4135 4152 4199 4170 4162 4167 4171 4172 4169 4180 4190 4215 4206 4191 4193 4198 4204 4212 4218 4226 4229 4227 4222 4229 4233 4235 4234 4230 4226 4228 4253 4281 4292 4275 4250 4226 4205 4189 4199 4210 4193 4176 4173 4199 4186 4187 4192 4185 4188 4190 4190 4201 4207 4212 4204 4199 4197 4195 4194 4190 4197 4206 4212 4219 4199 4197 4208 4210 4209
4158 4171 4176 4178 4178 4169 4161 4162 4162 4159 4157 4158 4153 4145 4137 4138 4157 4184 4164 4156 4162 4165 4167 4170 4167 4202 4192 4186 4187 4190 4196 4202 4205 4215 4229 4232 4235 4238 4241 4251 4250 4246 4240 4239 4245 4257 4267 4273 4262 4243 4223 4207 4200 4191 4181 4180 4169 4165 4174 4180 4186 4184 4180 4175 4178 4183 4191 4198 4201 4198 4195 4194 4196 4194 4193 4204 4225 4232 4225 4192 4173 4187 4196 4199
4147 4161 4170 4168 4170 4167 4162 4163 4162 4159 4157 4154 4151 4145 4140 4144 4157 4167 4158 4156 4160 4166 4170 4176 4181 4181 4182 4182 4186 4193 4199 4204 4208 4215 4230 4230 4234 4256 4283 4271 4263 4258 4257 4251 4250 4262 4264 4254 4244 4232 4220 4205 4189 4181 4187 4185 4174 4172 4176 4186 4184 4171 4159 4164 4169 4173 4178 4185 4189 4185 4185 4185 4187 4188 4186 4199 4226 4238 4243 4204 4175 4186 4199 4211
4141 4158 4165 4164 4168 4167 4160 4159 4158 4157 4156 4153 4150 4146 4143 4147 4158 4161 4157 4156 4162 4169 4177 4180 4189 4175 4178 4181 4186 4194 4203 4209 4212 4210 4217 4220 4219 4244 4276 4268 4262 4261 4258 4248 4240 4233 4235 4231 4227 4220 4208 4193 4179 4178 4188 4185 4179 4170 4191 4186 4175 4160 4159 4160 4165 4167 4167 4162 4167 4173 4176 4177 4176 4178 4183 4195 4211 4216 4220 4211 4195 4197 4206 4211
4140 4160 4165 4168 4167 4165 4159 4157 4157 4156 4155 4155 4152 4149 4147 4148 4159 4160 4157 4158 4166 4173 4181 4189 4181 4184 4175 4186 4190 4197 4204 4213 4218 4218 4220 4221 4219 4229 4234 4246 4249 4252 4253 4233 4217 4219 4223 4228 4224 4209 4192 4176 4180 4184 4188 4193 4196 4147 4174 4174 4173 4161 4158 4160 4161 4162 4162 4162 4164 4167 4169 4170 4169 4170 4182 4193 4187 4197 4200 4202 4199 4202 4216 4221
4140 4162 4163 4163 4163 4160 4157 4155 4155 4154 4153 4154 4153 4151 4149 4150 4161 4160 4158 4166 4172 4178 4184 4190 4191 4184 4180 4188 4190 4195 4203 4212 4220 4226 4230 4228 4222 4224 4232 4232 4227 4218 4215 4213 4207 4208 4213 4214 4209 4202 4191 4182 4184 4190 4193 4204 4200 4201 4174 4170 4170 4166 4158 4159 4161 4164 4165 4166 4168 4170 4168 4167 4166 4165 4170 4192 4195 4194 4188 4183 4190 4198 4212 4218
4155 4162 4162 4159 4160 4156 4153 4153 4153 4154 4153 4155 4153 4152 4152 4151 4158 4162 4165 4169 4175 4182 4187 4183 4178 4179 4180 4184 4185 4190 4197 4206 4217 4228 4228 4229 4224 4222 4222 4216 4206 4194 4191 4199 4205 4207 4205 4205 4202 4200 4195 4189 4185 4180 4189 4187 4205 4194 4171 4163 4165 4164 4163 4157 4163 4169 4175 4177 4177 4176 4171 4168 4166 4168 4170 4175 4179 4189 4200 4174 4167 4188 4212 4215
