real_craters/C162-500m.grd
DSAA
235 235
-58.38 58.38
-58.38 58.38
2814.7614686297 4970.2374814457
[rows 180 to 209 of 235, columns 0 to 66 of 235]
4157.39 4156.93 4156.13 4153.56 4154.38 4155.66 4154.99 4153.78 4152.51 4150.61 4150.19 4149.7 4151.52 4153.04 4153.29 4150.44 4150.62 4151.53 4152.34 4151.59 4149.67 4150.62 4159.7 4167.31 4165.31 4160.1 4157.33 4157.62 4158.31 4158.38 4158.43 4158.43 4158.95 4159.82 4161.87 4162.36 4162.61 4164.4 4165.01 4165.32 4166.21 4167.66 4169.48 4171.58 4173.69 4175.06 4175.44 4176.62 4178 4178.63 4179.3 4181.86 4186.25 4194.17 4199.19 4198.82 4197.77 4196.27 4193.82 4191.17 4196.94 4201.64 4195.86 4191.42 4189.03 4188.08 4189.17
4154.92 4156.63 4156.96 4153.71 4154.8 4156.27 4157.61 4154.7 4152.86 4151.58 4150.5 4149.92 4149.35 4149.76 4151.57 4150.48 4150.77 4151.79 4153 4150.77 4146.46 4145.71 4165.52 4175.08 4168.4 4160.63 4156.32 4155.53 4156.91 4157.6 4158.09 4158.52 4158.71 4160.04 4160.18 4162.09 4163 4163.88 4164.69 4165.57 4167.42 4168.15 4168.95 4172.42 4176.77 4179.65 4179.75 4182.16 4182.93 4182.32 4181.91 4181.59 4185.62 4194.14 4201 4200.26 4199.53 4198.61 4198.16 4199.43 4198.7 4197.58 4195.39 4192.18 4190.28 4189.64 4190.87
4154.75 4155.19 4155.25 4155.9 4155.72 4156.36 4154.11 4153.09 4151.81 4151.06 4150.42 4149.94 4149.31 4148.93 4152.71 4149.94 4150.37 4151.24 4151.96 4149.34 4144.23 4143.31 4169.72 4179.56 4169.72 4158.28 4157.32 4157.18 4156.75 4157.16 4157.88 4158.99 4160.24 4160.99 4162.35 4162.74 4163.74 4164.48 4164.92 4166.09 4167.01 4168.23 4169.44 4173.95 4180.99 4187.92 4190.43 4190.77 4188.69 4186.09 4184.06 4181.75 4183.73 4190.17 4197.65 4199.5 4199.69 4199.43 4199.78 4200.57 4199.09 4195.64 4193 4190.8 4189.43 4188.52 4187.23
4155.34 4156.98 4156.97 4156.45 4155.49 4155.14 4156.42 4152.95 4151.38 4150.48 4150.4 4149.99 4149.62 4149.59 4149.33 4149.36 4149.9 4150.97 4151.22 4148.92 4144.13 4144.82 4174.24 4178.26 4168.28 4158.42 4156.74 4156.46 4156.29 4156.52 4157.24 4158.47 4160.37 4161.4 4162.24 4163.23 4163.69 4163.64 4165.72 4167.47 4168.56 4167.52 4169.18 4174.32 4184.08 4198.59 4211.05 4201.64 4193.32 4188.22 4185.75 4183.75 4185.98 4191.38 4197.56 4198.65 4199.22 4198.99 4198.74 4199.1 4196.31 4192.4 4189.42 4187.97 4187.21 4186.66 4185.56
4157.02 4157.5 4155.98 4153.85 4154.37 4153.69 4151.72 4151.73 4151.12 4150.62 4150.24 4150.07 4150.18 4150.44 4148.36 4148.38 4149.13 4150.03 4150.65 4149.95 4145.27 4146.07 4169.48 4172.53 4164.66 4156.55 4154.9 4155.28 4155.49 4155.78 4156.33 4157.24 4158.8 4160.97 4162.49 4163.57 4164.03 4164.81 4167.04 4169.42 4168.3 4168.28 4168.84 4172.31 4181.45 4192.16 4197.32 4198.71 4192.42 4187.72 4183.89 4184.08 4192.89 4196.04 4190.23 4198.08 4198.24 4197.01 4195.42 4191.36 4185.29 4183.14 4183.85 4183.62 4183.28 4182.33 4179.06
4156.77 4155.69 4154.56 4153.84 4154.17 4154.44 4151.39 4150.62 4150.46 4150.67 4150.56 4150.69 4150.66 4150.2 4148.57 4148.56 4148.78 4149.26 4149.89 4149.6 4146.69 4149.23 4168.19 4167.56 4160.62 4153.97 4154.21 4154.35 4154.77 4155.14 4155.5 4155.99 4157.91 4160.86 4163.07 4163.88 4164.66 4165.95 4167.42 4167.09 4168.83 4171.2 4171.04 4171.06 4176.5 4180.3 4183.31 4187.97 4187.81 4186.07 4184.34 4186.18 4199.49 4200.57 4204.54 4201.01 4198.19 4195.24 4192.27 4189.48 4183.02 4177.96 4178.99 4179.46 4179.37 4179.47 4178.61
4154.29 4155.16 4153.94 4153.43 4153.87 4154.17 4151.41 4150.35 4150.15 4150 4150.09 4150.29 4150.36 4150.2 4147.75 4148.29 4148.4 4148.61 4148.78 4148.59 4146.84 4150.3 4163.52 4163.13 4157.45 4153.21 4153.64 4154.15 4154.55 4154.89 4155.19 4155.72 4157.59 4160.72 4162.87 4164.01 4164.84 4165.76 4166.04 4167.07 4168.75 4169.94 4170.34 4172.23 4174.08 4175.63 4178 4182.32 4184.29 4184.62 4185.76 4195.35 4190.49 4198.84 4200.35 4199 4195.91 4192.13 4188.11 4183.9 4181.27 4177.48 4175.63 4175.46 4175.41 4174.56 4173.26
4153.3 4153.8 4152.99 4152.64 4152.95 4152.82 4150.57 4149.99 4149.78 4149.61 4149.69 4149.76 4149.7 4149.01 4147.85 4148.18 4148.07 4148.07 4148.08 4147.54 4146.06 4148.66 4161 4160.03 4155.5 4153.29 4154.72 4154.41 4154.56 4154.79 4155.12 4155.92 4157.78 4160.64 4162.67 4163.7 4164.82 4165.68 4166.47 4167.21 4168.21 4168.52 4169.75 4171.18 4173.67 4175.51 4177.82 4180.57 4182.34 4182.93 4183.7 4182.4 4189.81 4195.23 4196.05 4195.57 4193.05 4188.98 4183.9 4177.78 4170.95 4172.23 4171.78 4171.72 4171.98 4172.21 4170.2
4152.86 4153.01 4151.33 4151.74 4152.1 4151.57 4150.3 4149.91 4149.87 4149.87 4149.61 4149.6 4149.45 4149.2 4147.52 4148.1 4147.89 4147.84 4147.72 4148.17 4147.01 4150.91 4159.94 4157.97 4153.97 4152.58 4153.62 4154.33 4154.62 4154.92 4155.32 4155.8 4157.38 4158.96 4161.15 4163.17 4164.67 4166.28 4167.81 4168.27 4169.49 4170.55 4170.66 4172.64 4175.26 4179.06 4180.63 4181.08 4182.74 4183.64 4184.01 4186.37 4189.93 4192.84 4194.91 4194.14 4190.62 4186.42 4181.55 4175.67 4172.09 4168.44 4168.24 4168.94 4169.54 4168.3 4167.22
4153.08 4151.89 4152.26 4151.82 4151.9 4151.58 4149.9 4149.91 4149.61 4149.57 4149.43 4149.31 4149.11 4149 4148 4147.82 4148 4147.91 4147.73 4147.78 4147.97 4153.23 4158.36 4156.15 4152.84 4152.68 4153.94 4154.52 4154.85 4155.2 4155.83 4157.03 4157.95 4159.56 4161.19 4162.94 4164.37 4165.29 4165.86 4168.07 4171.12 4171.87 4169.91 4173.36 4176.77 4179.27 4181.57 4182.61 4182.93 4183.93 4185 4187.24 4190.45 4191.05 4191.34 4190.2 4187.92 4184.48 4180.01 4174.51 4167.84 4164.7 4165.07 4166.53 4168.57 4169.87 4168.01
4155.81 4153.24 4153.35 4152.33 4152.11 4151 4150.59 4150.56 4150.19 4149.91 4149.56 4149.23 4148.78 4147.96 4148.09 4148.6 4148.11 4147.59 4147.46 4147.84 4148.8 4153.86 4157.13 4154.87 4151.87 4153.64 4155.16 4154.87 4154.98 4155.4 4156.14 4156.63 4158.35 4159.48 4161.34 4163.04 4164.41 4165.48 4166.67 4168.19 4172.01 4175.72 4171.69 4173.67 4177.23 4180.98 4182.19 4182.75 4183.57 4184.36 4185.25 4185.44 4186.18 4188.16 4188.25 4186.76 4186.31 4183.07 4179.01 4173.92 4166.52 4161.73 4162.35 4163.65 4166.01 4172.37 4167.58
4158.29 4155.13 4152.58 4152.33 4152.77 4153.12 4152.52 4151.85 4151.09 4150.6 4150.05 4149.42 4148.87 4147.8 4147.02 4148.02 4148.06 4147.2 4146.8 4147.45 4149.56 4155.86 4156.86 4154.61 4150.67 4153.05 4154.47 4154.61 4154.9 4155.42 4156.27 4157.54 4159.22 4160.91 4162.23 4163.67 4164.92 4165.86 4166.16 4168.05 4171.02 4172.13 4172.45 4172.89 4175.36 4178.75 4181.9 4182.88 4183.91 4185.01 4185.86 4186.45 4185.44 4186.35 4187.82 4188.83 4186.4 4183.22 4179.16 4174.54 4166.97 4161.68 4160.7 4160.16 4159.18 4157.21 4160.34
4159.42 4156.29 4150.78 4152.12 4153.45 4156.18 4154.37 4153.04 4152.02 4150.86 4150.16 4149.63 4149.07 4147.92 4147.19 4149.53 4147.78 4146.66 4145.97 4146.07 4147.54 4154.28 4157.12 4155.65 4154.2 4152.05 4152.82 4153.95 4154.63 4155.25 4156.08 4157.59 4159.6 4161.87 4162.93 4164.04 4165.32 4166.71 4169.28 4169.41 4170.94 4171.62 4171.94 4172.52 4174.94 4176.75 4179.79 4182.21 4183.85 4185.09 4185.9 4186.17 4182.57 4184.33 4186.35 4187.23 4186.06 4183.1 4179.16 4174.74 4168.75 4163.24 4160.43 4158.31 4156.01 4153.81 4156.38
4154.59 4154.18 4151.42 4152.68 4155.53 4155.98 4155.12 4153.68 4151.94 4150.96 4150.11 4149.39 4148.42 4147.44 4147.02 4147.04 4147.3 4146.37 4145.34 4144.5 4144.89 4156.9 4157.79 4155.87 4153.47 4151.79 4152.8 4154 4154.75 4155.19 4155.38 4156.66 4159.28 4161.62 4162.94 4164.21 4165.59 4167.36 4170.23 4171.81 4171.49 4172.22 4172.34 4172.4 4172.95 4175.32 4178.71 4181.4 4183.37 4184.9 4185.27 4183.17 4181.65 4182.49 4184.97 4186.9 4185.96 4182.55 4178.16 4172.94 4168.93 4164.77 4160.17 4157.97 4156.67 4155 4155.83
4151.77 4145.76 4146.84 4152.37 4157.22 4157.73 4155.55 4154.84 4151.76 4150.75 4149.92 4149.26 4148.96 4147.3 4146.77 4146.6 4147.01 4146.3 4145.43 4145.27 4147.27 4157.65 4157.41 4155.37 4153.92 4154.45 4154.37 4154.71 4155.29 4155.82 4156.18 4157.45 4159.71 4161.25 4162.77 4163.91 4165.14 4166.34 4166.34 4168.25 4171.59 4174.93 4175.08 4172.12 4173.77 4176.75 4179.17 4181.43 4183.42 4185.17 4186.15 4185.37 4180.17 4179.98 4183.28 4185.68 4185.25 4181.75 4177.06 4172.66 4165.62 4159.66 4157.55 4157.73 4158.6 4158.59 4156.55
4154.44 4151.43 4149 4152.51 4156.33 4155.93 4155.09 4154.65 4154.12 4152.71 4151 4149.6 4148.79 4146.49 4146.42 4147.79 4147.16 4146.19 4146.38 4147.49 4150.67 4155.94 4155.27 4154.26 4154.23 4155.4 4155.19 4155.32 4155.96 4156.89 4158.25 4159.17 4160.81 4162.13 4162.41 4163.24 4164.41 4165.76 4167.34 4167.73 4171.16 4175.83 4176.21 4171.23 4173.97 4177.56 4179.43 4181.4 4183.56 4185.15 4186.71 4186.23 4182.23 4178.54 4181.29 4185.66 4185.33 4179.78 4174.55 4168.87 4161.34 4153.84 4154.96 4157.11 4158.95 4158.57 4156.29
4154.68 4153.97 4152.63 4153.14 4154 4153.31 4153.71 4153.54 4152.66 4151.4 4149.82 4148.17 4146.09 4147.55 4146.71 4145.59 4145.71 4146.15 4146.29 4147.75 4150.7 4150.58 4152 4152.56 4153.21 4154.26 4154.79 4155.47 4156.42 4157.49 4158.43 4158.99 4159.09 4160.12 4161.19 4162.17 4163.31 4164.71 4166.22 4167.16 4169.5 4171.72 4171.42 4171.63 4173.33 4176.71 4179.25 4181.53 4183.38 4184.6 4184.87 4183.3 4179.48 4176.26 4177.91 4179.99 4179.16 4175.73 4171.5 4165.83 4159.74 4153.97 4154.73 4156.89 4159.32 4158.3 4155.08
4156.78 4154.82 4153.44 4153 4152.7 4151.85 4152.85 4153.14 4152.23 4150.92 4149.39 4147.66 4146.32 4146.22 4146.61 4146.64 4147.02 4146.29 4146.11 4146.74 4150.5 4148.05 4150.12 4151.76 4152.15 4152.65 4154 4155.3 4156.6 4157.96 4159.13 4158.61 4157.83 4158.45 4159.84 4160.83 4161.57 4162.72 4164.41 4166.06 4167.58 4169.29 4171.52 4171.94 4174.22 4176.63 4179.68 4181.85 4183.26 4183.93 4183.48 4181.41 4177.71 4173.71 4174 4173.75 4172.31 4171.06 4169.06 4167.08 4161.26 4157.48 4156.24 4156.61 4156.71 4155.43 4153.24
4154.97 4155.35 4151.74 4151.34 4152.45 4153.39 4153.34 4153.01 4151.74 4150.38 4149.02 4147.67 4146.6 4145.99 4146.53 4146.87 4146.99 4146.43 4145.43 4145.97 4154.49 4150.36 4150.4 4152.51 4152.45 4152.22 4153.38 4154.84 4156.31 4157.83 4159.07 4158.48 4157.83 4158.08 4158.82 4159.67 4160.34 4161.1 4164.69 4166.27 4163.8 4166.45 4171.91 4174.68 4176.73 4178.28 4180.66 4182.39 4183.44 4183.77 4183.29 4181.19 4177.07 4172.65 4171.98 4170.19 4168.24 4167.54 4166.79 4165 4162.85 4161.04 4158.96 4156.25 4154.57 4152.6 4151.09
4155.59 4154.12 4146.3 4139.16 4165.01 4156.76 4153.76 4153.01 4151.54 4150.1 4148.85 4147.93 4146.83 4146.22 4146.48 4147.68 4149.98 4146.7 4144.52 4144.78 4154.01 4151.46 4150.6 4151.19 4150.91 4151.61 4153.05 4154.27 4155.67 4157.03 4158.08 4157.66 4157.57 4157.9 4158.73 4159.74 4160.77 4162.26 4168.65 4171.93 4151.86 4164.35 4171.19 4174.04 4176.2 4179.81 4182.11 4183.38 4184.09 4184.05 4182.32 4179.94 4176.73 4174.04 4171.75 4169.41 4165.56 4166.26 4164.81 4163.47 4163.29 4163.95 4160.81 4155 4150.27 4149.77 4149.21
4155.42 4151.19 4143.49 4131.29 4126.04 4149.97 4152.08 4151.64 4150.25 4148.85 4147.69 4147.16 4147.21 4145.78 4146.15 4146.77 4146.6 4145.43 4143.66 4144.12 4155.7 4153.22 4150 4149.49 4152.11 4152.34 4152.92 4153.94 4155.05 4156.07 4156.75 4156.84 4156.56 4157.73 4158.78 4159.86 4161.65 4165.27 4169.33 4169.3 4167.75 4167.6 4171.36 4173.5 4177.51 4182.71 4183.34 4184.36 4184.64 4184.71 4184.95 4180.84 4176.06 4173.16 4171.79 4170.95 4173.02 4168.28 4164.26 4162.01 4161.57 4161.74 4158.83 4152.97 4149.32 4148.76 4148.76
4153.19 4147.8 4145.63 4148.55 4149.72 4150.51 4150.76 4150.23 4148.85 4147.53 4146.14 4144.69 4144.48 4145.49 4145.79 4145.98 4145.56 4144.74 4143.29 4144.35 4154.28 4151.03 4149.33 4148.83 4149.88 4151.72 4152.89 4153.84 4154.54 4155.29 4156.31 4157.08 4157.51 4158.55 4159.31 4159.88 4161.15 4163.53 4167.07 4168.78 4169.72 4170.1 4170.65 4171.58 4175 4178.14 4184.19 4185.81 4185.74 4184.66 4182.28 4179.3 4174.6 4171.04 4170.5 4170.08 4169.57 4166.78 4163.19 4160.65 4158.82 4156.67 4153.98 4151.76 4149.18 4150.27 4150.13
4148.32 4144.39 4146.53 4149.08 4147 4148.14 4148.74 4148.41 4147.67 4146.59 4145.28 4143.8 4143.72 4144.94 4145.58 4146.08 4146.71 4145.26 4143.77 4144.76 4153.27 4151.06 4150.39 4151.84 4151.86 4152.43 4153.28 4153.93 4154.37 4154.47 4155.96 4158.6 4159.9 4160.17 4159.95 4159.94 4160.16 4161.7 4165.52 4167.55 4170.32 4172.16 4174.49 4176.71 4179.11 4185.14 4187.67 4187.74 4186.53 4184.55 4181.23 4177.71 4173.52 4170.28 4168.19 4167.46 4166.79 4164.91 4162.32 4159.4 4156.52 4153.54 4151.94 4155 4156.23 4154.36 4152.49
4145.26 4145.99 4147.02 4147.48 4145.94 4146.47 4147.17 4147.23 4147.18 4146.35 4145.42 4144.94 4143.38 4144.88 4146.24 4146.46 4146.3 4145.29 4144.78 4147.1 4154.15 4152 4152.03 4154.88 4153.47 4153.7 4154.12 4154.7 4155.16 4155.8 4157.55 4161.29 4163.52 4161.82 4161.02 4160.53 4160.72 4162.67 4166.57 4170.54 4172.72 4174.36 4175.9 4177.19 4181.17 4188.46 4190.84 4189.67 4187.36 4184.73 4181.47 4176.91 4172.16 4167.62 4165.03 4165.08 4164.17 4162.61 4161.04 4158.67 4155.51 4152.4 4151.7 4156.65 4158.8 4158.09 4155.42
4144.97 4148.18 4147.79 4145.76 4144.13 4144.54 4145.92 4145.72 4145.49 4145.21 4144.87 4145.14 4147.76 4148.33 4148.34 4148.14 4148.07 4146.97 4145.68 4148.74 4155.58 4154.04 4153.19 4154.32 4154.89 4154.47 4154.89 4155.71 4156.69 4157.7 4158.76 4160 4161.62 4161.92 4161.78 4161.62 4161.53 4163.75 4168.17 4172.77 4175.78 4176.01 4176.9 4178.53 4179.76 4189.62 4192.98 4190.63 4187.33 4184.01 4180.69 4175.59 4170.73 4166.07 4163.26 4162.96 4162.42 4161.68 4160.97 4158.92 4155.71 4152.61 4153.27 4162.28 4165.34 4160.42 4156.79
4146.23 4145.18 4146.29 4147.79 4146.45 4145.15 4144.64 4144.78 4144.46 4144.78 4145.17 4145.86 4152.3 4151.26 4149.87 4148.65 4148.48 4147.82 4146.88 4149.19 4155.44 4155.24 4155.91 4155.81 4154.22 4154.72 4155.54 4156.62 4158 4159.87 4160.1 4159.36 4160.21 4162.22 4162.83 4163.18 4163.92 4166.16 4169.83 4173.72 4175.69 4177.08 4179.51 4181.8 4188.28 4191.63 4192.93 4190.01 4186.29 4181.99 4178.16 4174.13 4169.75 4165.24 4163.09 4163.82 4163.09 4162.4 4163.58 4160.76 4157.05 4153.63 4150.68 4156.8 4160.8 4159.67 4156.87
4148 4145.23 4146.63 4148.81 4146.2 4145.51 4145.26 4145.14 4145.22 4145.75 4147.1 4149.86 4151.91 4151.35 4150.11 4148.77 4147.2 4145.7 4149.86 4151.04 4153.33 4155.81 4158.12 4156.02 4154.21 4155.27 4156.54 4157.72 4159.34 4160.92 4162.05 4162.94 4163.43 4163.83 4164.2 4164.7 4165.75 4168.36 4171.68 4174.94 4176.67 4177.51 4183.54 4187.9 4188.1 4189.3 4189.02 4187.5 4185.01 4180.62 4176.3 4173.94 4169.82 4166.35 4165.49 4165.52 4165.83 4165.76 4166.64 4162.74 4158.8 4156.07 4156.51 4160.87 4159.39 4157.38 4155.02
4148.25 4146.31 4147.49 4146.63 4145.46 4145.7 4145.79 4145.99 4146.25 4146.36 4147.77 4150.26 4150.24 4150.91 4149.84 4148.8 4147.11 4145.72 4153.96 4154.33 4152.61 4155.74 4158.64 4156.56 4156.32 4157.1 4157.77 4158.57 4159.72 4162.4 4163.87 4165.87 4166.29 4165.96 4166.06 4166.71 4168.58 4170.48 4173.58 4176.42 4177.67 4179.51 4187.54 4191.26 4177.61 4185.11 4185.04 4184.68 4184.28 4184.77 4180.92 4175.43 4170.72 4167.5 4166.32 4167.28 4168.52 4169.73 4167.23 4163.15 4159.71 4157.39 4156.37 4153.32 4155.53 4155.33 4154.62
4150.19 4146.68 4149.43 4145.29 4145.38 4146.09 4146.65 4146.91 4147.15 4146.53 4143.55 4143.68 4151.08 4151.21 4150.73 4149.77 4148.91 4147.56 4152.48 4147.54 4151.82 4155.67 4157.46 4160.32 4159.88 4159.42 4159.57 4159.36 4158.03 4158.35 4163.2 4168.56 4167.93 4167.37 4167.61 4168.4 4169.9 4172.76 4175.85 4179.15 4182.68 4186.05 4189.7 4194.19 4181.69 4180.05 4180.88 4181.09 4181.46 4181.45 4179.69 4175.5 4171.61 4168.7 4166.8 4168.92 4169.61 4169.4 4164.29 4161.85 4159.45 4156.95 4155.53 4153.75 4153.46 4154.23 4153.92
4149.95 4149.46 4146.3 4146.85 4146.22 4146.28 4146.97 4147.67 4148.49 4148.95 4149.7 4153.71 4151.35 4151.56 4151.48 4151.06 4151.73 4154.26 4155.46 4154.53 4154.7 4158 4160.65 4161.15 4161.51 4161.65 4161.92 4162.3 4161.41 4159.04 4162.41 4163.72 4166.56 4167.91 4169.18 4170.14 4171.33 4174.66 4178.12 4181.54 4185.37 4184.76 4188.02 4188.92 4184.51 4181.58 4177.46 4178.48 4178.39 4176.51 4175.73 4173.95 4171.7 4169.64 4169.42 4169.64 4168.88 4167.53 4162.8 4160.89 4158.94 4156.94 4154.83 4153.13 4152.89 4153.29 4152.88
