real_craters/C162-500m.grd
DSAA
235 235
-58.38 58.38
-58.38 58.38
2814.7614686297 4970.2374814457
[rows 0 to 29 of 235, columns 0 to 66 of 235]
4241.23 4247.73 4251.82 4248.16 4248.96 4251.05 4252.54 4253.44 4255 4257.28 4258.87 4261.56 4262.95 4257.79 4253.31 4248.52 4247.99 4251.3 4251.09 4250.02 4250.21 4253.88 4252.92 4252.42 4254.67 4250.89 4252.37 4251.4 4249.79 4248.67 4249.14 4246.47 4243.54 4240.17 4237.61 4236.28 4235.72 4237.28 4240.72 4243.76 4246.19 4247.72 4247.64 4244.41 4232.76 4234.14 4235.96 4235.55 4236.17 4240.78 4244.72 4249.25 4254.51 4257.92 4254.81 4248.31 4246.21 4238.41 4294.98 4334.42 4283.08 4324.02 4231.41 4201.29 4241.98 4276.46 4218.95
4245.34 4248.36 4249.98 4248.8 4250.36 4252.76 4254.98 4256.45 4256.8 4256.29 4258.31 4262.24 4267.63 4259.97 4258.76 4253.83 4248.75 4252.35 4251.87 4250.74 4251.74 4255.85 4252.22 4248.19 4247.58 4247.57 4246.23 4245 4247.46 4249.43 4248 4246.13 4243.76 4240.82 4238.01 4233.28 4232.62 4239.38 4241.74 4244.08 4245.88 4246.63 4244.17 4236.19 4236.5 4239.87 4239.69 4236.39 4225.77 4239.98 4248.44 4252.61 4257.83 4264.1 4263.11 4256.57 4251.35 4241.34 4242.15 4281.75 4311.93 4324 4295.44 4258.04 4238.14 4203 4194.86
4247.68 4242.51 4246.2 4248.91 4252.51 4255.08 4257.43 4259.67 4261.46 4260.36 4257.68 4255.8 4265.46 4265.06 4263.15 4255.97 4248.82 4253.37 4255.74 4252.2 4252.24 4254.42 4251.45 4248.07 4245.4 4244.95 4244.98 4246.9 4246.52 4246.66 4246.8 4246.33 4245.21 4243.51 4242.2 4246.52 4246.89 4241.78 4241.86 4244.15 4246.08 4247.01 4247.2 4245.49 4240.4 4241.87 4241.94 4238.1 4233.32 4247.78 4251.76 4251.31 4255.17 4261.66 4266.07 4259.62 4246.47 4245.43 4241.13 4253.4 4268.96 4259.73 4268.5 4250.25 4223.6 4197.17 4181.51
4247.32 4245.51 4248.36 4253.94 4255.34 4257.06 4259.06 4261.96 4265.96 4266.9 4261.28 4256.47 4268.89 4271.61 4271.98 4258.75 4251.75 4249.86 4251.2 4253.76 4254.23 4252.89 4250.27 4247.27 4245.64 4244.65 4244.25 4243.99 4247.03 4247.37 4247.45 4246.9 4246.11 4245.24 4242.92 4239.12 4236.87 4238.73 4239.94 4241.65 4243.8 4245.87 4247.92 4247.54 4237.15 4245.3 4241.56 4238.2 4238.5 4239.65 4241.5 4244.53 4245.69 4251.33 4251.9 4246.49 4237.56 4241.1 4236.76 4232.4 4247.61 4252.91 4247.16 4236.59 4214.41 4185.6 4172.51
4249.24 4244.46 4250.05 4256.55 4257.19 4258.01 4259.57 4262.27 4264.59 4264.82 4263.63 4266.36 4269.19 4265.16 4260.63 4259.15 4250.98 4250.36 4249.49 4254.2 4254.4 4252.45 4251.62 4247.52 4244.58 4244.68 4245.8 4247.91 4248.87 4248.25 4247.6 4247.93 4248.21 4247.77 4246.12 4238.36 4235.85 4236.47 4238.03 4239.62 4242.04 4244.96 4245.98 4240.36 4237.48 4253.46 4246.07 4242.64 4243.57 4240.19 4238.56 4238.32 4233.41 4223.61 4231.94 4236.06 4242.34 4236.01 4231.05 4233.35 4240.99 4243.02 4233.93 4221.43 4203.38 4186.23 4179.94
4247.92 4247.23 4251.31 4255.07 4256.54 4257.25 4258.54 4260.14 4263.59 4263.61 4261.26 4259.83 4263.7 4262.88 4261.05 4259.93 4258.39 4251.26 4249.24 4252.53 4251.86 4251.98 4253.01 4246.94 4243.67 4245.11 4247.75 4252.06 4249.82 4249.01 4249.65 4249.08 4249.57 4250.73 4252.68 4252.87 4236.75 4235.7 4236.19 4237.8 4240.22 4243.88 4247.46 4245.29 4244.6 4257.23 4256.81 4254.29 4250.54 4247.95 4246.91 4237.44 4229.41 4221.67 4225.05 4233.88 4237.72 4236.5 4235.28 4231.74 4239.6 4239.82 4227.84 4213.4 4198.14 4186.57 4175.67
4255.84 4249.64 4251.13 4253.71 4254.6 4255.08 4255.4 4255.71 4256.25 4258.9 4260.57 4260.12 4258.1 4256.19 4261.5 4257.72 4253.28 4252.71 4251.6 4251.35 4253.21 4251.43 4250.73 4246.56 4244.49 4245.62 4248.06 4248.82 4249.31 4247.9 4244.47 4248.27 4249.96 4250.89 4250.51 4250.35 4241.3 4236.45 4234.11 4233.7 4235.34 4239.96 4248.61 4252.13 4245.7 4240.25 4248.33 4253.85 4251.51 4246.53 4241.12 4235.68 4230.57 4226.13 4219.65 4214.37 4219.54 4236.54 4252.95 4247.46 4241.81 4236.07 4223.59 4209.49 4196.36 4184.32 4175.65
4256.11 4252.14 4251.09 4251.31 4252.51 4252.92 4253.24 4252.29 4249.83 4254.4 4258.44 4258.61 4254.21 4248.55 4254.75 4254.49 4250.61 4246.98 4246.98 4248.62 4246.6 4247.11 4246.53 4245.6 4244.83 4246.03 4249.04 4250.74 4249.44 4248.7 4250.09 4250.35 4250.47 4250.89 4249.23 4242.31 4241.61 4236.76 4232.57 4229.45 4228.81 4230.37 4234.92 4246.13 4245.37 4233.48 4239.89 4244.15 4244.16 4239.96 4235.04 4231.82 4230.34 4227.06 4217.65 4206.07 4213.09 4223.07 4225.85 4232.74 4237 4225.38 4212.76 4200.98 4189.11 4179.95 4175.96
4253.99 4254.46 4252.16 4251.31 4251.21 4251.59 4251.76 4251.84 4253.56 4255.79 4259.23 4258.12 4254.42 4250.36 4247.43 4251.26 4248.23 4247.33 4248.14 4252.06 4246.36 4244.91 4241.38 4242.75 4243.49 4244.46 4245.33 4249.94 4247.7 4248.27 4252.97 4249.44 4248.59 4249.33 4250.86 4240.84 4239.29 4233.44 4228.71 4224.68 4221.77 4219.95 4222.45 4244.36 4245.02 4227.13 4228.96 4237.95 4236.31 4232.31 4226.92 4227.15 4228.21 4226.58 4218.29 4211 4208.86 4208.99 4204.97 4202.83 4200.35 4205.7 4199.59 4190.64 4180.22 4166.64 4143.8
4244.57 4247.72 4247.17 4248.44 4249.82 4250.7 4251.32 4251.36 4252.84 4256.09 4259.83 4259.23 4256.08 4255.41 4254.09 4250.96 4245.89 4244.21 4246 4245.79 4248.26 4246.6 4246.28 4243 4242.41 4241.34 4239.68 4239.95 4242.3 4242.85 4238.89 4242.02 4244.02 4244.14 4242.91 4237.13 4231.7 4228.71 4224.38 4220.19 4215.88 4212.55 4213.48 4241.35 4242.17 4224.33 4221.63 4224.87 4227.23 4226.3 4225.05 4223.42 4221.57 4219.88 4218.03 4217.65 4210.51 4205.96 4199.38 4196.57 4194.8 4189.39 4188.6 4183.73 4175.64 4163.56 4147.8
4237.31 4241.07 4245.93 4247.62 4249.19 4250.91 4251.95 4251.78 4251.24 4254.19 4258.76 4256.63 4255.36 4257.01 4256.93 4253.01 4246.53 4242.45 4245.16 4246.89 4244.85 4246.23 4247.67 4245.55 4242.59 4239.12 4239.95 4237.09 4237.91 4240.09 4241.87 4241.98 4240.09 4237.66 4235.76 4232.47 4229.06 4224.45 4220.16 4216.44 4212.88 4211.36 4217.35 4241.04 4236.08 4218.74 4218.82 4220.67 4220.59 4220.5 4219.68 4218.21 4215.17 4214.2 4214.16 4210.04 4213.36 4208.28 4203.26 4201.35 4192.93 4182.09 4183.8 4181.51 4177.04 4169.91 4159.92
4237.17 4238.49 4242.26 4246.2 4248.94 4251.43 4253.73 4254.98 4254.38 4252.04 4247.52 4250.39 4251.63 4254.69 4259.24 4255.2 4247.09 4241.41 4248.76 4242.91 4242.48 4244.22 4245.16 4246.09 4242.87 4240.29 4234.71 4235.83 4237.1 4239.79 4240.73 4239.98 4237.37 4232.5 4223.76 4222.84 4222.24 4219.75 4216.29 4212.65 4210.48 4211.81 4221.65 4235.73 4229.91 4213.52 4210.42 4212.28 4214.8 4215.31 4214.14 4213.37 4214.99 4214.19 4213.17 4213.88 4211.5 4208.92 4206.86 4205.47 4198.52 4188.94 4183.79 4182.37 4181.14 4177.41 4169.85
4234.75 4237.48 4241.43 4245.41 4249.15 4252.81 4256.16 4257.93 4256.43 4253.27 4249.38 4247.45 4246.48 4246.44 4259.58 4254.42 4249.34 4242.69 4239.64 4243.64 4243.83 4244.95 4245.35 4243.7 4241.98 4240.33 4241.06 4238.39 4242.63 4239.66 4238.05 4236.76 4234.85 4232.9 4227.62 4222.46 4220.22 4218.3 4214.23 4210.32 4208.4 4208.27 4216.35 4237.09 4225.44 4208.58 4206.02 4210.01 4211.55 4211.96 4212.01 4212.33 4210.24 4210.72 4210.99 4211.02 4209.67 4206.02 4200.33 4194.01 4186.93 4185.11 4183.47 4183.43 4184.45 4185.55 4184.51
4237.69 4238.92 4240.72 4245.29 4249.22 4253.05 4257.53 4262.86 4261.9 4255.6 4251.13 4246.33 4242.91 4238.58 4231.99 4247.7 4251.85 4249.79 4249.53 4242.06 4242.49 4243.54 4243.97 4242.89 4240.3 4235.93 4233.14 4236.36 4237.75 4235.9 4232.47 4230.17 4233 4235.69 4233.5 4219.6 4219.96 4218.49 4213.31 4209.27 4207.07 4206.88 4214.42 4226.76 4217.76 4204.25 4202.72 4208.95 4209.01 4209.55 4210.64 4211.47 4212.13 4210.17 4207.61 4207.26 4207.68 4202.47 4195.5 4187.84 4178.03 4178.05 4181.53 4183.64 4185.72 4187.91 4187.69
4238.76 4241.46 4244.18 4245.68 4248.39 4251.64 4255.2 4260.63 4260.15 4255.34 4249.8 4246.33 4242.15 4243.68 4241.33 4245.81 4250.29 4254.03 4260.53 4248.61 4242 4241.84 4244.97 4243.57 4240.05 4238.2 4236.11 4233.95 4233.49 4230.89 4228.56 4226.98 4229.86 4234.69 4234.24 4223.94 4219.33 4215.94 4212.17 4208.68 4206.35 4206.13 4210.48 4214.67 4211.32 4202.64 4201.17 4203.22 4206.28 4207.38 4208.21 4210.23 4212.1 4209.74 4205.28 4202.26 4201.46 4199.46 4193.35 4183.56 4175.96 4178.37 4180.82 4182.32 4184.51 4185.28 4181.37
4241.04 4241.36 4243.27 4245.29 4247.66 4249.68 4250.31 4246.46 4253.49 4257.3 4254.57 4246.74 4240.63 4238.71 4239.09 4244.41 4245.01 4243.92 4244.15 4248.03 4244.87 4241.74 4240.25 4239.94 4239.27 4237.32 4234.78 4232 4229.03 4226.79 4224.49 4222.39 4224.95 4227.63 4227.89 4224.6 4219.45 4215.19 4211.47 4208.29 4205.8 4205.47 4213.29 4216.87 4209.72 4203.15 4201.6 4203.49 4204.87 4205.35 4205.44 4205.17 4211.4 4209.84 4206.28 4204.83 4205.64 4202.2 4193.94 4184.53 4179.05 4179.4 4178.32 4179.97 4181.56 4181.87 4180.04
4239.17 4243.67 4243.98 4244.52 4246.12 4247.76 4248.81 4247.72 4252.74 4255.9 4253.18 4246.07 4239.56 4238.17 4244.94 4245.78 4242.99 4240.05 4239.54 4249.08 4245.39 4240.19 4235.8 4238.24 4239.42 4238.03 4235.54 4232.09 4226.67 4225.28 4223.63 4221.63 4222.36 4223.96 4229.58 4225.26 4219.32 4215.1 4212.13 4209.14 4206.36 4205.13 4215.26 4219.03 4208.64 4201.07 4202.67 4205.02 4204.96 4204.68 4204.22 4205.11 4211.23 4209.74 4207.66 4207.45 4209.58 4203.9 4194.31 4186.36 4179.72 4173.36 4172.81 4175.92 4178.83 4179.52 4177.84
4242.27 4238.79 4240.61 4242.88 4244.79 4246.75 4249.02 4255.31 4253.73 4257.73 4252.4 4243.57 4237.83 4239.92 4242.44 4244.21 4243.04 4242.09 4241.96 4244.02 4239.64 4240.93 4239.1 4239.72 4241.48 4241.48 4238.38 4233.86 4231 4227.4 4225.3 4223.91 4222.53 4220.53 4218.58 4219.68 4217.95 4216.2 4212.93 4210.13 4208.49 4206.03 4208.38 4209.82 4205.81 4200.54 4203.67 4205.3 4204.76 4204.5 4204.36 4204.15 4205.95 4208.95 4209.38 4208.16 4204.93 4199.21 4192.53 4187.17 4183.46 4181.58 4175.21 4177.38 4180.01 4181.17 4180.02
4242.7 4238.47 4239.05 4241.6 4243.87 4245.71 4246.9 4246.26 4247.26 4247.94 4244.78 4239.89 4234.84 4235.42 4238.27 4238.68 4240.8 4243.66 4252.86 4238.33 4232.84 4229.93 4239.44 4240.48 4242.28 4248.47 4240.04 4235.06 4231.16 4228.4 4226.39 4224.87 4221.25 4217.51 4212.57 4215.39 4215.37 4214.95 4212.26 4211.29 4211.34 4214.51 4208.68 4206.77 4206.24 4205.74 4202.73 4202.46 4204.47 4205.27 4205.73 4205.46 4206.12 4209.59 4212.64 4209.4 4203.02 4196.05 4190.81 4186.23 4189.1 4189.29 4181.99 4180.79 4183.11 4185.08 4185.36
4243.48 4240.47 4240.23 4241.62 4243.37 4244.89 4246.45 4246.74 4243.68 4238.53 4238.4 4237.41 4235.56 4234.42 4235 4233.2 4237.21 4241.81 4245.91 4236.97 4236.54 4234.33 4236.56 4237.89 4238.25 4237.88 4236.33 4234.2 4231.58 4230.14 4227.47 4224.73 4221.99 4219.31 4221.2 4215.73 4214.24 4212.08 4211.72 4212 4211.8 4209.34 4210.53 4207.12 4203.71 4203.3 4204.17 4205.25 4204.62 4206.11 4208.11 4208.78 4205.87 4209.79 4212.91 4210.48 4204.35 4197.79 4192.62 4187 4187.98 4197.23 4184.6 4183.75 4186.56 4189.92 4191.81
4243.09 4240.88 4240.56 4241.8 4243.4 4244.99 4245.57 4245.39 4245.06 4244.78 4240.52 4237.72 4232.98 4233.72 4232.79 4234.8 4235.12 4236.54 4230.89 4233.85 4228.23 4236.17 4235.42 4235.73 4233.82 4230.92 4232.43 4231.98 4230.51 4230.05 4229.45 4225.14 4222.56 4215.8 4217.4 4215.23 4214.34 4214.81 4214.97 4212.79 4212.12 4212.79 4210.66 4207.59 4203.18 4200.98 4202.44 4201.96 4203.56 4206.52 4209.66 4212.43 4205.87 4210.12 4213.38 4211.14 4207.09 4200.9 4197.7 4192.71 4191.84 4192.25 4184.87 4185.98 4188.41 4191.56 4196.02
4244.52 4241.81 4241.22 4242.25 4243.87 4245.53 4246.62 4246.11 4245.04 4242.8 4241.33 4239.87 4241.65 4236.69 4233.28 4238.14 4236.97 4238.74 4232.63 4233.14 4228.18 4234.13 4237.8 4236.01 4233.25 4230.95 4230.25 4230.69 4232.83 4238.82 4229.18 4223.5 4218.1 4216.82 4214.68 4213.95 4213.7 4213.56 4212.51 4211.86 4210.85 4210.2 4210.18 4208.4 4205.17 4203.24 4201.28 4198.03 4202.83 4206.17 4209.51 4211 4209.14 4211.4 4213.59 4212.11 4208.59 4202.85 4201.25 4199.41 4194.58 4194.27 4190.38 4188.79 4189.22 4189.52 4188.79
4243.71 4240.86 4241.65 4242.76 4244.24 4245.73 4248.51 4248.42 4245.41 4241.87 4241.18 4238.47 4234.71 4236.24 4235.65 4237.59 4238.76 4240.37 4238.02 4234.71 4233.47 4237.03 4240.08 4236.17 4232.37 4229.79 4228.42 4228.09 4227.12 4224.02 4224.68 4222.79 4219.28 4219.96 4213.19 4213.26 4212.97 4212.32 4212.36 4210.98 4209.94 4211.12 4215.63 4210.29 4207.51 4205.47 4203.08 4200.88 4202.38 4205.05 4208.25 4212 4212.09 4212.55 4212.84 4213.45 4212.39 4209.85 4210.12 4204.02 4199.17 4198.61 4195.64 4191.98 4189.47 4186.17 4182.4
4241.89 4241.6 4241.05 4242.24 4244.13 4245.77 4244.31 4247.03 4248.89 4247.44 4242.77 4238.77 4237.97 4235.53 4232.51 4234.41 4237.1 4239.44 4237.16 4237.94 4236.88 4232.76 4238.18 4235.56 4231.57 4228.37 4227.79 4226.03 4224.12 4220.78 4222.43 4223.79 4225.97 4219.33 4215.56 4213.76 4212.61 4211.69 4210.88 4211.02 4210.82 4210.62 4209.92 4209.76 4207.51 4204.8 4202.54 4200.05 4200.8 4203.36 4206.5 4209.1 4212.82 4212.31 4213.73 4214.97 4216.6 4219.83 4215.58 4209.76 4203.31 4201.42 4198.7 4195.82 4190.71 4184.43 4179.27
4238.26 4238.75 4239.83 4241.4 4243.45 4246.89 4252.32 4250.89 4250.97 4248.91 4244.35 4240.28 4236.33 4236.19 4235 4234.34 4237.94 4236.71 4235.75 4237.17 4236.14 4232.83 4235.01 4234.82 4233.54 4230.66 4227.6 4225.94 4223.48 4221.17 4221.69 4223.04 4223.37 4220.19 4217.05 4214.82 4213.2 4211.5 4210.21 4210.8 4214.92 4215.48 4212.66 4209.02 4206.03 4203.13 4201.59 4199.57 4199.8 4201.56 4203.69 4205.65 4203.2 4208.88 4213.6 4214.75 4215.71 4216.49 4215.63 4212.25 4208.71 4205.52 4204.5 4202.11 4192.75 4183.5 4176.34
4236.74 4236.15 4238 4239.39 4241.35 4244.05 4247.23 4248.9 4248.29 4247.2 4244.56 4241.27 4238.06 4236.79 4236.04 4235.34 4233.41 4238.57 4235.84 4234.55 4235.07 4231.97 4232.55 4233.23 4233.68 4231.07 4228.01 4226.09 4225.01 4224.11 4223.14 4222.41 4220.19 4218.8 4217.93 4216.24 4214.41 4212.56 4210.28 4210.4 4209.26 4215.26 4214.03 4208.37 4203.61 4206.1 4202.96 4200.46 4199.64 4200.08 4200.67 4201.36 4203.2 4207.12 4211.78 4213.32 4213.36 4212.71 4215.7 4214.16 4212.56 4211.19 4209.54 4203.97 4194.21 4183.41 4174.19
4240.2 4238.49 4237.98 4238.27 4238.71 4238.9 4239.45 4243.84 4246.3 4246.1 4244.62 4243.26 4241.15 4237.36 4234.36 4233.82 4231.72 4234.69 4238.21 4234.71 4233.39 4232.02 4232.02 4231.09 4227.12 4228.34 4227.47 4226.54 4225.89 4225.47 4224.12 4223.16 4222.4 4220.6 4219.5 4217.24 4215.6 4214.79 4214.49 4214.5 4213.1 4215.11 4213.15 4207.29 4203.58 4204.96 4202.48 4200.08 4199.01 4199.61 4200.44 4201.78 4205.46 4210.6 4211.85 4211.95 4211.64 4209.62 4204.12 4213.28 4215.33 4215.5 4212.52 4207.92 4195.57 4184.43 4176.31
4241.28 4239.07 4237.89 4237.23 4236.65 4235.93 4237.29 4242.42 4245.22 4245.75 4243.52 4240.88 4240.31 4240.77 4238.87 4234.73 4232.49 4232.47 4233.75 4234.75 4229.94 4231.06 4230.71 4230.57 4231.2 4228.68 4227.34 4226.24 4225.19 4224.34 4222.23 4223.13 4224.11 4223.4 4220.3 4218.39 4216.94 4216.32 4216.72 4218.16 4222.22 4213.78 4210.55 4206.47 4202.91 4201.65 4201.56 4200.47 4199.96 4200.01 4200.8 4201.45 4201.81 4205.05 4209.84 4211.66 4211.9 4212.43 4213.15 4214.33 4215.58 4216.29 4214.81 4204.6 4195.73 4186.19 4178.49
4239.02 4238.66 4237.93 4236.83 4235.8 4234.97 4236.55 4243.05 4252.86 4246.67 4242.29 4238.18 4237.13 4235.28 4235.3 4234.95 4233.09 4235.38 4231.17 4233.08 4233.75 4230.36 4228.76 4229.1 4228.79 4228.19 4226.84 4225.8 4224.87 4223.67 4221.99 4223.21 4223.1 4220.88 4219.83 4218.53 4217.31 4216.44 4216.57 4215.39 4209.74 4212.14 4210.52 4207.21 4204.97 4204.17 4201.63 4200.08 4199.47 4200.04 4201.7 4202.08 4202.37 4205.96 4208.31 4210.84 4212.19 4213.43 4215.94 4215.19 4215.27 4215.3 4217.4 4208.47 4198.02 4187.63 4179.79
4240.23 4239.63 4239.05 4237.98 4236.58 4235.5 4237.11 4240.84 4242.16 4243.86 4241.59 4238.82 4238.52 4238.92 4237.29 4236.34 4237.65 4241 4235.15 4203.49 4238.41 4231.14 4226.87 4227.05 4227.39 4227.03 4226.29 4225.24 4223.92 4223.12 4221.82 4223.3 4223.96 4216.41 4218.92 4217.96 4216.25 4214.71 4212.87 4210.87 4213.19 4216.72 4211.7 4207.46 4204.66 4203.48 4201.13 4199.5 4198.12 4199.71 4201.29 4201.82 4203.56 4206.79 4209.27 4211.65 4213.2 4213.63 4215.57 4215.81 4215.37 4215.69 4214.67 4210.01 4198.7 4187.87 4179.2
