real_craters/C163-750m.grd
DSAA
157 157
-58.59 58.59
-58.59 58.59
3857.8923762248 5876.4733643423
[rows 76 to 113 of 157, columns 0 to 83 of 157]
5288 5292 5301 5309 5319 5331 5341 5348 5351 5347 5342 5345 5346 5338 5339 5354 5370 5374 5381 5391 5400 5394 5394 5403 5411 5418 5425 5433 5443 5454 5465 5465 5474 5473 5469 5465 5461 5457 5454 5453 5456 5457 5458 5469 5476 5474 5476 5476 5475 5477 5482 5507 5564 5628 5684 5726 5677 5489 5298 5098 4970 4831 4607 4421 4309 4208 4130 4049 3986 3977 3973 3972 3971 3971 3972 3979 3985 3991 3990 4015 4051 4007 3967 3943
5292 5294 5301 5312 5323 5335 5347 5360 5371 5357 5343 5342 5351 5346 5345 5357 5370 5380 5388 5394 5393 5395 5395 5406 5411 5416 5423 5429 5436 5447 5451 5461 5470 5470 5466 5463 5459 5456 5452 5450 5455 5460 5464 5467 5466 5461 5469 5475 5479 5479 5471 5492 5555 5630 5696 5745 5691 5472 5238 5052 4940 4803 4563 4394 4260 4171 4105 4034 3982 3974 3973 3972 3972 3974 3976 3978 4019 4052 4070 4127 4127 4047 3984 3931
5302 5297 5303 5316 5330 5345 5355 5372 5382 5365 5348 5343 5353 5363 5356 5361 5371 5386 5396 5404 5401 5402 5402 5410 5409 5413 5423 5430 5436 5443 5453 5460 5466 5465 5463 5459 5456 5453 5450 5448 5449 5458 5471 5464 5454 5447 5450 5469 5478 5474 5460 5473 5536 5612 5680 5715 5655 5431 5180 5006 4915 4783 4546 4376 4222 4148 4090 4027 3978 3972 3971 3973 3972 3974 3977 3985 4079 4090 4151 4123 4101 4045 3989 3941
5309 5297 5302 5321 5343 5357 5365 5376 5382 5367 5350 5341 5352 5368 5366 5367 5372 5387 5402 5409 5414 5414 5408 5413 5409 5414 5429 5441 5445 5447 5454 5459 5462 5462 5458 5454 5452 5451 5451 5450 5447 5450 5455 5455 5446 5435 5433 5446 5469 5466 5447 5450 5513 5588 5649 5677 5620 5387 5124 4975 4895 4779 4540 4379 4238 4148 4081 4025 3981 3970 3976 3975 3972 3973 3980 4002 4077 4090 4184 4120 4036 3989 3972 3941
5313 5299 5304 5325 5353 5371 5374 5378 5382 5364 5348 5338 5349 5368 5374 5366 5366 5374 5385 5394 5404 5406 5407 5408 5412 5421 5435 5449 5449 5443 5451 5456 5460 5455 5452 5449 5446 5446 5449 5456 5448 5445 5448 5449 5445 5436 5431 5436 5455 5451 5436 5430 5490 5561 5620 5640 5577 5360 5103 4968 4882 4761 4511 4352 4231 4147 4081 4027 3985 3971 3974 3976 3976 3976 3976 3976 4017 4059 4084 4032 3980 3956 3955 3932
5317 5305 5306 5324 5346 5365 5365 5365 5365 5347 5333 5329 5343 5355 5358 5350 5349 5354 5362 5371 5382 5392 5405 5400 5414 5428 5438 5444 5443 5437 5439 5446 5449 5449 5444 5440 5438 5437 5438 5440 5442 5438 5440 5445 5447 5442 5428 5429 5433 5432 5423 5418 5469 5543 5605 5631 5572 5384 5121 4979 4879 4735 4519 4377 4241 4149 4086 4035 3992 3971 3975 3977 3978 3981 3979 3977 3970 3973 3982 3977 3984 3983 3976 3927
5321 5310 5307 5316 5328 5337 5333 5334 5328 5323 5315 5318 5331 5338 5338 5333 5336 5339 5345 5354 5368 5388 5414 5411 5418 5432 5437 5440 5437 5430 5425 5429 5434 5434 5431 5429 5427 5425 5423 5421 5425 5430 5436 5442 5447 5441 5431 5431 5424 5421 5414 5411 5458 5530 5604 5654 5658 5496 5181 5013 4892 4746 4567 4425 4262 4167 4104 4049 4002 3974 3975 3978 3979 3981 3981 3980 3981 3980 3981 3987 3981 3973 3937 3907
5319 5310 5305 5307 5312 5310 5305 5307 5306 5308 5303 5304 5310 5319 5325 5329 5331 5333 5338 5345 5360 5384 5406 5407 5411 5421 5427 5432 5429 5424 5413 5414 5414 5414 5416 5418 5418 5416 5413 5412 5415 5422 5429 5437 5444 5441 5436 5436 5432 5429 5425 5417 5452 5521 5596 5667 5699 5573 5257 5069 4917 4755 4616 4479 4326 4211 4134 4072 4019 3980 3977 3980 3981 3982 3982 3981 3981 3982 3980 3984 3984 3972 3935 3897
5317 5308 5297 5298 5299 5297 5293 5298 5309 5307 5301 5296 5302 5309 5315 5322 5328 5334 5337 5342 5352 5370 5386 5390 5393 5399 5406 5413 5414 5412 5406 5404 5405 5404 5406 5409 5410 5411 5410 5410 5413 5413 5423 5430 5437 5443 5439 5438 5441 5442 5432 5420 5446 5509 5583 5648 5682 5584 5311 5126 4955 4772 4652 4526 4378 4256 4170 4102 4042 3997 3982 3984 3983 3984 3984 3983 3982 3983 3983 3983 3983 3969 3952 3894
5323 5314 5301 5295 5289 5285 5287 5295 5310 5312 5313 5308 5305 5306 5313 5319 5327 5333 5339 5342 5350 5363 5372 5374 5378 5382 5385 5390 5394 5398 5400 5398 5399 5400 5402 5404 5407 5408 5411 5413 5419 5429 5424 5424 5439 5444 5443 5436 5439 5440 5430 5424 5442 5493 5550 5602 5635 5615 5402 5199 5000 4808 4690 4559 4421 4298 4208 4135 4071 4018 3989 3984 3986 3986 3987 3986 3987 3984 3985 3979 3979 3951 3928 3885
5340 5326 5314 5301 5288 5282 5286 5295 5304 5312 5322 5321 5314 5312 5317 5324 5330 5338 5343 5352 5358 5365 5371 5371 5373 5375 5376 5377 5381 5386 5391 5393 5397 5400 5401 5403 5405 5406 5409 5414 5420 5426 5427 5429 5437 5441 5440 5436 5434 5431 5431 5431 5443 5476 5516 5550 5571 5579 5467 5262 5046 4851 4759 4630 4481 4347 4256 4179 4108 4047 4010 3988 3988 3989 3989 3989 3989 3986 3989 3984 3954 3938 3922 3895
5354 5333 5316 5302 5292 5286 5290 5299 5304 5310 5317 5314 5310 5312 5316 5325 5330 5338 5343 5350 5354 5360 5365 5366 5368 5374 5376 5374 5377 5381 5383 5387 5396 5405 5400 5403 5405 5406 5406 5407 5413 5419 5426 5434 5436 5441 5444 5440 5436 5435 5435 5437 5442 5460 5480 5500 5513 5532 5474 5309 5111 4919 4848 4712 4556 4418 4317 4232 4154 4089 4038 4010 4001 4002 4006 4004 3993 3990 3992 3986 3935 3924 3916 3916
5344 5326 5309 5296 5294 5291 5298 5314 5314 5315 5313 5308 5307 5310 5315 5321 5324 5330 5339 5345 5353 5362 5365 5364 5363 5371 5373 5374 5377 5380 5382 5384 5390 5397 5404 5402 5406 5410 5413 5411 5409 5413 5423 5433 5439 5439 5437 5435 5437 5437 5441 5441 5443 5451 5461 5470 5482 5520 5491 5364 5179 4980 4893 4768 4625 4491 4384 4292 4210 4140 4079 4052 4032 4030 4028 4033 4021 4004 4006 3999 3966 3941 3951 3962
5326 5320 5306 5293 5291 5292 5298 5316 5322 5325 5317 5310 5310 5312 5314 5321 5324 5330 5341 5349 5351 5362 5366 5366 5369 5372 5374 5374 5376 5380 5381 5381 5384 5386 5389 5398 5406 5413 5419 5416 5412 5414 5422 5429 5436 5442 5441 5442 5443 5448 5452 5450 5447 5451 5454 5460 5475 5526 5543 5438 5242 5035 4936 4823 4696 4565 4459 4367 4279 4206 4146 4113 4090 4084 4084 4075 4066 4045 4040 4036 4034 4022 4023 4031
5316 5321 5310 5300 5294 5294 5298 5308 5315 5321 5319 5313 5313 5314 5316 5323 5326 5333 5340 5347 5347 5356 5363 5367 5372 5373 5375 5375 5376 5381 5380 5377 5381 5384 5388 5397 5406 5413 5418 5421 5418 5420 5426 5431 5440 5447 5447 5452 5455 5468 5472 5460 5455 5455 5458 5466 5489 5592 5636 5544 5378 5142 5006 4907 4791 4662 4550 4458 4368 4287 4219 4186 4158 4145 4137 4129 4115 4099 4096 4089 4096 4099 4107 4119
5306 5314 5311 5309 5301 5300 5302 5306 5308 5312 5318 5319 5324 5319 5323 5326 5326 5329 5334 5347 5353 5358 5362 5365 5367 5372 5378 5377 5375 5380 5381 5381 5382 5384 5391 5400 5408 5415 5422 5428 5430 5430 5433 5439 5448 5449 5453 5456 5461 5472 5475 5466 5463 5462 5464 5477 5516 5620 5668 5645 5520 5324 5161 5059 4935 4788 4668 4580 4481 4382 4307 4272 4241 4216 4204 4196 4180 4166 4160 4155 4171 4180 4207 4221
5302 5303 5305 5305 5305 5307 5309 5310 5312 5317 5323 5326 5328 5323 5325 5326 5326 5326 5325 5339 5351 5359 5360 5363 5368 5373 5378 5377 5377 5380 5382 5383 5383 5384 5390 5402 5409 5417 5427 5434 5437 5436 5437 5439 5443 5447 5451 5453 5459 5467 5470 5468 5467 5469 5470 5480 5514 5604 5676 5692 5653 5542 5403 5266 5135 4989 4860 4755 4627 4496 4414 4368 4331 4297 4285 4277 4276 4278 4260 4248 4260 4273 4318 4407
5299 5296 5299 5300 5308 5316 5322 5324 5325 5328 5328 5326 5324 5325 5325 5327 5329 5327 5326 5332 5342 5350 5357 5361 5364 5371 5378 5375 5375 5384 5383 5384 5385 5386 5389 5399 5409 5419 5426 5432 5436 5438 5439 5441 5444 5447 5452 5454 5460 5465 5468 5469 5470 5472 5472 5478 5504 5576 5648 5712 5708 5700 5614 5470 5360 5265 5156 4992 4809 4632 4536 4476 4424 4392 4378 4367 4385 4399 4415 4436 4425 4390 4415 4455
5299 5298 5300 5302 5311 5324 5339 5344 5344 5339 5334 5330 5329 5329 5331 5330 5328 5329 5329 5333 5340 5348 5354 5358 5362 5367 5373 5373 5374 5381 5384 5385 5386 5390 5397 5399 5408 5418 5427 5432 5435 5438 5441 5442 5442 5448 5455 5458 5461 5464 5471 5471 5473 5475 5473 5473 5493 5549 5612 5720 5765 5714 5664 5604 5559 5526 5458 5266 5028 4806 4678 4590 4532 4497 4484 4473 4522 4541 4525 4579 4561 4500 4525 4549
5300 5302 5302 5302 5309 5328 5350 5352 5347 5343 5334 5327 5328 5329 5331 5336 5336 5335 5335 5337 5343 5350 5354 5358 5361 5365 5368 5372 5377 5383 5385 5386 5388 5392 5397 5401 5408 5415 5429 5435 5436 5438 5443 5447 5449 5453 5454 5455 5457 5462 5467 5473 5478 5483 5478 5470 5482 5524 5573 5650 5688 5665 5655 5662 5681 5719 5732 5528 5288 5054 4868 4731 4659 4612 4600 4595 4637 4647 4635 4632 4620 4602 4642 4674
5300 5301 5306 5308 5311 5326 5342 5340 5336 5338 5332 5327 5327 5328 5333 5342 5346 5345 5345 5344 5345 5350 5355 5358 5361 5363 5368 5374 5381 5387 5386 5386 5388 5393 5402 5407 5411 5419 5433 5438 5436 5434 5435 5440 5446 5449 5450 5449 5456 5461 5468 5474 5480 5482 5479 5473 5479 5505 5538 5578 5608 5610 5632 5673 5729 5794 5828 5706 5538 5349 5155 4958 4832 4749 4717 4693 4700 4704 4710 4704 4703 4701 4724 4756
5301 5304 5311 5317 5314 5323 5331 5325 5324 5326 5328 5327 5328 5330 5336 5346 5353 5352 5351 5348 5351 5356 5360 5361 5362 5363 5371 5379 5384 5388 5386 5385 5384 5391 5399 5407 5410 5415 5429 5431 5430 5428 5425 5429 5439 5444 5446 5450 5452 5457 5465 5473 5480 5486 5483 5477 5481 5493 5505 5522 5541 5549 5593 5655 5717 5781 5825 5779 5725 5619 5494 5343 5096 4914 4847 4817 4797 4780 4776 4773 4783 4802 4829 4856
5304 5306 5314 5321 5317 5326 5331 5325 5325 5327 5326 5329 5332 5334 5340 5350 5359 5364 5361 5359 5369 5369 5367 5366 5364 5366 5375 5379 5382 5385 5385 5385 5387 5390 5395 5401 5406 5409 5417 5420 5421 5422 5423 5425 5429 5435 5440 5446 5446 5449 5461 5471 5479 5485 5485 5481 5480 5485 5488 5492 5500 5509 5557 5609 5659 5711 5740 5733 5725 5708 5704 5635 5371 5170 5066 4963 4917 4881 4867 4870 4889 4945 5000 5092
5307 5310 5320 5330 5331 5337 5340 5335 5332 5335 5333 5336 5338 5341 5345 5355 5367 5372 5378 5375 5381 5378 5374 5371 5369 5371 5378 5381 5385 5384 5384 5384 5386 5388 5391 5395 5402 5410 5413 5416 5417 5419 5421 5423 5424 5427 5436 5443 5442 5445 5457 5467 5475 5482 5485 5484 5483 5485 5487 5490 5486 5492 5532 5572 5607 5634 5645 5651 5670 5687 5698 5663 5538 5422 5357 5183 5084 5047 5012 5016 5081 5209 5246 5406
5313 5317 5331 5342 5350 5354 5352 5345 5340 5340 5340 5343 5345 5349 5351 5364 5378 5384 5387 5382 5384 5382 5379 5374 5372 5373 5375 5378 5379 5381 5382 5382 5384 5386 5388 5389 5393 5403 5411 5412 5414 5418 5420 5423 5426 5427 5433 5440 5444 5446 5452 5461 5469 5476 5482 5484 5487 5489 5493 5500 5493 5495 5519 5545 5566 5581 5587 5594 5614 5631 5633 5625 5599 5589 5548 5425 5347 5334 5316 5268 5369 5481 5554 5615
5317 5324 5343 5355 5359 5362 5359 5352 5345 5343 5348 5348 5350 5352 5352 5368 5382 5391 5391 5388 5388 5386 5382 5378 5372 5370 5371 5370 5374 5378 5380 5381 5381 5383 5386 5388 5388 5397 5404 5406 5412 5417 5421 5425 5427 5429 5435 5441 5445 5446 5450 5458 5461 5468 5476 5483 5487 5490 5493 5504 5507 5510 5518 5530 5542 5547 5549 5549 5567 5581 5595 5660 5729 5714 5720 5673 5603 5598 5516 5494 5593 5703 5757 5670
5322 5330 5347 5359 5358 5355 5354 5353 5349 5350 5352 5352 5354 5352 5354 5363 5377 5384 5395 5397 5396 5390 5386 5382 5378 5375 5374 5372 5374 5380 5382 5381 5378 5377 5383 5387 5386 5394 5402 5407 5413 5420 5425 5427 5429 5434 5438 5443 5448 5450 5449 5449 5455 5459 5462 5472 5484 5489 5493 5505 5515 5518 5520 5525 5530 5531 5528 5523 5535 5553 5575 5663 5756 5724 5746 5729 5684 5684 5682 5679 5733 5810 5783 5678
5327 5335 5346 5356 5356 5356 5351 5351 5355 5372 5367 5359 5361 5366 5368 5370 5378 5383 5388 5392 5393 5391 5389 5387 5386 5386 5385 5380 5386 5387 5385 5382 5379 5378 5381 5384 5387 5393 5401 5407 5415 5423 5429 5431 5432 5438 5441 5444 5447 5446 5450 5452 5454 5456 5458 5467 5481 5490 5497 5508 5515 5518 5521 5524 5527 5528 5528 5529 5528 5539 5557 5605 5636 5633 5652 5658 5660 5681 5712 5741 5751 5761 5705 5648
5330 5337 5346 5352 5354 5354 5349 5351 5358 5370 5370 5363 5365 5371 5378 5382 5383 5388 5383 5386 5390 5392 5391 5391 5394 5397 5397 5388 5396 5395 5391 5387 5382 5380 5382 5385 5385 5392 5402 5411 5416 5421 5428 5434 5440 5440 5442 5444 5447 5454 5454 5455 5456 5457 5458 5466 5480 5490 5502 5514 5518 5519 5522 5524 5526 5528 5531 5537 5533 5536 5546 5566 5582 5584 5598 5610 5628 5648 5677 5699 5696 5679 5643 5619
5333 5338 5344 5349 5350 5347 5347 5351 5354 5360 5366 5365 5367 5371 5376 5380 5382 5385 5382 5388 5392 5391 5391 5391 5392 5397 5397 5393 5398 5398 5396 5392 5387 5381 5384 5387 5387 5396 5405 5413 5418 5422 5428 5435 5440 5442 5444 5443 5442 5451 5457 5460 5462 5462 5460 5465 5479 5489 5499 5508 5514 5518 5521 5524 5527 5529 5530 5530 5531 5534 5540 5547 5550 5553 5562 5574 5590 5608 5627 5636 5637 5629 5615 5604
5335 5337 5339 5340 5348 5352 5349 5352 5354 5355 5360 5368 5365 5366 5372 5379 5379 5379 5378 5387 5389 5388 5388 5389 5391 5395 5395 5394 5400 5403 5401 5398 5395 5392 5392 5392 5391 5398 5407 5413 5419 5425 5429 5434 5439 5444 5446 5447 5447 5454 5464 5470 5473 5471 5471 5477 5482 5489 5493 5503 5513 5517 5520 5524 5527 5529 5530 5527 5529 5533 5541 5541 5540 5544 5549 5557 5566 5576 5589 5597 5602 5601 5599 5600
5341 5343 5340 5340 5346 5351 5350 5355 5358 5356 5360 5364 5361 5361 5365 5372 5373 5376 5376 5380 5382 5383 5384 5386 5392 5396 5400 5403 5409 5409 5405 5403 5402 5403 5402 5399 5399 5404 5410 5414 5417 5422 5429 5435 5441 5447 5453 5453 5457 5468 5475 5475 5476 5477 5480 5483 5485 5488 5494 5503 5510 5516 5519 5524 5528 5532 5535 5534 5536 5532 5534 5541 5543 5546 5551 5559 5565 5571 5579 5585 5594 5598 5598 5594
5348 5352 5352 5344 5346 5351 5353 5358 5362 5364 5365 5361 5359 5358 5360 5368 5373 5372 5370 5370 5374 5377 5378 5380 5384 5392 5398 5399 5406 5409 5406 5404 5405 5408 5408 5402 5400 5404 5410 5413 5416 5420 5428 5434 5441 5447 5451 5456 5464 5472 5476 5477 5478 5479 5482 5484 5485 5488 5493 5504 5513 5514 5517 5522 5528 5535 5543 5549 5544 5538 5538 5543 5546 5548 5557 5564 5572 5580 5586 5591 5593 5593 5590 5588
5353 5362 5366 5355 5350 5354 5358 5358 5360 5359 5361 5358 5356 5357 5361 5367 5368 5369 5367 5365 5369 5372 5373 5374 5375 5382 5386 5391 5397 5400 5401 5402 5403 5407 5408 5407 5409 5407 5410 5413 5417 5422 5430 5437 5442 5446 5448 5456 5464 5470 5474 5475 5473 5479 5484 5486 5488 5487 5489 5500 5507 5509 5512 5519 5526 5535 5545 5552 5547 5548 5547 5549 5549 5553 5564 5569 5576 5581 5585 5585 5580 5580 5578 5583
5356 5366 5371 5367 5361 5357 5356 5352 5350 5350 5354 5353 5353 5355 5358 5365 5370 5369 5372 5371 5369 5369 5370 5371 5374 5377 5379 5381 5387 5389 5394 5397 5399 5401 5405 5409 5414 5412 5413 5414 5418 5424 5433 5444 5446 5449 5453 5458 5465 5473 5476 5474 5473 5479 5485 5494 5494 5491 5493 5496 5497 5502 5507 5514 5522 5531 5541 5547 5547 5554 5554 5555 5554 5554 5569 5574 5579 5578 5581 5577 5573 5580 5583 5585
5357 5365 5370 5372 5369 5357 5350 5348 5346 5348 5352 5352 5350 5354 5358 5364 5370 5370 5367 5368 5366 5366 5367 5369 5373 5376 5378 5379 5382 5389 5389 5392 5394 5395 5397 5408 5411 5410 5410 5414 5417 5424 5433 5442 5446 5450 5455 5459 5463 5467 5470 5474 5480 5483 5486 5497 5497 5495 5497 5501 5498 5499 5504 5511 5517 5524 5532 5538 5542 5551 5556 5560 5562 5563 5569 5575 5577 5579 5579 5574 5573 5580 5580 5585
5356 5363 5367 5368 5365 5354 5346 5345 5344 5349 5351 5351 5350 5352 5357 5359 5366 5367 5362 5361 5361 5363 5364 5366 5369 5371 5375 5378 5380 5383 5386 5389 5390 5392 5395 5407 5412 5415 5413 5416 5419 5425 5432 5438 5445 5450 5454 5458 5462 5463 5467 5470 5479 5484 5484 5493 5496 5497 5499 5505 5498 5496 5501 5506 5511 5516 5520 5525 5528 5538 5550 5560 5566 5569 5573 5573 5572 5574 5573 5570 5568 5575 5579 5582
5352 5358 5361 5360 5356 5349 5341 5339 5343 5351 5347 5349 5348 5349 5350 5354 5363 5365 5361 5355 5357 5360 5361 5361 5364 5369 5376 5379 5380 5384 5387 5388 5389 5389 5392 5395 5405 5415 5419 5419 5423 5427 5433 5439 5445 5450 5454 5457 5461 5463 5467 5469 5473 5479 5487 5486 5488 5493 5495 5495 5495 5495 5499 5503 5507 5509 5508 5513 5520 5531 5540 5550 5557 5568 5571 5568 5569 5571 5569 5570 5573 5580 5582 5582
