real_craters/C163-300m.grd
DSAA
392 392
-58.59 58.59
-58.59 58.59
3851.7600260884 5881.460190054
[rows 30 to 59 of 392, columns 134 to 200 of 392]
5381.98 5384.32 5386.79 5389.37 5391.76 5394.9 5398.72 5402.81 5406.91 5410.61 5414.62 5418.42 5422.17 5425.83 5429.11 5431.43 5433.27 5435.86 5438.03 5440.3 5442.45 5443.31 5444.81 5446.63 5448.44 5450.28 5452.15 5454.03 5456.14 5457.89 5459.32 5460.37 5460.59 5459 5456.87 5458.59 5457.3 5455.89 5454.91 5454.07 5453.71 5456.77 5462.68 5467.58 5470.99 5471.28 5470.85 5471.17 5471.01 5471.09 5471.09 5471.28 5471.81 5472.16 5472.7 5473.14 5473.51 5473.96 5474.33 5474.49 5474.85 5474.89 5475.34 5475.98 5477.1 5481.03 5487.27
5384.89 5386.55 5388.66 5391.07 5393.61 5396.85 5400.29 5403.88 5407.77 5411.27 5415.04 5418.53 5422.31 5425.95 5429.55 5433.09 5435.67 5436.69 5438.15 5439.34 5440.12 5442.93 5444.98 5447.01 5448.87 5450.73 5452.51 5454.43 5456.29 5458.04 5459.56 5460.71 5461.12 5460.81 5457.61 5457.42 5455.68 5454.39 5453.51 5452.94 5452.76 5456.38 5463.55 5469.49 5470.18 5469.79 5469.26 5469.61 5469.77 5470.01 5470.25 5470.65 5470.9 5471.67 5472.15 5472.79 5473.08 5473.56 5473.89 5474.06 5474.44 5474.64 5474.85 5475.56 5476.96 5479.82 5484.25
5386.33 5388.06 5390.11 5392.55 5395.79 5398.74 5401.74 5404.98 5408.55 5412.01 5415.53 5419.22 5422.75 5426.15 5429.45 5433.19 5435.88 5436.78 5438.3 5439.84 5441.48 5443.53 5445.32 5447.12 5449.01 5450.76 5452.53 5454.3 5456.07 5457.93 5459.35 5460.85 5461.6 5459.36 5456.06 5453.75 5453 5452.69 5452.36 5452.15 5452.11 5454.5 5460.89 5466.49 5467.89 5467.52 5467.43 5467.98 5468.47 5469.27 5469.76 5470.32 5471.09 5471.7 5472.05 5472.55 5472.83 5473.33 5473.73 5474.14 5474.3 5474.45 5474.76 5475.23 5476.54 5478.23 5480.24
5386.7 5389.03 5391.1 5393.12 5395.54 5399.6 5402.97 5406.16 5409.49 5412.78 5416.2 5419.46 5422.72 5425.8 5428.8 5431.12 5433.38 5436.39 5438.43 5440.45 5442.73 5443.95 5445.45 5447.06 5448.66 5450.37 5452.01 5453.79 5455.34 5457.05 5458.56 5460.08 5460.87 5457.02 5452.53 5450.25 5450.54 5451.1 5451.42 5451.91 5452.03 5453.47 5457.3 5460.64 5463.14 5463.87 5464.53 5466.01 5467.09 5468.05 5468.86 5469.72 5470.37 5470.85 5471.48 5472.08 5472.9 5473.55 5473.91 5474.3 5474.54 5474.76 5474.8 5474.88 5474.99 5476.41 5477.73
5387.57 5389.9 5392.09 5394.4 5397.61 5401.23 5404.02 5407.09 5410.36 5413.64 5416.91 5419.72 5422.66 5425.59 5428.18 5430.25 5432.64 5436.08 5438.56 5440.55 5441.89 5443.84 5445.51 5446.93 5448.32 5449.7 5450.69 5452.14 5453.6 5455.12 5456.4 5457.5 5457.5 5453.96 5448.99 5448.52 5449.85 5451 5451.32 5451.33 5452.19 5453.45 5455 5457.08 5459.78 5460.95 5462.44 5464.6 5466.02 5467.41 5468.47 5469.49 5470.55 5471.54 5472.21 5472.92 5473.55 5473.93 5474.36 5474.9 5475.49 5475.79 5475.9 5475.97 5475.86 5476.22 5476.17
5388.51 5390.82 5393.06 5395.54 5398.76 5401.85 5404.99 5408.11 5411.14 5414.29 5417.4 5420.26 5423.05 5425.59 5428.03 5430.27 5432.68 5436.2 5439.09 5441.12 5442.82 5444.18 5445.49 5446.56 5447.33 5448.36 5449.29 5450.47 5451.71 5452.94 5454.04 5454.75 5454.94 5452.51 5449.59 5450.1 5451.8 5452.78 5452.97 5452.7 5453.79 5453.08 5454.47 5458.38 5459.43 5459.77 5461.81 5464.01 5466.18 5467.48 5468.95 5469.99 5471.05 5471.78 5472.67 5473.42 5474.08 5474.67 5475.15 5475.56 5476.03 5476.53 5477.1 5477.76 5478.04 5477.47 5476.92
5389.38 5391.71 5393.95 5396.08 5398.73 5402.1 5405.71 5408.89 5412.04 5415.08 5418.02 5420.52 5423.18 5425.87 5428.53 5431.01 5433.7 5438.03 5440.16 5441.87 5443.16 5444.5 5445.56 5446.23 5446.74 5447.51 5448.37 5449.25 5450.2 5451.07 5451.62 5452.08 5452.62 5452.69 5451.63 5454.37 5456.06 5456.32 5455.96 5456.15 5457.9 5458.03 5457.84 5460.57 5461.14 5460.79 5462.74 5464.66 5466.58 5467.68 5469.04 5470.48 5471.53 5472.5 5473.42 5474.01 5474.71 5475.31 5476.06 5477.17 5477.4 5477.91 5478.41 5479.07 5479.37 5478.99 5478.74
5390.65 5392.58 5394.89 5397.66 5400.35 5403.45 5406.73 5409.99 5413.11 5416.03 5418.8 5421.05 5423.7 5426.4 5428.99 5431.86 5435.22 5438.94 5440.8 5442.35 5444.16 5445.66 5445.26 5445.45 5445.86 5446.46 5447.09 5447.59 5448.4 5449.21 5449.83 5450.34 5451.67 5454.57 5459.03 5460.84 5461.71 5460.58 5459.81 5459.46 5461.37 5462.15 5462.44 5464.47 5465.52 5464.51 5465.01 5466.2 5467.51 5468.68 5469.77 5471.68 5472.85 5473.92 5474.51 5475.33 5476.52 5477.09 5477.62 5478.08 5478.58 5479.01 5479.47 5480.05 5480.28 5480.27 5480.35
5391.3 5393.02 5395.3 5398.31 5401.19 5404.02 5407.85 5411.15 5414.08 5416.75 5419.28 5421.82 5424.09 5426.36 5429.14 5432.06 5435.49 5438.24 5440.6 5441.77 5442.68 5443.22 5443.74 5444.17 5444.5 5444.98 5445.53 5445.99 5446.76 5447.7 5448.62 5450.08 5451.45 5455.69 5459.88 5462.74 5464.55 5463.81 5463.5 5464.31 5464.69 5464.81 5465.35 5466.84 5468.12 5467.51 5467.14 5467.59 5468.88 5469.81 5471.19 5471.99 5473.07 5474.08 5475.1 5475.95 5476.56 5477.44 5478.09 5478.75 5479.51 5479.98 5480.47 5480.81 5481.11 5481.33 5481.5
5390.93 5392.92 5395.04 5397.46 5401.75 5405.99 5409.77 5412.81 5415.37 5417.68 5419.9 5421.5 5423.81 5426.06 5428.6 5431.55 5435.12 5439.61 5440.07 5440.21 5440.83 5441.35 5442.32 5442.42 5442.61 5443.07 5443.68 5444.29 5445.14 5446.12 5447.54 5449.77 5452.75 5456.62 5460.72 5464.21 5465.33 5465.68 5464.99 5465.48 5467.77 5466.96 5466.08 5467.85 5468.05 5467.77 5468.46 5469.07 5470.05 5470.71 5471.59 5472.75 5473.81 5474.73 5475.68 5476.72 5477.59 5478.31 5479.06 5479.67 5480.31 5480.88 5481.36 5481.46 5481.93 5482.3 5482.57
5390.81 5392.93 5395.1 5398.12 5403.14 5408.58 5412.1 5414.51 5416.51 5418.38 5420.12 5422 5423.67 5425.89 5427.83 5430.03 5432.37 5434.96 5436.44 5437.18 5438.73 5441.07 5440.35 5439.85 5440.03 5440.76 5441.54 5442.5 5443.64 5444.7 5446.07 5448.41 5453.1 5456.84 5462.12 5466.62 5468.26 5467.31 5466.96 5467.49 5469.86 5469.65 5469.96 5469.72 5468.84 5469.02 5470.07 5470.68 5471.38 5472.07 5472.85 5473.7 5474.65 5475.57 5476.47 5477.32 5478.2 5479.12 5479.71 5480.37 5481.04 5481.74 5482.6 5482.88 5483.27 5483.41 5483.55
5391.37 5393.35 5395.53 5398.78 5404.56 5410.4 5414.05 5415.85 5417.21 5418.64 5420.22 5421.8 5423.42 5424.91 5426.53 5428.24 5429.49 5430.06 5431.02 5432.95 5434.43 5435.47 5436.19 5436.74 5437.52 5438.53 5439.65 5440.85 5442.07 5443.29 5444.95 5447.37 5451.15 5455.09 5459.26 5463.03 5466.57 5468.33 5469.41 5470.57 5471.09 5471.74 5471.52 5471.77 5470.9 5470.97 5471.83 5472.24 5473.02 5473.49 5474.4 5475.19 5476.13 5476.96 5477.81 5478.67 5479.54 5480.29 5480.87 5481.63 5482.17 5482.75 5483.86 5485.67 5484.76 5484.34 5484.77
5392.19 5394.12 5396.3 5399.89 5405.63 5412.01 5415.52 5416.38 5417.44 5418.68 5419.86 5421.2 5422.8 5424.03 5425.05 5426.2 5427.03 5427.83 5427.93 5429.18 5430.17 5430.8 5431.97 5433.58 5435.3 5436.96 5438.46 5439.8 5441.21 5442.51 5444.01 5445.64 5448.79 5452.92 5456.63 5460.23 5466.3 5469.5 5471.78 5473.8 5475.2 5474.69 5473.75 5474.71 5474.68 5473.94 5473.86 5474.46 5475.23 5475.49 5476.34 5477.3 5477.91 5478.7 5479.5 5480.51 5481.22 5481.66 5482.5 5482.91 5483.31 5483.42 5483.06 5483.18 5484.62 5485.25 5486.01
5392.93 5395.07 5397.32 5400.63 5405.81 5410.57 5413.61 5415.4 5416.78 5418.07 5419.54 5420.8 5422 5422.93 5423.71 5424.32 5424.36 5423.88 5425.46 5426.49 5427.05 5427.19 5428.58 5431.27 5433.84 5436.07 5437.77 5439.37 5440.82 5442.07 5443.43 5445.51 5448.33 5451.92 5455.56 5459.9 5465.51 5469.77 5473.45 5476.68 5478.63 5477.9 5477.79 5477.96 5479.79 5479.39 5477.61 5476.94 5477.36 5478.06 5479.08 5479.96 5480.68 5481.44 5482.2 5482.41 5483.16 5483.65 5484.21 5484.7 5484.99 5484.81 5483.53 5482.46 5485.25 5486.59 5487.51
5393.09 5395.69 5399.83 5403.04 5405.52 5408.39 5411 5413.91 5415.79 5417.23 5418.61 5419.74 5420.89 5422.06 5422.71 5423.17 5423.21 5422.78 5423.67 5425.24 5425.6 5425.78 5427.25 5430.14 5433.13 5435.75 5438.11 5439.94 5441.41 5442.44 5443.11 5444.91 5448.74 5452.31 5455.39 5458.24 5464.18 5469.51 5473.55 5477.84 5480.37 5479.51 5478.18 5478.65 5479.99 5481.09 5479.18 5478.63 5478.94 5480.01 5480.96 5481.77 5482.35 5483.06 5483.76 5484.01 5484.62 5485.2 5485.76 5486.36 5486.99 5487.77 5488.95 5489.16 5488.6 5488.79 5489.32
5392.5 5394.85 5397.6 5401.26 5404.59 5407.59 5410.3 5413.11 5414.82 5416.24 5417.6 5418.77 5419.86 5420.63 5421.51 5422.31 5423.29 5425.01 5426.52 5425.78 5425.56 5425.74 5427.04 5430.42 5433.61 5436.34 5438.68 5440.75 5442.59 5444.14 5444.95 5447.31 5451.18 5454.33 5456.95 5459.65 5464.12 5468.34 5471.63 5476.69 5480.11 5479.65 5479.14 5479.28 5481.19 5480.2 5478.33 5479.66 5480.88 5481.82 5482.45 5483.54 5484.21 5484.83 5485.09 5485.69 5486.31 5486.85 5487.42 5488.12 5488.88 5490.02 5492.33 5493.13 5491.69 5491.04 5490.97
5391.7 5393.63 5394.95 5398.99 5403.31 5407.39 5411.97 5412.6 5413.69 5415.04 5416.19 5417.34 5418.4 5419.19 5420.28 5421.48 5422.66 5424.78 5426.5 5425.63 5426.06 5427.08 5428.84 5432.28 5435.11 5437.54 5439.84 5442.09 5444.49 5447 5450.6 5453.44 5455.64 5457.9 5459.94 5461.82 5465.09 5467.83 5469.6 5473.42 5477.06 5479.05 5479.32 5478.79 5478.86 5478.79 5480.37 5481.51 5482.95 5483.8 5484.59 5485.21 5485.78 5486.49 5487 5487.52 5487.94 5488.65 5489.16 5489.76 5490.24 5490.62 5491.59 5492.69 5493.09 5493.11 5492.83
5391.15 5393.35 5396.77 5398.82 5402.07 5405.46 5408.02 5410.17 5412.04 5413.63 5414.71 5415.88 5416.94 5417.79 5419.29 5420.14 5421.03 5421.46 5421.21 5423.89 5426.74 5429.9 5433.46 5435.47 5437.15 5439.05 5441.08 5443.45 5446.29 5449.5 5453.85 5458.4 5460.28 5462.08 5463.9 5465.73 5468.31 5469.65 5469.98 5473.98 5477.32 5479.38 5480.34 5479.58 5476.65 5478.54 5481.49 5483.79 5485.37 5485.99 5486.49 5487.07 5487.54 5488.07 5488.67 5489.34 5489.84 5490.47 5490.82 5491.27 5491.46 5491.08 5490.37 5492.24 5494.34 5495.49 5496.13
5390.93 5392.62 5393.89 5397.84 5400.9 5403.39 5404.73 5407.74 5410.47 5412.46 5413.58 5414.71 5415.82 5416.85 5418.2 5418.93 5419.67 5420.03 5420.95 5423.92 5427.66 5431.9 5436.41 5437.95 5438.95 5440.45 5442.31 5444.62 5447.48 5450.97 5455.67 5461.72 5464.03 5465.92 5468.03 5470.86 5474.43 5477.88 5475.81 5478.86 5480.06 5480.59 5480.93 5480.42 5479.58 5481.21 5484.39 5486.95 5488.09 5488.59 5488.87 5489.21 5489.85 5490.25 5490.77 5491.25 5491.82 5492.28 5492.74 5493.2 5493.39 5493.08 5492.61 5494.23 5496.42 5498.16 5499.74
5391.15 5392.88 5394.85 5397.67 5400.5 5402.89 5405.18 5407.59 5409.69 5411.48 5413.02 5414.05 5415.24 5416.22 5416.97 5417.88 5419.02 5419.96 5421.52 5424.92 5428.5 5432.38 5436.1 5438.11 5439.61 5441.14 5443.02 5444.92 5447.92 5452 5458.32 5464.25 5466.61 5468.63 5471.14 5474.15 5477.88 5482.44 5481.11 5480.25 5481.91 5482.1 5481.4 5480.6 5481.67 5486.12 5489.98 5491.14 5490.75 5490.85 5490.94 5491.42 5491.8 5492.4 5492.68 5493.12 5493.72 5494.17 5494.65 5495.09 5495.61 5496.14 5497.2 5497.52 5498.63 5500.26 5501.76
5391.56 5393.83 5396.06 5398.33 5400.69 5403.04 5405.69 5407.77 5409.22 5410.65 5412.04 5412.84 5414.05 5415.24 5416.29 5417.27 5418.74 5420.43 5422.94 5426.24 5429.04 5432.12 5435.02 5437.55 5439.4 5441.04 5442.81 5444.99 5447.53 5451.66 5458.68 5464.67 5467.47 5470.01 5472.68 5475.67 5478.82 5480.16 5481.92 5485.88 5485.02 5484.02 5482.46 5480.8 5482.8 5486.81 5491.32 5493.1 5492.37 5492.38 5492.81 5493.35 5493.56 5493.95 5494.39 5494.75 5495.14 5495.6 5496.15 5496.77 5497.48 5498.4 5499.21 5499.7 5500.17 5501.24 5502.42
5391.58 5394.64 5397.16 5398.86 5400.82 5402.96 5405.12 5406.91 5408.64 5409.9 5411.16 5412.54 5413.92 5414.63 5415.77 5417.09 5418.67 5420.7 5424.16 5427.42 5428.84 5431.63 5434.76 5437.41 5439.19 5440.82 5442.43 5444.39 5446.49 5449.85 5456.69 5463.6 5466.93 5469.81 5472.73 5475.74 5478.2 5479.81 5483.25 5486.6 5486.93 5485.96 5484.6 5483.07 5482.72 5484.59 5488.33 5491.52 5492.33 5493.29 5493.68 5494.46 5494.84 5495.15 5495.58 5495.99 5496.31 5496.75 5497.35 5497.93 5499 5500.28 5501.1 5500.72 5500.47 5500.75 5501.07
5390.87 5394.51 5397.21 5398.77 5400.48 5402.39 5404.7 5407.09 5407.75 5408.94 5410.35 5411.89 5413.27 5414.17 5415.43 5416.83 5418.37 5419.97 5422.29 5424.07 5427.07 5430.57 5434.36 5437.63 5439.17 5440.46 5441.95 5443.6 5445.68 5448.85 5457.09 5462.32 5465.54 5468.76 5471.88 5475.08 5478.32 5479.41 5484.99 5488.61 5488.06 5487.15 5486.44 5485.92 5483.34 5484 5485.92 5488.27 5491.43 5493.57 5494.84 5495.59 5496.19 5496.61 5496.92 5497.2 5497.27 5497.67 5497.95 5498.56 5499.54 5501.01 5501.67 5500.58 5499.66 5499.14 5498.52
5389.81 5392.82 5395.84 5398.06 5399.61 5401.15 5402.84 5404.26 5405.85 5407.56 5409.4 5411.09 5412.75 5414 5415.23 5416.43 5417.71 5418.96 5419.97 5421.24 5425.07 5429.26 5433.44 5436.94 5438.58 5440.3 5441.98 5443.49 5445.12 5447.54 5455.24 5460.14 5463.94 5467.66 5471.03 5473.96 5475.99 5477.23 5482.15 5486.93 5488.16 5487.95 5487.13 5485.5 5483.08 5484.29 5486.14 5488.67 5492.33 5494.65 5495.85 5496.77 5497.64 5497.91 5498.19 5498.12 5498.01 5498.15 5498.24 5498.6 5499.04 5499.61 5499.83 5499.28 5498.19 5497.18 5496.5
5389.16 5394.09 5395.91 5397.24 5398.57 5399.7 5400.53 5401.03 5403.72 5406.36 5408.62 5410.65 5412.45 5414.12 5415.1 5416.52 5417.66 5418.59 5419.64 5420.62 5424.5 5428.42 5431.88 5434.82 5437.87 5440.56 5442.67 5444.19 5445.39 5447.43 5451.53 5457.61 5462.24 5466.53 5470.07 5472.97 5475.31 5477.3 5482.26 5486.41 5487.96 5488.13 5487.48 5485.51 5483.71 5485.64 5488.96 5492.64 5495.15 5496.79 5497.76 5498.68 5499.12 5499.07 5499.21 5498.82 5498.79 5498.68 5498.53 5498.37 5498.17 5498.15 5498.1 5497.87 5496.88 5495.45 5494.11
5387.89 5391.83 5394.46 5396.16 5397.65 5398.84 5399.57 5399.79 5403.02 5406.07 5408.46 5410.57 5412.43 5414.24 5415.39 5416.71 5417.99 5419.22 5421.02 5423.78 5425.98 5428.8 5431.74 5434.29 5438.42 5442.24 5445 5446.67 5447.22 5447.01 5450 5456.94 5462.25 5466.7 5470.2 5472.9 5475.36 5477.3 5482.92 5486.71 5488.12 5488.65 5488.34 5486.88 5484.21 5487.89 5491.96 5496.63 5498.44 5499.19 5500.02 5500.47 5500.74 5500.48 5500.46 5499.99 5499.74 5499.3 5498.76 5498.23 5497.49 5496.33 5496.8 5497.28 5496.76 5495.71 5495.08
5386.59 5388.82 5392.57 5395.08 5397 5398.6 5400.13 5402.45 5404.4 5406.47 5408.6 5410.58 5412.6 5414.42 5415.84 5417.34 5418.82 5420.21 5421.84 5423.51 5426.88 5430.35 5433.64 5437.02 5441.49 5445.83 5449.26 5451.51 5452.25 5451.81 5453.78 5460 5464.59 5468.48 5471.42 5473.82 5476.19 5478.93 5481.69 5486.49 5489.02 5489.77 5489.51 5488.32 5488.23 5491.77 5496.73 5499.57 5500.97 5501.51 5501.89 5502.14 5502.22 5502.06 5501.85 5501.42 5500.99 5500.36 5499.58 5498.69 5497.84 5497.43 5497.44 5498.06 5498.2 5497.77 5497.82
5386.51 5389.13 5392.02 5394.43 5396.59 5398.58 5400.66 5402.96 5405.05 5406.99 5408.99 5411.12 5413.22 5415.15 5416.61 5418.11 5419.86 5421.55 5423.2 5425.43 5429.46 5433.16 5437.17 5441.57 5446.34 5451.09 5455.41 5458.82 5460.85 5461.19 5462.81 5466.63 5470.07 5472.79 5474.49 5476.12 5477.74 5482.37 5487.16 5489.56 5491.17 5491.75 5491.47 5490.66 5489.93 5495.72 5502.05 5504.01 5503.71 5503.53 5503.53 5503.55 5503.49 5503.44 5503.08 5502.77 5502.27 5501.58 5500.8 5499.75 5498.72 5498.22 5498.96 5500.02 5500.98 5501.81 5502.52
5386.95 5390.04 5392.16 5394.22 5396.52 5398.6 5400.76 5403.14 5405.35 5407.24 5409.34 5411.31 5413.42 5415.45 5417.56 5419.18 5421.07 5423.25 5425.35 5428.85 5432.72 5436.37 5440.88 5446.11 5451.59 5457.03 5462.49 5467.68 5471.85 5473.72 5474.21 5475.51 5476.75 5477.91 5478.63 5479.87 5481.54 5486.95 5491.78 5493.4 5494.35 5494.83 5493.91 5493.51 5493.74 5497.36 5501.81 5504.04 5504.79 5505.02 5504.96 5504.73 5504.55 5504.74 5504.27 5504.08 5503.6 5503.05 5502.36 5501.4 5500.06 5498.91 5501.02 5502.82 5504.48 5505.81 5507.13
5386.53 5389.53 5392.01 5394.5 5396.59 5398.75 5400.71 5402.28 5403.86 5407.32 5409.94 5411.94 5414.15 5416.15 5418.25 5420.47 5422.52 5424.92 5427.38 5430.77 5434.9 5439.17 5444.17 5450.1 5456.32 5462.51 5469.22 5476.42 5483.79 5486.13 5485.83 5484.69 5483.57 5482.99 5483.12 5483.93 5486.61 5490.95 5496.95 5496.92 5497.49 5498.73 5500.39 5499.48 5498.41 5499.29 5501.02 5502.99 5505.47 5506.14 5506.42 5506.39 5506.21 5506.1 5505.66 5505.3 5505.06 5504.69 5504.3 5503.87 5503.34 5503.11 5504.4 5506.12 5508.06 5510.13 5511.07
