real_craters/C163-500m.grd
DSAA
235 235
-58.59 58.59
-58.59 58.59
3854.5990359137 5883.318759248
[rows 90 to 119 of 235, columns 67 to 133 of 235]
5475.58 5465.65 5456.46 5447.12 5438.29 5429.83 5428.93 5435.05 5442.77 5452.41 5462.61 5473.02 5482.85 5491.2 5495.22 5497.55 5498.18 5498.75 5499.54 5495.8 5494.97 5494.67 5494.35 5499.55 5523.2 5551.09 5583.76 5605.43 5595.05 5537.77 5584.66 5642.55 5658.91 5621.05 5563.89 5502.84 5442.7 5390.7 5349.05 5309.24 5277.93 5239.28 5197.9 5134.76 5101.22 5082.86 5070.25 5057.46 4998.82 4996.68 5017.37 5038.21 5062.04 5100.76 5177.93 5236.56 5255.18 5257.21 5243.47 5235.39 5236 5225.92 5227.74 5270.3 5329.92 5389.48 5473.36
5476.14 5470.92 5462.81 5451.11 5439.27 5432.67 5431.07 5436.47 5444.15 5452.48 5461.54 5470.97 5479.94 5487.86 5493.16 5497.3 5500.06 5503.69 5502.86 5506.6 5505.83 5504.29 5506.1 5516.07 5558.83 5581.76 5639.52 5700.05 5745.24 5649.84 5637.13 5665.48 5622.26 5522.44 5430.36 5359.34 5312.48 5267.84 5224.57 5179.93 5140.12 5090.82 5029.74 4969.39 4945.81 4933.98 4920.17 4922.95 4873.15 4866.6 4870.14 4878.27 4900.28 4931.49 4979.48 5021.76 5048.71 5066.34 5085.61 5101.28 5127.65 5133.07 5159.1 5208.23 5273.4 5334.33 5408.81
5471.94 5472.47 5468.57 5459.95 5449.55 5439.72 5435.99 5440.41 5446.11 5452.78 5460.38 5468.13 5475.97 5485.23 5490.58 5492.48 5497.72 5500.81 5506.71 5512.97 5518.21 5521.4 5526.53 5535.01 5571.16 5613.24 5682.6 5764.13 5828.39 5708.54 5629.18 5597.02 5490.76 5376.42 5292.11 5219.63 5184.24 5145.85 5098.28 5052.85 5003.26 4952.39 4898.5 4844.57 4817.67 4807.43 4799.98 4803.4 4774.65 4769.17 4757.83 4761.94 4773.66 4792.1 4825.53 4859.86 4882.27 4904.69 4933.49 4961.68 4989.9 5049.33 5117.62 5183.6 5241.99 5291.75 5357.47
5467.24 5471.15 5471.59 5467.51 5459.11 5448.99 5444.68 5445.42 5448.32 5453.27 5458.68 5464.99 5470.01 5472.92 5477.95 5489.07 5501.34 5511.7 5520.87 5531.33 5539.39 5542.78 5554.43 5584.85 5598.72 5656.32 5715.19 5763.11 5775.73 5643.84 5541.47 5453.7 5346.52 5251.25 5183.7 5119.78 5076.43 5029.61 4983.85 4932.98 4885.34 4838.32 4797.55 4742.15 4703.9 4696.22 4696.11 4702.06 4685.27 4682.25 4662.63 4666.16 4667.15 4678.42 4704.85 4737.94 4755.68 4772.54 4797.32 4835.92 4891.1 4975.22 5089 5183.67 5223.8 5247.04 5306.81
5462.62 5467.48 5470.89 5471.01 5464.01 5454.71 5449.27 5448.96 5449.92 5453.03 5458.24 5461.89 5464.69 5464.51 5468.82 5486.02 5505.11 5522.99 5541.66 5558.89 5567.37 5576.53 5580.18 5581.43 5627.93 5690.11 5723.72 5708.29 5640.53 5516.43 5417.57 5315.75 5232.42 5161.52 5101.92 5043.61 4984.3 4932.47 4880.22 4829.98 4778.56 4727.95 4674.15 4617.93 4590.1 4590.97 4590.91 4603.43 4599.56 4596.96 4581.08 4585.71 4578.46 4582.93 4600.06 4638.46 4657.25 4663.25 4680.06 4717.89 4777.72 4872.93 4988.48 5086.5 5146.41 5164.1 5226.24
5457.67 5460.91 5464.24 5466.81 5462.78 5456 5451.39 5450.63 5450.53 5454.16 5457.05 5459.9 5462.14 5461.77 5468.01 5486.89 5510.88 5537.18 5563.45 5581.4 5606.75 5623.6 5633.45 5628.57 5667.85 5682.75 5674.81 5640.49 5530.88 5395.71 5306.31 5222.42 5151.87 5093.18 5027.45 4955.36 4896.1 4842.82 4787.92 4736.67 4682.76 4627.59 4563.81 4500.72 4491.54 4493.63 4481.73 4504.38 4515.23 4502.81 4503.9 4513.61 4501.64 4503.65 4515.92 4546.36 4559.61 4570.21 4586.72 4612.16 4660.12 4749.75 4837.09 4902.41 4987.08 5030.42 5106.03
5453.19 5453.39 5451.88 5453.37 5455.75 5455.54 5453.53 5451.25 5451.48 5454.05 5456.97 5460 5463.23 5459.37 5468.4 5492.2 5521.53 5553.41 5587.21 5621.84 5655.92 5689.16 5718.47 5766.73 5717.21 5660.35 5607.99 5574.1 5467.59 5302.16 5208.63 5134.94 5075.85 5030.77 4948.51 4870.11 4809.11 4753.94 4700.76 4647.65 4596.32 4544.16 4492.26 4438.4 4422.33 4419.72 4410.31 4423.08 4433.99 4424.73 4431.65 4445.19 4434.7 4437.2 4449.07 4468.88 4480.51 4492.7 4509.7 4532.59 4568.96 4635.8 4702.73 4766.33 4826.96 4898.64 4984.15
5452.08 5449.79 5446.45 5445.93 5451.42 5455.23 5454.04 5452.06 5453.56 5456.05 5459.85 5463.82 5468.39 5465.61 5481.86 5502.84 5533.98 5568.23 5607.54 5649.26 5693.83 5742.19 5778.78 5779.25 5708.19 5626.56 5558.73 5490.75 5326.92 5196.42 5105.44 5033.68 4973.3 4919.81 4847.57 4781.91 4724.85 4670.92 4617.14 4566.57 4516.73 4469.53 4427.33 4395.22 4374.64 4365.67 4354.09 4358.31 4363.15 4361.39 4368.58 4382.41 4372.97 4376.48 4385.57 4398.11 4405.53 4425.11 4446.11 4467.89 4497.73 4547.93 4595.34 4655.76 4723.44 4800.75 4888.51
5454.32 5450.53 5447.17 5446.91 5452.11 5456.35 5456.28 5453.79 5455.75 5459.69 5464.61 5469.73 5475.21 5472.09 5488.1 5508.28 5542.58 5580.43 5623.53 5669.12 5716.38 5769.9 5806.19 5751.94 5647.31 5550.1 5478.08 5392.54 5218.05 5088.84 4991.08 4913.79 4852.35 4792.3 4732.35 4690.72 4642.11 4583.77 4533.94 4489.27 4444.94 4402.38 4367.65 4349.13 4330.43 4318.09 4304.67 4300.6 4299.6 4299.5 4310.24 4321.2 4315.68 4320.68 4330.77 4335.52 4345.05 4366.96 4391.72 4415.93 4444.29 4480.14 4520.18 4584.04 4650.79 4722.93 4812.32
5457.29 5453.9 5451.4 5452.77 5457.39 5459.8 5457.57 5455.85 5459.91 5465.65 5471.47 5477.25 5482.71 5481.57 5486.93 5508.63 5549 5590.71 5635.32 5679.95 5722.48 5758.87 5781.95 5675.09 5546.33 5425.34 5315.48 5267.61 5122.75 4982.43 4882.38 4802.1 4733.24 4666.32 4607.54 4570.56 4528.84 4487.63 4451.92 4415.97 4381.07 4348.27 4319.87 4299.98 4280.86 4267.55 4251.27 4240.38 4233.66 4229.07 4245.67 4254.93 4250.64 4257.77 4274.02 4279.37 4290.77 4320.11 4344.35 4369.46 4396.35 4425.58 4460.88 4514.15 4568.14 4649.63 4744.13
5458.55 5458.16 5459.48 5463.09 5466.15 5468.55 5465.03 5460.39 5466.54 5473.74 5480.44 5486.61 5491.8 5489.29 5494.45 5514.03 5553.95 5595.45 5638.1 5679.71 5711.92 5730.13 5709.62 5563.45 5432.47 5295.29 5158.98 5105.17 4970.02 4864.63 4772.82 4697.55 4629.66 4557.88 4496.16 4450.78 4404.79 4395.54 4376.85 4352.02 4324.1 4297.17 4271.21 4249.89 4233.27 4211.33 4193.39 4177.36 4163.38 4160.42 4169.89 4180.73 4179.3 4182.93 4202.26 4215.62 4234.79 4269.92 4296.66 4325.37 4350.74 4376.74 4403.82 4441.75 4487.21 4577.33 4675.46
5460.18 5462.25 5466.2 5473.61 5474.22 5474.97 5473.17 5471.16 5477.12 5484.59 5491.74 5498.3 5503.41 5505.21 5506.14 5522.92 5562.52 5605.49 5646.34 5679.97 5700.31 5698.97 5640.1 5474.19 5329.8 5181.64 5045.59 4981.38 4846.04 4757.2 4674.47 4610.36 4549.65 4487.52 4435.26 4385.65 4344.81 4330.34 4315.7 4294.87 4271.79 4246.34 4221.99 4200.53 4183.23 4160.02 4139.43 4120.25 4105.93 4103.47 4106.95 4111.95 4115.69 4121.96 4139.6 4152.26 4172.29 4205.08 4242.71 4276.54 4303.79 4329.47 4354.14 4383.47 4431.24 4513.59 4605.92
5464.39 5466.65 5470.62 5476.38 5479.43 5482.16 5483.34 5485.82 5491.06 5497.5 5504.37 5511.34 5518.22 5520.32 5521.94 5532.09 5571.73 5612.54 5648.9 5677.96 5689.28 5673.63 5598.06 5416.97 5256.22 5095.89 4944.86 4872.86 4749.3 4675.57 4603.23 4546.98 4492.8 4436.42 4392.29 4352.34 4316.21 4289.32 4267.02 4245.65 4223.02 4199.52 4174.08 4151.82 4132.21 4103.33 4088.73 4072.84 4062.43 4059.81 4060.67 4063.27 4067.89 4074.48 4090.4 4098.09 4111.67 4140.24 4186.32 4226.78 4255.53 4284.07 4311.37 4334.81 4380.35 4456.06 4541.41
5470.93 5471.32 5475.73 5479.14 5483.67 5486.58 5493.06 5500.02 5505.16 5510.3 5516.98 5525.05 5531.86 5541.24 5544.73 5547.44 5587.62 5624.36 5654.98 5676.44 5683.51 5662.47 5548.29 5380.46 5212.45 5042.47 4879.39 4792.43 4682.96 4620.1 4560.89 4504.76 4452.98 4402.41 4363.57 4326.18 4288.58 4253.77 4223.37 4197.09 4174.69 4154.29 4124.7 4098.43 4075.17 4053.63 4044.93 4035.39 4028.04 4024.4 4026.35 4027.81 4033.27 4039.93 4050.45 4053.99 4066.19 4091.26 4129.56 4169.39 4203.94 4238.17 4269.18 4294.57 4337.27 4403.78 4478.68
5474.37 5475.79 5479.63 5486.21 5491.12 5493.26 5502.06 5510.94 5516.34 5519.78 5526.31 5536.2 5553.28 5564.12 5578.97 5589.14 5617.1 5637.85 5656.77 5670.53 5674.88 5664.54 5571.26 5364.36 5183.56 5012.96 4853.11 4712.66 4632.59 4577.03 4526.9 4473.29 4422.64 4376.63 4336.98 4298.09 4256.99 4215.4 4178.07 4147.24 4121.78 4101.48 4071.2 4043.94 4017.43 4010.04 4009.03 4006.3 4002.19 3999.05 3999.11 4001.61 4007.96 4012.88 4018.37 4023.09 4033.63 4050.9 4073.73 4108.85 4152.93 4193.15 4230.09 4256.67 4299.96 4357.19 4419.85
5481.53 5479.52 5483.63 5491.99 5497.65 5504.29 5509.45 5517.72 5522.74 5524.69 5536.82 5551.42 5569.22 5588.26 5612.65 5638.46 5651.06 5652.04 5653.17 5657.41 5653.26 5624.8 5502.64 5322.96 5152.69 4992.52 4840.95 4669.83 4580.45 4536.06 4491.51 4441.33 4392.58 4347.55 4307.07 4264.1 4216.6 4169.66 4130.25 4097.57 4066.13 4039.07 4021.38 4000.35 3983.1 3981.5 3983.62 3985.1 3984.59 3984.46 3986.17 3988.17 3993.03 3996.69 4000.66 4004.82 4011.52 4022.07 4037.08 4066.49 4108.42 4151.87 4195.84 4227.5 4269.58 4319.31 4375.81
5480.68 5481.13 5485.78 5488.85 5495.72 5505.05 5507.08 5511.7 5515.94 5521.61 5538.83 5558.23 5579.33 5603.04 5631.02 5656 5660.22 5651.79 5639.99 5634.21 5620.61 5580.13 5420.75 5265.83 5114.98 4966.41 4819.1 4633.78 4547.78 4502.42 4457.25 4409.58 4360.46 4313.85 4273.4 4222.96 4159.29 4110.56 4081.64 4053.5 4024 4000.55 3987.92 3973.87 3963.74 3967.33 3972.33 3974.91 3974.79 3974.92 3978.22 3982 3986.5 3989.83 3992.95 3995.94 3999.25 4004.23 4013.85 4037.26 4070.8 4110.05 4158.43 4199.97 4240.85 4288.92 4343.76
5487.39 5488.02 5490.43 5491.94 5495.52 5501.53 5501.8 5498.83 5500.01 5513.6 5539.77 5560.44 5582.98 5606.42 5628.27 5639.45 5641.72 5633.44 5614.78 5599.84 5576.42 5534.76 5356.16 5212.43 5076.65 4939.71 4796.69 4617.51 4533.75 4482.11 4430.36 4377.54 4324.83 4273.24 4224.88 4164.39 4109.91 4066.26 4043.3 4021.18 3998.83 3982.79 3973.32 3966.91 3966.24 3968.97 3971.65 3974.58 3973.93 3972.21 3975.36 3981.06 3983.53 3987.74 3990.54 3991.1 3991.91 3994.17 4000.16 4015.32 4037.25 4064.76 4118.83 4168.53 4215.46 4260.7 4310.07
5491.21 5496.26 5498.87 5500.05 5501.75 5503.98 5502.54 5492.94 5491.48 5507.53 5537.29 5563.34 5586.14 5607.2 5622.09 5623.67 5619.62 5608.47 5581.65 5555.74 5519.86 5446.22 5286.92 5157.75 5033.41 4907.85 4774.71 4612.46 4526.46 4466.89 4406.12 4345.88 4287.44 4228.6 4165.73 4113.53 4075.22 4040.1 4018.32 4000.37 3983.52 3973.03 3969.53 3969.33 3972.6 3972.7 3973.56 3974.77 3974.22 3971.32 3973.13 3977.65 3978.96 3985.19 3991.05 3989.9 3987.72 3987.06 3988.92 3997.85 4011.45 4030.32 4066.75 4119.16 4182.85 4229.96 4275.25
5499.68 5503.19 5506.38 5509.39 5512.66 5511.28 5506.07 5496.35 5494.65 5508.23 5538.99 5563.15 5586.75 5604.47 5614.82 5611.74 5601.64 5582.7 5547.3 5509.58 5460.48 5380.76 5221.09 5105.93 4994.26 4879.62 4751.92 4597.89 4514.41 4447.47 4380.38 4315.44 4252.87 4191.16 4131.36 4085.6 4051.45 4021.7 4001.87 3988.63 3978.7 3972.04 3970.56 3972.81 3975.71 3974.85 3975.72 3975.03 3975.45 3972.77 3972.1 3972.45 3972.3 3978.65 3985.76 3985.42 3982.98 3980.55 3979.02 3983.46 3993.21 4008.43 4035.07 4076.97 4143.02 4196.58 4244.27
5500.01 5506.03 5510.26 5513.96 5521.3 5515.96 5509.17 5503.08 5505.33 5513.31 5541.94 5565.83 5587.53 5605.59 5611.44 5605.32 5585.24 5562.88 5518.56 5468.21 5401.86 5297.1 5165.06 5063.86 4964.37 4858.18 4730.83 4581.45 4495.13 4419.28 4350.85 4285.31 4223.37 4162.78 4107.03 4065.19 4032.58 4004.84 3990 3981.88 3977.1 3973.11 3972.5 3974.04 3976.83 3973.78 3975.05 3975.11 3974.06 3973.58 3970.62 3967.43 3968.28 3973.38 3979.21 3980.41 3978.81 3976.87 3971.53 3972.41 3978.52 3990.78 4012.92 4048.82 4108.07 4164.62 4223.91
5499.62 5501.49 5505.67 5507.28 5509.9 5507.75 5503.66 5504.29 5507.45 5515.17 5542.68 5567.94 5593.52 5612.47 5617.91 5610.62 5586.52 5556.96 5511.92 5440.25 5356.52 5235.25 5123.48 5032.46 4940.21 4841.61 4711.64 4564.99 4475.93 4389.42 4321.27 4258.09 4197.15 4138.32 4084.24 4043.67 4016.15 3992.49 3980.69 3976.44 3974.65 3973.01 3973.79 3976.18 3975.72 3975.04 3974.58 3973.14 3969.34 3966.88 3963.46 3970.26 3976.63 3976.53 3975.49 3977.37 3977.45 3974.16 3967.6 3962.14 3964.26 3974.4 3991.54 4022.88 4069.61 4116.3 4188.88
5499.93 5500.11 5496.69 5493.25 5489.44 5492.27 5497.22 5499.16 5504.93 5512.79 5539.86 5569.01 5598.05 5623.8 5636.2 5632.2 5600.43 5572.05 5513.94 5427.81 5334.69 5204.1 5097.69 5009.56 4921.5 4824.27 4697.51 4541.03 4440.33 4363.41 4294.6 4231.13 4169.67 4115.02 4062.7 4023.44 4000.63 3982.33 3974.37 3972.65 3972.1 3971.96 3973.14 3976.33 3974.14 3973.73 3973.19 3972.78 3969.86 3967.62 3970.53 3977.97 3979.72 3974.93 3971.33 3965.74 3968.29 3969.01 3955.53 3946.66 3945.59 3954.43 3969.93 4000.32 4041.03 4079.52 4141.54
5488.75 5487.56 5484.19 5481.26 5475.66 5479.92 5487.93 5488.47 5494.68 5503.37 5535.15 5568.54 5604.01 5636.95 5660.28 5673.1 5665.33 5620.37 5534.91 5424.96 5322.27 5184.86 5078.99 4990.49 4899.7 4797.38 4649.83 4508.79 4400.49 4332.8 4266.3 4203.44 4143.96 4093.74 4040.95 3998.04 3985.19 3976.96 3972.15 3971.23 3971.11 3970.99 3971.24 3970.96 3971.84 3973.17 3975.46 3977.26 3977.79 3971.2 3976.76 3975.79 3977.01 3983.09 3983.82 3970.55 3964.81 3962.76 3936.58 3928.2 3924.13 3930.81 3948.85 3982.16 4024.78 4066.92 4120.44
5475.96 5473.71 5475.83 5476.43 5473.85 5474.56 5481.37 5478.05 5481.89 5490.05 5526.12 5564.03 5606.17 5647.67 5684.4 5715.11 5731.59 5676.63 5555.05 5424.24 5297.81 5157.41 5060.26 4970.42 4879.86 4774.41 4606.68 4476.22 4375.33 4308.54 4238.78 4178.06 4130.11 4074.99 4025.2 3986.39 3978.35 3975.54 3973.29 3971.82 3971.15 3970.74 3970.69 3971.22 3972.4 3975.81 3980.28 3985.27 3989.96 3988.02 3990.36 4009.38 4035.01 4050.82 4026.58 3987.81 3966.7 3952.27 3927.58 3912.84 3904.92 3911.12 3931.27 3968.48 4012.88 4060.01 4112.88
5468.02 5466.05 5472.54 5474.92 5476.14 5475.59 5479.5 5480.61 5474.16 5483.12 5516.13 5559.96 5606.67 5653.92 5697.24 5733.69 5751.26 5693.01 5557.37 5399.02 5258.56 5118.27 5034.84 4950.09 4860.82 4756.28 4578.63 4452.8 4355.76 4278.34 4210.35 4154.22 4111.65 4060.61 4015.82 3982.54 3973.44 3974.81 3973.88 3972.37 3971.56 3971.39 3971.64 3973.3 3974.82 3975.43 3981.24 4004.9 4029.37 4037.11 4040.59 4078.22 4112.25 4111.01 4064.24 4009.86 3975.8 3941.92 3918.68 3903.97 3893.94 3901.12 3923.83 3960.23 4002.43 4050.55 4115.31
5457.48 5455.92 5463.39 5469.42 5476.8 5483.04 5480.11 5470.5 5467.57 5473.42 5505 5549.6 5599.38 5650.49 5694.25 5728.64 5738.79 5681.94 5541 5378.64 5218.42 5078.53 5009.05 4932.23 4845.83 4734.48 4550.44 4436.99 4338.83 4242.72 4185.44 4137.92 4099.56 4053.12 4011.57 3981.59 3973.1 3974.23 3975.47 3973.43 3972.46 3972.27 3973.96 3976.89 3976.03 3975.34 3990.75 4036.88 4056.17 4077.25 4100.53 4113.69 4138.5 4127.53 4081.47 4029.8 3989.69 3954.35 3922.86 3903.22 3891.89 3900.09 3923.45 3957.77 3997.77 4048.14 4117.13
5448.5 5445.49 5450.16 5461.49 5472.45 5477.69 5476.57 5466.67 5459.81 5462.15 5491.15 5536.05 5588.14 5636.01 5679.62 5710.44 5711.38 5654.55 5514.89 5346.08 5180.46 5049.36 4973.46 4915.38 4832.63 4721.78 4545.9 4429.55 4322.49 4222.29 4170.73 4133.9 4089.99 4046.4 4007.89 3978.04 3970.41 3972.43 3971.36 3973.52 3972.99 3972.13 3972.56 3977.02 3976.82 3978.02 4015.26 4078.54 4086.24 4109.29 4150.5 4132.52 4122.92 4100.67 4063.43 4025.22 3989.43 3955.73 3928.64 3908.66 3895.69 3905.86 3928.4 3959.97 3999.07 4052.08 4120.89
5441.64 5437.82 5436.13 5445.02 5459.31 5468.82 5471.1 5465.26 5451.26 5446.88 5472.95 5521.95 5570.37 5620.59 5661.1 5686.84 5686.79 5634.18 5488.11 5312.24 5139.97 5021.58 4954.85 4900.6 4826.1 4712.38 4545.16 4428.65 4328.53 4228.84 4167.71 4125.84 4082.3 4043.55 4007.75 3979.55 3968.11 3972.44 3978.15 3975.65 3973.77 3971.75 3970.9 3977.55 3978.98 3986.5 4030.16 4084.46 4090.69 4114.73 4177.59 4161.15 4092.46 4058.36 4023.81 3995.58 3977.84 3953.01 3932.05 3918.5 3911.4 3913.74 3933.2 3963.64 4002.93 4057.09 4122.91
5435.69 5430.04 5430.56 5436.58 5451.68 5472.04 5466.84 5457.35 5442.98 5438.45 5459.3 5504.78 5555.34 5602.58 5639.06 5662.25 5659.09 5609.67 5463.86 5285.69 5111.59 5003.99 4942.57 4884.62 4822.46 4717.59 4532 4418.64 4328.55 4239.61 4170.38 4122.5 4080.87 4042.09 4008.47 3982.87 3970.1 3972.93 3974.4 3975.92 3974.73 3972.81 3971.28 3977.63 3978.83 3987.13 4027.26 4060.62 4076.6 4092.03 4169.6 4169.66 4054.95 4017.93 3986.18 3970.11 3965.1 3949.3 3931.88 3923.17 3927.25 3919.67 3937.08 3966.89 4006.11 4059.88 4122.61
