real_craters/C163-1000m.grd
DSAA
68 68
-33.48 33.48
-33.48 33.48
4044.791202094 6261.3296818225
[rows 30 to 59 of 68, columns 0 to 66 of 68]
5544.84 5555.06 5566.46 5576.95 5592.79 5607.94 5627.44 5650.71 5679.91 5706.44 5719.19 5821.48 5951.79 6072.03 6131.33 6168.18 5797.42 5481.98 5211.62 4996.35 4846.39 4706.58 4584.27 4483.89 4431.93 4397.58 4371.41 4330.07 4317.87 4314.21 4301.24 4293.85 4313.04 4314.91 4348.33 4409.38 4339.64 4250.63 4212.3 4213.28 4217.42 4242.67 4274.09 4299.9 4338.96 4423.44 4574.25 4688.92 4807.81 5077.97 5356.62 5493.57 5778.85 5829.63 5765.75 5670.87 5587.59 5567.51 5569.04 5543.51 5554.04 5551.81 5522.9 5490.32 5474.65 5476.37 5468.67
5539.78 5540.04 5551.98 5566.84 5582.55 5609.01 5639.83 5659.93 5673.2 5693.95 5723.16 5827.65 5980.2 6104.49 6164.72 5970.51 5642.89 5423.09 5186.42 4931.38 4799.65 4684.51 4543.6 4458.42 4420.92 4397.07 4350.38 4316.61 4304.53 4285.75 4261.09 4228.83 4194.69 4175.68 4176.28 4310.08 4378.53 4267.22 4197.96 4199.3 4200.47 4227.57 4260.61 4299 4342.65 4410.21 4559.39 4709.96 4873.82 5030.51 5261.13 5427.08 5767.55 5976.3 5827.05 5690.96 5625.24 5581.24 5578.03 5570.49 5562.84 5565.06 5573.66 5507.31 5492.63 5491.03 5472.99
5527.82 5531.28 5549.5 5568.01 5581.61 5610.18 5663.52 5661.8 5665.13 5666.07 5679.12 5821.03 5985.6 6138.79 6205.9 5964.84 5635.61 5366.58 5100.28 4924.11 4713.94 4632.82 4531.34 4442.99 4399.45 4373.87 4328.36 4308.94 4287.1 4260.39 4225.35 4180.02 4124.1 4091.31 4097.11 4200.65 4451.06 4260.96 4184.42 4196.97 4192.57 4207.19 4254.02 4300.33 4329.3 4366.66 4574.05 4773.07 4893.76 5073 5256.16 5391.81 5670.77 6014.9 5880.58 5761.25 5647.66 5582.48 5576.26 5603.06 5593.91 5571.59 5541.7 5503.48 5490.57 5490.25 5474.21
5523.45 5548.93 5565.57 5572.31 5595.87 5607.23 5685.24 5667.63 5663.8 5656.14 5661.32 5826.57 5998.47 6139.64 6194.41 6032.44 5673.05 5389.16 5142.84 4859.32 4684.57 4587.46 4536.09 4431.28 4402.13 4371.35 4337.05 4291.74 4266.47 4237.71 4202.88 4156.29 4101.61 4066.47 4087.56 4197.99 4405.4 4246.34 4187.31 4191.57 4195.14 4205.94 4245.98 4296.66 4302.05 4367.26 4573.94 4786.4 4943.84 5123.19 5279.37 5387.56 5556.95 5901.82 5857.27 5780.64 5694.12 5607.18 5586.97 5622.59 5625.2 5596.85 5538.59 5498.99 5494.59 5482.58 5484.22
5529.8 5544.57 5543.98 5555.19 5572.77 5614.44 5647.41 5644.35 5662.73 5691.28 5733.02 5850.75 6001.39 6120.6 6159.95 6022.06 5672.48 5404.17 5208.36 4831.13 4628.67 4550.3 4494.01 4428.94 4392 4373.21 4337.55 4280.51 4245.48 4223.64 4197.63 4170.69 4131.3 4096.08 4114.53 4220.38 4343.92 4256.62 4192.51 4189.49 4197.73 4195.82 4229.39 4265.16 4272.5 4379.61 4612.22 4818.64 4962.58 5043.67 5235.2 5379.24 5498.44 5802.4 5817.65 5749.49 5706.99 5649.01 5613.93 5618.58 5620.76 5604.5 5565.11 5530.92 5517.19 5496.16 5491.99
5547.08 5543.72 5543.98 5543.23 5564.96 5597.42 5643.66 5642.76 5656.35 5678.19 5744.64 5852.06 5996.95 6121.78 6170.98 6037.36 5669.85 5378.65 5170.1 5019.34 4674.66 4504.56 4439.23 4419.15 4360.07 4340.32 4325.43 4279.09 4244.84 4223.6 4211.81 4207.82 4208.47 4186.91 4223.13 4270.56 4286.3 4208.2 4167.75 4151.09 4177.49 4180.94 4213.41 4236.69 4246.36 4409.07 4608.72 4850.16 4960.66 5083.49 5236.42 5384.45 5583.53 5786.27 5798.42 5697 5689.49 5655.65 5624.48 5630.24 5630.6 5607.3 5579.93 5555.55 5536.68 5518.52 5508.47
5552.09 5519.06 5427.04 5522.63 5556.43 5557.85 5574.13 5636.06 5627.94 5608.12 5679.52 5809.86 5954.49 6095.98 6147.8 6037.94 5693.99 5368.8 5170.09 4952.09 4686.96 4517.15 4415.13 4374.6 4342.52 4312.97 4298.38 4257.41 4222.13 4212.42 4215.24 4234.59 4288.87 4416.62 4286.85 4250.67 4217.44 4183.51 4148.57 4141.6 4197.67 4206.98 4216.34 4227.07 4257.16 4479.89 4775.94 4868.88 4949.58 5055.54 5245.99 5411.32 5662.65 5801.98 5730.8 5646.21 5661.65 5643.81 5641.85 5638.42 5634.16 5602.96 5587.66 5585.05 5567.56 5551.33 5541.13
5578.39 5541.59 5570.65 5529.26 5538.51 5541.67 5557.33 5587.13 5588.67 5559.1 5622.76 5736.13 5850.69 5975.48 6068.54 6041.66 5806.21 5420.75 5091.38 4840.03 4685.82 4568.09 4411.84 4372.33 4337.73 4305.77 4270.6 4243.33 4200.81 4195.91 4201.97 4217.2 4245.8 4252.57 4202.79 4141.42 4135.92 4146.68 4139.55 4151.36 4206.71 4209.34 4230.42 4255.46 4319.07 4493.46 4752.36 4895.07 4973.74 5086.93 5253.31 5409.71 5750.33 5795.54 5680.08 5639.36 5652.65 5654 5622.52 5617.89 5600.45 5583.85 5588.36 5593 5572.66 5575.73 5587.4
5570.34 5557 5552.75 5547.93 5534.02 5539.2 5560.97 5575.65 5569.98 5557.27 5593.67 5655.24 5720.85 5764.62 5894.77 6060.3 6056.63 5610.41 5215.37 4842.78 4690.11 4528.57 4437.39 4377.25 4323.55 4287.06 4256.61 4220.62 4185.19 4173.97 4172.82 4171.9 4156.38 4097.02 4049.47 4048.69 4070.38 4102.55 4119.76 4148.78 4160.18 4208.66 4259.6 4301.65 4378.03 4512.48 4776.61 4915.33 5008.57 5119.08 5273.26 5455.44 5737.07 5734.75 5686.77 5675.61 5670.92 5626.28 5617.14 5586.76 5555.45 5565.66 5583.53 5582.9 5563.21 5573.06 5590.5
5541.04 5533.55 5537.12 5532.79 5523.62 5543.56 5607.54 5556.12 5567.15 5572.31 5573.76 5591 5616.89 5678.34 5833.28 6058.47 6203.57 5892.32 5462.48 5062 4768.84 4544.41 4450.25 4387.92 4325.17 4278.66 4232.94 4193.09 4162.51 4156.67 4150.61 4134.4 4104.33 4062.1 4046.52 4049.94 4049.33 4074.97 4099.87 4163.11 4172.25 4221.75 4295.85 4363.06 4462.44 4631.05 4814.63 4912.38 4994.42 5172.53 5375.61 5726.29 5712.05 5751.57 5744.93 5713.1 5710.5 5679.67 5618.55 5568.94 5536.83 5560.75 5570.72 5543.14 5542.18 5548.34 5569.56
5521.21 5508.35 5511.03 5512.07 5531.27 5546.11 5582.55 5589.26 5599.41 5553.39 5576.81 5557.48 5552.08 5587.25 5774.51 6010.99 6166.35 6073.8 5743.98 5306.07 4938.19 4665.55 4502.42 4456.38 4334.95 4268.73 4224.12 4183.46 4158.55 4147.9 4129.5 4106.14 4078.26 4053.76 4044.79 4044.87 4065.96 4076.34 4094.16 4153.53 4170.22 4239.79 4360.95 4447.25 4549.23 4677.42 4802.05 4888.18 5043.76 5242.4 5467.75 5853.71 5728.8 5702.39 5704.9 5693.28 5718.02 5706.25 5619.32 5559.44 5550.38 5574.46 5571.82 5530.46 5507.4 5521.34 5531.63
5493.64 5496.34 5502.19 5517.1 5590.72 5607.13 5526.82 5463.7 5651.15 5608.21 5605.89 5558.11 5523.22 5533.85 5720.42 5947.46 6139.75 6090.97 6035.91 5676.5 5195.38 4972.7 4751.82 4658.8 4541.21 4298.97 4229.37 4188.95 4182.3 4159.67 4135.26 4106.23 4077.59 4053.5 4053.6 4061.83 4064.92 4083.06 4105.27 4158.84 4182.21 4253.84 4406.28 4559.36 4640.43 4715.25 4781.11 4875.2 5112.63 5268.68 5500.56 5850.54 5805.63 5619.29 5617.5 5653.91 5661.55 5630.85 5570.78 5552.29 5574.04 5583.86 5570.91 5544.59 5525.87 5513.72 5518.09
5483.09 5477.33 5494.51 5532.37 5661.77 5511.97 5282.69 5169.9 5419.05 5663.24 5640.75 5596.54 5521.82 5521.47 5689.39 5879.24 6049.22 6062.42 6128.49 5909.18 5387.69 5223.96 5045.6 4822.7 4694.63 4452.71 4285.03 4236.16 4205.69 4181.76 4151.14 4125.73 4091.49 4060.37 4072.6 4085.1 4084.83 4105.55 4136.09 4175.81 4189.44 4321.59 4547.71 4704.21 4727.79 4747.7 4807.83 4943.72 5168.27 5335.06 5715.69 5939.48 5788.66 5557.16 5560.82 5594.82 5601.62 5556.56 5522.29 5523.21 5543.45 5563.15 5566.67 5543.09 5525.34 5511.24 5528.1
5469.48 5461.15 5492.74 5522.3 5624.64 5492.28 5298.28 5180.77 5438.77 5666.12 5653.21 5605.74 5552.63 5571.26 5671.55 5796.88 5909.07 5995.3 6155.85 5846.25 5430.48 5265.45 5160.89 4931.98 4655.06 4552.68 4436.01 4304.24 4245.42 4239.62 4222.28 4179.04 4125.28 4074.67 4091.1 4131.71 4146.01 4150.19 4193.16 4207.39 4306.66 4498.97 4790.23 4802.46 4789.75 4822.71 4919.23 5181.66 5310.57 5452.15 5895.22 5952.1 5644.35 5526.09 5516.97 5532.66 5519.24 5508.22 5490.23 5494.7 5540.71 5578.63 5588.74 5537.67 5504.09 5512.31 5539.3
5480 5469.23 5489.28 5504.3 5530.91 5613.89 5475.89 5453.09 5596.43 5599.23 5592.76 5576.97 5534.26 5558.41 5628.76 5703.01 5789.45 5874.76 6072.44 5966.77 5583.53 5332.74 5241.27 5163.77 4855.41 4596.03 4520.17 4498.6 4346.36 4331.26 4305.27 4256.3 4187.14 4136.08 4140.55 4209.13 4248.31 4281.27 4280.19 4354.03 4594.68 4735.94 4835.38 4851.14 4827.8 4887.04 5094.15 5394 5456.96 5573.46 5973.69 5762.12 5613.23 5506.24 5495.81 5495.13 5487.03 5483.5 5478.65 5507.09 5529.36 5563.43 5569.43 5523.35 5493.25 5495.64 5514.95
5484.58 5474.95 5479.21 5500.53 5500.03 5516 5522.68 5529.12 5499.34 5494.16 5513.02 5518.83 5501.73 5520.75 5581.98 5624.25 5652.85 5671.82 5990.93 6039.94 5902.43 5604.8 5446.36 5388.18 4994.55 4693.92 4708.49 4596.46 4567.95 4508.94 4448.1 4382.61 4307.14 4251.52 4373.69 4441.34 4488.26 4544.32 4585.1 4678.56 4763.55 4832.1 4899.41 4909.27 4948.14 5091.49 5405.04 5509.96 5585.13 5791.4 5930.48 5726.53 5640.98 5605.09 5483.55 5486.17 5500.06 5472.87 5460.12 5471.27 5490.34 5510.84 5510.01 5506.46 5498.95 5500.52 5492.7
5451.13 5456.2 5468.04 5490.56 5499.81 5512.59 5501.22 5479.24 5450.39 5445 5464.08 5480.51 5497.98 5521.96 5553.37 5584.98 5597.33 5601 5678.02 5910.33 6022.13 5904.84 5608.15 5450.09 5281.07 5133.48 5037.99 4964.56 4813.84 4691.17 4623.31 4560.15 4501.97 4495.73 4633.55 4672.96 4694.2 4678.72 4825.76 4987.48 4947.57 4976.42 5006.05 5028.94 5126.21 5338.53 5588.98 5628.46 5718.58 5844.39 5858.58 5657.48 5592.98 5494.04 5465.28 5471.46 5479.97 5466.71 5452.5 5442.77 5458.73 5480.92 5474.99 5488.82 5518.56 5501.55 5497.64
5442.29 5441.63 5444.78 5463.12 5448.81 5466.33 5463.05 5447.1 5429.21 5414.81 5429.83 5449.13 5462.52 5493.89 5522.76 5552.86 5589.98 5641.48 5612.2 5704.23 5783.91 6047.43 5941.41 5853.36 5507.23 5261.43 5241.12 5188.75 4929.78 4890.17 4836.21 4776.23 4733.47 4686.64 4750.69 4825.15 4838.58 4760.78 4913.64 5078.14 5087.09 5058.99 5072.7 5143.13 5282.37 5507.72 5747.21 5778.69 5828.15 5701.84 5572.68 5500.38 5515.24 5474.82 5455.1 5454.74 5454.33 5460.53 5455.98 5444.23 5447.17 5464.01 5467.61 5476.68 5482.79 5474.47 5476.54
5434.4 5438.49 5437.72 5438.08 5440.8 5439.03 5433.83 5422.46 5411.08 5399.42 5412.16 5424.84 5435.17 5462.85 5490.71 5522.93 5558.06 5580.69 5612.05 5624.48 5682.32 5923.89 5995.07 5946.89 5796.73 5529.21 5376.66 5332.49 5302.99 5167.11 5070.47 4994.12 4958.84 4969.21 4963.51 5084.79 4839.02 4718.6 5006.31 5186.94 5205.7 5184.63 5225.83 5318.42 5400.33 5596.8 5748.14 5727 5790.64 5614.08 5511.19 5528.48 5484.77 5474.19 5468.3 5467.96 5463.83 5458.89 5454.11 5434.78 5430.13 5459.37 5477.31 5482.58 5471.71 5447.96 5442.84
5423.62 5425.93 5427.58 5414.06 5407.93 5412.61 5407.42 5399.4 5400.28 5403.38 5408.68 5412.81 5414.47 5437.37 5462.4 5489.68 5506.28 5518.01 5564.67 5592.07 5618.83 5713.92 5900.73 5986.09 5930.11 5849.4 5525.73 5455.19 5390.33 5335.45 5281.64 5202.52 5080.44 4974.01 5016.91 5037.28 4990.48 4866.31 5187.33 5328.7 5366.68 5424.92 5480.95 5616.68 5621.13 5606.64 5622.51 5542.83 5554.98 5585.17 5550.09 5546.29 5507.31 5495.43 5479.99 5478.67 5464.79 5454.42 5447.93 5435.83 5434.4 5453.28 5471 5473.17 5456.46 5423.35 5425.55
5413.59 5409.99 5399.25 5401.69 5402.1 5400.64 5393.18 5384.42 5388.6 5402.12 5409.26 5409.68 5410.67 5421.99 5436.52 5451.07 5469.64 5496.28 5524.67 5547.3 5586.55 5665.24 5732.82 5877.3 5846.45 5874.18 5866.81 5754.36 5695.98 5627.27 5503.37 5418.59 5375.12 5379.21 5303.21 5256.13 5290.2 5288.6 5205.96 5357.75 5502.46 5665.84 5723.09 5670.77 5586.38 5580.15 5555.75 5530.17 5521.5 5568.09 5584.68 5545.8 5483.06 5474.22 5452.65 5436.63 5438.89 5440 5440.02 5434.25 5423.32 5434.03 5445.8 5446.92 5437.07 5431.63 5436.16
5399.58 5395.15 5388.42 5400 5393.32 5394.12 5385.54 5382.38 5399.61 5417.23 5411.49 5414.32 5415.24 5416.37 5421.15 5430.39 5434.1 5438.25 5479.05 5507.26 5539.76 5566.58 5590.47 5595.8 5657.98 5631.12 5701.98 5858.82 5820.71 5766.95 5670.09 5592.66 5541.03 5514.05 5553.48 5580.42 5529.83 5483.43 5477.91 5463.75 5548.78 5676.79 5663.6 5565.2 5560.21 5554.11 5539.74 5515.5 5527.87 5527.03 5517.4 5501.18 5486.23 5486.92 5428.16 5429.71 5425.79 5423.65 5421.04 5412.73 5404.59 5400.66 5403.27 5417.42 5422.39 5442.47 5438.52
5394.44 5396.04 5405.93 5407.52 5403.33 5394.04 5379.64 5375.46 5395.97 5394.94 5402.85 5410.46 5412.86 5405.49 5404.13 5407.24 5413.93 5425.32 5451.62 5477.6 5504.68 5520.51 5528.69 5513.45 5527.95 5578.72 5553.32 5697.79 5803.09 5844.34 5775.72 5720.42 5677.72 5702.28 5738.73 5702.4 5696.71 5734.86 5577.76 5540.55 5533.85 5526.89 5537.77 5573.87 5559.81 5542.17 5540.49 5536.06 5538.57 5517.21 5507.72 5485.77 5471.46 5492.41 5464.14 5438.04 5422.53 5406.7 5392.4 5383.08 5395 5371.4 5358.79 5382.9 5384.22 5387.16 5382.59
5395.31 5404.78 5418.06 5404.99 5404.12 5387.77 5370.3 5361.39 5385.83 5388.19 5385.17 5389.34 5390.9 5385.33 5381.31 5385.25 5400.66 5415.08 5448.35 5437.51 5416.2 5483.19 5512.74 5530.71 5518.74 5547.04 5550.59 5593.19 5713.16 5807.42 5777.11 5780.07 5808.95 5829.26 5800.23 5706.25 5654.35 5650.56 5601.25 5549.65 5527.48 5519.11 5535.19 5523.59 5497.06 5489.45 5514.41 5528.61 5503.74 5491.11 5481.41 5482.64 5468.14 5454.96 5460.52 5454.69 5419.83 5391.85 5367.76 5348.75 5364.63 5345.59 5316.35 5346.25 5357.72 5375.91 5345.46
5381.71 5354.21 5396.25 5382.93 5369.13 5371.51 5357.36 5342.91 5348.03 5356.71 5358.91 5355.15 5357 5360.93 5363.71 5363.37 5360.22 5396.78 5405.26 5414.99 5389.76 5433.37 5454.88 5502.84 5479.11 5523.28 5571.68 5595.65 5618.54 5654.27 5666.57 5717.47 5818.57 5746.59 5662.46 5629.95 5603.83 5589.35 5567.95 5546.56 5530.83 5514.75 5497.89 5476.61 5457.2 5443.93 5458.06 5470.85 5480.17 5470.75 5465.21 5470.9 5457.38 5436.99 5470.57 5435.07 5411.27 5382.73 5354.37 5334.06 5347.76 5338.44 5321.45 5331.81 5342.6 5341.65 5318.01
5357.25 5344.53 5378.46 5377.31 5360.92 5360.31 5347.84 5331.7 5316.51 5315.83 5320.26 5315.65 5327.39 5340.45 5348.78 5351.46 5349.71 5378.68 5374.08 5370.88 5385.24 5402.58 5402.82 5415.59 5443.39 5468.53 5544.33 5527.78 5506.71 5454.58 5515.85 5581.71 5607.49 5600.36 5556.61 5571.23 5616.02 5606.62 5556.44 5540.16 5506.28 5485.98 5473.73 5459.91 5438.52 5434.71 5439.3 5447.4 5459.85 5465.44 5453.34 5444.65 5431.47 5419.13 5433.42 5428.33 5404.58 5377.9 5350.42 5332.93 5335.6 5334.59 5317.11 5318.62 5324.44 5332.22 5322.58
5353.4 5360.47 5352.8 5352.23 5347.97 5346.57 5338.89 5329.49 5308.35 5294.64 5293.08 5296.85 5311.14 5326.17 5338.9 5350.64 5359.89 5355.28 5342.09 5347.18 5336.59 5375.29 5389.95 5395.23 5406.81 5412.06 5439.91 5458.01 5447.49 5397.81 5427.06 5488.02 5511.64 5503.5 5510.6 5553.37 5596.45 5590.35 5589.03 5544.88 5514.76 5505.88 5472.64 5480.58 5448.13 5432.05 5419.86 5425.06 5432.15 5444.39 5454.2 5456.01 5432.63 5425.61 5434.57 5424.88 5401.44 5374.7 5346.98 5327.91 5338.07 5347.17 5347.54 5329.48 5319.18 5326.15 5328.98
5353.98 5351.79 5336.77 5325.48 5326.53 5326.58 5320.55 5316.77 5313.07 5310.11 5299.46 5299.93 5307.65 5319.95 5333.35 5347.19 5357.02 5339.79 5324.29 5318.42 5338.01 5336.18 5345.13 5360.76 5391.48 5382.57 5405.65 5453.31 5436.91 5401.64 5401.73 5417.59 5427.79 5460.72 5493.52 5532.1 5561.76 5546.89 5548.85 5541.08 5534.69 5523 5491.27 5467.51 5442.19 5423.99 5418.56 5417.55 5418.18 5418.32 5428.13 5438.3 5430.07 5428.46 5435.46 5420.53 5394.02 5369.51 5347.91 5331.72 5330.44 5339.82 5326.27 5315.36 5313.94 5314.02 5312.86
5343.19 5340.36 5329.16 5306.77 5309.19 5310.64 5298.15 5296.44 5304.82 5307.51 5301.77 5295.73 5301.86 5311.81 5323.67 5334.7 5335.16 5325.53 5314.29 5321.37 5327.06 5318.17 5323.6 5329.2 5338.12 5372.71 5392.04 5410.63 5410.96 5393.13 5378.29 5368.55 5406.71 5451.61 5493.85 5510.77 5518.35 5521.06 5519.71 5531.26 5551.56 5543.67 5510.45 5463.33 5432.59 5425.23 5426.46 5417.31 5409.3 5405.59 5403.81 5406.97 5409.06 5412.43 5411.75 5401.92 5383.83 5365.76 5347.12 5326.48 5315.18 5314.23 5317.54 5315.92 5306.35 5307.05 5310.29
5335.69 5329.71 5331.4 5308.95 5305.3 5303.88 5284.18 5283.91 5296.83 5308.83 5298.54 5288.63 5290.41 5296.83 5307.51 5320.7 5329.7 5322.8 5322.77 5336.67 5326.2 5302.45 5289.28 5300.88 5310.8 5325.27 5340.49 5345.37 5359.39 5361.77 5355.31 5342.86 5378.83 5425.41 5460.81 5466.32 5494.13 5517.64 5516.77 5524.43 5538.55 5549.36 5536.93 5470.29 5433.7 5434.99 5438.65 5420 5407.19 5407.01 5390.57 5387.74 5397.35 5391.95 5390.69 5381.08 5374.38 5363.13 5350.43 5336.61 5316.8 5305.98 5310.07 5318.59 5314.19 5312.98 5334.58
