real_craters/C163-500m.grd
DSAA
235 235
-58.59 58.59
-58.59 58.59
3854.5990359137 5883.318759248
[rows 150 to 179 of 235, columns 0 to 66 of 235]
5312.53 5314.85 5320.24 5330.56 5338.71 5345.21 5350.2 5353.46 5353.91 5351.66 5347.35 5343.18 5340.32 5340 5338.85 5339.52 5342.69 5343.75 5345.45 5347.78 5349.31 5351.39 5357.72 5369.34 5377.58 5383.47 5385.5 5386.82 5382.29 5382.36 5383.7 5383.28 5381.13 5378.52 5375.42 5373.16 5371.5 5372.16 5374.04 5375.44 5376.92 5378.18 5379.19 5381 5381.24 5381.5 5382.04 5382.77 5384.34 5386.11 5386.99 5388.31 5389.59 5389.29 5392.86 5400.57 5406.46 5410.6 5411.23 5412.42 5414.48 5416.63 5418.71 5420.38 5422.23 5423.9 5425.84
5315.46 5319.43 5325.75 5339.47 5347.92 5353.62 5357.9 5361.41 5361.85 5357.98 5352.33 5347.73 5344.28 5342.5 5341.41 5344.49 5346.37 5347.15 5348.81 5351.21 5350.26 5352.89 5362.74 5376.1 5382.64 5389.26 5391.55 5390.1 5384.4 5385.77 5386.78 5385.52 5383.6 5380.91 5377.73 5374.75 5371.88 5369.76 5371 5371.95 5371.63 5372.79 5374.55 5377.18 5379.2 5380.36 5381.06 5381.47 5382.24 5383.14 5384.88 5386.65 5388.38 5386.57 5388.13 5394.54 5401.38 5405.33 5406.7 5408.6 5412.55 5415.83 5418.43 5421.11 5423 5424.76 5425.81
5319.03 5323.5 5330.21 5344.45 5354.84 5358.42 5359.34 5359.95 5361.58 5358.78 5354.4 5351.13 5347.05 5345.33 5347.16 5350.25 5348.55 5349.53 5350.95 5352.04 5347.83 5351.77 5359.47 5372.48 5380.86 5387.86 5391.25 5392.89 5392.31 5391.68 5390.58 5388.76 5386.28 5383.5 5380.45 5377.19 5373.37 5369.63 5370.57 5370.74 5369.09 5370.69 5372.71 5376.27 5378.93 5380.46 5380.82 5380.4 5379.75 5379.79 5382.05 5384.88 5387.41 5386.61 5387.04 5393.65 5398.71 5402.74 5404.77 5407.54 5412.13 5416.09 5418.8 5420.94 5424.15 5426.41 5428.36
5322.06 5327.11 5333.87 5346.64 5356.49 5358.8 5357.52 5355.03 5354.45 5354.45 5353.16 5352.07 5349.18 5350.37 5350.93 5351.59 5350.73 5352.56 5353.99 5353.13 5350.49 5354.35 5358.82 5368.54 5376.98 5382.53 5387.59 5394.58 5397.39 5396.85 5395.6 5391.7 5388.61 5386.04 5383.56 5380.68 5377.56 5374.47 5375.11 5374.27 5371.55 5372.71 5374.29 5378.28 5380.8 5381.72 5381.2 5379.5 5377.89 5376.2 5379.42 5382.94 5385.67 5386.54 5385.77 5390.06 5397.8 5402.16 5405.13 5408.71 5413.12 5417.76 5421.9 5424.55 5426.45 5428.03 5429.37
5325.82 5330.58 5336.56 5345.57 5354.69 5357.19 5356.24 5354.09 5351.61 5351.25 5351.23 5351.22 5353.18 5361.71 5365.98 5360 5357.01 5357.09 5359.16 5362.32 5362.18 5363.17 5365.1 5368.82 5376.22 5380.7 5383.38 5390.35 5393.8 5395.16 5394.89 5392.44 5390.23 5388.24 5386.39 5384.67 5383.12 5382.34 5382.93 5381.61 5375.82 5378.25 5382.06 5384.01 5384.43 5383.65 5382.54 5380.37 5378.37 5377.16 5378.85 5381.47 5383.71 5385.32 5388.37 5390.9 5396.41 5401.15 5404.79 5409.37 5414.31 5419.64 5425.65 5428.24 5428.97 5429.59 5430.6
5328.28 5333.34 5338.44 5345.69 5354.45 5354.99 5355.26 5354.91 5351.6 5350.02 5350.22 5351.44 5357.1 5370.25 5378.5 5370.67 5360.41 5360.63 5363.22 5367.74 5369.85 5372.27 5375.08 5375.13 5379.76 5384.28 5385.01 5385.55 5387.42 5389.84 5391.55 5391.77 5390.99 5390.02 5389.12 5388.8 5389.11 5389.48 5390.8 5390.33 5384.7 5384.27 5390.53 5391.09 5389.17 5387.07 5384.56 5382.3 5379.99 5378.48 5379.09 5381.1 5383.24 5384.48 5385.22 5389.75 5395.56 5400.97 5405.07 5410.27 5415.19 5419.91 5424.81 5428.62 5430.89 5432.72 5434.07
5330.05 5334.98 5339.79 5345.79 5350.17 5352.63 5353.95 5354.62 5350.61 5349.16 5350.21 5352.43 5358.47 5366.54 5372.14 5370.24 5364.71 5363.12 5365.13 5368.06 5373.12 5377.64 5381.56 5381.18 5383.46 5388.12 5384.53 5382.71 5384.38 5387.58 5390.27 5391.52 5391.61 5390.96 5391.07 5391.92 5394.26 5396.6 5397.44 5397.46 5387.58 5388.73 5396.31 5396.39 5393.47 5390.67 5388.03 5385.08 5382.33 5380.32 5380.04 5381.6 5384.07 5386.01 5384.96 5388.55 5394.75 5402.39 5409.11 5412.79 5416.2 5419.36 5422.41 5427.53 5432.17 5436.71 5439.81
5331.23 5335.8 5340.24 5346.61 5349.41 5350.43 5351.51 5351.14 5347.48 5347.86 5349.43 5352.03 5355.51 5359.98 5366.33 5367.56 5364.32 5364.36 5366.77 5369.83 5373.5 5377.54 5380.54 5380.39 5383.38 5386.11 5385.55 5381.37 5384.73 5389.74 5391.31 5391.64 5391.43 5391.38 5391.34 5392.2 5394.84 5397.89 5399.06 5399.87 5390.84 5393.18 5398.23 5398.61 5396.45 5394.04 5391.26 5388.26 5385.16 5381.89 5380.6 5383.01 5385.18 5386.11 5387.24 5390.59 5397.34 5404.39 5410.73 5414.27 5417.13 5419.85 5422.51 5427.67 5432.56 5437.17 5440.36
5332.99 5336.36 5339.19 5341.73 5347.16 5348.04 5349.5 5349.09 5346.04 5347.49 5349.66 5351.78 5352.45 5352.52 5358.33 5363.75 5365.58 5366.54 5366.93 5368.79 5371.41 5375.37 5379.67 5381.7 5381.59 5381.79 5384.06 5381.33 5385.2 5390.86 5391.3 5390.84 5390.35 5390.33 5390.41 5390.56 5389.48 5392.48 5396.47 5395.75 5392.3 5395.46 5397.83 5398.83 5399.01 5397.55 5395.23 5392.39 5389.27 5385.85 5384.25 5386.42 5387.86 5387.95 5387.72 5392.18 5401.17 5406.07 5410.69 5414.65 5418.03 5421.3 5424.5 5428.56 5432.48 5436.19 5439.54
5335.42 5337.8 5338.16 5338.64 5339.75 5343.08 5347.85 5351.55 5349.15 5348.52 5350.64 5352.95 5354.08 5353.45 5355.91 5360.29 5365.48 5367.62 5365.23 5364.88 5367.88 5371.92 5377.54 5379.14 5379.23 5378.18 5378.46 5378.34 5383.92 5389.37 5389.2 5388.49 5388.14 5388.13 5388.71 5389.74 5391.45 5393.55 5396 5395.15 5391.21 5397.16 5400.41 5401.92 5402.5 5401.13 5399.04 5396.71 5394.6 5392.76 5392.24 5392.35 5392.32 5391.91 5391.29 5394.01 5401.86 5407.12 5411.24 5414.98 5418.5 5422.51 5426.29 5429.22 5432.5 5435.36 5439.22
5339.44 5340.71 5340.41 5338.42 5337.51 5341.38 5346.52 5351.3 5348.61 5349.14 5352 5354.9 5356.56 5355.79 5356.88 5359.5 5363.57 5364.74 5363.14 5362.67 5364.11 5368.6 5374.53 5374.82 5375.78 5378.73 5377.47 5377.53 5380.63 5383.92 5384.68 5384.76 5384.91 5385.72 5386.82 5388.88 5391.21 5394.59 5397.56 5399.11 5397.42 5404.46 5407.24 5408.51 5406.4 5404.29 5402.47 5400.97 5399.86 5399.69 5399.97 5398.93 5397.36 5397 5397.11 5399.53 5404.89 5408.94 5412.37 5415.08 5418.05 5421.7 5425.48 5428.99 5432.87 5437.37 5440.65
5343.39 5345.58 5345.5 5343.16 5340.4 5342.78 5345.37 5348.48 5349.37 5350.86 5354.09 5357.08 5358.77 5359.25 5358.49 5362.13 5362.73 5361.58 5359.31 5359 5360.01 5360.83 5367.3 5369.66 5371.95 5374.15 5375.24 5373.39 5375.3 5377.59 5379.12 5380.34 5381.39 5382.41 5383.77 5385.93 5390.11 5393.32 5397.88 5402.27 5398.6 5405.04 5408.46 5409.32 5408.07 5405.82 5404.14 5403.43 5403.48 5404.48 5405.58 5404.17 5401.4 5399.66 5399.99 5402.76 5406.61 5409.7 5412.54 5414.62 5416.81 5419.68 5423.68 5428.18 5432.44 5436.7 5440.85
5347.61 5351.21 5352.94 5352.2 5346.37 5343.35 5346.07 5349.53 5351.26 5353.44 5356.6 5359.71 5361.9 5363.85 5365.13 5365.21 5362.78 5360.45 5358.92 5357.96 5358.46 5359.98 5365.41 5369.8 5373.26 5373.36 5370.85 5369.84 5369.2 5370.97 5373.8 5375.91 5377.31 5378.4 5379.61 5381.3 5384 5388.79 5394.29 5398.27 5397.33 5401.47 5405.66 5408.77 5407.66 5405.59 5404.38 5404.17 5405.07 5406.83 5408.9 5407.87 5404.17 5400.26 5400.43 5401.34 5405.95 5409.63 5412.18 5414.09 5415.91 5417.58 5422.58 5427.83 5432.21 5436.51 5440.73
5351.65 5356.38 5360.75 5360.98 5353.69 5347.58 5348.27 5352.38 5354.46 5356.58 5358.06 5360.41 5362.2 5361.39 5363.75 5364.84 5360.98 5358.45 5356.77 5356.84 5358.25 5361.92 5366.18 5368.26 5370.58 5372.9 5369.29 5364.08 5365.36 5367.16 5370.13 5372.26 5373.68 5374.84 5375.57 5376.01 5377.34 5382.91 5387.48 5391.22 5392.69 5395.92 5400.72 5406.8 5404.22 5402.92 5402.65 5403.23 5404.54 5406.6 5409.51 5409.41 5406.83 5405.13 5405.87 5404.6 5406.47 5408.93 5411.73 5414 5416.28 5419.61 5423.85 5428.88 5433.23 5436.81 5441.41
5354.52 5360.66 5366.74 5369.42 5363.33 5355.57 5352.94 5350.68 5356.35 5358.68 5357.2 5356.94 5356.73 5354.74 5357.37 5355.56 5356.19 5355.82 5355.46 5355.66 5356.89 5359.26 5364.49 5366.78 5368.84 5368.82 5367.9 5368.12 5366.11 5366.89 5368.61 5370.11 5371.34 5372.19 5372.79 5373.01 5373.67 5378.3 5381.37 5383.31 5385.11 5389.58 5392.87 5394.48 5396.67 5398.51 5399.61 5400.7 5402.15 5404.17 5405.91 5406.78 5408.1 5409.45 5413.23 5410.14 5409.23 5410.93 5412.62 5414.52 5417.17 5420.64 5425.55 5431.11 5436.56 5440.73 5443.65
5356.48 5362.81 5368.12 5370.82 5369.08 5364.3 5361.11 5357.43 5356.79 5356.43 5353.57 5350.43 5349.68 5350.96 5349.62 5353.75 5354.18 5351.77 5352.77 5354.07 5355.85 5357.8 5362.56 5366.56 5369.68 5368.82 5370.21 5372.19 5371.56 5369.58 5368.89 5369.22 5369.52 5370.01 5370.89 5372.11 5374.29 5376.18 5378.04 5379.02 5379.96 5383.66 5386.77 5388.08 5391.19 5394.07 5396.06 5397.62 5399.04 5400.5 5402.4 5404.84 5407.66 5410.97 5413.97 5415.75 5410.8 5413.24 5413.36 5414.84 5417.56 5421.96 5426.84 5433.1 5440.21 5444.87 5445.99
5357.24 5362.63 5367.32 5370.29 5371.46 5370.1 5366.81 5359.13 5355.34 5351.85 5349.72 5347.2 5346.25 5347.25 5347.83 5351.99 5353.14 5351.07 5350.22 5352.7 5355.39 5359 5361.98 5366.4 5370.3 5370.74 5371.31 5370.35 5371.25 5369.35 5367.63 5367.07 5367.74 5368.12 5369.24 5370.8 5372.37 5374.95 5377.77 5378.64 5378.7 5381.13 5383.54 5386.43 5389.2 5390.84 5392.71 5394.38 5395.61 5396.52 5397.28 5398.8 5405.85 5413.99 5411.89 5412.13 5409.35 5410.6 5412.69 5414.75 5417.13 5421.24 5427.02 5433.38 5440.37 5444.86 5446.61
5356.85 5362.03 5366.56 5369.57 5370.82 5370.62 5368.62 5360.41 5353.72 5349.32 5347.31 5347.28 5345.62 5347.08 5350.08 5353.18 5353.65 5351.39 5350.21 5351.95 5355.02 5358.39 5360.96 5364.94 5369.38 5370.38 5367.96 5364.48 5364.3 5365.36 5364.91 5364.79 5365.58 5366.15 5367.5 5368.97 5371.07 5373.08 5376.57 5377.71 5377.65 5379.02 5381.18 5383.2 5384.79 5388 5390.05 5391.51 5392.49 5393.21 5393.93 5395.33 5403.4 5409.47 5411.19 5411.78 5410.24 5410.58 5412.89 5415.25 5417.99 5421.86 5426.98 5432.24 5437.06 5442.04 5445.64
5355.53 5360.43 5364.81 5367.31 5368.07 5367.97 5364.76 5357.55 5351.22 5346.32 5344.71 5345.17 5343.76 5346.05 5350.36 5351.03 5350.62 5350.91 5350.19 5351.01 5353.49 5356.53 5357.8 5361.9 5366.29 5367.7 5364.61 5361.76 5360.73 5360.95 5361.36 5362.46 5363.06 5364.03 5365.35 5368.13 5368.84 5370.3 5371.29 5375.37 5378.85 5377.93 5379.91 5381.71 5384.07 5386.49 5388.3 5389.46 5390.32 5391.1 5392.31 5395.31 5402.25 5409.4 5411.73 5414.27 5414.92 5413.5 5415.1 5417.02 5418.98 5422.98 5427.39 5431.63 5435.41 5440.29 5444.72
5353.34 5358 5361.4 5363.36 5363.34 5362.25 5359.5 5353.38 5347.74 5343.2 5341.07 5341.21 5342.97 5347.85 5350.02 5348.69 5349.58 5349.2 5348.66 5349.37 5350.6 5352.07 5354.09 5358.59 5364.39 5365.98 5363.11 5360.82 5356.79 5356.93 5358.68 5359.98 5361.06 5361.86 5362.5 5363 5365.79 5368.45 5371.78 5375.41 5378.23 5378.78 5379.97 5382.25 5384.82 5386.34 5387.41 5388.26 5388.93 5389.59 5391.07 5393.11 5396.38 5401.58 5407.81 5413.53 5417.13 5417.6 5417.9 5419.33 5422.32 5424.85 5428.48 5432.41 5436.16 5440.53 5444.52
5350.2 5354.47 5357.53 5358.5 5357.52 5355.83 5353.31 5348.79 5344.41 5340.16 5338.66 5339.92 5342.81 5350.91 5347.99 5345.99 5346.79 5349.59 5349.24 5348.95 5349.51 5350.28 5351.91 5356.41 5362.81 5364.36 5363.32 5360.52 5356.05 5354.9 5356.07 5357.96 5359.33 5360.42 5360.91 5360.99 5363.93 5367.12 5370.62 5375.53 5379.55 5379.19 5380.09 5382.72 5385.77 5387.15 5387.5 5387.98 5388.26 5388.97 5389.61 5391.53 5393.29 5396.94 5403.18 5410.01 5417.4 5419.27 5419.55 5420.45 5422.06 5425.6 5429.3 5433.97 5438.46 5441.61 5444.84
5345.7 5349.63 5352.72 5352.35 5350.78 5349.49 5347.31 5344.95 5342.16 5339.33 5339.56 5342.57 5343.13 5346.88 5348.96 5347.62 5347.96 5348.82 5349.91 5350.32 5350.18 5350.56 5351.67 5355.02 5360.45 5361.35 5360.76 5359.98 5355.21 5353.95 5354.84 5356.36 5358.11 5360.05 5361.7 5363.77 5364.88 5366.91 5369.39 5374.21 5376.8 5377.12 5378.91 5382.4 5386.78 5387 5387.06 5387.76 5387.68 5388.07 5388.31 5388.54 5391.07 5398.02 5403.87 5409.96 5415.57 5419.34 5420.11 5421.09 5423.63 5425.63 5429.24 5434.07 5439.97 5441.68 5444.58
5340.24 5343.03 5345.38 5344.36 5343.36 5342.73 5344.56 5342.05 5340.52 5340.35 5342.97 5346.03 5346.16 5346.13 5346.78 5347.7 5348.93 5352.6 5353.42 5354.02 5354.36 5353.92 5353.63 5354.88 5359.65 5362.44 5360.65 5358.4 5353.97 5353.16 5354.65 5356.63 5358.79 5360.82 5362.59 5364.07 5366.1 5368.25 5371.36 5375.02 5377.01 5377.33 5378.63 5380.56 5381.7 5383.47 5386.47 5387.3 5388.06 5388.21 5388.36 5388.61 5391.36 5400.96 5411.85 5415.32 5416.95 5419.92 5419.97 5420.17 5422.01 5425.29 5428.55 5431.42 5434.67 5439.83 5443.75
5333.78 5335.18 5335.88 5336.2 5335.76 5335.26 5337.16 5337.89 5338.7 5339.96 5343.53 5346.92 5347.92 5346.21 5346.6 5347.91 5349.36 5352.03 5354.83 5356.72 5358.36 5357.99 5356.98 5357.87 5362.41 5363.16 5361.63 5359.51 5355.63 5354.19 5355.47 5357.56 5359.95 5362.36 5364.75 5366.22 5367.47 5369.44 5371.99 5375.62 5377.59 5377.95 5379.12 5379.88 5380.38 5383.44 5387.16 5388.63 5389.14 5389.48 5389.83 5390.69 5393.53 5402.26 5412.54 5414.98 5416.05 5418.77 5419.88 5420.07 5421.97 5425.68 5428.98 5431.83 5434.91 5439.08 5442.91
5327.27 5327.54 5328.52 5329.4 5329.79 5329.26 5331.82 5335.25 5336.48 5337.72 5338.74 5343.17 5344.09 5345.17 5345.23 5346.52 5348.67 5352.66 5354.49 5356.7 5361.07 5360.59 5359.29 5359.19 5362.08 5363.35 5361.02 5360.63 5358.07 5355.66 5356.9 5359.05 5361.39 5364.04 5366.89 5368.31 5368.12 5368.81 5370.41 5371.8 5373.94 5375.68 5377.49 5380.37 5384.79 5388.81 5389.87 5390.63 5390.76 5391.46 5391.84 5393.35 5395.23 5401.07 5410.47 5415.81 5418.55 5419.28 5420.86 5423.05 5425.08 5427.29 5430.29 5433.56 5436.7 5439.45 5442.54
5321.15 5320.81 5322.13 5324.28 5326.08 5327.03 5328.72 5332.68 5334.99 5336.38 5337.91 5341.72 5345.44 5346.64 5345.08 5343.35 5345.88 5350.46 5354.2 5357.22 5360.89 5361.98 5360.79 5358.91 5360.28 5361.5 5361.47 5362.26 5360.45 5358.12 5359.25 5361.33 5363.4 5365.26 5366.89 5367.94 5367.96 5367.44 5368.49 5369.88 5371.76 5373.34 5374.87 5380.32 5386.43 5390.99 5391.45 5391.96 5392.38 5393.14 5394.04 5395.35 5396.78 5401.43 5408.74 5413.78 5416.17 5417.89 5421.42 5425.24 5427.36 5428.85 5431.41 5434.57 5437.18 5439.49 5442.12
5316.33 5315.64 5317.81 5321.23 5324.61 5327.68 5328.94 5333.02 5334.76 5336.76 5338.22 5342.06 5346.36 5348.29 5347.27 5345.76 5346.98 5351.3 5354.49 5358.84 5362.51 5363.65 5363.05 5361.85 5362.74 5362.53 5364.27 5364.65 5363.42 5361.57 5362.37 5363.96 5365.68 5366.99 5367.36 5368.03 5368.58 5369.08 5370.04 5371.89 5372.49 5373.37 5375.21 5379.99 5385.23 5389.71 5391.46 5393 5394.26 5395.41 5396.21 5397.33 5398.28 5401.97 5408.38 5412.52 5416.26 5417.88 5420.56 5424.64 5427.61 5429.43 5431.45 5433.94 5436.46 5438.89 5441.33
5313.05 5312.99 5315.82 5319.63 5323.69 5326.84 5329.49 5332.34 5334.37 5337.91 5341.84 5343.33 5346.95 5348.75 5349.31 5351.29 5350.33 5351.02 5354.49 5358.91 5364.32 5364.97 5365.2 5365.31 5364.41 5364.08 5367.13 5368.99 5367.34 5365.3 5365.95 5367.13 5368.57 5369.77 5370.56 5370.09 5369.78 5370.6 5371.31 5372.46 5373.47 5374.2 5376.05 5379.6 5383.89 5387.67 5391.04 5393.82 5395.86 5397.44 5398.61 5399.33 5399.17 5402.05 5407.53 5411.15 5416.23 5415.38 5420.56 5425.49 5428.09 5429.88 5431.27 5432.04 5435.12 5437.7 5439.97
5310.9 5313.57 5315.53 5318.65 5322.88 5327.14 5326.93 5329.18 5332.41 5337.27 5341.82 5342.34 5344.69 5346.84 5348.44 5349.7 5351.66 5352.88 5354.89 5357.43 5363.05 5364.62 5365.75 5366.49 5366.17 5366.26 5366.93 5370.7 5371.02 5371.16 5370.04 5370.4 5371.42 5372.66 5373.69 5372.3 5370.68 5369.88 5371.57 5373.33 5374.19 5374.94 5376.53 5379.65 5383.69 5387.43 5391.39 5394.87 5397.32 5399.07 5400.19 5401.71 5401.08 5402.58 5407.28 5410.11 5418.6 5420.61 5424.44 5427.95 5429.34 5430.58 5432.08 5434.11 5435.37 5437.3 5438.99
5307.88 5308.9 5313.33 5317.44 5321.66 5324.38 5324.01 5325.77 5329.88 5335.24 5339.35 5339.83 5341.34 5344.07 5345.91 5347.29 5348.27 5353 5354.6 5356.68 5360.2 5362.55 5364.51 5365.98 5366.75 5367.48 5367.05 5371.23 5373.07 5373.63 5372.69 5372.65 5373.66 5375.15 5375.3 5374.12 5371.88 5370.34 5372.35 5374.17 5375 5375.92 5377.32 5380.49 5384.58 5388.64 5392.88 5396.37 5398.85 5400.71 5401.86 5401.18 5400.71 5400.13 5405.1 5408.53 5417.52 5423.43 5426.24 5428.27 5429.67 5430.87 5432.81 5434.7 5435.54 5436.95 5438.05
