real_craters/C163-750m.grd
DSAA
157 157
-58.59 58.59
-58.59 58.59
3857.8923762248 5876.4733643423
[rows 38 to 75 of 157, columns 0 to 83 of 157]
5282 5285 5297 5303 5302 5308 5319 5330 5340 5356 5378 5416 5454 5490 5481 5462 5450 5439 5445 5465 5464 5462 5465 5465 5468 5456 5439 5411 5409 5414 5423 5437 5453 5460 5461 5458 5451 5435 5410 5387 5368 5365 5366 5370 5378 5382 5386 5392 5395 5400 5405 5403 5405 5406 5409 5413 5418 5421 5426 5431 5436 5442 5447 5452 5457 5466 5473 5486 5491 5494 5494 5495 5496 5497 5505 5503 5495 5500 5504 5504 5503 5504 5505 5506
5281 5291 5305 5303 5297 5300 5311 5324 5333 5353 5377 5414 5453 5491 5483 5471 5457 5449 5441 5458 5459 5466 5474 5476 5478 5475 5458 5432 5419 5420 5426 5436 5448 5457 5463 5462 5454 5439 5417 5396 5380 5368 5368 5371 5376 5379 5382 5387 5390 5393 5396 5398 5401 5407 5413 5418 5421 5426 5429 5433 5441 5447 5453 5455 5460 5466 5471 5479 5485 5487 5488 5489 5495 5502 5509 5506 5499 5501 5506 5509 5511 5515 5515 5516
5284 5295 5307 5306 5302 5304 5316 5331 5347 5367 5391 5416 5452 5483 5480 5473 5459 5457 5447 5468 5458 5464 5477 5482 5482 5481 5468 5446 5427 5426 5426 5430 5437 5446 5455 5457 5450 5437 5417 5403 5390 5376 5371 5369 5373 5373 5377 5383 5388 5388 5389 5393 5401 5411 5418 5424 5427 5432 5437 5442 5447 5452 5457 5461 5460 5461 5464 5476 5484 5488 5491 5492 5496 5502 5506 5503 5501 5503 5513 5517 5518 5516 5512 5513
5286 5296 5307 5309 5307 5310 5320 5341 5370 5386 5397 5417 5439 5464 5471 5470 5466 5462 5465 5461 5455 5458 5466 5475 5484 5485 5475 5456 5438 5428 5422 5419 5421 5431 5437 5435 5428 5416 5409 5400 5391 5382 5379 5378 5377 5380 5383 5385 5393 5395 5397 5403 5412 5419 5424 5428 5433 5438 5446 5455 5453 5455 5461 5471 5474 5470 5472 5480 5484 5490 5493 5493 5500 5507 5508 5506 5505 5504 5517 5517 5509 5507 5511 5517
5291 5306 5320 5314 5309 5309 5318 5343 5380 5402 5408 5419 5437 5457 5464 5466 5466 5461 5466 5451 5444 5446 5450 5461 5472 5477 5473 5459 5443 5430 5421 5412 5410 5425 5428 5413 5408 5402 5400 5399 5396 5390 5391 5404 5398 5396 5397 5397 5406 5419 5423 5427 5428 5427 5430 5434 5438 5442 5449 5455 5453 5453 5458 5473 5487 5481 5477 5483 5490 5494 5497 5499 5504 5514 5517 5507 5505 5506 5509 5513 5510 5510 5511 5515
5296 5318 5324 5316 5310 5308 5322 5348 5379 5396 5405 5420 5441 5456 5460 5460 5460 5460 5458 5444 5436 5436 5441 5450 5458 5465 5463 5453 5441 5437 5428 5413 5408 5425 5425 5402 5398 5395 5399 5401 5400 5395 5396 5397 5402 5405 5407 5407 5414 5426 5432 5435 5435 5433 5435 5438 5441 5445 5447 5449 5449 5451 5455 5474 5490 5489 5488 5491 5494 5497 5499 5500 5506 5516 5522 5515 5509 5507 5513 5514 5513 5514 5513 5514
5301 5331 5325 5319 5317 5319 5338 5361 5377 5385 5397 5418 5443 5456 5458 5455 5453 5454 5451 5434 5427 5430 5438 5450 5461 5463 5467 5463 5454 5457 5446 5426 5414 5420 5412 5395 5395 5401 5403 5404 5403 5398 5396 5398 5404 5406 5408 5409 5412 5418 5423 5427 5430 5433 5436 5440 5444 5447 5449 5447 5450 5452 5457 5478 5498 5492 5495 5496 5496 5500 5502 5505 5508 5514 5518 5518 5518 5519 5523 5520 5517 5515 5514 5516
5298 5320 5324 5323 5329 5343 5361 5375 5375 5377 5392 5417 5447 5460 5463 5459 5449 5444 5442 5422 5419 5425 5437 5451 5474 5488 5506 5517 5515 5499 5473 5458 5442 5420 5401 5391 5396 5402 5406 5407 5406 5400 5393 5392 5397 5402 5405 5405 5406 5408 5412 5415 5425 5432 5439 5444 5449 5453 5455 5456 5458 5459 5467 5480 5482 5486 5490 5503 5506 5505 5505 5504 5509 5511 5513 5520 5526 5531 5531 5528 5523 5520 5520 5520
5294 5308 5312 5320 5338 5359 5372 5371 5368 5365 5388 5420 5455 5468 5470 5464 5453 5442 5439 5409 5411 5423 5440 5464 5502 5552 5564 5597 5583 5501 5473 5490 5480 5449 5422 5405 5406 5407 5407 5411 5411 5402 5395 5392 5396 5397 5398 5399 5402 5401 5410 5419 5423 5432 5441 5449 5454 5460 5464 5469 5471 5468 5470 5481 5485 5490 5505 5509 5511 5511 5510 5510 5510 5513 5515 5521 5527 5531 5532 5530 5528 5526 5523 5529
5295 5299 5308 5319 5340 5361 5371 5366 5359 5360 5389 5431 5474 5477 5478 5472 5448 5437 5431 5402 5407 5423 5457 5493 5553 5504 5461 5446 5413 5419 5422 5421 5467 5529 5471 5431 5423 5415 5411 5419 5424 5417 5402 5392 5389 5392 5397 5403 5406 5412 5414 5418 5426 5437 5447 5455 5462 5468 5474 5479 5480 5476 5478 5483 5490 5497 5508 5511 5513 5515 5516 5520 5522 5520 5519 5520 5525 5528 5531 5536 5540 5531 5532 5545
5308 5314 5321 5327 5340 5351 5355 5351 5347 5355 5389 5434 5470 5476 5479 5473 5446 5432 5422 5390 5402 5431 5503 5550 5457 5402 5385 5374 5369 5374 5374 5372 5411 5460 5501 5472 5443 5430 5428 5436 5444 5440 5415 5396 5385 5394 5402 5407 5409 5413 5423 5431 5435 5446 5455 5464 5471 5479 5485 5490 5491 5483 5479 5484 5491 5499 5508 5511 5515 5518 5521 5524 5527 5525 5524 5527 5529 5532 5536 5542 5546 5543 5542 5546
5321 5334 5341 5345 5338 5333 5326 5326 5333 5353 5384 5426 5454 5464 5469 5467 5445 5429 5414 5385 5405 5449 5556 5536 5401 5380 5368 5355 5351 5352 5352 5355 5362 5372 5428 5448 5442 5441 5446 5456 5461 5456 5433 5411 5398 5401 5408 5413 5414 5419 5428 5439 5453 5456 5463 5471 5480 5488 5496 5500 5497 5490 5484 5486 5491 5498 5512 5517 5519 5521 5523 5524 5526 5525 5526 5531 5538 5539 5539 5539 5547 5547 5549 5550
5337 5342 5347 5343 5331 5321 5310 5316 5327 5346 5375 5411 5436 5446 5448 5446 5437 5422 5410 5382 5412 5467 5594 5518 5381 5367 5353 5344 5338 5340 5341 5343 5344 5354 5371 5404 5426 5444 5462 5473 5480 5478 5460 5449 5435 5425 5421 5423 5423 5425 5431 5441 5450 5459 5470 5479 5488 5498 5506 5513 5517 5508 5491 5491 5494 5498 5516 5521 5521 5523 5526 5528 5526 5530 5533 5539 5544 5543 5543 5542 5545 5548 5555 5557
5337 5352 5357 5341 5329 5321 5313 5318 5329 5346 5368 5390 5416 5429 5432 5427 5423 5409 5392 5397 5422 5476 5589 5482 5370 5352 5342 5338 5338 5337 5334 5334 5335 5341 5361 5387 5414 5438 5459 5479 5498 5519 5507 5496 5475 5452 5436 5430 5430 5433 5438 5447 5454 5465 5476 5485 5496 5505 5516 5526 5534 5527 5511 5501 5499 5501 5508 5513 5522 5528 5533 5536 5540 5541 5543 5546 5547 5549 5558 5555 5553 5555 5556 5560
5330 5359 5388 5359 5339 5332 5328 5333 5338 5352 5365 5381 5404 5420 5429 5423 5414 5399 5380 5400 5428 5482 5572 5446 5358 5341 5333 5330 5330 5329 5327 5326 5331 5338 5350 5374 5401 5428 5453 5477 5497 5509 5513 5513 5484 5459 5442 5428 5432 5437 5443 5453 5464 5474 5482 5490 5498 5507 5517 5528 5536 5520 5507 5504 5505 5505 5505 5512 5527 5540 5548 5552 5551 5554 5553 5560 5548 5559 5601 5597 5561 5555 5557 5558
5325 5355 5379 5364 5346 5348 5361 5368 5367 5363 5368 5384 5398 5413 5427 5425 5414 5390 5374 5387 5422 5482 5568 5416 5350 5333 5323 5322 5322 5325 5321 5320 5324 5329 5340 5365 5392 5419 5446 5470 5491 5508 5529 5514 5486 5464 5448 5436 5437 5441 5447 5459 5469 5480 5487 5494 5501 5509 5516 5523 5524 5513 5504 5503 5506 5507 5508 5523 5542 5562 5576 5581 5579 5583 5592 5620 5571 5567 5580 5580 5558 5550 5556 5555
5322 5350 5369 5361 5346 5355 5373 5383 5377 5372 5365 5373 5389 5402 5410 5405 5394 5379 5367 5369 5410 5470 5564 5424 5344 5324 5317 5316 5316 5319 5317 5316 5318 5321 5333 5360 5389 5416 5440 5462 5484 5501 5522 5518 5492 5470 5453 5442 5440 5446 5456 5463 5474 5484 5491 5495 5500 5505 5510 5513 5516 5514 5503 5501 5502 5518 5518 5541 5572 5594 5607 5616 5629 5622 5666 5628 5589 5566 5554 5562 5560 5560 5549 5556
5326 5361 5379 5368 5348 5354 5365 5374 5384 5381 5372 5374 5384 5391 5395 5388 5383 5369 5355 5351 5395 5458 5525 5453 5338 5318 5313 5312 5312 5315 5317 5312 5313 5316 5336 5368 5399 5422 5443 5462 5483 5498 5512 5513 5499 5475 5456 5444 5441 5445 5454 5465 5477 5489 5492 5495 5498 5499 5499 5500 5498 5498 5498 5499 5503 5519 5531 5565 5615 5636 5647 5653 5652 5661 5663 5647 5623 5603 5595 5649 5672 5636 5572 5624
5337 5360 5377 5371 5355 5357 5360 5365 5380 5386 5389 5387 5386 5383 5376 5378 5374 5363 5351 5346 5382 5434 5480 5493 5341 5321 5311 5305 5308 5312 5308 5298 5299 5308 5345 5387 5419 5439 5453 5467 5480 5496 5504 5498 5490 5470 5453 5442 5440 5443 5451 5463 5476 5484 5493 5494 5493 5492 5490 5486 5480 5485 5495 5497 5507 5527 5575 5669 5684 5682 5682 5686 5707 5757 5744 5761 5740 5700 5662 5724 5786 5715 5623 5628
5355 5374 5383 5377 5369 5369 5366 5362 5372 5388 5407 5402 5392 5386 5379 5366 5365 5360 5357 5350 5370 5407 5439 5473 5454 5337 5316 5312 5314 5304 5301 5285 5292 5323 5387 5426 5444 5454 5462 5468 5481 5489 5496 5491 5479 5459 5446 5436 5433 5436 5445 5461 5477 5493 5497 5496 5494 5491 5484 5480 5476 5492 5492 5491 5502 5544 5619 5696 5717 5704 5686 5683 5711 5710 5698 5704 5718 5715 5689 5643 5686 5710 5643 5597
5377 5403 5406 5399 5403 5393 5379 5373 5381 5393 5407 5406 5393 5384 5376 5367 5359 5356 5355 5356 5362 5386 5412 5446 5486 5502 5372 5374 5362 5308 5302 5309 5326 5506 5504 5486 5479 5477 5474 5470 5473 5482 5484 5480 5475 5458 5444 5434 5430 5432 5442 5460 5478 5495 5499 5496 5492 5488 5484 5480 5475 5487 5489 5483 5488 5537 5596 5702 5723 5673 5635 5616 5620 5604 5575 5562 5532 5487 5508 5556 5602 5647 5633 5582
5399 5412 5418 5423 5418 5401 5382 5377 5383 5395 5393 5389 5384 5376 5367 5356 5355 5352 5352 5357 5358 5371 5395 5425 5472 5523 5572 5553 5478 5427 5424 5466 5511 5568 5556 5524 5506 5495 5486 5475 5477 5480 5474 5476 5480 5463 5448 5437 5428 5430 5442 5458 5475 5490 5498 5498 5496 5489 5485 5482 5485 5490 5509 5502 5487 5551 5616 5685 5662 5578 5514 5480 5460 5471 5372 5342 5320 5259 5284 5328 5400 5524 5567 5482
5393 5408 5407 5406 5394 5379 5367 5362 5369 5379 5375 5378 5374 5369 5366 5360 5356 5351 5354 5364 5355 5363 5385 5408 5445 5501 5575 5586 5560 5589 5588 5552 5551 5535 5539 5530 5518 5508 5499 5493 5494 5489 5477 5475 5480 5471 5456 5443 5430 5432 5443 5457 5473 5488 5495 5498 5499 5496 5495 5495 5500 5537 5584 5607 5538 5615 5659 5592 5503 5415 5349 5296 5239 5168 5101 5074 5057 4991 5017 5051 5101 5212 5255 5252
5390 5401 5394 5381 5366 5352 5345 5340 5345 5356 5361 5366 5364 5361 5367 5372 5363 5357 5366 5385 5380 5377 5391 5399 5424 5467 5514 5534 5539 5535 5527 5514 5507 5504 5519 5520 5517 5507 5502 5507 5510 5506 5488 5471 5474 5473 5466 5449 5436 5436 5445 5457 5470 5483 5493 5496 5499 5506 5512 5516 5524 5580 5661 5776 5695 5643 5564 5405 5286 5226 5161 5089 5018 4929 4879 4862 4864 4811 4811 4828 4858 4912 4960 4995
5382 5393 5388 5370 5352 5337 5330 5324 5329 5336 5344 5350 5354 5355 5364 5374 5369 5365 5380 5405 5409 5413 5414 5402 5412 5439 5466 5481 5491 5491 5483 5479 5483 5492 5501 5506 5508 5507 5506 5507 5506 5507 5489 5468 5463 5469 5472 5464 5449 5445 5448 5456 5465 5470 5478 5495 5512 5526 5539 5547 5585 5626 5715 5777 5644 5498 5347 5218 5120 5053 4984 4908 4838 4772 4704 4695 4702 4677 4663 4673 4678 4721 4756 4783
5366 5386 5386 5372 5352 5335 5327 5320 5323 5321 5325 5339 5349 5354 5361 5374 5375 5378 5396 5424 5432 5444 5443 5427 5415 5423 5435 5442 5453 5458 5464 5467 5479 5492 5501 5506 5507 5506 5505 5501 5493 5489 5476 5459 5457 5462 5469 5470 5456 5450 5450 5456 5461 5464 5468 5497 5529 5563 5586 5602 5593 5669 5705 5638 5451 5313 5189 5096 4999 4913 4834 4756 4675 4582 4538 4536 4553 4554 4543 4547 4541 4571 4605 4620
5357 5390 5414 5392 5366 5350 5336 5323 5317 5311 5314 5326 5336 5350 5358 5368 5375 5387 5405 5429 5435 5448 5443 5429 5419 5421 5424 5426 5436 5447 5460 5474 5495 5507 5508 5509 5508 5505 5503 5500 5497 5484 5466 5456 5453 5454 5452 5455 5456 5452 5451 5455 5460 5465 5468 5508 5553 5604 5656 5705 5767 5688 5608 5542 5302 5171 5076 4991 4870 4782 4701 4622 4544 4463 4422 4414 4423 4434 4432 4441 4437 4459 4481 4501
5352 5392 5427 5415 5387 5373 5356 5336 5316 5307 5307 5315 5323 5342 5349 5355 5367 5383 5399 5417 5420 5436 5439 5431 5434 5429 5427 5426 5435 5450 5484 5510 5514 5517 5516 5513 5510 5507 5502 5497 5492 5487 5473 5463 5458 5451 5447 5448 5456 5452 5455 5460 5467 5475 5488 5522 5575 5638 5709 5783 5773 5637 5533 5384 5141 5009 4914 4822 4737 4656 4576 4504 4434 4382 4352 4334 4329 4330 4339 4348 4348 4361 4375 4407
5347 5386 5415 5421 5405 5391 5373 5351 5323 5311 5308 5314 5319 5326 5331 5342 5353 5364 5385 5399 5402 5428 5438 5440 5441 5439 5440 5442 5450 5462 5488 5513 5532 5527 5520 5514 5509 5506 5502 5497 5489 5487 5480 5467 5460 5455 5451 5455 5460 5455 5460 5469 5477 5478 5487 5529 5591 5658 5722 5781 5675 5485 5315 5243 4982 4841 4733 4633 4571 4507 4452 4398 4348 4308 4281 4259 4240 4229 4246 4252 4258 4280 4291 4333
5347 5383 5409 5420 5411 5396 5379 5359 5333 5322 5320 5322 5319 5321 5326 5336 5345 5359 5383 5396 5407 5419 5432 5434 5440 5448 5455 5463 5476 5490 5500 5508 5518 5519 5515 5512 5510 5507 5504 5499 5492 5483 5474 5464 5459 5459 5463 5470 5473 5466 5471 5482 5492 5497 5500 5537 5600 5661 5705 5698 5514 5307 5101 4969 4808 4685 4587 4488 4412 4364 4345 4310 4271 4235 4209 4176 4148 4132 4136 4144 4151 4178 4204 4255
5355 5387 5418 5434 5416 5393 5373 5360 5345 5339 5346 5334 5325 5325 5331 5338 5346 5362 5395 5426 5423 5422 5424 5433 5448 5459 5469 5478 5489 5505 5507 5505 5505 5509 5509 5507 5506 5506 5505 5504 5504 5494 5482 5473 5468 5465 5471 5478 5482 5484 5491 5501 5511 5520 5522 5550 5613 5666 5689 5657 5417 5176 4945 4797 4676 4573 4493 4411 4352 4301 4267 4234 4200 4163 4132 4096 4073 4062 4061 4065 4074 4095 4112 4163
5353 5384 5420 5438 5416 5389 5369 5363 5358 5356 5349 5340 5334 5337 5344 5348 5353 5369 5402 5430 5426 5423 5421 5440 5460 5467 5478 5493 5511 5510 5508 5503 5502 5502 5502 5501 5501 5500 5501 5505 5510 5505 5496 5488 5481 5472 5478 5484 5490 5502 5511 5519 5531 5548 5560 5581 5632 5666 5680 5652 5373 5110 4863 4698 4598 4516 4437 4369 4313 4254 4201 4160 4127 4084 4043 4028 4020 4012 4010 4016 4026 4035 4048 4084
5330 5365 5400 5420 5405 5383 5369 5365 5362 5360 5347 5339 5340 5353 5361 5360 5364 5377 5399 5416 5421 5415 5418 5441 5457 5466 5479 5496 5515 5508 5508 5499 5498 5493 5492 5491 5493 5495 5497 5500 5504 5503 5504 5502 5487 5480 5484 5496 5504 5513 5523 5531 5551 5577 5613 5648 5652 5656 5653 5585 5323 5073 4841 4609 4536 4466 4393 4327 4264 4195 4130 4082 4039 4011 3983 3981 3985 3985 3986 3991 3997 4002 4012 4029
5307 5340 5376 5400 5392 5374 5360 5358 5360 5354 5346 5343 5348 5352 5359 5364 5374 5382 5390 5401 5405 5408 5418 5431 5442 5455 5468 5481 5488 5489 5494 5500 5488 5487 5486 5486 5487 5487 5489 5489 5492 5492 5498 5498 5489 5482 5488 5491 5503 5504 5508 5530 5561 5593 5629 5652 5644 5624 5601 5494 5238 5024 4807 4571 4490 4419 4343 4273 4197 4103 4061 4023 3990 3974 3963 3970 3973 3973 3976 3983 3989 3991 3995 4002
5291 5318 5350 5375 5375 5362 5348 5349 5363 5365 5355 5350 5355 5353 5353 5357 5366 5372 5376 5385 5396 5407 5409 5416 5427 5441 5452 5460 5463 5463 5467 5480 5483 5481 5480 5480 5479 5480 5479 5478 5478 5478 5485 5491 5490 5494 5499 5501 5504 5497 5491 5525 5563 5597 5622 5622 5608 5570 5520 5362 5158 4971 4775 4564 4467 4376 4287 4198 4114 4056 4018 3992 3973 3969 3973 3973 3975 3973 3973 3978 3985 3991 3988 3988
5285 5303 5328 5346 5353 5349 5339 5345 5363 5373 5364 5360 5353 5342 5342 5347 5353 5359 5363 5376 5391 5392 5398 5408 5421 5430 5439 5443 5442 5443 5448 5473 5476 5476 5476 5475 5474 5472 5470 5468 5467 5467 5472 5482 5494 5503 5509 5515 5514 5503 5500 5529 5564 5597 5614 5601 5571 5511 5431 5257 5084 4925 4741 4545 4435 4333 4237 4147 4074 4026 3995 3981 3973 3972 3977 3975 3975 3975 3972 3966 3975 3983 3980 3976
5286 5297 5312 5324 5334 5337 5336 5340 5354 5363 5358 5353 5351 5340 5338 5341 5342 5353 5362 5376 5389 5388 5393 5406 5413 5423 5430 5434 5433 5434 5445 5477 5475 5473 5472 5470 5468 5465 5462 5459 5458 5459 5465 5479 5494 5501 5506 5509 5508 5503 5507 5531 5568 5604 5618 5600 5557 5474 5357 5172 5032 4893 4712 4520 4389 4289 4197 4110 4044 4003 3981 3975 3973 3975 3976 3975 3973 3968 3963 3973 3977 3976 3977 3972
5288 5296 5305 5312 5320 5330 5335 5340 5346 5348 5345 5341 5342 5336 5337 5347 5354 5363 5371 5384 5394 5386 5388 5406 5412 5419 5427 5433 5436 5444 5466 5476 5477 5474 5470 5467 5464 5460 5457 5454 5453 5455 5460 5475 5492 5494 5490 5484 5485 5496 5501 5515 5569 5618 5649 5644 5593 5472 5329 5135 5001 4864 4683 4469 4348 4249 4156 4077 4011 3985 3973 3972 3971 3973 3973 3972 3974 3970 3975 3974 3973 3969 3964 3957
