real_craters/C163-750m.grd
DSAA
157 157
-58.59 58.59
-58.59 58.59
3857.8923762248 5876.4733643423
[rows 0 to 37 of 157, columns 0 to 83 of 157]
5245 5260 5275 5283 5276 5260 5244 5238 5240 5244 5250 5257 5260 5259 5256 5259 5264 5267 5271 5276 5275 5279 5281 5283 5288 5300 5315 5328 5330 5316 5310 5313 5317 5325 5333 5337 5335 5334 5331 5329 5329 5337 5342 5346 5350 5354 5358 5363 5368 5376 5381 5386 5390 5394 5397 5401 5403 5404 5402 5407 5415 5419 5425 5430 5436 5439 5447 5456 5463 5469 5472 5476 5474 5472 5470 5469 5470 5473 5477 5481 5487 5493 5495 5492
5238 5255 5272 5284 5276 5257 5239 5234 5237 5243 5249 5258 5261 5259 5259 5266 5275 5281 5290 5285 5277 5277 5276 5279 5282 5292 5302 5310 5316 5316 5313 5312 5314 5320 5328 5330 5328 5326 5328 5331 5333 5339 5343 5347 5352 5357 5362 5366 5370 5374 5381 5387 5390 5392 5395 5399 5403 5406 5408 5410 5412 5420 5425 5431 5436 5442 5449 5453 5455 5458 5461 5464 5467 5467 5468 5469 5471 5475 5479 5483 5482 5485 5485 5487
5239 5261 5286 5298 5280 5259 5239 5234 5237 5241 5246 5250 5254 5260 5267 5278 5288 5294 5298 5287 5277 5272 5275 5280 5285 5287 5291 5295 5304 5310 5311 5312 5310 5310 5314 5320 5319 5321 5326 5331 5337 5342 5346 5350 5354 5359 5364 5368 5371 5375 5380 5385 5387 5389 5394 5400 5404 5410 5412 5410 5417 5421 5426 5430 5435 5440 5451 5457 5458 5459 5460 5461 5465 5466 5467 5469 5472 5475 5479 5482 5483 5487 5492 5498
5241 5264 5293 5298 5284 5264 5246 5239 5239 5241 5243 5244 5249 5261 5278 5287 5297 5299 5289 5282 5276 5274 5287 5285 5282 5286 5289 5296 5304 5305 5305 5309 5309 5308 5310 5315 5318 5326 5334 5338 5341 5344 5347 5351 5356 5360 5367 5370 5376 5381 5382 5383 5386 5389 5392 5397 5401 5412 5428 5410 5416 5423 5427 5431 5436 5441 5445 5458 5464 5461 5467 5472 5467 5463 5467 5471 5474 5476 5478 5482 5489 5495 5502 5506
5236 5258 5279 5293 5291 5274 5254 5247 5243 5242 5241 5240 5243 5257 5276 5285 5294 5296 5288 5281 5277 5274 5283 5283 5284 5287 5291 5293 5297 5301 5301 5302 5305 5306 5311 5316 5322 5329 5338 5341 5343 5344 5348 5352 5356 5360 5365 5370 5378 5384 5385 5386 5388 5391 5395 5396 5400 5409 5414 5417 5420 5424 5428 5432 5436 5439 5444 5448 5456 5459 5460 5466 5467 5465 5470 5473 5475 5477 5478 5480 5494 5502 5508 5507
5236 5257 5276 5310 5308 5288 5271 5259 5252 5246 5241 5238 5239 5249 5261 5273 5279 5284 5289 5287 5274 5280 5278 5280 5283 5288 5294 5295 5292 5295 5301 5302 5305 5309 5315 5320 5325 5330 5337 5345 5347 5348 5351 5354 5357 5360 5364 5370 5376 5383 5387 5389 5390 5390 5393 5397 5402 5408 5414 5418 5421 5426 5429 5433 5436 5438 5439 5444 5448 5449 5453 5457 5469 5476 5476 5477 5477 5478 5479 5483 5489 5497 5503 5498
5248 5262 5281 5315 5314 5297 5282 5270 5260 5251 5245 5240 5240 5247 5252 5261 5266 5273 5279 5280 5274 5272 5276 5278 5283 5287 5291 5293 5294 5302 5309 5311 5314 5320 5322 5326 5331 5332 5336 5348 5354 5353 5353 5355 5358 5361 5366 5370 5372 5380 5385 5389 5388 5389 5394 5397 5401 5409 5414 5418 5423 5427 5430 5433 5436 5440 5445 5449 5450 5448 5447 5458 5475 5484 5482 5481 5480 5480 5480 5481 5485 5489 5492 5495
5256 5265 5278 5294 5305 5299 5287 5277 5267 5258 5249 5243 5239 5250 5256 5259 5267 5265 5266 5264 5267 5270 5274 5275 5281 5286 5289 5289 5301 5304 5309 5317 5319 5323 5325 5330 5330 5331 5333 5342 5351 5352 5354 5356 5358 5361 5364 5367 5373 5377 5381 5383 5384 5385 5388 5396 5406 5411 5417 5422 5424 5427 5431 5435 5439 5442 5443 5448 5450 5449 5448 5456 5475 5485 5485 5484 5482 5482 5481 5481 5481 5486 5488 5493
5257 5267 5277 5286 5303 5304 5297 5285 5273 5262 5252 5244 5238 5247 5254 5256 5260 5261 5260 5259 5265 5269 5271 5275 5281 5288 5293 5299 5309 5311 5314 5316 5319 5319 5326 5332 5334 5333 5338 5342 5346 5349 5352 5355 5358 5360 5361 5362 5364 5371 5375 5378 5378 5380 5383 5392 5403 5411 5419 5427 5428 5429 5433 5438 5442 5446 5447 5447 5449 5449 5452 5458 5472 5480 5482 5482 5482 5482 5482 5482 5484 5486 5490 5496
5259 5272 5286 5300 5315 5311 5303 5291 5278 5266 5254 5244 5237 5240 5248 5254 5262 5259 5258 5260 5265 5269 5266 5275 5284 5293 5300 5307 5317 5323 5315 5317 5320 5324 5328 5332 5336 5335 5337 5340 5346 5349 5354 5356 5358 5359 5360 5361 5364 5368 5370 5372 5373 5374 5380 5389 5399 5410 5419 5426 5430 5432 5436 5441 5445 5451 5456 5455 5454 5455 5457 5462 5465 5474 5477 5478 5479 5480 5481 5483 5485 5488 5492 5494
5259 5278 5300 5322 5333 5322 5310 5295 5281 5268 5256 5245 5238 5240 5247 5250 5254 5255 5254 5254 5257 5262 5265 5274 5288 5298 5304 5306 5311 5316 5317 5320 5321 5323 5326 5331 5335 5337 5340 5344 5349 5355 5358 5357 5357 5358 5360 5362 5365 5365 5368 5369 5370 5372 5378 5389 5400 5409 5419 5426 5430 5436 5439 5443 5449 5454 5458 5459 5458 5458 5459 5465 5468 5472 5474 5475 5476 5477 5479 5484 5491 5502 5499 5493
5267 5287 5310 5332 5339 5329 5314 5297 5282 5269 5257 5247 5239 5238 5244 5248 5248 5251 5250 5248 5254 5266 5272 5282 5295 5306 5311 5306 5308 5312 5320 5322 5320 5318 5320 5322 5324 5330 5339 5344 5348 5352 5355 5355 5356 5357 5359 5360 5360 5359 5359 5365 5370 5373 5380 5387 5399 5409 5419 5429 5434 5437 5442 5446 5451 5457 5461 5461 5458 5458 5460 5469 5472 5472 5472 5473 5475 5476 5477 5482 5495 5504 5501 5492
5278 5296 5312 5327 5332 5321 5308 5293 5280 5268 5258 5249 5242 5240 5242 5245 5248 5250 5251 5252 5264 5278 5286 5296 5300 5302 5304 5309 5311 5313 5318 5320 5318 5316 5316 5318 5320 5329 5337 5342 5344 5348 5350 5353 5355 5356 5356 5355 5356 5356 5357 5364 5372 5379 5385 5391 5400 5410 5420 5429 5434 5440 5444 5448 5453 5458 5461 5457 5457 5454 5459 5471 5471 5471 5472 5473 5474 5475 5475 5477 5491 5500 5498 5489
5279 5296 5305 5312 5311 5304 5296 5287 5277 5267 5258 5250 5243 5240 5241 5247 5251 5253 5255 5258 5268 5284 5295 5296 5296 5298 5300 5311 5317 5316 5315 5316 5316 5315 5315 5317 5318 5321 5333 5337 5340 5344 5350 5351 5354 5356 5356 5355 5354 5357 5360 5368 5376 5383 5389 5396 5404 5412 5421 5429 5435 5440 5444 5449 5453 5457 5462 5454 5452 5452 5456 5465 5466 5469 5471 5472 5473 5474 5475 5475 5480 5485 5488 5485
5273 5288 5296 5296 5289 5285 5284 5281 5275 5268 5260 5252 5243 5238 5241 5244 5250 5257 5264 5274 5283 5294 5306 5300 5293 5297 5300 5309 5311 5312 5318 5316 5315 5315 5315 5311 5318 5326 5333 5334 5338 5342 5345 5350 5353 5357 5359 5357 5355 5361 5368 5373 5379 5386 5392 5398 5406 5414 5421 5428 5434 5441 5445 5447 5450 5453 5455 5450 5453 5453 5452 5459 5463 5467 5471 5473 5474 5476 5477 5478 5477 5479 5484 5484
5272 5287 5291 5285 5276 5274 5277 5278 5276 5272 5265 5256 5249 5245 5246 5251 5256 5262 5271 5286 5294 5305 5311 5299 5290 5299 5309 5335 5329 5317 5313 5314 5314 5312 5311 5312 5318 5323 5333 5337 5339 5341 5343 5348 5353 5358 5362 5365 5356 5362 5369 5376 5382 5390 5394 5401 5409 5416 5422 5429 5437 5442 5445 5445 5446 5448 5450 5459 5463 5463 5464 5468 5467 5469 5473 5475 5477 5478 5480 5481 5481 5486 5487 5489
5276 5295 5295 5283 5269 5273 5278 5280 5279 5277 5271 5262 5252 5248 5252 5262 5263 5267 5271 5282 5299 5300 5301 5300 5299 5316 5337 5343 5350 5336 5320 5317 5316 5313 5308 5314 5316 5318 5328 5337 5340 5340 5342 5347 5353 5358 5362 5365 5360 5365 5372 5378 5383 5388 5394 5403 5413 5418 5422 5427 5433 5437 5440 5440 5442 5444 5451 5462 5468 5468 5470 5469 5470 5472 5474 5477 5479 5480 5482 5483 5484 5487 5489 5493
5281 5297 5295 5287 5278 5281 5284 5286 5287 5285 5282 5275 5262 5257 5257 5263 5268 5271 5275 5279 5289 5290 5287 5291 5304 5332 5338 5334 5338 5332 5325 5323 5321 5319 5320 5318 5317 5318 5326 5328 5329 5338 5345 5350 5354 5356 5357 5356 5359 5371 5376 5380 5386 5391 5395 5405 5415 5418 5422 5424 5425 5427 5428 5434 5439 5442 5446 5456 5468 5476 5476 5478 5476 5477 5479 5481 5483 5484 5484 5485 5487 5491 5493 5494
5283 5288 5289 5291 5296 5301 5296 5298 5299 5300 5299 5296 5289 5283 5275 5267 5271 5275 5279 5285 5291 5286 5281 5284 5299 5323 5327 5322 5322 5328 5332 5330 5326 5324 5322 5323 5325 5328 5331 5329 5329 5340 5349 5355 5357 5357 5356 5358 5364 5371 5376 5380 5385 5390 5396 5404 5411 5416 5419 5421 5424 5426 5426 5434 5440 5444 5450 5457 5466 5476 5479 5481 5479 5482 5484 5485 5487 5488 5491 5492 5491 5494 5498 5498
5289 5288 5287 5293 5296 5301 5307 5310 5311 5313 5317 5321 5326 5317 5302 5270 5272 5282 5288 5287 5286 5281 5283 5283 5298 5316 5312 5318 5322 5339 5345 5338 5331 5325 5321 5321 5328 5333 5337 5338 5343 5346 5351 5356 5358 5360 5359 5358 5362 5367 5375 5380 5383 5389 5394 5401 5406 5413 5416 5418 5420 5423 5433 5438 5443 5450 5462 5466 5473 5477 5480 5478 5484 5488 5489 5490 5491 5493 5492 5496 5499 5497 5499 5500
5304 5302 5303 5302 5302 5312 5319 5319 5321 5324 5330 5339 5348 5341 5327 5279 5280 5293 5309 5308 5293 5280 5278 5284 5300 5311 5304 5313 5323 5342 5348 5340 5331 5324 5316 5318 5324 5334 5339 5340 5346 5346 5348 5352 5357 5363 5369 5356 5357 5371 5374 5378 5385 5389 5395 5400 5407 5410 5413 5416 5419 5426 5433 5439 5444 5451 5466 5473 5479 5486 5484 5483 5493 5492 5494 5495 5496 5497 5499 5500 5502 5498 5497 5498
5316 5317 5322 5312 5310 5318 5324 5325 5328 5331 5335 5342 5350 5344 5331 5297 5296 5306 5315 5319 5307 5288 5283 5293 5306 5305 5302 5307 5321 5332 5338 5336 5330 5322 5318 5322 5326 5329 5331 5333 5337 5340 5342 5346 5353 5360 5366 5356 5355 5366 5371 5373 5374 5386 5394 5400 5405 5408 5412 5415 5419 5422 5431 5439 5443 5448 5462 5471 5477 5487 5487 5483 5486 5494 5497 5498 5498 5499 5501 5499 5497 5495 5496 5498
5313 5315 5315 5312 5310 5309 5319 5330 5335 5336 5335 5332 5329 5333 5326 5310 5312 5323 5330 5329 5321 5306 5296 5305 5319 5306 5303 5309 5324 5330 5334 5333 5328 5322 5321 5325 5325 5325 5325 5326 5328 5332 5336 5340 5348 5354 5353 5355 5359 5364 5367 5370 5373 5383 5392 5397 5400 5406 5411 5415 5419 5424 5430 5438 5446 5447 5459 5470 5476 5486 5489 5484 5494 5500 5501 5501 5500 5498 5496 5497 5496 5497 5498 5504
5307 5309 5308 5311 5311 5313 5327 5340 5345 5344 5338 5326 5319 5327 5327 5312 5326 5342 5350 5349 5336 5322 5310 5310 5311 5304 5307 5323 5330 5335 5335 5332 5327 5322 5320 5324 5326 5325 5325 5322 5321 5326 5335 5342 5348 5351 5355 5356 5357 5358 5364 5370 5378 5383 5391 5396 5402 5407 5412 5417 5421 5427 5437 5449 5462 5469 5473 5477 5481 5492 5493 5493 5504 5505 5504 5504 5503 5501 5499 5503 5506 5506 5505 5515
5302 5307 5311 5317 5323 5329 5345 5357 5360 5357 5351 5339 5332 5336 5334 5326 5336 5350 5360 5351 5342 5331 5323 5316 5307 5304 5312 5328 5341 5337 5337 5333 5328 5323 5320 5325 5330 5328 5328 5323 5325 5330 5336 5343 5346 5348 5350 5355 5359 5357 5362 5369 5376 5383 5390 5397 5402 5408 5414 5420 5425 5432 5443 5459 5478 5502 5491 5487 5491 5498 5503 5504 5505 5507 5508 5507 5506 5507 5508 5511 5514 5512 5510 5520
5300 5308 5316 5325 5335 5349 5366 5378 5378 5374 5370 5366 5362 5359 5352 5350 5351 5352 5357 5351 5349 5347 5340 5327 5319 5316 5317 5325 5338 5341 5341 5336 5330 5326 5327 5330 5329 5328 5331 5332 5333 5337 5340 5340 5341 5346 5351 5355 5360 5359 5365 5371 5378 5385 5392 5399 5405 5413 5417 5423 5430 5437 5447 5462 5482 5495 5494 5489 5493 5499 5503 5506 5511 5513 5510 5509 5510 5511 5512 5514 5515 5515 5517 5518
5297 5309 5320 5330 5344 5364 5386 5399 5397 5392 5389 5393 5390 5388 5382 5381 5370 5355 5356 5354 5356 5358 5351 5344 5334 5327 5326 5334 5347 5351 5347 5341 5334 5327 5324 5329 5332 5336 5338 5339 5342 5345 5346 5346 5348 5349 5351 5357 5361 5366 5371 5376 5383 5390 5397 5402 5408 5413 5421 5427 5434 5444 5458 5466 5476 5486 5487 5486 5495 5503 5504 5507 5505 5507 5510 5512 5514 5516 5516 5517 5514 5514 5515 5523
5303 5312 5320 5331 5350 5377 5400 5414 5411 5407 5403 5402 5404 5409 5412 5411 5386 5356 5350 5355 5363 5369 5361 5362 5360 5348 5344 5346 5356 5360 5354 5347 5340 5332 5328 5332 5334 5334 5338 5342 5347 5353 5354 5354 5355 5357 5359 5361 5364 5371 5377 5383 5389 5396 5402 5407 5411 5418 5423 5430 5437 5446 5461 5466 5468 5475 5479 5482 5491 5494 5499 5505 5504 5502 5510 5514 5516 5518 5517 5513 5514 5515 5515 5521
5300 5312 5321 5332 5353 5381 5408 5427 5423 5415 5408 5405 5405 5408 5407 5407 5387 5355 5344 5352 5367 5378 5370 5371 5365 5355 5355 5356 5364 5366 5360 5353 5345 5341 5339 5338 5339 5338 5337 5343 5347 5354 5357 5362 5366 5365 5363 5368 5377 5380 5383 5385 5391 5397 5403 5408 5413 5419 5425 5432 5439 5446 5454 5463 5465 5470 5475 5481 5489 5497 5500 5506 5507 5511 5517 5518 5518 5516 5516 5513 5515 5516 5516 5518
5299 5308 5323 5342 5360 5380 5409 5429 5427 5419 5412 5406 5397 5390 5384 5386 5375 5357 5344 5352 5369 5387 5385 5378 5371 5361 5363 5368 5373 5372 5365 5357 5349 5343 5342 5343 5345 5346 5346 5345 5346 5349 5356 5367 5377 5370 5368 5371 5375 5382 5387 5390 5395 5401 5406 5411 5416 5421 5428 5434 5441 5446 5452 5459 5461 5464 5472 5480 5491 5500 5504 5506 5512 5524 5524 5522 5521 5521 5518 5514 5510 5510 5514 5515
5278 5297 5319 5346 5371 5390 5411 5427 5425 5417 5405 5397 5387 5374 5370 5373 5368 5361 5350 5354 5363 5375 5381 5380 5374 5369 5374 5383 5383 5377 5369 5360 5350 5342 5343 5347 5350 5352 5353 5351 5348 5351 5358 5368 5376 5379 5374 5374 5378 5382 5387 5392 5397 5401 5407 5413 5418 5425 5432 5436 5442 5448 5457 5458 5457 5461 5470 5481 5494 5495 5499 5507 5516 5524 5526 5525 5522 5520 5520 5516 5508 5509 5506 5506
5271 5291 5313 5344 5382 5409 5422 5426 5422 5412 5398 5388 5384 5377 5378 5381 5382 5381 5366 5360 5356 5353 5363 5369 5372 5377 5387 5395 5388 5382 5373 5363 5355 5349 5350 5350 5350 5352 5352 5349 5348 5352 5358 5366 5373 5372 5371 5375 5378 5382 5388 5394 5397 5401 5407 5413 5418 5426 5432 5437 5441 5447 5454 5454 5453 5459 5470 5483 5496 5502 5504 5510 5518 5528 5532 5528 5523 5518 5519 5515 5508 5504 5506 5503
5280 5291 5311 5341 5387 5417 5427 5430 5423 5410 5398 5392 5397 5398 5404 5410 5413 5410 5382 5370 5360 5354 5359 5369 5379 5384 5386 5388 5393 5383 5375 5367 5360 5357 5361 5369 5360 5354 5353 5353 5354 5355 5359 5365 5370 5373 5374 5374 5377 5380 5386 5393 5395 5399 5404 5411 5418 5425 5431 5435 5439 5444 5447 5449 5446 5458 5469 5482 5500 5510 5515 5516 5521 5533 5535 5528 5524 5521 5518 5513 5507 5503 5507 5502
5297 5298 5314 5342 5376 5396 5413 5426 5423 5414 5406 5409 5421 5432 5438 5443 5450 5425 5398 5385 5378 5372 5370 5378 5383 5385 5377 5375 5379 5379 5377 5373 5367 5364 5371 5374 5369 5366 5359 5357 5357 5357 5359 5364 5368 5372 5373 5372 5374 5377 5381 5387 5388 5392 5401 5409 5417 5424 5430 5434 5437 5440 5443 5447 5454 5460 5472 5489 5504 5510 5515 5516 5519 5527 5526 5524 5518 5514 5511 5510 5503 5497 5498 5500
5300 5304 5316 5334 5352 5373 5392 5410 5417 5416 5415 5425 5443 5462 5460 5457 5456 5422 5412 5401 5396 5392 5387 5389 5388 5384 5374 5369 5370 5378 5383 5384 5382 5381 5391 5401 5402 5386 5370 5360 5356 5359 5361 5365 5365 5366 5374 5376 5378 5378 5375 5383 5386 5391 5399 5408 5415 5422 5427 5431 5434 5438 5440 5444 5451 5459 5472 5490 5501 5509 5513 5514 5514 5517 5520 5517 5514 5508 5502 5499 5499 5496 5500 5499
5292 5305 5316 5331 5346 5358 5373 5395 5407 5415 5429 5442 5457 5469 5462 5451 5434 5417 5418 5415 5409 5408 5408 5403 5409 5407 5382 5373 5374 5383 5393 5400 5404 5406 5411 5420 5425 5400 5377 5361 5364 5363 5365 5368 5374 5377 5383 5393 5389 5386 5385 5385 5385 5392 5400 5407 5414 5420 5426 5429 5433 5437 5442 5445 5449 5458 5469 5484 5497 5500 5508 5510 5510 5513 5512 5508 5505 5503 5500 5503 5503 5505 5504 5501
5278 5286 5309 5329 5348 5352 5362 5373 5387 5398 5421 5441 5461 5472 5464 5445 5423 5424 5426 5432 5429 5428 5428 5422 5428 5417 5393 5379 5382 5392 5405 5418 5431 5436 5432 5435 5430 5411 5388 5372 5369 5366 5364 5369 5380 5387 5390 5399 5396 5395 5394 5394 5393 5397 5402 5408 5413 5418 5421 5426 5432 5438 5443 5446 5451 5459 5469 5492 5500 5505 5506 5507 5506 5505 5503 5501 5498 5501 5505 5505 5506 5507 5508 5501
5273 5282 5294 5310 5320 5329 5338 5348 5355 5373 5392 5426 5461 5494 5474 5450 5435 5433 5440 5453 5449 5447 5447 5442 5438 5424 5408 5395 5395 5405 5417 5432 5450 5456 5452 5451 5446 5425 5399 5377 5367 5365 5365 5370 5377 5384 5390 5394 5398 5400 5399 5404 5404 5403 5406 5410 5415 5419 5423 5428 5433 5439 5444 5447 5454 5462 5472 5490 5501 5506 5507 5506 5501 5498 5500 5499 5497 5500 5504 5505 5504 5504 5506 5504
