real_craters/C163-750m.grd
DSAA
157 157
-58.59 58.59
-58.59 58.59
3857.8923762248 5876.4733643423
[rows 114 to 151 of 157, columns 0 to 83 of 157]
5346 5351 5352 5350 5347 5344 5339 5341 5343 5349 5348 5349 5350 5350 5351 5353 5360 5361 5360 5354 5355 5357 5360 5363 5365 5368 5374 5377 5379 5385 5387 5387 5388 5388 5389 5395 5404 5413 5419 5420 5424 5427 5434 5441 5445 5450 5455 5460 5463 5466 5468 5466 5468 5473 5481 5478 5480 5487 5491 5495 5494 5495 5499 5502 5505 5507 5507 5512 5518 5526 5534 5539 5545 5556 5563 5567 5567 5570 5574 5576 5579 5581 5584 5590
5337 5340 5340 5339 5341 5340 5341 5346 5348 5346 5348 5350 5354 5356 5356 5356 5361 5363 5359 5353 5355 5358 5362 5364 5367 5370 5376 5378 5379 5380 5382 5388 5388 5389 5390 5398 5413 5416 5419 5420 5422 5427 5431 5437 5443 5449 5454 5458 5462 5465 5462 5457 5460 5462 5470 5475 5479 5484 5490 5494 5496 5498 5502 5505 5508 5510 5514 5518 5526 5531 5533 5537 5541 5545 5555 5563 5568 5573 5579 5583 5584 5579 5590 5600
5327 5328 5329 5330 5332 5336 5338 5341 5344 5345 5347 5351 5354 5359 5361 5359 5362 5361 5361 5356 5357 5360 5364 5368 5368 5370 5372 5375 5377 5382 5389 5390 5391 5392 5393 5396 5410 5418 5419 5422 5425 5429 5434 5438 5443 5447 5451 5455 5457 5457 5453 5450 5456 5461 5469 5474 5476 5483 5493 5501 5502 5503 5506 5510 5513 5515 5516 5521 5527 5529 5528 5534 5540 5549 5554 5561 5569 5574 5577 5587 5595 5593 5602 5615
5319 5319 5323 5326 5328 5334 5336 5339 5346 5347 5345 5348 5354 5360 5363 5361 5361 5362 5363 5361 5361 5364 5366 5367 5368 5369 5371 5373 5375 5383 5391 5392 5393 5394 5396 5399 5408 5415 5419 5423 5428 5430 5435 5438 5442 5446 5449 5452 5452 5451 5449 5453 5460 5466 5476 5481 5484 5486 5496 5503 5505 5506 5510 5515 5521 5523 5519 5524 5521 5521 5526 5536 5546 5554 5561 5564 5569 5577 5581 5588 5597 5604 5610 5617
5313 5314 5320 5325 5329 5333 5338 5342 5347 5349 5351 5351 5354 5362 5365 5365 5364 5366 5369 5366 5366 5368 5370 5370 5370 5371 5372 5374 5376 5382 5388 5393 5396 5398 5399 5400 5408 5413 5415 5423 5428 5431 5432 5436 5440 5443 5446 5449 5450 5448 5448 5461 5468 5474 5484 5491 5499 5498 5504 5506 5505 5505 5510 5518 5529 5541 5544 5534 5524 5521 5529 5544 5557 5564 5565 5573 5579 5583 5586 5589 5596 5603 5606 5610
5310 5314 5318 5324 5325 5328 5336 5340 5343 5346 5349 5352 5355 5359 5364 5366 5367 5366 5371 5372 5372 5372 5374 5374 5371 5371 5373 5375 5377 5382 5388 5394 5398 5400 5402 5401 5406 5414 5424 5427 5430 5432 5433 5436 5439 5441 5443 5446 5447 5448 5454 5464 5472 5481 5487 5497 5505 5506 5509 5509 5505 5503 5508 5519 5532 5549 5554 5541 5532 5526 5533 5551 5567 5572 5572 5572 5577 5583 5586 5590 5595 5597 5597 5598
5306 5309 5316 5324 5325 5326 5333 5339 5341 5343 5345 5348 5352 5356 5360 5364 5366 5369 5373 5374 5373 5374 5377 5377 5374 5373 5376 5376 5379 5384 5391 5397 5401 5403 5407 5403 5406 5413 5419 5426 5429 5432 5434 5436 5438 5439 5439 5438 5440 5448 5459 5468 5473 5479 5487 5497 5508 5510 5514 5512 5507 5502 5507 5518 5529 5538 5542 5538 5534 5531 5539 5561 5573 5579 5575 5576 5576 5578 5583 5589 5591 5590 5589 5589
5306 5310 5315 5322 5326 5324 5328 5332 5337 5342 5346 5351 5352 5353 5359 5365 5368 5371 5371 5372 5372 5374 5376 5377 5376 5376 5377 5378 5380 5386 5397 5404 5405 5405 5406 5413 5412 5411 5415 5421 5427 5431 5433 5436 5438 5439 5439 5438 5441 5447 5457 5468 5472 5481 5488 5494 5501 5511 5514 5513 5510 5508 5511 5520 5526 5528 5529 5528 5525 5531 5543 5563 5572 5570 5572 5578 5577 5576 5580 5585 5580 5581 5582 5582
5300 5305 5312 5320 5322 5325 5327 5329 5337 5343 5348 5351 5351 5354 5358 5365 5368 5372 5369 5372 5372 5374 5376 5378 5380 5380 5380 5381 5383 5390 5403 5410 5409 5406 5407 5413 5420 5421 5418 5423 5429 5432 5434 5437 5439 5440 5441 5442 5442 5448 5451 5460 5468 5477 5483 5490 5495 5506 5511 5514 5515 5516 5520 5527 5529 5527 5527 5525 5526 5533 5546 5561 5563 5559 5566 5577 5579 5577 5578 5581 5579 5578 5582 5581
5299 5304 5310 5318 5318 5321 5325 5326 5336 5343 5350 5353 5357 5361 5359 5359 5360 5365 5368 5372 5375 5376 5376 5378 5381 5383 5384 5384 5388 5396 5407 5416 5411 5406 5406 5416 5421 5425 5427 5433 5433 5435 5438 5440 5443 5444 5445 5448 5453 5453 5455 5460 5467 5479 5484 5489 5495 5501 5508 5514 5520 5528 5536 5536 5538 5538 5534 5530 5533 5541 5551 5553 5556 5561 5563 5573 5574 5568 5574 5579 5577 5577 5582 5586
5304 5307 5311 5315 5316 5320 5319 5323 5333 5342 5351 5357 5362 5364 5360 5359 5358 5365 5368 5373 5377 5376 5381 5378 5376 5380 5384 5386 5389 5393 5405 5414 5410 5406 5408 5415 5418 5424 5425 5430 5434 5437 5440 5442 5445 5447 5450 5454 5458 5458 5458 5458 5463 5475 5481 5487 5491 5501 5507 5514 5522 5532 5541 5542 5543 5548 5541 5538 5539 5549 5559 5557 5560 5564 5562 5567 5569 5566 5571 5577 5578 5578 5584 5591
5305 5307 5309 5314 5314 5310 5314 5324 5332 5341 5348 5351 5356 5359 5357 5357 5360 5367 5373 5373 5373 5374 5380 5378 5377 5385 5389 5390 5388 5387 5397 5406 5406 5405 5408 5414 5420 5427 5431 5427 5434 5441 5443 5445 5447 5450 5453 5457 5459 5463 5464 5465 5465 5472 5478 5487 5492 5501 5505 5512 5520 5529 5538 5540 5541 5543 5542 5543 5545 5554 5565 5570 5569 5566 5561 5562 5565 5565 5566 5571 5578 5584 5596 5606
5303 5305 5306 5311 5316 5321 5313 5321 5337 5347 5350 5351 5350 5357 5360 5361 5365 5377 5376 5377 5379 5378 5381 5384 5389 5397 5399 5396 5393 5391 5397 5402 5403 5404 5411 5420 5423 5430 5438 5436 5438 5442 5445 5446 5449 5452 5455 5459 5463 5467 5471 5475 5475 5476 5481 5490 5494 5498 5500 5508 5516 5524 5530 5534 5536 5537 5543 5543 5550 5558 5569 5572 5571 5569 5563 5559 5558 5560 5561 5565 5578 5595 5612 5616
5300 5303 5304 5310 5317 5325 5326 5334 5345 5353 5360 5362 5356 5362 5367 5370 5378 5389 5383 5382 5385 5388 5391 5391 5397 5406 5406 5403 5401 5402 5401 5398 5399 5403 5415 5426 5428 5428 5432 5438 5439 5443 5444 5446 5449 5452 5455 5459 5464 5469 5476 5483 5485 5483 5487 5499 5500 5490 5496 5505 5512 5517 5523 5528 5535 5543 5548 5557 5559 5564 5563 5563 5563 5565 5563 5556 5557 5555 5556 5563 5580 5604 5626 5607
5301 5303 5305 5309 5314 5319 5329 5345 5351 5354 5358 5364 5368 5368 5370 5378 5387 5391 5388 5387 5390 5393 5394 5395 5401 5408 5408 5406 5405 5403 5399 5397 5397 5403 5415 5426 5425 5421 5423 5430 5434 5439 5442 5445 5449 5452 5455 5459 5463 5467 5476 5485 5489 5489 5496 5509 5505 5498 5501 5506 5511 5512 5513 5518 5528 5538 5546 5556 5555 5556 5552 5554 5559 5566 5564 5559 5557 5555 5554 5558 5579 5615 5629 5591
5302 5304 5305 5308 5312 5316 5324 5336 5343 5343 5342 5352 5360 5364 5367 5373 5382 5388 5385 5383 5386 5389 5389 5390 5396 5404 5407 5408 5408 5405 5402 5399 5398 5403 5411 5420 5420 5414 5420 5424 5430 5436 5442 5445 5449 5452 5456 5460 5464 5469 5474 5480 5485 5487 5497 5506 5503 5499 5510 5513 5513 5512 5509 5514 5526 5535 5538 5537 5543 5544 5549 5549 5554 5556 5559 5558 5555 5552 5551 5553 5574 5608 5653 5599
5306 5307 5306 5309 5313 5317 5320 5326 5328 5327 5332 5342 5351 5355 5361 5367 5376 5380 5377 5375 5379 5380 5383 5387 5394 5402 5406 5409 5412 5415 5414 5401 5395 5402 5407 5415 5416 5414 5423 5433 5437 5440 5443 5446 5449 5452 5456 5460 5465 5471 5472 5472 5475 5482 5490 5494 5500 5507 5517 5520 5519 5516 5513 5516 5530 5536 5539 5539 5543 5545 5549 5543 5544 5552 5554 5551 5548 5546 5547 5550 5566 5592 5628 5623
5318 5310 5309 5310 5312 5313 5314 5320 5321 5320 5327 5335 5342 5350 5359 5370 5378 5376 5371 5370 5376 5381 5383 5388 5392 5398 5405 5410 5414 5418 5417 5404 5396 5399 5404 5412 5416 5419 5428 5437 5443 5442 5443 5447 5450 5453 5455 5459 5463 5465 5469 5472 5477 5485 5489 5494 5501 5514 5528 5528 5525 5524 5523 5525 5532 5537 5542 5543 5544 5543 5542 5544 5546 5551 5549 5545 5544 5546 5550 5551 5562 5579 5600 5613
5312 5309 5308 5311 5312 5312 5312 5315 5321 5326 5330 5332 5333 5350 5366 5375 5378 5376 5371 5374 5378 5383 5386 5390 5393 5398 5404 5410 5415 5418 5416 5407 5399 5406 5414 5420 5423 5427 5430 5431 5431 5438 5442 5445 5448 5451 5453 5456 5459 5462 5467 5474 5482 5485 5491 5494 5503 5515 5534 5531 5529 5529 5534 5540 5538 5539 5542 5546 5547 5544 5543 5541 5544 5543 5541 5540 5540 5546 5550 5553 5562 5577 5589 5597
5306 5305 5305 5310 5312 5313 5314 5317 5323 5331 5331 5332 5340 5351 5362 5378 5390 5386 5381 5377 5380 5387 5391 5394 5394 5398 5405 5411 5416 5419 5419 5412 5404 5415 5426 5429 5430 5431 5434 5436 5437 5441 5443 5445 5447 5449 5452 5454 5456 5459 5467 5480 5499 5501 5497 5497 5503 5512 5522 5525 5527 5530 5536 5543 5541 5538 5538 5540 5543 5542 5540 5533 5533 5532 5529 5533 5538 5544 5551 5556 5562 5574 5583 5590
5304 5303 5305 5310 5313 5316 5318 5321 5325 5327 5328 5334 5338 5350 5364 5378 5390 5390 5383 5383 5386 5393 5398 5401 5402 5403 5408 5412 5417 5420 5422 5417 5413 5419 5427 5434 5433 5433 5436 5441 5443 5444 5445 5446 5448 5449 5451 5453 5455 5458 5467 5487 5503 5504 5497 5495 5497 5503 5506 5515 5521 5526 5530 5534 5532 5531 5530 5530 5535 5532 5530 5523 5522 5525 5523 5531 5533 5541 5549 5557 5564 5573 5578 5586
5305 5304 5308 5312 5314 5317 5319 5323 5326 5330 5329 5333 5341 5352 5365 5375 5389 5392 5391 5392 5394 5399 5403 5406 5404 5407 5411 5414 5417 5420 5421 5420 5417 5419 5424 5430 5431 5432 5435 5440 5443 5445 5446 5446 5448 5449 5451 5453 5456 5461 5468 5479 5494 5495 5493 5491 5494 5501 5506 5512 5516 5518 5520 5518 5519 5522 5524 5520 5519 5523 5523 5522 5521 5521 5522 5526 5530 5539 5552 5559 5565 5568 5572 5579
5307 5309 5313 5314 5315 5315 5317 5321 5324 5329 5333 5337 5345 5356 5371 5377 5389 5396 5400 5400 5401 5402 5402 5407 5409 5412 5415 5417 5419 5421 5425 5425 5422 5418 5418 5424 5426 5428 5432 5438 5442 5446 5448 5449 5450 5452 5452 5454 5457 5462 5467 5477 5480 5484 5484 5487 5496 5502 5507 5510 5511 5512 5511 5509 5510 5513 5514 5512 5512 5515 5519 5520 5519 5519 5521 5523 5526 5534 5550 5555 5560 5564 5570 5577
5311 5311 5314 5316 5318 5321 5323 5322 5325 5327 5335 5342 5350 5358 5368 5379 5392 5401 5405 5404 5401 5402 5405 5411 5419 5418 5418 5419 5420 5420 5421 5419 5420 5419 5416 5419 5425 5429 5435 5438 5444 5445 5447 5448 5450 5452 5454 5456 5459 5462 5466 5468 5468 5469 5474 5483 5497 5501 5503 5505 5506 5506 5506 5505 5504 5505 5504 5504 5506 5508 5513 5517 5520 5520 5520 5522 5526 5532 5541 5549 5557 5565 5569 5575
5316 5312 5315 5317 5318 5320 5326 5326 5341 5331 5340 5350 5356 5360 5369 5384 5398 5405 5411 5410 5402 5403 5407 5415 5422 5420 5419 5419 5420 5420 5419 5418 5423 5423 5418 5418 5426 5433 5435 5437 5441 5445 5446 5448 5451 5453 5455 5456 5458 5460 5460 5463 5463 5465 5471 5482 5492 5496 5499 5501 5502 5502 5502 5501 5501 5499 5495 5496 5501 5507 5512 5516 5522 5526 5528 5527 5527 5528 5532 5542 5554 5565 5569 5573
5320 5317 5317 5317 5317 5318 5321 5323 5333 5335 5347 5357 5365 5372 5377 5387 5397 5406 5413 5413 5404 5403 5408 5418 5416 5418 5419 5419 5419 5420 5420 5420 5421 5414 5415 5417 5424 5430 5432 5436 5442 5441 5446 5449 5452 5454 5456 5457 5457 5457 5456 5458 5462 5467 5473 5481 5485 5489 5493 5496 5499 5500 5499 5496 5494 5495 5492 5489 5493 5503 5507 5512 5519 5527 5533 5532 5527 5526 5524 5537 5554 5566 5567 5567
5323 5316 5319 5321 5321 5320 5327 5325 5331 5338 5348 5362 5369 5374 5378 5389 5397 5403 5409 5410 5404 5403 5406 5411 5414 5417 5417 5418 5419 5419 5420 5421 5419 5417 5419 5423 5433 5434 5435 5437 5441 5442 5447 5451 5454 5456 5458 5459 5460 5459 5457 5459 5464 5467 5470 5478 5482 5484 5489 5494 5497 5498 5499 5496 5494 5492 5488 5484 5485 5491 5499 5502 5512 5519 5529 5529 5525 5524 5522 5535 5553 5562 5565 5567
5330 5324 5326 5328 5329 5328 5330 5334 5337 5344 5355 5366 5370 5373 5382 5389 5394 5400 5404 5403 5407 5405 5407 5409 5414 5417 5419 5420 5420 5421 5421 5424 5424 5426 5427 5430 5434 5437 5437 5437 5445 5450 5452 5454 5456 5458 5460 5462 5463 5464 5461 5461 5466 5469 5472 5476 5478 5481 5486 5490 5493 5496 5498 5498 5492 5488 5488 5487 5481 5484 5491 5499 5505 5514 5521 5523 5523 5524 5524 5533 5549 5558 5564 5568
5340 5338 5337 5338 5338 5338 5340 5345 5352 5356 5363 5368 5372 5375 5384 5395 5399 5401 5404 5406 5405 5406 5409 5412 5415 5417 5419 5420 5420 5422 5422 5419 5423 5423 5431 5434 5436 5437 5438 5440 5450 5457 5457 5457 5457 5459 5462 5465 5468 5470 5472 5464 5467 5471 5475 5478 5477 5480 5483 5486 5488 5490 5492 5492 5484 5484 5489 5494 5485 5481 5485 5496 5502 5508 5513 5517 5522 5521 5524 5531 5542 5553 5560 5567
5344 5345 5345 5346 5348 5347 5350 5355 5360 5365 5370 5370 5374 5378 5384 5394 5398 5401 5405 5408 5406 5406 5408 5413 5417 5418 5420 5421 5422 5423 5423 5424 5424 5424 5429 5436 5439 5440 5441 5444 5451 5458 5458 5457 5458 5460 5463 5466 5470 5474 5472 5465 5467 5471 5474 5479 5480 5481 5481 5482 5482 5482 5482 5478 5474 5475 5486 5492 5486 5488 5491 5493 5501 5504 5507 5514 5519 5520 5524 5529 5538 5548 5555 5560
5342 5345 5348 5350 5353 5355 5358 5361 5365 5369 5375 5374 5378 5383 5389 5409 5405 5404 5408 5412 5414 5408 5409 5414 5418 5421 5423 5424 5424 5425 5426 5429 5429 5434 5436 5440 5443 5442 5440 5441 5449 5454 5454 5455 5457 5460 5463 5466 5470 5474 5475 5468 5468 5470 5473 5476 5478 5478 5477 5475 5474 5476 5476 5474 5470 5473 5487 5494 5493 5495 5496 5500 5505 5510 5510 5513 5517 5516 5521 5528 5537 5545 5551 5555
5338 5346 5348 5351 5355 5360 5363 5365 5367 5371 5378 5378 5381 5388 5399 5419 5411 5407 5410 5418 5420 5413 5410 5418 5423 5426 5428 5429 5428 5428 5428 5428 5428 5437 5435 5441 5444 5443 5442 5443 5447 5449 5449 5453 5456 5459 5462 5465 5468 5469 5470 5466 5467 5470 5474 5471 5476 5476 5474 5470 5468 5471 5474 5474 5475 5483 5492 5496 5495 5497 5500 5505 5513 5519 5520 5518 5517 5519 5520 5528 5536 5544 5550 5554
5329 5336 5343 5350 5357 5363 5365 5369 5373 5377 5374 5376 5379 5391 5401 5408 5405 5401 5407 5415 5419 5414 5412 5421 5428 5432 5432 5431 5431 5430 5429 5425 5421 5439 5437 5440 5442 5441 5441 5444 5446 5448 5448 5452 5456 5458 5461 5463 5463 5463 5462 5463 5466 5471 5478 5472 5474 5474 5473 5472 5470 5469 5469 5472 5478 5487 5494 5496 5497 5495 5493 5508 5517 5519 5517 5521 5522 5519 5520 5526 5537 5544 5551 5558
5320 5327 5336 5345 5354 5359 5365 5370 5374 5372 5379 5378 5379 5387 5392 5401 5401 5397 5404 5409 5413 5416 5420 5431 5438 5436 5436 5435 5434 5434 5433 5428 5426 5437 5436 5440 5441 5440 5436 5438 5444 5448 5452 5453 5455 5457 5460 5461 5462 5459 5458 5461 5466 5471 5476 5473 5471 5471 5474 5477 5479 5472 5465 5472 5479 5490 5496 5498 5499 5499 5501 5509 5516 5522 5523 5525 5525 5521 5521 5524 5535 5545 5552 5557
5312 5320 5329 5338 5353 5360 5365 5368 5372 5374 5378 5382 5386 5384 5384 5390 5394 5400 5403 5413 5419 5429 5432 5438 5440 5439 5437 5437 5436 5436 5438 5438 5435 5437 5440 5445 5444 5443 5440 5440 5445 5451 5453 5454 5455 5457 5460 5462 5464 5465 5465 5465 5469 5475 5478 5468 5468 5473 5476 5479 5483 5477 5472 5479 5487 5497 5499 5500 5506 5507 5511 5519 5519 5525 5530 5532 5532 5528 5526 5528 5537 5546 5554 5560
5309 5317 5325 5336 5356 5363 5365 5367 5369 5374 5378 5377 5379 5387 5390 5386 5389 5395 5399 5401 5412 5421 5423 5432 5437 5439 5438 5438 5437 5437 5438 5438 5432 5439 5448 5450 5448 5447 5447 5446 5447 5451 5453 5453 5455 5458 5461 5465 5468 5469 5470 5468 5472 5478 5483 5468 5468 5472 5475 5478 5479 5480 5482 5487 5496 5501 5504 5510 5511 5515 5516 5518 5521 5527 5536 5538 5535 5535 5531 5533 5539 5548 5558 5569
5310 5316 5324 5334 5348 5359 5361 5363 5363 5364 5372 5375 5383 5391 5390 5382 5385 5393 5397 5402 5411 5417 5423 5431 5436 5439 5440 5439 5438 5437 5437 5439 5443 5445 5453 5454 5452 5450 5450 5446 5446 5452 5453 5451 5455 5459 5463 5468 5473 5479 5475 5472 5475 5482 5491 5477 5472 5472 5474 5477 5479 5483 5487 5489 5494 5501 5511 5518 5522 5518 5521 5517 5520 5527 5534 5540 5544 5539 5539 5541 5541 5549 5559 5570
5310 5316 5323 5329 5340 5351 5354 5354 5356 5359 5365 5371 5381 5390 5392 5386 5389 5395 5400 5405 5414 5422 5430 5436 5442 5443 5442 5440 5439 5438 5439 5443 5447 5446 5455 5459 5453 5448 5446 5446 5448 5449 5449 5450 5454 5460 5466 5471 5476 5479 5476 5473 5476 5483 5487 5481 5476 5476 5476 5478 5481 5482 5483 5487 5491 5499 5512 5516 5517 5514 5515 5517 5522 5524 5530 5536 5541 5541 5541 5546 5546 5550 5557 5562
