real_craters/C163-1000m.grd
DSAA
68 68
-33.48 33.48
-33.48 33.48
4044.791202094 6261.3296818225
[rows 0 to 29 of 68, columns 0 to 66 of 68]
5577.69 5573.96 5543.13 5529.15 5527.48 5521.08 5519.13 5523.17 5529.47 5566.05 5604.26 5627.02 5606.91 5592.58 5606.38 5609.57 5602.4 5616.89 5643.8 5683.94 5734.31 5708.15 5702.06 5699.64 5676.18 5646.53 5633.34 5614.18 5602.75 5584 5585.16 5651.87 5630.99 5627.29 5687.56 5734.01 5761.94 5784.06 5765.2 5757.28 5784.64 5794.07 5785.46 5793.66 5763.4 5777.6 5786.52 5789.46 5799.81 5802.72 5841.3 5876 5861.41 5849.97 5831.97 5892.96 6011.99 6012.13 5917.61 5948.84 5927.84 5861.99 5814.84 5827.01 5943.93 6046.5 6095.78
5551.19 5545.83 5540.79 5537.8 5545.56 5548.04 5532.17 5525.34 5532.91 5562.78 5602.13 5621.4 5614.12 5598.95 5615.77 5618.66 5618.42 5629.09 5655.85 5641.62 5678.66 5677.37 5656.65 5645.05 5626.74 5627.36 5596.81 5588.36 5592.57 5572.75 5571.04 5589.45 5617.49 5648.07 5685.08 5721.83 5794.48 5808.33 5754.92 5744.59 5784.51 5785.32 5753.81 5735.9 5723.23 5759.29 5758.09 5739.96 5735.69 5753.88 5777.47 5832.09 5893.37 5844.68 5809.77 5823.31 5854.3 5883.71 5935.09 5918.87 5948.66 5953.6 5838.8 5833.38 5870.97 5922.89 5947.02
5529.44 5534.6 5538.66 5542.09 5540.88 5541.14 5538.34 5533.51 5536.35 5566.03 5590.94 5615.2 5619.89 5612.06 5610.82 5630.13 5629.35 5631.57 5640.42 5651.08 5651.16 5649.71 5655.88 5652.97 5649.19 5617.58 5584.16 5568.79 5581.38 5612.83 5578.33 5563.44 5606.84 5646.65 5704.62 5778.95 5799.41 5810.67 5728.27 5710.81 5745.26 5743.2 5714.38 5681.68 5697.5 5770.09 5762.29 5750.04 5731.84 5745.31 5759.6 5821.81 5900.13 5917.42 5903.01 5847.84 5867.21 5903.4 5887.27 5865.65 5896.86 5864.27 5868.89 5809.93 5794.41 5788.46 5792.03
5515.14 5525.1 5539.92 5541.44 5542.82 5543.99 5546.57 5551.66 5565.28 5585.9 5606.12 5628.2 5650.7 5641.37 5662.6 5658.74 5657.36 5663.11 5672.2 5660.01 5646.68 5647.02 5663.11 5694.32 5663.74 5601.19 5553.02 5538.65 5563.67 5573.02 5544.72 5529.58 5690.61 5680.63 5700.69 5700.61 5726.59 5708.97 5671.53 5671.31 5707.06 5697 5674.15 5646.34 5675.77 5756.29 5759.77 5748.9 5732.41 5762.64 5823.44 5839.62 5871.58 5936.7 5931.9 5907.19 5955.84 5844.24 5764.6 5750.7 5797.76 5834.86 5909.07 5785.31 5742.95 5696.29 5651.01
5514.13 5519.02 5528.32 5548.17 5550.78 5552.19 5555.85 5557.7 5574.68 5608.02 5638.82 5646.17 5654.49 5665.93 5677.25 5689.43 5693.1 5693.02 5729.53 5717.94 5691.33 5654.44 5678.64 5708.08 5676.8 5605.62 5553.94 5553.78 5578.79 5551.55 5554.9 5548.51 5645.18 5703.7 5709.6 5695.92 5673.45 5636.16 5653.59 5673.48 5693.9 5680.04 5634.92 5620.75 5637.55 5712.65 5737.18 5739.67 5749.48 5782.65 5815.47 5843.46 5852.41 5863.2 5875.24 5884.72 5861.76 5784.53 5780.66 5791.25 5762.96 5832.93 5825.57 5781.16 5730.33 5684.33 5665.92
5521.49 5515.52 5534.68 5559.38 5561.36 5560.32 5570.29 5585.82 5602.92 5629.95 5660.83 5671.16 5699.56 5706.34 5705.66 5726.28 5761.23 5781.05 5794.35 5789.24 5723.53 5676.77 5710.9 5732.47 5710.94 5687.05 5641.22 5540.93 5602.69 5646.66 5585.1 5665.44 5750.12 5756.5 5739.2 5735.2 5688.48 5623.55 5657 5655.43 5687.8 5719.97 5621.74 5612.65 5623.46 5675.45 5717.32 5739.3 5757.07 5800.14 5822.44 5816.38 5804.59 5809.79 5823.09 5814.58 5818.52 5787.49 5776.95 5756.31 5702.47 5735.79 5713.09 5741.54 5722.72 5691.11 5668.83
5522.05 5512.49 5529.45 5571.41 5545.56 5559.17 5577.97 5611.88 5625.56 5638.89 5655.77 5672.66 5683.56 5700.94 5714.74 5755.13 5841.1 5943.46 5904.34 5842.67 5772.92 5726.8 5725.76 5714.88 5718.99 5719.67 5714.41 5692.73 5684.4 5676.86 5685.11 5718.53 5745.89 5773.9 5773.53 5784.32 5732.34 5612.83 5690.58 5703.28 5694.38 5683.29 5637.17 5623.18 5623.83 5657.52 5710.3 5742.89 5762.31 5799.18 5811.13 5770.75 5747.07 5744.7 5750.77 5768.85 5777.65 5774.48 5759.12 5726.27 5643.49 5656.66 5675.8 5683.75 5694.6 5686.31 5677.65
5518.44 5520.94 5545.43 5559.68 5554.19 5558.35 5571.52 5583.69 5609.05 5631.32 5654.54 5671.49 5681.42 5689.83 5693.49 5745.22 5858.88 5985.4 5961.28 5866.49 5798.15 5760.88 5739.53 5710.67 5724.39 5719.62 5713.46 5714.21 5701.8 5709.34 5720.76 5724.51 5779.78 5793.47 5804.72 5812.7 5797.55 5729.43 5720.47 5690.9 5675.89 5668.66 5646.21 5646.44 5657.27 5683.42 5716.07 5732.44 5748.11 5764.29 5757.49 5719.53 5708.68 5716.28 5705.81 5722.88 5754.6 5738.53 5706.33 5645.45 5600.31 5616.38 5669.82 5688.01 5674.94 5682.39 5691.27
5534.36 5540.36 5558.67 5554.29 5550.13 5559.48 5568.34 5578.81 5595.99 5615.59 5641.39 5678.36 5710.91 5682.82 5682 5720.87 5816.42 5891.96 5888.97 5857.78 5832.42 5812.93 5774.95 5744.81 5778.96 5773.37 5708.33 5735.98 5729.51 5750.39 5775.69 5763.64 5781.81 5826.18 5831.58 5838.66 5820.31 5759.18 5684.64 5666.86 5658.46 5668.15 5702.21 5725.36 5717.82 5721.41 5727.89 5731.1 5759.79 5752.43 5751.27 5734.91 5723.62 5709.74 5692.69 5714.92 5726.41 5675.57 5640.51 5601.14 5598.42 5611.03 5657.56 5667.81 5655.97 5669.52 5691.6
5523.96 5532.08 5556.29 5584.37 5569.17 5567.77 5569.3 5577.25 5591.33 5608.46 5635.93 5676.14 5707.44 5692.11 5698.18 5728.08 5780.04 5813.31 5825.51 5822.81 5836.26 5842.31 5834.85 5863.89 5873.27 5772.07 5746.29 5757.14 5763.38 5754.54 5780.59 5839.92 5871.89 5884 5863.09 5847.24 5835.88 5735.27 5687.92 5709.53 5721.02 5725.6 5738.05 5720.37 5729.06 5733.34 5714.24 5690.74 5708.11 5723.8 5737.55 5741.6 5722.09 5693.98 5664.71 5659.17 5715.49 5634.77 5585.9 5599.11 5576.53 5577.81 5630.43 5641.04 5636.53 5644.8 5657.42
5532.14 5521.63 5536.62 5581.11 5588.13 5575.83 5569.52 5572 5594.07 5612.98 5639.5 5674.42 5692.97 5690.43 5716.42 5758.77 5769.14 5783.97 5788.99 5777.59 5774.52 5828.57 5899.6 5969.82 5973.41 5836.97 5756.71 5756.92 5717.48 5731.56 5745.17 5787.94 5831.3 5879.31 5878.15 5862.45 5823.08 5790.09 5789.19 5820.89 5807.16 5776.11 5748.51 5720.45 5726.39 5743.13 5694.69 5689.82 5698.95 5708.99 5719.41 5723.1 5705.21 5672.83 5637.89 5607.58 5641.22 5620.34 5574.08 5566.04 5555.66 5567.87 5594.05 5597.56 5620.8 5624.46 5606.86
5554.7 5548.1 5560.6 5591.61 5591.46 5583.03 5576.54 5585.2 5606.36 5626.86 5649.54 5676.39 5701.55 5700.79 5713.18 5732.02 5749.07 5769.75 5769.95 5752.16 5727.22 5846.17 5944.45 5982.67 6018.73 5951.15 5868.44 5826.05 5767.89 5777.65 5824.14 5800 5851.75 5891.69 5901.93 5897.66 5880.17 5830.14 5801.17 5874.4 5836.3 5791.58 5743.66 5701.79 5693.55 5710.09 5700.44 5684.11 5702.08 5663.57 5695.35 5707.49 5696.8 5677.1 5651.48 5622.72 5593.76 5569.78 5571.81 5554.24 5550.32 5563.25 5589.78 5626.37 5648.25 5607.01 5568.36
5560.36 5569.61 5576.18 5565.69 5579.27 5587.07 5578.76 5581.97 5621.39 5631.66 5656.83 5682.22 5691.4 5695.98 5701.44 5706.78 5723.8 5735.92 5748.18 5768.53 5796.27 5850.11 5873.82 5910.32 5950.77 6013.05 5970.53 5920.15 5885.44 5867.46 5885.91 5863.06 5876.68 5926.34 5948.89 5945.19 5921.52 5872.13 5847.68 5868.86 5836.11 5805.58 5761.25 5713.03 5685.29 5684.89 5707.96 5693.38 5699.45 5687.6 5681 5674.44 5679.2 5661.19 5641.56 5594.87 5569.64 5559.94 5543.84 5543.24 5540.41 5559.74 5580.18 5603.91 5583.97 5571.26 5546.21
5560.01 5564.57 5575.64 5585.69 5591.28 5595.58 5595.65 5574.33 5533.64 5652.53 5686.35 5696.72 5699.48 5688.02 5707.3 5717.16 5728.14 5742.7 5772.51 5814.23 5861.85 5887.04 5872.23 5886.29 5946.34 6029.49 6074.54 6017.53 6040.58 6007.94 6020.64 6033.34 6002.01 6020.6 6005.56 5999.41 6003.54 6003.26 5996.27 5951.67 5882.27 5854.23 5802.68 5759.43 5745.04 5699.97 5725.97 5710 5716.72 5729.34 5675 5649.75 5652.93 5646.94 5640.93 5611.59 5564.09 5543.21 5521.03 5545.29 5599.92 5570.38 5586.43 5587.72 5568.51 5551.77 5537.65
5541.49 5535.19 5552.46 5579.87 5581.28 5594.99 5593.63 5587.48 5575.94 5672.32 5693.64 5704.48 5715.25 5692.45 5738.82 5757.51 5760.03 5771.34 5807.67 5859.18 5900.6 5914.54 5939.84 5975.78 6068.22 5946.17 5864.55 5972.98 6078.23 6120.69 6161.96 6261.33 6121.32 6076.39 6011.1 5999.97 6043.18 6105.66 6145.11 6091.8 5988.78 5958.56 5915.45 5855.51 5851.75 5772.88 5750.12 5733.31 5711.95 5695.52 5668.81 5634.18 5613.97 5626.74 5633.81 5578.12 5538.76 5538.72 5523.87 5576.92 5606.39 5597.4 5585.8 5560.15 5555.32 5536.22 5510.5
5528.49 5525.58 5529.29 5532.51 5568.74 5589.86 5603.99 5614.88 5632.19 5635.96 5678.37 5699.95 5713.51 5753.22 5766.49 5795.63 5811.99 5818.41 5853.97 5888.37 5961.08 6065.9 5965.88 5908.29 5790.84 5771.3 5774.27 5669.09 5774.53 5919.8 5984.1 5886.31 5937.54 5987.36 5915.84 5877.78 5873.22 5839.77 6073.61 6165 6085.37 6047.05 6081.44 6005.56 5977.28 5883.66 5823.73 5756.89 5720.78 5714.21 5695.74 5661.53 5622.88 5609.82 5584.35 5548.21 5513.91 5514.78 5537.13 5569.01 5609.01 5601.49 5583.56 5570.16 5552.78 5523.16 5457.74
5533.96 5536.51 5540.27 5551.06 5559.94 5574.37 5604.33 5613.09 5632.06 5640.27 5668.7 5692.78 5718.89 5779.55 5766.39 5819.27 5870.88 5864.54 5839.23 5863 5915.83 5843.64 5815.94 5711.16 5623.27 5580.26 5532.51 5531.22 5595.13 5689.51 5657.12 5604.8 5614.91 5689.74 5643.83 5638.94 5667.07 5715.4 5713.32 5798.06 5876.91 5954.35 6131.58 6103.23 6040.06 5947.74 5885.96 5821.87 5742.73 5721.95 5758.13 5710.02 5665.18 5613.75 5564.13 5537.46 5498.93 5511.4 5537.15 5551.41 5573.11 5577.9 5571.66 5558.93 5542.89 5518.78 5476.5
5551.15 5545.86 5546.27 5546.52 5543.13 5559.44 5575.26 5583.71 5600.57 5636.23 5668.47 5701.47 5743.11 5774.49 5761.25 5812.09 5884.63 5920.93 5927.4 5929.87 5908.47 5894.64 5678.48 5597.13 5582.38 5558.18 5503.13 5502.81 5549.57 5465.11 5372.9 5364.48 5245.65 5169.77 5264.68 5334.66 5428.6 5583.47 5587.77 5545.98 5584.41 5633.73 5743.11 5900.48 5938.07 5970.17 5984.81 5933.39 5803.23 5736.86 5723.93 5737.54 5691.19 5630.17 5589.73 5553.83 5518.89 5538.63 5524.56 5531.66 5572.05 5559.9 5569.35 5593.48 5593.36 5551.04 5524.53
5555.63 5563.99 5541.47 5527.92 5524.52 5543.76 5563.34 5578.5 5607.54 5650.46 5678.04 5706.57 5734.34 5766.69 5770.3 5791.21 5824.52 5953.01 6053.61 6087.03 5893.27 5666.3 5581.05 5564.63 5524.85 5477.02 5464.92 5414.3 5254.99 5251.54 5225.71 5135.91 4971.2 4885.28 4954.45 5019.86 5065.35 5136.65 5179.23 5224.98 5262.37 5316.44 5455.82 5546.19 5592.43 5768.65 6033.82 6017.54 5918.06 5817.92 5767.27 5771.73 5710.49 5612 5577.48 5572.81 5572.1 5518.74 5523.85 5533.84 5568.35 5562.02 5570.76 5588.01 5591.55 5567.6 5557.73
5551.69 5573.85 5547.09 5533.07 5532.88 5558.82 5568.28 5579.11 5610.19 5645.5 5679.51 5713.5 5739.71 5766.77 5786.95 5781.57 5852.83 5950.45 6048.32 6072.83 5828.93 5644.5 5652.13 5527.63 5456.67 5501.79 5308.6 5142.26 5138.09 5069.88 4984.11 4854.3 4806.76 4742.26 4768.36 4789.61 4770.59 4868.39 4930.08 4954.02 5009.4 5060.66 5223.62 5309.43 5302.59 5388.42 5693.91 5916.64 5995.41 5854.04 5830.36 5849.1 5756.34 5627.32 5606.82 5582.99 5593.83 5569.21 5583.55 5563.69 5554.54 5566.1 5555.63 5542.84 5548.99 5568.6 5561.22
5465.47 5540.47 5546.36 5540.1 5550.67 5561.13 5562.49 5557.28 5583.8 5629.22 5668.11 5717.77 5744.83 5754.92 5799.78 5813.19 5831.16 5898.6 5874.45 5751.33 5708.74 5641.28 5506.82 5403.68 5444.96 5176.83 5007.1 4985.85 4808.42 4775.68 4711.82 4724.61 4690.33 4665.35 4654.86 4651.95 4652.14 4657.8 4730.31 4792.27 4884.07 4988.63 5100.54 5169.25 5159.75 5183.04 5325.22 5661.9 5948 5828.4 5839.91 5912.19 5811.16 5688.08 5618.89 5607.24 5592.54 5588.79 5602.45 5585.92 5565.16 5546.86 5551.47 5525.9 5525.42 5554.26 5540.28
5538.61 5542.94 5529.11 5531.47 5536.24 5536.54 5548.36 5568.49 5586.42 5613.93 5646.87 5671.53 5695.31 5706.53 5743.13 5850.12 5917.86 5857.88 5772.29 5660.32 5637.11 5570.11 5377.44 5230.34 5149.31 4831.05 4780.91 4711.06 4601.52 4573.83 4564.85 4573.13 4595.05 4585.43 4574.34 4576.89 4575.99 4584.12 4602.17 4675.83 4776.17 4895.55 5133.13 5133.89 5183.57 5161.89 5172.6 5356.11 5578.79 5817.18 5871.19 5853.18 5829.51 5753.32 5655.83 5587.12 5574.05 5568.56 5572.58 5583.71 5579.5 5589.71 5577.87 5528.47 5499.89 5523.37 5505.85
5508.2 5498.19 5499.71 5519.15 5536.48 5540.53 5548.88 5580.78 5573.7 5600.02 5636.67 5661.11 5670.22 5672.08 5712.02 5851.13 5889.6 5805.02 5726.36 5669.46 5608.93 5376.37 5148.66 5087.13 4931.67 4762.81 4664.72 4603.61 4544.97 4528.17 4548.36 4566.88 4561.36 4525.52 4509.75 4514.04 4520.74 4508.56 4511.83 4537.94 4642.36 4801.87 4890.82 5001.13 5104.06 5227.7 5194.33 5243.04 5400.86 5732.91 5854.35 5843.42 5807.06 5730.13 5628.19 5589.24 5583.28 5556.24 5528.24 5521.06 5511.39 5490.51 5537.14 5520.13 5511.79 5486.88 5470.57
5495.37 5488.29 5492.3 5519.9 5542.88 5534.1 5563.98 5534.04 5539.14 5591.6 5642.34 5691.65 5676.6 5654.76 5699.16 6018.41 5960.65 5754.62 5697.32 5618.01 5497.94 5219.07 5076.62 5027.92 4838.15 4682.15 4578.48 4523.19 4501.04 4502.71 4519.04 4538.19 4532.36 4507.34 4453.35 4464.82 4474.64 4448.52 4438.75 4461.93 4517.12 4620.54 4745.39 4800.79 4856.45 5078.46 5251.43 5254.87 5340.31 5567.09 5901.24 5896.19 5787.18 5692.33 5647.5 5583.98 5563.07 5529.17 5497.5 5493.82 5474.43 5447.63 5471.99 5486.66 5472.36 5437.44 5441.72
5486.04 5489.27 5506.49 5532.24 5565.77 5602.57 5631.42 5593.32 5569.73 5609.54 5647.21 5683.69 5695 5699.03 5783.25 6029.38 5989.65 5789.92 5685.92 5556.28 5399.18 5174.37 5011.67 4833.99 4696.1 4583.49 4513.7 4487.98 4487.98 4488.27 4480.32 4485.69 4481.14 4459.25 4412.65 4427.47 4428.07 4400.19 4393.22 4412 4431.94 4473.65 4596.49 4630.44 4661.19 4853.08 5063.44 5182.59 5317.94 5501.35 5714.69 5847.16 5800.3 5743.64 5688.06 5588.78 5557.39 5533.12 5504.63 5504.18 5463.34 5460.47 5462.37 5463.11 5452.55 5435.71 5430.05
5499.81 5475.13 5491.28 5552.42 5595.6 5644.1 5646.59 5632.35 5632.13 5631.02 5657.56 5693.59 5716.44 5753.62 5805.43 5929.72 5995.68 5858.44 5671.43 5491.65 5224.53 4958.8 4808.14 4723.57 4633.43 4542.65 4487.94 4465.56 4467.75 4449.82 4424.45 4437.48 4435.73 4404.48 4390.84 4398.53 4396.56 4362.24 4347.04 4372.51 4387.16 4406.07 4474.82 4520.41 4550.14 4759.89 4934.13 5100.88 5267.04 5379.23 5524.9 5707.97 5865.45 5813.79 5731.55 5614.31 5584.78 5549.45 5540.81 5498.71 5455.1 5459.17 5457.19 5459.02 5454.76 5435.07 5429.16
5577.84 5607.24 5593.61 5586.46 5598.11 5606.11 5628.01 5645.53 5640.7 5662.19 5666.31 5700.77 5768.71 5836.87 5916.85 6175.72 6027.33 5847.11 5614.96 5406.94 5132.49 4814.74 4704.6 4627.36 4549.92 4485.67 4453.12 4446.02 4432.78 4405.38 4388.36 4393.29 4387.26 4371.86 4367.86 4357.63 4339.27 4318.45 4311.93 4330.6 4340 4357.23 4407.56 4442.95 4485.48 4577.88 4854.9 5177.71 5272.14 5383.74 5516.28 5630.28 5836.1 5917.11 5777.16 5651.21 5604.9 5574.13 5544.94 5496.77 5454.13 5432.28 5427.89 5448.2 5463.54 5452.75 5444.93
5568.6 5612.01 5608.77 5600.8 5601.05 5603.48 5621.3 5629.47 5648.45 5692.93 5727.92 5777.04 5834.69 5915.98 6029.63 6095.57 5978.29 5685.33 5498.09 5331.53 5181.8 4845.34 4667.19 4567.39 4484.61 4444.05 4419.41 4405.75 4379.26 4373.62 4367.58 4363.2 4355.84 4353.12 4347.85 4331.49 4313.06 4303.05 4293.74 4304.41 4303.71 4331.1 4364.97 4392.7 4435.21 4541.75 4750.33 5056.49 5170.03 5320.27 5446.8 5532.95 5754.35 5838.66 5800.72 5654.99 5590.13 5577.54 5523.13 5488.15 5471.43 5482.13 5460.8 5448.25 5460.18 5461.73 5462.87
5612.84 5616.08 5603.03 5598.03 5597.56 5606.28 5628.21 5637.71 5666.77 5711.39 5750.51 5822.68 5901.26 6005.6 6095.1 6119.06 5946.3 5663.78 5401.71 5189.36 5024.71 4831.29 4638.86 4545.13 4455.98 4417.94 4394.91 4364.22 4358.1 4359.04 4352.05 4350.48 4353.83 4346.6 4335.94 4326.56 4293.59 4264.52 4264.47 4280.08 4247.57 4311.7 4332.27 4355.39 4400.83 4528.59 4646.01 4755.19 5014.7 5247.23 5444.56 5521.44 5791.21 5793.86 5761.12 5656.41 5593.11 5589.03 5523.74 5500.8 5500.37 5521.84 5528.52 5451.77 5453.93 5460.94 5455.36
5584.43 5589.76 5586.87 5589.05 5592.42 5602.98 5624.71 5657.83 5680.44 5712.13 5732.46 5809.86 5916.1 6031.49 6142.62 6184.24 5923.07 5586.94 5297.68 5061.32 4876.68 4747.9 4614.99 4518.22 4448.65 4403.54 4382.2 4346.47 4347.42 4341.57 4332.03 4330.61 4334.96 4350.07 4352.52 4354.44 4303.09 4246.03 4234.28 4244.53 4249.24 4275.92 4301.36 4325.56 4369.27 4479.42 4641.62 4759.84 4893.29 5162.89 5415.02 5549.2 5808.05 5794.2 5747.23 5686.02 5587.64 5593.04 5552.53 5525.31 5514.74 5516.38 5490.06 5451.62 5445.9 5415.88 5426.21
