real_craters/C163-300m.grd
DSAA
392 392
-58.59 58.59
-58.59 58.59
3851.7600260884 5881.460190054
[rows 180 to 209 of 392, columns 67 to 133 of 392]
5462.18 5464.78 5466.49 5467.44 5468.12 5467.41 5467.8 5468.59 5469.98 5472.73 5476.59 5484.52 5491.26 5484.18 5482.55 5481.85 5480.95 5480.77 5480.68 5480.59 5480.76 5480.71 5480.69 5480.84 5481.69 5481.54 5481.76 5481.51 5481.28 5480.71 5480.61 5480.21 5480.21 5479.83 5479.92 5480.36 5479.94 5482.96 5486.91 5490.93 5493.78 5492.51 5490.99 5490.02 5489.55 5490.26 5493.14 5494.92 5496.5 5497.01 5497.6 5498.66 5500.28 5502.02 5503.18 5499.97 5496.24 5492.47 5491.37 5498.78 5508.61 5527.9 5543.17 5557.52 5571.91 5584.53 5598.93
5454.74 5456.48 5457.41 5457.48 5456.07 5457.06 5458.07 5459.16 5461.18 5465.27 5471.18 5480.75 5490.29 5483.26 5480.51 5479.33 5478.5 5478.32 5478.65 5478.62 5478.57 5479.32 5479.3 5479.08 5478.68 5478.41 5477.91 5477.53 5477.22 5476.79 5476.25 5475.8 5475.92 5476.43 5475.9 5475.56 5475.47 5478.04 5481.37 5484.68 5487.38 5488.92 5489.52 5490.09 5491.67 5493.42 5497.01 5499.24 5500.95 5502.14 5503.09 5503.61 5505.65 5506.29 5505.5 5500.95 5496.4 5491.81 5489.8 5496.87 5506.98 5527.99 5543.24 5557.52 5571.99 5586.07 5598.81
5447.88 5449.12 5449.68 5449.66 5449.87 5449.5 5449.79 5450.86 5452.82 5458.6 5466.53 5474.06 5480.91 5479.25 5477.91 5477.3 5476.96 5477.32 5477.43 5477.4 5477.27 5477.05 5477.21 5476.87 5475.86 5475.77 5475.22 5474.62 5473.63 5473.09 5472.24 5471.87 5471.58 5471.36 5471.28 5471.57 5472.44 5473.68 5476.1 5478.97 5482.23 5485.73 5488.52 5491.09 5495.01 5499.63 5501.28 5503.38 5505.2 5507.01 5508.77 5510.83 5512.19 5511.39 5508.92 5505.64 5498.69 5494.47 5493 5498.94 5508.03 5529.09 5544.19 5558.28 5572.2 5587.13 5598.98
5442.24 5443.29 5443.17 5442.41 5442.23 5442.56 5443.17 5444.66 5447.5 5455.58 5466.34 5475.77 5480.68 5476.85 5475.77 5475.76 5475.94 5475.2 5475.61 5475.53 5475.22 5474.8 5473.99 5473.56 5473.06 5472.46 5471.52 5470.85 5470.28 5469.49 5468.42 5467.77 5467.09 5466.37 5466.48 5466.66 5467.08 5468.58 5471.27 5474.63 5478.79 5483.47 5488.07 5492.79 5496.7 5500.8 5504.18 5507.53 5509.29 5510.58 5513 5516.22 5518.02 5515.66 5511.86 5508.15 5501.92 5499.11 5499.48 5504.04 5511.01 5531.03 5545.34 5560.03 5573.42 5587.45 5598.9
5437.91 5438.28 5438.13 5437.48 5437.19 5437.61 5438.37 5440.58 5445.72 5455.31 5468.3 5482.15 5482.49 5475.85 5474.01 5474.17 5473.75 5473.74 5473.61 5473.1 5472.76 5472.33 5471.42 5470.72 5470.08 5469.37 5468.53 5467.53 5466.65 5465.77 5464.77 5464.07 5463.4 5463.04 5462.53 5461.93 5462.34 5464 5467.14 5470.58 5475.89 5481.85 5487.49 5492.55 5496.57 5499.66 5502.69 5507.33 5509.72 5511.23 5513.95 5518.28 5521.93 5517.46 5512.56 5509.15 5504.08 5503.12 5504.98 5508.87 5513.9 5532.76 5546.75 5561.2 5576.15 5588.62 5599.98
5434.64 5435.19 5435.14 5434.25 5433.42 5433.34 5435.39 5438.14 5442.27 5454.96 5468.66 5478.81 5480.28 5475.27 5473.33 5473.45 5473.05 5472.95 5472.64 5471.91 5471.32 5470.73 5469.8 5468.46 5467.57 5466.73 5465.84 5464.64 5463.49 5462.53 5461.46 5460.46 5459.81 5459.72 5459.61 5459.76 5459.62 5460.78 5464.36 5468.86 5474.36 5480.76 5487.05 5492.57 5496.47 5498.07 5500.07 5503.85 5507.02 5508.5 5510.44 5513.51 5516.25 5512.64 5509.46 5507.57 5504.68 5504.59 5506.76 5510.42 5515.22 5533.97 5547.58 5562.24 5577.99 5591.39 5602.43
5432.61 5433.65 5433.93 5433.89 5431.95 5431.34 5435.47 5439.31 5444.17 5456.86 5469.9 5479.61 5480.22 5476.06 5473.45 5473.38 5472.8 5472.58 5472.05 5470.72 5469.75 5468.93 5467.86 5466.74 5465.52 5464.48 5463.16 5461.72 5460.69 5459.66 5458.46 5457.23 5455.64 5455.66 5456.8 5458.35 5458.05 5459.22 5462.58 5466.94 5473.1 5479.87 5486.93 5493.34 5498.34 5501.3 5502.44 5503.36 5503.48 5503.13 5503.12 5503.06 5503 5503.03 5503.12 5503.56 5502.32 5503.59 5505.81 5509.39 5514.83 5532.57 5547.04 5563.63 5579.28 5594.44 5608.67
5431.89 5433.38 5433.82 5433.48 5433.31 5434.31 5439.89 5445.97 5450.51 5461.79 5471.74 5480.15 5480.05 5476.3 5473.92 5473.48 5473.02 5472.22 5471.24 5470.36 5469.39 5468.25 5466.99 5465.83 5464.01 5462.73 5461.54 5460.36 5459.08 5457.88 5456.39 5455.03 5453.54 5453.5 5454.29 5454.83 5456.2 5458.11 5461.16 5466.02 5471.76 5478.68 5486.25 5494.53 5500 5500.56 5501.06 5500.71 5498.28 5496.33 5494.43 5492.15 5490.67 5492.78 5495.51 5498.14 5498.14 5500.77 5503.79 5508.44 5513.17 5519.65 5545.47 5563.41 5580.79 5597.29 5614.15
5431.73 5434.2 5435.83 5436.26 5437.29 5438.4 5447.25 5457.89 5466.18 5468.11 5472.23 5476.65 5478.34 5477.09 5475.3 5474.26 5473.09 5471.67 5470.42 5469.19 5467.93 5466.75 5465.06 5463.78 5462.58 5461.27 5459.94 5458.78 5457.34 5456.18 5455.06 5453.92 5453.3 5453.24 5453.53 5453.84 5454.73 5456.32 5458.9 5463.26 5469.81 5476.55 5483.57 5490.35 5494.6 5494.92 5494.22 5493.16 5490.94 5488.84 5486.35 5483.07 5481.22 5483.96 5488.22 5492.58 5492.25 5495.94 5499.48 5505.03 5509.26 5516.05 5544.74 5562.54 5582.15 5602.01 5620.41
5431.87 5435.52 5439.67 5443.11 5443.43 5447.23 5455.06 5465.64 5471.84 5470.42 5470.18 5472.59 5477.03 5477.19 5476.55 5474.83 5473.13 5471.09 5469.54 5468.06 5466.65 5465.27 5463.86 5462.66 5461.16 5459.83 5458.5 5457.29 5456.12 5454.84 5454.12 5453.28 5452.45 5453.52 5454.31 5454.48 5454.1 5453.72 5456.94 5462.33 5467.86 5473.83 5479.58 5484.52 5487.76 5487.15 5486.17 5483.77 5483.01 5482.31 5480.24 5476.78 5474.56 5477.44 5482.35 5487.14 5490.97 5489.52 5491.93 5495.85 5501.84 5510.62 5540.86 5560.56 5583.81 5605.64 5626.35
5431.46 5435.34 5440.04 5444.02 5446.19 5451.25 5457.35 5465.35 5469.48 5467.63 5466.19 5467.31 5473.76 5475.46 5475.78 5474.36 5472.86 5470.67 5469.31 5467.79 5466.31 5464.74 5463.35 5461.86 5460.39 5458.99 5457.7 5456.23 5455.06 5453.92 5453.41 5453.37 5454.27 5454.92 5456.27 5456.43 5455.22 5454.33 5456.2 5460.72 5466.2 5471.15 5475.35 5478.2 5478.47 5478.99 5477.78 5476.22 5477.15 5477.82 5477.05 5474.87 5472.38 5473.99 5478.52 5482.94 5486.35 5482.48 5484.58 5486.51 5493.48 5513.42 5535.86 5557.98 5582.5 5607.01 5630.74
5430.27 5433.7 5436.92 5440.45 5444.14 5447.51 5451.36 5455.97 5460.19 5462.14 5462.82 5465.05 5469.36 5472.89 5473.54 5473.04 5471.9 5470.09 5468.45 5466.9 5465.52 5463.83 5462.34 5460.87 5459.37 5457.93 5456.53 5455.18 5453.99 5452.96 5452.52 5452.65 5453.65 5455.7 5458.16 5458.57 5457.25 5456.7 5458.1 5461.5 5465.6 5469.22 5472.12 5474.09 5474.77 5473.34 5470.75 5471.83 5474.19 5475.47 5476.05 5475.99 5473.54 5473.41 5476.94 5480.35 5482.92 5477.26 5478.95 5480.7 5490.04 5507.48 5530.5 5555.67 5580.4 5605.75 5633.7
5428.87 5431.84 5435.19 5438.23 5441.24 5443.36 5445.16 5448.03 5452.92 5457.27 5460.36 5464.28 5469.66 5471.8 5472.21 5471.63 5470.64 5469.13 5467.6 5466.41 5464.78 5463.13 5461.8 5460.32 5458.8 5457.33 5455.89 5454.56 5453.23 5452.16 5451.42 5451.23 5452.17 5455.12 5458.54 5459.47 5458.9 5458.89 5460.61 5463.51 5465.95 5467.89 5469.44 5470.57 5471.49 5468.71 5465.37 5468.79 5472.61 5473.68 5475.23 5476.85 5475.01 5474.39 5477.36 5479.51 5480.69 5474.05 5474.69 5476.18 5484.16 5501.62 5525.92 5551.36 5577.95 5608.13 5635.76
5427.46 5429.91 5432.2 5435.72 5439.38 5443.12 5447.49 5446.52 5450.6 5454.67 5457.9 5462.49 5467.71 5470.16 5470.58 5470.12 5469.25 5467.85 5466.59 5465.26 5463.82 5462.39 5460.99 5459.56 5458.08 5456.56 5455.14 5453.81 5452.35 5451.12 5450.23 5449.86 5450.91 5453.7 5456.93 5458.94 5460.09 5461.03 5462.76 5465.62 5466.59 5466.85 5466.64 5466.15 5465.13 5462.71 5460.65 5464.22 5468.84 5470.35 5472.79 5475.59 5476.89 5477.77 5479.61 5479.8 5479.33 5471.09 5470.32 5471.79 5478.27 5495.36 5519.57 5546.12 5573.56 5604.31 5634.24
5426.88 5428.95 5431.08 5434.34 5438.18 5441.81 5444.77 5449.54 5451.73 5454.29 5456.7 5461.04 5465.86 5468.32 5468.51 5467.84 5467.24 5466.35 5465.32 5463.93 5462.58 5461.01 5459.61 5458.26 5457.05 5455.7 5454.35 5453.21 5451.71 5450.3 5449.23 5448.41 5449.19 5451.72 5455.06 5457.8 5460.89 5464.63 5467.98 5468.68 5467.37 5465.7 5463.83 5461.53 5458.81 5456.3 5454.89 5456.14 5460.83 5464.76 5468.82 5473.07 5478.97 5483.78 5482.46 5479.96 5477.92 5469.12 5466.24 5467.6 5472.62 5488.72 5513.05 5538.96 5568.66 5598.88 5629.86
5427.4 5429.39 5431.16 5434.52 5437.99 5440.82 5443.46 5450.52 5452.74 5455.17 5457.86 5461.3 5465.03 5466.86 5466.16 5465.38 5465.28 5464.66 5463.5 5462.33 5460.89 5459.59 5458.29 5456.96 5455.69 5454.77 5453.59 5452.24 5451.02 5449.73 5448.58 5447.7 5447.97 5449.46 5451.78 5455.71 5460.34 5466.31 5472.56 5470.45 5467.17 5463.99 5460.85 5457.34 5453.51 5450.59 5449.21 5448.5 5452.31 5457.96 5464.6 5471.26 5477.45 5484.19 5481.11 5478.19 5475.53 5466.59 5462.8 5462.64 5466.29 5480.79 5505.15 5532.2 5561.01 5590.84 5622
5429.55 5431.55 5433.2 5436.4 5439.38 5441.91 5444.43 5448.71 5453.02 5455.92 5458.71 5461.36 5463.74 5464.95 5464.71 5463.96 5463.74 5462.92 5462.01 5460.75 5459.55 5458.32 5457 5455.87 5454.6 5453.51 5452.38 5451.5 5450.57 5449.48 5448.38 5447.31 5447.2 5447.79 5448.86 5453.17 5457.77 5463.23 5468.5 5468.35 5465.08 5461.51 5457.68 5453.73 5449.55 5446.44 5444.42 5443.74 5445.5 5450.11 5457.57 5465.4 5470.39 5472.93 5475.21 5474.65 5472.19 5468.79 5458.35 5456.17 5457.39 5471.44 5495.1 5522.98 5552.03 5583.38 5613.27
5433.29 5435.96 5437.65 5440 5441.95 5444.05 5447.02 5451.33 5453.55 5456.15 5458.68 5460.81 5462.63 5463.82 5463.94 5463.79 5462.79 5461.51 5460.19 5458.92 5457.49 5456.38 5455.05 5454.01 5453.03 5452.3 5451.67 5451.14 5450.59 5449.79 5448.86 5447.13 5447.18 5447.49 5448.66 5451.03 5454.12 5457.28 5461.12 5463.13 5461.12 5458.17 5454.46 5450.24 5445.8 5442.32 5439.84 5438.76 5436.92 5441.33 5446.94 5454.92 5463.2 5468.4 5471.42 5471.48 5468.62 5464.42 5453.49 5449.15 5447.67 5460.94 5485.18 5513.12 5542.17 5573.65 5603.17
5438.28 5442.21 5444.15 5444.61 5444.8 5445.61 5447.34 5450.5 5453.26 5455.74 5458.04 5459.83 5461.21 5462.17 5462.48 5462.71 5461.22 5459.75 5458.16 5456.7 5455.32 5454.06 5452.96 5452.04 5451.24 5450.83 5450.57 5450.52 5450.6 5450.67 5450.45 5450.2 5448.76 5447.79 5447.51 5449.16 5450.8 5452.27 5454.19 5456.4 5456.52 5454.59 5451.42 5447.39 5442.53 5437.89 5434.55 5431.66 5432.03 5435.42 5440.29 5448.35 5458.78 5467.44 5471.68 5469.39 5464.89 5459.72 5448.73 5443.36 5442.29 5452.63 5475.94 5503.53 5532.45 5563.5 5592.65
5442.98 5449.06 5451.22 5448.51 5446.68 5446.01 5446.51 5449.48 5452.36 5454.81 5456.84 5458.62 5459.54 5459.53 5459.89 5459.64 5458.56 5457.34 5455.9 5454.45 5453.11 5451.81 5450.76 5449.94 5449.34 5449.14 5449.22 5449.66 5450.45 5451.47 5452.19 5451.37 5450.66 5449.2 5447.99 5447.88 5448.33 5449.34 5450.94 5452.94 5453.19 5451.66 5449.13 5445.59 5440.91 5435.22 5431.67 5428.91 5429.56 5432.23 5435.83 5444.13 5455.11 5467.09 5471.4 5465.93 5460.22 5454.49 5443.76 5438.47 5437.65 5445.62 5467.05 5493.95 5523.99 5553.7 5582.74
5445.57 5451.14 5452.56 5449.67 5446.81 5444.98 5445.34 5448 5451.05 5454.1 5456.27 5457.54 5458.48 5458.46 5458.55 5456.88 5455.74 5454.88 5453.51 5452.04 5450.7 5449.47 5448.45 5447.69 5447.13 5446.87 5447.2 5448.04 5449.47 5451.52 5454.1 5455.28 5452.14 5450.2 5448.1 5446.48 5446.08 5446.72 5449.18 5451.46 5450.67 5449.53 5447.86 5445.26 5441.67 5436.67 5432.61 5429.81 5429.93 5431.25 5432.68 5439.64 5449.28 5458.07 5461.69 5458.88 5453.92 5448.45 5438.68 5433.45 5431.09 5436.59 5457.44 5484.93 5514.48 5543.72 5572.22
5446 5450.17 5450.8 5448.4 5445.31 5442.53 5440.73 5445.54 5448.48 5451.74 5454.23 5455.58 5457.31 5459.58 5459.1 5456.15 5454.27 5452.63 5451.03 5449.41 5447.95 5446.7 5445.69 5444.81 5444.38 5444.08 5444.48 5445.43 5447.09 5449.62 5452.98 5454.28 5450.99 5447.09 5445.39 5444.22 5443.36 5443.48 5445.11 5446.64 5447.61 5447.69 5447.07 5445.98 5444.25 5441.84 5437.1 5432.82 5431.12 5430.76 5430.77 5435.83 5442.81 5449.14 5452.31 5450.18 5446.35 5441.85 5434.25 5428.52 5425 5428.22 5449.12 5476.85 5505.12 5533.99 5562.32
5445.1 5447.93 5447.96 5446 5443.1 5440.11 5438 5440.72 5443.95 5447.27 5449.83 5451.8 5453.94 5456.49 5456.58 5454.54 5452.72 5450.13 5447.99 5446.11 5444.66 5443.41 5442.41 5441.55 5441.12 5440.94 5441.16 5441.84 5443.12 5445.05 5447.76 5448.9 5447.42 5446.17 5443.54 5441.59 5440.21 5439.8 5441.39 5443.25 5445.21 5446.19 5446.6 5446.72 5446.39 5445.4 5440.4 5434.18 5430.31 5429.29 5428.66 5432.25 5436.8 5440.47 5441.98 5441.04 5438.59 5435.3 5429.38 5424.75 5421.13 5423.93 5441.37 5468.51 5496.72 5525.55 5554.12
5443.54 5444.64 5444.86 5443.29 5440.69 5437.95 5436.26 5436.01 5438.5 5442 5444.53 5446.47 5448.33 5449.48 5449.64 5449.76 5448.62 5446.33 5444.21 5442.32 5440.85 5439.63 5438.65 5437.88 5437.39 5437.02 5436.95 5437.16 5437.69 5438.42 5439.55 5440.73 5441.53 5442.12 5440.37 5438.58 5437.25 5436.03 5439.02 5441.89 5443.66 5445.11 5446.18 5446.71 5446.59 5445.55 5440.66 5434.3 5428.87 5425.3 5427.31 5429.9 5432.12 5433.39 5433.43 5432.74 5431.39 5429.35 5424.04 5420.82 5417.82 5419.53 5435.41 5460.24 5489.44 5518.23 5547.1
5442.07 5442.76 5442.33 5440.81 5438.32 5435.39 5432.9 5431.99 5433.17 5435.97 5438.25 5440.2 5441.94 5443.2 5443.86 5443.95 5443.05 5441.28 5439.52 5437.9 5436.61 5435.55 5434.64 5433.86 5433.26 5432.75 5432.33 5431.97 5431.63 5431.21 5431.11 5432.27 5434.01 5435.44 5435.33 5435.06 5435.19 5435.99 5437.53 5439.54 5441.89 5444 5445.57 5446.42 5445.95 5443.46 5439.75 5434.79 5430.51 5428.54 5429.18 5429.41 5429.24 5428.27 5426.48 5425.82 5425.63 5424.75 5423.03 5417.76 5414.48 5414.71 5429.81 5455.5 5483.31 5512.26 5541.29
5440.51 5440.78 5440.2 5438.57 5436.2 5433.17 5429.99 5427.89 5427.48 5429.25 5431.58 5433.54 5435.27 5436.94 5438.31 5437.76 5436.92 5435.47 5434.08 5432.9 5431.94 5431.12 5430.35 5429.69 5429.05 5428.39 5427.61 5426.78 5425.79 5424.54 5423.08 5424.59 5426.48 5427.91 5429.75 5431.14 5432.68 5434.65 5436.14 5438.45 5440.93 5442.94 5444.85 5446.31 5446.74 5444.63 5439.98 5435.28 5431.5 5430.62 5431.47 5430.15 5428.3 5425.6 5422.28 5421.46 5422.27 5422.22 5421.13 5415.22 5412.54 5411.6 5425.68 5450.81 5478.12 5507.19 5536.72
5438.58 5439.08 5438.01 5436.34 5434.24 5431.69 5428.3 5424.6 5422.92 5424.07 5425.35 5426.84 5428.25 5429.57 5430.76 5430.2 5429.69 5428.95 5428.21 5427.59 5427.12 5426.6 5426.16 5425.53 5424.92 5424.19 5423.25 5422.2 5420.85 5419.41 5418.34 5419.18 5420.8 5422.49 5424.88 5427.26 5429.42 5431.36 5434 5436.75 5439.19 5441.35 5443.67 5445.74 5447.26 5445.42 5440.36 5436.28 5433.34 5433.35 5433.22 5431.74 5429.14 5425.85 5422.12 5420.78 5421.81 5421.96 5421.12 5414.46 5413.2 5412.55 5425.19 5448.65 5475.87 5504.8 5534.82
5435.55 5436.04 5435.09 5433.55 5431.83 5429.83 5426.11 5421.33 5418.38 5418.59 5419.41 5420.35 5421.19 5421.58 5421.33 5421.39 5421.93 5422.05 5422.16 5422.24 5422.25 5422.1 5421.87 5421.53 5421.04 5420.34 5419.28 5418.11 5416.8 5415.48 5415.06 5415.32 5416.71 5418.55 5420.81 5423.6 5427.25 5429.81 5431.29 5433.33 5435.72 5439.12 5442.09 5444.27 5445.15 5444.07 5440.76 5437.57 5436.06 5436.81 5436.25 5434.01 5431.31 5428.47 5425.61 5424.12 5424.33 5423.9 5422.77 5415.25 5415.05 5415.33 5425.89 5446.5 5472.65 5501.19 5531.35
5431.52 5432.22 5431.05 5429.68 5428.28 5426.61 5422.72 5417.45 5413.05 5412.85 5413.73 5414.51 5414.94 5414.72 5413.6 5413.91 5414.46 5415.2 5416.34 5417.02 5417.53 5417.74 5417.93 5417.82 5417.49 5416.93 5416.05 5415 5413.58 5412.01 5411.12 5412.01 5413.26 5414.98 5417.09 5419.5 5422.53 5425.5 5428.14 5430.79 5433.66 5437.4 5440.51 5443.06 5444.15 5443.09 5440.55 5437.93 5436.48 5438.37 5438.37 5435.87 5433.88 5432.25 5430.89 5429.78 5429.04 5427.53 5425.6 5416.8 5416.08 5416.4 5424.9 5444.1 5469.06 5496.22 5525.97
5425.54 5426.38 5425.45 5424.44 5423.4 5421.87 5418.39 5413.75 5409.68 5408.92 5409.17 5409.59 5409.87 5409.77 5409.55 5409.4 5409.27 5410.04 5411.53 5412.5 5413.34 5414.03 5414.4 5414.59 5414.45 5414.08 5413.46 5412.61 5411.48 5410.04 5409.38 5410.05 5410.79 5412.33 5414.21 5415.67 5417.32 5420.9 5425.07 5429.35 5433.9 5436.17 5438.63 5441.5 5444.73 5443.46 5441.09 5438.94 5437.31 5437.02 5436.42 5436.58 5436.29 5436.31 5436.86 5437.1 5434.9 5431.7 5428.71 5419.09 5417.17 5416.89 5423.09 5441.35 5465.5 5492.58 5521.16
