real_craters/C163-500m.grd
DSAA
235 235
-58.59 58.59
-58.59 58.59
3854.5990359137 5883.318759248
[rows 60 to 89 of 235, columns 0 to 66 of 235]
5284.27 5290.76 5299.93 5307.07 5307.4 5304.44 5301.57 5302.11 5307.5 5315.62 5325.92 5336.96 5347.23 5360.12 5374.87 5390.81 5406.42 5426.61 5451.82 5479.37 5481.6 5479.7 5475.5 5469.63 5458.96 5445.83 5439.01 5446.83 5461.8 5465.45 5457.72 5461.48 5468.12 5476.67 5480.99 5483.68 5481.81 5480.82 5478.94 5468.13 5451.43 5435.05 5426.64 5425.9 5425.48 5425.92 5427.91 5431.79 5437.39 5443.15 5449.26 5454.8 5456.74 5456.85 5449.59 5442.9 5429.71 5417.06 5407.16 5399.1 5389.66 5379.26 5373.87 5370.99 5368.72 5370.6 5373.28
5284.7 5290.01 5299.81 5306.17 5308.24 5307.14 5305.46 5306.23 5311.01 5320.12 5331.52 5346.15 5363.92 5376.95 5383.05 5394.08 5408.92 5424.85 5443.37 5465.55 5474.17 5474.03 5472.58 5469.06 5463.52 5459.08 5461.22 5460.29 5463.91 5463.41 5458.16 5458.73 5463.68 5470.92 5476.59 5480.64 5482.46 5483.69 5482.01 5471.98 5457.14 5444.02 5433.41 5429.14 5425.81 5423.71 5422.76 5423.06 5425.29 5432.31 5438.74 5442.33 5443.47 5441.57 5436.15 5428.36 5419.79 5411.88 5404.68 5397.61 5390.77 5383.02 5378 5375.81 5373.89 5374.28 5373.7
5287.45 5293.99 5303.27 5309.87 5311.61 5309.87 5308.12 5309.43 5312.19 5319 5332.31 5352.6 5375.11 5391 5394.07 5400.86 5411.42 5423.01 5436.28 5454.02 5463.98 5468.39 5469.49 5469.08 5467.23 5465.41 5470.68 5467.34 5460.69 5453.22 5450.66 5452.07 5455.6 5460.37 5467.25 5474.01 5480.33 5484.75 5483.03 5475.49 5464.79 5454.18 5441.3 5432.04 5425.73 5421.23 5417.72 5415.11 5416.67 5424.05 5430.53 5431.87 5429.23 5424.6 5420.46 5414.28 5409.19 5405.47 5401.59 5397.27 5392.68 5386.76 5382.99 5383.46 5384.35 5386.7 5383.89
5290.63 5301.29 5311.09 5320.39 5316.66 5312.15 5308.78 5307.92 5310.59 5317.56 5331.79 5355.53 5379.9 5397.81 5404.74 5408.39 5414.4 5423.96 5437.22 5453.15 5459.93 5463.87 5465.6 5466.78 5466.21 5462.51 5467.94 5465.66 5456.36 5446.82 5443.8 5444.62 5446.74 5449.89 5456.89 5464.27 5471.82 5476.32 5477.46 5472.6 5464.5 5453.74 5443.42 5434.17 5427.18 5420.66 5414.88 5409.74 5410 5419.99 5428.94 5428.32 5418.49 5410.54 5407.79 5403.68 5400.93 5400.42 5399.58 5398.19 5396.45 5393.31 5388.89 5391.35 5398.46 5403.75 5398
5293.53 5306.65 5319.79 5324.35 5319.11 5313.57 5309.12 5306.25 5309.66 5319.85 5335.51 5357.34 5379.68 5397.18 5403.45 5407.86 5415.32 5425.97 5440.34 5454.07 5458.5 5460.94 5461.85 5462.58 5462.68 5461.49 5463.25 5460.61 5451.72 5442.22 5438.95 5438.31 5439.91 5442.36 5449.19 5455.49 5461.28 5466.98 5469.77 5466.26 5458.98 5449.79 5441.95 5437.12 5431.55 5424.53 5415.93 5408.32 5408.31 5419.04 5430.52 5427.79 5411.5 5402.11 5399.88 5397.54 5396.38 5398.35 5399.58 5399.78 5398.13 5394.56 5393.09 5395.19 5398.47 5399.82 5401.16
5298.31 5316.66 5326.95 5323.62 5318.59 5315.09 5311.78 5309.63 5313.91 5326.06 5340.32 5360.46 5377.46 5388.59 5393.29 5402.54 5413.81 5427.33 5445.04 5454.72 5457.51 5458.81 5458.22 5456.8 5457.98 5458.62 5459.59 5455.75 5445.71 5436.25 5432.67 5432.96 5435.7 5439.61 5446.32 5452.43 5458.26 5461.16 5462.21 5461.51 5456.17 5447.86 5441.91 5443.22 5440.7 5433.76 5420.64 5410.32 5408.56 5418.36 5427.87 5421.89 5406.3 5397.91 5396.4 5396.56 5397.22 5399.94 5401.29 5402.06 5401.99 5397.09 5396.81 5396.47 5396.53 5396.88 5403.62
5301.28 5324.69 5332.14 5324.66 5319.3 5318.12 5317.33 5317.59 5323.33 5337.89 5354.17 5367.19 5376.92 5383.63 5387.3 5397.42 5411.1 5426.27 5443.02 5453.31 5457.5 5458.4 5456.53 5452.52 5452.58 5453.48 5455.28 5451.24 5439.42 5429.53 5426.56 5428.23 5432.58 5438.04 5445.53 5454.05 5460.73 5463.45 5463.92 5467.07 5465.9 5459.98 5454.37 5457.54 5454.62 5446.15 5433.84 5418.58 5413.96 5417.96 5421.02 5412.05 5398.69 5394.15 5395.27 5398.86 5403.82 5403.33 5403.53 5403.74 5402.58 5398.21 5398.21 5396.11 5396.39 5401.31 5403.92
5299.43 5319.19 5330.61 5325.91 5322.09 5322.37 5325.05 5329.75 5336.98 5353.04 5368.22 5374.01 5376.66 5379.19 5381.96 5393.38 5408.72 5425.72 5445.42 5455.36 5459.97 5460.74 5458.82 5454.63 5448.77 5444.69 5448.51 5445.08 5432.05 5420.84 5420.9 5424.06 5429.42 5436.44 5445.22 5454.88 5465.81 5474.29 5479.43 5487.73 5490.29 5489.37 5486.5 5487.44 5478.02 5464.96 5452.79 5438.38 5429.95 5422.35 5410.93 5402.15 5393.04 5391.95 5394.95 5399.61 5403.47 5404.97 5405.57 5405.51 5403.73 5400.31 5395.23 5393.67 5393.47 5394.26 5399.46
5296.63 5309.38 5315.41 5319.87 5321.57 5325.49 5333.14 5344.17 5359.78 5366.65 5373.13 5374.63 5373.47 5372.61 5376.89 5390.4 5407.89 5426.88 5451.57 5459.72 5463.86 5464.68 5463.04 5458.93 5450.27 5442.19 5443.55 5439.83 5424.65 5413.13 5416.1 5420.68 5427.82 5436.96 5448.09 5463.63 5481.04 5496.03 5509.83 5528.71 5549.5 5572.94 5560.85 5529.74 5494.7 5477.57 5472.68 5466.25 5455.66 5437.58 5415.69 5404.26 5394.65 5394.79 5397.94 5401.76 5406.06 5406.93 5407.4 5408.14 5408.35 5403.58 5395.67 5392.17 5390.86 5390.16 5395.45
5294.3 5303.32 5310.74 5312.29 5316.09 5325.73 5337.87 5351.99 5365.97 5371.78 5372.21 5370.62 5368 5364.96 5369.68 5388.39 5409.65 5430.98 5454.68 5465.64 5469.71 5469.9 5466.74 5460.51 5452.61 5443.06 5441.99 5438.89 5418.71 5405.15 5411.18 5418.14 5427.71 5440.13 5454.67 5475.29 5501.59 5541.48 5550.46 5564.39 5582.23 5613.74 5582.57 5524.75 5485.58 5472.52 5478.88 5504.01 5480.4 5461 5438.76 5421.67 5406.96 5404.39 5405.52 5406.36 5407.01 5407.24 5409.62 5411.58 5410.54 5405.9 5398.63 5394.57 5392.05 5391.92 5395.79
5293.25 5297.77 5302.1 5307.53 5312.21 5325.41 5339.59 5354.06 5367 5372.18 5370.39 5366.58 5362.1 5358.94 5365.88 5388.12 5413.91 5441 5467.65 5473.28 5475.47 5475.33 5471.51 5461.97 5448.39 5439.27 5438.25 5433.81 5414.19 5402.15 5408.49 5417.09 5429.69 5448.7 5467.18 5497.98 5565.96 5570.82 5529.32 5512.58 5506.57 5480.35 5458.19 5445.8 5444.48 5441.53 5445.74 5461.07 5477.58 5492.43 5480.96 5451.95 5423.14 5419.18 5416.67 5413.19 5408.57 5409.02 5412.87 5417.38 5418.38 5414.11 5406.51 5399.69 5393.88 5391.72 5392.2
5299.27 5300.56 5304.01 5310.52 5316.45 5327.39 5340.16 5352.64 5365.03 5368.88 5364.96 5361.14 5355.77 5354.08 5365.71 5389.06 5418.09 5451.32 5478.2 5480.24 5478.9 5479.14 5477.35 5466 5448.49 5437.17 5433.83 5428.3 5407.53 5396.22 5404.98 5417.24 5435.84 5468.84 5493.17 5537.55 5524.02 5475.46 5446.86 5419.44 5416.02 5397.85 5387.7 5392.28 5402.25 5403.16 5398.47 5404.26 5451.79 5513.49 5545.27 5487.1 5451.08 5440.37 5430.91 5422.98 5416.03 5414.67 5420.53 5426.42 5430.86 5429.63 5417.6 5404.83 5395.45 5388.5 5386.77
5307.84 5309.95 5316.58 5321.41 5324.69 5331.75 5339.98 5347.22 5353.76 5355.45 5352.35 5350.32 5347.34 5349.04 5365.29 5388.6 5418.2 5448.22 5469.74 5476.72 5477.06 5478.67 5477.11 5465.48 5446.31 5434.22 5429.34 5421.84 5399.26 5389.47 5401.9 5419.49 5448.22 5502.78 5549.65 5532.24 5456.52 5413.68 5396.1 5384.8 5377.52 5371 5368.73 5371.94 5374.9 5374.49 5372.16 5379.59 5411.35 5444.6 5479.54 5501.01 5487.85 5459.6 5443 5433.24 5427.35 5427.63 5432.29 5438.51 5443.69 5444.57 5433.92 5415.09 5401.3 5390.67 5385.45
5316.67 5321.9 5329.8 5334.72 5337.07 5339.26 5339.42 5339.24 5338.49 5336.27 5334.54 5333.47 5337.75 5347.52 5362.64 5386 5414.71 5441.33 5458.99 5467.42 5471.87 5473.3 5473.98 5462.07 5444.72 5432.89 5425.84 5415.86 5393.14 5386.73 5402.6 5426.29 5466.99 5538.26 5569.74 5486.85 5413.86 5389.47 5379.87 5373.59 5363.47 5359.18 5359.38 5360.23 5358.66 5357.81 5358.43 5363.5 5373.84 5378.42 5410.33 5464.4 5475.35 5456.64 5445.13 5439.5 5437.11 5437.12 5445.28 5451.85 5456.13 5456.48 5444.12 5425.82 5410.35 5397.93 5390.98
5325.52 5335.32 5342.4 5344.63 5347.05 5345.17 5336.87 5330.81 5324.59 5318.25 5319.88 5322.22 5329.92 5341.5 5359.42 5381.39 5408.94 5436.33 5448.32 5456.24 5460.58 5462.35 5461.79 5454.63 5444.52 5433.08 5423.24 5413.51 5393.92 5387.79 5407.66 5436.16 5487.58 5573.48 5602.93 5460.27 5391.92 5380.84 5370.79 5362.18 5353.87 5347.55 5344.03 5345.96 5346.97 5347.44 5348.65 5350.97 5354.08 5359.12 5376.94 5398.81 5423.1 5434.13 5437.29 5440.07 5445.75 5455.07 5460.23 5464.37 5466.8 5463.99 5452.98 5441.31 5429.88 5415.36 5407.01
5336.71 5339.39 5344.75 5347 5345.24 5338.62 5331.48 5324.56 5317.2 5310.29 5313.02 5318.81 5326.71 5338.29 5355.3 5374.83 5398.56 5422.92 5435.65 5443.27 5447.74 5448.3 5447.31 5443.11 5436.63 5427.62 5417.82 5410.09 5387.85 5388.22 5411.76 5444.12 5505.75 5593.53 5604.44 5441.46 5381.18 5372.44 5361.3 5352.91 5346.86 5341.4 5338.02 5339.14 5340.17 5340.98 5342.29 5342.68 5344.32 5350.2 5359.17 5370.57 5393.4 5412.88 5426.04 5437.33 5450.21 5461.68 5469.58 5475.61 5480.36 5480.63 5471.81 5460.09 5454.56 5442.75 5435.48
5337.07 5345.88 5350.51 5352.05 5344.67 5332.99 5328.14 5322.67 5316.25 5311.37 5313.21 5320.62 5327.68 5337.39 5353.54 5369.68 5387.34 5406.66 5421.72 5430.75 5435.21 5435.96 5433 5430.69 5427.62 5419.73 5408.12 5399.39 5393.07 5396 5417.72 5448.36 5513.46 5593.83 5580.95 5427.38 5374.16 5362.5 5351.91 5345.53 5341.33 5338.81 5338.18 5336.81 5336.4 5336.17 5336.76 5336.61 5337.22 5340.8 5349.97 5363.4 5380.78 5400.36 5417.44 5433.94 5448.01 5460.65 5472.8 5483.25 5494.17 5506.07 5506.94 5492.06 5487.48 5473.58 5466.69
5335.9 5349.77 5359.81 5363.03 5354.57 5337.2 5330.87 5326 5320.72 5315.3 5317.46 5324.87 5331.38 5340.36 5354.77 5368.77 5379.86 5395.56 5410.62 5421.1 5427.49 5429.08 5425.67 5420.52 5417.54 5410.64 5397.72 5385.89 5390.41 5407.43 5424.85 5451.79 5516.53 5584.55 5550.49 5415.72 5366.14 5355.09 5343.12 5338.67 5336.21 5335.39 5336.16 5335 5332.72 5331.16 5330.24 5331.02 5332.89 5336.28 5344.84 5357.67 5373.36 5391.5 5409.49 5426.98 5442.9 5456.94 5472.08 5485.88 5499.4 5512.29 5515.99 5510.02 5509.84 5498.16 5479.29
5330.37 5347.24 5370.08 5388.49 5369.94 5349.49 5338.51 5333.47 5330.78 5327.94 5330.48 5335.27 5338.21 5346.59 5356.72 5365.38 5375.85 5389.78 5403.98 5415.13 5423.68 5429.16 5427.22 5419.5 5413.68 5404.57 5390.16 5379.62 5388.33 5407.5 5427.53 5455.68 5517.07 5572.29 5521.21 5398.47 5358.44 5347.15 5335.68 5332.69 5330.65 5330.33 5330.28 5329.87 5328.94 5326.9 5325.22 5326.82 5330.66 5336.17 5340.33 5350.08 5365.5 5382.95 5400.8 5418.8 5436.6 5453.41 5469.66 5483.89 5497.05 5506.94 5512.5 5512.72 5515.77 5505.79 5483.69
5326.88 5347.36 5369.64 5386.35 5374.13 5355.87 5344.86 5342.1 5344.53 5349.65 5354.99 5354.76 5353.55 5356.64 5361.65 5369 5377.65 5390.12 5400.17 5410.69 5420.93 5429.92 5429.87 5423.75 5415.84 5400.82 5385.8 5376.2 5381.67 5401.21 5424.74 5457.04 5517.82 5564.13 5490.65 5384.06 5352.69 5341.23 5330.3 5325.98 5324.82 5324.79 5325.57 5327 5327.32 5323.16 5321.36 5322.8 5326.34 5330.47 5334.09 5342.99 5358.82 5376.14 5393.87 5412.19 5430.75 5448.27 5464.61 5479.26 5493.09 5505.41 5518.33 5526.69 5519 5504.64 5484.96
5322.69 5340.34 5362.33 5374.69 5369.01 5354.19 5345.98 5347.97 5355.48 5368.76 5379.66 5374.06 5373.36 5368.31 5366.27 5366.77 5374.23 5385.27 5394.97 5404.85 5414.55 5422.83 5422.61 5417.76 5409.41 5394.3 5380.58 5372.14 5374.85 5391.45 5418.64 5452.95 5513.82 5574.93 5483.2 5370.89 5346.97 5335.62 5325.96 5320.54 5319.73 5319.61 5319.26 5320.12 5321.22 5318.71 5316.58 5318.88 5321.66 5324.53 5328.13 5337.25 5353.51 5371.57 5390.09 5408.96 5426.3 5443.62 5459.91 5474.54 5488.18 5498.95 5511.29 5528.81 5523.38 5507.94 5487.38
5321.85 5339.22 5359.63 5369.38 5366.2 5353.47 5345.62 5350.2 5359.91 5372.83 5383.02 5380.78 5376.62 5373.14 5369.59 5365.5 5368.23 5378.19 5388.81 5397.91 5405.78 5410.23 5408.03 5400.91 5394.09 5384.97 5374.02 5367.28 5365.75 5378.61 5410.1 5448.44 5504.13 5564.13 5490.98 5374.37 5343.58 5329.26 5320.79 5316.78 5315.9 5315.88 5316.29 5317.95 5319.5 5317.41 5315.66 5316.44 5318.35 5320.23 5323.28 5333.42 5350.57 5368.82 5389.34 5407.47 5424.35 5440.38 5453.4 5470.08 5484.12 5494.84 5508.35 5522.15 5524.59 5510.55 5492.11
5323.99 5346.09 5365.04 5375.88 5373.72 5357.08 5346.73 5350.58 5358.98 5368.75 5376.08 5379.22 5379.74 5379.27 5374.6 5369.07 5368.56 5376.13 5384.65 5391.43 5396.74 5399.92 5394.56 5388.19 5384.69 5376.9 5367.16 5358.71 5354.11 5363.96 5400.17 5441.2 5487.27 5535.4 5508.54 5386.15 5339.55 5322.81 5317.48 5314.55 5313.16 5313.21 5313.87 5315.32 5317.24 5318.19 5316.09 5313.87 5315.3 5316.69 5321.12 5333.86 5353.47 5374.15 5393.85 5410.62 5426.66 5440.78 5453.52 5469.23 5482.59 5492.67 5504.18 5514.14 5514.93 5510.42 5498.27
5328.41 5350.73 5369.12 5379.06 5378.17 5361.69 5350.03 5351.72 5357.35 5362.84 5367.06 5375.05 5385.5 5386.33 5381.47 5376.74 5373.44 5378.68 5383.57 5386.61 5387.98 5388.14 5386.21 5388.44 5381.5 5371.58 5361.6 5352.27 5347.07 5354.44 5390.79 5433.12 5476.71 5517.67 5518.55 5410.71 5336.22 5319.19 5316.86 5311.94 5309.79 5309.73 5309.6 5313.12 5315.88 5315.32 5310.66 5307.04 5308.84 5311.02 5319.56 5337.77 5361.42 5384.59 5404.42 5420.03 5434.09 5446.46 5458.87 5471.04 5479.99 5492.07 5503.02 5510.21 5508.56 5504.91 5497.83
5336.52 5351.98 5367.51 5376.86 5376.23 5364.8 5355.07 5355.31 5358.27 5360.45 5362.32 5369.2 5379.68 5384.56 5387.5 5388.73 5388.1 5386.33 5385.94 5384.72 5381.2 5376.06 5377.15 5378.07 5374.19 5366.89 5358.76 5350.91 5345.83 5350.77 5382.02 5418.45 5450.16 5480.02 5504.62 5441.71 5341.26 5324.98 5316.49 5310.64 5306.01 5305.14 5307.96 5312.44 5311.91 5308.37 5301.11 5296.59 5299.06 5303.66 5316.65 5344.56 5374.29 5400.41 5419.06 5433.23 5444.18 5453.23 5462.61 5471.98 5480.34 5491.01 5501.43 5504.39 5501.29 5496.26 5490.48
5351.62 5361.85 5371.97 5378.31 5375.21 5369.79 5362.65 5362.89 5363.95 5362.89 5361.27 5364.4 5372.95 5382.36 5392.65 5402.05 5399.66 5394.76 5390.18 5386.22 5381.81 5374.99 5369.85 5370.42 5367.63 5363.44 5358.59 5353.84 5348.6 5350.97 5373.33 5402.19 5428.13 5448.93 5474.65 5467.04 5409.35 5349.91 5318.87 5311.69 5306.6 5307.67 5309.54 5308.57 5305.43 5301.68 5292.34 5285.78 5291.84 5304.77 5321.16 5364.63 5397.77 5418.87 5432.86 5446.2 5453.57 5459.64 5465.64 5471.98 5479.13 5487.81 5495.7 5499.87 5499.52 5489.58 5482.72
5359.49 5377.06 5386.94 5389.78 5384.4 5382.02 5379.23 5377.93 5374.73 5370.04 5366.25 5367.43 5374.11 5382.75 5396.34 5408.97 5409.85 5401.17 5393.34 5387.99 5384.95 5379.69 5368.19 5362.69 5362.32 5360.15 5358.46 5357.45 5352.82 5354.16 5366.34 5387.66 5410.2 5429.52 5453.2 5483.27 5476.43 5399.21 5352.21 5324.24 5316.58 5324.91 5323.3 5308.29 5298.85 5297.74 5288.88 5280.57 5295.89 5348.87 5380.72 5421.17 5440.09 5449.71 5455.95 5460.06 5463.22 5465.55 5467.38 5470.3 5475.63 5483.68 5489.42 5493.02 5491.54 5483.47 5476.43
5376.55 5394.21 5409.8 5406.24 5400.05 5400.51 5402.73 5398.27 5387.46 5378.54 5373.5 5374.37 5380.59 5387.99 5398.32 5407.39 5409.27 5401.17 5392.63 5386.17 5380.98 5375.62 5369.78 5363.73 5359.23 5356.65 5355.31 5354.79 5354.81 5357.85 5361.75 5376.29 5396.36 5411.82 5433.79 5460.55 5486.15 5511.39 5452.5 5372.08 5359.84 5378.2 5361.53 5325.72 5298.5 5301.83 5309.63 5302.84 5326.36 5449.53 5524.7 5503.8 5490.41 5483.28 5479.38 5477.47 5475.9 5473.75 5471.12 5470.56 5473.35 5480.06 5483.68 5484.42 5483.21 5478.57 5474.51
5392.48 5405.33 5414.4 5416.15 5416.98 5417.65 5418.35 5411.11 5393.93 5382.59 5377.43 5378.12 5383.96 5393.18 5397.09 5398.46 5397.51 5393.11 5387.21 5381.28 5375.59 5370.13 5365.28 5359.12 5356.11 5353.89 5351.83 5351.7 5355.27 5359.33 5358.29 5367.82 5384.59 5399.17 5421.12 5443.56 5479.96 5518.33 5518.05 5511.88 5515.92 5475.37 5434.38 5383.09 5338.11 5329.91 5389.24 5405.44 5432.5 5528.93 5582.04 5551.03 5525.04 5508.8 5499.05 5491.7 5487.09 5482.05 5473.83 5472.62 5474.83 5479 5478.7 5475.89 5479.67 5479.93 5477.26
5399.39 5408.98 5416.37 5417.31 5422.62 5422.71 5413.36 5403.4 5388.69 5378.39 5374.09 5375.96 5381.25 5389.2 5390.24 5386.76 5385.05 5382.98 5380.14 5375.56 5370.11 5365.09 5357.05 5353.44 5353.81 5352.09 5351.22 5353.26 5356.79 5358.81 5357.63 5361.74 5373.11 5391.64 5408.39 5430.43 5462.38 5498.04 5540.88 5593.87 5614.93 5555.42 5517.34 5510.38 5555.6 5571.62 5517.18 5541.74 5560.09 5554.24 5563.45 5553.41 5536.41 5522.29 5511.19 5503.09 5496.51 5490.55 5483.85 5478.66 5480.99 5482.63 5478.53 5472.58 5472.33 5477.93 5481.4
