real_craters/C163-300m.grd
DSAA
392 392
-58.59 58.59
-58.59 58.59
3851.7600260884 5881.460190054
[rows 30 to 59 of 392, columns 0 to 66 of 392]
5278.15 5285.28 5292.19 5298.88 5305.41 5311.97 5318.44 5324.55 5330.51 5334.5 5332.89 5326.61 5323.14 5319.58 5314.59 5308.61 5302.31 5296.67 5291 5285.44 5280.4 5275.67 5270.84 5266.29 5262.04 5258.06 5254.26 5250.79 5247.58 5244.81 5242.4 5241.25 5240.72 5239.74 5240.75 5242.23 5243.68 5244.85 5245.81 5246.73 5248.2 5249.32 5250.08 5250.51 5250.68 5250.67 5250.62 5250.99 5252.42 5255.95 5262.61 5270.27 5275.41 5278.5 5281.53 5284.93 5289.31 5294 5297.15 5300.25 5299.9 5300.45 5301.4 5302.17 5302.71 5303.77 5304.8
5280.14 5287.18 5293.93 5299.58 5304.98 5310.25 5315.25 5320.34 5324.89 5328.01 5326.74 5320.66 5317.19 5314.21 5309.74 5304.55 5299.08 5293.96 5288.88 5284.08 5279.18 5274.7 5270.33 5266.33 5262.31 5258.41 5254.63 5251.2 5248.18 5245.35 5243.11 5242.28 5242.52 5240.41 5240.42 5241.84 5243.47 5245.21 5247.18 5248.8 5249.82 5250.26 5250.69 5251.06 5251.29 5251.46 5251.57 5251.6 5252.75 5257.62 5265.46 5272.6 5277.95 5282 5285.64 5289.62 5294.43 5300.03 5300.41 5300.25 5299.21 5299.17 5299.57 5299.71 5299.75 5301.38 5303.48
5280.31 5287.58 5294.32 5298.93 5303.27 5307.38 5311.29 5314.73 5317.5 5318.84 5317.64 5312.22 5309.51 5307.41 5303.86 5299.67 5295.59 5290.91 5286.48 5282.27 5278.14 5273.96 5269.8 5265.83 5261.78 5258.15 5254.75 5251.43 5248.35 5245.7 5242.79 5241.58 5240.7 5239.67 5240.2 5241.52 5243.22 5245.28 5247.82 5250.9 5251.19 5251.36 5251.89 5252.42 5252.92 5253.35 5253.63 5254.4 5255.91 5258.75 5265.56 5274.46 5280.01 5284.72 5288.9 5292.69 5295.88 5299.27 5298.17 5295.57 5296.43 5297.42 5298.18 5298.67 5299.1 5300 5301.96
5278.63 5285.83 5292.26 5296.68 5300.44 5303.7 5306.42 5308.62 5309.57 5308.98 5307.19 5302.44 5300.73 5299.81 5297.44 5294.43 5291.37 5287.77 5284.38 5280.54 5276.96 5273.26 5269.41 5265.81 5262.12 5258.37 5255.23 5251.98 5248.8 5245.79 5242.6 5240.44 5239.1 5239.45 5240.11 5241.14 5242.69 5244.69 5247.36 5249.59 5250.79 5251.91 5253.02 5254.07 5255.11 5255.97 5256.89 5258.06 5260.45 5263.43 5268.35 5274.79 5281.69 5287.65 5292.21 5295.38 5296.52 5295.16 5294.66 5294.52 5295.27 5296.16 5297.18 5298.18 5298.79 5299.17 5300.84
5276.1 5283 5289.01 5293.57 5297.08 5299.77 5301.57 5302.5 5302.08 5300.66 5298.19 5293.59 5292.24 5292.19 5290.76 5289.19 5286.99 5284.5 5281.85 5279 5275.88 5272.53 5269.73 5266.41 5262.76 5259.2 5255.91 5252.65 5249.41 5246.19 5242.6 5239.62 5237.3 5238.35 5239.43 5240.68 5242.17 5243.52 5244.52 5246.9 5249.75 5252.13 5253.88 5255.86 5257.55 5259.29 5261 5262.52 5266.37 5270.43 5272.29 5277.27 5284.61 5290.94 5296.09 5299.64 5300.22 5295.15 5293.76 5294.69 5294.94 5295.19 5296.47 5298.24 5298.98 5299.04 5300.43
5273.43 5280.24 5285.74 5290.37 5293.78 5296.02 5297.05 5296.74 5295.36 5292.79 5289.49 5286.4 5284.76 5285.2 5284.88 5284.24 5283.03 5281.64 5280.12 5277.93 5275.54 5272.42 5269.55 5266.44 5263.33 5260.14 5257.04 5253.96 5250.63 5247.28 5243.58 5240.35 5237.5 5237.76 5238.67 5240.73 5242.29 5243.41 5244.29 5246.78 5249.74 5252.61 5255.14 5257.55 5260.08 5262.88 5266.17 5270.4 5275.69 5281.99 5281.62 5283.73 5289.61 5295.46 5300.65 5305.09 5308.2 5306.43 5297.17 5294.08 5293.16 5294 5295.79 5298.11 5299.12 5299.54 5301.84
5271.8 5278.46 5283.6 5288 5291.37 5293.19 5293.42 5292.06 5289.8 5286.62 5283.33 5280.79 5279.14 5279.77 5280.29 5280.78 5280.43 5279.69 5278.78 5277.14 5275.16 5273.28 5270.71 5267.95 5265.12 5261.99 5258.73 5255.73 5252.09 5248.85 5245.6 5243.07 5240.91 5240.22 5240.71 5242.09 5243.62 5244.77 5245.97 5248.32 5251.3 5254.37 5257.19 5259.86 5262.94 5266.55 5270.86 5276.29 5282.73 5290.02 5289.76 5290.76 5295.38 5300.17 5304.75 5309.33 5313.25 5311.09 5299.33 5293.68 5292 5292.79 5295.14 5297.81 5299.46 5300.56 5304.09
5271.37 5278.09 5283.23 5287.52 5290.34 5291.43 5290.88 5288.49 5285.55 5281.72 5278.5 5276.14 5275.77 5275.96 5276.88 5277.42 5278.38 5278.48 5278.34 5277.4 5275.87 5273.58 5272.38 5269.46 5266.62 5263.84 5260.69 5257.31 5253.98 5250.58 5247.93 5246.23 5244.96 5243.26 5242.95 5244.39 5246.13 5247.59 5248.18 5251.09 5253.96 5256.62 5259.3 5262.06 5265.4 5269.47 5274.53 5280.02 5286.53 5291.6 5293.36 5297.49 5300.79 5303.77 5307.27 5310.77 5312.84 5307.9 5297.29 5291.9 5289.58 5292.13 5295.4 5298.78 5301.81 5304.17 5309.83
5272.08 5278.98 5284.35 5288.25 5290.59 5291.04 5289.53 5286.34 5282.54 5277.83 5273.88 5272.52 5271.88 5273.33 5274.94 5276.08 5277.71 5278.3 5277.91 5277.82 5276.83 5275.85 5273.87 5271.92 5269.18 5266.04 5262.72 5259.45 5256.01 5252.44 5249.74 5247.69 5246.26 5245.45 5245.68 5247.2 5249.63 5252.46 5254.98 5256.52 5257.69 5259.44 5261.63 5264.23 5267.37 5271.35 5276.77 5283.58 5289.26 5294.77 5297.96 5304.79 5304.93 5305.6 5307.43 5309.66 5311.05 5305.53 5294.69 5291.41 5290.11 5293.55 5297.67 5301.6 5307.41 5312.4 5319.97
5273.83 5280.98 5286.45 5289.99 5292.57 5292.11 5289.47 5285.48 5280.61 5275.29 5270.92 5269.99 5269.8 5272.56 5274.6 5276.14 5276.98 5278.7 5278.82 5278.32 5277.42 5277.05 5275.91 5273.74 5271.56 5268.41 5265.1 5261.52 5257.82 5254.25 5251.32 5249.35 5247.89 5247.25 5247.79 5249.84 5252.96 5257.24 5261.85 5261.44 5260.92 5261.81 5263.47 5265.6 5268.2 5271.52 5275.93 5281.99 5289.29 5297.88 5305.2 5307.4 5305.02 5304.54 5305.18 5306.28 5306.36 5302.78 5297.34 5294.33 5293.76 5297.6 5303.27 5309.31 5316.68 5324.05 5331.09
5276.08 5284.06 5291.05 5296.21 5296.9 5294.34 5290.31 5285.66 5280.32 5274.41 5269.42 5268.3 5271.18 5273.73 5275.56 5277.35 5278.34 5280.45 5280.06 5279.98 5279.34 5278.89 5277.41 5275.34 5273.07 5270.9 5267.49 5263.98 5260.13 5256.11 5252.53 5249.83 5248.66 5248.5 5249.93 5251.85 5255.01 5259.27 5262.63 5262.52 5262.86 5263.93 5265.44 5267.14 5268.98 5270.94 5273.14 5277.89 5285.78 5294.12 5298.92 5300.2 5300.72 5300.69 5300.96 5301.33 5301.89 5300.6 5299.41 5297.49 5297.93 5302.61 5310.2 5318.56 5326.39 5334.62 5338.92
5278.37 5286.78 5295.14 5302.37 5300.87 5296.34 5291.47 5286.41 5281.16 5275.74 5270.45 5269.53 5272.55 5275.49 5278 5279.79 5280.76 5280.89 5280.75 5281.47 5281 5280.23 5279.11 5278.13 5276.36 5273.8 5270.95 5267.89 5263.73 5259.14 5254.41 5249.66 5249.12 5249.78 5250.36 5252.45 5256.09 5259.9 5262.64 5263.39 5264.53 5265.82 5267.32 5268.76 5270.19 5271.32 5271.73 5274.84 5281.22 5287.18 5293.21 5293.55 5295.21 5295.98 5295.94 5295.51 5294.63 5295.79 5297.02 5297.86 5300.02 5306.61 5316.43 5325.44 5332.93 5339.37 5341.06
5280.14 5287.79 5295.32 5301.31 5300.44 5296.34 5291.99 5287.68 5283.38 5278.81 5274.56 5273.48 5275.36 5279.22 5280.97 5282.35 5283.4 5283.66 5283.96 5284.03 5284.22 5283.7 5283.31 5282.23 5281.04 5278.91 5276.22 5272.84 5268.77 5264.03 5258.74 5254.08 5253.1 5253.16 5253.22 5254.66 5257.62 5260.81 5263.77 5265.58 5266.76 5267.82 5269.06 5270.41 5271.93 5273.47 5275.07 5276.78 5279.32 5283.15 5288.3 5288.85 5290.99 5291.73 5291.2 5290.14 5289.67 5291.42 5294.28 5297.38 5301.34 5309.87 5322.46 5331.51 5336.33 5339.31 5338.93
5281.25 5287.46 5292.99 5296.51 5296.8 5294.6 5291.74 5288.79 5286.17 5283.63 5281.43 5280.91 5282.31 5284.3 5285.07 5286.1 5286.81 5287.48 5287.74 5288.18 5288.12 5288.47 5287.94 5287.73 5286.49 5284.93 5282.69 5279.66 5275.81 5271.03 5265.83 5261.4 5260.13 5259.46 5258.64 5258.51 5260.25 5262.62 5265.37 5267.47 5268.87 5269.81 5270.8 5272.08 5273.81 5275.88 5278.74 5279.97 5280.6 5284.17 5289.54 5289.63 5289.83 5288.97 5287.56 5285.94 5284.75 5287.78 5291.89 5296.62 5302.69 5313.11 5326.68 5334.67 5336.87 5337.44 5335.51
5282.07 5286.65 5290.34 5292.59 5293.09 5292.19 5290.96 5289.7 5289.03 5288.97 5289.79 5291.8 5289.8 5290.48 5290.6 5290.83 5291.42 5292.08 5292.51 5293.4 5293.62 5293.43 5293.74 5293.28 5292.68 5291.52 5289.87 5287.53 5284.31 5280.37 5275.17 5270.87 5269.84 5268.62 5266.7 5264.58 5264.17 5264.42 5267.09 5269.18 5270.86 5271.44 5272.45 5273.83 5275.44 5277.48 5279.64 5281.6 5284.05 5288.8 5293.29 5292.69 5289.83 5287.06 5284.82 5283.03 5282.97 5284.9 5288.74 5293.89 5300.96 5311.44 5326.43 5333.1 5334.1 5333.71 5330.96
5283.07 5286.03 5288.11 5289.08 5289.37 5289.5 5289.91 5290.28 5291.2 5292.77 5295.68 5299.34 5300.13 5297.97 5295.7 5295.56 5295.97 5297.09 5297.62 5298.44 5298.88 5298.99 5298.91 5299.08 5298.9 5298.42 5297.62 5296.38 5294.27 5291.3 5287.5 5284.1 5282.44 5280.35 5277.66 5274.14 5269.75 5266.11 5268.13 5269.85 5271.32 5272.32 5273.83 5275.53 5277.17 5278.79 5280.66 5282.8 5286.16 5290.03 5291.98 5290.44 5287.67 5285.11 5282.93 5280.86 5279.93 5282.43 5285.43 5289.64 5297.67 5307.43 5318.89 5326.14 5328.21 5327.89 5325.37
5284.78 5286.43 5286.89 5286.39 5285.77 5287.02 5288.9 5290.56 5292.33 5294.4 5297.34 5299.6 5302.09 5299.82 5299.21 5300.13 5301.26 5301.85 5302.48 5303.08 5303.69 5304.06 5304.32 5304.92 5305.37 5305.63 5305.91 5305.62 5305.02 5303.62 5301.36 5299.05 5296.73 5293.73 5290.18 5285.59 5276.63 5269.65 5269.84 5270.02 5270.99 5273.03 5275.36 5277.59 5279.38 5280.31 5281.13 5283.12 5285.43 5287.93 5288.69 5286.84 5284.79 5283.31 5281.9 5280.78 5280.46 5281.61 5283.76 5287.74 5295.43 5303.89 5313.7 5319.66 5321.44 5321.25 5320.48
5287.3 5287.83 5287.23 5285.54 5284.06 5285.88 5288.77 5291.06 5292.97 5294.87 5296.61 5298.27 5300.18 5300.2 5302.46 5304.57 5306 5306.78 5307.43 5307.95 5308.62 5309.1 5309.9 5310.39 5311.3 5312.21 5313.41 5314.67 5315.65 5316.59 5316.49 5314.63 5311.38 5307.39 5302.7 5295.55 5282.92 5271.27 5270.29 5270.21 5271.75 5274.32 5277.51 5280.75 5283.2 5283.94 5283.53 5284.9 5284.6 5286.63 5286.91 5285.31 5283.37 5281.97 5281.49 5281.76 5281.72 5281.9 5283.51 5287.4 5295.39 5305.03 5315.1 5316.66 5315.54 5315.02 5316.29
5291.3 5291.03 5289.88 5287.58 5285.46 5287.34 5290.39 5292.93 5294.29 5295.49 5296.14 5298.19 5301.05 5302.89 5306.72 5308.95 5310.2 5311.01 5311.37 5312 5312.61 5313.68 5314.7 5315.9 5317.49 5318.99 5321.1 5323.19 5325.64 5328.1 5330.67 5329.27 5324.8 5320.07 5314.85 5307.24 5290.34 5271.71 5269.96 5270.54 5272.53 5276 5280.51 5285.12 5289.21 5292.18 5292.7 5291.4 5288.04 5288.24 5286.97 5284.41 5281.82 5280.62 5280.72 5282.28 5282.57 5282.17 5283.57 5287.11 5296.06 5308.27 5314.54 5313.66 5310.74 5310.19 5312.87
5296.79 5296.1 5294.69 5292.64 5289.91 5291.88 5294.86 5296.15 5297 5297.32 5297.31 5299.39 5304.07 5307.21 5312.01 5314 5314.54 5314.43 5314.85 5315.66 5316.76 5318.05 5319.44 5320.99 5322.72 5325.02 5327.69 5330.5 5333.86 5337.14 5339.74 5338.83 5335.15 5330.61 5325.59 5317.97 5299.68 5277.23 5271.9 5272.56 5274.86 5278.89 5284.23 5289.97 5295.92 5302.06 5304.32 5301.07 5297.91 5292.98 5289.14 5284.91 5281.03 5279.41 5279.25 5279.89 5280.88 5282.01 5284.02 5287.92 5296.75 5307.8 5312.78 5310.98 5307.21 5306.84 5310.43
5303 5302.24 5301.5 5300.78 5300.62 5301.69 5301.87 5301.63 5301.23 5300.62 5301.09 5304.92 5309.55 5312.24 5318.41 5318.88 5318.45 5318.5 5318.54 5319.45 5320.24 5320.64 5322.98 5325.05 5327.07 5329.63 5332.55 5336.02 5340.26 5343.86 5346.62 5345.62 5342.18 5338.09 5333.54 5326.67 5308.07 5282.46 5276.96 5277.03 5279.32 5283.33 5288.73 5294.78 5301.26 5307.71 5310.64 5308.92 5305.28 5299.61 5293.38 5287.01 5281.22 5278.99 5278.39 5278.35 5280.04 5282.41 5285.21 5289.2 5297.71 5309.69 5313.52 5309.47 5304.57 5304.06 5307.09
5308.83 5308.28 5308.34 5309.51 5311.5 5311.92 5309.59 5307.22 5305.51 5304.81 5305.92 5311.52 5315.59 5318.47 5322.73 5322.52 5321.7 5321.63 5321.71 5322.04 5323.18 5324.25 5325.81 5328.33 5330.55 5332.93 5335.82 5339.5 5343.84 5348.52 5352.51 5350.22 5346.22 5342.28 5338.11 5332.16 5315.57 5288.41 5283.7 5283.08 5284.91 5288.49 5293.54 5299.33 5305.12 5310.32 5313.64 5314.67 5312.72 5306.16 5298.59 5290.9 5283.82 5280.57 5279.32 5279.33 5281.22 5284.16 5287.61 5291.83 5299.71 5311.97 5312.5 5307.82 5303.93 5302.62 5303.55
5313.66 5313.04 5313.7 5315.66 5318.83 5320.04 5315.49 5311.59 5309.01 5308.02 5309.43 5314.42 5317.87 5320.19 5323.79 5324 5323.19 5323.74 5324.34 5325.09 5326.11 5327.4 5328.85 5330.42 5332.43 5334.2 5336.71 5340 5344.4 5349.08 5352.75 5350.57 5346.78 5343.06 5338.9 5332.77 5319.82 5295.75 5291 5289.9 5291.15 5294.06 5298.84 5303.94 5308.72 5312.54 5315.99 5318 5317.02 5311.61 5304.12 5296.01 5288.76 5283.92 5281.75 5281.61 5283.74 5287.26 5291.37 5295.89 5301.91 5309.95 5308.39 5305.19 5302.41 5301.86 5302.88
5316.47 5315.77 5316.37 5318.32 5321.03 5321.71 5317.79 5313.85 5311.03 5309.48 5309.54 5313.11 5316.28 5318.85 5322.66 5323.22 5323.45 5324.87 5326.03 5327.24 5328.43 5329.68 5330.77 5331.99 5333.15 5334.84 5336.83 5338.97 5342.19 5345.72 5348.01 5346.79 5344.08 5341.02 5336.81 5329.68 5319.28 5302.79 5298.4 5296.95 5298.04 5301.07 5305.07 5309.49 5313.37 5316.58 5319.16 5320.37 5320.22 5317.11 5309.73 5301.83 5294.14 5288.74 5285.61 5284.39 5287.2 5291.39 5296.28 5301.51 5306.66 5311.27 5306.1 5303.58 5301.43 5301.44 5302.76
5315.95 5315.69 5316.48 5317.78 5319.13 5319.3 5316.86 5313.94 5311.59 5309.82 5308.47 5310.17 5312.25 5314.47 5317.19 5320.66 5323.12 5325.98 5327.9 5329.51 5331.06 5332.12 5332.91 5333.77 5334.36 5334.73 5335.53 5336.47 5337.66 5338.97 5340.44 5340.39 5339.24 5337.31 5333.68 5326.77 5315.81 5309.96 5304.81 5303.38 5304.75 5307.84 5311.77 5315.99 5319.29 5321.66 5323.6 5324.36 5323.91 5320.93 5315.14 5308.24 5301.56 5295.63 5290.99 5289.45 5291.82 5296.17 5301.55 5307.79 5314.6 5317.3 5309.9 5304.33 5302.08 5301.65 5302.52
5313.13 5313.92 5314.61 5315.35 5315.82 5315.76 5314.27 5312.71 5311.39 5310.33 5309.41 5308.18 5308.56 5310.42 5312.69 5318.9 5323.39 5327.56 5330.39 5332.89 5334.15 5335.14 5335.74 5335.99 5335.73 5335.3 5334.4 5333.35 5331.7 5330.12 5330.63 5332.95 5333.51 5333.11 5330.97 5326.43 5319.1 5312.23 5308.54 5308.45 5310.95 5314.9 5319.45 5323.74 5326.87 5328.34 5329.28 5328.83 5328.12 5325.75 5320.89 5314.85 5308.57 5302.48 5297.1 5294.6 5296.68 5300.68 5306.02 5312.26 5318.26 5318.48 5310.23 5304.87 5303.72 5302.53 5303.18
5310.09 5311.33 5312.16 5312.49 5312.2 5311.02 5310.77 5311.05 5310.97 5310.93 5311.23 5308.64 5308.01 5309.29 5311.48 5319.48 5325.4 5330.19 5333.69 5336.27 5337.91 5339.26 5339.17 5339.01 5337.91 5336 5333.7 5330.55 5326.55 5322.33 5322.59 5326.61 5328.75 5329.83 5329.35 5327.26 5322.11 5310.35 5309.9 5312.32 5316.79 5322.66 5328 5332.22 5336.12 5338.22 5336.69 5334.16 5334.04 5331.83 5327.19 5321.46 5315.79 5310.36 5303.91 5300.71 5301.69 5304.57 5308.9 5313.89 5319.15 5319.41 5310.08 5305.08 5304.7 5304.21 5305.82
5308.02 5309.2 5309.92 5310.25 5309.66 5308.56 5308.87 5310.1 5310.66 5310.82 5310.98 5309.7 5309.64 5311.54 5315.24 5322.99 5329.42 5334.07 5338.17 5340.69 5342.31 5342.83 5342.76 5341.78 5340.01 5337.16 5333.54 5328.96 5323.53 5318.38 5318.79 5323.22 5325.84 5327.72 5328.2 5327.16 5323.41 5310.79 5311.56 5315.9 5321.85 5328.8 5334.98 5339.75 5343.9 5346.07 5344.72 5342.18 5344.21 5339.83 5333.47 5327.43 5321.88 5316.7 5310.57 5306.8 5306.55 5307.93 5310.39 5312.95 5315.11 5315.16 5308.83 5305.25 5305.42 5305.89 5309.32
5306.32 5307.44 5308.34 5308.82 5308.72 5308.72 5309.37 5310.59 5311.33 5311.12 5310.84 5312.09 5313.34 5316.27 5320.79 5329.6 5335.33 5339.69 5343.15 5345.63 5346.8 5347.11 5346.78 5345.42 5343.12 5339.77 5335.43 5330.15 5323.87 5318.88 5319.46 5323.33 5325.78 5327.74 5328.37 5327.3 5324.32 5313.59 5314.73 5319.8 5326.3 5333.72 5340.76 5345.91 5349.73 5351.47 5351.73 5352.19 5350.26 5344.64 5338.12 5332.09 5326.75 5321.89 5316.09 5312.28 5310.84 5310.56 5310.96 5310.85 5309.64 5307.41 5305.09 5303.15 5304.31 5306.8 5311.99
5304.32 5305.88 5307.06 5308.08 5308.75 5309.58 5310.67 5312.39 5313.78 5314.37 5315.2 5317.46 5319.93 5322.81 5327.66 5335.73 5342.4 5346.49 5349.67 5351.75 5352.67 5352.66 5351.8 5350.08 5347.57 5344.05 5339.7 5333.84 5327.59 5322.6 5323.47 5326.72 5328.65 5330.14 5330.34 5328.72 5326.6 5318.05 5319.3 5324.43 5330.62 5337.28 5343.99 5350.52 5356.85 5357.88 5355.29 5352.54 5349.82 5345.93 5340.85 5335.45 5330.26 5324.85 5320.07 5316.96 5314.97 5313.43 5311.98 5309.92 5307.09 5303.72 5303.13 5302.52 5304.53 5309.02 5314.93
