real_craters/C163-500m.grd
DSAA
235 235
-58.59 58.59
-58.59 58.59
3854.5990359137 5883.318759248
[rows 150 to 179 of 235, columns 67 to 133 of 235]
5426.39 5428.54 5433.45 5438.21 5441.33 5444.17 5445.31 5447.2 5452.46 5458.01 5463.29 5468.69 5473.84 5478.95 5482.46 5483.83 5484.53 5486.65 5487.75 5489.62 5492.84 5498.71 5498.06 5492.72 5489.96 5501.76 5519.34 5536.4 5552.75 5566.22 5577.52 5582.85 5587.31 5588.75 5599.22 5614.07 5625.05 5632.57 5633.08 5630.63 5615.4 5598.78 5584.66 5593.54 5547.89 5464.29 5400.78 5346.75 5338.26 5329.6 5316.02 5269.93 5293.35 5369.18 5440.85 5518.98 5554.35 5614.72 5601.15 5577.09 5583.34 5617.45 5658.33 5673.05 5671.96 5665.14 5654.9
5426.6 5429.18 5434.11 5438.42 5441.89 5444.06 5443.6 5446.16 5450.53 5454.85 5459.43 5463.78 5468.83 5474.49 5479.05 5482.12 5486.39 5487.66 5489.01 5490.6 5493.44 5497.68 5503.65 5502.56 5503 5508.08 5517.39 5528.48 5539.17 5548.3 5554.54 5557.55 5559.81 5558.81 5567.1 5580.16 5590.94 5598.35 5604.01 5615.48 5671 5679.8 5668.73 5670.99 5664.51 5623.45 5566.16 5523.79 5499.83 5492.75 5447.37 5409.24 5462.56 5518.67 5589.4 5672.84 5714.27 5679.74 5641.29 5612.86 5600.86 5602.63 5625.38 5643.32 5646.11 5641.15 5631.1
5429.65 5432.09 5435.94 5439.8 5443.44 5446.98 5449.69 5448.71 5449.7 5451.31 5453.69 5458.59 5463.03 5467.04 5470.89 5476.01 5483.25 5486.27 5488.37 5490.48 5492.68 5497.8 5507.21 5511.32 5514.39 5514.61 5518.74 5524.87 5531.38 5536.5 5539.86 5540.54 5539.47 5536.66 5541.84 5554.11 5564.77 5575.32 5589.75 5625.4 5722.37 5761.58 5743.41 5739.67 5756.49 5751.27 5691.67 5656.61 5653.85 5633.08 5584.29 5551.91 5589.42 5654.11 5720.17 5805.08 5789.03 5705.47 5653.68 5622.57 5600.43 5593.04 5603.67 5617.22 5621.63 5619.2 5613.97
5432.57 5435.67 5438.29 5441.5 5444.77 5447.56 5450.57 5449.5 5449.12 5449.05 5450.42 5454.69 5458 5460.04 5462.27 5468.11 5477.03 5483.85 5487.63 5490.41 5493.24 5499.91 5509.15 5514.71 5517.52 5517.74 5519.59 5523.01 5526.61 5529.78 5530.87 5530.83 5528.18 5524.21 5525.84 5535.4 5546.72 5558.86 5575.41 5617.81 5710.47 5755.94 5733.41 5724.79 5745.81 5742.28 5710.27 5683.66 5682.58 5685.33 5682.3 5673.26 5695.27 5733.29 5781.77 5829.76 5783.25 5703.5 5653.36 5621.47 5598.88 5589.56 5593.87 5602.96 5606.23 5605.73 5603.3
5434.25 5437.17 5440.31 5442.73 5445.25 5447.14 5445.7 5448.39 5449.69 5450.12 5451.73 5453.43 5455.35 5456.91 5459.11 5463.79 5476.24 5482.4 5487.19 5491.07 5494.78 5500.15 5511.46 5514.85 5516.8 5519.07 5520.74 5523 5525.11 5527.1 5527.48 5527.76 5526.93 5524.81 5523.15 5527.31 5537.04 5547.83 5562.56 5596.01 5648.81 5671.29 5669.73 5661.5 5678.17 5679.45 5676.1 5669.15 5681.34 5697.17 5712.7 5724.07 5740.14 5755.03 5775.99 5784.1 5730.27 5678.64 5642.56 5616.39 5598.03 5590.72 5589.9 5593.36 5595.33 5596.45 5597.95
5437.54 5441.5 5441.84 5443.21 5445.25 5447.15 5447.46 5450.23 5451.55 5452.3 5453.37 5454.36 5455.29 5456.07 5456.68 5459.74 5471.89 5480.53 5487.02 5492.8 5499.49 5507.47 5513.36 5515.61 5516.88 5519.32 5521.01 5522.91 5524.22 5525.77 5527.15 5527.57 5529.13 5531.28 5532.65 5530.97 5534.32 5541.05 5551.37 5574.73 5601.13 5613.44 5613.9 5618.54 5631.91 5637.37 5642.44 5652.06 5664.46 5680.4 5701.92 5737.12 5747.58 5738.89 5735.9 5719.53 5681.57 5650.78 5627.17 5609.42 5597.36 5592.91 5591.43 5591.74 5592.94 5593.95 5595.79
5439.91 5440.81 5441.59 5442.95 5444.31 5447.05 5451.46 5453.88 5454.26 5454.8 5455.25 5456.29 5456.9 5456.98 5457.6 5459.77 5471.64 5479.64 5486.53 5493.62 5501.55 5510.49 5517.3 5517.81 5518.01 5519.73 5521.57 5523.12 5524.71 5526.26 5527.84 5528.72 5531.17 5533.82 5537.11 5533.48 5534.4 5538.11 5545.73 5559.02 5573.51 5581.51 5582.59 5588.66 5598.47 5605.6 5614.84 5628.03 5640.38 5656.24 5676.75 5696.41 5699.03 5696.44 5687.85 5667.87 5643.47 5625.45 5613.49 5603.63 5596.32 5594.81 5593.36 5592.99 5592.74 5592.84 5593.9
5440.84 5440.06 5441.88 5442.95 5442.94 5442.43 5449.27 5455.16 5456.09 5457.52 5458.96 5459.57 5460.02 5459.43 5458.44 5459.52 5471.15 5479.27 5486.22 5492.83 5499.59 5507.1 5513.83 5514.67 5516.83 5519.29 5521.28 5523.21 5524.77 5526.33 5527.94 5529.47 5530.57 5531.2 5532.83 5532.59 5533.62 5536.17 5540.14 5548.24 5554.4 5559.81 5560.13 5565.06 5572.35 5579.22 5589.46 5603.71 5614.93 5628.33 5642.94 5653.32 5655.42 5654.74 5648.55 5635.68 5622.21 5611.8 5605.6 5602.32 5600.33 5597.88 5595.4 5593.59 5592.82 5592.94 5594.25
5441.87 5444.52 5445.06 5444.45 5443.67 5443.28 5447.31 5452.17 5457.58 5461.59 5462.49 5464.24 5464.88 5464.3 5462.99 5461.16 5472.66 5480 5485.78 5491.32 5497 5502.98 5508.47 5512.08 5516.3 5519.19 5521.43 5522.92 5525.06 5526.63 5528.3 5529.47 5529.8 5528.45 5527.3 5530 5532.37 5535.3 5539.86 5543.42 5544.67 5544.97 5546.91 5549.89 5554.98 5561.9 5569.33 5580.45 5589.82 5601.25 5612.41 5619.78 5621.94 5623.05 5620.57 5614.06 5608.11 5604.19 5602.17 5602.02 5602.38 5599.74 5596.19 5593.84 5592.78 5593.1 5595.46
5442.75 5444.98 5446.44 5447.29 5446.99 5446.96 5450.76 5457.65 5464.34 5468.11 5471.82 5472.99 5471.14 5470.66 5471.3 5474.71 5478.09 5482.24 5486.44 5490.57 5493.15 5499.53 5506.06 5512.65 5515.78 5518.24 5519.86 5522.3 5524.69 5526.75 5528.55 5529.71 5529.7 5527.89 5527.23 5529.39 5531.78 5535.33 5541.07 5541.59 5540.76 5539.53 5542.91 5544.66 5549.08 5553.73 5559.8 5565.74 5572.06 5579.38 5589.09 5595.46 5596.58 5602.37 5603.19 5600.42 5598.9 5600.46 5600.04 5600.47 5601.14 5598.27 5595 5592.91 5591.87 5591.92 5594.44
5444.18 5448.19 5451.37 5451.21 5451.79 5453.45 5458.94 5468.03 5472.26 5473.72 5475.34 5475.75 5475.51 5476.18 5477.69 5478.74 5481.61 5484.21 5487.04 5490.81 5496.04 5500.04 5504.9 5510.15 5514.89 5517.56 5519.02 5521.76 5524.76 5528.12 5530.54 5532.15 5532.66 5531.08 5529.22 5532.22 5532.25 5531.79 5536.36 5539.77 5542.09 5541.5 5545.63 5547.84 5550.71 5554.22 5559.52 5562.75 5566.69 5572.63 5579.16 5582.87 5588.53 5594.7 5597.78 5599.1 5598.09 5597.27 5595.91 5595.66 5594.67 5593.22 5592.14 5591.34 5590.68 5590.54 5593.07
5444.84 5449.12 5452.37 5454.01 5456.23 5460.21 5466.53 5474.41 5476.18 5476.11 5476.04 5476.2 5477.61 5479.19 5482.32 5485.9 5484.77 5485.04 5487.05 5490.37 5495.61 5500.93 5507.4 5510.99 5514.37 5516.69 5518.74 5521.96 5525.34 5528.8 5532.16 5535.25 5538.06 5539.82 5540.72 5538.64 5535.1 5531.88 5533.27 5539.12 5543.06 5543.78 5544.83 5548.09 5550.97 5557.09 5563.4 5567.09 5570.95 5575.22 5581.03 5584.54 5590.18 5595.17 5597.74 5598.13 5593.74 5590.72 5591.59 5590.47 5585.76 5587.84 5589.31 5589.98 5590.56 5591.74 5597.06
5444.72 5448.31 5451.36 5454.67 5458.39 5463.64 5469.38 5473.89 5476.25 5476.51 5476.68 5477.95 5478.33 5480 5481.75 5483.24 5484.13 5485.27 5486.67 5488.62 5493.47 5500.2 5508.55 5513.06 5513.13 5515.16 5517.12 5520.36 5524.18 5528.16 5532.73 5537.56 5542.66 5547.72 5547.82 5543.69 5539.77 5536.61 5537.71 5541.39 5544.35 5545.74 5546.08 5550.53 5556.62 5561.06 5566.58 5571.67 5576.83 5582.35 5585.65 5591.88 5591.66 5592.64 5592.37 5592.4 5590 5587.46 5587.75 5586.32 5583.07 5585.46 5587.8 5589.57 5591.1 5593.33 5599.5
5444.83 5447.37 5449.22 5453.68 5458.82 5463.67 5467.99 5474.17 5475.31 5475.67 5475.48 5475.58 5477.39 5480.29 5482.07 5483.74 5485.41 5486.9 5487.21 5487.3 5489.86 5497.7 5505.92 5506.58 5509.54 5512.02 5514.05 5517.87 5522.3 5527.13 5532.51 5538.74 5545.12 5551.06 5550.61 5546.78 5545.12 5543.78 5544.22 5545.66 5547.45 5548.2 5550.98 5554.03 5561.6 5564.81 5568.65 5574.69 5579.23 5583.21 5585.5 5587.56 5587.26 5584.99 5583.48 5582.99 5579.83 5582.61 5585.45 5586.1 5584.73 5585.86 5587.99 5590.36 5592.42 5594.42 5600.71
5445.86 5447.9 5449.54 5454.4 5459.45 5464.16 5468.52 5472.73 5475 5475.11 5473.94 5472.87 5476.26 5481.55 5488.89 5489.02 5490.07 5489.78 5488.98 5487.31 5488.73 5495.1 5499.83 5502 5504.41 5506.84 5510.46 5515.12 5519.84 5524.96 5530.86 5537.45 5544.07 5549.82 5548.96 5546.52 5549.79 5551.4 5550.11 5550.3 5550.64 5550.35 5550.48 5556.71 5567.57 5571.17 5575.38 5576.72 5579.56 5582.23 5584.19 5583.36 5580.13 5575.99 5575.72 5579.54 5578.89 5581.2 5584.92 5586.72 5586.12 5586.95 5588.96 5591.81 5595.26 5599.13 5602.11
5447.63 5449.78 5453.08 5456.49 5460.38 5464.89 5470.69 5473.85 5475.75 5474.89 5474.09 5473.32 5476.93 5481.35 5485.22 5491.5 5494.91 5493.89 5492.1 5491.07 5492.51 5495.15 5496.01 5496.79 5500.02 5503.34 5507.23 5511.61 5516.6 5521.95 5527.92 5534.38 5540.8 5547.11 5546.5 5546.88 5551.54 5553.82 5554.2 5554.58 5554.63 5553.53 5551.62 5558.39 5569.44 5573.27 5574.43 5578.7 5578.96 5579.86 5580.86 5578.7 5575.1 5573.31 5577.29 5582.61 5582.72 5583.62 5585.46 5586.04 5586.21 5587.87 5590.21 5593.33 5597.54 5602.21 5603.93
5448.6 5451.01 5453.81 5457.25 5460.77 5464.09 5466.82 5469.19 5471.22 5473.46 5475.04 5478.3 5480.97 5482.33 5484.78 5493.8 5498.46 5496.98 5494.88 5493.17 5495.04 5498.28 5499.58 5497.64 5498.17 5501.05 5505.1 5509.45 5514.31 5519.02 5524.08 5529.73 5535.26 5538.61 5541.84 5545.44 5549.89 5554.34 5556.14 5558.42 5559.9 5561.03 5559.12 5561.73 5567.7 5572.34 5577.53 5577.91 5579.88 5580.04 5578.86 5577.02 5573.76 5573.22 5578.23 5581.07 5581.6 5583.67 5587.2 5586.33 5586.55 5588.46 5590.91 5593.85 5597.7 5603.13 5606.26
5448.61 5451.56 5454.98 5458.32 5460.54 5462.78 5464.92 5466.59 5468.45 5471.08 5474.77 5479.53 5482.83 5484.56 5487.55 5492.25 5497.36 5497.41 5496.34 5496.12 5497.83 5501.23 5502.42 5497.54 5496.53 5499.18 5502.8 5506.73 5511.06 5515.28 5519.45 5523.95 5528.92 5534.92 5535.02 5538.6 5544.43 5551.28 5554.94 5559.09 5561.84 5563.61 5567.04 5568.23 5570.74 5573.52 5574.9 5575.73 5576.49 5577.37 5577.66 5574.86 5572.32 5572.64 5575.44 5576.15 5578.48 5581.67 5584.98 5585.28 5586.96 5589.14 5591.63 5593.95 5596.2 5600.58 5608.87
5448.19 5451.4 5454.45 5457.25 5459.63 5461.59 5462.98 5464.04 5466.56 5467.47 5472.89 5479.1 5483.65 5484.72 5483.82 5490.42 5495.43 5495.86 5496.33 5496.99 5498.6 5502.43 5504.3 5498.05 5495.93 5497.62 5500.81 5504.31 5507.89 5511.28 5514.44 5517.36 5520.01 5522.46 5525.55 5527.75 5533.47 5542.69 5550.22 5557.11 5561.86 5565.77 5568.42 5571.07 5572.86 5573.08 5572.14 5572.01 5573.89 5573.65 5572.65 5571.12 5569.1 5568.49 5572.59 5576.79 5578.91 5581.08 5582.07 5584.28 5587.3 5590.61 5593.32 5595.32 5597.37 5604.15 5612.47
5448.04 5451.05 5453.45 5455.95 5458.88 5461.18 5462.37 5463.58 5466.5 5466.07 5470.84 5475.54 5479.31 5483.31 5487.96 5488.82 5490.86 5491.41 5493.74 5496.38 5497.03 5498.7 5498.98 5495.43 5493.73 5496.4 5499.05 5502.29 5505.15 5508.02 5510.02 5511.28 5512.11 5515.05 5517.7 5521.83 5528 5534.84 5543.7 5552.27 5556.93 5562.7 5568.68 5571.37 5573.2 5570.15 5567.86 5569.17 5570.55 5570.72 5569.49 5569.35 5569.4 5570.97 5577.4 5580.42 5581.38 5582.95 5580.65 5583.7 5589.26 5593.78 5597.11 5598.94 5599.63 5605.79 5615.85
5448.17 5451.18 5453.82 5456.03 5459.67 5462 5463.32 5464.44 5466.7 5468.4 5469.21 5471.91 5475.9 5480.46 5486.29 5484.61 5482.04 5485.08 5488.69 5490.5 5493.52 5494.28 5494.39 5494.48 5494.9 5496.22 5498.56 5500.99 5503.57 5505.78 5507.2 5507.19 5505.98 5508.55 5513.3 5517.83 5525.82 5533.1 5537.41 5539.91 5547.55 5553.74 5560.86 5565.19 5568.18 5567.26 5568.54 5568.75 5570.31 5570.25 5569.78 5571.24 5572.8 5575.47 5578.99 5581.26 5582.96 5584.47 5584.99 5588.03 5594.35 5599.58 5603.44 5605.48 5606.72 5609.51 5619.8
5447.92 5451.34 5454.93 5458.81 5461.33 5463.2 5465.23 5467.7 5467.6 5466.35 5465.94 5467.93 5471.45 5474.44 5480.62 5479.62 5477.08 5480.02 5484.76 5488.63 5490.92 5493.59 5494.44 5494.22 5494.49 5496.74 5498.99 5501.25 5503.71 5505.06 5506.68 5507.01 5507.01 5509.6 5513.74 5518.27 5523.2 5529.41 5534.37 5538.21 5540.62 5545.03 5552.41 5558.67 5562.91 5566.7 5567.27 5567.03 5568.08 5572.45 5574.12 5575.54 5577.6 5579.48 5580.5 5581.45 5584.32 5587.46 5592.35 5597.57 5603.01 5607.62 5611.56 5614.81 5618.33 5619.66 5626.42
5447.32 5450.95 5454.78 5459.25 5461.13 5462.77 5465.12 5468.16 5465.34 5460.46 5460.27 5462.38 5465.17 5467.06 5473.52 5475.1 5475.9 5478.66 5481.49 5484.42 5489.34 5491.55 5494.08 5495.07 5495.85 5498.08 5500.6 5503.02 5504.97 5506.52 5507.96 5509.44 5511.12 5513.86 5517.75 5523.89 5529.11 5530.67 5533.12 5535.81 5538.45 5540.71 5544.68 5549.67 5555.89 5563.04 5565.18 5566.97 5569.66 5574.95 5578.59 5580 5582.17 5582.09 5578.82 5581.37 5587.53 5593.27 5601.16 5608.04 5613.04 5616.37 5619.85 5623.87 5628.34 5630.05 5633.78
5446.49 5449.93 5453.08 5455.39 5457.83 5460.14 5461.78 5462.17 5459.37 5455.07 5454.68 5457.27 5458.85 5460.8 5467.95 5472.5 5475.18 5478.29 5483.6 5487.16 5490.86 5494.15 5496.76 5497.95 5499.11 5500.9 5503.23 5505.43 5507.93 5509.89 5510.82 5512.8 5516.12 5517.95 5521.62 5527.15 5530.11 5530.41 5531.82 5534.81 5537.79 5541.1 5542.85 5547.01 5553.19 5557.64 5565.25 5569.38 5572.72 5575.44 5577.94 5582.36 5586.46 5586.93 5582.27 5586.14 5594.01 5601.51 5609.57 5617.24 5621.89 5623.46 5626.03 5630.28 5634.57 5636.88 5639.43
5445.61 5448.61 5451.34 5453.49 5455.45 5456.8 5457.18 5455.94 5452.72 5448.85 5452.06 5455.78 5459 5462.95 5469.32 5472.99 5474.3 5475.9 5480.98 5486.69 5493.27 5500.5 5500.94 5501.62 5502.62 5504.35 5506.49 5508.95 5511.23 5513.24 5514.49 5515.34 5516.15 5519.33 5522.71 5526.94 5528.59 5528.36 5527.61 5531.16 5537.45 5540.25 5545.95 5550.26 5553.75 5558.84 5562.66 5569.45 5573.3 5574.16 5576.73 5583.57 5590.43 5594.97 5591.62 5595.41 5602.48 5611.61 5618.83 5625.02 5626.01 5626.87 5630 5633.89 5638.87 5641.31 5642.57
5444.78 5447.38 5449.86 5451.85 5453.99 5453.81 5453.18 5451.58 5449.89 5448.64 5453.9 5457.93 5461.66 5468.53 5473.72 5477.02 5478.94 5481.07 5481.69 5486.89 5494.71 5500.22 5502.84 5504.13 5506.01 5506.87 5508.94 5511.53 5515.03 5517.96 5519.56 5518.75 5517.92 5520.94 5522.63 5522.58 5523.29 5523.98 5525.74 5530.82 5536.99 5542.82 5550.4 5555.63 5556.51 5562.91 5564.03 5569.08 5573.64 5576.52 5579.24 5584.97 5591.32 5598.1 5600.48 5602.96 5608.56 5615.98 5621.89 5623.69 5623.76 5626.45 5630.41 5635.14 5640.24 5643.01 5643.4
5443.6 5445.9 5448.06 5449.82 5450.72 5451.19 5450.26 5448.7 5448.74 5453.24 5459.25 5462.42 5465.59 5472.55 5479.08 5482.89 5486.28 5488.09 5486.87 5491.78 5497.63 5502.29 5503.89 5504.85 5505.58 5506.94 5510.02 5514.04 5518.53 5523.31 5526.95 5527.14 5524.59 5526.64 5525.02 5521.43 5520.15 5521.98 5527.1 5534.02 5542.24 5549.47 5555.12 5559.92 5563.89 5566.46 5568.88 5571.3 5576.53 5580.63 5583.12 5586.27 5590.15 5597.1 5603.68 5606.07 5609.52 5613.74 5614.54 5617.42 5618.89 5623.45 5628.7 5634.73 5640.44 5642.11 5642.48
5442.13 5444.2 5446.09 5448.15 5449.56 5449.74 5448.67 5447.5 5448.11 5456.49 5463.78 5467.7 5471.6 5478.9 5483.85 5488.6 5493.67 5498.8 5498.21 5499.06 5503.53 5506.5 5505.48 5504.73 5504.79 5506 5509.73 5515.1 5521.48 5528.94 5536.64 5544.23 5544.46 5536.98 5530.61 5524.4 5520.56 5522.64 5528.62 5538.52 5548.49 5556.62 5562.06 5564.45 5564.77 5569.91 5575.26 5579.04 5581.3 5583.99 5585.72 5587.65 5590.56 5596.42 5600.33 5603.96 5606.36 5609.24 5608.66 5610.36 5615.58 5619.64 5625.46 5631.59 5636.02 5639.15 5640.75
5440.54 5442.04 5443.96 5446.12 5449.39 5448.62 5448.05 5448.73 5452.09 5458.64 5466.85 5471.25 5476.77 5481.82 5486.34 5492.29 5498.37 5502.64 5503.13 5504.63 5507.21 5508.7 5506.97 5504.63 5503.41 5504.07 5508.42 5514.93 5522.88 5532 5542.56 5554.43 5554.52 5544.44 5535.96 5529.05 5523.46 5524.67 5531.35 5543.03 5555.23 5563.49 5567.81 5569.6 5569.26 5569.9 5572.6 5577.57 5582.42 5586.89 5586.84 5588.63 5590.83 5596.17 5597.27 5599.2 5600.46 5601.33 5600.21 5603.04 5608.99 5614.83 5620.84 5626.87 5631.99 5636.04 5638.86
5439.07 5440.39 5441.44 5442.46 5443.57 5444.37 5446.67 5450.29 5455.72 5462.48 5468.69 5472.19 5476.47 5481.85 5486.71 5493.69 5500.84 5507.28 5507.25 5508.55 5510.83 5510.84 5508.3 5505 5502.49 5501.42 5507.08 5514.59 5522.83 5531.72 5541.72 5551.52 5551.62 5544.74 5538.2 5532.5 5527.75 5527.94 5535.6 5546.93 5560.12 5569.75 5573.8 5575.24 5574 5572.87 5574.48 5576.69 5580.56 5582.56 5585.47 5588.65 5592.58 5593.67 5594.37 5593.21 5594.23 5594.6 5593.85 5597.37 5603.29 5609.48 5615.7 5621.99 5628.3 5633.1 5636.52
