real_craters/C163-300m.grd
DSAA
392 392
-58.59 58.59
-58.59 58.59
3851.7600260884 5881.460190054
[rows 270 to 299 of 392, columns 268 to 334 of 392]
5669.41 5669.91 5670.35 5670.49 5670.34 5670.1 5668.75 5668.18 5666.67 5665.59 5665.51 5667.25 5669.8 5672.85 5676.86 5682.29 5689.36 5697.64 5703.91 5707.98 5712.64 5717.82 5723.31 5729.09 5735.06 5740.84 5746.52 5752.02 5757.32 5760.5 5764.89 5766.79 5769.51 5771.22 5770.65 5768.87 5766.26 5763.32 5761.46 5768.18 5778.96 5790.96 5792.33 5792.75 5793.44 5793.89 5793.48 5793.12 5792.76 5792.36 5791.96 5791.59 5791.13 5791.29 5789.8 5786.32 5781.48 5776.25 5770.59 5764.54 5758.16 5751.55 5744.7 5737.95 5732.06 5728.23 5729.11
5669.17 5669.58 5669.9 5670 5669.91 5669.85 5669.99 5668.08 5666.31 5665.19 5664.76 5666.25 5667.98 5670.22 5672.81 5677.85 5685.54 5692.87 5699.2 5705.33 5711.05 5716.95 5722.95 5729.24 5735.65 5741.9 5747.77 5753.21 5758.11 5760.45 5762.47 5766.81 5770.14 5773.27 5773.66 5773.19 5772.81 5772.74 5775.91 5780.49 5786.7 5793.26 5793.92 5793.76 5793.79 5793.64 5793.24 5792.82 5792.52 5792.21 5791.97 5791.66 5791.33 5791.24 5790.13 5786.84 5781.83 5776.45 5770.76 5764.76 5758.56 5752.15 5745.85 5739.54 5734.13 5730.8 5734.36
5668.76 5669.13 5669.4 5669.49 5669.33 5669.35 5669.21 5667.55 5666.18 5665.55 5666.08 5665.82 5666.63 5668.46 5671.42 5676.35 5682.3 5688.93 5695.51 5702.32 5708.82 5715.38 5722.07 5729.04 5735.94 5742.58 5748.67 5753.76 5757.14 5760.77 5763.86 5767.09 5770.04 5772.35 5775.7 5777.77 5778.43 5779.92 5783.08 5785.87 5787.86 5790.69 5792.29 5792.55 5792.76 5792.55 5792.06 5791.77 5791.58 5791.47 5791.31 5791.11 5790.81 5790.43 5789.06 5785.75 5781.45 5776.39 5770.75 5764.95 5759.12 5753.21 5747.31 5741.57 5736.74 5734.08 5737.99
5668.47 5668.73 5669.02 5669.11 5668.89 5668.59 5667.22 5666.43 5665.69 5664.78 5664.46 5664.38 5665.33 5667.18 5669.82 5673.47 5679.78 5686.19 5692.96 5699.6 5706.33 5713.34 5720.67 5728.18 5735.73 5743.06 5749.86 5755.65 5759.48 5761.47 5764.21 5767.87 5771.12 5774.15 5777.66 5782 5783.08 5783.47 5785.48 5787.82 5789.27 5789.54 5789.81 5789.87 5789.84 5789.92 5789.92 5789.91 5789.99 5789.99 5790.01 5789.98 5789.86 5789.02 5787.5 5785.1 5781.31 5776.04 5770.33 5764.71 5759.46 5754.23 5748.83 5743.87 5739.78 5737.4 5740.41
5668.34 5668.42 5668.62 5668.79 5668.77 5668.51 5668.04 5667.06 5665.6 5663.88 5662.49 5662.77 5664.22 5666.28 5669.22 5673.99 5677.77 5683.5 5690.48 5696.54 5703.53 5711.04 5718.95 5727.05 5735.17 5743.25 5751.05 5757.82 5762.1 5763.57 5765.87 5768.97 5772.14 5775.06 5777.59 5780.12 5782.32 5783.82 5785.29 5786.59 5788.17 5787.15 5786.82 5786.69 5785.97 5786.76 5787.2 5787.39 5787.3 5787.74 5787.78 5788.05 5788.16 5787.46 5785.72 5784.15 5780.73 5775.07 5769.16 5763.59 5758.73 5754.23 5749.76 5746.01 5743.1 5741.08 5741.77
5667.82 5668.24 5668.62 5668.79 5668.9 5668.93 5668.95 5668.08 5666 5663.75 5661.95 5662.02 5663.79 5665.8 5668.09 5670.88 5675.08 5680.15 5685.82 5692.64 5700.28 5708.3 5716.71 5725.36 5734.08 5742.89 5751.44 5758.66 5763.39 5766.31 5767.91 5769.71 5771.64 5774.1 5776.37 5778.54 5780.83 5782.74 5784.13 5785.19 5785.42 5783.76 5783.79 5783.95 5783.9 5784.18 5784.43 5784.68 5784.93 5785.34 5785.77 5786.28 5786.67 5786.35 5784.89 5782.7 5779.04 5772.97 5766.98 5761.35 5756.3 5752.61 5749.82 5747.63 5746.32 5745.57 5743.6
5667.64 5667.87 5668.12 5668.48 5668.77 5669.07 5669.04 5668.28 5666.78 5664.73 5662.84 5662.89 5664.73 5666.27 5667.64 5669.07 5672.91 5677.27 5682.05 5688.76 5697.02 5705.48 5714.16 5723.01 5732.12 5741.34 5750.87 5759.84 5764.06 5766.18 5768.24 5769.98 5771.27 5773.2 5775.24 5776.84 5779.38 5781.49 5782.91 5783.64 5783.6 5781.74 5781.26 5781.48 5782.01 5781.78 5781.84 5781.94 5782.04 5782.39 5782.94 5783.67 5784.51 5785.07 5783.62 5779.88 5775 5769.47 5763.75 5758.37 5753.54 5750.62 5749.06 5748.16 5747.89 5747.28 5744.99
5667.17 5667.9 5668.32 5668.65 5668.93 5669.18 5669.22 5668.89 5668 5666.85 5666.39 5666.74 5667.29 5668 5668.83 5670.1 5672.8 5676.12 5679.24 5685.96 5694.58 5702.93 5711.48 5720.14 5729.21 5738.51 5748.02 5757.2 5761.9 5764.89 5767.35 5769.77 5772.16 5773.67 5774.84 5776.32 5778.36 5780.27 5781.74 5782.51 5782.09 5779.77 5779.36 5779.07 5778.51 5779.03 5778.89 5778.72 5778.47 5778.58 5778.97 5779.69 5780.8 5782.11 5780.68 5775.61 5770.44 5764.96 5759.71 5754.89 5751.06 5748.6 5747.53 5747.38 5747.68 5746.98 5744.16
5667.1 5667.57 5668.17 5668.52 5668.84 5669.16 5669.41 5670.01 5669.23 5669.08 5669.85 5670.48 5670.29 5670.46 5671.08 5672.36 5674.34 5677.11 5681.13 5686.62 5693.19 5700.62 5708.55 5716.73 5725.29 5734.03 5742.92 5750.65 5756.89 5761.48 5764.7 5768.13 5771.42 5773.27 5774.41 5775.66 5777.41 5778.92 5780.34 5781.7 5782.16 5779.39 5778.6 5778.4 5777.76 5776.95 5776.03 5775.24 5774.48 5774.22 5774.1 5774.33 5774.94 5775.56 5773.77 5769.42 5764.37 5759.67 5754.91 5750.51 5747.12 5745.44 5744.93 5745.16 5745.53 5744.58 5741.86
5667.06 5667.66 5667.78 5668.18 5668.58 5668.89 5668.99 5668.92 5669.77 5670.74 5671.97 5672.86 5672.92 5672.87 5673.39 5674.68 5676.36 5678.5 5681.83 5686.23 5691.84 5698.38 5705.48 5712.84 5720.61 5728.54 5736.73 5744.55 5750.22 5755.31 5759.96 5764.48 5768.79 5771.64 5773.85 5775.12 5776.05 5776.99 5778.09 5778.97 5779.9 5778.4 5777.61 5777.66 5776.52 5774.5 5772.74 5771.25 5769.98 5768.95 5768.13 5767.53 5767.25 5766.95 5765.21 5762.11 5758.38 5754.11 5749.63 5745.52 5742.53 5741.35 5741.3 5741.9 5742.62 5741.58 5739.05
5666.4 5667 5667.49 5668 5668.48 5668.82 5669.07 5668.77 5670.6 5672.29 5673.8 5675.36 5674.92 5674.66 5675.07 5676.33 5677.82 5679.19 5681.55 5684.99 5690.29 5695.93 5702.19 5708.58 5715.28 5722.12 5729.31 5736.28 5742.65 5748.29 5753.65 5758.84 5763.79 5768.16 5772.01 5773.24 5773.31 5773.73 5774.55 5775.32 5774.87 5773.73 5773.7 5775.14 5773.64 5770.91 5768.58 5766.61 5764.8 5763.13 5761.46 5759.88 5758.38 5757.14 5755.95 5754.35 5752.11 5748.57 5743.94 5739.91 5737.51 5736.72 5736.96 5737.65 5738.48 5737.75 5736.07
5665.67 5666.52 5666.89 5667.52 5668.14 5668.87 5669.74 5671.49 5672.3 5673.33 5674.51 5675.38 5675.59 5675.53 5675.73 5676.69 5677.95 5678.89 5681.19 5685.2 5688.49 5693.35 5698.57 5704.04 5709.53 5715.11 5721.26 5727.91 5734.66 5740.67 5746.13 5751.68 5757.2 5762.48 5767.1 5768.46 5768.55 5768.84 5769.4 5769.67 5767.88 5766.82 5767.37 5768.94 5768.02 5765.92 5763.74 5761.58 5759.46 5757.25 5754.76 5752.18 5749.41 5746.97 5746.62 5746.3 5745.96 5742.64 5737.64 5733.48 5731.57 5731.83 5732.48 5732.95 5733.11 5733.18 5732.57
5664.36 5665.52 5666.28 5667.1 5667.99 5668.75 5669.87 5671.19 5672.43 5673.72 5674.89 5675.99 5676.26 5675.76 5675.38 5675.63 5676.71 5677.08 5679 5681.18 5685.96 5690.56 5695.26 5699.77 5703.91 5707.8 5711.93 5717.94 5725.09 5731.55 5737.57 5743.45 5749.22 5754.73 5759.2 5761.08 5761.8 5762.26 5762.66 5762.54 5760.51 5759.91 5760.61 5761.35 5761.26 5760.01 5758.22 5756.22 5753.98 5751.44 5748.54 5745.25 5741.66 5738.79 5738.51 5738.15 5736.96 5734.36 5731.1 5727.81 5726.81 5727.84 5728.77 5729.08 5728.83 5729.34 5729.12
5663.58 5664.46 5665.74 5666.49 5667.24 5668.31 5669.43 5670.76 5672.16 5673.59 5675.07 5676.64 5676.53 5675.55 5674.4 5673.25 5672.36 5674.34 5676.9 5680.37 5684.01 5688.33 5692.49 5696.13 5699.27 5701.55 5702.93 5708.45 5715.04 5721.88 5728.43 5734.89 5740.7 5745.91 5750.15 5752.5 5753.75 5754.43 5754.87 5755.01 5752.93 5751.83 5752.73 5754.88 5754.53 5753.74 5752.48 5750.66 5748.58 5745.96 5742.96 5739.55 5735.8 5732.94 5732.14 5731.24 5729.56 5727.4 5725.78 5724.16 5724.15 5725.39 5726.51 5727.02 5727.08 5727.15 5726.68
5662.69 5663.63 5664.63 5665.4 5666.45 5667.59 5668.59 5669.98 5671.54 5673.12 5674.7 5675.87 5676.1 5675.34 5673.69 5671.76 5670.24 5672.63 5675.8 5678.18 5682.96 5687.19 5690.6 5693.54 5696.06 5698.04 5698.88 5702.61 5707.75 5712.85 5718.95 5725.68 5731.34 5736.39 5740.83 5743.65 5745.38 5746.11 5746.08 5745.36 5742.96 5743.15 5743.64 5746.26 5747.86 5747.76 5746.88 5745.4 5743.41 5740.96 5738.25 5735.08 5731.82 5729.18 5727.67 5726.23 5724.49 5722.74 5722.33 5722.18 5722.93 5724.35 5725.76 5726.63 5726.75 5726.64 5725.91
5661.58 5662.65 5663.88 5664.96 5665.95 5667.02 5667.86 5668.97 5670.13 5672.54 5674.51 5676.52 5677.26 5675.73 5673.8 5671.81 5670.65 5672.85 5676.84 5681.15 5684.67 5687.24 5689.58 5691.76 5693.87 5696.11 5699.46 5697.83 5699.42 5703.59 5708.9 5715.18 5721.05 5726.51 5731.46 5735.31 5737.67 5738.52 5737.85 5736.95 5737.33 5737.56 5738.02 5741.07 5742.46 5742.51 5741.8 5740.54 5738.89 5736.85 5734.43 5731.61 5728.92 5726.47 5724.57 5722.92 5721.38 5720.34 5720.46 5721.15 5722.55 5724.19 5725.89 5727.74 5728.36 5727.27 5726.35
5660.6 5661.74 5662.92 5664.02 5665.15 5666.26 5667.26 5668.61 5670.5 5672.11 5674.09 5676.37 5677.26 5676.14 5674.57 5673.06 5671.99 5674.3 5678.88 5684.11 5686.73 5687.61 5688.96 5690.37 5691.74 5693.02 5693.18 5691.77 5691.41 5695.02 5699.11 5704.22 5711.28 5717.68 5723.53 5728.46 5731.58 5733.04 5732.77 5732.95 5735.36 5735.6 5736.11 5737.81 5738.22 5737.95 5737.34 5736.27 5734.94 5733.25 5731.3 5729.07 5726.64 5724.34 5722.45 5720.64 5719.27 5718.63 5719.57 5721.25 5722.75 5724.48 5726.16 5727.56 5728.39 5728.14 5727.51
5660.47 5661.58 5662.78 5663.86 5664.9 5665.92 5666.69 5667.88 5669.63 5671.11 5673.1 5675.35 5676.89 5676.38 5675.82 5675.49 5675.43 5677.73 5680.9 5683.85 5686 5687.42 5688.55 5689.3 5689.63 5689.71 5689.19 5686.59 5686.48 5688.55 5691.68 5696.03 5704.45 5712.29 5718.63 5723.8 5727.54 5729.93 5731.55 5732.6 5733.74 5734.58 5735.43 5735.3 5734.57 5733.9 5733.19 5732.53 5731.48 5730.17 5728.72 5727.11 5725.3 5723 5720.97 5719.03 5717.67 5717.25 5718.69 5721.1 5723.07 5725.17 5727 5727.47 5728.81 5729.53 5729.33
5659.82 5661.14 5662.13 5663.36 5664.55 5665.61 5666.31 5666.93 5667.34 5669.78 5672.52 5674.26 5675.07 5676.38 5677.25 5678.16 5680.67 5682.44 5682.48 5683.8 5685.43 5687.38 5688.63 5688.84 5688.07 5686.22 5683.96 5681.69 5681.88 5684.47 5687.56 5692.86 5700.93 5709.26 5715.87 5720.99 5725.03 5728.14 5730.43 5732.14 5733.29 5734.11 5734.52 5732.15 5730.94 5730.08 5729.54 5728.97 5728.26 5727.44 5726.41 5725.36 5724.07 5721.88 5719.72 5717.77 5716.45 5716.04 5717.63 5720.35 5723.32 5726.17 5729.01 5731.98 5731.97 5731.89 5731.66
5658.72 5660.26 5661.76 5663.14 5664.5 5665.72 5666.65 5667.23 5667.24 5670.01 5673.09 5674.84 5675.88 5677.77 5679 5679.76 5680.16 5680.77 5683.47 5684.9 5685.68 5688.93 5689.96 5689.63 5688.17 5685.68 5683.42 5681.8 5681.84 5683.37 5685.67 5691.02 5699.68 5707.74 5714.26 5719.4 5723.59 5727.06 5729.83 5731.71 5732.98 5733.44 5732.52 5728.23 5727.15 5726.48 5726.32 5726.02 5725.66 5725.04 5724.31 5723.43 5722.39 5720.58 5718.46 5716.69 5715.58 5715.56 5717.53 5720.53 5723.7 5727.01 5730.43 5733.62 5734.31 5734.37 5734.48
5658.5 5660.17 5661.82 5663.55 5665.06 5666.51 5667.86 5669.07 5670.53 5672.99 5675.5 5677.57 5679.8 5680.88 5681.31 5681.54 5681.63 5682.81 5685.77 5689.07 5692.68 5692.67 5692.48 5691.7 5690.14 5687.55 5685.49 5684.7 5684.28 5685.05 5686.47 5691.78 5700.68 5708.85 5713.94 5718.49 5722.61 5726.32 5729.31 5731.31 5732.78 5732.86 5729.4 5724.47 5723.66 5723.44 5723.54 5723.47 5723.33 5722.83 5722.21 5721.37 5720.55 5719.24 5717.53 5715.93 5714.88 5714.68 5717.28 5721 5724.17 5727.53 5730.85 5733.56 5735.23 5736.16 5737.04
5658.25 5660.03 5661.8 5663.7 5665.46 5667.28 5669.19 5671.36 5674.37 5676.84 5678.32 5680.29 5682.69 5683.65 5683.7 5683.82 5684.08 5684.64 5689.05 5692.85 5695.73 5696.11 5695.21 5694.15 5693.2 5692.28 5689.23 5686.45 5687.42 5689.11 5691.11 5695.48 5702.15 5708.76 5713.31 5717.53 5721.59 5725.46 5728.8 5730.33 5731.3 5730.81 5727.57 5722.41 5721.21 5721.12 5721.24 5721.41 5721.44 5721.1 5720.49 5719.61 5718.94 5718.37 5717.13 5715.85 5714.73 5714.2 5717.67 5721.44 5724.48 5727.75 5731 5733.98 5735.8 5737.46 5738.98
5658.25 5660.09 5662.01 5663.76 5665.66 5667.81 5670.14 5672.75 5675.84 5678.37 5680.11 5681.95 5684.27 5685.39 5685.51 5685.94 5687.22 5690.41 5692.26 5695.58 5698.76 5698.67 5697.13 5695.8 5695.11 5695.67 5693.62 5691.46 5692.04 5693.89 5697.88 5699.89 5703.01 5707.38 5711.98 5716.19 5720.2 5723.9 5726.82 5728.48 5729.15 5728.56 5724.94 5720.54 5719.46 5719.42 5719.85 5720.08 5720.24 5720.14 5719.58 5718.6 5718.3 5718.2 5717.51 5716.67 5715.82 5715.16 5716.74 5721.37 5724.86 5727.99 5730.66 5733.24 5736.07 5738.39 5740.37
5658.27 5660.16 5662.17 5664.21 5666.26 5668.5 5670.88 5673.44 5676.13 5678.3 5680.78 5682.44 5684.44 5685.69 5686.35 5687.02 5688.36 5690.24 5693.03 5696.34 5700.06 5699.48 5697.51 5696.09 5695.1 5694.23 5696.32 5697.65 5695.84 5696.42 5698.63 5700.56 5703.1 5706.54 5710.53 5714.56 5718.39 5721.98 5724.65 5726.25 5726.77 5725.8 5723.67 5719.29 5718.4 5718.5 5718.98 5719.36 5719.85 5720.12 5719.97 5719.35 5719.24 5719.11 5718.83 5718.51 5718.2 5718.14 5719.41 5722.63 5725.95 5728.78 5731.37 5733.87 5736.52 5739.16 5741.52
5658.37 5660.42 5662.61 5664.71 5666.75 5668.96 5671.15 5673.58 5676.53 5680.16 5680.53 5681.96 5684.22 5686.04 5686.27 5686.94 5688.07 5689.92 5691.95 5694.62 5697 5697.02 5696.07 5695.24 5694.76 5695.12 5695.81 5696.4 5696.72 5697.13 5697.76 5699.82 5701.78 5705.13 5708.99 5712.76 5716.33 5719.93 5722.48 5723.77 5724.57 5724.69 5722.29 5718.88 5718.16 5718.39 5718.89 5719.46 5720.09 5720.73 5721.37 5721.92 5721.62 5721.1 5720.88 5720.9 5721.32 5722.24 5723.61 5725.51 5727.88 5730.08 5732.43 5734.67 5737.14 5739.66 5742.09
5658.21 5660.33 5662.62 5664.61 5666.84 5668.99 5671.2 5673.26 5675.13 5676 5678.81 5680.66 5682.63 5683.91 5685.12 5686.11 5686.98 5687.64 5689.64 5692.16 5692.76 5693.3 5694.02 5693.63 5693.43 5694.11 5695.63 5696.29 5696.47 5697.12 5698.6 5699.48 5701.22 5704.23 5707.77 5711.03 5713.88 5716.34 5718.9 5720.85 5721.98 5722.03 5720.32 5718.84 5718.5 5718.7 5719.27 5719.9 5720.74 5721.63 5722.56 5723.62 5723.46 5723.11 5723.07 5723.44 5724.34 5726.13 5727.68 5728.97 5730.35 5731.63 5732.62 5734.94 5737.49 5739.74 5741.92
5658.45 5660.62 5662.76 5664.86 5666.84 5668.92 5670.91 5672.72 5674.29 5675.76 5677.62 5679.59 5680.9 5682.3 5683.85 5685.22 5686.32 5687.01 5688.9 5691.4 5692.83 5693.37 5692.69 5691.63 5691.13 5692.27 5694.76 5695.56 5695.52 5695.78 5696.9 5699.05 5701.48 5704.24 5707.18 5709.84 5711.93 5713.39 5715.95 5718.17 5719.4 5718.98 5717.96 5718.82 5719.08 5719.23 5719.78 5720.74 5721.54 5722.49 5723.37 5724.2 5724.67 5724.93 5725.23 5725.69 5726.55 5728.21 5731.19 5732.21 5732.76 5733.61 5734.53 5735.99 5737.73 5739.63 5741.13
5658.79 5660.98 5663.13 5665.08 5667.08 5669.08 5670.94 5672.66 5674.16 5675.22 5677.14 5678.9 5680.04 5681.31 5683.04 5684.69 5686.31 5688.21 5690.21 5691.74 5693.22 5693.57 5691.74 5689.55 5687.81 5688.88 5691.53 5693.37 5694.38 5695.07 5696.59 5699.19 5701.5 5704.63 5707.31 5709.49 5711.13 5712.58 5714.58 5716.47 5717.58 5717.56 5716.75 5718.19 5719.14 5719.8 5720.7 5721.71 5722.72 5723.78 5724.43 5725.14 5726.1 5726.84 5727.34 5727.84 5728.24 5728.58 5731.67 5733.53 5734.48 5735.55 5736.44 5737.22 5737.98 5738.96 5739.81
5659.31 5661.51 5663.66 5665.54 5667.24 5669.19 5671.1 5672.82 5674.55 5676.36 5677.77 5678.71 5679.61 5681.09 5682.6 5684.2 5686.11 5688.35 5690.31 5691.54 5692.63 5693.19 5690.49 5687.89 5686.17 5687.34 5689.04 5692.03 5693.99 5695.76 5698.18 5701.17 5703.83 5706.13 5708.13 5709.86 5711.19 5712.29 5714.19 5715.7 5716.39 5716.47 5716.56 5717.86 5719.08 5720.52 5721.93 5723.16 5724.39 5725.47 5726.45 5727.33 5728.25 5729.07 5729.72 5730.25 5730.66 5731.29 5732.36 5734.3 5735.67 5736.85 5738.38 5737.8 5737.91 5738.11 5738.45
5659.71 5661.89 5664.01 5666.15 5667.78 5669.63 5671.43 5673.07 5674.76 5676.81 5677.92 5678.31 5679.14 5680.72 5681.99 5683.35 5685.23 5687.72 5689.93 5690.2 5690.33 5689.85 5688.98 5687.31 5685.69 5688.39 5691.42 5693.09 5694.62 5696.17 5699.67 5703.79 5706.78 5708.23 5709.48 5710.75 5711.99 5713.31 5714.64 5715.95 5716.62 5716.96 5718.22 5718.89 5719.94 5721.45 5723.35 5725.03 5726.47 5727.66 5728.67 5729.82 5730.84 5731.76 5732.47 5733.04 5733.44 5734.03 5735.59 5736.61 5736.67 5736.57 5736.57 5737.45 5737.67 5737.93 5737.67
