real_craters/C164-500m.grd
DSAA
241 241
-59.885 59.885
-59.885 59.885
2855.2927412351 4903.3839496538
[rows 210 to 239 of 241, columns 67 to 133 of 241]
4081.31 4078.21 4074.55 4071.14 4068.57 4066.8 4068.15 4069.7 4071.7 4073.48 4076.08 4079.49 4084.48 4093.12 4091.19 4085.47 4089.37 4095.81 4102.44 4108.68 4116.45 4125.11 4136.15 4148.49 4165.14 4179.78 4182.36 4180.36 4178.02 4176.13 4174.81 4175.96 4177.73 4179.89 4182.44 4184.57 4186.88 4191.63 4199.61 4200.87 4198.27 4196.7 4199.7 4201.92 4201.91 4191.52 4180.7 4173.43 4180.32 4194.01 4205.1 4216.83 4224.05 4199.41 4166.53 4140.55 4130.37 4127.04 4127.29 4129.32 4131.54 4133.85 4134.84 4137.69 4140.32 4140.26 4139.05
4084.35 4080.73 4076.28 4069.96 4064.45 4067.05 4069.39 4071.15 4072.03 4074.26 4077.45 4080.88 4085.22 4089.27 4089.56 4090.08 4092.3 4097.79 4104.29 4111.71 4120.46 4130.45 4143.54 4161.35 4182.59 4194.04 4186.98 4180.35 4176.15 4174.2 4173.14 4174.39 4177.41 4180.12 4181.5 4184.3 4186.75 4190.85 4195.65 4197.58 4195.67 4193.2 4196.42 4198.21 4196.77 4190.62 4181.69 4173.49 4167.5 4163.69 4180.89 4198.14 4211.03 4183.77 4149.29 4128.3 4125.04 4125.35 4126.8 4128.87 4130.96 4133.31 4137.35 4144.77 4144.82 4142.58 4140.26
4087.99 4085.18 4080.99 4075.69 4071.75 4072.29 4072.78 4071.74 4073.17 4075.02 4077.74 4080.99 4083.55 4083.98 4085.63 4092.57 4095.15 4100.69 4107.27 4114.7 4123.4 4132.97 4145 4159.96 4172.7 4183.11 4178.95 4173.92 4170.92 4169.33 4168.71 4169.9 4173.14 4179.6 4178.79 4181.11 4183.17 4185.96 4189.35 4191.49 4192.38 4193.41 4194.96 4196.02 4194.58 4190.46 4184.13 4175.19 4165.94 4156.58 4165.43 4174.4 4169.23 4155.62 4137.2 4124.13 4122.17 4122.55 4126.01 4129.03 4131.35 4132.83 4134.54 4150.15 4147.6 4143.9 4140.6
4093.44 4091.65 4089.19 4085.96 4082.19 4081.86 4079.99 4077.72 4075.9 4076.2 4077.99 4080.44 4083.82 4086.79 4089.99 4088.52 4096.56 4102.36 4108.14 4115.49 4123.71 4132.68 4141.78 4150.31 4154.35 4157.42 4163.05 4162.81 4161.76 4160.99 4160.84 4162.45 4164.83 4164.86 4171.62 4174.94 4177.45 4179.61 4181.92 4186.91 4189.84 4191.52 4194.41 4195.51 4194.6 4191.85 4187.37 4182.82 4171.55 4161.81 4161.4 4161.73 4154.29 4143.76 4129.99 4122.25 4118.16 4123.55 4126.87 4129.8 4132.9 4135.95 4138.51 4143.3 4144.89 4143.82 4140.69
4101.08 4099.6 4098.71 4097.96 4097.85 4093.64 4088.15 4081.52 4077.35 4076.97 4077.96 4080.13 4083.67 4088.41 4094.13 4096.2 4098.32 4102.77 4108.58 4115.1 4122.7 4130.02 4136.98 4143.1 4146.07 4145.53 4149.23 4151.69 4152.44 4152.26 4151.68 4152.99 4159.59 4167.77 4164.44 4167.33 4171.09 4175.11 4179.18 4185.54 4190.23 4193.18 4195.89 4196.34 4195.67 4192.99 4188.36 4183.28 4178.8 4170.94 4166.89 4162.38 4152.44 4141.31 4134.3 4127.54 4127.05 4128.4 4129.2 4131.38 4134.59 4139.91 4147.16 4144.55 4145.72 4145.09 4142.01
4106.85 4106.26 4106.79 4108.54 4109.32 4105.01 4095.6 4086.58 4080.53 4076.24 4075.88 4078.01 4082.05 4086.11 4089.49 4094.28 4098.67 4103.51 4108.86 4115.17 4121.08 4127.03 4131.93 4136.09 4137.29 4137.29 4139.82 4142.78 4143.24 4143.27 4141.74 4138.65 4137.14 4144.7 4151.4 4158.49 4165.16 4171.52 4179.08 4186.33 4193.82 4197.9 4198.51 4198.13 4196.18 4192.57 4191.13 4189.09 4190.53 4191.79 4187.37 4170.39 4151.79 4138.09 4130.7 4129.11 4130.11 4130.56 4129.09 4130.45 4133.45 4138.31 4144.19 4150.56 4150.91 4147.77 4144.19
4111.8 4110.98 4111.44 4114.19 4120.75 4114.63 4098 4084.84 4075.73 4072.8 4073.18 4075.77 4078.92 4082.77 4086.64 4093.66 4098.74 4104.1 4109.58 4114.47 4119.73 4124.44 4128.64 4132.08 4131.19 4128.4 4132.56 4136.5 4138.27 4138.35 4136.27 4129.9 4115.51 4116.62 4139.06 4152.25 4161.21 4168.4 4176.74 4186.9 4195 4199.66 4201.22 4200.91 4199.74 4197.2 4195.97 4195.66 4200.58 4208.97 4205.58 4175.87 4149.34 4129.72 4130.09 4127.68 4125.55 4125.16 4126.61 4128.67 4131.33 4134.64 4140.25 4147.27 4149.55 4147.56 4144.76
4113.15 4111.37 4111.05 4111.77 4110.38 4102.42 4092.98 4079.58 4067.64 4067.74 4070.39 4073.41 4077.25 4081.85 4087.1 4093.42 4098.81 4103.91 4109.31 4114.43 4118.86 4122.65 4126.25 4128.97 4131 4126.48 4129.78 4133.02 4134.95 4136.01 4135.85 4134.78 4130.97 4132.21 4142.91 4152.57 4161.15 4167.93 4177.8 4189.71 4197.9 4202.72 4204.18 4203.62 4202.37 4201.36 4199.79 4200.08 4202.19 4202.31 4192.61 4172.89 4150.27 4133.72 4130.17 4127.44 4123.58 4122.19 4125.19 4127.37 4127.72 4128.6 4130.63 4137.07 4147.68 4145.83 4143.79
4111.35 4108.28 4106.46 4105.23 4102.77 4098 4086.61 4075.39 4065.66 4065.25 4067.96 4071.47 4076.07 4081.79 4089.46 4093.82 4098.81 4104.14 4108.06 4113.15 4117.26 4120.82 4123.63 4125.71 4127.9 4127.99 4130.61 4132.66 4134.41 4136.61 4139 4144.26 4158.26 4156.15 4152.56 4156.85 4164.26 4174.12 4184.67 4196.06 4205.13 4207.75 4207.3 4205.57 4203.64 4202.71 4206.25 4203.56 4199.05 4194.1 4183.2 4168.61 4150.06 4135.88 4132.37 4129.26 4126.56 4127.15 4126.66 4125.85 4124.78 4122.12 4121.85 4135.54 4141.46 4137.54 4139.09
4107.05 4102.93 4099.87 4097 4094.77 4089.46 4079.67 4072.03 4066.63 4065.61 4066.73 4069.56 4073.77 4078.99 4085.25 4090.62 4098.82 4105.01 4109.91 4113.43 4116.86 4119.74 4121.37 4122.75 4125.16 4133.3 4134.11 4133.9 4134.94 4137.08 4140.13 4145.13 4150.9 4155.14 4156.95 4160.63 4167.03 4176.06 4188.37 4201.84 4211.97 4212.35 4209.71 4206.4 4203.31 4201.02 4201.3 4197.54 4192.08 4186.27 4178.77 4164.01 4149.55 4138.59 4135.3 4131.73 4129.22 4129.25 4128.86 4127.14 4123.88 4117.61 4104.47 4075.88 4103.25 4125.29 4135.79
4099.3 4095.27 4091.63 4087.11 4081.03 4073.4 4070.44 4068.11 4066.71 4066.67 4067.12 4069.21 4072.36 4077.35 4085.96 4093.03 4100.17 4105.15 4109.5 4113.15 4117.09 4119.44 4121.17 4122.63 4126.74 4132.97 4133.85 4133.74 4134.74 4136.84 4139.79 4143.65 4147.17 4152.6 4157.41 4163.05 4169.23 4177.4 4190.93 4205.59 4214.9 4214.11 4210.11 4205.49 4201.04 4197.32 4189.99 4187.17 4182.53 4174.97 4165.4 4156.25 4148.51 4140.22 4135.94 4133.11 4131.63 4132.59 4131.58 4130.1 4127.42 4122.89 4115.22 4104.78 4108.56 4127.05 4140.45
4089.38 4085.93 4081.92 4077.18 4071.46 4064.66 4064.37 4065.09 4066.11 4067.05 4068.51 4069.52 4070.99 4074.48 4084.21 4098.96 4102.27 4106.65 4110.55 4114.06 4116.96 4119.18 4121.02 4121.8 4124.47 4130.32 4131.38 4132.17 4133.81 4136.28 4139.02 4142.63 4147.19 4151.92 4157.42 4163.62 4171.21 4181.16 4192.81 4206.55 4215.54 4212.62 4208.31 4203.09 4197.12 4191.19 4187.15 4180.73 4174.51 4166.2 4154.71 4150.7 4148.81 4145.29 4136.25 4134.09 4133.73 4131.1 4133.76 4134.33 4133.35 4133.33 4137.86 4155.4 4143.79 4140.96 4149.88
4080.48 4078.42 4075.24 4070.59 4065.83 4062.6 4062.53 4064.34 4066.15 4067.92 4070.85 4071.56 4070.24 4069.07 4077.7 4090.93 4102.7 4107.94 4111.49 4114.56 4117.49 4119.87 4122.05 4124.21 4125.69 4125.38 4127.38 4129.6 4131.95 4135.01 4138.38 4141.85 4146.27 4151.56 4157.2 4163.68 4170.33 4180.24 4190.19 4200.23 4206.89 4207.73 4205.31 4200.8 4194.36 4185.62 4178.17 4176.01 4170.49 4163.32 4155.62 4151.93 4151.42 4147.04 4135.68 4135.41 4137 4139.91 4141.37 4140.1 4139.76 4141.25 4145.9 4149.38 4149.18 4149.04 4151.97
4074.62 4072.35 4069.69 4066.59 4062.54 4059.97 4062 4067.21 4071.73 4074.41 4079.11 4077.55 4073.69 4067.72 4073.75 4096.48 4103.68 4109.54 4112.92 4116.07 4118.6 4120.36 4122.68 4124.72 4125.08 4124.5 4124.87 4127.46 4130.7 4134.37 4137.84 4141.67 4146.12 4151.65 4157.08 4163.01 4169.27 4176.62 4186.34 4193.63 4199.5 4202.35 4201.73 4198.87 4193.84 4188.7 4184.77 4175.94 4169.57 4163.14 4158.61 4156.03 4153.35 4149.35 4138.53 4137.88 4140.29 4143.68 4145.62 4144.06 4143.86 4145.4 4148.16 4153.21 4153.95 4149.28 4151.12
4069.92 4068.56 4066.72 4064.42 4061.47 4059.6 4063.36 4073.64 4085.49 4095.3 4092.69 4086.96 4082.57 4081.88 4086.3 4093.92 4103.56 4111.03 4115.22 4117.61 4120.13 4121.92 4123.29 4125.89 4124.95 4122.79 4121.42 4126.08 4129.77 4133.18 4137.2 4142.16 4147.29 4151.62 4157.03 4162.9 4169.29 4176.87 4184.41 4191.34 4196.06 4198.63 4199.03 4197.96 4195.8 4192.14 4182.76 4177.29 4170.31 4163.89 4157.19 4151.78 4153.11 4152.17 4140.11 4139.89 4142.26 4145.87 4146.31 4144.2 4144.63 4145.82 4146.57 4143.24 4135.47 4142.01 4151.95
4067.83 4066.29 4065.31 4063.6 4062.95 4063.04 4068.46 4079.68 4094.35 4111.6 4101.68 4093.2 4089.24 4091.69 4096 4102.1 4110.89 4115.3 4117.22 4118.56 4119.2 4120.67 4122.77 4125.21 4124.06 4122.84 4125.33 4126.07 4128.97 4132.61 4136.66 4140.31 4145.48 4150.75 4156.25 4161.96 4167.38 4174.11 4182.13 4190.37 4193.97 4195.86 4197.04 4196.97 4196.78 4196.3 4190.98 4179.57 4172.21 4165.45 4159.14 4154.6 4150.85 4144.36 4145.17 4141.6 4142.3 4144.85 4140.94 4141.67 4143.45 4145.26 4145.53 4143.11 4144.37 4155.84 4151.51
4066.33 4065.32 4064.96 4064.32 4064.79 4067.36 4073.59 4081.87 4092.79 4100.82 4099.28 4093.32 4088.38 4090.22 4099.6 4115.46 4122.11 4119.3 4118.08 4117.18 4117.37 4118.17 4119.46 4114.64 4120.97 4121.58 4122.46 4125.51 4128.83 4132.44 4136.64 4141.04 4145.65 4150.59 4155.47 4160.5 4166.29 4172.34 4178.19 4183.28 4189.17 4192.89 4195.1 4196.13 4196.62 4195.85 4184.81 4179.41 4174.02 4168.54 4163.12 4157.21 4158.07 4152.7 4140.99 4139.54 4141.38 4142 4140.15 4139.04 4141.73 4144.98 4148.22 4154.12 4158.54 4151.07 4151.16
4067.16 4065.55 4064.56 4064.98 4065.76 4068.22 4072.04 4079.6 4087.57 4092.35 4092.89 4091.06 4086.59 4080.78 4095.7 4112.59 4119.38 4117.64 4116.23 4115.34 4114.52 4114.74 4115.8 4117.53 4117.79 4119.5 4122.28 4125.67 4128.41 4132.38 4136.83 4142.58 4146.85 4150.61 4155.07 4159.59 4164.4 4169.91 4174.92 4180.83 4185.49 4190.04 4192.86 4194.42 4194.53 4192.86 4189.9 4182.5 4175.83 4171.07 4168.93 4173.97 4169.39 4159.22 4149.27 4144.6 4142.34 4139.52 4133.04 4138.42 4142.4 4144.67 4147.42 4152.54 4157.54 4129.48 4148.8
4069.75 4068.28 4066.92 4066.75 4067.49 4068.81 4069.78 4077.67 4084.57 4088.29 4090.71 4090.76 4090.31 4094.54 4097.7 4104.46 4108.68 4111.82 4112.02 4111.43 4110.95 4109.88 4110.04 4111.32 4113.01 4115.74 4119.16 4122.42 4126.59 4131.68 4136.92 4142.43 4146.63 4150.95 4154.64 4158.58 4164.82 4169.22 4173.13 4176.52 4184.22 4189.36 4192.28 4193.42 4193.06 4191.78 4184.54 4179.56 4176.36 4170.88 4165.29 4158.79 4171.98 4168.58 4156.35 4149.49 4145.81 4142.48 4141.96 4144.29 4145.19 4144.66 4142.78 4138.59 4126.81 4135.36 4146.7
4072.34 4071.16 4070.34 4069.67 4070 4071.15 4074.37 4078.64 4084.48 4091.83 4094.57 4090.22 4088.12 4087.68 4095.33 4100.73 4105.53 4106.98 4107.48 4106.74 4106.51 4105.55 4104.01 4104.82 4108.23 4110.93 4113.66 4117.77 4123.81 4131.06 4138.44 4145.46 4149.16 4152.36 4155 4157.45 4159.62 4170.23 4177.96 4181.99 4187.2 4190.18 4192.03 4193.46 4194.41 4192.05 4189.27 4185.67 4179.41 4171.54 4161.14 4145.31 4144.66 4150.4 4151.61 4151.22 4149.14 4147.91 4149.54 4151.67 4148.22 4144.43 4140.4 4134.26 4126.51 4137.99 4143.32
4073.45 4073.85 4073.25 4069.75 4069.94 4071.9 4074.77 4078.22 4082.49 4086.11 4085.87 4085.58 4086.07 4088.45 4092.67 4097.47 4102.18 4101.57 4102 4102.99 4103.4 4102.86 4101.23 4102.16 4105.05 4107.6 4109.92 4112.67 4122.02 4131.11 4139.95 4146.25 4151.44 4154.15 4156.55 4159.62 4164.71 4174.91 4187.56 4193.91 4191.72 4191.28 4191.38 4191.9 4194.84 4202.15 4196.51 4193.29 4182.89 4173.36 4164.28 4161.03 4128.94 4134.97 4147.91 4152.71 4152.8 4151.54 4152.34 4154.62 4151.42 4146.7 4141.63 4137.15 4138.07 4145.08 4138.12
4070.49 4069.37 4068.35 4066.23 4068.81 4071.59 4075.89 4079.25 4079.76 4077.04 4074.75 4081.32 4084.91 4087.51 4091.33 4092.5 4090.55 4095.03 4097.8 4099.4 4100.55 4101.25 4101.82 4102.62 4104.03 4105.66 4107.75 4110.39 4120.18 4131.7 4142.37 4149.19 4154.1 4156.06 4157.6 4161.14 4169.15 4175.84 4186.8 4192.05 4191.59 4191.07 4190.26 4188.24 4182.29 4178.22 4189.06 4190.07 4182.13 4175.08 4166.52 4153.72 4141.92 4146.06 4154.01 4158.86 4157.82 4154.84 4151.39 4152.84 4150.21 4144.36 4138.65 4134.39 4135.01 4135.28 4140.61
4064.14 4060.28 4060.54 4058.75 4063.1 4069.38 4079.01 4084.28 4079.43 4076.26 4078.16 4083.25 4089.98 4092.63 4092.46 4091.66 4092.57 4093.64 4094.71 4096.43 4098.49 4101.22 4103.75 4104.37 4104.7 4105.32 4106.13 4107.09 4118.19 4132.95 4147.56 4157.05 4157.25 4157.64 4157.74 4156.52 4160.99 4172.04 4180.35 4186.39 4189.23 4190.06 4190.02 4188.75 4185.11 4181.3 4182.7 4180.26 4179.42 4176.21 4172.39 4170.47 4171.62 4163.61 4163.63 4167.68 4162.34 4158.83 4157.47 4155.71 4150.52 4145.2 4138.55 4132.74 4127.37 4129.59 4140.05
4058.89 4051.75 4048.15 4048.42 4054.15 4064.12 4074.91 4082 4082.26 4074.91 4079.15 4084.04 4097.98 4098.2 4093.04 4090.37 4090.06 4089.62 4091.29 4093.94 4096.12 4100.23 4106.09 4105.28 4105.16 4105.8 4107.82 4112.11 4121.18 4134.1 4147.67 4156.12 4158.26 4158.96 4159.61 4158.3 4161.58 4169.77 4176.81 4181.75 4185.46 4187.82 4189.44 4190.95 4193.96 4191.81 4186.17 4185.68 4181.01 4178.76 4177.81 4177.73 4176.36 4171.41 4168.4 4163.79 4164.62 4161.68 4158.87 4157.48 4152.53 4146.46 4139.5 4133.13 4130.1 4145.14 4152.91
4050.91 4042.28 4035.53 4036.94 4043.4 4054.11 4066.96 4077.82 4076.03 4069.8 4063.82 4076.77 4089.62 4092.28 4089.3 4086.41 4083.06 4083.88 4087.73 4091.04 4094.02 4096.86 4099.42 4102.78 4104.44 4107.06 4110.41 4114.86 4123.09 4134.16 4144.12 4152.2 4156.57 4159.93 4163.4 4170.2 4169.91 4169.84 4171.55 4177.42 4182.07 4185.54 4188.67 4191.21 4192.91 4190.95 4185.85 4177.63 4178.96 4180.08 4180.42 4180.57 4175.78 4171.86 4171.35 4172.59 4167.82 4163.57 4160.16 4159.74 4153.89 4148.22 4143.19 4136.47 4131.13 4135.53 4151.38
4043.62 4028.45 4019.58 4019.25 4027.21 4040.31 4053.59 4062.3 4069.4 4072.37 4071.37 4074.84 4074.35 4082.47 4083.83 4083.09 4082.04 4083.22 4086.24 4088.93 4091.66 4094.47 4098.08 4100.81 4104.09 4107.54 4112.35 4119.54 4126.47 4133.24 4139.7 4147.25 4154.3 4159.92 4164 4167.84 4169.47 4169.9 4172.07 4175.49 4180.03 4184.21 4187.82 4190.97 4195.88 4191.08 4186.71 4179.98 4180.44 4180.99 4179.74 4178.52 4173.09 4172.73 4173.02 4169.99 4168.91 4165.88 4161 4156.17 4155.73 4152.88 4148.8 4144.24 4138.69 4133.85 4155.01
4034.97 4009.75 3996.08 3996.89 4007.74 4025.17 4042.3 4057.48 4068.94 4073.31 4072.9 4072.66 4073.63 4076.5 4079.3 4080.83 4082 4083.58 4085.92 4088.01 4090.36 4092.08 4094.69 4099.29 4103.06 4107.13 4112.45 4119.46 4127.76 4129.98 4135.55 4143.48 4152.32 4160.06 4164.85 4164.4 4168.58 4169.39 4169.14 4173.97 4178.78 4183.17 4187.29 4190.3 4187.69 4191.57 4190.74 4191.69 4188.94 4182.84 4178.23 4173.63 4174.18 4174.34 4175.12 4177.74 4175.78 4169.07 4163.63 4159.11 4157.91 4155.9 4154.26 4152.89 4152.17 4152.57 4145.87
4020.77 3982.34 3963.43 3966.92 3986.2 4012.22 4037.2 4058 4071.75 4076.34 4075.43 4072.7 4069.97 4073.47 4076.57 4079.5 4082.44 4088.21 4085.92 4087.64 4089.79 4091.97 4095.02 4098.21 4101.95 4105.75 4110.38 4115.79 4120.86 4123.65 4128.15 4139.26 4151.6 4162.53 4171.44 4175.71 4174.12 4171.36 4170.83 4173.93 4178.09 4182.09 4186.08 4189.8 4192.28 4192.22 4191.83 4192.6 4189.54 4181.86 4176.24 4173.72 4172.63 4173.32 4174.98 4176.66 4174.85 4169.97 4165.29 4161.88 4159.63 4159.32 4161.16 4163.42 4166.36 4162.79 4145.82
3997.55 3943.29 3920.02 3934.07 3965.74 4001.08 4034.44 4066.06 4078.17 4078.07 4075.66 4073.63 4072.07 4073.19 4075.7 4078.39 4080.58 4082.44 4085.08 4087.11 4089.33 4092 4094.89 4097.58 4100.82 4103.9 4107.71 4110.75 4113.83 4118.12 4124.33 4138.13 4151.79 4164.7 4177.6 4186.58 4179.63 4172.85 4170.86 4173.93 4177.76 4181.59 4185.42 4188.31 4189.56 4189.92 4188.72 4186.83 4182.61 4177.06 4172.47 4169.02 4171.27 4173.34 4173.11 4173.94 4172.69 4169.88 4165.4 4161.23 4159.89 4161.18 4163.91 4167.9 4174.37 4176.84 4158.04
3975.09 3895.59 3866.45 3906.93 3954.9 3995.9 4031.3 4060.68 4075.21 4076.86 4074.76 4071.2 4071.82 4073.27 4075.04 4076.92 4079.74 4083.28 4084.25 4086.04 4088.68 4092.34 4094.72 4096.8 4099.42 4102.62 4105.34 4107.76 4109.34 4117.63 4128.62 4140.18 4152.37 4164.75 4176.82 4182.95 4180.37 4175.65 4173.41 4174.72 4177.24 4180.6 4184.09 4187.12 4188.31 4186.93 4184.24 4179.84 4174.1 4171.7 4167.7 4167.81 4163.73 4163.12 4169.65 4174.06 4175.58 4170.38 4165.59 4161.39 4158.02 4161.58 4164.74 4167.07 4168.67 4166.94 4157.89
