real_craters/C164-300m.grd
DSAA
400 400
-59.885 59.885
-59.885 59.885
2855.003975658 4904.135973749
[rows 270 to 299 of 400, columns 67 to 133 of 400]
4067.08 4066.07 4065.3 4065.75 4065.68 4065.34 4064.87 4064.45 4063.87 4063.54 4063.33 4063.13 4064.31 4066.53 4069.91 4073.19 4076.05 4080.7 4086.36 4091.01 4098.16 4106.18 4114.46 4121.99 4127.74 4129.36 4129.85 4127.15 4120.15 4108.61 4092.21 4104.36 4112.29 4118.07 4123.61 4131.21 4140.27 4135.95 4136.61 4136.27 4131.91 4132.46 4131.35 4128.63 4125.95 4130.1 4134.35 4135.85 4136.68 4137.13 4137.38 4137.86 4137.98 4138.23 4137.9 4136.17 4135.56 4134.62 4134.62 4133.42 4132.26 4131.36 4130.72 4129.89 4129.54 4129.55 4131.06
4070.76 4070.27 4069.66 4069.45 4068.95 4068.12 4067.55 4066.93 4066.21 4065.74 4065.33 4065.25 4066.46 4068.92 4072.57 4075.76 4078.43 4081.69 4085.48 4094.37 4103.59 4113.07 4122.82 4132.1 4139.48 4142.19 4144.42 4142.53 4136.26 4128.7 4118.96 4120.48 4123.64 4128.06 4132.63 4136.42 4139.15 4140.46 4140.24 4138.9 4136.45 4134.97 4133.34 4130.68 4126.7 4131.26 4135.3 4136.72 4137.49 4137.86 4138.61 4138.8 4138.57 4138.47 4138.11 4136.08 4133.77 4133.25 4134.44 4133.06 4131.07 4129.24 4128.07 4126.96 4125.91 4125.84 4127.37
4074.43 4075.36 4074.97 4073.35 4072.06 4071.14 4070.38 4069.72 4068.85 4068 4067.53 4067.62 4068.69 4070.71 4073.33 4076.67 4080.71 4084.29 4086.35 4098.76 4108.45 4118.65 4129.95 4141.9 4153.8 4165.12 4168.26 4159.28 4150.78 4149.56 4153.89 4136.69 4134.38 4137.43 4141.67 4143.35 4143.94 4144.82 4140.47 4140.19 4140.54 4138.12 4135.98 4133.59 4131.42 4133.74 4136.56 4138.09 4138.88 4139.15 4138.62 4138.48 4138.22 4138.31 4137.98 4137.1 4136.95 4136.99 4135.79 4132.33 4129.22 4126.74 4125.08 4123.31 4122.23 4122.03 4123.38
4077.52 4078.56 4078.06 4076.25 4074.92 4073.93 4073.31 4072.62 4071.88 4070.94 4069.78 4069.35 4070.36 4072.56 4075.39 4079.22 4083.54 4090.31 4102.18 4104.82 4111.61 4121.76 4134.49 4148.84 4164.43 4178.94 4182.27 4170.89 4155.31 4141.27 4135.91 4137.43 4139.68 4144.83 4151.36 4156.22 4155.35 4152.39 4154.1 4146.35 4141.11 4139.72 4139.27 4137 4135.91 4137.55 4140.21 4140.16 4139.95 4139.92 4139.6 4139.2 4137.1 4137.14 4137.56 4138.09 4141.57 4143.17 4136.31 4130.47 4126.18 4122.86 4121.09 4119.36 4117.8 4117.25 4117.43
4079.48 4080.06 4079.51 4078.31 4077.3 4076.64 4075.88 4075.69 4075.05 4074.72 4073.39 4068.93 4072.01 4074.95 4077.17 4080.2 4084.31 4090.85 4099.39 4103.29 4110.33 4121.12 4134.82 4150.72 4168.21 4186 4194.65 4176.51 4154.64 4131.46 4124.89 4133.86 4141.45 4149.42 4158.48 4168.06 4164.03 4152.97 4145.61 4145.54 4146.26 4146.58 4143.11 4140.44 4139.14 4139.56 4140.53 4140.11 4140.15 4139.24 4138.06 4137.42 4136.06 4135.33 4135.23 4135.51 4138.54 4138.62 4132.55 4125.58 4120.88 4117.99 4115.86 4114.42 4113.77 4113.12 4112.34
4082.61 4080.74 4080.66 4080.1 4079.52 4078.98 4079.15 4078.77 4078.8 4079.32 4080.25 4081.55 4078.44 4079.06 4079.74 4079.58 4084.04 4087.01 4088.37 4094.38 4104.52 4116.62 4130.58 4146.27 4163.22 4180.66 4190.73 4172.82 4152.59 4135.6 4129.54 4134.23 4141.6 4150.14 4159.25 4166.41 4161.54 4148.64 4138.13 4141.82 4145.67 4147.4 4146.23 4144.7 4142.69 4140.71 4138.97 4139.53 4140.75 4140.1 4138.13 4134.76 4132.3 4130.53 4129.24 4127.99 4129.85 4132.25 4123.94 4117.69 4112.96 4111.3 4110.52 4109.38 4108.57 4108.2 4107.38
4086.97 4083.39 4083.06 4082.5 4081.76 4081.38 4080.52 4080.65 4081.44 4082.91 4085.35 4087.27 4083.66 4083.98 4085.42 4086.97 4086.92 4084.35 4081.61 4085.81 4096.76 4109.44 4123.1 4137.01 4150.46 4162.2 4167.27 4157.56 4145.62 4138.2 4133.5 4134.66 4140.14 4147.67 4155.23 4160.55 4157.11 4147.69 4140.91 4142.6 4145.09 4147.52 4153.38 4149.74 4144.66 4142.81 4140.7 4142.23 4143.97 4142.23 4138.54 4133.27 4129.21 4125.61 4122.28 4118.13 4115.15 4109.21 4107.95 4105.8 4103.77 4103.78 4104.62 4104.38 4103.77 4103.35 4102.46
4090.23 4086.49 4083.53 4081.81 4081.98 4081.66 4081.58 4082.13 4083.4 4084.64 4086.84 4087.9 4087.06 4088.04 4090.32 4094.57 4090.2 4083.1 4077.59 4079.19 4089.24 4101.43 4114.05 4125.26 4134.2 4139.21 4138.38 4134.97 4131.85 4131.05 4129.54 4131.35 4136.4 4142.98 4149.15 4153.5 4154.02 4149.88 4145.69 4146.69 4147.42 4147.13 4156.23 4141.96 4142.78 4146.85 4150.14 4152.2 4149.86 4143.88 4137.42 4131.51 4126.06 4120.95 4115.68 4109.65 4101.49 4093.25 4093.84 4096.23 4097.15 4096.48 4096.74 4099.06 4098.75 4098.4 4097.56
4089.62 4085.11 4083.08 4081.65 4081.4 4081.1 4081.2 4081.95 4083.54 4084.84 4086.37 4087.51 4089.14 4088.83 4090.41 4092.74 4089.42 4081.68 4074.6 4073.89 4084.53 4095.8 4106.12 4114.7 4119.92 4120.13 4113.59 4113.18 4115.61 4115.97 4120.44 4125.01 4130.78 4137.32 4142.93 4147.09 4152.8 4158.24 4155.54 4150.45 4151 4157.66 4163.11 4143.6 4143.3 4150.51 4162.93 4168.64 4155.11 4143.56 4134.87 4127.92 4121.85 4115.98 4109.81 4102.82 4094.63 4086.88 4086.85 4090.75 4091.47 4093.29 4094.19 4093.95 4093.98 4093.28 4092.69
4087.92 4083.14 4082.33 4081.99 4080.81 4080.55 4080.54 4081.45 4082.48 4084.19 4085.27 4085.3 4084.66 4084.57 4086.14 4088.51 4086.21 4079.69 4074.76 4075.09 4082.83 4092.54 4101.65 4108.37 4111.5 4109.96 4104.74 4103.1 4104.66 4106.55 4111.79 4117.87 4124.28 4130.97 4137.83 4142.54 4146.75 4157.11 4153.23 4145.11 4145.11 4154.27 4160.21 4147.44 4139.89 4144.92 4157.2 4162.27 4147.43 4136.37 4128.56 4122.26 4116.63 4111.04 4105.06 4098.59 4092.18 4087.2 4086.11 4088.03 4090.01 4092.01 4092.93 4089.3 4089.49 4089.16 4088.92
4087.85 4083.34 4081.6 4081.18 4080.24 4079.83 4079.67 4079.93 4080.31 4081.3 4083.41 4081.53 4077.46 4077.19 4079.41 4080.39 4079.24 4076.96 4075.09 4076.43 4083.26 4092.1 4099.97 4105.63 4108.38 4107.98 4106 4103.61 4099.7 4099.35 4105.75 4111.97 4117.85 4123.5 4129.74 4132.9 4129.11 4124.66 4128.4 4127.72 4126.06 4123.28 4122.73 4121.03 4123.48 4127.84 4131.07 4129.51 4127.16 4123.33 4119.12 4114.99 4110.86 4106.41 4101.43 4096.37 4091.56 4086.98 4084.99 4086.56 4089.05 4090.44 4091.54 4089.33 4089.18 4090.41 4090.01
4089 4084.83 4081.76 4080.25 4079.13 4078.31 4077.91 4077.99 4077.86 4077.24 4075.34 4074.54 4072.03 4072.17 4073.85 4074.26 4074.26 4074.82 4075.69 4078.17 4085.43 4093.92 4100.95 4105.87 4109.04 4109.95 4109.21 4106.24 4101.13 4098.75 4104.33 4108.86 4112.31 4114.65 4116 4115.19 4110.65 4104.23 4106.93 4109.12 4106.42 4098.68 4092.61 4096.06 4105.33 4109.66 4108.64 4104.42 4107.05 4109.73 4109.85 4108.62 4106.3 4103.11 4099.44 4095.43 4091.87 4087.33 4084.7 4087.45 4089.7 4090.69 4091.39 4088.61 4088.9 4089.69 4089.62
4089.21 4085.12 4081.24 4079.26 4078.07 4077.31 4076.71 4076.45 4075.34 4074.34 4072.04 4071.57 4071.68 4071.57 4070.55 4070.03 4070.86 4073.96 4078.04 4081.7 4090.61 4099.17 4104.9 4108.78 4111.72 4113.65 4114.98 4114.61 4110.61 4107.67 4107.43 4108.54 4108.94 4107.82 4104.38 4101.72 4099.05 4097.25 4096.75 4097.34 4095.27 4089.95 4084.56 4089.2 4096.49 4098.88 4095.96 4090.52 4094.28 4100.13 4102.77 4103.61 4103.28 4101.52 4099.13 4096.56 4094.49 4092.09 4090.71 4091.43 4091.76 4091.47 4091.6 4092.52 4092.63 4093.71 4093.53
4082.51 4080.83 4078.96 4077.65 4078.26 4077.46 4076.37 4075.29 4074.14 4072.52 4072.1 4070.71 4070.51 4069.87 4067.82 4066.46 4067.4 4074.06 4083.64 4092.26 4102.14 4107.87 4110.4 4112.55 4115.15 4117.77 4120.47 4121.66 4118.13 4114.31 4111.72 4110.35 4108.72 4105.39 4099.42 4095.72 4092.01 4089.41 4091.25 4092.33 4092.19 4093 4095.54 4096.03 4097.73 4096.89 4093.46 4089.97 4091.32 4095.71 4099.34 4101.1 4101.03 4100.38 4099.12 4097.88 4097.28 4098.42 4101.95 4097.2 4094.94 4094.6 4094.39 4094.76 4094.78 4094.43 4094.34
4074.62 4075.86 4076.39 4075.99 4075.28 4074.59 4073.79 4072.96 4071.86 4070.48 4069.26 4069.11 4068.63 4067.27 4065.42 4063.65 4064.36 4074.14 4089.94 4109.34 4119.08 4116.36 4114.91 4115.4 4117.62 4120.73 4124.12 4126.13 4121.2 4118.05 4115.71 4113.61 4111.49 4108.14 4102.95 4098.81 4092.71 4089.09 4092.38 4094 4094.36 4096.3 4106.32 4106.64 4104.72 4101.03 4096.75 4093.37 4094.14 4097.05 4100.23 4102.19 4102.24 4101.49 4100.94 4099.62 4099.19 4099.75 4100.75 4097.69 4096.06 4095.03 4095.35 4094.44 4094.36 4095.47 4095.44
4074.35 4074.34 4073.94 4073.26 4073.03 4072.46 4071.94 4071.41 4070.92 4069.77 4067.26 4068.05 4067.72 4066.88 4064.07 4061.76 4062.62 4072.39 4089.97 4111.8 4123.2 4117.06 4114.53 4115.08 4117.44 4121.12 4125.05 4129.63 4128.03 4122.72 4119.14 4116.96 4115.98 4115.48 4113.6 4110.43 4104.09 4100.04 4100.73 4100.26 4099.31 4100.09 4117 4116.8 4112.64 4107.22 4102.43 4098.4 4098.28 4102.32 4105.57 4107.54 4107.65 4106.83 4105.28 4103.37 4101.24 4098.09 4094.6 4094.4 4095.39 4095.32 4095.19 4095.57 4094.88 4096.27 4095.23
4079.78 4074.66 4072.41 4071.27 4069.42 4068.96 4068.73 4068.81 4069.43 4071.13 4071.46 4067.85 4066.42 4065.19 4062.22 4060.14 4060.45 4068.17 4082.37 4096.79 4105.35 4106.78 4108.35 4110.98 4114.35 4118.39 4122.38 4127.92 4129.61 4123.85 4119.99 4118.47 4119.1 4122.02 4126.55 4125.64 4124.9 4119.22 4112.86 4108.69 4106.63 4108.04 4121.86 4124.27 4118.46 4112.93 4109.26 4107.43 4108.29 4110.72 4112.31 4112.74 4112.15 4110.89 4108.7 4105.86 4102.77 4098.92 4094.86 4094.42 4095.33 4095.45 4095.51 4095.66 4095.48 4097.59 4097.69
4075.95 4071.51 4069.06 4067.92 4067.12 4066.78 4066.58 4066.58 4067.04 4068.13 4068.15 4065.72 4063.82 4061.5 4060.01 4059.1 4059.56 4064.41 4072.87 4079.55 4082.67 4092.34 4099.26 4104.45 4109.09 4112.59 4116.05 4118.43 4120.91 4118.85 4117.06 4116.87 4118.49 4122.02 4126.73 4132.85 4142.84 4133.43 4121.12 4114.9 4113.34 4117.06 4129.43 4127.33 4119.04 4115.35 4115.18 4118.08 4120.17 4120.97 4120.54 4119.37 4117.54 4114.94 4112.05 4108.75 4105.04 4101.54 4099.56 4098.14 4097.08 4096.52 4096.55 4096.7 4097.04 4098.02 4097.96
4066.89 4066.41 4065.09 4064.37 4064.44 4063.88 4063.75 4063.67 4063.39 4062.59 4062.63 4062.51 4061.69 4060.78 4059.8 4058.95 4059.25 4061.89 4066.22 4069.71 4071.95 4082.12 4090.96 4097.57 4102.72 4106.56 4108.49 4108.58 4110.14 4110.63 4111.47 4112.74 4114.66 4117.45 4120.86 4125.36 4131.15 4127.42 4119.53 4115.12 4114.5 4116.89 4119.74 4113.58 4110.23 4113.14 4118.56 4125.82 4131.53 4131.14 4128.53 4125.55 4122.6 4119.12 4115.51 4111.94 4107.9 4104.19 4101.19 4098.61 4097.92 4098.19 4099.28 4099 4099.4 4099.52 4099.45
4064.22 4062.57 4061.79 4061.74 4061.36 4061.45 4061.46 4061.01 4060.34 4059.74 4059.74 4060.12 4060.37 4060.95 4060.54 4059.3 4058.91 4059.82 4063.4 4066.56 4070 4077.65 4085.39 4091.86 4096.98 4100.54 4101.98 4101.49 4100.47 4102.91 4104.94 4107.41 4109.13 4109.88 4110.23 4109.19 4107.32 4110.8 4110.49 4109.39 4109.08 4106.67 4090.1 4082.63 4097.28 4108.99 4119.73 4130.67 4140.59 4138.47 4134.95 4131.45 4127.96 4123.98 4119.68 4115.39 4110.93 4106.81 4102.5 4098.75 4099.61 4099.7 4100.66 4100.74 4100.76 4100.59 4100.59
4062.46 4060.8 4060.66 4060.08 4060.68 4060.16 4060.19 4059.54 4058.58 4057.87 4058.02 4058.68 4059.47 4060.13 4060.13 4059.8 4060.14 4061.39 4063.82 4066.62 4071.04 4076.22 4082.15 4087.8 4092.81 4096.08 4097.59 4096.83 4092.48 4096.08 4099.72 4103.4 4104.96 4103.02 4100.92 4097.37 4093.98 4098.36 4101.23 4101.71 4100.22 4095.96 4083.36 4078.55 4092.26 4107.4 4120.37 4130.5 4135.14 4138.01 4139.59 4137.51 4133.8 4129.39 4124.6 4119.77 4114.94 4110.26 4106.7 4104.99 4102.74 4102.61 4103.06 4102.84 4102.86 4103.91 4103.75
4060.65 4059.62 4059.85 4060.12 4060.38 4060.13 4059.9 4058.86 4057.61 4056.99 4057.24 4058.3 4059.19 4059.62 4059.69 4060.47 4061.78 4064.22 4065.29 4066.87 4070.07 4074.91 4080.33 4085.5 4089.94 4093.47 4095.52 4095.17 4091.06 4091.74 4096.53 4102.06 4105.54 4104.34 4100.29 4094.18 4090.39 4092.67 4095.35 4096.1 4093.95 4089.98 4084.23 4082.31 4095.71 4110.78 4123.8 4133.73 4137.73 4143.27 4145.55 4143.1 4138.72 4134 4128.9 4123.93 4118.95 4114.4 4109.96 4105.39 4105.96 4106 4106.46 4106.55 4106.51 4108.44 4107.67
4059.47 4058.98 4059.5 4060.33 4060.76 4060.87 4060.37 4059.26 4057.49 4056.24 4057.48 4059.06 4060.15 4060.86 4061.1 4061.46 4062.02 4063.9 4064.34 4066.39 4069.91 4074.64 4079.89 4084.62 4088.54 4091.48 4094.32 4096.17 4086.74 4088.43 4095.33 4103 4110.19 4114.45 4106.54 4095.96 4090.6 4091.33 4093.45 4094.75 4094.62 4092.25 4091.53 4093.05 4106.18 4118.78 4131.03 4142.45 4153.09 4157.75 4153.95 4148.81 4143.32 4137.66 4132.63 4127.8 4123.5 4119 4114.36 4109.86 4110.62 4110.94 4110.71 4110.94 4110.35 4109.08 4109.21
4058.6 4058.48 4059.28 4060.53 4061.21 4061.73 4061.95 4061.34 4059.74 4057.8 4059.93 4061.44 4062.44 4063.37 4064.23 4062.79 4061.16 4059.63 4061.37 4065.92 4070.98 4076.15 4080.81 4084.81 4088.28 4090.77 4092.72 4092.47 4088.2 4089.48 4095.79 4103.8 4112.61 4119.52 4109.45 4097.09 4091.57 4092.25 4094.61 4096.72 4098.75 4099.06 4104.03 4114.31 4120.32 4128.28 4138.46 4149.53 4160.62 4164.8 4159.66 4152.5 4146.03 4140 4135.77 4131.47 4127.88 4124.44 4121 4118.91 4118.24 4117.69 4116.72 4114.92 4113.44 4111.77 4110.51
4058.3 4059.5 4060.79 4062.19 4063.22 4064.3 4065.1 4065.45 4065.58 4065.4 4064.98 4065.33 4065.61 4065.7 4064.96 4063.53 4061.67 4059.41 4060.7 4066.86 4073.51 4079.67 4082.91 4086.3 4089.36 4091.48 4092.77 4091.74 4091.13 4091.98 4096.59 4102.95 4109.21 4112.51 4105.44 4095.16 4092.24 4094.25 4097.02 4099.74 4101.77 4105.35 4113.67 4124.04 4129.3 4135.12 4142.84 4151.98 4160.69 4164.75 4159.75 4152.89 4146.73 4141.5 4137.02 4133.76 4131.11 4129.51 4128.01 4127.08 4126.8 4125.17 4122.16 4119.18 4116.8 4114.97 4113.43
4059.05 4060.87 4062.34 4064.56 4066.06 4067.79 4068.94 4070.02 4071.76 4072.42 4070.62 4070.09 4069.68 4068.98 4067.65 4066.63 4065.07 4063.15 4064.41 4070.64 4076.14 4080.9 4085.12 4088.88 4091.58 4093.34 4094.63 4096.21 4092.15 4091.9 4098.14 4101.77 4103.83 4103.75 4101.35 4095.89 4095.41 4097.51 4100.72 4104.62 4109.35 4114.91 4120.41 4125.91 4131.55 4137.57 4143.47 4149.97 4156.51 4159.29 4154.96 4148.57 4143.02 4138.81 4135.76 4133.85 4132.79 4133.18 4134.39 4136.9 4136.96 4133.07 4127.29 4123.29 4120.45 4118.52 4115.24
4060.03 4062.13 4065.45 4067.91 4070.5 4072.85 4074.22 4074.67 4074.43 4075.03 4075.51 4075.37 4074.63 4073.62 4072.41 4071.12 4070.91 4072.01 4075.19 4077.32 4080.33 4083.37 4088.56 4092.9 4095.42 4096.39 4096.32 4096.25 4099.54 4103.4 4102.79 4102.58 4100.72 4099.91 4101.84 4102.52 4101.32 4101.93 4104.41 4109.12 4116.32 4122.55 4125.07 4128.49 4133.3 4137.6 4140.46 4143.82 4147.77 4150.67 4145.77 4139.95 4136.03 4133.58 4132.36 4131.93 4132.58 4134.48 4137.8 4143.36 4144.82 4137.13 4130.72 4126.14 4123.34 4120.89 4116.99
4060.69 4063.95 4067.73 4071.63 4075.19 4078.21 4080.27 4081.03 4078.86 4080.09 4081.82 4081.61 4080.5 4079.28 4078.26 4077.66 4076.65 4078.22 4082.04 4083.42 4086.47 4089.6 4095.16 4099.36 4101.06 4100.97 4100.5 4102.03 4105.76 4106.87 4109.01 4106.22 4100.67 4098.52 4104.76 4109.05 4106.06 4104.69 4105.89 4109.91 4116.61 4120.52 4125.16 4132.34 4137.45 4135.7 4134.17 4133.7 4133.82 4134.32 4129.93 4127.42 4126.6 4126.6 4127.06 4127.58 4129.55 4132.03 4135.59 4140.56 4143.41 4135.05 4129.5 4126.09 4123.93 4121.89 4118.41
4060.5 4064.9 4068.69 4073.9 4078.85 4083.85 4087.86 4091.02 4091.95 4091.72 4090.91 4089.33 4087.21 4084.83 4083.44 4081.97 4080.07 4080.48 4082.53 4087.47 4094.45 4100.72 4106.65 4108.8 4108.42 4106.7 4104.59 4107.15 4113.92 4121.29 4117.54 4112.86 4107.47 4104.41 4106.31 4107.97 4105.64 4103.99 4103.89 4104.84 4106.73 4111.91 4119.23 4127.87 4133.62 4128.59 4125.12 4121.63 4116.46 4108.42 4107.92 4112.95 4116.6 4119.08 4120.99 4122.62 4124.68 4126.87 4128.95 4129.11 4124.28 4127.21 4125.52 4123.65 4122.14 4120.7 4119.62
4059.32 4064.54 4070.75 4077.02 4083.59 4089.71 4096.04 4102.26 4107.8 4104.72 4100.85 4097.51 4094.11 4090.27 4085.91 4081.47 4082.37 4082.97 4083.75 4091.41 4103.69 4116.46 4121.15 4119.16 4116.53 4113.94 4110.72 4113.34 4120.75 4125.45 4123.82 4118.38 4115.63 4110.45 4105.17 4103.23 4101.89 4100.94 4100.23 4099.01 4098.28 4103.67 4110.32 4115.1 4116.34 4116.7 4115.43 4111.41 4104.32 4093.89 4094.42 4102.83 4108.38 4111.97 4115.07 4117.25 4119.22 4120.91 4121.48 4121.24 4120.4 4121.45 4121.24 4120.78 4120.97 4121.12 4122.6
