real_craters/C164-500m.grd
DSAA
241 241
-59.885 59.885
-59.885 59.885
2855.2927412351 4903.3839496538
[rows 60 to 89 of 241, columns 0 to 66 of 241]
4084.82 4084.33 4075.72 4078.77 4079.27 4081.58 4082.95 4084.69 4084 4073.72 4058 4037.13 4010.18 3998.27 4045.06 4092.83 4085.51 4072.81 4075.09 4078.61 4083.54 4088.59 4086.32 4092.24 4095.4 4099.3 4101.1 4101.4 4100.06 4097.71 4094.66 4091.34 4086.11 4079.57 4076.73 4078.19 4081.97 4084.76 4088 4090.95 4093.69 4096.51 4099.42 4101.97 4104.08 4105.64 4107.1 4109.43 4111.77 4113.13 4114.82 4119 4123.6 4133.04 4138.48 4162.49 4187.3 4209.71 4227.72 4238.58 4235.78 4222.56 4212.72 4207.1 4203.03 4198.94 4197.04
4085.27 4084.23 4084.16 4082.17 4082.13 4085.15 4088.4 4090.39 4090.39 4080.9 4063.64 4042.83 4019.96 4006.78 4045.93 4081.9 4084.64 4074.81 4075.15 4079.38 4083.4 4085.03 4090 4094.12 4098.06 4098.69 4097.57 4096.47 4094.95 4092.02 4088.37 4083.64 4077.46 4070.1 4066.81 4068.43 4071.83 4077.48 4081.85 4086.07 4091.14 4096.45 4101.57 4103.77 4105.09 4105.86 4108.27 4110.65 4113.95 4120.47 4125.03 4124.6 4132.73 4146.38 4162.03 4178.32 4202.81 4225.19 4246.24 4261.38 4256.19 4227.98 4212.43 4204.58 4200.02 4197.22 4195.28
4086.11 4085.54 4084.38 4081.14 4082.86 4086.65 4091.1 4095.57 4100.49 4089.65 4073.22 4059.22 4050.79 4055.41 4069.38 4079.13 4078.95 4075.72 4077.85 4079.57 4083.85 4087.76 4094.37 4096.6 4099.3 4096.67 4094.44 4092.45 4089.74 4087.08 4082.67 4078.09 4072.47 4067.31 4066.06 4064.01 4065.76 4070.26 4074.78 4081.12 4088.95 4097.1 4103.17 4106.45 4105.96 4105.3 4104.74 4109.16 4114.12 4119.57 4125.45 4131.37 4142.94 4158.12 4174.38 4199.08 4220.94 4239.57 4258.64 4278.59 4272.51 4229.09 4208.01 4198.98 4193.8 4190.22 4188.23
4086.86 4085.87 4084.68 4082.35 4084.73 4087.81 4090.61 4093.83 4095.17 4088.87 4079.4 4073.32 4076.11 4094.47 4086.59 4073.73 4065.73 4075.09 4074.55 4075.67 4081.13 4084.59 4092.99 4093.31 4090.76 4090.95 4089.02 4088.1 4086.98 4083.98 4079.79 4074.84 4070.35 4066.49 4064.37 4065.46 4066.78 4065.85 4067.13 4076.42 4086.58 4097.54 4110.92 4108.17 4106.02 4104.6 4103.59 4109.34 4114.61 4117.98 4125.2 4140.39 4153.11 4172.9 4202.4 4228.38 4234.17 4242.77 4254.87 4269.45 4259.3 4218.41 4200.85 4192.21 4186.71 4184.04 4182.4
4088.79 4086.92 4083.91 4085.38 4087.37 4087.57 4089.06 4090.05 4088 4084.74 4081.85 4080.16 4080.85 4079.81 4079.19 4077.59 4071.48 4075.36 4072.54 4073.05 4078.84 4082.32 4090.21 4092.04 4086.72 4084.97 4083.91 4083.04 4081.47 4080.38 4078.24 4074.84 4071.45 4066.54 4063.71 4065.59 4067.18 4065.11 4066.78 4073.63 4083.77 4094.2 4100.5 4104.69 4105.16 4104.5 4105.62 4112.3 4119.74 4122.19 4125.98 4125.39 4156.59 4185.66 4214.18 4231.22 4234.52 4235.62 4235.27 4230.86 4223.24 4211.37 4195.91 4184.67 4180.8 4178.82 4177.59
4092 4090.14 4088.7 4090.37 4089.57 4088.47 4087.97 4087.5 4085.74 4084.01 4084.85 4083.06 4081.03 4077.59 4076.77 4077.66 4074.38 4088.09 4074.06 4071.1 4075.83 4080.02 4086.93 4087.5 4079.08 4078.98 4079.12 4078.79 4078.45 4079.24 4078.03 4076.21 4073.62 4070.21 4065.67 4067.18 4067.23 4064.46 4063.15 4071.28 4082.04 4092.33 4102.4 4105.23 4104.01 4104.73 4108.11 4116.06 4128.37 4144.02 4138.8 4144.85 4160.02 4183.85 4206.86 4221.56 4224.78 4221.42 4212.9 4197.62 4189.98 4179.12 4170.96 4174.07 4174.31 4174.02 4173.59
4094.83 4093.34 4092.63 4089.71 4086.68 4088.41 4089.06 4089.11 4089.16 4089.49 4086.65 4084.54 4081.59 4077.64 4076.45 4079.31 4081.24 4073.62 4073.76 4073.42 4072.67 4077.4 4081.52 4081.08 4076.71 4075.38 4075.39 4075.73 4076.84 4078.04 4078.47 4079.6 4079.07 4077.77 4075.63 4072.15 4070.14 4066.33 4064.92 4072.59 4082.95 4091.71 4096.78 4098.84 4101.71 4102.92 4106.77 4114.69 4128.2 4143.51 4139.28 4140.11 4149.57 4164.97 4187.86 4206.49 4211.37 4207.27 4197.55 4185.65 4177.41 4169.49 4167.87 4169.51 4169.73 4169.79 4170.18
4096.7 4096.22 4095.64 4093.38 4089.76 4089.73 4090.45 4090.66 4090.42 4088.93 4088.19 4085.77 4082.92 4079.94 4078.17 4079.21 4079.32 4073.31 4071.27 4072.16 4074.87 4071.51 4077.23 4079.84 4071.66 4072.62 4074.14 4075.4 4077.1 4078.73 4080.61 4082.17 4084.52 4086.48 4086.25 4081.56 4073.83 4072.8 4073.58 4079.12 4087.55 4094.82 4098.81 4101.24 4102.32 4099.71 4099.79 4106.79 4114.86 4123.61 4128.62 4129.38 4131.92 4141.76 4167.59 4192.16 4199.65 4195.75 4186.32 4176.06 4172.23 4172.15 4172.95 4168.54 4168.01 4167.89 4168.03
4099.69 4099.39 4098.14 4095.82 4093.3 4092.54 4092.43 4092.66 4092.83 4092.55 4090.7 4088.41 4086.26 4083.46 4080.56 4078.42 4075.56 4072.71 4062.81 4056.36 4074.25 4075.79 4074.18 4072.26 4069.92 4071.45 4073.17 4075.6 4076.65 4078.41 4080.91 4083.81 4087.49 4092.24 4097.63 4094.24 4087.82 4085.77 4085.62 4089.26 4095.43 4101.87 4109.06 4113.52 4106.52 4099.49 4096.46 4098.4 4099.81 4103.22 4117.69 4119.7 4117.03 4121.15 4153.2 4182.2 4190.84 4187.45 4178.82 4167.9 4167.45 4165.73 4163.82 4164.72 4165.26 4166.29 4166.42
4105.37 4103.81 4101.3 4099.25 4096.89 4094.23 4094.27 4094.78 4095.4 4094.02 4094.2 4091.88 4089.66 4087.41 4083.19 4081.13 4074.87 4070.68 4068.89 4071.88 4074.96 4074.66 4072.83 4067.94 4069.34 4072.47 4074.76 4077.16 4078.46 4079.97 4081.62 4084.17 4088.01 4093.38 4098.98 4101.47 4100.6 4099.97 4099.24 4100.42 4103.02 4107.36 4112.82 4115.45 4109.55 4100.55 4095.34 4093.29 4092.25 4093.16 4097.07 4104.59 4113.03 4120.65 4146.46 4171.82 4183.82 4182.75 4176.14 4170.6 4165.45 4163.26 4161.06 4163.53 4163.59 4163.54 4163.47
4112.5 4108.62 4104.6 4100.2 4098.06 4096.3 4095.82 4096.4 4097.96 4101.03 4098.35 4095.39 4093.71 4093.09 4092.39 4089.95 4089.03 4086.88 4078.64 4071.88 4088.92 4077.43 4076.38 4076.69 4073.12 4076.79 4078.21 4079.1 4079.62 4080.24 4081.26 4082.69 4084.85 4090.21 4093.87 4095.46 4102.35 4104.74 4105.98 4105.41 4105.9 4109.26 4113.53 4118.4 4112.61 4105 4097.74 4091.26 4084.03 4081.37 4074.3 4088.87 4097.13 4116.11 4145.23 4172.46 4185.75 4181.5 4169.52 4161.17 4162.13 4162.99 4166.65 4163.7 4161.9 4161.11 4160.86
4115.29 4111.43 4107.1 4103.84 4101.5 4098.56 4097.28 4097.6 4098.28 4098.51 4097.81 4097.1 4097.13 4097.55 4098.25 4096.22 4092.81 4094.64 4087.69 4086.26 4079.44 4085.15 4078.36 4078.04 4080.96 4080.76 4081.58 4081.34 4080.16 4079.91 4080.48 4079.87 4079.28 4078.71 4083.91 4093.01 4105.05 4114.09 4105.23 4101.12 4105.23 4107.63 4110.1 4110.39 4110.09 4114.24 4101.37 4090.59 4086.24 4081.47 4084.78 4085.18 4093.99 4116.75 4146.32 4178.6 4194.23 4183.62 4167.26 4158.12 4160.01 4161.08 4161.06 4160.54 4159.58 4158.94 4158.17
4116.52 4111.71 4107.86 4104.67 4100.41 4097.49 4097.64 4097.64 4097.19 4096.53 4096.49 4097.31 4098.54 4099.95 4100.99 4098.03 4098.66 4097.42 4091.55 4086.57 4085.6 4082.96 4076.73 4075.84 4084.95 4086 4084.59 4083.13 4081.71 4080.08 4079.08 4078.16 4076.05 4070.72 4080.39 4094.17 4097.69 4099.15 4100.35 4101.67 4102.52 4103.81 4105.49 4104.75 4101.49 4093.24 4092.42 4087.43 4080.33 4081.03 4077.71 4084.15 4090.72 4110.92 4145.3 4177.45 4191.88 4186.61 4171.29 4162.42 4161.47 4160.75 4160.79 4159.42 4157.54 4156.88 4155.54
4111.06 4107.76 4106.78 4106.57 4103.73 4099.77 4099.16 4098.36 4097.06 4094.75 4094.86 4097.52 4099.47 4101.59 4102.98 4103.63 4101.47 4096.66 4092.44 4087.68 4085.42 4082.57 4078.15 4080.63 4092.4 4087.96 4085.6 4083.14 4080.95 4080.17 4080.31 4079.58 4079.23 4082.85 4082.85 4085.91 4087.19 4084.3 4090.12 4093.55 4095.51 4098.55 4101.13 4104.15 4100.47 4091 4088.79 4086.42 4084.42 4086.05 4090.94 4086.58 4090.95 4111.91 4144.09 4174.83 4194.92 4187.24 4176.12 4168.13 4163.57 4161.32 4158.15 4156.25 4156.57 4154.97 4152.98
4107.46 4104.44 4104.71 4105.12 4105.36 4102.89 4102.08 4100.52 4098.79 4097.73 4097.82 4098.73 4100.76 4102.91 4105.38 4107.1 4107.19 4103.05 4095.47 4089.22 4087.27 4085.54 4084.16 4084.67 4086.6 4085.7 4084.52 4083.89 4082.8 4081.62 4080.84 4079.55 4079.93 4080.77 4082.05 4084.58 4084.11 4083.37 4085.87 4084.62 4089.91 4093.79 4095.91 4095.87 4092.77 4092.5 4091.03 4088.11 4085.54 4085.41 4085.28 4086.21 4093.5 4116.25 4142.99 4167.95 4181.3 4184.09 4175.15 4169.89 4164.76 4162.01 4161.7 4161.95 4156.56 4153.2 4151.15
4108.9 4103.55 4102.66 4101.67 4094.18 4106.25 4104.96 4103.21 4101.23 4099.13 4097.73 4100.05 4102.19 4103.35 4104.62 4105.73 4105.95 4101.37 4096.11 4089.36 4090.81 4090.2 4090.65 4088.88 4086.1 4084.58 4082.42 4082.05 4081.43 4080.95 4080.22 4080.33 4079.41 4078.7 4078.43 4081.62 4081.6 4084.4 4084.94 4085.66 4087.78 4090.59 4092.02 4093.04 4097.66 4099.4 4094.96 4089.97 4087.29 4086.88 4084.75 4081.6 4086.76 4115.97 4141.48 4165.13 4179.59 4179.34 4176.28 4168.82 4163.06 4160.11 4159.33 4158.75 4153.12 4150.52 4148.76
4100.26 4101.8 4101.05 4102.32 4105.99 4107.37 4106.07 4104.81 4103.7 4102.35 4101.74 4103.84 4104.16 4103.58 4101.65 4099.67 4100.36 4098.79 4096.56 4094.83 4095.3 4093.67 4092.06 4088.4 4082.76 4081.27 4081.48 4082.1 4081.72 4081.34 4081.28 4080.7 4080.86 4079.87 4074.24 4064.6 4062.1 4073.34 4080.14 4085.6 4089.16 4089.7 4090.17 4091.51 4094.68 4103.27 4096.83 4091.18 4087.29 4088.91 4085.06 4079.24 4081.05 4109.2 4142.44 4168.65 4177.99 4179.06 4167.31 4162.5 4158.59 4155.33 4152.19 4147.16 4147.92 4146.63 4146.09
4098.61 4096.52 4098.5 4100.32 4104.02 4102.69 4106.03 4105.92 4106.03 4107.63 4110.56 4108.52 4107.15 4105.24 4102.69 4098.18 4097.83 4097.26 4100.99 4106.94 4102.25 4095.51 4092.56 4087.99 4082.81 4084.76 4084.85 4084.93 4084.44 4083.96 4081.78 4080.35 4078.33 4077.42 4074.88 4072.02 4075.19 4081.5 4084.28 4086.31 4089.02 4087.78 4087.72 4087.95 4089.07 4096.32 4095.07 4092.15 4089.33 4086.96 4084.38 4083.16 4092.23 4118.53 4153.47 4182.2 4206.97 4196.83 4169.29 4159.38 4154.95 4151.15 4148.54 4149.6 4144.31 4143.07 4143.8
4096.04 4096.73 4096.42 4096.12 4096.34 4105.66 4105.06 4105.15 4106.66 4109.23 4111.66 4110.99 4109.15 4106.84 4105.93 4099.98 4098.57 4100.91 4105.83 4101.32 4093.12 4095.77 4093.88 4089.56 4085.8 4084.48 4082.64 4083.41 4085.62 4086.82 4085.68 4082.64 4078.62 4076.71 4078.3 4082.24 4087.52 4077.09 4074.56 4080.84 4084.56 4085.54 4085.81 4086.78 4089.28 4091.3 4092.21 4091.14 4087.78 4084.17 4085.12 4088.98 4107.14 4142.34 4171.15 4192.22 4203.81 4190.92 4165.68 4157.18 4151.5 4147.31 4143.53 4140.67 4138.92 4139.93 4141.79
4096.56 4097.22 4094.8 4092.11 4089.82 4090.55 4098.35 4101.64 4104.73 4107.86 4110.78 4109.81 4107.85 4106.46 4104.41 4103.16 4101.44 4098.64 4101.72 4118.58 4101.46 4098.08 4094.9 4090.37 4086.42 4083.66 4083.48 4085.31 4085.61 4085.17 4086.32 4085.57 4086.28 4083.09 4080.24 4078.75 4075.02 4077.1 4080.15 4081.54 4084.02 4084.19 4084.45 4085.99 4088.8 4090.83 4091.37 4090.73 4088.23 4086.59 4094.21 4102.01 4124.42 4169.91 4193.6 4197.7 4193.56 4179.6 4164.96 4156 4150.1 4145.02 4140.19 4135.73 4135.38 4137.61 4140.57
4096.92 4095.76 4093.36 4090.68 4087.36 4085.3 4088.95 4097.38 4100.93 4103.16 4104.23 4104.45 4104.77 4104.98 4105.43 4104.5 4102.14 4098.1 4096.62 4102.21 4100.38 4097.82 4097.4 4090.12 4084.5 4081.76 4089.87 4087.73 4086.36 4086.04 4086.32 4086.67 4084.49 4083.52 4080.19 4076.26 4075.18 4075.17 4078.38 4080.67 4082.18 4082.32 4082.94 4084.51 4087.69 4093.32 4092.71 4091.16 4092.91 4096.09 4111.23 4134.59 4161.62 4202.57 4209.14 4196.04 4185.75 4174.14 4162.11 4154.2 4148.93 4144.66 4139.85 4134.4 4134.45 4138.62 4141.4
4096.02 4093.91 4092.44 4090.81 4091.43 4095.49 4097.09 4096.04 4097.14 4098.25 4098.66 4099.26 4100.18 4101.32 4103.78 4101.64 4102.7 4098.08 4098.6 4100.35 4103.07 4102.55 4093.85 4090.38 4086.66 4085.19 4087.15 4088.13 4087.18 4086.64 4087.16 4088.85 4088.57 4085.02 4079.85 4074.65 4069.41 4073.19 4078.65 4079.05 4075.21 4079.16 4081.93 4083.44 4088.65 4097.01 4098.08 4095.14 4107.16 4114.52 4123.45 4143.39 4163.05 4176 4182.89 4181.79 4174.56 4164.9 4156.01 4151.31 4147.22 4144.98 4143.2 4142.25 4142.86 4143.58 4144.6
4095.36 4094.17 4092.4 4089.99 4088.13 4088.76 4094.69 4093.28 4093.33 4093.76 4094.23 4094.59 4095.07 4095.06 4096.64 4102.69 4087.98 4093.66 4100.24 4097.69 4102.81 4103.78 4097.35 4091.94 4088.04 4089.18 4092.05 4089.35 4086.87 4084.12 4084.63 4090.66 4092.12 4086.7 4078.89 4074.41 4073.64 4075.38 4079.5 4080.16 4080.8 4082.12 4083.23 4085.08 4088.48 4096.54 4107.9 4119.18 4129.07 4132.27 4121.11 4119.54 4135.23 4151.83 4161.88 4164.11 4159.69 4152.5 4149.52 4147.79 4147.21 4147.98 4148.7 4150.12 4150.09 4150.38 4149.42
4094.59 4094.28 4091.56 4088.88 4085.9 4082.66 4086.55 4087.92 4088.21 4088.94 4090.09 4090.98 4090.04 4089.46 4088.5 4089.19 4083.87 4088.56 4095.17 4096.55 4099.35 4101.75 4099.08 4094.46 4089.53 4083.33 4092.28 4091.68 4084.48 4076.86 4072.56 4081.51 4100.43 4079.25 4072.81 4072.7 4072.82 4075.98 4078.78 4082.7 4084.74 4085.37 4086.82 4088.73 4091.37 4099.33 4115.32 4129.61 4133.3 4126.63 4108.32 4094.2 4110.87 4132.57 4147.06 4150.67 4147.92 4142.96 4147.12 4147.82 4148.39 4150.61 4153.79 4158.02 4160.96 4158.31 4154.12
4092.66 4090.4 4089.33 4088.51 4087.14 4086.55 4084.45 4082.44 4083.29 4084.2 4084.76 4085.16 4086.07 4086.78 4087.85 4088.29 4087.18 4085.8 4085.16 4087.15 4093.77 4104.2 4100.6 4096.15 4093.68 4093.08 4096.66 4093.39 4082.03 4068.23 4050.1 4031.52 4034.34 4048.49 4061.27 4071.8 4082.72 4091.95 4090.71 4091.31 4089.38 4088.52 4091.16 4094.08 4095.59 4097.43 4117.09 4132.52 4127.46 4114.82 4096.75 4083.12 4098.13 4119.45 4137.31 4141.22 4141.24 4140.73 4144.42 4147.49 4149.9 4153.06 4156.89 4162.6 4169.64 4161.56 4156.11
4091.03 4090.11 4089.59 4088.96 4088.14 4085.34 4075.28 4078.23 4079.47 4080.88 4081.61 4081.02 4084.15 4086.26 4087.24 4087.26 4086.05 4085.16 4080.59 4075.12 4082.91 4082.94 4091.99 4095.72 4096.86 4098.15 4096.78 4091.75 4082.07 4067.3 4042.44 3989.23 3968.07 4027.92 4055.92 4072.03 4085.04 4093.54 4099.82 4101.89 4097.94 4097.82 4094.24 4095.4 4096.69 4096.42 4109.95 4118.44 4118.52 4107.05 4092.18 4083.22 4093.48 4109.4 4124.05 4133.48 4140.48 4141.02 4143.55 4147.77 4151.08 4154.59 4157.77 4160.33 4162.79 4158.87 4154.37
4089.49 4088.45 4089.16 4089.72 4089.41 4088.3 4080.98 4076.39 4076.87 4079.04 4081.37 4083.83 4084.83 4085.34 4086.92 4087.57 4087.19 4087.47 4092.99 4091.74 4084.44 4082.94 4092.79 4097.17 4098.84 4100.33 4098.33 4092.4 4085.41 4077.76 4070.28 4072.08 4058 4055.22 4066 4075.71 4082.89 4088.05 4094.93 4096.45 4092.93 4089.12 4091.95 4095.26 4097.98 4102.36 4106.47 4106.91 4099.98 4099.65 4094.07 4090.54 4094.86 4102.84 4111.45 4127.04 4143.91 4148.51 4144.32 4150.28 4153.13 4155.02 4156.31 4156.52 4154.18 4152.53 4150.58
4088.19 4087.16 4088.54 4089.81 4090.4 4089.68 4082.84 4075.34 4075.34 4077.71 4080.9 4084.93 4084.47 4082.99 4084.18 4085.18 4085.24 4085.31 4085.83 4086.66 4088.83 4093.87 4099.81 4098.06 4098.33 4098.79 4097.43 4091.98 4089.15 4089.71 4096.72 4111.59 4107.06 4087.51 4081.72 4082.53 4084.45 4083.07 4087.85 4087.27 4086.02 4084.74 4090.3 4092.74 4096.42 4098.53 4101.25 4102.72 4103.5 4101.06 4100.8 4100.32 4099.53 4101.2 4105.9 4123.6 4147.72 4157.46 4155.25 4156.04 4157.89 4158.04 4155.83 4153.21 4150.07 4148.33 4147.05
4086.94 4086.22 4087.15 4088.79 4090.23 4090.83 4084.28 4073.79 4074.85 4076.78 4079.08 4081.15 4081.23 4080.88 4082.19 4082.1 4080.31 4081.42 4085.7 4085.89 4092.22 4099.06 4097.38 4097.04 4096.52 4095.63 4093.36 4088.82 4090.42 4095.47 4103.07 4112.3 4108.96 4098.81 4091.64 4088.81 4088.63 4091.21 4086.7 4084.21 4082.37 4085.99 4092.69 4099.19 4098.87 4096.03 4098.17 4098.26 4095.15 4105.45 4110.43 4109.11 4105.54 4102.75 4105.2 4120.14 4146.79 4159.92 4155.9 4162.97 4163.26 4160.72 4157 4151.82 4146.32 4143.62 4144.87
4087.02 4086.57 4086.14 4086.9 4088.81 4089.2 4084.49 4077.94 4076.27 4076.23 4077.28 4078.04 4078.08 4077.21 4079.61 4079.75 4078.72 4079.17 4081.94 4082.7 4087.66 4091.84 4093.89 4093.75 4093.32 4092.16 4089.67 4088.17 4091.56 4096.63 4101.23 4101.64 4103.72 4100.52 4095.71 4092.05 4089.58 4086.71 4082.93 4075.54 4077.2 4077.36 4091.3 4110.59 4101.38 4093.06 4093.99 4100.75 4107.03 4112.43 4123.56 4120.04 4109.51 4103.88 4102.58 4113.41 4135.16 4155.98 4172.84 4172.17 4168.41 4163.72 4158.54 4152.26 4145.66 4143.01 4145.48
