real_craters/C164-750m.grd
DSAA
161 161
-59.885 59.885
-59.885 59.885
2855.9368286091 4899.1306281639
[rows 0 to 37 of 161, columns 0 to 83 of 161]
4114 4105 4103 4101 4094 4091 4085 4081 4079 4079 4082 4081 4076 4069 4065 4061 4061 4064 4056 4055 4061 4066 4073 4077 4079 4082 4084 4086 4087 4090 4097 4103 4106 4108 4110 4111 4107 4099 4102 4122 4152 4162 4143 4128 4139 4154 4162 4177 4191 4192 4206 4197 4153 4046 3898 3724 3557 3514 3418 3626 3974 4297 4368 4317 4238 4231 4211 4186 4161 4130 4139 4151 4171 4169 4145 4108 4082 4081 4090 4096 4094 4091 4092 4098
4126 4120 4113 4106 4098 4093 4092 4087 4082 4078 4088 4084 4077 4070 4064 4058 4056 4061 4060 4064 4066 4065 4069 4074 4078 4082 4085 4087 4086 4090 4099 4108 4110 4111 4114 4111 4096 4095 4101 4120 4145 4157 4146 4131 4130 4136 4164 4185 4212 4252 4297 4381 4519 4392 4222 4094 3944 3837 3756 3954 4249 4544 4459 4336 4263 4223 4199 4179 4163 4134 4145 4161 4186 4172 4109 4101 4096 4092 4095 4082 4095 4092 4093 4095
4134 4129 4123 4117 4108 4108 4101 4095 4085 4078 4085 4084 4078 4071 4063 4056 4052 4057 4062 4067 4066 4066 4067 4070 4074 4079 4085 4090 4090 4091 4099 4105 4109 4111 4115 4120 4105 4098 4099 4115 4148 4167 4157 4139 4129 4131 4147 4174 4201 4246 4307 4406 4532 4489 4427 4470 4410 4298 4188 4368 4455 4326 4296 4286 4244 4209 4185 4170 4161 4158 4162 4172 4177 4150 4098 4094 4096 4095 4101 4111 4094 4083 4073 4089
4136 4133 4128 4124 4117 4109 4104 4098 4086 4077 4078 4081 4078 4071 4064 4057 4055 4059 4054 4059 4061 4060 4062 4063 4071 4078 4084 4090 4091 4091 4095 4103 4104 4108 4110 4108 4102 4105 4108 4106 4153 4179 4168 4164 4153 4141 4146 4167 4186 4215 4260 4303 4322 4381 4404 4464 4510 4521 4447 4389 4345 4286 4258 4246 4212 4179 4169 4160 4152 4165 4172 4174 4186 4134 4090 4086 4090 4094 4096 4097 4092 4086 4089 4092
4136 4135 4130 4124 4118 4107 4100 4095 4085 4076 4074 4082 4080 4074 4066 4058 4056 4055 4049 4050 4056 4058 4060 4066 4068 4075 4083 4088 4090 4090 4093 4097 4101 4104 4104 4101 4100 4101 4100 4102 4108 4134 4160 4179 4155 4141 4159 4174 4189 4208 4213 4211 4210 4259 4277 4277 4298 4303 4326 4283 4244 4274 4275 4231 4191 4162 4162 4161 4161 4185 4180 4167 4136 4114 4094 4091 4100 4093 4091 4092 4093 4094 4097 4094
4132 4135 4129 4120 4113 4101 4094 4092 4084 4077 4078 4089 4087 4080 4071 4065 4060 4063 4053 4052 4056 4057 4056 4050 4063 4075 4083 4089 4088 4086 4094 4098 4101 4102 4100 4100 4110 4101 4101 4102 4098 4116 4142 4153 4153 4150 4162 4173 4181 4186 4188 4180 4178 4208 4233 4251 4259 4266 4263 4259 4261 4266 4256 4216 4176 4161 4173 4175 4174 4178 4183 4160 4124 4098 4085 4087 4072 4088 4092 4093 4097 4099 4100 4098
4131 4132 4126 4123 4109 4099 4091 4089 4085 4081 4082 4100 4095 4086 4075 4058 4061 4061 4058 4053 4056 4058 4059 4067 4070 4077 4084 4092 4093 4093 4098 4101 4103 4103 4101 4098 4095 4093 4091 4096 4104 4118 4139 4156 4166 4163 4162 4166 4168 4172 4172 4174 4179 4192 4206 4215 4247 4273 4259 4257 4266 4249 4223 4210 4185 4192 4200 4194 4189 4199 4203 4155 4119 4104 4097 4093 4102 4096 4097 4098 4099 4103 4107 4101
4132 4125 4121 4117 4113 4100 4090 4090 4089 4086 4089 4107 4099 4092 4084 4076 4068 4062 4062 4057 4056 4058 4063 4070 4075 4080 4085 4089 4096 4102 4104 4106 4108 4106 4104 4102 4106 4098 4098 4100 4104 4118 4137 4156 4155 4168 4166 4167 4168 4166 4163 4161 4170 4182 4199 4191 4225 4256 4250 4247 4244 4243 4242 4220 4203 4236 4226 4208 4201 4202 4175 4132 4106 4102 4100 4098 4095 4097 4098 4099 4101 4102 4103 4097
4133 4125 4121 4118 4116 4104 4091 4093 4093 4091 4094 4102 4100 4095 4090 4085 4075 4070 4064 4063 4064 4060 4066 4071 4076 4080 4086 4093 4098 4106 4108 4110 4111 4109 4108 4106 4110 4102 4108 4105 4103 4116 4135 4162 4189 4175 4167 4166 4166 4166 4162 4150 4158 4174 4176 4171 4189 4224 4220 4225 4237 4239 4246 4232 4225 4260 4217 4200 4188 4170 4114 4108 4099 4095 4099 4101 4103 4101 4099 4098 4099 4099 4100 4100
4128 4127 4122 4116 4113 4104 4094 4092 4092 4096 4099 4101 4099 4097 4096 4092 4083 4078 4073 4067 4069 4069 4071 4073 4076 4080 4084 4089 4096 4102 4106 4110 4112 4110 4106 4103 4095 4102 4100 4095 4099 4106 4121 4139 4150 4160 4161 4163 4166 4169 4175 4176 4174 4174 4168 4164 4166 4171 4184 4193 4190 4199 4219 4211 4199 4167 4183 4177 4160 4137 4103 4105 4098 4095 4101 4103 4105 4101 4095 4097 4098 4097 4095 4096
4129 4126 4122 4117 4110 4103 4100 4095 4096 4098 4105 4104 4096 4098 4100 4099 4089 4082 4078 4073 4071 4076 4075 4075 4077 4079 4082 4086 4092 4100 4102 4105 4108 4107 4102 4095 4097 4113 4090 4083 4073 4094 4106 4112 4114 4138 4150 4157 4164 4172 4186 4208 4193 4174 4154 4163 4191 4183 4173 4171 4170 4166 4157 4160 4170 4170 4173 4162 4144 4120 4134 4109 4100 4104 4102 4103 4104 4106 4104 4099 4097 4096 4094 4096
4129 4125 4123 4121 4109 4098 4096 4092 4088 4096 4102 4101 4096 4098 4100 4100 4096 4090 4085 4082 4079 4076 4075 4074 4074 4076 4078 4083 4086 4087 4093 4100 4103 4105 4103 4101 4099 4098 4099 4097 4098 4094 4097 4104 4127 4139 4146 4151 4156 4161 4169 4190 4177 4170 4147 4165 4207 4196 4177 4163 4146 4133 4125 4130 4155 4181 4168 4150 4135 4122 4113 4100 4100 4100 4100 4101 4101 4100 4103 4099 4097 4097 4098 4098
4128 4125 4127 4123 4109 4097 4097 4094 4094 4095 4097 4094 4095 4097 4101 4101 4100 4097 4095 4096 4087 4077 4076 4073 4070 4072 4075 4078 4082 4088 4094 4097 4100 4103 4105 4102 4098 4102 4087 4099 4102 4097 4094 4094 4113 4133 4138 4140 4141 4141 4138 4135 4145 4145 4146 4167 4189 4171 4169 4157 4145 4134 4125 4128 4146 4163 4152 4143 4135 4132 4125 4112 4103 4098 4099 4099 4097 4093 4094 4096 4097 4097 4101 4104
4125 4122 4122 4121 4111 4103 4098 4096 4094 4096 4097 4098 4094 4097 4101 4103 4098 4099 4102 4099 4089 4083 4078 4073 4070 4072 4075 4078 4080 4083 4085 4095 4102 4106 4105 4106 4102 4098 4102 4106 4106 4100 4094 4093 4114 4131 4132 4130 4129 4126 4121 4118 4131 4150 4174 4163 4141 4145 4145 4155 4155 4151 4138 4125 4143 4149 4137 4133 4131 4132 4124 4122 4108 4104 4103 4100 4095 4091 4093 4096 4096 4096 4094 4102
4120 4117 4117 4120 4112 4103 4099 4097 4097 4099 4099 4096 4098 4100 4103 4104 4104 4102 4101 4100 4090 4083 4078 4075 4075 4073 4074 4076 4078 4082 4089 4095 4102 4108 4108 4109 4112 4097 4107 4110 4109 4105 4099 4092 4106 4117 4120 4121 4120 4118 4112 4112 4120 4143 4177 4155 4144 4145 4144 4156 4166 4174 4169 4157 4157 4145 4128 4125 4125 4126 4127 4121 4113 4109 4107 4102 4099 4098 4096 4096 4096 4096 4097 4103
4116 4115 4115 4119 4114 4107 4102 4098 4101 4103 4103 4101 4102 4104 4107 4107 4106 4105 4105 4102 4089 4081 4076 4076 4073 4072 4069 4073 4077 4080 4085 4091 4099 4104 4102 4106 4108 4114 4113 4108 4110 4113 4113 4106 4106 4104 4110 4111 4113 4113 4112 4111 4115 4116 4128 4134 4133 4136 4143 4153 4167 4186 4185 4199 4168 4143 4122 4119 4119 4119 4115 4122 4117 4108 4104 4102 4102 4104 4099 4096 4096 4097 4097 4102
4111 4114 4119 4118 4114 4111 4103 4105 4103 4111 4110 4105 4105 4105 4107 4106 4101 4100 4101 4101 4094 4085 4081 4080 4081 4080 4075 4075 4076 4078 4079 4086 4094 4100 4100 4104 4107 4113 4120 4107 4112 4123 4136 4145 4122 4109 4107 4109 4111 4113 4117 4119 4121 4124 4114 4118 4123 4132 4139 4149 4155 4150 4156 4154 4145 4133 4120 4116 4117 4118 4118 4109 4091 4096 4096 4097 4101 4098 4094 4092 4095 4100 4108 4103
4104 4108 4111 4111 4110 4109 4097 4061 4103 4127 4114 4108 4105 4106 4111 4108 4109 4104 4103 4100 4097 4093 4086 4085 4084 4082 4079 4078 4078 4079 4080 4084 4090 4096 4097 4103 4110 4093 4113 4107 4116 4131 4147 4153 4133 4114 4111 4111 4112 4113 4117 4117 4118 4117 4116 4117 4118 4130 4142 4149 4148 4141 4137 4128 4124 4121 4109 4113 4119 4124 4121 4113 4105 4093 4086 4091 4099 4097 4084 4089 4091 4094 4098 4100
4098 4100 4101 4101 4103 4103 4096 4096 4101 4104 4107 4105 4108 4102 4110 4111 4109 4109 4107 4104 4102 4098 4090 4090 4087 4080 4077 4079 4080 4081 4083 4084 4086 4085 4097 4102 4106 4108 4108 4110 4122 4135 4145 4146 4134 4119 4113 4112 4113 4114 4112 4117 4119 4119 4121 4124 4121 4133 4149 4155 4150 4145 4137 4126 4120 4115 4114 4115 4124 4134 4138 4116 4108 4097 4089 4091 4094 4095 4092 4090 4089 4087 4089 4095
4093 4093 4093 4093 4095 4094 4092 4092 4093 4098 4099 4098 4091 4107 4096 4105 4113 4110 4110 4109 4109 4107 4102 4098 4093 4088 4082 4083 4085 4085 4085 4085 4089 4093 4097 4101 4107 4110 4112 4119 4129 4139 4143 4141 4130 4115 4111 4113 4117 4120 4117 4122 4123 4122 4125 4129 4122 4134 4149 4154 4148 4139 4131 4126 4120 4112 4108 4113 4123 4136 4147 4121 4107 4111 4110 4102 4091 4089 4092 4092 4088 4084 4086 4093
4089 4089 4090 4088 4089 4088 4087 4084 4085 4087 4094 4100 4109 4109 4115 4109 4113 4108 4116 4116 4112 4109 4109 4105 4099 4094 4090 4090 4090 4090 4091 4093 4094 4096 4095 4100 4107 4118 4121 4124 4133 4144 4152 4145 4130 4117 4112 4115 4122 4133 4145 4136 4130 4133 4129 4129 4126 4133 4140 4142 4143 4139 4133 4127 4117 4110 4100 4106 4118 4127 4133 4142 4140 4137 4125 4114 4099 4096 4107 4096 4088 4084 4088 4096
4084 4086 4088 4091 4087 4081 4076 4076 4077 4082 4088 4098 4109 4100 4103 4109 4114 4117 4123 4121 4115 4112 4112 4110 4105 4101 4100 4098 4098 4097 4097 4097 4099 4099 4100 4100 4102 4109 4119 4127 4134 4143 4155 4148 4130 4115 4111 4115 4122 4132 4143 4142 4145 4136 4133 4132 4133 4136 4140 4143 4143 4143 4140 4131 4122 4114 4109 4107 4115 4123 4135 4174 4184 4169 4163 4147 4117 4105 4109 4095 4088 4085 4090 4101
4076 4086 4087 4084 4081 4078 4074 4071 4070 4071 4079 4091 4101 4095 4100 4107 4114 4121 4129 4125 4117 4116 4113 4110 4111 4109 4106 4105 4104 4103 4104 4106 4105 4107 4103 4092 4098 4107 4117 4122 4128 4135 4141 4138 4128 4119 4115 4116 4119 4121 4125 4133 4139 4138 4135 4134 4140 4145 4146 4144 4145 4143 4139 4129 4123 4116 4115 4112 4115 4121 4132 4148 4175 4179 4184 4168 4132 4108 4091 4088 4086 4087 4092 4099
4083 4089 4086 4077 4077 4078 4075 4071 4067 4066 4073 4085 4095 4092 4092 4101 4111 4120 4127 4126 4123 4124 4121 4120 4118 4116 4115 4113 4111 4110 4108 4106 4107 4107 4104 4102 4104 4108 4103 4110 4120 4127 4122 4131 4127 4119 4115 4118 4120 4119 4120 4125 4127 4136 4140 4142 4155 4160 4160 4153 4152 4146 4132 4124 4115 4115 4116 4116 4115 4119 4123 4123 4157 4170 4168 4150 4127 4105 4092 4091 4092 4090 4099 4101
4081 4084 4087 4086 4083 4081 4081 4076 4068 4068 4073 4082 4090 4095 4088 4095 4110 4119 4121 4123 4124 4125 4128 4130 4127 4126 4123 4121 4119 4116 4114 4111 4111 4114 4107 4108 4103 4110 4113 4107 4117 4128 4142 4133 4129 4123 4118 4124 4126 4125 4125 4125 4125 4137 4157 4180 4185 4186 4187 4180 4175 4158 4137 4124 4118 4116 4117 4116 4113 4113 4119 4132 4162 4161 4153 4134 4115 4105 4099 4106 4121 4123 4122 4115
4076 4089 4088 4085 4082 4082 4081 4077 4074 4072 4078 4082 4085 4096 4087 4092 4083 4101 4117 4119 4118 4124 4129 4130 4131 4132 4129 4127 4124 4122 4120 4118 4117 4114 4114 4115 4108 4120 4130 4117 4120 4127 4132 4133 4134 4135 4141 4135 4133 4135 4133 4131 4130 4147 4184 4213 4218 4214 4218 4227 4209 4175 4146 4128 4121 4119 4120 4121 4112 4107 4122 4149 4158 4155 4145 4131 4114 4117 4120 4133 4156 4168 4153 4145
4092 4090 4088 4084 4082 4081 4079 4076 4072 4076 4084 4085 4085 4086 4085 4092 4103 4105 4109 4114 4119 4123 4126 4128 4129 4130 4133 4131 4128 4127 4128 4128 4126 4122 4119 4123 4120 4126 4127 4123 4127 4129 4132 4136 4138 4141 4145 4138 4135 4137 4136 4137 4138 4166 4215 4238 4242 4236 4236 4234 4216 4186 4153 4131 4125 4121 4121 4123 4112 4105 4134 4163 4160 4155 4143 4131 4141 4141 4148 4158 4163 4169 4171 4174
4085 4085 4086 4086 4084 4080 4077 4073 4072 4078 4086 4085 4084 4085 4086 4097 4097 4103 4107 4114 4116 4115 4117 4124 4126 4129 4131 4130 4130 4132 4134 4135 4133 4126 4128 4132 4130 4128 4129 4136 4136 4137 4138 4141 4142 4142 4140 4135 4130 4133 4132 4141 4147 4181 4236 4259 4255 4246 4242 4238 4223 4197 4164 4136 4129 4119 4117 4118 4114 4120 4161 4187 4181 4163 4148 4142 4157 4161 4167 4173 4169 4172 4182 4192
4086 4085 4085 4086 4089 4080 4074 4071 4073 4079 4083 4083 4080 4091 4087 4099 4101 4113 4118 4126 4126 4122 4128 4121 4120 4125 4126 4126 4129 4133 4139 4143 4143 4137 4136 4133 4133 4132 4133 4135 4140 4153 4153 4148 4145 4143 4139 4131 4121 4113 4127 4135 4141 4184 4235 4257 4252 4249 4245 4238 4225 4209 4194 4187 4143 4121 4111 4113 4120 4153 4183 4198 4181 4165 4155 4151 4165 4173 4176 4179 4169 4174 4185 4198
4087 4086 4085 4084 4079 4077 4074 4073 4072 4074 4076 4080 4083 4083 4089 4106 4111 4134 4146 4144 4153 4173 4166 4139 4123 4120 4118 4120 4127 4131 4137 4145 4150 4145 4138 4134 4128 4131 4131 4125 4136 4148 4151 4149 4147 4143 4137 4129 4121 4121 4134 4148 4149 4188 4233 4250 4247 4245 4241 4235 4221 4214 4199 4169 4143 4116 4108 4109 4121 4167 4190 4191 4176 4163 4160 4170 4179 4179 4177 4171 4161 4169 4182 4194
4086 4085 4082 4079 4073 4074 4073 4072 4069 4069 4073 4080 4086 4086 4087 4100 4115 4130 4142 4145 4152 4157 4155 4140 4148 4142 4127 4126 4129 4131 4134 4139 4147 4145 4140 4131 4127 4137 4137 4131 4132 4135 4142 4146 4147 4148 4149 4142 4123 4122 4138 4159 4155 4186 4230 4243 4240 4240 4236 4232 4234 4217 4202 4186 4161 4124 4128 4120 4136 4191 4186 4178 4166 4157 4161 4168 4184 4183 4176 4165 4160 4167 4178 4187
4082 4085 4071 4073 4081 4078 4073 4069 4065 4062 4073 4083 4088 4087 4089 4102 4110 4121 4129 4134 4134 4122 4123 4121 4130 4140 4141 4140 4132 4130 4130 4133 4138 4146 4142 4137 4139 4157 4150 4141 4137 4134 4140 4146 4148 4148 4147 4136 4117 4117 4131 4138 4141 4177 4216 4237 4233 4232 4230 4226 4219 4212 4205 4203 4191 4194 4178 4168 4193 4206 4181 4167 4157 4154 4163 4175 4192 4187 4176 4164 4158 4166 4176 4187
4116 4036 4056 4068 4078 4077 4072 4067 4064 4063 4070 4077 4086 4088 4089 4097 4106 4112 4118 4123 4123 4122 4113 4114 4117 4126 4130 4129 4126 4125 4125 4128 4133 4157 4158 4146 4147 4161 4159 4150 4144 4143 4146 4148 4149 4147 4139 4128 4122 4127 4135 4128 4139 4179 4221 4233 4228 4225 4221 4215 4209 4203 4196 4191 4198 4214 4217 4211 4217 4214 4180 4164 4156 4149 4162 4182 4198 4191 4178 4165 4160 4166 4174 4185
4114 4091 4063 4067 4073 4073 4069 4065 4064 4068 4072 4076 4079 4088 4093 4095 4103 4111 4113 4115 4116 4117 4117 4116 4115 4115 4116 4117 4120 4122 4123 4125 4135 4147 4144 4138 4155 4168 4164 4154 4150 4157 4153 4155 4157 4156 4149 4140 4161 4162 4164 4157 4159 4197 4219 4226 4225 4221 4215 4207 4200 4192 4187 4184 4194 4221 4230 4232 4248 4220 4188 4168 4152 4145 4162 4176 4192 4189 4181 4172 4163 4168 4173 4176
4086 4061 4066 4066 4066 4066 4065 4064 4063 4075 4076 4074 4081 4086 4093 4094 4099 4108 4108 4110 4111 4114 4117 4112 4103 4106 4111 4116 4116 4118 4120 4123 4129 4140 4144 4138 4161 4184 4167 4162 4159 4154 4159 4163 4169 4174 4180 4194 4198 4190 4183 4194 4201 4221 4234 4225 4219 4214 4208 4199 4188 4182 4181 4179 4185 4199 4212 4223 4234 4208 4187 4171 4165 4159 4168 4180 4181 4183 4183 4184 4174 4176 4174 4173
4070 4071 4075 4070 4065 4061 4064 4070 4084 4078 4077 4078 4082 4082 4097 4085 4091 4094 4102 4105 4106 4103 4103 4113 4107 4108 4113 4116 4115 4115 4117 4121 4133 4153 4146 4140 4146 4146 4159 4164 4162 4155 4166 4175 4183 4191 4202 4208 4206 4203 4193 4196 4201 4208 4222 4219 4214 4209 4202 4197 4191 4187 4183 4178 4177 4181 4183 4193 4198 4185 4172 4170 4169 4164 4165 4171 4175 4178 4182 4187 4200 4187 4176 4166
4076 4075 4077 4071 4065 4061 4064 4067 4069 4079 4082 4079 4082 4084 4085 4095 4089 4093 4100 4104 4106 4103 4097 4101 4118 4121 4120 4117 4113 4111 4111 4114 4122 4136 4148 4151 4141 4146 4157 4164 4158 4172 4182 4189 4195 4203 4213 4225 4221 4213 4209 4180 4186 4194 4202 4204 4202 4200 4197 4194 4194 4193 4186 4183 4184 4175 4170 4174 4169 4169 4164 4168 4168 4164 4169 4168 4166 4168 4180 4197 4195 4190 4177 4163
4080 4075 4074 4071 4066 4063 4064 4066 4069 4100 4127 4081 4083 4084 4086 4088 4094 4100 4104 4106 4111 4116 4126 4128 4154 4151 4128 4115 4110 4107 4108 4110 4116 4123 4138 4152 4152 4149 4164 4182 4205 4206 4201 4201 4205 4210 4219 4227 4220 4213 4204 4184 4182 4193 4191 4193 4194 4194 4192 4190 4188 4187 4185 4184 4182 4180 4177 4175 4175 4170 4167 4171 4175 4182 4185 4177 4162 4162 4176 4184 4189 4188 4184 4173
