real_craters/C164-300m.grd
DSAA
400 400
-59.885 59.885
-59.885 59.885
2855.003975658 4904.135973749
[rows 30 to 59 of 400, columns 0 to 66 of 400]
4127.59 4126.37 4125.49 4125.24 4126.17 4127.24 4127.11 4124.65 4120.09 4114.57 4108.63 4102.74 4098.02 4096.87 4096.73 4096.53 4096.03 4094.83 4093.84 4093.42 4093.6 4094.12 4094.98 4096.07 4096.95 4097.33 4096.67 4094.53 4094.08 4095.04 4095.4 4096.07 4096.84 4098.06 4099.38 4100.71 4101.51 4101.45 4100.78 4100.56 4100.52 4100.19 4097.69 4095.96 4094.15 4094.25 4099.61 4097.04 4094.48 4091.26 4087.22 4083.14 4079.3 4077 4076.43 4075.51 4074.33 4073.23 4072.06 4070.8 4069.67 4070.71 4071.94 4072.88 4073.89 4074.74 4074.91
4126.44 4125.27 4124.52 4124.57 4125.75 4126.55 4126.31 4124.16 4119.99 4115.07 4109.96 4105.3 4101.79 4099.7 4098.16 4097.24 4096.12 4095.51 4094.77 4094.29 4094.44 4094.46 4095.08 4095.8 4096.22 4096.44 4095.89 4094.11 4094.02 4094.05 4094.72 4095.71 4096.99 4098.39 4099.56 4100.54 4101.28 4101.64 4101.45 4100.69 4099.95 4099.19 4098.33 4097.4 4096.02 4094.41 4094.04 4096.02 4097.91 4096.19 4089.72 4085.44 4083.08 4082.22 4079.1 4076.74 4074.94 4073.31 4071.9 4070.58 4070.42 4070.24 4071.39 4072.62 4073.75 4074.87 4076.81
4124.97 4123.78 4122.85 4122.35 4122.44 4122.97 4124.25 4122.92 4119.65 4115.43 4111.05 4107.24 4104.76 4101.6 4099.32 4098.22 4098.04 4096.85 4095.51 4094.7 4094.07 4094.55 4095.24 4095.71 4096.33 4096.62 4096.89 4097.72 4096.45 4093.83 4094.01 4095 4096.65 4098.28 4099.74 4100.79 4101.55 4102.12 4101.87 4100.47 4098.84 4098.26 4098.57 4099.22 4100.57 4100.67 4099.97 4099.77 4098.07 4093.67 4088.77 4085.97 4083.95 4082.06 4079.79 4077.57 4075.5 4073.77 4072.26 4070.78 4068.72 4070.06 4071.49 4072.67 4073.99 4074.96 4074.92
4123.11 4122.1 4120.88 4120.13 4119.2 4119.35 4122.27 4121.91 4119.23 4115.6 4111.58 4107.66 4104 4101.23 4099.61 4098.6 4098.13 4097.03 4095.92 4095.25 4094.93 4095.21 4095.84 4096.38 4097.15 4097.48 4097.68 4097.6 4095.31 4090.14 4091.68 4094.59 4097.01 4098.88 4100.39 4101.47 4102.14 4102.65 4102.37 4100.87 4097.95 4097.39 4099.11 4100 4101.26 4101.63 4100.97 4099.87 4097.29 4091.9 4087.63 4085.68 4083.97 4082.33 4080.27 4077.99 4075.92 4074.2 4072.94 4072.13 4072.6 4072.4 4072.37 4073.16 4074.35 4076.56 4078.65
4121.6 4120.13 4118.79 4117.46 4116.65 4116.67 4121.19 4121.21 4118.86 4115.5 4111.7 4107.7 4103.62 4100.67 4099.51 4098.49 4097.3 4096.34 4096.12 4095.95 4096.05 4096.49 4097.12 4097.58 4098.02 4098.05 4097.81 4097.1 4094.66 4089.14 4091.98 4095.86 4098.13 4099.91 4101.41 4102.74 4103.41 4103.35 4103.07 4102.55 4102.56 4101.52 4100.73 4100.28 4099.12 4100.25 4100.73 4099.74 4098.02 4092.85 4088.15 4085.92 4084 4082.47 4080.27 4077.88 4076 4074.61 4073.68 4073.32 4072.66 4072.62 4073.08 4073.16 4074.07 4075.33 4076.54
4119.78 4118.53 4117.3 4115.99 4115.54 4116.74 4121.17 4120.72 4118.58 4115.62 4112.12 4108.28 4104.44 4101.65 4100.07 4098.82 4097.82 4097.31 4096.57 4096.81 4097.35 4097.95 4098.63 4099.12 4099.21 4098.87 4098.12 4096.8 4095.04 4095.69 4098.48 4098.67 4099.88 4101.25 4102.45 4103.53 4104.16 4104.25 4104.11 4103.97 4103.91 4103.38 4102.55 4101.86 4101.16 4101.27 4101.69 4100.9 4097.5 4093.67 4090.03 4086.23 4083.48 4081.28 4079.16 4077.45 4075.96 4074.89 4074.2 4074.18 4075.79 4076.98 4073.34 4072.59 4072.85 4073.81 4074.77
4118.23 4117.29 4116.19 4115.04 4114.08 4114.35 4119.02 4119.71 4118.25 4115.95 4112.9 4109.49 4106.13 4103.38 4101.21 4099.53 4097.84 4096.18 4096.84 4097.7 4098.72 4099.62 4100.4 4100.66 4100.89 4100.46 4099.49 4097.99 4096.63 4098.23 4099.81 4100.6 4101.45 4102.51 4103.59 4104.12 4104.73 4104.64 4104.79 4104.81 4104.41 4104.19 4103.89 4103.86 4104.15 4103.52 4102.97 4101.47 4097 4093.37 4089.53 4085.53 4082.68 4080.24 4078.22 4076.8 4075.74 4074.98 4074.37 4073.83 4072.98 4070.95 4071.47 4071.42 4071.29 4071.79 4072.77
4116.66 4116.17 4115.53 4114.95 4114.14 4113.57 4117.29 4119.08 4118.21 4116.26 4113.62 4110.71 4107.58 4104.42 4102.75 4100.81 4098.71 4097.39 4097.6 4098.8 4100.1 4101.37 4102.22 4102.82 4102.97 4102.36 4101.36 4100.2 4099.7 4100.35 4101.19 4102.26 4102.86 4103.4 4104.57 4107.24 4106.61 4106.16 4105.65 4105.5 4105.65 4104.93 4104.52 4104.7 4104.66 4104.5 4103.74 4102.05 4098.87 4093.85 4087.52 4084.87 4082.18 4079.56 4077.81 4076.14 4075.77 4075.4 4074.82 4073.79 4071.71 4068.86 4070.72 4071.19 4070.45 4068.21 4070.37
4115.19 4114.96 4114.98 4115.22 4115.84 4117.59 4119.59 4119.46 4118.29 4116.35 4114.19 4111.97 4109.83 4107.79 4105.48 4102.67 4100.13 4097.8 4098.81 4100.1 4101.42 4103.07 4104.13 4105.09 4105.31 4104.78 4103.66 4102.35 4101.79 4102.55 4103.84 4104.16 4104.03 4104.01 4103.62 4102.41 4105.55 4106.92 4105.8 4104.73 4105.77 4103.93 4103.84 4105.09 4105.98 4104.8 4104.28 4104.3 4103.59 4096.84 4090.46 4086.36 4082.69 4078.68 4074.21 4075.57 4076.37 4076.38 4076.1 4075.36 4074.27 4073.74 4073.3 4072.96 4072.21 4071.94 4071.78
4113.25 4113.56 4114.02 4115.19 4117.07 4120.01 4120.87 4119.82 4118.25 4116.46 4114.5 4112.88 4111.75 4111.22 4107.87 4104.03 4101.76 4100.91 4101.2 4101.37 4102.33 4103.63 4106.25 4107.99 4108.41 4107.47 4105.97 4104.33 4103.16 4104.19 4108.06 4105.67 4104.93 4104.8 4104.61 4104.49 4105.39 4106.18 4104.84 4102.43 4098.73 4101 4101.66 4102.02 4103.03 4103.35 4103.52 4103.59 4102.92 4098.17 4093.58 4088.81 4084.41 4081.03 4079.63 4078.62 4078.4 4078.3 4078.15 4078 4077.94 4077.94 4077.29 4075.85 4074.69 4074.65 4073.86
4111.2 4111.93 4112.99 4114.83 4116.88 4118.81 4119.78 4119.08 4117.42 4115.81 4114.25 4112.86 4111.61 4110.56 4106.93 4102.88 4101.1 4103.38 4102.39 4100.87 4103.23 4106.16 4110.32 4112.76 4112.25 4110.43 4108.31 4106.22 4104.84 4104.52 4104.06 4104.41 4104.93 4105.72 4106.5 4106.97 4106.72 4106.12 4104.53 4102.26 4100.71 4100.36 4100.24 4098.89 4099.24 4101.42 4102.15 4101.56 4100.38 4097.29 4093.1 4088.72 4086.25 4084.36 4082.28 4081.5 4081.07 4080.6 4080.42 4080.58 4081.26 4082.78 4081.23 4078.56 4076.44 4074.65 4074.94
4108.8 4109.57 4111.07 4112.98 4115.35 4117.68 4118.33 4117.28 4115.62 4114.29 4113.12 4111.9 4110.14 4106.78 4102.62 4099.14 4094.87 4093.83 4092.93 4095.4 4104.36 4113.04 4119.64 4119.49 4116.59 4113.38 4110.49 4107.88 4105.88 4104.14 4102.41 4102.61 4104.59 4106.69 4108.15 4108.4 4107.69 4106.79 4105.35 4103.22 4101.45 4101.56 4101.34 4100.74 4100.58 4101.35 4101.82 4101.69 4100.52 4096.81 4091.64 4088.98 4088.69 4087.63 4087.39 4085.91 4083.75 4082.8 4082.44 4082.5 4083 4083.61 4082.49 4080.26 4078.52 4077.22 4076.48
4105.56 4107.1 4108.63 4110.36 4112.32 4114.31 4114.73 4113.75 4112.67 4111.93 4111.28 4110.6 4109.57 4107.85 4104.41 4096.63 4086.12 4073.13 4068.53 4086.04 4104.45 4124.05 4130.8 4123.89 4118.61 4114.48 4111.26 4108.64 4106.5 4104.71 4103.64 4103.02 4105 4107.52 4110.12 4110.3 4106.62 4106.3 4107.65 4106.94 4104.54 4104.86 4103.87 4103.18 4102.63 4102.37 4102.01 4101.17 4099.74 4097.45 4095.96 4094.79 4092.45 4090.5 4088.71 4086.49 4085.54 4084.66 4084.12 4083.83 4083.7 4083.24 4082.21 4080.94 4079.97 4079.23 4077.86
4102.85 4104.28 4105.68 4107 4108.12 4108.64 4108.83 4108.7 4108.71 4108.82 4108.83 4108.82 4108.98 4110.05 4107.55 4096.23 4083.27 4067.65 4059.95 4083.14 4102.4 4118.15 4124.83 4121.45 4116.98 4113.35 4110.53 4108.43 4107.01 4106.4 4106.34 4105.37 4105.68 4107.73 4111.21 4113 4112.36 4110.82 4111.41 4113.75 4114.15 4109.06 4106.36 4104.58 4103.96 4103.62 4103.01 4101.26 4098.09 4097.83 4098.6 4098.47 4095.54 4092.68 4089.95 4088.43 4087.01 4086.29 4085.68 4085.06 4084.25 4083.37 4082.28 4081.04 4079.81 4078.84 4078.55
4100.23 4101.51 4102.67 4103.61 4104.06 4104.06 4103.13 4103.3 4104.73 4105.62 4105.97 4106.2 4106.37 4106.45 4103.4 4095.93 4087.61 4081.62 4084.79 4091.66 4101.39 4110.4 4115.54 4114.06 4112.31 4110.31 4108.5 4107.2 4106.65 4107.02 4109.08 4108.15 4104.81 4106.32 4108 4112.05 4117.14 4115.2 4112.84 4112.83 4112.56 4110.31 4108.23 4106.45 4105.72 4105.18 4104.55 4103.52 4099.47 4099.05 4099.97 4099.83 4097.54 4094.7 4092.05 4089.58 4088.52 4087.95 4087.25 4086.31 4085.11 4083.45 4081.71 4080.47 4081.75 4080.57 4079.07
4097.6 4098.61 4099.54 4100.4 4101.22 4101 4099.77 4099.72 4101.81 4102.48 4102.81 4102.85 4102.6 4101.62 4099.51 4095.67 4092.69 4094.05 4102.95 4099.7 4100.47 4101.99 4101.71 4105.16 4106.67 4106.59 4105.82 4105.08 4105.07 4106.33 4107.73 4105.76 4100.36 4104.6 4110.5 4110.11 4108.24 4110.73 4110.94 4109.31 4109.26 4110.31 4109.91 4109 4107.77 4106.72 4105.81 4104.56 4102.39 4101.83 4101.78 4100.7 4099.31 4097.07 4093.72 4090.48 4090.65 4090.28 4089.35 4088.1 4086.44 4084.14 4080.84 4079.46 4075.04 4077.18 4078.86
4095.17 4095.95 4096.5 4097.01 4097.89 4098.84 4099.91 4102.38 4100.3 4099.59 4099.49 4099.37 4098.81 4097.6 4095.65 4094.13 4093.95 4095.91 4098.3 4098.64 4098 4097.37 4096.12 4099.9 4102.27 4103 4102.72 4102.06 4101.44 4101.69 4101.47 4097.82 4097.78 4101.91 4105.48 4107.24 4109.62 4108.38 4109.57 4110.81 4111.1 4111.12 4111.06 4110.76 4109.34 4108.19 4107.08 4106.19 4105.96 4105.66 4104.96 4103.91 4102.93 4100.59 4097.92 4096.04 4094.7 4093.48 4092.2 4090.6 4088.71 4086.6 4084.3 4081.93 4081.4 4079.16 4079.74
4093.21 4093.66 4093.86 4093.7 4092.98 4093.94 4095.97 4096.4 4096.07 4096.17 4096.27 4096.02 4095.37 4094.26 4093.19 4092.32 4092.21 4092.95 4094.22 4094.27 4094.61 4095.48 4097.19 4098.69 4099.49 4100.03 4099.96 4099.21 4097.43 4093.58 4094.67 4105.7 4104.1 4102.42 4094.47 4098.11 4100.58 4104.37 4108.43 4111.95 4112.64 4111.93 4111.04 4110.59 4110.28 4109.62 4108.71 4107.98 4108.21 4108.09 4108.36 4109.01 4107.18 4104.32 4102.26 4101.08 4098.88 4096.92 4095.21 4093.31 4091.37 4089.63 4088.49 4084.65 4079.97 4080.93 4081.47
4091.69 4091.81 4091.83 4091.58 4090.82 4090.92 4090.62 4089.31 4091.36 4092.9 4093.49 4093.09 4092.45 4091.42 4090.23 4089.29 4089.33 4088.97 4087.72 4088.31 4090.76 4093.07 4096.28 4096.92 4097.05 4097.74 4098.21 4098.11 4096.73 4094.12 4096.7 4107.19 4110.52 4113.68 4115.28 4098.65 4090.48 4100.56 4107.56 4112.68 4113.16 4112.18 4111.86 4111.52 4111.53 4111.69 4111.48 4111.04 4110.88 4110.79 4110.4 4109.89 4108.47 4106.74 4105.15 4103.39 4101.91 4100.23 4098.17 4096.07 4094.01 4091.93 4089.56 4086.76 4084.47 4083.86 4084
4090.43 4090.34 4090.31 4090.39 4090.46 4089.93 4089.2 4088.79 4089.57 4090.6 4090.96 4090.81 4090.08 4089.05 4088.1 4087.53 4086.82 4085.97 4084.93 4085.5 4087.59 4089.29 4090.72 4092.05 4093.93 4095.7 4097.15 4098.28 4099.61 4102.15 4106.23 4107.15 4110.69 4116.69 4119.56 4112.37 4105.63 4105.26 4108.52 4111.18 4112.35 4111.45 4109.79 4111.13 4112.81 4114.06 4114.91 4114.65 4113.75 4112.98 4111.58 4110.23 4109.13 4108.27 4107.58 4106.94 4105.57 4103.39 4101.2 4098.95 4096.69 4094.29 4091.33 4089.27 4088.97 4087.57 4087.18
4088.72 4088.58 4088.76 4089.32 4090.18 4089.62 4089.06 4088.42 4088.91 4089.4 4089.09 4088.8 4087.85 4086.96 4086.84 4086.37 4084.49 4083.54 4084.21 4086.02 4084.77 4085.55 4086.21 4087.73 4091.07 4093.88 4096.23 4098.98 4102.44 4106.48 4109.08 4105.43 4105.81 4111.07 4113.92 4113.89 4112.44 4109.58 4110.25 4112.07 4112.88 4112.82 4110.78 4112.43 4114.98 4116.37 4116.86 4116.57 4115.29 4113.67 4112.14 4110.67 4109.44 4109.42 4109.55 4109.45 4108.29 4106.22 4103.79 4101.49 4099.35 4097.37 4095.37 4092.98 4090.94 4090.97 4090.6
4086.91 4086.87 4087.1 4087.43 4088.08 4088.84 4089.45 4090.11 4090.13 4089.25 4088.03 4086.78 4085.4 4084.13 4083.31 4082.1 4080.91 4080.33 4079.92 4078.07 4081.32 4082.55 4083.99 4086.04 4088.56 4091.59 4094.98 4098.84 4103.19 4108.25 4112.39 4107.85 4104.42 4103.29 4104.93 4107.74 4108.7 4109.6 4110.6 4112.3 4113.57 4115.52 4119.39 4118.1 4118.35 4119.28 4119.25 4118.47 4116.78 4114.08 4112.91 4111.4 4110.3 4110.66 4110.98 4111.28 4110.72 4108.44 4106.15 4103.94 4102.03 4100.49 4099.83 4099.36 4095.9 4094.71 4093.99
4084.65 4084.92 4085.54 4085.91 4086.46 4088.33 4089.87 4091.04 4090.82 4089.31 4087.16 4084.94 4083.03 4081.11 4079.19 4077.38 4076.81 4076.98 4077.55 4081.07 4078.75 4079.75 4081.63 4084.07 4086.19 4089.2 4092.63 4096.88 4101.9 4106.84 4111.28 4107.64 4103.16 4102.59 4103.04 4104.71 4106.77 4108.65 4110.28 4111.43 4113.63 4114.86 4116.1 4118.83 4120.84 4122.53 4123.52 4121.42 4118.88 4118.01 4114.77 4112.52 4112.22 4111.84 4112.01 4112.21 4111.61 4109.78 4107.74 4105.89 4104.17 4102.71 4101.55 4101.04 4099.77 4098.26 4097.25
4081.62 4082.97 4084.55 4085.92 4087.06 4088.41 4089.96 4091.52 4091.5 4088.94 4085.82 4083.3 4081.08 4078.77 4076.06 4072.89 4073.41 4074.29 4074.57 4071.73 4075.52 4076.81 4078.28 4080.58 4083.03 4086.3 4090.14 4094.54 4098.91 4102.53 4102.74 4100.66 4098.4 4098.85 4100.62 4101.88 4104.59 4107.74 4110.83 4113.31 4114.64 4115.61 4115.95 4119.9 4122.85 4124.82 4125.17 4123.04 4119.21 4114.28 4111.73 4112.1 4111.86 4112.24 4112.73 4112.7 4111.56 4110.99 4109.37 4107.81 4106.34 4104.72 4102.62 4099.32 4100.98 4101.13 4100.36
4078.42 4081.3 4084.1 4086.65 4087.91 4088.29 4088.88 4090.69 4092.67 4086.59 4083.56 4081.38 4079.39 4077.35 4075.17 4073.8 4073.03 4072.72 4073.31 4076.95 4074.69 4073.46 4074.21 4076.06 4079 4083.05 4087.37 4092.1 4096.21 4099.23 4099.91 4099.79 4097.98 4096.55 4098.14 4099.96 4103.14 4106.8 4110.66 4113.93 4115.38 4117.69 4120.76 4122.21 4124.88 4127.27 4127.55 4124.66 4120.04 4114.2 4112.31 4113.32 4113.41 4113.72 4113.68 4113.87 4116.08 4112.04 4110.13 4109.27 4108.3 4107.2 4105.88 4104.73 4104.43 4103.97 4103.23
4076.33 4080.59 4084.17 4086.83 4087.79 4087.29 4086.19 4084.23 4079.07 4080.63 4080.16 4079.35 4078.15 4076.68 4075.12 4074.07 4072.56 4071.33 4070.45 4069.34 4068.56 4069.03 4069.92 4071.22 4074.47 4079.11 4084.03 4088.87 4093.36 4097.24 4100.76 4100.71 4095.98 4096.17 4097.8 4099.92 4101.99 4105.17 4109.02 4112.24 4114.5 4116.55 4119.37 4122.8 4126.02 4128.94 4129.85 4126.62 4122.74 4119.62 4117.99 4116.92 4116.52 4115.84 4114.81 4112.79 4107.67 4109.11 4110.87 4111.19 4110.84 4110.21 4109.64 4109.48 4107.94 4106.72 4106.31
4077.75 4081.69 4085.03 4087.04 4087.46 4086.21 4083.67 4080.01 4077.24 4076.63 4077.64 4077.91 4077.45 4076.45 4075.11 4073.18 4071.61 4070.37 4068.11 4064.57 4063.45 4065.62 4066.85 4067.81 4071.07 4075.99 4081.2 4086.28 4091.1 4095.07 4097.65 4097.54 4095.56 4096.13 4096.35 4097.87 4099.78 4102.71 4106.13 4109.78 4112.92 4115.65 4118.83 4122.6 4125.98 4128.8 4129.44 4127.41 4124.8 4122.97 4121.76 4120.21 4119.24 4118.5 4117.18 4114.64 4111.95 4112.44 4113.54 4113.93 4113.66 4113.11 4112.57 4112.05 4110.07 4110.4 4109.45
4082.11 4083.84 4086.69 4089.17 4088.32 4086.11 4082.97 4078.81 4073.44 4074.81 4077.05 4077.93 4077.8 4077.14 4075.96 4074.62 4073.33 4071.17 4068.72 4065.66 4064.12 4065.56 4065.86 4066.86 4069.48 4073.57 4078.6 4083.61 4088.3 4092.56 4096.01 4097.19 4093.4 4092.76 4093.12 4093.66 4096.88 4100.08 4103.3 4107.18 4111.52 4115.36 4118.82 4122.11 4125.12 4127.48 4128.2 4127.07 4125.45 4123.93 4122.52 4122.41 4122.57 4122.41 4120.83 4119.38 4118.81 4118.31 4117.9 4117.6 4117.02 4116.18 4115.01 4113.99 4114.23 4113.31 4112.73
4084.89 4085.03 4087.17 4089.92 4088.5 4086.4 4083.87 4080.91 4077.08 4078.18 4079.22 4079.13 4078.76 4078.16 4077.37 4076.27 4074.57 4073.06 4071.21 4070.81 4072.17 4067.33 4066.01 4065.75 4067.37 4072.13 4077.2 4082.09 4086.43 4090.55 4094.03 4095.91 4094.53 4094.14 4092.98 4092.9 4094.68 4097.77 4102.02 4106.42 4110.71 4114.22 4118.14 4121.28 4123.73 4125.48 4126.17 4125.9 4125.11 4124.25 4123.6 4123.93 4124.53 4124.82 4124.02 4123.48 4123.31 4123.04 4122.45 4121.55 4120.59 4119.55 4118.25 4117.14 4116.89 4116.42 4116.01
4084.03 4083.96 4085.29 4086.77 4087.14 4086.47 4085.26 4084.59 4086.32 4085.21 4082.23 4080.92 4080.13 4079.55 4079.05 4078.51 4077.69 4075.62 4073.13 4070.86 4067.39 4067.28 4066.76 4066.51 4067.73 4072.21 4076.6 4080.79 4085.13 4088.75 4091.98 4093.56 4093.79 4092.31 4091.07 4091.17 4092.65 4095.1 4098.09 4104.02 4110.73 4115.3 4118.45 4120.34 4121.88 4123.31 4124.12 4124.37 4124.29 4124.24 4124.74 4124.8 4125.15 4125.62 4126.15 4126.75 4127.72 4128.2 4126.67 4125.3 4124.19 4123.25 4122.42 4121.41 4120.31 4119.69 4119.09
