real_craters/C164-750m.grd
DSAA
161 161
-59.885 59.885
-59.885 59.885
2855.9368286091 4899.1306281639
[rows 114 to 151 of 161, columns 0 to 83 of 161]
4124 4124 4112 4119 4120 4122 4119 4099 4110 4114 4116 4116 4123 4124 4116 4109 4106 4100 4093 4088 4082 4079 4084 4081 4089 4089 4085 4074 4075 4074 4072 4069 4067 4063 4087 4121 4116 4122 4125 4116 4111 4100 4093 4095 4110 4102 4095 4101 4103 4100 4099 4096 4095 4094 4095 4096 4099 4106 4114 4122 4127 4131 4136 4140 4143 4153 4162 4176 4190 4205 4223 4237 4239 4245 4266 4262 4251 4258 4262 4272 4283 4271 4258 4246
4118 4119 4116 4120 4124 4122 4125 4125 4104 4109 4110 4108 4127 4125 4126 4123 4107 4096 4087 4080 4077 4075 4078 4091 4079 4082 4082 4076 4069 4067 4068 4068 4063 4059 4073 4090 4105 4115 4123 4118 4121 4134 4123 4112 4130 4115 4118 4119 4115 4107 4099 4097 4096 4098 4098 4099 4102 4106 4110 4118 4126 4131 4137 4142 4145 4152 4161 4173 4185 4197 4201 4218 4236 4254 4251 4247 4242 4247 4260 4272 4277 4274 4259 4250
4113 4115 4119 4115 4118 4124 4127 4122 4101 4100 4104 4099 4104 4111 4111 4105 4100 4092 4084 4079 4076 4077 4085 4115 4074 4087 4086 4063 4061 4061 4060 4059 4061 4059 4063 4072 4089 4100 4098 4104 4108 4104 4108 4107 4077 4111 4138 4136 4127 4116 4105 4100 4101 4101 4104 4103 4104 4106 4109 4118 4127 4136 4143 4148 4159 4163 4165 4171 4180 4193 4205 4208 4229 4249 4250 4238 4229 4239 4261 4293 4298 4278 4258 4246
4106 4110 4112 4122 4120 4121 4121 4117 4110 4104 4099 4097 4096 4098 4093 4096 4093 4087 4082 4078 4073 4088 4093 4095 4097 4065 4073 4059 4060 4061 4058 4058 4060 4061 4065 4071 4084 4093 4091 4097 4112 4093 4093 4093 4088 4119 4147 4151 4139 4126 4115 4109 4110 4108 4110 4107 4103 4100 4111 4121 4130 4139 4147 4155 4165 4165 4166 4169 4173 4180 4188 4192 4222 4249 4238 4237 4226 4235 4263 4313 4302 4272 4250 4232
4102 4106 4111 4126 4126 4102 4119 4120 4112 4105 4101 4100 4102 4102 4099 4097 4089 4083 4078 4070 4071 4080 4078 4069 4068 4064 4059 4059 4063 4065 4067 4066 4066 4064 4060 4076 4086 4092 4092 4098 4110 4092 4097 4103 4122 4137 4158 4158 4142 4133 4130 4129 4122 4116 4116 4112 4109 4106 4116 4126 4135 4144 4153 4161 4161 4165 4167 4166 4165 4161 4171 4194 4224 4254 4235 4240 4231 4234 4246 4249 4255 4254 4246 4240
4099 4103 4107 4121 4106 4110 4116 4119 4113 4105 4102 4102 4105 4109 4099 4087 4083 4080 4076 4073 4073 4073 4069 4067 4060 4058 4061 4061 4070 4078 4078 4080 4078 4076 4081 4086 4097 4100 4103 4107 4098 4107 4105 4119 4130 4136 4137 4134 4129 4130 4135 4143 4128 4121 4120 4119 4120 4122 4125 4135 4144 4152 4160 4170 4179 4173 4172 4170 4168 4165 4171 4189 4210 4219 4218 4215 4224 4228 4222 4214 4223 4237 4245 4251
4094 4097 4098 4123 4109 4098 4110 4117 4114 4108 4105 4104 4107 4116 4101 4089 4082 4078 4076 4074 4076 4078 4070 4066 4060 4057 4058 4061 4077 4093 4110 4102 4093 4082 4084 4110 4122 4115 4121 4123 4112 4102 4100 4098 4111 4114 4105 4095 4110 4116 4120 4120 4120 4121 4123 4124 4130 4140 4142 4146 4153 4160 4167 4173 4175 4177 4177 4177 4176 4173 4171 4177 4187 4192 4195 4200 4210 4213 4210 4211 4218 4235 4255 4269
4092 4094 4097 4125 4035 4111 4111 4117 4114 4108 4102 4110 4115 4115 4105 4092 4083 4078 4077 4077 4077 4078 4071 4066 4059 4056 4055 4060 4082 4105 4118 4118 4111 4109 4115 4132 4133 4114 4113 4106 4092 4088 4093 4095 4103 4108 4102 4102 4100 4104 4107 4105 4114 4119 4123 4127 4133 4139 4151 4154 4160 4168 4175 4181 4185 4184 4185 4184 4184 4181 4168 4150 4157 4191 4183 4191 4200 4204 4204 4202 4217 4241 4264 4278
4090 4093 4098 4111 4108 4105 4110 4116 4115 4113 4116 4119 4123 4120 4105 4092 4083 4080 4078 4076 4074 4072 4068 4058 4056 4059 4058 4063 4085 4112 4132 4123 4118 4129 4130 4123 4113 4109 4103 4088 4077 4085 4092 4097 4106 4109 4096 4084 4090 4096 4102 4110 4113 4118 4123 4126 4132 4142 4150 4156 4163 4172 4180 4187 4191 4191 4191 4188 4189 4190 4170 4149 4150 4186 4182 4185 4195 4207 4211 4208 4213 4235 4259 4277
4090 4092 4095 4097 4109 4099 4106 4111 4115 4120 4117 4124 4132 4122 4110 4099 4092 4084 4079 4074 4072 4069 4068 4065 4066 4067 4061 4067 4082 4104 4120 4112 4103 4090 4090 4088 4094 4127 4105 4087 4085 4103 4121 4108 4102 4096 4086 4080 4085 4093 4100 4103 4111 4119 4124 4129 4131 4131 4142 4155 4165 4177 4188 4196 4197 4196 4192 4190 4187 4186 4175 4168 4171 4169 4147 4173 4188 4202 4212 4214 4215 4229 4240 4236
4090 4093 4094 4096 4118 4096 4103 4108 4114 4118 4115 4123 4141 4152 4123 4108 4095 4088 4082 4076 4071 4075 4072 4076 4078 4081 4069 4072 4076 4083 4090 4091 4086 4077 4082 4083 4065 4077 4086 4083 4096 4118 4145 4114 4092 4074 4078 4078 4085 4094 4101 4107 4113 4120 4127 4131 4135 4140 4147 4152 4161 4175 4192 4213 4210 4197 4190 4186 4182 4177 4178 4178 4179 4169 4179 4168 4183 4193 4210 4220 4222 4224 4226 4231
4090 4090 4092 4094 4107 4098 4102 4106 4111 4115 4117 4120 4132 4136 4131 4115 4099 4091 4087 4083 4081 4076 4078 4080 4085 4091 4075 4070 4070 4068 4071 4077 4078 4075 4085 4094 4049 4055 4075 4085 4098 4122 4109 4098 4088 4092 4083 4086 4092 4099 4104 4111 4118 4123 4131 4138 4140 4140 4141 4143 4151 4166 4183 4203 4203 4190 4183 4180 4182 4182 4181 4180 4179 4179 4181 4180 4187 4200 4216 4225 4227 4219 4216 4224
4091 4092 4092 4095 4100 4096 4096 4102 4108 4113 4113 4116 4124 4137 4141 4120 4100 4095 4094 4092 4091 4087 4090 4089 4092 4097 4082 4074 4066 4061 4064 4069 4076 4085 4092 4079 4069 4077 4088 4112 4160 4154 4135 4096 4088 4084 4085 4092 4101 4106 4107 4109 4109 4123 4135 4146 4151 4142 4130 4128 4138 4154 4168 4176 4185 4182 4171 4168 4174 4177 4175 4178 4181 4187 4198 4194 4199 4216 4236 4225 4215 4212 4211 4219
4093 4095 4094 4090 4100 4093 4094 4099 4106 4113 4117 4109 4125 4142 4134 4123 4114 4107 4101 4097 4096 4088 4081 4089 4097 4091 4078 4063 4059 4060 4062 4066 4073 4081 4081 4073 4078 4084 4087 4108 4141 4151 4150 4105 4086 4080 4088 4103 4116 4116 4110 4108 4114 4121 4138 4155 4169 4151 4114 4113 4128 4144 4161 4173 4173 4170 4158 4151 4140 4147 4161 4173 4184 4194 4207 4208 4211 4219 4222 4221 4218 4208 4207 4213
4094 4092 4094 4093 4094 4092 4093 4097 4103 4111 4114 4120 4125 4130 4122 4126 4128 4119 4107 4097 4086 4081 4083 4079 4084 4072 4065 4060 4055 4058 4061 4065 4070 4073 4075 4075 4075 4073 4066 4026 4003 4062 4118 4093 4078 4077 4086 4106 4123 4122 4116 4107 4106 4118 4136 4154 4167 4149 4116 4109 4123 4139 4158 4168 4167 4163 4150 4141 4131 4137 4148 4160 4180 4195 4205 4211 4216 4212 4206 4205 4203 4200 4197 4199
4104 4099 4093 4093 4096 4094 4093 4095 4102 4109 4113 4123 4124 4120 4131 4126 4122 4117 4108 4097 4083 4076 4073 4074 4076 4066 4060 4057 4054 4055 4059 4063 4068 4069 4068 4072 4073 4067 4067 4057 3982 3987 4028 4063 4069 4068 4079 4107 4128 4126 4119 4111 4104 4117 4133 4146 4147 4136 4116 4111 4123 4140 4159 4167 4168 4160 4150 4138 4131 4132 4138 4142 4156 4180 4196 4210 4211 4202 4185 4186 4189 4188 4183 4182
4116 4103 4095 4093 4095 4096 4092 4094 4103 4113 4120 4122 4117 4117 4116 4122 4124 4119 4109 4098 4087 4078 4074 4070 4069 4063 4058 4058 4053 4052 4057 4062 4066 4069 4071 4069 4070 4072 4067 4064 4046 4020 4026 4057 4067 4073 4083 4105 4127 4124 4120 4117 4114 4122 4134 4141 4148 4131 4117 4113 4125 4146 4167 4175 4171 4162 4152 4141 4134 4133 4136 4142 4163 4190 4203 4217 4223 4197 4176 4176 4177 4182 4190 4181
4111 4104 4097 4093 4093 4094 4091 4095 4107 4122 4131 4142 4131 4117 4118 4123 4124 4120 4111 4098 4086 4087 4095 4079 4067 4063 4055 4043 4054 4053 4058 4063 4066 4070 4072 4072 4067 4058 4062 4065 4066 4073 4082 4081 4082 4081 4082 4097 4105 4114 4120 4123 4125 4134 4138 4136 4128 4127 4115 4108 4129 4154 4179 4184 4174 4164 4153 4142 4138 4137 4139 4146 4172 4206 4213 4224 4227 4198 4182 4176 4176 4183 4192 4183
4106 4100 4091 4095 4096 4095 4094 4097 4110 4128 4161 4184 4140 4117 4117 4124 4126 4124 4114 4101 4090 4092 4117 4092 4063 4062 4055 4052 4052 4059 4065 4068 4070 4072 4071 4069 4063 4059 4058 4064 4055 4098 4123 4107 4100 4095 4095 4101 4104 4115 4120 4125 4139 4145 4141 4144 4141 4138 4129 4121 4142 4160 4178 4181 4173 4163 4152 4146 4144 4143 4144 4149 4173 4216 4213 4225 4231 4201 4177 4173 4171 4179 4192 4184
4103 4102 4101 4097 4096 4096 4098 4099 4108 4119 4127 4127 4113 4113 4115 4121 4127 4129 4119 4106 4094 4091 4101 4079 4060 4059 4050 4054 4071 4073 4075 4070 4072 4069 4066 4060 4055 4054 4060 4062 4041 4087 4121 4120 4111 4104 4106 4109 4123 4129 4122 4117 4107 4104 4134 4162 4171 4156 4152 4163 4165 4164 4169 4174 4170 4162 4154 4149 4150 4151 4152 4156 4169 4170 4193 4218 4237 4203 4182 4172 4163 4158 4203 4193
4105 4105 4106 4105 4099 4101 4100 4102 4105 4107 4103 4095 4106 4110 4117 4118 4126 4129 4123 4113 4098 4084 4081 4066 4051 4052 4050 4048 4119 4107 4094 4079 4070 4065 4060 4056 4056 4064 4076 4064 4050 4088 4119 4119 4112 4104 4098 4108 4122 4125 4119 4109 4097 4099 4127 4155 4168 4157 4152 4157 4151 4156 4170 4171 4166 4156 4152 4149 4151 4157 4163 4166 4177 4185 4193 4213 4216 4196 4176 4165 4172 4190 4223 4207
4104 4105 4107 4107 4104 4100 4101 4101 4102 4102 4100 4102 4107 4110 4113 4119 4124 4128 4126 4120 4106 4089 4080 4068 4062 4061 4060 4072 4122 4110 4093 4080 4073 4063 4058 4055 4059 4102 4129 4094 4070 4092 4112 4112 4105 4099 4097 4104 4120 4128 4117 4105 4100 4110 4125 4139 4146 4144 4131 4112 4116 4144 4166 4167 4163 4157 4150 4143 4148 4162 4176 4189 4187 4191 4204 4215 4223 4216 4188 4175 4188 4217 4242 4215
4105 4107 4112 4108 4105 4101 4099 4099 4100 4105 4107 4104 4106 4108 4111 4115 4122 4126 4130 4129 4116 4097 4085 4071 4065 4063 4067 4083 4090 4082 4078 4069 4064 4059 4056 4055 4054 4083 4094 4079 4073 4085 4098 4100 4098 4096 4094 4100 4116 4135 4107 4098 4096 4105 4120 4150 4146 4130 4116 4103 4108 4138 4161 4168 4165 4157 4149 4143 4150 4165 4180 4187 4194 4202 4208 4215 4236 4245 4203 4175 4198 4228 4234 4205
4104 4117 4122 4126 4108 4101 4099 4097 4101 4112 4124 4128 4116 4110 4112 4118 4122 4130 4134 4136 4124 4106 4089 4076 4068 4066 4063 4063 4073 4068 4071 4074 4065 4063 4057 4047 4046 4057 4057 4064 4075 4081 4087 4090 4091 4091 4096 4101 4088 4068 4080 4083 4086 4085 4097 4101 4115 4114 4107 4102 4109 4138 4161 4168 4167 4161 4152 4147 4155 4169 4185 4196 4187 4184 4186 4200 4219 4240 4216 4193 4210 4232 4210 4181
4101 4103 4108 4106 4103 4101 4101 4099 4101 4117 4139 4160 4136 4117 4113 4117 4122 4124 4130 4137 4130 4115 4095 4086 4070 4065 4056 4034 4033 4064 4064 4065 4064 4063 4059 4053 4052 4054 4055 4062 4071 4073 4082 4086 4085 4084 4082 4073 4068 4062 4068 4075 4077 4079 4084 4092 4099 4103 4105 4107 4117 4147 4168 4173 4172 4166 4159 4153 4163 4174 4181 4195 4211 4198 4184 4187 4193 4224 4227 4214 4214 4223 4171 4154
4100 4099 4102 4104 4102 4103 4101 4099 4101 4116 4137 4161 4146 4119 4113 4115 4121 4128 4134 4133 4133 4124 4102 4088 4074 4074 4063 4059 4066 4061 4062 4062 4062 4062 4060 4061 4056 4059 4063 4066 4071 4079 4083 4085 4085 4082 4075 4066 4065 4066 4069 4073 4076 4076 4081 4089 4095 4104 4111 4119 4132 4156 4173 4178 4175 4173 4172 4175 4177 4181 4183 4196 4216 4208 4192 4183 4180 4224 4229 4216 4207 4180 4136 4134
4100 4100 4104 4106 4106 4103 4101 4100 4101 4111 4123 4133 4121 4113 4115 4118 4122 4128 4134 4138 4136 4129 4105 4082 4072 4071 4070 4070 4064 4064 4064 4063 4062 4062 4062 4064 4065 4070 4077 4078 4082 4080 4087 4086 4083 4080 4075 4070 4067 4069 4072 4075 4079 4088 4091 4087 4096 4106 4116 4130 4148 4174 4182 4179 4176 4175 4178 4181 4185 4189 4200 4199 4197 4201 4202 4186 4173 4188 4205 4222 4199 4152 4130 4127
4102 4102 4107 4112 4112 4107 4103 4101 4102 4106 4111 4111 4112 4115 4117 4120 4125 4129 4134 4137 4136 4128 4109 4089 4079 4076 4074 4071 4066 4066 4067 4065 4064 4064 4065 4069 4079 4084 4087 4090 4104 4098 4095 4091 4088 4085 4078 4068 4069 4071 4072 4076 4081 4085 4087 4093 4099 4109 4122 4138 4163 4190 4185 4176 4172 4171 4176 4183 4183 4187 4192 4194 4195 4196 4195 4187 4174 4161 4172 4190 4170 4132 4124 4125
4101 4101 4106 4110 4113 4108 4106 4105 4102 4105 4108 4110 4113 4115 4118 4121 4122 4127 4135 4139 4138 4134 4116 4098 4088 4085 4081 4075 4070 4069 4069 4067 4066 4066 4069 4080 4097 4102 4098 4097 4100 4099 4093 4095 4095 4093 4089 4084 4082 4079 4076 4077 4080 4085 4090 4093 4102 4112 4124 4137 4150 4154 4163 4162 4161 4161 4165 4169 4175 4179 4182 4189 4192 4195 4195 4190 4183 4166 4161 4159 4144 4125 4118 4125
4100 4101 4103 4106 4108 4105 4103 4108 4105 4108 4113 4114 4113 4113 4117 4119 4122 4125 4133 4139 4140 4141 4126 4112 4096 4091 4083 4078 4073 4059 4068 4066 4065 4066 4072 4085 4102 4105 4093 4098 4107 4105 4104 4105 4105 4103 4103 4104 4099 4088 4080 4077 4080 4085 4092 4097 4103 4112 4122 4132 4139 4141 4144 4148 4148 4146 4152 4159 4163 4171 4180 4189 4196 4197 4195 4191 4185 4183 4175 4159 4141 4131 4129 4130
4101 4100 4102 4104 4105 4106 4107 4107 4106 4111 4123 4125 4119 4115 4116 4119 4120 4124 4130 4137 4143 4158 4141 4127 4116 4100 4088 4079 4073 4072 4068 4065 4063 4063 4067 4080 4089 4107 4097 4107 4113 4119 4124 4118 4114 4111 4111 4117 4115 4091 4076 4073 4076 4081 4087 4096 4104 4112 4120 4127 4132 4128 4133 4138 4138 4134 4116 4129 4152 4165 4177 4191 4200 4201 4200 4197 4196 4204 4206 4162 4130 4129 4126 4126
4103 4101 4104 4106 4107 4107 4107 4108 4109 4112 4120 4122 4118 4114 4115 4118 4116 4123 4131 4138 4141 4146 4146 4134 4123 4111 4097 4083 4075 4070 4068 4064 4061 4059 4061 4078 4107 4108 4108 4118 4119 4125 4126 4124 4116 4111 4109 4108 4097 4084 4066 4067 4073 4080 4090 4096 4104 4111 4117 4124 4127 4126 4130 4133 4136 4138 4149 4146 4155 4167 4181 4197 4205 4205 4203 4202 4202 4200 4186 4160 4133 4129 4125 4125
4107 4104 4104 4111 4113 4109 4106 4106 4107 4108 4112 4113 4112 4112 4115 4117 4119 4123 4129 4133 4140 4148 4148 4145 4140 4119 4093 4083 4079 4075 4067 4063 4059 4058 4062 4082 4105 4096 4112 4124 4121 4127 4141 4124 4112 4105 4100 4096 4089 4076 4067 4066 4070 4076 4085 4095 4105 4111 4117 4121 4123 4129 4134 4134 4137 4142 4151 4156 4161 4171 4188 4208 4212 4208 4203 4201 4198 4189 4179 4157 4139 4133 4129 4129
4107 4109 4121 4135 4129 4116 4111 4109 4112 4111 4104 4106 4110 4113 4116 4120 4124 4122 4126 4119 4140 4146 4149 4148 4139 4120 4095 4084 4078 4073 4065 4061 4059 4057 4062 4083 4107 4105 4108 4117 4107 4109 4110 4104 4098 4093 4087 4079 4068 4067 4067 4067 4069 4074 4086 4100 4106 4112 4117 4120 4123 4128 4133 4133 4136 4141 4147 4155 4163 4175 4192 4213 4214 4207 4199 4192 4184 4174 4159 4151 4142 4135 4133 4133
4110 4111 4127 4149 4138 4121 4112 4119 4128 4128 4108 4108 4112 4114 4116 4119 4119 4123 4111 4081 4139 4141 4148 4150 4141 4125 4103 4089 4078 4069 4063 4061 4060 4059 4061 4076 4093 4087 4089 4090 4092 4087 4079 4081 4083 4080 4075 4068 4063 4063 4066 4070 4072 4069 4078 4099 4108 4113 4117 4121 4124 4126 4127 4131 4135 4140 4146 4154 4164 4175 4190 4204 4208 4203 4194 4180 4176 4167 4156 4152 4147 4135 4137 4142
4109 4111 4118 4127 4127 4118 4112 4129 4162 4136 4121 4117 4117 4117 4118 4119 4119 4124 4127 4131 4131 4136 4147 4148 4146 4134 4111 4094 4080 4069 4066 4065 4063 4060 4061 4067 4069 4068 4072 4078 4073 4074 4072 4073 4073 4071 4068 4063 4059 4066 4079 4087 4082 4076 4080 4098 4110 4116 4119 4122 4124 4124 4123 4128 4134 4140 4147 4154 4163 4174 4185 4194 4200 4199 4195 4190 4177 4167 4158 4154 4149 4139 4141 4145
4110 4111 4112 4114 4116 4114 4111 4119 4125 4122 4122 4122 4123 4125 4121 4121 4119 4124 4125 4126 4131 4136 4146 4153 4150 4137 4117 4097 4082 4071 4074 4071 4066 4062 4060 4061 4062 4062 4064 4072 4072 4072 4071 4071 4068 4067 4065 4063 4063 4074 4094 4107 4093 4090 4096 4107 4115 4118 4119 4122 4125 4123 4125 4127 4133 4139 4145 4154 4162 4169 4182 4193 4196 4197 4197 4197 4180 4169 4159 4153 4144 4143 4142 4144
4111 4112 4111 4112 4112 4110 4110 4112 4115 4116 4122 4124 4126 4129 4125 4124 4123 4121 4124 4125 4127 4137 4149 4156 4152 4138 4120 4101 4085 4072 4071 4073 4066 4062 4060 4060 4062 4064 4060 4083 4078 4072 4069 4068 4067 4066 4065 4065 4068 4077 4090 4098 4092 4082 4097 4124 4119 4117 4116 4117 4122 4120 4123 4127 4132 4140 4147 4153 4160 4168 4176 4184 4191 4195 4196 4192 4181 4172 4166 4164 4155 4136 4141 4139
