real_craters/C164-500m.grd
DSAA
241 241
-59.885 59.885
-59.885 59.885
2855.2927412351 4903.3839496538
[rows 0 to 29 of 241, columns 0 to 66 of 241]
4113.62 4105.91 4104.26 4102.65 4101.45 4099.38 4094.29 4092.75 4089.25 4084.98 4081.96 4080.36 4078.83 4078.37 4079.97 4082.47 4081.35 4079.1 4075.63 4071.95 4067.7 4064.56 4062.33 4060.62 4061.18 4065.46 4061.48 4056.1 4054.32 4056.01 4060.91 4064.15 4068.25 4072.53 4075.9 4077.57 4079.43 4081.1 4082.7 4084.28 4085.54 4086.41 4087.09 4088.09 4092.3 4096.96 4100.59 4104.17 4105.91 4107.02 4108.48 4109.63 4111.28 4106.43 4106.81 4101 4097.54 4101.66 4115.18 4131.91 4152.49 4158.59 4154.38 4142.61 4131.83 4131.48 4139.16
4121.89 4117.02 4113.13 4109.76 4106.65 4102.38 4096.62 4094.65 4091.85 4089.07 4086.3 4083.61 4080.82 4078.68 4076.16 4086.76 4084.62 4081.01 4076.86 4072.32 4067.79 4063.68 4060.34 4057.68 4056.52 4059.67 4060.78 4058.42 4059.53 4061.2 4064.04 4063.77 4065.96 4069.3 4071.64 4075.72 4078.09 4080.38 4082.59 4084.92 4086.47 4086.98 4082.3 4086.27 4092.49 4098.45 4103.77 4107.33 4108.83 4109.8 4111.29 4112.68 4113.04 4103.71 4103.57 4097 4096.77 4103.08 4112.97 4129.22 4144.93 4154.34 4152.05 4144.29 4133.55 4129.12 4133.16
4130.3 4126.22 4121.15 4116.55 4111.89 4105.73 4101.7 4097.09 4095.79 4095.14 4092.19 4087.65 4082.97 4079.2 4078.74 4085.97 4085.25 4081.74 4077.07 4073.01 4068.05 4063.33 4058.51 4054.53 4054.37 4058.92 4061.8 4061.95 4065.07 4069.26 4064.85 4065.37 4066.5 4068.98 4071.47 4074.19 4076.67 4079.06 4081.88 4084.77 4087.21 4088.56 4088.3 4088.36 4092.84 4099.26 4107.12 4110.54 4110.56 4111.59 4113.21 4115.12 4116.41 4114.71 4092.2 4094.28 4095.68 4100.2 4112.03 4128.02 4145.59 4156.15 4157.49 4149.22 4137.53 4129.18 4127.42
4133.88 4131.68 4127 4122.72 4119.18 4115.11 4108.36 4107.66 4105.85 4101.47 4098.55 4091.34 4085.08 4079.87 4078 4085.27 4085.37 4081.92 4077.62 4073.33 4068.2 4063.23 4058.74 4054.24 4052.23 4054.77 4059.27 4061.73 4064.84 4068.72 4065.7 4065.61 4065.46 4066.83 4068.84 4071.15 4074.16 4077.64 4081.3 4084.99 4088.39 4091.14 4090 4089.77 4093.44 4098.82 4103.72 4107.02 4109.04 4110.36 4112.18 4114.62 4117.9 4122.64 4105.29 4097.85 4097.85 4098.53 4107.26 4125.31 4147.5 4165.95 4165.01 4156.85 4144.92 4134.4 4128.76
4133.62 4133.26 4130.26 4126.91 4124.28 4123.31 4115.93 4111.52 4107.96 4103.9 4099.57 4093.44 4086.05 4079.89 4076.54 4080.09 4082.13 4081.04 4077.29 4073.14 4068.05 4063.27 4059.11 4056.37 4054.01 4054.94 4057.07 4057.32 4059.81 4062.42 4063.2 4061.11 4062.19 4062.88 4063.33 4067.03 4071.79 4076.07 4080.57 4084.72 4088.46 4092.15 4092.06 4090.44 4092.97 4096.55 4100.91 4104.74 4105.69 4107.52 4110.07 4111.94 4111.8 4107.27 4101.28 4101.93 4104.72 4104.48 4100.27 4119.1 4151.09 4168.92 4171.84 4165.33 4156.74 4142.05 4141.63
4135.4 4133.93 4132.34 4129.13 4125.95 4121.39 4116.96 4112.23 4108.61 4103.78 4101.42 4094.14 4086.23 4079.4 4074.94 4076.61 4080.23 4080.55 4078.15 4074.38 4069.42 4064.24 4059.42 4055.98 4056.49 4058.46 4058.51 4051.98 4052.91 4058.84 4060.72 4058.87 4059.64 4060.91 4062.7 4066.12 4070.31 4074.52 4079.2 4083.63 4087.42 4089.86 4089.9 4089.69 4092.01 4094.59 4095.76 4092.99 4101.49 4105.11 4106.74 4107.7 4106.79 4106.46 4104.54 4103.47 4107.92 4107.81 4103.87 4115.89 4146.14 4183.75 4169.96 4168.77 4174.78 4185.81 4161.85
4136.38 4135.88 4133.89 4130.12 4125.97 4122.87 4118.19 4110.92 4104.12 4100.26 4097.3 4092.17 4085.5 4078.74 4073.66 4074.39 4081.17 4082.18 4080.35 4076.5 4071.27 4065.85 4060.76 4056.02 4055.76 4056.92 4051.93 4049.05 4048.93 4053.18 4055.75 4057.58 4058.17 4059.76 4063.5 4066.07 4068 4072.64 4077.88 4082.62 4086.37 4088.86 4089.59 4090.36 4091.01 4093.28 4095.52 4099.81 4101 4102.84 4103.87 4104.11 4102.63 4099.67 4100.38 4101.18 4100.16 4100.48 4100.27 4105.04 4108.19 4116.06 4145.74 4160.2 4172.71 4183.83 4154.64
4134.19 4139.3 4134.37 4129.49 4124.18 4117.34 4114.67 4107.31 4099.05 4095.82 4094.04 4090.49 4084.5 4078.81 4074.69 4077.33 4085.16 4086.23 4084.46 4080.1 4074.17 4068.9 4064.03 4059.34 4056.86 4059.92 4056.3 4050.75 4051.67 4052.53 4054.91 4056.38 4057.24 4057.17 4057.53 4059.18 4064.42 4071.45 4077.32 4082.53 4086.53 4088.12 4087.89 4087.55 4089.63 4093.24 4096.71 4099.15 4101.01 4102.01 4102.61 4101.84 4099.82 4099.72 4100.33 4101.46 4101.99 4101.99 4105.02 4100.41 4097.32 4106.02 4129.04 4147.05 4156.2 4148.9 4146.93
4131.24 4132.51 4131.61 4128.11 4123.41 4116.23 4112.05 4103.91 4095.95 4092.26 4091.24 4088.65 4084.28 4079.8 4076.84 4078.6 4091.85 4092.03 4089.5 4084.56 4078.63 4072.14 4067.42 4067.98 4061.61 4061.12 4059.2 4055.19 4052.41 4053.2 4056.91 4058.44 4057.37 4055.95 4050.94 4047.55 4064.07 4071.91 4078.13 4083.51 4088.15 4089.58 4089.12 4088.27 4090.76 4094.76 4097.93 4099.8 4101.35 4101.48 4101.12 4100.01 4098.89 4099.41 4104.99 4099.3 4097.02 4097.1 4096.79 4098.78 4101.15 4109.04 4124.37 4139.78 4150.32 4157.3 4157.58
4130.63 4132.05 4129.87 4125.99 4123.27 4122.83 4109.07 4102.45 4094.69 4090.52 4089.2 4087.63 4085.1 4081.89 4079.74 4081.92 4098.45 4099.25 4094.75 4088.74 4082.32 4074.85 4065.2 4056.75 4061.38 4061.31 4060.27 4058.15 4054.46 4052.88 4056.15 4058.18 4058.08 4058.86 4062.28 4069.67 4070.2 4074.55 4079.38 4084.38 4089.62 4094.23 4092.89 4092.37 4094.83 4097.79 4100.22 4101.93 4102.54 4102.98 4102.36 4100.95 4099.01 4096.6 4094.82 4094.77 4089.74 4091.4 4093.77 4098.47 4104.25 4112.52 4124.88 4138.53 4150.79 4159.13 4166.28
4131.05 4128.28 4124.91 4122.58 4119.07 4112.37 4112.33 4104.23 4095.61 4090.19 4089.18 4088.52 4087.27 4085.05 4083.88 4086.75 4103.72 4104.05 4098.5 4092.98 4086.8 4080.39 4074.3 4070.23 4064.61 4063.03 4061.71 4060.45 4058.94 4053.89 4055.36 4056.5 4058.76 4061.63 4065.88 4069.11 4073.48 4076.82 4080.69 4084.81 4088.51 4092.02 4094.82 4097.04 4099.81 4101.8 4103.61 4105.12 4106.19 4105.64 4104.67 4102.94 4101.7 4102.83 4105.43 4101.07 4101.89 4093.57 4094.53 4099.28 4103.23 4112.94 4124.76 4137.44 4150.6 4165.37 4177.52
4132.68 4125.44 4119.33 4120.21 4119.11 4117.28 4113.98 4106.6 4096.36 4090.05 4090.69 4093.42 4091.1 4088.73 4088.16 4091.13 4099.94 4101.88 4099.81 4095.59 4090.95 4086.61 4082.83 4077.09 4070.21 4066.1 4064.65 4064.99 4060.52 4058.1 4057.81 4058.23 4060.12 4063.99 4068.55 4075.25 4076.1 4078.43 4081.97 4085.25 4087.88 4091.2 4096.49 4101.06 4103.77 4105.33 4107 4108.86 4109.33 4108.5 4106.75 4105.41 4103.82 4104.96 4109.04 4102.19 4089.78 4101.44 4104.35 4102.11 4104.19 4112.26 4123.46 4136.25 4150.41 4156.36 4148.51
4133.45 4127.24 4123.55 4121.3 4118.85 4117.31 4115.97 4109.17 4098.16 4091.4 4091.44 4093.76 4092.62 4091.42 4091.66 4093.52 4099.45 4101.37 4100.1 4097.01 4093.57 4090.24 4086.61 4080.82 4074.77 4071.19 4069.04 4064.19 4063.67 4062.95 4064.47 4058.45 4062.15 4066.3 4069.88 4072.94 4075.9 4078.85 4082.05 4085.76 4090.61 4094.24 4098.1 4102.96 4106.78 4107.58 4109.08 4110.77 4111.3 4110.31 4108.72 4107.68 4106.94 4107.12 4110.17 4105.96 4099.8 4107.51 4106.58 4103.39 4103.27 4110.98 4121.65 4135.27 4151.79 4174.14 4188.6
4129.64 4128.84 4129.04 4122.57 4118.32 4116.06 4114.61 4108.91 4099.65 4091.89 4091.47 4091.16 4091.85 4093.35 4095.04 4097.32 4101.83 4103.62 4099.74 4097.25 4095.9 4093.35 4086.35 4082.33 4080.55 4082.8 4074.98 4070.2 4066.34 4067.28 4069.32 4068.03 4067.37 4069.45 4071.53 4073.24 4075.78 4078.59 4081.81 4085.37 4089.74 4094.01 4097.5 4101.8 4105.22 4107.18 4109.24 4111.62 4113.62 4111.37 4108.86 4107.6 4109.28 4105.82 4099.97 4097.91 4101.17 4101.59 4100.99 4100.79 4106.97 4106.06 4114.57 4127.02 4143.28 4169.56 4205.36
4128.34 4127.56 4125.19 4122.13 4117.79 4114.72 4111.78 4107.22 4100.99 4096.62 4093.75 4091.64 4092.51 4095.33 4098.26 4101.17 4102.14 4098.7 4098.07 4097.63 4097.94 4097.59 4097.58 4089.26 4083.38 4078.66 4078.03 4077.12 4070.4 4067.18 4067.92 4072.71 4073.19 4072.78 4073.47 4074.71 4076.6 4078.67 4080.95 4083.59 4086.33 4090.31 4094.9 4098.74 4100.54 4105.28 4107.61 4110.18 4112.37 4110.54 4107.62 4104.49 4100.24 4097.7 4092.45 4091.91 4104.43 4100.67 4092.78 4087.05 4088.84 4097.01 4106.08 4115.13 4122.99 4122.5 4121.14
4128.69 4126.92 4124.74 4122.12 4118.53 4114.89 4110.14 4104.47 4101.09 4099.76 4095.81 4094.61 4095.61 4096.36 4099.85 4105.15 4108.96 4097.65 4096.42 4097.3 4098.47 4099.98 4100.48 4096.05 4088.65 4083.96 4081.19 4078 4073.57 4072.31 4071.28 4074.82 4075.45 4074.51 4074.73 4075.5 4076.64 4077.9 4079.86 4082.38 4084.38 4088.22 4091.75 4096.16 4106.88 4101.72 4104.02 4106.88 4108.17 4108.15 4105.87 4102.38 4095.63 4095.76 4096.64 4107.95 4107.17 4090.28 4088.45 4075.34 4072.91 4088.81 4098.4 4105.63 4110.7 4113.73 4113.66
4128.78 4126.42 4123.79 4122.79 4121.86 4116.3 4109.49 4104.47 4098.81 4095.45 4093.76 4092.11 4090 4094.71 4099.14 4103.07 4098.39 4095.97 4095.68 4097.25 4098.99 4100.47 4101.92 4100.68 4094.19 4088.33 4085.64 4081.78 4078.3 4077.52 4076.66 4076.11 4075.64 4074.79 4074.65 4074.89 4075.62 4076.1 4077.69 4080.44 4085.67 4086.08 4087.88 4088.97 4083.25 4093.75 4099.85 4103.48 4106.93 4106.25 4104.86 4103.74 4108.58 4099.35 4098.73 4098.66 4102.74 4103.95 4094.38 4095.35 4092.19 4091.56 4095.47 4099.56 4104.33 4111.79 4118.55
4128.52 4126.15 4123.34 4123.46 4126.68 4117.93 4108.03 4097.62 4095.92 4096.03 4094.46 4091 4090.15 4093.8 4097.61 4100.37 4102.7 4097.3 4095.81 4096.8 4098.59 4100.23 4100.52 4100.22 4098 4094.95 4091.85 4088.41 4087.47 4084.7 4081.17 4078.48 4076.69 4074.78 4073.97 4073.23 4073.31 4073.58 4075.1 4076.53 4076.86 4081.82 4084.55 4086.47 4089.93 4093.05 4097.15 4100.22 4101.92 4103.06 4103.77 4102.92 4100.02 4099.85 4098.33 4098.69 4093.93 4088.13 4094.93 4100.63 4100.21 4096.16 4094.97 4095.78 4098.45 4105.96 4126.53
4127.65 4125.78 4125.34 4127.07 4125.79 4118.43 4108.7 4099.24 4096.7 4096.51 4095.34 4093.56 4093.5 4094.56 4096.39 4097.42 4095.73 4094.49 4095.44 4096.52 4098.43 4100.63 4101.61 4100.62 4100.44 4098.51 4095.55 4094.74 4099.74 4093.48 4087.43 4080.82 4076.24 4075.55 4073.7 4071.87 4069.87 4071.36 4073.12 4074.67 4076.16 4079.59 4082.43 4085.5 4090.74 4093.65 4095.44 4098.24 4099.77 4101.61 4104.24 4104.8 4103.36 4100.97 4097.87 4098.8 4095.25 4086.77 4095.58 4101.14 4101.99 4098.67 4095.4 4093.7 4093.43 4095.87 4112.76
4125.68 4123.9 4123.43 4124.22 4124.18 4118.49 4110.8 4105.01 4100.35 4097.84 4096.71 4095 4094.13 4094.87 4095.86 4096.48 4096.53 4095.2 4094.22 4096.2 4098.68 4100.53 4101.73 4101.45 4099.43 4098.51 4098.61 4099.25 4099.54 4098.43 4089.86 4084.64 4081.96 4077.65 4074.36 4071.79 4069.48 4070.7 4072.76 4074.71 4076.62 4078.64 4080.96 4083.57 4086.11 4088.57 4093.22 4097.49 4101.51 4105.2 4105.86 4106.64 4107.59 4103.73 4100.25 4099.08 4100.39 4098.22 4101.66 4109.03 4104.73 4100.87 4096.9 4093.45 4091.87 4096.05 4114.32
4122.65 4120.58 4119.2 4118.16 4122.12 4118.08 4111.69 4105.23 4100.54 4098.62 4097.36 4095.77 4095.23 4095.79 4097.11 4097.65 4097.68 4093.58 4090.54 4096.23 4099.5 4101.67 4102.66 4102.25 4099.05 4098.99 4100.2 4101.39 4100.29 4096.85 4087.84 4084.76 4082.3 4078.32 4075.1 4073.06 4072.65 4072.44 4073.39 4076.16 4077.94 4077.98 4079.71 4081.62 4083 4087.09 4092.12 4097.38 4101.93 4103.53 4107.27 4108.02 4106.85 4106.63 4104.72 4096.78 4096.6 4104.35 4106.39 4107.74 4106.77 4103.42 4099.32 4094.91 4092.03 4095.91 4112.65
4119.93 4117.88 4115.73 4116.61 4121.26 4117.74 4112.18 4105.72 4100.97 4098.82 4097.58 4096.55 4097.21 4098.13 4099.04 4098.93 4097.37 4094.68 4098.29 4099.16 4101.47 4103.41 4104.17 4103.99 4103.87 4102.76 4101.47 4100.93 4101.34 4096.71 4090.35 4084.68 4081 4077.72 4075.36 4074.11 4075.24 4074.58 4072.67 4073.74 4075.17 4076.51 4078.32 4080.73 4083.99 4089.12 4092.43 4096.9 4102.33 4109.07 4107.56 4107.57 4108.4 4109.08 4111.61 4105.4 4099.34 4107.42 4109.27 4110.61 4108.62 4106.4 4103.78 4099.3 4093.96 4094.59 4105.67
4117.45 4116.13 4114.65 4112.46 4119.03 4117.67 4113.37 4108.03 4103.17 4100.27 4097.02 4097.5 4099.42 4101.11 4101.97 4101.44 4099.7 4098.51 4100.09 4101.98 4103.38 4105.43 4105.46 4105.25 4105.17 4104.47 4104.48 4104.24 4102.61 4096.31 4087.62 4083.53 4079.45 4076.6 4075.42 4074.41 4072.1 4069.99 4071.07 4069.75 4072.2 4074.77 4077.34 4079.83 4083.15 4087.22 4090.59 4095 4099.71 4100.97 4104.72 4105.71 4106.31 4107.9 4109.91 4110.32 4107.51 4110.26 4109.6 4108.97 4109.22 4109.79 4109.71 4107.42 4102.14 4099.99 4103.61
4114.76 4114.71 4115.52 4118.48 4119.83 4117.65 4114.35 4110.98 4108.41 4103.19 4099.09 4099.64 4101.58 4103.97 4105.89 4105.37 4103.28 4101.98 4104.33 4104.36 4104.09 4100.4 4106.3 4105.22 4104.02 4103.22 4105.49 4104.77 4104.33 4102.84 4091.95 4084.81 4077.74 4075.62 4076.78 4076.46 4075.25 4074.46 4073.45 4072.78 4072.76 4074.74 4076.67 4078.33 4080.44 4083.01 4086.8 4092.13 4097.47 4103.41 4103.17 4102.85 4103.96 4105.81 4105.33 4111.31 4121.7 4116.39 4110.01 4107.5 4110.73 4114.53 4118.15 4120.65 4119.18 4114.67 4110.58
4111.11 4112.69 4115.55 4119.07 4119.45 4117.04 4114.36 4112.12 4110.24 4103.27 4102.17 4101.69 4103 4108.11 4112.31 4110.25 4106.86 4104.51 4104.63 4104.76 4105.86 4106.98 4106.47 4104 4100.75 4100.42 4098.57 4101.37 4102.09 4100.01 4093.95 4087.22 4083.78 4081.37 4080.55 4080.19 4080.84 4082.42 4077.95 4074.74 4074.87 4075.29 4076.48 4077.57 4078.37 4078.76 4083.32 4088.85 4094.1 4098.16 4100.02 4099.78 4102.91 4105.74 4106.85 4107.52 4123.9 4119.75 4109.61 4107.2 4111.85 4119.52 4127.44 4136.42 4144.84 4137.13 4122.25
4106.91 4109.23 4112.32 4117.52 4116.06 4113.77 4112.2 4110.33 4103.85 4097.6 4084.79 4081.86 4104.01 4129.66 4121.42 4114.46 4109.45 4105.58 4102.68 4103.73 4107.7 4109.64 4107.93 4106.18 4102.13 4102.94 4102.71 4101.86 4101.82 4099.88 4094.46 4091.48 4089.32 4088.09 4084.32 4083.42 4083.42 4082.99 4080.48 4078.79 4076.9 4076.97 4077.21 4077.95 4078.73 4079.67 4082.6 4086.81 4091.05 4094.32 4097.01 4099.36 4102.24 4106.37 4111.15 4096.64 4104.66 4117.23 4104.22 4104.77 4113.64 4123.37 4133.99 4145.45 4157.13 4147.57 4129.75
4102.22 4104.52 4106.58 4107.88 4107.42 4107.89 4108.23 4108.45 4109.69 4096.63 4075.11 4069.37 4101.23 4122.08 4118.97 4112.95 4108.88 4106.78 4106.97 4105.54 4108.25 4113.32 4114.45 4112.37 4114.93 4107.92 4104.72 4104 4102.81 4097.48 4098.81 4097.43 4092.54 4089.97 4086.96 4085.84 4084.55 4082.82 4080.89 4079.09 4078.41 4078.04 4078.52 4079.09 4079.51 4081.16 4083.53 4085.68 4088.37 4091.74 4094.4 4094.39 4100.28 4103.33 4102.25 4103.29 4106.9 4109.29 4105.62 4109.21 4117.82 4127.56 4137.57 4146.81 4151.41 4146.34 4134.69
4097.91 4099.6 4101.03 4101.05 4099.36 4102.35 4103.16 4103.16 4101.74 4095.88 4092.05 4101.12 4100.52 4102.68 4106.62 4106.99 4105.66 4105.55 4108.08 4100.88 4106.06 4110.31 4110.83 4110.94 4109.01 4110.02 4108.37 4106.65 4105.1 4101.64 4101.56 4099.81 4096.18 4090.4 4090.17 4088.91 4086.53 4082.44 4079.03 4076.9 4078.86 4079.58 4080.1 4080.77 4081.28 4082.64 4083.46 4085.22 4086.35 4085.89 4087.67 4097.05 4099.98 4103.36 4105.9 4107.34 4108.2 4107.93 4108.12 4113.7 4122.01 4130.89 4138.93 4145.03 4148.91 4142.85 4134.05
4094.01 4094.87 4095.02 4095.92 4102.9 4098.12 4097.81 4097.13 4095.1 4093.02 4093.9 4096.35 4096.2 4096.34 4099.52 4101.23 4100.76 4098.7 4097.69 4099.3 4100.69 4102.51 4107.86 4109.63 4112.03 4111.34 4110.53 4109.06 4107.25 4107.72 4107 4107.22 4102.24 4099.45 4096.15 4093.56 4090.52 4087.49 4083.01 4080.34 4080.86 4082.05 4083.02 4083.05 4083.4 4083.43 4084.34 4085.69 4087.11 4087.96 4090.09 4096.98 4099.92 4103.6 4107.05 4108.63 4109.51 4110.81 4114.61 4119.52 4127.06 4134.6 4140.08 4143.08 4141.44 4138.87 4131.01
4091.43 4091.5 4091.08 4090.55 4089.27 4091.34 4092.86 4092.34 4090.47 4088.49 4088.48 4086.12 4089.88 4094.03 4096.01 4097.15 4098.06 4097 4099.26 4110.25 4117.95 4102.56 4097.22 4108.84 4113.05 4111.89 4111.74 4112.08 4112.08 4111.62 4110.82 4109.12 4106.82 4104.16 4101.73 4098.4 4094.89 4091.15 4086.89 4084.61 4084.79 4085.56 4086.11 4086.53 4086.66 4086.13 4084.33 4088.08 4090.31 4092.92 4095.75 4095.91 4098.64 4101.81 4107.08 4112.63 4113.17 4113.34 4118.61 4124.23 4130.42 4137.24 4142.79 4144.07 4141.41 4137.45 4129.49
