real_craters/C164-750m.grd
DSAA
161 161
-59.885 59.885
-59.885 59.885
2855.9368286091 4899.1306281639
[rows 76 to 113 of 161, columns 0 to 83 of 161]
4081 4084 4085 4082 4085 4090 4092 4100 4101 4100 4095 4089 4086 4074 4080 4095 4105 4119 4175 4188 4160 4145 4130 4121 4111 4100 4090 4084 4079 4088 4111 4121 4106 4083 4080 4083 4094 4108 4125 4141 4155 4166 4152 4145 4156 4182 4198 4199 4205 4234 4227 4223 4222 4222 4246 4250 4257 4258 4249 4257 4255 4237 4200 4100 3845 3610 3478 3339 3248 3179 3093 3012 3060 3157 3308 3441 3565 3690 3767 3804 3863 3943 3957 3868
4082 4086 4089 4089 4087 4092 4099 4109 4100 4097 4088 4086 4079 4071 4093 4160 4141 4131 4152 4153 4128 4110 4105 4103 4099 4093 4088 4086 4083 4083 4102 4105 4097 4078 4082 4083 4094 4110 4127 4142 4145 4152 4139 4141 4154 4171 4193 4190 4190 4211 4213 4212 4211 4214 4231 4235 4245 4244 4236 4231 4221 4190 4123 3978 3790 3582 3415 3303 3231 3155 3097 3061 3111 3197 3312 3421 3503 3587 3650 3711 3775 3980 4062 3959
4086 4092 4097 4103 4100 4095 4096 4097 4098 4100 4098 4085 4074 4068 4085 4120 4145 4156 4125 4111 4105 4082 4085 4089 4091 4091 4089 4085 4086 4083 4098 4091 4088 4092 4092 4098 4104 4112 4119 4120 4127 4120 4126 4136 4158 4182 4186 4184 4190 4199 4207 4212 4221 4215 4229 4227 4229 4210 4209 4196 4174 4139 4077 3939 3698 3505 3347 3265 3229 3190 3138 3154 3185 3241 3334 3387 3428 3469 3534 3593 3788 3907 3984 3993
4098 4099 4103 4111 4115 4098 4090 4092 4097 4099 4100 4088 4076 4069 4076 4124 4148 4145 4103 4089 4088 4070 4074 4082 4091 4097 4098 4089 4089 4090 4098 4089 4088 4092 4101 4113 4115 4116 4118 4120 4127 4133 4138 4145 4159 4183 4184 4183 4192 4199 4209 4218 4229 4224 4232 4228 4208 4194 4174 4148 4112 4070 4002 3878 3712 3499 3305 3238 3246 3252 3173 3178 3209 3246 3305 3348 3353 3339 3335 3430 3618 3799 3919 3977
4098 4100 4100 4098 4088 4095 4088 4091 4099 4099 4095 4082 4078 4082 4100 4115 4114 4089 4075 4071 4072 4063 4070 4081 4094 4106 4112 4100 4100 4103 4103 4099 4092 4091 4097 4105 4114 4118 4123 4126 4134 4143 4141 4146 4159 4172 4177 4179 4186 4201 4215 4228 4244 4236 4235 4219 4195 4172 4147 4113 4074 4021 3944 3847 3712 3521 3323 3248 3261 3238 3151 3179 3211 3224 3277 3314 3300 3272 3255 3366 3527 3709 3814 3935
4095 4095 4095 4099 4103 4097 4097 4101 4116 4119 4115 4097 4087 4090 4091 4082 4068 4067 4063 4063 4062 4066 4068 4076 4091 4111 4126 4114 4096 4087 4096 4100 4095 4091 4095 4099 4112 4120 4126 4132 4137 4140 4142 4149 4165 4174 4174 4176 4198 4209 4223 4238 4257 4250 4243 4223 4190 4162 4131 4094 4046 3990 3945 3849 3769 3565 3382 3296 3299 3245 3131 3141 3162 3198 3246 3281 3271 3276 3309 3412 3510 3698 3895 3947
4079 4084 4088 4093 4100 4104 4113 4136 4156 4171 4146 4099 4094 4090 4088 4075 4062 4066 4069 4063 4058 4053 4057 4066 4078 4097 4132 4121 4115 4084 4081 4092 4092 4100 4108 4110 4117 4123 4128 4131 4137 4140 4138 4147 4160 4166 4163 4176 4193 4215 4234 4251 4277 4270 4254 4239 4209 4188 4152 4115 4053 3960 3849 3812 3751 3596 3455 3375 3361 3299 3178 3138 3149 3188 3222 3249 3242 3234 3316 3454 3527 3653 3796 3837
4075 4078 4083 4088 4091 4116 4155 4181 4172 4145 4138 4117 4097 4090 4086 4070 4055 4066 4068 4065 4061 4045 4046 4054 4060 4062 4068 4108 4113 4075 4064 4068 4079 4089 4108 4128 4119 4122 4128 4138 4144 4142 4135 4141 4146 4156 4162 4188 4213 4225 4240 4256 4279 4271 4267 4258 4245 4226 4207 4172 4110 3996 3837 3779 3712 3594 3504 3454 3395 3329 3229 3126 3067 3201 3243 3230 3212 3205 3280 3390 3468 3548 3611 3654
4073 4074 4083 4093 4096 4086 4188 4178 4147 4134 4127 4109 4094 4083 4074 4062 4054 4058 4066 4063 4061 4055 4047 4049 4050 4052 4068 4103 4107 4076 4055 4059 4070 4074 4077 4096 4110 4118 4125 4133 4140 4142 4152 4144 4141 4157 4173 4202 4215 4227 4241 4258 4272 4281 4283 4288 4289 4291 4279 4253 4205 4125 3985 3771 3638 3570 3504 3433 3451 3379 3265 3136 3059 3205 3224 3188 3192 3219 3259 3323 3384 3444 3479 3503
4074 4075 4087 4104 4129 4135 4149 4142 4129 4127 4118 4097 4086 4076 4065 4053 4048 4056 4064 4060 4052 4046 4052 4050 4046 4049 4062 4090 4118 4089 4058 4067 4070 4075 4088 4091 4103 4113 4119 4122 4122 4130 4135 4141 4140 4152 4163 4176 4209 4223 4240 4258 4275 4284 4305 4319 4335 4348 4357 4352 4322 4255 4085 3783 3617 3574 3534 3515 3507 3418 3286 3178 3105 3143 3166 3164 3184 3178 3198 3214 3317 3365 3391 3425
4077 4080 4091 4110 4132 4143 4129 4125 4133 4144 4130 4098 4086 4077 4064 4054 4060 4061 4064 4063 4053 4050 4067 4059 4049 4041 4049 4058 4075 4079 4061 4063 4070 4075 4074 4091 4106 4113 4116 4116 4116 4123 4130 4135 4145 4145 4154 4166 4188 4215 4238 4260 4279 4291 4322 4342 4370 4396 4420 4435 4434 4388 4204 3906 3717 3632 3574 3555 3508 3410 3314 3235 3195 3213 3141 3116 3204 3255 3210 3189 3279 3299 3311 3339
4079 4077 4087 4100 4109 4104 4117 4120 4134 4153 4157 4127 4096 4086 4079 4072 4076 4079 4087 4072 4058 4060 4075 4071 4061 4045 4056 4077 4100 4070 4054 4055 4069 4086 4112 4115 4116 4116 4116 4114 4110 4118 4119 4124 4131 4136 4146 4160 4182 4207 4232 4258 4283 4312 4327 4350 4388 4426 4464 4496 4519 4520 4359 4077 3877 3731 3600 3476 3402 3354 3302 3268 3264 3248 3159 3116 3217 3312 3214 3185 3250 3198 3180 3178
4069 4075 4084 4091 4095 4095 4087 4099 4102 4117 4124 4113 4097 4092 4097 4112 4089 4077 4075 4070 4062 4058 4091 4084 4077 4076 4082 4100 4100 4077 4053 4064 4079 4101 4124 4130 4125 4121 4118 4117 4119 4117 4111 4116 4128 4126 4140 4162 4178 4199 4224 4249 4274 4290 4316 4345 4380 4426 4465 4515 4559 4563 4466 4258 4058 3863 3663 3458 3325 3298 3265 3236 3238 3224 3173 3108 3149 3165 3127 3102 3059 3056 3027 2994
4071 4078 4082 4085 4085 4085 4089 4095 4104 4106 4108 4100 4093 4090 4094 4097 4087 4074 4074 4073 4073 4078 4089 4083 4083 4097 4094 4110 4114 4114 4129 4105 4112 4119 4128 4134 4128 4123 4120 4117 4116 4117 4108 4107 4118 4126 4134 4146 4170 4193 4217 4242 4265 4276 4310 4336 4374 4410 4460 4506 4566 4648 4592 4460 4250 4010 3779 3573 3360 3299 3235 3180 3203 3212 3199 3178 3146 3071 3075 3045 2999 2961 2922 2856
4076 4080 4083 4085 4085 4085 4092 4097 4104 4106 4103 4092 4083 4082 4079 4075 4087 4104 4095 4088 4085 4084 4065 4069 4070 4069 4078 4082 4104 4109 4103 4122 4136 4134 4133 4131 4129 4123 4118 4113 4111 4110 4107 4108 4115 4118 4128 4141 4160 4184 4210 4235 4261 4281 4312 4331 4359 4398 4434 4472 4503 4530 4627 4631 4399 4156 3912 3667 3494 3390 3303 3230 3187 3218 3212 3256 3233 3130 3054 2995 2925 2931 2921 2889
4076 4081 4083 4085 4089 4094 4094 4097 4102 4111 4094 4085 4082 4073 4067 4063 4081 4122 4118 4106 4095 4072 4067 4070 4061 4060 4070 4085 4094 4084 4079 4096 4122 4140 4150 4138 4127 4118 4111 4106 4105 4109 4106 4104 4105 4110 4123 4134 4148 4172 4199 4226 4254 4273 4298 4317 4343 4367 4403 4432 4454 4462 4581 4597 4477 4283 4067 3827 3618 3529 3426 3299 3238 3128 3173 3203 3189 3138 3063 3013 2982 2997 2996 2983
4080 4080 4082 4085 4088 4095 4098 4096 4099 4097 4059 4074 4076 4068 4059 4053 4063 4103 4133 4137 4111 4083 4070 4061 4054 4053 4063 4074 4069 4055 4053 4050 4059 4126 4153 4132 4121 4111 4104 4097 4093 4100 4099 4100 4104 4111 4117 4122 4137 4162 4189 4215 4241 4257 4282 4302 4324 4353 4384 4418 4456 4511 4599 4613 4535 4407 4241 4053 3869 3711 3614 3552 3352 3223 3197 3173 3155 3179 3195 3154 3136 3124 3089 3059
4080 4079 4080 4084 4085 4086 4093 4095 4101 4107 4084 4077 4077 4068 4061 4059 4062 4097 4148 4160 4117 4082 4059 4054 4051 4049 4053 4052 4054 4050 4050 4043 4032 4113 4139 4125 4109 4100 4094 4089 4083 4080 4086 4091 4094 4104 4117 4113 4129 4153 4178 4203 4226 4250 4274 4286 4311 4338 4371 4405 4450 4516 4616 4648 4595 4524 4423 4270 4018 3879 3786 3694 3561 3421 3314 3225 3158 3222 3308 3277 3263 3250 3185 3146
4083 4083 4084 4087 4088 4087 4089 4099 4106 4117 4105 4087 4075 4073 4070 4065 4062 4110 4142 4120 4099 4073 4048 4068 4058 4056 4059 4048 4052 4054 4048 4055 4087 4109 4111 4098 4092 4088 4084 4081 4076 4074 4075 4076 4083 4097 4107 4112 4127 4147 4168 4190 4210 4225 4231 4260 4286 4316 4350 4390 4433 4479 4516 4578 4612 4617 4606 4518 4244 4079 3957 3815 3695 3588 3475 3344 3237 3267 3299 3325 3348 3384 3347 3277
4086 4094 4093 4094 4095 4091 4098 4110 4122 4109 4098 4092 4085 4084 4084 4085 4095 4121 4127 4106 4086 4073 4071 4060 4060 4059 4063 4061 4055 4060 4056 4089 4121 4117 4105 4088 4082 4080 4078 4077 4078 4076 4071 4070 4084 4098 4109 4118 4131 4145 4161 4179 4195 4209 4219 4242 4268 4296 4331 4370 4412 4455 4503 4551 4604 4661 4746 4826 4540 4322 4160 3999 3826 3741 3636 3516 3406 3371 3319 3389 3428 3544 3539 3458
4090 4108 4103 4100 4104 4116 4105 4117 4113 4105 4097 4100 4106 4107 4100 4101 4123 4127 4113 4080 4070 4070 4066 4051 4051 4051 4048 4049 4052 4059 4097 4128 4122 4117 4100 4086 4077 4075 4074 4073 4070 4068 4072 4078 4088 4102 4107 4122 4129 4141 4153 4165 4178 4192 4207 4224 4247 4277 4308 4345 4389 4423 4468 4514 4564 4627 4720 4805 4688 4538 4366 4199 4036 3870 3744 3722 3742 3617 3551 3563 3593 3738 3694 3660
4094 4111 4105 4103 4103 4103 4106 4114 4107 4091 4096 4107 4128 4128 4106 4094 4087 4091 4080 4081 4080 4069 4055 4052 4053 4048 4045 4049 4050 4074 4119 4126 4117 4108 4094 4080 4071 4071 4072 4073 4073 4075 4077 4079 4083 4102 4120 4124 4129 4136 4143 4152 4160 4169 4175 4192 4217 4248 4279 4309 4342 4378 4410 4462 4504 4537 4544 4569 4714 4704 4514 4381 4236 4083 3932 3879 3822 3833 3831 3786 3816 3907 3913 3831
4106 4107 4103 4100 4099 4097 4097 4108 4111 4107 4096 4103 4109 4103 4092 4078 4065 4067 4072 4092 4096 4077 4057 4075 4056 4049 4044 4050 4061 4077 4126 4121 4107 4106 4095 4082 4075 4074 4078 4081 4083 4089 4088 4084 4086 4096 4117 4122 4126 4131 4136 4142 4147 4147 4136 4158 4191 4222 4251 4280 4312 4354 4387 4429 4451 4456 4445 4471 4570 4592 4558 4550 4522 4382 4225 4133 4094 4047 4000 3980 3941 3945 4009 4000
4113 4100 4095 4095 4092 4096 4100 4106 4116 4109 4099 4096 4091 4081 4076 4068 4060 4064 4078 4103 4112 4087 4061 4080 4066 4056 4050 4064 4094 4120 4129 4125 4118 4115 4104 4088 4078 4086 4094 4095 4095 4124 4135 4104 4097 4100 4109 4116 4119 4124 4129 4134 4137 4138 4133 4152 4176 4204 4231 4262 4304 4364 4404 4417 4417 4410 4400 4415 4438 4446 4544 4647 4754 4641 4541 4481 4426 4342 4266 4200 4130 4077 4106 4190
4109 4102 4094 4096 4096 4093 4101 4109 4117 4112 4103 4096 4085 4075 4071 4065 4063 4072 4096 4114 4122 4100 4070 4084 4096 4073 4055 4073 4118 4154 4156 4152 4140 4131 4119 4105 4096 4110 4118 4120 4125 4147 4149 4119 4105 4101 4103 4108 4112 4117 4123 4128 4134 4137 4135 4151 4168 4191 4218 4249 4297 4380 4425 4419 4406 4393 4378 4387 4411 4453 4520 4596 4678 4718 4746 4710 4705 4691 4522 4419 4387 4385 4368 4417
4101 4102 4093 4092 4098 4096 4099 4105 4112 4106 4111 4101 4090 4080 4076 4071 4066 4072 4083 4105 4138 4106 4082 4092 4113 4091 4069 4076 4098 4138 4184 4185 4159 4149 4133 4131 4142 4144 4146 4156 4160 4167 4153 4156 4154 4110 4103 4104 4105 4109 4119 4125 4130 4127 4134 4152 4161 4182 4210 4246 4303 4389 4422 4405 4391 4384 4391 4390 4405 4443 4484 4537 4625 4674 4675 4654 4670 4675 4592 4532 4541 4613 4537 4573
4099 4097 4091 4096 4097 4094 4092 4102 4109 4105 4102 4102 4099 4090 4086 4084 4074 4062 4060 4073 4089 4091 4088 4096 4124 4104 4096 4077 4077 4112 4168 4176 4152 4142 4129 4138 4173 4161 4160 4184 4204 4192 4201 4196 4169 4122 4104 4105 4109 4116 4120 4125 4131 4129 4132 4137 4156 4174 4197 4235 4288 4351 4378 4368 4358 4355 4371 4373 4386 4414 4439 4465 4550 4587 4565 4524 4520 4483 4505 4528 4548 4549 4511 4578
4101 4100 4098 4094 4095 4094 4096 4103 4111 4110 4106 4104 4113 4125 4100 4053 4054 4066 4065 4066 4069 4076 4084 4101 4073 4073 4070 4069 4072 4083 4091 4085 4089 4075 4086 4101 4106 4114 4135 4163 4185 4189 4189 4205 4162 4128 4111 4112 4118 4124 4123 4126 4131 4136 4139 4154 4157 4164 4176 4192 4229 4273 4305 4314 4314 4308 4295 4329 4356 4387 4397 4408 4456 4492 4484 4470 4474 4414 4463 4504 4524 4531 4528 4530
4102 4098 4094 4093 4087 4091 4094 4100 4107 4112 4108 4108 4116 4126 4102 4061 4053 4074 4070 4065 4067 4072 4075 4065 4055 4054 4054 4058 4061 4062 4059 4052 4039 4049 4060 4068 4060 4074 4097 4111 4138 4166 4180 4170 4163 4134 4121 4118 4119 4120 4123 4129 4134 4138 4144 4153 4154 4155 4158 4159 4179 4205 4242 4265 4276 4278 4281 4299 4316 4328 4336 4350 4388 4426 4454 4491 4517 4531 4494 4484 4493 4517 4537 4494
4099 4097 4094 4094 4096 4095 4094 4097 4107 4112 4110 4109 4109 4101 4094 4097 4083 4074 4073 4077 4081 4084 4075 4068 4060 4057 4054 4053 4051 4055 4055 4053 4057 4058 4060 4064 4070 4079 4077 4073 4104 4144 4165 4178 4167 4148 4131 4126 4124 4123 4126 4130 4134 4138 4141 4143 4145 4147 4149 4152 4161 4177 4207 4234 4251 4260 4267 4276 4280 4275 4276 4290 4330 4370 4417 4504 4529 4528 4487 4472 4476 4488 4505 4471
4100 4104 4095 4096 4093 4093 4093 4096 4107 4113 4114 4111 4105 4097 4087 4078 4079 4071 4074 4083 4086 4085 4074 4065 4063 4061 4054 4055 4058 4055 4055 4056 4061 4064 4064 4069 4073 4074 4078 4084 4099 4131 4167 4168 4151 4131 4132 4130 4130 4133 4131 4133 4135 4137 4138 4135 4138 4141 4143 4150 4157 4172 4193 4215 4233 4246 4253 4256 4254 4248 4248 4257 4289 4323 4391 4496 4479 4459 4443 4439 4451 4457 4442 4451
4104 4099 4097 4092 4098 4093 4093 4096 4103 4112 4115 4111 4106 4095 4081 4065 4083 4094 4095 4082 4080 4073 4070 4063 4063 4060 4059 4057 4054 4057 4058 4060 4064 4067 4069 4079 4086 4088 4092 4095 4099 4103 4137 4138 4131 4131 4134 4135 4136 4134 4134 4134 4134 4136 4135 4135 4136 4137 4136 4138 4154 4169 4185 4202 4218 4230 4239 4239 4234 4233 4236 4251 4283 4326 4348 4387 4440 4437 4412 4389 4369 4390 4438 4411
4105 4101 4097 4097 4100 4110 4103 4096 4104 4108 4112 4116 4114 4106 4099 4109 4103 4101 4095 4092 4084 4076 4072 4067 4062 4074 4067 4065 4064 4063 4062 4062 4064 4072 4080 4096 4114 4127 4114 4096 4111 4124 4131 4134 4130 4131 4136 4137 4138 4136 4135 4133 4131 4132 4134 4138 4141 4138 4135 4139 4157 4172 4179 4193 4207 4218 4224 4225 4222 4222 4226 4244 4277 4314 4329 4360 4375 4385 4368 4339 4303 4308 4327 4346
4106 4101 4096 4094 4081 4078 4100 4100 4099 4104 4106 4112 4119 4125 4142 4131 4117 4104 4095 4096 4090 4081 4078 4074 4071 4067 4072 4074 4073 4070 4068 4067 4070 4078 4085 4110 4138 4163 4150 4144 4135 4141 4142 4140 4134 4134 4139 4139 4138 4137 4135 4129 4124 4123 4126 4134 4143 4134 4133 4138 4146 4158 4168 4182 4196 4214 4217 4215 4212 4217 4224 4238 4267 4301 4348 4370 4343 4342 4335 4316 4287 4284 4300 4309
4109 4103 4101 4101 4097 4113 4108 4104 4100 4103 4110 4114 4119 4129 4135 4135 4120 4109 4102 4096 4091 4090 4087 4080 4072 4081 4080 4080 4079 4077 4076 4074 4076 4081 4095 4112 4146 4191 4159 4127 4148 4169 4143 4147 4141 4140 4140 4138 4135 4134 4133 4118 4113 4113 4111 4110 4102 4118 4130 4134 4133 4142 4155 4167 4177 4185 4196 4203 4205 4211 4220 4237 4254 4276 4348 4340 4310 4326 4350 4311 4283 4281 4292 4303
4113 4107 4099 4100 4100 4082 4108 4107 4102 4105 4112 4118 4124 4128 4124 4114 4113 4110 4108 4098 4093 4092 4092 4075 4076 4097 4098 4088 4082 4082 4083 4087 4087 4095 4079 4094 4125 4144 4136 4131 4142 4155 4145 4147 4150 4147 4149 4137 4123 4111 4095 4099 4100 4099 4098 4089 4080 4105 4131 4137 4130 4135 4145 4155 4162 4168 4182 4188 4197 4205 4213 4234 4246 4258 4297 4312 4307 4311 4307 4295 4289 4279 4281 4308
4120 4115 4100 4108 4108 4111 4114 4107 4108 4105 4116 4129 4139 4128 4116 4109 4108 4107 4103 4101 4097 4093 4102 4054 3988 4045 4105 4086 4082 4080 4082 4085 4082 4086 4076 4085 4106 4108 4103 4111 4127 4141 4151 4141 4145 4142 4145 4125 4111 4097 4087 4090 4092 4088 4092 4089 4093 4107 4123 4131 4132 4134 4140 4147 4155 4163 4174 4182 4194 4206 4215 4239 4242 4253 4279 4300 4310 4297 4284 4280 4280 4275 4268 4256
4122 4122 4111 4116 4116 4118 4116 4115 4107 4114 4120 4135 4148 4128 4108 4107 4106 4104 4102 4099 4101 4088 4070 4054 4018 4071 4090 4090 4080 4077 4076 4072 4072 4071 4077 4092 4107 4113 4109 4107 4109 4103 4098 4095 4087 4100 4094 4104 4103 4096 4089 4091 4093 4094 4091 4092 4098 4108 4119 4126 4130 4131 4136 4142 4148 4158 4166 4178 4192 4209 4230 4239 4240 4238 4247 4272 4291 4280 4271 4275 4284 4273 4258 4243
