real_craters/C164-750m.grd
DSAA
161 161
-59.885 59.885
-59.885 59.885
2855.9368286091 4899.1306281639
[rows 38 to 75 of 161, columns 0 to 83 of 161]
4078 4071 4077 4074 4072 4071 4068 4067 4078 4105 4123 4084 4080 4081 4072 4085 4105 4115 4110 4109 4113 4122 4136 4135 4140 4132 4119 4109 4104 4104 4106 4108 4112 4119 4121 4135 4141 4152 4175 4199 4225 4224 4213 4209 4208 4211 4214 4217 4216 4205 4193 4182 4177 4173 4182 4183 4186 4186 4187 4186 4183 4176 4185 4192 4193 4190 4177 4178 4177 4177 4176 4179 4185 4190 4198 4186 4170 4167 4176 4184 4177 4182 4194 4211
4083 4100 4077 4076 4077 4076 4069 4059 4062 4071 4087 4075 4075 4080 4087 4088 4093 4104 4106 4105 4105 4106 4108 4103 4104 4102 4102 4098 4097 4101 4105 4107 4110 4111 4115 4125 4139 4159 4189 4212 4222 4217 4211 4206 4204 4205 4203 4199 4194 4194 4190 4184 4183 4174 4173 4176 4178 4180 4183 4183 4183 4184 4191 4201 4211 4201 4190 4178 4177 4180 4181 4184 4189 4196 4196 4184 4172 4166 4173 4176 4167 4171 4186 4202
4085 4081 4079 4080 4083 4084 4074 4048 4010 4019 4093 4076 4075 4081 4089 4088 4095 4100 4101 4099 4095 4089 4080 4076 4082 4086 4091 4095 4099 4103 4106 4108 4112 4113 4119 4129 4138 4175 4210 4235 4236 4217 4207 4200 4197 4194 4194 4190 4182 4186 4192 4195 4191 4182 4174 4175 4177 4180 4183 4186 4189 4192 4199 4207 4213 4204 4184 4176 4176 4178 4184 4186 4190 4193 4190 4186 4181 4181 4174 4170 4169 4168 4167 4162
4086 4085 4079 4084 4090 4095 4086 4059 4034 4038 4083 4078 4077 4082 4085 4094 4097 4097 4094 4091 4085 4077 4068 4065 4068 4075 4084 4093 4101 4105 4106 4109 4114 4125 4127 4145 4168 4200 4233 4264 4267 4218 4202 4195 4191 4188 4186 4183 4173 4178 4190 4197 4199 4181 4174 4175 4177 4181 4185 4190 4195 4203 4207 4210 4211 4204 4195 4184 4182 4180 4186 4188 4190 4191 4199 4193 4184 4175 4187 4187 4178 4170 4162 4153
4087 4085 4082 4086 4091 4095 4089 4076 4076 4096 4074 4070 4075 4078 4085 4096 4091 4090 4088 4086 4080 4072 4066 4065 4067 4066 4076 4092 4111 4107 4105 4106 4115 4121 4140 4162 4202 4231 4243 4262 4259 4206 4192 4185 4182 4181 4180 4178 4162 4170 4182 4189 4189 4177 4174 4175 4179 4183 4188 4194 4201 4211 4215 4211 4207 4200 4193 4190 4192 4192 4186 4187 4189 4194 4193 4199 4193 4191 4200 4201 4191 4179 4171 4162
4090 4087 4088 4088 4088 4088 4083 4083 4081 4077 4079 4074 4077 4075 4082 4092 4085 4082 4081 4079 4078 4073 4068 4066 4068 4065 4072 4088 4101 4105 4105 4110 4124 4131 4137 4172 4212 4229 4229 4218 4204 4197 4179 4177 4175 4174 4173 4170 4166 4168 4170 4177 4178 4173 4174 4177 4181 4186 4193 4198 4203 4208 4208 4210 4210 4208 4198 4196 4196 4191 4186 4188 4189 4196 4210 4208 4202 4193 4202 4210 4209 4202 4184 4171
4095 4093 4090 4088 4089 4089 4089 4086 4082 4076 4079 4075 4074 4073 4077 4083 4077 4075 4076 4078 4078 4079 4078 4073 4070 4065 4073 4088 4097 4101 4103 4110 4128 4142 4140 4156 4188 4210 4207 4192 4177 4167 4170 4170 4170 4170 4169 4170 4172 4163 4162 4169 4175 4176 4175 4179 4183 4188 4193 4199 4204 4208 4211 4211 4211 4208 4203 4203 4194 4190 4194 4191 4190 4190 4211 4216 4214 4213 4218 4225 4228 4220 4198 4184
4098 4097 4094 4090 4091 4092 4092 4089 4084 4080 4079 4078 4067 4070 4074 4077 4071 4073 4075 4077 4081 4084 4091 4091 4079 4079 4084 4095 4105 4107 4099 4100 4106 4118 4125 4126 4160 4194 4191 4176 4170 4168 4167 4167 4167 4166 4166 4164 4166 4155 4154 4166 4176 4176 4178 4182 4186 4192 4197 4201 4204 4207 4206 4212 4213 4209 4202 4195 4199 4198 4198 4198 4196 4196 4213 4224 4229 4233 4230 4242 4247 4243 4221 4207
4105 4103 4099 4095 4094 4095 4094 4093 4090 4086 4081 4068 4069 4075 4075 4071 4069 4074 4077 4079 4082 4086 4093 4102 4101 4099 4100 4105 4113 4113 4101 4094 4092 4094 4105 4115 4146 4180 4183 4174 4165 4162 4164 4163 4163 4164 4164 4165 4167 4163 4165 4170 4171 4178 4180 4183 4187 4191 4195 4201 4205 4208 4215 4215 4220 4224 4213 4204 4204 4205 4206 4207 4208 4215 4227 4231 4243 4255 4263 4264 4267 4264 4246 4231
4114 4108 4102 4099 4097 4098 4100 4097 4095 4096 4094 4090 4083 4072 4082 4078 4079 4080 4080 4080 4081 4081 4084 4089 4102 4107 4101 4107 4112 4114 4112 4096 4084 4082 4086 4103 4146 4187 4182 4159 4160 4163 4162 4160 4160 4160 4163 4166 4170 4178 4178 4176 4176 4179 4182 4186 4190 4194 4197 4200 4205 4208 4209 4217 4226 4230 4219 4211 4219 4217 4217 4219 4223 4226 4242 4248 4257 4267 4278 4281 4283 4281 4270 4255
4117 4110 4105 4098 4098 4097 4097 4097 4099 4101 4098 4099 4092 4086 4083 4074 4085 4085 4083 4081 4079 4077 4071 4087 4098 4099 4102 4103 4105 4103 4093 4090 4080 4080 4084 4096 4145 4187 4187 4165 4161 4161 4159 4157 4156 4154 4156 4162 4170 4177 4175 4177 4173 4178 4181 4185 4188 4193 4197 4202 4206 4209 4214 4221 4231 4241 4241 4226 4233 4228 4222 4230 4238 4247 4265 4274 4268 4270 4284 4296 4298 4298 4284 4278
4106 4106 4106 4103 4101 4099 4096 4097 4100 4103 4107 4102 4094 4089 4084 4079 4086 4087 4084 4082 4081 4079 4083 4084 4085 4085 4087 4094 4099 4104 4092 4088 4084 4086 4088 4101 4144 4181 4185 4171 4164 4161 4158 4155 4152 4149 4147 4153 4165 4170 4166 4173 4176 4178 4181 4187 4192 4197 4201 4204 4208 4212 4214 4221 4236 4245 4236 4241 4248 4239 4229 4241 4259 4276 4282 4266 4271 4270 4304 4308 4308 4304 4295 4293
4109 4103 4102 4104 4105 4102 4099 4099 4102 4104 4106 4105 4096 4088 4090 4091 4086 4083 4082 4081 4080 4080 4079 4079 4082 4085 4086 4090 4092 4095 4099 4092 4087 4086 4082 4102 4141 4174 4179 4173 4163 4160 4159 4152 4149 4147 4147 4150 4155 4152 4155 4160 4167 4171 4174 4180 4186 4192 4199 4207 4213 4218 4221 4231 4246 4255 4254 4256 4256 4252 4258 4260 4272 4290 4308 4301 4286 4279 4297 4312 4314 4311 4304 4308
4103 4099 4102 4105 4106 4105 4105 4107 4105 4103 4098 4098 4097 4101 4095 4089 4082 4084 4084 4082 4081 4081 4081 4070 4063 4075 4088 4090 4089 4090 4101 4094 4090 4089 4081 4095 4146 4186 4189 4163 4157 4152 4150 4145 4145 4146 4142 4146 4144 4141 4146 4149 4154 4163 4169 4177 4183 4192 4201 4210 4219 4228 4242 4253 4261 4271 4278 4273 4262 4260 4269 4284 4277 4287 4315 4318 4303 4284 4304 4315 4319 4322 4296 4311
4096 4097 4096 4099 4105 4106 4109 4112 4109 4106 4100 4099 4106 4093 4096 4092 4086 4084 4083 4086 4086 4080 4077 4079 4088 4072 4081 4085 4086 4088 4091 4092 4088 4084 4089 4124 4171 4199 4191 4161 4151 4146 4141 4139 4142 4146 4150 4147 4142 4141 4145 4148 4143 4156 4163 4173 4184 4190 4199 4212 4223 4234 4248 4260 4271 4281 4280 4284 4264 4270 4276 4299 4296 4301 4326 4346 4318 4314 4295 4301 4320 4318 4304 4295
4097 4095 4091 4085 4097 4101 4106 4108 4107 4105 4104 4100 4098 4105 4098 4093 4085 4086 4087 4086 4086 4086 4084 4079 4075 4079 4081 4083 4084 4086 4091 4091 4090 4095 4117 4166 4205 4195 4176 4158 4150 4142 4135 4136 4141 4143 4145 4148 4150 4141 4154 4160 4141 4151 4158 4168 4178 4189 4200 4212 4227 4240 4254 4264 4280 4294 4305 4295 4283 4283 4305 4324 4314 4317 4321 4300 4319 4327 4323 4333 4343 4338 4316 4302
4096 4093 4091 4094 4097 4097 4098 4099 4100 4102 4102 4100 4099 4101 4103 4092 4087 4088 4088 4087 4087 4089 4085 4077 4069 4076 4079 4076 4082 4085 4097 4097 4107 4118 4143 4170 4183 4179 4165 4153 4147 4144 4142 4143 4145 4145 4146 4150 4153 4155 4162 4157 4142 4149 4159 4170 4182 4193 4203 4215 4227 4243 4263 4271 4282 4294 4299 4295 4287 4292 4305 4316 4336 4343 4341 4328 4360 4381 4360 4366 4396 4405 4383 4355
4095 4094 4089 4084 4089 4091 4091 4093 4093 4091 4099 4087 4099 4097 4102 4096 4089 4087 4091 4083 4080 4096 4085 4075 4073 4078 4081 4085 4085 4089 4099 4120 4135 4124 4105 4132 4154 4155 4146 4148 4148 4151 4154 4155 4152 4148 4148 4150 4153 4162 4162 4142 4138 4150 4160 4172 4185 4195 4209 4219 4229 4244 4264 4276 4284 4289 4294 4287 4290 4306 4331 4364 4381 4389 4396 4415 4398 4411 4418 4416 4456 4469 4461 4449
4093 4089 4089 4087 4084 4083 4084 4085 4086 4087 4088 4086 4085 4090 4104 4098 4094 4094 4093 4076 4050 4029 4048 4067 4083 4091 4091 4086 4091 4097 4097 4128 4127 4106 4083 4109 4137 4142 4141 4146 4150 4155 4163 4165 4156 4153 4150 4150 4154 4154 4153 4139 4139 4153 4166 4180 4192 4204 4214 4227 4236 4247 4266 4277 4284 4292 4297 4284 4290 4327 4388 4448 4448 4441 4456 4481 4538 4532 4470 4520 4488 4556 4578 4555
4090 4089 4089 4088 4085 4078 4080 4082 4084 4088 4087 4087 4088 4085 4073 4094 4098 4101 4092 4078 4053 3987 4037 4067 4084 4095 4102 4097 4094 4097 4104 4107 4110 4098 4086 4099 4118 4137 4148 4146 4152 4156 4159 4159 4153 4147 4147 4148 4153 4156 4152 4153 4147 4161 4178 4189 4207 4220 4222 4232 4241 4247 4266 4266 4276 4296 4319 4326 4342 4393 4451 4478 4478 4456 4458 4523 4514 4444 4382 4299 4323 4404 4592 4687
4088 4087 4090 4090 4083 4075 4078 4083 4084 4083 4085 4087 4086 4088 4094 4099 4098 4099 4092 4089 4097 4113 4088 4082 4084 4086 4087 4085 4090 4094 4099 4102 4103 4101 4100 4100 4106 4136 4157 4155 4158 4157 4153 4149 4147 4147 4148 4151 4149 4150 4151 4154 4153 4164 4190 4201 4214 4226 4239 4249 4250 4255 4266 4251 4260 4297 4340 4355 4433 4493 4477 4532 4501 4401 4372 4333 4231 4241 4267 4250 4210 4224 4338 4468
4087 4086 4088 4090 4084 4075 4076 4079 4079 4080 4081 4079 4085 4087 4101 4096 4095 4093 4087 4093 4102 4107 4100 4092 4090 4087 4083 4080 4093 4106 4095 4099 4100 4114 4116 4105 4103 4128 4157 4167 4166 4160 4152 4141 4145 4147 4151 4152 4151 4152 4152 4157 4159 4171 4206 4209 4230 4246 4258 4268 4276 4285 4298 4274 4289 4375 4432 4429 4466 4487 4393 4284 4227 4274 4269 4221 4161 4189 4202 4256 4250 4174 4137 4173
4087 4087 4085 4088 4088 4079 4076 4076 4077 4077 4077 4078 4079 4082 4087 4090 4091 4090 4092 4095 4100 4102 4101 4095 4090 4081 4078 4075 4085 4097 4087 4089 4106 4114 4115 4105 4103 4119 4151 4176 4170 4162 4155 4151 4147 4146 4155 4163 4151 4157 4185 4171 4164 4163 4218 4226 4243 4268 4283 4299 4312 4327 4351 4345 4375 4485 4506 4478 4425 4345 4269 4193 4174 4208 4209 4220 4275 4195 4108 4048 4024 4002 3965 4050
4086 4086 4086 4085 4081 4072 4076 4077 4079 4078 4077 4078 4078 4077 4082 4086 4088 4090 4095 4093 4094 4096 4099 4099 4096 4093 4088 4081 4080 4087 4088 4083 4083 4092 4096 4095 4095 4100 4131 4159 4165 4160 4155 4153 4147 4143 4152 4162 4152 4156 4162 4171 4162 4159 4231 4250 4270 4295 4319 4335 4356 4391 4436 4449 4470 4510 4564 4506 4318 4166 4203 4226 4242 4175 4138 4139 4151 4078 3980 3822 3692 3788 3855 3871
4086 4084 4082 4080 4076 4080 4080 4080 4079 4079 4076 4077 4076 4078 4078 4081 4085 4090 4093 4089 4087 4091 4094 4098 4102 4099 4097 4095 4094 4087 4100 4101 4089 4084 4085 4089 4090 4091 4119 4151 4158 4155 4151 4146 4142 4141 4145 4148 4157 4163 4161 4168 4171 4170 4230 4256 4274 4299 4321 4347 4378 4471 4495 4535 4580 4540 4482 4304 4241 4259 4222 4226 4159 4095 4053 4021 3990 3958 3878 3833 3789 3743 3665 3673
4088 4086 4084 4081 4080 4084 4083 4084 4081 4077 4078 4078 4075 4077 4078 4080 4084 4087 4089 4087 4083 4087 4095 4101 4106 4110 4105 4096 4088 4095 4099 4095 4090 4082 4084 4087 4091 4096 4113 4131 4144 4147 4145 4141 4139 4139 4145 4149 4157 4174 4173 4172 4177 4182 4231 4259 4283 4305 4335 4378 4419 4460 4532 4618 4620 4527 4290 4254 4259 4248 4122 3961 3889 3969 3946 3899 3828 3772 3773 3821 3876 3725 3686 3638
4091 4090 4085 4082 4083 4080 4087 4094 4095 4084 4085 4089 4083 4081 4079 4082 4085 4087 4087 4094 4092 4096 4101 4106 4111 4113 4102 4081 4079 4098 4115 4083 4082 4084 4084 4086 4087 4089 4106 4127 4138 4140 4138 4133 4129 4143 4155 4159 4162 4179 4189 4191 4188 4194 4241 4259 4290 4311 4344 4398 4434 4468 4554 4632 4703 4546 4318 4326 4249 4011 3891 3897 3963 3911 3826 3763 3724 3635 3612 3629 3558 3563 3548 3574
4092 4092 4088 4083 4084 4085 4086 4103 4121 4100 4088 4082 4084 4081 4079 4082 4084 4089 4097 4099 4106 4105 4107 4110 4113 4109 4097 4093 4086 4106 4106 4110 4089 4083 4087 4093 4093 4086 4104 4124 4135 4136 4134 4133 4134 4151 4187 4204 4198 4193 4196 4204 4215 4231 4272 4296 4316 4341 4367 4393 4414 4446 4499 4543 4554 4423 4360 4183 3999 3846 3805 3871 3911 3784 3648 3556 3468 3395 3438 3447 3440 3433 3437 3443
4092 4093 4089 4085 4084 4071 4072 4095 4110 4093 4084 4078 4080 4077 4078 4077 4082 4091 4101 4103 4103 4107 4111 4115 4117 4116 4112 4095 4111 4127 4124 4111 4091 4083 4092 4101 4113 4120 4112 4123 4131 4132 4131 4129 4129 4162 4215 4241 4238 4223 4246 4251 4265 4292 4308 4328 4340 4351 4356 4364 4368 4380 4383 4387 4338 4260 4220 4006 3813 3821 3836 3795 3645 3498 3421 3350 3305 3301 3321 3343 3350 3342 3339 3348
4092 4093 4095 4089 4086 4083 4073 4079 4082 4081 4081 4082 4080 4078 4077 4076 4081 4091 4098 4112 4100 4106 4113 4119 4124 4129 4133 4098 4113 4144 4142 4123 4104 4101 4100 4107 4116 4114 4110 4121 4129 4127 4125 4118 4122 4161 4217 4245 4257 4292 4266 4261 4317 4354 4345 4359 4356 4349 4335 4324 4312 4296 4267 4225 4137 4018 3988 3944 3892 3807 3789 3671 3393 3249 3231 3204 3200 3225 3244 3247 3268 3280 3290 3292
4092 4091 4088 4090 4088 4085 4065 4068 4075 4079 4080 4077 4077 4079 4075 4078 4083 4091 4099 4098 4102 4108 4116 4123 4127 4127 4112 4098 4100 4118 4123 4105 4108 4104 4104 4109 4110 4107 4106 4112 4116 4118 4117 4111 4111 4147 4197 4208 4229 4259 4319 4367 4414 4433 4375 4376 4350 4324 4290 4260 4228 4185 4119 4069 4012 3901 3923 3873 3830 3695 3577 3413 3270 3172 3126 3130 3159 3199 3202 3173 3163 3203 3256 3276
4092 4090 4089 4091 4089 4086 4082 4075 4072 4088 4084 4078 4075 4079 4080 4080 4083 4092 4099 4100 4102 4109 4118 4128 4135 4137 4130 4120 4106 4105 4105 4099 4095 4097 4102 4108 4117 4113 4108 4109 4109 4114 4115 4110 4098 4124 4184 4191 4207 4246 4359 4512 4520 4441 4402 4390 4351 4300 4261 4218 4164 4100 4019 3948 3870 3872 3857 3742 3610 3458 3307 3221 3151 3092 3064 3071 3138 3221 3187 3143 3147 3206 3256 3282
4093 4094 4092 4088 4089 4088 4086 4085 4074 4096 4088 4085 4076 4074 4081 4083 4087 4094 4101 4103 4101 4108 4120 4136 4146 4153 4158 4135 4117 4112 4106 4101 4100 4096 4099 4102 4104 4109 4112 4112 4114 4121 4122 4113 4099 4119 4161 4191 4199 4227 4368 4547 4560 4478 4431 4392 4346 4305 4256 4198 4121 4062 3974 3925 3882 3890 3801 3591 3334 3237 3205 3113 3066 3023 3004 3018 3129 3197 3194 3187 3210 3217 3293 3307
4094 4103 4104 4095 4094 4093 4096 4086 4106 4083 4081 4078 4076 4070 4076 4083 4091 4094 4098 4099 4098 4114 4130 4142 4153 4164 4167 4140 4127 4125 4106 4097 4091 4093 4095 4097 4098 4103 4112 4119 4131 4139 4141 4142 4142 4152 4165 4188 4189 4201 4328 4486 4523 4460 4411 4372 4326 4282 4234 4190 4124 4073 4010 3938 3894 3856 3721 3489 3249 3136 3087 3046 3020 3021 2978 3011 3180 3322 3336 3328 3376 3434 3394 3357
4096 4114 4137 4143 4108 4097 4092 4088 4086 4077 4077 4077 4080 4075 4076 4079 4084 4088 4094 4096 4110 4132 4144 4152 4160 4168 4176 4156 4127 4128 4115 4102 4093 4092 4091 4094 4100 4101 4110 4126 4150 4161 4160 4163 4165 4161 4165 4175 4185 4189 4280 4372 4420 4394 4368 4341 4316 4281 4248 4210 4144 4102 4047 3951 3898 3857 3671 3433 3222 3105 3069 3032 2997 2973 2995 3088 3292 3475 3501 3494 3516 3543 3477 3424
4093 4114 4138 4146 4109 4093 4096 4092 4091 4086 4086 4078 4076 4077 4075 4072 4070 4084 4102 4112 4153 4155 4153 4155 4155 4156 4159 4153 4110 4119 4133 4111 4093 4086 4087 4091 4094 4101 4110 4131 4159 4169 4166 4166 4168 4167 4167 4173 4197 4220 4251 4274 4309 4323 4316 4310 4286 4284 4256 4239 4198 4181 4126 4021 3933 3821 3576 3386 3217 3128 3116 3046 2998 2992 3078 3233 3429 3614 3670 3642 3623 3571 3546 3522
4088 4101 4109 4098 4091 4092 4099 4102 4098 4092 4086 4082 4080 4080 4076 4070 4071 4094 4128 4157 4177 4167 4157 4150 4141 4133 4118 4101 4095 4121 4124 4109 4087 4083 4084 4091 4099 4104 4112 4131 4149 4159 4163 4167 4166 4174 4182 4179 4200 4237 4241 4240 4259 4272 4272 4276 4284 4277 4274 4239 4241 4240 4225 4215 3980 3747 3495 3357 3243 3185 3138 3029 3012 3047 3181 3357 3538 3730 3840 3783 3751 3684 3645 3629
4083 4090 4091 4089 4093 4092 4097 4101 4101 4100 4095 4087 4086 4086 4079 4081 4084 4112 4157 4173 4168 4162 4149 4138 4128 4114 4100 4085 4083 4095 4115 4113 4097 4082 4081 4087 4095 4107 4121 4137 4152 4160 4156 4146 4157 4166 4186 4188 4204 4238 4238 4242 4261 4244 4237 4265 4275 4272 4271 4266 4254 4259 4251 4186 3926 3653 3469 3348 3256 3198 3120 3016 3032 3119 3255 3414 3584 3764 3889 3856 3870 3822 3778 3746
