real_craters/C164-1000m.grd
DSAA
69 69
-34.22 34.22
-34.22 34.22
8145.7829522482 10806.149843309
[rows 0 to 29 of 69, columns 0 to 66 of 69]
9989.93 9986.14 9989.44 9994.93 9991.11 9984.26 9977.04 9977.82 9990.25 10001.7 9869.82 9943.56 9989.8 10017.8 10069.6 10117.4 10114.4 10094.5 10073.3 10066.5 10078.9 10092.9 10095.8 10092.2 10085.2 10089.8 10117.6 10104.1 10085.1 10109.1 10114.9 10106.1 10090 10069.4 10085 10085.9 10110.6 10120 10112.9 10108.4 10064.4 10041.7 10039.5 10054.7 10061.7 10068.2 10072.2 10075.8 10081.4 10082.3 10087.6 10101.9 10108 10108 10098.7 10091.3 10084.2 10076.3 10070.5 10062.7 10078.4 10078.2 10063.3 10075.4 10102.7 10124.5 10141.7
9991.72 10023.5 10007.6 10001.4 9995.44 10003.6 10008.1 10007.9 10027.7 10059 10011.3 10010.6 10022.5 10037.3 10089 10114.9 10128.9 10101.7 10074.7 10063.4 10081.9 10093.6 10103.1 10095.6 10082.3 10074.4 10130.6 10104.4 10086.1 10104.6 10112.1 10127.4 10130.1 10099.5 10082.6 10098.1 10116.5 10125.5 10133 10135.3 10078 10060.1 10054.9 10065.3 10067.5 10069.4 10071.8 10073.6 10085.2 10089.4 10097.3 10106.4 10104.9 10131.6 10105.1 10088.9 10075 10067.8 10074.5 10083.5 10104.1 10093.3 10077 10122.6 10149.8 10148.7 10175.5
10002.7 9980.35 10001.8 10004.6 10001.4 10002.5 10023.8 10038.2 10037.1 10048.3 10028.7 10051.1 10053.8 10046.4 10111.7 10203.3 10146.3 10111.8 10079.4 10080.5 10072.5 10090.8 10107.6 10106.2 10102.6 10116 10141 10149.1 10136.4 10132.3 10134.2 10157.6 10165.8 10109.8 10094.9 10103.9 10113.3 10121.9 10135 10137.1 10109.9 10088.2 10080.5 10082.5 10083 10083.5 10085.6 10092.3 10097.2 10100.8 10114.5 10111.9 10103.2 10096.4 10091.8 10081.8 10069.4 10063.7 10079.2 10100.1 10110.3 10109.3 10116.8 10148.7 10144.6 10124.1 10141.4
9991.93 10002 9999.52 10000.4 10003.2 10006.2 10021.6 10034.3 10043.1 10055.2 10062.8 10061.4 10066.7 10071.9 10090.1 10111.7 10123.9 10113.2 10094 10114.1 10089.4 10096.5 10110.5 10124.3 10126 10121.3 10144.4 10156.4 10191.1 10184.3 10188.8 10197.2 10191.6 10140.3 10128 10130.1 10123.6 10120.4 10134.1 10144 10119.3 10112.7 10108.6 10109.9 10110.8 10110 10110.4 10111.7 10116.3 10113.2 10104.2 10121.6 10099.4 10088.5 10086 10081.2 10072.8 10067.4 10085.7 10107.5 10121.1 10122 10131.3 10138.7 10129.1 10056.6 9960.1
9997.58 10005.2 10009.2 9995.97 9977.71 9974.17 9988.61 10021 10047.3 10072.2 10061.2 10045.4 10071.3 10101.2 10101.7 10086.8 10104.1 10106.2 10100.2 10119.9 10095.5 10116.4 10144 10163.9 10177 10170.3 10161.6 10168 10198.3 10212 10232.3 10229 10217.5 10185.5 10172.1 10164.9 10149.3 10123.4 10148.8 10154.8 10140.2 10141.4 10141.2 10131.9 10130.7 10130.9 10129.6 10129.9 10127.9 10122.9 10108.6 10121.9 10129.4 10104 10097.8 10091 10087.6 10089.7 10096 10103.5 10108.1 10123.3 10131.8 10140.7 10148.5 10009.2 9809.35
10005.7 10009.7 10009.1 9996.42 9975.11 9985.07 10003.6 10024 10050.1 10067.2 10051.7 10045.7 10073.4 10110.7 10127.4 10099.3 10103.3 10113.5 10137.9 10158.8 10091.2 10138.2 10169.5 10190.7 10221.2 10229.7 10201.6 10179.6 10187.2 10218.1 10239.8 10244.9 10236.6 10216.1 10210.5 10207.6 10200.2 10201.6 10203.1 10194.3 10174.6 10173.1 10165.9 10157.9 10156.1 10154 10150.4 10150 10142.2 10144.2 10155.4 10121.1 10115.7 10120.5 10111.4 10106.9 10106.1 10105.9 10108.2 10111.8 10115 10094.3 10119.7 10144.3 10187.6 10029.1 9811.35
10008.7 10020.4 10017.4 9994.94 9979.66 9998.36 10008 10030.3 10045.6 10051.1 10042.6 10047.4 10072.5 10092.9 10090.4 10110.4 10114.8 10134 10193.3 10265.3 10204.8 10193.9 10196.7 10215.8 10222.7 10238.7 10243.5 10201.5 10222.6 10238.5 10249.2 10254.4 10252.9 10215.1 10243.5 10250.2 10250.7 10252.1 10242.9 10225 10214.6 10205.7 10194.8 10177.7 10168 10165 10160.3 10154.1 10147.5 10145.2 10125.3 10125 10152 10135.8 10122 10119.2 10120 10118 10123.7 10132.6 10140.3 10156.6 10147.8 10168.7 10196 10119.9 9957.04
9996.45 10003.5 9992.41 9977.14 9969.31 10004.5 10037.4 10034.5 10026.4 10008.3 10028.1 10055.5 10076.4 10097.5 10124 10115.8 10121.5 10141.9 10184.6 10278.7 10225.2 10212 10240.2 10270.2 10313.3 10389.2 10317.9 10282.1 10256.9 10259.6 10267.7 10256.4 10217.6 10214.8 10262.5 10282.6 10299.2 10307.6 10293.4 10253.3 10251.2 10257.8 10218.6 10208.5 10195 10180.9 10167.1 10152.8 10139.9 10148.7 10138.6 10120.3 10136.1 10139.3 10139 10127.6 10130 10138.7 10147.6 10156.1 10164.8 10181.6 10174.7 10176.1 10229.5 10249.7 10269
9972.26 9971.88 9987.76 9986.98 9989.33 10026.4 10028.3 10032.3 10023.8 10007.1 10015.9 10052.3 10077.6 10093.7 10102.3 10112.6 10128.3 10147.9 10177.4 10207.7 10269.7 10333.1 10266.7 10269 10379.3 10347.8 10312.7 10281.5 10281.9 10296.1 10305.6 10308.5 10311.1 10302.3 10274.2 10322.7 10350.9 10366.1 10356.9 10298.1 10290.5 10289.5 10246.7 10223.4 10197.1 10180.9 10164.8 10158.5 10139.1 10153.9 10150.1 10140.8 10124.5 10125.6 10118.6 10121.1 10132.6 10154.4 10172.7 10170.1 10173.9 10186.9 10194.2 10195.1 10265.9 10284.7 10332.9
9964.37 9965.07 9987.37 10002.5 10007.9 10024.3 10038.7 10037.9 10026.1 10021.5 10018.2 10055.5 10080.5 10097.8 10109.4 10116 10135.2 10163.4 10182.3 10267.8 10305.6 10304.6 10266.8 10243.3 10313.1 10307.1 10260.3 10271.5 10323.1 10370.3 10384.9 10448.7 10551.7 10503.3 10417.1 10394.5 10395.1 10416.3 10455.1 10432.8 10351.8 10319.2 10265 10243.6 10222.6 10198.3 10171.5 10112.3 10115.7 10141.6 10142.4 10133.7 10133.9 10116.4 10082 10108.7 10126.7 10138.3 10138.8 10146.4 10157.3 10171.2 10218 10219.2 10081.8 10026.7 10104.6
9977.14 9985.99 10017.5 10039.7 10048.7 10045.5 10048.3 10058.2 10058.1 10054.7 10062.4 10080.3 10089.6 10096.1 10103.5 10119 10142 10168.5 10207.1 10134.5 10220.6 10261.1 10251.8 10280.5 10231.1 10199.8 10186 10238.3 10334.8 10391.9 10409.7 10448.9 10520.9 10531.5 10522.8 10454 10415.8 10375.5 10326.7 10382.4 10377.3 10364.7 10303.1 10275.2 10244.3 10212.3 10179.4 10115.6 10081.8 10050.2 10092.2 10118.7 10089.6 10102.9 10106.2 10121.2 10127 10123.4 10114.6 10125.7 10151.5 10177.8 10228.3 10195.9 9956.6 9817.23 9910.82
10006 10000.3 10017.5 10060.2 10086.5 10070.9 10073.3 10091 10127.6 10138.3 10128.4 10109.4 10106 10103 10101.4 10121.5 10147.1 10166.8 10142.6 10128.2 10142.3 10170.5 10251.2 10271.7 10226.6 10166.3 10245 10311.4 10387.9 10414.9 10491.3 10498.4 10539.8 10539.1 10508.1 10506.6 10468.7 10391.8 10301.9 10322.1 10401.5 10435.9 10348.3 10321.6 10284.5 10241.1 10196.9 10123 10104.6 10087.2 10119.3 10155.1 10107.6 10130.1 10153.5 10145.8 10136.4 10129.7 10126.6 10128 10158.9 10183.8 10208.6 10174.7 10024.1 9923.87 9993.66
10041.1 10029.4 10043.2 10072.1 10096.6 10077.8 10078.7 10113 10159.5 10177 10157.8 10152.1 10140.7 10124.4 10125.3 10138.2 10150.8 10174 10234.8 10203.2 10167.3 10251.6 10316.8 10367.8 10293.3 10256.6 10340.3 10420.4 10511 10638.3 10615.7 10668.1 10538.4 10519.5 10560.2 10571.3 10571.3 10524.9 10416.8 10397 10433.8 10394.7 10386.4 10351.8 10319.5 10280.9 10237.7 10160 10132.4 10108 10151 10193 10118.5 10130.9 10136.1 10147.7 10146.7 10143 10131.5 10131.1 10141.7 10155.3 10188.8 10191.3 10185 10269.4 10204
10055.4 10048.9 10057.1 10081.7 10091.4 10112 10100 10119.1 10160.7 10213.5 10189.1 10192.4 10178.8 10160.9 10144.4 10142.3 10159.6 10177.3 10206.2 10286.5 10234.7 10298.2 10371.5 10425.8 10396.3 10398.6 10430 10494.8 10562.8 10600.8 10629.2 10552 10553.9 10700.1 10620.9 10573 10619.8 10706.4 10575.2 10463.5 10422.4 10352 10330.7 10331.4 10305.9 10290.7 10263.7 10229.3 10201 10150 10165.3 10164.4 10129.3 10136.3 10139.8 10149.6 10162.8 10171.7 10169.7 10148.5 10131.9 10157.3 10198.3 10220.2 10240.8 10262.2 10252.6
10076.3 10058.4 10050.5 10072.8 10088.2 10084.3 10101.8 10115.5 10171.3 10246.1 10250.2 10243.9 10217.5 10212.3 10183.7 10157.7 10196.6 10227.1 10238.2 10249.3 10268.4 10366.3 10471.5 10498.2 10558 10552.9 10546 10524.6 10536.4 10603.2 10592.2 10513.4 10494.3 10399.7 10417.7 10440.7 10511.4 10672.1 10742.6 10531.9 10449 10397.4 10349.5 10360.9 10324.9 10304.1 10301.3 10313.1 10304.7 10286.6 10194.6 10179.6 10167.9 10175.6 10170.5 10160.7 10180.4 10206.2 10236.4 10211.3 10169.1 10168.2 10180.1 10206.8 10227.4 10239.9 10231.4
10087.6 10079.2 10081 10096.7 10117.2 10106.8 10117.1 10122.6 10166.8 10226.4 10242.3 10226.9 10237.7 10242.8 10237.9 10264.7 10284.1 10335.5 10383.1 10377.4 10380.4 10530.5 10677.2 10616.6 10562.5 10593.5 10643.5 10438.7 10347.6 10327.2 10292.7 10219.6 10046.6 9962.98 10089.4 10183.7 10257.8 10293.2 10356.4 10414.2 10392 10368.2 10316.7 10303.5 10305.4 10336.8 10352.9 10391.7 10355.1 10278.1 10238.1 10280.2 10209.4 10186.1 10170.1 10172.5 10201.7 10240.3 10277.4 10246.3 10158 10139.8 10170.1 10189.7 10205.2 10212.5 10204.4
10093.7 10090.1 10092.1 10096.2 10129.8 10129.4 10139 10153.7 10206.3 10257.1 10252.7 10236.2 10222.8 10259.4 10272 10297.4 10376.9 10456.2 10620.7 10506.2 10445.6 10512.4 10544 10539.5 10463.6 10351.3 10281.8 10184.3 10064.6 9916.52 9811.11 9707.71 9736.24 9792.37 9846.95 9928.2 10002.5 10086 10170.4 10300.6 10230.4 10226.4 10214.9 10256.1 10295.7 10338.4 10386.7 10467.2 10485 10403.1 10254.7 10262.5 10262.7 10245.1 10174.9 10171.6 10222 10268.1 10299.6 10300.9 10279.6 10193.4 10148.5 10175.8 10186.9 10188.8 10183.5
10093.4 10087.4 10083.4 10081.1 10104.1 10135.8 10176.2 10183.1 10200.3 10240.3 10252.1 10228.5 10214.8 10240.6 10291.4 10371.7 10464.8 10597.1 10675.3 10493.4 10516.5 10565.4 10458.7 10211.1 10152.4 10012.5 9918.18 9884.57 9808.94 9700.14 9632.45 9533.24 9590.66 9587.74 9619.58 9691.6 9774.29 9848.64 9963.58 10027.2 9955.15 10037.2 10072.6 10163 10238.3 10322.3 10379.7 10507.7 10499.5 10442.8 10341.1 10285.8 10357.7 10345.7 10274.9 10239 10252.6 10298.8 10332.6 10291.7 10315.1 10263.5 10207.8 10184.9 10178.1 10171.5 10175.8
10102.1 10092.7 10082.2 10104.3 10125 10149.7 10190.3 10244.7 10248.7 10263.5 10235.9 10196.9 10216.5 10259.1 10314 10377.1 10484.8 10643 10646.7 10428.1 10579.7 10636.4 10271.8 10210.8 9924.13 9798.88 9698.69 9638.87 9569.97 9482.61 9376.77 9321.82 9327.17 9309.12 9397.39 9468.92 9539.37 9587.18 9496.93 9523.75 9607.86 9787.98 9887.38 10021.1 10138.6 10236.2 10336.7 10500.3 10472.1 10480.6 10415.3 10317.1 10308.9 10401 10330.3 10302 10279.4 10302.8 10335.9 10366.6 10343.3 10309.2 10247.5 10193.2 10184.2 10180 10160.5
10113.6 10112 10111.8 10114.1 10135.7 10157.1 10181.7 10211.9 10244 10269.1 10246.6 10217 10254.6 10302.7 10358.1 10416.1 10512.6 10608.8 10662.8 10496.1 10590.6 10625.7 10227.9 10112.4 9888.76 9672.73 9533.54 9464.48 9396.58 9306.67 9244.97 9144.85 9146.42 9174.23 9213.66 9249.71 9258.82 9275.93 9167.34 9255.63 9358.92 9581.42 9722.94 9881.71 10034.1 10186.9 10322.4 10411.2 10500.7 10571.3 10571.7 10383.8 10310 10324.2 10313.2 10271.3 10286.9 10309.4 10322.2 10461.9 10395.1 10279 10166.2 10174.9 10171.5 10160.8 10143.8
10134.6 10137.5 10140.4 10137.5 10137.8 10162.3 10192.6 10241.6 10289.3 10268.3 10284.4 10296.7 10312.3 10364.8 10408.4 10489.1 10631.8 10775.9 10755.4 10618.6 10583.6 10441.2 9989.98 9773.31 9657.11 9454.31 9383.42 9336.86 9269 9182.63 9074.07 9057.94 9061.45 9065.73 9059.4 9044.52 9001.88 8920.97 8976.78 9147.96 9237.02 9392.63 9573.1 9753.14 9920.54 10097.1 10265.7 10448.1 10567.3 10661.5 10595.8 10475 10367.8 10299.4 10304.1 10263.3 10291 10361.1 10410.5 10344.1 10310.4 10209.8 10186.8 10172 10160.6 10146.8 10128.8
10147.5 10151.6 10157.4 10157.2 10172.2 10181.7 10213.8 10268.7 10294.6 10288.2 10316.2 10338.7 10359.5 10428.5 10415 10448 10530.5 10714.7 10676.6 10610.6 10500.4 10262.6 9863.63 9562.38 9450.31 9389.62 9302.02 9241.77 9193.83 9126.55 9024.36 8946.84 8941.4 8943.74 8929.01 8902.19 8858.27 8809.07 8843.65 8905.4 9029.71 9215.25 9396.59 9595.26 9802.24 10012.5 10207.7 10453.1 10712.7 10727.5 10798.5 10613.6 10462 10363 10312.4 10259.7 10287.9 10359 10385 10310.5 10225.4 10176.5 10160.1 10168.3 10182.4 10166.6 10140.9
10143.1 10149 10166.8 10157.2 10171 10195.6 10213.5 10245.9 10305.3 10341.5 10329.1 10327.9 10348 10345.8 10372.4 10399.9 10435.1 10490.9 10506.3 10440.2 10294.5 9934.1 9611.42 9434.2 9329 9282.49 9223.82 9162.28 9104.46 9077.38 9025.89 8893.63 8841.09 8837.71 8829.32 8809.73 8778.39 8756.19 8766.59 8804.82 8902.12 9080.66 9266.36 9467.63 9674.82 9857.69 10073.7 10287.1 10467.6 10626.7 10666.9 10638.6 10544.2 10447.2 10316.1 10257.3 10266.6 10357.6 10377.6 10301.6 10206.4 10177.9 10155.2 10164.5 10173.7 10176.8 10169.7
10146.6 10154.6 10157.2 10175.6 10191.8 10200.1 10230.2 10278.7 10342.9 10346.7 10312.7 10289.1 10266.7 10268.3 10326.6 10384 10441.8 10488 10420.2 10214.8 9907.67 9614.75 9363.33 9175.09 9165.07 9171.36 9104.25 9040.5 8989.28 8944.2 8866.02 8840.12 8776.91 8764.24 8757.76 8744.16 8721.58 8709.66 8725.17 8746.06 8814.25 8988.98 9157.46 9338.72 9535.02 9730.78 9932.32 10166.4 10375.2 10579.3 10633.2 10630.4 10597.7 10549.1 10427.2 10225.2 10252.3 10406.3 10434.2 10358.9 10222.5 10202.8 10198.8 10202.7 10199.2 10187.6 10181.4
10158.9 10156.5 10159 10177.6 10195 10206.1 10248.5 10266.1 10255.2 10261.8 10268.2 10257 10245.7 10255.1 10318.1 10386.2 10435.5 10566.9 10367.1 10056.6 9715.31 9395.5 9086.35 8961.09 8945.98 8968.83 8931.15 8900.11 8855.03 8779.86 8694.36 8714.34 8729.9 8721.44 8718.19 8709.03 8690.15 8698.15 8711.02 8729.69 8779.3 8917.19 9066.5 9241.37 9394.67 9563.26 9736.82 9941.26 10208.3 10441 10590.8 10606.5 10613.6 10574.2 10473 10291.9 10266.6 10416.6 10433 10348.1 10265 10225 10262.9 10266.9 10218.1 10199.9 10188.3
10182.7 10201.3 10186 10183.6 10194.2 10205.1 10222.6 10220.5 10239.4 10239.1 10245.9 10242.5 10242.3 10297.2 10348.7 10436.9 10522.9 10608.7 10310.3 9933.71 9540.63 9206.27 8980.66 8909.34 8775.77 8705.87 8756.13 8763.26 8738.33 8698.26 8671.68 8692.49 8695.91 8690.07 8697.27 8699.18 8702.25 8706.88 8710.61 8719.18 8740.02 8863.59 8982.79 9137.56 9261.5 9411.59 9559.87 9700.13 10036.7 10412.8 10483.4 10578.8 10638.4 10673.3 10574.8 10461.1 10356.4 10408.6 10359.2 10350.6 10339.8 10251.4 10293.9 10302.2 10254.8 10220 10190.9
10197.5 10192.4 10175.2 10178.5 10190.2 10195.9 10226.3 10214.5 10203.6 10233.3 10250 10259.1 10265.5 10306.2 10375.7 10491.2 10603.2 10548.4 10232.9 9819.78 9379.85 9041.38 8811.97 8721.25 8678.7 8646.26 8661.68 8673.86 8666.79 8655.49 8658.04 8685.16 8686.29 8686.73 8704.08 8714.75 8707.19 8709.03 8709.18 8714.76 8727.78 8821.36 8903.67 9037.68 9162.95 9299.4 9448.45 9593.14 9902.14 10281.8 10436.8 10542.5 10652.7 10753.7 10692.9 10552.4 10387.8 10345.7 10242.3 10244 10392.4 10334.9 10334.3 10302.1 10261.7 10245.8 10220.8
10189.8 10183.5 10164.6 10128.2 10152.8 10184.9 10195.4 10173.2 10228.5 10259.1 10292.5 10304.5 10341.5 10312.4 10381 10507.6 10648.8 10513.8 10136.1 9694.19 9262.88 8920.11 8715.88 8658.4 8634.28 8621.97 8623.81 8630.37 8633.02 8630.84 8645.77 8680.68 8697.06 8694.06 8727.14 8728.83 8716.43 8705.36 8705.19 8708.67 8705.92 8773.26 8864.57 8968.92 9069.11 9168.57 9355.26 9652.14 9770.71 10022.7 10333.5 10505.4 10646.4 10744.1 10749.9 10673 10414 10266.4 10311.6 10359.8 10426.6 10428.7 10404.5 10395.3 10325.9 10278.6 10246.4
10163.2 10151 10120.2 10104.7 10161.8 10194.9 10180.3 10169 10211.7 10275.6 10325.2 10365.7 10298.4 10302 10391.1 10478.5 10593.3 10447 10002.8 9581.14 9201.63 8936.73 8703.29 8642.26 8623.15 8602.43 8602.74 8610.6 8618.51 8626.2 8654.83 8700.45 8732.71 8810.85 8698.45 8716.75 8721.9 8701.04 8699.05 8701.45 8697.14 8745.47 8823.78 8883.91 8956.69 9040.71 9169 9365.16 9654.05 9946.46 10226 10422.6 10590.9 10696.9 10742.9 10600.8 10409.9 10274.8 10312.4 10372.5 10426.8 10436.3 10439.3 10444.2 10366.2 10290.7 10230.6
10136.8 10126.1 10120.8 10138.4 10191.2 10187.7 10164.6 10176.2 10235.1 10291 10357 10403.2 10391.5 10339.6 10352.7 10439.6 10447.8 10174.7 9803.05 9443.45 9120.38 8907.11 8686.44 8628.53 8594.78 8590.94 8595.15 8598.93 8607.86 8627.65 8680.28 8822.11 8643.78 8458.01 8489.93 8646.51 8698.91 8702.09 8708.35 8704.66 8688.7 8721.55 8773.34 8812.1 8856.51 8905.86 8972.11 9148.54 9547.87 9884.21 10128.3 10324.9 10523.8 10688.7 10725.4 10507.6 10340.3 10298.3 10301.1 10355.5 10400.8 10416.5 10430.5 10409.1 10353.1 10289.7 10229.6
