real_craters/C164-300m.grd
DSAA
400 400
-59.885 59.885
-59.885 59.885
2855.003975658 4904.135973749
[rows 0 to 29 of 400, columns 67 to 133 of 400]
4085.92 4086.38 4086.29 4087.04 4087.29 4088.83 4091.87 4094.76 4097.46 4099.82 4101.75 4103.99 4105.21 4106.07 4106.71 4107.33 4108.09 4109.05 4109.81 4110.77 4111.61 4107.03 4109.33 4105.98 4102.39 4099.34 4097.6 4098.21 4103.48 4111.05 4120.38 4130.12 4146.07 4153.92 4157.33 4161.64 4154.97 4147.49 4140.92 4134.63 4128.19 4131.24 4135.63 4140.58 4144.73 4153.67 4152.18 4150.95 4164.2 4169.91 4175.88 4181.78 4186.73 4192.38 4186.39 4191.17 4196.72 4201.77 4207.19 4202.74 4196.83 4192.93 4172.93 4141.84 4099.37 4054.74 4004.05
4086.46 4086.65 4085.89 4084.5 4085.35 4088.36 4091.66 4095.11 4098.61 4101.88 4104.92 4106.06 4107.12 4107.8 4108.56 4109.2 4110.16 4110.98 4111.76 4112.51 4113.53 4120.62 4109.2 4101.9 4099.52 4097.63 4097.02 4098.55 4101.45 4109.26 4117.07 4126.55 4138.92 4148.14 4151.77 4147.45 4150.32 4147.51 4141.53 4135.24 4131.22 4130.06 4132.9 4137.36 4141.71 4152.72 4150.75 4151.09 4166.5 4174.47 4183.09 4191.97 4201.2 4212.34 4213.12 4223.56 4223.77 4236.21 4251.62 4259.73 4269.93 4290.31 4304.1 4298.93 4262.54 4206.27 4143.29
4086.66 4087.1 4086.24 4080.37 4084.49 4088.29 4091.99 4095.63 4099.25 4103.01 4105.46 4107.86 4108.89 4109.5 4110.08 4110.77 4111.31 4112.22 4113.12 4113.56 4111.44 4100.55 4099.95 4100.09 4096.76 4096.05 4096.51 4098.8 4103.96 4109.65 4118.36 4128.44 4137.86 4146.71 4153.07 4157.18 4153.5 4149.18 4143.31 4136.59 4130.53 4128.84 4130.17 4128.24 4132.46 4139.5 4144.03 4148.74 4167.64 4178.13 4189.54 4195.95 4201.16 4212.87 4228.48 4243.5 4245.53 4265.75 4288.9 4302.84 4338.68 4382.08 4427.92 4462.04 4425.87 4348.03 4273.78
4087.48 4088.14 4088.28 4087.91 4087.12 4089.21 4092.14 4095.91 4100.19 4104.6 4108.65 4110.16 4110.24 4110.6 4111.28 4111.86 4112.91 4114.01 4115.09 4115.39 4114.63 4111.99 4100.18 4093.24 4094.12 4094.78 4095.68 4097.57 4101.49 4108.7 4116.52 4126.97 4137.86 4147.42 4154.14 4157.29 4156.53 4152.28 4146.26 4139.22 4132.95 4129.14 4128.3 4124.4 4125.13 4130.88 4137.97 4146.11 4162.92 4173.73 4184.91 4193.79 4207.27 4221.68 4237.21 4256.52 4259.16 4283.34 4312.64 4349.43 4393.44 4449.23 4515.84 4588.21 4542.5 4451.91 4375.66
4088.42 4089.1 4088.39 4087.84 4088.2 4090.07 4093.06 4096.61 4100.54 4104.56 4109.19 4110.08 4109.9 4110.33 4110.94 4111.94 4113.03 4114.21 4115.71 4117.35 4118.87 4120.26 4105.87 4095.01 4094.86 4095.25 4095.75 4097.07 4100.77 4107.69 4118.92 4127.93 4138.25 4149.24 4158.43 4162.08 4160.82 4156.43 4150.36 4143.03 4135.59 4130.56 4128.46 4124.28 4122.96 4128.16 4135.33 4145.37 4153.05 4164.38 4173.92 4185.21 4200.55 4213.97 4228.46 4246.65 4268.32 4285.93 4317.24 4355.8 4406.12 4465.3 4532.17 4591.46 4562.47 4497.73 4438.81
4089.3 4090.89 4091.61 4089.66 4089.15 4090.67 4093.02 4096.13 4099.41 4102.58 4104.82 4106.74 4108.22 4108.96 4109.87 4110.79 4112 4113.35 4114.97 4116.77 4119.15 4122.19 4118.55 4103.08 4098.44 4097.69 4097.81 4097.74 4099.61 4104.48 4111.77 4124.1 4137.56 4150.58 4161.56 4167.53 4165.34 4161.11 4155.2 4148.03 4140.58 4134.75 4131.18 4126.42 4124.99 4129.24 4135.56 4146.2 4148.95 4159.17 4172.01 4182.11 4192.59 4204.65 4224.31 4242.07 4263.13 4286.86 4316.59 4350.93 4397.1 4446.33 4498.31 4542.68 4528.29 4493.82 4462.36
4089.91 4092.24 4094.3 4091.79 4090.27 4090.99 4092.99 4095.22 4097.94 4100.69 4102.41 4104.57 4106.34 4107.36 4108.35 4110.01 4111.11 4112.44 4113.77 4113.89 4114.88 4113.91 4108.51 4102.73 4100.71 4100.65 4101.7 4102.75 4102 4101.29 4103.43 4118.95 4136.73 4152.34 4160.88 4167.04 4168.97 4165.74 4160.64 4154.26 4146.22 4139.14 4137.07 4132.09 4125.25 4130.42 4137.47 4147.84 4142.84 4155.29 4163.15 4175.17 4185.47 4197.01 4215.06 4230.96 4250.04 4277.19 4302.02 4330.85 4363.38 4398.09 4435.31 4453.31 4465.63 4458.57 4448.29
4089.41 4091.31 4092.23 4091.19 4090.12 4090.74 4092.44 4094.16 4096.53 4098.95 4101.98 4104.92 4104.36 4105.57 4106.8 4108.35 4109.55 4110.67 4110.47 4110.59 4110.23 4106.34 4099.18 4101.37 4102.2 4103.42 4105.88 4107.56 4104.91 4101.34 4102.01 4117.19 4136.64 4157.48 4173.72 4176.69 4173.49 4169.57 4165.9 4162.26 4156.63 4148.89 4149.4 4143.98 4139.42 4137.71 4141.37 4149.51 4144.8 4157.98 4165.72 4171.36 4180.25 4190.52 4207.1 4221.56 4237.25 4254.87 4275.22 4300.19 4320.61 4342.01 4361.56 4390.28 4395.65 4407.19 4411.27
4088.57 4089.98 4090.51 4089.88 4089.11 4090.34 4091.89 4093.61 4095.33 4096.6 4097.57 4097.79 4099.81 4102.63 4104.83 4106.38 4107.21 4108.04 4107.92 4107.82 4107.19 4105.97 4105.4 4103.51 4103.11 4104.41 4107.91 4111.53 4106.79 4103.29 4106.23 4115.89 4132.98 4156.65 4184.77 4180.99 4172.75 4169.44 4169.19 4170.8 4174.19 4176.97 4168.25 4155.5 4146.44 4143.17 4144.87 4143.94 4148.34 4160.71 4168.37 4171.94 4180.38 4189.98 4200.95 4212.31 4221.7 4234.87 4248.49 4266.53 4276.85 4284.48 4278.11 4279.55 4323.18 4348.59 4361.88
4087.83 4089.2 4089.88 4089.73 4089.76 4090.41 4091.45 4092.64 4093.98 4094.85 4093.68 4092.09 4097.84 4101.34 4103.44 4104.9 4106.02 4106.49 4105.49 4105.3 4104.89 4105.54 4106.57 4104.09 4102.97 4103.49 4104.98 4107.19 4104.06 4101.15 4102.35 4110.66 4121.41 4134.84 4154.28 4159.48 4161.14 4163.96 4167.96 4174.14 4184.12 4196.43 4178.76 4158.41 4148.66 4143.59 4146.15 4148.34 4153.71 4163.39 4171.32 4179.03 4187.52 4189.94 4198.74 4207.87 4213.7 4222.39 4230.39 4234.92 4238.37 4240.33 4239.79 4249.56 4271.71 4297.14 4312.27
4087.22 4088.63 4089.48 4089.58 4090.28 4090.32 4090.77 4092.05 4093.53 4094.87 4096.45 4099.58 4100.04 4101.27 4102.34 4103.31 4103.79 4104.02 4103.98 4103.58 4101.64 4099.65 4099.95 4100.04 4100.78 4101.28 4100.36 4098.46 4100.66 4100.35 4101.15 4104.58 4107.73 4107.19 4106.14 4129.36 4144.52 4154.18 4161.97 4169.43 4177.03 4182.89 4168.41 4149.08 4135.46 4140.54 4146.17 4154.06 4160.95 4166.04 4172.43 4179.88 4187.5 4191.3 4198.62 4205.99 4204.42 4209.82 4213.55 4212.55 4211.21 4206.49 4203.5 4214.18 4234.76 4255.5 4269.4
4087.02 4087.54 4088.16 4088.57 4089.12 4089.08 4090.06 4091.79 4093.42 4095.43 4097.57 4099.93 4100.73 4101.29 4102.01 4102.79 4103.13 4103.09 4102.22 4100.68 4099.4 4096.59 4094.05 4096.01 4100.17 4100.99 4100.8 4100.45 4101.4 4102.16 4102.05 4101.41 4100.16 4097.91 4100.32 4116.42 4132.38 4144.52 4153.76 4160.19 4162.32 4155.42 4150.16 4144.15 4138.63 4141.94 4147.41 4155.14 4160.4 4166.4 4172.8 4179.11 4184.06 4190.12 4195.33 4199.9 4203.99 4206.57 4203.02 4200.98 4192.42 4185.51 4175.83 4187.84 4208.32 4227.73 4239.65
4087.73 4089.22 4088.7 4087.43 4085.44 4085.59 4088.85 4091.66 4093.98 4095.89 4097.65 4099 4100.12 4100.9 4101.37 4101.67 4101.27 4100.9 4100.79 4099.95 4099.48 4100.56 4102.37 4104.5 4102.61 4101.33 4101.75 4102.05 4102.18 4106.22 4103.71 4100.26 4098.23 4097.4 4101.83 4113.23 4126.37 4137.72 4146.8 4152.7 4154.17 4149.93 4148.67 4148.61 4146.62 4147.46 4151.61 4157.22 4161.54 4167.09 4171.92 4176.95 4179.62 4182.88 4187.01 4191.03 4193.4 4193.87 4192.97 4190.19 4183.53 4178.34 4173.87 4180.93 4195.13 4210.89 4222.05
4088.78 4089.66 4089.73 4088.12 4085.57 4086.53 4089.7 4092.45 4094.71 4096.79 4098.32 4099.44 4100.36 4101.25 4101.36 4101.28 4100.95 4100.68 4099.83 4099.13 4098.98 4100.09 4104.72 4109.22 4102.03 4099.25 4098.64 4098.57 4098.56 4098.05 4099.63 4099.07 4099.08 4100.23 4104.33 4113.41 4123.79 4133.86 4142.54 4148.89 4152.8 4156.11 4157.92 4157.63 4155.54 4153.89 4156.1 4159.51 4162.74 4165.19 4168.37 4172.09 4175.66 4179.27 4181.07 4182.93 4184.16 4184.4 4183 4181.14 4178.06 4175.69 4178.26 4180.12 4190.64 4201.4 4211.28
4090.32 4092.49 4091.79 4090.68 4090.32 4090.98 4092.21 4094.14 4096.26 4098.05 4099.59 4100.97 4102.15 4101.97 4101.97 4101.78 4101.51 4100.82 4100.01 4098.96 4097.91 4097.17 4097.73 4094.88 4096.63 4095.41 4093.53 4093.47 4094.4 4095.97 4096.71 4098.39 4100.59 4103.81 4108.64 4115.25 4123.68 4132.11 4140.51 4147.47 4153.09 4157.19 4159.06 4156.54 4158.3 4158.8 4160.15 4161.43 4163.09 4164.24 4166.67 4169.28 4173.23 4175.51 4177.05 4178.05 4178.36 4175.99 4175.48 4175.54 4175.16 4173.6 4171.48 4178.29 4187.07 4195.21 4203.39
4091.32 4094.19 4093.61 4092.84 4092.43 4092.88 4094.63 4096.45 4098.13 4099.64 4100.9 4101.88 4102.09 4102.67 4103.05 4102.98 4102.48 4101.73 4100.77 4099.64 4098.09 4096.66 4096.21 4094.6 4095.08 4093.52 4089.84 4090.33 4091.54 4092.52 4095.26 4098.21 4101.64 4105.4 4110.05 4116.57 4124.3 4132.51 4140.6 4148.08 4154.42 4159.21 4161.82 4167.16 4166.13 4163.63 4162.34 4161.86 4161.79 4162.73 4165.86 4167.61 4166.42 4168.04 4168.89 4172.08 4172 4171.97 4171.37 4171.46 4173.62 4175.49 4179.25 4179.55 4184.59 4190.86 4197.81
4090.49 4092.91 4093.86 4094.44 4094.78 4095.38 4097.44 4099.05 4100.44 4101.62 4102.64 4102.99 4103.17 4104.3 4104.65 4104.27 4103.69 4103.11 4102.05 4100.93 4100.25 4099.61 4099.98 4099.56 4099.34 4096.98 4093.17 4092.21 4091.43 4091.98 4095.31 4098.63 4101.76 4106.25 4110.78 4117.07 4124.16 4132.07 4140.13 4148.04 4155.76 4165.13 4177.25 4184.09 4172.88 4168.08 4165.35 4164.44 4165.09 4165.7 4167.6 4168.42 4170.39 4171.01 4170.61 4170.39 4170.11 4169.22 4168.63 4168.79 4170.78 4175.17 4178.62 4178.73 4181.58 4187.08 4193.98
4088.95 4090.95 4093.58 4095.53 4097.47 4099.85 4100.92 4101.82 4102.91 4103.94 4104.96 4106.04 4107.31 4106.93 4106.53 4105.99 4105.12 4104.01 4103.22 4102.42 4102.26 4103.39 4104.46 4107.51 4103.61 4100.13 4101.15 4096.53 4094.93 4094.53 4097.83 4099.77 4101.56 4104.24 4109.62 4116.39 4123.69 4131.14 4139.2 4147.69 4155.22 4162.41 4170.38 4169.14 4168.14 4168.54 4167.01 4166.5 4166.55 4168.07 4168.06 4168.07 4168.29 4169.19 4168.97 4168.84 4167.24 4166.21 4164.63 4164.08 4164.21 4169.68 4174.71 4174.16 4176.6 4182.58 4190.41
4088.37 4090.49 4093.85 4096.7 4099.42 4102.16 4103.27 4104.06 4105.05 4106.03 4107.06 4108.12 4109.02 4108.81 4108.37 4107.59 4106.56 4105.68 4104.74 4103.7 4102.73 4103.73 4106.71 4106.54 4103.97 4096.54 4091.88 4096.37 4102.71 4105.21 4102.17 4101.59 4102.98 4105.16 4109.8 4116.04 4123.35 4130.18 4138.37 4147.14 4153.82 4156.01 4147.62 4149.26 4163.45 4167.92 4167.84 4167.04 4166.18 4165.65 4165.29 4165.48 4164.94 4165.19 4164.98 4165.45 4164.27 4163.1 4160.52 4158.78 4156.5 4154.69 4159.8 4166.49 4170.65 4177.01 4183.19
4089.19 4091.5 4094.75 4097.76 4100.44 4102.29 4104.32 4105.75 4106.63 4107.65 4108.64 4109.67 4110.45 4110.27 4109.8 4108.98 4108.11 4106.94 4106.18 4105.37 4104.9 4106.17 4109.16 4113.71 4111.04 4097.07 4089.69 4097.41 4102.11 4104.69 4104.19 4103.03 4103.88 4106.05 4109.61 4115.49 4122.37 4130.36 4139.09 4148.48 4156.2 4162.09 4162.24 4165.22 4169.91 4171.01 4168.73 4167.52 4166.28 4165.33 4165.58 4165.42 4165.38 4165.91 4165.76 4164.39 4163.55 4162.59 4160.02 4156.42 4151.69 4147.81 4152.79 4160.9 4166.97 4173.3 4176.5
4092.28 4094.09 4096.05 4098.58 4101.44 4104.93 4106.92 4107.07 4107.7 4108.64 4109.65 4110.69 4111.35 4111.3 4110.79 4109.79 4108.87 4108.14 4107.56 4107.31 4106.41 4107 4108.54 4110.24 4108.55 4103.09 4100.27 4102.56 4109.97 4108.44 4105.19 4103.47 4102.21 4103.87 4108.58 4114.29 4120.98 4128.83 4136.66 4146.97 4159.33 4173.75 4188.17 4189.08 4182 4176.28 4171.39 4168.4 4166.93 4166 4165.68 4165.59 4165.77 4165.93 4166.3 4166.42 4165.87 4163.96 4161.34 4156.43 4150.82 4148.08 4152.37 4160.24 4166.28 4172.96 4178.16
4093.91 4095.05 4096.29 4098.57 4101.34 4104.17 4105.78 4106.9 4107.85 4108.92 4110.04 4111.24 4112.38 4112.69 4111.73 4110.47 4109.04 4108.31 4108.06 4108.77 4110.46 4107.79 4105.27 4103.23 4101.12 4101.97 4102.92 4103.46 4105.02 4105.13 4103.26 4102.61 4103.2 4103.69 4106.42 4110.69 4116.66 4124.19 4132.85 4143.6 4157.22 4177.21 4205.71 4205.18 4185.64 4174.8 4169.18 4167.79 4166.82 4166.6 4166.8 4165.92 4166.41 4167.56 4167.69 4168.18 4167.45 4166.03 4164.71 4161.33 4155.01 4149.48 4155.71 4162.21 4168.54 4174.11 4180.08
4088.86 4092.44 4094.98 4097.43 4099.96 4102.4 4104.73 4105.68 4106.97 4108.28 4109.9 4111.33 4112.71 4113 4111.95 4110.55 4108.9 4107.59 4106.82 4106.91 4107.95 4104.5 4100.49 4096.86 4095.4 4097.76 4101.03 4101.84 4099.32 4099.8 4098.35 4098.37 4102.25 4103.65 4103.43 4106.8 4112.14 4119.07 4126.62 4135.03 4145.03 4157.91 4179.04 4180.56 4170.68 4165.91 4163.66 4162.73 4162.75 4163.16 4163.9 4165.13 4166.31 4167.19 4168.72 4167.72 4169.41 4170.94 4172.63 4171.56 4167.95 4161.88 4166.9 4169.65 4172.12 4173.99 4175.18
4087.41 4090.2 4093.15 4095.79 4098.24 4099.92 4100.32 4103.88 4105.9 4107.36 4108.73 4110.37 4111.72 4112.38 4111.35 4109.9 4108.36 4106.57 4104.53 4102.42 4100.14 4099.02 4096.14 4091.93 4088.83 4100.01 4103.92 4102.26 4100.69 4096.06 4092.26 4090.05 4090.62 4093.16 4096.99 4101.61 4106.95 4112.9 4118.92 4124.35 4128.43 4128.26 4115.72 4129.66 4146.69 4152.81 4156.24 4158.7 4159.15 4160.86 4162.3 4163.98 4164.79 4165.2 4167.34 4171.61 4174.46 4177.65 4180.33 4184.04 4187.8 4189.18 4183.48 4179.59 4176.89 4174.08 4170.1
4086.61 4088.94 4091.52 4094.06 4096.62 4099.24 4101.36 4103.68 4104.42 4105.53 4107.12 4108.65 4110.11 4110.85 4109.98 4108.77 4107.2 4104.8 4102.31 4098.95 4096.64 4095.98 4094.66 4092.76 4091.77 4106.13 4106.81 4101.07 4096.44 4091.99 4086.63 4080.44 4076.53 4081.65 4089.33 4096.04 4101.51 4106.86 4111.65 4115.6 4117.24 4115.47 4111.84 4121.75 4132.08 4141.71 4148.06 4151.87 4154.75 4157.25 4161.03 4162.32 4164.13 4167.66 4170.33 4173.22 4176.94 4181.27 4187.28 4194.29 4202.35 4204.38 4195.37 4187.16 4180.63 4174.44 4168.41
4085.28 4087.84 4089.89 4092 4094.46 4098.08 4105.93 4102.32 4101.56 4102.98 4104.84 4106.53 4107.82 4107.97 4108.3 4107.47 4106.03 4104.33 4101.66 4097.59 4094.99 4095.8 4095.97 4097.35 4103.15 4113.15 4107.84 4099.06 4090.68 4090.16 4085.11 4076.39 4066.43 4075.86 4085.61 4092.39 4097.85 4102.41 4106.31 4109.37 4111.64 4113.43 4115.88 4114.47 4125.93 4135.92 4143.49 4147.73 4151.11 4154.8 4155.93 4158.44 4162 4164.49 4167.1 4170.64 4174.96 4180.7 4188.47 4197.44 4207.11 4208.32 4199.67 4190.56 4182.91 4175.42 4165.39
4086.95 4086.99 4088.14 4089.55 4090.96 4091.88 4090.75 4092.76 4096.9 4099.97 4102.35 4104.42 4106.22 4107.85 4107.72 4106.58 4105.44 4104.23 4103.02 4102.03 4099.39 4098.13 4097.88 4099.11 4102.38 4103.71 4104.76 4103.93 4099.78 4093.72 4089.83 4086.63 4082.55 4083.61 4087.9 4092.09 4095.49 4098.81 4101.89 4105.02 4108.22 4112.2 4116.07 4119.66 4126.6 4135.22 4141.72 4146.59 4150.21 4152.66 4154.94 4157.1 4159.26 4161.61 4163.71 4166.99 4171.41 4177.35 4184.52 4193.83 4203.8 4204.16 4196.61 4188.39 4182.37 4178.08 4172.88
4084.2 4084.98 4086.06 4087.12 4087.87 4087.39 4083.8 4087.9 4093.99 4097.65 4100.38 4102.33 4104.1 4105.35 4105.35 4105.16 4104.83 4104.17 4103.75 4104.82 4103.29 4100.1 4098.8 4098.66 4098.47 4099.05 4100.75 4103.31 4101.29 4096.18 4095.2 4098 4100.72 4094.74 4092.67 4093.31 4095.04 4096.82 4098.93 4101.6 4104.86 4110.29 4117.67 4123.32 4132.85 4137.3 4141.01 4145.14 4148.32 4150.97 4152.65 4154.61 4156.49 4158.44 4160.5 4163.13 4166.47 4170.76 4176.05 4183.81 4193.58 4192.84 4186.69 4180.27 4176.15 4175.02 4177.29
4079.61 4082.16 4083.86 4085.16 4086.24 4087.2 4090.26 4092.82 4093.64 4096.26 4098.58 4100.5 4101.8 4102.37 4103.13 4103.59 4103.89 4103.67 4102.63 4100.49 4100.36 4099.93 4098.99 4098.35 4098.37 4098.24 4095.57 4090.79 4091.64 4094.12 4096.89 4100.17 4101.27 4098.89 4096.24 4095.09 4095.01 4095.5 4096.65 4098.39 4101.18 4106.26 4116.41 4134.32 4139.79 4138.28 4140.59 4143.3 4146.13 4148.38 4150.27 4151.64 4153.08 4154.69 4155.87 4157.24 4158.48 4160.53 4162.24 4164.63 4172.64 4172.39 4170.46 4168.26 4165.37 4161.86 4157.28
4078.24 4080.18 4082.18 4083.84 4085.39 4086.99 4088.21 4089.61 4093.56 4095.56 4097.4 4098.96 4100.13 4100.79 4101.42 4102.75 4103.66 4103.79 4103.04 4101.5 4100.87 4100.09 4099.11 4097.84 4097.87 4100.54 4093.5 4082.12 4085.47 4092.04 4097.11 4101.56 4102.67 4100.59 4098.3 4096.36 4095.07 4094.63 4094.53 4095.28 4097.1 4101.97 4111.07 4120.99 4128.54 4134.64 4138.33 4141.13 4143.18 4144.8 4146.41 4147.59 4148.54 4149.3 4149.85 4149.88 4150.12 4149.66 4148.2 4144.29 4135.11 4147.72 4153.9 4155.65 4154.34 4150.11 4144.51
