real_craters/C164-500m.grd
DSAA
241 241
-59.885 59.885
-59.885 59.885
2855.2927412351 4903.3839496538
[rows 30 to 59 of 241, columns 67 to 133 of 241]
4120.67 4115.48 4112.04 4113.24 4116.62 4121.62 4128.25 4137.66 4145.32 4137.96 4133.78 4129.57 4129.42 4130.87 4129.19 4129.9 4124.62 4125.92 4130.43 4135.88 4140.32 4140.48 4142.72 4142.92 4140.69 4136.78 4133.44 4129.8 4123.08 4116.5 4112.86 4107.36 4100.21 4101.52 4110.1 4117.7 4124.22 4129.35 4132.62 4133.46 4145.39 4140.09 4138.91 4134.91 4124.97 4116.07 4109.86 4099.03 4093.72 4100.25 4107.05 4100.23 4093.02 4087.81 4084.88 4084.47 4087.52 4093.03 4099.24 4105.58 4118.37 4128.49 4128.24 4118.85 4108.92 4103.57 4116.47
4120.43 4110.49 4111.21 4113.25 4116.92 4122.13 4129.59 4139.78 4146.29 4142.86 4140.46 4139.03 4134.97 4132.17 4131.69 4130.71 4129.09 4129.7 4132.88 4136.44 4139.08 4140.26 4141.61 4142.28 4142.22 4142.87 4144.11 4133.54 4126.22 4120.54 4114.91 4109.96 4106.31 4106.17 4109.79 4115.76 4121.01 4125.49 4132.81 4154.75 4180.82 4175.43 4163.46 4155.78 4147.31 4138.65 4126.36 4109.94 4100.95 4105.02 4110.15 4101.21 4093.02 4087.74 4084.77 4084.21 4088.86 4095.34 4105.04 4118.59 4126.57 4131.79 4131.65 4125.15 4121.42 4126.14 4141.8
4120.46 4113.45 4112.21 4114.22 4117.23 4121.11 4125.89 4132.06 4137.44 4138.98 4141.64 4146.38 4139.82 4135.2 4133.45 4133.23 4134.88 4134.72 4137.14 4139.81 4141.67 4143.13 4143.08 4143.09 4142.9 4141.93 4137.9 4133.57 4127.87 4122.63 4117.15 4113.21 4110.89 4108.04 4109.93 4114.73 4119.55 4126.38 4138.11 4161.5 4187.81 4186.42 4178.09 4174.38 4174.81 4170.25 4146.32 4123.64 4109.74 4104.73 4104.05 4094.86 4090.11 4086.85 4086.35 4087.79 4090.61 4096.76 4106.06 4119.34 4124.55 4128.82 4137.95 4142.81 4145.24 4171.33 4178.97
4121.52 4117.11 4114.99 4115.18 4117.2 4119.26 4120.97 4120.95 4124.73 4131.07 4135.49 4138.53 4139.13 4136.77 4134.93 4134.15 4135.44 4139.92 4143.37 4145.38 4146.46 4145.48 4144.71 4144.92 4143.85 4141.57 4138.74 4132.06 4126.45 4122.87 4117.88 4115.35 4115.07 4115.7 4112 4114.83 4118.4 4123.73 4132.01 4141.84 4160.83 4175.28 4178.86 4180.45 4183.7 4182.46 4154.54 4131.78 4114.29 4101.84 4091.05 4088.33 4087.38 4085.98 4085.94 4088.49 4091.9 4096.78 4102.3 4107.67 4113.67 4123.03 4150.11 4177.46 4193.04 4199.06 4199.59
4121.75 4117.43 4115.05 4115.68 4118.08 4119.01 4118.65 4117.05 4119.85 4124.91 4127.84 4130.09 4134.43 4136.57 4137.27 4138.27 4141.6 4148.42 4153.74 4154.78 4154.37 4152.36 4149.99 4148.86 4146.66 4141.62 4134.4 4128.13 4122.96 4118.28 4115.54 4115.48 4116.25 4116.16 4114.06 4114.64 4117.47 4121.79 4124.49 4126.72 4135.31 4160.2 4171.97 4175.48 4174.2 4163.03 4147.62 4127.92 4112.53 4100.73 4092.88 4089.12 4088.91 4088.38 4086.19 4089 4094.89 4098.61 4100.03 4101.81 4109.84 4131.13 4162.54 4205.66 4222.6 4207.68 4199.64
4122.58 4117.45 4115.71 4118.14 4120.12 4121.49 4121.27 4120.25 4121.09 4123.07 4124.03 4125.91 4132.97 4138.64 4143.48 4145.3 4154.07 4164.07 4166.26 4168.29 4167.1 4160.98 4153.98 4156.8 4153.36 4144.59 4132.87 4125.54 4119.97 4113.64 4113.61 4115.37 4116.29 4115.61 4114.71 4114.14 4115.65 4121.27 4121.76 4122.05 4134.72 4158.48 4165.84 4166.59 4161.97 4151.84 4136.67 4122.52 4109.65 4100.29 4093.19 4092.53 4096.85 4098.7 4095.34 4099.45 4104.74 4105.52 4102.34 4099.56 4103.22 4124.44 4160.92 4191.62 4205.32 4196.68 4187.23
4125.75 4121.03 4118.27 4123.33 4125.54 4126.28 4126.27 4124.53 4125.12 4124.99 4124.55 4125.43 4130.85 4143.76 4157.34 4171.77 4181.21 4185.25 4184.88 4186.71 4186.64 4183.3 4178.17 4175.13 4164.99 4151.88 4137.49 4127.56 4121.33 4118.11 4116.43 4116.58 4117.22 4116.99 4114.41 4112.88 4112.2 4113.12 4118.83 4126.5 4146.86 4162 4162.48 4159.62 4152.94 4140.49 4127.45 4115.43 4107.41 4103.03 4099.17 4100.47 4111.2 4120.77 4123.5 4123.52 4122.39 4119.15 4112.49 4104.73 4100.41 4130.56 4159.86 4181.95 4188.84 4184.21 4178.56
4131.83 4130.99 4130.62 4132.15 4131.25 4131.08 4132.45 4142.96 4131.51 4129.22 4128.76 4127.77 4133.35 4153.42 4174.81 4195.03 4205.53 4206.74 4204.51 4206.22 4208.3 4211.91 4215.57 4199.33 4179.55 4160.68 4143.15 4130.67 4123.7 4120 4118.31 4118.29 4119.29 4119.5 4116.78 4112.19 4109.14 4110.84 4120.48 4134.45 4155.83 4160.32 4158.28 4154 4147.27 4139.08 4124.33 4109.71 4111.18 4111.49 4110.77 4114.38 4130.05 4147.51 4162.86 4152.24 4143.6 4138.04 4131.56 4126.81 4128.37 4147.88 4165.1 4179.27 4179.93 4173.96 4168.29
4136.93 4140.75 4146.47 4139.86 4135.87 4134.62 4134.79 4133.68 4134.43 4133.31 4132.17 4132.07 4141.02 4166.98 4194.58 4217.76 4225.83 4226.3 4222.25 4223.55 4225.97 4230.41 4234.82 4214.09 4190.47 4168.75 4148.38 4133.33 4125.82 4122.02 4120.12 4119.85 4120.77 4121.9 4119.49 4112.02 4106.61 4109.01 4124.82 4143.05 4166.17 4157.18 4155.79 4151.45 4143.6 4134.15 4125.85 4122.24 4123.82 4126.52 4130.45 4139.83 4147.47 4161.09 4173.94 4166.84 4160.31 4156.58 4154.64 4155.99 4161.2 4166.33 4170.95 4172.36 4171.28 4165 4158.05
4139.58 4142.31 4144.55 4140.13 4136.77 4134.72 4134.95 4137.26 4135.56 4136.37 4138.05 4137.56 4150.64 4182.25 4214.97 4233.05 4240.51 4241.55 4235.89 4235.6 4236.3 4235.67 4228.03 4215.71 4196.94 4175.16 4153.35 4136.47 4127.9 4124.74 4123.78 4120.53 4120.98 4122.47 4121.67 4112.41 4105.85 4110.4 4134.15 4155.61 4164.94 4159.87 4158.36 4151.67 4142.98 4133.51 4134.08 4141.29 4140.13 4142.84 4148.26 4155.99 4159.65 4162.76 4166.37 4170.09 4170.95 4171.79 4174.84 4180.57 4187.28 4182.53 4174.7 4171.85 4164.21 4158.79 4154.73
4141.59 4140.69 4136.21 4136.52 4134.5 4131.74 4130.73 4130.56 4133.74 4137.93 4146.17 4146.1 4162.16 4195.14 4233.64 4254.29 4253.55 4246.64 4244.17 4242.91 4241.07 4238.66 4233.02 4220.6 4202.66 4182.49 4159.1 4134.61 4130.72 4126.66 4121.4 4118.88 4119.09 4119.89 4118.86 4113.1 4111.24 4122.23 4150.73 4174.88 4176.41 4174.49 4166 4155.68 4146.08 4138.08 4138.51 4151.08 4153.99 4157.16 4162.52 4169.02 4168.78 4164.43 4164.95 4173.07 4178.75 4184.92 4190.49 4197.27 4200.88 4188.5 4169.56 4155.93 4155.9 4153.42 4152.91
4142.27 4141.78 4142.56 4137.82 4131.3 4126.51 4124.97 4127.17 4130.29 4135.1 4139.82 4144 4165.83 4200.53 4236.41 4258.69 4259.32 4257.1 4247.95 4245.56 4244.11 4241.51 4236.82 4226.26 4209.18 4192.57 4173.09 4150.57 4144.42 4133.54 4121.45 4116.34 4115.02 4115.92 4115.91 4116.04 4123.75 4141.62 4170.11 4193.26 4188.62 4183.78 4171.21 4159.67 4151.04 4146.34 4152.57 4161.74 4164.19 4167.16 4171.26 4175.17 4175.14 4175.81 4174.91 4176.78 4183.09 4191.5 4199.57 4205.34 4201.75 4180.4 4167.65 4156.35 4151.45 4148.76 4146.78
4143.61 4141.66 4139.33 4134.19 4127.26 4120.75 4113.21 4117.76 4127.46 4133.14 4135.57 4141.1 4166.51 4201.62 4235.35 4254.57 4257.94 4251.89 4250.04 4247.96 4245.42 4240.94 4234.81 4224.64 4213.64 4202.91 4193.89 4193.44 4171.06 4143.19 4126.4 4115.07 4111.45 4111.85 4113.91 4120.07 4142.01 4162.8 4183.45 4201.49 4193.53 4180.97 4169.04 4161 4155.36 4151.94 4152.05 4164.74 4171.01 4173.91 4176.48 4178.83 4175.97 4169.42 4171.84 4177.02 4184.68 4193.57 4202.79 4208.62 4199.72 4181.33 4169.17 4159.3 4150.37 4145.92 4142.79
4144.3 4141.28 4135.38 4130 4125.7 4119.89 4114.92 4120 4130.55 4139.16 4142.29 4146 4170.36 4202.85 4231.98 4248.41 4254 4248.88 4247.45 4244.35 4242.32 4238.05 4232.25 4225.31 4216.62 4208.66 4200.82 4194.16 4170.85 4144.54 4123.92 4112.16 4108.03 4108.44 4111.49 4121.73 4153.39 4175.09 4189.06 4196.34 4188.77 4174.45 4166.66 4161.5 4159.23 4160.57 4161.54 4171.65 4176.78 4177.99 4177.6 4176.31 4170.64 4162.87 4166.26 4174.2 4182.85 4191.55 4200.03 4208.15 4204.28 4179.16 4161.29 4152.16 4147.28 4144.56 4142.64
4145.65 4143.59 4139.51 4134.39 4129.17 4122.64 4120.56 4125.46 4136.87 4151.6 4155.91 4154.46 4174.29 4204.09 4233.14 4244.28 4250.05 4245.02 4242.72 4239.82 4238.04 4235.92 4231.61 4221.54 4219.16 4210.36 4197.91 4175.25 4156.74 4144.57 4122.95 4111.01 4110.77 4110.14 4109.78 4121.05 4153.29 4178.59 4189.53 4191.32 4184.78 4178.38 4164.4 4160.35 4161.17 4166.83 4185.05 4185.9 4182.34 4179.91 4176.73 4172.42 4166.7 4160.39 4164.17 4171.88 4180.26 4187.89 4193.42 4195.08 4187.08 4169.17 4151.33 4146.3 4145.98 4145.62 4145.84
4147.81 4147.61 4148.92 4147.73 4134.75 4123.18 4119.38 4125.79 4138.4 4154.45 4155.87 4155.06 4172.39 4200.43 4230.33 4240.89 4243.83 4239.97 4240.6 4238.85 4236.08 4233.24 4232.87 4234.42 4222.03 4211.95 4201.88 4190.88 4180.51 4160.72 4136.32 4124.17 4127.72 4123.98 4117.28 4135.83 4187.9 4191.12 4185.99 4180.16 4174.97 4165.89 4156.19 4157.89 4161.34 4165.74 4171.43 4183.67 4184.73 4181.24 4175.7 4168.86 4162.07 4160.2 4163.94 4170.82 4178.46 4184.79 4187.68 4184.89 4179.84 4169.24 4155.51 4148.83 4148.26 4148.51 4149.62
4148.34 4148.77 4151.06 4151.36 4133.74 4119.94 4115.9 4123.09 4133.74 4143.53 4140.82 4141.4 4165.8 4193.15 4220.2 4235.53 4238.89 4234.51 4234.81 4232.95 4232.42 4230.17 4227.8 4225.89 4217.97 4210.78 4205.68 4205.69 4202.86 4183.44 4173.52 4171.14 4160.65 4152.66 4149.16 4175.93 4207.04 4199.57 4184.14 4173.23 4165.22 4152.04 4156.9 4156.89 4161.86 4168.89 4178.51 4187.68 4187.91 4183.33 4176.1 4167.75 4160.79 4159.27 4163.25 4169.33 4176.39 4182.86 4187.13 4183.84 4183.4 4178.23 4161.15 4155.23 4153.45 4152.67 4152.42
4147.64 4146.26 4142.61 4134.01 4126.28 4116.18 4113.49 4122.46 4129.83 4132.24 4132.05 4140.53 4163.2 4190.52 4216.29 4231.71 4230.74 4231.2 4229.49 4227.71 4226.78 4224.81 4220.84 4215 4211.03 4206.49 4202.49 4198.91 4191.91 4194.67 4200.35 4205.9 4193.05 4186.11 4189.28 4211.65 4214.65 4200.81 4180.15 4168.56 4162.49 4157.9 4150.11 4154.49 4163 4174.84 4187.18 4194.92 4191.97 4185.58 4177.32 4168.47 4161.97 4160.05 4162.84 4168.46 4175.24 4182.81 4191.9 4199.43 4194.93 4189.54 4174.85 4165.86 4161.15 4157.46 4154.23
4148.18 4145.13 4138.61 4130.67 4126.34 4121.53 4121.98 4131.29 4135.36 4131.11 4127.13 4139.44 4165.21 4191.94 4221.45 4230.79 4227.96 4227.79 4226.33 4223.81 4220.86 4217.04 4213.17 4208.8 4204.53 4200.74 4196.42 4192.64 4191.8 4198.42 4209.81 4215.65 4216.54 4211.7 4212.05 4217.34 4222.23 4203.41 4179.88 4168.03 4161.37 4156.23 4149.63 4152.01 4162.13 4175.49 4190.13 4198.17 4194.37 4186.58 4178.26 4169.27 4159.73 4159.57 4163.29 4167.82 4174.09 4180.82 4189.32 4200.19 4196.72 4194.15 4189.43 4177.76 4169.16 4162.65 4157.4
4152.68 4149.73 4143.37 4133.86 4137.4 4144.61 4147.77 4150.85 4153.59 4150.97 4133.13 4147.34 4175.75 4199.01 4218.67 4229.78 4226.68 4225.82 4223.32 4220.22 4217.08 4212.76 4207.83 4204.6 4200.18 4193.67 4190.03 4187.41 4188.89 4197.39 4213.68 4236.42 4230.39 4227.06 4229.45 4237.58 4229.5 4207.04 4184.68 4170.84 4161.81 4153 4143 4149.1 4160.91 4171.95 4186.52 4199.6 4193.18 4186.52 4179.85 4172.73 4166.28 4161.45 4164.52 4168.94 4173.05 4176.72 4178.83 4181.46 4187.47 4191.48 4191.67 4183.98 4174.88 4166.38 4159.1
4160.95 4160.54 4158.23 4154.15 4163.2 4177.86 4177.41 4172.54 4172.99 4175.27 4169.14 4175.98 4195.96 4218.43 4223.89 4226.73 4225.42 4223.11 4219.66 4216.45 4212.21 4207.33 4201.92 4194.58 4188.58 4186.61 4184.22 4182.18 4180.96 4190.93 4206.28 4218.68 4224.94 4229.44 4237.95 4250.22 4230.57 4207.58 4188.35 4174.84 4164.27 4154.5 4148.11 4152.63 4163.89 4174.78 4182.81 4186.2 4187.59 4185.42 4181.9 4177.73 4170.1 4165.19 4168.34 4171.02 4173.02 4174.17 4174.03 4173.78 4178.48 4182.65 4188.9 4186.59 4177.33 4167.22 4157.19
4172.43 4175.32 4179.61 4188.43 4195.59 4198.38 4194.39 4187.02 4183.02 4187.48 4201.59 4201.25 4211.14 4232.11 4234.04 4227.36 4222.92 4219.24 4215.68 4211.8 4207.58 4202.3 4196.13 4188.48 4182.62 4182.47 4181.32 4179.38 4180.28 4184.79 4194.14 4204.69 4211.63 4218.42 4227.73 4234.1 4216.29 4199.7 4187.33 4175.2 4167.75 4164.89 4163.34 4159.95 4167.75 4177.27 4181.03 4181.46 4182.7 4182.93 4182.54 4183.02 4184.46 4173.56 4176.02 4175.43 4174.25 4173.01 4173.49 4172.94 4171.1 4175.96 4192.92 4186.88 4176.88 4165.85 4154.64
4182.29 4188.46 4195.92 4205.44 4209.18 4205.05 4201.86 4195.97 4188.01 4189.63 4203.36 4204.56 4209.54 4220.76 4228.45 4223.99 4219.47 4215.44 4211.68 4207.57 4203.63 4199.46 4194.87 4188.9 4184.23 4183.49 4181.52 4178.64 4175.24 4177.03 4183.87 4188.91 4193.36 4199.83 4206.72 4209.69 4197.74 4186.1 4177.11 4171.78 4169.03 4167.68 4164.86 4162.97 4166.94 4175.22 4176.2 4176.63 4178.69 4180.51 4182.72 4184.58 4186.48 4194.69 4187.44 4180.92 4175.29 4170.28 4164.92 4162.58 4161.52 4164.62 4182.92 4182.64 4174.29 4164.2 4153.96
4191.88 4198.4 4205.82 4210.88 4211.62 4209.52 4208.66 4205.1 4199.81 4192.79 4192.43 4195.69 4199.33 4204.72 4215.12 4215.28 4212.54 4209.64 4206.87 4203.87 4201.02 4197.64 4195.46 4193.87 4199.33 4190.41 4184.52 4181.09 4179.75 4179.89 4178.2 4173.83 4172.97 4181.41 4184.93 4183.2 4183.31 4173.58 4167.98 4168.49 4168.84 4169.02 4171.97 4160.74 4162.77 4164.43 4169.71 4172.63 4174.17 4177.07 4182.07 4187.45 4193.59 4202.31 4193.47 4184.65 4175.68 4168.49 4163.51 4157.9 4154.29 4154.15 4172.07 4174.22 4168.84 4161.51 4153.39
4200.05 4205.75 4213.08 4221.18 4226.82 4221.26 4214.96 4211.27 4209.02 4192.31 4178.26 4186.36 4192.05 4196.43 4201.88 4203.69 4203.42 4201.82 4199.92 4198.6 4196.55 4194.75 4193.97 4194.15 4194.1 4190.41 4185.66 4183.29 4183.39 4183.64 4177.19 4171.96 4170.09 4173.49 4172.51 4168.88 4170.84 4166.4 4164.23 4166.56 4168.29 4167.96 4163.74 4166.43 4168.62 4167.09 4167.27 4165.5 4165.7 4171.79 4179.95 4190.19 4199.06 4195.25 4193.34 4185.88 4177.29 4167.36 4159.14 4157.4 4154.93 4152.63 4160.45 4165.16 4164.05 4159.88 4154.7
4205.69 4211.14 4217.82 4224.62 4222.26 4219.32 4215.87 4211.15 4204.69 4190.03 4179.91 4182.79 4190.01 4188.92 4193.5 4195.1 4196.15 4196.06 4195.35 4194.11 4192.87 4191.97 4190.84 4189.63 4186.92 4186.82 4185.28 4184.2 4182.31 4177.25 4178.34 4177.57 4178.58 4174.63 4172.99 4171.96 4171.21 4164.49 4164.87 4168.13 4170.11 4171.25 4171.52 4182.43 4180.54 4177.6 4169.85 4161.04 4158.33 4167.49 4176.86 4184.77 4191.62 4197.08 4191.52 4186.43 4180.46 4171.11 4159.25 4165.17 4166.38 4162.47 4162.18 4162.78 4162.03 4159.51 4156.94
4210.13 4213.64 4218.7 4225.07 4234.05 4225.23 4214.68 4207.61 4200.79 4190.66 4182.24 4180.11 4183.7 4192.21 4189.19 4189.94 4191.71 4192.68 4192.77 4192.98 4191.62 4190.18 4187.57 4186.06 4185.43 4184.34 4184.59 4185.96 4185.98 4184.77 4183.32 4180.93 4178.3 4175.79 4176.32 4176.05 4173.48 4173.28 4170.71 4172.36 4175.25 4179.09 4185.4 4184.42 4192.02 4187.5 4175.42 4164.73 4159.87 4167.01 4175.02 4181.22 4184.24 4183.39 4185.25 4186.73 4187.71 4186.75 4183.07 4185.86 4188.36 4178.34 4174.54 4166.53 4161.58 4159.81 4159.22
4210.4 4212.13 4213.95 4216.43 4216 4215.97 4208.71 4201.52 4192.7 4184.64 4180.25 4177.13 4172.59 4180.27 4181.62 4182.72 4184.11 4185.7 4185.82 4186.95 4186.8 4186.22 4185.28 4182.91 4178.35 4178.92 4184.84 4189.74 4193.07 4193.15 4192.1 4186.01 4176.73 4177.18 4177.42 4176.62 4175 4175.27 4175.88 4177.5 4180.64 4184.72 4189.27 4192.08 4197.71 4192.45 4179.61 4170.02 4167.75 4168.29 4175.69 4183.6 4182.63 4177.15 4179.26 4185.27 4193.89 4205.9 4210.45 4203.61 4208.67 4208.54 4178.73 4163.94 4159.43 4159.19 4159.77
4205.72 4206.21 4206.84 4204.61 4198.73 4199.66 4198.81 4195.58 4191.09 4181.46 4180.3 4179.73 4176.12 4168.34 4174.25 4176.3 4178.2 4179.58 4180.67 4181.6 4183.52 4183.73 4183.3 4182.53 4180.69 4182.43 4188.51 4195.09 4201.8 4209.79 4204.09 4193.94 4188.06 4182.11 4180.29 4178.5 4176.69 4178.53 4179.17 4181.17 4183.61 4187.78 4193.02 4200.54 4197.59 4188.99 4179.9 4170.39 4159.88 4167.14 4174.62 4184.2 4179.31 4173.49 4172.68 4179.91 4191.33 4207.38 4212.42 4199.48 4190.21 4181.35 4167.97 4156.25 4157.01 4158.95 4160.25
4201.66 4200.84 4199.38 4196.51 4193.45 4189.78 4190.26 4190.69 4190.82 4190.99 4188.34 4186.55 4183.66 4172.69 4171.73 4174.19 4175.27 4176.85 4178.61 4179.85 4181.64 4182.52 4184.22 4185.11 4186.53 4190.12 4193.99 4200.47 4207.05 4211.63 4207.45 4196.91 4185.56 4177.34 4173.05 4175.13 4178.04 4181.03 4182.53 4184.61 4187.13 4189.67 4192.61 4197.61 4191.56 4185.79 4180.96 4174.86 4169.29 4170.85 4171.34 4167.81 4169.44 4163.69 4163.07 4172.16 4179.36 4185.59 4187.13 4180.06 4168.77 4163.69 4160.19 4155.43 4158.43 4160.26 4162.51
