real_craters/C164-1000m.grd
DSAA
69 69
-34.22 34.22
-34.22 34.22
8145.7829522482 10806.149843309
[rows 30 to 59 of 69, columns 0 to 66 of 69]
10122.5 10131.5 10151.2 10178.5 10229 10186.7 10147.6 10152.8 10197.4 10282.1 10378.7 10439 10414.5 10348.4 10349.3 10373.6 10156.3 9836.3 9594.85 9306.69 9004.25 8750.64 8671.68 8621.33 8592.27 8583.04 8584.98 8588.2 8598.42 8617.14 8680.02 8778.57 8401.39 8201.31 8256.05 8450.43 8691.81 8723.3 8724.48 8716.35 8705.9 8723.53 8751.09 8775.86 8799.39 8827.91 8863.65 9029.2 9388.01 9826.24 10016.8 10230 10445.7 10655.4 10806.1 10567.7 10383.4 10269.2 10301.3 10362.7 10427.2 10423.5 10430.3 10411.9 10334.2 10297.1 10274.7
10097.3 10128.7 10178.3 10177.9 10224.4 10188.6 10120.9 10114.5 10162.7 10271.3 10381.1 10469.5 10392.7 10357.9 10414.6 10300.4 10057 9736.87 9494.41 9260.78 9011.99 8743.23 8656.8 8610.51 8585.52 8572.38 8567.35 8574.69 8583.49 8608.89 8720.71 8724.21 8311.08 8150.28 8145.78 8328.75 8682.54 8709.64 8703.99 8707.56 8705.1 8717 8746.37 8762.88 8776.85 8799.49 8842.13 8988.56 9229.49 9570.63 9881.37 10124.7 10339.8 10523.6 10593.9 10560.5 10398.4 10266.2 10268.2 10364.6 10465.2 10487.2 10448.4 10372.1 10314 10292.9 10282.3
10094.3 10110.5 10192.2 10172.8 10217.2 10163.5 10105.4 10084.4 10174.2 10266.8 10347.3 10390.2 10374.7 10376 10500.2 10267.2 9955.46 9667.6 9438.1 9267.01 9117.92 8959.39 8710.34 8598.34 8571.67 8567.84 8568.34 8569.32 8572 8587.34 8681.99 8769.05 8477.65 8215.03 8172.93 8460.04 8531.86 8643.53 8691.17 8709.35 8715.93 8725.61 8746.53 8763.23 8783.83 8816.17 8874.53 9009.73 9231.53 9504.32 9764.86 10007.2 10222.6 10384.2 10455 10458 10413.6 10234.5 10254.1 10353.4 10463.3 10496.3 10477.2 10431 10327 10252.5 10228.7
10105 10079.4 10097.1 10160.8 10191.3 10154 10105 10103.6 10167 10244.4 10323.8 10384.2 10390.8 10386.1 10492.8 10162.5 9838.99 9577.65 9407.16 9308.99 9217.32 9119.43 8830.13 8628.16 8566.2 8558.74 8557.87 8558.02 8562.44 8580.69 8666.95 8792.68 8758.55 8533.87 8460.38 8425.11 8499.77 8606.8 8661.76 8694.11 8714.28 8725.94 8739 8750.75 8780.7 8833.19 8928.84 9060.16 9215.78 9476.63 9701.38 9918.26 10126.8 10308.9 10454.2 10570.9 10367.7 10237.9 10268 10332.7 10381.9 10439.5 10436.4 10391.8 10284.7 10266.9 10243.1
10071.6 10068.5 10086.5 10143.7 10148.9 10123.9 10096 10186.9 10222 10279.4 10310.6 10340.9 10376.2 10365.8 10473.5 10148.9 9776.12 9583.46 9438.21 9349.26 9258.85 9056.73 8810.2 8599.33 8568.75 8552.62 8543.83 8544.98 8553.92 8582.36 8673 8779.45 8799.62 8688.86 8549.28 8520.76 8651.07 8666.1 8687.85 8702.99 8709.05 8704.5 8725.13 8746.36 8775 8829.58 8937.84 9099.85 9309.27 9467.47 9664.59 9877.99 10075 10264.4 10415 10446.3 10383.1 10309.9 10354.8 10330.9 10341.7 10356 10362.1 10319.7 10269.5 10246 10237
10050.3 10055.4 10085 10104.7 10155 10105.5 10168.6 10224.7 10255.5 10322.8 10408.3 10434.5 10431.7 10418.5 10488.2 10183.8 9823.56 9624.51 9478.24 9363.38 9272.86 9031.98 8764.02 8650 8578.49 8557.17 8542.56 8539.03 8542.71 8557.23 8637.37 8754.59 8876.39 8778.81 8664.58 8665.49 8716.99 8704.05 8691.64 8687.76 8690.08 8691.21 8708.37 8727.23 8757.6 8791.02 8862.97 9070.1 9271.16 9437.53 9625 9825.3 10026.1 10227.2 10404.1 10436.1 10400.5 10343.5 10317.3 10313.4 10321 10342.2 10339.3 10290.4 10223.4 10212.8 10218.2
10057.3 10081.3 10115.9 10121.5 10128.9 10129.8 10128 10154.1 10220.7 10288.5 10431.2 10485.3 10495.6 10569.3 10494.9 10119.6 9833.15 9641.76 9482.39 9363.39 9229.74 9025.37 8747.73 8667.81 8611.8 8573.66 8547.94 8542.54 8546.78 8535.51 8566.08 8679.79 8792.47 8834.01 8916.67 8842.09 8767.12 8718 8690.36 8677.64 8669.3 8662.41 8686.75 8713.05 8750.19 8797.11 8885.31 9060.53 9209.66 9410.75 9620.43 9814.17 10005.3 10184 10324.1 10333.7 10324.7 10357.6 10329.8 10309.3 10313.3 10344.7 10314.3 10262.5 10216.4 10200.8 10212.7
10067.6 10087.6 10110.9 10108.3 10122.2 10136.7 10153.8 10160.7 10240 10310.7 10290.4 10402.6 10512.4 10574.9 10421.3 10009.1 9804.03 9649.09 9497.31 9385.7 9267.91 9084.48 8795.92 8701.84 8638.69 8593.29 8567.72 8555.3 8547.08 8536.21 8529.4 8595.96 8682.19 8738.51 8763.24 8736.68 8711.26 8672.95 8652.24 8644.62 8640.87 8632.38 8655.56 8699.44 8748.01 8817.8 8927.31 9065.65 9258.67 9403.2 9578.03 9767.91 9957.28 10125.8 10253.4 10300.2 10314.4 10411.6 10390.6 10305.4 10298.6 10292.6 10292.1 10263.1 10218.2 10218.8 10218.5
10054.8 10086.2 10109.6 10118.2 10119.6 10134.2 10140.4 10220.6 10251.3 10293.4 10266.9 10363.7 10511.7 10647.5 10329.2 9919.79 9775.3 9677.87 9583.97 9429.43 9289.1 9099.64 8858.37 8743.65 8683.09 8617.75 8583.54 8562.6 8535.67 8524.96 8505.77 8534.8 8560.06 8591.54 8624.03 8615.05 8620.43 8628.68 8626.6 8621.14 8618.64 8606.36 8636 8689.25 8751.67 8809.8 8926.15 9102.44 9245.58 9404.53 9576.76 9753.11 9908.1 10068.9 10204.9 10305.5 10322.3 10405.4 10388.6 10375.7 10316.8 10294.6 10318.4 10274.1 10217.4 10209.9 10225.6
10047.1 10067.6 10099.9 10082.9 10102.4 10183.9 10190.9 10194.1 10231.2 10235.1 10205.5 10332.1 10495.7 10614.5 10377.7 9940.88 9794.19 9713.17 9590.98 9434.03 9271.65 9089.78 8889.18 8804.2 8724.21 8651.68 8600.62 8563.64 8536.67 8524.94 8516.15 8505.99 8495.83 8496.43 8510.85 8517.64 8545.75 8572.73 8593.19 8599.89 8600.83 8581.32 8616.44 8691.69 8775.76 8870.53 8975.08 9093.31 9223.73 9407.5 9583.88 9759.01 9918.38 10063.8 10196.2 10314.6 10340.5 10452.7 10448.1 10331.7 10326.9 10320.7 10295 10267.2 10228.8 10223.6 10241.2
10044 10062.2 10062.7 10110.6 10157.9 10190.7 10182.7 10225.9 10214.8 10197.9 10205.9 10289.7 10400.8 10478.1 10340.4 10030.7 9849.74 9788.64 9711.39 9483.08 9194.91 9068.53 8930.46 8812.03 8756.25 8661.95 8610.09 8574.28 8537.22 8522.98 8512.19 8496.18 8478.84 8467.52 8470.01 8463.86 8504.43 8537.75 8561.7 8578.44 8587.28 8564.66 8611.79 8707.63 8822.75 8933.14 9056.61 9170.74 9318.79 9457.69 9612.85 9777.49 9939.86 10083.7 10211.7 10304.8 10357.7 10534.3 10461.4 10345.6 10350.4 10369.3 10315.5 10250.6 10243.9 10250.8 10259.6
10048.9 10076.4 10101.2 10111.6 10133.4 10155.4 10159.1 10217.1 10216.7 10185.5 10183.9 10229.3 10279.6 10305.6 10272 10018.4 9945.2 9903.66 9816.62 9590.22 9341.82 9175.28 8938.16 8825.19 8757.58 8668.44 8622.51 8582.35 8538.64 8519.17 8509.29 8498.42 8487.45 8483.51 8478.26 8478.48 8495.11 8523.53 8551.55 8571.93 8536.35 8556.74 8596.25 8729.81 8889.85 9024.95 9115.62 9241.99 9366.61 9496.49 9642.84 9801.54 9965.78 10119.9 10257.8 10345.5 10358.6 10407.2 10434 10395.8 10379 10378.9 10253.1 10229.6 10261.8 10270.1 10275.6
10093.7 10103.4 10110.5 10128.4 10119.8 10127.7 10147.3 10210.2 10215.3 10212.9 10205.7 10203.9 10203.2 10178.7 10189.7 10240.5 10159.4 10035.3 9881.5 9657.37 9417.27 9276.85 9077.95 8868.19 8791.69 8756.05 8682.39 8576.55 8543.12 8531.23 8516.5 8507.22 8496.73 8489.03 8481.88 8486.07 8509.3 8537.41 8564.86 8546.88 8564.97 8577.81 8630.46 8763.93 8957.91 9180.64 9152.54 9163.05 9327.09 9498.04 9664.42 9834.31 9998.26 10159.8 10298 10358.6 10258 10332.2 10437.7 10427 10374.3 10320.5 10245.1 10232.8 10265.7 10302.1 10273
10116.1 10114.8 10116.9 10121.3 10126.5 10134.1 10132.4 10150 10190.1 10227.5 10212.6 10181.2 10159.4 10151.6 10161.7 10278 10292.5 10151.8 9982.38 9797.5 9665.59 9467.84 9339.94 9083.68 8971.52 8943.37 8769.96 8600.16 8557.39 8545.7 8532.48 8521.66 8508.86 8494.39 8491.37 8511.9 8539.2 8574.26 8599.29 8622.66 8630.83 8633.92 8681.3 8782.97 8929.58 9057.67 9121.17 9159.63 9331.33 9519.25 9700.33 9872.1 10028.1 10174 10298.9 10355 10282.3 10417 10532.1 10450.4 10348.7 10252.7 10213.3 10233.2 10256.2 10252.7 10218.4
10134.7 10138.8 10130.4 10129.2 10124.7 10139.4 10148.4 10150.4 10171.5 10200.5 10188.5 10163.1 10140.2 10127.5 10166.9 10234.7 10280.3 10235.7 10184.5 10146.2 9928.18 9686.21 9405.43 9225.81 9188.41 9002.09 8814.83 8684.86 8610.97 8582.08 8562.57 8546.26 8531.9 8513.41 8515.2 8542.04 8569.14 8604.2 8640.31 8685.66 8714.75 8726.85 8721.11 8808.1 8912.35 9004.77 9122.02 9209.81 9442.72 9617.55 9786.44 9932.71 10065.8 10182.1 10250.7 10273.3 10330.2 10486.9 10547.5 10441.8 10316.2 10228.2 10197.4 10223.2 10259.9 10212.1 10183.4
10152.6 10160.6 10141 10126.4 10095.9 10112.3 10116.6 10147.7 10154 10208.8 10168.4 10153 10135 10108.4 10131.7 10195.7 10255.2 10261.5 10271.3 10266.4 10191.7 9933.03 9674.55 9474.42 9437.64 9149.66 8895.79 8764.91 8655.13 8619.03 8608.1 8603.93 8580.23 8550.53 8574.67 8595.46 8607.53 8645.89 8694.36 8749.04 8803.87 8845.95 8879.26 8951.87 9012.49 9145.45 9338.2 9545.59 9713.23 9835.15 9936.29 10020.4 10113.7 10202 10282.8 10322.1 10348.6 10478.9 10535.7 10428.6 10274.7 10167.6 10166.9 10196.5 10216 10205.3 10184.9
10156 10162.1 10142.2 10127.4 10106 10089.8 10114.7 10123.4 10150.6 10170.8 10175.6 10160.4 10147.6 10133.9 10108.5 10131.7 10255.9 10237.5 10233.9 10208.4 10228.1 10094.4 9981.33 9842.81 9607.47 9278.03 8997.18 8946.18 8889.88 8701.25 8690.3 8686.35 8672.48 8688.87 8712.82 8674.73 8659.09 8688.09 8750.8 8815.25 8875.82 8958.54 9091.52 9209.85 9209.22 9405.51 9765.66 10012.1 10049.9 10073.1 10088.8 10132.1 10175 10226.8 10287.6 10349.6 10423.6 10391.9 10392.5 10342.1 10227.9 10122.5 10153.1 10190.1 10187.1 10184.6 10173.3
10145.8 10167.1 10136.4 10119.4 10121.3 10090.6 10136.6 10137.2 10150.4 10172.1 10167.4 10175.4 10172.3 10165.2 10144.9 10141 10152.3 10193.6 10205.2 10202.1 10208.5 10126.5 10096 10172.1 9889.01 9488.74 9146.14 9128.83 9053.69 8894.56 8799.96 8781.81 8787.61 8775.22 8777.59 8728.91 8717.97 8753.35 8806.21 8881.13 8948.06 9042.52 9184.3 9350.41 9461.77 9787.15 10187.5 10364.7 10271.7 10209.1 10202.5 10193.8 10201.4 10230.5 10254.7 10295.2 10327.2 10305.6 10302.9 10328.8 10213.4 10136.9 10164 10204.3 10190.4 10173.8 10162
10134.9 10126.5 10128.4 10118 10152.5 10095.5 10148.8 10133.2 10110.8 10143.4 10188.5 10199 10188.9 10188.7 10193.6 10204.2 10186.9 10188.6 10214.2 10245.2 10227.3 10118.9 10100.9 10153.5 10088.1 9753.76 9324.47 9205.82 9130.5 8925.13 8913.37 8907.77 8902.48 8879.6 8834.38 8798.9 8790.97 8874.87 8940.76 8996.9 9059.27 9114.8 9147.1 9194.6 9581.18 10036.9 10541.6 10474 10403.6 10357.1 10297.5 10268.1 10251 10250.1 10261.6 10258.7 10260.2 10284.9 10298 10241.1 10182.3 10153.1 10169.1 10190 10182.9 10184.3 10185.1
10134.5 10137.3 10143.1 10147.8 10152 10150.8 10174.1 10134 10102.4 10102 10179.3 10208.8 10184.6 10173.6 10230.3 10247.4 10198.3 10183.2 10213.8 10270.6 10248 10153.2 10123.1 10157.5 10150.1 9969.32 9603.08 9378.1 9141.81 9060.54 9084.63 9085.95 9049.45 8977.7 8927.99 8939.37 8985.63 9033.59 9104.53 9187.6 9243.25 9269.56 9246.28 9224.88 9607.48 10060.5 10364 10415.6 10401.3 10372.2 10335.1 10306.7 10281.9 10263.3 10259.9 10290.1 10285 10236.6 10218.5 10177.4 10159.3 10156.9 10166 10162.5 10183 10216.6 10232.2
10141.4 10156.7 10160.8 10157.8 10156.3 10163.7 10168.5 10144.4 10110 10123.1 10176.5 10201 10162.6 10144.2 10193 10185.3 10178 10164.5 10167.7 10245.1 10288 10255.1 10179.6 10110.5 10157.6 10216.7 9951.45 9756.8 9480.79 9358.95 9320.06 9293.1 9248.32 9173.9 9125.61 9101.34 9107.49 9196.13 9306.2 9396.63 9467.19 9510.73 9551.6 9616.53 9709.7 10118.5 10401.1 10405.7 10377.7 10347.2 10318.5 10287 10259.8 10246.4 10255.7 10260.3 10240.8 10220 10217.9 10178.8 10175.3 10172.9 10173.4 10175.3 10193.2 10215.8 10215.8
10162.1 10176.2 10194.5 10195.6 10181.6 10183.8 10188.9 10181.6 10155.7 10137.1 10143.5 10145 10145.7 10140.6 10165.3 10192.4 10182.8 10160.5 10151.5 10210 10258.2 10252.2 10214.6 10162.2 10219.6 10377.3 10287.1 10127.6 9918.58 9706.93 9604.03 9548.37 9493.31 9455.82 9334.28 9297.75 9270.18 9419.5 9562.76 9653.75 9712.53 9781.15 9900.17 10140.2 10157.7 10237.2 10349.8 10352.5 10339.9 10314.2 10282.3 10256.1 10237.3 10215.5 10209.4 10214.8 10219 10230.7 10212.6 10191.4 10199.2 10189.3 10180.5 10177.1 10185.7 10197.2 10193.1
10189.6 10175.7 10203 10205 10203.6 10191.4 10178.8 10153.9 10121.6 10125.9 10138.5 10145.5 10163.2 10160.5 10157.4 10168.9 10200.7 10177.5 10138.6 10198.4 10205.8 10239.9 10226 10249.3 10325.2 10343.4 10207.4 10255.1 10193.3 10001.6 9883.78 9798.01 9671.56 9514.09 9538.59 9630.83 9686.38 9781.73 9853.6 9899.56 9938.46 10001.4 10094 10210.6 10288.2 10269.2 10279.3 10297.2 10287.9 10280.8 10261.9 10243.1 10221.5 10198.1 10195.7 10221 10221.1 10218 10223.1 10181.6 10169 10173.7 10173.1 10166.7 10158.1 10174.7 10170.5
10171.7 10187.1 10211 10186.7 10210.4 10181.1 10156.9 10144.3 10138.2 10141.2 10151.4 10186.2 10177.6 10169.7 10160.8 10160.3 10185 10188.3 10153.9 10151.8 10181 10186.6 10207.8 10225.6 10251.4 10337.9 10185 10148.1 10106.4 10115.1 10100.9 10062.5 9990.77 9861.63 9962.97 10092.2 10213 10248.4 10132.9 10085.7 10101 10129.6 10165.1 10188 10224.6 10254.7 10303.1 10281.7 10270.4 10258.8 10239.7 10221.9 10205.5 10198.7 10198.1 10204.9 10211.2 10213.1 10214.5 10190.4 10150.8 10153.3 10152.3 10145.9 10134.9 10140.7 10146.7
10188.9 10182 10167.6 10160.5 10145.1 10141.8 10153 10152.7 10150.8 10145.5 10152.6 10162.6 10184.6 10192.8 10179.5 10165 10155.4 10151.2 10146 10155.2 10173.5 10163.5 10179.8 10187.3 10201.4 10242 10249.5 10343.8 10387.5 10298.9 10287.1 10318.2 10416.2 10415.3 10360.1 10405 10463.2 10427.7 10291.1 10212.9 10177.5 10200.2 10194.9 10188.5 10219.3 10246.8 10264.8 10271.9 10260.6 10244.9 10227.8 10210.7 10195.5 10179.7 10186.4 10192 10207.1 10222.1 10209.7 10165.7 10146.3 10135.7 10128.7 10112.5 10101.1 10107.8 10107.9
10191.1 10136.4 10096.4 10121.1 10134.2 10136.7 10154.1 10165 10147.6 10135.5 10147.3 10169.9 10198.9 10209.1 10188.4 10184.5 10177.5 10153.4 10154.1 10164.4 10207.6 10178 10163.9 10158.6 10163.9 10207.9 10240.1 10339.2 10406.2 10399.7 10390 10418.3 10467.2 10413.2 10398.7 10379.2 10375.6 10319.8 10287.6 10249.8 10232.6 10222.7 10231.6 10229.6 10251.6 10262.9 10275.8 10266.3 10253.8 10230.5 10210.5 10193.2 10182.5 10177.5 10175.8 10175 10189.8 10203.8 10187.9 10142.3 10117.6 10120.1 10123.2 10111 10091.9 10093.1 10086.9
10072.5 10077.3 10078 10113.3 10129.6 10139.9 10138.1 10154.3 10134.6 10141 10152.7 10129.2 10135.2 10144.6 10168.2 10182 10180.8 10161.4 10151.7 10173.2 10223 10209 10162.9 10139.8 10135.7 10227.5 10269.1 10292.7 10351.9 10390.5 10385.2 10389.5 10394.7 10401.3 10372.3 10363.6 10322.8 10296 10281.8 10258.8 10242.1 10233.5 10250 10276.7 10298.7 10291 10286.1 10253 10229.7 10214.8 10199.9 10189 10175.9 10160 10172.3 10173.4 10149.3 10129.8 10099.9 10090.9 10095.2 10102.4 10103.5 10098.5 10085.5 10076.5 10070.4
10067.2 10064.8 10077.6 10118.8 10141.3 10159.3 10179.6 10152.3 10170.2 10232.2 10194.2 10139.3 10112 10114.6 10149 10176.8 10176.8 10173.2 10160 10168.8 10193.6 10163.8 10142.5 10126.8 10121.4 10183.6 10275 10314.3 10318.1 10317.1 10298.5 10301.6 10335.2 10310.5 10279.7 10264.6 10256.2 10263.3 10256.7 10248.6 10242.6 10232.7 10234 10234 10222.6 10244.7 10229.3 10228 10217.8 10210.4 10196.4 10181 10168.6 10150 10135.4 10125.8 10110.2 10085.2 10079.6 10077 10082.9 10088 10082.4 10086.4 10089.1 10066.6 10086.3
10080.1 10070.6 10081.2 10120.3 10135.8 10161.4 10167.8 10122.5 10130.5 10215.7 10179.3 10134.6 10110.5 10117.8 10148.6 10180.3 10203.6 10199.8 10180.1 10157.3 10137.3 10130.5 10134.8 10131.2 10127 10163.6 10224.6 10250.5 10217.2 10188.1 10187.8 10182.5 10145.5 10174.7 10181.8 10152.2 10185.9 10226.9 10214.2 10211.9 10218.3 10220.2 10221.7 10221.6 10209.7 10188 10199.4 10202 10198.5 10195.8 10186 10174.9 10165.6 10152.4 10113.8 10103 10109.9 10093.5 10071.3 10071 10073.5 10073.5 10067.6 10082 10105.8 10110.9 10099.4
10080.7 10068.1 10061.6 10088 10107 10118.7 10135.2 10131.9 10091.1 10068.3 10107.2 10115.3 10124.2 10134.5 10147.1 10167 10192.8 10192.6 10166.2 10162.2 10151.7 10147.1 10147.2 10145.4 10146.7 10166.7 10172.2 10124.3 10131.4 10144.6 10155.1 10157.7 10151.8 10155.8 10156.8 10149.3 10150.9 10139.4 10153.3 10175.6 10186.9 10194.1 10191.8 10183.8 10187.2 10187.9 10189.1 10185.5 10176.4 10169 10166 10161.3 10156.5 10145.2 10125.5 10114.1 10113.5 10100.6 10082.6 10082.7 10086.7 10073 10062.5 10073 10089.1 10114.9 10123.2
