real_craters/C164-300m.grd
DSAA
400 400
-59.885 59.885
-59.885 59.885
2855.003975658 4904.135973749
[rows 90 to 119 of 400, columns 134 to 200 of 400]
4198.27 4200.87 4202.47 4202.35 4202.1 4201.43 4200.68 4199.66 4199.38 4197.69 4196.89 4195.87 4194.72 4194.3 4193.75 4193.53 4193.88 4193.17 4191.61 4189.67 4186.84 4184.94 4183.65 4182.98 4183.24 4183.68 4180.97 4177.89 4175.11 4172.42 4171.24 4172.23 4173.26 4173.24 4171.75 4168.42 4169.49 4170.07 4168.86 4166.05 4163.94 4164.77 4166.25 4167.55 4168.3 4168.41 4167.27 4164.05 4164.06 4168.81 4170.29 4170.39 4168.96 4168.39 4167.15 4165.4 4163.43 4163.61 4167.23 4171.79 4176.83 4182.42 4188.7 4196.64 4198.92 4197.25 4196.65
4192.43 4195.27 4197.32 4197.77 4198.18 4198.17 4197.69 4197.15 4196.44 4195.65 4194.69 4193.85 4193.21 4192.76 4192.31 4191.46 4190.68 4188.65 4186.93 4187.38 4186.06 4185.01 4184.13 4183.23 4182.08 4179.28 4177.97 4177.9 4176.98 4176.39 4177.51 4176.39 4174.38 4173.21 4171.95 4170.48 4170.92 4171.57 4168.12 4165.17 4164.37 4165.43 4167 4168.5 4169.49 4169.91 4169.32 4167.98 4171.21 4178.77 4178.44 4178.66 4177.24 4172.42 4168.19 4163.69 4159.16 4158.51 4163.53 4169.24 4174.89 4180.42 4185.81 4191.28 4195.09 4198.24 4198.15
4190.87 4191.84 4193.14 4194.14 4194.84 4195.18 4195.23 4194.95 4194.55 4194.4 4193.13 4192.41 4191.49 4190.73 4189.91 4189 4188.02 4187.19 4187.1 4186.34 4185.18 4184.82 4184.56 4183.96 4182.92 4180.98 4180.12 4179.81 4179.35 4178.76 4178.53 4177.21 4175.52 4174.54 4174.34 4174.67 4173.19 4172.05 4169.44 4164.75 4164.49 4167.01 4168.88 4170.23 4171.64 4172.94 4174.44 4176.34 4180.08 4184.8 4183.66 4182.16 4180.2 4176.23 4170.59 4164.63 4159.16 4157.42 4161.95 4167.56 4173.28 4178.28 4182.16 4183.91 4188.79 4191.54 4191.6
4190.16 4189.32 4189.98 4191.14 4192.02 4192.67 4193.03 4193 4192.84 4192.93 4192.19 4191.49 4190.58 4188.65 4187.69 4186.92 4185.78 4185.63 4186.44 4184.62 4184.17 4184.96 4185.68 4185.88 4185.63 4184.92 4184.07 4183.18 4182.09 4180.54 4178.88 4177.33 4175.87 4175.72 4176.27 4177.38 4174.86 4172.54 4173.5 4172.04 4170.12 4170.33 4171.72 4173.35 4175.42 4177.37 4179.92 4183.83 4187.62 4183.33 4188.68 4191.48 4187.82 4181.18 4174.09 4167.48 4161.78 4159.03 4163.01 4167.63 4172.6 4177.17 4180.66 4183.6 4184.7 4184.75 4183.22
4186.59 4185.9 4185.63 4186.42 4187.47 4188.21 4188.77 4188.77 4188.87 4189.31 4188.91 4188.5 4188.19 4187.37 4186.34 4184.81 4183.02 4181.37 4178.77 4180.65 4183.33 4185.34 4187.34 4188.68 4189.42 4189.05 4187.85 4187.65 4185.95 4182.84 4178.61 4174.88 4175.79 4176.46 4176.76 4176.61 4176.09 4176.72 4177.36 4176.8 4174.8 4174.17 4175.07 4176.58 4178.55 4180.9 4183.94 4187.45 4190.04 4190.24 4194.57 4201.13 4194.59 4185.24 4177.22 4170.79 4166.56 4166.4 4166.12 4168.62 4172.89 4177.5 4180.87 4181.74 4182.63 4181.88 4182.57
4179.49 4181.21 4181.37 4182.48 4183.29 4184.12 4184.79 4184.66 4184.93 4186.03 4186.13 4185.99 4185.76 4185.67 4184.82 4183.48 4181.68 4178.9 4176.63 4179.24 4183.5 4186.49 4189.65 4192.33 4194.44 4195.54 4194.99 4194.46 4191.34 4186.75 4181.22 4176.84 4177.64 4178.03 4177.76 4176.76 4176.59 4175.73 4176.75 4174.89 4175.73 4176.69 4177.76 4179.47 4181.47 4183.85 4186.6 4189.23 4190.58 4193.18 4196.5 4197.48 4193.42 4186.16 4178.85 4172.67 4168.5 4166.97 4166.24 4168.68 4173.11 4178.47 4183.79 4185.16 4182.14 4178.72 4174.26
4173.67 4176.04 4177.28 4178.61 4178.7 4179.43 4180.05 4180.62 4181.06 4182.71 4183.34 4183.57 4183.76 4183.97 4183.53 4183.02 4181.68 4179.93 4178.88 4181.18 4185.35 4188.76 4192.62 4196.41 4200.01 4203.81 4207.62 4203.16 4197.22 4191.71 4187.17 4184.38 4181.71 4180.04 4180.3 4179.76 4177.66 4176.84 4176.53 4176.51 4177.52 4178.73 4179.97 4181.33 4183.15 4185.67 4188.38 4191.53 4195.74 4198.61 4199.19 4196.16 4191.17 4185.32 4179.14 4173.21 4167.53 4161.93 4163.33 4167.86 4172.67 4178.14 4184.93 4186.37 4180.39 4176.6 4177.43
4171.29 4173.47 4174.79 4176.23 4176.58 4177.51 4178.34 4179.08 4179.78 4181.64 4181.85 4182.98 4183.21 4183.03 4183.25 4183.2 4182.98 4182.95 4183.06 4185.22 4188.6 4191.86 4195.89 4200.05 4204.36 4208.83 4211.78 4207.81 4201.32 4195.33 4191.08 4189.86 4183.48 4179.46 4179.08 4178.68 4177.56 4177.76 4178.72 4180.56 4180.32 4180.92 4182.08 4183.49 4185.23 4187.09 4189.58 4192.59 4196.21 4202.3 4202.03 4193.26 4188.45 4184.11 4179.28 4174.29 4168.77 4163.83 4164.49 4168.22 4171.52 4174.73 4178.35 4179 4174.99 4170.83 4166.86
4172.03 4172.13 4173.82 4175.01 4175.32 4176.27 4177.2 4178.32 4179.22 4179.84 4180.63 4181.52 4182.24 4183.16 4184.11 4184.67 4185.28 4185.91 4187.54 4189.85 4192.08 4195.17 4199.11 4203.17 4207.1 4210.36 4211.89 4208.83 4203 4196.39 4189.93 4183.18 4178.56 4175.79 4173.17 4174.28 4175.99 4177.75 4179.33 4181.34 4181.96 4183.19 4184.19 4185.51 4187.21 4188.84 4190.36 4192.26 4194.01 4199.25 4199.08 4188.94 4186.32 4183.74 4180.36 4176.56 4172.77 4169.27 4168.94 4170.69 4171.36 4171 4168.57 4169.56 4169.51 4166.31 4160.72
4173.8 4173.62 4174.17 4175.12 4175.69 4176.77 4177.86 4178.96 4179.66 4180 4181.24 4182.33 4183.21 4184.11 4185.75 4186.94 4187.76 4188.81 4189.71 4190.96 4194.74 4198.19 4201.89 4205.54 4208.87 4211.26 4211.09 4208.57 4203.77 4196.65 4188.12 4178.47 4174.66 4174.13 4171.59 4173.31 4175.18 4176.05 4176.12 4179.78 4182.65 4184.16 4185.61 4186.54 4187.78 4189.06 4190.46 4191.87 4193.98 4195.86 4191.41 4186.95 4186.16 4184.39 4181.95 4179.35 4177.37 4176.75 4176.91 4174.92 4173.12 4170.92 4168.19 4168.2 4168.28 4166.79 4164.9
4175.36 4174.55 4174.66 4175.38 4175.42 4176.43 4177.53 4178.66 4180.16 4181.15 4182.49 4183.45 4184.74 4185.98 4187.01 4188.34 4190.65 4191.77 4193.2 4195.28 4198.27 4201.29 4204.48 4207.53 4210.22 4212.44 4213.89 4212.26 4205 4197.42 4189.34 4181.67 4177.75 4177.36 4178.02 4176.78 4176.59 4177.04 4177.97 4180.57 4183.25 4184.45 4185.38 4186.48 4188.08 4189.29 4190.19 4190.92 4191.72 4191.27 4190.41 4190.27 4188.34 4186.32 4183.91 4181.83 4180.73 4180.99 4181.14 4178.09 4175.98 4174.09 4171.87 4171.49 4171.06 4170.18 4169.81
4175.73 4174.89 4174.87 4175.5 4176.52 4177.28 4178.57 4179.93 4181.44 4182.87 4184.01 4185.29 4186.74 4187.98 4189.97 4191.63 4193.16 4195.12 4197.65 4199.56 4202.31 4204.3 4206.67 4208.97 4210.88 4212.39 4213.15 4210.46 4205.18 4198.7 4192.08 4185.29 4180.43 4181.04 4183.98 4179.6 4178.61 4178.82 4181.02 4183.87 4184.81 4185.67 4186.54 4187.77 4188.66 4189.48 4189.89 4190.19 4189.56 4188.42 4191.6 4193.26 4191.53 4189.22 4186.52 4184.08 4182.17 4180.77 4180.02 4179.21 4179.63 4179.97 4178.63 4177.79 4176.07 4174.15 4172.14
4174.63 4174.16 4174.05 4174.54 4175.45 4176.36 4177.71 4179.2 4180.77 4182.44 4183.29 4185.69 4187.55 4189.6 4191.29 4193.43 4195.78 4197.99 4201.49 4205.58 4205.91 4207.01 4208.48 4210 4211.25 4211.58 4211.16 4208.61 4204.86 4199.82 4195.35 4192.96 4192.64 4183.76 4176.25 4180.47 4181.01 4180.55 4180.94 4185.42 4185.85 4186.04 4186.46 4187.47 4188.28 4189.11 4189.84 4190.39 4190.5 4189.68 4195.04 4196.93 4194.96 4191.89 4188.82 4185.79 4182.66 4179.46 4176.23 4179.42 4183.56 4187.16 4188.79 4185.4 4182.07 4178.67 4174.51
4174.2 4173.63 4173.56 4174 4174.84 4175.71 4177.06 4178.6 4180.92 4182.8 4184.34 4185.93 4188.11 4190.48 4193.13 4195.83 4198.34 4201.02 4203.8 4203.69 4206.75 4209.34 4210.13 4210.76 4211.03 4210.76 4210.4 4210.15 4204.36 4199.87 4196.57 4195 4193.76 4189.4 4187.05 4185.11 4185.11 4184.47 4183.34 4186.47 4186.62 4186.74 4187.3 4187.48 4188.24 4189.12 4191.04 4191.74 4193.9 4198.56 4202.73 4202.27 4197.86 4194.59 4191.46 4188.01 4184.69 4180.86 4177.52 4182.1 4188.19 4192.57 4194.18 4191.71 4188.08 4184.13 4180.28
4173.46 4173.13 4173 4173.54 4174.44 4176.56 4178.13 4179.89 4181.88 4183.93 4185.45 4187.37 4189.76 4192.23 4194.13 4197.32 4200.6 4203.92 4207.32 4209.57 4211.64 4212.06 4211.4 4211.05 4210.52 4209.47 4207.41 4203.18 4201.04 4198.64 4195.61 4192.05 4187.79 4189.76 4190.68 4189.81 4189.97 4190.78 4189.84 4186.99 4186.44 4186.38 4186.48 4186.96 4188.03 4189.15 4190.7 4192.36 4195.02 4199.22 4200.74 4200.79 4199.16 4197.17 4194.39 4191.51 4188.55 4186.1 4185.47 4188.74 4193.96 4198.91 4199.9 4197.33 4193.65 4189.71 4185.85
4174.13 4174.45 4173.75 4174.62 4175.79 4178.11 4179.83 4181.69 4183.67 4185.5 4186.89 4189.15 4191.32 4193.89 4196.82 4199.49 4202.13 4205.74 4210.66 4215.84 4216.98 4214.06 4212.11 4211.13 4210.16 4208.45 4205.62 4200.85 4199.72 4198.2 4195.03 4190.93 4187.33 4189.16 4191.53 4192.45 4193.33 4194.42 4192.54 4186.72 4186.2 4185.91 4186.22 4186.81 4187.63 4188.4 4189.85 4191.67 4193.77 4193.35 4194.34 4197.17 4200.18 4199.53 4197.57 4195.22 4192.84 4191.57 4192.49 4194.81 4198.26 4203.56 4204.8 4201.98 4198.77 4195.1 4190.45
4174 4174.77 4173.83 4174.9 4176.23 4178.24 4180 4181.9 4183.91 4185.73 4187.45 4190.73 4192.57 4195.14 4197.78 4200.89 4203.62 4206.67 4210.21 4213.78 4214.52 4212.85 4211.39 4210.61 4209.74 4208.81 4207.17 4205.17 4203.2 4200.02 4196.3 4192.24 4188.83 4189.42 4192.42 4194.13 4194.81 4194.91 4192.43 4188.35 4186.17 4186.13 4186.86 4187.56 4188.16 4189.19 4190.47 4191.97 4194.27 4197.18 4200.56 4203.27 4203.9 4203.19 4201.32 4198.87 4196.51 4194.95 4195.77 4197.3 4198.97 4202.07 4204.76 4205.2 4203.83 4201.2 4197.46
4174.54 4174.38 4175.57 4176.97 4178.54 4180.24 4182.04 4183.92 4185.87 4188.18 4191.04 4193.24 4195.46 4197.8 4200.16 4201.31 4203.8 4206.05 4208.23 4208.5 4208.18 4209.59 4209.99 4210.07 4209.77 4209.54 4209.26 4209.82 4207.72 4202.74 4198.81 4195.37 4192.03 4193.48 4196.07 4196.12 4195.55 4194.99 4191.78 4186.5 4185.26 4186.13 4186.94 4187.73 4188.4 4189.19 4190.06 4192.13 4195.37 4200.57 4207.06 4208.7 4208.65 4207.14 4204.99 4202.46 4199.75 4196.87 4193.71 4192.86 4198.82 4202.44 4206.72 4209.01 4209.27 4208.16 4206.17
4174.1 4174.77 4176.16 4177.72 4179.43 4181.24 4183.61 4185.61 4187.65 4189.8 4192.38 4194.08 4196.59 4198.71 4200.68 4202.62 4204.56 4205.68 4206.9 4205.81 4204.46 4207.86 4209.72 4210.5 4210.65 4210.41 4210.08 4209.18 4206.76 4204.19 4201.55 4199.83 4200.02 4203.89 4201.54 4197.83 4194.79 4192.84 4190.43 4187.36 4186.55 4187.58 4188.22 4188.53 4189.01 4189.43 4190.18 4191.79 4194.94 4202.15 4213.71 4215.05 4213.79 4211.49 4209.14 4206.66 4203.94 4200.63 4196.51 4195.72 4203.63 4210.11 4212.79 4214.6 4215.43 4215.4 4214.61
4175.58 4174.56 4175.8 4177.25 4178.87 4180.63 4182.97 4184.98 4187.07 4189.3 4191.47 4193.36 4195.85 4198.04 4200.75 4203.11 4204.82 4206.19 4207.1 4207.19 4207.25 4209.31 4210.31 4210.89 4211.08 4210.86 4210.22 4208.51 4206.38 4204.91 4203.15 4202.72 4206.06 4213.02 4203.84 4197.84 4192.85 4188.42 4188.76 4190.08 4190.53 4190.62 4190.57 4190.55 4190.61 4190.54 4190.42 4190.83 4191.98 4196.67 4209.25 4217.05 4215.58 4214.31 4212.88 4211.43 4209.53 4207.26 4205.5 4205.87 4211.4 4216.84 4219.1 4220.77 4222.02 4222.56 4222.18
4176.93 4175.96 4177.37 4178.97 4180.7 4182.52 4184.75 4186.73 4188.76 4190.58 4192.66 4194.88 4196.95 4198.97 4201.45 4203.7 4205.28 4206.93 4208.23 4209.96 4212.46 4212.46 4211.9 4211.37 4211.4 4211.34 4210.77 4209.79 4208.35 4206.08 4203.45 4201.64 4200.89 4201.01 4199.67 4196.38 4192.34 4188.36 4190.14 4194.45 4196.24 4193.84 4192.55 4191.96 4191.68 4190.82 4190.35 4189.89 4189.64 4191.79 4207.47 4210.8 4214.29 4216.36 4216.65 4216.34 4215.67 4215.34 4216.3 4219.79 4220.15 4221 4224.48 4226.98 4228.77 4229.66 4229.68
4178.48 4177.41 4178.87 4180.47 4182.15 4183.9 4186.08 4187.97 4189.89 4191.8 4193.77 4196.05 4197.99 4199.93 4202.4 4203.65 4205.21 4206.97 4208.14 4210.68 4214.43 4213.22 4212.08 4211.65 4211.89 4211.94 4211.68 4211.27 4210.95 4207.07 4203.25 4199.33 4194.49 4191.16 4195.24 4195.8 4194.59 4193.13 4193.51 4195.12 4196.27 4195.71 4194.89 4194.05 4193.27 4192.81 4192.16 4191.62 4191.28 4194.18 4203.39 4211.41 4216.56 4219.25 4220.47 4221.33 4222.02 4223 4224.62 4227.19 4227.58 4228.89 4230.84 4233.47 4235.78 4237.16 4237.56
4176.72 4178.2 4179.8 4181.69 4183.43 4185.2 4187.84 4189.75 4191.66 4193.56 4195.94 4197.7 4199.62 4200.71 4202.39 4202.92 4204.55 4205.9 4207.56 4208.52 4207.61 4208.57 4211.04 4211.83 4212.58 4212.88 4212.57 4211.56 4209.92 4206.86 4203.64 4199.57 4193.95 4192.87 4195.93 4197.48 4198.33 4198.55 4197.26 4196.08 4196.31 4197.4 4197.53 4197.2 4196.83 4196.04 4195.47 4194.94 4195.01 4198.38 4206.85 4215.91 4221.44 4223.15 4224.92 4226.65 4228.45 4229.97 4231.02 4230.1 4229.49 4232.6 4237.25 4240.63 4243.15 4244.85 4245.61
4177.69 4179.27 4180.92 4183.5 4185.4 4187.33 4189.27 4191.2 4193.12 4195.01 4196.61 4197.96 4199.66 4200.07 4201.69 4203.25 4204.65 4206.11 4207.24 4207.42 4205.87 4207.53 4211.62 4212.47 4213.54 4214.17 4214.07 4212.63 4208.52 4207.3 4206.19 4203.29 4200.4 4200.34 4200.16 4200.32 4201.57 4202.34 4201.02 4200.57 4200.4 4200.39 4200.69 4200.75 4200.56 4199.96 4199.97 4199.62 4199.82 4202.92 4210.32 4217.97 4223.03 4225.96 4228.96 4231.92 4234.92 4237.6 4239.65 4239.27 4239.27 4241.67 4245.7 4248.69 4251.03 4252.87 4253.91
4178.44 4179.92 4181.5 4183.48 4185.75 4187.6 4189.47 4190.22 4191.97 4193.71 4195.41 4196.91 4198.6 4200.06 4201.69 4203.21 4204.87 4206.33 4207.55 4209.14 4211.47 4214.25 4213.96 4214.1 4215.42 4216.83 4217.62 4217.01 4214.5 4213.55 4211.67 4208.31 4206.24 4205.01 4203.09 4202.44 4202.85 4203.53 4203.58 4203.75 4204.2 4203.92 4203.76 4204.63 4204.9 4204.72 4204.84 4205.83 4208.15 4211.98 4217.29 4221.42 4224.18 4228.68 4233.01 4237.2 4241.34 4245.49 4250.08 4256.81 4260.95 4256.25 4255.97 4257.58 4259.31 4260.75 4261.65
4178.88 4180.15 4181.61 4183.46 4184.08 4185.66 4187.28 4188.95 4190.61 4192.27 4193.92 4197.62 4199.6 4201.02 4202.61 4204.04 4205.28 4206.83 4207.76 4209.83 4212.5 4214.22 4214.68 4215.47 4217.42 4219.67 4221.86 4224.16 4228.09 4227 4218.13 4211.6 4208.99 4204.52 4203.52 4204.59 4203.84 4204.59 4206.25 4206.68 4206.2 4206.63 4207.5 4208.28 4208.69 4209.24 4210.03 4211.72 4215.7 4220.89 4226.27 4230.25 4228.95 4232.02 4237.25 4242.32 4247.24 4251.89 4256.92 4262 4262.82 4263.49 4264.7 4265.99 4267.41 4268.44 4268.79
4180.25 4181.51 4182.88 4184.43 4185.22 4186.79 4188.4 4190.42 4192.09 4193.75 4195.38 4197.37 4199.08 4201.28 4201.92 4203.46 4204.85 4206.26 4207.62 4208.84 4210.36 4211.13 4213.76 4215.96 4218.86 4221.86 4225.06 4228.62 4232.64 4231.04 4221.09 4211.67 4204.71 4206.15 4208.64 4209.61 4209.86 4210.03 4210.61 4210.49 4210.24 4211.26 4212 4212.86 4213.76 4214.84 4215.6 4216.22 4217.42 4223.64 4231 4233.91 4231.18 4236.45 4242.86 4248.22 4252.63 4257.04 4261.4 4264.67 4265.49 4269.04 4271.95 4273.42 4274.7 4275.41 4275.38
4181.22 4182.66 4183.98 4185.56 4187.05 4188.72 4190.41 4192.12 4193.81 4195.49 4196.88 4197.87 4198.52 4201.49 4202.5 4203.86 4205.64 4206.68 4207.67 4208.53 4209.22 4209.99 4213.13 4216.21 4219.71 4223.61 4226.78 4229.76 4230.7 4227.56 4222.14 4213.62 4204.32 4209.59 4213.76 4216.29 4218.36 4217.72 4216.14 4215.05 4215.48 4216.5 4217.15 4217.9 4219.15 4220.4 4221.83 4222.96 4222.99 4229.53 4237.41 4240.95 4240.3 4245.36 4250.69 4254.52 4257.82 4261.56 4265.83 4270.46 4275.68 4277.1 4278.69 4279.78 4280.75 4281.31 4281.26
4181.15 4182.64 4184.37 4186.06 4187.95 4189.74 4191.54 4193.32 4194.2 4195.89 4197.53 4198.35 4199.15 4200.41 4201.91 4203.29 4205.78 4207.01 4208.27 4209.17 4209.43 4209.7 4213.44 4217.28 4221.1 4225 4228.62 4231 4231.09 4227.44 4226.92 4222.55 4217.71 4216.75 4219.45 4222.19 4225.66 4224.5 4221.39 4218.68 4217.49 4219.92 4221.54 4222.63 4224.48 4226.41 4229 4232.95 4238.44 4241.83 4247.36 4254.38 4257.51 4259.84 4259.98 4260.58 4262.3 4265.06 4268.85 4274.1 4280.55 4283.41 4284.95 4286.63 4287.8 4288.4 4287.53
4180.56 4182.01 4183.9 4185.56 4186.58 4188.29 4190.03 4191.78 4193.13 4194.84 4195.78 4197.22 4199.51 4200.52 4202.15 4203.71 4204.94 4206.64 4208.75 4210.11 4211.03 4211.76 4215.51 4219.25 4223.18 4227.19 4231.07 4234.1 4236.36 4238.03 4236.33 4233.95 4229.49 4222.88 4218.11 4226.33 4232.87 4230.13 4225.79 4221.76 4218.65 4224.59 4225.56 4226.84 4229.23 4232 4235.87 4240.06 4246.08 4250.9 4256.2 4261.07 4270.09 4270.7 4267.4 4265.61 4265.69 4267.24 4270.34 4274.99 4282.56 4286.52 4289.89 4292.14 4293.62 4294.35 4293.74
