real_craters/C165-1000m.grd
DSAA
70 70
-34.34 34.34
-34.34 34.34
7201.5041232868 9856.4163429246
[rows 0 to 29 of 70, columns 0 to 66 of 70]
8626.96 8596.06 8589.58 8588 8610.09 8639.01 8670.37 8653.54 8650.08 8687.13 8681.55 8662.79 8675.84 8673.42 8664.33 8658.66 8649.8 8637.43 8626.69 8628.35 8633.58 8619.18 8603.31 8606.85 8626.05 8634.4 8653.31 8675.31 8644.51 8632.02 8629.67 8631.54 8631.54 8616.61 8607.74 8599.27 8593 8587.33 8587.41 8591.02 8588.77 8573.61 8559.39 8570.19 8604.63 8571.61 8502.85 8511.7 8582.72 8597.89 8591.88 8564.1 8563.3 8557.81 8539.5 8511.36 8500.51 8499.99 8508.91 8511.51 8515.71 8519.39 8520.89 8505.2 8503.39 8494.11 8492.3
8615.99 8627.61 8604.47 8595.18 8595.54 8597.13 8626.36 8662.45 8673.76 8664.57 8673.57 8679.54 8673.93 8668.27 8671.68 8671.72 8677.03 8673.67 8653.37 8639.59 8641.05 8633.45 8630.46 8624.99 8644.12 8671.95 8684.22 8675.74 8641.51 8657.45 8657.57 8636.97 8626.53 8617.88 8612.71 8604.43 8597.77 8593.14 8590.49 8595 8590.44 8572.69 8560.65 8576.91 8601.95 8603.84 8603.39 8598.44 8583.97 8589.27 8581.14 8578.9 8570.34 8559 8546.67 8527.17 8522.94 8528.78 8523.76 8522.77 8521.81 8521.77 8512.43 8517.27 8513.11 8493.83 8502.34
8635.24 8602.82 8608.67 8626.71 8630.97 8630.18 8597.57 8602.62 8626.72 8637.22 8652.34 8681.08 8674.43 8675.02 8680.64 8679.41 8679.39 8675.88 8666.28 8657.45 8668.8 8658.38 8662.97 8671.72 8695.39 8692.23 8680.96 8671.79 8653.84 8676.1 8656.71 8636.51 8626.94 8623.48 8614.19 8608.04 8602.87 8599.16 8598.64 8598.87 8586.46 8572.47 8567.32 8569.01 8564.41 8596.55 8591.53 8588.81 8587.36 8592.88 8577.67 8578.25 8575.97 8570.92 8570 8581.62 8577.04 8555.93 8534.24 8531.89 8533.43 8534.2 8530.54 8518.52 8522.44 8519.78 8518.61
8649.44 8600.69 8608.06 8634.58 8631.26 8638.36 8597.45 8578.96 8607.74 8610.66 8607.68 8625.55 8653 8660.74 8666.51 8669.5 8670.79 8658.34 8645.94 8647.91 8646.31 8688.09 8692.28 8703.83 8689.1 8679.76 8673.9 8655.08 8682.22 8679.39 8675.75 8647.49 8634.81 8627.02 8613.9 8608.54 8604.33 8601.23 8599.14 8595 8575.22 8570.95 8568.79 8559.5 8554.41 8561.76 8578.13 8581.85 8576.48 8563.03 8573.43 8575.28 8578.14 8578.45 8574.1 8577.51 8574.87 8548.98 8536.57 8538.14 8542.8 8551.75 8546.21 8540.09 8542.73 8530.97 8529.67
8624.05 8606.28 8604.63 8610.45 8605.33 8604.78 8597.02 8586.28 8598.65 8598.33 8597.24 8617.1 8625.77 8633.96 8641.81 8647.92 8641.82 8630.61 8622.98 8631.42 8634.07 8645.35 8682.16 8710.22 8702.4 8698.6 8687.22 8668.67 8674.73 8687.05 8677.15 8656.4 8635 8615.39 8609.75 8609.92 8607.35 8603.42 8600.5 8592.65 8571.83 8572.75 8578.8 8585.76 8567.38 8556.59 8568.12 8569.37 8568.01 8566.57 8551.57 8579.37 8581.72 8585 8593.32 8578.71 8571.98 8555.43 8545.85 8544.23 8546.22 8550.17 8550.95 8549.74 8545.98 8538.65 8542.15
8606.49 8610.94 8608.3 8594.63 8588.25 8598.04 8601.79 8604.04 8574.66 8585.55 8581.73 8585.39 8591.97 8589.41 8607.1 8619.28 8634.86 8623.15 8631 8623.76 8602.69 8578.13 8594.76 8623.69 8667.87 8689.05 8708.33 8689.35 8675.29 8681.44 8677.82 8639.72 8627.76 8610.97 8618.75 8619.3 8613.29 8604.72 8598.5 8595.45 8582.44 8577.73 8576.06 8573.78 8566.59 8567.18 8569.75 8573.5 8564.6 8562.72 8567.46 8576.33 8565.29 8579.34 8582.25 8574.22 8562.14 8549.94 8544.83 8546.12 8545.89 8546.44 8543.56 8541.18 8548.94 8552.34 8561.96
8637.16 8615.82 8605.99 8607.55 8585.43 8575.54 8593.41 8598.82 8579.83 8559.76 8574.15 8571.76 8573.03 8569.88 8565.33 8561.09 8572.73 8587.41 8581.73 8602.97 8586.12 8565.15 8565.81 8582.09 8588.64 8608.39 8665.99 8677.79 8663.68 8644.45 8642.76 8663.38 8633.33 8663.18 8643.66 8633.02 8623.18 8613.84 8605.48 8595.45 8593.09 8586.23 8572.67 8563.92 8560.18 8576.81 8574.31 8565.61 8568.55 8548.95 8568.82 8571.77 8571.92 8581.78 8579.25 8567.55 8560.29 8554.12 8553.15 8549.89 8547.62 8548.75 8552.19 8551.76 8564.69 8574.82 8578.18
8611.81 8620.71 8616.9 8606.05 8590.95 8593.33 8592.82 8600.36 8579.4 8566.25 8545.89 8554.68 8560.21 8561.45 8554.35 8547.67 8547.77 8548.56 8544.86 8549.39 8547.05 8552.92 8557.49 8560.36 8564.38 8593.01 8646.71 8670.54 8658.93 8665.17 8649.82 8660.32 8674.68 8673.13 8657.81 8644.72 8634.18 8621.47 8622.53 8624.67 8617.1 8605.41 8589.92 8571.46 8569.22 8564.48 8574.93 8572.47 8571.71 8566.39 8552.83 8549.98 8575.36 8590.1 8601.71 8575.29 8543.22 8547.58 8548.05 8554.24 8554.09 8548.85 8562.82 8573.45 8589.26 8594.6 8577.96
8639.76 8648.77 8648.68 8613.98 8589.74 8594.09 8594.47 8611.58 8577.32 8560.05 8544.64 8545.62 8554.21 8549.6 8548.27 8548.51 8542.32 8540.24 8532.47 8531.96 8528.21 8517.23 8516.39 8530.98 8548.27 8577.86 8623.34 8646.03 8655.28 8649.53 8655.11 8657.64 8669.32 8659.16 8649 8647.14 8651.76 8662.97 8659.03 8655.89 8646.24 8634.72 8615.3 8606.36 8588.68 8574.28 8577.48 8573.58 8563.37 8569.49 8568.8 8558.88 8574.6 8590.86 8605.24 8553.22 8536.24 8544.86 8555.88 8561.09 8569.79 8585.53 8585.46 8600.67 8573.73 8573.37 8570.23
8655.86 8663.32 8657.45 8627.77 8611.7 8604 8597.48 8595.42 8570.93 8563.11 8547.77 8543.33 8544.54 8548.16 8544.81 8532.49 8535.53 8545.93 8556.52 8554.94 8539.18 8513.22 8501.37 8508.26 8546.26 8566.26 8605.44 8627.8 8650.86 8655.33 8634.63 8629.51 8622.74 8623.72 8631.69 8640.73 8655.65 8682.55 8687.93 8673.02 8669.25 8667.83 8676.86 8630.87 8614.19 8596.53 8582.35 8573.78 8562.51 8576.27 8561.77 8573.98 8577.44 8591.2 8595.68 8558.67 8531.61 8538.01 8558.26 8559.85 8569.37 8574.71 8581.74 8583.27 8570.5 8570.19 8559.21
8668.87 8667 8650.99 8645.54 8632.69 8612.45 8597.94 8592.16 8573.45 8560.34 8549.27 8551.91 8552.9 8553.5 8551.47 8536.49 8531.1 8551.53 8571.59 8576.86 8562.15 8539.58 8526.01 8534.39 8572.73 8601.73 8611.9 8617.84 8660.35 8640.65 8624.53 8629.21 8622.44 8610.53 8618.22 8625.74 8632.61 8641.27 8661.12 8674.24 8685.21 8690.04 8677.4 8654.77 8626.56 8613.47 8592.09 8577.85 8568.43 8566.51 8564.15 8585.18 8587.13 8591.04 8597.78 8550.21 8553.53 8554.07 8543.71 8551.88 8568.49 8579.49 8568.22 8552.58 8545.92 8548.92 8549.92
8677.61 8672.71 8666.61 8659.39 8652.48 8635.11 8624.32 8614.89 8591.53 8567.02 8563.72 8563.02 8552.85 8562.2 8570.81 8552.55 8550.24 8563.04 8573.9 8598.98 8570.14 8549.54 8529.26 8548.25 8589.46 8619.65 8619.54 8623.38 8630.58 8625.28 8617.42 8618.6 8625.46 8612.34 8612.6 8613.64 8614.09 8613.22 8618.26 8652.59 8687.72 8708.44 8706.21 8674.75 8638.58 8638.09 8618.89 8591.97 8569.63 8597.8 8578.21 8574.9 8569.74 8569.24 8572.61 8593.04 8577.01 8560.56 8540.01 8546.64 8571.63 8581.45 8562.29 8538.51 8536.39 8539.79 8540.35
8679 8673.09 8667.44 8662.1 8655.83 8643.67 8632.26 8616.44 8611.33 8591.16 8576.66 8561.62 8545.3 8560.75 8581.24 8573.03 8580.36 8579.79 8574.37 8579.41 8577.32 8557.15 8543.75 8557.17 8595.84 8604.26 8620.6 8630.93 8601.89 8623.94 8610.87 8604.87 8619.92 8620.5 8620.14 8614.57 8610.21 8608.3 8618.83 8656.09 8696.22 8730.43 8743.99 8729.52 8723.41 8674.81 8635.1 8625.71 8617.02 8627.29 8589.92 8561.7 8557.03 8558.39 8575.01 8596.11 8591.3 8579.73 8554.49 8565.51 8587.99 8588.48 8571.85 8544.76 8540.68 8523.52 8531.42
8681.24 8667.93 8656.75 8658.57 8665.93 8638.91 8631.16 8628.8 8634.22 8634.82 8603.91 8577.87 8545.48 8558.26 8582.42 8565.55 8591.87 8590.67 8593.57 8564.66 8545.11 8541.21 8552.61 8604.54 8612.65 8625.37 8649.07 8627.77 8623.89 8629.2 8641.49 8653.52 8650.32 8647.99 8640.18 8627.08 8611.28 8611.71 8625.09 8661.55 8698.78 8738.59 8759.57 8758.93 8760.58 8698.73 8633.24 8648.8 8677.5 8599.16 8571.33 8580.03 8577.56 8571.15 8565.13 8575.01 8578.57 8575.7 8586.16 8610.18 8632.66 8627.48 8597.1 8561.65 8534.09 8530.8 8538.55
8665.41 8658.37 8652.3 8659.46 8660.25 8647.36 8654.33 8653.07 8665.6 8648.48 8629.16 8590.1 8553.24 8558.59 8591.57 8574.67 8569.12 8586.47 8602.38 8581.68 8535.79 8532.17 8567.62 8608.65 8624.97 8631.08 8640.32 8624.34 8613.64 8623.7 8618.04 8637.62 8671.31 8680.32 8674.92 8659.85 8624.22 8621.41 8646.58 8659.71 8690.4 8726.57 8740.79 8736.25 8724.76 8716.44 8731.28 8687.5 8638.73 8611.78 8615.39 8605.02 8591.03 8575.84 8562.64 8560.51 8562.87 8566.3 8589.54 8621.79 8647.02 8644.55 8621.23 8602.79 8567.28 8586.02 8564.69
8650.99 8646.62 8641.52 8650.32 8661.99 8657.5 8669.23 8659.14 8618.53 8637.64 8619.81 8597.52 8568.28 8565.44 8572.8 8571.18 8556.94 8573.94 8596.32 8578.4 8558.67 8536.72 8570.98 8620.88 8635.05 8646.02 8658.65 8642.97 8640.72 8636.23 8645.83 8647.06 8684.47 8713.19 8723.2 8719.71 8692.06 8673.77 8634.21 8659.85 8689.65 8695.74 8709.95 8700.23 8674.69 8715.72 8761.28 8758.14 8722.46 8682.39 8634.03 8605.1 8589.14 8581.38 8567.19 8559.13 8563.44 8570.55 8578.91 8589.16 8628.05 8633.49 8631.9 8622.05 8592.68 8570.98 8550.3
8653.34 8633.57 8613.63 8625.2 8659.81 8648.88 8658.9 8642.66 8636.8 8639.45 8631.79 8597.85 8578.76 8568.67 8575.49 8567.59 8548.76 8565.38 8583.94 8594.18 8570.78 8589.05 8602.02 8630.68 8651.33 8655.66 8647.6 8665.81 8676.61 8686.01 8663.32 8731.69 8726.16 8762.5 8800.42 8823.83 8850.17 8805.03 8746 8742.8 8739.74 8709.73 8745.47 8734.87 8665.54 8719.36 8748.88 8751.94 8739.19 8707.54 8655.81 8614.27 8596.21 8603.51 8570.72 8559.97 8569.27 8581.92 8583.2 8576.11 8583.54 8608.62 8621.45 8646.65 8595.84 8563.98 8555.25
8642.98 8622.06 8603.43 8618.24 8660.07 8646.73 8640.22 8626.5 8606.63 8614.95 8612.15 8602.31 8578.15 8568.7 8581.09 8571.16 8565.03 8568.64 8583.13 8594.84 8582.29 8588.85 8620.18 8634.92 8654.95 8676.91 8697.49 8708.18 8741.2 8768.27 8764.41 8770.29 8782.08 8865.87 8914.33 8928.72 8926.1 8946.48 8907.78 8898.43 8881.9 8858.45 8911.88 8951.24 8815.03 8726.09 8721.52 8716.94 8728.28 8729.09 8673.88 8636.57 8607.87 8599.54 8597.33 8592.71 8614.74 8628.32 8607.97 8544.12 8593.09 8581.49 8581.52 8568.07 8591.73 8580.22 8567.03
8619.05 8614.54 8604.04 8613.58 8633.46 8628.03 8640.06 8628.04 8631.33 8622.59 8606.73 8580.23 8588.11 8617.67 8604.32 8600.44 8592 8585.41 8587.74 8594.31 8598.2 8611.65 8640.1 8679.8 8688.48 8695.84 8712.01 8731.89 8796.67 8858.42 8906.2 8882.91 8945.73 8993.4 9012.29 9060.08 9073.26 9096.94 9110.9 9072.06 9049.49 9020.32 9089.76 9155.09 8984.97 8777.91 8682.6 8659.43 8647.12 8678.91 8673.35 8644.01 8622.45 8625.47 8576.88 8589.62 8600.15 8624.06 8612.79 8535.84 8521.55 8553.4 8562.45 8572.72 8584.68 8585.4 8554.79
8622.36 8619.05 8611.02 8610.57 8616.27 8620.04 8630.1 8630.63 8610.98 8612.05 8608.9 8600.41 8599.12 8604.52 8621.41 8606.04 8605.88 8599.69 8588.94 8591.19 8600.38 8643.25 8700.89 8722.59 8745.56 8716.75 8759.95 8879.67 8971.22 9027.85 9005.44 9140.03 9244.11 9058.02 9004.04 9119.11 9255.65 9262.03 9232.56 9105.29 9129.51 9243.23 9175.73 9137.44 9085.48 8959.93 8787.12 8659.41 8663.68 8678.32 8678.65 8685.37 8634.58 8602.26 8584.05 8589.21 8585.68 8632.06 8657.54 8669.4 8598.23 8568.81 8552.39 8559.51 8585.74 8603.67 8546.95
8637.61 8627.36 8618.8 8610.9 8607.9 8623.58 8620.58 8602.52 8605.73 8595.26 8597.87 8607.44 8599.73 8602.06 8618.43 8600.9 8598.31 8594.21 8587.43 8594.8 8606.17 8702.2 8740.53 8766.08 8784.24 8755.97 8911.06 9086.7 9222.15 9236.15 9198.8 9139.55 9003.45 8820.64 8752.59 8802.39 8865.02 8855.93 8847.99 8846.47 8905 9023.76 9107.27 9240.85 9200.83 9147.15 8969.19 8764.27 8691.28 8662.45 8661.5 8652.38 8627.32 8622.71 8639.86 8636.46 8652.27 8669.06 8688.07 8741.16 8686.54 8593.51 8534.56 8523.39 8556.14 8580.73 8543.61
8632.17 8626.83 8619.93 8608.35 8601.91 8615.2 8608.17 8590.56 8597.36 8597.97 8593.62 8607.45 8600.96 8592.97 8611.26 8606.91 8611.08 8607.23 8601.75 8619.94 8656.91 8722.87 8764.66 8817.1 8820.02 8879.53 8977.57 8931.56 8789.06 8792.16 8682.25 8557.69 8429.35 8367.19 8324.82 8270.27 8274.57 8270.92 8338.96 8460.49 8515.07 8635.44 8856.83 9024.82 9146.39 9206.75 9063.13 8851.92 8751.14 8690.89 8651.16 8626.72 8619.36 8628.28 8656.69 8673.48 8709.69 8697.45 8680.59 8720.01 8686.92 8603.27 8523.26 8501.73 8531.64 8568.79 8566.21
8625.81 8621.54 8616.41 8601.83 8596.58 8607.69 8600.76 8592.74 8595.51 8587.81 8595.09 8632.84 8614.27 8604.63 8604.38 8622.87 8625.26 8620.35 8639.34 8674.37 8723.32 8764.09 8786.46 8933.76 9046.23 9061.22 8907.54 8508.92 8336.21 8424.11 8257.37 8119.77 8020.72 7982.48 7955.33 7867.67 7883.87 7924.08 8056.45 8192.73 8290.73 8413.72 8585.06 8747.18 8956.66 9162.33 9208.34 9036.92 8862 8742.06 8659.79 8629.39 8627.42 8645.72 8662.17 8666.85 8659.16 8661.97 8684.72 8688.23 8669.14 8617 8523.8 8488.67 8503.73 8524.06 8549.27
8623.79 8617.06 8616.02 8610.59 8600.01 8599.34 8600.52 8596.19 8602.97 8609.81 8611.08 8607.55 8620.87 8623.92 8653.48 8643.74 8650.69 8658.11 8671.53 8713.34 8773.76 8772.56 8950.08 9149.95 9113.47 8947.78 8768.46 8438.17 8175.73 8092.89 7978.26 7903.08 7797.49 7748.38 7736.95 7710.33 7765.93 7875.01 7929.75 8020.24 8171.31 8253.18 8341.39 8491.45 8696.7 8893.68 9241.99 9334.06 9076.96 8819.97 8687.2 8649.65 8663.36 8686.75 8681.55 8651.52 8623.41 8628.14 8656.6 8679.31 8775.78 8656.2 8519.51 8484.43 8489.9 8503.75 8545.66
8621.25 8612.21 8613.58 8615.17 8609.49 8595.85 8600.5 8603.7 8604.29 8621.88 8621 8631.69 8633.69 8639.98 8653.64 8653.36 8678.36 8669.93 8678.77 8687.53 8724.12 8950.1 9139.55 9115 8880.84 8727.21 8441.51 8286.56 8017.27 7890.24 7797.31 7697.08 7656.3 7622.04 7621.84 7634.08 7676.46 7719.62 7771.34 7836.17 7904.75 8016.37 8133.97 8282.97 8453.67 8661.83 8959.66 9279.43 9175.17 8901.52 8756.38 8731.42 8737 8725.55 8662.71 8622.73 8594.91 8592.79 8640.39 8699.92 8792.92 8634.49 8523.3 8495.52 8496.68 8512.96 8530.04
8620.46 8611.41 8612.61 8620.19 8615.4 8597.08 8595.93 8603.47 8623.45 8644.85 8647.77 8644.89 8654.6 8652.63 8662.5 8661.8 8686.33 8694.71 8699.56 8704.63 8836.47 9011.97 8992.51 8885.3 8602.18 8377.28 8187.27 7939.76 7849.35 7811.6 7738.23 7663.71 7595.87 7550.85 7554.8 7565.55 7570.09 7592.06 7634.23 7674.56 7708.36 7815.45 7925.04 8082 8262.02 8423.67 8613.21 8865.39 9045.78 8939.88 8864.13 8817.8 8787.27 8692.6 8633.88 8605.01 8583.54 8572.03 8608.14 8714.47 8550.15 8547.71 8537.98 8513.65 8513.55 8511.73 8509.02
8625.5 8623.24 8623.06 8629.02 8636.88 8612.23 8598.87 8589.91 8610.54 8632.82 8641.96 8651.33 8661.75 8661.51 8671.65 8678.33 8710.3 8721.8 8735.65 8777.48 8943.03 9117.84 8906.19 8706.45 8422.25 8233.33 8004.79 7841.12 7753.49 7725.39 7678.43 7621.86 7564.14 7517 7504.99 7506.16 7507.7 7516.67 7532.16 7562.85 7611.31 7668.83 7763.47 7922.54 8116.57 8311.6 8590.53 8668.74 8840.04 8894.4 8909.51 8872.59 8825.11 8747.4 8698.54 8661.75 8617.69 8561.53 8556.07 8550.25 8544.3 8538.72 8545.93 8535.9 8524.91 8514.79 8511.15
8633.18 8641.1 8640.48 8646.3 8632.83 8626.06 8617.02 8602.89 8595.24 8615.01 8623.51 8632.56 8662.17 8680.73 8708.4 8711.36 8738.22 8732.88 8798.42 8922.23 9133.94 9066.25 8794.8 8498.14 8199.89 7988.71 7839.77 7728.26 7669.36 7643.33 7614.81 7573.04 7524.02 7478.11 7456.49 7446.8 7437.88 7427.59 7444.22 7469.92 7509.61 7537.33 7611.56 7786.39 7997.73 8215.57 8373.13 8485.41 8696.71 8840.24 8917.06 8982.52 8944.43 8896.99 8881.73 8808.91 8723.75 8601.33 8563.78 8546.46 8537.99 8544.48 8549.97 8539.2 8525.92 8515.05 8505.08
8643.94 8649.1 8642.14 8654.62 8658.24 8627.75 8615.81 8611.01 8603.91 8623.74 8639.08 8653.33 8677.06 8686.11 8717.85 8727.9 8739.53 8755.36 8864.82 9136.01 9119.82 8850.66 8679.4 8324.79 8018.45 7836.91 7755.97 7638.59 7598.35 7580.91 7558.85 7531.8 7489.89 7444.99 7412.3 7398.77 7392.46 7370.36 7377.57 7387.55 7413.33 7441.74 7499.05 7681.66 7895.87 8092.67 8268.55 8344.54 8597.16 8855.24 9089.14 9203.24 9213.36 9207.65 9187.18 9074.29 8918.74 8743.92 8626.21 8554.87 8547.57 8543.09 8546.06 8537.44 8527.81 8517.59 8515.68
8645.56 8652.82 8650.52 8653.37 8638.64 8648.75 8629.98 8626.69 8612.52 8631.79 8652.2 8664.68 8677.46 8693.38 8719.93 8737.89 8748.85 8780.58 8911.98 9154.73 9032.22 8691.38 8431.48 8178.99 7903.89 7739.47 7675.1 7605.53 7559.59 7528.35 7503.37 7488.8 7478.94 7406.05 7374.14 7361.29 7345.92 7336.33 7339.35 7341.34 7364.47 7398.43 7472.29 7624.93 7808.11 7978.85 8117.35 8233.42 8490.23 8836.22 9268.34 9385.73 9460.93 9572.75 9593.59 9426.44 9155.46 8897.18 8775.72 8662.51 8557.13 8523.84 8530.69 8527.26 8522.19 8516.66 8499.62
