real_craters/C165-750m.grd
DSAA
161 161
-60.095 60.095
-60.095 60.095
2872.0367087831 4911.0697117029
[rows 0 to 37 of 161, columns 0 to 83 of 161]
4424 4423 4424 4420 4417 4425 4462 4509 4512 4502 4486 4478 4473 4472 4477 4482 4481 4475 4465 4459 4454 4436 4416 4403 4397 4397 4400 4402 4407 4411 4414 4418 4423 4420 4420 4409 4400 4394 4388 4379 4386 4385 4387 4400 4403 4402 4396 4382 4354 4346 4345 4347 4350 4350 4346 4345 4352 4355 4359 4363 4353 4357 4356 4342 4333 4334 4345 4340 4335 4340 4353 4357 4360 4366 4365 4364 4364 4368 4377 4389 4395 4391 4381 4380
4418 4418 4418 4420 4419 4427 4444 4462 4472 4473 4478 4478 4476 4483 4492 4491 4485 4478 4468 4465 4465 4446 4422 4406 4403 4404 4405 4406 4409 4411 4413 4414 4412 4414 4405 4401 4399 4391 4385 4380 4378 4378 4384 4395 4399 4400 4400 4390 4362 4349 4344 4341 4344 4344 4344 4348 4366 4375 4359 4346 4343 4350 4349 4332 4343 4327 4325 4325 4324 4334 4350 4370 4391 4377 4368 4364 4364 4369 4380 4386 4390 4383 4377 4377
4415 4413 4416 4421 4427 4429 4436 4443 4451 4462 4476 4478 4485 4494 4497 4490 4493 4482 4473 4470 4465 4451 4431 4413 4408 4411 4411 4412 4414 4416 4416 4414 4411 4408 4396 4393 4396 4391 4384 4379 4372 4372 4380 4382 4388 4390 4390 4383 4362 4350 4346 4345 4340 4342 4343 4356 4377 4381 4367 4352 4342 4336 4330 4321 4338 4324 4319 4321 4322 4335 4355 4376 4376 4373 4367 4365 4366 4377 4393 4399 4386 4376 4374 4375
4410 4411 4414 4420 4426 4429 4433 4439 4444 4462 4489 4501 4500 4498 4502 4497 4497 4494 4483 4478 4474 4456 4438 4419 4414 4415 4416 4418 4423 4425 4426 4421 4416 4411 4398 4390 4388 4386 4381 4373 4368 4367 4370 4375 4377 4378 4376 4370 4361 4351 4349 4355 4352 4344 4340 4348 4370 4369 4365 4361 4338 4322 4316 4319 4339 4321 4321 4322 4322 4333 4349 4360 4358 4358 4364 4365 4367 4379 4394 4397 4385 4376 4373 4372
4407 4405 4409 4415 4422 4424 4431 4436 4440 4455 4484 4514 4512 4508 4504 4510 4496 4493 4506 4481 4473 4457 4437 4425 4420 4419 4426 4432 4441 4444 4442 4434 4424 4416 4404 4394 4384 4378 4374 4371 4369 4368 4369 4369 4371 4369 4362 4360 4357 4351 4349 4357 4363 4346 4338 4338 4340 4339 4337 4334 4320 4320 4317 4320 4330 4322 4325 4325 4325 4327 4333 4347 4356 4363 4366 4366 4365 4370 4378 4382 4379 4372 4370 4368
4404 4402 4403 4407 4415 4421 4428 4433 4435 4446 4471 4496 4503 4501 4514 4473 4443 4434 4439 4470 4479 4457 4431 4425 4422 4422 4429 4447 4467 4475 4468 4452 4436 4420 4408 4394 4382 4372 4370 4367 4365 4364 4370 4372 4370 4366 4361 4359 4359 4356 4355 4362 4363 4345 4336 4334 4324 4317 4310 4312 4317 4322 4323 4321 4323 4326 4336 4335 4337 4338 4335 4345 4362 4375 4371 4369 4369 4367 4370 4373 4373 4374 4369 4367
4402 4398 4398 4397 4401 4413 4422 4429 4430 4436 4455 4470 4488 4503 4495 4436 4428 4420 4428 4461 4477 4455 4431 4424 4422 4421 4432 4456 4496 4519 4495 4468 4444 4424 4408 4396 4373 4363 4360 4355 4351 4354 4364 4370 4367 4364 4362 4359 4357 4358 4359 4369 4362 4343 4335 4331 4321 4319 4317 4318 4323 4329 4331 4325 4319 4329 4338 4343 4347 4354 4350 4346 4355 4359 4365 4370 4369 4367 4367 4369 4369 4367 4369 4372
4407 4399 4395 4394 4394 4402 4413 4421 4425 4433 4451 4458 4474 4506 4479 4426 4421 4417 4417 4456 4476 4453 4428 4423 4420 4418 4428 4454 4501 4532 4500 4470 4443 4419 4403 4387 4367 4352 4344 4341 4341 4337 4350 4358 4359 4359 4361 4362 4356 4352 4355 4353 4353 4344 4349 4344 4331 4331 4336 4330 4334 4336 4339 4324 4319 4329 4345 4340 4343 4344 4354 4358 4353 4350 4358 4370 4378 4364 4363 4367 4369 4370 4372 4378
4403 4401 4393 4387 4386 4391 4399 4409 4415 4427 4448 4455 4462 4493 4501 4421 4410 4411 4419 4461 4480 4451 4425 4420 4414 4411 4419 4441 4473 4490 4477 4454 4430 4409 4394 4380 4364 4349 4334 4328 4323 4322 4331 4342 4346 4349 4354 4354 4355 4351 4353 4356 4348 4347 4368 4361 4344 4340 4343 4340 4337 4342 4344 4327 4331 4348 4354 4354 4353 4359 4358 4357 4354 4347 4353 4364 4370 4371 4366 4369 4373 4377 4378 4376
4399 4395 4387 4380 4378 4383 4395 4401 4407 4420 4439 4443 4449 4464 4480 4447 4415 4413 4429 4472 4478 4446 4423 4415 4407 4402 4403 4417 4435 4449 4443 4428 4410 4393 4381 4369 4352 4332 4321 4314 4311 4306 4309 4323 4331 4336 4340 4348 4351 4351 4351 4350 4342 4348 4374 4368 4357 4350 4349 4352 4348 4347 4347 4337 4339 4347 4355 4355 4354 4357 4360 4362 4356 4353 4355 4359 4370 4377 4375 4374 4376 4380 4380 4374
4396 4389 4380 4372 4371 4376 4383 4392 4402 4412 4428 4436 4436 4444 4459 4474 4463 4445 4451 4470 4466 4437 4420 4410 4399 4393 4390 4396 4405 4414 4412 4403 4389 4378 4367 4356 4340 4320 4307 4301 4299 4299 4301 4313 4323 4329 4335 4345 4351 4351 4349 4345 4339 4350 4372 4362 4357 4356 4357 4359 4353 4349 4351 4333 4342 4346 4350 4352 4354 4357 4359 4360 4358 4356 4353 4351 4355 4366 4372 4375 4377 4378 4378 4376
4394 4384 4376 4370 4367 4368 4371 4379 4391 4405 4418 4425 4424 4429 4442 4448 4444 4435 4433 4446 4451 4427 4413 4402 4388 4383 4380 4383 4388 4391 4390 4385 4376 4367 4356 4342 4326 4313 4302 4294 4293 4293 4302 4312 4323 4334 4344 4350 4351 4349 4345 4339 4336 4351 4368 4358 4352 4356 4362 4366 4359 4353 4350 4347 4345 4344 4344 4346 4348 4353 4357 4357 4359 4358 4356 4352 4355 4363 4369 4373 4375 4376 4377 4374
4394 4378 4372 4367 4364 4362 4364 4368 4376 4392 4405 4413 4413 4415 4420 4432 4429 4422 4417 4428 4437 4419 4409 4396 4381 4376 4371 4372 4373 4374 4373 4373 4370 4361 4348 4333 4320 4316 4303 4292 4293 4291 4295 4310 4324 4340 4354 4356 4351 4346 4340 4334 4333 4349 4364 4360 4355 4356 4367 4373 4364 4357 4354 4349 4349 4350 4348 4346 4346 4351 4355 4358 4361 4363 4358 4353 4355 4365 4370 4371 4373 4373 4373 4372
4388 4375 4368 4366 4362 4359 4360 4364 4370 4381 4392 4401 4405 4410 4413 4415 4421 4414 4413 4415 4424 4406 4400 4389 4377 4367 4364 4364 4364 4362 4361 4363 4365 4357 4344 4331 4317 4309 4303 4301 4297 4294 4301 4309 4323 4336 4348 4353 4348 4344 4338 4334 4333 4349 4365 4358 4355 4354 4364 4371 4364 4366 4359 4346 4359 4359 4360 4357 4353 4353 4355 4363 4366 4368 4368 4356 4360 4362 4366 4368 4369 4369 4371 4367
4371 4367 4362 4360 4359 4357 4361 4365 4369 4377 4385 4392 4399 4403 4407 4412 4417 4411 4420 4429 4401 4392 4392 4381 4372 4362 4359 4358 4358 4354 4354 4358 4360 4353 4342 4330 4317 4307 4302 4301 4297 4300 4301 4311 4321 4330 4338 4343 4336 4345 4346 4344 4343 4350 4355 4356 4352 4352 4358 4362 4374 4378 4358 4343 4352 4359 4357 4364 4362 4360 4362 4367 4370 4371 4373 4362 4362 4363 4364 4364 4364 4364 4361 4364
4363 4360 4359 4358 4358 4361 4364 4370 4368 4374 4381 4386 4388 4392 4394 4397 4403 4404 4416 4415 4381 4379 4376 4367 4360 4358 4354 4352 4351 4350 4350 4355 4356 4351 4343 4332 4320 4313 4307 4298 4299 4308 4312 4317 4323 4327 4338 4338 4342 4355 4372 4364 4354 4361 4363 4359 4353 4352 4358 4365 4372 4372 4351 4349 4361 4366 4360 4371 4377 4370 4371 4371 4371 4372 4375 4372 4361 4362 4361 4361 4361 4360 4358 4358
4379 4365 4359 4359 4359 4358 4360 4365 4372 4376 4377 4379 4380 4384 4385 4384 4385 4390 4403 4402 4376 4374 4369 4360 4356 4356 4354 4352 4351 4351 4359 4356 4354 4350 4345 4338 4331 4327 4322 4307 4308 4324 4332 4332 4332 4330 4332 4340 4347 4362 4380 4371 4358 4369 4375 4364 4356 4356 4360 4362 4372 4376 4359 4359 4380 4392 4402 4383 4388 4385 4376 4374 4372 4370 4364 4361 4360 4357 4358 4359 4359 4358 4357 4356
4382 4373 4364 4361 4361 4361 4360 4367 4369 4372 4374 4376 4377 4380 4380 4377 4375 4377 4391 4396 4374 4374 4368 4362 4359 4359 4359 4360 4353 4350 4346 4351 4352 4349 4347 4345 4346 4348 4345 4323 4321 4346 4361 4355 4345 4343 4341 4345 4350 4368 4378 4368 4357 4366 4371 4364 4359 4361 4364 4367 4377 4384 4359 4351 4355 4392 4451 4413 4392 4391 4384 4376 4374 4372 4366 4358 4357 4357 4357 4357 4357 4357 4359 4363
4386 4380 4374 4368 4366 4365 4363 4368 4368 4370 4372 4374 4374 4372 4374 4374 4374 4374 4386 4394 4375 4376 4371 4367 4366 4365 4363 4358 4355 4350 4344 4345 4346 4347 4347 4348 4353 4359 4354 4336 4333 4353 4368 4360 4346 4341 4342 4349 4360 4377 4383 4363 4351 4353 4356 4360 4359 4361 4370 4376 4390 4423 4455 4369 4324 4354 4387 4430 4397 4400 4385 4376 4377 4379 4378 4358 4357 4357 4356 4356 4356 4357 4358 4359
4391 4384 4376 4374 4371 4371 4370 4367 4368 4366 4366 4370 4371 4370 4370 4376 4379 4377 4388 4396 4378 4373 4370 4367 4375 4372 4366 4360 4357 4353 4347 4344 4345 4346 4346 4347 4348 4344 4350 4346 4339 4342 4355 4344 4344 4345 4354 4367 4373 4378 4372 4356 4348 4350 4371 4366 4359 4363 4380 4384 4400 4443 4518 4373 4297 4339 4392 4447 4398 4397 4388 4380 4380 4383 4383 4361 4358 4357 4356 4355 4355 4356 4357 4356
4400 4389 4381 4377 4376 4375 4375 4377 4375 4369 4368 4372 4373 4372 4371 4376 4382 4379 4391 4402 4378 4370 4370 4372 4374 4373 4368 4361 4360 4360 4353 4343 4344 4344 4344 4344 4344 4346 4351 4347 4336 4332 4344 4344 4346 4354 4362 4371 4376 4372 4353 4347 4347 4358 4372 4372 4365 4377 4378 4389 4408 4420 4565 4381 4326 4365 4423 4425 4398 4400 4394 4380 4381 4384 4385 4376 4363 4358 4356 4356 4356 4356 4356 4361
4404 4396 4387 4382 4380 4378 4377 4378 4376 4376 4377 4376 4376 4378 4368 4372 4375 4380 4388 4401 4375 4369 4370 4373 4377 4375 4372 4370 4368 4366 4362 4352 4347 4345 4344 4342 4340 4337 4337 4334 4327 4326 4340 4343 4343 4347 4343 4354 4357 4351 4340 4341 4352 4371 4384 4376 4371 4371 4382 4386 4396 4378 4487 4480 4404 4394 4408 4400 4395 4392 4390 4378 4380 4384 4382 4373 4362 4358 4357 4356 4356 4355 4355 4356
4406 4401 4394 4388 4386 4384 4381 4379 4378 4376 4380 4381 4381 4383 4377 4372 4373 4379 4390 4399 4374 4368 4372 4377 4378 4378 4374 4372 4371 4369 4363 4358 4350 4346 4343 4340 4336 4332 4328 4327 4318 4325 4336 4338 4341 4340 4333 4332 4340 4342 4333 4338 4363 4386 4380 4371 4369 4373 4381 4397 4395 4359 4425 4421 4406 4392 4388 4390 4382 4385 4388 4380 4379 4382 4379 4361 4362 4359 4358 4357 4357 4357 4356 4356
4413 4410 4401 4394 4392 4390 4388 4383 4382 4379 4383 4386 4386 4383 4379 4376 4375 4376 4376 4396 4374 4370 4376 4381 4383 4379 4375 4371 4369 4368 4358 4355 4352 4348 4344 4340 4336 4331 4324 4318 4316 4321 4328 4329 4330 4332 4327 4326 4327 4325 4334 4345 4369 4378 4364 4358 4357 4371 4377 4381 4385 4340 4390 4388 4392 4389 4382 4381 4383 4384 4382 4379 4376 4373 4368 4359 4361 4362 4361 4361 4360 4359 4359 4358
4421 4417 4409 4400 4397 4396 4395 4388 4383 4380 4385 4389 4390 4390 4379 4378 4376 4371 4371 4384 4374 4376 4376 4381 4383 4378 4372 4367 4365 4369 4370 4358 4354 4351 4347 4343 4339 4336 4337 4335 4321 4318 4322 4325 4323 4316 4317 4322 4320 4319 4335 4351 4360 4359 4351 4347 4349 4366 4374 4368 4368 4386 4379 4376 4381 4384 4384 4381 4387 4378 4385 4378 4373 4366 4359 4359 4362 4363 4363 4363 4362 4361 4360 4358
4417 4414 4408 4402 4402 4402 4398 4387 4385 4381 4384 4388 4393 4389 4384 4382 4377 4374 4395 4371 4375 4377 4377 4381 4383 4379 4371 4366 4365 4368 4364 4360 4357 4353 4349 4344 4340 4335 4329 4330 4324 4315 4316 4319 4328 4323 4315 4317 4321 4327 4337 4356 4348 4348 4344 4341 4347 4364 4366 4359 4355 4439 4388 4373 4377 4379 4386 4380 4376 4375 4379 4378 4374 4369 4361 4362 4365 4366 4366 4365 4364 4362 4359 4358
4412 4413 4410 4405 4408 4409 4404 4392 4386 4380 4384 4389 4391 4387 4382 4383 4383 4381 4399 4374 4373 4372 4378 4385 4385 4382 4376 4371 4369 4365 4363 4362 4359 4355 4350 4346 4342 4336 4327 4335 4327 4314 4316 4320 4320 4332 4324 4323 4327 4323 4325 4340 4339 4349 4342 4334 4337 4347 4359 4357 4358 4362 4379 4385 4375 4372 4369 4370 4373 4375 4375 4378 4375 4364 4362 4367 4370 4370 4370 4368 4366 4365 4363 4361
4405 4412 4414 4414 4420 4422 4417 4397 4388 4385 4391 4396 4390 4387 4379 4379 4381 4389 4404 4382 4376 4370 4376 4384 4385 4384 4385 4377 4370 4368 4364 4366 4361 4356 4352 4349 4348 4347 4347 4343 4335 4316 4319 4319 4321 4333 4334 4333 4335 4327 4313 4323 4335 4361 4342 4329 4329 4339 4351 4357 4369 4369 4374 4370 4371 4367 4363 4367 4367 4371 4371 4373 4371 4363 4366 4373 4372 4376 4377 4376 4372 4369 4368 4367
4397 4408 4417 4428 4432 4434 4429 4410 4393 4387 4390 4396 4390 4386 4380 4379 4382 4384 4401 4382 4378 4374 4372 4376 4380 4380 4382 4374 4364 4366 4363 4361 4359 4357 4355 4353 4355 4356 4359 4348 4334 4334 4324 4317 4319 4321 4324 4330 4334 4328 4320 4328 4350 4368 4347 4331 4330 4338 4348 4363 4374 4379 4373 4373 4371 4365 4365 4360 4359 4364 4367 4370 4367 4370 4379 4389 4385 4391 4393 4390 4382 4373 4372 4376
4385 4395 4410 4427 4435 4434 4434 4425 4404 4397 4397 4399 4395 4387 4389 4388 4383 4381 4395 4378 4378 4374 4372 4375 4374 4372 4366 4366 4366 4366 4361 4358 4356 4355 4355 4355 4357 4360 4360 4354 4340 4334 4328 4325 4322 4316 4316 4323 4332 4325 4321 4331 4345 4358 4336 4326 4329 4336 4347 4365 4375 4368 4367 4370 4369 4361 4359 4356 4358 4360 4365 4371 4368 4383 4397 4409 4411 4416 4415 4408 4397 4384 4382 4388
4361 4375 4397 4418 4431 4437 4439 4430 4407 4402 4403 4403 4396 4389 4387 4392 4382 4375 4386 4381 4388 4375 4368 4370 4370 4366 4360 4360 4360 4357 4352 4351 4352 4353 4354 4355 4357 4358 4358 4348 4337 4332 4326 4322 4320 4322 4317 4317 4319 4321 4332 4332 4338 4344 4327 4329 4334 4344 4360 4374 4378 4367 4363 4355 4354 4355 4358 4358 4359 4360 4365 4377 4380 4397 4411 4424 4448 4452 4441 4428 4417 4408 4402 4401
4345 4356 4383 4407 4424 4436 4440 4428 4409 4411 4411 4405 4395 4389 4384 4377 4375 4374 4388 4378 4382 4379 4374 4373 4368 4364 4360 4355 4349 4346 4347 4346 4348 4349 4351 4351 4352 4352 4348 4333 4335 4326 4320 4317 4328 4323 4311 4313 4310 4312 4315 4317 4319 4324 4321 4328 4338 4354 4368 4362 4372 4363 4355 4344 4343 4349 4354 4357 4368 4367 4373 4382 4388 4405 4421 4440 4474 4478 4459 4444 4433 4426 4416 4411
4343 4353 4378 4402 4423 4440 4437 4426 4418 4424 4422 4406 4397 4393 4386 4374 4378 4388 4382 4381 4382 4377 4368 4365 4364 4363 4361 4354 4348 4341 4341 4346 4346 4346 4347 4347 4348 4347 4341 4335 4333 4323 4314 4312 4316 4308 4313 4314 4314 4304 4299 4301 4305 4312 4318 4328 4337 4346 4349 4355 4367 4356 4344 4342 4343 4350 4358 4365 4372 4379 4385 4387 4399 4413 4426 4441 4469 4475 4463 4449 4440 4434 4421 4412
4346 4359 4381 4407 4439 4477 4463 4438 4419 4426 4426 4413 4400 4394 4389 4383 4385 4403 4387 4384 4376 4371 4357 4357 4358 4358 4357 4353 4347 4341 4339 4339 4341 4344 4344 4343 4343 4342 4343 4343 4331 4316 4305 4305 4305 4307 4310 4312 4307 4302 4299 4298 4305 4313 4321 4327 4334 4341 4348 4359 4363 4355 4353 4351 4353 4361 4368 4373 4383 4394 4405 4411 4419 4422 4430 4441 4455 4459 4457 4447 4436 4425 4416 4407
4351 4364 4383 4407 4439 4484 4470 4429 4401 4408 4421 4413 4394 4390 4388 4387 4384 4396 4381 4377 4367 4363 4356 4354 4357 4356 4355 4352 4347 4339 4338 4340 4342 4342 4340 4338 4335 4334 4335 4331 4324 4313 4303 4304 4304 4305 4309 4311 4309 4305 4301 4302 4309 4316 4323 4324 4330 4339 4349 4366 4361 4360 4362 4362 4363 4371 4378 4383 4396 4409 4420 4429 4433 4432 4435 4441 4449 4452 4450 4442 4431 4419 4410 4400
4357 4367 4380 4396 4412 4426 4423 4404 4386 4381 4385 4385 4378 4383 4384 4375 4378 4393 4382 4374 4366 4365 4359 4357 4362 4364 4361 4355 4347 4339 4342 4346 4347 4343 4338 4333 4329 4326 4329 4337 4328 4316 4308 4308 4307 4306 4309 4314 4313 4311 4311 4314 4316 4321 4324 4323 4329 4340 4350 4360 4358 4364 4368 4373 4375 4381 4390 4398 4407 4414 4430 4442 4448 4444 4441 4444 4449 4451 4446 4438 4427 4415 4406 4395
4360 4369 4375 4384 4391 4399 4396 4385 4373 4367 4357 4355 4359 4370 4377 4366 4377 4394 4387 4372 4370 4371 4361 4360 4371 4381 4372 4360 4352 4349 4348 4348 4347 4342 4336 4331 4326 4322 4326 4333 4330 4324 4317 4315 4310 4308 4308 4312 4312 4314 4316 4320 4325 4324 4324 4322 4328 4339 4350 4363 4362 4377 4385 4388 4388 4397 4404 4418 4417 4421 4441 4461 4467 4456 4453 4452 4453 4451 4445 4436 4426 4414 4402 4390
4367 4372 4373 4376 4376 4379 4383 4377 4368 4361 4343 4338 4343 4349 4350 4356 4370 4389 4385 4376 4372 4372 4368 4366 4376 4386 4375 4359 4352 4352 4348 4347 4345 4339 4333 4328 4323 4322 4324 4327 4321 4320 4315 4312 4313 4314 4309 4312 4313 4314 4320 4323 4325 4325 4324 4324 4328 4335 4350 4361 4381 4389 4398 4404 4406 4410 4414 4417 4423 4435 4445 4448 4452 4447 4452 4455 4454 4453 4443 4432 4421 4409 4398 4387
