real_craters/C165-300m.grd
DSAA
402 402
-60.095 60.095
-60.095 60.095
2851.7397405718 4912.9883261281
[rows 330 to 359 of 402, columns 67 to 133 of 402]
4240.52 4240.61 4242.71 4245.14 4247 4249.02 4251.87 4255.39 4257.61 4254.61 4255.05 4255.09 4261.19 4265.87 4269.76 4274.7 4277.55 4275.96 4276.05 4275.61 4279.14 4283.84 4289.32 4291.36 4295.82 4301.17 4303.17 4309.69 4332.36 4361.47 4386.98 4394.5 4338.95 4284.32 4263.42 4258.45 4255.93 4253.69 4251.23 4250.1 4252.42 4256.02 4262.39 4263.98 4266 4270.52 4277.36 4286.61 4306.97 4336.76 4357.7 4354.15 4352.36 4359.66 4370.54 4381.03 4388.47 4387.65 4383.32 4376.81 4370.48 4362.28 4354.81 4347.96 4342.02 4339.07 4338.13
4244.53 4246.52 4247.93 4249.19 4250.33 4251.62 4253.06 4254.66 4254.92 4255.49 4256.05 4257.14 4263.01 4268.6 4273.93 4275.44 4276.38 4277.99 4275.49 4275.45 4277.53 4281.15 4284.44 4287.44 4291.75 4296.79 4302.71 4314.7 4340.34 4368.84 4389.85 4384.07 4328.31 4272.42 4251.51 4245.58 4243.49 4242.13 4241.92 4242.67 4244.76 4247.99 4253.84 4254.96 4258.85 4262.44 4266.62 4272.88 4284.42 4304.02 4325.44 4348.95 4361.14 4370.41 4379.55 4387.81 4392.14 4389.83 4384.43 4377.61 4370.63 4363.99 4357.16 4350.23 4341.67 4336.32 4337.57
4247.89 4253.6 4253.63 4253.22 4253.27 4253.76 4254.36 4254.26 4252.85 4254.89 4256.74 4259.95 4264.06 4269.61 4273.73 4274.58 4274.62 4274.49 4273.63 4273.3 4275.57 4278.89 4281.3 4283.52 4287.2 4291.18 4301.68 4319.37 4346.74 4372.85 4386.81 4369.43 4316.4 4263.95 4244.85 4238.06 4235.48 4234.4 4234.72 4236.43 4238.64 4241.05 4241.88 4248.07 4254.34 4259.34 4262.05 4263.8 4267.99 4284.94 4314.73 4353.45 4370.61 4380.11 4387.32 4393.03 4394.59 4390.15 4384.24 4378 4372.02 4365.8 4359.64 4353.45 4345.61 4341.19 4340.4
4250.95 4256.53 4256.59 4255.73 4255.22 4255.14 4255.38 4254.34 4253.95 4253.6 4256.19 4261.35 4264.57 4269.88 4272.43 4273.07 4273.45 4271.64 4271.67 4272.18 4274.35 4277.76 4282.19 4282.8 4286.29 4292.09 4303.78 4324.16 4351.43 4376.43 4389.22 4367.13 4311.18 4262.1 4243.68 4235.71 4232.12 4230.26 4229.42 4231.6 4234.82 4238.82 4243.75 4246.54 4252.44 4259.54 4261.39 4262.08 4265.89 4277.48 4314.73 4361.54 4380.38 4388.37 4392.74 4395.21 4394.08 4388.29 4382.35 4376.76 4371.48 4366.28 4361.83 4358.08 4354.32 4348.24 4345.66
4251.19 4255.8 4256.76 4256.61 4256.22 4255.53 4254.38 4253.24 4252.54 4253.05 4255.85 4262.32 4269.48 4270.61 4271.19 4272.38 4273.25 4271.71 4271.5 4272.43 4273.8 4275.57 4276.83 4281.34 4286.87 4294.57 4306.24 4326.42 4353.85 4378.72 4391.19 4365.4 4311.12 4267.1 4247.53 4237.82 4232.65 4229.83 4229.75 4230.7 4233.15 4237.04 4241.28 4244.98 4251.66 4256.01 4260.43 4263.72 4270.85 4274.72 4320.36 4373.49 4390.34 4394.5 4394.48 4394.06 4389.95 4383.38 4378.35 4373.56 4369.59 4365.71 4362.38 4361.26 4358.93 4353.49 4347.99
4247.49 4253 4255.97 4256.83 4256.77 4256 4254.76 4253.43 4252.48 4253.53 4256.22 4261.09 4266.07 4269.46 4271.25 4272.36 4273.26 4271.68 4271.94 4271.95 4272.87 4274.87 4277.54 4281.56 4287.46 4294.84 4304.76 4326.16 4353.72 4377.94 4389.18 4361.01 4310.75 4272.41 4253.61 4243.04 4236.27 4231.5 4230.12 4231.11 4233.24 4235.87 4239.53 4245.5 4253.07 4261.9 4261.41 4263.89 4271.57 4275.54 4334.33 4388.38 4399.91 4398.26 4391.7 4384.49 4379.94 4375.79 4372.18 4368.52 4365.56 4362.53 4361.16 4360.87 4362.71 4355.02 4348.47
4243.93 4251.56 4255.75 4256.85 4256.97 4256.43 4255.66 4254.42 4252.61 4253.15 4256.07 4260.62 4268.09 4270.5 4272.09 4273.07 4272.65 4271.82 4271.41 4272.59 4273.52 4275.98 4279.35 4283.1 4288.05 4294.27 4304.53 4325.61 4351.24 4373.3 4383.17 4353.89 4308.52 4277.01 4261.13 4250.39 4242.58 4235.87 4230.94 4233.27 4236.06 4239.21 4242.11 4245.86 4253.6 4260.14 4258.67 4259.6 4268.11 4276.3 4349.36 4400.93 4407.13 4399.63 4386.18 4372.32 4368.69 4366.84 4364.82 4362.46 4360.63 4358.02 4356.43 4354.39 4351.59 4349.24 4348.72
4247.24 4254.53 4256.26 4257 4256.99 4256.74 4256.24 4255.11 4253.2 4253.1 4257.83 4262.69 4269 4271.61 4274.12 4274.84 4272.27 4272.68 4273.96 4275.44 4278.5 4278.55 4281.14 4283.97 4288.54 4294.68 4306.64 4326.67 4346.39 4363.91 4372.07 4345.17 4307.44 4284.09 4271.38 4260.55 4251.32 4244.27 4240.47 4239.11 4241.38 4244.99 4246.71 4248.26 4253.95 4256.67 4252.27 4250.24 4256.19 4269.86 4358.84 4407.03 4410.59 4398.85 4380.52 4363.28 4360.06 4358.72 4357.9 4356.41 4354.53 4352.11 4350.12 4347.02 4343.28 4344.32 4347.19
4248.46 4253.84 4256.37 4256.91 4256.91 4256.72 4256.75 4256.73 4254.35 4254.05 4260.56 4266.81 4273.21 4275.69 4276.53 4276.38 4274.7 4273.88 4274.15 4276.5 4278.68 4279.31 4280.79 4283.57 4288.02 4294.23 4307.76 4324.9 4337.87 4349.98 4354.31 4339.32 4311.44 4297.06 4285.62 4273.25 4261.98 4253.35 4248.16 4246.62 4248.25 4250.64 4251.81 4253.58 4254.15 4252.81 4244.98 4240.08 4243.52 4272.67 4369.35 4411.39 4412.27 4397.85 4376.9 4358.28 4354.43 4352.84 4351.66 4349.71 4347.97 4345.59 4344.05 4342.13 4339.64 4338.07 4338.57
4245.85 4253.15 4256.13 4256.33 4256.28 4256.32 4256.37 4256.28 4254.86 4254.1 4262.86 4270.16 4274.78 4278.48 4278.67 4278.42 4277.13 4275.75 4275.92 4277.05 4278.07 4278.78 4279.36 4282.76 4286.81 4292.09 4303.16 4317.16 4325.59 4333.69 4342.53 4345.14 4336.7 4320.48 4303.01 4286.81 4273.09 4262.39 4256.06 4254.16 4255.5 4257.42 4255.99 4254.29 4251.74 4247.25 4241.07 4235.55 4239.09 4271.45 4379.81 4414.28 4411.72 4395.96 4375.79 4358.97 4351.43 4347.84 4345.73 4343.09 4341.05 4339.12 4336.88 4335.98 4334.42 4330.74 4325.58
4248.29 4252.01 4254.02 4254.74 4255.35 4255.7 4255.77 4255.57 4255.75 4257.45 4264.76 4273.15 4276.9 4277.73 4279.79 4281.67 4281.78 4278.64 4276.44 4278.53 4280.36 4280 4280.7 4282.78 4285.95 4290.44 4298.86 4307.3 4312.36 4315.68 4326.49 4352.29 4367.17 4342.71 4318.71 4299.01 4283.06 4271.45 4264.73 4261.7 4262.82 4263.11 4259.85 4256.72 4254.61 4250.83 4245.54 4240.75 4244.32 4292.8 4389.14 4414.24 4408.7 4392.15 4372.26 4356.47 4348.93 4343.74 4340.65 4337.17 4334.93 4330.8 4328.01 4324.35 4322.73 4321.99 4314.84
4247.92 4248.32 4250.74 4253.19 4254.44 4255.32 4255.7 4255.9 4256.94 4259.92 4265.29 4272.08 4274.56 4276.55 4280.05 4282.44 4283.55 4282.46 4282.1 4282.55 4282.05 4282.86 4283.09 4283.97 4285.73 4287.9 4292.47 4299.44 4303.2 4304.32 4316.71 4344.14 4360.46 4345.53 4326.21 4307.91 4291.13 4276.3 4270.36 4269.38 4269.84 4270.78 4263.76 4259.21 4259.68 4260.26 4259.51 4258.12 4260.74 4297.14 4391.98 4410.69 4403.07 4386.39 4367.34 4352.72 4345.19 4339.67 4335.13 4330.78 4328.05 4323.98 4320.3 4316.76 4315.8 4309.64 4306.01
4244.68 4247.24 4250.78 4252.47 4254.27 4255.83 4256.85 4257.47 4258.72 4261.59 4265.27 4269.35 4272.76 4278.62 4280.09 4282.15 4283.84 4284.91 4286.51 4286.82 4284.37 4283.92 4284.52 4285.91 4287.29 4288.14 4292.33 4300.08 4300.85 4300.59 4310.09 4327.18 4338.11 4336.55 4327.32 4315.18 4301.13 4284.69 4281.28 4280.94 4276.47 4272.53 4270.23 4264.11 4265.15 4273.71 4282.61 4291.09 4297.42 4350.92 4397.91 4402.76 4393 4378.08 4362.53 4349.52 4340.94 4335.03 4330.9 4326.25 4322.03 4317.93 4313.9 4310.02 4308.39 4302.36 4299.75
4245.91 4248.55 4248.88 4252.35 4255.08 4257.48 4259.52 4260.91 4262.6 4265.54 4267.26 4272.49 4272.23 4274.84 4279.52 4281.71 4284.53 4285.88 4286.66 4287.19 4286.01 4284.1 4286.63 4289 4291.32 4293.36 4298.48 4305.14 4302.76 4301 4306.24 4315.91 4323.71 4327.75 4326.96 4323.7 4318.63 4306.36 4305.92 4302.66 4292.97 4288.18 4289.54 4281.12 4269.43 4292.8 4312.33 4334 4367.83 4391.25 4398.65 4387.98 4377.5 4365.67 4354.82 4344.25 4335.79 4329.56 4324.83 4320.11 4316.73 4312.67 4308.87 4306.68 4301.66 4294.31 4294.5
4248.6 4250.83 4251.78 4253.53 4256.48 4259.91 4263.37 4266.28 4268.26 4272.02 4271.87 4271.62 4272.75 4274.94 4279.65 4286.38 4286.71 4285.4 4285.42 4286.62 4289.63 4290.03 4290.84 4293.07 4295.98 4300.01 4302.42 4305.55 4304.29 4303.56 4304.8 4308.38 4315.07 4321.54 4326.01 4331.12 4340 4356.35 4339.5 4333.04 4327.49 4324.3 4325.82 4324.84 4313.58 4329.4 4340.78 4359.42 4390.11 4376.84 4370.28 4363.75 4356.49 4348.66 4342.44 4334.69 4328.14 4322.58 4318.94 4314.66 4310.73 4306.98 4303.85 4301.25 4296.13 4290.54 4292.09
4247.77 4250.29 4251.49 4253.9 4257.64 4262.52 4267.85 4273.29 4277.56 4279.48 4275.44 4273.82 4272.29 4273.75 4277.12 4281.64 4281.67 4282.15 4283.62 4286.24 4291.35 4294.02 4294.08 4295.63 4298.53 4301.89 4303.09 4304.03 4303.96 4304.41 4304.38 4304.27 4309.65 4317.05 4322.99 4330.58 4341.48 4353.59 4352.83 4355.84 4370.27 4365.38 4361.43 4374.64 4397.61 4369.08 4356.38 4357.34 4360.55 4359.1 4338.21 4336.31 4332.73 4328.27 4324.2 4321.47 4318.46 4314.98 4311.62 4308.1 4305.01 4302.08 4299.22 4296.14 4292.54 4291.46 4292.68
4246.22 4247.62 4249.65 4252.76 4257.75 4264.15 4271.5 4279.52 4286.71 4285.04 4277.88 4275.18 4272.56 4271.97 4272.69 4273.21 4275 4277.49 4280.37 4283.5 4287.64 4291.64 4293.54 4295.74 4298.63 4300.31 4300.97 4299.44 4300.77 4304.25 4305.21 4307.42 4309.6 4313.33 4317.61 4322.31 4326.81 4333.27 4345.71 4357.03 4368.4 4370.88 4371.53 4382 4388.42 4367.91 4351.94 4344.46 4344.56 4355.28 4325.63 4314.43 4311.76 4309.05 4305.71 4307.85 4307.89 4306.45 4304.86 4301.22 4299.07 4297.62 4295.08 4293.31 4290.78 4293.2 4292.98
4245.11 4245.35 4246.92 4250.26 4256.44 4263.89 4272.36 4281.57 4289.74 4286.4 4276.33 4274.9 4273.1 4270.55 4269.29 4269.4 4270.25 4272.82 4276.06 4277.79 4280.09 4284.4 4289.44 4293.29 4297.32 4300.22 4297.32 4294.43 4295.42 4299.01 4303.59 4307.64 4308.23 4308.77 4310.29 4311.94 4312.84 4318.6 4332.92 4345.33 4355.56 4358.01 4357.78 4356.93 4350.03 4341 4334.4 4329.98 4341.02 4359.27 4307.7 4299.07 4296.58 4296.12 4296.8 4297.54 4298.02 4299.5 4298.94 4297.22 4295.32 4292.8 4290.25 4288.71 4287.26 4290.36 4291.74
4244.72 4244.23 4245.56 4248.94 4254.49 4262.07 4270.63 4279.32 4285.38 4282.44 4272.06 4274.92 4271.38 4269.28 4265.86 4263.43 4264.58 4268.42 4273.74 4278.06 4279.08 4280.44 4284.76 4289.29 4293.41 4294.79 4292.9 4290.43 4290.69 4293.85 4299.46 4304.9 4303.41 4302.74 4302.97 4303.41 4304.72 4310.49 4320.93 4330.13 4335.37 4338.67 4336.3 4328.92 4323.55 4320.56 4315.9 4314.23 4336.03 4360.54 4317.94 4293.76 4288.13 4287.68 4289.06 4291.01 4292.47 4293.35 4293.63 4293.71 4292.37 4289.89 4287.34 4286.45 4287.31 4290.13 4290.68
4244.48 4243.53 4244.27 4246.25 4251.39 4258.91 4267.23 4274.81 4279.36 4277.01 4268.88 4278.13 4274.76 4269.26 4264.63 4261.19 4261.9 4265.74 4271.48 4276.74 4277.43 4277.64 4280.68 4284.52 4288.61 4290.33 4288.62 4286.28 4285.77 4287.8 4289.75 4292.65 4294.39 4295.18 4295.78 4296.33 4297.92 4303.11 4310.63 4317.47 4321.13 4321.4 4317.51 4310.4 4308.12 4307.28 4301.54 4301.48 4333.03 4357.89 4316.1 4289.09 4282.79 4282.68 4284.52 4286.52 4288.43 4289.79 4290.55 4290.72 4290.18 4288.97 4287.49 4287.15 4289.02 4290.17 4289.65
4245.47 4243.54 4243.53 4243.81 4247.9 4255.16 4262.85 4269.55 4272.86 4271.05 4278.92 4275.18 4272.54 4268.59 4265.64 4262.13 4262.02 4264.66 4269.13 4273.32 4274.69 4273.76 4274.97 4279.4 4283.43 4285.55 4284.73 4282.67 4280.74 4279.75 4279.89 4280.96 4284.77 4287.32 4289.01 4290.21 4291.29 4296.15 4301.89 4306.48 4309.2 4307.28 4303.23 4297.49 4294.95 4292.93 4289.05 4295.52 4335.62 4354.29 4313.65 4284.68 4278.73 4279.48 4281.61 4283.26 4285.13 4286.72 4288.16 4289.05 4289.42 4289.47 4289.15 4288.87 4290.7 4289.67 4288.11
4248.39 4243.52 4242.08 4241.25 4244.14 4251.3 4258.76 4264.4 4265.39 4264.63 4269.57 4269.06 4269.81 4267.39 4266.59 4262.76 4261.77 4262.86 4266.56 4270.63 4272.83 4270.35 4270.65 4275.46 4280.09 4282.34 4281.16 4278.81 4276.16 4273.66 4272.42 4273.89 4277.44 4280.78 4283.5 4285.64 4287.98 4291.47 4295.31 4296.79 4296.54 4295.67 4291.98 4287.86 4283.71 4279.71 4277.07 4282.04 4326.98 4341.82 4306.98 4279.19 4275.82 4278.49 4280.61 4282 4283.64 4285.21 4286.85 4287.99 4289.35 4290.53 4290.53 4289.73 4288.54 4287.55 4284.94
4249.21 4242.65 4240.68 4239.12 4241.07 4248.18 4255.48 4260.84 4258 4251.14 4268.88 4266.78 4266.01 4264.21 4264.01 4262.82 4261.47 4261.61 4263.72 4265.57 4265.65 4266.06 4267.49 4273.04 4279.14 4280.48 4277.26 4273.71 4271.65 4267.25 4264.83 4266.88 4271.42 4275.86 4279.65 4282.87 4283.86 4288.14 4291.11 4293.51 4291.76 4287.37 4282.48 4277.89 4274.95 4271.96 4269.56 4274.7 4319.71 4328.17 4299.57 4274.93 4274.56 4279.53 4280.49 4281.16 4282.39 4284.2 4285.97 4287.83 4289.49 4291 4291.49 4289.63 4288.76 4285.12 4281.81
4247.91 4242.65 4239.35 4238.57 4240.67 4246.38 4252.63 4257.93 4253.12 4244.67 4264.72 4265.66 4262.01 4260.11 4261.42 4261.99 4260.92 4260.6 4260.74 4261.53 4262.06 4262.91 4265.64 4270.56 4276.15 4276.79 4271.91 4266.29 4259.64 4258.3 4260.52 4262.91 4266.89 4271.92 4276.96 4282.21 4287.15 4285.87 4286.3 4288.32 4285.6 4280.22 4274.91 4270.43 4269.04 4269.68 4266.12 4270.97 4307.13 4313.38 4293.94 4275.54 4274.66 4278.9 4280.1 4280.91 4282.12 4283.61 4285.48 4287.34 4289.05 4290.37 4289.07 4286.59 4284.45 4281.81 4278.26
4245.43 4242.48 4239.37 4239.34 4241.78 4244.75 4248.98 4252.31 4248.46 4245.36 4260.86 4262.49 4258.84 4257.81 4259.92 4260.66 4258.52 4257.13 4256.97 4257.17 4257.22 4259.75 4262.86 4267.64 4270.28 4269.94 4265.5 4259.66 4252.82 4250.92 4253.76 4258.1 4263.02 4268.64 4274.23 4279.69 4282.67 4281.52 4279.33 4276.91 4276.36 4273.93 4269.64 4266.24 4264.48 4263.16 4261.06 4267.57 4297.35 4301.35 4289 4275.07 4274.69 4278.75 4279.23 4280.31 4281.59 4283.12 4284.89 4286.92 4288.38 4289.41 4288.33 4284.65 4281.53 4279.65 4277.19
4243.25 4240.08 4240.29 4240.47 4240.22 4242.01 4244.89 4246.71 4246.81 4250.06 4257.94 4258.86 4255.67 4254.48 4255.25 4255.77 4255.11 4253.81 4253.4 4253.65 4253.05 4254.96 4258.56 4262.61 4266.72 4263.03 4259.02 4254.51 4250.93 4248.08 4247.63 4253.35 4259.95 4265.91 4271.1 4275.92 4278.82 4276.42 4273.3 4269.87 4271.15 4271.21 4267.53 4264.2 4262.59 4259.94 4259.05 4268.94 4292.11 4294.48 4285.89 4275.99 4274.52 4276.42 4278.3 4279.8 4281.17 4282.64 4284.37 4285.88 4287.08 4287.79 4287.68 4284.11 4281.07 4279.07 4277.94
4242.37 4240.49 4240.6 4240.44 4239.63 4240.4 4242.13 4243.64 4246.23 4250.21 4253.46 4254.12 4253.52 4255.96 4252.69 4252.87 4252.49 4250.78 4249.84 4249.37 4247.05 4248.32 4250.16 4251.83 4254.21 4254.72 4252.78 4249.54 4246.71 4245.52 4246.31 4251.72 4258.53 4264.81 4269.28 4269.78 4271.14 4272.8 4270.55 4268.27 4270.92 4273.89 4274.41 4270.14 4264.86 4261.39 4261.74 4271.43 4289.14 4290.43 4284.08 4277.01 4275.09 4276.77 4277.98 4279.33 4280.5 4281.7 4283.69 4285.03 4286.11 4286.78 4287.36 4283.55 4280.82 4278.6 4277.23
4242.42 4241.92 4241.98 4241.87 4241.2 4240.63 4240.84 4242.27 4245.42 4248.66 4250.98 4252.87 4250.97 4252.07 4251.39 4252.1 4251.42 4249.83 4249.14 4247.84 4244.21 4243.56 4244.65 4244.57 4245.3 4247.93 4248.09 4246.6 4244.59 4244.11 4246.83 4252.1 4258.82 4265.75 4271.6 4273.23 4274.1 4274.12 4271.66 4270.07 4273.07 4277.8 4283.56 4277.26 4267.27 4261.5 4261.56 4272.99 4287.59 4288.29 4283 4275.68 4274.03 4276.66 4277.82 4278.64 4279.47 4280.53 4282.13 4283.4 4285 4286.5 4287.11 4284.99 4281.4 4278.01 4275.81
4243.63 4244.07 4244.72 4244.88 4242.88 4240.76 4239.99 4241.55 4245.47 4246.92 4246.61 4248.64 4251.26 4250.82 4249.75 4250.89 4250.43 4248.65 4247.55 4248.04 4243.3 4242.51 4242.16 4242.05 4242.89 4244.6 4245.78 4245.83 4244.96 4244.91 4247.89 4253 4259.75 4267.52 4276.35 4286.37 4283.78 4278.44 4274.24 4272.86 4274.82 4277.72 4279.64 4274.52 4266.01 4259.46 4258.51 4273.14 4286.1 4287.62 4283.5 4277.83 4276.87 4278.08 4277.38 4277.36 4278.01 4278.83 4280.34 4281.57 4282.67 4284.23 4285.98 4285.47 4280.91 4277.21 4275.83
4245.4 4246.86 4247.69 4247.38 4244.29 4241.52 4238.96 4239.93 4247.64 4245.56 4245.64 4247.73 4248.74 4246.76 4243.91 4247.14 4247.47 4245.18 4243.62 4243.38 4240.84 4240.84 4240.24 4239.02 4240.76 4243.32 4245.48 4246.65 4246.32 4245.71 4248.48 4253.66 4259.92 4267.26 4276.16 4286.57 4285.04 4281.05 4277.08 4274.7 4275.72 4275.83 4274.06 4269.9 4263.33 4257.72 4255.99 4273.52 4287.07 4288.04 4284.51 4281.19 4280.96 4277.9 4275.87 4275.2 4275.4 4276.57 4277.95 4279.22 4280.71 4282.73 4284.59 4281.54 4277.84 4274.75 4273.91
