real_craters/C165-750m.grd
DSAA
161 161
-60.095 60.095
-60.095 60.095
2872.0367087831 4911.0697117029
[rows 76 to 113 of 161, columns 0 to 83 of 161]
4291 4296 4291 4293 4294 4295 4298 4296 4305 4315 4313 4332 4323 4310 4300 4293 4298 4301 4305 4307 4308 4304 4304 4309 4315 4318 4322 4335 4349 4356 4358 4359 4360 4363 4367 4369 4375 4384 4391 4400 4404 4409 4412 4413 4409 4418 4438 4450 4439 4420 4420 4401 4400 4373 4476 4549 4500 4536 4466 4328 4062 3781 3607 3488 3369 3254 3176 3116 3063 3028 2994 2973 2967 2964 2928 2902 2903 2932 2913 2909 2914 2915 2912 2923
4289 4295 4291 4292 4293 4296 4303 4299 4304 4313 4315 4326 4318 4307 4300 4296 4298 4298 4304 4308 4311 4304 4306 4314 4321 4327 4331 4342 4356 4364 4365 4365 4363 4364 4365 4366 4371 4378 4388 4406 4403 4408 4418 4425 4428 4424 4428 4434 4423 4409 4402 4395 4393 4369 4488 4537 4525 4573 4477 4303 4027 3722 3555 3430 3300 3201 3127 3070 3026 2994 2964 2948 2941 2928 2907 2895 2903 2937 2939 2920 2917 2919 2928 2936
4286 4289 4292 4292 4291 4292 4298 4297 4299 4310 4315 4314 4308 4301 4296 4304 4299 4298 4301 4305 4307 4307 4311 4322 4331 4337 4339 4350 4361 4368 4370 4369 4369 4366 4366 4367 4370 4377 4398 4413 4408 4404 4404 4415 4423 4424 4423 4423 4417 4413 4414 4403 4392 4378 4513 4541 4555 4600 4497 4317 4034 3723 3550 3425 3307 3220 3104 3048 3002 2973 2952 2935 2925 2917 2905 2898 2912 2990 2960 2929 2923 2919 2922 2923
4284 4286 4288 4289 4289 4290 4291 4295 4296 4303 4302 4302 4300 4297 4297 4304 4296 4299 4299 4302 4304 4310 4318 4327 4334 4344 4350 4360 4367 4374 4373 4372 4372 4368 4367 4369 4376 4384 4409 4422 4415 4403 4397 4404 4413 4414 4416 4410 4409 4419 4422 4411 4394 4398 4534 4549 4571 4619 4522 4316 4063 3749 3589 3454 3330 3244 3104 3039 2997 2965 2943 2922 2917 2915 2907 2900 2931 2961 2962 2949 2929 2913 2899 2892
4286 4287 4286 4287 4289 4289 4291 4295 4291 4297 4302 4300 4298 4295 4297 4302 4298 4297 4295 4301 4308 4318 4325 4334 4346 4353 4359 4368 4371 4373 4374 4373 4372 4371 4370 4372 4380 4402 4404 4416 4409 4403 4398 4398 4398 4397 4399 4394 4404 4415 4412 4398 4384 4421 4566 4545 4569 4638 4567 4419 4109 3812 3623 3487 3356 3231 3128 3053 3008 2970 2944 2926 2920 2919 2913 2901 2934 2955 2959 2949 2925 2904 2884 2872
4285 4287 4286 4288 4290 4291 4292 4291 4289 4293 4296 4300 4297 4294 4303 4304 4297 4298 4295 4301 4312 4326 4330 4335 4346 4357 4363 4367 4369 4371 4371 4374 4374 4373 4373 4375 4380 4408 4419 4413 4406 4404 4400 4396 4394 4390 4391 4394 4410 4416 4417 4398 4384 4422 4600 4532 4561 4673 4608 4372 4124 3888 3684 3514 3360 3215 3140 3081 3024 2980 2955 2936 2928 2929 2928 2926 2949 2963 2959 2928 2912 2900 2889 2879
4287 4284 4287 4287 4289 4290 4291 4292 4291 4294 4295 4295 4294 4293 4307 4305 4295 4296 4295 4300 4311 4321 4329 4338 4354 4359 4366 4365 4364 4361 4364 4372 4379 4377 4378 4382 4392 4421 4415 4413 4405 4405 4404 4396 4392 4388 4388 4399 4421 4421 4414 4401 4394 4425 4611 4502 4538 4635 4668 4479 4204 3964 3707 3541 3378 3235 3184 3131 3057 2999 2972 2952 2943 2944 2949 2951 2954 2957 2941 2919 2902 2903 2913 2931
4289 4286 4293 4290 4290 4292 4293 4291 4291 4294 4298 4295 4294 4296 4311 4306 4293 4295 4296 4301 4312 4322 4332 4344 4352 4360 4364 4366 4363 4358 4358 4364 4370 4376 4381 4390 4403 4429 4413 4401 4398 4401 4399 4394 4390 4388 4386 4396 4411 4408 4395 4381 4381 4468 4586 4489 4532 4645 4715 4588 4295 4029 3763 3594 3443 3313 3251 3203 3109 3039 3001 2975 2959 2961 2969 2967 2973 2980 2975 2909 2892 2909 2928 2944
4293 4289 4291 4289 4291 4292 4293 4293 4291 4292 4295 4295 4295 4296 4315 4307 4295 4300 4304 4315 4326 4335 4343 4353 4356 4362 4369 4375 4372 4360 4353 4357 4364 4373 4382 4395 4414 4422 4404 4389 4389 4390 4391 4388 4386 4385 4386 4389 4393 4390 4383 4375 4386 4499 4540 4477 4531 4628 4705 4676 4414 4122 3855 3685 3545 3426 3348 3282 3175 3088 3036 3004 2981 2972 2970 2965 2972 2983 2990 2925 2906 2930 2945 2955
4290 4290 4292 4291 4293 4292 4294 4293 4293 4290 4294 4294 4294 4295 4319 4305 4297 4305 4317 4331 4340 4347 4353 4354 4355 4365 4376 4384 4386 4369 4357 4356 4361 4369 4379 4391 4402 4394 4376 4369 4375 4379 4382 4380 4381 4383 4386 4384 4382 4384 4383 4375 4404 4496 4505 4472 4528 4603 4667 4695 4516 4237 3970 3797 3664 3552 3439 3346 3242 3146 3081 3036 3005 2985 2968 2967 2976 2986 2975 2967 2969 2970 2969 2968
4298 4297 4294 4295 4294 4294 4294 4293 4296 4302 4299 4295 4294 4299 4316 4305 4301 4303 4309 4325 4338 4344 4347 4343 4345 4359 4374 4393 4397 4379 4363 4358 4365 4372 4376 4377 4379 4368 4353 4355 4365 4376 4380 4378 4380 4385 4389 4385 4376 4376 4374 4372 4414 4491 4482 4473 4527 4602 4667 4732 4642 4376 4104 3911 3775 3674 3514 3437 3343 3227 3145 3089 3041 3010 2989 2973 2978 2985 2986 3013 3029 3008 2992 2981
4307 4306 4300 4301 4297 4296 4296 4294 4295 4299 4298 4296 4296 4300 4318 4303 4305 4302 4307 4311 4324 4333 4338 4338 4342 4357 4375 4393 4399 4389 4373 4368 4371 4376 4373 4367 4362 4356 4348 4354 4364 4376 4381 4379 4384 4389 4391 4388 4380 4363 4364 4385 4415 4485 4461 4464 4524 4598 4667 4709 4702 4479 4207 3999 3850 3729 3585 3507 3429 3314 3222 3155 3092 3044 3014 2999 2990 2991 3003 3027 3041 3023 3009 2996
4307 4312 4318 4308 4304 4301 4294 4296 4293 4289 4292 4294 4298 4307 4331 4312 4306 4302 4306 4307 4313 4321 4322 4329 4341 4360 4383 4403 4409 4403 4397 4386 4378 4374 4369 4362 4356 4358 4352 4364 4374 4383 4389 4388 4397 4399 4400 4402 4397 4361 4352 4384 4422 4441 4441 4464 4512 4569 4629 4724 4741 4548 4282 4068 3908 3759 3652 3570 3492 3392 3302 3233 3161 3099 3066 3046 3029 3011 3015 3021 3016 3027 3027 3019
4313 4319 4322 4320 4310 4299 4295 4296 4295 4289 4290 4295 4304 4321 4352 4327 4309 4303 4304 4306 4307 4311 4314 4323 4346 4371 4393 4415 4419 4411 4405 4397 4384 4375 4369 4360 4353 4355 4358 4364 4372 4390 4407 4427 4422 4415 4409 4403 4390 4360 4354 4376 4417 4422 4448 4477 4501 4534 4597 4732 4810 4605 4352 4142 3988 3844 3726 3639 3561 3467 3379 3333 3255 3161 3125 3097 3083 3051 3034 3028 3032 3044 3055 3057
4305 4316 4317 4317 4311 4302 4296 4296 4293 4290 4291 4295 4305 4328 4354 4340 4316 4306 4302 4301 4302 4305 4309 4318 4340 4369 4391 4415 4416 4412 4409 4403 4391 4381 4373 4365 4357 4357 4355 4354 4356 4376 4413 4446 4448 4431 4415 4399 4384 4359 4353 4358 4384 4445 4471 4485 4489 4503 4549 4629 4716 4617 4411 4220 4085 3952 3808 3730 3653 3559 3467 3432 3359 3235 3199 3162 3141 3107 3075 3057 3062 3078 3102 3123
4299 4309 4307 4307 4304 4300 4302 4299 4293 4291 4291 4294 4301 4314 4324 4310 4304 4300 4300 4299 4300 4302 4305 4312 4328 4352 4374 4394 4402 4399 4400 4401 4396 4388 4381 4375 4368 4361 4355 4349 4346 4367 4400 4438 4454 4448 4422 4400 4378 4355 4348 4338 4360 4438 4448 4469 4479 4489 4509 4549 4640 4604 4449 4287 4150 4023 3882 3823 3779 3669 3566 3513 3425 3325 3287 3260 3221 3173 3136 3111 3109 3127 3162 3204
4289 4294 4298 4297 4295 4301 4309 4312 4298 4291 4288 4292 4301 4306 4306 4297 4299 4299 4296 4297 4298 4298 4301 4304 4314 4330 4352 4371 4380 4381 4383 4385 4391 4390 4387 4385 4378 4364 4357 4352 4349 4357 4379 4413 4436 4437 4417 4394 4370 4349 4343 4327 4437 4373 4393 4437 4471 4497 4505 4520 4598 4574 4468 4337 4178 4036 3933 3883 3848 3771 3685 3633 3559 3432 3377 3345 3293 3242 3213 3199 3182 3188 3226 3276
4287 4292 4294 4294 4295 4304 4313 4313 4299 4289 4287 4287 4294 4296 4299 4295 4296 4290 4289 4294 4294 4299 4300 4294 4300 4316 4335 4352 4366 4370 4374 4379 4383 4386 4387 4387 4380 4373 4363 4359 4357 4357 4364 4381 4395 4407 4398 4382 4359 4342 4339 4322 4474 4341 4372 4418 4467 4513 4514 4497 4528 4532 4480 4377 4227 4092 3990 3920 3886 3858 3842 3785 3690 3576 3490 3422 3350 3309 3303 3303 3275 3265 3302 3344
4287 4288 4291 4292 4292 4298 4308 4311 4294 4283 4279 4280 4285 4298 4288 4291 4290 4284 4284 4290 4293 4297 4295 4286 4289 4304 4319 4334 4349 4356 4366 4372 4379 4381 4382 4382 4375 4373 4372 4369 4366 4368 4368 4371 4375 4381 4380 4366 4351 4344 4340 4311 4464 4332 4372 4408 4450 4491 4501 4478 4480 4508 4508 4461 4287 4137 4041 3975 3936 3920 3919 3888 3850 3748 3623 3524 3435 3386 3377 3392 3371 3357 3386 3420
4285 4286 4291 4290 4289 4291 4298 4296 4287 4277 4274 4275 4278 4293 4280 4280 4280 4278 4280 4284 4289 4296 4287 4286 4288 4292 4303 4319 4334 4346 4361 4370 4375 4379 4377 4374 4376 4373 4379 4376 4378 4381 4382 4381 4385 4388 4377 4363 4352 4349 4342 4322 4425 4325 4375 4392 4416 4439 4472 4460 4462 4504 4537 4545 4397 4197 4094 4021 3989 3957 3952 3931 3897 3852 3743 3634 3547 3481 3454 3459 3460 3463 3488 3511
4284 4286 4289 4288 4286 4289 4290 4296 4290 4278 4270 4270 4274 4291 4281 4275 4273 4273 4275 4279 4282 4286 4282 4287 4285 4280 4289 4309 4329 4337 4357 4376 4383 4380 4375 4371 4377 4375 4375 4374 4377 4381 4390 4398 4396 4393 4386 4373 4357 4349 4343 4335 4386 4336 4348 4372 4386 4396 4416 4462 4469 4511 4546 4560 4510 4247 4125 4082 4049 4006 3976 3943 3909 3853 3780 3721 3670 3585 3572 3570 3578 3597 3608 3619
4285 4290 4289 4287 4287 4289 4286 4293 4289 4278 4267 4264 4269 4280 4276 4272 4271 4269 4269 4272 4278 4278 4276 4272 4269 4270 4279 4300 4323 4339 4366 4382 4386 4381 4375 4370 4372 4373 4374 4370 4372 4374 4386 4402 4414 4414 4403 4386 4369 4361 4352 4358 4374 4350 4353 4363 4368 4368 4377 4419 4478 4507 4528 4533 4514 4327 4152 4120 4100 4056 4002 3951 3938 3904 3838 3798 3743 3697 3689 3698 3721 3715 3734 3746
4287 4291 4295 4300 4294 4288 4286 4289 4291 4274 4264 4260 4262 4274 4269 4275 4270 4266 4262 4265 4268 4269 4268 4264 4261 4266 4275 4293 4318 4343 4377 4386 4383 4379 4374 4372 4372 4368 4366 4364 4363 4362 4374 4396 4440 4442 4426 4403 4382 4370 4359 4361 4373 4353 4356 4358 4359 4361 4363 4394 4466 4489 4503 4505 4493 4402 4205 4132 4132 4098 4052 4021 4025 3999 3933 3896 3857 3815 3802 3808 3825 3860 3874 3894
4293 4299 4305 4298 4295 4291 4286 4285 4285 4275 4265 4257 4258 4269 4262 4266 4266 4266 4261 4260 4260 4259 4260 4261 4261 4265 4272 4291 4313 4350 4384 4392 4384 4377 4371 4370 4369 4361 4360 4356 4349 4342 4345 4374 4454 4453 4442 4416 4393 4367 4351 4344 4353 4344 4349 4354 4353 4353 4356 4385 4444 4468 4482 4489 4505 4441 4260 4168 4120 4141 4090 4057 4038 4008 4025 3999 3988 3986 3978 3962 3944 3961 4005 4075
4296 4301 4308 4302 4298 4291 4280 4273 4272 4271 4264 4255 4257 4262 4253 4256 4260 4264 4266 4261 4259 4259 4262 4263 4263 4266 4280 4299 4317 4350 4379 4398 4388 4377 4366 4365 4362 4359 4357 4352 4338 4319 4323 4345 4416 4424 4418 4403 4381 4369 4358 4349 4341 4336 4353 4359 4351 4348 4357 4385 4423 4448 4467 4485 4504 4483 4380 4238 4164 4140 4134 4107 4118 4081 4084 4094 4109 4122 4144 4149 4113 4115 4164 4295
4295 4296 4301 4297 4294 4291 4279 4270 4267 4265 4261 4257 4260 4259 4248 4252 4254 4257 4262 4267 4272 4270 4272 4268 4266 4272 4288 4301 4321 4349 4371 4394 4390 4375 4361 4362 4364 4365 4355 4341 4324 4309 4314 4333 4364 4383 4381 4393 4389 4377 4369 4357 4355 4348 4353 4362 4358 4362 4368 4398 4417 4429 4450 4477 4487 4499 4442 4324 4264 4254 4268 4252 4278 4251 4196 4210 4226 4230 4255 4292 4330 4302 4328 4495
4293 4291 4290 4292 4290 4286 4278 4271 4266 4262 4259 4260 4269 4264 4249 4249 4249 4253 4263 4276 4284 4283 4276 4271 4267 4269 4272 4296 4317 4339 4353 4366 4373 4368 4361 4363 4370 4375 4352 4321 4313 4307 4318 4334 4350 4363 4378 4412 4410 4391 4368 4353 4354 4351 4369 4371 4357 4355 4377 4410 4392 4405 4429 4450 4463 4495 4472 4422 4426 4444 4447 4485 4531 4502 4399 4382 4371 4361 4394 4441 4483 4486 4524 4641
4295 4289 4285 4283 4284 4283 4283 4275 4268 4261 4257 4258 4266 4262 4250 4246 4246 4249 4261 4278 4286 4275 4278 4273 4269 4270 4280 4288 4306 4322 4326 4339 4353 4355 4353 4356 4354 4360 4347 4328 4321 4320 4335 4344 4347 4355 4374 4402 4415 4400 4379 4342 4356 4358 4368 4362 4346 4350 4379 4402 4378 4386 4407 4432 4448 4457 4459 4455 4457 4467 4509 4574 4607 4617 4631 4575 4530 4513 4529 4565 4594 4613 4659 4727
4295 4289 4281 4275 4278 4278 4274 4272 4267 4262 4255 4253 4258 4255 4245 4244 4244 4246 4256 4268 4277 4280 4274 4276 4279 4282 4284 4289 4297 4308 4310 4319 4334 4339 4336 4351 4338 4352 4347 4338 4338 4341 4346 4349 4349 4351 4364 4391 4401 4390 4383 4340 4357 4356 4362 4352 4343 4350 4371 4392 4384 4383 4385 4384 4398 4411 4432 4445 4457 4466 4497 4551 4602 4653 4708 4670 4646 4683 4742 4757 4738 4722 4710 4732
4303 4292 4282 4280 4281 4277 4273 4273 4270 4268 4261 4251 4247 4238 4236 4239 4241 4245 4249 4253 4263 4265 4270 4278 4285 4289 4288 4286 4287 4285 4292 4301 4312 4315 4318 4335 4330 4346 4346 4347 4343 4344 4351 4353 4356 4364 4378 4397 4399 4389 4377 4357 4359 4360 4366 4349 4344 4357 4366 4376 4385 4383 4373 4371 4387 4402 4416 4428 4436 4448 4472 4505 4560 4608 4629 4647 4670 4721 4840 4848 4785 4739 4699 4693
4304 4291 4281 4276 4273 4274 4274 4273 4274 4279 4281 4270 4250 4239 4236 4233 4235 4239 4243 4248 4259 4272 4274 4280 4287 4290 4285 4282 4280 4281 4286 4291 4300 4307 4317 4338 4328 4339 4341 4342 4342 4345 4344 4345 4364 4386 4400 4404 4396 4380 4365 4363 4362 4361 4359 4348 4351 4373 4365 4364 4374 4375 4367 4365 4381 4403 4413 4423 4429 4458 4482 4481 4514 4561 4601 4607 4638 4682 4746 4732 4694 4649 4636 4645
4300 4287 4277 4271 4269 4271 4280 4287 4287 4290 4289 4269 4252 4245 4243 4237 4234 4234 4239 4243 4252 4267 4273 4279 4285 4288 4280 4278 4278 4278 4285 4286 4298 4309 4315 4323 4323 4331 4336 4340 4358 4361 4365 4371 4380 4400 4408 4405 4392 4380 4364 4369 4366 4361 4353 4352 4364 4372 4356 4358 4362 4364 4366 4370 4381 4394 4410 4426 4450 4470 4469 4478 4486 4509 4530 4568 4586 4606 4617 4604 4595 4581 4577 4570
4293 4280 4270 4264 4263 4274 4288 4302 4305 4297 4288 4273 4256 4251 4250 4243 4236 4235 4239 4246 4252 4252 4258 4276 4280 4278 4271 4273 4277 4280 4280 4281 4297 4311 4318 4322 4322 4330 4337 4346 4360 4369 4374 4386 4391 4392 4396 4392 4386 4395 4364 4379 4378 4362 4358 4360 4363 4361 4356 4354 4353 4354 4362 4369 4373 4384 4401 4423 4451 4463 4454 4464 4465 4466 4473 4516 4526 4524 4510 4497 4514 4529 4513 4491
4280 4273 4268 4264 4263 4272 4291 4307 4315 4298 4278 4275 4270 4256 4256 4248 4240 4237 4240 4243 4246 4251 4255 4271 4277 4276 4272 4272 4273 4276 4279 4290 4302 4308 4316 4319 4323 4334 4347 4359 4372 4389 4398 4400 4399 4395 4395 4391 4388 4406 4364 4376 4374 4371 4367 4368 4367 4362 4352 4349 4348 4350 4366 4372 4366 4367 4387 4409 4424 4426 4425 4437 4439 4435 4433 4462 4470 4462 4447 4444 4462 4482 4481 4468
4279 4271 4265 4264 4264 4262 4279 4299 4306 4292 4275 4273 4278 4258 4258 4252 4247 4241 4241 4244 4251 4255 4263 4271 4277 4279 4276 4271 4276 4287 4302 4313 4323 4322 4320 4323 4327 4341 4358 4373 4389 4409 4420 4417 4409 4405 4402 4403 4403 4404 4363 4372 4372 4378 4378 4382 4385 4370 4350 4346 4346 4349 4350 4345 4348 4365 4387 4398 4403 4403 4412 4417 4421 4415 4404 4416 4426 4421 4412 4411 4429 4455 4469 4471
4283 4272 4265 4262 4262 4259 4268 4279 4289 4284 4274 4270 4279 4255 4252 4250 4248 4243 4241 4244 4247 4255 4262 4274 4278 4278 4276 4279 4289 4305 4325 4345 4365 4364 4343 4349 4340 4349 4364 4377 4399 4419 4424 4420 4410 4401 4404 4409 4411 4398 4390 4381 4379 4382 4385 4391 4395 4374 4355 4346 4343 4342 4345 4345 4348 4367 4384 4389 4395 4404 4405 4405 4404 4396 4385 4391 4395 4394 4392 4391 4413 4438 4457 4460
4287 4276 4268 4260 4257 4259 4258 4260 4267 4264 4257 4254 4258 4244 4245 4244 4242 4239 4237 4243 4249 4260 4268 4272 4277 4280 4283 4284 4303 4325 4361 4415 4447 4438 4375 4388 4363 4359 4364 4375 4392 4408 4417 4417 4409 4398 4388 4401 4403 4391 4383 4388 4385 4379 4383 4395 4393 4377 4356 4347 4343 4342 4346 4346 4357 4365 4370 4380 4388 4396 4412 4401 4387 4376 4370 4371 4373 4376 4376 4381 4400 4424 4442 4451
4292 4278 4264 4261 4251 4252 4250 4249 4246 4244 4242 4241 4248 4238 4240 4239 4237 4232 4228 4237 4259 4275 4276 4277 4278 4280 4286 4292 4313 4349 4413 4510 4597 4532 4424 4435 4393 4371 4361 4374 4394 4401 4410 4418 4406 4396 4391 4395 4394 4385 4382 4388 4388 4366 4370 4389 4384 4359 4346 4344 4343 4345 4350 4351 4371 4367 4364 4373 4381 4389 4388 4382 4374 4366 4358 4349 4354 4362 4369 4379 4390 4406 4419 4418
