real_craters/C165-500m.grd
DSAA
241 241
-60.095 60.095
-60.095 60.095
2865.5428276892 4912.001954071
[rows 60 to 89 of 241, columns 67 to 133 of 241]
4315.19 4313.01 4310.21 4311.21 4311.25 4309.8 4308.34 4313.77 4321.87 4326.26 4326.65 4330.69 4337.83 4343.39 4342.46 4335.33 4329.68 4331.09 4332.26 4333.6 4341.38 4377.59 4366.42 4380.75 4384.46 4396.85 4408.24 4417.84 4427 4434.15 4432.29 4429.86 4433.91 4437.31 4433.79 4434.72 4438.77 4448.3 4460.19 4458.57 4453.76 4450.72 4444.4 4434.52 4434.12 4437.27 4438.48 4439.4 4439.61 4438.57 4433.41 4427.29 4422.22 4416.23 4411.31 4407.05 4402.32 4397.09 4391.24 4385.48 4379.75 4375.4 4373.22 4374.83 4378.79 4383.41 4389.13
4318.61 4317.2 4315.91 4319.32 4319.51 4313.33 4309.51 4313.28 4317.56 4320.86 4321.93 4330.76 4344.12 4357.62 4358.24 4346.36 4335.22 4330.7 4333.5 4332.14 4340.79 4386.88 4365.62 4380.04 4385.69 4397.41 4409.73 4419.35 4424.7 4426.36 4429.42 4425.3 4428.31 4430.89 4429.57 4429.31 4431.11 4436.96 4449.08 4449.67 4449.02 4440.36 4437.55 4433.36 4432.11 4433 4434.07 4434.05 4432.48 4428.73 4426.35 4427.19 4427.67 4425.17 4419.45 4414.02 4408.17 4402.65 4397.36 4392.44 4387.13 4383.54 4381.95 4384.94 4390.4 4396.8 4401.85
4324.71 4318.74 4319.21 4325.25 4322.3 4315.17 4310.99 4312.1 4314.08 4317.38 4321.89 4331.31 4345.46 4361.3 4362.24 4352.5 4340.26 4331.58 4333.49 4329.85 4339.08 4396.81 4369.91 4382.49 4390.65 4403.46 4411.89 4420.48 4423.07 4418.97 4420.36 4418.55 4419.46 4421.73 4422.31 4422.4 4423.34 4426.72 4436.37 4436.67 4429.05 4429.64 4431.35 4430.18 4430.32 4431.03 4431.73 4431.66 4429.59 4425.91 4424.82 4429.36 4434.55 4434.14 4427.47 4421.15 4414.9 4409.76 4404.46 4399.6 4395.14 4392 4391.19 4394.2 4400.17 4406.39 4413.59
4320.8 4313.4 4313.06 4316.87 4318 4314.33 4310.7 4311.58 4313.91 4317.62 4321.55 4327.69 4338.6 4350.62 4351.48 4343.44 4335.76 4330.16 4329.75 4326.45 4339.52 4398.55 4369.99 4379.65 4390.68 4403.09 4410.9 4416.78 4416.71 4411.99 4413.25 4413.58 4410.92 4412.94 4415.38 4416.49 4417.57 4420.91 4427.98 4427.34 4425.02 4426.43 4430.1 4431.97 4430.94 4431.77 4432.4 4432.55 4430.86 4428.44 4428.6 4433.49 4439.36 4439.46 4433.84 4427.91 4421.87 4416.58 4411.39 4406.57 4402.58 4399.87 4399.4 4402.4 4408.23 4413.75 4415.83
4316.2 4312.32 4310.28 4311.31 4315.72 4314.63 4312.08 4312.86 4314.73 4319.43 4321.76 4321.94 4327.04 4331.99 4336 4334.3 4331.66 4330.24 4328.27 4324.41 4339.18 4399.58 4371.13 4375.52 4387.57 4400.07 4407.61 4412.26 4411.62 4406.43 4406.32 4406.88 4404.37 4407.3 4410.04 4412.53 4414.11 4413.62 4414.97 4416.99 4416.49 4418.19 4434.27 4448.7 4435.58 4434.91 4435.38 4435.91 4435.28 4434.62 4434.18 4438.8 4443.05 4442.45 4438.23 4433.14 4428.07 4423.15 4418.36 4414.05 4410.25 4407.6 4406.37 4409.42 4415.29 4419.5 4420.73
4316.42 4313.74 4314.65 4318.46 4320.09 4317.7 4316.14 4315.2 4315.38 4317.58 4317.86 4316.12 4317.64 4318.34 4326.65 4332.77 4333.5 4334.14 4328.64 4325.56 4348.42 4396.67 4368.96 4369.26 4383.27 4394.49 4402.2 4409.03 4413.54 4404.09 4401.58 4401.63 4398.17 4401.94 4407.11 4411.43 4413.29 4410.98 4406.01 4406.54 4410.22 4418.2 4437.9 4451.81 4442.3 4438.48 4439.88 4441.37 4442.39 4442.99 4443.84 4444.43 4446.51 4445.07 4441.88 4438.12 4434.06 4429.73 4425.74 4422.15 4418.96 4416.43 4414.78 4417.63 4422.78 4425.27 4425.62
4320.18 4319.48 4322.67 4327.22 4325.73 4322.34 4319.53 4318.21 4317.15 4316.14 4314.66 4312.5 4313.62 4316.77 4323.19 4330.46 4334.43 4337.5 4330.75 4326.69 4354.14 4391.31 4368.43 4361.34 4378.73 4386.23 4396.15 4404.87 4410.23 4409.37 4404.35 4406.78 4401.83 4401.62 4407.44 4412.66 4416.34 4417.82 4411.17 4404.92 4413.32 4427.62 4434.29 4442.2 4439.4 4441.27 4445.25 4448.16 4450.58 4452.6 4452.38 4450.47 4444.85 4445.43 4445.23 4443.62 4440.41 4437.11 4433.51 4430.42 4427.85 4426.72 4426.95 4429 4431.24 4432.89 4433.56
4320.58 4322.11 4326.36 4330.37 4328.46 4327.05 4324.49 4323.2 4320.49 4321.49 4317.03 4312.61 4312.03 4314.45 4320.65 4327.6 4333.02 4336.67 4333.43 4327.9 4365.96 4397.06 4370.17 4358.62 4375.5 4383.74 4391.42 4397.48 4405.21 4410.77 4401.95 4407.62 4405.91 4406.91 4410.55 4414.77 4419.49 4425.27 4426.33 4414.79 4416.63 4423.25 4427.46 4436.27 4442.27 4447.98 4453.12 4457.02 4459.87 4462.85 4467.49 4460.64 4450.64 4450.3 4450.31 4449.1 4446.75 4444.01 4440.58 4438.11 4436.11 4435.53 4436.46 4437.36 4437.87 4438.49 4437.4
4324.78 4325.4 4326.88 4327.62 4329.31 4332.18 4332.35 4329.79 4327.66 4323.83 4318.63 4313.79 4312.49 4314.24 4318.34 4324.31 4331.37 4337.12 4337.23 4330.41 4374.26 4397.26 4371.94 4355.37 4369.32 4380.62 4387.75 4390.2 4389.75 4396.23 4401.34 4408.07 4413.87 4413.36 4413.87 4415.81 4419.16 4422.48 4419.09 4420.72 4423.97 4428.94 4437.48 4442.67 4451.72 4457.95 4463.11 4466.46 4468.29 4469.6 4469.79 4465.58 4460.46 4458.44 4457.32 4455.4 4453.2 4450.63 4447.65 4445.21 4443.26 4442.41 4442.33 4442.13 4441.26 4439.69 4434.86
4331.42 4331.23 4330.03 4328.87 4330.98 4334.88 4335.92 4333.31 4329.15 4324.03 4319.79 4316.32 4314.43 4314.88 4317.31 4322.77 4331 4337.34 4338.76 4336.16 4381.75 4392.84 4370.87 4355.41 4363.49 4375.52 4384 4388.21 4389.39 4388.52 4396.46 4404.08 4415 4413.85 4414.28 4415.42 4417.55 4418.43 4418.73 4422.63 4438.21 4450.12 4455.73 4461.35 4467.3 4472.02 4476.16 4477.98 4477.21 4474.84 4470.12 4467.01 4468.91 4467.89 4466.17 4464.14 4461.42 4458.74 4455.21 4452.75 4450.47 4448.43 4446.61 4442.72 4443.27 4440.61 4435.32
4340.16 4340.37 4339.77 4337.08 4336.57 4338.55 4339.4 4338.31 4334 4326.78 4322.89 4317.58 4315.04 4316.59 4319.27 4324.29 4331.85 4336.52 4336.23 4339.98 4378.93 4384.79 4366.87 4355.1 4359.76 4369.99 4378.71 4384.74 4388.31 4389.02 4390.58 4397.65 4403.9 4408.7 4412.05 4415.73 4417.77 4417.44 4417.04 4435.45 4462.94 4481.87 4484.42 4489.32 4490.77 4490.9 4492.52 4490.54 4487.24 4482.78 4476.43 4474 4479.15 4478.14 4476.06 4473.24 4470.57 4467.72 4464.28 4460.92 4458.08 4455.23 4453.27 4452.63 4448.07 4443.85 4439.97
4350.07 4350.31 4350.39 4348.29 4346.03 4342.79 4344.57 4345.05 4344.1 4339.39 4330.56 4321.8 4317.76 4319.18 4321.57 4325.72 4331.2 4334.04 4333.73 4337.17 4378.41 4377.82 4362.8 4355.31 4357.89 4366.7 4375.42 4381.4 4387.93 4387.33 4389.52 4392.49 4395.72 4403.22 4411.23 4418.84 4424.4 4427.43 4431.95 4463.83 4493.32 4522.14 4525.71 4521.69 4519.05 4518.83 4510.83 4504.54 4498.86 4494.15 4490.73 4491.87 4490.12 4488.69 4486.26 4483.54 4480.55 4477.65 4474.06 4470.38 4467.19 4462.59 4458.82 4455.63 4450.79 4446.97 4444.99
4361.93 4361.19 4358.67 4357.62 4356.37 4356.3 4353.64 4353.8 4352.93 4349.26 4340.53 4332.42 4328.26 4324.18 4319.56 4323.61 4331.53 4333.75 4334.16 4336.03 4373.83 4371.53 4359.26 4355.56 4360.17 4366.9 4374.12 4380.53 4387.5 4391.21 4391.15 4389.18 4391.82 4401.44 4414.75 4426.78 4437.26 4447.63 4460.15 4486.29 4518.95 4548.08 4555.8 4542.02 4537.34 4534.57 4523.81 4514.97 4508.64 4504.52 4502.41 4501.12 4500.75 4500.86 4499.37 4497.15 4494.41 4491.31 4487.85 4483.16 4476.6 4470.39 4463.18 4454.57 4450.7 4448.64 4445.99
4377.52 4376.65 4373.91 4370.74 4367.08 4366.5 4364.6 4362.32 4356.45 4353.33 4351.27 4346.08 4339.5 4331.29 4323.12 4322.96 4325.57 4330.93 4335.29 4341.44 4368.46 4364.24 4354.11 4354.52 4362.2 4368.72 4374.51 4381.21 4388.75 4394.15 4394.83 4392.09 4393.72 4406.27 4423.15 4438.77 4454.74 4470.49 4486.16 4500.77 4517.53 4538.97 4547.91 4549.4 4540.31 4535.88 4527.55 4521.51 4517.17 4514.1 4513.26 4513.41 4512.34 4511.76 4509.9 4508.7 4505.53 4504.08 4499.9 4494.36 4488.35 4481.07 4471.32 4460.38 4455.17 4453.5 4450.07
4399.43 4397.08 4393.33 4388.21 4384.25 4379.36 4376.01 4370.47 4366.53 4364.7 4365.48 4364.07 4354.62 4342.94 4332.21 4327.13 4325.71 4331.78 4341.21 4350.12 4361.31 4358.63 4351.16 4355.49 4365.25 4371.13 4374.86 4381.89 4389.78 4395.88 4400.21 4404.62 4410.79 4421.01 4438.05 4455.11 4472.93 4492.49 4510.5 4517.35 4523.8 4534.53 4535.81 4533.6 4530.66 4526.42 4526.16 4526.16 4525.33 4524.03 4523.63 4526.87 4523.53 4522.03 4521.51 4519.73 4518.16 4515.41 4511.87 4507.75 4501.65 4493.68 4484.95 4475.81 4469.19 4464.2 4459.77
4421.81 4418.99 4415.44 4407.27 4398.84 4393.48 4388.46 4384.19 4381.87 4380.66 4381.07 4381.54 4374.83 4358.8 4346.59 4335.2 4330.99 4335.1 4341.41 4349.65 4358.62 4356.88 4353.23 4358.34 4367.17 4373.08 4376.41 4380.68 4387.5 4396.35 4404.55 4415.62 4426.33 4439.46 4453.38 4470.93 4489.7 4509.13 4526.48 4533.74 4533.95 4537.16 4526.77 4518.63 4520.29 4523.44 4528 4531.87 4534.23 4534.11 4530.92 4527.6 4529.94 4533.66 4533.21 4532.03 4530.19 4527.35 4524.63 4520.92 4516.22 4509.24 4501.78 4493.37 4485.06 4477.92 4471.08
4439.25 4435.12 4429.53 4421.3 4411.25 4406.58 4400.97 4396.82 4396.09 4394.45 4393.87 4393.42 4386.86 4370.37 4354.99 4343.98 4337.25 4340.17 4346.25 4351.05 4357.42 4357.68 4357.34 4360.8 4366.62 4371.86 4375.99 4381.42 4389.01 4396.01 4406.25 4413.14 4427.57 4446.78 4464.36 4483.62 4502.58 4521.7 4541.06 4547.3 4537.82 4530.44 4515.48 4509.33 4513.85 4522.3 4531.35 4540.08 4545.86 4548.06 4544.6 4540.21 4546.45 4548.41 4547.14 4545.69 4543.95 4542.37 4540.54 4537.86 4534.57 4529.52 4522.16 4512.76 4502.23 4496.36 4487.1
4455.02 4446.02 4437.77 4430.81 4425.09 4417.44 4412.17 4409.43 4406.67 4404.76 4403.05 4400.07 4390.76 4377.58 4365.89 4354.81 4347.76 4345.56 4346.37 4349.31 4356 4358.41 4361.93 4361.37 4363.44 4371.43 4376.04 4382.42 4389.94 4396.76 4405.76 4417.16 4430.73 4447.29 4474.23 4497.73 4515.87 4530.78 4544 4546.92 4532.65 4520.72 4508.04 4501.97 4513.29 4526.81 4538.73 4551.68 4559.82 4566.52 4572.47 4573.27 4570.18 4565.82 4561.04 4560.11 4560.13 4559.47 4559.01 4557.91 4556.3 4553.09 4548.05 4540.29 4529.14 4524.68 4513.76
4464.25 4455.44 4447.76 4440.59 4432.89 4422.65 4419.68 4417.11 4414.65 4411.72 4409.21 4405.35 4393.54 4381.35 4373.7 4365.12 4357.6 4351.52 4347.76 4355.05 4354.08 4355.76 4358.39 4360.37 4364.56 4372.38 4376.77 4384.05 4391.13 4396.61 4405.65 4423.89 4445.42 4466.11 4496.46 4521.49 4535.24 4540.85 4543.09 4541.07 4532.9 4522.28 4510.39 4510.93 4526.43 4544.94 4559.97 4567.04 4571.87 4580.17 4595.08 4593.78 4581.87 4577.06 4574.44 4574.97 4576.57 4578.02 4580.41 4580.76 4581.17 4580.75 4578.75 4576.26 4570.85 4564.05 4549.88
4466.6 4462.99 4456.87 4450.7 4433.37 4427.29 4425.02 4421.38 4417.47 4415.59 4413.23 4409.1 4397.97 4386.26 4379.88 4373.65 4366.48 4359.25 4354.14 4353.71 4352.01 4352.22 4354.37 4359.55 4363.96 4372.15 4380.49 4386.84 4396.43 4404.68 4415.3 4445.76 4478.34 4504.77 4537.33 4558.75 4565.16 4560.59 4553.63 4552.2 4550.05 4533.58 4521.89 4530.15 4546.6 4564.06 4583.48 4576.45 4575.18 4579.25 4586.25 4586.94 4581.91 4583.18 4585.36 4591.07 4596.93 4600.74 4604.55 4607.19 4609.4 4610.78 4612.1 4613.08 4614.96 4604.13 4586.8
4464.42 4465.44 4460.77 4452.44 4443.37 4430.95 4429.78 4424.82 4420.42 4418.83 4415.72 4411.11 4401.09 4392.28 4386.22 4381.36 4374.2 4367.07 4361.9 4357.84 4355.55 4353.65 4355.65 4362.62 4371.28 4383.39 4394.44 4404.24 4411.78 4422.67 4438.06 4482.49 4528.24 4571.27 4600.89 4606.94 4602.64 4594.18 4581.08 4568.48 4553.49 4535.8 4530.2 4539.95 4555.49 4565.69 4572.07 4571.16 4569.1 4569.01 4572.01 4575.05 4577.15 4587.56 4597.4 4607.81 4616.84 4623.24 4628.95 4631.36 4636.17 4639.16 4642.26 4644.55 4644.52 4635.94 4617.13
4467.63 4469.22 4463.84 4456.17 4445.79 4439.84 4431.83 4431.93 4428.69 4423.32 4417.59 4411.42 4403.98 4395.29 4390.46 4385.03 4379.73 4373.66 4366.8 4363.17 4363.05 4360.48 4362.34 4368.93 4378.71 4395.31 4410.37 4423.47 4434.49 4448.95 4471.96 4522.38 4579.14 4638.58 4668.03 4651.01 4633.46 4620.92 4597.11 4570.82 4547.1 4534.15 4533.94 4542.56 4555.48 4560.86 4560.37 4560.44 4558.96 4557.02 4557.6 4568.66 4579.98 4595.08 4616.59 4626.5 4637.96 4647.06 4652.62 4656.44 4660.83 4664.7 4668.66 4671.49 4674.68 4666.42 4641.36
4467.39 4469.74 4465.2 4461.29 4455.94 4446.33 4440.92 4440.81 4436.06 4428.01 4419.78 4413.51 4409.14 4403 4394.55 4389.34 4384.72 4379.05 4368.38 4363.54 4368.84 4366.11 4369.29 4376.79 4387.39 4407.68 4430.74 4452.05 4466.29 4480.67 4514.34 4559.22 4615.45 4673.81 4696.2 4670.36 4643.66 4623.44 4596.85 4567.61 4547.79 4540.74 4542.11 4548.62 4560.47 4557.9 4555.83 4554.15 4552.11 4550.13 4553.56 4572.74 4588.33 4609.1 4636.6 4650.68 4662.3 4668.56 4673.91 4678.55 4683.21 4687.17 4691 4693.86 4692.84 4683.13 4660.56
4459.63 4459.92 4461.37 4463.38 4461.06 4452.74 4449.59 4445.27 4441.04 4432.89 4423.31 4416.32 4416.46 4409.14 4399.35 4394.63 4389.34 4382.07 4365.27 4364.04 4376.63 4374.44 4378.77 4387.14 4397.47 4414.58 4446.28 4474.85 4486.53 4507.35 4545.99 4592.01 4635.89 4672.91 4682.36 4665.25 4640.79 4614.37 4594.4 4578.86 4564.74 4556.76 4556.28 4558.12 4557.09 4554.77 4551.62 4550.82 4551.93 4554.57 4564.27 4592.69 4614.93 4637.21 4661.72 4676.72 4684.09 4688.75 4692.1 4696.07 4700.56 4705.14 4709 4711.41 4706.46 4694.14 4675.66
4453.96 4452.33 4453.36 4455.49 4456.93 4449.28 4452.89 4454.81 4447.8 4438.5 4429.94 4425.58 4425.44 4417.93 4406.32 4401.44 4394.18 4384.68 4361.25 4365.34 4384.8 4383.94 4391.2 4401.07 4411.72 4428.11 4461.14 4481.44 4503.74 4530.94 4577.73 4619.55 4645.74 4665 4664.04 4657.26 4643.31 4624.04 4611.18 4613.86 4595.58 4580.15 4571.53 4563.55 4557.59 4553.43 4551.01 4553.22 4559.74 4569.05 4591.16 4626.06 4655.41 4679.02 4695.14 4700.26 4701.08 4701.49 4701.38 4706.34 4712.56 4719.53 4725.67 4728.64 4724.33 4712.79 4694.67
4449.81 4445.2 4445.84 4443.3 4441.75 4442.32 4449.46 4459.55 4451.41 4442.1 4434.28 4431.29 4431.93 4426.76 4413.61 4403.81 4398.69 4387.82 4357.14 4368.76 4394.49 4400.38 4407.05 4417.87 4430.72 4449.43 4481.15 4499.83 4526.25 4558.92 4607.5 4638.84 4651.99 4660.69 4659.44 4666.3 4662.96 4648.04 4647.19 4657.7 4635.98 4610.56 4587.66 4573.94 4561.31 4556.52 4558.29 4566.33 4574.02 4585.62 4616.4 4664.12 4702.68 4727.43 4734.37 4720.4 4706.76 4698.07 4698.11 4703.5 4711.2 4722.56 4735.15 4744.52 4747.43 4741.08 4723.6
4445.67 4445.55 4443.5 4439.04 4431.12 4431.47 4440.43 4450.55 4449.02 4442.82 4435.06 4432.54 4432.97 4427.36 4416.21 4408.03 4404.03 4396.17 4363.78 4376.61 4401.82 4412 4424.45 4436.87 4450.18 4468.07 4500.44 4520.36 4545.97 4585.82 4626.17 4639.85 4661.04 4677.05 4684.5 4705.82 4711.44 4695.5 4681.57 4682.71 4659.32 4622.26 4593.91 4577.96 4565.01 4561.19 4564.75 4573.66 4593.67 4612.65 4647.04 4696.85 4746.84 4788.25 4763.27 4720.46 4692.23 4675.13 4671.24 4675.38 4688.01 4710.93 4730.49 4749.57 4769.33 4784.35 4760.44
4445.49 4448.87 4445.73 4438.67 4428.75 4426.89 4436.12 4444.82 4445.36 4442.54 4439.51 4434.21 4430.34 4424.45 4416.63 4410.79 4405.88 4397.28 4369.23 4388.27 4418.07 4429.14 4443.24 4455.54 4468.25 4483.87 4508.17 4533.58 4556.55 4590.73 4635.51 4658.02 4688.07 4715.59 4740.65 4770.01 4775.55 4753.14 4704.94 4669.45 4638.71 4608.45 4590.3 4576.15 4567.56 4569.22 4578.89 4587.55 4617.7 4649.52 4668.82 4702.14 4747.11 4800.99 4748.3 4686.49 4649.36 4630.73 4626.44 4633.2 4655.01 4678.45 4702.62 4735.37 4767 4794.24 4780.04
4451.24 4453.33 4449.73 4443.49 4432.89 4430.44 4436.58 4441.4 4441.05 4439.47 4437.26 4431.27 4424.61 4420.27 4416.08 4410.66 4403.06 4392.36 4378.07 4399.67 4430.96 4452.5 4463.48 4474.91 4486.52 4501.01 4523.65 4554.7 4576.33 4609.13 4665.61 4705.51 4736.86 4759.62 4782.56 4783.61 4776.27 4745.28 4692.03 4649.72 4620.52 4597.07 4589.71 4580.96 4580.61 4589.88 4604.95 4617.14 4638.55 4651.46 4652.75 4659.91 4671.16 4688.87 4656.12 4612.57 4582.8 4568.8 4566.08 4576.54 4602.69 4628.3 4661.6 4699.36 4746.02 4779.09 4785.68
4454.23 4456.68 4452.59 4445.11 4436.2 4429.03 4430.91 4433.16 4435.21 4434.85 4431.11 4425.92 4419.17 4414.67 4412.37 4404.71 4398.13 4393.48 4392.6 4408.08 4430.93 4466.17 4477.19 4489.91 4504.76 4518.4 4550.62 4587.69 4608.25 4645.17 4703.19 4751.38 4783.76 4792.69 4791.36 4767.78 4740.64 4711.32 4676.94 4648.99 4630.26 4612.97 4604.11 4599.15 4606.52 4626.03 4616.86 4631.08 4626.65 4624.5 4592.23 4572.29 4558.07 4527.52 4516.21 4505.49 4496.94 4489.87 4489.66 4499.55 4532.2 4559.37 4597.51 4649.49 4705.7 4762.18 4796.9
