real_craters/C165-300m.grd
DSAA
402 402
-60.095 60.095
-60.095 60.095
2851.7397405718 4912.9883261281
[rows 0 to 29 of 402, columns 0 to 66 of 402]
4423.75 4423.4 4423.14 4423.19 4423.9 4423.77 4422.91 4421.17 4418.66 4417.74 4416.83 4415.83 4420.08 4430.21 4443.6 4460.79 4480.36 4501.3 4510.59 4511.12 4511.66 4509.74 4504.83 4499.06 4491.8 4486.65 4486.42 4480.46 4476.85 4475.01 4472.99 4471.12 4471.09 4472.06 4473.45 4476.39 4480.74 4482.23 4481.21 4481 4481.25 4480.86 4477.35 4473.57 4469.62 4465.7 4462.56 4459.95 4457.86 4456.37 4454.42 4448.87 4440.85 4432.61 4424.51 4416.76 4410.02 4405.03 4402.06 4399.42 4397.28 4395.16 4396.38 4397.63 4398.55 4399.47 4399.68
4421.38 4421.07 4420.87 4420.69 4420.41 4420.67 4420.41 4419.11 4417.22 4417.16 4417.74 4417.13 4419.55 4429.51 4441.13 4453.98 4467.14 4478.36 4485.55 4492.62 4494.87 4493.72 4491.58 4488.48 4484.4 4481.52 4483.95 4479.76 4477.35 4476.63 4475.53 4473.77 4475.1 4476.99 4478.61 4482.93 4487.1 4487.93 4486.77 4485.11 4484.06 4482.6 4479.26 4475.58 4471.64 4467.39 4464.4 4462.63 4461.97 4462.02 4462.39 4456.4 4446.58 4437.06 4427.83 4419.14 4411.3 4405.63 4404.66 4402.8 4398.95 4396.67 4398.56 4400.87 4401.88 4402.12 4402.48
4419.06 4418.8 4418.61 4418.4 4418.44 4418.83 4419.31 4419.64 4419.66 4417.83 4417.59 4418.53 4422.32 4429.38 4437.85 4446.56 4455.09 4463.4 4470.08 4476.29 4479.21 4479.32 4478.85 4478.57 4477.84 4478.94 4481.54 4478.54 4477.07 4475.86 4475.72 4477.18 4479.7 4482.52 4486.37 4489.28 4488.58 4491.15 4489.61 4487.38 4485.01 4482.54 4479.7 4475.88 4472.11 4468.2 4464.37 4463.78 4464.44 4464.98 4463.57 4458.56 4450.14 4440.65 4431.03 4421.7 4413.01 4406.75 4405.2 4403.82 4401.95 4401.47 4402.19 4403.84 4404.5 4404.51 4404.94
4417.42 4416.94 4416.66 4416.58 4416.72 4417.63 4418.74 4419.74 4419.67 4419.3 4420.08 4421.84 4425.55 4429.6 4435.3 4441.15 4446.78 4453.55 4459.37 4463.83 4466.56 4467.3 4467.48 4470.64 4472.54 4476.67 4479.36 4479.28 4476.62 4475.14 4476.29 4477.95 4482.59 4487.07 4491.48 4493.11 4493.41 4492.73 4490.53 4488.65 4486.17 4483.53 4480.56 4476.67 4473.98 4469.2 4464.01 4464.81 4466.13 4466.92 4466.4 4460.8 4452.56 4443.49 4434.05 4424.68 4415.81 4408.97 4406.01 4404.71 4404.37 4405.03 4405.06 4405.06 4405.85 4406.32 4406.38
4416.04 4415.34 4414.9 4414.94 4415.64 4416.7 4418.26 4419.84 4421.14 4422.72 4423.99 4424.71 4425.51 4429.53 4433.7 4437.79 4441.71 4446.4 4450.39 4454.29 4457.35 4459.32 4461.69 4466.75 4472.12 4474.95 4476.43 4475.6 4475.7 4477.03 4480.02 4484.55 4487.72 4490.84 4493.01 4492.72 4495.98 4495.78 4490.92 4490.07 4489.09 4486.4 4482.53 4478.36 4475.34 4470.95 4467.57 4467.18 4467.85 4467.96 4466.86 4461.54 4454.16 4445.82 4437.06 4428.24 4419.75 4412.51 4407.36 4406.14 4406.18 4406.67 4407.04 4407.08 4407.98 4408.69 4408.97
4414.55 4413.74 4413.27 4413.05 4413.62 4415.64 4417.86 4420.21 4422.78 4425.01 4426.62 4427 4428.14 4430.29 4433 4435.94 4439.03 4441.94 4444.35 4447.68 4451.19 4454.41 4458.76 4464.17 4470.02 4476.09 4478.38 4477.83 4478.86 4482.03 4485.07 4488.91 4492.69 4494.38 4496.26 4496.8 4496.11 4492.64 4490.25 4491.7 4493.05 4490.21 4485.27 4480.15 4476.09 4473.17 4470.43 4470.16 4470.03 4469 4465.69 4461.84 4455.57 4448.01 4439.98 4432.06 4424.67 4417.14 4411.56 4408.72 4408.15 4408.27 4409.39 4411.26 4411.09 4411.05 4411.4
4412.9 4412.22 4411.93 4411.92 4412.57 4414.88 4417.41 4420.06 4422.99 4424.46 4426.53 4428.03 4429.56 4430.95 4432.58 4434.95 4437.46 4439.6 4441.2 4443.87 4447.43 4451.45 4457.14 4464.58 4473.01 4482.49 4485.66 4486.87 4487.8 4488.69 4490.41 4492.04 4494.64 4496.44 4497.57 4497.34 4497.46 4494.72 4491.7 4493.33 4494.58 4492.66 4488.58 4483.86 4478.92 4476.41 4474.76 4473.28 4472.74 4471.73 4469.01 4463.93 4457.38 4450.28 4442.81 4435.53 4428.56 4420.67 4413.3 4411.2 4410.51 4410.75 4412.06 4413.74 4413.33 4412.95 4413.15
4411.25 4410.79 4410.87 4411.71 4412.83 4414.36 4416.65 4419.23 4421.68 4423.29 4426.81 4427.98 4429.23 4430.49 4431.89 4433.98 4436.36 4438.39 4439.96 4442.22 4445.17 4449.48 4456.76 4466.3 4475.99 4486.88 4494.4 4497.28 4497.58 4496.44 4496.79 4496.44 4496.52 4497.86 4499.43 4501.13 4499.78 4496.86 4495.18 4495.6 4495.51 4495.01 4492.88 4489.06 4485.04 4480.16 4476.6 4476.65 4476.14 4475.26 4472.88 4466.58 4459.41 4452.43 4444.93 4438.31 4431.42 4423.3 4416.72 4413.81 4413.01 4413.13 4413.67 4414.32 4414.8 4414.86 4415.49
4409.8 4409.27 4409.42 4410.56 4411.83 4413.18 4415.41 4418.06 4420.86 4422.84 4425.42 4426.83 4427.88 4429.12 4430.39 4432.67 4435.13 4437.16 4438.81 4440.7 4443.34 4447.68 4455.12 4464.29 4474.79 4487.5 4499.88 4505.26 4504.67 4505.8 4503.92 4502.1 4499.84 4499.14 4500.57 4502.9 4499.76 4498.55 4498.2 4499.85 4498.34 4498.21 4498.61 4498.11 4494.92 4488.76 4483.04 4480.85 4478.94 4477.12 4474.63 4467.99 4460.81 4453.49 4446.37 4439.99 4433.75 4425.24 4418.26 4416.34 4415.47 4415.42 4415.89 4416.32 4416.96 4417.36 4418.38
4408.46 4407.59 4407.3 4407.65 4409.06 4411.04 4413.52 4416.3 4419.9 4423.86 4424.87 4425.19 4425.14 4425.25 4428.38 4431.42 4434.12 4436.27 4437.38 4438.49 4441.29 4445.64 4452.56 4461.26 4472.21 4484.56 4499.99 4509.78 4513.36 4511.75 4509.55 4507.45 4505 4501.48 4501.28 4499.73 4500.87 4504 4507.8 4506.16 4501.78 4498.3 4501.9 4512.43 4513.09 4502.6 4490.54 4484.4 4480.5 4476.82 4472.34 4467.8 4461.25 4453.78 4446.5 4439.8 4434.11 4427.18 4421.82 4419.02 4417.79 4417.5 4418.03 4418.56 4419.81 4421.66 4423.16
4407 4405.99 4405.34 4404.99 4406.4 4408.61 4411.03 4413.86 4416.74 4418.16 4422.1 4423.43 4423.6 4423.74 4427.32 4430.47 4433.34 4435.73 4436.47 4437.18 4439.43 4443.24 4449.97 4459.24 4469.82 4482.89 4499.22 4511.59 4514.81 4514.9 4512.52 4510.55 4509.67 4505.56 4503.85 4504.03 4505.32 4508.31 4511.38 4506.44 4497.44 4486.96 4486.26 4498.55 4512.2 4507.94 4492.04 4483.84 4480.4 4477.46 4473.49 4468.58 4461.62 4453.65 4445.52 4437.59 4431.18 4427.28 4423.7 4421.25 4419.73 4419.07 4419.02 4419.95 4422.09 4425.41 4427.67
4405.7 4404.68 4403.97 4403.81 4404.62 4406.29 4408.38 4410.83 4413.67 4417.47 4420.89 4422 4423.08 4425.37 4427.21 4429.7 4432.36 4434.92 4435.53 4436.17 4437.77 4441.02 4447.03 4455.23 4466.07 4479.34 4495.7 4510.2 4513.94 4514.63 4511.72 4509.56 4508.16 4505.03 4506.29 4507.73 4511.86 4506.99 4501.12 4485.82 4473.23 4464.58 4453.46 4448.49 4472.47 4477.74 4476.44 4477.04 4478.39 4478.81 4476.13 4470.27 4462.4 4453.03 4444.05 4435.83 4430.21 4428.05 4425.26 4422.74 4421.16 4420.29 4419.98 4420.54 4423.08 4426.74 4430.67
4404.78 4403.67 4402.83 4402.54 4402.99 4404.1 4405.61 4407.57 4410.1 4413.66 4417.84 4419.64 4421.46 4423.77 4426.12 4428.5 4430.85 4432.63 4434 4435 4435.93 4438.34 4443.91 4451.27 4461.08 4473.63 4487.16 4498.14 4505.89 4508.01 4506.76 4505.42 4503.4 4502.71 4508.11 4512.95 4517.68 4496.99 4473.36 4455.57 4449.69 4445.96 4439.07 4433.74 4439.15 4442.53 4457.18 4467.79 4475.3 4480.15 4479 4472.03 4462.85 4452.69 4442.69 4433.56 4428.35 4426.81 4425.08 4423.39 4422.1 4421.34 4421.03 4421.18 4423.82 4427.61 4433.2
4404.33 4402.84 4401.76 4401.18 4401.24 4401.81 4402.75 4404.04 4405.89 4408.98 4412.92 4415.87 4418.62 4421.5 4424.34 4426.85 4429.22 4431.39 4432.69 4433.24 4433.76 4435.6 4440.61 4447.59 4456.15 4466.56 4477.19 4486.41 4492.77 4496.74 4499.54 4501.3 4501.92 4504.48 4510.3 4513.06 4505.81 4477.09 4455.4 4442.56 4439.07 4435.99 4434.05 4430.2 4431.41 4437.35 4448.26 4461.04 4472.37 4480.62 4480.45 4472.82 4463.04 4452 4441.3 4431.43 4426.37 4425.8 4424.6 4423.5 4422.55 4422.07 4422.06 4422.78 4424.73 4429.03 4435.76
4403.68 4401.88 4400.71 4399.99 4399.5 4399.58 4399.94 4400.34 4401.04 4403.02 4407.58 4411.32 4415.04 4418.86 4422.23 4424.83 4427.27 4429.2 4430.63 4432.15 4433.24 4434.11 4437.11 4442.33 4450.28 4459.92 4468.21 4474.36 4480.37 4486.82 4492.85 4497.57 4501.56 4505.52 4511.39 4511.51 4474.84 4453.55 4443.01 4436.44 4432.71 4429.67 4427.44 4424.1 4426.97 4432.21 4443.44 4456.39 4469.27 4479.26 4479.8 4472.41 4462.55 4451.67 4440.81 4431.11 4426.35 4425.55 4424.22 4423.37 4422.7 4422.41 4422.18 4422.37 4425.05 4430.16 4437.78
4402.22 4400.89 4399.01 4397.98 4397.69 4397.62 4397.48 4397.21 4396.68 4396.81 4401.21 4406.64 4411.08 4415.32 4419.1 4422.27 4425.05 4427.52 4429.32 4430.08 4430.49 4432.22 4434.47 4438.89 4446.11 4454.87 4461.79 4467.33 4474.2 4481.23 4487.77 4494.19 4500.3 4504.49 4510.63 4499.09 4460.55 4439.63 4434.46 4431.93 4428.23 4425.68 4422.4 4419.97 4421.8 4426.9 4438.4 4452.21 4466.25 4476.56 4477.8 4471.84 4462.47 4451.47 4441.12 4431.94 4426.93 4425.25 4423.7 4423.04 4422.52 4422.36 4421.91 4420.8 4424.69 4430.69 4438.65
4402.73 4401.19 4398.53 4396.75 4396.68 4396.34 4395.89 4395.43 4394.91 4395.05 4398.72 4402.82 4406.95 4411.45 4415.99 4419.09 4422.3 4425.55 4428.3 4427.55 4427.1 4430.11 4433.32 4438.5 4445.84 4452.58 4457.88 4462.51 4467.25 4474.39 4482.14 4491.01 4499.9 4507.07 4511.44 4486.33 4445.66 4435.69 4429.57 4425.87 4425.15 4424 4423.48 4420.87 4418.75 4421.54 4432.84 4448.48 4463.9 4475.2 4476.77 4471.23 4462.05 4451.07 4440.37 4431.72 4426.65 4424.07 4423.01 4422.41 4421.85 4421.54 4420.93 4420.66 4422.96 4429.26 4438.14
4405.66 4402.86 4400.13 4398.18 4396.89 4395.77 4394.83 4394.35 4394.88 4395.32 4395.37 4398.34 4402.46 4407 4410.96 4415.21 4418.62 4421.95 4425.23 4424.86 4425.81 4428.41 4432.12 4437.99 4446.11 4451.65 4455.4 4458.26 4461.53 4466.76 4476 4487.66 4499.61 4509.39 4511.42 4480.37 4444.56 4434.02 4426.34 4424.68 4422.93 4421.58 4421.51 4418.55 4416.45 4417.84 4428.46 4445.77 4462.62 4474.45 4476.24 4470.67 4461.01 4449.8 4438.75 4429.7 4425.96 4423.93 4422.41 4421.57 4420.78 4420.27 4419.36 4418.7 4421.32 4427.68 4436.72
4406.19 4404.05 4402.34 4399.86 4397.4 4395.27 4393.6 4392.52 4392.47 4392.75 4392.39 4393.85 4398.02 4402.73 4407.75 4411.32 4414.18 4416.87 4418.63 4420.66 4422.64 4425.17 4429.1 4435.36 4442.89 4450.03 4454 4456.38 4458.31 4462.57 4470.98 4483.78 4497.8 4509.58 4513.9 4486.37 4449.8 4428.76 4422.15 4419.39 4418.86 4416.86 4415.12 4414.46 4414.6 4416.41 4426.06 4444.67 4463.14 4476.15 4477.05 4470.55 4460.27 4448.47 4436.9 4428.07 4425.64 4423.77 4421.98 4420.41 4419.22 4418.49 4417.33 4416.54 4419.84 4426.13 4434.36
4403.5 4403.94 4403.94 4401 4397.4 4394.44 4391.96 4389.95 4388.14 4387.9 4388.92 4390.55 4393.75 4398.01 4402.98 4406.25 4409.02 4411.82 4414.28 4416.34 4418.36 4421.45 4426.5 4433.29 4441.59 4449.16 4453.24 4456.25 4458.12 4459.52 4466.34 4478.89 4492.73 4506.76 4514.77 4494.89 4456.95 4427.98 4420.64 4417.4 4414.73 4412.28 4410.95 4412.1 4414.04 4416.7 4425.96 4445.4 4465.23 4478.72 4478.64 4470.93 4459.73 4447.18 4435.18 4426.85 4425.69 4423.65 4421.01 4418.86 4417.11 4415.7 4414.47 4414.15 4417.3 4422.82 4430.52
4403.44 4403.1 4402.27 4399.69 4396.26 4392.98 4390.12 4387.69 4385.82 4385.11 4385.71 4386.88 4389.32 4392.79 4396 4399.57 4403.84 4407.32 4409.79 4412.36 4415.33 4417.99 4423.28 4430.66 4439.73 4447.85 4451.87 4454.51 4454.57 4456.18 4461.72 4472.55 4485.43 4498.55 4507.51 4503.81 4462.82 4426.97 4419.31 4414.67 4410.26 4409.54 4410.79 4411.42 4414.21 4418.12 4427.63 4447.44 4468.62 4482.4 4480.61 4471.51 4459.19 4445.89 4433.61 4425.7 4424.16 4421.93 4419.3 4416.84 4414.7 4412.95 4411.33 4410.75 4412.55 4418.02 4425.13
4402.21 4401.71 4400.56 4397.71 4394.3 4390.92 4387.89 4385.4 4383.78 4382.75 4382.41 4382.68 4385.24 4388.48 4391.28 4394.73 4399.94 4403.88 4407.16 4409.98 4411.38 4413.93 4420.64 4427.87 4436.66 4445.48 4449.11 4451.09 4451.46 4452.18 4456.59 4465.6 4475.66 4486.34 4494.86 4494.85 4464.86 4431.01 4420.85 4415.47 4410.27 4407.43 4409.52 4410.86 4414.1 4419.32 4429.17 4449.96 4472.28 4485.75 4481.86 4471.36 4458.18 4444.45 4431.84 4424.1 4421.67 4419.59 4417.15 4414.51 4412.16 4410.28 4408.35 4407.63 4407.81 4412.29 4418.59
4400.35 4399.46 4397.93 4395.15 4391.84 4388.43 4385.27 4382.66 4380.98 4379.91 4379.99 4381.23 4382.18 4385.77 4389.71 4393.84 4398.05 4401.25 4404.17 4406.61 4408.49 4411.82 4418.25 4425.25 4433.6 4441.37 4445.25 4446.07 4444.64 4445.4 4451.01 4457.99 4465.33 4473.27 4480.49 4485.85 4468.54 4444.58 4425.85 4419.76 4411.27 4408.07 4408.94 4411.59 4415.5 4422.92 4432.04 4454.31 4475.79 4486.42 4481.08 4469.8 4456.27 4442.53 4430.53 4423.74 4421.28 4418.11 4415.04 4411.97 4409.2 4406.91 4404.96 4403.96 4403.47 4406.22 4411.47
4398.17 4396.86 4395.08 4392.4 4389.1 4385.62 4382.26 4379.35 4377.27 4376.52 4376.52 4376.68 4379.8 4383.64 4388.66 4394.86 4396.29 4398.58 4401.31 4404.15 4406.46 4408.75 4414.9 4421.9 4429.78 4437.09 4441.71 4443 4439.69 4439.05 4445.64 4451.31 4456.33 4461.47 4468.28 4476.52 4473.44 4468.36 4453.09 4436.66 4420.23 4413.39 4413.92 4416.59 4420.32 4432.78 4449.08 4465.74 4478.98 4484.88 4478.12 4466.68 4453.23 4439.78 4428.06 4422.31 4420.55 4416.48 4412.89 4409.26 4405.97 4403.43 4401.28 4399.71 4398.53 4400.25 4404.37
4396.7 4395.11 4393.11 4389.87 4386.4 4382.82 4379.3 4376.09 4373.7 4373.25 4373.62 4375.04 4377.38 4380.83 4385.03 4389.33 4392.08 4394.88 4398.1 4401.24 4403.48 4406 4411.51 4418.54 4426.13 4433.63 4438.41 4440.16 4437.51 4436.59 4441.06 4445.09 4448.46 4451.84 4457.74 4469.6 4473.65 4476.13 4475.76 4457.06 4438.62 4425.35 4424.65 4429.45 4433.81 4444.72 4460.46 4471.38 4478.05 4479.8 4473.16 4462.2 4449.36 4436.48 4425.34 4420.41 4417.53 4414.49 4410.59 4406.4 4402.36 4399.26 4397.68 4396.37 4394.45 4394.87 4397.93
4396.03 4394.15 4391.11 4387.6 4384.04 4380.48 4376.93 4373.6 4371.23 4370.82 4371.14 4372.07 4374.71 4377.34 4380.28 4383.23 4386.52 4390.27 4394.36 4398.66 4401.57 4403.96 4408.89 4415.19 4422.13 4428.46 4433.64 4436.46 4435.28 4434.48 4436.05 4438.53 4441.92 4445.96 4450.1 4458.98 4467.12 4472.45 4473.86 4468.21 4462.39 4455.99 4446.89 4445.43 4449.18 4450.87 4458.08 4466.15 4472.35 4473.43 4467.19 4456.97 4444.95 4432.93 4423.77 4420.49 4417.97 4413.17 4408.32 4403.61 4399.37 4396.08 4394.3 4393.15 4391.1 4390.49 4392.43
4395.38 4393.28 4389.45 4385.54 4381.93 4378.48 4375.23 4372.26 4370.15 4369.33 4369.23 4369.9 4371.67 4373.57 4375.67 4377.77 4380.91 4385.1 4389.64 4395.02 4398.52 4401.58 4406.29 4411.88 4418.33 4424.39 4429.75 4432.47 4432.16 4431.35 4431.12 4432.16 4435.84 4440.66 4444.34 4450.91 4457.93 4465.4 4471.91 4467.64 4461.07 4457.08 4451.3 4447.8 4448.03 4447.43 4449.61 4454.73 4463.41 4466.02 4460.8 4451.44 4440.2 4428.68 4418.99 4419.3 4417.58 4411.26 4405.64 4400.5 4396.55 4393.19 4390.51 4388.85 4387.24 4386.64 4387.62
4394.55 4391.97 4387.63 4383.43 4379.91 4376.72 4373.86 4371.54 4369.68 4368.37 4367.76 4367.77 4368.39 4370.07 4371.74 4373.35 4375.95 4379.92 4383.99 4387.7 4392.69 4397.25 4402.9 4409.02 4414.87 4420.57 4425.33 4427.56 4428.07 4428.63 4426.74 4425.74 4429.76 4434.94 4440.75 4446.08 4449.75 4453.35 4457.5 4456.24 4451.28 4447.91 4443.48 4439.34 4437.62 4438.21 4439.1 4443.32 4454.98 4459.29 4454.73 4446.08 4435.66 4425.11 4417.2 4415.29 4412.82 4407.84 4402.19 4396.52 4391.56 4388.42 4386.2 4384.25 4383.22 4383 4383.11
4393.95 4390.58 4385.29 4381.12 4377.82 4374.98 4372.48 4370.49 4368.79 4367.4 4366.6 4366.46 4367 4367.65 4368.63 4369.89 4371.95 4375.47 4378.96 4382.84 4388.15 4394.08 4400.64 4406.11 4410.87 4415.58 4418.88 4421.07 4422.75 4423.32 4422.03 4421.27 4424.43 4428.53 4432.29 4437.43 4441.14 4443.17 4444.9 4444.37 4440.01 4434.52 4433 4430.4 4428.99 4429.26 4430.43 4434.88 4448.17 4453.4 4449.01 4440.98 4431.37 4421.69 4414.93 4412.2 4409.08 4404.34 4398.66 4392.42 4386.52 4383.81 4382.49 4381.09 4379.39 4378.44 4378.44
4393.56 4389.62 4382.78 4378.63 4375.79 4373.42 4371.1 4368.76 4367.44 4366.37 4365.42 4364.96 4365.15 4365.22 4365.96 4367.44 4369.82 4371.62 4374.41 4377.93 4381.49 4387.94 4395.51 4400.79 4405.81 4410.52 4414.3 4416.47 4417.62 4417.55 4417.32 4418.46 4419.74 4421.42 4422.91 4427.32 4431.45 4436.3 4439.81 4439.49 4433.54 4427.91 4426.13 4424.4 4423 4422.46 4423.45 4427.7 4440.52 4446.71 4443.36 4436.23 4427.29 4418.35 4411.97 4410.72 4406.9 4401.61 4395.76 4389.29 4383.24 4380.79 4379.82 4378.61 4375.95 4373.62 4374.04
