real_craters/C165-500m.grd
DSAA
241 241
-60.095 60.095
-60.095 60.095
2865.5428276892 4912.001954071
[rows 150 to 179 of 241, columns 0 to 66 of 241]
4296.09 4298.01 4303.51 4308.36 4305.86 4300.63 4297.82 4293.44 4288.08 4279.8 4273.01 4273.1 4272.1 4271.86 4269.8 4264.15 4257.2 4254.59 4257.08 4263.08 4255.95 4253.06 4254.45 4257.36 4259.99 4262.33 4265.23 4265.8 4261.18 4260.51 4258.95 4258.3 4259.01 4262 4262.98 4262.69 4262.97 4264.55 4269.66 4280.41 4293.22 4304.2 4317.45 4334.9 4363.44 4379.08 4394.23 4397.53 4387.86 4380.45 4372.93 4366.37 4362.9 4366.12 4361.58 4358.01 4358.75 4356.59 4353.49 4348.72 4337.69 4324.27 4317.24 4322.79 4333.92 4368.51 4415.99
4296.2 4297.27 4300.3 4303.34 4304.31 4296.53 4295.57 4295.09 4288.29 4280.08 4271.64 4268.96 4267.59 4267.23 4265.59 4262.26 4257.63 4254.39 4257.94 4262.26 4252.19 4248.6 4252.54 4254 4255.99 4258.21 4260.51 4262.41 4262.59 4265.39 4268.18 4268.72 4268.78 4268.41 4266.72 4265.58 4265.89 4268.16 4274.7 4284.75 4298 4307.47 4321.49 4340.85 4361.96 4375.81 4392.66 4398.95 4391.6 4381.54 4371.4 4362.91 4360.69 4369.89 4363.29 4361.34 4361.54 4356.25 4350.49 4342.19 4329.12 4316.14 4310.45 4315.61 4326.21 4348.55 4375.13
4293.85 4293.3 4295.16 4296.81 4297.03 4293.67 4292.63 4291.07 4286.49 4279.34 4270.9 4268.51 4266.64 4264.71 4262.19 4259.89 4260.63 4257.28 4262.69 4266.31 4251.16 4247.82 4249.95 4250.92 4252.38 4254.28 4257 4262.44 4268.82 4271.87 4272.62 4276.79 4273.6 4273.85 4270.54 4267.95 4266.63 4268.6 4274.77 4285.44 4294.53 4306.38 4320.46 4335.76 4353.42 4365.71 4379.36 4386.69 4385.53 4378.01 4368.95 4359.93 4356.73 4365.76 4366.84 4368.48 4366.33 4354.38 4339.78 4327.82 4319.4 4310.69 4308.37 4314.14 4324 4339.99 4357.12
4292.9 4290.91 4290.7 4289.83 4289.93 4291.49 4290.14 4288.01 4283.58 4277.55 4272.61 4269.2 4266.24 4263.47 4260.74 4259.27 4260.01 4261.89 4268.62 4272.49 4252.55 4248.93 4248.97 4248.73 4249.33 4251.04 4255.12 4263.46 4272.49 4279.23 4283.67 4282.48 4282.39 4276.09 4272.97 4269.34 4266.72 4267.38 4271.31 4272.44 4288.92 4302.54 4316.52 4331.26 4346.98 4352.88 4361.79 4369.83 4373.24 4370.58 4365.12 4361.05 4361.08 4365.82 4370.13 4373.28 4370.56 4351.66 4331.08 4315.02 4313.34 4309.09 4308.4 4318.07 4329.02 4340.05 4350.34
4294.2 4290.76 4288.34 4286.46 4286.41 4287.35 4286.76 4285.44 4282.69 4282.34 4276.55 4271.45 4267.05 4263.33 4260.12 4258.12 4257.94 4260.05 4268.01 4269.56 4253.66 4249.62 4246.98 4246.65 4246.88 4248.17 4252.18 4262.46 4272.85 4281.75 4285.53 4277.34 4278.68 4280.62 4274.48 4270.58 4267.94 4267.54 4271.54 4279.13 4286.44 4296.99 4309.81 4322.33 4331.13 4333.56 4342.98 4352.74 4359.84 4361.63 4358.84 4357.48 4358.69 4359.82 4363.62 4365.34 4361.85 4348.01 4331.23 4318.8 4316.71 4314.95 4318.26 4328.48 4338.1 4342.27 4347.29
4295.61 4290.85 4286.78 4283.22 4281.08 4278.01 4280.99 4281.92 4280.22 4279.33 4276.23 4273 4268 4263.36 4259.49 4256.59 4255.61 4257.67 4264.42 4268.13 4255.87 4249.4 4245.96 4244.95 4245.17 4246.18 4250.23 4259.74 4271.04 4281.37 4285.26 4279.75 4276.83 4274.87 4274.25 4273.03 4271.31 4270.36 4273.6 4279.72 4285.72 4293.47 4303.11 4311.45 4315.11 4320.36 4327.24 4337.23 4346.29 4350.85 4349.41 4347.75 4351.33 4354.53 4346.85 4353.41 4353.71 4346.35 4335.62 4327.3 4327.04 4328.76 4333.87 4340.42 4347.1 4345.47 4346.98
4294.82 4291.31 4286.3 4280.78 4275.33 4275.86 4277.59 4277.94 4277.25 4273.94 4273.33 4269.55 4267.3 4263.89 4259.61 4254.81 4252.48 4252.58 4257.86 4265.22 4248.78 4245.11 4244.18 4243.96 4244.07 4245.27 4248.65 4255.66 4263.86 4271.85 4276.61 4278.34 4278.29 4273.88 4274.66 4276.44 4278.75 4282.19 4281.89 4283.88 4287.19 4291 4296.86 4303.7 4311.23 4309.89 4315.16 4323.96 4334.14 4340.96 4337.16 4336.2 4344.57 4348.74 4338.37 4349.19 4351.36 4347.05 4341.31 4337.67 4338.22 4340.04 4342.35 4346.44 4349.84 4348.12 4348.75
4301.89 4294.52 4287.51 4281.63 4279.25 4277.57 4280.98 4279.41 4276.12 4275.34 4273.07 4272.19 4268.83 4266.47 4262.83 4256.42 4249.94 4246.81 4249.13 4252.03 4238.35 4237.63 4240.62 4242.1 4242.46 4244.84 4247.91 4251.14 4254.78 4260.75 4266.77 4267.91 4265.58 4270.55 4275.32 4279.49 4283.89 4288.25 4287 4286.41 4287.39 4287.62 4289.62 4291.4 4293.77 4297.83 4301.87 4311.03 4319.3 4325.39 4322.65 4321.68 4338.48 4339.44 4331.99 4344.26 4348.69 4347.48 4346.6 4346.23 4343.37 4344.39 4346.29 4350.3 4352.21 4351.11 4353.04
4304.65 4296.04 4288.06 4281.83 4281.33 4281.33 4278.85 4276.73 4274.68 4272.33 4272.47 4271.84 4270.76 4271.08 4270.37 4267.07 4259.87 4250.34 4247.95 4248.21 4234.11 4233.85 4235.57 4236.76 4239.1 4242.69 4245.21 4247.03 4249.07 4252.43 4260.1 4264.32 4266.09 4271.03 4277.16 4281.43 4286.03 4289.72 4288.56 4285.2 4283.63 4283.48 4283.84 4283.96 4284.11 4286.81 4293.4 4300.38 4305.69 4306.68 4312.03 4318.69 4334 4334.44 4329.67 4339.48 4344.6 4345.08 4344.41 4342.86 4342.5 4344.34 4345.6 4350.27 4349.98 4351.59 4357.92
4303.62 4295.52 4287.4 4280.76 4277.57 4275.29 4272.85 4273.2 4273.35 4273.93 4273.36 4272.02 4274.36 4277.53 4279.72 4280.8 4275.47 4258.89 4249.69 4249.53 4236.33 4235.66 4234.07 4233 4235.35 4237.73 4240.55 4243.21 4245.94 4249.71 4258.63 4269.65 4273.86 4273.6 4277.85 4282.53 4286.77 4289.56 4288.18 4284.72 4283.28 4279.73 4280.37 4281.05 4281.04 4286.07 4288.27 4294.12 4299.63 4304.2 4309.88 4317.24 4330.6 4328.03 4328.14 4337.55 4339.81 4340.89 4342 4341.48 4341.75 4343.52 4345.99 4343.77 4345.17 4348.47 4364.17
4301.65 4293.29 4285.04 4278.95 4275.42 4271.38 4270.29 4270.95 4273.84 4276.34 4280.63 4282.63 4282.6 4285.34 4287.33 4287.2 4275.4 4260.18 4251.78 4252.92 4241.23 4240.06 4237 4234.36 4233.55 4233.67 4236.57 4240.11 4242.36 4244.33 4255.2 4273.25 4274.45 4276.48 4277.29 4281.64 4285.63 4288.73 4287.66 4282.65 4280.88 4279.46 4278.83 4278.27 4278.5 4284.03 4285.74 4290.92 4298.08 4306 4310.51 4315.33 4324.51 4322.14 4324.44 4330.4 4334.7 4336.71 4337.26 4343.1 4350.73 4357.81 4355.56 4355.93 4357.75 4361.73 4374.87
4298.69 4289.31 4280.98 4273.9 4270.57 4266.07 4266.09 4269.36 4274.54 4282.42 4287.38 4290.36 4291.76 4293.02 4292.4 4291.27 4277.51 4263.4 4253.56 4253.63 4246.44 4245.85 4241.25 4237.22 4234.41 4232.6 4235.6 4239.3 4242.42 4244.66 4249.96 4255.48 4265.03 4269.31 4275.75 4280.52 4283.42 4285.24 4283.96 4276.81 4274.43 4276.21 4278.03 4280.01 4280.31 4284.95 4283.71 4288.25 4297.12 4306.37 4312.12 4315.6 4321.68 4321.05 4323.07 4327.9 4332.09 4335.52 4339.06 4347.67 4358.36 4361.72 4364.11 4367.91 4374.89 4380.15 4384.9
4292.96 4283.95 4276.45 4269.6 4265.73 4263.01 4263.29 4270.02 4278.71 4287.68 4296.34 4302.55 4305.35 4300.48 4294.24 4288.16 4280 4266.79 4255.54 4253.45 4251 4250.21 4245.24 4240.27 4236.09 4234.91 4235.95 4239.49 4243.94 4250.4 4251.91 4249.77 4253.96 4257.57 4273.65 4278.05 4280.05 4279.56 4275.93 4271.44 4271.01 4273.85 4276.63 4280.07 4279.9 4280.17 4278.55 4286.85 4297.17 4306.63 4314.25 4318.24 4322.85 4321.21 4322.11 4326.38 4332.45 4337.49 4341.77 4351.48 4360 4365.35 4371.36 4373.97 4382.39 4388.33 4390.69
4283.05 4277.91 4272.73 4269.05 4266.83 4261.68 4262.19 4269.5 4279.71 4291.91 4300.97 4307.42 4312.83 4304.45 4292.63 4282.38 4282.78 4271.83 4263.39 4256.66 4255.42 4254.21 4248.82 4242.51 4238.17 4235.44 4236.97 4239.59 4243.65 4250.13 4249.98 4249.31 4251.22 4253.53 4266.18 4274.69 4277.48 4276.92 4272.88 4270.63 4271.34 4274.1 4273.72 4274.74 4277.42 4277.14 4281.74 4290.37 4299.57 4306.24 4311.08 4317 4320.09 4320.57 4322.01 4327.74 4335.73 4342.95 4349.52 4358.67 4367 4376.92 4384.72 4388.72 4392.22 4395.9 4395.86
4278.06 4273.88 4269.96 4266.69 4264.39 4262.5 4263.53 4264.57 4274.23 4288.75 4303.72 4310.53 4314.48 4304.23 4289.68 4277.68 4274.32 4274.02 4274.33 4256.31 4259.18 4257.73 4252.18 4246.67 4241.88 4239.41 4238.68 4239.74 4241.11 4243.33 4247.24 4249.99 4253.8 4257.38 4266.98 4274.62 4277.21 4278.11 4279.47 4274.83 4271.22 4271.38 4272.67 4274.97 4281.48 4284.77 4292.41 4299.39 4307.15 4310.03 4310.24 4316.18 4319 4319.54 4323.54 4331.13 4340.97 4351.71 4361.08 4368.87 4379.03 4391.99 4402.39 4408.48 4406.59 4405.28 4402.55
4279.04 4273.33 4268.75 4265.14 4264.8 4263.34 4263.81 4261.83 4265.29 4279.43 4293.46 4302.55 4306.29 4297.81 4286.42 4275.03 4273.47 4275.1 4277.62 4256.84 4260.05 4258.19 4253.77 4250.43 4247.05 4241.33 4240.39 4240.66 4242.1 4245.71 4251.25 4254.1 4257.14 4263.18 4267.94 4273.99 4277.39 4278.85 4279.07 4275.63 4271.18 4272.49 4276.29 4282.79 4292.59 4301.7 4310.54 4315.99 4322.55 4323.76 4320.08 4319.88 4321.69 4324.14 4327.49 4335.33 4346.2 4358.49 4368.05 4377.61 4388.98 4404.07 4413.44 4420.12 4420.85 4413.83 4408.59
4281.86 4274.54 4269.25 4266.82 4264.11 4263.38 4262.13 4260.21 4261.98 4271.32 4278.96 4287.9 4290.63 4289.84 4283.73 4276.96 4272.15 4275.6 4279.89 4258.46 4256.5 4254.71 4252.47 4251.04 4248.86 4243.55 4241.64 4241.33 4242.85 4246.39 4251.47 4253.12 4257.94 4262.63 4267.23 4275.39 4277.79 4278.45 4277.71 4276.01 4275.4 4276.29 4284.82 4292.98 4305.51 4317.5 4330.28 4335.83 4347.18 4349.3 4339.84 4333.01 4334.8 4336.94 4333.94 4340.91 4351.32 4363.36 4372.23 4382.61 4397.1 4415.66 4418.03 4421.65 4423.31 4416.77 4410.21
4283.97 4276.66 4269.41 4263.35 4261.93 4259.54 4259.5 4258.56 4259.2 4264.85 4271.13 4275.86 4283.4 4282.31 4275.87 4268.8 4262.46 4268.58 4270.93 4255.09 4249.43 4249.11 4248.48 4247.75 4245.08 4243.7 4241.05 4240.38 4241.62 4244.93 4246.99 4252.1 4258.64 4263.56 4267.44 4276.31 4277.91 4278.76 4278.58 4278.76 4279.7 4283.93 4291.92 4303.95 4318.68 4334.2 4355.08 4369.2 4386.51 4388.83 4379.36 4353.48 4357.94 4357.75 4347.04 4349.32 4355.81 4364.06 4371.3 4382.92 4398.89 4412.94 4422.15 4424.14 4421.52 4416.37 4409.43
4287.07 4279.63 4272.76 4267.86 4261.96 4257.73 4256.73 4258.58 4258.21 4258.42 4259.36 4262.65 4267.04 4266.35 4261.59 4257.39 4254.19 4253.41 4258.22 4245.03 4244.17 4244.57 4244.48 4243.41 4242.18 4240.8 4237.69 4237.31 4241.63 4244.23 4249.24 4255.72 4263.04 4267.92 4270.57 4273.29 4277.12 4279.19 4281.15 4282.83 4282.88 4289.11 4302.52 4316.57 4334.67 4360.77 4400.05 4426.13 4446.94 4446.1 4427.17 4375 4382.78 4380.84 4363.25 4359.35 4360.14 4364.06 4369.31 4380.77 4391.94 4402.31 4411.66 4416.92 4417.53 4415.11 4408.93
4290.82 4282.04 4275.05 4266.92 4261.68 4257.82 4252.81 4256.33 4252.76 4253.13 4253.68 4252.79 4251.62 4248.39 4247.35 4246.85 4245.81 4243.48 4243.37 4239.29 4241.92 4241.35 4240.76 4239.96 4237.68 4235.92 4232.98 4230.87 4232.7 4243.61 4253.43 4265.63 4271.28 4272.91 4272.56 4276 4277.63 4279.25 4282 4287.43 4287.89 4295.83 4311.01 4328.55 4356.07 4396.65 4452.55 4503.36 4538.33 4519.45 4480.33 4386.85 4418.44 4408.13 4384.07 4371.41 4364.47 4362.24 4368 4381.04 4393.24 4398.45 4405.33 4410.38 4415.3 4415.21 4407.6
4292.05 4282.31 4273.5 4262.72 4260.82 4258.61 4253.56 4253.91 4249.16 4246.13 4245.14 4245.21 4243.14 4240.95 4241.93 4240.36 4240.14 4239.22 4245.18 4237.87 4237.19 4238.68 4238.73 4237.6 4235.7 4232.83 4228.96 4226.24 4229.43 4247.29 4266.9 4280.48 4280.32 4278.48 4278.53 4276.84 4276.51 4277.71 4280.29 4284.15 4289.3 4299.36 4314.94 4338.47 4375.4 4428.37 4488.19 4605.85 4657.88 4616.18 4533.1 4481.18 4456.2 4433.15 4402.28 4382.97 4369.47 4361.92 4367.53 4381.37 4394.6 4398.45 4403.88 4408.59 4411.31 4409.04 4402.13
4290.82 4280.99 4272.38 4265.86 4261.4 4257.11 4250.9 4245.12 4244.58 4242.16 4240.32 4240.27 4240.41 4241.43 4243.65 4244.05 4241.78 4240.62 4244.42 4242.25 4238.05 4238.67 4238.75 4237.48 4233.89 4232.05 4227.3 4227.12 4235.86 4253.17 4272.95 4287.73 4285.46 4279.95 4274.12 4271.67 4273.54 4274.64 4276.11 4279.36 4286.17 4298.85 4315.9 4341.24 4382.11 4449.54 4539.15 4665.78 4748.84 4708 4573.43 4453.86 4486.4 4450.94 4417.08 4393.52 4375.58 4366.11 4370.06 4377.54 4385.8 4392.26 4396.09 4397.92 4396.58 4392.8 4394.56
4287.91 4279.09 4272.04 4266.85 4263.03 4257.67 4249 4243.5 4244.95 4240.78 4237.91 4237.34 4240.24 4246.58 4246.32 4246.45 4245.36 4243.97 4248.47 4242.94 4239.51 4240.09 4240.57 4239.74 4236.97 4228.23 4226.13 4228.33 4240.36 4261.32 4279.62 4290.54 4285.21 4277.34 4271.18 4269.54 4271.75 4271.14 4270.85 4271.9 4279.01 4293.99 4309.04 4336.31 4380.05 4450.21 4531.12 4623.94 4705.34 4681.57 4560.21 4482.86 4492.38 4455.7 4424.08 4400.42 4383.21 4376.78 4374.54 4377.2 4380.54 4382.25 4383.26 4384.04 4387.09 4388.57 4391.77
4286.3 4278.14 4269.29 4267.76 4266.28 4260.38 4251.79 4248.42 4248.87 4241.69 4237.15 4235.95 4238.93 4245.43 4248.08 4249.89 4248.44 4248.25 4245.14 4241.69 4242.22 4242.82 4242.54 4240.41 4234.4 4226.05 4227.23 4233.13 4248.24 4270.11 4282.82 4284.82 4278.2 4271.41 4266.51 4267.02 4269.13 4267.2 4265.65 4265.96 4270.89 4281.59 4301.27 4329.59 4369.37 4431.17 4498.46 4542.85 4602.7 4591.6 4530.05 4495.86 4481.71 4449.65 4422.75 4402.42 4388.85 4381.88 4379.27 4380.55 4381.53 4380.16 4377.48 4378.53 4385.91 4393.52 4393.58
4288.05 4282.04 4275.1 4273.37 4269.08 4262.51 4254.4 4249.02 4250.15 4241.82 4238.91 4236.48 4237.31 4243.33 4247.42 4249.61 4248.87 4249.77 4249.96 4241.64 4246.26 4246.68 4245.84 4242.86 4234.61 4225.5 4232.46 4244.98 4260.34 4276.67 4279.87 4270.97 4264.65 4263.17 4263 4264.14 4265.18 4263.08 4261.53 4261.01 4264.21 4275.16 4294.35 4321.65 4355.71 4405.34 4448.04 4474.8 4504.3 4513.86 4508.01 4482.05 4459.21 4435 4415.53 4400.4 4389.17 4384.53 4381.94 4381.56 4382.86 4382.18 4375.69 4378.17 4386.13 4394.66 4387.4
4291.92 4288.6 4286.97 4280.2 4274.31 4266.28 4257.06 4250.63 4250.82 4249.24 4245.26 4241.88 4240.65 4245.21 4245.44 4246.23 4248.82 4250.34 4251.31 4247.44 4249.7 4248.52 4248.97 4250.85 4243.13 4232.09 4241.46 4262.02 4270.06 4274.15 4269.43 4259.44 4252.31 4253.97 4258.62 4262.52 4259.24 4258.76 4258.22 4258.72 4262.3 4274.03 4291.04 4313.54 4341.74 4378.82 4411.88 4429.52 4450.84 4469.79 4496.29 4459.15 4434.33 4417.2 4404.34 4394.34 4388.24 4385.28 4384.04 4383.07 4386.44 4388.46 4384.75 4382.24 4384.25 4386.28 4380.34
4295.67 4292.04 4288.55 4284.73 4279.55 4272.93 4263.55 4257.93 4259.68 4256.76 4254.32 4252.88 4253.42 4253.32 4250.83 4252.2 4252.43 4255.74 4266.72 4253.21 4249.06 4247.88 4248.82 4249.64 4244.73 4239.5 4248.04 4265.4 4268.54 4266.76 4256.9 4242.43 4239.44 4245.99 4251.65 4255.61 4256.97 4254.84 4255.78 4258.7 4264.83 4273.37 4289.52 4306.62 4328.14 4356.57 4381.76 4395.6 4407.28 4428.84 4482 4425.46 4409.49 4398.06 4388.69 4384.69 4385.78 4384.88 4386.64 4387.57 4389.1 4391.34 4387.36 4383.22 4380.32 4377.7 4376.15
4298.83 4295.28 4291.95 4288.75 4286.05 4280.33 4276.76 4271.2 4270.31 4265.98 4263.39 4262.97 4264.83 4263.09 4261.18 4258.65 4259 4266.57 4279.43 4262.4 4254.3 4249.58 4247.13 4245.49 4242.86 4241.25 4247.47 4260.72 4256.8 4250.71 4245.03 4238.64 4237.13 4241.69 4245.79 4248.37 4247.78 4249.92 4252.91 4257.34 4264.1 4273.43 4283.67 4298.27 4315.33 4338.17 4356.94 4366.03 4372.15 4401.19 4444.25 4386.36 4382.25 4374.2 4370.25 4369.22 4371.13 4376.49 4381.67 4386.23 4384.53 4382.68 4378.21 4375.92 4375.29 4374.77 4375.02
4301.96 4299.56 4296.74 4291.11 4286.03 4284.42 4281.76 4276.99 4276.54 4272.92 4270.39 4268.98 4268.52 4266.6 4264.16 4262.73 4263.21 4271.23 4278.95 4264.75 4257.77 4251.19 4246.42 4239.57 4240.93 4242.91 4244.72 4242.5 4242.66 4237.87 4237.73 4237.16 4238.07 4242.06 4244.01 4243.77 4242.62 4246.63 4250.14 4254.19 4259.71 4269.31 4279.62 4296.34 4308.11 4325.14 4338.36 4347.54 4348.45 4380.12 4458.93 4354.83 4353.61 4352.21 4351.55 4351.61 4353.92 4361.53 4368.56 4374.3 4374.12 4371.18 4367.16 4366.26 4369.57 4373.05 4370.86
4304.58 4299.2 4295.98 4291.44 4287.72 4286.62 4285.61 4281.46 4279.62 4277.98 4274.91 4271.55 4268.25 4267.25 4265.4 4263.03 4263.12 4269.87 4273.9 4267.73 4260.32 4256.88 4248.96 4245.83 4242.07 4242.35 4242.42 4238.95 4235.82 4233.35 4235.69 4239.23 4244.94 4244.91 4244.75 4243.88 4241.69 4246.16 4248.56 4250.82 4254.2 4261.04 4273.27 4292.42 4305.95 4316.31 4323.99 4327.05 4331.27 4353.71 4397.39 4326.92 4331.48 4333.57 4334.71 4336.53 4339.36 4346.18 4353.6 4362.29 4362.38 4360.2 4360.22 4358.48 4363.04 4368.38 4368.05
