real_craters/C165-750m.grd
DSAA
161 161
-60.095 60.095
-60.095 60.095
2872.0367087831 4911.0697117029
[rows 114 to 151 of 161, columns 0 to 83 of 161]
4291 4277 4266 4260 4251 4245 4242 4240 4240 4243 4244 4241 4244 4239 4239 4238 4234 4229 4227 4244 4273 4288 4280 4272 4274 4275 4279 4292 4316 4359 4450 4579 4749 4667 4454 4470 4417 4383 4366 4373 4386 4395 4398 4394 4395 4391 4387 4387 4385 4381 4382 4386 4372 4354 4353 4366 4371 4354 4343 4342 4342 4344 4344 4354 4369 4366 4361 4367 4372 4376 4371 4363 4364 4363 4352 4340 4339 4350 4363 4367 4372 4385 4392 4388
4287 4274 4267 4262 4250 4247 4240 4237 4240 4248 4249 4247 4243 4242 4242 4241 4236 4226 4230 4255 4282 4287 4275 4266 4271 4269 4269 4281 4304 4351 4443 4539 4654 4599 4496 4471 4424 4393 4380 4379 4381 4380 4381 4388 4392 4387 4381 4379 4374 4381 4378 4368 4355 4342 4342 4350 4358 4358 4348 4344 4341 4338 4338 4348 4357 4361 4363 4364 4361 4357 4347 4349 4355 4357 4343 4327 4324 4333 4341 4348 4357 4367 4370 4370
4288 4279 4273 4266 4254 4251 4242 4238 4237 4246 4250 4249 4250 4244 4247 4245 4235 4227 4245 4269 4280 4266 4263 4263 4265 4262 4261 4269 4294 4337 4405 4460 4504 4513 4482 4447 4416 4394 4385 4381 4383 4380 4378 4391 4387 4384 4380 4372 4361 4383 4367 4343 4342 4331 4332 4347 4350 4349 4348 4344 4342 4340 4343 4345 4347 4357 4365 4361 4352 4340 4333 4339 4344 4345 4331 4313 4311 4318 4321 4328 4347 4357 4354 4344
4294 4289 4283 4274 4260 4254 4252 4248 4246 4247 4248 4251 4260 4250 4248 4250 4245 4238 4266 4271 4263 4243 4250 4259 4258 4257 4259 4268 4290 4321 4367 4407 4429 4472 4444 4415 4397 4388 4386 4386 4389 4392 4384 4382 4378 4375 4371 4362 4349 4388 4357 4323 4324 4318 4324 4345 4354 4350 4345 4344 4344 4349 4349 4343 4345 4354 4358 4355 4344 4331 4324 4329 4331 4327 4317 4305 4303 4307 4311 4319 4330 4343 4343 4339
4299 4293 4289 4283 4277 4270 4266 4263 4265 4262 4259 4261 4279 4258 4250 4246 4243 4242 4261 4254 4245 4237 4242 4247 4248 4251 4257 4269 4284 4306 4338 4363 4372 4438 4386 4378 4370 4370 4376 4385 4385 4381 4376 4375 4375 4365 4358 4349 4340 4365 4342 4313 4309 4306 4313 4340 4344 4339 4340 4341 4342 4342 4347 4343 4346 4351 4354 4349 4336 4322 4311 4311 4312 4314 4307 4297 4297 4300 4303 4308 4313 4323 4332 4337
4303 4300 4291 4286 4284 4280 4275 4271 4269 4266 4263 4266 4276 4263 4254 4244 4241 4243 4240 4236 4236 4239 4244 4244 4242 4248 4253 4260 4277 4301 4321 4334 4339 4405 4340 4343 4342 4345 4354 4365 4368 4364 4362 4369 4370 4361 4353 4345 4339 4344 4327 4311 4308 4308 4314 4327 4330 4331 4338 4340 4341 4342 4343 4342 4344 4348 4351 4348 4331 4314 4305 4305 4305 4305 4303 4296 4296 4299 4298 4297 4302 4304 4313 4322
4305 4293 4290 4288 4285 4280 4281 4276 4269 4269 4262 4262 4269 4256 4253 4245 4242 4241 4237 4234 4236 4242 4245 4247 4246 4247 4248 4252 4268 4293 4308 4316 4322 4358 4307 4316 4320 4324 4331 4341 4351 4354 4352 4357 4361 4362 4356 4346 4336 4322 4315 4310 4308 4307 4312 4320 4329 4340 4342 4340 4337 4334 4334 4336 4339 4343 4345 4341 4324 4309 4305 4305 4298 4299 4298 4299 4301 4300 4298 4296 4304 4305 4303 4308
4303 4296 4291 4288 4284 4284 4284 4278 4271 4264 4260 4258 4263 4251 4241 4239 4239 4238 4237 4236 4238 4242 4245 4246 4246 4245 4245 4247 4260 4279 4298 4299 4297 4344 4291 4299 4304 4308 4315 4323 4334 4341 4338 4340 4340 4349 4347 4338 4324 4311 4309 4308 4307 4307 4311 4321 4329 4341 4343 4339 4335 4331 4328 4330 4334 4336 4334 4327 4316 4306 4310 4307 4302 4297 4295 4302 4307 4304 4302 4306 4322 4325 4304 4308
4307 4301 4293 4289 4285 4285 4283 4280 4275 4271 4264 4263 4255 4247 4243 4241 4241 4239 4237 4236 4239 4240 4239 4240 4239 4241 4244 4248 4258 4270 4283 4282 4280 4293 4283 4287 4292 4296 4307 4319 4328 4331 4331 4334 4332 4332 4333 4328 4319 4307 4308 4307 4309 4310 4316 4319 4325 4330 4336 4338 4337 4340 4338 4333 4333 4330 4325 4319 4308 4303 4313 4305 4307 4295 4286 4296 4304 4303 4301 4305 4314 4316 4302 4294
4304 4299 4294 4292 4293 4288 4283 4284 4279 4275 4268 4267 4262 4257 4250 4247 4247 4246 4244 4247 4244 4239 4234 4235 4236 4237 4243 4251 4260 4259 4264 4270 4273 4276 4277 4281 4285 4289 4306 4320 4329 4324 4326 4333 4333 4328 4325 4318 4312 4307 4305 4312 4319 4317 4317 4319 4323 4331 4335 4334 4336 4343 4339 4336 4334 4326 4317 4307 4299 4298 4308 4310 4298 4287 4279 4285 4293 4295 4292 4289 4290 4294 4292 4289
4302 4298 4293 4294 4297 4296 4290 4289 4284 4278 4271 4273 4262 4261 4256 4256 4256 4254 4252 4262 4249 4239 4232 4232 4232 4234 4239 4243 4249 4253 4258 4265 4268 4275 4273 4276 4281 4286 4300 4311 4316 4315 4316 4324 4331 4327 4321 4314 4307 4305 4305 4317 4327 4329 4325 4320 4327 4327 4328 4326 4327 4330 4328 4338 4333 4320 4308 4296 4293 4296 4298 4299 4294 4282 4273 4274 4280 4285 4281 4276 4273 4278 4279 4282
4304 4299 4294 4294 4302 4303 4296 4293 4285 4278 4274 4285 4272 4271 4271 4268 4269 4267 4256 4254 4247 4238 4231 4231 4233 4236 4241 4244 4248 4253 4258 4263 4263 4271 4275 4279 4285 4289 4294 4304 4312 4307 4312 4323 4321 4319 4318 4316 4308 4310 4315 4322 4329 4331 4327 4321 4328 4322 4309 4314 4315 4312 4318 4326 4324 4314 4302 4291 4290 4293 4291 4292 4293 4278 4271 4270 4274 4275 4271 4266 4264 4267 4268 4276
4306 4305 4303 4304 4307 4308 4293 4290 4285 4281 4280 4295 4278 4279 4282 4284 4280 4274 4255 4246 4241 4235 4229 4230 4233 4237 4242 4245 4249 4255 4259 4261 4263 4265 4280 4285 4288 4290 4293 4300 4304 4305 4307 4313 4306 4310 4318 4327 4309 4319 4329 4328 4326 4328 4330 4319 4318 4306 4303 4307 4311 4307 4312 4316 4314 4306 4296 4288 4288 4288 4286 4283 4279 4268 4264 4263 4265 4265 4264 4260 4258 4259 4266 4271
4308 4309 4307 4311 4307 4306 4293 4291 4289 4292 4293 4307 4288 4289 4293 4296 4287 4275 4256 4241 4236 4232 4230 4230 4233 4237 4240 4244 4247 4255 4256 4260 4260 4272 4287 4287 4288 4287 4290 4297 4301 4305 4307 4301 4308 4311 4326 4339 4311 4330 4343 4333 4323 4325 4339 4329 4319 4307 4304 4302 4301 4296 4302 4306 4305 4300 4292 4283 4283 4284 4281 4276 4268 4262 4262 4257 4250 4257 4258 4256 4253 4259 4263 4265
4305 4297 4296 4295 4296 4293 4291 4294 4299 4303 4306 4316 4301 4296 4299 4296 4284 4271 4257 4239 4234 4232 4230 4229 4234 4241 4241 4241 4244 4249 4253 4260 4265 4276 4281 4286 4288 4288 4291 4296 4305 4318 4331 4329 4334 4339 4352 4352 4313 4339 4351 4337 4323 4321 4335 4331 4321 4312 4303 4296 4292 4292 4295 4300 4301 4298 4290 4280 4275 4277 4273 4268 4265 4261 4261 4257 4251 4256 4255 4254 4255 4258 4266 4268
4298 4301 4300 4292 4293 4292 4290 4295 4301 4305 4304 4311 4298 4295 4294 4286 4273 4262 4252 4239 4236 4235 4233 4231 4236 4242 4240 4238 4240 4246 4253 4259 4265 4275 4277 4285 4292 4290 4292 4301 4324 4336 4355 4401 4398 4390 4392 4367 4319 4347 4357 4342 4325 4325 4330 4336 4327 4317 4303 4292 4293 4293 4294 4300 4304 4298 4290 4283 4277 4273 4268 4263 4263 4264 4262 4257 4250 4253 4253 4251 4252 4260 4263 4269
4296 4304 4305 4302 4297 4295 4294 4297 4299 4299 4297 4307 4289 4287 4285 4273 4262 4256 4251 4241 4239 4239 4239 4238 4240 4240 4237 4236 4238 4242 4251 4256 4267 4274 4275 4284 4293 4294 4298 4312 4356 4333 4303 4284 4308 4354 4407 4375 4330 4362 4367 4351 4333 4329 4331 4332 4332 4321 4305 4293 4298 4298 4295 4300 4304 4299 4292 4284 4278 4271 4265 4260 4261 4264 4261 4257 4252 4253 4250 4247 4246 4249 4257 4266
4297 4302 4302 4305 4304 4301 4300 4302 4303 4297 4294 4293 4285 4279 4272 4259 4251 4252 4249 4245 4243 4244 4247 4250 4246 4244 4241 4238 4241 4244 4251 4256 4262 4276 4278 4285 4295 4300 4323 4359 4307 4289 4273 4265 4276 4289 4358 4382 4345 4379 4377 4359 4343 4336 4334 4337 4332 4323 4314 4303 4301 4299 4297 4300 4303 4298 4290 4284 4277 4270 4264 4259 4258 4262 4261 4258 4259 4252 4246 4245 4242 4244 4246 4251
4298 4299 4298 4300 4301 4300 4300 4303 4303 4296 4290 4289 4281 4270 4260 4250 4249 4251 4252 4247 4247 4248 4250 4250 4249 4249 4245 4245 4249 4252 4255 4256 4269 4276 4275 4281 4289 4301 4346 4394 4265 4246 4243 4249 4257 4267 4294 4346 4372 4391 4382 4365 4347 4337 4340 4336 4325 4318 4312 4303 4299 4295 4294 4295 4295 4292 4288 4282 4276 4271 4265 4259 4254 4261 4261 4257 4259 4252 4246 4247 4244 4238 4239 4245
4296 4298 4294 4295 4296 4296 4298 4298 4298 4292 4282 4281 4269 4260 4253 4250 4248 4247 4249 4251 4251 4250 4249 4249 4247 4248 4246 4256 4256 4255 4254 4260 4271 4273 4272 4276 4283 4301 4359 4378 4257 4233 4228 4237 4248 4261 4269 4359 4392 4394 4379 4367 4358 4348 4342 4329 4319 4306 4295 4283 4284 4281 4283 4287 4288 4287 4284 4279 4279 4277 4268 4260 4257 4262 4263 4258 4255 4250 4249 4254 4251 4239 4238 4244
4291 4291 4288 4287 4287 4290 4293 4296 4295 4285 4276 4266 4255 4251 4247 4245 4242 4244 4248 4249 4250 4249 4248 4246 4244 4244 4245 4250 4257 4256 4252 4259 4271 4273 4272 4275 4284 4301 4358 4366 4271 4243 4231 4238 4248 4260 4272 4395 4396 4371 4365 4359 4355 4349 4335 4318 4303 4289 4279 4271 4270 4273 4276 4280 4284 4284 4281 4278 4280 4279 4269 4260 4256 4262 4264 4256 4251 4249 4253 4261 4259 4238 4238 4249
4284 4284 4280 4279 4281 4284 4289 4292 4290 4281 4275 4254 4254 4250 4247 4245 4244 4243 4247 4248 4249 4249 4249 4247 4244 4243 4240 4252 4257 4257 4254 4267 4277 4276 4275 4279 4284 4301 4337 4344 4301 4269 4250 4252 4254 4245 4245 4409 4391 4354 4348 4343 4340 4335 4323 4313 4289 4272 4261 4255 4258 4267 4269 4272 4276 4278 4276 4276 4275 4273 4266 4258 4252 4256 4260 4250 4246 4251 4256 4253 4247 4240 4239 4242
4274 4278 4279 4274 4275 4281 4287 4288 4286 4280 4271 4256 4255 4255 4253 4251 4248 4247 4248 4248 4247 4252 4251 4248 4246 4248 4245 4248 4254 4256 4257 4271 4277 4284 4281 4282 4284 4292 4305 4339 4341 4294 4269 4271 4258 4257 4262 4411 4382 4347 4334 4326 4316 4308 4301 4295 4273 4256 4251 4248 4251 4254 4260 4263 4264 4264 4268 4271 4270 4265 4262 4256 4251 4256 4250 4245 4243 4252 4252 4250 4247 4245 4240 4239
4270 4274 4276 4272 4274 4282 4288 4288 4286 4281 4271 4265 4261 4261 4259 4256 4251 4245 4251 4256 4260 4260 4256 4252 4248 4251 4247 4249 4253 4260 4265 4272 4276 4286 4286 4285 4291 4298 4303 4311 4326 4327 4317 4298 4290 4319 4390 4382 4357 4335 4321 4311 4308 4293 4294 4289 4269 4251 4246 4245 4246 4249 4254 4257 4257 4257 4264 4269 4268 4265 4261 4256 4251 4251 4250 4247 4249 4256 4259 4255 4252 4248 4240 4242
4266 4273 4274 4272 4276 4287 4298 4299 4298 4289 4276 4274 4265 4268 4266 4262 4256 4252 4260 4268 4273 4268 4261 4255 4252 4250 4247 4247 4254 4269 4286 4277 4272 4275 4282 4292 4297 4302 4302 4306 4315 4328 4350 4372 4389 4356 4351 4318 4310 4309 4305 4298 4293 4293 4293 4288 4269 4251 4244 4242 4243 4246 4251 4255 4259 4264 4265 4267 4267 4265 4262 4257 4253 4253 4253 4252 4252 4260 4264 4255 4255 4252 4244 4248
4265 4272 4273 4272 4279 4294 4312 4311 4307 4310 4291 4288 4275 4276 4273 4268 4267 4269 4274 4277 4279 4273 4264 4255 4247 4248 4249 4244 4249 4267 4284 4276 4268 4263 4274 4279 4289 4292 4290 4303 4300 4302 4319 4332 4319 4311 4348 4295 4286 4291 4293 4290 4287 4290 4291 4281 4267 4252 4243 4240 4239 4245 4251 4256 4261 4266 4265 4265 4267 4269 4266 4259 4253 4251 4256 4255 4256 4260 4261 4255 4256 4250 4246 4248
4265 4268 4268 4268 4279 4297 4317 4337 4332 4329 4311 4296 4279 4285 4283 4278 4282 4287 4288 4287 4283 4276 4266 4256 4246 4247 4257 4244 4242 4257 4266 4269 4267 4262 4268 4271 4277 4282 4276 4274 4282 4288 4297 4297 4288 4279 4341 4282 4279 4283 4287 4290 4289 4286 4283 4275 4263 4246 4244 4238 4241 4248 4256 4261 4264 4267 4264 4263 4266 4268 4265 4258 4253 4250 4256 4257 4255 4255 4252 4252 4254 4249 4247 4247
4260 4261 4265 4271 4283 4298 4307 4315 4327 4320 4313 4308 4293 4299 4300 4295 4298 4306 4300 4294 4288 4279 4266 4255 4249 4248 4252 4244 4239 4250 4249 4265 4260 4261 4259 4261 4271 4271 4254 4261 4272 4285 4284 4279 4268 4265 4308 4278 4279 4282 4286 4290 4284 4278 4279 4272 4259 4246 4245 4237 4246 4258 4264 4266 4267 4267 4265 4264 4265 4263 4260 4257 4252 4250 4255 4256 4254 4251 4247 4254 4258 4252 4246 4246
4260 4263 4269 4278 4292 4304 4312 4318 4321 4327 4346 4337 4325 4333 4328 4317 4317 4317 4307 4296 4284 4272 4261 4251 4244 4238 4246 4241 4240 4242 4247 4254 4256 4253 4250 4249 4254 4254 4247 4250 4266 4270 4270 4273 4268 4262 4291 4278 4277 4280 4284 4287 4282 4277 4276 4270 4260 4255 4248 4235 4248 4271 4270 4270 4270 4268 4267 4268 4266 4262 4258 4257 4255 4253 4258 4256 4251 4247 4244 4251 4260 4262 4249 4240
4270 4274 4279 4289 4304 4316 4330 4334 4333 4347 4367 4354 4347 4372 4357 4338 4341 4328 4310 4295 4279 4265 4254 4246 4240 4240 4243 4245 4246 4240 4247 4247 4250 4250 4246 4242 4241 4245 4245 4252 4270 4287 4274 4277 4270 4257 4287 4280 4278 4277 4280 4282 4283 4276 4276 4273 4269 4259 4255 4254 4261 4273 4272 4273 4273 4274 4278 4274 4270 4267 4266 4263 4261 4259 4260 4250 4249 4248 4243 4245 4255 4260 4247 4238
4282 4284 4288 4297 4311 4324 4333 4337 4345 4365 4358 4350 4341 4367 4365 4347 4346 4334 4314 4293 4274 4258 4248 4242 4239 4250 4246 4249 4246 4240 4247 4241 4240 4244 4240 4238 4237 4246 4250 4254 4263 4272 4284 4272 4262 4258 4289 4275 4268 4270 4272 4279 4276 4267 4273 4275 4271 4263 4259 4258 4258 4262 4269 4273 4274 4276 4277 4276 4273 4271 4273 4268 4266 4266 4265 4252 4252 4253 4248 4244 4247 4249 4244 4236
4285 4287 4290 4300 4314 4329 4346 4351 4351 4374 4363 4352 4346 4365 4367 4349 4346 4334 4310 4290 4269 4250 4243 4241 4242 4239 4251 4254 4251 4245 4242 4240 4241 4245 4240 4235 4236 4247 4258 4263 4263 4269 4272 4266 4253 4254 4271 4261 4261 4264 4264 4264 4260 4258 4265 4269 4274 4268 4260 4261 4261 4266 4269 4272 4275 4277 4279 4276 4274 4272 4269 4269 4271 4272 4273 4264 4256 4249 4242 4239 4242 4247 4246 4241
4283 4284 4291 4302 4314 4328 4345 4350 4349 4369 4375 4368 4354 4367 4365 4348 4341 4328 4309 4286 4267 4252 4244 4242 4241 4246 4256 4258 4255 4246 4241 4244 4244 4242 4236 4229 4232 4249 4264 4262 4266 4278 4283 4265 4245 4259 4245 4256 4256 4261 4266 4266 4258 4252 4254 4256 4261 4264 4266 4268 4264 4270 4271 4273 4276 4277 4275 4275 4274 4272 4270 4271 4274 4279 4281 4273 4258 4245 4238 4234 4244 4255 4256 4249
4284 4289 4294 4303 4313 4323 4332 4343 4346 4356 4394 4381 4387 4366 4348 4343 4336 4321 4300 4280 4265 4254 4247 4245 4245 4248 4253 4256 4253 4243 4241 4247 4249 4241 4238 4233 4236 4245 4249 4252 4264 4275 4276 4256 4243 4262 4241 4255 4256 4261 4270 4271 4256 4245 4245 4249 4253 4258 4266 4270 4268 4268 4269 4272 4275 4279 4278 4277 4276 4274 4272 4273 4278 4283 4288 4276 4257 4245 4237 4237 4243 4263 4264 4257
4289 4291 4294 4302 4312 4318 4327 4334 4347 4358 4368 4365 4358 4346 4350 4341 4326 4313 4289 4273 4264 4257 4252 4252 4252 4254 4256 4256 4254 4242 4238 4243 4241 4239 4244 4243 4239 4240 4242 4242 4256 4263 4261 4254 4243 4260 4243 4253 4255 4256 4260 4254 4243 4235 4240 4247 4251 4258 4271 4272 4265 4263 4264 4269 4275 4280 4284 4281 4279 4278 4278 4280 4282 4282 4276 4270 4257 4247 4240 4239 4239 4251 4254 4245
4295 4298 4298 4300 4304 4307 4307 4322 4337 4353 4353 4348 4343 4344 4341 4334 4325 4305 4283 4269 4266 4266 4266 4263 4260 4260 4260 4256 4249 4239 4232 4232 4232 4240 4245 4243 4241 4238 4236 4242 4248 4252 4250 4248 4244 4255 4251 4249 4246 4245 4247 4243 4237 4235 4240 4247 4255 4263 4267 4272 4265 4256 4259 4267 4275 4281 4279 4277 4280 4282 4284 4286 4286 4285 4283 4273 4256 4249 4242 4238 4235 4241 4244 4242
4296 4301 4301 4298 4297 4299 4305 4313 4322 4333 4332 4338 4338 4337 4337 4332 4323 4303 4281 4268 4270 4277 4283 4274 4267 4264 4261 4254 4246 4235 4229 4227 4232 4238 4244 4240 4237 4236 4236 4237 4241 4240 4240 4239 4242 4254 4258 4253 4243 4235 4229 4233 4238 4238 4245 4251 4262 4273 4273 4266 4263 4258 4263 4271 4276 4276 4277 4277 4281 4285 4289 4293 4290 4288 4284 4278 4264 4255 4246 4240 4238 4238 4241 4244
4298 4303 4300 4294 4290 4290 4295 4307 4316 4328 4329 4343 4339 4341 4338 4331 4320 4303 4283 4271 4274 4282 4289 4277 4268 4260 4255 4250 4250 4245 4236 4227 4228 4236 4239 4239 4240 4239 4236 4231 4233 4236 4235 4233 4236 4256 4262 4253 4238 4229 4227 4233 4240 4249 4253 4260 4273 4284 4284 4270 4266 4268 4275 4280 4282 4281 4281 4283 4282 4285 4290 4295 4292 4289 4285 4282 4271 4258 4250 4245 4244 4242 4241 4240
