real_craters/C165-300m.grd
DSAA
402 402
-60.095 60.095
-60.095 60.095
2851.7397405718 4912.9883261281
[rows 240 to 269 of 402, columns 67 to 133 of 402]
4305.76 4313.51 4321.1 4328.15 4333.63 4335.87 4339.69 4347.73 4356.01 4363.83 4370.21 4375.29 4379.81 4381.08 4380.91 4380.32 4379.26 4377.67 4375.6 4373.62 4372.52 4372.13 4373.8 4376.58 4378.35 4375.29 4374.46 4375.06 4375.06 4373.26 4374.23 4375.25 4376.49 4378.29 4381.52 4382.56 4382.72 4384.22 4386.77 4389.89 4392.16 4394.06 4394.14 4393.31 4390.83 4390.32 4390.03 4387.86 4384.53 4380.04 4375.08 4368.67 4362.06 4355.65 4353.29 4350.72 4347.96 4347.5 4343.13 4338.99 4335.24 4330.83 4364.74 4396.26 4377.61 4348.78 4333.59
4301.53 4310.06 4318.59 4326.79 4332.93 4334.78 4338.35 4346.96 4355.64 4364.67 4372.42 4378.9 4383.94 4384.63 4383.3 4381.56 4379.51 4377.64 4375.16 4372.86 4371.41 4370.67 4372.59 4375.81 4377.05 4374.68 4374.52 4375.03 4375.01 4373.92 4373.7 4374.03 4374.76 4375.58 4376.91 4377.34 4379.94 4383.26 4388.45 4393.3 4397.03 4401.3 4404.14 4400.31 4395.52 4394.96 4394.95 4392.99 4389.55 4384.64 4378.94 4373.24 4367.06 4361.07 4357.11 4353.7 4349.8 4346.59 4344.43 4341.5 4339.66 4338.13 4365.49 4384.25 4371.81 4350.15 4337.27
4297.66 4306.87 4315.82 4324.47 4331.61 4335.21 4338.99 4348.87 4359.38 4367.82 4375.32 4382.1 4386.95 4386.63 4384.6 4382.37 4379.8 4377.67 4375.2 4372.57 4370.78 4369.54 4370.99 4372.83 4373.87 4373.27 4374.06 4374.67 4374.49 4373.79 4372.85 4372.58 4372.9 4373.8 4374.45 4374.23 4377.04 4380.77 4387.35 4393.87 4399.02 4405.39 4410.93 4407.33 4403.4 4403.03 4402.46 4400.02 4396.05 4390.86 4384.65 4378.5 4372.87 4369.56 4362.88 4358.15 4354.3 4350.58 4347.33 4345.61 4345.15 4346.76 4368.69 4378.45 4368.81 4353.27 4342.32
4294.25 4303.6 4312.97 4321.74 4329.3 4335.3 4340.73 4351.89 4363.59 4371.49 4377.97 4383.47 4387.54 4386.87 4384.84 4382.63 4379.84 4377.55 4375.25 4372.4 4371.09 4370.19 4370.24 4371.39 4372.15 4372.64 4373.54 4374.94 4374.67 4372.66 4371.26 4370.54 4370.63 4372.02 4372.69 4373.28 4374.95 4377.92 4384.82 4391.67 4397.36 4403.17 4408.92 4412.62 4413.65 4413.59 4412.17 4408.68 4403.54 4397.13 4390.78 4383.72 4377.26 4370.71 4366.55 4362.85 4359.46 4354.52 4352.3 4351.19 4352.38 4358.3 4371.83 4375.57 4368.2 4356.97 4348.11
4291.34 4300.78 4310.37 4319.76 4329.21 4336.23 4343.47 4354.49 4366.47 4374.8 4380.34 4383.91 4385.64 4385.79 4384.11 4381.85 4379.56 4377.14 4374.44 4372.74 4371.72 4370.89 4370.68 4372.29 4370.99 4370.99 4371.91 4373.35 4372.85 4370.42 4368.68 4367.89 4367.42 4367.64 4368.82 4370.13 4371.91 4375.85 4381.25 4387.63 4394.04 4400.23 4408.86 4418.87 4424.09 4425.24 4423.27 4418.74 4412.05 4403.26 4395.44 4388.94 4381.85 4375.55 4371.49 4367.32 4364.14 4361.56 4357.71 4356.23 4358.55 4365.45 4374.44 4375.5 4368.69 4359.11 4351.57
4288.73 4297.84 4307.63 4317.41 4327.45 4336.74 4344.22 4357.95 4371.73 4378.79 4383.04 4385.3 4385.38 4384.3 4382.82 4380.84 4378.93 4376.67 4374.46 4373.1 4372.58 4372.14 4371.98 4374.34 4370.68 4369.32 4369.17 4368.97 4368.52 4367.09 4365.74 4365.4 4364.66 4363.59 4364.22 4364.26 4366.32 4371.54 4377.41 4382.6 4390.18 4400.79 4414.44 4428.5 4436.74 4437.78 4434.8 4429.41 4421.95 4412.43 4403.79 4395.9 4387.45 4379.76 4375.39 4371.5 4366.37 4363.53 4360.48 4358.18 4360.05 4367.02 4378.89 4376.48 4368.28 4359.17 4351.88
4286.79 4295.57 4305.07 4314.93 4325.37 4336.76 4348 4363.54 4377.59 4382.99 4385.95 4387.1 4385.42 4383.09 4381.78 4379.97 4378.24 4375.5 4374.23 4372.99 4372.59 4372.59 4373.19 4376.39 4370.42 4367.81 4366.52 4365.2 4365 4364.52 4363.62 4363.56 4363.45 4362.95 4360.9 4359.98 4360.64 4362.9 4368.42 4374.66 4383.7 4397.66 4417.83 4439 4450.22 4449.32 4444.96 4439.23 4432.42 4424.02 4414.05 4403.73 4394.02 4386.6 4382.23 4376.38 4370.87 4365.6 4360.05 4356.14 4355.99 4359.74 4378.06 4374.15 4365.47 4357.14 4351.39
4285.3 4294.16 4303.51 4312.97 4323.31 4336.98 4352.48 4367.38 4380.86 4386 4388.51 4388.71 4385.93 4382.87 4381.26 4379.32 4377.48 4374.81 4373.25 4372.21 4372 4372.21 4372.83 4375.11 4368.68 4365.6 4364.3 4363.88 4363.05 4362.92 4363.28 4361.3 4360.38 4358.96 4356.15 4355.33 4354.98 4353.65 4357.81 4364.18 4373.95 4388.5 4416.76 4445.91 4458.75 4456.74 4451.63 4446.13 4440.9 4435.11 4423.25 4410.57 4399.37 4392.03 4387.94 4379.27 4372.81 4362.61 4355.25 4351.62 4348.77 4349.05 4369.13 4366.05 4359.25 4352.48 4347.77
4284.58 4293.63 4302.74 4311.72 4321.63 4336.51 4356.39 4371.75 4382.44 4387.63 4390.7 4391.4 4388.3 4384.33 4381.38 4378.74 4376.5 4373.88 4372.01 4370.6 4370.19 4370.71 4371.64 4371.59 4364.99 4362.55 4361.64 4361.31 4360.64 4359.99 4359.01 4356.47 4353.45 4350.39 4348.35 4346 4342.69 4340.7 4344.68 4352.29 4363.04 4379.89 4413.14 4447.36 4459.98 4457.33 4452.26 4447.6 4443.47 4438.25 4426.57 4413.83 4403.22 4395.03 4388.36 4377.39 4365.66 4358.23 4351.73 4349.07 4346.27 4344.26 4352.28 4354.35 4351.13 4346.87 4344.22
4285.76 4294.79 4303.49 4312.13 4321.26 4335.03 4357.93 4369.69 4380.67 4387.82 4392.56 4393.89 4390.42 4385.04 4381.8 4378.88 4375.74 4372.92 4370.32 4368.31 4367.45 4368.48 4369.57 4367.72 4361.36 4359.63 4359.02 4358.3 4358.01 4356.47 4353.14 4351.48 4348.78 4344.53 4340.73 4336.34 4332.36 4329.7 4333.25 4340.91 4351.74 4370.84 4404.92 4439.7 4451.46 4449.98 4446.09 4442.39 4439.51 4435.07 4423.66 4411.92 4402.38 4393.06 4384.3 4374.44 4364.32 4358.39 4353.04 4349.95 4347.94 4344.46 4344.37 4345.66 4344.29 4342 4342.26
4289.96 4298.01 4305.83 4314.18 4323.36 4336.24 4354.69 4365.54 4377.77 4387.37 4394.25 4397.31 4393.03 4386.52 4382.95 4379.42 4375.55 4371.8 4368.4 4365.76 4365.01 4366.29 4367.55 4364.43 4358.35 4358.05 4358.22 4357.84 4356.93 4355.13 4352.39 4350.42 4347.66 4341.81 4334.86 4328.28 4322.89 4322.57 4325.61 4331.43 4340.22 4357.09 4391.3 4423.19 4434.55 4435.53 4433.52 4430.85 4428.28 4424.36 4415.64 4405.8 4393.81 4385.96 4377.14 4372.27 4368.94 4361.33 4355.68 4352.67 4350.37 4345.96 4341.45 4341.62 4340.4 4338 4338.16
4296.68 4302.08 4308.88 4316.9 4326.31 4337.54 4356.18 4367.27 4376.78 4386.94 4395.52 4399.82 4396.27 4390.46 4385.36 4380.4 4375.48 4370.65 4366.45 4363.27 4362.38 4365.19 4367.14 4363.29 4358.45 4358.51 4359.33 4358.94 4357.13 4355.14 4353.58 4350.94 4346.24 4338.31 4329.67 4321.58 4314.68 4316.17 4319.58 4324.5 4331.92 4347.22 4374.49 4401.12 4412.65 4416.81 4417.05 4415.2 4412.46 4409.25 4405.26 4399.56 4392.37 4383.63 4375.24 4371.54 4369.11 4364.93 4360.51 4356.82 4352 4348.94 4343.45 4342.87 4340.71 4337.09 4336.52
4299.23 4304.13 4310.82 4319.09 4329.21 4342.43 4356.87 4367.19 4375.27 4385.05 4395.05 4401.43 4397.48 4392.6 4386.92 4380.76 4374.91 4369.32 4364.44 4361.16 4361.63 4365.94 4372.76 4364.97 4359.88 4360.61 4361.29 4360.17 4357.25 4354.08 4351.56 4347.84 4340.65 4332.97 4324.5 4316.79 4311.13 4311.98 4315.34 4320.31 4327.45 4340.17 4358.51 4375.35 4390.32 4397.72 4399.99 4399.04 4396.5 4395.79 4396.35 4394.56 4390.14 4385.33 4380.21 4377.73 4374.06 4368.72 4364.88 4363.37 4359.7 4352.31 4350.94 4348.86 4345.28 4341.52 4340.56
4296.83 4303.94 4311.37 4319.93 4329.9 4341.43 4353.04 4363.13 4370.49 4380.01 4389.67 4395.73 4394.14 4391.36 4386.51 4379.89 4373.59 4367.77 4362.26 4358.07 4359.06 4364.24 4369.54 4365.63 4362.94 4364.07 4363.97 4361.52 4356.9 4351.32 4345.83 4340.21 4333.91 4326.82 4319.69 4312.96 4308.15 4308.37 4312.98 4318.41 4325.82 4336.22 4348.92 4362.03 4374.16 4381.9 4385.26 4385.22 4383.19 4386.1 4391.39 4392.83 4390.39 4389.08 4385.95 4381.25 4376.19 4371.93 4368.9 4370.58 4368.66 4356 4359.57 4356.27 4351.06 4348.52 4346.58
4295.5 4302.45 4310.28 4318.78 4328.18 4337 4347.17 4359.08 4364.03 4372.17 4380.03 4385.23 4386.61 4385.69 4382.28 4377.22 4371.54 4366.28 4361.01 4356.09 4357.45 4363.05 4368.28 4367.04 4367.23 4368.77 4368.56 4363.95 4356.34 4347.73 4338.73 4330.72 4325.45 4320.54 4315.3 4310.26 4307.71 4308.99 4312.8 4318.41 4324.42 4333.58 4343.95 4354.05 4363.59 4370.52 4374.43 4376.06 4377.31 4383.53 4392.29 4397.5 4398.18 4396.22 4391.22 4383.3 4378.92 4374.78 4371.44 4371.24 4365.91 4355.97 4362.15 4359.25 4353.53 4350.49 4349.61
4291.7 4300.16 4308.33 4316.9 4325.81 4334.66 4344.96 4354.4 4356.76 4363.01 4369.68 4374.73 4377.3 4378.05 4376.84 4373.29 4368.86 4364.97 4361.18 4358.59 4359.83 4364.11 4369.54 4368.39 4370.32 4372.9 4374.4 4366.25 4355.55 4344.24 4332.49 4321.55 4317.73 4315.46 4312.27 4308.68 4306.32 4308.03 4314.2 4320.67 4328.04 4334.73 4342.56 4350.09 4357.11 4362.95 4367.29 4370.84 4375.56 4385.45 4397.5 4406.96 4409.5 4406.06 4399.25 4391.28 4384.72 4377.97 4371.23 4367.9 4362.09 4354.32 4357.45 4356.73 4352.31 4348.55 4350.96
4289.97 4297.61 4305.53 4313.66 4322.4 4331.12 4340.31 4347.32 4348.68 4352.54 4358.64 4363.96 4367.65 4369.92 4369.95 4368.36 4365.43 4362.95 4360.93 4361.04 4361.49 4363.69 4367.48 4371.2 4371.29 4372.99 4374.14 4365.05 4353.77 4341.75 4329.23 4317.19 4313.66 4313.53 4311.73 4309.6 4308.94 4312.49 4318.05 4324.71 4330.49 4336.71 4342.77 4348.13 4353.24 4358.05 4362.77 4367.81 4374.91 4387.35 4402.86 4418.58 4422.01 4415.41 4408.45 4401.64 4391.4 4381.76 4371.47 4362.94 4356.22 4351.23 4353.4 4354.31 4351.38 4347.56 4353.25
4288.07 4294.42 4301.93 4309.54 4317.81 4325.31 4331.72 4336.73 4335.88 4340.89 4348.02 4353.38 4357.96 4361.6 4363.89 4363.14 4361.3 4359.48 4358.6 4359.04 4359.83 4361.35 4363.84 4366.36 4366.8 4367.7 4366.64 4360.48 4351.14 4340.5 4329.68 4320.46 4316.19 4315.68 4314.42 4313.33 4314.53 4317.43 4324.21 4330.98 4336.37 4339.76 4343 4346.6 4350.61 4354.8 4359.42 4365.56 4374.23 4386.78 4402.59 4420.77 4424.46 4419.04 4413.66 4406.7 4396.49 4386.05 4375.62 4365.33 4351.95 4346.59 4351.75 4355.45 4353.38 4352.21 4356.76
4285.67 4291.03 4298.59 4305.58 4312.53 4318.75 4325.02 4325.34 4326.7 4330.46 4335.1 4342.49 4348.66 4353.29 4356.25 4356.85 4355.85 4354.44 4353.86 4354.51 4356.08 4357.28 4356.98 4354.99 4358.08 4360.24 4359.98 4355.7 4348.86 4340.52 4332.45 4325.45 4320.99 4320.64 4320.07 4319.35 4320.28 4327.47 4332.8 4338.36 4342.93 4343.24 4344.04 4346.07 4348.98 4352.22 4356.24 4362.26 4371.43 4382.41 4394.95 4406.24 4413.98 4415.53 4414.17 4408.57 4398.26 4389.15 4380.81 4371.63 4350.1 4342.98 4350.08 4355.92 4355.48 4355.71 4358.62
4286.24 4290.57 4296.29 4302.04 4307.46 4311.88 4313.24 4318.13 4320.32 4322.84 4327.9 4333.69 4340.05 4345.24 4349.06 4350.69 4350.05 4348.65 4347.62 4348.55 4351.55 4353.27 4350.29 4345.98 4350.12 4353.48 4354.29 4352.4 4347.68 4341.51 4335.09 4329.21 4326.99 4327.06 4327.65 4329.14 4332.09 4335.63 4339.45 4343.88 4347.08 4345.94 4345.46 4346.34 4348.33 4350.42 4353.14 4356.57 4364.17 4376.23 4386.56 4392.33 4403.17 4408.9 4410.38 4405.51 4396.47 4389.95 4383.49 4373.6 4348.91 4340.33 4348.65 4356.62 4355.43 4354.27 4357.9
4287.75 4291.51 4294.37 4298.52 4302.95 4307.28 4311.09 4315.06 4316.11 4316.36 4319.96 4325.84 4332.07 4337.89 4343.49 4345.45 4343.49 4341.58 4340.76 4342.83 4347.55 4351.13 4345.32 4340.29 4345.08 4350.54 4352.48 4350.9 4347.58 4343.11 4338.06 4333.56 4332.98 4333.95 4335.02 4337.71 4339.58 4340.44 4343.12 4346.72 4348.22 4347.69 4346.99 4347.35 4348.73 4349.9 4351.41 4353.97 4361.12 4372.83 4383.7 4393.06 4399.01 4403.05 4402.9 4398.38 4392.78 4388.86 4384.38 4377.81 4348.83 4339.88 4348.5 4356.9 4354.92 4353.26 4356.99
4287.27 4288.34 4291.52 4294.71 4298.2 4302.39 4307.14 4308.8 4307.25 4308.12 4313.33 4318.22 4324.15 4329.94 4335.5 4337.74 4335.63 4333.43 4332.97 4336.93 4343.97 4350.57 4341.06 4336.23 4341.77 4349.47 4351.81 4350.32 4347.97 4345.18 4342.32 4340.92 4341.55 4340.2 4340.08 4340.86 4342.8 4344.36 4346.81 4349.79 4350.52 4349.17 4348.46 4349.04 4350.21 4351.19 4352.23 4354.21 4361.81 4373.05 4383.76 4392.77 4397.5 4399.73 4398.58 4393.94 4389.18 4387.45 4383.66 4377.61 4348.37 4342.22 4349.72 4356.63 4355.22 4354.11 4357.35
4287.32 4287.27 4288.87 4290.63 4292.45 4294.34 4296.34 4298.28 4299.91 4301.37 4305.01 4310.38 4315.94 4321.09 4325.84 4328.36 4326.51 4324.56 4324.05 4330.2 4340.6 4349.29 4335.07 4331.87 4338.56 4345.72 4349.09 4349.09 4347.81 4346.59 4345.89 4345.94 4345.59 4343.43 4342.99 4343.85 4345.24 4346.82 4349.22 4351.27 4351.75 4350.89 4350.5 4351.67 4353.11 4354.55 4355.84 4357.45 4365.64 4376.43 4385.46 4391.94 4397.09 4398.78 4397.48 4393.55 4389.28 4386.46 4381.81 4370.81 4355.07 4349.75 4353.06 4356.99 4356.1 4355.8 4358.5
4286.27 4286.46 4286.43 4286.9 4287.25 4286.44 4287.38 4290.83 4293.12 4294.2 4298.14 4303.32 4308.46 4312.32 4315.14 4316.19 4317.06 4317.39 4317.85 4325.93 4337.66 4346.77 4330.52 4329.19 4336.06 4343.99 4346.43 4347.34 4346.95 4346.65 4346.71 4346.92 4343.7 4342.99 4343.82 4345.2 4345.02 4347.27 4350.05 4352.78 4352.65 4353.61 4353.96 4354.64 4357.02 4359.99 4362.94 4366.38 4373.89 4383.13 4391.35 4396.51 4398.55 4398.97 4398.04 4393.27 4388.77 4384.42 4380.21 4362.41 4355.34 4356.37 4356.94 4358.52 4356.76 4357.28 4359.97
4283.66 4283.57 4283.55 4283.78 4283.9 4284.04 4283.81 4285.15 4286.25 4289.23 4293.86 4298.12 4302.14 4305.2 4306.65 4306.7 4310.05 4313.48 4317.46 4325.39 4334.96 4341.71 4329.16 4328.59 4334.34 4339.92 4343.64 4344.94 4345.04 4345.03 4344.33 4343.24 4342.26 4342.23 4343.34 4344.37 4344.6 4346.45 4349.74 4351.6 4349.83 4349.77 4352.78 4356.69 4361.6 4366.92 4372.21 4377.83 4384 4391.11 4398.25 4401.22 4400.15 4398.03 4395.57 4389.98 4383.99 4379.7 4374.19 4359.18 4356.08 4358.8 4359.81 4361.04 4360.23 4359.66 4361.19
4282.72 4281.66 4281.05 4281.38 4281.65 4281.32 4281.46 4281.92 4285.38 4286.87 4289.99 4294.2 4297.98 4300.63 4302.69 4303.98 4307.63 4311.91 4317.23 4324.71 4332.37 4335.86 4326.38 4327.89 4333.44 4339.16 4341.19 4342.17 4342.46 4342.83 4343.18 4342.38 4342.13 4342.33 4342.74 4343.55 4344.49 4345.14 4344 4344.76 4345.22 4344.12 4350.23 4358.84 4366.8 4374.5 4381.75 4387.95 4393.36 4398.09 4402.03 4403 4400.89 4396.63 4390.23 4386.21 4380.65 4375.25 4366.81 4357.18 4357.15 4360.75 4361.87 4362.42 4362.6 4361.24 4361.45
4283.23 4280.6 4279.36 4279.87 4280.29 4281.17 4280.39 4281.43 4285.5 4287.53 4288.33 4291.46 4295.05 4298.43 4301.8 4305.26 4308.53 4311.49 4315.7 4322.92 4329.57 4331.15 4324.77 4326.57 4331.79 4337.01 4338.31 4339.34 4339.79 4340.39 4341.28 4341.4 4340.89 4340.99 4343.75 4344.28 4346.8 4346.96 4345.2 4345.4 4346.34 4347 4353.9 4363.4 4372.79 4382.02 4391.09 4398.23 4401.2 4403.79 4405.1 4404.29 4401.45 4397.35 4391.88 4384.26 4377.15 4372.99 4369.66 4356.6 4359.39 4363.73 4363.77 4362.5 4360.35 4361.5 4360.94
4281.61 4280.21 4279.6 4279.09 4278.97 4278.99 4278.86 4279.17 4283.4 4286.15 4286.81 4289.57 4293.31 4297.51 4301.85 4306.46 4309.62 4311.35 4314.84 4320.94 4326.43 4326.34 4322.12 4324.46 4328.37 4332.36 4334.87 4336.37 4337.34 4337.8 4337.9 4340.31 4343.42 4346.01 4350.24 4353.86 4353.68 4352.93 4351.95 4353.3 4353.96 4354.36 4361.53 4370.08 4379.06 4388.51 4397.88 4404.31 4406.27 4407.81 4408.44 4405.35 4401.22 4396.8 4391.09 4383.21 4374.29 4371.31 4371.81 4355.88 4359.96 4366.09 4365.94 4363.74 4362.28 4362.02 4360.48
4278.86 4278.33 4278.29 4278.42 4278.19 4277.27 4278.38 4278.61 4282.72 4285.65 4285.13 4287.8 4291.84 4296.8 4301.75 4306.62 4309.83 4311.09 4313.47 4319.08 4322.59 4322.8 4320.85 4322.92 4325.45 4328.62 4331.97 4334.08 4335.56 4336.45 4337.12 4341.25 4348.48 4357.84 4357.92 4360.17 4359.93 4359.93 4362.56 4365.66 4366.21 4368.68 4371.86 4377.5 4384.59 4392.79 4401.44 4406.46 4407.53 4408.78 4409.65 4404.43 4399.04 4394.3 4389.59 4383.97 4377.7 4373.84 4368.69 4356.19 4361.34 4368.81 4369.13 4366.29 4364.65 4363.23 4360.52
4274.43 4275.52 4277.01 4277.82 4279.13 4279.93 4279.89 4281.17 4284.53 4285.25 4283.71 4285.81 4290.59 4296.04 4301.7 4307.04 4311.31 4312.58 4314.73 4318.98 4321.97 4321.93 4321.11 4322.55 4325.46 4328.09 4330.66 4333.04 4335.09 4336.8 4339.34 4343.46 4350.83 4357.36 4360.14 4361.85 4363.3 4364.74 4367.07 4370.76 4375.2 4379.39 4380.75 4383.8 4388.39 4394.17 4400.89 4404.23 4404.75 4405.24 4405.13 4400.17 4394.73 4389.69 4387.6 4386.34 4384.48 4381.66 4370.8 4355.62 4363.15 4373.13 4373.97 4370.4 4366.96 4364.39 4361.05
