real_craters/C165-500m.grd
DSAA
241 241
-60.095 60.095
-60.095 60.095
2865.5428276892 4912.001954071
[rows 60 to 89 of 241, columns 0 to 66 of 241]
4370.71 4367.55 4364.32 4362.95 4363.85 4365.08 4365.74 4364.4 4361.55 4361.33 4363.95 4363.7 4357.02 4347.01 4339.67 4351.86 4356.22 4349.68 4346.92 4346.81 4349.34 4349.24 4345.57 4343.48 4342.67 4343.14 4360.2 4342.59 4355.36 4355.64 4352.13 4354.54 4357.96 4360.8 4360.67 4360.35 4356.86 4353.67 4349.67 4345.66 4341.41 4338.49 4338.99 4337.39 4336.79 4334.56 4332.75 4331.59 4329.04 4326.65 4326.06 4324.58 4322.2 4319.49 4316.92 4315.21 4314.4 4315 4316.34 4315.27 4314.74 4313.8 4311.81 4312.62 4313.09 4318.44 4317.9
4361.81 4361.89 4359.79 4359.02 4359.32 4360.75 4361.04 4361.94 4361.78 4360.04 4357.09 4353.77 4350.9 4346.49 4343.1 4348.94 4354.87 4351.64 4348.87 4348.74 4349.27 4348.3 4346.39 4344.46 4344.15 4344.74 4358.6 4340.45 4341.69 4344.73 4341.31 4342.16 4346.07 4350.98 4354.13 4354.25 4350.92 4347.88 4343.35 4339.31 4334.45 4330.31 4331.86 4333.33 4332.31 4329.25 4330.22 4331.02 4329.21 4327.34 4326.17 4324.19 4321.58 4318.62 4315.09 4311.6 4312.17 4312.91 4313.53 4314.26 4314.48 4314.12 4313.86 4314.53 4314.6 4317.48 4320.59
4356.55 4355.66 4354.1 4352.61 4354.31 4356.27 4359.03 4358.51 4358.76 4358.2 4353.45 4349.79 4347.48 4345.28 4344.7 4343.28 4349.91 4353.48 4351.01 4349.38 4348.69 4348.15 4346.78 4344.3 4342.93 4344.17 4356.67 4343.06 4341.08 4344.91 4338.56 4336.19 4335.42 4341.08 4346.4 4348.98 4343.38 4336.85 4337.13 4334.88 4332.63 4330.97 4328.35 4327.61 4331.44 4334.54 4335.53 4333.66 4331.94 4330.45 4327.89 4325.29 4322.09 4318.91 4315.57 4312.63 4312.32 4312.61 4313.24 4314.07 4314.37 4314.95 4316.01 4315.07 4314.86 4317.03 4321.91
4352.65 4351.66 4348.71 4347.81 4349.57 4351.04 4350.84 4348.74 4348.9 4352.57 4350.65 4347.89 4345.42 4342.7 4339.51 4340.6 4349.54 4355.89 4352.12 4347.76 4347.4 4348.72 4346.77 4343.5 4340.95 4348.18 4348.71 4340 4339.91 4337.5 4338.28 4337.31 4335.56 4336.97 4339.28 4338.85 4338.55 4336.73 4334.15 4332.26 4329.38 4328.04 4329.27 4330.97 4332.77 4336.33 4337.73 4336.03 4333.9 4331.47 4329.39 4326.95 4323.78 4320.4 4317.14 4315.11 4314.44 4313.94 4314.47 4315.14 4315.23 4315.95 4318.07 4316.85 4316.21 4318.04 4321.1
4340.86 4342.69 4340.58 4342.45 4344.21 4347.1 4347.63 4343.35 4346.29 4349.17 4348.93 4347.11 4344.49 4341.44 4338.9 4342.61 4348.79 4353.88 4350.4 4346.41 4345.61 4347.76 4346.64 4343.72 4340.63 4351.26 4346.08 4341.82 4341.14 4337.73 4335.47 4333.96 4332.88 4334.07 4334.84 4335.34 4333.06 4331.86 4332.05 4331.94 4330.91 4329.75 4329.03 4329.89 4332.85 4336.56 4338.58 4336.67 4334.9 4332.64 4331.8 4328.94 4325.62 4322.08 4318.67 4316.83 4316.92 4318.59 4317.39 4317.01 4317.51 4318.71 4319.7 4319.45 4321.63 4319.71 4318.94
4322.38 4322.84 4327.48 4333.14 4338.56 4344.06 4347.52 4344.71 4344.04 4346.67 4348.45 4346.87 4343.89 4341.48 4340.28 4340.75 4346.61 4348.15 4347.08 4344.72 4344.23 4345.97 4346.51 4344.25 4339.76 4347.1 4344.68 4343.64 4341.33 4337.44 4336.29 4333.75 4332.09 4331.92 4331.64 4330.09 4329.05 4329.27 4330.46 4332.48 4335.19 4333.33 4330.25 4330.13 4331.62 4333.24 4333.72 4334.06 4335.08 4336.75 4334.31 4330.88 4327.22 4323.8 4320.9 4318.94 4318.01 4317.86 4318.01 4317.97 4319.03 4320.99 4319.18 4317.58 4319.62 4319.04 4318.72
4310.88 4310.83 4317.1 4324.38 4332.15 4340.55 4343.78 4342.39 4345.39 4343.38 4345.8 4344.55 4341.98 4340.13 4339.14 4338.81 4347.55 4349.98 4350.02 4347.83 4348.94 4349.65 4347.45 4344.47 4340.66 4342.88 4347.62 4340.35 4339.75 4338.08 4336.68 4333.97 4331.79 4330.38 4330.08 4329.09 4327.54 4327.76 4329.05 4330.94 4334.02 4332.99 4332.53 4330.81 4330.08 4329.29 4327.67 4330.87 4334.04 4335.78 4335.37 4332.2 4328.4 4324.77 4321.9 4319.74 4317.6 4316.99 4317.11 4317.65 4317.98 4317.45 4315.82 4314 4316.95 4317.91 4320.41
4308.68 4310.08 4314.28 4318.42 4325.45 4337.86 4344.87 4339.27 4340.2 4338.57 4340.32 4339.6 4338.53 4337.79 4337.18 4339.43 4351.35 4365.32 4363.31 4359.4 4358.39 4354.81 4348.2 4343.88 4346.96 4355.7 4341.73 4339.84 4338.93 4337.71 4336.3 4333.89 4329.89 4328.84 4329.67 4332.02 4332.86 4328.03 4327.74 4327.6 4325.8 4328.78 4329.45 4329.38 4328.86 4328.31 4328.85 4330.52 4333.67 4336.17 4336.07 4332.94 4329.15 4325.32 4321.39 4319.16 4317.6 4316.48 4317.21 4317.57 4317.24 4316.31 4316.61 4311.87 4317.16 4320.05 4319.48
4311.41 4316.33 4318.45 4316.27 4318.65 4328.91 4337.43 4336.81 4333.88 4329.58 4330.08 4332.69 4334.57 4335.8 4337.32 4341.79 4346.45 4356.69 4365.53 4370.59 4365.41 4355.65 4348.12 4342.11 4349.45 4357.21 4339.14 4337.77 4337.88 4336.58 4334.46 4331.56 4328.85 4327.49 4328.44 4329.45 4327.56 4327.3 4326.66 4326.35 4326 4326.12 4326.56 4327.33 4327.82 4328.37 4329.04 4331.03 4333.39 4335.61 4336.67 4332.92 4329.5 4326.33 4323.64 4321.24 4319.59 4319.08 4319.39 4319.35 4318.25 4316.65 4317.59 4314.68 4319.23 4323.15 4323.61
4316.38 4320.74 4320.99 4314.49 4309.97 4314.75 4319.16 4321.91 4321.57 4320.76 4323.45 4328.25 4331.87 4334.93 4338.92 4340.89 4342.88 4352.68 4366.6 4374.91 4367.82 4355.83 4348.52 4343.75 4349.24 4352.54 4336.31 4337.56 4336.7 4334.72 4332.45 4330.07 4328.13 4326.34 4326.57 4326.62 4326.26 4325.73 4325.69 4326.29 4326.66 4325.15 4324.66 4326.06 4327.39 4328.66 4330.52 4332.14 4332.64 4333.26 4331.97 4331.57 4329.81 4327.58 4324.76 4324.25 4323.06 4322.6 4323.67 4323.55 4322.09 4318.96 4320.19 4323.44 4328.04 4328.39 4329.84
4320.18 4321.96 4321.82 4315.32 4311.31 4313.34 4315.92 4317.99 4320.09 4322.3 4323.69 4326.89 4330.48 4333.84 4337.97 4340.11 4341.58 4352.47 4367.53 4374.47 4368.57 4355.52 4348.35 4348.33 4354.38 4351.98 4334.49 4335.25 4334.67 4332.49 4330.02 4328.54 4327.11 4325.07 4325.18 4325.29 4324.47 4323.97 4324.31 4324.69 4325.13 4324.95 4325.57 4326.16 4327.5 4328.67 4329.73 4330.2 4331.32 4331.62 4330.68 4331.27 4330.88 4329.91 4329.68 4329.38 4329.53 4330.1 4330.86 4330.81 4329.9 4328.37 4328.96 4331.42 4335.78 4337.31 4338.9
4320.59 4321.39 4321.35 4316.53 4313.56 4318.28 4319.88 4321.88 4324.28 4325.13 4325.11 4326.93 4329.93 4333.65 4335.35 4335.99 4337.39 4348.03 4364.53 4366.01 4363.77 4347.4 4343.65 4345.45 4352.25 4355.01 4334.46 4335.41 4332.17 4329.7 4327.85 4328.19 4326.56 4324.45 4323.83 4324.15 4324 4323.21 4323.2 4323.3 4324.17 4325.59 4326.04 4327.15 4328.01 4328.85 4329.13 4329.55 4331.42 4331.75 4331.64 4332.44 4333.27 4333.63 4334.17 4335.98 4337.36 4339.14 4340.4 4340.79 4340.48 4339.69 4340.24 4341.64 4345.28 4347.83 4349.07
4319.23 4319.8 4319.23 4317.82 4317.21 4321.09 4325.83 4327.94 4328.22 4327.03 4325.91 4326.75 4328.79 4330.91 4331.43 4331.35 4333.2 4337.59 4342.62 4348.67 4341.05 4335.38 4335.35 4336.32 4341.68 4352.66 4332.09 4329.29 4328.81 4328.17 4327.29 4327.76 4324.29 4322.39 4322.23 4322.22 4322.17 4322.34 4322.6 4323.16 4324.66 4327.99 4329.24 4328.08 4328.31 4329.15 4331.06 4334.4 4332.85 4332.43 4333.56 4335.16 4336.79 4338.71 4341.13 4344.5 4346.72 4349.73 4351.66 4352.83 4353.17 4352.41 4352.68 4355.81 4361.98 4362.46 4361.73
4317.44 4318.54 4318.64 4317.94 4318.77 4320.99 4326.13 4329.52 4330.2 4329.49 4325.29 4325.87 4327.33 4328.32 4328.91 4328.94 4330.77 4331.18 4331.68 4333.96 4332.76 4331.07 4329.12 4327.6 4330.03 4344.57 4327.6 4327.3 4327.33 4327.11 4326.86 4325.81 4323.12 4320.91 4321.48 4321.36 4321.32 4321.7 4322.03 4322.55 4323.74 4324.74 4326.35 4327.2 4327.76 4328.58 4329.95 4331.11 4331.26 4332.08 4334.05 4336.8 4340.74 4345.35 4350.14 4354.89 4360.05 4362.1 4364.24 4365.97 4367.6 4369.06 4370.5 4372.11 4377.45 4379.1 4376.07
4317.65 4318.93 4318.94 4320.68 4322.01 4324.51 4328.53 4328.01 4329.92 4330.96 4325.68 4325.34 4326.56 4327.39 4327.1 4328.36 4328.82 4329.42 4331.77 4333.55 4329.19 4328.07 4325.84 4323.66 4324.87 4339.2 4324.35 4330.49 4327.56 4324.89 4325.23 4323.9 4321.34 4324.34 4321.43 4320.33 4320.61 4321.2 4321.43 4322.55 4322.93 4323.9 4324.78 4326.02 4326.79 4327.39 4327.64 4327.48 4328.86 4331.23 4334.2 4338.72 4344.52 4351.62 4358.46 4364.67 4371.71 4374.11 4376.54 4379.13 4381.77 4384.88 4385.52 4391.27 4395.68 4400.09 4401.01
4319.72 4321.57 4324.29 4327.01 4330.33 4338.61 4340.83 4333.02 4330 4326.9 4324.93 4325.33 4326.42 4327.26 4327.23 4327.3 4325.93 4327.52 4330.65 4333.01 4329.51 4327.67 4325.04 4325.33 4326.98 4335.53 4325.83 4323.8 4323.71 4322.86 4323.43 4322.16 4321.57 4319.79 4319.63 4319.04 4319.54 4320.03 4320.57 4320.7 4321.91 4323.16 4324.36 4325.34 4326.19 4326.63 4326.78 4327.09 4328.38 4330.89 4334.82 4340.64 4346.86 4355.74 4364.83 4372.45 4378.13 4384.72 4388.5 4391.51 4394.51 4398.56 4401.25 4407.45 4417.6 4424.17 4425.08
4322.1 4324.41 4326.53 4329.58 4333.08 4341.94 4339.45 4338.3 4330.47 4323.29 4323.33 4325.61 4327.44 4326.28 4326.32 4326.48 4324.85 4325.84 4328.9 4330.08 4329.07 4331.49 4326.62 4330.22 4334.76 4326.49 4327.76 4323.07 4322.74 4321.72 4322.26 4321.92 4320.67 4319.54 4319.26 4319.91 4320.39 4320.94 4320.52 4320.4 4321.34 4322.51 4323.89 4325.24 4326.29 4326.98 4327.2 4327.16 4328.33 4330.7 4333.83 4338.52 4347.03 4357.25 4370.11 4382.47 4391.41 4396.14 4399.68 4402.61 4405.62 4408.71 4414.28 4422.33 4433.82 4444.75 4443.59
4324.52 4327.34 4328.7 4327.52 4328.23 4332.97 4332.87 4336.73 4328.09 4321.86 4322.24 4325.49 4331.09 4333.9 4328.12 4329.03 4327.42 4324.75 4328.24 4326.88 4329.55 4330.91 4327.32 4333.52 4339.61 4322.37 4325.87 4323.33 4323.21 4321.91 4321.59 4321.34 4320.58 4318.83 4318.89 4321.49 4321.26 4321.03 4320.7 4320.17 4321.49 4322.77 4323.94 4325.48 4327.04 4328.19 4328.72 4328.92 4329.51 4331.12 4333.31 4337.1 4346.3 4360.57 4375.56 4391.84 4402.56 4406.57 4409.57 4412.7 4415.79 4419.46 4425.59 4434.64 4443.72 4451.92 4456.86
4328.95 4331.46 4332.96 4333.48 4328.78 4328.13 4328.74 4327.39 4324.93 4320.66 4320.16 4323.43 4331.27 4340.65 4336.54 4337.06 4339.34 4335.2 4334.91 4336.46 4332.9 4326.73 4326 4333.52 4337.95 4322.57 4323.19 4322.77 4322.11 4321.04 4321.1 4321.07 4319.82 4318.2 4318.41 4320.08 4320.78 4320.96 4321.52 4322.55 4321.8 4322.48 4324.11 4325.96 4328.03 4330.03 4331.62 4332.06 4329.95 4334.44 4334.38 4335.34 4343.63 4358.32 4377.45 4397.5 4409.19 4413.09 4416.92 4421.4 4425.6 4428.55 4433.88 4442.06 4449.14 4455.97 4462.57
4333.9 4337.38 4339.93 4340.21 4336.71 4330.4 4327.2 4327.15 4327.23 4323.28 4319.75 4320.26 4325.17 4331.36 4333.29 4333.09 4343.43 4351.21 4345.9 4343.01 4339.56 4335.14 4327.22 4332.73 4337.51 4322.79 4326.11 4322.81 4322.25 4323.74 4322.09 4321.6 4321.35 4319.59 4319.39 4319.85 4320.17 4319.51 4319.64 4320.39 4320.96 4322.07 4323.96 4326.41 4329.17 4332.28 4336.31 4341.24 4348.46 4343.03 4337.46 4334.8 4341.36 4356.38 4375.91 4395.63 4408.26 4414.96 4421.01 4427.49 4435.36 4442.23 4445.53 4449.2 4450.67 4454.33 4462.33
4339.18 4342.98 4347.42 4352.76 4353.67 4347.24 4343.94 4340.65 4336.27 4330.99 4324.46 4321.72 4322.88 4324.39 4327.81 4325.95 4339.41 4349.77 4348.03 4345.73 4341.06 4336.8 4323.79 4331.7 4339.78 4329.2 4333.11 4326.69 4319 4321.84 4321.1 4321.09 4320.81 4319.41 4318.3 4320.52 4319.82 4318.92 4318.79 4319.38 4320.04 4321.22 4323.7 4326.38 4329.62 4333.44 4338.52 4345.8 4352.95 4347.85 4339.83 4335.51 4340.68 4355.6 4373.32 4390.65 4404.18 4413.66 4421.68 4429.3 4437.16 4443.3 4445.99 4444.12 4449.75 4455.18 4460.76
4344.91 4347.2 4351.25 4356.66 4357.71 4354.5 4354.72 4354.25 4350.73 4341.26 4331.32 4325.66 4330.21 4333.64 4329.07 4329.62 4337.02 4345.38 4344.26 4343.52 4340.9 4332.84 4323.22 4331.04 4340.38 4333.51 4339.92 4328.6 4320.12 4318.87 4319.47 4320.36 4319.9 4318.56 4317.46 4319.52 4318.95 4318.57 4318.31 4318.61 4320.2 4321.63 4323.16 4325.65 4328.72 4332.64 4337.36 4343.19 4348.19 4345.19 4339.29 4336.16 4340.77 4354.48 4370.54 4386.67 4399.92 4410.93 4420.36 4428.33 4434.94 4439.13 4442.98 4451.19 4450.63 4451.99 4461.21
4347.55 4348.25 4350.46 4353.96 4355.08 4354.13 4356.51 4359.26 4367.09 4355.86 4334.43 4321.66 4327.62 4330.69 4327.04 4326.26 4332.29 4337.26 4339.43 4342.29 4337.67 4328.35 4319.8 4329.55 4341.3 4336.31 4341.54 4330.8 4322.34 4319.45 4321.36 4320.75 4320.67 4317.77 4317.17 4317.89 4317.37 4317.13 4316.97 4317.44 4318.17 4320.05 4322.23 4324.46 4327.01 4330.1 4333.34 4336.72 4339.64 4338.81 4335.69 4335.75 4341.75 4354.26 4368.4 4382.24 4396.36 4408.51 4418.81 4427.41 4433.44 4438.87 4445.22 4453.84 4455.46 4459.6 4462.82
4346.73 4347.02 4347.42 4347.49 4347.81 4345.8 4347.95 4353.03 4351.08 4345.34 4333.2 4321.43 4317.21 4316.25 4320.85 4324.12 4327.42 4331.4 4336.85 4341.91 4337.63 4327.24 4320.33 4327.26 4333.49 4329.54 4335.97 4326.61 4320.83 4320.49 4318.77 4319.73 4319.54 4316.73 4315.98 4314.95 4315.37 4315.64 4316.35 4316.46 4317.2 4318.98 4320.61 4322.42 4324.21 4326.11 4327.59 4328.6 4328.42 4327.88 4330.21 4333.77 4341.95 4354.65 4367.66 4380.95 4394.21 4406.58 4418.09 4428.31 4436.94 4444.72 4449.6 4452.24 4455.89 4459.91 4460.67
4346.71 4345.86 4344.15 4341.62 4340.44 4338.67 4338 4344.32 4346.89 4338.37 4329.6 4323.96 4312.99 4311.12 4315.13 4318.26 4321.63 4327.97 4333.39 4336.25 4331.75 4326.19 4321 4323.76 4328.39 4319.82 4323.01 4320.48 4319.05 4318.78 4317.87 4318.66 4318.52 4315.8 4316.3 4313.93 4313.92 4314.25 4314.94 4315.33 4316.65 4317.95 4318.99 4319.88 4320.99 4321.7 4321.95 4321.53 4320.04 4320.56 4325.49 4331.77 4340.13 4353.27 4366.28 4380.29 4392.06 4404.75 4417.31 4429.11 4439.75 4448.71 4451.68 4452.39 4455.4 4456.81 4456.19
4347.35 4344.33 4340.55 4336.49 4332.78 4333.83 4332.13 4330.94 4325.35 4325.05 4322.07 4319.74 4317.48 4314.41 4314.26 4315.41 4316.34 4317.55 4326.91 4336.09 4332.76 4323.93 4315.1 4318.71 4320.39 4316.27 4316.68 4315.95 4315.97 4314.95 4317.94 4318.29 4317.71 4315.85 4316.05 4313.79 4313.23 4313.18 4313.43 4315.51 4316.72 4317.3 4317.72 4318.09 4318.24 4318 4317.59 4316.65 4315.85 4317.25 4322.97 4330.92 4340.72 4350.98 4362.6 4375.16 4388.58 4402.1 4415.58 4428.47 4438.96 4444.84 4447.35 4449.04 4452.72 4452.7 4451.82
4347.88 4341.73 4335.9 4331.42 4326.34 4325.27 4327.67 4320.51 4311.76 4313.14 4313.37 4311.5 4315.81 4315.24 4311.71 4311.53 4312.55 4311.68 4318.19 4325.7 4324.92 4320.41 4314.51 4316.58 4322.36 4314.43 4313.69 4314.49 4315.19 4316.3 4318.98 4318.4 4317.63 4316.2 4316.47 4314.66 4313.44 4313.08 4315.18 4318.25 4318.16 4317.01 4316.78 4316.7 4316.24 4315.91 4315.28 4314.21 4313.67 4314.36 4321.56 4330.64 4340.46 4348.49 4358.75 4370.95 4384.46 4398.52 4412.87 4427.07 4437.23 4436.41 4433.86 4438.62 4443.26 4445.14 4444.96
4341.38 4335.94 4329.32 4323.5 4316.16 4312 4315.69 4316.7 4308.15 4308.5 4308.74 4307.48 4306.18 4308.75 4308.89 4309.54 4310.63 4310.43 4310.66 4314.48 4318.17 4316.51 4313.33 4316.01 4318.15 4312.99 4312.14 4313.79 4314.48 4314.42 4318.39 4317.73 4316.72 4316.15 4316.16 4314.25 4313.29 4313.3 4314.49 4315.06 4315.23 4315.64 4315.7 4315.69 4315.65 4315.21 4314.28 4313.65 4313.61 4315.18 4321.96 4331.11 4340.71 4347.51 4354.91 4366.22 4380.13 4394.29 4408.19 4421.37 4432.04 4433.28 4427.9 4429.58 4432.24 4436.7 4437.49
4336.68 4327.46 4321.47 4314.58 4310.98 4309.99 4309.89 4309.19 4310.65 4308.04 4307.75 4307.7 4307 4307.75 4308.74 4308.79 4309.01 4312.21 4315.69 4315.26 4314.45 4312.23 4310.6 4312.73 4313.7 4315.58 4314.63 4315.74 4315.58 4317.03 4316.88 4316.03 4315.15 4313.76 4312.79 4312.71 4312.9 4313.24 4312.73 4312.15 4312.89 4314.27 4314.91 4314.97 4314.81 4314.71 4314.65 4314.7 4315.19 4317.37 4323.37 4332.05 4340.21 4346.24 4351.26 4362.34 4376.16 4390.18 4403.08 4413.06 4422.48 4431.85 4426.2 4426.53 4430.76 4434.76 4441.75
4318.03 4316.94 4315.71 4312.93 4311.74 4310.26 4310.09 4308.04 4307.65 4308.22 4308.43 4309.18 4307.25 4307.92 4308.8 4308.77 4307.86 4312.33 4320.06 4318.69 4312.84 4309.96 4308.53 4309.15 4315.82 4320.09 4318.23 4319.76 4317.52 4315.55 4314.63 4313.72 4313.32 4313.27 4312.28 4313.27 4313.2 4312.87 4312.32 4311.66 4313.74 4314.54 4314.96 4314.86 4315.16 4315.72 4316.25 4316.9 4318.13 4320.42 4326.23 4334.03 4341.01 4346.17 4350.39 4360.38 4373.39 4387.07 4399.93 4411.13 4419.61 4424.41 4424.97 4423.93 4425.31 4432.68 4444.39
