real_craters/C165-500m.grd
DSAA
241 241
-60.095 60.095
-60.095 60.095
2865.5428276892 4912.001954071
[rows 210 to 239 of 241, columns 0 to 66 of 241]
4265.27 4268.54 4268 4267.8 4267.12 4270.4 4279.34 4290.58 4303.13 4316.92 4330.32 4335.73 4332.32 4333.96 4319 4310.71 4307.48 4285.2 4279.23 4283.76 4284.55 4282.62 4279.71 4277.97 4281.88 4285.49 4287.98 4288.35 4287.59 4286.12 4283.19 4279.01 4273.14 4266.28 4259.29 4252.49 4246.06 4244.89 4250.77 4256.94 4249.33 4242.82 4241.7 4250.58 4262.44 4266.04 4269.7 4271.71 4267.33 4262.92 4262.23 4267.83 4273.43 4270.52 4277.04 4282.54 4280.35 4276 4273.46 4276.54 4282.25 4285.94 4290.3 4296.77 4297.36 4294.87 4288
4260.62 4262.16 4263.91 4265.4 4267.83 4271.72 4281.12 4291.73 4301.77 4310.23 4317.9 4325.74 4331.46 4330.15 4316.12 4309.01 4310.78 4292.49 4286.44 4289.86 4292.97 4292.68 4289.81 4287.83 4292.98 4301.05 4299.5 4296.43 4293.63 4290.63 4287.54 4283.06 4274.5 4266.29 4259.24 4252.71 4247.92 4246.12 4250.73 4257.82 4250.12 4241.08 4238.57 4245.91 4257.13 4252.9 4279.64 4265.29 4261.96 4262.44 4261.35 4262.41 4263.13 4265.41 4273.25 4279.13 4271.83 4265.04 4261.87 4266.87 4274.63 4282.17 4286.46 4289.5 4289.51 4280.13 4272.6
4259.52 4259.81 4259.72 4265.29 4270.53 4274.84 4285.11 4294.67 4302.33 4306.5 4309.93 4317.63 4323.02 4319.88 4316.39 4322.02 4323.8 4308.89 4301.84 4306.6 4309.96 4308.34 4303.84 4300.45 4302 4310.51 4306.99 4302.27 4297.3 4292.58 4288.09 4282.94 4272.85 4264.38 4257.39 4251.82 4248.37 4245.48 4246.13 4247.17 4245.31 4240.54 4239.79 4243.67 4249.79 4246.47 4259.34 4259.45 4257.29 4259.82 4256.9 4256.22 4256.06 4260.62 4267.92 4268.64 4260.98 4249.97 4251.61 4259.88 4269.49 4278.68 4281.36 4277.04 4274.8 4270.57 4264.85
4259.95 4262.26 4264.06 4268.61 4274.47 4282.15 4291.79 4300.49 4307.43 4311.72 4315.99 4320.16 4321.28 4319.14 4332.6 4345.94 4345.27 4329.08 4324.59 4330.85 4332.69 4328.12 4320.57 4315.84 4316.53 4317.92 4315.34 4307.15 4299.31 4291.79 4284.47 4276.25 4267.99 4260.63 4254.21 4248.72 4244 4236.94 4240.57 4246.1 4242.78 4240.3 4240.32 4240.1 4243.18 4246.92 4253.71 4253.96 4255.82 4253.04 4251.94 4250.23 4247.72 4250.21 4253.64 4255.83 4251.6 4246.85 4246.02 4255.75 4266.11 4270.26 4273.1 4269.83 4270.57 4273.76 4267.9
4265.58 4268.86 4271 4275.23 4280.41 4293 4299.82 4307.54 4315.68 4323.48 4330.3 4329.19 4328.19 4329.88 4347.3 4381.65 4361.47 4346.25 4347.84 4366.69 4359.31 4348.73 4336.97 4332.21 4335.44 4328.13 4318.71 4309.18 4299.9 4290.2 4280.4 4270.88 4262.69 4255.92 4250.22 4245.24 4240.6 4236.05 4239.1 4240.66 4242.9 4243.05 4243.26 4240.78 4240.9 4245.83 4248.33 4250.89 4251.38 4251.48 4250.22 4248.96 4244.44 4243.01 4243.08 4245.56 4246.36 4244.38 4246.99 4256.45 4268.87 4280.45 4277.83 4272.76 4273.97 4280.96 4273.59
4275.02 4277.05 4280.43 4282.84 4288.62 4298.9 4306.49 4314.45 4323.22 4333.04 4333.98 4334.9 4337.87 4345.38 4367.33 4360.27 4357.36 4348.24 4346.35 4362.77 4382.39 4363.05 4347.69 4342.07 4344.53 4339.19 4322.57 4310.65 4299.73 4288.19 4276.94 4266.35 4257.98 4252 4246.99 4242.58 4239.62 4239.41 4242.25 4243.59 4245.59 4247.95 4247.37 4242.26 4237.7 4249.36 4244.82 4247.27 4244.3 4245.42 4245.58 4243.52 4240.81 4240.28 4238.35 4242.91 4246.58 4246.63 4248.26 4257.18 4268.79 4283.59 4282.37 4277.35 4275.84 4274.63 4267.3
4281.52 4283.27 4285.66 4287.88 4293.08 4301.29 4310.6 4319.27 4327.4 4333.37 4333.67 4339.66 4345.46 4357.57 4360.68 4357.77 4353.19 4345.67 4340.92 4357.44 4371.17 4364.87 4351.8 4346.18 4346.47 4339.14 4327.84 4314.47 4299.73 4286.35 4273.7 4262.63 4253.82 4247.67 4243.9 4241.29 4239.24 4245.42 4248.28 4246.25 4248.04 4248.92 4245.71 4242.31 4239.61 4246.53 4241.06 4240.44 4240.44 4242.22 4243.54 4240.27 4238.96 4238.79 4237.02 4242.11 4249.31 4250.44 4251.84 4257.38 4262.7 4265.94 4276.04 4283.64 4275.61 4269.36 4261.93
4283.98 4285.31 4287.49 4289.92 4294.77 4304.44 4313.58 4322.75 4331.93 4339.55 4347.72 4347.18 4350.45 4364.69 4360.94 4359.21 4353.82 4345.61 4342.95 4356.02 4367.71 4365.07 4351.48 4346.73 4345.89 4337.62 4327.06 4312.51 4298.08 4283.98 4270.4 4257.71 4248.35 4244.19 4241.8 4240.93 4242.45 4242.23 4242.18 4248.04 4251.34 4250.88 4248.12 4244.93 4244.12 4245.4 4238.86 4239.39 4241.28 4243.56 4244.8 4240.98 4237.85 4236.53 4236.16 4240.65 4251.37 4253.71 4256.25 4260.33 4261.03 4261.64 4270.44 4270.46 4269.82 4261.83 4256.04
4284.03 4285.02 4286.03 4290.3 4296.58 4304.9 4314.3 4324.29 4335.14 4347.48 4354.04 4350.62 4350.43 4365.1 4371.22 4365.53 4361.02 4352.99 4347.71 4357.34 4374.66 4369.08 4352.56 4346.91 4345.62 4340.91 4325.35 4310.14 4295.92 4281.62 4268.16 4255.74 4246.95 4243.11 4241.24 4240.64 4241.26 4240.78 4247.11 4254.43 4255.68 4257.36 4254.48 4247.81 4245.72 4240.97 4241.24 4241.16 4242.49 4242.92 4244.92 4239.85 4234.1 4231.65 4234.17 4240.39 4253.21 4261.83 4268.39 4264.96 4265.28 4269.76 4276.47 4278.81 4270.04 4259.07 4249.89
4282.93 4283.92 4285.61 4291.05 4297.77 4305.53 4314.13 4323.56 4333.65 4344.59 4349.65 4349.11 4349.33 4360.12 4378.67 4375.08 4371.64 4363.37 4354.03 4360.08 4370.94 4364.94 4351.31 4345.47 4341.26 4333.7 4322.18 4309.16 4293.85 4279.44 4266.81 4255.99 4247.64 4243.64 4242 4241.32 4240.69 4243.49 4249.82 4255.88 4257.11 4257.9 4254.53 4247.77 4243.89 4240.57 4241.95 4245.45 4244.47 4242.33 4241.73 4236.49 4229.9 4227.95 4231.61 4243.41 4255.1 4264.4 4262.65 4262.75 4265.81 4273.06 4282.75 4283.24 4271.62 4258.52 4244.98
4284.2 4285.39 4287.81 4292.79 4298.82 4305.82 4313.31 4321.05 4328.25 4337.71 4344.91 4345.84 4346.62 4352.92 4370.09 4394.43 4383.21 4376.8 4374.78 4375.07 4362.46 4352.07 4346.19 4342.84 4341.39 4328.91 4317.3 4305.19 4289.57 4276.52 4265.6 4256.46 4249.5 4245.58 4243.75 4243.38 4244.66 4245.3 4247.63 4252.97 4256.36 4256.63 4253.21 4246.43 4241.5 4240.05 4242.55 4247.81 4247.99 4243.1 4241.17 4236.5 4231.82 4230.21 4234.81 4242.81 4248.37 4254.26 4253.98 4257.72 4263.84 4271.94 4282.04 4281.36 4267.27 4253.46 4242.89
4284.34 4287.86 4291.65 4294.52 4299.65 4306.25 4313.31 4318.73 4323.32 4328.67 4337.06 4342.49 4347.52 4351.54 4362.48 4390.54 4380.44 4378.69 4384.03 4362.75 4354.08 4348.25 4345.82 4338.41 4329.64 4324 4311.7 4294.83 4282.43 4272.89 4264.45 4257.41 4252.31 4248.55 4246.98 4246.32 4246.37 4248.36 4250.72 4253.73 4255.84 4256.09 4253.48 4246 4242.97 4241.59 4246.5 4248.77 4246.7 4240.51 4240.53 4238.96 4237.44 4233.63 4236.13 4242.33 4245 4246.41 4247.59 4253.24 4263.34 4270.09 4273.66 4271.15 4262.01 4251 4243.55
4289 4290.35 4291.15 4294.27 4299.65 4305.41 4311.53 4315.1 4320.83 4327.34 4331.24 4337.97 4346.76 4352.94 4361.64 4368.02 4365.39 4364.05 4358.13 4346.68 4347.46 4349.6 4345.11 4335.76 4326.02 4318.19 4305.46 4288.87 4277.13 4269.88 4264.14 4259.1 4254.46 4252.19 4252.06 4251.72 4251.86 4253.17 4255.5 4255.84 4256.38 4256.03 4254.21 4245.11 4240.32 4238.33 4242.69 4244.22 4241.33 4238.11 4241.57 4243.57 4246.77 4241.09 4239.36 4238.77 4240.7 4241.64 4242.04 4247.01 4256.12 4261.67 4262.86 4261.39 4256.77 4249.48 4243.43
4293.73 4296.83 4295.83 4296.8 4299.51 4302.61 4305.06 4308.81 4312.05 4311.7 4320.34 4330.86 4340.42 4349.53 4362.94 4357.45 4353.69 4350.15 4344.44 4342.89 4344.51 4345.05 4338.85 4334.14 4327.33 4313.96 4299.04 4284.47 4273.46 4268.2 4265.19 4263 4260.68 4259.82 4259.53 4258.16 4257.5 4257.95 4258.8 4258.94 4257.15 4254.9 4251.03 4243.08 4242.09 4234.81 4234.86 4236.54 4234.51 4235.89 4244.24 4247.07 4244.09 4242.44 4240.62 4239.73 4238.82 4236.86 4239.6 4244.5 4250.85 4254.03 4254.17 4253.35 4250.47 4246.55 4243.92
4294.84 4298.13 4298.48 4298.11 4299.2 4300.2 4301.95 4303.17 4304.18 4304.79 4313.04 4323.26 4332.32 4338.41 4355.79 4348.72 4344.95 4342.68 4341.88 4344.35 4342.94 4337.74 4334.1 4330.63 4322.57 4311.1 4297.09 4281.87 4271.35 4267.63 4267.43 4268.76 4271.2 4272.22 4268.97 4265.48 4263.14 4262.17 4261.47 4260.59 4257.36 4253.07 4247.52 4239.95 4241.68 4229.62 4229.14 4228.92 4231.02 4234.6 4242.24 4245.17 4242.72 4241.4 4236.77 4235.69 4235.96 4236.18 4239.15 4244.05 4246.51 4248.05 4250.85 4247.29 4245.67 4243.78 4243.98
4295.99 4301.39 4301.31 4300.54 4299.14 4297.69 4296.86 4298.11 4301.56 4304.84 4309.59 4316.63 4322.24 4326.97 4340.73 4332.06 4336.93 4338.49 4338.5 4337.88 4336.52 4336.71 4334.16 4330.6 4322.7 4309.95 4295.05 4280.59 4268.97 4267.68 4270.1 4274.25 4279.64 4282.67 4277.07 4271.23 4267.1 4264.8 4263.35 4260.97 4256.31 4251.99 4246.08 4240.07 4240.71 4229.06 4227.24 4227.09 4231.95 4234.26 4243.11 4244.46 4240.96 4239.53 4237.35 4237.96 4235.9 4236.1 4236.35 4239.7 4241.33 4240.98 4239.2 4240.1 4238.8 4239.16 4242.12
4297.9 4303.03 4302.95 4302.64 4297.77 4294.76 4292.75 4292.2 4295.16 4299.99 4305.59 4312.24 4317.08 4321.51 4337.24 4327.91 4336.95 4337.49 4336.99 4337.13 4336.12 4335 4331.48 4328.84 4321.13 4309.38 4296.46 4281.78 4269.61 4269.29 4272.72 4277.87 4283.76 4286.92 4281.26 4274.36 4268.37 4264.02 4260.62 4257.85 4253.2 4250.31 4248.59 4244.54 4238.41 4231.73 4227.99 4226.41 4228.59 4234.72 4239.86 4241.67 4240.5 4239.67 4238.96 4240.16 4237.18 4235.98 4232.83 4228.24 4233.58 4236.31 4236.83 4236.02 4235.56 4234.87 4237.49
4299.62 4304.4 4301.4 4296.95 4294.16 4291.57 4288.68 4287.26 4288.24 4292.04 4301.34 4310.44 4315.77 4320.42 4335.65 4332.09 4346.68 4345.54 4343.06 4344.82 4348.08 4342.08 4333.41 4328.29 4319.48 4308.62 4297.16 4284.91 4275.24 4272.7 4275.04 4279.16 4283.87 4287.22 4279.78 4272.35 4266.32 4261.87 4256.4 4248.43 4247.61 4247.54 4248.49 4247.99 4242.02 4234.62 4229.69 4227.57 4228.53 4235.4 4236.73 4237.35 4238.87 4240.21 4242.86 4245.5 4236.58 4237.02 4234.38 4231.62 4233.15 4232.93 4233.11 4233.68 4233.15 4231.85 4234.73
4300.12 4301.96 4299.18 4295.1 4292.24 4289.49 4286.67 4285.71 4288.62 4290.73 4298.1 4307.94 4315 4324.44 4340.88 4342.08 4352.63 4353.12 4348.45 4346.29 4342.58 4337.68 4331.66 4324.08 4316.68 4307.68 4297.89 4287.96 4279.11 4276.16 4276.7 4278.75 4280.73 4279.87 4273.72 4265.21 4262.7 4259.82 4253.84 4248.3 4244.91 4243.93 4242.87 4240.81 4239.04 4233.73 4231.02 4229.9 4229.84 4232.92 4234.53 4236.08 4238.76 4242.09 4246.91 4249.52 4251.42 4244.17 4238.53 4234.83 4232.78 4231.39 4231.14 4232.34 4231.6 4230.43 4235.02
4301.77 4299.93 4297.87 4295.45 4292.53 4288.88 4285.52 4283.15 4283.46 4286.83 4294.44 4302.66 4311.79 4325.98 4346.42 4343.7 4346.28 4346.83 4346.26 4344.23 4340.63 4336.38 4330.24 4321.73 4315.02 4306.96 4298.18 4289.85 4283.63 4279.24 4276.94 4277.35 4277.82 4276.67 4270.94 4264.08 4260.34 4256.95 4251.35 4245.72 4242.11 4241.57 4240.61 4238.51 4236.62 4234.39 4236.42 4235.5 4233.36 4234.64 4237.26 4237.77 4239.51 4242.76 4243.82 4246.3 4255.92 4246.35 4240.2 4236.91 4232.4 4232.35 4232.22 4232.04 4230.44 4229.4 4236.03
4303.56 4301.03 4297.71 4295.3 4292.57 4288.65 4285 4282.15 4281.57 4285.54 4292.41 4299.33 4309.04 4323.91 4340.02 4342.07 4339.75 4341.73 4342.54 4342.86 4341.36 4337.76 4329.4 4322.92 4315.59 4306.82 4297.57 4289.08 4281.87 4276.82 4275.35 4275.75 4276.09 4274.54 4269.85 4263.58 4258.85 4253.77 4248.22 4243.26 4240.54 4242.23 4243.09 4243.23 4248.38 4241.73 4237.7 4237.23 4237.29 4239.02 4240.01 4240.6 4239.3 4238.49 4239.23 4239.75 4241.81 4240.04 4239.08 4236.14 4230.45 4232.95 4231.96 4230.23 4228.19 4228.73 4241.81
4303.8 4299.96 4297.15 4295.12 4291.94 4288.39 4284.68 4282.05 4282.01 4285.69 4292.37 4300.59 4307.73 4323.33 4341.01 4339.64 4336.63 4335.55 4339.22 4342.01 4343.27 4338.45 4333.3 4327.37 4317.31 4306.77 4296.71 4287.07 4278.26 4272.26 4273.39 4274.86 4275.94 4275.77 4272.86 4267.08 4258.78 4250.27 4246.33 4241.27 4237.99 4243.71 4250.39 4238.77 4251 4243.47 4238.65 4239.03 4241.27 4243.56 4241.6 4243.68 4239.29 4237.41 4236.65 4234.7 4233.37 4234.86 4238.21 4238.5 4235.36 4231.84 4229.5 4227.08 4225.46 4226.53 4240.82
4295.53 4296.77 4295.76 4294.62 4293.94 4287.82 4283.97 4281.05 4279.84 4284.33 4291.62 4298.69 4302.95 4319.27 4338.12 4337.8 4334.74 4335.86 4338.63 4341.23 4344.03 4341.91 4337.5 4330.72 4318.29 4306.63 4295.3 4283.72 4277.83 4274.72 4273.4 4274.66 4276.34 4277.69 4278.71 4271.2 4262.14 4253.73 4247.54 4242.51 4238.32 4242.93 4245.59 4237.32 4251.17 4242.34 4238.34 4241.96 4246.61 4248.81 4247.65 4245.08 4240.13 4234.26 4234.66 4232.61 4233.1 4234.55 4240.25 4242.81 4240.78 4230.65 4227.68 4225.4 4224.66 4225.66 4238.07
4292.64 4293.11 4293.7 4292.98 4288.76 4285.58 4282.07 4278.94 4277.3 4281.97 4289.72 4296.81 4301.5 4315.77 4331.17 4333.14 4332.74 4337.97 4338.74 4338.67 4337.71 4335.96 4333.72 4326.4 4316.6 4305.37 4294.49 4285.8 4278.35 4273.53 4273.74 4274.91 4276.25 4277.72 4277.94 4273.6 4265.73 4257.68 4250.3 4244.45 4241.27 4241.18 4242.19 4231.28 4239.33 4235.98 4238.58 4244.36 4252.86 4258.46 4252.48 4244.96 4239.25 4237.92 4240.75 4237.62 4235.81 4236.21 4241.72 4245.75 4237.34 4231.6 4229.02 4227.84 4226.24 4227.13 4233.84
4290.55 4289.6 4288.7 4290.2 4287.72 4283.29 4278.37 4275.84 4272.78 4277.58 4285.98 4293.54 4298.6 4311.49 4324.03 4327.54 4329.73 4335.07 4337.4 4336.23 4331.35 4329.63 4331.15 4324.16 4314.28 4303.33 4292.89 4283.75 4277.96 4275.45 4274.92 4275.04 4275.25 4275.72 4275.93 4273.59 4267.63 4259.86 4251.84 4245.17 4240.11 4237.51 4235.73 4234.09 4232.25 4231.46 4234.87 4244.62 4257.13 4266.66 4254.74 4240.34 4241.66 4244.19 4250.9 4244.08 4240.09 4241.37 4241.51 4239.62 4238.86 4234.43 4232.22 4230.23 4228.27 4228.45 4229.59
4288.58 4287.88 4286.76 4286.66 4284.61 4278.67 4271.36 4266.53 4267.72 4271.12 4279.51 4286.88 4292.5 4306.5 4317.55 4322.44 4323.91 4330.36 4334.26 4335.11 4335.84 4331.24 4330.09 4323.36 4311.4 4300.29 4290.55 4282.43 4278.13 4277.68 4276.77 4274.75 4273.08 4272.55 4273.94 4275.61 4268.31 4260.28 4252.14 4244.32 4237.4 4234.32 4233.59 4229.39 4231.05 4232.14 4234.7 4244.38 4255.69 4263.99 4251.41 4242.28 4239.79 4243.86 4248.64 4247.72 4246.12 4248.9 4244.38 4241.27 4239.61 4239.39 4236.83 4233.14 4229.7 4227.65 4229.42
4288.38 4288.12 4287.79 4283.58 4278.33 4271.39 4262.28 4258.69 4259.83 4261.25 4271.93 4281.72 4290.3 4305.04 4315.92 4318.86 4320.98 4325.74 4329.26 4330.95 4333.2 4333.68 4327.07 4316.75 4305.09 4295.43 4287.33 4281.03 4277.89 4279.51 4278.18 4273.54 4269.96 4267.29 4268.47 4272.01 4268.99 4259.92 4250.62 4243.22 4237.92 4233.94 4234.79 4229.41 4233.6 4236.56 4239.78 4245.12 4251.14 4251.73 4252.02 4244.47 4239.97 4242.01 4243.85 4248 4249.34 4248.63 4248.09 4247.31 4247.7 4246.66 4241.42 4236.48 4231.69 4228.8 4229.79
4290.44 4288.76 4285.97 4278.98 4269.12 4257.67 4250.82 4245.48 4243.35 4250.02 4263.11 4276.25 4289.02 4302.79 4311.9 4314.68 4315.72 4317.45 4320.17 4321.19 4322.76 4320.31 4316.1 4304.6 4295.41 4289.05 4283.3 4279 4277.22 4275.9 4273.23 4270.14 4265.55 4260.8 4255.88 4253.38 4252.36 4251.34 4247.21 4241.31 4236.69 4233.86 4236.26 4231.28 4235.59 4238.36 4241.24 4245.32 4250.33 4250.96 4247.6 4244.12 4243.17 4243.1 4243.63 4248.86 4252.52 4250.53 4252.33 4253.98 4252.94 4249.88 4243.01 4237.55 4233.59 4231.32 4230.32
4288.83 4285.73 4281.28 4272.59 4262.85 4254.15 4242.46 4235.3 4236.34 4241.44 4253.33 4270.19 4286.96 4299.68 4307.82 4309.91 4310.21 4308.57 4307.84 4309.08 4307.73 4305.53 4302.27 4293.67 4287.11 4283.06 4278.89 4275.33 4272.46 4271.64 4271.07 4267.11 4261.93 4256.5 4252.15 4249.21 4246.24 4247.25 4245.99 4240.89 4234.37 4229.13 4239.65 4235.09 4236.02 4242.62 4245.3 4248.32 4250.39 4248.86 4243.88 4243.56 4242.97 4245.46 4252.61 4255.83 4257.37 4253.43 4256.43 4258.93 4256.79 4250.77 4243.46 4239.14 4235.78 4232.25 4230.62
4279.36 4276.98 4267.95 4260.05 4255.29 4249.83 4236.28 4231.12 4230.42 4232.19 4243.28 4260.26 4279.35 4294.41 4303.71 4306.33 4305.42 4306.8 4302.48 4301.96 4300.73 4297.77 4294.59 4288.55 4283.1 4279.06 4275.46 4271.6 4268.13 4268.28 4268.97 4265.16 4259.69 4253.86 4250.48 4249.17 4248.7 4250.85 4250.29 4248.05 4240.36 4234.66 4247.68 4244.85 4242.27 4245.88 4248.3 4251.03 4250.45 4247.98 4245.31 4247.22 4243.6 4249.15 4254.67 4260.89 4260.58 4261.18 4262.96 4264.27 4259.85 4249.83 4243.96 4242.51 4240.83 4235.25 4229.27
