real_craters/C165-750m.grd
DSAA
161 161
-60.095 60.095
-60.095 60.095
2872.0367087831 4911.0697117029
[rows 38 to 75 of 161, columns 0 to 83 of 161]
4382 4374 4372 4372 4373 4374 4376 4375 4363 4352 4337 4335 4342 4345 4345 4345 4346 4366 4371 4367 4371 4369 4367 4367 4371 4374 4367 4356 4351 4350 4348 4344 4340 4335 4330 4325 4322 4318 4316 4316 4319 4319 4316 4310 4311 4314 4314 4312 4310 4311 4326 4332 4323 4325 4325 4325 4327 4334 4348 4363 4387 4396 4407 4415 4416 4425 4431 4425 4431 4439 4452 4454 4453 4454 4455 4453 4453 4450 4441 4426 4413 4403 4395 4385
4377 4375 4371 4370 4374 4379 4370 4379 4365 4340 4333 4338 4344 4346 4348 4344 4344 4355 4361 4367 4367 4366 4366 4364 4363 4361 4357 4353 4349 4347 4342 4339 4334 4330 4327 4323 4320 4318 4313 4312 4318 4317 4312 4313 4311 4312 4313 4310 4308 4310 4330 4338 4329 4329 4326 4325 4328 4333 4343 4370 4384 4394 4408 4420 4425 4425 4432 4430 4437 4454 4464 4461 4455 4445 4447 4447 4448 4449 4441 4423 4408 4402 4396 4388
4371 4366 4363 4364 4366 4362 4361 4364 4357 4343 4352 4354 4347 4348 4349 4344 4343 4356 4343 4358 4352 4356 4361 4362 4357 4352 4346 4339 4339 4337 4335 4332 4329 4326 4325 4321 4317 4315 4315 4316 4315 4313 4313 4316 4318 4314 4310 4311 4310 4310 4322 4327 4331 4341 4342 4331 4331 4333 4341 4379 4381 4392 4408 4422 4434 4431 4434 4435 4435 4442 4460 4457 4451 4439 4434 4438 4439 4439 4433 4424 4416 4409 4402 4394
4360 4358 4356 4358 4360 4360 4360 4353 4349 4345 4346 4352 4350 4349 4348 4346 4344 4357 4343 4345 4338 4337 4346 4352 4347 4341 4337 4333 4329 4331 4332 4333 4330 4328 4324 4320 4315 4311 4313 4314 4314 4315 4315 4315 4321 4322 4320 4325 4315 4312 4316 4320 4331 4354 4363 4345 4331 4332 4341 4386 4382 4396 4411 4424 4422 4424 4424 4426 4426 4430 4443 4442 4432 4433 4431 4432 4432 4429 4425 4430 4429 4420 4412 4403
4353 4350 4348 4350 4351 4348 4353 4349 4345 4341 4341 4354 4352 4347 4349 4345 4341 4349 4340 4339 4338 4335 4337 4340 4339 4335 4332 4327 4329 4331 4336 4337 4334 4330 4327 4322 4317 4315 4314 4315 4315 4317 4317 4317 4321 4316 4313 4318 4314 4311 4314 4320 4328 4345 4351 4339 4330 4327 4340 4389 4380 4398 4411 4418 4412 4414 4411 4415 4416 4419 4428 4427 4426 4432 4431 4432 4433 4430 4429 4437 4439 4431 4422 4414
4331 4334 4335 4344 4348 4344 4348 4349 4344 4340 4341 4351 4349 4344 4347 4346 4340 4354 4343 4339 4336 4332 4333 4333 4331 4331 4332 4334 4330 4331 4335 4337 4335 4336 4330 4325 4320 4318 4320 4318 4319 4320 4319 4320 4318 4314 4312 4317 4316 4314 4315 4320 4319 4323 4330 4333 4333 4325 4344 4387 4373 4392 4405 4412 4404 4401 4400 4406 4412 4413 4410 4412 4416 4449 4442 4437 4438 4439 4439 4444 4445 4438 4431 4424
4311 4313 4324 4337 4344 4344 4343 4346 4342 4340 4339 4350 4350 4348 4350 4346 4341 4355 4340 4339 4337 4333 4330 4330 4328 4328 4331 4334 4333 4330 4329 4329 4334 4336 4332 4327 4322 4319 4317 4317 4318 4317 4314 4318 4320 4319 4323 4327 4322 4319 4317 4315 4312 4315 4323 4333 4337 4327 4354 4383 4361 4383 4396 4409 4409 4405 4402 4405 4413 4417 4411 4406 4428 4440 4439 4443 4448 4452 4452 4448 4445 4444 4440 4435
4310 4314 4317 4328 4343 4338 4336 4336 4337 4337 4341 4356 4367 4366 4355 4345 4349 4343 4340 4338 4335 4332 4328 4330 4331 4327 4327 4326 4328 4328 4328 4329 4334 4336 4333 4328 4322 4319 4317 4318 4317 4317 4313 4320 4322 4323 4327 4328 4330 4328 4325 4321 4313 4312 4319 4329 4337 4330 4370 4386 4357 4378 4389 4394 4404 4404 4412 4411 4416 4422 4423 4419 4423 4431 4447 4455 4462 4465 4469 4459 4454 4453 4450 4446
4316 4322 4314 4313 4319 4322 4321 4326 4332 4337 4341 4346 4367 4374 4356 4346 4349 4339 4338 4336 4332 4330 4326 4327 4326 4326 4326 4326 4325 4327 4329 4331 4333 4333 4332 4329 4325 4324 4323 4324 4322 4318 4323 4329 4330 4332 4330 4329 4335 4335 4329 4322 4316 4314 4317 4327 4337 4336 4382 4383 4355 4369 4384 4390 4389 4400 4415 4414 4415 4418 4419 4430 4450 4457 4467 4474 4478 4476 4470 4468 4468 4465 4461 4457
4321 4323 4316 4313 4318 4321 4324 4325 4330 4335 4339 4344 4369 4370 4354 4347 4355 4344 4336 4332 4329 4329 4325 4325 4324 4324 4324 4325 4325 4327 4329 4328 4331 4332 4332 4332 4330 4333 4334 4336 4335 4334 4336 4341 4344 4345 4345 4342 4341 4342 4339 4329 4319 4316 4321 4328 4335 4334 4376 4374 4355 4363 4376 4385 4389 4393 4398 4409 4417 4421 4424 4464 4500 4507 4505 4504 4497 4491 4483 4486 4483 4480 4475 4471
4319 4320 4318 4319 4326 4329 4327 4326 4329 4331 4331 4335 4343 4346 4335 4336 4342 4341 4329 4329 4327 4326 4322 4322 4322 4322 4323 4326 4329 4328 4329 4333 4333 4333 4335 4338 4341 4346 4350 4352 4353 4352 4356 4362 4362 4362 4359 4356 4356 4354 4353 4345 4332 4327 4320 4327 4334 4333 4374 4365 4356 4363 4374 4384 4391 4390 4392 4408 4427 4442 4460 4502 4548 4545 4537 4530 4515 4506 4502 4501 4501 4498 4494 4490
4317 4318 4318 4321 4327 4331 4331 4325 4327 4328 4329 4329 4331 4332 4330 4326 4327 4329 4329 4327 4326 4323 4322 4321 4321 4322 4322 4324 4325 4327 4328 4329 4330 4333 4337 4346 4355 4363 4368 4372 4375 4378 4381 4388 4388 4388 4383 4377 4372 4369 4360 4358 4355 4341 4327 4324 4331 4344 4365 4356 4355 4367 4375 4386 4395 4396 4400 4422 4447 4473 4499 4513 4535 4545 4536 4529 4524 4520 4519 4522 4516 4516 4512 4507
4320 4323 4327 4334 4341 4331 4327 4325 4326 4327 4327 4327 4331 4331 4328 4325 4327 4326 4324 4323 4323 4321 4320 4319 4320 4320 4321 4323 4324 4326 4327 4327 4328 4333 4341 4351 4365 4375 4385 4390 4395 4400 4407 4422 4425 4420 4415 4403 4393 4386 4382 4381 4382 4366 4347 4332 4335 4344 4359 4355 4358 4371 4376 4384 4396 4410 4426 4445 4471 4499 4526 4533 4537 4521 4520 4526 4532 4535 4531 4528 4534 4533 4530 4526
4323 4327 4329 4331 4335 4334 4323 4324 4329 4326 4327 4325 4328 4329 4331 4329 4338 4325 4323 4322 4322 4321 4319 4320 4321 4321 4320 4322 4324 4326 4327 4328 4330 4332 4339 4352 4373 4394 4402 4406 4411 4417 4429 4445 4451 4444 4433 4422 4413 4406 4401 4399 4397 4382 4360 4345 4343 4349 4357 4358 4361 4368 4376 4386 4397 4410 4428 4457 4491 4518 4543 4542 4525 4507 4512 4528 4545 4555 4557 4562 4558 4553 4552 4550
4329 4332 4333 4328 4329 4327 4321 4321 4331 4339 4337 4339 4335 4335 4327 4330 4338 4322 4323 4321 4321 4321 4318 4319 4321 4321 4323 4322 4324 4327 4330 4332 4330 4335 4335 4350 4377 4406 4413 4419 4426 4432 4442 4453 4463 4460 4448 4437 4423 4419 4415 4410 4405 4386 4374 4361 4352 4350 4354 4357 4360 4368 4377 4389 4397 4413 4445 4481 4521 4539 4543 4538 4522 4509 4526 4553 4567 4575 4595 4587 4577 4575 4577 4580
4336 4342 4348 4344 4334 4332 4328 4320 4323 4330 4328 4349 4348 4340 4338 4328 4339 4328 4324 4324 4322 4322 4320 4320 4320 4319 4320 4320 4324 4328 4333 4341 4353 4342 4335 4348 4375 4401 4415 4425 4438 4446 4447 4453 4462 4465 4459 4446 4429 4426 4418 4416 4410 4394 4383 4374 4363 4357 4353 4352 4361 4372 4387 4398 4412 4441 4502 4552 4582 4581 4566 4560 4536 4529 4553 4574 4575 4573 4579 4580 4585 4595 4607 4615
4345 4349 4357 4356 4355 4353 4341 4328 4330 4331 4330 4342 4344 4343 4333 4325 4340 4341 4329 4319 4319 4320 4319 4319 4319 4319 4319 4321 4323 4327 4333 4340 4348 4342 4336 4347 4371 4394 4411 4424 4435 4440 4451 4451 4461 4470 4464 4451 4440 4432 4429 4420 4411 4400 4390 4382 4374 4363 4363 4361 4369 4385 4410 4428 4449 4493 4579 4665 4651 4626 4597 4559 4534 4536 4555 4561 4560 4558 4558 4574 4595 4621 4638 4648
4347 4348 4351 4350 4353 4358 4351 4327 4323 4324 4326 4330 4337 4341 4328 4321 4339 4343 4329 4322 4321 4320 4317 4317 4316 4317 4317 4319 4322 4325 4328 4332 4335 4333 4335 4348 4368 4388 4408 4423 4434 4444 4453 4458 4462 4464 4464 4464 4450 4444 4439 4426 4414 4410 4397 4389 4381 4360 4373 4371 4382 4400 4437 4471 4495 4554 4627 4693 4670 4630 4594 4562 4548 4551 4559 4555 4552 4551 4556 4590 4622 4656 4674 4683
4347 4345 4342 4340 4338 4346 4338 4326 4313 4313 4318 4323 4333 4335 4326 4319 4328 4323 4320 4320 4318 4319 4316 4315 4314 4315 4315 4317 4319 4320 4322 4322 4320 4323 4332 4347 4366 4386 4405 4423 4440 4451 4452 4456 4456 4453 4453 4458 4449 4454 4448 4434 4426 4424 4406 4398 4385 4357 4385 4387 4401 4419 4461 4491 4531 4601 4646 4669 4657 4633 4611 4607 4580 4567 4558 4552 4553 4564 4591 4641 4679 4699 4701 4701
4347 4341 4334 4331 4331 4320 4318 4317 4320 4314 4313 4314 4323 4330 4322 4312 4319 4316 4315 4315 4319 4318 4317 4315 4313 4313 4317 4317 4317 4317 4317 4316 4315 4319 4331 4345 4361 4380 4400 4421 4437 4440 4444 4450 4449 4447 4444 4440 4437 4451 4451 4438 4432 4432 4415 4404 4391 4361 4398 4411 4427 4449 4492 4523 4575 4631 4655 4666 4682 4675 4664 4667 4623 4584 4564 4559 4570 4590 4631 4707 4756 4739 4704 4688
4341 4333 4323 4312 4316 4311 4308 4308 4306 4309 4310 4311 4311 4317 4317 4313 4318 4313 4314 4314 4318 4317 4316 4315 4313 4314 4315 4315 4316 4316 4315 4314 4314 4318 4331 4344 4355 4373 4394 4415 4432 4431 4430 4436 4437 4448 4446 4434 4427 4442 4445 4441 4434 4428 4417 4408 4397 4375 4418 4436 4456 4475 4508 4543 4591 4649 4688 4727 4770 4777 4705 4654 4608 4583 4568 4575 4588 4633 4669 4725 4801 4717 4649 4628
4326 4320 4313 4312 4310 4308 4308 4308 4307 4308 4309 4310 4318 4315 4310 4310 4314 4317 4318 4315 4316 4314 4313 4313 4313 4313 4312 4314 4315 4315 4315 4315 4316 4320 4333 4343 4351 4368 4389 4407 4421 4427 4425 4430 4445 4455 4451 4440 4431 4437 4438 4435 4428 4419 4415 4404 4392 4393 4432 4466 4483 4502 4537 4580 4624 4708 4762 4785 4778 4744 4683 4629 4601 4593 4593 4613 4633 4645 4629 4621 4610 4575 4543 4528
4314 4312 4312 4309 4310 4309 4308 4309 4309 4309 4308 4309 4313 4310 4308 4308 4316 4318 4322 4314 4311 4311 4311 4312 4311 4313 4313 4315 4316 4316 4317 4319 4322 4328 4337 4343 4350 4365 4385 4404 4418 4423 4425 4426 4435 4452 4453 4440 4426 4420 4430 4435 4424 4411 4402 4393 4398 4411 4428 4470 4499 4538 4577 4624 4670 4757 4823 4806 4756 4712 4683 4666 4663 4615 4602 4577 4537 4510 4477 4443 4383 4388 4398 4400
4310 4308 4307 4308 4309 4307 4306 4306 4305 4304 4303 4304 4305 4303 4305 4305 4315 4313 4309 4311 4309 4309 4310 4312 4313 4314 4319 4315 4316 4317 4320 4323 4327 4332 4337 4342 4348 4364 4382 4401 4416 4420 4422 4427 4432 4439 4440 4438 4431 4415 4424 4437 4422 4406 4393 4387 4416 4426 4424 4457 4502 4561 4623 4639 4690 4789 4840 4823 4752 4719 4711 4741 4673 4521 4389 4350 4292 4254 4260 4262 4240 4250 4260 4272
4305 4304 4304 4304 4308 4304 4303 4304 4306 4305 4302 4303 4308 4300 4306 4307 4310 4311 4309 4310 4306 4308 4310 4312 4322 4317 4314 4312 4315 4319 4323 4327 4331 4333 4337 4345 4351 4364 4378 4391 4402 4407 4414 4428 4435 4434 4432 4435 4432 4420 4419 4417 4412 4403 4397 4390 4452 4435 4409 4447 4504 4571 4665 4661 4731 4821 4899 4837 4772 4685 4610 4552 4428 4291 4189 4138 4051 4007 4053 4086 4106 4128 4125 4137
4305 4304 4303 4303 4304 4303 4303 4302 4303 4302 4303 4302 4301 4300 4303 4305 4310 4310 4311 4310 4307 4307 4308 4312 4315 4316 4317 4312 4315 4320 4326 4333 4338 4341 4345 4354 4361 4367 4374 4382 4389 4394 4397 4412 4420 4426 4427 4434 4428 4419 4417 4415 4406 4404 4405 4397 4465 4431 4409 4464 4520 4589 4674 4666 4742 4790 4810 4720 4591 4443 4333 4234 4120 4033 3965 3905 3869 3864 3882 3910 3930 3948 3955 3979
4305 4304 4305 4306 4305 4305 4304 4301 4300 4300 4302 4301 4300 4302 4303 4303 4307 4306 4308 4307 4304 4304 4305 4308 4315 4312 4310 4311 4315 4322 4330 4340 4348 4357 4364 4367 4369 4368 4371 4376 4387 4389 4392 4402 4411 4421 4428 4437 4437 4427 4418 4414 4414 4403 4401 4400 4446 4422 4426 4499 4546 4623 4665 4648 4685 4690 4635 4515 4357 4205 4059 3959 3892 3841 3781 3759 3749 3726 3727 3739 3737 3735 3776 3803
4303 4304 4306 4305 4305 4306 4306 4305 4302 4300 4303 4302 4302 4302 4302 4305 4303 4303 4304 4305 4301 4304 4306 4307 4307 4309 4310 4308 4313 4322 4332 4345 4357 4372 4381 4379 4370 4369 4370 4374 4385 4392 4395 4402 4412 4426 4437 4441 4444 4436 4430 4423 4410 4397 4390 4390 4429 4424 4446 4509 4545 4599 4626 4616 4641 4586 4447 4307 4189 4069 3836 3750 3740 3716 3694 3678 3636 3578 3583 3590 3590 3592 3615 3640
4302 4304 4308 4305 4303 4305 4306 4307 4308 4305 4302 4303 4304 4304 4302 4304 4303 4303 4303 4303 4302 4304 4306 4307 4307 4305 4307 4306 4312 4322 4333 4346 4361 4375 4380 4373 4374 4371 4371 4374 4389 4404 4410 4406 4416 4448 4447 4445 4446 4439 4434 4417 4399 4391 4384 4392 4426 4417 4443 4492 4534 4588 4606 4584 4598 4474 4276 4130 4059 3916 3692 3638 3643 3620 3585 3550 3515 3477 3471 3465 3465 3489 3476 3486
4300 4300 4304 4302 4300 4304 4307 4302 4303 4300 4300 4302 4304 4306 4304 4306 4303 4304 4304 4303 4304 4304 4306 4307 4304 4306 4307 4304 4311 4320 4332 4345 4358 4369 4371 4370 4370 4369 4371 4377 4384 4393 4401 4402 4406 4422 4436 4445 4444 4436 4419 4407 4392 4385 4382 4392 4433 4411 4445 4500 4540 4587 4597 4575 4463 4294 4108 3976 3899 3697 3578 3556 3575 3555 3516 3485 3462 3418 3375 3350 3335 3326 3332 3348
4298 4299 4301 4301 4299 4301 4300 4301 4301 4298 4299 4301 4303 4304 4304 4315 4304 4309 4306 4303 4300 4307 4305 4304 4303 4306 4307 4306 4310 4318 4329 4341 4352 4362 4365 4367 4366 4365 4368 4374 4379 4386 4395 4399 4400 4405 4419 4432 4439 4432 4417 4404 4391 4387 4384 4415 4425 4424 4471 4526 4574 4608 4573 4486 4222 4053 3926 3807 3700 3531 3508 3469 3426 3423 3420 3401 3366 3301 3264 3240 3215 3189 3197 3229
4298 4298 4297 4299 4299 4302 4301 4301 4307 4302 4300 4301 4302 4304 4303 4316 4301 4305 4305 4302 4297 4297 4301 4300 4299 4301 4303 4301 4306 4315 4326 4336 4346 4353 4363 4369 4365 4363 4362 4366 4372 4393 4397 4399 4404 4403 4413 4415 4423 4427 4412 4406 4397 4390 4397 4431 4448 4483 4521 4565 4602 4590 4490 4270 4008 3900 3779 3653 3547 3470 3458 3389 3309 3293 3305 3290 3234 3191 3165 3148 3124 3097 3103 3137
4300 4297 4297 4297 4300 4301 4302 4304 4303 4303 4305 4303 4301 4301 4299 4315 4301 4302 4302 4301 4296 4296 4297 4298 4297 4300 4300 4299 4304 4313 4323 4332 4342 4353 4363 4371 4372 4372 4371 4373 4376 4398 4397 4396 4401 4406 4408 4395 4397 4406 4410 4428 4425 4418 4426 4429 4509 4551 4563 4581 4585 4532 4319 4069 3903 3799 3685 3563 3489 3440 3397 3321 3248 3211 3201 3175 3157 3125 3100 3086 3068 3052 3054 3078
4300 4302 4296 4296 4298 4302 4301 4303 4302 4303 4311 4301 4299 4298 4297 4309 4299 4300 4302 4300 4297 4295 4295 4300 4301 4301 4301 4301 4304 4313 4322 4331 4339 4347 4360 4370 4376 4384 4384 4379 4376 4380 4390 4402 4403 4408 4403 4394 4396 4401 4424 4436 4448 4452 4451 4448 4528 4564 4570 4569 4536 4388 4137 3953 3807 3717 3635 3552 3455 3386 3306 3266 3232 3191 3133 3094 3092 3077 3058 3040 3028 3026 3034 3040
4298 4296 4298 4297 4299 4298 4298 4298 4300 4315 4316 4308 4301 4298 4296 4305 4301 4300 4300 4298 4297 4297 4298 4301 4303 4303 4304 4305 4309 4315 4324 4332 4339 4347 4359 4369 4375 4380 4383 4380 4378 4379 4383 4385 4395 4400 4408 4415 4419 4428 4445 4444 4451 4445 4437 4502 4514 4549 4546 4529 4455 4211 3989 3851 3720 3651 3586 3497 3390 3305 3249 3214 3191 3160 3098 3041 3032 3025 3015 2998 2992 2994 3002 3005
4294 4292 4292 4295 4297 4298 4297 4296 4301 4302 4314 4306 4306 4301 4297 4302 4299 4297 4299 4298 4299 4302 4300 4304 4309 4308 4310 4308 4307 4319 4329 4337 4344 4350 4359 4366 4375 4382 4395 4394 4390 4392 4387 4384 4389 4397 4424 4443 4439 4443 4444 4437 4439 4419 4439 4565 4495 4517 4511 4471 4316 4042 3868 3755 3669 3622 3517 3390 3304 3242 3193 3150 3115 3073 3033 2991 2971 2961 2946 2955 2957 2956 2951 2971
4293 4291 4293 4295 4296 4296 4295 4295 4302 4301 4311 4323 4317 4309 4303 4305 4299 4296 4298 4298 4296 4297 4300 4308 4318 4327 4318 4318 4325 4332 4339 4345 4351 4357 4363 4368 4377 4389 4398 4407 4405 4404 4398 4397 4392 4394 4419 4436 4443 4438 4427 4417 4420 4393 4431 4582 4511 4501 4486 4426 4240 3951 3786 3684 3632 3499 3378 3278 3213 3158 3099 3066 3045 3016 2990 2955 2931 2930 2926 2929 2934 2936 2939 2952
4292 4290 4291 4293 4295 4295 4295 4297 4308 4309 4316 4323 4320 4313 4311 4302 4298 4297 4299 4302 4304 4301 4302 4311 4318 4320 4321 4328 4339 4346 4349 4352 4357 4362 4366 4372 4379 4391 4398 4398 4407 4409 4404 4401 4398 4407 4425 4440 4441 4433 4418 4407 4406 4378 4451 4573 4509 4506 4469 4370 4123 3851 3702 3587 3489 3352 3257 3183 3118 3073 3030 3005 2998 2985 2961 2932 2914 2917 2910 2911 2919 2924 2931 2938
