real_craters/C165-1000m.grd
DSAA
70 70
-34.34 34.34
-34.34 34.34
7201.5041232868 9856.4163429246
[rows 30 to 59 of 70, columns 0 to 66 of 70]
8642.16 8640.56 8655.7 8651.85 8643.57 8644.62 8641.13 8625.62 8626.31 8643.91 8663.41 8658.26 8668.46 8699.34 8723.61 8756.3 8786.43 8826.41 8991.51 9180.38 8957.42 8509.52 8224.76 8114.54 7829.47 7684.28 7628.55 7577.1 7522.16 7470.22 7439.19 7420.54 7397.97 7367.64 7346.48 7341.45 7333.83 7332.46 7327.75 7327.47 7347.49 7375.67 7448.88 7590.38 7752.61 7905.47 8042.4 8139.57 8233.75 8684.45 9127.64 9404.14 9558.4 9749.11 9856.42 9642.73 9321.08 9012.82 8783.75 8642.18 8567.34 8527.36 8523.4 8521.8 8522.25 8523.14 8534.55
8658.83 8657.91 8664.84 8651.37 8640.67 8634.54 8652.11 8627.76 8636.63 8656.57 8665.24 8664.52 8682.37 8708.4 8735.27 8771.62 8813.18 8906.75 9129.95 9098.66 8800.69 8355.13 8104.04 8019.25 7796.67 7620.23 7551.19 7529.9 7472.48 7408.38 7387.44 7379.47 7374.22 7370.53 7357.06 7369.73 7359.44 7350.74 7332.08 7320.53 7333.95 7350.19 7420.24 7551.82 7702.89 7858.21 7960.32 8133.05 8311.18 8596.82 8891.96 9131.44 9359.47 9562.78 9676.06 9619.52 9362.96 9066.33 8860.7 8752.59 8657.66 8531.1 8509.96 8515.27 8517.96 8518.7 8518.2
8682.38 8678.86 8668.8 8650.33 8624.59 8618.45 8632.72 8640.1 8654.35 8667.38 8671.63 8678.36 8701.66 8719.67 8748.08 8796.25 8892.41 9008.11 9059.16 9055.77 8701.49 8317.38 8111.08 7974.41 7747.35 7548.35 7507.57 7486.36 7406.2 7361.6 7356.12 7382.81 7425.14 7486.32 7569.19 7488.54 7419.54 7390.08 7348.75 7315.67 7319.07 7325.51 7391.95 7515.18 7659.73 7819.43 7955.27 8174.05 8407.21 8581.78 8727.7 9010.28 9183.77 9329.68 9414.31 9475.96 9344.11 9119.09 8945.63 8879.72 8779.54 8638.59 8521.08 8522.96 8521.73 8518.1 8514.08
8686.34 8691.96 8676.32 8655.38 8662.18 8585.42 8622.94 8639.93 8661.38 8667.51 8667.95 8694.98 8707.44 8725.87 8747.94 8783.31 8811.19 8989.3 9047.01 9081.13 8670.3 8419.18 8256.87 7972.48 7719.56 7504.96 7472.63 7429.79 7393.04 7342.05 7350.99 7404.73 7486.09 7615.33 7701.11 7600.42 7525.99 7459.48 7374.32 7309.07 7302.99 7313.2 7373.53 7474.1 7603.57 7746.86 7881.73 8085.41 8285.66 8512.58 8725.82 9009.82 9214.54 9379.01 9345.12 9379.18 9312.65 9153.17 9012.1 8934.28 8792.85 8604.9 8539.75 8536.31 8524.78 8521.04 8512.03
8690.17 8682.05 8660.09 8648.74 8632.97 8621.47 8629.79 8641.27 8657.54 8667.81 8679.98 8698.74 8720.79 8731.61 8747.99 8752.84 8756.76 8837.16 9160.11 9120.04 8730.07 8443.44 8247.15 8016.95 7658.45 7506.44 7456.71 7429.71 7399.68 7367.56 7351.53 7423.87 7555.08 7694.94 7758.17 7711 7692.25 7531.19 7396.16 7306.28 7284.08 7277.2 7338.41 7436.72 7549.31 7666.49 7835.44 8040.38 8215.16 8450.51 8648.59 8913.64 9272.73 9347.91 9304.83 9277.87 9247.58 9183.01 9121.2 8999.74 8860.59 8692.5 8611.87 8568.78 8543.75 8525.41 8517.41
8706.54 8696.16 8663.99 8646.93 8630.39 8650.79 8594.21 8622.76 8652.48 8661.42 8682.9 8699.67 8721.54 8741.44 8749.23 8757.53 8787.97 8861.47 9223.84 9202.71 8860.72 8440.07 8184.9 7950.13 7684.09 7508.62 7447.38 7404.69 7366.59 7318.91 7337.11 7412.72 7557.34 7754.77 7876.73 7809.92 7680.12 7536.34 7397.08 7302.37 7265.36 7272.41 7324.4 7411.84 7507.08 7602.09 7769.08 8009.48 8131.2 8387.14 8538.6 8829.11 9240.82 9251.93 9143.87 9143.95 9182.74 9175.03 9102.36 9043.42 9047.74 8872.06 8707.51 8590.59 8546.85 8524.95 8517.74
8690.17 8678.44 8650.35 8647.36 8644.28 8641.28 8603.89 8627.77 8651.1 8663.41 8684.33 8705.96 8729.84 8740.03 8759.47 8761.21 8797.3 8945.11 9313.78 9188.63 8820.23 8507.56 8235.55 7895.92 7680.85 7505.96 7440.47 7382.83 7333.47 7280.85 7256.54 7354.03 7533.87 7724.59 7741.7 7682.63 7612.19 7495.74 7375.03 7294.05 7267.57 7275.88 7324.07 7401.61 7490.91 7594.86 7721.16 7902.7 8103.69 8339.75 8526.08 8818.09 9134.5 9102.74 9016.58 9049.64 9124.03 9095.71 8978.3 8929.52 8887.13 8703.96 8611.84 8558.31 8530.18 8516.61 8508.8
8703.46 8699.56 8662.92 8652.36 8643.47 8637.29 8622.5 8647.83 8664.41 8661.62 8694.94 8720 8717.09 8730.4 8754.68 8757.52 8845.11 9002.9 9191.28 9139.53 8877.4 8552.45 8279.44 7965.8 7675.09 7507.67 7434.5 7370.95 7308.19 7257.21 7201.5 7280.4 7407.7 7534.71 7550.58 7546.39 7525.18 7434.94 7352.45 7297.61 7270.14 7283.24 7333.09 7404.65 7488.87 7600.1 7738.01 7997.69 8217.39 8392.78 8556.66 8903.57 9113.5 9018.34 8967.66 9009.56 9074.7 8981.37 8826.44 8752.81 8729.36 8584.35 8501.82 8508.03 8505.52 8498.92 8491.99
8706.98 8703.68 8677.16 8658.83 8653.67 8636.72 8635.44 8651.31 8669 8681.89 8693.7 8696.67 8690.88 8697.7 8715.18 8747.33 8824.79 8886.08 9107.04 9216.12 8953.57 8601.09 8379.34 8084.72 7706.39 7506.82 7441.67 7387.55 7321.47 7272.46 7230.19 7248.86 7292.72 7357.08 7386.51 7371.01 7388 7361.66 7321.38 7292.87 7270.51 7286.3 7352.31 7431.41 7511.35 7640.68 7875.15 8172.75 8336.99 8474.13 8600 8891.56 8990.33 8924.98 8906.41 8929.77 8895.25 8806.84 8687.15 8623.31 8602.29 8534.54 8500.92 8497.63 8499.7 8496.31 8487.01
8707.99 8699.92 8669.67 8640.45 8659.34 8661.69 8643.91 8659.86 8660.69 8663.66 8686.35 8682.59 8681.83 8696.16 8711.75 8751.39 8773.33 8780.09 8947.98 9270.67 9028.15 8632.11 8443.31 8068.2 7861.72 7599.05 7474.99 7404.15 7358.73 7305.98 7262.52 7251.08 7262.27 7271.01 7307.67 7311.02 7305.81 7294.52 7263.98 7268.73 7272.18 7312.3 7390.12 7486.06 7597.22 7763.75 8004.8 8263.1 8431.57 8532.67 8710.62 8868.58 8900.27 8855.91 8809.43 8750.19 8707.03 8651.01 8598.1 8554.84 8530.92 8515.22 8510.15 8505.55 8503.78 8500.46 8495.63
8706.58 8703.46 8674.59 8652.56 8655.62 8651.01 8663.11 8646.82 8646.3 8665.92 8678.86 8680.47 8685.52 8697.63 8708.57 8709.08 8755 8775.46 8913.83 9192.39 9035.38 8716.57 8474.59 8161.21 7935.66 7706.34 7586.58 7509.86 7385.81 7401.06 7335.58 7294.3 7296.1 7295.54 7293.83 7287.48 7280.37 7267.31 7252.44 7269.23 7283.72 7347.73 7451.35 7558.14 7674.69 7839 8085.53 8371.44 8539.57 8688.06 8995.19 8939 8836.38 8801.45 8758.89 8685.44 8655.14 8614.79 8571.17 8544.1 8529.98 8521.39 8530.09 8521.28 8516.8 8511.94 8510.05
8720.53 8720.57 8701.73 8683.11 8670.48 8669.61 8712.09 8662.51 8653.03 8672.04 8669.58 8679.28 8675 8690.57 8714.3 8719.25 8743.83 8792.88 8829.91 8997.67 9031.6 8808.75 8639.53 8380.6 8101.85 7870.7 7656.87 7529.65 7447.88 7442.39 7425.34 7389.44 7346.01 7322.66 7308.67 7286.24 7281.76 7275.89 7275.63 7310.47 7341.79 7426.52 7547.59 7654.83 7767.73 7935.04 8213.93 8519.12 8759.05 8992.25 8999.77 8920.47 8798.19 8791.17 8782.38 8729.93 8683.92 8624.36 8602.28 8593.18 8582.98 8562.2 8544.31 8541.99 8540.66 8535.09 8534
8735.66 8743.56 8705.08 8678.74 8689.69 8685.07 8730.06 8686.92 8676.37 8703.42 8688.1 8688.25 8700.46 8707.67 8726.35 8737.42 8778.67 8783.7 8869.8 9070.06 9120.25 8908.31 8743.27 8522.75 8346.6 7962.78 7765.13 7667.71 7603.66 7549.79 7465.27 7433.88 7393.27 7361.48 7349.21 7320.35 7317.84 7320.89 7326.64 7407.32 7485.6 7579.38 7685.4 7790.38 7915.17 8081.43 8405.25 8780.35 9129.76 8992.86 8839.59 8804.18 8762.89 8771.77 8780.82 8737.85 8692.45 8659.29 8630.78 8612.76 8614.6 8604.5 8592.03 8582.16 8570.21 8564.62 8560.72
8629.1 8738.58 8708.01 8706.14 8704.1 8710.74 8712.86 8701.76 8702.69 8730.51 8728.87 8710.5 8702.32 8707.14 8719.64 8737.03 8765.5 8755.9 9089.06 9231.6 9173.19 8975.01 8808.34 8627.52 8498.66 8195.19 8000.4 7901.75 7892.6 7710.61 7554.56 7493.36 7488.75 7429.44 7405.37 7365.12 7390.22 7421.01 7479 7549.3 7623.68 7745.25 7859.91 7965.43 8089.39 8329.67 8618.76 8943.59 9155.27 8949.06 8807.57 8753.07 8727.04 8738.04 8740.95 8690.32 8664.39 8673.34 8645.55 8619.6 8612.7 8611.31 8611.66 8601.87 8590.14 8589.49 8589.11
8636.62 8735 8731.04 8708.6 8701.4 8709.64 8695.39 8710.52 8742.99 8744.67 8734.25 8717.52 8711.68 8719.13 8728.11 8696.47 8679.13 8698.26 8890.85 9074.2 9292.39 9169.7 8912.65 8722.54 8564.35 8496.19 8391 8125.73 8028.44 7905.92 7764.2 7684.76 7622.53 7571.53 7530.57 7539.01 7524.71 7549.03 7616.2 7710.41 7840.52 7941.72 8066.65 8191.1 8330.21 8603.3 8785.71 8968.52 9047.51 8895.23 8790.76 8723.53 8703.64 8698.26 8673.04 8616.64 8614.28 8660.54 8648.95 8618.83 8615.97 8623.44 8609.61 8594.21 8596.44 8598.21 8590.9
8659.09 8728.31 8730 8719.84 8712.24 8703.54 8675.73 8699.89 8742.84 8731.68 8703.19 8735.57 8726.58 8727.44 8726.93 8738.02 8732.72 8745.52 8720.87 8900.21 9292.92 9296.12 9096.12 8928.22 8737.26 8673.58 8548.63 8282.25 8194.04 8157.3 8042.91 7872.2 7794.96 7755.56 7796 7744.6 7726.31 7714.1 7755.34 7849.9 7980.09 8109.93 8266.61 8463.08 8666.57 8815.26 8901.35 8933.17 8878.78 8859.11 8710.59 8699.2 8700.92 8686.24 8657.88 8612.12 8608.69 8652.48 8647.14 8633.79 8626.15 8622.44 8608.76 8594.32 8598.45 8600.33 8589.62
8668.61 8730.25 8734.08 8732.48 8729.78 8716.69 8677.39 8683.68 8709.15 8701.73 8711.13 8717.6 8697.75 8728.68 8747.33 8754.8 8772.34 8811.11 8785.64 8814.62 9163.66 9323.21 9231.12 9109.65 9039.88 8924.06 8797.2 8549.95 8421.5 8359.67 8311.26 8177.49 8075.34 8026.76 8037.16 7992.69 7979.81 7955.09 7963.82 7979.2 8060.05 8239.11 8432.78 8661.25 8910.15 9021.94 8975.52 8908.08 8840.17 8803.2 8718.78 8710.24 8703.14 8680.4 8645.74 8621.12 8615.63 8628.38 8638.64 8644.47 8638.74 8626.32 8619.09 8611.62 8605.35 8592 8571.86
8667.64 8717.08 8708.34 8737.73 8735.39 8708.41 8673 8668.52 8681.93 8679.65 8680.11 8693.84 8704.23 8720.17 8718.9 8767.28 8783.82 8783.15 8815.51 8727.81 8790.59 8974.14 9130.06 9325.06 9208.06 9183.22 9124.55 8953.47 8714.94 8561.45 8550.84 8369.11 8282.33 8252 8204.7 8203.87 8175.55 8201.32 8175.1 8132.58 8202.4 8376.91 8583.5 8775.61 8985.65 9115 8981.22 8862.14 8759.08 8726.47 8676.76 8692.97 8690.89 8674.55 8647.84 8626.94 8615.89 8622.51 8630.56 8635.79 8638.61 8636.28 8635.27 8636.4 8618.76 8601.09 8593.74
8687.82 8725.26 8713.21 8706.26 8693.26 8684.61 8660.64 8655.1 8676.41 8672.71 8675.66 8690.44 8719.84 8724.59 8726.83 8727.27 8762.03 8776.6 8779.27 8752.58 8763.18 8747.26 8880.92 8957.31 9023.23 9177.03 9272.74 9300.21 9030.07 8807.2 8702.82 8606.79 8506.39 8535.14 8509.39 8468.79 8437.61 8354.74 8352.43 8298.6 8354.91 8529.09 8733.91 8950.13 9027.76 8995.35 8901.22 8803.57 8714.85 8692.26 8681.09 8681.38 8675.34 8655.8 8643.82 8622.37 8613.06 8621.38 8627.09 8628.96 8634.82 8647.58 8653.54 8635.79 8636.97 8633.88 8626.23
8712.99 8725.2 8721.7 8709.94 8693.25 8680.54 8664.31 8657.28 8669.31 8675.92 8688.14 8696.86 8697.53 8718.18 8737.12 8723.98 8743.5 8755.09 8728.44 8728.59 8736.45 8757.57 8772.81 8795.76 8855.33 8993.24 9028.64 9210.66 9169.8 9078.4 9075.61 8967.89 8836.53 8844.02 8752.91 8711.8 8658.52 8600.18 8609.64 8556.85 8577.33 8682.95 8817.78 8947.47 8889.51 8818.49 8775.48 8719.95 8674.31 8694.31 8728.09 8693.89 8667.32 8658.34 8656.97 8649.84 8625.06 8620.66 8631.82 8627.93 8632.17 8645.72 8645.79 8648.08 8653.37 8657.5 8659.15
8735.23 8736.34 8748.07 8724.35 8704.94 8691.23 8680.69 8670.2 8658.6 8677.85 8707.02 8701.53 8689.97 8718.55 8744.25 8723.06 8736.8 8728.09 8726.6 8728.13 8714.38 8719.89 8717.92 8717.56 8747.93 8844.66 8908.4 9047.92 8998.57 9065.97 9162.95 9211.46 9191.8 9029.29 8949.61 9045.9 9050.82 8984.84 8906.65 8952.11 8862.57 8796.06 8800.23 8836.11 8693.34 8656.25 8656.13 8645.81 8641.39 8674.05 8740.87 8663.85 8658.33 8665.37 8668.88 8700 8649.56 8638.31 8643.16 8659.64 8666.38 8648.91 8627.32 8635.89 8652.93 8674.75 8640.54
8745.51 8745.92 8743.04 8720.58 8706.94 8704.45 8698.31 8693.44 8665.7 8662.9 8677.29 8671.14 8680.43 8682.89 8687.84 8698.57 8725.31 8746.96 8745.91 8700.38 8701.33 8680.06 8686.25 8689.51 8705.53 8757.11 8815.55 8942.29 9094.84 9025.54 9008.38 9087.81 9063.62 9171.3 9131.23 9195.17 9170.95 9059.3 9006.73 8987.7 8914.48 8802.41 8726.82 8648.02 8590.86 8581.7 8595.96 8605.96 8614.6 8661.85 8647.7 8630.25 8647.82 8648.9 8657 8643.52 8657.08 8662.12 8636.66 8677.2 8671.81 8664.19 8659.06 8648.93 8649.03 8658.15 8643.2
8760.74 8756.51 8750.67 8724.33 8709.18 8706.64 8702.09 8691.88 8678.12 8671.94 8674.77 8676.63 8682.58 8684.71 8682.27 8700.02 8716.5 8712.03 8715.24 8720.47 8692.77 8675.15 8675.4 8679.05 8685.99 8706.83 8743.91 8790.59 8839.17 8862.49 8851.52 8877.34 8936.74 8901.99 8925.31 8950.78 8932.89 8923.04 8937.3 8941.55 8846.08 8756.02 8662.83 8569.53 8558.23 8560.3 8571.53 8585.3 8593.93 8618.15 8628.57 8647.26 8668.03 8674.56 8663.36 8646.26 8664.63 8675.43 8668.57 8639.84 8654.13 8663.55 8679.68 8680.25 8682.29 8660.1 8671.13
8775.6 8777.79 8745.36 8726.06 8705.19 8704.52 8703.79 8701.78 8697.4 8689.63 8693.17 8695.8 8683.09 8680.45 8697.57 8709.51 8709.18 8707.42 8712.1 8706.79 8698.34 8677.72 8666.31 8663.88 8673.85 8692.13 8719.25 8741.35 8749.63 8766.72 8764.74 8776.47 8794.22 8719.3 8740.75 8775.64 8811.27 8808.85 8805.75 8808.88 8754.33 8694.8 8619.83 8552 8548.53 8561.13 8575.11 8582.32 8586.14 8617.07 8673.39 8693.92 8695.63 8697.03 8684.05 8659.36 8671.78 8687.16 8656.22 8641.99 8649.35 8656.18 8648.77 8675.92 8682.8 8630.59 8656.79
8787.17 8783.32 8758.62 8737.96 8713.09 8709.52 8713.78 8718.69 8714.36 8701.79 8680.22 8642.47 8673.54 8688.76 8703.76 8705.19 8693.11 8712.98 8719.3 8718.72 8696.7 8672.09 8659.13 8670.13 8693.99 8710.13 8733.39 8737.85 8733.26 8737.39 8717.79 8714.64 8714.49 8678.15 8683.34 8669.61 8694.34 8709.79 8684.18 8658.43 8661.63 8644.76 8609.74 8577.29 8567.43 8576.85 8585.63 8594.43 8604.23 8637.14 8681.29 8706.46 8722.32 8729.25 8724.35 8710.72 8697.99 8684.91 8671.08 8663.95 8672.39 8676.9 8668.29 8671.56 8667.04 8682.54 8677.43
8790.86 8788.44 8773.04 8743.18 8730.34 8720.6 8720.19 8723.58 8715.66 8700.09 8694.53 8692.25 8681.76 8683.47 8718.67 8700.15 8709.64 8699.98 8714.52 8701.85 8696.59 8683.59 8658.33 8673.66 8708.85 8759.48 8766.49 8763.83 8755.91 8748.16 8726.48 8707.2 8675.5 8674.28 8652.41 8633.03 8651.2 8630.61 8622.24 8617.56 8626.6 8625.19 8614.69 8607.17 8606.12 8606.72 8612.5 8619.01 8633.96 8662.3 8720.99 8727.48 8764.62 8782.29 8790.61 8780.79 8754.19 8720.1 8697.31 8690.27 8695.37 8692.07 8685.03 8680.01 8676.78 8699.93 8692.39
8780.61 8765.83 8758.24 8737.9 8735.7 8726.13 8718.65 8712.46 8707.54 8708.24 8712.41 8704.08 8684.64 8684.03 8698.27 8697.97 8701.07 8712.23 8706.55 8720.68 8701.16 8698.74 8675.4 8686.64 8726.76 8771.63 8783.85 8770.52 8770.84 8742.69 8723.92 8705.64 8675.74 8661.67 8634.68 8608.54 8609.78 8591.45 8593.74 8600.51 8614.86 8627.48 8634.8 8637.74 8637.23 8635.42 8639 8648.26 8657.52 8676.57 8721.57 8771.6 8825.03 8863.83 8892.91 8901.45 8882.9 8815.09 8739.55 8729.31 8713.5 8702.69 8693.67 8688.18 8695.49 8683.01 8674.91
8764.25 8744.37 8716.38 8708.72 8721.62 8720.61 8708.96 8700.43 8701.82 8711.33 8715.77 8705.16 8689.8 8686.96 8683.05 8696.36 8711.38 8699.87 8709.4 8722.97 8736.3 8720.73 8701 8708.69 8734.28 8768.29 8747.82 8759.18 8755.1 8729.65 8735.9 8718.85 8658.52 8642.42 8621.91 8611.98 8604.97 8596.38 8588.9 8597.55 8617.59 8637.07 8654.54 8666.76 8661.38 8658.63 8664.76 8680.94 8696.29 8727.88 8759.01 8812.7 8888.84 8919.25 8984.67 8986.09 9010.73 8909.96 8784.37 8768.83 8751.22 8718.09 8709.01 8706.2 8718.71 8712.25 8681.26
8730.03 8698.8 8683.91 8685.45 8701.09 8706.81 8699.2 8690.5 8689.26 8714.37 8714.12 8693.75 8683.74 8686.79 8680.17 8695.41 8704.45 8717.47 8741.74 8746.82 8760.46 8718.9 8716.36 8729.18 8751.04 8757.95 8756.84 8707.53 8706.14 8723.68 8723.42 8700.72 8644.2 8625.99 8608.89 8597.43 8586.58 8586.71 8589.57 8601.56 8619.94 8641.09 8671.46 8662.06 8665.28 8667 8673.68 8690.6 8740.33 8751.78 8801.13 8891.33 8956.06 8803.06 8663.14 8644.03 8613.84 8730.54 8876.4 8845.96 8800.47 8744.22 8723.97 8718.97 8716.52 8713.26 8694.05
8703.17 8682.6 8680.16 8691.23 8694.25 8692.33 8694.79 8688.7 8685.33 8696.79 8688.17 8682.71 8686.34 8687.73 8688.63 8694.58 8706.07 8725.91 8745.85 8754.65 8746.16 8732.53 8737.55 8752.79 8754.36 8720.11 8708.16 8719.2 8716.56 8697.71 8688.4 8655.29 8605.99 8613.92 8599.48 8590.33 8582.48 8579.96 8595.04 8608.28 8621.02 8633.8 8647.09 8667.92 8665.54 8666.15 8669.73 8678.78 8696.89 8743.86 8823.3 8891.56 8810.74 8584.96 8386.04 8367.14 8365.8 8400.12 8568.79 8849.16 8783.48 8763.33 8741.24 8704.72 8712.97 8731.29 8700.95
