real_craters/C165-300m.grd
DSAA
402 402
-60.095 60.095
-60.095 60.095
2851.7397405718 4912.9883261281
[rows 120 to 149 of 402, columns 67 to 133 of 402]
4324.86 4326.68 4329.17 4329.33 4328.29 4328.03 4328.14 4328.41 4329 4329.84 4331.09 4332.89 4333.67 4332.87 4332.39 4332.34 4332.66 4333.67 4334.41 4335.23 4336.2 4337.21 4338.21 4339.66 4341.37 4343.03 4344.48 4346.66 4347.48 4348.72 4349.62 4350.31 4350.69 4350.72 4350.49 4349.84 4349.39 4350.72 4352.39 4356.2 4359.5 4359.58 4359.72 4359.74 4359.25 4359.57 4359.45 4358.69 4357.56 4357.64 4355.87 4354.02 4355.38 4359.09 4351.76 4351.76 4352.2 4352.58 4352 4351.76 4347.97 4342.19 4336.93 4331.83 4327.42 4326.33 4324.86
4324.69 4326.23 4328.64 4328.79 4328.1 4327.87 4327.98 4328.38 4328.98 4329.81 4331.33 4333.68 4334.52 4332.9 4332.3 4332.51 4333.44 4335.19 4336.06 4337.08 4338.65 4340.34 4341.83 4343.36 4346.47 4348.84 4350.5 4351.24 4354.12 4355.81 4356.86 4357.76 4358.43 4359.06 4359.32 4359.16 4359.02 4359.95 4362.53 4364.61 4368.17 4369.07 4368.92 4367.35 4367.12 4367.86 4367.53 4366.3 4363.55 4363.26 4362.3 4360.73 4361.42 4361.87 4359.14 4358.13 4357.52 4356.44 4354.99 4353.32 4350.83 4347.31 4343.38 4339.15 4335.11 4332.96 4329.71
4323.85 4324.51 4324.62 4326.09 4326.9 4327.21 4327.5 4327.95 4328.49 4329.2 4330.05 4330.88 4331.01 4331.17 4331.49 4332.19 4333.27 4334.67 4336.38 4338.57 4341.12 4343.86 4346.9 4349.83 4352.42 4355.4 4358.49 4361 4362.03 4363.35 4364.57 4365.6 4366.63 4367.54 4368.53 4369.45 4370.33 4370.91 4371.43 4375.11 4377.91 4379.23 4379.26 4377.23 4377.14 4377.87 4377.75 4376.32 4374.58 4373.37 4370.91 4368.29 4367.33 4367.07 4365.86 4364.77 4363.74 4361.52 4357.92 4353.72 4353.44 4352.68 4350.66 4347.58 4343.3 4339.73 4335.07
4323.22 4323.5 4323.1 4324.67 4325.83 4326.5 4326.97 4327.38 4327.82 4328.19 4328.42 4328.19 4327.75 4329.27 4330.43 4331.66 4332.96 4334.25 4336.57 4340.09 4343.54 4347.21 4351.09 4354.67 4358.08 4361.6 4365.52 4368.22 4369.51 4370.79 4372.09 4373.32 4374.66 4376.17 4377.62 4379.2 4380.18 4380.89 4382.83 4387.1 4388.41 4390.63 4391.77 4391.37 4390.91 4390.52 4389.83 4388.13 4385.65 4384.05 4381.12 4378.4 4376.27 4373.7 4372.89 4371.5 4369.94 4367.89 4363.08 4358.76 4359.22 4359.81 4359.23 4357.6 4354.57 4349.36 4341.65
4322.85 4323.53 4324.76 4324.67 4325.27 4325.91 4326.4 4326.82 4327.16 4327.32 4327.3 4327.14 4327.51 4328.29 4329.71 4331.33 4333.21 4335.73 4338.86 4341.92 4345.68 4350.07 4354.97 4359.14 4362.95 4366.8 4370.99 4374.12 4376.04 4377.82 4379.41 4380.83 4382.5 4384.25 4386.1 4388.13 4388.93 4388.75 4394.39 4397.84 4400.16 4403.6 4405.73 4406.38 4405.84 4404.35 4402.93 4401.25 4398.51 4394.85 4392.09 4389.09 4386.64 4383.68 4380.85 4378.66 4376.11 4373.16 4370.71 4368.32 4368.1 4368.67 4368.89 4368.47 4366.66 4359.17 4350.61
4322.24 4323.03 4323.92 4324.38 4324.99 4325.51 4326.01 4326.46 4326.67 4326.86 4326.81 4326.74 4326.74 4328.05 4329.43 4331.19 4333.38 4336.52 4340.26 4343.1 4347.14 4352.12 4357.74 4362.71 4367.29 4371.31 4374.61 4378.55 4382.06 4384.56 4386.48 4388.25 4389.99 4391.73 4393.87 4396.4 4397.77 4399.5 4403.52 4407.27 4414.09 4417.97 4419.67 4420.67 4420.03 4417.82 4416.05 4414.56 4412.4 4408.6 4403.57 4398.75 4394.84 4391.58 4388.83 4386.17 4383.76 4381.62 4379.56 4378.25 4377.79 4378.04 4378.43 4378.74 4378.19 4371.59 4361.29
4321.69 4322.3 4322.94 4323.95 4324.71 4325.37 4325.94 4326.29 4326.57 4326.78 4326.83 4326.91 4327.89 4328.14 4329.32 4331.01 4333.09 4335.88 4339.01 4342.96 4347.69 4353.21 4359.56 4365.68 4371.62 4376.69 4380.38 4384.82 4388.59 4391.27 4393.4 4395.25 4397.01 4398.89 4400.68 4402.76 4405.29 4407.94 4412.36 4418.51 4425.37 4431.28 4435.64 4434.43 4432.3 4429.46 4427.57 4426.23 4424.45 4420.1 4413.8 4407.7 4403.94 4400.84 4396.79 4393.33 4389.9 4388.44 4388.06 4387.35 4386.74 4386.71 4386.95 4387.15 4386.13 4381.11 4371.33
4321.45 4322.11 4322.9 4323.78 4324.57 4325.35 4326.01 4326.56 4326.93 4327.16 4327.22 4327.24 4327.05 4327.98 4329.46 4330.9 4332.66 4334.89 4337.73 4342.3 4347.68 4353.68 4360.32 4368.35 4376.18 4383.29 4389.4 4392.87 4395.68 4397.97 4399.96 4401.7 4403.45 4405.19 4407.01 4409.03 4412.27 4415.99 4420.96 4427.11 4434.46 4441.33 4446.52 4444.74 4440.24 4439.31 4436.93 4434.19 4430.68 4426.57 4421.15 4415.21 4409.39 4407.61 4404.26 4401.02 4398.2 4396.63 4396.26 4395.5 4394.56 4394.11 4394 4393.74 4392.5 4386.89 4377.42
4321.43 4322.14 4322.94 4323.78 4324.58 4325.46 4326.25 4327.02 4327.55 4327.9 4328.01 4328.21 4329.38 4330.18 4329.96 4331.02 4332.48 4334.35 4337.49 4341.61 4347.49 4354.5 4361.95 4371.42 4380.65 4389.39 4396.68 4400.04 4402.23 4404.23 4406.05 4407.88 4409.66 4411.4 4413.25 4415.69 4419.1 4423.38 4428.77 4433.99 4440.82 4447.12 4452.23 4452.68 4452.22 4449.18 4444.91 4439.97 4435.32 4431.38 4426.99 4422.73 4420.39 4415.15 4411.08 4408.37 4406.71 4404.57 4402.62 4401.83 4401.06 4400.31 4399.62 4398.58 4396.4 4390.01 4381.39
4321.55 4322.28 4323.04 4323.86 4324.73 4325.73 4326.64 4327.43 4328.2 4328.79 4329.17 4329.53 4329.22 4329 4330.1 4331.57 4332.75 4333.96 4336.04 4340.14 4346.8 4355.41 4365.22 4374.18 4384.38 4394.48 4402.04 4405.65 4407.78 4409.63 4411.59 4413.52 4415.31 4417.22 4419.11 4421.66 4425.06 4429.63 4435.06 4440.99 4445.54 4450.35 4454.44 4457.96 4459.81 4457.35 4451.81 4445.89 4441.02 4436.66 4432.57 4429.26 4425.58 4420.18 4416.31 4413.8 4412.17 4410.81 4410 4408.02 4406.54 4405.34 4404.03 4402.08 4398.04 4390.91 4382.35
4321.77 4321.85 4322.86 4323.87 4324.95 4326.16 4327.19 4328.29 4329.39 4330.26 4330.94 4331.35 4330.29 4328.72 4331.57 4333.46 4333.93 4334.09 4335.25 4338.61 4345.16 4353.85 4364.21 4374.94 4386.51 4398.15 4406.6 4409.61 4411.7 4413.68 4416.02 4418.38 4420.79 4423.14 4424.67 4426.88 4430.47 4433.3 4439.85 4443.87 4448.72 4453.25 4457.06 4461.01 4464.42 4463.08 4457.43 4450.88 4446.76 4442.76 4438.45 4434.49 4430.86 4422.9 4420.06 4418.26 4416.59 4415.37 4414.33 4412.51 4410.71 4409.25 4407.67 4405.41 4401.32 4392.6 4383.42
4321.79 4322.67 4323.1 4323.96 4325.06 4326.4 4327.83 4329.17 4330.68 4332.18 4333.81 4335 4335.51 4334.88 4337.53 4337.51 4336.27 4334.93 4334.68 4336.85 4343.26 4351.12 4361.55 4374.18 4386.61 4398.58 4407.15 4410.94 4413.7 4416.39 4419.33 4422.32 4425.65 4429.09 4432.39 4434.94 4437.52 4440.33 4444.48 4448.06 4450.34 4453.14 4457.45 4461.76 4465.11 4465.18 4461.85 4457.62 4453.21 4449.18 4444.71 4437.79 4431.28 4425.36 4423.25 4422.29 4420.99 4418.51 4416.57 4414.99 4413.52 4412.1 4410.52 4408.25 4404.05 4395.52 4387.52
4321 4321.64 4322.59 4323.73 4325.11 4326.65 4328.27 4329.95 4331.9 4334.06 4336.76 4339.57 4343.08 4347.93 4346.36 4342.59 4339.11 4336.41 4334.87 4336.12 4342.22 4350.79 4361.26 4373.15 4385.32 4396.71 4405.06 4410.21 4414.12 4417.63 4421.35 4425.13 4429.34 4434.06 4439.53 4442.33 4443.97 4446.26 4448.7 4449.66 4450.78 4452.46 4456.41 4461.18 4464.9 4466.51 4464.41 4462.15 4458.02 4454.26 4450.5 4440.85 4431.21 4428.12 4426.04 4425 4423.32 4420.29 4417.93 4416.64 4415.58 4414.3 4412.65 4410.2 4405.67 4397.95 4389.93
4320.11 4320.14 4321.95 4323.51 4325.05 4326.64 4328.55 4330.47 4333.01 4335.69 4338.81 4342.67 4347.34 4352.21 4351.08 4346.16 4341.37 4337.62 4335.36 4335.78 4341.74 4350.6 4360.81 4371.92 4383.25 4394.02 4402.4 4408.41 4413.35 4417.77 4422.1 4426.51 4431.15 4436.22 4442.11 4444.73 4446.1 4447.01 4446.11 4447.85 4450.41 4453.35 4456.59 4460.34 4463.58 4465.16 4465.15 4463.78 4460.67 4456.74 4451.73 4445.55 4437.67 4430.57 4428.39 4427.89 4425.6 4421.56 4418.61 4418.28 4417.44 4416 4414.12 4411.5 4406.84 4399.96 4393.35
4320.16 4320.84 4321.98 4323.3 4324.84 4326.56 4328.5 4330.71 4333.1 4335.98 4339.37 4343.45 4348.04 4352.37 4352.16 4347.3 4342.3 4338.28 4335.88 4336.05 4341.48 4350.03 4359.92 4370.39 4380.93 4390.76 4399.25 4406.13 4411.95 4417.1 4421.88 4426.6 4431.2 4435.57 4438.96 4442.33 4444.26 4445.64 4444.53 4446.33 4449.86 4453.24 4455.79 4459.49 4462.84 4464.31 4465.89 4464.94 4462.42 4458.19 4452.53 4447.61 4441.02 4433.02 4430.62 4429.78 4427.97 4424.63 4422.08 4421.06 4419.54 4417.59 4415.22 4412.53 4407.92 4401.52 4395.2
4320.49 4321.49 4322 4323.08 4324.48 4326.08 4327.91 4330.06 4332.49 4335.25 4338.47 4342.1 4346.01 4349.75 4349.9 4345.78 4341.62 4338.14 4336.2 4336.44 4341.45 4349.78 4359 4368.85 4378.79 4388.45 4396.63 4403.71 4410.09 4415.83 4421.23 4426 4430.45 4434.42 4437.96 4439.77 4440.97 4445.51 4450.03 4448.99 4450.18 4451.18 4453.71 4459.52 4463.72 4466.47 4468.36 4467.14 4464.35 4460.12 4455.12 4448.81 4443.1 4438.64 4434.66 4430.76 4430.31 4429.75 4427.68 4425.11 4422.24 4419.27 4416.08 4412.74 4408.49 4403.2 4397.46
4319.82 4320.93 4321.46 4322.63 4323.94 4325.43 4327.19 4329.13 4331.31 4333.89 4336.59 4339.46 4342.28 4344.21 4344 4342.39 4339.49 4337.09 4336.19 4337.36 4341.94 4349.23 4358.22 4367.47 4376.64 4385.68 4394.06 4401.55 4408.39 4414.57 4420.18 4425.18 4429.51 4433.05 4435.75 4438.44 4440.32 4446.94 4453.46 4452.67 4452.39 4452.98 4457.71 4461.18 4465.13 4469.68 4471.63 4469.86 4466.02 4462.15 4457.56 4451.27 4448.47 4445 4440.46 4436.57 4435.6 4435.77 4433.21 4429.23 4425.1 4421.06 4416.96 4412.68 4409.43 4405.79 4401.53
4318.22 4319.29 4320.66 4322.02 4323.3 4324.73 4326.19 4327.83 4329.77 4331.74 4333.65 4335.72 4337.69 4339.38 4340.29 4338.57 4336.47 4335.35 4335.5 4337.6 4342.45 4349.85 4358.05 4366.52 4374.85 4383.16 4391.83 4399.69 4406.91 4413.48 4419.34 4424.65 4429.18 4432.71 4435.73 4439.08 4441.53 4448.17 4453.52 4454.29 4455.56 4457.9 4460.55 4462.21 4464.69 4467.58 4469.67 4468.74 4465.97 4463.47 4461.16 4458.27 4454.1 4448.27 4443.27 4440.89 4440.6 4440.82 4437.47 4432.75 4427.91 4422.96 4418.16 4414.56 4411.52 4409.1 4406.09
4318 4318.86 4319.87 4321.19 4322.36 4323.52 4324.69 4326.15 4327.51 4328.89 4330.08 4331.34 4332.4 4333.27 4334.07 4332.89 4332.4 4332.8 4334.17 4336.85 4342.11 4350.57 4358.1 4366.04 4374 4382 4390.42 4398.3 4405.71 4412.5 4418.89 4424.74 4429.82 4433.89 4437.74 4442.27 4445.71 4449.3 4452.52 4454.78 4456.63 4458.85 4460.04 4461.57 4462.36 4462.78 4463.47 4464.08 4463.65 4463.35 4463.75 4463.85 4458.17 4452.21 4448.25 4445.55 4444.31 4443.11 4440.24 4435.86 4430.68 4425.16 4419.44 4414.47 4414.04 4413.11 4410.34
4317.37 4318.34 4319.12 4320.09 4320.98 4321.94 4322.78 4323.77 4324.74 4325.7 4326.35 4326.84 4326.94 4326.5 4325.02 4326.19 4328.03 4330.13 4332.71 4336.5 4342.79 4350.8 4357.94 4365.79 4373.94 4381.86 4389.59 4397.1 4404.63 4411.63 4418.53 4425.07 4431.02 4436.76 4441.75 4446.25 4450.15 4450.4 4451.42 4452.85 4455.72 4458.49 4460.69 4460.19 4459.43 4458.26 4457.48 4458.87 4459.73 4460.83 4462.61 4463.92 4459.01 4453.92 4450.86 4449.43 4448 4445.07 4443.21 4439.08 4433.81 4428.16 4422.46 4417.74 4418.2 4418.24 4415.95
4318 4318.06 4318.53 4319.17 4319.79 4320.42 4320.93 4321.71 4322.29 4322.73 4323.07 4322.88 4322.41 4321.53 4320.63 4321.94 4324.57 4327.76 4331.3 4335.58 4341.35 4349.94 4357.09 4365.01 4373.67 4381.5 4388.45 4395.81 4403.32 4410.93 4418.21 4425.21 4431.83 4438.19 4443.88 4448.56 4451.14 4451.59 4451.96 4453.05 4455.64 4457.33 4457.92 4457.48 4456.37 4454.84 4453.33 4454.19 4454.96 4456.08 4457.64 4460.66 4456.75 4451.61 4448.06 4451.48 4452.77 4451.79 4447.81 4442.82 4437.26 4431.81 4427.12 4424.47 4423.64 4423.77 4422.96
4315.7 4317.09 4317.89 4318.49 4318.96 4319.42 4319.62 4319.94 4320.21 4320 4319.76 4319.35 4318.74 4318.12 4317.77 4319.12 4322.23 4326.03 4330.34 4335.13 4340.52 4348.61 4355.61 4363.18 4371.05 4379.04 4386.5 4394.16 4401.92 4409.67 4417.4 4424.98 4431.84 4437.93 4443.69 4449.11 4451.95 4450.85 4451.58 4453.92 4454.73 4455.01 4454.97 4454.56 4453.58 4452.42 4449.62 4449.23 4449.87 4450.29 4450.97 4452.94 4450.45 4447.85 4448.66 4453.16 4456.8 4457.29 4451.87 4445.95 4440.18 4434.95 4430.73 4428.35 4428.18 4428.28 4425.65
4316.74 4317.05 4317.46 4317.67 4317.93 4318.14 4318.28 4318.28 4318.26 4317.8 4317.55 4316.97 4316.35 4315.94 4315.95 4317.61 4320.8 4324.99 4329.86 4335.34 4341.42 4347.7 4353.98 4361.03 4368.16 4376.06 4384.11 4392.11 4400.19 4408.21 4416.34 4424.16 4431.41 4437.69 4441.99 4445.18 4447.01 4447.86 4448.68 4450.85 4452.86 4452.86 4452.81 4452.3 4450.87 4449.8 4446.53 4445.57 4446 4445.16 4443.29 4442.73 4442.15 4442.17 4444.15 4449.76 4456.63 4458.35 4453.18 4447.53 4441.98 4436.9 4433.31 4431.54 4431.23 4431.89 4431.38
4317.42 4317.2 4317.1 4317.08 4317.29 4317.29 4317.27 4316.89 4316.73 4316.2 4315.85 4315.33 4314.68 4314.37 4314.69 4316.36 4319.65 4324.25 4329.59 4335.39 4341.33 4346.54 4352.29 4358.97 4366.21 4373.67 4381.59 4389.7 4398.15 4406.49 4414.93 4423.27 4430.84 4436.06 4439.17 4439.38 4439.54 4440.59 4442.61 4445.58 4448.47 4448.86 4448.76 4448.46 4447.66 4447.27 4446.21 4444.89 4444.21 4442.51 4440.3 4438.34 4436.15 4435.53 4438.18 4444.62 4451.69 4454.29 4451.72 4447.42 4442.52 4437.63 4432.94 4431.82 4432.51 4433.1 4431.52
4317.8 4317.01 4316.68 4316.58 4316.37 4316.33 4316.31 4316.03 4315.72 4315.33 4314.95 4314.44 4313.86 4313.5 4313.52 4314.55 4318.72 4323.9 4329.39 4335.02 4340.22 4344.89 4350.75 4356.69 4363.28 4370.86 4378.96 4387.25 4395.76 4404.32 4412.97 4421.47 4430.09 4437.28 4437.1 4435.13 4433.15 4432 4435.61 4439.44 4443.38 4443.66 4443.22 4443.3 4443.93 4445.28 4445.95 4445.6 4444.29 4441.88 4438.08 4432.63 4427.97 4429.21 4431.66 4439.02 4446.56 4449.78 4449.12 4446.38 4442.77 4438.62 4434.07 4432.86 4432.9 4432.67 4430.48
4316.16 4316.03 4316.07 4315.88 4315.9 4315.81 4315.65 4315.6 4315.32 4314.94 4314.25 4313.84 4313.44 4313.36 4313.66 4314.96 4318.95 4324.18 4329.66 4335.33 4340.34 4345.35 4349.7 4354.51 4360.51 4368.03 4376.29 4384.65 4393.2 4401.69 4410.08 4418.3 4426.72 4433.52 4434.63 4432.9 4430.14 4428.29 4430.39 4432.75 4435.82 4437.99 4437.76 4436.13 4441.34 4444.98 4447.25 4447.56 4445.76 4442.57 4438.06 4431.74 4426.71 4426.52 4428.89 4436.39 4443.3 4446.42 4446.54 4445.01 4442.69 4440.15 4437.27 4434.71 4432.85 4431.02 4428.04
4313.82 4314.89 4315.32 4315.65 4315.74 4315.2 4314.98 4314.82 4314.63 4314.54 4314.25 4314.02 4313.9 4313.95 4314.76 4316.67 4320.13 4324.88 4330.26 4336.13 4341.54 4345.27 4348.63 4352.34 4357.77 4365.38 4373.64 4382.14 4390.63 4398.81 4406.71 4413.97 4420.48 4426.46 4431.49 4433.82 4429.45 4426.74 4427.55 4428.91 4431.23 4434.45 4435.85 4437.34 4442.56 4448.24 4450.74 4450.57 4448.13 4444.71 4440.15 4433.86 4428.64 4427.51 4430.22 4436.91 4441.9 4444.04 4444.15 4443.19 4441.8 4440.71 4439.9 4435.18 4431.52 4428.68 4425.58
4313.1 4314.09 4314.53 4314.85 4314.92 4314.98 4314.83 4314.89 4314.72 4314.69 4314.63 4314.74 4314.77 4315.1 4315.99 4317.64 4320.81 4325.68 4330.88 4336.09 4340.74 4344.68 4347.5 4350.49 4355.52 4363.2 4371.45 4379.91 4388.3 4396.37 4403.81 4410.18 4414.87 4420.54 4427.93 4431.92 4428.19 4425.76 4426.19 4428.34 4430.97 4433.09 4436.1 4440.24 4445.9 4451.48 4453.5 4452.75 4450.53 4447.2 4443.2 4436.73 4430.65 4429.91 4432.21 4436.76 4441.48 4441.46 4441.33 4440.68 4439.51 4438.28 4436.6 4432.73 4428.61 4424.74 4421.94
4313.82 4314.21 4314.44 4314.94 4314.73 4315 4315.03 4314.99 4314.98 4315.09 4315.29 4315.57 4315.79 4316.5 4317.5 4318.79 4322.02 4326.99 4331.95 4336.81 4340.82 4344.1 4346.96 4349.84 4354.71 4361.85 4369.85 4378.16 4386.42 4394.37 4401.74 4408.16 4413.46 4418.85 4424.48 4427.65 4426.3 4424.9 4424.76 4425.29 4427.49 4430.95 4436.01 4442.74 4449.03 4454.21 4455.72 4455.02 4452.63 4448.89 4445.43 4439.08 4434.59 4431.29 4431.25 4434.4 4436.31 4437.29 4437.66 4437.58 4436.63 4434.59 4431.76 4429.08 4425.2 4420.81 4418.32
4313.88 4314.45 4314.64 4314.79 4314.84 4315.02 4315.12 4315.29 4315.82 4316.14 4316.33 4316.9 4317.52 4318.49 4319.67 4321.49 4324.57 4329 4333.52 4337.95 4341.5 4344.68 4346.98 4349.31 4354.15 4360.91 4368.55 4376.57 4384.74 4392.73 4400.27 4407.31 4413.65 4418.39 4421.71 4423.64 4424.59 4424.29 4423.99 4423.54 4425.41 4429.18 4434.26 4441.1 4448.31 4454.94 4456.46 4456.76 4454.04 4449.4 4444.61 4439.28 4434.12 4429.19 4427.59 4429.32 4430.48 4432.13 4433.69 4434.71 4434.29 4432 4429.33 4426.44 4422.41 4418.29 4415.09
