real_craters/C166-750m.grd
DSAA
162 162
-60.55 60.55
-60.55 60.55
7051.6759817858 10477.91526993
[rows 72 to 107 of 162, columns 80 to 159 of 162]
7420 7432 7439 7453 7465 7485 7534 7585 7627 7615 7609 7641 7703 7785 7888 7946 8005 8035 8058 8227 8538 8861 9052 8945 8710 8685 8682 8635 8627 8632 8671 8595 8560 8532 8510 8487 8465 8448 8437 8433 8433 8429 8405 8390 8380 8371 8370 8379 8389 8371 8353 8338 8334 8330 8326 8328 8323 8318 8313 8320 8325 8329 8328 8318 8322 8327 8330 8333 8336 8341 8345 8346 8348 8350 8356 8370 8408 8432 8421 8400
7416 7422 7436 7443 7449 7460 7499 7535 7561 7572 7584 7615 7674 7745 7829 8000 8021 8036 8045 8160 8423 8720 8993 8944 8740 8700 8692 8663 8621 8597 8591 8528 8530 8521 8503 8483 8466 8449 8435 8423 8414 8409 8398 8386 8375 8366 8360 8364 8373 8366 8353 8345 8333 8325 8321 8316 8314 8308 8308 8315 8322 8327 8325 8322 8320 8324 8325 8332 8340 8347 8346 8345 8346 8349 8354 8366 8410 8434 8424 8408
7384 7407 7428 7439 7445 7452 7472 7499 7524 7544 7570 7602 7652 7701 7754 7897 7996 8048 8063 8124 8315 8584 8931 8945 8785 8719 8712 8655 8616 8589 8550 8536 8527 8516 8502 8485 8468 8448 8431 8417 8411 8404 8391 8381 8371 8363 8348 8353 8353 8354 8346 8335 8329 8322 8314 8308 8307 8306 8307 8314 8321 8330 8338 8324 8327 8329 8330 8334 8344 8345 8344 8344 8346 8348 8353 8364 8394 8416 8418 8411
7369 7397 7420 7439 7444 7447 7462 7482 7504 7527 7561 7632 7644 7664 7727 7838 7955 8061 8169 8119 8230 8428 8842 8959 8774 8701 8716 8669 8598 8566 8537 8517 8523 8514 8500 8482 8463 8445 8428 8416 8400 8388 8382 8375 8365 8355 8346 8346 8346 8345 8343 8340 8333 8323 8314 8312 8311 8312 8312 8315 8318 8321 8319 8319 8335 8341 8334 8334 8335 8336 8339 8341 8345 8350 8356 8365 8391 8405 8411 8414
7319 7384 7429 7446 7450 7451 7457 7470 7486 7503 7536 7572 7590 7616 7659 7766 7908 8043 8124 8197 8211 8326 8673 8851 8712 8650 8674 8644 8583 8563 8540 8520 8525 8513 8497 8478 8459 8440 8423 8407 8392 8388 8378 8369 8358 8348 8343 8342 8342 8340 8339 8342 8336 8319 8312 8309 8316 8318 8315 8315 8317 8317 8316 8321 8336 8347 8345 8335 8331 8334 8332 8337 8343 8351 8363 8374 8378 8393 8404 8411
7271 7344 7443 7438 7453 7467 7460 7462 7465 7479 7503 7512 7538 7578 7639 7745 7883 8029 8158 8210 8222 8325 8609 8805 8727 8664 8663 8633 8581 8556 8541 8525 8528 8509 8492 8474 8455 8436 8417 8398 8384 8388 8374 8362 8351 8341 8331 8330 8331 8332 8332 8327 8317 8311 8310 8321 8319 8312 8313 8314 8316 8318 8321 8336 8338 8338 8335 8330 8325 8318 8325 8333 8341 8350 8362 8374 8370 8386 8398 8406
7180 7200 7307 7386 7443 7486 7472 7463 7456 7464 7487 7499 7519 7548 7600 7667 7782 7977 8151 8254 8208 8364 8705 8872 8815 8746 8688 8623 8586 8570 8534 8505 8507 8497 8483 8468 8452 8435 8414 8391 8380 8375 8370 8359 8346 8333 8325 8320 8323 8326 8327 8323 8318 8316 8315 8319 8310 8303 8307 8313 8319 8323 8327 8330 8332 8332 8325 8323 8319 8317 8322 8330 8337 8344 8350 8363 8380 8388 8396 8403
7101 7134 7222 7334 7426 7493 7490 7473 7465 7465 7475 7486 7504 7528 7563 7606 7718 7917 8074 8148 8188 8391 8850 8930 8884 8839 8705 8609 8576 8540 8520 8491 8476 8476 8469 8460 8448 8435 8422 8404 8396 8380 8372 8359 8342 8327 8322 8319 8320 8322 8324 8326 8328 8315 8311 8307 8302 8302 8306 8313 8321 8329 8339 8337 8328 8329 8327 8322 8317 8315 8326 8329 8335 8341 8346 8362 8386 8392 8396 8399
7057 7052 7178 7305 7414 7501 7517 7483 7464 7460 7464 7479 7502 7520 7554 7598 7706 7966 8109 8134 8187 8412 8828 8929 8871 8758 8694 8615 8562 8553 8518 8487 8469 8464 8460 8454 8446 8437 8428 8414 8424 8402 8379 8363 8346 8326 8317 8314 8317 8320 8322 8324 8320 8313 8308 8308 8307 8299 8304 8312 8322 8333 8343 8342 8333 8328 8325 8322 8318 8317 8322 8327 8334 8341 8354 8374 8390 8394 8395 8395
7101 7111 7215 7330 7425 7505 7514 7484 7465 7462 7464 7480 7500 7521 7566 7629 7734 8005 8139 8143 8187 8442 8838 8911 8854 8758 8709 8657 8603 8563 8521 8487 8467 8457 8454 8451 8447 8443 8437 8433 8429 8400 8387 8373 8358 8339 8323 8318 8321 8324 8324 8323 8321 8307 8307 8311 8314 8309 8304 8312 8321 8331 8339 8339 8338 8335 8329 8323 8319 8316 8318 8326 8334 8341 8348 8366 8383 8388 8392 8394
7146 7195 7314 7404 7471 7511 7508 7480 7461 7463 7479 7489 7511 7536 7603 7713 7881 8172 8215 8164 8191 8468 8836 8888 8853 8787 8749 8687 8587 8548 8516 8485 8457 8450 8452 8451 8450 8448 8447 8440 8425 8416 8393 8382 8375 8375 8347 8331 8330 8328 8326 8321 8314 8308 8307 8310 8315 8301 8304 8311 8320 8327 8332 8338 8342 8340 8329 8324 8321 8321 8323 8328 8336 8343 8347 8354 8366 8378 8386 8395
7320 7382 7469 7484 7505 7522 7518 7474 7447 7455 7475 7490 7521 7555 7647 7790 7968 8212 8219 8169 8191 8444 8762 8843 8844 8831 8782 8712 8609 8547 8520 8490 8467 8456 8454 8454 8453 8454 8449 8429 8417 8402 8394 8385 8378 8372 8359 8353 8344 8337 8329 8321 8312 8306 8306 8304 8295 8302 8306 8314 8320 8327 8330 8331 8334 8331 8329 8324 8321 8320 8317 8330 8339 8350 8361 8363 8365 8372 8379 8388
7457 7546 7560 7539 7531 7525 7515 7468 7437 7450 7464 7486 7523 7570 7677 7829 8017 8118 8140 8146 8239 8448 8711 8809 8825 8801 8756 8700 8655 8584 8540 8506 8478 8460 8458 8457 8457 8454 8442 8433 8436 8415 8400 8388 8376 8362 8359 8361 8355 8344 8332 8322 8313 8309 8306 8304 8308 8309 8312 8321 8327 8331 8332 8331 8330 8321 8320 8320 8319 8318 8328 8333 8341 8351 8361 8360 8362 8365 8370 8373
7464 7517 7544 7544 7529 7508 7486 7464 7454 7455 7467 7488 7537 7576 7690 7823 7942 7965 8063 8136 8274 8533 8749 8817 8819 8790 8747 8682 8643 8611 8569 8524 8482 8465 8462 8461 8459 8459 8455 8443 8442 8425 8403 8389 8377 8362 8355 8357 8356 8344 8332 8321 8312 8310 8308 8306 8306 8319 8324 8330 8334 8338 8341 8342 8336 8326 8320 8321 8320 8320 8325 8334 8342 8347 8353 8356 8355 8359 8364 8367
7475 7500 7536 7527 7509 7489 7467 7460 7464 7470 7480 7501 7544 7618 7704 7819 7908 7969 8054 8167 8370 8661 8828 8851 8833 8799 8752 8698 8668 8643 8600 8548 8498 8474 8468 8463 8458 8455 8443 8430 8427 8425 8407 8387 8376 8369 8355 8354 8350 8340 8330 8321 8315 8314 8310 8307 8307 8324 8336 8338 8342 8347 8351 8357 8354 8345 8332 8326 8325 8325 8328 8339 8347 8346 8339 8340 8347 8355 8363 8372
7496 7506 7516 7506 7492 7476 7460 7460 7468 7478 7490 7508 7539 7596 7723 7845 7957 8029 8103 8239 8488 8830 8914 8892 8847 8792 8737 8691 8680 8675 8630 8575 8523 8494 8476 8462 8452 8447 8436 8427 8409 8401 8385 8378 8366 8361 8362 8348 8339 8331 8324 8319 8314 8314 8312 8309 8312 8321 8338 8339 8344 8350 8359 8361 8357 8348 8342 8335 8333 8334 8339 8355 8358 8355 8347 8337 8345 8355 8365 8375
7474 7490 7485 7482 7476 7468 7462 7458 7469 7486 7504 7523 7567 7642 7763 7890 7979 8050 8164 8341 8657 8984 8954 8893 8830 8767 8709 8670 8659 8688 8646 8597 8553 8517 8485 8461 8441 8420 8403 8386 8385 8382 8376 8374 8374 8374 8356 8326 8322 8321 8317 8314 8311 8314 8310 8308 8308 8315 8318 8334 8344 8351 8355 8357 8354 8355 8345 8339 8340 8345 8356 8382 8370 8361 8349 8343 8346 8357 8369 8375
7453 7463 7464 7466 7467 7464 7461 7460 7473 7496 7525 7568 7599 7668 7836 7963 8065 8094 8239 8470 8815 8958 8931 8870 8806 8737 8686 8640 8626 8640 8638 8606 8568 8523 8490 8461 8434 8412 8403 8390 8376 8373 8378 8372 8367 8355 8334 8315 8313 8314 8312 8310 8309 8306 8305 8306 8307 8309 8321 8336 8353 8360 8356 8361 8406 8387 8357 8347 8344 8353 8368 8381 8368 8350 8337 8333 8346 8361 8377 8388
7444 7451 7456 7461 7464 7464 7461 7459 7478 7505 7543 7598 7683 7859 7951 8046 8146 8171 8338 8555 8845 8928 8867 8802 8747 8698 8654 8616 8605 8624 8633 8609 8576 8535 8496 8463 8433 8410 8408 8400 8377 8358 8361 8366 8363 8354 8335 8316 8308 8310 8310 8306 8300 8302 8304 8307 8311 8317 8320 8339 8357 8367 8361 8306 8219 8274 8354 8351 8354 8358 8371 8357 8363 8360 8347 8341 8352 8369 8388 8409
7442 7451 7456 7462 7467 7469 7468 7468 7493 7520 7552 7607 7761 7912 8031 8122 8216 8343 8522 8726 8931 8917 8803 8747 8704 8667 8635 8601 8598 8618 8630 8609 8582 8550 8499 8469 8441 8416 8409 8392 8385 8372 8366 8369 8368 8354 8334 8315 8307 8313 8312 8309 8305 8305 8306 8309 8316 8327 8333 8343 8356 8367 8359 8287 8182 8296 8365 8347 8353 8362 8357 8353 8375 8388 8354 8345 8360 8377 8395 8416
7446 7453 7459 7469 7478 7483 7488 7507 7521 7550 7586 7639 7941 8047 8111 8210 8309 8470 8684 8898 8972 8760 8713 8686 8658 8632 8616 8603 8595 8602 8615 8603 8580 8545 8508 8477 8455 8438 8422 8416 8398 8383 8378 8375 8375 8354 8330 8318 8315 8318 8316 8314 8312 8309 8307 8311 8315 8321 8337 8352 8359 8365 8357 8341 8392 8445 8397 8353 8360 8358 8356 8361 8389 8406 8377 8365 8373 8385 8395 8399
7478 7480 7479 7489 7500 7510 7509 7520 7555 7604 7667 7756 7998 8065 8159 8339 8490 8564 8754 8991 8928 8761 8676 8635 8611 8597 8590 8588 8588 8595 8603 8592 8578 8560 8510 8477 8459 8447 8432 8423 8413 8401 8389 8378 8364 8349 8336 8325 8317 8319 8320 8319 8317 8315 8313 8308 8316 8324 8338 8352 8353 8356 8355 8357 8378 8413 8403 8410 8383 8372 8371 8386 8387 8377 8384 8381 8387 8399 8407 8407
7493 7497 7497 7508 7530 7551 7552 7570 7622 7698 7770 7856 8017 8153 8299 8469 8599 8684 8839 8993 8955 8794 8658 8599 8575 8563 8553 8562 8576 8580 8579 8579 8570 8554 8502 8466 8451 8435 8443 8435 8426 8418 8410 8395 8370 8353 8343 8337 8328 8323 8325 8328 8327 8322 8316 8311 8326 8351 8368 8356 8350 8351 8353 8354 8364 8383 8385 8399 8389 8381 8379 8379 8373 8370 8379 8388 8400 8413 8428 8440
7511 7525 7531 7534 7583 7629 7665 7683 7724 7805 7899 7994 8155 8347 8502 8594 8672 8758 8840 8855 8864 8750 8611 8574 8552 8542 8537 8560 8572 8575 8577 8574 8560 8527 8451 8461 8462 8450 8444 8444 8438 8431 8421 8404 8381 8373 8364 8352 8342 8326 8331 8339 8339 8332 8322 8323 8340 8361 8363 8348 8347 8346 8350 8357 8371 8382 8371 8377 8383 8381 8377 8370 8371 8377 8380 8396 8413 8428 8440 8441
7553 7566 7578 7594 7652 7726 7768 7811 7839 7924 8031 8160 8382 8585 8750 8703 8715 8747 8724 8705 8672 8631 8571 8558 8546 8535 8532 8554 8573 8583 8589 8583 8565 8536 8501 8485 8475 8460 8454 8448 8446 8443 8436 8413 8397 8391 8380 8363 8349 8336 8340 8344 8347 8346 8344 8347 8355 8362 8363 8347 8350 8353 8359 8364 8372 8375 8364 8375 8384 8382 8374 8364 8380 8396 8390 8408 8426 8441 8446 8437
7623 7627 7614 7657 7727 7819 7957 7941 7975 8049 8190 8372 8671 8759 8733 8829 8810 8754 8685 8684 8661 8616 8584 8561 8545 8533 8529 8543 8574 8593 8606 8596 8583 8568 8549 8505 8481 8478 8461 8453 8450 8451 8455 8421 8392 8392 8385 8369 8352 8346 8358 8364 8363 8364 8365 8372 8371 8364 8352 8350 8360 8374 8373 8372 8371 8363 8365 8382 8393 8387 8379 8372 8381 8403 8415 8427 8442 8453 8457 8446
7729 7716 7696 7751 7823 7885 7913 7996 8002 8180 8332 8518 8830 8792 8750 8835 8832 8763 8697 8707 8674 8619 8587 8561 8544 8530 8518 8537 8573 8598 8610 8608 8606 8601 8575 8527 8506 8512 8477 8461 8450 8441 8428 8430 8406 8408 8392 8374 8359 8368 8391 8391 8379 8378 8392 8406 8383 8365 8352 8356 8365 8375 8381 8384 8383 8378 8367 8380 8395 8394 8388 8387 8393 8404 8425 8441 8454 8466 8471 8456
7891 7855 7813 7819 7944 8032 8073 8189 8288 8380 8491 8611 8702 8776 8860 8868 8812 8752 8713 8680 8644 8610 8583 8561 8544 8531 8528 8541 8570 8601 8629 8620 8621 8626 8629 8572 8527 8535 8514 8471 8447 8430 8413 8400 8399 8401 8391 8380 8375 8404 8401 8376 8373 8374 8382 8390 8377 8365 8357 8359 8365 8374 8385 8400 8398 8395 8381 8387 8397 8404 8401 8394 8393 8422 8442 8454 8464 8473 8479 8463
8097 8049 8040 8128 8166 8284 8415 8478 8578 8604 8685 8760 8892 8909 8877 8804 8765 8726 8691 8680 8643 8603 8570 8554 8542 8529 8523 8534 8556 8591 8618 8619 8624 8631 8632 8604 8556 8533 8495 8465 8443 8423 8405 8393 8383 8379 8382 8382 8381 8373 8378 8360 8362 8359 8353 8354 8361 8362 8358 8364 8370 8370 8382 8393 8397 8395 8394 8408 8425 8426 8422 8410 8411 8443 8452 8460 8467 8471 8476 8461
8323 8275 8231 8318 8346 8481 8599 8706 8724 8793 8870 8949 8994 8960 8843 8745 8721 8697 8672 8674 8638 8598 8565 8552 8541 8533 8527 8532 8548 8575 8604 8617 8618 8624 8626 8626 8591 8511 8471 8458 8441 8423 8404 8395 8384 8375 8381 8387 8394 8401 8395 8377 8362 8355 8343 8343 8360 8366 8371 8380 8379 8375 8378 8382 8392 8399 8406 8425 8444 8452 8450 8452 8437 8437 8453 8464 8465 8463 8453 8450
8559 8522 8486 8504 8589 8773 8854 8898 8978 8998 8983 9047 9043 9008 8826 8741 8694 8673 8643 8611 8610 8594 8577 8556 8543 8534 8525 8523 8525 8557 8581 8591 8607 8616 8623 8633 8605 8535 8493 8471 8449 8428 8406 8399 8390 8387 8393 8398 8406 8420 8402 8374 8369 8365 8367 8377 8375 8375 8377 8372 8364 8373 8379 8382 8394 8400 8409 8430 8453 8468 8468 8490 8482 8459 8465 8465 8462 8462 8452 8452
8782 8750 8782 8850 8891 9028 9038 8982 8959 8926 8939 8952 8934 8847 8756 8686 8671 8658 8638 8620 8601 8589 8578 8561 8543 8531 8529 8522 8519 8547 8581 8600 8604 8615 8625 8626 8622 8580 8530 8494 8465 8438 8416 8402 8403 8408 8406 8405 8404 8398 8392 8381 8378 8379 8378 8383 8385 8381 8376 8368 8360 8371 8391 8409 8417 8417 8411 8442 8476 8465 8416 8443 8567 8558 8475 8453 8466 8473 8476 8462
8960 8917 8932 8977 9054 9075 9050 8974 8881 8829 8864 8852 8833 8750 8701 8664 8656 8652 8629 8609 8593 8584 8575 8559 8542 8530 8537 8527 8524 8546 8575 8593 8602 8614 8630 8637 8632 8602 8558 8520 8487 8458 8432 8432 8418 8423 8413 8408 8401 8392 8386 8382 8388 8398 8406 8403 8396 8387 8379 8377 8370 8382 8402 8425 8449 8469 8481 8519 8530 8361 8246 8189 8224 8332 8369 8401 8454 8493 8497 8488
8998 8973 8968 8977 9031 9124 9031 8952 8898 8882 8837 8805 8780 8735 8686 8654 8652 8653 8626 8596 8589 8580 8569 8554 8544 8536 8531 8529 8530 8547 8570 8590 8600 8611 8620 8623 8635 8621 8576 8538 8503 8473 8447 8423 8417 8415 8415 8410 8403 8390 8370 8379 8393 8407 8422 8412 8399 8388 8382 8377 8391 8402 8415 8437 8477 8523 8582 8498 8240 8077 8032 7959 7951 8054 8196 8318 8438 8533 8563 8537
8996 8987 8970 8941 8899 8941 8941 8907 8873 8859 8809 8776 8754 8725 8694 8665 8651 8639 8612 8588 8584 8579 8570 8553 8546 8539 8536 8534 8537 8549 8567 8581 8599 8607 8613 8613 8616 8620 8586 8553 8518 8486 8461 8431 8416 8416 8420 8420 8416 8410 8405 8393 8399 8401 8395 8389 8380 8383 8389 8394 8399 8419 8442 8456 8467 8480 8445 8195 7986 7895 7926 7933 7913 7904 8052 8233 8416 8589 8653 8580
8957 8965 8972 8965 8878 8848 8862 8848 8825 8798 8811 8780 8745 8710 8688 8670 8647 8619 8597 8583 8583 8582 8579 8569 8549 8540 8542 8537 8535 8545 8570 8596 8602 8608 8613 8615 8618 8614 8595 8563 8528 8494 8464 8450 8429 8428 8432 8433 8435 8435 8431 8419 8409 8403 8395 8377 8368 8387 8400 8410 8412 8430 8461 8454 8420 8367 8261 8007 7873 7876 7914 7969 7956 7916 7989 8174 8372 8570 8651 8587
