real_craters/C166-1000m.grd
DSAA
70 70
-34.6 34.6
-34.6 34.6
2882.9458224614 5086.2249706398
[rows 30 to 59 of 70, columns 0 to 66 of 70]
4300.12 4302.48 4301.75 4296.93 4285.39 4281.67 4277.06 4266.54 4260.6 4259.89 4260.21 4256.56 4254.89 4280.6 4337.61 4387.48 4421.41 4467.65 4493.53 4769.7 4687.94 4596.87 4367.62 4017.33 3790.06 3595.42 3389.18 3172.34 3176.55 3266.33 3303.26 3234.48 3173.73 3166.52 3166.74 3155.69 3176.87 3269.75 3360.18 3291.42 3240.87 3207.79 3227.34 3397.06 3663.14 3934.3 4039.65 4313.29 4554.62 4653 4562.06 4414.62 4368.96 4338.35 4319.34 4308.16 4309.1 4309.63 4297.15 4321.84 4363.26 4368.66 4398.75 4375.71 4350.88 4333.79 4309.42
4299.42 4296.55 4288.58 4285.01 4280.53 4269.71 4258.64 4263.59 4266.13 4255.44 4254.93 4252.41 4246.3 4274.13 4333.46 4395.6 4456.62 4529.61 4635.31 4624.05 4630.79 4470.87 4289.63 4121.76 3813.33 3517.29 3279.98 3180.48 3143.86 3256.82 3302.72 3236.88 3202.93 3243.16 3269.53 3277.95 3280.19 3345 3338.55 3258.41 3137.79 3092.83 3163.21 3359.9 3607.94 3797.07 3915.73 4205.83 4470.25 4641.7 4614.86 4446.79 4372.53 4332.53 4320.53 4310.88 4304.46 4294.93 4300.96 4326.7 4366.58 4388.72 4409.55 4388.08 4360.38 4336.66 4311.16
4303.15 4293.63 4282.76 4275.22 4264.28 4253.74 4261.35 4260.16 4256.99 4245.59 4245.85 4240.93 4245.14 4272.01 4347.66 4433.1 4504.67 4618.17 4687.85 4628.16 4441.63 4351.36 4184.38 3979.06 3634.21 3436.77 3264.9 3185.52 3190.72 3220.66 3248.86 3258.51 3288.72 3382.9 3428.62 3452.08 3459.62 3432.35 3345.94 3233.36 3107.79 2969.51 3123.43 3321.18 3571.14 3782.97 3893.79 4181.16 4478.77 4631.44 4658.22 4468.71 4375.97 4316.6 4315.59 4309.1 4301.94 4303.39 4311.69 4325.91 4336.68 4404.41 4396.67 4389.06 4363.09 4337.64 4311.4
4289.58 4286.59 4277.4 4269.03 4260.58 4262.3 4265.73 4268.17 4261.16 4249.03 4244.35 4240.85 4238.05 4264.24 4362.02 4494.66 4593.02 4583.13 4608.73 4688.58 4560.09 4317.35 4058.48 3775.92 3530.98 3388.64 3278.88 3195.72 3165.74 3114.45 3169.06 3306.68 3489.35 3561.54 3619.94 3680.01 3703.01 3514.1 3345.36 3235.37 3133.95 3037.06 3048.76 3259.31 3515.84 3749.99 3902.56 4136.07 4394.64 4573.26 4776.48 4542.05 4342.57 4307.42 4308.97 4312.9 4314.96 4322.96 4306.09 4306.61 4357.12 4389.72 4388.58 4385.93 4370 4342.95 4320.09
4283 4277.94 4273.11 4267.63 4263.73 4268.77 4273.75 4279.35 4271.35 4256.35 4249.58 4243.38 4235.01 4238.5 4363.23 4499.53 4582.54 4619.52 4634.13 4798.49 4634.65 4337.21 3990.31 3644.98 3443.84 3358.36 3277.12 3227.33 3130.5 2990.63 3112.06 3309.39 3543.53 3698.87 3780.34 3869.42 3920.27 3684.91 3442.6 3252.41 3113.83 3068.99 3026.43 3203.53 3422.79 3634.64 3846.58 4064.06 4259.13 4603.93 4785.45 4455.72 4369.72 4337.8 4336.09 4322.58 4315.28 4309.39 4305.96 4321 4361.04 4374.47 4390.09 4375.56 4357.73 4343.43 4322.02
4288.7 4277.66 4273.43 4273.16 4277.38 4278.77 4273.24 4272.71 4280.59 4274.96 4257.7 4245.24 4236.69 4240.91 4357.33 4510.71 4585.49 4636.2 4637.12 4833.32 4675.84 4347.89 3987.49 3629.2 3382.72 3337.23 3295.15 3245.49 3129.42 3067.05 3152.56 3316.64 3583.74 3753.79 3835.22 3928.49 3992.03 3760.52 3471.61 3244.05 3080.96 2997.61 3060.86 3171.95 3339.03 3506.84 3746.22 4001.86 4230.41 4469.6 4633.95 4440.53 4387.55 4372.79 4344.17 4328.8 4317.7 4314.07 4299.86 4311.64 4350.75 4366.69 4356.51 4368.16 4362.19 4356.36 4332.88
4273.07 4272.16 4272.76 4274.75 4279.66 4280.33 4279.81 4283.07 4288.83 4280.06 4265.99 4252.18 4239.68 4241.31 4347.34 4504.14 4545.4 4658.67 4668.83 4792.11 4633.61 4356.82 4027.13 3709.73 3463.2 3323.54 3250.24 3184.42 3158.34 3186.94 3225.82 3331.68 3543.12 3698.32 3776.23 3845.37 3830.57 3570.96 3346.8 3180.86 3066.7 3096.52 3040.76 3155.3 3295.84 3465.05 3700.97 4009.43 4333.39 4669.08 4598.51 4455.74 4410.69 4408.01 4351.32 4330.19 4319.6 4322.61 4314.55 4323.18 4330.11 4352.66 4367.93 4369.63 4369.01 4355.73 4336.11
4257.91 4269.08 4273.25 4275.17 4274.85 4275.74 4280.66 4295.48 4294.17 4286.83 4274.96 4268.51 4263.57 4248.69 4322.06 4460.3 4547.73 4597.06 4839.21 4739.16 4612.05 4362.66 4076.71 3802.87 3563.83 3318.67 3206.83 3124.19 3142.93 3245.13 3269.49 3310.76 3440.25 3554.98 3638.27 3681.43 3551.39 3361.09 3213.09 3139.44 3072.06 3060.02 3057.18 3164.75 3289.66 3449.02 3681.19 4019.25 4407.83 4823.83 4724.79 4456.95 4383.22 4362.01 4348.36 4330.29 4316.4 4321.77 4327.53 4303.14 4307.16 4333.43 4349.1 4371.99 4374.16 4359.71 4340.28
4255.93 4265.8 4267.83 4270.51 4272.92 4275.28 4274.25 4280.15 4280.2 4281.69 4277.25 4272.46 4272.97 4265.71 4297.74 4394.62 4505.4 4596.97 4812.89 4778.52 4624.71 4403.43 4142.31 3875.9 3614.19 3351.95 3232.24 3119.92 3153.93 3251.68 3293.56 3316.11 3356.35 3401.36 3477.01 3513.24 3389.12 3226.53 3137.8 3121.5 3135.73 3127.31 3131.21 3222.1 3340.22 3461.28 3633.89 4023.89 4422.51 4736.32 4610.41 4450.31 4391.12 4352.84 4341.85 4326.15 4315.78 4310.09 4328.96 4313.2 4307.85 4331.51 4360.45 4393.63 4377.03 4359.55 4340.56
4253.89 4259.49 4261.32 4264.97 4269.45 4275.88 4272.35 4276.95 4277.84 4285.58 4297.08 4302.49 4311.13 4290.82 4284.48 4287.15 4412.36 4632.01 4776.49 4938.14 4704.59 4455.27 4202.08 3942.53 3683.33 3492.18 3335.2 3222.4 3141.11 3213.96 3301.43 3359.06 3322.67 3309.94 3307.76 3321.13 3207.79 3094.08 3078.9 3047.66 3131.96 3147.23 3156.03 3280.04 3434.72 3574.12 3733.73 4089.05 4446.19 4610 4567.59 4440.51 4388.34 4348.26 4318.62 4316.21 4322.33 4324.97 4325.51 4314.5 4307.23 4331.6 4356.67 4367.66 4365.72 4353.82 4339.8
4240.59 4246.75 4254.32 4257.02 4260.31 4260.11 4269.4 4270.44 4276.69 4291.1 4307.81 4310.2 4296.06 4279.47 4268.13 4280.6 4307.25 4505.41 4676.02 4861.85 4705.4 4476.02 4242.86 4017.53 3796.74 3594.99 3464.48 3335.9 3215.25 3221.54 3293.93 3322.43 3243.14 3157.26 3116.71 3070.74 3007.02 2952.97 2990.67 3054.75 3122.29 3170.66 3216.12 3317.7 3492.87 3669.01 3842.92 4225.61 4596.28 4566.89 4485.15 4424.8 4383.09 4343.89 4321.86 4319.64 4330.58 4342.65 4317.52 4309.61 4313.01 4324.69 4348.67 4357.07 4346.41 4336.45 4330.7
4239.57 4246.29 4250.67 4252.22 4250.81 4250.89 4269.34 4273.03 4282.92 4292.45 4295.26 4303.03 4300.09 4283.68 4279.73 4287.02 4291.48 4353.03 4488.15 4631.47 4602.29 4461.45 4289.24 4111.22 3958.78 3809.25 3612.8 3436.44 3302.32 3279.59 3274.79 3235.57 3168.86 3049.28 2994.17 2896.08 2882.95 2926.76 2986.64 3106.9 3186.01 3243.8 3287.2 3342.07 3406.39 3672.11 3992.01 4404.54 4829.77 4603.46 4432.32 4403.56 4361.79 4329.64 4312.83 4320.55 4326.29 4324.83 4309.17 4305.67 4298.24 4326.72 4342.87 4347.26 4334.43 4334.96 4340.48
4244.73 4258.22 4251.82 4249.53 4248.41 4246.43 4265.67 4281.83 4295.82 4292.21 4293.52 4303.76 4315.04 4308.23 4300.9 4296.39 4302.68 4334.07 4405.19 4498.22 4487.49 4425.79 4324.92 4205.54 4089.14 3948.92 3759.73 3578.44 3418 3378.09 3322.33 3235.55 3176.73 3079.97 3015.71 2941.89 2909.29 2943.26 3060.14 3164.88 3254.3 3307.86 3301.07 3429.91 3583.4 3833.43 4174.13 4475.98 4654.54 4528.9 4384.03 4358.48 4341.79 4321.92 4314.84 4320.77 4321.05 4302.01 4279.89 4287.6 4311.22 4322.89 4330.8 4336.95 4326.84 4330.2 4338.5
4251.41 4248.31 4249.15 4249.74 4249.04 4249.21 4258.63 4260.55 4263.72 4282.96 4305.46 4306.79 4313.45 4319.22 4309.28 4299.4 4305.42 4330.5 4382.06 4416.37 4414.35 4392.39 4351.03 4294.56 4202.02 4038.48 3904.37 3783.26 3637.58 3455.78 3366.29 3302.94 3259.36 3219.8 3118.3 3059.73 3004.54 3027.33 3139.07 3201.52 3310.4 3405.63 3567.64 3593.32 3732.29 4042.18 4382.75 4574.76 4551.87 4445.03 4362.45 4351.71 4324.75 4312.52 4295.26 4300.03 4304.38 4294.04 4281.51 4284.74 4307.46 4303.87 4317.75 4336.4 4347.31 4331.55 4308.13
4267.49 4250.22 4255.2 4255.68 4257.22 4255.4 4258.77 4257.8 4260.87 4272.59 4284.81 4297.62 4308.16 4304.13 4307.64 4302.38 4297.64 4305.59 4322.23 4349.87 4390.56 4421.63 4436.09 4427.26 4392.94 4285.75 4075.8 3973.37 3879.99 3613.07 3454.07 3407.21 3359.98 3300.27 3181.97 3069.09 3129.56 3202.83 3315.06 3374.64 3497.92 3608.95 3705.68 3740.19 3901.85 4214.66 4544.61 4681.06 4494.77 4393.64 4340.87 4349.24 4336.3 4310.93 4291.29 4306.55 4286.86 4281.57 4277.44 4287.46 4303.44 4307.51 4316.72 4341.87 4340 4315.85 4283.71
4279.78 4274.95 4263.45 4261.63 4265.45 4272.55 4279.94 4274.37 4276.08 4275.99 4275.74 4292.26 4301.27 4304.92 4294.66 4290.55 4278.4 4302.01 4291.47 4324.3 4389.62 4449.61 4500.37 4544.99 4572.01 4501.33 4237.12 4123.06 3991.96 3825.54 3629.47 3540.15 3501.63 3416.15 3325.58 3290.28 3339.03 3401.51 3538.16 3629.07 3674 3707.47 3727.64 3916.84 4150.6 4356.84 4514.4 4518.11 4420.31 4361.51 4331.72 4330.89 4329.51 4310.76 4301.88 4285.63 4288.02 4277.75 4296.57 4283.2 4289.68 4305.66 4309.06 4318.56 4320.84 4303.87 4274.56
4267.83 4257.89 4258.84 4264.38 4271.91 4281.7 4289.37 4286.38 4277.56 4289.15 4298.35 4296.97 4302.53 4301.66 4293.62 4287.3 4296.75 4302.08 4302.79 4337.24 4390.66 4456.1 4532.74 4615.58 4705.93 4718.43 4438.5 4250.8 4073.14 3928.74 3684.58 3717.36 3743.15 3749.18 3772.33 3721.8 3635.57 3614.35 3684.16 3716.03 3758.7 3849.91 3959.85 4231.33 4476.41 4465.77 4461.39 4418.75 4374.93 4336.43 4322.5 4331.62 4316.29 4298.5 4280.1 4273.33 4262.07 4254.82 4280.13 4270.29 4272.56 4301.05 4303.31 4319.91 4310.68 4303.09 4276.78
4253.79 4253.55 4259.4 4266.48 4272.73 4279.25 4278.83 4268.72 4270.4 4282.29 4296.79 4296.88 4304.21 4311.16 4283.01 4292.24 4290.51 4296.16 4308.76 4343.89 4392.56 4458.52 4529.74 4626.37 4734.78 4893.44 4760.59 4503.35 4310.64 4151.39 3972.46 4009.67 4022.8 4051.87 4112.82 4017.37 3893.9 3809.31 3788.11 3900.13 4004.67 4169.92 4392.88 4571.69 4575.53 4496.87 4430.56 4373.6 4343.37 4308.52 4304.02 4300.37 4293 4284.73 4276.15 4264.88 4253.68 4258.18 4266.05 4269.58 4274.58 4284.25 4293.61 4295.48 4285.52 4282.43 4265.42
4227.39 4243.5 4258.88 4263.61 4268.45 4273.52 4269.74 4265.46 4274.61 4271.52 4274.87 4287.51 4295.24 4301.16 4289.23 4287.7 4286.66 4289.72 4310.47 4330.37 4379.01 4431.09 4498.66 4560.1 4609.04 4591.3 4548.58 4609.87 4645.04 4532.27 4443.72 4395.87 4314.79 4241.58 4092.42 4095.7 4109.61 4081.05 4105.03 4245.27 4477.24 4482.23 4549.74 4511.71 4483.3 4443.37 4386.18 4332.76 4319.43 4309.25 4307.32 4294.19 4281.39 4271.37 4257.83 4243.56 4260.21 4264.02 4264.23 4270.87 4288.41 4289.77 4285.03 4294.95 4272.3 4275.61 4267.08
4229.28 4242.23 4257.04 4257.25 4260.63 4261.41 4263.32 4267.41 4273.55 4272.43 4273.75 4280.08 4286.04 4287.82 4278.93 4276.75 4287.72 4290.78 4283.33 4316.94 4361.71 4402.99 4440.34 4472.19 4477.2 4448.02 4436.58 4476.26 4530.03 4618.13 4753.57 4668.37 4534.65 4470.43 4408.47 4345.96 4345.06 4411.05 4569.06 4685.36 4611.58 4544.25 4495.5 4459.11 4430.13 4399.62 4362.28 4329.4 4316.6 4308.91 4299.59 4300.74 4280.35 4267.56 4261.13 4264.44 4274.63 4277.96 4264.56 4276.14 4274.82 4283.21 4288.74 4268.14 4257.54 4277.81 4270.91
4253.52 4260.13 4249.73 4251.02 4255.79 4257.73 4262.42 4268.74 4264.44 4261.91 4268.71 4272.14 4278.37 4278.54 4270.74 4269.69 4276.51 4284.5 4284.38 4311.35 4342.15 4369.95 4382.76 4398.55 4403.73 4395.84 4377.29 4388.6 4419.51 4477.23 4569.33 4615.07 4586.2 4611.89 4753.9 4591.81 4510.63 4547.62 4613.74 4563.63 4508.19 4464.17 4428.94 4398.84 4385.02 4366.56 4349.86 4338.42 4318.86 4297.16 4278.86 4271.32 4263.34 4266.37 4266.43 4266.95 4278.8 4267.4 4267.23 4261.39 4268.41 4279.91 4275.76 4265.78 4256.66 4267.71 4268.39
4253.36 4261.71 4245.32 4249.97 4257.04 4263.94 4268.7 4270.15 4261.66 4265.6 4269.62 4269.24 4270.33 4273.76 4276.71 4264.75 4290.39 4296.09 4301.82 4305.84 4313.72 4326.49 4336.57 4348.87 4352.63 4358.07 4348.12 4343.63 4374.46 4407.43 4417.89 4467.16 4511.63 4541.28 4535.47 4544.93 4518.97 4501.15 4473.34 4442.81 4425.43 4403.37 4374.44 4351.62 4345.3 4337.77 4331.77 4320.48 4300.47 4293.88 4272.87 4284.46 4268.78 4269.07 4272.65 4280.81 4277.24 4295.94 4274.02 4267.07 4273.23 4283.62 4252.97 4273.57 4265.53 4265.91 4266.5
4239.55 4239.68 4248.75 4250.96 4259.58 4269.53 4269.4 4262.44 4252.6 4263.26 4267.51 4266.83 4266.9 4268.15 4285.9 4255.54 4255.92 4271.86 4280.29 4289.94 4297.81 4304.48 4313.11 4320.57 4326.18 4329.33 4330.95 4335.92 4356.71 4372.03 4369.23 4377.22 4415.54 4430.19 4416.81 4441.15 4441.47 4422.65 4396.06 4375.13 4366.33 4363.51 4341.36 4314.98 4314.86 4312.46 4308.23 4294.67 4273.2 4274.19 4266.81 4249.73 4265.48 4270.04 4270.83 4270.47 4279.58 4288.31 4278.13 4273.2 4266.79 4279 4271.41 4274.18 4275.13 4251 4245.46
4231.53 4229.16 4237.17 4246 4259.95 4278.94 4274.8 4276 4260.36 4261.37 4264.67 4266.04 4267.71 4276.99 4269.17 4241.11 4245.41 4252.31 4261.4 4275.4 4280.24 4286.95 4294.61 4299.69 4302.24 4303.63 4305.49 4321.33 4350.55 4376.72 4368.67 4348.07 4357.91 4370.28 4380.29 4388.66 4389.49 4375.26 4352.19 4340.55 4340.89 4341.43 4321.43 4306.67 4291.71 4293.26 4289.9 4281.71 4264.71 4254.77 4261.54 4257.16 4270.97 4267.74 4263.56 4254.47 4273.44 4269.63 4275.19 4272.86 4267.34 4277.03 4262.51 4261.51 4259.56 4254.51 4255.37
4240.05 4246.37 4245.43 4245.69 4250.02 4248.68 4247.22 4279.75 4266.41 4272.34 4267.55 4265.19 4267.26 4269.88 4260.45 4241.58 4233.88 4226.45 4243.48 4251.89 4262.77 4270.28 4275.67 4280.95 4285.98 4288.33 4289.77 4329.85 4346.48 4363.84 4359.77 4334.45 4336.95 4342.79 4348.25 4357.33 4360.44 4357.37 4335.38 4326.41 4314.96 4314.94 4302.02 4294.49 4280.99 4278.57 4277.01 4279.21 4261.78 4252.96 4257.68 4254.96 4250.48 4260.77 4261.89 4264.87 4279.87 4278.29 4271.96 4282.35 4237.47 4243.6 4244.48 4253.41 4254.78 4249.81 4249.85
4254.96 4269.91 4261.86 4249.4 4245.98 4240.7 4222.23 4257.92 4264.71 4260 4260.05 4258.62 4258.51 4256.31 4255.75 4240.28 4245.17 4232.75 4242.4 4249.51 4254.43 4260.51 4267.74 4275.95 4279.83 4286.25 4299.41 4328.67 4334.89 4350.39 4339.72 4327.84 4327.4 4326.84 4327.53 4338.17 4334.48 4335.01 4324.15 4320.15 4304.45 4288.86 4287.56 4288.09 4280 4274.19 4278.91 4271.6 4260.18 4261.34 4255.52 4255.23 4261.91 4262.76 4266.54 4270.69 4279.78 4281.72 4273.71 4259.91 4254.16 4274.61 4264.63 4250.27 4259.71 4241.05 4244.86
4263.49 4278.44 4271.16 4254.39 4243.03 4239.58 4253.18 4251.99 4248.58 4252.6 4250.54 4250.57 4249.93 4234.89 4236.81 4239.48 4237.8 4238.08 4248.38 4241.98 4248.63 4255.45 4263.37 4271.28 4282.72 4293.41 4302.24 4313.24 4321.39 4327.56 4321.56 4318.25 4321.29 4319.48 4315.13 4308.39 4304.81 4293.13 4289.2 4289.88 4279.05 4278.51 4270.98 4271.42 4269.76 4271.35 4277.42 4268.45 4253.09 4263.39 4259.09 4272.69 4274.64 4271.88 4281.93 4277.37 4268.78 4277.63 4277.3 4273.06 4265.59 4269.58 4266.4 4250.57 4250.98 4256.39 4248.18
4264.39 4286.7 4284.01 4254.35 4240.75 4235.76 4237.26 4233.55 4233.39 4234.85 4240.11 4244.6 4243.02 4240.17 4248 4251.26 4234.92 4246.16 4253.66 4263.32 4251.64 4257.97 4268.11 4277.03 4287.12 4297.3 4311.69 4306.79 4313.52 4320.95 4312.28 4300.65 4308.12 4313.03 4305.88 4286.26 4285.73 4283.13 4279.5 4284.97 4269.86 4262.3 4257.06 4267.39 4266.18 4271.78 4283.62 4274.54 4265.47 4278.05 4285.21 4277.52 4276.12 4291.95 4300.12 4286.7 4275.91 4270.11 4267.57 4262.76 4257.48 4255.4 4249.89 4230.38 4241.93 4241.3 4240.65
4250.28 4263.96 4261.38 4259.31 4237.4 4232.19 4234.18 4233.68 4230.45 4234.34 4246.19 4243.5 4236.7 4231.13 4238.62 4241.07 4237.74 4246.15 4251.38 4247.4 4250.65 4259.04 4267.04 4276.23 4283.87 4291.78 4295.19 4305.38 4316.63 4311.89 4303.92 4299.3 4303.92 4303.73 4295.88 4280.6 4278.04 4280.55 4276.27 4271.31 4260.97 4261.07 4260.19 4260.72 4250.2 4262.63 4275.7 4282.29 4285.59 4285.61 4289.53 4286.67 4287.29 4294.3 4303.69 4292.66 4285.07 4267.45 4268.84 4259.59 4265.41 4254.83 4244.25 4235.52 4225.4 4226.54 4231.9
4241.3 4248.9 4243.07 4229.16 4229.14 4233.46 4239.92 4239.34 4233.98 4240.75 4246.18 4243.19 4235.77 4227.84 4231.31 4245.18 4238.49 4244.66 4247.44 4253.07 4256.99 4260.46 4267.56 4275.3 4282.25 4286.02 4287.61 4292.22 4298.33 4296.39 4292.23 4290.67 4290.98 4298.02 4289.98 4278.09 4275.23 4274.68 4268.26 4255.96 4256.83 4249.24 4258.82 4258.46 4249.46 4250.65 4266.86 4276.59 4292.84 4304.08 4299.27 4298.62 4286.87 4300.45 4301.35 4282.02 4266.15 4256.6 4241.44 4247.64 4251.93 4246.22 4247.59 4228.97 4222.26 4223.37 4229.4
