real_craters/C166-750m.grd
DSAA
162 162
-60.55 60.55
-60.55 60.55
7051.6759817858 10477.91526993
[rows 108 to 143 of 162, columns 0 to 79 of 162]
9769 9780 9773 9777 9768 9764 9785 9798 9799 9773 9744 9722 9706 9687 9678 9661 9648 9647 9653 9658 9648 9630 9612 9589 9578 9577 9586 9586 9542 9545 9487 9470 9445 9413 9361 9368 9340 9304 9295 9282 9264 9248 9233 9241 9234 9213 9221 9226 9229 9234 9244 9247 9220 9157 9125 9132 9133 9105 9074 9044 9021 9006 8990 8974 8970 8962 8957 8953 8949 8946 8936 8921 8907 8942 8947 8945 8936 8952 8945 8939
9739 9753 9756 9775 9762 9758 9768 9783 9767 9754 9728 9711 9697 9687 9678 9658 9641 9642 9658 9666 9646 9614 9578 9561 9557 9575 9597 9584 9524 9505 9498 9470 9438 9395 9367 9354 9332 9312 9294 9274 9252 9240 9235 9227 9204 9219 9228 9225 9227 9232 9232 9213 9172 9130 9113 9191 9168 9125 9082 9054 9039 9028 9012 8982 8955 8966 8987 8988 8987 8988 8997 9021 9055 9021 8988 8963 8954 8954 8942 8891
9711 9724 9728 9737 9743 9741 9744 9748 9762 9741 9712 9699 9691 9678 9665 9651 9639 9638 9650 9658 9636 9605 9572 9558 9558 9567 9575 9556 9527 9498 9492 9461 9426 9403 9362 9332 9310 9309 9300 9273 9247 9234 9224 9203 9175 9194 9213 9213 9210 9210 9208 9180 9148 9131 9120 9147 9166 9146 9102 9073 9067 9063 9059 9039 9024 9043 9033 9024 9020 9024 9041 9078 9116 9068 9013 8979 8944 8899 8873 8850
9704 9711 9706 9710 9720 9723 9726 9729 9749 9746 9709 9699 9689 9668 9649 9633 9615 9626 9635 9635 9623 9604 9585 9570 9561 9557 9550 9531 9494 9486 9467 9437 9406 9376 9362 9348 9304 9279 9274 9250 9239 9225 9227 9213 9176 9182 9193 9195 9190 9180 9167 9134 9115 9120 9138 9176 9197 9185 9151 9123 9091 9111 9119 9150 9174 9122 9072 9049 9040 9039 9048 9068 9066 9040 9000 8963 8930 8922 8881 8878
9700 9710 9699 9698 9716 9715 9720 9724 9728 9723 9704 9693 9674 9660 9638 9613 9616 9619 9624 9617 9614 9608 9592 9576 9560 9551 9538 9520 9491 9468 9433 9408 9392 9362 9313 9306 9309 9276 9261 9254 9238 9223 9203 9197 9184 9175 9181 9174 9168 9156 9135 9114 9107 9108 9128 9169 9222 9212 9218 9200 9205 9165 9148 9142 9112 9092 9067 9044 9031 9025 9023 9022 9002 8980 8967 8939 8911 8854 8836 8807
9679 9699 9701 9709 9736 9719 9712 9714 9711 9711 9716 9705 9683 9661 9640 9609 9597 9613 9625 9635 9635 9619 9597 9572 9564 9552 9536 9512 9486 9463 9422 9400 9399 9385 9334 9289 9273 9262 9251 9247 9234 9218 9192 9178 9163 9154 9153 9159 9156 9148 9136 9130 9130 9133 9124 9145 9175 9170 9213 9191 9179 9159 9136 9126 9093 9067 9045 9026 9011 9002 8991 8985 8956 8945 8942 8921 8895 8869 8823 8774
9667 9682 9714 9722 9742 9713 9695 9689 9692 9696 9714 9695 9675 9662 9645 9613 9599 9610 9630 9652 9654 9632 9610 9592 9571 9556 9534 9479 9453 9451 9425 9411 9414 9419 9367 9300 9248 9240 9235 9229 9228 9219 9189 9170 9151 9143 9150 9151 9148 9142 9129 9118 9094 9090 9084 9060 9030 9034 9030 9078 9124 9101 9077 9074 9075 9034 9010 8997 8987 8979 8975 8967 8968 8958 8929 8904 8885 8878 8832 8789
9666 9693 9722 9743 9737 9711 9683 9683 9683 9682 9686 9688 9674 9661 9647 9613 9598 9604 9626 9651 9657 9634 9611 9591 9575 9562 9541 9482 9457 9438 9420 9409 9414 9411 9378 9310 9254 9233 9226 9214 9217 9211 9178 9160 9134 9111 9141 9145 9144 9144 9140 9100 9071 9060 9047 9002 8984 8944 8908 8949 8962 8963 8971 8987 8960 8963 8962 8958 8952 8945 8943 8939 8951 8951 8903 8884 8865 8844 8836 8822
9675 9705 9707 9729 9725 9695 9684 9683 9677 9678 9672 9675 9670 9658 9649 9637 9604 9597 9613 9634 9641 9624 9601 9572 9573 9564 9548 9497 9475 9438 9413 9404 9406 9402 9372 9306 9242 9223 9223 9210 9194 9179 9150 9145 9117 9097 9121 9125 9130 9140 9144 9120 9105 9104 9079 9044 8976 8942 8911 8884 8870 8875 8876 8837 8854 8897 8916 8921 8921 8918 8909 8899 8878 8841 8860 8868 8873 8867 8847 8833
9658 9679 9710 9711 9698 9688 9677 9665 9653 9661 9664 9664 9661 9650 9637 9613 9588 9583 9593 9605 9610 9604 9595 9582 9567 9556 9537 9501 9479 9430 9406 9394 9398 9388 9346 9276 9230 9212 9212 9175 9157 9156 9145 9083 9067 9073 9071 9086 9106 9124 9132 9133 9126 9150 9109 9024 8989 8949 8908 8872 8863 8862 8854 8855 8860 8873 8887 8895 8897 8898 8890 8873 8848 8830 8841 8859 8877 8878 8853 8829
9633 9650 9670 9691 9681 9668 9655 9632 9621 9650 9667 9662 9655 9642 9624 9606 9587 9566 9567 9574 9588 9575 9575 9573 9551 9533 9517 9475 9433 9409 9400 9383 9389 9364 9303 9261 9232 9202 9180 9130 9092 9109 9082 9019 9015 9018 9032 9052 9078 9104 9116 9127 9138 9128 9089 9046 9007 8948 8902 8876 8862 8855 8852 8853 8859 8871 8882 8893 8904 8901 8891 8878 8859 8840 8853 8859 8864 8865 8850 8831
9615 9629 9655 9672 9670 9659 9644 9624 9615 9649 9668 9663 9651 9636 9616 9581 9542 9536 9539 9537 9523 9530 9532 9530 9521 9500 9462 9444 9417 9412 9411 9408 9401 9360 9299 9253 9217 9195 9158 9097 9040 9034 9030 9005 8994 8999 9009 9024 9046 9080 9103 9126 9133 9093 9056 9059 9021 8942 8898 8880 8867 8858 8852 8859 8863 8875 8882 8894 8896 8898 8893 8888 8887 8894 8881 8864 8851 8849 8840 8826
9612 9615 9644 9673 9671 9657 9633 9618 9613 9648 9648 9657 9647 9636 9624 9587 9552 9534 9524 9513 9505 9498 9496 9497 9495 9486 9472 9448 9449 9437 9425 9423 9424 9368 9277 9223 9219 9181 9156 9103 9032 9015 8994 8980 8978 8985 8992 8997 9003 9005 9035 9054 9097 9069 9055 9064 9046 8969 8918 8892 8873 8856 8851 8853 8873 8887 8897 8899 8898 8898 8897 8897 8901 8906 8889 8861 8849 8840 8827 8813
9597 9599 9634 9663 9666 9660 9634 9617 9604 9613 9630 9641 9638 9632 9626 9606 9569 9544 9519 9498 9477 9473 9480 9470 9462 9477 9482 9467 9451 9440 9424 9416 9425 9366 9279 9217 9197 9175 9145 9096 9037 9023 8979 8959 8960 8962 8963 8962 8967 8971 8987 9000 9012 9035 9057 9074 9069 9036 8949 8913 8901 8887 8882 8879 8903 8910 8905 8901 8897 8895 8895 8896 8897 8893 8876 8854 8829 8823 8815 8797
9586 9596 9620 9639 9658 9672 9644 9618 9602 9600 9616 9623 9625 9619 9606 9583 9555 9529 9509 9490 9474 9466 9461 9449 9442 9447 9449 9437 9452 9426 9412 9406 9399 9345 9268 9218 9190 9150 9141 9112 9067 9010 8979 8956 8952 8944 8936 8945 8964 8963 8983 8980 9019 9057 9098 9100 9092 9023 8981 8955 8954 8958 8964 8992 8946 8924 8915 8906 8902 8902 8903 8899 8895 8883 8868 8855 8845 8816 8807 8791
9590 9589 9608 9625 9653 9677 9661 9618 9599 9594 9612 9611 9612 9606 9590 9559 9535 9525 9496 9481 9469 9455 9439 9429 9423 9437 9431 9424 9448 9425 9404 9388 9375 9331 9281 9249 9211 9163 9138 9122 9106 9013 8979 8968 8965 8950 8942 8954 9006 9047 9054 9042 9052 9081 9115 9117 9103 9075 9050 9022 9003 9007 8998 9004 8963 8933 8926 8919 8916 8914 8906 8908 8902 8898 8884 8849 8821 8805 8797 8802
9587 9593 9607 9621 9648 9675 9672 9616 9592 9581 9588 9596 9598 9598 9589 9551 9501 9480 9478 9470 9460 9447 9422 9419 9413 9421 9422 9419 9445 9437 9413 9381 9357 9323 9286 9258 9202 9150 9124 9107 9081 9029 8996 9008 8995 8974 8965 9034 9065 9075 9072 9063 9065 9092 9099 9104 9124 9109 9122 9065 9013 8988 8962 8955 8929 8923 8918 8916 8912 8914 8912 8913 8908 8902 8886 8823 8798 8795 8802 8811
9596 9593 9606 9621 9631 9634 9608 9589 9572 9564 9563 9577 9582 9585 9584 9544 9496 9473 9474 9463 9449 9437 9432 9412 9401 9389 9417 9406 9409 9429 9419 9374 9344 9314 9275 9228 9183 9143 9106 9086 9072 9060 9043 9039 9022 9021 9038 9090 9100 9080 9022 9006 9017 9020 9015 9050 9097 9106 9093 9049 8986 8913 8843 8851 8886 8898 8899 8906 8906 8910 8911 8907 8900 8882 8834 8797 8777 8801 8817 8822
9604 9598 9599 9615 9608 9588 9566 9552 9535 9542 9552 9558 9562 9563 9558 9534 9512 9506 9484 9462 9439 9415 9415 9401 9382 9390 9394 9399 9398 9424 9418 9374 9346 9304 9262 9202 9162 9125 9102 9090 9097 9106 9088 9035 9045 9070 9104 9108 9101 9057 8999 8983 8983 8974 8996 9022 9032 9061 9045 9006 8956 8904 8858 8846 8865 8879 8888 8901 8906 8908 8912 8914 8909 8895 8879 8857 8833 8832 8829 8823
9584 9587 9571 9595 9583 9555 9534 9532 9524 9519 9533 9539 9538 9534 9525 9522 9515 9499 9484 9462 9439 9420 9402 9397 9388 9387 9406 9400 9385 9406 9383 9369 9330 9295 9244 9171 9148 9122 9112 9117 9115 9119 9121 9093 9091 9105 9124 9125 9108 9047 8991 8986 8984 8980 9001 9020 9016 8998 8989 8971 8934 8891 8869 8857 8867 8871 8885 8888 8891 8894 8898 8903 8905 8915 8926 8921 8889 8855 8838 8831
9590 9579 9570 9564 9559 9543 9528 9509 9516 9514 9513 9511 9510 9509 9509 9511 9510 9496 9482 9462 9440 9425 9405 9397 9396 9389 9399 9394 9384 9385 9389 9364 9343 9307 9259 9187 9155 9130 9114 9123 9116 9130 9139 9132 9123 9123 9138 9122 9085 9049 9013 9011 9018 9023 9034 9038 9031 8995 8977 8960 8925 8884 8878 8886 8892 8883 8877 8871 8870 8872 8870 8870 8879 8889 8932 8912 8889 8866 8848 8838
9613 9608 9606 9584 9565 9550 9550 9567 9546 9543 9499 9475 9479 9489 9495 9499 9500 9494 9483 9461 9436 9410 9403 9399 9390 9381 9384 9379 9371 9366 9370 9371 9347 9315 9279 9202 9155 9139 9120 9117 9123 9144 9166 9148 9133 9116 9098 9077 9053 9058 9039 9045 9065 9097 9098 9069 9060 9045 9010 8979 8943 8932 8928 8927 8911 8897 8885 8877 8867 8857 8855 8856 8856 8856 8864 8875 8871 8862 8856 8850
9629 9627 9617 9604 9582 9573 9564 9566 9543 9438 9401 9422 9449 9478 9489 9487 9492 9490 9486 9459 9434 9414 9410 9409 9404 9412 9382 9368 9356 9360 9371 9360 9339 9301 9255 9196 9162 9147 9105 9101 9133 9156 9162 9141 9113 9106 9093 9087 9100 9096 9063 9071 9093 9123 9132 9124 9119 9114 9066 9007 8963 8915 8979 8958 8930 8910 8896 8889 8881 8876 8865 8855 8846 8823 8786 8815 8845 8854 8858 8861
9637 9637 9632 9622 9597 9578 9558 9543 9505 9298 9336 9393 9430 9454 9465 9470 9471 9469 9470 9450 9431 9422 9429 9423 9416 9391 9370 9355 9344 9332 9344 9357 9321 9276 9218 9184 9174 9166 9142 9112 9120 9144 9153 9134 9112 9109 9101 9089 9084 9078 9079 9083 9101 9132 9163 9172 9149 9108 9079 9002 8965 8965 8953 8942 8927 8921 8902 8895 8887 8878 8868 8853 8839 8817 8788 8784 8831 8854 8861 8859
9635 9630 9622 9654 9671 9606 9556 9526 9538 9491 9410 9415 9429 9439 9447 9450 9445 9436 9442 9437 9431 9432 9442 9428 9405 9374 9347 9343 9341 9334 9306 9301 9293 9256 9211 9190 9185 9212 9199 9144 9129 9150 9144 9119 9122 9126 9125 9130 9104 9087 9074 9081 9093 9118 9143 9158 9131 9075 8954 8951 8930 8910 8918 8928 8926 8920 8912 8901 8892 8879 8867 8858 8850 8837 8837 8846 8848 8853 8854 8856
9618 9608 9581 9465 9372 9523 9545 9522 9519 9522 9481 9453 9444 9437 9437 9433 9425 9404 9414 9422 9428 9433 9434 9413 9390 9354 9331 9334 9335 9324 9288 9285 9282 9272 9249 9207 9192 9232 9204 9178 9169 9155 9135 9126 9136 9142 9140 9128 9109 9073 9069 9078 9083 9082 9077 9092 9068 9002 8956 8927 8903 8899 8910 8911 8915 8907 8902 8896 8888 8881 8878 8878 8873 8874 8884 8885 8862 8856 8857 8862
9615 9604 9560 9438 9360 9470 9547 9516 9522 9537 9513 9485 9465 9452 9443 9437 9429 9412 9399 9411 9430 9432 9423 9382 9370 9367 9338 9332 9329 9316 9283 9282 9289 9298 9285 9246 9226 9229 9196 9198 9202 9171 9130 9126 9139 9150 9151 9156 9140 9109 9094 9091 9083 9067 9048 9026 9004 8995 8972 8926 8886 8874 8892 8902 8903 8898 8895 8894 8894 8893 8894 8895 8893 8888 8887 8869 8866 8872 8877 8879
9603 9590 9580 9573 9632 9591 9569 9535 9539 9538 9522 9503 9482 9464 9454 9447 9444 9440 9409 9411 9426 9412 9369 9345 9341 9345 9336 9331 9327 9317 9304 9288 9298 9309 9310 9282 9261 9225 9197 9190 9194 9171 9123 9119 9140 9149 9149 9149 9135 9137 9126 9107 9086 9061 9028 8984 8982 8981 8962 8919 8885 8885 8892 8896 8891 8892 8896 8901 8908 8910 8910 8910 8900 8894 8893 8874 8880 8885 8888 8891
9614 9601 9601 9602 9598 9582 9562 9552 9542 9526 9514 9501 9490 9476 9463 9454 9448 9442 9436 9422 9405 9384 9353 9323 9320 9327 9330 9328 9326 9324 9304 9296 9303 9317 9318 9302 9287 9257 9206 9204 9198 9159 9119 9114 9106 9121 9142 9152 9150 9182 9154 9121 9091 9061 9025 8997 8974 8976 8947 8910 8877 8883 8884 8874 8881 8890 8900 8906 8911 8915 8916 8915 8909 8905 8911 8913 8905 8898 8894 8894
9599 9596 9597 9584 9569 9556 9542 9527 9521 9512 9503 9496 9488 9479 9468 9458 9449 9442 9446 9430 9430 9380 9333 9313 9315 9323 9316 9322 9327 9327 9324 9310 9307 9306 9316 9302 9293 9272 9237 9213 9191 9167 9145 9132 9129 9122 9150 9161 9184 9187 9157 9120 9089 9062 9041 9022 8997 8974 8957 8916 8877 8889 8879 8873 8870 8885 8899 8909 8915 8919 8919 8919 8917 8915 8900 8921 8916 8904 8893 8888
9594 9581 9573 9556 9546 9535 9530 9519 9500 9497 9493 9489 9487 9477 9467 9459 9452 9450 9439 9416 9394 9368 9336 9312 9300 9307 9307 9319 9326 9330 9319 9312 9304 9307 9291 9282 9268 9266 9236 9211 9199 9189 9185 9162 9145 9156 9173 9206 9189 9170 9135 9105 9077 9053 9036 9021 8988 8966 8941 8911 8890 8891 8872 8831 8863 8897 8914 8922 8925 8927 8929 8932 8934 8938 8949 8928 8917 8900 8885 8872
9595 9587 9562 9545 9520 9511 9505 9499 9488 9486 9482 9477 9472 9469 9463 9461 9456 9449 9452 9439 9402 9366 9326 9304 9297 9303 9319 9325 9331 9335 9346 9316 9299 9292 9283 9263 9253 9242 9243 9239 9219 9218 9217 9185 9157 9165 9169 9176 9178 9142 9109 9088 9065 9042 9022 9000 8969 8946 8918 8881 8883 8889 8890 8887 8911 8930 8936 8937 8934 8935 8936 8940 8949 8949 8927 8926 8911 8892 8871 8850
9582 9577 9551 9534 9505 9497 9489 9483 9482 9480 9471 9458 9452 9454 9457 9460 9463 9468 9495 9468 9426 9381 9336 9314 9314 9313 9325 9341 9348 9340 9337 9350 9297 9275 9256 9243 9232 9221 9231 9234 9227 9219 9217 9192 9165 9155 9156 9153 9141 9108 9092 9077 9054 9027 8996 8971 8949 8928 8900 8883 8881 8885 8922 8969 8985 8974 8963 8955 8946 8942 8940 8944 8949 8958 8954 8929 8922 8874 8852 8836
9555 9549 9539 9528 9504 9491 9472 9475 9478 9474 9463 9448 9432 9443 9454 9464 9475 9488 9490 9494 9440 9405 9373 9353 9325 9335 9357 9370 9371 9371 9360 9167 9183 9329 9241 9229 9223 9209 9212 9228 9237 9219 9217 9196 9164 9139 9146 9137 9126 9105 9093 9081 9060 9025 8980 8938 8924 8924 8918 8899 8875 8893 8948 9001 9019 9000 8984 8972 8962 8956 8950 8945 8942 8954 8930 8887 8835 8837 8830 8831
9537 9534 9536 9521 9505 9488 9478 9459 9466 9468 9459 9444 9439 9443 9453 9467 9481 9497 9510 9487 9452 9433 9416 9363 9341 9364 9398 9401 9391 9378 9340 9116 9181 9360 9259 9228 9220 9214 9211 9230 9249 9229 9230 9203 9179 9148 9155 9144 9111 9116 9109 9095 9076 9045 8995 8962 8952 8977 8968 8936 8934 8939 8972 9014 9034 8998 8981 8973 8969 8953 8947 8937 8922 8916 8884 8851 8824 8820 8828 8834
9536 9528 9522 9517 9504 9473 9477 9446 9453 9467 9454 9440 9435 9444 9454 9470 9485 9500 9517 9499 9466 9457 9450 9416 9384 9390 9413 9416 9405 9394 9384 9379 9328 9302 9254 9229 9213 9200 9211 9237 9260 9231 9218 9209 9197 9186 9179 9161 9139 9132 9133 9128 9116 9098 9082 9055 9076 9076 8997 8987 9034 8998 8977 8981 8985 8963 8958 8962 8967 8962 8957 8945 8917 8872 8856 8845 8812 8821 8842 8846
