real_craters/C166-300m.grd
DSAA
405 405
-60.55 60.55
-60.55 60.55
7045.8084732454 10489.428089376
[rows 300 to 329 of 405, columns 268 to 334 of 405]
8605.47 8598.97 8589.22 8579.77 8570.14 8561.14 8552.82 8545.57 8539.22 8531.84 8525.65 8519.06 8513.69 8506.05 8496.21 8486.04 8485.75 8496.62 8510.61 8523.1 8537.09 8550.08 8558.59 8561.55 8562.42 8565.39 8581.11 8599.45 8613.81 8626.73 8638.42 8649.26 8659.09 8667.1 8670.44 8656.59 8633.83 8623.16 8615.2 8607.02 8597.85 8591.67 8585.77 8578.49 8570.96 8564.8 8563.21 8565.22 8567.18 8564.04 8559.9 8555.68 8551.62 8548.06 8544.06 8540.31 8537.36 8534.34 8531.3 8528.19 8524.87 8521.53 8517.56 8517.91 8518.65 8518.15 8517.46
8608.41 8600.56 8590.21 8581.51 8572.1 8562.1 8552.89 8543.74 8534.14 8527.18 8522.82 8517.47 8511.77 8505.66 8499.86 8496.06 8499.99 8513.67 8528.04 8539.15 8549.91 8561.53 8568.2 8569.59 8570.22 8573.73 8589.73 8607.49 8619.37 8631.43 8643.02 8654.51 8664.96 8674.34 8680.2 8665.33 8644.32 8633.56 8626.91 8620.99 8610.18 8600.98 8593.68 8585.43 8577.18 8569.58 8566.19 8567.11 8567.17 8564.82 8561.32 8557.52 8554.05 8551.05 8549.67 8545.47 8541.29 8538.13 8535 8531.58 8528.08 8524.73 8521.86 8522.85 8525.37 8524.77 8523.71
8608.44 8599.82 8591.32 8581.7 8571.7 8562.56 8553.22 8543.6 8533.8 8526.75 8521.77 8515.67 8511.56 8508.08 8506.91 8511.91 8521.51 8529.72 8543.92 8548.93 8556.79 8571 8575.84 8575.77 8577.26 8582.65 8596.26 8611.68 8622.96 8634.4 8645.43 8656.62 8666.44 8674.92 8680.46 8664.86 8649.61 8642.16 8636.44 8630.26 8620.31 8611.3 8603.04 8593.97 8585.12 8577.02 8571.99 8570.28 8569.1 8566.47 8562.61 8559.1 8556.13 8552.93 8549.35 8547.63 8545.45 8543 8540.06 8536.81 8532.78 8529.74 8527.93 8529.6 8532.57 8532.86 8531.94
8607.92 8599.43 8589.92 8581.62 8572.14 8562.87 8553.49 8543.88 8534.74 8526.83 8522.09 8516.56 8512.37 8509.83 8510.74 8517.84 8531.44 8535.23 8539.05 8542.19 8549.79 8565.65 8575.93 8575.5 8579.8 8587.64 8599.63 8612.33 8624.25 8635.24 8645.61 8655.34 8663.91 8670.43 8670.88 8655.17 8651.64 8650.46 8646.5 8636.65 8630.56 8622.69 8613.29 8603.88 8594.75 8585.86 8578.18 8575.2 8572.08 8568.11 8564.09 8561.15 8558.87 8556.03 8552.33 8551.76 8550.86 8549.12 8546.83 8543.96 8540.63 8536.68 8534.39 8539.82 8541.54 8542.78 8541.57
8607.74 8599.07 8590.2 8581.7 8572.41 8562.91 8553.71 8544.62 8536.85 8530.62 8523.59 8516.58 8512.77 8509.69 8509.26 8511.62 8514.09 8517.44 8515.77 8523.1 8529.7 8537.62 8554.34 8565.59 8576.4 8589.46 8603.37 8612.96 8623.71 8633.8 8643.73 8652.45 8660.57 8665.56 8664.3 8656.02 8657.16 8660.55 8663.55 8658.04 8645.12 8633.97 8623.72 8614.33 8605.46 8597.38 8591.09 8581.87 8574.04 8568.33 8565.8 8564.27 8563.03 8561.56 8560.28 8559.03 8558.23 8557.1 8555.39 8553.02 8548.97 8545.14 8539.72 8535.93 8554.65 8553.87 8551.55
8607.98 8598.56 8589.84 8581.53 8572.01 8562.57 8553.17 8544.32 8536.99 8531.98 8522.64 8515.53 8511.59 8508.16 8505.72 8504.07 8502.33 8500.28 8500.42 8505.89 8510.27 8515.99 8534.62 8552.1 8568.05 8584.49 8600.24 8612.08 8621.63 8630.8 8639.42 8648.83 8656.8 8662.59 8663.48 8663.43 8664.85 8667.92 8673.16 8670.69 8654.97 8642.77 8633.12 8624.46 8616.21 8608.04 8598.97 8588.91 8578.71 8571.59 8569.13 8568.25 8568.16 8568.16 8568.71 8567.62 8566.25 8565.64 8564.57 8563.07 8560.86 8558.51 8557.05 8560.22 8561.15 8563.27 8561.96
8609.19 8599.02 8590.26 8581.12 8571.85 8562.74 8553.15 8543.58 8533.66 8523.54 8517.95 8514.16 8510.78 8506.91 8502.99 8498.94 8493.74 8493.34 8494.32 8496.75 8499.63 8505.58 8522.67 8540.5 8557.53 8573.86 8589.1 8604.85 8616.83 8625.9 8634.13 8642.98 8651.73 8661.48 8672.6 8673.36 8670.4 8669.37 8667.77 8662.96 8655.83 8647.79 8641.28 8634.44 8627.35 8619.22 8609.08 8598.34 8586.58 8577.21 8574.25 8574.17 8575.04 8575.32 8575.14 8576.19 8576.13 8575.45 8574.85 8574.49 8574.45 8574.19 8574.89 8574.07 8575.83 8573.51 8571.76
8609.22 8600.93 8592.53 8583.53 8574.8 8565.03 8555.17 8544.99 8534.31 8524 8518.86 8514.64 8510.83 8506.53 8502.18 8497.56 8492.55 8491.4 8492.57 8494.81 8497.18 8502.16 8515.71 8532.19 8548.23 8563.4 8579 8597.67 8610.29 8618.68 8626.97 8635.14 8644.18 8654.61 8667.62 8673.68 8670.13 8667.48 8663.24 8656.95 8654.37 8651.81 8648.06 8643.86 8639.03 8632.77 8624.13 8612.18 8597.52 8584.7 8581.53 8582.14 8584.3 8586.42 8586.72 8586.39 8586.42 8586.05 8586.4 8586.06 8588.16 8589.45 8590.59 8587.42 8580.19 8581.13 8582.31
8609.27 8601.88 8594.66 8585.97 8577.52 8567.94 8558.43 8548.3 8538.31 8529.37 8522.31 8517.21 8512.64 8508.81 8504.09 8500.11 8496.27 8495.38 8497.36 8499.18 8501.34 8504.36 8514.28 8527.71 8541.46 8554.41 8567.62 8584.42 8598.67 8609.29 8618.68 8626.56 8634.1 8641.6 8652.72 8662.66 8664.17 8663.47 8660.74 8655.08 8654.84 8654.11 8653.57 8652.41 8650.82 8647.93 8642.01 8630.47 8613.41 8596.45 8591.63 8592.01 8593.87 8599.83 8601.27 8596.64 8595.97 8595.64 8596.51 8597.96 8600.28 8603.22 8606.43 8601.88 8600.53 8602.81 8595.46
8609.06 8603.61 8597.43 8589.32 8581.43 8572.92 8563.66 8553.66 8543.43 8532.74 8525.78 8521.61 8517.03 8513.09 8508.47 8505.07 8503.88 8504.94 8506.76 8507.74 8509.33 8510.5 8517.04 8526.98 8537.93 8548.58 8558.51 8571.94 8586.1 8600.53 8610.98 8619.49 8625.22 8628.83 8639.26 8651.77 8656.75 8658.27 8655.71 8653.37 8655.9 8656.59 8658.69 8660.62 8662.33 8663.55 8663.35 8654.53 8634.09 8614.17 8606.7 8604.81 8602.74 8596.74 8600.23 8604.49 8605.81 8606.31 8607.65 8609.67 8611.47 8614.76 8618.38 8615.1 8612.07 8612.23 8604.66
8609.32 8605.44 8600.5 8592.81 8585.71 8577.95 8569.61 8560.33 8550.64 8540.62 8533.2 8528.94 8525.17 8521.04 8515.6 8511.07 8512.47 8518.24 8519.23 8518.62 8518.69 8518.85 8522.98 8530 8537.73 8546.58 8558.29 8570.76 8582.33 8595.96 8607.2 8616.39 8622.09 8624.12 8631.67 8645.67 8652.57 8654.81 8654.49 8655.15 8658.91 8660.36 8664.41 8668.54 8672.68 8676.99 8680.22 8674.71 8655.46 8637.26 8626.68 8621.15 8617.46 8613.45 8612.44 8614.4 8615.37 8615.73 8617 8618.76 8620.5 8622.99 8625.28 8621.28 8614.06 8610.69 8607.1
8611.98 8606.55 8602.87 8596.66 8591.12 8584.79 8577.34 8569.45 8560.25 8549.43 8540.67 8539.86 8537.34 8532.93 8526.49 8520.79 8523.54 8531.56 8533.22 8531.37 8528.51 8527.93 8531.13 8535.51 8539.93 8545.36 8553.7 8565.19 8581.37 8594.44 8607.27 8618.03 8626.75 8633.56 8640.41 8649.75 8655.09 8655.33 8656.34 8658.4 8661.47 8664.16 8669.27 8674.76 8680.31 8685.9 8690.51 8689.06 8671.96 8656.27 8644.51 8637.36 8634.51 8636.98 8629.75 8625.39 8623.99 8623.89 8624.63 8625.88 8627.35 8628.14 8627.6 8626.66 8621.5 8612.49 8610.86
8610.13 8612.06 8603.8 8600.96 8596.95 8592.34 8586.53 8580.31 8573.39 8565.72 8560.68 8558.12 8554.41 8549.49 8542.3 8535.27 8537.65 8544.92 8549.08 8547.54 8542.4 8540.22 8543.03 8544.68 8544.63 8544.75 8544.5 8551.94 8573.94 8593.59 8609.82 8623.56 8635.68 8646.1 8655.57 8660.57 8664.51 8664.31 8656.86 8659.04 8663.6 8667.84 8673.51 8679.47 8685.33 8690.53 8693.82 8690.43 8680.64 8668.13 8657.45 8649.51 8644.96 8642.17 8638.16 8633.29 8630.81 8630.14 8630.71 8631.94 8633.99 8634.71 8633.01 8638.31 8645.12 8624.95 8619.08
8610.9 8611.58 8608.54 8607 8604.5 8601.8 8598.03 8593.72 8589.29 8585.07 8583.17 8578.84 8575.74 8571.4 8564.81 8557.83 8558.96 8563.25 8567.74 8569.9 8566.79 8562.16 8560.64 8558.04 8553.91 8549.83 8545.98 8550.07 8574.94 8596.51 8615.09 8631.17 8645.73 8657.93 8665.49 8670.19 8674.43 8677.31 8664.7 8662.49 8666.95 8671.66 8677.37 8683 8688.57 8693.09 8695.31 8693.18 8686.29 8676.41 8666.37 8656.99 8650.23 8646.39 8641.76 8638.51 8636.46 8635.84 8636.48 8638.28 8640.66 8643.73 8646.65 8647.24 8640.24 8636.14 8630.43
8614.08 8613.95 8614.78 8614.45 8612.92 8611.46 8609.53 8608.12 8605.98 8603.4 8600.12 8600.24 8599.68 8596.91 8593.08 8590.05 8589.22 8588.66 8590.92 8596.9 8600.81 8592.7 8581.67 8573.48 8567.15 8561.95 8558.13 8560.47 8581.25 8603.63 8622.97 8639.2 8654.1 8667.22 8672.05 8675.64 8679.58 8681.37 8667.85 8667.88 8671.29 8675.77 8680.89 8686.09 8690.91 8694.93 8697.36 8697.98 8691.28 8680.96 8670.52 8661.64 8652.83 8644.32 8643.86 8641.79 8640.02 8639.26 8639.94 8642.28 8645.97 8651.23 8656.54 8657.13 8653.43 8651.53 8642.6
8619.21 8618.95 8620.73 8621.37 8621.71 8621.46 8621.32 8621.64 8622.07 8623.4 8625.09 8625.22 8624.67 8622.87 8621.17 8620.88 8622.22 8621.55 8616.37 8617.63 8622.14 8611.02 8598.1 8588.79 8582.46 8578.26 8577.77 8583.59 8599.57 8617.23 8633.11 8646.81 8658.73 8666.16 8671.24 8677.21 8681.08 8681.47 8676.93 8675.36 8677.48 8680.07 8684.28 8688.57 8692.03 8695.24 8697.71 8698.65 8693.3 8684.26 8675.06 8667.13 8659.68 8652.78 8647.43 8644.16 8641.43 8640.34 8640.28 8642.65 8647.63 8654.98 8662.19 8667.75 8673.91 8664.19 8648.58
8622.89 8626.46 8628.28 8629.48 8630.67 8631.32 8632.54 8634.15 8636.69 8641.44 8647.59 8649.72 8646.93 8645.24 8644.4 8642.92 8641.5 8637.06 8629.01 8620.79 8615.56 8612.57 8607.28 8600.99 8596.08 8594.33 8596.34 8604.68 8617.58 8631.19 8642.89 8653.3 8662.85 8668.21 8672.21 8678.41 8681.87 8683.41 8681.17 8680.19 8680.36 8683.02 8686.23 8688.75 8691.86 8694.48 8695.99 8695.4 8691.47 8686.63 8680.24 8672.87 8665.31 8657.61 8651.06 8645.71 8641.38 8638.87 8638.01 8639.46 8643.78 8652.11 8662.52 8667.3 8675.85 8668.42 8650.98
8630.77 8634.7 8636.51 8637.72 8639.48 8640.52 8642.18 8644.3 8648.2 8653.56 8662.34 8665.98 8661.54 8661.59 8662.05 8657.18 8645.07 8634.48 8626.82 8618.8 8614.78 8618.27 8615.2 8610.26 8606.64 8605.99 8610 8617.81 8630.43 8641.78 8648.66 8656.84 8665.52 8673.74 8678.67 8681.21 8681.45 8680.14 8679.75 8681.65 8682.68 8684.34 8686.62 8688.46 8690.57 8692.53 8693.77 8694.14 8691.95 8687.72 8683.16 8677.67 8671.47 8662.29 8652.81 8645.06 8639.2 8635.44 8633.05 8632.48 8633.47 8636.26 8642.28 8648.8 8654.87 8651.76 8639.81
8642.28 8645.2 8646.18 8647.64 8648.19 8648.99 8650.31 8652.19 8655.18 8658.13 8660.72 8661.53 8665.67 8670.87 8672.98 8664.03 8643.51 8629.97 8623.38 8627.93 8635.17 8631.11 8623.26 8616.14 8612.01 8611.84 8617.65 8629.35 8639.13 8641.07 8645.97 8656.16 8666.65 8676.72 8683.44 8684.43 8681.82 8677.28 8680 8683.97 8685.54 8686.19 8686.7 8687.83 8688.91 8690.04 8690.83 8691.52 8689.96 8685.94 8683.21 8679.04 8673.81 8662.84 8650.37 8642.05 8635.56 8631.04 8627.14 8624.22 8621.18 8617.35 8616.98 8622.79 8624.95 8624.59 8623.41
8654.7 8655.82 8655.65 8655.69 8655.4 8655.61 8656.51 8658.15 8660.15 8660.99 8658.19 8655.15 8668.72 8677.18 8675.23 8663.19 8642.66 8631.3 8627.16 8635.62 8646.14 8637.71 8626.74 8617.28 8611.75 8610.11 8614.3 8625.59 8631.98 8625.1 8630.54 8647.98 8672.45 8683.72 8685.03 8686.38 8687.1 8685.26 8687.7 8686.69 8687.16 8686.17 8685.58 8685.61 8685.85 8686.08 8686.01 8685.57 8683.71 8678.56 8675.04 8670.19 8665.11 8653.77 8643.38 8636.5 8630.64 8625.75 8620.73 8615.46 8610.35 8605.67 8602.39 8600.35 8597.07 8595.45 8600.48
8669.01 8666.85 8664.38 8662.11 8660.69 8660.07 8660.57 8662.19 8664.45 8666.8 8668.38 8670.73 8680.5 8687.13 8686.16 8669.79 8649.21 8636.04 8632.44 8634.84 8642.85 8635.39 8624.04 8613.95 8605.33 8600.23 8597.23 8597.51 8595 8587.96 8598.88 8624.46 8656.93 8674.71 8675.88 8682.05 8693.37 8703.94 8695.8 8687.88 8684.75 8682.19 8681.19 8680.28 8680.26 8679.89 8678.88 8677.06 8673.14 8665.85 8657.38 8646.88 8636.81 8633.91 8631.25 8628.46 8624.51 8620.04 8614.74 8608.07 8600.76 8593.51 8588.67 8583.44 8575.98 8568.66 8574.16
8682.92 8676.83 8671.61 8667.45 8664.73 8663.25 8663.43 8664.85 8668.08 8673.41 8681.56 8691.58 8695.57 8695.27 8692.78 8674.29 8651.56 8635.85 8626.03 8629.25 8633.71 8627.2 8616.97 8605.78 8594.89 8584.48 8573.51 8560.16 8543.38 8537.98 8556.73 8586.17 8617.03 8631.79 8647 8664.05 8685.1 8699.58 8691.12 8683.25 8676.14 8673.59 8672.74 8672.99 8672.99 8673.01 8671.88 8668.6 8660.86 8653.11 8639.98 8621.28 8607.23 8615.74 8620.78 8621.44 8619.18 8615.29 8610.24 8603.85 8595.43 8584.48 8579.26 8574.65 8567.01 8558.86 8560.81
8692.49 8682.96 8675.25 8669.3 8665.11 8662.66 8662.27 8663.59 8667.44 8674.25 8685.46 8701.17 8699.73 8692.56 8684.65 8666.64 8647.05 8632.64 8622.58 8622.06 8621.37 8615.34 8606.24 8595.23 8582.41 8569.47 8553.88 8535.56 8514.6 8512.08 8525.93 8544.36 8563.03 8582.68 8608.01 8631.51 8657.07 8672.34 8669.9 8667.62 8662.45 8662.21 8663.2 8664.67 8666.19 8667.15 8666.93 8664.49 8659.07 8650.81 8637.16 8617.84 8606.66 8613.68 8618.27 8618.6 8616.35 8613.18 8608.8 8603.15 8596.23 8588.37 8581.11 8574.83 8568.55 8563.65 8562.54
8694.64 8683.12 8673.82 8666.73 8661.57 8658.37 8657.11 8657.75 8660.78 8666.37 8674.8 8683.68 8683.53 8677.64 8669.65 8652.7 8637.2 8628.24 8624.2 8619 8609.64 8602.96 8593.63 8581.7 8569.64 8555.58 8541.81 8526.21 8512.89 8510.98 8514.74 8514.3 8513.22 8547.84 8572.29 8591.69 8606.65 8623.65 8637.51 8643.96 8643.8 8647.36 8651 8654.63 8658.08 8661.04 8663.14 8663.93 8662.94 8657.76 8648.96 8637.36 8628.89 8627.79 8624.22 8620.24 8616.01 8612.15 8608.35 8603.75 8599.54 8594.42 8586.22 8579.12 8574.31 8570.97 8569.49
8689.05 8677.76 8668.16 8660.8 8655.19 8651.43 8649.48 8648.93 8650.2 8652.22 8654.74 8656.33 8656.07 8654 8647.83 8634.57 8623.52 8619.14 8618.62 8615.89 8601.75 8591.14 8580.91 8570.23 8558.62 8545.78 8534.67 8524.62 8520.55 8522.46 8522.31 8515.39 8516.36 8527.76 8544.85 8558.51 8564.01 8583.75 8605.13 8618.23 8623.64 8631.07 8637.81 8643.97 8649.83 8655.14 8659.9 8663.97 8666.68 8666.55 8664.99 8668.09 8667.69 8646.86 8633.11 8623.69 8616.49 8611.34 8606.95 8603.87 8601.77 8598.38 8589.44 8582.37 8578.63 8577.72 8576.13
8675.93 8664.46 8654.77 8647.72 8641.93 8638.19 8635.85 8634.57 8633.94 8633.33 8631.9 8628.7 8626.73 8629.71 8627.4 8617.32 8609.03 8605.06 8602.61 8598.21 8589.03 8578.82 8568.62 8557.86 8548.27 8537.24 8527.73 8521.26 8520 8520.54 8517.99 8512.42 8510.25 8513.19 8525.34 8538.46 8552.47 8565.11 8581.81 8596.63 8605.74 8616.51 8625.31 8634.66 8642.48 8649.07 8656.86 8662.93 8669.05 8672.7 8672.97 8676.98 8673.55 8652.79 8636.42 8624.71 8615.88 8608.91 8604.19 8600.47 8599.08 8596.59 8587.35 8580.58 8577.61 8578.35 8575.9
8657.5 8646.77 8638.37 8631.99 8626.94 8623.58 8621.64 8619.79 8618.05 8615.63 8612.1 8605.25 8601.53 8608.32 8608.83 8600.9 8593.47 8588.49 8583.19 8573.84 8572.56 8564.82 8555.88 8547.08 8538.15 8529.86 8520.99 8513.94 8506.36 8501.72 8499.83 8498.11 8497.19 8502.22 8511.42 8522.24 8536.06 8548.39 8562.38 8574.58 8588.46 8601.08 8612.55 8622.94 8632.56 8641.43 8650.21 8658.64 8667.23 8672.94 8668.55 8662.29 8655.03 8644.55 8632.46 8622.05 8613.15 8605.24 8598.85 8593.23 8589.19 8584.97 8577.77 8572.16 8569.19 8568.88 8566.83
8634.6 8626.69 8620.52 8616.11 8612.53 8610.08 8608 8606.19 8603.71 8600.71 8595.91 8590.49 8586.97 8590.1 8588.35 8580.98 8575.2 8571.11 8567.69 8561.47 8557.55 8551.02 8544.2 8537.42 8529.93 8522.18 8513.99 8506.36 8498.1 8492.26 8490.77 8490.31 8491.16 8495.37 8501.43 8507.85 8511.68 8527.89 8544.68 8558.81 8573.28 8586.58 8598.85 8610.22 8620.95 8631.01 8640.76 8650.45 8658.07 8661.97 8656.47 8648.1 8638.99 8632.58 8624.97 8616.62 8608.16 8599.67 8591.52 8583.44 8575.69 8569.73 8564.27 8559.47 8555.12 8551.38 8546.86
8607.6 8603.17 8600.01 8597.78 8596.41 8595.17 8593.72 8592.41 8590.04 8587.3 8583.37 8579.19 8577.54 8576.72 8570.63 8561.09 8556.73 8553.53 8550.16 8544.43 8542.09 8538.41 8533.9 8528.53 8522.53 8516.01 8509.16 8501.97 8494.91 8490.25 8490.41 8487.97 8488.27 8491.1 8495.04 8500.17 8506.96 8517.1 8531.57 8545.07 8558.91 8573.22 8585.73 8597.52 8608.44 8619.14 8629.06 8638.34 8644.99 8647.71 8641.08 8630.94 8624.65 8621.52 8617.12 8610.6 8602.78 8594.16 8584.71 8573.98 8563.32 8556.37 8551.86 8546.44 8539.96 8531.94 8522.65
8577.83 8576.95 8577.34 8578.34 8579.05 8579.42 8579.99 8579.14 8577.5 8575.02 8571.77 8568.26 8566.11 8564.02 8556.3 8546.01 8542.26 8538.34 8532.89 8529.48 8527.86 8526.99 8524.5 8521.65 8516.89 8511.09 8505.43 8499.51 8493.99 8489.93 8488.58 8485.8 8487.11 8488.52 8490.23 8492.14 8495.42 8508.53 8522.64 8536.26 8549.65 8562.1 8574.41 8586.22 8597.21 8607.54 8617.25 8625.28 8631.04 8632.85 8626.12 8616.75 8614.83 8613.38 8610.94 8606.01 8599.02 8590.58 8580.55 8568.13 8554.94 8547.04 8542.24 8535.57 8526.94 8517.14 8506.95
