real_craters/C166-500m.grd
DSAA
243 243
-60.55 60.55
-60.55 60.55
7053.0636467422 10486.043893186
[rows 60 to 89 of 243, columns 0 to 66 of 243]
10080.9 10100.2 10115.5 10127.4 10139.4 10146.6 10159.1 10164.4 10148.3 10124.9 10107.6 10098.5 10099.8 10099.5 10099.4 10103.2 10112.3 10115.7 10112.7 10103.4 10102.8 10102.7 10109.5 10112.2 10108.7 10095.1 10067.6 10036.7 10019.2 10003.7 9997.35 9980.43 9980.85 9978.05 9972.87 9964.75 9955.15 9941.21 9930.64 9920.25 9903.88 9891.82 9880.92 9866.01 9859.89 9858.25 9851 9839.11 9824.24 9817.6 9827.8 9798.39 9767.36 9736.83 9712.34 9698.34 9697.81 9685.62 9674.02 9664.43 9655.78 9649.1 9643.77 9645.7 9656.4 9646.61 9618.83
10111 10130.9 10147.7 10161.8 10168.9 10172.1 10172.4 10166.5 10148.7 10128.8 10110.9 10104.8 10108.3 10110.3 10113.8 10115.7 10111.6 10110.5 10111.9 10107.3 10106.6 10102.5 10111.5 10116.3 10109.8 10089 10063.3 10045.9 10034.3 10014.3 10007.6 9998.3 9994.52 10000.7 9985.37 9977.63 9972.6 9970.19 9963.26 9955.09 9936.9 9906.74 9887.92 9868.7 9864.03 9866.02 9863.29 9850.48 9834.52 9824.89 9805 9777.36 9751.62 9721.57 9693.44 9687.54 9683.15 9683.09 9679.63 9673.63 9664.16 9656.41 9652.43 9646.14 9636.65 9622.82 9600.73
10155.5 10161.8 10176.2 10195.5 10200.2 10189 10183.5 10164.7 10151.4 10137.1 10128 10128.3 10126.4 10123.7 10120.2 10121.6 10121.4 10120.8 10128 10126.4 10120.7 10117.2 10130.3 10127.4 10117.4 10092.3 10064.5 10055.5 10047.8 10037 10033.5 10029.9 10015.5 9993.95 9989.47 9988.66 9988.24 9990.44 9992.49 9976.1 9951.21 9931.87 9903.73 9877.09 9872.1 9893.88 9885.42 9864.71 9848.15 9834.88 9789.78 9765.47 9744.6 9720.87 9702.53 9696.56 9698.98 9693.55 9688.67 9682.18 9674.95 9664.56 9654.17 9645.28 9625.32 9606.57 9586.37
10180.9 10181.8 10192.9 10205.1 10206.4 10190.2 10165.5 10161.3 10158.5 10153.5 10145.9 10152.9 10149.9 10137.8 10130.3 10135.4 10144.8 10144.9 10145.5 10139.3 10135 10142.8 10144.7 10142.5 10131.5 10094.5 10082.6 10075.1 10072.9 10073.6 10065.8 10055.1 10030 10006.9 10000.5 10000.8 10001 10001.2 10004.6 9999.21 9979.71 9951.66 9928.06 9902.2 9891.42 9893.92 9886.93 9874.98 9855.86 9826.76 9802.46 9772 9749.12 9727.74 9710.44 9708.66 9711.07 9705.93 9701.62 9693.39 9685.38 9676.37 9665.82 9654.46 9634.08 9606.82 9593.21
10168.5 10182.9 10198.1 10209.1 10206.4 10192.3 10177.5 10175.2 10172.2 10165.5 10161 10178.3 10172.7 10152.4 10140.2 10151.3 10172.4 10188 10086.5 10099.3 10142.2 10165 10156.4 10161 10161.1 10133 10113.9 10099.3 10100.5 10092.8 10076 10059.5 10034.4 10026.5 10019.8 10015.2 10012.3 10011.4 10013.8 10010.6 9999.34 9988.8 9959.47 9936.36 9922.65 9907.22 9898.09 9888.59 9868.85 9842.57 9810.61 9782 9761.67 9743.51 9728.42 9726.97 9720.93 9717.81 9713.45 9706.18 9698.83 9687.53 9676.1 9662.39 9644.37 9620.14 9588.21
10148.2 10174.6 10197.6 10211.3 10214.8 10205.2 10198.3 10198.1 10193 10190.5 10193.4 10200.3 10187.8 10163.6 10150 10165.9 10185.4 10187.6 10156.6 10139.9 10161.4 10175.5 10167.5 10179.5 10190.9 10164.7 10138.7 10113.9 10114 10102.6 10078.9 10054.3 10061.1 10051.8 10041.6 10029 10020.1 10015.8 10014.5 10000.4 9994.78 9984.08 9975.99 9955.47 9938.83 9938.91 9932.18 9905.71 9884.08 9863.21 9815.7 9793.24 9778.93 9763.06 9751.92 9744.31 9740.24 9735.78 9728.23 9718.73 9709.34 9699.09 9687.52 9676.24 9658.66 9632.84 9589.08
10135 10165.9 10199.3 10224.9 10229 10226 10226.2 10219.7 10213.4 10212 10225.6 10210.4 10189.8 10173.6 10166.5 10181.7 10196.2 10201.6 10196.3 10190 10188.6 10188.5 10185.6 10194.5 10205.6 10188.2 10168.7 10144.1 10128.4 10114.5 10091.3 10072.7 10076.5 10070.4 10057.1 10036.9 10023.7 10012.9 10000.7 9995.59 10000.9 9992.6 9977.67 9965.17 9958.17 9946.67 9934.66 9910.21 9889.11 9864.51 9835.93 9823.85 9798.62 9780.13 9772 9764.96 9761.95 9753.71 9744.67 9734.89 9723.73 9713.87 9700.8 9686.45 9669.23 9641.08 9600.03
10116.3 10145.4 10182.5 10227.7 10234.5 10242.3 10244.3 10238.1 10228.5 10222.7 10216.2 10205.2 10189.3 10186.8 10191.4 10201.8 10213.4 10218.1 10212.5 10215.8 10214.4 10208.2 10198.1 10207.6 10215.1 10197.7 10192.9 10183.8 10144.3 10122.5 10108.6 10099.9 10089 10068.7 10049.2 10037.1 10026.6 10015 10002.8 10003.2 10002.8 9989.81 9973.47 9963.65 9947.27 9929.86 9909.8 9903.88 9896.37 9874.47 9847.7 9840.46 9810.98 9788.68 9773.72 9784.82 9783.61 9771.58 9761.98 9750.66 9738.62 9725.88 9711.23 9694.91 9671.49 9641.06 9614.44
10098.7 10117 10136.5 10170.2 10218.1 10250.7 10258.1 10248.9 10237 10225 10222.5 10207.6 10195.2 10199.8 10210.4 10223.5 10234.8 10244.1 10243.2 10245.3 10252.2 10243.6 10228.9 10228.4 10222.4 10215.5 10209.5 10193.4 10157 10140.8 10122.2 10106 10084.8 10065.5 10046.1 10039.7 10034.3 10027.7 10023.2 10024.3 10017 9995.36 9980.36 9970.56 9955.08 9931.05 9895.78 9906.32 9916.43 9906.34 9860.63 9836.64 9817.02 9797.61 9789.41 9797.79 9795.53 9786.24 9776.14 9764.15 9751.35 9736.91 9720.32 9700.56 9672.62 9645.69 9626.23
10085.3 10094.9 10103.7 10137 10208.2 10261.6 10265.5 10253.2 10237.6 10220 10211.2 10203 10196.8 10224 10236.3 10243.2 10253.3 10264.4 10267 10268 10272 10268.2 10262.5 10248.4 10229.9 10216.8 10204.3 10176.9 10141.2 10135.8 10121.9 10099.9 10092.3 10075 10050.9 10051.5 10050.1 10045.1 10052.3 10054.9 10040.2 10016.6 9993.92 9989.01 9988.88 9959.92 9926.16 9925.07 9932.44 9916.77 9866.01 9842.19 9830.98 9814.57 9805.83 9808.17 9807.71 9797.7 9788.57 9776.15 9761.48 9745.27 9728.68 9709.94 9671.24 9622.34 9629.32
10075.4 10083.9 10100.2 10141.3 10205.7 10270.9 10263.3 10248.6 10231.7 10215.4 10197.9 10207.1 10229.3 10250.5 10254 10256.3 10264.1 10273.6 10276.3 10276.6 10282.6 10275.4 10263.2 10241 10216 10202 10193.3 10169.6 10145.4 10135.8 10128.6 10112.7 10106.2 10093.4 10083.9 10076.1 10075.6 10077.3 10079.5 10078.3 10062.8 10043.6 10014.1 10008.1 10001.2 9980.48 9956.64 9948.61 9949.31 9930.54 9893.54 9875.04 9858.7 9841.7 9825.34 9822.49 9820.2 9813.55 9802.17 9786.69 9769.56 9751.87 9733.96 9715.13 9682.45 9650.14 9651.46
10069.9 10078 10095.3 10138.9 10196.5 10235.6 10240.3 10238.1 10227.1 10211.7 10208.5 10216.5 10241.2 10225 10248.1 10260.1 10267 10272.6 10265.8 10273.5 10276.9 10271.8 10257.8 10237.2 10211.8 10205 10198.7 10175.7 10151.6 10143.4 10152.5 10142 10122.9 10107.3 10097.2 10094.1 10098.9 10110.8 10103 10097.1 10079.8 10057.1 10040.3 10031.8 10021.4 10004.2 9982.14 9968.3 9960.63 9944.04 9916.65 9902.65 9885.85 9868.2 9842.99 9829.92 9831.56 9830.24 9817.39 9798.58 9778.16 9757.51 9736.8 9716.8 9698.64 9685 9675.1
10068 10075.5 10092.3 10137.4 10191.5 10225.1 10232.3 10233.3 10226.9 10214.7 10211.7 10224.4 10262.5 10270.9 10261.6 10263.2 10265.8 10265.6 10266.1 10269 10271.8 10265.3 10254.8 10235.5 10218.5 10216 10217.5 10188.5 10162.8 10166.5 10164.8 10158.4 10132.8 10109.8 10101.6 10104.1 10112.1 10117 10109.9 10098.9 10090.4 10068.9 10065.2 10057 10049.1 10033.4 10002.8 9984.12 9974.88 9959.05 9943.28 9918.91 9901.07 9890.03 9857.18 9847.69 9845.57 9845.64 9829.75 9808 9783.94 9760.23 9738.68 9720.82 9711.52 9707.33 9692.15
10068.8 10076.2 10095.8 10142.6 10193.1 10222.1 10233.8 10236.9 10232.7 10228.9 10225.6 10237.1 10259.3 10270.3 10267.9 10264.5 10262.9 10262.7 10261.6 10261.2 10260.4 10256.9 10253.3 10252.1 10237.2 10233.5 10232.6 10219 10195.8 10200.5 10189.3 10180.9 10152.8 10129.1 10122.5 10122 10125.8 10126.7 10125.2 10119.3 10107.9 10084 10089.3 10071.1 10055.1 10037 10014.7 9996.23 9977.55 9965.98 9952.31 9921.46 9905.59 9895.37 9875.3 9866.31 9849.92 9849.9 9837.61 9815.29 9790.3 9763.69 9739.01 9725.2 9720.73 9718.17 9704.06
10072.6 10080.2 10101.5 10156.6 10209.4 10230.1 10245.8 10246.4 10245.3 10242.8 10242 10249.9 10261.6 10268.3 10265.7 10263.3 10259.2 10258.5 10258.1 10256.1 10251.6 10248.9 10247.8 10250.9 10257 10252.5 10249.2 10229.6 10213.6 10202.8 10203.6 10195.8 10179.3 10162.7 10154 10145.9 10142.4 10140.6 10143.2 10147 10130 10109.3 10095.9 10070.4 10048 10030.5 10013.5 10000.9 9985.29 9966.9 9949.37 9925.12 9913.76 9909.75 9897.28 9880.02 9859.14 9858.73 9846.39 9823.51 9797.67 9771.32 9743.15 9726.49 9730.88 9734.71 9725.41
10082.3 10091.5 10118.1 10180.8 10243.3 10266 10265.7 10262.1 10259.1 10251 10253.4 10258.3 10257.7 10255.9 10260.6 10263.6 10262.8 10254.3 10261.2 10250 10243.6 10241.8 10237.8 10236.5 10255.2 10251 10239.1 10210.7 10190.4 10186.3 10187.8 10194.4 10194.7 10199.1 10173.9 10156.5 10150.9 10146.3 10140.7 10136.5 10115.4 10101.8 10081.8 10054.1 10030.9 10010 9998.99 9994.08 9985.69 9961.63 9939.32 9924.09 9928.32 9936.13 9924.81 9903.87 9879.39 9870.44 9853.04 9826.27 9803.7 9783.6 9764.04 9749.59 9746.96 9743.93 9735.01
10098.4 10116.5 10151.5 10209.7 10263.2 10283.5 10280.7 10272.4 10268.1 10260.9 10261.5 10256.2 10253.9 10251 10258 10266.2 10277.7 10283.4 10267 10254.1 10243.1 10239.9 10239.2 10245.9 10240.1 10231.5 10210.1 10188 10176.9 10174.3 10173.2 10181.7 10181.2 10177 10162.7 10146.9 10122.2 10120.8 10123.9 10119.8 10102.3 10095 10077.1 10043.4 10010.6 9986.9 9973.95 9967.83 9965.96 9946.11 9926.08 9923.26 9940.38 9937.52 9907.89 9884.5 9863.25 9847.59 9833.75 9818.55 9804.4 9794.98 9792.94 9778.62 9763.01 9754.36 9749.5
10122.9 10151.3 10187.5 10239.2 10285.2 10293.6 10286.5 10275.4 10267.3 10266.6 10269.8 10279.1 10264.1 10254.9 10257.5 10261.7 10268.1 10270.2 10259.9 10250.6 10243.9 10239.7 10238.5 10240 10227.2 10212.8 10193 10177.5 10167.7 10157.1 10138.9 10151.9 10154.7 10150.9 10128 10093.2 10082.7 10092.5 10105.1 10110.8 10096.9 10076.1 10054.6 10016.1 9986.72 9960.76 9951.12 9953.4 9946.11 9926.15 9906.26 9901.42 9915.07 9899.8 9864.87 9845.05 9825.84 9821.02 9814.7 9803.99 9797.68 9794.86 9795.55 9782.85 9768.08 9760.33 9757.81
10156.7 10206.6 10238.9 10261.8 10285.7 10289 10285.6 10282 10268.1 10264.4 10264.6 10263.7 10258.8 10261.3 10253.2 10250.5 10249.7 10247.5 10243.5 10240.2 10235.8 10233.3 10230 10224.4 10208.7 10194.5 10178.4 10166.7 10159.7 10154.7 10138.8 10129.3 10129.2 10122.9 10099.8 10072.9 10080.7 10084.4 10088.2 10087.6 10070.7 10032.8 10005.5 9984.57 9965.72 9945.01 9934.35 9928.01 9920.04 9907.17 9888.7 9867.58 9871.17 9868.95 9837.98 9825.79 9807.93 9801.23 9790.66 9789.32 9786.91 9783.95 9780.06 9770.33 9759.34 9752.26 9750.43
10203.3 10257.1 10273.3 10273.9 10272.3 10278.8 10276 10270 10265.2 10258.7 10251.2 10241.2 10234.7 10239.1 10237.9 10235.3 10232.6 10230.4 10227.6 10223 10225.1 10225.3 10222.5 10201.5 10196.1 10176.5 10148.9 10147 10141.3 10144 10127.2 10112.8 10106.9 10095.9 10079.5 10066.1 10085.8 10077.2 10069.1 10060.3 10040.1 10007.2 9983.42 9969.27 9954.09 9939.03 9924.78 9914.27 9907.35 9896.81 9885.43 9881.15 9881.47 9865.87 9849.56 9840.67 9829.99 9811.59 9790.21 9782.81 9776.79 9770.38 9764.68 9752.65 9742.2 9732.34 9723.17
10265 10298.9 10296.2 10283 10277.9 10274.8 10270.6 10265.1 10260.8 10252.5 10241.5 10226.5 10218.8 10218.9 10221.7 10221.9 10217.4 10216.2 10215.3 10214.4 10216.2 10218.3 10218.4 10212.2 10216.9 10207.1 10187.8 10143.4 10122.8 10100.4 10106.4 10100.5 10091.1 10083.4 10070.8 10059.2 10056.8 10058.5 10049.2 10029.6 10002.8 9978.73 9965.64 9958.35 9948.28 9931.97 9914.49 9902.63 9897.95 9891.48 9885.9 9880.82 9873.07 9875.99 9876.76 9869.51 9862.26 9836.54 9805.23 9786.39 9769.86 9754.37 9744.31 9732.41 9722.94 9712.06 9695.23
10305.7 10320.4 10305.7 10288.5 10279.8 10274.8 10269.9 10268.1 10261.7 10253.5 10241.7 10227.8 10220.8 10219.7 10218.7 10217.4 10213.7 10210.3 10206.5 10208.6 10213.3 10214.7 10214.4 10222.3 10229.6 10220 10196.4 10173.5 10129.8 10098.8 10088.2 10083.3 10079.4 10070.9 10060 10050.6 10044.8 10045.3 10037.3 10020.9 9998.34 9971.7 9955.47 9952.93 9946.82 9931.26 9912.5 9893.42 9888.48 9890.08 9887.83 9879.66 9877.61 9890.55 9888.85 9889.79 9883.3 9862.24 9829.95 9798.8 9766.03 9736.27 9716.4 9712.32 9707.12 9698.08 9685.83
10310.4 10307.6 10300.3 10287.2 10280 10275.4 10273 10269.2 10263.5 10256.8 10249.3 10243.2 10241.5 10231.4 10225.8 10221.6 10216.9 10212.9 10209.4 10215.2 10217.3 10216.3 10214 10227.5 10225.7 10210 10188.4 10168.3 10140.2 10117.8 10098.9 10081.1 10082.1 10069.6 10058.1 10069.3 10059.2 10043.6 10032.2 10020.2 10000.8 9974.36 9969.12 9962.49 9949.26 9933.79 9920.66 9902 9896.88 9897.94 9899.31 9900.37 9909.41 9909.72 9910.93 9904.27 9902.98 9884.72 9856.79 9806.76 9764.57 9729.87 9708.17 9704.65 9701.76 9699.13 9703.83
10299.2 10296.3 10294.7 10284.5 10279.6 10277.4 10275.7 10271.9 10268.3 10263.7 10259.5 10256.3 10250.3 10246.5 10241.7 10232.1 10223.6 10222.5 10219.8 10221 10225.2 10224.9 10221.7 10230 10211.6 10197.3 10192.4 10180.3 10164.5 10163.1 10117.5 10111.2 10104.5 10100.1 10105.5 10103.4 10065.4 10040 10026.7 10020.5 10017.8 10003.6 9978.38 9957.22 9942.86 9932.16 9922.86 9917.34 9903.99 9906.66 9911.17 9922.83 9924.82 9897.31 9893.8 9907.93 9913.46 9892.34 9835.89 9793.11 9764.93 9738.95 9719.33 9708.24 9704.76 9705.8 9714.37
10306.5 10307.8 10297.4 10286.8 10283.5 10280.9 10276.4 10275.1 10271.9 10270 10268.4 10265.6 10261.4 10258 10255.1 10247.9 10240.1 10236.4 10238.8 10239.1 10233.7 10235.1 10240.1 10230.5 10212.8 10210.6 10216.4 10205.9 10194.2 10175.6 10147.6 10135.5 10118.8 10116.9 10125.8 10101.9 10050.6 10024.7 10013.6 10008.4 10008.7 10000.8 9972.95 9932.38 9924.58 9926.79 9926.04 9917.43 9915.69 9913.68 9915.26 9920.32 9928.41 9908.95 9901.63 9910.75 9913.97 9894.72 9840.81 9800.68 9774.21 9745.4 9725.51 9714.88 9710.7 9712.64 9724.42
10307.7 10305.7 10300.5 10296.9 10290.7 10281.7 10277.2 10276.5 10274.7 10274.2 10275.4 10277.5 10269.4 10265.2 10263.8 10258.9 10253.4 10244.8 10239.3 10230.5 10227.5 10230.7 10236.5 10230 10211.9 10209.6 10216 10208.1 10195.4 10153.1 10139.3 10116.9 10103.5 10093.9 10084.7 10059.4 10015.2 10002 9995.18 9987.39 9969.9 9965.55 9956.97 9937.71 9930.92 9925.21 9916.77 9915.18 9919.53 9916.57 9913.41 9917.17 9924.64 9915.91 9913.67 9916.17 9912.58 9895.11 9872.32 9839 9793.88 9751.98 9731.95 9720.76 9716.41 9717.88 9724.48
10324.4 10307 10296.5 10292.8 10287.2 10279.7 10277.5 10273.8 10272.2 10272.6 10275.4 10278.6 10269.7 10266.3 10262.8 10257.1 10252.5 10246.8 10239 10226.8 10221.1 10220.4 10215.5 10214.9 10202.8 10202.6 10197.6 10175.7 10161 10130.4 10104.5 10088.8 10075.5 10058.4 10030.8 10009.9 9987.65 9987.87 9984.67 9978.1 9971.79 9982.92 9960.75 9942.34 9944.44 9931.05 9919.71 9918.61 9917.04 9914.06 9907.92 9902.14 9925.31 9925.2 9924.61 9921.79 9918.67 9911.69 9895.11 9863.62 9810.71 9767.15 9739.43 9725.64 9720.74 9721.67 9721.12
10292.7 10290.3 10281.8 10276.1 10274.8 10271 10270.3 10268.5 10268.4 10267.9 10268.5 10271.8 10272.7 10267.9 10260.5 10257.3 10253.9 10248.2 10237 10226.2 10218.2 10216.5 10205.9 10187.5 10179.9 10166.5 10144.3 10144.7 10109.2 10099.3 10078.9 10057.6 10050.8 10043.9 10018.1 10004 9993.27 9990.55 9984.92 9979.22 9973.4 9980.63 9959.5 9951.46 9951.59 9940.95 9928.57 9930.57 9927.62 9919.8 9907.46 9902.54 9910.7 9929.55 9926.77 9921.12 9918.72 9918.06 9899.53 9872.54 9816.69 9765.39 9743.91 9730.78 9724.53 9727.05 9737.47
10286.4 10274.5 10265.3 10262.9 10263.3 10264 10264.6 10263.4 10262.3 10259.9 10257.5 10257.4 10262.4 10262.4 10258.2 10259.2 10255.5 10250.3 10241.7 10222.8 10206.6 10201 10188.9 10181.8 10170.1 10176.1 10186.4 10162.6 10156.9 10131.1 10096 10075.1 10071.2 10058.9 10051.2 10032.2 10020.9 10004.1 9991.99 9986.38 9985.99 9984.48 9972.14 9971.4 9966.52 9955.35 9949.32 9951.73 9947.72 9930.47 9908.38 9885.36 9885.78 9909.07 9914.59 9911.78 9905.56 9892.13 9882.09 9862.17 9812.55 9770.2 9747.16 9732.51 9723.07 9718.41 9726.12
10266 10259.3 10251.2 10247.2 10252.9 10256.9 10258.2 10258.1 10256.7 10252.3 10247.1 10247.1 10249.7 10248.2 10250.4 10257.9 10249.9 10244.9 10236.4 10222.9 10208.7 10194 10188 10195.9 10203.2 10197.2 10188.1 10182.4 10172.3 10158.1 10135 10122.7 10108.6 10078.2 10050.4 10031.8 10013.9 10003.8 9998.34 9992.71 9988.45 9986.12 9985.43 9979.86 9972.27 9969.75 9974.21 9974.19 9958.75 9938.41 9915.59 9895.02 9882.7 9883.27 9899.58 9899.6 9890.41 9875.61 9858.79 9830.28 9805.01 9773.94 9751.63 9734.12 9722.48 9715.16 9726.39
