real_craters/C166-1000m.grd
DSAA
70 70
-34.6 34.6
-34.6 34.6
2882.9458224614 5086.2249706398
[rows 0 to 29 of 70, columns 0 to 66 of 70]
4322.01 4308.54 4294.63 4289.69 4286.69 4288.03 4290.47 4290.29 4290.31 4293.08 4297.39 4294.41 4293.32 4293.84 4292 4287.7 4293.94 4304.03 4314.24 4321.34 4326.59 4330.81 4314.72 4325.76 4310.5 4300.53 4289.89 4281.46 4276.1 4275.39 4279.16 4280.58 4274.39 4263.04 4280.73 4277.43 4278.41 4279.76 4276.27 4271.84 4267.15 4278.49 4266.08 4251.27 4239.61 4244.2 4256.15 4251.17 4240.7 4232.8 4237.66 4238.74 4238.45 4243.52 4216.55 4219.05 4216.32 4234.34 4245 4242.39 4239.29 4236.85 4242.05 4241.59 4245.83 4239.55 4233.48
4308.89 4285.4 4289.52 4292.03 4288.4 4289.24 4289.44 4284.87 4293.54 4298.64 4296.3 4295.93 4285.79 4282.05 4284.03 4285.09 4292.97 4307.29 4321.3 4327.44 4325.59 4313.06 4308.32 4318.37 4308.73 4299.36 4291.24 4281.19 4276.26 4272.45 4273.64 4274.88 4279.85 4279.96 4270.88 4269.99 4272.55 4274.41 4275.56 4270.24 4265.04 4273.83 4269.62 4257.01 4246.41 4234.77 4246.61 4247.42 4245.97 4244.35 4237.57 4247.22 4253.57 4238.98 4219.96 4214.71 4225.8 4241.4 4243.99 4241.79 4237.32 4233.25 4231.72 4240.26 4238.15 4236.66 4232.08
4312.72 4269.56 4289.55 4283.7 4287.49 4289.46 4289.11 4293.04 4290.19 4287.77 4293.39 4292.55 4282.92 4278.44 4280.49 4272.18 4291.85 4307.25 4322.7 4342.27 4325.29 4311.99 4317.17 4305.55 4303.09 4302.02 4291.87 4282.59 4273.08 4272.05 4271.82 4270.96 4272.19 4276.32 4267.86 4263.77 4257.55 4277.76 4277.84 4276.08 4275.96 4276.92 4273.07 4262.31 4244.56 4231.33 4244.97 4253.75 4248.59 4239.86 4253.76 4262.12 4272.3 4300.29 4219.73 4243.28 4258.63 4242.12 4246.44 4238.92 4234.44 4229.34 4230.4 4238.67 4250.76 4244.28 4238.36
4307.86 4292.45 4288.01 4289.3 4285.66 4287.19 4287.41 4288.85 4292.58 4291.16 4291.05 4299.52 4282.96 4282.74 4284.95 4290.79 4296.63 4307.75 4318.98 4326.6 4332.55 4326.03 4314.69 4301.46 4305.72 4301.05 4292.33 4284.65 4279.14 4275.01 4275.26 4276.07 4274.9 4271.9 4268.8 4270.87 4274.22 4281.21 4279.39 4280.79 4282.53 4284.16 4279.73 4269.49 4260.81 4239.68 4263.38 4262 4260.96 4265.29 4272.59 4269.42 4269.76 4274.77 4254.94 4271.7 4277.52 4269.38 4245.24 4237.68 4234.21 4228.35 4228.25 4238.34 4255.52 4251.57 4246.96
4338.09 4319.23 4303.46 4286.69 4286.75 4285.31 4285.81 4286.27 4294.45 4284.14 4289.1 4279.58 4263.3 4278.71 4283.4 4289.75 4298.18 4307.73 4317.76 4326.41 4332.53 4320.43 4309.97 4298.41 4301.23 4297.68 4295.09 4287.22 4277.85 4275.86 4280.75 4282.81 4282.82 4284.61 4282.08 4286.69 4286.65 4280.09 4279.46 4287.15 4290.48 4288.81 4284.65 4273.89 4255.2 4243.57 4252.81 4261.05 4265.43 4267.53 4268.02 4271.82 4273.53 4291.93 4275 4272.13 4268.41 4277.72 4236.5 4239.98 4240.55 4240.97 4240.02 4251.1 4258.4 4267.78 4257.42
4343.12 4316.76 4304 4296.51 4292.73 4293.11 4291.95 4289.85 4287.65 4280.77 4289.37 4294.51 4256.26 4268.61 4276.65 4287.15 4295.36 4307.12 4321.36 4335.2 4334.71 4319.02 4308.86 4298.8 4293.12 4307.01 4301.85 4294.98 4286.3 4285.69 4290.54 4291.77 4289.31 4285.75 4296.63 4296.27 4288.06 4277.22 4281.04 4286.25 4288.98 4287.02 4280.86 4277.42 4258.63 4243.63 4243.45 4254.37 4262.02 4262.91 4260.02 4273.44 4284.89 4290.31 4293.07 4285.7 4291.05 4313.37 4247.86 4244.29 4254.96 4260.9 4256.61 4248.45 4253.17 4257.26 4257.9
4329.65 4320.31 4306.12 4296.36 4296.69 4294.89 4294.07 4292.33 4270.93 4281.36 4281.33 4276.29 4262.64 4259.22 4267.48 4278.06 4290 4302.09 4318.3 4348.74 4353.65 4328.41 4308.32 4312.55 4309.85 4310.6 4311.12 4307.09 4301.46 4299.81 4303.46 4304.65 4303.75 4296.83 4300.06 4306.14 4296.74 4285.99 4285.48 4282.63 4284.49 4282.35 4278.52 4281.97 4276.9 4246.48 4234.34 4248.56 4257.45 4254.86 4264.31 4276.17 4295.82 4306.96 4315.77 4330.9 4327.27 4322.45 4301.14 4269.45 4271.07 4273.35 4264.17 4246.69 4244.58 4253.75 4254.48
4320.37 4322.38 4310.51 4309.21 4301.45 4298.88 4299.24 4300.56 4297.78 4288.75 4283.59 4271.7 4257.93 4267.09 4270.47 4278.91 4291.05 4298.93 4305.2 4342.95 4347.99 4322.99 4319.89 4322.97 4333.41 4330.87 4324.63 4320.77 4321.36 4324.29 4316.57 4315.52 4316.52 4315.3 4313.62 4316.91 4311.39 4295.12 4300.98 4310.53 4296.51 4283.32 4273.85 4288.57 4285.91 4255.21 4243.59 4250.36 4256.18 4262.14 4257.92 4265.03 4268.1 4304.48 4330.5 4350.5 4342.35 4339.3 4304.01 4294.34 4286.67 4287.42 4277.98 4261.69 4251.59 4254.17 4257.07
4305.98 4310.89 4306.57 4298.18 4295.55 4296.22 4297.8 4299.06 4303.63 4291.81 4291.37 4283.19 4266.06 4267.37 4286.32 4293.55 4297.89 4303.3 4310.96 4330.18 4344.42 4331.52 4329.23 4339.91 4327.12 4332.39 4328.45 4325.14 4324.99 4330.03 4321.45 4323.8 4327.11 4334.09 4331.77 4325.91 4322.82 4305.73 4302.78 4315.03 4302.4 4287 4276.89 4295.54 4297.27 4276.49 4252.67 4248.23 4255.59 4251.99 4247.56 4254.14 4256.9 4282.58 4304.89 4326.46 4343.38 4323.48 4294.71 4299.71 4297.13 4293.22 4290.51 4261.58 4258.33 4261.97 4262.57
4311.1 4312.37 4300.97 4291.72 4290.8 4295.06 4298.26 4299.85 4293.29 4286.3 4284.71 4273.22 4264.78 4275.76 4291.21 4300.51 4303.17 4309.84 4324.43 4346.11 4345.49 4336.24 4340.86 4335.18 4318.82 4323.48 4326.56 4325.5 4317.7 4309.62 4319.6 4328.76 4337.4 4336.94 4328.97 4342.39 4336.35 4316.59 4301.36 4310.21 4301.45 4288.88 4279.79 4277.55 4283.31 4276.21 4274.1 4260.13 4255.83 4255.97 4253.61 4247.89 4247.8 4262.3 4280.38 4300.37 4327.72 4321.61 4309.62 4303.12 4305.43 4300.34 4290.95 4274.02 4262.01 4261.07 4259.03
4323.98 4326.43 4308.74 4291.44 4291.7 4297.63 4299.42 4297.38 4293.42 4268.04 4268.88 4261.24 4257.45 4281.92 4287.09 4302.18 4307.45 4313.99 4325.7 4357.8 4370.01 4366.99 4344.17 4325.02 4333.07 4344.18 4335.41 4325.43 4315.98 4301.18 4318.43 4333.25 4343.25 4352.82 4325.77 4343.35 4349.07 4322.74 4296.84 4306.4 4302.06 4294.23 4284.48 4274.87 4281.44 4283.76 4269.3 4263.1 4244.86 4246.89 4255.24 4262.81 4252.09 4264.72 4271.29 4307.44 4290.27 4308.3 4309.65 4314.14 4310.04 4300.89 4288.47 4272.82 4262.35 4261.34 4261.02
4319.88 4320.64 4310 4299.68 4305.22 4310.26 4308.23 4302.23 4287.88 4264.89 4256.14 4256.72 4258.88 4270.77 4304.36 4303.53 4308.44 4313.94 4323.92 4358.75 4372.28 4366.95 4339.92 4328.4 4327.47 4336.22 4329.33 4326.38 4324.12 4326.43 4331.56 4342.2 4351.22 4357.14 4314.55 4343.14 4354.94 4327.13 4304.41 4302.54 4306.25 4305.58 4303.4 4313.46 4298.46 4291 4281.21 4257.73 4261.97 4264.26 4280.18 4261.32 4252.43 4269.32 4290.01 4307.59 4322.18 4287.67 4311.03 4325.76 4310.32 4294.34 4282.21 4272.34 4259.69 4269.82 4284.32
4315.45 4312.23 4311.65 4320.15 4332.95 4322.74 4310.83 4299.5 4295.32 4287.78 4267.34 4271.95 4285.06 4322.8 4291.16 4300.81 4307.81 4316.28 4329.43 4347.24 4344.93 4347.86 4341.27 4332.97 4326.17 4324.26 4332.41 4332.2 4333.12 4340.64 4343.25 4349.24 4347.2 4390.85 4387.28 4361.65 4339.91 4324.5 4305.07 4312.29 4317.34 4319.26 4320.94 4318.25 4311.08 4295.02 4277.1 4283.41 4276.5 4273.08 4271.08 4269.54 4261.6 4266.46 4289.84 4318.99 4318.26 4314.17 4310.25 4320.42 4307.93 4289.87 4273.38 4276.65 4281.45 4285.18 4293.09
4305.96 4299.35 4300.64 4320.93 4341.99 4332.22 4316.91 4302.07 4288.13 4280.43 4261.6 4279.34 4289.81 4304.71 4299.7 4303.46 4311.06 4321.02 4338.91 4346.5 4337.42 4329.86 4324.53 4323.99 4324.96 4335.86 4331.43 4340.73 4343.08 4338.43 4341.12 4352.02 4352.33 4345.76 4332.69 4332.88 4328.1 4324.52 4335.81 4331.56 4329.48 4329.43 4333.04 4332.07 4318.09 4299.31 4279.44 4288.31 4268.91 4265.63 4263.93 4243.96 4258.39 4265.17 4307.07 4323.21 4309.73 4295.51 4306.8 4305.58 4296.39 4284.18 4272.69 4278.71 4287.86 4287.5 4288.12
4295.29 4292.21 4306.64 4322.36 4348.38 4330.94 4314.95 4300.11 4286.11 4280.29 4273.55 4266.47 4282.1 4309.07 4312.48 4316.93 4321.82 4327.11 4344.48 4354.48 4347.9 4346.72 4342.51 4334.19 4322.94 4342.78 4355.74 4358.29 4362.77 4364.13 4367.7 4361.22 4356.41 4334.83 4285.5 4274.92 4294.46 4311.92 4326.15 4336.63 4343.32 4341.59 4340.08 4331.22 4310.75 4299.5 4291.45 4279.6 4279.7 4265.68 4257.15 4251.31 4250.71 4263.68 4280.53 4317.75 4297.26 4282.56 4287.72 4303.02 4296.69 4281.56 4272.55 4279.74 4285.21 4278.04 4269.14
4280.78 4296.67 4307.81 4315.49 4322.05 4323.5 4309.88 4291.97 4276.87 4261.13 4266.8 4270 4282.35 4311.91 4325.73 4323.35 4328.84 4340.45 4351.52 4370.05 4376.44 4368.35 4368.53 4352.9 4343.86 4353.65 4368.97 4376.33 4385.58 4397.46 4399.32 4366.16 4343.54 4318.28 4306.21 4272.57 4280.75 4306.54 4331.86 4365.68 4356.3 4339.68 4326.69 4310.39 4292.78 4299.66 4319.31 4322.53 4284.01 4266.56 4259.9 4255.01 4251.91 4270.34 4275.48 4285.82 4287.53 4289.57 4289.64 4301.14 4284.1 4277.48 4277.69 4284.34 4285.84 4270.78 4262.01
4282.11 4299.3 4317.76 4339.43 4327.62 4316.53 4299.75 4283.36 4265.55 4252.07 4256.76 4270.37 4287.55 4298.36 4307.3 4319.77 4333.61 4351.46 4373.33 4380.18 4388.03 4374.17 4364.74 4364.79 4358.79 4388.04 4391.96 4401.8 4413.22 4414.82 4398.89 4379.03 4372.67 4356.58 4342.22 4301.66 4309.55 4350.27 4353.43 4389.91 4360.31 4331.93 4292.96 4273.02 4284.46 4305.21 4316.91 4310.93 4274.32 4260.82 4248.38 4238.27 4239.87 4245.56 4262.05 4270.16 4283 4296.56 4315.59 4304.73 4302.04 4280.64 4277.38 4285.95 4281.88 4266.91 4257.15
4282.77 4290.7 4299.89 4319.91 4320.76 4309.65 4296.86 4281.62 4267.01 4252.36 4265.77 4268.64 4291.5 4319.17 4308.34 4318.6 4332.37 4347.49 4371.45 4373.86 4382.45 4365.8 4362.76 4381.36 4396.76 4398.97 4405.16 4428.33 4450.18 4448.73 4394.62 4444.37 4478.44 4499.77 4477.29 4516.82 4564.55 4497.67 4385.83 4332.94 4381.68 4357.05 4287.56 4273.84 4307.81 4317.9 4307.5 4285.21 4271.2 4261.03 4247 4233.56 4241.46 4253.29 4273.51 4287.8 4299.17 4292.89 4288.19 4294.67 4287.72 4271.39 4270.55 4273.9 4273.5 4260.29 4249.42
4290.9 4297.56 4294 4313.23 4310.86 4302.8 4293.66 4286.15 4280.97 4279.79 4268.41 4266.17 4290.57 4322.88 4312.7 4322.46 4331.22 4345.86 4370.91 4383.13 4399.21 4377.48 4396.33 4397.05 4410.1 4407.7 4427.78 4470.01 4517.95 4578.38 4676.03 4657.94 4656.9 4690.23 4765.86 4859.28 4836.48 4726.38 4554.21 4552.38 4475.7 4452.09 4388.92 4328.21 4352.75 4332.75 4302.84 4270.56 4280.12 4269.6 4257.67 4251.1 4255.12 4270.08 4277.72 4280 4306.8 4310.31 4295.92 4294.08 4277.85 4267.61 4272.26 4282.19 4276.68 4260.81 4259.84
4293.34 4292.81 4293.38 4307.17 4299.17 4288.81 4289.38 4286.92 4282.69 4275.37 4270.22 4270.72 4281.6 4298.22 4301.04 4320.87 4334.78 4347.79 4374.95 4381.47 4390.12 4366.17 4385.46 4392.92 4393.9 4404.41 4437.81 4486.63 4572.89 4690.38 4824.15 4941.18 4787.98 4695.49 4643.24 4712.24 4869.59 4897.81 4820.72 4607.64 4606.5 4572.46 4594.94 4412.86 4359.26 4339.87 4307.24 4278.9 4275.14 4278.65 4272.1 4253.82 4258.18 4244.85 4258.9 4275.34 4287.06 4312.46 4309 4313.37 4297.75 4287.63 4293.27 4303.5 4295.41 4285.17 4285.58
4307.82 4299.09 4305.08 4305.76 4295.5 4286.42 4287.45 4285.08 4281.93 4273.04 4277.53 4268.65 4273.69 4283.25 4294.6 4317.29 4344.48 4369.41 4384.54 4392.45 4361.03 4342.53 4356.57 4374.38 4374.21 4402.36 4460.93 4478.92 4580.02 4714.69 4849.66 4723.42 4721.79 4633.68 4554.38 4537.09 4666.11 4760.94 4840 4938.88 4768.1 4652.63 4514.47 4463.82 4375.28 4380.22 4327.96 4284.86 4284.84 4290.4 4293.69 4280.01 4259.16 4269.8 4258.74 4281.58 4279.43 4307.47 4316.13 4315.15 4322.49 4324.38 4322.62 4327.17 4319.7 4312.48 4303.38
4298.32 4298.31 4313.33 4309.8 4294.68 4298.58 4286.87 4286.26 4288.05 4288.76 4294.37 4288.96 4275.31 4275.05 4290.21 4316.47 4349.88 4378.15 4392.91 4410.72 4371.52 4338.01 4333.75 4386.34 4442.78 4491.68 4612.74 4504.96 4592.59 4634.53 4718.5 4775.65 4599.39 4596.09 4553.05 4431.12 4414.7 4427.7 4491.63 4672.01 4740.13 4755.01 4744.63 4673.71 4604.24 4473.82 4361.9 4286.84 4290.42 4301.8 4309.2 4277.33 4258.89 4245.16 4250.15 4276.92 4285.82 4301.79 4320.82 4334.48 4333.21 4346.59 4339.27 4324.44 4330.2 4330.92 4320.48
4295.75 4300.57 4315.76 4313.86 4293.95 4279.77 4280.86 4285.15 4290.87 4293.7 4292.32 4299.34 4297.6 4298.06 4305.7 4326.82 4353.06 4352.52 4389.73 4411.87 4410.45 4392.79 4404.5 4520.27 4676 4845.51 4995.86 4910.59 4631.53 4487.34 4386.71 4316.61 4278.13 4234.84 4167.56 4118.02 4071.01 4092.86 4221.9 4429.14 4570.97 4774.45 4929.01 4822.36 4743.84 4577.57 4415.56 4296.28 4299.11 4317.34 4328.88 4301.84 4259.47 4254.52 4274.19 4300.84 4286.34 4287.16 4305.95 4325.66 4333.09 4337.83 4333.97 4331.13 4332.62 4330.54 4317.79
4287.5 4302.18 4312.57 4315.25 4308.94 4282.73 4279.03 4284.64 4291.54 4297.23 4271.9 4281.32 4287.12 4303.48 4324.38 4344.3 4377.44 4408.5 4411.22 4422.32 4377.03 4352.76 4554.47 4735.53 4903.13 5079.22 5086.22 4722.52 4452.14 4261.17 4122.7 3993.4 3913.72 3784.1 3789.18 3810.1 3854.11 3877.07 3968.72 4115.47 4222.38 4452.67 4698.74 4910.25 4743.6 4639.97 4490.1 4357.18 4319.71 4336.2 4345.27 4327.91 4288.7 4264.12 4276.66 4298 4284.87 4274.56 4286.7 4297.71 4309.94 4325.13 4323.68 4326.47 4326.74 4315.83 4315.78
4287.3 4300.02 4302.14 4294.97 4293.58 4285.1 4281.83 4283.09 4287.23 4294.02 4296.3 4270.71 4276.8 4305.33 4332.11 4372.34 4414.82 4413.05 4449.42 4466.09 4428.75 4516.06 4708.61 5013.06 4947.48 4857.68 4632.92 4338.03 4152.34 4013.66 3887.59 3780.24 3669.04 3560.12 3555.23 3593.89 3680.78 3729.02 3763.8 3858.44 3913.87 4045.9 4278.7 4536.85 4740.86 4662.21 4581.08 4456.66 4359.81 4351.38 4329.63 4318.6 4291.76 4277.84 4270.42 4272.82 4265.79 4261.29 4265.08 4286.57 4291.39 4300.53 4308.6 4314.24 4324.72 4314.6 4313.78
4275.02 4295.09 4298.44 4290.3 4280.97 4272.56 4274.96 4279.59 4281.72 4287.01 4285.48 4270.81 4275.7 4300.91 4342.21 4379.76 4428.44 4439.25 4471.97 4449.22 4422.28 4811.94 4900.73 4982.79 4770.11 4442.78 4187.59 3992.74 3866.9 3779 3714.52 3637.85 3511.22 3409.18 3421.14 3472.08 3483.42 3519.4 3577.02 3652.43 3658.64 3780.76 3954.44 4087.34 4310.33 4477.35 4648.83 4583.93 4412.67 4398.95 4298.01 4289.66 4289.22 4277.62 4269.45 4260.27 4256.72 4261.92 4275.89 4270.04 4281.21 4305.77 4309.21 4318.42 4324.05 4319.25 4311.5
4299.3 4309.2 4306.11 4297.56 4269.66 4264.36 4271.79 4281.08 4289.91 4291.36 4284.76 4272.79 4281.76 4310.09 4355.69 4417.52 4449.51 4500.78 4473.84 4437.92 4438.82 4721.33 4872.17 4889.02 4526.48 4136.43 3874.06 3748.08 3673.52 3582.49 3442.08 3439.36 3393.05 3315.71 3301.77 3274.91 3325.54 3350.52 3437.95 3521.71 3565.38 3568.72 3759.45 3990.99 4095.04 4293.63 4497.73 4542.69 4487.63 4417 4291.46 4290.82 4272.41 4259.19 4274.59 4270.75 4268.3 4271.28 4280.19 4287.75 4289.36 4305.75 4332.66 4334.85 4330.35 4322.03 4302.87
4321.05 4326.23 4315.99 4299.41 4275.01 4264.49 4267.55 4281.64 4293.6 4293.59 4281.53 4274.74 4294.63 4320.31 4361.55 4399.6 4426.04 4426.53 4437.85 4438.66 4455.95 4678.23 4850.94 4702.21 4261.98 3907.04 3683.21 3640.23 3558.39 3464.72 3407.09 3376.86 3297.36 3232.62 3217.21 3231.64 3264.63 3269.8 3316.05 3372.73 3399.37 3470.35 3602.41 3838.37 4055.88 4263.42 4320.87 4496.62 4581.76 4498.43 4393.09 4326.86 4307.21 4289.19 4287.99 4283.98 4286.76 4296.08 4305.37 4290.83 4297.08 4321.72 4349.22 4349.57 4339.53 4327.81 4309.51
4333.68 4330.17 4319.86 4307.64 4289.08 4274.09 4274.02 4280.72 4289.51 4280.6 4270.71 4258.94 4275.05 4317.84 4366.48 4412.47 4424.49 4436.08 4461.72 4508.91 4662.92 4780.54 4721.81 4462.6 4036.65 3765.09 3577.25 3463.56 3347.43 3360.15 3362.52 3276.65 3194.34 3149.23 3151.05 3149.85 3178.3 3195.85 3231.2 3260.62 3239.32 3401.26 3424.02 3588.91 3909.01 4168.48 4385.15 4511.57 4637.56 4590.85 4439.38 4358.76 4327.12 4311.06 4296.19 4290.44 4287.08 4305.97 4325.62 4309 4320.53 4337.37 4361.44 4354 4344.64 4330.14 4302.27
4316.31 4317.89 4314.17 4309.16 4298.91 4285.27 4281.75 4274.27 4267.43 4263.84 4260.55 4256.27 4271.74 4311.67 4356.95 4408 4438.16 4449.44 4441.21 4545.89 4848.39 4734.55 4532.59 4194.37 3865.83 3685.89 3517.52 3259.89 3251.06 3282.34 3280.37 3232.82 3170.57 3141.57 3129.44 3104.86 3132.42 3181.36 3273.68 3270.42 3256.63 3258.72 3305.88 3470.96 3743.33 3978.21 4194.11 4438.21 4672.1 4625.2 4493.25 4379.41 4332.27 4316.62 4303.21 4296.46 4289.41 4294.34 4321.65 4328.17 4341.8 4365.91 4383.9 4361.33 4344.33 4332.98 4315.68
