real_craters/C166-500m.grd
DSAA
243 243
-60.55 60.55
-60.55 60.55
7053.0636467422 10486.043893186
[rows 90 to 119 of 243, columns 0 to 66 of 243]
10256.8 10252.6 10246.4 10244.4 10249.6 10253.2 10254.1 10254.3 10252 10247.8 10238.6 10234.4 10238.8 10231.6 10231 10227.5 10234.9 10234.9 10229.6 10223.6 10219.6 10197.3 10204.1 10216.9 10228 10221.5 10201.4 10200.4 10189 10171.6 10159.9 10151.6 10125.4 10091.4 10056.5 10033.8 10020.6 10012.2 10007.8 10001.5 9993.65 9991.5 10007.9 9990.03 9975.67 9977.62 9988.49 9994.1 9978.59 9957.48 9931.02 9916.55 9908.45 9906.65 9900.36 9890.58 9877.13 9860.29 9844.76 9830.96 9809.79 9784.63 9756.06 9735.71 9722.77 9718.68 9727.55
10271.9 10255.3 10249.4 10249.9 10251.2 10252.5 10254 10252.4 10251 10250.1 10252.2 10248.1 10244.4 10241.4 10239.3 10235.2 10229.8 10216.8 10217.2 10215 10205.1 10195 10212.4 10225.2 10233 10225.4 10214 10212.2 10194.3 10174.2 10161 10145.7 10126.2 10104.3 10074.5 10050.4 10036.8 10027.3 10023.1 10016.8 10010.6 10007.9 10016.5 10009.9 9991.01 9986.12 9993.09 10004.8 9978.04 9951.54 9943.87 9934.51 9919.37 9912.54 9897.51 9881.58 9867.68 9855.21 9842.08 9824.92 9803.06 9779.97 9756.13 9733.91 9717.39 9712.02 9715.92
10264 10256.4 10249.6 10253 10255.2 10254.4 10254.4 10254.5 10253.2 10252.2 10252.1 10253.3 10249.4 10254 10255 10254.6 10241.1 10227.5 10220.6 10214 10205.4 10231.7 10231.9 10226.2 10218.2 10210.5 10216.2 10210.3 10188 10174.7 10161.2 10148.6 10138.1 10123.5 10101.8 10079.4 10060.5 10054.6 10042.6 10034.8 10029.9 10029.6 10024.2 10017.4 10010.6 10006.4 10003 9996.98 9976.86 9960.44 9966.56 9962.79 9941.25 9911.32 9886.46 9872.95 9858.58 9846.69 9833.53 9816.22 9799.22 9776.94 9753.1 9731.17 9709.36 9686.81 9689.3
10260.5 10261.9 10268.2 10264.7 10262 10260.5 10259.2 10257.1 10255.3 10254.6 10254.5 10259.3 10264.5 10265.1 10266.4 10265 10256 10250.1 10235.4 10227.4 10223.8 10229.1 10232.8 10229.6 10227.5 10224.8 10224 10216.8 10190.5 10181.1 10169.9 10157.9 10154.2 10142.6 10123.6 10072.8 10073.3 10069.8 10060.6 10051.2 10042.8 10034 10023.5 10016.6 10015.5 10016.4 10009.2 9988.93 9978 9976.53 9973.45 9973.97 9964.39 9922.9 9888.72 9865.36 9846.57 9829.88 9815.46 9802.23 9787.76 9770.91 9748.63 9727.59 9707.52 9691.37 9680.71
10269.8 10272.7 10281.4 10273.5 10269 10265.6 10262.8 10259.6 10257.5 10256.5 10264.6 10268.9 10281.8 10297.6 10291.2 10276.6 10264.9 10250.2 10244.7 10240.8 10243.2 10245.9 10245.6 10240.1 10241.8 10238 10239.4 10237.3 10212.4 10196.6 10183.8 10173 10170.4 10156.1 10123 10104.6 10086.8 10083.9 10074.8 10064.3 10054.9 10044.2 10030.9 10022.9 10010.1 10009.3 10000.3 9979.71 9976.64 9976.16 9977.53 9972.92 9955.71 9918.96 9886.25 9859.64 9834.44 9812.09 9795.95 9789.66 9782.42 9762.32 9741.87 9723.32 9709.34 9696.58 9684.14
10281.8 10280.8 10286.6 10277.7 10273.2 10269.7 10265.7 10263.6 10260.4 10258.3 10257.6 10273 10288.5 10297.1 10297.5 10296.2 10276.6 10264.5 10255.8 10250.6 10251.5 10262.9 10261.4 10247.4 10246.9 10260.6 10258.8 10247.6 10229.8 10213 10200.5 10192.1 10196.7 10180.2 10132.2 10098.5 10093.9 10098 10083.8 10072 10065.4 10062.4 10044.8 10022.1 9996.16 9980.44 9982.06 9984.04 9979.36 9972.36 9975.06 9975.08 9969.74 9940.29 9898.6 9855.63 9821.99 9794.05 9770.87 9770.37 9768.43 9749.51 9729.87 9713.07 9701.3 9696.26 9685.97
10301.2 10288.2 10278.3 10279.2 10277.9 10274.2 10271.7 10267.9 10266 10266.6 10270.6 10281.1 10293.9 10301.1 10317.5 10287.4 10280.8 10276.5 10265.7 10258.8 10256 10273.8 10270 10253 10260.6 10279 10275 10262.2 10241.8 10225.2 10215.3 10213.4 10221.9 10214.2 10169.7 10117.5 10101.4 10093.6 10081.9 10073.1 10067.5 10060.7 10037 10005.3 9980.88 9964.15 9961.77 9962.69 9961.23 9968.13 9968.37 9957.33 9948.51 9949.57 9886.2 9842.48 9810.49 9782.72 9759.49 9755.74 9750.41 9732.61 9716.88 9699.56 9680.68 9671.63 9677.95
10315 10298.4 10286.1 10285 10283.6 10280.2 10276.8 10274.6 10273.2 10273.8 10278.9 10289 10301.3 10313 10314.7 10300.1 10285.8 10277.8 10274.2 10271 10270.6 10284.9 10279.9 10270.4 10282.1 10291.4 10279.5 10257.2 10241.8 10229.3 10221.2 10220.1 10225 10225 10195.7 10147.4 10112.4 10085.5 10073.9 10069.9 10063.6 10052.3 10029.2 9993.75 9972.36 9958.78 9949.36 9939.69 9933.45 9937.63 9931.17 9927.59 9932.46 9924.68 9857.57 9825.72 9800.96 9778.03 9760.43 9743.49 9727.58 9716.45 9705.94 9691.29 9672.23 9663.67 9670.62
10310 10292.9 10294.9 10295.3 10292.4 10288.4 10285.1 10282.7 10281.4 10280.1 10285 10296.9 10308.2 10313 10306.3 10303.3 10288.5 10283.1 10284.7 10287.7 10290.1 10300.3 10291.8 10287.4 10295.7 10289.6 10269.6 10250.8 10239.1 10228.2 10218.4 10210.9 10206.7 10209 10193.9 10159.1 10124.6 10092 10077.5 10072 10062.4 10047.1 10022.5 9996.97 9974.83 9958.66 9950.33 9941.92 9934 9923.08 9910.89 9900.94 9917.04 9912.58 9859.89 9820.5 9795.94 9774.97 9755.17 9735.08 9716.8 9711.43 9704.56 9692.44 9681.4 9671.31 9667.03
10323.5 10333.6 10320.8 10309.8 10302.9 10297.3 10294.1 10291.2 10291.5 10294 10296.8 10302.6 10313.8 10319.8 10311.7 10297 10292.1 10291.6 10295.6 10302.8 10309.5 10305.8 10297.5 10292.6 10300.1 10281.3 10261.4 10255.7 10238.6 10224.8 10212.8 10202 10194.6 10189.8 10182.1 10157.9 10134.1 10114.4 10097.2 10080.4 10065.8 10052.4 10038.5 10008.8 9987.95 9976.97 9958.77 9953.38 9952.29 9940.77 9912.73 9897.85 9900.52 9882.85 9848.59 9818.59 9796.42 9775.53 9754.8 9736.92 9727.61 9722.27 9712.11 9696.61 9682.14 9671.48 9664.75
10337.2 10340.8 10335.4 10323.9 10316.8 10309.2 10302.4 10298.2 10297.7 10299.4 10301.5 10307.3 10315.2 10325.4 10307.7 10302.3 10303.2 10301.3 10304 10307.5 10307.9 10307.8 10296.9 10292.8 10298.3 10280.3 10275.1 10254.3 10237.6 10221.9 10206.6 10192 10180.2 10173.2 10172.6 10162.2 10148.6 10132.5 10111 10085.9 10067.4 10053.7 10042.1 10033.8 10005 9977.01 9958.26 9959.1 9960.95 9957.16 9903.32 9882.32 9878.5 9867.2 9843.29 9818.4 9800.49 9783.55 9765.26 9750.17 9750.27 9744.86 9727.89 9704.99 9681.28 9672.08 9666.08
10347.6 10352.9 10344.5 10333.9 10324.4 10315.5 10307.7 10302 10298.5 10298.9 10298.9 10303 10307.4 10313.4 10316.8 10310.5 10308 10310.1 10311.1 10309.7 10306.6 10308.1 10296.2 10295 10291.2 10281.6 10269.5 10256.9 10236.1 10218.4 10202.2 10186.5 10169.7 10164.9 10170.1 10176.2 10166.4 10137.6 10109.4 10082.6 10064.3 10050.8 10041.6 10036.7 10005.6 9968.26 9956.06 9959.49 9971.78 9959.75 9902.29 9876.87 9866.82 9853.45 9835.6 9816.81 9807.09 9798.42 9789.67 9786.41 9795.32 9783.88 9743.52 9713.62 9692.58 9678.28 9669.57
10356 10356.7 10351.1 10341.1 10330.2 10320 10310.7 10303.7 10297.9 10289.1 10293 10294.5 10296.4 10298.5 10321.1 10315.1 10313.6 10314.6 10317.3 10316.5 10306.8 10298.8 10293.9 10290.7 10291.7 10280.1 10270.2 10245.8 10230.3 10216.2 10201.8 10187.8 10179.2 10165.9 10163.8 10176.5 10169.3 10127.1 10090.6 10070.1 10054.8 10043.7 10036.6 10031.3 9996.9 9966.42 9954.71 9948.35 9930.91 9942.37 9902.39 9888.93 9862.32 9841.2 9825.58 9822.21 9814.72 9812.16 9816.02 9817.11 9803.95 9777.78 9740.75 9712.25 9690.72 9680.32 9674.09
10368.3 10362.4 10358.5 10348.3 10336.7 10324.8 10314.4 10306.2 10300 10296.9 10290.2 10290.2 10290.8 10297.6 10315.6 10312.6 10309.2 10314.9 10321.9 10328.5 10308.9 10294.6 10296.5 10290.1 10280.7 10268.7 10244 10232.8 10221.7 10209.8 10198.2 10185.1 10169.6 10158 10148.2 10146.6 10132.2 10101.6 10071.5 10053.9 10041.5 10031.7 10024.9 10021 10000.1 9957.74 9944.22 9932.44 9931.52 9913.85 9881.69 9864.66 9846.97 9832.11 9821.66 9820.82 9815.45 9814.67 9821.86 9818.17 9781.02 9738.05 9723.58 9707.76 9694.47 9682.01 9674.32
10381.8 10379.6 10368.1 10352.5 10339.8 10327 10315.8 10304.8 10296.2 10290 10285.3 10283 10286.1 10296.6 10312.4 10310.9 10308.4 10317 10321.5 10319.6 10311.6 10305 10305.3 10299.7 10286.4 10276.5 10260.3 10231.9 10220.3 10208.5 10197 10185 10169.6 10145.8 10126.2 10113.2 10094.9 10074.4 10051.4 10039.3 10028.7 10016.9 10003.7 9994.22 9987.4 9943.78 9924.53 9910.92 9892.55 9881.64 9848.59 9827.88 9830.69 9824.97 9813.79 9815.35 9806.17 9803.89 9802.69 9805.06 9768.76 9721.37 9713.27 9708.43 9695.99 9683.09 9671.93
10380.1 10378.8 10369 10353.7 10341.9 10329.7 10316.7 10303.8 10290.6 10284.1 10281.4 10279 10278.5 10286.1 10309.9 10313.7 10319.1 10326.1 10325.3 10317.9 10312.2 10308.3 10309.9 10306.9 10303.1 10293 10265 10239.3 10221.2 10207 10195 10185 10178.3 10149.4 10115.4 10090.6 10067 10056.6 10043.5 10032.9 10019.5 10004.5 9989.78 9978.66 9971.41 9948.83 9918.42 9902.4 9880.38 9862.12 9843.37 9832.73 9825.2 9823.3 9821.39 9794.99 9790.82 9788.11 9786.39 9793.97 9767.23 9724.49 9713.4 9714.24 9703.04 9681.94 9667.19
10361.5 10361 10360.2 10349.8 10341.1 10330.8 10318.6 10305.7 10294.9 10286.8 10283.3 10280.2 10277.7 10284.4 10308.5 10319 10329 10333.7 10333.9 10327.7 10310.7 10311.3 10316 10309.5 10302.9 10296.5 10274.7 10239.4 10220.6 10204.7 10190.8 10176.2 10160.1 10137 10102.6 10078.7 10058 10050.2 10047.6 10033.9 10013.9 9995.35 9978.66 9967.34 9958.32 9940.94 9928.27 9910.19 9895.7 9876.43 9857.25 9831.82 9822.13 9818.9 9813.91 9791.91 9780.61 9772.85 9766.25 9777.07 9768.13 9735.43 9718.89 9701.21 9688.32 9675.65 9662.54
10346.7 10344.4 10350.5 10349.4 10341.5 10332.3 10322 10310.7 10298.4 10293.7 10290.6 10287.7 10284.2 10290 10307.3 10319.1 10328.4 10334.5 10336 10334.6 10323 10317 10309.7 10304.8 10295.4 10273.3 10259.8 10233.1 10216.4 10200.7 10185.7 10168 10140.5 10120 10098.8 10073 10055 10045.1 10040.5 10028.9 10008.6 9987.81 9967.71 9952.23 9948.77 9954.13 9941.19 9914.03 9897.16 9863.55 9857.01 9825.52 9819.48 9811.08 9804.15 9790.59 9776.62 9762.46 9749.7 9762.92 9772.5 9770.1 9734.65 9691.64 9679.59 9672.38 9661.83
10349.4 10358.8 10363.6 10356.6 10347.4 10337.7 10327.9 10321.4 10312 10306.5 10303 10301.2 10302.5 10308.4 10316.6 10322.4 10331.2 10335.8 10333.1 10324 10333.3 10316.5 10306.4 10295 10285.1 10270 10245.7 10231.4 10210.1 10194.5 10181.5 10168.8 10153.6 10126 10093.5 10068.5 10047.2 10037.1 10032.2 10021.3 10002.2 9984.45 9965.94 9953.92 9954.41 9958.88 9941.63 9912.06 9892.72 9868.06 9882.9 9852.43 9822.47 9801.27 9779.23 9779.71 9776.6 9756.01 9742.59 9753.2 9765.2 9754.57 9736.2 9703.51 9684.3 9674.16 9663.62
10364.7 10365.1 10367.9 10365.1 10359 10346.9 10338 10331.4 10324.6 10320.6 10317 10317.1 10317.3 10329.2 10333.9 10327.6 10341.4 10345.8 10331.2 10314.7 10313.3 10301.9 10292.2 10285.1 10278.1 10264.6 10237.3 10217.3 10199.9 10186.7 10176.3 10166.3 10153.1 10117.8 10091.1 10070.3 10046.5 10030.4 10020.4 10009.8 9998.06 9983.17 9967.88 9958.57 9960.82 9953.38 9929.78 9911.75 9906.24 9887.65 9886.56 9857.11 9826.25 9795.92 9768.8 9768.65 9768.33 9743.54 9726.19 9730.72 9742.34 9750.43 9738.01 9703.13 9691.97 9677.61 9664.36
10358.3 10364.9 10369 10371.7 10368.3 10357.2 10345.2 10334.5 10330.7 10324.5 10324.8 10327.1 10334.3 10354.7 10371 10364.7 10329.6 10365.6 10334.1 10307.8 10299.1 10285.9 10270 10263.9 10268 10257.1 10220.9 10199 10183.6 10176.3 10170.7 10162.2 10145 10122 10113.5 10082 10045.6 10027 10018.6 10011.2 9998.61 9984.13 9970.43 9961.17 9953.99 9948.4 9920.01 9907.87 9898.91 9879.86 9876.23 9860.72 9829.69 9792.4 9760.78 9746.53 9742.61 9726.74 9709.29 9700.95 9694.83 9709.03 9719.8 9724.87 9700.37 9679.38 9661.15
10362.4 10372.3 10373.5 10381.3 10371.4 10358.1 10346.8 10331.5 10322.8 10330.1 10334.3 10338.4 10346.1 10374.3 10375.9 10174.9 10211.5 10344.2 10335 10304.6 10289.7 10272.1 10251.1 10254.6 10254.6 10242 10204.2 10171.6 10163 10164.7 10166.7 10165.6 10157.5 10147 10123.3 10085.5 10049.3 10031.4 10027.4 10020.9 10004.9 9985.52 9965.33 9937.05 9932.79 9923.25 9882.91 9880.87 9886.73 9877.14 9871.46 9867.09 9829.91 9785.61 9746.4 9721.65 9713.72 9714.16 9706.07 9693.07 9682.8 9694.16 9714.37 9724.2 9700.03 9675.31 9651.43
10379.8 10411.5 10422.6 10391.8 10359.4 10350.5 10346 10338.5 10337.1 10345.7 10348.9 10349.5 10356.7 10378.4 10384 10180.3 10209.8 10350.5 10320.5 10291.7 10278 10263.5 10245.7 10235.7 10229.8 10205.6 10177 10155.5 10148.8 10153.4 10161.3 10170.7 10166.3 10148.9 10114.8 10080.6 10058.5 10045.9 10040.2 10029.9 10010.9 9986.57 9959.96 9930.2 9911.36 9903.34 9860.37 9850.87 9873.17 9867.46 9859.59 9852.17 9821.37 9775.67 9729.53 9693.08 9694.93 9707.08 9707.63 9692.79 9687.55 9680.65 9688.41 9698.45 9683.3 9660.79 9637.93
10392.4 10422.4 10486 10346.8 10307.7 10318.8 10345.9 10362.5 10368.7 10372.9 10366.9 10355.8 10358.9 10365 10359.8 10339.7 10339.9 10329 10284.7 10265.5 10268.9 10270.7 10252.6 10228 10196.9 10169.4 10152.6 10139.2 10134.3 10140.1 10150.1 10159.4 10154.3 10135.9 10105.3 10079.4 10073.2 10067.8 10055.6 10042 10018 9989.54 9954.28 9914.61 9886.63 9882.35 9859.64 9841.44 9858.16 9848.96 9841.8 9835.8 9806.45 9763.14 9718.76 9683.51 9677.08 9697.05 9698.34 9682.53 9671.35 9663.31 9667.62 9674.55 9660.59 9641.41 9619.07
10377.9 10284.1 10190.2 10172.6 10197.8 10259.8 10347.4 10424.1 10426.2 10402.8 10383.6 10365.4 10353.5 10345.4 10326.3 10331.2 10333.7 10318.7 10283 10265.3 10263.6 10260.4 10234.4 10201.3 10170.2 10151.5 10137.8 10125.5 10120.2 10124.9 10132.4 10138.4 10131.8 10114.1 10089.7 10075.7 10083.5 10085.6 10064.1 10041 10019.3 9997.9 9966.81 9918.73 9873.66 9860.15 9841.4 9837.97 9838.45 9829.38 9835.29 9824.47 9792.74 9750.12 9711.54 9682.07 9678.23 9673.09 9670.5 9660.62 9651.5 9642.62 9633.01 9642.8 9633.51 9617.61 9599.63
10338.6 10130.9 9939.58 9973.8 10065.5 10171.8 10302.4 10453.3 10439.2 10402.5 10388.8 10377.5 10360.7 10336.1 10313.8 10308 10307 10308.1 10281.5 10259.1 10259 10249.3 10211.5 10195.4 10171.4 10153.2 10133.3 10117.8 10109.4 10106.8 10112.6 10115.5 10111 10097.3 10079.4 10070.1 10082 10085.4 10061.8 10033.5 10018 10011.4 9997.25 9943.51 9879.3 9848.75 9832.47 9827.57 9825.27 9818.25 9842.24 9810.6 9768.92 9733.29 9700.32 9677.3 9649.85 9639.39 9637.27 9632.74 9624.68 9621.94 9631.33 9617.22 9608.18 9596.43 9581.66
10287.5 10047.8 9839.29 9853.48 9952.1 10066 10183.7 10290 10343.4 10360.9 10369.8 10368.9 10352.9 10326.3 10301.2 10281.7 10280.5 10291.1 10281 10263 10258.7 10250.3 10238.6 10213.3 10190.5 10161.4 10132.7 10104.4 10081.8 10083.3 10090.2 10100.6 10093.6 10087.6 10079.2 10069.6 10076 10073.2 10054.5 10029.5 10019 10021.5 10014.5 9956.76 9885.12 9848.74 9814.07 9818.05 9831.75 9819.83 9826.24 9790.54 9747.35 9714.02 9682.39 9652.48 9628.4 9618.31 9613.16 9608.2 9601.64 9600.26 9601.24 9591.02 9585.84 9578.71 9567.75
10265.6 10021.8 9831.61 9804.49 9883 9984.29 10072.5 10147.8 10241.3 10304 10339.1 10350.5 10335.7 10306.6 10280.3 10257.9 10254.8 10275.8 10289.4 10279.2 10259.6 10250.6 10245.3 10229 10211.7 10174.7 10130.9 10095.1 10071.7 10062.8 10062 10065.2 10072.2 10077.5 10084.1 10085.1 10074.3 10065.3 10045.9 10033.4 10029.3 10026 10007.8 9947.73 9873.79 9837.63 9804.4 9796.53 9819.45 9818.57 9801.73 9769.35 9731.22 9696.08 9663.12 9633.05 9611.89 9595.45 9591.55 9590.01 9587.08 9583.71 9577.57 9570.75 9568.57 9563.25 9555.03
10250.4 10015.1 9807.64 9788.43 9872.06 9961.44 10027.8 10093.6 10191.3 10265.9 10310.1 10329.3 10313.1 10277.5 10250.1 10238.7 10234.5 10237 10265.7 10263.1 10245.2 10238.9 10235.3 10219.3 10200.8 10159.9 10118.4 10082.8 10055.8 10042.1 10037.3 10039.9 10052.8 10064.3 10071.3 10079.5 10063.6 10042.7 10030.7 10026.6 10028.7 10024.1 10008.6 9944.05 9868.85 9828.46 9794.07 9774.48 9771.92 9783.03 9772.34 9746.05 9710.22 9679.05 9647.79 9615.17 9587.68 9577.09 9577.99 9580.08 9581.18 9575.41 9567.6 9563.22 9558.98 9550.32 9541.18
10231.4 10038.1 9871.83 9846.98 9926.48 10012.2 10068.6 10124.6 10199.1 10253.5 10287.6 10301 10287.5 10259.4 10232.6 10213.9 10201.8 10206.1 10229.7 10219.4 10198.5 10194.4 10183.3 10165.6 10144.7 10124.9 10097.3 10066.2 10035.8 10024.1 10020.9 10026.3 10039.3 10054.3 10064.8 10064.6 10046.5 10019.9 10007.9 10001.5 9998.1 10007.6 10002 9940.34 9876.6 9823.56 9781.5 9763.45 9743.54 9748.04 9747.05 9725.91 9693.91 9669.49 9638.33 9607.42 9585.38 9570.16 9571.53 9576.24 9581.02 9584.45 9586.41 9575.39 9556.38 9542.26 9530.01
