real_craters/C166-500m.grd
DSAA
243 243
-60.55 60.55
-60.55 60.55
7053.0636467422 10486.043893186
[rows 60 to 89 of 243, columns 134 to 200 of 243]
8654.25 8650.78 8645.64 8646.16 8651.37 8653.44 8655.77 8646.55 8653.8 8667.47 8667.94 8665.23 8663.75 8664.71 8671.64 8693.12 8715.86 8712.15 8700.61 8679.23 8655.92 8638.5 8612.62 8579.88 8546.89 8543.99 8550.79 8550.06 8555.65 8560.92 8565.47 8568.11 8570.71 8575.27 8579.82 8585.73 8587.25 8555.53 8500.17 8480.52 8472.54 8476.95 8482.65 8489.8 8498 8499.82 8512.28 8527.07 8533.04 8558.43 8571.07 8563.88 8555.99 8569.66 8574.56 8569.94 8570.57 8573.49 8570.77 8565.06 8557.6 8546.95 8529.05 8520.78 8515.05 8508.49 8502.92
8641.91 8643 8645.14 8649.63 8653.64 8655.58 8655.09 8666.7 8686.03 8698.54 8695.14 8692.92 8693.88 8698.38 8708.87 8716.2 8723.74 8715.72 8702.05 8684.92 8661.55 8634.59 8606.27 8574.75 8544.46 8539.16 8534.99 8536.02 8545 8549.39 8553.63 8556.32 8559.13 8561.98 8563.12 8562.9 8549.59 8516.39 8482.22 8469.88 8467.74 8473.7 8480.97 8489.61 8491.49 8504.63 8519 8547.69 8600.49 8592.65 8557.23 8600.16 8585.31 8582.32 8580.63 8576.93 8575.55 8574.23 8567.79 8558.46 8546.78 8532.1 8524.9 8516.17 8512.69 8509.36 8503.98
8632.7 8636.22 8645.42 8655.41 8655.31 8664.23 8676.49 8696.28 8730.82 8721.25 8713.27 8713.76 8716.73 8722.63 8725.07 8723.59 8716.12 8710.05 8705.08 8704.38 8676.33 8640.34 8614.6 8585.97 8561.94 8553.94 8553.96 8545.03 8541.92 8542.05 8541.7 8542.51 8542 8541.81 8541.18 8535.67 8518.4 8494.42 8471.16 8464.55 8466.7 8473.87 8485.13 8492.27 8501.88 8509.06 8506.29 8509.41 8503.48 8395.11 8387.43 8465.88 8552.04 8574.35 8583.14 8573.58 8576.73 8574.79 8565.78 8554.95 8542.27 8529.43 8524.87 8515.4 8510.64 8506.99 8503.13
8622.61 8623.76 8626.97 8633.91 8644.43 8662.24 8683.05 8702.06 8715.96 8709.94 8722.42 8730.67 8735.85 8739.22 8739.27 8724.12 8706.36 8699.84 8698.88 8687.46 8677.68 8662.16 8631.82 8601.37 8579.22 8566.32 8557.59 8545.05 8540.07 8535.16 8531.56 8529.98 8528.2 8525.18 8520.51 8513.73 8497.75 8482.82 8473.71 8471.64 8475.62 8478.51 8487.33 8493.03 8497.21 8495.35 8479.36 8438.86 8338.87 8201.93 8176.79 8261.38 8435.9 8554.21 8588.98 8578.8 8576.88 8573.86 8565.47 8554.95 8543.39 8530.63 8524.98 8516.69 8512.05 8505.98 8502.12
8611.79 8606.96 8603.64 8606.83 8622.75 8646.3 8670.56 8690.56 8681.37 8713.98 8743.11 8752.44 8752.6 8748.93 8739.98 8722.74 8703.35 8696.33 8699.67 8699.24 8696.86 8680.57 8647.38 8609.43 8580.13 8566.01 8562.26 8548.4 8538.72 8532.29 8525.95 8521.07 8516.09 8509.73 8501.25 8492.57 8488.28 8480.13 8476.26 8476.18 8474.8 8481.36 8488.99 8493.04 8494.66 8491.12 8472.21 8424.95 8328.47 8217.39 8165.06 8268.97 8444.31 8564.17 8597.78 8583.55 8579.5 8573.28 8565.24 8556.26 8548.43 8541.31 8529.09 8516.86 8511.7 8505.02 8499.6
8603.12 8593.5 8583.2 8577.31 8599.05 8628.95 8664.43 8711.16 8751.65 8781.47 8781.2 8774.89 8762.84 8754.31 8742.45 8721.44 8704 8697.47 8702.76 8719.11 8710.78 8701.26 8653.99 8609.91 8576.39 8554.29 8550.15 8551.04 8535.45 8527.98 8521.5 8513.35 8504.64 8495.22 8484.69 8474.89 8471.61 8474.87 8477.04 8479.2 8479.62 8485.97 8492.27 8497.62 8500.56 8501.2 8497.56 8477.38 8436.5 8358.9 8310.9 8428.86 8535.68 8581.67 8598.88 8590.08 8577.45 8566.76 8560.24 8555.6 8551.22 8540.85 8523.53 8513.26 8507.28 8501.98 8497.64
8599.67 8588.86 8576.5 8569.29 8590.37 8619.2 8670.54 8744.33 8819.2 8828.63 8814.47 8792.2 8768.65 8748.37 8732.73 8717.68 8698.79 8687.1 8690.33 8697.51 8688.13 8671.86 8636.58 8602.75 8572.58 8545.8 8533.39 8532.83 8527.11 8522.42 8515.6 8506.84 8496.83 8486.31 8475.28 8466.49 8467.97 8474.11 8478.59 8482.34 8488.6 8495.37 8501.5 8509.06 8514.98 8516.66 8523.84 8530.11 8566.01 8589.07 8562.5 8626.42 8615.32 8588.54 8585.47 8580.49 8569 8556.69 8553.73 8553.83 8552.21 8545.12 8528.11 8514.08 8504.24 8498.64 8493.7
8600.58 8593.31 8584.78 8577.71 8600.06 8643.43 8686.93 8752.69 8832.71 8865.02 8824.32 8791.35 8769.37 8746.25 8731.97 8717.75 8697.67 8677.88 8675.32 8658.8 8651.15 8625.76 8608.84 8590.28 8569.36 8551.93 8536.74 8530.73 8530.8 8522.76 8511.65 8501.93 8491.81 8481.39 8471.52 8466.8 8471.37 8479.07 8486.41 8494.69 8497.77 8502 8505.43 8508.04 8514.73 8521.01 8533.2 8555.07 8579.43 8592.01 8622.9 8592.12 8589.85 8575.11 8574.04 8567.31 8560.2 8553.41 8551.41 8552.25 8551.24 8546.51 8533.79 8517.33 8501.4 8496.77 8490.84
8605.35 8603.17 8605.25 8612.88 8626.67 8641.75 8679.5 8729.63 8772.73 8806.5 8796.91 8777.04 8766.17 8755.56 8741.12 8727.08 8714.39 8700.92 8692.5 8659.93 8627.78 8609.35 8594.37 8579.23 8563.22 8548.85 8536.75 8539.35 8535.58 8520.61 8508.72 8497.86 8488.39 8479.26 8472.17 8468.2 8476.7 8486.47 8493.01 8496.31 8505.35 8507.92 8506.97 8510.28 8512.65 8525.06 8540.81 8559.44 8571.87 8571.96 8573.07 8559.13 8554.17 8549.91 8550.36 8552.22 8551.8 8551.31 8551.48 8551.21 8549.73 8544.47 8536.48 8522.84 8503.53 8494.28 8489.47
8609.43 8612.56 8621.5 8645.14 8653.64 8637.67 8663.76 8696.92 8727.62 8745.8 8745.48 8743.39 8748.02 8767.61 8743.03 8730.87 8734.33 8747.61 8729.85 8696.98 8643.29 8614.27 8601.61 8592.08 8563.66 8539.6 8527.09 8527.61 8522.11 8511.77 8502.1 8494.24 8487.4 8481.05 8477.6 8485.89 8496.71 8496.7 8499.2 8504.57 8505.78 8504.92 8503.59 8506.74 8515.14 8525.7 8538.64 8557.77 8569.05 8575.67 8565.06 8543.04 8533.15 8529.22 8531.81 8538.21 8542.54 8546.73 8549.54 8548.9 8549.27 8550.9 8536.37 8519.31 8505.92 8495.06 8488.33
8614.04 8616.99 8623.55 8631.55 8632.1 8633.89 8646.63 8664.81 8677.24 8674.53 8691.44 8697.65 8700.43 8703.8 8710.52 8715.43 8725.26 8739.33 8724.02 8689.84 8638.6 8626.33 8621.39 8602.53 8567.1 8533.66 8519.81 8514.33 8507.88 8499.24 8495.62 8492.84 8489.94 8486.29 8482.57 8491.1 8503.19 8501.68 8501.25 8501.31 8496.12 8494.55 8498.22 8506.69 8517.74 8531.99 8543.33 8551.1 8562.52 8569.78 8558.96 8535.83 8520.15 8518.52 8524.57 8528.33 8532.36 8536.48 8539.07 8544.26 8545.16 8549.06 8535.25 8518.16 8508.47 8493.76 8489.19
8620.4 8618.84 8617.44 8616.08 8615.76 8619.86 8634.51 8648.65 8655.49 8660.73 8660.06 8659.5 8652.25 8650.31 8669.88 8684.9 8692.52 8693.12 8681.05 8655.9 8628.64 8612.25 8595.48 8579.11 8559.15 8530.79 8512.73 8491.05 8476.88 8485.73 8490.08 8492.45 8494.07 8494.3 8493.83 8491.17 8496.89 8502.59 8502.23 8491.9 8486.26 8475.26 8489.7 8502.35 8514.16 8524.87 8533.67 8543.44 8550.71 8554.49 8541.06 8515.34 8504.21 8508.81 8516.51 8518.39 8521.65 8525.88 8530.04 8539.15 8546 8544.46 8533.13 8523.81 8516.35 8505.61 8493.78
8629.06 8624.22 8616.54 8605.37 8596.66 8614.93 8635.08 8646.48 8651.23 8647.45 8643.3 8639.81 8632.37 8628.11 8645.63 8655.04 8654.7 8643.29 8619.87 8615.97 8614.88 8595.12 8569.57 8564.56 8551.86 8542.47 8518.55 8496.6 8488.1 8483.63 8487.99 8493.99 8500.79 8505.04 8506.04 8504 8504.94 8507.12 8508.28 8513.15 8504.24 8483.03 8490.23 8500.52 8510.13 8518.62 8525.95 8531.77 8535.36 8535.28 8515.21 8495.07 8492.42 8498.24 8504.09 8506.33 8509.06 8514.08 8523.21 8529.77 8538.94 8533.81 8527.1 8520.27 8521.31 8505.65 8495.71
8637.97 8631.49 8624.53 8613.29 8601.84 8639.78 8654.39 8659.28 8656.78 8641.12 8631.75 8641.21 8644.95 8640.89 8640.59 8637.95 8628.18 8611.17 8597.93 8598.84 8598.33 8581.5 8558.66 8548.43 8553.3 8548.3 8527.4 8506.88 8485.42 8480.74 8490.96 8500.7 8509.05 8517.71 8525.5 8522.13 8516.02 8513.21 8511.05 8507.28 8500.05 8501.59 8500.15 8502.85 8507.02 8511.39 8514.25 8518.2 8517.87 8516.11 8493.6 8483.67 8482.64 8486.31 8489.16 8492.15 8493.97 8496.87 8503.26 8508.52 8515.17 8517.25 8515.72 8515.71 8515.53 8503.45 8496.37
8646.96 8645.72 8644.77 8647.97 8665.98 8687.89 8682.31 8680.78 8679.1 8668.9 8649.45 8659.26 8673.03 8665.54 8642.97 8629.35 8616.88 8604.77 8601.55 8593.02 8584.76 8568.23 8539.66 8548.68 8563.63 8558.48 8535.33 8507.47 8489.47 8492.37 8499.74 8509.92 8518.61 8527.21 8535.58 8532.38 8524.19 8517.6 8512.39 8508.03 8507.02 8505.73 8505.95 8506.85 8507.56 8506.95 8504.18 8501.79 8499.56 8494.64 8487.23 8487.06 8482.17 8476.86 8477.84 8478.56 8478.18 8476.36 8471.51 8479.66 8493.02 8497.58 8498.66 8502.04 8504.84 8504.45 8499.81
8656.6 8662.24 8668.59 8679.56 8702.92 8703.31 8699.08 8699.3 8705.63 8719.56 8709.29 8675.71 8664.2 8652.61 8637.78 8624.27 8611.93 8600.2 8591.02 8582.16 8571.99 8558.36 8546.46 8555.03 8572.45 8566.86 8547.7 8521.94 8501.43 8506.13 8514.01 8521.21 8527.36 8531.91 8534.52 8532.99 8526.81 8520.01 8513.91 8508.55 8504.75 8506.42 8510.68 8512.45 8508.87 8503.1 8496.13 8488.57 8483.37 8486.14 8497.08 8490.59 8479.99 8472.6 8469.8 8468.1 8466.37 8462.59 8458.1 8462.57 8471.17 8478.61 8480.5 8488.79 8499.23 8501.67 8499.42
8671.25 8680.67 8689.23 8697.01 8694.79 8696.04 8700.15 8704.85 8710.09 8716.82 8689.73 8667.85 8634.77 8634.63 8632.93 8623.46 8612.27 8596.57 8578.83 8573.62 8564.3 8552.31 8552.25 8564.5 8584.3 8583.35 8565.33 8546.32 8532.38 8527.36 8532.02 8534.98 8536.81 8537 8534.04 8533.99 8527.04 8520.76 8515.81 8511.41 8507.6 8517.51 8524.3 8522.1 8513.62 8502.74 8490.63 8479.72 8468.78 8466.37 8487.88 8481.13 8472.39 8467.97 8462.96 8460.25 8457.72 8455.02 8454.96 8457.32 8459.48 8463.92 8468.08 8476.43 8483.79 8488.61 8486.46
8689.83 8701.71 8711.87 8715.09 8710.36 8699.07 8699.71 8702.05 8701.11 8691.33 8678.42 8667.12 8657.22 8640.2 8632.72 8623.51 8613.75 8601.38 8587.36 8575.17 8566.17 8558.36 8564.97 8576.18 8588.17 8592.58 8580.58 8567.77 8565.13 8558.22 8551.74 8549.59 8547.14 8543.77 8538.58 8530.45 8522.99 8519.22 8517.39 8518.11 8524.98 8537.33 8546.36 8534.52 8518.98 8502.82 8487.91 8473.91 8461.78 8455.69 8472.26 8468.34 8461.44 8458.02 8456.91 8455.48 8453.5 8450.49 8448.32 8446.31 8448.15 8451.6 8456.1 8463.27 8471.81 8472.85 8471.73
8704.55 8718.34 8732.18 8742.31 8733.5 8708.15 8708.57 8704.64 8696.22 8686.53 8678.57 8674.05 8664.4 8652.98 8639.4 8627.38 8617.95 8606.33 8591.31 8581.21 8574.82 8575.07 8579.77 8586.54 8600.82 8603.3 8591.83 8579.07 8565.94 8566.88 8567.46 8563.53 8557.27 8547.14 8529.47 8516.81 8517.39 8517.28 8518.33 8522.31 8530.48 8547.28 8559.15 8540.79 8519.73 8500.99 8484.77 8471.5 8463.18 8464.53 8467.73 8463.77 8457.16 8454.35 8453.58 8451.9 8449.12 8445.69 8440.78 8435.04 8437.43 8439.93 8442.9 8445.24 8448.31 8451.96 8454.04
8717.47 8733.88 8750.18 8766.68 8768.43 8741.45 8726.96 8713.39 8698.21 8682.84 8671.77 8681.41 8688.41 8664.55 8646.7 8632.27 8620.9 8615.87 8606 8588.6 8581.53 8583.11 8586.43 8591.92 8605.79 8605.19 8597.94 8588.99 8583.57 8583.8 8580.43 8576.74 8569.63 8553.59 8531.23 8519.63 8517.45 8517.14 8518.45 8522.65 8531.31 8542.23 8547.22 8533.24 8514.45 8495.62 8479.14 8466.55 8459.44 8459.26 8459.27 8457.88 8454.64 8454.06 8452.41 8449.61 8445.66 8441.63 8437.29 8429.64 8416.32 8427.54 8430.26 8431.92 8435.47 8438.88 8440.93
8737.11 8746.94 8759.46 8775.99 8782.22 8771.98 8743.97 8722.43 8703.32 8685.97 8672.53 8675.21 8676 8661.8 8647.13 8633.41 8619.46 8604.42 8592.14 8583.83 8583.51 8585.53 8594.34 8605.9 8595.06 8605.42 8603.5 8597.44 8591.95 8589.96 8592.41 8590.55 8586.7 8581.29 8554.18 8530.21 8521.23 8517.84 8516.82 8518.01 8520.68 8523.64 8523.46 8516.56 8503.88 8488.08 8472.27 8458.61 8449.11 8453.09 8460.18 8460.44 8461.88 8456.52 8451.03 8446.77 8441.59 8437.8 8433.88 8427.66 8420.73 8421 8423.25 8423.85 8426.5 8429.87 8433.76
8750.65 8755.87 8760.89 8762.23 8767.78 8765.4 8749.39 8727.96 8708.85 8692.08 8677.66 8663.22 8654.34 8652.61 8644.93 8633.99 8619.86 8601.55 8590.99 8586.43 8586.84 8591.42 8603.46 8622.74 8628.34 8618.77 8611.91 8605.34 8598.57 8600.3 8603.84 8601 8596.75 8592.24 8554 8534.24 8525.92 8519.82 8515.01 8511.41 8511.15 8513.49 8505.6 8502.7 8492.51 8478.77 8464.29 8450.5 8440.3 8446.39 8460.55 8466.43 8463.43 8454.7 8448.05 8441.71 8437.5 8433.38 8429.44 8424.4 8421.28 8417.13 8415.12 8417.58 8420.87 8423.91 8428.82
8762.12 8765.24 8763.02 8748.16 8750.25 8758.22 8746.79 8733.37 8717.74 8701.09 8684.2 8667.07 8650.85 8649.65 8645.15 8637.56 8627.53 8618.86 8606.47 8601.22 8594.67 8591.97 8608.01 8635.02 8629.86 8624.51 8621.52 8613.52 8608.19 8604.08 8612.29 8608.13 8598.19 8578.45 8557.34 8543.79 8533.95 8524.77 8515.51 8505.18 8491.74 8475.84 8493.7 8493.61 8482.07 8469.51 8456.43 8444.03 8434.83 8442.94 8456.52 8463.53 8454.36 8446.86 8441.64 8437.29 8433.04 8428.96 8425.08 8421.96 8416.75 8413.04 8410.68 8415.19 8420.33 8425.56 8427.7
8781.6 8777 8777.33 8787.35 8768.42 8747.46 8743.91 8740.92 8729.1 8712.05 8695.65 8681.82 8662.77 8654.11 8649.07 8644.18 8637.67 8628.88 8620.5 8614.05 8608.91 8603.68 8623.23 8642.46 8637.89 8625.86 8622.52 8623.84 8626.72 8636.92 8628.23 8613.95 8603.86 8590.94 8573.3 8557.47 8543.33 8530.12 8517.28 8504.15 8490.94 8497.53 8485.51 8480.49 8471.25 8460.44 8449.81 8440.27 8433.98 8435.35 8444.16 8448.2 8437.4 8435.74 8433.5 8430.68 8426.63 8421.9 8416.25 8408.4 8406.89 8411.45 8413.83 8417.18 8419.47 8422.82 8420.52
8781.39 8783.52 8782.32 8770.38 8777.81 8769.31 8764.66 8760.22 8746.24 8726.55 8703.48 8682.11 8663.01 8657.16 8654.47 8653.24 8650.02 8644.96 8631.89 8621.94 8627.96 8643.26 8651.36 8578.33 8597.6 8615.41 8620.16 8626.5 8633.77 8637.43 8619.51 8611.59 8609.24 8608.34 8587.06 8570.54 8552.6 8536.03 8520.84 8507.09 8497.03 8490.88 8480.55 8470.73 8461.06 8452.6 8444.73 8437.97 8432.97 8427.91 8432.01 8436.47 8428.6 8428.36 8428.63 8426.83 8423.98 8419.34 8412.67 8407.44 8406.54 8417.47 8420.81 8418.99 8417.7 8416.45 8415.01
8785.52 8792.29 8788.63 8790.05 8794.34 8798.22 8797.14 8789.36 8769.65 8743.1 8712.16 8684.48 8667.83 8662.13 8661.72 8661.98 8661.59 8656.31 8645.53 8636.05 8641.05 8656.79 8647.38 8620.76 8607.48 8613.82 8621.27 8628.75 8633.01 8625.41 8608.79 8608.59 8599.28 8597.31 8596.29 8577.8 8557.69 8538.84 8522.08 8508.19 8495.44 8483.31 8470.12 8456.76 8451.24 8445.4 8439.93 8435.35 8431.31 8425.96 8422.3 8421.08 8422.65 8426.51 8427.92 8426.64 8423.82 8420.49 8417.72 8418.79 8421.23 8426.04 8424.77 8419.86 8415.89 8412.43 8408.18
8823.78 8815.3 8799.57 8797.13 8816.98 8839.39 8848.55 8825.51 8795.4 8763.37 8726.69 8689.48 8672.8 8671.22 8673.01 8676.07 8678.29 8672.31 8660.89 8653.47 8647.54 8639.6 8653.68 8644.33 8623.22 8623.23 8626.06 8631.01 8634.89 8634.19 8636.04 8614.61 8590.54 8591.28 8603.41 8579.8 8560.34 8541.44 8523.83 8507.59 8492.1 8477.17 8462.34 8449.69 8444.07 8439.71 8435.43 8431.48 8427.22 8420.55 8417.29 8416.35 8427.36 8431.14 8430.2 8428.32 8425.28 8422.15 8420.05 8422.63 8425.16 8425.52 8422.4 8416.93 8411.98 8408.23 8400.99
8864.99 8847.2 8828.98 8811.87 8851 8878.35 8886.35 8853.55 8817.46 8784.82 8754.41 8713.46 8679.48 8683.43 8686.66 8689.34 8692.86 8687.96 8672.28 8661.88 8651.05 8643.37 8646.66 8641.4 8631.31 8624.71 8624.07 8630.15 8638.2 8641.67 8637.53 8615.42 8591.16 8584.56 8584.81 8571.07 8555.26 8540.18 8523.19 8506.02 8488.59 8473.04 8458.13 8446.68 8439.54 8434.39 8429.98 8426.48 8423.29 8420.38 8421.15 8427.47 8438.49 8438.76 8435.52 8432.32 8428.39 8424.88 8421.94 8424.16 8422.92 8421.25 8417.36 8411.42 8405.47 8399.89 8394.21
8870.24 8883.44 8898.27 8900.02 8901.34 8903.8 8891.25 8867.59 8834.45 8798.93 8772.46 8767.34 8717.72 8704.18 8701.92 8701.67 8694.79 8689.13 8678.78 8659.64 8653.68 8659.11 8641.09 8624.62 8630.38 8624.15 8628.09 8631.51 8636.88 8641.63 8637.17 8614.35 8582.25 8554.47 8557.98 8560.75 8551.77 8537.44 8521.47 8504.09 8486.12 8467.66 8452.5 8445.05 8437.13 8430.83 8425.68 8421.53 8419.45 8420.11 8423.95 8429.67 8439.58 8442.56 8438.96 8434.51 8430.64 8426.88 8424.72 8419.87 8421.92 8415.65 8410.24 8404.8 8398.91 8392.95 8388.55
8896.08 8934.8 8966.71 8968.87 8946.25 8934.81 8904.39 8889.68 8854.29 8809.07 8764.42 8742.4 8729.96 8716.3 8715.26 8717.79 8719.81 8707.29 8691.06 8676.33 8668.67 8661.06 8648.29 8624.68 8606.41 8618.61 8628.54 8633.06 8635.33 8633.77 8629.08 8616.52 8598.96 8585.78 8570.8 8560.88 8549.53 8535.47 8519.44 8503.1 8485.15 8466.6 8451.29 8443.62 8435.02 8428.15 8422.76 8418.05 8416.67 8417.94 8420.03 8423.8 8432.17 8439.45 8438.11 8434.49 8430.47 8426.59 8422.92 8419.17 8415.77 8408.14 8403.82 8399.42 8393.99 8387.61 8382.47
