real_craters/C166-300m.grd
DSAA
405 405
-60.55 60.55
-60.55 60.55
7045.8084732454 10489.428089376
[rows 360 to 389 of 405, columns 134 to 200 of 405]
9123.01 9123.86 9122.73 9115.22 9115.13 9116.7 9114 9116.98 9116.96 9083.19 9046.43 9017.32 8997.08 8989.5 8994.3 9008.69 9022.69 9030.34 9018.73 9001.81 8990.43 8980.09 8970.83 8961.89 8951.3 8938.33 8913.58 8911.14 8925.23 8935.05 8941.94 8948.06 8948.82 8951.83 8953.05 8956.18 8964.72 8966.74 8968.17 8969.17 8969.19 8968.33 8966.42 8963.23 8958.42 8951.55 8941.99 8931.36 8913.9 8895.57 8881.78 8877.12 8875.92 8871.92 8864.24 8852.09 8835.8 8818.85 8818.4 8832.64 8844.87 8854.51 8859.22 8861.37 8861.35 8859.82 8854.11
9144.93 9144.28 9142.21 9141.97 9142.89 9145.18 9136.66 9116.51 9093.99 9061.95 9036.42 9014.47 8997.71 8988.11 8998.62 9008.28 9010.6 9012.83 9006.37 8997.93 8986.88 8980.36 8968.16 8954.04 8936 8912.7 8881.72 8879.14 8902.99 8918.27 8930.12 8938.49 8946.02 8949.37 8955.04 8959.92 8960.58 8964.17 8975.85 8977.6 8978.6 8978.78 8978.04 8976.25 8973.21 8968.65 8962.3 8955.84 8943.26 8928.93 8913.91 8909.48 8904.02 8897.47 8888.75 8877.41 8862.82 8844.01 8841.11 8858.31 8867.89 8872.84 8874.87 8875.62 8876.77 8876.18 8876.24
9165.86 9161.84 9158.14 9161.83 9165.11 9164.91 9146.21 9108.11 9058.55 9035.9 9024.76 9010.37 8996.44 8990.6 9003.6 9006.1 8997.33 8993.22 8994.77 8997.61 8992.21 8985.69 8972.15 8955.17 8933.5 8909.78 8889.16 8884.43 8896.18 8912.09 8925.47 8933.36 8942.72 8948.63 8955.66 8963.12 8965.38 8979.12 8982.41 8985 8986.92 8988.2 8988.84 8988.82 8988.14 8986.78 8984.82 8984.82 8980.69 8976.83 8964.61 8950.84 8939.44 8929.06 8920.15 8911.84 8904.51 8898.94 8900 8901.35 8898.95 8896.13 8893.72 8892.53 8891.96 8892.16 8894.28
9190.24 9182.92 9177.41 9179.1 9181.6 9182.01 9152.52 9110.26 9063.79 9037.04 9023.34 9011 9000.34 8996.28 9015.35 9014.47 8991.06 8985.58 8994.46 9002.97 9001.75 8994.05 8980.37 8959.99 8941.18 8917.6 8900.51 8894.34 8896.97 8909.71 8925.19 8938.12 8949 8955.35 8963.31 8968.01 8974 8984.6 8988.79 8992.34 8995.37 8997.98 9000.25 9002.28 9004.21 9006.18 9008.51 9013.82 9017.75 9026.95 9015.06 8991.42 8974.92 8962.25 8953.08 8947.44 8948.77 8960.53 8967.96 8944.32 8928.59 8918.01 8910.75 8906.46 8904.26 8903.78 8906.93
9214.6 9203.04 9196.36 9194.09 9188 9177.09 9154.84 9117.46 9081.97 9051.61 9026.83 9013.91 9006.81 9011.75 9042.37 9029.96 8983.52 8987.4 9009.93 9024.35 9024.08 9012.36 8996.67 8973.34 8951.58 8927.96 8907.43 8890.63 8902.29 8913.53 8928.77 8944.8 8955.33 8963.21 8970.16 8977.28 8984.8 8990.16 8994.86 8999.06 9002.94 9006.66 9010.38 9014.3 9018.62 9023.56 9029.3 9037.74 9043.16 9048.73 9041.57 9022.66 9006.18 8992.98 8983.35 8978.9 8980.24 8986.07 8985.34 8967.42 8949.75 8935.96 8926.14 8918.12 8913.04 8911.51 8913.26
9245.38 9230.3 9220.94 9211.01 9197.98 9179.14 9161.62 9118.65 9078.75 9046.68 9026.69 9018.02 9015.31 9026.84 9053.46 9039.98 9008.87 9032.44 9053.71 9057.95 9049.5 9033.3 9014.74 8993.22 8968.74 8946.25 8927.84 8918.58 8917.88 8926.28 8933.89 8948.67 8962.94 8971.81 8978.42 8985.39 8990.8 8996.19 9001.08 9005.66 9010.13 9014.72 9019.66 9025.18 9031.5 9038.81 9047.06 9057.15 9062.56 9064.84 9060.47 9045.69 9031.2 9018.12 9008.84 9003.12 9000.09 8997.48 8990.59 8977.92 8962.93 8948.83 8936.84 8926.91 8919.09 8914.72 8915.27
9284.24 9271.4 9253.28 9230.64 9210.53 9201.66 9158.85 9110.48 9068.84 9037.92 9027.06 9021.48 9020.75 9030.41 9041.83 9076.49 9120.75 9127.22 9115.09 9096 9076.72 9056.53 9034.23 9011.68 8989.9 8969.57 8953.8 8944.94 8940.76 8940.7 8944.57 8953.86 8975.71 8984.02 8990.87 8993.78 8999.7 9005.05 9010 9014.76 9019.55 9024.6 9030.18 9036.54 9043.91 9052.46 9062.1 9073.46 9081.19 9086.5 9076.53 9062.71 9049.8 9037.72 9027.12 9018.79 9012.5 9005.79 8996.82 8985.07 8971.37 8957.47 8944.85 8933.02 8922.47 8913.49 8905.58
9324.84 9313.28 9287.83 9246.6 9201.62 9163.89 9136.27 9097.34 9064.54 9043.24 9035.78 9036.32 9037.69 9030.88 9039.36 9150.97 9240.76 9217.23 9172.86 9138.12 9108.02 9081.74 9057.91 9035.55 9012.73 8992.17 8974.45 8964.1 8959.24 8958.01 8960.56 8964.68 8983.99 8997.68 9004.58 9006.08 9011.48 9016.36 9020.93 9025.39 9029.97 9034.89 9040.42 9046.82 9054.32 9063.11 9074.76 9085.03 9093.53 9097.04 9087.64 9075.16 9062.18 9050.06 9039.06 9029.46 9020.71 9012.34 9003.82 8992.15 8977.76 8964.16 8950.73 8937.47 8924.5 8911.89 8900.21
9370.47 9363.88 9321.17 9263.48 9198.86 9142.69 9110.64 9086.99 9068 9051.07 9059.38 9067.78 9076.56 9088.83 9138.34 9235.24 9302.01 9263.49 9214.16 9174.97 9141.98 9114.49 9087.86 9062.65 9037.81 9015.49 8994.93 8981.35 8973.88 8974.72 8975.18 8979.49 8988.32 9003.39 9009.33 9021.05 9025.63 9029.74 9033.56 9037.31 9041.19 9045.41 9050.2 9055.78 9062.41 9070.3 9080.89 9090.7 9100.26 9106.09 9092.28 9080.14 9067.24 9055.59 9044.58 9034.4 9025.22 9015.43 9005.98 8993.28 8981.22 8968.74 8955.4 8941.82 8927.62 8913.27 8896.68
9414.66 9421.13 9351.01 9278.91 9205.18 9132.06 9096.41 9092.18 9092.46 9099.19 9103.62 9112.38 9129.67 9168.46 9248.66 9280.24 9286.72 9262.83 9227.87 9200.21 9170.74 9142.93 9115.57 9088.96 9063.16 9036.51 9013.4 8997.21 8987.56 8985.95 8989.25 8994.94 8996.55 8999.21 9032.34 9036.28 9039.56 9042.42 9045.06 9047.66 9050.39 9053.44 9056.98 9061.2 9066.29 9072.44 9080.88 9088.89 9096.79 9097.59 9088.37 9078.07 9066.76 9055.7 9045.9 9036.43 9026.91 9016.52 9002.5 8992.62 8984.92 8973.51 8960.45 8947.24 8933.6 8919.84 8911.66
9383.75 9400.33 9347.7 9287.77 9225.2 9156.91 9110.78 9118.01 9133.57 9145.71 9152.08 9162.09 9172.45 9198.69 9244.2 9264.98 9249.72 9241.01 9227.11 9211.6 9181.48 9157.61 9133.06 9109.82 9084.59 9059.5 9032.5 9009.85 8997.17 9000 9008.88 9016.08 9019.35 9025.26 9027.88 9053.17 9054.89 9056.27 9057.47 9058.63 9059.86 9061.29 9063.01 9065.16 9067.86 9071.2 9076.36 9080.37 9086.76 9087.06 9078 9069.67 9060.64 9051.95 9043.91 9035.54 9026.84 9018.59 9011.11 9003.04 8990.6 8978.35 8966.32 8954.64 8942.17 8928.68 8910.75
9311.65 9328.77 9313.92 9287.25 9256.41 9220.14 9164.19 9173.67 9194.62 9198.96 9214.75 9219.78 9207.15 9194.84 9215.52 9237.8 9228.46 9227.58 9224.06 9217.29 9201.36 9176.25 9156.92 9132.07 9109.98 9086.19 9058.36 9026.35 9006.66 9024.91 9034.65 9042.53 9043.61 9046.6 9045.95 9063.07 9062.12 9061.16 9060.31 9059.68 9059.37 9059.44 9059.96 9060.94 9062.35 9064.08 9066.13 9066.28 9063.21 9065.56 9066.35 9062.17 9056.15 9049.06 9041.29 9033.66 9026.33 9019.49 9013.37 9005.7 8994.03 8981.96 8971.03 8961.22 8952.83 8946.85 8938.81
9243.61 9265.59 9271.45 9276.77 9286 9300.44 9275.94 9259.75 9283.28 9320.74 9329.83 9290.65 9248.87 9203.75 9210.62 9236.86 9235.2 9236 9234.97 9227.64 9216.85 9197.99 9181.95 9164.54 9142.05 9122.85 9101.23 9079.41 9066.93 9073 9074.26 9070.37 9065.45 9064.92 9060.33 9073.03 9069.36 9066.1 9063.36 9061.22 9059.73 9058.93 9058.77 9059.14 9059.77 9060.2 9058.64 9053.58 9056.68 9055.82 9056.45 9053.05 9048.58 9042.62 9035.91 9028.73 9022.34 9015.35 9010.88 9004.35 8993.84 8983.08 8973.77 8966.18 8960.63 8960.65 8958.1
9131.46 9171.18 9206.08 9243.72 9289.36 9344.77 9377.2 9342.65 9344.06 9386.64 9398.54 9341.34 9301.67 9262.32 9235.8 9249.08 9265.15 9267.61 9258.15 9250.64 9238.44 9225.18 9209.03 9192.99 9178.35 9164.49 9152.51 9150.43 9155 9134.31 9115.67 9101.57 9090.1 9084.14 9076.01 9086.28 9080.21 9074.85 9070.2 9066.31 9063.19 9060.85 9059.23 9058.18 9057.35 9056.18 9052.78 9047.52 9045.39 9044.3 9045.54 9041.44 9036.91 9030.95 9025.12 9017.88 9012.75 9008.18 9004.2 8999.05 8990.11 8980.96 8973.14 8967.46 8962.9 8962.48 8957.24
9003.33 9060.98 9119.84 9181.73 9251.01 9326.23 9387.37 9356.86 9340.85 9349.5 9349.78 9350.84 9349.46 9344.89 9308.76 9320.99 9310.57 9297.53 9281.85 9270.38 9257.45 9244.56 9232.29 9221.11 9208.54 9199 9196.11 9198.29 9204.27 9176.4 9147.82 9126.2 9110.9 9097.68 9086.59 9099.65 9091.47 9084.1 9077.47 9071.55 9066.34 9061.87 9058.16 9055.18 9052.72 9050.29 9046.71 9041.14 9036.24 9034.24 9032.58 9029.27 9024.17 9017.1 9011.87 9006.95 9002.48 8999.15 8995.75 8991.45 8983.8 8975.87 8969.47 8964.45 8959.99 8956.77 8950.4
8856.84 8944.98 9029.47 9103.97 9177.97 9244.58 9289.89 9282.85 9292.45 9304.67 9310 9347.36 9374.26 9395.65 9374.42 9355.2 9327.26 9308.2 9300.95 9291.3 9279.44 9268.83 9254.94 9246.4 9234.65 9225.55 9221.11 9217.82 9214.61 9190.39 9163.6 9140.27 9123.16 9111.5 9098.44 9110.18 9100.08 9090.77 9082.13 9074.13 9066.76 9060.09 9054.27 9049.5 9045.92 9043.31 9041.06 9037.17 9028.03 9026.22 9023.37 9017.03 9012.07 9006.81 9002.09 8997.41 8993.08 8988.59 8984.5 8980.66 8973.96 8967.32 8963.09 8959.77 8955.73 8950.94 8945.75
8764.32 8856.92 8948.1 9026.05 9093.45 9145.18 9164.11 9191.02 9241.38 9283.79 9317.37 9354.7 9371.08 9381.01 9379.1 9345.92 9333 9329.72 9326.56 9316.56 9307.01 9293.41 9279.3 9268.04 9255.22 9243.75 9233.36 9220.73 9208.9 9186.75 9167.63 9148.16 9130.96 9119.98 9105.81 9117.2 9105.61 9094.73 9084.48 9074.8 9065.7 9057.26 9049.7 9043.42 9039.05 9037.34 9037.18 9035.92 9028.51 9021.96 9014.34 9007.25 9001.88 8997.35 8992.63 8988.45 8983.91 8978.69 8972.54 8964.3 8960.05 8957.95 8956.93 8955.06 8952.96 8949.77 8944.02
8731.29 8800.88 8879.94 8954.98 9019.68 9072.24 9110.68 9161.46 9207.34 9270.7 9346.46 9370.78 9372.27 9371.59 9394.76 9360.59 9350.23 9365 9356.86 9342 9329.64 9314.87 9295.56 9283.3 9265.94 9252.91 9238.19 9217.21 9193.12 9174.28 9167.03 9151.45 9135.58 9122.82 9108.16 9121.47 9108.96 9097 9085.52 9074.45 9063.75 9053.45 9043.74 9035.15 9028.8 9026.96 9031.25 9037.38 9028.61 9016.28 9003.56 8995.78 8990.63 8987.16 8983.83 8980.63 8976.42 8970.98 8964.1 8955.89 8951.91 8952.76 8951.81 8951.56 8950.76 8952.93 8945.8
8703.79 8765.23 8825.7 8892.88 8956.98 9015.2 9070.19 9119.5 9164.4 9230.56 9316.19 9367.6 9407.76 9428.32 9436.79 9394.02 9381.05 9392.39 9380.31 9364.67 9347.64 9332.19 9314.77 9297.12 9280.33 9266.26 9247.35 9222.83 9201.12 9183.08 9167.33 9151.56 9136.36 9119.54 9106.99 9121.82 9108.68 9095.95 9083.55 9071.41 9059.39 9047.41 9035.46 9023.76 9013.26 9006.7 9010.84 9037.68 9032.41 8999.45 8986.11 8981.24 8979.23 8978.05 8976.8 8974.58 8971.4 8966.57 8960.5 8953.65 8949.6 8950.92 8950.75 8949.12 8947.88 8944.92 8942.11
8671.11 8728.18 8780.01 8842.07 8901.13 8960.84 9008.35 9036.01 9096.69 9167 9237.27 9325.92 9434.78 9487.48 9472.17 9431.19 9421.99 9409.28 9397.49 9386.95 9372.9 9355.5 9343.77 9325.09 9303.62 9281.7 9259.41 9233.77 9214.4 9192.6 9169.27 9149.36 9130.17 9116.77 9106.47 9092.5 9107.76 9094.7 9081.83 9069.01 9056.05 9042.69 9028.57 9013.24 8996.25 8977.66 8960.91 8955.08 8951.17 8955.71 8960.32 8964.54 8967.01 8969.38 8969.79 8969.07 8967.47 8964.81 8960.75 8955.22 8950.8 8952.35 8952.74 8949.9 8948.48 8946.35 8941.44
8645.61 8692.53 8740.86 8796.66 8853.02 8914.66 8974.73 9010.32 9041.11 9098.41 9163.78 9252.97 9370.73 9460.73 9506.38 9489.7 9475.1 9443.3 9425.25 9415.59 9407.17 9389.6 9370.84 9347.15 9321.7 9295.22 9268.26 9241.18 9214.21 9187.63 9164.02 9145.25 9126.28 9111.68 9104.43 9090.74 9106.47 9093.44 9080.45 9067.32 9053.83 9039.6 9024.04 9006.1 8983.9 8953.91 8909.78 8846.45 8866.9 8912.27 8936.21 8949.73 8957.51 8961.95 8964.9 8965.5 8965.66 8965.23 8964.27 8963.26 8961.84 8959.37 8956.21 8949.36 8947.26 8944.47 8939.88
8627.97 8664.69 8705.45 8753.51 8807.72 8865.81 8930.19 8977.28 8983.12 9034.42 9096.51 9167.19 9246.26 9369.46 9501.37 9533.73 9542.02 9503.54 9474.44 9457.11 9439.22 9416.64 9390.46 9362.59 9333.68 9302.54 9271.94 9243.56 9211.19 9182.41 9158.14 9140.32 9122.01 9105.24 9096.75 9083.51 9102.47 9089.84 9077.15 9064.28 9051.03 9037.07 9021.84 9004.38 8982.91 8953.99 8910.84 8853.33 8867.97 8905.39 8930.13 8944.41 8953.42 8959.25 8962.83 8965.1 8966.29 8967.65 8968.79 8971.59 8974.59 8968.48 8960.71 8953.23 8945.14 8938.03 8938.64
8613.33 8637.46 8668.71 8711.26 8762.89 8814.84 8859.53 8878.89 8916.41 8978.92 9039.91 9098.51 9165.2 9282.05 9399.06 9503.92 9565.73 9549.47 9525.09 9495.45 9470.42 9443.84 9413.64 9379.71 9345.68 9312.02 9276.62 9241.74 9206.71 9177.21 9149.66 9128.98 9114.38 9098.93 9086.49 9074.03 9098.69 9086.75 9074.72 9062.53 9050.06 9037.16 9023.61 9009.12 8993.51 8977.07 8961.78 8948.15 8927.95 8931.03 8939.81 8948.32 8955.04 8959.81 8963.26 8965.68 8967.55 8969.4 8971.79 8975.1 8978.02 8972.9 8964.67 8958.45 8950.78 8943.86 8941.08
8592.23 8610.72 8632.78 8670.32 8722.86 8771.65 8812.77 8842.28 8883.35 8942.21 9002.61 9062.56 9120.47 9224.67 9330.07 9432.21 9521 9548.85 9538.76 9520.73 9499.28 9474.51 9440.15 9402.19 9363.13 9322.69 9280.95 9240.64 9201.28 9167.6 9137.51 9116.29 9099.19 9083.75 9078 9066.59 9094.53 9083.51 9072.37 9061.12 9049.77 9038.37 9027.05 9016.19 9006.84 9001.34 9006.86 9012 8975.5 8959.85 8956.25 8957.42 8960.06 8962.78 8965.11 8967.04 8968.78 8970.4 8972.15 8973.63 8974.99 8970.26 8965.24 8961.99 8961.89 8955.65 8946
8567.54 8588.46 8611.95 8647.35 8695.05 8741.53 8787.13 8833.51 8873.02 8917.01 8971.51 9030.57 9082.33 9187.75 9304.48 9386.39 9481.74 9542.8 9542.84 9547.06 9531.68 9505.24 9463.66 9422.24 9378.11 9332.41 9285.36 9239.05 9192.67 9149.87 9120.1 9103.15 9087.49 9076.74 9074.43 9064.23 9089.81 9079.8 9069.67 9059.49 9049.38 9039.5 9030.16 9021.94 9015.83 9012.78 9012.16 9002.82 8990.67 8977.51 8969.74 8966.7 8966.53 8967.13 8968.6 8969.67 8970.57 8971.39 8971.77 8970.99 8966.51 8965.5 8964.08 8961.48 8959.65 8955.09 8948.69
8546.66 8572.26 8600.64 8635.04 8676.07 8719.77 8765.06 8815.63 8850.08 8888.17 8939.14 8993.78 9050.46 9147.87 9257.3 9369.2 9491.65 9577.96 9593.53 9587.85 9565.74 9532.57 9489.05 9442.68 9393.61 9342.92 9291.46 9237.45 9184.87 9137.83 9107.26 9093.53 9079.39 9067.3 9057.92 9060.6 9086.41 9077.46 9068.33 9059.16 9050.08 9041.29 9033.1 9025.91 9020.17 9015.57 9013.46 9004.8 8995.03 8985.97 8978.62 8974.57 8972.25 8972.01 8971.98 8972.4 8972.55 8972.84 8972.3 8971.01 8970.13 8968.08 8964.4 8961.5 8958.94 8954.35 8950.01
8533.36 8560.9 8591.91 8624.87 8661.44 8699.26 8737.62 8777.25 8810.52 8849.47 8902.24 8969.51 9024.5 9113.27 9227.32 9359.03 9514.77 9614.33 9635.91 9627.29 9597.81 9557.2 9511.1 9462.07 9408.89 9354.05 9298.54 9241.06 9186.33 9140.43 9105.62 9087.6 9073.8 9062.31 9050.7 9045.74 9081.28 9073.22 9065 9056.76 9048.63 9040.79 9033.44 9026.72 9019.82 9014.01 9007.09 9000.88 8997.15 8991.19 8985.74 8981.39 8978.15 8975.78 8974.53 8974.35 8973.73 8973.52 8972.6 8971.26 8969.74 8967.42 8965.58 8963.57 8960.17 8956.82 8952.96
8525.08 8552.71 8583.37 8613.88 8646.52 8679.56 8713.43 8740.79 8767.59 8804.08 8851.59 8926.52 8990.48 9069.78 9183.6 9325.21 9480.45 9599.19 9645.2 9644.63 9618.63 9577.9 9530.07 9476.91 9422.36 9364.35 9305.8 9246.67 9189.26 9143.76 9106.36 9085.32 9066.49 9053.52 9044.66 9037.54 9076.56 9069.61 9062.56 9055.5 9048.52 9041.73 9035.16 9028.78 9021.7 9014.69 9005.87 9000.11 8998.07 8995.1 8990.12 8985.65 8982.04 8979.5 8977.57 8975.67 8974.74 8974.33 8973.15 8971.61 8970.08 8967.41 8967.32 8968.57 8967.87 8961.21 8955.59
8520.83 8547.89 8576.07 8603.8 8635.12 8664.81 8692.96 8716.52 8738.13 8765.05 8796.9 8848.32 8975.52 9050.29 9151.75 9274.34 9402.93 9533.27 9607.01 9635.46 9623.29 9585.58 9537.6 9483.36 9426.19 9366.68 9306.85 9248.89 9190.73 9142.25 9102.83 9079.23 9060.93 9046.97 9036 9032.57 9026.55 9062.03 9055.72 9049.5 9043.43 9037.58 9031.97 9026.53 9020.31 9015.07 9010.33 9004.65 9002.56 9001.71 8997.94 8994.13 8990.94 8987.88 8985.24 8982.57 8980.49 8978.7 8976.62 8974.12 8971.7 8969.12 8969.42 8971.21 8970.99 8964.08 8957.84
8524.26 8547.32 8572.65 8599.82 8628.18 8656.27 8679.48 8703.32 8728.76 8745.52 8769 8816.1 8979.37 9044.73 9127.56 9225.23 9326.98 9451.03 9565.68 9625.51 9617.23 9582.75 9535.43 9481.3 9425.81 9366.12 9305.91 9245.61 9187.45 9136.73 9095.71 9071.6 9055.15 9043.7 9034.05 9029.42 9024.21 9056.88 9051.55 9046.33 9041.25 9036.31 9031.49 9026.72 9021.19 9016.84 9011.57 9008.71 9006.15 9006.82 9003.48 8999.9 8996.59 8993.42 8990.18 8987.33 8984.68 8982.42 8980 8977.45 8975.31 8973.56 8971.87 8970.08 8967.67 8963.73 8958.36
