real_craters/C166-750m.grd
DSAA
162 162
-60.55 60.55
-60.55 60.55
7051.6759817858 10477.91526993
[rows 36 to 71 of 162, columns 80 to 159 of 162]
8640 8642 8650 8649 8622 8597 8597 8587 8620 8653 8677 8700 8696 8682 8664 8637 8616 8602 8589 8567 8549 8544 8544 8539 8553 8550 8539 8555 8559 8561 8560 8556 8546 8532 8506 8538 8535 8526 8518 8514 8520 8548 8567 8567 8568 8599 8608 8585 8569 8555 8551 8565 8561 8519 8499 8489 8481 8474 8468 8467 8466 8465 8464 8468 8476 8480 8481 8481 8480 8486 8489 8489 8488 8489 8491 8492 8497 8495 8492 8492
8628 8623 8625 8615 8588 8581 8595 8604 8647 8702 8770 8765 8699 8648 8624 8614 8606 8590 8572 8551 8551 8551 8554 8577 8595 8600 8597 8582 8578 8572 8571 8568 8567 8564 8538 8538 8521 8508 8500 8495 8492 8515 8542 8551 8550 8579 8599 8593 8577 8563 8556 8565 8524 8502 8495 8487 8480 8474 8467 8472 8464 8461 8459 8458 8465 8468 8471 8474 8478 8483 8485 8488 8490 8492 8495 8499 8502 8501 8500 8504
8630 8619 8620 8613 8597 8589 8613 8634 8664 8705 8755 8736 8675 8607 8575 8606 8609 8598 8577 8571 8604 8611 8636 8664 8634 8633 8625 8610 8588 8578 8576 8577 8582 8581 8540 8512 8501 8496 8493 8491 8488 8505 8539 8558 8560 8564 8579 8592 8582 8574 8570 8545 8511 8497 8493 8486 8480 8473 8470 8466 8459 8458 8457 8456 8457 8460 8463 8467 8469 8481 8491 8490 8490 8492 8496 8502 8507 8510 8513 8519
8651 8640 8642 8637 8636 8633 8619 8644 8662 8678 8671 8656 8656 8643 8654 8639 8634 8625 8614 8634 8683 8685 8681 8663 8626 8592 8586 8578 8575 8574 8576 8582 8587 8582 8567 8502 8482 8487 8494 8497 8506 8523 8548 8562 8562 8566 8564 8577 8576 8574 8575 8531 8512 8501 8493 8486 8480 8475 8470 8467 8462 8457 8455 8453 8452 8454 8456 8458 8463 8470 8481 8482 8482 8486 8493 8503 8513 8519 8521 8528
8680 8676 8672 8664 8658 8631 8612 8631 8647 8653 8649 8645 8653 8654 8646 8669 8671 8668 8671 8692 8718 8703 8671 8641 8601 8550 8545 8548 8555 8563 8568 8573 8580 8587 8530 8481 8473 8481 8492 8498 8519 8534 8570 8564 8563 8575 8570 8574 8568 8557 8538 8521 8513 8503 8495 8487 8480 8474 8471 8467 8463 8456 8451 8450 8450 8450 8450 8449 8448 8450 8445 8459 8469 8478 8487 8498 8513 8529 8535 8541
8718 8719 8698 8679 8659 8626 8600 8626 8635 8636 8641 8658 8657 8663 8692 8720 8707 8709 8717 8722 8719 8707 8694 8643 8601 8557 8546 8539 8543 8545 8548 8550 8549 8533 8491 8465 8468 8481 8496 8510 8518 8572 8467 8540 8585 8583 8577 8576 8563 8544 8523 8516 8510 8504 8496 8488 8481 8476 8476 8465 8458 8453 8450 8449 8448 8446 8446 8445 8443 8440 8437 8446 8457 8467 8477 8488 8501 8514 8527 8532
8735 8723 8705 8685 8664 8642 8625 8628 8626 8622 8622 8629 8647 8674 8706 8704 8728 8737 8741 8727 8699 8699 8681 8671 8624 8583 8565 8547 8538 8532 8529 8523 8516 8499 8479 8473 8477 8486 8495 8495 8465 8345 8172 8227 8487 8591 8578 8577 8561 8545 8529 8518 8510 8502 8494 8487 8481 8477 8473 8464 8458 8452 8448 8448 8448 8442 8443 8443 8440 8435 8433 8439 8448 8457 8465 8473 8479 8483 8490 8501
8736 8715 8703 8686 8667 8650 8642 8629 8619 8608 8595 8586 8614 8661 8706 8750 8767 8761 8753 8726 8700 8701 8721 8701 8639 8583 8557 8555 8535 8525 8513 8501 8487 8479 8477 8479 8479 8489 8496 8496 8474 8398 8266 8339 8532 8600 8584 8575 8560 8551 8534 8514 8506 8499 8492 8485 8478 8472 8470 8462 8456 8449 8448 8447 8441 8439 8440 8439 8435 8431 8430 8434 8441 8447 8454 8459 8461 8459 8461 8465
8741 8733 8708 8689 8669 8653 8648 8633 8617 8602 8585 8570 8600 8659 8771 8836 8811 8773 8742 8720 8692 8687 8692 8668 8622 8577 8538 8532 8526 8516 8503 8487 8471 8470 8477 8482 8493 8501 8512 8518 8531 8566 8600 8623 8602 8583 8575 8557 8553 8552 8539 8515 8502 8494 8486 8480 8474 8470 8464 8458 8451 8450 8450 8449 8449 8448 8439 8430 8428 8428 8429 8432 8438 8443 8448 8451 8453 8452 8454 8456
8739 8718 8711 8691 8672 8658 8647 8630 8615 8605 8599 8597 8623 8673 8758 8824 8803 8771 8745 8726 8700 8684 8645 8617 8593 8569 8551 8532 8531 8512 8496 8481 8468 8470 8486 8497 8504 8506 8509 8522 8548 8573 8574 8569 8564 8561 8557 8552 8551 8550 8541 8523 8499 8490 8483 8476 8470 8465 8458 8454 8454 8455 8454 8452 8450 8452 8434 8426 8424 8425 8427 8431 8435 8440 8443 8445 8445 8448 8445 8448
8740 8732 8714 8695 8676 8654 8647 8625 8611 8610 8615 8639 8646 8655 8700 8741 8736 8741 8760 8731 8739 8737 8680 8621 8602 8570 8529 8525 8517 8502 8492 8483 8479 8500 8498 8504 8505 8503 8509 8524 8549 8567 8572 8544 8528 8530 8539 8545 8548 8549 8545 8520 8501 8489 8482 8475 8467 8460 8466 8473 8474 8464 8459 8453 8446 8425 8425 8424 8422 8422 8424 8428 8432 8434 8438 8439 8440 8440 8439 8440
8740 8723 8713 8699 8679 8664 8656 8632 8617 8618 8619 8621 8622 8634 8654 8662 8671 8669 8669 8694 8708 8701 8655 8619 8603 8568 8525 8502 8487 8492 8492 8491 8487 8495 8502 8494 8487 8491 8510 8525 8540 8555 8562 8526 8508 8519 8523 8529 8537 8546 8543 8525 8508 8493 8483 8474 8468 8469 8466 8474 8478 8471 8461 8453 8444 8427 8429 8422 8426 8421 8423 8427 8429 8431 8431 8433 8433 8433 8432 8431
8746 8732 8729 8708 8687 8665 8671 8649 8639 8632 8623 8608 8597 8633 8651 8647 8639 8635 8633 8651 8647 8616 8613 8599 8565 8553 8536 8502 8488 8487 8498 8506 8505 8506 8508 8512 8496 8490 8504 8517 8526 8533 8527 8493 8493 8501 8505 8511 8523 8536 8529 8520 8515 8496 8486 8476 8466 8460 8452 8456 8470 8468 8455 8453 8457 8470 8459 8454 8448 8437 8433 8430 8427 8426 8424 8423 8424 8425 8425 8430
8755 8741 8731 8715 8696 8675 8654 8653 8653 8645 8640 8635 8657 8673 8673 8659 8642 8663 8654 8634 8616 8600 8594 8577 8543 8559 8550 8510 8483 8494 8510 8523 8536 8523 8515 8508 8504 8505 8506 8508 8508 8505 8496 8485 8480 8481 8483 8483 8484 8500 8505 8506 8507 8499 8488 8476 8464 8449 8442 8442 8443 8438 8440 8445 8454 8459 8471 8477 8468 8471 8447 8432 8425 8420 8416 8415 8415 8418 8421 8426
8768 8748 8730 8729 8717 8691 8673 8652 8647 8658 8667 8681 8707 8701 8702 8720 8701 8663 8646 8626 8607 8591 8577 8560 8546 8572 8564 8530 8506 8515 8525 8532 8535 8528 8518 8509 8505 8512 8513 8504 8493 8482 8488 8491 8476 8469 8466 8461 8458 8468 8477 8486 8496 8499 8486 8476 8468 8457 8441 8431 8428 8420 8428 8435 8440 8443 8457 8468 8457 8452 8435 8423 8415 8410 8408 8407 8407 8410 8415 8419
8787 8768 8765 8750 8743 8725 8670 8658 8666 8681 8698 8708 8701 8699 8705 8700 8675 8647 8635 8625 8609 8587 8571 8556 8563 8585 8586 8564 8555 8546 8544 8542 8539 8526 8518 8516 8522 8539 8526 8505 8484 8465 8465 8473 8462 8459 8456 8453 8452 8452 8457 8468 8481 8477 8473 8470 8467 8460 8447 8437 8428 8426 8424 8430 8433 8433 8451 8456 8431 8406 8411 8409 8406 8404 8401 8399 8397 8398 8404 8408
8806 8791 8783 8761 8753 8741 8688 8679 8688 8703 8725 8745 8731 8712 8703 8688 8675 8670 8651 8632 8616 8594 8580 8576 8583 8600 8601 8583 8564 8570 8564 8550 8521 8517 8517 8522 8536 8560 8533 8503 8479 8464 8465 8464 8455 8453 8451 8445 8437 8437 8440 8442 8445 8451 8457 8460 8460 8457 8449 8434 8421 8423 8429 8433 8437 8446 8463 8450 8422 8399 8402 8403 8403 8400 8397 8394 8390 8385 8388 8399
8826 8799 8761 8740 8730 8726 8713 8701 8711 8728 8747 8771 8775 8745 8715 8688 8671 8683 8659 8636 8617 8601 8584 8584 8594 8590 8604 8596 8591 8588 8584 8572 8540 8521 8517 8520 8526 8535 8517 8493 8469 8454 8459 8458 8458 8452 8446 8440 8434 8418 8424 8426 8431 8437 8444 8450 8452 8455 8455 8450 8436 8434 8436 8436 8440 8449 8454 8436 8419 8408 8402 8401 8399 8398 8395 8391 8388 8384 8388 8392
8847 8808 8760 8725 8721 8730 8746 8738 8743 8751 8759 8758 8764 8754 8724 8697 8673 8650 8650 8637 8616 8594 8588 8591 8612 8632 8618 8608 8598 8605 8601 8591 8543 8528 8519 8511 8511 8505 8498 8479 8458 8440 8452 8467 8459 8448 8439 8433 8427 8422 8415 8416 8422 8428 8435 8442 8451 8455 8458 8460 8457 8447 8439 8439 8437 8429 8411 8417 8412 8406 8402 8400 8398 8395 8393 8391 8387 8385 8389 8381
8879 8830 8776 8730 8709 8724 8744 8763 8764 8777 8774 8770 8757 8742 8734 8712 8687 8663 8651 8643 8632 8618 8608 8598 8625 8637 8625 8621 8621 8626 8609 8589 8562 8542 8524 8506 8479 8485 8482 8465 8448 8435 8442 8454 8442 8436 8430 8424 8418 8409 8412 8416 8422 8424 8425 8432 8439 8447 8455 8460 8455 8456 8454 8443 8435 8428 8422 8418 8414 8409 8405 8401 8398 8396 8392 8389 8388 8389 8390 8390
8912 8871 8827 8775 8754 8746 8748 8737 8768 8778 8784 8773 8779 8770 8762 8733 8697 8665 8658 8656 8651 8636 8625 8645 8634 8573 8616 8626 8635 8618 8609 8616 8585 8556 8531 8509 8495 8480 8465 8452 8441 8433 8428 8434 8427 8428 8426 8420 8410 8409 8422 8420 8417 8414 8414 8418 8430 8437 8447 8457 8458 8456 8452 8441 8434 8430 8431 8427 8423 8413 8404 8397 8393 8390 8387 8386 8386 8389 8391 8388
8906 8900 8905 8881 8835 8801 8782 8764 8786 8801 8804 8794 8814 8830 8806 8762 8711 8674 8668 8671 8671 8658 8644 8644 8654 8624 8621 8630 8633 8632 8605 8581 8594 8563 8535 8510 8488 8467 8449 8442 8435 8430 8421 8413 8426 8429 8427 8422 8420 8425 8425 8419 8412 8404 8397 8404 8411 8422 8432 8443 8441 8437 8437 8434 8432 8432 8438 8439 8421 8410 8401 8396 8390 8385 8382 8382 8382 8383 8387 8384
8861 8908 8953 8956 8869 8868 8844 8816 8842 8865 8850 8823 8866 8889 8847 8794 8755 8684 8687 8691 8695 8676 8656 8645 8645 8633 8625 8630 8639 8640 8606 8578 8576 8557 8534 8508 8482 8459 8443 8434 8428 8423 8421 8427 8441 8437 8431 8426 8423 8423 8419 8411 8402 8394 8390 8397 8404 8409 8413 8416 8419 8420 8423 8427 8434 8439 8451 8445 8422 8406 8398 8392 8387 8383 8378 8377 8377 8379 8379 8381
8808 8879 8966 9043 9066 8971 8920 8908 8930 8888 8926 8956 8933 8905 8872 8815 8760 8744 8713 8712 8706 8690 8670 8664 8637 8611 8623 8631 8636 8632 8607 8574 8564 8551 8530 8506 8479 8452 8441 8430 8422 8417 8420 8426 8441 8439 8433 8427 8421 8418 8408 8401 8393 8384 8385 8392 8397 8398 8397 8396 8399 8405 8408 8422 8437 8449 8456 8431 8409 8400 8394 8388 8382 8378 8374 8371 8370 8372 8372 8372
8753 8789 8861 8969 9045 8959 8930 8969 9010 9017 9000 8962 8976 8974 8915 8827 8735 8707 8718 8733 8733 8712 8682 8664 8639 8622 8635 8636 8631 8622 8620 8594 8574 8552 8529 8505 8481 8462 8440 8426 8420 8415 8413 8414 8430 8434 8429 8424 8423 8407 8399 8395 8390 8383 8385 8388 8389 8388 8385 8387 8396 8399 8416 8428 8438 8454 8439 8414 8407 8397 8390 8385 8380 8376 8370 8366 8361 8359 8355 8363
8673 8645 8649 8654 8733 8786 8809 8903 8947 9020 9065 9015 8990 8989 8966 8868 8724 8697 8713 8753 8767 8733 8699 8665 8625 8629 8650 8640 8628 8615 8611 8598 8574 8552 8529 8506 8484 8461 8433 8427 8424 8416 8409 8409 8416 8418 8416 8415 8404 8397 8392 8391 8391 8393 8390 8392 8388 8381 8377 8377 8393 8397 8415 8428 8431 8420 8413 8405 8399 8392 8388 8383 8383 8377 8370 8363 8356 8354 8358 8357
8528 8456 8410 8407 8448 8521 8599 8627 8601 8668 8807 8907 8910 8993 9029 8966 8868 8706 8707 8761 8778 8738 8699 8671 8634 8623 8646 8641 8631 8614 8590 8580 8568 8548 8527 8505 8485 8463 8450 8436 8429 8415 8405 8401 8397 8401 8399 8392 8383 8387 8384 8386 8391 8398 8394 8385 8378 8371 8369 8378 8405 8415 8431 8437 8431 8429 8426 8406 8394 8392 8390 8387 8381 8375 8368 8362 8354 8351 8351 8352
8282 8234 8169 8073 8120 8258 8348 8393 8341 8334 8419 8572 8689 8765 8820 8951 8997 8749 8729 8749 8755 8725 8696 8684 8648 8625 8636 8635 8630 8631 8585 8577 8562 8545 8526 8507 8489 8472 8452 8434 8420 8409 8404 8398 8393 8390 8387 8382 8376 8372 8371 8378 8383 8388 8381 8366 8361 8358 8358 8370 8399 8415 8415 8413 8424 8443 8446 8424 8398 8393 8387 8381 8375 8370 8367 8362 8359 8354 8350 8347
8041 8018 7981 7948 7990 8080 8135 8151 8092 8104 8179 8332 8452 8511 8559 8733 8828 8800 8770 8732 8716 8709 8677 8647 8638 8617 8629 8618 8611 8599 8585 8573 8558 8541 8521 8503 8487 8482 8473 8445 8417 8414 8394 8391 8393 8388 8381 8375 8373 8370 8367 8370 8372 8372 8364 8352 8347 8344 8344 8354 8374 8384 8395 8400 8406 8419 8436 8449 8420 8397 8386 8380 8375 8370 8366 8363 8360 8351 8345 8343
7848 7841 7831 7841 7936 7957 7969 7967 7935 7974 8103 8205 8289 8370 8458 8524 8693 8936 8939 8806 8742 8723 8713 8654 8622 8592 8594 8601 8600 8579 8565 8568 8553 8536 8518 8497 8477 8454 8431 8420 8422 8398 8385 8384 8387 8389 8379 8370 8370 8371 8364 8363 8363 8359 8350 8344 8339 8335 8332 8338 8357 8374 8395 8402 8385 8390 8406 8408 8404 8398 8391 8384 8377 8372 8367 8364 8360 8353 8348 8345
7702 7705 7697 7691 7772 7834 7853 7833 7812 7859 8002 8073 8166 8259 8358 8376 8574 8909 9061 8920 8791 8729 8698 8692 8661 8630 8599 8621 8613 8590 8567 8562 8550 8532 8512 8492 8467 8439 8412 8403 8400 8389 8379 8382 8383 8385 8376 8370 8373 8367 8361 8357 8355 8351 8346 8340 8335 8331 8329 8334 8347 8362 8378 8379 8370 8375 8386 8389 8394 8397 8393 8387 8382 8376 8369 8364 8364 8363 8357 8351
7595 7606 7608 7619 7682 7739 7756 7748 7732 7755 7810 7934 8045 8147 8219 8252 8431 8707 9017 8844 8793 8741 8697 8699 8694 8677 8703 8681 8648 8614 8584 8565 8547 8530 8510 8488 8464 8437 8412 8402 8395 8388 8387 8385 8383 8380 8378 8373 8373 8366 8359 8353 8348 8343 8338 8335 8334 8331 8328 8333 8343 8351 8356 8358 8366 8373 8376 8376 8391 8388 8384 8380 8375 8369 8363 8357 8354 8361 8360 8356
7529 7542 7556 7576 7635 7673 7684 7688 7683 7706 7746 7823 7936 8046 8147 8114 8271 8520 8841 8835 8827 8804 8725 8699 8673 8666 8698 8700 8677 8652 8602 8573 8553 8534 8513 8487 8463 8442 8429 8412 8406 8404 8398 8390 8386 8385 8384 8383 8370 8362 8356 8349 8344 8337 8331 8333 8335 8334 8334 8336 8341 8348 8348 8345 8354 8360 8365 8365 8373 8377 8375 8372 8366 8363 8358 8352 8351 8354 8361 8360
7486 7502 7522 7538 7561 7603 7633 7657 7668 7687 7712 7753 7847 7942 8014 8057 8160 8339 8582 8827 8856 8922 8920 8739 8657 8668 8691 8692 8691 8692 8646 8593 8567 8541 8517 8489 8464 8444 8424 8413 8408 8405 8396 8390 8386 8380 8380 8373 8361 8354 8351 8346 8341 8336 8332 8335 8338 8340 8339 8339 8339 8339 8326 8330 8336 8345 8356 8366 8369 8368 8367 8367 8364 8363 8360 8357 8354 8358 8370 8368
7449 7470 7492 7501 7506 7547 7598 7641 7670 7667 7674 7705 7782 7861 7913 7969 8067 8184 8356 8604 8784 8936 8987 8862 8660 8668 8687 8671 8681 8698 8681 8629 8586 8547 8513 8487 8463 8442 8421 8412 8402 8401 8394 8390 8388 8383 8370 8368 8358 8351 8347 8343 8339 8338 8340 8344 8343 8342 8346 8339 8334 8328 8325 8326 8332 8337 8342 8348 8360 8361 8359 8358 8358 8357 8362 8378 8399 8407 8393 8380
7417 7445 7470 7478 7486 7515 7565 7623 7687 7679 7638 7670 7737 7816 7889 7947 8016 8078 8153 8364 8655 8895 9022 8859 8670 8680 8730 8637 8657 8702 8666 8633 8584 8542 8515 8489 8467 8445 8428 8420 8424 8398 8395 8391 8386 8379 8378 8380 8366 8357 8349 8340 8337 8335 8337 8341 8339 8333 8332 8330 8328 8325 8326 8325 8329 8331 8334 8339 8344 8348 8350 8351 8351 8353 8359 8367 8400 8425 8411 8391
