real_craters/C166-300m.grd
DSAA
405 405
-60.55 60.55
-60.55 60.55
7045.8084732454 10489.428089376
[rows 300 to 329 of 405, columns 335 to 401 of 405]
8515.64 8512.71 8509.04 8505.16 8501.32 8496.79 8492.01 8487.74 8484.17 8483.14 8489.97 8511.84 8533.84 8548.78 8552.96 8551.18 8546.58 8540.48 8534.53 8532.39 8537.05 8542.46 8545.07 8544.02 8540.48 8536.88 8533.08 8529.75 8526.72 8527.04 8525.05 8523.38 8522.74 8522.41 8523.95 8527.85 8534.53 8538.78 8539.79 8545.24 8553.48 8567.96 8583.32 8558.41 8515.3 8418.76 8319.26 8233.75 8156.51 8086.07 8020.78 7961.29 7908.2 7865.94 7856.84 7825.63 7800.58 7819.15 7894.56 7980.83 8070.02 8163.08 8245.46 8316.42 8372.47 8415.43 8444.55
8521.74 8518.75 8515.14 8511.25 8507.3 8502.75 8499.08 8495.62 8494.13 8493.74 8499.24 8519.07 8539.1 8551.75 8556.67 8555.63 8551.14 8544.91 8538.02 8539 8544.95 8550.14 8551.41 8546.94 8541.83 8536.85 8531.91 8528.07 8524.84 8519.54 8517.21 8515.33 8514.43 8513.69 8516.44 8521.66 8526.87 8529.23 8524.64 8525.32 8534.68 8545.51 8555.16 8545.15 8538.89 8461 8372.2 8291.15 8215.81 8147.32 8082.08 8020.73 7962.39 7906.33 7884.53 7867.69 7845.13 7869.3 7953.13 8044.98 8138.3 8233.91 8319.92 8394.6 8448.37 8484.54 8502.41
8529.49 8526.25 8522.46 8520.57 8516.63 8512.89 8509.59 8506.98 8505.72 8507.26 8513.5 8532.54 8553.66 8561.82 8563.51 8561.99 8557.92 8552.41 8547.68 8549.13 8553.35 8556.31 8555.65 8548.02 8540.23 8533.26 8527.44 8522.83 8518.72 8514.57 8511.75 8509.73 8508.24 8507.07 8506.87 8508.8 8508.33 8505.63 8507.02 8509.31 8516.2 8525.01 8533.45 8525.24 8517.4 8467.59 8399.5 8332.39 8266.25 8205.41 8145.03 8089.29 8036.75 7986.68 7966.87 7948.44 7932.35 7961.55 8038.26 8125.31 8217.16 8312.5 8401.76 8482.4 8543.76 8562.4 8560.53
8539.22 8536.41 8533.33 8529.69 8526.05 8522.71 8520.06 8518.72 8519.17 8522.77 8531.45 8547.6 8564.91 8570.53 8570.64 8568.68 8565.38 8561.26 8557.75 8559.61 8560.5 8559.3 8557.23 8544.86 8535.24 8527.48 8521.21 8516.21 8511.75 8508.17 8505.28 8502.88 8500.51 8498.45 8496.75 8496.45 8492.44 8486.91 8492.59 8497.6 8499.12 8502.58 8511.03 8500.82 8492.77 8464.23 8416.78 8366.73 8315.6 8260.3 8213.66 8169.09 8127.78 8092.13 8076.65 8062.57 8048.3 8077.01 8141.75 8217.24 8299.87 8389.97 8479.14 8563.75 8624.53 8628.84 8611.46
8548.93 8546.05 8543.17 8539.65 8536.26 8533.19 8531.1 8530.58 8532.03 8536.9 8546.79 8560.23 8571.45 8576.49 8576.25 8574.63 8572.64 8570.84 8566.62 8567.21 8563.69 8555.56 8542.14 8534.68 8527.37 8520.27 8513.83 8509.51 8505.56 8501.62 8498.6 8495.69 8493.36 8490.77 8487.91 8486.12 8482.09 8479.26 8482.13 8487.14 8485.08 8483.4 8485.13 8489.64 8489.01 8464.86 8430.52 8395.48 8351.23 8315.01 8281.5 8251.39 8229.3 8211.75 8202.74 8199.1 8186.37 8207.99 8254.74 8311.4 8378.53 8457.09 8540.45 8627.44 8686.43 8673.5 8643.98
8558.85 8555.46 8552.04 8548.55 8545.38 8544.7 8543.37 8542.81 8544.07 8547.97 8555.82 8568.49 8580.99 8580.67 8579.68 8578.5 8577.76 8579.67 8583.36 8575.39 8566.81 8552.37 8538.66 8526.66 8517.97 8511.31 8505.8 8500.77 8496.65 8493.4 8490.53 8487.72 8485.56 8482.67 8479.51 8476.35 8473.36 8470.58 8471.7 8474.66 8474.31 8471.47 8468.41 8468.96 8473.03 8463.06 8442.12 8415.32 8386.14 8362.46 8341.74 8330.17 8330.53 8343.89 8362.09 8367.82 8351.82 8349.26 8365.52 8398.06 8444.91 8505.83 8572.58 8647.19 8704.19 8681.63 8655.74
8569.43 8566.12 8563.74 8560.3 8557.45 8553.84 8553.04 8554.08 8554.29 8555.91 8558.71 8566.17 8576.52 8579.34 8579.77 8579.14 8578.18 8577.34 8576.25 8574.47 8567.51 8546.61 8527.32 8514.24 8507.27 8501.37 8496.31 8492.07 8489.12 8486.14 8483.34 8480.61 8478.05 8475.52 8472.86 8469.46 8466.62 8462.49 8462.5 8462.92 8463 8460.98 8459.03 8461.11 8466.93 8461.15 8447.83 8430.7 8414.78 8399.97 8391.48 8394.6 8410.88 8450.17 8508.57 8533.77 8510.71 8472.27 8457.97 8467.87 8494.78 8534.52 8576.67 8614.65 8641.43 8652.81 8641.43
8579.39 8575.54 8572.3 8569.18 8566.19 8564.21 8563.45 8562.78 8563.95 8563.42 8562.13 8562.6 8568.35 8575.19 8577.74 8577.64 8575.44 8571.21 8566.16 8562.56 8551.33 8534.14 8514.74 8502.59 8496.34 8491.22 8487.11 8483.73 8480.76 8477.91 8475.49 8473.19 8471.25 8468.72 8466.23 8463.15 8460.91 8459.65 8457.24 8453.44 8450.79 8450.99 8453.21 8457.96 8466.7 8463.23 8453.7 8443.32 8433.45 8427.54 8426.61 8435.47 8458.19 8493.15 8531.94 8558.02 8569.2 8534.85 8514.15 8513.33 8526.26 8548.66 8571.12 8589.26 8608.51 8622.32 8620.33
8590.63 8586.31 8583.54 8580.31 8577.84 8576.19 8574.84 8573.96 8573.59 8572.3 8569.48 8566.5 8569.59 8574.07 8575.44 8574.43 8571.74 8567.31 8560.24 8550.69 8538.06 8521.85 8505.88 8494.18 8486.5 8481.65 8478.13 8474.75 8472.81 8470.63 8468.8 8466.72 8464.72 8462.67 8460.4 8458.04 8454.69 8452 8448.25 8445.38 8440.59 8444.2 8449.09 8456.66 8472.42 8465.7 8455.57 8448.99 8441.93 8442.69 8446.38 8456.92 8477.15 8498.88 8515.16 8530.94 8541.86 8544.04 8537.77 8537.78 8545.75 8556.12 8565.85 8571.64 8586.15 8597.57 8599.95
8599.3 8595.49 8591.59 8587.59 8585.1 8583.2 8582.17 8581.11 8581.85 8581.53 8580.32 8578.35 8577.43 8576.07 8573.28 8569.77 8566.53 8562.87 8553.38 8538.93 8524.83 8508.57 8494.12 8483.62 8476.46 8471.82 8468.9 8466.75 8464.83 8463.03 8461.38 8459.27 8457.91 8455.87 8455.32 8453.74 8451.21 8448.78 8445.48 8445.63 8441.63 8442.33 8446.28 8452.83 8467.98 8460.63 8453.11 8448.09 8447.46 8448.81 8454.19 8464.61 8481.14 8494.87 8504.31 8512.65 8526.56 8538.86 8542.25 8546.05 8552.26 8559.18 8564.85 8568.18 8577.22 8582.18 8582.96
8603.64 8599.89 8596.37 8593.2 8590.29 8588.52 8587.13 8587.67 8589.2 8592.09 8592.64 8589.29 8585.66 8578.24 8569.25 8561.33 8555.96 8552.98 8540.81 8522.81 8504.91 8491.01 8480.46 8472.15 8465.94 8462.71 8460.42 8458.78 8457.45 8455.98 8455.31 8454.18 8452.58 8451.61 8450.48 8449.95 8449.55 8450.78 8452.22 8453 8450.61 8442.55 8443.39 8446.57 8447.66 8446.76 8445.5 8445.4 8446.86 8449.89 8456.17 8463.62 8478.02 8488.79 8493.38 8500.94 8518.06 8532.9 8539.61 8545.97 8552.23 8558.96 8566.16 8572.86 8574.59 8572.52 8565.34
8609.05 8605.17 8601.33 8597.59 8594.47 8592.75 8591.85 8592.28 8594.98 8601.55 8605.32 8605.18 8595.97 8577.72 8560.82 8547.09 8536.94 8530.18 8518.45 8503.3 8488.2 8476.8 8467.23 8458.27 8455.15 8453.61 8452.42 8451.72 8451.02 8450.5 8449.78 8448.82 8447.61 8446.85 8445.98 8445.72 8446.96 8450.85 8458.5 8454.5 8447.02 8440.16 8440.09 8439.55 8432.22 8431.85 8434.63 8437.13 8442.13 8447.71 8454.13 8462.13 8470.88 8479.38 8489.25 8495.51 8512.63 8529.23 8535.64 8543.29 8549.25 8556.17 8564.17 8572.38 8569.14 8565.01 8559.7
8615.61 8610.94 8605.85 8601.65 8597.33 8594.1 8592.24 8592.26 8595.21 8602.71 8612.12 8620.78 8597.83 8568.69 8546.26 8527.51 8511.11 8497.6 8490.45 8483.04 8474.59 8466.18 8457.75 8451.09 8447.46 8446.07 8445.4 8444.82 8444.83 8444.39 8443.9 8443.34 8441.77 8441.3 8441.68 8441.62 8442.08 8443.64 8443.78 8445.26 8440.65 8434.46 8435.62 8434.73 8426.77 8424.08 8425.28 8429.25 8436.54 8443.24 8450.92 8459.21 8468 8478.02 8487.56 8496.63 8516.61 8528.31 8533.07 8537.7 8541.64 8547.13 8554.76 8566.1 8559.64 8555.37 8550.39
8623.85 8616.67 8609.58 8604 8597.94 8593.21 8590.22 8588.49 8588.32 8593.98 8599 8597.09 8570.18 8547.05 8526.05 8506.23 8485.93 8468.1 8466.19 8465.36 8462.79 8458.68 8450.38 8443.57 8440.02 8439.61 8439.83 8439.62 8438.66 8438.26 8437.79 8437.27 8437.82 8437.87 8437.14 8436.62 8435.94 8434.28 8430.65 8432.59 8430.28 8427.44 8427.64 8423.4 8413.54 8412.62 8416.39 8423.87 8432.23 8440.21 8448.75 8457.36 8466.35 8476.33 8490.97 8508.5 8527.29 8525.56 8525.07 8527.42 8529.29 8531.54 8533.39 8535.2 8540.2 8541.79 8539.72
8631.38 8621.28 8612.42 8604.33 8596.07 8589.44 8583.79 8578.81 8575.46 8574.8 8569.83 8557.13 8534.32 8519.88 8505.11 8488.28 8469.37 8453 8452.16 8452.79 8451.95 8449.47 8442.8 8436.45 8434.51 8435 8434.91 8435 8434.85 8434.6 8434.68 8434.91 8435.07 8434.48 8433.23 8431.54 8429.62 8427.59 8426.95 8428.2 8427.62 8425.05 8416.86 8407.37 8397.89 8399.27 8405.93 8415.14 8424.75 8434.14 8443.44 8452.69 8461.91 8471.79 8485.5 8496.12 8505.91 8511.72 8514.29 8515.49 8515.5 8515.28 8513.21 8513.78 8522.11 8525.29 8528.19
8635.41 8622.68 8610.71 8600.65 8591.22 8582.21 8574.07 8566.33 8558.65 8551.66 8540.13 8523.6 8503.39 8497.81 8488.21 8476.07 8463.49 8453.14 8447.57 8445.27 8442.75 8438.72 8436.48 8435.3 8434.41 8432.68 8432.38 8432.61 8432.59 8432.61 8432.52 8432.23 8431.64 8431.23 8429.42 8427.05 8425.09 8422.38 8417.41 8411.14 8417.58 8421.21 8409.33 8401.06 8393.36 8388.09 8399.31 8409.54 8419.86 8429.38 8438.77 8447.84 8456.38 8465.65 8475.32 8476.21 8489.64 8499.45 8503.19 8504.11 8503.34 8501.26 8499.22 8501.34 8508.5 8513.65 8517.66
8634.3 8619.3 8606.4 8594.42 8583.52 8573.11 8562.08 8551.77 8541.58 8529.4 8515.01 8502.52 8494.08 8485.27 8476.84 8467.78 8459.56 8452.59 8445.92 8441.71 8438.32 8435.3 8433.27 8432.05 8430.07 8430.08 8429.96 8430.08 8430.05 8430.46 8430.64 8430.5 8429.87 8430.02 8428.19 8425.74 8422.16 8418.17 8413.59 8408.31 8406.8 8405.39 8404.95 8402.54 8402.46 8398.36 8400.95 8408.71 8417.22 8425.99 8434.81 8443.36 8452.14 8460.8 8468.76 8475.7 8489.27 8492.09 8493.08 8493.95 8493.31 8491.25 8488.48 8491.04 8499.15 8504.8 8509.54
8626.32 8611.59 8598.44 8586.22 8573.76 8562.49 8551.28 8539.04 8526.19 8511.4 8494.98 8485.85 8482.37 8476.08 8469.01 8461.76 8454.99 8449.32 8444.68 8440.89 8437.28 8433.68 8431.74 8431.29 8431.11 8429.73 8428.69 8428.55 8428.86 8429.14 8428.98 8429.46 8429.08 8428.8 8427.11 8425.09 8421.11 8416.44 8411.81 8408.02 8403.52 8402.46 8404.22 8404.59 8403.09 8401.31 8405.3 8410.88 8417.62 8425.23 8432.91 8440.83 8448.94 8456.99 8465.47 8473 8478.06 8480.72 8483.35 8485.29 8486.09 8485.71 8485.21 8487.94 8494.43 8499.51 8504.48
8613.11 8600.5 8588.99 8576.77 8564.9 8553.08 8540.55 8527.51 8514.29 8499.63 8485.13 8477.07 8473.63 8469.48 8463.96 8457.63 8451.27 8447.43 8445.1 8442.61 8439.46 8435.86 8434.05 8433.79 8433.09 8429.63 8427.86 8427.21 8426.65 8427.31 8427.73 8428.44 8428.3 8428.72 8426.91 8424.21 8421.35 8416.76 8410.88 8403.25 8402.78 8402.44 8405.01 8408.01 8410.37 8412.75 8411.45 8414 8419.64 8425.78 8432.05 8438.75 8445.7 8453.16 8461.75 8467.69 8466.77 8469.69 8475.14 8478.82 8481.42 8483.34 8485.31 8488.12 8493.19 8497.62 8502.28
8595.59 8587.36 8578.02 8567.8 8556.68 8544.69 8531.62 8518.8 8505.5 8492.11 8479.92 8473.11 8469.88 8466.18 8461.77 8456.93 8451.03 8448.71 8448.17 8446.67 8444.72 8442.35 8439.17 8435.43 8431.44 8427.95 8426.46 8426.53 8427.17 8428.17 8429.4 8429.6 8429.82 8428.78 8427.54 8425.21 8422.75 8419.95 8414.86 8407.56 8405.27 8407.57 8407.72 8411.61 8417.84 8417.99 8411.76 8416.03 8420.92 8426.59 8432.24 8437.53 8442.27 8447.48 8454.17 8460.94 8464.24 8466.49 8470.41 8474.55 8478.27 8481.98 8487.44 8488.2 8491.39 8495.35 8499.15
8576.79 8573.83 8567.47 8558.62 8548.23 8536.56 8524.41 8511.99 8499.41 8487.61 8477.09 8471.11 8467.01 8463.72 8462.54 8460.28 8458.08 8455.13 8453.92 8452.74 8451.49 8450.06 8446.29 8437.56 8428.91 8424.53 8424.58 8425.7 8427.45 8428.84 8430.23 8430.6 8430.91 8430.53 8430.68 8430.7 8428.02 8425.54 8423.26 8415.38 8406.94 8407.57 8408.85 8412.8 8417.67 8416.82 8414.41 8418.76 8423.46 8427.52 8431.57 8435.69 8439.43 8442.11 8444.03 8451.64 8460.11 8464.73 8467.66 8472.22 8476.36 8479.83 8481.21 8486.29 8490.2 8493.56 8497.01
8564.67 8563.78 8558.41 8550.55 8540.65 8528.92 8517.31 8505.51 8494.64 8485.29 8478.68 8472.99 8468.8 8465.64 8467.82 8465.8 8462.66 8461.65 8460.75 8459.86 8458.72 8456.73 8451.04 8440.23 8427.72 8423.11 8424.48 8426.52 8428.1 8430.02 8431.3 8432.34 8433.43 8434.02 8434.09 8433.47 8432.36 8430.37 8426.98 8417.03 8408.53 8406.57 8407.55 8413.26 8418.96 8421.71 8422.09 8424.53 8426.9 8429.92 8433.16 8436.13 8438.41 8440.09 8441.17 8449.18 8459.13 8460.02 8465.44 8470.8 8475.76 8480.39 8483.51 8486.44 8489.07 8492.31 8495.43
8562.5 8559.29 8552.73 8543.98 8533.77 8522.81 8511.13 8500.23 8490.15 8482.03 8477.61 8476.15 8478.21 8481.08 8478.24 8473.97 8470.63 8468.77 8468.06 8467.54 8466.43 8463.56 8456.8 8446.8 8434.11 8427.24 8427.78 8429.43 8431.32 8432.65 8433.91 8433.91 8434.73 8435.56 8436.12 8436.44 8436.09 8435.02 8432.29 8423.26 8413.77 8408.32 8407.9 8415.45 8422.43 8427.46 8429.62 8430.59 8431.67 8433.56 8436.23 8438.19 8440.71 8443.03 8445.2 8451.46 8456.72 8459.73 8465.56 8470.11 8474.78 8480.94 8487.83 8486.17 8487.55 8490.49 8493.23
8565.94 8558.44 8549.38 8538.79 8528.1 8517.09 8505.87 8495.76 8486.12 8478.01 8474.39 8477.19 8483.68 8494.3 8484.65 8479.98 8478.42 8475.97 8475.2 8475.31 8475.1 8473.66 8468.61 8458.93 8444.73 8435.2 8434.58 8434.68 8434.99 8435.43 8436.13 8436.72 8437.31 8438.44 8439.47 8440.34 8440.31 8440.05 8437.44 8431.95 8425.09 8415.17 8413.82 8421.17 8427.54 8432.3 8437.29 8436.05 8436.15 8437.26 8438.55 8440.6 8443.2 8446.48 8453.59 8456.87 8460.64 8467.39 8468.58 8469.82 8472.43 8476.37 8478.94 8482.79 8485.21 8487.71 8490.79
8569.11 8557.35 8545.53 8534.5 8523.52 8512.64 8502 8492.29 8482.88 8475.32 8472.98 8476.28 8480.48 8479.69 8482.54 8480.94 8478.96 8480.29 8481.15 8482.16 8483.46 8484.93 8485.87 8475.76 8460.25 8450.15 8444.82 8441.95 8440.43 8439.74 8439.58 8439.87 8440.48 8440.91 8441.96 8443.21 8444.48 8444.91 8441.45 8434.83 8424.3 8424.41 8429.1 8427.39 8432.82 8439.86 8438.94 8438.15 8438.43 8439.31 8440.83 8442.59 8445.08 8447.86 8450.54 8461.11 8470.93 8471.99 8468.78 8468 8468.76 8472.92 8477.33 8478.21 8481.83 8485.12 8488.27
8565.2 8553.24 8540.57 8529.23 8518.83 8508.77 8499.2 8490.1 8481.03 8472.38 8471.08 8475.89 8480.3 8483.69 8485.27 8484.98 8484.05 8484.79 8486.1 8487.64 8489.41 8491.49 8493.71 8484.53 8471.31 8461.91 8453.94 8448.81 8445.54 8443.59 8442.65 8442.42 8442.67 8443.49 8444.75 8446.05 8448.01 8449.94 8451.83 8443.35 8437.63 8433.39 8424.96 8427.01 8434.79 8443.73 8444.38 8440.22 8440.35 8441.18 8442.47 8444.73 8447.45 8452 8457.78 8465.18 8471.89 8470.07 8466.22 8465.42 8464.53 8460.69 8464.92 8473.62 8479.1 8483.06 8486.34
8558.76 8545.4 8532.95 8522.37 8513.56 8504.75 8496.65 8489.24 8482.1 8475.5 8474.3 8478.22 8482.5 8487.28 8488.12 8488.29 8488.54 8488.43 8489.95 8491.77 8493.15 8492.84 8487.93 8480.58 8475.68 8467.83 8460.98 8454.6 8450.22 8447.61 8446.07 8445.44 8445.44 8445.24 8446.26 8447.54 8448.75 8450.81 8452.18 8447.33 8441.17 8432.56 8422.87 8425.66 8433.97 8441.55 8442.07 8440 8441.39 8442.44 8443.76 8445.83 8448.71 8453.58 8460.45 8465.87 8473.43 8472.53 8463.85 8464.07 8465.49 8463.23 8466.87 8473.4 8477.89 8481.16 8483.68
8541.9 8531.79 8522.13 8514.68 8507.21 8500.39 8494.26 8488.93 8484.99 8483.16 8481.75 8482.14 8484.54 8486.51 8486.31 8484.42 8486.29 8489.82 8492.58 8494.89 8496.34 8495.91 8491.85 8487.51 8482.46 8475.93 8466.47 8458.47 8453.41 8450.46 8448.72 8447.68 8447.01 8446.68 8446.83 8447.25 8447.69 8448.36 8448.29 8445.79 8441.5 8434.87 8428.95 8428.74 8433.08 8438.23 8442.93 8442.77 8442.42 8443.09 8444.26 8446 8448.13 8450.05 8454.5 8462.01 8465.91 8461.76 8460.71 8463.87 8470.33 8482.1 8478.46 8476.43 8477.8 8479.69 8481.14
8517.66 8513.47 8509.19 8505.14 8500.44 8495.74 8491.45 8487.93 8485.94 8485.61 8484.79 8484.77 8486.5 8488.86 8489.43 8486.56 8487.59 8491.38 8494.45 8497.17 8499.5 8501.06 8502.02 8499.21 8488.14 8476.61 8466.14 8459.55 8455.41 8452.89 8451.2 8450.1 8449.21 8448.63 8448.07 8447.19 8446.36 8445.15 8444.65 8444.15 8442.21 8440.56 8435.02 8432.06 8432.51 8433.69 8434.77 8442.15 8441.92 8442.43 8443.41 8445.18 8447.24 8449.8 8453.39 8457.84 8462.46 8468.06 8459.75 8462.36 8469.11 8476.07 8477.79 8476.56 8476.83 8477.82 8479.37
8499.88 8497.77 8497.76 8496.03 8493.55 8490.69 8488.11 8486.05 8484.87 8484.93 8484.67 8485.27 8487.24 8490.83 8494.68 8494.28 8492.95 8493.56 8495.66 8498.43 8501.53 8504.43 8506.63 8504.25 8490.9 8473.35 8462.52 8459.11 8456.85 8455.09 8453.58 8452.07 8451.52 8450.57 8449.3 8447.96 8446.05 8443.13 8442.23 8444.77 8445.21 8445.14 8439.75 8434.91 8432.6 8431.08 8432.08 8435.97 8439.19 8440.88 8442.01 8443.7 8446.16 8448.83 8451.22 8453.31 8454.91 8452.55 8454.06 8458.67 8464.03 8469.64 8472.46 8474.2 8475.48 8476.52 8477.35
