real_craters/C166-500m.grd
DSAA
243 243
-60.55 60.55
-60.55 60.55
7053.0636467422 10486.043893186
[rows 30 to 59 of 243, columns 67 to 133 of 243]
9259.33 9243.86 9227.99 9211.51 9201.39 9216.23 9284.99 9258.57 9200.64 9188.4 9192.82 9204.93 9218.61 9228.98 9222.33 9209.28 9195.26 9179.15 9171.3 9168.57 9165.17 9160.34 9151.6 9135.49 9101.71 9046.39 8964.44 8897.01 8866.17 8837.99 8814.71 8797.14 8780.24 8765.49 8755.84 8754.51 8747.24 8745.12 8745.57 8744.82 8742.82 8746.32 8761.42 8782.03 8775.91 8752.17 8732.73 8723.38 8738.45 8763.74 8789.46 8795.85 8784.59 8769.18 8759.3 8748.17 8730.97 8702.36 8695.42 8677.47 8665.66 8663.98 8656.62 8648.11 8640.9 8636.63 8669.3
9285.4 9257.18 9226.11 9192.49 9157.26 9125.66 9106.52 9119.3 9131.09 9152.45 9177.84 9201.03 9222.18 9237.04 9228.41 9209.59 9204.13 9192.95 9184.33 9176.46 9168.47 9159.23 9148.04 9136.59 9129.13 9075.63 8974.79 8912.6 8885.67 8852.41 8822.9 8802.03 8784.36 8770.47 8761.82 8759.2 8755.66 8755.57 8760.06 8758.97 8758.87 8758.27 8766.42 8785.28 8778.59 8752.97 8735.53 8717.15 8722.46 8737.79 8753.66 8764.12 8756.11 8741.63 8726.92 8708.42 8682.31 8656.32 8657.35 8660.95 8665.06 8669.58 8667.06 8663.58 8663.39 8672.42 8694.94
9293.64 9264.61 9230.44 9182.77 9121.46 9041.13 8943.51 8970.09 9062.57 9124.38 9166.45 9197.48 9221.65 9239.63 9239.55 9230.74 9222.08 9210.93 9197.95 9184.2 9170.47 9154.24 9136.68 9117.37 9093.48 9042.54 8967.57 8925.58 8908.96 8858.92 8830.41 8808.27 8789.29 8773.09 8760.82 8754.33 8752.61 8756.86 8765.15 8763.72 8761.51 8755.1 8751.37 8754.86 8748.16 8732.18 8715.8 8698.64 8701.99 8711.17 8723.02 8730.88 8725.68 8712.69 8695.79 8674.94 8652.55 8629.58 8637.19 8662.38 8682.42 8680.08 8675.58 8674.7 8679.8 8691.96 8702.68
9279.49 9276.89 9242.97 9192.96 9125.89 9037.31 8958.32 8980.03 9060.15 9126.71 9171.04 9200.8 9220.88 9233.82 9248.03 9251.57 9241 9226.74 9211.4 9191.76 9171.94 9147.22 9120.97 9089.43 9045.2 8991.07 8962.6 8934 8908.23 8866.34 8838.84 8816.18 8795.78 8775.89 8757.69 8743.35 8741.16 8751.6 8759.93 8761.76 8754.59 8740.97 8726.07 8718.07 8708.93 8704.19 8692.99 8685.88 8684 8686.1 8689.15 8697.29 8693.1 8684.36 8671.72 8651.33 8632.34 8613.4 8625.69 8659.63 8690.34 8683.75 8678.68 8680.18 8685.84 8696.21 8702.49
9308.94 9297.12 9268.56 9228.61 9179.67 9117.23 9051.06 9073.8 9129.17 9167.94 9195.27 9214.83 9228.28 9236.82 9244.8 9252.45 9257.84 9246.01 9224.36 9199.47 9173.02 9143.92 9110.74 9071.41 9025.57 8982.95 8957.41 8933.45 8904 8873.47 8850.38 8828.61 8806.89 8783.61 8758.81 8735.36 8729.81 8753.2 8768.46 8761.8 8749.24 8730.44 8712.32 8704.31 8700.32 8694.79 8684.67 8676.37 8669.85 8664.9 8661.52 8665.07 8665.05 8660.09 8649.99 8637.97 8625.95 8616.49 8623.24 8645.51 8666.33 8669.9 8672.02 8676.94 8683.2 8690.12 8688.34
9342.3 9328.75 9302.06 9276.73 9259.05 9262.66 9271.64 9262.71 9238.75 9228.08 9230.53 9236.75 9241.64 9244.45 9246.29 9255.38 9269.14 9258.23 9232.66 9205.03 9174.64 9141.45 9105.15 9064.89 9021.19 8982.1 8959.85 8935.19 8909.75 8886.26 8868.15 8849.26 8827.66 8802.73 8774.65 8745.35 8734.45 8765.11 8779.29 8764.95 8745.26 8725.77 8707.06 8701.39 8703.69 8696.46 8686.52 8673.23 8658.97 8648.01 8638.48 8639.09 8641.16 8641.58 8639.26 8632.28 8627.56 8627.23 8622.86 8625.9 8634.27 8642.62 8653.14 8663.23 8671.43 8677.62 8670.01
9377.65 9346.93 9339.15 9324.73 9320.03 9334.15 9351.03 9343.61 9303.09 9275.47 9262.75 9260.62 9263.48 9260.46 9254.66 9260.58 9266.59 9257.61 9235.91 9207.43 9177.36 9142.67 9106.05 9066.11 9025.12 8987.62 8965.57 8947.32 8926.98 8908.6 8891.49 8874.97 8855.3 8832.91 8805.95 8777.73 8761.22 8792.14 8794.96 8766.9 8743.37 8727.04 8712.97 8700.83 8691.02 8690.26 8675.55 8661.74 8650 8637.14 8623.72 8615.47 8623.09 8627.82 8629.29 8629.07 8626.83 8624.39 8608.49 8605.81 8603.31 8615.7 8632.83 8646.43 8657.7 8666.38 8666.13
9424.57 9400.57 9375.46 9359.35 9351.23 9347.91 9347.84 9338.5 9320.33 9299.73 9284.14 9275.99 9275.57 9270.66 9268.02 9268.14 9268.67 9259.02 9238.63 9211.93 9180.55 9146.33 9109.5 9073.57 9037.57 9005.05 8983.05 8964.48 8946.41 8932.94 8920.87 8908.56 8893.62 8876.19 8854.28 8829.35 8808.38 8804.9 8794.23 8765.85 8743.92 8732.47 8724.1 8710.33 8694.79 8683.35 8670.67 8657.86 8646.35 8633.08 8620.26 8614.08 8616.17 8620.5 8623.46 8623.47 8622.77 8616.13 8599.06 8597.31 8595.72 8606.82 8622.36 8636.08 8647.45 8655.47 8668.33
9422.13 9417.44 9397.89 9380.65 9366.35 9355.42 9350.05 9341.33 9326.33 9310.76 9294.14 9279.65 9268.48 9262.16 9260.15 9270.25 9275.25 9263.91 9243.3 9216.33 9184.67 9152.99 9119.89 9087.32 9056.99 9029.89 9010.14 8999.39 8976.02 8962.94 8954.31 8946.02 8937.03 8927.25 8915.26 8897.85 8853.84 8812.74 8796.34 8773.88 8753.94 8743.46 8731.52 8715.92 8704.04 8694.53 8677.89 8661.71 8647.96 8634.29 8621.15 8610.56 8612.42 8616.2 8619.07 8619.9 8618.99 8614.96 8609.43 8599.82 8599.59 8606.69 8619.39 8633.2 8643.68 8651.94 8672.67
9423.79 9423.38 9408.65 9391.46 9373.21 9361.44 9351.99 9344.53 9333.9 9319 9300.61 9281.49 9263.41 9257.51 9257.49 9271.11 9278.9 9268.2 9249.46 9224.96 9197.82 9164.91 9134.84 9103.52 9076.88 9053.91 9038.51 9029.85 9006.94 8996.07 8987.87 8982.14 8979.62 8979.54 8988.61 8991.33 8985.65 8897.89 8862.83 8811.93 8783.42 8768.18 8743.41 8714.87 8704.92 8690.63 8680.63 8666.88 8652.57 8638.82 8626.15 8615.66 8612.26 8615.73 8617.63 8617.07 8615.81 8613.13 8602.89 8598.66 8600.37 8607.62 8622.02 8634.41 8646.58 8662.05 8677.79
9429.63 9423.03 9415.86 9402.82 9384.85 9350 9359.96 9359.63 9347.99 9327.32 9306.56 9285.12 9267.72 9262.03 9267.49 9276.69 9279.3 9272.12 9254.19 9232.25 9207.32 9179.8 9152.31 9125.95 9097.4 9072.85 9050.22 9036.33 9035.06 9025.78 9018.2 9014.88 9016.75 9026.44 9044.74 9073.02 9106.72 9085.99 8998.98 8920.78 8859.45 8810.48 8767.22 8730.99 8709.83 8696.74 8686.41 8672.01 8659.14 8646.71 8635.14 8625.88 8619.34 8618.84 8617.96 8613.61 8612.34 8611.17 8607.23 8601.39 8608.89 8619.35 8629.07 8636.66 8649.26 8669.96 8685.37
9438.99 9435.43 9426.39 9418.05 9410.11 9405.09 9386.37 9370.05 9350.75 9336.36 9314.54 9289.64 9270.32 9263.06 9270.82 9292.69 9294.27 9275.49 9255.08 9235.28 9215.83 9196.21 9174.42 9150.32 9120.58 9088.57 9060.13 9050.8 9056.84 9049.15 9044.48 9045.34 9049.78 9065.34 9084.86 9119.44 9155.74 9167.69 9095.88 9052.4 8936.69 8849.55 8789.89 8746.09 8722.17 8702.96 8684.91 8676.23 8665.17 8654.01 8643.53 8633.8 8625.83 8623.01 8618.7 8614.18 8605.44 8602.53 8595.13 8598.95 8616.35 8642.21 8633.35 8634.25 8642.79 8659.88 8686.35
9454.23 9442.5 9439.3 9434.98 9426.6 9416.35 9408.8 9393.84 9370.51 9354.05 9324.73 9293.23 9264.98 9260.03 9266.49 9291.82 9296.52 9268.12 9247.97 9232.89 9220.71 9207.71 9193.82 9175.63 9149.52 9110.81 9082.18 9072.88 9065.77 9062.23 9060.33 9062.09 9069.03 9076.69 9097.15 9123.06 9156.78 9166.26 9082.78 9002.28 8931 8859.44 8799.99 8754.35 8731.38 8710.07 8697.08 8682.71 8671.01 8660.56 8651.36 8642.47 8633.11 8627.07 8618.98 8610.44 8599.77 8590.59 8590.73 8593.39 8603.13 8614.63 8617.91 8622.21 8629.52 8642.39 8677.58
9461.6 9456.37 9457.29 9455.97 9447.57 9436.52 9432.24 9429.46 9426.17 9374.49 9325.56 9296.55 9264.56 9228.87 9225.86 9231.78 9241.03 9238.42 9230.74 9222.59 9215.59 9211.42 9204.87 9199.8 9189.66 9158.37 9097.44 9078.74 9068.36 9067.49 9068.83 9073.67 9075.86 9088.44 9091.58 9091.6 9092.02 9079.22 9021.11 8938.82 8899.53 8848.86 8797.74 8754.88 8736.45 8716.32 8700.88 8687.32 8675.7 8665.82 8658.07 8652.14 8640.85 8630.34 8618.04 8603.72 8590.92 8578.4 8567.7 8572.28 8581.26 8582.92 8598.01 8608.71 8619.02 8636.14 8668.53
9467.77 9475.15 9478.86 9480.87 9474.36 9460.04 9444.72 9433.89 9429.37 9356.89 9296.1 9252.97 9219.75 9197.17 9185.88 9195.19 9197.17 9200.89 9202.02 9202.41 9202.26 9204.13 9208.29 9216.47 9227.82 9222.13 9139.04 9097.28 9081.42 9080.5 9080.03 9078.21 9078.94 9080.6 9072.33 9057.66 9028.64 9013.92 8979.01 8927.77 8888.92 8843.69 8796.36 8756.4 8738.24 8716.47 8701.4 8689.33 8678.7 8669.07 8661.37 8656.64 8655.39 8632.35 8615.75 8599.88 8581.53 8567.07 8554.96 8558.71 8565.94 8581.33 8588.38 8599.53 8613.76 8630.51 8661.63
9477.79 9486.99 9495.99 9503.61 9504.18 9477.97 9438.02 9397 9344.99 9293.56 9240.77 9195.36 9160.62 9138.97 9134.72 9136.35 9151.5 9163.84 9172.48 9178.61 9184.34 9191.69 9201.43 9215.94 9235.7 9237.76 9188.54 9131.25 9105.47 9102.38 9096.91 9091.22 9087.08 9081.89 9069.32 9045.39 8996.44 8967.32 8981.61 8947.98 8888.45 8838.28 8795.8 8756.2 8728.87 8714.12 8701.66 8692.17 8681.65 8670.53 8659.74 8649.28 8638.22 8625.05 8608.73 8591.81 8574.69 8558.83 8547.43 8546.79 8547.94 8548.6 8564.28 8593.02 8619.7 8641.29 8655.32
9484.48 9494.87 9506.75 9513.54 9515.18 9473.99 9414.94 9354.16 9287.86 9233.44 9184.57 9134.68 9110.5 9093.08 9091.99 9095.73 9113.71 9132.04 9146.31 9157.23 9166.36 9174.98 9184.33 9196.59 9212.28 9224.9 9224.96 9181.28 9148.16 9133.64 9121.38 9109.62 9097.56 9084.3 9073.52 9060.92 9048.19 9032.42 8984.97 8938.93 8885.13 8835.05 8790.52 8754.03 8725.13 8715.59 8705.37 8695.46 8684.26 8671.23 8656.59 8640.5 8623.34 8614.99 8600.18 8583.89 8566.61 8549.98 8535.04 8527.86 8534.77 8547.31 8569.28 8591.64 8611.94 8631.44 8645.17
9495.1 9504.93 9510.37 9507.26 9484.33 9443.33 9383.35 9315.78 9244.53 9188.05 9146.69 9111.07 9089.19 9079.39 9074.31 9078.38 9092.24 9109.01 9123.87 9134.89 9145.17 9155.87 9162.47 9169.28 9171.46 9192.49 9223.31 9227.73 9196.84 9169.55 9147.07 9127.94 9109.51 9090.29 9074.89 9065.38 9076.28 8992.86 8945.82 8908.47 8867.4 8826.73 8786.96 8754.31 8726.73 8712.45 8709.34 8701.86 8689.54 8673.94 8656.51 8637.57 8620.81 8608.3 8597.01 8583.37 8567.63 8549.8 8529.68 8517.64 8530.47 8552.6 8576.57 8592.88 8611.49 8626.76 8638.05
9507.09 9521.25 9519.72 9494.73 9462.14 9409.34 9350.58 9285.34 9216.61 9162.2 9124.98 9095.94 9077.51 9069.05 9065.67 9069.36 9078.71 9091.01 9102.54 9113.83 9126.12 9135.14 9140.76 9143.94 9148.07 9176.71 9221.91 9241.66 9226.31 9201.37 9174.74 9149.78 9121.55 9096.91 9071.02 9038.26 8988.07 8937.91 8891.98 8870.94 8845.69 8814.14 8781.61 8748.7 8721.61 8717.56 8722.32 8710.53 8695.41 8678.33 8659.44 8639.64 8622.53 8606.77 8599.89 8592.72 8583.45 8566.71 8543.69 8530.64 8532.68 8552.63 8569.49 8590.86 8613.54 8623.42 8631.36
9521.27 9537.41 9525.97 9461.25 9412.58 9371.82 9321.74 9265.53 9207.32 9155.23 9113.57 9084.25 9068.91 9062.84 9060.95 9063.86 9070.31 9078.7 9088.84 9097.43 9105.49 9115.02 9123.74 9132.43 9142.92 9168.89 9215.48 9251.63 9245.31 9223.54 9197.67 9167.8 9136.91 9104.02 9068.33 9026.66 8978.12 8914.61 8873.93 8850.15 8830.24 8805.25 8777.58 8752.1 8736.05 8730.25 8729.91 8720.12 8703.66 8685.25 8666.1 8646.09 8626.42 8605.83 8606.95 8608.06 8605.84 8599.83 8580.49 8537.92 8554.08 8573.56 8577.09 8587.87 8605.7 8612.5 8619.77
9543.74 9541.07 9445.52 9408.68 9374.16 9342.26 9301.15 9254.01 9204 9155.41 9110.11 9077.56 9064.37 9060.05 9059.52 9061.66 9063.91 9068.53 9075.43 9082.43 9090.96 9100.46 9112.47 9127.07 9143.31 9160.43 9204.9 9257.66 9257.85 9241.11 9219.13 9188.01 9154.79 9118.09 9073.47 9023.35 8970.45 8909.76 8865.78 8849.36 8830.21 8806.52 8779.62 8757.76 8741.13 8736.15 8740.7 8728.01 8711.79 8693.77 8674.83 8655.75 8636.6 8613.54 8622.15 8628.82 8635.94 8647.6 8656.68 8664.7 8653.9 8621.35 8591.81 8581.81 8582.89 8598.48 8608.27
9561.22 9548.61 9434.36 9386.06 9359 9327.03 9288.64 9246.85 9205.46 9165.11 9112.92 9081.07 9068.15 9061.89 9061.69 9059.16 9057.29 9059.28 9064.01 9070.03 9078.68 9088.27 9102.18 9121.39 9147.67 9162.94 9207.25 9255.78 9263.24 9250.28 9230.23 9203.7 9169.25 9129.83 9079.99 9020.52 8965.36 8922.85 8886.55 8860.72 8841.01 8818.45 8793.08 8762.35 8743.55 8741.22 8744.89 8733.33 8719.13 8702.98 8684.98 8667.57 8652.16 8644.95 8642.48 8648.95 8661.9 8687.13 8724.8 8781.17 8756.22 8660.11 8595.01 8583.7 8587.16 8596.22 8603.45
9575.19 9560.04 9451.5 9394.07 9362.07 9322.74 9282.73 9243.71 9202.91 9158.26 9115.91 9086.07 9077.61 9060.69 9058.25 9051.32 9050.03 9051.9 9056.14 9061.93 9068.24 9078.03 9091.06 9109.57 9134.62 9160.56 9199.22 9248.62 9260.89 9254.66 9238 9213.71 9183.42 9147.47 9099.99 9043.23 8990.35 8946 8902.59 8878.37 8857.93 8837.98 8815.61 8786.33 8757.76 8746.77 8746.15 8738.74 8726.94 8711.19 8694.12 8677.28 8662.09 8650.64 8653.47 8659.79 8672.79 8698.81 8733.95 8772.23 8728.59 8654.1 8596.08 8588.5 8602.78 8601.49 8606.19
9577.87 9559.9 9464.83 9407.26 9364.07 9319.85 9280 9242.24 9205.56 9166.04 9115.59 9079.24 9054.54 9042.09 9029.07 9035.08 9041.24 9046.15 9050.87 9056.18 9061.83 9068.7 9078.35 9092.43 9117.16 9157.37 9197.01 9232.75 9252.19 9250 9235.25 9217.09 9196.05 9169.29 9134.87 9087.18 9031.99 8975.85 8935.34 8903.98 8880.28 8860.79 8847.17 8834.62 8788.96 8757.22 8752.65 8747.77 8737.35 8721.76 8702.68 8684.7 8668.8 8661.19 8656.28 8658.27 8667.24 8682.42 8696.38 8692.72 8650.4 8621.94 8592.79 8586.46 8595.52 8605.43 8616.05
9570.94 9533.56 9453.27 9387.4 9347.6 9308.66 9271.87 9237.52 9205.95 9177.51 9127.55 9077.44 9044.66 9032.22 9027.16 9030.26 9036.13 9041.06 9046.5 9050.84 9054.43 9058.82 9064.31 9074.75 9102.32 9147.72 9180.76 9230.56 9251.42 9244.07 9235.27 9224.18 9212.24 9199.19 9179.54 9151.57 9091.03 9010.85 8962.06 8930.31 8904.07 8883.5 8870.24 8854.6 8821.74 8777.75 8770.09 8765.69 8751.51 8731.69 8709.9 8688.08 8668.01 8648.85 8640.63 8644.85 8649.84 8653.77 8650.63 8633.67 8604.68 8598.17 8596.37 8589.9 8591.46 8612.78 8634.23
9574.71 9527.77 9457.41 9358.95 9329.46 9301.41 9269.16 9231.24 9195.43 9164.56 9124.49 9077.43 9044.4 9034.15 9030.49 9032.27 9036.33 9041.24 9045.16 9048.69 9051.65 9053.47 9055.67 9059.96 9084.44 9122.73 9151.63 9203.96 9228.41 9225.84 9224.96 9222.72 9221.9 9220.9 9218.99 9201.93 9154.74 9086.37 9008.13 8957.15 8928.85 8907.64 8884.1 8858.38 8824.14 8794.48 8796.68 8790.6 8766.53 8740.83 8716.22 8689.74 8663.05 8638.09 8625.7 8630.91 8633.22 8631.58 8620.99 8602.1 8583.57 8585.61 8592.54 8587.25 8598.28 8627.05 8658.31
9589.13 9533.95 9462.81 9388.45 9344.2 9306.44 9267.77 9223.7 9177.4 9129.49 9092.28 9073.1 9053.47 9042.19 9038.7 9038.28 9041.15 9045.16 9048.85 9051.5 9053.46 9055.18 9054.34 9058.68 9076.89 9104.67 9133.25 9158.16 9178.04 9196.49 9207.45 9217.16 9225.84 9235.89 9248.58 9250.52 9214.79 9165.07 9060.49 8990.66 8966.07 8939.03 8900.15 8857.39 8828.54 8810.8 8812.38 8804.52 8778.66 8749.58 8719.95 8689.96 8660.34 8633.12 8616.2 8620.63 8621.85 8618.15 8607.98 8591.57 8577.09 8583.18 8596.8 8607.45 8619.51 8645.19 8678.42
9591.38 9528.9 9470.66 9415.11 9376.16 9331.22 9281.14 9225.2 9168.03 9115.13 9082.7 9070.35 9057.17 9049.07 9046.74 9047.37 9050.16 9053.84 9057.17 9057.51 9059.73 9059.98 9059.97 9062.53 9079.39 9097.62 9117.42 9134.45 9151.72 9174.39 9193.39 9208.66 9223.46 9238.79 9258.57 9270.45 9250.01 9198.53 9108.33 9044.42 9027.59 8996.97 8942.99 8880.74 8845.35 8842.28 8830.86 8817.16 8787.66 8756.61 8725.25 8694.18 8663.4 8635.09 8615.32 8619.28 8621.53 8617.92 8609.93 8598.29 8586.88 8590.42 8607.45 8624.35 8636.19 8656.39 8682.68
9581.02 9516.56 9465.73 9449.32 9419.84 9364.37 9301.25 9231.21 9164.3 9106.58 9082.04 9075.78 9066.3 9057.25 9056.05 9059.72 9063.56 9066.64 9069.79 9071.1 9071.62 9071.4 9073.87 9078.7 9094.49 9109.21 9117.79 9130.31 9141.93 9162.71 9184.58 9202.81 9216.71 9228.42 9244.84 9262.01 9272.08 9265.45 9198.74 9147.98 9112.78 9083.22 9044.69 8977.5 8910.74 8873.83 8847.71 8820.37 8794.12 8764.66 8733.72 8702.85 8672.94 8645.81 8625.45 8628.61 8630.12 8628.46 8624.61 8619.36 8613.41 8612.55 8616.64 8627.08 8644.17 8660.57 8677.31
9569.97 9505.69 9464.2 9497.97 9467.92 9404.36 9329.48 9248.55 9169.68 9102.63 9082.05 9082.32 9077.74 9071.63 9072.81 9077.12 9081.87 9082.47 9084.96 9086.01 9085.78 9086.97 9091.83 9104.75 9109.97 9128.78 9141.9 9142.1 9141.8 9161.28 9181.09 9196.22 9206.93 9211.91 9213.67 9232.79 9270.84 9286.08 9256.27 9222.02 9184.92 9164.72 9153.51 9098.98 8998.03 8905.6 8854.77 8828.53 8800.55 8771.53 8742.19 8713.21 8686.21 8662.88 8651.8 8648.37 8649.06 8647.67 8644.37 8644.32 8649.5 8633.74 8618.62 8627.01 8644.43 8655.75 8665.38
