real_craters/C166-750m.grd
DSAA
162 162
-60.55 60.55
-60.55 60.55
7051.6759817858 10477.91526993
[rows 0 to 35 of 162, columns 80 to 159 of 162]
8496 8499 8514 8543 8588 8660 8702 8669 8667 8636 8527 8496 8492 8501 8492 8487 8492 8494 8522 8551 8565 8567 8555 8540 8527 8519 8513 8511 8503 8498 8495 8495 8493 8495 8498 8501 8503 8505 8510 8516 8534 8560 8573 8576 8579 8574 8577 8616 8641 8654 8668 8674 8687 8684 8695 8695 8690 8768 8630 8666 8504 8293 8096 7986 7967 7952 7993 8120 8298 8483 8657 8801 8696 8623 8624 8622 8629 8635 8644 8642
8501 8502 8512 8538 8562 8577 8573 8608 8622 8604 8483 8482 8481 8482 8486 8488 8492 8535 8605 8594 8583 8576 8560 8545 8532 8520 8509 8498 8496 8492 8493 8493 8493 8496 8498 8497 8494 8498 8499 8520 8546 8579 8591 8582 8575 8569 8574 8598 8628 8650 8667 8673 8682 8679 8690 8681 8684 8700 8700 8698 8556 8332 8107 8013 8013 7996 8018 8151 8317 8476 8615 8699 8648 8624 8625 8615 8613 8619 8623 8624
8517 8513 8519 8527 8533 8526 8515 8545 8560 8534 8478 8479 8478 8482 8483 8483 8493 8555 8611 8604 8590 8576 8561 8553 8538 8523 8509 8500 8494 8493 8494 8495 8497 8499 8501 8501 8504 8505 8502 8520 8547 8573 8585 8582 8573 8565 8575 8592 8604 8634 8658 8676 8681 8686 8692 8710 8692 8697 8740 8799 8611 8393 8176 8110 8124 8112 8134 8236 8363 8480 8570 8615 8607 8606 8610 8609 8606 8611 8613 8614
8532 8520 8515 8517 8517 8505 8495 8508 8510 8490 8477 8481 8480 8482 8488 8499 8490 8552 8613 8601 8588 8575 8565 8558 8543 8527 8512 8500 8500 8501 8499 8505 8506 8507 8506 8507 8507 8508 8509 8521 8544 8567 8584 8578 8573 8571 8585 8601 8601 8609 8631 8661 8678 8699 8702 8699 8694 8687 8688 8706 8633 8484 8306 8284 8300 8294 8271 8357 8434 8498 8552 8583 8595 8584 8588 8599 8600 8602 8604 8606
8527 8520 8517 8515 8512 8506 8498 8497 8491 8481 8484 8486 8493 8494 8492 8494 8494 8558 8617 8605 8585 8574 8567 8556 8543 8529 8517 8510 8509 8511 8509 8517 8514 8512 8511 8510 8508 8507 8506 8519 8538 8555 8564 8570 8572 8574 8580 8586 8585 8597 8613 8636 8670 8701 8695 8693 8684 8671 8664 8670 8651 8613 8612 8521 8515 8549 8548 8518 8513 8528 8557 8573 8579 8580 8574 8586 8590 8596 8600 8601
8533 8519 8519 8517 8517 8512 8509 8499 8491 8486 8488 8508 8526 8514 8497 8485 8536 8620 8622 8593 8577 8573 8571 8555 8541 8530 8521 8516 8518 8520 8519 8518 8517 8516 8513 8512 8510 8503 8502 8516 8531 8546 8559 8564 8568 8571 8574 8580 8583 8601 8619 8636 8650 8663 8666 8669 8666 8654 8647 8651 8659 8661 8671 8642 8645 8721 8745 8625 8569 8564 8565 8573 8575 8576 8586 8593 8592 8601 8604 8602
8587 8562 8543 8535 8538 8530 8512 8502 8502 8505 8582 8626 8574 8539 8510 8490 8548 8613 8569 8553 8552 8556 8566 8540 8536 8534 8529 8527 8527 8528 8525 8519 8519 8519 8517 8513 8508 8499 8503 8512 8526 8541 8551 8561 8565 8563 8562 8573 8586 8614 8628 8635 8642 8651 8658 8644 8637 8639 8632 8632 8645 8629 8611 8634 8649 8645 8648 8630 8602 8589 8585 8580 8581 8601 8626 8620 8621 8602 8603 8603
8667 8673 8631 8609 8571 8554 8535 8523 8521 8523 8564 8620 8575 8538 8517 8523 8534 8511 8501 8510 8525 8532 8513 8522 8538 8540 8539 8537 8535 8531 8526 8521 8523 8519 8515 8509 8503 8499 8495 8507 8524 8540 8555 8564 8567 8567 8568 8577 8600 8628 8632 8632 8629 8629 8636 8616 8622 8622 8620 8623 8630 8608 8593 8611 8619 8604 8605 8611 8604 8593 8590 8590 8598 8628 8581 8523 8526 8570 8608 8601
8682 8674 8646 8603 8596 8581 8578 8573 8539 8525 8526 8534 8542 8533 8522 8507 8497 8493 8489 8496 8517 8534 8552 8565 8556 8551 8547 8546 8543 8532 8529 8534 8530 8519 8510 8501 8493 8484 8485 8498 8518 8536 8554 8566 8576 8583 8592 8613 8622 8629 8629 8624 8616 8610 8609 8602 8600 8600 8601 8609 8614 8601 8590 8596 8600 8591 8593 8596 8593 8588 8584 8581 8597 8577 8452 8433 8481 8542 8583 8588
8679 8669 8659 8655 8619 8594 8584 8574 8543 8526 8512 8498 8498 8504 8504 8499 8495 8498 8495 8497 8522 8549 8574 8580 8572 8563 8555 8554 8558 8563 8554 8539 8526 8515 8505 8496 8487 8474 8479 8496 8517 8537 8555 8572 8590 8606 8632 8639 8636 8632 8624 8616 8608 8600 8592 8587 8582 8580 8578 8575 8593 8585 8579 8583 8586 8587 8583 8581 8580 8576 8570 8561 8586 8575 8497 8476 8526 8552 8563 8571
8678 8670 8674 8665 8632 8584 8540 8542 8485 8508 8520 8488 8489 8493 8496 8499 8500 8496 8500 8506 8535 8566 8592 8591 8583 8572 8564 8563 8566 8568 8555 8538 8519 8507 8497 8489 8483 8472 8479 8497 8520 8543 8566 8588 8601 8620 8639 8641 8635 8626 8617 8608 8600 8592 8585 8578 8571 8565 8561 8557 8568 8562 8562 8569 8573 8570 8571 8567 8566 8565 8559 8552 8565 8578 8571 8559 8573 8574 8557 8556
8688 8674 8678 8691 8640 8575 8478 8321 8436 8511 8532 8499 8496 8498 8501 8503 8505 8513 8514 8520 8551 8584 8605 8604 8592 8582 8571 8569 8564 8556 8542 8522 8507 8497 8490 8483 8477 8473 8480 8500 8525 8553 8578 8600 8616 8628 8639 8637 8631 8619 8609 8600 8592 8584 8575 8570 8559 8553 8547 8545 8549 8555 8553 8553 8557 8559 8560 8556 8553 8552 8551 8556 8558 8559 8552 8561 8567 8564 8548 8542
8699 8683 8676 8673 8649 8602 8551 8569 8538 8539 8540 8516 8509 8509 8511 8512 8513 8527 8525 8539 8573 8604 8620 8607 8599 8595 8590 8575 8563 8550 8531 8507 8495 8489 8483 8478 8474 8476 8481 8504 8532 8564 8593 8614 8630 8631 8635 8630 8623 8611 8601 8593 8584 8576 8561 8559 8549 8544 8539 8536 8537 8541 8540 8540 8544 8548 8545 8545 8545 8546 8548 8549 8554 8551 8531 8532 8538 8538 8536 8529
8713 8693 8681 8688 8670 8639 8621 8623 8598 8562 8541 8527 8525 8524 8527 8531 8536 8547 8557 8583 8618 8632 8631 8612 8605 8599 8590 8576 8565 8556 8538 8502 8490 8483 8479 8476 8474 8475 8480 8505 8538 8576 8615 8652 8651 8632 8624 8622 8618 8607 8595 8586 8576 8568 8558 8549 8542 8536 8531 8528 8522 8530 8525 8523 8520 8522 8526 8529 8532 8537 8543 8548 8548 8541 8533 8527 8529 8529 8521 8509
8730 8710 8693 8697 8682 8660 8648 8638 8611 8572 8545 8535 8537 8545 8553 8553 8553 8597 8675 8687 8674 8664 8652 8631 8618 8600 8586 8575 8563 8558 8548 8507 8488 8482 8478 8475 8474 8473 8480 8504 8538 8576 8619 8666 8650 8624 8611 8615 8613 8607 8593 8581 8570 8559 8551 8542 8534 8528 8524 8520 8517 8513 8510 8506 8498 8498 8508 8514 8518 8523 8533 8541 8541 8538 8531 8527 8532 8536 8514 8493
8753 8740 8715 8694 8679 8666 8651 8635 8610 8578 8554 8541 8554 8575 8592 8602 8605 8677 8734 8714 8696 8689 8679 8663 8636 8611 8592 8577 8559 8550 8535 8511 8494 8483 8477 8475 8473 8469 8471 8499 8532 8568 8600 8616 8621 8613 8607 8615 8616 8605 8592 8578 8564 8553 8544 8537 8527 8521 8515 8510 8503 8499 8499 8497 8495 8494 8497 8501 8502 8505 8508 8518 8527 8533 8529 8530 8533 8529 8511 8491
8772 8763 8735 8697 8672 8656 8645 8633 8614 8581 8575 8570 8593 8618 8642 8671 8704 8762 8739 8718 8714 8717 8708 8692 8664 8638 8614 8591 8568 8550 8528 8512 8497 8481 8476 8474 8475 8469 8469 8492 8523 8558 8589 8608 8616 8612 8611 8618 8611 8600 8588 8573 8559 8547 8538 8530 8521 8514 8508 8502 8497 8495 8493 8492 8493 8491 8488 8489 8489 8487 8482 8488 8508 8512 8524 8534 8535 8523 8508 8495
8790 8774 8730 8697 8654 8650 8637 8621 8598 8578 8609 8658 8657 8663 8688 8728 8770 8781 8746 8742 8751 8751 8736 8725 8721 8687 8645 8613 8578 8562 8530 8517 8493 8478 8473 8472 8478 8478 8474 8483 8515 8552 8586 8614 8628 8624 8618 8614 8604 8596 8584 8568 8552 8542 8533 8526 8517 8508 8502 8497 8492 8489 8487 8485 8489 8484 8482 8480 8479 8478 8478 8481 8492 8508 8517 8529 8537 8518 8502 8498
8800 8793 8785 8744 8698 8666 8636 8615 8600 8595 8640 8685 8690 8693 8707 8743 8782 8760 8713 8701 8751 8721 8709 8700 8700 8684 8657 8632 8613 8579 8544 8520 8497 8480 8472 8468 8481 8480 8470 8477 8508 8546 8586 8624 8647 8630 8617 8609 8598 8590 8577 8562 8547 8535 8506 8526 8511 8504 8498 8492 8488 8484 8480 8476 8469 8472 8472 8472 8471 8471 8471 8471 8472 8482 8507 8523 8523 8503 8485 8477
8793 8793 8809 8765 8721 8675 8645 8622 8604 8628 8670 8698 8696 8686 8688 8700 8713 8710 8558 8520 8662 8687 8673 8665 8661 8665 8649 8634 8616 8597 8561 8529 8498 8474 8472 8477 8477 8475 8469 8474 8504 8543 8583 8619 8641 8630 8612 8600 8590 8580 8568 8555 8542 8530 8520 8514 8504 8495 8493 8488 8483 8478 8476 8472 8468 8467 8466 8466 8465 8464 8464 8463 8462 8467 8479 8507 8506 8485 8470 8470
8765 8749 8718 8695 8670 8665 8655 8644 8641 8701 8695 8694 8682 8664 8650 8632 8619 8611 8568 8601 8618 8644 8631 8626 8624 8629 8630 8629 8625 8609 8576 8542 8505 8482 8475 8476 8475 8471 8468 8470 8504 8544 8581 8611 8628 8629 8623 8597 8583 8569 8559 8548 8539 8526 8517 8510 8502 8496 8489 8483 8478 8475 8474 8470 8467 8463 8461 8459 8458 8457 8458 8455 8454 8456 8459 8470 8473 8469 8468 8472
8721 8694 8658 8642 8666 8676 8672 8673 8691 8707 8697 8681 8659 8639 8617 8590 8569 8556 8547 8546 8540 8542 8570 8588 8596 8595 8604 8614 8621 8607 8587 8561 8528 8494 8478 8477 8474 8469 8466 8477 8515 8554 8586 8609 8628 8635 8627 8592 8575 8559 8555 8547 8532 8522 8517 8506 8497 8489 8484 8481 8477 8473 8472 8467 8463 8458 8455 8453 8451 8449 8449 8449 8449 8452 8457 8458 8459 8461 8463 8478
8680 8654 8627 8619 8669 8685 8679 8684 8699 8694 8683 8668 8647 8624 8602 8574 8552 8525 8513 8507 8490 8490 8523 8550 8571 8568 8574 8585 8595 8601 8593 8581 8559 8499 8480 8479 8474 8470 8471 8488 8540 8575 8599 8615 8627 8620 8605 8586 8572 8563 8560 8553 8542 8536 8511 8503 8495 8485 8480 8479 8478 8471 8466 8458 8452 8452 8450 8447 8445 8442 8441 8444 8448 8451 8455 8453 8453 8458 8463 8477
8648 8638 8626 8623 8639 8654 8664 8676 8684 8669 8671 8666 8654 8621 8595 8573 8551 8526 8508 8497 8478 8477 8495 8513 8521 8522 8540 8558 8569 8584 8592 8593 8582 8510 8486 8488 8484 8480 8483 8532 8583 8604 8616 8619 8611 8601 8595 8596 8579 8575 8565 8561 8563 8547 8537 8511 8493 8482 8478 8477 8475 8465 8460 8455 8450 8447 8444 8442 8440 8438 8437 8441 8445 8448 8449 8449 8451 8455 8464 8478
8627 8628 8626 8609 8604 8610 8636 8655 8667 8667 8672 8669 8658 8620 8588 8562 8549 8530 8510 8496 8478 8473 8478 8485 8487 8489 8510 8533 8546 8565 8583 8592 8589 8535 8505 8506 8505 8495 8494 8530 8613 8631 8635 8635 8628 8628 8628 8606 8591 8569 8560 8558 8548 8537 8525 8520 8513 8493 8483 8475 8467 8461 8457 8454 8447 8443 8440 8438 8436 8436 8438 8440 8444 8446 8448 8447 8448 8460 8470 8474
8619 8621 8620 8606 8598 8608 8624 8642 8656 8683 8680 8672 8659 8624 8590 8549 8545 8537 8518 8489 8472 8469 8468 8470 8469 8470 8483 8502 8524 8548 8568 8582 8585 8555 8526 8529 8522 8510 8510 8545 8638 8646 8649 8651 8659 8673 8645 8591 8575 8560 8556 8558 8559 8536 8524 8518 8509 8500 8491 8478 8466 8460 8455 8449 8443 8440 8437 8434 8432 8431 8433 8438 8442 8445 8448 8450 8455 8456 8457 8458
8616 8618 8615 8606 8599 8605 8626 8644 8669 8684 8687 8673 8651 8627 8607 8611 8561 8545 8530 8484 8461 8461 8459 8458 8460 8456 8459 8480 8493 8525 8550 8565 8572 8553 8528 8528 8525 8523 8529 8562 8621 8646 8654 8659 8666 8671 8639 8593 8573 8572 8573 8561 8555 8537 8518 8514 8506 8496 8495 8489 8478 8462 8451 8443 8439 8437 8434 8431 8428 8427 8428 8432 8436 8442 8447 8454 8448 8450 8450 8447
8621 8612 8608 8610 8604 8629 8633 8644 8674 8701 8698 8677 8649 8625 8599 8569 8561 8542 8515 8477 8456 8453 8453 8454 8465 8483 8466 8475 8493 8515 8536 8549 8551 8536 8523 8522 8528 8534 8545 8566 8614 8644 8656 8661 8658 8665 8625 8582 8569 8570 8575 8574 8563 8541 8532 8527 8514 8500 8494 8492 8482 8466 8447 8436 8440 8438 8434 8429 8424 8422 8422 8427 8432 8437 8442 8445 8447 8445 8442 8443
8625 8612 8596 8588 8594 8609 8617 8627 8651 8701 8705 8686 8661 8627 8607 8586 8561 8537 8501 8471 8453 8452 8452 8454 8464 8480 8481 8490 8501 8515 8529 8539 8541 8539 8549 8538 8536 8542 8557 8586 8627 8644 8655 8663 8667 8662 8628 8586 8566 8569 8578 8571 8546 8537 8547 8557 8545 8512 8508 8501 8490 8476 8461 8458 8450 8445 8439 8431 8422 8415 8417 8422 8427 8432 8436 8441 8439 8437 8437 8438
8629 8606 8581 8561 8566 8579 8595 8612 8641 8685 8699 8691 8679 8654 8613 8587 8560 8540 8520 8491 8457 8451 8452 8459 8472 8482 8488 8491 8486 8511 8527 8540 8548 8551 8549 8537 8540 8549 8564 8589 8620 8636 8648 8660 8674 8668 8642 8596 8568 8581 8589 8579 8554 8555 8554 8557 8541 8514 8518 8508 8497 8487 8479 8469 8462 8453 8445 8435 8425 8413 8416 8420 8424 8429 8432 8431 8432 8433 8433 8432
8620 8595 8570 8548 8545 8547 8572 8613 8644 8666 8680 8688 8689 8672 8595 8561 8559 8551 8545 8507 8462 8450 8452 8463 8476 8489 8493 8496 8500 8513 8530 8545 8559 8565 8545 8535 8539 8547 8558 8576 8597 8621 8639 8653 8654 8649 8649 8595 8566 8573 8595 8579 8554 8540 8540 8531 8513 8507 8512 8512 8502 8494 8491 8484 8472 8463 8454 8444 8433 8425 8422 8420 8424 8429 8432 8433 8429 8424 8423 8425
8608 8587 8562 8535 8523 8546 8580 8607 8632 8647 8663 8678 8685 8669 8620 8590 8575 8555 8525 8486 8460 8454 8461 8462 8475 8489 8501 8504 8502 8521 8538 8554 8569 8581 8568 8550 8544 8546 8548 8550 8566 8602 8632 8655 8660 8664 8640 8588 8562 8565 8570 8559 8549 8543 8532 8516 8496 8491 8503 8504 8498 8493 8489 8484 8478 8472 8465 8457 8448 8439 8435 8429 8432 8436 8436 8433 8427 8423 8425 8424
8605 8596 8582 8552 8527 8549 8575 8608 8625 8639 8656 8670 8685 8693 8664 8632 8601 8570 8529 8490 8488 8498 8507 8513 8506 8508 8525 8524 8526 8533 8542 8556 8568 8584 8584 8564 8553 8547 8543 8541 8545 8587 8634 8671 8701 8670 8634 8573 8555 8554 8551 8555 8554 8551 8532 8511 8493 8490 8489 8489 8489 8486 8482 8481 8484 8482 8478 8473 8468 8462 8456 8450 8447 8447 8446 8442 8434 8429 8424 8423
8609 8619 8625 8625 8585 8604 8587 8590 8606 8618 8629 8657 8686 8708 8700 8661 8628 8599 8580 8582 8571 8566 8556 8551 8538 8528 8526 8529 8540 8539 8542 8545 8552 8556 8560 8566 8553 8545 8541 8544 8562 8602 8639 8672 8692 8659 8599 8566 8553 8553 8549 8548 8557 8555 8529 8508 8493 8485 8482 8479 8480 8481 8485 8492 8494 8490 8487 8486 8485 8481 8474 8466 8463 8461 8460 8459 8457 8444 8441 8437
8644 8648 8669 8718 8797 8682 8588 8591 8599 8608 8621 8652 8687 8711 8694 8668 8639 8617 8611 8607 8598 8589 8570 8566 8546 8527 8504 8526 8542 8546 8546 8543 8536 8535 8545 8556 8551 8545 8541 8545 8569 8615 8635 8656 8678 8655 8599 8571 8556 8550 8548 8556 8557 8531 8515 8502 8491 8482 8476 8472 8474 8477 8484 8495 8499 8494 8491 8492 8496 8493 8485 8480 8475 8473 8474 8477 8480 8470 8465 8461
8654 8659 8675 8709 8721 8645 8584 8596 8606 8616 8615 8656 8690 8707 8688 8660 8640 8621 8610 8608 8587 8569 8549 8541 8541 8534 8535 8538 8547 8552 8551 8548 8537 8522 8541 8540 8544 8539 8533 8533 8543 8597 8608 8616 8630 8633 8609 8584 8563 8550 8546 8571 8554 8512 8503 8494 8486 8479 8471 8469 8469 8471 8473 8485 8492 8490 8488 8489 8492 8492 8488 8484 8483 8483 8484 8485 8487 8483 8482 8481
