real_craters/C166-300m.grd
DSAA
405 405
-60.55 60.55
-60.55 60.55
7045.8084732454 10489.428089376
[rows 240 to 269 of 405, columns 201 to 267 of 405]
7536.35 7542.88 7548.94 7553.33 7556.44 7558.91 7560.9 7565.32 7582.63 7606.21 7632.31 7658.45 7684.42 7704.97 7725.22 7744.93 7760.92 7760.39 7758.86 7757.48 7792.33 7830.35 7869.04 7907.37 7945.75 7985.38 8030.09 8077.24 8129.05 8196.38 8285.45 8377.64 8468.15 8548.95 8619.85 8661.8 8669.47 8664.74 8657.04 8665.41 8697.32 8723.15 8743.17 8753.55 8744.48 8724.12 8716.3 8734.63 8753.66 8758.16 8736.13 8713.63 8680.03 8632.07 8581.08 8573.48 8568.06 8561.85 8557.28 8549.26 8544.55 8540.44 8537.92 8534.75 8532.54 8531.92 8536.66
7556.69 7562.83 7567.55 7572.59 7576.68 7581.82 7586.55 7593.75 7610.25 7633.88 7661.98 7691.1 7721.7 7749.87 7770.12 7773.14 7794.44 7812.46 7821.71 7824.56 7850.68 7880.75 7916.32 7956.2 7997.95 8045.33 8094.58 8148.54 8208.82 8289.68 8405.23 8487.88 8567.68 8642.94 8720.18 8758.81 8736.18 8716 8696.94 8698.05 8721 8737.02 8745.78 8746.85 8739.32 8724.22 8698.34 8699.47 8703.18 8689.41 8668.29 8662.58 8641.91 8608.87 8581.74 8570.51 8564.7 8560.2 8554.65 8549.68 8544.91 8539.92 8535.9 8533.15 8531.59 8531.65 8533.71
7581.62 7585.82 7589.63 7593.98 7601.41 7607.96 7612.58 7622.01 7636.69 7660.99 7691.55 7725.36 7761.18 7797.83 7832.57 7855.32 7867.41 7873.8 7890.2 7913.62 7920.87 7937.42 7968.29 8009.49 8056.94 8112.23 8168.66 8229.7 8298.64 8398.04 8530.81 8603.53 8659.08 8708.92 8759.83 8785.03 8771.67 8763.18 8753.67 8752.22 8756.75 8756.39 8752.86 8746.15 8739.23 8725.13 8677.69 8679.9 8681.48 8668.71 8649.22 8640.88 8625.13 8604.16 8585.34 8574.84 8567.22 8561.28 8557.12 8551.63 8546.33 8540.62 8536.44 8533.34 8531.39 8531.31 8531.25
7611.17 7614.4 7615.52 7615.72 7613.79 7617.25 7637.52 7648.74 7658.98 7687.58 7721.88 7756.07 7795.99 7838.52 7888.41 7946.22 7938.9 7925.68 7936.83 7953.99 7964.81 7983.48 8016.04 8063.09 8116.26 8174.66 8240.43 8311.85 8390.93 8500.54 8646.78 8711.05 8734.53 8746.5 8751.92 8753.19 8776.04 8801.82 8822.6 8813.69 8794.08 8776.88 8761.27 8742.96 8722.72 8697.92 8670.67 8676.72 8683.8 8675.15 8652.96 8639.12 8622.68 8605.94 8594.16 8581.87 8571.62 8563.2 8557.14 8550.89 8543.36 8538.68 8534.72 8531.9 8530.55 8530.66 8529.57
7646.64 7647.49 7646.14 7642.69 7638.8 7645.56 7661.16 7672.98 7688.58 7722.43 7754.26 7786.13 7821.59 7862.61 7904.81 7950.18 7958.93 7951.73 7960.86 7973.89 7987.87 8017.37 8060.77 8114.2 8168.96 8234.05 8306.72 8388.31 8486.18 8612.44 8746.77 8799.14 8788.18 8767.85 8744.38 8731.65 8770.91 8825.01 8876.24 8856.54 8822.34 8792.68 8766.82 8738.87 8706.38 8668.35 8659.81 8681.94 8701.15 8704.86 8670.68 8646.02 8625.64 8609.25 8596.56 8584.96 8573.66 8563.22 8556.87 8550.65 8543.4 8538.09 8533.68 8530.23 8528.34 8527.35 8524.49
7688 7686.39 7681.92 7675.6 7671.35 7673.37 7683.73 7703.57 7740.6 7766.03 7791.41 7819.42 7849.41 7874.91 7895.18 7915.24 7952.46 7964.63 7975.72 7974.75 7990 8044.85 8103.1 8164.13 8226.17 8293.18 8365.46 8451.49 8561.4 8695.11 8831.43 8849.05 8811.98 8778.33 8748.15 8729.06 8769.52 8824.17 8860.4 8857.69 8831.45 8801.2 8771.65 8740.37 8706.01 8671.26 8670.45 8692.83 8713.12 8714.82 8679.16 8650.31 8628.4 8611.74 8599.43 8586.71 8574.81 8564.16 8555.49 8549.9 8543.35 8537.66 8532.65 8528.33 8525.17 8522.21 8517.69
7735.04 7730.66 7722.11 7712.57 7702.8 7698.87 7711.15 7740.46 7785.88 7806.12 7832.5 7859.81 7882.84 7897.39 7903.33 7923.06 7966.89 7992.68 8009.81 8004.66 8017.55 8090.32 8162.21 8226.72 8288.28 8347.97 8415.79 8490.4 8584.77 8708.29 8844.2 8832.86 8798.14 8779.68 8763.72 8754.37 8787.97 8826.8 8844.21 8847.15 8828.64 8802.1 8774.26 8746.98 8721.06 8698.34 8697.45 8704.3 8711.63 8697.12 8671.52 8648.87 8627.83 8610.08 8596.22 8585.93 8574.53 8565.04 8555.19 8551.21 8544.15 8537.91 8532.3 8527.2 8522.02 8517.39 8515.41
7790.76 7782.56 7771.51 7757.45 7742.91 7732.9 7742.04 7765.15 7797.35 7835.99 7873.35 7905.46 7927.49 7940.17 7941.34 7967.48 8017.81 8048.33 8078.11 8091.08 8111.68 8171.67 8237.02 8296.22 8354.48 8406.26 8464.18 8519.78 8569.26 8669.91 8750.35 8741.86 8759.16 8778.93 8790.47 8802.13 8826.72 8851.94 8861.31 8846.05 8824.08 8798.06 8772.29 8749.28 8735.18 8735.26 8721.65 8706.4 8696.66 8682.38 8661.46 8642.6 8623.89 8607.15 8593.29 8582.43 8574.01 8565.12 8559.84 8552.02 8544.92 8538.48 8532.79 8527.77 8522.37 8518.17 8519.54
7857.81 7845.35 7831.82 7814.75 7797.96 7782.5 7784.91 7794.13 7822.52 7876.96 7925.35 7964.19 7991.08 8006.72 8009.46 8042.47 8099.21 8132.52 8174.59 8205.98 8234.47 8274.9 8326.02 8375.45 8416.45 8469.95 8520.06 8568.5 8613.36 8668.37 8694.75 8692.81 8746.78 8790.46 8820.76 8847.82 8865.46 8870.62 8865.73 8840.29 8814.61 8790.1 8765.2 8743.91 8729.36 8725.31 8713.42 8694.77 8671.11 8654.77 8647.31 8633.4 8618.41 8603.46 8590.37 8581.76 8574.27 8564.32 8559.29 8551.67 8544.51 8538.41 8533.04 8529.25 8528.74 8527.09 8527.45
7932.65 7918.24 7901.02 7885.58 7869.15 7855.5 7859.26 7868.39 7893.21 7950.26 8000.44 8040.05 8076.1 8101.08 8117.94 8153.16 8204.98 8237.35 8285.81 8328.47 8356 8385.32 8421.99 8462.02 8494.86 8538.45 8582.66 8628.73 8680.59 8711.56 8732.27 8745.36 8785.86 8821.98 8850.31 8875.62 8880.78 8858.7 8839.25 8820.31 8800.06 8777.01 8754.28 8732.11 8711.39 8697.63 8697.73 8684.25 8662.69 8651.02 8640.71 8628.58 8614.66 8600.41 8588.56 8586.64 8573.91 8563.37 8557.24 8550.09 8543.54 8537.48 8532.18 8528.12 8527.23 8527.11 8529.94
8012.37 7996.57 7977.84 7963.38 7953.39 7956.52 7972.24 7993.41 8028.65 8061.63 8090.8 8128.27 8174.06 8218.14 8256.81 8290.26 8325.78 8360.39 8398.34 8446.34 8488.25 8494.88 8517.34 8547.47 8576.22 8613.58 8651.82 8687.67 8724.38 8774.69 8817.08 8845.41 8858.1 8864.22 8873.26 8883.14 8876.16 8837.42 8811.09 8797.02 8782.18 8763.25 8744.09 8722.31 8699.26 8682.11 8686.01 8679.65 8669.94 8654.36 8640.37 8626.2 8611.77 8597.44 8585.72 8575.18 8566.72 8559.01 8554.19 8548.2 8542.39 8536.79 8531.35 8526.03 8519.38 8522.3 8527.05
8098.14 8078.35 8058.94 8045.47 8039.76 8048.78 8074.42 8119.94 8164.35 8160.37 8178.52 8218.53 8274.4 8339.2 8406.53 8425.63 8442.01 8472.53 8503.36 8552.78 8585.26 8583.27 8603.99 8627.61 8661.37 8696.92 8730.28 8758.47 8789.27 8847.71 8905.11 8962.96 8922 8899.02 8885.9 8874.96 8854.38 8814.63 8790.21 8775.98 8762.63 8747.23 8732.18 8715.94 8702.24 8690.96 8681.39 8681.95 8676.01 8658.14 8642.14 8625.03 8609.44 8594.07 8580.45 8568.33 8558.49 8555.3 8551.11 8546.35 8541.47 8536.37 8531.63 8527.11 8523.59 8523.62 8526.89
8187.27 8165.82 8146.66 8130.38 8120.34 8120.03 8143.72 8207 8244.47 8215.79 8250.39 8302.77 8359.35 8434.59 8518.16 8527.34 8545.08 8572.08 8593.82 8631.86 8659.41 8659.43 8677.7 8707.76 8741.17 8775.69 8812.69 8850.65 8884.35 8917.05 8952.98 8981.05 8940.63 8915.86 8888.46 8855.57 8819.71 8792.91 8770.39 8756.3 8744.54 8731.33 8720.26 8708.01 8699.62 8692.77 8690.8 8684.35 8675.38 8660.22 8642.42 8624.58 8607.74 8591.34 8575.12 8557.78 8551.36 8552.16 8549.39 8545.55 8541.04 8536.73 8532.57 8529.64 8528.74 8527.43 8528.48
8277.62 8254.97 8235.03 8217.03 8203.03 8193.16 8208.16 8272.29 8317.19 8283 8322.79 8380.74 8431.34 8479.74 8523.11 8586.9 8627.48 8659.77 8686.99 8697.47 8693.55 8702.29 8746.06 8783.7 8815.69 8846.91 8881.38 8926.4 8957.15 8967.96 8979.18 8957.08 8947.4 8929.8 8890.03 8838.97 8786.67 8760.62 8748.3 8737.79 8728.1 8716.93 8707.59 8695.37 8686.22 8679.15 8673.76 8675.08 8675.95 8658.3 8639.58 8621.74 8605.41 8590.26 8575.03 8562.99 8557.42 8553.24 8549.19 8545.12 8541 8537.07 8533.54 8530.97 8528.7 8528.26 8528.85
8364.71 8347.11 8327.38 8308.25 8290.42 8276.62 8281.24 8334.85 8385.87 8363.07 8404.88 8467.21 8522.85 8551.98 8588.79 8656.44 8707.82 8743.83 8769.39 8776.97 8773.62 8786.98 8831.03 8859.79 8883.29 8907.08 8930.44 8943.4 8975.42 9002.15 9016.31 9022.1 9004.75 8957.11 8896.14 8832.53 8773.38 8746.69 8735.13 8722.82 8712.13 8702.96 8695.3 8681.86 8667.92 8660.78 8655.85 8657.77 8662.97 8648 8632.31 8617.91 8603.92 8590.02 8577.63 8566.89 8561.08 8555.74 8550.65 8545.96 8541.74 8537.85 8534.43 8532.1 8530.24 8527.52 8527.3
8458.88 8442.23 8424.24 8406.86 8388.59 8372.61 8365.87 8403.7 8443.06 8446.41 8499.96 8569.55 8632.62 8674.8 8713.57 8756.77 8793.54 8824.24 8849.88 8875.01 8889.43 8911.38 8926.08 8931.85 8940.35 8956.31 8976.81 8991.9 9010.56 9028.42 9045.8 9062.83 9054.15 8975.24 8896.85 8831.15 8781.97 8757.42 8732.93 8714.39 8700.1 8689.65 8684.83 8671.46 8657.14 8647.38 8637.69 8632.31 8633.46 8628.04 8620.09 8610.58 8600.17 8589.99 8581.08 8573.69 8565.22 8557.54 8552 8547.16 8542.47 8538.52 8535.14 8531.6 8528.62 8527.53 8526.34
8560.78 8546.58 8530.98 8515.59 8501.85 8488.64 8480.49 8502.34 8525.31 8549.06 8610.1 8686.16 8759.88 8814.38 8846.22 8862.43 8876.05 8894.74 8917.41 8943.96 8992.67 9036.2 9010.35 8984.52 8977.11 8987.5 9012.74 9049.01 9039.49 9037.02 9043.84 9057.32 9037.11 8951.35 8878.42 8818.54 8775.94 8751.73 8724.37 8705.15 8691.6 8681.17 8676.82 8665.46 8653.54 8641.42 8628.84 8615.44 8607.15 8611.83 8609.86 8604.6 8597.24 8589.51 8582.42 8576.45 8563.82 8557.88 8553.17 8548.06 8543.16 8539.03 8535.84 8532.66 8528.64 8525.21 8523.95
8656.19 8641.22 8628.8 8619.56 8615.04 8616.18 8624.87 8637.39 8644.96 8666.19 8727.23 8804.71 8884.92 8953.05 8967.38 8952.04 8946.19 8947.59 8960.61 8981.08 9033.38 9084.17 9030.39 8994.45 8982.61 8989.11 9010.38 9040.89 9026.54 9014.59 9005.3 8987.21 8940.11 8892.01 8842.04 8792.07 8748.91 8724.88 8707.96 8692.72 8683.84 8674.97 8670.65 8661.9 8652.91 8640.56 8629.96 8620.8 8608.54 8606.05 8604.17 8599.82 8594.18 8588.03 8581.75 8574.89 8565.83 8560.11 8554.77 8548.86 8543.47 8539.07 8536.08 8534.99 8530.19 8524.63 8523.15
8742.66 8723.29 8710.77 8708.99 8719.25 8739.3 8770.87 8787.45 8781.7 8791.31 8846.01 8911.6 8981.37 9050.92 9045.15 9014.77 8991.31 8979.52 8976.43 8976.95 8991.06 8992.32 8963.23 8956.38 8954.22 8959.3 8969.1 8977.37 8979.07 8970.47 8954.14 8921.63 8872.79 8841.51 8805.07 8763.25 8726.75 8703.41 8689.37 8681.7 8674.45 8669.5 8664.8 8657.25 8648.96 8638.96 8631.73 8627.52 8613.92 8605.66 8601.34 8596.66 8591.84 8586.93 8582.12 8576.34 8572.64 8564.44 8556.37 8549.35 8543.14 8537.87 8534.05 8532.99 8530.41 8527.1 8525.47
8825.64 8807.24 8796.02 8796.85 8812.47 8841.27 8888.14 8917.87 8909.95 8929.81 8962.19 8996.62 9036.43 9064.72 9065.5 9042.58 9012.68 8991.31 8969.17 8945.22 8919.86 8876.54 8875.44 8900.54 8912.19 8916.77 8916.03 8918.58 8923.83 8920.44 8906.31 8879.96 8841.76 8817.59 8775.98 8737.5 8703.86 8679.76 8674.16 8671.67 8667.71 8663.85 8658.93 8651.3 8642.67 8635.27 8627.9 8620.17 8611.94 8604.56 8598.91 8594.67 8590.03 8584.91 8581.08 8576.97 8572.32 8563.3 8556.48 8549.28 8542.51 8536.18 8530.34 8525.13 8532.62 8534.94 8530.35
8898.25 8877.95 8867.4 8868.98 8880.96 8905.66 8943.14 8971.07 8979.66 9011.26 9039.87 9050.89 9068.59 9079.2 9069.19 9047.7 9017.07 8990.29 8956.9 8923.65 8880.3 8833.24 8831.58 8860.55 8877.32 8880.79 8869.77 8865.02 8877.9 8876.8 8866.12 8848.46 8842.59 8787.07 8746.79 8714.72 8686.8 8671.67 8666.02 8663.44 8661.26 8658.7 8654.59 8649.46 8641.06 8631.66 8622.79 8615.48 8609.04 8601.83 8595.97 8592.44 8587.94 8583.66 8579.59 8574.35 8566.03 8563 8556 8548.87 8542.12 8535.57 8529.6 8526.07 8536.95 8542.18 8534.05
8954.56 8933.85 8919.51 8914.99 8923.06 8936.53 8954.49 8969.55 8999.52 9023.7 9061.33 9076.54 9077.87 9068.96 9064.87 9044.92 9014.73 8985.43 8952.61 8915.38 8873.34 8829.47 8821.32 8847.38 8860.51 8863.29 8859.67 8853.15 8849.45 8842.45 8829.92 8809.29 8768.4 8733.75 8718.25 8697.6 8677.7 8667.1 8659.62 8657.05 8656.23 8656.25 8653.38 8646.57 8638.46 8628.45 8617.33 8610.13 8603 8597.24 8592.71 8589.73 8585.72 8582.35 8578.52 8574.8 8572.39 8562.88 8554.8 8548.15 8542.09 8536.51 8531.92 8530.38 8534.31 8536.67 8533.14
8982.31 8963.81 8954.09 8946.73 8948.06 8956.39 8964.44 8978.4 9010.21 9048.5 9076.79 9088.09 9093.27 9082.15 9067.48 9039.56 9010.34 8980.58 8946.9 8914.37 8884.48 8858.82 8854.76 8856.59 8856.09 8854.38 8858.6 8846.06 8830.95 8818.41 8803.51 8781.93 8753.65 8723.97 8704.39 8687.79 8671.91 8658.23 8653.25 8652.83 8654.4 8654.74 8654.63 8652.29 8640.63 8626.38 8611.5 8597.15 8592.48 8591.37 8589.15 8587.53 8584 8580.29 8576.84 8573.05 8568.02 8557.75 8552.61 8547.5 8542.56 8538.08 8534.49 8532.52 8531.33 8531.82 8531.06
8991.38 8977.44 8972.35 8963.29 8960.95 8965.78 8969.57 8981.02 9002.78 9042.44 9059.85 9080.81 9113.22 9111.19 9068.39 9031.12 8999.99 8969.49 8936.93 8912.86 8894.72 8886.6 8886.31 8869.09 8853.97 8840.44 8825.34 8819.23 8810.19 8798.26 8785.09 8767.82 8746.39 8720.57 8699.56 8684.57 8671.04 8657.75 8651.65 8651.41 8652.45 8653.5 8654.57 8655.35 8641 8625.12 8609.41 8595.32 8590.51 8589.82 8589.06 8586.22 8582.81 8579.19 8575.14 8570.29 8564.6 8556.1 8551.58 8547.39 8543.35 8539.75 8536.45 8533.4 8531.68 8530.99 8530.36
8997.26 8988.43 8981.34 8976.19 8970.77 8966.77 8964.83 8963.47 8970.09 8978.01 8999.92 9033.32 9080.16 9084.99 9042.56 9005.95 8978.47 8951.78 8927.73 8907.38 8893.42 8887.33 8880.53 8870.99 8849.07 8826.45 8807.44 8798.14 8791.3 8782.33 8770.14 8756.21 8738.37 8716.56 8699.79 8684.8 8671.4 8659.08 8652.22 8651.15 8651.12 8651.2 8650.29 8646.41 8636.02 8622.87 8611.55 8603.05 8596.98 8591.99 8587.98 8584.56 8581.13 8577.47 8573.51 8568.03 8561.82 8556.98 8552.17 8547.9 8544.31 8541.43 8539.68 8536.41 8532.1 8531.38 8531.05
8999.33 8993.2 8987.84 8982.92 8975.75 8966.02 8960.43 8948.48 8940.38 8929.1 8923.11 8957.92 8977.2 8994.96 8990.95 8973.07 8952.09 8931.54 8914.1 8897.42 8885.87 8880.29 8887.75 8871.22 8841.59 8814.39 8791.83 8784.63 8778.89 8770.17 8759.57 8747.27 8732.57 8718.52 8703.87 8688.7 8675.19 8663.43 8655.78 8652.81 8650.81 8648.71 8645.15 8638.47 8629.19 8617.71 8606.98 8598.7 8597.84 8589.96 8586.32 8583.28 8580.34 8577 8572.88 8567.69 8560.77 8556.84 8552.67 8548.49 8545.14 8542.47 8540.39 8537.78 8535.18 8533.49 8532.73
8994.82 8992.25 8988.63 8983.19 8975.09 8967.66 8958.05 8945.74 8929.43 8912.5 8896.49 8910.59 8934.67 8943.3 8945.23 8938.44 8924.59 8910.02 8896.09 8883.17 8871.38 8863.13 8861.52 8847.98 8828.51 8804.76 8782.86 8777.95 8771.95 8762.67 8752.85 8740.78 8728.78 8719.25 8705.62 8692.42 8680.17 8668.94 8661.02 8655.13 8650.69 8646.62 8641.82 8633.8 8623.2 8611.07 8598.99 8590.3 8585.52 8584.67 8583.73 8582 8579.9 8577.49 8574.26 8570.15 8564.55 8556.29 8552.07 8549.24 8545.84 8542.9 8540.45 8538.54 8536.83 8535.98 8534.88
8979.09 8979.69 8977.29 8974.92 8973.23 8968.44 8962.26 8954.16 8937.43 8914.56 8898.4 8890.61 8906.77 8908.91 8908.92 8906.64 8897.83 8890.88 8878.26 8865.72 8851.64 8835.31 8819.08 8819.75 8815.85 8804.05 8789.33 8779.89 8770.56 8759.2 8748.25 8735.9 8724.37 8714.34 8700.2 8689.78 8680.54 8671.47 8663.64 8656.18 8649.49 8643.75 8639.47 8631.25 8617.45 8604.84 8592.93 8585.15 8582.53 8582.05 8582.3 8581.66 8580.42 8579.1 8576.8 8574.03 8571.06 8566.37 8557.11 8551.47 8546.8 8543.07 8542.32 8541.35 8540.44 8539.1 8537.28
8966.03 8967.39 8968.25 8970.19 8970.01 8970.41 8969.6 8965.81 8949.31 8914.06 8882.91 8861.38 8875.36 8874.66 8876.49 8876.13 8871.2 8865.08 8856.59 8845.26 8832.18 8816.98 8805.73 8805.11 8808.41 8810.58 8802.48 8785.18 8770.7 8757.83 8745.23 8732.31 8718.11 8703.12 8692.64 8686.29 8679.43 8672.11 8664.38 8656.25 8647.04 8637.84 8630.89 8621.69 8609.62 8599.24 8589.93 8583.95 8582.08 8581.85 8582.08 8582.04 8581.42 8580.23 8578.71 8577.48 8576.05 8573.44 8561.95 8554.3 8548.12 8542.55 8537.01 8543.13 8545.65 8541.96 8539.04
8953.87 8958.82 8962.71 8965.48 8968.51 8972.4 8972.16 8969.57 8950.71 8907.19 8855.28 8820.67 8819.98 8835.56 8846.61 8848.36 8844.03 8839.35 8833.85 8824.76 8814.47 8804.37 8794.79 8794.41 8799.49 8809.56 8803.68 8784.36 8768.33 8753.88 8740.78 8727.89 8714.21 8699.49 8689.6 8685.77 8679.01 8672.46 8665.67 8656.43 8644.75 8630.66 8614.02 8606.68 8601.05 8593.65 8588.15 8584.1 8583.14 8583.42 8583.83 8584.16 8583.64 8582.59 8580.83 8579 8577.19 8574.9 8564.76 8555.29 8549.56 8545.46 8542.94 8543.47 8544.26 8542.49 8539.93
