real_craters/C167-300m.grd
DSAA
425 425
-63.6475 63.6475
-63.6475 63.6475
9908.4830594264 12156.699722433
[rows 150 to 179 of 425, columns 201 to 267 of 425]
11534.2 11545.3 11574.3 11609.1 11624.5 11620.3 11616.9 11618.3 11621.8 11623.7 11624.9 11626.9 11632.6 11645.5 11657.8 11668.5 11674.1 11675.5 11674.2 11672.6 11674.1 11675.9 11677.1 11675.2 11673.4 11671 11669.1 11666.6 11666.3 11670.7 11678.4 11682.4 11689.2 11696 11698.9 11703.7 11706.8 11703.6 11702.6 11706.3 11711.9 11714.2 11713.9 11712.8 11709.9 11707.7 11706 11703.6 11700.2 11693.7 11682.1 11664.6 11648.4 11636.4 11627.1 11623.8 11626.7 11632 11637.8 11632.2 11622.7 11612.5 11604.3 11597.2 11592 11589 11587
11406.3 11449 11509.9 11587.3 11614.6 11613.1 11619.6 11622 11626.4 11625.2 11627.3 11632.8 11641.1 11660 11675.3 11685.8 11690.3 11690.9 11684.6 11681.3 11683.1 11684.6 11685.1 11681 11678.5 11675 11671.9 11669.3 11668.9 11674.2 11681.6 11687.4 11693 11699.1 11701.1 11702.4 11702.2 11697.4 11698.7 11701 11705.6 11709.5 11712 11712.4 11711.7 11710.8 11709 11707.5 11704.9 11700.2 11685.6 11666.9 11650.4 11637.2 11627.4 11621.5 11622.4 11627 11630.1 11628.5 11623.6 11618.2 11613.8 11610.2 11609.9 11613 11620.6
11275.5 11329.9 11400.2 11480.9 11526.5 11565.9 11620.4 11630.6 11619.8 11610.9 11617.5 11634.5 11654.4 11677.3 11692.1 11699.7 11702.9 11703 11696.4 11690.9 11691.9 11692.2 11689.8 11686.6 11681.5 11676.6 11675 11673.6 11676.5 11682.3 11686.6 11693.7 11698.6 11703 11706 11703.7 11699.2 11689.7 11687.8 11693.2 11700.1 11706 11709.9 11712.6 11712.7 11713 11710.9 11708.2 11705.4 11705 11686.8 11665.3 11648.3 11637.4 11627 11616 11617.3 11620.8 11622.6 11623.3 11622.2 11620.5 11618.8 11619.2 11621.1 11626.4 11636.5
11162.8 11212.9 11268.7 11314.6 11368 11448.5 11538.1 11580.3 11562.7 11559.2 11583.2 11622.2 11665.4 11692.5 11701 11703.7 11707.2 11710.8 11708.4 11703.9 11702 11698.6 11690.9 11685.5 11678.4 11676.2 11675.6 11676.6 11679.8 11686.7 11692.6 11699 11704.8 11709.2 11711.2 11707.1 11700.9 11686 11677.2 11688.6 11698.3 11705.8 11710.1 11714 11714 11712.9 11709.8 11705.1 11698.6 11691.4 11681.1 11664.9 11650.1 11639.5 11629.8 11619.1 11614.4 11614.8 11616 11618.9 11620.3 11620.7 11620.7 11621.4 11624.2 11628.5 11634.9
11096.3 11130 11160 11173.8 11205.7 11281.8 11351.3 11376 11423.7 11463.7 11516.2 11582.6 11655.5 11692.3 11689 11687 11694.3 11708.6 11718.5 11718.5 11708.7 11696 11684.8 11677.2 11673.4 11671.8 11673.1 11675.4 11677.2 11683.5 11697.6 11705.3 11712.9 11717.2 11718.3 11715.2 11709.5 11696.3 11688.8 11696.7 11703.5 11709.2 11712.8 11714.1 11714.4 11712.3 11710.8 11702.9 11691.3 11680 11676.7 11670.4 11656.6 11642.1 11631.3 11621.6 11613.1 11611.4 11612.1 11616.6 11619.3 11620.6 11621 11621 11621.5 11622.1 11622.6
11101.4 11105.2 11102.6 11078.5 11070.5 11131.8 11184.4 11208.3 11282.4 11346 11420.9 11505.2 11599.9 11646.7 11632.8 11633.3 11652.8 11685.6 11720.3 11726.9 11703.7 11680.5 11665.8 11658.8 11656.9 11660.6 11666.2 11673.4 11679.4 11686.5 11706.4 11719.7 11723.5 11726.6 11727.2 11727.5 11724.3 11717.5 11715.1 11713.8 11714.2 11715.8 11716.1 11716.9 11717.7 11715 11711.3 11706.9 11690.3 11678.7 11675.5 11671.4 11658 11641.8 11627.8 11616.1 11612.6 11613 11614.3 11617.3 11619.2 11619.8 11619.3 11617.9 11615.7 11612.4 11607.7
11157 11137.2 11107.6 11056.3 11014.8 11050.7 11070.7 11078.8 11152.8 11231.8 11312.6 11392.1 11468.2 11514.9 11520.3 11538.8 11574.1 11626.3 11696.9 11706.9 11668.2 11641.5 11627.8 11624.1 11628.8 11638.8 11654.6 11671.4 11687.9 11700.4 11722.2 11734.3 11737 11737.8 11734.1 11735.2 11737.3 11737.6 11735.7 11729.6 11724.8 11722.8 11720.4 11719.4 11718.4 11716.1 11711.7 11709.6 11697.4 11687.6 11675.1 11663.4 11652.9 11640.4 11627.4 11616.6 11617.1 11618.2 11618.9 11620.4 11620.8 11619.6 11617.3 11614.1 11609.3 11602.9 11594.8
11240.9 11213.3 11165.9 11109 11062.2 11068.4 11059.8 11032.8 11051.1 11137.2 11208.3 11265.1 11306.8 11335.1 11370.4 11406.3 11454.1 11515.3 11584.5 11603.6 11585 11570.4 11564.8 11571.4 11585.8 11605.6 11633.3 11663 11698.2 11723.3 11746.1 11752.7 11748.7 11744.5 11737.8 11735.8 11740.9 11753 11749.7 11738.3 11730.7 11727.9 11725.2 11724.4 11722.8 11719.4 11714.8 11710.2 11702.7 11691.9 11674.5 11659.6 11650.2 11641.7 11633.3 11628 11632.7 11627.7 11626.4 11625.9 11623.5 11619.8 11615 11610.3 11603.2 11594.6 11584.6
11331.9 11300.5 11238.6 11191.2 11167.8 11158.4 11147.1 11104 11053.3 11094.5 11128.4 11150.6 11162.7 11174.9 11212.7 11257.3 11307.5 11363.8 11414.5 11447.7 11463.4 11471.2 11481.3 11499.6 11521.7 11556.3 11597.3 11646 11702.6 11751.2 11773.6 11766.8 11752 11739.5 11731.9 11724.9 11726.3 11739.6 11739.5 11734.2 11731.7 11731.3 11730.8 11729.1 11727.2 11723.7 11718.5 11711.4 11699.9 11687.9 11672.9 11660.7 11651.7 11646.3 11643.5 11645.1 11653 11643.7 11638.8 11634.1 11628.4 11621.9 11614.6 11608.1 11599 11588.6 11577.2
11352.8 11330.6 11274.2 11244.5 11249.2 11235.7 11222.6 11193.3 11137.7 11090.4 11069.8 11054.8 11039.6 11030.9 11063 11106.4 11152.3 11200.4 11248.7 11289.3 11326.1 11354 11382 11413.3 11446.8 11492.5 11545.2 11606.5 11683 11759 11782.3 11761.6 11738.5 11723.6 11714.9 11706.5 11700.7 11691.4 11707.4 11722.3 11729.6 11733.1 11734.7 11733.1 11731.8 11728.3 11722.2 11713.2 11702.4 11686.4 11669.3 11658.3 11653.9 11652.5 11653.3 11659 11669.6 11663.1 11653 11643.4 11634.5 11625.7 11616.1 11607.5 11596.8 11585.5 11574
11293.7 11279.2 11242.7 11225.2 11236.8 11226.5 11198 11191 11140.1 11063.4 11007.8 10968.5 10937.5 10914.1 10935.1 10970 11002.9 11037.7 11079.2 11131.9 11184.5 11231.6 11274.9 11320 11363.2 11416.7 11474 11539.6 11619 11700.8 11732.9 11714.9 11698.7 11692 11688.8 11688 11678.2 11667.3 11691.9 11715.5 11728.1 11733.8 11736.8 11737 11735.7 11733.1 11728.4 11718 11704.5 11689.9 11667.8 11656.2 11660.1 11661.5 11661.5 11663.5 11674.2 11673.1 11663.2 11652.6 11642.2 11631.6 11620.5 11608.6 11596.7 11584.6 11573
11195.3 11178.9 11149.7 11134.9 11136.2 11128 11111.8 11102.6 11039.3 10984.4 10926.5 10883.8 10853.7 10835.2 10841.6 10854.9 10870.4 10886.6 10920.5 10986.6 11054 11116 11170.6 11226 11275.1 11324.7 11382.3 11444.3 11511.3 11574.8 11611.6 11621 11629 11641.9 11657.9 11674.5 11676.3 11673.5 11700.2 11720.1 11730.4 11733.1 11735.9 11736.8 11737 11738.1 11737.8 11731 11717.8 11710 11688.6 11676.4 11678.9 11676.1 11671.1 11666.4 11669.8 11673.2 11668.6 11660 11649.1 11637.4 11624.8 11612.1 11599.5 11586.3 11574.6
11066.4 11037.8 11013.5 10998.2 10988.8 10975.5 10960 10963.3 10904.2 10866.2 10826.6 10797.2 10778.3 10773.6 10770 10764.3 10765.4 10762.3 10789 10867.6 10944.3 11014.5 11073.4 11131.5 11181.1 11229 11279.5 11328.9 11379.5 11422.9 11457.4 11497.6 11533.3 11573.6 11618.5 11662.1 11700.2 11714.4 11726.8 11730.1 11730.4 11730.6 11731.8 11735 11739.3 11742.6 11748.4 11751.3 11758.7 11749.3 11745.7 11727.1 11709.4 11695.7 11684.2 11673.5 11672 11677 11675 11667.6 11656.7 11644.4 11630.9 11617.2 11603.6 11590.6 11577.6
10927.4 10881.8 10859.6 10846.6 10832.6 10814.1 10801.3 10799.8 10752.3 10728.7 10719.1 10710.2 10704.6 10701.5 10698.4 10697.6 10695 10690 10717 10788.5 10860.6 10928.2 10986.4 11038.3 11085.9 11128.2 11169 11206.6 11241.9 11275.2 11313.5 11361.7 11418.7 11487.2 11562.7 11642.9 11733 11770.4 11749.2 11731.2 11721 11716.8 11719.5 11725.2 11735.4 11743.7 11753 11757.4 11765.8 11773.9 11785.5 11764.3 11735.1 11715.5 11700.9 11690.4 11687.6 11691.2 11686.5 11677 11665.6 11652.5 11638.6 11623.9 11609.4 11595.4 11581.9
10796.9 10734.3 10713.1 10704.6 10690.7 10669.9 10656.5 10662.5 10628 10609.4 10623.2 10634 10641.2 10649.3 10656.1 10653.5 10656.5 10664.6 10692.2 10745.3 10801.4 10857.8 10908.5 10954.4 10993.7 11028.6 11058.9 11084.1 11105.7 11126 11156.1 11213.7 11289.7 11379.2 11479.5 11585.8 11714.5 11764 11727.8 11702.8 11691.5 11685.8 11693.7 11704.1 11721.2 11736 11751.7 11756.7 11763 11774.4 11778.5 11766.5 11746.6 11729.4 11716 11708.1 11707.4 11707.1 11699.5 11687.7 11675.2 11661.4 11646.5 11631 11615.3 11600.7 11586.8
10691.9 10620.3 10595.4 10591 10578.3 10554.1 10542.1 10550.7 10532.6 10524.7 10553.7 10577 10592.5 10603.2 10610 10625.1 10639.3 10653.6 10681 10721.8 10760.7 10804.4 10844.3 10878.7 10910.5 10935.1 10953.7 10968.3 10976.4 10983.7 10999.3 11062.9 11152.1 11253.1 11355.1 11475.9 11595.4 11649.1 11645.3 11635.8 11636.6 11642.4 11659 11676.9 11700.4 11723.5 11748 11767.8 11774.7 11769.8 11762.9 11758.8 11749 11737 11725.8 11719 11718 11717.5 11709.8 11696.8 11683.5 11668.8 11653.1 11637.3 11621.7 11606.1 11592
10618.4 10549.1 10521.1 10518.6 10509.8 10490.1 10485.7 10490.8 10488.4 10496.8 10519 10541.8 10560.9 10576 10592.2 10612.7 10636.8 10659.3 10681.1 10709.7 10733.9 10764.1 10788.6 10813.5 10835.2 10848.6 10860.5 10863.8 10863 10858.7 10868.1 10922.5 11015 11117.5 11220.1 11333.1 11431.4 11495.8 11527.1 11543.7 11563.7 11582.8 11606.2 11635.8 11666.7 11701.1 11735.8 11767.1 11776.8 11765.9 11754.9 11755.1 11749.7 11739.8 11729.3 11721 11718 11719.3 11717.4 11703.2 11689 11674.2 11658.2 11642.1 11626.3 11611.5 11597.3
10576.3 10520.3 10491.4 10487.4 10484.5 10479.2 10476.6 10477.6 10483.6 10493.1 10507.5 10525.2 10544.1 10562.4 10582.9 10606.4 10639.2 10676.2 10683.3 10696.3 10708.4 10728.7 10743.6 10760.2 10772.8 10780.5 10782.3 10779.3 10768.8 10756 10752 10795.4 10885.9 10986.4 11082.3 11185.8 11277.5 11346.4 11398.2 11437.1 11471.9 11504.9 11542.9 11581.1 11624.4 11666.7 11707.4 11738.3 11761.2 11766.8 11763.6 11757.6 11750.2 11739.7 11728.1 11717.8 11714.2 11724 11722.9 11708.1 11693.1 11677.7 11661.4 11645.3 11630.2 11615.2 11601.4
10559.2 10513.5 10488 10490 10491.6 10487.7 10486.9 10488.2 10490.3 10498.6 10508.7 10524 10540.9 10556.7 10575.1 10596.4 10624.6 10653.1 10668 10677.9 10688.2 10702.7 10711.7 10722.9 10725.7 10727.6 10722.6 10714.2 10699.1 10681.1 10665.9 10694.6 10779.1 10869.6 10953.6 11044.7 11131.5 11203.2 11268.3 11323.7 11373.3 11422.1 11468.1 11516.1 11567.4 11623.2 11674.7 11710.5 11745.1 11760.5 11764.8 11757.4 11748 11736.2 11723.7 11712.7 11711.4 11728 11728 11711.3 11695.8 11680.1 11663.9 11647.9 11632.4 11617.8 11605
10566.5 10531.5 10509.7 10528.2 10532.6 10520 10521.3 10522.3 10513.9 10511.6 10519.9 10535.4 10548.4 10557.5 10567.3 10582.7 10602.7 10621.4 10644.3 10659.9 10673.7 10686.5 10688.5 10695 10692.3 10691.3 10681.2 10670.4 10655.2 10637.9 10622.1 10637.9 10706.6 10773.8 10842.9 10913.5 10987.2 11067.6 11143.7 11212.4 11274.1 11331.1 11385.8 11441.6 11500.4 11567.4 11640 11707 11735.8 11745.9 11748.8 11747.6 11738.6 11726.9 11716.3 11705.9 11703.4 11721.8 11725.5 11712.5 11696.1 11681.5 11665.1 11649.6 11634.5 11620.9 11607.7
10593.9 10588.2 10583.1 10613.4 10614.4 10588.1 10589.4 10583.4 10568.9 10547.8 10548.9 10563.2 10568.2 10566.6 10563.6 10572 10592.9 10611.8 10629.8 10645.1 10658.1 10665.2 10673.6 10680.3 10671.7 10668.1 10657.2 10646.5 10635 10622.8 10618.5 10633.1 10671.3 10713.3 10757.1 10801.5 10861.2 10949.5 11034.9 11111.7 11180.2 11241.2 11298.1 11356.1 11416.5 11486.5 11571.7 11658.8 11703.9 11752.7 11748.6 11725.7 11715 11707.7 11704.7 11700.9 11697.6 11705.9 11716 11709.1 11693.6 11679.5 11670.5 11655.8 11640.8 11623.7 11610.3
10626.7 10667.4 10724.1 10724.6 10722.4 10716.2 10684.2 10663.1 10638.1 10623.5 10615.5 10609.2 10599.7 10586 10572.3 10571.5 10592.4 10609.2 10620.2 10633.4 10641.5 10650 10656.9 10656.7 10659.3 10658.4 10646 10640.2 10632.6 10626 10630.1 10646.3 10662.1 10684 10701.5 10720.2 10767.4 10861.2 10948.6 11026.1 11094.8 11154.5 11209.6 11262.5 11316.8 11377.2 11445.7 11520 11598.5 11682.4 11688.5 11669.4 11666.2 11675.8 11687.7 11696.3 11694.7 11692.4 11703.9 11707.4 11699.2 11687.5 11674.5 11659.8 11644.9 11629.5 11620.2
10637.4 10697.9 10782.3 10775.7 10786.6 10816.1 10771.8 10732.1 10715.2 10709.8 10695.6 10663.4 10635.3 10612.2 10593.9 10583.8 10593.5 10604.2 10611.2 10625.1 10632.8 10640.5 10644.7 10649.6 10651.9 10649.6 10648.9 10647 10637.4 10639.5 10645.4 10662.9 10665.8 10674.1 10681.2 10691.9 10733.5 10810.5 10886.9 10957.6 11019.2 11073.2 11121.2 11165.3 11206.9 11251.5 11298.5 11357.7 11431.7 11495.3 11540.1 11565.9 11591.9 11625 11665.1 11690.1 11694.4 11686 11700.7 11707.8 11706.1 11695.7 11683.3 11668.2 11647.1 11638.5 11621.9
10615.5 10659.5 10701.8 10719.5 10741.5 10767.3 10757.9 10740.5 10748.7 10758 10741.9 10699.3 10662.7 10638.1 10621.7 10607.9 10598.6 10600.5 10606.8 10621.4 10628.3 10636.2 10642.2 10647.7 10648.3 10651.8 10654.7 10652.8 10655.9 10659.3 10661.2 10668 10674 10682.5 10687.7 10703.1 10735.8 10787.6 10846.6 10903.7 10954.9 10999.7 11037.5 11070.4 11098.6 11124.4 11154.1 11201 11261.6 11316.9 11383.5 11440.1 11493.6 11553.9 11628 11700.8 11700.2 11690.8 11702.2 11714 11715.5 11705.7 11693 11669.7 11654.7 11637.2 11620.2
10573 10593.2 10605.7 10612.6 10621.4 10636.2 10655 10681.7 10721.2 10743.7 10730.5 10698.5 10670.2 10653.8 10645.7 10640 10612.2 10607 10607.5 10621.5 10626.1 10633.4 10639.9 10646.7 10650.8 10656.7 10663.5 10666.5 10674.5 10682 10683.2 10685.7 10697.8 10709 10709.3 10714.9 10740.9 10778.3 10821.2 10864.5 10901.4 10935.4 10961 10982.8 10997.8 11007.1 11019.1 11057.2 11114.5 11171.9 11241 11308.5 11376.2 11450.9 11541.8 11635.1 11668.7 11695.1 11703.3 11722.7 11722.6 11714.1 11699.4 11675.2 11656.7 11633.3 11616.3
10527.5 10529.5 10518.9 10511.4 10513.9 10529.2 10554.1 10600.6 10661.7 10707.8 10679.6 10662.4 10653.8 10653.1 10657.3 10658.8 10634.4 10620.7 10613.7 10619 10619.5 10626.4 10632.5 10639.9 10648.9 10658.6 10663.7 10676.6 10692.8 10705.5 10718.9 10736.6 10752.1 10755.8 10744.8 10731.6 10752.6 10779.3 10807.1 10836.1 10859.3 10883 10901.9 10911.1 10915.6 10910.9 10903.9 10936 10988.6 11047.3 11109.7 11176.6 11245.4 11318.3 11400 11488.6 11576.7 11671.9 11712.8 11732.2 11728.5 11715.6 11698.6 11678.7 11660.1 11636.5 11619.4
10492.2 10485.2 10471.6 10458.3 10458.2 10471.2 10496.2 10533.8 10575.2 10595 10577.8 10599.9 10617.9 10634.3 10652.8 10671.2 10655.2 10630.8 10616.2 10613.3 10613.5 10616.1 10621.9 10632.2 10642.6 10654.2 10667.1 10685.4 10706.1 10728.1 10755.7 10796.1 10822.1 10813.9 10800.2 10771.6 10782.8 10789.1 10799.3 10813 10825.1 10839.6 10852 10856.2 10856.5 10847.1 10836.2 10849.6 10879.2 10924.5 10987.1 11049.7 11111.4 11173.7 11239.2 11324 11440 11564.4 11699.3 11727.2 11721.6 11705.9 11687.3 11672.3 11655.7 11633.7 11620.7
10466.1 10457.1 10448.2 10438.2 10431.5 10436.4 10453.6 10477.1 10495.5 10500 10517.4 10548.1 10576 10600.6 10627.2 10654.8 10652.8 10626.6 10610 10602.6 10601 10603.2 10609.7 10619.3 10631.4 10646.3 10664.5 10685.4 10709.4 10738.6 10774 10825.5 10863.6 10850.3 10853.3 10866.9 10817.4 10795.3 10786.6 10788.4 10795.2 10804.4 10813.5 10819.8 10820.1 10812.7 10800.1 10797 10799.6 10829.1 10883.2 10935.6 10986.2 11036.1 11091 11173.2 11288.5 11405.5 11560.2 11665 11682.3 11679.2 11667.8 11660.4 11644 11633.5 11620.3
10447.3 10438.5 10430.3 10421.1 10411.1 10406.1 10408.1 10417 10437.2 10457.4 10486.2 10514.2 10532.4 10554.3 10579.4 10608.1 10616.3 10599.1 10585.3 10581.9 10580.7 10585.4 10592.3 10603.4 10617.3 10633.2 10652.7 10675.3 10701.7 10732.5 10764.7 10804 10829.7 10837.4 10844 10844.4 10809.6 10784.2 10771 10766.9 10769.3 10775.7 10782.8 10792.5 10799.4 10801.7 10790.4 10774.6 10760.5 10772.2 10804.9 10840.7 10876.2 10912.9 10961.7 11041.4 11150 11267 11424.3 11573.9 11619.9 11637.2 11641.8 11640.7 11631.5 11624.4 11615.3
10430.3 10420.5 10413.3 10404.3 10388.9 10377.3 10371.4 10373.3 10392.7 10417 10442.3 10466 10479.5 10496.2 10514.3 10531.8 10547.3 10548.5 10547.4 10549.9 10552.5 10561.2 10571.7 10584.5 10599.6 10616 10635.9 10657.4 10682.3 10709.9 10734.7 10763.3 10785.1 10786.3 10788 10784.9 10767.9 10753.4 10743.4 10738.8 10739.9 10745.3 10754.4 10766.3 10783.9 10805.9 10805.1 10768.8 10744.7 10737.3 10747.2 10763.6 10784.6 10807.2 10841.8 10923.2 11033.3 11153.9 11304.5 11476.8 11545.7 11581 11600.2 11609.9 11609.3 11609.7 11593.4
