real_craters/C167-500m.grd
DSAA
256 256
-63.6475 63.6475
-63.6475 63.6475
9907.4065507776 12153.94699171
[rows 30 to 59 of 256, columns 136 to 203 of 256]
11334 11337.9 11341.1 11343.2 11343.4 11343.6 11341.8 11338.4 11334.2 11330.4 11326.5 11326 11325.7 11327 11328.6 11330.4 11331.5 11331.4 11334.5 11341.1 11349 11355.2 11361.8 11373.3 11386.6 11393.8 11389.7 11391.4 11392.8 11395.3 11403.5 11410.4 11409.5 11406.3 11404.9 11405.9 11409.3 11415.7 11419.4 11422.1 11424.8 11427.7 11428 11421.8 11413.1 11415.2 11414.4 11416.1 11417.9 11419.3 11419.9 11420.2 11419.8 11419.2 11418.2 11416.5 11415.2 11414.5 11413.5 11412.9 11414.7 11419.2 11418.9 11414.7 11414 11413.8 11414.5 11415
11338.9 11341.6 11343.7 11345.5 11346.5 11345.6 11343.4 11340.3 11336.6 11332.6 11328 11326.3 11328.7 11331.4 11333.1 11334.3 11337.2 11340.8 11345.7 11351.4 11353.9 11357.4 11362.5 11370 11379.9 11389.3 11393.2 11395.3 11395.3 11398.2 11403.2 11404.7 11403 11405 11407.9 11411.8 11417.9 11427.1 11427.7 11425.2 11424.4 11424.9 11424.6 11416.2 11409.8 11410.6 11413 11417.1 11418.3 11419.7 11421.7 11421 11420.4 11419.4 11418.2 11416.7 11414.8 11413.1 11411.6 11411.1 11411.6 11411.8 11413 11413.1 11412.7 11412.6 11412.9 11414
11343.3 11344.8 11346.5 11348.1 11348.9 11347.5 11345.2 11342.4 11339.8 11337.5 11335.1 11334.6 11336 11337.5 11338.7 11340.1 11344.7 11352.4 11359.3 11359.5 11356.3 11358.8 11364.4 11370.8 11379.1 11388.4 11394 11396 11396.9 11399.8 11403.4 11405.3 11405.4 11406 11408.8 11413.4 11418.9 11424.2 11424.3 11422 11421 11420.5 11419.6 11416 11411.7 11410.6 11410.4 11414.4 11417.4 11419.2 11420.1 11421.4 11421.2 11420 11418.3 11416.5 11414.5 11412.1 11409.9 11409.8 11409.6 11409 11409.6 11410 11410.5 11411 11411.7 11413.5
11346.5 11347.4 11348.5 11349.6 11349.9 11348.5 11346.2 11344.6 11343.1 11343.2 11345.4 11347 11344.8 11343.1 11345.1 11346.9 11350.9 11355.7 11357.1 11350.7 11352.9 11357.9 11364.7 11375.8 11383.2 11389.5 11396.7 11401.3 11402.1 11402.9 11404.6 11405.3 11403.3 11403.1 11407.7 11412.5 11416.1 11415.2 11414.3 11415.5 11416.1 11417.3 11418.7 11427.5 11422.5 11412.7 11408.5 11412.2 11417.6 11420.9 11421.4 11423.3 11422.6 11420.7 11418.6 11416.4 11414.1 11411.8 11409.5 11409 11408.3 11407.8 11408.4 11409.7 11409.7 11409.6 11410.4 11413.4
11348.2 11348.7 11349.3 11349.8 11349.4 11348.4 11346.8 11345.4 11344.4 11345 11347 11344.7 11342.1 11344.8 11349.2 11356.2 11353.9 11352.7 11351.1 11347.6 11352.8 11360 11366.1 11373.8 11383 11391.2 11399.6 11410.5 11402.7 11403.6 11406.5 11408.5 11404.5 11402.9 11407.4 11411.1 11414.5 11417 11410.4 11409.5 11409.9 11412.1 11419 11427.3 11421.6 11410.6 11406.3 11411 11419.2 11427.6 11430.9 11427.1 11423.9 11421 11418.3 11416 11413.7 11411.4 11409.1 11407.9 11407.3 11407 11407.9 11409.1 11409.4 11408.9 11410.5 11412.9
11349.5 11349.1 11349.1 11349 11348.9 11347.3 11345.9 11344.5 11343.9 11343.7 11344.1 11341.7 11340.9 11344.6 11347.2 11349.8 11350.6 11349.8 11348.2 11351.9 11358.5 11367.6 11375.4 11379.6 11385.4 11390.6 11396.4 11400.1 11403.4 11407.2 11408.4 11409.5 11409.4 11409.7 11408.6 11409.4 11411.2 11413.8 11406.4 11404.1 11403.3 11401.8 11402.8 11405.7 11409.3 11405.9 11403.2 11409.6 11419.1 11429.9 11432.8 11427.8 11423.6 11420.2 11417.4 11415.1 11412.8 11410.9 11408.9 11407.8 11407 11407.1 11407.9 11409.1 11410 11411.5 11416.8 11416.2
11350.5 11348.6 11347.2 11345.6 11345.3 11344.6 11343.8 11343.2 11342.5 11341.3 11339.3 11339.9 11346.7 11345.3 11344 11343.7 11346.9 11348.6 11349.6 11354.9 11362.2 11370.4 11379.3 11387.4 11389.1 11391.5 11397.8 11408.3 11404.6 11407 11408.1 11408.8 11409.4 11410.3 11407.4 11406.7 11406 11403.7 11401.1 11400.4 11400.2 11400.2 11400.8 11400.2 11404.6 11406.3 11405.1 11409.1 11415.2 11423.4 11426.1 11423.8 11421.3 11418.4 11416.1 11413.7 11411.8 11410.2 11409 11407.3 11406.8 11407.1 11407.7 11408.5 11409.1 11413.4 11433.7 11427
11349.7 11347.2 11344.9 11343.9 11342.8 11341.8 11341.3 11340.9 11340.9 11340.3 11339.6 11341.7 11345.9 11345.4 11343.7 11343.8 11347.2 11350.8 11354.1 11359.9 11365.7 11370.1 11377.2 11385.5 11390 11394 11400 11407.4 11404.1 11404.9 11406.4 11405.7 11404 11401.5 11403.6 11403.7 11401.6 11397.8 11397.2 11398.5 11399.1 11401.2 11403.4 11404.5 11406.5 11411.2 11409.2 11407.6 11409.1 11408.9 11414.2 11417.6 11417.7 11416.4 11414.7 11412.8 11410.7 11408.8 11407.4 11406.4 11406.6 11407 11407.2 11408.1 11409.2 11410.2 11416.4 11417.5
11348.1 11344.6 11341 11338.9 11339 11339.1 11339.5 11339.9 11340.3 11340.6 11341.6 11344.1 11345.7 11346 11344.6 11345.3 11349 11354.1 11360.5 11367.2 11371.2 11369.3 11373.7 11381.3 11389.4 11396.4 11402.9 11403.1 11401.7 11402.7 11405.1 11405.1 11404.6 11404 11403.7 11403.2 11400.8 11397.1 11395.9 11397.4 11397.5 11399.1 11403.1 11406.3 11405.3 11404.5 11403.3 11405 11406.9 11407.5 11410.4 11413.1 11414.2 11413.8 11412.5 11410.7 11408.6 11406.6 11405.2 11405.2 11405.4 11405.9 11406.3 11406.8 11407.5 11410.2 11417.3 11419.2
11346.4 11341.8 11337 11332.1 11334.2 11336.5 11337.9 11338.9 11340.2 11341.1 11342.4 11346.2 11349.3 11347.3 11345.1 11346.1 11350.3 11356.6 11363.4 11370 11374.8 11366.6 11371.8 11380.7 11389.2 11396.8 11403.4 11403.9 11400.3 11401.1 11403.1 11404 11408.5 11405.6 11405.9 11404.3 11402.9 11400.3 11396.8 11396.9 11396 11395.8 11398.7 11400.8 11401.5 11400.2 11400.7 11403.4 11406.8 11411.9 11410.8 11411.3 11411.8 11411.6 11410.6 11408.9 11406.6 11405 11403.5 11404.1 11404.4 11405.5 11406.6 11406.7 11406.9 11411.6 11419 11422.6
11345 11340.6 11335.8 11333 11333.9 11335.8 11337.4 11338.6 11340 11341.5 11341.9 11340.5 11346.7 11348 11344.5 11345.9 11351.4 11358.4 11366.4 11371.5 11366.1 11364.1 11372.8 11382.1 11389.4 11395.6 11399.5 11400.8 11398.5 11397.9 11401.2 11397.2 11376.9 11400.8 11405.6 11405.1 11405.1 11406.1 11407.7 11399.5 11396.6 11394 11396.9 11399.1 11400.3 11400 11401 11403.5 11405.1 11404.4 11408.7 11409.9 11410.4 11410.4 11409.7 11408.4 11406.5 11404.9 11403.9 11404.8 11405.7 11408.5 11408.9 11408.2 11408.3 11413.7 11420.6 11413.3
11344 11340.1 11336.2 11334 11335.1 11336.9 11339.1 11340.6 11341.9 11343.5 11344.6 11345.2 11353.4 11351.4 11343.8 11345.7 11351.7 11358.4 11365.6 11370.1 11362.9 11365.2 11375.5 11384.2 11390.1 11394.9 11397.8 11398.6 11397.5 11399 11402.7 11399.3 11405.1 11402.1 11402.9 11403.8 11405.5 11408.2 11410.5 11403.7 11400.4 11398.7 11400.3 11401.3 11401.7 11401.8 11403.9 11405.9 11407.3 11408.5 11408.7 11409.5 11410.1 11410.4 11409.9 11409 11407.5 11406.3 11406.2 11411.6 11416.4 11415.2 11412.6 11410.2 11409.9 11411.2 11412.5 11412.2
11344.3 11341.5 11337.9 11336 11337.8 11339.4 11341.2 11342.7 11344 11345.9 11348.8 11355.6 11360.9 11353.3 11343 11346.9 11352.4 11357.6 11361.2 11361.8 11363.8 11369.5 11382.4 11387.2 11390.5 11394.3 11397.6 11396.2 11395.5 11396.4 11397.4 11396.1 11395.9 11395.9 11397.5 11401.2 11403.8 11405.7 11406.1 11406.6 11402.6 11401.1 11401.8 11402.9 11404.7 11409 11410.4 11409.4 11409.8 11410.6 11409.6 11409.7 11410.2 11410.6 11411.5 11411.3 11410.7 11409.7 11410.9 11419.6 11427 11421.8 11415.9 11411 11407.5 11409.2 11410.9 11415.6
11345.5 11344.6 11343.3 11342.2 11342.6 11343 11343.7 11344.6 11345.7 11346.9 11349.5 11352.7 11351.6 11349.9 11350.5 11352.1 11355.3 11358.5 11360.5 11361.1 11369 11374.8 11376.1 11384.6 11388.5 11392.4 11394.9 11393.1 11392.8 11391.6 11390.5 11391.2 11388.5 11389.9 11395.5 11399.4 11401.6 11402.5 11402 11403.3 11401.1 11400.5 11398.7 11401.8 11406.6 11416.5 11414.3 11410.9 11408 11408 11409.5 11410.6 11411.6 11412.9 11413.7 11414.8 11415.3 11415.5 11417.7 11425 11429.4 11424.5 11416.9 11411.1 11406.9 11408.3 11409.3 11409.8
11346.8 11347.9 11350.4 11349.6 11347.4 11346.7 11346.7 11347 11347.5 11347.6 11348.1 11346.5 11344.4 11350.9 11358.4 11357 11358.1 11360.6 11363.4 11367.3 11373 11374.8 11375.6 11379.5 11384.7 11388.9 11391.6 11392.9 11391.2 11389.7 11392 11391.4 11388.3 11390 11397 11398.4 11400 11400.4 11399.3 11397.1 11397.8 11398.6 11398.2 11401.5 11404.1 11410.1 11412.4 11410.7 11407.6 11407.6 11409.6 11411.5 11413.4 11414.7 11416.4 11418.6 11421.1 11423 11425.9 11430.1 11430.8 11421.1 11414.2 11409.5 11409.2 11406.4 11404.4 11402.5
11348.4 11349.6 11351 11351.3 11350.4 11349.9 11349.8 11350 11350.1 11350 11349.6 11349.4 11350.8 11356.6 11357.6 11358.5 11360.2 11362.7 11366.2 11371 11372.6 11370.7 11371 11376.1 11380.7 11385.2 11388.7 11389.4 11389.7 11390.1 11395.7 11393.7 11389.5 11389.9 11392.3 11396 11398.1 11399.4 11400.5 11399.6 11395.6 11400.1 11407.3 11404.3 11403.2 11407.9 11410.6 11411.2 11411 11411 11411.7 11413.3 11414.9 11417.3 11419.8 11422.8 11427 11431 11431.6 11430.2 11420.3 11412.8 11409.6 11406.1 11402.6 11403.8 11401.8 11397.2
11349.5 11349.9 11349.3 11351.2 11352.5 11352.8 11353.2 11353.8 11353.9 11353.7 11353.5 11354.3 11359.9 11358.3 11357.4 11360.3 11363 11365.3 11367.7 11370.1 11371.8 11369.9 11373.9 11374.1 11376.5 11379.7 11382.3 11384.5 11386.7 11392.3 11396.1 11389.7 11386.6 11386.1 11390.8 11395.2 11397.7 11399 11399.6 11397.1 11394.8 11400.8 11407.5 11405 11403 11406.4 11409.1 11411.8 11414.7 11414.3 11414.2 11415.1 11416.3 11418.4 11421.1 11424.4 11429.1 11435.7 11432.4 11425 11415.9 11408.5 11406.3 11405.6 11406.6 11411.8 11402.9 11394.1
11351.1 11350.8 11351.4 11352.8 11355.1 11356.5 11357.5 11357.4 11357.3 11357.2 11356.6 11356.1 11355.5 11358.7 11359.2 11362.6 11365.2 11366.9 11368.3 11369.3 11369.3 11365 11368.7 11370.9 11372 11373.2 11375.1 11376.8 11381.7 11385.9 11384.9 11384.4 11383.6 11383.6 11392 11396.3 11396.8 11397.6 11398.2 11397 11393.1 11399.1 11404 11404.1 11401.3 11402.7 11406.9 11411 11413.5 11414.9 11415.2 11415.9 11417.1 11418.5 11420.1 11422 11423.8 11426.1 11419.6 11409.2 11404.2 11402.8 11403.8 11405.8 11411.8 11414.2 11400.9 11394.2
11353.7 11352.5 11351 11355.3 11358.1 11359.8 11360.5 11361.5 11362 11362.3 11361.5 11361 11360 11364.2 11365.1 11367.3 11368.4 11368.7 11368.2 11366.6 11364.5 11367 11368.3 11367.9 11367.9 11368.5 11371.1 11375.4 11378.8 11380.4 11383.2 11384.8 11383.3 11383 11389.8 11393.1 11394 11395.2 11396.8 11398.7 11396.9 11404.2 11407.7 11404.9 11402.8 11401.4 11404.9 11409.2 11412.8 11413.7 11414.4 11415.4 11416.5 11417.6 11418.1 11418 11416 11409.8 11403.6 11394 11396.3 11401.6 11401.8 11400.5 11400.1 11398.4 11395.8 11392.6
11357.7 11358.6 11359.4 11361.1 11362.9 11364.1 11364.6 11365.7 11366.7 11367.9 11368 11369.2 11370.2 11373.2 11374.8 11374.2 11372.8 11370.7 11368.5 11365.6 11362.1 11364.1 11365.4 11365.1 11364.5 11364.8 11367.7 11372.9 11375.5 11375.5 11375.2 11380.8 11383.4 11385.7 11385.9 11386.6 11389.9 11391.2 11392.7 11395 11399.9 11408.2 11410.1 11404.7 11399.3 11400.3 11403 11406 11409.2 11411.3 11413.1 11414.2 11415.3 11415.7 11415.4 11414.1 11410.9 11405.8 11397 11389.4 11394.4 11403.1 11400.4 11398.9 11397.6 11396.3 11396.9 11397.8
11362.1 11365.5 11368.2 11367.4 11368.2 11369.1 11370.5 11371.5 11373.1 11373.7 11375.5 11377.9 11381.4 11383 11385.7 11382 11377.5 11373.4 11369.8 11366.7 11364.4 11362.9 11363.2 11363.3 11362.7 11362 11364.6 11367.5 11369.6 11371.8 11375.3 11380.5 11382.9 11384.6 11385.7 11386.9 11387.3 11387.9 11388 11387.4 11393.9 11411.1 11410.1 11402.7 11399.9 11401.1 11402.4 11402.7 11404 11408.9 11411.5 11413.2 11414 11413.9 11413.3 11411.5 11408.1 11402.5 11395.4 11390.7 11391 11392.6 11398.3 11402.3 11404.9 11404.4 11404.2 11405.9
11365.9 11369.1 11371.8 11372.2 11372.9 11373.5 11374.1 11375.6 11376.9 11378.5 11382.2 11385.1 11389 11393.3 11394.4 11386.5 11380 11375 11371.2 11368.6 11368.1 11365.2 11363.5 11362.9 11363 11363.2 11363.4 11363.7 11364.9 11369.3 11373.9 11379.4 11381.8 11384.2 11385.4 11385.4 11384.9 11385.1 11385.2 11384.9 11394.8 11403.7 11402.7 11397.9 11399.7 11401.6 11403.4 11404.9 11405.8 11408.9 11410.9 11412.3 11412.7 11412.7 11411.8 11410.1 11406.2 11400.8 11395.1 11390.1 11391.1 11392.8 11399.5 11406.9 11414.8 11412.3 11405.5 11402.1
11369.8 11373.4 11375.9 11377 11377.4 11377.6 11378.1 11379.4 11381 11382.6 11385.4 11388.8 11391 11393.5 11392 11385.9 11379.7 11374.5 11370.8 11368.7 11366.3 11362.3 11362.4 11362.8 11363.8 11364.6 11363.4 11363.1 11364.3 11368.1 11372.9 11376.4 11379.1 11380.8 11381.4 11381 11382.3 11383.2 11385.3 11389.5 11396.3 11392.6 11393.5 11392 11395.3 11400.6 11404.7 11410 11410.7 11410 11410.4 11411.1 11411.3 11411 11410.7 11410.3 11409.1 11404.6 11398.6 11395.2 11396.2 11399.1 11404 11407.8 11411.7 11408.9 11402 11398.5
11374.2 11379.5 11381.2 11381.2 11381.2 11381 11381.3 11381.5 11382.9 11384.8 11386.4 11389.7 11392.1 11393.8 11387.6 11382.1 11377.1 11372.5 11368.5 11365.2 11361.5 11360.3 11361.6 11363.4 11364 11364 11363.5 11363.1 11364 11367.7 11372.2 11375.4 11376.6 11377.7 11378.7 11380 11380.4 11381.4 11384 11387.2 11394.8 11392.1 11390.8 11389 11394.8 11399.9 11404 11407.3 11409.1 11409.3 11409.4 11409.5 11409.5 11409.3 11409.3 11409.9 11412.2 11410.4 11402.5 11400.2 11403.2 11407.9 11410.6 11410.6 11405.5 11403.9 11400.1 11398.4
11378.4 11382.9 11384.7 11384.5 11383.7 11383.2 11382.6 11381.9 11382 11383.4 11385 11388 11393.2 11391.8 11381.7 11377 11373.4 11369.7 11366.1 11362.2 11361.4 11362.7 11365.2 11365.4 11365.3 11364.8 11364.2 11363.9 11364.6 11368 11372.5 11374.6 11374.6 11375.2 11375.2 11375.5 11375.8 11378.5 11382.3 11386 11389.7 11395.4 11392.9 11391 11395.3 11399.9 11403.2 11404.5 11406.9 11408.5 11408.9 11408.9 11408.9 11408.6 11408.2 11407.4 11406.1 11406.8 11406.5 11406.8 11409.6 11413.5 11415.4 11413.5 11406.4 11403.5 11403.4 11402.5
11382.8 11386.5 11387.8 11386.9 11385.5 11384 11382.4 11381.2 11379.5 11379.6 11379.8 11380.8 11381.6 11377.6 11372.8 11371.9 11370.2 11367.8 11365.2 11363.1 11364.1 11366.5 11368.2 11367.5 11367 11366.4 11365.9 11365.7 11364.9 11368.3 11372.3 11374.4 11374.4 11374 11371.8 11368.8 11369.9 11375.2 11380.7 11387.1 11391.6 11396.4 11395.1 11395.7 11398.1 11400.7 11403.6 11405.9 11407.1 11407.9 11408.3 11408.6 11408.4 11407.9 11407.1 11405.8 11404.4 11407.7 11412.5 11413.9 11414.3 11415.4 11414.8 11411.3 11404.8 11402.7 11401.9 11403.8
11387.5 11391.9 11390.5 11389 11387.1 11385 11382.8 11379.4 11377.1 11374.7 11373.5 11371.9 11369.8 11372.6 11370.9 11369.8 11368.5 11366.6 11365.2 11364.6 11366.6 11369.2 11369.9 11369 11367.5 11367.7 11368.4 11368.7 11368.7 11370.4 11373.2 11375.1 11375.3 11374.6 11374.1 11369.5 11369 11373.9 11379.5 11384.3 11393.3 11396.9 11395.3 11393.3 11398 11401.4 11404 11404.9 11406.9 11407.5 11407.6 11407.7 11407.6 11407.3 11406.6 11405.9 11405.8 11410.4 11416.9 11417.8 11416.6 11415.1 11411.6 11407.6 11405.4 11403.2 11401.4 11405.2
11389.1 11390.7 11391 11389.3 11387.4 11385 11382.3 11379.3 11376.1 11372.5 11368.4 11366.5 11368.3 11371.4 11371.3 11369.8 11368 11366.4 11366 11366.8 11369.2 11369.6 11372.8 11371.9 11367.1 11369.9 11372.4 11373.5 11373.8 11374.7 11376 11374.4 11374.3 11375.8 11375.8 11372.5 11371.2 11374.4 11379.6 11385.4 11393.4 11397.1 11395.3 11395.1 11399.2 11402.4 11405.5 11408.2 11406.4 11406.1 11406.1 11406.1 11406.6 11407 11407.5 11407.7 11407.7 11411.9 11416.6 11417.4 11416.9 11415.6 11413 11408.3 11407.5 11404.9 11404.9 11406.4
11390 11390.8 11390.8 11389.5 11387.7 11385.2 11382.5 11379.1 11374.8 11370.3 11364.9 11359.9 11360 11366.7 11370.9 11370.5 11368.8 11366.6 11365.1 11366 11367.6 11372 11375.2 11377 11377.4 11377.3 11378.2 11379.7 11381.9 11383.1 11382 11380 11379.7 11378.4 11377.6 11375.8 11373.7 11375 11379.8 11386.4 11391.2 11395.7 11396.1 11397.1 11401.3 11402.5 11404.3 11406 11404.2 11403.8 11404.7 11405.3 11406 11407 11408.8 11411.2 11413.7 11413 11413.1 11415.4 11416.4 11416 11413 11409.8 11408.7 11405 11401.6 11404.9
11389.5 11390.7 11390.6 11389.6 11388.2 11386.4 11383.5 11380 11375.6 11370.4 11363.4 11354.9 11350.3 11362.8 11371.6 11371 11369.4 11367.7 11365.5 11368 11373.8 11373.4 11374.8 11379.8 11387 11384.3 11383.3 11384.2 11387.7 11390.3 11385.7 11382.7 11377.8 11380.2 11384.5 11382.9 11373.3 11375.3 11378.4 11383.4 11389.2 11396.4 11398.4 11403.9 11404.2 11401.3 11397.9 11398.1 11400.7 11402.4 11403.7 11404.6 11406 11407.2 11409.1 11411.6 11414.1 11413.1 11412.7 11414.6 11415.9 11416.5 11415.9 11409.6 11408 11406.8 11404.1 11407
