real_craters/C167-500m.grd
DSAA
256 256
-63.6475 63.6475
-63.6475 63.6475
9907.4065507776 12153.94699171
[rows 60 to 89 of 256, columns 68 to 135 of 256]
11311.5 11315.3 11314.6 11310.4 11305.3 11307.5 11339.9 11451.4 11399.9 11267.5 11113 10948.3 10827 10944 11107 11263.3 11384.4 11406.7 11388.6 11361.1 11340.9 11335.7 11333.1 11330.2 11329.3 11329.4 11329.5 11331.8 11335.8 11341.3 11349 11354.2 11352.5 11350.3 11349.5 11349.9 11350.5 11351.6 11351.1 11348.3 11351.1 11348 11343.3 11339.7 11338.3 11340.2 11343.6 11347.1 11349.3 11347.8 11341.4 11336 11338.9 11343.3 11347.5 11355.2 11362.2 11363.1 11360.3 11357.2 11354.4 11353.4 11356.9 11363.3 11370.1 11375.2 11376.9 11383.7
11315.5 11322.2 11328.6 11321.2 11315 11318.4 11345.9 11443.5 11393.5 11301.7 11200.3 11095.3 11023.8 11086.4 11189.2 11303.5 11394.7 11405.1 11390.1 11365.7 11345.5 11344.9 11341.6 11339.2 11336.2 11333.7 11333.7 11334.6 11336.9 11342 11348.7 11355.9 11359.3 11358.3 11356.6 11356.3 11356.4 11355.3 11353 11350 11351.2 11350 11345.7 11342.4 11340.6 11342.7 11346.3 11350.1 11352.8 11352.3 11346.8 11339.9 11342.3 11344.8 11348.5 11355.5 11362.5 11363.2 11360.5 11358 11355.6 11354.1 11358.5 11365.2 11371.9 11377.6 11382.5 11386
11319 11328.2 11339.4 11329.5 11324 11328.4 11349.5 11361 11364.2 11334.8 11303.8 11296.6 11273.6 11248.7 11276.3 11332.9 11384 11392.3 11385.3 11372.5 11363.3 11355.4 11348.9 11345.9 11344.1 11342.5 11339.9 11337.5 11336.6 11341.6 11349.2 11357.1 11362.1 11362.6 11362.1 11362.3 11362.3 11362.1 11357.1 11351.3 11350.9 11349.3 11346.9 11344.5 11343 11345.3 11349.4 11353.7 11356.8 11357.6 11356.4 11355.4 11350.5 11347.4 11350.8 11355.5 11359.5 11360.7 11360.3 11359.9 11359 11358.1 11362.8 11369 11375.2 11381.6 11388.8 11389.2
11318.3 11323.8 11329 11326.8 11327.8 11333.1 11342 11350.7 11354.5 11354 11363.4 11409.1 11412.7 11348.4 11331.9 11343.1 11361.7 11375.4 11377.1 11373.4 11371.9 11361.9 11352.8 11346 11348.3 11351.7 11346 11341.7 11341 11344.3 11351.7 11356.6 11363.1 11365 11365.9 11366.3 11366.3 11364.3 11360.8 11353.5 11348.8 11349.6 11348.4 11347 11346.3 11348.4 11352.8 11358 11362.5 11364.9 11365.3 11365.2 11356.5 11350.3 11354.2 11356.2 11356.4 11357.1 11361.2 11364.2 11365.7 11366.5 11370.2 11374.4 11378.6 11382.9 11386.6 11386.6
11317 11317.9 11315.2 11323.2 11331 11338 11345.5 11347.7 11346.1 11355.3 11364.4 11365.8 11372.6 11366.8 11353.1 11346.3 11350.6 11362 11366.2 11366.8 11365.9 11361.5 11354.9 11350.5 11351.3 11351.4 11350.9 11348.4 11347.2 11347.9 11350.8 11357.1 11362.5 11365.2 11367.4 11369.3 11370.4 11369.2 11365.3 11360.9 11355.3 11353 11351.3 11349.5 11348.5 11350.8 11356.6 11363 11368.8 11373.4 11370.9 11364.6 11357.4 11354 11359.6 11360.8 11359.2 11359.3 11365.7 11371 11374.9 11377.7 11379.4 11381.4 11383.1 11384 11383 11382.6
11317.9 11320.2 11325.5 11331.1 11337.1 11344.4 11351.8 11349.7 11344.7 11351.8 11354.1 11349.4 11354.2 11358.4 11354.8 11349.2 11349.9 11354.4 11357.2 11361.3 11363.2 11361.7 11357.6 11355.3 11358.9 11359.5 11357.2 11354.7 11352.4 11351.4 11352 11358.1 11361 11364.2 11367.1 11370.3 11374.3 11376.3 11370.4 11365.4 11361.5 11357.5 11354.8 11352.9 11351.7 11353.8 11360.6 11367.7 11374 11378.2 11375.6 11368.6 11361.9 11359.2 11367.9 11369.6 11368.6 11368.5 11374.8 11380.3 11385.4 11389 11388.7 11389 11389.1 11388.1 11385.4 11384.2
11319.6 11323.7 11329.8 11335.6 11341.5 11349 11357.7 11365.6 11354.2 11353.3 11351.3 11349.6 11351 11353.7 11352.5 11347.5 11349.1 11351.2 11355 11360.9 11366.2 11365.4 11361.3 11361.4 11366.7 11366.9 11360.9 11358.9 11358.7 11355.1 11354 11357.8 11360.1 11363.6 11366.5 11369.3 11372.9 11375.3 11370.8 11366.3 11364.3 11361 11359 11357.5 11357 11359.2 11365.9 11372.5 11378.6 11382.2 11380.9 11376 11371.7 11370.4 11380.8 11381.4 11381.8 11383.6 11386.9 11390.3 11393.7 11396 11397.1 11397.2 11396.8 11396.1 11395 11398.2
11320.5 11324.6 11328.6 11333.7 11340.9 11347.8 11354 11358.8 11359.9 11357.2 11353.4 11348.6 11351 11350.2 11350.7 11351.9 11350 11351.2 11354.2 11357.7 11361.7 11362.3 11362.5 11363.5 11368 11365.5 11357.2 11354.5 11360.7 11357.7 11356.1 11359.2 11361.7 11362.6 11364.4 11366.3 11368.2 11369.9 11369.1 11367.1 11365.2 11364.2 11362.8 11362.6 11364.3 11368.5 11372 11377.5 11383.9 11388.9 11389.3 11383.9 11377.7 11383.6 11391.4 11393.1 11394.7 11397.4 11398.1 11399.8 11402.7 11404.2 11404.8 11404.9 11405.1 11405.5 11407.6 11415.6
11320.3 11326.1 11330 11333.6 11341.5 11345.3 11347.4 11349.1 11358 11355.9 11357.6 11359.1 11353.4 11347.3 11345.6 11345.4 11346.3 11347.9 11350 11352.5 11354.6 11354.9 11352.8 11355.4 11356.8 11355.8 11350.8 11347.3 11358.1 11358.8 11356 11357.4 11358.8 11360.8 11362 11362.9 11362.6 11364.4 11368.2 11369.3 11367.9 11367 11366.7 11366.8 11368.6 11372.1 11375.5 11381.1 11388.6 11397.2 11401.6 11397.4 11397.5 11401 11403.6 11404 11403.8 11404.4 11404.3 11406.8 11411.2 11412.6 11412 11412 11412.8 11414.5 11417.6 11422.7
11321.7 11329.5 11337.9 11346 11345 11343.6 11341.2 11338.9 11342.1 11348.6 11353.2 11356.4 11350.4 11345.3 11340.8 11337.1 11341.1 11343.8 11345.8 11347.2 11348.2 11348 11347.4 11349.6 11352.6 11352.7 11350.5 11350.3 11356.7 11359.9 11361.9 11358.5 11358.1 11359.9 11361.1 11361.5 11362.2 11364.9 11369.5 11371.7 11370.9 11370.3 11369.7 11369.6 11370.1 11372.6 11376.5 11382.9 11390.9 11399.3 11404.6 11406.6 11409.8 11413.7 11417.6 11416 11411 11405.3 11405.3 11410.2 11417 11417.9 11417.6 11417.9 11419.4 11421.9 11425.5 11428.6
11324.9 11332.8 11341.7 11349 11345.9 11342.4 11338.5 11333.2 11337.2 11344.6 11343.7 11342.2 11345.2 11343.2 11341.1 11339.9 11339.6 11341.4 11342.3 11342.5 11342.4 11340.2 11341.9 11345.6 11350.8 11352.9 11354.7 11356.6 11358.2 11357.6 11359.1 11360.5 11360.1 11361.2 11361.7 11361.3 11361.8 11365.9 11370.5 11372.2 11373.3 11373.6 11373.7 11373 11371.7 11370.5 11376.3 11384.6 11392.5 11398.6 11404 11411.8 11417.6 11425.3 11432.1 11427.5 11418.3 11408.8 11407.2 11412.4 11416.6 11419.4 11420.6 11422.1 11424.4 11427.6 11432.5 11438.7
11328.9 11334 11338.9 11342.5 11341.9 11341 11339.7 11338.5 11344.7 11349.2 11349.5 11347.1 11345.5 11342.7 11338.5 11337.1 11338.7 11339.8 11340.9 11340.9 11339.8 11338.2 11338.1 11342 11347 11354 11360 11364.6 11361.8 11357.1 11357.3 11360.7 11363.4 11363.9 11363.1 11362.3 11362.8 11367.9 11373.1 11374.3 11377.1 11379 11379.2 11378.8 11376.9 11375.1 11379.9 11389.1 11396.9 11402.1 11407.3 11419.7 11433.4 11437.9 11438.1 11434.1 11425.4 11418.5 11416.3 11416.7 11418.6 11421 11423.3 11425.4 11428.3 11431.9 11436 11440.5
11331.5 11333.7 11335.2 11334.7 11337.7 11340.4 11342.9 11347 11352.7 11353.8 11355.4 11352.7 11348.1 11344.3 11339.1 11337.3 11339.3 11340.6 11341 11340.8 11340.2 11339.9 11338.2 11340.9 11346.3 11356.3 11364.5 11368.4 11365.3 11356.2 11356.5 11360.4 11365.7 11366.6 11364.9 11363.3 11364 11371.5 11377.6 11379.3 11383.3 11386.4 11388.5 11389 11387.9 11386 11390.2 11399.2 11405.5 11409.7 11414.7 11426.7 11440.4 11440.5 11430.1 11430 11428.9 11427.2 11425 11420.7 11421 11423.4 11426.5 11429.4 11432.5 11436.4 11440.8 11446.2
11332.8 11333.2 11333.3 11333.6 11336.8 11341.2 11345.7 11350.1 11353.3 11351.7 11350.3 11351 11349.8 11347.9 11347.6 11344.7 11343.1 11342.4 11342.3 11341.5 11341 11340.2 11338.9 11343.5 11349.8 11358.6 11368.3 11366.1 11363.4 11363 11360.2 11360.6 11366.8 11368.6 11365.9 11363.8 11366.6 11376.9 11385 11387.1 11392.2 11396 11399 11400.9 11403.5 11406.1 11410.5 11415 11417.8 11419.7 11425 11429.8 11435.9 11434.3 11426.1 11430.8 11432.3 11431 11427.5 11425.7 11424.2 11427.6 11430.3 11432.7 11436 11440.5 11447 11457.1
11332.9 11332.4 11332.6 11333.9 11337.1 11342 11347.7 11353 11353.8 11348.7 11349.2 11352.1 11352.5 11350.6 11347.3 11347.4 11346.5 11345.3 11344.6 11343.8 11342.8 11342.4 11341.7 11344.6 11350.1 11356.4 11362.7 11363.4 11360.6 11368.5 11366.8 11365.2 11370.1 11371.3 11367.2 11364.6 11368.4 11383.8 11398.7 11399.8 11401.9 11405.5 11410 11414.4 11420.8 11428.5 11434.6 11433 11431 11428.4 11426.9 11427.1 11427.3 11423.1 11417.9 11431.7 11437.2 11439 11439.9 11437.8 11435.4 11434.5 11434.6 11435.8 11437.5 11441.4 11450.1 11461.8
11331.5 11331 11331.3 11333.1 11336.7 11341.8 11348.7 11356.2 11363.6 11360.3 11360.9 11359.5 11357.8 11354.9 11350.6 11350.5 11350.6 11349.8 11348.7 11347 11345.3 11344.9 11345.8 11344.2 11346.6 11351.2 11354.6 11355 11360.1 11370.3 11370.2 11367.3 11370.3 11370.5 11368.2 11367.3 11372.4 11387.6 11402.6 11406.4 11409.4 11413.4 11419.9 11427.3 11435.4 11445.4 11452.3 11448.8 11443.2 11436.9 11430 11425.8 11423.1 11417.7 11417.2 11433.3 11442.9 11446.8 11450.9 11447.1 11445.2 11443.1 11441.6 11439.4 11438.1 11439.1 11442.7 11455
11328.5 11328.6 11329.1 11330.5 11333.7 11340 11347.6 11355.8 11362.5 11366.7 11372.4 11366.5 11363.3 11361.2 11359.2 11356.9 11355.7 11354.8 11353.4 11351.7 11348.8 11345.2 11348.5 11347.9 11347.6 11347.5 11346.6 11348.9 11353.7 11365.4 11373.2 11372.6 11370.2 11368.4 11370.7 11373.6 11379.4 11388.7 11398.1 11405.3 11411.8 11418.9 11427.4 11436 11446.7 11457 11464.2 11461.1 11452.9 11445.8 11439.4 11433.7 11427.5 11423.4 11427.3 11440.8 11449.9 11453 11449.5 11451.3 11454.8 11454.5 11451.8 11447.2 11441.9 11437.2 11435.7 11447
11326.1 11325.9 11326.8 11328 11330.8 11338.4 11345.9 11353 11360.5 11365.1 11368.1 11367.3 11365.5 11365.9 11366.7 11362.4 11360.2 11359.2 11358.4 11357.3 11355.7 11352.8 11351.9 11352.3 11350.6 11348.5 11346.4 11348.2 11351.7 11363.6 11376 11377.6 11373.9 11371.2 11376.4 11379.8 11384.6 11390.4 11394.8 11403.7 11412.7 11422.5 11432.6 11443.9 11454.3 11465.1 11472.7 11470.4 11461.9 11453.5 11448.5 11444.2 11435 11433.6 11436 11450.9 11461.8 11467.5 11464.4 11465.7 11472.1 11471.2 11465.9 11457.9 11447.7 11438.3 11434.5 11441.9
11321.1 11323.4 11325.6 11328.3 11332.6 11338.1 11344.3 11349.4 11352.4 11359.6 11364.5 11364.7 11363.9 11363.4 11363.9 11363.3 11363 11362.9 11363.3 11363.8 11364.6 11366.2 11362 11357.5 11356.1 11355 11355.1 11355.3 11355.6 11366.5 11377.5 11381.5 11382.2 11383.3 11387.4 11391.2 11391.6 11391.3 11395.8 11404.2 11414.1 11424.9 11435.8 11446.9 11458.4 11468.8 11476.9 11474.9 11465.3 11457.5 11451 11445.5 11439.2 11436.5 11443.5 11458.8 11478.9 11494.3 11506.3 11506.5 11502.4 11494.4 11485.4 11473.8 11459.3 11442.5 11432.4 11438.5
11319.4 11321.9 11325.3 11329 11333.6 11338.8 11344.3 11348.9 11351.5 11354.7 11360.4 11362.7 11361.4 11358.5 11359 11362.3 11365.1 11367 11368.3 11369.7 11370.9 11372.1 11365.9 11362.6 11363.8 11365.4 11368.5 11366.7 11364.3 11368.7 11375.7 11384.2 11390.8 11396.9 11398.2 11397.9 11398.2 11395.4 11395.2 11406 11417.1 11428.1 11438.7 11449.7 11460 11468.9 11475.8 11475.6 11467.8 11460.8 11452.8 11444.2 11446.4 11450.8 11463.5 11481.6 11503.5 11524.5 11545.9 11556.9 11534.6 11522 11509.2 11497 11479.9 11454.9 11433.5 11442.1
11318 11321.7 11325.7 11330.1 11334.7 11340.2 11345.7 11351.4 11356.9 11360.6 11363.4 11364.5 11362.5 11358.3 11359.5 11364.7 11368.7 11371.7 11373.8 11375.1 11375.4 11374 11375.1 11374.6 11374.4 11375.2 11379.4 11379.3 11376.2 11380.3 11382.9 11389.6 11395.8 11404 11402.4 11401.2 11404.3 11408.1 11404.6 11411.6 11421.6 11432.5 11442.1 11450.2 11459 11466.7 11473.3 11475.2 11472.9 11468.6 11462.7 11457.7 11464.5 11476.3 11495.3 11520.7 11535.6 11552.2 11560.6 11556.7 11551.7 11543.1 11533.8 11525 11512.9 11492.8 11463 11467.2
11319.8 11323.8 11327.7 11332 11337.3 11342.2 11347.7 11354.3 11361.9 11369.5 11372.6 11369.2 11366.6 11366.2 11367.3 11370.9 11375.1 11379 11381.1 11382.5 11382.7 11385.8 11390.4 11390.3 11386.7 11385.7 11396.1 11394.4 11391 11389 11395.7 11395.3 11396.6 11395.7 11398 11404.5 11409 11413.6 11413.7 11419.1 11427.5 11436.4 11443.8 11450.2 11457.6 11464.3 11472.1 11476.7 11477.7 11479.5 11480.1 11479.3 11492.8 11513.7 11538 11561.7 11579.7 11579.8 11576.3 11569.3 11564.4 11557.7 11554.7 11551.2 11553.2 11562.5 11554.3 11513.3
11326.6 11327.4 11329.7 11333.3 11337.9 11342.7 11348.7 11355.7 11363.6 11370.5 11373 11370.9 11369.7 11370.9 11373.8 11377.7 11382.1 11385.9 11388.8 11391.3 11392.8 11397.2 11405.3 11404.7 11399.8 11398.5 11407.9 11406.8 11402.1 11397 11395.4 11397.9 11399.2 11399 11401.1 11406.9 11413.3 11417.6 11421.1 11428.3 11434.5 11443.1 11446.7 11452.6 11457.6 11461.8 11463.6 11465.3 11479.3 11492.2 11503.7 11512.8 11529.9 11551.8 11574.4 11596.9 11611.2 11598 11586.8 11581.1 11577.5 11571.6 11571.5 11572.2 11579 11594 11588.9 11551.5
11329.7 11329.7 11331.1 11333.5 11336.6 11341.2 11347.7 11354.4 11359.6 11364.3 11369.4 11369.6 11371.3 11372.9 11379.7 11384.6 11388.9 11392.5 11396.1 11400.6 11406.9 11411.4 11413.9 11413.7 11413.7 11413.6 11419 11417.1 11410.5 11405 11400.9 11402.2 11405.3 11409.7 11414.5 11419.2 11424.1 11420.9 11429 11435.7 11440 11447 11451.2 11454 11458.3 11460.1 11458 11457.8 11481.6 11507.8 11529.6 11553.5 11573.1 11579.7 11589.2 11606.8 11605.4 11601.7 11596.9 11595.1 11588.2 11582.9 11582.9 11583.8 11586.9 11588.7 11587.1 11577.3
11331.8 11331.7 11332.7 11333.7 11335.5 11339.7 11346 11353.2 11358.5 11358.1 11359 11366.2 11376 11383.5 11389.2 11393.3 11396.5 11399.8 11404 11408.7 11413.5 11420.6 11424.5 11426.4 11430.7 11433.1 11433.6 11428.5 11422.6 11412.9 11406 11408.4 11413.4 11420.4 11431.5 11438.9 11444.8 11449.2 11446.8 11448.2 11449.6 11451 11452.9 11456.2 11460.3 11464.2 11466.2 11467.6 11496.8 11524.9 11549 11575 11592.9 11596.4 11607.3 11618.7 11614.2 11603.6 11595.3 11588.4 11589 11588.9 11588.3 11589 11589.3 11590.5 11594.2 11601
11341.1 11337.2 11335.2 11334.3 11334.8 11337.5 11344.2 11352.5 11361.5 11359.5 11348.2 11365.3 11384.7 11397.9 11400.5 11402.1 11404.3 11406.9 11410.7 11415.7 11424.5 11431.9 11440.3 11446 11449.7 11448.9 11446.1 11442.1 11439 11430 11416 11417.9 11422.8 11427.6 11432.1 11445.7 11463.1 11469.2 11467.7 11463.7 11461.4 11460.2 11456.9 11458.9 11464.9 11475.7 11487.1 11505.7 11525 11545.2 11561.7 11573.8 11580.5 11597.9 11614.5 11622.9 11626.5 11603.1 11584.6 11587.4 11592.6 11593.5 11593.6 11593.5 11591.7 11590.3 11602.3 11617.2
11344.7 11340.5 11337.4 11335.3 11334.4 11336.8 11341.8 11350.4 11358.7 11357.8 11353.3 11371.8 11395 11408.7 11410.3 11411 11412.4 11414.4 11417 11419.3 11422.1 11437.8 11451.3 11459.2 11463 11461.7 11461 11465.6 11467.1 11453.3 11432.3 11430.3 11433.3 11437.1 11439.9 11456 11474.7 11488.9 11483.4 11478.1 11471.3 11467.9 11458.9 11460.7 11466.2 11481.2 11503.6 11529.8 11551.5 11562.7 11569.5 11577.3 11584.5 11595.7 11598.1 11609.5 11612.8 11592 11579.2 11589.3 11598.1 11598.2 11598.9 11600.1 11598.6 11595.5 11610.7 11626.8
11346.2 11342.3 11340.2 11337.3 11334 11331.1 11339.2 11348.2 11356 11363.3 11371.2 11383.8 11401.8 11413.4 11414.5 11415.3 11416.6 11419.2 11422.1 11426.6 11432.3 11443 11455.7 11474.4 11469 11465.2 11470.4 11475.6 11454.5 11462.2 11447.2 11446.8 11450.5 11455.4 11463 11477.3 11487.6 11496.1 11494.3 11487.3 11476.1 11467.1 11457.9 11455.8 11459.5 11476.3 11509.9 11559 11576.1 11564 11564.4 11579.4 11596.3 11603.7 11595.1 11592.1 11588.4 11585.8 11579.7 11589.9 11597.8 11604.8 11608.7 11611.2 11614.4 11617.9 11627 11638
11351.6 11349.3 11345 11341.5 11338.1 11336.1 11341.1 11348.4 11356.4 11369.4 11381.8 11385.1 11395.8 11407.5 11413.3 11415.8 11418.3 11421.1 11425 11431.9 11442.4 11453.3 11462.2 11464.7 11475.3 11469.3 11467.1 11470.6 11469.9 11468 11460.4 11463.2 11468.8 11475.9 11491.2 11509.5 11516.7 11517.5 11517.3 11499.6 11486 11470 11455.3 11444.1 11443.4 11448.8 11478.8 11537.9 11554.4 11519.6 11529.4 11567 11610.1 11622.7 11606.8 11594.8 11591.2 11594 11596.4 11595.2 11597.3 11613.4 11623.5 11630.4 11636.3 11642.9 11646.2 11650.1
11352.9 11351.7 11350.5 11348.2 11345.4 11344.3 11346.2 11351.2 11357.8 11367 11370.6 11375.8 11393.8 11404.1 11410.4 11414.8 11418.4 11421.6 11425.4 11428 11434.3 11445.5 11449 11439.5 11446.9 11463.5 11457.9 11442.1 11447.9 11454.1 11471.2 11481.4 11490.3 11498 11510.5 11530.4 11549.8 11547.4 11540.1 11512.1 11492.3 11473.7 11453.2 11438.6 11425.4 11410 11401.3 11394.8 11385.9 11407.6 11455.3 11526.2 11612.7 11635.9 11618.3 11611.2 11604.7 11606.4 11613.4 11609.9 11611.6 11627.2 11641.1 11649.6 11654.8 11659 11661.5 11661.7
