real_craters/C167-300m.grd
DSAA
425 425
-63.6475 63.6475
-63.6475 63.6475
9908.4830594264 12156.699722433
[rows 0 to 29 of 425, columns 0 to 66 of 425]
11165.7 11164.7 11163.9 11163.5 11163.7 11164 11163.9 11163.5 11162.7 11161.6 11161 11163 11162.6 11162.3 11162.2 11162.2 11162 11161.1 11160.1 11160.2 11161.2 11162.4 11163.7 11165.4 11167.3 11169.1 11171 11172.8 11174.6 11176.3 11175.3 11177 11178.7 11180.4 11182.4 11186.1 11187.5 11189.2 11190.9 11192.3 11194.5 11199 11201.4 11203 11204.6 11206.2 11207.9 11209.5 11209.9 11208.9 11207.1 11206.2 11207.8 11209.3 11210 11210.1 11209.9 11209.8 11210.1 11210.6 11211.5 11213 11214.4 11216.4 11218.6 11220.9 11223.5
11166.1 11165.4 11165 11164.8 11164.6 11164.4 11164.2 11163.8 11163.3 11163.2 11163.8 11163.5 11163 11163.1 11163.2 11163.2 11162.6 11161.8 11160.9 11160.9 11162.2 11163.2 11164.2 11165.7 11167.3 11169 11170.7 11172.5 11174.1 11175.9 11177.8 11180.5 11182.4 11184.1 11185.8 11187.4 11187.2 11189.7 11192.1 11194.9 11197.3 11200.3 11201.8 11202.9 11204.1 11205.5 11206.9 11208.3 11208.8 11208.6 11207 11206.4 11208.5 11210 11210.5 11210.8 11211.3 11211.7 11210.9 11211.3 11212.1 11213 11214.9 11216.8 11218.8 11221 11224.2
11166.3 11165.8 11165.7 11165.7 11165.3 11165.1 11164.8 11164.3 11163.8 11163.4 11163.7 11163.4 11163.4 11164 11164.3 11164.4 11164.2 11163 11161.4 11161.2 11162.4 11163.5 11164.9 11166.1 11167.6 11169.1 11170.7 11172.5 11174.2 11176.2 11178.2 11179.9 11181.8 11183.9 11185.8 11187.8 11190.3 11192.3 11194.2 11196.3 11198.4 11200.5 11201.6 11202.7 11203.7 11204.8 11205.7 11206.4 11207.7 11209.3 11208.6 11207.5 11209.1 11210.4 11210.9 11211.2 11211.6 11211.7 11211.3 11212 11212.8 11214.5 11215.7 11217.7 11219.9 11222.3 11225.7
11166.4 11165.9 11165.5 11165.3 11165.5 11165.4 11165.2 11164.7 11164.2 11164 11163.9 11164 11164.4 11165 11165.4 11165.7 11165.7 11164.1 11161.5 11161.4 11162.7 11164.3 11165.4 11166.6 11167.9 11169.4 11171.1 11172.9 11174.7 11176.8 11178.7 11180.5 11182.5 11184.5 11186.3 11188.3 11190.4 11192.7 11194.9 11197.1 11198.7 11199.5 11200.5 11201.4 11202.3 11203.3 11204.5 11205.3 11206.7 11209 11209.7 11209 11209.8 11210.8 11211.3 11211.4 11211.4 11211.1 11212.3 11212.8 11213.4 11213.9 11216.2 11219.2 11222.2 11225.2 11228.1
11166.5 11166 11165.8 11165.6 11165.6 11165.6 11165.7 11165 11164.4 11164 11164.1 11164.6 11165.6 11165.9 11166.3 11166.6 11166.4 11164.9 11162.7 11162.4 11163.2 11164.7 11165.6 11166.8 11168.2 11169.8 11171.4 11173 11174.8 11176.5 11178.8 11180.8 11182.7 11184.7 11187 11189 11191 11193.2 11195.5 11197.7 11198.6 11198.7 11199.3 11200.3 11201.3 11202.3 11203.1 11204 11205.5 11207.8 11209.5 11209.1 11210.3 11211.6 11211.8 11211.8 11211.7 11212 11213.3 11213.9 11214.5 11215.4 11217.8 11221.3 11225 11228.6 11231.1
11166.5 11166 11165.4 11165.4 11165.6 11165.6 11165.2 11165.1 11164.6 11164.1 11164.4 11165.8 11166.4 11166.7 11167.1 11167.2 11167 11165.7 11164 11164.4 11164.3 11164.4 11165.4 11166.8 11168.4 11169.9 11171.5 11173.3 11175.1 11177 11178.8 11180.8 11182.7 11184.8 11187.1 11189.2 11191.1 11192.8 11195.2 11198.2 11198.2 11197.7 11198.2 11199.2 11200.3 11201.3 11202.2 11203.1 11204.1 11205.4 11206.9 11208.2 11210.1 11211.6 11212.1 11212.3 11212.3 11212.7 11214.3 11215.2 11216 11217.5 11220.1 11223.6 11227.7 11231.6 11234
11166.7 11166.3 11165.9 11165.8 11165.9 11166 11166 11165.5 11165.1 11165 11164.8 11165.8 11166.7 11167.2 11167.7 11167.9 11167.7 11166.4 11165 11166.1 11165.6 11164.9 11165.6 11167.1 11168.6 11170.2 11171.8 11173.5 11175 11176.8 11178.5 11180.5 11182.4 11184.6 11186.9 11189 11190.8 11191.9 11190.9 11198 11195.3 11196 11197.1 11198.2 11199.3 11200.3 11201.4 11202.3 11203 11203.6 11204.7 11207.6 11210 11211.8 11212.7 11212.9 11212.9 11212.9 11215.8 11216.2 11217.2 11218.7 11221.2 11225.3 11229.8 11234.6 11236.6
11166.9 11166.8 11166.8 11166.5 11166.4 11166.3 11166.1 11165.7 11165.4 11165.1 11165 11165.7 11166.9 11167.8 11168.4 11168.7 11168.5 11167.6 11166.4 11167.1 11166.9 11166.5 11166.7 11167.7 11169 11170.5 11172.1 11173.4 11175 11176.7 11178.5 11180.2 11182.2 11184.2 11186.4 11188.7 11191 11193.2 11192.5 11182 11191.2 11194.3 11196 11197.2 11198.4 11199.6 11200.8 11201.9 11202.9 11203.3 11205.1 11208 11210.5 11212.7 11213.5 11213.9 11214 11213.9 11214.8 11216.5 11218.1 11219.9 11222.6 11226.2 11230.5 11235.3 11237.2
11167.2 11167.1 11167 11167.1 11167 11166.8 11166.4 11166.2 11166.1 11166 11166 11166.5 11167.6 11168.3 11168.9 11169.4 11169.6 11168.7 11167.3 11168.2 11168.1 11167.5 11167.6 11168.4 11169.5 11170.7 11172.2 11173.5 11175 11176.4 11178 11179.6 11181.4 11183.3 11185.3 11187.6 11190.4 11194 11199.9 11197.6 11193 11193.4 11194.7 11196 11197.6 11199.1 11200.5 11201.8 11202.9 11203.7 11205.8 11208.6 11210.8 11212.6 11214 11215.2 11215.8 11215.8 11215.8 11217.4 11219.2 11221 11223.2 11226.5 11229.7 11232.5 11234.6
11167.5 11167.6 11167.7 11167.6 11167.6 11167.5 11167.3 11167.1 11167 11166.8 11167 11167.1 11167.9 11168.7 11169.5 11170.3 11170.5 11169.1 11168 11169 11168.9 11168.4 11168.5 11169 11169.9 11171.1 11171.9 11173.1 11174.4 11175.8 11177.2 11178.6 11180.2 11181.7 11183.7 11185.8 11188.2 11190.8 11191.6 11192.8 11192.5 11192.4 11193.1 11195 11196.8 11198.5 11200.1 11201.8 11203.5 11204.3 11206.4 11209 11211 11213 11215 11216.8 11218.5 11220 11220 11219.6 11220.6 11222.2 11224.8 11226.5 11228.8 11230.8 11232.9
11167.7 11167.9 11168 11168 11168.1 11168.3 11168.5 11168.3 11167.4 11166.9 11166.9 11166.9 11167.6 11168.8 11170 11171.1 11172.3 11173.2 11170.7 11169.4 11169.6 11169.1 11169 11169.5 11170.3 11171.2 11172.3 11173.4 11174.3 11175.4 11176.6 11177.7 11178.8 11180.1 11181.4 11183.2 11185.2 11187.7 11190.3 11190.5 11190.5 11191.3 11192.6 11194.3 11196.1 11197.9 11199.7 11201.5 11203.2 11203.8 11205.5 11208.3 11211 11213.6 11216 11218.2 11220.8 11223.8 11226.2 11222.3 11222.1 11222.7 11223.8 11226 11228.5 11230.7 11233.1
11167.8 11167.9 11168 11168.2 11168.5 11168.9 11169.6 11169.7 11168.3 11167.1 11166.3 11167 11167.9 11169 11170.2 11171.4 11172.9 11174.9 11172.1 11170.6 11170.3 11169.7 11169.4 11170 11170.8 11171.6 11172.4 11173.3 11174.3 11174.8 11175.6 11176.5 11177.4 11178.1 11179 11180.2 11181.3 11183.3 11185.2 11186.3 11187.7 11189.6 11191.6 11193.8 11195.7 11197.5 11199.2 11200.7 11202.1 11202.6 11204.6 11207.8 11210.6 11213.3 11216 11218.8 11221.5 11224.2 11225.8 11223.5 11223 11223.3 11223.8 11226 11228.8 11231.7 11234.7
11167.8 11167.4 11167.6 11168.2 11168.6 11169.1 11169.6 11169.7 11169 11168.6 11168.2 11167.9 11168.4 11169.3 11170.2 11171.2 11171.5 11170 11170 11170.1 11170.5 11170.6 11170.7 11171.1 11171.5 11172.1 11172.6 11173.3 11174.1 11174.8 11174.9 11175.5 11176 11176.3 11176.6 11176.9 11177.2 11177.4 11178.6 11181.6 11184.7 11187.7 11190.8 11193 11194.7 11196.3 11198.1 11199.6 11200.6 11200.9 11203.4 11206.7 11210 11213.2 11216.4 11219 11221.2 11222.9 11223.1 11223.2 11223.8 11224.4 11225.3 11227.2 11229.8 11232.7 11236
11168.2 11167.8 11167.9 11168.3 11168.7 11168.9 11168.8 11168.6 11168.1 11169.8 11169.8 11168.8 11168.7 11169.4 11170.2 11171.1 11172.1 11172.5 11170.4 11170.8 11171.4 11171.7 11172.3 11172.1 11172.1 11172.4 11172.9 11173.4 11173.9 11174.3 11174.7 11174.3 11174.5 11174.6 11174.4 11174.3 11173.7 11173.1 11174.2 11178.1 11182 11185.7 11189.4 11192 11193.8 11195.5 11197.4 11199 11200.3 11201 11203.4 11206.2 11209.3 11212.8 11216.2 11218.5 11220.8 11222.5 11223.1 11224.1 11225 11225.8 11226.9 11228.7 11230.9 11233.5 11236.1
11168.9 11168.7 11168.7 11168.8 11168.9 11168.8 11168.4 11167.2 11167.3 11168.7 11169.3 11168.9 11168.6 11169.3 11170.1 11170.8 11171.6 11173 11173 11172.4 11172.3 11172.1 11172 11171.9 11172.3 11172.8 11173.2 11173.6 11173.9 11174.2 11174.4 11174.5 11173.7 11173.5 11173.1 11172.6 11171.8 11171.3 11173.4 11176.4 11180 11183.7 11187.4 11190.3 11192.3 11194.5 11196.7 11198.8 11200.9 11203.1 11204.2 11205.9 11208.7 11211.6 11214.3 11217.7 11220.5 11222.9 11225.2 11226 11226.6 11227.3 11228.2 11229.7 11232.2 11234.8 11236.9
11169.5 11169.7 11169.3 11169.2 11169.3 11169.3 11169 11168.5 11168.3 11169 11169.5 11169.6 11169.5 11170 11170.3 11170.5 11170.5 11171.4 11173.3 11173.4 11173 11172.5 11171.6 11172.1 11172.9 11173.4 11173.8 11174.1 11174.5 11174.8 11174.9 11174.9 11173.3 11172.7 11172.2 11171.4 11171 11171.1 11172.7 11175.4 11178.7 11181.8 11184.7 11187.5 11190.5 11193.3 11196 11198.7 11201.4 11203.9 11205 11205.8 11208.4 11211.4 11214.6 11217.6 11220.5 11223.3 11225.9 11227 11228.3 11229 11229.9 11231.4 11234.3 11237 11239.8
11169.4 11168.8 11169.5 11169.7 11169.9 11170 11170.2 11170.9 11170.5 11170.2 11170.4 11170.8 11171.8 11170.8 11170.7 11171 11171.3 11172.1 11173.7 11173.8 11173.3 11173.3 11173.7 11173.8 11173.7 11173.9 11174.1 11174.2 11174.2 11174.3 11174.1 11174 11173.7 11172.5 11172 11171.3 11171.1 11171.6 11172.8 11174.9 11177.5 11180.4 11183 11185.7 11189 11192.1 11195.2 11198.3 11201.5 11204.6 11205.8 11206.6 11208.9 11211.7 11214.5 11217.6 11220.6 11223.4 11225.9 11228.9 11229.9 11230.6 11232 11234 11236.8 11239.6 11243.2
11170.5 11170.4 11170.2 11170.4 11170.5 11170.7 11170.8 11171.2 11171.7 11171.2 11171.2 11171.3 11170.5 11169.9 11171.4 11172 11172.4 11172.8 11173.7 11174.1 11174 11174 11174.2 11174.4 11174.4 11174.4 11174.5 11174.5 11174.5 11174.5 11174.3 11174.1 11173.8 11172.8 11172.3 11171.8 11171.4 11171.7 11172.9 11174.9 11177.3 11179.8 11182.3 11185 11188 11191.2 11194.4 11197.7 11201.2 11204.3 11206.4 11208 11210 11212.4 11215.2 11218.1 11220.9 11223.5 11226 11228.5 11229.7 11231.1 11233.5 11237.6 11238.7 11241.1 11244.4
11170.9 11170.9 11171 11171.1 11171.3 11171.5 11171.6 11171.2 11172.6 11171.9 11172.1 11172.4 11172.7 11172.9 11172.9 11173.4 11174 11174.1 11174.3 11174.5 11174.3 11174.5 11174.8 11175 11175 11175.1 11175.1 11175.1 11175.2 11175.1 11174.9 11174.7 11174.3 11173.9 11172.9 11172.4 11171.8 11171.7 11173.4 11175.4 11177.4 11179.6 11181.8 11184.1 11187.2 11190.3 11193.5 11196.8 11200 11203.9 11207 11209 11210.9 11213.2 11215.8 11218.7 11221.5 11223.9 11225.6 11226.4 11228.3 11230.5 11232.9 11235.1 11238.1 11241.3 11244.8
11171.3 11171.2 11171.4 11171.7 11172.1 11172.5 11173 11173.8 11173.6 11172.6 11173.1 11173.7 11174.2 11174.3 11174.4 11174.6 11175 11175.6 11175.7 11175.7 11175.3 11175.3 11175.3 11175.3 11175.6 11175.9 11176 11176 11175.9 11175.8 11175.6 11175.3 11175.1 11174.8 11173.9 11173.5 11173.4 11173.6 11174.9 11176.3 11177.9 11179.8 11181.8 11184.4 11186.7 11189.4 11192.8 11196.4 11199.9 11204.7 11208.1 11209.8 11211.6 11213.9 11216.7 11219.6 11222.4 11224.9 11226.5 11226.9 11227.6 11229.7 11231.9 11234.3 11237 11240.1 11243.6
11171.3 11171.5 11171.8 11172.3 11172.9 11173.5 11174.3 11175 11175.4 11174.1 11174.4 11175 11175.5 11175.9 11175.5 11175.4 11175.5 11175.1 11176.3 11176.4 11176.3 11176.2 11176.2 11176.3 11176.5 11176.6 11176.7 11176.7 11176.6 11176.5 11176.3 11176.1 11175.9 11175.7 11175 11175.2 11175.7 11176.9 11177 11177.7 11178.8 11180.1 11181.6 11183.3 11185.5 11188.3 11191.8 11196.5 11201.7 11206.1 11209.3 11210.8 11211.6 11214.4 11217.5 11220.7 11223.4 11226.3 11228.9 11229.9 11228.1 11229.5 11231.4 11233.4 11235.7 11238.1 11240.1
11170.4 11171.1 11172 11172.8 11173.5 11174.3 11175.2 11176 11175.8 11175.5 11175.9 11176.4 11176.8 11176.3 11176.5 11175.8 11175.6 11176 11176.1 11176.6 11176.9 11176.9 11177.1 11177.3 11177.5 11177.6 11177.7 11177.7 11177.7 11177.5 11177.4 11177.2 11177.1 11176.9 11176.9 11176.8 11177.4 11178.7 11178.6 11179 11179.8 11180.6 11181.6 11182.5 11184.3 11186.9 11190 11194.4 11201.9 11207.2 11212.3 11212.6 11213 11215.2 11217.8 11220.6 11224.1 11227.6 11231.2 11235 11229.7 11230.1 11231.5 11233.1 11234.8 11236.2 11237
11170 11171.2 11172.4 11173.3 11174.1 11174.8 11175.5 11176 11176.8 11176.8 11177.2 11177.8 11178.6 11179.9 11177.8 11175.8 11175.2 11176.1 11176.9 11177.4 11177.6 11177.6 11178.1 11178.5 11178.7 11178.8 11178.8 11178.7 11178.6 11178.5 11178.4 11178.3 11178.1 11178 11178 11178 11178.6 11179.3 11179.5 11180.1 11180.7 11181.4 11182.1 11182.7 11183.9 11185.9 11187.7 11189.5 11193.9 11204.7 11213.1 11213.2 11214 11215.8 11218.2 11221 11224.2 11227.8 11231.3 11233.3 11231 11230.9 11231.8 11233.1 11234.4 11235.1 11235.5
11171.2 11172.2 11173.2 11174 11174.8 11175.3 11175.4 11175.3 11176.4 11177.8 11178.2 11178.6 11179.2 11179.2 11178.3 11176.6 11176.1 11177.2 11178.5 11179.4 11179.4 11179.2 11179.2 11179.8 11179.9 11180 11180 11180 11180 11179.8 11179.6 11179.4 11179.3 11179.1 11179 11178.8 11179.1 11179.3 11180.1 11180.9 11181.7 11182.5 11183.2 11183.8 11184.6 11185.7 11186.8 11188.4 11193 11201.1 11207.3 11211.5 11213.8 11216.2 11218.5 11220.7 11223.8 11227.3 11230.4 11232.5 11232.1 11231.6 11232.1 11233.1 11234.1 11234.5 11235
11173.2 11173.6 11174.1 11174.8 11175.4 11176 11176.6 11176.4 11177.3 11178.4 11178.8 11179.2 11179.4 11179.5 11179.1 11177.8 11177.6 11178.7 11180.6 11181.9 11180.8 11180 11180.1 11180.4 11180.9 11181.2 11181.3 11181.2 11181.1 11180.7 11180.6 11180.4 11180.4 11180.1 11179.9 11179.3 11179 11179.5 11180.9 11182 11183 11183.8 11184.7 11185.5 11186.3 11186.5 11187.1 11188.6 11192.5 11198.6 11205.3 11209.8 11213.3 11216.8 11219.2 11220.7 11223.4 11226.4 11229.1 11231.3 11231.5 11231.5 11231.9 11232.5 11233.2 11233.9 11234.6
11174.2 11174.6 11175.1 11175.7 11176.3 11176.7 11177 11176.6 11177.4 11178.5 11179.3 11179.8 11179.9 11180.1 11180 11178.7 11179.2 11180.6 11182 11182.5 11182.1 11180.7 11181.4 11182.3 11182.9 11182.7 11182.4 11182.3 11182.1 11182.1 11181.9 11181.7 11181.5 11181.2 11180.8 11180.5 11180.6 11181.5 11182.4 11183.5 11184.5 11185.4 11186.3 11187.1 11187.9 11187.6 11187.8 11188.7 11191.8 11196.4 11201.8 11207.9 11214.9 11218.9 11220.3 11221.5 11223.2 11225.5 11227.6 11229.3 11230.7 11231.1 11231.4 11231.8 11232.2 11233.4 11234.3
11174.5 11175.3 11176 11176.6 11177.1 11177.5 11177 11176.5 11177.1 11178.6 11179.8 11180.7 11181 11181.3 11181.2 11179.7 11181.1 11182.7 11184.2 11185.1 11184.7 11183.6 11183.4 11184.1 11184.5 11183.9 11183.7 11183.6 11183.5 11183.4 11183.2 11183 11182.8 11182.5 11182.2 11181.6 11182.5 11183.5 11184.3 11185.2 11186.2 11187.2 11188.1 11188.7 11188.3 11188.9 11188.8 11189.6 11191.3 11194.3 11197.9 11205.2 11214.4 11219.7 11221.1 11221.8 11223.1 11224.9 11226.2 11226.9 11228 11229.7 11230.4 11231.4 11232.7 11233.4 11234.1
11175.7 11176.2 11176.8 11177.5 11178.1 11178.8 11179.5 11178 11178.1 11179.4 11181.2 11182.1 11182.5 11182.7 11182.6 11181.5 11182.6 11184.4 11186.4 11188.3 11187.5 11185.9 11185.1 11184.8 11184.6 11184.9 11185 11185 11185 11184.8 11184.6 11184.4 11184.2 11184 11183.9 11183.6 11183.5 11185.3 11186.2 11187 11187.9 11188.9 11190.2 11191.2 11191.9 11191.3 11189.9 11189.2 11190.9 11193.4 11196.7 11203.6 11212.8 11219 11221.4 11222.5 11223.6 11224.6 11225.2 11225.3 11225.4 11227.3 11229 11230.7 11232.6 11233.2 11233.7
11176.4 11176.9 11177.6 11178.3 11179 11179.6 11180.1 11180.2 11181.5 11183.1 11183.3 11183.8 11184.2 11184.5 11184.8 11183.9 11183.9 11185.7 11187.7 11189.5 11189.1 11187.6 11186.7 11186.3 11186.2 11186.2 11186.4 11186.5 11186.5 11186.4 11186.1 11185.8 11185.6 11185.5 11185.6 11186.4 11187.6 11187.6 11188.1 11188.9 11189.8 11190.8 11191.9 11193.4 11195.4 11193.5 11191.3 11190.3 11191.6 11193.7 11197 11203.1 11211.9 11218.9 11221.2 11222.9 11224.2 11224.8 11225 11224.9 11225 11225.8 11227.8 11229.6 11231 11232.1 11233
11176.3 11177.4 11178.3 11179.1 11179.8 11180.4 11181.4 11182.9 11183.8 11185 11185 11185.4 11185.8 11186.4 11186.8 11185.5 11185.8 11187 11188.5 11189.4 11189.7 11189.2 11188.7 11188.5 11187.5 11187.8 11188.2 11188.4 11188.4 11188.2 11187.9 11187.5 11187.2 11186.9 11186.8 11187.4 11188.9 11189.3 11189.7 11190.5 11191.4 11192.3 11193.2 11194.1 11194.3 11193.6 11192.5 11192.1 11193 11194.9 11197.8 11202.9 11210.3 11216.4 11220 11222.4 11224.1 11224.9 11225.1 11225.1 11225 11226 11227.1 11228.6 11229.8 11231.1 11232.3
