real_craters/C167-300m.grd
DSAA
425 425
-63.6475 63.6475
-63.6475 63.6475
9908.4830594264 12156.699722433
[rows 300 to 329 of 425, columns 201 to 267 of 425]
11532.5 11534.2 11534.5 11534.9 11535.4 11534 11532 11531.1 11529.9 11528.5 11529.1 11530 11529.3 11529.3 11529.4 11529 11527.6 11525.8 11524.3 11517.1 11519.5 11525.3 11529.9 11532.8 11533.9 11531.1 11527.3 11530 11536 11543.1 11551.4 11562.5 11557.5 11549.6 11547.6 11547.8 11549.2 11551.5 11554.2 11554.7 11553.2 11551.9 11550.4 11548.5 11546.8 11544.9 11545.3 11541.4 11540.8 11541.4 11542.5 11567.4 11577.6 11587.8 11597.9 11607.7 11630.3 11640 11652.5 11646.1 11644.5 11638.6 11619.6 11575.1 11498.6 11370.2 11229.9
11530.4 11532.5 11532.9 11532.6 11532.9 11532.2 11530.7 11529.8 11528.7 11526.8 11526.5 11526.5 11526.1 11525.8 11525.5 11524.8 11523.3 11521.1 11518.4 11513.9 11516.5 11520.9 11524.5 11526.4 11526.3 11524.2 11522.5 11527 11534.8 11543.6 11552.9 11559.7 11553.9 11545.6 11544.3 11544.5 11545.5 11547.1 11548.4 11549.1 11548.3 11547 11545.7 11544 11542.4 11540.6 11538.9 11536.2 11536.2 11537.6 11555 11565.9 11578.9 11591.1 11603.4 11615.7 11628.9 11641 11647.1 11642.6 11653.7 11663.4 11666.8 11651.5 11584.9 11440.3 11278
11532.9 11532.6 11531.7 11530.8 11529.7 11528.8 11527.7 11526.7 11525.9 11524.9 11523.8 11522.4 11523.1 11523.3 11523 11522.3 11520.9 11518.9 11516.1 11514 11518 11521.2 11523.5 11523.8 11522.2 11520.2 11521.1 11525.9 11534 11542.2 11549.3 11551.7 11546.6 11541.1 11540.4 11540.5 11541.1 11542 11543.2 11543.4 11542.8 11541.9 11540.9 11539.6 11538.2 11536.5 11530.2 11532.2 11532.9 11534.5 11550 11560.8 11576.5 11589.7 11603.1 11616.7 11619.2 11632.1 11634.1 11643.8 11662.9 11684.7 11711.2 11730.4 11690.4 11534.9 11371.4
11534.8 11532.2 11530 11528.8 11526.8 11525.8 11525.3 11524.6 11523.9 11523 11522.7 11522 11522.4 11522.1 11521.9 11521.8 11521.1 11519.7 11518.7 11520.3 11524.3 11525.6 11525.9 11524.7 11522.6 11520.7 11522.8 11527.7 11534.3 11540.2 11544.3 11544.8 11540.6 11537.2 11536.7 11536.5 11536.5 11536.4 11536.4 11537.3 11537.4 11537 11536.5 11535.5 11534.5 11533.1 11526.1 11528.9 11528.9 11531.9 11544 11553.5 11569.4 11581.8 11594.5 11607.7 11594.5 11606.5 11624.5 11646.1 11669 11693.4 11726 11766.8 11754.4 11622.5 11489.6
11530.9 11529.3 11527.5 11526.4 11524.9 11524.1 11523.6 11522.8 11522.1 11521.6 11521.4 11522.5 11521.6 11521.5 11522 11522.5 11522.4 11522.4 11524.3 11532.8 11533.4 11532.6 11531.4 11529.6 11527 11524.9 11528.1 11532.4 11536 11538.8 11540.5 11540.1 11537.6 11534.9 11533.6 11532.9 11532.4 11531.8 11530.9 11532.2 11532.7 11532.6 11532.4 11531.9 11531.2 11530.4 11527.9 11526.1 11527 11530.3 11537.7 11544.7 11558.7 11568.8 11579.2 11590.1 11578.4 11588.6 11618.8 11633.6 11657.7 11675.4 11695.7 11722.7 11720 11682.2 11626.6
11526.1 11525.3 11524.2 11523.2 11522.7 11521.9 11521.1 11520.7 11520.3 11520 11519.2 11517.2 11518 11520.8 11522.8 11524.3 11525.4 11525.8 11526.7 11537.5 11539.9 11538.8 11538.1 11537.3 11533.8 11531.7 11535 11538.2 11538.3 11537.6 11536.9 11536.2 11535.4 11532.4 11530.8 11529.7 11528.9 11528.5 11528.5 11528.5 11528.7 11528.9 11529 11528.9 11528.6 11528.3 11526.2 11523.2 11527.1 11529.9 11530.7 11533.6 11544.3 11550.2 11556.6 11564.7 11572.4 11581.3 11604.7 11614.6 11635 11641.2 11640.8 11628.4 11643.1 11701.6 11739.8
11521.9 11521.1 11521.3 11520.8 11520.7 11520.6 11519.7 11519.5 11519.5 11519.1 11518.2 11516.9 11518 11522 11525 11527.6 11529.8 11531.3 11531.3 11536.5 11542.3 11543.9 11543.5 11542.4 11539.5 11537.3 11539.9 11542.3 11540.1 11536.5 11533.6 11531.8 11530 11529.1 11528 11526.9 11526.2 11525.6 11525.1 11525.3 11525.5 11525.8 11526 11526.3 11526.3 11526.4 11524.4 11522.5 11525.2 11528.7 11529.6 11531.9 11535.6 11538.8 11542.5 11554.6 11560.9 11567.6 11586.6 11593.6 11610.3 11608.9 11598.7 11581.2 11606.2 11663.5 11711.1
11517.8 11517.8 11518.3 11518.4 11518.2 11518.2 11517.8 11518.1 11518.3 11518.6 11519.2 11520.1 11521.8 11525.4 11528.1 11531.1 11534.7 11539.2 11544.5 11546.6 11548.7 11548.6 11547.3 11545.7 11543.2 11541.4 11542.9 11544.9 11540.8 11535.7 11531.6 11528.6 11527 11526.6 11525.4 11524.2 11523.5 11523.4 11523 11522.4 11522.5 11522.8 11523.3 11523.7 11524 11524.5 11525 11523.2 11524.3 11528.1 11531.9 11536.4 11538.6 11542.9 11547.5 11553.7 11559.3 11564.8 11568.4 11588.4 11589.7 11587.3 11580 11571.7 11584.8 11606 11628.6
11514 11514.9 11515.3 11516 11516.1 11516.4 11516.4 11516.9 11517.6 11518.6 11520.7 11524.9 11528.9 11529.6 11530.6 11533.6 11538.3 11545.2 11553.4 11556.6 11556.6 11552.2 11549.2 11547.1 11544.7 11542.5 11542.7 11543.2 11539.3 11534.1 11530 11526.7 11525.1 11524.7 11523.2 11521.6 11520.4 11519.9 11519.5 11519.2 11519.5 11520 11520.7 11521.4 11522.1 11522.9 11523.8 11523.1 11523.8 11527.7 11531.6 11536.1 11541.9 11547.2 11552.8 11557.5 11563.1 11559.7 11563 11571 11573 11574.4 11576.7 11578.3 11579.3 11585.6 11606.2
11511 11511.9 11512.7 11513.1 11514.1 11514.4 11514.6 11515.3 11516 11517.6 11520.2 11525.3 11532.4 11529.3 11530.3 11533.9 11539.2 11546.2 11553.4 11555.8 11555 11551.2 11548.2 11546 11543.8 11541.6 11540.5 11539.1 11536.4 11532.7 11529.3 11526.3 11524.9 11523.8 11521.7 11519.3 11516.8 11515.8 11515.4 11516 11517 11517.7 11518.4 11519.2 11520 11520.9 11519.8 11521.6 11524.4 11528.2 11530.1 11533.4 11538.7 11544.1 11548.9 11551.8 11556.5 11560.1 11566.6 11562.3 11565.8 11569.8 11576 11587.1 11582.5 11587.1 11603.3
11509 11509.8 11510.6 11511.2 11511.7 11512.3 11513.2 11513.2 11514.1 11515.2 11516.8 11518.4 11518.4 11522.6 11527.1 11531.9 11537 11542.9 11547.9 11548.8 11547.5 11546.8 11545 11542.7 11540.4 11539.3 11538.7 11537.6 11535.7 11533.4 11530 11526.5 11524.6 11523.2 11520.7 11517.9 11514.5 11508.3 11511.7 11513.7 11514.9 11515.7 11516.4 11517 11517.7 11518.6 11517.4 11519 11521.7 11524.2 11526.3 11528.8 11532 11535.9 11540.1 11541.7 11545.7 11552.9 11557.8 11554.8 11559.8 11565.3 11570.3 11571.5 11584.2 11595.5 11605.4
11507.8 11508.4 11509.2 11509.8 11510.5 11510.9 11511.5 11512 11512.9 11513 11513.2 11513.1 11512.5 11517.4 11523.6 11529.2 11533.7 11537.5 11540.6 11542.3 11541.9 11542.7 11541.9 11539.5 11537 11537 11537 11537.8 11536.6 11534.8 11531.1 11527.4 11525.1 11523.1 11520.4 11517.9 11515.9 11515.8 11513.1 11513 11513.6 11514.1 11514.5 11515 11515.5 11516.1 11514.3 11515.9 11517.4 11519 11520.7 11521.7 11523.6 11526.4 11531.1 11534.2 11538 11541.9 11547.2 11549.7 11555 11561.1 11567.7 11573.6 11586.5 11604.2 11605.2
11507.1 11507.8 11508.6 11509.4 11509.8 11510.3 11510.6 11510.9 11511.4 11511.5 11511.4 11511.1 11511.7 11515.9 11522 11527.6 11531.7 11533.9 11536.4 11539.3 11540.1 11541 11540.5 11538.9 11537.1 11536.6 11536.1 11537.4 11536.6 11534.2 11531.2 11528.5 11525.5 11522.7 11520.4 11518.4 11516.6 11514.9 11513.9 11513.1 11513 11513 11513.1 11513.2 11513.3 11513.4 11511.3 11512.3 11512.7 11513.9 11514.9 11515.8 11517.4 11519.5 11525.1 11529.4 11533.2 11537 11541.2 11545.5 11550.3 11556 11563.3 11569.3 11576.9 11593.6 11590.2
11506.8 11507.9 11508.9 11509.4 11510.2 11510.5 11510.9 11511.1 11511.1 11511.1 11511.1 11511.3 11512.8 11516.5 11522.2 11528 11532.5 11535.2 11537.6 11540 11541.4 11541.4 11540.8 11539.9 11539.2 11538.2 11537.2 11537 11535.5 11532.4 11529.9 11527.8 11525.2 11522.8 11520.7 11518.7 11517 11515.5 11514.1 11513.1 11512.8 11512.4 11512.1 11511.8 11511.4 11511 11508.6 11508.3 11508.2 11508.8 11510.1 11511.9 11514.7 11517.5 11521.5 11525 11528.8 11532.9 11536.8 11540.8 11544.5 11548.4 11552.5 11555.5 11555.2 11552.1 11564.5
11506.9 11508.3 11509.3 11510.1 11510.8 11510.9 11511.2 11511.1 11511.4 11511.5 11511.6 11512.2 11513.7 11517.4 11523.3 11529.7 11535.8 11540.5 11541.8 11542.1 11542.7 11541.8 11541.1 11540.9 11540.7 11539.9 11538.5 11536.8 11533.8 11530.7 11527.9 11525.6 11524.2 11523 11521 11519 11517 11515.4 11514.3 11513.3 11512.6 11511.8 11511.1 11510.4 11509.6 11508.7 11506.3 11505 11503.7 11502.7 11504.1 11507.5 11511.4 11513.6 11517.9 11521.7 11525.9 11529.5 11533.1 11536.3 11539 11540.7 11540.2 11542.4 11542.3 11543.7 11550.3
11507.1 11508.3 11509.6 11510.7 11511.4 11511.9 11512.3 11512.2 11512.4 11512.6 11512.6 11513.4 11514.9 11518.5 11524.6 11531.9 11539.5 11545.1 11545.1 11542.8 11540.8 11539.6 11540 11541.2 11542.5 11541.9 11539.3 11536.6 11533.4 11529.2 11525.5 11523.3 11522.8 11522.4 11521.1 11519.2 11517 11515.5 11514.5 11513.5 11512.5 11511.4 11510.4 11509.3 11508 11505.6 11504 11502.3 11500.4 11499.1 11500.2 11503.5 11507.7 11512.2 11516.5 11519 11522.9 11526.6 11530 11533 11535.2 11536.5 11536.2 11536.6 11536.3 11538.2 11543.8
11507.7 11508.7 11509.7 11511 11511.7 11512.7 11513.1 11513.3 11513.6 11513.8 11513.9 11514.6 11515.9 11518.9 11525.3 11533 11541.8 11550.3 11546.2 11541.5 11537.6 11535.9 11537.5 11540.2 11543.6 11543.5 11539.5 11535.4 11530.9 11526 11522.2 11520.5 11521.1 11522.4 11521.5 11519.4 11517.4 11516 11514.9 11513.8 11512.7 11511.5 11510.2 11508.8 11507.2 11504.1 11502.1 11500.1 11498.1 11496.7 11497.5 11500.1 11504.4 11509 11513.5 11517.5 11521.6 11525.4 11528.8 11531.6 11532.7 11534.9 11536.9 11536.1 11535.7 11538 11542.8
11508.3 11509.3 11510.6 11511.4 11512.4 11513.3 11513.9 11514.4 11515 11515.2 11515.6 11516.3 11517.3 11519.4 11525.4 11532.3 11539.3 11544.9 11542.7 11538.3 11533.7 11531.4 11533.8 11537.1 11540.9 11541.6 11537.8 11533.2 11526.3 11521.6 11518.5 11517.6 11519 11520.6 11520.4 11519.2 11517.5 11516.7 11515.7 11514.7 11513.4 11512 11510.5 11508.9 11507 11503.5 11501.3 11498.8 11496.5 11494.2 11493.7 11497.1 11501.6 11506.3 11510.9 11515.6 11519.4 11523 11526.3 11529.2 11532 11534.6 11536.1 11536.5 11537.5 11539.9 11543.5
11509.6 11510.6 11511.6 11512.5 11513.2 11513.7 11514.6 11515.4 11516.3 11517.1 11517.8 11518.7 11519.6 11521.3 11526.1 11531 11534.5 11536.1 11537.5 11535.1 11530.9 11527.8 11529.9 11532.4 11534 11534 11532.7 11530.3 11523.9 11518.8 11515.6 11515.3 11516.9 11518.2 11518.6 11518.8 11519 11517.9 11517 11515.8 11514.4 11512.8 11511.1 11509.3 11507.2 11503.6 11501.1 11498.6 11495.9 11493.4 11492.2 11495.4 11500.1 11504.6 11509 11513.6 11517.5 11521.1 11524.2 11527.3 11530.3 11533.7 11536.9 11536.9 11538.9 11541.4 11544.5
11510.6 11511.5 11512.3 11513.3 11513.9 11514.2 11515.3 11516.4 11517.5 11519 11520.3 11521.6 11523.1 11525 11528.3 11531.6 11533.3 11534.3 11535.2 11533.9 11530.9 11527.7 11528.3 11528.1 11526.6 11525 11525.4 11525.4 11521.9 11518 11514.9 11515.3 11516.5 11516.8 11517 11518.8 11519.3 11519.3 11518.3 11517.2 11515.5 11513.8 11512 11510 11507.9 11504.2 11501.7 11499.2 11496.7 11494.5 11492.9 11496 11500.1 11504.3 11508.3 11512.3 11515.9 11519.3 11522.4 11525.3 11528.2 11530.9 11533.4 11535.7 11538.3 11541.5 11545
11511.2 11511.9 11512.9 11513.8 11514.3 11515.4 11516.5 11518 11519.5 11521.2 11523 11524.8 11526.9 11529.1 11531.9 11534.5 11535.5 11536 11535.9 11534.8 11533.3 11532.5 11529.3 11525.4 11521.1 11517.2 11517.8 11518.9 11518.7 11517.8 11517.7 11518.3 11518.6 11518.1 11518.2 11520.7 11522.1 11521.1 11519.9 11518.6 11516.8 11515.1 11513.2 11511.2 11509.1 11505.5 11503.1 11500.7 11498.7 11497.3 11497.2 11498.8 11501.5 11504.9 11508.3 11512 11515.3 11518.5 11521.2 11523.8 11526.5 11528.9 11532.1 11534.7 11537.8 11541.6 11545.5
11511.7 11512.5 11513.7 11514 11514.8 11516.3 11517.4 11519.4 11521.3 11523.4 11525.9 11528.3 11531.1 11533.6 11536.5 11539.3 11540.3 11539.6 11538 11536 11534.5 11534.3 11529.4 11523.9 11518.6 11513.7 11513.7 11514.4 11516.3 11519 11523.3 11522.9 11522.1 11521.8 11522.2 11523.7 11524.1 11523 11521.3 11520.1 11518.2 11516.3 11514.4 11512.4 11509.1 11506.7 11504.7 11502.7 11501.2 11500.4 11501 11501.8 11503.5 11506.3 11509.7 11512.4 11515.3 11518.2 11520.5 11522.9 11525.5 11527.9 11531.1 11534.3 11538.1 11542 11546.4
11511.8 11512.9 11514 11515 11516.6 11517.7 11518.6 11520.6 11522.9 11525.4 11528.2 11531.6 11535.2 11538.9 11542.5 11545.2 11546.2 11543.6 11539.8 11536.2 11533 11529.2 11525.9 11523 11519.5 11516.3 11514.7 11513.7 11516.2 11520.1 11527.3 11525.3 11524.6 11525.4 11527.6 11527 11525.9 11524.6 11523 11521.5 11519.6 11517.7 11515.6 11513.7 11510.7 11508.8 11507.2 11505.5 11504.1 11503.2 11502.8 11503.7 11505.6 11508.1 11511.2 11513.3 11515.8 11517.9 11520 11522.5 11525.1 11528 11531.4 11534.7 11538.2 11542.9 11547.2
11511.7 11513.1 11514.8 11516.1 11517.8 11518.5 11520.3 11522.4 11524.9 11527.1 11530.2 11533.8 11538.1 11543.4 11548.2 11548.8 11550.5 11545.4 11539.9 11535.3 11531.1 11526.6 11524.3 11523.5 11522.3 11520.8 11518.7 11516.1 11516.9 11519.4 11521.7 11524.1 11524.8 11525.9 11527.5 11528 11527.4 11526 11524.3 11522.5 11520.8 11519.2 11517.5 11514.9 11512.9 11511.2 11509.7 11508.3 11507.1 11506.2 11505.5 11506.1 11508 11510.3 11513 11514.6 11516.6 11518.1 11519.9 11522.3 11525.1 11528.4 11532.4 11536.5 11540.6 11544.3 11548.1
11511.9 11513.7 11515.1 11516.5 11518.3 11519.8 11521.8 11523.7 11526.2 11528.3 11531.4 11534.9 11538.7 11543 11546.4 11546.2 11546.1 11542.2 11537.7 11533.6 11530 11526.8 11525.4 11525.4 11526 11526.7 11525.2 11520.9 11519.1 11519.7 11520.9 11522.9 11523.8 11524 11523.7 11526.7 11527.8 11526.6 11524.9 11523.4 11521.7 11520.1 11518.6 11516.4 11515 11513.2 11512 11511.1 11510.2 11509.5 11509.2 11509.7 11511.3 11513.5 11515.1 11515.9 11517.3 11518.5 11520.4 11522.5 11525.1 11528.8 11533.7 11538.8 11542.9 11545.9 11548.7
11512.4 11513.9 11515.1 11516.7 11518.1 11519.6 11521.8 11523.7 11526 11528.7 11531.6 11534.6 11537.5 11539.8 11539.7 11539.1 11536.8 11536 11533.9 11531.3 11528.8 11526.8 11526.1 11527.2 11529.3 11532.1 11532.1 11527.3 11524.3 11523.5 11522.7 11523.1 11523.2 11522.9 11522.5 11526 11527.2 11526.1 11524.5 11523.5 11522.1 11520.7 11518.9 11517.8 11516.6 11515.2 11514.5 11513.8 11513.4 11513.2 11513.5 11514.3 11515.2 11516.3 11516.7 11517.2 11518 11519.3 11520.8 11522.4 11524.7 11528.5 11534.9 11541.4 11545.2 11547 11548.7
11513.3 11514.2 11515.3 11516.4 11517.5 11519.2 11520.7 11523.2 11525.4 11528 11530.6 11533.3 11535.4 11536.9 11536.9 11533.7 11530.7 11530.5 11530 11528.9 11527.6 11526.4 11526.2 11528.1 11530.8 11533.8 11534.5 11531.2 11530.2 11528.4 11525.9 11524 11522.8 11522.7 11523.8 11525.4 11526.1 11524.9 11523.8 11523.7 11522.6 11521.6 11520.2 11519.1 11518.2 11517.3 11516.9 11516.6 11516.5 11516.8 11517.7 11519.2 11519.1 11519.1 11519 11519.2 11519.6 11520.5 11521.3 11522.3 11523.9 11527.6 11535.8 11544.3 11546.9 11546.7 11547.3
11514.3 11514.5 11515.2 11516.2 11517 11518.1 11519.8 11522 11524.4 11526.7 11529.1 11531.3 11533.1 11534.4 11534.1 11529.8 11526.5 11526.7 11526.8 11526.7 11526.3 11526.2 11526.8 11528.3 11530.4 11532.6 11533.5 11532.6 11532.7 11531.2 11527.9 11524.1 11521.7 11521 11523.1 11526.4 11524.5 11523.2 11522.6 11523.3 11522.7 11521.7 11521.1 11520.5 11519.8 11519.3 11519 11519 11519.3 11520 11520.9 11522.4 11521.9 11521.6 11521.5 11521.4 11521.4 11521.6 11521.9 11522.6 11523.5 11526.5 11535 11544.6 11545.3 11544.1 11543.8
11514.6 11514.6 11514.7 11515.5 11516.1 11517.2 11518.9 11520.8 11522.8 11524.7 11526.9 11528.9 11530.7 11531.9 11531.1 11527.4 11524.4 11524.3 11524.6 11524.9 11525.3 11525.8 11526.9 11527.8 11529 11530.4 11531.9 11532.3 11532.3 11528.6 11526.2 11522.5 11519.2 11516.8 11516.2 11519.1 11520.2 11520.5 11521.1 11522.6 11522.7 11522.2 11522.1 11521.9 11521.6 11521.2 11521.2 11521.3 11521.8 11522.4 11523.1 11523.8 11523.8 11523.7 11523.5 11523.2 11522.9 11522.8 11523 11523.4 11524.2 11526.9 11532.1 11537.1 11539.4 11539.4 11538.6
11514.7 11513.9 11514.1 11514.2 11515 11516 11517.7 11518.9 11520.7 11522.4 11524.2 11526 11527.7 11529.4 11530 11527.1 11523.5 11522.7 11523 11523.6 11524.4 11525 11525.6 11526.5 11527.2 11527.3 11527.1 11527.8 11529.5 11527.2 11523.8 11521 11516.9 11512.2 11507.2 11509.8 11515.4 11517.7 11519.3 11520.6 11522.3 11522.7 11522.9 11523 11522.8 11523 11523.2 11523.7 11524.1 11524.6 11524.9 11524.8 11525.3 11525.6 11525.1 11524.6 11524.2 11523.7 11523.8 11524.3 11525.8 11527.6 11529.5 11531 11533.9 11534.7 11533.9
