real_craters/C167-500m.grd
DSAA
256 256
-63.6475 63.6475
-63.6475 63.6475
9907.4065507776 12153.94699171
[rows 30 to 59 of 256, columns 0 to 67 of 256]
11179.5 11182 11185.2 11187.1 11190 11193.2 11196 11196.6 11199.5 11201.2 11202.9 11204.2 11204.7 11204.9 11205.2 11207.8 11212.3 11215.8 11220.5 11225.4 11228.4 11226.8 11224.9 11223.4 11222.5 11222.1 11223.2 11225.3 11226.4 11230.6 11233.5 11234.4 11235.1 11239.8 11245.8 11249.5 11250.3 11246.1 11242.5 11241.7 11244 11246.3 11248.9 11248.5 11250.6 11254.9 11258.7 11261.9 11264.3 11266.5 11273.6 11273.8 11270.7 11266.4 11262.1 11263.3 11263.9 11264 11264.6 11265.7 11266.5 11275 11281.1 11285 11282.4 11275.5 11273.7 11278.6
11182.6 11186.4 11188.1 11189.8 11192.4 11195.4 11198.2 11199 11201.7 11203.1 11205.7 11205.7 11206 11206.4 11206.7 11207.4 11208.8 11213.8 11219.2 11224.1 11227.1 11227.4 11225.4 11224.4 11224 11224.3 11225.4 11229.1 11233.3 11238.4 11242.2 11244.9 11248.1 11248 11252.5 11260.6 11258 11248.9 11242.3 11242.4 11246.5 11249.9 11252.5 11252.5 11257.4 11262.2 11265.9 11269.4 11273.2 11277.7 11284.5 11281.3 11277.2 11272.8 11269.9 11268.5 11266.7 11266.3 11266.4 11266.6 11267.6 11273.1 11279 11284.7 11287.1 11288.7 11288.5 11290.9
11184.4 11188.3 11190.1 11191.3 11193.9 11197 11200.2 11203.9 11202.8 11203.5 11204.7 11206.2 11207 11207.9 11208.5 11209.1 11209.8 11213.3 11217.9 11223 11226.8 11227 11225.5 11225.3 11225.5 11226.9 11228.7 11235.9 11244.2 11249.3 11251.6 11254.5 11257.7 11257.1 11259.5 11265.5 11261.7 11252.1 11243.4 11242.8 11245.7 11251.4 11259.4 11263.2 11267.7 11271.2 11274 11276.9 11281.6 11286.5 11287.3 11286.9 11282.6 11278 11273.7 11270.2 11268.5 11268.2 11268.6 11269.5 11271.1 11273.3 11276.5 11283.2 11287.3 11292.4 11300.5 11301.8
11185.3 11187.2 11188.1 11191.4 11194.6 11198.1 11201.1 11202.9 11203.2 11204.3 11205 11206.9 11207.7 11208.3 11209.5 11210.2 11211.3 11213.7 11217.6 11219.9 11225.4 11227.1 11227 11225.6 11226.2 11228.6 11234.7 11241 11249.3 11255.2 11258.6 11260.9 11264.5 11266.2 11267.9 11267.1 11264.5 11257.5 11247.2 11245.5 11248.6 11255 11266.5 11277.9 11278.7 11280.1 11281.8 11282.9 11283.2 11292.2 11297.8 11291.8 11286.6 11281.9 11275.7 11270 11269.6 11269.9 11270.8 11272.4 11275.6 11275.5 11276.4 11281 11285.4 11292.4 11302.2 11307.1
11185.7 11188.7 11188.5 11191.7 11195.1 11198.6 11202.8 11204.3 11205 11206.3 11208.6 11208.2 11208 11208.6 11210.7 11213.8 11212.6 11214.7 11220.5 11227.1 11228.7 11228.9 11228.4 11227.5 11226.3 11227 11231.4 11241.7 11254 11263 11262 11262.9 11264.5 11265.9 11268.3 11276.1 11279.2 11267.2 11255.3 11252.3 11255.5 11260.6 11268.4 11281 11285.6 11287.5 11289.2 11290.8 11291 11291.8 11292.4 11292 11289.1 11285 11280.1 11272.9 11271.6 11271.8 11272.9 11274.7 11276.1 11277.6 11278.5 11280 11285.4 11293.8 11305.8 11312.4
11185.8 11187.2 11189.8 11192.6 11195.3 11198.1 11201 11205.7 11206.4 11207.7 11208.5 11208.4 11208.3 11209.3 11212.2 11215.9 11215.4 11216.8 11222.2 11229.1 11230.5 11230.6 11230.1 11229.2 11227.5 11226.3 11230.2 11240.5 11251.1 11258.1 11260.5 11262.1 11263.1 11263.1 11265.1 11275.8 11281.8 11274.9 11269.1 11264.4 11266.4 11269.2 11271.8 11283.8 11290.6 11293.1 11295.6 11299.1 11304 11298.6 11294.8 11293.7 11291.9 11288.2 11281.9 11276.6 11274.7 11274.7 11275.7 11277.2 11279.1 11281.4 11284 11283.8 11286.3 11293.9 11304.3 11311.6
11186.4 11187.9 11191.4 11193.7 11195.3 11197.2 11199.4 11203 11206.8 11210.4 11209 11207.4 11208.1 11209.8 11213.4 11217.2 11219.5 11221 11222.9 11225.2 11230.3 11232.5 11233.2 11232.7 11231 11228.4 11231.7 11240.7 11247.9 11251.9 11257.1 11260.3 11262.3 11262.3 11261.2 11269.8 11274.2 11275.3 11279.3 11279.2 11278.3 11280.8 11283.6 11289.3 11294 11297.5 11300.1 11302.7 11302.9 11301.5 11297.4 11296.4 11296.6 11294.6 11288.3 11280.4 11277.8 11277.4 11278.3 11279.7 11281.5 11283.8 11286.3 11286.9 11284.7 11292.6 11301.6 11307.5
11187.8 11189.9 11193.8 11194.7 11195.8 11197.3 11199.7 11203.6 11212.2 11217.5 11218.5 11209.1 11207.8 11210.6 11214.6 11221 11225.4 11228.5 11227.7 11229.1 11233.3 11236.6 11238.5 11239.7 11239.2 11236.4 11239.4 11246.1 11250.2 11252.2 11257.1 11259.8 11261.7 11265.6 11264.7 11273.1 11266.2 11269.9 11275.5 11285.1 11285.3 11287.7 11298.8 11295.7 11298.5 11302.6 11303.9 11303.9 11304.8 11305.8 11304.8 11300.3 11303 11303.6 11296.4 11284.9 11281 11280.2 11281.1 11282.5 11284 11285.5 11289.1 11290.8 11291.4 11297.7 11306.8 11315
11188.4 11190.8 11193.2 11195.2 11196.5 11197.6 11199 11208.2 11224.3 11223.7 11226.1 11213.4 11209.1 11211.4 11215.4 11220.6 11226.8 11233 11232.1 11234.7 11238.6 11242.5 11245.7 11249.7 11252.9 11253.7 11254.5 11255.9 11257.7 11261 11260.7 11260.2 11260.6 11265.4 11281.3 11273.1 11263 11263.8 11269.4 11278.4 11284.5 11291.9 11308.4 11310 11310.1 11309.3 11309 11306.5 11304.7 11309.6 11311.5 11310.7 11309 11308.7 11299.8 11288.2 11283.4 11282.7 11283.8 11285.8 11288.1 11290.3 11292.6 11295.6 11297.1 11303.9 11313.5 11323.8
11187.6 11191.1 11193.8 11196.2 11197.3 11198.5 11200.2 11207.1 11216.9 11219.7 11218 11210.8 11210.9 11212.5 11214.5 11218.4 11224 11230.9 11237 11241.4 11244.8 11248.3 11252.6 11258.4 11266.2 11277.4 11270.3 11265.2 11263.7 11263.6 11262.1 11260.5 11259.1 11258.7 11262.6 11262.3 11258.4 11259.7 11264.4 11270.4 11279.1 11289.6 11301.1 11311.9 11313.5 11312.8 11314.7 11317.4 11316.3 11313.2 11314.3 11321.7 11309 11297.7 11293.1 11287.2 11284.6 11284.8 11286.6 11289.6 11292.7 11295.1 11294.5 11297.4 11302.1 11307.8 11315 11322.9
11182.9 11188.4 11195.4 11197.2 11197.7 11199 11201.1 11204.6 11209.5 11213 11213.1 11212.8 11213.4 11215.3 11218.4 11219.8 11222.4 11230.4 11241.8 11247.5 11250.2 11253.7 11258.2 11263.2 11269 11274.6 11273.5 11269.9 11267.1 11264.4 11262.7 11260.9 11258.9 11258.7 11258.9 11259.1 11258.8 11260.6 11263.7 11266.7 11274.4 11283.6 11290.8 11299.9 11305.5 11312.5 11317.6 11320.8 11319.2 11313.3 11306.4 11306.3 11301.9 11294.7 11290.7 11287.1 11285.5 11286.7 11289.4 11293.1 11297 11300.8 11300.4 11300.3 11306 11309.7 11313.3 11314.5
11185.4 11188.4 11193.2 11195.9 11197.3 11198.6 11200.7 11203.8 11206.7 11210.2 11211.3 11213.2 11214.9 11217.7 11221.9 11223.7 11225.2 11230.2 11239 11248.4 11253.9 11258.3 11262.2 11265.7 11266.8 11266.5 11271.2 11271.3 11269.8 11267.8 11265.8 11262.3 11259.1 11256.8 11257.3 11259.8 11263.1 11265.1 11266.3 11268.8 11274.5 11283.3 11291.4 11297 11303.7 11312.4 11318.3 11323.2 11319.2 11311.9 11305.2 11297 11299.4 11298.2 11293.8 11288.8 11287.1 11289.2 11292.4 11295.8 11299.6 11302.8 11302.1 11303.8 11307.3 11310.2 11313.2 11316.2
11188.4 11189.9 11192.7 11195.2 11196.8 11198 11200.2 11203.6 11207.7 11210.1 11210.7 11211.7 11215.5 11218.5 11222.4 11227.5 11234.7 11244.3 11246.5 11253.1 11258.1 11262.7 11266.7 11269.7 11270.9 11270.7 11272.7 11273 11271.5 11271.1 11269 11263.4 11260 11257.7 11259.9 11264.8 11267.5 11268.7 11269.7 11272.1 11275.5 11279.3 11287.1 11297.5 11309.3 11313.6 11316.8 11317.2 11316.2 11310.6 11303.9 11304.2 11305.5 11305.3 11299.3 11293.3 11290.8 11292.2 11295.3 11299 11302.1 11303.7 11302.6 11305.3 11307.7 11309.7 11312.9 11317.5
11189.2 11190.7 11192.7 11195.2 11196.7 11198.4 11198.1 11203.9 11208.4 11211.1 11212 11213.5 11216.7 11219.3 11222.9 11233.3 11251.6 11263.6 11262.8 11259.7 11262.6 11265.9 11269.7 11273.5 11278.2 11279.9 11277 11275.1 11272.3 11268.1 11263 11263.7 11262.8 11261.9 11265.9 11272.8 11272.3 11271.7 11272.2 11273.5 11276.4 11276.4 11280 11293.2 11306.5 11311.7 11315.7 11316.2 11315.2 11310.3 11303.6 11301.2 11307.7 11312.7 11304.7 11298 11294.5 11296.3 11298.8 11301.6 11304.3 11307.2 11307.3 11303.4 11304.4 11307.4 11311.3 11315.4
11189.3 11191.1 11192.7 11193.6 11197.5 11200.1 11203.7 11207 11211.4 11213.8 11213.9 11214.7 11217.8 11220.1 11223.5 11234.5 11261.1 11264.4 11261.9 11261.6 11264.6 11267.9 11271.8 11274.9 11277.6 11279.6 11279.4 11278.1 11275.2 11271.2 11267.7 11267.6 11267.2 11268 11272.6 11277.7 11276.7 11274 11275.6 11276.5 11276.4 11277.7 11279.9 11289.1 11295 11309.4 11318.7 11320.2 11318 11312.6 11307.2 11301.4 11301.2 11308.4 11307.1 11303.4 11301 11301.6 11302.3 11303.6 11305.5 11307.8 11311 11303.9 11302.4 11305.9 11309.8 11313.2
11192.4 11193.2 11195.2 11197.9 11200.2 11202.9 11205.7 11209.4 11213.3 11215.7 11216.1 11216.6 11219.3 11221.6 11225.2 11232.8 11246 11253.4 11256.9 11260.5 11265 11269.4 11274.1 11278 11276 11279.8 11282.3 11281.5 11280.1 11277.9 11276.9 11273.8 11271.9 11272.5 11276.5 11281.9 11282.1 11280.7 11281.1 11282.5 11281.8 11280.6 11286 11293.1 11303.2 11315.6 11325.9 11329.1 11321.4 11314.1 11307.9 11301.8 11301.8 11307.5 11308.6 11308.8 11309.9 11306.7 11305.5 11305.4 11306.5 11309.7 11317.6 11314.3 11305.7 11307.5 11310 11311.8
11194.7 11195.9 11198.2 11200.9 11202.9 11204.8 11207.2 11211.2 11215.3 11218.1 11217.8 11218.3 11220.7 11223.4 11227.5 11234.7 11242.8 11249.5 11252.7 11259.3 11264.1 11269.4 11275.9 11284.8 11294.8 11290.3 11286.8 11285.4 11284.5 11283.9 11282 11280.4 11276.8 11273.3 11273.2 11283.8 11287.5 11286.4 11285.6 11286.2 11285.8 11285.5 11287.4 11296.5 11311.8 11319 11325.4 11327.1 11320.3 11313.8 11307.3 11301 11306 11309.5 11310.9 11311.5 11310.8 11309.5 11307.5 11306.4 11306.7 11309.9 11322.9 11320.6 11310.6 11311.2 11312.5 11312.8
11196.4 11198 11200.5 11203 11205.4 11207 11209.5 11212.8 11216 11217.7 11218.9 11219.4 11221.3 11224.8 11228.6 11233.3 11238.9 11243.4 11252 11257 11261.9 11267.2 11273.5 11281.9 11290.1 11290.6 11287.7 11287.3 11288.1 11289 11290.5 11288.3 11282.8 11276.4 11272.5 11288.4 11293 11289.5 11288.9 11290.1 11289.2 11287.6 11288.7 11296.3 11305.2 11311.5 11313.8 11315.4 11315.1 11312.8 11310.7 11310.2 11310.3 11312.1 11313.4 11313.9 11314.8 11312.2 11309.1 11306.9 11306 11308 11318.5 11318.8 11316.5 11316 11315.8 11316.2
11197.5 11199.9 11203 11205.9 11208.7 11209.5 11211.4 11214.5 11217.3 11219.7 11220.4 11221.4 11224.5 11226.5 11229.2 11232.4 11236.7 11237.1 11247.6 11253.6 11258.4 11262.6 11267 11271 11274.9 11280.8 11283.8 11285.7 11288.7 11292.2 11296.9 11295.4 11290.6 11286.4 11283.6 11293.4 11296.5 11293.4 11292.7 11295.2 11295.9 11292.9 11293.7 11298.3 11304.4 11307.9 11306 11307.2 11309.3 11310.6 11312.4 11319.4 11317.8 11315.7 11315.9 11315 11314 11311.4 11310.1 11308.7 11306.6 11305.8 11312.2 11315.8 11322.5 11319.3 11318.5 11319.4
11197.9 11201.4 11205.3 11209.1 11211.1 11212.4 11214.6 11217.1 11219.3 11221 11222.5 11223.2 11223.6 11227.7 11230.2 11232 11235.6 11237.5 11242.7 11249.8 11254.8 11258.5 11261.1 11262.8 11266.2 11273.5 11281.6 11286.7 11292.3 11295.6 11298 11298.5 11297.7 11299.3 11300.5 11303.9 11303.4 11300.5 11298.3 11300.3 11300 11296.1 11294.9 11297 11303 11304.9 11299.8 11301.2 11305.1 11308.4 11310.4 11308.3 11314.3 11319.7 11319.2 11316.7 11311.3 11310.8 11313.5 11312.8 11310.1 11308.3 11310.7 11313.4 11317.7 11318 11318.5 11320.7
11199.1 11203 11207.3 11211.5 11214 11216 11217.9 11220.2 11222.4 11224.1 11226.2 11227.5 11228.3 11230.8 11232.9 11234.1 11235.7 11236.5 11242.2 11248.2 11252.6 11255.8 11257.7 11258.8 11262.6 11271.9 11280.6 11288.3 11293.5 11296 11298.9 11298.8 11299.5 11306.7 11328 11332.1 11318 11314.1 11311.9 11306.7 11298.7 11297.1 11296.1 11295.6 11299.6 11296.6 11292 11297.2 11302.8 11308.2 11313.2 11320.1 11330.8 11326.5 11323.5 11321.9 11321.2 11321.8 11321.2 11320 11317.6 11314.9 11316.3 11315.1 11314.1 11314.7 11315.4 11318.1
11201.6 11205.1 11209 11212.6 11215 11218.4 11220.8 11223.5 11226.4 11229.5 11231.4 11232.8 11233.5 11235.7 11237.7 11239.1 11240 11241.8 11245.2 11249 11252.5 11254.8 11256.7 11258.4 11264.3 11271.6 11278.9 11283.6 11289.5 11295.4 11299 11298.5 11292.5 11289.4 11309 11313.1 11324.4 11313.4 11318.6 11311.7 11307.4 11306.6 11305.9 11307.3 11303.5 11298.6 11296.1 11297.6 11301.5 11306.5 11313.9 11323.8 11330.5 11326 11325.2 11326.7 11329.7 11331.5 11329.2 11327.1 11326.5 11322.5 11314.9 11311.3 11312.2 11308.9 11309.2 11311.9
11204.2 11207.1 11210.6 11213.8 11216 11219.7 11223.1 11226.5 11230.1 11233.9 11236.3 11238.1 11240.3 11241.7 11242.8 11244.7 11246.1 11247.9 11248.7 11250.4 11252.9 11255.3 11258.2 11261.4 11267.4 11271.8 11277.1 11283 11289.4 11294.8 11300.8 11301.8 11279.8 11250.5 11199.6 11184.4 11235.1 11295.7 11313.3 11310.6 11305.9 11306.8 11308.7 11310.8 11306.7 11305.1 11300.3 11298.8 11300.7 11304.2 11310 11315.5 11314.9 11317.8 11323.6 11328.3 11332.9 11334.9 11332.8 11329.2 11326.5 11321.1 11311.7 11303.2 11294.8 11296.6 11301.2 11304.3
11205.8 11208.7 11212 11215.4 11219.2 11221.9 11225.6 11229.2 11232.9 11236.6 11239.3 11241.6 11245.1 11245.8 11245.8 11247 11247.4 11248.2 11249.3 11250.8 11253.2 11255.9 11260.4 11264.4 11268.4 11274.3 11281.4 11283 11287.4 11293 11296.8 11289.7 11272.2 11243.4 11201.1 11203.2 11296.3 11312.5 11312.6 11306.3 11298.9 11298.6 11302 11302.6 11303.1 11301.7 11300 11298.8 11299.6 11301.7 11305.1 11310.4 11313.4 11316.8 11322.3 11327.7 11332.7 11337.9 11331.7 11326.5 11319.4 11313.2 11305.7 11295.4 11289.4 11291 11296 11300.3
11207.5 11209.8 11213.1 11217 11221.6 11224.8 11227.9 11231.3 11234.8 11238.3 11241 11242.2 11243.2 11245.1 11245.7 11246.8 11246 11245.6 11247.6 11249.1 11252.5 11256.8 11261.5 11267.6 11269.2 11276.4 11282.9 11288.2 11290.9 11290.2 11290.8 11287.3 11276.9 11266.4 11275.2 11326.7 11324 11316.5 11309.4 11306.1 11301.5 11296.7 11300.1 11301.7 11300.1 11298.5 11297.3 11297.5 11297.2 11297.6 11298.9 11303.9 11321.7 11318.4 11321.9 11325.2 11327.1 11325.3 11325 11321.9 11317.9 11307.6 11298.1 11291.5 11290.1 11291.5 11294.6 11300.2
11207.3 11210.3 11213.6 11217.2 11222.3 11226.6 11229.5 11232.8 11236.2 11239.1 11240.9 11242 11240.8 11240.3 11245.1 11247.2 11249 11248.1 11248.8 11249.2 11252.1 11255.6 11259 11263.4 11267.2 11272.5 11277.5 11286.7 11291.7 11292.5 11292.4 11288.8 11286.2 11285.6 11291.6 11293.6 11291 11298.9 11309 11308.3 11307.1 11307.7 11304.6 11299.6 11299.8 11298.7 11297.5 11296.1 11294.9 11294.5 11293.7 11295.6 11309.2 11317.4 11321.8 11322.2 11320.8 11319.2 11316.4 11313.7 11310.2 11299.2 11290 11285.7 11284.7 11286.7 11293.7 11301.7
11208.5 11211.7 11214.3 11217.3 11222.3 11227.3 11231.1 11234.5 11237.7 11240.4 11242.7 11243 11243.9 11246.2 11246.1 11247.3 11250.3 11253.4 11253.3 11251.5 11252.4 11254 11255.6 11258.8 11263.6 11268.6 11273.8 11277.9 11287.6 11295.5 11297.7 11297.7 11298.4 11296.2 11295 11291.4 11289.8 11294.3 11302.5 11306.2 11308.2 11312.7 11311.4 11308.7 11308.5 11306.7 11300.3 11296.1 11293.9 11293.1 11293 11294.6 11300.3 11319.2 11322.8 11317.8 11311.8 11308.1 11304.2 11302.3 11299.3 11291.9 11285.3 11284.1 11284 11286.6 11293.7 11302.8
11210.1 11213.6 11216.2 11219 11225 11228.9 11233.2 11237 11239.6 11241.3 11242.8 11243.3 11244.3 11245.2 11245.9 11246.9 11251 11254.4 11255 11253.8 11252.7 11252.5 11252.5 11255.6 11260.7 11267.4 11273.8 11280.3 11286.9 11293 11300.5 11312.5 11313.5 11304.9 11301.8 11302.8 11296.3 11297.2 11305.7 11311.5 11313.7 11314.6 11313.5 11316.4 11318.6 11309.2 11302.4 11296.2 11293.6 11293.8 11296.4 11301.3 11312.9 11329.9 11322.1 11311.2 11300.2 11288.9 11286.5 11292.7 11295.6 11293.4 11289.8 11287.9 11287 11290 11294.5 11303.2
11213.1 11216.7 11219.5 11221.7 11228.1 11231.5 11236.3 11239.7 11241.6 11242 11241.1 11243.5 11245.3 11245.5 11245.6 11245.3 11247.4 11251.5 11251.5 11252.6 11252 11251 11249.5 11252.7 11259.1 11266 11272.9 11280 11287 11294.7 11303.1 11313.6 11315 11306.3 11303.3 11304.5 11304.3 11308.1 11312.7 11317.9 11321.9 11323.9 11307.2 11319.6 11336.1 11326.7 11305.1 11294.2 11292.7 11294.9 11299.1 11304 11308.4 11316.8 11313.3 11302.6 11290.4 11278.4 11277.3 11288.1 11295.4 11296.8 11294.8 11291.3 11289.3 11288.8 11294.2 11303
11216.4 11220.3 11225.6 11226.6 11230.2 11237.1 11242.4 11244.2 11245 11245.2 11245.1 11247.7 11249.6 11248.9 11246.9 11245.9 11247.7 11250.8 11251.1 11253 11253 11250.7 11248.2 11252 11258.7 11265.5 11272.3 11278.9 11285.7 11292.8 11299.3 11303.7 11303.8 11300.5 11297.5 11295.6 11303.2 11315.5 11314.9 11314.2 11323.8 11317.6 11279.2 11305.3 11328.2 11330.4 11292.5 11288.5 11290.8 11294.3 11299.2 11302.8 11304.5 11306.2 11302.6 11294.8 11285.3 11276.8 11277.5 11289 11297.4 11300.4 11299.9 11299 11295.9 11291.7 11296.2 11302.2
