real_craters/C167-1000m.grd
DSAA
74 74
-36.37 36.37
-36.37 36.37
7977.4494978325 9998.0760796405
[rows 0 to 29 of 74, columns 0 to 66 of 74]
9046.3 9052.19 9054.38 9062.03 9064.65 9071.81 9087.84 9094.51 9099.22 9138.65 9143.66 9160.32 9178.88 9182.52 9157.64 9129.31 9107.51 9096.64 9095.82 9094.44 9106.21 9114.27 9118.81 9123.7 9124.1 9126.02 9133.2 9135.88 9131.46 9135.65 9154.95 9169.64 9172.9 9167.93 9169.3 9176.83 9180.57 9178.3 9168.67 9149.16 9134.25 9147.61 9157.14 9160.42 9159.51 9156.66 9151.54 9147.73 9154.02 9160.33 9166.31 9163.54 9165.63 9165.97 9158.91 9145 9152.51 9153.13 9133.81 9103.31 9100.01 9098.94 9101.4 9104.5 9111.45 9120.63 9131.53
9049.6 9046.44 9046.69 9050.78 9057.45 9092.27 9106.14 9118.32 9153.76 9164.23 9157.5 9152.53 9156.38 9190.57 9192.78 9170.82 9137.66 9100.21 9095.96 9107.98 9113.24 9117.29 9122.37 9125.75 9130.83 9135.28 9139.82 9140.39 9138.69 9142.81 9150.7 9178.37 9185.05 9192.8 9189.46 9197 9196.73 9187.7 9168.68 9159.62 9151.6 9156.96 9164.1 9155.63 9158.99 9161.25 9156.07 9148.95 9140.44 9147.48 9158.01 9164.43 9158.54 9147.02 9140.09 9128.45 9121.61 9124.63 9120.72 9109.03 9089.05 9095.61 9100.04 9097.99 9099.57 9106.69 9117.98
9047.36 9049.11 9049.89 9051.8 9051.46 9082.53 9104.91 9123.61 9132.16 9136.85 9146.69 9149.88 9180.65 9196.73 9182.43 9184.5 9175.35 9134.83 9109.93 9117.68 9127.71 9127.1 9129.56 9133.88 9139.11 9142.56 9143.9 9145.13 9144.84 9153.06 9165.77 9183.75 9203.58 9218.56 9226.53 9227.34 9221.18 9212.5 9197.72 9200.89 9210.2 9191.71 9196.41 9168.28 9174.23 9176.37 9163.67 9144.1 9128.04 9141.83 9156.87 9170.03 9160.58 9137.86 9137.34 9133.75 9113.38 9100.09 9100.73 9100.37 9095.34 9088.78 9090.43 9090.62 9088.98 9094.41 9103.8
9042.57 9045.32 9056.2 9059.25 9057.19 9062.01 9089.09 9104.6 9108.87 9110.7 9120.65 9137.72 9155.64 9186.62 9194.12 9191.53 9188.97 9168.04 9147.14 9132.41 9134.35 9137.46 9137.6 9139.57 9143.8 9148.17 9153.62 9155.06 9159.11 9173.51 9194.07 9220.36 9239.6 9246.21 9272.85 9253.72 9242.42 9242.02 9258.68 9267.62 9261.71 9271.07 9270.23 9241.48 9234.31 9205.27 9179.02 9149.06 9134.97 9149.88 9161.44 9164.48 9157.92 9153.31 9138.95 9126.73 9109.87 9102.86 9091.7 9085.54 9098.33 9089.47 9083.3 9085.99 9088.36 9091.77 9095.53
9042.82 9051.97 9066.94 9052.02 9054.31 9061.41 9078.98 9095.78 9098.86 9104.33 9115.93 9127.53 9146.15 9172.2 9199.29 9203.56 9193.91 9177.83 9177.16 9170.83 9153.16 9149.89 9149.32 9149.77 9149.48 9155.18 9157.74 9170.08 9179.9 9198.01 9220.39 9235.75 9246.68 9261.79 9272.96 9258.49 9249.96 9248.49 9254.43 9253.73 9253.4 9254.69 9267.67 9270.37 9262.27 9238.22 9206.66 9175.74 9171.72 9179.64 9176.74 9164.22 9145.65 9142.87 9133.94 9126.42 9117.66 9104.74 9094.48 9085.89 9090.02 9085.07 9081.07 9087.22 9094.96 9099.83 9093.85
9044.64 9039.94 9047.5 9044.5 9048.7 9053.8 9075.8 9094.73 9097.31 9105.17 9119.58 9130.65 9148.6 9177.15 9200.49 9211.78 9196.45 9184.47 9189.95 9203.72 9179.54 9166.99 9162.2 9163.7 9177.67 9180.55 9196.74 9199.39 9211.46 9223.9 9236.86 9249.7 9276.53 9271.51 9252.26 9250.46 9248.53 9244.49 9239.99 9236.19 9237.35 9235.03 9245.19 9246.23 9275.76 9258.29 9246.56 9241.98 9243.9 9225.16 9204.67 9180.07 9154.6 9136.23 9120.02 9109.35 9109.8 9104.63 9096.66 9104.63 9100.81 9089.29 9089.77 9092.39 9094.16 9093.9 9092.54
9044.49 9047.34 9050.85 9048.03 9049.67 9054.88 9073.81 9096.47 9104.24 9104.81 9111.29 9124.54 9152.94 9184.6 9196.13 9199.79 9203.49 9212.8 9232.88 9234.66 9203.45 9184.86 9177.14 9174.26 9176.05 9194.44 9214.7 9226.7 9237.81 9249 9254.71 9251.9 9260.9 9265.26 9248.76 9244.83 9242.72 9238.25 9232.82 9230.86 9230.4 9243.4 9248.07 9251.93 9266.99 9263.95 9264.91 9291.99 9301.68 9259.55 9231.91 9212.57 9202.72 9171.99 9136.79 9112.4 9102.23 9089.3 9091.14 9106.19 9116.5 9110.24 9102.09 9098.96 9098.69 9094.95 9097.01
9051.25 9049.49 9049.81 9051.64 9050.94 9053.24 9064.46 9088.6 9105.74 9096.52 9105.11 9120.76 9148.4 9180.22 9194.17 9203.92 9205.38 9232.93 9259.89 9257.74 9234.3 9213.68 9203.95 9191.26 9187.82 9201.83 9224.61 9250.62 9266.14 9275.32 9281.02 9283.69 9267.17 9269.43 9257.51 9247.14 9240.53 9233.14 9224.56 9215.02 9218.21 9216.55 9212.41 9213.62 9251.22 9252.85 9258.21 9263.48 9274.59 9263.73 9246.62 9233.11 9224.58 9220.56 9184.82 9147.58 9108.26 9096.83 9091.1 9080.05 9084.04 9108.62 9101.66 9100.76 9104.03 9109.88 9102.41
9054.26 9048.71 9053.9 9054.35 9054.27 9053.62 9055.78 9066.29 9107.34 9093.85 9103.45 9114.19 9145.5 9172.7 9193.17 9204.85 9212.6 9213.78 9234.85 9264.22 9257.83 9244.44 9228.69 9214.72 9208.81 9220.99 9242.85 9279.91 9299.21 9295.3 9300.83 9304.18 9294.03 9284.4 9267.2 9253.35 9244.98 9236.19 9223.48 9208.51 9213.56 9216.13 9214.84 9219.2 9220.16 9232.92 9242.01 9249.41 9259.57 9255.33 9248.86 9242.14 9233.32 9236.78 9230.28 9195.7 9153.56 9126.33 9117.29 9092.53 9087.1 9086.46 9093.15 9099.22 9102.8 9101.44 9100.94
9078.09 9059.48 9058.83 9060.8 9060.84 9056.38 9054.33 9069.49 9106.32 9095.62 9097.52 9109.97 9139.55 9175.02 9196.02 9207.09 9221.16 9221.62 9214.61 9244.36 9266.31 9266.24 9258.07 9243.19 9235.88 9239.93 9253.16 9268.32 9287.16 9296.71 9306.38 9322.33 9322.7 9305.57 9279.69 9263.79 9255.52 9245.28 9234 9226.99 9228.49 9232.43 9235.06 9238.44 9223.67 9227.74 9230.47 9234.93 9240.91 9241.48 9243.42 9247.64 9254.74 9250.07 9246.86 9232.79 9216.73 9168.69 9141.36 9110.58 9098.6 9082.66 9091.94 9102.28 9104.57 9102.69 9098.59
9097 9091.98 9091.4 9080.13 9063.97 9059.98 9056.88 9072.87 9110.07 9092.69 9093.49 9113.22 9142.74 9174.73 9196.4 9203.39 9212.26 9215.82 9217.77 9233.67 9260.94 9278.39 9274.54 9273.49 9265.42 9254.37 9257.34 9266.61 9278.34 9291.19 9298.71 9311.76 9315.16 9304.06 9291.86 9282.51 9270.59 9259.21 9248.4 9242.56 9244.56 9254.4 9254.51 9247.43 9232.94 9231.42 9228.57 9218.94 9217.21 9228.91 9235.34 9241.33 9248.87 9255.62 9263.9 9253.32 9233.55 9207.08 9191.19 9167.4 9144.72 9123.26 9123.36 9122.06 9112.58 9100.24 9091.21
9087.43 9095.43 9088.56 9089.27 9082.92 9069.74 9061.48 9081.4 9110.81 9092.17 9092.32 9106.61 9133.93 9172.13 9194.41 9197.67 9206.08 9214.63 9220.3 9229.01 9253.71 9283.72 9292.73 9292.9 9288.52 9284.24 9271.14 9262.5 9280.25 9295.95 9304.43 9318.39 9323.94 9315.98 9308.8 9300.72 9289.79 9276.26 9262.87 9253.12 9252.11 9262.01 9264.33 9254.86 9240.03 9239.58 9241.06 9241.34 9229.82 9230.22 9230.05 9226.89 9228.67 9253.34 9255.36 9256.58 9257.75 9241.53 9229.72 9219.98 9215.83 9202.61 9178.83 9154.98 9129.88 9102.55 9082.93
9091.24 9075.62 9088.03 9092.08 9091.57 9080.42 9076.41 9090.03 9104.32 9091.55 9085.58 9089.88 9122.88 9163.75 9187.37 9196.43 9206.74 9212.85 9218.27 9229.37 9244.53 9261.35 9287.75 9306.2 9297.21 9287.24 9288.28 9288.65 9299.2 9312.53 9327.4 9342.45 9344.85 9338.71 9334.48 9335.63 9311.15 9296.21 9278.34 9260.66 9252.76 9266.67 9271.79 9265.83 9255.75 9257.19 9251.25 9243.32 9239.12 9236.14 9233.06 9227.32 9223.51 9251.21 9244.7 9234.12 9227.59 9249.54 9262.44 9252.71 9243.48 9223.24 9217.51 9187.05 9154.84 9119.85 9089.99
9090.98 9084.96 9085.61 9089.83 9089.44 9083.29 9087.21 9099.69 9102.79 9093.93 9092.1 9104.94 9112.76 9148.67 9179.56 9193.66 9200.25 9200.69 9203.61 9226.4 9248.17 9272.7 9291.77 9290.95 9293.34 9295.73 9308.81 9320.67 9329.85 9339.18 9350.96 9382.29 9372.79 9371.55 9363.95 9338.15 9327.53 9315.23 9299.66 9280.12 9262.81 9266.41 9266.9 9278.14 9271.11 9282.61 9261.15 9250.12 9250.75 9250.84 9246.44 9239.49 9229.72 9223.67 9231.06 9242.02 9240.27 9250.48 9260.56 9263.83 9258.68 9248.99 9241.32 9215.51 9185.92 9155.13 9126.71
9071.38 9089.1 9089.16 9080.36 9079.65 9079.67 9076.65 9092.25 9098.6 9094.96 9091.44 9095.12 9110.38 9147.86 9183.01 9196.13 9204.19 9207.69 9214.26 9234.99 9255.17 9285.32 9284.96 9290.29 9292.81 9302.15 9326.57 9354.66 9356.95 9362.53 9379.04 9409.66 9431.55 9421.1 9403.04 9364.17 9357.23 9348.89 9336.33 9316.64 9304.55 9286.22 9280.59 9299.18 9297.7 9273.78 9263.43 9258.5 9268.43 9271.25 9260.39 9255.54 9255.11 9245.08 9242.41 9268.33 9276.05 9273.05 9274.27 9275.64 9274.04 9275.94 9258.34 9240.93 9219.5 9197.74 9177.52
9067.09 9078.86 9087.92 9076.19 9084.39 9085.46 9090.34 9090.18 9097.61 9099.19 9094.03 9094.9 9111.23 9149.39 9186.85 9200.66 9215.38 9219.16 9220.37 9237.71 9256.19 9265.7 9280.88 9290.83 9301.06 9318.59 9345.31 9369.5 9387.74 9403.48 9433.62 9468.48 9510.3 9457.17 9423.23 9407.16 9402.72 9399.62 9387.87 9371.57 9341.28 9319.11 9293.8 9292.36 9295.09 9308.88 9279.37 9269.37 9271.26 9267.99 9264.39 9261.38 9259.3 9257.94 9262.15 9277.41 9284.49 9295.57 9283.91 9282.09 9281.49 9270.16 9270.66 9261.4 9246.34 9234.68 9228.12
9065.18 9066.95 9075.05 9087.29 9084.01 9083.45 9090.27 9105.12 9106.8 9111.69 9109.84 9106.23 9120.17 9152.8 9179.86 9201.99 9212.18 9222.91 9234.5 9246.56 9265.53 9279.7 9288.25 9305.29 9316.6 9338.66 9367.84 9402.45 9436.52 9450.68 9463.05 9519.77 9513.89 9475.25 9437.11 9451.66 9467.27 9472.1 9461.43 9441.91 9408.78 9380.06 9340.54 9319.08 9320.24 9305.82 9295.44 9288.11 9278.04 9269.84 9267.75 9271.47 9271.73 9268.45 9270.91 9268.51 9282.56 9288.57 9267.14 9284.25 9292.92 9285.69 9288.22 9277.17 9264.5 9258.45 9257.16
9070.44 9068.2 9070.34 9084.11 9085.59 9085.83 9091.17 9102.02 9112.32 9120.68 9121.89 9111.47 9141.21 9165.63 9188.66 9210.64 9213.22 9223.5 9237.9 9257.7 9280.99 9302.63 9316.48 9336.36 9353.33 9375.01 9401.21 9447.36 9498.44 9517.78 9487.85 9420.6 9467.68 9456.13 9479.68 9529.67 9536.32 9537.09 9524.13 9507.73 9483.98 9458.04 9402.04 9337.57 9342.53 9344.69 9336.26 9314.44 9296.08 9276.58 9271.6 9274.41 9282.98 9279.74 9281.77 9287.44 9284.81 9283.21 9262.3 9275.07 9283.11 9284.64 9288.13 9276 9268.93 9267.43 9266.58
9077.94 9071.21 9070.51 9087.52 9090.42 9088.93 9091.21 9104.63 9112.54 9119.85 9119.69 9123.44 9155.96 9180.12 9202.58 9201.66 9218.72 9229.09 9240.3 9269.71 9298.77 9317.69 9342.63 9362.65 9384.77 9407.2 9440.84 9504.16 9585.4 9676.81 9709.04 9622.61 9554.96 9605.28 9592.86 9653.52 9633.2 9567.99 9508.33 9521.1 9573.77 9565.4 9474.75 9403.83 9391.66 9386.39 9356.74 9343.33 9319.76 9294.48 9280.64 9268.84 9281.31 9296.93 9291.1 9283.37 9272.23 9261.07 9272.24 9270.08 9267.47 9263.17 9249.72 9256.96 9263.69 9269.05 9274.76
9088.37 9080.38 9084.85 9099.96 9097.91 9090.4 9089.74 9099.47 9110.68 9120.98 9129.48 9145.49 9161.26 9184.87 9202.55 9201.88 9225.01 9244.62 9259.5 9290.15 9333.83 9358.97 9366.13 9389.35 9422.51 9435.6 9459.81 9541.3 9650.32 9765.01 9827.26 9810.05 9682.23 9669.64 9843.72 9687.57 9694.55 9489.74 9416.14 9457.56 9597.86 9692.24 9684.54 9618.68 9515.08 9461.49 9428.23 9388.92 9359.98 9332.63 9303.34 9285.65 9295.23 9300.07 9288.87 9283.15 9262.32 9239.92 9256.94 9269.32 9266.11 9262.77 9259.98 9255.77 9264.12 9273 9279.83
9080.34 9076.84 9080.02 9103 9100.84 9099.13 9096.6 9102.51 9111.17 9117.56 9133.13 9148.36 9169.04 9183.99 9196.76 9209.94 9216.59 9244.79 9283.13 9319.83 9343.24 9381.93 9411.52 9422.33 9449.03 9483.64 9500.26 9572.05 9666.63 9814.93 9833.07 9751.94 9565.36 9477.64 9333.15 9288.09 9216.57 9203.52 9215.13 9266.55 9338.06 9407.69 9604.95 9739.16 9638.61 9620.24 9477.9 9472.62 9417.76 9356.81 9312.08 9309.33 9323.22 9323.39 9304.59 9283.86 9273.09 9256.19 9253.54 9256.03 9257.59 9260.52 9273.4 9262.04 9266.32 9276.23 9286.69
9089.47 9081.28 9088.85 9094.94 9096 9095.94 9101.7 9108.59 9114.59 9122.64 9135.72 9146.97 9164.06 9178.79 9196.41 9214.49 9210.5 9234.52 9324.67 9369.61 9382.87 9426.12 9434.75 9474.26 9504.2 9587.73 9617.27 9566.88 9541.69 9544.94 9452.13 9302 9227.36 9103.54 8960.85 8922.14 8877.8 8948.12 8986.03 9017.68 9038.55 9075.48 9211.11 9221.13 9264.51 9558.32 9758.42 9607.55 9488.04 9394.81 9334.44 9322.82 9333.46 9320.91 9288.53 9285.55 9279.48 9265.82 9247.76 9240.51 9244.3 9243.39 9233.97 9249.95 9262.02 9274.44 9286.84
9099.08 9097.53 9095.32 9092.71 9095.61 9100.21 9102.65 9111.19 9119.23 9132.09 9147.71 9163.07 9168.94 9175.11 9172.92 9193.58 9208.81 9226.96 9329.42 9414.47 9483.17 9536.93 9577.64 9604.2 9584.84 9619.03 9630.98 9459.77 9334.79 9199.87 9104.17 9012.63 8933.86 8874.09 8828.03 8757.8 8755.01 8758.39 8783.12 8810.5 8823.12 8864.48 8933.64 9033.9 9074.87 9166.97 9521.67 9543.63 9499.93 9469.95 9408.51 9365.04 9354.52 9322.89 9288.6 9283.3 9270.49 9260.83 9245.85 9236.34 9235.16 9233.74 9230.16 9240.51 9254.87 9267.04 9272.01
9113.35 9123.33 9123.25 9111.75 9106.45 9105.49 9108.01 9114.73 9124.89 9135.27 9160.16 9170.33 9174.61 9181.94 9186.76 9183.51 9198.49 9237.33 9319.29 9410.92 9526.47 9601.71 9669.86 9704.72 9660.28 9481.4 9341.44 9248.07 9111.22 9010.57 8990.77 8839.57 8689.19 8510.67 8422.48 8488.94 8504.35 8521.15 8555.17 8596.55 8634.35 8673.26 8738.2 8832.58 9097.51 9002.18 9152.48 9326.17 9438.87 9553.03 9587.11 9494.59 9420.14 9349.8 9300.72 9285.88 9285.47 9259.86 9251.55 9231.92 9231.53 9235.62 9241.25 9241.48 9253.2 9258.34 9254.57
9140.29 9161.81 9158.45 9146.72 9132.44 9128.79 9120.92 9124.35 9136.09 9154.28 9177.99 9200.1 9187.01 9188.55 9199.52 9200.99 9213.19 9293.14 9334.14 9412.6 9519.94 9620.28 9694.55 9678.23 9481.47 9374.02 9224.08 9043.01 8879.32 8766.27 8682.9 8601.85 8508.73 8397.98 8304.68 8266.47 8263.68 8301.28 8367.4 8419.79 8456.57 8510.75 8577.56 8725.19 8908.04 8867.3 8968.94 9111.58 9322.94 9547.73 9695.3 9599.42 9434.96 9355.38 9307.19 9283.89 9267.42 9284.58 9262.09 9243.48 9240.22 9243.1 9247.63 9257.72 9259.78 9256.05 9253.59
9166.29 9180.74 9191.05 9180.72 9158.55 9141.94 9131.14 9132.19 9143.92 9162.87 9183.87 9195.85 9195.72 9199.23 9201.42 9199.97 9221.08 9268.5 9342.33 9447.51 9573.5 9731.88 9587.73 9367.18 9249.39 9127.39 9008.92 8871.96 8734.98 8653.89 8607.7 8438.04 8362.37 8296.84 8224.87 8180.93 8159.13 8169.47 8221.33 8273.27 8305.8 8318.46 8427.3 8615.71 8656.39 8715.62 8735.51 8915.47 9154.62 9430.27 9633.07 9600.36 9465.15 9370.92 9309.52 9275.76 9263.9 9285.7 9280.21 9261.88 9253.95 9252.8 9254.51 9257.53 9256.81 9257.09 9259.03
9166.47 9180.36 9198.21 9187.08 9169.12 9147.49 9136.32 9139.49 9143.8 9152.82 9173.41 9191.81 9197.03 9194.77 9198.88 9201.7 9232.76 9275.31 9378.47 9463.83 9600.92 9691.41 9446.77 9146.66 9076.74 9051.12 8880.55 8705.91 8550.17 8468.15 8337.39 8292.59 8243.7 8186.88 8154.84 8141.45 8098.86 8097.26 8136.9 8178.63 8207.85 8253.51 8337.55 8439.16 8526.34 8586.1 8607.13 8748.88 8939.22 9178.93 9568.38 9630.57 9509.06 9415.93 9327.25 9298.91 9279.19 9286.14 9301.1 9288.1 9271.58 9264.26 9256.67 9249.52 9248.38 9248.06 9250.31
9163.45 9172.39 9178.11 9182.11 9177.16 9166.68 9159.78 9154.76 9149.16 9156.59 9177.53 9205.31 9215.71 9220.16 9215.76 9212.27 9241.68 9321.91 9412.81 9503.19 9581.04 9491.08 9256.36 9029.09 8891.54 8786.44 8690.24 8543.4 8388.38 8287.9 8206.17 8186.68 8167.35 8138.88 8115.41 8104.04 8070.68 8060.22 8095.18 8131.97 8150.06 8167.7 8194.36 8227.8 8266.56 8368.85 8550.13 8598.91 8730.72 8889.08 9224.83 9591.92 9569.66 9479.25 9384.23 9345.16 9307.79 9307.93 9326.05 9310.47 9291.49 9277.97 9263.52 9253.46 9240.22 9239.58 9238.44
9162.78 9161.2 9171.57 9179.33 9180.13 9168.38 9167.91 9175.15 9182.56 9185.14 9196.17 9223.83 9243.98 9250.24 9241.56 9237.63 9265.8 9376.7 9442.02 9664.38 9573.4 9312.43 9087.38 8869.39 8761.59 8655.61 8535.98 8406.64 8289.26 8212.19 8172.2 8146.05 8135.22 8120.66 8112.75 8095.77 8066.69 8050.14 8076.84 8113.83 8138.83 8147.76 8169.3 8173.46 8193.82 8295.51 8507.71 8534.02 8607.88 8685.39 8911.83 9496.35 9709.16 9545.96 9438.08 9398.8 9347.14 9331.62 9332.3 9328.7 9313.51 9290.94 9268.96 9244.21 9244.42 9238.55 9233.29
9168.5 9161.39 9164.37 9171.07 9166.53 9150.34 9163.32 9193.51 9225.23 9210.21 9222.88 9242.47 9254.45 9266.54 9272.25 9233.44 9281.08 9406.83 9470.54 9630.22 9498.25 9160.12 8988.54 8781.73 8721.89 8608.89 8411.44 8284.72 8195.71 8158.23 8133.97 8133.26 8131.02 8126 8116.39 8129.71 8102.85 8071.23 8095.69 8125.94 8138.86 8133.71 8128.74 8147.81 8159.94 8199.55 8346.43 8493.65 8538.51 8619.51 8731.91 9212.41 9550.55 9557.47 9488.84 9460.73 9379.6 9361.89 9348.57 9345.75 9332.51 9301.32 9272.69 9251.35 9248.5 9235.74 9229.28
