real_craters/C167-500m.grd
DSAA
256 256
-63.6475 63.6475
-63.6475 63.6475
9907.4065507776 12153.94699171
[rows 120 to 149 of 256, columns 0 to 67 of 256]
11295.6 11299.6 11302.1 11303.1 11305.9 11310 11315.8 11324.3 11325.2 11324.3 11324.6 11325.5 11325.9 11326.9 11325.6 11320.3 11318.6 11319.1 11318.5 11317.5 11320 11325.7 11327.5 11329.8 11330.3 11324.2 11323.2 11321.5 11319.5 11316.9 11314.6 11313.6 11311.9 11311.2 11311.4 11311.9 11313.2 11314.4 11315.5 11316 11320.9 11324.9 11328.3 11328.9 11331.1 11339.8 11347.6 11355.3 11360.9 11364.2 11366.7 11373 11371.3 11358.9 11368.4 11369.5 11368.4 11366.6 11365.8 11366 11370.1 11379.4 11395.3 11411.7 11427.5 11442.5 11436.7 11426.8
11296.2 11300.6 11302.4 11302.2 11303.5 11305.1 11306 11304.4 11312.5 11319.2 11323.4 11326.4 11327.9 11325.4 11321 11322.1 11321.8 11321.3 11320.5 11321 11324.4 11329.8 11331.2 11334.4 11336.9 11335 11330.8 11326.9 11322.9 11319.3 11315.6 11313.3 11313.9 11313.7 11313.3 11313.3 11313.5 11314.9 11316.7 11319 11321 11323 11324.9 11326.5 11329 11335.7 11345 11355.8 11359.1 11363.2 11364.9 11368.2 11367.1 11366.9 11367.6 11367.1 11366.8 11366.2 11366.3 11367.6 11372.4 11385.4 11399.4 11412.2 11422.9 11430.5 11427.7 11421.8
11293.9 11295.3 11297.7 11299.5 11300.5 11300.9 11300.2 11299.3 11307 11315.4 11322.1 11327.6 11331.7 11334 11327.9 11327 11325.8 11323.1 11321.8 11323.3 11322.9 11325.1 11329.7 11334.4 11338.3 11336.3 11331.6 11328.6 11325.3 11322.7 11319.8 11317.9 11317.6 11316.9 11316 11315.5 11314.7 11316.4 11318.6 11320.5 11321.7 11322.2 11322.1 11324.1 11327.4 11331.9 11338.5 11344.9 11349.1 11353.9 11359.6 11359.6 11367.4 11369.8 11365.9 11365.9 11366 11366.5 11367.3 11369.3 11374.8 11392 11403.9 11410.3 11414.7 11415 11415.5 11414.3
11291.9 11294.1 11296.4 11297.5 11298.1 11298.3 11298 11299.2 11306.2 11314.2 11321.8 11329 11336.1 11344.8 11343.7 11335.5 11332.4 11330.4 11329.6 11328.4 11326.9 11324.6 11326.8 11330.6 11333.2 11327.4 11324.3 11327.5 11324.8 11326.2 11327.3 11325.6 11322.5 11319.9 11318 11317.5 11319.9 11319.5 11320.9 11322.4 11323.6 11323.5 11323.8 11325.5 11326.2 11328.6 11332.2 11335.4 11342.4 11354.1 11359.4 11361.2 11366.6 11369 11366.8 11365.6 11366.3 11367.7 11369 11371.9 11378.3 11403.5 11406.4 11406.4 11407.3 11408.5 11408.3 11407.7
11290 11292.8 11295.9 11295.6 11296 11297.1 11298.4 11302.6 11307.6 11314.4 11322 11329.6 11336.7 11340.6 11341.8 11340.4 11338.9 11337.4 11335.5 11334.5 11332.6 11328.6 11323.3 11324.6 11325.4 11326.1 11325.7 11319.2 11321.9 11327.3 11336.2 11332.1 11325.9 11322.1 11319.4 11317.3 11316 11319.9 11323.2 11326.4 11327.5 11326.1 11325.5 11327.6 11328.1 11328.8 11329.5 11330.7 11338.9 11352.6 11361.8 11362.5 11362.5 11361.3 11362.1 11365.3 11368 11369.7 11371.3 11374.5 11382.6 11395.8 11398.5 11399 11399.1 11397.9 11397.8 11401.2
11286.9 11290.7 11292.8 11291.8 11293 11295.5 11298.2 11303.7 11309 11315.3 11322.2 11329.5 11336.7 11342.8 11340.4 11344.4 11344.7 11344.1 11346.1 11338.1 11332.6 11319.7 11319.6 11319.4 11317.5 11323 11327.5 11319.8 11320 11323.9 11325.3 11327.8 11325.9 11323.4 11321.4 11318.5 11316.2 11321.4 11325.5 11328.7 11329.8 11329.4 11328.7 11328.2 11327.7 11327.2 11328.8 11331.4 11339.3 11356.2 11364.1 11361.1 11358.4 11357 11358.3 11367.6 11371.3 11372.5 11373.1 11374.2 11376.2 11377.5 11384.8 11389.9 11391.6 11391.5 11392.9 11398.4
11282.5 11284.4 11286.5 11285.5 11289.2 11293.4 11296.7 11303.5 11309.5 11316 11322.8 11329.7 11336.7 11344.7 11352.7 11352.8 11349.8 11346.4 11342.3 11338 11332.8 11326.4 11323.6 11319.7 11316.1 11316.5 11318.8 11319 11321.2 11322.6 11324.5 11324.1 11324 11323.7 11323.8 11325 11325 11325.9 11328.3 11331.7 11334.8 11334.4 11332 11329.3 11328.1 11328.1 11329 11332 11339.5 11346.2 11353 11354.1 11353.6 11363.1 11373.9 11378 11377.6 11376.4 11375.3 11374.4 11373.2 11374.2 11380.7 11385.5 11387.4 11388.4 11394.3 11395.7
11278.5 11277.3 11273.7 11279.6 11286.2 11292.5 11298 11304.5 11309.8 11316.4 11323.2 11330 11336.4 11343.2 11356 11357 11352.4 11347.2 11341.4 11337.7 11335.3 11334.9 11329.7 11321.8 11315.9 11315.6 11323.8 11327.2 11326.4 11321.5 11319.8 11322 11323.1 11323.6 11324.5 11328.7 11331.5 11328.7 11330 11332.6 11334.8 11335.8 11332.9 11330.2 11329.6 11328.6 11327.5 11331.5 11338.3 11340.7 11346.8 11351.8 11355.7 11372.4 11391.4 11387.9 11383.3 11380.5 11378.4 11376.8 11376.7 11379.7 11383.8 11386.3 11386.5 11384.2 11379.7 11393
11277 11277.3 11276.9 11280.9 11285.2 11290.4 11298.7 11303.8 11309.1 11316.3 11323.5 11330.4 11337.3 11345.5 11352.8 11355.2 11352.1 11346.9 11342.4 11337.3 11332.9 11331.8 11329 11322 11318.4 11318.4 11316.4 11319.6 11319.3 11319.8 11319.4 11321.6 11322.7 11322.9 11322.6 11321.4 11323.7 11327.5 11329.7 11331.4 11331 11332.1 11328.4 11321.2 11314.8 11315.3 11320.2 11327.1 11332.8 11338.3 11348.6 11356.5 11364.9 11374.9 11385 11385.4 11385 11383.5 11381.2 11379.6 11379.1 11381.6 11388.4 11389.5 11390.5 11391.2 11391.7 11401
11278.6 11279.9 11282.6 11284.7 11286.3 11286.7 11288 11299.7 11308.5 11316.8 11324.6 11331.5 11337 11343.9 11352.7 11354.9 11349.7 11343.9 11338.1 11332.1 11326.9 11321.7 11320.7 11319.4 11318.2 11317 11317.6 11317.4 11319.2 11323.2 11324.1 11323.9 11323.9 11323.2 11321.8 11320.5 11322.3 11326.3 11329.4 11331.8 11332.6 11334.6 11327.2 11314.6 11301.2 11304.4 11316.5 11325.6 11330.7 11336.9 11347.2 11359.3 11369.9 11374.1 11377.6 11382.8 11385.7 11385.4 11383.7 11382.1 11381 11381.5 11389 11392.9 11396.5 11402.7 11412.7 11415.9
11281.5 11284.7 11286.2 11289.3 11291.4 11291.1 11291.4 11302.3 11311.1 11318.2 11326 11333.3 11339.7 11344.8 11349.3 11349 11345 11339.3 11333 11327.4 11321.5 11315.4 11314.4 11317.3 11317.8 11316.8 11315.7 11321.4 11329.6 11328.9 11328.1 11327.1 11326 11324.8 11322.9 11321 11323.2 11326.6 11329.7 11333.4 11336.2 11335.7 11329.5 11323.5 11322 11323.5 11326.1 11329.5 11335.5 11339.1 11347.8 11356.3 11364.8 11376.3 11383.7 11387.2 11387.6 11386.9 11385.4 11384.3 11384.9 11388.7 11394.3 11395.1 11399.2 11407.5 11420 11422
11285.3 11289.3 11292.8 11297.3 11301.4 11304.5 11307.5 11310.2 11315.3 11321.3 11328.1 11335.3 11342.8 11345.5 11345.4 11344.2 11339.6 11333.7 11327.8 11322.4 11318 11315.3 11316.8 11319.2 11319.6 11319.6 11320.5 11326.1 11333.2 11332.2 11331 11329.9 11328.9 11328 11326.9 11325.5 11326.5 11328.2 11330.1 11332.6 11335.1 11332.6 11332.2 11332.1 11333.1 11335.5 11334.5 11333.5 11333.4 11338.2 11349.8 11360 11371.9 11382.6 11386.4 11389.1 11390 11388.3 11386.4 11385.2 11385.4 11387.7 11388.8 11392.1 11397.4 11404.2 11408.8 11415.1
11290.6 11296.4 11303 11310.4 11311.6 11314.8 11317.1 11317 11319.2 11323.3 11328.4 11333.9 11340.8 11341.1 11340 11339 11333.3 11327.8 11321.7 11316.4 11315.4 11318.4 11324.4 11320.4 11321.2 11325.7 11327.1 11329.2 11331.6 11334.7 11333.3 11331.6 11330.8 11331 11331.8 11330.8 11330.5 11329.8 11329.9 11330.5 11331.8 11333.2 11334.2 11336.9 11339.4 11339 11336.8 11337.4 11339.7 11346.9 11357.2 11366.4 11372.1 11379.4 11389.4 11395.4 11391.9 11388.4 11386.1 11383.8 11381.9 11380.5 11382.4 11387 11394.5 11402.3 11410 11419.6
11296.1 11302.3 11310.4 11317.4 11317.1 11317.7 11319.9 11321.6 11323.7 11325.9 11327.6 11329 11330.2 11331.8 11331.2 11327.4 11326.7 11322.8 11317.9 11313.2 11312.6 11313 11312.6 11315.7 11319.3 11322.4 11326.4 11326.1 11322.6 11328.5 11331.1 11330.6 11330.3 11331.4 11335.1 11339.4 11332.7 11330 11328.8 11327.8 11325.9 11329.6 11334.2 11338.7 11345.2 11341.9 11337.9 11340.8 11347.5 11355.8 11359 11367 11370.3 11376.5 11385.5 11390.5 11389.4 11387.9 11385.6 11382.6 11378.7 11373.2 11373.3 11381.7 11391.7 11402.5 11414.4 11427.7
11300.9 11307 11311.7 11314.3 11320.2 11321.9 11323.3 11325.1 11326.8 11327.9 11328 11325.5 11321.8 11324.4 11325 11328.3 11322 11320.1 11317.9 11314.2 11313.8 11310.5 11306.4 11312.3 11316.2 11321 11320.4 11317.6 11316.5 11323.6 11327.3 11328.4 11328.6 11328.9 11328.8 11328.9 11329.4 11328.4 11327.5 11327.1 11326.7 11329.9 11333 11335.4 11336.5 11335 11335 11340.4 11348.4 11356.6 11357.6 11357.3 11362.8 11367.9 11377.1 11380.6 11385.3 11387.1 11386.2 11383.5 11379.3 11374.3 11373.1 11379.9 11390.9 11403 11415.7 11429.2
11304 11310.1 11315.5 11322.8 11323.5 11323.9 11326 11327.6 11329 11330.3 11331 11328.8 11323.6 11323.1 11319.2 11312.4 11315.3 11319.7 11323.1 11324.1 11324 11317.7 11308 11312.1 11313 11310.2 11308.8 11312.3 11318 11323 11325.1 11326 11326.3 11325.8 11324.2 11324 11326.2 11326.5 11326.4 11326.3 11328 11330.2 11331 11331.2 11330.2 11329.6 11332.1 11336.8 11343.8 11352.1 11352.4 11350.4 11365.5 11376.3 11381.2 11381 11386.2 11388.5 11388.1 11385.9 11383.1 11381.1 11379.6 11381.5 11391.4 11403.9 11416.5 11426.1
11305.6 11312.5 11318.1 11322 11325.2 11323.9 11327.8 11329.4 11331.3 11332.9 11335.5 11340.3 11338.1 11327 11318.8 11311.8 11314.5 11321.1 11329.4 11340.9 11337.7 11329.8 11328 11318.8 11315.6 11313.9 11315.2 11319.8 11324.5 11325 11324.4 11324.5 11324.5 11324 11323.8 11323.8 11324.7 11325.3 11325.7 11325.5 11325 11328 11329.2 11328.6 11327 11326.9 11330 11331.5 11334.7 11348.7 11361.1 11373.1 11379.1 11392.7 11390.3 11391.7 11393.1 11392.8 11391.3 11388.8 11386.8 11386.4 11386.8 11383.1 11392.5 11405.8 11421.9 11440.4
11308.2 11314 11320.3 11327.6 11332.8 11336.4 11332.3 11331.2 11331.9 11333.7 11335.9 11337.5 11336.1 11329 11321.6 11317.3 11317.7 11322.2 11329.1 11336.8 11336.2 11332.2 11328.1 11322.2 11320.2 11321 11326.6 11327.9 11327.5 11322.3 11322.5 11323.2 11323.6 11323.3 11323.6 11324.1 11324.8 11325.6 11326 11326.1 11326.8 11328.9 11328.7 11327.6 11325.6 11324.6 11328.9 11325.6 11320.5 11320.7 11348.9 11375.2 11382.5 11385.3 11391.9 11398.7 11399.4 11397.3 11394.3 11391.4 11389 11386.9 11383.9 11385 11393.9 11406.6 11423 11441.6
11308.2 11313.6 11320.2 11325.8 11328.9 11331.6 11331 11330.6 11331.8 11333.5 11335 11334.1 11332.1 11328.6 11323.6 11319.4 11319 11321.4 11323.9 11324 11324 11327 11331.9 11327.5 11321.6 11321.7 11325.5 11330.9 11324.3 11318.9 11321 11322.9 11323.8 11323.7 11322.9 11324.3 11325.5 11326.2 11326.7 11327.5 11328.2 11328.4 11328.7 11327.7 11326.5 11326.6 11326.6 11322.4 11314.6 11311.6 11328.7 11363.8 11376.1 11382.4 11393.2 11402.3 11403.9 11400.5 11396.4 11392.6 11389.2 11387.5 11388.7 11389.7 11393.8 11404.2 11417.1 11431.5
11307 11313.3 11316.1 11319 11317.3 11318.7 11322.2 11325.4 11330.8 11332.8 11334.3 11336.8 11333.6 11329 11325.5 11323.1 11321.6 11320.6 11319.6 11317.9 11317.7 11320.3 11318.9 11315.9 11318.9 11320.2 11320.3 11322.5 11323 11321.4 11322 11324.1 11326 11326.9 11326 11327.2 11327.7 11327.6 11327.4 11327.9 11329.1 11330.9 11330 11327.7 11326.6 11327.5 11326.9 11322.7 11318.8 11318.6 11322.7 11338.9 11365.4 11387.4 11400.6 11405.7 11405.7 11401.3 11396.5 11392.3 11388.9 11386 11382.5 11382.7 11391 11400.5 11409.2 11415.2
11308.5 11311.2 11312.4 11312.9 11313.2 11314.5 11319.4 11324.4 11328.7 11331.4 11331.7 11330.6 11331 11329.4 11327.1 11325.5 11323.6 11319.9 11317.6 11316.3 11316.3 11316.8 11315 11313.5 11319.2 11320 11320.3 11322.7 11323.1 11322.1 11323.6 11326.8 11330.1 11332.9 11333.3 11332.7 11330.9 11328.9 11327.2 11327.3 11328.4 11330.8 11329.4 11325.9 11323.6 11322 11320.4 11320.2 11322.1 11324.9 11327.1 11337.4 11361.1 11384.9 11399.2 11403.3 11402 11398.2 11394.2 11390.2 11386.7 11384.3 11382.5 11383.4 11391 11400 11407.9 11414.3
11308.2 11309.6 11310.9 11311.7 11327.6 11313.1 11317.8 11323.3 11328.5 11331.7 11332.5 11330.3 11331.6 11330.5 11327.7 11324.3 11321.4 11318.1 11315.4 11313.3 11314 11315.7 11321.7 11328 11325.7 11322.4 11320.4 11322.4 11322.2 11322.2 11324.3 11328.2 11333.6 11339.5 11342.2 11338.2 11334 11330.1 11326.4 11321.3 11322.6 11323.9 11323.6 11323.2 11320.4 11316 11316.2 11319.8 11323.2 11327.9 11330.4 11342.3 11361.4 11384 11399.3 11397.6 11395.2 11393.6 11390.9 11387.5 11384.1 11382.1 11384.8 11387.9 11393.5 11403.1 11413.7 11425.2
11306.4 11308.4 11310.8 11313.5 11313.8 11313.6 11318.8 11323.8 11328.8 11333.8 11338 11339 11335.5 11332.1 11328.3 11323.2 11317.3 11316.7 11313.4 11309.2 11304.7 11312.4 11323.6 11336.1 11327.3 11323.5 11322.6 11319.6 11316.2 11318.8 11322.5 11327.7 11334.1 11342.6 11346.4 11340.6 11335.8 11332 11328.3 11324.8 11324 11324.4 11324.4 11323.7 11320.9 11317.3 11319.1 11326.1 11333.8 11339.6 11343.1 11349.8 11363.8 11378.2 11385.3 11389.8 11390.1 11390.1 11388.5 11385.2 11380.9 11377.1 11372.3 11377 11393.8 11407.8 11422.8 11439.3
11309.2 11311.1 11313.6 11315.9 11317.9 11317.7 11321 11325.3 11330.8 11336.7 11342.9 11344 11338.1 11333.2 11329.1 11326.5 11325.8 11318.3 11312.4 11308 11306.8 11309.6 11313.8 11313.5 11318.4 11320.2 11320.9 11317.9 11315.5 11317.7 11321.3 11325 11329.6 11336.4 11340.3 11337.6 11335.2 11333 11331.6 11330.8 11329.2 11329.5 11330.1 11327 11324.9 11324.4 11328 11336.4 11347.1 11353.1 11353.8 11355.2 11367.4 11375.6 11381.7 11385.7 11387.1 11388.2 11386.8 11383.6 11379.5 11375.5 11374.5 11383.1 11395.9 11413.1 11431.1 11451.1
11319.5 11321.6 11322.3 11321.3 11323.5 11320.1 11324.1 11329 11333.7 11338.6 11341.9 11341.7 11337 11332.1 11327.5 11325.2 11324.5 11315.8 11309.8 11306.8 11307 11306.5 11306.7 11306.2 11312.2 11316.6 11318.8 11318 11317.2 11319.8 11320.9 11320.4 11321.6 11321.3 11326.1 11331.5 11333.3 11333.4 11332.8 11333.9 11331.6 11331.2 11331.3 11329 11328.8 11331.7 11336.7 11343.4 11356 11361.6 11365.9 11370.5 11373.5 11376.8 11379.3 11385 11388.4 11389.1 11387 11383.1 11378.8 11375 11373.3 11378.6 11401.9 11418.6 11437.2 11456.5
11325 11329.3 11330.5 11325.8 11315.8 11321.2 11327.6 11332.2 11334.9 11337.3 11338.9 11336.9 11332.9 11327.8 11322.7 11317 11310.4 11308 11306.4 11304.7 11302.7 11303.4 11305.4 11306.6 11310.8 11314.8 11316.6 11315.8 11316.9 11314.7 11312.6 11314.6 11316.9 11317.8 11321.9 11328 11331.9 11333.7 11333.2 11330.9 11331.9 11330.5 11327.9 11328.7 11330.5 11333.6 11335.6 11335.4 11346.3 11359.2 11373.3 11377.1 11376.6 11375.7 11383.5 11384.1 11389.2 11390.9 11388.5 11384.7 11380.6 11377 11375.4 11379.4 11401.5 11420.6 11438.8 11456.5
11327 11332.3 11339.5 11344 11335.2 11333.5 11335.2 11335.6 11335.2 11334.6 11335.3 11332.2 11328.5 11323.5 11317.9 11310.7 11303.4 11302.8 11304.1 11304.3 11303.8 11304.9 11308.7 11311 11313.7 11315.8 11314.4 11311.4 11311.1 11306.6 11304.2 11310.7 11315.4 11319.5 11323.5 11327.6 11331.9 11335.8 11338.5 11337.5 11335.1 11331.5 11328.1 11328.7 11330.6 11333.3 11335.9 11336.5 11343.2 11349.1 11363.6 11370.9 11367.7 11368.1 11366.4 11377.3 11390.9 11393.8 11390.7 11386.9 11383.4 11381.1 11382.1 11390.9 11405.2 11421.8 11436.8 11452
11331.7 11339.4 11349.5 11365.5 11362.6 11354 11346.3 11341.4 11337.6 11332 11324.6 11326.3 11325.1 11321.4 11315.9 11309.5 11303.1 11302.4 11304.7 11306.7 11308.4 11310.9 11315.1 11321.1 11324.1 11318.8 11314 11310.5 11304.2 11303.5 11304.3 11313 11317.7 11319.6 11324.1 11328.2 11332.1 11336.9 11343.8 11345.2 11338.2 11333.7 11330.8 11330.1 11330.7 11332.1 11335.2 11339.4 11346.4 11352.3 11363.7 11367.7 11357 11364.5 11372.3 11381.4 11389.2 11392.5 11391.2 11388.3 11385.5 11384.1 11385.5 11390.8 11408.6 11423 11432.9 11442.9
11334 11340.4 11346.5 11351.4 11360.5 11360.1 11349.5 11344 11340.2 11336.1 11331.5 11327.8 11324.8 11321.1 11316.5 11311.7 11307.4 11306.9 11308.2 11310.5 11314.4 11318.4 11319 11322.1 11325.8 11318.9 11312.5 11308.7 11311.1 11314.4 11322.8 11320.9 11322.1 11322.8 11326.3 11328.5 11331.4 11334.4 11336.2 11338.4 11337.6 11335.1 11332.7 11331.7 11331.8 11331.1 11329.9 11337.1 11347.8 11358.8 11363.5 11362.6 11362.8 11367.1 11373.4 11378.9 11385.3 11391.3 11390.6 11388.7 11387.4 11386.8 11388.1 11393.5 11416.1 11422.5 11425.8 11428.8
11334.7 11341.3 11344.6 11336.9 11343.2 11347.3 11346.1 11344 11342.2 11341.5 11338.8 11332.6 11327.6 11323.4 11319.8 11316.1 11314.9 11313.5 11312.4 11313.7 11315.6 11316.4 11318.4 11319.6 11319.1 11315.9 11310.8 11307 11308.8 11314 11323.8 11324.2 11323.8 11325.5 11326 11328 11330.3 11332 11333.5 11335.6 11337.2 11337.3 11335.3 11334.9 11335.7 11334 11332.6 11341.1 11349.9 11354.6 11362.7 11368.7 11369.3 11367.9 11362.2 11363.2 11377.3 11386.5 11388.7 11389.5 11389.5 11389.6 11390.8 11394.7 11405.7 11414.5 11418.6 11418.5
