real_craters/C167-1000m.grd
DSAA
74 74
-36.37 36.37
-36.37 36.37
7977.4494978325 9998.0760796405
[rows 30 to 59 of 74, columns 0 to 66 of 74]
9174.17 9166.83 9165.81 9168.52 9164.52 9157.19 9171.35 9200.07 9225.83 9220.8 9245.85 9249.03 9252.39 9269.05 9299.62 9243.22 9321.68 9402.9 9440.96 9648.59 9426.98 9155.72 8877.71 8738.04 8639.56 8304.45 8243.88 8168.55 8114.05 8117.3 8109.1 8123.17 8134.85 8148.37 8169.1 8198.56 8179.58 8149.69 8164.17 8178.47 8171.35 8151.21 8136.94 8149.49 8170.27 8187.25 8218.48 8272.27 8436.59 8612.05 8702.7 8931.9 9273.24 9573.07 9555.59 9482.62 9437.45 9400.89 9390.29 9364.68 9332.61 9307.07 9279.04 9250 9232.8 9238.49 9228.34
9180.15 9179.57 9174.37 9169.95 9160.24 9162.54 9175.94 9194.12 9204.83 9211.93 9234 9239.09 9244.81 9282.56 9306.26 9288.09 9344.32 9414.11 9443.12 9739.28 9338.65 8979.44 8748.02 8644.04 8540.92 8228.1 8139.4 8081.73 8053.41 8063.85 8093.62 8119.65 8146.39 8177.38 8211.44 8260.4 8280.39 8288.7 8288.33 8265.66 8231.75 8189.83 8154.46 8161.92 8178.29 8185.23 8194.96 8219.67 8362.04 8560.08 8765.11 8940.72 9174.4 9530.12 9682.34 9639.15 9467.51 9442.42 9427.68 9390.41 9351.81 9320.42 9288.82 9261.77 9231.11 9236.65 9228.24
9177.45 9188.05 9183.28 9172.57 9160.05 9167.71 9176.13 9183.55 9191.84 9211.03 9226.68 9231.03 9244.9 9283.18 9303.01 9328.88 9398.25 9500.27 9651.96 9697.99 9311.92 8872 8680.32 8641.82 8524.2 8236.45 8109.74 8029.14 8000.17 8037.23 8077.81 8123.24 8171.44 8218.26 8265.78 8342.65 8399.48 8426.33 8415.4 8369.81 8309.51 8243.96 8187.52 8180.91 8181.21 8184.01 8192.17 8202.87 8356.95 8603.9 8654.21 8820.87 9128.75 9426.2 9718.48 9654.34 9509.28 9483.09 9464.42 9425.37 9380.58 9337.68 9298.12 9264.9 9240.98 9231.31 9225.76
9186.93 9199.29 9187.66 9176.07 9165.63 9164.64 9174.8 9178.68 9182.42 9196.63 9205.71 9219.66 9248.91 9306.63 9322.65 9364.58 9451.74 9583.21 9747.31 9679.57 9258.05 8823.93 8674.2 8630.74 8459.08 8244.24 8113.75 8015.51 7978.71 8000.75 8066.65 8140.51 8211.62 8279.86 8344.87 8422.73 8508.63 8539.23 8532.26 8474.04 8389.17 8298.85 8220.8 8190.63 8191.93 8194.92 8205.66 8240.32 8369.09 8570.54 8668.64 8723.58 9015.97 9365.77 9645.09 9599.82 9494.39 9526.88 9511.64 9454.52 9398.44 9340.14 9294.78 9261.94 9237.11 9222.97 9227.83
9184.32 9191.14 9187.98 9180.2 9177.22 9173.11 9181.45 9187.6 9182.73 9188.86 9194.25 9203.76 9223.09 9271.72 9335.55 9409.86 9481.28 9636.51 9815.31 9665.53 9123.13 8783.16 8662.59 8592.28 8512.21 8290.33 8128.44 8017.44 7977.45 8006.03 8082.71 8173.58 8261.69 8352.41 8440.84 8547.49 8629.18 8677.6 8661.48 8568.97 8457.45 8342.64 8248.79 8202.6 8199.6 8206.97 8219.94 8246.62 8349.41 8557.63 8606.39 8617.06 8910.89 9234.69 9538.14 9593.11 9517.77 9571.76 9553.14 9474.89 9387.18 9324.46 9287.26 9256.82 9238.57 9226.34 9216.54
9186.75 9186.25 9188.07 9189.23 9190.05 9186.7 9189.1 9183.02 9181.79 9185.03 9195.07 9200.91 9194.41 9229.84 9325.6 9438.99 9529.66 9700.72 9884.36 9585.11 9006.65 8751.62 8615.23 8501.44 8330.93 8229.22 8119.97 8024.69 7993.42 8036.89 8114.82 8211.49 8315.87 8425.65 8543.16 8672.47 8769.8 8822.98 8803.05 8633.66 8486.04 8360.28 8260.38 8199.65 8193.24 8214.24 8246.12 8279.02 8348.29 8422.67 8542.57 8609.04 8872.65 9236.62 9558.89 9639.95 9566.68 9611.28 9578.13 9488.68 9386.04 9314.18 9283.91 9261.12 9234.05 9215.38 9201.56
9187.21 9186.45 9190.36 9195.61 9194.21 9196.55 9202.59 9204.66 9198.39 9203.61 9205.88 9210.17 9217.59 9249.33 9372.86 9482.77 9607.3 9751.98 9857.7 9525.86 8970.32 8772.92 8680.64 8478.81 8269.34 8172.84 8106.96 8046.25 8016.99 8077.07 8138.2 8234.46 8344.85 8469.59 8608.68 8747.94 8934.04 8887.3 8755.79 8624.23 8479.04 8354.47 8248.39 8183.42 8193.76 8226.72 8260.56 8297.71 8337.02 8338.55 8514.58 8638.03 8851.58 9214.92 9583.38 9727.46 9643.3 9668.17 9607.11 9509.63 9403.74 9323.95 9286.84 9262.68 9227.75 9207.15 9197.01
9189.01 9187.58 9192.85 9202.1 9202.73 9226.36 9212.48 9207.26 9207.18 9209.05 9213.89 9221.61 9247.07 9318.46 9340.85 9446.09 9581.57 9710.81 9789.96 9452.18 8991.17 8851.98 8766.24 8562.76 8402.11 8196.79 8130.29 8085.37 8033.97 8058.94 8131.34 8238.67 8359.68 8493.33 8644.71 8832 9000.44 8850.59 8723.35 8585.24 8457.12 8343.05 8246.64 8187.22 8198.8 8233.97 8265.14 8297.31 8328.99 8356.52 8519.14 8673.94 8864.3 9188.66 9608.11 9733.59 9777.75 9721.49 9637.58 9533.63 9429.91 9349.84 9298.46 9270.45 9230.8 9215.92 9201.13
9186.68 9190.07 9196.53 9205.46 9221.54 9211.46 9207.18 9205.32 9209.92 9218.72 9220.49 9225.9 9245.07 9294.01 9313.67 9417.09 9541.2 9669.89 9769.06 9391.23 9020.11 8952.84 8890.6 8636.33 8422.05 8276.45 8187.92 8079.28 8009.86 8020.05 8108.96 8215.53 8334.65 8464.67 8603.89 8758.89 8825.68 8713.68 8618.63 8521.25 8418.86 8324.24 8246.38 8192.67 8197.95 8229.4 8266.04 8300.82 8329.22 8397.97 8485.39 8736.51 9089.13 9379.27 9723.91 9847.14 9812.7 9763.07 9666.58 9553.57 9448.9 9365.39 9325.3 9281.82 9245.27 9216.09 9209.97
9186.8 9193.56 9205.07 9219.33 9211.52 9200.3 9200.26 9208.29 9214.88 9220.95 9228.6 9237.15 9244.85 9241.26 9317.88 9383.67 9490.67 9562.01 9522.36 9284.08 9030.65 9011.21 8906.15 8659.3 8430.72 8355.49 8270.02 8166.33 7996.64 7990.24 8071.03 8187.01 8295.25 8412.99 8524.8 8627.31 8700.68 8598.43 8535.52 8462.89 8381.18 8306.87 8241.85 8196.68 8201.15 8220.72 8249.53 8272.74 8331.71 8453.23 8530.22 8885.56 9267.21 9425.34 9780.16 9896.46 9811.16 9762.69 9675.42 9565.14 9456.91 9362.57 9326.8 9288.83 9261.71 9254.7 9226.17
9185.98 9193.39 9202.63 9205.59 9202.65 9195.62 9196.67 9202.01 9205.75 9220.35 9233.83 9245.47 9246.59 9263.14 9306.77 9355.45 9439.89 9453.53 9316.84 9284.18 9088.86 9089.07 8975.13 8671.18 8441.33 8399.33 8323.78 8174.18 8013.25 7989.94 8066.75 8149.62 8238.38 8329.65 8405.73 8460.15 8502.59 8497.82 8453.48 8397.05 8335.67 8279.31 8231.69 8199.49 8205.77 8219.1 8236.53 8250.62 8305.73 8457.77 8673.64 9019.66 9288.72 9465.39 9851.47 9818.24 9828.5 9786.45 9669.56 9555.94 9450.98 9359.59 9325.18 9291.43 9269.14 9279.26 9249.91
9176.17 9187.51 9200.98 9202.78 9196.44 9197.45 9200.9 9207.32 9210.71 9219.76 9237.27 9256.99 9270.45 9288.22 9279.51 9363.66 9418.78 9394 9264.07 9280.17 9152.57 9084.89 9012.53 8825.23 8596.4 8468.2 8371.41 8207.98 8024.31 7998.93 8058.96 8120.2 8186.14 8244.24 8296.93 8352.48 8414.25 8401.64 8360.02 8318.88 8284.48 8250.82 8220.11 8200.93 8210.04 8222.64 8237.44 8246.45 8327.47 8609.77 8893.31 9123.9 9289.01 9564.97 9901.25 9847.55 9807.29 9731.76 9623.12 9526.58 9438.52 9369.71 9333.53 9303.08 9277.28 9261.13 9248.46
9171.5 9177.89 9183.1 9188.31 9191.41 9191.99 9193.84 9197.18 9199.39 9213.61 9236.52 9257.64 9270.89 9285.16 9290.02 9379.9 9452.2 9446.36 9320.67 9232.51 9169.17 9119.42 9074.98 8984.44 8748.7 8541.31 8368.6 8208.01 8054.57 8029.21 8066.3 8101.78 8143.32 8179.26 8213.56 8249.79 8293.74 8297.29 8267.35 8242.36 8235.23 8224.8 8212.15 8206.99 8211.63 8220.68 8238.49 8261.75 8370.62 8744.84 9029.64 9189.04 9307.76 9683.55 9998.08 9858.28 9719.06 9612.22 9544.92 9477.22 9413.93 9361.61 9327.81 9315.26 9295.58 9265.63 9252.08
9168.65 9173.05 9176.12 9181.32 9186.28 9186.02 9186.94 9192.66 9200.57 9214.65 9234.59 9248.56 9241.11 9262.41 9318.94 9421.33 9515.18 9590.32 9410.12 9198.05 9204.6 9180.58 9142.67 8997.38 8775.4 8535.71 8371.98 8241.33 8100.33 8070.76 8082.63 8098.04 8117.5 8135.21 8150.09 8156.63 8173.92 8206.76 8200.82 8189.33 8203.7 8209.63 8206.85 8208.44 8214.07 8220.65 8228.54 8278.07 8414.65 8707.58 9139.51 9213.74 9321 9780.78 9986.49 9813.03 9624.01 9518.43 9479.67 9434.7 9388.03 9347.31 9321.47 9312.47 9296.46 9284.17 9271.72
9175.97 9186.15 9183.83 9180.42 9185.65 9191.61 9199.69 9201.5 9201.57 9217.97 9232.55 9241.72 9239.43 9255.79 9317.73 9415.62 9548.26 9660.73 9529.62 9256.71 9252.93 9303.79 9212.97 9052.61 8846.36 8626.57 8470.59 8339.33 8181.53 8124.53 8120.22 8118.71 8121.3 8118.72 8113.89 8099.14 8098.68 8144.92 8166.75 8180.1 8193.08 8201.91 8204.73 8211.54 8227.44 8220.91 8239.87 8411.97 8577.54 8891.38 9165.58 9220.94 9390.05 9852.28 9861.8 9707.69 9594.65 9484.1 9446.98 9409.2 9370.4 9333.44 9308.62 9308.63 9294.28 9273.23 9286.25
9192.92 9209.32 9197.8 9192.34 9201.72 9203.64 9211.11 9203.53 9210.38 9225.38 9236.61 9238.83 9255.75 9277.64 9315.77 9382.07 9525.61 9669 9669.44 9435.36 9209.71 9270.48 9223.04 9087.13 8935.7 8805.18 8628.38 8483.55 8251.46 8195.3 8172.44 8152.75 8136.78 8118.99 8101.63 8081.55 8072.63 8116.02 8154.77 8175.92 8194.24 8207.15 8212.86 8226.61 8273.02 8274.84 8369.85 8644.28 8799.27 8992.78 9127.31 9274.22 9543.7 9908.07 9778.43 9635.05 9532.27 9488.05 9442.45 9401.49 9363.52 9328.65 9311.16 9312.4 9295.81 9275.19 9272.45
9193.53 9223.79 9152.28 9230.54 9220.83 9211.5 9204.69 9199.65 9217.27 9232.77 9246.24 9254.47 9263.59 9293.97 9321.54 9394.89 9513.99 9648.41 9746.37 9697.17 9377.13 9240.22 9184.79 9101.15 8984.01 8855.51 8723.63 8555.94 8363.47 8282.46 8246.1 8211.74 8180.73 8149.36 8120.24 8090.65 8075.82 8111.77 8153.69 8183.13 8209.67 8229.85 8242.38 8272.83 8319.59 8389.78 8530.72 8703.6 8854.32 8972.11 9188.22 9503.81 9741.79 9752.87 9684.59 9591.47 9505.83 9472.5 9438.11 9399.74 9363.1 9328.24 9307.3 9328.82 9300.57 9282.2 9286.13
9180.4 9198.63 9192.05 9202.62 9212.31 9206.44 9200.16 9201.84 9215.78 9235.2 9253.69 9271.19 9290.55 9305.28 9329.86 9399.65 9503.4 9615.95 9716.65 9739.78 9671.42 9419.94 9257.96 9176.81 9042.46 8916.32 8785.67 8562.27 8437.37 8363.07 8334.29 8292.83 8254.46 8218.92 8174.88 8133.38 8095.31 8110.52 8169.24 8213.12 8245 8266.22 8289.3 8330.96 8399.02 8510.89 8636.93 8834.68 8957.1 8997.91 9357.37 9822.26 9858.7 9711.47 9657.92 9565.41 9501.99 9477.48 9443.19 9402.91 9367.19 9332.35 9301.55 9300.28 9299.17 9285.77 9261.74
9194.66 9192.23 9193.23 9198.36 9198.54 9196.44 9195.95 9200.84 9214.15 9231.21 9258.67 9290.34 9296.55 9310.63 9330.3 9392.86 9483.61 9605.47 9723.88 9735.93 9725.47 9644.56 9507.16 9351.99 9163.85 8921.05 8764.2 8584.23 8521.74 8475.05 8427.26 8393.2 8348.05 8302.94 8263.71 8213.39 8152.11 8172.09 8253.72 8313.64 8334.71 8316.72 8315.37 8385.76 8475.68 8642.05 8884.49 8936.75 9006.93 9161.6 9563.9 9857.47 9813.28 9717.74 9565.88 9542.47 9508 9478.68 9441.05 9398.32 9367.06 9344.33 9333.26 9336.46 9307.64 9276.01 9257.03
9206.7 9200.21 9197.69 9196.43 9193.32 9191.44 9197.54 9214.18 9216.63 9229.36 9251.15 9277.68 9284.79 9293.03 9331.84 9389.59 9471.91 9575.86 9695.76 9721.02 9724.1 9752.11 9873.61 9640 9361.29 9085.59 8877.87 8777.56 8662.02 8602.26 8545.67 8492.85 8453.36 8404.67 8359.03 8311.02 8279.2 8416.53 8431.46 8418.21 8404.77 8403.24 8420.53 8495.57 8610.76 8768.49 8939.65 9059.19 9246.68 9487.53 9724.36 9728.3 9682.86 9623.61 9544.49 9529.9 9501.15 9458.52 9414.97 9374.62 9349.41 9339.68 9351.61 9341.3 9316.98 9279.42 9243.35
9196.75 9194.6 9184.51 9185.7 9192.32 9196.77 9202.81 9208.86 9214.69 9222.45 9243.33 9260.33 9274.95 9293.97 9309.17 9366.38 9443.7 9524.08 9595.43 9645.82 9652.33 9640.3 9718.26 9692.5 9551.08 9335.05 8956.8 8818.48 8813.74 8737.97 8695.4 8635.13 8602.51 8550.41 8487.5 8381.52 8431.75 8550.75 8546.83 8554.55 8577.28 8525.04 8545.98 8665.89 8791.88 8951.09 9124.59 9339.27 9704.65 9822.2 9626.62 9576.23 9577.56 9530.82 9497.2 9496.18 9461.44 9406.97 9363.6 9346.4 9320.73 9301.49 9318.5 9325.85 9306.33 9281.35 9245.41
9193.01 9190.07 9185.17 9187.44 9195.98 9203.27 9201 9205.75 9210.45 9221.39 9232.84 9236.79 9254.13 9296.73 9302.94 9359.04 9445.81 9490.63 9518.28 9568.02 9586.65 9588.53 9596.28 9662.49 9691.06 9698.95 9319.15 9030.17 9039.27 8983.63 8936.4 8879.98 8820.28 8752.19 8700.27 8584.47 8563.43 8558.81 8609.18 8680.41 8635.68 8707.03 8760.68 8906.02 9050.28 9207.84 9476.45 9767.97 9868.18 9746.45 9597.81 9546.28 9573.43 9561.87 9510.13 9450.65 9421.37 9390.51 9363.38 9329.22 9291.27 9239.3 9183.7 9229.77 9281.43 9288.73 9266.86
9198.77 9195.23 9193.06 9195.93 9200.63 9201.92 9198.2 9198.51 9205.74 9216.96 9227.42 9235.15 9274.71 9284.08 9307.18 9370.83 9446 9485.32 9519.21 9538.71 9555.61 9570.87 9596.74 9637.42 9701.28 9774.7 9741.28 9456.07 9320.95 9157.96 9113.77 9050.6 9001.89 8938.87 8905.46 8797.13 8778.73 8720.2 8889.7 8960.34 9021.29 9023.98 9098.57 9215.23 9379.51 9609.25 9710.13 9837.37 9746.28 9622.48 9493.48 9484.3 9568.96 9584.74 9549.77 9464.35 9413.52 9387.07 9368.61 9323.7 9271.47 9215.99 9155.35 9201.72 9295.49 9310.9 9279.18
9201.78 9204.75 9198.3 9200.43 9205.51 9210.36 9198.93 9205.79 9214.69 9217.8 9226.58 9245.07 9269.41 9279 9318.53 9378.05 9431.46 9472.71 9507.99 9540.1 9555.4 9568.65 9561.91 9591.14 9624.39 9674.9 9834.73 9762.85 9592.33 9458.6 9287.83 9236.68 9174.26 9152.96 9126.86 9068.14 9092.39 9139.11 9132.9 9193.16 9200.35 9354.09 9441.71 9490.34 9589.96 9670.25 9663.81 9649.67 9598.07 9547.36 9486.67 9454.76 9544.16 9562.74 9513.7 9451.79 9406.82 9385.4 9377.98 9328.73 9281.94 9252.41 9268.64 9371.58 9412.65 9367.66 9282.04
9209.5 9211.57 9206.52 9207.81 9207.01 9208.82 9206.71 9223.32 9237.7 9235.03 9245.59 9265.75 9267.63 9290.46 9326.31 9372.94 9416.08 9446.77 9496.82 9569.94 9587.75 9557.5 9534.62 9527.31 9540.93 9587.18 9634.49 9626.42 9671.67 9651.62 9484.96 9407.06 9333.29 9290.68 9290.35 9238.27 9338.24 9436.46 9488.21 9498.04 9537.42 9662.37 9689.4 9650.77 9673.21 9716.37 9669.35 9647.77 9559.9 9453.86 9412.09 9434.43 9509.01 9512.16 9445.9 9405.31 9389.29 9373.32 9374.14 9333.64 9301.27 9300.54 9354.78 9539.12 9545.98 9425.3 9292.78
9249.23 9235.1 9232.21 9218.37 9207.96 9199.25 9217.23 9227.43 9230.25 9251.66 9265.6 9277.3 9283.58 9300.25 9318.8 9342.92 9386.9 9412.67 9450.47 9522.11 9578.08 9591.47 9525.25 9487.56 9477.99 9503.12 9566.95 9556.78 9582.84 9598.43 9513.13 9481.09 9476.56 9456.92 9473.95 9436.25 9515.75 9653.33 9757.52 9590.77 9605.44 9686.92 9684.62 9654.29 9645.16 9630.53 9608.71 9580.6 9545.35 9487.62 9467.2 9507.27 9544.49 9508.5 9434.89 9398.09 9371.78 9361.25 9336.45 9324.33 9309.31 9307.95 9366.19 9489.73 9547.4 9405.57 9274.17
9225.43 9208.8 9222.06 9216.43 9219.91 9213.11 9205.82 9242.62 9235.32 9247.25 9270.77 9278.02 9297.01 9296.78 9307.08 9318.33 9354.1 9391.69 9429.33 9506.03 9516.83 9503.08 9492.69 9469.66 9433.85 9444.6 9466.13 9516.99 9533.49 9531.45 9491.58 9495.03 9483.47 9490.74 9489.68 9509.28 9556.25 9555.78 9520.49 9514.14 9512.69 9510.43 9561.67 9576.46 9573.95 9572.13 9557.84 9526.35 9503.59 9496.15 9532.12 9553.37 9501.19 9433.04 9401.72 9363.97 9351.6 9344.91 9335.98 9323.67 9309.09 9293.04 9278.96 9281.87 9321.09 9310.44 9236.46
9204.89 9193.22 9198.23 9210.39 9203.26 9202.53 9220.96 9271.51 9255.45 9248.56 9267.49 9263.45 9295.2 9299.01 9308.04 9314.64 9326.11 9341.37 9389.13 9442.19 9459.69 9456.32 9432.11 9399.74 9403.9 9432.92 9500.54 9504.03 9512.18 9513.23 9511.17 9525.58 9527.16 9533.31 9533.12 9553.57 9540.43 9500.53 9499.87 9489.92 9470.79 9448.01 9479.68 9498.04 9495.3 9478.88 9468.32 9476.81 9463.3 9513.52 9551.69 9506.75 9410.35 9379.22 9360.73 9331.99 9332.12 9332.03 9330.33 9324.43 9314.33 9299.86 9279.69 9252.31 9254.7 9252.95 9230.67
9215.88 9222.92 9224.23 9226.42 9219.91 9231.23 9248.24 9269.99 9269.34 9269.14 9270.76 9265.87 9298.12 9315.76 9318.4 9316.56 9315.51 9314.77 9353.84 9398.93 9414.84 9415.56 9404.4 9373.54 9382.78 9432.76 9483.44 9475.1 9483.85 9486.64 9501.45 9511.04 9510.05 9510.32 9497.23 9488.6 9475.27 9447.56 9463.61 9472.17 9484.3 9480.9 9465.92 9463.43 9454.62 9432.2 9434.92 9452.32 9470.95 9445.06 9428.07 9414.48 9368.47 9352.2 9325.55 9316.11 9317.99 9320.51 9321.68 9319.7 9312.51 9303.47 9281.62 9251.64 9240.79 9241.18 9242.61
9237.41 9270.67 9264.75 9251.91 9252.02 9223.68 9207.47 9260.13 9300.3 9302.26 9317.15 9295.29 9303.23 9320.54 9329.62 9330.62 9317.56 9310.28 9336.17 9359.34 9385.25 9401.29 9396.41 9375.96 9390.77 9414.62 9457.31 9488.26 9475.56 9469.61 9468.78 9465.27 9461.41 9460.84 9455.61 9452.91 9445.84 9417.85 9419.81 9456.04 9493.9 9480.1 9452.16 9446.08 9442.14 9435.95 9427.74 9463.74 9480.12 9422.98 9388.09 9372.25 9351.72 9343.07 9325.64 9314.56 9311.78 9314.03 9312.14 9308.38 9308.58 9304.09 9289.38 9263.95 9243.31 9236.79 9239.08
