real_craters/C167-300m.grd
DSAA
425 425
-63.6475 63.6475
-63.6475 63.6475
9908.4830594264 12156.699722433
[rows 210 to 239 of 425, columns 201 to 267 of 425]
10370.7 10324.2 10269.6 10208.3 10143.2 10079.3 10018.2 9972.48 9958.79 9963.31 9978.44 10005.5 10051.7 10113.8 10167.7 10231.4 10313.9 10412.1 10515 10612.6 10653.9 10614.9 10563.9 10509.6 10455.9 10403.2 10351.5 10303.9 10258.7 10219.3 10188.9 10171.6 10165.8 10166.2 10173.4 10184.8 10199.5 10220.5 10245.9 10272.5 10299.5 10326.8 10355.3 10384.2 10415.2 10434.7 10450.2 10460.6 10471.9 10482.7 10496.1 10509 10522.4 10537.7 10550.7 10565.7 10579.9 10593.9 10608.2 10622.5 10636.7 10651.4 10678.3 10731.9 10808.2 10894.7 10982.5
10373 10313.5 10249 10183.2 10117.2 10052 9992.44 9946.16 9929.9 9932.56 9945.45 9968.95 10012.6 10066.8 10113.3 10172.8 10264.6 10367.8 10470.3 10563.5 10611.6 10583.4 10542.2 10496.5 10448.3 10399.2 10349.9 10302.7 10258.2 10219.1 10187.8 10171.7 10169.1 10170.6 10177.3 10188.9 10200.5 10221.7 10246.5 10272.4 10299 10326 10352.6 10378.8 10402.4 10425.8 10444.7 10457.5 10471.3 10483.5 10496.3 10514.1 10530.5 10548 10562.8 10579.8 10595.7 10611.8 10627.8 10644.5 10661.4 10678.8 10704.3 10756.1 10827.9 10911.7 10997.7
10378 10303.2 10230.5 10162.5 10096.7 10033.7 9975.97 9931.11 9912.79 9915 9927.61 9949.98 9987.08 10031 10071.5 10123.6 10218 10318.8 10411.7 10484.5 10519.1 10523.7 10503.9 10471.1 10431.6 10388.2 10342.6 10297.5 10255 10216.9 10187.8 10172.7 10172.6 10176 10183.8 10196.5 10210.2 10228.4 10250.2 10273.8 10299 10325.7 10351.4 10374.7 10396.6 10419.4 10437.8 10454.8 10470.1 10485.8 10504.2 10520.8 10538.4 10557.6 10576.4 10593.6 10611.7 10632.2 10651.2 10671 10691.6 10713.5 10741 10788.6 10856.5 10939.8 11024.7
10357.1 10280.3 10210 10144.4 10082.7 10024.3 9970.77 9927.83 9908.48 9910.46 9924.08 9949.94 9984.86 10026.5 10067 10110.1 10189.2 10278.8 10358.5 10418 10453.9 10467 10461.4 10440.7 10410.2 10372.7 10332.2 10290.2 10249.9 10213.1 10185.3 10176.1 10176.4 10181.8 10192 10205.8 10220.3 10236.7 10255.4 10276.3 10298.8 10323.2 10348.1 10372.2 10394.8 10416.1 10433.8 10450.5 10467.8 10487.1 10509.1 10527.3 10546.6 10567.8 10589 10610.7 10631.4 10653.5 10675.7 10699.6 10724.9 10752.5 10787 10826.5 10892.7 10975.5 11058.9
10315.9 10251.1 10192.1 10135 10078 10024.3 9974.94 9935.45 9916.08 9917.89 9932.5 9958.39 9995.73 10034.6 10072 10110.2 10178.3 10257.6 10324 10374.2 10405.9 10420.9 10424.6 10413.2 10389.6 10357.4 10321.2 10282.8 10245.4 10211.1 10184 10178.3 10181 10188.8 10200.3 10213.9 10228.3 10243.9 10260.9 10279.3 10298.4 10318.3 10342.9 10370.3 10395.5 10414.5 10431.1 10447.8 10464.7 10484.6 10507.7 10531.9 10556.7 10582.1 10606.7 10628.6 10652 10677.4 10702.3 10729.8 10759.2 10791.6 10827.1 10868.7 10937.1 11018.8 11098
10279.5 10228.8 10180.2 10131.5 10082.4 10034.3 9989.61 9953.3 9934.36 9936.94 9952.87 9980.35 10020.9 10057.3 10089.9 10129.6 10190.5 10258.9 10314.4 10351.2 10365.8 10386.8 10400.6 10393.3 10373.3 10344.1 10310.9 10275.3 10242.3 10212.7 10183.8 10184.4 10187.9 10195.9 10207.5 10221.3 10235.7 10251.3 10266.9 10283.7 10300.7 10317.8 10340.2 10366 10390.7 10411.8 10429.3 10446.7 10463.9 10483.3 10507.9 10538.4 10567.6 10595.5 10622.5 10647.7 10673.6 10701.2 10729.4 10759.5 10793.5 10829.7 10869.8 10922.4 10996.3 11074.5 11147.8
10279.6 10226.8 10182.6 10140.1 10096.8 10053.5 10013.2 9979.46 9960.7 9966.31 9985.73 10018.4 10064.1 10103.9 10138.1 10185.1 10231.4 10284.2 10327.2 10359 10377.8 10392.3 10395.1 10382.6 10361.1 10332.4 10300.8 10267.7 10239.6 10221.5 10210.3 10195.6 10195.7 10202.5 10213.9 10227.7 10242.7 10258.5 10273.2 10288.9 10305.8 10324.2 10340.1 10359.6 10383.6 10409.7 10430.8 10450.5 10468.5 10486.7 10514.7 10549.7 10582.2 10612.9 10641.8 10668.8 10696.7 10726.1 10756.1 10789.7 10827.2 10869.2 10916 10984.8 11068.2 11139.5 11205.6
10303.7 10240.5 10197.8 10159.3 10121.2 10082.7 10046.5 10014.9 9997.04 10006.7 10030.4 10068.8 10120.6 10169.6 10221.6 10260.1 10288.3 10325.5 10358 10385.9 10408.7 10413.9 10400.5 10378.4 10351.9 10322 10290.5 10259.8 10232 10213.7 10201.4 10197.6 10199.7 10207.7 10219.1 10233.6 10249.2 10265.7 10279.5 10294.1 10310.5 10326.6 10339 10353.5 10379.5 10411.5 10442 10461.5 10485 10503.8 10534.6 10570.3 10603.5 10634.3 10663.8 10690.5 10719.7 10750 10782.1 10817.8 10858.5 10905.3 10964 11043.5 11141.4 11208.6 11263.7
10322 10260.3 10222.5 10188.1 10154.3 10121 10089.2 10061.5 10044.7 10057.6 10086.1 10126.1 10176.1 10230.1 10290.7 10320.1 10344.8 10372.5 10395.4 10415 10430.4 10428.8 10404.9 10375.4 10344 10311.8 10280 10249.9 10221.6 10199.7 10187.8 10193 10200.6 10211.3 10223.8 10238.4 10255.2 10273.3 10284.7 10298.2 10314 10329.3 10339.3 10353.4 10382.8 10419.5 10455.4 10480.5 10512 10540.9 10568.3 10598.4 10628.3 10657.7 10686.7 10715.7 10743.9 10775.2 10808 10844.5 10886.5 10936.8 11002.1 11096.8 11216.1 11273.3 11319
10343.8 10289.1 10255.6 10224.6 10194.1 10165.6 10139.8 10118.3 10105 10119.2 10149.2 10187.7 10232.5 10278.7 10318.5 10359.4 10396.9 10419.5 10432.6 10440.2 10444.3 10434.5 10404.6 10369.4 10334.9 10301.9 10270.4 10241 10213.5 10193.4 10184.7 10191.4 10201.7 10213.4 10227.3 10242.8 10258.6 10273 10286.9 10301.1 10316.3 10331.1 10343.6 10357.5 10393.6 10434.3 10474.6 10505.3 10544.8 10578.6 10605.2 10630.2 10656.9 10684.1 10711.6 10740.1 10767.7 10798.5 10831.4 10867.7 10909 10958.6 11021.7 11117.3 11260.8 11316.6 11360.6
10372.8 10328.5 10294.9 10264.5 10237.4 10213.5 10195 10182.9 10180 10191.6 10213.3 10249.3 10290.9 10329.2 10362.9 10403.6 10446.8 10467.3 10467.9 10459.1 10448.1 10427.7 10396.6 10361.2 10327 10294.4 10263.2 10234.9 10209.8 10193.2 10187.2 10193.2 10203.6 10217 10232 10247.9 10263.6 10277.8 10291.2 10304.8 10319.9 10336.8 10355.4 10377.9 10413.8 10454.9 10497.2 10531.1 10577.2 10622.3 10639.2 10660.2 10684.3 10709.8 10736.8 10764 10792 10822.4 10855.2 10890.4 10929.7 10975 11028 11098.5 11240.2 11328.9 11388.3
10396.8 10366.4 10333.9 10303.3 10278.6 10259.9 10249.3 10247.1 10252.4 10265.1 10285.3 10312.4 10348.3 10380.2 10413.7 10460.8 10513.6 10516.3 10496.6 10470.9 10444.7 10414.6 10383.5 10350.6 10318.3 10287.1 10257.1 10230.2 10207 10194.2 10190.9 10196.2 10207.5 10221.8 10237.9 10254.5 10271 10286.6 10298.5 10309.8 10325.8 10346.2 10371.8 10403.4 10438.2 10478.4 10520.2 10553.6 10597.4 10637 10662.5 10685.8 10710.5 10736.1 10762.6 10789.7 10819.7 10849.9 10881.8 10915.3 10952.5 10993.9 11041.8 11103 11225 11342.7 11413
10411.9 10398.2 10365.2 10335.4 10313.2 10300.2 10296.8 10304.7 10321.3 10338.9 10348.7 10363.7 10386.2 10415.2 10455.3 10511.6 10569.7 10551.8 10512 10473.1 10436.9 10401 10369.6 10339.2 10309.1 10279.4 10251 10225.8 10204.3 10192.3 10192.4 10200.4 10213.4 10228.9 10246.1 10262.9 10279.9 10293 10303.2 10314.4 10332.2 10357.1 10388 10423.1 10462.6 10502.7 10543.1 10574.6 10613.3 10649.9 10680.8 10709.4 10735.8 10762.5 10789.6 10817.3 10846.8 10877 10908.2 10941.9 10978.3 11018.5 11067.8 11136.3 11272.9 11378.7 11440.7
10409.8 10409.1 10380.1 10353.4 10335.9 10327.9 10331.3 10346.5 10376.2 10402.9 10403.3 10395.2 10401.6 10426.4 10471.7 10529.6 10574.2 10548 10505.1 10464.3 10424.8 10386.7 10356.2 10329.3 10301.3 10273.4 10246.9 10222.6 10201.7 10191.2 10195.1 10206.1 10221.1 10238.4 10257 10274.8 10292.1 10304.4 10313 10321.2 10332.6 10366.5 10408.9 10449.4 10488.6 10527.7 10566.7 10596.2 10633.5 10670.2 10701.4 10732.2 10760.3 10787.9 10815.7 10844.2 10873.2 10903.8 10934.7 10968.9 11005.6 11046.3 11096.4 11160.2 11285 11401.4 11464.6
10389.8 10394.2 10374.6 10355 10343.8 10340.7 10347.6 10364.1 10390.3 10408.1 10404 10399.7 10401.4 10420.3 10458.4 10497.8 10510.4 10502.3 10476.7 10444 10409.5 10374.5 10346.5 10321.5 10294.9 10268.9 10244.1 10221.4 10202.7 10194.8 10201.3 10214.4 10231.5 10250 10270.5 10289.9 10308.8 10326.2 10338.8 10339 10343.5 10384.4 10436.5 10479.4 10515 10552.9 10590.9 10620.4 10660.4 10696.3 10725.3 10756 10785.3 10813.9 10842.3 10870.7 10900.4 10930.9 10963.5 10998.4 11036.1 11077.8 11127.7 11188.6 11287.6 11415.7 11484.6
10358.5 10358.3 10351 10342.7 10339.1 10340.3 10348 10361.2 10376.7 10384.2 10386.1 10387.1 10388.9 10401.9 10429.8 10454 10458.6 10454.6 10441.1 10418.9 10393 10366.6 10342.1 10316.2 10290.3 10265.9 10243.3 10223.6 10208 10203.1 10211.3 10226.4 10244.9 10264.2 10285.4 10306.7 10328.3 10349.3 10365 10367.2 10376.4 10411.2 10455.8 10499.3 10538.7 10577.5 10615.2 10643.3 10679.8 10718.8 10750 10780.5 10810.6 10839.5 10868.5 10897.5 10928.5 10959.2 10992.6 11029 11068 11110.9 11162.8 11225 11323.3 11444.3 11503.2
10327.5 10321.5 10321.4 10323.1 10326.1 10330.4 10338.2 10348.2 10358.9 10364.9 10366.2 10367.1 10368.3 10377.2 10397.8 10418.1 10422.5 10416.7 10407.8 10392.9 10374.8 10355.6 10335.5 10311 10287.1 10265.1 10245.3 10228.7 10216.8 10215.4 10225.3 10241.1 10259.7 10280.9 10302.2 10325.3 10347.8 10370 10388.6 10397.8 10411.6 10440.8 10477.3 10519.8 10561.7 10602.1 10631.8 10667.7 10702.7 10741.8 10775 10805.7 10836.3 10865.7 10895.9 10926.3 10958.2 10987.2 11021.9 11059.4 11099.9 11144.4 11197.9 11258.3 11340.5 11459.5 11516.8
10304.2 10297.5 10297.8 10303.1 10309.1 10315.9 10322.9 10330.9 10339.5 10344.7 10344.9 10344.3 10343.6 10348.1 10364.4 10382.4 10387.2 10382.4 10378.7 10369 10355.1 10340 10323.4 10304.4 10285 10266.4 10250 10237 10228.8 10230.4 10241.1 10257.3 10277.4 10299.7 10321 10343.9 10366.2 10389.5 10410.5 10426.1 10444.7 10470.5 10504.8 10544.3 10585.9 10627.6 10658.8 10696.4 10730.4 10770.4 10802.6 10833.2 10864.4 10895.1 10927.2 10958.5 10991.7 11018.8 11054.7 11093 11134.3 11179.7 11233 11290.5 11362.7 11480.1 11520.5
10288.4 10281.6 10280.7 10285.4 10291.9 10298.9 10305.1 10311.6 10319.1 10324.2 10324.3 10320.3 10317.3 10318.3 10331.2 10346.5 10354.5 10357.2 10355.3 10347.2 10336.4 10324 10311.5 10297.3 10282.2 10268.2 10255.9 10246.4 10240.2 10245.7 10259.2 10277.5 10297.1 10318.5 10339.4 10362.3 10385 10407.4 10427.6 10446.4 10467.9 10495.3 10531.5 10568.8 10610.1 10652.9 10687.4 10731.1 10770.2 10803.2 10829.8 10860.3 10891.6 10922.8 10955.8 10988.2 11022.7 11056.8 11094.1 11132.8 11173.8 11217.9 11269.3 11325.3 11393.4 11472.6 11505.9
10276.8 10269.6 10267.2 10270.4 10275.8 10281.8 10287.5 10292.5 10297.3 10301.2 10299.9 10295.8 10292.2 10291.4 10301.5 10316.7 10329.7 10339.4 10335.9 10327.5 10318.3 10309 10300.1 10289.9 10280 10271.3 10263.2 10257.5 10255.4 10264.1 10280.1 10298.4 10318.4 10339.9 10360.9 10383.1 10403.8 10424.6 10443.3 10460.9 10483.7 10514.4 10550 10590.6 10632.7 10675.9 10712.1 10761.8 10807.8 10830.5 10856.1 10885.6 10916.8 10949.7 10982.6 11017.8 11053.3 11092.7 11130.4 11169.2 11209.7 11252.4 11300.7 11351.6 11407.7 11441.8 11479.1
10268.4 10260 10255.8 10257.4 10262.2 10267.2 10271.6 10274.1 10274.8 10272.9 10275.2 10273.1 10270 10268.7 10276.3 10290.1 10303.8 10316.2 10314 10307.4 10300.7 10294.1 10287.8 10283.1 10279.4 10275.7 10273.3 10271.6 10274.8 10286.4 10303.8 10322.5 10342.8 10364.4 10386.1 10405.1 10424.8 10443.4 10458.8 10475.7 10502.1 10534.4 10570.8 10612 10653.4 10694.9 10728.2 10769.5 10810.3 10846.9 10878.1 10910.3 10943.6 10978.8 11014.8 11052.2 11089.5 11129.3 11167.2 11206.3 11245.6 11285.2 11327.7 11368.1 11405.2 11427.9 11463.4
10263.1 10253.4 10247.3 10247.6 10251.5 10255.7 10259.2 10260.6 10259.9 10257.6 10258.4 10255.4 10252.1 10250.6 10255.3 10265.9 10277.3 10285 10287.5 10286.3 10283.9 10281.3 10278.7 10279 10281.3 10282.9 10285.5 10289.1 10298.5 10311.5 10329.5 10350.1 10371.4 10393 10414.5 10433 10451.4 10467.4 10479.9 10501.4 10528.3 10561 10596.9 10636.1 10675.2 10713.2 10741.3 10778.7 10818.5 10859.5 10895.1 10933.2 10968.9 11006.8 11044.6 11084.4 11123 11162.5 11202.8 11241.8 11280.3 11316.9 11351.3 11383 11407.6 11432.7 11467.4
10262 10251 10242.8 10242.1 10244.4 10248.4 10251.4 10252.6 10252.2 10250 10247.3 10243 10238.7 10235.8 10237.6 10245.1 10252.4 10255 10261.4 10266.9 10270.2 10272.5 10274.6 10279.3 10286.5 10292.5 10299.4 10306.3 10318.2 10336.5 10357.4 10379.4 10403.1 10425.5 10447.8 10467.6 10484.7 10497.8 10510.2 10525 10561.4 10597.5 10630.4 10663.8 10699 10733.2 10755.5 10785.7 10827.9 10874.1 10913.6 10954 10991.7 11031.7 11072.1 11112.8 11153.1 11193.9 11233.9 11273.5 11312.2 11347.3 11378.3 11402.8 11418.2 11440.7 11479.1
10266.9 10254.5 10244.3 10241.8 10243.2 10246.2 10248.5 10249.1 10248.9 10245.5 10240.1 10234.8 10230.1 10226.1 10225.5 10230.4 10235.2 10236.9 10243.4 10253.2 10261.9 10268.9 10275.2 10283.6 10295 10305.8 10316.2 10326.1 10340.3 10363.6 10386.9 10410.9 10436.2 10459.9 10484 10505.2 10523.1 10539.7 10554.7 10581.2 10611.9 10636.5 10662.9 10692.7 10724.9 10757 10777.8 10802.2 10846.9 10892.6 10933.6 10975.3 11016.1 11058.3 11100.2 11142.9 11185 11227.5 11270.1 11310.7 11349.9 11385.1 11415.2 11436.4 11444 11452.5 11500.6
10277.8 10263.6 10251.5 10246.8 10247.3 10249.5 10250.6 10250.3 10248.5 10243.2 10236.5 10231.3 10227 10223.2 10221.4 10224 10226.8 10228.2 10234 10247.8 10261.9 10272.4 10280.7 10290.7 10308.4 10324.5 10338.2 10354.1 10371.4 10393.7 10418.3 10443.9 10471.1 10497.4 10522 10546.7 10568.4 10586.9 10608.1 10647.7 10673.7 10675.6 10694.9 10721.7 10751.2 10774.2 10808.1 10848.6 10878.1 10917.2 10955 10997.2 11037.7 11081.1 11124.4 11168.5 11212 11256.9 11299.8 11342.8 11385 11424 11459.2 11487.8 11502.6 11511.5 11559.5
10295.9 10279.3 10264.3 10257.3 10257.3 10258.6 10258.8 10256.5 10251.7 10244.6 10237 10232.7 10230.8 10228.2 10225.9 10227.4 10228 10228.3 10234.3 10252.9 10271.7 10286.8 10297.7 10309.5 10331.2 10349.1 10364.3 10381.1 10401.3 10425.4 10451.9 10479.2 10508 10536.5 10563.4 10591.3 10616.9 10639.2 10665.3 10715.4 10728.2 10714.8 10729.4 10751.5 10776.9 10794.6 10829.9 10876.7 10901.9 10937.6 10977.4 11019.9 11062.1 11107.3 11152 11197.8 11242.7 11288.7 11333.1 11378.5 11423.3 11467 11512 11552.2 11590.9 11637.4 11670.6
10321.1 10301.5 10284 10274.5 10273.8 10274.6 10273.8 10270.2 10263.1 10254.7 10245.4 10241.8 10242.5 10242.3 10241.3 10243.2 10244.1 10245 10249.8 10271.3 10292.8 10311.7 10329.2 10347.6 10365.2 10379.2 10393.3 10408.5 10430.2 10457.1 10485.3 10514.4 10544.3 10575.8 10605.1 10635.9 10666.5 10693.6 10716.7 10749.6 10764.1 10759.4 10766.1 10782.1 10801.7 10812.4 10835 10866.5 10911.1 10952.7 10995.3 11039.5 11085.2 11130 11176.9 11224.2 11271.5 11319 11365.5 11413 11460.7 11508.5 11558.6 11608.6 11665.2 11727.8 11724.2
10350.7 10330.1 10310.8 10298.8 10297.4 10297.4 10295.9 10292.1 10285.5 10275.3 10264.8 10260.7 10263.1 10265.2 10267.1 10270.9 10274.5 10279 10284.9 10303.3 10322.6 10342.3 10364.2 10388.6 10401.8 10412.1 10424.6 10441.3 10462.7 10489.5 10518.7 10547.9 10579.7 10612.9 10645.6 10679.8 10715.2 10750.1 10783 10791.3 10787.4 10791.4 10800.4 10813.5 10828.1 10832.6 10845.9 10873.1 10920.8 10968 11013.2 11059 11104.9 11148 11195 11242.6 11290.8 11339.2 11387 11436.2 11486.4 11538.3 11590.6 11643.6 11697.5 11741.6 11688.2
10384.3 10363.7 10344.6 10331.1 10328.6 10327 10324.2 10320 10314 10303.5 10293.8 10289.3 10290.7 10293.6 10298.4 10304.8 10313 10324.5 10335.2 10343 10354.9 10372.1 10394.2 10418.2 10431.9 10441.7 10454.1 10472.4 10494.3 10520.6 10550.8 10581.2 10614.4 10648.9 10682.8 10718.7 10756.2 10795.2 10838.2 10827.8 10811.6 10820.5 10833.4 10846.3 10858 10860.1 10873 10900.3 10940 10985.9 11031 11076 11121.6 11165.4 11212.5 11258.3 11306.3 11355.6 11403.6 11454.1 11504.4 11557.2 11607.9 11656 11699.4 11725.8 11687
10420.3 10401.2 10384.9 10372.2 10366.8 10361.9 10356.6 10351.1 10344.4 10334.7 10327.3 10323.4 10321.1 10322.6 10328.4 10336.4 10346.8 10362.2 10372.8 10374.7 10381.7 10397.1 10417.3 10439.2 10454.4 10465.5 10479.1 10499.1 10521.8 10548.7 10579.6 10611.3 10645.6 10680.9 10716.8 10753.4 10788.1 10821.5 10852.7 10849.9 10841.5 10854.6 10871 10883.2 10892.8 10893.8 10905.2 10930.8 10966.8 11006.3 11048.8 11093.7 11141.3 11183.6 11226.6 11275.2 11322.7 11370.2 11419.2 11469.1 11517.7 11567.5 11616.7 11659.1 11691.9 11703.6 11679.2
