real_craters/C168-300m.grd
DSAA
429 429
-64.1375 64.1375
-64.1375 64.1375
7908.1273644893 10374.225642601
[rows 60 to 89 of 429, columns 335 to 401 of 429]
9623.41 9623.4 9623.73 9628.27 9633.8 9633.29 9628.97 9623.32 9616.66 9609.74 9604.01 9599.53 9597.42 9598.67 9600.29 9598.67 9597.45 9594.81 9594.74 9592.97 9590.47 9588.27 9586.6 9586 9580.34 9575.76 9573.97 9572.87 9571.42 9570.12 9568.61 9566.43 9563.57 9559.83 9558.26 9558.93 9559.81 9560.26 9559.81 9559.84 9559.77 9559.54 9560.41 9561.06 9561.68 9562.45 9563.18 9563.91 9565.84 9568.32 9570.79 9573.3 9574.66 9575.09 9575.91 9577.53 9580.8 9590.44 9596.17 9597.24 9597.19 9597.7 9598.11 9598.71 9600.22 9603.46 9604.64
9630.88 9630.31 9628.12 9628.33 9628.12 9625.92 9625.29 9620.37 9613.57 9606.67 9602.22 9599.57 9597.98 9597.62 9598.27 9598.44 9599.07 9600.69 9598.58 9594.48 9591 9588.35 9586.45 9584.53 9579.21 9574.55 9571.99 9570.41 9570.38 9570.05 9568.64 9566.58 9564.14 9561.49 9560.26 9560.24 9560.37 9560.29 9560.69 9560.53 9560.23 9559.82 9560.66 9561.37 9562.43 9563.53 9564.77 9566.18 9567.5 9569.18 9571.11 9573.1 9574.32 9575.02 9575.84 9577.47 9582.31 9591.49 9598.01 9598.11 9598 9598.48 9598.7 9598.9 9598.25 9603.12 9605.45
9643.91 9643.04 9639.84 9637.22 9634.68 9630.25 9626.24 9619.14 9611.39 9604.05 9600.99 9599.93 9597.81 9595.35 9595.09 9596.83 9598.68 9600.75 9598.77 9593.77 9589.7 9586.78 9584.37 9581.36 9575.37 9572.36 9569.53 9569.58 9571.59 9570.78 9569.28 9567.38 9565.62 9563.86 9562.19 9561.9 9562.59 9562.24 9562.08 9561.57 9561.11 9561.8 9561.27 9561.91 9563.12 9564.61 9566.34 9568.19 9569.06 9570.05 9571.19 9572.42 9573.89 9575.13 9576.26 9577.4 9579.85 9589.54 9596.22 9597.93 9598.88 9598.71 9598.89 9599.98 9602.51 9604.14 9605.91
9664.83 9659.56 9655.34 9651.63 9646.07 9642.34 9628.72 9618.2 9610.13 9604.14 9601.42 9601.76 9598.2 9593.24 9593.15 9595.26 9596.25 9596.47 9594.34 9590.01 9586.65 9584.01 9581.53 9578.73 9574.77 9571.59 9569.13 9570.53 9572.93 9571.5 9569.92 9568.52 9567.31 9566.49 9565.79 9563 9562.12 9564.5 9563.86 9562.48 9561.29 9560.25 9560.85 9562.31 9563.99 9565.7 9567.42 9568.96 9570.12 9570.99 9571.79 9572.4 9574.16 9575.92 9577.58 9579.47 9582.24 9586.33 9588.17 9595.81 9599.46 9597.17 9597.68 9599.81 9603.17 9605.79 9606.56
9683.3 9672.86 9665.26 9659.19 9646.27 9637.67 9624.47 9615.13 9608.24 9603.45 9600.25 9597.15 9598.7 9597.23 9596.25 9595.72 9593.66 9590.58 9587.25 9584.39 9582.8 9581.04 9578.62 9575.67 9574.04 9571.58 9570.37 9571.15 9572.23 9571.25 9570.08 9569.07 9568.33 9568.06 9567.46 9562.38 9556.16 9564.26 9564.58 9562.98 9561.57 9560.34 9561.17 9563.25 9565.19 9567.05 9568.7 9570.19 9571.39 9572.37 9573.06 9574.14 9575.58 9577.36 9579.32 9581.86 9584.8 9587.05 9589.49 9589.91 9588.95 9592.82 9595.12 9597.95 9602.7 9606.47 9607.09
9690.95 9678.83 9664.78 9649.75 9636.09 9621.8 9615.5 9610.49 9605.56 9600.87 9597.78 9599.23 9602.75 9607.23 9603.62 9598.2 9592.62 9585.49 9577.6 9579.28 9579.82 9579.06 9577.55 9575.36 9572.61 9571.01 9570.42 9570.48 9570.32 9570.57 9570.05 9569.21 9568.3 9567.32 9565.68 9563.03 9562.24 9563.57 9563.7 9563.02 9562.35 9562.09 9563.07 9564.96 9567.04 9568.99 9570.32 9571.67 9573.32 9574.33 9574.92 9575.41 9577.37 9579.2 9581.07 9583.03 9585.06 9587.19 9588.28 9587.66 9588.38 9590.36 9592.56 9594.77 9600.09 9605.89 9607.03
9695.6 9681.09 9662.24 9641.36 9628.02 9616.92 9611.08 9607.57 9604.44 9601.28 9599.4 9601.71 9605.59 9608.87 9606.35 9600.86 9594.32 9586.48 9578.51 9579.23 9579.75 9578.79 9577.25 9575.41 9573.75 9572.45 9571.16 9571.03 9571.09 9570.97 9570.29 9569.25 9568.04 9566.56 9564.79 9563.25 9562.84 9562.19 9562.69 9563.13 9563.4 9564.08 9565.42 9567.12 9569.43 9571.79 9573.83 9575.15 9576.23 9577.04 9577.98 9578.98 9579.95 9581.31 9582.82 9584.26 9585.56 9586.5 9587.31 9588.3 9588.5 9590.62 9591.67 9592.43 9597.25 9603.65 9606.41
9697.16 9682.05 9662.59 9641.42 9628.49 9618.17 9610.67 9606.42 9605.02 9604.93 9604.55 9602.11 9607.12 9610.06 9607.71 9603.41 9598.11 9592.46 9586.46 9585.38 9583.03 9580 9578.24 9576.5 9575.4 9575.13 9574.21 9573.16 9572.75 9571.87 9570.74 9569.39 9567.7 9565.96 9564.11 9562.73 9561.87 9562.29 9563.04 9563.84 9564.7 9565.66 9566.85 9569.43 9572.07 9574.98 9578.12 9579.45 9579.49 9579.83 9580.53 9581.52 9582.35 9583.49 9584.86 9586.04 9586.84 9587.13 9588.34 9590.94 9593.63 9593.9 9592.94 9592.39 9595.32 9601.59 9606.13
9693.83 9680.61 9663.69 9649.54 9631.97 9615.94 9607.82 9606.13 9606.51 9608.83 9611.65 9611.72 9610.55 9608.84 9608.25 9604.5 9600.91 9598.81 9600.4 9594.83 9587.19 9581.22 9575.86 9575.1 9575.94 9576.17 9575.16 9574.49 9573.94 9572.88 9571.29 9569.6 9567.78 9565.83 9564.21 9563.16 9563.01 9563.56 9564.26 9565.17 9566.56 9568.09 9570.03 9572.23 9574.79 9577.56 9580.45 9581.8 9582.08 9582.38 9582.59 9583.17 9584.43 9585.51 9586.85 9588.7 9589.1 9589.58 9591.06 9593.5 9596.92 9597.19 9595.34 9594.2 9596.61 9601.53 9606.86
9687.01 9677.39 9661.14 9641.48 9624.07 9613.76 9607.61 9607.39 9608.56 9610.8 9614.92 9615.54 9615.96 9613.78 9609.56 9604.94 9601.66 9600.65 9600.71 9596.72 9589.63 9582.83 9576.89 9575.52 9576.74 9578.09 9575.72 9575.24 9574.69 9573.38 9571.68 9569.86 9567.97 9566.09 9564.46 9563.94 9564.57 9564.38 9564.78 9566.92 9569.1 9571.07 9573.36 9575.33 9577.68 9579.77 9581.54 9583.12 9584.28 9585.07 9585.82 9586.18 9586.65 9587.26 9588.14 9589.46 9590.46 9590.83 9591.85 9594.42 9597.95 9599.28 9598.38 9596.68 9596.9 9602.92 9608.63
9682.06 9677.64 9660.84 9638.45 9620.46 9616.13 9613.28 9610.5 9609.22 9609.4 9612.4 9618.29 9624.29 9619.77 9609.97 9602.57 9599.21 9598.45 9598.12 9595.66 9590.46 9584.9 9580.33 9578.29 9577.89 9577.62 9577.18 9576.09 9575 9573.78 9571.99 9570.1 9568.26 9566.48 9565.39 9565.86 9567 9566.52 9567.2 9570.2 9572.83 9574.87 9576.25 9578.93 9581.69 9583.02 9583.2 9585.18 9586.79 9587.7 9588.7 9588.75 9588.76 9588.98 9589.31 9589.72 9592.04 9594.57 9594.57 9596.06 9599.88 9602.46 9602.83 9602.79 9603.11 9606.71 9611.22
9690.87 9684.36 9665.35 9644.93 9629.43 9623.12 9617.95 9614.95 9610.48 9606.66 9605.3 9616.48 9628.53 9621.19 9601.88 9594.51 9593.08 9593.99 9595.14 9594.84 9590.79 9586.36 9582.36 9580.56 9579.29 9578.48 9578.1 9576.69 9575.62 9574.39 9572.59 9570.65 9568.9 9567.32 9566.39 9567.45 9569.32 9570.37 9572.63 9575 9578.08 9580.78 9581.95 9585.18 9588.23 9589.23 9589.11 9589.88 9590.38 9590.34 9590.24 9590.39 9590.67 9590.88 9591.23 9592.04 9593.87 9596.33 9597.26 9598.96 9602.6 9605.54 9607.96 9609.91 9610.72 9611.74 9614.32
9693.56 9688.48 9668.9 9651.56 9639.58 9632.18 9628.87 9621.26 9613.05 9606.19 9602.38 9612.57 9594.08 9581.63 9577.58 9580.14 9584.48 9588.46 9591.14 9591.64 9591.18 9588.61 9585.81 9583.14 9580.74 9578.59 9577.32 9576.67 9575.82 9574.75 9573.03 9571.26 9569.72 9568.37 9567.32 9566.94 9570.11 9573.02 9575.74 9579.94 9584.77 9589.28 9593.51 9596.55 9597.31 9597.42 9597.29 9596.21 9595.18 9593.87 9592.32 9592.61 9593.02 9593.17 9593.57 9594.39 9595.42 9596.89 9599.69 9602.8 9606.73 9610.31 9613.44 9615.74 9616.04 9616.21 9617.17
9686.38 9681.08 9665.75 9652.98 9644.04 9638.57 9634.79 9626.73 9616.21 9608.14 9610.44 9617.73 9539 9530.79 9552.55 9566.95 9576.9 9584.01 9588.59 9590.31 9592.28 9591.39 9589.48 9585.67 9582.33 9579.61 9577.49 9577.04 9576.12 9575.03 9573.46 9571.99 9570.65 9569.78 9569.55 9570.79 9573.25 9576.6 9579.85 9585.92 9592.41 9598.45 9604.19 9607.5 9606.97 9605.22 9603.52 9602.64 9600.99 9599.01 9597.1 9596.59 9596.29 9596 9595.93 9596.41 9597.33 9599.39 9603.18 9607.75 9612.12 9616.27 9618.96 9620.72 9620.68 9620.6 9620.42
9672.29 9665.53 9656.39 9649.25 9644.64 9639.7 9637.74 9630.43 9619.22 9609.67 9610.04 9631.32 9540.98 9529.77 9548.71 9563.64 9574.72 9582.81 9589.17 9594.9 9594.63 9592.67 9590.28 9586.98 9583.5 9580.44 9579.72 9578.22 9576.67 9574.77 9574.05 9573.1 9571.92 9571.24 9571.68 9573.9 9577.32 9581.45 9586.9 9593.61 9600.69 9607.33 9613.24 9617.04 9616.57 9614.73 9612.13 9610.35 9607.82 9605.18 9603.24 9601.63 9600.58 9599.64 9598.72 9598.59 9599.92 9602.35 9607.22 9612.79 9617.42 9621.13 9623.74 9625.6 9625.6 9626 9626.48
9660.15 9649.26 9645.64 9644.69 9639.15 9638.11 9635.9 9630.26 9623.87 9616.92 9618.84 9638.97 9588.35 9565.65 9564.88 9570.92 9577.83 9584.21 9589.8 9593.86 9594.64 9592.85 9590.19 9587.47 9584.68 9582.22 9581.5 9579.45 9578.28 9577.66 9576.8 9574.8 9573.23 9572.48 9572.92 9575.25 9580.14 9586.21 9593.86 9601.79 9609.14 9616 9621.47 9624.05 9626.02 9625.67 9623.05 9619.12 9615.43 9611.81 9608.78 9607.49 9606.01 9604.45 9603.43 9603.18 9603.88 9606.36 9611.56 9617.18 9622.57 9627.12 9629.02 9628.37 9630.51 9632.68 9634.4
9650.44 9636.99 9643.18 9645.92 9647.81 9645.11 9636.13 9630.66 9631.46 9631.4 9633.27 9636.45 9631.81 9599.11 9584.59 9581.27 9583.21 9586.52 9590.35 9593.09 9593.61 9592.21 9589.81 9587.27 9585.5 9584.08 9581 9579.68 9579.71 9580.45 9578.84 9576.39 9574.53 9573.44 9573.93 9576.4 9581.12 9589.99 9600.02 9609.22 9617.18 9624.83 9631.21 9634.92 9636.43 9634.95 9631.54 9627.27 9623.4 9619.82 9616.89 9614.66 9612.58 9610.28 9608.1 9607.85 9609.49 9612.32 9616.59 9621.99 9628.36 9634.42 9636.47 9635.25 9637.6 9641.1 9643.71
9652.08 9654.84 9653.21 9649.7 9647.47 9644.42 9641.52 9640.16 9640.52 9642.03 9638.41 9625.32 9622.03 9608.3 9595.77 9588.9 9587.35 9588.35 9590.41 9592.32 9591.84 9588.37 9586.83 9585.77 9584.8 9583.29 9578.84 9579.6 9580.3 9580.27 9579.47 9577.59 9575.5 9574.02 9574.15 9577.12 9583.28 9594.47 9605.03 9614.9 9624.38 9633.38 9641.75 9648.86 9647.53 9642.28 9638.29 9634.78 9631.29 9628.1 9625.29 9622.86 9620.51 9617.71 9614.28 9613.39 9615.24 9618.1 9621.73 9627.4 9634.6 9642.6 9645.93 9643.59 9646.97 9651.13 9654.82
9654.09 9658.85 9658.07 9652.42 9646.61 9642.18 9648.96 9653.73 9644.91 9638.41 9630.64 9619.7 9614.89 9607.33 9598.93 9593.67 9591.06 9590.22 9590.29 9590.07 9588.34 9585.2 9584.2 9584.02 9583.29 9582.44 9582.21 9581.36 9581.08 9581.43 9580.99 9578.96 9576.77 9574.97 9573.81 9578.68 9590.64 9600.67 9610.74 9620.89 9630.78 9640.57 9650.02 9657.77 9656.25 9649.38 9645.31 9642.56 9639.44 9636.35 9633.84 9631.76 9629.76 9627.42 9624.27 9621.13 9616.2 9619.7 9626.87 9633.54 9641.58 9650.29 9655.54 9654.87 9657.83 9661.46 9664.34
9652.44 9656.7 9656.67 9653.85 9650.89 9649.44 9652.66 9652.46 9641.48 9625.58 9619.04 9613.54 9609.8 9605.45 9600.08 9595.54 9594.02 9590.13 9589.66 9589.02 9587.45 9584.95 9583.87 9583.27 9582.13 9581.35 9582.06 9581.57 9580.88 9581.54 9582.14 9580.52 9578.7 9577.71 9578.62 9584.89 9596.76 9606.48 9615.83 9626.01 9635.57 9645.98 9655.6 9662.46 9661.75 9655.8 9653.07 9650.99 9648.17 9644.95 9642.85 9641.32 9639.82 9638.5 9637.25 9633.13 9630.75 9630.35 9634.09 9639.39 9646.37 9655.6 9664.53 9666.16 9669.02 9671.45 9671.17
9648.51 9652.36 9653.67 9653.85 9654.4 9657.13 9651.87 9644.33 9636.91 9628.89 9618.61 9609.83 9607.17 9603.84 9600.09 9596.72 9594.13 9591.53 9589.91 9588.06 9585.54 9584.51 9584.02 9583.53 9582.62 9581.05 9580.47 9579.33 9578.49 9580.41 9582.45 9581.4 9580.83 9581.37 9584.04 9591.37 9601.96 9611.17 9619.52 9627.72 9638.98 9650.24 9660.15 9667.29 9668.3 9663.46 9662.41 9660.79 9657.93 9655.02 9652.88 9651.21 9649.62 9648.66 9648.03 9644.15 9643.83 9641.8 9642.19 9644.68 9648.78 9657.81 9667.34 9674.83 9678.88 9682.15 9681.76
9643.56 9647.78 9650.87 9651.5 9652.02 9653.11 9647.29 9640.17 9635.21 9628.29 9620.04 9611.8 9606.32 9602.94 9599.91 9597.5 9595.15 9592.56 9590.22 9588.09 9586.77 9585.09 9584.68 9584.41 9583.7 9580.42 9574.29 9570.18 9574.78 9578.12 9580.19 9581.67 9582.99 9585.14 9588.96 9596.29 9606.08 9614.98 9623.27 9632.42 9642.87 9654.1 9664.77 9673.58 9678.39 9677.02 9673.98 9671.64 9669.51 9664.7 9663.79 9661.3 9658.69 9656.5 9654.46 9650.92 9646.39 9648.71 9650.17 9651.7 9654.35 9660.98 9668.52 9678.3 9685.52 9690.4 9691.53
9637.1 9641.81 9645.88 9646.85 9645.57 9642 9640.35 9639.18 9636.32 9632.41 9621.85 9611.33 9605.78 9601.25 9598.69 9596.56 9594.24 9591.86 9589.74 9588.2 9586.98 9585.71 9585.67 9585.66 9584.79 9581.02 9574.73 9570.73 9574.94 9578 9580.09 9582.42 9585.65 9589.25 9594.08 9601.2 9609.59 9618.08 9626.77 9635.71 9646.01 9657.56 9668.99 9679.04 9685.85 9686.05 9683.33 9681.17 9680.66 9683.48 9675.39 9670.76 9667.33 9663.77 9660.83 9660.13 9658.67 9658.2 9658.97 9660.11 9662.38 9666.71 9671.86 9681.72 9689.32 9693.3 9690.73
9630.71 9637.94 9642.25 9640.72 9638.84 9636.45 9636.12 9637.59 9635.45 9629.32 9623.72 9615.82 9604.84 9600.39 9598.36 9596.29 9594.05 9591.58 9589.27 9587.74 9587.21 9586.57 9586.82 9587.14 9586.87 9584.05 9580.84 9580.66 9579.81 9580.77 9581.87 9585.32 9589.49 9593.84 9599.12 9606.37 9614.12 9622.21 9630.88 9639.2 9649 9660.68 9672.45 9683.02 9689.79 9690.32 9689.59 9687.65 9685.64 9682.76 9681.35 9678.28 9675.5 9673.18 9671.75 9671.51 9671.1 9669.18 9668.21 9668.46 9669.93 9672.53 9675.81 9685.3 9691.35 9693.97 9689.26
9621.55 9629.02 9632.95 9632.12 9630.95 9631.81 9632.75 9630.86 9628.64 9629.54 9626.65 9620.03 9608.34 9602.7 9600.75 9598.52 9595.61 9592.32 9588.85 9586.46 9586.35 9587.16 9587.58 9588.14 9588.72 9586.86 9585.3 9585.13 9584.43 9585.05 9587.5 9590.7 9594.48 9599.32 9605.21 9612.7 9620.85 9629.02 9636.17 9643.3 9652.08 9663.8 9675.69 9686.47 9694.71 9695.92 9694.32 9692.15 9689.8 9687.48 9685.83 9684.08 9682.63 9681.77 9681.46 9681.43 9680.36 9677.68 9675.73 9675.41 9676.71 9678.96 9681.78 9687.93 9690.83 9691.17 9684.96
9608.36 9612.02 9618.69 9616.52 9618.2 9624.4 9629.3 9626.58 9627.01 9631.25 9629.99 9625.69 9615.12 9608.57 9605.45 9602.17 9598.28 9594.03 9588.88 9583.8 9581.71 9586.65 9587.06 9587.65 9588.31 9587.72 9587.23 9587.15 9587.55 9588.68 9590.99 9594.6 9599.71 9605.45 9611.81 9619.68 9627.7 9635.48 9642.14 9648.58 9656.16 9667.45 9678.77 9688.91 9696.98 9698.83 9697.04 9694.76 9692.69 9691.11 9689.11 9688.11 9687.69 9688.08 9688.56 9689.23 9687.6 9683.13 9680.12 9679.42 9681.03 9684.09 9686.77 9691.35 9685.32 9680 9672.38
9592.66 9588.78 9580.54 9588.26 9600.41 9612.19 9622.54 9623.8 9627.92 9629.43 9630.47 9629.12 9622.24 9616.54 9611.9 9607.13 9602.14 9596.83 9590.39 9582.36 9574.07 9581.3 9585.43 9586.52 9586.71 9587.63 9588.26 9589.18 9590.19 9591.83 9594.5 9598.6 9605.31 9612.76 9619.88 9627.09 9634.72 9642.02 9649.22 9655.23 9661.86 9672.15 9682.3 9690.52 9695.94 9698.31 9698.16 9695.85 9692.38 9690.73 9690.35 9690.4 9690.64 9689.97 9691.58 9692.31 9689.44 9683.92 9679.77 9678.36 9679.6 9682.75 9681.04 9680.24 9669.68 9660.15 9653.8
9580.15 9573.96 9568.03 9571.6 9584.09 9595.77 9607.35 9610.26 9615.37 9622.39 9627.06 9628.31 9627.04 9623.87 9617.65 9611.82 9606.49 9601.17 9595.46 9588.26 9579.17 9581.99 9586.3 9587.56 9587.77 9588.44 9589.28 9590.19 9591.89 9594.86 9598.7 9603.61 9611.05 9619.71 9627.37 9633.7 9641.53 9650.64 9656.86 9662.83 9669.26 9678.53 9687.12 9693.59 9696.36 9698.26 9699.94 9697.9 9691.66 9689.77 9690.5 9690.61 9691.68 9693.53 9691.63 9692.29 9686.69 9678.83 9674.06 9671.63 9671.48 9672.81 9668.65 9656.37 9649.21 9641.11 9638.33
9573.09 9567.85 9563.14 9564.99 9573.3 9579.42 9581.13 9593.05 9605.23 9614.94 9622.65 9626.4 9626.97 9625.91 9620.27 9614.75 9610.16 9606.32 9603.22 9600.91 9598.55 9595.36 9591.84 9589.85 9589.52 9590.13 9590.98 9592.11 9594.3 9597.86 9603.02 9609.55 9615.15 9622.29 9630.13 9637.78 9646.21 9654.68 9662.61 9670.23 9678.38 9685.91 9693.02 9699.04 9702.57 9703.04 9704.52 9703.05 9699.05 9694.38 9690.28 9687.57 9687.45 9689.77 9681.75 9677.27 9672.75 9667.59 9663.76 9660.46 9657.16 9652.08 9640.83 9638.71 9635.62 9631.51 9630.5
9569.48 9565.6 9563.82 9566.86 9568.31 9570.07 9571.89 9580.79 9592.51 9605.2 9614.84 9619.89 9621.8 9622.39 9618.99 9614.89 9611.69 9609.89 9609.56 9611.26 9612.76 9602.73 9596.53 9593.41 9592.04 9592.94 9593.47 9594.02 9595.54 9600.47 9606.09 9611.83 9617.03 9621.96 9630.35 9640.22 9649.78 9658.87 9667.75 9676.33 9684.34 9691.58 9698.38 9704.64 9709.64 9712.15 9709.52 9707.93 9708.1 9697.8 9687.54 9679.89 9674.67 9672.47 9662.04 9650.62 9652.5 9653.74 9651.94 9648.43 9642.93 9634.19 9631.37 9630.69 9629.9 9628.96 9627.91
