real_craters/C168-300m.grd
DSAA
429 429
-64.1375 64.1375
-64.1375 64.1375
7908.1273644893 10374.225642601
[rows 270 to 299 of 429, columns 67 to 133 of 429]
10323.8 10317.5 10310.1 10303.4 10299.8 10302 10305.6 10310 10314.9 10319.7 10328.7 10332.1 10331.4 10329.6 10329.9 10331.9 10332.3 10331 10326.6 10326.7 10329.2 10333.1 10312.7 10239.9 10155.3 10072.6 9993.68 9913.94 9837.98 9787.16 9746 9721.1 9704.62 9691.23 9679.14 9674.54 9670.13 9664.13 9656.95 9645.02 9631.21 9619.47 9611.17 9602.34 9588.61 9572.19 9555.9 9540.66 9529.37 9524.53 9522.4 9519.37 9518.36 9510.59 9507.1 9506.23 9504.49 9502.88 9501.39 9501.31 9500.72 9500.28 9498.92 9498.65 9498.49 9498.34 9498.21
10315 10308.2 10301.7 10296.9 10294.8 10296.4 10300.4 10305.3 10310.9 10317.5 10326.8 10329 10326.8 10324 10323.2 10323.9 10323.9 10323.2 10321 10320.6 10321.9 10328 10316.2 10272 10214.8 10147.8 10068 9979.95 9899.5 9841.75 9794.81 9762.02 9737.86 9718.7 9701.36 9693.13 9685.24 9675.5 9664.5 9653.25 9641.58 9633.01 9629.13 9625.46 9617.23 9593.88 9573.16 9555.38 9543.93 9540.59 9541.78 9538.68 9535.98 9526.04 9522.26 9520.18 9517.65 9516.05 9514.84 9513.89 9513.25 9512.7 9512.26 9511.9 9510.46 9509.54 9509.34
10308.5 10301.8 10296.4 10291.5 10288.9 10290.6 10294.9 10300.3 10306.5 10314 10321.3 10323.1 10321.4 10318.9 10317.6 10317.6 10317.4 10317.2 10317.3 10316.3 10315.8 10320.2 10316.1 10295.2 10265.7 10227.8 10144.6 10053.5 9971.17 9907.54 9853.35 9811.29 9779.53 9756.43 9736.67 9722.25 9707.39 9692.37 9675.18 9665.05 9655.13 9648.37 9646.61 9645.38 9635.26 9611.64 9588.62 9568.19 9551.41 9556.01 9561.33 9554.39 9551.15 9539.69 9536.17 9533.53 9530.81 9530.79 9529.56 9527 9526.08 9524.74 9524.12 9523.57 9523.06 9521.37 9520.95
10304.5 10298.9 10291.2 10285.3 10282.9 10284.7 10289.4 10295 10301.2 10307.5 10312.7 10315.2 10315.3 10313.8 10312.1 10311.9 10310.9 10310.3 10310.7 10310.5 10311.4 10314.4 10315.2 10309.6 10297.7 10277 10211 10130 10050.6 9979.79 9913.64 9861.9 9826.43 9800.35 9777.19 9756.32 9736.42 9718.17 9700.35 9686.58 9674.09 9666.1 9662.38 9660.15 9653.4 9625.49 9601 9580.99 9568.87 9566.76 9569.27 9563.36 9562.61 9559.02 9549.63 9547 9545.02 9543.6 9542.85 9542.02 9539.1 9538.45 9545.11 9544.46 9543.75 9542.95 9542.07
10299.4 10293.9 10285.8 10279.4 10277.2 10279.3 10284.4 10290.1 10295.8 10300.7 10304.3 10307.4 10309.6 10310.3 10310.7 10307.2 10303.9 10301.7 10301.3 10302.4 10304.9 10307.8 10312.3 10315 10312 10300.2 10264 10210.7 10138.5 10057 9976.39 9915.78 9878.76 9849.55 9820.99 9794.15 9771.21 9750.95 9732.05 9715.18 9699.14 9686.37 9676.11 9666.17 9650.5 9630.35 9609.07 9590.31 9575.92 9570.9 9567.55 9567.33 9571.99 9565.4 9560.08 9559.04 9565.79 9565.53 9565.22 9569.92 9569.73 9567.14 9566.58 9565.86 9564.59 9563.59 9562.44
10292.9 10286.8 10280.9 10276 10273.9 10275.7 10280.4 10285.9 10291.3 10295.5 10298.9 10303.3 10303.8 10305.5 10306 10301.6 10295.9 10291.3 10290.2 10293 10296.2 10297.5 10307.7 10315.3 10317.1 10311.4 10303.3 10288.1 10222.9 10135.1 10049.2 9981.64 9941.66 9903.53 9869.91 9836.62 9810.55 9789.43 9768.77 9749.25 9729.89 9709.42 9690.17 9671.41 9650.98 9633.4 9615.28 9597.92 9583.94 9577.42 9577.21 9578.72 9582.16 9578.91 9578.97 9580.93 9585.18 9586.14 9586.05 9586.41 9591.77 9591.85 9591.63 9589.7 9588.97 9596.97 9595.42
10286.5 10281.1 10276.4 10273.4 10271.8 10273.2 10277.6 10282.7 10287.7 10292.5 10296.6 10293.2 10294.9 10297.9 10300.2 10294.6 10287.3 10280.8 10279.9 10284.6 10289.5 10294.3 10304.9 10314.5 10319.6 10319.3 10327.1 10334.8 10280.4 10205.1 10131.3 10067.7 10017.4 9964.28 9913.59 9877.45 9856.36 9835.59 9811.64 9787 9763.46 9733.74 9706.58 9681.86 9659.5 9640.23 9623.26 9606.69 9592 9584.45 9584.65 9588.36 9594.78 9598.66 9595.08 9598.65 9607.82 9607.06 9608.41 9609.26 9619.96 9618.76 9618.66 9624.36 9623.35 9621.26 9619.43
10280.3 10274.6 10271.8 10270.2 10271 10271.9 10275.7 10279.8 10283.8 10287.4 10288.6 10283.1 10284.4 10287.6 10289.6 10285.5 10278.9 10273.3 10273.7 10279.1 10285.3 10292.3 10303.1 10313.8 10321.9 10329 10338.2 10343.7 10308.8 10260.5 10212.7 10165.3 10106.1 10039.3 9977.26 9937.98 9916.83 9892.28 9862.53 9827.08 9789.6 9758.76 9725.93 9695.46 9670.18 9651.23 9635.62 9619.46 9604.9 9595.61 9593.78 9598.8 9608.81 9616.07 9614.35 9620.23 9634.17 9637.85 9638.29 9647.6 9648.74 9647.83 9656.65 9656.05 9649.67 9644.35 9652.36
10275.4 10269.4 10269 10273.3 10272.6 10272.4 10275 10277.5 10279.5 10280.3 10278.5 10274 10273.9 10276.1 10277.7 10275.1 10270.8 10268.4 10270.3 10276.1 10282.4 10289.2 10302.2 10313.6 10322.5 10329.7 10333.5 10331.4 10319.6 10298.4 10277.9 10254.5 10196.9 10129.8 10063.8 10020.4 9999.48 9968.59 9931.69 9883.9 9833.11 9794.64 9752.65 9710.24 9683.72 9669.16 9654.82 9639.69 9623.49 9610.63 9609.83 9615.67 9628.34 9638.09 9639.74 9652.92 9660.67 9665.08 9668.18 9680.5 9679.45 9679.98 9687.63 9685.8 9682.65 9690.04 9686.66
10272.1 10267.2 10267 10271.3 10272.6 10274 10274.9 10275.6 10275.7 10274.4 10271 10264.9 10263.6 10265 10265.4 10264.2 10262.5 10262.7 10267.2 10274.8 10283.3 10292.6 10303.9 10313.4 10321.3 10327.7 10329.9 10325.3 10323.6 10318.7 10314.8 10308 10267.3 10223.6 10174.3 10125.2 10105.2 10074.8 10027.1 9965.52 9903.06 9848.8 9792.7 9740.7 9711.57 9697.62 9684.51 9670.24 9654.64 9640.52 9638.05 9642.57 9653.76 9664.65 9666.86 9673.27 9693.47 9696.15 9699.38 9715.4 9717.25 9716.97 9716.7 9726.82 9724.92 9724.81 9714.39
10269.6 10264.7 10263.4 10265.4 10269.2 10273.8 10274.5 10273.8 10272.5 10270.3 10266.5 10258.9 10255.8 10255.9 10255.4 10254.5 10254 10256.2 10263.2 10273.4 10286.3 10297.6 10305.7 10312.4 10318.6 10323 10323.4 10320 10322.2 10323.1 10323.2 10318.2 10299.2 10282.6 10258.4 10232.2 10211.3 10191.4 10130.9 10060.9 9987.89 9916.85 9846.57 9784.04 9755.37 9740.03 9727.12 9712.6 9697.73 9687.27 9677.15 9675.91 9686.44 9700.56 9706.16 9713.98 9735.4 9741.75 9746.15 9759.47 9761.69 9761.44 9766.54 9758.27 9755.8 9751.22 9747.49
10267.4 10263.4 10263 10263.3 10267.4 10272.4 10273.1 10272 10269.8 10266.7 10262.7 10256.4 10252 10249.2 10246.4 10244.7 10245.7 10249.6 10258.1 10269.6 10283 10295.2 10303.6 10309.3 10314.1 10317.3 10317.1 10313 10316.1 10317.5 10316.5 10310.5 10300.3 10290.3 10283.1 10280.2 10275 10269.4 10211.3 10149.5 10072.2 9989.59 9910.9 9846.36 9813.22 9795.43 9781.02 9765.21 9750.65 9734.75 9723 9718.71 9727.4 9743.1 9750.92 9757.24 9780.72 9787.37 9791.83 9799.12 9800.72 9801.04 9797.14 9794.56 9792.19 9785.99 9782.66
10265.1 10259.7 10256.8 10262.3 10268.3 10270.7 10271.1 10269.6 10266.9 10263.3 10259.1 10255.3 10250.5 10244.3 10239 10236.1 10238.1 10243 10251.7 10262.8 10276.1 10289.1 10298.7 10304.3 10307.9 10310.6 10311.9 10307.5 10308.4 10308 10306 10301 10291.3 10279.4 10278.2 10283.1 10284.7 10279 10252.5 10213.2 10140.8 10058.1 9975.97 9908.71 9878.7 9859.38 9843.04 9829.15 9812.43 9795.94 9779.64 9770.49 9777.83 9794.44 9798.12 9807.67 9818.4 9822.98 9825.57 9823.07 9822.97 9817.34 9815.66 9813.58 9811.2 9805.81 9803.05
10263.6 10257.7 10254.8 10261.5 10267.4 10268.8 10269.1 10267.4 10264 10259.6 10254.9 10251.1 10246.7 10239.5 10233.3 10229.7 10231.6 10236.6 10244.2 10254.1 10265.8 10280.2 10290.9 10296.9 10300.3 10301.8 10300.8 10299.3 10298.4 10295.8 10292.7 10289.1 10279.4 10267.2 10265.5 10265.6 10274.6 10274.9 10266.5 10242.3 10186.5 10118.7 10046.9 9983.88 9953.06 9930.12 9912.66 9898.03 9881.01 9862.97 9846.01 9841.07 9838.05 9849.72 9853.38 9856.73 9856.52 9856.95 9850.86 9848.63 9846.05 9840.17 9837.12 9834.09 9830.26 9826.82 9824.05
10264 10259.7 10259.7 10260.1 10262.8 10266.5 10267.6 10265.6 10261.1 10255.7 10249.9 10244.7 10240.6 10234.2 10228.2 10223.9 10224.5 10229 10236.1 10245.1 10256.5 10271.7 10284.4 10288.6 10291.5 10292.5 10291.5 10290.6 10287.3 10283.7 10279.5 10274.5 10267.1 10259.6 10257.4 10258.4 10266.4 10270.5 10265.4 10249.5 10214.2 10169.5 10124.1 10068.6 10030.4 10003.7 9985.35 9971.49 9956.11 9932.23 9918.6 9900.96 9902.33 9912.19 9917.09 9907.51 9903.21 9898.54 9891.15 9888.75 9879.94 9877.44 9873.66 9862.8 9859.58 9855.22 9850.85
10264.1 10258.9 10255.4 10256.5 10260.2 10266 10268.7 10263.7 10257.7 10251.6 10245.5 10240.1 10235 10228.9 10223.6 10220.1 10218.4 10221.5 10228.2 10236.7 10247.8 10260.7 10270.9 10278.1 10282.5 10283.8 10283.1 10280.8 10277 10272.5 10267.6 10263.3 10259.6 10260.8 10254 10246.8 10248.2 10253 10254.4 10247.5 10228.3 10204.7 10187.4 10141.9 10098.2 10071.1 10056.1 10047.4 10043.2 10026.2 10014.2 9995.3 9986.57 9985.64 9979.89 9964.21 9948.17 9936.89 9930.99 9923.89 9914.99 9908.47 9902.79 9898.24 9895.36 9891.19 9885.73
10263.8 10258 10254.6 10254.4 10254.2 10263.3 10266.2 10259.4 10252.9 10246.7 10240.7 10234.8 10228.8 10223.4 10219 10216.1 10214.4 10215.9 10220.9 10228.2 10238.6 10250.5 10260.8 10269.5 10274.3 10275.7 10273.9 10270.4 10266.9 10262.4 10257.7 10253.1 10251.1 10255.7 10248.9 10236.7 10230 10233.9 10236.2 10234.7 10228.7 10215.8 10202.8 10176.5 10144 10122.4 10114.1 10114.9 10129.3 10134.8 10126.2 10105.6 10084.5 10063.3 10042.8 10015.6 9997.59 9981.66 9969.19 9960.03 9946.46 9938.09 9931.11 9925.22 9924.56 9921.39 9917.66
10263.2 10256.7 10252.4 10253 10259.8 10259.2 10256 10251.4 10246.4 10241.1 10235.6 10229.3 10223 10218.1 10213.9 10210.4 10208.2 10209.9 10214.2 10220.6 10230.7 10243.6 10256.3 10262.6 10267 10269.2 10267.2 10261.7 10257.7 10253 10247.8 10243.6 10241.9 10246.9 10242.5 10232.9 10225.3 10222.3 10218.4 10218.5 10221.8 10215.5 10205.1 10189.2 10169.5 10156 10151.4 10158.9 10181.8 10201.9 10212.1 10194.8 10170.3 10130 10092.5 10062.1 10039.1 10020.3 10005.9 9987.97 9977.49 9968.1 9962.65 9952.58 9947.43 9943.2 9939.63
10262.8 10255.3 10249.5 10249.3 10253.1 10251.4 10244.6 10242.5 10239.3 10235.3 10231 10226.7 10219.9 10213.7 10209.2 10205.8 10203 10204.5 10208.2 10214.4 10224.2 10236.1 10246.4 10254.8 10260 10262.7 10261.4 10256.4 10249.6 10243.9 10238.9 10235.1 10234.8 10239.6 10235.8 10230.1 10223.9 10215.6 10209.2 10209.5 10214.8 10214 10207.7 10195.7 10182.2 10172.6 10169.5 10174.3 10188.6 10206.9 10224.1 10223.1 10206.6 10164.4 10127 10096.8 10070.9 10052.6 10027.5 10014 10003.1 9993.2 9984.99 9978.63 9973.41 9969.19 9965.19
10262.1 10254.2 10248 10246.3 10249 10246.8 10240.2 10236.5 10233.4 10229.9 10226 10221.9 10215.5 10209.1 10204.4 10201.9 10200.8 10200.1 10202.8 10208 10218.4 10230.2 10241.4 10249 10253 10254.1 10251.9 10246.8 10240.6 10235.1 10230 10225.7 10225.3 10229.5 10225.3 10220.4 10216.2 10207.7 10202.8 10203.3 10207.3 10209.7 10209.8 10197.1 10186.4 10177.6 10172.9 10171.3 10172.5 10183.7 10199.7 10204.2 10194.1 10170.5 10140.4 10114.4 10091.5 10069.2 10052.3 10039.5 10019.6 10009.7 10005.8 9999.27 9994.14 9985.74 9983.94
10261.5 10253.6 10247.5 10245.5 10248.2 10246 10237.5 10232.4 10228.9 10225 10220.5 10215.2 10209.5 10203.8 10198.4 10194.5 10192.8 10194.5 10198.3 10204.7 10214 10225.2 10235.7 10243.3 10247.3 10246.9 10243.5 10235.9 10232.4 10227.2 10221.8 10215.9 10210.6 10213.5 10211.3 10204.8 10199.2 10197.3 10194.3 10195.2 10196.3 10196.7 10194.9 10189.1 10182.2 10175.2 10168.7 10163.8 10157.9 10160.2 10168.4 10174 10167.5 10158.4 10144.3 10126 10100.5 10085.5 10072.8 10056.3 10046.7 10038 10030.5 10024.3 10011.6 10007.4 10005
10260.6 10252.8 10247.2 10245.1 10247.4 10245.7 10236.4 10230.1 10225.6 10221 10215.8 10210.3 10204.5 10197.9 10192 10187.8 10186.8 10189.3 10193.8 10200.8 10210.3 10220.9 10230.8 10239 10244.3 10244.5 10240.7 10235.1 10228.1 10221.4 10215.6 10209.1 10203 10201.4 10200.3 10195.9 10192.1 10190 10188.4 10188 10187.5 10183.9 10180.2 10178.7 10174.3 10168.3 10162.1 10156.3 10150.2 10150.6 10153.8 10156.9 10152.2 10150.8 10144.4 10133.1 10110.1 10098 10088.3 10069.5 10061.4 10052.1 10040.4 10034.4 10030.8 10025.4 10026.8
10258.6 10250.9 10245.5 10243.4 10245 10244 10236 10228.9 10223.4 10217.6 10211.5 10205 10198.2 10191.8 10186.5 10182 10182.1 10185.2 10189.8 10196.7 10207 10217.7 10227.8 10236.7 10243.6 10247 10238.7 10231.9 10222.7 10216.2 10211.5 10205.8 10199.6 10197.1 10194.9 10191.6 10188.6 10185 10182.5 10183 10182.3 10179.8 10175.3 10171.7 10167.3 10162.1 10156.6 10152.4 10150 10151.4 10154.8 10154.7 10151.2 10146.6 10143 10133.4 10116.6 10108.5 10091 10082.5 10076.4 10060.5 10054 10048.5 10043.7 10034.8 10041.3
10255.7 10247.4 10241.6 10239.1 10240.2 10241 10234.7 10227.8 10221.4 10214.7 10207.9 10200.5 10193.1 10188.2 10183.8 10179.4 10179 10182.3 10187.9 10195.3 10204.5 10214.9 10225.5 10234.8 10240.5 10243.9 10232.9 10217.8 10211.7 10212.4 10209.9 10206.2 10200.7 10195.8 10193 10190.4 10187.4 10184.3 10180.9 10180.8 10179.9 10179 10173.3 10167.6 10162.2 10156.8 10151.9 10149.5 10151.8 10151.8 10152.8 10150.5 10142.4 10138.5 10137 10130.2 10121.8 10109.2 10102.3 10093.9 10079.5 10073.9 10076.3 10072.7 10061.6 10059.1 10057
10250.9 10241.9 10234.8 10230.6 10231.5 10234.6 10231.2 10225.7 10218.6 10211.4 10204.7 10198.3 10192.5 10188.4 10184.3 10180 10177.5 10180.2 10186.4 10193.7 10202 10211.8 10221.4 10228.9 10232.2 10231.7 10227.7 10221.7 10217.5 10212.4 10209.9 10207.8 10201.8 10195.5 10193.5 10190.8 10188.3 10188.6 10186.2 10181.5 10178.2 10173.9 10170 10164.2 10158.2 10152.6 10146.8 10142.6 10142.1 10145.3 10148.5 10146.7 10137.4 10130.5 10126 10123.8 10119.1 10113.5 10109 10106.3 10094.2 10090.8 10088.3 10079.9 10077.3 10076.2 10074.4
10245.2 10235.2 10226.4 10219.5 10219.8 10223.9 10223.5 10220.6 10213.6 10206.7 10201.1 10196.4 10192.5 10189.1 10186.9 10183.9 10179.3 10178.8 10183 10189.6 10198.5 10208.6 10217.5 10222.9 10227.1 10227 10224.5 10220.4 10215.3 10212 10209.4 10207.5 10201.2 10196.7 10196.2 10195.3 10192.3 10191.2 10187.5 10181.9 10177 10172.4 10167.4 10161.6 10155.5 10149.3 10142 10134.6 10131.7 10137.6 10142.7 10142.4 10131.6 10122.3 10116.2 10114.3 10112.9 10112.2 10111.3 10106.7 10104 10099.8 10098 10090.3 10089.4 10087.6 10085.8
10239.1 10228.4 10218.6 10210.5 10208 10210 10210.9 10211.2 10205.1 10199.8 10196 10193.3 10191.3 10189.2 10189.6 10189 10182.7 10177.7 10175.7 10182.9 10194.1 10206.1 10217.2 10225.4 10228.2 10226.2 10222.5 10217.7 10213.4 10210.3 10207.5 10205.2 10200.7 10198.5 10199.3 10199.8 10195.9 10191.1 10185.7 10180.3 10174.9 10170.8 10165.2 10159.3 10153.5 10147.5 10139.7 10130.4 10127.9 10133.4 10136.5 10134.1 10123.1 10113.3 10107.5 10105.6 10105.6 10105.7 10107.5 10105.3 10104.7 10104.3 10103.3 10102.2 10098.7 10097.4 10095.9
10233.1 10222.1 10211.6 10202 10195.9 10192.8 10193.4 10194.3 10192.7 10190.6 10188.8 10188.2 10189.3 10186.2 10188 10190 10184.2 10176.9 10170.2 10177.4 10189.9 10203.6 10217.2 10229 10228.9 10224.7 10220.8 10216.3 10212 10208.7 10205 10200.4 10197.8 10198.3 10199.8 10201.3 10198.4 10192 10184.5 10177.2 10170.5 10166.9 10161.4 10156.8 10151.9 10147.4 10143.1 10137.4 10134.3 10135 10133 10125.9 10112.5 10100.3 10097.9 10098.3 10099.2 10099.9 10100.5 10100.4 10100.5 10100.1 10099.3 10098.4 10098.2 10097 10095.6
10227.7 10216.8 10205.8 10195.3 10187.1 10182.8 10180.9 10180.1 10180.3 10180.5 10180.2 10179.7 10179.6 10177 10179.5 10182.4 10180.6 10175.3 10168.9 10174.2 10185.7 10199.7 10214.4 10226.3 10225.1 10221.8 10218.7 10214.9 10211.3 10207.8 10203.7 10199.6 10197.6 10196.3 10196.5 10198.4 10199.3 10193.3 10183.5 10173.2 10163.1 10157.8 10156.2 10153.6 10150.8 10148.7 10148.3 10150.2 10145.3 10140.4 10134.9 10122.6 10109.5 10090.4 10093.7 10095.2 10095.2 10096 10095.7 10095 10094.4 10094.4 10093.7 10092.8 10093.4 10092.4 10091.2
10223.3 10212.9 10202.2 10191.7 10183.4 10179 10175.5 10171.1 10171 10172 10171.8 10170.6 10168 10166.3 10168.8 10171.2 10171.3 10168.8 10164.9 10169.7 10181.1 10194.6 10208.5 10219.8 10221.7 10218.7 10216.1 10213.6 10212.1 10207.6 10202.6 10199 10196.1 10194.1 10193.7 10196.3 10198.3 10191.4 10181.2 10170.4 10159.2 10154.5 10153.1 10151.3 10149.7 10148.5 10148.5 10149.5 10147.6 10144.7 10142.5 10140.5 10125.2 10106 10099 10096.2 10093.9 10093 10091.9 10091 10090.1 10089.4 10089.3 10088.2 10088.9 10088.1 10087.3
