real_craters/C168-300m.grd
DSAA
429 429
-64.1375 64.1375
-64.1375 64.1375
7908.1273644893 10374.225642601
[rows 60 to 89 of 429, columns 268 to 334 of 429]
9764.55 9737.42 9638.05 9542.38 9462.44 9391.68 9365.91 9378.47 9390.98 9398.65 9401.48 9400.34 9399.36 9418.19 9462.94 9512.14 9565.39 9620.61 9703.77 9770.22 9812.61 9804.1 9752.9 9695.45 9654.51 9660.21 9680.63 9696.06 9702.56 9704.94 9707.41 9708.29 9707.38 9702.62 9695.64 9688.84 9682.39 9676.28 9670.62 9665.46 9660.38 9655.67 9652.04 9648.9 9647.91 9645.67 9643.96 9643.13 9642.83 9644.86 9652.81 9668.11 9679.9 9679.38 9673.77 9668.47 9667.29 9664.31 9661.3 9658.36 9655.77 9652.47 9649.7 9646.17 9641.42 9636.03 9626.87
9750.82 9676.9 9559.52 9471.46 9415.42 9372.85 9354.14 9356.63 9365.45 9373.84 9379.83 9385.05 9393.47 9405.18 9421.59 9439.57 9463.88 9531.13 9642.32 9748.9 9833.1 9836.54 9781.88 9724.2 9681.04 9676.02 9692.39 9702.31 9706.28 9708.81 9710.43 9711.02 9709.39 9704.03 9696.37 9688.93 9681.62 9674.68 9668.17 9662.49 9656.72 9652.25 9647.57 9644.2 9643.32 9641.44 9640.34 9640.8 9643.27 9647.07 9653.24 9661.59 9668.17 9666.1 9661.65 9660.39 9664.54 9663.71 9662.3 9660.88 9659.6 9657.67 9655.38 9652.41 9649.53 9645.4 9635.67
9731.03 9621.4 9499.86 9424.72 9388.48 9364.72 9353.42 9351.28 9355.65 9362.67 9370.58 9380.04 9392.41 9397.88 9401.59 9406.88 9413.1 9473.1 9593.11 9720.86 9827.3 9839.77 9793.44 9741.11 9700.24 9693.64 9698.85 9706.45 9710.67 9712.85 9713.39 9712.91 9710.29 9703.86 9695.5 9687.15 9679.1 9671.76 9664.93 9658.71 9652.72 9648.27 9644.09 9640.35 9637.83 9635.42 9634.82 9636.62 9640.99 9646.76 9648.54 9650.37 9653.34 9653.55 9652.62 9654.98 9661.05 9662.61 9663.17 9663.04 9663.07 9663.19 9662.38 9660.79 9658.7 9653.92 9644.86
9720.21 9598.26 9477.13 9407.74 9380.98 9366.17 9359.99 9355.37 9356.84 9362.08 9369.81 9380.06 9389.97 9392.92 9394.12 9399.63 9411.87 9439.3 9552.74 9681.91 9789.48 9812.3 9784.97 9746.63 9714.8 9707.01 9710.06 9712.8 9715.16 9716.63 9716.2 9713.56 9709.06 9702.08 9693.49 9684.83 9676.39 9669.05 9662.03 9655.52 9649.26 9643.99 9639.25 9635.16 9631.7 9629.41 9628.51 9629.8 9633.75 9640.15 9638.92 9635.13 9637.58 9643.69 9646.8 9652.01 9658.36 9661.92 9664.23 9665.31 9666.59 9668.12 9669.3 9669.65 9669.8 9668.87 9667.58
9715.35 9594.02 9480.28 9419.13 9389.4 9375.28 9369.96 9364.31 9363.64 9366.62 9373.62 9380.75 9388.86 9390.67 9392.29 9398.42 9406.81 9422.67 9518.74 9637.75 9738.51 9770.39 9763.05 9741.18 9719.59 9713.57 9713.85 9719.65 9722.61 9722.15 9719.07 9713.33 9706.09 9698.73 9689.92 9681.06 9673.02 9665.15 9658.06 9651.54 9645.53 9639.81 9634.76 9630.28 9626.59 9623.66 9621.36 9620.9 9622.17 9622.78 9625.93 9627.04 9631.84 9639.78 9645.52 9652.2 9658.59 9662.69 9665.99 9668.55 9670.74 9673.25 9675.21 9677.17 9679.56 9682.8 9686.45
9713.58 9602.46 9492.2 9438.58 9405.42 9388.9 9382.17 9374.64 9371.83 9372.64 9376.83 9381.41 9387.56 9389.34 9391 9395.99 9401.56 9410.86 9487.98 9593.07 9683.94 9726.51 9737.06 9731.02 9719.5 9716.64 9720.14 9728.24 9732.21 9728.34 9721.05 9713.04 9704.06 9694.34 9684.69 9676.02 9668.28 9660.88 9654.06 9648.06 9642.11 9635.82 9630.63 9625.89 9622.22 9618.64 9615.02 9612.42 9612.83 9615.53 9619.19 9624.08 9632.24 9641.33 9649.36 9656.8 9660.4 9664.34 9667.57 9670.98 9673.77 9676.12 9679.2 9682.76 9687.51 9691.81 9695.03
9724.18 9624.78 9525.7 9458.58 9423.9 9403.89 9393.43 9384.64 9380.54 9379.18 9380.69 9383.43 9387.23 9387.63 9389.5 9393.11 9398.88 9403.44 9464.95 9559.62 9641.09 9691.88 9714.68 9721.27 9719.04 9719.01 9725.46 9736.4 9744.17 9731.58 9718.66 9708.7 9698.38 9687.25 9677.77 9669.97 9662.8 9656.12 9649.49 9643.81 9638.17 9631.63 9626.57 9622.38 9618.15 9613.91 9609.4 9604.48 9599.11 9603.16 9615.02 9627.81 9636.91 9645.17 9652.23 9657.33 9661.57 9665.85 9669.24 9672.55 9675.7 9678.93 9682.73 9686.69 9691.83 9696.71 9700.43
9748.16 9651.67 9542.85 9481.59 9444.44 9420.27 9405.54 9395.08 9388.93 9386.63 9386.11 9387.05 9388.54 9387.9 9388.91 9391.69 9398.46 9405.91 9457.5 9547.7 9626.01 9675.6 9701.88 9713.59 9717.89 9719.92 9724.92 9735.24 9740.13 9724.52 9708.06 9694.43 9684.57 9676.48 9669.01 9662.84 9656.36 9650.13 9644.39 9639.33 9634.11 9627.99 9623.13 9618.8 9614.35 9610.19 9606.06 9602.13 9596.69 9594.23 9616.18 9633.49 9642.43 9649.72 9655.24 9658.78 9662.67 9665.36 9669.16 9672.37 9675.61 9680.6 9684.62 9689.11 9693.14 9697.24 9699.39
9779.83 9688.8 9577.46 9506.78 9465.96 9438.53 9419.92 9407.46 9400.36 9396.46 9394.57 9393.53 9392.72 9391.38 9391.8 9394.69 9405.7 9423.59 9470.72 9560.47 9633.53 9677.78 9700.26 9710.65 9717.02 9720.16 9721.38 9722.49 9719.62 9707.5 9692.07 9676.83 9668.77 9664.12 9659.4 9654.74 9649.75 9644.51 9639.55 9634.69 9629.6 9624.36 9619.85 9615.62 9611.21 9607.72 9604.73 9603.91 9610.21 9618.73 9624.43 9637.17 9646.04 9653.71 9660.49 9664.86 9663.41 9664.91 9669.09 9672.64 9675.79 9680.86 9685.2 9688.96 9692.2 9694.77 9695.72
9824.81 9730.88 9616.34 9533.36 9489.62 9461.14 9439.46 9424.44 9416.85 9411.99 9408.09 9405.77 9403.18 9400.36 9399.92 9403.01 9422.03 9460.51 9505.49 9597.99 9664.06 9694.79 9708.54 9713.39 9718.64 9720.88 9716.87 9706.48 9697.43 9689.44 9676.57 9662.69 9656.56 9653.39 9650.33 9646.88 9642.93 9638.49 9634.2 9629.69 9624.9 9620.31 9616.26 9612.15 9608.56 9605.36 9602.92 9602.05 9602.85 9611.13 9624.92 9637.83 9645.78 9654.25 9659.82 9658.77 9660.01 9662.11 9667 9670.77 9674.54 9678.36 9681.83 9686.57 9690.02 9691.76 9690.28
9837.66 9759.88 9654.46 9569.26 9521.16 9492.23 9468.92 9451.22 9442.27 9434.66 9427.93 9423.51 9419.79 9417.36 9417.42 9421.95 9449.36 9506.2 9550.95 9648.46 9703.01 9718.16 9721.45 9722.94 9723.21 9723.92 9713.12 9698 9686.49 9678.11 9666.13 9653.74 9648.52 9645.57 9642.15 9639 9635.43 9631.25 9627.39 9623.79 9619.52 9616.07 9612.59 9608.56 9605.74 9603.24 9601.38 9600.1 9600.21 9607.29 9620.11 9631.88 9639.5 9647.86 9652.74 9651.01 9653.09 9656.37 9659.68 9665.71 9670.14 9674.78 9679.95 9682.98 9687.37 9688.81 9686.99
9823.74 9769.22 9684.83 9609.17 9560.84 9534.2 9511.71 9491.96 9480.56 9468.76 9455.27 9444.74 9443.35 9446.12 9448.46 9457.02 9495.07 9566.74 9607.63 9705.01 9740.48 9737.76 9728.64 9721.33 9720.93 9719.11 9709.56 9699.36 9686.42 9673.72 9661.15 9650.17 9644.11 9639.73 9636 9632.89 9628.83 9625.34 9621.88 9618.78 9614.94 9612.13 9609.21 9606.38 9604.12 9601.63 9600.43 9600.09 9601.38 9605 9611.33 9619.56 9628.05 9635.44 9638.35 9640.61 9645.28 9649.65 9653.65 9659.9 9664.66 9670.46 9675.89 9680.21 9683.71 9686.73 9689.08
9810.12 9772.39 9707.29 9643.36 9606.48 9589.01 9569.94 9547.72 9535.37 9517.92 9494.13 9473.93 9478.84 9489.65 9498.78 9509.85 9556.13 9632.86 9679 9751.69 9761.22 9746.21 9729.53 9717.1 9714.08 9709.13 9703.25 9697.36 9685.46 9672.04 9658.99 9647.97 9641.59 9635.79 9630.99 9627.43 9623.38 9620.13 9617.01 9614.24 9612 9609.41 9606.91 9605.04 9602.79 9601.12 9600.16 9600.26 9600.84 9601.76 9603.69 9608.62 9615.58 9621.77 9625.94 9631.36 9637.57 9642.72 9647.51 9653.88 9658.88 9665.33 9671.41 9675.98 9680.3 9684.57 9689.11
9803.01 9781.17 9732.49 9683.14 9668.22 9657.15 9644.64 9627.87 9611.06 9585.58 9551.55 9524.07 9534 9552.23 9568.28 9583.41 9630.1 9703.9 9744.85 9757.78 9754.87 9741.48 9725.26 9713.47 9708.76 9703.41 9695.53 9688.31 9680.16 9669.83 9659.44 9648.96 9640.39 9632.86 9627.49 9622.85 9619.77 9616.65 9613.91 9611.25 9609.97 9607.61 9605.43 9604.2 9602.71 9601.13 9600.1 9599.5 9599.71 9599.31 9599.33 9601.56 9605.02 9608.51 9617.54 9625.28 9631.03 9636.34 9641.51 9647.93 9652.83 9657.96 9664.21 9669.27 9674.04 9679.19 9683.32
9802.86 9795.04 9762.61 9733.73 9733.01 9730.57 9727.94 9721.95 9703.75 9669.82 9628.93 9599.75 9608.41 9628.33 9652.47 9677.09 9705.6 9741.3 9747.88 9734.01 9738.47 9730.6 9717.12 9707.28 9703.97 9695.76 9686.36 9683.48 9675.54 9665.91 9658.54 9649.43 9637.6 9629.45 9624.29 9620.25 9617.06 9614.3 9612.09 9609.86 9608.72 9606.68 9604.79 9603.54 9601.13 9600.16 9599.46 9599.54 9598.57 9598.55 9597.74 9598.05 9598.41 9599.87 9615.2 9620.57 9625.08 9630.36 9635.25 9642.2 9647.28 9652.64 9657.59 9662.49 9667.27 9670.76 9673.59
9802.14 9805.74 9785.37 9778.21 9789.87 9795.18 9804.21 9816.12 9801.36 9758.85 9717.37 9690.16 9688.99 9704.23 9732.19 9766.79 9762.67 9749.37 9734.45 9733.58 9730.6 9721.34 9708.73 9700.68 9697.06 9693.19 9691.74 9686.62 9671.73 9657.62 9646.06 9637.91 9630.4 9624.17 9620.18 9616.71 9614.24 9612.01 9610.1 9608.48 9605.85 9604.28 9602.79 9601.85 9601.82 9600.59 9599.6 9599.69 9599.39 9599.54 9600.5 9597.74 9595.81 9596.36 9607.86 9613.46 9618.49 9623.74 9629.15 9635.15 9640.05 9645.03 9649.92 9655.49 9660.29 9662.73 9663.52
9788.65 9782.74 9791.47 9801.15 9821.26 9836.19 9853.91 9880.06 9875.65 9828.2 9791.08 9767.09 9755.61 9762.55 9784.8 9809.75 9788.94 9758.02 9734.82 9738.54 9728.25 9715.09 9702.82 9695.72 9692.38 9690.38 9688.06 9679.9 9663.59 9646.98 9630.6 9623.76 9621.52 9618.15 9615.24 9612.73 9610.6 9609.26 9607.68 9606.02 9605.01 9603.74 9602.51 9602.09 9600.82 9599.76 9598.76 9598.56 9598.86 9598.63 9599.2 9596.95 9595.01 9593.87 9595.86 9604.99 9611.83 9617.64 9623.15 9629.03 9634.75 9639.76 9644.66 9650.45 9653.78 9655.64 9655.71
9783.19 9783.04 9791.13 9808.18 9830.68 9848 9865.73 9887.54 9888.65 9857.83 9834.39 9812.55 9795.95 9793.92 9803.6 9811.95 9790.35 9764.06 9748.74 9743.63 9725.36 9708.92 9696.38 9690.33 9688.7 9684.39 9676.24 9665.1 9651.9 9637.65 9624.84 9617.93 9615 9612.89 9611.08 9609.65 9608.31 9607.4 9606.23 9606.01 9604.06 9602.95 9603.07 9601.72 9600.57 9599.43 9598.03 9595.67 9594.51 9595.35 9595.23 9594.59 9594.28 9594.22 9593.3 9599.44 9605.68 9611.83 9617.78 9624.55 9630.14 9635.51 9640.45 9644.22 9647.79 9651.44 9652.42
9774.21 9774.19 9783.08 9800.68 9819.76 9834.51 9847.43 9856.06 9853.55 9847.82 9844.73 9828.34 9807.92 9798.35 9796.31 9792.69 9775.39 9754.83 9737.07 9732.28 9716.72 9700.37 9686.43 9681.67 9679.63 9673.43 9664 9652.01 9640.24 9628.86 9619.56 9613.65 9610.85 9609.96 9608.54 9608.53 9608.02 9607.48 9606.73 9606.01 9604.41 9603.33 9602.72 9601.18 9600.23 9598.92 9597.87 9597.25 9594.92 9592.76 9591.67 9591.69 9592.22 9592.63 9592.25 9595.98 9601.33 9607.27 9612.99 9619.63 9624.82 9630.02 9634.9 9639.86 9644.1 9647.58 9651.25
9770.48 9765.93 9769.2 9783.41 9799.16 9810.13 9817.05 9815.66 9808.01 9812.87 9817.74 9809.07 9794.13 9782.12 9772.93 9763.85 9752.18 9737.53 9721.61 9712.41 9702.17 9689.98 9678.5 9672.16 9667.6 9658.76 9647.72 9639.5 9629.22 9619.85 9612.3 9608.75 9607.43 9607.11 9606.96 9606.82 9607.15 9606.83 9606.22 9605.6 9604.57 9603.44 9602.31 9601.1 9599.66 9598.26 9597.19 9596.94 9593.66 9590.24 9588.84 9588.89 9589 9588.18 9589.05 9593.34 9598.44 9604.09 9609.58 9614.97 9619.44 9624.4 9629.18 9634.44 9640.23 9644.13 9648.38
9760.28 9752.69 9750.88 9761.62 9774.09 9785.28 9787.64 9781.52 9770.95 9773.33 9775.64 9774.91 9767.32 9755.64 9743.18 9733.86 9726.65 9717.69 9706.34 9693.54 9686.92 9679.04 9670.6 9661.68 9653.72 9643.73 9633.01 9626.48 9619.11 9612.02 9606.5 9604.69 9605.02 9605.34 9605.75 9605.47 9605.95 9606.01 9605.63 9604.5 9604.68 9603.12 9602.69 9601.11 9599.27 9597.6 9595.56 9593.86 9590.51 9586.91 9586.1 9587.26 9587.25 9585.94 9587.46 9591.48 9596.36 9601.65 9606.78 9611.94 9616.08 9620.78 9625.37 9629.58 9634.94 9639.42 9644.26
9745.25 9738.26 9734.62 9742.25 9748.75 9762.03 9765.11 9757.77 9746.48 9744.13 9743.07 9745.33 9740.57 9729.01 9714.15 9705.85 9702.7 9697.53 9688.34 9677.2 9673.11 9667.96 9659.76 9649.07 9639 9629.77 9622.3 9616.22 9611.23 9606.65 9603.4 9603.02 9603.82 9604.68 9605.48 9606.93 9606 9607.29 9606.96 9606.34 9605.62 9604.46 9603.29 9601.6 9599.14 9596.87 9593.98 9590.93 9587.95 9585.37 9585.49 9587.76 9589.47 9587.8 9587.74 9590.58 9594.55 9599.31 9603.87 9608.87 9612.92 9617.31 9621.66 9625.67 9629.27 9633.93 9638.93
9734.41 9732.02 9731.98 9730.96 9733.73 9749.77 9752.05 9743.84 9732.49 9731.53 9732.05 9728.78 9719.96 9707.8 9693.77 9686.1 9682.9 9679.25 9672.56 9662.94 9661.57 9658.86 9650.48 9635.89 9623.33 9616.98 9611.66 9608.64 9606.41 9604.02 9602.6 9602.95 9604.19 9605.67 9606.65 9608.27 9608.64 9608.6 9608.13 9607.52 9607.37 9606.03 9604.31 9602.44 9599.96 9597.12 9593.98 9589.78 9587.07 9585.02 9586.04 9589.08 9592.31 9590.06 9588.09 9590.19 9593.24 9597.25 9601.03 9605.43 9608.71 9612.55 9616.43 9620.01 9623.08 9627.67 9632.11
9731.74 9730.05 9725.57 9724.46 9725.58 9744.82 9743.95 9736.19 9730.18 9732.11 9733.78 9719.32 9705.02 9691.32 9679.01 9670.81 9666.62 9663.57 9657.23 9651.89 9651.69 9648.88 9640.59 9625.32 9612.87 9609.17 9606.38 9606.5 9605.89 9603.93 9603.52 9604.81 9606.49 9608.27 9609.06 9610.19 9610.81 9609.99 9611.16 9610.28 9609.11 9607.69 9605.83 9603.58 9600.95 9597.81 9595.01 9592.23 9587.33 9584.8 9586.65 9589.82 9591.35 9585.88 9587.63 9590.46 9593.25 9595.78 9598.94 9602.4 9604.5 9607.57 9610.74 9613.59 9616.39 9620.06 9625.07
9730.46 9728.14 9723.65 9722.58 9721 9728.36 9730.71 9727.71 9726.52 9726.88 9721.58 9706.43 9690.75 9676.16 9663.34 9655.78 9651.33 9650.04 9647.56 9639.78 9642.72 9640.55 9633.76 9622.02 9612.42 9609.77 9608.48 9610.19 9611.06 9608.51 9607.93 9609.18 9610.55 9611.92 9612.33 9612.61 9612.6 9612.17 9612.62 9611.8 9610.77 9609.33 9607.5 9605.06 9602.18 9598.65 9594.74 9591.08 9587.64 9585.31 9588.29 9591.81 9592.03 9588.78 9589.64 9591.67 9593.61 9595.37 9597.16 9597.92 9600.23 9602.3 9604.51 9606.35 9609.43 9612.59 9616.65
9732.32 9733.57 9734.61 9726.25 9715.04 9711.78 9714.83 9715.75 9716.46 9714.12 9704.17 9690.34 9674.76 9660.54 9649.33 9640.58 9634.98 9631.82 9631.91 9636.77 9635.11 9636.63 9633.62 9628.22 9621.89 9617.76 9618.82 9624.5 9621.5 9617.7 9615.99 9615.33 9615.32 9615.45 9615.21 9614.85 9614.52 9614.23 9613.79 9612.82 9612.13 9610.88 9608.72 9607.22 9604.56 9601.2 9595.84 9591.37 9590.08 9589.45 9591.61 9595.7 9599.12 9595.29 9593.76 9594.25 9595.12 9596.3 9597.06 9596.61 9597.68 9599.19 9600.37 9600.97 9602.61 9604.69 9606.3
9734.15 9734.51 9739.77 9729.32 9713.05 9702.7 9700.62 9702.63 9703.34 9699.19 9688.47 9674.08 9657.74 9642.54 9632.77 9624.64 9619.71 9614.09 9614.86 9618.31 9623.14 9628.48 9631.06 9632.54 9629.58 9626.14 9628.16 9633.29 9631.72 9628.07 9625.02 9621.94 9620.01 9619.19 9618.21 9617.61 9616.9 9616.1 9615.38 9614.94 9613.96 9612.8 9610.97 9609.79 9608.03 9605.85 9602.92 9597.99 9593.65 9592.28 9594.28 9598.3 9601.25 9599.16 9597.25 9596.7 9596.53 9596.86 9596.48 9596.99 9595.93 9596.82 9597.09 9596.61 9596.56 9595.68 9594.48
9735.86 9737.51 9737.17 9727.27 9710.17 9694.3 9690.22 9691.18 9691.23 9687.96 9675.29 9659.03 9641.58 9623.4 9610.09 9610.16 9608.99 9607.64 9607.6 9609.77 9612.86 9617.9 9623.79 9629.63 9629.44 9628.16 9629.83 9632.84 9636.17 9639.74 9632.65 9627.14 9623.78 9621.76 9620.26 9619.04 9618.89 9617.4 9616.71 9616.05 9615.07 9614.07 9612.82 9611.86 9611.17 9610.61 9610.14 9603.66 9595.8 9592.67 9595.13 9599.03 9601.8 9600.23 9599.05 9597.85 9596.64 9596.07 9595.2 9594.85 9594.46 9594.07 9593.84 9592.67 9591.44 9587.64 9584.58
9735.72 9736.03 9733.44 9724.97 9711.25 9692.53 9686.61 9682.42 9679.72 9675.1 9661.33 9645 9628.45 9613.16 9603.53 9601.91 9602.32 9603.88 9602.64 9602.2 9603.6 9608.15 9613.99 9618.77 9622.91 9625.29 9626.87 9629.32 9632.65 9635.08 9632.72 9629.06 9626.19 9624.04 9622.19 9620.86 9619.79 9618.79 9618.06 9617.13 9616.18 9615.3 9614.41 9613.55 9613.23 9612.95 9612.66 9605.48 9596.85 9593.31 9595.39 9598.44 9599.93 9599.84 9599.48 9598.15 9596.4 9595.07 9593.64 9592.76 9591.71 9590.86 9589.59 9587.81 9585.68 9581.85 9577.85
9733.32 9734.28 9731.49 9724.74 9717.85 9712.95 9684.69 9675.19 9667.79 9659.42 9645.38 9631.77 9618.13 9606.47 9599.52 9597.63 9598.16 9597.53 9598 9596.98 9597.61 9600.71 9605.89 9609.34 9615.35 9620.2 9621.24 9621.2 9624.92 9629.42 9629.78 9628.53 9626.95 9625.02 9623.66 9621.66 9620.79 9619.91 9618.59 9617.73 9616.93 9616.17 9615.48 9614.56 9613.95 9612.93 9610.93 9604.98 9597.85 9594.82 9596 9598.39 9600.06 9600.36 9600.13 9598.46 9596.49 9594.67 9592.33 9590.99 9589.43 9587.69 9585.9 9583.74 9581.27 9577.91 9573.8
