real_craters/C168-1000m.grd
DSAA
74 74
-36.65 36.65
-36.65 36.65
2519.2084715304 4558.4852796514
[rows 30 to 59 of 74, columns 0 to 66 of 74]
3820.83 3853.12 3851.87 3837.86 3811.55 3798.98 3801.48 3806.47 3807.64 3802.67 3792.19 3816.07 3826.58 3827.21 3840.05 3843.11 3848.06 3842.12 3850.07 3892.37 3896.08 3913.73 3959.39 4033.25 4202.46 4413.12 4270.32 3975.67 3719.5 3414.57 3196.06 3054.09 3048.1 3034.23 3034.11 3064.75 3070.36 3077 3085.9 3100.23 3109.82 3122.77 3179.17 3310.9 3529.19 3715.04 4029.19 4293.94 4254.52 4070.1 3996.05 3965.76 3980.3 3999.6 3958.37 3946.05 3937.97 3944.25 3943.61 3918.62 3899.62 3889.93 3890.84 3898.01 3894.67 3897.21 3913.12
3819.84 3838.89 3848.79 3839.59 3825.08 3810.81 3808.89 3811.38 3815.44 3817.34 3820.3 3829 3825.94 3829.77 3830.15 3831.24 3841.32 3840.42 3863.52 3895.8 3890.37 3948.43 4003.87 4085.92 4241.59 4412.28 4072.15 3702.62 3465.43 3223.13 3036.44 2931.84 2959.57 2986.73 3015.94 3050.05 3059.63 3073.16 3086.78 3090.52 3078.21 3072.72 3095.34 3190.59 3363.75 3589.96 3901.89 4235.68 4249.91 4122.46 4003.68 3951.36 3953.91 3974.26 3946.64 3932.59 3928.23 3942.87 3936.66 3908.95 3900.34 3901.41 3894.92 3887.19 3886.21 3888.97 3895.47
3835.28 3833.32 3848.18 3837.1 3833.3 3823.6 3814.21 3818.68 3826.16 3832.69 3813.72 3806.44 3812.67 3813.5 3821.19 3836.66 3836.57 3860.41 3903.83 3909.87 3917.45 3968.89 4062.68 4177.58 4373.79 4274.79 3890.94 3504.18 3257 3051.22 2920.72 2876.12 2917.66 2965.4 3009.5 3038.1 3058.79 3083.34 3097.03 3083.45 3048.75 3030.99 3028.93 3099.99 3236.76 3478 3751.86 4076.13 4267.58 4293.03 4099.35 3976.25 3951.74 3966.15 3944.91 3922.82 3930.2 3940.84 3936.28 3912.06 3902.41 3897.56 3890.26 3882.44 3875.94 3875.12 3879.13
3809.88 3846.94 3832.41 3835.2 3830.63 3824.32 3816.18 3825.49 3830.95 3838.2 3826.95 3808.62 3807 3809.36 3832.3 3840.24 3841.69 3885.78 3905.19 3914.77 3911.08 3968.34 4116.62 4291.96 4466.26 4146.61 3758.85 3399.23 3147.59 2932.89 2846.16 2846.21 2897.79 2953.35 3020.1 3061.78 3118.41 3151.57 3128.93 3064.11 2999.92 2998.52 2990.67 3018.2 3122.8 3383.53 3631.67 3968.87 4300.29 4357.15 4111.28 4013.57 3973.35 3975.97 3951.16 3916.8 3925.32 3933.26 3931.89 3922.25 3905.84 3894.05 3883.75 3869.67 3864.42 3862.59 3867.86
3778.74 3815.37 3830.04 3839.24 3833.01 3834.73 3840.38 3834.68 3828.32 3823.45 3840.62 3820.52 3814.96 3828.61 3836.82 3833.81 3847.16 3880.38 3901.58 3898.17 3886.91 3960.28 4132.66 4349.66 4422.95 4048.28 3662.87 3332.12 3087.01 2886.82 2794.33 2834.52 2901.29 2961.38 3084.65 3219.09 3292.32 3294.32 3203.77 3076.51 2960.23 2966.34 2959.46 2980.07 3047.59 3314.1 3556.82 3944.89 4391.57 4415.62 4128.64 4028.45 3990.48 3986.98 3965.18 3957.14 3915.71 3915.37 3913.19 3923.34 3902.4 3888.69 3880.48 3872.6 3864.97 3855.36 3869.36
3772.44 3781.64 3824.08 3845.11 3848.04 3839.32 3848.64 3838.3 3827.32 3827.06 3844.68 3847.62 3821.97 3824.41 3828.58 3837.59 3847.26 3871.34 3890.26 3917.75 3899.85 3960 4111.2 4244.12 4392.74 4003.23 3626.78 3317.61 3050.24 2879.89 2793.19 2826.42 2880.94 2948.96 3157.81 3382.32 3502.25 3458.82 3311.63 3136.3 2984.67 2947.82 2927.11 2930.71 2992.93 3239.38 3481.22 3868.11 4285.2 4482.41 4176.82 4021.58 3989.46 3971.44 3960.48 3936.25 3907.27 3901.5 3891 3897.12 3898.05 3889.83 3878.01 3865.57 3860.14 3864.03 3861.81
3759.75 3804.48 3816.42 3845.94 3853.07 3834.99 3838.97 3830.44 3823.14 3812.83 3821.86 3845.13 3829.59 3820.98 3822.13 3829.82 3844.93 3874.94 3878.7 3894.35 3894.46 3953.52 4090.4 4274.83 4299.13 3952.71 3599.52 3316.17 3049.61 2882.88 2809.28 2800.63 2840.64 2953.83 3224.94 3576.72 3761.93 3670.18 3397.04 3169.32 2986.33 2912.29 2891.98 2895.36 2948.12 3176.84 3397.93 3765.63 4134.05 4383.75 4252.09 4062.69 3976.29 3961.63 3925.75 3935.47 3915.57 3905.35 3883.6 3880.97 3887.57 3886.66 3873.2 3860.55 3852.19 3853.49 3856.77
3765.85 3792.2 3840.18 3854.66 3855.38 3826.26 3818.26 3815.1 3817.25 3818.78 3813.55 3809.24 3825.81 3831.23 3829.51 3850.95 3837.42 3850.36 3869.35 3884.43 3899.77 3945.18 4047.43 4194.25 4232.79 3888.75 3562.62 3343.82 3075.52 2843.55 2751.02 2760.6 2822.55 2969.17 3197.24 3484.29 3676.4 3626.1 3360.49 3126.29 2949.92 2878.86 2867.37 2874.5 2917.86 3137.15 3343.15 3700.89 4140.95 4340.92 4300.2 4136.55 3990.76 3946.27 3918.02 3913.7 3912.11 3913.02 3873.52 3875.32 3870.98 3872.98 3869.42 3859.69 3844.67 3847.68 3847.34
3764.14 3791.5 3840.83 3847.23 3837.8 3833.89 3822.4 3816.4 3811.58 3810.9 3818.02 3811.29 3814.89 3819.52 3820.24 3833.9 3841.9 3841.9 3862.83 3876.11 3894.1 3931.27 4016.59 4187.09 4204.17 3856.18 3556.64 3394.41 3057.05 2795.71 2664.02 2689.03 2759.03 2895.75 3073.75 3283.74 3372.16 3344.97 3206.21 3048.32 2914.62 2879.87 2852.01 2840.63 2893.28 3113.5 3336.43 3664.92 4072.95 4366.74 4253.13 4124.45 4021.34 3934.96 3916.97 3892.33 3885.84 3885.42 3876.47 3871.22 3872.19 3876.01 3871.25 3865.54 3860.97 3842.02 3839.54
3770.99 3784.99 3822.69 3827.51 3838.2 3827.5 3825.49 3822.91 3814 3817.01 3824.65 3817.98 3815.58 3820.91 3839.63 3830.93 3839.78 3850.59 3853.19 3874.08 3891.53 3923.69 3997.94 4152.87 4151.41 3876.34 3610.22 3387.13 3114.49 2827.73 2635.58 2618.21 2656.31 2756.6 2900.3 3027.22 3106.31 3083.24 3033.88 2967.22 2924.85 2869.54 2828.13 2805.42 2843.7 3077.77 3337.16 3707.52 4117.24 4339.71 4233.05 4084.51 4010.64 3926.07 3910.85 3877.7 3869.59 3877.92 3870.9 3875.85 3888.69 3884.04 3875.78 3866.08 3852.93 3852.04 3850.87
3769.17 3776.18 3814.44 3833.87 3859.24 3845.21 3833.93 3825.52 3821.75 3827.1 3831.44 3823.3 3818.67 3820.25 3824.09 3835.16 3837.09 3843.26 3845.84 3887.79 3921.97 3931.55 3992.69 4154.91 4158.13 3947.57 3710.37 3490.3 3273 3007.82 2704.27 2595.01 2563.81 2623.39 2750.82 2872.77 2937.58 2928.92 2892.66 2861.73 2889.15 2832.91 2814 2801.04 2897.89 3157.44 3486.31 3836.9 4272.63 4383.7 4269.5 4077.98 3958.54 3920.5 3911.92 3878.84 3883.17 3891.23 3889.81 3887.86 3885.54 3884.38 3878.61 3873.3 3869.72 3872.15 3859.11
3767.85 3776.07 3782.77 3826.41 3845.77 3843.23 3836.59 3836.06 3831.71 3836.48 3837.49 3829.35 3822.6 3826.2 3828.04 3836.34 3841.29 3845.58 3847.67 3870.84 3929.58 3998.75 3988.78 4145.6 4176.41 3965.96 3773.15 3584.96 3388.05 3142.51 2819.13 2641 2519.21 2536.85 2640.65 2765.75 2881.38 2819.3 2774.11 2730.63 2723.38 2766.78 2842.09 2886.54 3065.98 3369.4 3724.71 4004.81 4311.93 4356.36 4249.53 4062.03 3936.93 3913.81 3904.52 3889 3891.67 3884.49 3884.29 3885.17 3879.56 3881.62 3879.25 3877.72 3874.55 3883.49 3879.68
3764.81 3764.33 3763.92 3795.12 3824.16 3831.75 3830.71 3821.35 3829.07 3841.35 3840.1 3832.06 3827.62 3834.68 3838.98 3836.33 3852.88 3855.33 3850.86 3859.38 3910.61 3966.46 3958.61 4099 4234.41 4074.45 3828.9 3663.06 3491.49 3272.4 3009.06 2798.3 2626.82 2572.27 2580.02 2673.59 2771.89 2744.21 2719.51 2710.65 2702.13 2854.65 2942.74 3055.95 3328.96 3670.87 4100.9 4403.59 4374.5 4281.13 4137.68 3989.96 3939.54 3921.48 3903.42 3891.37 3879.79 3889.48 3884.65 3884.8 3885.31 3879.92 3877.72 3876.15 3884.48 3879.98 3872.69
3759.68 3757.29 3757.9 3770.93 3798.73 3824.31 3839.69 3826.3 3826.45 3822.59 3826.48 3827.69 3830.55 3834.3 3838.64 3835.65 3832.51 3859.8 3864.04 3888.79 3886.4 3918.52 3918.41 3998.2 4137.88 4151.59 4024.56 3775.21 3623.53 3454.09 3206.67 3010.28 2848.41 2717.4 2697.07 2735.02 2789.77 2792.4 2770.64 2787.74 2748.98 2882.51 3073.02 3309.48 3625.61 3997.25 4379 4471.07 4378.6 4226.88 4062.13 3938.71 3930.87 3931.54 3930.42 3920.19 3901.28 3892.38 3904.67 3885.48 3878.94 3876.73 3872.93 3871.56 3878.31 3874.25 3875.56
3757.89 3761.24 3766.27 3776.9 3783.25 3813.46 3839.67 3839.55 3832.89 3833.8 3833.5 3826.5 3838.71 3833.79 3838.09 3845.96 3870.58 3876.31 3886.68 3900.8 3890.23 3891.1 3898.4 3926.86 4013.03 4127.24 4271.19 4014.92 3837.53 3590.26 3384.21 3226.82 3134.69 2943.57 2926.65 2888.55 2864.29 2814.55 2807 2853.14 2862.68 3020.35 3270.27 3586.28 4045.65 4373.77 4400.48 4300.14 4279.95 4178.64 4044.96 3927.01 3904.19 3912.39 3921.14 3907.88 3911.32 3898.21 3897.52 3894.14 3881.81 3872.79 3867.79 3866.71 3876.57 3905.89 3883.43
3761.75 3762.5 3757.8 3764.65 3771.47 3793.17 3814.09 3810.37 3822.85 3858.77 3837.45 3826.8 3824.99 3819.18 3825.98 3827.93 3844.76 3858.26 3852.59 3886.71 3889.64 3886.07 3886.43 3899.24 3940.11 4043.26 4175.14 4287.41 4105.14 3914.09 3674.45 3485.02 3342.95 3157.58 3078.73 3040.09 2948.89 2881.98 2890.2 2989.5 3052.03 3235.34 3522.61 3916.28 4333.48 4558.49 4394.89 4251.79 4225.43 4154.22 4055.07 3921.62 3887.86 3891.37 3895.98 3896.56 3889.61 3891.9 3874.47 3874.25 3871.19 3865.16 3861.61 3862.03 3872.21 3892.87 3885.65
3771.44 3771.4 3763.71 3763.09 3764.84 3771.52 3768.43 3772.78 3783.18 3796.14 3808.43 3795.4 3784.39 3788.58 3806.27 3824.31 3842.93 3853.87 3861.24 3871.77 3880.46 3880.94 3877.32 3887.99 3906.23 3945.41 4019.42 4150.16 4197.32 4199.08 4035.85 3814.42 3662.86 3484.74 3404.73 3305.85 3184.67 3111.68 3100.93 3101.82 3232.02 3453.54 3764.32 4138.6 4358.11 4431.56 4325.64 4210.91 4191.91 4122.15 4028.26 3902.28 3876.86 3880.36 3885.78 3888.39 3880.55 3855.33 3857.73 3861.82 3858.8 3856.82 3855.49 3856.47 3869.6 3874.14 3885.3
3778.11 3773.6 3768.81 3772.94 3769.65 3767.21 3761.54 3768.4 3778.04 3780.31 3788.67 3790.52 3793.77 3802.2 3807.75 3814.84 3841.01 3850.41 3851.55 3873.92 3873.05 3877.78 3873.94 3885.73 3907.93 3914.38 3927.63 3988.42 4112.24 4209.97 4206.25 4174.92 4047.38 3901.82 3799.78 3640.51 3489.4 3383.02 3265.09 3397.28 3493.22 3676.06 4000.22 4302.04 4338.31 4335.12 4212.67 4151.02 4135.38 4068.64 3983.39 3894.75 3873.2 3877.54 3879.48 3880.09 3871.38 3857.61 3848.69 3841.17 3845.45 3849.33 3850.1 3853.22 3870.57 3880.78 3868.25
3807.35 3795.13 3791.57 3800.46 3783.67 3771.31 3771.85 3772.34 3774.83 3780.62 3787.07 3796.15 3808.68 3805.72 3813.94 3831.06 3838.35 3843.41 3842.98 3847.07 3858.91 3869.27 3884.06 3887.91 3902.57 3902.01 3892.9 3892.74 3956.54 4038.58 4106.23 4227.41 4206.36 4162.07 4134.72 3908.47 3766.68 3673.15 3626.74 3793.11 3868.82 3959.93 4223.36 4375.54 4287.11 4166.48 4095.25 4103.52 4086.39 4006.94 3940.07 3893.96 3876.52 3881.68 3873.56 3860.45 3858.17 3861.19 3847.02 3834.25 3842.18 3848.88 3853.19 3860.3 3867.71 3863.25 3853.34
3828.34 3823.31 3830.77 3823.89 3781.13 3772.6 3773.92 3775.85 3775.66 3782.84 3789.14 3797.57 3809.46 3811.11 3820.55 3832.17 3839.15 3844.53 3844.34 3835.38 3844.41 3855.61 3876.68 3892.43 3893.78 3891.8 3875.1 3868.21 3872.28 3909.79 3950.47 3998.72 4037.8 4034.73 4046.85 3983.92 3943.28 3970.12 4019.84 4144.12 4198.24 4149.55 4172.99 4219.32 4183.96 4068.76 4034.63 4048.14 4036.3 3965.16 3924.37 3910.78 3886.78 3892.97 3899.4 3872.16 3855.43 3867.4 3864.23 3855.63 3854.35 3856.19 3858.5 3857.61 3846.73 3841.5 3847.12
3836.12 3824.68 3815.38 3802.38 3780.82 3775.55 3777.13 3776.99 3780.43 3784.56 3791.44 3799.41 3809.24 3818.44 3826.21 3832.94 3838.71 3845.76 3836 3825.55 3840.67 3855.4 3860.46 3866.36 3886.36 3886.62 3881.06 3847.96 3852.19 3872.81 3888.73 3906.36 3929.18 3943.88 3969.13 3979.9 4007.11 4111.65 4216.91 4262.06 4188.7 4129.11 4141.71 4158.34 4117.88 4017.55 4000.74 4026.07 4005.53 3956.42 3921.3 3911.2 3905.6 3894.27 3900.06 3875.75 3863.3 3875.41 3880.33 3879.2 3867.94 3863.7 3859.98 3860.06 3859.45 3853.3 3851.68
3810.76 3806.33 3791.25 3780.88 3780.41 3784.3 3785.19 3781.83 3787.17 3791.77 3797.01 3802.04 3818.55 3822.59 3832.05 3842.35 3842.27 3833.23 3837.5 3839.75 3840.59 3849.37 3852.77 3866.02 3869.77 3871.9 3864.58 3862.38 3855.17 3867.04 3898.4 3908.49 3903.59 3910.02 3933.82 3952.71 3979.67 3985.41 4027.57 4048.35 4073.76 4110.86 4147.63 4141.69 4101.31 4000.26 3976.4 3998.31 3988.85 3960.99 3911.84 3896.97 3920.49 3935.88 3917.66 3856.67 3868.77 3883.75 3876.91 3874.66 3872.35 3868.86 3868.47 3854.56 3866.32 3859.55 3858.59
3788.31 3788.64 3783.21 3775.09 3791.58 3801.69 3797.54 3792.84 3795.06 3804.01 3809.34 3822.59 3847.94 3848.81 3842.39 3848.57 3846.51 3842.95 3839.52 3834.54 3837.87 3844.93 3856.4 3863.57 3865.81 3857.14 3855.13 3859.1 3866.58 3857.69 3856.84 3891.29 3884.15 3888.05 3903.36 3934.13 3948.41 3946.49 3959.15 3969.25 4014.39 4055.12 4123.58 4098.53 4040.4 3954.55 3942.94 3968.72 3970.9 3922.1 3911.84 3896.06 3883 3883.69 3871.62 3860.33 3858.53 3861.72 3868.51 3867.95 3868.66 3868.22 3865.61 3866.71 3872.58 3856.72 3852.01
3785.69 3784.29 3774.16 3778.4 3811.73 3818.53 3814.96 3807.86 3799.98 3810.16 3823.74 3863.79 3873.02 3877.31 3856.97 3853.31 3856.89 3857.13 3859.81 3839.83 3840.42 3845.44 3848.44 3851.61 3856.1 3846.74 3841.69 3842.35 3853.16 3856.83 3855.58 3871.06 3872.64 3890.75 3915.06 3923.65 3938.54 3955.11 3975.24 3990.59 3992.94 3991.26 4030.92 4011.92 3964.29 3918.93 3921.95 3957.14 3975.97 3937.19 3903.3 3893.83 3880.1 3869.55 3858.84 3851.65 3856.99 3847.41 3853.65 3865.52 3870.53 3869.7 3869.42 3871.8 3860.26 3827.07 3803.75
3799.03 3804.53 3794.18 3794.43 3830.73 3847.8 3831.14 3822.04 3814.78 3815.49 3813.87 3833.51 3883.34 3904.19 3876.45 3850.9 3873.16 3893.39 3862.36 3849.61 3846.83 3848.44 3842.85 3846.8 3857.9 3863.96 3854.81 3844.25 3859.55 3859.41 3850.68 3859.37 3864.31 3874.25 3902.35 3910.55 3928.35 3960.26 3988.28 3994.55 3974.67 3958.42 3940.65 3924.31 3909.22 3906.89 3920.13 3931.14 3919.47 3894.67 3899 3899.4 3907.71 3878.47 3868.51 3855.63 3845.62 3852.16 3857.44 3874.52 3870.47 3869.29 3871.87 3862.14 3838.72 3812.81 3800.88
3821.05 3822.8 3819.83 3791.74 3795.48 3811.52 3819.42 3827.09 3829.43 3821.16 3808.6 3810.15 3817 3886.75 3871.68 3832.4 3843.74 3860.72 3841.88 3848.57 3845.76 3843.97 3841.63 3850.58 3865.58 3871.16 3868.04 3856.76 3846.11 3842.54 3831.65 3833.99 3842.15 3850.63 3861.11 3883.84 3904.82 3922.11 3927.92 3939.34 3944.06 3924.41 3898.6 3901.99 3908.68 3914.88 3920.28 3908.53 3899.48 3881.55 3875.68 3888.49 3894.34 3887.48 3889.9 3880.49 3874.81 3869.64 3854.6 3866.82 3865.56 3858.99 3855.31 3848.99 3832.25 3807.04 3792.46
3782.28 3801.14 3800.49 3783.39 3769.05 3772.18 3790.69 3800.91 3800.33 3806.23 3801.16 3805.76 3812.24 3851.61 3853.98 3821.1 3809.75 3832.19 3850.82 3850.54 3845.65 3837.9 3842.87 3869.03 3873.06 3878.14 3878.41 3876.27 3861.26 3840.43 3829.41 3832.84 3834.52 3839.87 3848.16 3865.84 3878.93 3880.13 3898.7 3920.35 3921.63 3918.05 3913.86 3907.55 3910.75 3915.09 3926.29 3907.1 3876.59 3870.57 3875.01 3881 3877.66 3873.1 3886.45 3886.04 3881 3874.51 3856.78 3863.42 3860.91 3850.51 3836.71 3841.88 3824.33 3804.29 3789.74
3769.54 3777.98 3779.86 3768.52 3770.26 3774.54 3782.76 3793.31 3806.81 3804.81 3812.52 3810.51 3811.85 3819.84 3807.23 3792.57 3790.73 3800.95 3823.9 3840.81 3848.72 3831.38 3838.8 3866.06 3870.81 3874.47 3879.88 3880.09 3864.89 3841.77 3839.63 3839.04 3837.32 3839.88 3856.39 3863.34 3867.91 3876.81 3894.24 3893.22 3905.92 3924.11 3931.67 3912.38 3900.62 3899.88 3903.44 3914.75 3885.2 3872.11 3878.5 3884.5 3889.88 3875.52 3874.74 3873.14 3877.02 3865.69 3859.31 3864.46 3857.16 3853.53 3841.15 3829.37 3812.15 3800 3791.83
3760.63 3756.96 3761.39 3768.1 3770.19 3775.74 3787.66 3803.28 3817.94 3822.67 3819.2 3813.17 3807.93 3806.25 3801.86 3796.13 3806.07 3794.29 3803.64 3821.24 3843.8 3831.12 3839.32 3850.28 3862.14 3873.95 3876.47 3876.7 3845.02 3847.12 3843.32 3864.63 3856.13 3852.47 3850.13 3856.61 3867.36 3879.69 3898.01 3890.68 3900.19 3919.48 3925.86 3910.21 3898.45 3891.06 3887.61 3896.02 3879.93 3874.41 3880.42 3880.49 3882.86 3873.02 3873.12 3878.39 3866.26 3862.21 3867.79 3871.09 3844.63 3817.62 3801.38 3796.06 3794.26 3795.45 3791.73
3758.91 3754.45 3759.49 3765.54 3769.31 3772.94 3778.52 3792.82 3795.41 3828.44 3847.72 3823.95 3813.09 3808.63 3806.71 3815.84 3811.72 3810.89 3801.61 3801.69 3801.7 3808.33 3802.45 3814.33 3834.51 3852.48 3863.53 3865.14 3845.37 3837.52 3854.56 3855.98 3849.43 3850.52 3854.14 3857.36 3866.7 3875.96 3889.22 3886.68 3898.19 3902.56 3901.33 3905.5 3898.96 3891.41 3888.32 3880.77 3865.67 3863.94 3872.09 3865.51 3859.79 3865.74 3864.36 3887.48 3869.9 3850.67 3863.76 3850.86 3828.87 3787.54 3769.88 3774.72 3786.91 3791.78 3793.02
