real_craters/C168-750m.grd
DSAA
172 172
-64.1375 64.1375
-64.1375 64.1375
7904.6343011608 10370.237217589
[rows 68 to 101 of 172, columns 0 to 75 of 172]
9780 9784 9837 9850 9849 9852 9858 9874 9880 9761 9732 9727 9730 9737 9741 9750 9751 9748 9743 9742 9729 9735 9807 9861 9801 9776 9773 9764 9760 9775 9815 9863 9907 9880 9836 9877 9925 9952 9971 9966 9886 9784 9768 9763 9754 9736 9716 9712 9715 9710 9709 9704 9709 9706 9762 9813 9818 9810 9817 9817 9820 9805 9798 9797 9798 9806 9841 9913 1.001e+004 1.004e+004 9931 9751 9609 9487 9394 9254
9835 9885 9922 9893 9868 9848 9830 9815 9841 9758 9724 9724 9730 9739 9741 9743 9743 9741 9737 9733 9728 9782 9888 9845 9793 9780 9808 9786 9766 9772 9786 9840 9899 9906 9908 9922 9943 9966 9980 9968 9868 9770 9753 9775 9767 9747 9722 9724 9749 9729 9702 9692 9687 9748 9852 9862 9863 9860 9855 9843 9832 9811 9803 9805 9815 9814 9846 9914 9986 9940 9776 9607 9461 9328 9178 9135
9858 9912 9937 9915 9878 9845 9805 9769 9834 9767 9728 9729 9737 9742 9742 9744 9744 9742 9740 9740 9741 9800 9865 9845 9810 9823 9842 9810 9780 9777 9778 9821 9893 9915 9929 9947 9960 9976 9980 9959 9844 9746 9759 9782 9772 9764 9759 9766 9764 9741 9724 9703 9693 9786 9880 9896 9897 9893 9881 9844 9825 9794 9801 9825 9856 9868 9859 9854 9865 9673 9518 9421 9307 9184 9047 8914
9851 9912 9944 9927 9890 9845 9795 9758 9783 9763 9739 9741 9745 9750 9744 9745 9746 9744 9741 9749 9752 9818 9847 9840 9837 9848 9835 9824 9821 9801 9790 9811 9851 9895 9932 9959 9979 9989 9981 9950 9894 9799 9743 9729 9750 9756 9766 9747 9729 9729 9734 9744 9760 9788 9851 9887 9933 9958 9908 9805 9740 9731 9778 9838 9896 9938 9847 9743 9619 9418 9331 9273 9190 9078 8956 8847
9823 9869 9921 9933 9901 9853 9798 9752 9758 9760 9752 9751 9749 9748 9741 9739 9742 9750 9764 9763 9763 9770 9797 9824 9887 9903 9857 9848 9851 9833 9812 9818 9861 9905 9936 9960 9986 9995 9989 9979 9964 9884 9795 9752 9731 9708 9707 9736 9729 9738 9748 9758 9787 9757 9739 9859 9959 9950 9834 9731 9656 9663 9744 9828 9903 9905 9784 9601 9396 9262 9225 9169 9100 9012 8917 8824
9789 9804 9957 9959 9921 9872 9818 9764 9761 9770 9776 9772 9754 9741 9733 9731 9737 9766 9816 9796 9770 9770 9781 9813 9903 9909 9867 9873 9884 9877 9857 9857 9907 9938 9946 9958 9968 9972 9982 9991 9983 9945 9867 9784 9724 9686 9676 9684 9711 9738 9722 9688 9670 9710 9771 9875 9945 9893 9717 9645 9606 9624 9710 9810 9895 9898 9712 9487 9287 9208 9187 9126 9049 8972 8898 8821
9785 9829 9966 9965 9932 9898 9859 9808 9782 9794 9822 9804 9768 9745 9734 9730 9741 9778 9856 9835 9801 9795 9794 9817 9869 9901 9900 9923 9942 9933 9925 9934 9936 9939 9948 9950 9946 9943 9953 9967 9976 9962 9926 9794 9715 9668 9652 9648 9652 9662 9653 9618 9599 9641 9709 9784 9808 9751 9610 9571 9557 9582 9671 9772 9853 9821 9631 9400 9206 9187 9152 9093 9021 8941 8880 8868
9791 9819 9874 9908 9921 9919 9906 9877 9811 9809 9893 9851 9779 9749 9745 9745 9757 9879 9872 9864 9815 9799 9811 9837 9886 9932 9935 9948 9969 9968 9966 9977 9956 9948 9946 9940 9923 9898 9885 9882 9906 9882 9862 9741 9688 9653 9653 9639 9622 9616 9604 9610 9589 9573 9538 9577 9638 9615 9546 9521 9516 9540 9626 9724 9787 9742 9549 9329 9162 9125 9119 9090 9002 8893 8778 8716
9801 9808 9823 9866 9911 9942 9963 9939 9872 9868 9996 9898 9790 9764 9767 9780 9813 9902 9931 9903 9845 9821 9836 9861 9904 9940 9953 9972 9978 9979 9974 9960 9962 9955 9949 9934 9903 9860 9810 9765 9735 9757 9719 9693 9653 9631 9602 9548 9520 9496 9543 9586 9577 9538 9515 9513 9524 9502 9507 9493 9488 9499 9591 9676 9722 9653 9474 9279 9146 9181 9215 9118 8986 8846 8714 8627
9815 9816 9825 9859 9907 9956 1.001e+004 1.002e+004 9972 9979 1.003e+004 9918 9801 9788 9808 9838 9860 9915 9954 9934 9885 9863 9869 9885 9912 9923 9963 9973 9977 9980 9986 9990 9983 9968 9956 9936 9903 9853 9807 9760 9723 9712 9709 9675 9602 9542 9502 9471 9463 9464 9496 9519 9526 9514 9511 9511 9495 9490 9477 9483 9493 9522 9582 9649 9667 9590 9430 9265 9223 9314 9305 9139 8972 8817 8682 8592
9831 9832 9845 9870 9907 9954 1.001e+004 1.003e+004 1.002e+004 1.004e+004 1.005e+004 9923 9812 9821 9866 9924 9966 9976 1e+004 9938 9890 9893 9906 9922 9917 9933 9972 9977 9971 9980 1e+004 1.002e+004 1e+004 9982 9972 9964 9926 9871 9824 9783 9732 9676 9645 9581 9538 9498 9485 9485 9472 9467 9473 9496 9493 9487 9477 9471 9468 9469 9475 9491 9510 9527 9588 9647 9673 9577 9422 9275 9305 9353 9265 9120 8947 8786 8648 8564
9873 9874 9872 9878 9904 9932 9958 9999 1.003e+004 1.005e+004 1.005e+004 9942 9840 9864 9914 9982 1.002e+004 9983 9988 9996 9924 9930 9946 9963 9950 9959 9978 9983 9984 1.002e+004 1.002e+004 1.002e+004 1.001e+004 9991 9990 9986 9948 9894 9851 9803 9733 9638 9544 9518 9491 9468 9459 9462 9461 9455 9455 9455 9460 9454 9441 9424 9430 9443 9473 9511 9547 9574 9622 9653 9653 9559 9429 9295 9313 9298 9222 9035 8869 8719 8579 8445
1.001e+004 9951 9913 9900 9914 9923 9931 9977 1.003e+004 1.005e+004 1.006e+004 9994 9920 9907 9946 9987 1e+004 1.001e+004 1.001e+004 1.001e+004 9993 9984 9985 9992 9987 9958 9965 9985 1.001e+004 1.004e+004 1.004e+004 1.002e+004 1.001e+004 1.002e+004 1.001e+004 9992 9950 9892 9843 9826 9738 9629 9538 9497 9454 9419 9401 9415 9429 9432 9435 9446 9436 9427 9416 9409 9408 9419 9470 9527 9594 9663 9691 9671 9620 9535 9445 9362 9193 9126 9007 8896 8771 8644 8524 8426
1e+004 9974 9953 9953 9932 9931 9941 9985 1.003e+004 1.006e+004 1.005e+004 9981 9913 9907 9948 1.002e+004 1.004e+004 1.003e+004 1.004e+004 1.004e+004 1.004e+004 1.003e+004 1.001e+004 9995 9962 9947 9987 1.004e+004 1.006e+004 1.006e+004 1.004e+004 1.003e+004 1.003e+004 1.004e+004 1.003e+004 9996 9949 9913 9870 9826 9722 9622 9537 9475 9432 9399 9386 9385 9393 9402 9405 9405 9409 9405 9397 9391 9400 9431 9447 9502 9627 9752 9773 9674 9578 9495 9424 9371 9146 8996 8869 8772 8674 8576 8481 8410
9971 9960 9951 9944 9940 9945 9962 1.001e+004 1.005e+004 1.008e+004 1e+004 9856 9838 9869 9909 9968 1.001e+004 1.004e+004 1.001e+004 1.005e+004 1.007e+004 1.007e+004 1.004e+004 1e+004 9963 9971 1.003e+004 1.007e+004 1.008e+004 1.005e+004 1.004e+004 1.004e+004 1.005e+004 1.007e+004 1.007e+004 1.003e+004 9993 9962 9906 9783 9673 9577 9498 9446 9420 9391 9378 9373 9378 9384 9390 9392 9391 9389 9385 9384 9395 9404 9422 9476 9642 9790 9808 9646 9492 9436 9363 9241 9083 8930 8801 8688 8594 8519 8452 8396
9965 9953 9947 9942 9946 9958 9983 1.003e+004 1.007e+004 1.01e+004 9993 9831 9817 9835 9857 9867 9940 9995 9969 1.002e+004 1.011e+004 1.01e+004 1.006e+004 1.002e+004 9999 1.005e+004 1.008e+004 1.009e+004 1.008e+004 1.005e+004 1.005e+004 1.005e+004 1.006e+004 1.008e+004 1.008e+004 1.005e+004 1.001e+004 9989 9877 9703 9603 9515 9453 9416 9399 9386 9375 9370 9367 9370 9374 9377 9377 9377 9375 9373 9381 9385 9416 9507 9644 9802 9835 9647 9479 9403 9329 9202 9012 8865 8736 8617 8527 8464 8415 8378
9969 9957 9950 9951 9955 9963 9988 1.004e+004 1.009e+004 1.011e+004 1.003e+004 9855 9827 9827 9840 9866 9913 9943 9967 9995 1.009e+004 1.01e+004 1.008e+004 1.005e+004 1.004e+004 1.005e+004 1.007e+004 1.009e+004 1.009e+004 1.007e+004 1.006e+004 1.006e+004 1.006e+004 1.009e+004 1.01e+004 1.007e+004 1.002e+004 9954 9683 9616 9544 9470 9425 9404 9395 9380 9373 9364 9359 9361 9363 9363 9367 9368 9368 9371 9381 9385 9405 9439 9615 9791 9849 9633 9462 9380 9312 9204 8995 8809 8636 8511 8459 8418 8386 8362
9981 9970 9961 9960 9974 9991 1.001e+004 1.005e+004 1.008e+004 1.011e+004 1.008e+004 9967 9864 9851 9856 9886 9963 1.003e+004 1.008e+004 1.005e+004 1.009e+004 1.01e+004 1.008e+004 1.006e+004 1.004e+004 1.005e+004 1.006e+004 1.007e+004 1.008e+004 1.007e+004 1.008e+004 1.009e+004 1.01e+004 1.01e+004 1.01e+004 1.003e+004 9972 9801 9635 9586 9507 9440 9407 9394 9384 9382 9374 9364 9358 9358 9358 9359 9360 9362 9360 9368 9382 9404 9430 9470 9587 9747 9820 9594 9441 9361 9282 9146 8957 8769 8587 8460 8411 8384 8363 8346
1.001e+004 9998 9979 9966 9988 1.006e+004 1.006e+004 1.005e+004 1.005e+004 1.006e+004 1.003e+004 9880 9875 9895 9911 9948 1.005e+004 1.011e+004 1.014e+004 1.015e+004 1.011e+004 1.009e+004 1.008e+004 1.006e+004 1.005e+004 1.005e+004 1.005e+004 1.006e+004 1.007e+004 1.008e+004 1.009e+004 1.01e+004 1.01e+004 1.006e+004 9950 9879 9751 9608 9595 9551 9479 9421 9397 9388 9384 9385 9377 9372 9365 9357 9355 9354 9355 9357 9355 9361 9374 9408 9436 9432 9533 9676 9732 9576 9440 9349 9261 9134 8943 8753 8575 8447 8388 8365 8350 8340
1.008e+004 1.004e+004 1e+004 9974 9983 1.002e+004 1.004e+004 1.003e+004 1.002e+004 9984 9899 9877 9907 9960 1.002e+004 1.007e+004 1.013e+004 1.015e+004 1.014e+004 1.015e+004 1.012e+004 1.01e+004 1.008e+004 1.007e+004 1.006e+004 1.006e+004 1.006e+004 1.006e+004 1.006e+004 1.007e+004 1.009e+004 1.011e+004 1.011e+004 1.004e+004 9915 9780 9644 9585 9547 9488 9446 9411 9394 9382 9375 9378 9380 9368 9361 9353 9349 9349 9350 9351 9350 9351 9366 9390 9409 9410 9492 9624 9690 9556 9448 9344 9231 9095 8930 8747 8574 8444 8383 8362 8350 8340
1.011e+004 1.007e+004 1.003e+004 9993 9980 9977 1.001e+004 1.002e+004 1.002e+004 9988 9938 9933 9972 1.003e+004 1.011e+004 1.015e+004 1.016e+004 1.018e+004 1.017e+004 1.016e+004 1.012e+004 1.009e+004 1.009e+004 1.008e+004 1.008e+004 1.008e+004 1.008e+004 1.008e+004 1.007e+004 1.008e+004 1.009e+004 1.01e+004 1.008e+004 9975 9818 9682 9610 9550 9487 9434 9420 9408 9397 9386 9372 9373 9373 9366 9357 9349 9344 9345 9347 9348 9348 9345 9347 9368 9380 9404 9477 9593 9671 9598 9487 9361 9212 9085 8921 8748 8581 8442 8389 8368 8361 8350
1.014e+004 1.009e+004 1.005e+004 1.001e+004 9988 9983 1e+004 1.002e+004 1.003e+004 1.003e+004 1.006e+004 1.004e+004 1.006e+004 1.009e+004 1.013e+004 1.017e+004 1.018e+004 1.02e+004 1.02e+004 1.017e+004 1.014e+004 1.012e+004 1.011e+004 1.01e+004 1.01e+004 1.009e+004 1.009e+004 1.009e+004 1.009e+004 1.009e+004 1.009e+004 1.006e+004 1.003e+004 9932 9698 9573 9546 9502 9442 9408 9403 9400 9399 9401 9381 9368 9361 9362 9355 9347 9340 9344 9346 9347 9349 9348 9350 9356 9367 9408 9483 9580 9657 9661 9549 9409 9237 9063 8911 8759 8607 8481 8409 8381 8371 8355
1.015e+004 1.011e+004 1.006e+004 1.002e+004 9994 9991 1.001e+004 1.003e+004 1.006e+004 1.009e+004 1.01e+004 1.013e+004 1.012e+004 1.013e+004 1.016e+004 1.019e+004 1.02e+004 1.023e+004 1.021e+004 1.017e+004 1.015e+004 1.014e+004 1.013e+004 1.012e+004 1.012e+004 1.011e+004 1.011e+004 1.011e+004 1.012e+004 1.009e+004 1.004e+004 9992 9960 9857 9654 9536 9511 9476 9421 9398 9400 9399 9395 9388 9383 9370 9360 9353 9350 9346 9342 9343 9347 9350 9353 9357 9360 9361 9366 9429 9507 9571 9624 9670 9608 9486 9299 9069 8938 8799 8654 8521 8441 8398 8375 8349
1.016e+004 1.012e+004 1.007e+004 1.003e+004 1e+004 1e+004 1.002e+004 1.005e+004 1.01e+004 1.015e+004 1.02e+004 1.021e+004 1.015e+004 1.016e+004 1.019e+004 1.022e+004 1.023e+004 1.025e+004 1.021e+004 1.017e+004 1.016e+004 1.016e+004 1.016e+004 1.014e+004 1.013e+004 1.013e+004 1.013e+004 1.014e+004 1.016e+004 1.011e+004 9976 9909 9827 9697 9595 9525 9492 9456 9417 9395 9391 9390 9387 9383 9374 9364 9359 9353 9346 9336 9335 9343 9349 9354 9360 9367 9375 9374 9382 9456 9560 9562 9568 9690 9673 9584 9399 9176 9024 8875 8725 8590 8490 8422 8380 8348
1.014e+004 1.012e+004 1.009e+004 1.005e+004 1.001e+004 1.001e+004 1.003e+004 1.006e+004 1.011e+004 1.018e+004 1.026e+004 1.022e+004 1.018e+004 1.017e+004 1.018e+004 1.024e+004 1.027e+004 1.025e+004 1.021e+004 1.018e+004 1.019e+004 1.019e+004 1.018e+004 1.017e+004 1.016e+004 1.016e+004 1.016e+004 1.017e+004 1.019e+004 1.014e+004 1.001e+004 9892 9766 9633 9568 9517 9471 9434 9410 9391 9384 9382 9382 9379 9372 9369 9364 9358 9349 9333 9337 9347 9354 9362 9368 9374 9386 9393 9395 9463 9558 9543 9540 9684 9734 9706 9577 9318 9143 8977 8815 8667 8541 8452 8385 8356
1.013e+004 1.013e+004 1.011e+004 1.007e+004 1.003e+004 1.002e+004 1.004e+004 1.006e+004 1.009e+004 1.012e+004 1.019e+004 1.024e+004 1.021e+004 1.018e+004 1.019e+004 1.026e+004 1.029e+004 1.028e+004 1.022e+004 1.021e+004 1.021e+004 1.022e+004 1.021e+004 1.019e+004 1.018e+004 1.018e+004 1.017e+004 1.018e+004 1.02e+004 1.015e+004 1.002e+004 9900 9777 9674 9573 9497 9475 9447 9411 9386 9377 9373 9372 9375 9372 9374 9369 9364 9357 9354 9349 9353 9359 9366 9367 9377 9384 9393 9429 9484 9524 9516 9513 9700 9766 9746 9648 9457 9275 9093 8914 8732 8588 8514 8451 8389
1.014e+004 1.014e+004 1.014e+004 1.012e+004 1.007e+004 1.005e+004 1.006e+004 1.008e+004 1.009e+004 1.008e+004 1.014e+004 1.025e+004 1.024e+004 1.023e+004 1.024e+004 1.029e+004 1.03e+004 1.025e+004 1.022e+004 1.022e+004 1.022e+004 1.022e+004 1.021e+004 1.021e+004 1.02e+004 1.019e+004 1.018e+004 1.019e+004 1.019e+004 1.014e+004 1.003e+004 9908 9799 9693 9595 9517 9483 9449 9417 9388 9370 9365 9358 9361 9370 9386 9372 9363 9360 9358 9357 9359 9364 9372 9380 9380 9389 9404 9450 9488 9519 9508 9522 9687 9763 9764 9730 9590 9401 9219 9039 8871 8727 8614 8528 8516
1.014e+004 1.015e+004 1.016e+004 1.018e+004 1.02e+004 1.011e+004 1.01e+004 1.011e+004 1.012e+004 1.012e+004 1.018e+004 1.027e+004 1.027e+004 1.028e+004 1.029e+004 1.03e+004 1.028e+004 1.025e+004 1.022e+004 1.022e+004 1.022e+004 1.023e+004 1.023e+004 1.022e+004 1.022e+004 1.021e+004 1.02e+004 1.02e+004 1.019e+004 1.015e+004 1.005e+004 9932 9834 9719 9635 9566 9483 9449 9416 9392 9376 9366 9360 9364 9371 9374 9364 9356 9355 9358 9356 9360 9367 9375 9385 9390 9404 9434 9477 9502 9489 9492 9536 9627 9741 9824 9783 9655 9494 9332 9173 9034 8904 8755 8626 8560
1.011e+004 1.014e+004 1.016e+004 1.018e+004 1.019e+004 1.014e+004 1.013e+004 1.015e+004 1.018e+004 1.023e+004 1.026e+004 1.029e+004 1.03e+004 1.03e+004 1.03e+004 1.029e+004 1.026e+004 1.023e+004 1.023e+004 1.024e+004 1.024e+004 1.024e+004 1.024e+004 1.024e+004 1.023e+004 1.022e+004 1.022e+004 1.02e+004 1.018e+004 1.014e+004 1.007e+004 9980 9893 9804 9706 9613 9527 9466 9426 9395 9377 9373 9371 9373 9374 9376 9371 9359 9347 9337 9350 9359 9368 9379 9390 9397 9417 9453 9484 9499 9470 9479 9536 9587 9704 9861 9792 9692 9562 9427 9294 9175 9083 8937 8828 8756
1.012e+004 1.014e+004 1.015e+004 1.015e+004 1.014e+004 1.014e+004 1.016e+004 1.018e+004 1.022e+004 1.027e+004 1.03e+004 1.032e+004 1.032e+004 1.032e+004 1.03e+004 1.027e+004 1.024e+004 1.024e+004 1.025e+004 1.026e+004 1.027e+004 1.026e+004 1.026e+004 1.026e+004 1.026e+004 1.024e+004 1.022e+004 1.018e+004 1.016e+004 1.013e+004 1.01e+004 1.005e+004 9959 9867 9767 9655 9558 9485 9448 9419 9387 9380 9385 9386 9386 9383 9370 9365 9355 9344 9349 9358 9368 9379 9391 9405 9422 9444 9452 9455 9440 9451 9502 9568 9653 9720 9798 9711 9608 9499 9391 9284 9176 9130 9056 8964
1.014e+004 1.014e+004 1.014e+004 1.013e+004 1.013e+004 1.015e+004 1.017e+004 1.021e+004 1.025e+004 1.029e+004 1.032e+004 1.034e+004 1.033e+004 1.032e+004 1.03e+004 1.027e+004 1.023e+004 1.024e+004 1.025e+004 1.027e+004 1.028e+004 1.027e+004 1.027e+004 1.028e+004 1.028e+004 1.026e+004 1.024e+004 1.019e+004 1.017e+004 1.015e+004 1.014e+004 1.007e+004 1.001e+004 9942 9844 9709 9576 9499 9457 9428 9389 9383 9387 9391 9395 9388 9383 9369 9356 9345 9349 9356 9366 9376 9387 9399 9416 9423 9420 9418 9425 9443 9488 9560 9627 9682 9716 9695 9629 9554 9477 9401 9334 9332 9281 9167
1.016e+004 1.016e+004 1.015e+004 1.013e+004 1.013e+004 1.015e+004 1.019e+004 1.023e+004 1.027e+004 1.03e+004 1.032e+004 1.034e+004 1.034e+004 1.032e+004 1.029e+004 1.027e+004 1.025e+004 1.024e+004 1.025e+004 1.026e+004 1.028e+004 1.029e+004 1.031e+004 1.031e+004 1.03e+004 1.028e+004 1.026e+004 1.022e+004 1.019e+004 1.019e+004 1.017e+004 1.011e+004 1.006e+004 1.001e+004 9925 9753 9587 9511 9489 9455 9404 9387 9374 9378 9385 9395 9396 9370 9342 9338 9348 9358 9368 9379 9389 9398 9409 9409 9413 9413 9428 9457 9483 9532 9571 9631 9695 9676 9640 9597 9552 9516 9498 9396 9376 9305
1.023e+004 1.02e+004 1.017e+004 1.014e+004 1.015e+004 1.016e+004 1.021e+004 1.024e+004 1.027e+004 1.029e+004 1.031e+004 1.033e+004 1.033e+004 1.032e+004 1.03e+004 1.028e+004 1.026e+004 1.025e+004 1.025e+004 1.026e+004 1.026e+004 1.028e+004 1.03e+004 1.031e+004 1.031e+004 1.03e+004 1.029e+004 1.025e+004 1.023e+004 1.023e+004 1.022e+004 1.016e+004 1.01e+004 1.004e+004 9940 9799 9597 9517 9498 9480 9434 9408 9390 9389 9387 9391 9394 9366 9334 9332 9349 9360 9371 9381 9390 9400 9404 9414 9432 9424 9437 9466 9498 9535 9572 9598 9642 9664 9659 9645 9624 9601 9574 9491 9426 9361
1.023e+004 1.023e+004 1.02e+004 1.017e+004 1.019e+004 1.024e+004 1.024e+004 1.026e+004 1.027e+004 1.029e+004 1.03e+004 1.03e+004 1.031e+004 1.032e+004 1.03e+004 1.028e+004 1.026e+004 1.025e+004 1.026e+004 1.026e+004 1.027e+004 1.028e+004 1.03e+004 1.03e+004 1.031e+004 1.031e+004 1.031e+004 1.028e+004 1.027e+004 1.027e+004 1.026e+004 1.02e+004 1.014e+004 1.007e+004 9966 9858 9625 9525 9520 9502 9448 9445 9417 9397 9399 9398 9391 9367 9346 9343 9356 9366 9375 9384 9393 9399 9405 9414 9435 9446 9459 9474 9512 9544 9583 9627 9644 9672 9695 9709 9708 9690 9659 9510 9423 9386
