real_craters/C168-1000m.grd
DSAA
74 74
-36.65 36.65
-36.65 36.65
2519.2084715304 4558.4852796514
[rows 0 to 29 of 74, columns 0 to 66 of 74]
3795.36 3801.42 3806.8 3815.8 3808.73 3795.17 3789.88 3808.52 3819.61 3816.21 3817.18 3826.25 3838.54 3846.81 3826.74 3816.05 3814.07 3814.8 3837.26 3859.29 3843.14 3871.78 3849.44 3894.17 3888.52 3891.84 3925.55 3943.98 3917.44 3902.05 3891.41 3867.92 3879.49 3897.55 3901.83 3894.26 3896.29 3900.36 3899.06 3899.84 3932.77 3962.5 3950.62 3961.56 3986.45 4031.82 4020.08 3947.24 3897.81 3900.36 3937.9 3921.51 3892.02 3895.58 3894.92 3915.25 3950.21 3956.19 3946.75 3920.32 3941.94 3974.17 3984.06 3951.08 3964.2 3980.95 3973.33
3781.32 3782.81 3796.41 3814.43 3810.2 3808.09 3823.35 3833.25 3840.65 3826.33 3805.82 3796.22 3824.16 3847.32 3841.18 3822.89 3809.93 3803.4 3812.27 3826.56 3836.05 3849.13 3855.85 3898.97 3903.1 3894.67 3911.64 3915.33 3903.21 3892.65 3880.66 3869.84 3883.32 3892.96 3900.38 3899.84 3894.68 3891.68 3885.36 3891.53 3917.27 3958.95 3954.55 3963.49 3989.58 4024.06 4021.58 4006.97 3951.42 3914.31 3921.73 3895.18 3882.58 3882.91 3904.95 3921.93 3941.9 3963.75 3949.41 3906.67 3896.75 3910.78 3910.08 3912.89 3937.31 3958.17 3958.88
3803.02 3789.35 3790.09 3805.26 3802.21 3791.48 3815.79 3826.8 3834.77 3820.88 3804.69 3802.82 3820.57 3835.62 3835.74 3823.1 3809.55 3798.88 3797.37 3805.49 3835.47 3835.16 3846.72 3890.39 3887.96 3895.41 3903.57 3915.89 3903.96 3884.9 3874.23 3875.53 3878.62 3884.57 3894.92 3899.58 3899.67 3893.54 3889 3886.96 3902.16 3915.06 3926.53 3947.97 3964.29 3981.06 4005.11 4007.86 4017.32 3973.15 3953.28 3926.83 3903.66 3904.73 3916.7 3925.98 3945.08 4001.18 3977.61 3913.43 3883.31 3881.47 3881.89 3887.21 3915.39 3944.42 3961.82
3818.73 3805.71 3794.21 3794.15 3792.81 3794.43 3783.64 3803.24 3823.07 3809.91 3804.05 3834.22 3815.4 3825.64 3844.5 3825.21 3811.32 3803.78 3794.21 3799.13 3813.62 3813.84 3825.75 3864.85 3879.75 3893.74 3890.48 3885.03 3886.71 3878.46 3867.71 3869.52 3873.32 3877.49 3885.16 3891.48 3899.11 3892.81 3890.88 3892.66 3903.19 3908.88 3929.68 3942.5 3946.66 3962.52 3957.52 3960.93 3993.07 3969.23 3954.63 3959.48 3960.39 3928.21 3920.66 3925.7 3945.45 4003.3 3995.87 3954.36 3911.4 3881.66 3881.37 3877.62 3910 3982.6 3989.72
3818.68 3825.66 3826.63 3794.33 3784.48 3777.28 3782.6 3775.34 3785.78 3788.44 3779.63 3791.19 3804.57 3812.42 3839.54 3828.46 3817.5 3812.3 3798.35 3797.84 3812.35 3815.98 3820.6 3879.13 3893.09 3884.49 3875.86 3870.7 3861.07 3863.03 3855.68 3861.42 3877.61 3873.13 3867.16 3873.97 3875.99 3879.06 3890.95 3902.68 3906.45 3935.21 3953.09 3946.92 3946.19 3928.93 3959.18 3932.07 3946.13 3954.22 3966.56 3969.45 3968.88 3945.47 3927.85 3935.15 3957.07 3982.23 3995.7 3990.48 3945.87 3890.1 3882.14 3882.7 3921.62 3990.99 4002.62
3826.98 3827.05 3827.76 3818.06 3810.37 3789.24 3775.66 3767.23 3770.43 3786.12 3781.58 3776.43 3785.28 3797.47 3825.62 3835.06 3839.7 3847 3820.61 3814.47 3814.16 3795.75 3805.88 3868.28 3883.57 3870.7 3862.8 3857.75 3849.54 3850.76 3856.08 3853.35 3873.69 3866.94 3855.62 3862.46 3866.68 3890.2 3898.26 3903.4 3919.62 3929.26 3943.19 3936.49 3939.45 3940.17 3971.92 3958.17 3963.09 3948.2 3952.57 3963.32 3960.64 3938.92 3931.69 3938.67 3951.94 3965.3 3982.31 3984.49 3943.16 3903.29 3872.6 3876.97 3928.27 3997.85 4008.57
3842.59 3829.59 3812.22 3811.95 3829.74 3822.04 3792.56 3787.78 3805.02 3812.41 3827.97 3845.98 3842.25 3824.96 3822.09 3849.22 3890.19 3924.08 3905.36 3874.9 3854.34 3833.24 3836.59 3888.95 3900.28 3866.72 3860.41 3855.64 3847.32 3852.51 3847.77 3853.33 3856.36 3860.02 3857.79 3868.22 3876.72 3889.54 3901.05 3912.05 3929.94 3926.36 3906.5 3918.87 3927.72 3935.07 3936.08 3947.23 3947.72 3942.66 3934.66 3957.69 3946.39 3928.5 3929.4 3930.56 3940.49 3952.09 3964.98 3970.99 3960.55 3940.36 3895.09 3881.81 3919.88 3979.04 3992.87
3852.85 3838.99 3803.67 3803.45 3809.43 3813.48 3803.41 3794.03 3822.06 3846.1 3861.48 3885.12 3888.47 3892.22 3899.25 3913.77 3946.07 3952.35 3934.6 3921.72 3921.15 3918.35 3904.71 3928.5 3919.4 3874.8 3865.14 3856.84 3849.11 3836.08 3845.84 3858.47 3854.22 3860.82 3867.25 3875.65 3880.41 3885.97 3901.34 3916.29 3942.86 3933.38 3922.14 3919.96 3914.24 3919.97 3916.92 3930.63 3947.06 3946.8 3942.67 3941.05 3909.18 3920.37 3922.37 3930.32 3938.15 3949.95 3956.87 3960.22 3951.7 3961.99 3904.44 3876.4 3912 3941.28 3956.03
3836.96 3821.31 3791.23 3797.19 3807.83 3817.68 3824.82 3849.16 3871.99 3873.06 3885.75 3904.79 3898.56 3893.18 3918.94 3972.22 3969.34 3940.14 3927.74 3926.64 3932.18 3930.31 3913.46 3941.26 3916.06 3875.21 3867.9 3867.07 3852.51 3854.39 3853.66 3853.75 3855.56 3857.69 3863.94 3869.3 3873.84 3886.34 3907.71 3921.38 3931 3928.32 3914.54 3925.61 3932.6 3922.28 3909.61 3916.79 3923.53 3922.63 3917.13 3904.73 3901.6 3908.3 3911.55 3914.56 3922.94 3934.89 3948.03 3961.67 3944.41 3980.52 3910.35 3900.5 3909.81 3916.41 3926.43
3817.91 3803.59 3792.73 3805.62 3800.45 3802.03 3833.35 3876.86 3882.61 3878.2 3879.82 3882.44 3880.95 3884.96 3904.83 3972.5 3962.8 3923.57 3912.39 3913.14 3912.73 3914.2 3905.54 3926.69 3908.62 3875.02 3867.58 3872.3 3863.37 3854.35 3860.85 3861.51 3859.94 3856.13 3861.48 3863.11 3870.73 3906.51 3922.7 3927.24 3916.07 3917.22 3915.82 3915.37 3925.94 3922.6 3910.67 3902.99 3900.32 3905.39 3898.42 3892.2 3900.22 3902.83 3905.6 3906.26 3914.43 3924.77 3933.2 3936.19 3956.86 3998.21 3975.99 3954.96 3948.24 3933.21 3920.57
3807.51 3801.84 3807.68 3811.39 3793.5 3778.23 3816.78 3853.07 3866.75 3866.47 3864.32 3861.41 3897.97 3881.36 3896.85 3916.36 3905.12 3901.94 3893.95 3894.63 3903.61 3902.32 3896.7 3905.17 3910.89 3880.27 3865.38 3868.48 3851.85 3851.5 3858.63 3867.98 3868.66 3873.39 3868.43 3874.46 3894.13 3924.26 3926.73 3918.36 3900.75 3913.52 3911.54 3912.18 3933.4 3936.27 3915.78 3897.91 3906.33 3906.63 3895.16 3899.81 3904.53 3903.39 3907.2 3916.56 3923.38 3924.19 3922.33 3923.59 3971.07 3979.97 3952.71 3950.99 3957.68 3944.03 3923.19
3804.47 3809.11 3796.4 3799.48 3805.99 3780.01 3802.35 3836.67 3855.12 3853.53 3856.36 3867.68 3872.73 3877.23 3887 3892.61 3895.11 3888.8 3885.43 3872.65 3869.8 3888.85 3885.23 3895.02 3881.32 3878.47 3855.92 3863.43 3857.62 3854.87 3859.8 3868.1 3873.71 3870.38 3875.09 3888.5 3907.93 3918.97 3924.46 3921.88 3920.75 3921.18 3910.33 3901.01 3935.46 3913.8 3916.76 3907.98 3902.67 3903.64 3904.05 3905.98 3921.3 3905.98 3903.09 3907.15 3914.53 3918.72 3916.63 3913.59 3961.65 3990.02 3965.18 3952.39 3944.77 3938.15 3922.62
3802.75 3794.86 3796.8 3792.15 3787.17 3778.39 3791.84 3805.72 3828.92 3834.87 3843.41 3850.1 3849.25 3869.78 3872.32 3869.41 3866.15 3872.04 3868.83 3859.04 3860.46 3870.23 3870.52 3889.18 3867.07 3860.96 3852.06 3869.55 3856.46 3852.75 3858.58 3867.86 3871.96 3872.06 3874.57 3895.66 3918.89 3932.67 3933.78 3929.52 3930.86 3927.82 3923.86 3912.84 3915.14 3933.89 3916.91 3913.13 3905.76 3904.45 3899.65 3906.8 3903.31 3902.62 3902.54 3908.93 3918.86 3919.71 3918.33 3924.25 3942.87 3958.16 3970.36 3963.5 3944.13 3932.84 3917.33
3797.79 3788.33 3782.32 3779.48 3773.53 3773.82 3786.19 3805.78 3814.97 3819.66 3826.03 3833.12 3840.13 3848.99 3850.36 3850.04 3856.62 3858.14 3855.99 3852.61 3850.71 3857.51 3857.15 3867.17 3854.14 3851.24 3908.66 3886.78 3863.34 3848.57 3850.84 3860.61 3869.04 3869.39 3875.94 3898.31 3915.39 3925.04 3929.61 3925.95 3918.02 3907.23 3913.35 3909.04 3914.81 3911.41 3915.24 3912.14 3910.38 3905.9 3901.61 3902.7 3902.51 3904.35 3907.22 3918.28 3929.6 3923.58 3918.47 3926.18 3936.74 3935.13 3959.87 3969.35 3947.81 3933.86 3916.09
3790.04 3787.06 3775 3769.82 3769.98 3771.51 3777.27 3781.1 3783.4 3797.32 3808.93 3818.87 3819.28 3835.76 3835.6 3839.69 3846.7 3846.57 3852.18 3853.78 3845.24 3854.5 3853.95 3846.56 3848.49 3868.27 3913 3900.01 3867.61 3851.37 3847.73 3857.53 3873.35 3873.01 3886.54 3900.54 3914.31 3925.78 3923.92 3918.92 3911.97 3894.44 3908.45 3913.15 3913.74 3913.94 3920.34 3922.4 3912.39 3915.8 3914.42 3906.44 3903.56 3902.08 3907.88 3919.14 3925.13 3924.2 3923.41 3930.74 3926.91 3928.77 3949.39 3943.14 3950.14 3943.29 3925.33
3778 3780.99 3779.87 3770.31 3765.52 3767.49 3768.94 3769.93 3768.98 3767.74 3797.37 3823.38 3831.95 3834.08 3827.78 3832.7 3840.25 3843.51 3850.91 3864.92 3865.2 3856.5 3849.64 3837.2 3854.09 3881.39 3909.1 3900.92 3870.79 3857.24 3878.75 3878.44 3876.37 3879 3886.76 3898.53 3909.45 3927.35 3927.95 3925.28 3920.98 3916.27 3912.44 3905.64 3934.17 3933.99 3926.89 3926 3917.62 3918.15 3918.31 3909.89 3904.73 3899.58 3900.84 3918.27 3923.61 3919.78 3918.18 3922.62 3921.17 3910.69 3924.27 3947.35 3971.1 3954.26 3939.45
3763.87 3787.38 3787.75 3783.06 3772.09 3770.68 3767.68 3768.21 3771.36 3768.85 3790.98 3820.93 3827.07 3820.59 3817.7 3829.02 3839.45 3841.86 3847.12 3848.46 3847.48 3849.13 3838.16 3851.34 3855.88 3861.84 3888.47 3883.73 3873.72 3882.75 3897.33 3891.91 3882.18 3884.94 3895.61 3900 3913.24 3935.27 3936.06 3937.58 3946.53 3952.95 3924.95 3918 3928.21 3931.56 3927.52 3920.7 3915.56 3917.78 3912.19 3902.63 3894.11 3900.02 3904.23 3912.63 3916.33 3913.15 3909.07 3920.49 3924.47 3931.93 3940.59 3938.73 3956.43 3954.84 3951.71
3753.44 3757.63 3784.26 3789.27 3781.22 3783.16 3777.92 3776.46 3773.2 3769.18 3783.18 3804.11 3831.9 3813.51 3812.46 3823.99 3840.52 3851.28 3847.43 3849.45 3834.35 3844.45 3841.17 3847.09 3854.24 3866.04 3876.49 3887.21 3888.58 3882.23 3882.52 3889.49 3894.7 3907.31 3898.02 3907.12 3929.93 3959.67 3946.57 3942.29 3947.29 3943.6 3924.93 3916.6 3916.12 3921.81 3925.64 3920.94 3930 3920.22 3912.57 3905.65 3898.92 3894.18 3894.99 3900.08 3905.73 3911.34 3917.98 3929.9 3940.72 3944.83 3941.37 3944.65 3943.05 3948.08 3952.63
3749.69 3759.57 3768.71 3792.94 3793.81 3808.66 3818.91 3807.42 3787.51 3778.74 3790.19 3787.41 3809.43 3810.6 3811.52 3826.64 3840.97 3839.64 3851.92 3854.59 3849.93 3852.13 3853.13 3845.74 3856.5 3862.53 3869.83 3884.35 3892.93 3888.7 3873.94 3895.13 3913.32 3907.94 3913.67 3914.63 3932.89 3958.95 3946.79 3939.53 3935.68 3926.9 3918.76 3914.7 3911.79 3926.21 3932.75 3937.03 3939.7 3946.43 3923.79 3908.31 3906.94 3901.99 3896.58 3887.98 3899.73 3911.73 3918.85 3933.37 3951.91 3958.59 3931.09 3928.57 3935.35 3946.06 3954.83
3772.96 3798.26 3800.77 3809.17 3829.05 3835.73 3853.1 3842.91 3829.63 3825.05 3828.07 3846.01 3836.49 3844.16 3831.67 3837.74 3853.16 3856.95 3871.62 3879.36 3877.37 3869.93 3872.98 3862.67 3864.47 3859.78 3870.7 3878.69 3875.48 3884.39 3896.25 3916.3 3923.38 3908.95 3916.75 3941.16 3951.51 3963.47 3951.82 3947.86 3940.78 3918.5 3921.14 3933.94 3954.86 3944.88 3935.4 3936.07 3932.72 3919.81 3909.78 3913.18 3923.23 3895.27 3887.32 3893.05 3899.83 3912.15 3922.62 3939.43 3962.55 3951.03 3925.71 3936.2 3941.21 3949.83 3958.88
3831.71 3834.8 3828.88 3817.86 3812.43 3844.15 3866.82 3865.53 3859.04 3847.4 3850.56 3869.12 3843.13 3863.19 3881.63 3862.1 3869.19 3891.61 3883.87 3874.62 3875.78 3878.34 3888.49 3876.81 3877.6 3876.03 3893.6 3892.33 3899.18 3939.46 3968.23 3941.89 3934.39 3919.68 3930.33 3942.86 3986.59 3989.64 3985.6 3995.77 3986.95 3952.68 3946.53 3952.36 3975.39 3959.66 3937.91 3930.35 3926.07 3922.64 3907.94 3912.55 3918.66 3926.69 3895.22 3896.18 3900.77 3907.17 3920.64 3944.72 3947.71 3933.15 3937.96 3936.48 3946.18 3957.38 3965.12
3816.34 3835.34 3855.31 3852.67 3826.05 3846.19 3872.55 3867.9 3864.65 3864.92 3867.03 3882.45 3887.71 3869.78 3870.58 3887.74 3868.32 3879.4 3890.58 3887.92 3882.99 3888.76 3880.07 3896.81 3911.52 3905.65 3905.35 3927.23 3980.34 3954.66 3952.28 3959.64 3961.69 3991.88 4050.02 4081.02 4104.42 4090.5 4102.56 4095.6 4066.14 4052.12 4004.55 3969.12 3979.28 3977.4 3966.17 3942.89 3940.44 3932.62 3922.19 3924.82 3926.38 3921.16 3904.35 3902.67 3902.38 3904.45 3921.42 3935.41 3923.97 3938.05 3949.19 3947.41 3963.9 3965.06 3972.74
3831.2 3853.37 3858.72 3862.43 3840.43 3837.83 3851.13 3851.83 3852.25 3858.85 3882.24 3895.6 3893.37 3899.16 3867.39 3857.6 3858.87 3897.26 3894.79 3882.12 3882.55 3877.98 3891.49 3876.28 3907.63 3902.95 3919.26 3943.92 3973.27 3970.89 3974.55 4015.66 4033.19 4104.09 4200.67 4280.43 4254.23 4248.8 4227.83 4193.46 4142.48 4073.92 4018.89 4000.36 3995.58 4012.47 4002.96 3981.02 3974.77 3971.01 3954.75 3955.97 3956.74 3941.94 3913.49 3911.31 3908.13 3905.5 3918.19 3936.11 3931.65 3930.87 3938.24 3947.75 3954.77 3964.25 3974.28
3832.12 3854.48 3846.08 3830.82 3825.21 3819.32 3823.67 3829.63 3835.77 3857.23 3873.73 3907.67 3903.58 3873.58 3872.27 3858.17 3868.8 3885.99 3905.84 3918.79 3904.85 3888.45 3877.1 3921.31 3918.39 3909.39 3944.09 4004.67 3995 4084.11 4118.3 4151.98 4185.49 4241.33 4284.09 4272.41 4353.5 4410.31 4392.43 4309.85 4225.87 4166.88 4100.93 4033.56 4029.5 4042.06 4060.98 4013.51 3975.17 3971.83 3958.78 3960.96 3960.2 3944.08 3932.83 3930.64 3918.65 3909.35 3911.83 3919.49 3917.84 3920.9 3920.61 3931.04 3939.78 3955.74 3971.01
3843.09 3858.2 3838.34 3845.5 3837.8 3821.9 3811.58 3816.16 3822.21 3837.84 3954.57 3934.34 3909.58 3877.98 3869.59 3861.6 3844.73 3860.23 3888.72 3913.56 3910.28 3905.23 3892.13 3918.27 3914.5 3911.24 3964.68 3971.46 4004.29 4128.9 4207.57 4337.15 4369.39 4352.31 4426.1 4407.07 4295.68 4322.08 4271.98 4222.64 4223.32 4317.49 4308.97 4135.09 4088.66 4065.87 4062.84 4036.95 3973.45 3964.56 3966.3 3970.55 3969.91 3950.88 3951.51 3947.76 3928.84 3914.5 3906.8 3912.97 3927.63 3915.02 3913.84 3923.88 3929.36 3945.49 3960.35
3878.82 3852.72 3833.37 3826.56 3833.82 3823.05 3815.69 3812.05 3816.74 3839.93 3910.82 3935.26 3918.64 3882.19 3849.35 3855.02 3857.55 3850.91 3854.42 3881.26 3882.22 3880.88 3911.15 3927.56 3916.73 3917.62 3931.05 3948.85 4067.58 4265.45 4395.47 4315.81 4240.72 4141.96 4060.45 4011.78 3960.77 3912.93 3881.16 3923.27 4059.98 4274.88 4458.13 4280.22 4152.08 4131.86 4177.7 4091.58 4008.73 3975.12 3974.23 3968.61 3965.28 3948.68 3943.17 3951.95 3947.44 3929.58 3905.21 3905.37 3915.13 3912.05 3908.92 3923.68 3933.25 3937.71 3938.6
3852.05 3829.94 3819.95 3817.69 3813.56 3807.92 3809.35 3809.8 3812.49 3822.1 3852.44 3883.54 3883.61 3869.09 3857.02 3863.76 3852.6 3851.41 3851.79 3863.02 3899.38 3901.94 3924.19 3924.12 3919.94 3924.37 3999.75 4059.46 4173.39 4291.95 4164.16 4002.19 3892.62 3798.53 3689.97 3645.37 3594.45 3560.4 3554.39 3622.81 3774.75 3943.61 4071.17 4190.12 4218.48 4178.26 4169.15 4148.51 4087.13 4001.75 3987.02 3968.02 3966.98 3957.91 3943.12 3956.63 3963.87 3949.43 3908.82 3898.81 3901.68 3907.26 3921.01 3924.15 3921.87 3930.72 3945.25
3828.69 3826.78 3813.04 3811.92 3808.6 3806.35 3807.73 3810.04 3812.52 3816.82 3844.13 3839.15 3843.34 3842.28 3838.94 3849.85 3846.67 3846.49 3846.38 3865.68 3893.96 3902.44 3904.61 3918.35 3949.98 3983.05 4091.96 4242.9 4399.7 4165.97 3908.81 3701.72 3587.75 3495.62 3395.15 3336.73 3289.82 3277.53 3281.08 3360.49 3485.44 3620.8 3746.99 3951.22 4190.91 4306.39 4238.57 4188.39 4112.83 4023.06 3982.68 3976.34 3997.69 3959.18 3953.66 3963.03 3971.36 3949.74 3918.6 3908.13 3908.72 3913.02 3921.62 3911.45 3910.12 3923.29 3944.22
3837.83 3842.46 3830.08 3821.86 3819.08 3809.54 3806.17 3806.63 3809.45 3814.92 3832.64 3819.05 3825.69 3831.93 3830.62 3836.14 3843.73 3843.65 3845.61 3872.59 3867.87 3879.21 3897.36 3921.91 3951.31 4055.38 4200.02 4455.43 4245.2 3920.68 3657.95 3473.34 3365.3 3266.98 3156.69 3132.84 3109.22 3120.15 3124.18 3152 3261.17 3366.41 3496.4 3699.8 3958.81 4171.97 4280.02 4260.8 4164.46 4034.89 3985.59 3978.55 3987.6 3976.86 3976.3 3959.64 3976.97 3949.45 3921.65 3908.37 3914.81 3915.42 3915.63 3904.49 3905.19 3923.92 3955.23
3808.72 3857.26 3860.39 3842.45 3827.71 3821.01 3806.77 3805.25 3806.26 3807.81 3806.54 3825.37 3825.47 3830.24 3849.75 3845.82 3848.55 3852.45 3866.96 3881.5 3887.62 3891.47 3917.76 3960.23 4030.75 4213.79 4361.48 4317.71 3982.84 3645.85 3410.42 3267.2 3188.34 3120.44 3067.13 3073.89 3082.85 3083.72 3091.89 3114.42 3158.41 3201.99 3311.53 3483.04 3725.11 3903.77 4153.89 4335.44 4242.18 4041.6 3980.73 3976.06 3995.77 4004.99 3984.12 3954 3952.19 3942.33 3932.85 3899.64 3901.13 3895.58 3896.21 3900.3 3901.75 3914.65 3932.45
