real_craters/C168-750m.grd
DSAA
172 172
-64.1375 64.1375
-64.1375 64.1375
7904.6343011608 10370.237217589
[rows 0 to 33 of 172, columns 76 to 151 of 172]
9637 9639 9626 9619 9625 9632 9597 9589 9596 9607 9598 9583 9615 9634 9634 9639 9657 9647 9671 9670 9660 9579 9515 9477 9456 9454 9458 9448 9444 9471 9508 9505 9520 9592 9674 9710 9734 9746 9743 9727 9732 9735 9741 9743 9746 9752 9759 9766 9782 9796 9809 9820 9831 9841 9867 9840 9795 9763 9723 9707 9697 9679 9661 9650 9645 9648 9650 9640 9631 9620 9616 9623 9624 9625 9626 9627
9634 9636 9640 9642 9655 9669 9663 9663 9653 9681 9678 9610 9620 9629 9641 9657 9697 9710 9723 9742 9743 9684 9624 9593 9593 9629 9658 9660 9624 9637 9652 9659 9657 9673 9715 9725 9727 9720 9718 9720 9734 9739 9722 9741 9744 9748 9757 9769 9784 9800 9815 9830 9846 9866 9886 9869 9809 9795 9760 9733 9701 9671 9649 9639 9634 9630 9628 9631 9632 9620 9613 9614 9615 9617 9620 9624
9633 9635 9640 9648 9660 9674 9673 9672 9688 9704 9685 9644 9641 9655 9677 9701 9712 9724 9737 9741 9754 9720 9690 9666 9673 9706 9720 9703 9698 9696 9700 9698 9694 9699 9709 9710 9714 9715 9720 9725 9733 9737 9742 9758 9756 9757 9768 9780 9792 9806 9823 9846 9865 9884 9899 9900 9881 9858 9822 9768 9708 9667 9641 9633 9632 9628 9621 9622 9623 9615 9606 9602 9605 9609 9612 9615
9632 9635 9640 9648 9657 9664 9674 9674 9686 9697 9681 9653 9651 9685 9712 9723 9712 9713 9727 9712 9711 9712 9706 9703 9708 9718 9720 9709 9702 9698 9700 9691 9690 9697 9704 9703 9706 9715 9722 9721 9725 9727 9743 9801 9789 9777 9782 9794 9803 9814 9829 9847 9870 9891 9907 9907 9925 9893 9816 9747 9701 9662 9636 9629 9627 9623 9614 9612 9609 9607 9599 9595 9598 9603 9607 9610
9633 9635 9639 9646 9654 9664 9674 9675 9680 9687 9686 9667 9662 9698 9734 9731 9724 9705 9714 9706 9700 9706 9711 9713 9719 9721 9717 9711 9707 9700 9693 9687 9686 9691 9696 9697 9699 9701 9698 9705 9710 9718 9740 9779 9793 9772 9792 9804 9807 9813 9822 9836 9857 9892 9893 9825 9820 9853 9779 9718 9684 9654 9630 9625 9624 9613 9603 9603 9604 9601 9594 9592 9596 9599 9604 9608
9636 9640 9643 9648 9653 9659 9668 9679 9686 9690 9694 9695 9686 9706 9751 9775 9746 9713 9716 9709 9706 9705 9710 9712 9714 9717 9716 9707 9705 9692 9687 9681 9683 9685 9686 9688 9689 9692 9698 9700 9706 9717 9739 9768 9762 9762 9793 9804 9804 9804 9807 9812 9816 9814 9812 9791 9769 9740 9730 9702 9670 9646 9630 9622 9622 9615 9600 9597 9596 9591 9590 9592 9594 9597 9601 9604
9647 9653 9649 9651 9654 9656 9676 9680 9684 9695 9704 9703 9709 9721 9742 9743 9706 9661 9701 9696 9699 9708 9705 9703 9703 9706 9707 9703 9701 9692 9686 9683 9682 9680 9677 9675 9678 9683 9686 9691 9697 9719 9738 9748 9743 9754 9797 9796 9791 9789 9789 9787 9779 9768 9778 9781 9763 9721 9698 9682 9654 9634 9620 9614 9611 9603 9599 9596 9591 9587 9589 9591 9591 9595 9600 9603
9638 9648 9657 9656 9656 9658 9668 9678 9682 9692 9702 9705 9708 9715 9698 9706 9731 9718 9693 9693 9693 9701 9697 9695 9693 9691 9693 9698 9696 9689 9685 9686 9684 9676 9670 9663 9669 9675 9679 9684 9694 9711 9725 9728 9729 9737 9748 9762 9768 9771 9773 9772 9764 9759 9774 9770 9758 9712 9673 9643 9632 9620 9609 9603 9605 9597 9597 9594 9590 9587 9589 9590 9589 9593 9600 9602
9631 9648 9658 9658 9658 9660 9667 9678 9687 9690 9691 9697 9699 9715 9714 9699 9694 9699 9699 9703 9697 9686 9688 9687 9683 9676 9672 9683 9691 9686 9684 9687 9681 9673 9666 9660 9665 9672 9676 9682 9692 9700 9717 9724 9720 9717 9712 9729 9743 9752 9758 9760 9762 9762 9759 9753 9732 9693 9657 9631 9617 9608 9599 9596 9596 9595 9592 9588 9586 9586 9587 9591 9589 9589 9590 9594
9629 9642 9654 9658 9660 9662 9667 9676 9685 9680 9681 9686 9695 9712 9726 9719 9690 9678 9684 9696 9700 9684 9686 9682 9676 9670 9670 9683 9692 9687 9681 9675 9673 9669 9663 9657 9661 9672 9681 9679 9687 9701 9714 9722 9728 9715 9700 9710 9725 9737 9747 9756 9761 9757 9747 9741 9711 9664 9634 9619 9609 9603 9600 9601 9597 9593 9590 9587 9584 9585 9589 9590 9587 9586 9587 9590
9633 9641 9650 9656 9659 9662 9662 9665 9668 9675 9682 9687 9698 9713 9727 9737 9717 9675 9671 9669 9688 9707 9689 9679 9672 9667 9669 9676 9689 9692 9684 9675 9673 9669 9661 9654 9656 9663 9670 9677 9687 9696 9711 9716 9722 9708 9694 9700 9714 9727 9741 9752 9761 9750 9735 9730 9712 9667 9628 9613 9605 9601 9599 9596 9599 9594 9586 9577 9585 9586 9586 9585 9582 9584 9588 9590
9632 9643 9650 9653 9657 9659 9661 9661 9667 9680 9690 9695 9700 9714 9727 9745 9750 9699 9674 9662 9670 9676 9680 9677 9672 9666 9665 9668 9678 9685 9685 9690 9687 9671 9658 9648 9643 9650 9652 9656 9679 9686 9698 9705 9699 9691 9685 9695 9707 9720 9734 9746 9757 9744 9729 9725 9713 9662 9630 9612 9604 9601 9601 9600 9595 9591 9589 9592 9587 9588 9585 9580 9577 9583 9591 9591
9658 9651 9652 9656 9659 9662 9661 9667 9667 9678 9691 9695 9703 9715 9727 9747 9757 9725 9681 9665 9669 9667 9680 9682 9677 9670 9673 9678 9681 9665 9666 9682 9681 9666 9654 9643 9637 9639 9644 9659 9670 9677 9681 9685 9679 9678 9682 9690 9702 9716 9728 9736 9737 9731 9723 9719 9708 9653 9625 9611 9602 9602 9602 9603 9596 9589 9586 9579 9581 9584 9585 9579 9576 9579 9589 9589
9650 9645 9653 9659 9663 9666 9671 9673 9670 9674 9686 9694 9708 9720 9732 9748 9757 9730 9687 9674 9688 9705 9702 9695 9690 9682 9694 9721 9718 9702 9666 9655 9653 9657 9652 9645 9641 9640 9646 9658 9660 9663 9673 9655 9664 9666 9675 9687 9700 9714 9724 9730 9732 9723 9719 9720 9706 9643 9619 9613 9612 9602 9597 9595 9594 9591 9583 9574 9575 9575 9579 9588 9579 9575 9578 9583
9640 9652 9659 9663 9667 9672 9680 9686 9672 9680 9689 9701 9716 9728 9736 9747 9754 9735 9715 9706 9718 9734 9713 9706 9705 9710 9710 9714 9724 9736 9698 9657 9662 9658 9653 9649 9645 9650 9653 9655 9652 9653 9650 9653 9656 9666 9674 9686 9698 9710 9720 9728 9730 9730 9722 9725 9688 9635 9611 9603 9592 9591 9589 9586 9578 9581 9592 9588 9578 9574 9579 9594 9582 9574 9576 9579
9640 9660 9667 9667 9668 9670 9673 9679 9678 9687 9699 9713 9727 9732 9743 9759 9761 9739 9727 9720 9713 9714 9704 9707 9712 9716 9710 9703 9705 9710 9705 9657 9660 9657 9655 9655 9657 9655 9659 9655 9651 9651 9651 9650 9650 9652 9670 9685 9696 9706 9716 9727 9734 9724 9722 9712 9653 9624 9608 9597 9585 9584 9584 9581 9575 9575 9575 9580 9585 9577 9576 9585 9580 9576 9576 9576
9650 9667 9668 9667 9667 9667 9668 9673 9675 9689 9689 9718 9738 9741 9759 9769 9760 9748 9735 9725 9708 9699 9702 9706 9710 9713 9700 9691 9688 9693 9686 9652 9647 9649 9653 9660 9667 9670 9670 9647 9647 9657 9645 9648 9659 9668 9679 9688 9696 9703 9711 9719 9726 9719 9718 9695 9646 9617 9607 9599 9592 9589 9584 9579 9571 9569 9572 9572 9576 9573 9571 9580 9575 9569 9573 9571
9653 9662 9660 9660 9662 9665 9665 9662 9670 9673 9691 9719 9744 9770 9778 9758 9747 9743 9752 9732 9713 9706 9707 9708 9701 9693 9685 9674 9669 9674 9677 9641 9634 9640 9652 9664 9677 9682 9668 9654 9656 9651 9642 9652 9676 9691 9692 9693 9695 9698 9702 9706 9712 9717 9709 9683 9640 9615 9602 9597 9594 9589 9584 9580 9576 9570 9574 9574 9577 9574 9588 9585 9575 9569 9566 9566
9652 9651 9648 9652 9657 9663 9669 9677 9685 9690 9711 9724 9742 9784 9792 9770 9755 9745 9745 9733 9719 9718 9729 9716 9694 9677 9672 9664 9658 9660 9667 9644 9627 9637 9657 9671 9679 9678 9669 9660 9651 9643 9643 9660 9684 9701 9696 9693 9693 9693 9694 9694 9699 9700 9694 9674 9645 9616 9598 9591 9591 9587 9584 9579 9576 9575 9575 9576 9577 9574 9582 9582 9575 9563 9561 9561
9651 9639 9634 9642 9651 9663 9676 9694 9725 9740 9755 9753 9763 9795 9795 9782 9788 9763 9750 9736 9722 9726 9742 9723 9693 9674 9669 9664 9659 9652 9666 9645 9635 9652 9675 9688 9689 9676 9672 9666 9659 9646 9646 9654 9671 9684 9688 9687 9687 9688 9688 9686 9699 9697 9685 9667 9640 9620 9632 9614 9597 9598 9589 9578 9577 9578 9578 9577 9575 9578 9572 9568 9569 9565 9559 9559
9631 9628 9629 9637 9648 9661 9680 9708 9736 9747 9759 9754 9737 9772 9788 9802 9810 9775 9760 9740 9722 9720 9733 9718 9694 9679 9671 9666 9660 9651 9660 9644 9653 9694 9712 9723 9721 9705 9687 9680 9672 9660 9656 9658 9666 9673 9679 9680 9681 9683 9688 9694 9718 9703 9687 9662 9640 9631 9633 9605 9602 9602 9594 9587 9581 9582 9584 9581 9576 9574 9570 9567 9562 9564 9560 9558
9621 9623 9627 9637 9648 9661 9674 9688 9702 9709 9724 9731 9748 9755 9772 9794 9799 9777 9764 9740 9715 9699 9701 9701 9694 9683 9675 9668 9661 9651 9659 9649 9676 9715 9728 9736 9752 9720 9705 9678 9693 9668 9668 9672 9666 9668 9673 9674 9674 9679 9687 9706 9736 9684 9671 9656 9637 9626 9626 9610 9605 9600 9598 9595 9589 9586 9586 9581 9574 9568 9570 9568 9560 9561 9557 9558
9619 9622 9631 9636 9646 9656 9662 9657 9660 9670 9685 9693 9707 9721 9742 9769 9778 9762 9757 9742 9715 9687 9685 9693 9687 9682 9677 9673 9669 9660 9679 9688 9720 9785 9693 9685 9790 9827 9754 9668 9636 9639 9675 9691 9677 9672 9671 9669 9667 9669 9674 9695 9696 9679 9661 9650 9635 9621 9617 9616 9619 9607 9600 9594 9591 9587 9584 9573 9569 9570 9568 9565 9561 9559 9558 9559
9621 9623 9624 9633 9641 9648 9655 9663 9636 9642 9653 9662 9679 9693 9722 9746 9741 9739 9751 9745 9729 9714 9699 9701 9687 9681 9678 9675 9672 9671 9705 9741 9774 9605 9536 9532 9548 9761 9865 9755 9660 9646 9694 9699 9691 9682 9673 9665 9659 9655 9653 9659 9699 9691 9661 9651 9638 9625 9614 9626 9637 9621 9604 9596 9594 9590 9586 9580 9573 9571 9568 9568 9560 9557 9562 9561
9630 9631 9632 9636 9639 9642 9644 9640 9626 9629 9635 9645 9661 9684 9712 9724 9715 9722 9734 9741 9744 9743 9707 9697 9683 9680 9678 9678 9682 9692 9721 9767 9598 9401 9381 9399 9401 9498 9643 9809 9735 9658 9699 9707 9707 9690 9674 9661 9651 9645 9643 9652 9680 9668 9663 9656 9649 9637 9624 9627 9631 9617 9602 9598 9598 9595 9590 9586 9575 9571 9568 9560 9559 9560 9560 9561
9646 9641 9639 9639 9640 9639 9635 9627 9620 9627 9634 9640 9649 9667 9696 9698 9701 9711 9716 9732 9746 9750 9706 9684 9680 9679 9676 9678 9687 9713 9752 9742 9451 9367 9353 9368 9395 9399 9486 9796 9775 9702 9711 9715 9708 9687 9668 9652 9640 9632 9634 9645 9645 9653 9663 9664 9666 9662 9654 9646 9634 9611 9601 9595 9597 9597 9587 9580 9570 9573 9569 9565 9562 9563 9561 9562
9650 9647 9645 9644 9644 9641 9635 9626 9623 9633 9633 9656 9668 9657 9681 9685 9684 9689 9708 9723 9741 9755 9727 9696 9684 9682 9681 9677 9687 9722 9780 9731 9474 9392 9374 9376 9389 9395 9427 9668 9735 9717 9731 9722 9700 9677 9658 9643 9629 9619 9612 9618 9636 9656 9666 9674 9681 9692 9687 9651 9618 9606 9598 9607 9596 9577 9580 9576 9571 9570 9570 9567 9562 9564 9562 9565
9648 9652 9653 9653 9654 9651 9643 9637 9641 9649 9645 9670 9679 9658 9673 9673 9674 9683 9707 9710 9730 9746 9730 9690 9693 9689 9682 9678 9685 9727 9786 9774 9534 9434 9399 9391 9390 9392 9421 9616 9704 9720 9731 9702 9673 9659 9645 9631 9620 9609 9604 9620 9648 9662 9666 9675 9686 9696 9691 9650 9613 9606 9608 9607 9603 9595 9583 9576 9576 9573 9570 9566 9563 9564 9566 9571
9650 9661 9668 9671 9670 9664 9661 9653 9654 9659 9662 9674 9679 9669 9675 9678 9669 9671 9688 9689 9715 9747 9760 9738 9718 9700 9689 9681 9687 9729 9795 9838 9627 9500 9451 9431 9420 9422 9525 9702 9723 9725 9692 9668 9647 9639 9629 9620 9610 9603 9600 9618 9642 9650 9657 9669 9680 9689 9683 9641 9615 9609 9613 9622 9600 9598 9588 9579 9578 9575 9571 9567 9567 9568 9574 9579
9657 9672 9687 9696 9687 9675 9665 9654 9654 9670 9678 9680 9673 9667 9666 9672 9665 9660 9667 9671 9697 9726 9752 9768 9733 9712 9697 9689 9693 9735 9785 9807 9702 9630 9587 9531 9514 9547 9704 9762 9723 9707 9690 9661 9638 9625 9617 9612 9607 9601 9600 9601 9611 9627 9641 9655 9669 9681 9691 9654 9635 9616 9618 9546 9576 9589 9591 9585 9577 9576 9573 9569 9569 9577 9592 9603
9666 9684 9701 9710 9700 9682 9660 9664 9664 9674 9685 9678 9669 9673 9664 9658 9663 9660 9658 9663 9680 9697 9716 9756 9736 9717 9705 9698 9703 9729 9767 9800 9783 9799 9826 9731 9699 9767 9743 9731 9704 9693 9682 9646 9627 9617 9611 9606 9603 9601 9600 9601 9595 9612 9625 9639 9652 9662 9657 9645 9638 9625 9632 9570 9574 9589 9594 9588 9582 9579 9576 9573 9577 9594 9613 9625
9676 9691 9707 9720 9706 9689 9679 9672 9675 9681 9693 9689 9682 9674 9666 9663 9666 9664 9658 9659 9670 9680 9692 9727 9729 9721 9712 9707 9711 9726 9753 9777 9792 9839 9874 9847 9802 9803 9753 9724 9688 9680 9653 9624 9612 9608 9606 9604 9602 9599 9596 9593 9593 9597 9611 9627 9640 9649 9655 9652 9644 9645 9630 9609 9591 9590 9588 9585 9582 9581 9580 9575 9582 9608 9633 9654
9683 9693 9702 9706 9699 9688 9681 9685 9688 9698 9705 9706 9696 9687 9677 9673 9671 9669 9664 9664 9669 9675 9687 9718 9728 9724 9715 9708 9711 9722 9740 9758 9752 9782 9775 9772 9761 9732 9712 9687 9666 9644 9623 9607 9605 9605 9607 9605 9602 9598 9592 9586 9587 9591 9603 9615 9627 9638 9650 9654 9655 9637 9615 9604 9596 9590 9585 9584 9580 9578 9582 9582 9596 9619 9644 9668
9688 9693 9697 9696 9696 9690 9687 9700 9697 9696 9704 9698 9690 9682 9676 9676 9670 9670 9666 9666 9670 9676 9683 9709 9732 9727 9716 9706 9705 9714 9725 9733 9728 9743 9736 9738 9707 9678 9668 9656 9640 9612 9606 9603 9606 9609 9610 9609 9605 9598 9590 9586 9592 9590 9597 9606 9614 9623 9636 9644 9637 9637 9619 9601 9596 9590 9587 9587 9581 9577 9580 9592 9607 9629 9653 9681
