real_craters/C168-500m.grd
DSAA
258 258
-64.1375 64.1375
-64.1375 64.1375
7911.0637205153 10373.483496227
[rows 30 to 59 of 258, columns 0 to 66 of 258]
9741.31 9717.5 9666.77 9605.56 9536.95 9524.79 9510.2 9518.67 9575.77 9626.91 9671.81 9710.54 9735.84 9750.52 9750.16 9745.13 9736.63 9733.2 9741.96 9751.13 9748.61 9731.43 9714.74 9707.22 9705.84 9706.66 9701.57 9693.95 9687.68 9678.59 9665.18 9655.77 9657.99 9667.41 9664.42 9661.22 9663.32 9679.45 9680.33 9679.51 9672.45 9662.21 9651.67 9637.76 9628.46 9621.79 9617.13 9611.71 9606.73 9602.37 9598.91 9600.06 9606.4 9619.8 9624.29 9627.74 9636.57 9646.73 9654.61 9662.55 9669.44 9677.1 9683.32 9687.72 9693.75 9696.03 9697.07
9777.93 9716.14 9616.93 9496.62 9379.95 9378.85 9384.86 9418 9506.65 9585.81 9652.47 9705.99 9740.35 9757.59 9759.77 9751.82 9739.19 9734.06 9743.84 9754.5 9752.66 9733.64 9714.67 9709.15 9708.5 9710.01 9707.17 9699.41 9689.79 9682.28 9673.1 9657.26 9649.16 9645.56 9647.53 9646.79 9648.46 9658.35 9663.3 9664.69 9663.96 9649.67 9647.3 9640.97 9628.7 9621.92 9617.89 9613.38 9608.61 9604.82 9603.6 9608.27 9612.7 9621.84 9627.1 9631.7 9641.49 9651.48 9660.06 9668.09 9675.68 9682.61 9687.57 9693.17 9697.69 9701.21 9700.8
9809.23 9719.04 9591.71 9451.79 9334.22 9314.69 9343.36 9393.62 9479.52 9567.24 9647.78 9714.64 9760.72 9776.1 9774.7 9763.61 9745.63 9732.74 9747.19 9755.13 9750.87 9736.2 9716.94 9711.91 9708.72 9705.97 9701.54 9694.51 9686.84 9682.11 9674.77 9656.14 9645.85 9642.56 9641.67 9640.9 9642.89 9648.12 9652.97 9651.09 9644.28 9637.69 9637.24 9642.03 9634.73 9626.39 9620.81 9615.6 9610.89 9607.13 9605.44 9607.46 9614.95 9622.19 9629.19 9638.95 9648.99 9658.03 9666.22 9673.95 9681.17 9688.69 9694.13 9699.93 9703.83 9708.16 9712.42
9813.02 9720.29 9590.62 9450.85 9326.44 9310.35 9345.2 9402.61 9482.3 9573.14 9660.73 9737.06 9787.35 9799.94 9793.82 9780.26 9763.04 9752.04 9760.38 9764.26 9759.76 9745.51 9730.08 9716.65 9708.82 9701.4 9692.66 9683.09 9678.73 9673.53 9665.21 9652.58 9643.29 9641.73 9641.58 9639.46 9640.22 9643.95 9645.93 9644.76 9641.02 9635.59 9633.45 9640.3 9639.47 9631.88 9624.98 9618.63 9613.63 9609.27 9607.24 9610.13 9617.92 9628.37 9640.29 9652.35 9659.1 9666.55 9673.98 9681.18 9688.25 9694.73 9701.14 9708.4 9714.38 9719.24 9724.71
9815.22 9720.88 9601.72 9481.78 9388.72 9358.07 9378.69 9431.52 9502.04 9589.84 9679.79 9761.12 9813.34 9818.95 9811.29 9796.67 9783.45 9779.97 9777.49 9778.62 9775.54 9751.97 9729.62 9719.14 9709.92 9700.52 9689.08 9678.01 9673.87 9667.88 9659.97 9651.34 9646.72 9645.8 9645.72 9643.49 9642.69 9642.31 9641.69 9644.09 9642.68 9637.56 9635.6 9636.88 9635.19 9632.19 9629.84 9625.55 9619.87 9613.61 9608.79 9611.32 9621.91 9635.8 9652.61 9661.48 9668.55 9675.76 9683.4 9690.45 9697.71 9704.39 9710.89 9716.23 9722.77 9729.43 9735.93
9795.1 9718.56 9620.24 9521.03 9446.18 9411.11 9416.02 9453.41 9525.68 9615.68 9703.95 9777.95 9822.32 9829.72 9821.43 9805.63 9791.97 9785.69 9781.55 9784.54 9785.22 9755.5 9732.05 9721.95 9713.01 9704.61 9695.85 9684.06 9676.02 9668.41 9661.01 9660.99 9657.25 9651.32 9651.11 9648.82 9648.57 9647.33 9645.17 9650.42 9652.65 9648.39 9645.39 9641.49 9638.04 9639.06 9638.72 9634.79 9628.59 9621.18 9614.25 9616.34 9627.4 9638.51 9646.54 9662.57 9674.57 9684.19 9691.68 9699.09 9704.75 9710.72 9716.59 9722.8 9729.83 9736.92 9744.83
9778.84 9718.15 9640.08 9559.44 9487.41 9451.79 9458.27 9480.18 9557.73 9652.1 9736.03 9797.91 9831.39 9836.76 9827.54 9810.49 9791.14 9767.75 9771.22 9781.15 9780.22 9759.41 9740.38 9728.81 9717.68 9708.74 9703.99 9691.41 9680.29 9671.92 9662.54 9647.38 9668.98 9660.04 9659.2 9659.25 9658.74 9658.29 9657.07 9660.86 9662.25 9665.51 9663.22 9661.22 9656.06 9654.44 9654.45 9649.17 9641.93 9634.64 9630.06 9630.14 9637.27 9646.39 9657.72 9671.73 9684.79 9693.94 9701.03 9708.65 9714.07 9719.37 9724.74 9730.77 9736.48 9741.94 9749.07
9766.79 9725.01 9667.04 9605.11 9548.03 9522.13 9532.75 9545.23 9622.44 9708.93 9780.08 9838.12 9854.13 9845.35 9829.41 9811.37 9791.46 9773.21 9775.86 9783 9780.41 9771.11 9753.95 9736.29 9721.26 9707.64 9694.33 9686.29 9679.59 9673.45 9668.84 9668.99 9668.1 9666.95 9670.55 9670.13 9671.88 9671.04 9670.12 9678.17 9680.43 9695.42 9697.55 9691.23 9691.19 9684.97 9676.21 9667.56 9658.57 9650.69 9644.88 9645.45 9650.02 9657.26 9667.92 9686.08 9698.03 9705.34 9711.83 9718.31 9723.66 9728.38 9732.58 9736.57 9740.76 9745.68 9750.79
9766.83 9738.67 9701.25 9661.29 9626.23 9614.44 9654.87 9695.41 9743.68 9781.61 9820.66 9862.73 9863.62 9846.13 9828.39 9810.74 9797.09 9787.82 9788.94 9793.34 9795.65 9781.7 9763.39 9742.82 9723.77 9706.29 9690.45 9683.13 9679.32 9675.21 9673.99 9674.45 9674.89 9676.62 9682.47 9686.09 9690.01 9687.04 9687.23 9692.35 9692.59 9704.91 9711.72 9710.79 9703.91 9709.41 9698.13 9686.26 9676.46 9668.42 9662.11 9661.67 9664.25 9668.78 9676.7 9692.14 9707.57 9716 9722.38 9727.59 9731.95 9735.33 9738.47 9741.11 9744.72 9748.21 9751.12
9770.68 9755.66 9736.3 9720.5 9718.2 9737.36 9783.78 9869.62 9867.49 9834.58 9834.42 9844.13 9845.01 9834.09 9821.94 9808.66 9798.47 9789.55 9792.85 9803.46 9811.85 9793.62 9769.71 9746.62 9725.64 9707.12 9692.09 9684.18 9680.79 9678.21 9678.46 9680.11 9681.52 9682.36 9668.83 9709.78 9713.29 9714.98 9714.67 9707.05 9730.16 9740.67 9720.44 9727.27 9744.8 9729.51 9713.02 9702.16 9693.66 9687.95 9683.17 9680.65 9680.31 9682.63 9687.15 9703.51 9719.69 9727.09 9733.44 9739.03 9742.37 9745.01 9746.71 9748.2 9749.2 9749.68 9751.14
9779.91 9770.24 9762.74 9765.38 9789.02 9839.54 9846.59 9864.89 9858.36 9834.28 9817.68 9810.88 9814.21 9811.08 9804.98 9796.57 9792.44 9797.72 9805.8 9805.18 9807.68 9804.34 9771.23 9745.81 9725.82 9708.36 9694.1 9685.78 9682.91 9681.62 9682.01 9683.61 9685.44 9689.95 9709.75 9727.15 9732.47 9735.43 9727.07 9754.65 9688.64 9680.84 9704.2 9726.25 9739.66 9730.86 9722.22 9715.81 9707.67 9702.27 9701.85 9697.04 9697 9699.48 9705.18 9714.63 9725.99 9738.27 9744.67 9748.58 9750.48 9751.47 9751.68 9751.8 9751.61 9750.77 9750.39
9782.21 9774.55 9772.57 9781.55 9803.45 9830.55 9828.71 9817.84 9807.2 9800.73 9792.19 9786.68 9786.74 9784.31 9781.93 9777.57 9780.57 9787.24 9791.93 9792.23 9792.75 9775.96 9756.82 9738.6 9723.02 9709.07 9696.55 9688.52 9686.25 9685.77 9687.3 9687.98 9688.47 9694.98 9717.78 9736.39 9744.32 9743.35 9735.44 9757.41 9671.41 9688.52 9706.3 9724.01 9734.34 9739.33 9738.78 9729.95 9721.04 9711.24 9706.66 9710.83 9713.84 9717.72 9722.36 9730.29 9745.88 9755 9758.78 9759.8 9759.82 9757.86 9756.9 9755.08 9752.55 9750.61 9749.01
9771.25 9768.95 9768.37 9773.28 9779.81 9778.98 9777.67 9766.26 9758.6 9761.74 9766.3 9770.41 9767.05 9766.26 9762.9 9763.87 9763.52 9764.76 9763.12 9767.18 9768.16 9746.85 9736.59 9727.22 9717.98 9710.15 9703.62 9698.37 9693.59 9694.36 9697.69 9698.67 9698.33 9707.01 9726.84 9745.38 9753.94 9757.22 9747.76 9746.5 9707.96 9705.6 9723.1 9730.81 9733.67 9741.33 9747.02 9743.37 9737.33 9729.61 9725.85 9728.8 9732.49 9737.38 9744.08 9757.37 9772.12 9773.24 9772.62 9770.74 9768.07 9764.9 9761.78 9757.93 9754.41 9751 9747.89
9755.34 9756.03 9756.64 9753.36 9751.59 9746.44 9736.59 9722.79 9714.87 9729.54 9737.66 9742.83 9745.81 9746.51 9747.06 9746.81 9743.69 9739.81 9731.28 9737.8 9738.65 9726.47 9719.89 9715.33 9711.8 9710.04 9712.5 9718.14 9721.95 9711.86 9712.41 9716.42 9722.33 9729.21 9740.45 9750.45 9757.77 9757.5 9748.19 9745.72 9744.32 9765.95 9745.12 9743.02 9749.06 9754.76 9756.51 9757.73 9756.11 9756.86 9752.07 9749.08 9751.51 9756.8 9764.24 9771.9 9784.37 9787.84 9784.56 9779.46 9774.27 9769.55 9765.05 9760.67 9756.04 9751.87 9748.4
9740.42 9744.12 9742.01 9738.88 9730.31 9717.14 9709.37 9706.73 9705.99 9713.28 9720.06 9724.86 9728.06 9729.28 9730.02 9728.58 9726.67 9721.32 9716.92 9715.84 9712.41 9709.56 9704.92 9703.87 9703.83 9705.89 9711.02 9717.56 9721.23 9721.16 9724.14 9732.93 9747.15 9752.8 9753.97 9757 9760.07 9755.86 9748.08 9737.73 9732.52 9728.71 9736.98 9748.4 9763.2 9774.86 9773.92 9775.84 9772.61 9768.45 9766.59 9765.08 9767.73 9773.61 9783.65 9804.69 9810.01 9802.46 9794.1 9786.46 9779.74 9773.07 9768.07 9763.11 9758.79 9754.15 9750.74
9727.63 9730.85 9728.85 9725.87 9718.39 9708.3 9704.09 9706.89 9707.59 9709.05 9707.96 9710.94 9714.55 9716.22 9716.1 9714.37 9711.11 9707.7 9704.2 9702.48 9698.13 9690.7 9689.23 9690.78 9693.68 9697.93 9703.69 9708.1 9712.99 9720.06 9727.15 9738.13 9753.67 9759.58 9762.09 9766.18 9758.84 9750.44 9739.92 9731.1 9728.44 9724.76 9729.72 9749.44 9771.72 9789.86 9802.17 9796.87 9786.24 9776.33 9775.37 9776.34 9779.22 9784.64 9792.94 9802.68 9814.26 9807.46 9797.77 9789.73 9782.79 9777.25 9772.2 9767.48 9762.26 9757.26 9752.09
9717.75 9719.3 9718.09 9716.64 9714.13 9715.14 9717.07 9716.55 9718.24 9713.99 9704.55 9704 9705.21 9705.71 9704.49 9701.61 9698.31 9694.5 9692.7 9692.16 9689.93 9679.55 9676.7 9679.42 9683.4 9688.08 9693.6 9700.77 9706.35 9714.01 9721.42 9730.52 9740.53 9744.47 9756.79 9764.13 9747.78 9735.92 9726.88 9725.2 9722.13 9717.8 9726.99 9752.19 9778.74 9801.24 9818.72 9815.51 9800.82 9784.67 9784.62 9785.51 9787.24 9790.39 9793.88 9796.17 9801.69 9800.42 9795.71 9791.04 9785.52 9780.38 9774.98 9770.46 9765.6 9760.22 9754.74
9709.3 9710.04 9710.5 9709.95 9709.61 9712.58 9716.21 9716.8 9727.47 9716.07 9712.92 9702.11 9697.81 9695.07 9692.87 9689.95 9686.6 9681.95 9678.71 9679.84 9679.76 9668.8 9666.3 9671.03 9675.74 9679.27 9682.64 9687.45 9695.43 9703.69 9709.34 9715.72 9720.11 9721.16 9729.23 9741.13 9726.15 9716.46 9714.21 9721.77 9719.44 9717.92 9728.05 9762.28 9790.32 9811.5 9830.96 9829.16 9817.18 9808.56 9797.72 9794.38 9793.48 9794.11 9795.3 9794.43 9789.2 9788.22 9790.85 9789.74 9786.53 9781.39 9777.56 9773.16 9768.31 9764.39 9759.21
9701.36 9701.73 9701.85 9701.77 9700.76 9698.48 9695.58 9698.3 9698.21 9695.17 9695.99 9690.42 9687.77 9685.54 9682.63 9679.5 9675.52 9670.22 9664.79 9664.01 9666.66 9660.25 9660.07 9666 9670.26 9672.23 9672.38 9670.84 9677.45 9687.68 9694.77 9700.15 9703.32 9703.89 9706.61 9711.68 9698.44 9697.13 9702.02 9716.65 9724.15 9736.31 9757.61 9785.42 9808.07 9827.28 9837.06 9836.84 9829.23 9816.44 9806.53 9799.9 9797 9795.88 9796.92 9799.43 9793.44 9788.8 9790.35 9790.57 9786.28 9783.11 9777.77 9775.23 9773.75 9772.76 9769.51
9694.09 9694.87 9694.95 9694.77 9692.75 9688.47 9681.94 9682.07 9676.27 9673.6 9671.13 9677.25 9678.72 9677.71 9675.02 9672.5 9668.43 9662.61 9655.71 9652.43 9657.04 9660.46 9663.11 9666.2 9668.05 9668.62 9667.8 9666.05 9669.76 9675.1 9682.88 9688.31 9690.98 9691.62 9688.94 9684.8 9680.57 9686.39 9701.99 9702.4 9722.2 9758.69 9796.4 9809.62 9824.67 9845.46 9856.82 9856.2 9839.63 9824.84 9812.59 9803.93 9798.32 9795.42 9795.13 9798.38 9799.77 9797.92 9791.28 9787.61 9786.22 9784.56 9782.02 9781.06 9780.74 9783.17 9790.33
9690.02 9691.52 9691.49 9691.32 9689.51 9687.28 9682.77 9679.93 9670.54 9671.42 9674.61 9673.15 9672.3 9671.26 9669.6 9667.29 9663.97 9659.75 9655.22 9653.8 9660.27 9666.49 9670.67 9669.18 9669.16 9668.73 9668.34 9668.33 9670.13 9670.71 9676.22 9681.31 9682.46 9678.46 9677.09 9677.55 9676.39 9676.16 9689.63 9705.67 9726.73 9762.03 9801.01 9814.72 9828.88 9840.97 9853.35 9853.93 9836.04 9823.31 9814.69 9806.89 9800.17 9794.47 9790.33 9789.02 9791.98 9794.3 9789.98 9786.47 9787.05 9785.02 9782.88 9782.34 9782.49 9784.65 9792.13
9685.01 9687.06 9687.56 9687.57 9687.54 9688.8 9693.14 9688.38 9680.57 9680.06 9676.51 9671.49 9668.37 9667.33 9666.75 9665.35 9663.4 9661.74 9660.75 9664.17 9666.42 9668.71 9670.02 9670.39 9670.55 9670.6 9670.57 9671.4 9670.03 9667.41 9672.75 9678.48 9681.19 9674.6 9671.85 9683.15 9683.34 9681.27 9678.75 9697.06 9722.5 9752.91 9776.34 9807.52 9829.33 9840.03 9848.3 9848.13 9833.47 9821.69 9813.45 9805.3 9797.38 9788.68 9780.84 9772.5 9771.33 9783.47 9789.78 9788.86 9782.23 9781.69 9779.75 9777.34 9776.06 9776.69 9776.12
9682 9683.69 9683.84 9683.8 9683.77 9684.33 9686.26 9688.06 9697.39 9685.63 9668.99 9667.07 9666.66 9665.92 9665.41 9665.68 9665.17 9665.48 9666.29 9669.83 9669.83 9669.87 9669.53 9671.28 9671.96 9672.11 9672.27 9671.86 9669.59 9667.23 9672.07 9679.09 9686.51 9685.06 9673.46 9692.69 9701.71 9693.76 9688.51 9694.71 9719.99 9752.2 9781.12 9815.45 9837.05 9847.38 9851.08 9846.39 9835.37 9820.88 9807.28 9794.76 9785.05 9776.9 9768.74 9758.34 9749.25 9779.29 9787.32 9794.18 9797.46 9790.31 9786.56 9781.44 9775.86 9767.89 9766.59
9678.52 9679.77 9679.76 9680.09 9678.96 9677.21 9673.55 9675.38 9677.83 9666.05 9660.66 9662.38 9665.01 9665.68 9666.61 9667.64 9667.9 9668.53 9669.52 9670.53 9671.04 9671.94 9672.58 9672.86 9672.74 9672.67 9672.81 9672.78 9669.22 9668.97 9672.87 9678.14 9681.98 9677.65 9672.5 9685.4 9698.38 9694.97 9690.43 9688.63 9713.35 9758.69 9809.74 9840.41 9849.94 9854.38 9853.17 9843.79 9835.93 9819.2 9802.36 9787.57 9775.45 9766.98 9763.26 9760.49 9749.03 9761.61 9782.29 9798.83 9797.79 9794.1 9788.51 9782.57 9774.63 9760.81 9750.3
9678.18 9678.32 9678.18 9677.82 9675.67 9672.57 9668.28 9666.01 9664.12 9660.11 9659.77 9662.21 9664.83 9666.94 9668.4 9669.61 9670.38 9670.87 9671.65 9672 9672.45 9674.59 9675.64 9674.22 9673.16 9673.06 9673.32 9672.99 9672.81 9672.1 9674.36 9677.26 9677.91 9672.95 9671.59 9681.11 9691.84 9695.5 9690.89 9687.06 9705.6 9758.5 9820.76 9852.84 9855.91 9858.46 9857.35 9850.52 9834.92 9817.86 9798.73 9779.76 9762.51 9754.13 9756.3 9776.34 9806.12 9786.86 9799.66 9812.06 9806.43 9799.16 9792.4 9785.39 9777.4 9764.1 9754.88
9678.17 9678.22 9677.41 9676.43 9673.98 9671.06 9666.82 9663.04 9660.8 9660.5 9660.61 9663.81 9667.01 9669.83 9671.53 9673.22 9674.42 9674.71 9673.03 9673.37 9678.14 9678 9676.08 9673.61 9672.89 9673.37 9674.34 9674.95 9675.65 9676.94 9677.86 9677.47 9676.56 9674.38 9677.59 9693.15 9697.41 9691.72 9683.29 9680.72 9704.79 9748.09 9798.71 9834.32 9851.17 9856.84 9854.02 9846.98 9834.43 9819.45 9796.17 9772.18 9747.81 9731.2 9728.34 9756.83 9850.33 9875.64 9859.14 9823.14 9800.67 9789.33 9782.65 9779.61 9776.97 9773.88 9769.35
9681.92 9681.27 9680.33 9679.41 9677.44 9674.14 9669.78 9665.15 9660.24 9656.84 9663.12 9667.6 9670.86 9673.59 9676.53 9678.67 9680.39 9681.57 9682.39 9687.77 9689.62 9682.55 9674.9 9672.07 9672.54 9673.62 9675.42 9677.16 9678.67 9681.53 9680.22 9676.87 9675.73 9673.71 9672.67 9682.29 9691.3 9702.74 9679.85 9674.96 9686.54 9732.5 9784.44 9824.75 9843.83 9852.81 9854.86 9853.85 9850.2 9826.08 9794.81 9762.21 9727.79 9694.46 9669.24 9657.72 9665.9 9767.06 9820.81 9786.23 9769.36 9765.98 9767.67 9771.38 9774.54 9776.07 9776.35
9687.42 9686.7 9685.65 9684.29 9680.87 9678.2 9675.43 9672.44 9667.43 9667.27 9672.06 9675.66 9678.55 9681.94 9684.53 9686.67 9688.23 9690.17 9693.52 9697.58 9696.12 9687.03 9677.55 9673.04 9673.51 9674.14 9674.93 9678.02 9681.88 9680.43 9675.4 9674.38 9673.42 9672.37 9671.77 9671.26 9679.51 9691.01 9683.17 9675.29 9682.62 9721.05 9770.85 9814.32 9837.4 9850.76 9856.73 9864.75 9869.26 9837.42 9801.02 9758.06 9709.41 9658 9602.28 9541.08 9479.44 9534.18 9656.19 9692.33 9711.02 9727.62 9743.24 9757.19 9768.57 9776.06 9775.89
9690.61 9691.98 9694.76 9693.34 9690.95 9685.91 9683.29 9679.36 9679.73 9678.46 9682.17 9683.66 9684.86 9685.43 9687.71 9690.31 9692.67 9695.92 9699.04 9700.45 9698.1 9690.84 9682.84 9678.14 9676.67 9676.25 9676.68 9678.84 9681.68 9678.07 9672.12 9672.16 9673.17 9673.6 9673.83 9670.65 9672.27 9690.95 9691.36 9680.2 9681.2 9713.77 9761.7 9803.11 9835.28 9852.63 9864.51 9870.37 9863.55 9847.42 9809.18 9758.71 9696.65 9629.27 9555.71 9471.14 9381.65 9383.55 9510.15 9592.62 9647.01 9686.29 9717.59 9741.93 9760.92 9771.63 9771.78
9697.81 9696.35 9693.93 9692.17 9693.4 9692.13 9688.88 9689.65 9689.39 9692.5 9689.41 9686.24 9686.31 9687.91 9690.43 9693.12 9701.3 9699.81 9700.85 9701.73 9699.93 9694.25 9688.48 9684.03 9680.96 9679.09 9677.16 9679.46 9679.8 9676.4 9671.43 9671.19 9671.74 9673.89 9674.62 9670.5 9673.72 9692.04 9689.43 9676.69 9676.88 9708 9760.32 9813.27 9838.71 9855.21 9870.57 9884.88 9892.02 9869.55 9823.44 9762.64 9692.53 9617.59 9539.84 9457.21 9388.07 9379.06 9443.36 9531.02 9601.55 9655.18 9697.23 9730.18 9755.72 9772.13 9770.77
