real_craters/C168-500m.grd
DSAA
258 258
-64.1375 64.1375
-64.1375 64.1375
7911.0637205153 10373.483496227
[rows 60 to 89 of 258, columns 134 to 200 of 258]
9726.51 9726.13 9722.48 9737.28 9736.41 9746.24 9734.25 9723.93 9709.94 9695.93 9686.81 9683.11 9679.31 9673.44 9670.49 9657.41 9647.41 9637.22 9636.33 9633.43 9633.2 9635.01 9639.2 9643.91 9647.88 9649.94 9651.95 9662.31 9676.29 9678.39 9667.19 9670.41 9659.69 9641.24 9633.04 9625.79 9614.99 9602.37 9591.78 9588.54 9589.08 9598.12 9605 9608.66 9614.57 9615.04 9615.02 9614.88 9615.12 9615.68 9616.2 9616.82 9616.19 9614.42 9612.08 9612.1 9601.78 9589.56 9583.71 9580.02 9576.89 9575.36 9572.82 9569.84 9566.13 9563.99 9560.58
9738.72 9737.9 9738.47 9736.7 9737.28 9744.42 9730.84 9712.69 9698.4 9690.11 9685.79 9678.15 9667.69 9656.98 9657.96 9659.33 9649.25 9637.45 9633.35 9632.88 9633.42 9637.64 9643.59 9650.32 9656.64 9661.6 9664.25 9673.23 9677.26 9665.9 9666.71 9684.3 9667.28 9643.58 9634.39 9627.3 9617.67 9603.51 9591.07 9584.98 9583.5 9587.62 9596.6 9603.8 9605.24 9606.07 9608.41 9610.96 9612.83 9614.86 9616.27 9617.42 9617.26 9616.01 9614.37 9605.34 9601.75 9592.27 9586.66 9581.51 9577.55 9574.28 9572.25 9569.75 9566.83 9563.8 9560.36
9752.57 9746.27 9739.22 9737.98 9730.44 9721.66 9711.1 9694.35 9681.02 9679.52 9677.77 9664.58 9660.17 9656.95 9653.23 9650.85 9643.99 9636.54 9633.88 9633.53 9635.54 9641.27 9649.2 9657.82 9667.47 9677.56 9689.67 9694.06 9688.09 9679.28 9672.1 9676.37 9651.91 9642.17 9641.23 9631.35 9611.68 9603.24 9590.02 9583.18 9585.14 9586.58 9588.55 9591.94 9593.03 9595.2 9601.3 9606.11 9610.13 9613.58 9615.96 9617.78 9618.13 9617.39 9615.28 9613.47 9603.46 9594.5 9587.7 9582.73 9578.6 9575.69 9572.21 9570.12 9566.59 9563.02 9559.84
9758.44 9749.71 9739.38 9737.87 9731.88 9717.6 9700.37 9683.56 9671.06 9670.07 9668.39 9660.55 9654.97 9653.07 9647.28 9641.75 9637.59 9634.89 9632.89 9635.09 9641.5 9645.53 9654.17 9664.94 9677.01 9690.15 9702.75 9706.14 9699.75 9694.58 9675.35 9645.53 9638.59 9639.96 9644.73 9645.53 9638.35 9619.54 9596.61 9585.16 9579.15 9579 9581.34 9581.27 9584.4 9588.63 9596.53 9602.86 9607.93 9612.21 9615.97 9618.52 9619.53 9619.66 9615.16 9607.01 9602.11 9594.26 9588.42 9584.3 9579.77 9576.77 9574.24 9571.58 9568.33 9564.41 9561.25
9756.79 9745.69 9747.24 9749.45 9740.52 9724.2 9697.79 9679.41 9666.16 9664.72 9666.93 9662.35 9652.8 9644.45 9643.58 9640.09 9636.54 9635.63 9634.98 9637.05 9640.02 9648.21 9659.37 9671.72 9685.39 9699.06 9710.19 9712.82 9701.27 9685.26 9680.56 9649.6 9636.77 9637.36 9643.23 9655.91 9666.2 9639.92 9624.15 9604.72 9590.29 9581.46 9581.36 9582.66 9585.43 9590.91 9596.3 9602.29 9608.27 9613.54 9617.89 9620.84 9621.58 9620.01 9616.53 9609.25 9603.9 9598.46 9589.98 9584.3 9580.48 9576.98 9574.62 9571.45 9569.13 9566.11 9563.03
9736.99 9738.18 9743.07 9756.73 9744.51 9725.12 9700.65 9680.25 9664.83 9662.79 9665.39 9663.77 9655.94 9649.25 9645.45 9644.28 9644.5 9642.23 9646.24 9643.46 9640.51 9651.25 9664.7 9678.12 9691.12 9703.45 9712.38 9713.29 9700.76 9684.71 9680.32 9663.12 9641.75 9640.11 9648.02 9651.32 9645.34 9639.42 9627.98 9622.9 9602.86 9591.35 9586.29 9584.81 9588.19 9591.93 9597.63 9603.57 9609.51 9615.67 9620.94 9624.72 9626.16 9623.16 9625.13 9618.9 9603.99 9593.56 9588.62 9584.34 9580.75 9576.76 9573.65 9573.05 9569.96 9566.26 9563.32
9724.5 9731.16 9738.58 9744.88 9743.88 9731.33 9709.17 9684.78 9665.95 9663.25 9666.81 9665.99 9657.05 9650.36 9648.36 9648.99 9651.44 9651.6 9661.34 9653.63 9646.17 9658.01 9671.92 9684.71 9696.07 9705.54 9711.47 9710.11 9699.02 9686.84 9679.23 9662.45 9635.48 9642.74 9653.09 9649.74 9642.03 9634.12 9627.56 9619.85 9606.01 9595.69 9592.88 9592.38 9592.57 9595.27 9599.92 9605.47 9611.68 9618.05 9624.31 9629.68 9634.22 9637.64 9637 9625.31 9602.23 9590.19 9587.04 9583.46 9580.05 9577.64 9574.83 9572.33 9572.37 9569.38 9566.5
9721.13 9724.79 9732.99 9745.16 9741.73 9731.93 9712.74 9688.5 9669.89 9667.86 9672.41 9671.11 9658.67 9653.87 9652.58 9651.65 9650.41 9658.8 9668.32 9661.52 9657.49 9670.98 9682.18 9691.86 9700.52 9707.2 9709.76 9704.75 9695.5 9679.62 9665.3 9645.87 9631.75 9637.3 9644.82 9644.51 9637.95 9627.18 9618.47 9612.85 9600.2 9596.78 9595.54 9596.28 9596.3 9598.34 9601.88 9607.64 9613.82 9620.06 9626.71 9633.25 9639.54 9643.37 9635.35 9620.89 9603.3 9593.73 9587.56 9583.95 9581.59 9578.65 9575.97 9573.63 9571.12 9568.64 9568.34
9719.45 9723.31 9733.57 9739.67 9737.46 9726.92 9706.33 9689.39 9680.64 9677.91 9678.06 9678.62 9666.39 9660.32 9657.96 9656.31 9657.75 9666.73 9680.48 9693.22 9690.34 9689.43 9692.78 9698.08 9703.54 9708.44 9711.69 9711.41 9696.43 9671.16 9646.29 9630.77 9622.77 9631.58 9635.44 9634.81 9629.49 9619.72 9611.89 9609.2 9597.1 9593.27 9597.35 9598.98 9599.38 9599.69 9604.31 9609.74 9615.07 9621.15 9627.16 9633.16 9638.47 9640.16 9628.3 9614.54 9601 9594.24 9589.3 9586 9583.68 9581 9578.57 9576.09 9573.69 9572.91 9570.47
9717.45 9718.52 9729.19 9738.62 9735.42 9721.71 9700.59 9687.91 9686.76 9684.6 9675.45 9657.4 9671.98 9668.4 9665.11 9663.53 9664.08 9675.88 9695.48 9716.25 9712.53 9705.67 9703.76 9705.19 9707.62 9709.87 9711.4 9712.2 9696.58 9672.86 9652.21 9622.23 9614.59 9626.57 9623.69 9621.27 9621.53 9614.14 9605.57 9598.57 9597.79 9597.24 9598.27 9600.44 9602.52 9606.68 9609.36 9611.52 9615.57 9620.5 9626.05 9630.63 9632.74 9631.65 9626.52 9612.42 9600.47 9594.91 9590.87 9588.18 9586.49 9584.28 9582.29 9579.91 9578.75 9575.72 9573.42
9716.05 9723.25 9733.67 9742.53 9736.85 9723.97 9693.23 9680.66 9688.67 9687.91 9677.9 9673.66 9674.08 9673.84 9671.99 9671.86 9676.76 9685.4 9697.68 9710.34 9715.08 9714 9711.96 9711.14 9711.22 9710.4 9707.65 9700.91 9686.64 9669.44 9644.09 9606.14 9611.46 9616.38 9623.95 9629.4 9620.65 9610.98 9604.36 9601.54 9603.69 9599.05 9598.05 9600.38 9603.07 9606.64 9609.01 9611.01 9614.6 9619.17 9623.78 9627.33 9627.75 9624.26 9617.54 9608.39 9599.38 9595.17 9592.5 9590 9588.55 9587.1 9584.96 9582.71 9580.55 9578.33 9576.43
9722.24 9726.8 9733.89 9737.19 9734.64 9726.19 9713.81 9701.34 9694.32 9691.34 9684.66 9679.8 9678.47 9679 9677.53 9677.22 9680.4 9685.98 9694.54 9709.6 9715.03 9716.66 9713.96 9712.17 9708.99 9706.48 9701.18 9690.99 9675.1 9654.96 9627.01 9607.98 9617.32 9621.87 9623.4 9626.54 9620.14 9611.88 9609.07 9609.48 9607.47 9606.47 9603.38 9601.18 9601.6 9602.18 9603.55 9606.84 9611.42 9616.08 9620.71 9624.5 9625.48 9620.46 9610.91 9604.53 9599.64 9597.6 9595.09 9593.74 9591.28 9592.26 9590.21 9587.36 9585.72 9582.99 9580.03
9725.84 9727.41 9728.27 9733.23 9732.63 9725.18 9713.58 9704.1 9699.05 9695.73 9691.2 9685.9 9685.32 9685.56 9683.5 9681.63 9680.47 9684.81 9697.55 9707.95 9715.7 9715.78 9714.19 9710.07 9706.03 9700.82 9694.12 9687.38 9674.89 9641.95 9609.3 9605.33 9612.02 9613.95 9617.87 9615.73 9619.86 9621.6 9618.19 9617.85 9616.18 9613.21 9596.96 9601.41 9600.39 9598.5 9597.15 9602.47 9607.06 9611.73 9616.69 9621.46 9624.19 9618.78 9609.72 9603.99 9602.37 9600.67 9599.7 9600.27 9599.04 9597.8 9596.26 9593.54 9590.32 9587.21 9583.85
9730.92 9730.53 9729.74 9735.58 9736.91 9727.85 9714.35 9703.88 9703.65 9702.84 9700.94 9695.24 9692.18 9690.54 9687.7 9686.23 9685.46 9689.35 9705.01 9713.98 9716.82 9714.21 9710.61 9705.86 9700.73 9694.12 9686.02 9673.96 9653.05 9636.06 9618.67 9617.46 9615.11 9614.8 9620.06 9628.2 9620.27 9612.08 9616.53 9620.12 9620.9 9615.91 9609.55 9604.02 9600.62 9598.75 9599.92 9600.59 9603.27 9607.09 9611.81 9617.07 9622.85 9617.2 9609.02 9603.64 9599.77 9603.45 9606.38 9607.36 9607.17 9606.12 9604.3 9601.78 9598.08 9594.7 9591.18
9737.95 9739.61 9729.23 9740.89 9744.67 9733.88 9721.4 9708.28 9711.59 9716.88 9712.51 9706.3 9700.47 9693.65 9693.17 9692.67 9693.92 9699.49 9710.33 9717.76 9717.31 9712.76 9706.98 9700.39 9693.82 9686.15 9677.29 9668.15 9656.9 9635.45 9620.6 9622.02 9618.35 9616.39 9621.51 9624.95 9616.86 9607.24 9607.15 9614.01 9616.52 9615.13 9611.63 9605.29 9600.59 9597.97 9597.51 9598.08 9600.93 9604.68 9607.97 9610.37 9612.83 9611.5 9610.11 9608.19 9604.48 9611.14 9616.05 9618.39 9617.85 9616.95 9614.22 9609.24 9604.72 9600.95 9597.37
9748.01 9750.25 9744.76 9745.48 9742.89 9738.16 9733.33 9720.11 9723.1 9724.76 9721.09 9713.16 9707.04 9702.38 9699.79 9699.56 9701.61 9705.75 9711.96 9721.44 9718.24 9712.12 9705.2 9697.28 9687.97 9677.98 9667.04 9657.86 9649.63 9625.76 9613.3 9621.04 9619.31 9615.99 9620.7 9623.29 9612.33 9600.57 9602.82 9612.68 9614.57 9609 9606.94 9603.78 9599.36 9595.27 9592.5 9594.85 9599.31 9603.61 9606.32 9606.17 9604.04 9608.65 9617.32 9623.05 9621.19 9627.87 9631.08 9631.4 9629.87 9627.25 9624.73 9620.03 9615.3 9609.05 9603.26
9726.05 9727.19 9747.27 9748.52 9742.9 9738.35 9734.59 9734.04 9732.13 9730.83 9727.51 9721.14 9710.41 9706.45 9706.76 9705.54 9706.26 9710 9712.2 9723.22 9714.18 9710.44 9704.41 9695.79 9684.57 9671.32 9657.15 9640.17 9617.9 9613.69 9614.92 9617.19 9618.26 9615.19 9616.72 9617.14 9611.54 9605.98 9607.56 9608.09 9607.38 9603.78 9602.92 9600.74 9597.58 9594.01 9591.71 9594.25 9601.03 9607.33 9610.92 9610.93 9609.52 9621.46 9638.8 9656.27 9656.85 9652.24 9648.57 9645.32 9641.14 9637.04 9628.82 9623.98 9621.08 9615.66 9611.04
9725.76 9724.99 9749.29 9749.68 9742.94 9737.06 9735.01 9735 9732.42 9730.54 9724.58 9718.58 9716.67 9721.77 9712.06 9708.14 9707.52 9707.66 9716.67 9718.35 9712.25 9713.17 9706.83 9696.9 9684.6 9669.82 9652.15 9633.43 9616.16 9610.92 9616.47 9619.58 9620.6 9613.13 9614.3 9618.65 9618.08 9610.25 9605.46 9605.11 9601.25 9596.78 9597.59 9598.7 9597.79 9595.67 9591.91 9595.64 9607.3 9616.07 9622.39 9626.58 9631.47 9643.52 9663.99 9684.37 9684.15 9675.32 9666.44 9658.47 9650.91 9640.6 9634.59 9630.37 9625.75 9621.46 9618.12
9749.87 9760.55 9759.9 9753.55 9740.73 9736.02 9736.48 9735.8 9733.01 9723.92 9713.05 9710.37 9717.8 9712.92 9709.52 9707.36 9707.47 9711.67 9714.44 9715.95 9727.29 9721.52 9713.24 9702.33 9689.59 9674.02 9655.8 9635.8 9615.83 9605.53 9614.68 9627.56 9621.44 9621.7 9621.84 9619.55 9615 9610.36 9606.61 9601.33 9596.89 9593.92 9598.11 9598.33 9601.17 9603.24 9603.46 9608.37 9619.86 9628.45 9636.57 9645.84 9653 9660.09 9682.35 9705.02 9703.07 9691.53 9678.75 9667.01 9657.67 9648.88 9640.35 9634.86 9630.33 9626.88 9623.97
9765.87 9779.3 9774.96 9761.76 9743.33 9737.99 9739.68 9742.13 9740.07 9724.48 9711.89 9706.81 9704.55 9700.11 9702.52 9704.35 9704.65 9704.3 9706.19 9724.31 9734.18 9728.81 9720.14 9709.14 9696.08 9681.51 9663.96 9644.51 9623.83 9610.24 9617.09 9627.86 9627.24 9626.87 9627.15 9621.75 9615.44 9613.15 9610.15 9599.89 9593.51 9590.51 9595.24 9600.39 9608.88 9616.3 9624.8 9633.15 9637.21 9640.57 9647.01 9659.15 9665.38 9668.72 9688.44 9710.8 9711.75 9698.31 9685.13 9670.84 9659.6 9649.53 9642.5 9636.8 9631.89 9628.62 9626.44
9774.84 9776.87 9777.12 9766.62 9751.22 9745.31 9748.24 9752.25 9744.34 9727.34 9713.55 9705.73 9698.64 9698.81 9703.26 9704.32 9702.87 9702.49 9705.31 9720.49 9735.52 9732.66 9725.73 9716.18 9705.2 9691.26 9677.74 9662.8 9647 9629.72 9627.06 9628.32 9627.25 9629.3 9631.19 9626.58 9617.42 9614.53 9612.33 9600.33 9595.82 9594.13 9606.22 9612.2 9618.32 9627.87 9641.93 9655.91 9649.88 9645.85 9647.73 9655.13 9659.29 9664.24 9684.29 9706.21 9707.03 9695.89 9684.47 9669.97 9657.11 9647.67 9641.03 9635.22 9630.68 9626.35 9625
9777.02 9778.78 9777.22 9772.6 9760.8 9754.71 9758.76 9759.11 9742.14 9732.36 9720.42 9704.29 9698.7 9705.03 9710.4 9705.38 9701.6 9700.65 9704.36 9711.32 9722.42 9731.34 9731.56 9724.93 9715.14 9707.48 9696.79 9686.49 9677.37 9663.6 9647.45 9632.25 9627.57 9634.72 9636.09 9634.15 9631.48 9629.4 9623.97 9613.2 9604.24 9603.13 9610.51 9618.63 9622.97 9631.39 9643.79 9655.43 9648.35 9641.34 9638.37 9638.62 9642.55 9652.8 9673.4 9692.67 9692 9685.02 9675.82 9667.56 9657.18 9648.56 9641.53 9633.42 9626.04 9622.39 9619.97
9772.65 9769.79 9776.01 9779.95 9771.39 9766.45 9768.13 9767.22 9758.41 9741.85 9718.99 9706.87 9707.41 9713.17 9709.77 9705.53 9700.21 9697.65 9701.64 9703.83 9712.16 9734.61 9739.59 9735.12 9728.32 9724.01 9716.94 9710.03 9705.45 9704.76 9671.09 9642.29 9637.45 9645.62 9648.53 9643.64 9639.45 9640.02 9631.72 9619.87 9612.94 9607.14 9606.1 9613.63 9621.03 9627.35 9633.5 9637.13 9633.21 9629.05 9625.13 9621.77 9626.27 9638.43 9655.41 9668.45 9670.19 9667.58 9661.49 9655.31 9648.75 9641.78 9632.8 9627.41 9621.46 9615.62 9610.64
9770.53 9765.27 9773.05 9782.68 9779.25 9777.61 9778.56 9780.44 9772.2 9763.25 9735.99 9719.46 9711.93 9707.49 9712.82 9705.22 9698.9 9694.13 9697.42 9713.07 9738.74 9752.7 9747.88 9742.6 9737.49 9735.7 9732.36 9728.21 9723.31 9719.66 9687.82 9651.06 9646.81 9654.55 9657.37 9649.69 9650.51 9658.81 9651.65 9637.02 9624.27 9616.17 9611.08 9613.18 9617.14 9620.9 9621.2 9615.39 9615.98 9616.71 9614.34 9611.63 9614.64 9626.01 9640.35 9640.41 9646.14 9648.18 9646.85 9642.96 9638 9632.72 9625.96 9620.13 9613.81 9607.95 9599.57
9770.25 9769.83 9773.66 9780.08 9778.72 9775.52 9785.55 9800.32 9811.74 9795.2 9776.21 9746.53 9721.82 9703.93 9700.47 9703.66 9698.46 9695.42 9705.37 9721.97 9745.77 9754.3 9748.67 9745.19 9745.98 9745.86 9744.85 9742 9734.49 9727.43 9699 9661.56 9649.58 9653.36 9643.66 9643.55 9658.37 9668.05 9660.78 9645.69 9630.32 9621.72 9619.32 9616.27 9615.53 9618.05 9617 9612.26 9610.84 9610.68 9608.33 9607.8 9612.11 9620.27 9631.1 9626.68 9627.73 9629.94 9629.68 9628.61 9625.69 9622.78 9618.6 9611.91 9605.73 9598.24 9588.77
9766.79 9767.42 9773.37 9783.96 9784.32 9782.12 9787.67 9799.08 9808.34 9799.69 9789.08 9760.71 9735.1 9722.2 9719.77 9707.63 9699.53 9696.51 9701.82 9712.83 9727 9732.85 9738.53 9743.74 9747.82 9752.13 9756.03 9754.18 9744.62 9729.56 9699.84 9661.71 9657.71 9648.03 9652.72 9659.28 9660.04 9669.99 9660.18 9645.18 9632.7 9625.73 9623.28 9621.03 9618.13 9620.35 9620.38 9618.16 9615.08 9610.62 9605.21 9605.7 9613.63 9614.58 9611.16 9610.27 9612.48 9614.78 9615.68 9615.02 9613.12 9610.31 9606.32 9601.99 9596.89 9590.56 9583.03
9767.4 9774.57 9778.94 9796.23 9795.99 9786.72 9787.25 9789.76 9786.87 9787.76 9777.88 9761.63 9745.31 9729.76 9719.01 9709.67 9699.6 9695.16 9691.89 9697.62 9707.14 9712.54 9724.86 9737.73 9750.49 9761.06 9767.72 9770.65 9763.59 9739.29 9702.97 9673.06 9662.79 9658.67 9663.79 9662.62 9656.09 9650.45 9642.78 9639.06 9629.31 9627.37 9626.04 9624.16 9623.38 9625.28 9626.52 9628.53 9626.96 9613.61 9602.49 9600.67 9609.87 9607.32 9600.56 9599.3 9601.41 9602.87 9603.22 9603.04 9601.61 9599.87 9597.18 9593.92 9589.9 9585.94 9580.91
9797.26 9801.95 9800.11 9810.73 9809.27 9799.71 9794.04 9792.2 9797.65 9793.82 9774.21 9766.5 9760.91 9739.26 9723.57 9712.42 9699.43 9687.39 9687.78 9691.15 9692.81 9697.23 9715.25 9736.08 9752.84 9765.84 9777.16 9786.13 9789.82 9761.86 9714.07 9671.2 9669.44 9685.69 9669.84 9657.69 9652.2 9643.42 9639.22 9643.98 9642.49 9635.2 9630.05 9628.67 9633.16 9631.01 9631.24 9631.64 9625.87 9614.38 9601.6 9597.17 9603.79 9600.56 9594.95 9593.94 9592.35 9592.36 9592.77 9591.99 9591.64 9589.96 9587.84 9585.52 9583.59 9581.44 9580.63
9847.17 9848.23 9850.71 9840.68 9834.73 9818.7 9806.09 9797.44 9792.2 9797.52 9793.84 9816.58 9790.79 9757.84 9735.73 9721.2 9705.86 9692.41 9688.77 9688.97 9690.22 9694.41 9717.94 9738.72 9757.02 9770.42 9783.02 9792.97 9798.58 9776.78 9732.12 9676.79 9675.05 9673.03 9665.6 9674.45 9658.64 9645.52 9664.27 9655.06 9653.03 9643.78 9635.15 9626.59 9631.97 9632.68 9633.05 9631.92 9626.81 9615.8 9603.37 9598.78 9598.36 9595.26 9590.74 9589.66 9587.7 9585.8 9582.13 9579.55 9578.26 9577.14 9576.11 9575.25 9574.67 9574.83 9576.61
9921.02 9898.91 9865.47 9861.99 9856.08 9837.31 9819.42 9809.94 9807.24 9816.29 9811.39 9828.68 9813.74 9788.14 9764.03 9740.16 9721.06 9707.95 9697.84 9692.53 9705.32 9721.82 9733.93 9749.67 9764.37 9777.46 9788.88 9795.2 9791.59 9777.13 9740.53 9693.89 9678.86 9670.7 9670.69 9673.95 9662.85 9625.23 9644.77 9651.46 9653.7 9647.93 9642.43 9638.72 9632.54 9634.61 9634.05 9632.74 9632.93 9615.49 9600.57 9595.95 9596.85 9592.38 9589.97 9584.81 9579.32 9578.29 9576.65 9575.18 9574.9 9572.73 9571.74 9570.46 9569.82 9569.62 9569.28
