real_craters/C168-750m.grd
DSAA
172 172
-64.1375 64.1375
-64.1375 64.1375
7904.6343011608 10370.237217589
[rows 136 to 169 of 172, columns 76 to 151 of 172]
9851 9845 9839 9831 9817 9812 9819 9805 9733 9689 9689 9672 9665 9664 9667 9683 9735 9753 9735 9713 9692 9672 9650 9640 9644 9651 9669 9677 9660 9638 9627 9637 9652 9665 9657 9650 9647 9645 9637 9631 9617 9574 9518 9464 9452 9450 9438 9430 9436 9451 9407 9447 9477 9419 9392 9391 9394 9404 9419 9442 9464 9478 9506 9543 9587 9618 9600 9501 9351 9358 9474 9548 9559 9574 9581 9538
9848 9840 9828 9823 9825 9830 9837 9822 9764 9711 9688 9674 9662 9653 9652 9673 9725 9746 9720 9702 9691 9681 9669 9649 9643 9659 9689 9707 9677 9648 9639 9648 9659 9663 9659 9652 9646 9640 9635 9632 9619 9581 9531 9487 9483 9498 9488 9447 9441 9439 9427 9466 9521 9474 9407 9401 9394 9398 9415 9437 9464 9492 9524 9563 9604 9633 9583 9425 9244 9285 9452 9582 9569 9562 9571 9537
9835 9834 9820 9816 9825 9831 9835 9824 9793 9762 9711 9686 9665 9644 9631 9637 9666 9681 9674 9675 9681 9685 9684 9658 9646 9675 9706 9712 9695 9666 9659 9670 9670 9663 9659 9653 9646 9640 9639 9641 9631 9595 9555 9524 9524 9545 9547 9482 9441 9439 9428 9471 9523 9526 9502 9444 9398 9395 9411 9434 9464 9497 9531 9563 9593 9617 9584 9493 9359 9384 9486 9567 9560 9575 9563 9557
9824 9828 9831 9828 9825 9822 9816 9807 9805 9803 9745 9710 9677 9642 9606 9591 9588 9585 9612 9639 9664 9683 9689 9670 9662 9677 9713 9717 9701 9683 9679 9706 9691 9673 9661 9654 9648 9644 9653 9647 9639 9611 9579 9560 9560 9573 9582 9532 9455 9427 9431 9456 9496 9530 9526 9507 9404 9392 9412 9441 9468 9500 9533 9560 9581 9592 9585 9584 9594 9522 9541 9570 9558 9549 9550 9565
9844 9844 9842 9834 9822 9812 9798 9779 9774 9781 9784 9743 9697 9651 9605 9571 9546 9534 9564 9605 9645 9678 9694 9683 9680 9687 9707 9712 9704 9698 9694 9707 9704 9690 9664 9656 9653 9656 9656 9646 9645 9623 9597 9578 9576 9594 9592 9572 9519 9451 9426 9442 9454 9469 9528 9517 9407 9395 9418 9451 9474 9503 9534 9559 9570 9574 9567 9546 9545 9565 9578 9575 9550 9539 9534 9544
9850 9844 9839 9827 9812 9799 9788 9781 9751 9746 9782 9755 9708 9661 9621 9572 9529 9504 9532 9579 9628 9672 9693 9686 9681 9689 9708 9704 9709 9720 9708 9708 9707 9693 9664 9659 9659 9658 9654 9657 9652 9631 9609 9590 9583 9598 9596 9585 9567 9521 9463 9452 9437 9438 9490 9522 9426 9403 9420 9452 9474 9503 9532 9555 9551 9536 9547 9566 9566 9577 9591 9581 9539 9532 9529 9536
9847 9825 9815 9805 9791 9782 9773 9762 9735 9730 9758 9745 9710 9664 9612 9569 9528 9499 9516 9556 9606 9664 9696 9692 9667 9680 9686 9687 9717 9722 9712 9718 9708 9684 9664 9661 9660 9658 9664 9671 9657 9636 9615 9600 9594 9594 9591 9578 9563 9552 9525 9485 9456 9428 9435 9455 9421 9402 9413 9437 9465 9497 9528 9548 9533 9513 9529 9542 9565 9573 9576 9557 9523 9522 9526 9535
9832 9801 9775 9771 9762 9754 9746 9738 9720 9711 9735 9729 9703 9667 9624 9577 9535 9512 9511 9531 9567 9628 9673 9679 9664 9660 9665 9693 9720 9716 9725 9728 9710 9676 9664 9661 9660 9653 9648 9652 9648 9633 9617 9605 9599 9591 9581 9573 9567 9571 9552 9518 9485 9458 9436 9422 9404 9398 9404 9420 9453 9490 9523 9542 9522 9505 9522 9545 9550 9564 9567 9544 9515 9516 9524 9540
9824 9791 9752 9740 9736 9726 9715 9706 9692 9690 9715 9714 9686 9659 9636 9578 9536 9514 9506 9511 9518 9517 9570 9649 9672 9664 9676 9707 9733 9727 9735 9733 9711 9678 9661 9661 9660 9656 9643 9642 9640 9629 9615 9601 9591 9584 9585 9582 9572 9576 9567 9541 9515 9484 9452 9431 9420 9411 9402 9411 9444 9482 9515 9531 9510 9499 9512 9536 9549 9553 9559 9540 9516 9518 9521 9546
9834 9797 9761 9720 9705 9694 9685 9673 9662 9656 9669 9687 9651 9605 9572 9545 9522 9505 9494 9490 9487 9487 9511 9567 9673 9675 9696 9706 9718 9723 9739 9737 9713 9682 9670 9662 9657 9654 9648 9649 9638 9625 9610 9594 9577 9570 9566 9572 9579 9575 9565 9553 9541 9527 9487 9448 9439 9429 9411 9412 9439 9471 9502 9517 9480 9474 9503 9527 9542 9536 9521 9525 9516 9504 9516 9483
9777 9748 9722 9675 9667 9664 9660 9651 9640 9634 9640 9652 9614 9551 9507 9504 9497 9488 9479 9475 9471 9472 9476 9490 9533 9619 9684 9704 9716 9732 9749 9741 9717 9674 9669 9653 9652 9651 9657 9653 9637 9620 9602 9588 9576 9568 9563 9561 9557 9561 9558 9557 9555 9548 9512 9475 9462 9441 9428 9424 9436 9455 9474 9482 9451 9462 9509 9544 9542 9527 9516 9521 9496 9437 9356 9352
9674 9643 9605 9616 9631 9639 9643 9648 9653 9624 9622 9638 9592 9525 9485 9476 9475 9474 9470 9466 9463 9463 9461 9469 9486 9510 9528 9615 9690 9722 9742 9715 9625 9608 9585 9621 9654 9656 9659 9648 9622 9602 9589 9580 9575 9574 9573 9565 9554 9552 9550 9555 9560 9552 9530 9535 9489 9440 9425 9424 9434 9444 9439 9427 9430 9459 9511 9543 9534 9516 9507 9512 9465 9383 9301 9306
9645 9611 9587 9593 9608 9618 9621 9629 9628 9620 9618 9643 9582 9498 9458 9453 9456 9461 9465 9458 9453 9450 9454 9461 9473 9481 9493 9539 9566 9595 9666 9670 9587 9568 9564 9584 9649 9667 9658 9630 9597 9582 9575 9569 9568 9571 9575 9573 9576 9559 9548 9551 9558 9559 9544 9545 9500 9441 9410 9417 9435 9451 9451 9437 9427 9459 9504 9522 9517 9498 9486 9488 9440 9365 9297 9295
9623 9605 9597 9601 9603 9604 9604 9606 9624 9626 9629 9649 9584 9489 9444 9438 9441 9449 9456 9452 9448 9446 9453 9459 9460 9472 9485 9505 9521 9541 9563 9585 9575 9567 9560 9547 9584 9650 9651 9575 9566 9563 9560 9557 9553 9551 9568 9579 9560 9563 9547 9545 9546 9551 9553 9536 9490 9431 9403 9414 9444 9474 9498 9486 9454 9477 9510 9523 9506 9486 9477 9476 9426 9363 9312 9292
9602 9610 9610 9611 9599 9594 9591 9582 9548 9624 9661 9677 9593 9477 9435 9429 9434 9443 9450 9449 9450 9450 9449 9454 9461 9476 9485 9485 9497 9520 9538 9552 9567 9570 9559 9540 9566 9585 9589 9574 9551 9551 9552 9552 9548 9540 9555 9560 9558 9548 9537 9537 9541 9545 9548 9518 9462 9412 9396 9417 9454 9494 9535 9532 9517 9503 9508 9510 9496 9480 9478 9461 9406 9355 9312 9292
9589 9605 9601 9593 9588 9585 9583 9586 9616 9627 9669 9681 9593 9471 9432 9428 9434 9442 9448 9450 9452 9453 9452 9459 9469 9481 9505 9495 9498 9513 9529 9540 9554 9564 9577 9543 9539 9562 9576 9556 9547 9550 9550 9553 9555 9558 9556 9548 9540 9535 9533 9527 9523 9529 9538 9504 9441 9407 9401 9422 9459 9496 9533 9537 9527 9508 9493 9492 9486 9475 9476 9418 9375 9340 9312 9301
9580 9583 9583 9575 9577 9578 9581 9585 9597 9604 9642 9671 9595 9463 9439 9439 9443 9449 9457 9458 9459 9460 9462 9469 9474 9480 9514 9498 9508 9526 9533 9553 9559 9558 9553 9527 9528 9533 9533 9541 9547 9548 9552 9559 9566 9572 9569 9551 9552 9540 9522 9519 9519 9523 9523 9479 9424 9402 9402 9425 9456 9486 9504 9519 9515 9501 9487 9485 9482 9477 9476 9372 9344 9327 9316 9316
9577 9581 9576 9567 9571 9573 9576 9585 9594 9614 9625 9648 9608 9488 9471 9464 9463 9463 9468 9470 9472 9474 9478 9476 9475 9480 9493 9498 9503 9518 9539 9566 9566 9558 9557 9537 9533 9525 9527 9531 9539 9545 9551 9562 9573 9589 9589 9575 9556 9537 9524 9515 9507 9508 9493 9443 9415 9395 9402 9428 9458 9484 9498 9516 9513 9497 9483 9480 9479 9476 9467 9353 9334 9326 9320 9327
9581 9584 9576 9577 9570 9570 9574 9581 9605 9638 9631 9621 9632 9570 9524 9501 9485 9478 9475 9481 9503 9490 9479 9475 9477 9501 9497 9500 9520 9514 9537 9564 9555 9537 9552 9542 9537 9539 9523 9519 9522 9537 9545 9554 9566 9581 9583 9564 9537 9514 9510 9506 9493 9487 9457 9406 9390 9384 9398 9433 9470 9501 9521 9544 9532 9493 9474 9478 9478 9477 9474 9369 9344 9331 9325 9321
9579 9580 9571 9562 9561 9564 9568 9575 9596 9626 9633 9620 9640 9617 9571 9538 9512 9495 9483 9479 9501 9497 9483 9482 9485 9496 9493 9508 9529 9525 9534 9541 9541 9531 9552 9567 9564 9569 9537 9529 9532 9535 9537 9541 9546 9549 9552 9550 9530 9500 9484 9491 9493 9459 9422 9378 9369 9379 9408 9441 9483 9528 9560 9572 9548 9499 9483 9481 9478 9480 9472 9405 9369 9346 9330 9318
9573 9571 9567 9560 9559 9561 9564 9571 9584 9594 9600 9611 9634 9624 9594 9564 9536 9513 9496 9489 9512 9504 9495 9492 9484 9483 9493 9496 9513 9530 9539 9553 9556 9538 9557 9575 9568 9571 9551 9549 9546 9531 9527 9526 9526 9521 9523 9535 9525 9499 9495 9505 9502 9467 9425 9391 9367 9374 9405 9435 9482 9538 9570 9570 9542 9509 9492 9483 9475 9474 9478 9436 9398 9362 9335 9317
9575 9573 9569 9566 9565 9565 9566 9567 9580 9589 9603 9622 9641 9628 9606 9580 9554 9533 9516 9502 9504 9500 9492 9476 9478 9481 9489 9492 9522 9539 9545 9560 9574 9566 9579 9590 9575 9574 9578 9564 9534 9518 9513 9510 9508 9503 9498 9518 9501 9496 9511 9516 9504 9461 9435 9400 9373 9366 9371 9407 9460 9513 9536 9530 9513 9491 9496 9483 9472 9477 9494 9462 9418 9375 9336 9297
9585 9579 9575 9571 9571 9575 9576 9576 9598 9631 9634 9632 9627 9619 9602 9584 9565 9549 9536 9522 9508 9492 9482 9481 9476 9472 9486 9480 9520 9551 9558 9579 9599 9611 9616 9597 9568 9548 9559 9554 9529 9510 9506 9503 9501 9501 9511 9507 9478 9467 9496 9531 9519 9492 9457 9419 9384 9365 9361 9385 9430 9469 9478 9472 9471 9479 9480 9475 9475 9491 9515 9475 9427 9379 9338 9299
9592 9585 9584 9583 9582 9596 9598 9600 9620 9645 9636 9605 9587 9601 9593 9580 9569 9562 9555 9548 9525 9491 9481 9482 9479 9476 9491 9492 9526 9559 9569 9568 9597 9616 9632 9615 9567 9557 9536 9513 9544 9514 9503 9502 9497 9491 9495 9479 9438 9433 9467 9520 9527 9517 9480 9447 9405 9385 9367 9375 9400 9422 9419 9401 9422 9448 9449 9459 9468 9492 9494 9466 9424 9382 9341 9306
9590 9587 9591 9605 9631 9623 9626 9633 9638 9641 9629 9591 9565 9585 9581 9574 9569 9563 9563 9559 9538 9499 9495 9492 9488 9498 9528 9538 9551 9561 9561 9563 9568 9599 9627 9636 9581 9567 9554 9546 9530 9514 9510 9500 9491 9476 9457 9448 9421 9434 9479 9516 9520 9510 9486 9456 9414 9388 9377 9371 9377 9382 9379 9377 9385 9390 9415 9438 9470 9481 9477 9455 9425 9384 9348 9313
9585 9587 9593 9603 9612 9623 9641 9660 9645 9638 9628 9592 9566 9574 9566 9562 9560 9558 9560 9559 9543 9535 9537 9533 9518 9514 9541 9544 9586 9571 9572 9575 9578 9596 9630 9651 9604 9581 9559 9546 9529 9533 9522 9510 9495 9473 9445 9450 9431 9430 9463 9504 9508 9495 9481 9463 9437 9413 9386 9367 9363 9366 9361 9366 9380 9392 9407 9418 9420 9451 9451 9441 9424 9401 9368 9325
9583 9585 9587 9588 9588 9602 9621 9635 9627 9612 9606 9615 9561 9542 9551 9557 9558 9557 9553 9553 9547 9541 9549 9547 9524 9507 9524 9576 9600 9595 9600 9596 9590 9589 9590 9621 9598 9568 9558 9554 9537 9535 9535 9526 9512 9495 9484 9483 9455 9440 9450 9499 9489 9479 9467 9455 9431 9405 9382 9360 9351 9348 9353 9371 9402 9424 9434 9429 9436 9457 9445 9439 9428 9409 9389 9365
9587 9588 9586 9580 9572 9588 9608 9614 9613 9588 9562 9586 9580 9553 9556 9563 9564 9559 9548 9536 9537 9536 9541 9550 9556 9552 9538 9564 9617 9609 9604 9599 9603 9600 9603 9593 9570 9548 9565 9567 9558 9561 9558 9551 9539 9529 9525 9510 9470 9433 9469 9468 9462 9457 9449 9441 9429 9410 9383 9354 9346 9351 9368 9396 9440 9465 9459 9454 9461 9473 9452 9437 9429 9423 9421 9427
9592 9596 9593 9586 9581 9602 9638 9642 9625 9604 9585 9557 9564 9554 9571 9574 9576 9571 9558 9539 9547 9535 9513 9545 9565 9565 9554 9570 9599 9590 9568 9585 9627 9647 9648 9603 9563 9580 9584 9594 9590 9589 9586 9579 9567 9554 9536 9521 9482 9448 9437 9443 9427 9430 9430 9425 9409 9384 9358 9347 9347 9366 9415 9434 9446 9456 9460 9462 9466 9454 9446 9438 9435 9435 9441 9451
9615 9609 9603 9601 9612 9637 9663 9661 9640 9626 9619 9606 9602 9603 9600 9595 9592 9588 9587 9579 9544 9549 9546 9572 9583 9554 9538 9552 9554 9560 9591 9623 9643 9691 9709 9678 9640 9612 9608 9608 9608 9608 9613 9605 9594 9582 9560 9524 9487 9454 9429 9415 9411 9412 9416 9414 9388 9354 9342 9333 9338 9355 9376 9416 9442 9445 9452 9459 9464 9458 9442 9438 9437 9440 9447 9454
9647 9623 9611 9606 9607 9614 9650 9652 9640 9628 9619 9593 9593 9618 9616 9608 9604 9603 9606 9603 9582 9582 9582 9608 9622 9607 9591 9591 9603 9605 9622 9646 9677 9708 9668 9655 9671 9638 9633 9624 9627 9639 9637 9623 9611 9603 9587 9547 9503 9465 9451 9432 9393 9395 9407 9415 9407 9356 9340 9340 9333 9337 9349 9393 9439 9443 9448 9451 9450 9438 9437 9438 9440 9443 9445 9446
9633 9625 9615 9608 9600 9599 9610 9627 9629 9622 9605 9581 9570 9584 9606 9613 9614 9614 9613 9618 9632 9639 9640 9639 9632 9628 9621 9621 9641 9648 9638 9631 9634 9613 9595 9607 9618 9679 9645 9629 9625 9637 9642 9623 9613 9608 9593 9574 9532 9485 9473 9444 9386 9387 9404 9418 9415 9378 9373 9372 9369 9346 9337 9376 9415 9445 9450 9450 9449 9442 9437 9436 9436 9438 9439 9439
9618 9620 9617 9610 9604 9599 9597 9614 9625 9627 9621 9621 9593 9603 9619 9621 9622 9622 9623 9632 9646 9655 9655 9657 9644 9634 9626 9641 9649 9641 9611 9604 9606 9622 9689 9668 9634 9622 9661 9632 9607 9616 9603 9598 9596 9598 9592 9573 9543 9508 9485 9435 9416 9397 9403 9415 9423 9395 9392 9391 9363 9338 9336 9376 9432 9450 9454 9454 9452 9443 9438 9436 9435 9434 9435 9438
9622 9624 9621 9618 9612 9602 9606 9621 9632 9638 9647 9647 9628 9628 9629 9630 9632 9633 9632 9647 9659 9656 9658 9660 9649 9641 9644 9635 9664 9647 9579 9582 9694 9828 9898 9842 9815 9818 9729 9629 9553 9563 9561 9559 9560 9577 9576 9560 9533 9507 9473 9405 9393 9402 9403 9391 9379 9396 9394 9390 9376 9338 9338 9384 9432 9456 9455 9449 9451 9444 9440 9436 9433 9429 9428 9426
