real_craters/C168-750m.grd
DSAA
172 172
-64.1375 64.1375
-64.1375 64.1375
7904.6343011608 10370.237217589
[rows 34 to 67 of 172, columns 0 to 75 of 172]
9685 9686 9687 9688 9693 9686 9681 9673 9668 9666 9665 9663 9661 9666 9669 9670 9671 9671 9672 9668 9673 9681 9675 9679 9686 9680 9698 9740 9778 9822 9841 9850 9832 9817 9804 9792 9779 9768 9783 9788 9783 9780 9777 9776 9775 9804 9796 9777 9764 9724 9689 9668 9660 9651 9643 9641 9631 9619 9617 9618 9620 9622 9622 9626 9632 9638 9648 9659 9671 9684 9696 9690 9694 9681 9683 9686
9680 9681 9681 9680 9677 9684 9673 9663 9665 9666 9667 9667 9668 9670 9671 9672 9673 9673 9672 9668 9673 9682 9681 9681 9701 9693 9691 9739 9803 9840 9852 9849 9832 9811 9788 9773 9764 9748 9772 9793 9801 9791 9783 9770 9758 9756 9765 9764 9752 9714 9682 9666 9654 9645 9634 9625 9625 9618 9616 9618 9620 9623 9621 9624 9625 9633 9643 9653 9661 9669 9672 9669 9677 9677 9680 9680
9678 9678 9678 9674 9668 9665 9660 9661 9665 9668 9670 9671 9672 9671 9675 9675 9673 9673 9673 9673 9675 9678 9673 9678 9693 9692 9687 9734 9824 9854 9859 9854 9834 9806 9776 9755 9756 9801 9790 9814 9806 9795 9784 9771 9755 9731 9738 9733 9719 9698 9677 9666 9652 9645 9633 9626 9618 9615 9614 9614 9616 9618 9617 9621 9626 9633 9638 9646 9654 9657 9653 9656 9657 9657 9671 9672
9681 9680 9679 9676 9668 9662 9658 9664 9669 9674 9677 9678 9678 9686 9680 9672 9673 9674 9677 9679 9680 9677 9674 9684 9695 9686 9678 9718 9794 9841 9855 9853 9838 9808 9764 9720 9695 9729 9866 9825 9784 9775 9775 9776 9775 9766 9735 9708 9691 9686 9679 9661 9651 9651 9645 9630 9623 9614 9612 9613 9615 9616 9614 9614 9616 9618 9628 9639 9649 9655 9653 9650 9645 9645 9656 9664
9688 9687 9685 9680 9676 9671 9669 9675 9679 9684 9687 9690 9694 9699 9687 9674 9674 9674 9678 9683 9675 9674 9672 9672 9679 9687 9676 9702 9774 9828 9852 9862 9866 9817 9753 9676 9589 9488 9530 9667 9706 9734 9757 9773 9775 9760 9733 9701 9681 9670 9655 9640 9629 9630 9628 9623 9607 9602 9606 9606 9608 9610 9609 9608 9607 9608 9619 9631 9643 9654 9645 9631 9628 9627 9645 9660
9696 9696 9690 9694 9689 9687 9687 9687 9687 9687 9691 9696 9701 9701 9693 9684 9679 9678 9679 9680 9671 9672 9674 9673 9673 9697 9678 9693 9765 9828 9856 9876 9877 9836 9753 9651 9532 9406 9380 9515 9623 9691 9737 9768 9770 9752 9727 9706 9677 9656 9642 9636 9629 9621 9618 9615 9604 9599 9598 9600 9604 9609 9612 9610 9609 9607 9617 9625 9632 9640 9632 9621 9620 9632 9655 9665
9704 9698 9693 9692 9692 9683 9692 9697 9702 9707 9708 9709 9705 9703 9697 9690 9687 9683 9683 9679 9674 9672 9674 9676 9679 9694 9676 9684 9765 9830 9856 9881 9931 9873 9774 9660 9538 9440 9417 9485 9595 9678 9732 9763 9764 9740 9714 9685 9666 9647 9638 9634 9627 9621 9622 9614 9603 9594 9594 9599 9603 9611 9612 9613 9615 9619 9619 9619 9617 9611 9609 9605 9613 9639 9670 9673
9713 9699 9686 9679 9689 9737 9685 9710 9728 9730 9725 9717 9712 9708 9702 9696 9696 9699 9693 9685 9678 9674 9674 9675 9704 9682 9681 9698 9766 9831 9856 9874 9940 9895 9801 9696 9594 9509 9468 9520 9617 9683 9725 9752 9753 9731 9701 9670 9657 9643 9632 9629 9622 9618 9620 9618 9604 9583 9595 9601 9605 9611 9614 9617 9620 9624 9621 9616 9609 9597 9597 9599 9615 9638 9665 9675
9717 9694 9666 9640 9622 9555 9670 9752 9755 9748 9738 9725 9718 9713 9706 9698 9704 9714 9707 9697 9685 9675 9672 9668 9683 9676 9677 9702 9770 9849 9853 9863 9905 9891 9824 9745 9667 9595 9537 9639 9701 9718 9729 9737 9741 9721 9691 9667 9653 9647 9634 9622 9618 9618 9627 9634 9630 9610 9609 9608 9609 9613 9616 9620 9622 9623 9620 9615 9612 9612 9605 9609 9614 9628 9657 9673
9710 9690 9654 9613 9575 9547 9692 9775 9761 9749 9741 9735 9727 9719 9711 9703 9714 9731 9716 9696 9681 9676 9673 9669 9672 9666 9672 9693 9759 9821 9838 9842 9880 9879 9839 9787 9741 9714 9730 9894 9792 9753 9735 9719 9726 9708 9679 9659 9651 9644 9635 9623 9616 9626 9634 9652 9651 9644 9626 9617 9618 9618 9619 9621 9623 9623 9619 9612 9609 9610 9610 9615 9626 9631 9652 9669
9696 9678 9651 9632 9591 9578 9687 9746 9750 9746 9743 9738 9732 9723 9717 9718 9731 9738 9718 9694 9677 9674 9672 9673 9682 9669 9676 9702 9761 9830 9833 9830 9860 9867 9847 9820 9798 9802 9859 9779 9776 9757 9742 9735 9721 9700 9667 9648 9652 9658 9654 9633 9626 9647 9657 9657 9644 9636 9628 9624 9622 9622 9623 9623 9623 9621 9616 9609 9601 9600 9611 9621 9632 9641 9653 9669
9680 9667 9659 9652 9660 9699 9690 9692 9715 9727 9733 9732 9734 9731 9725 9733 9741 9734 9715 9694 9678 9679 9682 9677 9677 9679 9682 9695 9743 9820 9829 9816 9835 9856 9851 9836 9822 9814 9793 9746 9747 9748 9739 9729 9725 9700 9676 9658 9652 9654 9653 9639 9635 9644 9651 9648 9636 9622 9624 9624 9624 9625 9625 9627 9626 9623 9618 9612 9603 9605 9619 9633 9643 9645 9660 9674
9669 9668 9669 9675 9688 9691 9675 9681 9701 9719 9731 9735 9745 9750 9753 9739 9727 9722 9711 9697 9690 9693 9694 9681 9682 9687 9687 9680 9715 9795 9811 9797 9811 9851 9855 9849 9836 9818 9793 9762 9749 9747 9744 9734 9717 9698 9679 9662 9650 9644 9644 9635 9629 9631 9647 9654 9640 9634 9629 9625 9625 9626 9628 9629 9630 9632 9631 9623 9617 9620 9631 9643 9652 9653 9663 9677
9664 9669 9677 9684 9685 9683 9679 9680 9697 9721 9743 9753 9763 9768 9773 9743 9720 9713 9707 9698 9691 9698 9704 9691 9695 9703 9702 9707 9739 9786 9805 9797 9807 9844 9857 9855 9843 9828 9812 9788 9763 9757 9756 9741 9720 9694 9674 9662 9652 9637 9644 9636 9635 9640 9656 9659 9642 9635 9627 9623 9623 9625 9627 9630 9633 9637 9639 9632 9630 9634 9643 9653 9662 9664 9668 9681
9663 9674 9688 9696 9690 9682 9680 9679 9701 9732 9767 9788 9779 9772 9766 9738 9711 9714 9711 9700 9689 9695 9710 9720 9712 9708 9716 9726 9745 9772 9803 9806 9819 9850 9860 9855 9842 9825 9808 9788 9774 9762 9753 9733 9713 9695 9671 9669 9664 9652 9637 9646 9650 9650 9653 9647 9634 9620 9614 9619 9623 9626 9629 9632 9635 9636 9631 9639 9643 9647 9654 9662 9671 9679 9696 9725
9665 9681 9698 9714 9720 9694 9664 9673 9702 9740 9776 9794 9785 9767 9739 9737 9744 9735 9726 9714 9700 9696 9713 9719 9722 9729 9730 9724 9732 9750 9774 9796 9826 9854 9867 9857 9841 9824 9805 9791 9778 9759 9736 9729 9719 9710 9695 9689 9686 9679 9666 9675 9671 9655 9647 9632 9628 9620 9617 9621 9624 9627 9630 9634 9639 9644 9652 9655 9659 9658 9661 9669 9685 9691 9712 9744
9665 9685 9709 9731 9750 9711 9666 9672 9702 9745 9781 9796 9791 9772 9753 9756 9764 9758 9747 9737 9734 9705 9721 9724 9731 9746 9737 9711 9691 9720 9772 9800 9819 9861 9870 9857 9841 9823 9802 9774 9748 9756 9760 9735 9724 9723 9726 9701 9695 9687 9688 9684 9670 9652 9644 9637 9628 9628 9631 9630 9631 9632 9634 9637 9642 9649 9661 9661 9658 9661 9664 9669 9673 9688 9711 9737
9665 9689 9712 9734 9751 9710 9666 9666 9701 9750 9800 9812 9802 9787 9774 9780 9795 9786 9760 9739 9724 9707 9734 9745 9751 9742 9730 9707 9690 9698 9768 9809 9829 9848 9856 9852 9840 9824 9806 9785 9759 9750 9744 9731 9719 9705 9695 9688 9683 9666 9648 9662 9651 9643 9635 9624 9625 9631 9635 9633 9633 9636 9639 9642 9645 9647 9648 9654 9665 9665 9665 9667 9680 9693 9711 9713
9678 9691 9714 9728 9709 9700 9670 9667 9700 9753 9800 9819 9816 9805 9799 9809 9819 9802 9764 9729 9713 9718 9757 9746 9718 9719 9716 9707 9694 9689 9757 9795 9817 9834 9842 9849 9844 9833 9818 9799 9774 9747 9731 9730 9715 9695 9678 9666 9653 9646 9645 9649 9641 9638 9632 9625 9628 9630 9631 9632 9634 9637 9641 9645 9648 9649 9647 9653 9666 9674 9674 9673 9692 9697 9725 9724
9662 9687 9720 9744 9745 9709 9676 9667 9701 9762 9812 9830 9828 9820 9814 9820 9820 9796 9760 9727 9716 9732 9763 9762 9718 9705 9718 9716 9714 9707 9710 9753 9794 9821 9838 9852 9851 9842 9829 9813 9782 9752 9735 9730 9714 9696 9676 9654 9631 9640 9652 9648 9643 9640 9636 9634 9634 9630 9626 9629 9634 9639 9644 9649 9652 9655 9656 9660 9676 9692 9705 9712 9721 9740 9739 9738
9651 9685 9729 9769 9773 9727 9685 9665 9700 9777 9840 9847 9840 9830 9822 9820 9812 9786 9754 9726 9725 9738 9757 9740 9699 9698 9708 9728 9742 9723 9709 9729 9756 9791 9838 9861 9863 9855 9839 9819 9789 9764 9745 9728 9715 9699 9677 9656 9644 9649 9652 9648 9645 9645 9643 9639 9637 9631 9625 9629 9636 9643 9648 9653 9658 9664 9673 9683 9692 9715 9747 9773 9788 9800 9788 9783
9652 9694 9746 9781 9776 9734 9689 9669 9706 9786 9848 9851 9844 9835 9826 9817 9797 9776 9751 9731 9730 9728 9733 9729 9701 9699 9719 9737 9761 9761 9728 9726 9745 9786 9843 9881 9883 9871 9851 9827 9798 9774 9758 9740 9718 9699 9679 9660 9651 9649 9656 9657 9653 9652 9653 9639 9635 9635 9630 9634 9641 9647 9654 9659 9666 9674 9683 9698 9709 9727 9753 9784 9808 9800 9806 9845
9679 9735 9777 9798 9781 9736 9693 9678 9717 9790 9834 9845 9841 9832 9824 9802 9780 9752 9748 9742 9725 9713 9718 9722 9707 9698 9713 9737 9758 9768 9746 9737 9750 9794 9883 9911 9904 9889 9867 9843 9815 9794 9769 9745 9724 9702 9686 9668 9657 9661 9666 9673 9673 9662 9653 9644 9643 9642 9644 9646 9649 9653 9659 9666 9671 9678 9686 9698 9716 9733 9741 9763 9780 9786 9807 9869
9823 9809 9805 9821 9788 9738 9701 9712 9785 9806 9826 9836 9834 9827 9819 9799 9773 9748 9748 9740 9715 9703 9706 9713 9708 9698 9713 9736 9751 9749 9749 9748 9749 9781 9870 9919 9917 9901 9879 9857 9831 9804 9778 9754 9734 9716 9702 9694 9694 9712 9685 9682 9675 9664 9661 9648 9647 9648 9651 9654 9654 9659 9665 9669 9675 9680 9688 9698 9723 9749 9774 9772 9769 9780 9822 9879
9856 9832 9793 9776 9754 9732 9719 9741 9808 9819 9826 9830 9828 9820 9814 9802 9779 9753 9771 9761 9711 9695 9706 9704 9702 9704 9718 9739 9760 9767 9764 9770 9752 9751 9854 9920 9919 9906 9887 9866 9837 9800 9780 9764 9747 9732 9718 9712 9705 9691 9673 9666 9667 9656 9644 9644 9649 9651 9651 9651 9656 9664 9671 9679 9683 9689 9697 9711 9742 9770 9792 9800 9824 9869 9918 9928
9840 9815 9751 9697 9709 9728 9750 9792 9817 9823 9824 9822 9817 9814 9807 9799 9791 9784 9785 9757 9708 9696 9756 9725 9707 9711 9722 9742 9771 9776 9782 9797 9764 9751 9822 9890 9909 9905 9893 9875 9846 9811 9798 9777 9756 9740 9727 9718 9699 9684 9679 9661 9658 9649 9641 9646 9653 9655 9653 9652 9661 9672 9682 9690 9699 9703 9713 9742 9784 9802 9799 9839 9885 9934 9936 9891
9823 9802 9741 9685 9702 9733 9772 9819 9836 9846 9823 9814 9814 9812 9809 9800 9801 9814 9756 9713 9702 9697 9771 9733 9718 9715 9727 9755 9780 9778 9798 9811 9773 9740 9798 9869 9899 9902 9897 9886 9870 9857 9817 9793 9768 9751 9739 9727 9704 9698 9694 9683 9668 9653 9653 9659 9664 9663 9659 9656 9667 9681 9698 9712 9728 9735 9738 9774 9828 9853 9889 9885 9902 9929 9906 9874
9819 9814 9771 9721 9725 9740 9763 9797 9811 9791 9792 9802 9811 9817 9813 9819 9815 9785 9722 9695 9699 9719 9802 9784 9747 9720 9744 9795 9818 9821 9811 9813 9767 9741 9790 9883 9883 9893 9898 9899 9890 9874 9845 9807 9782 9761 9752 9746 9711 9695 9694 9697 9689 9684 9677 9679 9678 9674 9671 9666 9679 9698 9721 9741 9762 9778 9794 9837 9882 9866 9855 9868 9876 9873 9875 9904
9813 9829 9812 9793 9748 9743 9743 9727 9721 9723 9764 9790 9808 9824 9835 9827 9807 9741 9707 9703 9710 9802 9809 9795 9759 9744 9760 9824 9842 9819 9786 9761 9745 9739 9768 9814 9853 9878 9898 9911 9923 9899 9862 9802 9754 9751 9754 9745 9711 9694 9691 9696 9701 9700 9697 9700 9701 9694 9692 9693 9700 9720 9743 9769 9799 9827 9847 9872 9877 9847 9827 9838 9860 9877 9880 9957
9776 9790 9733 9725 9740 9748 9751 9744 9733 9741 9768 9787 9800 9817 9842 9789 9734 9716 9710 9752 9784 9791 9734 9753 9749 9774 9800 9841 9809 9768 9741 9738 9737 9740 9760 9802 9835 9868 9896 9914 9918 9885 9843 9783 9736 9737 9750 9748 9715 9692 9686 9692 9706 9715 9713 9716 9718 9721 9714 9710 9718 9736 9762 9793 9828 9872 9925 9895 9853 9815 9821 9863 9894 9894 9988 1.008e+004
9718 9701 9693 9707 9740 9765 9784 9804 9823 9812 9793 9788 9780 9771 9752 9741 9715 9725 9747 9806 9809 9734 9704 9705 9709 9754 9824 9860 9766 9741 9735 9736 9749 9771 9793 9799 9823 9865 9899 9914 9891 9818 9791 9766 9740 9734 9738 9732 9715 9702 9698 9704 9715 9718 9730 9735 9738 9735 9732 9724 9730 9747 9773 9803 9840 9883 9920 9907 9870 9822 9898 9942 9960 1.002e+004 1.012e+004 1.003e+004
9698 9695 9699 9726 9756 9788 9820 9848 9860 9834 9802 9777 9761 9750 9740 9731 9723 9785 9838 9840 9807 9726 9701 9701 9707 9774 9861 9865 9747 9730 9742 9748 9771 9814 9844 9814 9825 9874 9911 9928 9891 9782 9772 9767 9750 9734 9720 9712 9713 9711 9705 9712 9726 9759 9760 9761 9759 9755 9749 9732 9732 9753 9778 9809 9844 9872 9879 9903 9915 9914 1.002e+004 9985 9957 9987 9932 9732
9702 9698 9741 9763 9792 9821 9849 9868 9873 9830 9783 9761 9748 9741 9740 9757 9804 9841 9861 9843 9765 9708 9702 9709 9756 9830 9878 9845 9742 9732 9744 9779 9805 9833 9834 9834 9856 9898 9934 9951 9907 9782 9785 9777 9762 9735 9712 9703 9705 9706 9707 9713 9719 9750 9787 9784 9784 9792 9770 9748 9745 9764 9787 9805 9823 9847 9896 9894 9903 9915 9942 9921 9852 9742 9596 9538
9728 9720 9767 9802 9821 9844 9862 9883 9884 9782 9754 9743 9737 9735 9741 9764 9802 9813 9804 9784 9733 9711 9720 9730 9802 9838 9819 9786 9755 9757 9780 9844 9900 9859 9823 9852 9894 9927 9953 9959 9893 9764 9788 9776 9757 9734 9714 9707 9705 9704 9716 9713 9710 9710 9769 9793 9799 9785 9788 9782 9771 9784 9790 9795 9801 9798 9817 9882 9906 9893 9882 9835 9729 9604 9487 9405
