real_craters/C168-300m.grd
DSAA
429 429
-64.1375 64.1375
-64.1375 64.1375
7908.1273644893 10374.225642601
[rows 210 to 239 of 429, columns 335 to 401 of 429]
9635.91 9634.08 9632.03 9629.69 9627.52 9626.21 9625.59 9619.88 9614.59 9609.89 9608.02 9609.43 9609.7 9609.46 9608.86 9608.09 9607.11 9606.35 9604.5 9603.82 9601.58 9598.3 9595.43 9595.89 9601.18 9604.93 9609.41 9610.79 9608.97 9598.99 9582.09 9581.21 9563.11 9533.63 9494.08 9449.25 9403.6 9360.33 9327.34 9315.3 9312.01 9308.74 9309.52 9312.47 9314.64 9315.03 9313.45 9312.6 9314.07 9320.32 9326.66 9330.25 9334.61 9338.62 9339.12 9328.28 9309.62 9289.13 9276.57 9268.35 9260.38 9253.22 9248.1 9246.64 9246.16 9246.53 9247.76
9640.38 9637.5 9634.86 9632.17 9629.62 9626.49 9622.4 9620.14 9616.27 9612.23 9609.78 9609.42 9609.19 9608.87 9608.44 9607.95 9607.28 9607.07 9605.24 9601.36 9601.43 9599.67 9596.56 9593.91 9594.84 9600.66 9606.55 9608.85 9608.96 9604.91 9599.72 9595.35 9584.98 9567.2 9537.68 9487.9 9429.05 9371.14 9321.5 9307.02 9304.1 9303.67 9305.7 9309.57 9312.97 9314.86 9315.4 9317.02 9322.57 9330.82 9338.78 9341.94 9340.81 9337.41 9331.02 9318.83 9302.78 9287.36 9274.43 9264.38 9257.71 9253.37 9251.37 9248.28 9247.23 9247.23 9247.59
9646.1 9641.9 9637.99 9634.54 9631.64 9629.4 9626.46 9621.61 9617.62 9614.91 9611.92 9610.05 9609.08 9608.49 9608.1 9608.02 9607.89 9607.99 9608.41 9609.34 9607.07 9603.71 9599.85 9596.07 9595.9 9600.91 9606.14 9609.28 9612.07 9614.24 9618.19 9614.52 9608.78 9600.56 9580.89 9524.28 9454.57 9387.38 9332.7 9308.97 9303.83 9301.98 9304.55 9308.5 9311.97 9314.29 9315.82 9318.36 9323.3 9331.47 9340.22 9345.24 9342.32 9335.07 9323.88 9310.56 9297.35 9281.99 9268.34 9260.57 9255.82 9252.72 9250.34 9248.85 9248.07 9247.84 9248.26
9651.85 9645.91 9640.65 9636.15 9632.45 9629.81 9626.79 9621.7 9618 9615.52 9612.42 9610.29 9608.97 9608.18 9607.67 9607.65 9608.09 9609.22 9611.35 9613.66 9612.41 9609.07 9605.52 9602.02 9601.25 9605.66 9608.76 9611.76 9614.74 9618.05 9622.46 9625.68 9626.42 9623.66 9606.32 9547.96 9475.14 9404.99 9343.65 9317.13 9310.8 9307.73 9307.41 9309.71 9312.36 9314.58 9314.52 9315.86 9320.64 9325.67 9332.5 9342.16 9339.78 9333.35 9323 9310.2 9296.8 9279.19 9263.33 9258.2 9255.38 9253.19 9251.11 9250.12 9249.3 9248.57 9247.55
9656.97 9649.44 9642.78 9637.05 9631.95 9626.54 9622.98 9620.15 9617.09 9613.13 9611.67 9609.95 9608.61 9607.94 9607.6 9607.6 9608.06 9609.12 9611.7 9616.02 9616.13 9613.62 9612.18 9612.67 9613.97 9613.64 9613.61 9614.26 9615.91 9618.34 9623.85 9629.06 9633.95 9634.58 9617 9559 9488.13 9420.5 9367.46 9342.31 9323.68 9312.6 9312.38 9312.61 9312.89 9312.81 9310.09 9309.41 9311.97 9314.62 9321.51 9331.75 9334.31 9332.68 9327.81 9319.28 9303.42 9283.75 9265.96 9260.38 9257.82 9255.88 9254.33 9253.01 9251.57 9250.36 9249.04
9660.9 9651.99 9644.12 9637.28 9631.53 9626.82 9621.98 9618.48 9616.21 9614.7 9611.4 9609.39 9608.15 9607.36 9606.62 9606.51 9606.61 9607.63 9608.95 9611.1 9614.18 9614.94 9616.41 9619.75 9623.13 9620.49 9618.24 9616.93 9616.08 9615.25 9617.41 9624.51 9633.21 9634.39 9615.13 9559.96 9492.69 9426.72 9372.44 9344.35 9330.34 9326.01 9319.62 9316.81 9314.34 9309.64 9305.65 9301.08 9302.25 9307.18 9312.77 9321.84 9328.46 9332.31 9333.59 9330.07 9314.33 9294.16 9276.29 9267.54 9263.16 9260.45 9258.6 9256.83 9254.61 9252.69 9252.61
9663.66 9653.86 9644.83 9636.76 9630.2 9625.81 9620.23 9615.76 9613.49 9612.44 9609.69 9608.11 9607.14 9606.48 9605.65 9605.25 9604.99 9605.28 9605.86 9607.57 9610.79 9613.98 9617.02 9620.57 9623.27 9623.15 9621.7 9619.7 9617.17 9613.52 9613.81 9620.27 9628.94 9628.57 9605.91 9554.9 9490.99 9425.63 9367.31 9331.09 9327.8 9328.94 9324.65 9321.67 9319.28 9315.1 9308.82 9300.46 9298.84 9302.45 9306.35 9314.58 9323.32 9331.44 9337.57 9339.3 9325.09 9305.64 9288.47 9276.83 9269.96 9265.92 9263.45 9261.22 9257.84 9254.72 9251.48
9664.31 9654.04 9644.93 9635.38 9626.56 9619.56 9615.18 9611.46 9608.6 9607.32 9607 9606.77 9606.4 9605.96 9605.32 9604.23 9603.54 9602.8 9602.88 9604.38 9607.76 9612.05 9615.67 9619.27 9621.88 9624.5 9624.66 9623.11 9620.32 9617 9615.51 9617.88 9624.99 9624.43 9600.53 9550.12 9487.86 9422.64 9362.61 9324.57 9324.62 9328.47 9327.1 9326.65 9326.27 9325.17 9319.55 9307 9301.8 9300.78 9301.52 9307.54 9319.13 9329.94 9338.45 9341.44 9331.74 9314.47 9297.46 9284.57 9276.7 9271.25 9267.29 9264.37 9260.31 9258.23 9256.96
9663.97 9653.4 9643.6 9633.41 9622.84 9612.75 9611 9608.68 9604.93 9603.58 9605.56 9606.4 9606.4 9605.8 9605 9603.82 9602.65 9601.36 9599.37 9599.94 9603.26 9607.97 9613.54 9618.95 9624.05 9627.48 9627.3 9626.07 9624.41 9622.34 9618.38 9615.57 9621.25 9620.9 9596.32 9547.03 9486.92 9422.86 9362.5 9327.28 9325.17 9327.97 9327.69 9329.41 9332.19 9335.58 9334.4 9323.49 9310.11 9302.47 9301.12 9306.12 9317.17 9328.59 9337.91 9343.36 9336.95 9320.85 9302.91 9289.71 9283.35 9276.8 9269.94 9263.47 9261.43 9261.28 9260.63
9662.48 9652.52 9642.7 9633.19 9623.87 9615.56 9612.62 9610.3 9607.43 9606.38 9607.28 9607.72 9607.47 9606.87 9605.8 9604.52 9603.11 9601.9 9600.13 9599.71 9600.39 9604.76 9612.18 9618.85 9624.86 9628.96 9628.87 9627.9 9626.96 9625.38 9619.07 9612.59 9617.03 9617.28 9592.75 9546.72 9490.54 9429.57 9369.78 9334.76 9326.61 9326.72 9327.83 9330.56 9334.94 9340.61 9343.49 9334.83 9317.14 9302.47 9301.84 9306.94 9316.96 9327.53 9336.74 9342.89 9339.5 9326.69 9311.55 9299.62 9292.76 9284.24 9274.66 9265.04 9263.49 9263.99 9263.66
9660.14 9651.22 9642.33 9634.09 9627.99 9623.52 9617.95 9615.46 9614.04 9612.6 9611.7 9610.88 9609.96 9608.95 9607.05 9605.55 9604.22 9603.54 9604.84 9603.3 9602.72 9606.27 9613.42 9619.36 9623.74 9627.98 9628.7 9627.55 9626.3 9624.44 9616.92 9609.17 9611.79 9611.18 9588.37 9548.11 9499.18 9444.72 9388.83 9344.32 9327.16 9325.64 9326.3 9329.02 9332.9 9337.36 9340.47 9336.02 9320.95 9307.91 9304.63 9309.39 9317.95 9327.08 9334.99 9339.71 9338.72 9332.33 9324.1 9315.49 9305.72 9294.01 9282.22 9272.87 9268.09 9266.41 9265.46
9657.99 9650.09 9642.05 9634.24 9627.45 9623.42 9621.62 9621.2 9621.99 9619.4 9616.69 9614.64 9612.84 9611.01 9609.09 9607.3 9605.84 9604.65 9603.21 9605.92 9608.46 9612.85 9617.76 9621.62 9624.59 9628.06 9627.55 9625.13 9622.18 9618.52 9612.85 9607.39 9606.49 9602.91 9583.93 9552.17 9513.1 9467.78 9416.09 9363.19 9336.78 9329.37 9325.93 9326.02 9328.12 9329.9 9330.47 9328.6 9319.81 9312.88 9308.99 9312.24 9319.72 9327.4 9333.99 9337.07 9337.33 9336.99 9335.93 9332.36 9319.32 9304.01 9289.75 9278.04 9272.3 9272.37 9270.62
9656.32 9649.53 9642.48 9635.11 9627.16 9623.33 9624.71 9625.68 9627.61 9624.36 9621.33 9618.69 9616.24 9613.99 9611.88 9609.92 9608.38 9606.94 9606.92 9610.44 9615.93 9621.32 9623.19 9624.58 9626.13 9627.53 9625.1 9621.36 9616.89 9611.88 9607.71 9603.44 9600.31 9595.06 9580.47 9558 9530.05 9496.35 9452.64 9388.97 9352.22 9334.68 9325.9 9322.85 9323.11 9324.06 9324.22 9319.43 9313.96 9309.69 9309.13 9315.22 9322.37 9329.36 9334.59 9336.56 9336.26 9340.55 9343.58 9342.39 9328.79 9311.5 9295.83 9282.91 9276.12 9275.05 9273.87
9654.99 9649.23 9643.71 9638.4 9633.62 9630.68 9630.2 9629.45 9628 9627.56 9625.57 9622.83 9620.06 9617.27 9614.8 9612.94 9611.26 9610.25 9610.66 9615.59 9621.26 9625.7 9626.94 9626.47 9625.41 9623.74 9620.87 9617.31 9612.86 9607.61 9602.8 9597.07 9591.92 9587.07 9577.64 9563.6 9545.97 9524.44 9490.41 9415.93 9361.67 9337.72 9325.83 9320.7 9319.46 9319.55 9319.04 9315.39 9313.35 9312.9 9316.43 9320.44 9326.42 9332.44 9337.53 9340.31 9341.37 9344.94 9346.79 9345.36 9331.83 9314.52 9299.65 9288.07 9281.51 9279.91 9277.66
9653.78 9649.77 9645.79 9642.5 9640.27 9638.67 9637.83 9636.32 9631.96 9632.88 9630.5 9627.1 9623.66 9620.36 9617.58 9615.66 9614.5 9614.39 9615.96 9620.5 9625.93 9629.97 9630.27 9627.36 9623.36 9619.16 9616.02 9613.7 9610.72 9605.62 9599.02 9591.55 9584.62 9580.14 9574.9 9566.93 9556.59 9543 9516.43 9451.62 9379.05 9342 9326.92 9320.65 9318.71 9317.59 9316.15 9313.9 9314.54 9315.38 9319.76 9325.17 9330.56 9336.05 9341.66 9346.5 9350.55 9350.28 9345.77 9338.6 9325.88 9312.34 9300.59 9291.15 9284.76 9283.44 9281.46
9653.08 9650.42 9647.81 9645.58 9643.56 9644.29 9646.25 9648.33 9647.86 9641.48 9636.2 9631.32 9626.73 9622.83 9619.75 9617.64 9617.07 9618.08 9620.17 9624.16 9629.4 9634.83 9632.95 9627.39 9620.76 9613.93 9611.25 9610.67 9608.72 9603.58 9595.93 9587.5 9579.31 9575.27 9571.94 9567.37 9560.55 9549.55 9528.44 9485.94 9396.71 9348.14 9330.21 9323.44 9320.98 9320.35 9317.65 9315.64 9317.85 9318.07 9321.4 9329.01 9334.07 9338.73 9344.32 9350.38 9356.2 9352.82 9341.43 9327.71 9315.77 9307.05 9299.47 9293.35 9289.2 9287.55 9285.26
9652.57 9651.08 9649.84 9648.85 9648.16 9649.63 9652.75 9656.58 9655.94 9647.69 9640.51 9634.27 9628.8 9624.32 9620.74 9618.36 9617.9 9620.26 9622.63 9624.73 9629.1 9634.24 9632.07 9626.37 9619.31 9611.36 9609.24 9609.44 9606.82 9601.04 9593.18 9584.48 9576.45 9571.23 9568.1 9564.75 9559.42 9550.14 9537.32 9512.97 9424.16 9356.8 9335.67 9328.28 9327 9328.92 9330.12 9326.57 9326.99 9326.71 9329 9333.07 9335.62 9338.54 9343.34 9349.09 9353.53 9349.14 9335.46 9319.22 9306.73 9301.64 9297.82 9294.89 9293.01 9290.98 9288.89
9651.97 9651.56 9651.63 9651.81 9652.43 9653.76 9655.99 9657.77 9655.74 9649.2 9642.01 9635.44 9629.57 9624.57 9620.57 9617.62 9615.69 9616.23 9618.25 9621.09 9624.79 9627.97 9628.05 9624.44 9619.57 9615.12 9612.71 9610.57 9607.15 9599.64 9590.5 9581.46 9572.85 9566.89 9562.74 9559.44 9555.51 9549.11 9543.92 9530.19 9444.91 9368.06 9342.93 9334.77 9334.83 9339.15 9344.05 9340.38 9336.45 9334.16 9336.38 9336.05 9333.76 9334.88 9338.46 9343.01 9346.72 9343.45 9328.63 9312.84 9301.21 9298.11 9296.66 9295.94 9295.73 9294.39 9292.22
9650.47 9651.17 9652.58 9653.82 9654.52 9655.76 9656.51 9656.38 9653.44 9647.74 9641.41 9635.2 9629.55 9624.4 9619.76 9615.63 9611.72 9608.96 9611.1 9615.32 9618.84 9621.28 9622.97 9621.54 9618.87 9617.17 9615.06 9610.83 9606.3 9596.91 9586.43 9576.9 9569.4 9560.5 9554.84 9551.81 9549.44 9547.41 9546.33 9533.92 9457.45 9380.57 9352.22 9342.4 9342.02 9345.91 9349.39 9340.49 9332.1 9329.28 9328.62 9327.2 9323.99 9326.62 9329.96 9333.42 9334.94 9330.88 9320.5 9308.9 9299.58 9297.13 9296.72 9296.75 9297.16 9297.28 9294.96
9647.48 9649.35 9652.36 9656.09 9657.61 9656.42 9655.26 9652.93 9649.9 9644.86 9639.16 9633.36 9628 9623.08 9618.27 9613.78 9608.94 9604.23 9606.35 9610.44 9613.66 9615.9 9618.53 9617.64 9615.47 9613.72 9611.17 9607.38 9602.07 9591.87 9580.08 9568.7 9557.4 9547.29 9544.28 9542.7 9540.76 9537.76 9538.28 9530.32 9458.62 9386.57 9360.86 9352.14 9347.9 9346.14 9343.98 9328.63 9322.78 9312.33 9308.35 9305.38 9310.59 9315.95 9320.29 9323.26 9322.46 9317 9313.25 9306.79 9300.42 9298.39 9297.92 9297.77 9297.98 9298.22 9296.59
9642.98 9645.23 9649.07 9655.24 9657.43 9653.22 9651.53 9652.32 9646.5 9640.64 9635.39 9630.28 9625.76 9621.5 9617.24 9613.18 9609.13 9605.56 9605.95 9607.89 9609.73 9611.46 9613.17 9611.52 9610.01 9608.18 9605.25 9602.05 9596.31 9585.68 9572.42 9558.62 9545.2 9534.29 9534.73 9534.83 9532.35 9529.65 9524.34 9507.22 9446.44 9385.15 9373.62 9367.27 9357.95 9342.26 9325.95 9315.38 9310.59 9302.99 9296.6 9294.98 9300.38 9307.91 9313.57 9316.49 9317.17 9315.7 9311.92 9307.25 9303.29 9301.46 9300.6 9299.6 9297.86 9299.08 9298.01
9636.98 9638.59 9640.84 9644.02 9645.58 9643.25 9641.96 9642.23 9638.43 9634.25 9630.51 9626.79 9623.2 9619.88 9616.38 9613.4 9611 9609.56 9607.6 9607 9606.82 9606.12 9604.12 9604.5 9604.45 9602.95 9600.07 9597.49 9592.19 9580.28 9565.34 9549.19 9534.59 9526.35 9531.16 9532.43 9528.46 9517.07 9515.44 9492.11 9453.14 9408.56 9402.2 9395.72 9383.25 9359.02 9333.36 9318.61 9304.67 9298.05 9293.3 9292.01 9296.32 9304.08 9311.33 9315.49 9316.93 9316.6 9312.76 9309.24 9306.9 9305.67 9304.95 9303.32 9302.09 9301.33 9299.94
9630.32 9630.86 9630.25 9628.25 9629.12 9629.88 9628.45 9626.13 9627.36 9626.64 9625.13 9623 9620.51 9618.05 9615.42 9613.22 9611.95 9611.16 9608.46 9606.56 9605.1 9603.42 9601.39 9600.83 9600.98 9599.79 9597.12 9596.21 9590.36 9577.08 9560.92 9544.14 9531.33 9534.51 9535.95 9537.85 9537.01 9532.2 9529.69 9518.88 9488.01 9461.86 9448.4 9438.95 9428.47 9411.14 9384.36 9349.7 9312.43 9301.26 9298.67 9294.83 9298.21 9308.24 9316.28 9319.63 9319.13 9316.48 9313.23 9311.78 9312.53 9312.45 9310.6 9308.07 9305.76 9305.05 9302.6
9624.41 9624.31 9622.86 9619.06 9619.23 9619.27 9617.34 9616.43 9618.3 9619.83 9620.09 9619.46 9618.12 9616.26 9614.11 9612.21 9610.89 9610.02 9607.95 9606.22 9604.57 9602.77 9600.19 9600.05 9600.28 9599.99 9599.78 9599.01 9591.45 9575.83 9559.07 9544.84 9537.83 9540.97 9543.3 9547.89 9552.99 9555.91 9552.46 9543.51 9525.87 9513.58 9496.24 9486.31 9482.51 9479.91 9456.3 9411.26 9347.31 9335.2 9325.56 9307.92 9311.4 9325.68 9332.01 9331.67 9326.33 9318.87 9313.91 9314.42 9318.92 9320.41 9316 9312.6 9310.98 9308.36 9305.34
9619.2 9619.38 9619.7 9619.42 9616.48 9613.38 9609.41 9608.09 9612.41 9615.22 9616.5 9616.63 9615.96 9614.57 9612.74 9610.56 9608.53 9607.53 9606.96 9606.18 9605.26 9604.02 9602.42 9601.7 9601.63 9601.77 9602.26 9601.04 9591.93 9575.47 9558 9543.34 9538.38 9541.31 9548.76 9557.31 9566.68 9572.97 9571.86 9566.28 9551.73 9539.56 9529.71 9525.05 9527.63 9533.66 9519.48 9484.46 9411.27 9397.76 9381.29 9361.76 9357.63 9363.53 9361.63 9354.14 9341.94 9326.05 9315.79 9317.99 9322.86 9324.75 9317.48 9314.64 9313.84 9312.07 9307.4
9614.54 9614.4 9615.68 9618.58 9614.47 9610.82 9607.4 9606.96 9610.66 9613.29 9614.79 9615.27 9614.94 9613.69 9611.95 9609.59 9606.53 9605.76 9606.77 9607.03 9606.88 9606.42 9605.85 9604.29 9604.21 9604.51 9604.77 9602.71 9593.04 9576.75 9558.2 9540.86 9535.49 9544.06 9553.76 9564.17 9574.17 9580.46 9580.97 9576.08 9565.81 9556.36 9550.55 9550.19 9555.83 9563.26 9560.93 9549.5 9482.48 9470.39 9451.97 9439.68 9431.45 9415.96 9401.29 9385.94 9368 9346.51 9329.73 9327.8 9323 9314.95 9312.27 9313.74 9315.14 9310.55 9307.46
9610.99 9609.13 9607.36 9606.88 9608.52 9609.7 9610.79 9611.29 9612.36 9613.69 9614.68 9615.14 9614.92 9614.1 9612.51 9610.28 9607.75 9607.3 9608.51 9609.23 9609.48 9609.21 9608.44 9607.41 9607.78 9608.45 9609.43 9607.83 9596.73 9579.96 9561.51 9546.35 9542.11 9548.5 9558.45 9569.12 9578.43 9584.05 9584.46 9579.66 9571.55 9563.84 9560 9561.9 9568.59 9576.21 9577.28 9573.92 9548.31 9535.56 9513.65 9502.24 9492.66 9464.48 9442.01 9422.94 9404.05 9383.75 9365.94 9351.34 9333.23 9313.37 9311.23 9311.6 9313.05 9313.95 9312.29
9608.71 9605.2 9601.27 9599.47 9604.43 9609.29 9613.85 9614.95 9614.83 9615.36 9615.77 9616.12 9616.1 9615.82 9614.63 9612.9 9611.14 9611.02 9611.92 9612.64 9613.06 9612.84 9612.34 9611.65 9612.51 9613.37 9614.04 9611.61 9601.25 9584.86 9566.67 9551.38 9547.7 9553.16 9562.37 9573.08 9582.96 9587.92 9586.96 9581.06 9572.18 9563.87 9560.52 9562.14 9569.57 9575.76 9573.5 9567.63 9577.7 9570.74 9550.43 9535.32 9519.64 9497.88 9477.67 9460.61 9444.29 9428.14 9410.45 9386.27 9358.98 9335.26 9316.75 9310.71 9311.51 9314.42 9314.76
9608.78 9604.14 9599.47 9599.31 9604.07 9609.57 9614.22 9616.34 9616.9 9617.41 9617.83 9618 9617.97 9617.9 9617.45 9616.58 9615.8 9615.84 9616.51 9617.06 9617.44 9617.37 9617.16 9617.16 9618.33 9619.04 9619.46 9617 9607.24 9590.74 9572.88 9558.22 9553.43 9556.38 9563.97 9574.57 9586.49 9590.76 9589.67 9581.43 9569.58 9556.33 9544.77 9555.85 9564.35 9568.24 9564.37 9563.13 9573.65 9576.58 9565.25 9550.8 9535.05 9519.72 9506.06 9494.5 9483.97 9472.93 9456.37 9428.86 9389.75 9346.04 9319.93 9309.5 9308.55 9313.2 9314.25
9610.62 9605.86 9600.66 9600.45 9606.11 9611.45 9615.23 9617.7 9618.76 9619.22 9619.69 9619.85 9620.23 9620.39 9620.68 9621.02 9621.12 9621.16 9621.46 9621.83 9622.32 9622.71 9623.1 9623.57 9624.78 9626 9625.44 9622.48 9613.58 9595.94 9578.59 9564.73 9557.76 9556.53 9560.7 9571.29 9583.43 9588.07 9588.92 9578.96 9566 9554.22 9550.1 9552.61 9559.76 9562.12 9554.98 9548.94 9563.86 9573.11 9570.45 9559.48 9545.22 9536.36 9530.07 9524.76 9520.69 9517.35 9509.97 9480.98 9431.36 9375.73 9338.31 9320.48 9313.86 9316.31 9319.48
