real_craters/C168-500m.grd
DSAA
258 258
-64.1375 64.1375
-64.1375 64.1375
7911.0637205153 10373.483496227
[rows 120 to 149 of 258, columns 67 to 133 of 258]
9435.87 9419.34 9403.49 9415.3 9426.56 9436.12 9440.1 9436.8 9438.87 9449.46 9450.73 9441.52 9435.34 9428.77 9421.06 9413.48 9408.06 9409.87 9414.2 9428.02 9464.91 9506.28 9538.93 9579.34 9622.73 9661.45 9678.61 9677.03 9658.81 9617.06 9574.3 9518.71 9455.39 9394.47 9347.55 9233.43 9180.39 9137.56 9068.49 8980.52 8893.29 8805.74 8716.63 8629.99 8549.97 8473.03 8413.48 8394.89 8397.17 8401.17 8404.07 8406.58 8408.16 8408.07 8407.21 8405.57 8408.33 8408.52 8406.35 8405.81 8415.8 8419.53 8425.17 8418.38 8407.07 8403.24 8405.58
9415.11 9401.2 9391.21 9392.23 9399.16 9403.55 9410.9 9416.54 9418.55 9418.22 9422.18 9421.62 9418.18 9411.82 9405.8 9402.79 9401.01 9402.61 9412.76 9431.06 9456.48 9490.11 9537.76 9601.64 9668.94 9722.61 9736.74 9708.11 9666.24 9626.3 9561.26 9502.22 9450.75 9409.06 9352.03 9185.41 9091.9 9027.74 8934.98 8868.22 8808.39 8736.11 8663.02 8589.54 8517.77 8453.34 8405.46 8386.5 8385.83 8388.58 8392.14 8395 8396.82 8396.06 8394.4 8393.83 8398.25 8400.64 8401.24 8391.41 8383.29 8388.44 8404.86 8388.16 8372.22 8370.98 8379.92
9406.55 9393.48 9385.67 9380.4 9383.71 9387.82 9393.83 9399.26 9401.58 9400.17 9403.86 9404.68 9403.43 9400.36 9395.53 9391.51 9388.89 9397.66 9411.12 9433.73 9439.06 9456.12 9522.39 9613.84 9706.16 9787.06 9793.52 9725.97 9642.84 9569.47 9519.22 9470.25 9423.82 9381.67 9329.69 9179.29 9052.43 8959.43 8870.42 8796.94 8737.63 8672.47 8608.2 8545.36 8485.3 8434.92 8397.89 8383.21 8382.99 8381.17 8382.87 8385.13 8386.05 8385.28 8382.67 8382.82 8387.4 8387 8372.81 8342.96 8319.78 8326.07 8331.01 8315.76 8313.2 8325.42 8347.4
9401.28 9388.13 9380.03 9373.55 9375.13 9381.25 9383.94 9387.85 9391.33 9395.17 9393.95 9393.69 9392.92 9390.88 9386.84 9384.18 9388.52 9395.75 9400.68 9411.35 9421.51 9436.58 9511.94 9621.47 9726.85 9808.39 9813.75 9729.63 9608.78 9506.57 9470.94 9430.08 9382.12 9319 9222.53 9122.92 9014.51 8912.62 8826.18 8750.77 8679.56 8617.66 8563.55 8509.53 8463.42 8420.35 8390.22 8380.36 8377.08 8374.77 8375.01 8376.73 8377.73 8375.37 8369.47 8371.72 8377.64 8373.89 8343.24 8275.9 8223.34 8209.83 8198.44 8207.03 8232.97 8265.3 8306.3
9397.42 9384.28 9377.35 9374.44 9370.48 9371.79 9374.81 9377.8 9381.32 9385.8 9385.11 9383.25 9382.55 9381.38 9379.27 9377.59 9378.47 9386.62 9390.02 9399.07 9415.5 9452.05 9525.44 9627.52 9735.48 9821.75 9833.14 9735.7 9595.33 9486.94 9443.86 9402.39 9350.88 9273.09 9168.69 9062.1 8960.63 8867.43 8777.98 8693.97 8630.33 8571.93 8523.29 8479.79 8440.93 8406.47 8380.79 8373.23 8370.21 8368.38 8367.91 8368.16 8369.18 8365.68 8358.52 8361.95 8367.49 8363.95 8329.29 8200.04 8109.66 8054.51 8040.55 8094.2 8151.42 8205.7 8263.1
9393.29 9380.3 9375.18 9372.8 9366.96 9364.27 9367.16 9369.08 9370.75 9372.73 9374.14 9374.8 9375.07 9374.68 9373.8 9372.41 9372.74 9378.92 9381.9 9385.69 9406.97 9451.05 9516.74 9619.85 9733.8 9828.03 9851.05 9745.8 9601.93 9493.01 9430.94 9384.59 9337.55 9280.97 9168.9 9026.99 8925.32 8825.53 8739.65 8673.44 8580.32 8523.06 8479.14 8444.88 8415.32 8390.9 8370.79 8366.64 8361.99 8361.55 8362.6 8358.69 8353.29 8354.22 8356.11 8356.97 8353.3 8334.11 8284.24 8109.1 8020.03 7971.07 7950.88 8015.41 8086.24 8154.32 8224.27
9390.07 9376.94 9373.44 9369.71 9363.24 9361.15 9361.43 9362.93 9363.64 9364.01 9366.52 9368.45 9369.4 9369.77 9369.67 9370.62 9373.35 9380.2 9381.92 9385.96 9401.35 9424.11 9476.28 9597.23 9721.26 9823.64 9857.94 9747.67 9584.99 9479.22 9418.01 9370.2 9327.09 9279.49 9171.44 9028.01 8899.07 8782.88 8673.57 8556.49 8514.08 8475.41 8444.75 8418.05 8395.77 8375.64 8361.83 8353.43 8350.46 8349.07 8350.7 8348.71 8346.55 8349.59 8353.68 8351.44 8340.07 8303.5 8194.69 8032.94 7981.66 7956.06 7940.18 7977.13 8044.31 8118.51 8191.4
9383.54 9377.28 9370.61 9365.68 9358.31 9355.65 9358.22 9359.25 9359.54 9360.64 9361.57 9363.02 9364.32 9363.63 9364.89 9367.03 9371.32 9379.08 9387.38 9396.19 9409.78 9425.96 9463.51 9580.31 9699.97 9805.3 9860.07 9737.25 9561.36 9462.7 9404.09 9355.03 9305.2 9235.49 9129.56 9001.91 8873.47 8749.28 8626.48 8518.72 8465.12 8435.07 8414.23 8394.55 8376.66 8362.62 8350.04 8344.01 8337.43 8334.94 8336.55 8336.53 8337.84 8343.33 8349.54 8343.22 8331.84 8304.31 8233.45 8091.66 8003.77 7974.85 7946.85 7963.31 8015.71 8089.62 8165.82
9383.67 9381.52 9377.01 9369.76 9363.58 9360.42 9358.65 9357.89 9357.6 9357.87 9358.05 9358.84 9359.87 9361.2 9358.59 9363.02 9370.04 9381.24 9394.44 9414.58 9434.15 9444.27 9484.52 9562.31 9667.01 9762.55 9804.06 9702.93 9539.09 9451.36 9394.01 9343.31 9289.52 9223.88 9097.18 8975.75 8851.94 8727.96 8606.79 8503.47 8441.34 8410.35 8389.72 8374.31 8362.22 8351.82 8341.08 8334.24 8324.39 8313.24 8316.35 8317.29 8322.8 8328.97 8311.91 8332.07 8331.62 8286.17 8194.85 8104.06 8018.21 7968.97 7934.7 7946.66 8002.08 8078.23 8160.98
9385.17 9384.74 9378.91 9373.82 9370.64 9365.64 9359.95 9356.77 9355.73 9354.48 9355.27 9355.92 9356.93 9358.31 9354.83 9357.99 9364.9 9375.59 9393.91 9418.35 9437.73 9436.11 9446.62 9525.28 9625.7 9710.74 9742.11 9670.03 9533.91 9451.85 9389.46 9334.28 9276.32 9196.15 9100.88 8969.65 8842.52 8717.28 8598.66 8499.1 8432.11 8396.52 8376.91 8363.49 8354.8 8346.72 8338.69 8335.98 8325.57 8313.39 8299.95 8296.94 8298.8 8281.66 8316.48 8337.09 8351.18 8347.58 8243.46 8099.24 8025.64 7950.48 7911.06 7931.96 7999.09 8077.05 8157.03
9381.45 9381.63 9378.71 9373.83 9369.16 9364.25 9358.39 9354.02 9350.74 9350.05 9351.74 9352.44 9353.28 9354.44 9352.27 9353.49 9358.02 9368.08 9386.13 9408.12 9425 9418.75 9416.37 9490.25 9587.7 9669.43 9710.77 9653.63 9535.74 9455.71 9389.06 9326.36 9263.53 9196.07 9079.78 8961.46 8835.75 8712.7 8596.57 8496.34 8427.24 8390.06 8370.66 8359.73 8351.73 8347.29 8340.59 8335.46 8325.84 8313.95 8301.05 8299.81 8304.31 8320.59 8334.65 8348.1 8365.51 8376.28 8307.23 8185.57 8076.51 7970 7925.95 7947.11 8017.93 8098.21 8173.15
9374.88 9378.33 9380.37 9372.88 9364.6 9360.5 9355.57 9350.45 9346.39 9347.27 9348.46 9349.24 9349.9 9350.57 9351.27 9348.79 9350.97 9358.05 9376.35 9391.72 9405.14 9405.24 9414.57 9473.98 9561.82 9639.93 9683.44 9639.51 9531.89 9464.26 9394.79 9322.54 9242.5 9156.28 9068.07 8952.38 8832.05 8710.59 8596.79 8497.96 8426.51 8388.79 8369.51 8357.97 8351.16 8344.31 8338.73 8335.95 8331.51 8310.55 8304.85 8307.15 8309.55 8316.64 8329.16 8346.27 8359.64 8366.12 8368.86 8295.58 8174.91 8065.88 8007.32 8008.67 8073.89 8142.92 8208.79
9372.61 9374.93 9376.7 9370.02 9364.07 9357.97 9352.79 9347.76 9345 9343.91 9346.4 9347.46 9348.3 9348.77 9347.9 9346.47 9345.43 9348.83 9364.14 9374.86 9385.25 9394.36 9411.28 9464.83 9544.13 9619.83 9669.89 9654.54 9561.78 9491.75 9415.68 9329.34 9232.16 9146.24 9069.46 8947.56 8827.95 8711.8 8600.14 8499.78 8423.74 8391.37 8373.68 8364.54 8358.54 8352.84 8344.71 8343.44 8336.58 8313.6 8305.88 8307.01 8311.3 8315.72 8326.09 8339.09 8348.77 8353.63 8374.81 8345.84 8281.79 8218.87 8147.04 8127.52 8164.89 8208.1 8255.06
9367.55 9365.8 9363.87 9363.71 9360.88 9356.4 9350.77 9344.77 9340.76 9343.03 9344.79 9346.02 9346.99 9347.57 9347.87 9346.52 9344.62 9343.93 9352.39 9361.55 9370.08 9386.42 9412.23 9464.19 9536.85 9605.27 9655.21 9664 9616.1 9531.81 9444.86 9349.42 9242.27 9135.5 9036.32 8935.2 8827.65 8718.13 8612.32 8515.2 8440.08 8402.8 8381.65 8370.59 8368.13 8371.36 8351.09 8337.38 8331.56 8322.75 8315.78 8311.8 8314.52 8320.37 8325.97 8335.62 8343.46 8350.43 8365.52 8365.82 8353.77 8330.07 8290.23 8281.89 8269.19 8279.97 8305.31
9375.73 9366.44 9360.91 9360.79 9360.58 9354.77 9350.32 9344.88 9340.85 9342.77 9344.14 9345.67 9347.15 9347.99 9349.37 9349.58 9349.11 9349.95 9356.13 9357.19 9362.94 9385.67 9424.85 9477.31 9537.71 9597.37 9649.3 9686.68 9647.08 9573.86 9487.22 9387.18 9269.18 9141.98 9028.74 8931.91 8833.06 8732.89 8632.55 8540.62 8469.13 8419.49 8394.99 8379.61 8372.15 8365.05 8348.98 8336.98 8332.21 8324.87 8318.65 8315.82 8316.89 8318.7 8325.39 8332.49 8341.18 8352.39 8367.39 8377.49 8382.59 8380.14 8370.08 8373.58 8344.72 8339.15 8348.68
9377.23 9367.91 9361.24 9356.25 9353.56 9351.23 9348.15 9347.94 9344.22 9342.74 9343.99 9346.13 9348.42 9350.86 9352.86 9353.75 9355.42 9356.97 9359.77 9359.17 9362.71 9390.39 9440.8 9491.41 9542.61 9584.97 9626.4 9677.02 9662.62 9611.38 9534.54 9437.91 9315.75 9157.34 9034.12 8947.33 8856.13 8760.11 8662.64 8570.31 8488.86 8441.2 8411.26 8389.41 8373.71 8358.49 8346.16 8336.46 8329.81 8322.55 8316.39 8318.23 8319.84 8322.69 8324.53 8332.41 8340.84 8351.19 8364.03 8379.36 8392.19 8397.23 8394.27 8379.69 8379.3 8377.69 8382.24
9369.22 9363.13 9359.33 9356.6 9351.35 9347.8 9343.86 9340.47 9338.84 9341.46 9344.38 9347.64 9350.04 9352.9 9355.74 9358.84 9363.67 9368.22 9368.57 9366.38 9373.46 9405.4 9463.93 9524.4 9554.65 9570.67 9586.68 9620.4 9673.44 9646.58 9586.54 9498.39 9382.12 9205.43 9080.65 8991.45 8899.72 8803.29 8706.28 8613.04 8531.81 8473.93 8432.06 8400.82 8381.82 8356.96 8346.47 8338.48 8332.1 8329.07 8326.51 8317.4 8320.9 8328.95 8329.31 8336.4 8343.25 8350.96 8361.95 8376.95 8388.92 8401.97 8407.63 8413.18 8408.95 8405.3 8406.09
9369.37 9362.03 9359.3 9358.39 9352.36 9346.54 9339.47 9332.59 9334.17 9340.16 9345.07 9349.6 9353.34 9357.44 9360.84 9365.27 9370.48 9376.31 9377.4 9376.52 9381.32 9412.13 9484.11 9557.64 9564.09 9557.08 9560.25 9615.14 9700.29 9690.22 9649.42 9574.96 9446.4 9292.33 9164.61 9060.57 8959.75 8858.31 8759.38 8664.61 8579.17 8513.82 8457.66 8414.83 8388.39 8360.35 8344.18 8338.75 8338.19 8339.06 8338.19 8329.34 8329.48 8334.96 8338.48 8343.57 8350.96 8357.02 8364.51 8375.46 8386.53 8400.22 8413.59 8425.64 8424.78 8421.48 8422.83
9369.33 9367.24 9362.77 9359.08 9355.18 9348.63 9339.59 9329.87 9333.98 9341.83 9347.48 9352.51 9357.23 9361.28 9366.33 9369.2 9374.45 9382.67 9392.99 9388.61 9390.4 9416.14 9488.07 9552.84 9559.3 9542.54 9542.3 9606.99 9705.1 9725.92 9709.94 9672.69 9580.82 9400.13 9257.93 9143.18 9033.96 8925.51 8818.85 8719.21 8638.97 8554.98 8483.52 8432.53 8393.98 8362.66 8350.53 8342.19 8340.9 8343.46 8348.65 8350.99 8347.38 8340.38 8344.49 8348.71 8357.61 8364.04 8369.17 8375.96 8383.92 8398.37 8410.56 8417.75 8423.3 8427.66 8432.75
9370.5 9369.7 9367.34 9367.26 9360.24 9353.81 9347.55 9340.77 9342.09 9346.24 9350.72 9355.3 9359.96 9359.51 9364.03 9369.25 9377.65 9384.71 9392.04 9396 9406.13 9427.27 9490.46 9541.89 9543.1 9523.07 9517.04 9596.75 9728.85 9753.5 9750.14 9732.75 9658.57 9461.54 9343.04 9229.2 9112.67 8997.35 8883.74 8769.31 8653.6 8561.87 8510.15 8462.16 8412.26 8376.46 8357.75 8350.54 8340.34 8334.85 8348.37 8353.55 8347.63 8347.37 8350.1 8351.36 8354.04 8360.68 8369.44 8377.61 8385.05 8397.81 8406.52 8411.46 8418.52 8428.97 8438.74
9374.79 9374.71 9370.5 9367.55 9363.02 9358.58 9355.42 9353.05 9350.96 9352.3 9355.35 9359.37 9363.93 9368.82 9367.03 9372.08 9378.61 9383.71 9386.01 9400.7 9427.99 9467.61 9495.87 9518.16 9521.01 9509.19 9508.63 9599.74 9733.49 9766.89 9764.23 9733.03 9674.01 9575.29 9441.11 9318.38 9195.92 9075.06 8955.82 8835.08 8714.65 8618.17 8562.52 8515.25 8481.19 8433.62 8395.14 8378.7 8357.35 8342.25 8356.13 8365.5 8367.54 8366.2 8360.21 8356.33 8356.2 8363.86 8372.44 8381.5 8392.66 8400.9 8407.9 8409.99 8415.36 8433.25 8448.48
9380.52 9380.66 9373.21 9367.39 9362.52 9360.28 9358.92 9354.75 9355.87 9356.76 9359.24 9363.33 9368.22 9373.33 9378.59 9376.08 9380.53 9386.36 9393.7 9410.06 9440.93 9470.22 9496.11 9515.56 9517.99 9506.01 9512.86 9603.42 9727.75 9762.28 9769.92 9746.42 9720.55 9660.69 9533.58 9405.85 9282.41 9161.18 9039.01 8923.04 8813.49 8716.33 8640.57 8577.66 8530.31 8503.44 8480.19 8432.36 8397.86 8375.49 8379.53 8391.44 8402.12 8396.5 8383.08 8375.41 8368.16 8376.88 8382.91 8387.78 8395.7 8409.23 8417.68 8421.08 8428.09 8446.31 8464.2
9381.54 9379.62 9369.62 9358.23 9358.38 9358.74 9360.61 9360.04 9357.67 9358.38 9361.3 9365.45 9370.48 9376.06 9382 9381.33 9386.64 9393.79 9403.38 9425.19 9456.68 9480.42 9497.9 9508.04 9508.75 9503.4 9520.4 9591.33 9680.07 9742.88 9781.78 9789.71 9770.57 9704.92 9595.9 9473.71 9356.2 9241.7 9128.2 9022.88 8922.96 8822.66 8736.52 8649.05 8568.59 8540.22 8521.89 8489.43 8454.55 8426.33 8421.9 8433.84 8445.91 8439.1 8431.44 8420.66 8408.78 8394.65 8401.27 8406.77 8415.29 8429.72 8438.87 8444.99 8452.21 8470.81 8488.17
9373.44 9372.42 9364.69 9356.57 9355.1 9353.44 9352.28 9352.97 9354.43 9357.3 9361.28 9366.64 9372.35 9378.68 9385.6 9385.92 9393.32 9404.36 9421.83 9452.78 9476.9 9499.09 9501.39 9487.02 9476.39 9497.04 9531.47 9579.85 9642.38 9722.56 9797.74 9840.74 9797.04 9722 9631.31 9524.37 9417.43 9312.76 9211.24 9117.44 9033.4 8955.32 8855.69 8751.78 8662.91 8608.71 8579.86 8562.07 8529.34 8489.32 8480.05 8480.55 8476.23 8492.5 8468.42 8449.59 8445.41 8428.24 8435.51 8444.1 8450.49 8459.25 8468.91 8478.28 8488.77 8504.45 8519.11
9370.96 9374.83 9369.68 9361.32 9355.68 9348.73 9337.75 9340.79 9349.55 9355.7 9361.47 9367.47 9373.5 9380.5 9388.18 9396.8 9399.33 9413.08 9433.08 9472.16 9483.75 9499.61 9496.7 9475.4 9465.22 9491.32 9532.14 9566.44 9608.71 9694.67 9797.57 9879.05 9806.86 9735.06 9662 9575.58 9476.12 9381.73 9290.01 9205.76 9132.27 9076.68 8973.63 8876.47 8797.41 8745.1 8704.45 8670.31 8634.86 8600.15 8567.33 8550.14 8598.6 8577.2 8508.78 8464.64 8471.81 8479.07 8475.76 8494.95 8494.73 8493.66 8501.99 8515.37 8532.18 8543.16 8550.38
9378.19 9378.77 9374.02 9366.79 9358.99 9350.75 9340.43 9340.83 9348.17 9354.57 9360.97 9367.6 9373.9 9381.34 9389.5 9398.66 9402.25 9417.04 9434.06 9451.2 9468.95 9481.28 9479.71 9460.51 9457.42 9476.69 9515.41 9548.24 9586.32 9660.62 9751.32 9839.33 9827.29 9757.04 9685.84 9608.27 9526.35 9441.09 9360.49 9281.96 9206.62 9125.15 9064.17 9007.13 8948.3 8896.88 8843.65 8795.81 8754.55 8722.1 8678.8 8631.19 8642.59 8636.06 8566.67 8523.58 8511.9 8495.76 8499.52 8511.79 8516.37 8520.77 8532.16 8546.6 8567.38 8573.56 8576.94
9387.04 9380.48 9371.57 9369.49 9363.41 9357.26 9350.3 9344.91 9348.71 9353.61 9359.65 9366.34 9373.33 9380.94 9389.42 9398.34 9410.24 9418.8 9431.41 9444.2 9446.27 9447.14 9440.13 9436.51 9433.84 9457.12 9490.71 9535.45 9582.82 9637.95 9684.6 9724.36 9782.2 9748.7 9690.46 9625.12 9555.54 9488.45 9419.46 9350.75 9278.05 9210.59 9173.08 9155.73 9105.69 9034.78 8976.94 8920.93 8868.01 8819.24 8768.16 8726.65 8696.45 8675.21 8626.34 8589.73 8566.58 8533.59 8516.95 8514.26 8528.83 8545.68 8558.9 8570.91 8578.66 8586.91 8597.08
9393.02 9384.09 9381.83 9374.76 9365.86 9358.76 9352.9 9348.84 9348.11 9351.93 9357.37 9363.67 9370.52 9377.83 9385.62 9393.94 9402.82 9416.04 9422.89 9426.41 9424.45 9422.18 9417.66 9424 9431.94 9451.09 9483.65 9527.57 9583.15 9630.77 9654.64 9684.23 9722.08 9720.08 9687.17 9639 9584.76 9530.15 9474.86 9418.3 9362.07 9311.03 9289.44 9314.11 9264.69 9180.18 9109.1 9040.61 8976.55 8913.57 8847.72 8789.17 8760.18 8728.64 8685.39 8648.04 8614.4 8577.21 8546.48 8522.67 8554.96 8579.14 8593.67 8601.23 8605.19 8611.2 8620.78
9390.95 9391.74 9391.62 9379.53 9365.1 9351.26 9340.22 9344.36 9346.95 9351.86 9357.78 9364.29 9371.3 9378.38 9385.55 9392.71 9399.69 9409.94 9414.47 9411.84 9412.42 9413.92 9414.62 9423.76 9438.87 9452.55 9476.99 9516.01 9555.49 9587.85 9629.67 9676.38 9704.28 9699.52 9676.09 9642.36 9601.47 9558.68 9518.95 9482.46 9450.13 9422.77 9394.21 9362.76 9344.22 9306.3 9221.97 9144.88 9078.38 9016.3 8953.48 8879.77 8821.72 8785.97 8757.05 8707.21 8654.22 8633.97 8616.45 8599.49 8616.98 8631.94 8640.18 8642.71 8641.15 8642.76 8651.94
9389.94 9398.17 9398.16 9381.68 9362.41 9342.88 9332.26 9340.26 9346.29 9353.16 9360.22 9367.37 9374.51 9381.5 9388.19 9394.39 9403.13 9407.15 9409.53 9408.24 9414.01 9414.45 9413.42 9425.2 9445.45 9458.09 9478.32 9511.12 9538.99 9562.94 9587.89 9640.68 9686.13 9682.57 9669.45 9646.27 9620.03 9594.93 9568.77 9542.07 9523.19 9516.36 9487.68 9376.21 9382.86 9365.67 9295.71 9225.75 9164.95 9112.81 9061.02 8960.5 8890.3 8868.79 8843.9 8787.7 8733.83 8723.2 8721.35 8718.25 8703.7 8701.15 8700.01 8694.91 8687.17 8681.65 8692.39
