real_craters/C168-500m.grd
DSAA
258 258
-64.1375 64.1375
-64.1375 64.1375
7911.0637205153 10373.483496227
[rows 180 to 209 of 258, columns 0 to 66 of 258]
10097.7 10115.6 10138.4 10160.2 10165.6 10161.3 10161 10163 10168.6 10174.2 10177.3 10176.6 10175.6 10177.2 10181.8 10187.6 10164.1 10147.3 10145.4 10138.8 10138.5 10131.2 10143 10176.3 10198.8 10213.6 10225.3 10233.8 10241.5 10247.8 10252 10251.9 10247.5 10244.6 10247.6 10255.1 10259.8 10258.5 10250.8 10238.8 10224.1 10208.1 10191 10178.9 10172.3 10167.4 10167 10164.3 10160.2 10162.6 10161.1 10157.4 10171.1 10192.6 10212.5 10215.7 10212 10210.5 10203.5 10194.8 10192.1 10192.8 10195.3 10179.5 10164.9 10155.5 10150.5
10117.5 10135.8 10152.9 10167.1 10172.1 10169.7 10167.9 10170.2 10174 10174.8 10178.6 10177.7 10184.4 10191.2 10197.3 10197.2 10174.2 10145.1 10124.8 10109.1 10108.3 10120.3 10157.2 10195.8 10212.5 10222.6 10231.1 10237.5 10244.1 10250.4 10255.7 10252.1 10243 10234.5 10233.7 10242.2 10247.9 10247.7 10240.4 10230.3 10218.4 10206.1 10194 10183.2 10171.6 10164.1 10160.6 10156.3 10151.9 10145.2 10136.5 10141.8 10159.1 10177.7 10191 10197.8 10203.5 10208.2 10202.9 10193.1 10186.6 10186.6 10185.5 10171.6 10157.5 10151.8 10147.9
10133.2 10148.5 10160.6 10167.3 10169.7 10165.2 10161.7 10165.9 10177.6 10183.9 10182.7 10183.3 10193.1 10200.2 10202.3 10197.2 10182.7 10153.3 10128.5 10120.7 10133.1 10146.4 10187.5 10217.7 10226 10232.2 10237.4 10241.6 10245.5 10249.5 10253.5 10248.8 10239.6 10230.5 10227.6 10234 10239.5 10239.2 10231.1 10222.3 10212.5 10204 10197.5 10191.1 10178.1 10165.2 10160.4 10153.3 10141.3 10123.8 10112.3 10128.1 10144.9 10164.2 10179 10184.1 10193.8 10204.8 10202.2 10189.2 10184.5 10180.1 10172.8 10163.7 10152 10147.6 10145.2
10142.3 10154.3 10160.4 10165.8 10166.8 10153.6 10141.9 10143 10168 10179.1 10180.5 10192.8 10203.5 10209.1 10207.6 10205.2 10200.9 10192.6 10173.9 10174.3 10192.5 10199.6 10212.7 10224.6 10232.7 10236.1 10238.6 10240.6 10242.4 10243.4 10244.4 10241.2 10235.3 10229.9 10227.7 10229.1 10229.6 10226.4 10221.1 10212.6 10204.1 10197.7 10194.4 10190.7 10180.1 10172.5 10165.8 10156.8 10141.2 10115.3 10072.5 10101.8 10124.1 10153.9 10178 10180.4 10178.8 10176.2 10179 10183.9 10178.4 10174.9 10165.3 10158.8 10152.9 10145.6 10141.1
10139.1 10142.7 10143.8 10152.1 10152 10129.3 10102.1 10085.9 10097.2 10124.2 10155.7 10191.6 10210.5 10216.8 10216.3 10216.2 10217.9 10222.1 10211.7 10207.1 10214.8 10219.5 10231.4 10238.5 10238.5 10236.9 10237.1 10237 10237.2 10236 10231.2 10232.3 10229.9 10228.3 10227 10225.7 10223.1 10219.5 10212.5 10203.7 10193.8 10186.8 10184.2 10185.4 10187.7 10183.6 10172 10160.1 10141.4 10103.1 10052.7 10054.7 10094.9 10140.7 10179.1 10181.1 10157.9 10128.9 10112.1 10140.1 10165.6 10175.4 10167.8 10158 10147.5 10142.3 10134.5
10099.7 10097.7 10104 10120.3 10145.1 10090.1 10050 10014.4 9983.3 10042.5 10117.9 10181.2 10213.6 10223 10224.7 10226.7 10226.2 10220.5 10217.4 10214.3 10221.5 10234.6 10242.4 10240.9 10239.2 10235.5 10232.3 10231.8 10232.1 10232.2 10229.9 10225.7 10223.2 10223.2 10224.6 10221.7 10217.4 10211.9 10204.5 10193.3 10180.1 10168.5 10163.6 10173.2 10184.8 10181.1 10168.8 10158.8 10141.7 10088.5 10058.7 10033.3 10066.8 10120 10168.6 10170.7 10132 10078.7 10040.5 10073.4 10144.1 10173.8 10173.3 10163.7 10153.2 10142 10130.3
9988.63 10025.5 10046.4 10054.1 10038.8 10026.5 10000.1 9967.56 9951.75 10005.4 10086.7 10166.8 10210.8 10222.6 10227.6 10233 10234 10231.2 10232.7 10232.3 10236 10247.1 10249.9 10245.3 10234.1 10227.2 10224.3 10224.5 10227.2 10229.7 10225.2 10218 10212.2 10211.4 10215.9 10212.6 10209.4 10205.9 10197.4 10180.9 10161 10142.3 10126.6 10116.8 10138.2 10147.7 10148.4 10149.9 10137.5 10086 10052.9 10023.1 10038.8 10074.8 10122.1 10147.7 10105.6 10046.9 10015.1 10038.9 10081.3 10163.6 10176.5 10169.5 10157.3 10144 10128.9
9948.76 9974.55 9997.23 10003.5 9989.63 9988.56 9970.12 9944.79 9940.49 9984.77 10055.9 10137 10190.1 10209.3 10224 10236.5 10242.1 10243 10256.8 10259.6 10255.4 10256.7 10250.4 10238.9 10222.4 10216 10213.4 10212.7 10216.8 10227.8 10222.2 10204 10193.1 10188.1 10191.7 10189.7 10196.6 10204.8 10191.9 10167.1 10139.4 10112.5 10085.8 10061.5 10068.9 10096.3 10123.2 10139.6 10134.1 10088.2 10045.1 10017.7 10013.8 10019.1 10037.5 10079.7 10056.8 10018.9 10003.9 10034.5 10086.3 10160.8 10180.3 10173.3 10162.1 10145.1 10128.3
9925.97 9943.28 9964.48 9983.61 10010.7 9988.51 9956.74 9933.44 9930.63 9962.3 10012.2 10078 10138 10175.2 10213.9 10235.5 10248.1 10255.9 10272.6 10270.7 10261.8 10251.1 10233.5 10209.6 10204 10203.2 10200.5 10196.3 10194.1 10200.6 10193.3 10178.3 10166.6 10155.2 10139.1 10147.6 10174.1 10200 10181.7 10147.3 10114.9 10084.4 10056.3 10035.5 10037.8 10067.3 10104.6 10132.6 10135 10096.2 10054.6 10015.5 9999.14 9996.8 10000.8 9999.72 9998.48 9989.43 9988.9 10059.1 10144.2 10165.9 10172 10167.1 10159.2 10142.1 10126.8
9908.71 9920.08 9937.85 9958.31 9976.7 9966 9941.92 9925.38 9922.19 9936.09 9958.3 9977.81 10006.3 10114.1 10198.9 10214.9 10247.1 10267.2 10277.2 10274.1 10261.2 10251.5 10237 10207.5 10196.5 10194.2 10190.2 10182.9 10169.4 10142 10147.2 10148.5 10140.4 10128.2 10118.2 10124.1 10141.5 10158.4 10145.3 10114.4 10085.2 10055.7 10032.7 10017.1 10017.2 10037.7 10078.2 10124.3 10137.4 10110.9 10064.8 10015.5 9990.93 9993.26 9988.29 9980.92 9975.22 9970.79 9984.69 10066.5 10149 10164.9 10159.2 10147.1 10142.2 10132.2 10122.8
9893.12 9898.5 9910.18 9924.1 9936.55 9932.98 9919.35 9910.85 9908.91 9912.19 9917.11 9917.02 9930.7 9997.74 10073.4 10135.6 10212.3 10244.4 10264 10268.2 10261.4 10259.4 10246.1 10217.9 10201.3 10193.9 10186.6 10176.4 10163.6 10153.1 10136.7 10128.6 10118.1 10106.7 10099.9 10098.4 10101.2 10102.4 10094.3 10075.8 10051.4 10027.7 10007.7 9997.31 9997.92 10014.5 10063.6 10106.8 10114.6 10103.5 10064.4 10007.6 9978.54 9974.49 9972.19 9966.37 9961.72 9958.43 9975.11 10044.3 10124.1 10157.3 10144.8 10127.4 10121.3 10116.6 10111.8
9875.06 9876.73 9883.21 9889.91 9891.42 9890.08 9893.14 9894.81 9894.88 9894.92 9895.94 9897.9 9907.46 9916.93 9958.35 10020.2 10051.9 10093.6 10097.8 10158.8 10241.2 10252.6 10250.4 10232.2 10211.9 10198.9 10187.1 10174.1 10162 10151.3 10131.8 10115.4 10101.3 10086.1 10071 10060 10063.4 10063.2 10056.9 10041.8 10023.1 10002.3 9984.56 9975.17 9979.53 10001.3 10084.2 10084.9 10070.5 10045.7 10027.7 9990.54 9964.06 9953.59 9954.01 9955.31 9953.55 9950.17 9967.27 10029.4 10112.4 10152.3 10131.8 10108.4 10102.8 10100.3 10096
9858.17 9857.93 9859.37 9861.9 9861.41 9862.67 9871.84 9880.05 9881.9 9882.58 9885.5 9893.4 9905.68 9911.36 9927.92 9949.59 9952.63 9978.01 10002.8 10057 10120.5 10207.9 10256.1 10243.5 10219.7 10207.3 10190.7 10171.3 10153.2 10138.9 10118.8 10101.8 10086.2 10071 10053.8 10039.9 10038.4 10033.4 10024.5 10015.1 10000 9981.57 9962.15 9949.83 9960.9 10030.5 10114.4 10075 10044 10008.8 9990.69 9970.6 9951.67 9943.75 9944.11 9946.38 9945.62 9943.01 9971.71 10070.6 10136.4 10148 10121 10090.4 10087.1 10085.8 10083.3
9845.92 9843.73 9843.66 9845.02 9847.12 9849.06 9855.78 9865.02 9868.79 9872.57 9878.75 9888.43 9899.45 9908.23 9917.4 9930.96 9947.82 9961.83 9984.38 10006.3 10058.5 10171.5 10260 10261.8 10235 10219.6 10196 10168.9 10138 10114 10102.5 10088.5 10075.1 10061.6 10049.4 10037.7 10029.9 10018.4 10007.4 9999.98 9987.26 9967.62 9945.8 9928.56 9932.54 10029.2 10106.9 10087.7 10046.3 10002.1 9976.3 9958.53 9948.66 9942.64 9936.89 9939.26 9941.12 9933.28 9975.22 10125.9 10143.8 10139.4 10114.9 10082.2 10076.6 10074.4 10071.1
9833.47 9832.42 9831.58 9830.44 9833.6 9836.91 9841.59 9848.95 9857.74 9866.35 9875.27 9884.63 9893.54 9899.67 9909.43 9922.62 9937.91 9958.7 9972.82 9990.2 10045.1 10158.5 10261.9 10284.4 10265.9 10235.9 10201.6 10168 10136.9 10109.9 10092.1 10077.1 10065 10055.6 10049.4 10047.7 10034.7 10020.4 10009.2 10002.9 9988.71 9966.98 9940.35 9916.79 9910.68 9934.9 10010.2 10098.8 10054.8 10004.5 9968.41 9954.67 9940.06 9925.17 9925.07 9929.25 9938.11 9924.76 9948.62 10027.9 10080.3 10102.6 10104.5 10081.4 10068.8 10062.8 10059.3
9821.74 9819.67 9820.3 9822.33 9822.36 9823.09 9831.57 9839.54 9850.65 9861.64 9871.9 9880.34 9887.76 9895.13 9901.87 9913.12 9928.96 9950.78 9974.25 9985.13 10040.8 10149.4 10252.6 10292.1 10281.1 10245.9 10201 10161.4 10137.9 10108.4 10083.4 10066.3 10053.8 10047 10045.1 10046.2 10040.3 10035 10029.6 10022.6 10005.7 9977.51 9945.34 9914.18 9896.32 9904.57 9933.74 10011.2 10062.2 10060 10017.4 9984.44 9935.52 9918.69 9913.75 9911.57 9906.65 9908.19 9918.51 9938.79 9964.44 10016.7 10070.7 10067.3 10053.9 10044.1 10041.1
9809.94 9810.56 9809.98 9811.2 9813.09 9818.4 9826.87 9836.17 9842.97 9853.11 9863.14 9874.19 9884.55 9889.98 9891.71 9896.46 9908.48 9930.29 9967.99 9982.94 10039.7 10136.6 10227.5 10275.7 10284.5 10238.1 10185.4 10138.5 10095.8 10078.5 10066 10054.4 10045.1 10040.3 10037 10036.7 10045 10057.8 10062.3 10058.5 10033.9 9997.09 9957.36 9920.72 9896.34 9896.35 9918.47 9978.16 10075.8 10130.9 10115.3 10047.1 9957.58 9928.06 9908.78 9896.15 9887.53 9893.83 9905.16 9925.95 9929.02 9959.36 9997.92 10033.8 10027.6 10014.2 10003.9
9798.03 9798.89 9798.23 9800.42 9801.75 9805.97 9812.74 9821.55 9831.29 9841.67 9852.41 9865.36 9878.12 9882.62 9880.34 9880.38 9895.14 9918.6 9944.7 9965.87 10027.6 10118.8 10207.2 10255 10241.2 10201.7 10155.4 10112.1 10075.2 10057 10049.8 10042.7 10036.9 10033.1 10031.2 10036.1 10053.6 10086.4 10124.7 10110.3 10068.5 10021.8 9974.69 9929.18 9894.54 9883.23 9894.31 9945.74 10048.4 10114.7 10119.5 10085 10025.4 9946.98 9906.66 9888.73 9882.39 9885.54 9897.68 9905.2 9906.1 9925.98 9954.1 9995.31 9998.62 9978.21 9950.68
9781.52 9781.43 9782.99 9784.81 9785.7 9790.13 9797.83 9807.11 9816.95 9827.15 9837.43 9850.69 9865.25 9868.15 9865.59 9872.81 9893.27 9920.27 9936.09 9953.81 10009 10090 10180 10224.8 10179.2 10143.2 10117.3 10088.4 10062.3 10047.8 10040.2 10034.5 10030.3 10027.9 10025.9 10029 10052.9 10104 10148.4 10146.3 10097.2 10039.1 9983.57 9933.77 9891.51 9871.25 9872.26 9890.35 9938.38 9990.19 10016.6 10048.1 10038.7 9926.48 9894.23 9880.48 9875.47 9878.66 9888.07 9894.84 9895.96 9914.6 9939.74 9991.58 9985.65 9957.69 9925.4
9764.26 9763.01 9760.89 9763.24 9766.88 9772.6 9782.16 9793.02 9801.61 9809.94 9817.79 9827.75 9838.07 9831.27 9839.47 9864.02 9880.17 9900.38 9922.13 9932.66 9983.12 10044.1 10092.9 10102.5 10094.7 10089.7 10085.5 10070.7 10052.9 10043.4 10034.1 10029.1 10024.3 10021.5 10020.8 10025.6 10050.4 10104.1 10168.6 10168.1 10101.4 10041.3 9986.63 9937.86 9895.89 9871.3 9864.7 9860.42 9860.04 9888.87 9915.74 9965.24 9979.42 9894.73 9881.85 9872.97 9869.84 9874.17 9886.47 9895.55 9902.76 9929.87 9955.71 10001.5 9984.37 9956.01 9929.06
9742.72 9742.74 9744.66 9746.27 9749.77 9755.4 9767.31 9779.01 9786.36 9792.1 9796.58 9799.89 9803.35 9800.84 9809 9813.12 9847.74 9869.8 9894.9 9920.21 9959.02 10002.3 10033.7 10051.6 10064.5 10070.2 10068.6 10062.2 10053.6 10042 10034.5 10027.1 10023.1 10020.7 10018.6 10022.6 10040.6 10077.2 10113.4 10112.2 10072.7 10026.5 9981.85 9938.55 9900.32 9873.56 9866.03 9852.42 9853.96 9867.22 9888.15 9906.27 9920.63 9895.72 9878.61 9868.64 9863.78 9874.88 9892.54 9890.36 9911.37 9971.22 10012.3 10009.1 9989.64 9960.99 9940.99
9725.22 9727.49 9730.38 9732.46 9736.53 9744.83 9756.72 9766.87 9772.37 9774.77 9774.86 9773.99 9772.04 9783.74 9793.57 9802.08 9828.23 9853.6 9877.99 9905.14 9939.86 9975.25 10005.4 10026.9 10049.3 10059.9 10059 10055 10048.9 10041.6 10035.8 10029.1 10023.3 10017.2 10013.5 10013.9 10019.5 10037.8 10048.2 10040.6 10027.9 10003.8 9972.15 9937.74 9903.9 9873.43 9858.52 9862.36 9869.88 9870.33 9881.32 9885.89 9890.4 9893.1 9876.63 9862.09 9857.13 9871.07 9895.98 9892.26 9934.23 9990.45 10014.9 10010.5 9997.22 9965.61 9937.58
9706.09 9708.65 9713.71 9717.49 9724.03 9737.28 9751.41 9759.15 9761.68 9761.73 9759.04 9755.67 9756.68 9777.53 9787.17 9796.34 9823.94 9843.11 9868.6 9896.43 9926.64 9956.18 9985.61 10016.6 10032.6 10043.9 10048.4 10051.5 10049.1 10042 10035.4 10027.5 10021 10015.7 10011 10006.8 10002.7 10008.3 10004 9989.95 9994.19 9984.74 9964.46 9939.37 9913.13 9896.62 9880.69 9865.91 9871.03 9873.2 9876.91 9873.5 9883.65 9889.68 9872.14 9853.3 9844.36 9858.51 9885.17 9906.1 9972.17 9950.4 9953.37 9977.07 9997 9982.38 9966.17
9688.06 9690.13 9695.01 9703.43 9713.86 9729.02 9745.58 9754.72 9756.29 9754.09 9749.59 9745.74 9750.09 9768.39 9783.84 9795.49 9816.98 9834.71 9867.17 9894.02 9916.79 9941.1 9963.97 9983.58 10007 10025 10034.9 10036.6 10039.1 10038.3 10035.8 10030.6 10023.2 10018 10011.2 10006.6 9999.01 10001.8 9997.06 9986.94 9986.64 9977.88 9961.69 9941.95 9921.36 9899.2 9886.11 9882.6 9878.02 9873.49 9863.17 9861.61 9868.03 9875.77 9860.86 9842.9 9831.91 9849.8 9880.8 9920.47 9923.12 9893.5 9888.34 9896.94 9956.86 9981.8 9978.45
9672.9 9675.43 9683.17 9692.83 9705.88 9722.48 9742.89 9753.25 9754.77 9750.16 9743.91 9741.24 9749.7 9768.8 9788.09 9799.03 9811.5 9835.16 9868.29 9892.82 9911.82 9930.68 9945.8 9960.12 9987.38 10017.8 10027.9 10027.1 10032.7 10040.6 10041.7 10038.7 10033.9 10027 10021.7 10016.1 10014.8 10010.3 10007.6 10009.3 9993.95 9978.02 9962.53 9946.41 9930.28 9913.07 9903.53 9901.23 9889.91 9880.38 9867.81 9856.38 9855.06 9855.38 9847.31 9834.48 9831.78 9859.2 9898.28 9946.84 9880.72 9885.09 9877.54 9879.09 9922.81 9974.26 9979.26
9659.58 9665.51 9675.49 9687.96 9699.33 9713.95 9739.88 9757.81 9756.53 9747.99 9738.74 9734.69 9746.22 9770.66 9794.38 9807.01 9821.6 9834.4 9860.79 9884.76 9905.08 9922.95 9937.92 9950.18 9976.47 10007.9 10026.5 10032.7 10038.2 10041.9 10043 10040.6 10037 10034 10028.9 10024 10019.1 10016.1 10012.4 10006.2 9994.49 9977.6 9961.47 9947.95 9939.85 9930.73 9917.5 9911.69 9906.13 9891.89 9879.51 9865.44 9847.32 9846.13 9836.5 9825.61 9826.37 9856.47 9888.8 9917.13 9881.85 9894.46 9888.27 9886.43 9913.06 9966.84 9973.27
9653.51 9660.35 9672.03 9681.17 9694.16 9716.78 9758.36 9770.57 9760.72 9746.81 9733.27 9726.55 9737.76 9761.31 9779.08 9802.28 9823.67 9837.75 9852.48 9878.33 9899.87 9918.41 9935.23 9950.75 9975.9 10010.4 10031.6 10039.2 10042.7 10043.7 10042.4 10040.3 10038.1 10034.5 10031.1 10027.3 10023.6 10019.1 10011.9 10007.4 9991.59 9970.9 9954.38 9945.97 9943.77 9949.56 9927.99 9905.03 9909.3 9898.1 9888.19 9874.04 9851.26 9840.16 9825.88 9815.27 9812.65 9824.88 9852.4 9850.86 9882.08 9896.9 9892.21 9888.94 9902.12 9933.66 9953.78
9644.45 9652.65 9662.61 9672.6 9685.03 9706.37 9756.21 9772.91 9759.57 9740.94 9724.44 9715.8 9726.3 9744.7 9763.26 9801.57 9832.15 9851.89 9868.59 9880.45 9897.79 9916.5 9936.33 9956.5 9974.71 10002.5 10017.5 10041.3 10044.2 10042.6 10039.4 10036.1 10034.2 10031.6 10029.6 10026.3 10022.9 10013.1 10003.3 9997.76 9979.62 9953.09 9937.83 9930.61 9930.64 9936.31 9929.53 9919.32 9904.1 9897.8 9890.65 9880.95 9856.49 9826.45 9807.9 9805.28 9808.89 9820.65 9857.22 9856.34 9867.63 9881.06 9879.81 9880.35 9889.44 9909.39 9938.12
9633.07 9643.12 9653.21 9664.69 9678.46 9700.08 9747.45 9766.15 9752.02 9731.17 9711.77 9702.71 9714.44 9730.55 9748.08 9804.6 9839.17 9854.07 9867.02 9879.42 9894.85 9913.36 9934.05 9956.75 9961.94 9896.21 9940.57 10027.7 10038.6 10036.7 10033.8 10033 10034 10032.4 10030.2 10024.8 10015.2 9999.81 9984.43 9962.75 9937.31 9921.26 9910.85 9905.27 9903.38 9904.03 9896.02 9895.78 9897.06 9892.75 9886.43 9877.2 9852.35 9823.07 9800.61 9798 9808.82 9879.86 9889.49 9875.14 9860.24 9854.53 9857.62 9862.35 9887.63 9938.78 9936.62
9622.97 9634.03 9645.25 9658.12 9675.91 9703.52 9736.93 9752.84 9739.73 9718.54 9697.75 9689.35 9707.23 9730.6 9760.75 9799.21 9828.79 9847.84 9861.3 9872.98 9887.85 9904.7 9923.21 9941.3 9947.15 9912.59 9960.87 10016.5 10021 10021.9 10024.1 10025.9 10030 10030.2 10029.1 10024.8 10017.4 9998.11 9967.67 9921.39 9887.21 9887.24 9882.59 9877.66 9871.9 9866.98 9874.8 9873.25 9886.09 9882.54 9876.97 9870.85 9865.67 9836.25 9815.69 9801.25 9801.4 9848.14 9905.22 9883.15 9853.74 9837.84 9839.85 9841.18 9869.18 9933.39 9923.43
