real_craters/C169-500m.grd
DSAA
258 258
-64.2775 64.2775
-64.2775 64.2775
10145.636930229 11948.754953349
[rows 0 to 29 of 258, columns 67 to 133 of 258]
10911.2 10905.4 10900.9 10900.6 10899.9 10900.5 10905.4 10911.1 10916.4 10921.7 10926.8 10932 10933.9 10928.6 10922.5 10926 10925.3 10925.5 10926.1 10926.6 10927.3 10928 10928.3 10926.3 10923.3 10920.9 10920.5 10921.2 10921 10920.2 10918.1 10919.1 10924.2 10928.2 10932.2 10927.8 10923.6 10919 10913.7 10908.8 10904.5 10901.5 10900.6 10901.7 10904.6 10906.8 10905.1 10906.4 10906.7 10906.7 10906.9 10906.9 10910.6 10913.6 10915.4 10915.7 10917.8 10920.6 10924 10917.9 10914.3 10911.3 10908.2 10905.1 10901.7 10897.2 10896
10915.3 10909.5 10906.3 10903.4 10902.2 10902.3 10906.8 10911.9 10916.8 10921.8 10926.6 10931.5 10934.1 10930.4 10929.3 10929.5 10930 10929.1 10929 10929.2 10930.4 10931.1 10931.7 10930.3 10927.8 10924.3 10923.7 10927.1 10928.5 10930.1 10931.7 10933.8 10933.6 10934.3 10937.6 10928.1 10916.7 10911.5 10908.7 10906 10903.5 10901.3 10900.3 10903.2 10905.9 10907.2 10908.5 10910.9 10909.9 10909.2 10909 10911 10912 10914 10916.4 10919.6 10921.5 10921.1 10919.4 10918.7 10915.5 10912.1 10908.7 10905 10901.5 10897.9 10897.7
10920 10913.9 10909.8 10906.5 10906 10907.1 10909.1 10912.9 10917 10921 10924.5 10926.3 10924.6 10928 10929.2 10926.7 10930.6 10930.6 10930.1 10930.4 10931.7 10933.6 10935.4 10934 10932.9 10931.3 10930.6 10932.8 10935.5 10938.8 10944.3 10948 10937.6 10930.3 10926.5 10918.5 10910.7 10906.5 10904.5 10903 10902.4 10902.6 10904.2 10908.5 10911.8 10914.5 10923 10916.9 10912.7 10911.2 10911.7 10911.7 10912.6 10914.3 10916.6 10919.3 10921.2 10921.7 10921.1 10919.1 10916.4 10913.2 10909.6 10905.6 10901.3 10901 10900.1
10926.3 10917.9 10909.5 10906.7 10907.9 10909.3 10911.2 10913.8 10917.2 10920.5 10923.4 10925.4 10927 10926.5 10924.5 10924.5 10930 10930.1 10929.7 10929.4 10931.1 10934 10937.1 10936.4 10937.3 10939.9 10939.9 10939.7 10941.2 10943.4 10945.2 10941.8 10933.6 10921.4 10907.8 10906.3 10904.3 10902 10900.8 10900.8 10901.4 10903.4 10908.5 10916.7 10925.7 10927.9 10924.3 10915.5 10911.7 10911.1 10913 10911.5 10912.3 10913.9 10916 10918 10919.6 10921.3 10921.3 10919.7 10917.1 10914.2 10911.2 10907.9 10905.2 10905.6 10904.2
10925 10919.3 10911.9 10908.4 10908.6 10910.2 10912.6 10915.4 10918.3 10921.5 10923.4 10925.4 10927.5 10926 10925.8 10925.5 10929 10927.8 10927 10926.8 10927.9 10930 10932.4 10935 10938 10942.3 10943.9 10944.2 10945.4 10946 10944.4 10938.2 10930.5 10918 10904.4 10900.9 10899.5 10898 10898.9 10899.6 10900.6 10902.7 10907.5 10918.2 10937.3 10935.2 10912.3 10907.7 10908 10908.1 10907.5 10909.3 10911.2 10913.5 10915.3 10916.8 10918.4 10921.4 10921.9 10920 10917.6 10915.3 10913.1 10911.3 10910.2 10908.8 10908
10931.9 10924.2 10917.7 10913.2 10910.4 10911.8 10915 10917.8 10920.3 10923 10924.7 10925.5 10924.7 10924.2 10925.9 10929.4 10926.7 10924.6 10923.8 10923.2 10923.7 10925.1 10927.7 10931.3 10935.3 10939 10941.2 10945.3 10947.8 10948.7 10947.4 10942.8 10933.9 10920.6 10907.6 10902.3 10900.6 10901.4 10899.5 10899.3 10899.9 10901 10903.1 10911 10929.8 10928.7 10910.1 10905.4 10906.6 10906.2 10904.9 10906.8 10910.5 10913.6 10915.8 10916.7 10916.1 10919.5 10920.8 10919.8 10918.4 10916.8 10915.2 10913.9 10912.6 10911.3 10910.4
10936.2 10929.2 10923.3 10919.7 10916.7 10916.2 10917.7 10920 10922.1 10924.2 10926.4 10927.1 10924.8 10927 10932.9 10934.8 10925.4 10921.3 10920.4 10919.7 10919.2 10920 10922.8 10927 10932 10939.1 10944.3 10947.3 10949.8 10951.1 10951.1 10949.9 10939.7 10925.5 10911.9 10905.4 10902.4 10901.2 10899.4 10899.2 10899.6 10900.7 10902.3 10908.4 10921 10923.2 10915.7 10911.1 10909.4 10907.4 10905.3 10907.3 10911.2 10914.7 10917.7 10919.5 10919.5 10918.9 10919.8 10920 10919.3 10918 10916.9 10916 10915.2 10914.5 10913
10939.3 10933.4 10927.3 10922.3 10921 10920.3 10920.5 10922 10924.6 10926.7 10929.6 10932.3 10934.3 10936.4 10936.9 10938.7 10923.5 10918.8 10917.9 10917.1 10915.9 10914.8 10918.5 10923.6 10928.7 10934.8 10943.6 10948.7 10951.1 10952.4 10952.5 10950.7 10942.6 10930.1 10916.3 10909.7 10904.7 10900.2 10899.5 10899.5 10900 10901.5 10904.3 10910.2 10923.5 10925.1 10923.7 10920.1 10914.3 10910.3 10909.8 10909.5 10912.3 10917 10921.1 10924.7 10927.1 10921.9 10921.3 10921.2 10920.3 10919.1 10918.1 10917.5 10916.8 10916.2 10915.3
10943.8 10937.1 10932 10927.3 10924.8 10923.8 10924.2 10926 10927.7 10930.1 10933.6 10937.6 10945.5 10953.8 10937.3 10924.7 10921.4 10918.5 10917.6 10916.8 10915.6 10916.1 10918.3 10922.8 10928 10936.3 10946.9 10950.5 10953 10954.1 10953.8 10950.8 10944.6 10935 10923.3 10915.7 10909.6 10906 10902.4 10901.1 10901.6 10903.3 10906.5 10912 10920.6 10925.2 10927.7 10925.9 10916.8 10910.3 10907.9 10910.4 10915.4 10919.9 10924.7 10929.9 10934.4 10929.6 10926.8 10924.9 10923.1 10921.5 10920.1 10919.6 10918.7 10919 10922.4
10943.4 10939.1 10935.1 10932.8 10927.3 10925.9 10927 10928.8 10931.7 10934.2 10936.7 10939.7 10943.3 10946.9 10931.8 10917.7 10917.8 10919.4 10919.5 10918.8 10917.6 10916.4 10920.4 10924.9 10929.6 10937.9 10947.7 10952.5 10955 10955.8 10955.4 10953.1 10949.3 10942.5 10932.2 10922.7 10914.6 10908.2 10904.7 10904 10904.6 10905.7 10908.7 10912 10918.1 10923 10925.4 10923.1 10915.9 10909.1 10907.1 10912.2 10917.8 10922.7 10927.5 10932.4 10938.5 10939.7 10932.5 10929 10926.4 10924.3 10922.6 10921.7 10923.4 10925.4 10930.1
10945 10940.7 10935.7 10929.5 10925.3 10927.4 10929.7 10932.3 10934.2 10936.7 10938.6 10939 10935.8 10927.6 10922.7 10919.8 10921.4 10922.8 10923.3 10923.4 10923.9 10923.5 10926.2 10929.7 10934.1 10941.4 10949.8 10954.7 10957 10957.8 10957.2 10955.3 10952.1 10953 10940.6 10929.4 10920 10912.3 10908.2 10908.1 10909 10910.7 10912.9 10915 10917.8 10921.8 10922.6 10919.8 10914.9 10910.2 10910.9 10918.6 10923.9 10927 10929.5 10931.8 10933.7 10934 10933.8 10931.4 10928.7 10926.4 10925.2 10927.4 10938.2 10938.9 10931.4
10949.9 10944.4 10938 10930.8 10927.6 10930.2 10933.1 10936 10937.9 10940.4 10941.1 10940.1 10936.1 10928.9 10924 10925.7 10929.9 10929.5 10928.2 10927.9 10930.2 10934.1 10932.5 10935.3 10941.1 10947.8 10954.2 10958.4 10959.8 10960 10959.7 10959 10959 10951.1 10943.5 10934.2 10925.3 10917.6 10913.3 10913.4 10914.5 10916.3 10918.7 10921.9 10923.6 10924.5 10922.8 10920.2 10916.4 10916.3 10926 10930.8 10932.4 10932.6 10931.7 10930.5 10929.9 10934.3 10935.2 10932.8 10929.6 10927.5 10927.2 10932.3 10949.9 10946.7 10931.4
10957.2 10950.7 10943.8 10936.9 10933.6 10935.4 10937.9 10940.7 10943.3 10944.5 10946.2 10944.9 10942.7 10936.9 10929.2 10930.5 10933.4 10934.4 10932.2 10930.7 10929.2 10930.2 10934.3 10939.4 10951.1 10962.3 10963.9 10962.8 10962.8 10962.3 10961.5 10960.1 10957.3 10952.3 10945.7 10938.2 10930.5 10924 10919.9 10919.7 10920.9 10922.8 10925.3 10927.2 10933.5 10929.6 10924.6 10919.4 10921.2 10927.9 10945.5 10945.6 10942.7 10939.1 10934.5 10929.9 10928 10935.9 10937.2 10933.6 10930 10927.5 10926.6 10928.9 10932.8 10934.1 10927.3
10967.7 10959.3 10951.9 10945.7 10941.4 10942.2 10943.9 10945.2 10947.3 10949 10949.1 10949.4 10950 10950.3 10940.8 10936.7 10936 10935.2 10935.4 10934.3 10931.8 10931.9 10935.9 10940.1 10945.8 10957.8 10964.2 10965.6 10966 10965.5 10964.2 10961.6 10958.1 10954.9 10948.9 10942.5 10936 10930.3 10926.2 10927.2 10929.3 10931.8 10934.3 10935.9 10941.4 10935 10929 10925.6 10933.1 10951.4 10963 10957.7 10951.7 10945.6 10938.4 10930.6 10925.1 10935.7 10937.4 10933.3 10930 10926.8 10924.4 10923.2 10923.4 10925.5 10925.8
10978.3 10968.6 10960.3 10953.9 10950 10948.3 10948.7 10950.3 10951.8 10953.2 10954.6 10954.9 10953.2 10949.4 10944.8 10943.2 10942.1 10940.9 10941.2 10940.4 10940.2 10939.4 10939.8 10941.6 10946.6 10955.2 10963.6 10967.3 10968.8 10969 10968 10965.7 10961.1 10957 10953.1 10947.9 10942.5 10937.4 10933.7 10934.9 10937.5 10940.9 10945 10949.7 10944.3 10938.8 10934.6 10934.6 10945.4 10964.8 10969.1 10964.4 10958.4 10952.1 10944.9 10936 10924.9 10929.6 10931.8 10931.6 10930.2 10927.2 10923.7 10922.2 10923.1 10924.1 10925
10986.3 10976.8 10967.7 10960.5 10955.6 10954.4 10954.1 10955.8 10957.2 10959.3 10960.5 10961.5 10961.3 10957.7 10953.3 10951.3 10949.6 10951.4 10948.6 10947.5 10946.7 10945.9 10945.1 10945 10949.5 10963 10966.9 10970.3 10972.8 10974.1 10973.9 10972 10968.8 10963.5 10958.9 10954 10949.1 10944.7 10942 10942.4 10945.4 10949.1 10951.9 10954.2 10945.6 10942.3 10938.7 10938.7 10948.6 10962.3 10966.9 10965.8 10962.8 10958.8 10954.7 10949.7 10943 10934 10930.4 10933.4 10933 10930 10925.8 10924.3 10925.9 10924.5 10925.5
10993.4 10984.4 10974.4 10966.2 10961.4 10958.8 10958.9 10959.9 10961.7 10963.8 10965.6 10967.6 10970.8 10969.8 10966.3 10961.1 10956.5 10954.6 10954.9 10954.8 10954.3 10953.2 10952.1 10951.4 10954.4 10962.6 10970.4 10975.5 10979.4 10982.1 10983 10981.9 10978.4 10971.6 10966.3 10960.8 10956 10951.7 10948.4 10949.1 10953 10957.4 10959.3 10953.5 10956.6 10947.9 10940.8 10938.7 10944 10956.4 10961.2 10963.7 10963.9 10963.5 10963.4 10964.8 10963 10950.1 10942.8 10940.4 10938.8 10936.7 10931.8 10928.1 10926.6 10925.8 10926.2
11003 10992.7 10981.6 10971.9 10965.9 10963.5 10963.4 10964 10966.2 10967.6 10969.2 10971.5 10973 10974.9 10974.7 10971 10967.5 10964.6 10963.5 10963.1 10962.4 10961.3 10960.8 10961.1 10962.4 10967.5 10974.5 10980.9 10986.5 10990.7 10993.8 10993.4 10988.6 10981.5 10974.4 10968.5 10963.5 10959.4 10955.9 10956.3 10960.3 10965.9 10973.3 10975 10959.2 10948.1 10940.9 10936.2 10936.2 10946.1 10955.9 10961 10963.7 10965.9 10968.3 10970.9 10969.4 10961.1 10953.5 10948.2 10946 10946.2 10946.6 10936.3 10930.5 10932.7 10939
11010.4 11000.2 10991.6 10982.1 10972.8 10968.9 10968.1 10968.3 10970.2 10971 10972.6 10975.9 10979.2 10985.7 10983.6 10979.3 10977.6 10976.5 10973.5 10971.5 10970.2 10969 10969.2 10971.7 10971.8 10974.2 10980.7 10987.4 10994.1 11000.1 11005.2 11007.1 11000.3 10990 10983.2 10978 10973.2 10968.4 10964.7 10964.1 10966.7 10970.2 10974.7 10973.4 10957.3 10947 10942.1 10938.1 10937.5 10947.2 10954.6 10959.5 10963.4 10966 10968.9 10974.7 10974 10964.7 10958.2 10952.9 10950 10950.7 10955.9 10944.8 10941.1 10944.6 10956.8
11009.7 11004.5 11000.3 10991.9 10981.3 10976.4 10975 10973.8 10973.5 10973.9 10975 10978.7 10987 10997 10989.4 10983.1 10982.5 10983.6 10981.5 10977.8 10975.9 10975 10975.1 10976.1 10980 10982.4 10987.4 10994.1 11001.5 11008.6 11015.8 11022.3 11019.1 11000.2 10992.4 10987.2 10982.8 10978.5 10974.8 10973.1 10972.6 10972 10968.7 10963.7 10957.2 10950.7 10946.5 10943.5 10944.8 10951.4 10956.2 10959.9 10962.7 10964.6 10966.3 10962.2 10962.3 10963.6 10960.2 10954.6 10950 10947.2 10946.3 10950.5 10956.8 10962.4 10968.8
11009.7 11005.6 11003.3 10997.4 10991.1 10986.5 10982.6 10979.3 10977.8 10976.8 10976 10977 10983 10996.7 10986 10981.3 10982.3 10982.2 10982.9 10981.1 10980.2 10979.9 10979.7 10979.3 10980.5 10986.4 10992.7 10999.9 11007.5 11015.4 11022.4 11028.3 11025.2 11010 11002.4 10997.1 10992.2 10988.2 10984.8 10981.2 10979.6 10976.2 10970.5 10966.1 10962.7 10958.5 10953.6 10950.1 10950.2 10956 10958.4 10960.1 10961.5 10962.8 10963.5 10964.7 10964.7 10962.3 10958.9 10954 10948.6 10944.2 10946.7 10962.6 10975.4 10990.5 10984.5
11009.7 11005.3 10999.4 10998.6 10997.8 10994.4 10988.5 10984.5 10982 10979.6 10979.1 10977.4 10983 10995.8 10987.7 10984.1 10984 10983.6 10981.5 10984.3 10984.8 10984.6 10984.5 10984.4 10982.8 10988.5 10996.4 11004.6 11012.5 11020.2 11026.5 11028.5 11022.5 11018.4 11012.8 11006.9 11002 10997.7 10994.9 10992.4 10988.9 10984.3 10978.6 10973.9 10970.2 10966.2 10961.2 10957.4 10955.5 10958.2 10960.1 10960.7 10960.7 10960.4 10959.6 10958.1 10960.3 10961.2 10958.7 10954.5 10948.7 10942.6 10945.1 10962.2 10976.4 10992.7 10985.7
11013.6 11008.3 11003.3 11000.6 10998.7 10995.9 10990.8 10987.8 10986.5 10984.3 10982.4 10981.1 10984.6 10990.9 10991.5 10989.7 10987.7 10986.2 10987.5 10988.8 10989.2 10988.8 10988.9 10988.8 10987.8 10992.8 11000 11008 11016.1 11024.2 11030.4 11033.8 11030.3 11026.8 11021.4 11015 11009.8 11006 11003.8 11004 10997.9 10993.7 10990.4 10983.8 10978 10972.6 10968.6 10965.4 10963.9 10963.3 10962.7 10961.7 10960.3 10959.6 10958.6 10958 10960.9 10963.8 10964.7 10961.4 10951.8 10942.8 10941.3 10948.4 10961.3 10969.4 10974.5
11017.1 11010.8 11007.3 11001.6 10997.1 10992.3 10990.2 10988.3 10989 10987.6 10986.4 10985.7 10985.7 10988.1 10991.7 10992.6 10991.1 10990.2 10988.3 10990.1 10991.7 10992.3 10992.6 10992.6 10993.1 10997.6 11004 11011.3 11019.5 11027.2 11034.1 11037.1 11034.1 11031.2 11027 11021.2 11016 11011.9 11008.8 11005.3 11003.1 11001.4 10998.8 10992.3 10985.3 10979.6 10975 10972.8 10971.6 10968.5 10965.5 10963.1 10961 10959.6 10958.7 10959.9 10963.4 10968.1 10970.7 10966.8 10957.5 10945 10939.6 10942 10948.9 10955.5 10966.3
11015.6 11009.5 11004.8 11001 10996 10991.1 10990 10990.1 10991.7 10991.3 10991.1 10990.2 10987.7 10988.4 10992.4 10994.8 10992.9 10990.9 10990.3 10990.3 10993.5 10996.3 10996.8 10997 10998.9 11002.6 11008.3 11014.8 11021.9 11029.6 11037 11042.7 11037.5 11033.6 11029.6 11024.6 11020 11016.3 11012.8 11009.4 11008.1 11007.5 11006.1 10999.3 10991.6 10983.5 10979.9 10978 10976.1 10971.7 10967.6 10964.6 10962.1 10960 10958.5 10959 10965.4 10973.1 10980.5 10982.3 10967.3 10947.8 10940.4 10941.2 10945 10950.7 10963.9
11017.9 11012.4 11006.7 11002.6 10997.1 10992.6 10990.7 10993.4 10994.4 10994.9 10994.7 10996.6 10990.6 10989.5 10992.6 10994.5 10993.8 10991.7 10991.1 10993.2 10998.2 11002.7 11003.7 11002 11002.9 11007.2 11011.8 11017.2 11023.6 11030 11036.2 11042 11036.5 11033.2 11030.7 11026.1 11022.4 11019.5 11017.3 11015.7 11015.4 11014.4 11011.2 11006.9 10999.3 10991.6 10986.3 10982.4 10978.6 10973.5 10969.7 10967 10964.6 10961.9 10959.7 10960.4 10966.9 10975.4 10985.9 10994.7 10974.2 10954.7 10946.7 10945.2 10948.6 10954.3 10963.9
11031.5 11022.1 11014.4 11007.3 11000.7 10994.8 10993.1 10996.5 10998.3 10999.2 10997.6 10989.5 10986.7 10990.3 10994 10996.9 10995.6 10993.7 10993.1 10997 11004.6 11012.1 11017.3 11016.1 11012.4 11012.3 11015 11019.3 11024.4 11029.1 11032 11030.2 11030.6 11030.2 11028.9 11025.9 11023.8 11022.2 11021.5 11022.2 11025 11027.6 11024.7 11017.9 11008.1 10999 10993.2 10989.2 10985.3 10977.1 10973.9 10971.3 10968 10964.9 10963 10963.6 10967.5 10972.8 10978.1 10977.8 10970.6 10960.9 10957.2 10953.2 10951.3 10954.5 10961
11033.3 11028 11021.1 11012.8 11005.4 10999.4 10996.9 10999.7 11002.1 11004.7 11006.4 11005.7 10994.7 10994.2 10997 10999.3 10998.3 10996.1 10996.5 11003.3 11010.9 11018.7 11028.5 11022.8 11016.4 11015 11017 11020.7 11024.8 11029 11030.6 11028.1 11027.6 11027 11025.4 11025.2 11024.9 11024.7 11025 11026.9 11033.4 11048.4 11045.5 11030 11016.3 11004.7 11000.1 11003.5 11001.3 10988.4 10982 10977 10972.5 10968.6 10965.5 10965.1 10966.9 10968.8 10969.3 10966.1 10965.5 10965.6 10957.7 10951.8 10947.2 10948.6 10954.8
11041.2 11036 11026.8 11017.9 11009.8 11002.5 10999.2 11002.4 11005.5 11009.3 11013.9 11013.5 10999.9 10999.6 11001.2 11002.9 11001.4 10998.9 11000 11009.8 11014.2 11018.2 11018 11011.7 11012.2 11014.6 11017.6 11021.4 11025.5 11029.2 11032.4 11031 11028.3 11026.9 11026 11026.4 11027 11027.8 11028.5 11030.2 11035.2 11049.9 11050 11037.2 11022.8 11009.5 11004.2 11014.9 11011 11002.4 10991.1 10983 10977.4 10973 10968.7 10967.1 10966.4 10965.5 10963.6 10961.6 10963.1 10964.6 10959.5 10950.4 10941.9 10942.3 10948.5
11047.5 11036.6 11030.2 11022.3 11014 11006.1 11001 11004.4 11007.4 11010.8 11014.3 11015.8 11011.4 11005.7 11004.7 11005 11003.4 11001 11000.1 11009.3 11013.7 11016.2 11017.1 11009.1 11010.4 11013.8 11017.7 11021.7 11025.6 11029.8 11032.7 11032.5 11029.4 11028 11028.2 11028.6 11029.6 11030.9 11032.6 11034.5 11037.5 11049 11049.7 11040.6 11028.1 11015.9 11008.1 11005.9 11005 10998.8 10991.5 10986.3 10982 10978.4 10975.3 10970.8 10967.1 10963.7 10960.6 10959 10963.5 10970.4 10970.8 10952.5 10938.1 10938.4 10944.4
