real_craters/C169-300m.grd
DSAA
430 430
-64.2775 64.2775
-64.2775 64.2775
10144.967454132 11944.121034245
[rows 210 to 239 of 430, columns 134 to 200 of 430]
11276.3 11296 11318.6 11345.9 11375.5 11408.8 11451.4 11510.1 11600.7 11629.7 11618.6 11587.7 11549.4 11508.6 11458 11411.6 11363.6 11316.3 11264.2 11203.7 11138.2 11079.8 11024.4 10969.2 10933.6 10965.3 11042.1 11115.4 11167.1 11172.9 11130.8 11133.7 11155 11171.9 11177 11150.7 11020.9 10901.9 10820.2 10750 10689.7 10631.9 10577.1 10525.9 10476.5 10432 10393.3 10361.5 10343.4 10333.4 10332.5 10334.9 10340.8 10348.1 10356.9 10365.1 10370.2 10369 10363.5 10363.6 10359.8 10356.5 10359.9 10360.9 10347.6 10298 10269.3
11280.9 11299.4 11321.3 11345.8 11372.7 11400 11431.2 11470.1 11585.4 11642.8 11633.3 11605 11566.5 11527.1 11488.3 11444.7 11402.3 11358 11312 11259 11207.1 11156.2 11104.4 11054.9 11025.5 11050.8 11097.6 11137.8 11161.1 11154.9 11111.1 11117.4 11152 11184.1 11201.7 11168.2 11041.2 10921.1 10835.6 10762.8 10698.1 10638.4 10584.1 10530.9 10483 10438.8 10401.2 10370.3 10353.2 10344.5 10343.9 10347.9 10357.4 10370.3 10386 10404.6 10420.1 10417.7 10405.3 10395.4 10382.4 10368.7 10355.1 10341.1 10317.8 10281.5 10256
11279.9 11297.4 11317.2 11339.2 11362.5 11387.4 11415.7 11456.2 11554.3 11640.7 11633.9 11609.8 11578.6 11545.2 11509.7 11478.7 11441.3 11403 11361.1 11324.1 11285 11243.3 11203.2 11160.4 11138.4 11159.1 11173.6 11178.6 11171.2 11148.7 11113.8 11117.9 11152.2 11186.7 11205.1 11160.8 11031.6 10919.7 10841.8 10771.7 10704.9 10644.7 10589.2 10537.9 10490.7 10447.4 10410.8 10381.4 10362.6 10354.6 10354.4 10359.1 10369.6 10387.1 10409.7 10438.7 10469.2 10474.7 10459.5 10431.5 10397.9 10374.1 10350.8 10320.4 10288.6 10258.4 10235.6
11275.7 11293.3 11312.5 11333.1 11354.9 11378.4 11406.1 11444.4 11516.1 11612.1 11618.3 11605.1 11582.2 11554.9 11528.5 11500.1 11467 11438.3 11409.6 11382 11355.5 11333.7 11307.2 11278.7 11264.3 11278.5 11261.4 11232.3 11195.5 11155.2 11128.9 11129.3 11151.9 11181.3 11192.3 11135.8 11011.8 10913.2 10844 10776.7 10712.4 10651.4 10595.6 10544.9 10498 10456 10421.1 10393.7 10373.1 10363.4 10361.6 10366.2 10377.2 10395.8 10420.4 10453.2 10497.6 10517.2 10502.3 10463.4 10424.2 10390.6 10354.6 10313 10275 10242.8 10219.7
11270.5 11290.2 11309.3 11328.7 11350.1 11373.6 11401.4 11433.3 11480.5 11565.3 11591.8 11593.7 11580.5 11561.7 11539.3 11515.8 11493.7 11473.1 11454.5 11437.8 11424.6 11419.2 11410.5 11398.8 11392.3 11392.7 11349.8 11291.9 11230.7 11171 11133.1 11125.1 11146.5 11171.9 11177.7 11115.2 10998.8 10913.3 10849 10780.6 10718.6 10659.2 10602.1 10550.7 10503.8 10463 10428.5 10401.8 10381 10370 10367.8 10370.9 10379.1 10394.8 10414.5 10445.9 10470.2 10496.6 10494.4 10473 10456.6 10409.6 10364.3 10321.7 10277.2 10236.8 10207.4
11270.8 11290.4 11306.2 11324.1 11345.4 11371.3 11402.8 11432.4 11462.2 11526.9 11565.4 11576.6 11572.8 11559.3 11545.5 11529.5 11519.2 11506.4 11496.1 11489.6 11489.5 11498.1 11507.9 11516.9 11514.8 11497.5 11427.1 11349.3 11273.1 11198.2 11146.7 11127.1 11140.7 11160.4 11169 11105.9 11007.2 10924.8 10858.2 10788.9 10724.9 10664.7 10607.5 10555.3 10507.7 10467.1 10433.8 10407.3 10384.8 10374.2 10371.5 10370.8 10376.8 10386.2 10396.6 10415.3 10419.3 10430.8 10445.5 10448 10444.9 10408.6 10369.7 10326.9 10285.4 10242.3 10208.5
11285.7 11292 11302.9 11319.5 11340 11365.1 11397.9 11430.8 11456.3 11513.1 11547.2 11560 11560.2 11556.1 11548.2 11545.8 11538 11530.9 11527.9 11529.8 11538 11553.1 11581.6 11616.2 11610.2 11550.5 11473.7 11397.7 11323.1 11247.2 11184.1 11142.3 11139.9 11144.3 11141.2 11086.5 11010.9 10935.6 10867.5 10795.9 10734.3 10668.7 10611.7 10557.9 10509.1 10467.2 10431.3 10405.1 10385.9 10376 10371.6 10370.7 10373.7 10375.5 10376.9 10383.6 10374 10370.7 10390.3 10403 10404.4 10390.5 10370.9 10348.8 10301.3 10257.5 10224.5
11269 11281.2 11294.4 11311.4 11330.5 11351.9 11376.4 11408.9 11442 11501.9 11533.6 11543.7 11548.4 11555.4 11552.6 11551.2 11548.1 11547.2 11550.3 11554.7 11565.7 11583.9 11611.5 11640.1 11624.6 11554.9 11491.3 11435.7 11378.9 11316.9 11249.4 11179.3 11152.2 11129.4 11098.2 11059.6 11001.5 10939.7 10873.4 10800.1 10736.1 10673.1 10614.5 10560.1 10510 10464.7 10423.7 10400.8 10384.5 10376.1 10370.6 10367.5 10368 10365.2 10360.3 10361.1 10344.3 10333.2 10346.9 10359.9 10366.6 10366.3 10359.7 10344.8 10312.3 10278.1 10252.8
11246.7 11263.4 11283.1 11302 11320.9 11338.6 11353.8 11378.6 11418.8 11476.3 11515.2 11526.9 11535.3 11545.4 11548.6 11548 11556.9 11559.3 11562.8 11569.9 11579.7 11592.9 11607.5 11610.3 11589.7 11541.3 11497.9 11467.7 11436.6 11401 11346.1 11254.2 11187.6 11130.7 11080.2 11050.7 11007.6 10946.4 10879.4 10806.6 10742.4 10676.7 10617 10561.4 10511.2 10465.6 10428.5 10399.4 10384.2 10373.5 10366.3 10363.8 10361.9 10356.7 10349.5 10347.6 10327.6 10313.6 10319.3 10327.9 10337.5 10345.2 10344.8 10335 10318.3 10298.7 10285
11238.4 11253.1 11275.2 11295.8 11315.1 11333.1 11350.7 11373.6 11404.4 11444.1 11491.4 11511.9 11525.8 11532 11537.7 11548.1 11555.3 11559.1 11564.6 11571 11578 11585.5 11590.1 11587.6 11566.1 11532.3 11505.5 11493.1 11486.2 11482 11455.6 11349.3 11243.5 11150.3 11080.6 11056.2 11018.8 10954.3 10885.1 10816.7 10746.5 10681 10618 10561.9 10511 10465.3 10427.5 10400.3 10383.2 10372.5 10364.9 10361 10358.2 10354.8 10361.6 10346.2 10324.4 10307.4 10305.7 10309.4 10321.2 10334.7 10339.8 10336.3 10327.3 10316.9 10309.9
11242.2 11253.6 11274.6 11295 11314.6 11334.9 11360.3 11387.7 11405.5 11434 11474.1 11497.9 11513.2 11525 11536.1 11543.5 11549.4 11554.3 11561 11569.6 11572.4 11572.4 11567.6 11558.8 11542.9 11522.9 11508.3 11505 11513.6 11528.1 11523.5 11424.4 11305.7 11187.1 11100.3 11067.7 11023.2 10958.9 10889.7 10819.9 10749.4 10681 10618.1 10560.1 10508.2 10464.3 10428.5 10399.7 10383.2 10373.4 10365.8 10361.8 10360.4 10357.8 10365.5 10354.8 10333.7 10311.7 10307.4 10308.6 10322.1 10337.9 10346.4 10345.2 10338 10331.2 10329.4
11256.4 11264.8 11282.6 11299.5 11316.3 11337.8 11371.9 11401.1 11407.4 11429.2 11464.4 11487.4 11504.7 11518.1 11529.1 11534.8 11540.5 11549.4 11556.9 11559.1 11559.5 11555.6 11545.1 11530.9 11519.7 11502.8 11489.1 11497.5 11513.2 11530.4 11534.4 11478.2 11379.3 11244 11142 11086.1 11027.2 10961.4 10892.4 10822.5 10751.6 10682.5 10617.4 10557.4 10503.3 10458.3 10421.9 10397 10382.3 10373.3 10368.2 10365.9 10367.3 10369.2 10368.1 10374.3 10359 10336.7 10329.8 10330.5 10339.9 10351.8 10361.2 10357 10345.8 10337.1 10332.8
11277.5 11286.5 11296.7 11306.9 11319.5 11336.7 11367.1 11391.4 11397.8 11413.6 11454.5 11478.2 11494.8 11509.6 11520.8 11528.3 11532.7 11538 11541.4 11545.9 11545.6 11542 11531.2 11517.2 11504.5 11485.8 11468.5 11480.5 11492.9 11500.9 11500.5 11483.9 11433.9 11313.2 11198 11105.4 11031.9 10964.9 10895.9 10826.2 10754.9 10684.4 10617.9 10556 10499.1 10450.3 10414.6 10394.2 10381.9 10374.2 10372.5 10372.3 10375.3 10380.9 10397.7 10401.6 10406.7 10387.1 10372.6 10366.8 10365.6 10367.3 10371.5 10361.8 10347.1 10334.3 10323.2
11295.4 11311 11309.9 11313.2 11321.5 11334.9 11357.4 11376.3 11382.2 11391.1 11435.4 11466.2 11484.6 11500.5 11511.5 11517 11523 11528 11530.5 11531.6 11534.9 11531.6 11524.9 11513.3 11497.2 11480.9 11471.7 11467 11464.2 11457.4 11440.5 11434.8 11421.1 11340.7 11227.6 11119.1 11039.1 10971.2 10900.5 10830.4 10760.9 10689.6 10622.2 10555.8 10496.7 10447.1 10412.6 10392.3 10381 10376 10374.9 10378.1 10381.5 10388.3 10410.2 10420.6 10432.9 10433.7 10426.6 10408.3 10389 10375.5 10366.1 10355.4 10341.9 10327.9 10315.3
11297.6 11313.5 11310.3 11314.3 11322.7 11333.3 11360.8 11369.6 11372.8 11377.1 11415.9 11452.2 11476 11490.3 11501.1 11511.3 11514.5 11516.7 11520.5 11520.1 11519.2 11518.3 11517.1 11506 11487.2 11471.1 11459 11446.3 11433.9 11417.7 11391.7 11374.6 11356.5 11312 11223.6 11124.2 11049 10982.8 10910.9 10838.5 10768.3 10694.9 10624.6 10556.2 10494.6 10443.1 10412.1 10392.8 10382.7 10379.1 10378.2 10381.5 10384.4 10392.7 10413 10423 10439 10447 10450 10431.7 10398.9 10375.1 10355.9 10346 10333.6 10319.5 10307
11284.1 11284.6 11295.4 11310.9 11325.9 11336.8 11353.9 11371.2 11375.7 11377.7 11403.8 11446 11469.1 11482.3 11492.4 11501.7 11504 11505.3 11506.7 11504.4 11502 11499.6 11498.8 11487.2 11468.4 11450.5 11432.9 11419.5 11405.9 11388.7 11366 11343.1 11316.3 11284.1 11218.4 11135.2 11067.4 11000.9 10928.3 10855.6 10780.3 10704.1 10629.3 10558.2 10494.4 10441.5 10412.7 10395.4 10387 10384.1 10383.2 10385.5 10389.3 10393.1 10407.8 10408.5 10411 10422.7 10425.5 10410.3 10391 10371.4 10353.1 10341.4 10327.8 10311.3 10292.9
11266.9 11264.5 11280.8 11309.2 11337.6 11359.7 11379.4 11388.3 11391.7 11396.2 11415.7 11452.3 11470.8 11480.7 11485.8 11491.8 11493.3 11492.3 11491.7 11486.8 11481.2 11475.3 11469.8 11458.3 11443 11426.4 11409.5 11395.3 11382.5 11367.8 11351.9 11332.7 11304.8 11277.3 11230.4 11166.3 11097.1 11026.8 10952.3 10877.7 10797.2 10719.7 10641 10565.6 10497.8 10444.5 10416.2 10402.7 10395.9 10391.1 10389.7 10390.8 10391.8 10392.8 10401 10392.9 10384.8 10389 10381.4 10378.7 10377.1 10369 10356.7 10342.3 10326.5 10308.7 10287.8
11251.7 11252.2 11271.8 11309.8 11353.7 11397.7 11413.2 11408.7 11411.3 11422.4 11444.5 11473.7 11479.2 11479.8 11481.9 11481.5 11484.8 11481.9 11476.8 11470.5 11460.3 11448.3 11436.1 11426.7 11416.5 11403.2 11389.5 11375.9 11362.5 11349.7 11338 11325.7 11308.6 11285.9 11252.3 11198.5 11128.2 11055.2 10978.6 10902.8 10822.1 10741.2 10660 10579.9 10507.1 10453.4 10427.7 10415.7 10409.4 10403.4 10400.2 10397.2 10396.9 10395.1 10398.8 10389.2 10379.5 10373 10361.7 10363.5 10368.8 10368.9 10360.5 10345.5 10329.9 10314.3 10297.5
11242.4 11248.5 11268.9 11307.9 11355.8 11408.2 11414.1 11413.3 11420.6 11439.8 11476.1 11491.6 11482 11475.6 11475.6 11474 11474.7 11471.6 11468.7 11459.6 11444.6 11425.3 11405.7 11399.8 11392.5 11383.2 11372.5 11360.5 11342.8 11329.9 11323.4 11323.2 11318.9 11302.3 11273.2 11224 11156.8 11085.2 11010.4 10934.1 10854.2 10772.5 10688.2 10604.8 10526.6 10472 10450.2 10438.7 10429.5 10421.6 10415 10409.4 10406.9 10401.5 10401.7 10393.5 10384.2 10375.7 10366.5 10364.3 10366.6 10370.9 10363.1 10347.1 10334.1 10323.8 10316.3
11240 11249.4 11268.5 11299.3 11336.3 11371.2 11386.8 11398.7 11412.3 11432 11459.6 11467.5 11466.9 11466 11468.5 11468.1 11467.9 11471.7 11464.7 11454.3 11436.7 11413.8 11391.8 11384.1 11375 11363.8 11351.6 11336.2 11317.8 11303.7 11297.1 11303.7 11319 11315.6 11287.1 11240.7 11181.3 11114.5 11042.4 10968.7 10890.8 10811.2 10726.8 10645.6 10564.2 10510.1 10487.7 10471.8 10457.8 10444.9 10432.8 10422.6 10416 10407.6 10406.4 10399.8 10392.8 10387.7 10382.3 10374 10364.6 10356.7 10351.7 10344.5 10338 10333.2 10333.1
11242.5 11250.4 11262.3 11288.1 11309.9 11325.5 11353.8 11375.6 11392.4 11406.5 11415.2 11426.3 11444.4 11455.2 11461.5 11467.6 11470 11471.9 11466.3 11456.3 11438.6 11415.8 11394.7 11380 11365.4 11348.2 11328.7 11307.5 11287.7 11270.8 11258 11253.3 11283.5 11310.4 11297.6 11256.5 11201.1 11137.7 11069.3 11001.7 10928.5 10855.4 10778.7 10701.1 10625.9 10571.9 10541.4 10516.4 10495.1 10475.6 10457 10439.6 10428.5 10414.1 10410.7 10403.3 10399.6 10400.9 10401.5 10388.2 10365.8 10341.2 10340 10343.1 10342.4 10341.7 10342.7
11247.2 11254.9 11269.9 11283.9 11297.4 11308.2 11333.5 11355.2 11371.7 11383.8 11391.9 11405.9 11428.3 11445.3 11458.4 11468.8 11471.9 11476.1 11473.5 11464.7 11449.4 11426.3 11404.1 11384.5 11362.9 11337.8 11310 11281.8 11258.3 11237.9 11219.7 11207.1 11227.1 11309.1 11304.6 11267.3 11214 11155.2 11092.9 11031.1 10966.4 10901.9 10835.9 10768.5 10700.3 10646.3 10605 10568.2 10535.9 10509.4 10483.3 10459.7 10441.5 10431.5 10413.2 10404 10403.3 10409.1 10413.9 10403.6 10378.4 10350.6 10348.1 10351.2 10351.3 10349.1 10346.4
11246.9 11254.9 11267.8 11282.9 11297.2 11310.2 11324.5 11340.3 11355.1 11368.4 11383.2 11401.1 11418.9 11437 11454.1 11469 11475.4 11483 11486.7 11482.2 11469.4 11446.2 11422.1 11397.7 11367.5 11333.8 11298 11262.6 11234.5 11211.7 11193 11182.7 11194.9 11262.1 11291.4 11263.2 11216.2 11166.7 11115.2 11058 11002 10947.3 10894 10843.5 10788.1 10727.1 10669.6 10622.1 10578.9 10540.8 10506.3 10480.8 10453.5 10436.1 10413.5 10401.4 10403.2 10412.1 10421.7 10423 10402.7 10381.7 10372 10368 10363.4 10358.4 10352.5
11235.5 11248.5 11266.2 11279.3 11296.7 11309.5 11316.3 11327.3 11340.4 11354.6 11371.7 11390.7 11407.8 11428.2 11449.5 11464.4 11482.5 11496.1 11505.4 11507.2 11499.7 11480 11452.4 11418.5 11378.6 11334.9 11291.5 11249.9 11217.1 11192.9 11175.8 11169.3 11182.3 11227.8 11255.6 11245.2 11210.2 11171.5 11129.3 11080.6 11031.5 10986.8 10944.3 10910.3 10882.3 10799.9 10729.1 10668.9 10617.7 10571.9 10529.7 10497.9 10464.3 10440.8 10413.3 10397.7 10401.2 10411.9 10425.3 10433.5 10425.1 10412.3 10397.2 10385.9 10377.5 10370.2 10363.1
11225.6 11239.4 11249.8 11263.9 11283.6 11294.5 11302.7 11313.3 11326.1 11339.8 11353.5 11367.2 11393.3 11419.5 11446.9 11467.5 11490.9 11510.7 11527.2 11537.2 11538.2 11523.2 11490.8 11445.4 11394.3 11341.2 11289.5 11241.7 11204.8 11179.7 11164 11160.4 11177.9 11227.6 11251.3 11227.5 11198.2 11170.4 11139.2 11098.3 11057.4 11015.9 10976.6 10939.4 10901.3 10836 10769.8 10709.1 10652.3 10600.1 10552.5 10515 10475.6 10445.5 10415.4 10398.3 10399.2 10407.9 10421 10432.2 10437.6 10432.1 10415.1 10400.9 10390.3 10381.7 10374.8
11229.3 11237 11241.6 11248.7 11256.6 11270.1 11285 11298.8 11311.9 11325.4 11338.5 11352.7 11384.3 11411.4 11443.3 11472.8 11500.9 11526.4 11549.1 11567.9 11580.1 11575.2 11531.9 11473.7 11412 11350.3 11290.4 11236.9 11195.9 11170.3 11155.4 11151.6 11166.7 11196.4 11206 11199.1 11187.2 11163.8 11138.8 11108.1 11075.5 11039.2 10998.4 10946.3 10894 10852.1 10798.3 10741.7 10683.5 10627.6 10575.2 10531.5 10486.9 10451.5 10418.5 10400.7 10398.3 10402.9 10415 10429.5 10439.1 10437.4 10423.9 10411.2 10401.3 10393.3 10388.2
11242.8 11241.9 11241.5 11242.4 11244.7 11255.1 11271.6 11287.3 11301.6 11315.7 11330.2 11349.2 11383.2 11410.3 11444.2 11477.5 11509 11538.8 11565.9 11590.2 11611.5 11619.8 11561.7 11494.6 11426.8 11359.2 11293.6 11233.6 11188.1 11164.4 11151.7 11146.8 11152.1 11160.8 11164.1 11173.2 11174.4 11160.9 11143.5 11121.3 11095.2 11061.9 11022.5 10970.5 10920 10876.4 10825.4 10768.7 10709.3 10651.2 10594.3 10545.3 10496.6 10457.6 10421.7 10402.7 10398.9 10401.9 10411 10421.9 10430.5 10431.9 10425.8 10418.2 10411.3 10405.8 10401.6
11251.4 11246.9 11243.1 11241.1 11238.9 11249.1 11265.5 11282 11297.8 11312.2 11326.2 11340.7 11377 11411.8 11449.4 11485.3 11519 11550.2 11577.9 11600.4 11613.9 11608.3 11566.1 11504.3 11437.2 11368.2 11299.9 11235.2 11185.4 11164.1 11154.4 11153.1 11150.9 11156.6 11159.9 11164.3 11167.3 11160.7 11144.7 11128.2 11108.4 11083 11052 11010.2 10962 10910.2 10854.2 10794.6 10733.3 10676.5 10616.6 10558.7 10506.9 10464.1 10425.5 10406 10403.1 10406.8 10410.3 10414.6 10419.2 10424 10425 10423.4 10420.8 10418.2 10415.8
11253.7 11247.8 11242.9 11240.1 11240.9 11249.7 11264.6 11280.7 11296.5 11311.9 11326.2 11337.1 11373.5 11416.1 11455.2 11491.8 11526.1 11557.5 11584.2 11602.6 11607.1 11594 11561.5 11508.7 11446 11379.1 11311.3 11245.9 11193.8 11170.5 11161.1 11162.3 11168.3 11189.7 11179.6 11173.8 11171.1 11158.7 11143.7 11133.1 11117.4 11100.3 11079.1 11046.7 10999.1 10940.9 10881.5 10819.5 10759.5 10698.9 10637 10577.1 10523.1 10471.2 10428.8 10409.8 10408 10412.1 10412.4 10413.7 10415.4 10420.6 10425.1 10427.9 10428.5 10428.4 10427.6
11246.4 11244.9 11242.2 11239.1 11242.3 11252.7 11266.1 11281.6 11298.5 11315.4 11333.4 11350.1 11388.5 11426.3 11461.7 11496.9 11530.5 11561.2 11587.6 11604.8 11607.8 11594.5 11562.4 11515.2 11457.5 11393.9 11328.1 11264.4 11212 11183.2 11169.4 11167.4 11179.3 11219.9 11211.3 11184 11174.4 11158.8 11141.3 11128.4 11117.6 11107.8 11097.5 11077.4 11028.3 10966.4 10902.1 10839.9 10778.8 10718.1 10657.4 10595.7 10538.4 10481.1 10432.7 10414.5 10413.6 10417.6 10415.6 10416 10417.2 10422.5 10428.3 10433.2 10435.4 10438.8 10438.8
