real_craters/C169-300m.grd
DSAA
430 430
-64.2775 64.2775
-64.2775 64.2775
10144.967454132 11944.121034245
[rows 270 to 299 of 430, columns 268 to 334 of 430]
11262 11256.9 11251.3 11246.3 11241.3 11236.3 11230.4 11225.8 11220.2 11215.8 11210.8 11206 11202 11197.4 11191.5 11187.3 11186.1 11187.4 11186.7 11185.8 11184.4 11182.5 11179.8 11175.5 11171.5 11170.9 11170 11167.5 11164.4 11160.6 11156.2 11151.7 11148 11145.2 11143.6 11142.7 11142.1 11142.9 11144.3 11146 11146.7 11147.3 11148.3 11145.7 11141.1 11139 11142.1 11141.8 11142 11143.2 11142.9 11141.7 11140.6 11139.6 11138.5 11137.1 11135.4 11134.9 11135.3 11137.1 11138.6 11139.5 11140.4 11140.8 11140.5 11146.1 11149.1
11258.3 11253.1 11247.9 11243.2 11238.7 11234.5 11230.1 11225.5 11221.2 11216.3 11211.8 11207.3 11203.7 11198.5 11192.8 11189.2 11187.7 11188.8 11187.7 11186.6 11185.4 11184.2 11182.6 11180.5 11175.5 11172.1 11170.1 11168 11165.9 11162 11156.3 11150.9 11146.5 11144.8 11143.9 11144.2 11145.7 11144.7 11145.4 11145.9 11146.3 11147.4 11149.6 11147.3 11142.3 11139.3 11143 11142.4 11142 11141.5 11141.7 11141.5 11140.6 11139.4 11137.7 11135.7 11133.3 11132 11133.2 11135.2 11137 11138.2 11139.1 11140 11139.1 11144.5 11148
11255.3 11250.9 11245.5 11241.4 11237.4 11232.8 11228.7 11225 11221.6 11217.6 11213.7 11209.7 11206.1 11201.3 11195.9 11192.5 11190.7 11190.7 11189 11187.7 11186.4 11185.5 11184.9 11183.9 11178.8 11173.9 11170.5 11167.7 11165.2 11161.4 11155.9 11150.9 11146.8 11144.8 11143.6 11143.3 11144 11144.8 11146 11145.1 11144.8 11144.8 11144.4 11144.5 11143 11142 11143.1 11143.6 11143.5 11141.9 11141.7 11141.5 11141 11139.8 11138.2 11135.6 11132.6 11130.3 11132.4 11134.3 11135.9 11137.1 11138.3 11138.6 11138.4 11140.6 11145.8
11253.2 11250.1 11243.9 11240.2 11236.3 11231.3 11227.4 11224.7 11221 11217.6 11215 11211.7 11208 11205.2 11204.2 11198.5 11194.2 11192.9 11190.4 11188.6 11186.9 11185.9 11185.4 11184.3 11179.3 11174.3 11170.1 11166.5 11162.9 11158.8 11155 11151.1 11147.6 11145.3 11143.1 11141.2 11140.8 11142.2 11143 11143.2 11143.1 11142.5 11141.6 11143.3 11144.8 11144.9 11144.9 11144.6 11144 11143.5 11142.8 11142.3 11141.9 11141 11139.5 11137.5 11134.8 11133 11134 11135.1 11136.2 11136.9 11138.1 11140.2 11139.7 11137.9 11143.9
11250.6 11246.6 11243.4 11239.9 11235.4 11231.6 11227.8 11224.7 11221.3 11218.2 11215.3 11212.8 11209.7 11207.8 11206.1 11201.5 11196.9 11194.6 11191.5 11189.1 11186.7 11184.9 11183.8 11182.5 11178 11173.1 11168.7 11164.6 11160.9 11157.7 11153.8 11151 11149.1 11145.9 11142.8 11140.5 11139.7 11140.1 11140.5 11141.7 11142.3 11142.1 11142.5 11144.9 11148 11148.9 11146.5 11146.1 11145.9 11144.7 11144.1 11143.7 11143.5 11143.1 11142.4 11141.4 11139.6 11137.8 11137.4 11137 11136.7 11136.5 11136.9 11139 11140.4 11139.5 11143.4
11246.8 11244.7 11242.1 11238.6 11234.4 11230.8 11226.3 11223.8 11221 11217 11214.7 11212.5 11210.5 11208.8 11206.7 11202.2 11198.4 11195.4 11191.8 11188.4 11185.7 11182.8 11180.1 11177.4 11174.3 11170.8 11166.7 11162.3 11158 11154.1 11151.3 11149.6 11148.3 11145.6 11142.2 11139.5 11138.7 11139.3 11140.5 11142.1 11143 11143 11143.3 11146.9 11150 11151.1 11150.8 11148.6 11146.3 11146.2 11145.7 11145.7 11145.8 11145.8 11146.1 11146.1 11146.4 11144.6 11141.7 11139.6 11137.9 11136.5 11135.1 11137.1 11138.9 11139.5 11144.1
11244.1 11242.5 11239.2 11235.7 11231.9 11228.5 11224.1 11221.4 11217 11215.1 11213.4 11211.6 11210.5 11208.3 11204.8 11201.9 11199.5 11195.5 11191.5 11187.7 11184.4 11180.5 11176.4 11172.6 11171.2 11168.9 11164.9 11160 11154.8 11149.7 11148 11147.5 11147 11145 11141.7 11138 11137.9 11139 11141.3 11143.1 11145 11147.3 11148.7 11150.5 11151.8 11152.7 11152.6 11150.4 11146.4 11145.7 11147.1 11147.9 11148.4 11148.7 11149.5 11150.2 11150.4 11148.7 11145.3 11142.3 11139.8 11137.8 11136.5 11139.1 11140 11143.1 11146
11242.5 11239.9 11236 11232 11228.4 11224.1 11220.9 11218.4 11215.7 11214.2 11213.3 11212.2 11210.7 11209 11205.2 11202.3 11199.5 11195.4 11191.1 11186.9 11182.9 11179.3 11175.4 11173.1 11171.9 11168.5 11163.8 11158.5 11152.8 11147.5 11145.8 11146 11145.8 11144.4 11141.9 11140.9 11138.3 11138.1 11139.1 11141.8 11146.8 11152.2 11155 11154.5 11154.6 11154.5 11154.8 11153.4 11149.6 11148.3 11149.8 11150.5 11151.2 11151.7 11152.3 11153.2 11154.5 11151.8 11148.3 11145.1 11142.3 11140.2 11139.6 11141.3 11141.9 11143.9 11147.6
11241.8 11237.7 11233 11228.7 11223.9 11220.6 11218.2 11217.1 11215.5 11214.1 11213.2 11212.1 11211.9 11212.4 11208.7 11203.3 11199.5 11194.9 11190.4 11186.1 11182 11178.8 11176.4 11177.6 11174.7 11168.8 11163.3 11157.7 11152.2 11147.4 11145.4 11145.5 11145.7 11144.7 11141.1 11138.1 11137.5 11137.1 11137.3 11140.3 11147.7 11155.2 11158.1 11156.8 11154.2 11155.3 11155.8 11155.8 11156.3 11154.4 11153.7 11153.8 11154.1 11154.4 11154.7 11155 11154.2 11153.2 11150.7 11147.8 11144.9 11142.3 11140.6 11142.5 11143.1 11143.7 11147.8
11241.3 11235.5 11229.9 11225.3 11221.7 11219.4 11217 11216.1 11214.7 11214.3 11213.2 11212 11211.8 11213.1 11209 11203.1 11198.7 11193.8 11189.2 11184.9 11180.8 11177.7 11175.2 11176 11173.1 11167.8 11162.5 11157.4 11152.6 11148.5 11146.2 11145.7 11145.1 11143.6 11140.7 11137.1 11137.3 11137 11137.3 11140.2 11147.4 11155.9 11158.8 11158.2 11157.7 11156.6 11155.9 11155.4 11157.3 11157.7 11157.1 11156.9 11157 11156.9 11156.8 11156.6 11156.8 11154.8 11152.8 11150.6 11148.1 11145.5 11143.4 11144.4 11144.8 11145.1 11147.7
11241.1 11233.8 11227.8 11223.1 11220.8 11218 11215.8 11214.9 11213.5 11212.2 11211 11209.8 11208.9 11209.6 11205.5 11200.7 11196.8 11192.3 11187.9 11183.6 11179.6 11176 11172.9 11170.4 11169 11165.7 11161.4 11157.1 11153.3 11150.4 11148.5 11146.6 11145.2 11144 11142.9 11141.5 11139 11137.8 11137.4 11139.2 11144.7 11151.7 11155.4 11157.1 11158 11157 11156.4 11156.9 11158.9 11159 11159.7 11159.8 11159.8 11159.4 11158.6 11157.5 11156.9 11156.2 11155.1 11153.6 11151.7 11149.9 11148.3 11147.9 11148.1 11148.8 11150.9
11237 11228.8 11222.8 11219.4 11216.7 11214.6 11213.5 11211.9 11211.5 11210.1 11208.6 11207 11205.1 11203.7 11200.4 11196.9 11194.2 11190.2 11186.2 11182.3 11178.4 11174.9 11171.9 11169 11166.7 11163.7 11160.2 11156.6 11153.4 11151.2 11149.6 11147.1 11145.6 11144.3 11144 11143 11140.6 11138.8 11137.8 11137.9 11140.7 11144.1 11149.1 11153.4 11156.1 11155.7 11156.1 11156.9 11160 11161.7 11162 11162.4 11162.5 11162 11160.8 11158.5 11157.2 11158 11157.8 11156.9 11155.7 11154.5 11153.6 11151.4 11151.9 11153.3 11155.7
11226.8 11220 11215.7 11214.1 11212.5 11211.3 11210.5 11210 11208.9 11207.7 11206.1 11203.7 11201.1 11198.8 11195.7 11192.3 11191.5 11188.2 11184.7 11181.2 11177.5 11173.9 11170.3 11167.6 11165.4 11162.4 11159.2 11155.9 11152.9 11150.2 11147.7 11146.8 11146.3 11145.5 11144.6 11143.4 11141.7 11140 11138.7 11138.2 11138.9 11140.1 11144 11147.5 11150.2 11152.4 11154.7 11158.6 11161.1 11161.9 11163.7 11164.8 11165.4 11165.4 11164.3 11161.6 11160.3 11161.3 11161.3 11160.5 11159.4 11158.6 11157.7 11155 11155.7 11157.5 11158.8
11209.7 11207.5 11207.6 11207.8 11208.1 11208.2 11208.6 11207.8 11206.9 11205.3 11203.8 11200.9 11198.3 11195.9 11192.2 11191.6 11189.2 11186.5 11183.5 11180.3 11177.1 11173.8 11170.8 11168.3 11164.8 11161.4 11158.4 11155.4 11152.4 11149.4 11146.4 11147 11147.7 11147.7 11146.4 11144.6 11143 11141.3 11139.8 11138.9 11138.9 11140 11141.1 11143.2 11145.7 11148.5 11151.3 11154.5 11157.8 11162.6 11165.1 11166.7 11168.1 11169.3 11170 11168.8 11167.4 11166.7 11165.3 11163.8 11162.6 11161.4 11160.2 11158.3 11159.2 11160.6 11160.9
11186.7 11193.3 11198.1 11201.5 11203.8 11205.5 11206.3 11206.1 11205.2 11204.2 11202 11198.7 11195.3 11192.2 11190.5 11189.6 11187.7 11185.3 11182.7 11179.9 11177 11174 11171.2 11167.5 11163.6 11160.5 11157.7 11155 11152.4 11150.2 11148.9 11148.9 11149.6 11150.4 11148.6 11146.2 11144.5 11142.8 11141.2 11139.4 11138 11138 11138.4 11139.7 11142.1 11145 11147.6 11149.5 11153.8 11160.9 11165.2 11167.5 11169.8 11172.7 11176.3 11180.1 11176.9 11172.1 11168.7 11166.4 11164.7 11162.9 11161.1 11160.9 11162.3 11163.9 11163.6
11166.8 11181.7 11191.2 11197.3 11201.4 11203.8 11205 11205.5 11204.6 11203.4 11201.3 11198 11194.1 11191.1 11191 11188.9 11187.1 11184.9 11182.4 11179.9 11177.2 11174.1 11168.5 11164 11161.7 11159.3 11156.8 11154.5 11152.4 11150.9 11150.7 11150.3 11150.6 11151.8 11149.5 11147.6 11146.1 11144.6 11143.4 11142 11139.1 11136.6 11136.7 11136.3 11139.5 11143 11145.9 11148.5 11153.8 11160 11164.6 11167.3 11170.1 11173.4 11178.4 11185.6 11180.6 11174.2 11170 11167.4 11165.7 11165 11163.8 11163.7 11165.2 11167.4 11170.6
11158.4 11177.5 11189.3 11196.7 11201.5 11204.1 11205.6 11205.6 11204.7 11203.6 11201.7 11199.2 11196.7 11194.6 11193.2 11189.4 11187.4 11185.1 11182.6 11180 11177.3 11175.2 11169 11162.8 11160.6 11158.5 11156.4 11154.2 11152.3 11150.6 11149.4 11148.9 11149.8 11151.4 11151.9 11148.9 11147.3 11146.2 11145.5 11145.1 11143 11139.3 11138.4 11137.7 11140.1 11143 11146 11149.7 11154.2 11159.6 11163.3 11166 11168.3 11170.9 11173.7 11175.4 11175.2 11171.9 11168.7 11166.5 11165.4 11165.9 11165.8 11166.1 11167.2 11168.6 11169.7
11166 11184 11194.4 11200.8 11204.7 11206.7 11208 11207.5 11206.4 11204.7 11202.9 11201.2 11201.1 11199 11196.7 11190.8 11188.4 11186 11183.3 11180.5 11177.3 11174.4 11168.8 11163.6 11160.8 11158.7 11156.6 11154.5 11152.5 11150.3 11148 11146.8 11147.8 11148.5 11149.1 11148.5 11147.8 11147.3 11147 11146.9 11145.8 11142.9 11141.9 11143.2 11142.6 11144.2 11146.8 11150.5 11157 11160.2 11162.4 11164 11165.5 11166.7 11167.2 11167 11168.4 11167.8 11166.1 11164.2 11163.1 11164.7 11168.4 11167.9 11168.2 11168.7 11168
11188.9 11199.1 11204.7 11208.3 11210.5 11211.3 11211.5 11210.6 11208.8 11206.4 11204 11201.9 11200.9 11199.6 11199.4 11192.3 11190 11187.4 11184.6 11181.3 11177.5 11173.6 11167.7 11164.1 11161.7 11159.5 11157.4 11155.2 11153.1 11150.9 11149 11147.7 11146.8 11145.8 11146.4 11147.2 11147.6 11147.7 11147.6 11147.5 11147 11145 11143.2 11142.6 11144 11145.8 11147.9 11151.1 11159.2 11160 11160.5 11161.6 11162.6 11163.1 11162.4 11161.9 11164 11164.5 11163.5 11161.5 11159.4 11159.9 11164.7 11167.1 11168.6 11169.8 11170.2
11219.5 11219 11218.2 11218.1 11217.6 11216.9 11216 11214.5 11211.9 11209 11205.4 11201.8 11198.7 11198.2 11198.3 11194.1 11192.1 11189.6 11186.6 11182.9 11178.5 11174 11169 11165.7 11163.4 11161.2 11159 11156.7 11154.4 11152.2 11150.6 11149.3 11146.8 11144.9 11144.9 11146.9 11147.8 11148 11147.8 11147.4 11148.1 11146.1 11144.2 11144 11145.5 11147.8 11150.1 11152.5 11156.1 11157 11157.6 11158.9 11160.3 11161.1 11161 11160.8 11162.9 11163.5 11162.6 11160.4 11157.3 11156.4 11161 11166 11169.5 11171.9 11173.8
11246.2 11237.5 11231.8 11228.5 11225.9 11223.9 11221.7 11219.2 11216.1 11212.6 11207.9 11202.9 11198.8 11197.9 11195.6 11197.2 11195.6 11193.2 11190.1 11186.1 11181.3 11176.1 11171.4 11168.8 11166.6 11164.2 11161.8 11159.1 11156.4 11153.8 11151.4 11149.3 11147 11146.3 11147.5 11148.3 11148.7 11148.8 11148.4 11147 11146 11145.5 11144.8 11145.3 11147.4 11150.1 11152.9 11154.5 11151.8 11152.8 11155 11156.7 11158.5 11160.6 11163.3 11164.4 11164.2 11164.4 11163.8 11162.1 11159.3 11160 11162.9 11167.7 11171.8 11174.8 11176.7
11260.8 11250.2 11242.6 11237.7 11234 11231.1 11228 11225 11221.4 11217.4 11212.2 11206.3 11201.8 11202.3 11202.5 11202.1 11200.7 11198.5 11195.4 11191.4 11186.5 11181.3 11176.5 11173.4 11170.9 11168.3 11165.6 11162.5 11159.2 11155.9 11152.3 11148.7 11147.2 11146.9 11148.1 11149.3 11150.3 11150.4 11150 11148.9 11146.7 11146.1 11145.1 11146.3 11149.5 11152.6 11154.7 11154.9 11153 11152.3 11153 11154.8 11157.3 11160 11162.6 11164.7 11165.8 11166.6 11167 11166.8 11166 11166.3 11168.5 11172.1 11175.8 11178.9 11181.1
11264.2 11256.7 11249.9 11244.9 11240.7 11237.1 11234.4 11231.3 11227.9 11223.7 11218.9 11212.9 11208.7 11209.8 11209.4 11208.8 11207.4 11205.1 11202.1 11198.3 11193.6 11188.5 11183.1 11179.5 11176.5 11173.4 11170.2 11166.7 11163.1 11159.2 11155.1 11151.2 11149.6 11148.6 11149.9 11151.6 11153.2 11153.2 11152.7 11152.6 11152.8 11151.4 11147.1 11148.7 11152.8 11156.2 11158.1 11157.5 11155.4 11153.4 11152.9 11154.1 11156.8 11159.7 11162.4 11165.2 11167.6 11169.5 11171.1 11172.9 11174.8 11174.2 11175.1 11177.8 11180.9 11184.1 11186.8
11262.9 11259.1 11254.4 11250.2 11246.7 11243.3 11240.4 11237.8 11235 11231.7 11228.1 11223.4 11220 11219.3 11218.3 11217 11215.1 11212.7 11209.8 11206.3 11202.3 11197.5 11191 11186.8 11183.1 11179.4 11175.7 11171.8 11167.7 11163.6 11159.7 11156.6 11155.4 11155.8 11157.4 11159 11157.8 11156.6 11155.3 11154.8 11157 11158.6 11155.9 11154.9 11157.1 11160.7 11164.2 11163.1 11159.3 11156.2 11153.6 11153.9 11157.3 11160.8 11163.4 11167.1 11170.1 11172.8 11175.3 11178.2 11181 11181.3 11182 11183.6 11186 11189.3 11193
11261.6 11259.8 11256.5 11253.6 11251 11248.3 11246.1 11244.2 11242.4 11240.3 11238.5 11236.5 11233.5 11229.4 11228.3 11226 11223.6 11221 11218.1 11214.8 11211.2 11207.2 11199.9 11195.1 11190.8 11186.7 11182.1 11177.8 11173.5 11169 11165.1 11162.3 11161.6 11163.8 11163.7 11163.4 11162.3 11160.2 11157.8 11155.8 11157.6 11160.4 11159.8 11158.8 11160.4 11163.6 11166.9 11165.7 11161.8 11158.2 11155.1 11154.7 11159.2 11163.7 11168 11170.5 11173.1 11175.8 11178.8 11181.8 11184.4 11186.5 11187.7 11188.5 11190.3 11193.3 11197.5
11261.6 11260.1 11257.6 11255.8 11254.2 11252.4 11250.5 11249.7 11249.2 11249.1 11248.9 11248.6 11245.7 11241.1 11237.7 11235.4 11232.6 11229.8 11226.9 11223.6 11219.2 11213.7 11208.2 11203.5 11198.6 11193.9 11189 11184.1 11179.6 11175.7 11171.6 11168 11166.4 11167.9 11169 11168.6 11166.9 11163.8 11160.4 11157.8 11158 11158 11156 11158.8 11161.5 11164.4 11165.7 11165.3 11162.5 11158.9 11158.2 11159.7 11161.8 11166.4 11171.7 11173.2 11175.4 11178.1 11181.3 11184.3 11187.1 11189.4 11190.5 11191.4 11192.9 11195.4 11198.8
11262 11260.1 11258.7 11257.9 11256.9 11255.4 11255.1 11255.3 11255.4 11256.6 11257.7 11258.6 11255.7 11251 11247.1 11244.4 11241.4 11238.7 11236.1 11233.1 11228.9 11221.7 11217.9 11212.7 11207.1 11201.3 11196 11191.5 11186.7 11182.5 11178.6 11175.7 11174 11173.1 11174.5 11175 11171.9 11166.6 11162.5 11160.3 11159.4 11159.8 11157.4 11158.5 11161.4 11164.9 11167.3 11165.5 11163 11161.6 11159.8 11159.7 11162.4 11166.3 11170.4 11173.3 11176.1 11179.2 11182.6 11185.9 11188.5 11190.7 11191.6 11192.7 11194.3 11196.4 11198.6
11260.6 11259.9 11259.6 11258.5 11258.5 11258.9 11259 11259.9 11261.1 11262.9 11264.4 11265.5 11262.6 11258.8 11255.4 11252.5 11249.6 11247.1 11244.9 11243.1 11242.1 11237.4 11229 11221.5 11214.7 11208.9 11203.1 11197.7 11193.2 11189 11185.2 11182.5 11180.2 11177.6 11177.7 11180.8 11173.2 11166.5 11162.5 11160.4 11158.9 11157.9 11155.8 11157.4 11160.3 11163.8 11166.6 11164.5 11161.9 11159.4 11158.8 11159.7 11161.6 11164.5 11168 11171.8 11175.4 11179 11182.8 11186.4 11188.3 11189.3 11190.9 11192.7 11194.7 11196.6 11198.2
11256.6 11256.7 11258.2 11258.9 11259.7 11260.4 11261.7 11263.4 11265.1 11267.5 11268.9 11269.2 11267.2 11264.7 11261.4 11258.8 11256.3 11253.9 11252.1 11250.7 11250.9 11246.5 11237.3 11229.1 11222.3 11215.8 11209.7 11204.2 11199.1 11194.7 11190.6 11187 11184 11180.2 11175.7 11169.7 11165.7 11163.2 11160.6 11158.4 11157.1 11155.7 11154.1 11155.9 11158.1 11160 11161.1 11161.1 11159.7 11158.3 11157.8 11158.3 11159.8 11162.6 11166 11169.9 11173.9 11177.9 11181.9 11185.6 11186.4 11186.7 11189.4 11192.2 11194.8 11197 11198.6
11251.7 11253.3 11255.1 11256.9 11259.7 11262.2 11264.1 11265.9 11268 11270.3 11272 11272.8 11270.9 11268.9 11266.2 11263.9 11261.5 11259.3 11257.4 11255.2 11252.6 11247.5 11242 11235 11228.4 11221.5 11215.2 11210 11204.8 11199.9 11195.3 11190.5 11185.1 11180.1 11173.6 11165.7 11161.2 11160.2 11158.8 11157.1 11155.5 11153.9 11153.7 11154.9 11156.2 11157.1 11157.5 11158 11157.5 11156.8 11156.3 11156.3 11157.4 11159.7 11163.5 11168 11172.3 11176.5 11180.1 11183.5 11185 11185.4 11188.6 11192.2 11195.5 11198.3 11200.1
