real_craters/C169-500m.grd
DSAA
258 258
-64.2775 64.2775
-64.2775 64.2775
10145.636930229 11948.754953349
[rows 90 to 119 of 258, columns 134 to 200 of 258]
11226.9 11234.9 11239.2 11227.7 11223.8 11239.4 11267.9 11300.1 11329.3 11352.9 11374.9 11391.4 11407.7 11415.8 11405.5 11383.6 11353.8 11321.9 11290.1 11257.4 11220 11182.4 11157.2 11095.4 11050.5 11041.7 11039.9 11043.2 11045.7 11047.5 11054.7 11065.7 11072 11073.4 11066.6 11071.3 11066.1 11066.8 11065 11061.6 11058.9 11055.1 11048.1 11040.5 11034 11034.2 11037.9 11042.5 11042.8 11036.5 11033.8 11025.6 11011.7 11002.7 10999.6 10999.1 10996.1 10989.7 10991.4 10996.5 11002 11002.4 11002.1 10999.2 11002.9 10998.3 10997.2
11210 11234.8 11257.8 11258.1 11274.1 11285.1 11307.5 11338.5 11375.9 11423.3 11458.8 11452.1 11448.8 11444.3 11435.8 11416.4 11394.1 11368 11337.9 11299.5 11253.5 11194.3 11150.7 11103.9 11069.8 11059.4 11056.4 11057.8 11062.9 11070.6 11080.5 11088 11086 11085.5 11088.2 11081.2 11076.9 11072 11070.7 11073.1 11073.9 11061.3 11050.7 11041.4 11035 11034.7 11039.1 11049.9 11056 11046.4 11043.4 11024 11001.7 10993.3 10993.8 10996.7 10995.4 10990.1 10991.5 10995.9 10998.2 10997.9 10998.3 10996.5 10996.6 10994.4 10995.3
11231.2 11231.3 11250 11273 11286.8 11318.7 11341.9 11371.5 11407.4 11453.1 11489.2 11478.1 11475 11468 11453.4 11444.8 11431.9 11410.8 11383 11350.4 11310.4 11259.3 11202.6 11146.4 11105.5 11086.6 11078.3 11076.8 11082 11095 11099 11098.7 11095.3 11092.1 11088.2 11081.7 11075.9 11071 11071.1 11074.1 11074 11063 11051.3 11040.9 11034.4 11034.4 11039.7 11059.6 11078.6 11081.9 11081.2 10999.2 10976.2 10977.5 10986.1 10996 10997.2 10992.4 10993.1 10994.6 10996.9 10999.9 10999.7 10996.8 10995.2 10993.8 10992.9
11292.8 11261.2 11256.6 11303.8 11340.5 11349.7 11367.2 11389.6 11416.1 11445.3 11462.7 11478.5 11490.2 11491.1 11480.8 11478.9 11471.8 11453.3 11426.9 11401.4 11372.8 11353.5 11287.6 11193.7 11143.3 11118 11103 11094.2 11093.4 11105.6 11104.7 11102 11099.4 11095.7 11088.1 11080.2 11069.1 11064.2 11067.1 11070.1 11068.4 11062.1 11051.4 11039.8 11031.6 11030.5 11035.4 11063.9 11090 11075.9 10902.6 10915.5 10937.2 10958.1 10976.7 10992.4 10999.9 10997.7 10996.4 10997.2 10997.9 10998.2 11000 10998.4 10996.3 10993.4 10991.8
11244.1 11278.1 11283.6 11314.6 11341.5 11364.2 11379.7 11395.5 11414.9 11433.1 11448.5 11474.7 11503.3 11520.3 11526 11531.5 11515.9 11492.6 11468 11442.3 11416.5 11379.2 11304.9 11210.2 11179.4 11156.4 11135.3 11114.2 11095.7 11085.6 11090.1 11099.5 11102.8 11100.6 11097.7 11087 11066.7 11058.7 11063.5 11068.5 11071 11064 11052.1 11039.1 11027.8 11029.4 11031.3 11062.6 11091.1 11041.7 10838.4 10877.7 10920.4 10948.4 10971.8 10989.5 10998.6 10998.1 10999.1 11000.4 11001.1 10999.7 10997.5 10998.1 10997.3 10995.4 10994.4
11245.2 11294.9 11328.7 11355.7 11366.3 11371.1 11374.9 11385 11400.3 11420.2 11441.3 11474.9 11511 11547 11586.4 11593.2 11558.6 11523.8 11494 11469.9 11448.1 11410.2 11335.3 11257.1 11232.6 11203.5 11172.1 11140.6 11105.9 11079.2 11099.4 11109.1 11109.1 11104 11095.8 11082.5 11068.1 11060.8 11062.2 11067 11071.6 11064.3 11053.4 11043.2 11033.7 11034.9 11032.1 11053.9 11087 11101.9 10946.4 10924.8 10935.8 10955.4 10974.5 10991.3 11003 11001.6 11002.4 11003.6 11005.3 11003.5 10998.4 10996.5 10997 10997.5 10997.5
11213.1 11287.6 11324.7 11356.6 11366.3 11355.5 11346.2 11349.1 11364.9 11395 11432.3 11472.9 11506.8 11545.9 11589.2 11604.6 11580.8 11548.1 11512.2 11477.7 11446.8 11425.1 11400.2 11371.1 11307.2 11257.4 11213.9 11175.7 11143.6 11127.7 11136 11130 11119.3 11108.2 11095.2 11081 11068.7 11060.6 11061.1 11063.9 11064.3 11060.3 11053.2 11046.5 11041.5 11033.1 11023.2 11036.3 11051.8 11060.6 11043.9 10983.7 10968 10969.3 10980.9 10994.4 11006.1 11005.8 11005.9 11006.2 11006.3 11003.5 10998 10996.9 10997.1 10998.2 11002
11298.4 11276.1 11353.9 11394 11348.8 11303.9 11286.7 11281.6 11299.1 11339 11409.3 11456.1 11468 11507.7 11558.4 11586 11581.5 11558.6 11523.2 11479.7 11423.3 11395.8 11423.6 11421.8 11367.8 11308.9 11256.1 11210.7 11181.9 11176.3 11170.6 11144.9 11126.9 11112.9 11098.6 11081.9 11071.5 11061.9 11061.1 11062.4 11061.6 11058 11051.9 11044.3 11036.8 11030.5 11025.3 11027.2 11029.2 11031.9 11029.8 11004 10987.4 10984 10989.5 10998.3 11009.3 11008.9 11008.8 11008.1 11005.7 11004.3 11002.2 11002.3 11003.2 11001.7 11000.3
11114.2 11137.6 11185 11289.8 11253.4 11204.6 11182.8 11173.8 11190.8 11231.1 11297.9 11350.4 11378.5 11437.4 11507.8 11553.3 11573.7 11564.7 11537.6 11496.5 11441.3 11411.3 11457.6 11461.9 11411.2 11351.7 11290.7 11237.6 11190.7 11165.2 11157.1 11141.5 11128.4 11117.8 11108.1 11098.4 11083.4 11067 11063.9 11064.1 11064.5 11061.7 11050.6 11042.1 11035.5 11032.4 11029.6 11025.1 11020 11021.4 11020.4 11011.2 10999.6 10996.2 10997.9 11002.9 11009 11011.6 11011.3 11010.5 11010.1 11008.6 11007.5 11006.1 11006.2 11005.2 11003.9
10878.7 10916.5 10950.1 11031.4 11061 11053.2 11048.5 11051.8 11065 11087.6 11116.6 11156.4 11239.9 11340.7 11450.2 11522.8 11571.8 11571.2 11553.1 11533 11507.9 11497 11512.3 11498.3 11447.5 11385.2 11318.4 11256 11208.3 11162.2 11136.5 11132.4 11128.1 11123 11118.7 11117.8 11099.1 11081.3 11071.8 11065.9 11062.5 11056.5 11045.5 11035.8 11029.2 11024 11019.8 11017.8 11015.8 11013.5 11015.1 11013.7 11009.5 11006.8 11007 11008.2 11009.3 11012.8 11012.1 11010.7 11011.5 11010.2 11008.4 11005.4 11006.1 11007 11008.4
10673.5 10709.8 10729.4 10783.7 10861.7 10880.8 10901.4 10915.5 10928 10937.4 10945.9 10979.7 11093 11231 11389.2 11556.9 11570.7 11555.3 11551.3 11558.1 11576.7 11577.2 11564 11529.9 11476.5 11414.9 11346.2 11272.4 11192.6 11144.5 11128.2 11130.8 11132 11128.4 11122.9 11113.7 11101.1 11089.1 11074.9 11064.6 11056.7 11048.4 11037.7 11028.1 11022.2 11018.3 11015.1 11012.1 11011.1 11008.9 11010.7 11014.7 11016.6 11015.3 11014.4 11012.9 11011.8 11014.8 11010.8 11007.3 11005.6 11008.4 11009.7 11008.4 11009.5 11008 11006.6
10518.4 10550.5 10576.8 10610.5 10686.1 10717.8 10755.1 10782 10799.2 10806.5 10807.3 10825.7 10958.1 11119.1 11277.6 11427.6 11481.7 11496.4 11517.2 11539.8 11568.5 11577.2 11578.6 11543.8 11495.5 11437 11376.2 11306.4 11222.2 11154 11141.7 11148.8 11148.5 11141 11129.5 11115.6 11100.4 11084.4 11071 11060.5 11051 11041.3 11031.2 11021.4 11017.4 11014.1 11011.3 11008.6 11007.7 11007.6 11009 11011.4 11013.1 11014.1 11015.4 11015.1 11015.1 11012.4 11007.5 11003.6 11001.5 11003.1 11008.2 11013.7 11014.7 11009 11006.9
10402.6 10429.7 10455.4 10481.3 10528.4 10588.8 10637.1 10673.3 10694.7 10712.2 10719.7 10732.8 10862.2 11008.6 11135.1 11246.2 11326.4 11392.3 11451.4 11496 11497.9 11524.1 11564.1 11542.5 11508.4 11464.9 11417.7 11365.7 11302.1 11215.3 11200 11194 11179.8 11160.9 11139.9 11119.5 11100.8 11082.9 11068.5 11057.2 11046.8 11036.5 11028 11022.7 11017.4 11012.4 11004.5 11007.8 11009.8 11007.5 11009.3 11011.5 11013.6 11015.2 11016.1 11016 11015.3 11013.6 11005.8 11001.9 11002.2 11007.4 11011.1 11014.8 11013.8 11008.9 11009.1
10326.2 10345 10342.4 10356.6 10433.1 10485.4 10538.9 10582.1 10615 10645.9 10683 10735.4 10827.3 10924 11004.9 11083.1 11166.1 11266 11367.7 11480.9 11543.3 11525.9 11511.1 11539.8 11519.6 11486.4 11455.2 11432.9 11407.6 11364.1 11303.2 11258.6 11220.4 11185.4 11152.3 11123 11097.9 11078 11066 11056.4 11046.8 11035.1 11028.1 11025.3 11021.6 11016.2 11010.5 11007.6 11007.5 11009 11010.4 11012.5 11014.8 11016.4 11017.3 11016.9 11014.2 11009.6 11005.5 11001.4 11003.5 11012.6 11014.3 11014.9 11010.5 11008 11010.7
10290.8 10303.4 10312.6 10322.5 10366.1 10412.8 10463.5 10512.2 10554.8 10603.1 10662.6 10744.3 10812.5 10846 10895.6 10950.5 11027.2 11131.6 11249.8 11378.2 11480.5 11566.7 11614.2 11560.9 11522.8 11489 11468.9 11474.3 11494.3 11467.5 11389.1 11320.3 11264.2 11214.1 11167.5 11124.3 11088.8 11072 11065 11061.4 11055.8 11044.4 11038 11035 11032.1 11025.3 11017.4 11012.8 11010.3 11010.2 11012.3 11014.2 11016.3 11018.2 11019.4 11019.4 11014.7 11007.2 11005.2 11004.5 11005.1 11009.5 11011.8 11012.5 11004.8 11009.9 11015.1
10270.4 10280.2 10292.6 10297.3 10325.8 10369.8 10413.3 10461.3 10511 10563.9 10628.6 10715.7 10771.9 10763.4 10783.9 10824.5 10887.8 10985.9 11098.8 11208.8 11293.6 11460.3 11566.6 11529.9 11496.4 11469.5 11451.9 11440.3 11464.4 11487.3 11425.1 11359 11296.8 11239.2 11183.7 11130 11083.9 11073.5 11072.8 11076.6 11077 11073.5 11069.5 11060.4 11048.7 11039.3 11031.4 11024.9 11016.8 11013.5 11014.4 11016.1 11018.5 11020.4 11021.8 11021.7 11016.3 11008.3 11005.1 11005.1 11003.9 11002.7 11008.2 11011.2 11011.9 11019.4 11021.2
10253.4 10261.8 10272.6 10276 10297.2 10331.1 10371 10414.8 10458.5 10503.3 10553.4 10611.1 10653.3 10657 10667.2 10698.6 10751.4 10838.7 10940.1 11038.3 11107.9 11275.1 11394.5 11429.1 11434.5 11430 11420.9 11403.3 11420.4 11450.4 11429.9 11379.7 11321.4 11262.8 11205.5 11150.1 11100.3 11097 11103.2 11105.3 11103.4 11105.1 11101.2 11077.8 11063.7 11053.5 11045.6 11039.6 11028.9 11019.1 11017.8 11019.3 11021.3 11023.3 11024.3 11023.8 11019.1 11013 11013.8 11011.4 11009.1 11007.2 11009.8 11010.3 11013.4 11023.4 11023.3
10238.6 10242.2 10246.5 10254.8 10272.8 10303.9 10338 10376.1 10413.9 10445.7 10471 10481.4 10486.1 10533.2 10557 10587.6 10624.5 10709.1 10799 10874.4 10954 11110.1 11237.2 11311.6 11355.6 11382.4 11396.7 11410.6 11440.1 11457.7 11440.3 11397.4 11343.6 11284 11230.7 11184.1 11153.8 11143.5 11147.9 11134.6 11122.1 11114 11098.6 11082.8 11073.6 11064.1 11056.3 11049.1 11030.3 11022.9 11022.7 11023.4 11025.1 11026.7 11027.6 11027.4 11023.2 11019.4 11020.9 11021.9 11020.2 11018.8 11016.5 11016.1 11012.9 11020 11022.9
10225.8 10227.8 10232.2 10237.5 10252.6 10279.5 10310.9 10343 10369.9 10392.9 10402.9 10400.8 10410.3 10445.1 10474.5 10505.2 10543.4 10616.9 10701.5 10770.2 10850.3 10984.7 11108.9 11206.9 11281.4 11339.7 11385.1 11422.6 11486.8 11495.1 11457.1 11410.9 11358 11304.8 11254.2 11212.1 11186.4 11167.1 11157.4 11143.2 11129.6 11116.7 11102 11089.8 11080.2 11070.6 11062.5 11052.8 11031.4 11028.1 11027.8 11028.3 11028.9 11029.8 11030.2 11028.1 11025.9 11023.1 11024.4 11029.5 11024.6 11022.5 11023 11023.5 11021.2 11022.8 11024.3
10215.3 10217.1 10221.6 10227.1 10239.8 10261.4 10287.7 10313.2 10335.9 10351.2 10357.3 10357.2 10362.3 10395.1 10421 10451.6 10487.5 10553.6 10643 10727.4 10781.4 10887.8 11009.4 11121.8 11217.8 11302.4 11378.4 11438.6 11492.2 11497.4 11462.2 11419.8 11370.5 11319.8 11270.7 11225.9 11184.6 11161.4 11154.4 11141.8 11130.5 11119.4 11111.5 11095.1 11083.6 11073 11063.7 11051.6 11042.9 11038.1 11035.6 11034.5 11033.4 11033.3 11033.4 11033 11028.1 11024.5 11023.2 11023.3 11025.1 11025.4 11026.3 11028.2 11026 11025.3 11027.3
10206.6 10209.4 10214.5 10220.5 10231.5 10247.9 10268.9 10290.4 10308.9 10322.7 10331.2 10337.3 10350.4 10373.8 10394.8 10421.7 10451 10507.2 10588.2 10674.3 10737.3 10817.3 10941.9 11059.4 11164.9 11264.9 11368.7 11470.6 11464.1 11480.5 11458 11418.4 11372.3 11322.8 11277.6 11234.1 11194.2 11167.7 11156.4 11142.2 11128.7 11117.5 11107.6 11092.4 11082.8 11073.8 11064.4 11055.2 11054.1 11047.4 11042.9 11040.3 11038.6 11037 11035.5 11033 11029.7 11025.8 11021.9 11022.5 11024 11026.2 11027.4 11027.3 11029.8 11031.4 11031.8
10199.3 10203.1 10208.5 10213.3 10219.5 10236.4 10254.2 10272.9 10288.6 10302.7 10314.6 10328 10347.8 10367.3 10383.4 10408.5 10439.4 10483 10532.8 10609 10704 10791.5 10907.4 11016.8 11117.7 11213.4 11310.9 11421.1 11516.9 11482.3 11445.1 11406.2 11365.6 11324.3 11283.1 11242.9 11205 11174.7 11157.5 11141.7 11124.6 11109.8 11094.8 11085.5 11080.5 11074.8 11067.5 11060.6 11055.8 11051.6 11048.4 11045.4 11042.6 11039.9 11037.4 11034.6 11031.6 11029.2 11030.2 11028.5 11027 11029.2 11032 11033.1 11033.3 11031.8 11033.2
10193.6 10200.1 10204.8 10208.1 10215.3 10228.4 10243.8 10259.7 10274.9 10289.1 10304 10320.3 10341.4 10362.2 10382.7 10403.5 10433.6 10467.8 10503.5 10574.5 10690.9 10803.5 10897.8 10990.4 11078.6 11160.8 11228.9 11313.5 11431.8 11437.7 11414.3 11384.2 11351.5 11318.3 11285 11251.3 11218.6 11186.2 11166.4 11140.9 11121.2 11104 11091.1 11086.7 11082.8 11078 11071.8 11063.3 11058.1 11054.9 11052.7 11049.8 11046.6 11042.7 11038.3 11035.4 11033.5 11031.4 11029.6 11029.8 11028.5 11033.6 11038.5 11039 11035.6 11032.2 11036.6
10187 10196.8 10200.7 10205.6 10210.9 10223.1 10236.1 10250.3 10265.1 10279.6 10295.9 10313 10332.3 10355.1 10379.4 10401.6 10433 10463.6 10486.8 10533.9 10678.8 10807.7 10892.5 10970.1 11047.3 11120.3 11188.8 11259.8 11328.4 11366.2 11366 11350.2 11329.7 11305.4 11282.2 11259.5 11237.7 11220.5 11183.4 11145.9 11122.9 11105.3 11096 11094.4 11087.6 11082.1 11077.5 11072.6 11065.4 11060 11056.2 11052.7 11049.5 11046.2 11042.3 11039.1 11036.8 11033.9 11031.2 11032.3 11034.2 11038.3 11044.8 11043.9 11039.9 11037.8 11042.2
10177.4 10186.1 10194 10200.2 10208.6 10220.3 10231.5 10244.5 10258.3 10273.5 10289.2 10305.4 10323 10346.3 10372.8 10399.6 10433.2 10465.6 10480.2 10509 10679.5 10804.9 10875.3 10947.9 11020.9 11088.8 11152.4 11227.6 11283.9 11308.3 11313.7 11309.5 11300 11288.3 11275.8 11263.7 11252.1 11231.5 11202.4 11159.2 11132 11112.1 11102.2 11098 11089.6 11084.8 11082.5 11074.5 11066.1 11063.4 11060 11056.3 11053 11050.4 11049 11045.1 11041.3 11038.3 11036.1 11036.9 11037.6 11040.3 11043.4 11043.3 11041.3 11042.6 11046.7
10168.2 10176.3 10188 10198.8 10207.1 10219.1 10229.9 10242.5 10255.7 10268.6 10282.6 10297.8 10314.2 10339.5 10365.3 10393.4 10428.8 10461.5 10470.5 10489.6 10626.7 10751 10837.5 10917.4 10993.3 11061.5 11118.6 11194.9 11243.7 11255.5 11264.2 11271.4 11272.9 11271.8 11269.3 11265 11259.6 11253.6 11225.1 11183.6 11148.8 11115.4 11100.6 11094.2 11088.6 11084.3 11083 11075.9 11072.1 11069.1 11063.6 11059.2 11055.6 11052.9 11050.8 11048.3 11046.1 11044.8 11044 11043.9 11041 11040.9 11040.1 11039.8 11039.1 11038.9 11046.1
10163.8 10173 10185.7 10197.8 10206.5 10218.3 10229.1 10240.6 10252.2 10264.3 10276.6 10289.7 10303.6 10324.2 10352.3 10382.2 10417.7 10454.4 10462.9 10482.7 10567.2 10690.2 10798.5 10889.6 10974 11045 11107.6 11141.5 11171.3 11192.9 11211.7 11228 11242.5 11249.8 11256.7 11259.9 11257.4 11247.4 11227.8 11200.2 11166.8 11134.5 11109.7 11096.5 11086.4 11081.2 11078.2 11080 11075.7 11070 11066.3 11061.6 11057.2 11053.8 11051.8 11050.3 11050.1 11051.2 11054.4 11055.4 11047.9 11042.8 11039 11037.9 11036.8 11036.2 11039.2
10166.1 10174.8 10187.8 10200 10208.3 10219 10232.2 10239.4 10250 10260 10270.6 10282.6 10294.9 10312.4 10337.7 10366.9 10397.7 10430 10460.4 10496.5 10578 10674.8 10781.9 10875.5 10956.7 11023.2 11072.6 11059.6 11086.6 11120.9 11151.7 11179.1 11202.8 11223.6 11238.7 11252.2 11257 11246.8 11231.4 11210.1 11179 11145.7 11117.1 11092.8 11083.6 11078.4 11076.2 11077.1 11074.9 11072.9 11068.5 11063.3 11057.9 11053.6 11051.6 11051.8 11053.2 11054.8 11056.5 11056 11051 11044 11039.5 11036.9 11035.9 11036.5 11040.3
10176.3 10183.4 10194.6 10205.1 10212.1 10221.7 10232.7 10239.6 10248 10257.2 10266.7 10277.3 10286.9 10303.5 10322.8 10344.8 10371.9 10404 10483.8 10526.1 10578.5 10679 10777.7 10866.9 10942.7 10994.9 11007.9 10982.9 11010.4 11056 11096.4 11132.5 11164.5 11196.5 11223.3 11248 11263.9 11271.3 11266.7 11232.6 11190.8 11155.6 11125.9 11102.2 11086.6 11077.6 11073.8 11073.6 11072.2 11072.5 11070 11064.5 11058.2 11052.4 11050.3 11053.1 11056.4 11058.3 11057.5 11054.5 11050.3 11044.3 11039.2 11037.2 11036 11036.4 11041
10195.2 10198.4 10205.7 10213.4 10218.3 10225.1 10234.5 10241 10248.6 10256.3 10264 10271.3 10280.9 10292.4 10306 10321.3 10339.6 10373.7 10427.7 10515 10618.3 10696.3 10784.1 10869.4 10942.1 10983.3 10980.7 10951.1 10970.6 11013.6 11056.6 11098 11137.2 11173.3 11207.2 11240.8 11267.9 11293.7 11306.8 11250.9 11198.1 11163 11137.6 11112.6 11092.7 11078.9 11069.4 11067.4 11068.4 11072.5 11072.3 11066.3 11059.1 11052.1 11050.8 11055.9 11060.8 11063.8 11061 11054.5 11049.6 11044.6 11041.1 11039.1 11037.8 11037.5 11040.9
