real_craters/C169-300m.grd
DSAA
430 430
-64.2775 64.2775
-64.2775 64.2775
10144.967454132 11944.121034245
[rows 60 to 89 of 430, columns 268 to 334 of 430]
10938.7 10937.1 10937.7 10936.6 10934.8 10936.7 10939.2 10941.1 10942.7 10943.9 10944.7 10946.8 10948.1 10948.5 10949.1 10950.6 10953.7 10956.3 10957.4 10957.1 10955.4 10953 10950.8 10948.7 10947.2 10946.1 10945.1 10944.1 10943.2 10942.3 10941.3 10941.3 10940 10938.4 10936.6 10934 10932 10929.7 10925.4 10921.7 10918.3 10915.2 10913.2 10912.8 10913.1 10913.9 10915.1 10917.3 10920.3 10915.1 10908.7 10907.2 10912.8 10919.5 10923.7 10937.5 10954 10972.8 10992.8 11013.8 11034.9 11055.5 11075.2 11091.2 11100.5 11107.5 11113.2
10942.2 10941.6 10948.1 10949.4 10947.2 10946.1 10945.9 10946.7 10947.9 10948.9 10950.4 10949.9 10949.7 10949.3 10949.1 10949.5 10951 10953.7 10956.8 10956.1 10953.2 10950.6 10948.6 10947.1 10945.8 10944.9 10944.1 10943.2 10942.5 10941.5 10940.4 10940.5 10938.9 10937 10935 10932.6 10930.1 10927.1 10924.1 10921 10918.2 10916.1 10914.7 10914.3 10914.8 10915.8 10917.1 10918.4 10916.8 10911.2 10905.9 10903.5 10907.1 10912.8 10923.4 10934.9 10949.8 10967.8 10987.4 11007.9 11028.5 11048.6 11067.4 11082.7 11092.5 11100.2 11106.4
10948.2 10947.4 10953.5 10956.5 10955.6 10955.1 10954.5 10954.3 10954.3 10954.2 10953.6 10953.1 10951.9 10950.1 10948.4 10947 10946.2 10947.9 10950.5 10950.3 10948 10946.8 10945.9 10945.1 10944.3 10943.5 10943.6 10943 10942.2 10941.2 10940.8 10939.5 10938 10935.8 10933.4 10930.9 10928.1 10925.2 10923.2 10920.7 10918.1 10916.2 10915.2 10915.2 10915.9 10917 10917.9 10917.6 10912.8 10906.6 10902.6 10901.3 10903.1 10908.2 10917.4 10929.1 10944.3 10962.3 10981.7 11002 11022 11041.1 11058 11072.6 11083.7 11092.2 11099
10957.2 10955.4 10958.2 10960 10960.9 10960.8 10963.8 10961.9 10960 10959.1 10958.2 10956.9 10954.3 10950.9 10947.6 10944.9 10943.2 10943.1 10942.4 10943.6 10943.4 10943.4 10943.2 10942.8 10942.6 10942.2 10940.9 10940.3 10939.6 10939.4 10938.5 10937.2 10936 10934.7 10932.6 10930.5 10927.9 10925.7 10923.8 10921.2 10918.3 10915.8 10915.2 10915.7 10916.6 10917.6 10918.3 10917.6 10911.5 10903.5 10899.9 10899.3 10901 10904.5 10910.6 10921.7 10938.2 10956.5 10976 10995.9 11015.6 11033.9 11050.4 11064.4 11075.5 11084.4 11091.4
10968.5 10970.7 10966.8 10962.5 10959.1 10959.8 10966.6 10964.7 10963 10962.9 10964 10961.7 10956.5 10951.5 10946.8 10942.7 10940.2 10941 10942.4 10942.9 10941.9 10940.9 10940.7 10940.4 10940.4 10940.4 10940 10939.4 10938.9 10938.1 10937.2 10936.9 10935.5 10934.2 10932.2 10930.6 10928.8 10927.6 10925.5 10922.3 10919.3 10916.8 10916.1 10916.3 10916.9 10917.6 10918 10917.2 10911 10901.6 10898.9 10898.8 10900 10903.1 10907.7 10917 10932.7 10951 10970.5 10990.4 11009.5 11028 11044.9 11058 11068.4 11077.1 11084
10975.9 10983.7 10970.3 10961.5 10955.6 10954.9 10958.6 10961.6 10962.4 10963.4 10964.7 10962.4 10956.9 10951.5 10946.4 10941.5 10938.4 10940.8 10944 10943.9 10940.1 10938.5 10938.5 10938.5 10939 10939 10938.8 10938.7 10938.1 10937.4 10937.3 10936.3 10934.7 10933.7 10932.4 10931.2 10929.9 10929.1 10926.9 10923.5 10920.4 10918.3 10917.1 10916.8 10916.9 10917.1 10917.1 10916.5 10911.8 10902.2 10898.5 10897.9 10899.9 10902.7 10906 10913.2 10928.6 10946.3 10965.4 10985.2 11004.3 11022.3 11038.1 11051.4 11061.8 11070.2 11077.1
10974.6 10974.9 10966.4 10959 10953.7 10952.4 10954.9 10958 10959.9 10961.1 10961.2 10959.2 10955.4 10951.2 10946.9 10942.6 10940.2 10942.4 10943.7 10942.1 10937.9 10936.3 10936.9 10937.4 10937.8 10937.9 10937.9 10937.7 10937.1 10936.9 10936.2 10935.3 10934.2 10933.3 10932.4 10931.5 10930.6 10930 10927.5 10924.1 10921 10918.8 10917.7 10917.1 10916.7 10916.1 10915.1 10913.3 10909.6 10905.4 10902.1 10900.6 10900.9 10902.2 10905.4 10912.8 10925.8 10942.5 10961.2 10980.7 10999.8 11018 11033.7 11045.9 11055.7 11063.8 11070.7
10970.9 10968.9 10964.2 10957.7 10953.5 10952.9 10954.9 10956 10957.5 10958.1 10957.4 10955.6 10953.5 10951.1 10948.3 10945.7 10944.3 10945.3 10944.6 10939.3 10936.7 10935.9 10936.9 10937.7 10938.2 10938.4 10938.2 10938.2 10937.6 10936.8 10936.2 10935.5 10934.2 10933.2 10932.2 10931.4 10930.3 10929.3 10927.1 10924.2 10921.5 10919.1 10918.2 10917.3 10916.3 10914.9 10913.1 10910.4 10906.9 10906 10905.4 10904 10903 10903.2 10905.5 10910.7 10923.1 10939.3 10957.5 10976.6 10995.8 11014.3 11030.2 11041 11049.9 11057.6 11064.3
10967 10964.8 10960.8 10955.9 10953.3 10952.4 10952.8 10954.4 10955.5 10955.7 10954.6 10952.7 10952.1 10951.1 10949.9 10949 10947.8 10946.8 10944.3 10939.8 10938 10937.8 10938.1 10938.7 10939.1 10939.2 10938.7 10938.7 10938.1 10937.3 10936.4 10935.5 10934.6 10933.4 10932.3 10931.1 10929.6 10927.9 10925.2 10924.1 10922.6 10920.8 10919.3 10917.8 10916.3 10914.4 10912.2 10909.5 10907.1 10906.3 10906.8 10906.7 10905.2 10904.1 10904.9 10909.7 10921 10936.4 10953.9 10972.5 10991.4 11009.9 11025.2 11035.2 11043.7 11051.2 11058
10965.3 10960.6 10956.3 10954.2 10953.2 10952.1 10952.2 10953.8 10954.8 10954.8 10953.9 10952.7 10952.1 10951.5 10951 10950.7 10948.7 10946.5 10943.7 10940.4 10939.7 10939.8 10940.1 10940.5 10940.8 10940.7 10940.4 10939.6 10938.6 10937.9 10936.8 10935.9 10934.8 10933.6 10932.3 10930.9 10929.1 10927.3 10924.9 10924.6 10924.3 10922.6 10920.5 10918.5 10916.2 10914.4 10912 10909.7 10907.8 10909.9 10914.2 10910.6 10907.7 10905.4 10905 10909.6 10919.4 10933.8 10950.5 10968.2 10986.4 11004.1 11018.6 11028.6 11037.1 11044.6 11051.7
10961.8 10958.3 10955.9 10955.7 10954.3 10953.2 10953.3 10954.4 10955.1 10955.2 10954.7 10953.8 10952.9 10951.9 10951.1 10950.5 10947.3 10943.8 10942.8 10942.5 10942.7 10942.2 10942.7 10943 10943 10942.7 10942.1 10941.2 10940.3 10939 10937.5 10936.4 10935.1 10933.9 10932.5 10931 10929.1 10927.4 10925.8 10925.5 10925.8 10923.9 10921.2 10918.9 10916.8 10914.8 10912.8 10910.9 10909.5 10911.4 10913.5 10911.9 10909.9 10908.6 10909.1 10910.8 10918.3 10931.8 10947.4 10964.1 10981.1 10996.7 11010.4 11021.3 11030.2 11037.8 11044.8
10960.2 10956.9 10956.1 10956.7 10956 10955.5 10955.6 10955.9 10956.4 10956.6 10956.3 10955.1 10954 10952.3 10950 10947.6 10944.4 10941 10943.4 10947.3 10948.2 10946.7 10946.6 10946.3 10946 10945.1 10944.1 10942.9 10941.4 10940 10938.6 10937.2 10935.8 10934.4 10932.8 10931.3 10929.4 10928 10926.9 10925.8 10924.7 10923.3 10921.5 10919.5 10917.9 10916 10914.4 10912.9 10911.6 10910.8 10910.6 10911.3 10911.1 10911.6 10914.1 10913.9 10918.7 10930.4 10944.7 10960.3 10976.2 10991.3 11004 11014.8 11023.7 11031.3 11037.9
10960.9 10958.7 10957.3 10957.2 10957.7 10957.8 10957.5 10957.5 10958 10958.6 10958.9 10958.3 10956.7 10953.3 10948.9 10944.8 10943 10942.5 10946.1 10952 10953.9 10952.5 10951.3 10949.9 10948.7 10947.2 10945.8 10944.2 10942.8 10941.3 10939.8 10938.2 10936.5 10934.7 10933.1 10931.5 10929.8 10928.3 10927.4 10926 10923.2 10922.7 10922.1 10920.9 10919.4 10917.8 10916 10915 10914.8 10912.7 10910.7 10911.2 10911.7 10912.2 10913 10913.7 10918 10929.4 10942.7 10957.1 10972.2 10987 10999 11009.3 11018.2 11026 11032.4
10962.6 10961.7 10959 10959 10960 10959.7 10958.5 10958.8 10959.5 10960.6 10961.8 10963 10961.3 10955.1 10948.8 10943.9 10943 10944.2 10947.6 10952.7 10955.6 10956.2 10955.4 10953.1 10951 10949 10947 10945.5 10943.8 10942.2 10940.7 10938.9 10937.1 10935.5 10933.7 10932.1 10930.5 10929.2 10928.3 10926.8 10923.7 10923.8 10923.8 10922.9 10921.3 10919.5 10917.5 10916.1 10915.2 10913.9 10912.2 10911.8 10911.8 10912 10912.2 10914.4 10920.2 10929.2 10941 10954.2 10967.9 10981.3 10993.5 11004.4 11013.8 11022.2 11029.4
10963.7 10963.3 10960.6 10961.2 10963.1 10963 10960.3 10960 10960.7 10962 10963.6 10964.9 10962.9 10956.2 10949 10944.4 10943.5 10944.6 10947.5 10950.6 10953.5 10957 10957.3 10954.9 10952.4 10950.3 10948.3 10946.3 10944.4 10942.5 10940.9 10939.4 10937.8 10936.2 10934.5 10933.1 10931.8 10930.8 10929.9 10928.6 10926.8 10927 10926.7 10925.5 10923.8 10921.6 10919 10916.6 10914.3 10911.5 10911.8 10912.3 10912.5 10912.7 10913.4 10915.7 10920.3 10928.9 10939.7 10952 10964.4 10976.7 10989 11000.4 11010.5 11020 11028.7
10963.5 10962.6 10961.8 10964.2 10965.2 10964.1 10961.2 10960.4 10961.1 10962.3 10963.7 10964.6 10963.1 10956.2 10948.9 10944.4 10944.1 10945.4 10947.3 10949.5 10951.9 10955.3 10956.2 10954.7 10952.9 10950.9 10948.9 10946.8 10944.9 10942.8 10941.2 10939.7 10938.1 10936.6 10935.3 10934.2 10933.3 10932.7 10932.2 10932.7 10932.1 10932 10930.6 10928.6 10926.2 10923.5 10920.5 10917.1 10913.2 10910.1 10912 10913.4 10913.5 10914 10915.4 10917.7 10921.4 10928.6 10938.7 10950.5 10962.2 10973.9 10986.1 10997.2 11007.9 11018.3 11028.7
10963.5 10962.4 10962.9 10966.7 10966.3 10963.8 10960 10960 10960.8 10961.7 10962.5 10962.7 10961 10954.9 10948.4 10944.8 10944.2 10945.4 10947.5 10949.6 10951.8 10953.5 10954.1 10954.1 10952.8 10951 10949.1 10947.3 10945.4 10943.7 10941.7 10940 10938.5 10937.4 10936.3 10935.4 10934.9 10935.1 10936.2 10941.7 10941.5 10938.2 10934.8 10931.7 10928.8 10925.8 10922.5 10918.7 10914.8 10912.1 10913.8 10914.8 10914.6 10915.1 10916.5 10918.3 10920.9 10927.7 10937.8 10949.6 10962 10973.8 10984.4 10995.2 11005.9 11016.7 11027.8
10965.4 10964.7 10965.5 10966.3 10965.3 10963 10960.3 10960 10960.3 10960.6 10960.5 10959.8 10957.5 10952.7 10947.6 10945.5 10945.1 10946.2 10948.5 10950.4 10952.2 10953.6 10954.4 10953.9 10952.6 10950.9 10949.2 10947.6 10946.1 10944.2 10942.5 10940.8 10939.5 10938.1 10937.1 10936.6 10936.5 10937.5 10940.3 10950.2 10948.5 10942.6 10937.8 10934.1 10931 10928.1 10925.2 10921.7 10917.7 10915.5 10915.3 10915.4 10915.3 10916 10917.1 10918.6 10920.8 10927 10937 10948.8 10961.6 10973.3 10982.9 10992.9 11003.3 11014 11025.3
10969.1 10968.9 10969.2 10968 10964.8 10962.8 10961.4 10960.5 10960 10959.5 10958.7 10957.1 10954.1 10950.7 10947.7 10947.5 10949.2 10949.9 10950.4 10951.5 10952.8 10953.8 10954.6 10953.8 10952.4 10950.9 10949.4 10947.9 10946.1 10944.4 10942.7 10941.8 10940.2 10938.9 10938 10937.5 10937.5 10938.6 10941.5 10948.8 10947.6 10942.8 10938.5 10935.1 10932.4 10930.3 10928.6 10927 10924.3 10920.3 10916.8 10915.8 10916.2 10916.9 10918.1 10920.1 10922 10927.3 10936.4 10947.4 10959.1 10970.3 10980.2 10990 11000.1 11010.3 11021
10973.7 10973.6 10972.9 10970.6 10966.6 10964.2 10962.5 10960.9 10959.7 10958.6 10957.4 10955.7 10953.3 10951 10948.8 10950 10952.5 10952.5 10952.1 10952.2 10952.6 10953.1 10953.6 10953 10952 10950.8 10949.7 10948.1 10946.7 10945.1 10943.7 10942.3 10940.8 10939.5 10938.6 10937.7 10937.3 10937.7 10939.2 10942.3 10942.2 10939.6 10936.8 10934.5 10932.7 10931.4 10931 10931.9 10931.4 10927.1 10920.6 10918 10917.9 10918.4 10919.1 10920.1 10922.3 10927.4 10936 10946 10956.1 10966.9 10977.1 10986.9 10996.5 11006.1 11015.2
10976.6 10976.8 10975.9 10973.7 10969.9 10966.3 10963.4 10961.2 10959.4 10958 10956.7 10955.4 10954.2 10953.1 10952.5 10952.5 10953.1 10953.5 10953.2 10952.6 10952 10951.8 10952.2 10951.8 10951.3 10950.8 10949.9 10948.7 10947.6 10946.1 10944.6 10943.3 10941.9 10940.3 10938.7 10937.4 10936.3 10935.5 10934.7 10934.5 10934.8 10934.5 10933.7 10932.8 10931.9 10931.2 10930.9 10931.5 10931.2 10928 10923.1 10920.7 10920.3 10920.5 10920.7 10921.3 10923.2 10927.6 10936.2 10946 10956.2 10965.4 10974.6 10983.8 10992.9 11002.1 11010.7
10979.1 10979 10977.6 10974.9 10972 10967.7 10964.2 10961.4 10958.9 10957.3 10956.2 10955.3 10954.8 10954.6 10954.9 10954.6 10954.5 10954.8 10954.3 10953.3 10952 10951 10950.5 10950.2 10950.6 10950.7 10950.2 10949.5 10948.4 10947.1 10945.6 10944 10942.2 10940.4 10938.7 10936.6 10934.9 10933.3 10931.2 10928.3 10928.3 10929.6 10930.2 10930.4 10930.2 10929.9 10929.4 10927.8 10928.2 10927.1 10925 10923.9 10923.4 10923 10923 10923.6 10925.3 10929.5 10936.8 10946.4 10956.9 10964.4 10972 10980.4 10989.3 10998.5 11007.6
10981.5 10979.8 10977.6 10974.6 10971.5 10967.7 10963.6 10960.2 10958.1 10956.6 10955.6 10955 10954.6 10954.2 10954.5 10956.6 10957.7 10957.1 10956 10954.5 10952.9 10951.5 10950 10949.9 10950.9 10951.2 10951 10950.2 10949.4 10948 10946.5 10944.8 10942.7 10940.8 10938.9 10936.6 10934.5 10932.3 10929.7 10927 10925.3 10926.3 10927.4 10928.2 10928.6 10928.6 10928.2 10927.9 10925.7 10925.2 10925.6 10926.5 10926 10925.6 10925.7 10926.1 10927.6 10930.8 10937.2 10945.2 10954 10961.1 10968.6 10976.8 10985.7 10995 11004.6
10981.3 10978.9 10977.2 10974.8 10971.5 10967.5 10963.1 10959.4 10957.4 10956.1 10955.3 10954.7 10954.3 10953.9 10954.7 10958.2 10960.7 10959.2 10957.8 10956.2 10954.2 10952.3 10951.9 10952 10952.7 10952.9 10952.5 10951.7 10950.6 10949.1 10947.1 10945.4 10943.4 10941.3 10939.2 10936.9 10934.6 10932.2 10929.4 10926.2 10924.1 10924.5 10925.7 10926.6 10927.3 10927.7 10927.3 10926 10925.6 10924.1 10923 10925.1 10927 10928 10928.9 10930.1 10931.6 10934.5 10937.7 10942.5 10949 10956.3 10964.3 10972.7 10981.8 10991.5 11001.6
10979.4 10979 10977.3 10975.8 10972.5 10967.4 10962.7 10958.8 10956.7 10955.6 10955 10954.8 10954.4 10953.3 10954.3 10958.3 10960.5 10960.4 10959.5 10958.3 10956.9 10955.5 10955.4 10955.3 10955.6 10955.2 10954.5 10953.3 10951.7 10950.1 10948.2 10946.6 10944.5 10942.3 10940 10937.6 10935.2 10932.6 10930.2 10926.7 10923.2 10923.7 10925 10926.1 10926.9 10927.4 10927.6 10926.9 10926 10924.9 10923.6 10926.9 10929.7 10930.2 10931.9 10935.3 10939.7 10938.4 10938.2 10939.1 10943.3 10951.5 10959.9 10968.6 10977.9 10988 10999.3
10975.2 10973.7 10976.4 10976.9 10972.3 10967.3 10962.4 10958.2 10956.1 10955.3 10955.1 10955.3 10955.7 10956.1 10956.9 10959.4 10961.1 10961.4 10961.1 10960.8 10960.5 10960.7 10960.1 10959.6 10959.2 10958 10956.7 10955.1 10953.2 10951.3 10949.3 10947.1 10945.1 10942.8 10940.5 10938 10935.6 10933.2 10930.7 10927.7 10924.3 10924.8 10925.7 10926.5 10927.1 10927.8 10928.8 10929.1 10926.9 10927.6 10928 10930.6 10930.9 10930.6 10932.7 10936.3 10939.4 10938.9 10938.3 10938.1 10941.3 10948.6 10956.5 10964.8 10973.7 10983.8 10996
10972.3 10971.1 10976.1 10980.3 10972.5 10967.7 10962.2 10957.7 10955.6 10955.2 10955.4 10956.1 10957.1 10958.3 10959.7 10961.2 10962.1 10962.5 10962.8 10963.1 10963.4 10963.7 10964 10964 10962.8 10961 10958.9 10956.9 10954.7 10952.4 10950.2 10947.9 10945.6 10943.2 10940.9 10938.4 10936.1 10934 10932.7 10931.8 10929.5 10928.1 10927.6 10927.5 10927.6 10928.1 10928.8 10928.8 10929 10932.6 10936.1 10933.9 10928.2 10929.2 10931.6 10934.1 10935.2 10936.9 10937.8 10939.1 10942.1 10947.5 10954.4 10961.8 10969.6 10978.3 10989.4
10971.4 10970.4 10976 10980.1 10977.2 10968.1 10961.8 10957.3 10955.4 10955.4 10956 10957 10958.2 10960 10961.4 10961.3 10962.5 10963.5 10964.3 10965.1 10965.9 10966.5 10967.2 10967.4 10966 10963.5 10961 10958.5 10955.9 10953.5 10951.1 10948.6 10946.2 10944 10941.5 10939.1 10936.8 10934.7 10933.9 10935.7 10936.7 10932.2 10929.6 10928.4 10928 10928 10928.6 10928.7 10930.7 10937.5 10944.7 10942.4 10929.1 10928.3 10930.8 10933.8 10936.1 10938.3 10939.4 10938.7 10941.8 10947 10953.3 10959.9 10966.4 10972.7 10980.4
10970 10970.7 10975.8 10977.5 10970.6 10965.3 10961.1 10957.5 10955.9 10956.1 10956.9 10958 10959.3 10961.2 10963.2 10963 10963.5 10964.6 10965.7 10966.7 10967.9 10969.2 10970.2 10970.4 10968.3 10965.4 10962.6 10959.8 10957.2 10954.7 10952.2 10949.7 10947.3 10944.8 10942.4 10940 10937.6 10935.3 10933.4 10935.4 10936.1 10932.3 10930 10928.9 10928.2 10927.9 10927.9 10929.4 10933.3 10940 10946.9 10945.9 10930.2 10928.1 10930.9 10934.8 10939.3 10940.1 10937.9 10938.2 10941.9 10947.2 10953.2 10959.3 10965.2 10970.5 10977
10970.1 10972.2 10976.5 10977.6 10970.1 10964.2 10960.7 10958.1 10957 10957.3 10958.2 10959.4 10960.7 10962.9 10965.2 10963.4 10964.6 10965.7 10966.7 10967.8 10969.1 10970.8 10971.7 10970.8 10968.9 10966.2 10963.4 10960.7 10958.1 10955.5 10953 10950.6 10948.2 10945.9 10943.5 10941.1 10938.7 10936.3 10934.8 10933.6 10931.7 10930.3 10929.7 10929.1 10928.6 10928.2 10927.9 10931.2 10935.4 10939.5 10943 10941.8 10929.7 10928.2 10931.1 10935.2 10939.4 10939.5 10936.1 10939.2 10943.2 10948.2 10954.2 10960.7 10967.1 10972.9 10979.6
