real_craters/C169-500m.grd
DSAA
258 258
-64.2775 64.2775
-64.2775 64.2775
10145.636930229 11948.754953349
[rows 90 to 119 of 258, columns 0 to 66 of 258]
11250.5 11230 11214.6 11211.7 11205.5 11198.7 11193.7 11190.3 11193.6 11195.8 11195.5 11195.7 11194.6 11192 11190 11186.8 11183.2 11179.9 11175.9 11172.2 11168.5 11167.7 11165.2 11156.5 11137.6 11127.3 11125.4 11137.8 11144.6 11138.4 11138.6 11137.9 11134.6 11130.7 11126.7 11123.1 11120 11119 11121.1 11121.2 11121.3 11121.7 11122 11121.5 11121.6 11121.8 11122.2 11122.9 11123.6 11118.3 11114.1 11110 11106.1 11102.3 11098.5 11095.6 11094.1 11092.5 11092.1 11092.6 11094.9 11097.4 11099.9 11101.3 11103.2 11105.9 11108.5
11264.4 11239.7 11215.7 11198.7 11197.5 11195.6 11193.2 11190.2 11193.8 11196.1 11195.9 11194.9 11193.2 11191.9 11189.9 11188 11185.9 11182.4 11178.2 11173 11168.6 11170.7 11175 11173.4 11151.7 11134.4 11131.9 11126.4 11142.8 11151.4 11147.1 11140.4 11133.9 11129.4 11125.3 11121.8 11119.6 11118.7 11120.2 11121.7 11122 11122.8 11123.6 11123.3 11123.1 11123.7 11123.9 11124.5 11123.9 11119.9 11115.6 11111.5 11107.3 11103.3 11099.2 11095.1 11095.5 11095 11094.4 11093.9 11094.7 11096.8 11099.4 11101.6 11104.9 11108.2 11111.3
11280.3 11258.3 11231 11205.4 11199.5 11197.8 11199.6 11202.6 11200.5 11199.1 11197.5 11195.9 11193.6 11191.4 11188.9 11188.4 11187.6 11184.2 11180.9 11176.3 11170.1 11176.4 11186.4 11185.6 11163.1 11141 11134.1 11134.2 11150.2 11164 11148.7 11139.5 11132.5 11127.8 11123.6 11120.3 11118.4 11117.3 11117.6 11119.8 11121.5 11122.9 11123.6 11124.2 11124.3 11124.2 11124.8 11123.4 11121.7 11120 11116.8 11113 11109 11105.1 11101.1 11098.8 11098.4 11098 11097.5 11096.5 11095.5 11096.5 11096.4 11102 11107 11111.4 11114.9
11285.7 11275.7 11252.6 11224.1 11210 11199.4 11202.8 11211.1 11206.8 11203.8 11201.1 11198.6 11196.8 11194.2 11190.1 11188.4 11187.7 11186.5 11185.3 11184.4 11183.9 11189.3 11198.1 11202.6 11169 11140.3 11133.3 11134 11134.8 11135.9 11135.8 11132.8 11129 11126 11122.6 11118.9 11116.6 11116.1 11115.9 11118.3 11121.1 11123.1 11124.4 11125 11125.4 11126.3 11126.1 11124.8 11122.7 11120.8 11117.7 11114.1 11110.2 11106.4 11103.3 11101.3 11101.6 11101.6 11101.6 11101.7 11102.8 11100.4 11099.9 11104.3 11109.8 11115.4 11119.3
11277.8 11271.8 11268.4 11252.6 11223.9 11202.2 11202.3 11208.6 11207.3 11203.7 11200.1 11196.9 11195 11192.6 11191.9 11190.4 11189.4 11189.7 11189.7 11192.4 11197.8 11201 11198.4 11193.6 11158.8 11131.2 11127.3 11124 11119.8 11117.7 11122.7 11126.2 11126.5 11125.2 11122.9 11119.5 11117.4 11116.9 11116.9 11119.1 11121.3 11123.4 11124.7 11125.7 11126.4 11126.7 11128 11128.5 11126.2 11122.5 11118.9 11115.2 11111.5 11108.1 11105.3 11104.6 11104.6 11104.9 11105.4 11105.9 11105.4 11103.8 11103.4 11106.6 11112.4 11119 11123.6
11262.2 11255 11264.9 11257.9 11234.3 11213.4 11210.3 11210.8 11206.9 11204.4 11200.5 11197.2 11193.7 11191.1 11188.9 11188.7 11187.7 11187.8 11189.4 11193.3 11201.6 11203.3 11181.9 11161.4 11141.6 11126.3 11126.2 11124.1 11118.6 11115.8 11119.2 11123.9 11125.7 11125.9 11124.9 11122.5 11120.3 11119.2 11118.2 11119.1 11121.4 11124.3 11125.4 11126 11126.8 11127.6 11129 11127.9 11126.9 11124 11120.4 11116.6 11112.8 11109.3 11106.1 11105.2 11106.3 11107.1 11108.5 11109.3 11108.2 11106.5 11105.6 11108.6 11113.7 11119.8 11124.8
11253.2 11248.5 11276.7 11267.8 11236.4 11224.7 11211.8 11210.1 11206.6 11203.4 11200.5 11197.6 11195 11191.1 11188.8 11187.2 11185.7 11185.8 11185.6 11185.9 11183.9 11174.1 11160.1 11142 11132.9 11128.6 11128.2 11130.5 11129 11123 11123.1 11126.2 11128.1 11128.1 11128 11128.3 11125.2 11122 11119.4 11118.3 11120.9 11123.6 11124.7 11125.7 11126.9 11129.1 11130.2 11130.6 11128.6 11125.7 11122.2 11118.3 11114.4 11110.2 11106.7 11104.2 11105.8 11108.5 11111.3 11113.4 11111.9 11109.9 11109.4 11110.9 11114.1 11117.7 11120.3
11255.1 11258.5 11284 11269.3 11231.4 11191.4 11200.9 11204.1 11201.8 11201.3 11199 11196.9 11194 11190.3 11187.9 11183.5 11181.5 11179.5 11178 11175.7 11170.4 11161.4 11148.3 11135.2 11129.1 11123.9 11123.4 11128.5 11130.9 11132.4 11133.5 11133.9 11133 11131.6 11130.2 11130.5 11127.3 11124.5 11122.2 11120.7 11120.9 11120.4 11123 11125.5 11127.5 11128.9 11131 11131.1 11129.8 11127.2 11124.2 11120.4 11116.3 11111.8 11108.3 11106.4 11106.7 11110.3 11113.8 11116.4 11114.8 11112.6 11111.5 11112.3 11114.5 11116.6 11117.8
11260.3 11267.6 11277.3 11265.7 11240.2 11222.2 11205.6 11200.7 11198.6 11198.6 11196.6 11195.2 11193.2 11191 11187 11184.4 11181.9 11177.3 11173 11168.2 11160.5 11150.7 11143.7 11136.9 11130.2 11125.2 11124.1 11125.9 11130.1 11139.8 11144.3 11143.5 11141.3 11137.4 11131.7 11125.5 11127.1 11126.8 11126.6 11129.9 11124.1 11119.7 11123.4 11126.7 11128.7 11130.8 11131.5 11131.9 11130.5 11128.4 11126 11122.9 11119.3 11114.7 11110.6 11108.5 11109.7 11113.9 11117.2 11117.5 11117 11114.6 11113.9 11114.5 11116.8 11118.6 11119.6
11265 11273.6 11289.2 11262.8 11235.3 11215.9 11208.5 11199.7 11198.2 11196.5 11194.5 11193.4 11190.8 11188.3 11185.6 11182.3 11178.8 11176.3 11169.2 11163.3 11155.1 11145.9 11141.8 11138.1 11133.9 11131.9 11129.4 11128.9 11135.1 11147 11153.1 11154.3 11151 11145.3 11138.4 11131.9 11130.2 11128.8 11128.2 11128.1 11127.1 11125.9 11127.5 11129.3 11130.7 11132.2 11132 11131.9 11131.6 11130.6 11128.8 11126.4 11123.4 11119.5 11114.8 11112.6 11114.2 11121.1 11126.5 11127.1 11124.3 11120.1 11119.6 11119.1 11121.9 11123.7 11126.2
11269.1 11273.8 11271.5 11253.2 11226.6 11208.6 11200.4 11198.7 11197.3 11195.2 11192.1 11190.4 11187.9 11188.1 11186.7 11183 11177.9 11172.8 11166.8 11159.8 11152.9 11146.4 11143.5 11141.6 11138.8 11135.1 11134.7 11138.9 11148.1 11162.4 11170.2 11166.7 11161.2 11154.2 11147.9 11142.3 11135.9 11131.9 11128.4 11125.8 11129.4 11133.1 11133.1 11132.9 11132.9 11133.1 11133.2 11133.4 11133.3 11132.7 11131.6 11130.2 11128.9 11127.1 11125.2 11124.2 11125.2 11133.2 11141.3 11143 11137.8 11134.5 11132.2 11131.5 11129.7 11129.5 11131.4
11264.8 11267.6 11263.4 11245.8 11224.3 11212.5 11206.6 11200 11197.6 11195 11191.7 11188.8 11186.6 11180.3 11177.7 11173.6 11169.4 11164.9 11160.8 11155.6 11150.6 11145.4 11144.6 11146.1 11147 11146.9 11147 11153.1 11163.3 11171.9 11178.5 11177.9 11171.2 11162.3 11152.1 11145.4 11140.1 11134.8 11129.7 11124.4 11131.6 11139.4 11137.3 11136.1 11135.6 11134.7 11134.1 11134.2 11134.7 11134.8 11134.6 11134.5 11134.9 11136.1 11138.2 11138 11141.1 11143.9 11150.1 11152.1 11148.7 11146.6 11142.3 11139.8 11135.1 11133.6 11133.4
11259.6 11261.6 11257.4 11241.3 11220 11209 11204.7 11200.5 11197.8 11194.7 11189.8 11186.4 11182.9 11180.9 11176.9 11172.7 11168.7 11164.1 11159.5 11154.8 11151.1 11146.9 11146.9 11151.1 11155.8 11161.8 11162.8 11161.3 11173 11181.9 11187.4 11187.1 11180.3 11171.2 11160.1 11151.6 11145.8 11139.9 11134.5 11130.7 11133 11138.2 11139.2 11138.5 11137.4 11136.9 11136 11136.3 11136.8 11136.8 11137.4 11138.5 11139.7 11142.6 11146.7 11145.5 11143.7 11146.3 11151 11153.3 11152.7 11150.5 11145.3 11138.9 11137 11137 11137.6
11260 11256.1 11251.2 11242.3 11229.4 11209.2 11200.9 11201.6 11200.1 11196.6 11193.9 11190.2 11185.9 11182.3 11176.7 11172 11167.5 11163.1 11158.7 11155.1 11152.2 11149.7 11151.3 11156.2 11161.2 11170 11172.1 11170.1 11181.4 11192.2 11195.8 11195.9 11188.4 11180.6 11174.6 11163.8 11153.3 11145.4 11140.1 11138.7 11139.9 11139.5 11140 11139.6 11139.2 11139 11140.1 11139.3 11138.8 11139.2 11139.7 11141.1 11142.9 11145.4 11147.3 11148.6 11148.3 11149.8 11152.4 11154.5 11154.6 11152.5 11147.7 11141.4 11140 11141.1 11142
11255.7 11256.7 11253.7 11246.7 11237.2 11231.1 11217.4 11209.4 11205.6 11201.9 11197.5 11193.7 11189.5 11184.9 11180.1 11174.7 11168.9 11164.3 11159.9 11156.6 11154.6 11155.6 11159.4 11159.6 11158.9 11159.4 11160.3 11166 11180.3 11198.4 11212.6 11203.6 11191.4 11183.6 11179.8 11168.4 11158 11150 11144.5 11141.5 11139.7 11141 11140.7 11140.1 11140 11139.5 11139.9 11140.2 11140 11140.5 11141 11142.6 11144.3 11147 11149.4 11151.9 11154.3 11155.4 11155.9 11157.1 11157.3 11156 11151.8 11146.2 11145.1 11147.2 11149.6
11262.7 11262.7 11258.4 11251 11239.9 11229.1 11222.8 11215.7 11210.2 11205.1 11200.2 11195.4 11189.9 11184.9 11180.5 11175.5 11170.5 11165.8 11161 11157.1 11155.7 11157.5 11164.5 11158.7 11153.6 11148.6 11147.6 11157.5 11174.5 11198.9 11199 11192 11188.4 11179.5 11170 11164.8 11158.6 11152.6 11147.3 11144 11142.9 11141 11140.3 11140.2 11139.9 11139.7 11139.4 11140.1 11140.7 11140.6 11141.6 11143.3 11145.7 11148.9 11151.6 11155.8 11159.2 11161.5 11160.1 11162.9 11161.7 11156 11149.2 11150 11150.7 11155.1 11159.7
11267 11269.5 11263 11258.3 11248.2 11231.6 11227.5 11222.6 11216.3 11210.2 11204.2 11196.8 11190.9 11185.7 11179.6 11174.3 11169.7 11165.3 11160.3 11156.6 11153.3 11150.1 11151.6 11155.3 11150.3 11142.3 11140.3 11145.9 11172.3 11203.5 11203.6 11195.5 11189.3 11177.8 11164.9 11162.2 11158.2 11153.3 11148.3 11143.6 11138.1 11140 11141.3 11141.5 11140.7 11140.8 11141.3 11140.9 11140.6 11140.9 11141.5 11142.8 11146.2 11151.9 11156.7 11160 11163.6 11165.3 11174.1 11173.9 11171 11165.8 11161.8 11159.8 11160 11164.5 11169.4
11244.5 11252.3 11259.1 11263.9 11260.3 11250.6 11238.9 11229.6 11221.4 11216 11208.7 11202.1 11195 11188.7 11182.6 11178.7 11173.9 11169 11166.1 11161.1 11156.3 11151.3 11157.9 11160.2 11154.1 11144.7 11141.6 11149.8 11176.4 11208.7 11215.2 11208.1 11196.2 11183.6 11172.6 11164.8 11160.1 11155.5 11151.1 11146.8 11142 11143.2 11144.5 11144 11142.6 11141.6 11140.9 11140.6 11140.3 11140.1 11139.7 11140.7 11143.7 11150.3 11156.9 11163.3 11171.5 11181.3 11188.3 11186.5 11182.8 11179.6 11177.4 11174.4 11173 11175 11177.7
11236.7 11234.2 11252.1 11268.2 11270.4 11261.6 11251 11239.5 11230.5 11221.7 11214 11205.9 11197.8 11193.2 11189 11182.9 11179 11173.9 11169.6 11166.1 11163 11157.6 11168.7 11172.4 11164.5 11156.3 11154.6 11165.9 11194.8 11220.9 11222.8 11215.7 11202.1 11188.3 11177 11167.7 11161.4 11157.2 11154.3 11152.8 11152 11151.4 11149.3 11147 11144.7 11142.4 11141.6 11140.8 11140.3 11139.4 11139.1 11138.7 11139.4 11141 11150.8 11164.3 11178.5 11191.9 11201.1 11196.4 11191.9 11190.2 11191.9 11187.6 11184.9 11185 11185.2
11236.6 11230.4 11247.8 11265.1 11273.2 11271.6 11258.6 11248.5 11241.4 11234 11224.4 11216.7 11209 11201.3 11194.8 11188.3 11182.5 11178 11174.1 11171.8 11173.9 11181.5 11190.4 11188.6 11174.4 11165.4 11166.6 11187.2 11211 11225.2 11220.2 11215 11200.8 11187.3 11176.1 11167.2 11161.1 11157.3 11155.6 11155.5 11158.4 11158.3 11154.1 11150.5 11146.7 11142.3 11142 11141.6 11141 11140.4 11139.6 11138.5 11137.5 11135.4 11147.5 11164.5 11182 11200.2 11207.1 11199.9 11194.4 11192 11194 11191.5 11195.1 11190.3 11190.1
11232.1 11229.8 11247.5 11263.2 11260.2 11259 11259.1 11254.3 11247.9 11239.5 11231.6 11223.2 11216.3 11208.3 11198.7 11190 11183.7 11178.6 11174.8 11173.1 11176.6 11186.8 11193.8 11189.9 11173.3 11169.2 11174.9 11203.7 11215.2 11214.9 11208.7 11199.5 11189.9 11179.6 11170.9 11164.2 11159.3 11156.2 11155.4 11156.7 11158 11158.5 11157 11154.4 11150.7 11146.7 11145.9 11144.1 11143.3 11142.5 11141.9 11141.5 11141.1 11141.1 11150.5 11164.4 11180 11196.5 11201.6 11196.1 11190.6 11185.2 11178.4 11178.7 11180.5 11184.6 11190
11231.7 11232.7 11249.1 11266.4 11255.9 11256.7 11262.5 11260 11254 11246.1 11238 11228.4 11218.5 11210 11201.5 11194.6 11186.7 11179.8 11174.4 11170.2 11169.2 11169.7 11169.5 11162.4 11160.5 11168.4 11187.6 11214.9 11219.3 11215.4 11203.4 11186.6 11175.6 11167.3 11163.1 11159.3 11155.9 11153.4 11152.8 11154.1 11156.6 11158.1 11159.6 11158.2 11155.7 11154.1 11151.7 11148.4 11146.7 11145.4 11145.2 11146.2 11148.5 11150.4 11155.8 11163.8 11172.8 11179.9 11186.5 11186.7 11183.1 11177.5 11170.2 11170.4 11173.1 11181 11188.7
11245.2 11240.1 11246.8 11261.9 11275.1 11276.1 11274.2 11269 11261.8 11253.3 11243.5 11233.7 11224.7 11214 11204.6 11194.8 11186.7 11178.6 11172.3 11166.1 11161.8 11158.7 11156.3 11156.4 11165.8 11184.4 11208.2 11225.4 11217.8 11209.3 11191 11170.5 11159.8 11161.7 11158 11154.9 11151.7 11149.2 11148.1 11149.2 11155.2 11162 11162 11161.2 11160.6 11159.2 11157.2 11153.2 11150.4 11148.7 11148.3 11149.9 11154.5 11158.7 11158 11160.7 11164.8 11170.7 11175.7 11177.7 11176.1 11173 11171 11172.8 11178.9 11184.9 11189.6
11260.2 11245.1 11240.5 11256.2 11291.7 11293 11285.6 11276 11268.4 11259.1 11249 11238.9 11228.2 11217.2 11206.1 11194.5 11185.2 11176.3 11169 11162.2 11157.8 11153.8 11151.7 11157.4 11183.8 11208.3 11224.1 11219.8 11205.3 11184.3 11172.2 11154.5 11148.7 11154.1 11153.4 11150.8 11147.7 11144.6 11142.2 11142.8 11149.9 11159.3 11160.1 11161.8 11164.2 11165.2 11161 11156.3 11152.6 11149.9 11148.9 11149.9 11153.5 11156.8 11154.6 11155.4 11156.8 11161.3 11170.2 11171.6 11170.4 11169.3 11169.8 11172.9 11178.7 11184.1 11188.3
11264.3 11243.8 11235 11255.5 11296.9 11298.9 11290.7 11280.5 11270.5 11260.7 11249.5 11239 11228.9 11218 11206.6 11195.4 11183.9 11173.9 11167.1 11158.8 11154.3 11151.5 11149.7 11156 11192.7 11223 11233 11215 11196.1 11176.1 11161.7 11150.3 11147.4 11150.9 11150.4 11148.3 11145.1 11140.8 11136.6 11135.8 11141.7 11147.6 11153.2 11158.7 11164.8 11166.7 11162 11156.8 11152.8 11149.9 11147.7 11146.6 11144.9 11145.9 11147.8 11149.4 11149.5 11153.6 11165.9 11164.8 11164.8 11165 11166.2 11168.6 11173.9 11178.9 11183.5
11247.2 11238.2 11234.1 11257.5 11294.9 11295.5 11288.6 11278.9 11268 11260.1 11249.3 11238.4 11228.4 11217.6 11206.2 11193.7 11182.9 11173.2 11164.1 11154.6 11149.4 11150.6 11152.7 11160.6 11198.3 11225.4 11228.7 11207.8 11191.5 11180.3 11165.9 11151.8 11144.8 11147.5 11149 11147.5 11144.1 11139.6 11134.1 11132.1 11136 11140 11144.9 11151.8 11159.5 11163.3 11158.6 11155 11151.9 11148.9 11145.8 11143 11140 11140.1 11142.3 11144.5 11145.8 11148.4 11152.3 11156.7 11158.8 11160.2 11162.2 11165.8 11168.8 11173.1 11177.6
11240.5 11238.6 11239.7 11259.1 11283.1 11286.9 11283.2 11276 11266.9 11257.1 11244.9 11235.6 11223.3 11211.5 11200.5 11189.4 11178.6 11168.3 11158.8 11150.9 11149.1 11154.5 11162.1 11172.3 11200.7 11219.5 11216.8 11198.5 11185.9 11181 11168.4 11155.4 11152 11152 11149.8 11147.9 11144.9 11141.2 11137.1 11134.9 11134.8 11133.9 11137.8 11143.3 11145.5 11149 11151.6 11151 11149.2 11146.7 11143.6 11140.3 11137.8 11137.6 11139.4 11141.2 11142.7 11145.1 11148.5 11151.1 11153.2 11155.2 11156.8 11158.4 11162.8 11168.6 11171.1
11235 11247.6 11263.2 11265.6 11271.8 11277.8 11276.3 11271.5 11262.4 11252.2 11243 11231.7 11218.4 11206.4 11194.4 11185.2 11174.6 11165 11155.9 11148.8 11149.4 11160.8 11176.5 11194 11211.8 11212.6 11203.7 11189.1 11177.6 11171.3 11163 11154.3 11150.7 11153.3 11151.4 11149.4 11147 11144.6 11142.7 11140 11137.5 11135.5 11137.4 11140 11139.6 11142.4 11146 11146.9 11146.1 11144.4 11142.1 11138.9 11135.4 11135.8 11137.3 11138.6 11140.2 11141.4 11143.5 11145.5 11147.9 11150.8 11153.1 11154.1 11157.4 11158.4 11162.3
11238 11255.3 11280.3 11274.1 11269.9 11270.1 11267.7 11263.5 11254.4 11245 11234.8 11222.9 11209.8 11200 11190.5 11181.8 11173.7 11165.1 11157 11149.2 11149.4 11167.6 11190.5 11214.9 11224.9 11208.9 11194.2 11177.5 11164.9 11161.5 11157.3 11152.7 11152.8 11152.7 11151.6 11150.4 11148.9 11147.7 11147.4 11144.6 11142 11140.8 11141.1 11142 11142.7 11142.8 11143.7 11144 11143.5 11142.4 11140.8 11139.5 11137.3 11136.5 11136.1 11135.9 11136.1 11136.2 11136.7 11139 11142.9 11147.7 11152.3 11156.5 11158.6 11157.6 11158.7
11245.8 11252.4 11261.5 11266.5 11265.8 11262.5 11259.3 11255 11242.9 11233.6 11225.5 11216.6 11206.2 11199.2 11188.8 11182.2 11175.8 11169.2 11162.3 11155.1 11154.9 11175.5 11198.3 11221 11225.2 11208.5 11188.3 11169.4 11156.3 11152.9 11150.3 11151.1 11151.8 11151.7 11151.2 11150.5 11150.1 11149.5 11148.6 11147.4 11145.9 11145.3 11145.3 11144.8 11145 11143.3 11142.2 11141.7 11141.3 11140.7 11140.1 11140 11141.9 11137.1 11134.8 11133.3 11131.4 11130.8 11129.7 11131.8 11138.4 11145.4 11152.5 11159.8 11163 11162.9 11162.2
