real_craters/C169-300m.grd
DSAA
430 430
-64.2775 64.2775
-64.2775 64.2775
10144.967454132 11944.121034245
[rows 180 to 209 of 430, columns 134 to 200 of 430]
11245.4 11252.2 11258.8 11264.5 11271.9 11280.4 11283.7 11282.1 11277.5 11269.3 11262.8 11254.5 11264 11294.1 11327.9 11357.2 11384.4 11410.3 11435.1 11460.4 11486.7 11507.5 11518.2 11522.6 11516.8 11495.3 11439.9 11352 11255.2 11198.7 11171.8 11151.3 11134.9 11120.1 11103 11085.5 11065.7 11045 11026.3 11024.3 11084.7 11074.7 11017.4 10953.7 10891.3 10829.5 10768.5 10708.6 10650.4 10595.9 10546.1 10499.7 10469.7 10462.1 10457 10453.9 10452.5 10452.3 10452 10453 10451.2 10447.5 10441.3 10446.9 10451.6 10435.7 10397.5
11263 11271.4 11281.2 11292.1 11302.6 11305.8 11302.8 11295.8 11287.5 11277.6 11271.1 11266 11279.1 11306.2 11334.5 11364.2 11392.8 11420.8 11448.3 11475.4 11503.4 11523.9 11528 11529.3 11522.7 11495.8 11417.2 11319.7 11228 11176.7 11150.7 11133.8 11123.3 11115.5 11106.4 11097.6 11089.4 11082.6 11081.5 11088.6 11106.7 11072.7 11009.5 10941.6 10873.3 10805 10737.8 10671.9 10607.7 10546.7 10489.2 10447.8 10449.6 10440.2 10433.6 10429.8 10428 10426.8 10424.9 10422.9 10420 10417.6 10414.2 10412.7 10408.2 10393.2 10367.4
11279.8 11289.7 11302.3 11317.7 11335.7 11334.6 11321.9 11308.9 11295.5 11286.7 11281.7 11282.1 11295.5 11318.8 11344.5 11373.9 11402.7 11431.2 11459.1 11484 11505.3 11520.5 11527.2 11528.7 11521.4 11492.9 11401.3 11293.8 11212.3 11160.8 11135.1 11120.8 11114.7 11113.1 11111.2 11110.9 11112.2 11116 11123.2 11117.1 11092.7 11047.9 10987.1 10918.8 10848.6 10777.3 10706.4 10636.7 10568.9 10504.4 10447 10414.1 10421.6 10415.6 10409.3 10406.2 10404.2 10402.1 10399.5 10395.7 10391.2 10387.7 10385.3 10376.4 10365.3 10354.1 10337.7
11293.4 11304.3 11317.7 11333.6 11351.8 11352.5 11334.3 11318.3 11303.5 11293.9 11288.9 11291.3 11305.3 11328.5 11354.5 11384.4 11414.8 11442.5 11469.2 11490.2 11503.8 11509.5 11520.2 11519.9 11508.7 11480.3 11383.8 11267.4 11182.5 11140 11118.7 11107.8 11106 11109.6 11113.9 11120.7 11128.4 11136.5 11141.1 11113.4 11062.6 11013.8 10955.8 10889.3 10819.5 10747 10674.8 10603.7 10534.9 10470.8 10415.8 10386.2 10384.2 10384 10383.5 10382.8 10381.5 10379.2 10374.3 10369.1 10363 10358.2 10353.6 10340.8 10327.1 10324.2 10316.9
11304.3 11315.3 11327.6 11343 11353 11352 11337.8 11323.6 11309.3 11299.5 11292.4 11290 11307.3 11331 11363.2 11394.3 11425.5 11453.9 11479.8 11499.3 11510.6 11513.7 11516.9 11507.5 11483.3 11436.8 11341.5 11227.5 11152.2 11116.3 11101.4 11094.7 11096.6 11107.8 11114.9 11126.1 11138.3 11146.5 11141.6 11096.5 11034.6 10982 10923.6 10857.8 10788.3 10716.4 10644.4 10573.8 10505.7 10443.8 10391.4 10363.7 10357.4 10357.5 10360 10360.7 10359.5 10357 10352.8 10346.6 10337.1 10326.2 10320.1 10313.6 10305.8 10310.5 10312.8
11313.3 11323.3 11333.7 11346.5 11351.2 11343.3 11336.1 11323.8 11314 11305.2 11295.7 11292.4 11311.6 11339.2 11373.4 11406.3 11438.7 11467.7 11493.7 11513.8 11525.9 11528.7 11520.8 11497.4 11456.6 11391.7 11294.5 11183 11120.2 11093.3 11082.6 11082.5 11088.9 11103.6 11116.7 11128.8 11141.3 11147.1 11145.3 11085.7 11014.5 10955.6 10893.3 10826.2 10757.2 10686.4 10615.7 10546.6 10480.4 10421.6 10373 10348.5 10342.5 10341.8 10342.4 10342.5 10341.7 10339.2 10334.3 10328.3 10319.9 10309.2 10303.2 10300.3 10299.8 10307.5 10319.6
11320.7 11329.2 11337.8 11348.8 11352.3 11344.1 11335.9 11326.4 11319 11312 11304.3 11303.4 11322.3 11350.7 11386.2 11420.4 11453.9 11484.2 11511 11532.5 11545.7 11547.7 11531.3 11494.5 11439.6 11364.4 11266.1 11155.5 11098.9 11073.3 11065.8 11069.7 11080.2 11096.1 11114.1 11128 11137.7 11136.5 11113.2 11068.9 11003.3 10932 10863 10794.5 10725.3 10656.2 10587.6 10521.2 10457.5 10402.4 10358.5 10337.7 10332.5 10331.3 10330.3 10328.9 10326.9 10324 10320 10315 10309.1 10302.8 10298.4 10294.9 10294.3 10301.8 10317.7
11325.6 11333.4 11344.3 11350.8 11353.7 11346.7 11338 11330.8 11325.5 11319.4 11312.3 11314.3 11335 11364 11398.6 11435.9 11470.1 11501.4 11528.8 11551.9 11566.6 11567.6 11546.1 11498.8 11433.1 11350.4 11251.7 11138.9 11081.3 11054.6 11049.1 11057 11071 11090 11108.1 11124.6 11132.8 11128.5 11100.6 11046.8 10978.5 10901 10829.1 10760.1 10692.2 10625.4 10560 10495.2 10437.2 10386.5 10346.6 10329.6 10326.3 10326.6 10322 10318.7 10315.5 10311.9 10308.3 10304.4 10301 10298 10294.4 10290.5 10287 10287.5 10286.8
11327.1 11336.1 11346.9 11353.1 11354.8 11348.3 11342.7 11338.6 11335.1 11328.8 11319 11323 11348.3 11378.7 11412.2 11449.8 11484.7 11517 11547 11572.5 11588.9 11591.9 11567.4 11509.6 11433.4 11343.8 11246.4 11139.4 11057.8 11033.9 11032 11042.4 11060.8 11082.1 11101.7 11118 11127.6 11122.2 11085.2 11004.4 10930 10858.8 10789.9 10723.9 10658.7 10595.2 10533.6 10473.7 10420 10373.7 10338.8 10323.4 10320.9 10320.3 10315.3 10310.6 10306.4 10302.2 10298.2 10294.7 10292.1 10290.3 10287.1 10283.9 10278.1 10272.5 10265
11326.4 11337.7 11349.3 11357.8 11360.9 11356.5 11354.7 11351.9 11348.9 11343.8 11334.7 11339.8 11363.9 11393.8 11427.1 11460.7 11496.1 11529.8 11563.8 11591.1 11609.6 11614.8 11590 11523.6 11437.8 11339.9 11237.1 11138 11036.8 11015.4 11017.2 11030.6 11050.8 11073.3 11092.9 11109.9 11117.5 11111.7 11061 10958.6 10880.4 10813.9 10750.1 10688.6 10627.4 10567.9 10510.4 10455.5 10405.7 10363.2 10332.3 10317.8 10315.6 10314.5 10308.8 10303.1 10298.1 10293.4 10288.9 10284.7 10281.3 10278.8 10276.1 10272.6 10267 10261.1 10254.7
11325 11340.2 11354 11366.4 11375.3 11380.2 11378.7 11370.8 11366.3 11363.7 11361.9 11363.9 11381.2 11407.3 11438.9 11473.5 11510.4 11543.7 11578.9 11605 11623.6 11631 11611.9 11534.8 11442.9 11340.1 11233.4 11133.5 11024.2 11003.3 11006.6 11021.3 11040.5 11065 11083.5 11096.4 11100.9 11089.2 11022.5 10911.5 10833.9 10771.2 10711.9 10655.4 10598.6 10543.3 10490.4 10439.8 10393.8 10354.6 10326.4 10312.8 10309.2 10308 10302 10295.5 10290.1 10285 10280.1 10275 10270.2 10267 10264.5 10260.6 10256.6 10252.1 10247.4
11326.4 11342.8 11359.3 11375.6 11390.2 11401.9 11400.3 11389.2 11381.6 11378 11379.3 11380.2 11394.9 11418.5 11450 11483.5 11518.4 11552.9 11584 11611.5 11627.1 11629.4 11606.6 11535.7 11447.5 11344.3 11240.1 11140.4 11023.8 11000.5 11004.3 11019.3 11036.8 11055.5 11071 11078.9 11076.9 11057 10976.1 10865 10791.7 10732.5 10677.1 10625 10572.3 10521 10471.9 10425.8 10383.8 10348.2 10322.5 10308.3 10303.4 10300.3 10294.3 10288 10282.5 10277.5 10272.4 10266.8 10261 10257.8 10255.8 10252.5 10248.9 10245.2 10241.5
11327.2 11345.3 11363.4 11382.2 11400.8 11416.8 11417.2 11403.5 11390.5 11380.3 11377 11383.1 11402.4 11427.2 11457.9 11491.1 11524.5 11557.2 11586 11609.1 11624.6 11618.4 11583.5 11531.3 11454.9 11356.9 11253.7 11153.6 11034.9 11008.9 11010.6 11021.5 11035.3 11050.4 11058.7 11060.9 11049.9 11016.3 10928.2 10823 10755.5 10699.3 10646.5 10596.8 10547.6 10499.9 10456 10413.8 10376.3 10343.2 10319.4 10304.8 10297.8 10293.1 10287 10280.8 10275.6 10271.2 10266.8 10261.8 10256.4 10253.5 10251.1 10247 10243.3 10240.5 10237.7
11327.1 11345.7 11365 11384.5 11405 11425.5 11433.8 11410.4 11392.4 11378.3 11369.1 11381.2 11404.9 11431.4 11459.9 11492.5 11523.1 11555.2 11584.3 11607.1 11620 11615.8 11588.4 11540.9 11470.2 11376.3 11275.2 11167.6 11060.3 11029.9 11025.5 11030.7 11040.5 11048.1 11049.6 11042.5 11022.4 10979.7 10888.3 10794 10726.9 10672.5 10622 10574 10527.4 10482.8 10440.8 10402.3 10369.7 10341.3 10317.3 10300.8 10291.6 10286 10279.9 10273.8 10269.4 10265.9 10262.8 10259.8 10256.6 10253.4 10250 10245 10240.2 10238.3 10237
11324.5 11343 11363.7 11381.3 11400.2 11415 11419.7 11403.5 11388.7 11377.2 11370.5 11384.4 11408.5 11433.2 11461.4 11492 11519.7 11547.5 11576.2 11597.4 11614.7 11619.6 11612.9 11565.7 11491.8 11399.2 11298.2 11183 11099.4 11060.3 11047 11045.2 11048.7 11050.1 11045 11029.1 10999.2 10946.2 10851.9 10765 10702.5 10650.3 10601.4 10554.4 10509.7 10467.2 10426.9 10390.8 10360.7 10337.1 10312.7 10295.3 10285.1 10278.6 10272.3 10267.2 10263.9 10261.6 10259.8 10258.8 10258.9 10254.7 10251 10245.1 10240.3 10238.7 10236.8
11320.2 11338.6 11357.4 11374.7 11390 11398.5 11396 11392.3 11384.4 11377.5 11377.1 11393 11415.5 11440 11461.8 11484.9 11513 11535.6 11558.4 11579.4 11601.8 11614.4 11613.1 11577.7 11511.6 11423.8 11319.2 11203.8 11134.4 11090.7 11071.4 11064.4 11061 11057.2 11046.8 11024.3 10983.6 10917.2 10823.9 10743 10684 10632.8 10584.6 10538.8 10494.6 10453.7 10414.4 10378.7 10347.6 10322.8 10302 10287.5 10278.2 10271.9 10266.2 10261.8 10259.5 10257.9 10256.8 10256.3 10256.7 10254.8 10253.5 10250.4 10246.3 10242.8 10240.3
11315.6 11334.1 11351.7 11367.6 11381.1 11388.9 11387.8 11388 11388.8 11387.9 11395.2 11411.5 11430.4 11449.4 11464.9 11480.2 11497.7 11513.9 11533.9 11553.1 11577.1 11595.4 11606.3 11586.3 11527.8 11446.5 11342.8 11222.5 11150.6 11112.1 11095.4 11085.2 11078 11070.4 11057.6 11032 10984.5 10907 10812.2 10732.8 10672.7 10621.2 10572.9 10527.3 10483.6 10443.7 10404.4 10368 10335.1 10308 10289.9 10279.6 10272 10266.8 10262.5 10258.3 10256.3 10255.3 10254.5 10253.6 10253.5 10254.7 10254.8 10255.5 10254.3 10248.4 10246
11310.6 11328.6 11345.8 11362.4 11375.9 11386.8 11392.7 11396.7 11405.8 11418.1 11428.6 11436.8 11449.2 11456.5 11462.8 11469.2 11477.6 11487.2 11500.4 11514.3 11534.1 11556.7 11585.7 11590.5 11530.8 11467.2 11380 11256.4 11182.5 11141.6 11121.4 11106.8 11097.6 11087.9 11075.4 11051.8 11007.4 10925 10816.4 10731.8 10668.9 10614.7 10565.6 10520.1 10476.7 10437 10397.7 10360.6 10327.3 10301 10283.3 10274.5 10267.4 10262.9 10259.6 10256.2 10254.8 10254.5 10254.6 10254.3 10255 10258.1 10257.8 10257.1 10255 10252.4 10252.3
11303.6 11319.8 11339.1 11355.7 11372.3 11388.4 11403.5 11414.7 11427.6 11449.2 11464.1 11465.8 11465.5 11462.8 11459.3 11455.9 11454.8 11453 11457.5 11463 11474.1 11489.1 11509.8 11516.8 11493.8 11474.7 11427 11313.3 11230.2 11177.2 11146.1 11127.4 11113 11103.6 11092.8 11077.3 11044.1 10953.6 10825.7 10733.4 10666.3 10610.2 10560.5 10515.5 10474.4 10433.2 10393.8 10356.9 10323.7 10298.4 10280.9 10271.8 10264.9 10260.6 10257.5 10255.4 10254.9 10255.9 10257.7 10260.4 10263.5 10266.8 10268.7 10263.4 10256.9 10256.5 10259.3
11299.5 11314.5 11330.1 11349.1 11367.9 11389.7 11412.6 11432.7 11447.4 11475 11494 11491 11481 11466.4 11453.1 11440.6 11428.4 11418.4 11409.9 11402.8 11398.8 11396.9 11395.3 11390.1 11412.1 11444 11449.3 11368.9 11282.4 11206.2 11168 11144.4 11125.7 11113.3 11101.7 11090.4 11071.6 10966.4 10822.7 10728.9 10662 10606.6 10557.3 10512.7 10471.8 10431.1 10392.3 10356.4 10323.8 10299.4 10281.7 10271.6 10264.4 10260.4 10257.1 10255.8 10256.7 10259 10262.6 10267.4 10273.1 10278 10279.9 10273.2 10264.7 10265.8 10269.3
11293.9 11308.7 11324.8 11343.2 11363.8 11388.1 11413.4 11439.4 11467.3 11508.8 11525.1 11509.5 11488.5 11464.1 11440 11418.4 11395.1 11373.5 11354.9 11336.2 11317.3 11298.3 11279.2 11268.2 11304.9 11362.2 11396.8 11385.7 11322.2 11227.5 11184 11155.4 11131.5 11111.8 11094.2 11075 11047.4 10932.8 10795.4 10715.5 10655.3 10603 10555.3 10511.7 10470.8 10430.9 10393.2 10359.1 10327.8 10303.6 10284.7 10273.2 10265.3 10262 10259.9 10259.4 10260 10263.5 10268.9 10276.1 10284.8 10291.9 10293.6 10287.8 10279.2 10278.3 10282.1
11288.1 11303 11319.8 11338.6 11360.6 11383.8 11409.3 11442.9 11492.6 11552.2 11549.4 11520 11487.5 11455.4 11425.9 11395.3 11365 11328.1 11298.2 11268 11239.3 11204.8 11173.8 11154.6 11189.2 11254.9 11316.4 11356.5 11332.5 11239.4 11193.6 11159.7 11132.5 11102.8 11072.5 11034.3 10980.5 10876.3 10764.6 10702.1 10650 10600.9 10554.3 10511.6 10471.2 10432.1 10395.6 10363.8 10335.3 10310.6 10289 10276 10266.9 10263.6 10261.5 10261.8 10263.8 10269.3 10276.9 10285.3 10300.3 10310.7 10313 10307.3 10299.1 10296.9 10297.6
11283.2 11298.7 11316.1 11335.8 11357.1 11380.3 11407.1 11455.2 11514.2 11568.3 11551 11516.6 11478.3 11440.4 11413.9 11376.7 11339.4 11298.5 11256.4 11207.1 11167.4 11119.5 11080.5 11053.5 11078.8 11142.7 11220.1 11287.4 11294.7 11238.6 11196.7 11162.6 11128.3 11090.9 11047.1 10992.5 10920.9 10838 10754.5 10700.3 10651.7 10603.5 10556.9 10512.9 10470.8 10432.4 10397.5 10367.9 10341.7 10316.1 10293.2 10279 10269.4 10264.8 10262.1 10263.7 10266.8 10275.9 10288.4 10301.8 10322.2 10337.5 10339.4 10330.9 10315.2 10312.5 10312.5
11278.6 11295.1 11313.6 11332.2 11355 11376.2 11406.1 11464.4 11520.8 11534.9 11533.2 11506.4 11472.3 11438.2 11398.3 11353.7 11309.6 11266.3 11214.9 11161.7 11106.7 11054 11004.8 10971.7 10985.6 11047.5 11136.6 11220.9 11258.8 11229.8 11197 11165.2 11128.2 11083.3 11029.3 10966.7 10899.1 10834.1 10767.8 10711.1 10658.5 10607.3 10559.2 10513.4 10471.6 10433 10399.1 10370.8 10343.3 10318.5 10297.2 10282.2 10271.8 10264.5 10260.3 10260 10267.8 10282.1 10301.2 10324.6 10344.6 10367.8 10372.3 10356.7 10341.1 10336.6 10329
11275.8 11293.1 11311.7 11332.3 11354 11378.2 11406.2 11459 11514.6 11513.1 11513.2 11493.3 11464.6 11426.7 11384.1 11338.6 11287.8 11233.9 11178.8 11117.5 11054.8 10998.9 10944.6 10908.1 10910.9 10967.9 11071 11177.6 11244.6 11232.2 11203.3 11173.1 11132 11081.5 11021.7 10955.5 10896.5 10858.9 10798.4 10727.2 10667.1 10611.8 10561.5 10514.5 10471.9 10432.8 10399.1 10372.1 10345.8 10319 10300.4 10285.6 10274.6 10266 10259.8 10258.7 10269 10287.5 10309 10332.4 10357.6 10378.3 10383.5 10374.6 10361.7 10351.3 10340
11274.8 11294.5 11316.1 11338.9 11362 11383.3 11407.3 11443.5 11492.2 11494.5 11501.7 11484.4 11458.1 11416.6 11373.6 11326.5 11275 11217.7 11160.3 11092.6 11024 10964.1 10906.5 10867.6 10861.2 10915.6 11029.1 11150.9 11240.2 11247.1 11220.5 11186.5 11140.6 11087.4 11024.1 10955.8 10899.5 10868.5 10807 10734.3 10671.7 10614.8 10564.3 10516.3 10472.4 10431.8 10397.1 10369.7 10344.2 10318.9 10302.3 10289 10278.7 10270.7 10264 10260.4 10273 10294.1 10317.8 10341.4 10364.4 10382.8 10388.3 10383 10371 10355.3 10339.6
11274.9 11296.1 11319.8 11345.1 11369 11394.4 11418.1 11436.9 11475.3 11502 11506 11485.5 11457.5 11421.6 11376.7 11330.9 11270.5 11214.3 11151.7 11077.8 11016.2 10949.1 10892.5 10851.4 10843.3 10894.6 11008.8 11136.1 11238.7 11266.1 11243.2 11201.3 11152.3 11098.5 11036.6 10968.7 10903.5 10846.1 10790.5 10730.7 10671.7 10616 10565.1 10516.1 10471.1 10428.9 10392.5 10362.8 10337.3 10317.3 10303.3 10293 10284.6 10278.7 10274.3 10274.6 10283.2 10301.7 10326.8 10347.7 10365.6 10385.2 10388.6 10385.2 10372.7 10346 10332.1
11274.3 11295.6 11319.5 11345.8 11374.8 11408.2 11442.5 11484.7 11549 11546 11529.1 11502.5 11470.5 11432.5 11389.2 11335.4 11282.9 11228.5 11162.5 11081.2 11020.6 10953.1 10897.3 10854.4 10843.2 10889 11000.5 11127.6 11236.6 11274.2 11250.5 11205.7 11161.2 11113.3 11057.1 10988.6 10909.7 10828.4 10776 10724.8 10670.6 10617.5 10565.8 10517 10470.8 10426.6 10387.7 10355.5 10331.2 10316 10305.4 10299.2 10293.7 10290 10288 10286.8 10292.3 10307.5 10327 10344 10358.3 10370.7 10380.9 10383.2 10375 10341.2 10322.4
11273.1 11294.8 11320 11347 11378.6 11418.5 11465.2 11527.5 11586.6 11582 11568 11536 11497.4 11457.2 11408.5 11359.3 11307.7 11248.1 11188.8 11106.2 11043.3 10978.8 10920.6 10873.2 10850.8 10891.6 10999.6 11120.2 11228.1 11263.6 11230.3 11192.5 11163.5 11131.7 11087.2 11020.2 10931.9 10838.7 10780.3 10726.6 10673 10620.2 10567.9 10520.8 10471.5 10426 10385.6 10352 10329.7 10317.4 10311.7 10308.9 10306.4 10306.2 10305.3 10303.3 10305.5 10315.2 10324.5 10338.6 10349.7 10359.6 10371.7 10377.6 10369.8 10332 10307.3
11273.1 11295.8 11320.3 11348.4 11380.7 11419 11468 11530.3 11585.1 11605.1 11595.3 11567.3 11526.7 11481.5 11435.4 11385.4 11333.8 11284.7 11223.4 11141.7 11084.6 11020.6 10962.2 10908.9 10875.5 10911.8 11010.3 11112.5 11196.9 11217.2 11170.1 11162.1 11160 11152.1 11130.6 11076.3 10974.6 10868.6 10798.8 10736.7 10679.5 10625.4 10573.4 10523 10473.1 10427.4 10387.7 10355.1 10334.7 10323.6 10320.9 10321.1 10323.1 10326.1 10328.4 10329.5 10330.4 10333.9 10333.2 10343.1 10347.9 10352.3 10364.3 10369.8 10357.7 10312.7 10286.3
