real_craters/C169-1000m.grd
DSAA
74 74
-36.73 36.73
-36.73 36.73
6836.7419586972 9090.0166173652
[rows 30 to 59 of 74, columns 0 to 66 of 74]
8513.11 8516.13 8519.86 8524.52 8533.83 8552.06 8633.47 8679.02 8706.79 8757.1 8767.08 8766.34 8800.53 8857.26 8852.27 8877.8 8779.41 8535.45 8287.74 8191.36 8188.92 8199.76 8044.17 7845.47 7636.46 7402.96 7154.63 7038.08 6990.15 6963.3 6935.29 6913.11 6893.27 6877.93 6868.79 6865.92 6872.25 6876.31 6874.43 6866.55 6874.59 6895.84 6911.49 6927.37 6941.47 6970.9 7033.58 7169.11 7357.79 7710.03 7735.19 7764.32 7811.66 7954.35 8172.94 8454.9 8768.15 8850.75 8847 8803.7 8759.82 8706.07 8636.63 8574.91 8513.73 8484.77 8450.03
8512.13 8516.51 8522.96 8533.27 8547.94 8590.95 8674.79 8706.39 8736.55 8775.16 8769.83 8772.76 8821.37 8918.86 8889.2 8863.82 8744.91 8470.12 8214.08 8137.08 8210.92 8150.55 8019.93 7849.91 7496.35 7247.2 7026.47 6979.84 6964.57 6940.71 6916.49 6893.95 6878.99 6868.41 6858.42 6856.9 6855.28 6862.28 6861.95 6856.64 6861.79 6877.78 6890.79 6906.68 6923.47 6941.23 6973.18 7066.54 7213.94 7497.83 7691.46 7761.4 7791.69 7925.48 8136.72 8404.21 8717.47 8840.37 8846.4 8801.7 8771.57 8731.48 8676.59 8608.29 8539.18 8503.68 8459
8509.06 8516.81 8526.56 8542.42 8569.31 8614.48 8705.95 8743.88 8779.57 8809.93 8773.75 8766.35 8783.91 8818.71 8820.61 8836.74 8669.15 8402.49 8156.38 8106.88 8151.33 8138.63 7966.61 7694.93 7362.9 7140.86 6984.13 6960.48 6943.62 6923.67 6903.56 6876.89 6872.19 6862.39 6855.09 6850.83 6851.23 6855.36 6857.41 6855.32 6855.35 6855.98 6868.06 6884.62 6900.48 6919.87 6947.02 7006.35 7112.33 7396.02 7650.97 7765.76 7780.89 7911.38 8108.73 8355.39 8708.62 8831.78 8838.03 8798.25 8775.67 8750.27 8720.11 8642.15 8568.37 8518.38 8466.47
8510.04 8516.98 8527.67 8545.86 8582.6 8626.9 8756.96 8790.08 8780.93 8777.19 8786.55 8767.94 8748.7 8777.18 8834.27 8817.12 8579.91 8337.02 8133.33 8044.25 8067.21 8028.83 7829.37 7543.84 7257.84 7079.24 6969.98 6955.41 6931.31 6907.26 6888.21 6887.68 6873.22 6857.29 6844.32 6845 6849.54 6850.17 6850.86 6848.9 6845.53 6846.17 6854.11 6865.09 6878.39 6900.04 6933.97 6972.44 7024.22 7290.29 7559.49 7733.65 7759.85 7896.04 8087.33 8324.09 8639.03 8794.52 8785.65 8775.71 8756.63 8745.29 8729.76 8666.73 8574.01 8537.25 8489.67
8513.86 8517.2 8522.52 8538.45 8569.32 8638.4 8782.16 8780.03 8768.23 8759.37 8788.7 8778.86 8774.05 8779.56 8839.62 8862.09 8509.46 8266.14 8108.93 7995.41 8016.55 7908.03 7652.04 7404.8 7213.44 7052.58 6972.06 6956.77 6924.62 6895.46 6876.87 6867.06 6863.3 6851.85 6840.61 6838.27 6839.73 6845.1 6845.99 6844.18 6839.76 6840.05 6845.21 6851.28 6857.69 6879.7 6922.04 6961.32 7005.27 7205.62 7437.56 7653.55 7729.35 7876.42 8078.36 8348.14 8644.23 8757.04 8775.06 8760.91 8746.51 8730.14 8726.27 8719.57 8659.31 8573.82 8513.78
8514.14 8511.3 8512.8 8523.89 8556.31 8675.24 8747.81 8793.66 8773.48 8756.54 8776.8 8764.15 8753.54 8759.98 8854.25 8864.78 8416.83 8192.48 8077.33 8006.2 7929.02 7859.58 7601.46 7345.97 7164 7038.65 6972.25 6950.2 6912 6885.28 6878.72 6861.91 6854.86 6849.79 6840.72 6839.68 6848.4 6851.68 6846.53 6849.78 6841.96 6841.21 6842.97 6846.02 6855.79 6876.62 6917.67 6962.98 7014.02 7140.4 7330.47 7526.03 7749.71 7880.23 8083.36 8363.36 8636.02 8721.05 8771.56 8768.97 8746.27 8716.22 8717.25 8803.49 8672.31 8599.46 8532.71
8513.99 8498.65 8491.63 8496.1 8535 8670.98 8711.47 8759.28 8767.02 8761.39 8718.2 8724.42 8745.86 8770.03 8853.85 8777.52 8374.88 8156.32 8108.93 8059.33 7854.91 7806.99 7635.32 7368.22 7167.56 7037.28 6970.75 6947.89 6912.68 6893.42 6899.18 6893.65 6871.13 6863.27 6856.78 6883.97 6889.93 6863.78 6849.76 6852.98 6848.82 6844.76 6844.55 6845.04 6853.3 6880.35 6921.41 6970.6 7033.75 7134.48 7263.98 7442.29 7671.53 7842.72 8067.11 8353.55 8635.06 8761.29 8799.15 8786.71 8754.2 8722.39 8708.62 8692.69 8642.41 8598.51 8547.23
8513.48 8490.05 8477.7 8474.13 8499.61 8655.87 8719.97 8761.14 8761.25 8737.61 8718.11 8714.43 8738.87 8760.98 8846.85 8745.93 8357.14 8135.32 8125.39 8098.75 7822.08 7661.94 7591.68 7375.3 7160.01 7051.61 6985.56 6949.3 6914.98 6921.08 6972.21 6945.35 6904.68 6882.24 6868.95 6867.62 6874.96 6860.87 6846.4 6845.55 6844.88 6843.71 6846.43 6846.24 6860.49 6887.91 6930.02 6980.87 7041.61 7148.84 7254.29 7407.95 7600.49 7817.56 8070.81 8365.03 8648.62 8828.41 8841.37 8812.05 8768.98 8729.24 8708.92 8679.18 8673.29 8665.15 8624.54
8510.22 8485.72 8468.41 8457.48 8470.2 8643.42 8744.86 8782.49 8756.74 8734.88 8729.19 8729.88 8728.9 8734.2 8793.63 8678 8329.53 8125.12 8166.29 8074.33 7856.85 7593.8 7458.87 7347.63 7115.56 7047.12 6991.24 6953.38 6927.06 6960.72 7025.95 6985.04 6936.5 6898.75 6869.91 6856.73 6856.55 6851.31 6844.45 6845.26 6845.15 6841.83 6839.09 6843.74 6860.56 6890.67 6932.19 6984.23 7035.25 7150.31 7309.35 7436.73 7663.54 7924.86 8122.59 8418.16 8674.07 8857.41 8869.62 8821.38 8766.19 8721.65 8709.24 8678.55 8653.99 8694.28 8666.87
8510.59 8492.98 8477.57 8472.55 8483.03 8604.66 8684.86 8738.3 8742.45 8730.54 8722.92 8736.95 8715.03 8728.76 8746.33 8620.56 8315.13 8136.12 8130.19 8106.05 7927.85 7624.57 7483.98 7357.52 7123.81 7025.94 6983.68 6953.01 6942.82 6986.56 7077.03 7030.9 6954.38 6907.72 6868.76 6852.91 6851.13 6844.88 6838.31 6839.78 6841.83 6844.26 6846.06 6847.31 6865.08 6896.97 6934.51 6981.41 7038.87 7160.46 7310.71 7528.81 7816.14 8075.23 8193.33 8422.82 8724.51 8864.68 8845.32 8796.11 8742.1 8686.56 8681.67 8619.83 8620.28 8677.25 8673.99
8517.51 8506.03 8500.48 8503.87 8525.29 8593.83 8625.83 8697.55 8733.51 8746.54 8754.6 8733.42 8711.19 8699.38 8741.2 8621.6 8336.71 8170.21 8132.27 8094.87 7973.59 7685.19 7531.25 7425.98 7114.27 7028.42 6998.55 6965.28 6956.85 6989.8 7111.61 7068.97 6984.21 6927.38 6874.42 6852.37 6849 6843.92 6836.74 6841.14 6847.33 6851.28 6858.2 6870.29 6889.51 6915.32 6945.43 6982.48 7059.5 7202.87 7372.14 7609.85 7894.11 8028.17 8184.44 8434.74 8738.87 8766.79 8759.32 8741.46 8709.05 8679.75 8641.07 8601.79 8607.79 8618.62 8657.17
8526.78 8528.78 8535.6 8546.72 8566.64 8573.75 8602.15 8693.25 8732.62 8761.81 8776.08 8734.73 8722.59 8716.39 8741.63 8649.97 8388.66 8168.17 8116.39 8093.66 7959.84 7749.26 7622.01 7499.13 7187.38 7077.87 7043.82 6994.54 6976.53 6996.14 7111.72 7081.15 7024.53 6960.62 6900.01 6854.29 6849.72 6846.98 6847.64 6847.27 6854.13 6861.99 6870.42 6890.92 6914.32 6941.75 6979.36 7024.9 7108.26 7279.11 7503.9 7749.43 7960.34 8027.98 8176.45 8419.35 8796.95 8767.13 8713.67 8682.66 8662.18 8634.37 8638.52 8619.19 8594.04 8571.03 8604
8529.48 8543.58 8554.66 8566.51 8579.26 8579.39 8607.98 8693.47 8735.78 8753.83 8741.49 8727.38 8710.6 8724.65 8760.02 8727.33 8511.35 8247.71 8132.01 8072.11 7928.66 7747.25 7648.71 7449.78 7324.21 7169.04 7098.55 7020.01 6974.76 6971.6 7003.88 7055.68 7042.87 7002.33 6927.32 6863.78 6851.96 6851.17 6851.14 6854.01 6863.45 6877.52 6889.95 6908.34 6936.44 6967.94 7003.98 7063.31 7152.97 7333.02 7566.27 7829.37 7899.24 8056.61 8249.17 8513.42 8830.53 8770.72 8655.59 8621.92 8618.33 8617.98 8656.74 8633.33 8560.63 8516.51 8493.64
8527.29 8543.63 8557.67 8567.34 8568.63 8551.62 8600.89 8707.73 8734.8 8734.74 8797.91 8769.27 8750.16 8758.56 8795.66 8756.65 8593.92 8335.2 8177.34 8078.52 7970.58 7808.3 7636.37 7527.62 7401.79 7252.07 7143.84 7051.05 6994.36 6961.87 6973.22 7029.67 7064.24 7030.7 6957.79 6873.92 6855.76 6855.21 6861.21 6865.96 6882.78 6899.74 6915.61 6931.66 6965.07 7001.61 7034.69 7077.66 7185.65 7396.79 7567.28 7729.66 7960.66 8176.73 8406.1 8696.04 8843.9 8679.46 8534.18 8558.77 8596.08 8648.97 8680.89 8643.2 8568.2 8480.27 8418.79
8527.77 8544.44 8558.7 8571.74 8585.35 8588.72 8644.65 8757.51 8711.92 8622.69 8479.77 8407.47 8456.66 8749.73 8811.77 8765.69 8685.49 8450.79 8214.52 8077.02 7997.87 7938.12 7789.23 7654.44 7546.85 7364.75 7186.52 7096.07 7013.94 6974.26 6971.07 7004.43 7033.54 7030.32 7018.72 6908.17 6871.16 6864.18 6865.6 6883.5 6907.78 6925.06 6941.36 6959.93 7007.21 7055 7099.51 7169.1 7323.04 7537.27 7747.47 7876.17 8126.53 8281.04 8537.64 8813.57 8782.74 8637.49 8518.41 8541.04 8584.09 8631.14 8686.25 8637.99 8581.8 8481.89 8389.48
8530.02 8545.72 8560.89 8575.07 8589.46 8599.09 8652.01 8733.3 8677.82 8530.03 8366.12 8322.05 8335.06 8595.2 8747.85 8765.75 8734.69 8585.72 8274.01 8079.88 7995.66 7946.11 7899.44 7766.62 7580.8 7464.5 7346.68 7175.05 7053.02 6998.31 6976.7 6989.84 6983.63 6994.92 6999.25 6944.62 6908.26 6893.56 6894.16 6909.84 6935.2 6953.37 6971.49 7001.46 7058.3 7125.28 7199.56 7320.22 7505.71 7719.5 7905.19 8060.86 8196.38 8373.05 8658.71 8847.48 8763.79 8636.2 8545.86 8560.48 8613.2 8642.85 8617.68 8605.92 8564.49 8488.96 8365.47
8532.93 8548.51 8565 8582.53 8596.03 8602.48 8672.25 8752.25 8668.64 8508.06 8339.27 8273.99 8273.39 8542.06 8737.45 8772.67 8778.82 8689.65 8362.02 8096.26 7998.79 7957.87 7891.63 7823.06 7720.82 7636.52 7427.65 7276.11 7127.89 7046.94 7008.04 7006.48 7004 6995.4 6993.22 6962.8 6933.36 6938.63 6937.34 6941.92 6960.85 6982.16 7002.47 7040.8 7119.96 7215.74 7323.7 7494.92 7706.94 7889.67 8074.26 8116.32 8251.23 8483.68 8796.24 8859.28 8741.4 8633.45 8582.53 8576.62 8586.86 8587.75 8568.78 8582.78 8537.03 8435.7 8348.66
8532.51 8549.2 8569.42 8591.73 8615.75 8621.42 8688.11 8740.48 8686.28 8557.37 8413.55 8308.98 8336 8613.05 8817.24 8852.3 8854 8741.76 8433 8163.51 8020.75 7941.06 7883.12 7836.21 7831.72 7841.67 7596.24 7424.57 7287.28 7137.78 7064.01 7050.15 7042.52 7023.28 7009.48 6998.7 6992.48 6972.95 6967.69 6979.38 7007.25 7035.83 7052.14 7095.28 7216.41 7343.33 7466.28 7718.13 7876.71 7957.63 8036.94 8125.71 8334.47 8608.24 8857.68 8831.14 8716.36 8621.78 8606.38 8564.79 8560.6 8540.5 8516.88 8509.05 8467.39 8387.02 8344.74
8531.81 8548.1 8565.97 8590.44 8621.63 8634.64 8704.78 8750.05 8709.86 8637.05 8582.56 8571.6 8529.94 8692.63 8812.25 8864.85 8967.8 8880.83 8585.93 8306.08 8111.59 7972.51 7908.07 7871.9 7869.03 7865.71 7745.69 7581.04 7427.79 7252.37 7146.65 7116.35 7100.67 7077.63 7045.38 7043.48 7037.98 7023.19 7015.24 7045.69 7104.06 7159.18 7173.54 7250.74 7386.98 7526.07 7667.35 7823.98 7917.03 7979.55 8063.08 8232.11 8485.64 8753.27 8815.92 8773.25 8704.33 8627.75 8541.67 8520.21 8519.08 8484.76 8452.53 8434.9 8406.86 8362.02 8333.49
8530.72 8543.74 8558.84 8575.8 8590.65 8609.16 8683.49 8723.95 8712.53 8686.58 8698.51 8713 8747.33 8750.43 8801.17 8864.44 8944.97 8945.38 8758.25 8520.13 8286.52 8117.52 8006.74 7904.83 7880.32 7864.33 7802.98 7697.18 7567.31 7339.04 7238.61 7194.1 7170.53 7145.97 7102.73 7113.7 7112.32 7107.19 7159.46 7226.17 7300.02 7383.67 7426.16 7495.78 7592.11 7711.48 7860.95 7889.47 7969.11 8085.95 8247.2 8467.33 8712.95 8864.2 8836.22 8753.79 8683.79 8625.99 8541.7 8508.84 8500.71 8481.33 8460.25 8436.25 8388.62 8346.04 8320.65
8531.85 8538.25 8545.82 8554.86 8566.13 8587.72 8641.57 8679.87 8689.86 8685.09 8686.27 8696.52 8711.82 8735.31 8768.09 8823.55 8912.98 9027.38 8893.57 8724.8 8529.82 8419.57 8267.85 8055.83 7940.54 7888.27 7832.92 7746.48 7629.61 7422.03 7339.93 7281.66 7243.77 7210.45 7190.36 7235.08 7255.83 7315.06 7430.23 7494.53 7557.42 7661.64 7772.92 7762.05 7777.44 7838.72 7926.1 7993.72 8084.96 8262.22 8468.14 8662.77 8848.42 8914.55 8798.12 8707.53 8641.93 8584.9 8548.47 8520.63 8500.61 8511.47 8466.95 8397.6 8360.62 8333 8310.39
8530.76 8531.68 8532.05 8531.18 8530.89 8541.48 8582.26 8617.49 8637.07 8657.58 8673.62 8689.98 8710.05 8709.02 8713.28 8740.73 8792.33 8873.98 8841.47 8782.54 8736.76 8750.68 8559.13 8272.26 8090.76 7974.36 7889.48 7772.28 7644.34 7616.58 7480.96 7391.21 7356.06 7307.8 7343.15 7418.16 7481.57 7487.02 7668.69 7706.65 7758.82 7859.49 7997.92 7924.52 7895.21 7924.73 7997.13 8122.63 8217.51 8356.26 8527.91 8721.3 8877.41 8879.65 8744.71 8619.97 8582.96 8572.57 8527.92 8495.93 8491.63 8466.18 8409.47 8341.38 8328.86 8315.8 8302.03
8528.18 8521.5 8516.62 8512.26 8510.79 8520.03 8541.96 8569.3 8590.91 8619.59 8663.66 8676.4 8697.5 8695.01 8696.67 8695.38 8687.53 8731.89 8763.2 8759.31 8767.81 8815.36 8700.89 8490.32 8315.2 8106.72 7953.61 7843.19 7758.32 7720.7 7603.97 7531.8 7548.99 7558.92 7595.97 7629.34 7654.3 7650.02 7704.52 7794.62 7855.16 7919.58 7958.47 7947.72 7925 8022.44 8157.55 8304.18 8340.1 8413.11 8558.31 8724.44 8829.46 8756.72 8613.69 8527.62 8514.22 8498.33 8473.74 8469.95 8466.72 8401.75 8352.98 8316.4 8304.12 8293.04 8291.46
8521.59 8513.93 8504.55 8496.67 8495.71 8503.9 8520.51 8536.31 8541.83 8564.46 8571.18 8608.28 8647.64 8672.49 8683.48 8682.98 8680.97 8698.9 8734.16 8727.29 8728.6 8799.06 8837.95 8714.53 8485.27 8241.56 8058.53 7941.78 7856.13 7841.18 7789.46 7764.07 7811.84 7857.45 7863.64 7843.2 7796.92 7769.91 7809.38 7900.09 7980.51 8028.64 8023.5 8006.52 8012.66 8162.35 8305.85 8382.81 8445.67 8587.95 8668.97 8714.69 8726.18 8635.48 8551.74 8501.05 8472.25 8441.13 8430.22 8433.41 8412.71 8364.41 8326.14 8305.94 8291.64 8276.6 8266.66
8512.95 8501.44 8492.03 8489.06 8487.83 8492.13 8501.37 8508.59 8506.63 8522.36 8531.37 8563.95 8606.62 8637.5 8656.98 8672.53 8687.98 8696.57 8714.67 8703.18 8718.02 8802 8824.89 8794.5 8604.14 8375.91 8214.79 8105.56 8006.08 7968.11 7986.79 7997.31 8055.57 8153.73 8143.5 8064.17 7982.05 7935.78 7953.49 8044.5 8147.1 8197.38 8161.41 8117.86 8136.66 8300.02 8413.36 8462.04 8597.38 8778.31 8747.47 8696.23 8641.9 8566.3 8514.1 8484.76 8457.71 8432.29 8413.41 8396.58 8372.04 8328.43 8310.78 8297.61 8285.83 8274.9 8264.08
8505.6 8492.98 8481.02 8467.19 8468.84 8476.42 8481.41 8485.18 8498.4 8502.52 8500.9 8530.33 8562.34 8597.49 8620.62 8641.42 8670.44 8674.06 8663.75 8680.22 8721.99 8798.25 8815.26 8734.97 8625.74 8517.07 8419.35 8328.06 8206.25 8149.98 8182.54 8209.25 8245.88 8273.83 8307.67 8274.29 8232.84 8162.09 8131.71 8195.39 8251.5 8232.87 8207.3 8233.64 8280.36 8370.44 8501.88 8641.55 8788.48 8752.98 8691.18 8660.56 8626.88 8534.5 8474.47 8478.22 8446.34 8416.16 8388.96 8351.55 8332.37 8301.26 8294.92 8285.69 8268.24 8259.04 8252.12
8500.64 8486.13 8474.1 8470.26 8469.64 8470.8 8472.18 8477.63 8484.52 8494.79 8509.11 8524.97 8548.11 8582.13 8587.01 8578.01 8592.02 8606.39 8621.88 8660.68 8716.45 8753.52 8750.65 8684.86 8613.7 8574.84 8558.89 8489.17 8397.94 8367.83 8403.11 8423.51 8468.34 8499.7 8519.5 8481.15 8397.45 8389.84 8379.28 8381.06 8365.76 8304.96 8317.71 8379.22 8440.93 8544.09 8701.27 8721.8 8670.75 8620.17 8598.88 8583.29 8572.08 8488.98 8429.32 8451.18 8417.78 8366.87 8320.08 8316.29 8312.11 8295.58 8295.3 8286.72 8275.21 8261.65 8268.54
8497.95 8481.38 8466.09 8457.07 8461.74 8464.35 8467.74 8472.17 8476.25 8488.72 8496.1 8505.28 8524.75 8542 8554.9 8560.84 8555.46 8572.74 8590.93 8610.28 8645.21 8701.05 8773.14 8758.03 8662.64 8602.49 8566.59 8574.49 8586.39 8597.66 8648.5 8666.39 8733.01 8791.35 8790.43 8700.16 8647.72 8615.48 8605.26 8589.13 8568.12 8516.66 8517.35 8544.36 8631.96 8741.13 8715.28 8671.77 8586.09 8545.62 8509.95 8481.35 8437.02 8396.73 8382.21 8391.03 8369.02 8333.55 8304.31 8298.55 8298.47 8295.27 8295.19 8283.54 8263.93 8254.04 8250.17
8498.1 8478.47 8462.31 8454.06 8455.41 8459.49 8463.29 8468.43 8466.02 8467.69 8480.25 8490.96 8501.02 8521.09 8525.93 8529.59 8540.45 8567.21 8590.06 8593.83 8615.13 8659.53 8722.5 8755.47 8666.11 8628.31 8586.21 8606.64 8650.05 8700.74 8796.49 8806.76 8863.31 8853.76 8858.55 8854.43 8875.29 8876.35 8829.62 8759.71 8756.15 8823.73 8693.29 8644.23 8663.23 8671.52 8629.67 8596.26 8547.86 8515.49 8439.76 8408 8382.54 8355.57 8350.39 8339.22 8325.9 8310.61 8293.61 8284.84 8292.16 8289.61 8286.54 8278.02 8268.33 8257.86 8252.4
8498.62 8476.94 8460.05 8452.29 8451.35 8454.23 8456.63 8457.33 8460.65 8470.43 8473.37 8481.47 8486.69 8491.81 8500.42 8512.78 8531.65 8556.6 8564.34 8583.65 8604.22 8624.99 8663.83 8716.1 8746.92 8690.1 8688.2 8642.51 8644.03 8661.86 8695.85 8771.68 8738.48 8769.41 8861.91 8922.77 8967.61 8948.01 8879.16 8796.05 8761.98 8740.45 8677.41 8648.43 8642.89 8636.61 8598.85 8558.66 8517.76 8452.32 8379.11 8371.33 8361.94 8349.39 8336.08 8320.65 8307.64 8296.32 8287.86 8290.36 8297.58 8284.1 8266.92 8265.3 8260.45 8254.7 8245.72
