real_craters/C169-1000m.grd
DSAA
74 74
-36.73 36.73
-36.73 36.73
6836.7419586972 9090.0166173652
[rows 0 to 29 of 74, columns 0 to 66 of 74]
8586.66 8577.42 8578.83 8619.44 8657.18 8707.48 8701.13 8691.64 8687.75 8667.34 8651.44 8652.8 8676.25 8675.03 8662.43 8650.43 8608.62 8577.78 8548.13 8513.7 8501.21 8492.82 8486.15 8479.21 8459.42 8465.07 8452.71 8448.82 8446.07 8454.74 8482.95 8461.2 8452.74 8442.27 8433.07 8419.79 8412.5 8414.56 8425.02 8441.51 8456.9 8453.55 8440.07 8413.95 8399.61 8392.79 8380.98 8368.61 8355.94 8350.66 8346.53 8333.91 8313.26 8313.79 8331.99 8356.42 8365.53 8372.08 8375.33 8376.5 8369.81 8394.54 8377.95 8361.94 8346.24 8332.53 8324.48
8568.89 8560.79 8561.63 8616.11 8678.29 8709.95 8695.64 8678.48 8669.35 8651.67 8637.36 8640.05 8677.33 8673.41 8652.91 8621.56 8597.61 8575.49 8545.96 8525.46 8508.42 8495.38 8484.23 8473.79 8475.12 8469.94 8458.42 8453.19 8463.23 8474.34 8499.31 8479.68 8467.63 8456.88 8438.26 8424.25 8417.09 8416.64 8427.2 8445.08 8456.43 8467.98 8460.39 8446.65 8416.15 8399.26 8384.8 8373.82 8365.07 8356.85 8347.77 8340.13 8338.43 8313.47 8335.44 8363.13 8375.77 8376.48 8372.65 8376.82 8395.25 8387.72 8378.71 8365.83 8354.04 8341.18 8327.35
8563.56 8556.91 8558.71 8598.01 8664.47 8698.36 8695.05 8666.02 8642.54 8627.3 8621.42 8625.38 8662.24 8667.17 8643.82 8613.21 8591.81 8576.42 8554.67 8533.95 8514.78 8498.72 8484.8 8471.28 8467.37 8462.21 8469.55 8484.34 8491.5 8504.39 8511.84 8505.11 8483.83 8462.14 8446.94 8430.25 8425.27 8426.6 8432.9 8443.6 8464.85 8472.01 8451.66 8425.63 8406.13 8393.45 8388.37 8380.66 8372.29 8370.47 8367.59 8364.8 8358.11 8336.1 8352.7 8384.15 8393.39 8392.61 8391.51 8396.94 8405.04 8394.63 8382.69 8371.7 8359.46 8349.89 8337.06
8563.25 8555.23 8551.64 8571.48 8626.74 8681.43 8693.59 8661.97 8636.82 8615.95 8603.62 8612.63 8657.82 8660.35 8636.78 8608.14 8583.59 8570.09 8564.9 8539.67 8519.7 8504.52 8489.98 8474.96 8469.6 8475.3 8478.81 8495.92 8520.61 8533.87 8542.53 8531.28 8497.09 8469.59 8457.24 8437.73 8437.39 8442.16 8442.99 8438.22 8454.53 8458.86 8444.1 8422.75 8413.44 8402.99 8395.06 8383.77 8381.64 8386.88 8394.07 8399.86 8390.79 8377.67 8367.59 8380.55 8410 8405.82 8406.18 8415.35 8416.69 8403.19 8392.76 8379.25 8360.31 8343.07 8332.07
8557.96 8544.52 8545.65 8545.58 8591.41 8652.95 8665.28 8653.73 8639.24 8613.76 8596.94 8597.81 8634.31 8643.03 8629.53 8610.06 8594.1 8577.82 8555.53 8539.47 8521.17 8509.8 8495.98 8475.74 8475.33 8475.83 8473.81 8498.51 8523.33 8548.23 8554.81 8541.15 8505.26 8473.38 8464.23 8452.87 8451.26 8451.41 8447.97 8444.35 8461.13 8459.43 8448.15 8435.11 8423.75 8410.16 8399.63 8391.5 8389.81 8405.32 8410.01 8407.05 8401.75 8381.75 8369.44 8367 8396.58 8405.35 8407.06 8416.55 8425.17 8423.93 8411.37 8386.95 8359.21 8334.3 8325.82
8549.47 8525.53 8528.61 8521.94 8552.58 8588.96 8607.63 8622.08 8624.91 8609.24 8588.24 8597.47 8619.07 8627.88 8621.08 8609.06 8591.98 8577.79 8565.73 8549.95 8533.67 8518.62 8501.16 8480.44 8476.23 8473.73 8475.19 8503.35 8514.07 8538.04 8555.77 8558 8513.07 8477.08 8466.37 8466.26 8462.89 8463.57 8464.87 8457.4 8461.34 8465.14 8459.06 8452.88 8427.88 8416.5 8406.2 8407.45 8419.88 8434 8423.45 8412.5 8393.87 8375.76 8368.09 8370.56 8385.05 8403.48 8418.52 8424.3 8432.11 8440.17 8428.47 8389.97 8357.51 8334.42 8322.67
8556.23 8529.44 8521.18 8508.92 8527.31 8552.67 8560.48 8570.3 8588.74 8595.43 8584.79 8595.86 8618.51 8621.22 8616.22 8609.15 8599.79 8593.08 8582.92 8567.5 8551.17 8532.04 8510.13 8483.29 8481.87 8476.66 8479.07 8502.77 8509.67 8531.41 8544.51 8553.62 8525.35 8491.75 8474.25 8470.89 8470.06 8470.92 8470.38 8463.27 8469.63 8483.93 8478.08 8468.83 8447.35 8431.87 8422.79 8433.86 8453.53 8451.21 8431.07 8409.03 8390.48 8374.01 8370.64 8373.36 8388.19 8405.54 8416.05 8425.64 8439.38 8452.39 8448.57 8401.43 8362.04 8326.9 8318.62
8573.45 8570.2 8528.13 8501.54 8512 8529.16 8535.77 8537.51 8544.03 8544.37 8554.87 8565.79 8591.85 8605.81 8607.54 8609.33 8608.08 8606.34 8599.28 8580.23 8560.96 8544.97 8525.76 8502.44 8487.38 8481.82 8484.99 8505.95 8518.47 8549.21 8553.86 8547.23 8543.1 8521.83 8492.24 8478.4 8478.23 8476.44 8470.58 8469.9 8486.77 8506.67 8501.42 8484.35 8471.64 8455.83 8446.83 8468.89 8464.89 8440.54 8436.57 8420 8402.88 8385.1 8380.89 8382.3 8401.05 8417.43 8427.23 8426.87 8433.07 8441.59 8439.77 8413.1 8377.42 8337.32 8318.71
8574.73 8568.04 8532.38 8503.24 8504.11 8510.11 8510.75 8511.61 8516.89 8527.78 8523.65 8540.11 8559.62 8579.92 8596.76 8611.42 8621.29 8624.94 8613.13 8590.95 8565.51 8555.21 8536.52 8514.88 8493 8488.28 8489.64 8504.53 8535.7 8567.87 8574.05 8552.73 8557.12 8560.12 8540.9 8502.41 8494.96 8495.29 8489.02 8492.13 8524.88 8545.81 8529.83 8524.1 8509.65 8501.52 8480.69 8484.99 8482.13 8468.11 8448.24 8434.88 8416.23 8398.7 8400.94 8413.31 8420.61 8431.53 8442.02 8426.31 8411.32 8403.22 8409.97 8404.85 8389.34 8357.73 8332
8565.07 8560.77 8538.07 8509.27 8502.02 8497.25 8491.26 8497.01 8493.37 8495.79 8499.86 8493.35 8540.9 8552.31 8590.23 8623.91 8640.28 8644.41 8630.81 8604.12 8580.76 8569.02 8556.78 8523.16 8503.09 8495.06 8493.07 8507 8535.36 8565.59 8577.68 8579.81 8562.7 8566.71 8560.69 8522.14 8525.66 8533.88 8540.13 8549.48 8586.76 8639.71 8724.24 8694.59 8637.58 8577.78 8520.11 8507.3 8505.89 8484.29 8460.66 8432.67 8417.02 8409.57 8429.63 8436.53 8433.13 8428.4 8419.42 8398.99 8385.84 8376.09 8371.62 8387.73 8397.04 8376.94 8354.1
8549.13 8538.99 8536 8520.06 8503.73 8491.95 8480.35 8475.28 8478.18 8485.34 8487.23 8496.54 8508.68 8537.82 8588.54 8642 8671.94 8656.87 8638.03 8622.55 8601.24 8588.03 8572.27 8559.3 8541.47 8508.62 8498.79 8506.57 8539.61 8556.24 8578.38 8590.51 8580.96 8578.77 8576 8556.4 8572.9 8601.11 8611.08 8615.14 8634.98 8675.21 8758.56 8810.63 8760.8 8652.35 8566.61 8540.21 8535.69 8513.62 8483.2 8449.41 8425.55 8426.14 8455.63 8455.76 8437.46 8418.7 8398.14 8370.86 8366.61 8357.4 8361.48 8375.93 8386.2 8386.31 8372.66
8537.8 8521.91 8522.74 8520.33 8505.42 8492.64 8481.11 8471.05 8475.8 8478.07 8480.46 8488.02 8503.33 8535.35 8595.58 8650.7 8665.42 8660.39 8657.3 8648.02 8631.29 8611.93 8585.5 8578.07 8578.59 8549.15 8528.19 8531.5 8552.94 8564.61 8591.72 8608.75 8605.45 8588.9 8573.84 8573.19 8642.04 8700.14 8718.14 8671.01 8652.17 8629.86 8622.64 8703.54 8716.72 8664.34 8634.76 8606.44 8568.61 8551.48 8508.9 8469.28 8443.75 8440.95 8466.5 8459.63 8443.02 8415.92 8395.17 8380.47 8361.99 8345.12 8353.17 8364.55 8373 8383.22 8383.42
8532.64 8519.25 8511.06 8511.91 8504.23 8494.01 8484.97 8476.26 8474.67 8477.12 8476.54 8489.27 8513.42 8551.98 8621.85 8680.3 8691.96 8664.83 8659.64 8651.72 8634.9 8612.15 8601.63 8589.34 8572.78 8569.65 8582.63 8600.2 8599.97 8603.98 8620.58 8639.37 8639.69 8606.57 8615.24 8686.88 8756.88 8809.09 8853.94 8752.56 8690.53 8616.8 8551.97 8540.19 8577.27 8614.8 8640.97 8660.85 8644.13 8577.73 8526.78 8485.09 8466.36 8471.92 8506.13 8494.46 8460.2 8427.95 8406.01 8389.84 8369.53 8357.27 8352.29 8354.91 8359.13 8368.42 8372
8532.21 8520.53 8517.11 8505.71 8500.21 8492.66 8484.63 8479.08 8476.45 8479.9 8482.27 8502.78 8524.59 8604.43 8672.11 8708.17 8707.82 8677.97 8664.13 8650.57 8628.45 8604.75 8593.82 8581.47 8577.4 8606.39 8658.12 8681.87 8647.65 8645.8 8649.98 8662.91 8688.27 8688.53 8718.45 8822.15 8879.6 8887.61 8879.67 8859.31 8760.61 8649.57 8560.35 8539.39 8542.06 8565.58 8569.62 8564 8608.56 8596.79 8578.56 8519.12 8508.85 8534.91 8559.68 8518.21 8475.72 8438.25 8416.71 8400.29 8378.18 8359.74 8350.39 8351.2 8353.41 8352.94 8354.67
8529.17 8518.52 8503.64 8497.7 8495.9 8493.14 8490.06 8485.82 8484.78 8480.45 8489.02 8527.9 8588.17 8671.83 8715.11 8721.23 8700.5 8667.58 8659.62 8662.75 8649.28 8629.89 8592.4 8591.61 8653.94 8695.82 8727.15 8705.26 8684.57 8673.74 8682.15 8686.13 8696.37 8691.21 8750.26 8883.64 8937.74 8924.8 8900.6 8949.64 8793.07 8680.56 8602.37 8556.32 8547.23 8555.96 8534.22 8494.92 8476.23 8514.13 8514.33 8514.95 8525.41 8546.99 8551.73 8523.23 8483.22 8448.41 8421.41 8404.16 8388.38 8367.66 8354.07 8350.52 8349.71 8349.18 8360.95
8527.95 8515.86 8504.31 8503.92 8495.48 8496.73 8498.19 8494.41 8484.04 8481.62 8499.9 8573.02 8666.63 8722.37 8739.14 8736.56 8699.49 8667 8673.24 8697.16 8656.74 8625.91 8605.45 8628 8687.04 8732.4 8770.13 8766.19 8747.36 8735.42 8761.86 8749.92 8777.8 8801.15 8826.8 8892.81 8921.13 8881.95 8881.44 8779.27 8724.72 8677.43 8689.79 8707.53 8657.55 8610.39 8563.46 8485.22 8451.06 8444.46 8443.64 8461.19 8507.49 8537.58 8529.1 8516.65 8489.17 8459.85 8442.13 8427.83 8408.07 8385.64 8367.85 8354.28 8355.59 8355.11 8359.98
8524.25 8515.42 8510.48 8505.42 8498.84 8501.75 8504.3 8507.3 8495.97 8491.55 8502.44 8606.19 8700.23 8732.62 8739.68 8722.19 8684.44 8673.73 8685.91 8703.44 8669.95 8670.87 8676.43 8690.95 8757.31 8796.26 8808.84 8829.53 8854.79 8880.06 8863.94 8904.13 8940.76 8922.67 8855.28 8806.62 8782.33 8738.84 8681.41 8647.3 8656.57 8685.66 8728.91 8753.94 8714.87 8678.06 8613.44 8524.46 8468.41 8434.75 8437.61 8439.27 8484.75 8527.86 8547.54 8527.14 8506.17 8482.61 8491.9 8469.47 8436.19 8403.81 8379.28 8376.83 8375.03 8373.96 8368.07
8523.59 8513.76 8510.84 8513.05 8514.95 8510.08 8506.84 8508.45 8525.28 8516.88 8530.27 8620.29 8704.96 8728.76 8720.98 8708.85 8695.55 8690.91 8695.94 8703.26 8723.54 8772.66 8801.11 8837.74 8895.75 8879.98 8874.68 8871.8 8892.84 8812.33 8731.45 8715.36 8661.77 8693.52 8674.77 8610.09 8554.15 8521.64 8517.98 8541.76 8565.19 8641.03 8730.26 8788.53 8791.32 8796.61 8782.77 8692.42 8543.93 8440.31 8443.06 8444.43 8489.74 8529.95 8553.07 8540.14 8537.6 8542.42 8541.65 8511.31 8468.48 8425.89 8392.79 8398.42 8405.85 8398.49 8384.55
8524.59 8516.16 8514.83 8516.25 8521.6 8516.4 8511.71 8516.39 8527.85 8535.46 8575.02 8634.81 8685.82 8721.85 8722.64 8713.39 8705.22 8709 8719.44 8752.99 8830.56 8915.4 8933.85 8979.79 8990.21 8898.63 8801.28 8685.11 8581.59 8538.48 8560.1 8546.61 8525.71 8496.53 8445.09 8388.6 8311.56 8300 8305.85 8320.02 8364.5 8454.32 8584.77 8708.6 8729.43 8796.49 8836.11 8795.77 8648.22 8497.86 8459.14 8500.68 8545.14 8573.68 8563.4 8561.29 8565.1 8568.83 8586.04 8541.73 8491.88 8446.71 8412.61 8395.16 8402.41 8393.85 8386.61
8525.44 8517.46 8512.79 8513.58 8520.48 8518.21 8514.06 8518.99 8534.9 8555.72 8602.05 8653.5 8702.47 8724.22 8722.24 8721.23 8725.12 8736.69 8753.85 8793.98 8902.56 8984.28 8976.56 8975.75 8933.8 8731.72 8565.81 8520.02 8501.98 8500.04 8510.43 8441.58 8408.28 8314.22 8254.78 8210.89 8185.27 8176.11 8178.81 8207.79 8235.33 8234.56 8266.92 8345.51 8453.52 8536.11 8674.63 8731.27 8711.59 8629.46 8556.8 8607.5 8630.95 8633.98 8619.93 8608 8619.23 8613.92 8597.45 8558.74 8508.75 8464.12 8430.17 8407.66 8403.6 8389.07 8378.79
8525.85 8516.27 8510.51 8510.06 8517.91 8517.35 8513.25 8519.32 8548.42 8574.05 8612.25 8662.55 8712.25 8744.78 8753.82 8767.75 8776.2 8785.26 8820.51 8902.37 9015.05 9049.42 8998.11 8936.76 8758.07 8563.02 8528.73 8566.66 8579.29 8608.37 8520.73 8256.16 8108.76 8092.61 8044.79 8013.58 8042.52 8097.69 8081.13 8052.7 8054.69 8064.16 8089.05 8178.23 8256.83 8304.42 8398.06 8511.3 8596.08 8692.74 8702.27 8729.24 8732.77 8749.04 8709.71 8683.87 8674.45 8652.06 8618.62 8569.41 8521.88 8475.4 8434.68 8416.02 8400.21 8388.59 8372.79
8528 8517.2 8508.85 8507.77 8511.43 8515.5 8518.06 8522.48 8555.53 8572.46 8618.21 8675.13 8732.47 8755.11 8766.94 8802.68 8817.99 8820.63 8861.32 8961.79 9040.21 9010.39 9021.4 8870.34 8608.64 8564.04 8624.53 8667.53 8556.98 8339.81 8177.47 8003.08 7891.29 7852.29 7794.96 7772.8 7778.64 7909.08 7883.85 7834.44 7850.53 7942.5 7895.16 8027.73 8089.27 8130.01 8171.3 8225.88 8292.44 8435.25 8634.14 8755.96 8767.91 8801.61 8762.6 8726.14 8733.04 8677.83 8622.62 8580.5 8535.83 8489.97 8447.8 8420.42 8394.65 8374.26 8360.8
8530.96 8519.51 8512.14 8510.24 8521.14 8515.19 8528.29 8546.9 8540.66 8573.5 8624.33 8685.5 8740.13 8764.1 8787.47 8803.27 8823.76 8839.23 8861.59 8955.96 9018.68 9023.94 8996.42 8719.02 8520.92 8448.76 8391.5 8326.45 8183.69 8022.21 7906.95 7801.83 7722 7568.54 7520.61 7505.63 7502.01 7517.39 7534.69 7564.86 7663.41 7769.42 7773.47 7794.32 7860.18 7945.17 7971.71 8026.66 8069.91 8199.91 8399.53 8577.68 8704.39 8802.63 8808.81 8771.71 8777.81 8697.94 8628.98 8596.3 8550.7 8502.48 8458.58 8417.5 8389.55 8372.32 8351.5
8534.5 8527.06 8516.33 8508.39 8507.24 8511.34 8532.85 8549.98 8544.39 8568.31 8634.23 8701.14 8746.15 8771.68 8782.49 8785.6 8832.43 8887.96 8942.45 9055.32 9090.02 9070.9 8855.81 8529.6 8275.89 8158.93 8081.92 8004.32 7911.33 7824.94 7711.54 7642.9 7492.31 7306.65 7286.72 7282.8 7256.02 7209.82 7251.32 7291.02 7297.75 7448.15 7579.98 7644.39 7744.76 7850.5 7882.33 7929.87 7995.29 8017.9 8156.93 8365.99 8582.85 8768.72 8829.83 8825.41 8876.13 8805.31 8711.85 8641.41 8582.57 8526.6 8474.03 8433.46 8404.88 8384.45 8366.28
8534.41 8529.32 8518.61 8508.49 8511.37 8518.71 8532.34 8539.19 8539.87 8580.82 8658.68 8737.06 8767.19 8785.58 8776.77 8791.39 8851.52 8938.79 9052.79 9046.02 8972.35 8873.56 8698.13 8376.23 8135.08 8011 7897.34 7794.03 7700.15 7604.69 7491.66 7370.39 7282.64 7149.15 7129.94 7122.9 7093.89 7054.16 7086.24 7124.26 7139.55 7174.52 7300.65 7500.2 7654.53 7734.52 7785.41 7845.46 7915.74 7901.73 7952.85 8120.94 8414.42 8683.34 8792.91 8849.2 8904.31 8842.37 8764.34 8689.45 8619.97 8555.91 8499.93 8451.79 8409.05 8383.44 8368.98
8527.47 8527.03 8520.15 8515.35 8517.87 8522.85 8535.86 8547.35 8557.6 8603.97 8682.9 8740.71 8771.42 8784.17 8813.61 8822.24 8866.97 8914.33 8967.86 8807.5 8631.83 8524.81 8370.41 8202.51 8033.99 7959.43 7769.39 7635.76 7525.85 7393.84 7340.38 7138.1 7057.16 7039.94 7027.55 7016.23 7001.8 6985.33 7007.72 7031.05 7044.96 7063.92 7170.65 7353 7547.23 7598.18 7672.62 7746.61 7787.22 7822.64 7862.6 7964.95 8198.45 8463.23 8719.34 8790.15 8877.71 8823.49 8785.15 8727.01 8658.6 8591 8526.03 8470.45 8415.99 8396.85 8384.83
8522.33 8524.63 8520.88 8517.36 8518.25 8517.96 8542.89 8562.39 8572.55 8638.73 8718.84 8762.52 8783.67 8794.31 8827.19 8863.86 8864.57 8821.7 8722.25 8547.85 8444.91 8364.36 8206.51 7990.57 7833.27 7699.4 7579.49 7487.77 7367.24 7228.7 7113.39 7022.57 6981.4 6964.36 6961.14 6956.52 6944.95 6949.01 6961.43 6972.7 6975.57 6991.97 7066.87 7177.35 7273.73 7466.44 7580.53 7669.16 7734.99 7791.57 7832.19 7892 8047.9 8276.18 8525.58 8727.82 8880.56 8898.43 8845.74 8775.97 8700.44 8622.71 8547.79 8477.52 8446.89 8420.5 8393.73
8531.67 8528.89 8521.44 8514.63 8518.14 8524.22 8555.71 8582.32 8596.94 8661 8751.37 8806.3 8812.33 8803.16 8829.49 8917.8 8859.2 8725.14 8545.92 8408.01 8353.22 8360.99 8210.64 7872.23 7708.47 7601.61 7528.82 7368.84 7203.71 7110.48 7024.23 6964.95 6947.76 6932.16 6923.81 6918.04 6912.78 6916.08 6924.8 6933.51 6940.62 6947.74 6987.77 7040.71 7082.05 7255.89 7471.31 7593.23 7713.99 7788.47 7829.42 7863.25 7957.89 8145.72 8463.8 8689.92 8854.45 8950.81 8875.96 8800.48 8724.32 8651.21 8577.54 8514.96 8476.99 8449.88 8421.18
8533.75 8527.1 8520.59 8516.35 8518.29 8525.24 8576.2 8612.88 8633.57 8712.2 8767.19 8803.08 8815.02 8819.02 8843.39 8923.51 8846.66 8653.57 8460.11 8365.32 8359.46 8330.58 8149.06 7819.24 7660.9 7522.33 7342.28 7143.12 7096.24 7055.17 6991.71 6947.59 6917.77 6902.69 6894.32 6891.97 6891.75 6892.41 6898.02 6906.18 6915.91 6929.01 6948.07 6977.89 7028.72 7118.46 7322.14 7477.8 7663.03 7811.09 7794.12 7827.16 7894.75 8071.75 8366.75 8701 8870.84 8874.61 8865.47 8809.51 8741.89 8673.29 8609.75 8551.37 8520.59 8461.24 8412.77
8516.88 8519.12 8519.08 8517.9 8520.31 8533.62 8608.4 8653.28 8675 8737.52 8756.82 8772.72 8797.55 8837.66 8857.73 8928.18 8825.23 8597 8373.61 8264.9 8248.61 8253.5 8077.97 7805.51 7663.62 7501.04 7244.56 7092.18 7039.92 7002.68 6962.42 6930.79 6903.69 6885.91 6875.71 6875.24 6872.22 6881.06 6884.35 6884.98 6892.99 6906.77 6927.54 6950.21 6975.7 7026.81 7114.22 7311.88 7521.96 7780.07 7767.79 7788.27 7846.83 8001.61 8257.03 8577.13 8859.73 8885.22 8855.92 8810.72 8753.59 8693.22 8637.65 8579.45 8533.57 8463.13 8419.08
