real_craters/C169-500m.grd
DSAA
258 258
-64.2775 64.2775
-64.2775 64.2775
10145.636930229 11948.754953349
[rows 180 to 209 of 258, columns 0 to 66 of 258]
11242.8 11248 11254.4 11263.1 11276.5 11278.6 11271.4 11270.2 11271.2 11272.8 11274.9 11277.2 11281.4 11287.5 11293.3 11294.8 11287.4 11281.4 11280.5 11280.4 11281.1 11281.4 11281.1 11278.1 11271.6 11268.5 11274.5 11277.6 11280.6 11283.9 11276.6 11233.2 11215.3 11221.6 11232.3 11242.2 11235.8 11218.4 11230.2 11218 11239.9 11244.2 11241 11236.4 11235.8 11234.6 11233.5 11232.7 11240 11242.6 11243.7 11236.4 11228.3 11218.6 11205.7 11195.1 11184.3 11173.8 11165.3 11156.8 11153.2 11153.2 11154 11154.7 11155.4 11156.7 11147.5
11244.4 11249.1 11255.9 11263.9 11272.4 11274.8 11271.6 11271.8 11273.6 11276.1 11278.7 11281 11285.4 11291.4 11297 11301.9 11299.1 11292.1 11287.9 11286.2 11286.9 11287.2 11288.1 11288.6 11286.8 11285.3 11288.5 11292.6 11296.7 11301.1 11298 11260 11238.2 11237.6 11242.1 11248.6 11251 11235.9 11168.7 11143.4 11193.1 11236.4 11242.9 11241.8 11239.6 11240.7 11240.9 11238.9 11234.7 11244.6 11245.7 11238.5 11229.5 11220.2 11208.8 11197.3 11184.5 11172.2 11161.1 11162.9 11160.1 11158.9 11159 11159.4 11159.9 11158.6 11149.4
11248.3 11250.4 11255.7 11260.1 11262.2 11264.1 11268.8 11272.7 11276.6 11280.6 11284.4 11287 11291 11295.2 11298.7 11300.8 11300.9 11298.8 11297 11294.8 11294.3 11294.5 11296 11301.1 11308.9 11309.1 11304.4 11305.5 11307.6 11305.1 11294 11279.8 11264.1 11253 11248.9 11252.6 11270.8 11266 11140.7 11092.1 11138.3 11220.5 11244.8 11247.7 11247.7 11248.7 11250.9 11255.2 11256.2 11249.6 11245.5 11239.2 11230.3 11220.6 11211.3 11199.2 11186.5 11174.7 11165.1 11166.8 11165.3 11164.3 11164.1 11163.9 11163 11159.9 11152.6
11249.1 11252.1 11255 11257.3 11258.7 11261.6 11266.9 11273 11278.9 11284.7 11290.6 11297 11298.4 11299.8 11300.9 11301.2 11303.5 11304.2 11303.6 11303.3 11303.4 11304.1 11304.8 11307.3 11312.2 11315 11313.5 11314.9 11317.3 11318.3 11310.5 11297.4 11283.4 11263.3 11249.3 11247.2 11271 11284.8 11186 11142.6 11201.7 11257.9 11258.4 11252.7 11252.5 11255.7 11259.1 11261.3 11259.8 11254.8 11250.7 11241.4 11231.2 11219.3 11208.9 11199.8 11190.3 11182 11175.1 11171.1 11169.6 11169.4 11169.3 11168.7 11166.3 11160.9 11151.9
11251.4 11253.7 11255.3 11256.8 11257.7 11260.4 11266.9 11273.8 11281 11287.9 11294.5 11300.4 11302.9 11303.9 11305 11307.8 11310.2 11310.6 11310.6 11311.1 11311.4 11311.4 11311.5 11310.8 11308.4 11313.3 11317.4 11320.9 11323.1 11324 11317.3 11303.9 11285.7 11264.9 11243.7 11229.2 11250.4 11270 11252 11255.7 11277.8 11280.9 11268.3 11259.8 11259.3 11262.6 11265 11265.7 11261.9 11256.1 11251.4 11239.8 11229.1 11219.8 11210.5 11201.1 11192.7 11186.7 11180.1 11173.1 11172.8 11173.6 11174.3 11174.1 11171.9 11165.6 11155.8
11254.2 11255.6 11256.3 11257.2 11258.3 11260.8 11267.8 11275.4 11283.3 11291 11297.6 11301.6 11305.8 11307.6 11308.6 11311.7 11315.6 11317 11318.3 11318.6 11318.9 11319.1 11318.3 11315.5 11313.2 11317.6 11322.1 11326 11327.5 11323.6 11317 11305.9 11289.1 11267.5 11242.2 11221.2 11232.4 11253 11264.8 11268.2 11267.9 11267.3 11268.5 11262.5 11263.9 11266 11267.8 11269 11262.5 11253 11243.9 11235.7 11227.6 11220.4 11211.5 11202.3 11193.4 11184.6 11175.3 11173.7 11175.2 11177.1 11178.8 11179.6 11178 11172.5 11163.1
11255 11255.9 11256.4 11257.9 11260.4 11265.1 11269.9 11277.2 11285.4 11294 11302.4 11308.4 11310.1 11311.4 11313.2 11317.5 11321.3 11323.5 11325 11327.2 11328 11328.1 11326.7 11323.3 11320.7 11325.2 11328.8 11331.5 11332.4 11331.9 11320.4 11308 11297.4 11271.5 11246.7 11230.1 11221.6 11241.8 11255.4 11258.3 11266.9 11271.1 11272.5 11271.1 11268.1 11267.4 11267.7 11266.4 11259.7 11249.7 11241.2 11233.3 11227.1 11221.4 11213.1 11203.9 11194.3 11184.9 11178.5 11176.2 11177.5 11180 11182.8 11185.1 11185.6 11179.7 11169.1
11257.1 11257.1 11258.1 11259.4 11261.8 11265.7 11270.5 11278.3 11286.8 11296.1 11305.6 11311.8 11313.1 11314.6 11317.6 11323.6 11327.1 11329.7 11331.7 11334.1 11335.5 11336.3 11337.1 11335.3 11333.1 11336.4 11337.7 11338.4 11335.1 11325.9 11318.6 11304.5 11285.2 11267.4 11251.2 11236.4 11226.2 11232.1 11249 11268.3 11276.4 11278.5 11278.1 11275 11270.9 11268.2 11266.8 11264.8 11257.2 11248.2 11239.7 11233.6 11229.9 11224.6 11216.4 11206.8 11196.4 11186.1 11179.7 11178.6 11180.3 11183.3 11186.6 11189.7 11192.2 11185.8 11171.8
11262.7 11261.2 11261 11261.6 11263 11265.4 11270.3 11278.5 11287.1 11296.2 11305.4 11311.3 11313.5 11315.8 11319.8 11327.2 11330.9 11334.9 11338.2 11340 11342.9 11346 11349.8 11352.7 11350.6 11349.1 11348.6 11347.9 11344.1 11330.7 11321.6 11304.3 11282.9 11269.2 11261.2 11247.3 11236.1 11232 11247 11272.7 11284.9 11289 11282 11275.4 11270.3 11265.3 11261.4 11259.2 11253.9 11249.3 11246.5 11242.5 11237.2 11230.4 11221.8 11211.7 11200.5 11188.2 11180 11179.8 11182 11185.1 11188.2 11191.1 11191.7 11185.3 11172.3
11266 11264.3 11263.7 11263.8 11264.7 11266.9 11271.6 11278.9 11286.9 11295.1 11302.2 11308.3 11312.4 11315.7 11319.8 11327.9 11333.8 11338.7 11343.2 11347.5 11353.3 11358 11363.3 11371 11371.6 11361 11356.6 11356.8 11362.1 11357.2 11331.8 11309.8 11289.3 11279.2 11280.9 11273.7 11250.2 11237.5 11246 11271.5 11284.1 11281.6 11280.8 11276.4 11268.8 11260.8 11253.6 11250 11250.8 11251.6 11252.6 11251.7 11245.7 11237.2 11227.5 11217.3 11206.7 11194.8 11183.5 11182.7 11183.8 11186 11188.4 11190.1 11189.1 11184.3 11174
11269.2 11267.9 11266.6 11265.9 11266.7 11268.9 11272.6 11279.5 11287 11294.8 11302 11307.3 11311.6 11315.6 11321.7 11330.1 11336.8 11342.5 11350.2 11355.8 11361.1 11365.2 11369.9 11374.6 11373.4 11364.2 11358.4 11355.8 11357.9 11354.5 11333.3 11315 11298.6 11287.9 11291.9 11283.9 11259.6 11241.7 11244.7 11266.5 11279.9 11281.4 11279.1 11275.2 11267.2 11257.9 11248.4 11245.4 11249.8 11254.8 11260.6 11264.7 11254.6 11244.1 11234 11223.8 11213.1 11200.7 11188.8 11186.6 11186.3 11186.7 11187.8 11189.2 11191 11187.9 11181.5
11272.2 11270.6 11268.9 11268.2 11268.4 11270.5 11273.9 11280.1 11287.9 11295.4 11302.3 11307.7 11311.9 11315.6 11321.5 11331.9 11340.2 11348.7 11355.8 11363.3 11368.4 11372.5 11373.3 11369.7 11367.6 11361.9 11355.1 11346.9 11335 11329 11325.7 11317.5 11311.2 11307.6 11290.2 11281 11269.6 11252.1 11244.9 11252.4 11264.5 11280.8 11278.9 11274.8 11267.7 11258.7 11248.7 11246.7 11251.6 11257.2 11263.9 11269.2 11258.8 11249.1 11239.8 11230.3 11218.5 11204.9 11196 11192.2 11190.4 11189.3 11188.6 11188.4 11189.5 11193.7 11195.7
11274 11272.3 11271.4 11270.9 11270.8 11272 11274.5 11281.5 11289.5 11297.1 11303.2 11309.3 11314 11318.3 11325.9 11335.7 11344.2 11355.3 11365.6 11373.6 11379.8 11382.7 11381.3 11372.9 11369.6 11361.6 11352.1 11341 11329.7 11323.3 11320.9 11318.3 11315.8 11311.7 11303.1 11294.8 11289.3 11282.1 11250.4 11246.3 11254.8 11273.2 11278.1 11277.3 11271.3 11264.6 11256.6 11254.3 11255.9 11258.5 11260.7 11259.5 11256.8 11251.1 11244.3 11237.2 11230 11212.6 11202.3 11198.6 11195.2 11192.6 11190.5 11189.2 11191 11201.1 11211.7
11277.4 11276.1 11275.9 11274.6 11274 11274.1 11276.3 11283.9 11293.1 11301.5 11307.7 11313.6 11317.9 11322.1 11331.5 11340.7 11351.5 11361.9 11372 11383.2 11391.6 11396.6 11397.7 11394.3 11383.4 11367.7 11353.4 11339.4 11327 11321.4 11319.9 11319.3 11317.6 11313.9 11314.5 11309.8 11305.5 11299.2 11258.6 11248.6 11252.3 11269.3 11282.4 11280.3 11275 11271.1 11269.7 11264 11260.6 11259.9 11259.5 11259.6 11256.3 11252.1 11247.3 11241.9 11235.9 11224 11212.7 11206.1 11201.3 11197.6 11194.4 11193.1 11198 11208.9 11222.3
11282.4 11280.7 11279.8 11278.7 11278 11277.9 11279.7 11288 11298.7 11308.9 11316.4 11320.4 11323.6 11326.5 11334.2 11344.1 11356.9 11368.8 11382.5 11393.8 11403.5 11411.4 11415.6 11415.7 11398.6 11375.6 11356.1 11338.7 11327 11321.1 11320.8 11321.9 11322.1 11320.9 11319.8 11315.7 11308.1 11296.4 11268.1 11255 11254.2 11264.3 11278.1 11279.5 11275.4 11272.9 11271.5 11267.2 11263.7 11261.6 11260 11260 11256.5 11253.1 11249.3 11244.9 11238.5 11232.8 11221.8 11214 11208.2 11204.3 11201.3 11197.4 11201.8 11215.2 11228.1
11284.5 11284 11282.9 11282.3 11282.6 11283.2 11285.8 11294.2 11305.7 11317.4 11324.6 11327.6 11330.3 11332.9 11337.1 11347.9 11363.2 11376.6 11391.1 11404.1 11415.8 11425 11429.3 11423.9 11409.1 11383.6 11360.3 11337.6 11320.2 11319.9 11322.5 11325.8 11329 11332.4 11326.1 11319.3 11306.6 11285.6 11269.2 11257.3 11255.4 11252.7 11265.7 11273.1 11272 11270.3 11266.5 11266.7 11264.6 11262.5 11260.2 11259.2 11256.1 11253.6 11250.9 11247.5 11243.9 11234 11226.5 11219.6 11214.8 11211.5 11210.3 11212.1 11214.9 11222.1 11230.6
11286.3 11286.5 11287 11287.6 11288.1 11290.5 11294.3 11301.7 11311.7 11324.6 11331 11332.7 11336.5 11341.9 11345.6 11353.9 11369.3 11383.6 11398.6 11412.9 11426.1 11437.8 11444.9 11440.2 11416.6 11392 11367.1 11342.1 11322.2 11323.4 11325.4 11329.3 11334.4 11340.7 11336.1 11324.7 11311.7 11293.3 11270.2 11254.7 11243.8 11246.6 11255.9 11263.4 11267 11268.4 11269.2 11267.9 11266.3 11264.1 11261.4 11259.6 11256.5 11255.6 11253.8 11249.8 11240.9 11235.3 11230 11224.5 11219.8 11216.8 11216.7 11222.7 11224.1 11226.9 11231.5
11288.4 11289.1 11290.4 11292.2 11294.4 11297.9 11302.9 11308.9 11314.1 11321.1 11328.6 11333.9 11338.8 11345.1 11352.1 11360.2 11374.9 11390 11405.4 11421.6 11436.1 11449.5 11459.5 11453.6 11425 11398.7 11374.9 11354.9 11340 11332.6 11331.3 11333.2 11336.9 11341 11336 11330.3 11322.6 11314.8 11292.2 11266 11250.2 11252.5 11249.5 11255.8 11262 11265.9 11267.9 11269 11268.1 11266.3 11263.8 11261 11258.8 11258.9 11257.9 11255.3 11249.3 11240.5 11234.3 11228.9 11224.4 11220.8 11218.3 11216.7 11222.2 11228.1 11234.2
11292.5 11293.7 11295.6 11297.7 11300.1 11303.5 11308.8 11313.2 11313.6 11316.4 11325.8 11334.7 11340.2 11343.5 11352.7 11364.2 11381.9 11397.8 11413.3 11428.5 11443.7 11456.1 11465.1 11457.1 11430.6 11400.4 11378.7 11365.2 11351.9 11339.9 11336.5 11337.6 11341.1 11345.8 11338.4 11337.8 11333.3 11324.5 11312.3 11290.5 11262.1 11254.4 11249 11250.8 11259.4 11266.5 11269.8 11270.3 11269.7 11268.2 11267.2 11265.3 11264.4 11263.1 11262.4 11261 11256.6 11247.1 11239.3 11233.3 11228.2 11223.9 11220.1 11218 11222 11227.4 11232.1
11299.3 11301.2 11303.3 11304.8 11306.9 11308.8 11309.6 11309.6 11312.5 11317.7 11328.3 11339.3 11347.2 11350.8 11357.9 11370.1 11390 11406.1 11422 11436.1 11448 11456.7 11458.5 11449 11421.1 11395.7 11373.4 11357.3 11346.6 11339.2 11337.6 11340.9 11346.2 11351.9 11348.1 11349.5 11343.6 11332.1 11318.7 11299.1 11267.1 11247.8 11248.5 11249.4 11259 11271.2 11273.7 11271.6 11270.5 11269.6 11268.9 11268.2 11266.6 11267.3 11266.8 11264.2 11257.8 11249.8 11242.1 11236.5 11231.8 11227.5 11223.9 11222.2 11223.7 11226.5 11228.1
11306.3 11309.2 11311.6 11313.8 11314.9 11315.4 11314.4 11312.4 11314.8 11320.4 11333.9 11348.7 11358.2 11359.7 11368 11379 11398.7 11414.1 11429.1 11442.3 11453 11457.4 11451.6 11440.7 11414.2 11388 11362.4 11340.9 11333.6 11333.1 11336 11342.3 11350.8 11359.4 11370.1 11366.6 11353.2 11338.6 11322.4 11306.1 11276.8 11255.2 11251.5 11250.8 11257.7 11266.1 11269.9 11270.7 11271 11271 11271.6 11271.9 11272.2 11271 11270.1 11269 11256.6 11248.7 11243.8 11239.5 11235.3 11231.7 11228.7 11227.6 11226.5 11227.3 11227.2
11312 11314.9 11318.5 11321.2 11323.3 11325 11325.3 11322.6 11323.7 11327.5 11342.2 11361.3 11381.6 11378.7 11381.8 11394.8 11408.8 11422.5 11436.1 11448.8 11458.8 11463.8 11459.5 11442.2 11411.1 11381.9 11353 11329.2 11324.5 11327.8 11333.8 11341.6 11353.8 11374.9 11396.9 11378.9 11354.5 11336.3 11336 11319.6 11290 11268.4 11263 11258.8 11256.4 11255.2 11263.7 11268.6 11271 11274.1 11275 11275 11273.9 11272.3 11270.5 11267.3 11256.7 11250 11245.9 11242.6 11239.5 11236.1 11232.3 11229.4 11229 11229.6 11231.2
11318.5 11321.8 11325 11327.5 11330.9 11334.7 11339.2 11343.8 11336 11335 11349.4 11369 11390.2 11396.2 11396.2 11406.2 11418 11430.7 11443.1 11454.5 11464.4 11470.9 11470.3 11445.6 11409.6 11378.1 11348.3 11325.6 11322 11325.7 11331.8 11338 11345.7 11358.6 11381 11370.7 11343.4 11314.3 11283.2 11266.5 11296.3 11290.2 11271.6 11261.2 11259.2 11260.9 11264.4 11268.3 11271.3 11273.6 11277.1 11278.2 11278.4 11275.6 11269.9 11262.2 11256.8 11252.1 11248.7 11246.3 11244 11241.3 11238.1 11234.2 11231 11229.6 11229.9
11324.2 11327.8 11331.7 11335.3 11339 11343.6 11349.2 11352.7 11344 11342 11355.6 11371.1 11386 11400.6 11405.9 11415.2 11424.9 11436 11447.8 11457.6 11466.5 11471.4 11466.1 11441.7 11407.3 11375.4 11347.2 11329.4 11324 11326.6 11331.7 11336.2 11337.9 11339.5 11358.6 11354.1 11330.6 11296.8 11249.4 11228.9 11299.9 11315.7 11281.7 11264.1 11264.4 11266.7 11268.1 11270.1 11272.8 11276.8 11279.6 11281.7 11282.4 11277.9 11270.5 11262.8 11257.9 11254.3 11252.1 11250.6 11248.9 11246.9 11244.8 11238.8 11232 11227.2 11225.2
11329.3 11333.7 11337.3 11340.9 11344.8 11349.6 11354.6 11357.5 11354.8 11354.7 11363.3 11373.9 11385.8 11405.8 11409.5 11419 11427.5 11437.7 11447.9 11458 11465.6 11467.8 11459.1 11433.5 11403.6 11373.3 11345.1 11328.6 11326.4 11329.5 11335.1 11340.9 11346 11346.2 11348.2 11342.6 11326.9 11304.8 11285.3 11274.7 11311.9 11319.6 11293.6 11273 11269.9 11271.6 11271.3 11273.9 11276.7 11279.2 11282.1 11284.3 11284.1 11279.5 11272.2 11265.1 11259.3 11256.7 11255.4 11254.7 11253.4 11251.3 11248.3 11241.1 11232.2 11224.9 11223.1
11333.9 11337 11341.6 11345.2 11348.9 11352.9 11356.7 11360.8 11365.2 11366.4 11372.2 11380.1 11390.5 11404.5 11410.2 11421.7 11430.6 11440.3 11449.4 11458.2 11463.7 11465.1 11455 11428.8 11400.9 11373.3 11347.6 11332.2 11331.6 11334.8 11341.1 11348.5 11355.3 11355 11348.8 11340.6 11330 11320.5 11321.7 11334.8 11323.8 11318.9 11302.7 11282.7 11273.9 11272.3 11274.7 11277.2 11279.9 11282.3 11284.3 11286.1 11287 11282.6 11273 11264.6 11260.5 11259.3 11259 11258.8 11258.2 11256.4 11250.9 11243.8 11233.7 11223.5 11223.9
11336.7 11340 11343.1 11346.9 11350.3 11353.7 11356.5 11357.5 11361.2 11370.1 11379.9 11388.2 11393.6 11401.5 11408.4 11420.4 11431.1 11440.9 11449.8 11456.6 11460.5 11459.9 11449.5 11424.6 11399.1 11373.8 11356.1 11344.3 11339 11341.7 11348.2 11356.4 11365.7 11361.9 11352.2 11343.2 11334.5 11329 11327.8 11323.5 11316.9 11313.8 11305.8 11293.7 11280.9 11277.4 11280 11281.7 11284.4 11286 11287.2 11287.8 11286.8 11282.9 11275.9 11265.6 11261 11262 11262.9 11263.8 11264.5 11264.1 11260.3 11251.3 11239.5 11227.1 11227.7
11338.6 11340.9 11343.9 11347.1 11351.3 11354.1 11357.5 11356.8 11358.8 11372.9 11386.6 11400.5 11399.7 11398.5 11408.5 11418.7 11429.3 11439.1 11448.8 11455.5 11457.5 11452.6 11442.4 11421.9 11398.7 11373.4 11349.5 11343.2 11344.5 11347.9 11353.2 11359.6 11365.2 11360.3 11350.5 11340.5 11335 11329.6 11324.6 11317.2 11312.9 11310.9 11307.5 11305.2 11293.2 11287.6 11287.7 11287.8 11288.1 11288.4 11288.9 11289.1 11287.2 11282.7 11280.4 11273.2 11267 11266.3 11267.1 11268.2 11269.8 11272 11271.7 11261.7 11251.5 11240.3 11236.6
11336.7 11341.2 11343.8 11348.1 11351.2 11354.6 11360.3 11363.4 11371.7 11377 11386.6 11401.1 11393.5 11393.6 11404.7 11415.4 11425.4 11436 11445.7 11453.7 11457.4 11452.7 11443.2 11423.8 11402.2 11378.7 11355.5 11350.6 11351.2 11353.5 11356.8 11360.2 11360.9 11355.7 11347.5 11340.5 11333.5 11328.3 11323.9 11317.2 11314.8 11311.8 11309.1 11308 11307.8 11300.6 11296.5 11294.4 11293.1 11292.4 11292.1 11291.4 11289.6 11286.4 11283.5 11278.2 11272.5 11270.7 11270.8 11271.7 11273.2 11274.4 11274.3 11269.8 11265.6 11262 11249.8
11337.5 11341 11344.6 11347.5 11350.7 11353.6 11358.2 11364.2 11373.6 11373.6 11376.5 11380.8 11387.2 11390.7 11400.1 11410.2 11420.5 11431.4 11442 11451.5 11460 11465.3 11450.8 11429.2 11409.1 11389.8 11375.7 11364.4 11360.9 11359.6 11359.4 11359 11359.7 11350.8 11342.7 11335.3 11330.2 11327.8 11326.1 11326.5 11320.3 11314.4 11310.3 11309.2 11312.7 11308.3 11303 11299.8 11297.2 11295.5 11294.4 11294.2 11293.7 11293.6 11289.1 11279.3 11274.9 11273.5 11273.8 11275 11275.5 11275.6 11275.2 11274.9 11272.5 11268.1 11258.6
