real_craters/C170-500m.grd
DSAA
261 261
-64.995 64.995
-64.995 64.995
7967.9740275331 10009.591851887
[rows 180 to 209 of 261, columns 67 to 133 of 261]
9264.91 9265.19 9264.67 9269.39 9273.2 9276.3 9282.41 9308.7 9327.63 9336.24 9337.21 9339.13 9346.89 9356.01 9358.84 9356.17 9349.39 9340.19 9329.57 9318.83 9316.13 9331.45 9349.06 9362.19 9360.33 9350.91 9353.75 9361.64 9360.44 9366.46 9379.91 9400.08 9406.44 9407.41 9408.04 9408.22 9409.23 9415.36 9429.86 9449.48 9473.08 9475.15 9469.58 9464.32 9456.28 9440.93 9428.66 9428.28 9431.38 9434.47 9437.38 9431.5 9431.74 9431.24 9430.35 9427.52 9425.81 9422.4 9419.68 9417.87 9413.78 9412.35 9409.79 9408.59 9403.39 9402.67 9393.08
9262.02 9261.12 9263.72 9267.92 9271.2 9273.7 9278.54 9298.35 9321.23 9338.87 9349.13 9352.84 9349.65 9358.77 9372.47 9370.94 9362.12 9351.68 9340.03 9328.32 9323.51 9334.79 9351.97 9374.84 9377.53 9366.48 9360.19 9356.15 9356.35 9356.98 9364.38 9383.25 9395.93 9401.51 9404.28 9401.23 9401.62 9406.64 9419.26 9446.14 9480.41 9495.19 9476.9 9461.39 9446.6 9427.28 9414.67 9418.99 9426.04 9431.31 9435.36 9426.59 9426.21 9426.13 9424.72 9423.03 9421.13 9423.4 9421.99 9418.28 9416.99 9413.49 9402.93 9400.65 9397.07 9397.75 9385.28
9257.54 9260.59 9266.38 9270.78 9273.94 9276.88 9281.29 9295.95 9318.12 9341.12 9354.3 9359.63 9353.29 9365.83 9387.38 9383.57 9374.35 9364.37 9354.57 9345.24 9337.82 9334.72 9341.26 9365.99 9376.35 9374.65 9360.99 9350.47 9349.57 9350.78 9356.51 9372.29 9385.08 9392.01 9394.56 9391.12 9392.95 9395.3 9408.91 9432.74 9460.57 9480.02 9471.92 9453.67 9432.76 9414.21 9407.92 9416.59 9425.43 9431.06 9434.73 9429.14 9430.61 9430.99 9430.07 9424.1 9422.32 9420.35 9417.61 9415.19 9413.59 9410.32 9410.81 9403.58 9399.19 9395.67 9385.29
9262.31 9264.81 9273.12 9277.03 9281.43 9284.9 9288.68 9310.86 9338.57 9350.88 9360.84 9364.86 9355.91 9370.77 9388.52 9390.22 9384.42 9377.33 9370.04 9363.69 9353.93 9342.1 9336.96 9345.27 9363.78 9371.58 9355.89 9345.22 9346.24 9350.77 9357.55 9367.85 9379.07 9384.75 9383.31 9384.33 9389.94 9395.98 9405.91 9424.19 9441.6 9468.63 9465.78 9447.31 9422.13 9406.96 9414.5 9422.85 9428.11 9430.85 9432.34 9428.11 9428.29 9428.58 9427.52 9425.4 9423.56 9424.46 9422.47 9420.08 9418.22 9411.76 9408.61 9399.56 9392.83 9393.69 9384.55
9288.12 9288.14 9289.35 9291.76 9294.23 9296.42 9305.18 9323.25 9342.41 9359.62 9366.61 9368.35 9365.98 9378.42 9391.58 9394.24 9392.37 9388.31 9383.88 9378.07 9367.85 9356.74 9352.97 9354.14 9359.58 9359.38 9350.35 9342.96 9346.35 9352.69 9364.6 9374.96 9378.14 9384 9389.92 9392.37 9391.61 9395.85 9410.53 9432.39 9462.56 9477.91 9466.38 9447.18 9426.48 9417.46 9431.67 9435.23 9435.23 9435.06 9434.42 9424.83 9431.37 9429.36 9427.11 9425.79 9424.32 9423.27 9416.27 9414.16 9412.26 9405.1 9405.93 9394.27 9393.01 9396.57 9391.32
9325.17 9313.89 9310.51 9303.95 9302.37 9307.99 9323.33 9340.72 9348.39 9361.88 9366.17 9372.17 9382.8 9385.22 9392.52 9397.39 9398.14 9396.06 9394.12 9390.49 9379.13 9367.2 9362.3 9364.18 9363.11 9360.95 9354.02 9348.73 9349.01 9352.32 9357.11 9365.28 9375.34 9383.59 9390.92 9395.12 9392.44 9395.38 9414.04 9439.68 9481.46 9483.79 9467.57 9450.89 9436.82 9433.52 9447.45 9447.63 9441.85 9437.88 9435.09 9435.59 9428.72 9421.52 9418.97 9416.46 9412.9 9410.68 9410.09 9406.9 9403.54 9397.97 9399.37 9392.41 9394.37 9395.38 9399.09
9380.21 9363.16 9318.12 9294.29 9292.89 9305.36 9318.28 9311.72 9359.8 9375.05 9366.67 9361.48 9369.24 9385.02 9395.84 9399.03 9400.97 9401.21 9400.27 9396.36 9385.22 9370.79 9358.76 9365.26 9364.82 9364.33 9360.94 9354.27 9351.23 9352.8 9355.07 9361.56 9372.74 9381.9 9391.22 9398.38 9388.51 9389.46 9411.4 9436 9461.66 9469.67 9462.35 9451.97 9444.29 9441.99 9456.08 9452.23 9444.79 9440.45 9437.58 9437.71 9428.02 9420.06 9415.61 9412.45 9409.44 9405.57 9404.55 9402.25 9399.04 9396.81 9398.67 9390.57 9392.61 9399.35 9406.86
9406.67 9343.22 9272.99 9250.15 9255.07 9277.67 9312.53 9323.35 9358.69 9381.02 9364.21 9348.16 9352.54 9375.43 9391.61 9396.08 9398.43 9400.25 9401.87 9399.54 9388.98 9375.22 9359.23 9359.81 9363.07 9364.49 9360.78 9352.38 9350.3 9353.54 9361.43 9365.84 9372.3 9378.07 9382.98 9384.22 9378.71 9381.59 9409.53 9437.86 9446.41 9453.81 9452.73 9448.41 9446.13 9451.2 9447.71 9443.58 9441.46 9439.91 9436.23 9434.44 9427.58 9419.4 9414.1 9412.67 9409.81 9406.43 9404.96 9403.03 9402.31 9398.9 9399.33 9391.12 9395.7 9403.15 9412.44
9198.32 9165.54 9151.28 9152.33 9178.65 9221.75 9290.87 9343.54 9376.57 9378.69 9351.74 9329.07 9331.44 9363.51 9382.86 9391.08 9395.65 9398.52 9400.61 9398.12 9391.86 9384.02 9376.76 9370.13 9363.17 9352.2 9342.42 9343.79 9345.7 9349.24 9356.32 9368.94 9371.35 9372.36 9370.52 9366.46 9371.96 9382.32 9410.3 9439.27 9441.89 9441.66 9441.11 9438.88 9437.99 9437.1 9432.61 9429.73 9434.11 9435.58 9435.43 9434.53 9429.33 9422.54 9418.55 9415.51 9410.61 9408.1 9405.87 9403.26 9401.06 9399.04 9398.92 9393.81 9398.81 9404.4 9414.2
8964.24 8972.58 8999.16 9028.62 9068.17 9121.04 9200.8 9305.13 9377.01 9373.66 9352.56 9337.74 9342.24 9366.26 9380.51 9387.94 9391.42 9394.18 9397.78 9397.05 9390.79 9389.19 9394.42 9384.78 9368.43 9348.68 9332.85 9337.79 9341.2 9343.89 9347.41 9364.07 9368.91 9368.9 9366.24 9366.8 9371.41 9382.94 9409.62 9417.09 9426.92 9428.46 9427.28 9425.16 9423.54 9423.14 9422.1 9424.43 9429.54 9432.08 9432.71 9432.46 9427.57 9420.2 9418.32 9415.5 9411.69 9410.36 9409.14 9407.04 9405.36 9403.63 9400.26 9393.79 9397.09 9401.74 9408.06
8792.17 8810.92 8852.57 8895.71 8936.6 8992.66 9058.31 9170.33 9297.65 9343.3 9359.6 9353.8 9363.7 9372.73 9381.5 9385.28 9385.31 9384.67 9385.78 9386.7 9383.5 9381.03 9380.52 9390.07 9374.94 9356.14 9346.75 9342.94 9343.16 9344.58 9349.25 9363.43 9368.55 9368.48 9367.11 9365.97 9367.35 9374.5 9378.54 9393.85 9412.53 9413.16 9411.88 9409.53 9406.85 9405.28 9410.81 9423.88 9427.64 9429.06 9429.75 9430.11 9428.25 9421.31 9416.89 9415.07 9413.27 9409.57 9407.31 9404.21 9404.29 9404.06 9398.6 9392.74 9395.95 9397.9 9401.22
8636.71 8671.67 8724.49 8767.75 8806 8854.92 8928.7 9037.44 9148.2 9270.91 9352.01 9372.99 9385.99 9385.49 9386.59 9384.15 9378.71 9373.32 9366.68 9369.31 9374.77 9373.95 9367.3 9384.15 9380.2 9367.36 9356.39 9350.5 9349.25 9350.28 9354.01 9367.86 9369.46 9369.06 9368.86 9368.67 9366.19 9373.45 9382.81 9383.2 9395.89 9399.61 9398.88 9396.16 9392.42 9389.21 9397.98 9418.66 9424.15 9425.94 9427.55 9429.25 9422.49 9414.18 9410.64 9408.11 9406.95 9404.54 9402.78 9401.14 9400.11 9399.52 9393.68 9392.72 9393.72 9394.96 9395.01
8573.78 8596.08 8633.3 8661.53 8690.06 8721.59 8785.98 8932.53 9065.84 9206.13 9316.62 9380.39 9402.96 9400.76 9394.33 9384.71 9376.34 9366.96 9360.72 9364.57 9372.92 9379.85 9386.82 9387.3 9382.2 9377.79 9363.09 9356.27 9356.39 9360.34 9364.64 9366.51 9368.85 9369.71 9369.66 9369.39 9371.24 9379.29 9390.55 9388.65 9386.51 9390.05 9390.43 9387.58 9383.13 9376.26 9376.76 9411.12 9415.47 9416.48 9418.84 9419.92 9420.52 9412.93 9410.62 9409.45 9407 9405.47 9403.68 9401.46 9399.99 9397.08 9390.55 9391.28 9386.61 9388.36 9390.03
8550.99 8561.77 8578.75 8592.35 8605.41 8611.83 8628.16 8800.95 9003.78 9181.67 9264.27 9364.85 9408.91 9410.93 9402.22 9387.59 9374.84 9363.78 9360.46 9364.49 9374.51 9386.17 9386.93 9369.98 9378.69 9392.42 9377.77 9360.69 9360.61 9366.46 9369.87 9368.35 9369.81 9370.85 9371.23 9370.8 9375.09 9381.5 9382.78 9379.89 9381.05 9383.25 9383.88 9383.53 9381.92 9379.87 9384.24 9395.45 9404.9 9409.87 9413.09 9414.65 9415.35 9407.43 9405.7 9404.06 9403.6 9401.73 9399.79 9399.93 9398.21 9396.29 9389.93 9388.25 9380.43 9379.08 9381.87
8545.3 8545.97 8549.64 8553.53 8552.99 8551.29 8566.84 8692.57 8857.33 9134.81 9237.26 9353.67 9406.62 9418.06 9408.72 9393.29 9374.73 9358.34 9352.59 9360.63 9374.01 9389.39 9392.35 9371.81 9373.31 9383.14 9368.16 9355.6 9360.42 9366.59 9369.61 9369.58 9369.32 9370.39 9372.93 9376.35 9382.79 9380.23 9378.67 9380.12 9377.27 9379.2 9381.45 9383.71 9386.45 9389.89 9394.27 9394.32 9399.16 9404.35 9407.66 9408.98 9409.68 9403.39 9402.07 9400.46 9400.54 9398.38 9396.39 9394.64 9389.48 9388.18 9379.21 9377.59 9372.66 9375.43 9378.14
8548.82 8545.13 8542.56 8539.56 8536.73 8535.38 8545.33 8635.65 8793.13 9048.19 9166.01 9304.95 9412.84 9423.24 9414.02 9396.94 9375.48 9355.31 9344.28 9356.37 9371.27 9382.18 9383.48 9376.22 9370.36 9358.94 9356.52 9353.93 9357.4 9367.11 9365.62 9362.94 9363.91 9366.3 9371.29 9379.45 9381.51 9376.96 9373.55 9370.44 9372.04 9376.91 9381.53 9386.43 9391.9 9399.19 9407.62 9403.75 9402.71 9403.42 9404.59 9405.44 9407.87 9403.52 9400.48 9397.09 9396.72 9393.74 9391.39 9390.4 9387.67 9385.55 9379.29 9375.6 9370.39 9371.19 9373.18
8554.85 8551.88 8546.69 8542.9 8538.47 8539.9 8548.16 8628.94 8785.01 8997.15 9100.81 9269.98 9428.2 9427.71 9418.6 9399.01 9376.78 9355.36 9348.15 9357.46 9371.64 9383.61 9384.76 9378.86 9376.84 9376.24 9367.33 9358.58 9351.36 9343.46 9348.99 9353.82 9357.79 9359.43 9365.18 9376.01 9381.36 9371.47 9359.99 9360.55 9369.75 9380.08 9387.18 9393.56 9399.05 9405.59 9412.32 9413.85 9408.48 9401.94 9401.65 9402.46 9404.53 9399.3 9396.53 9394.62 9393.69 9391.59 9389.74 9387.69 9385.44 9383.25 9377.39 9375.27 9370.19 9368.66 9368.01
8569.92 8564.45 8560.14 8553.94 8550.59 8546.57 8549.73 8613.06 8752.56 8974.41 9077.56 9260.74 9436.3 9438.07 9423.95 9405.13 9382.41 9356.04 9349.31 9361.17 9374.74 9386.83 9389.24 9386.76 9389.28 9393.9 9379.73 9366.35 9350.22 9335.88 9338.29 9342.62 9344.98 9348.03 9351.86 9358.69 9371.26 9367.39 9353.75 9357.5 9373.21 9385.62 9392.8 9398.23 9402.65 9406.33 9408.84 9403.03 9396.14 9396.01 9396.26 9396.42 9396.74 9392.73 9391.3 9389.59 9388.52 9385.84 9385.33 9383.78 9379.82 9377.27 9373.8 9373.15 9366.89 9365.27 9364.86
8591.79 8584.42 8578.68 8572.08 8567.11 8566.52 8567.91 8604.9 8732.98 8944.79 9073.63 9272.95 9459.48 9447.8 9426.7 9408.74 9388.32 9370.01 9362.96 9366.78 9377.87 9391.96 9392.23 9391.39 9390.9 9387.6 9384.23 9376 9354.41 9338.48 9337.28 9337.97 9335.71 9339.22 9338.36 9336.85 9347.31 9359.46 9357.3 9368.7 9384.24 9393.57 9398.4 9401.97 9404.01 9404.64 9401.85 9397.14 9391.47 9391.08 9392.11 9392.26 9392.4 9389.57 9387.4 9386.46 9385.13 9383.8 9381.82 9379.53 9377.85 9374.24 9371.9 9371.4 9364.88 9362.57 9357.47
8621.72 8609.72 8594.32 8584.56 8580.95 8587.25 8598.34 8661.5 8751.43 8906.25 9057.78 9294.21 9471.42 9443.63 9425.64 9410.03 9394.69 9386.57 9375.14 9368.39 9371.68 9385.58 9385.81 9389.11 9390.56 9384.97 9383.02 9376.22 9358.61 9344.54 9344.09 9345.67 9347.15 9340.36 9331.01 9324.54 9335.19 9356.51 9362.39 9385.57 9402.26 9404.09 9404.03 9404.12 9404.45 9403.86 9402.39 9397.55 9389.87 9389.29 9390.53 9390.97 9391.1 9386.23 9384.89 9383.7 9382.78 9379.48 9378.17 9375.93 9371.77 9370.27 9366.71 9366.25 9362.73 9354.22 9353.78
8657.76 8635.49 8614.79 8597.63 8584.72 8582.43 8627.26 8731.09 8789.78 8928.8 9097.67 9330.35 9473.28 9456.61 9427.05 9406.12 9389.49 9382.44 9371.24 9362.32 9356.1 9352.06 9369.41 9382.04 9390.91 9387.86 9383.18 9373.02 9366.48 9358.81 9354.17 9355.51 9361.18 9346.59 9329.1 9319.71 9338.05 9365.17 9372.16 9413.18 9419.16 9409.7 9405.29 9403.53 9402.86 9402.29 9400.84 9396.53 9391.33 9391.16 9390.73 9391.24 9390.84 9387.93 9386.27 9384.29 9381.13 9378.92 9376.25 9373.65 9370.87 9367.62 9365.82 9365.23 9362.9 9357.42 9355.21
8694.69 8664.34 8635.52 8611.76 8589.56 8583.73 8642.09 8725.92 8802.18 8978.48 9213.22 9395.29 9473.54 9451.83 9420.17 9397.11 9378.72 9357.56 9358.46 9356.62 9351.5 9351.01 9364.64 9377.83 9387.71 9388.7 9385.91 9383.73 9375.84 9366.16 9359.75 9357.29 9356.75 9342.62 9328.51 9324.91 9344.2 9370.55 9386.17 9400.45 9404.95 9403.67 9402.11 9400.99 9400.49 9400.06 9400.34 9399.76 9396.13 9394.13 9392.44 9392.54 9392 9389.11 9385.58 9383.2 9382.02 9378.13 9376.41 9374.45 9372.46 9370.58 9367.7 9364.98 9362.95 9356.92 9357.02
8724.09 8694.22 8663.17 8634.08 8607.12 8602.23 8669.69 8730.13 8841.07 9082.49 9395.34 9458.14 9450.42 9422.56 9395.48 9381.62 9373.83 9371.03 9360.01 9357.19 9358.17 9363.12 9374.85 9385.04 9389.87 9387.7 9385.37 9384.34 9378.97 9369.87 9360.34 9351.91 9340.5 9331.54 9326.71 9331.85 9356.97 9381.65 9384.27 9384.77 9388.02 9393.19 9394.99 9395.11 9395.33 9395.56 9396.77 9397.32 9397.6 9395.86 9392.62 9390.76 9388.95 9387.07 9381.25 9379.35 9379.07 9377.47 9375.73 9374.26 9372.88 9371.28 9370.22 9368.13 9366.84 9363.85 9364.3
8748.6 8724.89 8696.4 8669.04 8643.47 8654.61 8721.48 8775.7 8909.89 9203.86 9536.82 9475.86 9418.44 9389.52 9369.92 9363.48 9359.62 9358.91 9357.22 9358.11 9364.51 9373.57 9385.29 9392.12 9391.32 9382.35 9379.42 9379.17 9378.34 9369.66 9358.86 9348.14 9336.9 9327.41 9323.85 9332.94 9361.09 9386.11 9383.7 9381.55 9381.39 9384.43 9387.26 9388.24 9389.02 9389.93 9391.23 9394.03 9395.95 9395.78 9391.65 9388.79 9387.79 9385.58 9380.73 9378.88 9378.63 9377.46 9376.6 9375.58 9374.73 9374.18 9372.98 9372.79 9371.98 9371.01 9371.59
8779.1 8766.22 8750.66 8724.99 8699.16 8710.49 8803.1 8843.87 9023.17 9327.37 9489.46 9429.33 9382.84 9364.69 9353.02 9348.07 9344.43 9344.28 9350.76 9356.79 9362.67 9372.89 9381.8 9390.66 9383.49 9369.61 9369.27 9372.02 9371.49 9365.54 9355.94 9344.9 9334.39 9325.59 9321.3 9330.3 9358.01 9380.3 9384.29 9379.97 9377.09 9378.86 9380.73 9381.21 9382.2 9383.34 9383.56 9383.78 9390.49 9394.03 9387.86 9385.39 9385.34 9384.81 9379.56 9379.53 9379.05 9378.45 9379.41 9378.99 9379.53 9379.41 9379.32 9378.4 9380.53 9379.03 9380.7
8831.69 8828.16 8818.16 8804.22 8807.96 8839.69 8958.18 9001.36 9221.32 9464.33 9460.39 9376.56 9358.48 9349.8 9343.74 9341.25 9339.41 9341.66 9350.2 9358.3 9365.83 9377.26 9387.36 9393.28 9385.6 9358.58 9358.94 9363.27 9367.09 9361.48 9352.57 9342.83 9333.94 9326.69 9321.67 9329.5 9352.09 9378.52 9381.09 9376.74 9381.58 9375.27 9375.36 9376.06 9377.15 9377.77 9377.59 9375.98 9378.73 9381.4 9381.22 9380.64 9382.53 9382.42 9378.98 9379.53 9379.19 9380.41 9380.91 9381.31 9381.79 9383.5 9384.61 9385.18 9387.43 9388.62 9390.29
8913.98 8919.42 8918.08 8908.7 8906.23 8990.9 9150.58 9208.29 9423.37 9458.53 9400.71 9364.54 9353.59 9347.78 9343.8 9343.7 9344.98 9347.65 9354.06 9362.54 9370.59 9384.19 9392.21 9384.82 9369.71 9349.3 9351.24 9355.21 9361.02 9358.02 9349.93 9340.82 9333.25 9326.69 9323.18 9329.62 9343.7 9354.08 9361.05 9364.25 9368.89 9369.21 9368.71 9370.29 9372.13 9373.55 9374.25 9373.82 9373.79 9376.04 9375.16 9377.03 9380.75 9381.65 9380.18 9381.01 9381.02 9382.66 9382.79 9383.07 9385.66 9386.67 9387.92 9390.33 9392.99 9396.85 9399.11
9020.56 9034.84 9047.34 9055.63 9058.96 9182.84 9367.24 9373.74 9479.66 9422.47 9370.78 9363.71 9356.81 9353.53 9352.96 9352.63 9352.34 9353.67 9357.37 9365.2 9378.23 9384.38 9387.77 9366.63 9351.68 9348.55 9349 9349.24 9360.88 9354.15 9345.74 9338.52 9332.16 9327.77 9325.8 9330.99 9342.04 9352.48 9338.79 9345.18 9356.2 9357.87 9360.34 9363.55 9367.31 9370.18 9373.13 9375.13 9373.76 9368.96 9369.34 9372.8 9376.95 9378.88 9379.25 9380.91 9382.51 9384.42 9385.47 9387 9389.37 9390.99 9393.19 9395.26 9398.24 9400.16 9405.83
9138.56 9162.43 9195.51 9242.5 9284.83 9384.42 9503.77 9459.65 9438.55 9412.53 9361.54 9365.07 9363.2 9363.14 9368 9362.93 9359.59 9357.2 9356.98 9358.72 9360.63 9366.7 9364.85 9350.38 9346.08 9350.65 9351.82 9349.95 9346.49 9344.45 9339.89 9334.58 9330.11 9328.88 9327.1 9329.53 9339.72 9351.11 9324.64 9328.72 9328.05 9341.31 9351.78 9357.75 9362.59 9367.32 9372.42 9378.62 9381.55 9366.58 9366.12 9368.44 9375.81 9378.37 9380.52 9381.88 9383.94 9386.53 9388.73 9390.11 9392.49 9394.94 9397.45 9400.07 9402.64 9404.86 9408.29
9250.51 9272.78 9320.75 9412.79 9532.53 9481.66 9447.19 9445.45 9415.51 9383.02 9361.55 9372.13 9368.1 9365.67 9363.21 9361.35 9360.22 9357.4 9354.04 9350.96 9347.53 9343.78 9342.37 9341.75 9348.7 9360.33 9356.68 9349.41 9341.91 9337.1 9333.08 9329.77 9325.87 9322.12 9318.08 9321.38 9326.41 9339.19 9323.48 9325.92 9333.56 9341.08 9347.24 9352.72 9358.18 9363.75 9368.81 9374.45 9374.33 9367.02 9366.25 9368.02 9374.56 9376.42 9378.47 9380.51 9382.22 9384.63 9387.82 9390.67 9393.43 9395.98 9399.1 9402.41 9406.09 9409.11 9411.13
