real_craters/C170-1000m.grd
DSAA
75 75
-37.14 37.14
-37.14 37.14
3813.3783139111 6539.988014327
[rows 30 to 59 of 75, columns 0 to 66 of 75]
5649.66 5676.73 5705.7 5737.78 5729.46 5681.12 5644.36 5611.59 5616.3 5633.25 5651.48 5681.14 5823.84 6116.2 6319.2 6444.29 6465.27 6247.94 5817.84 5482.13 5256.63 5060.2 4864.07 4724 4597.39 4497.11 4449.49 4407.35 4373.3 4339.13 4318.98 4302.07 4280.12 4250.42 4213.55 4190.47 4160.37 4108.11 4024.58 3926.37 3844.32 3819.9 3826.11 3831.26 3834.29 3831.69 3837.75 3843.91 3853.37 3896.69 3940.78 3990.71 4094.51 4421.29 4869.71 5363.78 5857.48 6147.21 5995.5 5748.6 5616.81 5521.29 5447.24 5405.63 5413.03 5416.67 5410.96
5673.68 5714.5 5749.95 5775.09 5757.22 5709.17 5666.36 5621.56 5608.83 5645.64 5704.33 5808.99 6007.08 6239.73 6399.21 6507.04 6529.38 6329.06 5873.09 5420.85 5171.65 5049.86 4958.47 4755.99 4588.96 4470.28 4424.91 4388.55 4365.83 4346.07 4328.72 4311.13 4290.88 4269.36 4242.13 4219.12 4204.61 4170.57 4106.35 4008.28 3911.41 3837.96 3815.1 3827.12 3831.88 3832.24 3851.46 3859.84 3869.68 3898.11 3925.57 3949.31 4009.27 4235.04 4603 5089.57 5586.5 5993.45 5975.98 5766.71 5654.27 5557.91 5479.42 5443.82 5449.37 5453.02 5442.5
5696.67 5756.02 5787.17 5796.57 5776.81 5720.57 5674.86 5616.99 5623.04 5680.46 5760.69 5890.61 6157.56 6370.59 6449.29 6515.39 6539.99 6345.93 5868.16 5385.52 5051.36 4969.68 4903.03 4745.41 4581.23 4467.24 4420.62 4385.65 4366.5 4347.84 4331.99 4315.83 4299.51 4288.76 4295.38 4250.54 4268.77 4290.2 4250.75 4154.05 4004.58 3894.55 3813.38 3814.5 3824.5 3852.02 3866.18 3878.73 3888.83 3914.41 3939.14 3966.31 4018.52 4148.42 4385.34 4830.26 5305.23 5854.1 5942.35 5784.38 5701.55 5608.42 5525.05 5471.67 5505.24 5498.59 5489.74
5718.61 5843.56 5829.08 5793.29 5757.93 5730.22 5695.9 5657.47 5658.8 5711.6 5793.15 5921.91 6198.99 6372.93 6415.69 6421.57 6347.69 6064.88 5620.15 5339.95 5158.37 4927.89 4804.59 4707.41 4572.11 4480.23 4431.64 4391.5 4364.23 4338.76 4328.47 4315.37 4301.23 4288.55 4273.32 4270.92 4323.74 4361.28 4387.26 4394.6 4146.99 3972.95 3932.32 3902.87 3852.06 3861.51 3888.6 3901.07 3913.25 3944.57 3979.69 4018.11 4071.56 4179.21 4382.18 4685.55 5059.71 5652.85 5851.01 5823.93 5768.33 5682.42 5589.39 5523.46 5554.04 5537.5 5507.63
5707.4 5731.35 5776.98 5775.95 5761.47 5757.59 5741.56 5718.55 5707.27 5746.14 5807.82 5901.51 6039.93 6307.6 6336.28 6310.9 6185.11 5858.94 5472.82 5319.35 5242.63 4984.98 4787.76 4665.36 4551.55 4478.28 4431.24 4394.86 4366.17 4343.31 4325.29 4312.43 4297.66 4280.62 4264.29 4291.83 4351.64 4420.93 4419.46 4386.36 4177.99 4053.95 3940.99 3912.8 3887.54 3900.04 3908.73 3925.85 3940.37 3976.16 4025.21 4083.85 4153.69 4261.41 4396.66 4635.13 4990.26 5588.38 5801.87 5836.29 5856.32 5776.19 5665.72 5569.98 5551.67 5543.91 5503.56
5683.21 5708.13 5741.64 5768.2 5776.42 5783.85 5793.09 5755.46 5755.08 5775.86 5817.77 5886.02 6017.23 6183.94 6227.59 6235.25 6174.96 6039.3 5496.79 5270.96 5133.26 4963.34 4708.58 4619.52 4541.68 4466 4423.06 4393.48 4362.73 4339.01 4322.66 4307.66 4287.94 4270.66 4256.18 4255.87 4311.43 4361.03 4372.88 4322.63 4209.37 4079.97 3996.62 3951 3936.69 3938.6 3944.12 3961.29 3969.3 4010.72 4073.61 4140.91 4226.16 4331.47 4441.21 4636.49 4976.27 5522.56 5812.05 5987.08 6002.9 5904.11 5769.57 5630.01 5582.78 5546.15 5493.63
5652.18 5657.53 5721.47 5778.96 5857.18 5899.71 5867.34 5828.98 5797 5795.68 5816.05 5848.05 5906.66 6023.85 6140.42 6191.12 6151.44 5937.18 5489.44 5246.72 5070.93 4909.95 4699.4 4604.14 4559.37 4458.34 4412.39 4381.58 4355.93 4337.23 4316.28 4301.81 4285.46 4270.9 4260.2 4259.34 4260 4280.29 4338.86 4369.51 4277.67 4152.92 4065.25 3982.6 3984.42 3968.11 3993.27 4003.93 4011.02 4055.04 4122.28 4205.05 4293.39 4393.64 4555.04 4695.11 4947.15 5468.08 5829.54 6141.85 6147.56 6018.67 5866.09 5703.22 5586.89 5563.59 5523.22
5661.39 5677.21 5720.56 5763.9 5821.23 5840.22 5876.97 5850.42 5815.49 5801.03 5803.9 5812.31 5844.19 5975.55 6119.34 6186.98 6157.39 5900.64 5507.97 5269.06 5074.62 4901.81 4680.84 4629.38 4594.28 4427.43 4395.02 4365.03 4341.4 4322.8 4308.89 4294.72 4283.64 4271.43 4263.62 4257.92 4261.34 4281.7 4320.74 4346.67 4264.8 4153.69 4095.6 4017.37 4030.55 4024.78 4020.17 4043.42 4067.45 4102.07 4169.63 4257.97 4370.34 4530.64 4718.87 4831.03 4979.59 5384.08 5788.43 6161.42 6215.54 6089.23 5930.3 5782.22 5693.16 5591.18 5534.67
5691.14 5716.46 5719.93 5739.74 5755.54 5802.45 5803.7 5817.43 5801.75 5791.52 5792.29 5803.28 5850.08 6075.16 6150.78 6242.03 6269.46 6000.18 5624.32 5299.41 5088.9 4936.42 4688.54 4654.15 4667.05 4391.47 4367.3 4347.66 4327.24 4309.46 4295.07 4286.21 4278.9 4272.33 4266.02 4268.51 4291.61 4302.51 4305.38 4298.42 4277.05 4215.76 4138.48 4077.26 4077.39 4069.5 4062.81 4082.49 4114.92 4150.29 4217.25 4303.8 4415.39 4562.92 4774.16 4964.42 5067.22 5329.57 5729.66 6105.01 6202.98 6099.19 5954.85 5793.03 5681.54 5609.63 5562.18
5672.76 5692.53 5703.1 5707.25 5716.52 5740.69 5757.82 5767.53 5775.11 5777.95 5778.5 5787.94 5817.54 5883.8 6074.79 6273.8 6445.63 6240.85 5710.38 5293.07 5054.11 4897.03 4678.71 4624.55 4632.25 4419.68 4344.14 4331.27 4317.21 4297.57 4283.55 4281.19 4278.16 4274.79 4271.92 4273.51 4282.42 4289.23 4283.97 4268.67 4277.29 4249.29 4190.16 4132.86 4118.88 4105.53 4101.95 4119.5 4156.36 4197.28 4260.11 4346.21 4449.11 4562.96 4779.47 5012.96 5149.87 5375.47 5702.92 6007.71 6119.15 6077.47 5885.66 5768.03 5712.51 5666.77 5604.93
5656.12 5670.74 5682.99 5689.71 5695.66 5718.76 5718.42 5740.31 5751.52 5761.99 5768.13 5772.55 5773.08 5776.07 5945.62 6199.81 6440.51 6370.36 5825.05 5326.59 5031.35 4799.8 4666.36 4593.06 4618.47 4462.32 4350.18 4328.41 4304.76 4289.3 4281.84 4279.27 4277.64 4276.11 4274.65 4273.44 4277.49 4278.95 4274.48 4261.55 4254.42 4249.32 4217.83 4182.07 4162.2 4141.67 4131.85 4147.69 4182.15 4214.09 4289.96 4389.9 4504.37 4643.57 4815.6 4979.33 5165.35 5436.71 5730.05 6021.86 6148.92 6081.85 5885.18 5775.13 5756.24 5642.52 5522.97
5651.85 5664.72 5674.99 5679.52 5686.3 5697.05 5719.56 5735.01 5751.01 5769.22 5782.14 5777.79 5777.74 5776.02 5868.7 6064.04 6253.88 6406.67 6071.32 5527.86 5129.48 4819.4 4657.07 4563.61 4525.4 4472.34 4383.27 4343.46 4313.54 4291.24 4283.84 4280.48 4278.49 4277.65 4277.23 4278.05 4286.33 4283.24 4279.78 4272.56 4256.47 4248.77 4230.05 4208.61 4192.57 4173.73 4165.2 4176.5 4203.38 4222.54 4316.01 4436.83 4567.1 4695.53 4817.25 4937.44 5269.16 5548.14 5838.72 6115.83 6269.07 6098.91 5876.8 5766.47 5704.73 5595.54 5495.04
5668.12 5670.14 5670.73 5671.28 5668.25 5707 5726.6 5728.93 5738.49 5747.97 5760.68 5775.31 5788.43 5796.01 5836.98 5946.49 6084.17 6364.58 6341.93 5829.77 5316.31 4922.2 4682.44 4538.87 4487.31 4439.11 4394.17 4352.4 4320.01 4298.23 4285.53 4279.81 4280.62 4283.21 4282.99 4281.18 4285.65 4287.86 4284.74 4277.97 4266.11 4260.06 4248.47 4235.14 4222.92 4209.74 4201.96 4209.5 4234.23 4257.79 4350.46 4491.46 4633.95 4760.27 4861.55 4975.6 5370.2 5639.4 5861.55 6067.39 6161.88 6031.7 5839.96 5699.55 5647.32 5562.2 5506.34
5665.04 5664.42 5668.32 5674.16 5686.79 5691.15 5715.79 5723.5 5727.46 5738.87 5753.13 5770.46 5793.17 5821.5 5827.73 5870.67 5932.07 6061.03 6271.99 6022.13 5514.5 5090.56 4792.9 4569 4501.58 4436.12 4389.54 4354.96 4326.95 4309.84 4295.76 4285.57 4289.74 4294.25 4293.32 4289.2 4288.64 4288.68 4286.18 4283.8 4279.92 4280.53 4277.51 4269.52 4258.03 4250.81 4244.88 4253.38 4276.59 4300.99 4400.24 4565.19 4741.02 4919.25 5089.41 5206.3 5488.38 5669.88 5841 5966.75 5961.43 5914.4 5808.14 5684.11 5626.05 5549.41 5502.63
5640.25 5651.03 5660.18 5673.09 5689.42 5657.22 5667.98 5695.79 5708.29 5721.7 5736.76 5754.83 5776.57 5793.71 5812.95 5845.05 5900.48 5986.4 6225.03 6129.8 5710.57 5329.93 5028.14 4769.95 4556.61 4436.84 4396.88 4374.01 4347.53 4328.68 4315.89 4308.59 4309.01 4312.76 4313.3 4308.55 4303.66 4301.32 4293.55 4297.38 4307.06 4313.66 4313.11 4314.33 4304.51 4297.48 4297.38 4303.59 4342.13 4381.21 4466.54 4658.18 4865.1 5063.79 5228.3 5450.96 5514.53 5699.06 5847.39 5955.04 5991.78 5932.97 5818.7 5706.46 5612.6 5544.49 5488.2
5628.33 5641.39 5648.41 5649.74 5658.44 5655.92 5655.74 5672.37 5688.66 5703.49 5719.45 5735.65 5750.38 5759.66 5778.18 5806.45 5868.47 5984.46 6287.34 6226.18 5899.13 5591.41 5323.04 5111.01 4888.71 4524.52 4442.35 4418.3 4384.82 4360.42 4343.75 4332.19 4332.75 4339.1 4342.63 4341.41 4331.78 4324.8 4319.29 4326.25 4337.33 4348.97 4350.21 4364.62 4353.82 4359.59 4377.14 4400.5 4444.48 4492.35 4571.32 4784.91 5015.28 5241.03 5467.53 5618.93 5702.68 5790.05 5884.49 5980.02 6082.62 5969.25 5815.51 5690.8 5608.72 5521.34 5476.87
5641.98 5641.58 5645.8 5648.01 5644.62 5643.03 5660.44 5655.52 5668.15 5684.89 5701.48 5713.62 5723.29 5727.38 5744.25 5746.79 5830.96 6047.5 6369.97 6383.73 6115.44 5821.8 5547.85 5296.77 5002.23 4710.52 4542 4476.31 4435.26 4402.26 4378.54 4361.98 4362.09 4369.61 4375.55 4375.09 4364.36 4356.21 4357.15 4367.5 4377.54 4382.3 4403.64 4420.82 4415.48 4452.71 4487 4519.02 4588.85 4655.42 4729.65 4934.71 5163.86 5395.76 5625.92 5746.26 5848.27 5919.69 5948.12 5969.43 5954.87 5876.04 5772.52 5674.01 5590.33 5517.89 5466.72
5629.83 5640.3 5645.27 5645.79 5641.85 5664.62 5635.94 5638.44 5654.72 5671.64 5688.79 5702.73 5708.87 5712 5713.85 5709.91 5830.56 6079.55 6307.55 6442.55 6253.73 5976.92 5675.08 5437.41 5237.38 4959.88 4711.38 4592.97 4498.33 4458.35 4425.35 4394.62 4392.55 4404.7 4412.09 4410.38 4394.32 4397.48 4405.01 4418.3 4431.39 4454.58 4481.09 4486.34 4507.89 4556.38 4630.36 4721.55 4797.95 4860.89 4930.37 5097.21 5288.01 5503.93 5702.85 5837.05 6042.54 6052.67 5989.43 5931.82 5836.52 5744.48 5693.78 5626.59 5552.56 5506.43 5477.9
5638.04 5646.06 5651.71 5652.07 5645.22 5637.67 5629.08 5636.7 5651.32 5669.32 5684.8 5698.52 5708.16 5709.72 5703.08 5701.83 5741.92 5903.53 6132.16 6372.3 6408.28 6072.51 5734.81 5474.72 5353.2 5073.59 4918.84 4778.84 4627.96 4561.9 4501.5 4443.26 4434.36 4444.23 4450.98 4453.34 4434.44 4432.22 4461.19 4484.53 4475.22 4492.38 4526.2 4539.77 4535.11 4658.93 4779.74 4904.49 4983.27 5053.71 5126.23 5264.06 5437.29 5610.92 5784.68 6099.96 6298.89 6151.57 6017.76 5896.89 5785.56 5690.57 5622.52 5571.69 5534.01 5504.58 5496.95
5652.17 5659.8 5663.34 5659.59 5649.3 5656.58 5649.05 5642.92 5652.33 5669.17 5686.25 5702.02 5716.22 5725.44 5722.23 5699.28 5728.41 5793.26 5914.79 6146.11 6233.73 6087.21 5812.6 5551.08 5433.42 5275.34 5155.36 5015.99 4824.56 4717.48 4618.69 4523.09 4490.41 4490.7 4492.34 4501.23 4519.8 4561.2 4545.67 4616.24 4597.54 4560.18 4609.73 4633.18 4662.79 4828.63 4917.66 4997.17 5096.06 5177.51 5258.3 5411.59 5601.83 5799.4 6009.4 6404.68 6243.77 6097.15 5967.27 5854.52 5755.07 5662.83 5596.34 5558.22 5539.31 5524.16 5517.21
5669.52 5680.43 5681.87 5670.59 5663.48 5677.81 5660.04 5651.09 5660.42 5674.84 5688.27 5700.18 5717.8 5738.3 5750.14 5722.76 5766.37 5764.45 5802.24 5954.15 6146.41 6099.67 5942.02 5702.18 5515.01 5469.92 5324.7 5187.95 5048.39 4895.82 4764.64 4652.49 4574.91 4542.75 4538.4 4555.3 4616.49 4675.55 4675.35 4759.65 4920.18 4808.66 4781.68 4762.09 4814.39 4949.31 5048.33 5156.16 5256.23 5341.74 5410.66 5564.4 5771.33 6012.66 6249.54 6302.82 6107.1 5969.45 5861.36 5788.16 5715.78 5630.25 5591.07 5577.07 5577.53 5572.53 5561.23
5689.83 5705.45 5715.14 5696.13 5675.72 5667.24 5663.95 5662.44 5672.43 5681.2 5692.2 5703.82 5716.53 5731.49 5735.92 5741.34 5804.46 5760.35 5763.22 5857.3 6060.26 6123.06 6149.95 5897.29 5663.11 5555.78 5468.97 5351.6 5222.34 5074.1 4939.75 4815.49 4696.46 4610.72 4597.34 4619.02 4673.38 4728.45 4738.16 4790.31 4811.11 4864.51 4849.07 4866.86 4889.96 4991.81 5154.08 5332.34 5510.6 5490.96 5550.19 5697.07 5898.42 6171.83 6379.44 6262.43 6015.53 5827.07 5749.33 5714.58 5697.12 5709.63 5640.67 5614.39 5607.89 5619.43 5612.14
5690.35 5722.09 5766.5 5771.19 5713.42 5672.67 5650.95 5669.28 5685.5 5682.49 5688.9 5697.56 5707.68 5713.21 5710.67 5722.44 5771.16 5757.8 5781.18 5858.11 6047.12 6108.55 6116.88 6076.5 5935.31 5769.24 5627.27 5478.77 5365.48 5255.4 5120.98 4965.75 4795.12 4706.27 4677.01 4684.78 4720.81 4737.88 4771.12 4823.05 4854.67 4885.64 4930.32 4949.71 5024.27 5130.56 5229.23 5387.1 5580.69 5536.13 5555.82 5680.14 5949.18 6197.37 6299.72 6182.77 5809.92 5660.79 5654.66 5658.69 5668.36 5664.4 5628.85 5639.45 5660.28 5645.75 5612.97
5658.12 5708.69 5785.62 5806.54 5775.35 5685.31 5662.97 5663.03 5664.19 5673.57 5682.81 5689.06 5694.38 5701.91 5706.81 5734.17 5756.57 5719.74 5798.1 5964.28 6066.24 6074.24 6078.11 6122.98 6220.29 6089.79 5825.71 5648.51 5569.56 5462.72 5325.2 5184.92 5073.84 4889.84 4789.78 4786.39 4827.47 4808.89 4842.97 4862.69 4889.03 4940.12 5098.64 5293.6 5258.35 5187.37 5297.13 5380.55 5388.39 5526.46 5603.57 5685.38 5957.82 6146.1 6092.68 5866.89 5673.69 5588.35 5596.57 5621.29 5644.66 5666.26 5610.4 5640.55 5643.21 5632.26 5633.58
5625.19 5668.55 5695.84 5727.34 5686.7 5674.22 5651.88 5643.61 5649.38 5659.64 5670.2 5679.47 5689.06 5700.72 5715.76 5723.66 5721.55 5694.96 5765.32 5942.77 6016.5 6015.37 5999.7 6070.27 6173.96 6189.65 6211.4 6052.37 5884.15 5714.87 5559.9 5411.67 5250.25 5188.03 5092.48 5040.93 5028.78 5012.33 4976.32 4972.67 4937.01 5032.62 5120.25 5353.83 5396.19 5337.22 5396.13 5492.32 5531.09 5700.28 5788.44 5855.39 5981.45 6072.86 5878.08 5637.21 5575.8 5557.66 5579.02 5611.93 5637.61 5630.46 5621 5643.53 5629.93 5655.32 5596.12
5630.08 5647.27 5661.78 5658.54 5653.45 5650.61 5642.81 5635.34 5634.55 5651.28 5659.97 5669.86 5680.66 5691.62 5702.48 5689.29 5687.36 5635.07 5664.4 5709.22 5830.13 5911.06 5919.37 5873.34 6012.67 6076.89 6281.55 6352.11 6124.1 5901.49 5733.12 5613.18 5474.53 5365.66 5298.28 5342.97 5344.11 5302.17 5361.5 5335.02 5218.31 5292.64 5347.98 5434.22 5505.81 5426.52 5529 5724.48 5998.31 6045.96 5987.9 6052.51 5961.02 5880.65 5736.8 5611.13 5562.97 5543.75 5582.57 5626.75 5661.5 5671.71 5655.57 5637.24 5615.53 5655.39 5597.88
5631.07 5643.34 5651.62 5657.62 5649.33 5644.99 5647.76 5652.89 5664.59 5649.75 5651.19 5655.56 5660.94 5666.16 5672 5677.54 5673.32 5633.13 5624.64 5640.03 5690.7 5742.39 5724.92 5653.66 5754.55 5837.54 6013.39 6278.88 6125.93 5961.99 5854 5796.57 5795.17 5727.13 5682.53 5734.58 5825.19 5889.26 5916.06 5890.38 5770.02 5786.29 5808.52 5848.04 5680.62 5624.23 5730.3 5884.28 6057.72 6050.21 5960.17 5864.2 5838.71 5811.3 5684.27 5607.24 5567.82 5561.91 5595.55 5639.5 5690.74 5740.02 5696.8 5638.8 5616.87 5644.35 5585.24
5643.46 5645.3 5643.16 5656.38 5660.48 5655.2 5654.2 5653.36 5641.97 5639.31 5639.28 5639.7 5641.1 5642.29 5648.6 5661.77 5655.12 5621.82 5611.47 5627.93 5667.42 5668.58 5686.81 5713.52 5699.49 5711.32 5782.84 5933.33 5998.09 5955.25 5905.54 5894.76 5998.93 6290.79 6265.24 6100.81 6200.78 6355.78 6370.49 6380.57 6305.94 6222.48 6258.68 6282 5956.01 5961.76 5971.22 5946.32 5912.15 5871.73 5836.15 5766.78 5734.84 5685.42 5630.51 5596.41 5585.33 5608.38 5615.05 5644.24 5692.8 5754.02 5722.06 5630.92 5605.75 5640.74 5570.27
5664.31 5652.77 5644.76 5647.08 5665.12 5659.23 5650.35 5639.73 5633.21 5630.13 5629.14 5625.51 5622.29 5619.39 5618.35 5653.36 5639.36 5616.83 5604.29 5616.21 5647.57 5665.45 5685.57 5722.66 5704.69 5687.92 5741.62 5836.98 5881.62 5881.58 5867.6 5857.74 5889.45 6105.31 6196.45 6093.31 6062.47 6085.01 6104.22 6327.46 6270.81 6207.37 6178.75 6160.72 6047.42 6102.19 6067.57 5930.78 5828.71 5761.04 5753.44 5754.02 5695.05 5618.58 5593.43 5600.08 5624.62 5608.5 5610.69 5628.32 5652.93 5660.44 5666.14 5590.89 5596.28 5571.83 5518.69
5662.76 5657.61 5647.12 5641.95 5652.76 5655.63 5646.19 5632.67 5627.48 5629.96 5630.31 5625.59 5618.58 5611.28 5611.92 5642.95 5631.81 5614.51 5626.65 5633.18 5646.16 5675.65 5689.42 5717.03 5728.88 5710.4 5723.68 5786.48 5793.72 5786.47 5776.81 5772.16 5753.41 5747.71 5826.48 5879.28 5841.34 5901.89 5982.1 6076.02 6066.37 6028.49 6013.87 6023.11 6033.42 6006.8 5901.44 5821.54 5762.01 5720.18 5711.32 5700.43 5654.22 5586.12 5579.96 5583.25 5589.06 5571.19 5576.28 5595.79 5610.67 5619.89 5612.51 5588.53 5578.05 5543.92 5493.04
