real_craters/C170-750m.grd
DSAA
174 174
-64.995 64.995
-64.995 64.995
7969.0132802377 9994.8188152094
[rows 38 to 75 of 174, columns 0 to 83 of 174]
9069 9065 9065 9068 9068 9070 9069 9061 9058 9061 9057 9040 9025 9016 9028 9031 9023 9014 9009 8997 8995 8997 8996 8994 8988 8989 8996 9001 9008 9018 9033 9051 9055 9045 9047 9055 9053 9046 9046 9050 9053 9056 9062 9064 9068 9074 9087 9093 9092 9105 9133 9132 9151 9165 9184 9182 9173 9146 9126 9110 9099 9096 9097 9094 9100 9108 9114 9119 9121 9123 9123 9124 9129 9135 9135 9132 9130 9141 9157 9167 9174 9171 9166 9168
9072 9070 9069 9069 9070 9071 9073 9076 9062 9058 9049 9039 9033 9038 9040 9033 9030 9034 9031 9012 9004 8999 8997 8991 8989 8990 8991 8995 9000 9005 9028 9053 9056 9045 9046 9054 9054 9050 9049 9049 9048 9053 9055 9058 9066 9090 9100 9107 9116 9140 9163 9165 9155 9153 9155 9189 9196 9177 9159 9136 9108 9095 9093 9101 9113 9109 9115 9120 9124 9127 9129 9133 9136 9140 9139 9137 9138 9144 9155 9167 9181 9184 9183 9181
9083 9077 9074 9074 9074 9074 9074 9076 9071 9061 9051 9043 9034 9032 9034 9030 9024 9014 9014 9019 9013 9009 9002 8995 8990 8988 8988 8991 8996 9002 9025 9056 9056 9040 9044 9050 9049 9048 9049 9049 9045 9047 9050 9052 9060 9101 9109 9118 9133 9154 9159 9151 9151 9153 9174 9186 9178 9195 9182 9162 9130 9107 9100 9110 9120 9120 9121 9124 9127 9130 9134 9136 9140 9142 9142 9141 9143 9149 9154 9175 9185 9199 9201 9199
9094 9077 9073 9072 9076 9076 9074 9067 9075 9063 9054 9047 9035 9027 9027 9024 9020 9019 9015 9018 9018 9012 9006 9001 8994 8978 8987 8992 8997 9003 9018 9045 9050 9043 9045 9045 9042 9044 9046 9049 9050 9052 9053 9052 9054 9083 9101 9115 9132 9127 9132 9142 9143 9152 9177 9200 9189 9182 9184 9186 9161 9132 9115 9115 9126 9129 9129 9131 9134 9136 9141 9145 9145 9145 9146 9147 9151 9160 9171 9183 9197 9219 9225 9235
9095 9074 9071 9073 9075 9078 9078 9075 9068 9062 9055 9042 9030 9021 9023 9023 9020 9015 9019 9025 9021 9016 9008 8998 8995 8988 8990 8996 9004 9010 9014 9021 9043 9057 9052 9046 9041 9042 9043 9045 9049 9058 9059 9056 9056 9068 9089 9103 9106 9111 9112 9119 9129 9143 9157 9179 9193 9193 9191 9191 9177 9162 9144 9131 9131 9135 9137 9137 9138 9140 9144 9148 9150 9154 9154 9157 9165 9179 9194 9214 9229 9243 9248 9274
9088 9070 9071 9073 9075 9078 9084 9091 9086 9072 9063 9053 9045 9031 9024 9024 9024 9026 9027 9028 9022 9017 9011 9002 8996 8991 8995 9004 9013 9024 9028 9010 9042 9059 9053 9049 9045 9043 9043 9046 9050 9063 9058 9053 9058 9065 9080 9094 9100 9103 9104 9112 9122 9131 9147 9164 9189 9199 9196 9196 9183 9174 9172 9154 9150 9146 9145 9145 9144 9146 9145 9150 9153 9158 9165 9171 9182 9198 9215 9230 9233 9247 9256 9281
9078 9073 9075 9077 9078 9082 9087 9097 9100 9088 9071 9056 9043 9025 9024 9024 9027 9034 9032 9029 9022 9020 9017 9011 9006 9002 9006 9014 9021 9029 9029 9022 9044 9056 9049 9044 9049 9046 9043 9046 9059 9067 9048 9042 9046 9061 9076 9090 9096 9098 9104 9114 9124 9130 9146 9164 9187 9211 9223 9201 9189 9176 9181 9196 9176 9162 9157 9155 9156 9157 9160 9164 9166 9171 9182 9190 9202 9215 9230 9247 9248 9268 9272 9259
9071 9076 9079 9081 9082 9082 9081 9076 9074 9091 9075 9058 9040 9029 9023 9021 9023 9028 9037 9044 9043 9035 9028 9024 9027 9030 9025 9026 9028 9028 9024 9029 9036 9044 9046 9050 9053 9048 9046 9042 9043 9049 9045 9045 9050 9058 9075 9089 9098 9098 9105 9115 9125 9135 9149 9171 9190 9201 9202 9202 9194 9186 9194 9205 9208 9179 9170 9165 9165 9168 9181 9183 9196 9202 9206 9215 9224 9233 9241 9247 9262 9276 9268 9254
9074 9077 9081 9084 9084 9083 9081 9075 9072 9079 9074 9063 9048 9031 9018 9019 9022 9028 9061 9072 9065 9047 9036 9028 9022 9023 9031 9034 9035 9031 9026 9028 9036 9037 9039 9046 9050 9049 9044 9045 9050 9051 9048 9047 9050 9058 9073 9091 9103 9103 9105 9109 9116 9130 9152 9180 9191 9198 9200 9202 9217 9213 9231 9236 9222 9194 9184 9178 9174 9174 9176 9190 9206 9218 9226 9234 9244 9251 9254 9251 9253 9266 9264 9251
9074 9086 9089 9090 9087 9085 9083 9082 9081 9076 9075 9065 9036 9001 9015 9019 9023 9030 9037 9061 9058 9048 9041 9035 9025 9021 9033 9046 9046 9042 9036 9034 9031 9035 9037 9043 9049 9051 9050 9048 9048 9050 9051 9049 9048 9055 9067 9087 9107 9111 9098 9103 9112 9126 9151 9178 9189 9197 9203 9203 9215 9236 9255 9259 9240 9218 9204 9197 9190 9183 9184 9195 9210 9229 9244 9255 9264 9270 9274 9276 9262 9271 9268 9257
9083 9088 9091 9091 9090 9089 9088 9088 9093 9085 9075 9066 9047 9031 9022 9022 9025 9028 9030 9038 9034 9043 9047 9053 9066 9079 9082 9069 9060 9054 9050 9045 9048 9042 9043 9048 9053 9053 9050 9049 9050 9052 9053 9052 9050 9054 9059 9063 9089 9104 9094 9100 9112 9123 9146 9167 9185 9196 9204 9210 9210 9216 9256 9266 9255 9240 9227 9218 9208 9199 9198 9206 9217 9242 9266 9278 9285 9288 9292 9294 9283 9279 9273 9263
9088 9092 9096 9098 9097 9094 9091 9087 9083 9081 9070 9054 9045 9035 9027 9026 9026 9027 9027 9030 9033 9040 9053 9070 9088 9096 9097 9081 9069 9062 9063 9055 9049 9052 9047 9056 9064 9064 9058 9051 9051 9054 9055 9057 9056 9054 9055 9060 9082 9104 9093 9099 9115 9117 9142 9165 9185 9197 9207 9217 9219 9212 9225 9259 9266 9260 9252 9238 9228 9217 9215 9223 9238 9256 9285 9305 9297 9299 9304 9309 9304 9300 9287 9273
9095 9101 9106 9107 9105 9101 9096 9090 9084 9075 9069 9055 9041 9035 9030 9028 9025 9026 9026 9026 9020 9036 9056 9077 9096 9091 9084 9079 9070 9063 9059 9064 9065 9074 9084 9083 9084 9086 9079 9065 9054 9060 9061 9062 9059 9057 9054 9059 9089 9104 9096 9096 9102 9116 9139 9163 9189 9199 9207 9220 9222 9219 9215 9238 9259 9270 9266 9261 9249 9239 9235 9238 9246 9258 9269 9284 9294 9299 9307 9320 9326 9318 9302 9282
9100 9103 9122 9115 9110 9105 9100 9095 9089 9083 9072 9057 9051 9036 9031 9027 9022 9020 9022 9024 9015 9034 9058 9082 9098 9094 9080 9077 9070 9064 9066 9073 9075 9082 9093 9094 9095 9105 9098 9088 9082 9081 9074 9061 9061 9057 9056 9061 9097 9114 9094 9091 9099 9118 9142 9165 9190 9199 9203 9213 9219 9215 9218 9227 9248 9268 9275 9269 9268 9263 9257 9252 9254 9258 9265 9276 9287 9295 9301 9310 9325 9315 9303 9290
9112 9125 9122 9118 9114 9109 9105 9101 9092 9084 9075 9055 9039 9034 9033 9031 9024 9020 9024 9020 9021 9037 9059 9083 9105 9107 9090 9082 9072 9064 9065 9076 9072 9077 9078 9082 9091 9091 9093 9098 9100 9094 9093 9085 9070 9063 9059 9058 9092 9104 9093 9090 9103 9118 9137 9164 9191 9198 9202 9210 9213 9220 9220 9226 9245 9267 9285 9286 9285 9287 9278 9267 9260 9262 9265 9275 9286 9294 9299 9308 9314 9311 9306 9300
9121 9127 9118 9118 9115 9111 9107 9104 9096 9088 9081 9066 9041 9040 9041 9040 9040 9037 9037 9033 9032 9044 9062 9080 9099 9108 9096 9085 9075 9068 9071 9076 9073 9077 9082 9085 9089 9090 9087 9086 9093 9089 9087 9086 9079 9070 9064 9073 9106 9108 9093 9088 9097 9104 9128 9160 9186 9195 9196 9204 9208 9217 9221 9227 9241 9258 9280 9293 9295 9290 9291 9287 9281 9273 9269 9280 9293 9303 9309 9320 9335 9329 9320 9315
9128 9138 9132 9123 9117 9112 9108 9104 9101 9096 9087 9072 9062 9060 9050 9045 9048 9050 9038 9061 9035 9050 9064 9075 9081 9084 9090 9087 9079 9072 9074 9080 9077 9074 9080 9088 9091 9095 9092 9085 9084 9089 9092 9095 9086 9079 9076 9083 9101 9103 9092 9085 9086 9094 9122 9155 9180 9190 9196 9204 9206 9215 9218 9227 9237 9249 9262 9283 9297 9309 9297 9289 9288 9288 9289 9297 9307 9317 9329 9340 9345 9341 9338 9335
9127 9150 9149 9129 9119 9114 9109 9105 9103 9103 9097 9085 9069 9063 9055 9047 9036 9046 8989 8932 9013 9051 9055 9058 9062 9079 9098 9097 9087 9075 9075 9084 9081 9077 9086 9088 9090 9090 9093 9090 9084 9086 9091 9092 9087 9083 9085 9092 9100 9101 9093 9088 9095 9106 9114 9141 9166 9185 9196 9202 9201 9201 9205 9220 9237 9250 9263 9287 9293 9293 9294 9295 9299 9306 9314 9320 9327 9336 9346 9366 9367 9360 9368 9357
9117 9123 9120 9122 9118 9114 9109 9106 9103 9100 9089 9075 9069 9061 9057 9050 9043 9044 8979 8937 9014 9043 9045 9046 9046 9049 9110 9111 9100 9080 9074 9073 9080 9070 9084 9088 9088 9085 9081 9088 9089 9088 9088 9088 9081 9081 9085 9094 9106 9101 9095 9094 9095 9101 9112 9137 9165 9185 9191 9196 9199 9199 9208 9227 9242 9260 9280 9293 9292 9294 9292 9293 9309 9328 9342 9344 9348 9355 9375 9397 9424 9413 9405 9389
9111 9112 9111 9114 9116 9115 9111 9106 9103 9093 9081 9072 9071 9074 9062 9053 9049 9052 9048 9057 9037 9033 9039 9042 9042 9046 9104 9134 9119 9101 9083 9078 9079 9081 9085 9089 9087 9080 9072 9081 9089 9088 9079 9079 9081 9080 9076 9087 9093 9097 9095 9092 9092 9096 9110 9137 9168 9189 9200 9205 9209 9210 9216 9232 9246 9261 9273 9278 9286 9291 9294 9300 9319 9336 9353 9361 9367 9370 9379 9411 9432 9428 9431 9418
9116 9114 9115 9116 9118 9117 9118 9115 9108 9099 9086 9076 9071 9064 9061 9058 9054 9057 9064 9048 9032 9030 9036 9045 9051 9063 9100 9133 9124 9105 9089 9076 9072 9077 9079 9086 9095 9083 9068 9079 9083 9088 9076 9083 9088 9085 9090 9090 9093 9099 9099 9095 9094 9096 9111 9139 9169 9191 9201 9212 9220 9218 9220 9233 9248 9260 9266 9278 9286 9294 9302 9315 9333 9355 9371 9385 9397 9409 9434 9463 9500 9510 9454 9427
9121 9116 9114 9121 9120 9120 9119 9117 9115 9113 9102 9081 9073 9066 9063 9064 9063 9063 9065 9050 9037 9037 9043 9052 9068 9091 9112 9122 9119 9106 9090 9074 9062 9065 9066 9079 9084 9079 9063 9061 9073 9079 9090 9085 9081 9084 9089 9098 9102 9105 9108 9108 9103 9105 9116 9142 9167 9187 9203 9209 9220 9223 9229 9239 9254 9267 9276 9283 9295 9305 9311 9326 9350 9370 9397 9420 9435 9446 9469 9512 9532 9514 9477 9433
9118 9116 9118 9121 9119 9119 9124 9120 9118 9120 9122 9098 9081 9069 9067 9068 9066 9063 9057 9050 9045 9048 9051 9064 9081 9098 9111 9116 9110 9099 9089 9075 9065 9059 9063 9074 9081 9077 9068 9071 9069 9073 9080 9085 9085 9086 9093 9101 9107 9112 9118 9122 9111 9112 9129 9151 9170 9182 9206 9207 9217 9228 9239 9248 9263 9280 9293 9300 9313 9325 9336 9352 9372 9394 9426 9457 9477 9468 9464 9473 9486 9482 9447 9445
9106 9113 9115 9115 9117 9115 9110 9113 9114 9114 9116 9106 9088 9075 9074 9079 9073 9067 9057 9050 9042 9043 9053 9069 9089 9109 9120 9112 9094 9083 9079 9074 9067 9055 9058 9074 9087 9084 9075 9069 9068 9074 9081 9086 9086 9085 9089 9098 9107 9115 9120 9123 9114 9118 9146 9164 9180 9191 9203 9218 9220 9227 9236 9255 9274 9291 9306 9316 9331 9348 9364 9381 9397 9423 9466 9509 9546 9554 9530 9435 9455 9476 9477 9497
9100 9113 9124 9120 9116 9114 9113 9111 9110 9108 9109 9106 9096 9082 9082 9098 9086 9082 9078 9063 9049 9045 9054 9073 9094 9112 9118 9109 9085 9072 9066 9070 9069 9059 9062 9076 9086 9087 9080 9071 9071 9072 9087 9091 9090 9088 9091 9102 9108 9114 9120 9121 9120 9130 9156 9174 9192 9207 9202 9215 9225 9231 9241 9263 9287 9304 9319 9337 9354 9370 9387 9403 9423 9458 9510 9572 9638 9717 9711 9667 9573 9558 9610 9582
9101 9110 9118 9117 9114 9113 9112 9110 9108 9106 9112 9117 9104 9088 9082 9096 9096 9095 9095 9087 9075 9059 9061 9081 9101 9116 9119 9104 9087 9072 9069 9071 9080 9076 9074 9081 9084 9082 9088 9082 9080 9083 9097 9098 9094 9087 9089 9098 9106 9113 9120 9126 9133 9148 9160 9178 9196 9207 9202 9214 9232 9244 9254 9276 9307 9339 9352 9357 9370 9392 9415 9426 9441 9477 9540 9618 9701 9760 9814 9829 9708 9636 9619 9806
9099 9105 9110 9111 9112 9112 9111 9110 9109 9108 9108 9108 9106 9102 9096 9089 9095 9102 9106 9110 9114 9088 9080 9096 9111 9123 9124 9110 9086 9071 9062 9069 9069 9075 9080 9087 9087 9077 9078 9080 9078 9085 9105 9102 9099 9096 9093 9096 9105 9112 9121 9130 9140 9150 9163 9180 9193 9203 9206 9216 9229 9261 9273 9294 9323 9355 9373 9389 9394 9414 9438 9452 9460 9490 9564 9646 9743 9812 9855 9803 9707 9674 9748 9632
9087 9101 9110 9115 9116 9115 9114 9113 9111 9108 9107 9107 9109 9114 9117 9092 9097 9103 9112 9119 9124 9113 9109 9113 9124 9133 9136 9118 9094 9078 9068 9066 9076 9072 9083 9092 9090 9083 9082 9079 9074 9089 9102 9100 9099 9096 9099 9103 9108 9113 9118 9127 9140 9151 9171 9179 9190 9200 9210 9212 9217 9264 9299 9326 9343 9355 9391 9417 9432 9438 9463 9500 9521 9540 9581 9630 9718 9828 9764 9691 9532 9430 9313 9214
9088 9100 9113 9122 9126 9123 9120 9118 9115 9112 9104 9104 9108 9114 9108 9103 9111 9122 9122 9117 9112 9113 9121 9126 9134 9141 9143 9120 9095 9083 9072 9061 9056 9073 9086 9093 9091 9086 9090 9085 9078 9094 9095 9095 9096 9096 9101 9107 9111 9116 9122 9132 9142 9150 9164 9175 9185 9202 9215 9210 9212 9257 9327 9366 9380 9394 9430 9439 9461 9486 9512 9576 9633 9610 9562 9538 9531 9513 9419 9289 9253 9178 9086 8992
9093 9102 9117 9143 9145 9136 9129 9123 9117 9114 9109 9106 9113 9120 9116 9126 9134 9150 9132 9116 9103 9108 9125 9132 9140 9147 9148 9135 9117 9095 9079 9069 9066 9079 9093 9102 9095 9092 9096 9095 9092 9096 9093 9093 9097 9097 9104 9110 9114 9120 9129 9141 9156 9162 9169 9174 9175 9177 9201 9209 9212 9241 9334 9397 9436 9474 9513 9532 9564 9570 9576 9615 9690 9606 9481 9398 9311 9224 9147 9061 9022 8969 8930 8852
9091 9101 9114 9128 9153 9160 9143 9129 9117 9110 9108 9110 9120 9133 9162 9159 9141 9121 9122 9116 9111 9115 9123 9135 9146 9155 9162 9165 9142 9116 9099 9088 9087 9094 9104 9114 9101 9094 9105 9110 9109 9104 9098 9098 9102 9101 9101 9108 9117 9124 9133 9147 9159 9167 9171 9176 9182 9182 9188 9204 9211 9246 9321 9393 9473 9539 9589 9671 9670 9663 9627 9564 9484 9435 9339 9237 9164 9090 9011 8943 8842 8749 8651 8655
9090 9103 9116 9119 9152 9167 9151 9133 9119 9112 9110 9110 9115 9123 9140 9158 9134 9111 9116 9117 9119 9124 9131 9138 9148 9160 9171 9178 9159 9136 9118 9108 9103 9098 9107 9117 9108 9106 9118 9130 9131 9138 9123 9113 9111 9111 9112 9115 9122 9130 9140 9158 9174 9178 9178 9180 9192 9188 9186 9194 9220 9284 9325 9382 9467 9547 9608 9661 9705 9774 9639 9490 9351 9271 9175 9065 8963 8928 8944 8800 8683 8569 8435 8368
9086 9113 9134 9160 9173 9162 9149 9134 9121 9116 9115 9113 9113 9114 9116 9128 9138 9134 9122 9120 9122 9128 9130 9138 9148 9158 9169 9171 9159 9145 9134 9122 9114 9106 9106 9112 9121 9127 9140 9156 9164 9163 9150 9137 9133 9129 9121 9123 9129 9140 9154 9170 9195 9201 9188 9184 9199 9198 9202 9202 9246 9305 9335 9392 9464 9559 9624 9658 9727 9558 9462 9379 9321 9152 9020 8898 8779 8749 8650 8599 8539 8462 8387 8309
9121 9136 9146 9159 9152 9144 9140 9132 9121 9125 9128 9128 9117 9117 9139 9151 9135 9128 9126 9121 9118 9118 9127 9136 9146 9156 9166 9175 9172 9154 9146 9139 9116 9110 9114 9126 9154 9163 9163 9173 9184 9190 9177 9164 9144 9141 9131 9130 9135 9146 9161 9176 9190 9201 9196 9198 9201 9200 9199 9213 9243 9276 9340 9413 9489 9607 9708 9651 9453 9359 9281 9193 9078 9003 8893 8782 8677 8667 8586 8479 8419 8365 8326 8287
9160 9152 9144 9135 9131 9135 9137 9135 9132 9144 9135 9126 9120 9116 9124 9129 9141 9136 9128 9121 9116 9115 9121 9133 9145 9152 9156 9161 9171 9162 9154 9148 9127 9117 9125 9139 9148 9160 9168 9177 9196 9195 9187 9172 9150 9140 9134 9135 9139 9145 9157 9176 9185 9192 9195 9192 9199 9201 9202 9221 9242 9283 9360 9441 9553 9646 9756 9634 9316 9209 9147 9101 9010 8890 8769 8667 8622 8564 8455 8367 8312 8268 8212 8170
9141 9137 9132 9129 9135 9141 9139 9137 9143 9137 9132 9122 9118 9114 9118 9117 9129 9134 9127 9121 9116 9114 9127 9142 9149 9152 9150 9144 9143 9146 9151 9155 9141 9128 9131 9142 9146 9153 9164 9173 9189 9193 9187 9179 9166 9151 9142 9143 9143 9145 9150 9157 9186 9199 9201 9197 9201 9201 9204 9230 9259 9320 9396 9437 9528 9611 9626 9464 9177 9068 9015 8983 8905 8771 8643 8512 8401 8369 8263 8251 8230 8201 8164 8142
9120 9119 9123 9125 9131 9142 9139 9134 9122 9125 9128 9125 9122 9116 9114 9115 9119 9123 9123 9121 9118 9117 9134 9151 9155 9157 9157 9152 9146 9142 9141 9141 9149 9142 9147 9148 9153 9167 9163 9166 9172 9179 9182 9176 9177 9165 9162 9157 9155 9148 9158 9173 9194 9210 9218 9219 9225 9213 9213 9226 9278 9351 9415 9486 9580 9566 9472 9302 9096 8966 8874 8788 8723 8635 8523 8407 8315 8257 8199 8186 8173 8154 8135 8116
9126 9121 9122 9122 9130 9136 9142 9142 9136 9130 9132 9136 9130 9118 9112 9109 9110 9117 9122 9124 9125 9129 9141 9153 9159 9163 9166 9164 9157 9153 9145 9137 9136 9134 9144 9153 9154 9164 9163 9159 9168 9174 9180 9188 9178 9169 9167 9170 9174 9176 9180 9191 9204 9225 9238 9240 9233 9241 9235 9237 9331 9384 9433 9588 9664 9518 9346 9167 8980 8847 8770 8673 8601 8520 8421 8325 8249 8206 8176 8154 8144 8133 8121 8109
