real_craters/C170-1000m.grd
DSAA
75 75
-37.14 37.14
-37.14 37.14
3813.3783139111 6539.988014327
[rows 0 to 29 of 75, columns 0 to 66 of 75]
5904.41 5927.27 5933.93 5966.87 5948.25 5959.72 5992.45 6050.79 6071.22 5992.24 5944.61 5915.3 5723.33 5619.66 5623.38 5645.1 5676.92 5706.27 5748.14 5832.2 5937.98 6035.95 6033.69 5890.88 5773.57 5691.85 5641.3 5619.57 5590.5 5555.89 5506.93 5468.19 5454.04 5460.41 5500.31 5522.86 5548.51 5544.72 5542.98 5546.06 5560.68 5579.87 5565.18 5554.23 5544.69 5549.99 5544.75 5544.36 5577.34 5600.99 5590.23 5590.72 5606.78 5625.01 5640.71 5659.09 5688.1 5722.21 5755.55 5772.93 5762.41 5704.3 5609.9 5549.84 5510.58 5489.46 5531.02
5926.86 5953.64 5966.5 6011.59 5980.71 5957.16 5967.53 5983.46 5951.71 5917.99 5926.47 5898.86 5737.28 5653.61 5642.85 5646.84 5651.93 5627.85 5699.67 5843.41 5995.59 6148.03 6165.17 5963.97 5760.35 5687.2 5629.55 5611.44 5592.33 5559.43 5510.69 5476.74 5460.83 5471.85 5501.07 5535.12 5540.58 5537.6 5536.29 5548.84 5563.34 5569.48 5561.48 5557.45 5550.64 5545.02 5543.56 5540.33 5539.32 5536.53 5553.8 5571.85 5590.88 5602.88 5601.01 5625.36 5681.04 5730.04 5777.43 5815.41 5774.9 5697.97 5621.97 5560.94 5527.69 5546.11 5575.55
5872.44 5855.94 5923.13 5976.87 5948.88 5912.99 5905.09 5907.61 5898.94 5863.73 5838.57 5816.99 5767.02 5714.69 5673.51 5660.1 5650.52 5620.98 5683.73 5834.35 5990.66 6128.07 6090.1 5913.03 5755.14 5676.16 5635.68 5611.37 5576.08 5545.66 5526.09 5508.05 5492 5502.68 5530.06 5544.48 5539.2 5535.37 5548.57 5556.54 5559.76 5551.7 5543.09 5542.05 5538.06 5542.38 5554.37 5553.32 5525.56 5506.93 5517.78 5546.74 5574.86 5605.17 5634.7 5675.77 5699.73 5738.02 5777.28 5792.7 5764.42 5694.89 5627.52 5582.99 5559.91 5587.6 5575.89
5820.26 5817.38 5840.58 5876.12 5866.51 5842.2 5841.49 5836.43 5819.65 5827.32 5762.73 5758.8 5741.43 5701.06 5686.23 5682.69 5678.52 5647.14 5679.67 5820.58 5933.84 6005.79 5946.78 5823.72 5715.78 5648.28 5639.38 5605.01 5557.27 5537.8 5541.35 5528.87 5518.7 5535.33 5570.3 5593.19 5579.78 5568.77 5571.11 5565.11 5555.98 5549.68 5532.27 5525.24 5526.76 5541.91 5547.8 5557.16 5533.2 5503.9 5509.46 5531.71 5569.21 5608.15 5653.36 5689.03 5711.49 5735.15 5760.01 5777.01 5729.97 5647.14 5632.08 5617.09 5622.25 5628.86 5579.34
5767.95 5753.35 5759.68 5768.9 5793.14 5782.38 5784.36 5778.79 5775.1 5793.7 5744.84 5715.05 5706.62 5676.6 5698 5708.67 5721.93 5740.69 5787.38 5838.79 5873.22 5870.7 5801.76 5742.47 5678.91 5632.92 5622.96 5587.41 5543.65 5522.65 5543.37 5558.67 5534.23 5565.39 5624.96 5629.04 5621.6 5599.76 5578.48 5559.44 5547 5540.32 5541.29 5533.82 5538.07 5535.15 5519.88 5523.32 5516.77 5517.94 5502.01 5519.21 5556.04 5600.99 5651.41 5707.93 5702.82 5720.25 5742.59 5753.47 5749.52 5702.89 5669.65 5655.22 5651.82 5627.15 5593.14
5724.14 5721.15 5745.01 5751.65 5756.42 5762.08 5754.03 5741.84 5726.26 5757.33 5756.34 5731.76 5722.93 5733.48 5721.99 5732.27 5760.78 5813.4 5883.18 5848.5 5820.07 5771.46 5736.04 5699.21 5663.25 5626.52 5595.96 5572.02 5544.75 5549.76 5568.94 5551.83 5559.8 5575.41 5624.22 5666.21 5661.08 5622.81 5584.47 5558.62 5550.8 5533.74 5523.52 5512.22 5524.28 5541.6 5557.74 5537.73 5515.02 5504.68 5486.21 5503.08 5539.91 5582.27 5622.8 5641.26 5676.38 5699.08 5723.67 5751.07 5745 5711.45 5689.81 5675.67 5666.86 5625.79 5581.56
5698.36 5689.04 5723.59 5735.81 5729.46 5720.73 5726.24 5725.66 5722.59 5711.39 5680.62 5698.11 5706.88 5702.78 5720.67 5734.24 5758.54 5791.22 5817.1 5802.48 5779.25 5753.56 5685.97 5667.51 5642.01 5611.05 5574.23 5586.04 5593.88 5565.35 5587.93 5647.58 5657.11 5643.71 5659.15 5695.76 5697.88 5638.2 5613.75 5599.23 5565.05 5552.1 5539.58 5507.76 5521.69 5540.82 5548.26 5556.52 5513.59 5487.43 5484.47 5495.1 5525.65 5562.22 5598.91 5635.94 5650.28 5679.23 5711.6 5737.43 5750.37 5728.96 5699.66 5679.08 5661.75 5626.61 5587.61
5698.73 5677.56 5711.77 5722.16 5715.61 5711.64 5716.22 5720.66 5718.66 5662.81 5635.47 5645 5672.09 5686.81 5697.93 5712.97 5729.24 5736.43 5723.4 5735.11 5737.15 5725.17 5684.71 5639.04 5620.15 5601.52 5601.93 5630.19 5676.96 5593.43 5576.86 5677.05 5690.02 5673.02 5701.83 5720.17 5703.71 5682.03 5631.49 5580.83 5594.94 5596.6 5592.37 5564.7 5582.18 5599.79 5561.01 5566.22 5524.49 5490.16 5473.91 5477.98 5512.51 5546.39 5568.43 5573.92 5603.09 5643.44 5687.69 5727.99 5728.76 5722.28 5692.45 5669.51 5652.55 5633.93 5621.14
5725.01 5719.65 5715.63 5714.91 5706.01 5698.12 5702.91 5705.26 5706.97 5677.07 5654.99 5637.73 5646.97 5655.62 5668.32 5682.18 5691.64 5693.42 5688.68 5694 5703.23 5698.17 5662.77 5626.58 5623.68 5626.75 5633.95 5663.32 5673.15 5585.66 5622.29 5815.21 5959.73 5901.66 5841.15 5772 5682.03 5695.06 5657.36 5602.82 5606.71 5636.19 5649.37 5633.78 5630.45 5609.23 5571.91 5571.35 5569.17 5522.34 5502.55 5499.9 5517.24 5534.41 5546.47 5545.25 5569.57 5606.59 5647.5 5703.05 5742.32 5705.54 5693.95 5674.44 5654.35 5642.89 5657.15
5755.48 5760.92 5752.95 5714.07 5706.82 5695.05 5683.59 5684.78 5680.49 5668.88 5647.57 5624.97 5626.49 5634.76 5643.05 5647.8 5652.89 5659.02 5667.71 5669.66 5661.3 5663.86 5664.04 5663.11 5652.52 5658.48 5668.96 5669.6 5653.07 5620.73 5773.05 6060.96 6212.78 6145.08 6002.89 5914.18 5860.81 5784.4 5705.59 5658.6 5660.68 5693.57 5701.94 5694.36 5691.72 5671.51 5687.96 5687.46 5636.17 5566.93 5520.19 5530.46 5528.6 5533.19 5540.6 5544.65 5562.78 5584.69 5603.61 5615.05 5691.95 5717.34 5682.25 5672.2 5669.21 5663.82 5670.5
5776.59 5774.81 5737.94 5691.07 5660.44 5655.22 5655.01 5656.07 5655.16 5608.82 5599.62 5595.15 5600.1 5608 5612.63 5615.14 5621.54 5627.72 5632.62 5632.38 5636.09 5650.94 5671.36 5671.16 5674.82 5671.11 5663.48 5653.26 5666.66 5680.06 5918.34 6075.12 6071.64 6030.64 6044.8 6034.6 6036.8 5905.7 5806.6 5780.82 5830.55 5795.21 5795.42 5784.55 5754.45 5731.77 5715.9 5700.46 5658.17 5571.24 5523.38 5542.96 5527.7 5524.27 5527.57 5548.07 5563.75 5562.18 5565.92 5568.86 5567.3 5633.53 5660.19 5675.79 5688.57 5695.82 5632.92
5773.87 5761.6 5706.45 5658.61 5633.76 5630.36 5630.76 5628.08 5620.29 5634.35 5586.59 5580.15 5579.95 5574.98 5570 5586.03 5596.97 5605.21 5604.1 5612.3 5645.52 5674.11 5683.3 5689.4 5685.26 5693.97 5690.9 5717.06 5724.25 5746.18 5983.94 6119.15 6157.89 6128.05 6116.95 6113.98 6106.36 6102.98 6080.17 5944.21 5859.98 5855.57 5839.96 5822.34 5791.71 5775.21 5752.09 5694.22 5634.17 5576.94 5531.93 5518.97 5506.84 5508 5513.16 5518.31 5526.79 5532.56 5542.46 5540.56 5563.91 5561.37 5599.45 5623.37 5643.13 5648.63 5582.14
5753.67 5740.5 5673.05 5642.8 5629.93 5619.12 5618.3 5615.38 5613.11 5618.66 5601.65 5581.53 5569.65 5560.07 5556.93 5569.39 5585.05 5598.32 5605.83 5612.8 5627.49 5651.89 5654.23 5667.49 5673.09 5686.08 5718.88 5785.89 5753.87 5783.91 5911.01 6156.22 6236.78 6199.33 6151.14 6140.04 6161.97 6170.22 6126.92 5991.85 5918.94 5871.52 5838.77 5816.12 5806.38 5794.94 5753.3 5663.61 5610.47 5579.66 5533.29 5486.42 5480.38 5493.63 5494.71 5490.84 5450.91 5508.09 5529.06 5547.34 5534.7 5550.55 5558.76 5580.7 5593.37 5582.05 5565.91
5727.24 5705.42 5657.1 5621.46 5614.83 5616.31 5614.08 5610.73 5600.38 5605.65 5600.28 5589.85 5576.45 5562.5 5551.45 5568.26 5591.27 5611.55 5623.88 5616.14 5621.35 5623.72 5637.7 5652.42 5680.82 5703.57 5710.81 5723.19 5755.09 5790.58 5889.13 6110.97 6196.4 6178.98 6144.11 6112.3 6100.82 6087.62 6050.64 5997.25 5913.26 5871.31 5839.55 5811.53 5813.42 5786.75 5669.94 5636.5 5603.87 5569.39 5502.21 5484.78 5476.12 5486.44 5491.98 5488.95 5490.53 5498.31 5507.86 5503.15 5467.42 5465.3 5502.27 5525.49 5543.96 5553.77 5554.04
5697.49 5679.44 5632.68 5612.21 5619.38 5617.81 5613.81 5606.09 5586.1 5578.78 5599.81 5605.16 5589.64 5569.29 5558.42 5576.22 5610.87 5639.89 5665.93 5695.84 5647.97 5695.08 5675.31 5700.45 5737.08 5753.76 5769 5802.2 5731.77 5778.07 5931.79 6062.94 6130.35 6153.12 6106.54 6060.85 6010.89 5990.96 6063.48 6112.94 5960.19 5903.96 5860.56 5832.3 5808.02 5748.68 5684.47 5651.1 5650.49 5627.08 5587.68 5531.47 5504.95 5509.75 5501.73 5486.41 5461.02 5468.18 5486.8 5482.61 5447.08 5425.95 5458.99 5483.84 5506.51 5532.58 5533.9
5673.82 5651.04 5645.59 5630.87 5630.63 5621.35 5612.53 5608.72 5592.64 5616.27 5634.26 5611.17 5597.55 5582.81 5568.05 5595.23 5639.9 5678.77 5708.46 5702.47 5691.35 5743.05 5759 5814.03 5822.74 5827.35 5801.95 5761.52 5793.59 5953.61 6107.55 6227.23 6174.26 6088.57 5972.34 5924.96 5975.79 6139.09 6142.86 6181.77 6027.7 5956.14 5902.18 5875.36 5870.23 5892.98 5961.69 5729.63 5712.49 5714.8 5695.09 5650.15 5599 5562.74 5533.15 5496.38 5450.95 5448.01 5461.39 5445.4 5427.96 5436.26 5451.56 5465.98 5469.86 5477.83 5494.1
5662.02 5648.81 5618.78 5614.16 5629.89 5618.07 5605.93 5585.54 5586.62 5597.74 5596.3 5599.35 5609.31 5614.91 5615.51 5646.65 5684.77 5725.65 5776.38 5823.64 5805.62 5822.67 6085.05 6076.66 6014.41 5968.03 5914.66 5895.36 5944.16 6170.2 6197.54 6225.28 6092.7 5872.4 5735.99 5685.85 5694.14 5713.84 5750.62 5762.52 5855.26 5886.39 6006.12 6010.31 6098.02 6238.88 6200.47 5930.98 5822.38 5829.76 5819.95 5760.27 5688.31 5626.74 5573.46 5525.46 5486.85 5463.4 5459.47 5446.99 5430.55 5428.33 5460.16 5448.74 5441.46 5435.87 5456.53
5651.43 5637.88 5609.73 5608.39 5607.21 5605.91 5600.91 5590.93 5574.34 5563.87 5568.44 5594.98 5625.94 5647.58 5664.91 5694.86 5729.02 5776.82 5824.81 5883.56 5851 5968.22 6402.24 6299.98 6194.8 6162.04 6181.55 6271.61 6274.25 6029.6 5885.73 5714.57 5588.54 5489.83 5461.18 5379.93 5283.14 5191.75 5184.65 5199.32 5278.8 5492.16 5786.68 5966.02 6071.93 6215.04 6306.3 6242.64 6054.88 5988.64 5951.05 5885.36 5784.65 5698.88 5620.65 5552.92 5495.45 5450.89 5438.54 5435.12 5411.76 5402.28 5430.52 5425.14 5419.02 5414.26 5419.24
5638.86 5637.53 5617.24 5579.26 5584.97 5590.19 5594.12 5592.31 5561.03 5561.78 5590.04 5628.26 5648.6 5671.75 5694.45 5717.68 5754.11 5798.67 5844.93 5849.86 5812.36 5965.7 6196.62 6350.87 6364.92 6235.34 6233.27 6170.32 5915.94 5669.34 5536.51 5414.41 5326.93 5257.87 5179.77 5087.47 4946.63 4776.06 4729.91 4733.87 4792.33 4951.63 5159.99 5327.16 5437.3 5623.01 5782.98 5945.81 6220.18 6047.1 6017.17 5975.84 5856.65 5751.78 5672.6 5597.59 5519.1 5454.29 5437.13 5420.92 5385.93 5353.54 5371.12 5396.67 5404.06 5408.08 5405.91
5619.42 5615.67 5609.96 5595.62 5578.57 5576.57 5579.44 5581.41 5590.75 5571.08 5645.98 5657.4 5675.91 5694.34 5714.58 5733.03 5769.53 5812.58 5854.78 5903.21 5856.54 5982.25 6162.41 6305.61 6304.73 6135.71 5929.96 5799.47 5658.98 5455.46 5302.12 5187.73 5109.91 5041.14 4937.5 4826.95 4700.03 4566.41 4463.07 4410.87 4423.34 4491.29 4638.78 4778.05 4890.65 5018.45 5168.32 5391.61 5697.28 5857.33 5945.49 5937.82 5855.79 5777.4 5723.64 5662.87 5591.73 5530.94 5521.63 5433.81 5394.38 5358.47 5364.41 5391.74 5398 5398.14 5409.4
5593.64 5586.18 5583.43 5568.04 5562.78 5565.5 5568.45 5578.77 5587.38 5591.66 5638.64 5668.74 5692.11 5703.77 5714.21 5727.1 5756.73 5801.01 5847.13 5880.55 5909.19 6006.97 6159.11 6246.49 6168.38 5950.98 5740.13 5578.09 5399.89 5327.23 5096.42 4955.25 4876.48 4798.44 4710.53 4619.28 4509.07 4388.79 4303.25 4253.26 4188.2 4167.76 4259.02 4369.78 4448.74 4548.1 4644.4 4876.23 5225.75 5586.64 5863.19 5993.59 5901.85 5833.62 5794.25 5736.5 5698.56 5704.93 5691.25 5516.29 5439.15 5403.12 5424.18 5409.2 5397.31 5386.82 5373.19
5574.09 5563.46 5551.95 5549.75 5541.37 5553.77 5570.1 5596.06 5598.51 5610.58 5643.54 5696.87 5699.01 5691.65 5686.61 5681.83 5725.36 5775.47 5826.39 5886.71 5911.26 5975.5 6087.93 6218.75 6058.35 5734.87 5401.68 5276.33 5137.76 5008.48 4906.93 4770.14 4651.4 4560.47 4488.48 4431.02 4350.98 4269.54 4218.17 4111.5 4048.55 4025.68 4064.54 4110.71 4138.23 4188.89 4300.54 4512.98 4890.02 5324.34 5761.67 6158.92 6070.86 5983.78 5901.09 5827.42 5782.06 5758.71 5686.12 5539.79 5461.12 5437.29 5422.23 5412.71 5398.07 5382.53 5373.82
5588.02 5567.74 5549.75 5535.96 5538.58 5554.64 5567.49 5590.11 5609.05 5623.15 5643.58 5690.9 5702.21 5688.6 5676.17 5673.4 5718.47 5783.31 5839.39 5892.83 5949.66 6046.71 6075.37 5993.18 5787.42 5490.56 5186.97 4982.32 4803.46 4761.03 4673.58 4547.41 4438.02 4345.18 4320.82 4289.62 4230.49 4150.72 4087.2 4025.24 3969.21 3952.43 3972.66 3998.33 4018.26 4058.67 4133.21 4229.02 4579.35 5043.58 5509.03 5876.18 6015.02 6033.75 5991.99 5891.23 5822.6 5744.93 5645.1 5482.97 5457.89 5447.07 5434.5 5413.6 5399.23 5384.09 5372.25
5571.61 5564.44 5556.98 5565.53 5564.02 5567.43 5577.51 5608.44 5637.43 5639.93 5648.93 5695.84 5709.38 5696.39 5680.53 5672.44 5730.87 5830.3 5913.79 5972.11 6001.05 6159.09 6038.46 5692.51 5459.26 5221.24 4975.34 4703.36 4627.09 4569.28 4442.62 4355.94 4305.94 4261.59 4234.14 4204.31 4152.56 4084.7 4019.33 3968.38 3929.4 3917.79 3920.66 3944.77 3942.51 3952.03 4028.2 4036.07 4323.26 4753.37 5188.46 5566.24 5889.58 6105.34 6052.03 5941.33 5844.22 5727.91 5607.31 5483.94 5464.13 5461.13 5446.84 5411.35 5398.51 5391.36 5386.84
5569.27 5561.93 5564.35 5580.77 5574.75 5578.85 5590.28 5595.29 5629.14 5648.36 5641.92 5668.13 5720.06 5714.07 5694.74 5683.52 5763.7 5932.64 6088.56 6141.55 6128.63 6369.39 5941.49 5424.72 5181.7 4970.7 4753.99 4615.58 4577.32 4483.71 4390.89 4317.26 4265.5 4229.51 4206.43 4177.12 4129.52 4082.13 4030.23 3956.5 3898.28 3887.27 3872.61 3860.6 3917.36 3926.52 3916.71 3923.19 4154.16 4511.13 4889.68 5259.79 5678.62 6059.24 6030.34 5937.39 5837.32 5719.87 5598.78 5513.05 5487.98 5475.85 5466.33 5399.63 5402.78 5421.75 5433.76
5563.29 5559.56 5554.41 5554.99 5559.19 5586.5 5608.07 5623.03 5608.09 5630.95 5639.95 5705.17 5773.42 5763.66 5769.47 5787.06 5895.18 6088.41 6285 6387.54 6322.33 6146.46 5664.04 5197.03 4987.8 4831.21 4676.86 4547.97 4503.72 4441.77 4338.64 4291 4254.07 4224.33 4204.79 4175.13 4133.08 4096.04 4057.74 3939.79 3868.82 3860.74 3842.17 3837.23 3868.16 3869.68 3859.76 3888.02 4044.68 4315.34 4616.81 4926.06 5340.29 5825.04 5900.92 5885.54 5822.78 5720.6 5641 5561.56 5506.91 5461.43 5405.25 5380.42 5388.76 5414.32 5413.21
5565.71 5558.37 5550.61 5549.05 5589.4 5600.48 5613.25 5628.65 5636.88 5642.08 5674.56 5740.19 5781.08 5826.54 5875.96 5938.66 6042.06 6258.15 6433.51 6497.68 6125.21 5703.11 5326.68 4976.88 4845.6 4762.74 4602.32 4454.92 4433.88 4381.63 4325.4 4275.61 4253.2 4235.68 4222.31 4184.32 4139.48 4093.24 4033.03 3914.93 3845.39 3831.7 3822.99 3827.74 3833 3833.81 3843.17 3855.33 3966.14 4173.28 4400.69 4640.83 4982.85 5421.75 5687.1 5814.9 5846.96 5751.16 5657.41 5593.21 5522.3 5449.5 5379.92 5355.79 5365.83 5364.93 5371.38
5573.04 5566.96 5562.92 5580.27 5594.19 5610.46 5630.02 5647.77 5639.18 5649.79 5683.09 5736.78 5820.71 5918.42 6017.96 6124.8 6218.99 6380.98 6463.26 6235.14 5790.05 5318.71 5075.89 4847.59 4741.27 4639.67 4470.02 4401.83 4387.2 4355.28 4318.1 4283.62 4260.76 4244.64 4232.92 4193.23 4142.48 4083.42 3996.08 3902.64 3839.74 3822.19 3823.28 3825.31 3827.62 3830.47 3837.21 3840.41 3913.14 4067.13 4228.58 4415.56 4702.73 5136.79 5498.36 5767.53 5958.28 5979.59 5708.59 5616.55 5521.91 5450.03 5377.22 5350.01 5354.54 5358.02 5364.26
5583.46 5592.2 5596.88 5610.74 5619 5624.1 5638.97 5661.7 5653.1 5652.59 5669.65 5726.43 5862.15 6002.67 6144.55 6311.48 6523.4 6452.6 6341 5910.41 5479.88 5175.35 4976.84 4798.96 4653.95 4505.44 4433.4 4396.79 4367.33 4336.73 4317.81 4292.74 4266.89 4245.36 4227.14 4191.25 4141.7 4081.93 4002.89 3904.47 3826.12 3822.08 3827.38 3830.38 3828.7 3829.75 3833.37 3835.96 3883.23 3983.16 4097.6 4237.39 4473.86 4904.75 5325.89 5706.26 6051.32 6208.42 5921.92 5666.99 5559.94 5470.69 5395.23 5374.39 5364.4 5366.6 5376.85
5620.13 5633.66 5648.69 5657.94 5650.6 5641.02 5643.72 5658.43 5666.72 5648.58 5648.26 5672.13 5902.11 6071.59 6244.19 6392.02 6433.39 6338.62 6092.49 5652.73 5315.29 5044.7 4879.8 4740.46 4614.2 4514.6 4459.93 4410.3 4372.53 4337.2 4313.05 4294.11 4268.71 4241.41 4216.46 4185.55 4144.41 4086.44 4004.43 3901.85 3825.33 3821.44 3825.85 3832.56 3830.05 3838.79 3837.72 3842.01 3871.88 3927.63 4002.54 4091.27 4265.38 4655.99 5113.92 5571.91 5999.09 6210.53 6002.56 5714.71 5585.69 5489.69 5416.77 5385.13 5383.54 5379.33 5393.7
