real_craters/C170-300m.grd
DSAA
434 434
-64.995 64.995
-64.995 64.995
7968.2865584929 10006.163866819
[rows 360 to 389 of 434, columns 134 to 200 of 434]
9344.74 9339.28 9332.83 9322.65 9321.26 9319.19 9317.02 9313.2 9307.78 9302.49 9300.55 9296.34 9291.89 9292.03 9293.28 9295.33 9298.98 9301.81 9304.23 9306.4 9308.18 9309.82 9309.46 9309.11 9307.68 9306.29 9305.23 9304.7 9304.69 9304.95 9305.24 9305.45 9305.45 9306.96 9310.66 9311.65 9310.01 9308.58 9308.89 9309.13 9307.66 9304.75 9302.39 9307.38 9313.37 9318.13 9323.04 9322.61 9319.23 9317.83 9318.63 9321.24 9324.62 9328.72 9333.08 9337.3 9341.28 9344.24 9344.62 9337.06 9332.1 9323.82 9321.45 9322.21 9324.37 9326.56 9329.32
9341.4 9334.22 9327.59 9319.33 9314.88 9312.68 9311.11 9308.2 9304.54 9302.21 9302.21 9299.98 9296.52 9296.7 9295.3 9294.21 9297.66 9299.94 9301.93 9303.71 9305.35 9306.77 9308.57 9307.66 9306.17 9304.97 9303.97 9303.54 9303.72 9304.04 9304.32 9304.73 9305.07 9306.26 9308.41 9309.24 9308.14 9306.35 9305.24 9303.93 9302.7 9301.48 9300.5 9302.27 9306.15 9310.53 9315.69 9316.09 9312.27 9312.16 9313.82 9316.93 9320.63 9324.69 9328.57 9332.3 9335.48 9337.53 9337.75 9335.06 9326.11 9315.48 9313.8 9315.1 9317.61 9320.16 9323.19
9337.87 9328.4 9320.9 9314.47 9310.11 9307.96 9306.65 9306.08 9305.26 9306.22 9309.22 9310.95 9308.82 9306.17 9303.25 9300.86 9299.35 9299.35 9299.85 9300.89 9302.48 9304.74 9306.23 9305.32 9304.25 9303.38 9302.56 9302.33 9302.61 9302.93 9303.33 9304.01 9305.08 9305.97 9307 9308.15 9306.99 9303.21 9300.86 9300.09 9299.38 9299.11 9299.04 9298.81 9299.34 9300 9301 9300.82 9300.43 9302.85 9306.52 9310.67 9314.91 9319.09 9324.08 9327.43 9329.97 9331.34 9331.85 9331.87 9321.9 9312.06 9308.91 9309.72 9312.18 9314.85 9317.77
9334.15 9321.54 9310.58 9306.72 9305.18 9304.41 9304.37 9305.3 9307.38 9311.1 9317.27 9325.2 9324.48 9315.66 9309.21 9304.44 9300.96 9298.88 9297.83 9297.6 9298.7 9301.52 9302.28 9302.07 9301.75 9301.55 9301.52 9301.57 9301.55 9301.75 9302.07 9302.57 9302.96 9303.15 9303.2 9303.69 9303.2 9301.57 9298.41 9297.24 9296.92 9297.05 9296.93 9295.27 9292.92 9289.43 9283.48 9279.87 9286.76 9294.09 9300.27 9305.65 9310.45 9314.79 9319.09 9322.03 9324.11 9325.46 9324.5 9320.07 9314.56 9308.86 9305.43 9305.46 9307.46 9310.02 9312.89
9330.6 9315.83 9302.95 9299.85 9301.04 9302.62 9303.5 9304.4 9306.32 9312.01 9320.23 9329.78 9328.82 9319.59 9311.34 9305.55 9301.34 9297.86 9295.19 9293.36 9292.71 9293.97 9296.58 9297.9 9298.69 9299.49 9299.84 9299.9 9300.5 9300.33 9300.1 9300.34 9300.69 9299.18 9296.99 9294.74 9294.85 9295.56 9295.16 9294.88 9294.98 9295.01 9294.45 9292.39 9288.68 9283.11 9274.83 9268.94 9279.09 9288.05 9295.06 9300.83 9305.76 9310.07 9313.8 9316.57 9318.61 9319.8 9319.07 9315.78 9311.28 9305.11 9301.28 9301.42 9303.42 9305.63 9308.98
9327 9313.07 9302.5 9299.99 9301.43 9303.73 9304.61 9304.44 9304.17 9310.6 9318.55 9323.43 9323.68 9318.33 9311.77 9305.65 9300.82 9296.41 9292.33 9288.71 9285.87 9285.69 9290.56 9293.01 9295.23 9297.36 9299.14 9300.25 9300.12 9299 9297.59 9296.62 9296.43 9294.38 9291.66 9288.48 9289.71 9290.83 9291.64 9292.82 9293.54 9293.55 9292.61 9290.78 9287.2 9282.56 9277.81 9276.39 9280.37 9286.03 9291.55 9296.65 9301.24 9305.3 9308.69 9311.58 9313.66 9315.08 9315.71 9315.75 9312.5 9303.94 9298.97 9298.24 9300.03 9301.85 9304.93
9322.26 9311.57 9305.11 9304.4 9306.51 9308.2 9308.84 9307.85 9306.57 9311.05 9316.67 9321.47 9319.96 9315.65 9308.41 9304.65 9299.71 9294.7 9289.51 9284.63 9280.25 9278.3 9283.47 9287.71 9291.55 9295.2 9298.57 9301.16 9300.08 9297.66 9294.79 9291.66 9289.16 9289.19 9288.91 9288.73 9289.7 9286.18 9289.59 9291.65 9293.06 9293.35 9292.51 9290.62 9287.54 9284.57 9282.57 9283.47 9283.69 9286.05 9289.47 9293.35 9297.17 9300.74 9303.88 9306.6 9308.75 9310.37 9311.51 9312.22 9309.86 9301.87 9296.23 9295.59 9296.95 9298.55 9301.18
9315.32 9308.88 9306.87 9308.96 9312.09 9314.99 9315.75 9315.03 9313.06 9313.71 9314.64 9315.04 9315.19 9313.76 9311.03 9304.51 9298.66 9293.08 9287.36 9282.06 9277.21 9274.44 9277.34 9283.18 9288.18 9292.76 9297.08 9301.3 9299.14 9295.99 9292.37 9288.23 9285.24 9285.74 9287.06 9290.07 9291.61 9291.24 9289.75 9291.34 9293.19 9294.07 9293.5 9290.97 9288.95 9286.92 9285.45 9284.74 9285.02 9286.04 9288.01 9290.79 9293.78 9296.78 9299.49 9301.88 9303.83 9305.26 9306.01 9306 9304.06 9298.46 9294.73 9293.17 9294.25 9295.77 9298.8
9307.7 9304.91 9306.81 9314.23 9321.02 9323.03 9322.69 9323.82 9323.31 9316.43 9312.26 9310.2 9310.24 9310.26 9308.9 9302.85 9297 9291.55 9286.07 9281.11 9276.77 9274.57 9276.5 9280.78 9285.46 9290.03 9294.07 9296.37 9296.41 9294.51 9291.29 9287.12 9284.02 9283.41 9283.6 9285.13 9285.72 9285.67 9288.89 9291.16 9293.47 9295.44 9296.12 9294.06 9291.67 9289.07 9287.2 9286.29 9285.47 9285.36 9286.56 9288.61 9290.99 9293.45 9295.75 9297.74 9299.1 9300.13 9300.29 9299.05 9295.81 9293.48 9291.55 9289.96 9291.08 9293.44 9296.31
9303.46 9303.21 9308.14 9319.37 9331.18 9329.14 9325.29 9323.12 9320.85 9314.59 9309.12 9305.31 9305.34 9304.66 9302.8 9299.3 9294.71 9289.99 9285.43 9281.25 9277.95 9276.27 9277.29 9279.55 9283.32 9287.5 9291.17 9293.46 9294.29 9293.57 9291.35 9287.87 9284.4 9281.87 9279.38 9277.19 9279.99 9285.12 9287.76 9290.66 9293.85 9297 9299.62 9299.31 9295.01 9290.94 9287.77 9285.14 9283.42 9283.57 9284.7 9286.32 9288.2 9290.11 9291.95 9293.57 9294.9 9295.51 9295.23 9293.73 9291.66 9288.02 9284.82 9284.98 9287.11 9290.02 9292.87
9305.18 9306.37 9311.59 9321.04 9331.25 9328.29 9322.7 9316.49 9312.44 9309.48 9305.4 9303.02 9301.13 9300 9298.43 9295.77 9292.39 9288.56 9284.82 9281.47 9279.4 9277.25 9276.02 9277.73 9281.39 9285.53 9289.14 9291.9 9293.37 9293.65 9292.66 9290.49 9286.17 9281.17 9276.34 9272.34 9275.1 9283.03 9285.63 9289.06 9293.09 9297.32 9301.42 9301.95 9296.5 9291.99 9287.58 9282.94 9280.28 9281.77 9283.15 9284.41 9285.87 9287.48 9289.55 9290.8 9291.87 9292.16 9291.64 9289.91 9286.7 9283.76 9280.68 9280.83 9283.97 9287.52 9290.74
9311.51 9312.98 9315.53 9319.25 9320.56 9320.86 9318.59 9314.07 9309.86 9306.18 9300.66 9297.78 9297.81 9296.26 9295.02 9293.27 9290.75 9287.68 9284.4 9281.23 9278.7 9276 9273.62 9275.73 9279.96 9284.28 9288.17 9291.17 9293.14 9294.06 9294.13 9293.23 9287.67 9280.67 9274.4 9269.83 9269.35 9275.74 9281.17 9286.12 9291.06 9295.85 9300.2 9301.67 9296.95 9292.55 9288.17 9284.34 9282.09 9281.89 9282.6 9283.62 9284.92 9286.31 9287.61 9288.81 9289.39 9289.58 9289.15 9287.89 9286.38 9283.02 9278.63 9278.52 9282.01 9285.94 9289.45
9318.19 9319.2 9317.91 9317.37 9317.39 9316.44 9314.76 9313.9 9309.3 9305.11 9302.92 9299.8 9297.18 9294.69 9293.57 9292.15 9289.95 9287.23 9284.3 9281.25 9277.93 9275.47 9273.71 9275.49 9279.58 9283.82 9287.64 9290.93 9293.23 9294.39 9294.21 9292.42 9286.64 9279.29 9272.54 9267.48 9264.64 9270.61 9277.2 9282.88 9288.09 9292.78 9296.67 9298.58 9296.16 9292.58 9288.59 9285.89 9284.66 9281.77 9281.96 9282.75 9283.86 9285.04 9286.21 9287 9287.55 9287.7 9287.37 9286.55 9286.52 9283.66 9279.45 9279.01 9281.2 9284.87 9288.39
9320.27 9318.85 9316.38 9314.73 9313.41 9311.31 9308.67 9306.81 9305.2 9303.19 9300.66 9299.57 9298.07 9296.84 9294.46 9292.45 9290.1 9287.52 9284.77 9282.06 9279.98 9277.24 9275.82 9277 9280.17 9283.88 9287.62 9291.04 9293.46 9294.81 9293.96 9290.35 9284.71 9277.41 9270.39 9266.41 9267.44 9269.61 9274.41 9279.57 9284.6 9289.01 9292.29 9293.34 9293.9 9291.38 9288.06 9284.47 9280.3 9280.27 9280.98 9281.54 9282.48 9283.63 9284.73 9285.27 9285.9 9286.13 9285.75 9284.53 9283.32 9280.96 9279.01 9279.07 9281.17 9284.72 9288.11
9318.82 9313.03 9312.65 9311.78 9309.73 9306.48 9302.46 9298.64 9300.44 9301.88 9302.08 9300.85 9299.34 9297.35 9295.63 9293.48 9291.22 9288.67 9285.86 9282.99 9280.35 9278.91 9278.55 9279.37 9281.06 9284.04 9287.55 9291.29 9294.5 9295.68 9294.69 9291 9283.86 9275.44 9267.45 9262.49 9265.03 9267.84 9272.22 9277.05 9281.84 9285.93 9289.05 9291.53 9292.66 9290.45 9287.3 9284.19 9281.7 9280 9279.48 9279.88 9280.59 9281.67 9282.81 9283.6 9284.47 9284.81 9284.52 9283.11 9280.83 9278.26 9278.35 9278.71 9282.17 9285.75 9289.38
9318.1 9312.06 9311.61 9310.86 9308.67 9305.18 9300.58 9297.52 9299.47 9301.96 9304.03 9302.37 9300.77 9299.33 9297.04 9295.03 9292.95 9290.48 9287.67 9284.68 9281.98 9280.71 9279.83 9279.67 9281.33 9283.56 9286.58 9290.45 9295.1 9295.86 9295.09 9291.24 9283.16 9273.82 9265.07 9260.18 9262.73 9265.53 9269.83 9274.84 9279.71 9283.49 9286.45 9288.53 9290.43 9289.42 9286.4 9283.77 9281.59 9279.63 9278.32 9278.27 9278.97 9280.2 9281.54 9282.6 9283.78 9284.44 9284.56 9283.57 9281.86 9280.21 9281.64 9285.04 9284.4 9286.53 9289.95
9319.98 9314.98 9314.28 9313.04 9310.34 9306.35 9301.94 9299.92 9301.33 9303.67 9303.47 9303.68 9301.78 9299.93 9298.58 9297.11 9295.36 9293.09 9290.31 9287.45 9284.8 9283.15 9281.7 9280.83 9281.56 9282.44 9283.92 9286.53 9290.75 9292.24 9293.91 9290.83 9281.77 9272.19 9263.77 9259.87 9262.3 9264.32 9268.33 9273.51 9278.15 9281.76 9284.16 9285.05 9287.1 9287.86 9285.28 9282.45 9280.37 9277.73 9276.34 9276.6 9277.67 9279.09 9280.91 9283.14 9284.82 9285.93 9286.71 9286.7 9285.65 9284.15 9283.93 9284.21 9283.97 9287.1 9291.97
9326.18 9322.28 9320.77 9318.24 9314.54 9309.51 9303.93 9301.75 9303.9 9307.55 9309.79 9305.76 9302.83 9301.14 9300.55 9299.75 9298.55 9296.57 9293.95 9290.96 9288.33 9286.24 9284.9 9284.03 9282.09 9280.66 9279.93 9279.62 9279.18 9282.2 9288.27 9286.96 9278.47 9270.18 9263.39 9261.3 9262.56 9263.85 9268.26 9273.83 9278.52 9282.1 9284.47 9285.24 9286.02 9287.18 9284.74 9280.73 9275.88 9272.9 9273.67 9274.91 9276.71 9278.73 9281.08 9283.44 9285.73 9287.85 9289.63 9290.85 9291.03 9290.11 9285.44 9279.41 9281.34 9287.43 9293.52
9340.64 9335.1 9330.72 9325.81 9320.79 9315.28 9308.42 9305.18 9306.5 9308.12 9308.45 9306.72 9303.78 9302.69 9303.12 9303.2 9302.63 9301.11 9298.59 9294.97 9291.87 9289.36 9287.23 9285.68 9281.45 9278.14 9275.66 9273.16 9269.93 9271.14 9275.9 9276.91 9272.99 9267.58 9262.99 9263.16 9264.1 9265.18 9269.93 9275.41 9279.97 9284.14 9287.34 9289.44 9290.47 9290.15 9286.19 9280.84 9274.51 9270.99 9272.57 9273.61 9275.52 9277.87 9280.57 9283.37 9286.23 9289.24 9292.28 9295.32 9297.77 9296.9 9291.91 9281.45 9283.2 9290.81 9296.97
9360.96 9351.29 9341.62 9333.78 9327.49 9322.72 9315.76 9310.75 9309.84 9310.06 9309.57 9308.18 9306.11 9305.73 9306.63 9307.32 9307.53 9306.74 9304.65 9301.01 9296.95 9292.4 9287.66 9282.64 9278.34 9275.08 9272.36 9269.51 9266.79 9266.72 9267.49 9269.13 9268.25 9265.29 9262.55 9262.8 9265.89 9269.01 9273.11 9278.01 9282.65 9287.6 9291.74 9295.3 9298.04 9294.89 9289.05 9283.24 9278.78 9276.65 9273.43 9273.02 9274.9 9277.67 9280.68 9283.79 9287.04 9290.56 9294.55 9299.33 9305.13 9311.56 9307.5 9296.5 9294.79 9299.03 9302.84
9374.28 9361.74 9349.52 9339.83 9332.09 9325.8 9319.18 9314.44 9313.14 9313.47 9312.3 9310.55 9309.29 9309.42 9310.67 9312.08 9313.17 9313.43 9312.18 9308.49 9303.08 9296.09 9288.18 9280.1 9275.38 9272.73 9270.32 9268.15 9266.17 9265.84 9268.92 9267.54 9265.79 9263.99 9262.8 9264.83 9268.2 9273.03 9276.46 9280.88 9285.66 9290.85 9295.68 9299.74 9300.95 9297.38 9292.52 9285.8 9279.62 9276.27 9271.87 9272.39 9275.08 9278.28 9281.44 9284.49 9287.61 9291.25 9295.33 9300.6 9307.6 9317.46 9318.55 9313.17 9310.99 9309.12 9309.25
9371.02 9362.51 9352.94 9343.66 9334.83 9326.06 9318.87 9315.77 9314.92 9316.19 9314.6 9313.02 9311.39 9313.05 9314.79 9316.75 9318.72 9320.47 9321.35 9317.96 9310.58 9300.67 9290.37 9280.89 9274.82 9271.79 9269.65 9268.05 9267.24 9267.67 9266.41 9265.2 9264.25 9263.62 9263.18 9264.85 9269.13 9274.26 9277.89 9282.26 9287.41 9293.17 9299.1 9304.08 9306.22 9303.14 9298.28 9289.25 9278.1 9266.48 9268.95 9273.12 9277.45 9281.15 9284.2 9286.76 9289.18 9291.67 9294.7 9298.67 9303.33 9308.63 9312.14 9316.94 9318.84 9315.35 9313.27
9359.94 9358.37 9353.31 9345.9 9336.99 9327.53 9320.06 9317.04 9315.71 9315.3 9315.66 9315.72 9316.71 9317.13 9318.92 9320.97 9323.4 9326.11 9328.89 9330.09 9317.22 9304.9 9293.21 9282.55 9275.4 9272.19 9270.1 9268.6 9267.61 9266.17 9262.52 9262.49 9262.75 9263.63 9265 9265.48 9268.49 9273.06 9277.1 9281.71 9287.59 9294.53 9302.23 9308.66 9313.36 9314.27 9307.95 9296.21 9282.59 9270.34 9271.67 9277.22 9282.34 9285.83 9288.12 9289.53 9290.59 9291.64 9292.95 9294.5 9295.74 9296.37 9298.88 9310.28 9318.68 9314.51 9313.16
9352.58 9356.81 9355.54 9349.54 9340.93 9330.95 9322.28 9319.51 9317.61 9317.07 9317.55 9317.96 9318.57 9320.51 9322.44 9324.34 9326.58 9328.87 9330.08 9327.29 9318.9 9307.59 9296.03 9285.08 9277.39 9274.02 9271.63 9269.5 9267.7 9266.03 9261.27 9261.35 9262.07 9262.9 9263.81 9264.54 9266.68 9269.78 9273.42 9278.97 9286.58 9294.12 9303.38 9312.46 9321.15 9326.78 9319.75 9306.24 9292.42 9280.56 9280.49 9286.41 9290.53 9292.3 9292.35 9291.94 9291.22 9290.45 9289.83 9289.25 9288.45 9287.29 9288.13 9296.39 9299.06 9306.76 9310.09
9355.98 9361.68 9360.96 9355.72 9347.47 9337.17 9327.92 9324.05 9321.38 9320.13 9321.47 9321.83 9322.14 9324.28 9325.63 9326.81 9328.14 9329.5 9330.3 9326.89 9318.96 9309.15 9298.97 9288.99 9281.38 9277.6 9274.59 9271.31 9267.88 9264.08 9262.17 9261.77 9262.24 9262.94 9262.62 9263.36 9264.69 9265.74 9268.98 9275.62 9282.94 9290.76 9301.01 9312.06 9325.2 9335.15 9327.28 9315.39 9305.67 9296.7 9297.2 9300.96 9301.42 9299.96 9297.43 9294.65 9291.87 9289.19 9286.73 9284.31 9282.85 9281.94 9283.31 9290.23 9297.63 9303.82 9307
9364.62 9370.67 9368.9 9364.5 9357.39 9347.3 9336.92 9331.54 9327.88 9326.63 9328.37 9329.32 9329.31 9329.15 9328.72 9328.26 9327.91 9327.9 9328.6 9325.48 9317.98 9310.28 9302.29 9294.07 9286.7 9283.23 9279.34 9274.5 9269.32 9265.11 9263.17 9262.85 9263.12 9264.43 9264.17 9263.51 9264.71 9265.69 9268.3 9273.89 9280.5 9287.71 9296.7 9305.6 9316.11 9325.22 9322.92 9319.62 9319.94 9323.29 9324.31 9318.96 9312.96 9306.85 9301.06 9295.67 9290.76 9286.31 9282.54 9279.02 9277.07 9277.57 9282.32 9289.34 9299.46 9302.78 9303.4
9361.92 9375.91 9376.19 9374.12 9370.41 9362.74 9350.05 9341.77 9337.39 9336.2 9337.56 9338.36 9336.89 9334.13 9331.32 9328.8 9326.5 9324.12 9320.96 9318.74 9315.63 9311.13 9306.14 9301.12 9296.48 9291.68 9285.63 9279.19 9272.44 9266.48 9265.69 9264.97 9264.11 9264.55 9263.89 9265.55 9267.56 9267.43 9267.85 9273.09 9278.48 9284.42 9290.68 9295.62 9298.29 9298.6 9308.32 9318.11 9328.92 9340.77 9344.84 9333.55 9322.14 9311.85 9302.83 9295.06 9288.51 9282.54 9277.88 9273.25 9270.06 9269.43 9273.08 9280.29 9292.17 9297.19 9297.22
9368.37 9378.1 9381.47 9382.65 9383.62 9382.15 9365.97 9353.65 9348.15 9346.32 9347.01 9348.17 9343.67 9338.1 9333.19 9328.89 9324.86 9320.64 9316.66 9314.78 9313.6 9311.68 9309.66 9308.15 9307.39 9300.71 9292.48 9284.99 9277.94 9272.13 9272.83 9268.43 9265.41 9265.74 9264.99 9273.89 9274.99 9272.8 9271.43 9274.62 9278.52 9282.86 9286.32 9288.58 9288.92 9287.76 9298.73 9315.42 9331.5 9345.87 9352.17 9339.74 9326.06 9313.52 9302.68 9293.45 9285.39 9278.36 9272.74 9267.03 9261.98 9258.09 9254.63 9262.29 9278.35 9286.03 9287.62
9373.54 9381.71 9384.81 9386.32 9389.66 9394.02 9379.07 9365.69 9359.03 9355.43 9353.79 9352.62 9346.43 9339.55 9333.56 9328.39 9323.42 9318.19 9313.39 9312.63 9312.58 9312.18 9311.68 9311.4 9311.13 9305.35 9297.56 9290.77 9285.31 9281.17 9278.02 9271.79 9266.92 9271.27 9305.56 9294.41 9285.12 9279.56 9277 9277.53 9279.76 9282.8 9285.08 9286.86 9287.99 9290.12 9299.25 9314.98 9330.15 9342.03 9346.99 9337.1 9324.34 9311.71 9300.62 9290.95 9282.41 9274.87 9268.01 9261.42 9255.14 9249.33 9243.66 9247.93 9261.01 9269.6 9275.18
9379.8 9385.3 9385.24 9382.74 9381.76 9384.07 9378.73 9373.32 9368.61 9361.6 9355.7 9352.28 9344.42 9338.04 9332.65 9327.79 9322.92 9317.67 9312.8 9312.41 9312.52 9312.37 9311.99 9311.3 9309.61 9305.45 9299.88 9294.8 9290.93 9286.95 9279.55 9275.45 9272.41 9267.9 9300.51 9299.6 9290.26 9283.97 9280.61 9279.94 9281.37 9283.84 9286.89 9288.92 9291.93 9295.65 9305.28 9316.93 9327.22 9334.51 9336.12 9329.19 9317.6 9306.24 9296.04 9286.95 9278.73 9271.1 9263.91 9256.98 9250.63 9245.08 9241.27 9243.02 9248.1 9254.43 9262.47
