real_craters/C170-750m.grd
DSAA
174 174
-64.995 64.995
-64.995 64.995
7969.0132802377 9994.8188152094
[rows 114 to 151 of 174, columns 84 to 167 of 174]
9543 9552 9527 9483 9497 9491 9487 9476 9470 9469 9478 9488 9486 9476 9457 9442 9464 9470 9464 9500 9524 9519 9465 9404 9379 9361 9334 9325 9327 9329 9329 9328 9326 9319 9312 9300 9282 9262 9249 9250 9249 9242 9229 9223 9230 9246 9227 9196 9179 9168 9167 9171 9173 9175 9177 9181 9186 9188 9198 9206 9214 9220 9225 9230 9244 9264 9284 9300 9306 9321 9341 9358 9354 9323 9292 9271 9263 9271 9281 9285 9283 9279 9274 9266
9491 9481 9476 9451 9466 9471 9474 9483 9483 9475 9465 9464 9459 9448 9428 9432 9448 9455 9477 9450 9424 9428 9406 9369 9359 9340 9321 9316 9318 9319 9321 9322 9321 9316 9310 9303 9290 9266 9245 9241 9241 9241 9244 9251 9251 9251 9239 9208 9190 9178 9175 9176 9176 9178 9179 9178 9185 9189 9197 9206 9213 9219 9224 9234 9247 9266 9286 9304 9316 9323 9338 9357 9359 9325 9300 9286 9285 9286 9291 9294 9294 9291 9287 9283
9469 9466 9455 9423 9431 9432 9460 9491 9499 9466 9455 9450 9446 9438 9429 9425 9449 9476 9483 9435 9409 9395 9376 9356 9349 9336 9322 9315 9313 9313 9314 9315 9316 9312 9309 9306 9296 9274 9252 9242 9238 9239 9245 9264 9257 9247 9232 9212 9198 9189 9185 9184 9183 9183 9185 9192 9191 9193 9200 9208 9216 9222 9226 9226 9248 9270 9291 9306 9312 9318 9323 9324 9313 9311 9305 9303 9304 9308 9307 9306 9305 9304 9301 9297
9440 9442 9436 9428 9426 9434 9484 9479 9469 9442 9442 9442 9444 9447 9448 9442 9453 9478 9460 9418 9385 9366 9360 9352 9345 9338 9329 9316 9312 9309 9308 9308 9306 9306 9306 9302 9294 9281 9265 9244 9236 9233 9231 9228 9242 9225 9206 9198 9193 9190 9186 9187 9189 9188 9189 9189 9194 9201 9205 9213 9220 9228 9235 9241 9255 9274 9295 9313 9318 9311 9308 9305 9300 9303 9307 9310 9318 9324 9322 9320 9318 9318 9317 9314
9429 9425 9417 9418 9436 9442 9459 9453 9440 9426 9436 9444 9451 9460 9468 9465 9456 9443 9425 9403 9393 9377 9368 9361 9348 9339 9327 9314 9308 9305 9302 9300 9300 9299 9301 9303 9298 9286 9271 9248 9238 9229 9218 9207 9216 9221 9205 9186 9188 9189 9189 9188 9192 9193 9192 9189 9192 9199 9209 9217 9225 9234 9244 9251 9261 9277 9295 9310 9309 9299 9295 9294 9295 9297 9304 9312 9326 9334 9330 9328 9326 9328 9330 9327
9418 9419 9410 9412 9427 9433 9434 9413 9413 9426 9434 9444 9455 9464 9475 9467 9452 9435 9401 9381 9376 9374 9358 9345 9340 9333 9324 9310 9305 9299 9295 9292 9288 9288 9294 9297 9296 9290 9279 9257 9244 9231 9216 9205 9211 9220 9214 9202 9198 9195 9193 9199 9202 9199 9197 9196 9200 9207 9214 9222 9229 9237 9242 9250 9265 9279 9291 9298 9287 9282 9285 9285 9284 9286 9298 9306 9317 9323 9322 9324 9328 9332 9337 9332
9416 9419 9405 9402 9398 9380 9374 9385 9400 9418 9434 9446 9453 9458 9454 9448 9453 9435 9397 9369 9355 9352 9346 9335 9329 9320 9313 9308 9301 9296 9291 9286 9281 9282 9286 9291 9291 9289 9281 9270 9256 9241 9227 9215 9216 9219 9219 9217 9210 9203 9197 9199 9202 9202 9201 9202 9208 9216 9221 9227 9233 9241 9252 9260 9268 9279 9287 9289 9285 9283 9282 9281 9277 9276 9276 9280 9278 9296 9309 9317 9325 9332 9339 9336
9415 9410 9409 9401 9391 9383 9381 9385 9403 9431 9437 9443 9448 9453 9458 9456 9462 9447 9393 9379 9376 9366 9348 9332 9319 9309 9304 9302 9296 9291 9286 9281 9276 9273 9274 9281 9282 9288 9289 9281 9269 9254 9240 9229 9217 9221 9225 9224 9219 9211 9202 9197 9203 9207 9208 9210 9213 9222 9227 9230 9233 9239 9249 9263 9268 9276 9285 9294 9292 9288 9282 9281 9283 9281 9275 9275 9272 9283 9294 9305 9316 9326 9336 9336
9421 9417 9403 9395 9391 9383 9392 9397 9412 9428 9438 9441 9442 9446 9451 9457 9454 9438 9407 9386 9382 9367 9355 9331 9311 9294 9292 9294 9292 9286 9280 9276 9271 9267 9263 9257 9267 9272 9280 9285 9278 9262 9244 9227 9219 9221 9233 9234 9225 9218 9216 9212 9212 9213 9215 9220 9238 9234 9233 9232 9232 9233 9241 9255 9262 9269 9277 9288 9283 9278 9278 9280 9282 9284 9285 9280 9281 9282 9290 9299 9307 9314 9320 9324
9409 9402 9394 9395 9398 9399 9411 9420 9426 9441 9439 9436 9435 9435 9444 9463 9443 9420 9413 9388 9377 9356 9340 9325 9311 9299 9291 9294 9286 9280 9276 9271 9267 9262 9261 9260 9259 9260 9269 9281 9280 9265 9249 9229 9218 9221 9230 9232 9226 9219 9215 9221 9221 9221 9222 9224 9217 9241 9239 9235 9231 9227 9227 9240 9251 9260 9267 9268 9270 9268 9276 9280 9281 9284 9290 9285 9275 9282 9292 9297 9302 9305 9309 9311
9401 9397 9400 9393 9402 9415 9435 9454 9442 9430 9427 9429 9430 9432 9443 9449 9435 9416 9403 9402 9392 9366 9346 9333 9315 9298 9289 9283 9276 9272 9270 9268 9265 9261 9259 9258 9255 9254 9263 9271 9270 9266 9255 9234 9221 9222 9226 9227 9226 9222 9217 9226 9231 9231 9231 9233 9236 9242 9239 9234 9230 9224 9220 9230 9243 9253 9261 9266 9272 9277 9279 9282 9286 9297 9295 9297 9288 9293 9293 9296 9297 9296 9291 9294
9402 9400 9398 9396 9407 9422 9443 9464 9450 9434 9428 9425 9426 9428 9437 9428 9413 9405 9406 9401 9392 9387 9372 9342 9322 9301 9287 9273 9266 9265 9265 9264 9262 9259 9256 9254 9252 9254 9263 9273 9278 9272 9256 9234 9221 9226 9224 9226 9230 9232 9238 9243 9242 9241 9238 9237 9238 9243 9238 9234 9231 9228 9221 9227 9237 9248 9259 9268 9272 9277 9279 9281 9284 9287 9288 9287 9294 9292 9295 9297 9297 9294 9284 9271
9408 9404 9399 9396 9403 9409 9417 9452 9444 9435 9427 9421 9421 9422 9405 9405 9392 9398 9404 9397 9393 9383 9380 9358 9331 9308 9291 9273 9262 9261 9262 9262 9263 9264 9258 9250 9249 9254 9263 9277 9287 9279 9266 9242 9227 9227 9226 9232 9238 9245 9250 9256 9254 9250 9246 9242 9241 9237 9234 9231 9229 9229 9226 9225 9232 9241 9253 9262 9265 9271 9274 9277 9280 9281 9286 9291 9300 9298 9303 9303 9300 9297 9290 9273
9402 9400 9394 9394 9395 9395 9408 9432 9435 9423 9411 9414 9415 9415 9400 9392 9389 9392 9397 9397 9393 9385 9379 9352 9345 9324 9301 9279 9265 9261 9261 9262 9262 9260 9249 9244 9243 9246 9261 9275 9282 9280 9269 9253 9232 9230 9234 9241 9250 9258 9264 9267 9267 9259 9249 9243 9235 9228 9229 9227 9225 9222 9219 9222 9228 9235 9241 9248 9255 9260 9266 9272 9278 9286 9288 9291 9311 9320 9318 9310 9302 9296 9292 9288
9402 9398 9391 9387 9384 9387 9401 9431 9425 9416 9411 9410 9407 9405 9398 9387 9383 9387 9389 9385 9383 9375 9375 9373 9358 9339 9311 9288 9271 9265 9261 9260 9260 9258 9249 9243 9242 9246 9260 9274 9286 9282 9267 9255 9241 9235 9243 9253 9265 9276 9284 9291 9280 9260 9245 9236 9232 9230 9226 9225 9222 9214 9213 9219 9225 9230 9235 9241 9247 9252 9258 9266 9275 9282 9290 9290 9311 9342 9324 9312 9304 9297 9293 9295
9395 9389 9383 9374 9377 9382 9398 9407 9405 9407 9409 9406 9398 9391 9392 9380 9375 9380 9381 9374 9376 9366 9364 9361 9354 9337 9316 9295 9279 9267 9262 9260 9260 9260 9250 9246 9245 9249 9260 9273 9282 9282 9274 9262 9257 9237 9245 9263 9280 9297 9309 9314 9280 9251 9235 9223 9220 9221 9223 9224 9223 9219 9216 9221 9226 9228 9233 9237 9242 9245 9251 9261 9273 9289 9295 9299 9305 9307 9314 9312 9305 9297 9299 9306
9389 9386 9378 9370 9370 9371 9371 9385 9382 9397 9406 9402 9392 9380 9373 9372 9369 9369 9372 9361 9365 9358 9357 9350 9350 9338 9318 9296 9277 9267 9263 9261 9259 9258 9257 9249 9248 9251 9259 9269 9277 9277 9273 9273 9261 9251 9263 9276 9292 9312 9319 9265 9237 9234 9225 9216 9215 9218 9223 9226 9228 9230 9227 9228 9229 9231 9229 9236 9244 9248 9253 9259 9268 9288 9309 9308 9308 9305 9314 9314 9307 9300 9309 9319
9383 9381 9374 9371 9366 9364 9364 9369 9383 9400 9404 9399 9389 9375 9367 9372 9371 9370 9373 9359 9356 9355 9362 9357 9353 9338 9318 9297 9275 9266 9262 9260 9258 9254 9248 9249 9252 9253 9257 9263 9268 9269 9271 9277 9270 9267 9280 9283 9287 9288 9284 9254 9235 9225 9220 9216 9218 9225 9227 9229 9232 9233 9234 9234 9236 9240 9244 9246 9250 9256 9262 9258 9251 9270 9310 9327 9322 9319 9326 9316 9314 9309 9308 9316
9377 9374 9368 9365 9355 9354 9353 9371 9409 9413 9412 9404 9386 9366 9366 9381 9391 9396 9378 9359 9355 9359 9364 9358 9354 9338 9317 9296 9277 9265 9261 9260 9262 9258 9253 9248 9247 9250 9254 9257 9257 9259 9261 9271 9270 9276 9283 9280 9276 9267 9251 9240 9226 9223 9220 9220 9220 9224 9227 9231 9235 9240 9240 9241 9243 9247 9254 9256 9258 9263 9270 9263 9253 9259 9282 9315 9337 9348 9316 9318 9319 9328 9325 9323
9372 9368 9366 9363 9357 9355 9362 9383 9407 9420 9425 9414 9389 9377 9375 9377 9390 9394 9378 9361 9355 9358 9355 9350 9348 9334 9315 9293 9272 9262 9261 9260 9264 9265 9258 9251 9247 9248 9251 9253 9253 9250 9243 9266 9272 9274 9270 9268 9267 9262 9247 9239 9231 9228 9224 9221 9222 9223 9227 9234 9238 9241 9246 9248 9249 9248 9248 9259 9266 9269 9269 9272 9288 9292 9296 9331 9346 9343 9329 9327 9323 9319 9329 9328
9375 9371 9368 9364 9360 9361 9371 9394 9414 9423 9419 9409 9391 9391 9381 9376 9381 9386 9382 9365 9359 9366 9344 9338 9344 9332 9314 9294 9277 9267 9262 9261 9264 9262 9262 9257 9248 9248 9249 9250 9252 9251 9241 9257 9267 9264 9262 9262 9264 9258 9253 9249 9246 9240 9233 9227 9229 9229 9232 9239 9246 9251 9252 9256 9259 9259 9260 9269 9275 9281 9283 9287 9285 9315 9359 9365 9360 9357 9353 9345 9334 9322 9328 9331
9375 9374 9372 9372 9371 9371 9380 9407 9414 9416 9410 9399 9393 9386 9378 9368 9374 9377 9376 9373 9374 9366 9347 9335 9337 9331 9315 9296 9279 9267 9262 9265 9265 9268 9258 9255 9261 9250 9247 9246 9246 9246 9242 9254 9263 9265 9266 9264 9270 9268 9264 9263 9261 9255 9249 9244 9241 9241 9244 9246 9249 9251 9258 9265 9272 9280 9284 9286 9289 9297 9309 9319 9340 9334 9357 9364 9366 9371 9369 9357 9352 9351 9340 9334
9381 9381 9381 9382 9383 9386 9396 9409 9410 9409 9402 9392 9391 9381 9380 9379 9373 9371 9376 9378 9378 9369 9356 9340 9343 9334 9316 9296 9278 9266 9261 9262 9264 9258 9260 9252 9241 9244 9243 9241 9240 9241 9244 9249 9266 9277 9273 9270 9277 9283 9279 9275 9273 9267 9261 9256 9253 9252 9253 9253 9254 9259 9267 9274 9281 9292 9298 9299 9301 9309 9322 9325 9311 9314 9324 9344 9362 9372 9351 9342 9339 9340 9334 9332
9383 9386 9388 9392 9397 9402 9407 9406 9406 9406 9401 9393 9390 9387 9384 9379 9371 9367 9371 9371 9375 9368 9354 9341 9337 9331 9316 9299 9280 9262 9262 9264 9264 9260 9258 9252 9243 9244 9243 9240 9237 9236 9237 9251 9269 9276 9273 9271 9277 9295 9290 9282 9277 9274 9270 9267 9264 9258 9251 9262 9271 9279 9284 9291 9296 9295 9302 9305 9311 9316 9315 9301 9287 9294 9303 9338 9355 9364 9344 9325 9315 9313 9323 9328
9390 9393 9396 9399 9405 9409 9412 9410 9399 9411 9411 9405 9406 9401 9388 9377 9368 9362 9364 9354 9343 9350 9348 9343 9335 9329 9318 9304 9288 9270 9272 9271 9269 9268 9264 9260 9251 9250 9248 9244 9239 9236 9239 9254 9271 9274 9270 9273 9277 9288 9287 9282 9279 9279 9283 9280 9275 9272 9272 9279 9286 9293 9300 9304 9305 9301 9306 9313 9323 9322 9316 9304 9295 9304 9327 9338 9350 9355 9346 9338 9318 9311 9318 9325
9391 9395 9400 9405 9410 9409 9408 9406 9414 9430 9416 9415 9415 9399 9387 9377 9366 9356 9352 9344 9339 9336 9335 9336 9329 9326 9320 9312 9304 9301 9293 9283 9275 9269 9269 9268 9266 9260 9256 9253 9246 9241 9242 9248 9258 9266 9273 9280 9276 9280 9282 9278 9269 9267 9281 9285 9286 9287 9289 9293 9294 9304 9314 9319 9315 9299 9310 9320 9332 9332 9328 9321 9317 9321 9330 9335 9349 9355 9361 9359 9328 9320 9322 9327
9389 9396 9402 9408 9416 9418 9412 9405 9409 9411 9395 9384 9370 9374 9379 9373 9362 9354 9349 9338 9333 9330 9324 9326 9327 9328 9326 9320 9317 9315 9305 9292 9283 9277 9274 9275 9275 9270 9264 9262 9261 9250 9243 9249 9257 9268 9280 9283 9280 9284 9283 9278 9270 9267 9277 9287 9294 9300 9310 9312 9309 9314 9322 9333 9334 9315 9324 9341 9339 9340 9338 9336 9337 9333 9325 9351 9355 9358 9362 9350 9336 9330 9329 9330
9386 9393 9400 9409 9416 9422 9413 9404 9406 9388 9372 9358 9352 9358 9368 9364 9356 9349 9341 9334 9328 9324 9319 9314 9325 9335 9329 9327 9324 9319 9309 9296 9286 9281 9279 9279 9282 9277 9270 9265 9269 9254 9253 9260 9267 9275 9285 9289 9290 9295 9290 9284 9280 9282 9288 9295 9301 9308 9314 9315 9317 9315 9321 9338 9359 9360 9341 9329 9339 9342 9348 9354 9357 9353 9346 9356 9359 9359 9357 9349 9349 9336 9333 9332
9381 9390 9398 9406 9413 9417 9410 9405 9404 9385 9366 9353 9350 9351 9350 9353 9350 9346 9343 9340 9338 9335 9328 9328 9327 9325 9328 9329 9328 9322 9311 9296 9280 9275 9280 9290 9289 9281 9271 9258 9237 9242 9254 9267 9284 9284 9285 9284 9294 9300 9296 9292 9290 9294 9300 9302 9306 9310 9311 9309 9311 9302 9295 9308 9349 9384 9322 9321 9324 9339 9350 9353 9359 9365 9363 9355 9358 9358 9357 9354 9355 9350 9341 9336
9374 9384 9394 9402 9408 9407 9407 9404 9396 9383 9369 9353 9349 9347 9345 9347 9349 9349 9351 9347 9343 9343 9337 9336 9331 9324 9329 9333 9334 9333 9323 9298 9277 9269 9273 9282 9288 9281 9270 9258 9247 9228 9249 9269 9281 9290 9293 9292 9293 9301 9300 9298 9295 9295 9299 9305 9310 9314 9314 9310 9307 9277 9241 9214 9196 9219 9225 9261 9290 9323 9357 9371 9357 9360 9367 9370 9369 9364 9356 9357 9364 9357 9345 9338
9367 9379 9389 9399 9407 9409 9404 9399 9388 9378 9363 9356 9357 9349 9340 9343 9348 9349 9340 9333 9336 9343 9333 9331 9328 9331 9333 9337 9341 9342 9333 9300 9264 9262 9267 9276 9283 9279 9271 9259 9244 9230 9247 9273 9289 9296 9306 9313 9308 9307 9305 9302 9298 9297 9301 9309 9316 9321 9326 9332 9312 9244 9167 9087 9000 9011 9087 9173 9232 9292 9351 9394 9396 9362 9369 9371 9372 9371 9371 9371 9358 9352 9343 9337
9360 9373 9384 9395 9404 9404 9400 9394 9384 9375 9368 9369 9366 9351 9342 9342 9341 9339 9337 9334 9342 9342 9334 9325 9326 9333 9336 9341 9345 9347 9339 9311 9277 9270 9268 9270 9275 9280 9278 9266 9248 9240 9246 9270 9288 9291 9307 9330 9323 9317 9312 9308 9304 9300 9307 9316 9323 9329 9334 9338 9305 9209 9099 8987 8886 8900 8989 9099 9177 9250 9327 9411 9404 9358 9364 9370 9375 9373 9374 9364 9342 9334 9335 9335
9351 9368 9379 9390 9400 9400 9395 9390 9382 9373 9369 9365 9356 9349 9344 9346 9347 9341 9341 9338 9333 9329 9325 9329 9332 9325 9333 9341 9349 9352 9348 9333 9311 9291 9279 9279 9285 9288 9288 9284 9265 9245 9245 9243 9250 9271 9284 9292 9316 9315 9311 9311 9311 9311 9322 9329 9334 9337 9339 9335 9288 9185 9062 8933 8820 8846 8940 9060 9143 9210 9268 9320 9370 9362 9360 9364 9365 9368 9364 9357 9337 9332 9333 9334
9343 9360 9371 9381 9389 9391 9392 9390 9387 9381 9379 9360 9357 9351 9347 9348 9352 9346 9346 9344 9337 9327 9328 9333 9338 9333 9335 9343 9350 9356 9361 9357 9338 9311 9293 9292 9299 9298 9298 9300 9289 9257 9242 9243 9249 9257 9261 9258 9278 9299 9307 9315 9323 9330 9339 9343 9344 9345 9345 9339 9284 9176 9049 8920 8824 8849 8959 9053 9133 9194 9227 9282 9360 9352 9353 9360 9372 9361 9350 9336 9335 9335 9333 9334
9341 9356 9365 9373 9378 9385 9391 9395 9395 9396 9385 9362 9355 9353 9349 9347 9346 9348 9349 9343 9336 9335 9334 9331 9334 9335 9339 9345 9349 9352 9358 9340 9329 9319 9318 9313 9307 9304 9304 9308 9316 9283 9250 9245 9249 9255 9259 9255 9261 9281 9298 9311 9328 9355 9356 9354 9353 9352 9349 9339 9288 9189 9069 8939 8847 8889 8980 9087 9165 9224 9247 9292 9361 9345 9345 9351 9353 9348 9339 9331 9336 9336 9334 9335
9339 9351 9361 9370 9378 9384 9393 9402 9410 9412 9394 9359 9356 9352 9349 9347 9346 9349 9352 9352 9346 9340 9334 9334 9341 9341 9348 9349 9345 9335 9310 9253 9256 9317 9361 9334 9311 9303 9307 9317 9331 9300 9261 9249 9251 9260 9271 9283 9287 9283 9292 9304 9318 9335 9354 9356 9356 9355 9351 9337 9303 9230 9135 9013 8901 8978 9056 9148 9220 9292 9362 9369 9360 9334 9338 9343 9346 9341 9332 9325 9326 9331 9332 9334
9340 9348 9357 9366 9377 9383 9393 9405 9419 9412 9379 9367 9360 9357 9354 9351 9348 9351 9352 9353 9352 9345 9339 9339 9347 9346 9359 9351 9342 9330 9307 9276 9278 9318 9353 9331 9303 9291 9307 9333 9353 9301 9264 9253 9257 9266 9280 9309 9309 9290 9288 9296 9305 9315 9341 9349 9354 9359 9359 9347 9332 9289 9246 9196 9144 9141 9167 9214 9278 9343 9419 9398 9335 9329 9335 9340 9342 9338 9329 9320 9322 9325 9330 9334
9341 9350 9355 9362 9367 9379 9390 9400 9407 9391 9372 9368 9366 9359 9358 9354 9356 9358 9360 9364 9360 9351 9345 9349 9350 9345 9348 9347 9343 9335 9333 9330 9318 9318 9319 9316 9297 9287 9300 9322 9348 9289 9265 9266 9262 9270 9281 9297 9300 9280 9281 9289 9299 9309 9323 9336 9349 9360 9368 9362 9347 9338 9341 9375 9384 9288 9266 9280 9313 9344 9368 9355 9336 9335 9337 9340 9341 9338 9330 9321 9318 9326 9332 9336
