real_craters/C170-500m.grd
DSAA
261 261
-64.995 64.995
-64.995 64.995
7967.9740275331 10009.591851887
[rows 90 to 119 of 261, columns 0 to 66 of 261]
9119.08 9116.72 9115.78 9118.66 9124.97 9121.07 9119.77 9119.44 9120.17 9123.94 9121.94 9118.63 9118.05 9119.11 9122.59 9123.1 9104.16 9090.32 9080.38 9072.24 9065.93 9066.06 9067.6 9066.22 9065.74 9064.25 9061.84 9058.09 9053.72 9048.36 9044.54 9045.02 9047.51 9050.48 9056.89 9067.26 9078.56 9090.56 9100 9109.53 9115.15 9116.47 9112.19 9106.23 9097.28 9090.11 9081.79 9070.54 9063.15 9060.89 9060.32 9062.81 9069.44 9076.95 9080.48 9080.03 9074.43 9068.59 9072.07 9069.28 9069.22 9071.19 9076.65 9081.63 9084.15 9084.79 9085.09
9112.04 9113.14 9114.26 9113.54 9113.24 9116.86 9117.66 9117.02 9116.1 9114.23 9115.85 9116.16 9116.6 9117.2 9117.91 9121 9116.84 9097.47 9085.45 9075.84 9069.28 9069.93 9073.7 9073.76 9069.46 9066.15 9061.46 9054.25 9051.37 9047.76 9044.71 9045.05 9047.76 9052.15 9060.81 9072.22 9084.53 9096.98 9108.32 9115.47 9115.65 9112.4 9102.31 9092.86 9088.41 9084.34 9079.5 9074.11 9072.71 9061.34 9053.6 9057.93 9067.61 9077.03 9082.59 9082.81 9077.54 9070.42 9067.11 9068.22 9067.98 9069.35 9076.53 9083.82 9083.92 9085.27 9086.14
9103.53 9110.02 9114.76 9117 9116.65 9116.99 9116.64 9115.39 9113.42 9109.86 9111.22 9112.5 9112.74 9112.64 9112.41 9114.67 9114.89 9101.17 9090.54 9081.05 9074.47 9076.56 9082.3 9084.57 9075.34 9071.42 9067.69 9061.26 9055.66 9048.04 9042.13 9041.72 9043.34 9052 9063.03 9076.13 9089.45 9103.11 9115.75 9121.68 9115.82 9104.64 9091.44 9080.97 9078.72 9077.9 9075.26 9072.11 9067.29 9059.79 9051.2 9056.65 9067.43 9078.37 9087.5 9087.02 9085.54 9079.43 9071.3 9068.63 9068.22 9068.99 9074.33 9078.51 9084.94 9086.84 9086.72
9100.1 9108.86 9116.29 9123.19 9122.23 9118.48 9116.31 9114.78 9113.54 9113.35 9111.45 9110.54 9109.95 9109.06 9108.5 9109.52 9106.45 9103.14 9095.58 9085.78 9079.69 9081.98 9092.54 9097.52 9084.66 9080.79 9079.63 9075.26 9066.81 9056.3 9047.6 9044.65 9044.81 9053.03 9064.86 9078.26 9092.47 9105.53 9115.94 9118.87 9115.42 9103.37 9086.19 9074.94 9071.5 9068 9069.54 9070.52 9068.62 9062.37 9055.07 9060.38 9069.75 9079.06 9085.56 9087.39 9087.91 9082.34 9070.9 9070.64 9070.49 9069.87 9076 9086.13 9088.77 9089.85 9089.63
9100.11 9107.85 9115.64 9123.74 9124.14 9118.49 9115.28 9113.66 9112.96 9112.26 9111.04 9109.41 9108.18 9106.97 9106.61 9110.26 9113.12 9113.03 9101.26 9089.76 9079.36 9080.57 9095.68 9098.75 9091.79 9089.99 9090.93 9089.66 9080.72 9071.12 9061.33 9055.14 9050.62 9056.85 9069.24 9083.3 9096.69 9107.81 9116.68 9119.74 9111.84 9099.55 9085.67 9075.16 9069.98 9067.09 9068.24 9071.6 9074.82 9072.24 9064.76 9068 9074.07 9080.31 9083.88 9084.64 9083.32 9081.79 9076.55 9076.1 9075.88 9076.53 9074.66 9089.3 9094.32 9093.94 9092.3
9101.72 9106.4 9111.79 9115.81 9115.06 9114.39 9113.25 9112.6 9112 9111.37 9110.49 9109.57 9108.37 9106.59 9105.18 9111.25 9111.72 9112.8 9104.67 9095.08 9085.69 9082.42 9090.16 9094.61 9095.19 9095.69 9097.13 9097.28 9094.45 9090.3 9085.92 9072.2 9058.06 9063.25 9076.15 9089.45 9101.93 9112.33 9119.17 9119.9 9111.94 9100.48 9088.55 9076.66 9070.22 9069.75 9068.69 9072.2 9079.46 9081.59 9075.89 9075.29 9079.31 9083.74 9084.92 9082.44 9081.95 9086.79 9087.69 9080.99 9080.01 9084.1 9085.4 9097.96 9099.79 9098.28 9095.52
9100.69 9103.36 9107.58 9110.62 9111.75 9111.77 9112.18 9112.01 9111.66 9110.95 9110.33 9109.51 9108.69 9108.07 9108.87 9107.83 9108.13 9108.51 9106.05 9102.19 9097.92 9093 9086.77 9090.55 9094.28 9098.59 9102.06 9104.6 9106.62 9109.17 9108.03 9095.61 9076.22 9076.42 9087.26 9098.5 9109.02 9117.59 9123.04 9123.4 9115.89 9103.14 9086.78 9076.36 9067.88 9063.05 9066.52 9070.08 9070.51 9077.73 9076.08 9079.12 9083.95 9087.48 9086.56 9081.19 9074.97 9078.61 9081.69 9079.98 9078.83 9082.85 9090.82 9104.19 9103.26 9101.03 9098.85
9091.67 9098.95 9104.99 9109.57 9113.25 9112.79 9113.26 9113.16 9111.76 9111.58 9111.87 9111.22 9110.18 9109.18 9108.66 9106.89 9106.88 9108.81 9108.37 9108.93 9111.27 9111.11 9089.44 9090.61 9096.27 9100.73 9108.33 9110.9 9114.72 9121.38 9134.1 9117.12 9098.29 9096.01 9101.31 9109.09 9117.37 9124.81 9129.69 9130.34 9122.29 9108.28 9090.03 9079.08 9069.55 9063.61 9065.75 9070.56 9079.37 9072.35 9074.45 9080.71 9087.27 9093.87 9090.35 9083.16 9077.7 9079.49 9079.83 9077.65 9075.32 9077.15 9090.96 9102.77 9102.87 9101.35 9100.03
9086.66 9095.97 9103.27 9109.97 9115.5 9116.81 9117.36 9116.81 9116.66 9115.08 9114.31 9113.01 9111.73 9110.19 9108.01 9107.04 9105.84 9106.99 9108.95 9112.1 9116.44 9120.93 9102.39 9093.34 9097.56 9102.67 9101.48 9111.22 9117.09 9120.04 9117.99 9114.69 9113.7 9112.37 9114.1 9119.13 9125.61 9131.91 9136.84 9139.07 9128.64 9110.39 9096.93 9083.94 9077.21 9070.95 9065.65 9064.56 9064.69 9068.39 9075.78 9082.51 9088.82 9092.07 9090.63 9085.58 9084.13 9083.83 9082.1 9078.12 9074.31 9080.26 9100.99 9101.96 9099.64 9098.98 9098.33
9087.72 9095.81 9104.27 9111.95 9118.65 9124.41 9124.16 9123 9119.56 9118.74 9117.49 9116 9114.24 9112.6 9109.66 9104.52 9103.58 9104.66 9107.8 9112.01 9113.81 9109.33 9105.02 9101.1 9107.48 9115.75 9114.5 9119.21 9118.8 9116.07 9112.54 9112.2 9115.82 9119.8 9122.51 9126.62 9132.1 9137.63 9141.84 9143.1 9131.22 9110.06 9095.88 9086.8 9079.62 9072.53 9065.28 9058.8 9055.4 9065.77 9077.16 9084.68 9090.51 9095.52 9091.1 9086.69 9085.37 9089.06 9086.64 9082 9077.35 9083.7 9099.03 9095.95 9095.32 9096.27 9096.33
9091.29 9097.78 9105.9 9114.94 9122.94 9127.56 9133.97 9131.87 9128.28 9124.94 9121.87 9118.78 9116.02 9113.68 9110.67 9105.99 9103.87 9104.42 9108.35 9114.12 9114.58 9109.23 9107.9 9110.38 9122.54 9136.36 9146.12 9131.47 9121.34 9113.34 9106.17 9105.21 9114.9 9123.4 9127.36 9131.81 9136.8 9141.71 9144.83 9142.95 9133.28 9118.2 9105.14 9093.86 9080.91 9074.06 9067.94 9060.89 9058.8 9066.89 9078 9087.98 9093.5 9092.97 9092.55 9089.43 9090.2 9096.8 9092.57 9088.57 9085.44 9088.88 9096.01 9092.1 9092.23 9094.03 9095.1
9092.91 9098.53 9106.56 9117.25 9133.99 9158.35 9149.17 9141.66 9135.08 9131.7 9127.66 9122.3 9117.05 9113.21 9111.97 9109.21 9106.18 9109.03 9115.17 9120.09 9125.74 9124.48 9127.34 9144.05 9138.62 9141.54 9144.72 9131.86 9121.09 9112.37 9103.61 9101.66 9114.02 9125.35 9129.69 9135.16 9141.11 9146.3 9149.89 9150.42 9146.02 9134.75 9125.03 9108.86 9094.02 9083.59 9076.5 9070.63 9069.48 9076.26 9086.61 9094.85 9100.93 9102.94 9096.67 9092.01 9093.87 9098.07 9098.68 9097.09 9095.15 9094.85 9096.18 9093.57 9092.23 9094.65 9097.4
9091.29 9097.69 9105.61 9114.91 9124.51 9135.2 9152.09 9154.19 9148.26 9141.26 9133.27 9125.07 9117.15 9110.81 9109.88 9107.91 9106.72 9112.57 9119.49 9126.37 9138.47 9158.75 9161.79 9157.99 9143.03 9129.9 9124.16 9123.17 9118.87 9113.57 9109.41 9109.73 9116.62 9121.84 9130.61 9137.73 9144.69 9150.76 9156.16 9159.62 9160.89 9159.26 9141.4 9122.08 9106.85 9096.66 9089 9084.59 9083.85 9089.01 9095.52 9102.37 9109.51 9109.1 9100.88 9092.71 9096.17 9103.59 9106.8 9107.91 9106.58 9103.82 9100.74 9096.63 9094.07 9097.72 9100.78
9090.05 9097.54 9105.95 9114.6 9121.88 9141.88 9157.91 9162.2 9159.38 9148.63 9137.1 9126.81 9117.83 9111.59 9110.41 9109.42 9110.01 9112.59 9119.22 9124.98 9137.14 9158.95 9165.57 9152.67 9137.68 9119.13 9113.9 9116.38 9117.02 9116.06 9116.46 9120.91 9122.86 9128.05 9133.18 9139.78 9146.44 9153.36 9160.9 9167.92 9174.69 9177.14 9156.3 9137.11 9121.98 9110.34 9101.88 9094.79 9095.48 9098.23 9100.13 9106.41 9115.32 9115.63 9105.8 9097.98 9101.68 9110.25 9116.96 9121.22 9122.99 9119.26 9121.54 9111.96 9106.3 9105.41 9105.64
9089.58 9099 9109.7 9118.67 9121.64 9115.64 9150.91 9169.51 9165.35 9151.83 9139.16 9128.85 9119.32 9113.26 9113.47 9110.96 9109.08 9110.99 9113.05 9117.26 9120.52 9124.42 9149.07 9147.36 9134.82 9119.93 9115.23 9116.91 9117.52 9117.9 9120.17 9122.8 9126.73 9130.84 9135.05 9140.87 9147.54 9155.65 9163.4 9171.16 9176.9 9172.26 9160.07 9146.65 9133.66 9122.7 9115.04 9111.98 9106.08 9101.71 9100.91 9106.22 9112.42 9114.25 9110.67 9107.27 9111.11 9120.73 9130.47 9136.72 9135.41 9135.13 9140.57 9129.39 9118.68 9116.68 9114.24
9086.29 9102.78 9117.85 9130.86 9143.63 9163.49 9173.72 9166.94 9161.21 9149.97 9139.14 9129.17 9120.5 9114.4 9112.79 9113.57 9111.31 9112.21 9112.66 9113.38 9113.29 9111.56 9120.8 9133.13 9137.23 9135.7 9127 9120.99 9119.1 9119.45 9121.93 9127.83 9128.24 9130.07 9134.81 9140.73 9147.02 9153.98 9161.53 9168.53 9171.78 9168.79 9159.04 9149.76 9140.8 9132.5 9125.04 9117.42 9113.49 9107.94 9104.9 9105.61 9108.37 9114.64 9118.59 9119.71 9125.09 9135.72 9146.63 9157.03 9163.86 9153.34 9158.34 9148 9137.92 9131.9 9128.93
9093.67 9116.22 9130.9 9142.26 9158.11 9178.34 9152.46 9152.69 9150.7 9145.48 9138.04 9129.89 9124.93 9124.05 9124.28 9121.96 9119.94 9118.6 9115.87 9114.6 9118.87 9140.99 9148.59 9143.38 9138.89 9139.24 9131.37 9125.18 9121.8 9120.37 9120.37 9121.4 9124.03 9129.08 9134.53 9140.12 9146.21 9153.16 9159.9 9166.44 9170.89 9172.21 9165.58 9157.21 9147.28 9141.21 9135.47 9127.6 9118.25 9110.97 9108.09 9108.2 9108.8 9122.71 9135.34 9140.88 9150.43 9153.47 9160.72 9169.74 9173.42 9177.34 9176.29 9166.16 9152.28 9147.76 9142.76
9135.35 9139.63 9142.1 9146.46 9151.43 9151.95 9144.33 9142.02 9141.38 9138.87 9134.48 9128.31 9120.75 9122.45 9127.13 9130.24 9132.85 9126.65 9118.54 9115.91 9118.46 9134.78 9150.47 9144.46 9135.01 9124.77 9128.3 9126.73 9124.34 9120.72 9118.17 9116.34 9118.47 9124.68 9130.97 9138.08 9145.26 9151.55 9157.55 9164.16 9172.78 9177.44 9173.51 9161.25 9153.05 9148.75 9144.15 9135.24 9118.47 9112.25 9111.05 9115.94 9125.89 9135.17 9154.13 9171.42 9163.98 9164.7 9169.8 9177.95 9185.19 9190.19 9188.66 9181.38 9177.47 9161.73 9147.59
9157.82 9155.85 9149.3 9144.54 9141.67 9132.57 9131.79 9134.02 9137.13 9137.35 9135.64 9132.63 9128 9134.34 9138.72 9135.02 9131.51 9125.6 9120.53 9117.45 9118.5 9125.13 9128.55 9134.84 9138.58 9135.47 9132.47 9128.18 9123.12 9119.14 9116.01 9114.65 9116.07 9120.88 9127.16 9136.94 9144.33 9149.83 9154.25 9157.71 9162.25 9169.46 9172.85 9165.91 9158.48 9154.15 9150.44 9140.92 9125.78 9117.65 9114.91 9122.92 9133.41 9140.84 9147.3 9155.14 9163.89 9167.48 9172.81 9181.53 9191.58 9194.55 9192.54 9187.06 9177.09 9166.52 9154.07
9155.54 9151.4 9142.89 9137.19 9132.31 9126.46 9129.67 9135.72 9138.25 9137.93 9136.74 9138.04 9146.02 9144.95 9142.98 9134.84 9127.63 9121.86 9117.95 9114.74 9112.55 9116.99 9118.09 9126.27 9140.8 9147.85 9134.93 9128.17 9123.17 9119.04 9115.67 9114.63 9116.61 9122.45 9129.65 9139.67 9145.6 9149.69 9151.56 9150.56 9144.95 9147.65 9155.2 9161.41 9156.89 9154.85 9155.57 9148.36 9134.73 9125.84 9120.29 9127.9 9138.01 9142.74 9147.94 9152.9 9158.89 9165.06 9170.74 9177.58 9195.57 9199.27 9194.18 9188.58 9182.96 9172.32 9155.67
9134.57 9133.09 9132.07 9130.45 9129.08 9130.81 9139.3 9143.34 9141.45 9139.33 9137.02 9135.5 9136.5 9136.42 9134.61 9130.93 9124.9 9119.71 9117.77 9114.81 9114.19 9117.81 9119.28 9118.88 9124.71 9129 9130.14 9126.63 9122.94 9119.27 9116.06 9113.91 9115.68 9127.22 9139.97 9146.02 9149.76 9152.25 9152.36 9150.44 9146.45 9143.54 9141.54 9138.99 9145.19 9148.94 9153.79 9152.35 9144.74 9135.67 9129.98 9132.51 9138.33 9144.21 9147.9 9151.76 9157.27 9163.37 9167.96 9173.83 9184.11 9191.56 9189.4 9186.1 9181.82 9177.39 9173.07
9121.1 9118.21 9122.29 9124.27 9125.48 9127.44 9136.24 9145.44 9141.73 9139.34 9136.14 9130.18 9121.53 9124.59 9128.03 9128.32 9125.94 9122.79 9120.65 9117.5 9114.55 9114.37 9114.31 9116.36 9120.43 9123.17 9124.13 9123.78 9122.06 9119.9 9117.66 9115.82 9117.44 9131.66 9147.25 9151.63 9153.75 9155.82 9156.38 9155.62 9152.65 9147.74 9144.21 9140.98 9141.72 9141.83 9138.8 9148.36 9150.6 9142.15 9142.27 9144.19 9145.38 9147.69 9152.46 9162.23 9164.17 9163.48 9164.59 9172.65 9173.53 9176.53 9181.98 9182.67 9179.2 9176.12 9177.71
9119.54 9115.14 9119.33 9121.56 9122.51 9123.41 9127.53 9134.21 9138.83 9140.07 9138.97 9134.95 9129.23 9125.04 9127.01 9129.32 9130.72 9130.77 9126.17 9120.96 9115.1 9113.53 9111.73 9111.21 9111.36 9116.52 9120.27 9122.18 9122.61 9121.99 9121.3 9121.24 9123.52 9136.05 9148.54 9154.32 9156.93 9159.16 9160.72 9162.05 9161.51 9157.03 9152.89 9150.18 9146.18 9141.55 9136.26 9137.44 9140.42 9139.11 9138.57 9151.39 9154.07 9150.68 9150.3 9161.29 9165.61 9163.26 9160.19 9157.72 9168.14 9172.47 9177.4 9180.71 9183.47 9184.31 9178.01
9128.46 9124.8 9122.12 9122.02 9122.35 9122.96 9126.7 9130.96 9138.91 9143.39 9144.61 9143.29 9138.52 9133.07 9130.73 9132.37 9134.9 9135.65 9130.87 9123.64 9116.68 9111.62 9109.63 9109.18 9110.02 9114.67 9119.12 9122.2 9124.25 9125.41 9126.9 9129.04 9133.22 9141.65 9149.85 9155.7 9159.54 9162.35 9164.66 9167.25 9168 9162.67 9158.93 9155.66 9153.02 9146.98 9140.9 9135.72 9135.19 9134.84 9131.1 9136.37 9150.4 9155.25 9156.39 9162.09 9164.9 9163.61 9160.25 9160.12 9167.44 9171.12 9174.18 9178.39 9183.11 9183.45 9177.3
9132.32 9128.55 9124.8 9124.23 9124.45 9124.71 9125.62 9134.42 9141.31 9146.12 9150.14 9150.83 9142.16 9132.38 9132.77 9135.56 9138.36 9138.14 9136.22 9130.8 9123.25 9115.06 9112.44 9111.48 9113.16 9116.8 9120.83 9124.7 9127.58 9129.97 9133.03 9137.11 9143.38 9148.81 9153.49 9157.99 9161.88 9164.65 9166.77 9168.49 9168.88 9166.48 9162.65 9158.73 9156.64 9152.87 9148.13 9140.75 9138.5 9137.67 9137.79 9139.15 9151.2 9163.9 9171.48 9168.81 9169.22 9166.09 9161.79 9160.09 9161.44 9166.22 9170.81 9174.61 9177.02 9174.91 9165.63
9130.93 9124.16 9126.36 9126.52 9127.24 9129.52 9133.97 9144.91 9145.51 9149.94 9155.74 9159.48 9146.65 9132.56 9134.91 9138.14 9142.58 9147.95 9144.88 9137.13 9132.89 9126.07 9121.3 9118.51 9119.36 9122.29 9125.73 9129.21 9132.21 9135.53 9139.08 9143.97 9149.91 9155.19 9158.28 9161.51 9164.57 9166.45 9167.95 9168.95 9169.84 9170.07 9166.74 9162.81 9162.37 9157.98 9150.95 9144.84 9143.32 9144.57 9148.91 9155.92 9157.39 9168.13 9179.49 9182.34 9175.68 9169.89 9164.37 9161.51 9157.73 9162.99 9167.72 9170.81 9171.5 9168.29 9158.46
9129.18 9131.44 9130.3 9129.7 9129.82 9131.91 9138.72 9141.99 9144.43 9149.43 9156.05 9163.01 9153.58 9142.15 9138.23 9138.54 9141.84 9148 9146.43 9141.19 9141.5 9137.51 9132.8 9129.55 9128.74 9129.98 9132.38 9134.76 9137.9 9140.69 9144.28 9149.13 9155.76 9160.76 9163.43 9166.81 9167.24 9167.76 9168.15 9169.18 9171.55 9174.3 9174.95 9172.64 9171.87 9166.36 9157.68 9149.63 9150.1 9151.18 9152.58 9151.3 9153.95 9160.22 9173.55 9182.43 9177.67 9172.88 9168.23 9165.69 9163.87 9163.78 9166.66 9168.65 9168.21 9162.61 9155.13
9133.2 9133.62 9133.86 9133.31 9132.55 9130.19 9130.37 9135.65 9139.72 9144.3 9148.79 9152.77 9151.29 9145.36 9139.76 9136.38 9135.19 9135.49 9137.52 9144.34 9146.73 9146.24 9142.85 9140.8 9138.54 9137.94 9138.7 9140.19 9142.98 9145.44 9148.52 9151.92 9154.97 9158.18 9164.33 9168.02 9168.35 9167.94 9167.76 9167.98 9171.3 9175.33 9177.15 9178.9 9179.3 9174.86 9168.26 9161.68 9158.62 9157.82 9157.09 9150.43 9148.64 9148.94 9159.42 9170.24 9174.02 9174.14 9171.95 9168.08 9163.79 9165.33 9166.9 9168.25 9168.55 9166.53 9158.46
9136.87 9136.89 9137.04 9137.13 9136.75 9135.67 9133.65 9132.61 9135.4 9137.81 9139.83 9143.47 9148.1 9144.64 9138.25 9132.78 9127.25 9120.35 9122.6 9141.83 9154.49 9153.18 9149.93 9146.43 9145.45 9146.03 9145.39 9145.52 9147.75 9149.45 9151.75 9154.27 9156.44 9159.36 9165.03 9167.04 9168.45 9167.39 9166.72 9168 9171.32 9174.75 9175.6 9175.57 9175.33 9175.99 9174.77 9171.19 9164.74 9161.99 9161.32 9156.66 9150.83 9146.93 9148.95 9159.17 9169.13 9176.23 9179.8 9174.22 9169.62 9169.22 9169.25 9169.15 9168.8 9166.81 9159.7
9134.99 9137.26 9139.53 9141.33 9141.38 9139.6 9136.01 9135.84 9134.53 9133.37 9130.92 9131.44 9140.31 9139.2 9134.96 9129.92 9123.76 9117.59 9116.86 9123.62 9144.97 9148.28 9154.16 9157.7 9156.29 9153.22 9151.13 9150.95 9151.21 9152.35 9154.21 9156.42 9160.02 9165.15 9167.49 9171.35 9168.95 9165.98 9164.32 9165.24 9170.2 9176.55 9178.95 9174.99 9172.53 9172.77 9171.82 9169.26 9165.26 9162.1 9160.26 9159.77 9157.39 9153.18 9150.52 9156.81 9167.01 9177.14 9189.09 9181.99 9176.65 9174.71 9172.65 9170.51 9167.6 9161.75 9158.69
