real_craters/C170-300m.grd
DSAA
434 434
-64.995 64.995
-64.995 64.995
7968.2865584929 10006.163866819
[rows 120 to 149 of 434, columns 335 to 401 of 434]
9123.65 9129.04 9134.25 9139.17 9142.83 9143.7 9140.83 9135.1 9125.43 9113 9103.81 9104.72 9106.45 9108.84 9111.26 9113 9115.45 9119.16 9123.56 9127.86 9132.17 9135.9 9138.35 9141.11 9140.39 9137.35 9134.97 9135.32 9137.45 9140.44 9143.46 9145.3 9146.7 9146.84 9145.53 9144.63 9143.1 9141.18 9139.52 9140.26 9146.9 9157.13 9165.1 9169.49 9172.48 9174.42 9176.31 9177.75 9178.9 9179.58 9179.43 9178.75 9176.71 9175.26 9175.97 9175.56 9174.49 9173.07 9171.58 9170.17 9169.07 9167.82 9166.71 9165.67 9164.66 9164.61 9165.78
9120.39 9125.01 9129.14 9132.48 9134.07 9135.12 9137.19 9136.79 9131.21 9118.61 9109.02 9107.2 9106.17 9105.9 9107.22 9109.04 9113.13 9117.9 9122.88 9127.93 9133.5 9138.94 9144.89 9146.14 9143.41 9140.44 9137.68 9136.29 9136.69 9137.79 9138.72 9139.18 9139.17 9138.21 9136.88 9135.08 9132.69 9129.32 9126.71 9129.26 9142.31 9153.85 9159.37 9164.57 9169.07 9172.91 9175.86 9178.02 9179.57 9180.84 9181.68 9181.08 9178.52 9175.36 9177.3 9177.22 9175.89 9174.16 9172.37 9170.73 9169.24 9168.05 9166.63 9165.85 9165.29 9165.33 9166.7
9116.44 9120.49 9123.96 9126.74 9128.91 9131.37 9133.81 9134.9 9134.24 9127.59 9119.26 9112.21 9107.23 9102.66 9100.87 9105.52 9111.37 9117.15 9122.5 9127.85 9133.79 9139.9 9145.53 9146.18 9141.76 9138.71 9137.26 9136.32 9135.84 9135.7 9135.16 9134.24 9132.91 9130.98 9129.17 9126.62 9124.32 9121.78 9120.19 9123.06 9134.3 9146.4 9153.02 9160.51 9166.86 9171.6 9175.21 9177.42 9179.51 9181.27 9183.44 9184.47 9184.7 9184.09 9182.69 9179.99 9177.53 9175.35 9173.25 9171.49 9169.91 9168.54 9167.27 9166.45 9166.18 9166.69 9167.03
9112.76 9116.29 9119.42 9121.87 9124.34 9128.18 9132.3 9135.2 9135.72 9132.19 9125.06 9116.72 9109.87 9103.6 9100.79 9105.58 9111.27 9116.79 9122.21 9127.98 9133.68 9139.08 9142.36 9143.14 9141.64 9137.69 9137.19 9136.71 9135.84 9134.41 9132.86 9130.52 9127.95 9125.09 9122.96 9120.61 9118.21 9116.41 9115.76 9116.71 9123.9 9140.04 9148.1 9158.65 9165.73 9170.9 9174.82 9177.39 9179.51 9182.23 9184.97 9187.72 9191.06 9193.03 9187.22 9182.22 9178.61 9175.88 9173.63 9171.71 9170.17 9168.82 9167.72 9166.84 9166.41 9166.45 9166.3
9109.65 9112.7 9115.52 9117.89 9120.3 9125.66 9131.69 9135.68 9136.11 9133.36 9127.1 9119.52 9113.16 9108.73 9107.57 9108.61 9112.62 9116.75 9122.21 9127.77 9133.19 9138.25 9141.13 9142.39 9142.84 9139.37 9138.95 9138.16 9136.48 9134.24 9131.11 9127.49 9123.51 9120.43 9118.25 9116.22 9113.68 9111.97 9112.02 9113.56 9120.81 9137.71 9151.07 9159.45 9165.27 9169.8 9173.47 9176.86 9179.47 9182.44 9185.62 9188.94 9191.53 9192.74 9187.09 9181.99 9178.36 9175.73 9173.7 9172.1 9170.66 9169.34 9168.08 9167.03 9166.15 9165.83 9166.45
9106.29 9109.29 9112.12 9114.96 9119.13 9124.2 9130.2 9134.81 9135.64 9134.15 9127.14 9120.22 9114.92 9111.85 9110.65 9111.03 9113.89 9118.91 9124.17 9129.43 9134.6 9139.68 9143.19 9145.95 9145.37 9143 9141.46 9138.92 9135.94 9132.41 9128.88 9125.02 9121.11 9118.28 9115.68 9113.68 9111.51 9108.95 9107.65 9111.65 9121.54 9139.5 9154.2 9161.95 9166.32 9169.93 9173.11 9176.05 9178.72 9181.2 9184.35 9187.91 9191.64 9186.71 9182.16 9179.12 9176.84 9175.01 9173.53 9172.21 9171.02 9169.85 9168.74 9167.59 9166.81 9167 9168.1
9103.55 9106.28 9109.15 9112.23 9116.39 9121.95 9127.08 9132.51 9132.16 9127.2 9123.71 9118.85 9114.41 9111.35 9110.93 9113.71 9118.51 9124.61 9131.02 9136.61 9141.46 9145.42 9147.85 9149.23 9151.03 9148.77 9144.49 9138.74 9133.68 9131 9127.5 9123.23 9117.85 9113.97 9115.23 9115.12 9112.77 9109.2 9106.47 9112.04 9121.24 9145.08 9160.22 9164.06 9167.21 9170.13 9172.84 9175.41 9177.87 9179.97 9181.78 9183.28 9183.73 9174.85 9175.48 9175.37 9174.93 9174.26 9173.5 9172.63 9171.72 9170.77 9169.75 9168.59 9167.29 9168.14 9170.69
9101.63 9103.92 9106.47 9109.48 9113.55 9119.64 9126.33 9131.35 9129 9123.77 9120.33 9116.83 9113.23 9109.42 9110.48 9116.14 9122.55 9129.91 9139.14 9145.37 9150.15 9152.55 9153.41 9155.65 9159.91 9156.46 9144.98 9134.17 9127.9 9123.98 9122.64 9122.27 9119.18 9116.83 9122.83 9122.1 9118.98 9114.3 9111.99 9117.4 9125.69 9143.91 9156.95 9162.95 9166.29 9169.15 9171.22 9174.2 9176.3 9178.05 9178.38 9177.19 9174.05 9170.33 9171.17 9172.54 9173.33 9173.53 9173.32 9172.9 9172.32 9171.7 9171.07 9170.42 9169.74 9170.3 9171.81
9100.05 9101.83 9104.05 9106.64 9110.07 9115.96 9123.34 9125.77 9124.42 9121.05 9118.29 9115.1 9112.37 9112.47 9113.92 9120.03 9128.83 9137.98 9147.65 9154.35 9158.7 9159.85 9157.82 9158.83 9172.98 9161.27 9137.04 9120.76 9112.69 9111 9114.51 9121.55 9131 9139.71 9138.91 9132.06 9126.92 9123.43 9122.46 9125.89 9133.53 9143.75 9153.62 9160.34 9163.86 9166.86 9170.19 9172.9 9175.24 9176.57 9176.01 9173.32 9168.88 9168.01 9169.77 9171.66 9172.89 9173.44 9173.52 9173.36 9173.01 9172.66 9172.52 9172.8 9173.41 9173.05 9172.74
9098.86 9100.26 9101.96 9104.14 9106.89 9109.99 9113.24 9117.84 9120.76 9120.56 9117.7 9114.35 9111.07 9108.5 9114.35 9124.52 9136.21 9147.36 9157.3 9166.23 9170.67 9169.95 9163.04 9160.68 9172.85 9142.87 9110.69 9093.24 9087.82 9090.61 9099.94 9115.21 9136.69 9159.65 9151.97 9137.65 9130.55 9130.24 9131.91 9131.28 9136.83 9144.57 9151.17 9156.59 9160.58 9164.51 9168.55 9171.45 9174.4 9176.34 9176.47 9174.2 9168.44 9168.93 9171.61 9173.22 9174.17 9174.6 9174.67 9174.55 9174.27 9173.95 9173.8 9174.24 9175.7 9174.49 9173.91
9098.61 9099.06 9100 9101.61 9103.23 9105.03 9107.89 9112.89 9118.03 9120.22 9119.04 9116.14 9113.1 9109.9 9118.03 9131 9144.99 9157.58 9169.01 9179.39 9184.49 9182.33 9171.74 9158.55 9131.52 9083.07 9060.94 9052.67 9054.34 9063.39 9078.11 9097.63 9122.44 9148.48 9141.26 9130.96 9126.08 9125.14 9127.28 9129.52 9132.88 9135.38 9139.15 9149.61 9155.27 9160.97 9165.93 9169.73 9173.82 9177.17 9179.73 9180.95 9180.18 9178.01 9176.55 9176.36 9176.33 9176.27 9176.13 9175.88 9175.56 9175.17 9174.68 9173.99 9173.05 9173.66 9173.73
9098.71 9098.36 9098.35 9099.65 9100.59 9101.48 9104.32 9109.93 9116.94 9121.02 9122.07 9120.23 9116.95 9115.28 9124.73 9137.95 9153.96 9169.55 9181.66 9190.85 9194.43 9191.9 9174.94 9121.7 9032.52 9005.64 9000.01 9003.95 9015.27 9031.36 9052.63 9071.85 9091.02 9101.47 9109.92 9113.54 9116.52 9118.77 9122.19 9124.65 9125.91 9125.64 9124.45 9138.34 9148.91 9156.86 9163.35 9168.59 9173.79 9178.7 9183.39 9188.72 9190.9 9186.09 9181.79 9179.94 9178.96 9178.37 9177.97 9177.65 9177.28 9176.88 9176.06 9174.94 9173.89 9173.65 9173.22
9099.63 9098.27 9096.71 9095.62 9097.46 9100.23 9104.37 9110.94 9118.45 9124.08 9126.86 9126.59 9123.41 9122.95 9133.5 9146.32 9160.84 9175.01 9189.41 9197.79 9200.33 9193.2 9166.22 9078.86 8950.13 8936.38 8942.66 8957.5 8978.1 9000.75 9025.43 9045.87 9063.23 9075.5 9086.73 9096.24 9106.16 9116.24 9119.27 9120.02 9119.57 9117.13 9123.02 9134.05 9146.21 9154.39 9161.63 9167.78 9173.89 9179.19 9184.66 9189.77 9191.03 9187.96 9184.65 9182.21 9180.66 9179.77 9179.18 9178.9 9178.67 9178.32 9177.74 9176.64 9175.79 9175.29 9175.03
9102.37 9100.47 9097.6 9094.5 9098.14 9102.53 9107.63 9114.01 9120.38 9128.95 9134.79 9135.54 9131.37 9131.23 9142.63 9154.77 9167.64 9180.53 9191.44 9201.95 9202.63 9190.91 9153.19 9049.18 8918.53 8888.8 8899.91 8924.64 8952.95 8980.01 9005.65 9027.18 9043.4 9057.69 9069.96 9081.73 9096.66 9108.22 9114.62 9116.89 9117.83 9120.38 9131.15 9141.55 9147.43 9153.98 9160.61 9167.07 9173.19 9178.94 9184.19 9187.83 9188.54 9187.83 9185.65 9183.62 9182.03 9181.17 9180.59 9180.23 9180.19 9180.36 9180.32 9179.63 9177.98 9177.44 9177.34
9106.35 9104.84 9102.66 9100.42 9104.98 9110.64 9116.53 9122.53 9128.33 9138.02 9145.67 9147.52 9142.54 9144.71 9152.94 9159.44 9168.56 9178.65 9188.58 9199.57 9202.21 9191.39 9149.02 9037.01 8902.77 8862.65 8875.92 8906.31 8937.85 8969.13 8996.48 9018.74 9033.73 9042.68 9052.07 9071.61 9090.96 9104.66 9112.05 9115.88 9118.45 9122.45 9133.53 9143.2 9147.39 9153.06 9159.32 9165.83 9172.3 9178.34 9183.59 9187.44 9188.35 9187.67 9186.17 9184.49 9182.93 9181.89 9181.28 9181.07 9181.36 9182.31 9183.35 9185.32 9183.23 9179.57 9177.89
9111.36 9111.32 9111.43 9112.03 9115.82 9121.47 9127.87 9135.26 9140.92 9149.38 9157.08 9163.19 9158.52 9162.54 9161.13 9157.75 9161.49 9169.55 9178.4 9191.7 9195.64 9192.03 9162.51 9050.25 8912.22 8860.59 8874.93 8905.36 8938.73 8969.73 8997.84 9021.26 9037.59 9044.81 9048.27 9074.67 9093.86 9105.59 9112.13 9116.66 9120.34 9123.69 9130.55 9136.73 9145.03 9151.87 9158.3 9164.35 9170.76 9176.87 9182.73 9187.87 9189.41 9187.72 9186.02 9184.49 9183.4 9182.54 9182.15 9181.97 9182.38 9182.96 9184.49 9185.92 9184.19 9179.79 9176.66
9116.86 9118.63 9121.54 9124.52 9127.13 9131.83 9141.35 9154.45 9156.55 9157.17 9158.11 9173.86 9196.64 9189.5 9158.81 9143.55 9145.5 9151.45 9161.86 9175.84 9182.28 9181.85 9164.48 9077.77 8951.93 8887.14 8899.51 8926.8 8957 8985.76 9014.82 9038.71 9058.75 9074.78 9084.36 9101.76 9106.93 9109.15 9114.1 9118.91 9123.98 9129.9 9136.6 9141.33 9146.16 9151.93 9157.94 9163.79 9169.38 9174.85 9180.6 9187.11 9189.87 9186.35 9184.92 9183.83 9182.75 9182.12 9182.21 9182.16 9182.28 9182.38 9182.89 9182.99 9181.42 9178.43 9175.16
9121.9 9124.7 9129.52 9133.77 9135.27 9141.38 9152.69 9186.2 9189.94 9151.09 9125.42 9132.74 9188.53 9155.15 9118.9 9106.08 9109.29 9118.34 9133.06 9152.79 9159.38 9157.68 9143.91 9110.41 9010.02 8939.27 8946.34 8965.83 8987.77 9010.96 9036.45 9060.68 9087.33 9117.1 9149.56 9143.52 9123.75 9114.85 9117.77 9122.38 9127.96 9135.36 9143.34 9145.38 9147.97 9152.99 9158.38 9163.64 9168.4 9172.62 9176.31 9180.05 9182.62 9182.39 9182.31 9182 9181.65 9181.43 9181.47 9181.38 9181.22 9181.5 9181.03 9180.4 9179.31 9177.42 9175.02
9126.25 9128.84 9132.46 9135.17 9136.32 9138.21 9148.16 9194.09 9184.45 9106.17 9045.81 9006 8997.72 9023.43 9035.64 9047.38 9062.46 9082.48 9102.08 9126.25 9134.49 9134.63 9130.6 9128.35 9066.54 9011.17 9012.97 9016.79 9026.39 9041.92 9060.38 9082.22 9108.57 9139.77 9177.56 9160.66 9132.67 9121.3 9122.79 9126.49 9130.96 9135.98 9140.62 9145.38 9149.49 9153.81 9158.6 9163.42 9167.67 9170.67 9171.91 9172.25 9175.79 9178.13 9179.74 9180.34 9180.47 9180.44 9180.38 9180.26 9179.98 9179.81 9179.64 9178.9 9178.17 9177.22 9175.88
9129.73 9131.68 9133.8 9136.35 9139.91 9152.17 9156.77 9133.26 9089.21 9015.96 8942.59 8872.75 8835.53 8889.13 8943.21 8982.08 9020.7 9050.93 9076.84 9101.6 9113.79 9118.78 9121.7 9124.2 9122.19 9123.11 9085 9067.1 9064.09 9070.56 9082.95 9099.66 9119.56 9138.21 9146.22 9142.42 9132.94 9127.54 9128.47 9130.84 9133.64 9136.34 9139.08 9144.98 9150.48 9154.16 9158.74 9163.56 9167.84 9170.8 9171.52 9169.5 9173.15 9176.11 9178.14 9179.05 9179.29 9179.31 9179.19 9179.13 9179.11 9179.03 9178.94 9178.57 9178.06 9177.77 9177.27
9132.81 9134.4 9137.88 9141.19 9148.97 9179.36 9160.52 9050.83 8976.04 8918.78 8852.71 8785.94 8755.82 8808.87 8874.34 8934.73 8983.13 9022.48 9057.63 9083.26 9100.55 9110.37 9117.86 9129.93 9145.72 9162.26 9125.98 9101.63 9092.21 9093.03 9100.5 9112.04 9125.07 9135.33 9137.73 9137.11 9136.52 9134.97 9134.6 9135.45 9136.93 9138.38 9139.61 9146.4 9149.66 9153.83 9158.96 9164.4 9169.57 9173.65 9176.15 9175.69 9176.24 9176.96 9178.14 9178.76 9178.89 9178.82 9178.59 9178.28 9177.93 9177.93 9178.17 9178.38 9177.72 9177.7 9177.79
9135.89 9138.03 9137.74 9144.51 9157.14 9195.48 9141.54 8988.61 8903.63 8851.51 8795.98 8745.65 8733.59 8777.29 8838.41 8904.54 8958.41 9002.94 9042.12 9071.52 9093.7 9108.9 9115.87 9122.98 9136.35 9142.02 9128.65 9114.08 9107.03 9106.88 9111.9 9120.23 9129.16 9137.43 9143.35 9146.49 9146.82 9142.65 9140.35 9140.17 9141.12 9142.67 9145.07 9149.33 9149.21 9154.13 9159.65 9165.91 9172.2 9177.97 9182.4 9182.42 9180.95 9179.3 9179.13 9178.96 9178.81 9178.43 9177.88 9177.39 9176.73 9176.41 9176.63 9176.92 9176.78 9177.24 9178.1
9138.57 9141.18 9142.57 9146.88 9159.66 9196.12 9116.34 8955.71 8874.65 8823.77 8772.96 8731.25 8731.73 8775.06 8831.97 8894.02 8947.98 8993.06 9033.25 9065.51 9091.61 9109.71 9112.9 9113.76 9118.5 9115.59 9114.46 9112.33 9111.61 9113.6 9118.29 9124.91 9132.08 9139.95 9148.44 9153.66 9151.64 9145.7 9143.44 9143.45 9144.82 9147.05 9149.51 9152.83 9152.58 9155.32 9160.83 9167.71 9174.91 9182.21 9188 9186.29 9184.61 9183.26 9180.58 9179.68 9178.89 9178.33 9177.53 9176.71 9175.88 9174.9 9173.94 9174.24 9175.34 9176.43 9177.46
9143.38 9143.12 9144.34 9145.39 9152.5 9182.46 9102.03 8966.37 8893.17 8836.45 8780.91 8743.87 8749.8 8795.05 8849.08 8902.85 8951.7 8993.31 9032.78 9064.22 9091.5 9111.58 9111.09 9107.56 9106.32 9101.07 9102.38 9107.05 9111.22 9115.67 9120.64 9126.8 9132.56 9139.42 9146.11 9149.47 9140.75 9143.56 9143.58 9144.76 9147.13 9150.52 9154.86 9157.62 9155.11 9156.46 9162.01 9169.26 9177.06 9184.98 9191.65 9189.86 9187.33 9185.25 9181.87 9180.47 9179.22 9178.12 9176.98 9175.98 9174.88 9173.57 9172.51 9172.77 9174.2 9175.34 9176.53
9144.38 9143.2 9142.59 9143.21 9146.27 9159.5 9111.9 9023.96 8953.49 8886.45 8819.12 8764.14 8793.84 8841.57 8888.3 8928.06 8967.27 9002.5 9039.55 9067.33 9091.5 9109.2 9109.64 9105.65 9101.52 9096.07 9096.85 9102.98 9108.82 9114.26 9119.94 9125.73 9130.18 9135.73 9139.75 9142.25 9143.64 9141.37 9142.26 9144.56 9147.85 9152.03 9156.91 9159.74 9157.67 9157.34 9162.98 9170.39 9178.23 9185.57 9191.09 9190.1 9188.49 9186.8 9183.42 9181.61 9180.07 9178.5 9176.98 9175.43 9174.05 9172.76 9172.58 9172.54 9173.04 9173.99 9175.02
9145.91 9144.35 9143.11 9145.22 9148.41 9153.45 9152.55 9115.42 9036.7 8966.51 8900.09 8848.36 8885.11 8917.19 8944.48 8967.75 8993.19 9019.23 9051.1 9072.56 9090.97 9103.88 9107.67 9104.77 9099.75 9096.27 9096.83 9099.94 9105.18 9110.4 9116.11 9121.57 9126.68 9130.68 9132.75 9133.32 9135.16 9137.4 9140.09 9144.26 9147.79 9151.95 9157.01 9161.73 9157.59 9157.82 9163.68 9171.39 9179.02 9185.03 9188.3 9189.35 9189.05 9186.46 9184.84 9183.08 9181.05 9178.82 9176.92 9175.31 9173.6 9171.66 9170.93 9171.23 9171.72 9172.5 9173.27
9148.95 9148.52 9148.74 9150.68 9153.73 9161.03 9174.21 9162.28 9105.34 9058.48 9023.81 9006.41 9018.68 9010.57 9008.33 9014.25 9028.42 9043.52 9064.66 9078.85 9090.82 9098.97 9103.83 9101.87 9097.39 9093.86 9093.39 9095.87 9100.49 9105.77 9111.33 9117.6 9122.18 9126.05 9128.32 9128.22 9131.05 9135.38 9139.34 9143.2 9146.42 9149.45 9151.78 9152.12 9153.37 9156.76 9164.04 9172.74 9180.9 9186.59 9187.95 9188.87 9190.08 9189.6 9186.47 9184.51 9182.06 9180.26 9177.94 9175.47 9173.18 9170.61 9169.27 9169.54 9170.07 9170.99 9171.52
9153.44 9153.25 9155.29 9159.35 9163.17 9168.38 9169.34 9161.09 9144.5 9133.12 9148.75 9197.67 9142.38 9091.05 9064.51 9058.99 9059.33 9064.86 9077.1 9085.21 9092.33 9096.39 9098.23 9097.3 9094.12 9090.22 9088.19 9091.9 9096.78 9102.17 9107.82 9113.77 9118.86 9123.66 9127.21 9129.5 9132.24 9135.53 9139.09 9142.23 9144.89 9146.83 9147.13 9145.38 9148.88 9154.65 9164.15 9174.67 9184.47 9191.48 9191.35 9191.43 9192.59 9191.75 9188.16 9185.81 9183.48 9180.89 9178.14 9175.58 9172.98 9170.46 9168.95 9168.66 9169.03 9169.64 9170.1
9157.64 9156.55 9160.13 9167.14 9168.16 9166.55 9171 9168.44 9162.52 9163.65 9185.89 9207.78 9171.28 9129.24 9104.04 9089.28 9082.22 9081.6 9086.88 9089.85 9093.95 9095.76 9093.72 9093.48 9091.12 9088 9086.54 9089.68 9094.25 9099.54 9105.38 9111.22 9116.68 9121.69 9126.82 9131.11 9134.57 9136.6 9139.23 9141.96 9144.14 9145.65 9146.14 9146.44 9147.68 9153.96 9164.43 9176.41 9188.59 9198.72 9199.34 9197.82 9196.55 9194.77 9192.11 9187.44 9184.51 9181.61 9178.56 9175.87 9173.2 9170.46 9168.22 9168.32 9168.47 9168.59 9168.76
9161.83 9160.4 9162.6 9167.14 9165.59 9163.81 9167.26 9167.34 9163.56 9157.92 9144.35 9138.11 9148.79 9135.31 9119.4 9106.39 9097.2 9092.85 9093.11 9092.39 9092.03 9093.09 9093.93 9091.48 9088.86 9086.87 9087.57 9088.57 9092.32 9097.5 9103.57 9109.77 9115.56 9120.87 9125.95 9130.83 9136 9137.5 9139.75 9142.35 9144.68 9146.58 9147.64 9148.27 9149.03 9154.77 9164.62 9177.43 9191.53 9205.21 9209.26 9204.49 9200.79 9197.59 9193.95 9188.32 9184.79 9181.64 9178.65 9176.05 9173.9 9171.97 9169.84 9169.01 9168.32 9167.91 9167.68
