real_craters/C170-500m.grd
DSAA
261 261
-64.995 64.995
-64.995 64.995
7967.9740275331 10009.591851887
[rows 0 to 29 of 261, columns 0 to 66 of 261]
8917.9 8919.83 8920.56 8919.62 8916.29 8914.68 8913.32 8912.2 8911.11 8911.87 8913.72 8915.29 8916.88 8918.26 8919.53 8920.3 8921.14 8921.63 8920.71 8920.01 8921.09 8920.25 8916.41 8914.44 8913.3 8912.37 8911.35 8910.46 8914.22 8913.89 8917.19 8924.14 8930.14 8934.55 8936.2 8934.42 8933.97 8937.2 8939.02 8941.06 8943.33 8945.35 8948.58 8952.31 8955.75 8959.62 8962.95 8966.48 8969.86 8972.65 8974.41 8977.79 8980.16 8993.78 9012.82 9030.72 9035.79 9041.14 9045.65 9052.46 9054.19 9050.91 9046.78 9046.41 9049.72 9053.3 9055.17
8913.14 8914.56 8915.45 8914.15 8910.38 8909.04 8908.46 8908.26 8908.44 8909.21 8910.93 8913.1 8915.05 8916.94 8918.99 8920.37 8921.4 8922.09 8921.93 8921.89 8921.4 8919.72 8916.18 8913.92 8912.64 8911.71 8910.72 8910.22 8914.14 8915.9 8921.94 8929.42 8937.06 8944.26 8949.04 8942.19 8939.83 8937.7 8941.05 8941.39 8944.41 8948.67 8953.47 8957.44 8961.46 8965.73 8969.14 8972.17 8973.94 8976.12 8976.55 8977.53 8982.22 8997.23 9015.46 9029.31 9034.83 9040.46 9044.82 9050.48 9052.75 9047.14 9040.1 9040.38 9046.14 9049.2 9051.67
8909.88 8911.25 8911.27 8909.31 8906.35 8905.18 8904.99 8905.51 8906.31 8907.38 8909.19 8911.62 8913.92 8916.22 8918.15 8919.59 8921.1 8922.47 8923.73 8924.2 8920.98 8916.9 8914.25 8912.79 8911.93 8911.46 8911.64 8913.26 8916.04 8918.88 8925 8932.87 8943.13 8955.51 8969.7 8979.32 8965.38 8956.13 8951.14 8945.52 8948.91 8954.94 8959.72 8963.2 8967.14 8970.64 8973.97 8976.75 8979.41 8980.42 8981.1 8982.54 8986.55 9003.85 9020.7 9031.73 9037.2 9042.52 9046.89 9050.13 9054.61 9057.77 9042.92 9043.59 9048.9 9055.13 9063.41
8907.49 8909.16 8909.49 8908.16 8904.55 8902.46 8902.78 8903.76 8905.56 8906.74 8909.19 8910.76 8913.57 8916.08 8917.93 8919.53 8920.94 8922.13 8923.49 8923.94 8919.42 8914.1 8912.01 8911.62 8911.53 8911.78 8912.51 8914.08 8917.38 8923.94 8928.97 8933.18 8944.93 8959.87 8976.07 8986.35 8995.5 8984.12 8971.06 8956.12 8958.8 8963.08 8966.14 8968.69 8972.02 8975.51 8978.88 8981.87 8985.16 8986.84 8989.01 8990.68 9003.96 9017.76 9029.36 9038.65 9041.54 9044.36 9045.56 9046.69 9048.52 9051.03 9051.39 9050.45 9054.6 9063.74 9078.15
8906.76 8908.63 8910.2 8911.16 8905.53 8900.1 8902.08 8904.14 8902.59 8904.6 8902.57 8910.2 8914.27 8916.79 8918.43 8919.81 8920.51 8921.25 8921.56 8920.46 8917.02 8912.47 8910.93 8911.34 8912.1 8912.82 8913.67 8915.09 8919.06 8925.66 8928.21 8929.94 8942.92 8958.05 8970.82 8972.1 8963.11 8982.42 8985.93 8981.97 8974.63 8971.91 8972.48 8973.47 8975.71 8978.15 8981.68 8985.26 8988.87 8994.06 9000.17 9009.12 9018.53 9025.79 9035.91 9043.64 9048.28 9046.04 9043.28 9041.47 9039.7 9041.92 9049.91 9051.86 9055.9 9063.04 9066.63
8906.76 8908.51 8910.29 8910.5 8899.56 8900.3 8903.7 8908.12 8913.57 8910.93 8912.22 8914.5 8916.48 8917.94 8918.79 8919.56 8919.8 8919.85 8919.36 8918.62 8914.99 8911.98 8911.23 8911.79 8913.18 8914.64 8916 8917.09 8920.72 8925.53 8926.12 8926.98 8939.81 8954.08 8964.5 8962.58 8957.85 8964.96 8980.05 8993.49 8984.08 8977.73 8975.78 8976.22 8977.31 8978.86 8982.49 8987 8992.55 8999.12 9007.65 9018.54 9023.53 9026.86 9040.06 9046.85 9043.59 9040.27 9037.18 9036.46 9037.54 9038.99 9042.62 9048.29 9053.36 9057.92 9059.89
8905.97 8907.89 8909.31 8909.92 8910.22 8905.58 8906.56 8909.14 8912.5 8916.46 8921 8920.19 8919.35 8919.07 8919.05 8919.04 8918.87 8918.16 8916.9 8914.17 8912.2 8910.38 8911.03 8912.48 8914.56 8916.74 8919.19 8920.01 8922.77 8926.78 8926.88 8926.41 8940.22 8952.07 8960.02 8958.4 8953.33 8955.79 8967.15 8981.65 8980.64 8978.1 8976.86 8976.63 8978.65 8979.35 8983.27 8989.05 8995.25 9002.91 9011.74 9021.83 9026.9 9026.23 9043.57 9047.52 9042.61 9031.16 9030.06 9030.54 9032.12 9035.4 9039.09 9044.36 9049.31 9053.43 9055.26
8904.73 8907.2 8908.72 8909.5 8908.78 8909.68 8909.32 8908.95 8911.47 8917.27 8921.91 8922.19 8921.08 8919.88 8919.08 8918.39 8917.73 8916.83 8915.4 8913.48 8912.34 8911.41 8911.01 8913.53 8916.12 8918.52 8920.1 8921.81 8924.94 8930.92 8936.21 8939.46 8948.1 8953.31 8959.2 8954.9 8953.78 8958.98 8962.06 8967.69 8973.01 8974.66 8975.41 8976.03 8977.91 8980.33 8985.13 8989.9 8995.69 9002.88 9011.11 9019.27 9023.15 9025.66 9049.41 9045.91 9033.39 9027 9026.24 9026.14 9025.47 9030.66 9036.65 9041.18 9046.12 9049.85 9052.37
8903.74 8906.28 8907.57 8909.66 8913.36 8913.96 8910.94 8910.75 8912.95 8917.69 8920.91 8922.22 8921.55 8920.23 8919.12 8917.85 8916.93 8915.83 8914.89 8913.98 8913.74 8913.81 8914.07 8915.3 8917.7 8920.26 8922.83 8921.84 8922.69 8933.43 8960.34 8966.05 8961.59 8959.62 8956 8974.55 8979.94 8972.2 8963.45 8959.06 8964.65 8969.98 8974.89 8976.46 8979.47 8984.11 8988.09 8992.39 8997.12 9003.4 9009.19 9014.56 9020.08 9025.56 9039.02 9039.87 9031.48 9026.99 9025.19 9025.2 9026.48 9027.49 9032.73 9038.61 9043.3 9047.36 9049.27
8902.25 8903.89 8906.03 8907.61 8909.07 8907.02 8910.72 8914.55 8916.6 8918.72 8921.81 8922.39 8920.91 8919.69 8918.36 8917.32 8916.54 8915.55 8914.89 8914.45 8915.25 8915.49 8914.47 8916.56 8919.01 8921.59 8922.71 8918.7 8919.77 8930.72 8954.55 8965.12 8970.01 8976.28 8980.7 9021.94 9017.54 8983.65 8960.25 8957.27 8959.53 8964.52 8975.39 8979.56 8983.4 8987.05 8991.15 8994.68 8998.41 9001.75 9004.43 9008.45 9013.73 9022.95 9039.71 9035.41 9029.29 9024.54 9025.06 9026.09 9027.7 9029.79 9033.72 9037.91 9041.16 9043.36 9045.62
8900.26 8902.15 8903.77 8905.9 8908.04 8908.37 8910.33 8915.91 8916.79 8917.46 8919.05 8919.39 8918.83 8918.1 8917.54 8917.01 8916.08 8915.4 8914.87 8914.62 8915.08 8916.18 8916.28 8917.99 8920.07 8921.93 8922.61 8921.42 8923.61 8933.35 8943.47 8955.01 8974.27 8998.34 9023.83 9035.68 9017.48 8982.88 8958.04 8954.45 8957.52 8961.75 8976.42 8981.71 8986.18 8988.94 8991.91 8994.32 8996.95 8998.62 8999.78 9001.58 9002.99 9011.28 9027.48 9024.34 9021.83 9021.63 9026.41 9028.19 9031.45 9037.05 9038.43 9039.49 9040.49 9041.88 9042.34
8899.76 8901.6 8902.49 8903.45 8904.59 8904.7 8906.2 8909.27 8912.28 8913.9 8914.78 8915.34 8916.07 8916.31 8916.2 8915.99 8915.77 8915.59 8915.43 8915.41 8916.28 8917.35 8918.19 8919.47 8921.28 8922.79 8924.21 8925.9 8924.5 8926.63 8939.6 8955.93 8979.63 9003.01 9008.78 8992.77 8988.16 8972.72 8957.23 8955.62 8959.31 8969.77 8975.67 8980.76 8984.58 8987.79 8990.27 8992.74 8993.74 8994.91 8995.78 8996.29 8996.57 8996.74 9003.44 9009.11 9008.54 9027.64 9028.23 9028.67 9033.89 9040.75 9041.9 9041.59 9040.7 9040.24 9039.59
8898.31 8899.75 8900.4 8901.21 8900.98 8900.46 8901.1 8901.99 8907.02 8909.71 8911.06 8911.78 8913.27 8914 8914.45 8914.87 8915.11 8915.27 8915.49 8916.18 8917.17 8917.83 8918.75 8920.51 8922.58 8924.69 8926.04 8926.45 8925.01 8927.94 8944.02 8968 8987.8 8993.9 8986.74 8971.36 8971.04 8964.11 8957.17 8958.94 8963.09 8970.42 8975.11 8980.66 8984.1 8987.27 8989.47 8992.69 8993.8 8994.52 8993.85 8993.58 8993.09 8992.12 8996.47 9001.39 9008.77 9020.88 9025.88 9027.08 9032.68 9041.82 9043.55 9043.51 9041.89 9039.05 9038.7
8897.68 8898.66 8899.65 8899.52 8899.1 8898.07 8898.85 8901.42 8904.29 8906.75 8908.46 8910.14 8910.87 8911.85 8912.84 8913.81 8914.66 8915.45 8916.18 8916.64 8916.12 8917.94 8919.56 8921.4 8923.59 8925.78 8926.29 8925.93 8926.35 8931.86 8949.29 8972.71 8986.39 8975.87 8978.42 8974.96 8968.65 8962.33 8959.04 8963.33 8970.34 8976.94 8982.56 8987.3 8990.97 8992.81 8994.99 8996.51 8997.32 8995.58 8994.75 8993.43 8992.82 8990.93 8996.17 9000.98 9006.13 9017.47 9027.71 9030.17 9033.83 9040.26 9043.87 9046.21 9047.9 9046.07 9041.37
8895.68 8897.27 8898.22 8899.04 8899.36 8899.46 8899.35 8901.11 8903.17 8904.84 8905.79 8906.59 8908.4 8910.08 8911.42 8912.8 8914.19 8915.57 8916.82 8918.02 8919.35 8919.95 8921.22 8922.62 8923.96 8925.44 8925.69 8925.93 8927.47 8931.93 8951.46 8969.22 8966.4 8961.4 8966.87 8978.89 8971.06 8965.94 8965.89 8971.16 8979.22 8986.56 8991.59 8995.94 8998.42 8999.27 9000.09 8999.49 8999.34 8998.07 8997.04 8996.04 8995.45 8998.86 9004.48 9007.9 9014.48 9038.06 9042.52 9037.98 9035.62 9038.95 9044.1 9048.02 9051.79 9051.09 9046
8895.87 8897.24 8898.22 8899.17 8899.43 8899.74 8900.34 8902.32 8902.88 8903.54 8904.02 8904.85 8906.58 8908.34 8909.72 8911.36 8913.11 8915.11 8917.1 8919.05 8921.26 8922.47 8923.02 8923.56 8924.32 8924.92 8924.88 8926.47 8929.83 8936.43 8951.36 8965.27 8960.97 8960.78 8963.4 8968.41 8972.26 8970.89 8974.66 8983.7 8990.69 8996.96 9001.5 9005.15 9005.62 9007.33 9008.26 9004.45 9004.23 9001.11 8998.31 8997.5 8996.74 9001.3 9016.03 9024.69 9033.46 9061.31 9057.38 9036.76 9038.38 9042.08 9044.84 9047.56 9050.86 9051.7 9051.1
8897.95 8899.49 8900.19 8900.57 8900.62 8900.26 8901.19 8902.81 8902.48 8902.41 8902.68 8903.89 8905.11 8905.76 8907.21 8908.75 8910.57 8913.54 8916.75 8919.72 8922.44 8924.53 8924.29 8924.05 8925.18 8927.29 8927.95 8929.2 8932.77 8940.1 8951.71 8962.62 8960.28 8963.44 8965.72 8969.85 8977.84 8986.83 8991.06 8995.93 9002.21 9007.13 9010.4 9011.52 9012.3 9012.59 9012.51 9011.14 9011.46 9010.59 9007.87 9005.77 9002.51 9003.35 9027.42 9062.02 9073.87 9064.42 9056.11 9052.17 9048.74 9047.57 9045.53 9044.9 9047.03 9049.06 9053.89
8900.17 8901.65 8901.26 8901.41 8901.56 8901.45 8901.19 8901.89 8901.75 8901.63 8901.36 8901.46 8903.04 8904.24 8905.95 8907.89 8910.42 8913.4 8917.8 8923.42 8926.68 8927.53 8927.26 8924.96 8925.89 8927.98 8930.18 8932.21 8934.86 8939.03 8948.23 8960.09 8959.04 8964.62 8971.36 8974.52 8981.38 8993.98 9001.64 9006.07 9015.69 9020.03 9020.53 9021.4 9020.36 9021.06 9020.25 9019.91 9020.44 9020.51 9021.09 9019.85 9018.25 9027.48 9059.45 9073.2 9079.96 9072.48 9065.98 9059.95 9066.11 9052.93 9044.74 9040.68 9036.83 9042.19 9047.42
8902.85 8903.53 8904.12 8904.29 8904.15 8902.68 8900.24 8901.07 8901.29 8901.14 8900.75 8901.23 8902.47 8903.4 8905.17 8907.35 8909.99 8913.2 8917.9 8925.72 8934.24 8938.45 8937.41 8929.61 8932.48 8932.89 8933.65 8937.28 8937.88 8938.45 8945 8962.78 8964.54 8958.9 8963.41 8972.68 8981.31 8991.24 9011.94 9029.18 9033.98 9032.44 9029.33 9028.62 9027.53 9024.62 9024.46 9025.49 9027.53 9030.61 9033.38 9035.14 9035.31 9039.79 9064.17 9041.37 9047.82 9071 9081.57 9061.74 9041.83 9041.54 9040.28 9038.75 9037.08 9038.13 9038.93
8906.72 8906.66 8906.42 8906.91 8907.16 8907.07 8904.94 8902.92 8901.75 8901.34 8900.92 8900.94 8901.99 8903.4 8905.34 8907.53 8909.93 8912.88 8916.73 8923.85 8945.67 8972.39 8954.11 8946.97 8951.97 8956.32 8953.95 8948.19 8943.3 8939.79 8941.75 8953.29 8963.06 8961.56 8966.74 8977.27 8987.96 8999.26 9025.38 9053.69 9049.82 9040.69 9034.37 9032.6 9033.31 9032.97 9032.97 9033.5 9034.86 9037.69 9042.02 9049.83 9057.47 9052.64 9045.14 9035.3 9039.16 9057.35 9069.65 9054.08 9030.32 9032.86 9035.98 9038.21 9038.68 9036.24 9033.89
8908.32 8908.61 8909.39 8909.85 8910.34 8911.35 8909.53 8905.31 8903.34 8902.52 8902.18 8901.9 8902.54 8904.52 8906.41 8908.28 8910.15 8912.53 8915.98 8923.05 8943.99 8960.86 8955.74 8948.29 8970.48 8976.55 8971.75 8957.23 8949.49 8944.54 8941.67 8953.39 8966.18 8970.95 8975.57 8989.37 9002.71 9016.85 9033.93 9049.09 9047.59 9039.22 9034.57 9032 9032.62 9032.95 9034.84 9037.88 9038.81 9041.95 9048.9 9058.2 9072.84 9057.21 9033.05 9026.25 9034.74 9043.71 9041.47 9038.56 9038.37 9032.23 9034.38 9038.06 9039.07 9035.3 9031.62
8910.8 8910.66 8910.85 8911.12 8911.23 8911.97 8909.07 8906.14 8904.93 8904.66 8904.35 8904.38 8905.46 8906.39 8908.05 8909.48 8911.11 8913.35 8917.27 8924.64 8935.93 8944.87 8947.93 8950.88 8958.83 8960.54 8957.21 8955.82 8953.54 8953.58 8956.31 8963.17 8967.75 8972.51 8985.29 9009.17 9025.55 9033.18 9038.69 9037.09 9033.36 9031.86 9030.69 9030.65 9031.35 9033.15 9034.6 9037.04 9038.87 9043.59 9047.29 9051.68 9058.44 9049.24 9039.92 9040.01 9036.6 9040.51 9045.35 9033.97 9026.59 9030.27 9032.84 9035.77 9036.76 9034.95 9032.51
8915.48 8915.06 8914.22 8913.44 8912.29 8910.47 8908.07 8907.51 8907.55 8907.69 8907.92 8907.75 8908.11 8909.24 8911.07 8912.27 8913.35 8915.22 8918.26 8923.54 8930.21 8934.65 8940.37 8945.71 8946.32 8946.1 8948.58 8953.27 8956.36 8961.56 8971.63 8975.04 8974.27 8984.78 9013.1 9039.19 9060.33 9061.78 9046.47 9028.26 9019.14 9023.38 9026.45 9029.52 9032.13 9035.12 9038.32 9039.02 9041.31 9042.56 9042.12 9037.77 9031.88 9031.2 9028.37 9029.33 9034.73 9037.24 9039.28 9037.19 9032.88 9032.57 9032.31 9032.78 9033.49 9034.15 9036.88
8916.1 8915.76 8914.95 8913.91 8912.63 8911.34 8909.98 8910.25 8911.02 8912.11 8912.97 8913.04 8912.62 8914.82 8916.43 8915.84 8915.89 8916.65 8919.31 8924.35 8929.71 8933.26 8940.2 8946.53 8947.44 8948.6 8950.62 8954.21 8958.12 8963.33 8973.05 8983.73 9001.7 9032.47 9052.42 9066.4 9085.64 9079.29 9054.57 9028.11 9013.4 9020.17 9025.96 9029.56 9033.45 9036.16 9038.46 9039.81 9041.29 9041.34 9036.93 9028.56 9018.58 9024.19 9031.42 9031.5 9034.76 9033.9 9032.33 9039.12 9038.97 9035.59 9033.3 9031.72 9032.04 9033.32 9033.9
8917.81 8917.46 8916.2 8915.06 8913.43 8912.19 8911.88 8913.26 8915.11 8917.68 8920 8921.78 8922.58 8924.7 8924.36 8922.83 8920.98 8919.93 8920.29 8925.51 8934.26 8943.32 8948.8 8951.79 8954.22 8949.74 8955.12 8958.2 8960.13 8962.28 8964.85 8984.56 9017.86 9037.46 9057.29 9075.64 9089.77 9081.38 9059.2 9035.94 9021.48 9024.24 9028.49 9033.35 9036.04 9040.24 9041.59 9043.17 9044.11 9043.51 9038.19 9030.03 9024.11 9028.66 9038.11 9044.43 9039.23 9033.79 9031.73 9035.46 9037.43 9037.37 9034.92 9031.17 9032.62 9034.84 9038.04
8921.01 8920.13 8918.58 8917.96 8915.89 8913.09 8912.72 8915.3 8919.02 8922.83 8926.83 8931.41 8937.33 8937.24 8933.95 8931.19 8927.86 8923.92 8922.76 8929.34 8941.01 8951.67 8955.85 8952.92 8955.09 8970.41 8966.21 8964.4 8963.76 8963.45 8964.81 8982.44 9018.07 9046.36 9058.88 9071.79 9078.91 9072.88 9058.77 9044.53 9034.64 9033.33 9034.02 9037.29 9041.63 9044.04 9046.85 9048.39 9048.79 9047.65 9045.15 9040.15 9036.08 9037.52 9041.74 9047.9 9043.12 9035.45 9031.97 9038.11 9039.95 9040.84 9040.51 9037.08 9037.04 9037.08 9039.6
8923.86 8923.16 8922.27 8921.19 8919.51 8917.83 8916.31 8919.18 8922.84 8927.7 8932.79 8938.74 8944.1 8945.27 8943.54 8941.26 8936.97 8930.79 8924.58 8933.75 8948.13 8964.85 8974.07 8956.41 8959.84 8969.16 8972.6 8972.42 8973.11 8974.48 8977.05 8990.21 9009.1 9034.68 9063.44 9066.5 9064.02 9062.06 9056.17 9048.68 9047.63 9039.4 9039 9042.63 9046.12 9049.43 9052.63 9054.37 9056.52 9056.46 9057.94 9058.41 9056.14 9051.66 9047.32 9052.26 9048.62 9037.41 9031.07 9034.03 9039.48 9044.33 9049.95 9050.74 9044.47 9038.71 9039.02
8926.35 8926.01 8925.63 8925.34 8923.98 8922.27 8919.16 8923.8 8925.69 8930.87 8937.66 8943.89 8949.14 8951.64 8952.91 8952.3 8949.79 8944.89 8938.76 8944.37 8952.79 8960.94 8965.74 8966.18 8985.06 8978.62 8976.81 8979.03 8982.43 8989.04 8997.12 9014.09 9045.33 9071.78 9074.52 9064.52 9056.15 9056.13 9054.09 9047.15 9032.77 9038.18 9044.63 9049.02 9053.75 9056.38 9060.1 9061.61 9065.46 9068.62 9072.89 9078.21 9077.05 9069.53 9061.7 9061.73 9054.48 9038.97 9029.51 9030.26 9037.1 9044.61 9054.44 9061.71 9049.22 9041.37 9040.82
8927.55 8928.58 8929.02 8928.94 8928.44 8926.72 8920.82 8917.8 8925.59 8932.94 8941.96 8949.73 8955.09 8958.55 8963.49 8965.28 8965.56 8964.89 8963.42 8959.17 8956.74 8954 8950.59 8961.28 8970.97 8972.91 8980.14 8987.29 8995.02 9004.63 9019.41 9041.47 9056.35 9072.59 9079.88 9064.99 9053.72 9057.01 9057.3 9053.29 9043.65 9049.04 9055.19 9058.33 9060.64 9065.02 9067.63 9071.32 9075.16 9079.38 9084 9089.81 9090.33 9086.6 9081.82 9069.56 9061.65 9048.58 9035.49 9032.37 9038.71 9043.28 9045.09 9046.77 9048.17 9046.14 9044.85
8928.32 8929.44 8930.69 8931.66 8931.34 8928.75 8923.84 8921.65 8926.46 8936.13 8947.56 8957.91 8966.36 8971.79 8976.17 8977.77 8979.67 8984.94 8986.8 8972.09 8961.6 8952.3 8946.22 8953.29 8969.04 8972.95 8980.78 8990.77 9000.82 9013.23 9030.21 9058.09 9051.88 9072.77 9080.36 9072.92 9066.4 9065.35 9066.36 9068.56 9074.29 9074.28 9068.53 9066.78 9068.2 9070.05 9074.8 9078.65 9083.54 9087.8 9091.38 9091.82 9095.23 9097.76 9097.89 9088.18 9080.58 9068.91 9051.92 9044.63 9047.23 9046.93 9043.24 9043.61 9048.3 9053.13 9048.69
