real_craters/C170-500m.grd
DSAA
261 261
-64.995 64.995
-64.995 64.995
7967.9740275331 10009.591851887
[rows 180 to 209 of 261, columns 0 to 66 of 261]
9278.79 9299.87 9317.67 9335.42 9346.32 9342.08 9333.21 9321.47 9324.98 9324.34 9316.07 9303.72 9299.83 9295.54 9295.33 9295.44 9298.47 9298.35 9297.35 9295.51 9293.8 9293.7 9294.47 9294.77 9297.8 9303.31 9303.31 9303.43 9302.24 9298.52 9291.32 9285.31 9290.46 9293.67 9288.59 9284.8 9281.34 9269.73 9256.74 9250.08 9253.41 9261.11 9267.36 9263.28 9272.89 9279.32 9283.8 9277.56 9272.34 9269.17 9261.26 9256.69 9267.67 9270.76 9273.01 9275.99 9280.36 9289.76 9296.3 9300.63 9295.56 9289.35 9285.35 9280.32 9273.71 9267.36 9263.12
9270.8 9297.89 9325.5 9329.4 9331.68 9334.76 9329.67 9320.41 9320.6 9318.98 9314.42 9305.66 9294.78 9294.94 9295.09 9300.42 9302.16 9299.64 9297.77 9296.12 9294.76 9294.44 9294.82 9296.39 9299.99 9304.11 9307.26 9309.21 9311.07 9314.06 9313.48 9316.77 9305.45 9295.06 9290.15 9282.8 9275.19 9264.35 9254.5 9251.98 9255.45 9260.64 9264.64 9263.78 9289.24 9302.08 9290.43 9287.77 9279.55 9273.05 9270.36 9274.21 9282.82 9284.65 9284.4 9285.12 9288.76 9297.14 9296.55 9297.1 9291.98 9290.32 9289.19 9288.43 9284.92 9279.45 9268.7
9274.52 9326.57 9335.91 9332.71 9330.14 9331.99 9331.17 9328.95 9327.97 9323.34 9312.59 9304.16 9297.02 9297.82 9302.46 9310.39 9305.13 9300.55 9298.57 9297 9296.13 9295.5 9295.47 9297.14 9300.26 9305.54 9312.71 9319.19 9325.12 9336.28 9338.98 9334.02 9313.92 9292.55 9285.01 9280.59 9275.87 9267.95 9258.71 9254.83 9255.57 9258.18 9254.19 9256.83 9294.16 9311.46 9300.35 9291.89 9283.19 9278.23 9280.64 9286.23 9297.56 9296.83 9294.44 9291.44 9288.09 9289.21 9288.32 9282.78 9286.47 9290.4 9294.15 9297.32 9294.92 9286.59 9272.44
9225.2 9304.74 9341.25 9341.96 9334.18 9331.36 9333.31 9337.91 9338.44 9334.03 9325.8 9310.74 9306.95 9301.4 9299.95 9302.44 9302.17 9299.21 9297.47 9296.03 9294.44 9294.17 9294.39 9295.55 9299.08 9305.89 9318.98 9339.04 9359.95 9363.33 9360.34 9343.91 9320.33 9299.16 9286.75 9280.15 9274.13 9266.11 9258.58 9256.78 9258.49 9261.38 9261.28 9262.87 9291.85 9307.72 9307.15 9293.92 9284.26 9279.35 9291.02 9301.19 9307.41 9305.43 9302.83 9298.45 9292.69 9290.17 9285.92 9281.63 9287.99 9295.73 9302.47 9308.42 9328.99 9315.15 9284.7
9175.76 9292.51 9335.6 9327.46 9325.95 9327.09 9330.78 9335.92 9335.16 9321.24 9315.54 9311.89 9308.61 9302.95 9298.21 9294.67 9296.91 9296.95 9295.94 9294.51 9292.49 9291.98 9292.18 9292.93 9296.32 9302.29 9319.5 9351.65 9379.59 9383.72 9381.47 9358.73 9326.85 9300.46 9289.37 9281.9 9273.2 9264.74 9258.69 9259.17 9260.56 9261.57 9268.82 9283.01 9294.32 9297.16 9295.32 9291.9 9285.19 9278.67 9285.98 9307.29 9317.64 9312.94 9310.01 9307.39 9303.92 9296.9 9288.39 9287.08 9292.51 9302.59 9310.53 9310.28 9299.36 9308.14 9302.71
9161.37 9296.15 9315.39 9307.33 9314.59 9320.69 9324.17 9325.32 9321.69 9316.93 9315.66 9312.8 9307.68 9303.48 9298.33 9295.97 9295.98 9294.02 9292.65 9291.71 9290.16 9289.06 9289.17 9291.09 9294.67 9301.89 9321.4 9354.37 9380.85 9391.35 9386.09 9361.07 9330.7 9306.6 9295.69 9287.03 9280.21 9268.89 9263.17 9264.49 9268.74 9274.44 9282.02 9299.67 9307 9296.57 9292.41 9292.02 9289.14 9285.34 9294.19 9310 9320.94 9318.1 9314.18 9311.43 9309.93 9296.84 9287.06 9283.99 9299.65 9317.93 9328.93 9324.67 9310.1 9321.46 9331.36
9264.56 9295.85 9310.81 9314.24 9313.22 9316.14 9318.66 9319.67 9319.12 9316.24 9316.54 9309.35 9305.15 9303.62 9303.82 9300.13 9298.27 9293.38 9288.34 9285.48 9283.69 9283.38 9285.49 9287.81 9293.18 9302.43 9322.1 9357.82 9389.64 9396.81 9387.07 9363.24 9338.54 9320.55 9305.53 9293.73 9281.67 9273.36 9269.05 9270.91 9276.63 9283.02 9291.75 9307.56 9311.6 9306.93 9297.99 9295.38 9297.46 9302.43 9297.09 9307.16 9319.49 9320.88 9315.03 9307.28 9296.79 9294.67 9297.5 9306.81 9323.41 9340.83 9354.17 9358.68 9347.34 9367.65 9384.33
9298.24 9305.86 9307.05 9304.93 9309.95 9313.29 9315.84 9316.94 9316.39 9315.47 9316.4 9308.87 9304.12 9301.86 9299.98 9300 9297.68 9291.65 9286.99 9283.32 9281.33 9279.91 9281.33 9284.71 9290.96 9302.47 9324.49 9359.5 9393.75 9401.13 9387.48 9368.32 9347.39 9330.27 9315.52 9302.2 9288.85 9276.9 9274.03 9278.07 9284.53 9289.11 9296.66 9296.05 9285.86 9282.38 9291.2 9295.4 9300.06 9305.74 9305.21 9314.82 9327.42 9323.19 9315.03 9304.73 9295.75 9299.4 9308.36 9331.02 9347.84 9357.09 9362.51 9389.62 9420.07 9389.5 9423.7
9304.6 9311.38 9312.63 9306.73 9310.22 9313.11 9315.09 9315.76 9314.88 9311.68 9310.49 9305.5 9302.86 9301.45 9299.65 9299.17 9293.05 9287.3 9283.69 9281.04 9279.62 9279.24 9280.19 9283.71 9290.23 9300.57 9317.5 9358.03 9398.58 9410.81 9397.59 9372.95 9348.45 9336.53 9326.03 9313.59 9298.09 9284.11 9281.36 9284.89 9291.81 9309.64 9305.08 9282.09 9273.28 9281.85 9290.37 9296.27 9299.02 9301.09 9312.16 9324.29 9330.22 9327.62 9314.6 9301.9 9298.87 9315.18 9328.68 9366.23 9381.93 9352.71 9314.04 9315.03 9342.33 9268.04 9226.89
9300.23 9305.62 9315.02 9313.71 9313.67 9315.56 9317.09 9317.1 9315.06 9310.4 9308.7 9303.63 9299.16 9298.85 9298.48 9293.72 9284.58 9281.19 9279.52 9277.76 9276.68 9277.08 9279.36 9282.94 9289.34 9300.39 9319.47 9354.68 9392.58 9408.8 9399.89 9376.46 9354.84 9343.93 9337.46 9332.34 9316.98 9304.18 9290.68 9290.73 9294.87 9299.17 9305.52 9286.31 9279.62 9291.05 9296.17 9301.1 9303.07 9304.27 9321.72 9323.92 9324.68 9322.96 9312.39 9306.3 9320.41 9350.51 9365.42 9400.28 9425.5 9303.93 9195.77 9111.85 9059.1 9038.95 8981.37
9308.11 9314.02 9318.23 9317.16 9318.3 9319.09 9319.18 9319.21 9318.1 9313.68 9307.88 9296.4 9292.66 9287.14 9285.92 9284.07 9278.41 9275.38 9274.73 9273.78 9273.91 9274.21 9276.23 9279.68 9286.78 9297.28 9316.86 9344.41 9377.53 9395.34 9388.59 9373.88 9364.31 9345.85 9343.07 9344.73 9328.67 9299.53 9293.14 9293.5 9301.3 9312.48 9309.63 9294.27 9289.55 9298.97 9304.71 9309.71 9316.81 9319.41 9313.33 9312.33 9309.73 9305.67 9308.23 9316.15 9348.38 9395.99 9405.79 9355.22 9282.31 9152.77 9032.64 8928.21 8865.97 8845.57 8813.72
9303.48 9310.18 9317.54 9319.96 9322.01 9322.86 9322.98 9322.85 9322.53 9318.11 9309.4 9298.88 9290.99 9284.48 9282.3 9280.6 9274.86 9272.07 9270.86 9270.96 9270.87 9271.94 9273.81 9277.35 9282.57 9290.24 9300.49 9323.82 9353.66 9374.14 9370.55 9358.35 9340.47 9336.18 9339.88 9341.08 9324.54 9303.13 9292.39 9291.84 9299.19 9316.54 9326.67 9314.64 9311.13 9315.17 9314.92 9317.38 9321.41 9324.29 9324.98 9317.81 9307.54 9305.12 9308.03 9319.55 9364.77 9425.24 9401.95 9242.65 9061.05 8955.59 8869.15 8772.49 8721.66 8704.28 8682.55
9309.48 9316.51 9317.03 9323.75 9326.07 9326.7 9326.35 9325.2 9321.28 9312.76 9314.57 9304.13 9293.13 9284.34 9282.77 9283.08 9272.49 9269.82 9270.65 9271.56 9271.33 9272.57 9274.1 9276.57 9279.8 9284.76 9293.01 9307.69 9322.94 9328.16 9341.83 9342.78 9332.3 9329.5 9331.91 9332.95 9313.96 9294.71 9289.27 9287.6 9294.15 9322.74 9352.88 9338.77 9320.19 9321.82 9325.78 9324.94 9323.32 9331.58 9334.38 9319.93 9298.77 9294.11 9305.84 9328.15 9349.06 9355.29 9293.8 9116.99 8931.52 8821.17 8746.76 8680.16 8633.12 8610.16 8588.39
9318.26 9325.7 9327.7 9330.88 9330.88 9330.48 9329.8 9328.1 9324.97 9318.84 9317.95 9310.39 9298.16 9285.91 9284.52 9283.62 9276.91 9270.13 9270.26 9270.09 9270.83 9271.99 9273.29 9274.32 9276.86 9279.22 9283.83 9292.55 9307.01 9318.01 9327.39 9334.81 9330.32 9322 9321.8 9318.79 9308.54 9296.18 9289.04 9285.4 9289.04 9324.45 9369.19 9372.17 9349.46 9344.54 9340.8 9334.35 9324.72 9325.16 9316.51 9277.92 9287.32 9300.41 9314.57 9343.39 9305.93 9198.61 9105.54 8995.25 8863.72 8755.35 8668.62 8598.27 8572.06 8563.13 8555.65
9326.44 9329.68 9331.78 9334.41 9334.72 9334.23 9333.48 9332.36 9332.89 9329.3 9326.01 9314.56 9306.67 9298.69 9288.02 9279.55 9270.94 9269.98 9270.75 9271.79 9273.09 9274.43 9275.64 9276.35 9275.53 9276.32 9277.86 9282.78 9291.87 9301.9 9316.54 9328.95 9324.91 9313.66 9314.6 9314.21 9310.98 9302.28 9293.05 9287.12 9290.52 9323.74 9371.89 9410.89 9390.6 9370.57 9355.16 9345.94 9334.35 9318.14 9292.95 9270.76 9288.24 9309.91 9324.06 9366.64 9280.56 9124.81 9008.97 8907.58 8797.61 8699.53 8623.81 8569.38 8549.33 8544.22 8543.9
9328.86 9334.22 9335.9 9338.04 9338.67 9338.27 9337.45 9334.51 9331.41 9327.17 9320.53 9313.35 9308.05 9301.33 9288.94 9278.24 9271.54 9272.43 9271.14 9271.09 9271.14 9271.96 9272.68 9272.74 9272.76 9272.84 9274.56 9276.89 9283.32 9295.51 9308.79 9312.54 9312.48 9310.33 9311.4 9311.61 9313.63 9308.24 9300.09 9294.28 9294.66 9320.84 9351.74 9382.95 9392.15 9373.46 9360.33 9347.96 9328.67 9279.63 9283.05 9279.28 9295.06 9313.57 9333.38 9407.85 9276.64 9108.15 8973.96 8857.32 8744.41 8654.7 8602.49 8573.99 8555.75 8546.03 8545.35
9330.61 9337.39 9339.73 9342.78 9341.86 9341.81 9342.39 9340.27 9333.18 9328.65 9326.1 9311.78 9303.79 9295.99 9287.51 9278.1 9269.9 9271.1 9270.95 9270.55 9270.25 9270.34 9270.91 9270.26 9270.94 9271.46 9273.01 9275.75 9284.04 9307.59 9307.14 9308.17 9307.83 9311.61 9312.38 9314.73 9316.51 9314.06 9309.17 9305.53 9308.58 9324.76 9348.45 9352.16 9345.36 9357.32 9358.54 9349.99 9325.2 9313.52 9306.99 9306.79 9307.11 9307.42 9342.06 9379.4 9259.77 9098.93 8966.18 8840.17 8717.06 8622.32 8603.41 8595.22 8579.71 8571.4 8559.69
9331.34 9336.14 9339.77 9341.25 9342.92 9345.19 9347.54 9349.15 9348.37 9345.31 9335.5 9316.15 9305.24 9296.04 9287.88 9280.4 9275.35 9271.74 9271.28 9271.25 9271.53 9271.57 9272.37 9272.18 9272.05 9271.84 9274.1 9279.31 9284.67 9297.33 9300.13 9296.28 9297.11 9299.67 9309.65 9319.19 9322.33 9321.28 9318.93 9318.26 9319.41 9327.03 9334.68 9330.56 9336.48 9355.42 9361.01 9358.12 9347.11 9338.25 9323.5 9319.33 9314.36 9317.8 9353.38 9352 9243.3 9100.68 8979.49 8854.52 8734.1 8646.19 8626.09 8623.28 8609.51 8597.58 8580.29
9337.35 9340.29 9340.78 9338.57 9342.9 9347.13 9352.33 9358.28 9362.69 9355.1 9345.46 9324.38 9309.09 9297.78 9289.08 9281.75 9274.22 9273.88 9271.82 9272.42 9272.53 9271.74 9271.3 9269.71 9269.69 9270.83 9273.96 9283.44 9295.68 9301.65 9296.85 9286.06 9286.09 9286.82 9292.74 9308.13 9323.02 9325.55 9327.2 9328.11 9328.93 9328.42 9324.81 9326.04 9344.43 9368.6 9366.11 9354.3 9333.55 9320.9 9319.64 9314.59 9315.06 9324.57 9340.24 9341.26 9252.38 9132.04 9017.1 8892.61 8771.31 8677.57 8658.76 8655.43 8643.23 8624.86 8603.16
9341.05 9341.09 9343.54 9341.12 9344.16 9349.66 9355.75 9362.22 9369.95 9362.95 9351.38 9329.38 9310.65 9299.58 9291.72 9284.88 9278.22 9268.95 9272.65 9273.7 9272.97 9272.1 9270.81 9269.81 9269.48 9269.5 9271.47 9276.73 9308.08 9318.11 9303.24 9285.46 9283.1 9286.46 9284.23 9297.15 9316.19 9324.22 9332.44 9338.06 9335.42 9330.56 9332.65 9335.47 9354.21 9376.1 9374.75 9359.65 9339.88 9328.4 9317.58 9307.17 9304.14 9321.56 9330.91 9346.35 9292.79 9193.91 9075.67 8945.65 8820.8 8727.44 8704.78 8696.89 8682.48 8664.21 8635.6
9337.06 9349.32 9346.98 9342.93 9346.09 9351.24 9356.38 9360.02 9359.55 9360.76 9349.62 9328.98 9309.25 9301.47 9294.47 9288.95 9285.23 9281.56 9280.1 9277.59 9275.05 9273.46 9271.91 9272.16 9272.59 9272.11 9272.57 9274.6 9283.48 9314.26 9305.15 9286.45 9280.75 9279.81 9278.91 9286.15 9299.97 9317.15 9332.48 9349.84 9344.99 9327.99 9318.59 9334.27 9362.9 9387.62 9384.32 9372.61 9349.47 9334.94 9317.95 9305.77 9302.32 9312.26 9345.94 9368.1 9360.02 9278.4 9144.5 8999.7 8867.76 8771.17 8745.93 8737.98 8724.38 8703.69 8682.13
9337.33 9338.04 9342.71 9345.58 9348.24 9351.88 9356.92 9360.79 9361.83 9354.65 9345.28 9333.49 9317.99 9305.28 9296.74 9290.95 9288.91 9294.68 9286.08 9283.54 9285.13 9283.68 9281.62 9280.64 9277.73 9276.18 9275.53 9276.61 9282.91 9299.46 9294.51 9282.03 9276.1 9275.51 9284.04 9283.46 9293.83 9308.87 9323.46 9334.67 9334.28 9322.32 9316.73 9339.89 9370.38 9385.03 9387.16 9375.24 9346.74 9332.06 9320.2 9309.9 9305.32 9304.14 9342.68 9386.59 9422.81 9345.4 9202.43 9047.35 8903.32 8790.15 8764.85 8767.34 8768.57 8756.02 8728.9
9335.23 9335.3 9339.45 9345.06 9349.09 9353.08 9356.65 9361.51 9367.98 9359.25 9343.87 9335.79 9321.43 9308.18 9298.76 9291.03 9284.64 9279.49 9283.14 9287.29 9287.38 9286.04 9284.99 9282.01 9279.77 9278.87 9278.82 9280.49 9283.74 9284.63 9277.34 9271.28 9269.85 9269.89 9272.04 9280.11 9290.18 9301.08 9310.81 9320.17 9322.77 9321.22 9323.26 9352.79 9377.96 9390.75 9388.84 9370.71 9343.72 9335.31 9324.98 9312.95 9302.32 9300.78 9333.01 9377.33 9451.26 9374.25 9234.93 9082.31 8934.75 8813.37 8770.22 8777.94 8796.49 8788.85 8756.41
9334.44 9337.72 9342.69 9346.29 9350.51 9354.08 9354.92 9355.95 9362.76 9351.82 9345.05 9327.25 9316.72 9309.65 9301.81 9293.4 9283.93 9278.04 9289.34 9292.88 9291.44 9288.92 9289.02 9287.6 9285.06 9283.91 9283.45 9284.61 9286.97 9280.47 9270.77 9266.74 9265.71 9265.8 9270.52 9282.01 9290.5 9295.25 9300.15 9306.34 9319.1 9329.89 9337.72 9353.32 9383.46 9404.21 9396 9377.93 9369.67 9353.9 9336.97 9320.17 9305.67 9303.7 9327.24 9368.16 9394.63 9355.68 9251.06 9115.45 8973.45 8841.59 8772.89 8772.64 8779.45 8782.46 8771.54
9335.2 9342.14 9344.62 9351.7 9357.44 9356.46 9354.83 9351.17 9354.41 9348.92 9334.08 9328.02 9319.75 9314.29 9308.48 9301.39 9294.45 9292.12 9308.94 9301.78 9296.08 9295.03 9293.22 9291.27 9290.07 9288.9 9287.15 9287.87 9295.79 9282.39 9273.28 9267.7 9265.13 9264.96 9273.57 9294.89 9292.19 9290.09 9291.44 9301.97 9321.86 9343.48 9356.97 9370.46 9387.56 9395.27 9395.1 9390.17 9385.64 9371.27 9353.07 9335.89 9320.29 9320.9 9346.68 9374.11 9404.1 9355.98 9270.27 9161.62 9029.61 8890 8790.66 8779.61 8770.82 8771.29 8778.44
9335.6 9341.85 9345.02 9353.12 9359.45 9356.86 9355.62 9357.63 9358.51 9354.49 9344.13 9336.7 9327.7 9322.01 9316.78 9311.7 9310.35 9320.84 9311.44 9302.1 9297.25 9294.8 9293.04 9291.8 9291.13 9290.44 9289.73 9287.54 9285.71 9280.24 9273.02 9269.97 9267.2 9266.49 9275.08 9284.3 9286.34 9283.58 9281.72 9291.15 9323 9357.48 9373.24 9380.47 9384.86 9390.62 9393.91 9397.22 9394.62 9384.7 9371.09 9358.74 9349.73 9351.34 9371.11 9381.45 9400.21 9367.91 9308.21 9224.46 9120.91 8993.07 8874.65 8835.11 8794 8798.24 8817.01
9339.57 9342.53 9344.02 9349.64 9351.24 9355.44 9354.62 9355.13 9356.18 9356.23 9352.7 9345.13 9338.09 9331.22 9325.23 9319.87 9315.56 9308.22 9295.19 9295.55 9294.22 9292.55 9292.09 9291.85 9291.58 9291.83 9292.07 9291.7 9287.88 9282.82 9277.87 9274.57 9271.04 9268.36 9267.99 9279.5 9280.1 9278.66 9277.75 9288.09 9317.29 9353.55 9367.46 9367.33 9372.29 9383.88 9391.78 9398.23 9403.09 9394.6 9387.46 9382.98 9382.57 9391.43 9401.39 9407.68 9408.33 9388.83 9352.63 9301.24 9242.76 9172.49 9053.25 8970.29 8896.58 8869.72 8890.29
9341.92 9345.06 9349.84 9355.4 9361.49 9357.44 9353.85 9349.6 9358.07 9360.43 9356.33 9349.31 9347.35 9339.42 9332.99 9326.26 9319.04 9309.9 9294.99 9292.62 9291.63 9290.76 9290.37 9288.79 9289.79 9291.41 9292.97 9293.61 9293.29 9290.59 9286.74 9280.42 9276.15 9272.74 9266.43 9272.65 9277.01 9276.8 9277.63 9284.33 9300.01 9324.44 9339.86 9351.45 9360.92 9369.48 9377.65 9378.85 9394.04 9397.54 9398.93 9402.9 9411.89 9421.65 9425.43 9430.1 9430.86 9419.95 9399.44 9376.84 9354.2 9332.24 9241.2 9139.69 9091.77 9043.18 9018.22
9342.99 9348.46 9355.01 9361.42 9362.66 9358.52 9353.85 9354.41 9354.48 9355.8 9352 9348.01 9346.35 9345.96 9340.42 9332.21 9322.6 9312.08 9300.14 9290.96 9288.71 9288.33 9288.59 9289.66 9290.79 9292.74 9294.14 9294.82 9297.97 9297.16 9290.69 9285.7 9282.06 9279.1 9279.42 9281.28 9279.37 9276.92 9274.02 9273.88 9276.79 9284.68 9319.99 9335.9 9341.83 9349.97 9354.3 9367.56 9388.79 9397 9405.57 9415.31 9427.47 9444.07 9451.04 9456.38 9456.99 9450.4 9439.67 9432.48 9431.65 9406.54 9326.88 9234.91 9170.68 9135.47 9131.04
9345.98 9352.67 9362.31 9361.56 9361.87 9355.33 9349.45 9350.45 9351.72 9353.94 9356.94 9356.2 9359.23 9355.22 9345.99 9335.69 9324.47 9312.79 9296.17 9288.75 9286.52 9285.94 9286.38 9287.54 9289.01 9292.13 9296.97 9300.79 9301.81 9303.75 9295.11 9291.67 9287 9286.01 9283.88 9287.57 9284 9278.61 9273.36 9266.18 9262.13 9275.19 9326.78 9331.57 9331.22 9337.26 9342.03 9356.19 9375.95 9395.19 9410.31 9423.63 9440.66 9463.1 9473.86 9483.05 9479.14 9470.42 9460.84 9458.72 9467.73 9492.74 9408.91 9332.52 9275.59 9242.65 9244.45
