real_craters/C170-300m.grd
DSAA
434 434
-64.995 64.995
-64.995 64.995
7968.2865584929 10006.163866819
[rows 330 to 359 of 434, columns 335 to 401 of 434]
9254.26 9252.32 9247.75 9241.52 9234.14 9228.25 9226.23 9224.43 9222.75 9221.29 9220.06 9219.16 9218.76 9219.25 9218.68 9219.44 9220.85 9222.75 9224.81 9225.94 9226.82 9227.9 9229.31 9230.75 9232.25 9233.7 9235.28 9237.93 9239.48 9238.68 9238.81 9239.07 9239.56 9240.1 9240.76 9241.56 9242.83 9244.38 9246.88 9250.32 9255.31 9256.07 9254.77 9254.39 9255.16 9256.68 9257.66 9259.81 9262.36 9265.19 9268.32 9268.82 9265.41 9261.7 9257.31 9251.61 9243.3 9242.97 9256.74 9268.84 9279.2 9289.76 9305.04 9317.88 9326.37 9332.87 9339.19
9249.56 9246.45 9242.78 9237.73 9231.71 9226.97 9225.77 9224.65 9223.46 9222.17 9221.06 9220.08 9219.45 9219.16 9219.39 9219.98 9220.77 9221.93 9222.89 9223.88 9225.8 9227.77 9229.8 9231.57 9233.16 9234.51 9235.48 9237.35 9240.15 9240.46 9241.01 9241.47 9242.13 9242.78 9243.42 9244.2 9244.95 9246.03 9247.33 9248.77 9250.46 9253.12 9255.14 9256.69 9258.43 9259.52 9260.64 9262.56 9264.79 9267.14 9269.9 9270.81 9267.83 9265.58 9264.07 9263.07 9262.04 9262.36 9266.48 9271.48 9276.74 9284.48 9299.12 9314.7 9326.69 9335.12 9341.2
9248.03 9244.49 9241.03 9237.03 9232.87 9229.66 9227.76 9226.6 9225.47 9224.12 9222.72 9221.42 9220.63 9220.49 9220.16 9220.52 9221.19 9221.73 9222.04 9222.71 9225.37 9227.97 9230.43 9232.57 9234.35 9235.64 9235.92 9235.3 9238.36 9241.46 9243.11 9243.88 9244.73 9245.5 9246.14 9246.9 9247.23 9247.45 9247.28 9247.04 9248.55 9251.2 9255.01 9257.95 9260.47 9262.78 9263.53 9264.77 9266.55 9268.14 9269.33 9269.88 9268.98 9269.55 9271.55 9276.38 9285.07 9284.33 9280.81 9280.24 9280.59 9290.39 9305.17 9319.78 9331.17 9338.54 9342.8
9248.36 9244.87 9241.76 9238.57 9235.55 9232.61 9231.1 9229.83 9228.55 9226.83 9224.99 9223.12 9221.57 9220.99 9221.21 9221.71 9222.32 9222.7 9223.06 9223.98 9226.2 9228.85 9231.5 9233.96 9236.13 9237.87 9238.83 9239.33 9241.61 9243.94 9245.56 9246.65 9247.48 9248.34 9249.18 9249.61 9249.94 9249.33 9248.03 9246.29 9246.01 9250.43 9255.55 9259.45 9262.69 9264.88 9266.94 9268.69 9269.81 9269.79 9269.39 9268.34 9269.62 9272.79 9276.59 9283.06 9296.36 9295.68 9293.72 9295.11 9298.3 9319.97 9323.3 9332.9 9340.47 9345.05 9347.09
9250.18 9246.94 9244.34 9242.04 9239.69 9237.31 9235.85 9234.39 9232.69 9230.55 9228.11 9225.56 9223.33 9222.52 9223.12 9223.84 9224.35 9224.64 9224.94 9225.91 9227.75 9230.4 9233.2 9235.9 9238.45 9240.92 9243.38 9245.78 9246.98 9247.46 9248.26 9249.41 9250.41 9251.47 9252.45 9253.03 9253.12 9252.42 9250.87 9248.9 9248.93 9253.56 9258.36 9262.45 9266.46 9268.64 9271.08 9272.79 9273.7 9273.43 9272.08 9270.09 9272.8 9276.78 9279.57 9281.78 9283.53 9294.51 9303.53 9313.58 9327.5 9353.99 9353.23 9350.64 9350.9 9351.64 9351.71
9252.04 9250.06 9248.25 9246.69 9245.09 9243.33 9241.94 9240.16 9237.81 9235.28 9232.49 9229.38 9225.85 9225.24 9226.21 9226.93 9227.39 9227.58 9227.47 9227.75 9229.96 9232.66 9235.44 9238.16 9240.81 9243.72 9247.11 9250.36 9250.51 9250.34 9250.91 9252.13 9253.53 9254.82 9256.05 9257.21 9257.37 9257.08 9256.23 9254.82 9255.48 9259.37 9263.32 9267.45 9270.84 9272.33 9275.41 9277.34 9278.66 9279 9278.91 9278.85 9280.95 9283.75 9284.89 9283.2 9281.53 9296.72 9312.55 9328.87 9349.54 9366.1 9368.79 9362.93 9359.47 9357.94 9357.06
9255.13 9253.91 9253.02 9252.02 9251.27 9250.66 9249.17 9246.59 9243.71 9240.89 9237.97 9234.92 9232.22 9230.85 9230.88 9231.12 9231.34 9231.42 9231.35 9231.69 9233.2 9235.75 9238.26 9240.66 9243.09 9245.78 9248.72 9250.73 9251.15 9251.9 9253 9254.63 9256.41 9258.5 9260.24 9261.66 9262.62 9263.05 9263.11 9262.9 9263.93 9267.17 9270.09 9273.1 9275.88 9276.85 9280.05 9282.38 9284.91 9286.51 9287.78 9289.27 9291.4 9294.49 9295.67 9293.59 9291.97 9306.28 9321.45 9336.71 9352 9361.23 9367.06 9367.45 9365.03 9363.3 9361.8
9259.19 9258.73 9258.22 9257.67 9257.32 9257.17 9255.69 9252.72 9249.61 9246.71 9244.04 9241.47 9238.9 9237.5 9236.56 9236.2 9236.06 9236.09 9236.16 9235.77 9237.31 9239.92 9241.85 9243.57 9245.3 9247.07 9248.87 9249.49 9250.82 9252.92 9254.92 9257.18 9259.47 9261.75 9264.13 9266.08 9267.81 9269.92 9271.83 9273.16 9274.25 9276.25 9278.16 9279.67 9281.89 9282.71 9285.33 9288.12 9291.6 9294.49 9297.74 9301.1 9304.46 9308.12 9311.03 9313.23 9313.71 9320.87 9329.96 9341.21 9351.91 9364.83 9369.61 9368.22 9366.57 9365.97 9366.25
9263.95 9263.89 9263.58 9263.05 9262.69 9262.14 9260.58 9258.22 9255.33 9252.56 9250.1 9248.23 9246.68 9244.22 9242.5 9241.52 9241.16 9241.32 9242.08 9243.19 9244.76 9245.46 9245.84 9246.39 9247.12 9248.12 9249.03 9249.29 9251.3 9254.59 9257.48 9260.39 9263.2 9265.95 9268.28 9271.12 9273.06 9276.69 9280.93 9284.9 9285.31 9285.16 9285.68 9286.87 9288.86 9288.65 9291.32 9294.44 9298.11 9302.44 9307.66 9314.49 9319.73 9320.7 9324.3 9334.55 9340.19 9332.09 9334 9341.52 9352.97 9362.62 9366.82 9363.03 9363.78 9365.5 9367.53
9269.65 9269.42 9268.82 9268.29 9267.75 9267.18 9265.89 9263.34 9260.56 9257.83 9255.61 9253.98 9252.28 9249.97 9247.93 9246.62 9246.07 9246.34 9247.72 9250.82 9253.39 9250.56 9249.3 9249.13 9249.5 9249.81 9249.81 9250.33 9253.51 9257.15 9260.44 9263.61 9266.62 9269.6 9272.65 9275.91 9278.96 9282.55 9287.93 9292.8 9293.05 9292.12 9292.25 9293.04 9294.56 9294.28 9297.01 9299.72 9303.8 9308.8 9315.01 9322.28 9327.67 9326.69 9326.96 9330.22 9332.06 9329.4 9329.71 9333.61 9336.54 9335.95 9339.8 9351.62 9358.34 9363.01 9366.91
9276.43 9275.33 9274.08 9273.11 9272.23 9271.57 9270.57 9267.82 9265.05 9262.32 9260.06 9258.59 9257.08 9254.59 9252.73 9251.31 9250.68 9250.5 9251.3 9252.99 9254.22 9252.66 9251.78 9251.89 9252.38 9252.6 9252.69 9253.6 9257.33 9260.67 9263.89 9266.93 9269.86 9272.83 9275.94 9279.33 9281.89 9286.4 9291.62 9296.06 9296.95 9296.74 9296.89 9297.55 9299.09 9298.45 9301.12 9304.25 9308.25 9313.07 9318.39 9324.56 9328.25 9326.08 9321.45 9316.99 9316.54 9317.67 9318.94 9322.99 9326.89 9327.06 9332.75 9345.33 9354.01 9360.39 9365.58
9283.11 9280.78 9278.7 9277.12 9275.75 9274.64 9273.42 9271.07 9268.67 9266.18 9263.76 9261.48 9259.7 9258.38 9257.02 9255.61 9254.62 9253.8 9253.21 9252.77 9252.67 9252.33 9253.28 9254.74 9256.08 9256.95 9257.27 9259.9 9263.55 9266.55 9269.55 9272.52 9275.42 9278.31 9281.27 9284.37 9285.58 9288.87 9293.5 9296.72 9298.69 9299.15 9299.82 9300.23 9302.06 9303.13 9305.52 9308.54 9311.82 9315.5 9319.75 9324.54 9328.21 9322.29 9312.98 9306.04 9304.22 9305.12 9305.5 9305.59 9309.39 9320.57 9339.16 9344.15 9351.14 9357.77 9363.24
9288.23 9285.09 9282.37 9280.09 9278.26 9276.67 9275.05 9273.23 9271.69 9269.71 9267.31 9264.6 9262.94 9262.34 9261.36 9260.03 9258.55 9256.99 9255.11 9252.59 9249.63 9251.75 9255.24 9258.4 9261.01 9263.13 9264.96 9268.15 9271.37 9274.61 9276.66 9279.54 9282.35 9285.06 9287.66 9290.16 9292.52 9291.94 9294.56 9297.38 9299.9 9300.39 9301.43 9303.15 9306.1 9307.89 9309.84 9312.51 9314.49 9316.6 9318.54 9320.22 9321.55 9313.16 9302.29 9294.15 9293.92 9295.6 9295.79 9292.97 9295.66 9305.13 9323.89 9339 9347.88 9354.58 9360.07
9291.2 9287.61 9284.56 9282.03 9279.93 9278.08 9276.08 9275.1 9274.5 9273.42 9271.67 9268.96 9267.66 9267.26 9266.13 9264.67 9262.92 9260.95 9258.53 9255.37 9251.61 9254.55 9259.24 9263.41 9267.23 9270.82 9274.09 9277.9 9279.56 9281.54 9283.77 9286.4 9288.94 9291.27 9293.36 9295.15 9296.59 9294.23 9295.83 9298.34 9301.08 9302.62 9304.42 9305.57 9307.15 9311.07 9313.55 9314.91 9315.93 9316.32 9315.86 9312.82 9306.7 9298.99 9292.28 9285.67 9288.09 9291.61 9294.36 9296.52 9301.55 9311.16 9328.64 9338.63 9345.75 9352.03 9356.98
9291.35 9288.06 9285.12 9282.62 9280.65 9279.31 9278.56 9278.15 9277.45 9277.03 9276.96 9277.09 9275.03 9272.99 9271.17 9269.48 9267.72 9265.83 9263.71 9261.59 9260.64 9261.98 9265.54 9269.59 9273.79 9278.4 9283.37 9284.78 9286.27 9288.2 9290.48 9292.93 9295.2 9297.14 9298.65 9299.7 9300.29 9296.63 9297.73 9300.06 9302.65 9305.03 9306.44 9309.07 9314.76 9316.39 9316.47 9317.19 9317.3 9317.17 9314.41 9308.49 9298.68 9291.48 9288.99 9285.99 9288.51 9292.89 9297.83 9305.65 9314.42 9323.39 9329.72 9337.13 9344 9350.03 9354.77
9289.32 9286.91 9284.31 9281.99 9280.22 9279.29 9279.95 9280.4 9278.9 9279.21 9280.85 9283.5 9281.08 9278.12 9275.89 9274.14 9272.52 9271.09 9269.78 9268.78 9268.12 9269.4 9272.94 9276.26 9279.8 9283.47 9284.96 9287.92 9291.39 9293.9 9296.7 9299.12 9301.17 9302.71 9303.63 9303.9 9303.6 9299.31 9299.99 9301.86 9304.34 9307.02 9309.44 9312.74 9319.4 9320.31 9321.27 9321.57 9321.04 9318.69 9315.6 9311.15 9304.15 9298.52 9294.4 9291.25 9293.55 9297.4 9301.98 9308.23 9321.03 9329.06 9332.48 9337.79 9343.1 9348.13 9352.28
9286.5 9285 9282.68 9280.43 9278.41 9277 9276.73 9276.92 9276.72 9278.71 9281.6 9283.26 9283.52 9281.68 9279.82 9278.44 9277.31 9276.63 9276.17 9276.52 9277.83 9279.54 9281.07 9282.76 9285.1 9287.86 9290.94 9293.26 9296.58 9299.11 9301.92 9305.18 9307.15 9308.38 9308.71 9308.09 9306.64 9300.56 9302.17 9303.74 9305.73 9308.9 9312.43 9315.27 9323.51 9324.78 9325.61 9325.7 9324.96 9322.83 9319.98 9317.16 9313.94 9311.29 9304.96 9301.21 9301.53 9304.31 9308.32 9313.46 9321.42 9328.52 9333.37 9337.78 9342.48 9347.02 9350.95
9283.86 9282.85 9280.95 9278.56 9276.11 9273.47 9270.9 9268.92 9271.73 9276.1 9281.53 9286.12 9285.14 9283.94 9283.02 9282.36 9281.85 9281.89 9282.1 9283.37 9286.32 9289.82 9287.74 9288.35 9289.78 9291.62 9296.01 9297.86 9301.06 9304.46 9307.84 9310.77 9312.76 9313.83 9313.69 9312.16 9309.24 9301.02 9300.58 9302.82 9306.67 9311.04 9314.6 9317.56 9326.7 9328.12 9328.82 9328.83 9328.18 9326.7 9324.69 9322.79 9320.95 9319.62 9313.61 9310.39 9310.12 9312.17 9315.87 9320.35 9323.28 9328.09 9332.13 9335.88 9341.45 9346.66 9350.74
9282.26 9281.51 9279.6 9277.15 9274.09 9270.5 9266.58 9263.84 9266.88 9272.39 9278.53 9283.59 9284.71 9285.05 9285.4 9285.75 9285.99 9286.78 9287.56 9288.44 9289.34 9289.12 9290.88 9293.28 9294.42 9294.74 9295.56 9300.8 9304.89 9309.39 9313.27 9316.22 9318.65 9319.82 9319.51 9317.26 9312.79 9301.84 9298.49 9302.36 9308.46 9313.3 9317.63 9320.52 9330.75 9331.99 9332.4 9332.39 9331.88 9329.71 9328.8 9327.19 9324.96 9321.41 9319.28 9317.96 9318.11 9319.47 9322.06 9325.55 9329.53 9330.98 9332.52 9334.71 9341.74 9347.18 9350.88
9281.79 9280.88 9279.25 9276.75 9273.39 9269.37 9264.87 9260.79 9264.12 9269.62 9274.06 9278.3 9282.99 9285.61 9287.25 9288.69 9289.98 9291.41 9292.86 9293.97 9293.63 9289.55 9295.91 9299.64 9300.55 9300.28 9301.05 9304.96 9309.44 9313.21 9316.57 9320.51 9321.9 9325.73 9325.82 9323.59 9318.35 9305.34 9300.69 9305.55 9312.12 9316.81 9320.85 9323.19 9334.37 9335.33 9335.69 9335.67 9335.35 9334.35 9332.82 9331.4 9329.85 9328.68 9326.93 9325.88 9325.78 9326.14 9326.62 9327.39 9330.28 9332.09 9335.71 9340.37 9345.8 9349.82 9352.41
9282.92 9281.72 9279.76 9277.24 9274.03 9270.46 9266.64 9263.48 9265.73 9270.36 9274.06 9278.12 9283.24 9286.7 9289.34 9291.47 9293.47 9295.69 9298.2 9300.78 9303.59 9305.26 9308.78 9308.39 9307.51 9307.55 9307.81 9309.82 9313.23 9316.36 9319.51 9323.05 9327.4 9331.53 9332.81 9331.73 9321.15 9314.06 9308.67 9313.93 9319.26 9322.55 9324.92 9326.24 9338.67 9339.12 9339.31 9339.34 9339.23 9337.35 9336.77 9335.06 9334.41 9334.23 9333.88 9333.55 9333.32 9332.67 9330.81 9325.55 9323.62 9330.81 9339.83 9349.06 9352.24 9353.35 9354.67
9285.17 9283.52 9281.28 9278.77 9276.14 9273.36 9270.9 9269.63 9271.25 9274.65 9278.54 9282.11 9285.71 9289.13 9292.02 9294.6 9297.1 9299.78 9302.84 9306.96 9313.05 9324 9321.74 9315.27 9312.43 9311.62 9311.96 9313.62 9315.56 9317.66 9321.04 9326.39 9330.67 9335.26 9339.46 9340.87 9332.26 9328.9 9326.03 9327.23 9328.94 9329.55 9329.99 9330.36 9342.87 9342.85 9342.89 9342.97 9342.83 9340.26 9340.48 9339.17 9339.45 9339.56 9339.37 9341.08 9341.1 9339.7 9336.38 9326.52 9321.31 9332.12 9343.19 9352.49 9356.08 9356.67 9356.92
9287.82 9285.85 9283.62 9281.32 9278.99 9277.08 9275.91 9276.4 9278.05 9280.01 9282.97 9286.21 9289.31 9292.34 9295.08 9297.71 9300.62 9303.34 9306.34 9310.27 9314.91 9318.34 9318.37 9316.42 9314.51 9313.61 9315.13 9315.84 9316.89 9317.93 9321.55 9325.97 9332.26 9338.34 9344.51 9349.86 9344.89 9346.47 9345.55 9341.6 9337.93 9334.15 9332.43 9344.32 9343.31 9342.9 9343.04 9343.59 9344.04 9344.44 9344.88 9343.44 9345.42 9348.28 9350.37 9349.96 9349.14 9347.37 9343.57 9336.03 9332.61 9339.03 9347.32 9355.12 9358.48 9358.44 9358.34
9290.85 9288.49 9286.38 9284.43 9282.52 9281.15 9280.51 9280.97 9282.54 9284.82 9287.37 9290.4 9293.14 9295.61 9298.04 9300.39 9303 9305.36 9308.1 9310.91 9313.54 9314.49 9314.63 9314.65 9314.68 9316.83 9316.59 9315.68 9315.29 9316.34 9319.03 9322.98 9329.92 9337.9 9347.16 9356.03 9354.78 9359.52 9359.99 9351.78 9344.16 9336.9 9332.15 9343.92 9339.47 9338.8 9339.23 9340.5 9342.36 9344.67 9347.05 9348.5 9350.44 9354.62 9359.42 9358.02 9357.07 9356.34 9353.8 9350.18 9347.51 9348.36 9351.96 9356.03 9358.13 9358.57 9358.68
9293.36 9291.07 9289.53 9287.73 9286.06 9285.04 9284.55 9284.49 9285.2 9289.87 9293.9 9295.41 9296.9 9298.65 9300.53 9302.63 9304.61 9306.79 9308.91 9310.74 9312.25 9312.47 9312.28 9312.31 9311.87 9313.33 9314.25 9313.43 9311.81 9311.42 9312.3 9315.85 9321.74 9331.92 9344.4 9358.56 9361.48 9362.58 9362.65 9356.25 9344.8 9334.54 9326.84 9338.7 9336.69 9336.51 9335.35 9337.44 9340.28 9343.76 9346.83 9349.78 9351.72 9355.08 9360.46 9361.75 9362.11 9364.76 9366.44 9363.26 9359.07 9356.05 9355.58 9356.52 9357.82 9357.3 9358.1
9295.72 9293.91 9292.19 9290.97 9289.63 9288.91 9288.82 9289.27 9290.59 9295.32 9298.96 9299.37 9299.93 9301.24 9302.73 9304.49 9306.23 9307.85 9309.46 9310.66 9311.24 9311.21 9311.19 9309.95 9310.34 9312.51 9311.06 9308.03 9305.71 9302.96 9301.82 9303.09 9307.81 9317.02 9331.74 9352.73 9367.89 9384.07 9376.75 9355.59 9336.47 9322.88 9314.57 9327.92 9326.95 9328.25 9331.1 9334.91 9341.69 9343.06 9347.2 9349.56 9351.63 9353.22 9359.4 9360.78 9361.53 9365.46 9369.41 9367.23 9364.15 9360.76 9358.19 9354.83 9350.95 9355.57 9357.92
9297.73 9296.24 9294.78 9293.55 9292.6 9292.22 9292.56 9294.08 9297.62 9299.15 9300.13 9300.86 9301.66 9302.77 9304.33 9306.05 9307.76 9309.12 9310.41 9311.15 9311.14 9310.18 9307.92 9307.19 9307.36 9308.67 9306.81 9302.35 9297.26 9291.75 9286.79 9284.78 9286.01 9291.85 9304.98 9327.59 9354.8 9409.54 9375.54 9337.63 9313.73 9300.16 9292.97 9309.25 9310.56 9314.28 9319.75 9328.47 9335.6 9343.7 9346.89 9351.56 9353.31 9352.6 9354.36 9355.66 9356.51 9357.28 9360.43 9363.37 9364.36 9363.44 9361.53 9358.67 9356.75 9359.72 9360.87
9299.33 9298.2 9296.99 9295.92 9294.76 9294.4 9294.63 9295.87 9298.99 9298.95 9299.17 9300.84 9302.51 9304.07 9305.86 9307.65 9309.36 9310.85 9311.68 9312.3 9312.15 9310.98 9308.36 9306.55 9304.04 9305.11 9302.94 9295.84 9286.03 9277.28 9267.81 9260.38 9255.87 9255.11 9260.77 9274.43 9289.81 9326.38 9310.16 9287.92 9272.87 9266.29 9264.47 9286.2 9291.44 9299.84 9308.77 9318.71 9329.3 9340.91 9350.28 9357.28 9359.82 9358.94 9352.36 9351.89 9353.83 9353.7 9357.58 9364.32 9365.86 9365.87 9365.81 9366.85 9371.12 9367.6 9364.76
9300.75 9299.82 9298.76 9297.57 9296.73 9295.8 9295.39 9295.05 9294.26 9294.8 9297.28 9300.42 9303.17 9305.33 9307.43 9309.46 9311.31 9312.89 9314.12 9314.73 9314.92 9314.4 9312.35 9310.96 9309.83 9309.61 9301.28 9289.3 9274.42 9259.27 9243.69 9230.53 9218.37 9208.79 9202.17 9188.17 9190.38 9193.01 9210.45 9215.51 9217.74 9222.02 9228.45 9257.44 9267.94 9281.74 9294.71 9307.94 9322.05 9336.03 9349.84 9362.97 9371.41 9371.67 9363.76 9357.8 9357.46 9357.23 9360.02 9364.89 9366.99 9367.81 9368.81 9370.1 9370.32 9369.18 9367.82
9302.47 9301.68 9300.41 9299.2 9298.08 9297.06 9295.94 9294.86 9293.08 9293.72 9297.2 9300.77 9303.96 9306.51 9308.83 9311.05 9313.03 9314.84 9316.57 9317.83 9318.93 9319.76 9320.25 9319.59 9317.83 9313.6 9300.16 9281.79 9261.3 9239.63 9217.84 9195.87 9175.4 9156.58 9137.87 9109.37 9093.4 9091.18 9116.51 9139.46 9156.34 9171.94 9187.16 9222.82 9238.9 9257.11 9274.49 9294.54 9312.54 9330.76 9348.87 9367.28 9385.25 9405.62 9389.1 9375.78 9366.75 9358.34 9360.72 9365.78 9367.95 9368.97 9369.87 9370.8 9371.21 9371.15 9369.77
