real_craters/C170-750m.grd
DSAA
174 174
-64.995 64.995
-64.995 64.995
7969.0132802377 9994.8188152094
[rows 0 to 37 of 174, columns 84 to 167 of 174]
9127 9129 9135 9127 9118 9120 9113 9123 9128 9127 9122 9114 9118 9128 9137 9148 9164 9181 9165 9148 9136 9124 9112 9101 9090 9081 9072 9062 9052 9041 9036 9040 9045 9051 9057 9059 9056 9052 9056 9054 9047 9042 9041 9038 9034 9031 9027 9024 9021 9017 9015 9016 9018 9023 9032 9040 9047 9055 9058 9063 9074 9080 9088 9096 9102 9106 9108 9125 9142 9157 9168 9171 9163 9156 9149 9161 9134 9118 9116 9114 9112 9111 9120 9142
9123 9126 9135 9134 9122 9116 9121 9129 9133 9130 9125 9119 9122 9129 9139 9151 9165 9182 9169 9158 9151 9146 9139 9126 9112 9103 9094 9085 9073 9061 9054 9051 9047 9061 9071 9070 9064 9060 9064 9061 9056 9054 9052 9049 9045 9040 9036 9031 9027 9022 9020 9022 9027 9035 9041 9046 9047 9051 9057 9072 9088 9091 9092 9092 9095 9097 9103 9122 9145 9171 9190 9179 9155 9135 9126 9135 9137 9131 9123 9116 9120 9125 9140 9147
9113 9121 9133 9137 9126 9122 9124 9142 9141 9134 9128 9124 9125 9128 9135 9143 9151 9150 9154 9157 9160 9163 9167 9157 9139 9126 9117 9110 9109 9091 9085 9077 9073 9080 9086 9081 9075 9070 9074 9071 9065 9067 9066 9063 9057 9051 9046 9039 9034 9029 9027 9029 9035 9046 9048 9050 9053 9046 9049 9078 9092 9074 9080 9087 9093 9097 9107 9122 9142 9162 9175 9181 9170 9137 9116 9113 9108 9124 9122 9130 9132 9135 9164 9181
9100 9126 9122 9120 9114 9123 9135 9158 9142 9133 9127 9121 9120 9121 9127 9132 9131 9132 9140 9152 9163 9173 9181 9175 9162 9146 9135 9129 9125 9122 9118 9110 9104 9107 9108 9103 9095 9089 9092 9090 9087 9088 9083 9075 9068 9060 9052 9045 9040 9036 9034 9033 9036 9051 9049 9046 9043 8989 9030 9054 9051 9053 9068 9082 9093 9101 9108 9117 9131 9148 9164 9175 9170 9141 9114 9106 9090 9090 9105 9121 9125 9136 9168 9205
9087 9104 9112 9125 9117 9128 9147 9137 9134 9127 9120 9114 9109 9114 9118 9121 9118 9121 9129 9144 9163 9178 9188 9184 9170 9157 9147 9141 9138 9142 9146 9149 9145 9135 9130 9129 9120 9112 9110 9114 9118 9114 9102 9091 9082 9072 9062 9054 9046 9040 9038 9037 9038 9047 9047 9039 9020 8993 9054 9057 9054 9058 9067 9078 9093 9107 9098 9102 9116 9131 9143 9154 9165 9139 9114 9101 9087 9085 9089 9085 9088 9116 9182 9205
9082 9096 9113 9118 9121 9119 9132 9127 9125 9120 9116 9112 9113 9110 9114 9109 9107 9109 9117 9136 9160 9182 9192 9189 9175 9164 9156 9152 9152 9155 9158 9162 9161 9154 9151 9147 9144 9138 9135 9140 9149 9132 9116 9104 9093 9081 9070 9060 9051 9046 9043 9043 9042 9049 9050 9047 9042 9056 9070 9059 9058 9064 9068 9072 9069 9041 9059 9085 9106 9121 9128 9148 9139 9130 9114 9102 9094 9090 9085 9082 9087 9100 9125 9142
9075 9091 9101 9116 9107 9115 9125 9126 9117 9114 9111 9108 9105 9108 9110 9106 9102 9101 9107 9127 9152 9181 9214 9193 9175 9166 9163 9163 9164 9163 9156 9163 9165 9164 9160 9154 9160 9161 9158 9153 9144 9134 9125 9114 9101 9089 9077 9066 9056 9047 9050 9054 9055 9055 9056 9056 9059 9073 9072 9060 9056 9064 9069 9072 9061 9021 9048 9079 9103 9121 9133 9136 9131 9128 9121 9107 9100 9097 9091 9087 9094 9120 9113 9119
9073 9080 9090 9104 9097 9113 9115 9108 9105 9106 9108 9110 9112 9113 9113 9110 9104 9099 9102 9119 9138 9158 9179 9175 9165 9165 9169 9170 9167 9156 9147 9162 9165 9166 9173 9175 9181 9194 9185 9168 9152 9144 9135 9124 9112 9098 9085 9073 9062 9057 9060 9066 9070 9067 9066 9065 9066 9063 9062 9062 9056 9063 9070 9078 9090 9099 9074 9088 9107 9127 9147 9141 9129 9124 9115 9107 9103 9102 9099 9099 9107 9133 9118 9113
9086 9092 9086 9086 9085 9096 9099 9097 9097 9103 9109 9114 9117 9120 9120 9116 9110 9105 9105 9115 9123 9126 9130 9153 9166 9173 9174 9176 9175 9155 9146 9158 9159 9163 9165 9174 9178 9207 9197 9181 9170 9159 9147 9134 9120 9106 9092 9079 9069 9065 9070 9075 9077 9075 9073 9073 9072 9068 9061 9061 9058 9060 9068 9076 9083 9090 9092 9099 9113 9129 9142 9134 9119 9116 9109 9107 9113 9108 9108 9113 9125 9139 9130 9122
9095 9091 9086 9078 9092 9097 9090 9086 9089 9103 9112 9121 9129 9133 9128 9120 9116 9115 9117 9117 9118 9114 9119 9143 9162 9173 9176 9177 9183 9193 9157 9145 9150 9161 9163 9174 9184 9193 9188 9176 9171 9168 9157 9144 9129 9114 9100 9086 9075 9072 9081 9089 9090 9087 9083 9080 9076 9073 9069 9065 9060 9059 9065 9073 9080 9085 9094 9103 9114 9124 9128 9125 9124 9119 9113 9113 9111 9109 9112 9122 9133 9151 9159 9154
9089 9091 9077 9074 9084 9095 9093 9086 9100 9108 9115 9124 9140 9143 9130 9122 9120 9120 9124 9122 9121 9122 9128 9144 9164 9178 9173 9170 9171 9169 9166 9141 9145 9155 9168 9179 9197 9181 9177 9170 9171 9179 9164 9149 9136 9123 9109 9096 9083 9079 9094 9106 9106 9101 9095 9088 9081 9074 9069 9069 9064 9062 9066 9072 9075 9082 9096 9107 9118 9124 9125 9123 9118 9119 9118 9115 9111 9109 9114 9125 9146 9168 9178 9169
9077 9087 9090 9084 9087 9097 9104 9101 9111 9112 9115 9119 9122 9120 9121 9120 9120 9122 9120 9121 9125 9135 9139 9144 9155 9163 9159 9156 9158 9165 9169 9150 9145 9151 9163 9176 9189 9180 9172 9165 9166 9167 9162 9153 9144 9133 9123 9111 9100 9097 9112 9123 9121 9112 9103 9095 9088 9081 9079 9074 9068 9066 9070 9078 9085 9088 9097 9108 9118 9128 9134 9129 9121 9123 9125 9124 9118 9115 9116 9122 9133 9173 9189 9195
9076 9084 9098 9096 9099 9108 9129 9122 9115 9111 9112 9113 9109 9106 9115 9119 9122 9122 9121 9121 9122 9125 9130 9135 9139 9139 9141 9140 9141 9158 9177 9158 9144 9136 9152 9168 9182 9179 9169 9160 9160 9160 9160 9158 9151 9144 9137 9131 9127 9127 9133 9133 9132 9123 9113 9105 9098 9090 9085 9080 9074 9070 9075 9086 9086 9092 9103 9112 9119 9122 9125 9124 9116 9125 9129 9132 9124 9121 9120 9121 9131 9175 9187 9183
9080 9089 9095 9101 9108 9125 9119 9131 9116 9109 9109 9110 9110 9113 9117 9122 9125 9127 9125 9122 9120 9111 9118 9125 9128 9127 9131 9130 9125 9150 9175 9163 9147 9132 9145 9165 9178 9174 9168 9163 9162 9164 9164 9162 9159 9155 9152 9149 9151 9151 9153 9157 9146 9135 9125 9116 9111 9105 9095 9086 9078 9077 9082 9091 9106 9106 9111 9118 9124 9129 9127 9125 9119 9123 9129 9132 9130 9130 9128 9127 9135 9173 9181 9179
9090 9091 9096 9103 9108 9110 9105 9122 9112 9108 9109 9110 9112 9113 9119 9126 9131 9136 9141 9141 9129 9117 9117 9121 9125 9128 9130 9131 9127 9137 9160 9159 9150 9144 9146 9167 9178 9175 9169 9165 9166 9169 9170 9168 9165 9163 9162 9163 9164 9165 9165 9164 9157 9148 9137 9130 9129 9142 9120 9097 9088 9079 9090 9095 9100 9111 9118 9124 9130 9135 9135 9128 9121 9120 9128 9135 9136 9138 9137 9140 9143 9159 9174 9184
9101 9097 9100 9109 9117 9110 9100 9108 9103 9107 9109 9113 9116 9121 9125 9128 9134 9141 9153 9164 9134 9109 9118 9122 9126 9129 9131 9132 9125 9127 9143 9151 9144 9138 9139 9150 9168 9173 9171 9170 9172 9177 9178 9172 9169 9168 9169 9170 9174 9176 9172 9168 9169 9165 9158 9145 9127 9122 9123 9098 9090 9085 9096 9106 9113 9119 9125 9129 9134 9137 9136 9132 9127 9126 9133 9140 9143 9141 9151 9156 9160 9156 9165 9181
9107 9101 9100 9114 9124 9113 9102 9104 9103 9106 9112 9116 9121 9125 9129 9132 9134 9139 9144 9141 9139 9138 9128 9127 9128 9131 9132 9132 9123 9130 9143 9137 9134 9129 9132 9137 9152 9166 9169 9171 9172 9174 9175 9171 9168 9166 9167 9174 9183 9188 9184 9183 9185 9183 9180 9159 9133 9124 9112 9096 9092 9097 9111 9120 9123 9129 9134 9137 9138 9138 9139 9138 9137 9137 9143 9146 9159 9178 9176 9164 9156 9150 9160 9172
9109 9109 9110 9120 9127 9115 9104 9105 9106 9111 9117 9122 9126 9129 9132 9133 9135 9136 9135 9134 9137 9139 9135 9133 9132 9133 9134 9135 9132 9139 9147 9136 9138 9137 9133 9128 9139 9152 9163 9169 9169 9168 9166 9166 9165 9164 9165 9171 9185 9199 9209 9210 9206 9198 9185 9165 9148 9148 9120 9100 9098 9106 9118 9140 9141 9141 9142 9143 9144 9143 9145 9146 9147 9151 9156 9156 9167 9187 9188 9174 9164 9164 9172 9180
9102 9101 9122 9121 9120 9111 9108 9117 9116 9119 9125 9128 9131 9132 9133 9133 9132 9134 9132 9128 9135 9140 9138 9135 9133 9132 9132 9137 9139 9146 9150 9165 9161 9156 9137 9127 9128 9137 9156 9164 9166 9163 9158 9163 9164 9162 9160 9159 9169 9205 9244 9241 9225 9213 9201 9186 9165 9162 9131 9108 9107 9114 9132 9144 9149 9148 9148 9150 9152 9153 9155 9157 9158 9160 9168 9167 9174 9195 9200 9196 9195 9199 9204 9203
9098 9100 9104 9113 9119 9118 9117 9124 9130 9131 9135 9137 9135 9132 9129 9130 9132 9131 9130 9130 9136 9139 9138 9135 9132 9129 9129 9136 9143 9152 9159 9172 9162 9141 9131 9123 9121 9125 9144 9158 9164 9167 9168 9167 9165 9161 9158 9157 9168 9200 9227 9236 9231 9224 9217 9205 9182 9162 9134 9119 9119 9126 9133 9140 9146 9150 9153 9157 9161 9164 9167 9170 9175 9181 9190 9193 9207 9198 9200 9219 9225 9231 9233 9221
9116 9117 9115 9121 9128 9128 9135 9144 9152 9154 9152 9147 9143 9134 9125 9129 9133 9132 9131 9133 9138 9139 9137 9136 9134 9133 9136 9141 9144 9145 9138 9131 9126 9125 9124 9122 9125 9135 9150 9162 9167 9172 9176 9172 9167 9164 9162 9162 9171 9192 9209 9222 9227 9230 9228 9217 9198 9170 9143 9129 9132 9137 9140 9138 9145 9152 9157 9162 9167 9173 9176 9180 9190 9210 9223 9219 9207 9196 9200 9236 9236 9230 9226 9228
9146 9147 9149 9154 9151 9151 9174 9187 9180 9177 9168 9159 9150 9143 9139 9136 9133 9134 9133 9132 9132 9133 9134 9135 9135 9136 9137 9148 9148 9142 9129 9120 9120 9122 9126 9129 9137 9153 9172 9172 9172 9173 9174 9171 9167 9165 9166 9178 9181 9184 9199 9209 9221 9231 9238 9235 9212 9188 9164 9149 9144 9145 9144 9146 9149 9153 9158 9164 9171 9177 9180 9186 9195 9203 9205 9208 9197 9187 9190 9201 9217 9224 9232 9234
9150 9153 9158 9163 9171 9196 9198 9185 9174 9180 9177 9165 9156 9152 9155 9143 9135 9135 9133 9131 9130 9129 9131 9135 9137 9141 9147 9152 9152 9148 9135 9123 9120 9125 9131 9141 9152 9169 9176 9174 9176 9174 9172 9169 9166 9162 9158 9161 9165 9166 9173 9194 9212 9229 9244 9249 9222 9212 9184 9162 9155 9153 9153 9144 9149 9154 9160 9166 9171 9177 9181 9187 9193 9197 9199 9200 9192 9183 9184 9186 9197 9209 9222 9237
9145 9146 9148 9152 9165 9183 9188 9180 9173 9172 9173 9163 9155 9148 9139 9135 9132 9132 9131 9129 9128 9126 9131 9136 9140 9145 9152 9157 9160 9155 9148 9136 9127 9136 9150 9153 9155 9156 9162 9170 9176 9177 9173 9170 9168 9159 9149 9137 9143 9150 9161 9180 9201 9223 9240 9234 9222 9215 9197 9181 9170 9162 9152 9146 9151 9158 9163 9168 9173 9177 9180 9184 9189 9194 9196 9194 9183 9177 9177 9176 9183 9188 9201 9232
9141 9138 9136 9138 9148 9158 9168 9168 9168 9167 9164 9158 9150 9141 9131 9127 9127 9129 9130 9131 9121 9125 9132 9139 9146 9153 9157 9175 9172 9167 9163 9162 9148 9149 9155 9147 9152 9157 9162 9172 9179 9182 9183 9180 9175 9162 9149 9140 9139 9145 9154 9169 9187 9210 9236 9240 9208 9198 9208 9203 9189 9174 9160 9153 9156 9162 9166 9172 9176 9177 9177 9178 9179 9178 9177 9174 9167 9163 9170 9177 9175 9172 9172 9208
9137 9132 9127 9126 9130 9137 9146 9152 9153 9150 9150 9152 9146 9137 9129 9124 9122 9125 9127 9131 9131 9131 9133 9141 9150 9160 9172 9184 9176 9172 9169 9170 9163 9156 9153 9148 9155 9163 9171 9175 9181 9189 9198 9205 9186 9167 9152 9141 9138 9142 9148 9158 9169 9182 9200 9211 9197 9189 9196 9207 9202 9185 9174 9168 9166 9170 9175 9179 9175 9179 9177 9172 9168 9163 9171 9168 9160 9156 9170 9175 9171 9165 9164 9189
9136 9128 9121 9116 9119 9124 9130 9135 9139 9146 9157 9152 9144 9133 9114 9101 9117 9121 9123 9119 9129 9130 9131 9139 9150 9163 9177 9170 9167 9163 9165 9164 9165 9155 9152 9156 9163 9179 9180 9177 9182 9190 9199 9203 9187 9171 9158 9148 9142 9140 9142 9146 9149 9149 9143 9153 9164 9174 9181 9194 9199 9190 9175 9166 9172 9176 9180 9188 9195 9185 9176 9169 9161 9151 9158 9166 9165 9167 9178 9181 9174 9168 9168 9178
9132 9127 9120 9113 9115 9120 9122 9129 9135 9142 9151 9152 9145 9136 9127 9124 9123 9124 9123 9117 9108 9111 9124 9137 9148 9158 9165 9160 9155 9155 9159 9167 9169 9153 9152 9159 9164 9165 9165 9173 9180 9188 9192 9189 9183 9173 9162 9153 9145 9144 9140 9139 9136 9130 9119 9123 9137 9154 9180 9181 9189 9195 9198 9184 9178 9175 9178 9186 9196 9182 9174 9168 9160 9158 9150 9157 9167 9173 9182 9180 9173 9168 9167 9165
9135 9130 9126 9122 9124 9128 9133 9139 9143 9142 9147 9151 9148 9143 9138 9134 9131 9129 9128 9126 9113 9109 9121 9133 9143 9150 9151 9147 9141 9144 9153 9161 9156 9152 9156 9161 9161 9162 9161 9167 9177 9186 9192 9188 9184 9173 9160 9150 9142 9137 9136 9135 9133 9129 9126 9124 9127 9134 9137 9155 9168 9192 9211 9181 9170 9169 9171 9172 9170 9174 9171 9165 9158 9157 9156 9167 9167 9175 9175 9170 9169 9170 9169 9169
9138 9134 9132 9134 9137 9138 9142 9145 9147 9145 9149 9153 9154 9151 9147 9141 9139 9133 9129 9131 9120 9115 9122 9132 9140 9146 9145 9138 9141 9145 9149 9152 9152 9154 9158 9158 9154 9152 9154 9160 9172 9185 9197 9204 9195 9173 9150 9140 9137 9135 9135 9135 9135 9134 9130 9126 9125 9126 9125 9139 9153 9177 9193 9176 9161 9162 9168 9174 9174 9173 9170 9165 9157 9154 9162 9163 9149 9164 9162 9163 9163 9162 9164 9163
9141 9139 9137 9139 9141 9142 9148 9148 9152 9153 9156 9162 9160 9156 9153 9152 9143 9135 9126 9114 9117 9119 9126 9134 9140 9141 9141 9127 9142 9148 9144 9145 9151 9154 9154 9151 9145 9140 9143 9152 9167 9183 9200 9216 9205 9171 9140 9133 9135 9138 9137 9138 9140 9142 9142 9132 9129 9127 9130 9142 9154 9165 9174 9170 9150 9157 9166 9178 9179 9174 9169 9162 9156 9150 9157 9153 9152 9149 9145 9149 9153 9151 9151 9144
9144 9142 9140 9136 9134 9143 9151 9156 9156 9158 9167 9171 9165 9159 9153 9145 9141 9138 9131 9123 9127 9128 9137 9142 9144 9142 9136 9135 9141 9143 9138 9135 9146 9148 9150 9144 9137 9134 9133 9143 9160 9177 9193 9205 9196 9166 9137 9131 9133 9136 9137 9138 9141 9144 9150 9129 9142 9142 9151 9155 9154 9156 9159 9158 9150 9157 9167 9178 9179 9174 9167 9159 9154 9153 9149 9141 9140 9134 9129 9139 9144 9144 9142 9139
9146 9144 9143 9141 9142 9143 9146 9154 9160 9165 9174 9176 9167 9158 9151 9143 9142 9145 9149 9149 9152 9155 9156 9154 9151 9149 9142 9135 9133 9136 9133 9128 9135 9136 9138 9135 9127 9125 9128 9138 9153 9168 9180 9185 9178 9162 9144 9137 9134 9134 9135 9137 9143 9147 9160 9173 9192 9227 9199 9153 9148 9142 9142 9154 9158 9161 9169 9179 9179 9173 9165 9156 9149 9143 9141 9132 9131 9123 9121 9131 9136 9137 9135 9133
9148 9149 9148 9147 9143 9146 9145 9150 9158 9163 9165 9166 9164 9156 9149 9143 9144 9154 9169 9179 9177 9181 9175 9164 9155 9152 9144 9131 9129 9132 9135 9130 9127 9130 9125 9124 9123 9125 9130 9139 9148 9159 9169 9173 9170 9164 9151 9143 9137 9134 9132 9135 9139 9149 9184 9209 9040 8983 9049 9101 9131 9133 9137 9153 9161 9164 9173 9182 9180 9173 9163 9153 9142 9133 9133 9128 9129 9120 9130 9136 9136 9132 9130 9130
9152 9154 9156 9158 9160 9156 9150 9149 9152 9149 9155 9163 9163 9157 9149 9143 9145 9159 9173 9183 9189 9193 9186 9170 9154 9134 9129 9129 9127 9131 9134 9133 9128 9116 9109 9113 9119 9123 9127 9134 9142 9151 9160 9168 9175 9171 9164 9150 9139 9134 9132 9133 9138 9154 9215 9037 8903 8912 8962 9055 9123 9146 9149 9157 9161 9166 9176 9186 9181 9172 9161 9150 9137 9127 9126 9127 9122 9125 9141 9136 9128 9129 9130 9131
9157 9160 9164 9169 9173 9167 9156 9150 9148 9147 9152 9163 9164 9158 9153 9150 9154 9163 9178 9185 9189 9191 9185 9173 9160 9143 9143 9144 9133 9133 9128 9124 9117 9107 9100 9105 9111 9117 9120 9125 9136 9145 9152 9158 9160 9169 9170 9150 9138 9132 9131 9134 9140 9160 9227 9047 8894 8893 8960 9053 9128 9157 9165 9169 9168 9171 9178 9182 9179 9170 9160 9148 9137 9127 9122 9123 9123 9131 9136 9133 9124 9130 9135 9140
9161 9165 9170 9175 9180 9173 9156 9148 9149 9148 9152 9167 9163 9160 9156 9154 9157 9164 9171 9178 9183 9184 9181 9175 9170 9174 9166 9162 9155 9146 9131 9122 9111 9104 9101 9099 9100 9108 9116 9124 9132 9139 9146 9150 9148 9154 9154 9141 9126 9125 9129 9136 9145 9152 9203 9178 9014 8926 9015 9091 9151 9187 9184 9185 9191 9191 9187 9184 9180 9172 9161 9149 9137 9129 9126 9130 9144 9149 9150 9146 9140 9139 9143 9149
9166 9170 9174 9177 9177 9168 9149 9135 9147 9149 9150 9155 9160 9159 9156 9154 9155 9159 9163 9170 9175 9179 9182 9174 9169 9164 9164 9166 9173 9158 9143 9127 9110 9103 9102 9096 9091 9102 9112 9122 9128 9133 9141 9148 9154 9158 9151 9136 9123 9124 9131 9142 9155 9174 9180 9251 9188 9174 9149 9150 9172 9182 9185 9188 9190 9191 9195 9192 9185 9175 9162 9148 9136 9131 9134 9145 9146 9161 9164 9160 9150 9145 9148 9154
