real_craters/C170-750m.grd
DSAA
174 174
-64.995 64.995
-64.995 64.995
7969.0132802377 9994.8188152094
[rows 38 to 75 of 174, columns 84 to 167 of 174]
9173 9178 9180 9178 9173 9163 9146 9134 9141 9153 9156 9159 9160 9159 9156 9152 9147 9151 9158 9161 9166 9168 9165 9167 9166 9167 9157 9147 9153 9154 9152 9134 9110 9099 9100 9099 9101 9103 9107 9113 9119 9127 9136 9147 9163 9167 9155 9136 9123 9126 9135 9145 9158 9169 9162 9192 9216 9230 9204 9182 9176 9175 9181 9189 9191 9194 9209 9207 9193 9179 9165 9152 9137 9132 9136 9139 9138 9146 9150 9150 9144 9145 9148 9152
9187 9191 9191 9185 9174 9160 9152 9144 9149 9160 9163 9157 9157 9159 9159 9155 9153 9147 9142 9150 9157 9162 9165 9160 9154 9146 9143 9133 9130 9133 9137 9128 9112 9097 9090 9096 9101 9101 9101 9104 9109 9117 9127 9138 9150 9163 9152 9137 9128 9130 9138 9147 9154 9151 9144 9156 9183 9182 9181 9182 9183 9184 9185 9192 9198 9190 9209 9210 9195 9180 9167 9155 9145 9137 9138 9139 9136 9135 9133 9132 9142 9147 9148 9147
9207 9209 9206 9199 9186 9171 9173 9170 9168 9171 9168 9160 9161 9166 9166 9160 9151 9141 9137 9143 9153 9162 9165 9159 9146 9139 9136 9127 9119 9113 9110 9112 9111 9101 9090 9094 9098 9096 9094 9094 9098 9107 9114 9123 9130 9137 9138 9131 9128 9130 9136 9144 9152 9151 9152 9158 9188 9189 9173 9179 9194 9212 9192 9193 9196 9184 9192 9195 9187 9177 9166 9156 9146 9142 9141 9140 9136 9133 9132 9131 9144 9149 9148 9149
9236 9231 9225 9219 9213 9201 9217 9224 9215 9203 9205 9178 9173 9184 9179 9167 9152 9136 9129 9141 9153 9163 9174 9163 9143 9139 9138 9134 9118 9105 9099 9098 9094 9103 9092 9088 9088 9089 9089 9088 9091 9098 9104 9109 9113 9117 9124 9122 9121 9127 9133 9140 9146 9144 9132 9137 9176 9180 9164 9171 9186 9204 9189 9190 9189 9181 9177 9179 9179 9173 9165 9155 9145 9145 9144 9143 9140 9141 9142 9145 9147 9148 9149 9152
9261 9248 9241 9240 9247 9272 9263 9260 9263 9265 9264 9238 9240 9219 9199 9180 9158 9138 9136 9148 9158 9164 9164 9159 9159 9145 9137 9128 9116 9103 9102 9092 9087 9092 9097 9090 9084 9085 9088 9088 9090 9095 9096 9097 9100 9113 9116 9119 9120 9123 9128 9133 9134 9133 9128 9134 9156 9163 9152 9160 9181 9197 9187 9186 9186 9179 9172 9173 9175 9173 9168 9160 9152 9149 9146 9144 9143 9148 9152 9158 9155 9152 9152 9151
9266 9254 9248 9247 9254 9265 9263 9259 9260 9268 9282 9278 9273 9248 9223 9199 9173 9152 9159 9168 9171 9168 9162 9151 9140 9141 9135 9128 9119 9111 9099 9092 9084 9087 9098 9076 9078 9084 9089 9094 9100 9096 9093 9090 9085 9097 9102 9101 9107 9115 9123 9127 9128 9124 9127 9134 9148 9147 9135 9147 9165 9178 9181 9183 9184 9184 9178 9182 9180 9177 9173 9171 9163 9155 9150 9146 9144 9151 9159 9162 9158 9154 9157 9162
9257 9253 9250 9248 9247 9242 9242 9245 9240 9238 9246 9248 9262 9262 9244 9226 9211 9200 9203 9200 9192 9180 9162 9143 9135 9132 9126 9121 9117 9119 9105 9098 9096 9093 9090 9084 9084 9087 9091 9095 9095 9094 9092 9087 9084 9088 9092 9083 9099 9112 9120 9124 9126 9116 9117 9133 9144 9139 9129 9138 9153 9165 9176 9182 9185 9192 9214 9197 9187 9181 9176 9173 9164 9159 9156 9155 9151 9154 9165 9158 9157 9162 9160 9157
9249 9248 9247 9245 9241 9237 9236 9236 9237 9242 9253 9248 9271 9269 9259 9253 9253 9257 9255 9236 9218 9200 9181 9163 9147 9133 9114 9107 9108 9102 9099 9095 9102 9108 9102 9092 9092 9092 9093 9095 9095 9093 9092 9089 9089 9089 9093 9103 9105 9114 9122 9124 9115 9108 9110 9131 9150 9138 9130 9135 9146 9157 9174 9184 9188 9198 9207 9200 9189 9182 9176 9169 9162 9162 9163 9165 9167 9162 9169 9164 9163 9167 9158 9148
9245 9244 9243 9239 9235 9232 9231 9230 9235 9252 9249 9253 9265 9266 9264 9265 9278 9316 9292 9261 9239 9221 9208 9201 9178 9156 9127 9112 9105 9095 9090 9091 9101 9110 9118 9109 9103 9100 9099 9098 9094 9097 9096 9093 9089 9086 9091 9100 9107 9116 9127 9133 9125 9108 9102 9123 9134 9133 9129 9131 9133 9148 9170 9180 9187 9196 9197 9191 9184 9181 9177 9170 9164 9165 9165 9168 9170 9162 9166 9164 9162 9164 9157 9148
9249 9245 9241 9236 9230 9224 9219 9222 9225 9220 9218 9217 9246 9258 9258 9262 9269 9277 9283 9267 9250 9235 9228 9223 9225 9192 9160 9136 9113 9095 9092 9088 9082 9090 9089 9112 9104 9101 9101 9103 9107 9105 9100 9096 9094 9092 9090 9093 9103 9116 9130 9146 9152 9116 9105 9115 9120 9126 9129 9136 9128 9140 9160 9168 9169 9177 9187 9183 9180 9178 9178 9178 9172 9169 9167 9165 9164 9166 9164 9164 9161 9157 9151 9147
9253 9247 9241 9235 9226 9218 9209 9213 9216 9211 9212 9216 9226 9236 9245 9250 9253 9255 9263 9261 9252 9243 9235 9228 9228 9221 9208 9172 9138 9116 9106 9101 9087 9084 9090 9095 9097 9099 9103 9105 9107 9106 9101 9097 9094 9089 9085 9089 9100 9112 9125 9138 9142 9128 9104 9108 9113 9123 9134 9142 9137 9137 9143 9146 9142 9138 9150 9168 9175 9179 9179 9175 9175 9172 9168 9166 9165 9167 9171 9166 9161 9156 9154 9151
9260 9252 9246 9238 9230 9220 9210 9215 9218 9216 9218 9221 9218 9222 9232 9238 9244 9253 9258 9254 9251 9247 9243 9237 9241 9239 9232 9207 9178 9151 9132 9124 9100 9090 9085 9082 9088 9096 9100 9103 9102 9100 9099 9096 9092 9089 9088 9088 9096 9105 9115 9123 9131 9136 9120 9103 9108 9122 9136 9144 9137 9136 9133 9127 9122 9117 9134 9158 9173 9180 9186 9190 9180 9174 9170 9167 9167 9168 9167 9166 9166 9165 9163 9157
9268 9260 9254 9246 9238 9230 9226 9227 9231 9232 9235 9239 9228 9225 9228 9231 9233 9238 9242 9242 9243 9246 9249 9254 9250 9249 9245 9233 9221 9194 9161 9141 9112 9105 9093 9082 9088 9097 9104 9104 9103 9101 9097 9096 9093 9088 9081 9086 9092 9100 9107 9114 9126 9135 9124 9112 9112 9124 9137 9147 9143 9136 9127 9118 9113 9107 9129 9162 9171 9178 9185 9186 9178 9174 9171 9168 9168 9168 9163 9168 9173 9173 9175 9170
9280 9272 9265 9257 9249 9242 9238 9239 9246 9253 9253 9248 9237 9231 9230 9228 9221 9220 9220 9230 9236 9240 9247 9256 9254 9257 9254 9249 9236 9214 9196 9183 9157 9141 9123 9109 9109 9114 9114 9109 9103 9097 9093 9093 9093 9088 9086 9087 9092 9097 9101 9107 9120 9127 9118 9112 9121 9143 9156 9158 9152 9119 9119 9131 9127 9118 9136 9161 9169 9176 9176 9169 9172 9173 9173 9172 9172 9170 9171 9178 9177 9178 9188 9181
9294 9287 9278 9269 9259 9252 9249 9250 9256 9263 9260 9250 9235 9234 9235 9234 9230 9225 9223 9228 9231 9233 9235 9242 9247 9262 9266 9259 9253 9236 9218 9208 9200 9188 9178 9157 9152 9144 9133 9120 9105 9090 9086 9085 9086 9087 9086 9091 9095 9098 9099 9101 9105 9117 9119 9110 9138 9170 9187 9157 9062 9049 9082 9139 9126 9126 9133 9147 9163 9173 9181 9179 9177 9176 9176 9174 9174 9173 9185 9198 9172 9184 9178 9184
9310 9304 9294 9283 9272 9261 9253 9250 9259 9265 9266 9260 9247 9240 9243 9244 9246 9238 9234 9232 9231 9228 9223 9224 9251 9253 9252 9252 9259 9245 9249 9241 9233 9227 9223 9218 9200 9177 9156 9135 9112 9090 9081 9081 9084 9091 9100 9101 9103 9103 9100 9094 9103 9119 9132 9128 9157 9191 9200 9070 8905 8956 9021 9063 9092 9116 9118 9138 9157 9173 9186 9188 9182 9180 9180 9179 9176 9191 9178 9030 9122 9188 9177 9179
9336 9325 9309 9298 9285 9272 9258 9252 9261 9273 9270 9266 9258 9256 9257 9252 9245 9242 9238 9236 9234 9231 9226 9223 9251 9249 9243 9235 9224 9237 9255 9262 9256 9247 9240 9223 9224 9202 9179 9154 9128 9101 9087 9084 9087 9095 9105 9112 9112 9112 9112 9114 9126 9142 9162 9167 9160 9178 9195 9065 8865 8938 9010 9048 9086 9112 9122 9137 9155 9170 9185 9188 9184 9182 9183 9185 9178 9180 9125 8985 9107 9169 9163 9170
9346 9330 9321 9311 9299 9287 9271 9263 9264 9267 9269 9273 9268 9276 9278 9260 9247 9247 9245 9246 9244 9240 9235 9229 9231 9231 9235 9236 9231 9240 9250 9259 9262 9258 9250 9240 9237 9222 9201 9177 9152 9128 9108 9093 9096 9104 9115 9122 9122 9122 9125 9135 9139 9204 9065 9075 9075 9122 9144 9131 8984 9012 9061 9133 9146 9121 9132 9146 9156 9167 9174 9179 9181 9181 9180 9179 9176 9175 9196 9201 9165 9174 9170 9165
9365 9346 9340 9332 9322 9308 9292 9273 9274 9271 9275 9289 9291 9279 9277 9265 9258 9257 9262 9263 9257 9251 9246 9242 9233 9219 9237 9256 9263 9259 9259 9269 9270 9271 9269 9267 9259 9241 9223 9203 9183 9163 9143 9125 9120 9122 9124 9129 9132 9132 9134 9141 9192 8967 8815 8794 8949 9049 9104 9128 9148 9096 9107 9135 9139 9136 9138 9147 9156 9170 9178 9177 9179 9179 9178 9178 9178 9177 9171 9168 9167 9170 9165 9164
9390 9373 9367 9361 9353 9341 9327 9327 9303 9286 9283 9295 9310 9288 9275 9267 9257 9264 9273 9275 9265 9259 9258 9256 9255 9246 9253 9272 9282 9279 9280 9279 9278 9278 9277 9276 9266 9255 9242 9226 9212 9199 9185 9166 9157 9153 9151 9151 9146 9142 9143 9146 9181 8888 8757 8781 8919 9030 9101 9109 9104 9111 9122 9139 9148 9144 9148 9156 9158 9176 9191 9183 9180 9177 9175 9173 9176 9179 9172 9157 9160 9160 9159 9162
9411 9402 9401 9401 9394 9384 9369 9346 9327 9309 9292 9291 9290 9296 9309 9283 9269 9271 9271 9268 9266 9263 9261 9259 9259 9258 9264 9277 9282 9289 9296 9284 9282 9283 9280 9270 9269 9268 9257 9246 9237 9232 9225 9209 9195 9184 9176 9169 9158 9150 9146 9146 9158 9059 8894 8929 8984 9051 9097 9105 9096 9104 9118 9130 9132 9140 9149 9161 9160 9179 9189 9187 9182 9177 9173 9171 9172 9173 9162 9151 9164 9161 9161 9167
9435 9429 9451 9452 9447 9437 9418 9389 9367 9349 9324 9311 9317 9304 9299 9299 9289 9281 9273 9267 9267 9268 9269 9268 9267 9267 9269 9268 9278 9288 9282 9272 9279 9290 9288 9280 9281 9281 9271 9261 9255 9253 9253 9243 9229 9215 9198 9180 9169 9160 9156 9164 9169 9160 9207 9125 9078 9084 9096 9095 9088 9095 9109 9122 9132 9139 9145 9146 9158 9187 9195 9194 9186 9179 9172 9168 9169 9169 9167 9175 9170 9166 9163 9166
9480 9518 9513 9509 9503 9496 9479 9460 9430 9401 9358 9335 9330 9343 9327 9309 9302 9295 9284 9275 9270 9271 9279 9282 9277 9278 9277 9279 9284 9287 9279 9262 9274 9292 9290 9291 9297 9290 9276 9269 9265 9263 9259 9259 9257 9249 9224 9192 9180 9172 9167 9161 9159 9158 9134 9131 9110 9097 9091 9089 9083 9089 9105 9121 9132 9141 9148 9153 9159 9189 9208 9199 9187 9179 9174 9170 9167 9166 9166 9174 9171 9164 9164 9163
9545 9545 9551 9548 9537 9531 9522 9511 9487 9462 9394 9339 9338 9358 9348 9347 9330 9314 9298 9285 9275 9270 9272 9281 9282 9281 9285 9289 9285 9279 9273 9265 9271 9278 9279 9278 9277 9275 9270 9268 9268 9268 9270 9270 9275 9275 9246 9215 9195 9183 9177 9167 9154 9145 9112 9114 9111 9096 9085 9084 9079 9086 9106 9128 9140 9146 9156 9170 9166 9175 9200 9195 9187 9178 9166 9165 9167 9168 9169 9175 9171 9160 9159 9149
9647 9648 9634 9578 9523 9507 9526 9571 9587 9554 9457 9413 9399 9390 9386 9358 9352 9334 9316 9297 9285 9275 9268 9280 9294 9298 9289 9284 9276 9266 9258 9271 9276 9263 9268 9263 9250 9251 9259 9264 9268 9272 9275 9279 9285 9282 9259 9230 9207 9189 9176 9166 9168 9150 9123 9112 9100 9091 9088 9086 9085 9092 9109 9130 9141 9145 9158 9174 9178 9170 9181 9187 9183 9179 9179 9171 9168 9168 9169 9164 9172 9158 9153 9148
9730 9729 9704 9542 9463 9454 9489 9588 9662 9661 9653 9581 9508 9467 9450 9422 9384 9363 9342 9327 9307 9289 9275 9290 9300 9293 9288 9286 9271 9249 9239 9259 9272 9271 9265 9262 9260 9252 9257 9264 9270 9276 9281 9288 9290 9283 9267 9242 9217 9194 9175 9175 9173 9167 9156 9121 9102 9089 9089 9093 9096 9101 9112 9122 9131 9139 9150 9159 9171 9187 9184 9180 9177 9174 9169 9169 9166 9164 9161 9150 9167 9166 9163 9155
9531 9490 9453 9363 9326 9329 9380 9475 9598 9619 9717 9753 9658 9569 9488 9414 9425 9408 9379 9347 9318 9302 9307 9310 9313 9303 9295 9286 9272 9252 9246 9254 9263 9266 9262 9263 9268 9262 9261 9266 9273 9280 9285 9295 9302 9296 9279 9256 9231 9203 9177 9165 9166 9124 9111 9113 9100 9090 9093 9103 9112 9121 9117 9109 9120 9136 9141 9146 9158 9174 9179 9172 9168 9164 9160 9161 9161 9161 9157 9159 9166 9164 9164 9164
9160 9136 9060 9108 9134 9159 9202 9239 9245 9376 9534 9612 9561 9612 9668 9554 9525 9482 9426 9371 9328 9306 9313 9328 9340 9315 9294 9284 9279 9276 9253 9252 9254 9252 9254 9257 9264 9264 9262 9266 9274 9283 9290 9294 9306 9305 9287 9269 9246 9212 9177 9163 9153 9140 9126 9109 9099 9090 9095 9112 9128 9138 9127 9111 9117 9128 9134 9137 9138 9145 9161 9161 9158 9152 9152 9153 9156 9160 9165 9170 9166 9167 9166 9160
8916 8900 8881 8933 8961 8994 9014 9029 9037 9125 9206 9204 9216 9307 9604 9774 9654 9551 9474 9402 9349 9326 9326 9333 9329 9303 9289 9286 9280 9279 9261 9248 9239 9243 9244 9243 9236 9239 9253 9262 9271 9281 9287 9279 9288 9291 9285 9276 9263 9230 9194 9174 9167 9137 9122 9112 9101 9094 9102 9122 9142 9156 9141 9124 9122 9126 9131 9133 9132 9139 9144 9146 9145 9141 9138 9147 9152 9156 9160 9164 9163 9168 9164 9158
8813 8783 8799 8800 8815 8838 8854 8860 8886 8936 8987 9033 9087 9096 9309 9591 9603 9539 9494 9455 9412 9353 9353 9347 9328 9303 9290 9286 9275 9262 9259 9247 9238 9237 9236 9233 9229 9232 9245 9256 9266 9273 9271 9261 9269 9275 9276 9273 9266 9249 9230 9207 9187 9151 9134 9121 9108 9101 9114 9134 9153 9162 9153 9132 9131 9132 9131 9131 9134 9120 9134 9137 9139 9142 9145 9145 9149 9154 9157 9165 9170 9167 9163 9160
8640 8618 8634 8634 8647 8670 8692 8717 8749 8786 8834 8912 9058 9048 8985 9278 9411 9452 9487 9518 9520 9449 9418 9393 9355 9318 9299 9283 9280 9267 9251 9248 9239 9232 9232 9233 9235 9239 9242 9253 9261 9265 9261 9243 9250 9259 9263 9263 9260 9253 9236 9220 9199 9190 9164 9140 9118 9108 9128 9147 9165 9180 9176 9160 9147 9141 9133 9128 9121 9134 9129 9135 9137 9136 9139 9144 9148 9150 9154 9162 9168 9162 9157 9158
8411 8417 8418 8437 8474 8509 8541 8574 8620 8678 8697 8761 9087 9059 9010 9070 9200 9323 9435 9551 9639 9590 9516 9438 9376 9327 9297 9288 9283 9278 9264 9256 9241 9230 9234 9237 9241 9244 9249 9255 9257 9254 9250 9245 9244 9250 9252 9252 9249 9256 9240 9216 9208 9206 9186 9161 9137 9125 9142 9159 9177 9190 9192 9181 9159 9142 9135 9133 9131 9126 9134 9139 9139 9136 9138 9143 9145 9148 9151 9154 9157 9160 9158 9157
8250 8262 8251 8281 8335 8379 8415 8444 8477 8523 8585 8699 8851 8897 8845 8943 9040 9187 9357 9530 9684 9675 9567 9441 9373 9331 9300 9284 9269 9281 9281 9263 9235 9242 9241 9244 9247 9252 9261 9260 9257 9254 9254 9256 9252 9249 9246 9243 9242 9244 9242 9215 9211 9214 9199 9179 9162 9152 9155 9170 9187 9200 9196 9178 9162 9145 9136 9140 9150 9151 9150 9148 9148 9143 9145 9146 9146 9147 9149 9149 9155 9161 9160 9152
8204 8182 8177 8191 8224 8265 8298 8327 8342 8379 8480 8618 8697 8718 8716 8765 8874 9045 9232 9438 9612 9644 9576 9446 9383 9336 9297 9276 9263 9279 9285 9277 9262 9252 9251 9251 9253 9257 9263 9259 9257 9258 9258 9262 9257 9247 9239 9234 9233 9241 9232 9216 9217 9219 9209 9194 9180 9164 9167 9181 9197 9211 9212 9186 9168 9149 9139 9141 9150 9153 9156 9154 9159 9172 9159 9150 9147 9147 9148 9151 9158 9166 9156 9146
8175 8144 8113 8112 8151 8189 8219 8241 8257 8268 8392 8536 8617 8608 8579 8640 8777 8911 9082 9282 9530 9671 9598 9514 9424 9354 9309 9285 9270 9271 9287 9292 9284 9269 9262 9259 9256 9256 9251 9252 9253 9257 9256 9256 9252 9240 9230 9223 9219 9223 9214 9209 9221 9227 9216 9204 9192 9180 9181 9190 9202 9214 9219 9201 9177 9156 9142 9140 9137 9144 9150 9152 9152 9156 9151 9147 9145 9145 9146 9148 9153 9156 9157 9147
8135 8111 8086 8083 8108 8132 8160 8183 8209 8258 8299 8337 8357 8442 8485 8562 8628 8762 8902 9067 9291 9604 9605 9514 9462 9386 9336 9313 9294 9283 9297 9310 9302 9281 9274 9268 9260 9250 9246 9245 9244 9241 9246 9245 9238 9231 9221 9210 9202 9202 9211 9206 9207 9220 9216 9209 9201 9195 9194 9198 9206 9212 9215 9201 9182 9167 9158 9149 9143 9148 9156 9152 9139 9123 9133 9138 9140 9142 9143 9146 9146 9152 9151 9150
8110 8090 8066 8056 8078 8109 8133 8156 8163 8161 8199 8220 8239 8301 8391 8547 8546 8646 8743 8856 9031 9487 9600 9580 9520 9430 9379 9351 9317 9304 9313 9326 9319 9300 9290 9279 9268 9259 9250 9241 9240 9240 9238 9238 9235 9226 9214 9200 9189 9191 9194 9189 9200 9211 9212 9210 9212 9203 9200 9202 9206 9209 9207 9195 9181 9171 9167 9161 9165 9175 9184 9164 9139 9124 9126 9132 9136 9140 9143 9148 9154 9151 9156 9154
8100 8085 8062 8050 8062 8093 8120 8139 8146 8166 8178 8179 8199 8230 8368 8543 8536 8577 8638 8701 8812 9244 9591 9692 9589 9462 9423 9395 9353 9329 9328 9332 9329 9323 9306 9289 9273 9260 9248 9244 9240 9236 9233 9230 9229 9222 9209 9194 9180 9174 9172 9177 9190 9200 9203 9204 9202 9201 9203 9203 9204 9203 9198 9185 9175 9166 9162 9161 9165 9182 9204 9180 9145 9125 9126 9131 9135 9138 9141 9146 9146 9154 9163 9157
