real_craters/C170-300m.grd
DSAA
434 434
-64.995 64.995
-64.995 64.995
7968.2865584929 10006.163866819
[rows 60 to 89 of 434, columns 268 to 334 of 434]
9139.27 9141.99 9145.17 9148.18 9150.76 9153.14 9155.23 9156.61 9157.95 9168.45 9175.02 9174.33 9172.5 9170.55 9168.73 9166.7 9164.79 9163.34 9162.5 9162.21 9160.58 9155.33 9149.27 9146.35 9147.01 9149.25 9152.2 9154.79 9154.49 9151.16 9146.97 9149 9151.76 9153.89 9155.6 9157.15 9158.7 9161.07 9164.25 9168.98 9172.07 9174.98 9177.64 9179.08 9180.54 9181.87 9182.74 9182.88 9181.24 9179.67 9179.78 9179.07 9176.45 9172.53 9165.85 9160.88 9155.68 9150.58 9145.69 9141.77 9139.49 9138.74 9139.31 9139.69 9141.91 9145.21 9148.71
9140.15 9143.39 9146.7 9149.86 9153.32 9156.35 9159.41 9162.41 9168.18 9178.81 9182.08 9179.42 9176.38 9174.1 9172.63 9171.33 9169.02 9167.58 9167.16 9167.48 9166.63 9162.76 9156.79 9153.62 9152.43 9152.78 9154.03 9155.66 9154.22 9149.02 9145.04 9147.56 9151.18 9154.26 9156.59 9158.39 9159.5 9162.96 9166.41 9170.88 9173.16 9175.94 9178.52 9180.91 9183.01 9185.1 9187 9188.45 9189.23 9188.97 9188.4 9185.75 9181.34 9176.22 9168.69 9163 9157.26 9151.55 9146.13 9141.17 9137.48 9138.02 9137.34 9138.31 9140.46 9143.99 9147.24
9140.92 9144.26 9147.73 9151.4 9155.28 9159.7 9163.69 9167.81 9173.78 9183.05 9184.54 9180.99 9177.62 9175.08 9173.82 9172.77 9170.62 9169.56 9169.3 9169.75 9169.5 9166.32 9162.46 9158.93 9156.1 9154.85 9154.51 9154.72 9152.79 9148.89 9146.8 9149.08 9152.59 9156.02 9158.8 9160.82 9162.57 9166.65 9169.63 9172.16 9174.62 9177.17 9179.68 9182.27 9185.17 9187.86 9190.85 9194.07 9197.63 9200.19 9198.69 9193 9186.33 9179.07 9171.53 9165.19 9159.07 9153.1 9147.46 9142.6 9139.35 9138.74 9137.63 9138.93 9139.82 9142.3 9144.19
9140.38 9145.04 9148.86 9152.94 9157.53 9162.3 9167.13 9171.65 9175.68 9179.89 9181.47 9178.75 9175.76 9173.25 9171.49 9170.51 9169.57 9169.12 9169.08 9169.51 9169.44 9165.27 9163.23 9160.58 9157.56 9155.49 9154.01 9152.52 9151.31 9149.69 9149.41 9151.88 9155.43 9159.23 9162.59 9165.02 9168.1 9172.24 9173.39 9174.6 9176.14 9178.12 9180.47 9183.3 9186.38 9189.88 9193.82 9198.39 9203.64 9208.94 9207.43 9199 9189.87 9181.73 9174.45 9167.08 9161.01 9155.15 9149.63 9144.84 9141.7 9140.47 9139.02 9139.83 9140.36 9141.47 9143.01
9139.93 9143.77 9148.05 9152.76 9158.01 9164 9169.48 9174.71 9176.9 9175.62 9175.35 9174.01 9171.89 9169.57 9167.18 9166.29 9166.7 9166.79 9167.08 9167.06 9165.97 9163.08 9163.1 9160.79 9157.81 9155.29 9153.37 9152.03 9151.56 9151.53 9152.58 9155.21 9158.84 9163.14 9167.57 9171.16 9175.06 9178.41 9176.87 9176.77 9177.4 9178.97 9181.16 9184 9187.23 9191.03 9195.01 9199.77 9205.18 9211.34 9210.46 9200.31 9191.08 9183.19 9176.42 9168.8 9162.89 9157.38 9152.2 9147.69 9144.49 9142.59 9140.8 9140.96 9140.88 9141.13 9142.43
9139.46 9143.64 9148.22 9153.17 9158.58 9164.03 9170.15 9175.55 9175.98 9170.83 9169.83 9168.91 9167.54 9165.92 9164 9163.53 9164.08 9164.71 9165.03 9164.74 9163.24 9163.47 9165.84 9161.44 9157.69 9154.68 9152.61 9152.09 9152.31 9154.07 9155.9 9158.22 9161.75 9166.43 9172.37 9179.73 9184.52 9181.67 9177.8 9177.15 9177.52 9178.97 9181.46 9184.15 9187.39 9190.72 9194.51 9198.29 9201.77 9204.37 9202.88 9196.23 9189.64 9183.11 9176.42 9169.89 9164.54 9159.63 9155.06 9150.83 9147.59 9145.02 9142.94 9142.16 9141.35 9140.34 9140.55
9138.41 9142.94 9147.67 9152.65 9157.73 9163.57 9169.01 9173.42 9173.45 9168.57 9165.49 9164.07 9162.98 9162.3 9162.32 9161.76 9161.73 9162.53 9163.53 9164.5 9165.58 9168.78 9168.98 9161.52 9157.24 9153.87 9151.35 9150.07 9152.26 9154.88 9157.52 9160.08 9163.35 9167.54 9173.21 9181.19 9182.41 9176.88 9174.64 9175.36 9176.25 9178.06 9180.8 9183.55 9186.61 9189.79 9192.78 9195.32 9196.58 9194.94 9190.06 9190.02 9186.57 9181.98 9176.28 9170.5 9165.74 9161.49 9157.8 9154.81 9150.75 9147.17 9145.04 9143.44 9142.36 9140.93 9140.09
9137.86 9142.65 9147.36 9151.87 9156.35 9161.06 9165.44 9168.44 9168.37 9164.91 9161.46 9159.4 9158.07 9157.51 9158.28 9158.23 9158.89 9160.46 9162.17 9164.42 9168.07 9172.89 9172.01 9162.63 9156.75 9153.12 9150.72 9150.21 9152.81 9155.54 9158.41 9161.05 9163.65 9166.4 9168.92 9169.73 9169.29 9167.85 9169.49 9171.26 9174.31 9176.73 9179.6 9182.46 9185.64 9188.55 9191.06 9192.7 9192.89 9191.01 9188.16 9187 9184.4 9181.02 9176.83 9170.63 9166.42 9162.65 9159.42 9157.05 9152.47 9148.37 9146.23 9144.3 9143.37 9143.51 9142.28
9136.83 9141.53 9146.03 9149.89 9154 9157.72 9160.9 9162.59 9162.37 9160.19 9157.01 9154.39 9152.7 9151.69 9151.25 9153.15 9155.29 9157.71 9160.04 9162.56 9166.05 9172.55 9171.36 9160.35 9155.31 9152.49 9150.89 9151.39 9154.6 9157.98 9159.94 9161.56 9163.11 9164.42 9164.8 9163 9162.05 9162.35 9165.42 9168.22 9172.18 9175.15 9178.32 9181.58 9184.48 9187.72 9189.81 9191.12 9191.23 9190.2 9189.55 9186.38 9183.56 9180.56 9176.72 9170.67 9166.64 9162.87 9159.36 9155.75 9152.2 9148.32 9146.08 9143.98 9142.81 9142.54 9141.34
9134.97 9139.6 9144.04 9148.01 9151.05 9154 9156.08 9156.75 9157.08 9154.65 9151.28 9149.2 9147.32 9146.33 9146.94 9148.72 9151.69 9154.86 9157.76 9160.07 9160.44 9163.91 9163.05 9157.21 9153.65 9152.03 9151.53 9153.03 9156.52 9160.01 9161.03 9161.57 9162.21 9162.77 9163.07 9162.91 9161.65 9161.8 9163.47 9165.87 9170.02 9173.49 9176.94 9180.27 9183.49 9186.89 9189.11 9190.55 9190.7 9189.49 9186.63 9185.39 9183.51 9180.67 9176.84 9172.22 9166.31 9162.35 9158.78 9154.95 9151.16 9147.92 9145 9142.63 9140.64 9138.31 9137.87
9133.93 9137.8 9141.88 9145.64 9148.3 9150.73 9151.82 9151.12 9151.26 9149.43 9146.83 9144.75 9142.45 9140.29 9141.07 9144.59 9148.62 9152.43 9155.77 9158.92 9161.62 9160.75 9158.16 9154.11 9152.28 9152 9152.33 9154.34 9157.58 9160.19 9160.89 9160.89 9160.88 9161.03 9161.45 9161.91 9161.15 9161.01 9161.84 9163.74 9167.97 9171.57 9175.32 9179.21 9182.86 9186.45 9189.11 9190.96 9191.65 9190.45 9187.7 9186.61 9185.26 9181.87 9177.4 9172.15 9165.53 9161.05 9157.81 9154.48 9149.49 9146.09 9143.15 9140.78 9138.82 9137.41 9136.42
9132.89 9136.7 9140.55 9144.03 9146.64 9148.6 9149.41 9148.06 9145.62 9144.5 9143.27 9141.62 9139.58 9136.7 9136.72 9142.3 9146.63 9150.47 9153.76 9157.07 9159.44 9156.43 9153.89 9152.12 9151.87 9152.7 9153.6 9155.68 9158.26 9159.86 9159.95 9159.46 9158.89 9158.59 9158.64 9158.84 9158.68 9158.86 9159.74 9161.21 9165.47 9169.2 9173.58 9178.05 9182.25 9186.26 9189.66 9192.38 9193.98 9194.14 9193.18 9191.74 9188.98 9184.5 9178.64 9172.23 9164.13 9158.41 9153.78 9149.98 9146.27 9143.37 9140.89 9138.74 9136.94 9135.46 9135.04
9132.57 9136.32 9139.52 9142.55 9145.29 9147.25 9148.45 9147.06 9142.81 9141.13 9140.86 9139.52 9139.44 9139.81 9140.9 9143.51 9146.27 9148.83 9151.54 9153.87 9155.58 9153.3 9151.87 9152.25 9153.03 9154 9155.59 9156.99 9158.69 9159.37 9158.59 9157.43 9156.28 9155.34 9154.78 9154.64 9154.8 9155.99 9156.64 9157.85 9162.66 9166.96 9171.65 9176.41 9181.28 9185.95 9190.3 9194.12 9197.2 9199.28 9200.12 9198.71 9194.39 9187.92 9180.2 9171.94 9162.31 9154.9 9148.23 9144.29 9142.16 9140.37 9138.7 9137.1 9135.51 9133.88 9134.19
9132.43 9135.94 9138.95 9141.46 9143.85 9145.96 9147.45 9146.12 9141.76 9138.09 9136.1 9136.83 9140.02 9144.08 9145.55 9145.8 9146.73 9147.83 9148.94 9149.87 9150.23 9150.94 9151.44 9152.79 9154.04 9154.82 9155.88 9157.1 9158.37 9158.24 9156.69 9154.9 9153.09 9151.49 9150.1 9149.42 9149.4 9149.38 9150.46 9154.51 9159.34 9164.19 9169.42 9174.72 9180.09 9185.55 9190.9 9195.91 9200.47 9204.53 9207.31 9206.51 9200.49 9191.64 9181.76 9171.18 9161.26 9151.58 9144.59 9140.43 9138.57 9137.65 9136.8 9136.12 9135.61 9134.96 9134.76
9133.12 9136.2 9138.78 9140.65 9142.32 9143.75 9144.78 9143.92 9139.84 9134.74 9130.81 9133.29 9139.79 9146.39 9148.03 9147.37 9146.82 9146.66 9146.72 9146.86 9147.16 9148.16 9150.57 9152.75 9154.34 9154.84 9155.04 9156.06 9156.96 9156.17 9154.17 9151.97 9149.71 9147.5 9145.58 9144.59 9144.36 9143.83 9145.6 9150.66 9156.06 9161.4 9167.08 9173.22 9179.15 9185.23 9191.29 9197.2 9203.11 9208.74 9213.5 9213.88 9205.98 9194.79 9182.82 9170.63 9159.06 9148.12 9141.07 9136.99 9135.49 9135.31 9135.39 9135.83 9136.31 9136.3 9135.91
9134.62 9137.17 9139.3 9140.44 9141.26 9141.47 9141.36 9141.26 9138.53 9132.19 9126.94 9130.05 9139.13 9146.99 9148.5 9147.4 9146.06 9144.94 9144.22 9144.27 9145.19 9146.92 9149.68 9152.4 9154.12 9154.31 9154.28 9154.2 9154 9153.05 9151.18 9148.9 9146.38 9143.79 9141.36 9140.55 9140.88 9142.08 9144.55 9148.15 9153.19 9158.71 9164.86 9171.02 9177.49 9183.87 9190.5 9197.16 9203.92 9210.58 9216.77 9219.01 9209.22 9196.26 9182.85 9169.21 9156.37 9144.03 9135.4 9132.96 9132.79 9133.39 9134.38 9136.02 9137.79 9137.96 9137.09
9136.98 9138.96 9140.33 9141.09 9140.95 9140.07 9138.54 9137.88 9135.91 9131.18 9126.35 9129.33 9139.01 9146.96 9147.46 9146.11 9144.4 9142.75 9141.38 9140.86 9142.25 9145.56 9149.38 9151.58 9152.88 9152.96 9152.55 9152.01 9150.77 9149.9 9148.15 9145.71 9143.12 9140.63 9138.29 9137.58 9137.97 9139.71 9142.4 9145.36 9150.05 9155.69 9161.97 9168.6 9175.34 9182.02 9188.89 9195.69 9202.53 9209.16 9214.83 9216.35 9207.7 9195.1 9181.5 9167.72 9153.97 9140.8 9131.5 9130.22 9131.04 9132.05 9133.58 9135.54 9138.04 9138.29 9137.35
9140.08 9141.59 9142.18 9142.39 9141.9 9140.41 9137.96 9135.72 9134.19 9132.81 9131.73 9134.36 9139.81 9143.92 9144.9 9143.85 9142.13 9140.26 9138.43 9137.03 9138.22 9142.29 9147.26 9149.43 9150.42 9150.61 9150.67 9150.37 9149.46 9147.8 9145.35 9142.53 9139.86 9137.84 9137.02 9135.3 9134.74 9135.86 9138.07 9141.29 9146.41 9152.52 9159.03 9165.82 9172.63 9179.59 9186.39 9192.95 9199.29 9205.01 9209.14 9209.25 9202.75 9191.68 9178.93 9165.79 9152.63 9139.94 9131.33 9130.16 9130.88 9131.62 9133.12 9134.47 9136.11 9136.62 9136.63
9144.04 9144.98 9145.07 9144.67 9143.97 9142.38 9140.49 9138.44 9136.64 9135.91 9137.19 9140.19 9141.45 9142.42 9142.45 9141.41 9139.71 9137.81 9135.89 9134.07 9134 9137.65 9142.84 9145.89 9147.08 9146.08 9146.5 9148.66 9149.14 9146.06 9142.55 9139.23 9136.27 9133.96 9132.62 9131.73 9131.12 9131.13 9131.74 9136.33 9142.77 9149.55 9156.24 9162.93 9169.8 9176.48 9182.75 9189.1 9194.66 9199.22 9202.3 9203.12 9197.23 9186.91 9175.63 9164.03 9152.49 9141.74 9134.92 9132.37 9132.15 9132.03 9132.96 9133.93 9134.92 9135.52 9136.19
9148.27 9148.08 9147.74 9147.68 9146.63 9144.95 9142.94 9141.49 9139.06 9137.62 9138.37 9141.08 9140.73 9141.28 9139.78 9138.69 9137.58 9135.92 9133.82 9132.31 9130.76 9133.7 9138.64 9142.14 9143.91 9142.42 9142.23 9145.36 9146.6 9142.88 9139.07 9135.55 9132.34 9129.53 9127.75 9127.87 9127.99 9127.95 9128.09 9133.26 9140.22 9147.07 9153.7 9160.22 9166.94 9173.07 9178.96 9184.34 9189.01 9192.49 9194.12 9193.49 9188.43 9181.09 9172.11 9162.48 9152.86 9143.92 9138.24 9135.28 9134.19 9133.31 9133.5 9134.06 9135.33 9135.19 9135.8
9153.17 9151.82 9150.84 9150.12 9149.36 9147.84 9145.29 9142.6 9139.55 9136.88 9134.88 9132.71 9133.71 9135.29 9135.96 9136.13 9135.32 9134.05 9132.12 9129.33 9127.98 9130.33 9134.5 9137.43 9139.01 9135.88 9136.14 9138.61 9139.64 9137.51 9134.72 9131.73 9128.72 9125.82 9124.32 9125.3 9126.37 9127.37 9129.27 9133.49 9139.31 9145.48 9151.52 9157.82 9163.76 9169.31 9174.76 9179.39 9183.22 9185.56 9186 9183.93 9180.44 9175.67 9168.96 9161.31 9153.3 9145.94 9141.06 9138.07 9136.54 9134.82 9134.36 9134.24 9134.75 9134.43 9134.74
9157.38 9155.25 9153.5 9152.12 9151.99 9151.59 9148.63 9143.33 9139.49 9135.52 9131.47 9126.86 9126.3 9129.01 9132.12 9133.48 9133.88 9133.56 9131.84 9128.58 9125.97 9127.64 9129.67 9131.7 9133.36 9130.67 9131.13 9131.42 9131.73 9131.6 9130.17 9128.19 9125.92 9123.65 9122.89 9124.38 9126.3 9128.1 9131.03 9134.85 9139.38 9144.24 9149.36 9155.04 9160.23 9165.68 9170.44 9174.55 9177.84 9179.64 9179.65 9178.05 9175.05 9171.61 9166.95 9161.02 9154.07 9147.17 9143.13 9140.79 9139.09 9136.74 9135.79 9134.9 9134.32 9133.93 9133.89
9160.98 9157.64 9155.29 9153.33 9152.8 9153.5 9151.48 9145.75 9139.74 9134.56 9130.3 9127.44 9126.76 9128.48 9130.79 9132.38 9133.51 9134.28 9133.97 9131.39 9127.48 9127.22 9127.27 9127.99 9129.84 9129.69 9128.62 9127.46 9126.89 9126.63 9126 9125.09 9124.08 9123.03 9123.17 9124.85 9126.44 9128.91 9132.45 9136.16 9139.48 9142.95 9147.32 9152.18 9156.9 9161.84 9166.16 9169.93 9173.16 9174.9 9175.08 9173.02 9170.12 9169.56 9166.74 9162.16 9156.28 9149.56 9146.3 9144.07 9141.94 9138.95 9137.31 9136.7 9135.85 9134.13 9133.38
9164.2 9159.65 9155.72 9152.51 9150.02 9149.53 9148.85 9145.32 9138.36 9133.23 9129.64 9128.12 9129.49 9129.97 9130.8 9131.87 9133.82 9135.51 9136.88 9135.17 9130.96 9128.69 9127.05 9126.19 9127.63 9128.48 9126.29 9124.62 9122.93 9122.23 9122.14 9122.33 9122.77 9123.77 9124.28 9125.36 9126.5 9129 9132.3 9135.61 9138.56 9141.46 9145.54 9149.63 9153.89 9158.34 9162.33 9165.89 9169.27 9171.36 9172.46 9172.38 9171.51 9170.79 9168.38 9164.82 9160.47 9155.76 9151.58 9148.16 9145.01 9141 9138.35 9137.24 9135.89 9133.91 9132.62
9166.76 9161.2 9155.65 9150.21 9144.75 9140.15 9138.44 9137.25 9134.25 9131.26 9128.62 9127.17 9130.2 9130.21 9130.47 9131.69 9133.31 9135.67 9138.4 9137.56 9133.62 9130.31 9128.32 9126.93 9125.49 9124.24 9120.87 9118.39 9117.24 9117.32 9118.14 9119.35 9120.86 9122.58 9123.87 9124.98 9125.91 9128.06 9130.75 9133.47 9136.86 9139.75 9143.09 9147.1 9151.07 9155.24 9159.38 9162.73 9165.79 9168.43 9170.92 9173.11 9174.93 9173.51 9170.88 9168.06 9165.2 9162.06 9156.99 9152.23 9147.08 9142.79 9139.29 9136.52 9134.63 9133.51 9132.24
9168.65 9162.34 9155.66 9148.49 9140.79 9132.35 9127.82 9128.54 9130.8 9130.19 9128.38 9125.73 9126.96 9128.45 9129.5 9131.02 9132.12 9133.88 9136.12 9135.71 9132.97 9129.93 9128.7 9128.56 9122.18 9116.44 9112.45 9109.42 9110.45 9112.2 9114.08 9116.16 9118.41 9120.57 9122.15 9123.5 9124.43 9126.46 9128.98 9132.12 9134.68 9137.46 9140.8 9144.64 9148.25 9152.05 9155.63 9159.37 9162.5 9165.45 9168.54 9171.95 9175.58 9174.03 9172.13 9170.5 9168.61 9165.44 9160.87 9155.51 9149.01 9144.33 9140.52 9137.72 9135.13 9133.55 9132.51
9170.28 9163.85 9156.81 9149.12 9140.87 9133.2 9129.19 9129.96 9132.19 9132.43 9130.75 9127.45 9128.98 9126.79 9128.98 9130.36 9130.84 9130.88 9129.87 9129.24 9128.41 9126.87 9125.11 9122.88 9117.36 9110.67 9105.95 9103.81 9105.39 9107.74 9110.17 9112.86 9115.59 9118.27 9119.93 9121.38 9122.16 9124.04 9126.13 9128.65 9131.21 9134.62 9138.07 9141.74 9145.63 9149.25 9152.47 9156.01 9159.11 9162.02 9164.98 9167.88 9169.98 9170.89 9171.26 9171.7 9171.58 9168.94 9163.75 9157.6 9150.27 9145.02 9140.96 9138.45 9135.33 9133.59 9132.52
9171.66 9165.86 9159.69 9152.75 9144.61 9137.83 9136.5 9137.28 9138.49 9138.76 9137.53 9131.06 9116.65 9127.6 9130.89 9131.33 9130.53 9128.92 9126.89 9126.34 9125.18 9123.19 9120.3 9116.12 9112.97 9107.54 9102.87 9101.35 9102.28 9104.42 9106.84 9109.57 9112.39 9114.85 9116.92 9118.66 9119.5 9121.22 9122.84 9124.2 9127.37 9131.66 9135.51 9139.25 9143.01 9146.43 9149.6 9153.05 9155.63 9158.21 9160.67 9162.7 9164.58 9165.87 9168.15 9171.19 9174.19 9172.48 9165.28 9158.03 9150 9144.47 9140.17 9137.72 9134.5 9132.94 9131.91
9173.05 9168.49 9163.76 9158.97 9153.56 9148.75 9146.79 9147.31 9147.62 9148.18 9148.78 9150 9144.14 9138.2 9136.18 9134.04 9131.9 9128.73 9126.22 9125.25 9123.24 9120.19 9116.59 9112.6 9108.84 9104.71 9101.04 9099.63 9100.33 9101.98 9103.84 9106.28 9109.3 9112.16 9113.67 9115.56 9116.78 9118.71 9120.49 9122.16 9125.05 9129.41 9133.35 9137.33 9140.84 9144.07 9147.34 9150.05 9152.44 9154.75 9156.19 9157.15 9157.15 9158.81 9163.13 9167.74 9172.72 9171.29 9163.65 9156.2 9148.12 9142.07 9137.31 9135.15 9132.03 9131.26 9131.15
9174.23 9170.77 9167.79 9165.82 9165.64 9165.62 9163.96 9159.41 9156.86 9156.56 9157.63 9160.96 9157.75 9148.41 9143 9138.91 9134.5 9129.77 9126.08 9125.17 9122.11 9118.25 9113.9 9109.04 9104.12 9103.15 9101.11 9099.2 9099.58 9100.24 9101.06 9102.52 9104.68 9107.34 9109.68 9111.73 9114.11 9116.64 9118.87 9121.02 9124.12 9128.23 9131.89 9135.42 9138.72 9141.72 9144.98 9147.4 9149.61 9151.56 9152.54 9152.75 9152.48 9153.7 9157.26 9161.22 9164.44 9163.66 9158.62 9152.43 9144.66 9138.19 9132.85 9129.38 9128.44 9128.48 9129.24
