real_craters/C171-500m.grd
DSAA
263 263
-65.52 65.52
-65.52 65.52
3121.5750664581 5346.3041306393
[rows 60 to 89 of 263, columns 134 to 200 of 263]
4596.31 4597.66 4599.58 4597.67 4601.31 4604.71 4605.97 4602.28 4599.06 4599.27 4602.52 4610.69 4625.66 4629.48 4622.43 4613.53 4604.09 4593.64 4583.7 4576.45 4572.44 4570.6 4570.35 4569.36 4566.25 4564.85 4568.12 4575.65 4578.96 4581.92 4580.19 4580.93 4582.27 4580.69 4578.46 4575.83 4575.09 4575.98 4576.29 4573.79 4569.51 4563.87 4561.11 4561.01 4562.67 4563.91 4562.94 4561.86 4559.5 4556.99 4556.73 4557.11 4557.84 4557.37 4557.69 4558.27 4559.38 4557.75 4560.2 4558.2 4554.77 4553 4551.81 4551.36 4551.07 4555.25 4568.24
4611.93 4608.07 4600.86 4600.18 4602.17 4605.15 4606.15 4600.97 4598.49 4602.08 4608.94 4617.1 4625.87 4630.37 4626.37 4618.69 4607.17 4598.15 4584.58 4577.54 4572.49 4569.99 4568.17 4566.74 4566.14 4565.55 4566.82 4571.11 4571 4574.27 4575.93 4576.78 4578.52 4578.64 4577.17 4575.12 4573.71 4576.17 4577.99 4574 4568.79 4564.59 4556.89 4557.78 4561.87 4564.95 4566.47 4560.37 4554.77 4554.16 4554.73 4557.43 4557.35 4556.14 4555.31 4555.17 4556.87 4560.56 4561.67 4558.26 4556.53 4555.5 4555.47 4555.09 4555.14 4561.04 4582.65
4608.19 4605.99 4602.18 4602.16 4603.54 4605.81 4605.44 4598.79 4596.31 4604.46 4614.53 4623.78 4624.06 4628.45 4629.78 4627.6 4621.19 4609 4595.86 4582.99 4577.41 4572.71 4568.65 4567.65 4567.81 4568.46 4571.27 4571.69 4569.36 4570.77 4571.23 4571.61 4574.27 4574.33 4573.75 4574.16 4574.22 4578.1 4581.14 4574.59 4568.6 4563.86 4559.64 4559.48 4563.28 4566.12 4566.2 4559.59 4553.26 4549.8 4552.89 4553.71 4554.64 4554.44 4553.19 4550.76 4547.83 4555.84 4553.39 4553.98 4557.41 4561 4562.19 4559.88 4558.79 4562.24 4572.36
4601.2 4602.45 4599.65 4602.2 4605.14 4607.36 4606.79 4601.23 4598.64 4608.81 4619.41 4629.14 4625.14 4628.34 4634.21 4635.74 4630.58 4617.83 4602.01 4581.6 4575.61 4573.69 4570.91 4570.91 4569.99 4569.61 4570.72 4572.63 4572.79 4571.25 4568.72 4567.12 4570.16 4572.42 4573.27 4575.61 4575.05 4575.44 4577.33 4574.4 4568.46 4563.4 4561.4 4563.11 4566.8 4568.52 4565.9 4560.37 4553.91 4555.02 4554.86 4555.27 4554.89 4554.35 4552.89 4550.01 4547.09 4550.15 4548.33 4551.05 4556.77 4564.31 4567.59 4562.28 4560.45 4560.33 4560.66
4592.33 4600.86 4603.15 4604.01 4607.08 4610.58 4612.25 4610.9 4612.82 4617.22 4622.69 4628.89 4631.31 4635.46 4640.11 4642.34 4635.93 4620.34 4600.72 4580.59 4573.52 4572.79 4577.81 4574.42 4571.93 4570.25 4571.23 4572.68 4574.53 4572.43 4568.39 4565.44 4567.46 4574.06 4581.79 4579.72 4578.16 4576.7 4573.31 4571.81 4566.83 4562.25 4562.69 4566.1 4571.82 4576.37 4574.16 4566.9 4560.86 4560.08 4557.76 4557.21 4557.5 4555.75 4553.85 4551.81 4550.88 4550.47 4546.72 4550.03 4554.58 4557.56 4557.36 4560.73 4561.3 4561.7 4561.84
4589.66 4601.12 4601.65 4604.89 4608.6 4611.88 4616.16 4620.95 4626.79 4625.72 4624.76 4626.73 4637.35 4642.09 4645.39 4645.2 4636.45 4618.89 4596.87 4578.53 4573.68 4572.8 4575.85 4574.79 4573.49 4572.39 4571.45 4571.62 4578.14 4574.2 4568.19 4564.69 4568.1 4575.16 4580.99 4581.42 4580.86 4580.42 4574.95 4571.29 4566.46 4563.94 4561.9 4564.94 4575.4 4586.82 4583.8 4573.48 4566.39 4561.74 4558.71 4558.6 4559.16 4556.83 4555.3 4554.55 4553.98 4551.15 4548.78 4551.44 4554.2 4555.97 4558.21 4561.28 4563.11 4561.05 4559.29
4598.06 4603.11 4601.96 4606.69 4612.24 4615.77 4620.98 4627.36 4631.34 4630.05 4627.08 4627.43 4640.81 4645.41 4649.48 4649.96 4638.3 4617.49 4593.7 4577.2 4574.57 4571.57 4570.44 4573.04 4574.05 4574.93 4573.12 4570.17 4576.9 4574.84 4570.19 4569.55 4572.24 4576.49 4579.61 4580.35 4579.5 4577.27 4571.08 4568.75 4565.87 4563 4560.8 4562.49 4573.02 4585.93 4581.68 4570.15 4565.01 4562.89 4557.77 4554.88 4557.22 4556.02 4555.66 4555.89 4556.83 4555.11 4554.41 4554.11 4555.5 4557.69 4560.45 4564.98 4568.62 4569.16 4562.75
4598.72 4600.71 4602.69 4611.84 4620.55 4626.82 4630.82 4633.54 4634.28 4633.44 4631.61 4632.72 4641.01 4647.9 4651.36 4651.3 4641.3 4621.93 4595.12 4576.88 4574.97 4572.72 4571.34 4572.36 4574.05 4575.57 4573.43 4569.48 4573.56 4575.34 4575.29 4575.73 4576.84 4578.84 4579.98 4579.71 4576.58 4570.69 4564.76 4563.62 4563.75 4563.88 4559.43 4558.66 4565.19 4570.07 4568.49 4560.39 4560.62 4563.12 4557.52 4551.84 4552.58 4553.83 4554.42 4554.87 4553.71 4550.22 4553.7 4555.99 4557.38 4559.9 4565.2 4569.07 4575.65 4581.79 4575.15
4604.01 4604.7 4611 4620.58 4630.78 4641.64 4641.18 4640.18 4639.91 4638.66 4636.59 4637.27 4641.65 4647.42 4651.77 4651.61 4645.5 4629.85 4598.56 4577.15 4575.42 4572.97 4570.98 4572 4573.48 4574.18 4572.51 4566.17 4570.5 4575.76 4580.61 4579.1 4580 4581.55 4582.89 4581.54 4576.54 4568.49 4565.48 4561.89 4561.92 4560.77 4557.63 4556.23 4558.5 4560.76 4560.11 4556.6 4558.4 4560.99 4557.85 4552.62 4551.39 4551.96 4552.99 4553.69 4553.71 4555.1 4556.52 4558.06 4559.07 4560.27 4561.88 4570.1 4580.47 4589.42 4587.73
4611.4 4620.63 4625.07 4630.45 4637.88 4645.57 4646.21 4645.04 4643.55 4641.2 4640.55 4643.19 4642.91 4644.54 4654.08 4657.93 4650.42 4636.8 4604.78 4581.14 4576.03 4572.68 4570.93 4571.73 4572.43 4574 4571.99 4567.36 4570.98 4574.87 4578.42 4580.02 4581.76 4583.39 4584.72 4583.63 4579.42 4576.34 4573.98 4568.97 4562.4 4558.22 4555.8 4553.84 4554.45 4555.6 4557.85 4558.88 4558.32 4558.12 4555.55 4551.84 4550.2 4550.94 4552.15 4553.4 4555.21 4557.06 4558.93 4558.98 4559.94 4561.91 4564.64 4572.77 4582.68 4591.13 4591.96
4616.61 4627.32 4635.16 4639.83 4643.33 4645.08 4650.6 4650.57 4647.21 4644.03 4642.64 4644.84 4645.26 4645.86 4657.28 4662.31 4650.05 4633.24 4614.36 4581.44 4571.18 4571.89 4571.93 4571.84 4571.57 4571.3 4572.8 4571.49 4571.26 4573.55 4576.75 4580.61 4582.26 4583.49 4584.81 4584.59 4579.65 4578.09 4578.17 4572.37 4565.25 4559.84 4555.5 4552.54 4552.83 4555.49 4557.9 4558.8 4558.27 4555.84 4551.78 4551.26 4551.18 4550.88 4551.57 4552.93 4554.29 4559.1 4559.13 4558.76 4560.51 4563.31 4568.37 4575.65 4583.79 4591.16 4592.31
4618.66 4629.02 4639.32 4650.12 4657.46 4659.45 4661.36 4659.54 4656.13 4654.85 4655.92 4658.74 4657.32 4654.56 4659.93 4658.08 4647.81 4633.37 4617.69 4584.59 4569.74 4567.62 4571 4572.25 4572.61 4573.15 4573.09 4571.64 4570.23 4572.48 4577.08 4581.13 4581.14 4581.57 4581.32 4579.01 4576.12 4571.8 4569.81 4571.4 4565.23 4562.63 4556.57 4550.53 4550.76 4555.18 4559.34 4560.92 4558.88 4556.49 4554.55 4552.25 4550.57 4550.25 4551.07 4552.66 4554.11 4556.54 4555.81 4558.57 4560.97 4563.73 4567.74 4573.91 4582.73 4592.62 4599.98
4626.21 4630.22 4646.06 4664.49 4679.02 4683.75 4678.03 4671.27 4664.39 4660.35 4665.03 4678.17 4676.67 4671.22 4669.55 4660.16 4647.46 4633.89 4616.91 4587.41 4568.71 4566.43 4572.51 4572.56 4573.27 4573.46 4573.2 4571.97 4569.95 4571.04 4573.53 4577.13 4578.91 4579.29 4579.07 4578.63 4574.03 4568.56 4572.43 4576.8 4575.73 4568.46 4559.8 4552.49 4551.2 4553.89 4557.6 4559.61 4558.58 4557.36 4556.8 4552.42 4549.59 4549.03 4549.91 4551.16 4550.96 4549.82 4553.35 4559.7 4563.17 4564.59 4564.84 4567.95 4579.45 4591.49 4602.74
4637.15 4650.57 4661.15 4680.91 4697.59 4701.78 4694.11 4682.92 4671.33 4662.02 4665.66 4681.57 4688.99 4697.27 4683.49 4662.4 4641.62 4628.99 4613.34 4589.19 4573 4570.17 4570.53 4571.29 4572.21 4572.55 4575.7 4574.67 4571.71 4571.21 4572.99 4575.84 4577.18 4577.07 4575.9 4572.93 4572.79 4576.31 4584.31 4580.9 4577.37 4571.85 4562.51 4554.25 4550.77 4552.14 4553.34 4555.49 4556.78 4556.75 4553.94 4550.42 4547.95 4546.99 4547.91 4550.28 4551.46 4551.66 4558.94 4565.73 4567.67 4566.9 4565.61 4566.77 4578.4 4588.98 4594.3
4638.91 4654.1 4672.16 4697.62 4718.67 4719.09 4706.64 4692.12 4678.28 4667.39 4666.66 4675.72 4686.98 4692.51 4682.27 4661.11 4638.43 4628.34 4615.63 4587.3 4574.36 4570.39 4566.28 4569.25 4573.77 4575.75 4578.55 4577.1 4574.78 4575.63 4577.42 4577.06 4576.16 4574.99 4573.2 4570.54 4568.83 4572.23 4577.05 4564.8 4566.36 4571.39 4563.65 4554.2 4548.44 4551.8 4555.57 4555.58 4554.97 4554.43 4551.83 4548.08 4545.44 4544.06 4544.97 4549.01 4549.54 4560.59 4576.66 4576.41 4574.81 4572.53 4570.5 4571.76 4582.38 4592.5 4594.69
4643.93 4660.93 4682.84 4711.23 4735.85 4731.08 4714.74 4698.34 4684.58 4676.06 4673.91 4676.34 4680.15 4677.67 4668.03 4655.56 4639.84 4626.54 4608.04 4580.82 4569.61 4570.63 4567.22 4569 4573.7 4577.83 4585.32 4580.33 4576.74 4578.9 4579.77 4576.71 4574.3 4572.94 4571.67 4569.13 4564.41 4556.17 4563.46 4560.43 4567.23 4571.16 4564.99 4557.14 4550.26 4552.8 4556.92 4555.29 4552.53 4549.5 4548.61 4547.32 4544.32 4542.27 4543.06 4545.04 4551.53 4569.47 4585.57 4586.19 4583.58 4581.03 4579.15 4581.58 4592.04 4605.03 4615.44
4647.27 4668.5 4690.41 4717.72 4739.85 4731.47 4715.53 4700.12 4686.53 4678.25 4678.04 4678.15 4676.34 4672.64 4665.05 4650.08 4636.26 4622.3 4602.95 4580.14 4572.98 4572.79 4571.28 4571.95 4572.69 4582.73 4594.06 4585.13 4576.68 4574.43 4573.89 4572.25 4571.35 4570.52 4570.47 4571.3 4568.16 4562.05 4559.49 4568.28 4574 4569.77 4566.7 4562.99 4557.03 4554.69 4555.02 4554.6 4551.22 4548.52 4549.6 4550.44 4547.4 4544.48 4549.27 4551.63 4568.88 4581.29 4590.83 4593.46 4592.4 4590.98 4590.36 4591.83 4603.26 4619.52 4637.44
4662.11 4683.04 4700.59 4717.35 4725.83 4720.97 4709.69 4696 4682.61 4671.05 4666.7 4670.01 4672.44 4669.87 4659.98 4642.91 4625.42 4614.73 4597.86 4582.48 4578.22 4576.12 4584.67 4587.69 4584.57 4594.7 4592.88 4580.75 4569.19 4563.71 4564.35 4567.69 4568.65 4569.14 4568.62 4568.94 4565.52 4561.63 4563.11 4573.68 4577.71 4573.04 4567.48 4564.02 4558.68 4558.55 4560.94 4557.12 4551.84 4548.88 4552 4556.71 4559.55 4562.02 4574.28 4579.45 4586.49 4591.96 4598.21 4599.07 4599.16 4599.53 4601.37 4604.55 4613.82 4626.48 4638.66
4688.28 4706.75 4724.33 4718.15 4709.79 4709.44 4702.69 4691.57 4678.17 4664.68 4657.76 4662.84 4670.1 4674.29 4663.56 4639.78 4621.01 4609.53 4593.07 4577.1 4574.86 4581.43 4601.83 4610.72 4608.45 4610.8 4600.39 4579.21 4566.03 4563.58 4562.55 4567.21 4569.15 4568.15 4565.7 4561.73 4558.89 4563.73 4575.89 4583.03 4578.74 4574.85 4565.03 4558.11 4555.47 4563.77 4567.76 4562.02 4554.45 4549.51 4553.04 4558.77 4577.53 4602.15 4595.54 4589.7 4592.26 4596.31 4600.89 4603.04 4605.38 4607.92 4611.13 4615 4621.58 4628.07 4630.99
4714.93 4728.9 4731.94 4719.94 4708.14 4705.98 4701.41 4691.73 4678.57 4663.88 4655.26 4660.27 4667.59 4673.09 4658.27 4641.31 4625.42 4612.5 4592.24 4578.75 4585.58 4596.68 4613.72 4620.99 4624.54 4627.15 4604.83 4586.97 4569.96 4566.98 4569.62 4574.32 4574.33 4571.96 4566.76 4560.41 4558.71 4569.24 4583.61 4580.83 4573.99 4562.81 4561.05 4560.09 4564.19 4570.51 4572.34 4569.6 4563.94 4557.74 4568.67 4580.47 4590.72 4597.27 4596.04 4591.82 4594.95 4599.22 4600.91 4605.04 4611.22 4616.92 4621.57 4625.88 4629.9 4631.42 4628.74
4746.41 4752.77 4746.63 4727.27 4713.4 4712.01 4707.41 4698.13 4685.32 4670.52 4659.28 4660.65 4664.73 4665.63 4654.28 4650.2 4633.38 4610.98 4594.85 4586.54 4597.17 4619.1 4628.02 4635.54 4651.39 4648.14 4630 4612.09 4601.8 4600.86 4593.91 4590.51 4586.02 4579.77 4572.62 4563.8 4555.68 4566.86 4571.49 4570.32 4563.47 4562.32 4560.96 4561.74 4568.93 4574.4 4577.08 4579.62 4583.75 4587.23 4590.69 4600.85 4600.21 4599.19 4601.08 4604.05 4606.88 4605.99 4604.56 4609.86 4618.6 4625.44 4631.47 4636.67 4639.51 4639.24 4637.4
4778.03 4778.73 4769.59 4745.57 4730.66 4728.6 4722.53 4711.93 4698.58 4682.2 4665.78 4664.32 4665.47 4664.39 4664.42 4664.59 4646.57 4620.63 4608.34 4603.41 4617.46 4635.9 4648.93 4663.22 4674.94 4664.26 4646.7 4642.6 4641.97 4632.23 4621.07 4609.93 4600.5 4591.67 4583.19 4575.38 4568.28 4568.84 4564.1 4556.4 4557.01 4560.39 4562.62 4564.92 4569.86 4576.04 4582.58 4587.62 4594.27 4599.73 4601.62 4602.6 4606.8 4608.03 4609.48 4609.16 4613.39 4615.74 4618.63 4623.68 4629.18 4635.29 4641.31 4646.48 4648.48 4650.33 4649.9
4811.77 4808.87 4797.68 4772.53 4763.88 4758.7 4748.06 4734.15 4717.14 4696.01 4677.93 4672.75 4672.77 4676.62 4679.33 4690.05 4683.86 4661.87 4643.79 4638.52 4648.54 4656.55 4670.24 4692.34 4698.66 4680.3 4668.34 4673.18 4673.14 4660.8 4642.85 4627.56 4614.66 4603.54 4594.81 4589.76 4589.48 4576.99 4563.44 4556.5 4561.06 4565.9 4568.43 4569.74 4576.4 4584.28 4589.84 4592.84 4596.21 4603 4610.11 4614.82 4618.29 4618.14 4618.66 4619.35 4621.88 4625.29 4630.64 4636.46 4638.72 4644.09 4650.56 4657.69 4665.06 4663.12 4662.03
4854.63 4851.26 4840.24 4831.82 4816.81 4799.38 4781.19 4761.67 4741.33 4717.42 4693.5 4683.01 4682.76 4689.29 4699.31 4741.54 4755.42 4739.78 4707.66 4694.02 4683.19 4672.17 4682.99 4704.8 4726.79 4724.21 4705.01 4700.09 4701.48 4678.59 4659.61 4641.27 4626.24 4613 4602.82 4596.13 4591.33 4578.57 4569.28 4565.15 4566.17 4570.68 4575.4 4579.84 4586.87 4595.96 4598.95 4599.47 4598.57 4607.6 4619.25 4630.3 4633.64 4631.11 4630.1 4632.92 4630.53 4631.53 4635.06 4638.38 4644.8 4650.24 4656.49 4663.97 4669.6 4672.92 4675.4
4906.98 4898.32 4891.07 4893.57 4864.2 4839.64 4816.84 4792.74 4763.17 4740.28 4713.97 4695.72 4693.34 4702.93 4724.68 4755.26 4789.71 4786.7 4773.07 4739.5 4708.22 4687.91 4697.77 4721.7 4751.82 4770.75 4735.13 4708.67 4696.43 4686.75 4667.02 4650.66 4636.08 4622.47 4609.87 4597.71 4587.19 4579.75 4582.28 4578.41 4574.74 4578.04 4584.63 4592.27 4597.96 4603.31 4609.51 4610.19 4611.38 4617.2 4626.68 4636.75 4641.3 4639.6 4631.87 4630.03 4630.73 4633.74 4639.1 4645.53 4649.08 4653.04 4658.41 4665.51 4673.43 4675.82 4678.74
4957.16 4935.13 4929.2 4917.46 4898.16 4876.95 4855.92 4831.58 4799.69 4770.56 4736.72 4711.56 4707.39 4722.42 4755.95 4784.38 4778.72 4787.12 4784.25 4752.95 4726.53 4710.47 4723.57 4753.24 4766.78 4754.97 4732.26 4701.64 4683.33 4676.71 4666.62 4654.22 4641.05 4628.42 4615.33 4602.91 4596.81 4601.77 4598.42 4587.59 4583.22 4589.92 4596.3 4605.27 4614.14 4622.67 4620.67 4621.13 4623.06 4625.84 4630.18 4636.39 4642.31 4644.84 4626.46 4620.93 4627.23 4633.01 4640.4 4648.44 4650.13 4652.33 4656.64 4662.31 4666.97 4667.4 4663.67
4988.47 4965.6 4953.61 4942.86 4927.57 4911.37 4893.98 4874.53 4848.15 4805.01 4756.36 4725.06 4725.19 4744.42 4771.85 4779.76 4781.16 4790 4788.45 4765.48 4747.48 4734.07 4748.36 4765.89 4769.16 4750.31 4730.35 4699.67 4679.21 4676.74 4669.54 4658.54 4647.2 4633.77 4622.93 4615.04 4613.36 4624.01 4613.22 4599.86 4595.2 4600.65 4607.25 4618.77 4630.19 4627.3 4623.57 4627.35 4631.59 4630.3 4630.59 4632.66 4637.43 4646.66 4631.67 4622.46 4626.1 4630.55 4636.45 4643.19 4644.66 4647.28 4651.45 4656.11 4660.82 4660.37 4656.59
4990.43 4979.78 4972.38 4958.15 4949.38 4941.07 4928.57 4911.75 4888.35 4836.57 4779.87 4743.07 4750.52 4770.69 4796.17 4797.06 4793.34 4810.36 4808.54 4792.52 4772.6 4759.17 4768.34 4782.86 4782.37 4767.73 4749.89 4723 4705.19 4691.94 4679.04 4665.83 4652.71 4639.79 4628.72 4622.81 4621.73 4625.76 4620.72 4607.45 4601.44 4610.25 4617.95 4629.11 4642.64 4627.96 4621.34 4628.05 4631.37 4629.54 4627.48 4625.96 4626.3 4633.79 4636.69 4630.67 4626.08 4627.5 4629.78 4630.93 4635.73 4640.83 4645.09 4648.11 4649.78 4649.71 4648.21
4976.27 4984.79 4986.99 4984.62 4978.78 4967.06 4954.96 4938.03 4905.72 4860.09 4808.3 4776.47 4771.04 4790.25 4817.19 4820.37 4825.32 4847.39 4856.53 4827.21 4798.67 4781.47 4788.37 4805.06 4806.33 4800.56 4787.35 4772.19 4753.84 4721.85 4694.24 4675.36 4660.29 4647.01 4634.9 4624.57 4622.14 4620.89 4621.65 4614.59 4609.79 4619.23 4626.85 4633.67 4637.76 4628.53 4622.24 4625.51 4627.82 4625.57 4623.44 4621.48 4620.94 4629.24 4628.5 4624.57 4623.66 4624.19 4624.92 4626.12 4629.57 4634.73 4638.64 4641.15 4641.32 4640.39 4638.87
4949.08 4965.97 4972.59 4987.26 4995.39 4980.2 4973.26 4965.64 4930.27 4869.65 4835.5 4805.47 4800.49 4808.62 4820.14 4833.88 4851.33 4865.96 4864.98 4842.04 4815.85 4799.07 4803.18 4824.48 4844.69 4831.61 4820.86 4815.67 4791.6 4742.05 4705.49 4685.67 4671.18 4658.59 4645.66 4632.5 4630.88 4632.41 4635.6 4626.66 4621.71 4632.1 4639.19 4634.49 4629.63 4623.99 4618.42 4619.43 4621.35 4620.72 4619.73 4618.83 4619.74 4623.52 4622.34 4617.56 4620.11 4621.71 4622.9 4623.95 4626.4 4629.98 4633.27 4635.74 4637.91 4640.14 4639.55
