real_craters/C171-1000m.grd
DSAA
76 76
-37.44 37.44
-37.44 37.44
10915.541859258 14321.144623588
[rows 30 to 59 of 76, columns 0 to 66 of 76]
12243.3 12241 12235.6 12238.7 12238.2 12235.2 12244.7 12267.9 12298.3 12326.6 12343.6 12361.8 12387.2 12409.9 12416.1 12403.5 12432.1 12533.2 12661.9 12586.7 12694.5 12626 12232.4 11890.4 11727.9 11594.9 11462.5 11356.1 11256.3 11170.9 11114.8 11098.8 11081.6 11054.5 11062 11038.1 11004.1 10985.1 10965.2 10965 10964.3 10956.1 10996.6 11065.3 11129.3 11192.6 11264.1 11332.8 11511.4 11735.2 11931.4 11877.8 12036 12288.2 12774 13148.7 12945.2 12848.6 12733.6 12635.8 12545.4 12543 12512.3 12483.5 12468.2 12453.2 12424.9
12244.1 12248.3 12238.9 12236.3 12235.6 12229.5 12238.4 12268.6 12301.3 12319.5 12332.8 12352 12376.8 12399 12392.8 12437.9 12506.8 12603.9 12688.3 12689.4 12745.8 12561.5 12125.7 11845.7 11632.1 11520.7 11445.2 11333.2 11226.8 11144.1 11089.9 11073.5 11061.9 11044.7 11063.2 11048.8 11009.4 10972.5 10933.9 10922.5 10924.5 10915.5 10954.5 11027.2 11078.4 11129.6 11226.2 11319.1 11417.2 11634.1 11821.9 11881.8 11987.7 12088.3 12453.7 12882.6 13027 12815.8 12738.2 12710.4 12647.4 12503.8 12483.7 12471.7 12454.9 12439.1 12427.4
12242.2 12244.7 12243.5 12239.7 12240.6 12235.6 12240.6 12268.2 12293.6 12313.5 12318.6 12327.6 12370.2 12405.4 12399.7 12474.2 12624.3 12673.4 12663.9 12718.6 12602 12285.7 11906.2 11587.7 11501.8 11434.2 11364.1 11278.4 11198 11131.8 11084.7 11071 11073.1 11095.3 11131.4 11128 11085.2 11023.7 10948.2 10937.6 10942.8 10940 10981.3 11031.7 11074.2 11128.1 11236.7 11292.4 11388.3 11520.7 11710.2 11886.2 11976.7 12026.3 12255.7 12577.9 12997.1 12876 12750.5 12675.3 12609.5 12512.3 12488.6 12470 12455.7 12438.6 12431.4
12245.8 12241.9 12254.6 12261.5 12258.8 12254.4 12259.3 12274 12286.8 12281.9 12305.6 12326.7 12357.8 12405.1 12390.8 12467.6 12579.2 12596.8 12602.9 12610.5 12246.6 11955 11647.6 11487.9 11409 11352.7 11291 11226.8 11170.5 11121.6 11084.2 11077.2 11092.2 11146.3 11234.1 11241 11208 11141.2 11069.1 11039.6 11023.2 11001.9 11019.4 11053.2 11095.6 11144 11209.8 11257.3 11313.2 11371.7 11530.3 11697.9 11855 12052.6 12286.5 12385.4 12790.8 13075.3 12954.9 12739.9 12588.7 12550.7 12494 12468.6 12461.4 12448.7 12441.7
12256.9 12265.4 12266.5 12279.8 12273.2 12266.1 12267.7 12283.4 12298 12287.6 12301.7 12324 12346.7 12396.1 12391.8 12440.3 12474.4 12481.7 12523 12558.9 12092.2 11785.2 11577.9 11494.4 11357.2 11295.1 11244.2 11195.3 11150.3 11110.6 11083 11086.8 11119.7 11239.3 11392.3 11414.6 11398.9 11347.8 11315.9 11266.7 11151.1 11067.5 11052.1 11062.9 11082.8 11130.5 11171 11219.8 11277.3 11337.2 11431.1 11557.8 11723.9 11989.7 12269.3 12339.7 12705.2 13120.2 13039.8 12870.4 12681.6 12525.3 12475 12465.4 12466.3 12460.6 12464
12251.3 12260 12259 12256.6 12265.4 12265.5 12271.5 12290.4 12303.4 12295.5 12295.5 12291.8 12296.6 12347.2 12367.8 12448.2 12485.3 12438.3 12535.9 12560.6 12074.2 11747.9 11581.9 11473 11308.1 11256.9 11216.9 11178.7 11137.8 11103.1 11083.7 11101.9 11163.6 11329 11563.2 11651.8 11618.4 11614.2 11591.4 11425.3 11283.2 11168.6 11092.9 11068.4 11087.5 11129.4 11168.9 11228.2 11273.7 11330 11402 11508.4 11656.7 11846.1 12032 12378.2 12675.8 13009.4 12905.6 12804.1 12739.4 12505.4 12458.3 12464.9 12480.2 12472.8 12467.9
12239.7 12242.4 12246.4 12250.5 12250.7 12261.6 12274 12295.1 12315.8 12303.1 12287.7 12280 12285 12312.7 12336.8 12373.3 12447.3 12492.9 12581 12525.2 12085.9 11725.6 11521.8 11409.6 11284.2 11236.6 11204.7 11173.3 11138.1 11107.2 11094.9 11129.8 11222.6 11361.1 11569.3 11774.2 11796.7 11827.2 11709.7 11509.7 11383.2 11252 11123 11064.1 11076.8 11136 11183.5 11223.6 11268.1 11316.6 11390.8 11503.3 11664.3 11844.2 12084.1 12390.3 12610.9 12882.7 12859.5 12776.8 12736.9 12535.8 12478.1 12478.6 12494.4 12490.9 12491.9
12241 12248.1 12234 12232.3 12252.1 12264.7 12270.1 12284.7 12292.2 12282.6 12281.2 12279.8 12287.3 12307.5 12327.6 12356.3 12477.1 12701.3 12793.6 12562.8 12076 11729.1 11496.1 11388.8 11284.2 11233.8 11202.9 11176.8 11148.5 11131.2 11137.3 11194.5 11306.4 11417.5 11612.4 11775.2 11837.4 11800.6 11666.6 11572.9 11429.7 11287.2 11152 11075.7 11083.9 11143 11194.6 11234.5 11276.7 11316.7 11375.1 11460.1 11585.7 11847 12176.4 12415.5 12630.8 12987 12795.2 12717.1 12679.1 12581.1 12524.2 12501.8 12493.1 12495.1 12498.5
12238.9 12243.6 12226 12225.6 12250.5 12263 12268.9 12267 12264.3 12271.2 12275.7 12279 12287.1 12303.6 12334.3 12394.6 12493.3 12678.2 12791.6 12526.4 12044.1 11795.2 11627.6 11447.7 11306.9 11254 11219.3 11185.5 11165.5 11164.5 11207.1 11273.6 11378.9 11466.5 11588.5 11718.3 11827.9 11787.5 11636.9 11544.1 11421.7 11290.5 11179.6 11114.4 11116.8 11154.2 11204.4 11251.6 11288.7 11326.6 11377.1 11443.7 11535.4 11824.7 12173.6 12423.9 12674.1 13035.7 12814 12632.1 12614 12579.8 12543.7 12516.7 12499.1 12498.7 12506.2
12229.3 12226.8 12222.9 12228.4 12243.7 12253.2 12248.8 12242.9 12258.3 12268.4 12273.8 12279.4 12287.6 12308.8 12336.7 12377.1 12403.7 12409.5 12654.3 12475.2 12120.6 11891.6 11729.6 11545.7 11381.5 11314.6 11258.5 11211.6 11189.5 11212.8 11307.1 11402 11446.1 11503.3 11593.3 11677.1 11793.6 11742.2 11601 11519.9 11407.2 11295.2 11203.2 11148.3 11160.9 11185.7 11226.9 11268.7 11316.4 11341.5 11397.1 11491.3 11635.3 11869.5 12118.2 12399.9 12696.4 12999 12808.5 12650.3 12597.6 12581 12557.9 12522.5 12506.2 12506 12522.9
12233.5 12229.2 12223.8 12230.4 12243.8 12253.6 12243.5 12245.4 12254.2 12264 12273 12280.3 12289.8 12306.2 12342.7 12386.3 12396.2 12402.6 12478.8 12650.3 12333.1 11993.8 11819.9 11657.9 11526.3 11418.9 11324.8 11253.2 11236.1 11269.1 11364.9 11456.6 11491 11499.9 11543.9 11585 11642.6 11803.1 11597.3 11472.7 11373.7 11289.4 11224.7 11185.4 11201.1 11236.7 11281.8 11305.2 11345.4 11367.1 11426.8 11559.6 11749.3 11961.4 12179.9 12407.9 12636.5 13044.9 12811.4 12575.3 12581.7 12578.4 12557.9 12516.4 12488.7 12501.2 12522
12244.7 12241.5 12242.2 12237.5 12235.7 12229.9 12235 12240.4 12250.5 12262.3 12272.9 12282.9 12292.7 12300.6 12331.8 12375.9 12416.8 12438.2 12466 12801.4 12483.7 12092.3 11870.4 11750.1 11661.6 11531 11400.9 11308.5 11294 11310.8 11353.2 11381 11411.3 11444.5 11464.5 11470.9 11486.9 11623.4 11540.3 11379.6 11303.1 11277.8 11249.2 11231.7 11240.4 11272.2 11320.9 11351.9 11384.1 11402 11465.5 11608.5 11792.7 12005.9 12242.8 12439.5 12685.4 12995.9 12732.3 12578.8 12560.7 12564.3 12557.1 12517.9 12491.3 12492.2 12500.1
12245.3 12246.8 12250.7 12245.1 12235.3 12227.3 12228.9 12232.5 12248.6 12261.8 12272.1 12281.6 12289.5 12295.3 12315.2 12354.5 12417.8 12499.5 12502.5 12559.6 12459.4 12080.8 11895.8 11805.1 11736.4 11597.7 11460.8 11358.4 11344 11341.9 11348.7 11358.3 11370.3 11385.5 11387.2 11382 11376.7 11374.4 11375.9 11318.6 11287.6 11276 11271.7 11270.6 11270.4 11284.8 11342 11383.4 11417.7 11437.3 11503.6 11651.7 11846.2 12057.6 12297.7 12566 12835.3 13049.2 12860.6 12575 12551.1 12548 12546.5 12523.1 12502.3 12486.1 12481.8
12252.1 12254.4 12269.7 12254.1 12240.5 12229.2 12233.1 12241.3 12257.2 12267.3 12274.9 12280.3 12283.5 12288.2 12307.4 12339.5 12385.8 12466.2 12579.2 12615.2 12583.5 12306.9 12000.8 11860.9 11724.3 11596.5 11501.5 11422.9 11387 11365.5 11353.7 11347.7 11348.1 11348.3 11342.5 11336.6 11327 11321.9 11309 11296.4 11288.8 11285.9 11285.4 11287.5 11302.6 11328.2 11353.8 11392.7 11434.5 11458.6 11508.1 11713.7 11945 12186.5 12411.4 12689.1 12831.3 12809.4 12805 12638 12560 12530.8 12517.2 12518.2 12510.4 12488 12473.8
12250.8 12263.3 12270.9 12260.5 12249.1 12240.9 12246 12261.6 12271.7 12274.2 12276.9 12279.7 12279.8 12281 12295.4 12320.1 12354.7 12413.6 12564.9 12760.7 12755.5 12531.1 12198.7 11963.7 11754.8 11596.7 11528.2 11493.9 11432.2 11384.4 11359.9 11337.4 11332.8 11327.5 11321.3 11317.8 11305.9 11302 11289.2 11284.2 11286.4 11293.2 11297.6 11301.8 11329.4 11356.3 11376.3 11398.7 11446.4 11514.2 11605 11851 12099.9 12372.1 12533.9 12866.9 12865.5 12807.8 12717.4 12608.6 12562 12521.9 12485.1 12505.5 12513.1 12499.1 12488.7
12246.8 12260.1 12270.6 12264.4 12256.5 12251.8 12255.7 12269.4 12277 12279.9 12282 12283.5 12284.9 12293.6 12307.2 12309.6 12313 12364 12456.1 12607.5 12795.9 12743 12423.8 12105 11811.8 11600.2 11544.7 11514.1 11503 11437.6 11383.6 11338.4 11327.6 11317 11307.9 11301.1 11293.9 11286.6 11272.6 11279.8 11286.5 11304.4 11319.5 11327.9 11339.5 11365 11390.8 11403.2 11469.2 11631.4 11840.3 12033.3 12221.8 12416.7 12649.9 12956.2 12840.4 12705.2 12698.4 12596.4 12555.5 12529.7 12513 12508.9 12519.3 12526.5 12516.7
12257.1 12259.5 12266.8 12267.5 12263.6 12259.4 12260.5 12265.8 12276.7 12281.6 12285.7 12290.1 12294.7 12306.3 12314.2 12310.6 12317.1 12355.6 12453.5 12566.6 12673.4 12899.9 12613 12269 11934.8 11676.5 11585.7 11532.8 11516.7 11474.7 11417.3 11366.3 11335.6 11311.2 11298.9 11294.9 11293.4 11288.8 11273.3 11290.4 11305.9 11320.7 11335.3 11347.6 11361.4 11375.1 11401.2 11427.1 11521.6 11738.3 12008.8 12192.3 12339.2 12487.2 12825.8 13043.7 12801.3 12690.2 12710.6 12617.1 12567 12547.4 12541.3 12536.9 12539.6 12553.6 12541.7
12275.7 12270.5 12271.4 12271.7 12271.3 12270.8 12271.6 12273.6 12278.9 12283.7 12289.7 12296.9 12309.5 12319.7 12330.2 12309.5 12303.2 12333.3 12428.5 12525.6 12605.9 12813 12665.6 12377.5 12070.7 11826.4 11675.1 11563.9 11510.9 11475.4 11439.4 11390 11337 11305.2 11292.8 11289.4 11291.6 11292.5 11284.9 11304.3 11324.8 11340.1 11348 11361.9 11384.2 11389.6 11488.6 11559.7 11727.1 12025.6 12207.4 12363.2 12488.3 12638.5 12970.2 12954.5 12751.6 12687.9 12700.4 12625.4 12586.2 12566.1 12551.7 12545.5 12559.2 12570.4 12567.5
12285.2 12286.6 12280.4 12278.1 12277.5 12280.7 12281.3 12279.8 12275.8 12286.6 12293.4 12300 12312.5 12333.2 12322.2 12310.9 12316.2 12324 12383.3 12481.9 12626.4 12677.1 12624.6 12416.7 12182.6 11972.4 11791.8 11698.6 11629.5 11528 11511.3 11410.3 11362.5 11318.5 11302.2 11295.7 11299.8 11307.9 11311.3 11325.7 11350.1 11362.2 11371 11389.9 11420.1 11462.6 11704.6 11807.7 11984 12233.3 12305.3 12406.6 12620.3 12891.7 13060.9 12943 12810.7 12756.4 12762.7 12621.9 12609.5 12585.6 12563.7 12557.9 12576.4 12594.6 12603.5
12275.8 12283 12284.5 12280.4 12276.5 12273.4 12268.1 12279.7 12289.4 12297.1 12301.9 12304.1 12312.2 12324.7 12321.2 12316.8 12319.7 12329 12346.3 12410.2 12469.8 12600.5 12574.7 12434.7 12269 12108.8 11985.4 11936.7 11884.3 11733.3 11616.3 11536 11454.8 11391.8 11365.6 11317.2 11324.7 11352.3 11363.2 11379.2 11392.3 11405.6 11407.2 11524.7 11578.5 11638.8 11817.3 11888.7 12080.8 12295.4 12319 12404.9 12683.9 12979.2 13032.3 12919.6 12833.5 12836.5 12742.7 12645.8 12636.8 12610.7 12578.6 12569.8 12593.3 12623.6 12635.8
12275.1 12297.3 12288.6 12280 12273.7 12267.3 12265 12290.4 12304.4 12312 12310.6 12308.5 12311.4 12317.7 12322.2 12325.5 12323.6 12329.9 12352.5 12382.7 12402.5 12482.6 12519.6 12454.8 12349.4 12229 12131.3 12061.6 12058.8 11993.4 11842.4 11677.4 11619.6 11602.8 11523.6 11418.7 11440.2 11461.4 11458.6 11438.1 11492.1 11537 11594.3 11693.3 11721.5 11789.5 11968.5 12168.4 12230.4 12283.5 12344.7 12435.1 12745.9 12955.7 12964.8 12886.9 12804.6 12796.3 12754.5 12757.3 12694 12643.6 12614.8 12597.1 12619.3 12638.5 12663.6
12274.5 12275.1 12273.9 12274.5 12274.7 12273.3 12273.4 12300.5 12335 12323.4 12317.2 12314.2 12314.7 12316.9 12328.8 12331.6 12332.8 12340.7 12358.4 12400.5 12448 12484.5 12520.6 12495.9 12442.1 12347 12206.8 12153.4 12144.6 12133.9 12110.2 11943.4 11811 11754.8 11738.2 11696.9 11635 11634.9 11642.2 11654.8 11654.7 11705.5 11784.8 11760.3 11770.5 11901.3 12082.7 12244 12371.1 12394.8 12559.7 12770.7 12925.4 12990.2 12970.1 12919.7 12856.8 12851.6 12871.3 12853.3 12725.8 12682.4 12657.2 12641.4 12649.2 12684.7 12693.4
12260.6 12256.6 12259.9 12275 12284.6 12290.8 12293.4 12300.9 12312.3 12316.9 12318.2 12319.1 12320.2 12319.8 12326.8 12334.1 12340.7 12343.6 12359 12397 12406.3 12477.6 12541 12548.2 12554.2 12560.2 12419.7 12164.5 12189.4 12196.4 12231.2 12123.9 12006.1 11921.8 11931.7 11924.3 11890.1 11848.7 11833 11973.8 11884.7 11978.8 12010.1 11891.3 11889 11982.6 12185.5 12402.9 12574.9 12774.1 12987.2 13167.6 13106.2 13065.7 13052.3 12975.9 12933.5 12963.8 13000.4 12934.4 12801.6 12757.5 12710.4 12661.1 12675.2 12711.5 12723.7
12252.5 12254.4 12268.5 12284.1 12295.2 12305 12306.4 12300.5 12302.8 12310.7 12317.4 12321.6 12324.9 12325 12336.6 12346.8 12352.6 12348.4 12353.1 12379.5 12457.2 12510.4 12586.3 12581.7 12597.9 12644.9 12680.1 12521 12341.5 12172.4 12151.7 12197.6 12191.1 12201.3 12136.3 12085.3 12089.3 12073.9 12038.8 12025.3 12084.6 12197.3 12172.6 12048.2 11999.8 12091 12321.9 12570.2 12754.2 12951.9 13087.6 13107.6 13030 12970.5 12951.5 12988.3 13015.7 13026.9 13088.1 13047.8 12934.7 12879 12868.3 12765.6 12739.9 12766.1 12772.9
12252.2 12264.9 12291.3 12297.8 12302.1 12304.1 12299.4 12301.1 12307.9 12312.3 12314.3 12319.5 12324 12331.2 12349.7 12345.9 12344.8 12346.2 12348.5 12353.4 12364.5 12458 12531.9 12557.8 12589.2 12615.5 12655.6 12683.8 12559.2 12489.8 12312.7 12356.4 12333.2 12318 12407.4 12394.3 12274.5 12335.6 12445.4 12362 12437.9 12369.7 12367.9 12432.7 12418.9 12335.7 12541.9 12773.3 12823 12903.6 12923 12880.7 12813.8 12766.5 12833.8 12943.7 13067 13078.7 13119.6 13094.9 13029.8 12982.9 12953.9 12921.3 12885.3 12862.7 12848.3
12265.2 12284.3 12304.6 12306.8 12306.1 12305.1 12302.1 12309.8 12314.7 12314.1 12308.3 12304.1 12313.8 12322 12324.9 12332.4 12332.6 12341 12345.4 12347.8 12354.1 12392.2 12429.8 12492.7 12557.3 12659.4 12688.4 12606.1 12651.1 12767.9 12814.4 12715.6 12708 12746.5 12745.2 12775.3 12712.3 12617.4 12555.9 12710 12767.6 12812.6 12883.7 12908.9 12902.2 12798.2 12630.6 12701.4 12796.3 12864.1 12904.9 12779.6 12687.5 12645 12632.9 12799.6 13103.2 13158.3 13203.1 13123 13087.4 13076.9 13073.6 13078.3 13054.1 12999.1 12942.7
12281.3 12300.2 12308.9 12308 12306.3 12304.8 12303.8 12317.9 12312.9 12306.4 12304.8 12300.9 12307.9 12311.9 12315.3 12317.5 12318.9 12332.7 12344.9 12352.4 12360.8 12372.6 12384.3 12436.1 12484.9 12502 12524.2 12523.6 12581 12681.4 12887.2 12893.1 12906.5 13002.3 12849.3 12778.7 12789.9 12705.2 12659.4 12593.7 12672.7 12910.1 12992.9 13031.4 12808.4 12681.1 12713.5 12701.5 12722.9 12751.2 12700.3 12663.9 12627.5 12613.7 12573.2 12665.7 12906.7 13096 13238.3 13250.4 13151.3 13120.1 13158.1 13195.3 13224.4 13142.7 13060.4
12292.6 12307.9 12308.7 12304.6 12304.3 12304.4 12305 12318.1 12310.5 12305.3 12311.4 12311.9 12314.1 12316.9 12313 12314.6 12325.9 12334.1 12350.3 12363.4 12370.5 12371.3 12379.3 12407.3 12429.4 12428.5 12443.9 12471.2 12505.5 12501.9 12584.5 12728.8 12790.9 12777.5 12706.2 12723.2 12678.2 12624.2 12576.9 12541.4 12550.1 12588.1 12721.8 12771.9 12701.8 12698.7 12727.9 12712.7 12686.1 12647.5 12565.9 12534.5 12503.1 12514.1 12555.7 12619.8 12685.4 12877.3 13130.6 13263.2 13250.9 13191.3 13216.7 13270.1 13283.3 13250.8 13191.5
12305.5 12320.7 12308.5 12297.7 12304.8 12308 12307.9 12314.3 12310 12309.5 12319.2 12322.4 12314 12313.3 12317.1 12321 12344.3 12347.7 12359.1 12366.2 12368.5 12373.7 12385.8 12400.3 12419 12454.7 12444.7 12461.7 12486.2 12502.5 12439.7 12480 12522.6 12583.2 12587.1 12647.5 12617.1 12585.4 12567 12538.7 12509.2 12506.9 12563 12618.6 12613.4 12609.2 12647.1 12669.9 12662.7 12625.2 12562.2 12525.8 12488.1 12479.5 12567.1 12638.7 12646.1 12750.4 12961 13156.4 13329.1 13317.5 13343.3 13372.7 13384.4 13361.2 13356.8
12299.8 12310.5 12305.1 12302.3 12309.2 12314.1 12304.2 12301 12305.5 12315.5 12317.7 12318.4 12315.2 12317.7 12320.6 12320.6 12332.3 12347.3 12363.1 12369.6 12368.9 12376.8 12383.6 12396.1 12411.7 12420.2 12442.9 12464.5 12484.7 12479.4 12435.9 12420.8 12413.1 12444.9 12463.6 12508.7 12558 12577.5 12549.2 12583.2 12616.3 12597.2 12596.5 12517.4 12489.2 12542.7 12652.4 12662.2 12669.4 12669 12644.5 12626.5 12608.8 12579.1 12636.3 12683.5 12719.5 12741.9 12873 13077.9 13297.1 13418.3 13439.9 13477.4 13456.6 13455.4 13544.7
