real_craters/C171-750m.grd
DSAA
176 176
-65.52 65.52
-65.52 65.52
3125.1551732376 5334.5182922679
[rows 0 to 37 of 176, columns 0 to 83 of 176]
4700 4697 4693 4692 4691 4692 4692 4689 4688 4688 4688 4690 4689 4690 4694 4693 4695 4700 4702 4703 4705 4711 4713 4697 4693 4690 4689 4690 4690 4687 4690 4692 4693 4690 4690 4695 4694 4696 4695 4694 4688 4684 4679 4676 4675 4674 4673 4671 4669 4668 4667 4667 4664 4665 4667 4665 4662 4660 4652 4649 4649 4645 4647 4652 4654 4653 4654 4657 4657 4654 4650 4649 4640 4630 4627 4629 4628 4628 4627 4626 4620 4618 4613 4614
4697 4697 4693 4690 4689 4689 4688 4690 4686 4681 4685 4688 4685 4686 4692 4695 4695 4698 4698 4702 4706 4710 4711 4702 4692 4686 4688 4691 4692 4689 4683 4689 4694 4691 4690 4690 4685 4688 4689 4685 4681 4681 4681 4679 4676 4677 4672 4668 4666 4664 4662 4662 4661 4657 4658 4657 4657 4653 4647 4647 4641 4641 4647 4649 4659 4648 4648 4655 4654 4653 4651 4648 4636 4628 4631 4627 4624 4624 4625 4621 4618 4618 4618 4613
4696 4697 4694 4694 4690 4687 4686 4685 4685 4684 4685 4687 4685 4683 4685 4687 4690 4695 4701 4703 4703 4703 4702 4699 4693 4689 4689 4692 4694 4697 4696 4689 4689 4690 4688 4690 4686 4689 4684 4675 4671 4673 4676 4674 4674 4669 4666 4666 4663 4659 4656 4653 4653 4659 4661 4657 4653 4649 4645 4645 4644 4638 4642 4643 4648 4647 4649 4648 4652 4654 4654 4648 4638 4630 4631 4626 4622 4623 4623 4621 4618 4618 4616 4616
4695 4695 4691 4687 4686 4686 4686 4684 4681 4683 4684 4685 4686 4683 4679 4680 4688 4692 4696 4698 4699 4699 4698 4697 4695 4692 4691 4692 4695 4698 4696 4694 4690 4691 4689 4688 4684 4685 4681 4675 4668 4662 4668 4671 4677 4670 4667 4666 4663 4657 4651 4647 4650 4657 4665 4657 4650 4647 4644 4641 4639 4639 4645 4644 4644 4640 4640 4650 4654 4656 4656 4645 4642 4637 4635 4629 4623 4622 4622 4621 4621 4620 4619 4614
4692 4687 4686 4682 4683 4684 4685 4683 4684 4680 4681 4680 4680 4680 4680 4684 4688 4691 4696 4698 4696 4694 4697 4698 4696 4693 4691 4689 4691 4696 4692 4693 4692 4691 4688 4684 4687 4685 4680 4674 4669 4669 4675 4672 4671 4672 4672 4671 4665 4657 4649 4643 4649 4653 4657 4647 4646 4642 4643 4644 4640 4641 4639 4644 4644 4636 4634 4642 4649 4659 4666 4656 4651 4647 4642 4634 4626 4623 4622 4619 4621 4621 4619 4615
4691 4686 4685 4681 4683 4684 4684 4682 4681 4682 4680 4678 4677 4679 4690 4692 4695 4696 4696 4697 4694 4692 4695 4694 4695 4693 4689 4686 4683 4686 4693 4690 4687 4686 4685 4685 4684 4683 4678 4672 4669 4669 4671 4671 4666 4678 4691 4679 4668 4658 4649 4644 4644 4647 4652 4656 4648 4641 4636 4632 4638 4647 4650 4645 4647 4639 4633 4636 4647 4665 4674 4674 4664 4657 4647 4640 4637 4630 4625 4619 4619 4621 4618 4614
4690 4687 4688 4691 4687 4686 4686 4684 4687 4684 4682 4676 4674 4674 4687 4695 4692 4693 4694 4695 4693 4689 4694 4693 4692 4689 4686 4682 4679 4680 4685 4689 4688 4683 4682 4680 4680 4680 4674 4668 4662 4665 4665 4666 4668 4678 4690 4678 4668 4659 4651 4645 4641 4643 4655 4662 4643 4632 4634 4629 4630 4641 4637 4639 4643 4640 4631 4652 4675 4677 4677 4682 4687 4667 4653 4643 4639 4638 4629 4622 4621 4620 4617 4612
4686 4683 4686 4688 4688 4688 4688 4691 4690 4691 4686 4684 4676 4673 4685 4691 4688 4688 4692 4694 4694 4690 4685 4688 4687 4685 4683 4680 4678 4678 4679 4683 4683 4681 4681 4680 4676 4672 4670 4666 4661 4664 4663 4665 4668 4670 4669 4669 4665 4660 4654 4647 4642 4637 4642 4636 4628 4625 4629 4633 4631 4634 4634 4637 4639 4638 4645 4666 4686 4684 4686 4691 4683 4677 4671 4651 4635 4642 4632 4622 4621 4620 4619 4618
4684 4684 4686 4687 4689 4690 4691 4693 4693 4692 4687 4680 4676 4672 4682 4689 4694 4690 4692 4697 4697 4694 4685 4680 4679 4681 4680 4678 4678 4679 4679 4680 4681 4681 4680 4681 4674 4666 4667 4667 4673 4675 4659 4658 4662 4664 4661 4661 4661 4658 4656 4650 4639 4636 4632 4632 4625 4620 4622 4623 4627 4632 4626 4636 4637 4641 4649 4676 4675 4683 4691 4687 4690 4685 4675 4666 4648 4646 4633 4623 4618 4615 4624 4637
4691 4694 4691 4689 4690 4692 4694 4694 4690 4690 4687 4683 4679 4678 4677 4680 4686 4690 4691 4695 4695 4690 4685 4677 4679 4677 4677 4677 4677 4680 4681 4676 4680 4682 4678 4673 4673 4666 4665 4664 4661 4661 4655 4651 4651 4657 4659 4659 4658 4656 4652 4648 4641 4633 4631 4628 4623 4619 4617 4617 4620 4628 4638 4629 4631 4636 4655 4673 4669 4685 4705 4739 4738 4707 4679 4670 4657 4638 4631 4624 4618 4615 4625 4638
4693 4699 4695 4691 4692 4693 4695 4696 4698 4692 4690 4683 4683 4682 4688 4679 4682 4683 4687 4692 4695 4693 4685 4677 4675 4674 4674 4675 4676 4679 4682 4674 4676 4677 4674 4670 4670 4669 4668 4663 4657 4654 4649 4649 4651 4656 4659 4659 4656 4653 4651 4649 4642 4630 4627 4623 4621 4620 4619 4620 4622 4619 4622 4618 4626 4634 4652 4672 4680 4699 4714 4706 4698 4701 4680 4668 4658 4641 4633 4625 4615 4614 4621 4626
4701 4699 4695 4693 4693 4694 4695 4696 4696 4703 4697 4690 4687 4686 4687 4684 4677 4684 4685 4687 4690 4691 4684 4676 4672 4671 4671 4672 4674 4674 4674 4674 4674 4673 4671 4668 4670 4668 4668 4662 4658 4651 4650 4648 4651 4652 4655 4655 4652 4648 4646 4647 4646 4636 4627 4623 4619 4621 4620 4618 4613 4617 4616 4621 4624 4634 4641 4666 4697 4719 4735 4747 4748 4714 4693 4678 4666 4651 4640 4631 4626 4621 4619 4619
4706 4703 4697 4696 4696 4696 4699 4699 4697 4691 4695 4693 4689 4690 4691 4687 4683 4677 4678 4680 4682 4685 4681 4675 4670 4670 4670 4668 4665 4668 4668 4667 4672 4669 4670 4668 4664 4664 4661 4659 4657 4651 4651 4650 4651 4652 4652 4650 4648 4644 4640 4643 4646 4645 4631 4627 4627 4624 4619 4617 4618 4623 4616 4615 4619 4625 4630 4661 4700 4727 4736 4744 4746 4726 4706 4684 4665 4655 4646 4639 4633 4621 4617 4615
4701 4704 4703 4699 4697 4696 4696 4697 4698 4698 4690 4689 4687 4685 4689 4687 4685 4685 4677 4677 4679 4678 4677 4675 4671 4670 4670 4670 4670 4667 4665 4663 4674 4671 4669 4668 4664 4662 4659 4656 4653 4656 4656 4652 4646 4646 4650 4650 4646 4640 4638 4640 4643 4645 4635 4629 4621 4622 4616 4612 4606 4615 4613 4612 4615 4620 4631 4666 4697 4722 4716 4713 4725 4728 4713 4693 4660 4656 4649 4644 4638 4623 4615 4613
4695 4700 4697 4699 4698 4696 4695 4696 4696 4697 4687 4686 4686 4686 4684 4684 4683 4681 4680 4677 4675 4673 4675 4676 4674 4671 4669 4669 4668 4666 4663 4661 4672 4674 4667 4666 4661 4661 4659 4657 4656 4656 4653 4649 4644 4645 4649 4651 4646 4639 4635 4639 4641 4640 4634 4631 4627 4622 4622 4617 4620 4614 4610 4612 4614 4616 4622 4651 4678 4694 4703 4711 4716 4720 4699 4664 4652 4650 4648 4644 4640 4621 4614 4610
4690 4699 4701 4698 4696 4697 4696 4698 4698 4694 4690 4688 4687 4689 4687 4685 4684 4684 4680 4679 4679 4673 4674 4676 4672 4669 4667 4665 4667 4668 4667 4669 4663 4661 4663 4665 4660 4657 4661 4658 4653 4651 4652 4649 4645 4646 4649 4651 4646 4638 4635 4639 4639 4635 4634 4629 4625 4621 4628 4620 4618 4614 4614 4615 4616 4614 4612 4635 4659 4670 4661 4659 4658 4671 4676 4679 4647 4643 4640 4636 4632 4621 4612 4608
4692 4691 4691 4692 4694 4695 4696 4695 4694 4692 4692 4689 4686 4687 4695 4687 4686 4685 4682 4682 4677 4675 4674 4673 4671 4667 4666 4666 4670 4677 4681 4682 4671 4660 4660 4660 4661 4660 4662 4661 4655 4653 4653 4648 4645 4643 4645 4645 4643 4639 4637 4640 4638 4637 4635 4630 4626 4626 4642 4626 4617 4614 4619 4625 4627 4617 4605 4619 4652 4648 4654 4642 4629 4631 4646 4654 4624 4617 4621 4623 4624 4610 4608 4608
4696 4696 4691 4690 4693 4694 4692 4691 4692 4693 4691 4687 4684 4683 4690 4686 4687 4688 4681 4684 4679 4674 4675 4673 4671 4668 4665 4664 4672 4686 4702 4711 4688 4664 4660 4659 4662 4658 4659 4659 4657 4651 4648 4652 4646 4640 4641 4643 4643 4641 4639 4638 4637 4637 4638 4633 4629 4625 4620 4623 4620 4620 4621 4623 4621 4619 4623 4611 4627 4622 4626 4625 4617 4613 4620 4630 4613 4608 4612 4612 4607 4604 4606 4608
4700 4704 4698 4696 4695 4695 4694 4691 4689 4689 4689 4685 4684 4686 4691 4687 4687 4689 4685 4688 4684 4675 4676 4676 4667 4665 4664 4663 4671 4684 4705 4706 4682 4665 4657 4658 4664 4659 4654 4661 4658 4652 4649 4650 4646 4640 4637 4640 4643 4642 4639 4637 4639 4639 4636 4641 4633 4625 4621 4622 4625 4618 4616 4616 4615 4616 4614 4607 4613 4605 4601 4609 4613 4613 4613 4614 4607 4606 4607 4607 4605 4605 4607 4607
4702 4701 4699 4698 4695 4692 4691 4690 4686 4681 4682 4684 4682 4682 4686 4686 4686 4686 4683 4682 4681 4674 4674 4674 4667 4662 4662 4665 4668 4670 4674 4674 4664 4660 4655 4658 4656 4649 4649 4650 4654 4649 4643 4645 4643 4640 4635 4638 4641 4643 4640 4638 4638 4637 4633 4633 4632 4630 4627 4623 4622 4622 4618 4615 4612 4613 4611 4608 4605 4598 4598 4602 4609 4614 4617 4614 4609 4605 4606 4606 4604 4606 4606 4612
4700 4697 4695 4692 4692 4695 4693 4691 4683 4677 4682 4681 4681 4682 4682 4683 4683 4683 4680 4679 4676 4669 4670 4670 4666 4663 4662 4662 4663 4661 4657 4657 4656 4658 4654 4654 4651 4646 4650 4657 4649 4645 4644 4641 4639 4639 4638 4638 4637 4636 4639 4639 4637 4637 4633 4627 4629 4629 4630 4625 4620 4622 4620 4619 4620 4616 4612 4608 4601 4597 4595 4598 4601 4606 4611 4612 4610 4605 4609 4608 4606 4605 4603 4608
4700 4695 4690 4687 4690 4688 4689 4687 4681 4675 4676 4676 4678 4684 4682 4683 4683 4680 4677 4676 4675 4672 4667 4666 4665 4662 4666 4664 4662 4661 4659 4656 4654 4650 4648 4651 4649 4646 4650 4659 4647 4644 4644 4644 4645 4642 4640 4638 4638 4637 4639 4638 4636 4643 4647 4632 4627 4627 4629 4630 4623 4623 4622 4622 4621 4618 4614 4607 4601 4600 4596 4597 4596 4597 4601 4607 4613 4608 4610 4609 4606 4604 4613 4606
4699 4696 4692 4693 4692 4692 4688 4684 4679 4673 4666 4670 4674 4676 4679 4681 4681 4679 4676 4674 4670 4669 4672 4671 4669 4673 4668 4664 4662 4661 4660 4660 4656 4649 4647 4649 4648 4646 4649 4647 4647 4645 4642 4641 4640 4639 4636 4637 4639 4632 4636 4636 4633 4656 4676 4668 4635 4628 4628 4632 4625 4622 4624 4623 4622 4619 4614 4610 4605 4600 4601 4598 4596 4594 4596 4602 4611 4611 4610 4609 4605 4603 4596 4606
4698 4695 4693 4687 4687 4687 4683 4679 4680 4678 4671 4675 4669 4671 4675 4678 4679 4676 4674 4666 4666 4665 4668 4671 4669 4665 4665 4664 4661 4661 4661 4660 4661 4653 4650 4647 4648 4650 4650 4646 4646 4644 4641 4637 4635 4636 4637 4638 4639 4636 4641 4651 4655 4675 4688 4676 4661 4632 4628 4631 4625 4622 4624 4623 4620 4617 4615 4611 4610 4605 4603 4600 4598 4598 4598 4599 4608 4616 4610 4606 4603 4599 4596 4602
4698 4694 4691 4688 4688 4686 4682 4679 4680 4682 4673 4676 4671 4675 4673 4673 4672 4672 4671 4664 4663 4666 4668 4669 4666 4661 4659 4658 4659 4661 4662 4664 4660 4651 4652 4648 4649 4651 4647 4648 4645 4642 4638 4635 4634 4636 4637 4635 4634 4635 4645 4676 4697 4690 4686 4658 4641 4644 4627 4628 4626 4625 4625 4624 4623 4622 4619 4619 4610 4609 4607 4603 4600 4596 4598 4598 4602 4610 4610 4607 4601 4597 4598 4606
4696 4692 4687 4686 4686 4686 4684 4681 4678 4675 4672 4672 4667 4669 4669 4668 4667 4667 4668 4666 4665 4677 4675 4670 4665 4662 4658 4656 4657 4657 4660 4662 4657 4652 4656 4649 4649 4651 4650 4650 4642 4641 4640 4640 4638 4637 4639 4643 4633 4632 4639 4673 4695 4681 4668 4646 4631 4630 4628 4629 4627 4624 4622 4622 4623 4622 4620 4617 4610 4607 4607 4604 4602 4604 4599 4601 4600 4605 4608 4602 4597 4596 4599 4609
4692 4689 4685 4681 4677 4681 4683 4680 4674 4668 4668 4668 4668 4666 4665 4664 4662 4663 4666 4671 4683 4688 4686 4669 4664 4662 4661 4658 4658 4658 4656 4653 4654 4650 4651 4647 4648 4649 4651 4651 4644 4641 4639 4635 4637 4636 4634 4638 4637 4637 4633 4648 4659 4656 4641 4637 4632 4627 4626 4633 4628 4627 4621 4620 4622 4620 4617 4612 4606 4605 4604 4602 4603 4605 4602 4602 4600 4599 4605 4598 4595 4593 4597 4606
4685 4685 4684 4682 4680 4678 4676 4675 4674 4672 4668 4668 4667 4664 4662 4660 4660 4660 4662 4660 4666 4672 4668 4663 4661 4660 4658 4657 4657 4657 4654 4652 4652 4650 4645 4645 4645 4646 4647 4648 4642 4641 4638 4635 4636 4635 4631 4633 4638 4641 4642 4656 4652 4640 4628 4633 4633 4628 4623 4627 4625 4626 4621 4621 4622 4620 4616 4609 4604 4603 4602 4600 4601 4602 4608 4608 4601 4598 4603 4602 4596 4594 4592 4601
4679 4680 4681 4682 4683 4679 4673 4672 4672 4672 4668 4668 4667 4661 4660 4659 4657 4658 4661 4660 4660 4659 4657 4657 4658 4658 4658 4659 4654 4651 4652 4652 4652 4652 4646 4642 4644 4644 4643 4641 4643 4641 4637 4634 4636 4637 4632 4629 4632 4635 4635 4635 4637 4632 4627 4632 4632 4627 4625 4627 4626 4622 4620 4624 4623 4624 4617 4610 4605 4603 4603 4603 4603 4598 4603 4607 4601 4599 4600 4600 4598 4597 4598 4598
4670 4673 4675 4677 4675 4675 4672 4671 4669 4667 4667 4666 4665 4661 4659 4659 4659 4659 4657 4661 4661 4659 4656 4655 4655 4656 4653 4653 4652 4651 4651 4650 4649 4650 4648 4643 4645 4642 4639 4638 4641 4640 4637 4633 4632 4631 4630 4630 4627 4633 4633 4631 4631 4631 4630 4628 4634 4629 4630 4630 4623 4618 4616 4621 4619 4614 4611 4610 4610 4607 4604 4605 4607 4609 4601 4598 4600 4602 4599 4597 4597 4602 4615 4614
4669 4670 4669 4666 4672 4675 4674 4673 4671 4669 4667 4664 4664 4661 4660 4660 4661 4662 4658 4654 4655 4659 4656 4652 4653 4653 4652 4648 4652 4652 4647 4646 4646 4645 4644 4640 4641 4640 4636 4637 4646 4642 4638 4636 4632 4626 4628 4627 4625 4629 4631 4628 4630 4631 4630 4629 4630 4625 4626 4625 4627 4619 4612 4617 4616 4612 4609 4609 4607 4608 4603 4606 4607 4608 4601 4599 4598 4604 4599 4597 4596 4597 4604 4601
4673 4671 4668 4667 4668 4671 4676 4674 4672 4671 4669 4666 4662 4661 4660 4660 4659 4660 4662 4657 4651 4650 4651 4650 4650 4649 4648 4647 4648 4649 4649 4647 4646 4645 4644 4638 4635 4640 4641 4638 4638 4639 4637 4635 4632 4631 4632 4635 4620 4623 4626 4628 4630 4632 4631 4630 4633 4623 4626 4619 4626 4617 4608 4613 4614 4611 4609 4608 4608 4605 4601 4602 4604 4605 4606 4606 4599 4598 4595 4596 4596 4594 4596 4596
4674 4672 4669 4667 4669 4668 4672 4674 4674 4673 4673 4672 4671 4664 4661 4659 4656 4654 4655 4656 4652 4652 4650 4650 4646 4646 4646 4646 4647 4647 4648 4649 4649 4646 4642 4639 4641 4641 4639 4633 4636 4635 4636 4638 4640 4637 4636 4631 4621 4617 4627 4630 4629 4628 4629 4628 4626 4619 4623 4617 4615 4613 4608 4611 4612 4610 4607 4607 4608 4609 4604 4604 4603 4604 4609 4612 4599 4597 4593 4594 4596 4593 4594 4596
4672 4672 4669 4666 4667 4671 4673 4675 4676 4675 4675 4675 4671 4667 4662 4658 4654 4651 4652 4653 4655 4656 4649 4645 4644 4643 4645 4648 4645 4646 4646 4650 4653 4653 4648 4645 4644 4643 4641 4637 4633 4632 4635 4637 4639 4638 4637 4635 4625 4618 4625 4624 4626 4627 4628 4628 4627 4624 4624 4617 4614 4612 4612 4614 4613 4610 4607 4607 4605 4600 4604 4606 4604 4604 4604 4596 4595 4604 4604 4596 4595 4593 4595 4596
4674 4672 4671 4672 4676 4675 4675 4676 4677 4676 4676 4674 4670 4667 4663 4659 4655 4650 4650 4649 4650 4654 4648 4647 4646 4644 4644 4644 4648 4646 4645 4649 4653 4655 4645 4646 4641 4643 4642 4641 4637 4635 4636 4635 4633 4633 4633 4631 4624 4628 4626 4622 4624 4626 4627 4626 4623 4624 4628 4616 4614 4612 4609 4611 4614 4612 4612 4609 4608 4598 4602 4605 4607 4606 4603 4597 4595 4608 4614 4602 4596 4593 4594 4597
4672 4672 4672 4673 4678 4679 4678 4678 4678 4676 4674 4669 4667 4668 4666 4661 4656 4651 4648 4646 4647 4647 4646 4646 4646 4647 4646 4644 4641 4645 4645 4646 4647 4646 4641 4643 4641 4640 4639 4638 4641 4643 4636 4634 4634 4633 4630 4625 4620 4622 4630 4625 4623 4622 4623 4621 4620 4618 4618 4615 4613 4611 4608 4609 4611 4610 4608 4606 4603 4600 4606 4608 4611 4608 4603 4600 4599 4607 4606 4608 4595 4591 4599 4602
4678 4675 4673 4671 4674 4681 4680 4679 4676 4674 4671 4674 4670 4673 4669 4663 4657 4652 4649 4646 4644 4641 4643 4643 4645 4647 4647 4647 4646 4645 4644 4644 4643 4642 4641 4638 4642 4639 4638 4639 4640 4645 4632 4634 4638 4636 4627 4620 4621 4622 4626 4627 4624 4623 4623 4623 4620 4620 4620 4616 4613 4611 4608 4609 4606 4607 4606 4603 4601 4610 4609 4605 4606 4606 4604 4602 4602 4621 4611 4607 4601 4601 4611 4607
4678 4677 4676 4676 4677 4687 4683 4680 4677 4673 4669 4675 4666 4666 4667 4663 4659 4654 4649 4648 4645 4641 4639 4642 4645 4646 4645 4645 4647 4646 4643 4642 4642 4642 4643 4641 4641 4639 4645 4643 4642 4637 4631 4633 4636 4635 4630 4618 4619 4627 4626 4625 4624 4623 4626 4622 4622 4618 4615 4618 4616 4611 4606 4600 4606 4607 4605 4602 4602 4607 4604 4604 4601 4604 4604 4603 4609 4617 4621 4621 4616 4610 4612 4609
