real_craters/C171-500m.grd
DSAA
263 263
-65.52 65.52
-65.52 65.52
3121.5750664581 5346.3041306393
[rows 210 to 239 of 263, columns 67 to 133 of 263]
4575.78 4571.11 4572.9 4576.14 4579.58 4582.89 4585.83 4587.23 4580.06 4572.66 4569.71 4569.47 4570.94 4570.67 4568.63 4565.77 4564.84 4570.33 4572.46 4575.67 4580.45 4579.27 4572.6 4569.86 4572.83 4577.4 4579.53 4579.88 4577.71 4576.18 4577.38 4577.95 4574.57 4572.07 4570.56 4569.29 4567.51 4567.42 4568.94 4570.32 4567 4560.25 4558.22 4557.41 4558.26 4561.61 4568.38 4587.29 4594.64 4592.57 4593.71 4599.15 4606.79 4614.48 4618.84 4618.64 4617.27 4615.81 4613.9 4615.15 4611.92 4609.84 4613.09 4610.39 4608.89 4608.03 4607.31
4576.48 4575.04 4575.24 4577.63 4580.87 4584.59 4588.82 4593.41 4584.53 4573.73 4570.39 4570.19 4571.21 4571.08 4570.06 4568.68 4568.47 4572.93 4572.21 4574.61 4577.83 4578.31 4576.23 4574.86 4574.86 4576.44 4577.85 4578.39 4577.82 4576.42 4574.54 4571.07 4569.93 4568.74 4567.36 4567.13 4567.18 4566.66 4566.87 4566.58 4564.62 4559.08 4558.58 4561.04 4565.47 4563.1 4563.79 4580.7 4589.02 4588.67 4591.54 4592.17 4594.93 4597.17 4598.86 4600.97 4604.95 4607.5 4606.69 4604.38 4599.99 4601.35 4604.15 4602.19 4599.91 4600.35 4600.55
4577.31 4575.34 4576.47 4578.86 4581.59 4584.33 4587.02 4588.35 4582.82 4573.71 4570.63 4571.23 4572.5 4571.89 4572.07 4572.96 4574.46 4573.82 4572.88 4576.73 4581.74 4580.53 4577.57 4576.66 4574.4 4575.58 4577.12 4577.78 4577.39 4577.1 4571.9 4566.32 4565.84 4566.15 4565.31 4565.4 4565.17 4564.49 4564.3 4563.68 4561.52 4558.9 4558.64 4562.17 4567.83 4564.15 4561.14 4569.81 4580.63 4596.29 4597.37 4592.24 4588.37 4585.09 4584.81 4586.74 4595.51 4601.28 4598.69 4594.88 4590.67 4592.26 4594.98 4595.83 4595.21 4592.79 4590.7
4577.81 4578.26 4579.49 4580 4581.51 4582.66 4582.77 4580.67 4575.06 4570.98 4570.47 4570.31 4571.11 4572.74 4574.72 4577.17 4579.37 4582.24 4579.3 4580.96 4585.06 4582.86 4576.51 4569.2 4571.59 4576.71 4579.8 4579.53 4576.99 4576.08 4570.92 4565.86 4564.64 4566.12 4564.66 4562.03 4561.19 4561.51 4561.72 4561.58 4560.87 4557.52 4557.29 4560.36 4561.76 4560.74 4560.1 4560.38 4570.87 4580.79 4588.87 4590.68 4589.9 4585.5 4580.12 4579.93 4590.93 4601.44 4605.85 4596.01 4591.37 4591.83 4595.22 4595.42 4599.01 4587.86 4580.23
4575.99 4577.04 4578.59 4580.51 4581.11 4580.67 4579.11 4575.73 4571.61 4569.44 4570.51 4570.23 4570.48 4573.89 4577.76 4582.39 4588.3 4598.19 4596.06 4594.04 4594.43 4587.4 4578.23 4569.37 4572.22 4579.3 4585.79 4581.82 4577.39 4575.69 4570.42 4564.92 4564.52 4568.19 4571.07 4561.57 4558.77 4559.04 4559.5 4559.99 4560.01 4557.62 4557.14 4559.87 4560.89 4560.32 4560.14 4561.3 4560.42 4567.77 4579.35 4587.8 4585.35 4582.86 4581.17 4585.1 4586.79 4594.33 4596.27 4591.52 4599.69 4602.71 4598.63 4593.63 4595.09 4585.06 4574.47
4576.71 4579.75 4581.64 4581.8 4580.83 4579.29 4576.67 4573.35 4569.68 4569.2 4572.45 4571.51 4572.18 4575.49 4580.77 4586.9 4592.58 4600.45 4604.97 4603.82 4600.23 4591.43 4582.57 4576.62 4576.32 4580.02 4583.17 4581.55 4577.86 4574.64 4569.84 4566.98 4566.16 4567.13 4567.37 4560.25 4557.97 4557.94 4558.05 4558.15 4558.42 4559.05 4560.52 4561.51 4562.25 4562.85 4560.4 4559.17 4558.81 4568.05 4577.49 4581.72 4581.36 4578.52 4579.38 4579.75 4578.65 4574.85 4578.43 4587.78 4607.1 4611.28 4602.03 4586.03 4579.72 4577.42 4566.32
4577.45 4583.59 4585.89 4582.82 4580.48 4578.17 4575.83 4573.4 4570.92 4570.44 4573.82 4573.09 4572.81 4577.71 4584.08 4590.05 4595.52 4596.26 4600.88 4600.89 4598.71 4592.12 4585.43 4580.44 4578.77 4579.35 4580.12 4581.5 4578.06 4570.03 4568.85 4567.87 4566.77 4564.16 4560.71 4558.73 4558.35 4557.8 4557 4556.27 4556.33 4559.11 4563.86 4562.16 4561.43 4562.17 4559.93 4559 4562.07 4571.16 4575.38 4572.84 4569.61 4571.34 4574.6 4580.76 4570.04 4560.5 4568.74 4585.94 4621.12 4632.02 4615.57 4587.03 4573.18 4567.44 4559.46
4577.7 4581.81 4583.44 4581.53 4579.39 4577.3 4575.7 4574.62 4575.08 4575.21 4574.57 4576.91 4579.66 4582.93 4587.16 4591.12 4591.89 4587.08 4585.7 4588.17 4592.42 4589.75 4585.46 4582.38 4580.41 4577.86 4576.74 4578.88 4575.47 4569.13 4569.48 4568.68 4567.35 4565.69 4563.66 4562.69 4561 4558.98 4556.83 4554.75 4553.11 4553.56 4558.71 4559.7 4558.79 4556.27 4560.02 4562.41 4563.99 4571.37 4577.59 4568.48 4562.23 4563.51 4565.29 4563.47 4557.53 4552.82 4564.03 4574.51 4597.77 4623.85 4615.29 4591.51 4574.67 4566.27 4557.83
4574.66 4576.43 4578.26 4578.57 4577.59 4576.49 4575.25 4574.85 4575.55 4576.1 4579.09 4583.59 4586.58 4586.74 4588.94 4591.65 4589.12 4578.94 4577.65 4582.6 4588.15 4586.72 4583.58 4580.16 4577.18 4575.07 4574.32 4573.88 4571.64 4570.6 4571.7 4569.68 4568.71 4568.94 4570.28 4568.8 4564.39 4560.56 4556.94 4553.69 4550.8 4549.17 4554.01 4558.16 4558.47 4558.02 4561.16 4562.91 4563.37 4566.75 4568.44 4563.88 4558.64 4559.09 4558.33 4555.38 4551.9 4552.52 4564.07 4568.05 4573.67 4589.22 4588.65 4584.35 4574.76 4564.53 4557.22
4574.67 4574.12 4575.29 4576.23 4576.04 4575.24 4574.57 4573.95 4572.85 4573.04 4577.87 4581.2 4580.71 4583.29 4586.93 4592.2 4590.32 4578.62 4578.33 4587.59 4587.92 4584.44 4581.11 4577.56 4572.89 4573.24 4571.15 4569.84 4571.27 4571.4 4572.46 4569.6 4566.11 4566.46 4570.27 4570.73 4566.38 4561.96 4557.83 4554.29 4550.98 4549.77 4556.57 4559.14 4559.32 4559.54 4558.43 4560.87 4560.83 4563.06 4563.44 4562.3 4561.08 4559.05 4555.73 4552.01 4552.34 4560.89 4573.51 4574.25 4568.07 4571.04 4573.29 4578.71 4571.88 4561.8 4553.93
4574.62 4574.08 4573.94 4574.25 4574.61 4574.32 4573.58 4573.11 4572.39 4572.37 4577.94 4581.63 4570.01 4571.77 4580.94 4589.91 4590.61 4579.81 4578.3 4587.09 4582.04 4578.85 4577.41 4576.61 4577.04 4573.93 4571.05 4573.23 4572.22 4569.71 4572.21 4570.54 4567.96 4569.74 4571.67 4570.75 4567.01 4563.33 4559.71 4556.46 4553.45 4550.83 4556 4559.98 4560.19 4560.93 4557.57 4558.2 4559.76 4561.87 4564.75 4564.48 4566.03 4561.05 4556.83 4554.53 4558.91 4570.49 4575.51 4573.39 4564.12 4563.42 4567.78 4575.24 4568.93 4558.8 4550.9
4574.92 4574.11 4573.76 4573.91 4575.39 4575.19 4574.64 4573.6 4573.52 4574.26 4575.15 4577.89 4571.43 4567.73 4573.97 4581.01 4582.25 4577.98 4571.66 4566.75 4568.69 4572.55 4573.76 4574.1 4574.51 4572.3 4570.52 4571.07 4572.02 4570.75 4571.51 4572.8 4574.48 4572.88 4570.34 4568.97 4566.88 4564.46 4561.77 4559.1 4558.05 4559.28 4561.81 4562.78 4561.87 4560.42 4557.66 4555.61 4555.58 4561.39 4566.64 4566.74 4565.36 4561.56 4559.56 4559.72 4565.67 4574.07 4573.59 4571.47 4564.42 4565.68 4566.24 4569.4 4564.52 4556.52 4549.47
4571.97 4572.22 4575.9 4577.2 4577.51 4575.97 4575.05 4573.92 4573.46 4573.69 4569.36 4570.87 4566.55 4565.79 4569.16 4572.73 4573.84 4572.29 4566.64 4568.96 4568.06 4570.19 4571.21 4570.79 4569.01 4568.24 4569.39 4571.64 4574.39 4573.82 4572.53 4574.17 4576.37 4574.44 4568.12 4567.49 4566.74 4565.16 4563.27 4561.87 4561.3 4562.81 4566.79 4569.02 4564.62 4560.18 4557.64 4556.87 4554.79 4561.69 4570.18 4575.43 4563.25 4561.14 4562.58 4565.03 4571 4575.43 4572.08 4568.68 4563.71 4565.28 4565.71 4570.38 4562.25 4557.02 4551.41
4569.94 4574.87 4580.05 4580.75 4580.12 4577.63 4576.14 4574.33 4573.26 4572.92 4582.26 4567.17 4566.42 4567.01 4566.1 4566.23 4566.71 4564.4 4563.3 4566.94 4569.79 4571.76 4571.47 4569.7 4566.48 4566.39 4571.23 4575.69 4574.8 4573.14 4573.55 4573.83 4574.83 4573.41 4570.18 4568.83 4567.58 4565.8 4564.58 4563.32 4563.04 4562.27 4563.05 4568.04 4563.08 4558.3 4555.85 4556.93 4554.12 4561.51 4570.13 4575.07 4565.92 4564.51 4567.23 4569.56 4570.73 4573.39 4569.4 4564.36 4561.64 4561.79 4566.14 4565.65 4554.44 4559.93 4562.66
4581.74 4590.91 4588.34 4584.51 4581.48 4578.97 4576.59 4574.35 4572.57 4571.44 4572.24 4569.65 4567.27 4564.59 4565.34 4565.91 4565.14 4562.85 4561.79 4565.39 4569.9 4574.18 4574.14 4572.12 4569 4568.85 4574.27 4574.49 4570.75 4567.35 4566.07 4572.74 4577.58 4580.23 4577.23 4572.05 4568.79 4566.64 4565.57 4564.95 4564.91 4566.12 4572.38 4573.56 4562.53 4557.33 4555.72 4552.11 4553.3 4560.92 4568.48 4572.46 4572.32 4571.83 4572.34 4574.55 4575.7 4569.98 4564.28 4556.71 4553.69 4554.39 4566.09 4562.99 4553.36 4563.82 4570.04
4599.98 4600.84 4592.75 4587.25 4583.15 4579.94 4577.35 4575.15 4571.82 4568.08 4564.55 4566.33 4565.1 4564.02 4567.99 4570.75 4567.62 4565.04 4565.38 4568.38 4572.12 4578.71 4578.3 4576.66 4575.09 4575.93 4580.38 4577.65 4570.66 4565.32 4566.65 4575.17 4578.8 4581.25 4578.53 4572.51 4569.25 4567.08 4566.37 4565.73 4565.99 4567.12 4567.67 4567.05 4563.78 4560.33 4558.26 4553.81 4554.79 4559.91 4566.82 4572.2 4573.34 4574.18 4574.25 4576.51 4576.86 4568.67 4559.73 4548.29 4537.54 4544.24 4560 4562.28 4569.3 4567.83 4566.67
4590.41 4597.3 4589.25 4584.38 4581.82 4579.06 4576.49 4573.9 4571.21 4568.68 4566.11 4562.06 4560.19 4564.68 4567.71 4570.04 4569.41 4568.59 4570.43 4572.02 4577.05 4583.18 4582.12 4580.55 4580.83 4586.85 4585.74 4577.23 4566.04 4567.09 4574.77 4578.53 4573.03 4567.97 4568.64 4569.4 4568.95 4568.39 4568.15 4567.74 4567.16 4566.63 4565.45 4565.71 4565.25 4560.01 4555.5 4555.05 4554.85 4557.6 4562.38 4567 4569.47 4571.95 4571.65 4570.72 4567.42 4560.64 4554.78 4544.83 4534.32 4531.07 4538.57 4548.55 4559.14 4564.26 4561.64
4572.82 4576.57 4579.64 4579.63 4579.32 4577.68 4575.99 4574.02 4571.92 4570.2 4568.13 4568.9 4575.97 4567.33 4565.2 4568.97 4570.43 4570.62 4571.31 4573.31 4579.48 4585.2 4584 4581.28 4579.58 4580.65 4581.39 4572.72 4563 4568.46 4575.8 4575.83 4564.13 4563.8 4562.91 4566.71 4568.14 4568.92 4569.18 4569.39 4569.2 4568.39 4566.84 4568.61 4566.6 4558.73 4553.85 4549.24 4551.42 4554.03 4555.67 4558.99 4565.99 4568.73 4566.41 4561.5 4556.61 4556.67 4552.48 4546.01 4538.64 4528.11 4526.64 4537.47 4544.17 4551.36 4554.56
4569.78 4568.81 4574.02 4578.26 4579.04 4578.34 4576.27 4574.17 4572.64 4571.39 4571.35 4570.18 4575.32 4571.07 4569.1 4571.77 4573.53 4573.34 4572.62 4577.01 4583.5 4588.36 4585.1 4579.67 4573.08 4565.23 4561.91 4565.12 4566.63 4569.12 4573.28 4564.5 4559.84 4564.33 4565.17 4567.03 4569.31 4570.75 4571.43 4571.95 4572.01 4572.25 4573.43 4574.96 4570.11 4560.22 4555.67 4548.84 4549 4551.73 4555.07 4559.11 4563.51 4564.92 4560.2 4557.24 4555.83 4555.89 4551.62 4546.66 4540.4 4531.46 4527.86 4535.9 4538.53 4538.92 4550.07
4581.9 4573.58 4576.9 4579.21 4578.79 4577.31 4575.53 4573.59 4571.9 4570.95 4570.2 4571.81 4571.19 4574.09 4578.93 4580.19 4579.31 4576.77 4573.96 4580.28 4586.44 4589.64 4583.95 4576.74 4568.01 4558.17 4555.76 4560.86 4564.88 4564.41 4560.33 4554.03 4555.77 4557.48 4565.58 4567.95 4569.44 4570.56 4571.53 4571.88 4573.28 4574.35 4576.77 4577.41 4573.84 4564.42 4557.76 4547.91 4547.63 4550.04 4553.28 4551.51 4547.07 4545.83 4550.31 4555.38 4559.01 4555.48 4549.53 4545.41 4539.12 4532.55 4530.19 4537.44 4540.37 4537.28 4541.72
4595.05 4590.66 4588.48 4583.19 4579.53 4576.91 4574.97 4573.1 4571.54 4569.93 4568.11 4570.31 4570.93 4577.32 4586.85 4590.22 4585.46 4578.71 4572.85 4571.89 4577.47 4579.41 4581.54 4575.71 4566.91 4558.26 4558.61 4561.34 4562.39 4560.11 4554.27 4552.46 4555.58 4558.13 4565.69 4568.77 4569.78 4570.89 4570.66 4571.67 4572.39 4574.42 4577.35 4579.41 4576.89 4569.14 4559.21 4548.88 4548.51 4549.54 4546.17 4543.89 4539.33 4539.09 4543.02 4548.1 4553.54 4547.55 4543.35 4543.61 4541.71 4536.12 4531.56 4533.78 4534.93 4533.57 4533.63
4600.22 4596.57 4594.8 4584.57 4578.65 4575.26 4573.16 4571.86 4570.68 4569.7 4569.28 4567.54 4568.33 4576.77 4592.86 4599.24 4589.37 4579.37 4569.61 4567.32 4571.76 4584.45 4584.41 4576.06 4568.19 4562.47 4563.68 4564.34 4563.09 4560.34 4557.52 4554.79 4558.56 4561.88 4567.54 4571.48 4572.13 4571.64 4570.66 4569.76 4570.06 4571.3 4573.84 4576.83 4571.37 4569.89 4562.79 4555.59 4551.73 4552.82 4555.24 4545.97 4540.06 4539.07 4538.43 4538.17 4540.94 4536.05 4536 4540.27 4541.12 4536.61 4529.62 4529.22 4527.96 4527.71 4531.75
4598.12 4591.4 4584.64 4579.69 4576.08 4573.7 4571.87 4570.66 4569.95 4569.29 4569.2 4568.15 4567.24 4572.66 4583.72 4594.02 4588.31 4580.35 4572.46 4567.15 4569.73 4579.45 4582.22 4575.82 4568.93 4563.43 4565.08 4568.43 4568.83 4569.03 4569.44 4572.38 4568.25 4570.16 4575.35 4575.28 4573.3 4571.4 4569.61 4568.47 4567.17 4566.13 4565.96 4567.84 4569.08 4569.37 4564.47 4556.58 4552.79 4553.69 4554.95 4546.22 4538.51 4534.79 4534.18 4536.54 4543.27 4535.39 4533.03 4537.45 4539.5 4538.07 4531.03 4526.78 4527.87 4531.4 4531.72
4590.65 4580.45 4572.43 4573.4 4572.93 4571.92 4570.99 4569.98 4569.4 4569.07 4569.1 4568.96 4568.34 4572.93 4582.76 4583.95 4585.4 4580.08 4574.07 4568.63 4569.57 4568.08 4574.67 4573.53 4570.08 4566.35 4569.83 4572.92 4574.96 4577.27 4576.86 4576.55 4568.58 4566.9 4575.92 4575.75 4573.16 4570.3 4567.62 4564.73 4562.29 4559.62 4558.04 4561.3 4566.42 4567.62 4566.55 4558.15 4552.4 4548.88 4546.33 4543.09 4538.79 4536.85 4536.05 4537.82 4542.23 4535.79 4533.28 4537.85 4540.63 4541.96 4535.65 4527.43 4530.5 4528.88 4527.86
4577.82 4573.3 4569.93 4570.83 4571.52 4571.38 4570.74 4570.42 4569.94 4569.06 4568 4566.43 4568.1 4576 4582.48 4589.72 4586.52 4580.47 4576.3 4574.37 4569.86 4561.8 4568.39 4571.6 4571.96 4573.23 4575.16 4576.09 4575.64 4577.32 4574.36 4572.22 4566.87 4566.34 4571.6 4573.68 4571.67 4568.25 4564.81 4561.34 4557.86 4554.64 4552.46 4558.72 4563.41 4566.68 4564.93 4559.7 4553.08 4545.19 4540.4 4540.97 4541.84 4542.13 4539.35 4533.72 4535.87 4538.9 4540.49 4539.3 4540.92 4541.26 4534.43 4530.74 4532.44 4523.81 4525.32
4571.63 4573.17 4572.24 4570.66 4570.17 4570.31 4569.97 4569.64 4569.32 4568.67 4567.93 4567.24 4567.41 4576.2 4584.64 4586.46 4586.79 4585.33 4580.35 4576.56 4564.82 4559.15 4568.74 4571.05 4571.99 4575.13 4579.66 4578.24 4571.73 4563.39 4565.96 4572.24 4572.49 4570.88 4574.09 4574.61 4570.61 4566.34 4562.34 4558.5 4555.01 4552.23 4551.07 4559.21 4565.15 4565.53 4566.2 4563.3 4557.46 4547.57 4541.51 4541.2 4541.63 4542.37 4543.04 4537.86 4538.71 4541.32 4545.01 4543.96 4541.98 4538.45 4534.28 4531.49 4532.65 4525.22 4528.5
4570.7 4572.1 4571.75 4570.02 4569.1 4568.78 4568.54 4568.51 4568.17 4568.25 4568.65 4568.36 4566.9 4575.51 4581.01 4581.31 4583.45 4582.15 4577.98 4571.26 4561.14 4562.56 4570.23 4569.57 4569.19 4570.76 4576.88 4576.16 4569.07 4561.58 4564.04 4571.96 4572.53 4571.64 4572.64 4571.66 4568.27 4564.56 4560.94 4557.38 4554.84 4552.94 4553.58 4562.94 4568.82 4566.16 4568.01 4567.62 4564.44 4553.88 4546.14 4542.99 4541.21 4540.79 4543.72 4541.02 4538.69 4538.06 4537.46 4543.36 4542.72 4539.3 4532.96 4527.94 4529.06 4526.64 4532.2
4571.4 4570.45 4568.62 4568.37 4568.53 4567.66 4567.84 4567.63 4567.89 4568.16 4569.1 4570.46 4568.1 4571.28 4575.51 4576.83 4580.1 4577.85 4573 4566.94 4560.82 4563.03 4566.37 4567.1 4565.71 4564.32 4570.79 4572.54 4568.47 4564.92 4566.21 4569.02 4566.12 4567.72 4568.38 4567.82 4564.17 4561.23 4558.81 4556.36 4554.6 4553.55 4556.15 4561.41 4565.67 4565.18 4565.93 4567.76 4566.8 4556.25 4548.29 4544.7 4544.57 4548.98 4548.62 4544.3 4539.71 4536.74 4535.23 4539.97 4542 4538.78 4530.48 4523.7 4522.23 4529.17 4535.27
4573.17 4569.51 4567.75 4570.61 4568.34 4567.33 4567.03 4567.12 4567.38 4567.95 4568.79 4569.62 4569.43 4573.79 4576.01 4577.68 4580.29 4573.95 4568.74 4564.64 4562.19 4563.58 4564.08 4565.96 4564.37 4564.5 4568.37 4570.8 4566.75 4565.69 4565.39 4561.15 4558.1 4561.86 4562.04 4559.73 4558.87 4557.75 4556.57 4555.3 4553.87 4552.38 4551.06 4551.98 4558.35 4563.13 4563.51 4563.41 4561.15 4551.5 4546.69 4544.2 4542.96 4541.21 4539.79 4539.68 4538.37 4536.22 4536.24 4540.46 4538.91 4534.29 4525.38 4523.46 4522.83 4528.42 4536.63
4574.82 4572.86 4571.74 4568.26 4566.83 4566.31 4566.26 4566.46 4566.83 4567.39 4568 4568.71 4570.27 4576.97 4579.13 4579.25 4575.11 4567.47 4564.37 4561.69 4559.83 4563.38 4570.91 4569.17 4566.33 4564.78 4566.5 4561.83 4564.86 4562.92 4557.18 4556.5 4555.89 4559.75 4557.71 4554.91 4554.8 4555.4 4555.53 4555.42 4554.64 4552.91 4548.76 4547.51 4552.71 4553.68 4556.14 4556.94 4554.73 4548.16 4545.67 4543.39 4540.92 4537.73 4533.09 4535.1 4534.96 4535.63 4536.75 4536.77 4532.68 4530.14 4528.11 4527.06 4527.4 4527.46 4535.21
