real_craters/C171-750m.grd
DSAA
176 176
-65.52 65.52
-65.52 65.52
3125.1551732376 5334.5182922679
[rows 114 to 151 of 176, columns 84 to 167 of 176]
4838 4860 4859 4872 4855 4861 4926 4978 4956 4893 4823 4793 4768 4739 4732 4749 4751 4734 4719 4708 4712 4719 4686 4680 4677 4679 4688 4709 4724 4697 4685 4667 4653 4653 4646 4632 4619 4608 4594 4581 4587 4598 4595 4585 4586 4583 4583 4576 4588 4582 4576 4585 4592 4587 4589 4586 4580 4576 4564 4556 4552 4549 4542 4527 4511 4505 4500 4499 4490 4481 4486 4490 4492 4489 4487 4487 4487 4487 4486 4485 4484 4486 4487 4488
4758 4774 4775 4782 4780 4779 4804 4810 4812 4781 4751 4748 4736 4711 4714 4733 4715 4712 4710 4702 4696 4680 4675 4674 4667 4667 4673 4681 4681 4673 4662 4649 4637 4644 4643 4628 4615 4608 4595 4587 4577 4608 4603 4588 4591 4588 4585 4581 4586 4581 4577 4576 4573 4579 4584 4581 4577 4574 4556 4551 4548 4545 4540 4523 4509 4499 4498 4497 4491 4487 4489 4490 4492 4490 4489 4490 4490 4489 4487 4486 4485 4483 4484 4486
4711 4723 4741 4768 4768 4751 4734 4715 4711 4706 4710 4730 4735 4704 4701 4726 4734 4720 4705 4690 4682 4686 4672 4663 4653 4651 4649 4644 4644 4659 4649 4635 4628 4632 4628 4618 4605 4587 4584 4588 4575 4603 4606 4619 4600 4594 4589 4585 4586 4581 4583 4575 4572 4576 4580 4576 4576 4577 4564 4555 4544 4538 4532 4521 4512 4506 4490 4489 4487 4489 4491 4491 4492 4490 4489 4495 4491 4490 4488 4487 4485 4482 4482 4483
4701 4695 4687 4708 4725 4719 4714 4691 4680 4683 4725 4737 4732 4710 4718 4731 4744 4727 4704 4680 4656 4643 4637 4625 4633 4647 4636 4626 4626 4631 4633 4624 4610 4612 4612 4605 4595 4588 4591 4606 4605 4595 4595 4584 4592 4594 4594 4579 4577 4583 4585 4576 4571 4576 4597 4576 4574 4596 4565 4547 4536 4526 4522 4521 4505 4488 4475 4475 4478 4479 4487 4492 4496 4489 4487 4489 4490 4489 4488 4488 4487 4487 4484 4485
4707 4694 4683 4696 4701 4708 4715 4695 4680 4690 4718 4727 4730 4738 4763 4752 4731 4725 4703 4673 4644 4636 4618 4602 4618 4641 4626 4626 4640 4633 4625 4618 4614 4609 4603 4596 4588 4580 4577 4587 4583 4588 4594 4588 4585 4584 4585 4573 4569 4574 4572 4560 4553 4556 4565 4542 4526 4539 4533 4534 4518 4505 4500 4497 4481 4475 4473 4473 4474 4478 4493 4494 4492 4489 4486 4484 4487 4487 4487 4487 4485 4483 4484 4486
4723 4705 4691 4699 4701 4704 4704 4698 4688 4688 4721 4746 4755 4778 4801 4782 4757 4736 4706 4674 4646 4646 4623 4604 4613 4626 4616 4622 4637 4630 4620 4610 4612 4604 4598 4594 4588 4582 4585 4598 4593 4595 4596 4589 4574 4558 4547 4533 4538 4541 4520 4491 4488 4502 4502 4497 4486 4490 4487 4489 4490 4481 4476 4476 4474 4472 4474 4473 4474 4478 4490 4488 4488 4488 4487 4484 4485 4486 4486 4487 4486 4484 4490 4489
4737 4714 4698 4699 4701 4702 4702 4707 4690 4704 4739 4763 4770 4785 4807 4821 4797 4754 4712 4678 4652 4640 4626 4614 4615 4618 4605 4610 4623 4624 4615 4598 4583 4594 4601 4600 4596 4592 4595 4612 4617 4618 4606 4585 4561 4530 4505 4495 4489 4492 4492 4483 4479 4480 4478 4479 4478 4477 4475 4469 4471 4468 4468 4472 4473 4479 4470 4475 4476 4478 4486 4497 4486 4485 4485 4484 4485 4485 4485 4486 4486 4484 4490 4489
4732 4711 4696 4691 4690 4698 4707 4716 4710 4716 4733 4751 4761 4782 4809 4820 4797 4753 4716 4686 4664 4657 4640 4614 4596 4597 4592 4594 4598 4608 4607 4599 4603 4617 4613 4607 4601 4599 4603 4605 4600 4599 4588 4575 4551 4519 4497 4492 4489 4485 4485 4488 4481 4477 4474 4474 4475 4476 4471 4469 4467 4468 4469 4471 4469 4474 4473 4481 4479 4479 4483 4487 4485 4484 4486 4485 4483 4484 4484 4484 4483 4482 4481 4484
4697 4693 4684 4669 4669 4686 4695 4699 4685 4685 4707 4719 4751 4806 4838 4840 4783 4738 4712 4690 4673 4667 4651 4625 4606 4588 4575 4584 4592 4593 4596 4603 4612 4631 4619 4609 4604 4601 4598 4599 4600 4591 4576 4568 4551 4520 4497 4492 4488 4484 4480 4480 4480 4479 4474 4473 4475 4476 4479 4470 4470 4468 4469 4469 4472 4478 4479 4481 4484 4483 4482 4485 4485 4483 4486 4484 4484 4484 4484 4484 4482 4481 4481 4481
4672 4672 4667 4669 4667 4671 4689 4681 4674 4678 4692 4706 4731 4813 4829 4804 4757 4725 4703 4689 4680 4659 4648 4634 4625 4596 4576 4578 4584 4580 4587 4602 4616 4619 4613 4608 4605 4603 4603 4610 4613 4600 4592 4576 4558 4539 4501 4485 4487 4483 4471 4475 4480 4477 4474 4473 4471 4471 4470 4465 4474 4482 4466 4461 4470 4479 4482 4480 4481 4483 4486 4486 4484 4484 4484 4484 4484 4484 4484 4483 4482 4480 4480 4480
4665 4662 4661 4665 4661 4666 4666 4657 4669 4675 4689 4694 4700 4739 4757 4747 4734 4711 4684 4674 4670 4656 4644 4625 4604 4595 4582 4576 4571 4582 4586 4592 4611 4601 4603 4605 4603 4602 4604 4612 4613 4606 4596 4579 4562 4547 4499 4483 4484 4485 4475 4482 4479 4474 4474 4475 4473 4468 4467 4477 4486 4476 4466 4461 4462 4479 4480 4478 4480 4482 4482 4481 4483 4484 4484 4489 4488 4485 4484 4485 4484 4483 4480 4479
4653 4656 4658 4655 4663 4664 4661 4661 4669 4675 4689 4711 4704 4685 4701 4728 4708 4664 4658 4650 4650 4656 4626 4605 4600 4601 4601 4585 4579 4580 4584 4585 4588 4598 4603 4603 4600 4597 4596 4607 4602 4593 4586 4574 4565 4552 4501 4483 4481 4477 4475 4480 4478 4471 4473 4477 4478 4466 4461 4466 4479 4473 4472 4468 4478 4482 4483 4485 4485 4485 4482 4481 4482 4483 4484 4489 4486 4484 4484 4484 4484 4483 4481 4480
4650 4651 4654 4638 4641 4647 4639 4632 4649 4665 4673 4680 4698 4677 4677 4721 4699 4651 4642 4640 4627 4617 4583 4566 4558 4579 4596 4597 4591 4585 4592 4578 4577 4596 4604 4602 4597 4592 4591 4599 4594 4585 4576 4566 4551 4527 4507 4484 4474 4477 4475 4477 4475 4473 4471 4473 4470 4463 4465 4464 4474 4474 4478 4476 4483 4488 4480 4484 4491 4490 4487 4484 4485 4482 4483 4483 4482 4483 4483 4483 4482 4482 4481 4480
4644 4649 4645 4633 4616 4619 4622 4642 4650 4659 4660 4664 4688 4670 4643 4675 4673 4638 4633 4633 4603 4574 4536 4531 4526 4566 4586 4594 4593 4587 4591 4600 4597 4608 4613 4603 4592 4583 4580 4580 4572 4571 4568 4558 4555 4530 4484 4479 4474 4472 4474 4474 4472 4469 4468 4467 4466 4464 4464 4470 4475 4477 4482 4472 4475 4493 4495 4491 4492 4494 4489 4483 4487 4483 4481 4480 4480 4481 4482 4482 4481 4481 4481 4481
4641 4652 4637 4612 4607 4613 4629 4650 4656 4642 4649 4659 4663 4658 4631 4633 4636 4629 4621 4615 4590 4553 4521 4519 4518 4534 4564 4581 4584 4581 4582 4589 4604 4611 4612 4597 4583 4570 4561 4550 4555 4558 4550 4544 4546 4520 4480 4479 4477 4473 4476 4473 4470 4468 4469 4469 4471 4471 4467 4469 4479 4484 4489 4484 4481 4486 4496 4497 4494 4495 4495 4485 4489 4484 4477 4479 4477 4479 4480 4480 4480 4480 4481 4481
4633 4634 4615 4607 4612 4624 4643 4657 4657 4643 4641 4644 4644 4648 4635 4629 4631 4619 4607 4596 4572 4542 4520 4513 4512 4520 4547 4568 4574 4571 4567 4569 4587 4595 4594 4583 4567 4549 4531 4514 4523 4524 4505 4515 4526 4503 4481 4480 4480 4472 4476 4473 4472 4470 4469 4469 4473 4471 4468 4467 4470 4485 4482 4485 4492 4501 4501 4492 4487 4491 4499 4489 4493 4489 4479 4482 4477 4477 4478 4479 4480 4480 4480 4481
4637 4641 4630 4618 4617 4625 4640 4660 4650 4649 4642 4646 4634 4637 4638 4638 4640 4618 4593 4572 4561 4542 4522 4516 4515 4517 4531 4552 4559 4563 4559 4557 4569 4578 4577 4569 4553 4532 4509 4501 4504 4498 4484 4490 4490 4486 4486 4482 4484 4477 4475 4475 4481 4477 4475 4474 4476 4475 4469 4469 4475 4484 4480 4477 4476 4489 4492 4487 4485 4487 4487 4490 4486 4484 4484 4485 4476 4476 4482 4480 4480 4480 4480 4481
4644 4638 4640 4636 4630 4629 4638 4647 4644 4647 4646 4649 4636 4630 4626 4634 4637 4607 4575 4557 4559 4546 4529 4519 4515 4513 4513 4520 4539 4555 4565 4556 4559 4565 4568 4558 4541 4522 4503 4495 4498 4491 4487 4486 4490 4485 4488 4480 4482 4482 4474 4474 4474 4479 4479 4478 4474 4469 4468 4472 4479 4487 4485 4480 4474 4485 4494 4492 4492 4487 4487 4485 4487 4486 4492 4493 4481 4478 4477 4479 4480 4480 4482 4482
4652 4640 4646 4654 4643 4638 4640 4637 4644 4650 4649 4653 4641 4622 4624 4623 4611 4595 4564 4537 4540 4542 4543 4526 4516 4511 4508 4512 4524 4532 4520 4542 4545 4552 4556 4549 4534 4517 4506 4502 4503 4497 4480 4483 4496 4498 4496 4494 4494 4483 4472 4476 4476 4480 4485 4476 4475 4471 4469 4473 4482 4486 4492 4487 4483 4484 4487 4485 4478 4478 4480 4482 4479 4483 4506 4502 4489 4482 4481 4481 4481 4481 4481 4483
4656 4650 4655 4662 4653 4653 4653 4647 4658 4654 4648 4651 4647 4621 4624 4614 4612 4574 4544 4534 4536 4537 4537 4529 4519 4509 4509 4511 4513 4512 4505 4507 4527 4539 4546 4541 4528 4514 4500 4499 4496 4494 4493 4483 4486 4486 4491 4495 4491 4481 4480 4477 4479 4480 4479 4478 4476 4475 4474 4473 4479 4486 4489 4488 4483 4487 4491 4490 4492 4487 4478 4480 4482 4475 4487 4505 4495 4491 4490 4484 4482 4484 4485 4486
4659 4653 4659 4667 4663 4658 4660 4674 4677 4660 4649 4638 4640 4629 4618 4596 4564 4545 4534 4529 4524 4535 4542 4538 4520 4510 4508 4509 4509 4507 4505 4508 4518 4525 4527 4524 4521 4515 4503 4496 4497 4506 4510 4484 4482 4479 4485 4487 4481 4482 4479 4479 4480 4481 4480 4479 4477 4475 4475 4478 4479 4488 4485 4487 4485 4484 4491 4487 4490 4484 4479 4480 4480 4490 4490 4484 4487 4485 4487 4488 4488 4487 4490 4490
4658 4639 4652 4664 4665 4665 4664 4663 4646 4633 4647 4639 4629 4635 4610 4581 4549 4532 4524 4525 4523 4538 4551 4549 4529 4513 4506 4507 4508 4509 4503 4507 4514 4515 4509 4507 4513 4519 4513 4498 4500 4510 4509 4479 4475 4481 4483 4483 4485 4481 4480 4490 4485 4483 4480 4482 4480 4478 4477 4482 4481 4484 4482 4483 4482 4482 4484 4479 4481 4483 4480 4479 4480 4478 4483 4489 4486 4480 4483 4486 4487 4487 4486 4485
4651 4644 4649 4658 4662 4654 4642 4626 4615 4612 4626 4629 4618 4609 4596 4569 4543 4530 4529 4522 4524 4539 4557 4548 4531 4516 4508 4506 4507 4509 4511 4512 4517 4512 4504 4500 4507 4513 4509 4500 4500 4514 4513 4488 4479 4478 4485 4485 4484 4485 4485 4492 4489 4485 4481 4486 4491 4485 4486 4494 4485 4483 4483 4487 4485 4484 4482 4479 4479 4479 4481 4482 4480 4478 4481 4484 4482 4480 4482 4485 4486 4484 4481 4478
4647 4651 4648 4649 4650 4641 4630 4621 4612 4606 4613 4610 4602 4592 4580 4562 4543 4532 4531 4522 4525 4533 4539 4531 4525 4514 4507 4505 4505 4505 4508 4520 4520 4513 4505 4501 4503 4504 4503 4507 4509 4514 4511 4487 4482 4481 4479 4487 4490 4491 4486 4486 4487 4485 4484 4484 4485 4487 4489 4486 4490 4488 4486 4487 4486 4482 4482 4482 4481 4480 4482 4484 4479 4481 4481 4481 4480 4481 4482 4483 4483 4482 4480 4476
4640 4640 4647 4640 4636 4620 4617 4617 4614 4618 4607 4595 4589 4578 4570 4556 4542 4534 4531 4527 4524 4524 4521 4516 4520 4515 4509 4506 4504 4503 4505 4517 4520 4512 4505 4501 4505 4508 4521 4521 4514 4512 4509 4485 4485 4484 4487 4486 4492 4493 4486 4482 4483 4485 4487 4485 4481 4485 4488 4484 4479 4500 4489 4486 4486 4483 4483 4493 4487 4477 4480 4482 4477 4485 4487 4490 4480 4479 4480 4481 4481 4480 4479 4478
4631 4626 4631 4625 4624 4613 4608 4614 4610 4606 4592 4583 4574 4564 4562 4552 4542 4536 4530 4525 4521 4519 4518 4522 4521 4518 4510 4507 4505 4501 4502 4504 4515 4508 4503 4503 4510 4526 4545 4532 4520 4510 4499 4491 4485 4481 4479 4484 4484 4489 4483 4480 4481 4484 4487 4486 4480 4484 4488 4493 4497 4494 4491 4488 4486 4487 4488 4486 4483 4476 4477 4480 4475 4481 4482 4493 4496 4482 4478 4479 4479 4479 4478 4478
4618 4615 4615 4613 4612 4608 4607 4603 4589 4576 4559 4557 4563 4563 4557 4548 4539 4531 4530 4521 4518 4515 4515 4521 4522 4517 4512 4508 4508 4509 4502 4499 4499 4499 4497 4497 4506 4522 4536 4526 4513 4506 4499 4495 4485 4486 4482 4483 4482 4484 4485 4484 4489 4481 4482 4484 4483 4486 4488 4489 4489 4490 4492 4485 4487 4488 4487 4486 4485 4478 4475 4471 4475 4479 4473 4488 4502 4486 4476 4475 4476 4477 4477 4478
4603 4599 4603 4601 4599 4599 4595 4587 4565 4552 4537 4541 4554 4558 4552 4544 4537 4532 4529 4521 4516 4514 4514 4521 4520 4517 4511 4509 4509 4509 4503 4498 4494 4494 4491 4487 4499 4512 4512 4510 4506 4500 4495 4500 4490 4495 4492 4480 4484 4484 4488 4488 4485 4483 4482 4485 4487 4490 4491 4488 4489 4485 4488 4487 4489 4493 4485 4486 4486 4488 4480 4476 4482 4483 4472 4474 4483 4480 4474 4471 4473 4475 4477 4480
4598 4590 4593 4596 4592 4583 4579 4568 4553 4549 4541 4534 4536 4544 4542 4542 4536 4532 4533 4522 4517 4514 4514 4511 4515 4516 4514 4509 4506 4508 4505 4497 4500 4497 4494 4493 4498 4508 4507 4496 4492 4490 4488 4495 4498 4495 4487 4484 4482 4483 4483 4483 4485 4489 4485 4484 4489 4493 4495 4490 4491 4489 4486 4484 4489 4494 4496 4490 4486 4486 4487 4485 4481 4482 4477 4476 4478 4477 4473 4470 4472 4474 4475 4472
4590 4602 4601 4594 4587 4571 4562 4550 4548 4555 4548 4532 4535 4543 4551 4550 4540 4531 4532 4525 4517 4512 4514 4517 4513 4511 4510 4506 4504 4510 4511 4498 4502 4504 4500 4494 4493 4500 4503 4501 4495 4492 4490 4487 4492 4489 4490 4483 4484 4483 4482 4482 4485 4489 4486 4483 4488 4492 4494 4493 4492 4490 4487 4486 4490 4490 4488 4491 4484 4485 4487 4487 4484 4482 4479 4483 4481 4476 4473 4471 4474 4476 4477 4475
4584 4625 4615 4581 4572 4559 4542 4542 4547 4553 4541 4538 4542 4554 4567 4560 4544 4535 4530 4523 4516 4509 4511 4513 4513 4516 4507 4502 4503 4508 4508 4504 4509 4509 4505 4505 4505 4505 4505 4499 4497 4493 4489 4487 4495 4494 4485 4483 4480 4484 4488 4485 4488 4489 4490 4486 4488 4492 4495 4494 4494 4494 4489 4495 4494 4492 4490 4493 4486 4486 4488 4490 4491 4489 4485 4478 4477 4478 4480 4478 4477 4479 4481 4483
4571 4605 4619 4586 4568 4556 4543 4545 4549 4539 4536 4549 4551 4563 4578 4569 4544 4532 4536 4524 4516 4512 4507 4508 4510 4511 4508 4505 4503 4504 4505 4505 4505 4507 4508 4511 4513 4519 4510 4503 4499 4495 4493 4489 4493 4494 4490 4481 4484 4484 4483 4484 4486 4489 4494 4494 4492 4491 4492 4496 4498 4502 4503 4509 4500 4494 4497 4501 4490 4492 4492 4494 4499 4497 4490 4482 4477 4480 4481 4482 4482 4481 4481 4483
4571 4572 4575 4580 4565 4554 4548 4555 4554 4542 4539 4549 4551 4559 4560 4550 4542 4534 4535 4529 4521 4513 4504 4505 4510 4512 4509 4506 4505 4502 4504 4505 4505 4506 4506 4506 4507 4508 4508 4505 4502 4499 4493 4485 4492 4501 4493 4486 4482 4482 4481 4482 4487 4491 4493 4496 4498 4495 4496 4506 4509 4504 4508 4509 4501 4499 4501 4501 4492 4494 4498 4497 4499 4496 4487 4485 4479 4479 4483 4486 4485 4483 4480 4476
4574 4562 4566 4575 4561 4550 4550 4551 4548 4545 4542 4546 4550 4554 4553 4543 4543 4536 4538 4535 4527 4519 4509 4507 4509 4510 4509 4508 4507 4507 4504 4504 4503 4508 4505 4502 4499 4505 4504 4503 4501 4502 4500 4488 4488 4493 4495 4486 4484 4482 4481 4481 4488 4495 4496 4499 4502 4501 4502 4508 4507 4505 4514 4501 4498 4497 4501 4500 4493 4491 4492 4497 4496 4493 4491 4486 4480 4477 4481 4488 4486 4483 4480 4477
4571 4562 4566 4569 4558 4549 4552 4548 4545 4548 4541 4548 4547 4553 4560 4560 4539 4535 4535 4535 4526 4516 4514 4510 4509 4509 4507 4503 4508 4508 4504 4501 4505 4507 4504 4500 4498 4498 4495 4497 4498 4495 4498 4499 4490 4485 4487 4483 4482 4484 4485 4489 4486 4500 4501 4500 4500 4500 4505 4506 4500 4503 4506 4495 4493 4494 4495 4497 4490 4489 4500 4501 4498 4494 4494 4487 4486 4478 4480 4487 4487 4485 4482 4477
4565 4561 4565 4561 4558 4562 4551 4548 4546 4542 4541 4551 4551 4548 4540 4534 4532 4534 4535 4534 4525 4517 4512 4512 4512 4510 4509 4510 4508 4506 4503 4499 4498 4504 4502 4500 4498 4498 4498 4498 4498 4499 4494 4495 4486 4486 4480 4480 4482 4483 4484 4486 4490 4502 4496 4496 4497 4499 4500 4496 4494 4494 4505 4500 4498 4494 4490 4485 4492 4495 4506 4506 4502 4498 4492 4488 4490 4483 4482 4487 4489 4489 4487 4486
4554 4543 4561 4563 4565 4567 4558 4548 4546 4541 4550 4552 4556 4545 4532 4525 4532 4539 4542 4540 4537 4529 4518 4516 4515 4513 4511 4510 4513 4508 4503 4499 4495 4498 4499 4499 4500 4501 4502 4501 4501 4502 4499 4494 4493 4485 4482 4485 4482 4479 4480 4479 4483 4496 4493 4492 4492 4493 4499 4503 4494 4495 4495 4509 4504 4497 4492 4485 4493 4497 4504 4507 4507 4503 4496 4491 4493 4493 4489 4491 4493 4494 4494 4494
4548 4532 4537 4550 4563 4560 4557 4547 4543 4532 4551 4558 4553 4543 4533 4526 4531 4525 4542 4544 4536 4535 4530 4522 4518 4515 4512 4509 4509 4508 4503 4498 4494 4495 4497 4499 4509 4506 4504 4502 4502 4507 4511 4500 4499 4491 4486 4490 4487 4482 4479 4478 4483 4491 4492 4489 4487 4492 4497 4499 4493 4493 4498 4503 4497 4497 4495 4489 4488 4486 4500 4507 4508 4509 4505 4497 4498 4502 4498 4495 4497 4497 4498 4500
