real_craters/C171-300m.grd
DSAA
438 438
-65.52 65.52
-65.52 65.52
3120.2167820528 5343.584630691
[rows 90 to 119 of 438, columns 0 to 66 of 438]
4678 4677.65 4675.91 4674.68 4673.82 4673.11 4672.39 4671.55 4670.22 4669.51 4673.55 4676.94 4679.67 4681.02 4680.59 4680.55 4680.08 4679.43 4678.38 4676.73 4675.89 4675.79 4674.74 4673.44 4672.23 4671.28 4671.3 4673.06 4673.4 4671.1 4669.75 4670.72 4672.5 4672.88 4671.17 4668.59 4666.11 4663.66 4661.36 4659.31 4657.14 4654.86 4652.86 4651.06 4649.9 4649.31 4647.41 4646.33 4645.59 4644.8 4643.91 4642.5 4641.29 4641.32 4642.31 4642.69 4642.87 4643.13 4643.27 4643.29 4644.62 4645.77 4646.72 4647.19 4646.77 4646.52 4646.38
4677.62 4677.31 4676.42 4675.51 4674.76 4674.18 4673.51 4672.84 4671.86 4671.27 4672.72 4677.28 4680.95 4682.26 4683.16 4682.27 4680.98 4679.79 4678.27 4676 4675.03 4674.86 4673.92 4672.64 4671.22 4669.93 4669.38 4672.31 4674.19 4670.5 4668.89 4669.23 4671.1 4672.42 4670.77 4668.43 4666.12 4663.97 4661.9 4659.77 4657.72 4655.86 4653.8 4651.93 4650.65 4648.49 4647.75 4647.05 4646.34 4645.39 4644.1 4641.99 4639.68 4640.56 4641.87 4641.84 4641.9 4642.36 4642.97 4643.62 4644.85 4645.54 4645.9 4646.21 4646.3 4646.13 4645.83
4677.26 4676.49 4676.8 4676.45 4675.72 4675.1 4674.75 4674.76 4675.37 4675.79 4676.02 4679.35 4684.37 4687.07 4685.87 4683.14 4681.17 4679.98 4679.07 4677.83 4676.38 4674.96 4673.48 4671.94 4670.46 4668.96 4667.83 4671.7 4673.9 4669.07 4666.72 4664.92 4665.76 4669.51 4669 4667.45 4665.79 4664 4662.13 4660.21 4658.36 4656.47 4654.59 4652.62 4649.37 4648.3 4648.32 4648.09 4647.24 4646.17 4644.79 4642.86 4641.01 4640.47 4640.09 4640.05 4640.58 4641.56 4642.87 4644.73 4645.41 4645.54 4645.42 4645.56 4645.78 4645.62 4645.34
4679.34 4679.37 4678.27 4677.35 4676.61 4675.93 4675.71 4676.04 4677.09 4677.59 4677.48 4680 4684.68 4686.29 4684.35 4681.69 4680.08 4679.4 4679.46 4680.19 4677.65 4675.01 4673.12 4671.54 4670.21 4669.21 4669.09 4674.05 4674.82 4669.82 4666.76 4663.93 4664.1 4666.23 4666.38 4665.79 4664.7 4663.41 4661.86 4660.09 4658.53 4656.9 4655.3 4653.99 4653.7 4651.17 4651 4649.67 4648.46 4647.32 4646.08 4644.51 4641.97 4640.01 4638.54 4638.22 4639.25 4640.52 4642.07 4643.83 4644.86 4645.24 4646.24 4645.87 4645.36 4645.1 4645.04
4681.21 4680.08 4679.05 4678.28 4677.34 4676.47 4676 4676.15 4677.49 4677.78 4677.5 4679.03 4681.64 4681.92 4679.55 4678.02 4677.78 4677.64 4677.83 4678.28 4676.34 4674.15 4672.34 4670.97 4670.04 4669.83 4671.17 4675.18 4676.06 4673.06 4668.59 4665.38 4664.21 4664.48 4664.21 4664.31 4663.62 4662.54 4661.3 4659.83 4658.5 4657.18 4655.77 4654.4 4653.28 4653.91 4652.75 4650.76 4649.39 4648.26 4647.08 4645.22 4641.52 4640.15 4638.45 4637.68 4638.12 4639.34 4640.75 4642.17 4643.04 4643.66 4644.53 4644.72 4644.57 4644.43 4644.45
4682.49 4680.91 4679.99 4679.18 4677.95 4676.74 4675.65 4674.81 4674.27 4675.27 4676.64 4678.06 4678.07 4677.61 4675.4 4674.8 4675.37 4675.39 4674.97 4674.1 4673.61 4672.54 4671.31 4670.25 4669.62 4669.61 4670.58 4672.27 4674.26 4673.47 4669.23 4665.79 4663.64 4663.37 4663.32 4663.47 4662.83 4661.93 4660.84 4659.67 4658.65 4657.56 4656.43 4654.96 4652.78 4652.27 4651.74 4650.67 4649.81 4648.99 4647.91 4646.19 4643.51 4641.73 4638.88 4636.93 4637.24 4638.41 4639.65 4640.26 4640.48 4642.16 4642.62 4643.32 4643.54 4643.54 4643.49
4683.35 4682.84 4682.03 4680.05 4678.06 4676.47 4675.07 4673.6 4672.02 4673.07 4675.25 4677.36 4677.88 4676.69 4675.01 4674.06 4673.81 4673.45 4672.79 4671.83 4671.45 4670.76 4669.96 4669.14 4668.7 4668.67 4669 4669.28 4670.39 4669.98 4667.9 4665.53 4663.45 4662.03 4663.32 4662.93 4662.08 4661.06 4660.03 4659.08 4658.22 4657.48 4656.95 4656.7 4655.38 4650.83 4650.1 4650.05 4649.92 4649.67 4648.92 4647.18 4644.43 4642.48 4639.18 4636.8 4636.71 4637.96 4639.45 4640.86 4642.02 4642.48 4642.48 4642.6 4642.75 4642.75 4642.58
4682.41 4683.49 4683.24 4679.96 4677.73 4676.18 4674.9 4673.62 4672.57 4672.75 4673.75 4674.81 4676.68 4675.68 4674.44 4673.61 4672.88 4671.97 4671.15 4670.69 4669.91 4669.38 4668.63 4667.94 4667.46 4667.19 4667.43 4667.41 4667.77 4667.3 4665.97 4664.19 4662.45 4661.06 4662.82 4662.13 4660.79 4659.66 4658.66 4657.82 4657.3 4656.81 4656.57 4656.83 4656.37 4653.16 4649.91 4649.82 4650.05 4650.28 4650.3 4648.61 4644.45 4642.36 4639.67 4636.76 4636.52 4637.88 4639.73 4642 4644.33 4643.56 4642.21 4642.25 4642.18 4642.13 4641.98
4682.09 4681.4 4679.67 4677.84 4676.6 4675.62 4674.77 4674.15 4673.62 4672.88 4672.41 4672.26 4672.61 4673.18 4673.35 4673.32 4672.04 4670.85 4669.48 4668.62 4668.7 4668.25 4667.44 4666.64 4666 4665.53 4665.54 4666.31 4666.35 4665.43 4664.13 4662.45 4660.63 4660.64 4662.1 4660.69 4659.12 4657.96 4657.13 4656.46 4656.09 4655.61 4655.32 4655.04 4655.2 4654.54 4650.54 4649.97 4650.13 4650.54 4651.11 4650.61 4647.27 4644.49 4641.48 4637.75 4636.99 4638.09 4639.8 4641.99 4644.35 4643.71 4642.58 4642.11 4641.83 4641.67 4641.62
4680.43 4678.39 4674.81 4675.28 4675.32 4674.97 4674.65 4674.52 4674.05 4672.93 4671.58 4669.74 4669.75 4670.96 4671.37 4671.51 4670.62 4670.03 4669.46 4668.83 4668.35 4667.62 4666.66 4665.72 4664.88 4664.36 4665.92 4668.08 4665.08 4663.85 4662.72 4661.22 4659.55 4658.73 4658.96 4657.71 4656.56 4655.77 4655.19 4654.84 4654.63 4654.33 4653.8 4652.88 4652.49 4651.92 4650.43 4649.86 4649.96 4650.17 4650.19 4649.64 4648.44 4646.76 4643.55 4639.81 4638.14 4638.39 4639.52 4641.01 4642.18 4642.62 4642.41 4642.02 4641.57 4641.16 4640.96
4679.49 4677.91 4675.96 4675.31 4674.92 4674.45 4674.19 4674.47 4674.77 4672.88 4671.5 4670.85 4670.73 4669.68 4668.98 4668.42 4668.33 4669.13 4670.11 4669.83 4668.56 4667.3 4666.05 4664.89 4664.01 4663.82 4665.63 4667.4 4664.92 4663.16 4661.88 4660.5 4658.81 4656.47 4654.39 4654.12 4653.9 4653.79 4653.7 4653.65 4653.5 4653.3 4652.86 4651.38 4650.22 4649.25 4649.31 4649.33 4649.58 4649.81 4649.49 4648.89 4647.91 4646.69 4644.21 4640.64 4638.54 4638.66 4639.32 4640.05 4640.45 4641.58 4642.42 4641.69 4641.13 4640.48 4639.99
4680.34 4680.13 4678.76 4676.66 4675.13 4674.07 4673.21 4672.66 4672.44 4671.98 4671.31 4670.46 4669.44 4668.45 4666.61 4664.86 4665.36 4667.87 4670.04 4669.97 4668.5 4666.91 4665.4 4664.02 4663.06 4663.1 4664.85 4665.75 4664.68 4662.78 4661.25 4659.93 4658.72 4656.36 4652.45 4651.44 4651.7 4652.04 4652.28 4652.34 4652.26 4652.32 4652.51 4653.05 4650.35 4648.53 4648.64 4648.75 4649.1 4649.6 4649.84 4649.07 4647.68 4646.41 4644.16 4640.98 4638.61 4639.29 4639.99 4640.11 4639.7 4640.23 4641.18 4640.86 4640.41 4639.79 4639.21
4682.59 4684.02 4680.55 4677.04 4675.3 4673.76 4672.2 4670.48 4670.03 4671.07 4671.44 4670.98 4670.86 4667.75 4664.88 4662.48 4662.98 4666.39 4669.87 4669.6 4667.92 4666.18 4664.53 4662.98 4661.68 4661 4661.89 4662.98 4662.76 4661.5 4660.25 4659.17 4658.42 4656.81 4651.75 4649.7 4650.3 4650.85 4651.1 4651.14 4650.9 4650.79 4650.99 4651.26 4649.88 4648.58 4648.01 4647.82 4648.51 4649.47 4650.34 4649.52 4647.67 4645.63 4645.57 4643.71 4640.92 4641.83 4642.06 4641.45 4640.36 4640.22 4640.15 4639.66 4639.53 4639.23 4638.88
4683.77 4686.05 4682.14 4678.08 4675.52 4673.7 4672.02 4670.04 4669.79 4671.27 4672.34 4672.71 4670.33 4667.03 4663.76 4661.23 4661.06 4664.34 4667.81 4667.79 4666.54 4665.07 4663.49 4661.95 4660.42 4659.03 4660.1 4660.71 4660.13 4659.75 4658.93 4657.89 4656.94 4655.97 4653.94 4650.43 4650.4 4650.42 4650.34 4650.17 4649.83 4649.38 4648.7 4648.73 4649.04 4648.17 4646.45 4646.59 4647.67 4648.92 4650.05 4649.61 4648.92 4648.73 4650.72 4650.68 4647.78 4647.36 4645.69 4643.67 4641.36 4639.13 4638.76 4638.63 4638.48 4638.2 4638.75
4683.1 4684.63 4681.98 4677.56 4675.45 4673.89 4672.76 4672.2 4671.81 4672.22 4673 4673.72 4670.32 4665.99 4663.03 4660.67 4659.92 4662.2 4664.38 4665.17 4664.8 4663.86 4662.64 4661.42 4660.22 4659.46 4661.01 4660.52 4659.33 4658.6 4657.63 4656.32 4654.67 4653.04 4653.88 4652.86 4651.54 4650.64 4650.14 4649.73 4649.26 4648.35 4647.01 4646.79 4649.72 4648.91 4646.71 4646.18 4646.8 4647.71 4648.74 4649.03 4649.58 4651.68 4658.52 4659.76 4659.41 4654.13 4649.13 4645.94 4643.54 4640.47 4638.45 4638.07 4637.81 4637.93 4638.39
4681.38 4682.93 4680.82 4677.48 4674.94 4673.88 4673.54 4673.15 4673.09 4672.78 4672.22 4670.92 4667.37 4664.42 4662.74 4661.52 4661.28 4661.49 4661.71 4663.2 4663.41 4662.77 4661.86 4661.09 4660.59 4660.66 4662.12 4660.58 4659.05 4657.82 4656.51 4654.96 4652.98 4650.65 4651.27 4652.84 4651.81 4650.85 4650.45 4650.04 4649.44 4648.47 4647.24 4647.2 4649.45 4648.46 4646.53 4645.66 4645.86 4646.34 4646.42 4647.87 4648.95 4651.6 4659.67 4661.31 4658.34 4653.94 4649.88 4646.88 4644.87 4643.05 4639.09 4637.78 4637.26 4637.49 4637.66
4678.72 4679.22 4677.43 4674.31 4673.17 4673.29 4674.03 4675.23 4674.28 4673.1 4671.48 4668.71 4666.22 4664.06 4662.79 4662.41 4662.96 4663.39 4663.19 4663.1 4662.66 4662.01 4661.2 4660.65 4660.66 4661.2 4661 4659.79 4658.37 4657.13 4655.54 4653.91 4652.25 4651.38 4651.69 4651.5 4650.69 4650.66 4650.77 4650.62 4650.21 4649.5 4648.64 4648.19 4647.92 4646.58 4644.63 4643.61 4644.63 4647 4648.26 4647.62 4647.36 4647.52 4651.09 4653.7 4652.12 4650.13 4648.42 4646.06 4643.54 4640.78 4638.54 4637.23 4637.03 4637.11 4637.28
4676.02 4675.19 4673.21 4671.31 4671.06 4672.25 4673.77 4674.82 4674.55 4673.34 4671.78 4669.76 4666.49 4663.93 4662.76 4662.62 4663.67 4664.82 4664.92 4663.42 4662.18 4661.15 4660.19 4659.62 4659.8 4661.22 4662.49 4661.35 4659.02 4656.81 4654.84 4653.1 4651.68 4650.79 4650.71 4649.61 4649.19 4650.68 4651.36 4651.43 4651.24 4650.85 4650.21 4648.94 4647.35 4644.91 4642.3 4640.63 4642.34 4645.41 4647.69 4646.27 4645.69 4645.93 4645.72 4646.12 4647.61 4647.9 4646.51 4644.74 4642.27 4639.35 4637.13 4636.49 4636.59 4637.04 4637.73
4674.2 4672.78 4670.73 4669.48 4669.51 4671.31 4673.14 4674.69 4674.31 4673.31 4671.8 4669.69 4666.59 4663.75 4662.39 4661.74 4661.8 4663.12 4663.93 4662.73 4661.37 4660.12 4658.93 4657.98 4657.63 4659.65 4662.78 4662.05 4658.94 4656.22 4654.24 4652.6 4651.15 4649.68 4647.86 4647.78 4650.04 4651.84 4652.29 4652.3 4652.22 4652.02 4651.7 4649.3 4646.24 4643.69 4640.96 4638.85 4639.67 4641 4642.07 4642.76 4642.9 4643.77 4643.17 4642.11 4643.62 4644.33 4644.48 4643.6 4641.96 4639.12 4636.6 4636.02 4636.18 4636.78 4637.86
4673.12 4672.49 4671.96 4670.27 4669.64 4670.8 4672.39 4673.46 4673.96 4673.31 4671.77 4669.4 4666.69 4663.94 4661.99 4660.65 4659.62 4660.38 4661.86 4661.28 4660.14 4658.92 4657.63 4656.27 4654.95 4655.21 4656.95 4656.2 4655.77 4654.65 4653.28 4652.06 4650.84 4649.85 4649.75 4650.5 4654.19 4653.54 4652.78 4652.54 4652.62 4652.58 4651.79 4649.07 4645.63 4643.52 4640.89 4638.57 4638.26 4638.41 4638.97 4639.41 4639.17 4638.23 4637.14 4638.77 4640.61 4642.24 4642.96 4642.85 4642.06 4639.59 4636.67 4635.86 4635.91 4636.31 4636.97
4671.91 4671.94 4672.36 4670.18 4669.17 4670.34 4672.19 4673.58 4674.03 4673.68 4672.46 4670.25 4667.28 4664.08 4661.86 4660.17 4658.95 4659.28 4660.14 4659.73 4658.85 4657.86 4656.77 4655.42 4653.9 4653.01 4652.97 4651.93 4653.02 4653.16 4652.47 4651.51 4650.65 4649.92 4649.71 4651.5 4654.15 4652.92 4652.21 4652.14 4652.49 4652.81 4652.59 4651.15 4648.2 4644.79 4641.57 4639.29 4637.68 4637.09 4637.17 4637.17 4636.46 4634.79 4632.98 4635.33 4638.08 4640.69 4641.8 4642.24 4641.68 4639.77 4637.25 4636.22 4635.87 4635.97 4636.21
4670.56 4670.22 4669.04 4667.96 4667.69 4669.74 4672.29 4673.98 4674.27 4674.26 4673.59 4671.49 4668.27 4664.83 4662.24 4660.33 4658.83 4658.59 4658.74 4658.22 4657.62 4656.99 4656.29 4655.46 4654.39 4654.05 4653.7 4652.99 4652.79 4652.52 4652.01 4651.27 4650.54 4649.82 4649.13 4649.36 4649.42 4650.18 4650.56 4651.02 4651.84 4652.96 4653.47 4653.45 4650.71 4646.1 4642.05 4638.66 4637.21 4637.19 4636.79 4636.22 4635.4 4634.29 4632.89 4632.67 4635.5 4638.22 4640.28 4641.97 4642.67 4640.69 4638.6 4636.74 4635.78 4635.88 4636.4
4669.7 4669.34 4668.24 4667.73 4667.87 4669.09 4671.8 4673.6 4673.81 4674.36 4675.13 4672.99 4669.21 4665.8 4663.15 4660.99 4659.1 4657.73 4657.18 4656.75 4656.49 4656.31 4656.23 4656.26 4655.99 4656.27 4655.73 4654.72 4653.43 4652.53 4651.82 4651.2 4650.34 4649.8 4649.54 4648.58 4648.29 4647.91 4648.31 4648.99 4650.02 4651.92 4654.09 4653.5 4650.57 4646.1 4642.09 4639.02 4637.48 4637.32 4636.85 4636.08 4635.24 4634.55 4633.9 4632.86 4634.67 4636.53 4639.01 4641.56 4642.37 4640.35 4637.55 4635.42 4635.09 4635.76 4636.91
4669.18 4669.62 4670.52 4670.72 4668.22 4668.48 4669.05 4670.68 4672.36 4673.09 4672.93 4671.81 4669.18 4666.57 4664.2 4661.77 4659.78 4657.35 4655.63 4655.57 4655.6 4655.65 4656.01 4657.03 4659.16 4657.84 4656.55 4655.09 4653.4 4652.2 4651.36 4650.71 4650.04 4649.64 4648.93 4647.35 4645.83 4645.21 4645.88 4646.36 4646.81 4647.54 4649.14 4649.83 4648.09 4644.76 4641.44 4638.48 4636.78 4637.15 4636.96 4636.28 4635.37 4634.7 4634.01 4633.69 4635.78 4637.62 4640 4642.33 4642.29 4639.58 4635.45 4633.13 4634.23 4635.56 4636.86
4668.3 4669.56 4671.4 4672.28 4670.9 4670.1 4669.71 4670.16 4671.19 4671.76 4671.51 4670.33 4668.55 4666.14 4663.55 4662.64 4661.07 4658.09 4655.29 4655.12 4655.06 4655.07 4655.24 4655.82 4657.09 4658.05 4655.19 4653.74 4652.54 4651.62 4650.88 4650.13 4649.64 4649.2 4648.82 4648.46 4644.84 4644.1 4644.06 4643.98 4643.51 4642.32 4642.19 4644.31 4644.48 4642.91 4640.62 4638.34 4636.94 4637.95 4637.72 4636.83 4636.04 4635.07 4634.35 4633.95 4637.14 4639 4641.26 4643.3 4643.84 4639.6 4635.44 4633.44 4634.4 4635.8 4636.82
4667.02 4668.75 4670.21 4670.69 4670.58 4670.03 4669.51 4669.79 4670.37 4670.85 4670.78 4669.73 4668.11 4666.44 4665.12 4663.98 4662.84 4660.3 4656.68 4655.38 4654.78 4654.42 4654.06 4653.21 4651.46 4651.49 4651.62 4651.51 4651.4 4650.86 4650.18 4649.47 4648.7 4648.22 4647.8 4646.74 4644.72 4643.74 4642.79 4642.38 4641.73 4640.38 4640.23 4641.46 4642.06 4641.55 4640.29 4638.95 4638.41 4639.58 4638.95 4637.81 4636.58 4635.34 4634.21 4633.8 4636.3 4638.92 4641.23 4641.6 4640.69 4638.6 4636.06 4634.64 4635.43 4636.95 4637.98
4666.43 4668.1 4669.3 4669.73 4668.93 4667.5 4668.2 4668.9 4669.54 4669.97 4669.86 4668.88 4667.53 4666.27 4665.81 4664.49 4663.63 4661.31 4657.61 4655.91 4654.84 4654.02 4653.34 4652.48 4651.41 4650.73 4651.45 4651.07 4650.6 4649.94 4649.35 4648.67 4647.93 4647.24 4646.5 4645.59 4643.57 4641.71 4641.41 4641.56 4641.63 4641.3 4641.03 4641.2 4641.3 4641 4640.41 4639.87 4639.5 4640.55 4639.83 4638.64 4637.42 4635.84 4634.07 4632.64 4634.28 4637.69 4641.5 4640.01 4638.56 4637.74 4636.38 4635.66 4636.6 4638.56 4640.92
4667.05 4667.89 4668.84 4669.35 4668.24 4667.1 4667.32 4667.98 4668.59 4669.15 4669.11 4668.07 4666.6 4665.05 4663.58 4663.27 4663.81 4662.21 4659.16 4656.54 4654.83 4653.6 4652.79 4652.68 4653.45 4653.59 4652.26 4651.03 4649.9 4649.03 4648.31 4647.66 4646.91 4645.98 4644.87 4644.04 4644 4641.06 4640.46 4640.97 4642.09 4643.59 4643.11 4642.01 4641.26 4640.92 4640.79 4640.94 4641.15 4641.3 4640.55 4639.45 4638.36 4637.06 4635.5 4633.45 4633.5 4635.88 4637.42 4638.68 4638.56 4637.53 4636.62 4636.46 4637.03 4638.81 4641.73
4667.39 4667.67 4668.24 4668.65 4667.38 4665.2 4666.78 4666.89 4667.39 4668.17 4668.46 4667.08 4665.65 4664.02 4661.99 4662.19 4663.63 4662.6 4659.42 4656.64 4654.46 4652.79 4651.68 4651.45 4652.61 4653.01 4652.18 4650.11 4648.8 4647.95 4647.23 4646.53 4645.7 4644.57 4643.03 4640.62 4638.05 4638.42 4639.06 4640.31 4641.71 4643.13 4642.62 4641.64 4640.72 4640.6 4640.96 4641.59 4642.37 4641.6 4640.97 4640.21 4639.58 4638.91 4638.59 4638.32 4636.39 4635.72 4635.85 4637.64 4638.32 4637.36 4636.29 4635.56 4635.77 4636.98 4638.31
4666.57 4666.95 4667.28 4667.17 4665.73 4663.68 4664.49 4665.36 4665.8 4666.05 4666.12 4665.78 4664.98 4664.04 4663.12 4663.91 4665.88 4663.96 4660.02 4656.58 4653.84 4651.69 4649.93 4648.26 4647.15 4647.65 4648.15 4647.57 4646.92 4646.4 4645.96 4645.42 4644.75 4643.8 4642.35 4639.95 4636.65 4636.37 4638.2 4640.11 4640.81 4640.55 4639.39 4638.86 4639.4 4639.98 4640.68 4641.69 4642.82 4642.07 4641.21 4640.73 4640.49 4640.63 4641.21 4641.6 4638.77 4637.01 4637.12 4637.82 4638.08 4637.13 4635.83 4634.39 4634.22 4635.24 4635.68
