real_craters/C171-750m.grd
DSAA
176 176
-65.52 65.52
-65.52 65.52
3125.1551732376 5334.5182922679
[rows 114 to 151 of 176, columns 0 to 83 of 176]
4632 4629 4629 4636 4628 4623 4621 4621 4620 4616 4614 4614 4617 4612 4611 4611 4615 4612 4608 4606 4607 4607 4606 4605 4610 4609 4611 4609 4610 4618 4622 4616 4610 4613 4606 4595 4590 4590 4590 4589 4583 4585 4587 4587 4589 4592 4593 4592 4592 4601 4603 4604 4606 4629 4658 4688 4711 4678 4654 4651 4665 4676 4686 4690 4695 4702 4709 4723 4751 4755 4755 4758 4751 4756 4762 4753 4730 4706 4713 4720 4724 4764 4796 4817
4635 4628 4626 4631 4625 4622 4621 4621 4621 4616 4614 4614 4614 4613 4611 4609 4607 4608 4605 4606 4609 4611 4614 4619 4613 4616 4611 4609 4612 4625 4626 4615 4608 4607 4604 4596 4590 4588 4588 4589 4586 4586 4588 4590 4589 4591 4593 4596 4594 4595 4601 4609 4604 4608 4641 4670 4678 4669 4656 4655 4667 4678 4686 4694 4699 4706 4713 4730 4762 4764 4766 4774 4764 4743 4717 4719 4708 4698 4699 4702 4704 4725 4730 4741
4637 4631 4630 4631 4626 4624 4623 4623 4623 4622 4618 4618 4618 4612 4609 4609 4608 4605 4606 4608 4611 4613 4616 4619 4615 4615 4610 4610 4611 4610 4612 4610 4607 4601 4607 4596 4588 4592 4591 4589 4587 4589 4589 4589 4592 4594 4595 4597 4594 4594 4604 4611 4609 4614 4643 4664 4678 4672 4660 4666 4680 4690 4695 4700 4706 4716 4726 4741 4774 4779 4770 4756 4761 4742 4724 4706 4701 4694 4691 4699 4703 4702 4696 4696
4639 4634 4630 4629 4626 4626 4625 4625 4624 4623 4618 4618 4623 4616 4610 4609 4609 4610 4611 4614 4616 4616 4614 4610 4612 4614 4613 4612 4608 4607 4606 4608 4607 4611 4600 4595 4592 4589 4588 4586 4584 4588 4590 4591 4590 4594 4589 4591 4598 4606 4609 4607 4606 4638 4652 4665 4677 4681 4683 4696 4714 4705 4707 4702 4712 4730 4747 4768 4803 4793 4775 4762 4749 4741 4733 4722 4716 4698 4682 4692 4701 4696 4681 4702
4639 4634 4630 4627 4621 4620 4626 4626 4624 4618 4615 4622 4622 4615 4613 4613 4614 4618 4624 4627 4623 4620 4616 4610 4617 4632 4644 4624 4615 4614 4612 4609 4606 4602 4599 4596 4591 4595 4588 4585 4586 4589 4592 4593 4595 4601 4591 4596 4610 4621 4612 4616 4632 4647 4657 4667 4677 4687 4703 4717 4722 4709 4689 4695 4717 4745 4775 4796 4796 4776 4766 4753 4748 4740 4738 4756 4754 4716 4680 4694 4701 4686 4691 4706
4642 4638 4634 4622 4621 4623 4631 4627 4623 4613 4619 4622 4620 4617 4619 4619 4620 4623 4629 4632 4627 4624 4622 4623 4627 4640 4650 4632 4620 4615 4610 4607 4606 4603 4603 4599 4593 4589 4592 4595 4596 4596 4593 4591 4590 4596 4598 4597 4596 4593 4604 4623 4644 4653 4658 4665 4674 4688 4711 4721 4718 4715 4685 4690 4724 4762 4790 4803 4800 4779 4753 4730 4732 4736 4745 4779 4790 4745 4712 4708 4716 4712 4717 4735
4644 4643 4635 4620 4616 4620 4627 4626 4625 4619 4618 4619 4619 4625 4620 4627 4629 4627 4628 4627 4626 4625 4626 4624 4624 4630 4634 4620 4609 4608 4611 4611 4608 4604 4603 4604 4602 4597 4607 4614 4616 4608 4593 4589 4589 4595 4604 4603 4594 4589 4602 4624 4644 4643 4657 4659 4667 4687 4700 4710 4717 4703 4677 4685 4732 4784 4817 4818 4799 4767 4740 4725 4720 4728 4745 4783 4800 4759 4724 4721 4709 4704 4733 4746
4646 4639 4633 4622 4619 4625 4619 4625 4633 4633 4618 4611 4614 4626 4624 4628 4630 4628 4623 4621 4622 4623 4626 4629 4620 4620 4617 4612 4609 4610 4615 4617 4613 4607 4606 4614 4609 4606 4608 4614 4619 4617 4597 4592 4595 4589 4600 4595 4593 4590 4607 4627 4637 4643 4640 4644 4651 4661 4686 4700 4708 4687 4670 4683 4739 4805 4870 4840 4786 4753 4732 4718 4707 4713 4728 4753 4771 4748 4722 4709 4696 4691 4714 4732
4647 4640 4637 4627 4623 4621 4620 4623 4629 4627 4616 4611 4616 4626 4623 4632 4628 4623 4620 4619 4617 4618 4622 4623 4619 4618 4607 4602 4606 4611 4617 4620 4618 4613 4620 4616 4607 4600 4602 4605 4608 4609 4593 4589 4589 4589 4586 4589 4584 4607 4632 4634 4633 4626 4625 4633 4639 4647 4673 4693 4687 4684 4683 4696 4737 4788 4843 4813 4760 4728 4722 4706 4694 4695 4702 4707 4735 4726 4704 4696 4694 4684 4673 4686
4641 4640 4640 4629 4623 4619 4617 4623 4628 4623 4615 4615 4621 4621 4616 4614 4620 4619 4615 4611 4611 4613 4613 4620 4634 4629 4616 4608 4607 4610 4618 4629 4620 4614 4610 4603 4602 4599 4597 4602 4603 4598 4592 4585 4582 4582 4584 4584 4584 4615 4634 4645 4648 4650 4646 4643 4640 4637 4662 4669 4678 4700 4706 4708 4725 4738 4735 4747 4730 4711 4714 4707 4681 4681 4686 4700 4720 4708 4696 4693 4689 4669 4663 4661
4641 4637 4636 4636 4630 4625 4623 4625 4625 4621 4618 4617 4624 4618 4617 4620 4615 4611 4606 4609 4614 4614 4609 4618 4635 4635 4625 4619 4608 4608 4613 4619 4613 4606 4599 4606 4609 4610 4602 4606 4607 4601 4592 4581 4580 4581 4585 4587 4609 4635 4651 4658 4665 4678 4661 4653 4652 4654 4671 4669 4700 4728 4723 4721 4713 4709 4708 4712 4713 4710 4710 4701 4682 4674 4675 4671 4677 4682 4680 4678 4671 4669 4667 4660
4641 4640 4640 4639 4634 4631 4630 4627 4623 4621 4621 4615 4614 4617 4619 4614 4612 4609 4608 4622 4635 4620 4610 4618 4632 4635 4625 4614 4605 4605 4606 4603 4602 4599 4601 4613 4617 4611 4606 4599 4596 4587 4580 4581 4577 4579 4584 4609 4629 4650 4662 4669 4672 4670 4671 4664 4666 4672 4684 4692 4721 4734 4711 4704 4694 4685 4683 4695 4706 4713 4724 4707 4674 4667 4673 4685 4682 4682 4681 4671 4660 4647 4645 4651
4637 4637 4638 4637 4633 4633 4624 4628 4624 4622 4623 4618 4613 4612 4609 4605 4609 4607 4605 4617 4622 4619 4614 4620 4633 4638 4623 4602 4603 4602 4601 4598 4595 4593 4589 4599 4607 4600 4597 4591 4586 4580 4578 4580 4575 4580 4599 4620 4644 4661 4669 4676 4677 4681 4674 4676 4676 4679 4673 4688 4699 4686 4671 4671 4670 4668 4671 4684 4700 4727 4716 4697 4667 4660 4669 4686 4692 4686 4681 4676 4660 4652 4655 4652
4634 4633 4631 4632 4633 4631 4628 4630 4629 4623 4616 4609 4608 4609 4608 4609 4606 4607 4609 4614 4618 4613 4611 4617 4626 4628 4617 4604 4604 4603 4600 4597 4593 4590 4586 4595 4597 4587 4582 4579 4583 4584 4580 4580 4585 4593 4605 4630 4645 4656 4667 4670 4672 4675 4671 4680 4677 4672 4656 4646 4643 4640 4638 4647 4655 4665 4669 4674 4685 4693 4692 4682 4658 4650 4656 4664 4667 4673 4678 4669 4658 4649 4650 4641
4634 4626 4626 4626 4630 4632 4633 4627 4631 4625 4618 4612 4612 4612 4608 4608 4606 4608 4612 4613 4610 4610 4606 4614 4617 4611 4607 4605 4605 4605 4603 4600 4598 4592 4590 4593 4585 4583 4589 4587 4588 4592 4580 4583 4591 4595 4610 4631 4644 4651 4657 4662 4661 4659 4664 4673 4663 4652 4635 4611 4599 4605 4622 4639 4645 4639 4647 4658 4666 4668 4668 4661 4648 4640 4641 4646 4657 4668 4668 4667 4658 4648 4625 4622
4642 4635 4630 4626 4630 4635 4633 4631 4627 4625 4622 4619 4615 4611 4609 4606 4604 4607 4611 4613 4611 4613 4617 4616 4615 4611 4605 4606 4610 4609 4605 4601 4596 4593 4589 4584 4582 4583 4598 4602 4590 4580 4578 4590 4592 4592 4594 4590 4592 4625 4647 4651 4646 4645 4658 4658 4634 4616 4593 4580 4578 4599 4621 4632 4638 4635 4641 4647 4649 4651 4653 4645 4633 4625 4626 4630 4641 4670 4674 4673 4662 4656 4643 4622
4660 4647 4633 4628 4629 4635 4634 4631 4626 4627 4626 4620 4617 4616 4612 4607 4605 4606 4608 4612 4605 4611 4622 4618 4616 4615 4611 4615 4618 4611 4606 4602 4601 4594 4588 4583 4582 4582 4583 4589 4585 4581 4588 4596 4593 4595 4589 4576 4575 4586 4611 4623 4620 4618 4602 4595 4595 4590 4577 4572 4582 4599 4614 4629 4636 4642 4643 4643 4641 4634 4636 4631 4619 4611 4613 4619 4631 4664 4681 4681 4665 4660 4656 4646
4660 4645 4631 4627 4626 4629 4633 4630 4625 4628 4629 4620 4615 4624 4619 4609 4607 4606 4605 4602 4603 4607 4614 4615 4614 4615 4617 4612 4610 4607 4602 4599 4594 4590 4587 4583 4583 4583 4581 4582 4581 4581 4589 4592 4590 4590 4580 4573 4573 4571 4576 4584 4592 4588 4573 4573 4580 4582 4574 4574 4585 4603 4622 4633 4641 4649 4643 4640 4640 4637 4629 4617 4606 4601 4600 4612 4629 4655 4676 4680 4671 4666 4660 4661
4641 4635 4626 4625 4628 4623 4622 4625 4620 4626 4627 4617 4609 4610 4610 4607 4605 4605 4605 4605 4602 4600 4605 4609 4608 4605 4601 4599 4595 4598 4597 4595 4591 4589 4586 4581 4581 4583 4581 4581 4579 4579 4588 4593 4587 4594 4582 4575 4574 4572 4576 4576 4579 4577 4575 4578 4578 4572 4573 4583 4597 4608 4624 4636 4642 4640 4635 4634 4637 4639 4619 4612 4592 4574 4587 4606 4629 4654 4678 4681 4664 4670 4661 4657
4636 4630 4625 4624 4621 4623 4626 4632 4623 4622 4620 4614 4609 4608 4609 4606 4606 4607 4607 4607 4603 4598 4603 4604 4603 4600 4601 4603 4599 4592 4593 4593 4593 4591 4585 4583 4585 4586 4574 4579 4581 4582 4588 4590 4583 4588 4593 4590 4582 4582 4590 4583 4578 4574 4571 4578 4571 4572 4578 4590 4601 4612 4624 4634 4631 4622 4622 4619 4619 4625 4611 4600 4586 4575 4584 4604 4627 4655 4681 4675 4656 4669 4656 4662
4639 4633 4628 4625 4623 4623 4620 4617 4616 4617 4615 4612 4609 4610 4610 4610 4612 4608 4608 4610 4607 4605 4605 4603 4601 4599 4600 4596 4591 4591 4591 4590 4588 4585 4584 4582 4589 4587 4579 4590 4586 4584 4584 4577 4576 4582 4585 4584 4581 4577 4590 4580 4578 4575 4576 4572 4572 4573 4578 4586 4596 4608 4619 4626 4623 4619 4610 4600 4587 4582 4592 4589 4577 4573 4585 4605 4625 4647 4666 4662 4660 4665 4656 4653
4640 4635 4632 4628 4625 4625 4619 4613 4612 4613 4614 4613 4614 4612 4608 4607 4608 4607 4608 4608 4607 4606 4604 4602 4600 4598 4598 4591 4590 4592 4591 4589 4587 4585 4585 4588 4592 4585 4583 4584 4588 4585 4579 4582 4580 4579 4585 4577 4574 4572 4587 4585 4577 4576 4575 4568 4569 4576 4581 4581 4591 4604 4612 4613 4614 4615 4601 4586 4569 4560 4570 4569 4568 4577 4591 4607 4627 4641 4652 4651 4652 4660 4655 4654
4639 4634 4632 4628 4625 4622 4619 4619 4615 4615 4616 4615 4612 4609 4608 4608 4605 4608 4609 4607 4605 4605 4602 4600 4598 4597 4593 4591 4590 4592 4590 4588 4586 4585 4585 4589 4591 4585 4582 4584 4588 4584 4578 4581 4581 4578 4575 4574 4573 4574 4578 4575 4574 4574 4573 4570 4571 4581 4589 4594 4591 4606 4603 4606 4603 4606 4591 4577 4565 4560 4563 4565 4565 4578 4594 4604 4619 4634 4643 4641 4638 4643 4649 4652
4636 4633 4629 4625 4623 4624 4616 4619 4615 4620 4620 4616 4613 4612 4620 4614 4611 4615 4610 4606 4605 4606 4599 4596 4596 4596 4594 4591 4589 4586 4588 4588 4587 4585 4586 4589 4589 4587 4587 4586 4586 4584 4583 4586 4580 4573 4573 4574 4574 4572 4572 4574 4576 4573 4572 4571 4574 4579 4591 4594 4585 4584 4592 4597 4590 4584 4580 4571 4562 4559 4562 4562 4559 4564 4570 4593 4615 4635 4638 4633 4631 4636 4641 4641
4637 4631 4624 4621 4621 4620 4619 4619 4615 4623 4619 4616 4614 4617 4634 4625 4608 4613 4609 4604 4600 4604 4593 4592 4592 4590 4591 4591 4588 4588 4588 4589 4590 4591 4590 4589 4593 4590 4585 4589 4593 4587 4585 4586 4577 4576 4573 4576 4575 4575 4572 4573 4568 4573 4571 4567 4569 4576 4587 4587 4575 4578 4585 4590 4584 4578 4576 4569 4561 4561 4564 4566 4557 4555 4558 4585 4605 4618 4631 4627 4630 4641 4639 4634
4633 4627 4621 4619 4622 4627 4623 4619 4617 4614 4616 4616 4614 4617 4615 4612 4614 4607 4606 4603 4601 4603 4594 4594 4591 4590 4590 4591 4587 4586 4589 4590 4593 4598 4594 4591 4598 4588 4588 4595 4592 4591 4588 4580 4576 4574 4571 4575 4578 4577 4574 4571 4576 4576 4570 4568 4567 4576 4582 4577 4566 4571 4578 4585 4583 4583 4578 4571 4563 4560 4567 4571 4565 4555 4556 4581 4598 4599 4605 4617 4632 4642 4636 4632
4622 4621 4619 4618 4622 4627 4627 4619 4616 4617 4618 4616 4615 4612 4613 4613 4612 4610 4606 4603 4601 4601 4602 4597 4593 4588 4588 4588 4586 4585 4588 4589 4591 4591 4591 4589 4583 4584 4589 4591 4591 4586 4581 4576 4579 4573 4572 4577 4581 4584 4578 4571 4570 4572 4569 4564 4568 4573 4581 4577 4567 4573 4580 4580 4577 4578 4576 4573 4573 4567 4569 4573 4566 4557 4556 4566 4586 4595 4594 4605 4619 4628 4623 4619
4627 4624 4621 4618 4624 4630 4632 4620 4615 4618 4620 4619 4617 4619 4619 4618 4610 4610 4605 4601 4600 4600 4597 4596 4599 4598 4592 4589 4586 4584 4585 4587 4589 4589 4587 4586 4585 4586 4590 4586 4583 4577 4577 4576 4578 4576 4575 4579 4584 4591 4588 4572 4570 4571 4570 4569 4573 4572 4578 4578 4575 4575 4577 4578 4577 4573 4570 4568 4567 4567 4567 4566 4560 4559 4565 4562 4576 4589 4592 4593 4595 4597 4603 4607
4633 4631 4627 4624 4628 4634 4636 4625 4620 4621 4621 4619 4617 4615 4616 4612 4607 4601 4598 4598 4598 4596 4595 4597 4600 4601 4594 4590 4585 4583 4583 4587 4589 4590 4589 4584 4584 4587 4584 4581 4576 4576 4577 4577 4578 4578 4578 4580 4583 4585 4579 4571 4570 4572 4573 4576 4577 4576 4583 4580 4573 4574 4578 4578 4577 4569 4565 4566 4563 4563 4563 4562 4558 4559 4564 4561 4562 4580 4595 4592 4586 4580 4590 4602
4644 4638 4634 4633 4634 4635 4624 4622 4621 4622 4622 4619 4616 4614 4610 4605 4602 4597 4594 4595 4595 4595 4597 4599 4602 4611 4614 4593 4584 4582 4584 4589 4592 4593 4592 4588 4585 4579 4580 4581 4578 4576 4580 4581 4578 4576 4578 4581 4581 4578 4572 4570 4570 4572 4577 4585 4597 4596 4596 4585 4571 4575 4585 4581 4576 4569 4564 4570 4563 4559 4559 4560 4558 4558 4561 4560 4561 4560 4576 4588 4583 4582 4585 4595
4645 4642 4639 4637 4637 4635 4630 4628 4627 4622 4620 4618 4613 4611 4611 4607 4604 4603 4598 4597 4598 4598 4599 4600 4601 4608 4610 4594 4586 4585 4591 4593 4594 4595 4593 4589 4584 4579 4578 4581 4576 4577 4578 4577 4578 4578 4585 4582 4579 4575 4571 4571 4573 4573 4582 4591 4597 4606 4602 4590 4580 4578 4581 4581 4572 4569 4567 4564 4560 4558 4557 4557 4559 4563 4562 4563 4558 4563 4575 4576 4575 4578 4577 4565
4641 4641 4639 4637 4635 4637 4633 4634 4628 4620 4619 4617 4613 4609 4604 4603 4601 4601 4598 4596 4598 4600 4600 4597 4592 4595 4597 4592 4588 4588 4593 4595 4594 4594 4591 4582 4579 4577 4576 4578 4575 4579 4574 4575 4574 4579 4583 4581 4578 4575 4575 4575 4577 4581 4587 4592 4587 4584 4592 4588 4583 4579 4577 4579 4569 4569 4568 4565 4564 4561 4557 4554 4553 4559 4559 4557 4563 4566 4576 4566 4562 4564 4558 4554
4642 4640 4638 4635 4633 4637 4635 4634 4630 4624 4618 4617 4613 4609 4607 4604 4600 4597 4593 4595 4596 4602 4600 4593 4597 4596 4593 4590 4588 4588 4591 4591 4590 4587 4581 4578 4578 4575 4576 4576 4574 4574 4573 4575 4572 4574 4576 4577 4576 4575 4574 4576 4583 4586 4588 4593 4579 4579 4588 4584 4579 4574 4573 4571 4571 4572 4568 4568 4571 4564 4558 4553 4549 4558 4559 4559 4562 4562 4565 4562 4559 4556 4551 4560
4640 4638 4636 4635 4637 4633 4631 4635 4641 4633 4620 4618 4615 4610 4610 4608 4604 4598 4597 4597 4598 4600 4597 4595 4606 4598 4594 4590 4587 4588 4591 4591 4588 4582 4577 4574 4579 4577 4574 4577 4578 4577 4575 4574 4574 4575 4574 4574 4574 4573 4573 4574 4583 4569 4579 4592 4581 4581 4582 4578 4577 4577 4571 4574 4570 4572 4569 4571 4571 4566 4560 4556 4552 4559 4560 4561 4557 4560 4564 4564 4562 4556 4557 4572
4636 4634 4633 4633 4632 4633 4633 4636 4655 4644 4622 4618 4611 4607 4606 4607 4604 4602 4600 4601 4603 4601 4599 4596 4610 4606 4599 4594 4589 4591 4594 4592 4585 4579 4574 4572 4585 4584 4577 4580 4578 4575 4573 4576 4575 4573 4575 4577 4576 4574 4574 4572 4572 4568 4570 4578 4576 4567 4567 4571 4572 4571 4570 4571 4573 4572 4576 4573 4568 4566 4563 4560 4562 4567 4564 4559 4556 4556 4567 4570 4561 4562 4567 4575
4630 4630 4630 4630 4630 4632 4635 4634 4646 4640 4624 4617 4609 4604 4605 4607 4607 4606 4606 4605 4604 4602 4598 4600 4609 4614 4605 4598 4595 4593 4593 4591 4583 4577 4574 4571 4577 4580 4577 4582 4579 4578 4574 4576 4571 4571 4580 4581 4578 4575 4573 4574 4570 4568 4566 4566 4565 4565 4569 4572 4570 4566 4571 4576 4573 4573 4575 4573 4569 4567 4565 4563 4563 4566 4564 4557 4557 4556 4568 4574 4564 4568 4571 4573
4628 4628 4627 4627 4625 4627 4636 4631 4630 4624 4622 4613 4604 4600 4601 4600 4599 4601 4606 4611 4609 4603 4597 4598 4601 4601 4601 4598 4594 4591 4589 4583 4579 4575 4575 4575 4577 4579 4579 4580 4580 4573 4574 4577 4574 4602 4593 4585 4580 4576 4573 4568 4568 4565 4567 4568 4564 4565 4570 4577 4575 4572 4577 4574 4566 4568 4578 4583 4574 4569 4566 4566 4567 4572 4565 4558 4553 4555 4566 4572 4574 4575 4578 4569
4627 4627 4627 4626 4625 4625 4627 4629 4626 4620 4617 4606 4601 4604 4602 4598 4593 4597 4607 4615 4609 4602 4597 4592 4592 4595 4598 4597 4594 4590 4584 4579 4577 4577 4576 4575 4578 4581 4583 4581 4578 4571 4573 4583 4591 4594 4589 4584 4579 4576 4571 4568 4563 4562 4567 4570 4569 4574 4576 4583 4581 4582 4586 4573 4566 4579 4574 4567 4569 4569 4568 4568 4567 4565 4566 4558 4554 4555 4561 4567 4572 4571 4568 4559
