real_craters/C171-300m.grd
DSAA
438 438
-65.52 65.52
-65.52 65.52
3120.2167820528 5343.584630691
[rows 240 to 269 of 438, columns 201 to 267 of 438]
3523.09 3487.63 3458.61 3442.61 3434.3 3427.1 3419.73 3417.51 3414.23 3412.29 3409.32 3408.76 3408.92 3409.52 3408.88 3407.55 3407.92 3407.75 3407.81 3407.78 3407.48 3408.48 3409.4 3410.78 3413.55 3415.82 3417.22 3417.65 3417.9 3418.54 3419.11 3419.43 3417.57 3414.3 3411.37 3408.9 3405.4 3400.46 3398.83 3397.56 3395 3392.88 3393.81 3396.69 3400.35 3403.99 3407.76 3411.91 3419.65 3430.39 3442.73 3458.07 3488.79 3527.35 3566.07 3599.02 3626.69 3669.09 3716.81 3765.43 3822.06 3889.38 3962.94 4038.7 4113.1 4186.55 4255.48
3527.3 3496.79 3470.72 3455.07 3445.03 3436.17 3427.68 3425.57 3420.09 3415.1 3411.63 3410.13 3409.06 3408.44 3407.22 3405.59 3404.99 3404.91 3405.35 3405.84 3406.11 3406.85 3407.58 3409.49 3412.94 3416.68 3420.1 3422.76 3424.16 3423.94 3425.24 3424.81 3423.03 3420.7 3416.9 3413.49 3409.91 3406.07 3404.43 3403.39 3403 3401.63 3402.17 3405.55 3409.28 3413.08 3418 3422.39 3429.34 3439.54 3452.52 3473.71 3508.21 3547.21 3586.67 3619.31 3647.15 3690.51 3742.94 3798.61 3860.1 3929.38 4006 4084.69 4163.28 4241.25 4316.03
3531.72 3507.15 3484.59 3467.86 3453.99 3444.73 3437.52 3434.72 3427.68 3421.68 3416.59 3413.04 3410.13 3407.43 3405.52 3404.03 3402.99 3403.29 3404.68 3406.1 3407.37 3407.52 3408.18 3410.67 3414.86 3419.97 3424.97 3429.29 3432.05 3432.67 3434.37 3432.75 3429.97 3426.85 3423.06 3419.64 3417.03 3415.17 3413.59 3413.62 3414.31 3414.16 3414.85 3417.93 3421.14 3424.54 3429.44 3435.24 3442.92 3452.98 3466.89 3490.01 3525.93 3568.38 3614.38 3649.41 3679.55 3724.44 3777.74 3835.01 3897.4 3970.22 4049.38 4130.97 4212.48 4292.49 4368.83
3541.03 3521.21 3501.68 3483.99 3468.02 3457.19 3449.83 3444.36 3437.21 3430 3423.14 3417.4 3413.1 3408.79 3406.08 3404.25 3402.89 3403.59 3406.53 3408.75 3409.75 3409.95 3410.67 3414.05 3419.1 3425.72 3431.79 3436.82 3440.65 3443.2 3444.55 3442.36 3438.74 3434.31 3431.12 3428.14 3427.39 3427.34 3427.06 3429.16 3433.54 3433 3431.84 3434.92 3437.37 3440.03 3444.07 3452.94 3461.72 3471.68 3486.13 3510.64 3544.64 3590.26 3644.42 3682.39 3716.51 3764.94 3819.78 3877.58 3940.2 4013.33 4094.18 4177.42 4260.31 4340.1 4412.4
3554.82 3538.14 3520.94 3503.66 3487.55 3473.66 3461.87 3452.08 3446.33 3439.28 3430.13 3424.18 3419.77 3415.2 3411.5 3408.31 3407.18 3408.63 3412.59 3415.37 3416.49 3416.32 3415.74 3420.81 3427.53 3434.62 3441.02 3446.06 3450.4 3454.66 3455.77 3453.61 3450.72 3447.02 3443.33 3440.11 3443.58 3447.92 3449.21 3452.56 3459.56 3458.15 3460.49 3456.76 3458.35 3462.33 3468.29 3478.13 3487.45 3497.43 3511.8 3539.23 3576.19 3625.56 3683.91 3722.42 3759.65 3814.27 3869.66 3925.91 3985.9 4058.39 4140.05 4224.55 4308.76 4388.04 4457.94
3570.36 3559.06 3544.38 3526.52 3507.37 3493.06 3478.94 3466.24 3457.59 3450.13 3440.54 3434.8 3431.37 3427.66 3423.03 3417.95 3418.03 3420.44 3424.2 3426.74 3427.74 3427.35 3427.22 3432.3 3439.98 3446.41 3452.69 3457.94 3461.65 3464.05 3465.91 3466.81 3466.1 3464.19 3461.4 3459.92 3469.79 3481.17 3482.89 3481.91 3483.87 3479.51 3475.15 3478.2 3484.64 3491.65 3499.84 3510.71 3521.99 3532.59 3547.99 3581.14 3626.48 3683.89 3748.68 3788.62 3826.72 3877.33 3928.23 3980.48 4036.47 4106.06 4187.77 4271.9 4356.16 4436.89 4510.33
3592.65 3588.5 3574.3 3556.33 3536.75 3518.49 3501.43 3486.95 3473.71 3465.43 3457.8 3450.63 3448.25 3445.54 3441.57 3436.53 3436.36 3438.99 3441.73 3443.29 3443.67 3443.26 3442.82 3447.11 3453.32 3461.14 3467.54 3472.79 3476.89 3479.77 3481.57 3483.3 3484 3484.22 3485.42 3491.12 3505.68 3521.44 3519.84 3512.35 3509.19 3504.45 3496.92 3507.06 3520.18 3529.68 3540.22 3554.4 3568.51 3579.53 3594.25 3634.72 3687.7 3751.56 3829.6 3878.13 3913.58 3950.32 3992.69 4039.77 4092.43 4158.08 4236.44 4318.44 4400.47 4482.06 4558.5
3613.98 3616.56 3604.47 3587.63 3569.49 3548.57 3529.27 3512.06 3494.89 3486.48 3476.29 3470.77 3471.19 3470.56 3467.49 3463.05 3462.31 3464.31 3464.97 3465.07 3464.57 3463.92 3464.83 3466.78 3472.35 3480.12 3486.16 3490.53 3494.54 3500.17 3501.57 3503.57 3504.47 3506.45 3511.25 3522.32 3543.84 3566.65 3567.56 3551.5 3545.95 3546.52 3542.89 3555.25 3571.59 3581.31 3594.19 3612.02 3627.74 3642.57 3653.98 3700.83 3759.01 3826.8 3915.63 3967.26 3995.42 4021.17 4056.53 4099.7 4150.54 4212.44 4284.53 4361.07 4439.06 4517.65 4592.9
3641.44 3640.43 3633.03 3618.88 3602.63 3584.74 3564.15 3545.28 3523.13 3513.08 3503.08 3497.74 3499.97 3501.08 3499.32 3496.99 3495.14 3493.35 3492.22 3491.55 3490.57 3488.39 3490.43 3492.2 3497.52 3504.85 3508.65 3510.54 3512.09 3517.01 3524.12 3526.5 3528.25 3531.08 3537.35 3551.82 3579.2 3607.9 3621.29 3606.33 3602.24 3608.34 3613.21 3626.4 3641.29 3650.62 3664.39 3679.13 3692.81 3707.23 3728.23 3777.41 3839.76 3913.72 3995.22 4036.4 4056.23 4079.16 4112.96 4155.32 4205.4 4263.6 4330.1 4399.45 4470.02 4541.22 4609.47
3664.42 3666.42 3662.94 3655.2 3643.26 3627.86 3612.24 3586.27 3559.29 3546.79 3537.76 3530.85 3533.71 3535.22 3533.91 3532.53 3529.96 3524.51 3522.06 3521.94 3523.25 3524.8 3530.57 3533.2 3535.57 3536.75 3534.79 3532.72 3532.51 3537.79 3545.89 3549.14 3549.78 3555.62 3564.52 3582.21 3611.38 3642.02 3665.93 3665.64 3667.66 3680.51 3700.13 3716.52 3721.47 3727.68 3739.66 3748.2 3758.88 3776.05 3805.44 3853.31 3915.43 3989.61 4044.35 4063.06 4091.1 4121.29 4159.3 4204.15 4255.45 4311.84 4372.29 4432.55 4493.39 4553.53 4610.59
3673 3682.86 3691.45 3697.14 3687.16 3670.09 3651.94 3626 3598.28 3583.26 3577.12 3567.29 3567.4 3569.39 3569.55 3567.6 3562.22 3557.57 3553.98 3554.5 3558.39 3572.26 3591.95 3603.87 3585.4 3570.37 3561.2 3554.6 3550.65 3552.03 3562.53 3569.64 3574.59 3581.27 3592.6 3612.63 3641.16 3669.13 3695.78 3706.64 3721.47 3744.9 3778.97 3804.72 3792.86 3791.08 3802.41 3809.01 3820.37 3841.05 3873.01 3917.79 3973.16 4030.92 4061.21 4077.29 4113.84 4153.4 4197.45 4245.68 4300.03 4358.73 4410.51 4460.41 4510.59 4559.43 4604.36
3674.09 3691.9 3712.73 3728.3 3724.63 3710.93 3693.35 3662.43 3633.38 3618.53 3609.64 3600.28 3598.75 3603.09 3606.78 3608.05 3603.22 3597.79 3589.77 3587.69 3588.66 3593.45 3624.89 3626.72 3612.42 3596.71 3584.29 3575.06 3568.79 3569.26 3577.4 3586.73 3595.36 3604.91 3620.34 3642.07 3670.31 3699.76 3730.62 3741.76 3764.03 3791.16 3821.83 3843.07 3842.41 3842.68 3849.7 3857.52 3872.1 3896.38 3928.58 3968.86 4015.49 4059.85 4079.91 4098.55 4138.2 4182.29 4229.63 4280.51 4334.74 4390.4 4438.17 4481.93 4524.97 4565.99 4600.98
3677 3697.68 3727.22 3751.91 3751.38 3743.2 3722.05 3693.16 3665.62 3657.79 3652.76 3639.22 3636.26 3640.18 3645.52 3651.99 3658.43 3642.72 3625.71 3621.52 3619.7 3618.92 3629.45 3627.51 3624.77 3614.62 3603.11 3593.87 3587.27 3584.39 3590.76 3602.15 3613.48 3623.93 3639.44 3664.19 3695.97 3734.35 3766.71 3776.55 3801.06 3825.42 3846.13 3859.29 3870.29 3880.92 3883.42 3895.49 3913.69 3938.82 3971.99 4010.24 4049.77 4085.25 4105.19 4126.18 4165.66 4210.5 4258.98 4309.55 4360.66 4411.74 4457.99 4499.42 4539.86 4578.93 4615.48
3688.14 3700.53 3731.69 3760.14 3765.66 3762.87 3743.66 3724.6 3704.48 3700.44 3702.31 3689.78 3681.6 3678.72 3680.6 3686.46 3696.45 3677.84 3660.17 3654.82 3654.55 3647.81 3635.98 3640.39 3638.25 3629.78 3620.02 3611.12 3606.2 3599.79 3605.36 3618.37 3629.82 3639.32 3654.32 3681.15 3713.75 3750.23 3794.35 3815.89 3837.49 3857.09 3871.47 3875.58 3889.06 3898.32 3912.8 3930.31 3947.95 3973.24 4010.65 4049.31 4083.15 4111.63 4131.92 4154.79 4195.17 4240.96 4288.02 4336.56 4384.68 4432.04 4476.12 4516.47 4556.54 4597.23 4639.15
3720.3 3711.46 3728.7 3750.53 3768.83 3779.77 3773.9 3758.7 3745.27 3738.57 3736.45 3724.56 3716.45 3712.25 3709.45 3707 3701.38 3689.68 3681 3682.37 3690.61 3682.77 3654.24 3664.97 3656.03 3645.55 3635.41 3626.03 3619.73 3616.74 3622.35 3634.22 3643.77 3653.71 3670.62 3698.91 3731.87 3763.85 3809.21 3852.86 3871.52 3889.88 3904.81 3917 3924 3933.63 3951.22 3970.66 3990.78 4016.1 4055.52 4094.2 4124.67 4147.88 4164 4189.92 4233.69 4278.06 4322.2 4366.54 4410.44 4452.94 4494.67 4535.04 4575.25 4616.88 4662.01
3757.58 3737.93 3733.55 3746.23 3770.99 3793.03 3799.91 3787.62 3777.14 3765.7 3754.16 3747.8 3745.55 3741.26 3735.73 3726.04 3709.87 3696.6 3693.72 3699.86 3714.23 3708.83 3671.09 3680.39 3672.72 3663.25 3652.55 3641.27 3633.95 3634.44 3640.8 3650.2 3658.39 3668.41 3687.6 3719.06 3756.9 3795.73 3823.09 3867.91 3900.99 3922.59 3940.26 3956.99 3965.55 3975.84 3994.46 4016.87 4042.53 4071.58 4109.66 4147.33 4179.77 4201.75 4209.19 4243.79 4282.12 4321.61 4361.33 4401.3 4439.81 4477.13 4515.55 4556.15 4597.15 4638.97 4688.52
3794.41 3770.93 3753.31 3757.97 3779.14 3802.53 3815.53 3806.81 3793.99 3781.65 3773.44 3773.98 3773.8 3770.83 3765.03 3753.96 3735.87 3719.34 3710.91 3715.11 3718.17 3705.44 3683.91 3689.4 3691.01 3687.22 3676.92 3661.62 3650.54 3655.2 3661.81 3669.63 3677.07 3686.45 3706.05 3742.39 3779.9 3817.65 3849.89 3902.22 3931.98 3954.19 3972.8 3989.89 3999.83 4010.63 4036.01 4066.41 4099.1 4136.16 4166.77 4201.41 4238.58 4261.05 4276.95 4306.53 4334.01 4368.64 4403.97 4440.4 4473.66 4505.43 4538.77 4581 4623.94 4667.17 4722.94
3825.78 3805.14 3784.45 3784.49 3798.41 3817.5 3830.06 3823.29 3808.84 3795.68 3791.73 3801.3 3804.11 3804.22 3800.36 3792.86 3782.9 3772.57 3761.82 3755.78 3744.58 3729.07 3710.76 3709.67 3721.51 3723.25 3715.65 3698.66 3685.11 3685.75 3685.41 3695.46 3708.72 3719.88 3739.49 3775.85 3810.16 3845.52 3890.46 3936.2 3962.95 3983.91 4001.62 4017.65 4027.92 4043.53 4077.59 4120.27 4163.04 4192.71 4214.17 4243.75 4277.65 4300.08 4323.04 4352.78 4381.85 4416.53 4451.16 4484.89 4514.46 4541.52 4570.24 4612.69 4658.4 4701.8 4760.15
3867.55 3845.11 3824.47 3823.99 3832.96 3845.08 3851.5 3845.14 3832.21 3820.2 3821.86 3836.19 3844.59 3843.66 3840.76 3836.76 3834.36 3832.67 3821.47 3811.74 3803.28 3788 3776.6 3766.16 3771.16 3773.23 3770.85 3761.95 3749.86 3742.1 3741.05 3759.01 3769.74 3781.97 3797.26 3821.26 3852.1 3886.68 3925.28 3963.25 3989.69 4010.51 4029.01 4046.97 4061.62 4082.9 4116.1 4157.69 4194.78 4221.22 4244.91 4271.77 4299.13 4319.24 4345.13 4383.81 4425.09 4465.17 4502.07 4534.84 4563.01 4586.69 4610.91 4652.41 4701.96 4748.74 4796.63
3914.89 3895.01 3876.53 3872.94 3879.91 3882.5 3881.08 3875.03 3867.31 3863 3869.5 3888.96 3889.18 3883.94 3880.76 3879.16 3879.86 3880.62 3871.11 3860.9 3850.36 3840.14 3834.24 3832.36 3828.77 3829.48 3832.95 3841.08 3828.34 3812.38 3812.66 3827.5 3832.54 3843.5 3852.78 3866.33 3889.34 3919.03 3952.23 3986.19 4011.82 4032.42 4052.65 4076.96 4106.29 4121.78 4145.94 4177.98 4206.98 4236.81 4266.52 4293.45 4316.04 4335.65 4367.09 4419.04 4472.58 4519.05 4559.43 4593.12 4621.85 4644.41 4663.23 4700.25 4747.96 4794.6 4820.27
3959.79 3942.72 3931.72 3920.67 3921.35 3918.13 3915.12 3909.64 3905.78 3907.93 3915.27 3930.32 3927.53 3920.93 3918 3916.69 3916.7 3916.16 3908.51 3899.76 3891.86 3883.74 3881.05 3883.39 3880.71 3880.94 3886.14 3891.85 3884.18 3872.01 3868.73 3876.09 3877.29 3888.33 3894.45 3902.95 3919.28 3944.83 3974.56 4005.12 4029.71 4049.41 4071.19 4095.2 4123.07 4142.89 4165.74 4193.4 4218.4 4254.44 4291.45 4322.5 4345.12 4367.77 4411.79 4475.28 4533.41 4582.14 4623.27 4657.83 4687.74 4713.78 4735.01 4760.57 4786.17 4807.03 4815.18
3987.97 3978.49 3969.68 3959.63 3954.37 3957.29 3951.76 3945.78 3941.01 3939.4 3948.19 3955.92 3957.49 3952.77 3950.61 3948.38 3947.29 3944.27 3937.61 3928.75 3924.51 3919.32 3919.66 3924.64 3921.16 3920.6 3926.09 3929.79 3926.13 3918.01 3912.28 3913.98 3916.67 3923.07 3926.88 3932.06 3943.03 3967.01 3994.7 4020.12 4043.89 4065.26 4086.43 4107.43 4135 4163.15 4184.39 4202.26 4236.73 4282.51 4327.68 4367.67 4398.4 4423.55 4478.13 4546.8 4607.56 4654.83 4692.65 4724.43 4753.96 4785.72 4818.96 4833.53 4815.93 4798.22 4796.95
4017.96 4011.05 4003.8 3996.2 3992.02 3994.78 3989.31 3983.22 3976.29 3971.95 3979.58 3986.67 3985.04 3980.21 3977.11 3974.13 3974.08 3972.72 3966.98 3956.02 3951.48 3948.7 3950.14 3955.82 3947.99 3945.84 3953.43 3967.7 3958.68 3954.02 3952.22 3948.76 3949.53 3953.45 3954.83 3958.31 3966.82 3985.61 4009.79 4033.84 4057.2 4082.39 4105.69 4129.1 4166.4 4197.52 4215.88 4233.9 4271.14 4324.59 4378.47 4426.25 4463.33 4493.13 4562.35 4638.71 4694.94 4734.05 4762.43 4785.84 4811.65 4839.87 4878.36 4889.89 4835.81 4795.65 4785.12
4057.5 4049.49 4043.98 4035.92 4029.1 4032.38 4030.78 4023.22 4013.94 4005.26 4006.82 4009.16 4007.09 4001.95 3996.86 3995.94 3997.42 4000.78 3996.61 3982.77 3978.02 3975.2 3970.94 3964.53 3956.07 3952.8 3959.34 3972.66 3974.18 3979.06 3982.92 3977.88 3978.7 3979.5 3980.28 3984.31 3993.43 4007.91 4030.76 4055.44 4079.56 4106.71 4132.12 4159 4198.37 4237.44 4261.2 4285.2 4323.2 4382.9 4444.37 4499.36 4542.26 4588.8 4662.79 4740.63 4790.66 4815.16 4827.31 4836.23 4849.89 4864.46 4884.11 4879.2 4831.28 4794.5 4781.14
4102.78 4098.47 4094.81 4084.96 4076.45 4081.31 4079.18 4069.81 4057.69 4043.21 4038.59 4032.04 4016.5 4010.51 4013.05 4015.33 4017.32 4018.27 4014.55 4006.41 4002.79 3999.97 3986.67 3969.1 3955.45 3947.89 3947.08 3957.78 3976.48 3994.09 4006.18 4001.74 4001.26 4002.87 4004.22 4009.3 4020.22 4035.37 4060.54 4087.28 4113.23 4140.16 4166.79 4195.83 4234.71 4283.51 4315 4342.99 4387.33 4455.89 4524.93 4585.69 4629.42 4676.64 4766.74 4851.05 4892.03 4892.31 4883.86 4874.69 4869.51 4866.55 4860.82 4841.09 4809.4 4787.68 4781.33
4161.25 4159.17 4155.93 4144.33 4138.06 4140.1 4136.07 4126.32 4112.49 4094.72 4083.51 4064.72 4034.21 4026.14 4033.53 4037.68 4038.21 4034.83 4030.62 4026.95 4026.36 4022.09 4000.56 3973.35 3954.15 3944.47 3935.69 3946.76 3978.74 4005.39 4021.36 4017.46 4019.66 4024.43 4028.47 4035.09 4050.48 4074.59 4099.68 4127.04 4154.78 4181.6 4208.97 4240.94 4285.38 4340.64 4375.52 4407.41 4462.5 4541.38 4618.63 4681.05 4723.14 4774 4864.59 4963.64 4988.92 4952.46 4919.68 4894.44 4874.7 4857.15 4836.9 4808.89 4789.46 4782.14 4782.95
4229.07 4229.45 4226.62 4212.56 4206.95 4206.49 4201.47 4192.18 4175.26 4157.68 4144.21 4115.65 4081.65 4066.25 4069.33 4070.56 4065.89 4055.22 4043.19 4045.19 4048.41 4041.01 4016.44 3984.97 3963.89 3958.54 3952.07 3965.36 3993.61 4017.67 4034.01 4034.49 4041.1 4047.08 4056.26 4067.74 4087.93 4116.04 4142.45 4170.97 4201.02 4227.8 4256.55 4293.77 4344.65 4400.3 4438.67 4477.56 4547.28 4637.29 4723.79 4791.44 4822.98 4862.72 4932.44 5006.89 5020.22 4971.63 4930.82 4898.17 4871.03 4846.43 4820 4792.11 4781.84 4782.67 4783.46
4310.68 4305.62 4305.23 4292.88 4284.52 4280.81 4275.48 4266.4 4251.97 4233.72 4214.19 4179.74 4149.66 4127.08 4121.98 4116.94 4106.74 4088.83 4065.6 4063.17 4064.04 4060.97 4041.88 4014.99 3996.44 3997.3 3999.86 4010.23 4025.52 4037 4050.24 4066.28 4074.2 4078.18 4090.72 4105.96 4129.6 4158.26 4187.21 4216.78 4247.25 4275.6 4306.43 4349.27 4408.16 4465.99 4500.07 4557.19 4642.2 4738.8 4831.85 4903.34 4922.92 4939.8 4966.09 4985.44 4976.8 4947.95 4915.51 4886.01 4859.24 4834.16 4809.09 4786.12 4787.99 4789.46 4787.81
4391.44 4384.92 4382.64 4369.87 4361.74 4361.35 4357.94 4349.42 4334.98 4315.11 4288.13 4252.92 4227.58 4200.91 4188.91 4177.92 4162.07 4141.98 4117.93 4098.18 4091.54 4094.5 4081.96 4063.68 4051.92 4055.62 4065.47 4069.98 4074.73 4076.77 4085.73 4102 4113.44 4118.53 4134.28 4151.84 4175.87 4204.96 4235.23 4265.79 4295.64 4326.4 4360.97 4408.62 4473.68 4536.6 4580.5 4648.89 4740.17 4837.99 4929.88 4994.74 5015.45 5003.5 4981.53 4954.01 4922.81 4905.57 4885.16 4863.14 4841.77 4820.48 4800.29 4784.56 4789.74 4793.27 4792.64
4478.51 4471.06 4460.16 4450.78 4447.94 4449.87 4449 4440.01 4424.87 4401.29 4368.65 4333.26 4309.6 4283.82 4267.5 4250.63 4232.1 4209.87 4186.7 4157.83 4147.57 4144.86 4135.68 4123.96 4117.56 4121.98 4133.46 4136.29 4138.16 4138.74 4140.92 4145.15 4161.33 4173.81 4186.83 4203.54 4226.95 4256.01 4288.08 4320.45 4352.41 4385.54 4423.75 4479.2 4551.16 4616.52 4652.49 4743 4833.96 4927.48 5015.46 5069.92 5086.5 5038.54 4983.76 4930.08 4882.87 4865.47 4851.1 4835.79 4821.01 4806.04 4793.29 4782.39 4782.3 4785.12 4781.18
