real_craters/C171-300m.grd
DSAA
438 438
-65.52 65.52
-65.52 65.52
3120.2167820528 5343.584630691
[rows 210 to 239 of 438, columns 268 to 334 of 438]
4041 4068.09 4101.84 4145.32 4199.3 4262.19 4334.79 4409.2 4477.41 4539.59 4630.66 4737.02 4843.74 4951.24 5051.23 5132.86 5183.77 5189.27 5150.9 5091.35 5030.88 4991.98 4968.97 4944.69 4921.33 4897.68 4854.39 4803.75 4753.57 4706.94 4666.6 4639.86 4622.65 4612.25 4607.19 4605.51 4605.35 4608.26 4617.03 4625.76 4628.32 4630.18 4632.39 4634.71 4636.91 4638.63 4639.66 4639.92 4639.61 4639.36 4639.49 4635.73 4632.45 4629.38 4628.16 4628.54 4622.66 4616.4 4611.77 4609.03 4607.12 4605.23 4601.66 4598.55 4596.5 4594.29 4592.22
4020.34 4046.49 4082.81 4126.03 4181.86 4249.06 4317.34 4386.18 4448.55 4509.54 4600.06 4702.87 4809.92 4919.03 5021.7 5111.08 5175.61 5176.02 5134.72 5078.16 5024.18 4992.15 4971.64 4947.23 4921.32 4894.01 4855.86 4807.77 4758.67 4712.04 4670.63 4643.03 4625.6 4615.83 4611.58 4609.1 4606.97 4607.44 4611.6 4615.01 4618.8 4622.85 4626.04 4628.83 4630.77 4632.16 4632.74 4632.64 4632.13 4631.2 4629.49 4627.42 4625.15 4623.06 4622.22 4623.79 4618.22 4612.76 4607.68 4604.78 4603.31 4602.91 4600.68 4598.32 4596.28 4594.16 4592.16
4005.09 4032.48 4071.2 4119.26 4176.98 4242.7 4305.98 4367.33 4424.06 4485.93 4573.67 4672.99 4780.59 4888.55 4989.93 5082.81 5152.84 5155.84 5118.4 5067.63 5021.67 4995.56 4977.5 4951.98 4921.7 4887.56 4853.89 4812.67 4766.27 4719.61 4677.16 4646.7 4628.23 4618.15 4614.12 4612.03 4609.11 4607.78 4607.73 4607.96 4611.28 4616.26 4619.96 4622.65 4624.43 4625.72 4625.92 4625.67 4624.66 4622.8 4620.58 4619.14 4617.73 4616.08 4614.88 4616.28 4609.53 4604.42 4601.41 4599.6 4598.57 4598.08 4598.37 4597.59 4595.82 4593.48 4591.07
3990.85 4023.14 4064.02 4118.04 4179.79 4242.95 4299.27 4352.72 4403.96 4465.76 4548.99 4642.52 4742.63 4846.48 4952.82 5046.26 5107.52 5125.02 5104.1 5062.79 5027.45 5005.61 4986.91 4963.35 4929.8 4892.7 4859.97 4824.91 4780.37 4731.08 4683.73 4649.8 4629.63 4619.08 4615.56 4612.2 4608.89 4606.53 4605.23 4605.15 4607.61 4611.89 4615.5 4618.33 4619.81 4620.52 4620.37 4619.4 4617.9 4615.61 4613.28 4611.81 4610.78 4609.23 4606.15 4603.6 4597.82 4594.91 4594.24 4594.19 4594.22 4593.95 4596.55 4597.05 4595.49 4592.05 4588.45
3975.75 4009.77 4057.03 4118.3 4185.54 4246.81 4296.2 4342.81 4387.95 4446.87 4525.54 4613.33 4705.74 4805.06 4918.35 5019.01 5087.37 5106.79 5096.34 5066.29 5040.73 5022.56 5005.93 4982.86 4952.17 4914.27 4885.65 4851.24 4804.17 4749.99 4695.37 4655.67 4631.41 4618.81 4614.34 4609.22 4605.17 4603.19 4602.98 4604.02 4606.46 4610.07 4613.05 4615.02 4615.96 4616.23 4615.8 4614.4 4612.41 4609.54 4607.24 4605.67 4604.31 4602.76 4599.49 4589.24 4585.11 4585.13 4587.43 4589.71 4591.61 4594.35 4598.03 4599.58 4595.47 4589.69 4584.16
3961.65 3999.62 4052.18 4116.58 4188.56 4250.24 4294.14 4334.89 4375.06 4432 4506.32 4589.34 4677.46 4774.95 4892.75 5001.15 5073.69 5099.8 5097.97 5079.65 5060.98 5044.88 5030.52 5012.88 4990.59 4964.31 4936.5 4892.8 4837.9 4778.95 4719.05 4672.2 4641.78 4621.63 4609.05 4601.93 4597.46 4598.1 4600.73 4604.14 4607.64 4609.79 4611.66 4613.17 4613.71 4613.35 4612.26 4610.23 4607.64 4604.54 4601.63 4599.44 4597.41 4595.81 4590.84 4578.11 4573.92 4577.18 4582.27 4586.64 4589.53 4592.83 4598.17 4601.09 4593.22 4585.38 4578.56
3950.83 3992.53 4046.25 4113.9 4187.74 4248.9 4292.1 4328.37 4364.8 4420.56 4491.74 4571.03 4656.54 4753.44 4874.46 4994.7 5071.46 5097.44 5102.27 5095.91 5081.2 5066.81 5054.17 5044.17 5034.13 5017.22 4995.25 4937.55 4875.81 4814.97 4756.07 4704.39 4662.25 4630.24 4609.64 4594.72 4590.35 4594.17 4599.03 4604.11 4609.1 4609.9 4611.36 4612.16 4612.32 4611.44 4609.66 4607.17 4603.9 4599.69 4594.59 4590.72 4590.03 4588.74 4582.18 4566.75 4565.7 4572.5 4579.55 4585.54 4589.66 4591.64 4592.88 4593.01 4585.43 4578.73 4572.44
3944.51 3990.02 4042.61 4112.1 4187.37 4248.43 4294.31 4329.66 4362.84 4415.69 4482.35 4557.51 4639.31 4732.38 4855.51 4981.82 5059.6 5088.44 5099.8 5102.04 5092.94 5082.82 5073.51 5066 5062.37 5047.93 5015.88 4965.81 4908.22 4850.03 4796.18 4745.34 4685.6 4641.45 4611.72 4593.93 4590.98 4594.02 4598.69 4603.42 4606.93 4609.49 4611.23 4611.82 4611.54 4610.35 4608.23 4605.36 4601.54 4596.63 4590.7 4585.52 4584.38 4582.19 4575.33 4563.3 4567.21 4573.01 4579.06 4585.3 4591.01 4589.43 4583.86 4577.01 4573.92 4571.28 4567.4
3939.33 3989.56 4040.84 4109.36 4189.07 4254.31 4301.23 4334.61 4365.29 4415.29 4477.46 4548.11 4625.77 4714.77 4834.21 4962.23 5035.34 5068.01 5085.43 5093.39 5093.65 5090.3 5084.65 5076.08 5064.4 5051.05 5022.83 4984 4934.54 4877.06 4820.6 4764.76 4699.2 4650.43 4619.16 4598.22 4594.78 4596.42 4600.38 4604.57 4607.47 4610.84 4612.54 4612.59 4611.66 4609.96 4607.53 4604.39 4600.48 4596.16 4590.77 4586.04 4581.9 4577.27 4572.78 4570.85 4575.15 4576.23 4578.83 4582.84 4587.85 4583.6 4575.67 4566.81 4565.51 4566.09 4565.1
3932.68 3981.98 4032.48 4100.56 4181.81 4259.18 4313.77 4344.77 4369.99 4418.25 4476.01 4541.62 4614.21 4697.2 4807.5 4928.38 4999.46 5037.16 5061.43 5076.83 5086.61 5091.54 5091.39 5083.8 5069 5063.36 5046.25 5012.01 4960.26 4895.91 4828.49 4759.67 4699.76 4652.72 4622.17 4601.69 4598.55 4599.33 4603.29 4608.25 4612.37 4615.5 4615.56 4614.47 4612.61 4610.56 4607.49 4604.5 4601.26 4597.8 4592.89 4587.81 4582.85 4576.83 4575.45 4580.71 4580.68 4578.02 4577.33 4577.17 4576.89 4575.41 4570.59 4564.46 4563.33 4564.7 4565.28
3923.42 3969.51 4017.02 4091.17 4177.79 4265.04 4328.58 4360.14 4383.98 4425.37 4477.6 4537.27 4603.93 4678.4 4775.89 4886.52 4956.32 5000.26 5031.16 5054.94 5074.13 5088.6 5097.28 5096.95 5089.3 5090.11 5085.34 5053.01 4984.54 4908.62 4832 4757.84 4699.06 4651.73 4623.43 4604.68 4601.27 4601.81 4606.37 4612.78 4620.34 4622.09 4618.87 4616.37 4614 4611.56 4608.82 4605.74 4602.62 4599.57 4596.75 4593.75 4587.66 4580.08 4577.93 4580.98 4579.15 4577 4575.45 4573.09 4569.78 4571.08 4569.77 4567.34 4566.41 4566.31 4566.4
3917.13 3962.36 4008.56 4094.32 4191.21 4278.72 4341.9 4370.74 4396.03 4431.98 4480.29 4534.56 4595.73 4661.81 4745.18 4843.45 4914.79 4963.71 4998.84 5030.18 5058.47 5081.86 5100.99 5114.04 5117.75 5113.38 5107.14 5076.47 4994.01 4911.52 4833.47 4762.47 4703.57 4656.31 4626.02 4606.14 4602.91 4604.24 4608.79 4614.91 4622.18 4623.49 4619.82 4617.33 4615.06 4612.81 4610.01 4606.85 4603.7 4600.9 4598.78 4598.79 4591.1 4581.09 4577.47 4574.45 4574.14 4575.24 4575.18 4573.99 4572.63 4572.27 4571.74 4571.35 4570.46 4568.91 4568.09
3916.02 3965.45 4019.63 4109.24 4212.92 4302.08 4353.68 4372 4397.17 4435.29 4481.58 4533.21 4591.3 4652.36 4725.87 4817.98 4884.25 4933.38 4969.62 5006.6 5040.23 5069.14 5095.52 5119.69 5129.28 5111.22 5089.3 5049.35 4977.07 4899.71 4826.83 4762.08 4706.41 4660.24 4628.4 4610.54 4605.26 4607.07 4611.07 4615.1 4616.85 4617.2 4618.74 4617.94 4616.15 4613.61 4610.78 4607.61 4604.19 4600.94 4597.43 4593.82 4588.45 4583.1 4580.64 4576.53 4574.16 4575.77 4576.79 4577.27 4576.72 4575.75 4574.9 4573.81 4572.48 4571.77 4570.6
3917.54 3971.46 4032.34 4118.3 4221.26 4309.65 4354.09 4368.07 4396.15 4436.31 4482.3 4534.85 4591.12 4652.67 4725.67 4807.96 4866.38 4913.86 4950.63 4988.41 5021.82 5049.89 5075.12 5097.39 5101.55 5077.89 5045.58 5001.02 4940.44 4873.96 4809.74 4752.01 4701.89 4661.25 4631.48 4616.39 4610.28 4612.32 4615.22 4617.87 4618.71 4618.84 4619.84 4619.07 4617.82 4615.24 4611.88 4608.26 4604.42 4600.55 4595.82 4590.57 4587.47 4587.4 4587.31 4584.94 4579.66 4578.77 4579.3 4580.85 4580.74 4579.53 4578.84 4578.15 4577.17 4575.85 4573.97
3919.23 3974.12 4037.51 4123.91 4215.79 4294.45 4344.63 4362.33 4395.95 4438.33 4484.49 4535.52 4591.94 4655.17 4728.46 4801.06 4857.31 4904.09 4942.53 4976.14 5003.69 5024.82 5040.06 5048.42 5044.13 5023.55 4990.11 4948.23 4895.03 4839.46 4785.22 4734.7 4691.18 4658.38 4636.19 4625.66 4619.58 4620.72 4622.64 4624.03 4625.04 4625.33 4623.91 4622.14 4619.64 4616.54 4612.93 4609.13 4604.7 4600.47 4595.55 4591.35 4591.29 4593.76 4592.84 4590.04 4584.59 4581.87 4581.25 4581.86 4582.62 4582.91 4583.21 4583.58 4583.52 4580.91 4578.25
3919.06 3972.48 4030.8 4106.1 4195.65 4272.62 4329.28 4360.87 4398.38 4440.35 4485.64 4536.2 4591.18 4652.8 4724.36 4799.03 4856.7 4902.98 4940.25 4968.45 4987.84 4998.15 4999.65 4992.51 4982.25 4963.81 4930.86 4888.52 4845.35 4802.03 4758.14 4716.33 4680.61 4657.28 4645.09 4637.59 4632.53 4631.81 4632.3 4632.58 4632.1 4630.66 4628.91 4626.12 4622.98 4619.2 4614.96 4610.77 4605.96 4601.07 4596.12 4592.24 4593.11 4597.65 4594.95 4590.55 4585.63 4584.58 4583.67 4582.33 4584.47 4586.5 4587.75 4588.49 4588 4586.24 4583.19
3918.98 3971.09 4026.2 4090.97 4176.07 4258.71 4321.94 4364.67 4402.31 4443.74 4485.93 4535.01 4588.67 4646.99 4713.66 4807.52 4866.52 4910.12 4943.89 4967.51 4977.78 4976.09 4963.95 4943.88 4929.23 4910.77 4877.68 4834.76 4798.96 4767.81 4734.53 4702.23 4675.16 4663.09 4657.14 4650.46 4645.13 4644.64 4643.76 4642.24 4640.03 4637.76 4634.5 4631.17 4627.36 4622.9 4618.14 4612.95 4607.77 4602.63 4597.63 4593.44 4592.15 4597.04 4596.03 4592.8 4589.29 4588.65 4588.57 4588.36 4589.13 4590.78 4592.54 4594.08 4594.81 4593.81 4589.63
3922.73 3971.11 4023.57 4081.48 4161.98 4246.28 4313 4362.47 4402.9 4442.43 4488.4 4536.97 4588.94 4645.71 4717.44 4819.55 4890.91 4930.05 4959.53 4978.16 4976.17 4962.07 4937.93 4910.81 4891.82 4869.17 4838.26 4799 4766.99 4742 4717.03 4694.46 4676.69 4671.43 4669.49 4664.5 4660.47 4658.91 4655.95 4652.52 4648.44 4643.07 4640.21 4636.99 4632.34 4626.83 4621.15 4615.6 4610.15 4605.13 4600.18 4596.9 4595.88 4599.03 4600.11 4598.09 4595.1 4593.95 4593.41 4593.96 4593.4 4594.72 4596.98 4599.64 4602.68 4603.26 4601.78
3923.29 3969.72 4024.06 4078.95 4153.87 4232.89 4301.91 4353.62 4401.2 4446.44 4491.64 4541.13 4594.02 4652.97 4731.36 4843.02 4932.19 5010.63 5015.68 5000.48 4981.61 4955.78 4923.63 4891.79 4869.32 4844.07 4812.7 4778.28 4748.28 4725.21 4705.58 4690.7 4680.21 4678.63 4678.34 4677.81 4678.57 4672.52 4667.22 4662.55 4658.27 4653.25 4649.76 4644.07 4637.17 4630.26 4623.53 4617.36 4611.86 4607.07 4603.16 4601.04 4600.03 4603.76 4605.79 4603.83 4602.6 4598.36 4595.03 4594.41 4595.25 4597.32 4600.29 4603.79 4606.92 4610.99 4615.59
3927.11 3972.62 4023.68 4081.67 4157.13 4237.04 4303.29 4352.09 4403.22 4452.32 4498.85 4549.33 4604.32 4668.72 4758.74 4870.2 4955.12 5020.85 5035.68 5014.57 4988.15 4955.86 4918.47 4883.92 4858.93 4831.69 4799.88 4766.38 4736.77 4715.26 4698.39 4687.39 4682.72 4681.85 4682.8 4683.71 4686.02 4681.22 4674.86 4669.97 4666.93 4666.75 4661.03 4650.15 4640.93 4632.82 4625.45 4619.09 4613.6 4609.13 4606.11 4604.39 4605.62 4607.61 4607.63 4604.73 4602.21 4597.12 4593.47 4593.27 4595.64 4598.69 4602.37 4606.79 4611.64 4617.09 4621.64
3935.37 3979.22 4030.31 4096.17 4177.61 4260.51 4319.57 4362.89 4413.57 4461.31 4511.49 4560.11 4616.69 4684.06 4780.79 4891.69 4962.63 5001.74 5022.63 5016.06 4992.93 4960.62 4922.3 4887.62 4859.64 4829.37 4795.93 4761.94 4732.04 4709.85 4693.44 4683.29 4680.18 4677.71 4676.82 4680.4 4687.72 4683.14 4677.4 4672.83 4669.81 4668.11 4662.37 4651.85 4641.94 4633.72 4626.18 4619.85 4614.42 4610.37 4607.5 4606.27 4606.28 4605.52 4604.9 4602.38 4596.58 4593.66 4592.58 4593.14 4595.77 4598.73 4602.47 4607.39 4614 4618.44 4616.95
3949.22 3995.37 4051.59 4133.53 4217.97 4303.37 4345.13 4386.93 4430.93 4475.31 4522.27 4572.6 4627.94 4696.8 4797.99 4910.43 4977.62 5014.06 5025.16 5018.61 4998.8 4969.66 4933.5 4899.82 4869.15 4835.87 4799.98 4763.52 4731.02 4707.53 4689.72 4677.81 4670.28 4664.83 4666.14 4672.41 4677.2 4677.65 4674.81 4670.91 4667.17 4663.28 4657.34 4649.15 4640.85 4633.06 4625.97 4619.67 4614.72 4610.54 4607.14 4604.94 4603.14 4602.78 4603.94 4602.35 4598.91 4596.49 4595.25 4594.86 4595.95 4597.72 4600.31 4604.06 4609.09 4611.86 4606.9
3967.59 4018.08 4082.68 4177.85 4260.33 4341.71 4384.56 4415.44 4450.87 4492.17 4537.04 4584.39 4639.45 4704.78 4809.47 4917.79 4991.68 5026.18 5029.44 5021.89 5005.92 4981.82 4952.7 4919.71 4885.8 4849.71 4810.73 4770.86 4735.68 4707.59 4687.62 4673.61 4662.8 4655.86 4660.37 4666.74 4670.49 4671.77 4669.26 4665.76 4661.6 4656.43 4649.94 4644.28 4637.37 4630.51 4624.01 4618.43 4613.92 4609.98 4606.53 4603.14 4602.34 4605.22 4605.97 4604.02 4602.32 4600.92 4598.63 4596.28 4595.36 4595.4 4596.18 4597.1 4598.05 4598.44 4598.39
3989.5 4042.36 4108.68 4201.46 4281.55 4353.39 4395.38 4428.87 4465.21 4505.65 4551.08 4599.51 4652.27 4719.13 4823.98 4934.62 4997.55 5021.88 5025.41 5021.66 5011.88 4994.81 4973.69 4941.67 4906.04 4867.66 4826.79 4783.13 4740.6 4710.63 4687.96 4670.07 4658.97 4652.92 4655.11 4659.16 4664.21 4665.54 4661.74 4658.52 4654.81 4650.54 4645.32 4639.58 4632.76 4626.34 4620.5 4615.81 4611.93 4608.84 4606.37 4604.15 4604.96 4607.6 4606.74 4604.22 4603.02 4602.77 4599.92 4595.71 4593.03 4591.42 4590.34 4589.14 4586.78 4583.37 4587.01
4015.87 4067.77 4132.63 4213.32 4282.63 4343.38 4386.41 4431.1 4474.46 4519.25 4565.66 4615.38 4668.85 4732.79 4834.08 4933.94 4979.31 4996.9 5011.78 5017.1 5015.29 5004.47 4987.64 4960.22 4925.91 4888.71 4848.39 4805.17 4758.94 4723.69 4694.59 4666.47 4652.66 4648.56 4647.7 4648.3 4651.33 4652.59 4651.63 4649.71 4646.92 4644.18 4641.36 4634.25 4626.41 4620.29 4615.12 4611.45 4608.42 4606.59 4606.08 4606.28 4606.85 4608.46 4605.24 4601.22 4598.17 4596.65 4595.38 4592.05 4589.37 4587.28 4585.45 4583.69 4580.8 4578.72 4581.47
4048.38 4096.96 4157.23 4227.35 4285.4 4339.3 4385.73 4435.06 4483 4531.47 4581.57 4633.02 4688.85 4755.43 4837.42 4914.42 4950.13 4971.88 4996.85 5010.98 5016.29 5011.44 4999.21 4975.19 4945.2 4911.54 4875.61 4837.22 4795.05 4754.03 4712.8 4672.04 4651.22 4642.46 4639.49 4637.39 4639.69 4640.63 4641.35 4639.93 4637.22 4634.46 4632.32 4624.56 4617.23 4612.26 4608.2 4605.75 4603.7 4602.82 4603.68 4605.52 4604.87 4604.08 4600.46 4595.97 4590.75 4585.11 4586.86 4587.09 4585.57 4583.65 4581.68 4579.89 4577.81 4576.98 4579.34
4086.07 4134.69 4192.57 4256.38 4307.77 4351.53 4396.07 4444.86 4495.18 4546.23 4598.79 4652.18 4708.35 4771.17 4837.93 4897.11 4928.36 4956.84 4987 5007.16 5016.71 5015.56 5006.26 4986.62 4959.81 4931.09 4901.76 4872.97 4843.67 4800.96 4740.65 4685.23 4655.64 4640.91 4633.54 4631.76 4632.5 4633.96 4632.87 4630.54 4626.58 4621.45 4615.11 4609.66 4605.81 4602.96 4600.38 4598.55 4597.33 4596.74 4597.25 4598.03 4597.53 4596.36 4593.44 4590.94 4587.36 4582.99 4583.12 4583.52 4582.37 4580.63 4578.84 4577.15 4575.9 4575.56 4578.59
4133.41 4182.39 4239.59 4300.42 4349.43 4379.14 4416.62 4461.54 4511.96 4564.02 4617.98 4672.48 4727.32 4784.79 4841.75 4888.05 4916.26 4951.59 4984.37 5006.88 5019.14 5019.29 5010.62 4993.26 4969.31 4944.6 4920.28 4899.98 4884.17 4847.29 4765.78 4697.6 4660.53 4638.34 4629.98 4627.3 4627.62 4627.73 4626.52 4622.69 4616.89 4609.57 4601.14 4596.12 4594.15 4592.92 4591.76 4590.72 4590.1 4589.4 4588.91 4588.22 4588.18 4586.33 4586.47 4587.31 4587.24 4587.29 4584.83 4582.27 4580.11 4578.13 4576.04 4574.62 4574.07 4576.46 4578.95
4187.94 4236.69 4291.81 4346.05 4388.33 4410.38 4443.75 4485.49 4534.36 4586.2 4639.56 4694.75 4750.77 4805.05 4854.45 4894.47 4923.5 4958.81 4989.02 5009.63 5021.65 5025.88 5016.06 4996.62 4972.74 4948.35 4926.37 4907.58 4892.03 4859.11 4773.37 4705.49 4665.5 4642.26 4632.95 4627.27 4626.46 4626.71 4623.23 4617.2 4609.57 4600.72 4591.93 4585.94 4584.01 4583.78 4583.51 4583.23 4583.09 4582.56 4581.8 4581.24 4581.53 4580.97 4582.49 4585.1 4586.87 4586.61 4583.77 4580.79 4578.32 4575.93 4573.64 4572.17 4571.4 4573.09 4577.69
4249.97 4298.85 4347.69 4389.79 4420.91 4441.79 4473.76 4515.05 4561.53 4611.92 4663.7 4716.84 4774.63 4827.62 4876.44 4917.31 4948.17 4975.32 4997.04 5013.49 5024.33 5030.89 5017.13 4993.59 4968.06 4941.81 4917.84 4894.89 4869.76 4830.22 4764.04 4708.57 4672.72 4652.17 4642.52 4633.59 4629.85 4627.52 4621.74 4614.08 4604.95 4594.71 4584.1 4576.65 4575.81 4575.76 4576.1 4576.26 4576.67 4576.47 4575.57 4575.46 4577.09 4578.53 4580.57 4583.58 4586.89 4586.93 4582.21 4579.38 4576.29 4573.47 4571.2 4569.41 4568.39 4569.63 4574.46
