real_craters/C171-500m.grd
DSAA
263 263
-65.52 65.52
-65.52 65.52
3121.5750664581 5346.3041306393
[rows 0 to 29 of 263, columns 0 to 66 of 263]
4700.07 4698.74 4694.74 4692.7 4691.9 4691.2 4691.18 4691.72 4692.33 4691.53 4690.19 4688.93 4687.55 4687.08 4688.07 4688.52 4689.75 4690.85 4689.17 4688.46 4691.24 4693.93 4693.64 4692.19 4695.47 4698.59 4700.87 4701.74 4702.83 4703.63 4705.32 4708.52 4715.02 4711.63 4697.58 4696.13 4693.01 4690.44 4689.19 4689.37 4689.89 4690.36 4690.07 4687.59 4687.43 4689.66 4691.34 4692.95 4693.14 4691.43 4689.12 4689.41 4691.77 4695.64 4694.54 4695.46 4695.77 4694.64 4693.9 4691.81 4687.96 4685.02 4683.23 4678.53 4677.02 4675.11 4674.77
4697.08 4698.55 4695.07 4692.86 4691.45 4691.2 4690.2 4690.07 4690.03 4689.93 4690.14 4689.88 4686.42 4683.3 4682.84 4685.96 4688.04 4688.61 4686.51 4685.87 4688.96 4693.16 4695.38 4691.91 4695.89 4698.52 4699.05 4698.92 4700.95 4703.89 4707.08 4710.28 4713.61 4713.95 4705.35 4697.3 4691.42 4685.73 4686.54 4688.2 4689.56 4690.87 4691.12 4690.82 4686.72 4684.37 4688.51 4693.47 4694.41 4691.54 4688.81 4687.46 4693.22 4689.87 4688.62 4688.95 4691 4690.62 4689.46 4687.07 4684.33 4684.11 4683.28 4680.89 4677.89 4677.87 4676.45
4696.55 4698.65 4696.14 4693.95 4691.79 4686.57 4689.09 4688.72 4687.94 4686.79 4687.63 4688.61 4685.61 4682.87 4682.48 4684.92 4686.93 4687.57 4684.12 4682.67 4686.35 4690.88 4696.61 4692.94 4693.3 4695.96 4697.75 4699.05 4701.72 4703.87 4705.59 4707.36 4708.09 4707.38 4705.07 4697.56 4691.8 4688.51 4687.46 4688.75 4690.36 4691.93 4692.64 4691.58 4687.08 4687.85 4687.41 4688.79 4691.18 4690.71 4689.99 4688.51 4689.36 4685.35 4683.74 4689.5 4689.28 4686.48 4682.18 4677.54 4677.01 4677.14 4679.71 4680.31 4678.74 4676.17 4675.27
4696.22 4697.83 4696.24 4694.05 4693.24 4694.85 4689.66 4687.75 4686.68 4685.69 4685.25 4684.22 4684.69 4684.36 4684.16 4684.93 4686.31 4686.82 4684.61 4683.04 4683.89 4684.95 4686.47 4688.14 4690.2 4693.4 4696.82 4700.78 4703.03 4702.73 4703.38 4703.69 4702.86 4702.05 4700.56 4697.02 4692.38 4688.75 4688.68 4689.45 4690.91 4692.69 4694.58 4696.3 4699.06 4695.54 4690.7 4687.84 4688.76 4689.69 4689.79 4688.21 4689.45 4688.37 4685.65 4687.48 4687.45 4683.35 4677.68 4671.85 4670.83 4670.84 4676.78 4675.86 4674.74 4673.72 4674.01
4696.74 4696.27 4694.41 4692.29 4689.69 4687.27 4687.28 4686.53 4686.02 4685.8 4685.1 4682.11 4682.85 4683.73 4683.96 4684.33 4685.6 4688.2 4686.76 4684.65 4682.12 4680.26 4680.61 4682.16 4688.74 4691.95 4694.9 4697.63 4699.07 4700.23 4700.56 4700.42 4700.18 4699.42 4698.91 4696.65 4693.92 4690.98 4690.4 4690.6 4691.52 4693.11 4695.3 4697.47 4697.8 4697.16 4694.77 4691.9 4689.69 4690.17 4690.34 4687.7 4688.91 4688.19 4685.93 4685.36 4684.89 4681.28 4676.56 4672.54 4668.06 4664.26 4666.96 4670.3 4671.07 4677.46 4675.74
4694.39 4691.26 4693 4689.7 4687.14 4685.68 4684.94 4685 4685.25 4685.06 4683.94 4681.83 4680.52 4681.84 4682.21 4682.66 4683.07 4683.41 4683.93 4683.53 4680.5 4677.8 4681.02 4682.66 4688.16 4688.87 4692.9 4695.76 4697.67 4698.42 4698.01 4697.31 4696.99 4697.43 4698.29 4697.37 4696.3 4695.05 4692.38 4691.28 4691.28 4692.32 4694.56 4698.38 4695.11 4694.75 4695.51 4693.03 4691.3 4690.99 4691.33 4689.05 4686.53 4685.19 4684.29 4685.23 4683.35 4680.15 4676.16 4672.29 4667.8 4663.4 4664.9 4668.13 4669.17 4675.03 4675.51
4691.53 4686.42 4687.94 4686.19 4682.88 4682.03 4683.14 4684.13 4684.54 4684.5 4684.19 4681.71 4683.76 4679.93 4680.45 4680.91 4680.68 4678.61 4679.75 4679.42 4680.11 4680.13 4682.32 4686.95 4688.22 4689.85 4692.83 4695.77 4697.88 4697.16 4696.07 4694.92 4692.98 4697.78 4698.75 4696.95 4695.44 4694 4692.33 4690.67 4689.66 4689.45 4690.69 4694.64 4694.5 4692.12 4692.41 4693.74 4691.17 4690.76 4691.46 4687.88 4683.77 4684.82 4686.69 4686.2 4683.3 4679.51 4675.42 4671.67 4668.87 4668.42 4670.43 4675.5 4673.35 4671.28 4670.96
4690.67 4685.85 4686.97 4684.55 4680.3 4679.86 4682.57 4683.96 4684.41 4684.4 4683.51 4681 4681.26 4680.99 4680.35 4679.82 4679.48 4680.39 4678.21 4678.63 4681.58 4686.46 4691.24 4689.11 4692.08 4692.41 4694.45 4695.73 4696.4 4695.92 4694.56 4693.47 4694.19 4696.34 4696.2 4694.23 4695.33 4694 4691.92 4689.71 4687.91 4686.51 4685.12 4684.69 4694.15 4692.74 4688.95 4688.68 4689.32 4688.48 4688.57 4686.22 4684.85 4685.17 4685.73 4686.7 4682.85 4678.63 4674.45 4670.74 4669.14 4669.58 4670.34 4674.56 4674 4670.49 4666.86
4692.21 4686.8 4686.03 4685.77 4684.94 4684.16 4684.25 4684.58 4684.79 4684.48 4683.5 4681.86 4681.31 4682.94 4681.39 4679.81 4677.78 4675.46 4675.34 4675.69 4680.83 4691.48 4695.13 4691.38 4694.09 4696.79 4695.96 4695.44 4695.41 4694.52 4693.16 4691.6 4691.97 4694.95 4694.44 4694.39 4694.69 4693.06 4690.26 4687.68 4685.46 4683.26 4681.19 4681.29 4688.5 4691.48 4691.98 4692.18 4686.32 4684.25 4682.51 4683.31 4683.61 4683.32 4682.11 4683.23 4681.72 4676.55 4672.07 4669.14 4667.75 4667.29 4667.62 4668.89 4669.15 4666.71 4666.3
4689.52 4686.12 4686.47 4687.74 4691.2 4688.67 4686.86 4686.29 4685.91 4685.8 4685.34 4685.04 4687.65 4683.56 4683.62 4681.81 4678.51 4674.86 4674.12 4673.72 4678.35 4687.64 4695.33 4692.63 4691.83 4693.32 4693.39 4694.09 4694.73 4694.54 4692.59 4690.01 4690.16 4694.27 4694.23 4692.89 4692.04 4690.34 4687.92 4685.56 4683.23 4680.94 4679.33 4679.72 4681.04 4685.68 4689.02 4688.18 4687.63 4684.31 4682.41 4681.44 4680.12 4680.73 4679.53 4678.83 4678.11 4673.79 4669.36 4664.84 4661.91 4663.94 4665.6 4665.34 4665.8 4665.78 4668.81
4686.38 4683.67 4685.17 4687.06 4689.18 4689.03 4687.9 4687.44 4687.23 4687.26 4689.04 4691.53 4692.96 4691.53 4687.48 4684.81 4683.14 4680.33 4675.3 4673.52 4676.13 4682.86 4693.37 4691.83 4688.95 4689.59 4690.33 4692.53 4694.25 4694.38 4693.37 4690.41 4687.1 4688.01 4689.78 4690.26 4687.88 4687.11 4685.51 4683.45 4681.39 4679.5 4677.91 4677.32 4678.99 4680.66 4683.76 4685.14 4686.38 4683.56 4681.87 4680.96 4680.16 4677.92 4677.46 4674.7 4673.25 4670.9 4667.3 4662.43 4656.91 4660.49 4665.81 4664.07 4664.38 4666.81 4666.54
4684.52 4683.35 4683.63 4685.38 4686.03 4687.7 4688.18 4688.32 4688.4 4688.45 4688.77 4693.86 4691.09 4693.22 4689.91 4686.54 4683.89 4680.44 4675.59 4672.28 4673.87 4685.57 4688.48 4690.02 4689.66 4687.83 4689.14 4691.86 4694.44 4695.97 4695.69 4694.32 4688.12 4684.17 4685.03 4683.98 4685.83 4684.17 4682.82 4681.4 4679.99 4678.81 4678.24 4678.23 4679.05 4677.54 4680.28 4683.13 4681.42 4681.05 4679.82 4680.56 4680.64 4676.67 4672.71 4670.42 4669.68 4668.76 4666.95 4665.59 4666.46 4670.23 4663.28 4659.37 4661.78 4665.95 4667.6
4683.74 4683.5 4684.8 4686.15 4686.54 4687.69 4688.83 4689.64 4690.31 4690.8 4691.46 4694.34 4692.83 4691.89 4690.61 4686.51 4681.99 4678.67 4675.68 4672.97 4672.33 4682.17 4688.25 4689.97 4694.27 4691.71 4689.95 4692.02 4695.59 4698.84 4696.86 4695.23 4690.47 4684.4 4680.75 4678.85 4679.13 4680.45 4680.31 4679.59 4678.77 4677.99 4677.66 4678.41 4679.35 4679.15 4679.59 4680.97 4681.2 4680.32 4680.41 4680.3 4680.57 4678.04 4673.11 4665.28 4667.48 4666.97 4666.47 4667.71 4673.93 4680.45 4666.02 4658.8 4657.72 4658.11 4663.05
4688.46 4688.62 4690.54 4689.48 4688.55 4688.73 4689.59 4690.49 4691.79 4693.33 4694.41 4691.85 4688.44 4691.03 4690.35 4686.59 4681.7 4679.1 4677.25 4675.78 4675.89 4676.36 4681.18 4685.06 4688.31 4691.85 4689.4 4691.55 4694.59 4696.82 4695.19 4691.03 4690.04 4684.64 4678.14 4676.8 4677.84 4678.23 4678.08 4677.74 4677.41 4677.13 4677.22 4678.41 4680.27 4679.7 4676.98 4678.13 4681.97 4681.86 4680.31 4678.68 4677.03 4674.53 4674.03 4666.7 4665.46 4665.45 4665.33 4665.05 4664.57 4666.33 4663.8 4657.43 4653.72 4651.98 4653.02
4692.77 4696.14 4696.22 4692.84 4690.07 4689.75 4690.47 4691.55 4692.93 4694.51 4694.88 4692.21 4691.97 4687.92 4689.13 4687.74 4687.1 4682.35 4680.02 4679.41 4679.84 4680.05 4675.87 4680.34 4684.74 4687.33 4688.65 4690.44 4692.7 4694.64 4694.5 4691.69 4689.63 4684.57 4679.08 4678.29 4678.52 4676.96 4676.36 4676.13 4676.06 4676.42 4677.33 4678.87 4680.79 4680.12 4674.86 4675.04 4678.43 4680.77 4678.96 4676.06 4673.17 4671.1 4671.05 4668.68 4666.64 4665.63 4664.27 4661.64 4656.84 4654.98 4655.99 4652.31 4650.4 4649.9 4651.6
4692.9 4695.77 4701.41 4694.78 4690.8 4691.12 4691.8 4692.77 4693.61 4694.54 4695.23 4696.44 4698.6 4692.6 4693.17 4689.82 4683.07 4683.28 4682.76 4682.48 4683.49 4688.34 4680.37 4680.1 4681.89 4682.18 4684.89 4687.4 4690.52 4693.38 4695.12 4695.49 4690.02 4684.43 4678.8 4676.15 4675.28 4674.61 4674.15 4674.13 4674.32 4674.98 4676.19 4677.77 4679.79 4681.4 4675.37 4673.53 4675.98 4677.96 4675.9 4673.52 4670.83 4668.69 4670.57 4668.99 4668.75 4667.37 4664.37 4660.94 4657.16 4653.45 4653.39 4648.41 4648.61 4649.16 4651.57
4698.45 4698.15 4698.56 4695.38 4692.79 4692.57 4693.01 4693.55 4694.26 4694.5 4695.3 4697.12 4698.76 4701.6 4703.19 4695.1 4689.12 4686.75 4685.83 4685.04 4683.17 4685.55 4685.89 4681.56 4678.33 4682.7 4683.02 4684.56 4687.89 4689.82 4692.03 4694.44 4691.4 4684.49 4678.37 4674.34 4673.15 4672.33 4672.3 4672.31 4672.36 4673.03 4674.14 4675.03 4676 4675.56 4675.14 4674.23 4674.45 4675.31 4673.21 4671.59 4669.34 4667.66 4671.76 4670.42 4668.47 4667.97 4664.18 4661.09 4658.06 4651.37 4655.87 4652.4 4648.48 4648.94 4649.6
4703.52 4702.72 4696.91 4694.79 4694.2 4693.94 4694.21 4694.71 4695.64 4696.13 4696.58 4696.54 4696.62 4697.75 4699.64 4696.91 4693.45 4690.32 4688.28 4688.07 4689.7 4689.7 4686.01 4682.81 4678.22 4675.28 4681.08 4685.88 4684.95 4686.65 4689 4688.46 4686.45 4682.69 4677.96 4674.08 4669.86 4669.93 4670.57 4670.67 4670.34 4669.92 4670.54 4671.25 4671.75 4671.34 4671.15 4673.85 4673.77 4671.93 4672.22 4670.81 4668.91 4666.99 4666.96 4668.56 4667.09 4664.84 4662.21 4660.03 4657.14 4649.15 4651.93 4648.65 4648.02 4649.67 4652.4
4706.21 4706.61 4700.08 4697.56 4696.9 4696.09 4695.75 4696 4696.96 4699.08 4699.23 4699.13 4696.84 4692.51 4691.49 4695.06 4695.71 4691.25 4688.85 4688.63 4691.64 4690.57 4688.06 4685.3 4683.34 4680.82 4676.55 4677.89 4679.61 4681.01 4681.62 4684.13 4683.69 4680.39 4676.51 4672 4670.37 4670.14 4669.98 4669.66 4669 4667.02 4665.18 4667.78 4668.47 4668.17 4666.38 4670.43 4671.59 4667.09 4670.63 4669.84 4668.82 4667.91 4663.65 4664.02 4662.75 4660.38 4659.44 4658.35 4656.05 4650.94 4652.59 4650.69 4649.91 4650.19 4651.14
4705.56 4706.65 4704.15 4702.03 4699.15 4697.49 4696.66 4696.53 4696.74 4696.96 4698.09 4699.42 4699.56 4696.63 4692.15 4691.67 4691.61 4689.72 4688.02 4686.55 4686.33 4688.35 4688.54 4686.44 4685.18 4683.89 4679.13 4673.89 4676.52 4677.6 4677.78 4679.36 4679.39 4678.04 4675.97 4675.55 4671.84 4671.01 4670.18 4669.77 4669.4 4669.21 4668.48 4667.29 4666.61 4665.97 4663.97 4666.73 4671.86 4670.3 4668.67 4668.69 4668.42 4666.99 4662.86 4662.98 4663.17 4659.31 4657.34 4655.8 4653.82 4654.13 4655.83 4654.72 4652.8 4649.85 4647.59
4697.28 4701.21 4702.82 4701.98 4699.65 4698.13 4697.23 4696.42 4695.99 4695.9 4696.06 4695.48 4694.43 4695.84 4695.86 4688.52 4686.32 4687.12 4686.63 4685.31 4684.43 4687.22 4686.56 4685.57 4684.63 4684.37 4685.54 4681.3 4677.82 4676.89 4676.58 4677.97 4676.64 4676.09 4675.38 4672.61 4671.22 4670.65 4670.28 4669.75 4669.57 4670.11 4669.62 4667.35 4665.34 4663.87 4663.71 4666.97 4677.55 4677.49 4671.13 4668.26 4667.66 4666.39 4663.34 4661.15 4658.92 4657.14 4656.4 4654.92 4653.4 4655.61 4656.24 4655.55 4653.65 4648.69 4644.56
4694.91 4699.07 4699.71 4697.11 4698.56 4698.24 4697.51 4696.64 4695.9 4695 4695.76 4695.5 4695.85 4698.07 4694.07 4686.83 4685.47 4686.07 4686.19 4686.03 4685.89 4683.74 4683.43 4683.91 4683.31 4681.67 4681.71 4679.5 4677.7 4676.92 4674.87 4672.48 4673.28 4674.66 4675.36 4675.85 4674.39 4672.32 4670.15 4668.92 4668.51 4668.42 4668.1 4666.83 4665.23 4663.34 4661.45 4663.35 4672.34 4675.07 4670.18 4666.99 4666.39 4664.37 4660.79 4660.13 4662.61 4659.21 4656.98 4656.29 4656.12 4655.71 4654.11 4653.07 4649.95 4647.25 4643.63
4691.14 4699.7 4699.71 4700.84 4699.16 4697.73 4696.96 4696.72 4696.42 4695.96 4697.03 4699.41 4698.52 4696.72 4692.46 4688.61 4687.8 4686.83 4686.68 4687.53 4687.13 4685.06 4683.85 4683.8 4683.33 4682.26 4681.21 4679.78 4678.34 4678.62 4678.33 4670.24 4672.08 4674.07 4675.31 4675.35 4673.62 4670.59 4668.84 4667.57 4666.57 4666.51 4667.02 4667.26 4666.78 4665.53 4667.5 4664.63 4664.42 4666.44 4664.33 4664.76 4665.29 4664.17 4659.98 4657.56 4659.83 4659.88 4657.74 4655.95 4654.44 4653.04 4653.94 4652.2 4650.7 4647.34 4645.02
4690.36 4694.55 4696.64 4699.07 4697.06 4695.64 4695.6 4696.1 4697.09 4697.83 4696.84 4695.75 4696.4 4695.44 4691.31 4692.6 4690.29 4688.14 4687.22 4687.76 4690.03 4689.95 4687.25 4685.35 4684.52 4683.65 4680.03 4680.01 4679.94 4679.58 4678.43 4679.24 4674.85 4674.11 4674.23 4673.03 4669.27 4668.19 4667.14 4666.21 4665.47 4664.67 4667.31 4669.94 4670.84 4669.16 4672.18 4669.95 4664.96 4661.45 4659.21 4662.34 4663.25 4663.16 4660.43 4656.94 4660.07 4662.95 4660.54 4656.24 4653.2 4652.22 4651.42 4651.76 4649.53 4647.07 4645.1
4692.01 4690.87 4691.8 4690.96 4690.67 4692.54 4693.9 4694.84 4695.61 4696.04 4695.39 4694.83 4694.25 4692.36 4692.39 4692.24 4690.63 4688.03 4685.88 4685.41 4690.98 4694.93 4688.69 4686.24 4685.71 4685.37 4683.04 4681.71 4682.57 4680.52 4677.08 4675.05 4674.35 4673.99 4673.36 4672.41 4671.74 4668.28 4666.38 4665.56 4665.58 4667.47 4670.46 4675.2 4679.96 4681.92 4683.45 4680.81 4670.73 4663.44 4657.84 4659.74 4659.98 4660.41 4660.94 4660.25 4659 4662.15 4663.15 4658.98 4654.99 4652.11 4656.53 4652.35 4649.23 4647.54 4644.87
4692.53 4693 4692.32 4688.92 4688.19 4691.1 4692.94 4693.82 4693.45 4692.96 4692.79 4693.17 4692.59 4693.05 4692.28 4691.01 4689.55 4686.54 4684.07 4682.5 4686.91 4690.44 4686.43 4685.94 4686.57 4687.26 4684.38 4680.68 4681.93 4681.88 4678.77 4671.99 4673.18 4674.21 4674.23 4673.48 4672.37 4669.04 4666.54 4665.03 4664.88 4667.62 4672.68 4680.35 4690.08 4704.39 4702.93 4697.66 4682.79 4667.06 4659.6 4659.11 4659.07 4659.95 4660.9 4660.01 4657.61 4657.85 4658.79 4659.82 4656.19 4651.82 4649.43 4649.81 4651.86 4650.23 4645.25
4699.4 4699.6 4698.05 4693.65 4691.4 4692.68 4693.58 4694.06 4693.81 4692.68 4690.9 4688.74 4690.32 4691.5 4691.09 4689.1 4687.47 4685.25 4683.52 4682.13 4686.45 4689.78 4685.02 4685.23 4687.06 4688.61 4688.9 4683.38 4687.56 4684.97 4680.59 4678.08 4674.82 4675.54 4676.64 4673.26 4668.84 4667.43 4666.39 4664.32 4663 4664.6 4672.45 4682.14 4693.62 4701.86 4712.78 4706.2 4684.67 4669.17 4659.41 4658.97 4659.02 4660.73 4663.8 4662.57 4655.69 4656.82 4658.98 4656.4 4656.44 4654.62 4648.5 4648.36 4650.94 4650.26 4645.67
4700.37 4702.58 4701.77 4698.3 4697.36 4695.43 4694.67 4694.54 4695.49 4693.95 4691.75 4690 4688.8 4688.31 4689.43 4688.82 4685.09 4684.51 4683.93 4685.56 4688.81 4690.76 4687.53 4686.78 4687.49 4688.44 4688.85 4684.34 4687.72 4687.11 4684.08 4676.99 4674.81 4676.1 4677.44 4672.92 4666.84 4664.51 4664.59 4663.55 4663.42 4665.07 4671.47 4679.76 4690.72 4703.92 4704.96 4698.92 4680.36 4669.4 4659.23 4656.56 4656.53 4660.01 4664.3 4665.2 4652.68 4653.71 4659.13 4661.11 4657.2 4653.37 4650.34 4649.31 4649.62 4649.36 4645.46
4702.37 4701.42 4700.34 4699.72 4699.04 4696.75 4694.91 4693.66 4692.15 4692.17 4691.62 4690.07 4686.76 4684.13 4682.16 4685.78 4686.04 4683.83 4682.76 4683.84 4687.39 4688.15 4687.22 4686.6 4686.75 4687.1 4686.21 4683.26 4682.12 4683.39 4682.78 4676.93 4673.6 4674.89 4675.49 4671.5 4665.85 4662.64 4661.93 4662.37 4664.64 4667.2 4669.4 4673.17 4677.86 4682.82 4684.44 4679.15 4669.06 4662.94 4657.1 4654.71 4658.98 4658.26 4657.91 4652.34 4650.41 4652.5 4653.43 4658.07 4655.15 4651.11 4647.43 4644.51 4646.2 4647.42 4643.94
4701.08 4700.4 4699.57 4698.19 4697.5 4695.81 4694.11 4693.28 4691.19 4691.53 4690.47 4687.84 4684.54 4680.54 4677.95 4682.06 4683.57 4682.42 4681.02 4679.95 4681.41 4683.69 4684.54 4684.65 4684.98 4685.05 4684.71 4681.12 4680.21 4680.68 4678.81 4674.32 4671.48 4672.41 4672.75 4670.16 4667.01 4664.12 4659.45 4661.28 4663.37 4664.85 4665.69 4665.85 4663.95 4664.24 4666.18 4661.34 4660.03 4660.03 4657.98 4656.31 4655.96 4655.59 4653.06 4649.09 4646.06 4645.64 4646.71 4648.16 4651.39 4649.41 4644.77 4641.31 4642.28 4641.38 4640.41
