real_craters/C171-300m.grd
DSAA
438 438
-65.52 65.52
-65.52 65.52
3120.2167820528 5343.584630691
[rows 120 to 149 of 438, columns 268 to 334 of 438]
4571.98 4570.49 4569.86 4570.39 4571.26 4572.77 4574.45 4576.84 4578.39 4579.1 4579.37 4579.4 4579.23 4579.1 4578.48 4575.7 4572.76 4569.31 4566.69 4572.7 4575.83 4576.75 4575.85 4571.93 4567.5 4562.5 4557.48 4553.13 4550.46 4551.27 4552.95 4554.9 4557.25 4560.06 4559.79 4559.07 4558.32 4557.52 4556.8 4556.51 4553.71 4551.53 4549.98 4548.92 4549.13 4549.58 4550.36 4551.11 4551.58 4550.99 4550.42 4549.68 4552.34 4556.5 4559.84 4562.09 4563.52 4564.44 4564.68 4564.93 4565.73 4570.91 4577.82 4585.12 4592.33 4599.22 4604.82
4574.3 4572.37 4570.92 4570.64 4570.72 4571.61 4573.28 4575.51 4577.14 4577.8 4578.08 4577.91 4577.5 4577 4576.25 4574.26 4573.02 4572.17 4572.56 4578.43 4579.58 4579.22 4579.32 4577.46 4570.72 4564.72 4559.2 4554.65 4552.05 4551.65 4552.48 4553.6 4554.59 4555.22 4557.03 4557.64 4557.63 4557.34 4556.78 4555.27 4552.75 4550.69 4549.25 4548.78 4548.2 4548.52 4549.39 4550.3 4551.48 4551.05 4550.03 4550.24 4553.82 4558.95 4562.56 4564.57 4565.52 4565.72 4565.35 4564.64 4564.44 4569.2 4576.41 4583.52 4590.28 4595.57 4599.39
4576.65 4573.7 4572.17 4571.77 4571.53 4572.34 4574.14 4575.61 4576.62 4577.04 4576.96 4576.51 4575.67 4574.25 4572.28 4572.17 4573.08 4576.31 4581.71 4585.97 4582.63 4576.71 4575.17 4574.66 4571.16 4565.8 4560.25 4555.24 4551.7 4550.48 4551.21 4552.49 4553.24 4553.53 4555.39 4556.29 4556.56 4556.51 4556.21 4552.93 4551.04 4549.33 4547.85 4546.6 4546.55 4546.98 4548.2 4549.79 4552.08 4551.14 4550.84 4553.93 4559.11 4564.55 4567.33 4568.5 4568.46 4567.6 4566.72 4565.93 4565.55 4569.54 4576.83 4583.69 4589.26 4592.69 4593.87
4577.69 4575.03 4573.8 4573.89 4574.12 4575.1 4575.94 4576.57 4576.62 4576.42 4575.91 4575.14 4574.04 4572.56 4570.88 4570.16 4570.8 4574.62 4580.64 4582.68 4576.44 4566.91 4566.18 4571.78 4570.85 4566.41 4560.92 4555.3 4550.44 4549.1 4550.59 4552.55 4554.28 4554.9 4555.37 4555.47 4555.35 4555.15 4554.22 4552.23 4549.79 4547.91 4546.32 4545.28 4544.78 4545.11 4546.55 4549.04 4551.43 4550 4552.61 4562.15 4570.48 4573.08 4573.61 4573.45 4572.57 4571.23 4570.01 4568.92 4568.74 4572.15 4579.2 4586.09 4591.28 4593.57 4591.86
4579.08 4577.33 4576.21 4576.38 4577.78 4578.98 4579.38 4577.65 4576.4 4575.52 4574.76 4573.85 4572.74 4571.48 4569.67 4567.8 4565.79 4564.11 4567.16 4569.62 4563.65 4558.42 4563.28 4572.56 4571.38 4566.99 4561.75 4555.95 4550.5 4548.55 4550.63 4553.3 4556.3 4556.8 4555.63 4554.72 4553.85 4553.24 4553.47 4550.41 4548.3 4546.73 4545.09 4543.59 4543.06 4543.43 4544.59 4546.74 4548.71 4549.11 4555.87 4570.41 4582.79 4581.45 4580.14 4578.66 4577.17 4575.72 4574.21 4573.18 4573.32 4576.33 4583.74 4590.75 4596.69 4599.46 4598.51
4581.65 4578.72 4576.7 4577.46 4579.19 4579.98 4579.28 4577.17 4575.54 4574.34 4573.45 4572.82 4571.95 4570.82 4568.87 4566.28 4562.53 4557.09 4558.51 4563.9 4560.5 4560.68 4565.19 4571.65 4570.96 4567.3 4562.87 4558.02 4552.89 4550.1 4551.52 4553.83 4556.61 4556.68 4555.19 4553.63 4552.06 4550.2 4549.19 4548.61 4547.82 4546.61 4544.76 4542.99 4542.27 4542.65 4543.35 4544.58 4547.46 4551.44 4561.03 4574.6 4584.32 4586.4 4585.63 4583.98 4582.46 4580.72 4579.37 4578.58 4579.37 4582.71 4589.52 4597.29 4604.74 4611.14 4615.09
4587 4580.86 4577.03 4576.76 4577.75 4578.27 4577.14 4575.07 4573.55 4572.48 4571.83 4571.44 4571.05 4570.74 4569.45 4567.09 4563.79 4560.18 4559.22 4561.27 4560.29 4568.3 4570.81 4571.14 4569.98 4567.6 4564.51 4561.09 4557.33 4553.08 4553.03 4554.18 4555.35 4555.52 4554.47 4552.66 4550.65 4548.21 4546.71 4548.96 4549.65 4547.94 4545.8 4543.61 4542.94 4544.09 4544.93 4545.75 4551.63 4559.79 4569.35 4579.44 4587.09 4589.99 4590.14 4589.08 4588.12 4586.56 4585.7 4585.17 4585.64 4588.75 4596.08 4604.67 4614.05 4624.09 4633.26
4589.28 4581.95 4577.48 4573.33 4572.29 4572.33 4572.18 4571.7 4571.3 4570.86 4570.4 4570.12 4570.36 4570.94 4572.11 4571.96 4566.44 4562.33 4560.25 4559.63 4563.09 4573.87 4575.35 4571.78 4569.71 4568.16 4565.96 4564.02 4562.68 4556.65 4554.94 4555.43 4555.39 4555.68 4554.58 4552.49 4550.3 4548.88 4548.85 4550.11 4551.12 4550.78 4548.97 4546.28 4545.7 4549.88 4551.94 4552.88 4561.97 4573.25 4579.46 4585.79 4590.99 4593.76 4594.44 4593.88 4593.18 4592.45 4591.88 4591.8 4592.59 4595.2 4602.76 4611.8 4621.5 4632.6 4643.28
4585.92 4578.94 4571.96 4567.79 4565.23 4565 4566.94 4568.48 4569.25 4569.53 4569.5 4569.38 4569.38 4569.84 4571.41 4571.65 4565.61 4561.91 4561.18 4561.79 4566.73 4575.2 4577.26 4574.46 4571.61 4569.01 4566.46 4564.93 4564.68 4558.21 4556.57 4558.25 4559.3 4558.09 4555.87 4553.12 4550.54 4549.05 4549.57 4551.97 4555.41 4555.23 4555.31 4554.38 4553.93 4562.81 4567.54 4568.96 4575.88 4584.69 4587.6 4591.69 4596.29 4597.67 4598.02 4597.85 4597.68 4597.58 4597.9 4598.65 4599.99 4603.18 4609.53 4617.39 4626.18 4635.2 4643.15
4583.76 4575.97 4569.29 4565.44 4563.01 4562.22 4563.98 4566.47 4567.99 4568.73 4568.47 4567.99 4567.83 4566.99 4565.63 4562.94 4561.23 4560.94 4563.9 4566.99 4573.34 4579.5 4579.18 4576.97 4573.72 4569.36 4565.49 4562.54 4560.36 4556.45 4557.86 4561.94 4563.76 4561.52 4558.21 4554.44 4551.04 4548.91 4549.6 4552.37 4556.55 4559.48 4564.49 4570.31 4575.65 4581.95 4586.83 4587.9 4585.96 4588.73 4592.09 4595.38 4598.66 4600.19 4600.64 4601.04 4601.61 4602.23 4603.23 4604.62 4606.84 4609.75 4615.16 4621.53 4627.87 4633.71 4636.96
4584.38 4575.02 4567.36 4565.32 4563.13 4561.45 4563.66 4566.31 4568.46 4569.05 4568.47 4567.7 4566.3 4564.19 4561.59 4559.15 4559.2 4562.01 4568.9 4575.77 4581.32 4582.48 4579.48 4577.1 4574.19 4567.94 4563.39 4559.29 4555.31 4555.48 4560.09 4565.86 4567.95 4565.1 4561.24 4556.76 4552.31 4549.43 4550.62 4552.95 4554.73 4562.94 4573.89 4586.25 4603.51 4597.11 4594.46 4590.52 4589.89 4592.21 4594.54 4597.35 4600.12 4601.89 4602.87 4604 4605.46 4606.85 4608.63 4610.52 4613.05 4615.47 4619.81 4624.66 4628.76 4631.29 4630.9
4586.56 4577.09 4568.05 4565.14 4563.56 4562.98 4566.23 4569.15 4570.9 4571.21 4570.38 4568.73 4566.36 4563.36 4560.18 4558.57 4560.6 4565.89 4574.08 4582.89 4584.37 4582.66 4577.81 4572.74 4567.19 4564.15 4561.45 4558.73 4556.81 4559.83 4564.7 4569.26 4570.57 4568.53 4565.22 4560.89 4555.54 4551.54 4555.3 4559.13 4559.71 4570.7 4582.48 4592.7 4600.35 4598.91 4593.66 4589.57 4590.47 4593.12 4596.25 4598.58 4600.5 4602.3 4604.55 4606.92 4609.59 4611.86 4614.16 4616.76 4619.36 4621.85 4624.99 4627.89 4629.92 4629.98 4627.03
4594.6 4584.92 4574.06 4569.45 4568.85 4569.39 4573.46 4575.87 4576.1 4575.7 4574.06 4571.4 4568 4564.2 4559.95 4557.34 4561.1 4567.84 4575.22 4582.96 4581.53 4578.5 4574.28 4567.64 4561.2 4560.98 4560.58 4560.54 4562.17 4566.03 4570.09 4572.23 4573.01 4572.29 4570.68 4568.16 4564.29 4559.91 4566.39 4572.8 4580.73 4587.34 4591.42 4595.3 4596.84 4597.26 4595.1 4592.87 4593.9 4596.48 4599.03 4600.28 4600.84 4602.12 4605.7 4609.77 4613.61 4617.16 4620.47 4623.11 4625.81 4628.49 4630.82 4631.96 4632.25 4631.21 4627.84
4609.15 4600.29 4591.68 4588.97 4587.24 4585.52 4586.01 4585.6 4584.16 4582.81 4579.83 4576.21 4571.83 4566.89 4561.64 4556.78 4559.81 4566.58 4571.73 4575.21 4575.74 4572.36 4567.59 4564.02 4562.03 4560.92 4560.71 4561.45 4564.33 4569.31 4573.45 4574.06 4575.43 4576.41 4577.03 4577.87 4579.37 4580.53 4581.64 4586.75 4595.98 4600.14 4598.44 4598.37 4597.62 4598.58 4601.18 4600.7 4603.68 4603.77 4603.76 4603.64 4602.77 4602.34 4608.14 4613.43 4618.15 4621.82 4625.44 4628.81 4632.08 4634.79 4636.79 4637.2 4636.76 4635.49 4633.42
4625.86 4620.39 4617.85 4617.37 4615.86 4608.11 4601.79 4597.5 4593.86 4589.79 4586.21 4582.03 4577.04 4571.89 4566.22 4560.76 4560.47 4565.5 4568 4567.66 4565.56 4563.97 4561.75 4561.17 4561.91 4561.54 4561.43 4562.09 4564.76 4569.34 4573.05 4575.98 4578.35 4580.64 4583.04 4586.39 4591.54 4594.22 4593.45 4595.62 4599 4600.91 4602 4602.2 4601.64 4601.8 4602.25 4605.01 4610.95 4609.75 4609.26 4609.05 4608.7 4608.79 4614.27 4619.13 4623.57 4627.55 4631.3 4634.95 4638.08 4640.85 4642.75 4642.97 4642.77 4642.03 4642.03
4641.69 4640.31 4640.18 4635.81 4629.7 4623.51 4616.46 4609.99 4604.52 4598.92 4593.75 4588.33 4583.46 4578.73 4573.92 4569.53 4566.91 4568.36 4567.56 4563.6 4558.27 4557.07 4557.36 4558.85 4560.5 4561.77 4562.88 4564.19 4566.67 4570.02 4573.29 4577.57 4581.48 4584.56 4587.6 4591.36 4596.31 4599.3 4599.96 4601.23 4602.15 4602.7 4605.86 4606.99 4607.47 4608.43 4607.43 4608.2 4609.91 4613.22 4614.53 4615.59 4617.18 4619.98 4623.01 4626.39 4630 4633.67 4637.36 4641.01 4644.25 4646.58 4647.32 4649.24 4649.57 4649.24 4649.02
4658.04 4659.27 4658.19 4653.32 4645.87 4637.96 4629.84 4621.57 4614.25 4607.34 4601.23 4595.32 4590.46 4586.39 4583.38 4581.72 4580.06 4574.78 4569.43 4562.35 4555.35 4555.42 4557.4 4560.23 4562.68 4564.49 4565.53 4566.66 4569.48 4572.9 4575.97 4581.86 4585.54 4588.28 4590.81 4593.73 4597.19 4600.86 4603.86 4606.42 4608.38 4610.32 4612.06 4613.08 4613.25 4614.73 4616.87 4614.52 4615.18 4617.72 4619.88 4622.09 4625.04 4628.94 4631.47 4633.23 4635.97 4639.45 4643.04 4646.85 4650.43 4653.75 4655.98 4657.44 4657.23 4656.9 4659.14
4675.87 4678.63 4679.54 4670.13 4662.33 4651.17 4641.02 4631.27 4622.69 4615.68 4607.97 4602.67 4597.19 4592.96 4591.06 4590.77 4588.32 4579.55 4571.17 4562.93 4557.18 4557.89 4561.03 4564.39 4567.27 4569.57 4569.48 4570.23 4573.76 4578.21 4583.16 4587.78 4590.53 4592.39 4593.73 4594.93 4597.64 4602.16 4607.33 4611.79 4615.3 4617.45 4619.91 4620.45 4619.58 4618.47 4619.55 4621.18 4621.75 4623.55 4625.09 4627.32 4630.59 4635.4 4637.26 4638.49 4640.99 4644.18 4648.01 4652.02 4656.28 4661.05 4666.84 4666.15 4664.63 4663.48 4664.52
4693.75 4695.23 4697.29 4684.46 4672.51 4661.65 4650.79 4640.72 4630.58 4622.21 4614.7 4608 4602.18 4597.58 4594.99 4593.49 4588.57 4580.43 4573.23 4566.55 4562.59 4562.25 4564.25 4566.62 4570.04 4572.79 4574.18 4575.99 4579.89 4584.51 4589.45 4594.35 4596.15 4597.13 4597.39 4596.92 4596.99 4604.04 4611.19 4617.43 4623.18 4627.74 4629.66 4628.9 4627.38 4625.41 4626.84 4629.86 4630.11 4628.98 4629.43 4631.12 4633.55 4635.87 4638.32 4641.66 4644.83 4648.11 4651.7 4655.72 4660.25 4665.09 4668.76 4670.41 4670.78 4670.68 4672.49
4708.13 4704.02 4702.32 4693.94 4682.14 4669.51 4658.02 4647.99 4636.81 4628.73 4620.32 4613.34 4606.82 4601.03 4596.36 4592.29 4586.15 4579.35 4574.44 4572.31 4570.46 4569.73 4568.95 4569.81 4572.79 4575.71 4579.78 4583.47 4586.94 4590.79 4595.89 4599.95 4601.92 4602.78 4602.76 4602.18 4603.1 4609.06 4615.9 4622.74 4629.85 4637.47 4638.13 4636.34 4635.06 4634.89 4632.92 4633.77 4632.83 4631.48 4631.76 4633.44 4635.71 4637.63 4640.23 4644.38 4647.7 4650.82 4654.15 4657.92 4662.29 4666.84 4670.36 4673.13 4675.27 4678.07 4680.74
4715.34 4704.4 4697.93 4694.25 4685.24 4672.98 4661.83 4652.06 4642.67 4634.32 4626.21 4618.39 4610.69 4603.73 4596.88 4590.32 4584.7 4580.09 4577.65 4581.64 4579.83 4576.37 4574.34 4574.88 4577.75 4581.02 4586.09 4590.65 4594.35 4597.39 4599.56 4605.13 4608.42 4609.28 4609.45 4609.84 4611.36 4615.39 4620.86 4626.92 4633.21 4639 4641.12 4640.68 4639.12 4635.1 4631.22 4630.55 4630.54 4630.95 4632.36 4634.83 4637.99 4641.74 4645.25 4647.78 4650.03 4652.37 4655.44 4658.87 4663.04 4667.4 4672.13 4675.04 4676.16 4678.68 4678.53
4714.79 4699.27 4690.3 4689.11 4681.56 4672.04 4663.52 4654.93 4646.5 4638.14 4629.81 4622.21 4614.14 4606.42 4598.87 4591.89 4589.24 4588.14 4588.14 4591.29 4586.98 4580.82 4578.82 4580.66 4584.55 4589.38 4592.99 4597.73 4602.62 4606.66 4610.44 4615.48 4616.02 4615.98 4616.41 4617.48 4619.19 4621.52 4625.04 4629.6 4634.35 4638.39 4641.49 4642.98 4641.75 4635.56 4627.19 4625.04 4626.55 4628.94 4631.84 4635.35 4639.46 4644.44 4648.94 4649.86 4650.9 4652.68 4655.18 4658.3 4661.94 4665.92 4669.57 4671.37 4672.15 4672.95 4669.79
4710.57 4692.37 4681.82 4681.25 4674.28 4669.97 4663.69 4656.38 4648.83 4640.93 4632.98 4625.72 4617.87 4610.38 4603.46 4598.23 4601.04 4606.21 4605.91 4600.81 4593.67 4585.39 4583.72 4588.54 4591.97 4595.16 4600.11 4605.86 4611.74 4616.86 4621.58 4624.51 4621.97 4621.45 4622.5 4624.25 4625.37 4626.34 4628.15 4630.67 4634.09 4637.68 4641.4 4644.37 4645.67 4637.76 4622.75 4619.48 4623.25 4626.99 4630.7 4634.64 4639.02 4643.98 4648.43 4649.64 4650.06 4651.37 4653.63 4656.36 4659.62 4663.02 4665.82 4666.76 4665.9 4662.63 4660.96
4708.9 4689.66 4678.47 4675.52 4673.05 4670.64 4665.42 4658.75 4651.64 4644.16 4637.14 4629.52 4622.33 4615.87 4611.01 4607.98 4611.52 4618.74 4620.18 4611.11 4601.34 4593.71 4591.8 4595 4598.42 4601.6 4606.82 4613.79 4620.86 4626.32 4627.61 4625.56 4623.8 4624.3 4626.75 4630.04 4630.25 4629.69 4629.97 4630.88 4632.71 4635.11 4638.6 4643.24 4648.18 4643.1 4623.16 4619.8 4623.03 4626.2 4629.44 4633.01 4636.83 4641.32 4646.02 4646.79 4647.13 4648.59 4650.76 4653.26 4656.34 4659.34 4662.34 4664.9 4661.58 4656.93 4657.06
4714.46 4694.74 4685.01 4682.48 4683.27 4675.66 4669.37 4662.19 4654.85 4647.53 4640.1 4632.74 4626.16 4620.98 4618.97 4617.77 4618.74 4623.21 4624 4615.79 4607.37 4600.33 4597.75 4600.22 4604.36 4608.7 4612.98 4620.72 4629.29 4635.98 4633.26 4623.76 4622.48 4624.74 4628.15 4631.21 4631.55 4630.73 4629.9 4629.88 4630.12 4630.87 4632.98 4637.85 4643.12 4641.31 4629.28 4625.96 4625.52 4626.33 4628.22 4630.68 4633.39 4636.31 4639.29 4640.77 4642.48 4644.68 4646.97 4649.68 4652.19 4654.51 4656.6 4657.49 4657.86 4657.39 4654.99
4730.24 4712.06 4703.51 4698.15 4689.21 4682.19 4674.66 4667.04 4659.01 4651.23 4643.47 4636.04 4629.54 4624.7 4622.5 4621.39 4622.57 4625.58 4624.45 4620.16 4611.32 4604.06 4600.46 4604.8 4610.14 4614.74 4619.13 4626.67 4635.35 4642.79 4636.53 4621.46 4620.7 4624.27 4628.44 4631.08 4631.05 4629.97 4628.75 4627.62 4626.82 4626.07 4626.19 4630.67 4634.83 4638.05 4636.09 4631.89 4627.57 4626.17 4626.91 4628.32 4629.73 4630.98 4631.44 4634.04 4637.53 4640.5 4643.12 4645.59 4647.67 4649.29 4650.3 4650.83 4650.78 4650.68 4648.42
4755.2 4741.79 4731.8 4719.97 4704.37 4692.38 4682.25 4672.45 4663.88 4655.43 4647.52 4639.93 4632.95 4627.17 4623.15 4621.46 4622.26 4622.07 4620.78 4618.58 4614.06 4608.26 4605.39 4609.42 4615.42 4620.45 4625.23 4630.83 4637.22 4641.85 4635.45 4623.56 4621.17 4623.83 4627.81 4631.01 4629.66 4628.02 4626.48 4625.08 4623.9 4622.57 4621.83 4626.04 4631.03 4634.16 4632.09 4629.54 4626.43 4624.85 4625.07 4626.02 4626.67 4627.41 4628.06 4630.1 4633.45 4636.59 4639.31 4641.68 4643.48 4644.61 4644.7 4643.34 4642.07 4641.55 4640.88
4783.82 4774.48 4762.59 4744.35 4723.34 4704.76 4690.2 4678.47 4669.15 4660.48 4652.69 4644.78 4637.33 4630.49 4624.3 4622.51 4622.57 4621.53 4622.75 4622.59 4618.74 4613.66 4610.49 4614.78 4621.35 4626.65 4629.54 4633.22 4635.99 4636.67 4632.04 4625.71 4622.46 4622.78 4625.14 4627 4626.61 4625.3 4624.06 4622.83 4621.78 4620.88 4620.96 4624.48 4629.12 4629.87 4626.53 4623.62 4623.28 4622.87 4623.48 4624.03 4624.33 4624.98 4625.7 4627.24 4630.36 4633.28 4636.06 4638.15 4639.83 4640.75 4640.88 4640.2 4640.35 4639.74 4637.62
4809.14 4803.97 4787.33 4762.49 4735.09 4712.57 4696.99 4685.07 4675.44 4667.18 4659.2 4651.47 4643.62 4635.99 4628.32 4627.17 4627.27 4626.67 4630.81 4630.55 4625.94 4620.82 4617.2 4621.89 4628.92 4634.92 4636.3 4634.73 4633.74 4631.79 4628.24 4624.05 4620.86 4620.15 4621.39 4622.83 4622.82 4622.16 4621.28 4620.38 4619.79 4619.76 4620.78 4622.89 4624.96 4625.43 4622.13 4618.75 4619.76 4621.13 4621.88 4622.47 4623.06 4623.64 4624.3 4625.43 4627.99 4630.35 4632.79 4634.65 4636.32 4637.56 4638.54 4639.14 4640.64 4640.12 4638.01
4823.43 4816.6 4801.36 4772.88 4741.53 4716.53 4702.09 4691.02 4681.98 4674.15 4666.62 4659.84 4652.64 4645.36 4637.12 4636.3 4637.14 4641.22 4645.84 4639.82 4633.97 4629.51 4627.83 4631.32 4637.89 4641.69 4637.99 4634.92 4632.31 4628.68 4625.13 4619.7 4616.07 4617.04 4617.95 4619.06 4619.65 4619.47 4618.98 4618.54 4617.89 4617.66 4617.54 4619.6 4622.84 4621.94 4618.38 4616.19 4618.25 4620.08 4620.94 4621.73 4622.28 4622.93 4623.91 4625.5 4626.49 4628.02 4629.72 4631.76 4633.74 4635.28 4636.94 4637.97 4639.62 4639.34 4637.9
