real_craters/C171-750m.grd
DSAA
176 176
-65.52 65.52
-65.52 65.52
3125.1551732376 5334.5182922679
[rows 76 to 113 of 176, columns 0 to 83 of 176]
4651 4647 4646 4646 4646 4648 4652 4645 4643 4641 4640 4639 4640 4640 4641 4635 4634 4632 4631 4629 4631 4631 4632 4633 4624 4620 4617 4613 4620 4619 4618 4619 4622 4622 4622 4623 4626 4629 4632 4635 4636 4635 4643 4650 4640 4634 4630 4632 4635 4639 4656 4688 4746 4780 4830 4831 4833 4855 4874 4883 4890 4892 4888 4899 4906 4921 4989 5003 4897 4650 4347 4094 3857 3732 3636 3607 3621 3586 3449 3349 3265 3248 3257 3269
4648 4647 4648 4649 4648 4645 4641 4641 4640 4638 4635 4633 4635 4637 4639 4636 4638 4636 4637 4637 4637 4637 4636 4635 4625 4621 4620 4618 4625 4622 4618 4620 4627 4626 4619 4620 4624 4629 4633 4637 4639 4633 4645 4654 4645 4638 4627 4628 4638 4636 4674 4713 4760 4808 4835 4847 4867 4885 4887 4888 4891 4894 4899 4927 4950 4981 5051 5002 4766 4459 4182 3959 3766 3652 3591 3596 3559 3501 3341 3274 3228 3223 3239 3251
4646 4646 4650 4652 4648 4646 4642 4639 4638 4637 4637 4637 4635 4635 4630 4631 4630 4633 4636 4638 4640 4639 4635 4630 4628 4623 4620 4621 4631 4626 4623 4620 4618 4622 4620 4620 4625 4630 4634 4637 4640 4634 4635 4638 4639 4636 4631 4635 4633 4631 4681 4735 4791 4814 4835 4857 4905 4911 4893 4887 4889 4896 4920 4935 4994 5040 5060 4919 4611 4286 4043 3853 3693 3603 3580 3578 3520 3453 3272 3220 3202 3208 3224 3235
4650 4650 4650 4649 4647 4647 4645 4640 4638 4637 4636 4635 4634 4633 4630 4630 4630 4631 4632 4635 4638 4639 4636 4631 4624 4622 4621 4621 4625 4629 4624 4622 4618 4620 4619 4622 4629 4633 4636 4637 4636 4632 4634 4635 4637 4638 4630 4630 4626 4627 4669 4742 4775 4836 4867 4880 4886 4884 4887 4886 4888 4892 4899 4947 5019 5051 5000 4774 4458 4135 3919 3763 3638 3575 3555 3527 3473 3396 3228 3180 3176 3189 3205 3219
4651 4652 4651 4647 4645 4645 4646 4640 4638 4637 4636 4635 4632 4633 4634 4632 4632 4631 4628 4627 4636 4638 4638 4635 4630 4627 4625 4622 4627 4633 4630 4630 4631 4623 4628 4633 4634 4636 4637 4637 4636 4634 4633 4639 4642 4646 4629 4629 4629 4632 4666 4732 4761 4822 4876 4904 4888 4878 4879 4883 4887 4892 4900 4940 4992 5002 4897 4624 4319 4023 3829 3700 3609 3558 3524 3490 3437 3307 3183 3148 3150 3166 3190 3220
4648 4651 4654 4655 4650 4646 4641 4641 4639 4636 4634 4631 4630 4625 4630 4631 4631 4633 4633 4632 4634 4637 4641 4640 4632 4628 4628 4629 4624 4627 4627 4627 4629 4629 4628 4641 4637 4637 4637 4638 4639 4638 4634 4639 4643 4644 4642 4642 4640 4655 4678 4733 4767 4817 4868 4894 4889 4871 4878 4884 4892 4899 4905 4927 4962 4893 4731 4486 4203 3934 3762 3668 3599 3545 3492 3446 3390 3252 3140 3126 3139 3160 3213 3255
4648 4651 4655 4658 4656 4648 4647 4641 4637 4636 4634 4631 4632 4633 4632 4633 4634 4638 4644 4651 4643 4639 4635 4633 4630 4627 4628 4628 4627 4621 4619 4618 4620 4630 4635 4637 4635 4634 4635 4637 4640 4640 4634 4649 4655 4656 4658 4659 4663 4687 4714 4770 4791 4812 4853 4901 4896 4884 4884 4893 4907 4920 4935 4963 4967 4836 4599 4359 4107 3875 3722 3645 3581 3515 3463 3407 3331 3191 3126 3125 3146 3183 3253 3310
4654 4655 4655 4658 4670 4650 4645 4645 4641 4636 4634 4633 4633 4631 4630 4628 4633 4640 4647 4653 4649 4642 4636 4632 4629 4629 4625 4622 4616 4617 4614 4613 4620 4623 4626 4624 4627 4629 4631 4634 4637 4639 4634 4643 4655 4662 4669 4680 4687 4705 4723 4764 4777 4798 4842 4881 4880 4876 4885 4904 4925 4948 4962 4990 5026 4856 4574 4275 4041 3828 3684 3617 3560 3496 3439 3378 3268 3158 3134 3143 3168 3203 3274 3368
4659 4658 4660 4658 4652 4653 4656 4642 4637 4635 4634 4632 4628 4632 4632 4630 4633 4638 4645 4652 4648 4644 4638 4632 4628 4621 4623 4622 4617 4618 4611 4610 4618 4622 4621 4621 4619 4622 4624 4627 4630 4632 4636 4643 4650 4661 4670 4679 4692 4702 4717 4740 4754 4776 4810 4836 4841 4854 4876 4912 4951 4987 5008 5027 5088 4887 4540 4221 3999 3813 3681 3618 3557 3492 3421 3344 3247 3159 3160 3176 3203 3246 3326 3427
4659 4658 4659 4657 4654 4654 4655 4646 4639 4637 4635 4633 4631 4633 4634 4633 4631 4633 4637 4643 4650 4646 4642 4634 4629 4625 4625 4626 4617 4612 4610 4610 4612 4613 4613 4614 4613 4614 4616 4619 4621 4627 4632 4645 4652 4658 4668 4675 4683 4697 4700 4710 4719 4741 4762 4781 4798 4818 4859 4918 4981 5037 5081 5086 5085 4864 4502 4178 3966 3802 3683 3618 3557 3488 3399 3298 3215 3185 3195 3214 3240 3282 3355 3429
4654 4655 4653 4652 4651 4650 4649 4649 4645 4640 4637 4634 4634 4633 4630 4622 4625 4627 4628 4629 4635 4636 4637 4635 4630 4626 4625 4624 4623 4617 4611 4612 4607 4604 4605 4604 4605 4608 4610 4611 4612 4616 4615 4631 4650 4642 4643 4649 4648 4665 4672 4685 4694 4702 4723 4741 4759 4790 4841 4924 5014 5090 5125 5112 4986 4759 4446 4139 3945 3795 3682 3618 3558 3483 3380 3270 3200 3217 3230 3245 3266 3299 3354 3420
4658 4657 4653 4649 4646 4644 4643 4644 4642 4641 4638 4636 4637 4636 4628 4624 4623 4624 4622 4622 4627 4629 4636 4635 4632 4629 4628 4628 4621 4615 4611 4610 4602 4601 4602 4602 4601 4606 4608 4607 4603 4600 4600 4604 4608 4613 4611 4612 4611 4620 4630 4650 4662 4685 4700 4720 4748 4778 4831 4937 5056 5159 5213 5206 5058 4782 4435 4131 3942 3802 3701 3635 3563 3476 3362 3255 3234 3245 3249 3264 3286 3314 3353 3415
4652 4651 4652 4650 4648 4649 4646 4644 4646 4641 4638 4635 4633 4634 4625 4625 4624 4623 4621 4619 4625 4629 4637 4635 4633 4633 4633 4626 4621 4617 4612 4605 4602 4606 4607 4605 4606 4610 4610 4607 4603 4603 4610 4608 4609 4609 4611 4610 4612 4619 4621 4630 4634 4649 4674 4713 4751 4784 4841 4952 5088 5224 5335 5300 5131 4814 4454 4142 3956 3826 3728 3664 3578 3474 3359 3275 3277 3275 3270 3287 3307 3327 3352 3404
4649 4646 4651 4651 4650 4648 4642 4642 4647 4640 4637 4636 4634 4629 4621 4626 4627 4626 4623 4624 4624 4619 4632 4631 4629 4626 4621 4621 4620 4618 4613 4612 4620 4620 4619 4619 4623 4620 4615 4611 4609 4613 4616 4613 4615 4613 4611 4611 4617 4623 4628 4638 4652 4672 4691 4725 4766 4791 4842 4956 5101 5240 5316 5287 5110 4805 4477 4171 3980 3855 3763 3693 3599 3482 3369 3318 3315 3304 3292 3313 3329 3344 3363 3411
4648 4662 4659 4654 4650 4646 4643 4642 4646 4639 4638 4638 4635 4629 4629 4633 4632 4630 4626 4618 4616 4618 4624 4626 4624 4621 4617 4620 4622 4623 4628 4627 4628 4631 4631 4633 4633 4628 4622 4615 4610 4611 4621 4620 4624 4624 4617 4614 4626 4636 4642 4657 4680 4698 4713 4728 4748 4781 4830 4946 5095 5230 5300 5280 5147 4871 4504 4201 4007 3890 3809 3729 3629 3503 3395 3366 3349 3331 3320 3338 3352 3362 3376 3403
4651 4663 4654 4651 4649 4647 4643 4642 4641 4639 4639 4642 4639 4634 4641 4640 4634 4632 4633 4631 4620 4622 4623 4623 4622 4619 4616 4620 4625 4630 4637 4637 4637 4635 4639 4647 4646 4636 4627 4619 4613 4608 4605 4608 4626 4636 4633 4618 4625 4640 4652 4662 4675 4688 4706 4721 4740 4766 4819 4933 5083 5215 5283 5271 5166 4872 4532 4231 4032 3924 3857 3768 3657 3532 3433 3400 3379 3361 3359 3369 3374 3376 3389 3410
4648 4646 4645 4644 4641 4640 4639 4638 4643 4644 4640 4637 4636 4634 4631 4630 4631 4630 4631 4629 4624 4622 4624 4625 4624 4623 4622 4623 4625 4627 4637 4640 4631 4632 4642 4651 4652 4641 4629 4620 4616 4612 4610 4610 4629 4647 4644 4625 4630 4645 4657 4664 4673 4678 4694 4713 4732 4765 4820 4927 5080 5215 5273 5251 5153 4887 4557 4255 4050 3941 3876 3806 3680 3559 3455 3419 3413 3409 3407 3400 3385 3385 3394 3408
4649 4649 4643 4640 4638 4641 4639 4636 4638 4637 4637 4640 4638 4629 4625 4624 4625 4626 4625 4626 4629 4634 4631 4630 4629 4629 4626 4627 4626 4627 4630 4632 4629 4634 4643 4649 4647 4638 4628 4619 4614 4619 4628 4627 4624 4649 4643 4624 4634 4650 4656 4665 4665 4680 4689 4718 4754 4787 4836 4932 5084 5216 5260 5222 5126 4918 4592 4295 4072 3951 3878 3827 3720 3588 3481 3452 3456 3476 3475 3448 3400 3393 3397 3407
4651 4648 4639 4638 4637 4635 4632 4628 4631 4636 4632 4636 4642 4631 4619 4618 4622 4623 4624 4627 4633 4637 4640 4637 4634 4632 4633 4631 4625 4620 4619 4626 4636 4641 4646 4648 4644 4633 4626 4617 4609 4620 4625 4617 4620 4625 4618 4614 4621 4621 4631 4636 4639 4645 4685 4735 4777 4808 4859 4954 5098 5209 5230 5183 5100 4961 4649 4351 4114 3975 3885 3834 3740 3607 3505 3488 3497 3533 3571 3497 3443 3412 3399 3403
4649 4641 4635 4636 4640 4635 4621 4622 4625 4623 4623 4626 4631 4626 4624 4622 4623 4623 4625 4628 4632 4632 4634 4638 4635 4632 4629 4631 4622 4615 4614 4622 4641 4652 4651 4647 4642 4643 4626 4616 4612 4618 4619 4612 4618 4607 4605 4605 4601 4604 4607 4615 4621 4625 4676 4739 4774 4804 4884 5001 5132 5211 5205 5138 5055 4986 4697 4426 4180 4040 3935 3845 3743 3612 3525 3511 3521 3556 3585 3579 3519 3443 3407 3403
4650 4640 4633 4634 4635 4634 4623 4622 4625 4627 4624 4626 4623 4624 4626 4628 4623 4621 4623 4626 4629 4631 4630 4630 4632 4634 4632 4624 4620 4617 4616 4628 4651 4664 4656 4645 4633 4625 4621 4615 4611 4617 4617 4612 4607 4604 4599 4601 4592 4597 4601 4609 4620 4633 4679 4735 4752 4779 4903 5071 5171 5246 5194 5102 5020 5018 4796 4550 4294 4136 4006 3882 3741 3624 3554 3533 3527 3545 3585 3631 3567 3476 3432 3416
4645 4641 4634 4631 4635 4635 4627 4625 4627 4629 4626 4626 4625 4627 4627 4622 4619 4618 4617 4622 4626 4627 4626 4627 4626 4628 4626 4620 4616 4615 4622 4645 4656 4670 4659 4642 4626 4620 4619 4618 4615 4611 4608 4602 4600 4605 4602 4602 4601 4603 4602 4618 4635 4655 4686 4721 4737 4780 4908 5062 5172 5208 5175 5091 5021 5039 4975 4709 4424 4249 4102 3952 3809 3707 3635 3551 3527 3537 3564 3595 3563 3504 3459 3439
4637 4637 4629 4625 4628 4629 4629 4628 4629 4628 4629 4635 4629 4629 4629 4622 4616 4616 4621 4622 4626 4625 4621 4619 4618 4615 4614 4611 4609 4606 4605 4611 4637 4654 4646 4633 4623 4619 4615 4614 4611 4606 4601 4596 4596 4597 4597 4601 4609 4629 4635 4638 4651 4665 4681 4692 4720 4777 4909 5080 5177 5200 5179 5113 5037 5025 5054 4828 4546 4357 4208 4061 3938 3851 3774 3606 3551 3546 3557 3578 3577 3549 3505 3471
4642 4635 4630 4624 4626 4629 4629 4629 4624 4628 4629 4629 4626 4627 4632 4621 4612 4614 4616 4620 4624 4618 4614 4610 4611 4613 4610 4608 4605 4602 4601 4606 4615 4625 4625 4620 4615 4610 4605 4601 4600 4598 4600 4598 4594 4594 4598 4618 4636 4650 4638 4644 4653 4668 4678 4679 4706 4770 4901 5071 5187 5221 5212 5173 5126 5071 5046 4906 4666 4484 4336 4179 4042 3960 3913 3716 3618 3586 3574 3590 3611 3620 3580 3532
4642 4642 4637 4632 4629 4633 4634 4634 4633 4630 4627 4618 4620 4622 4622 4618 4617 4613 4612 4615 4619 4611 4610 4609 4608 4609 4607 4604 4602 4602 4601 4601 4602 4604 4606 4608 4604 4599 4596 4597 4597 4596 4596 4597 4594 4596 4617 4638 4645 4644 4643 4641 4655 4668 4676 4677 4703 4764 4876 5056 5222 5269 5239 5219 5186 5133 5136 5038 4819 4642 4492 4311 4145 4040 3984 3833 3721 3662 3615 3627 3653 3680 3678 3633
4648 4647 4643 4638 4635 4638 4634 4632 4632 4628 4620 4620 4617 4615 4612 4616 4621 4616 4612 4609 4604 4608 4610 4611 4606 4606 4605 4603 4602 4604 4602 4600 4600 4599 4599 4600 4599 4597 4596 4599 4595 4594 4594 4606 4616 4629 4626 4625 4627 4630 4633 4642 4658 4674 4691 4701 4721 4748 4834 4975 5127 5212 5209 5209 5196 5172 5202 5174 5008 4864 4666 4452 4258 4129 4056 3942 3842 3780 3750 3734 3681 3706 3757 3720
4642 4644 4638 4636 4637 4637 4633 4627 4628 4625 4620 4617 4615 4615 4616 4620 4625 4617 4612 4610 4609 4610 4612 4611 4605 4603 4605 4605 4606 4613 4610 4601 4602 4598 4596 4597 4598 4598 4597 4592 4592 4602 4621 4632 4644 4644 4641 4631 4622 4623 4635 4645 4660 4676 4697 4702 4707 4717 4764 4867 4971 5068 5130 5165 5172 5167 5215 5259 5144 5040 4811 4596 4387 4236 4150 4051 3957 3898 3857 3829 3777 3728 3765 3790
4633 4639 4635 4635 4630 4633 4631 4629 4624 4620 4618 4613 4612 4613 4619 4621 4616 4613 4611 4610 4611 4613 4611 4609 4607 4609 4607 4607 4610 4614 4607 4599 4599 4598 4597 4596 4597 4597 4597 4592 4593 4613 4643 4647 4652 4656 4657 4636 4626 4631 4642 4654 4662 4666 4674 4680 4682 4701 4725 4787 4844 4953 5064 5139 5158 5150 5164 5199 5166 5070 4910 4732 4550 4378 4286 4171 4063 4002 3971 3926 3870 3807 3801 3833
4634 4637 4635 4633 4631 4630 4629 4627 4624 4619 4617 4612 4613 4620 4618 4616 4616 4614 4611 4609 4608 4609 4609 4611 4608 4607 4607 4606 4603 4601 4602 4599 4598 4597 4595 4596 4596 4596 4594 4594 4601 4620 4641 4648 4652 4659 4658 4638 4624 4629 4636 4640 4650 4648 4649 4663 4694 4707 4722 4755 4790 4897 5033 5140 5150 5126 5105 5102 5158 5097 4963 4844 4730 4580 4444 4301 4170 4085 4040 4006 3972 3926 3910 3903
4627 4634 4630 4625 4623 4629 4630 4630 4626 4620 4621 4618 4614 4615 4617 4616 4615 4613 4611 4610 4608 4607 4607 4607 4606 4609 4607 4605 4603 4603 4599 4598 4597 4596 4597 4596 4597 4597 4596 4602 4617 4626 4635 4642 4643 4646 4646 4635 4621 4627 4632 4622 4622 4627 4633 4658 4712 4718 4703 4745 4771 4859 5013 5132 5121 5076 5046 5006 5012 5007 4958 4932 4925 4901 4652 4453 4265 4174 4113 4079 4034 4016 4000 3996
4632 4625 4625 4628 4629 4631 4632 4630 4627 4631 4633 4623 4618 4619 4617 4615 4611 4608 4610 4611 4609 4607 4605 4606 4609 4609 4607 4605 4603 4601 4599 4599 4595 4594 4594 4595 4598 4601 4605 4610 4630 4628 4630 4638 4645 4640 4634 4627 4622 4626 4611 4590 4602 4612 4625 4653 4708 4723 4719 4735 4738 4810 4960 5086 5046 4987 4931 4885 4880 4868 4892 4971 5068 5080 4869 4640 4441 4339 4254 4193 4150 4139 4118 4116
4635 4630 4632 4640 4639 4637 4636 4636 4636 4625 4623 4617 4622 4619 4615 4613 4610 4611 4610 4611 4609 4607 4606 4605 4604 4605 4606 4605 4602 4600 4602 4599 4598 4598 4597 4598 4600 4602 4603 4615 4608 4612 4619 4629 4638 4629 4623 4621 4615 4601 4589 4590 4601 4601 4615 4644 4673 4699 4717 4704 4700 4741 4840 4922 4921 4880 4812 4774 4783 4798 4848 4950 5064 5040 4944 4799 4686 4593 4475 4365 4346 4321 4295 4289
4631 4630 4635 4644 4645 4639 4636 4637 4637 4626 4620 4616 4614 4615 4613 4608 4606 4607 4609 4608 4608 4608 4608 4605 4602 4604 4605 4605 4604 4600 4597 4598 4599 4601 4600 4600 4601 4604 4610 4611 4596 4602 4606 4613 4619 4621 4617 4615 4599 4587 4581 4576 4579 4588 4597 4604 4644 4681 4704 4695 4675 4678 4722 4766 4807 4798 4765 4749 4762 4780 4822 4883 4915 4910 4894 4888 4903 4857 4732 4634 4562 4523 4512 4514
4630 4634 4650 4653 4642 4635 4634 4633 4628 4625 4619 4615 4615 4615 4612 4610 4608 4606 4609 4608 4607 4606 4605 4605 4605 4603 4606 4608 4611 4604 4605 4606 4601 4600 4601 4602 4601 4603 4607 4612 4601 4593 4598 4600 4602 4604 4605 4611 4605 4583 4578 4574 4579 4585 4595 4608 4655 4708 4718 4693 4663 4660 4691 4719 4745 4752 4748 4748 4751 4769 4807 4840 4858 4872 4876 4915 4962 4969 4925 4890 4841 4757 4799 4806
4638 4640 4655 4660 4633 4631 4632 4632 4632 4631 4633 4626 4619 4613 4611 4611 4611 4613 4609 4604 4606 4605 4605 4605 4605 4605 4606 4608 4607 4607 4608 4609 4604 4603 4604 4603 4601 4599 4599 4604 4605 4599 4596 4594 4593 4591 4589 4593 4581 4576 4580 4578 4575 4588 4612 4639 4687 4742 4722 4692 4689 4696 4697 4707 4718 4726 4730 4731 4726 4746 4775 4817 4857 4875 4887 4909 4937 4971 5031 5114 5122 5019 5131 5101
4639 4636 4641 4641 4637 4632 4629 4629 4630 4631 4630 4625 4617 4610 4610 4611 4614 4616 4613 4608 4606 4606 4606 4607 4609 4607 4607 4608 4606 4604 4610 4609 4607 4613 4607 4605 4599 4596 4594 4600 4601 4599 4599 4600 4600 4598 4597 4593 4584 4581 4583 4579 4586 4606 4639 4677 4713 4725 4731 4742 4723 4708 4702 4702 4707 4713 4716 4718 4718 4728 4736 4788 4841 4855 4866 4880 4894 4935 5025 5167 5175 5171 5238 5215
4638 4642 4641 4644 4649 4635 4629 4627 4628 4635 4631 4622 4617 4610 4609 4610 4609 4613 4611 4608 4606 4606 4607 4607 4603 4601 4606 4609 4613 4609 4610 4612 4615 4609 4604 4600 4596 4593 4595 4600 4594 4597 4598 4604 4606 4607 4598 4597 4590 4585 4587 4601 4609 4628 4662 4703 4733 4723 4725 4741 4709 4692 4686 4692 4700 4706 4709 4713 4726 4730 4738 4753 4787 4827 4846 4836 4830 4847 4911 4969 4970 4989 5057 5083
4635 4639 4633 4640 4640 4630 4625 4623 4623 4621 4623 4619 4614 4611 4611 4611 4614 4611 4606 4606 4606 4606 4606 4605 4605 4604 4607 4609 4612 4609 4613 4613 4611 4606 4602 4598 4593 4590 4590 4592 4586 4587 4590 4590 4593 4592 4592 4592 4586 4595 4601 4606 4612 4642 4670 4700 4714 4698 4681 4669 4674 4674 4676 4686 4694 4700 4705 4711 4725 4738 4745 4740 4735 4777 4803 4785 4771 4752 4785 4813 4819 4850 4896 4927
