real_craters/C171-1000m.grd
DSAA
76 76
-37.44 37.44
-37.44 37.44
10915.541859258 14321.144623588
[rows 0 to 29 of 76, columns 0 to 66 of 76]
12270.8 12262 12249 12244.4 12240.3 12238 12247.7 12254.5 12239.3 12233.7 12231.7 12231.6 12235.3 12238.8 12237.4 12247.8 12244 12238.5 12246.4 12274.2 12249.8 12239.5 12242 12246.2 12242.6 12247.7 12253.4 12252.9 12268 12282.1 12293.9 12299.4 12298.2 12290.3 12274.9 12269 12269.3 12273 12299.6 12323.9 12330.4 12333.3 12321.6 12320.5 12317.2 12307.9 12307.7 12312.4 12324 12324.6 12326.5 12321.3 12320 12333.1 12335.3 12330.5 12322.2 12318.5 12316.1 12311.6 12305.1 12300.1 12294.2 12282.8 12275.4 12280.8 12284.8
12294.8 12263.7 12250.8 12245.6 12248.6 12262.5 12269.2 12266.6 12248 12239.8 12234.9 12230.6 12226.4 12224.6 12233.8 12246.6 12246.9 12241.1 12235.7 12241.6 12237.7 12240.9 12243 12244.7 12242.2 12243.8 12247.2 12253.2 12271.1 12289.2 12300.5 12306.1 12310.7 12307.1 12295.3 12279.6 12276.6 12290.7 12343 12355.1 12353.5 12350.8 12333.1 12329 12319.5 12311.7 12314.7 12316.3 12317.7 12316.3 12315.2 12319.7 12322.5 12330 12329.8 12331.3 12331 12329.1 12324.1 12318 12313.3 12296 12286.4 12279.9 12287.5 12293 12296.9
12280.2 12259.5 12251.6 12241.3 12247.9 12259.5 12268.5 12268.8 12255.3 12247.6 12240.9 12233.7 12224.4 12222 12232.1 12243.7 12251.8 12257.1 12245.8 12237.3 12238.3 12249.2 12250.1 12240.6 12244.1 12248 12255.9 12265.1 12278.5 12295.5 12304 12307.4 12312 12310.4 12307.6 12298.4 12291.8 12316.7 12356.3 12352.9 12350.4 12342.9 12340.6 12327.2 12327.7 12333 12327.5 12325.8 12320.5 12315 12311.9 12317.6 12322.1 12331.4 12331 12333.6 12338 12338.4 12331.7 12324.3 12315.5 12304.5 12296.9 12298.7 12304.3 12306.9 12310.4
12272.7 12256.4 12251 12243.4 12240.5 12239.8 12253.9 12259.5 12259.5 12251.9 12246.7 12240.1 12231.2 12227 12236.8 12247.1 12254.6 12259.4 12250.2 12245.6 12247.6 12250.1 12251.4 12250.3 12256.9 12256.1 12261.6 12276.8 12283.6 12291.9 12298.8 12303.5 12303.2 12308.4 12318.8 12325.9 12313.9 12330.9 12361.1 12361.1 12354.9 12347.1 12355.8 12337.8 12334.1 12333.5 12335.6 12333.5 12326.7 12323.4 12315 12320.5 12328.7 12334.6 12331.6 12336.9 12342.2 12343.3 12337.4 12329.6 12319.9 12316.2 12310.1 12307.7 12316.1 12320.4 12326.1
12266 12254.3 12248.6 12247.7 12238.4 12236.6 12245.7 12253.9 12251.1 12256.5 12256.9 12254.5 12248.3 12244.4 12251.9 12254.8 12258.8 12264.7 12262.9 12269.1 12269.4 12260.2 12264.3 12271.5 12270.1 12262.2 12258.7 12272.2 12283.2 12293.8 12301.8 12302.9 12304.6 12316 12329.8 12349.4 12366.4 12366.2 12375.1 12372.8 12366.4 12358.1 12352.4 12349.9 12344.8 12342.2 12343.2 12342.8 12344.3 12333 12323.1 12322.8 12338.8 12332.8 12336.3 12342.8 12345.9 12344.9 12341.2 12334.9 12328.2 12322.7 12317.6 12319 12323.9 12332.3 12340
12253.7 12247.3 12243.5 12245 12242.8 12235.1 12241.3 12253.1 12257.9 12267 12268.7 12272.5 12279.5 12282.6 12276 12273.3 12271.3 12268 12268.7 12278.5 12287 12283.3 12277.9 12283.7 12281.3 12271.7 12260.9 12266.9 12279.1 12291.8 12302.2 12306.3 12310 12330.9 12336.2 12355.6 12392.8 12388 12381.5 12397.2 12373.7 12361 12357.2 12352.8 12354.3 12359.4 12352.5 12345.9 12341 12337.7 12327.7 12324.5 12328.8 12329.8 12341.7 12349.5 12351.8 12350.8 12348.2 12341.8 12335.4 12334.3 12333.8 12329.9 12336.8 12346.3 12352.8
12245.1 12243.7 12249.6 12254.5 12251.4 12236.3 12232.7 12238 12267.2 12273.2 12273.3 12281 12295.7 12301.2 12289.7 12286.6 12279.4 12265 12264.1 12267.5 12270.3 12283.7 12288.1 12284.7 12286.8 12288.2 12289.8 12272.2 12281 12292.6 12304.5 12313.9 12326.8 12338 12342.9 12365.8 12393.4 12383.4 12374 12371.4 12367.5 12360 12358.5 12351.9 12349.7 12364.8 12356.3 12347.5 12344.6 12342.8 12339.3 12328.2 12328.3 12339.1 12351.8 12356.3 12361.7 12366.1 12361.9 12352 12346.6 12345.2 12349 12352.9 12361.1 12361.8 12365.3
12247.7 12247.3 12251.8 12251.1 12247.5 12234.8 12228.1 12227.7 12238.3 12256.2 12264.6 12268.8 12272 12278.6 12285.2 12292.4 12298.8 12268.8 12263.1 12265.9 12262 12280.1 12280.7 12283.1 12280.9 12285.2 12292.7 12288 12287.4 12294.8 12302.9 12316.9 12332.1 12324.7 12349 12364.6 12375 12379.1 12376.6 12374.6 12367.6 12364.6 12363.7 12350.1 12344.5 12351.7 12348.7 12344.5 12341.9 12334.7 12338.4 12336.7 12333.9 12343.7 12352.5 12359.5 12368.3 12373.8 12371.2 12359.5 12352.2 12350.8 12352.1 12358.2 12368.5 12370.1 12373.4
12244 12231.7 12235.4 12238.5 12238.2 12237.1 12231 12229.5 12234.1 12246.6 12253.8 12254.4 12249.7 12259.7 12272.6 12281.1 12284.7 12274.3 12272.1 12280.9 12276.6 12283.5 12276.6 12275.4 12271.9 12273.5 12271.7 12281.3 12288.8 12299.5 12311.3 12322.5 12340.9 12358.8 12363.1 12376.7 12404.7 12394.4 12381.1 12385.2 12387.1 12387.7 12378.6 12364.2 12356.5 12348.1 12338.7 12330.9 12328.2 12321.1 12324.9 12333.9 12330.7 12341.3 12348.2 12357.7 12368.5 12379.3 12378.3 12369.3 12361.3 12356.4 12353.3 12355.4 12360.5 12369.8 12376
12241.9 12229.3 12231.9 12232.6 12231.9 12232.3 12232.1 12236.3 12241.7 12247 12254.4 12256.7 12250.4 12254.8 12264.4 12267.5 12261.3 12264 12278.5 12295.2 12289.3 12281.7 12276.5 12273.8 12274.1 12280.7 12277.7 12277.8 12293 12308.1 12321.8 12329.6 12345.6 12367.4 12378.2 12403.9 12429.3 12410.5 12398.4 12397.9 12396.7 12389.4 12382.5 12375.9 12375.1 12350.2 12337.4 12330.3 12324.1 12314.6 12316.8 12336 12334.1 12330.3 12340.7 12352.6 12364.7 12374.6 12376.9 12367.7 12365.6 12362.7 12359.1 12354.7 12364.2 12371.1 12374.8
12237.2 12227.9 12230.8 12233.5 12228.7 12227.6 12227.1 12236.1 12253.9 12257.5 12259.3 12266 12270.1 12262.7 12266.4 12268.2 12269.9 12269.7 12279.2 12287.3 12286.1 12281.8 12281.2 12287.6 12291.5 12292.3 12294.4 12298.6 12308.1 12320.3 12331 12339.9 12361.4 12372.7 12385 12407.5 12423.1 12414 12404.2 12403.6 12385.3 12381.1 12373.2 12368.5 12362.1 12355.1 12347.5 12331.5 12318.9 12311.7 12314.2 12336.1 12348.9 12340.7 12344.6 12351.5 12362.4 12367 12367.6 12376.3 12373.4 12372.2 12367.9 12368.8 12375 12375.8 12375.1
12227.7 12213.6 12229.5 12226.9 12237.6 12231.7 12237.6 12240.7 12243.8 12254.1 12257 12260.3 12256.7 12267.1 12274.8 12281.5 12287.1 12304.2 12282.7 12276.2 12289 12292.9 12288.9 12292.4 12304 12295.2 12299.7 12307.6 12320.1 12337.9 12352.2 12363.5 12392.1 12399.5 12402.5 12414.7 12418.8 12418.5 12420.4 12417.9 12386.5 12364.6 12363.3 12355 12346.7 12347.2 12336.5 12317 12317.6 12314.5 12322.6 12343.9 12357.8 12349.2 12349.8 12358.8 12365.6 12369.9 12371.9 12373.7 12378.5 12387 12393.7 12383.4 12380.5 12380.1 12377.5
12220.5 12201.3 12206 12200.3 12219.7 12229.6 12237.5 12241.4 12241.2 12240.2 12253.7 12265.3 12266.2 12275.9 12286.7 12298.4 12306 12296.7 12284.9 12279.1 12294.4 12294.7 12299.7 12305 12309.5 12311.7 12315 12322.1 12336.6 12359.7 12381.2 12404.2 12458.5 12448.7 12433.2 12426.8 12427.7 12437.8 12436.4 12459.9 12445.1 12396 12377.7 12353.7 12339.1 12337.5 12330.8 12319.8 12323.7 12327.5 12340.7 12369.7 12385.1 12366.2 12361.4 12369.3 12375.2 12378.5 12380.7 12373.1 12384.8 12397.3 12410.4 12388 12386 12387.7 12383.4
12219.6 12194.9 12185.1 12178.9 12199.5 12222.8 12240.4 12245 12250.1 12248.7 12259.6 12276.8 12277.8 12287.6 12299.5 12312.3 12321.9 12311.9 12296.6 12291.7 12297.9 12302.4 12308.7 12319.6 12331 12331 12337.8 12350.2 12366.5 12378.1 12395.9 12417.4 12467.3 12478.5 12479.4 12452 12452.5 12467.5 12486.7 12484.5 12491 12464.5 12411.4 12370.8 12344.4 12334.1 12327.8 12326 12338 12346.4 12358.6 12382.6 12390.1 12375.6 12377.6 12385.2 12387 12387.3 12385.6 12383 12390.7 12400.8 12403.9 12404.2 12396.2 12390.7 12390
12219.7 12197.8 12185.2 12173.4 12193.7 12219.8 12237.1 12249.3 12255.4 12261.4 12264.2 12269.9 12285.8 12294.8 12307.7 12317.3 12314.5 12313.4 12311.2 12309.2 12305.5 12314.4 12320.3 12334.3 12348 12347.7 12362.9 12376.9 12389.1 12392.7 12397.4 12427.5 12430.9 12461.7 12481.6 12520 12489.7 12477.6 12481.9 12481.8 12475.2 12469.8 12453 12404.4 12368.2 12352.9 12340.9 12347.4 12373.8 12368.1 12369.2 12389.6 12393.4 12387.4 12398 12399.1 12395.7 12395.1 12394.2 12392.1 12397 12407.3 12419.8 12408.4 12403 12391.9 12396
12215 12201.4 12189.8 12184.2 12190.7 12223.1 12249.2 12251.4 12253 12253.3 12259.9 12263.4 12279.4 12294.4 12309.4 12325.7 12318.9 12306.6 12315 12321 12330.1 12330.4 12330.6 12339.1 12349 12369.7 12387.2 12399.3 12400.4 12403.6 12394.7 12406.7 12423.9 12456.2 12491.9 12531 12478.4 12471.1 12490.3 12511 12520.8 12530.1 12536.9 12524.4 12485.7 12481.7 12452.9 12444.5 12421.9 12386.1 12378.4 12386.5 12380.3 12392.5 12408.7 12403.6 12398.7 12399.6 12401 12400.1 12402.6 12404.7 12404.7 12417.9 12409.8 12399.4 12401.7
12204.3 12204 12195 12196.3 12179.7 12218.2 12246 12247.7 12249.9 12254.8 12260.2 12268.5 12277.3 12286.7 12297.3 12309.6 12293.1 12292.7 12307.1 12321.7 12328.3 12330.3 12332 12345.8 12364.5 12396.9 12411.6 12421.4 12421.8 12417.6 12404.9 12409.3 12433.7 12461.9 12487.3 12527.5 12508.6 12475.1 12501 12543.1 12569 12595.2 12608.4 12631.3 12532.1 12460.8 12631.5 12605.4 12546.3 12459.1 12432.3 12403 12386.4 12390.5 12418.3 12404.1 12404.9 12407.2 12406.9 12407.9 12407.8 12404.7 12404 12402.1 12414.4 12417.2 12414.6
12186.1 12187.3 12180 12173.7 12167.5 12197.1 12225.2 12239.8 12247.1 12251.3 12253.4 12267.5 12269.9 12271.7 12276.6 12280.4 12281.6 12299.6 12331.8 12326.2 12326.6 12348.9 12361.2 12368.3 12374.3 12390.5 12430 12435.6 12445.7 12440.8 12443.3 12452 12475.8 12506.6 12492.3 12511.6 12530.9 12550.9 12577.4 12558.1 12551.6 12631.3 12671.5 12598 12542.8 12446.6 12683.5 12647.7 12631.7 12588.8 12522.8 12460.1 12426.8 12432.3 12430.9 12427.8 12428 12421.8 12410.7 12418.5 12416.8 12420.5 12442.8 12443 12448 12449.6 12428.2
12176.1 12172.4 12175.5 12177 12172.9 12187.2 12213.1 12234.2 12246.1 12249.8 12247.8 12252 12255.1 12254.8 12253.8 12259.5 12287.9 12306.8 12317.3 12322.7 12337.8 12342 12378.6 12392.1 12429 12451.7 12453.3 12449.3 12442.3 12474.9 12498.6 12544.7 12585.4 12624 12662.7 12630.4 12669.9 12859.1 12774.1 12684.5 12692 12754.7 12802.4 12845.4 12713.5 12667.9 12716.8 12649.9 12616.3 12570.6 12592.5 12532.3 12473 12489 12453.6 12451.5 12458.1 12445.1 12428.1 12421.8 12427.8 12433.3 12449.4 12464.2 12459.7 12438 12441.3
12188.2 12187.4 12184.5 12189.4 12201.1 12212.3 12224.5 12238 12249 12259.2 12256.6 12242.5 12247.1 12245.8 12237.5 12225 12252 12296.2 12310.3 12328.6 12352.9 12382.3 12416.7 12404.7 12410 12432.9 12448.4 12482.2 12511.8 12579.1 12666.2 12692.6 12729.9 12686.6 12766.9 12751.3 12826.2 12920.5 12841.4 12913.4 12890.1 12813.2 12790 12846.4 12779 12831.2 12765.1 12675.6 12672.9 12605.1 12613 12597.2 12510.1 12510.2 12471.4 12471.1 12474.6 12470 12462.5 12453.3 12442.3 12442.4 12453.5 12456.6 12451.4 12448.7 12463.4
12198.6 12195.7 12183.7 12200.6 12225.8 12235.9 12238.3 12244.7 12252.5 12260.3 12260.1 12256.7 12255.7 12254 12247.4 12238.3 12263.7 12310.9 12335 12344.2 12380.4 12415.6 12388.5 12416.9 12452.2 12450.4 12479.4 12538.3 12571.7 12583.9 12596 12514 12559.3 12470.5 12466.2 12433.1 12301.3 12357.6 12491.3 12612.3 12561.6 12500.2 12520.3 12550.5 12598.3 12614.9 12648.2 12763.1 12771.3 12755.6 12690.2 12685.7 12586 12530.9 12492.3 12496 12502.9 12488.1 12478 12463.4 12451.2 12447.9 12454.2 12463.2 12469.1 12469.8 12455.3
12192.3 12195.1 12186.9 12195.2 12229.7 12239.2 12245.1 12250.3 12256.5 12261.5 12268.1 12270.7 12272.7 12276.4 12280.6 12289.7 12302.5 12322.3 12347.4 12364.5 12366 12394.3 12419.6 12429.6 12433.5 12501.2 12672.3 12584.2 12464.3 12335.5 12198.4 12059.3 12071.3 12071 11977.9 11902.9 11811.9 11857.7 12006.5 12102.8 12114.1 12192.8 12289.3 12328.6 12357.6 12388.7 12454.9 12597 12666.6 12736.8 12785.2 12714.3 12636.6 12608.5 12571.8 12510.9 12491 12501.6 12503.5 12473.5 12458.6 12451.5 12460.9 12468.7 12470.9 12460.1 12440.3
12179.3 12193.4 12200.7 12206.8 12227.8 12242.1 12248.6 12255.3 12261.6 12267.8 12273.6 12278.1 12288.4 12300.5 12311.9 12307.1 12304.8 12319.5 12345.6 12346.7 12360.9 12391.4 12427.4 12452 12461.8 12653.8 12756.1 12535.7 12350 12216.4 12055.2 11977 11961.7 11834.2 11679.5 11598.8 11586.6 11577.3 11668.7 11765.9 11918.9 12059 12125.5 12146.6 12132 12077.1 12089.5 12403.1 12580 12725.5 12731.5 12684.9 12653.3 12651.9 12651.6 12590.8 12514.3 12507.7 12507.8 12489.5 12471.7 12476.6 12473.2 12469.6 12465.9 12454.6 12447.9
12173 12197.6 12222.9 12232.4 12236.8 12242.7 12253.1 12262.4 12271.2 12278.3 12281.6 12282.7 12298.1 12316.2 12332.5 12322.5 12320.2 12347.3 12373.8 12346.2 12364.2 12400.2 12455.9 12470.8 12503 12663.8 12507.3 12336.1 12185.6 12013 11943.4 11916.7 11873 11731.8 11636.5 11584.7 11563.2 11537.5 11523.7 11553.8 11712 11912.4 11929.8 11960.7 11972.3 11932.3 11871.2 12053.5 12353.7 12649.6 12729.7 12672.3 12678.2 12668.2 12645.4 12643.7 12590.3 12566.4 12543.4 12508.7 12479.1 12456.4 12467 12465.7 12455.8 12445.4 12438.8
12183.8 12207 12226.9 12246.9 12243.7 12247.1 12259.7 12272.2 12282.2 12287.6 12285.3 12289.3 12309.4 12328.6 12343.5 12336.4 12343.7 12376.6 12392.7 12399.6 12442.8 12535.8 12527.3 12545.8 12624.4 12391.2 12198.1 12130.8 12039.8 11931.4 11921.7 11857.1 11723.8 11606 11537.5 11537.1 11528.9 11503.9 11483.9 11486.3 11540.1 11584.7 11676.9 11763.5 11844.4 11947.6 11872.9 11870 12070 12426.2 12701.1 12759.1 12654.7 12649.9 12639.8 12609.9 12614.2 12607.7 12574.8 12523.3 12492.7 12472.9 12470.6 12467.2 12460.7 12443.5 12434.2
12214.2 12224.1 12222.2 12224.1 12243.1 12255.5 12263.5 12277.9 12294.1 12303.2 12300.5 12306.1 12325 12339.7 12351.8 12361.9 12367.1 12368.4 12389.4 12434.8 12559.9 12709.8 12592.7 12390.3 12197.1 12089.1 12035.1 12026.6 11951.1 11968.6 11914 11774.3 11646.4 11502 11452.5 11444.8 11466.3 11465.9 11472.9 11449.9 11433.1 11435.7 11445 11554.8 11668.7 11775.3 11927.8 11867.6 11928.5 12191.3 12540.3 12785.9 12701.1 12664.7 12632 12612.8 12597.9 12593.1 12565.1 12537 12517.4 12507 12493.9 12479.6 12463.1 12441.8 12423.9
12251.4 12244.2 12233.3 12223.2 12237.8 12245 12257 12280.5 12310.8 12339.9 12358.8 12355 12352.1 12351.1 12356.3 12375.1 12405.2 12419.7 12404.7 12450.3 12611.5 12663.3 12378 12163.4 12029.5 11961.6 11946.7 11859.7 11766.7 11731.3 11752.5 11610.2 11456.5 11355.8 11356.2 11348.7 11369.5 11376.5 11384.4 11368 11349.9 11354 11364.8 11417.4 11484.2 11530 11730.3 11818.3 11839 12013.7 12257.9 12605.8 12697 12683.9 12634.4 12590.6 12552.1 12530.9 12537.8 12535.3 12540.7 12544 12515.9 12490.5 12468.8 12440.8 12421.4
12252.4 12254.7 12244.9 12240.2 12225.6 12217.7 12243.5 12277.9 12319.4 12366.9 12396.6 12398.1 12379.9 12365.8 12352.3 12377.3 12433.1 12469.2 12458.7 12508.3 12673.4 12612.6 12271 12105.1 12011.8 11841.5 11681.5 11644.4 11531.6 11395.3 11377 11368 11325.6 11277.8 11272.4 11256.7 11258.7 11263.9 11275.1 11262.4 11251.4 11248.6 11260.7 11304 11353.4 11402.3 11504.1 11679.6 11755.6 11919.5 12045.2 12284.5 12652.3 12836.5 12788.2 12666.5 12575 12532.4 12531.3 12536.3 12538.4 12543.3 12522.8 12494.9 12465.9 12441.3 12435.4
12251.6 12251.8 12247.5 12238.1 12226.5 12218.2 12237.7 12272.2 12310.7 12355.1 12399.6 12414.5 12396.1 12388.6 12383.9 12386.7 12435.1 12505 12557.5 12554.7 12614.5 12492 12203.9 12053.8 11959.9 11758.7 11590.5 11469.2 11374.3 11276.9 11223.2 11229.4 11248.8 11259.8 11213 11177 11161 11147.6 11143.2 11145.3 11144.2 11145.2 11161.2 11211.5 11260.2 11300.1 11372 11472.9 11680.7 11855.8 11990.7 12138.5 12494.5 12946.9 13044.4 12912.4 12778.2 12623 12560.8 12553.8 12570 12542.7 12519.5 12494.2 12467.6 12444.8 12434.9
12243.7 12237 12233.7 12242.9 12243 12228.1 12240.6 12269.1 12298.3 12321.8 12359.8 12385.7 12395 12409.3 12419.2 12397.5 12396.9 12498 12609.8 12534.7 12572.1 12523.6 12214.3 11967.8 11833.4 11674.7 11508.4 11387.2 11298 11216.9 11159.3 11152.1 11156 11136 11129.5 11092.4 11057.6 11049.3 11041.2 11039.8 11043.7 11043.1 11073 11131 11191.4 11250.6 11309.1 11378 11537.9 11758.2 11944.2 11938.3 12221.2 12601.1 13016.3 13107.6 12846.5 12731.2 12629.6 12568.1 12532.6 12563.2 12532.5 12502 12472.8 12446.9 12426
