real_craters/C171-500m.grd
DSAA
263 263
-65.52 65.52
-65.52 65.52
3121.5750664581 5346.3041306393
[rows 30 to 59 of 263, columns 0 to 66 of 263]
4699.67 4698.32 4696.21 4694.27 4692.77 4691.74 4692.15 4693.3 4696.8 4693.05 4692.06 4688.44 4683.23 4678.86 4676.69 4681.69 4681.58 4680.92 4680.68 4682.34 4680.8 4681.61 4682.64 4682.73 4683.42 4683.17 4682.12 4679.31 4679.21 4678.19 4676.2 4671.43 4667.81 4669.72 4670.46 4668.12 4666 4663.53 4662.21 4661.99 4661.85 4662.59 4662.79 4661.77 4658.7 4657.34 4657.8 4655.65 4655.61 4657.56 4655.86 4653.98 4654.07 4652.71 4650.44 4647.66 4643.76 4651.4 4661.29 4653.88 4648.27 4645.74 4644.67 4644.67 4641.96 4637.96 4638.82
4700.22 4697.03 4691.96 4690.19 4688.06 4687.77 4690.05 4690.17 4687.98 4690.31 4689.34 4686.39 4681.81 4677.43 4675.26 4678.09 4679.95 4678.2 4679.16 4685.14 4683.41 4681.91 4682.43 4683.03 4682.82 4681.7 4679.86 4678.62 4677.84 4677.38 4674.94 4672.19 4670.28 4666.83 4665.41 4666.04 4664.68 4663.36 4662.82 4664.07 4663.9 4662.62 4661.97 4661.24 4660.98 4658.94 4656.66 4654.1 4653.06 4652.21 4650.6 4649.81 4650.65 4650.46 4648.73 4646.46 4644.91 4654.14 4665.18 4656.73 4647.21 4644.27 4644.48 4643.92 4643.38 4642.6 4642.69
4700.28 4697.14 4693.8 4690.93 4689.95 4690.45 4690.53 4689.94 4688.51 4688.37 4687.36 4684.12 4680.11 4675.7 4671.9 4671.74 4670.32 4673.24 4676.1 4679.46 4681.18 4681.19 4681.91 4683.31 4681.93 4680.34 4678.3 4675.98 4675.36 4673.86 4673.16 4672.09 4672.88 4668.02 4666.34 4666.87 4665.47 4661.63 4667.12 4666.97 4662.11 4662.07 4661.67 4661.15 4660.44 4659.49 4658.68 4657.84 4655.09 4650.15 4647.02 4645.24 4650.52 4649.53 4648.02 4646.5 4645.61 4649.05 4649.47 4648.27 4645.21 4644.18 4643.85 4643.75 4643.64 4645.32 4644.38
4699.03 4696.76 4694.21 4692.26 4692.39 4693.65 4691.68 4691.66 4691.21 4687.72 4686.25 4682.62 4679.34 4675.52 4670.4 4665.39 4667.18 4672.2 4673.54 4675.73 4676.4 4678.42 4679.97 4680.52 4680.62 4679.35 4677.47 4675.97 4675.03 4673.49 4669.36 4669.1 4669.13 4672.95 4672.46 4670 4669.31 4672.26 4671.44 4667.57 4665.29 4662.82 4661.64 4660.82 4660.44 4660.04 4659.92 4660.96 4655.54 4650.38 4648.21 4646.86 4649.1 4648.63 4647.72 4646.72 4646.28 4648.55 4647.24 4647.08 4647.61 4645.52 4643.58 4641.76 4641.21 4640.97 4640
4698.04 4696.26 4694.06 4691.95 4691.11 4689.79 4688.85 4689.17 4687.91 4684.53 4681.41 4680.54 4679.43 4677.69 4674.31 4669.73 4676.46 4673.83 4670.76 4673.43 4673.63 4675.78 4678.03 4680.38 4680.17 4677.83 4676.05 4673.98 4669.18 4667.29 4667.4 4666.11 4665.2 4671.34 4672.94 4670.69 4669.61 4669.67 4667.78 4666.49 4666.05 4663.17 4661.62 4660.63 4659.3 4660.16 4659.81 4658.66 4659.64 4654.02 4653.35 4649.85 4647.5 4647.59 4647.93 4648.39 4649.89 4648.64 4644.79 4645.24 4648.18 4645.89 4643.24 4641.45 4640.08 4638.24 4638.2
4697.81 4695.86 4694.02 4692.44 4688.57 4683.41 4686.04 4687.2 4685.48 4681.54 4678.08 4678.96 4679.8 4680.11 4677.16 4670.03 4673.8 4670.4 4668.49 4670.96 4671.36 4673.89 4675.35 4676.06 4675.49 4675.1 4674.11 4672.58 4668.29 4665.45 4666.05 4664.84 4664.39 4666.85 4669.86 4669.15 4667.11 4664.31 4662.19 4662.05 4661.72 4660.91 4660.71 4661.19 4662.5 4661.89 4661.98 4661.75 4660.88 4652.33 4649.54 4649.3 4646.95 4647.56 4648.59 4649.73 4650.33 4650.4 4647.9 4646.8 4647.13 4644.67 4641.78 4638.44 4635.28 4634.43 4632.61
4697.86 4695.48 4693.11 4690.69 4688.72 4688.48 4687.95 4687.06 4685.06 4681.55 4678.68 4678.98 4679.95 4681.48 4679.9 4672.93 4673.79 4675.86 4670.83 4675.31 4673.8 4672.68 4672.53 4672.22 4672.07 4671.82 4671.48 4670.56 4667.32 4663.68 4663.02 4665.49 4666.89 4668.49 4669.39 4667.78 4665.53 4662.53 4660 4659.16 4657.21 4658.25 4659.17 4660.19 4661.36 4662.55 4664.01 4663.54 4659.3 4652.56 4650.47 4652.47 4648.55 4648.67 4649.25 4650.22 4650.56 4646.72 4647.4 4646.87 4644.66 4642.93 4640.55 4637.63 4634.63 4634.64 4634.23
4696.85 4693.96 4691.23 4689.14 4687.24 4687.27 4687.19 4687.21 4685.62 4683.2 4680.88 4679.47 4678.52 4678.26 4676.62 4672.89 4672.82 4673.46 4669.23 4670.82 4671.21 4670.45 4669.64 4668.98 4668.47 4668.5 4668.75 4667.79 4665.14 4664.3 4663.96 4670.23 4672.26 4670.7 4670.49 4668.18 4665.03 4662.69 4660.84 4657.4 4655.41 4656.89 4657.86 4658.4 4659.49 4661.11 4663.25 4662.41 4658.18 4654.26 4652.11 4660.53 4650.63 4648.94 4649.5 4650.45 4651.53 4648.89 4649.59 4646.2 4643.42 4641.64 4640.25 4639.17 4639.89 4637.63 4637.41
4695.04 4691.97 4689.19 4686.05 4684.31 4683.05 4682.18 4683.45 4684.13 4684.17 4682.45 4679.08 4676.13 4672.81 4670.99 4670.68 4671.58 4670.33 4666.8 4667.27 4668.01 4667.7 4666.8 4665.62 4664.3 4665.12 4666.21 4667.49 4669.11 4667.39 4672.75 4680.72 4686.33 4680.81 4672.13 4667.3 4664.86 4662.72 4660.42 4658.8 4657.17 4657.09 4657.27 4656.81 4656.99 4658.11 4658.79 4658.16 4655.78 4652.67 4652.03 4654.26 4647.94 4648.81 4649.07 4649.92 4650.71 4650.15 4651.09 4645.96 4641.69 4641.19 4640.15 4639.31 4639.15 4637.62 4637.08
4691.59 4689.52 4687.31 4685.28 4682.83 4679.49 4676.42 4679.29 4681.57 4683.22 4681.24 4677.81 4674.32 4670.06 4668.22 4667.73 4666.71 4668.34 4667.96 4666.86 4666.15 4665.28 4664.21 4663.09 4662.03 4662.81 4664.18 4666.3 4670.2 4671.98 4684.31 4686.67 4691.01 4683.46 4670.64 4666.32 4663.99 4662.48 4661.62 4661.02 4659.25 4657.96 4657.62 4657.98 4657.01 4655.47 4653.08 4653.41 4653.29 4651.27 4649.5 4649.91 4647.36 4646.84 4647.62 4648.5 4649.59 4651.67 4652.39 4646.78 4644.79 4642.28 4640.18 4638.32 4635.99 4636.11 4637.01
4687.24 4686.76 4685.7 4684.89 4683.65 4680.45 4679.25 4678.4 4678.94 4679.5 4678.07 4675.92 4673.96 4671.84 4669.21 4666.87 4664.83 4665.36 4666.46 4666.03 4664.41 4662.96 4661.78 4660.99 4661.01 4661.27 4662.03 4663.08 4661.45 4664.7 4672.66 4677.12 4677.14 4669.99 4665.61 4663.4 4662.03 4661.3 4660.83 4659.81 4659.38 4657.77 4657.45 4657.52 4656.16 4654.08 4652.53 4652.17 4652.1 4650.92 4648.17 4644.71 4645.33 4645.72 4645.82 4646.71 4647.8 4649.74 4650.43 4645.87 4643.09 4642.1 4640.22 4638.1 4636.38 4635.88 4636.32
4683.13 4683.48 4683.31 4683.11 4681.64 4681.82 4680.3 4679.62 4676.76 4672.29 4673.14 4673.64 4673.71 4674.14 4670.85 4668.18 4668.12 4670.7 4667.54 4663.39 4661.85 4660.9 4660.23 4658.98 4657.71 4657.77 4660.09 4661.96 4662.6 4657.9 4661.32 4664.64 4664.59 4663.2 4661.6 4660.33 4659.86 4659.56 4659.28 4656.94 4654.79 4656.63 4655.9 4655.59 4654.22 4652.89 4651.81 4651.83 4652.14 4652.12 4649.11 4643.08 4643.2 4643.01 4643.9 4645.02 4645.19 4644.88 4645.75 4645.95 4643.62 4642.56 4640.16 4637.87 4636.44 4636.5 4636.99
4678.37 4679.62 4679.98 4680.75 4681.89 4681.39 4682.77 4681.89 4676.75 4672.89 4671.73 4671.79 4671.79 4671.88 4669.9 4667.97 4667.15 4669.5 4666.46 4661.07 4660.46 4659.96 4659.35 4658.36 4656.82 4656.57 4658.67 4660.55 4661.67 4658.99 4659.81 4659.65 4656.61 4656.14 4656.69 4657.23 4657.42 4657.64 4657.77 4657.69 4660.6 4656.71 4653.56 4650.87 4651.42 4651.91 4652.08 4651.55 4651.62 4652.13 4652.42 4645.09 4642.76 4643.01 4644.1 4644.19 4643.7 4642.38 4637.54 4643.79 4643.02 4642.14 4639.53 4637.12 4634.88 4633.64 4635.78
4672.53 4674.53 4675.59 4676.51 4677.28 4677.78 4677.8 4678.09 4675.59 4673.22 4671.83 4670.69 4669.08 4667.26 4667.43 4666.95 4666.66 4665.79 4665.76 4661.65 4660.03 4659.46 4659.04 4658.63 4658.65 4659.06 4658.4 4658.04 4659.06 4662.14 4661.62 4659.37 4656.35 4655.15 4655.52 4655.49 4655.74 4655.92 4655.49 4653.62 4656.03 4654.6 4652.29 4649.58 4650.31 4651.1 4651.35 4650.48 4650.09 4649.86 4650.7 4647.88 4644.38 4644.41 4645.31 4643.62 4642.03 4640.29 4636.97 4642.4 4641.08 4640.08 4638.8 4636.65 4633.97 4631.24 4632.94
4668.47 4670.34 4671.81 4672.26 4672.58 4672.54 4673.2 4673.88 4674.11 4672.63 4672.05 4670.88 4668.94 4666.35 4666.83 4666.51 4666.01 4664.96 4664.16 4661.77 4660.38 4659.59 4659.26 4659.32 4659.71 4659.48 4658.74 4656.46 4656.68 4661.55 4659.25 4661.48 4659.32 4656.37 4654.63 4654.16 4654.33 4654.69 4655.59 4654.93 4651.79 4651.54 4652.5 4652.83 4650.54 4649.13 4648.78 4648.32 4648.13 4648.46 4648.25 4646.17 4642.91 4641.62 4644.05 4642.06 4639.52 4636.46 4635.2 4641.14 4643.66 4640.8 4639.23 4637.22 4635.36 4635.4 4632.28
4669.03 4669.38 4669.68 4668.93 4666.8 4667.5 4672.21 4674.87 4674.64 4674.24 4673.35 4672.12 4670.92 4670.03 4668.15 4666.8 4665.04 4662.8 4663.34 4662.02 4661.12 4660.4 4660.2 4660.22 4660.86 4662.35 4660.74 4657.86 4654.77 4654.01 4654.8 4658.04 4659.67 4655.25 4652.21 4652.11 4652.35 4652.71 4652.95 4651.89 4648.69 4649.07 4652.04 4653.33 4650.05 4646.69 4645.38 4646.31 4646.2 4645.02 4645.56 4643.84 4641.04 4640 4640.52 4640.01 4638.49 4635.62 4636.16 4643.24 4645.41 4642.75 4639.81 4637.53 4635.94 4634.99 4631.42
4672 4670.64 4669.52 4668.15 4666.32 4666.46 4667.84 4670.71 4674.06 4675.62 4674.51 4673.21 4671.71 4670.42 4669.42 4667.96 4665.74 4662.6 4661.66 4660.71 4660.74 4660.28 4660.03 4659.92 4660.25 4661.5 4661.12 4662.06 4659.01 4652.23 4651.64 4653.04 4652.47 4652.11 4650.95 4650.5 4650.53 4650.38 4649.99 4648.59 4647.47 4648.11 4649.23 4649.88 4649.29 4647.67 4646.49 4646.42 4646.08 4644.83 4644.1 4643.33 4639.95 4638.07 4637.15 4638.61 4640.52 4639.63 4635.94 4638.37 4641.23 4641.61 4639.05 4637.22 4635.61 4632.45 4630.77
4674.64 4672.56 4670.39 4668.68 4668.11 4670.5 4671.93 4667.77 4672.76 4675.42 4674.53 4673.83 4673.33 4672.42 4671.38 4670.22 4668.96 4668.18 4665.77 4662.63 4661.62 4661.12 4660.13 4659.01 4657.85 4656.31 4656.82 4659.32 4659.04 4655.12 4651.06 4649.76 4649.77 4650.5 4650.14 4649.47 4648.47 4648.14 4647.83 4646.21 4645.47 4646.76 4647.85 4648.39 4648.47 4648.57 4648.26 4647.77 4647.13 4646.56 4645.54 4641.95 4638.57 4636.58 4635.58 4638.84 4642.17 4641.55 4639.63 4637.65 4639.01 4637.48 4636.61 4636.56 4636.51 4636.42 4636.22
4673.12 4672.8 4670.63 4668.85 4667.16 4665.72 4668.74 4667.54 4668.2 4671.74 4673.84 4674.28 4674.13 4673.76 4673.22 4672.76 4672.56 4672.87 4671.29 4666 4663.06 4661.18 4659.32 4657.43 4655.51 4653.82 4653.77 4654.71 4655.71 4654.53 4652.37 4652.46 4652.27 4650.15 4649.19 4647.33 4646.25 4645.95 4646.16 4645.87 4646.02 4645.94 4646.41 4646.81 4647.16 4647.93 4648.42 4649.01 4649.27 4648.04 4643.23 4641.73 4639.93 4640.05 4641.19 4641.72 4640.16 4638.16 4633.41 4632.79 4635.67 4635.4 4635.29 4636.23 4637.59 4639.66 4640.01
4670.2 4672.01 4670.88 4669.01 4666.65 4663.82 4664.28 4668.56 4670.78 4672.31 4673.97 4674.8 4674.82 4674.81 4674.84 4674.71 4674.48 4672.68 4670.49 4666.96 4664.6 4661.6 4658.89 4656.39 4654.17 4651.9 4650.82 4652.23 4653.37 4653.91 4654.6 4655.71 4652.68 4649.23 4645.64 4643.65 4644.45 4644.14 4644.84 4645.83 4647.93 4646.7 4643.89 4645.1 4646.26 4647.59 4648.56 4650.45 4652.18 4652.31 4648.95 4646.28 4645.09 4642.95 4643.34 4643.47 4641.04 4638.68 4636.39 4633.06 4632.51 4632.66 4633.9 4635.31 4637.14 4639.26 4641.21
4675.65 4672.69 4671.18 4669.75 4668.62 4668.4 4672.11 4672.2 4673.03 4674.06 4674.89 4675.64 4676 4676.07 4675.9 4676 4676.2 4672.21 4671.26 4669.73 4665.58 4662.66 4659.86 4657.09 4654.06 4651.4 4650.32 4652.52 4651.15 4652.47 4653.42 4655.22 4650.91 4648.58 4646.74 4645.84 4644.61 4643.22 4641.54 4644.34 4646.83 4647.91 4648.59 4646.77 4646.12 4646.42 4648.37 4651.15 4654.25 4657.43 4651.48 4650.55 4647.56 4644.78 4643.12 4643.37 4643.26 4641.97 4640.21 4635.55 4633.97 4629.79 4631.05 4634.68 4636.06 4636.31 4634.9
4673.36 4672.16 4671.64 4670.98 4671.35 4673.56 4676.04 4675.66 4675.09 4675.59 4676.17 4676.36 4677.41 4676.48 4676.11 4675.64 4674.39 4672.72 4670.41 4667.57 4665.5 4663.36 4660.74 4657.77 4654.6 4651.59 4648.89 4649.87 4649.28 4649.27 4649.89 4652.72 4650.57 4648.17 4647.13 4646.46 4645.63 4644.28 4643.22 4643.72 4643.09 4644.78 4647.53 4646.77 4645.75 4645.45 4647.7 4650.16 4652.82 4654.92 4648.39 4644.5 4645.98 4644.08 4640.34 4642.16 4642.77 4642.24 4642.25 4640.16 4636.95 4634.75 4637.75 4636.22 4635.22 4634.15 4632.63
4670.3 4671.51 4671.79 4671.69 4672.47 4674.87 4678.4 4678.14 4677.58 4677.23 4677.45 4677.47 4675.03 4676.26 4675.39 4674.35 4672.96 4666.52 4670 4667.47 4666.21 4665.01 4661.9 4658.55 4655.06 4652.15 4650.64 4648.97 4646.13 4646.57 4647.25 4648.53 4647.97 4646.57 4646.4 4646.91 4646.29 4646.36 4646.45 4644.82 4643.28 4641.49 4642.23 4644.65 4645.17 4645.37 4646.62 4647.89 4648.86 4647.99 4644.07 4640.37 4642.33 4643.3 4639.29 4640.56 4641.95 4639.45 4638.41 4640.07 4640.09 4642.33 4641.34 4636.67 4634.84 4633.97 4632.9
4674.17 4673.57 4673.01 4672.38 4671.99 4672.91 4676.52 4679.35 4678.47 4678.33 4678.87 4679.82 4681.72 4676.77 4674.35 4672.61 4670.4 4667.01 4666.23 4671.32 4670.9 4667.66 4663.7 4659.75 4656.2 4652.75 4649.3 4647.46 4645.5 4645.12 4644.13 4643.29 4643.72 4644.07 4644.57 4644.94 4645.69 4646.75 4647.18 4646.3 4645.81 4643.72 4642.44 4644.05 4644.95 4645.3 4645.24 4645.45 4645.21 4643.84 4642.87 4641.16 4640.12 4642.36 4643.46 4639.64 4638.62 4637.53 4636.85 4637.98 4642.52 4647.72 4636.38 4633.8 4633.86 4634.73 4635.34
4678.07 4676.51 4674.44 4673.16 4671.94 4669.65 4673.59 4678.94 4680.85 4680.66 4679.65 4677.8 4675.75 4675.07 4672.93 4671.19 4672.35 4672.65 4669.8 4671.95 4672.45 4668.58 4664.38 4660.7 4657.06 4653.57 4650.64 4649.25 4646.64 4645.36 4643.93 4641.47 4641.65 4642.66 4643 4643.24 4644.66 4646.41 4646.96 4646.49 4646.37 4645.96 4645.76 4645.17 4644.34 4643.81 4643.83 4643.6 4642.8 4640.71 4642.1 4641.1 4637.66 4638.99 4641.75 4639.29 4638.37 4637.84 4638.08 4639.99 4640.79 4642.22 4636.73 4631.88 4632.9 4635.24 4637.99
4677.1 4676.62 4675.98 4674.92 4674.27 4674.57 4675.06 4682.1 4686.17 4683.11 4680.3 4678.35 4675.9 4673.98 4671.62 4669.1 4668.77 4672.36 4667.12 4666.68 4670.52 4667.67 4664.54 4661.38 4658.21 4654.94 4651.4 4648.03 4647.89 4646.64 4644.49 4640.62 4640.52 4640.62 4641.51 4643.53 4645.39 4645.48 4645.78 4645.75 4645 4644.06 4647.09 4646.46 4644.03 4642.97 4642.81 4642.53 4642.2 4642.38 4642.7 4643.55 4639.27 4641.04 4640.41 4638.46 4639.97 4642.85 4642.55 4640.56 4642.26 4638.61 4633.52 4630.7 4632.13 4634.8 4638.14
4680.27 4679.29 4677.45 4676.16 4676.06 4677.49 4677.56 4682.53 4684.18 4680.37 4678.91 4679.29 4677.36 4673.46 4670.92 4669.51 4672.87 4673.79 4667.36 4664.11 4665.34 4665.04 4663.44 4661.13 4658.61 4656.01 4653.98 4652.81 4650.72 4648.43 4646.46 4642.42 4639.29 4637.79 4639.66 4642.24 4644.46 4645.41 4645.35 4644.85 4644.99 4646.32 4648.82 4647.75 4644.42 4642.87 4642.31 4641.92 4641.88 4642.32 4642.25 4642.23 4639.78 4643.58 4641.84 4639.2 4641.84 4648.53 4647.39 4643.29 4640.2 4636.98 4632.65 4629.99 4631.09 4633.33 4634.55
4682.59 4680.27 4678.84 4676.73 4674.95 4673.83 4676.56 4678.18 4676.96 4674.71 4675.26 4674.51 4673.41 4671.59 4669.91 4669.56 4671.46 4674.25 4669.09 4664.16 4663.17 4663.42 4662.08 4660.36 4658.6 4656.8 4654.24 4652.16 4650.89 4649.55 4647.93 4644.45 4640.75 4636.8 4638 4639.96 4640.61 4642.54 4643.38 4643.46 4643.43 4643.63 4647.47 4647.25 4644.46 4643.05 4642.35 4641.71 4640.52 4640.11 4640.65 4640.65 4639.07 4641.88 4641.23 4638.65 4641.7 4652.01 4648.63 4642.84 4637.68 4636.09 4633.11 4628.74 4630.14 4632.28 4633.69
4682.25 4683.73 4679.29 4676.27 4674 4672.17 4674.16 4677 4675.54 4673.61 4672.57 4671.53 4670.28 4669.2 4668.02 4667.67 4667.97 4668.27 4666.43 4663.58 4662 4662.39 4660.55 4658.84 4657.54 4656.84 4657.13 4652.82 4649.81 4650.09 4649.85 4644.96 4641.41 4636.81 4637.41 4640.4 4644.12 4642.17 4642.32 4642.28 4641.9 4640.01 4643.75 4645.01 4644.04 4643.02 4642.61 4641.99 4640.76 4639.82 4639.42 4638.09 4635.18 4636.71 4639.27 4637.22 4641.28 4642.83 4644.3 4642.29 4637.86 4632.97 4630.1 4627.41 4629.48 4632.39 4634.76
4681.41 4678.33 4676.46 4675.33 4674.47 4673.58 4671.96 4670.63 4672.35 4672.76 4670.79 4668.72 4668.44 4667.3 4665.93 4665.04 4666.57 4665.6 4663.49 4660.67 4661.23 4659.64 4657.41 4656.2 4655.36 4654.83 4654.11 4653.42 4650.07 4650.21 4650.84 4648.78 4645.42 4638.39 4637.91 4640.38 4643.43 4642.51 4641.96 4641.42 4641.59 4643.86 4643.01 4642.61 4642.86 4642.55 4642.86 4643.26 4642.96 4641.46 4639.21 4636.19 4631.76 4632.58 4637.52 4641.2 4636.75 4636.4 4640.02 4641.61 4639.5 4633.25 4628.7 4627.26 4629.48 4632.63 4636.02
