real_craters/C172-1000m.grd
DSAA
77 77
-37.77 37.77
-37.77 37.77
4568.4378577791 6525.4099127339
[rows 30 to 59 of 77, columns 0 to 66 of 77]
5741.15 5749.6 5746.08 5734.58 5740.83 5754.27 5744.72 5743.96 5746.55 5793.09 5849.99 5888.3 5947.61 6011.48 6094.51 6227.29 6304.9 6394.03 6435.73 6364.58 5965.23 5497.58 5146.55 4889.94 4763.29 4686.72 4655.62 4637.5 4625.82 4603.32 4592.97 4583.07 4568.44 4594.03 4638.25 4696.24 4813.79 4923.79 4936.63 4895.06 4849.16 4812.79 4792.45 4765.46 4734.31 4768.44 4801.82 4837.92 4923.69 5035.53 5157.23 5369.49 5358.72 5363.36 5369.13 5389.36 5463.51 5755.66 5998.22 6037.96 6048.39 6051.23 6048.61 5973.94 5766.82 5735.99 5749.87
5753.16 5747.04 5748.65 5734.91 5744.13 5757.01 5759.04 5755.67 5760.86 5795.63 5847.99 5889.03 5944.37 5998.84 6058.24 6116.8 6242.46 6349.84 6324.36 6138.82 5721.75 5269.45 5025.86 4843.65 4751.26 4667.02 4627.25 4617.57 4603.52 4588.5 4583.08 4581 4585.14 4609.56 4642.69 4701.95 4839.95 4942.54 4966.58 4914.27 4890.7 4880.8 4867.72 4846.57 4808.35 4814.56 4818.16 4824.93 4822.75 4885.58 5015.55 5155.15 5257.56 5314.66 5353.27 5374.85 5431.58 5643.04 5882.68 5995.4 6062.51 6117 6147.21 6030.08 5896.44 5817.78 5716.69
5747.26 5750.27 5745.31 5743.11 5743.33 5749.41 5757.79 5755.52 5760.14 5799.85 5849.07 5894.22 5945.43 5993.21 6022.01 6054.75 6208.18 6290.37 6196.05 5931.02 5507.64 5085.34 4972.62 4800 4685.9 4638.37 4610.03 4606.68 4595.77 4582.65 4585.39 4596.57 4610.32 4644.06 4699.68 4781.64 4913.95 5027.58 5053.61 4982.33 4944.86 4948.51 4946.56 4945.49 4942.01 4876.62 4843.29 4823.46 4809.6 4830.43 4910.5 5020.57 5147.35 5261.16 5362.77 5467.48 5458.74 5593.03 5762.78 5920.39 6037.08 6138.72 6196.09 6046.75 5981.85 5962.77 5702.21
5745.97 5754.98 5739.83 5726.09 5735.9 5723.31 5728.96 5743.84 5758.77 5802.88 5854.66 5897.49 5951.69 5980.79 6028.59 6103.58 6266.9 6354.02 6160.78 5762.72 5290.79 5020.83 4891.48 4718.4 4656.4 4632.65 4626.69 4605.89 4585.65 4573.2 4596.34 4627.39 4657.46 4708.23 4795.65 4892.97 5018.5 5124.25 5152.91 5055.31 5011.44 5008.78 5001.82 4964.06 4934.01 4897.05 4859.35 4831.64 4812.28 4811.73 4841.86 4922.14 5069.11 5215.71 5350.09 5458.86 5459.65 5555.5 5709.06 5840.2 5982.98 6109.95 6066.44 5939.49 6002 6043.29 5759.22
5742 5752.31 5743.34 5726.98 5722.63 5721.16 5725.44 5736.08 5763.01 5810.01 5832.68 5876.5 5922.86 5975.42 6035.9 6137.13 6352.72 6511.48 6201.16 5676.95 5171.57 5005.24 4826.36 4717.22 4664.26 4650.4 4633.71 4612.61 4583.86 4580.46 4620.6 4671.48 4732.76 4814.72 4913.11 5019.95 5129.7 5229.21 5264.77 5163.99 5090.44 5043.98 4991.46 4957.44 4924.36 4896.65 4867.46 4839.48 4816.58 4811.57 4831.04 4878.91 5032.91 5209.71 5370.79 5461.41 5455.56 5497.09 5571.12 5740.3 5918.94 6068.84 6073.21 5902.13 5928.72 6046.98 5913.12
5753.84 5779.9 5784.52 5760.11 5732.65 5733.98 5730.64 5727.94 5768.38 5818.75 5873.58 5892.91 5920.33 5964.16 6020.61 6135.87 6385.53 6463.54 6172.49 5666.86 5173.82 4961.95 4801.1 4746.71 4688.28 4668.34 4649.94 4635.09 4616.51 4618.62 4658.24 4717.1 4798.73 4907.03 5001 5117.69 5241.32 5338.09 5367.84 5289.15 5212.54 5102.68 4999.01 4965.1 4929.94 4897.56 4872.34 4846.23 4826.44 4819.42 4827.97 4873.89 5011.24 5192.47 5383.37 5549.73 5466.64 5474.71 5515.05 5664.79 5837.72 5977.08 5981.76 5852.07 5859.58 5965.22 5976.33
5744.78 5788.25 5811.84 5788.62 5775.9 5749.13 5759.66 5766.55 5783.9 5829.92 5883.07 5888.77 5928.34 5982.94 6061.22 6188.24 6425.55 6518.64 6172.46 5690.38 5244.86 5032.06 4798.67 4771.13 4699.64 4682.64 4671.08 4667.92 4674.94 4665.98 4696.49 4751.3 4830.79 4948.21 5084.63 5207.45 5350.4 5492.53 5589.75 5551.92 5372.83 5189.02 5036.75 4956 4921.62 4900.99 4880.22 4857.35 4832.88 4828.02 4828.65 4861.06 4983.93 5159.25 5355.51 5557.14 5559.07 5485.02 5531.33 5651.64 5777.11 5851.38 5835.06 5772.64 5833.09 5941.54 6039.79
5728.47 5782.49 5841.56 5852.66 5790.68 5751.29 5745.39 5759.27 5790.58 5837.95 5858.03 5900.7 5940.66 5989.88 6075.92 6215.25 6444.74 6483.22 6157.85 5701.54 5270.86 5000.32 4824.32 4739.43 4699.46 4684.03 4689.64 4693.24 4690.82 4694.65 4719.82 4764.53 4826.96 4906.37 5076.31 5227.06 5385.9 5582.91 5832.3 5781.35 5505.24 5270.63 5088.55 4965.83 4930.97 4917.11 4900.72 4883.52 4864.21 4838.23 4838.5 4853.24 4954.66 5115.14 5283.27 5420.96 5556.42 5490.08 5556.66 5660.09 5764.55 5816.4 5776.83 5757.73 5813.19 5894.64 5951.97
5749.12 5801.26 5836.23 5832.19 5787.83 5742.83 5765.68 5751.24 5798.34 5856.43 5909.48 5926.58 5969.38 6017.63 6058.94 6206.14 6447.86 6468.48 6134.86 5711.47 5280.29 5022.61 4850.33 4762.77 4702.67 4680.03 4696.45 4709.44 4715.06 4707.99 4733.68 4775.68 4826.54 4897.62 5062.63 5212.34 5366.92 5535.54 5681.86 5701.62 5503.38 5298.26 5113.62 4997.25 4965.77 4945.09 4928.09 4906.85 4880.09 4853.11 4841.69 4843.55 4926.73 5076.41 5231.97 5363.53 5469.91 5480.77 5556.09 5685.51 5818.84 5871.3 5818.24 5740.36 5775.75 5825.27 5861.05
5863.19 5885.71 5838.43 5779.38 5756.8 5730.2 5750.91 5771.79 5812.79 5846.27 5898.7 5945.11 6002.31 6064.63 6142.72 6254.91 6417.3 6379.66 6119.29 5741.44 5359.44 5066.01 4921.49 4835.08 4709.02 4675.45 4695.36 4713.34 4720.94 4714.62 4741.41 4781.7 4832.97 4911.02 5032.72 5152.37 5281.71 5411.16 5512.65 5531.52 5425.19 5286.66 5167.01 5074.62 5004.91 4968.26 4952.78 4948.13 4914.46 4876.68 4857.53 4851 4923.77 5074.17 5225.86 5355.05 5425.89 5483.29 5673.96 5890.86 5936.69 5893.36 5821.88 5775.97 5802 5838.46 5872.59
5843.45 5842.66 5794.89 5735.16 5719.82 5729.15 5732.71 5746.27 5798.36 5853.41 5917.99 5982.59 6037.51 6106.17 6207.2 6306.55 6452.51 6375.79 6121.37 5808.34 5497.74 5239.84 5064.09 4816.19 4718.82 4686.17 4698.62 4714.35 4722.57 4736.94 4758.41 4786.39 4828.69 4889.05 4963.97 5051.52 5151.96 5261.02 5375.28 5408.21 5301.64 5210.57 5143.04 5080.31 5006.03 4969.84 4957.08 4957.82 4935.44 4891.83 4875.03 4884.81 4958.13 5099.88 5239.6 5349.08 5411.78 5500.33 5803.54 6138.61 6087.4 5925.27 5865.71 5817.79 5819.81 5883.36 5972.43
5726.48 5739.85 5736.39 5711.49 5705.87 5718.89 5730.35 5757.53 5773.26 5836.55 5907.56 5994.14 6073.34 6152.9 6205.18 6313.6 6475.03 6366.36 6120.78 5867.12 5642.24 5427.62 5130.21 4830.03 4717.92 4698.76 4708.54 4723.99 4742.04 4752.6 4764.64 4781.21 4804.12 4830.43 4871.87 4947.95 5030.14 5103.86 5153.99 5191.9 5161.47 5100.4 5035.79 4963.61 4956.34 4943.45 4932.06 4921.3 4906.27 4885.44 4877.07 4934.01 5035.68 5146 5259.57 5349.86 5393.89 5545.58 5890.61 6247.97 6224.14 6092.22 5889.98 5826.05 5828.15 5925.84 5995.03
5711.54 5712.47 5706.6 5701.59 5704.3 5726.65 5749.23 5771.97 5787.87 5847.27 5920.44 6010.73 6107.89 6222.79 6303.28 6267.62 6274.04 6229.68 6092.23 5924.88 5731.64 5533.37 5179.09 4817.26 4743.95 4722.94 4729.63 4745.6 4748.49 4752.57 4758.31 4767.74 4774.85 4773 4793.73 4864.29 4930.66 4979.42 5019.74 5041.34 5027.01 4991.49 4941.29 4906.47 4908.58 4907.47 4900.48 4893.67 4882.51 4868.64 4864.23 4967.61 5076.36 5173.93 5267.97 5370.19 5417.68 5629.28 6013.11 6309.28 6215.11 6037.72 5910.69 5852.28 5853 5959.15 6003.58
5692.91 5687.01 5693.83 5701.91 5725.12 5724.39 5752.25 5786.65 5811.25 5859.03 5922.78 6009.59 6103.58 6210.47 6259.06 6189.45 6165.49 6123.83 6066.73 5960.59 5810.79 5518.55 5123.02 4819.85 4782.35 4757.48 4753.21 4756.66 4749.91 4749.02 4750.08 4754.44 4757.01 4758.33 4775.68 4821.75 4863.98 4894.22 4914.06 4923.17 4921.46 4907.39 4875.97 4875.31 4875.44 4874.78 4871.34 4865.68 4867.55 4867.17 4877.69 4977.56 5135.43 5154.17 5220.82 5408.43 5472.93 5696.69 6007.88 6170.2 6092.96 5959.47 5906.6 5879.5 5890.57 6062.25 6080.53
5679.45 5681 5690.77 5702.29 5717.45 5744.04 5764.64 5815.96 5811.59 5832.71 5890.61 5933.01 5993.98 6093.85 6162.63 6138.42 6034.84 6121.2 6098.71 6023.82 5903.2 5637.54 5085.13 4900.72 4842.54 4794.6 4769.96 4756.24 4743.5 4742.28 4746.6 4749.59 4756.06 4765.53 4784.89 4810.04 4830.15 4840.17 4832.03 4843.8 4855.01 4857.96 4854.85 4852.61 4853.56 4854.1 4854.98 4858.27 4863.96 4876.33 4902.29 4970.03 5036.32 5110.54 5157.33 5315.73 5486.46 5781.9 6255.34 6184.5 6048.21 5941.11 5904.56 5894.69 5920.25 6023.79 6056.76
5673.17 5678.54 5693.54 5711.28 5720.91 5726.06 5757.21 5779.21 5759.91 5793.47 5807.81 5833.53 5861.8 5876.31 6005.28 6186.01 6300.31 6209.61 6145.45 6073.55 5945.7 5651.46 5153.42 4986.96 4886.04 4818.15 4778.1 4752.37 4734.22 4736.56 4739.11 4747.9 4759.81 4777.86 4801.87 4815.45 4821.5 4824.29 4827.53 4817.89 4823.25 4829.48 4832.9 4836.69 4836.64 4837.62 4839.46 4848.31 4863.26 4884.79 4913.86 4970.43 5047.92 5096.04 5151.42 5315.92 5561.16 5886.12 6303.18 6214.38 6037.9 5965.13 5928 5911.71 5916.71 5983.61 6041.56
5671.11 5680.4 5693.83 5711.44 5734.25 5747.39 5757.21 5760.88 5748.98 5757.5 5761.93 5763.99 5761.64 5779.25 5921.75 6136.08 6257.97 6208.3 6123.99 6036.95 5906.7 5603.48 5230.66 5024.66 4915.87 4856.56 4793.99 4769.7 4746.55 4738.71 4738.49 4745.95 4759.67 4778.13 4792.11 4806.6 4822.03 4824.94 4813.07 4808.12 4804.71 4806.65 4815.22 4816.82 4819.22 4823.36 4826.83 4840.43 4861.37 4886.59 4911.97 4959.73 5034.7 5096.13 5168.8 5379.06 5664.21 5976.14 6230.09 6141.58 5981.22 5941.19 5942.06 5951.64 5971.6 6045.31 6100.27
5683.39 5684 5688.68 5703.44 5723.06 5746.48 5754.87 5728.88 5729.07 5751.41 5744.52 5744.96 5739.74 5751.23 5868.92 6046.99 6129.94 6117.39 6061.94 5986.6 5938.87 5828.34 5465.37 5198.51 5058.1 4962.51 4838.79 4752.39 4749.55 4740.9 4740.38 4743.21 4753.17 4769.97 4787.63 4805.66 4819.36 4840.56 4809.86 4786.45 4775.76 4782.14 4790.92 4797.94 4803.77 4811.04 4825.69 4841.7 4862.07 4897.9 4937.27 4986.64 5046.26 5130.31 5261.3 5488.37 5786.56 6052.8 6204.47 6109.87 5990.86 5922.91 5952.85 6019.51 6095.64 6133.46 6014.27
5707.25 5688.45 5682.11 5690.4 5721.78 5730.74 5752.56 5722.81 5726.44 5733.34 5738.71 5751.1 5752.43 5771.72 5825.86 5906.96 5977.44 6007.48 5987.64 5914.88 5785.01 5777.05 5650.96 5492.67 5310.94 5143.7 4964.44 4786.57 4756.81 4741.3 4738.2 4735.51 4740.89 4754.28 4774.5 4788.96 4796.47 4804.98 4796.38 4763.72 4747.13 4763.59 4775.26 4780.9 4788.7 4801.04 4818.78 4850.58 4874.32 4926.1 5020.65 5110.14 5119.44 5240.16 5471.94 5668.85 5924.68 6182.51 6199.69 6103.58 6007.43 5902.04 5963.82 6059.55 6154.13 6019.55 5847.75
5686.85 5680.04 5672.21 5674.64 5686.5 5694.07 5683.84 5690.07 5697.89 5712.3 5741.64 5771.05 5798.07 5802.97 5820.81 5819.38 5881.2 5935.19 5957.12 5937.37 5881.55 5767.61 5682.55 5654 5505.84 5370.31 5228.67 4967.1 4800.65 4749.71 4741.1 4731.79 4734.61 4747.08 4761.15 4768.61 4770.32 4772.59 4768.4 4753.83 4746.2 4756.64 4767.85 4768.42 4776.2 4804.18 4833.18 4908.15 4949.05 5003.15 5093.34 5163.51 5247.23 5414.64 5651.15 5804.84 5998.27 6164.98 6178.71 6107.07 6001.31 5939.87 5979.66 6038.98 6083.64 5896.61 5754.14
5687.51 5671.04 5667.9 5663 5662.65 5668.37 5666.62 5672.09 5682.36 5705.94 5740.71 5781.31 5844.52 5895.54 5844.91 5855.43 5877.19 5909.54 5948.36 5986.71 5990.82 5940.85 5859.93 5738.3 5644.53 5551.83 5497.16 5318.8 4963.85 4845.83 4802.13 4749.84 4741.12 4755.03 4768.62 4763.45 4760.32 4752.3 4762.89 4760.2 4750.01 4768.76 4782 4784.36 4799.93 4867.1 4961.76 5067.4 5185.38 5218.15 5217.16 5218.63 5398.26 5628.93 5784.82 5879.2 5989.05 6111.44 6091.88 5985.5 5982.52 5998.08 5985.89 5982.57 5952.27 5881.78 5710.65
5664.03 5658.74 5652.15 5652.85 5651.7 5653.07 5657.42 5662.46 5685.15 5714.54 5734.18 5758.82 5783.84 5818.17 5822.86 5815.57 5866.64 5917.01 5977.8 6042.36 6091.31 6005.84 5946.22 5856.62 5765.23 5660.45 5570.54 5470.18 5244.77 5115.87 4976.45 4827.59 4802.89 4821.34 4829.12 4799.93 4793.5 4787.1 4797.42 4800.53 4797.49 4815.96 4829.32 4847.01 4875.74 4989.5 5108.22 5251.52 5376.58 5418.26 5396.6 5418.53 5544.98 5697.22 5836.47 5872.87 5919.71 5940.62 5914.53 5925.5 5985.36 6008.57 5978.06 5925.12 5842.67 5746.84 5637.86
5657.76 5655.08 5649.93 5651.41 5656.5 5659.32 5653.07 5656.78 5668.75 5692.76 5713.44 5726.18 5724.78 5763.47 5828.17 5838.76 5881.38 5918.27 5968.88 6034.9 6094.91 6113.93 6053.17 5998.04 5896.82 5737.87 5588.84 5577.13 5618.89 5542.3 5289.29 5078.1 5007.42 4987.44 4977.36 4949.83 4909.26 4882.09 4874.26 4867.02 4854.03 4851.46 4905.78 4952.63 5010.83 5123.46 5283.53 5390.62 5538.91 5554.02 5563.83 5612.2 5666.44 5701.5 5744.8 5814.52 5852.25 5859.56 5868.98 5956.49 5951.41 6004.71 5972.93 5900.41 5800.06 5697.55 5595.04
5676.55 5659.51 5652.75 5654.35 5658.19 5662.93 5647.04 5653.39 5680 5688.06 5701.57 5722.45 5741.13 5782.07 5847.13 5914.53 5884.7 5888 5907.47 5940.91 5967.23 5949.92 5990.94 6125.64 6011.12 5809.7 5645.12 5647.27 5711.92 5668.27 5577.44 5590.42 5311.62 5225.98 5189.68 5147.87 5097.51 5008.96 5000.3 4981.7 4955.35 4953.27 5030.05 5096.76 5151.28 5222.19 5291.78 5435.76 5581.33 5626.44 5660.62 5725.09 5739.35 5736.41 5763.4 5825.18 5844.04 5845.85 5856.32 5898.47 5903.21 6015.99 5989.89 5902.35 5794.13 5678.97 5597.99
5668.52 5655.87 5645.59 5647.87 5655.69 5647.35 5656.28 5658.02 5676.32 5682.34 5691.04 5720.34 5766.33 5780.4 5795.76 5811.53 5834.66 5836.79 5827.37 5795.36 5751.74 5710.44 5786.55 5932.14 5992.85 5885.17 5707.16 5674.54 5642.41 5597.99 5631.12 5640.51 5597.8 5456.26 5405.18 5401.98 5389.38 5235.26 5156.02 5127.23 5122.43 5170.06 5195 5259.24 5356.42 5368.48 5381.84 5433.34 5509.36 5623.06 5700.01 5725.85 5741.24 5768.25 5890.91 5877.23 5876.07 5876.21 5866.84 5894.88 5982.44 6102.11 6024.94 5924.8 5811.14 5688.02 5688.57
5662.79 5654.3 5654.15 5664.44 5663.76 5670.06 5659.98 5640.31 5661.5 5676.77 5678.71 5703.67 5738.53 5747.98 5766.96 5782.28 5790.85 5791.47 5764.82 5723.75 5662.09 5608.3 5685.01 5794.05 5920.03 5979.41 5887 5767 5667.73 5587.17 5611.11 5623.57 5594.52 5564.15 5547.89 5565.95 5519.49 5379.31 5299.51 5269.08 5265.59 5290.69 5329.36 5387.38 5422.48 5420.86 5461.76 5493.16 5522.15 5668.57 5766.45 5847.89 5935.28 5961.98 5933.4 5910.46 5907.99 5924.77 5968.03 5957.67 6017.52 6075.04 6022.71 5942.29 5854.63 5745.97 5726.09
5669.15 5664.22 5657.87 5652.02 5663.41 5670.4 5663.2 5660.22 5660.61 5677.88 5668.24 5669.35 5675.59 5696.86 5712 5735.79 5764.16 5781.41 5762.08 5680.07 5618.71 5594.8 5626.53 5740.51 5952.78 6000.35 5992.85 5885.88 5766.43 5654.88 5653.56 5656.55 5642.44 5639.35 5644.33 5631.67 5556.44 5455.24 5422.73 5395.14 5370.31 5369.19 5450.25 5532.38 5581.85 5572.75 5618.26 5692.14 5749.35 5777.74 5845.4 5927.05 5975.35 5918.66 5887.57 5906.62 5925.27 5953.52 5997.38 6065.61 6081.7 6078.08 6003.53 5940.66 5902.43 5862.34 5797.24
5670.97 5668.66 5672.6 5676.11 5665.4 5651.79 5659.35 5677.21 5665.61 5663.56 5648.45 5642.3 5640.06 5652.04 5661.6 5702.78 5749.05 5786.62 5811.58 5773.27 5677.09 5634.6 5694.55 5825.76 5957.3 6121.97 6120.71 6010.17 5915.05 5820.23 5799.89 5762.95 5696.55 5717.7 5729.42 5702.48 5614.94 5586.14 5560.23 5536.52 5512.09 5492.78 5593.79 5697.51 5796.78 5817.07 5838.26 5880.54 5882.85 5864.31 5878.65 5911.78 5915.89 5837.87 5854.51 5901.29 5927.03 5953.32 5998.32 6026.1 5987.19 6060.55 5954.84 5905.72 5871.06 5902.17 5907.4
5663.41 5657.46 5667.55 5678.19 5668.34 5660.19 5660.88 5655.24 5642.82 5654.7 5643.48 5630.73 5625.74 5632.69 5640.46 5683.3 5740.33 5796.75 5868.59 5964.56 5777.65 5714.23 5761.04 5902.89 5950.12 6067.6 6150.29 6089.06 6051.8 6058.76 6005.26 5896.82 5802.19 5838.36 5856.21 5857.48 5831.25 5788.57 5730.12 5684.17 5654.47 5708.63 5757.51 5832.07 5963 6120.75 5985.91 5935.1 5923.08 5893.31 5879.54 5872.8 5845.57 5837.59 5914.49 5934.42 5935.9 5926.26 5904.04 5882.26 5877.35 5844.03 5863.08 5878.84 5875.69 5950.71 6020.12
5655.14 5652.13 5657.88 5667.19 5669.14 5667.61 5659.96 5648.55 5647.4 5637.88 5633.35 5629.93 5628.02 5627.99 5634.87 5677.48 5729.36 5780.96 5825.89 5819.7 5839.57 5781.49 5789.75 5915.64 5992.75 6091.21 6076.65 6086.35 6101.17 6148.2 6156.27 6093.54 6066.87 6024.29 6024.08 6063.17 6094.33 5972.74 5871.49 5805.59 5821.51 5838.23 5827.28 5882.66 5955.69 5983.08 5995.5 5923.64 5881.39 5874.27 5866.64 5839.82 5820.52 5848.53 5954.51 5962.84 5942.75 5908.65 5855.27 5773.52 5771.47 5754.12 5794.48 5874 5981.38 6057.65 6113.9
