real_craters/C172-300m.grd
DSAA
442 442
-66.0975 66.0975
-66.0975 66.0975
3467.4906784835 6021.680787307
[rows 150 to 179 of 442, columns 0 to 66 of 442]
5154.75 5151.46 5148.02 5144.52 5141.19 5138.12 5134.22 5131.75 5134.66 5134.51 5129.39 5122.99 5123.78 5115.88 5106.11 5107.13 5110.59 5113.38 5114.61 5114.86 5114.74 5114.64 5118.33 5128.38 5140.84 5150.65 5163.95 5177.69 5174.94 5181.32 5190.89 5194.15 5193.99 5193.05 5192.39 5189.58 5186.57 5192.86 5193.98 5200.69 5200.11 5194.55 5177.44 5162.13 5156.25 5154.76 5153.21 5150.61 5148.33 5142.74 5141.7 5140.97 5137.96 5134.07 5130.78 5126.65 5124.03 5122.6 5123.58 5123.71 5123.29 5122.71 5122 5120.83 5117.56 5114.63 5115.64
5154.03 5150.5 5146.96 5143.07 5140.15 5137.17 5134.6 5134.85 5135.11 5136.22 5135.83 5127.86 5116.81 5108.51 5100.69 5102.03 5104.67 5106.67 5108.58 5108.06 5106.88 5106.64 5110.07 5118.94 5128.94 5137.66 5148.03 5160.1 5175.21 5188.15 5194.25 5197.04 5196.72 5193.7 5189.97 5187.42 5184.86 5183.62 5184.73 5184.11 5178.18 5172.93 5168.9 5162.92 5157.42 5153.18 5147.55 5142.08 5135.5 5131.22 5135.61 5133.98 5129.96 5126.01 5122.07 5117.98 5114.85 5112.9 5116.29 5118.92 5120.59 5121.84 5122.86 5124.06 5122.93 5118.38 5117.93
5153.03 5149.14 5145.49 5142.29 5140.02 5138.68 5138.91 5136.9 5135.4 5134.97 5136.41 5132.4 5121.25 5109.68 5100.7 5104.63 5108.14 5107.79 5105.65 5102.61 5099.72 5097.92 5099.09 5105.25 5113.88 5121.51 5131.3 5143.44 5172.59 5194.54 5197.87 5199.18 5199.58 5198.25 5193.21 5187.13 5179.21 5174.19 5171.36 5171.15 5164.89 5161.58 5160.4 5157.51 5154.61 5149.83 5144.22 5140.58 5141.98 5144.34 5135.07 5128.31 5123.52 5118.17 5112.17 5111.27 5109.94 5109.52 5112.35 5115.47 5118.17 5120.5 5122.4 5122.88 5121.64 5119.16 5118.69
5151.85 5147.78 5143.6 5140.56 5139.49 5140.81 5140.86 5137.62 5133.87 5131.02 5133.4 5133.1 5125.72 5119.97 5114.06 5113.47 5114.9 5110.36 5103.92 5098.32 5093.31 5089.19 5087.22 5091.11 5097.35 5104.56 5114.95 5134.1 5163.55 5189.44 5195.11 5197.58 5200.18 5202.86 5199.26 5189.45 5179.27 5176.46 5169.02 5164.94 5158.77 5156.45 5154.02 5152.68 5149.52 5146.25 5142.62 5136.96 5142.36 5142.47 5134.03 5124.07 5120.29 5116.12 5111.19 5111.02 5109.23 5108.64 5110.68 5113.34 5115.85 5118.55 5121.39 5122.96 5123.19 5118.3 5118.14
5150.84 5146.06 5141.69 5137.64 5135.07 5136.69 5137.82 5134.23 5131.86 5130.19 5129.82 5130.9 5129.23 5132.49 5130.64 5120.61 5116.56 5109.01 5101.24 5094.59 5088.1 5082.58 5078.75 5080.3 5082.09 5090.5 5098.26 5110.92 5145.81 5177.64 5184.36 5189.78 5195.05 5200.12 5198 5191.08 5185.26 5181.36 5173.02 5163.14 5156.27 5152.88 5150.5 5147.41 5144.54 5143.52 5142.03 5148.7 5130.49 5145.64 5136.46 5125.32 5120.41 5118.37 5120.04 5116.07 5110.32 5108.76 5110 5111.67 5113.55 5115.72 5118.31 5121.56 5116.99 5114.88 5116.47
5150.22 5144.94 5139.5 5134.35 5130.4 5136.01 5144.65 5136.45 5133.36 5132.21 5131.61 5132.85 5132.17 5129.75 5125.93 5116.91 5109.09 5103.69 5097.44 5091.23 5084.98 5079.03 5073.98 5075.58 5083.45 5085.75 5086.98 5097.61 5125.64 5149.99 5166.55 5176.39 5183.76 5189.84 5190.87 5188.73 5186.52 5180.64 5170.13 5160.82 5150.81 5148.95 5146.96 5144.55 5141.68 5138.54 5134.16 5122.63 5127.47 5143.14 5138.07 5127.97 5119.87 5115.79 5116.16 5112.97 5111.97 5110.35 5109.38 5109.57 5110.59 5111.91 5112.69 5111.25 5111.98 5110.47 5113.14
5149.21 5144.23 5138.38 5131.79 5126.05 5127.41 5131.1 5132.39 5132.22 5131.34 5135.16 5132.63 5126.99 5119.42 5113.36 5107.7 5101.9 5098.11 5094.1 5089.28 5084.13 5078.82 5074.14 5075.59 5080.43 5081.96 5081.77 5089.33 5112.86 5133.16 5150.73 5161.5 5168.91 5174.48 5179.34 5182.53 5184.43 5178.49 5169.45 5160.7 5152.63 5147.17 5145.77 5143.15 5139.79 5135.71 5131.82 5130.41 5132.61 5139.78 5134.36 5123.57 5113.95 5107.87 5101.62 5102.13 5108.59 5108.74 5107.22 5106.47 5106.76 5107.56 5108.45 5109.86 5108.6 5106.02 5109.17
5148.35 5144.34 5139.04 5131.71 5120.56 5106.19 5110.39 5116.06 5116.86 5123.45 5132.43 5122.34 5114.49 5105.82 5102.71 5099.34 5096.69 5094.21 5092.27 5089.17 5085.42 5081.88 5079.53 5080.11 5081.54 5083 5084.81 5092.17 5108.51 5128.18 5139.72 5147.4 5154.03 5160.05 5167.17 5174.32 5180.79 5185.77 5177.32 5163.19 5151.01 5150.49 5148 5142.24 5137.7 5134.35 5131.75 5130.86 5130.37 5132.23 5127.32 5115.42 5108.31 5101.76 5095.95 5096.42 5104.84 5103.71 5102.61 5102.11 5102.2 5102.7 5102.89 5104.65 5104.37 5100.66 5104.53
5148.1 5145.65 5142.21 5136.96 5128.82 5110.83 5110.14 5112.81 5115.01 5115.81 5110.77 5105.29 5103.69 5100.56 5099.94 5095.39 5090.34 5093.58 5092.89 5090.92 5088.69 5086.37 5084.13 5083.55 5087.13 5089.46 5089.61 5094.73 5105.06 5117.68 5126.98 5133.35 5139.24 5145.87 5154.01 5163.17 5172.91 5178.51 5174.5 5161.07 5147.82 5148.35 5145.45 5139.19 5135.79 5133.27 5131.15 5129.05 5128.59 5129.49 5124.4 5114.53 5104.56 5097.97 5093.26 5091.48 5091.6 5095.65 5096.35 5096.43 5096.47 5096.96 5098.49 5094.05 5093.41 5093.5 5093.7
5148.14 5148.01 5146.84 5144.56 5141.68 5134.2 5124.14 5121.74 5123.94 5128.69 5120.09 5107.47 5109 5113.2 5109.15 5107.67 5103.64 5098.09 5095.65 5093.96 5092.69 5092.15 5091.26 5092.03 5094.94 5096.01 5091.8 5094.19 5100.76 5108.37 5114.45 5119.09 5124.37 5130.79 5139.52 5148.9 5159.96 5173.31 5169.71 5160.87 5152.5 5142.61 5136.19 5133.52 5132.59 5131.92 5130.87 5128.45 5127.53 5126.04 5119.33 5107.32 5099.67 5095.95 5091.62 5088.71 5089.78 5089.67 5090.26 5090.35 5090.24 5090.11 5089.61 5087.39 5087.12 5086.73 5087.32
5148.96 5150.61 5151.39 5151.63 5148.86 5141.67 5135.38 5130.32 5130.34 5134.79 5129.37 5119.4 5117.25 5118.67 5114.19 5111.01 5106.91 5101.43 5098.48 5097.15 5096.81 5097.39 5099.6 5103.67 5100.76 5098.32 5098.93 5096.95 5097.33 5097.43 5099.15 5107.6 5111.54 5116.45 5125.53 5132.96 5139.61 5156.47 5162.46 5151.66 5148.03 5136.26 5126.89 5128.53 5130.27 5130.44 5130.93 5131.53 5129.77 5122.12 5114.09 5106.98 5101.91 5096.54 5092.02 5088.17 5085.21 5085.19 5085.17 5084.84 5083.96 5082.87 5081.74 5086.27 5082.72 5080.6 5081.07
5151.12 5152.91 5154.63 5157.29 5159.9 5155.22 5142.24 5133.75 5130.2 5126.11 5123.86 5122.4 5118.1 5116.01 5111.69 5105.76 5103.63 5101.74 5100.24 5099.62 5100.14 5101.06 5102.43 5102.7 5100 5096.59 5092.94 5096.01 5096.92 5096.25 5095.77 5105.91 5109.75 5111.8 5115.53 5118.57 5122.78 5136.9 5143.4 5145.12 5140.63 5132.62 5125.37 5128.3 5129.53 5129.04 5129 5130.25 5126.82 5115.99 5105.19 5103.91 5101.56 5096.81 5092.64 5088.37 5083.16 5082.21 5081.41 5080.16 5078.3 5076.48 5074.99 5075.57 5074.83 5073.46 5074.36
5152.86 5152.85 5154.02 5155.86 5157.42 5152.34 5141.01 5130.42 5121.75 5116.28 5113.08 5110.34 5112.34 5111.61 5107.25 5105.2 5101.45 5100.55 5100.61 5101.36 5102.5 5103.88 5104.48 5102.2 5100.53 5098.19 5101.11 5098.42 5099.41 5103.94 5113.55 5111.48 5113.39 5111.79 5108.51 5106.58 5104.26 5110.41 5118.73 5126.33 5130.64 5132.06 5134.79 5133.58 5129.96 5126.05 5122.37 5120.71 5116.48 5109.08 5102.86 5100.4 5098.48 5096.01 5092.9 5088.14 5083.57 5080.76 5078.46 5076.07 5073.49 5070.51 5068.13 5065.43 5066 5066.28 5068.25
5149.02 5148.67 5149.32 5149.82 5148.52 5144.19 5134.69 5123.83 5113.37 5109.77 5106.24 5103.6 5104.84 5104.16 5100.65 5094.75 5097.37 5098.83 5100.29 5101.93 5104 5106.17 5108.87 5110.95 5108.91 5099.89 5097.19 5098.03 5099.57 5104.38 5113.58 5108.09 5106.86 5105.02 5101.47 5098.13 5095.11 5092.87 5090.9 5106.87 5117.33 5126.83 5136.67 5134.95 5128.67 5121.77 5113.47 5102.7 5103.43 5102.09 5099.08 5098.12 5096.62 5095.01 5093.09 5090.94 5084.8 5079.58 5076.15 5073.1 5069.75 5065.15 5058.5 5055.87 5058.1 5059.15 5061.55
5140.4 5141.55 5141.74 5142.17 5141.28 5135.51 5127.52 5118.2 5108.66 5105.41 5103.79 5101.9 5099.81 5098.41 5096.75 5095.77 5095.01 5096.71 5098.84 5101.29 5104.23 5107.46 5111.42 5116.5 5115.73 5107.17 5099.94 5096.38 5096.46 5096.75 5093.84 5094.96 5093.9 5096.17 5095.18 5092.09 5089.94 5084.93 5080.95 5086.32 5102.16 5116.27 5127.52 5130.04 5124.99 5117.75 5110.62 5105.31 5100.47 5097.98 5098.1 5093.09 5093.07 5092.47 5090.99 5088.02 5081.2 5077.3 5073.88 5070.71 5067.39 5063.05 5056.84 5051.81 5052.63 5054.87 5056.54
5132.96 5133.21 5132.53 5130.79 5127.19 5124.42 5120.45 5114.69 5107.43 5102.45 5100.95 5099.84 5099.01 5096.21 5093.61 5092.35 5093.09 5094.98 5097.54 5100.31 5103.64 5107.05 5110.54 5113.75 5113.2 5106.46 5094.83 5093.8 5093.65 5092.36 5087.63 5092.09 5096.94 5094.48 5091.57 5087.76 5081.23 5081.3 5080.63 5081.42 5090.51 5105.35 5118.78 5123.46 5119.13 5112.88 5106.6 5102.03 5099.75 5093.42 5078.03 5075.7 5083.86 5085.69 5085.95 5086.66 5078.71 5074.55 5071.27 5068.58 5065.95 5062.39 5054.69 5049.4 5049.49 5050.37 5051.1
5125.62 5125.12 5123.56 5120.75 5118.89 5116.68 5114.86 5112.69 5109.41 5103.42 5099.09 5098.05 5097.23 5094.17 5090.46 5089.16 5090.86 5093.46 5096.14 5099.22 5101.87 5104.51 5106.99 5108.54 5108 5108.44 5094.03 5093.04 5092.88 5093.35 5094.96 5099.88 5102.36 5092.78 5088.31 5086.47 5085.38 5081.47 5080.9 5078.4 5082.57 5096.14 5107.92 5113.4 5111.61 5107.06 5100.9 5096.27 5093.83 5086.96 5077.74 5073.74 5073.92 5075.56 5076.67 5076.57 5074.54 5070.16 5067.42 5065.5 5063.78 5062.18 5056.55 5049.94 5048.33 5048.94 5049.54
5118.83 5118.24 5116.06 5112.92 5108.67 5109.91 5109.99 5109.45 5108.53 5103.21 5100.97 5098.67 5096.26 5092.88 5088.15 5086.79 5089.75 5092.51 5094.93 5097.35 5099.61 5101.87 5103.44 5104.08 5103.55 5103.95 5099.9 5094.02 5092.17 5093.04 5098.7 5096.15 5080.23 5080.74 5082.6 5084.65 5084.26 5081.31 5076.97 5078.45 5081.22 5089.79 5097.87 5102.72 5103.72 5101.75 5097.93 5093.61 5089.94 5084.49 5073.78 5065.65 5063.83 5063.18 5065.71 5067.58 5064.19 5063.35 5062.67 5061.74 5060.25 5057.23 5051.19 5048.01 5047.54 5048.17 5048.45
5115.22 5113.23 5110.69 5107.69 5107.08 5106.59 5106.18 5105.03 5103.4 5101.57 5099.74 5100.08 5098.84 5095.18 5090.57 5089.19 5090.87 5092.58 5094.41 5095.99 5097.32 5098.94 5099.82 5100.63 5101.03 5099.02 5096.67 5092.22 5088.85 5086.54 5081.96 5066.36 5058.53 5068.35 5075.67 5081.99 5084.39 5081.44 5080.91 5083.83 5081.45 5085.47 5090.43 5094.19 5097.03 5097.5 5095.06 5090.6 5084.77 5079.32 5069.18 5063.31 5057.32 5054.27 5055.58 5055.67 5056.9 5057.71 5057.79 5057.99 5057.26 5054.13 5047.2 5046.2 5046.39 5047.84 5046.78
5110.37 5109.4 5107.61 5106.02 5105.83 5105.29 5104.27 5102.8 5101.66 5101.23 5101.56 5103.42 5103.76 5099.83 5095.77 5093.81 5093.8 5094.35 5095.09 5095.63 5095.93 5096.16 5096.31 5096.21 5095.85 5097.06 5091.59 5087.23 5083.37 5079.38 5073.61 5065.63 5061.83 5064.88 5069.37 5075.02 5077.86 5077.12 5079.38 5081.75 5080.23 5080.93 5084.84 5088.66 5092.48 5094.12 5094.7 5087.71 5078.61 5065.44 5064.76 5060.61 5057.56 5054.56 5051.66 5050.63 5052.22 5052.05 5052.89 5054.31 5055.51 5054.32 5047.79 5046.57 5046.69 5047.13 5047.8
5106.46 5106.96 5105.93 5105.72 5106.46 5105.19 5104.31 5103.29 5101.61 5102.65 5104.57 5106.63 5106.35 5104.53 5102.27 5098.91 5096.76 5095.6 5095.1 5094.54 5094.06 5093.9 5093.04 5091.36 5088.28 5085.5 5084.81 5081.02 5077.37 5074.09 5071.26 5069.73 5068.33 5063.74 5062.78 5061.9 5064.56 5067.91 5069.44 5072.45 5070.19 5074.35 5080.79 5086.92 5089.97 5089.68 5086.11 5082.62 5076.24 5071.25 5066.05 5063.51 5058.12 5054.05 5048.63 5045.82 5044.09 5045.13 5047.92 5050.54 5053.42 5055.86 5050.81 5047.31 5047.23 5047.4 5047.24
5106.05 5106.27 5105.28 5104.46 5105.05 5105.09 5105.67 5106.03 5105.63 5113.34 5116.39 5113.98 5110.79 5108.8 5106.7 5102.75 5099.44 5097.07 5095.33 5093.9 5092.43 5091.18 5089.29 5087.03 5084.28 5080.79 5076.28 5073.03 5071.01 5068.59 5067.29 5067.93 5065.11 5059.48 5055.98 5055.73 5055.96 5058.63 5064.05 5064.31 5062.42 5068.32 5076.72 5084.39 5086.76 5085.28 5083.09 5077.9 5073.35 5069.15 5064.67 5060 5054.3 5049.34 5045.75 5043.77 5041.82 5042 5044.07 5046.19 5048.24 5049.35 5047.16 5046.67 5047.21 5047.04 5048.07
5105.22 5105.46 5105.8 5103.25 5102.36 5105.08 5108.41 5113.33 5121 5126.9 5129.48 5121.56 5116.01 5112.14 5108.96 5104.85 5101.23 5098.3 5096 5093.62 5091.48 5089.12 5086.56 5083.35 5079.73 5075.34 5071.2 5068.41 5064.39 5061.48 5059.66 5058.82 5056.12 5052.01 5048.13 5044.25 5046.49 5048.57 5050.35 5061.19 5061.27 5065.23 5072.23 5079.05 5080.98 5078.17 5075.41 5071.42 5068.27 5066.25 5061.07 5052.66 5048.12 5047.86 5049.52 5045.77 5042.24 5040.94 5042.06 5042.59 5042.08 5041.31 5042.15 5045.27 5048.15 5048.88 5050.05
5101.34 5102.51 5104.14 5105.09 5103.58 5104.76 5109.4 5119.33 5131.12 5130.29 5131.32 5124.96 5118.39 5113.23 5110.06 5105.39 5101.99 5099.55 5096.64 5093.89 5091.01 5087.96 5084.67 5080.46 5074.38 5066.87 5063.25 5060.59 5056.74 5053.54 5050.73 5048.21 5046.99 5044.37 5042.03 5039.3 5041.03 5042.78 5046.09 5055.39 5058.17 5062.05 5067 5070.92 5070.87 5067.74 5064.23 5062.47 5060.44 5058.99 5054.14 5044.46 5041.2 5045.22 5049.94 5046.03 5043.34 5042.68 5042.66 5042.07 5039.55 5036.78 5040.35 5046.01 5050.04 5052.35 5054.68
5098.15 5099.19 5099.7 5101.11 5101.27 5101.96 5105.79 5115.81 5131.56 5137.48 5135.56 5128.63 5120.82 5111.78 5105.55 5105.51 5102.42 5099.7 5096.37 5092.6 5089.32 5086.08 5082.61 5078.64 5072.46 5061.57 5055.43 5051.83 5048.99 5046.34 5043.33 5040.68 5039.67 5037.27 5036.38 5041.04 5037.99 5040.35 5043.28 5044.27 5050.1 5057.48 5061.47 5063.62 5063.53 5059.48 5055.23 5054.09 5051.24 5047.15 5042.34 5037.18 5036.28 5039.06 5039.5 5043.32 5044.02 5044.32 5045.43 5045.79 5044.67 5045.39 5047.34 5050.93 5054.37 5055.39 5057.33
5098.23 5098.87 5096.54 5097.41 5096.99 5096.85 5098.53 5108.21 5126.21 5137.67 5135.62 5129.38 5123.37 5117.21 5111.58 5107.46 5103.53 5099.54 5095.59 5091.75 5087.93 5084.49 5080.9 5077 5073.47 5061.47 5051.51 5044.61 5043 5041.06 5038.75 5035.36 5031.85 5031.52 5028.97 5024.9 5033.94 5038.31 5040.81 5041.13 5045.46 5053.96 5056.08 5058.24 5060.47 5057.27 5052.89 5048.39 5043.88 5036.88 5027.87 5035.15 5040.58 5039.35 5041.82 5043.14 5045.86 5047.75 5051.98 5053.68 5052.94 5053.57 5055.38 5057.39 5060.01 5060.25 5060.44
5097.43 5098.97 5095.65 5093.11 5092.7 5091.74 5091.86 5097.89 5113.76 5126.15 5130.06 5128.3 5123.94 5119.69 5115.1 5109.72 5104.23 5099.53 5095 5090.64 5086.53 5082.62 5078.49 5074.17 5069.43 5060.23 5050.82 5044.14 5040.56 5038.27 5036.12 5032.73 5028.92 5030.67 5033.38 5035.35 5035.29 5036.55 5038.1 5040.14 5044.92 5047.87 5050.18 5049.52 5044.43 5046.84 5046.53 5043.95 5041.17 5037.12 5035.44 5036.06 5038.79 5038.06 5039.76 5044.22 5051.5 5059.23 5062.63 5064.28 5066.05 5065.04 5064.09 5064.9 5066.55 5064.79 5064.31
5092.37 5094.13 5092.9 5091.73 5088.69 5087.46 5088.35 5093.49 5102.99 5110.63 5112.81 5116.13 5119.35 5122.05 5117.16 5109.79 5103.15 5097.43 5092.53 5088.09 5083.9 5079.73 5075.51 5070.57 5063.75 5057.86 5051.19 5044.79 5041.26 5038.06 5034.22 5031.2 5030.06 5032.91 5037.44 5040 5039.62 5037.24 5037.86 5039.52 5040.15 5043.27 5048 5046.8 5040.24 5030.55 5038.19 5042.31 5042.36 5041.18 5039.8 5038.62 5033.88 5036.74 5037.25 5046.91 5057.04 5066.33 5070.63 5073.11 5075.23 5072.99 5071.88 5071.94 5071.79 5069.86 5069.63
5085.39 5086.65 5085.89 5084.45 5083.55 5082.5 5082.7 5085.48 5092.17 5097.39 5092.72 5095.86 5108.21 5120.14 5114.08 5106.07 5099.34 5093.98 5089.36 5085.05 5081.17 5077.15 5073.22 5068.99 5064.21 5058.26 5052.83 5049.71 5045.89 5041.2 5035.18 5032.63 5031.98 5037.42 5042.58 5045.16 5045.87 5047.02 5044.45 5043.37 5044.66 5050.3 5052.2 5052.57 5053.12 5049.64 5045.63 5046.14 5046.51 5046.88 5047.27 5047.44 5047.27 5047.8 5047.93 5054.51 5062.88 5069.78 5075.52 5079.64 5080.93 5079.18 5078.85 5078.16 5077.02 5074.69 5073.8
5078 5078.68 5078.77 5079.55 5078.68 5077.59 5076.13 5076.49 5079.24 5080.59 5079.06 5081.11 5092.01 5102.85 5101.61 5096.94 5092.34 5088.25 5084.48 5081.15 5077.76 5074.45 5071.02 5067.84 5064.86 5061.11 5058.32 5055.32 5051.68 5048.3 5044.71 5041.17 5040.83 5045.36 5051.61 5051.79 5050.2 5049.82 5048.22 5047.37 5049.9 5054.94 5055.5 5056.31 5060.56 5063.13 5054.95 5051.48 5051.36 5052.97 5056.37 5058.67 5059.87 5062.32 5061.93 5064.34 5069.97 5076.61 5083.22 5087.65 5088.15 5088.16 5086.53 5084.38 5081.33 5079.43 5079.17
