real_craters/C172-300m.grd
DSAA
442 442
-66.0975 66.0975
-66.0975 66.0975
3467.4906784835 6021.680787307
[rows 90 to 119 of 442, columns 335 to 401 of 442]
5430.14 5448.36 5462.28 5481.67 5500.6 5520.49 5538.93 5558.46 5583.88 5602.75 5620.87 5641.12 5655.37 5667.9 5676.61 5681.18 5677.47 5660.68 5629.97 5586.43 5530.11 5459.34 5355.47 5212.08 5057.5 4901.18 4775.24 4720.16 4679.53 4643.09 4613.15 4513.87 4403.2 4324.35 4283.52 4266.32 4262.18 4268.64 4269.86 4284.22 4294.49 4309.83 4324.34 4336.71 4355.09 4359.13 4349.85 4356 4369.41 4385.6 4403.97 4424 4453.44 4479.21 4488.54 4490.49 4486.21 4474.79 4467.52 4503.6 4559.84 4631.51 4733.75 4867.38 5043.52 5243.48 5446.8
5445.07 5460.56 5475.8 5495.51 5516.26 5538.14 5556.97 5578.14 5602.75 5622.71 5641.08 5660.72 5673.07 5682.71 5688.93 5686.38 5673.85 5646.28 5598.97 5532.73 5448.12 5354.27 5244.02 5113.51 4971.39 4829.53 4713.49 4661.26 4637.71 4627.11 4603.33 4479.24 4364.86 4292.59 4256.16 4239.57 4238.06 4239.11 4250.86 4265.27 4280.57 4287.06 4303.34 4317.97 4330.43 4334.82 4331.86 4345 4365.1 4387.04 4410.7 4433.57 4464.01 4492.48 4494.6 4488.05 4480.2 4471.11 4467.21 4476.2 4505.62 4559 4659.2 4793.28 4965.47 5162.85 5365.27
5455.73 5471.54 5486.58 5508.6 5530.93 5550.14 5573 5595.75 5622.46 5643.36 5662.12 5683.13 5692.84 5699.44 5702.17 5691.97 5671.55 5633.8 5571.82 5485.98 5379.47 5263.64 5152.35 5033.54 4903.97 4775.99 4668.63 4621.23 4610.35 4622.74 4604.53 4408.03 4291.82 4231.25 4203.01 4189.02 4187.75 4198.74 4207.55 4226.33 4246.41 4257.85 4279.14 4297.91 4312.29 4320.81 4322.89 4342.58 4367.06 4391.92 4418.04 4446.77 4478.79 4502.36 4499 4488.73 4481.2 4477.72 4473.04 4461.29 4467.88 4502.19 4597.2 4726.25 4889.43 5079.94 5278.17
5459.96 5478.29 5495.91 5519.1 5543.08 5565.5 5590.26 5619.73 5643.61 5665.65 5692.16 5707.77 5714.29 5718.34 5717.67 5701.19 5672.06 5623 5548.21 5450.1 5331.7 5209.38 5093.75 4977.75 4856.22 4738.11 4638.13 4591.41 4582.34 4606.72 4602.72 4322.25 4202.83 4164.53 4148 4148.78 4157.27 4168.59 4187.52 4208.74 4228.76 4248.99 4271.38 4290.82 4305.87 4321.45 4331.83 4351.2 4373.44 4396.46 4421.17 4448.54 4478.48 4498.46 4493.48 4483.37 4477.27 4475.69 4466.63 4445.7 4443.62 4471.75 4551.77 4667.31 4817.19 4996.04 5187.99
5459.68 5481.63 5503.57 5528.38 5554.33 5580.38 5606.85 5638.47 5664 5687.2 5713.78 5729.79 5737.11 5739.57 5736.19 5714.26 5677.93 5618.64 5534.45 5428.91 5302.94 5177.22 5058.71 4940.75 4823.75 4712.51 4617.65 4569.17 4559.86 4582.76 4577.62 4306.02 4146.9 4111.64 4105.31 4110.16 4125.07 4142.4 4165.01 4188.85 4212.4 4236.33 4262.26 4287.06 4305.21 4330.09 4350.04 4365.92 4380.77 4398.38 4418.36 4440.24 4462.24 4479.25 4475.42 4468.33 4462.98 4458.72 4445.47 4425.16 4421.34 4447 4512.51 4609.3 4741.13 4913.1 5098.41
5456.7 5482.56 5509.83 5537.46 5565.82 5593.42 5622.19 5656.66 5683.81 5708.95 5736.74 5753.56 5762.79 5764.26 5757.57 5731.23 5689.21 5629.28 5534.43 5423.24 5294.33 5162.22 5041.18 4919.66 4800.72 4693.64 4604.76 4552.23 4533.46 4536.1 4515.35 4308.02 4123.76 4078.81 4070.86 4078.08 4092.44 4115.24 4141.72 4168.18 4196.55 4225.18 4251.93 4282.26 4307.81 4341.57 4363.58 4375.89 4385.07 4396.91 4411.06 4426.28 4440.36 4452.03 4449.65 4445.62 4440.87 4433.5 4418.2 4400.63 4398.03 4420.31 4475.66 4557.54 4673.27 4837.45 5017.48
5454.7 5484.1 5515.94 5546.95 5578.56 5607.78 5638.81 5676.06 5705.01 5731.36 5762.94 5779.42 5790.43 5795.53 5784.17 5754.39 5704.17 5627.71 5537.75 5429.94 5306.73 5175.47 5037.3 4904.02 4779.73 4670.89 4588.38 4530.74 4490.54 4463.3 4420.01 4267.46 4106.48 4055.32 4043.59 4050.49 4066.76 4091.43 4118.48 4147.94 4178.86 4210.9 4244.3 4277.65 4307.05 4345.19 4370.82 4378.67 4383.51 4391.01 4400.2 4409.9 4419.61 4430.54 4423.53 4419.73 4415.39 4408.91 4391.7 4374.9 4374.13 4395.87 4444.54 4516.16 4616.48 4776.94 4949.72
5456.08 5489.92 5521.68 5555.16 5588.96 5622.84 5655.57 5695.04 5725.55 5754.29 5786.65 5805.5 5819.98 5828.65 5819.28 5790.05 5733.22 5635.75 5553.77 5445.03 5322.44 5185.27 5031.51 4885.61 4751.18 4633.23 4539.01 4459.41 4396.8 4375.39 4330.61 4212.74 4085.55 4036.15 4023.28 4031.14 4049.15 4074.03 4103.05 4132.65 4166.43 4199.45 4234.99 4270.63 4301.18 4338.95 4362.8 4370.7 4375.48 4381.15 4386.95 4392.06 4396.56 4401.67 4395.53 4392.36 4388.29 4380.49 4363.87 4348.75 4350.37 4372.74 4419.71 4490.16 4590.05 4736.56 4902.23
5460.13 5495.64 5529.84 5564.58 5599.86 5636.92 5671.47 5713.71 5747.31 5777.91 5810.99 5833 5849.95 5860.81 5857.67 5837.38 5793.37 5706.77 5590.3 5456.78 5325.83 5176.36 5014.79 4858.92 4714.59 4583.46 4470.92 4379.12 4313.95 4305.49 4285.85 4212.9 4065.62 4020.01 4011.57 4020.82 4038.46 4063.03 4089.01 4121.78 4156.13 4189.29 4222.07 4258.92 4291.02 4328.58 4348.7 4356.49 4363.23 4368.92 4372.79 4374.38 4373.83 4368.27 4369.46 4366.64 4361.69 4352.48 4335.57 4322.28 4326.11 4350.38 4398.21 4470.51 4573.58 4706.1 4863.27
5464.84 5499.52 5538.35 5575.03 5611.69 5650.82 5687.39 5730.97 5765.84 5797.72 5833.08 5858.93 5878.36 5892.04 5895.15 5885.48 5857.75 5773.32 5623.76 5463.83 5313.83 5152.26 4985.93 4824.64 4671.94 4528.82 4399.37 4288.25 4244.17 4247.26 4245.21 4204.04 4055.39 4011.67 4006.5 4016.75 4038.71 4054.99 4084.71 4117 4151.33 4177.99 4214.35 4250.05 4283.85 4316.49 4336.61 4342.5 4351.66 4357.08 4359.13 4358.65 4356.35 4351.92 4350.05 4342.83 4335.82 4324.88 4308.02 4299.25 4301.92 4327.39 4375.27 4445.01 4542.77 4669.21 4822.77
5473.66 5507.31 5547.12 5585.19 5623.54 5665.44 5704.14 5747.11 5783.4 5816.73 5853.43 5880.43 5901.22 5917.07 5921.84 5916.61 5886.7 5789.7 5628.49 5451.34 5286.6 5117.32 4947.94 4784.19 4628.14 4479.4 4342.9 4226.49 4182.73 4194.6 4192.84 4157.27 4048 4014.14 4010.07 4023.31 4042.45 4056.88 4085.55 4117.05 4136.57 4172.32 4207.29 4241.29 4273.12 4304.62 4325.09 4338.2 4343.67 4346.85 4347.24 4345.26 4342.17 4338.99 4332.28 4320.21 4309.9 4296.8 4280.68 4273.91 4279.12 4303.03 4347.96 4412.92 4499.78 4622.11 4775.83
5483.64 5516.72 5557 5596.16 5638.21 5677.3 5723.12 5762.51 5799.48 5837.36 5868.51 5897.13 5917.67 5932.02 5934.32 5924.58 5888.88 5775.69 5604.41 5417.48 5241.55 5072.16 4905.29 4743.07 4586.77 4438.93 4305.44 4197.28 4144.5 4151.29 4144.68 4116.96 4041.61 4013.66 4017.23 4030.67 4042.91 4066.4 4093 4104.49 4136.88 4170.22 4203.16 4234.9 4264.3 4294.57 4311.87 4326.52 4335.85 4337.09 4335.4 4331.88 4326.75 4321.48 4312.04 4296.58 4284.56 4270.24 4254.47 4248.09 4253.58 4277.06 4318.75 4378.06 4459.97 4576.75 4725.71
5491.21 5528.03 5565.69 5605.42 5648.63 5689.41 5734.86 5774.67 5812.48 5851.23 5881.94 5909.61 5927.68 5935.78 5930.68 5908.91 5857.82 5731.93 5560.18 5369.99 5189.77 5024.18 4862.06 4704.01 4550.56 4407.11 4279.31 4177.32 4118.17 4116.6 4104.94 4081.76 4036.42 4019.78 4026.28 4033.68 4051.46 4074.02 4084.2 4112.87 4143.08 4173.64 4203.86 4232.68 4259.19 4285.03 4305.13 4321.44 4329.06 4327.89 4324.14 4318.87 4310.97 4299.28 4287.43 4272.11 4261.39 4246.85 4231.24 4225.21 4230.36 4251.53 4289.3 4343.59 4420.27 4529.79 4673.32
5496.79 5535.48 5573.86 5615.22 5658.88 5701.32 5746.95 5787.53 5825.57 5860.8 5891.09 5916.76 5930.59 5934.49 5920.56 5881.49 5795.7 5675.17 5510.72 5321.34 5142.33 4981.61 4824.57 4670.61 4520.71 4381 4257.81 4158.95 4100.96 4090.3 4075.09 4055.55 4037.17 4031.34 4034.84 4042.59 4058.3 4079.74 4092.29 4119.29 4147.67 4176.1 4204.47 4231.06 4255.43 4279.22 4299.32 4312.58 4320.88 4318.38 4313.19 4307.07 4299.19 4285.57 4267.36 4254.68 4243.55 4229 4213.56 4207.61 4212.38 4229.76 4262.98 4311.16 4378.92 4479.96 4622.76
5500.87 5542.85 5583.26 5626.19 5670.4 5713.69 5756.96 5797.33 5835.81 5868.7 5897.95 5921.69 5933.77 5933.54 5914.14 5868.06 5773.99 5640.59 5471.77 5282.84 5106.71 4949.81 4795.33 4643.43 4496.73 4359.38 4239.74 4144.68 4092.5 4073.11 4055.71 4038.81 4037.69 4044.11 4041.64 4047.06 4060.78 4080.27 4098.68 4124.51 4151.61 4178.76 4205.25 4230.3 4252.89 4273.05 4291.83 4306.22 4314.64 4306.67 4300.88 4296.8 4292.41 4286.34 4274.78 4254.93 4240 4221.7 4203.53 4193.67 4196.26 4211.89 4240.38 4282.23 4343.45 4436.66 4576.13
5506.9 5548.61 5590.78 5634.73 5679.84 5723.48 5764.88 5805.26 5841.08 5875.18 5905.36 5926.55 5938.4 5935.24 5912.63 5867.71 5785.16 5626.36 5442.44 5258.29 5086 4930.43 4776.44 4624.14 4477.49 4341.34 4224.57 4134.88 4085.67 4063.9 4047.25 4032.23 4027.56 4039.17 4041.27 4046.77 4060.7 4079.52 4099.06 4124.38 4151.01 4177.83 4204.18 4228.41 4250.41 4268.45 4281.74 4285.97 4292.99 4289.02 4285.93 4284.93 4285.26 4286.98 4287.56 4265.75 4245.49 4223.19 4202.5 4191.79 4189.54 4199.09 4220.94 4256.71 4312.89 4402.69 4533.59
5512.89 5555.74 5597.96 5639.14 5684.37 5727.84 5770.72 5811.05 5848.18 5884.25 5913.31 5933.63 5944.27 5939.79 5913.98 5857.75 5756.62 5616.71 5436.16 5253.21 5082.52 4925.84 4769.05 4614.46 4465.11 4327.27 4211.28 4126.01 4082.26 4060.28 4047.66 4038.16 4029.2 4027.96 4034.79 4044.55 4060.69 4080.55 4098.36 4123.52 4150.01 4176.97 4203.54 4228.12 4250.65 4269.21 4279.34 4276.23 4272.11 4268.4 4269.95 4271.56 4273.61 4276.4 4277.35 4270.52 4253.02 4227.48 4206.16 4195.49 4189.34 4191.17 4205.01 4233.63 4282.26 4362.02 4489.02
5518.76 5560.54 5603.26 5646.55 5691.82 5734 5778.95 5819.17 5857.03 5892.58 5922.49 5942.17 5952.81 5948.22 5923.38 5865.35 5761.42 5624.27 5447.54 5264.84 5097.15 4936.54 4774.71 4613.21 4458.31 4315.69 4196.79 4115.45 4076.56 4058.35 4052.47 4052.89 4050.27 4025.06 4028.64 4040.75 4058.45 4079.87 4103.46 4125.92 4152.15 4178.87 4205.46 4230.98 4254.87 4275.19 4289.59 4286.42 4254.18 4254.59 4257.3 4258.32 4258.79 4259.24 4261.24 4262.33 4248.09 4228.59 4210.44 4200.2 4188.84 4184.85 4191.44 4211.58 4250.75 4318.02 4441.63
5526.85 5569.07 5609.84 5654.58 5700.33 5742.58 5787.54 5827.48 5867.03 5898.95 5929.31 5948.99 5959.47 5956.94 5938.42 5897.06 5797.44 5651.95 5480.84 5300.05 5130.26 4961.34 4789.61 4618.87 4456.76 4308.56 4181.92 4102.57 4068.96 4055.67 4055.44 4062.85 4066.92 4028.38 4025.89 4038.32 4056.97 4079.58 4104.07 4127.66 4153.75 4180.31 4207.01 4232.87 4258.86 4283.8 4305.62 4313.16 4277.99 4257.53 4250.73 4246.21 4242.33 4239.63 4238.35 4247.89 4241.78 4225.37 4215.74 4204.84 4188.44 4178.31 4178.52 4192.66 4224.27 4283.14 4398.84
5534.77 5576.33 5617.82 5658.97 5705.43 5751.29 5793.26 5832.06 5871.19 5903.74 5933.16 5952.93 5963.82 5962.27 5945.12 5901.93 5811.04 5682.42 5531.5 5369.27 5183.1 4995.31 4810.3 4629.47 4460.1 4305.9 4174.76 4097.58 4066.02 4053.63 4053.6 4061.58 4064.31 4032.82 4026.05 4037.6 4056.49 4079.19 4103.94 4128.23 4153.9 4180 4206.38 4232.5 4259.52 4287.08 4314.29 4335.05 4300.37 4264.07 4247.67 4236.95 4227.56 4219.97 4218.28 4225.79 4225.18 4215.6 4211.3 4201.7 4183.58 4168.29 4166.58 4174.06 4202.19 4257.94 4364.55
5543.92 5583.36 5621.96 5667.95 5710.19 5754.16 5795.59 5834.9 5871.58 5904.09 5934.34 5954.49 5965.81 5963.88 5944.79 5893.46 5813.51 5704.3 5575.03 5427.9 5228.59 5026.56 4830.85 4643.57 4467.55 4309.79 4179 4100.76 4064.59 4049.87 4047.98 4054.28 4056.61 4036.34 4027.45 4037.76 4056.84 4079.45 4103.74 4128.46 4153.27 4178.31 4203.54 4228.32 4254.1 4280.1 4305.7 4325.18 4300.53 4264.16 4243.7 4227.66 4213.51 4200.06 4189.11 4197.41 4200.36 4200.2 4201.87 4193.89 4174.73 4157.85 4151.46 4155.13 4178.71 4231.4 4328.8
5551.33 5588.69 5629 5674.65 5716.93 5759.91 5800.49 5838.96 5874.8 5906.15 5935.34 5953.89 5964.62 5962.44 5944.35 5899.89 5816.89 5714.08 5591.8 5444.74 5249.43 5046.3 4845.88 4654.17 4475.37 4316.53 4187.5 4107.45 4065.08 4046.08 4040.76 4045.04 4048.07 4035.49 4026.99 4038.2 4057.2 4079.15 4103.01 4127.59 4150.94 4174.24 4197.42 4220.39 4242.87 4264.11 4281.09 4290.56 4277.85 4256.69 4237.38 4219.69 4202.39 4185.19 4168.12 4167.19 4178.71 4183.9 4192.11 4185.46 4162.35 4143.46 4135.59 4137.11 4155.27 4198.31 4285.18
5559.43 5596.98 5635.66 5680.18 5721.5 5763.14 5802.83 5840.47 5874.54 5905.67 5934.63 5952.77 5962.83 5960.03 5940.27 5891.24 5813.97 5713.04 5589.4 5438.87 5253.09 5054.18 4854.12 4661.01 4481 4322.48 4194.53 4113.94 4067.95 4044.38 4033.78 4035.16 4039.54 4032.99 4027.22 4040.01 4058.08 4079.42 4101.84 4125.53 4146.8 4167.75 4188.22 4207.96 4226.43 4242.47 4253 4256.84 4250.37 4243.19 4229.92 4214.08 4197.09 4179.6 4161.89 4153.74 4154.47 4166.67 4180.77 4174.57 4150.69 4132.24 4121.22 4119.78 4134.2 4169.73 4247.12
5564.21 5600.7 5638.85 5683.04 5723.5 5764.41 5802.03 5839.03 5874.96 5908.73 5933.96 5951.05 5960.55 5957.27 5935.5 5885.17 5808.29 5701.49 5581.51 5430.03 5250.07 5055.85 4857.71 4664.73 4483.33 4324.6 4199.99 4118.35 4070.16 4043.35 4027.02 4024.68 4028.08 4028.69 4030.61 4044.51 4062.03 4081.61 4100.74 4122.19 4140.94 4159.19 4176.71 4193.15 4207.87 4219.88 4226.97 4231.76 4233.22 4234.01 4222.01 4207.45 4193.41 4180 4165.34 4148.04 4143.28 4153.46 4162.58 4156.9 4134.88 4117.18 4105.68 4102.97 4115.26 4149.96 4221.42
5566.74 5599.47 5638.83 5682.06 5721.47 5762.55 5800.88 5837.43 5871.01 5906.55 5930.56 5949.2 5958.44 5955.19 5932.28 5880.03 5804.87 5699.13 5578.13 5425.05 5247.21 5055.09 4858.14 4664.25 4481.74 4320.92 4197.05 4118.65 4069.95 4040.39 4019.35 4013.58 4015.88 4022.28 4035.27 4049.84 4066.65 4083.72 4101.15 4117.61 4133.57 4150.7 4165.04 4178.13 4189.39 4198.19 4203.28 4207.62 4210.38 4220.1 4209.18 4197.96 4188.81 4181.97 4176.23 4170.32 4158.95 4148.5 4144.67 4136.92 4119.68 4104.09 4089.71 4085.71 4097.11 4130.39 4194.82
5570.59 5601.62 5640.88 5680.21 5718.78 5757.64 5795.67 5831.91 5866.81 5900.96 5926.17 5944.76 5954.7 5952.59 5931.03 5881.69 5805.51 5701.63 5582.13 5426.65 5246.62 5053.84 4856.41 4662.44 4479.07 4316.99 4194.92 4117.8 4067.29 4034.21 4010.94 4002.52 4003.61 4013.45 4039.45 4056.79 4072.72 4087.64 4102.67 4115.18 4128 4140.13 4153.15 4162.88 4170.92 4176.92 4180.68 4183.39 4187.94 4191.51 4187.51 4183.04 4180.43 4179.39 4181.5 4175.25 4157.98 4141.1 4133.85 4123.78 4105.46 4091.03 4078.04 4069.28 4076.85 4105.58 4159.7
5571.63 5602.51 5640.01 5678.9 5715.99 5754.06 5791.56 5828.54 5862.32 5894.92 5920.5 5941.45 5951.28 5949.58 5927.05 5879.62 5808.45 5708.09 5587.61 5430.68 5248.66 5053.93 4855.04 4659.98 4476.72 4315.3 4196.2 4118.17 4065.71 4030.54 4004.21 3993.12 3993.08 4004.11 4041.42 4063.25 4078.84 4091.81 4104.89 4114.63 4124.32 4133.16 4142.78 4149.17 4154.02 4157.17 4158.51 4158.45 4156.38 4157.65 4160.69 4162.89 4165.32 4168.06 4168.46 4154.5 4136.35 4128.45 4126.04 4112.99 4095.23 4077.85 4066.07 4059.9 4060.2 4079.45 4119.14
5572.03 5601.92 5638.76 5678.45 5716.81 5750.34 5787.85 5827.53 5860.96 5894.38 5919.44 5938.32 5947.14 5945.27 5923.91 5878.95 5813.19 5720.11 5602.38 5438.98 5252.78 5054.56 4853.52 4657.21 4473.8 4313.67 4197.91 4119.54 4065.1 4028.74 3999.96 3986.49 3986.28 3999.61 4043.45 4069.74 4084.49 4096.12 4107.45 4114.97 4121.91 4127.75 4133.35 4136.6 4138.49 4138.96 4138.03 4136 4134.12 4131.83 4134.94 4141.6 4147.35 4151.49 4152.55 4143.45 4125.07 4120.27 4121.01 4102.98 4086.19 4069.92 4055.49 4047.77 4047.02 4059.83 4092.13
5568.64 5598.55 5634.78 5671.31 5712.39 5750.77 5789.65 5827.41 5861.34 5893.4 5918.44 5935.36 5942.18 5936.68 5919.53 5876.54 5818.57 5732.53 5615.47 5447.77 5256.35 5054.41 4850.91 4653.6 4470.55 4313.47 4200.2 4121.64 4065.51 4027.64 3997.32 3982.7 3982.81 3996.53 4041.99 4074.73 4089.17 4099.59 4107.11 4112.36 4116.67 4119.81 4124 4124.59 4123.99 4122.47 4119.72 4116 4113.73 4110.6 4115.55 4123.09 4128.77 4132.91 4135.96 4130.01 4116.78 4113.8 4113.63 4095.75 4075.76 4059.31 4045.8 4037.73 4036.15 4049.69 4085.24
5563.2 5596.31 5632.61 5670.19 5710.28 5748.9 5786.93 5825.57 5859.83 5891.6 5916.35 5933.26 5938.04 5924.86 5888.58 5870.44 5825.5 5746.78 5625.9 5453.89 5258.3 5052.64 4846.8 4647.76 4465.74 4313.37 4202.66 4124.28 4067.16 4026.29 3997.72 3982.26 3983.13 3997.05 4041.21 4077.82 4091.28 4100.73 4106.8 4110.36 4112.64 4113.62 4115.58 4114.35 4111.7 4108.4 4103.81 4097.87 4093.78 4096.65 4104.24 4106.32 4109.37 4112.06 4113.39 4111.06 4101.32 4095.9 4098.59 4084.16 4067.9 4053.81 4041.3 4033.68 4032.01 4046.61 4079.23
