real_craters/C172-750m.grd
DSAA
177 177
-66.0975 66.0975
-66.0975 66.0975
3532.7706767734 5967.3536684489
[rows 38 to 75 of 177, columns 0 to 83 of 177]
5068 5083 5094 5101 5104 5100 5106 5124 5116 5116 5116 5114 5120 5155 5185 5326 5360 5271 5211 5224 5195 5172 5156 5156 5167 5181 5196 5212 5227 5194 5184 5180 5181 5184 5187 5192 5193 5194 5199 5204 5209 5214 5220 5224 5224 5227 5234 5237 5254 5270 5283 5285 5261 5233 5228 5221 5219 5223 5228 5229 5233 5216 5212 5226 5236 5229 5226 5219 5221 5216 5204 5206 5214 5226 5249 5259 5265 5270 5276 5284 5296 5309 5323 5333
5096 5101 5106 5111 5117 5129 5124 5121 5115 5115 5121 5123 5120 5137 5210 5443 5631 5565 5350 5231 5195 5173 5160 5158 5166 5177 5192 5210 5225 5198 5187 5184 5187 5196 5210 5199 5198 5200 5204 5209 5213 5220 5222 5226 5228 5230 5235 5242 5252 5262 5271 5272 5252 5233 5222 5218 5216 5216 5220 5233 5236 5229 5222 5228 5234 5227 5220 5219 5223 5212 5202 5205 5213 5236 5255 5261 5270 5276 5284 5294 5307 5316 5321 5332
5111 5113 5118 5122 5128 5129 5133 5127 5123 5124 5127 5129 5119 5124 5268 5549 5796 5806 5471 5248 5195 5178 5164 5166 5168 5174 5184 5195 5187 5184 5183 5185 5188 5191 5164 5196 5202 5205 5210 5215 5219 5221 5222 5225 5228 5231 5235 5238 5245 5254 5258 5253 5243 5231 5220 5215 5210 5207 5205 5222 5222 5221 5222 5222 5225 5224 5229 5230 5228 5215 5214 5213 5217 5231 5254 5266 5274 5280 5287 5294 5307 5311 5317 5308
5122 5123 5128 5132 5137 5141 5139 5136 5135 5130 5133 5133 5137 5130 5374 5680 5910 5701 5375 5230 5206 5197 5191 5181 5176 5174 5180 5187 5181 5180 5182 5185 5188 5190 5194 5199 5206 5214 5222 5224 5223 5224 5225 5226 5229 5231 5234 5236 5241 5246 5248 5246 5233 5221 5220 5212 5206 5202 5188 5211 5212 5215 5221 5221 5216 5221 5216 5217 5227 5219 5216 5218 5225 5233 5258 5271 5279 5285 5289 5291 5288 5297 5296 5288
5138 5136 5137 5139 5141 5146 5145 5141 5139 5140 5139 5140 5144 5165 5528 5752 5848 5561 5286 5241 5226 5214 5204 5193 5188 5186 5186 5185 5186 5183 5185 5185 5187 5190 5194 5201 5209 5220 5230 5227 5225 5224 5225 5224 5226 5229 5231 5234 5237 5239 5236 5231 5224 5217 5210 5207 5204 5204 5213 5204 5214 5221 5224 5236 5236 5225 5222 5211 5224 5223 5228 5228 5239 5255 5269 5278 5283 5286 5289 5292 5295 5292 5282 5284
5140 5142 5142 5145 5147 5145 5152 5160 5152 5145 5145 5148 5154 5243 5570 5612 5524 5363 5292 5264 5229 5214 5206 5197 5196 5196 5195 5194 5190 5188 5187 5188 5188 5190 5195 5200 5208 5216 5221 5224 5224 5222 5221 5221 5223 5224 5226 5228 5229 5232 5228 5224 5218 5211 5208 5204 5204 5203 5198 5215 5212 5220 5223 5223 5225 5223 5218 5204 5213 5219 5221 5232 5245 5267 5280 5275 5278 5285 5293 5296 5299 5299 5305 5303
5140 5139 5146 5150 5154 5151 5156 5152 5153 5155 5156 5160 5171 5220 5449 5401 5332 5301 5261 5225 5195 5183 5184 5188 5196 5202 5199 5199 5194 5191 5189 5189 5189 5188 5190 5194 5203 5212 5217 5221 5221 5220 5218 5216 5215 5216 5218 5224 5232 5225 5223 5220 5217 5211 5199 5202 5204 5204 5203 5206 5216 5219 5219 5220 5220 5220 5213 5197 5199 5217 5226 5234 5243 5250 5255 5262 5273 5282 5292 5301 5304 5303 5298 5301
5147 5150 5153 5154 5154 5160 5161 5157 5159 5159 5163 5170 5185 5209 5258 5264 5260 5262 5211 5176 5161 5156 5164 5177 5187 5193 5194 5193 5191 5190 5189 5188 5188 5189 5188 5191 5200 5209 5217 5218 5216 5214 5211 5208 5206 5201 5204 5211 5220 5210 5200 5209 5219 5227 5232 5219 5211 5210 5218 5228 5227 5223 5220 5209 5219 5223 5216 5208 5208 5217 5229 5238 5241 5248 5246 5254 5266 5278 5292 5305 5311 5308 5306 5315
5145 5160 5162 5164 5165 5166 5161 5164 5161 5165 5168 5172 5175 5180 5187 5197 5210 5207 5174 5161 5161 5162 5168 5174 5177 5181 5186 5191 5191 5191 5192 5192 5193 5192 5191 5191 5201 5208 5210 5212 5209 5205 5203 5200 5195 5191 5185 5183 5187 5185 5196 5209 5223 5236 5235 5215 5216 5217 5224 5233 5234 5229 5231 5238 5232 5236 5246 5210 5205 5213 5225 5232 5242 5250 5244 5254 5266 5276 5287 5310 5317 5317 5321 5329
5144 5160 5172 5172 5176 5174 5169 5171 5166 5166 5168 5169 5170 5173 5175 5170 5176 5170 5156 5163 5172 5180 5179 5178 5172 5174 5178 5183 5183 5187 5190 5192 5195 5197 5199 5203 5206 5208 5212 5209 5202 5198 5193 5191 5187 5180 5170 5154 5132 5152 5191 5212 5225 5232 5228 5222 5224 5225 5229 5229 5222 5231 5239 5245 5240 5238 5236 5211 5200 5209 5225 5230 5256 5266 5261 5263 5273 5281 5279 5256 5296 5325 5350 5350
5156 5195 5184 5173 5176 5178 5176 5178 5175 5168 5163 5165 5165 5164 5155 5151 5154 5151 5158 5164 5175 5183 5188 5185 5184 5175 5167 5164 5178 5185 5190 5193 5197 5200 5206 5217 5210 5204 5199 5194 5192 5190 5189 5186 5182 5177 5168 5149 5124 5149 5197 5218 5230 5237 5236 5238 5235 5233 5227 5226 5228 5234 5241 5245 5242 5235 5221 5211 5207 5214 5228 5263 5274 5291 5313 5291 5293 5297 5300 5324 5311 5332 5363 5395
5142 5150 5160 5158 5173 5182 5179 5174 5174 5171 5169 5164 5159 5163 5150 5146 5155 5155 5160 5165 5189 5197 5197 5191 5185 5174 5165 5184 5183 5184 5186 5192 5197 5201 5206 5210 5205 5197 5189 5180 5181 5183 5185 5186 5185 5183 5180 5173 5166 5180 5211 5230 5242 5249 5256 5243 5244 5246 5245 5230 5231 5238 5243 5244 5243 5235 5222 5217 5210 5204 5226 5231 5257 5291 5310 5315 5313 5317 5327 5341 5338 5343 5354 5384
5161 5151 5152 5153 5164 5173 5177 5175 5174 5170 5168 5166 5165 5169 5144 5157 5163 5154 5163 5169 5159 5209 5206 5197 5181 5177 5172 5173 5179 5181 5184 5190 5194 5199 5201 5198 5197 5191 5181 5172 5175 5179 5185 5187 5192 5198 5202 5210 5227 5236 5233 5250 5258 5259 5253 5250 5254 5259 5239 5237 5231 5240 5255 5256 5248 5242 5234 5221 5209 5215 5247 5257 5272 5291 5308 5322 5328 5335 5344 5349 5351 5357 5400 5499
5167 5166 5162 5154 5155 5137 5147 5176 5175 5169 5162 5170 5173 5177 5155 5168 5162 5153 5156 5165 5158 5201 5208 5206 5199 5186 5177 5170 5173 5176 5179 5183 5190 5194 5197 5198 5195 5188 5180 5170 5174 5179 5186 5195 5203 5217 5227 5246 5270 5291 5286 5283 5280 5274 5266 5260 5262 5266 5249 5232 5232 5236 5244 5250 5249 5253 5260 5239 5224 5191 5292 5284 5282 5303 5316 5324 5341 5353 5363 5368 5366 5366 5403 5508
5167 5169 5168 5167 5164 5166 5111 5145 5180 5169 5174 5179 5187 5177 5173 5168 5175 5171 5167 5187 5193 5198 5203 5208 5208 5186 5174 5162 5163 5166 5170 5175 5180 5185 5191 5196 5195 5187 5179 5180 5175 5175 5186 5199 5216 5234 5257 5277 5299 5323 5329 5316 5305 5294 5285 5280 5273 5261 5261 5251 5244 5236 5224 5235 5250 5253 5251 5261 5264 5286 5302 5312 5318 5331 5341 5351 5364 5377 5384 5386 5387 5392 5420 5480
5167 5172 5173 5171 5168 5168 5135 5100 5129 5154 5172 5186 5177 5183 5173 5174 5181 5178 5180 5193 5189 5189 5190 5187 5183 5171 5150 5150 5151 5154 5158 5163 5173 5179 5185 5193 5198 5182 5170 5161 5161 5170 5187 5202 5225 5249 5271 5297 5316 5329 5349 5342 5330 5318 5301 5286 5287 5263 5259 5261 5255 5249 5236 5252 5268 5271 5270 5276 5292 5284 5312 5342 5366 5372 5370 5380 5397 5405 5408 5409 5405 5406 5406 5398
5174 5174 5172 5169 5167 5166 5164 5144 5146 5156 5188 5213 5215 5177 5165 5174 5177 5176 5174 5172 5183 5180 5176 5166 5159 5158 5151 5140 5140 5144 5149 5161 5167 5173 5176 5181 5178 5170 5157 5137 5143 5168 5190 5208 5230 5252 5279 5307 5335 5365 5376 5367 5355 5344 5335 5335 5322 5308 5269 5273 5282 5278 5285 5298 5310 5316 5295 5297 5323 5327 5340 5370 5398 5411 5422 5445 5445 5434 5421 5421 5420 5410 5379 5330
5174 5175 5176 5170 5162 5155 5155 5148 5152 5165 5204 5197 5155 5151 5165 5189 5191 5186 5183 5175 5170 5170 5172 5165 5155 5145 5134 5123 5130 5136 5142 5147 5154 5162 5165 5166 5166 5160 5155 5151 5162 5178 5196 5216 5236 5258 5284 5313 5347 5391 5393 5381 5369 5359 5357 5368 5352 5317 5283 5273 5271 5312 5341 5353 5356 5371 5308 5287 5329 5351 5370 5407 5443 5453 5455 5471 5473 5462 5446 5442 5433 5416 5367 5298
5175 5174 5171 5164 5152 5148 5145 5148 5159 5160 5187 5194 5154 5139 5146 5221 5236 5230 5209 5179 5154 5184 5176 5164 5148 5132 5120 5121 5125 5132 5136 5142 5146 5149 5153 5153 5153 5152 5157 5164 5179 5190 5205 5222 5240 5261 5284 5309 5338 5381 5395 5384 5371 5361 5358 5348 5331 5358 5338 5324 5333 5377 5397 5401 5392 5354 5326 5317 5353 5385 5418 5450 5475 5506 5504 5482 5481 5493 5509 5470 5444 5422 5380 5317
5171 5167 5166 5152 5135 5127 5122 5133 5132 5146 5162 5173 5170 5156 5179 5204 4976 5023 5187 5175 5176 5191 5175 5155 5140 5123 5115 5116 5121 5127 5133 5139 5143 5145 5145 5144 5144 5147 5158 5173 5184 5199 5214 5230 5245 5261 5281 5300 5319 5348 5380 5373 5367 5361 5353 5349 5355 5370 5466 5438 5456 5466 5459 5442 5434 5437 5382 5358 5364 5392 5434 5502 5593 5629 5607 5581 5509 5512 5525 5485 5451 5427 5423 5416
5165 5158 5150 5141 5132 5125 5131 5130 5138 5135 5159 5192 5191 5175 5194 5173 4807 4923 5167 5192 5177 5175 5165 5153 5134 5118 5109 5115 5123 5128 5134 5137 5142 5144 5146 5143 5139 5145 5161 5179 5201 5206 5219 5232 5247 5262 5276 5290 5306 5326 5343 5347 5353 5357 5353 5343 5365 5449 5484 5486 5511 5524 5505 5471 5454 5453 5414 5402 5399 5405 5429 5548 5630 5678 5694 5664 5565 5516 5489 5484 5473 5466 5494 5532
5160 5150 5141 5140 5135 5126 5125 5128 5132 5139 5165 5205 5197 5185 5186 5223 5110 5078 5158 5177 5175 5153 5145 5144 5129 5116 5112 5116 5123 5130 5137 5142 5148 5152 5151 5149 5148 5152 5167 5183 5193 5206 5220 5236 5248 5258 5268 5274 5278 5285 5297 5323 5346 5365 5382 5398 5455 5468 5453 5493 5523 5513 5496 5469 5455 5460 5479 5469 5453 5497 5567 5616 5674 5725 5738 5753 5622 5536 5493 5507 5517 5532 5582 5615
5154 5146 5137 5133 5132 5117 5105 5112 5112 5121 5147 5175 5192 5194 5189 5192 5191 5168 5154 5145 5139 5133 5123 5120 5122 5122 5116 5119 5124 5131 5138 5147 5154 5160 5165 5166 5164 5165 5181 5192 5199 5209 5222 5235 5247 5258 5260 5268 5275 5273 5263 5313 5353 5382 5413 5471 5542 5523 5513 5516 5544 5563 5502 5451 5422 5465 5519 5513 5527 5509 5580 5623 5665 5707 5665 5632 5639 5540 5515 5541 5602 5649 5680 5715
5152 5142 5140 5136 5134 5121 5112 5107 5094 5091 5108 5152 5196 5202 5188 5171 5159 5154 5147 5141 5133 5118 5110 5110 5117 5123 5118 5120 5125 5133 5140 5149 5163 5174 5182 5192 5199 5206 5209 5209 5207 5211 5221 5233 5248 5255 5264 5273 5284 5296 5312 5345 5369 5391 5414 5441 5451 5476 5506 5516 5537 5571 5481 5408 5364 5416 5512 5481 5449 5481 5520 5556 5591 5586 5556 5464 5433 5412 5469 5578 5673 5731 5767 5825
5150 5136 5136 5136 5133 5128 5113 5099 5084 5072 5084 5108 5161 5182 5187 5173 5148 5145 5137 5125 5137 5115 5109 5109 5110 5111 5109 5115 5123 5131 5141 5158 5172 5187 5202 5216 5236 5256 5241 5226 5210 5208 5225 5238 5249 5255 5264 5277 5299 5330 5378 5394 5400 5412 5420 5424 5430 5472 5454 5467 5474 5442 5403 5364 5349 5415 5475 5445 5428 5443 5450 5474 5556 5598 5546 5420 5365 5357 5471 5636 5779 5809 5806 5831
5148 5139 5108 5112 5112 5103 5095 5093 5088 5083 5088 5100 5129 5145 5166 5178 5148 5142 5133 5129 5124 5101 5092 5097 5097 5099 5095 5106 5118 5129 5142 5156 5172 5194 5213 5232 5263 5275 5264 5246 5228 5224 5239 5248 5253 5263 5272 5284 5293 5342 5390 5411 5408 5411 5413 5417 5417 5402 5412 5414 5418 5393 5347 5331 5342 5466 5477 5387 5381 5445 5444 5450 5555 5641 5589 5515 5451 5439 5552 5701 5827 5810 5762 5725
5150 5154 5147 5131 5129 5118 5109 5100 5098 5103 5098 5097 5097 5108 5128 5159 5144 5126 5130 5131 5110 5099 5089 5084 5082 5081 5078 5095 5110 5124 5141 5158 5176 5193 5218 5240 5268 5272 5271 5266 5264 5276 5265 5264 5266 5272 5281 5296 5314 5349 5379 5395 5405 5409 5411 5412 5403 5375 5363 5351 5340 5320 5306 5319 5315 5453 5442 5325 5333 5407 5461 5527 5592 5616 5594 5534 5530 5584 5663 5773 5801 5739 5621 5515
5150 5150 5145 5119 5107 5106 5096 5100 5104 5109 5099 5099 5115 5108 5099 5094 5120 5138 5122 5105 5099 5096 5090 5078 5070 5056 5061 5085 5101 5120 5138 5158 5178 5196 5217 5237 5270 5270 5276 5283 5288 5289 5287 5282 5278 5278 5286 5304 5333 5351 5367 5383 5403 5407 5407 5401 5405 5332 5315 5296 5280 5281 5329 5347 5367 5364 5366 5341 5323 5343 5442 5661 5639 5618 5610 5600 5609 5641 5739 5832 5848 5629 5401 5189
5130 5128 5121 5111 5100 5098 5091 5096 5103 5111 5107 5093 5089 5098 5087 5081 5088 5120 5110 5098 5075 5082 5083 5071 5065 5051 5050 5078 5095 5116 5136 5156 5177 5190 5213 5240 5275 5285 5295 5299 5304 5303 5305 5294 5283 5276 5279 5297 5321 5347 5382 5412 5414 5406 5401 5401 5409 5332 5294 5268 5248 5342 5396 5359 5351 5377 5332 5332 5328 5361 5459 5623 5642 5673 5669 5693 5758 5774 5763 5742 5664 5390 5110 4841
5116 5110 5107 5104 5100 5097 5089 5094 5098 5101 5099 5091 5083 5065 5083 5081 5082 5094 5098 5088 5069 5054 5057 5058 5057 5046 5048 5077 5095 5115 5136 5156 5177 5198 5215 5235 5272 5291 5305 5301 5308 5312 5312 5300 5282 5265 5255 5261 5285 5322 5369 5414 5406 5400 5399 5394 5429 5407 5334 5281 5243 5316 5366 5317 5295 5309 5272 5244 5307 5391 5499 5484 5590 5660 5633 5739 5903 5871 5628 5461 5300 5069 4814 4550
5106 5105 5105 5104 5108 5107 5101 5095 5094 5090 5083 5076 5070 5065 5059 5066 5067 5084 5088 5078 5066 5054 5044 5045 5052 5048 5047 5047 5096 5115 5136 5156 5176 5197 5207 5227 5264 5265 5271 5287 5310 5326 5326 5313 5282 5258 5232 5215 5233 5276 5318 5369 5367 5380 5399 5422 5416 5396 5388 5339 5287 5320 5325 5251 5191 5221 5258 5264 5319 5342 5319 5473 5578 5641 5620 5673 5605 5466 5278 5086 4915 4746 4561 4371
5102 5106 5105 5126 5131 5115 5105 5098 5091 5083 5067 5059 5051 5046 5040 5044 5059 5070 5068 5062 5054 5044 5046 5042 5039 5044 5052 5053 5100 5120 5139 5159 5178 5196 5205 5220 5251 5245 5242 5274 5306 5327 5329 5314 5281 5257 5228 5197 5205 5233 5251 5264 5297 5349 5399 5431 5435 5509 5487 5413 5358 5345 5315 5255 5229 5232 5282 5346 5378 5424 5492 5555 5628 5701 5856 5533 5183 5042 4866 4689 4573 4474 4352 4247
5098 5095 5095 5114 5134 5121 5108 5098 5088 5078 5061 5043 5037 5030 5028 5040 5046 5054 5055 5044 5031 5039 5044 5055 5058 5060 5062 5063 5106 5125 5142 5160 5178 5195 5200 5217 5247 5248 5259 5279 5306 5329 5334 5314 5286 5256 5231 5219 5203 5204 5197 5181 5232 5321 5396 5447 5441 5545 5493 5467 5434 5376 5333 5249 5302 5346 5307 5346 5446 5549 5653 5732 5670 5511 5407 5205 4854 4653 4512 4365 4310 4259 4175 4056
5086 5085 5083 5090 5094 5116 5106 5092 5081 5071 5058 5048 5034 5034 5045 5045 5044 5052 5047 5046 5046 5046 5055 5073 5080 5078 5074 5074 5118 5134 5151 5167 5182 5197 5202 5242 5247 5253 5279 5282 5301 5322 5329 5308 5280 5256 5229 5208 5199 5192 5182 5178 5228 5314 5395 5451 5477 5548 5547 5487 5428 5394 5305 5399 5357 5379 5427 5455 5505 5580 5704 5579 5303 5137 4968 4816 4543 4340 4300 4227 4180 4131 4071 4009
5069 5070 5073 5065 5066 5071 5080 5078 5074 5067 5065 5063 5053 5051 5053 5047 5047 5050 5055 5054 5062 5068 5071 5090 5100 5093 5088 5082 5124 5139 5154 5169 5183 5198 5206 5253 5251 5248 5242 5261 5292 5313 5321 5298 5270 5244 5223 5211 5196 5193 5193 5213 5255 5321 5401 5465 5482 5529 5562 5461 5405 5447 5556 5476 5351 5442 5594 5570 5501 5455 5395 5192 4910 4767 4607 4490 4299 4302 4277 4212 4121 4053 3996 3961
5063 5064 5063 5059 5049 5046 5055 5063 5067 5066 5065 5072 5072 5057 5046 5043 5043 5026 5041 5047 5048 5049 5060 5080 5093 5099 5098 5095 5132 5146 5160 5179 5191 5203 5212 5261 5254 5250 5259 5270 5286 5296 5292 5284 5262 5232 5199 5187 5190 5195 5207 5222 5255 5317 5386 5433 5397 5477 5442 5376 5349 5429 5513 5436 5459 5531 5636 5560 5423 5266 5072 4823 4582 4532 4475 4427 4331 4247 4196 4129 4048 3980 3921 3868
5057 5057 5055 5057 5050 5035 5041 5050 5058 5065 5055 5052 5069 5059 5041 5039 5050 5009 5035 5042 5048 5050 5065 5078 5102 5107 5112 5114 5146 5158 5171 5181 5191 5205 5214 5254 5255 5257 5264 5271 5278 5287 5290 5281 5263 5236 5195 5173 5199 5215 5223 5239 5265 5311 5355 5377 5472 5485 5480 5395 5326 5379 5426 5419 5513 5536 5533 5465 5308 5097 4839 4596 4512 4458 4444 4427 4300 4183 4058 4011 3957 3909 3862 3828
5046 5053 5045 5041 5040 5032 5033 5039 5046 5054 5043 5040 5042 5049 5028 5034 5041 5043 5043 5045 5045 5048 5065 5082 5099 5110 5116 5117 5152 5162 5174 5184 5192 5204 5217 5248 5250 5254 5257 5262 5274 5285 5286 5284 5274 5258 5244 5236 5230 5237 5248 5263 5276 5310 5338 5384 5455 5476 5544 5430 5316 5319 5340 5357 5354 5454 5498 5350 5170 4963 4740 4545 4472 4394 4365 4356 4186 4070 3940 3883 3873 3843 3809 3777
