real_craters/C172-300m.grd
DSAA
442 442
-66.0975 66.0975
-66.0975 66.0975
3467.4906784835 6021.680787307
[rows 180 to 209 of 442, columns 67 to 133 of 442]
5081.75 5080.58 5079.78 5121.85 5128.91 5134.03 5139.76 5146 5152.61 5158.47 5163.98 5169.96 5175.92 5182.02 5187.88 5193.66 5199.35 5204.93 5210 5209.77 5216.39 5249.71 5250.75 5250.97 5252.1 5250.2 5249.6 5249.21 5246.6 5240.77 5254.37 5266.74 5280.68 5290.79 5300.08 5309.38 5317.42 5324.24 5325.48 5318.66 5308.24 5297.36 5285.96 5274.29 5263.18 5254.24 5243.6 5233.95 5226.32 5220.28 5215.12 5210.47 5203.66 5197.11 5193.79 5194.36 5191.28 5190 5190.9 5193.73 5200.54 5213.63 5235.15 5250.85 5269.83 5296.24 5327.58
5086.44 5084.05 5080.85 5121.78 5128.8 5135.54 5140.26 5146.96 5152.76 5158.38 5164.38 5170.89 5176.68 5182.19 5188.38 5194.01 5199.56 5205.01 5209.65 5209.16 5216.61 5247.9 5249.72 5250.1 5251.88 5251.62 5247.66 5246.15 5242.29 5236.53 5249.95 5263.56 5274.45 5288.05 5296.47 5303.99 5310.53 5315.61 5316.65 5310.59 5301.61 5291.81 5281.3 5270.62 5259.22 5249.69 5239.04 5228.16 5220.91 5216.33 5216.3 5210.26 5201.34 5195.71 5194.16 5194.89 5193.99 5193.88 5195.38 5200.12 5206.94 5216.96 5229.12 5246.91 5271.52 5297.76 5328.15
5088.78 5087.57 5086.51 5126.36 5132.71 5139.2 5144.9 5151.24 5156.63 5162.41 5168.69 5174.27 5178.4 5183.98 5189.5 5195.01 5200.37 5205.64 5210.49 5211.56 5220.48 5250.5 5251.29 5250.92 5250.3 5250.47 5250.13 5248.73 5248.9 5250.27 5258.44 5266.66 5278.01 5286.08 5292.35 5298.6 5302.99 5305.66 5304.96 5300.61 5294.37 5286.26 5276.78 5266.79 5256.21 5243.59 5231.83 5221.74 5212.2 5206.28 5207.74 5202.73 5196.23 5192.15 5192.03 5195.76 5196.54 5197.64 5200.42 5204.99 5211.23 5219.47 5228.25 5245.15 5270.69 5298.01 5326.37
5095 5094.7 5094.11 5133.55 5135.81 5141.87 5148.88 5154.28 5159.64 5165.92 5171.29 5180.55 5184.89 5189.86 5194.96 5200.03 5204.96 5209.79 5213.53 5214.81 5226.24 5256.35 5254 5253.58 5249.52 5250.57 5250.75 5254.09 5258.05 5267.29 5270.84 5271.51 5278.48 5283.96 5289.05 5293.04 5295.76 5296.15 5291.82 5290.4 5287.71 5281.5 5273.33 5263.98 5253.55 5241.78 5228.24 5215.22 5201.79 5190.02 5184.41 5185.43 5187.91 5188.87 5191.06 5193.34 5195.78 5201.95 5206.03 5210.77 5216.7 5224.03 5233.21 5249.24 5271.66 5297.56 5322.31
5106.28 5106.6 5105.95 5143.39 5146.86 5150.29 5157.39 5162.21 5168.56 5173.59 5179.78 5184.05 5187.79 5192.74 5197.64 5202.47 5207.24 5211.19 5213.63 5214.5 5259.91 5259.37 5258.92 5255.51 5252.8 5253.97 5254.52 5257.33 5262.76 5269.61 5273.43 5273.91 5278.27 5282.7 5286.67 5288.97 5290.66 5290.77 5287.95 5286.82 5284.66 5279.42 5272.49 5263.68 5253.55 5241.4 5226.91 5211.37 5193.85 5174.84 5160.49 5170.68 5181.65 5189.33 5193.14 5197.45 5201.12 5205.06 5211.24 5216.4 5223.03 5230.05 5240.65 5255.73 5274.35 5297.22 5319.63
5112.63 5110.87 5111.37 5148.74 5148.53 5152.43 5158.4 5163.26 5169.29 5173.67 5177.73 5182.17 5185.38 5190.35 5195.31 5200.24 5205.13 5207.7 5211.18 5213.78 5256.28 5256.28 5256.37 5256.16 5254.05 5255.4 5257.43 5260.05 5263.58 5268.98 5273.29 5272.57 5275.6 5279.59 5283.99 5286.56 5288.21 5289.11 5289.42 5288.26 5284.29 5278.87 5271.93 5263.5 5254.05 5242.62 5229.18 5214.02 5195.68 5174.01 5158.02 5170.77 5184.01 5193.3 5199.67 5205.46 5208.82 5213.24 5219.07 5223.84 5229.8 5236.65 5246.89 5260.23 5276.51 5296.71 5316.63
5109.66 5109.91 5110.07 5143.8 5149.14 5157.35 5160.27 5166.56 5173.18 5176.3 5180.42 5184.79 5189.15 5193.86 5198.57 5203.27 5207.95 5206.07 5210.18 5213.29 5249.65 5252.19 5252.97 5253.86 5254.86 5256.16 5257.85 5259.62 5261.71 5263.47 5266.09 5267.86 5271.03 5277.9 5281.6 5284.99 5287.05 5288.11 5288.87 5287.87 5284.4 5279.45 5273.63 5266.13 5257.33 5247.79 5236.92 5222.8 5209.31 5193.79 5182.19 5188.34 5195.56 5202.4 5208.6 5215.18 5218.74 5223.41 5228.66 5232.56 5238.04 5244.2 5252.29 5262.08 5277.58 5295.38 5314.02
5114.66 5114.74 5114.9 5115.01 5153.74 5158.13 5161.06 5162.96 5171.28 5174.86 5178.53 5183.12 5186.65 5191.42 5196.21 5201.01 5206.65 5210.8 5212.38 5214.23 5247.1 5248.92 5250.18 5250.35 5252.04 5253.61 5257 5258.43 5258.73 5257.15 5253.49 5262.81 5268.33 5275.19 5279.2 5283.43 5286.11 5287.12 5287.15 5286.27 5284.31 5280.88 5276.22 5270.22 5263.12 5255.15 5246.56 5235.73 5229.36 5228.66 5224.18 5214.95 5213.21 5215.48 5219.27 5224.05 5228.33 5233.06 5239.71 5244.13 5250 5253.52 5260.43 5269.55 5281.74 5296.55 5313.09
5116.81 5117.15 5117.27 5117.51 5155.61 5160.21 5164.33 5170.29 5173.02 5176.53 5180.54 5184.54 5188.13 5192.8 5195.85 5200.63 5205.42 5207.25 5211.1 5214.74 5246.38 5247.68 5249.01 5249.41 5250.76 5252.39 5255.09 5255.96 5257.01 5256.89 5260.17 5263.23 5268.23 5273.48 5278.05 5282.67 5285.83 5287.02 5286.71 5285.32 5285.28 5283.79 5280.32 5275.61 5269.67 5263.29 5256.81 5248.82 5245.13 5247.27 5244.46 5235.42 5229.93 5229.88 5231.93 5235.47 5238.95 5243.5 5247.9 5252.2 5259.31 5264.5 5269.76 5274.5 5285.1 5298.95 5312.2
5114.7 5114.64 5114.59 5114.55 5151.5 5160.54 5166.28 5169.7 5172.09 5175.95 5181.19 5185.62 5190.13 5194.65 5198.6 5203.15 5207.76 5207.07 5211.69 5212.03 5243.44 5244.86 5246.33 5248.18 5249.89 5251.77 5253.3 5253.96 5254.41 5256.22 5262.91 5262.82 5266.2 5270.93 5275.93 5281.26 5285.7 5288 5289.01 5288.58 5289.31 5287.93 5284.91 5281.07 5276.39 5271.21 5266.14 5259.13 5254.58 5250.41 5248.82 5247.02 5244.16 5243.14 5244.79 5245.6 5248.33 5252.52 5256.13 5260.93 5266.81 5273 5279.42 5285.69 5294.72 5303.21 5312.23
5117.69 5117.64 5119.89 5120.11 5154.53 5163.69 5169.49 5171.41 5177.03 5180.7 5184.26 5190.36 5195.4 5200.6 5204.75 5208.47 5212.57 5216.63 5211.61 5210.35 5242.63 5241.53 5243.21 5246.37 5249.76 5251.47 5250.73 5251.39 5252.15 5252.59 5250.8 5255.56 5263.24 5269.29 5275.35 5280.57 5285.98 5289.75 5293.37 5297.33 5295.74 5293.37 5290.26 5286.76 5283.29 5279.22 5275.05 5270.8 5264.52 5258.39 5257.26 5257.26 5255.11 5253.83 5253.07 5255.34 5258.93 5261.37 5263.73 5268.7 5274.58 5281.46 5289.19 5299.87 5307.96 5308.02 5311.04
5123.02 5127.12 5127.84 5128.49 5162.63 5166.59 5176.7 5176.7 5179.36 5181.95 5186.93 5193.07 5198.46 5203.53 5207.08 5211.06 5214.91 5218.7 5215.54 5215.46 5248.01 5244.4 5245.65 5241.75 5244.81 5247.46 5249.75 5251.19 5251.31 5250.96 5249.01 5253.41 5262.37 5269.27 5275.61 5281.26 5286.4 5291.76 5295.97 5298.01 5298.42 5298 5295.78 5292.63 5289.36 5286.14 5282.98 5280.41 5276.82 5275.3 5271.29 5269.13 5266.75 5264.88 5264.37 5264.6 5265.28 5267.29 5269.82 5274.55 5280.04 5288.13 5296.24 5304.43 5308.42 5307.57 5306.93
5131.4 5134.63 5135.8 5136.83 5167.94 5174.25 5179.92 5181.04 5184.23 5188.5 5193.53 5196.5 5200.78 5204.38 5208.24 5211.15 5215.32 5220.45 5217.61 5223.92 5252.28 5244.85 5245.74 5246.73 5246.45 5247.41 5248.55 5249.51 5251.85 5253.79 5253.9 5258.18 5265.62 5270.87 5276.71 5282.24 5287.71 5293.32 5298.55 5299.54 5301.94 5303.2 5300.85 5297.83 5295.16 5292.68 5290.65 5287.24 5287.46 5288.08 5283.42 5280.58 5277.15 5273.56 5272.24 5272.03 5271.13 5273.88 5276.48 5279.67 5284.63 5291.22 5298.06 5305.46 5310.32 5303.15 5297.54
5134.41 5135.67 5138.29 5139.38 5167.69 5176.99 5177.81 5184.5 5187.07 5191.82 5199.5 5201.9 5205.81 5209.43 5212.55 5213.7 5217.25 5220.73 5214.03 5221.23 5246.42 5247.46 5247.82 5248.34 5248.86 5248.19 5248.31 5250.88 5254.86 5257.21 5262.63 5269.97 5270.19 5273.12 5277.88 5283.11 5288.55 5294.66 5301.99 5312.54 5317.54 5308.59 5303.77 5301.47 5299.72 5298.52 5297.63 5295.62 5294.02 5289.94 5290.74 5288.41 5284.11 5281.69 5279.82 5277.85 5278.75 5277.77 5280.03 5281.97 5285.11 5289.88 5294.43 5300.08 5303.31 5292.74 5282.63
5140.11 5141.54 5141.86 5145.26 5172.75 5182.24 5183.11 5186.74 5190.19 5195.72 5201.14 5204.72 5208.5 5207.7 5211.16 5212.12 5215.64 5218.15 5216.04 5225.28 5250.64 5251.32 5251.67 5252.2 5251.15 5252.56 5250.78 5254.05 5257.14 5259.51 5264.56 5270.06 5271.73 5275.12 5279.09 5283.63 5288.22 5293.51 5299.8 5308.23 5310.77 5306.28 5303.67 5302.91 5302.69 5303.22 5303.35 5303.58 5304.8 5303.48 5298.98 5295.49 5291.15 5287.91 5285.6 5282.21 5280.93 5282.54 5282.7 5283.09 5284.32 5285.24 5287.26 5287.28 5280.46 5275.25 5266.86
5154.08 5153.99 5151.3 5152.83 5154.53 5188.69 5187.2 5186.38 5185.13 5192.3 5196.17 5198.06 5201.3 5205.69 5209.15 5210.2 5213.76 5217.31 5218.49 5226.73 5252.73 5253.87 5254.24 5254.78 5247.62 5249.46 5254.77 5256.91 5259.38 5261.55 5263.77 5263.26 5271.25 5276.46 5280.11 5282.4 5285.77 5289.22 5292.62 5293.86 5292.92 5297.59 5300.73 5303.26 5304.77 5306.22 5307.29 5308.35 5310.73 5310.59 5305.93 5302.29 5298.4 5295.08 5290.68 5286.87 5283.9 5283.24 5281.54 5280.31 5279.59 5279.05 5278.45 5276.04 5274.98 5264.57 5250.87
5161.78 5166 5168.47 5157.03 5157.77 5188.48 5188.24 5181.96 5187.53 5193.71 5195.92 5196.86 5199.45 5202.92 5206.16 5209.67 5213.19 5216.72 5218.26 5225.31 5251.84 5253.29 5253.66 5254.23 5251.59 5252.9 5253.63 5255.8 5260.5 5264.4 5267.94 5268.77 5276.21 5278.67 5280.14 5281.34 5283.11 5285.06 5286.03 5285.04 5282.46 5291.95 5298.95 5303.89 5306.83 5309.31 5310.95 5311.95 5309.56 5309.06 5309.16 5307 5303.13 5299.3 5295.99 5291.7 5289.05 5285.8 5282.35 5279.43 5276.82 5274.11 5270.73 5264.16 5255.9 5244.99 5235.38
5156.98 5157.84 5158.47 5161.03 5161.47 5190.43 5188.45 5187.83 5193.62 5197.27 5200.4 5198.34 5201.12 5204.41 5207.72 5211.03 5214.35 5217.76 5220 5223.56 5246.84 5249.59 5249.99 5250.59 5253.48 5255.62 5254.96 5258.25 5261.13 5264.61 5273.74 5286.01 5285.48 5280.72 5278.24 5277.54 5278.89 5280.96 5282.84 5284.52 5287.19 5293.82 5299.84 5305.47 5309.95 5313.55 5316.35 5317 5310.74 5311.09 5313.33 5310.99 5308.36 5304.02 5300 5295.51 5290.88 5286.07 5280.81 5276.55 5272.44 5267.3 5262.59 5255.17 5242.4 5232.96 5229.11
5162.92 5161.38 5159.5 5155.19 5155.42 5185.28 5184.6 5192.25 5197.14 5200.64 5202.63 5205.59 5208.65 5211.98 5214.82 5218.4 5221.13 5223.81 5223.84 5221.6 5234.31 5247.5 5246.94 5247.47 5251.81 5254.18 5254.52 5256.55 5259.14 5263.59 5271.67 5283.19 5283.22 5276.94 5272.46 5271.8 5273.3 5276.56 5280.46 5286.01 5294.27 5298.22 5301.98 5307.56 5313.27 5319.3 5324.33 5328.05 5327.17 5324.58 5321.46 5318.09 5312.78 5306.84 5301.55 5295.56 5288.72 5283.5 5277.42 5271.81 5265.96 5261.4 5254.99 5250.83 5249.4 5248.91 5231.23
5160.02 5161.55 5160.59 5159.29 5158.53 5184.5 5183.08 5188.29 5194.17 5197.72 5200.85 5203.94 5207.5 5210.52 5214.64 5217.44 5220.18 5222.86 5227.38 5223 5237.81 5251.92 5248.52 5248.56 5248.74 5247.57 5248.98 5251.69 5253.78 5256.6 5261.88 5267.95 5268.32 5264.41 5262.64 5263.9 5267.13 5271.52 5277.17 5283.95 5291.83 5296.64 5301.75 5308.08 5315.13 5322.96 5331.2 5340.94 5350.84 5340.88 5330.51 5322.85 5316.11 5309.03 5302.37 5295.65 5289.22 5282.39 5275.12 5269.61 5262.4 5253.76 5247.82 5242.7 5242.47 5240.61 5223.07
5163.91 5161.74 5159.34 5155.99 5155.13 5187.25 5183.87 5192.66 5198.08 5200.98 5202.7 5206.64 5209.62 5214.63 5217.32 5219.94 5222.42 5224.85 5226.14 5225.98 5235.07 5255.92 5252.56 5251.69 5250.82 5244.6 5244.47 5244.47 5245.68 5246.24 5246.72 5245.2 5243.84 5246.46 5249.75 5254.27 5260.02 5266.17 5272.67 5279.15 5283.45 5289.61 5299.29 5307.34 5314.96 5324.03 5334 5344.81 5348.09 5344.44 5334.26 5324.89 5316.41 5308.27 5301.1 5293.58 5286.49 5279.65 5272.84 5264.74 5256.29 5247.06 5239.09 5229.51 5219.31 5205.5 5201.37
5175.3 5173.24 5170.56 5165.86 5163.61 5193.28 5187.9 5197.07 5200.85 5206.61 5209.42 5213.29 5212.87 5215.84 5218.44 5220.94 5223.33 5225.63 5226.51 5226.01 5231.81 5255.34 5251.46 5250.27 5248.9 5246.49 5244.69 5241 5238.61 5235.59 5231.69 5226.63 5224.15 5229.94 5237.08 5244.98 5253.02 5260.88 5268.48 5275.81 5283.79 5292.07 5297.19 5304.71 5313.09 5322.06 5333.31 5344.02 5351.52 5341.48 5331.57 5321.81 5312.91 5303.55 5294.96 5286.72 5278.33 5272.93 5264.36 5256.71 5248.61 5238.95 5228.19 5215.04 5199.72 5182.12 5182.14
5183.33 5181.35 5178.15 5176.85 5175.49 5174.75 5194 5203.31 5205.06 5205.51 5209.61 5210.01 5213.7 5216.48 5214.78 5217.42 5219.99 5222.11 5226.13 5229.22 5233.32 5259.52 5256.79 5254.94 5252.76 5248.32 5245.43 5241.86 5234.92 5228.85 5220.93 5214.38 5210.86 5217.19 5226.52 5237.09 5247.22 5257.02 5265.21 5272.74 5281.16 5288.92 5292.62 5299.87 5307.83 5316.11 5325.67 5331.77 5334.92 5331.68 5323.47 5314.76 5307.17 5298 5289.21 5280.87 5272.57 5264.41 5254.9 5246.21 5237.88 5229.48 5218.39 5205.27 5190.84 5177.68 5173.99
5189.4 5186.84 5187.68 5186.89 5186.34 5186.05 5204 5209.79 5211.75 5211.98 5216.05 5217.24 5220.45 5224.11 5223 5225.18 5219 5222.81 5226.57 5234.28 5239 5269.02 5264.69 5262.02 5258.94 5250.07 5246.25 5240.64 5233.4 5225.51 5215.87 5206.81 5204.87 5206.91 5220.42 5233.92 5245.43 5255.07 5263.37 5269.34 5273.37 5275.21 5285.1 5293.94 5301.68 5308.19 5314.63 5317.03 5318.13 5317.68 5313.93 5307.83 5300.42 5293.1 5283.81 5275.82 5268.07 5257.11 5247.99 5238.4 5229.8 5221.46 5209.99 5199.63 5189.81 5178.99 5173.84
5195.19 5194.65 5194.78 5194.67 5193.46 5193.36 5206.88 5213.92 5212.74 5214.47 5219.32 5219.06 5221.69 5224.04 5224.7 5226.84 5228.9 5223.23 5227.04 5236.17 5243.05 5273.46 5269.28 5266.23 5262.76 5252.76 5248.74 5242.85 5234.48 5228 5217.16 5203.74 5185.97 5201.02 5221.47 5236.52 5248.53 5257.79 5264.28 5268.97 5271.19 5273.37 5281.76 5290.76 5297.49 5301.7 5305.72 5301.72 5302.33 5306.06 5304.27 5299.14 5292.85 5286.13 5278.03 5269.14 5261.08 5252.44 5241.64 5231.46 5223.08 5213.89 5205.25 5197.67 5193.13 5190.71 5185.04
5199 5197.22 5199.46 5199.79 5197.49 5195.06 5212.27 5215.18 5213.12 5214.84 5218.1 5221.32 5222.32 5224.36 5225.47 5227.67 5229.8 5226.6 5227.71 5233.3 5243.86 5274.26 5271.71 5267.97 5264.74 5257.9 5253.68 5247.58 5242.15 5235.48 5226.65 5218.18 5210.09 5219.5 5235.23 5246.89 5256.51 5264.2 5269.98 5273.72 5275.59 5276.09 5284.1 5292.03 5296.78 5299.09 5301.79 5298.51 5296.92 5298.24 5296.22 5292.6 5287.53 5279.35 5271.62 5261.93 5252.98 5244.56 5236.93 5227.37 5218.37 5211.37 5201.66 5195.82 5193.04 5196.78 5193.98
5201.15 5202.55 5201.89 5199.98 5194.6 5194.25 5215.06 5212.47 5212.55 5214.57 5218.76 5222.12 5223.21 5225.66 5226.61 5228.91 5231.16 5227.96 5229.52 5234.01 5242.35 5242.01 5273.21 5267.42 5264.73 5261.77 5259.62 5256.83 5252.04 5247.83 5243.65 5242.76 5246.16 5252.69 5257.87 5262.88 5268.38 5273.2 5278.2 5282.64 5285.71 5287.62 5294.03 5298.8 5300.27 5300.33 5302.06 5300.84 5297.19 5294.33 5290.57 5285.1 5279.15 5273.2 5266.43 5257.96 5250.04 5242.69 5234.56 5225.58 5215.97 5207.67 5200.41 5192.87 5187.97 5185.95 5181.89
5200.35 5199.58 5200.52 5200.32 5196.47 5194.26 5210.88 5214.07 5216.96 5217.37 5221.69 5224.57 5226.13 5227.57 5230.03 5232.39 5234.69 5235.1 5232.64 5236.64 5239.74 5243.91 5273.46 5269.55 5267.25 5264.87 5266.17 5263.51 5261.83 5261.05 5262.2 5266.73 5278 5284.97 5280.6 5278.71 5280.04 5283.13 5287.73 5293.02 5299.44 5308.15 5311.29 5308.65 5306.13 5303.16 5302.41 5297.3 5294.9 5291.46 5286.41 5280.49 5274.27 5267.33 5260.95 5253.88 5245.63 5239.36 5231.18 5223.44 5213.07 5204.6 5197.01 5187.27 5180.72 5174.2 5172.92
5200.17 5199.58 5198.97 5199.32 5196.91 5196.49 5208.02 5214.32 5218.71 5224.64 5227.62 5229.05 5231.99 5234.77 5237.43 5239.86 5241.2 5239.87 5235.39 5239.42 5242.42 5246.94 5282.21 5277.32 5275.01 5272.77 5272.67 5271.56 5269.73 5271.88 5275.75 5283.42 5293.71 5299.56 5295.87 5290.67 5289.54 5291.28 5295.9 5302.55 5310.42 5319.29 5321.66 5316.96 5311.55 5306.38 5304.64 5300.77 5294.83 5289.82 5283.98 5278.01 5271.68 5263.48 5255.6 5247.16 5239.13 5230.55 5222.58 5213.5 5206.63 5199.14 5190.99 5183.55 5175.95 5169.06 5166.99
5195.37 5195.37 5197.24 5197.43 5197.15 5194.7 5207.97 5211.86 5217.61 5223.79 5227.07 5229.94 5234.28 5237.35 5238.97 5240.79 5243.29 5243.75 5238.31 5242.57 5245.64 5247.35 5290.04 5285.81 5283.57 5281.45 5277.3 5278.7 5276.24 5280.51 5284.33 5292.22 5302.29 5311.11 5303.29 5296.28 5294.81 5297.17 5302.26 5308.97 5316.95 5325.05 5327.94 5321.86 5314.97 5310.17 5304.57 5300.99 5293.41 5286.64 5279.99 5274.03 5268.82 5261.81 5254.41 5246.5 5238.92 5229.87 5221.63 5213.9 5203.98 5197.48 5190.67 5183.64 5176.09 5170.04 5163.83
