real_craters/C172-300m.grd
DSAA
442 442
-66.0975 66.0975
-66.0975 66.0975
3467.4906784835 6021.680787307
[rows 360 to 389 of 442, columns 201 to 267 of 442]
5132.51 5137.65 5139.26 5147.97 5168.46 5184.2 5195.08 5204.79 5214.46 5222.5 5229.55 5242.99 5259.71 5274.47 5282.94 5298.95 5302.59 5295.52 5276.64 5268.23 5266.03 5262.46 5254.71 5247.6 5237.61 5227.33 5218.28 5209.18 5197.86 5188.89 5180.4 5172.11 5162.74 5155.03 5147.35 5139.53 5130.74 5117.94 5101.04 5102.47 5107.67 5108.68 5107.96 5113.03 5120.2 5123.13 5121.8 5117.59 5114.25 5119.48 5140.89 5154.05 5158.31 5163.67 5170.37 5177.37 5182.86 5182.58 5180.9 5179.1 5177.66 5173.94 5169.82 5164.67 5156.73 5150.6 5151.72
5149.93 5163.72 5171.67 5181.05 5202.49 5212.94 5217.81 5221.67 5225.19 5225.31 5228.76 5242.21 5257.36 5272.39 5288.69 5298.36 5306.79 5304.7 5277.46 5264.03 5257.33 5252.39 5243.09 5235.73 5225.68 5215.1 5206.41 5196.32 5187.51 5177.02 5168.47 5159.96 5150.32 5142.34 5133.17 5122.81 5110.89 5095.22 5079.18 5078.87 5086.63 5091.56 5096.25 5102.24 5109.87 5114.16 5113.73 5110.33 5105.2 5104.4 5123.78 5144.57 5152.35 5158.64 5164.94 5171.54 5177.08 5175.47 5172.51 5169.72 5165.64 5162.67 5159.74 5154.55 5147.99 5146.21 5155.27
5182.95 5204.8 5227.81 5250.2 5250.87 5245.54 5240.25 5235.64 5232.09 5230.13 5230.73 5241.08 5254.6 5269.15 5284.28 5292.75 5300.01 5300.37 5280.5 5261.76 5250.02 5241.4 5231.91 5223.3 5213.35 5203.1 5193.17 5184.71 5174.68 5167.33 5157.52 5149.01 5140.3 5131.26 5123.35 5112.03 5098.85 5084.1 5070.82 5068.57 5075.34 5081.59 5090.07 5101.42 5109.48 5110.95 5109.54 5107.51 5107.03 5104.3 5115.82 5133.23 5144.09 5150.82 5156.04 5160.99 5165.21 5163.74 5162.06 5160.17 5156.87 5154.77 5153.13 5148.83 5143.84 5144.23 5160.93
5226.91 5246.93 5276.25 5304.01 5289.42 5272.17 5258.44 5246.64 5234.32 5226.78 5230.1 5239.62 5251.22 5262.47 5270.86 5278.13 5282.02 5277.98 5269.66 5254.11 5241.53 5230.85 5219.64 5212.7 5202.38 5194.28 5183.48 5175.5 5167.58 5157.69 5150.6 5142.21 5133.49 5124.57 5114.25 5104.07 5092.79 5081.13 5070.19 5067.54 5072.25 5076.53 5085.87 5101.76 5111.67 5110.55 5106.98 5104.67 5106.88 5118.04 5120.45 5129.85 5137.51 5142.23 5145.1 5146.64 5147.04 5147.58 5149.99 5151.98 5152.97 5152.83 5150.63 5146.65 5142.99 5144.11 5161.65
5260.41 5274.85 5294.86 5309.71 5301.02 5284.8 5269.27 5256.11 5243.94 5232.7 5232.55 5239.26 5248.9 5257.27 5262.42 5266.1 5265.05 5257.5 5249.05 5239.28 5228.62 5216.01 5207.61 5199.36 5189.38 5181.75 5173.38 5165.84 5158.01 5150.48 5142.85 5135.03 5127.45 5119.17 5110.04 5100.46 5090.93 5082.49 5075.83 5074.53 5075.88 5078.42 5086.99 5102.93 5115.54 5108.68 5104.51 5100.58 5098.02 5113.42 5119.53 5127.38 5131.86 5133.55 5133.91 5132.57 5127.19 5130.84 5138.48 5143.92 5149.77 5153.2 5149.34 5145.67 5143.98 5145.96 5157.42
5275.32 5287 5297.21 5303.21 5297.66 5285.64 5273.52 5262.54 5251.68 5235.64 5231.69 5239.84 5247.62 5254.73 5261.19 5262.12 5252.67 5240.21 5230.17 5222.62 5212.48 5200.96 5193 5184.73 5175.22 5168.36 5160.91 5153.22 5146.59 5139.73 5133.6 5126.41 5119.2 5111.09 5103.76 5096.73 5089.88 5084.89 5081.88 5082.27 5082.74 5085.53 5091.49 5098.22 5099.41 5104.12 5103.43 5100.61 5099.67 5111.83 5118.19 5126.13 5126.2 5124.94 5123.32 5122.31 5124.78 5127.96 5128.03 5133.36 5141.52 5148.96 5144.18 5142.45 5144.08 5148.69 5152.37
5287.25 5288.68 5290.26 5290.96 5286.17 5278.7 5271.48 5264.97 5257 5243.4 5237.11 5244.3 5247.74 5250.25 5253.18 5251.83 5239.52 5229.14 5217.37 5205.64 5194.73 5184.11 5175.19 5167.47 5158.1 5151.64 5145.11 5141.67 5135.12 5129.1 5123.11 5117.15 5111.15 5105.18 5099.4 5094.05 5088.97 5085.8 5084.87 5084.61 5089.19 5093.71 5097.68 5100.13 5099.73 5104.85 5105.98 5104.42 5103.45 5107.95 5115.66 5119.66 5118.03 5114.99 5112.32 5110.34 5110.06 5110.04 5113.23 5118.83 5125.19 5128.88 5131.58 5134.68 5139.64 5147.1 5145.74
5280.25 5278.15 5275.48 5271.58 5267.65 5265.76 5263.65 5262.47 5261.95 5254.18 5253.76 5251.71 5246.71 5241.45 5236.01 5228.42 5219.88 5211.47 5197.43 5187.93 5177.65 5166.71 5158.56 5150.81 5143.35 5137.06 5131.93 5128.1 5123.28 5118.04 5114.33 5109.28 5104.36 5099.66 5095.4 5090.37 5087.6 5086.78 5087.72 5089.84 5095.74 5101.46 5104.78 5107.26 5110.3 5111.69 5111.47 5109.82 5106.73 5108.39 5109.92 5109.66 5107.33 5104.01 5100.56 5096.75 5091.86 5089.3 5097.03 5103.76 5108.19 5109.46 5117.01 5123.96 5129.95 5133.65 5133.63
5256.3 5258.04 5257.25 5252.43 5248.8 5251.28 5252.09 5252.73 5254.3 5253.41 5248.1 5249.6 5241.87 5230.32 5216.66 5200.58 5196.47 5190.79 5178.57 5168.73 5158.93 5151.03 5141.71 5136.65 5129.25 5124.31 5119.44 5117.58 5113.01 5109.67 5105.53 5101.46 5099.35 5095.6 5090.64 5087.87 5086.92 5087.26 5090.55 5094.5 5100.86 5108.4 5109.8 5112.66 5117.28 5118.57 5116.52 5115.92 5115.66 5109.92 5102.77 5098.51 5096.2 5093.22 5089.85 5086.04 5081.74 5079.34 5086.42 5092.41 5096.3 5100.77 5106.22 5113.14 5119.78 5124.95 5126.45
5232.77 5238.88 5241.91 5240.82 5239.67 5238.64 5238.28 5240.14 5245.95 5249.2 5246.05 5248.35 5235.44 5219.07 5201.23 5185.09 5175.44 5166.38 5155.84 5147.6 5139.27 5133 5127.42 5122.9 5120.3 5116.4 5112.53 5109.67 5105.3 5101.77 5098.36 5095.17 5092.31 5088.97 5087.36 5086.71 5086.11 5087.64 5091.03 5094.2 5099.34 5104.67 5107.56 5110.97 5118.37 5118.64 5114.96 5116.54 5120.36 5107.58 5093.94 5090.8 5087.14 5082.87 5080.06 5078.4 5077.81 5078.19 5082.54 5085.03 5087.03 5089.73 5095.21 5102.71 5110.03 5115.68 5117.52
5227.95 5229.75 5230.38 5230.84 5230.35 5224.67 5221.1 5221.92 5229.31 5235.94 5240.63 5241.75 5225.61 5206.36 5186.6 5168.96 5156.83 5144.83 5132.96 5124.55 5118.13 5113.65 5111.1 5109.6 5106.87 5104.87 5103.19 5100.93 5098.48 5096.66 5094.39 5090.43 5089.43 5087.32 5086.11 5085.64 5084.74 5086.69 5089.66 5091.39 5094.72 5097.63 5099.38 5100.03 5101.07 5100.93 5102.2 5106.51 5111.36 5096.31 5084.45 5078.38 5073.81 5070.98 5069.71 5070.83 5074.87 5082.83 5081.45 5078.76 5078.13 5079.56 5084.62 5092.72 5100.96 5107.63 5110.31
5219.86 5220.12 5218.54 5216.45 5213.19 5206.32 5200.47 5198.16 5206.23 5215.55 5219.67 5224.88 5210.96 5190.87 5169.29 5150.92 5137.11 5126.27 5107.72 5101.35 5097.81 5095.89 5094.86 5093.6 5092.22 5090.63 5088.98 5089.93 5088.09 5086.27 5084.44 5085.71 5083.85 5082.74 5082.13 5082.58 5082.28 5084.56 5087.81 5091.68 5095.1 5092.8 5089.16 5084.87 5079.29 5076.22 5081.93 5087.06 5089.28 5085.48 5072.86 5064.9 5060.03 5057.16 5057.38 5060.01 5065.74 5074.33 5073.18 5069.53 5068.58 5069.25 5073.81 5083.73 5092.73 5099.87 5102.71
5209.56 5209.55 5205.86 5200.4 5193.49 5186.28 5180.03 5176.9 5188.72 5197.02 5199.2 5203.37 5194.42 5174.07 5149.55 5123.59 5105.95 5097.09 5087.17 5081.14 5077.84 5077.86 5078.49 5079.24 5081.15 5081.22 5080.52 5080.1 5078.77 5078.97 5077.8 5077.11 5076.97 5077.55 5076.95 5077.23 5078.39 5080.21 5083.44 5087.13 5089.99 5084.18 5077 5069.73 5062 5056.99 5061.56 5064.75 5064.41 5058.76 5057.11 5047.17 5040.6 5041.68 5042.95 5045.71 5049.73 5053.51 5055.1 5056.46 5058.46 5061.73 5067.99 5076.47 5085.06 5092.59 5097.59
5199.94 5198.83 5193.99 5185.64 5175.56 5168.4 5163.76 5161.75 5173.32 5179.4 5182.53 5193.7 5179.76 5158.32 5133.05 5105.15 5083.61 5074.12 5064.72 5060.79 5061.12 5064.07 5066.38 5068.07 5069.89 5072.14 5071.67 5072.38 5071.96 5070.55 5069.99 5070.11 5069.34 5069.2 5069.45 5069.97 5071.83 5073.28 5075.16 5075.6 5075.31 5070.53 5062.77 5055.16 5048.47 5044.56 5043.82 5043.41 5040.75 5032.82 5027.95 5026.24 5028.18 5026.16 5027.69 5030.13 5032.36 5033.99 5036.79 5042.38 5048.29 5054.48 5060.75 5070.07 5077.28 5083.54 5088.21
5191.86 5191.97 5184.43 5174.43 5162.38 5155.37 5152.9 5152.28 5157.95 5161.32 5161.9 5168.2 5161.43 5143.27 5122 5098.71 5077.18 5063.7 5049.91 5045.51 5049.75 5055.76 5059.29 5061.6 5063.36 5065.61 5066.09 5065.43 5065.21 5063.25 5062.93 5062.67 5062.13 5062.7 5062.65 5062.98 5064.41 5065.04 5065.12 5062.06 5058.51 5054.06 5047.02 5040.14 5034.3 5030.56 5026.62 5023.06 5017.57 5007.98 5002.89 5003.67 5005.14 5008.98 5012.54 5015.38 5017.07 5017.7 5020.23 5029.3 5038.13 5047.98 5059.74 5064.22 5068.73 5073.07 5075.17
5181.95 5182.24 5175.68 5167.68 5158.51 5152.34 5148.23 5144.82 5146.22 5145.9 5142.66 5142.78 5141.1 5128.98 5114.3 5099.05 5085.52 5067.23 5049.24 5041.56 5045.13 5050.53 5053.94 5056.01 5059.37 5060.37 5059.46 5059.44 5058.18 5057.03 5056.6 5056.8 5055.93 5055.9 5055.36 5055.37 5056.99 5056.07 5055.29 5049.89 5040.4 5036.56 5030.93 5024.58 5018.52 5013.28 5008.46 5004.18 4997.61 4987.24 4983.17 4985.41 4988.57 4994.62 5000.05 5003.39 5005.34 5007.03 5011.03 5018.46 5027.53 5038.1 5049.9 5054.44 5058.73 5063.59 5067.55
5169.43 5167.96 5166.65 5163.07 5158.77 5153.42 5146.73 5142.61 5139.02 5135.14 5130.21 5126.11 5122.32 5116.23 5107.26 5098.43 5092.39 5073.25 5055.71 5046.72 5047.24 5050.55 5052.54 5053.27 5053.79 5054.58 5052.75 5052.26 5051.41 5050.28 5050 5050.5 5050.09 5049.73 5049.33 5048.66 5047.98 5049.55 5047.19 5041 5031.09 5022.95 5016.76 5010.31 5003.28 4995.35 4991.2 4988.29 4982.49 4973.71 4970.21 4973.77 4979.81 4986.51 4991.57 4994.7 4996.75 4998.88 5002.29 5008.62 5016.39 5024.58 5031.97 5039.36 5047.25 5055 5062.45
5158.37 5159.44 5158.93 5158.3 5157.05 5152.85 5142.57 5135.76 5132.39 5126.54 5120.84 5115.06 5109.28 5106.25 5099.75 5092.16 5086.2 5074.51 5062.21 5055 5053.01 5053.18 5052.4 5050.24 5051.29 5050.14 5048.27 5047.14 5045.16 5045.79 5044.96 5043.66 5043.08 5042.56 5042.69 5042.01 5040.84 5041.81 5039.93 5035.68 5025.93 5012.88 5005.3 4998.49 4991.02 4983.24 4978.63 4976.77 4972.7 4967.28 4964.19 4966.95 4976.35 4983.33 4986.46 4988.69 4990.38 4991.94 4994.54 4999.73 5006.01 5011.7 5016.11 5024.5 5036.05 5046.86 5057.04
5147.98 5148.97 5150.34 5151.8 5152.41 5149.74 5135.57 5128.4 5125.08 5118.08 5111.11 5105.63 5105.26 5099.38 5091.91 5083.59 5074.43 5070.68 5066.36 5062.15 5060.27 5057.43 5053.56 5049.52 5047.16 5044.54 5041.83 5039.94 5038.13 5038.99 5037.91 5036.68 5035.94 5034.95 5034.5 5034.11 5033.19 5032.08 5032.05 5029.5 5019.38 5003.73 4996.18 4989.53 4982.36 4974.67 4969.62 4968.69 4965.86 4962.78 4961.18 4963.49 4973.32 4980.61 4982.65 4984.48 4985.98 4987.33 4988.9 4993.28 4998.15 5002.39 5006.55 5014.53 5026.84 5039.51 5051.74
5138.58 5140.89 5142.74 5143.09 5141.58 5137.07 5122.86 5119.76 5116.83 5108.48 5100.11 5095.23 5099.97 5090.9 5083.44 5076.65 5070.31 5067.91 5069.74 5072.82 5068.18 5060.46 5052.97 5047.28 5042.61 5038.5 5035.4 5033.87 5031.96 5030.42 5029.2 5027.81 5026.97 5026.24 5026.17 5025.34 5024.36 5022.91 5022.29 5018.8 5008.58 4995.36 4989.43 4983.46 4976.91 4970.2 4964.78 4960.84 4959.9 4958.95 4958.71 4961.85 4969.29 4975.2 4979.05 4981.48 4983.35 4985.09 4987.69 4990.33 4993.29 4996.44 5000.43 5007.75 5019.31 5032.68 5045.97
5129.43 5135.75 5137.39 5131.86 5125.48 5118.7 5108.13 5109.94 5106.85 5097.05 5087.14 5079.9 5079.21 5076.43 5072.23 5068.74 5063.85 5062.16 5068.45 5077.02 5071.56 5060.28 5050.82 5042.9 5036.89 5032.52 5029.25 5027.74 5024.64 5022.79 5020.96 5019.18 5018.59 5017.63 5016.75 5015.5 5014.58 5013.28 5011.7 5007.29 4999.67 4991.18 4985.86 4979.94 4973.95 4968.11 4962.81 4959.22 4957.65 4957.46 4958.67 4963.08 4967.99 4972.27 4976.99 4979.84 4981.94 4984.01 4986.58 4988.59 4990.54 4992.66 4995.41 5000.55 5012.92 5025.98 5038.95
5116.74 5124.09 5125.08 5116.74 5105.63 5094.48 5090.85 5100.32 5095.07 5083.58 5071.75 5062.27 5060.03 5058.55 5057.75 5057.6 5053.25 5051.02 5058.39 5067.26 5064.14 5053.56 5044.34 5036.44 5030.71 5025.64 5022.24 5018.91 5015.93 5013.81 5012.04 5010.91 5009.36 5008.19 5007.15 5006.36 5005.16 5003.68 5002.19 4999.87 4995.51 4991.53 4984.21 4977.64 4972.08 4967.47 4964.31 4959.94 4957.96 4958.08 4959.28 4964.03 4969.29 4975.62 4976.82 4979.26 4981.49 4983.57 4986.04 4987.83 4989.24 4991.02 4993.45 4998.52 5008.1 5019.48 5030.93
5099.13 5106.66 5110.5 5097.63 5085.15 5073.23 5073.52 5087.05 5080.49 5067.92 5054.65 5042.48 5037.54 5038.3 5040.42 5042.48 5038.65 5035.89 5041.26 5047.5 5046.84 5040.16 5033.24 5027.48 5022.49 5018.16 5014.62 5011.62 5008.04 5006.17 5004.18 5001.44 4999.53 4998.3 4997.62 4996.55 4995.24 4994.02 4992.91 4991.37 4989.65 4988.17 4980.98 4974.72 4969.81 4966 4962.79 4958.89 4959.1 4960.1 4962.43 4966.85 4969.93 4972.11 4976.05 4979.31 4981.79 4983.77 4985.46 4986.54 4989.08 4991.04 4993.25 4996.1 5004.55 5013.26 5021.87
5076.91 5080.08 5078.31 5072.53 5065.72 5061.24 5064.07 5070.45 5062.59 5050.48 5037.33 5024.58 5014.13 5017.49 5022.33 5023.89 5021.18 5017.7 5021.03 5024.32 5024.85 5022.61 5019.32 5015.62 5011.98 5008.64 5005.4 5002.76 4999.47 4997.14 4995.13 4993.27 4991 4989.46 4988.07 4986.82 4985.22 4984.41 4983.63 4981.97 4980.6 4978.4 4974.34 4970.27 4966.92 4964.27 4962.3 4960.81 4961.1 4962.87 4965.64 4967.98 4970.33 4972.84 4976.96 4980.28 4982.76 4984.93 4987 4989.04 4990.66 4992.22 4994.35 4998.55 5002.33 5007.36 5012.35
5052.54 5050.77 5048.41 5045.01 5045.06 5048.11 5052.55 5049.52 5042.53 5032.05 5020.55 5010.81 5006.33 5003.76 5006.71 5008.66 5004.78 5000.93 5001.22 5002.73 5003.85 5004.33 5004.07 5002.91 5001.25 4999.06 4997.13 4995.15 4992.3 4990.28 4988.28 4985.48 4983.02 4981.18 4979.41 4977.41 4976.11 4975.01 4974.74 4974.24 4971.37 4968.29 4966.29 4964.94 4963.62 4962.45 4961.28 4961.53 4963.28 4965.26 4967.95 4968.64 4971.43 4977.02 4980.07 4981.7 4983.88 4986.5 4989.4 4991.4 4993.08 4993.69 4994.73 4996.31 4998.95 5001.92 5004.22
5029.84 5024.23 5014.55 5017.09 5022.93 5028.74 5033.67 5029.28 5022.63 5013.41 5003.51 4994.29 4987.93 4988.82 4991.97 4993.41 4989.13 4983.69 4983.2 4983.69 4984.43 4986.95 4989.02 4989.92 4990.03 4989.51 4988.52 4986.83 4983.68 4981.84 4979.81 4977.73 4974.73 4972.56 4970.38 4967.97 4966.24 4964.81 4964.54 4964.22 4962.31 4960.04 4959.61 4960.3 4960.57 4961.02 4962.45 4964.49 4965.51 4966.74 4968.39 4970.49 4973.96 4978.45 4980.92 4981.92 4984.36 4987.65 4991.57 4996.26 4995.52 4994.58 4994.33 4994.72 4995.99 4997.44 4998.25
5011.57 5004.86 4998.45 4999.09 5003.21 5007.55 5013.74 5010.5 5004.23 4996 4986.63 4977.15 4967.89 4972.05 4977.04 4978.33 4974.47 4970.86 4968.92 4967.77 4967.52 4971.24 4975.41 4977.8 4978.52 4978.85 4977.99 4976.84 4976.23 4974.11 4972.18 4970 4966.75 4964.27 4961.67 4958.74 4956.34 4954.23 4953.16 4953.13 4953.9 4954.53 4955.7 4957.02 4957.96 4959.3 4962.6 4966.33 4967.52 4967.72 4967.76 4970.02 4973.92 4975.16 4976.92 4980.39 4984.07 4987.96 4991.94 4995.47 4995.17 4993.76 4993.11 4993.93 4994.41 4993.44 4993.56
4997.05 4991.85 4988.8 4987.23 4987.42 4989.73 4995.82 4993.85 4988.15 4979.84 4971.17 4963.87 4962.65 4968.03 4964.4 4961.39 4960.83 4958.8 4956.97 4955.65 4954.13 4959.54 4964.38 4967.19 4968.78 4969.49 4968.84 4968.28 4966.69 4964.92 4963.16 4961.1 4959.44 4956.2 4953.25 4950.12 4946.79 4943.8 4942.48 4943.61 4946.78 4950.84 4954.25 4955.08 4956.11 4957.12 4958.97 4968.19 4968.92 4968.66 4968.09 4968.9 4971.53 4972.4 4974.09 4978.87 4983.68 4987.63 4990.8 4992.7 4992.65 4991.35 4989.98 4989.65 4989.53 4987.91 4988.53
4986.1 4981.67 4976.79 4973.57 4974.46 4975.56 4978.35 4978.57 4972.91 4964.79 4956.35 4949.29 4946.58 4955.67 4954.25 4952.03 4949.05 4947.11 4946.33 4947.47 4951.63 4954 4955.91 4958.06 4959.44 4960.38 4960.68 4960 4958.97 4957.68 4955.58 4953.57 4951.21 4947.92 4944.97 4941.72 4938.02 4934.48 4931.51 4934.58 4940.94 4946.77 4950.63 4953.78 4955.28 4956.35 4957.96 4966.32 4968.9 4970.13 4970.68 4971.46 4970.98 4972.47 4973.32 4979.18 4984.15 4987.61 4989.8 4990.77 4990.17 4988.26 4985.42 4981.74 4978.55 4980.94 4983.65
4978.22 4974.56 4969.29 4965.54 4966.06 4964.96 4964.27 4964.35 4959.76 4951.98 4943.06 4933.76 4925.38 4927.07 4937.3 4939.41 4937.3 4935.54 4935.24 4939.23 4944.15 4946.77 4948.15 4949.81 4951.19 4952.2 4952.55 4952.47 4951.49 4950.61 4948.82 4946.98 4944.76 4941.67 4938.75 4935.5 4931.79 4928.26 4926.04 4930.03 4937.81 4945.31 4951.37 4954.19 4955.92 4957.7 4960.81 4964.15 4969.66 4972.6 4973.79 4974.15 4976.44 4977.83 4977.11 4983.01 4986.44 4988.57 4989.62 4989.4 4988.1 4986.07 4982.3 4976.9 4970.65 4976.6 4980.87
