real_craters/C172-750m.grd
DSAA
177 177
-66.0975 66.0975
-66.0975 66.0975
3532.7706767734 5967.3536684489
[rows 0 to 37 of 177, columns 0 to 83 of 177]
5152 5171 5178 5186 5192 5204 5219 5222 5216 5208 5187 5158 5157 5157 5160 5159 5159 5157 5153 5151 5152 5160 5156 5160 5166 5157 5154 5161 5162 5171 5175 5181 5190 5198 5202 5200 5199 5197 5197 5197 5198 5200 5200 5200 5197 5195 5192 5190 5188 5188 5191 5192 5194 5199 5209 5216 5221 5228 5232 5234 5235 5236 5236 5227 5220 5209 5203 5189 5189 5249 5260 5268 5279 5275 5264 5251 5253 5273 5278 5280 5277 5271 5265 5266
5139 5158 5166 5173 5181 5187 5207 5208 5189 5180 5167 5151 5148 5167 5167 5165 5161 5159 5161 5157 5150 5144 5158 5164 5163 5159 5157 5159 5165 5170 5175 5181 5188 5192 5199 5199 5199 5198 5197 5197 5197 5199 5199 5197 5194 5190 5186 5183 5181 5186 5188 5189 5192 5196 5206 5214 5220 5226 5229 5231 5233 5234 5233 5226 5203 5221 5212 5207 5216 5268 5275 5279 5292 5300 5284 5265 5261 5268 5272 5276 5274 5274 5272 5260
5127 5145 5154 5165 5170 5169 5176 5178 5167 5161 5157 5163 5158 5160 5163 5158 5158 5159 5159 5158 5155 5153 5159 5169 5169 5154 5144 5147 5155 5167 5169 5179 5189 5195 5197 5197 5196 5195 5194 5195 5195 5195 5195 5192 5189 5185 5182 5178 5179 5184 5186 5188 5191 5197 5206 5217 5222 5224 5226 5229 5229 5227 5226 5223 5224 5220 5221 5233 5252 5272 5272 5268 5269 5283 5286 5276 5270 5267 5265 5254 5272 5280 5273 5258
5119 5133 5144 5157 5175 5183 5180 5166 5153 5146 5146 5139 5152 5157 5157 5154 5155 5158 5163 5160 5158 5155 5150 5154 5157 5149 5128 5119 5147 5160 5168 5179 5188 5203 5196 5195 5194 5193 5192 5191 5190 5189 5187 5184 5183 5180 5177 5175 5172 5182 5184 5186 5190 5197 5203 5212 5217 5221 5225 5228 5230 5230 5231 5225 5212 5224 5228 5252 5280 5270 5263 5255 5248 5254 5273 5292 5280 5265 5269 5278 5276 5275 5271 5259
5117 5125 5140 5154 5167 5167 5154 5138 5131 5119 5131 5126 5128 5134 5139 5145 5149 5152 5154 5157 5160 5158 5150 5154 5156 5155 5154 5151 5154 5162 5170 5181 5191 5188 5193 5193 5192 5189 5187 5187 5185 5183 5180 5178 5177 5175 5174 5173 5173 5179 5181 5184 5186 5191 5195 5198 5211 5219 5224 5228 5232 5238 5241 5235 5224 5230 5238 5257 5272 5265 5257 5250 5244 5251 5261 5270 5274 5275 5274 5274 5272 5268 5265 5257
5125 5129 5154 5159 5155 5148 5140 5125 5121 5121 5133 5147 5129 5128 5133 5141 5144 5144 5145 5151 5154 5157 5158 5159 5159 5163 5167 5169 5166 5163 5175 5183 5190 5192 5194 5192 5189 5189 5186 5181 5179 5176 5174 5171 5171 5171 5171 5172 5174 5174 5177 5182 5184 5182 5190 5204 5209 5218 5225 5231 5236 5237 5237 5237 5240 5237 5239 5256 5267 5260 5257 5253 5249 5244 5251 5255 5267 5274 5274 5271 5269 5263 5255 5248
5132 5143 5158 5153 5143 5141 5137 5130 5121 5123 5135 5135 5137 5136 5130 5139 5142 5143 5146 5149 5152 5155 5158 5153 5160 5168 5178 5177 5176 5180 5180 5188 5192 5198 5196 5193 5192 5188 5185 5180 5176 5172 5169 5168 5166 5167 5169 5172 5172 5172 5180 5184 5186 5189 5194 5199 5210 5219 5228 5236 5243 5241 5237 5239 5241 5246 5243 5259 5274 5266 5263 5258 5252 5245 5248 5253 5259 5265 5270 5277 5278 5267 5254 5243
5134 5145 5150 5141 5133 5127 5125 5125 5123 5126 5136 5139 5137 5139 5143 5143 5143 5142 5143 5148 5152 5152 5150 5156 5161 5168 5174 5177 5178 5181 5188 5186 5183 5185 5193 5193 5190 5187 5183 5178 5173 5169 5164 5162 5162 5165 5169 5173 5179 5188 5188 5188 5191 5196 5202 5208 5215 5225 5235 5243 5252 5257 5251 5246 5241 5248 5250 5268 5279 5282 5273 5264 5255 5249 5251 5255 5257 5257 5268 5293 5302 5275 5248 5238
5133 5136 5142 5133 5131 5122 5121 5126 5129 5126 5135 5142 5140 5142 5147 5148 5148 5148 5149 5151 5155 5156 5161 5165 5164 5165 5166 5172 5176 5178 5179 5182 5185 5189 5195 5194 5192 5188 5184 5178 5172 5165 5158 5156 5156 5163 5170 5177 5182 5183 5186 5189 5194 5201 5207 5212 5218 5228 5239 5252 5265 5281 5305 5252 5249 5250 5250 5285 5325 5275 5284 5275 5265 5257 5254 5255 5258 5265 5279 5288 5290 5282 5275 5252
5124 5134 5123 5128 5130 5128 5128 5133 5138 5130 5134 5141 5139 5152 5150 5152 5151 5152 5152 5153 5155 5157 5159 5163 5164 5164 5166 5168 5171 5175 5177 5182 5184 5190 5196 5197 5194 5190 5185 5178 5172 5165 5156 5146 5152 5165 5174 5181 5186 5189 5187 5187 5193 5201 5209 5208 5218 5229 5241 5254 5267 5279 5269 5209 5223 5251 5253 5287 5309 5297 5286 5281 5270 5259 5254 5253 5256 5263 5269 5269 5267 5275 5290 5298
5118 5127 5128 5132 5132 5132 5135 5139 5139 5136 5140 5143 5152 5159 5150 5152 5153 5153 5152 5153 5156 5160 5161 5161 5161 5162 5165 5164 5166 5168 5178 5181 5171 5187 5197 5195 5191 5187 5183 5178 5175 5169 5161 5154 5161 5173 5180 5185 5189 5189 5183 5180 5187 5196 5204 5205 5217 5230 5242 5254 5264 5266 5248 5184 5191 5246 5260 5279 5290 5281 5281 5284 5272 5261 5251 5250 5253 5256 5256 5253 5249 5258 5269 5277
5119 5119 5124 5133 5136 5141 5140 5139 5143 5139 5141 5142 5149 5152 5155 5159 5155 5152 5151 5150 5152 5160 5163 5160 5158 5155 5155 5159 5161 5164 5176 5184 5180 5187 5197 5194 5191 5186 5183 5180 5177 5176 5176 5180 5184 5186 5188 5191 5192 5184 5150 5173 5186 5194 5197 5204 5215 5227 5240 5250 5257 5258 5251 5225 5195 5229 5253 5269 5278 5278 5275 5278 5277 5265 5253 5251 5250 5249 5249 5241 5240 5243 5249 5249
5111 5117 5118 5114 5132 5141 5146 5148 5140 5137 5143 5147 5151 5160 5158 5161 5159 5157 5154 5151 5150 5153 5154 5156 5155 5154 5154 5157 5160 5164 5168 5171 5176 5185 5190 5189 5186 5183 5182 5180 5180 5181 5185 5194 5199 5193 5192 5195 5197 5199 5193 5186 5192 5199 5204 5207 5213 5220 5227 5234 5240 5249 5251 5247 5235 5241 5265 5282 5284 5276 5275 5272 5272 5268 5266 5255 5248 5241 5237 5230 5228 5231 5235 5234
5109 5111 5112 5111 5124 5148 5145 5146 5162 5144 5147 5153 5153 5160 5165 5163 5161 5160 5158 5156 5154 5153 5158 5155 5153 5153 5154 5156 5160 5165 5170 5171 5181 5181 5182 5180 5179 5179 5179 5180 5180 5182 5186 5187 5189 5191 5193 5197 5202 5207 5202 5197 5197 5203 5207 5212 5219 5226 5231 5234 5239 5243 5244 5244 5246 5263 5292 5311 5293 5277 5270 5267 5264 5270 5270 5258 5246 5236 5226 5221 5219 5221 5225 5225
5108 5110 5114 5120 5124 5149 5141 5125 5137 5154 5143 5154 5159 5159 5160 5161 5161 5160 5158 5157 5155 5156 5156 5154 5151 5149 5152 5157 5161 5168 5178 5183 5181 5176 5157 5169 5172 5173 5175 5177 5178 5179 5181 5178 5178 5185 5190 5195 5199 5200 5201 5196 5195 5203 5215 5218 5231 5236 5240 5239 5240 5239 5239 5228 5242 5265 5288 5301 5285 5272 5270 5273 5270 5268 5267 5254 5242 5232 5221 5215 5216 5217 5218 5217
5105 5106 5097 5116 5126 5138 5143 5140 5179 5153 5158 5162 5164 5162 5162 5165 5165 5161 5157 5152 5151 5153 5157 5154 5149 5147 5150 5158 5166 5173 5182 5192 5185 5177 5172 5168 5168 5170 5172 5174 5176 5178 5178 5176 5174 5180 5186 5191 5193 5191 5185 5179 5185 5199 5217 5241 5248 5247 5245 5242 5239 5233 5223 5197 5234 5253 5267 5270 5270 5267 5271 5268 5261 5253 5248 5244 5236 5229 5223 5219 5215 5214 5214 5215
5102 5108 5100 5099 5110 5139 5152 5155 5163 5158 5166 5183 5187 5184 5178 5174 5166 5162 5157 5154 5151 5151 5154 5154 5151 5147 5152 5159 5170 5176 5181 5186 5185 5178 5169 5166 5165 5166 5168 5170 5172 5176 5176 5176 5176 5181 5185 5188 5191 5190 5178 5156 5177 5196 5230 5269 5263 5255 5248 5241 5236 5231 5226 5214 5228 5245 5252 5250 5254 5260 5264 5256 5246 5240 5236 5234 5230 5225 5221 5217 5213 5211 5210 5209
5102 5104 5088 5090 5111 5132 5145 5146 5150 5156 5167 5196 5194 5191 5202 5186 5176 5165 5158 5154 5152 5153 5155 5155 5155 5158 5157 5159 5158 5175 5188 5194 5188 5178 5169 5163 5162 5162 5166 5168 5171 5173 5174 5176 5178 5180 5182 5184 5185 5188 5187 5175 5180 5194 5225 5261 5261 5254 5247 5240 5232 5224 5217 5211 5225 5248 5246 5243 5248 5250 5251 5245 5238 5237 5232 5228 5224 5221 5217 5213 5211 5209 5208 5207
5096 5097 5097 5095 5093 5114 5129 5141 5153 5171 5195 5200 5195 5183 5185 5180 5177 5164 5158 5154 5153 5152 5153 5154 5155 5156 5157 5160 5164 5178 5195 5199 5187 5177 5168 5163 5160 5161 5161 5167 5169 5170 5171 5174 5177 5178 5180 5181 5185 5180 5164 5180 5185 5198 5219 5242 5246 5244 5240 5235 5228 5218 5206 5208 5216 5233 5235 5239 5242 5241 5237 5233 5230 5229 5226 5222 5219 5216 5214 5214 5207 5204 5203 5205
5089 5095 5096 5097 5097 5113 5131 5141 5158 5189 5194 5204 5195 5187 5188 5179 5168 5161 5157 5153 5152 5152 5153 5155 5156 5156 5156 5160 5172 5177 5187 5183 5182 5175 5165 5157 5157 5158 5161 5162 5166 5167 5168 5169 5171 5171 5175 5181 5183 5180 5172 5169 5183 5204 5216 5222 5229 5232 5232 5232 5230 5225 5213 5204 5205 5220 5224 5227 5233 5233 5230 5232 5225 5220 5219 5218 5216 5212 5207 5202 5199 5199 5198 5197
5074 5080 5085 5092 5102 5109 5119 5133 5156 5183 5196 5193 5194 5194 5184 5177 5163 5157 5156 5154 5150 5153 5154 5157 5161 5160 5155 5153 5156 5170 5182 5187 5185 5178 5169 5158 5160 5159 5158 5160 5164 5165 5165 5165 5162 5161 5171 5178 5184 5187 5179 5183 5172 5195 5209 5212 5216 5220 5223 5224 5228 5238 5248 5211 5210 5237 5234 5226 5219 5216 5231 5232 5223 5216 5215 5215 5214 5210 5203 5191 5193 5197 5196 5194
5064 5070 5074 5071 5081 5096 5114 5113 5138 5160 5179 5195 5192 5184 5186 5176 5164 5156 5154 5151 5146 5146 5152 5157 5163 5160 5152 5146 5148 5163 5178 5192 5189 5179 5172 5174 5161 5156 5155 5155 5160 5160 5160 5160 5158 5163 5166 5175 5184 5194 5205 5097 5111 5191 5204 5202 5205 5209 5211 5214 5220 5229 5234 5247 5253 5264 5255 5235 5209 5160 5160 5234 5226 5216 5214 5214 5214 5213 5210 5205 5204 5198 5199 5203
5062 5063 5057 5051 5065 5083 5103 5116 5136 5161 5174 5175 5181 5180 5177 5185 5173 5160 5153 5149 5148 5149 5154 5158 5159 5156 5150 5145 5148 5160 5172 5178 5181 5177 5168 5153 5152 5152 5153 5153 5156 5156 5156 5155 5153 5151 5161 5169 5179 5187 5190 5157 5146 5176 5188 5190 5193 5199 5203 5205 5209 5213 5216 5232 5272 5268 5258 5237 5206 5190 5205 5226 5221 5215 5215 5215 5215 5217 5222 5230 5229 5213 5204 5202
5051 5055 5054 5049 5064 5079 5093 5112 5140 5160 5182 5185 5184 5182 5175 5172 5168 5164 5156 5152 5150 5161 5161 5161 5156 5155 5150 5146 5150 5159 5164 5174 5181 5174 5166 5157 5152 5151 5151 5151 5151 5152 5152 5151 5151 5155 5156 5161 5166 5169 5163 5156 5159 5161 5175 5181 5186 5192 5196 5198 5199 5200 5206 5219 5239 5247 5239 5229 5218 5208 5218 5217 5219 5219 5216 5215 5217 5221 5227 5236 5236 5224 5214 5198
5052 5050 5049 5052 5060 5072 5084 5103 5136 5167 5169 5188 5191 5185 5175 5164 5166 5164 5164 5160 5164 5171 5170 5169 5174 5161 5154 5152 5155 5165 5171 5182 5174 5176 5167 5157 5150 5147 5146 5149 5151 5149 5148 5146 5145 5142 5147 5152 5158 5158 5150 5142 5143 5161 5170 5180 5188 5191 5191 5190 5188 5188 5194 5202 5210 5218 5219 5219 5222 5217 5220 5224 5217 5215 5214 5215 5217 5221 5224 5226 5224 5212 5199 5196
5044 5044 5044 5058 5057 5073 5078 5087 5122 5145 5165 5179 5184 5181 5175 5175 5173 5169 5162 5166 5174 5179 5173 5171 5166 5164 5158 5152 5158 5167 5190 5191 5198 5183 5169 5156 5147 5147 5146 5145 5144 5147 5144 5141 5139 5139 5139 5137 5138 5139 5141 5138 5139 5159 5169 5180 5188 5190 5188 5184 5180 5175 5182 5185 5185 5190 5196 5209 5218 5228 5219 5203 5201 5205 5209 5212 5213 5214 5214 5210 5203 5192 5178 5191
5044 5042 5042 5048 5060 5069 5079 5088 5117 5125 5155 5172 5174 5169 5166 5176 5176 5177 5171 5165 5164 5167 5168 5169 5169 5165 5163 5159 5162 5162 5162 5179 5180 5179 5172 5159 5148 5148 5147 5145 5143 5145 5142 5137 5131 5123 5118 5128 5135 5138 5140 5141 5137 5154 5170 5183 5188 5194 5189 5181 5175 5182 5180 5180 5176 5181 5193 5203 5215 5220 5215 5201 5198 5199 5206 5211 5214 5214 5211 5201 5185 5189 5188 5194
5040 5035 5038 5048 5070 5080 5089 5090 5101 5119 5131 5145 5149 5151 5154 5162 5160 5165 5167 5160 5158 5159 5162 5161 5161 5164 5167 5171 5166 5166 5170 5180 5181 5187 5181 5169 5157 5152 5147 5149 5146 5145 5141 5136 5129 5116 5116 5128 5134 5137 5139 5139 5143 5154 5171 5188 5207 5201 5189 5179 5170 5182 5182 5178 5175 5183 5191 5199 5205 5208 5211 5212 5204 5203 5208 5213 5216 5217 5215 5210 5203 5214 5228 5215
5017 5025 5039 5060 5072 5086 5086 5091 5108 5125 5131 5135 5126 5136 5146 5147 5147 5148 5153 5149 5159 5162 5160 5157 5159 5163 5164 5163 5164 5168 5175 5194 5215 5212 5194 5179 5168 5154 5148 5144 5142 5148 5145 5141 5137 5142 5148 5138 5139 5141 5144 5148 5149 5159 5171 5184 5195 5193 5183 5174 5169 5175 5173 5174 5174 5181 5192 5198 5200 5205 5215 5213 5210 5209 5210 5214 5218 5223 5225 5227 5229 5230 5235 5230
5004 5017 5033 5053 5066 5070 5084 5088 5090 5105 5104 5103 5110 5128 5138 5143 5147 5141 5144 5144 5152 5157 5159 5157 5161 5166 5166 5159 5154 5167 5192 5202 5218 5220 5203 5181 5161 5151 5148 5147 5147 5147 5152 5150 5148 5147 5146 5147 5150 5152 5153 5152 5156 5162 5168 5174 5177 5176 5175 5170 5169 5168 5173 5177 5182 5189 5201 5200 5200 5208 5212 5212 5212 5215 5218 5221 5225 5230 5236 5243 5252 5246 5240 5239
5007 5017 5033 5048 5059 5069 5087 5090 5080 5084 5097 5104 5115 5129 5141 5147 5139 5139 5141 5141 5144 5155 5162 5168 5172 5176 5175 5159 5133 5119 5163 5193 5214 5218 5211 5187 5160 5147 5147 5148 5152 5160 5160 5159 5158 5157 5156 5162 5168 5174 5174 5168 5163 5160 5165 5169 5170 5169 5168 5165 5162 5168 5181 5184 5199 5224 5210 5204 5201 5202 5194 5202 5213 5219 5224 5229 5235 5242 5249 5259 5270 5268 5248 5229
5011 5015 5036 5049 5057 5060 5062 5077 5075 5080 5093 5065 5105 5131 5133 5143 5143 5143 5142 5142 5147 5157 5166 5183 5179 5180 5182 5161 5119 5082 5129 5189 5224 5237 5226 5197 5165 5149 5149 5153 5157 5159 5170 5171 5171 5171 5172 5181 5191 5199 5206 5205 5201 5165 5167 5169 5169 5168 5162 5159 5161 5163 5164 5184 5204 5219 5213 5214 5219 5216 5198 5195 5209 5216 5223 5231 5241 5250 5259 5269 5278 5276 5239 5203
5023 5041 5044 5054 5066 5068 5065 5075 5076 5081 5081 5089 5117 5140 5146 5165 5128 5137 5150 5156 5159 5161 5161 5163 5173 5179 5181 5168 5143 5121 5166 5205 5243 5280 5244 5208 5174 5160 5157 5157 5163 5178 5180 5183 5186 5189 5190 5200 5214 5226 5237 5244 5213 5185 5181 5175 5167 5158 5157 5156 5157 5163 5166 5183 5200 5211 5217 5220 5220 5210 5200 5199 5206 5215 5224 5233 5245 5254 5264 5272 5279 5271 5254 5252
5034 5045 5052 5055 5063 5072 5075 5079 5080 5085 5076 5086 5116 5144 5164 5191 5145 5144 5147 5162 5173 5166 5158 5152 5168 5179 5178 5182 5190 5215 5208 5218 5243 5270 5241 5210 5187 5178 5171 5168 5168 5173 5191 5197 5203 5205 5214 5227 5239 5250 5262 5273 5262 5232 5208 5189 5173 5165 5158 5160 5159 5158 5166 5183 5201 5216 5222 5214 5203 5199 5205 5203 5204 5214 5227 5239 5248 5260 5266 5271 5278 5285 5255 5218
5038 5051 5045 5056 5059 5058 5078 5080 5084 5081 5082 5085 5108 5138 5146 5161 5161 5143 5163 5172 5175 5167 5161 5162 5169 5181 5195 5190 5189 5196 5205 5211 5219 5217 5209 5200 5190 5184 5182 5181 5181 5187 5200 5206 5215 5221 5242 5255 5257 5267 5280 5287 5276 5256 5229 5204 5183 5165 5167 5169 5164 5158 5169 5190 5209 5223 5225 5207 5192 5195 5209 5210 5216 5225 5234 5241 5250 5256 5262 5266 5270 5263 5259 5263
5045 5053 5062 5068 5074 5086 5084 5088 5077 5081 5087 5087 5101 5117 5124 5140 5146 5153 5133 5151 5162 5160 5157 5160 5170 5182 5191 5187 5178 5175 5188 5195 5193 5184 5184 5189 5190 5189 5191 5193 5196 5201 5207 5214 5221 5225 5240 5248 5257 5273 5287 5291 5269 5259 5233 5212 5195 5187 5186 5192 5172 5164 5175 5201 5226 5229 5223 5218 5206 5206 5202 5188 5202 5230 5243 5248 5251 5254 5257 5261 5262 5262 5272 5277
5057 5066 5081 5082 5085 5087 5088 5090 5090 5095 5097 5100 5101 5113 5133 5139 5140 5151 5147 5142 5152 5157 5153 5157 5169 5180 5188 5188 5180 5176 5179 5182 5180 5174 5175 5183 5190 5196 5196 5199 5203 5208 5213 5219 5225 5221 5217 5212 5252 5275 5292 5299 5268 5238 5228 5217 5207 5200 5206 5214 5193 5165 5181 5210 5242 5234 5220 5224 5210 5223 5209 5196 5220 5256 5252 5254 5257 5261 5264 5265 5269 5276 5283 5294
5070 5080 5088 5092 5094 5099 5098 5104 5104 5104 5108 5102 5110 5143 5172 5197 5198 5204 5183 5191 5176 5164 5157 5158 5168 5179 5190 5198 5192 5180 5179 5179 5176 5174 5176 5184 5188 5189 5195 5202 5208 5213 5218 5222 5227 5223 5231 5257 5258 5275 5292 5300 5270 5241 5229 5220 5216 5218 5225 5231 5219 5181 5194 5217 5232 5229 5221 5222 5232 5222 5201 5195 5220 5240 5251 5258 5262 5265 5269 5272 5268 5283 5307 5314
