real_craters/C172-750m.grd
DSAA
177 177
-66.0975 66.0975
-66.0975 66.0975
3532.7706767734 5967.3536684489
[rows 38 to 75 of 177, columns 84 to 167 of 177]
5328 5326 5319 5326 5336 5321 5306 5331 5340 5321 5341 5347 5344 5341 5343 5348 5367 5383 5368 5363 5350 5333 5318 5302 5286 5285 5291 5293 5309 5323 5344 5359 5354 5358 5367 5379 5410 5436 5447 5449 5438 5427 5419 5403 5390 5383 5383 5403 5417 5428 5477 5546 5625 5704 5755 5773 5703 5503 5189 4878 4616 4525 4358 4067 4083 4146 4218 4292 4364 4389 4421 4446 4436 4405 4412 4587 4985 5377 5600 5461 5404 5401 5475 5528
5343 5329 5322 5319 5339 5327 5311 5336 5337 5367 5377 5372 5365 5359 5365 5379 5395 5415 5417 5399 5373 5354 5337 5322 5311 5302 5301 5309 5311 5319 5333 5350 5357 5369 5384 5402 5423 5446 5468 5468 5442 5429 5431 5415 5401 5391 5384 5393 5410 5422 5483 5572 5661 5753 5824 5853 5787 5544 5212 4822 4509 4329 4235 4018 4039 4103 4186 4275 4351 4369 4379 4379 4370 4337 4353 4513 4858 5299 5712 5644 5517 5419 5425 5443
5314 5317 5323 5312 5329 5320 5322 5341 5347 5418 5402 5390 5387 5386 5394 5401 5420 5444 5465 5413 5389 5369 5353 5342 5334 5320 5300 5303 5307 5306 5302 5323 5352 5377 5402 5428 5451 5462 5479 5478 5452 5438 5432 5424 5412 5400 5393 5400 5416 5429 5503 5597 5701 5802 5882 5924 5900 5572 5141 4725 4355 4171 4157 4008 4039 4097 4166 4251 4320 4343 4343 4334 4305 4270 4294 4436 4750 5189 5695 5855 5698 5568 5545 5555
5277 5306 5332 5350 5349 5326 5328 5329 5368 5398 5395 5400 5402 5408 5404 5410 5424 5432 5440 5427 5398 5378 5364 5356 5355 5344 5308 5305 5307 5302 5285 5316 5357 5388 5417 5446 5475 5481 5475 5469 5467 5469 5454 5436 5423 5413 5404 5405 5419 5448 5524 5624 5735 5833 5910 5934 5831 5462 5023 4631 4284 4097 4067 4028 4055 4102 4173 4241 4299 4322 4311 4280 4249 4213 4232 4344 4623 5050 5520 5903 5819 5669 5656 5707
5294 5316 5354 5374 5349 5349 5355 5367 5377 5395 5395 5403 5406 5402 5406 5408 5405 5398 5402 5403 5392 5376 5365 5356 5350 5340 5333 5317 5319 5328 5322 5346 5377 5405 5430 5449 5459 5472 5449 5445 5452 5451 5447 5438 5431 5427 5423 5424 5423 5441 5540 5649 5754 5854 5925 5932 5807 5384 4958 4573 4241 4074 4035 4037 4057 4107 4173 4236 4279 4287 4282 4288 4250 4197 4196 4270 4510 4940 5445 5908 5843 5670 5615 5668
5291 5315 5363 5381 5351 5362 5371 5365 5353 5370 5402 5412 5412 5418 5411 5407 5402 5395 5383 5390 5373 5364 5357 5350 5338 5326 5326 5321 5347 5378 5401 5395 5404 5420 5437 5450 5456 5452 5428 5422 5427 5427 5430 5435 5438 5442 5447 5449 5432 5459 5556 5663 5777 5876 5944 5951 5815 5416 4986 4565 4206 4064 4060 4024 4055 4112 4177 4243 4300 4262 4249 4244 4245 4212 4180 4207 4396 4822 5290 5784 5792 5616 5528 5564
5311 5332 5354 5382 5387 5371 5385 5361 5356 5379 5437 5437 5421 5410 5413 5412 5408 5401 5380 5356 5351 5350 5349 5346 5336 5330 5329 5379 5411 5426 5443 5428 5426 5432 5441 5450 5459 5454 5403 5404 5413 5420 5423 5432 5441 5452 5461 5461 5454 5482 5575 5681 5785 5884 5950 5960 5833 5544 5072 4590 4202 4057 4051 4029 4053 4112 4175 4236 4298 4282 4228 4190 4194 4197 4157 4158 4307 4696 5170 5672 5719 5593 5527 5596
5335 5355 5362 5400 5418 5447 5423 5388 5413 5475 5491 5465 5441 5421 5423 5418 5410 5397 5372 5343 5338 5345 5352 5356 5354 5350 5389 5423 5439 5439 5439 5435 5432 5433 5438 5449 5457 5425 5401 5394 5401 5414 5419 5430 5445 5461 5477 5495 5476 5494 5590 5694 5794 5883 5947 5954 5827 5543 5094 4606 4219 4060 4027 4028 4058 4111 4159 4202 4232 4238 4211 4174 4141 4168 4123 4111 4218 4564 4991 5494 5632 5560 5508 5638
5353 5381 5408 5485 5475 5467 5468 5439 5441 5498 5474 5483 5495 5486 5441 5423 5410 5403 5380 5344 5336 5348 5359 5372 5387 5416 5438 5442 5440 5430 5423 5420 5420 5424 5429 5437 5441 5413 5386 5382 5383 5393 5407 5422 5440 5460 5480 5492 5487 5519 5598 5689 5784 5873 5937 5949 5823 5541 5092 4603 4213 4055 4001 4018 4071 4107 4138 4161 4175 4182 4178 4178 4154 4128 4088 4065 4142 4433 4851 5310 5554 5563 5489 5610
5370 5392 5479 5549 5607 5534 5469 5459 5446 5475 5479 5487 5488 5465 5441 5424 5411 5405 5403 5370 5360 5363 5372 5388 5411 5438 5448 5452 5444 5416 5403 5404 5407 5411 5415 5417 5414 5398 5380 5366 5362 5371 5389 5410 5431 5453 5475 5494 5501 5525 5591 5684 5781 5870 5932 5936 5831 5568 5094 4595 4217 4052 3985 4006 4087 4110 4122 4128 4124 4118 4126 4139 4121 4111 4063 4038 4082 4320 4691 5183 5525 5635 5691 5487
5406 5442 5541 5588 5617 5598 5517 5491 5491 5499 5491 5473 5464 5436 5428 5420 5416 5420 5431 5397 5381 5378 5383 5396 5414 5432 5441 5442 5429 5403 5390 5389 5389 5391 5393 5394 5388 5381 5358 5346 5340 5341 5371 5398 5424 5445 5462 5473 5483 5502 5576 5667 5768 5859 5928 5926 5851 5588 5087 4579 4220 4061 3991 4010 4088 4108 4109 4102 4087 4073 4084 4088 4103 4085 4047 4025 4063 4251 4612 5114 5509 5686 5725 5422
5452 5506 5556 5549 5547 5553 5625 5628 5584 5544 5478 5448 5435 5416 5419 5419 5418 5423 5420 5389 5382 5382 5385 5392 5408 5432 5438 5427 5414 5390 5376 5373 5375 5378 5378 5376 5369 5354 5325 5335 5345 5351 5366 5393 5418 5439 5446 5447 5443 5453 5543 5637 5730 5825 5907 5965 5836 5542 5062 4567 4241 4100 4028 4026 4093 4101 4095 4081 4061 4042 4048 4055 4075 4062 4024 4016 4065 4208 4521 4997 5453 5699 5748 5435
5516 5500 5496 5497 5507 5497 5568 5640 5653 5592 5516 5457 5427 5429 5424 5419 5412 5403 5409 5405 5406 5383 5378 5378 5384 5396 5400 5398 5381 5362 5356 5356 5359 5362 5365 5363 5358 5344 5325 5347 5360 5364 5370 5394 5421 5448 5475 5479 5468 5458 5515 5597 5689 5771 5837 5845 5784 5499 5041 4567 4287 4174 4113 4058 4091 4080 4065 4054 4038 4020 4018 4018 4024 4018 4004 4001 4043 4194 4542 5001 5503 5733 5791 5505
5535 5519 5497 5452 5439 5451 5499 5585 5588 5574 5576 5493 5440 5443 5432 5423 5416 5396 5378 5382 5372 5367 5364 5362 5359 5354 5388 5372 5348 5334 5337 5341 5347 5348 5349 5353 5357 5356 5365 5385 5399 5394 5380 5401 5426 5456 5484 5515 5504 5460 5498 5564 5640 5718 5780 5818 5834 5530 5048 4581 4346 4263 4225 4133 4091 4054 4042 4032 4025 4023 4019 4004 3998 3999 4001 3994 4031 4187 4571 5062 5589 5762 5763 5515
5493 5468 5419 5387 5376 5390 5474 5551 5559 5553 5540 5525 5481 5454 5430 5423 5419 5396 5354 5342 5342 5349 5352 5348 5341 5338 5352 5358 5331 5322 5326 5332 5337 5337 5340 5346 5357 5377 5402 5411 5431 5421 5413 5406 5422 5453 5495 5499 5487 5454 5481 5534 5596 5666 5744 5830 5872 5558 5078 4633 4424 4334 4278 4208 4091 4026 4013 4015 4011 4002 3979 3990 4001 4013 4009 4004 4041 4202 4604 5063 5627 5766 5740 5606
5376 5335 5297 5307 5319 5347 5415 5486 5498 5489 5476 5479 5438 5429 5414 5404 5410 5382 5329 5343 5355 5351 5345 5345 5342 5344 5373 5358 5332 5322 5326 5332 5337 5341 5341 5342 5345 5360 5376 5394 5411 5403 5380 5384 5406 5431 5453 5474 5438 5435 5457 5502 5553 5611 5669 5755 5810 5552 5139 4717 4539 4407 4291 4215 4100 4010 4005 4010 4007 3999 3987 3985 3989 4008 4020 4049 4075 4281 4690 5185 5598 5705 5711 5684
5284 5279 5255 5257 5324 5373 5372 5425 5436 5481 5517 5495 5416 5411 5394 5367 5335 5328 5320 5332 5339 5333 5340 5350 5358 5362 5362 5361 5358 5334 5334 5338 5342 5345 5344 5339 5330 5328 5351 5371 5388 5383 5358 5362 5388 5412 5429 5436 5444 5432 5446 5478 5517 5557 5606 5703 5732 5592 5294 4952 4739 4531 4327 4199 4107 4030 4035 4038 4028 4010 3989 3998 4004 4004 4029 4074 4117 4307 4751 5260 5583 5647 5645 5678
5235 5224 5225 5256 5354 5398 5394 5454 5561 5615 5571 5513 5476 5421 5386 5347 5290 5295 5319 5331 5323 5318 5337 5355 5373 5385 5385 5373 5354 5345 5344 5347 5348 5349 5347 5346 5339 5334 5334 5353 5396 5386 5362 5358 5378 5402 5421 5434 5460 5447 5443 5460 5487 5518 5556 5695 5805 5695 5542 5292 5005 4724 4444 4234 4104 4075 4111 4115 4092 4049 4009 4033 4030 4008 4047 4110 4189 4391 4813 5235 5598 5624 5637 5698
5227 5210 5301 5325 5394 5486 5545 5517 5614 5648 5574 5496 5473 5434 5397 5363 5335 5333 5345 5351 5338 5332 5356 5373 5387 5398 5396 5386 5358 5357 5363 5364 5365 5359 5358 5356 5360 5354 5334 5343 5409 5397 5373 5364 5371 5384 5407 5435 5441 5427 5426 5440 5466 5499 5546 5628 5709 5744 5743 5586 5245 4942 4663 4381 4140 4185 4248 4256 4194 4125 4055 4067 4064 4038 4084 4173 4290 4535 4961 5378 5658 5537 5529 5539
5416 5428 5446 5474 5449 5457 5429 5452 5476 5543 5531 5494 5464 5450 5415 5394 5364 5392 5391 5372 5381 5378 5388 5394 5398 5413 5436 5442 5425 5396 5385 5385 5382 5377 5373 5370 5365 5368 5378 5386 5416 5397 5382 5375 5364 5365 5378 5398 5419 5408 5400 5421 5450 5486 5535 5585 5643 5721 5731 5616 5389 5139 4882 4570 4246 4405 4487 4464 4339 4213 4152 4159 4132 4097 4135 4276 4457 4752 5167 5563 5635 5496 5441 5384
5607 5637 5662 5610 5505 5398 5361 5408 5435 5445 5472 5496 5464 5470 5458 5436 5431 5476 5517 5520 5396 5441 5425 5427 5418 5431 5452 5449 5396 5397 5411 5408 5401 5393 5385 5380 5385 5380 5384 5371 5376 5383 5377 5365 5354 5348 5362 5377 5392 5391 5390 5412 5439 5470 5515 5571 5625 5677 5657 5602 5480 5313 5112 4827 4435 4710 4788 4673 4501 4279 4159 4214 4171 4134 4214 4451 4692 5041 5377 5555 5497 5382 5359 5316
5626 5616 5579 5540 5498 5439 5461 5430 5431 5431 5437 5478 5489 5513 5518 5503 5490 5560 5640 5698 5474 5429 5437 5463 5491 5465 5428 5388 5419 5461 5448 5432 5417 5403 5390 5379 5367 5373 5373 5363 5364 5373 5375 5368 5357 5351 5369 5383 5390 5394 5396 5416 5431 5451 5491 5555 5616 5665 5614 5615 5561 5460 5334 5120 4691 5106 5132 4967 4670 4354 4173 4186 4217 4246 4427 4719 4998 5368 5593 5498 5363 5341 5314 5303
5680 5635 5601 5526 5487 5404 5420 5422 5414 5402 5398 5474 5574 5558 5569 5622 5641 5621 5630 5608 5498 5439 5445 5477 5506 5476 5435 5423 5457 5488 5473 5454 5437 5419 5399 5380 5367 5368 5366 5363 5367 5374 5382 5391 5367 5356 5374 5384 5391 5407 5436 5428 5425 5433 5468 5534 5626 5716 5802 5706 5634 5564 5503 5371 5051 5383 5401 5149 4866 4520 4301 4270 4384 4499 4721 5047 5349 5534 5577 5447 5335 5313 5309 5312
5933 5901 5762 5672 5547 5485 5461 5391 5376 5338 5387 5528 5548 5537 5546 5609 5633 5599 5575 5507 5503 5460 5450 5470 5477 5460 5434 5432 5451 5475 5475 5466 5453 5438 5418 5393 5373 5377 5375 5374 5375 5375 5377 5378 5370 5365 5368 5379 5388 5402 5429 5423 5418 5417 5446 5508 5604 5722 5799 5743 5671 5624 5619 5671 5449 5514 5510 5299 5083 4825 4647 4590 4694 4852 5063 5327 5572 5497 5383 5367 5321 5313 5314 5317
5890 5828 5778 5701 5572 5518 5444 5368 5398 5429 5383 5398 5435 5440 5450 5445 5485 5522 5552 5608 5549 5497 5493 5475 5465 5443 5419 5404 5422 5443 5464 5476 5474 5463 5445 5423 5413 5405 5400 5392 5385 5375 5370 5366 5374 5374 5374 5379 5387 5398 5403 5406 5415 5423 5440 5483 5556 5655 5730 5692 5648 5615 5595 5577 5552 5547 5536 5413 5306 5201 5096 5025 5087 5233 5462 5444 5456 5422 5357 5335 5318 5319 5313 5315
5688 5726 5640 5551 5540 5614 5669 5502 5441 5395 5405 5369 5346 5376 5368 5323 5377 5442 5484 5517 5536 5558 5549 5490 5447 5441 5414 5389 5414 5447 5476 5496 5498 5495 5481 5459 5442 5439 5433 5428 5378 5370 5364 5358 5357 5368 5380 5378 5383 5391 5377 5391 5417 5436 5432 5442 5479 5522 5558 5596 5582 5560 5542 5539 5573 5662 5448 5433 5450 5504 5478 5481 5389 5403 5454 5399 5361 5367 5359 5336 5327 5327 5319 5316
5472 5348 5274 5122 5247 5403 5502 5468 5396 5487 5463 5390 5437 5403 5365 5301 5357 5398 5418 5410 5426 5463 5522 5539 5515 5465 5424 5411 5437 5480 5511 5529 5530 5524 5522 5523 5500 5471 5456 5397 5377 5370 5365 5360 5358 5359 5359 5368 5371 5372 5375 5387 5416 5441 5371 5361 5408 5441 5472 5504 5517 5513 5497 5478 5506 5516 5438 5437 5460 5498 5440 5366 5354 5375 5375 5356 5341 5345 5349 5338 5328 5337 5323 5310
5012 4892 4809 4752 4835 4945 5005 5050 5108 5126 5081 5161 5230 5330 5393 5471 5411 5387 5375 5373 5380 5422 5461 5544 5535 5485 5442 5432 5484 5548 5599 5568 5556 5549 5547 5551 5521 5483 5448 5404 5383 5377 5370 5367 5367 5363 5362 5361 5358 5353 5358 5372 5390 5402 5350 5337 5374 5409 5436 5447 5457 5458 5448 5448 5462 5471 5431 5414 5421 5411 5372 5351 5332 5348 5353 5352 5343 5346 5346 5341 5335 5330 5312 5300
4615 4498 4423 4515 4558 4557 4579 4667 4759 4864 4938 5008 5062 5171 5291 5432 5394 5375 5364 5357 5360 5343 5405 5467 5495 5490 5473 5451 5491 5555 5583 5568 5556 5553 5545 5538 5515 5482 5438 5401 5402 5392 5379 5366 5367 5370 5366 5357 5348 5341 5341 5346 5355 5364 5382 5366 5367 5389 5405 5413 5417 5413 5415 5422 5435 5455 5398 5390 5394 5392 5371 5359 5351 5351 5359 5357 5355 5354 5354 5345 5330 5321 5312 5298
4335 4251 4215 4295 4343 4366 4315 4334 4428 4457 4491 4695 4792 4943 5095 5182 5317 5351 5357 5350 5329 5376 5357 5393 5445 5480 5543 5566 5523 5551 5536 5547 5553 5550 5536 5509 5503 5483 5467 5428 5412 5403 5389 5368 5365 5366 5362 5354 5344 5334 5323 5316 5331 5341 5349 5353 5359 5378 5382 5380 5378 5378 5377 5378 5380 5416 5378 5354 5374 5392 5383 5380 5366 5366 5378 5385 5368 5352 5345 5329 5306 5297 5294 5297
4222 4178 4140 4133 4083 4111 4178 4215 4231 4194 4152 4296 4412 4631 5023 5233 5243 5277 5320 5365 5390 5384 5353 5367 5411 5442 5475 5566 5674 5611 5541 5551 5561 5561 5547 5531 5508 5485 5466 5436 5422 5419 5407 5397 5373 5355 5354 5351 5344 5337 5334 5336 5323 5317 5326 5329 5337 5352 5354 5356 5357 5352 5349 5345 5352 5391 5334 5304 5325 5353 5374 5394 5390 5375 5369 5364 5355 5338 5314 5293 5289 5294 5286 5295
4157 4099 4076 3997 3973 4009 4105 4142 4142 4142 4143 4157 4215 4406 4775 5017 5075 5141 5224 5335 5443 5421 5381 5392 5407 5419 5427 5550 5689 5664 5580 5583 5589 5592 5582 5556 5526 5486 5449 5452 5455 5428 5420 5413 5379 5378 5359 5348 5341 5336 5335 5337 5329 5313 5296 5309 5311 5314 5325 5332 5334 5333 5330 5325 5323 5349 5310 5272 5284 5311 5345 5377 5389 5382 5375 5350 5337 5323 5304 5290 5291 5265 5282 5281
4008 3997 3967 3941 3944 3951 3958 4037 4096 4098 4140 4129 4126 4153 4380 4638 4813 4929 5046 5196 5419 5444 5419 5440 5421 5417 5455 5549 5670 5683 5646 5630 5624 5628 5633 5611 5555 5504 5451 5437 5414 5414 5424 5425 5385 5365 5357 5346 5338 5329 5328 5333 5331 5327 5323 5308 5301 5297 5308 5315 5317 5313 5310 5307 5303 5316 5299 5261 5284 5301 5323 5351 5370 5383 5388 5359 5332 5319 5308 5299 5307 5295 5300 5290
3957 3938 3920 3921 3934 3925 3921 3938 3985 4026 4043 4095 4037 4053 4130 4361 4556 4694 4809 4916 5008 5168 5338 5440 5424 5390 5399 5501 5596 5646 5664 5653 5649 5657 5663 5636 5581 5533 5493 5449 5414 5410 5415 5412 5384 5367 5355 5347 5335 5321 5307 5321 5313 5322 5323 5310 5303 5300 5298 5297 5299 5299 5297 5296 5295 5296 5283 5257 5279 5297 5314 5335 5360 5370 5387 5370 5331 5322 5322 5322 5305 5280 5250 5241
3924 3901 3890 3887 3889 3889 3887 3889 3897 3885 3924 3940 3927 3923 4138 4232 4355 4472 4559 4613 4627 4728 4980 5383 5383 5354 5358 5462 5555 5604 5623 5637 5649 5661 5666 5641 5591 5542 5497 5462 5445 5420 5409 5399 5383 5363 5366 5356 5341 5325 5315 5326 5313 5309 5308 5303 5299 5293 5288 5286 5285 5285 5284 5284 5280 5279 5273 5256 5270 5292 5301 5307 5318 5336 5355 5326 5315 5318 5330 5348 5315 5260 5236 5227
3862 3869 3865 3855 3843 3845 3848 3846 3850 3848 3848 3845 3860 3876 3936 4087 4198 4297 4376 4403 4406 4438 4632 5053 5241 5305 5357 5454 5508 5548 5587 5611 5635 5654 5640 5631 5592 5541 5497 5458 5418 5401 5430 5429 5414 5405 5386 5370 5352 5336 5324 5323 5317 5307 5300 5294 5286 5282 5278 5273 5271 5269 5267 5268 5267 5272 5271 5232 5256 5269 5275 5273 5265 5290 5290 5276 5294 5308 5321 5327 5313 5252 5232 5216
3816 3823 3820 3811 3805 3802 3802 3803 3806 3810 3820 3823 3833 3847 3872 3979 4090 4177 4249 4291 4336 4392 4403 4772 5063 5314 5430 5470 5507 5536 5549 5572 5613 5657 5679 5643 5592 5541 5499 5463 5432 5439 5432 5423 5415 5406 5402 5383 5366 5350 5335 5326 5315 5307 5293 5285 5277 5272 5267 5262 5258 5254 5251 5250 5249 5253 5253 5177 5240 5247 5246 5244 5243 5260 5256 5265 5283 5293 5300 5300 5285 5220 5221 5213
3767 3765 3762 3758 3752 3753 3756 3762 3768 3768 3782 3795 3812 3834 3844 3901 3981 4059 4132 4201 4279 4364 4389 4545 4848 5229 5408 5440 5476 5476 5502 5508 5579 5648 5689 5646 5586 5521 5494 5475 5459 5422 5392 5391 5397 5424 5408 5393 5380 5364 5349 5332 5312 5292 5281 5276 5273 5263 5256 5250 5244 5240 5235 5230 5222 5213 5204 5140 5215 5220 5221 5221 5221 5219 5233 5249 5270 5275 5281 5285 5271 5214 5180 5205
