real_craters/C172-1000m.grd
DSAA
77 77
-37.77 37.77
-37.77 37.77
4568.4378577791 6525.4099127339
[rows 0 to 29 of 77, columns 0 to 66 of 77]
5815.44 5821.72 5823.83 5806.81 5805.94 5807.38 5808.15 5808.01 5808.38 5805.72 5795.57 5785.17 5774.61 5770.69 5764.81 5757.88 5745.85 5743.45 5748.96 5750.66 5744.07 5730.06 5720.28 5713.65 5712.57 5710.23 5714.18 5709.87 5701.23 5699.51 5701.87 5706.39 5710.24 5720.99 5714.44 5717.54 5712.76 5703.2 5692.94 5680.48 5681.72 5683.41 5684.65 5689.94 5686.26 5679.97 5675.56 5679.45 5696.01 5698.01 5704.97 5705.96 5667.09 5652.51 5649.13 5632.57 5625.29 5611.65 5600.13 5589.51 5607.35 5657.2 5623.92 5660.99 5671.51 5728.24 5877.34
5814.77 5816.05 5807.32 5803.61 5817.63 5798.95 5809.4 5817.44 5819.31 5810.66 5797.57 5791.76 5783 5775.78 5768.01 5759.39 5752.54 5755.68 5753.6 5752.53 5738.36 5722.34 5717.23 5709.65 5700.88 5707.01 5713.86 5706.13 5692.77 5699 5699.79 5706.76 5714.9 5727.7 5741.08 5737.16 5725.02 5715.44 5703.29 5688.06 5683.57 5684.17 5684.26 5680.37 5683.98 5681.52 5677.9 5676.17 5673.26 5696.43 5707.97 5711.29 5663.1 5654.11 5658.15 5641.31 5646.83 5645.06 5630.31 5606.19 5649.99 5658.16 5644.63 5663.13 5676.79 5722.94 5852.67
5824.78 5817.23 5809.21 5806.03 5819.26 5835.96 5814.41 5838.11 5849.68 5835.08 5810.33 5799.56 5791.68 5782.46 5774.58 5767.44 5763.19 5759.16 5753.07 5743.21 5731.74 5717.88 5712.84 5707.56 5705.22 5707.31 5713.11 5700.92 5690.69 5689.13 5696.82 5706.4 5720.13 5741.37 5780.64 5748.27 5728.77 5712.69 5699.32 5693.57 5688.08 5686.27 5686.69 5689.04 5687.98 5683.47 5682.5 5683.13 5688.47 5703.98 5713.27 5700.73 5672.65 5688.91 5693.83 5678.25 5708.07 5716.16 5713.65 5673.99 5686.31 5677.46 5681.2 5666.44 5659.74 5697.9 5814.46
5833.54 5829.45 5822.51 5810.81 5819.01 5833.42 5865.09 5887.9 5893.39 5863.7 5820.34 5806.68 5797.87 5788.28 5780.95 5775.39 5769.86 5766.41 5756.66 5743.13 5731.3 5718.38 5711.76 5706.3 5700.66 5701.55 5706.99 5699.36 5693.36 5688.45 5701.79 5709.79 5716.43 5732.45 5737.55 5734.92 5724.33 5711.89 5699.5 5691.98 5689.57 5688.1 5688.39 5689.24 5686.97 5683.85 5680.39 5680.65 5699.14 5725.67 5746.09 5751.63 5776.43 5826.6 5833.45 5814.03 5819 5813.29 5772.69 5739.65 5705.57 5682.21 5664.86 5650.36 5638.47 5653.07 5714.78
5845.66 5836.16 5833.99 5817.79 5819.28 5886.87 5964 5981.4 5927.87 5870.28 5825.56 5806.77 5798.98 5794.95 5788.37 5782.2 5778.84 5767.14 5762.24 5753.09 5737.49 5727.48 5716.76 5707.51 5701.68 5704.69 5719.15 5698.65 5696.09 5709.02 5712.66 5716.72 5725.53 5713.22 5717.91 5719.99 5717.28 5710.51 5704.98 5695.77 5690.42 5687.54 5683.28 5673.31 5677.73 5684.46 5686.64 5690.71 5725.42 5768.95 5809.22 5866.93 5940.72 5983.36 6013.47 5988.82 5932.29 5898.42 5909.68 5893.65 5710.46 5667.43 5657.4 5644.92 5630.02 5635.9 5654
5854.52 5851.36 5837.93 5833.19 5845.68 6046.15 6221.03 6111.46 5992.72 5906.21 5852.29 5833.32 5808.67 5793.92 5785.25 5782.46 5776.99 5775.22 5762.79 5752.81 5744.45 5729.28 5714.39 5710.38 5708.49 5716.01 5717.35 5709.12 5709.58 5718.5 5724.66 5721.68 5711.07 5706.75 5717.85 5716.18 5712.8 5707.5 5700.1 5692.55 5688.59 5685.75 5683.33 5678.49 5683.47 5691.32 5701.2 5725.09 5760.34 5811.67 5857.18 5917.97 6012.66 6241.61 6276.96 6123.49 5999.9 5930.2 5887.06 5782.73 5706.38 5683.2 5668.36 5642.37 5649.65 5625.79 5627.33
5841 5851.24 5850.6 5842.98 5847.25 6033.36 6197.07 6153.8 6134.86 6037 5925.47 5849.49 5818.41 5799.92 5789.22 5782.46 5778.6 5774.85 5761.07 5753.89 5751.52 5746.1 5728.51 5716.14 5705.78 5656.52 5728.89 5730.75 5727.36 5735.7 5732.34 5729.8 5720.18 5706.16 5710.32 5711.67 5707.99 5704.54 5696.3 5689.44 5687.7 5685.94 5681.32 5674.54 5695.02 5701.08 5703.26 5729.15 5799.46 5864.26 5927.16 5994.51 6112.29 6337.65 6206.19 6062.7 5993.89 5911.53 5818.49 5734.47 5714.79 5686.17 5660.34 5622.89 5618.3 5606.19 5597.92
5834.95 5835.11 5842.75 5850.15 5844.98 5884.13 5992.46 6050.03 6032.16 5983.15 5918.2 5856.32 5820.02 5800.24 5787.61 5780.96 5781.28 5778.32 5773.54 5762 5754.73 5745.44 5733.11 5722.66 5718.52 5727.35 5736.18 5741.92 5732.92 5728.5 5730.18 5729.08 5718.76 5709.46 5705.75 5707.33 5708.02 5704.55 5697.58 5690.23 5694.02 5689.95 5683.35 5677.29 5702.02 5705.8 5700.26 5713.79 5820.62 5911.93 6006.92 6119.83 6284.89 6231.13 6116.06 6048.09 5960.2 5867.8 5780.97 5716.96 5680.1 5643.09 5610.97 5607.77 5602.25 5580.34 5565.1
5811.97 5816.11 5841.55 5842.98 5849.62 5853.63 5893.62 5925.07 5918.15 5863.01 5846.52 5829.61 5808.32 5801.92 5797.38 5790.42 5787.06 5784.05 5777.16 5769.75 5760.57 5748.79 5738.93 5732.61 5730.79 5732.06 5755.24 5733.46 5732.66 5735.93 5736.35 5727.41 5711.46 5717.37 5717.83 5718.3 5720.04 5709.01 5703.6 5707.63 5708.69 5695.41 5676.93 5679.07 5694.14 5707.75 5719.77 5759.86 5854.55 5940.82 6038.5 6167.19 6290.15 6200.43 6095.27 6032.72 5933.76 5843.24 5760.22 5692.47 5640.42 5605.29 5593.36 5582.15 5568.32 5550.7 5501.47
5810.78 5807.23 5813.04 5809.09 5820.01 5863.97 5853.9 5841.49 5824.44 5818.52 5815.5 5810.98 5806.67 5802.98 5798.46 5793.02 5789.26 5782.04 5779.61 5773.29 5767.41 5761.62 5754.9 5750.27 5746.94 5751.56 5769.66 5760.82 5764.25 5758.19 5748.81 5742.35 5733.19 5744.11 5754.6 5760.8 5751.37 5740.26 5736.84 5761.91 5736.95 5714.34 5695.55 5694.96 5708.05 5733.79 5773.69 5812.43 5878.55 5956.86 6024.77 6085.96 6116.07 6095.37 6019.9 5950.06 5901.55 5825.33 5737.03 5656.24 5612.42 5584.73 5576.4 5570.98 5531.94 5505.48 5483.51
5801.37 5794.28 5788.71 5776.19 5782.64 5790.61 5809.19 5803.57 5794.85 5795.83 5795.99 5796.2 5796.51 5796.16 5794.02 5791.5 5788.56 5785.61 5773.27 5775.12 5780.7 5778.38 5776.84 5771.44 5762.3 5756.52 5770 5773.95 5802.9 5795.59 5777.93 5772.01 5783.25 5789.44 5797.62 5799.53 5793.11 5788.6 5790.11 5787.42 5763.83 5739.48 5713.66 5739.77 5768.92 5814.9 5895.77 5939.67 5970.65 6016.98 6035.4 6039.2 6129.1 6198.51 6145.85 5981.12 5913.86 5821.04 5724.41 5652.15 5618.75 5586.2 5567.11 5550.61 5514.85 5457.26 5463.7
5801.23 5787.26 5788.13 5781.83 5780.26 5784.41 5789.97 5788.37 5786.42 5784.4 5783.34 5783.64 5786.25 5788.57 5788.46 5787.34 5784.87 5780.8 5775.71 5776 5776.55 5788.43 5801.9 5797.24 5773.33 5759.6 5801.35 5820.46 5869.16 5856.85 5834 5810.4 5827.97 5839.44 5844.22 5841.89 5845.5 5834.35 5818.5 5799.51 5761.23 5760.22 5798.86 5823.7 5867.92 5940.46 6036.51 6119.65 6152.14 6117.72 6086.23 6079.01 6214.36 6415.03 6378.61 6151.61 6010.35 5859.8 5732.17 5657.73 5608.31 5584.78 5553.24 5529.65 5472.81 5405.69 5387.06
5806.56 5798.82 5790.1 5787.5 5788 5795.57 5785.27 5778.91 5780.41 5781.13 5772.7 5774.4 5778.84 5782.4 5784.73 5786.3 5786.44 5781.03 5774.05 5777.48 5782.4 5796.75 5812.02 5813.46 5786.16 5768.57 5819.27 5878.84 5900.17 5906.49 5891.49 5843.09 5868.68 5897.09 5916.52 5915.83 5922.82 5892.1 5813.22 5715.38 5720.62 5753.44 5811.41 5899.51 5987.76 6040.27 6135.81 6183.98 6276.96 6181.37 6128.04 6115.96 6190.6 6307.31 6241.18 6243.72 6066.44 5896.43 5738.76 5631.56 5601.4 5571.91 5530.35 5484.47 5443.5 5417.44 5366.06
5815.67 5806.44 5793.66 5796.22 5787.89 5783.78 5778.21 5773.62 5775.09 5773.8 5767.2 5770.31 5774.64 5780.68 5785.06 5789.92 5793.25 5797.61 5784.36 5786.36 5799.04 5805.09 5816.86 5825.69 5816.66 5810.13 5845.73 5947.58 6005.45 5943.79 5872.34 5869.66 5915.04 5962.29 5998.73 6033.86 6009.86 5947.65 5833.91 5706.45 5722.44 5765.67 5857.68 5968.98 6084.86 6290.05 6185.18 6066.75 6076.46 6056.48 6121.63 6219.53 6153.96 6128.87 6094.06 6073.41 6012.24 5912.08 5794.97 5619.86 5596.69 5547.24 5494.1 5454.24 5429.99 5414.67 5408.96
5819.54 5807.91 5797.78 5796.81 5778.25 5774.2 5770.62 5761.93 5768.93 5769.2 5767.62 5768.03 5774.11 5781.26 5787.02 5792.84 5797.91 5799.43 5796.18 5790.46 5796.81 5819.34 5823.27 5798.87 5875.66 5909.91 5916.36 5965.5 5991.16 5998.17 5988.73 6035.24 6019.31 6037.2 6066.89 6113.67 6091.06 6033.78 5894.89 5804.58 5810.66 5878.89 6002.4 5985.38 6000.1 5989.53 5741.14 5661.88 5625.99 5787.02 6039.98 6164.5 6125.19 6026.13 5969.57 5958.48 5934.19 5912.05 5873.2 5698.69 5587.7 5522.15 5484.46 5462.9 5428.55 5412.66 5395.43
5813.07 5798.14 5794.94 5785.26 5777.94 5774.81 5771.81 5769.93 5764.46 5763.26 5763.42 5768.27 5776.01 5785.84 5793.14 5799.88 5802.61 5806.5 5799.71 5795.13 5808.78 5855.48 5906.17 5967.6 5997.61 6011.99 5977.96 5908.52 5959.17 6079.6 6212.14 6245.72 6133.16 6079.2 6071.18 6100.16 6040.75 5957.01 5918.85 5913.8 5913.02 5927.96 5970.87 5908.07 5808.68 5664.72 5406.75 5353.19 5351.27 5598.72 6008.68 6192.89 6108.49 6026.43 5950.13 5896.54 5881.43 5902.17 5884.22 5760.07 5640.97 5529.9 5496.61 5449.74 5424.6 5417.07 5398.89
5807.48 5795.16 5776.17 5742.01 5771.27 5777.34 5775.47 5773.96 5776.12 5765.54 5760.62 5771.82 5783.17 5793.87 5802.76 5808.66 5809.58 5805.95 5804.34 5816.64 5847.8 5907.19 5993.48 6091.97 6174.36 6162.85 5995.66 5966.36 6055.99 6149.24 6259.83 6306.62 6167.95 6065.08 5994.58 5925.41 5872.18 5857.06 5867.66 5917.68 5919.04 5874.79 5881.61 5761.6 5600.52 5426.83 5276.42 5218.77 5274.81 5527.15 5923.02 6123.39 6051.18 5967.81 5919.53 5849.91 5830.19 5880.76 5942.59 5840.59 5664.35 5548.62 5504.63 5445.42 5427.14 5419.42 5405.38
5806.49 5800.04 5777.71 5767.68 5772.76 5777.38 5776.69 5777.5 5776.22 5773.77 5771.95 5779.39 5790.7 5803.01 5815.74 5822.85 5825.2 5818.77 5810.18 5828.59 5860.69 5931.17 6017.86 6106.85 6057.83 5944.32 5907.61 6137.86 6163.67 6167.28 6162.57 6104.02 6049.79 5956.02 5871.87 5810.09 5778.61 5759.4 5759.34 5767.94 5770.97 5820.14 5749.68 5587.97 5401.73 5233.17 5167.52 5142.42 5178.44 5395.19 5823.04 6031.22 6005.69 5961.26 5893.28 5801.3 5761.56 5821.87 5859.02 5795.65 5693.31 5574.95 5503.47 5460.82 5433.85 5421.04 5409.69
5802.1 5808.65 5789.66 5777.36 5783.82 5774.44 5774.57 5773.46 5773.32 5772.84 5777.13 5788.06 5801.4 5815.62 5827.73 5838.31 5845.23 5841.29 5818.09 5842.56 5879.55 5947.04 6003.54 6015.14 5908.59 5898.14 6046.69 6118.97 6120.05 6116.37 6181.88 6076.1 5893.55 5799.2 5725.9 5663.12 5617.03 5620.97 5634.41 5647.85 5683.87 5735.61 5605.37 5446.25 5256.85 5057.07 5029.51 5114.63 5132.9 5303.91 5807.44 6025.98 6011.38 5934.36 5844.92 5746.31 5696.29 5778.05 5812.13 5774.33 5659.75 5523.08 5474.14 5457.82 5439.23 5414.6 5414.34
5812.13 5808.85 5800.59 5784.11 5775.28 5776.1 5783.21 5780.74 5774.22 5771.6 5778.95 5794.38 5808.88 5824.24 5839.1 5852.31 5867.88 5878.89 5878.14 5896.87 5930.58 5986.17 6027.06 6041.97 6013.54 5956.6 6013.76 6028.14 5933.77 5894.61 5865.69 5728.45 5660.93 5605.86 5559.79 5516.84 5474.81 5496.1 5514.34 5532.25 5546.58 5501.11 5455.4 5355.55 5214.98 5053.72 5116.82 5181.03 5231.93 5430.31 5957.99 6078.62 6081.65 5959.03 5799.12 5730.32 5707.55 5813.06 5975.12 5816.08 5619.11 5487.33 5479.75 5460.7 5440.79 5427.96 5428.52
5804.34 5793.77 5797.43 5791.9 5789.31 5791.63 5797.08 5797.5 5790.43 5782.27 5787.02 5800.39 5817.24 5833.22 5843.56 5860.7 5881.44 5901.95 5911.56 5980.16 6000.88 6024.39 6039.56 6061.21 6062.49 6080.15 5896.39 5735.85 5676.62 5606.74 5486.47 5445.31 5447.44 5446.62 5436.66 5423.9 5419.19 5415.85 5407.97 5392.92 5355.38 5342.15 5347.29 5319.28 5274.8 5199.82 5191.63 5278.3 5427.68 5640.56 6022.61 6010.84 5913.08 5829.28 5747.2 5756.12 5797.45 5859.81 5946.96 5790.87 5599.8 5490.54 5489.57 5505.82 5462.87 5443.34 5465.11
5795.48 5781.09 5780.77 5789.06 5790.62 5793.21 5804.19 5812.45 5803.42 5787.93 5793.71 5806.68 5822.77 5836.77 5849.96 5862.45 5888.83 5933.81 5997.25 6055.14 6037.58 6027.02 6038.89 6070.73 6039.55 5863.86 5728.78 5530.38 5457.4 5391.47 5319.56 5275.85 5268.31 5282.1 5302.99 5325.82 5345.95 5328.31 5307.21 5277.99 5229.76 5246.92 5285.29 5306.59 5364.49 5526.03 5467.78 5511.53 5616.3 5779.6 5828 5858.05 5740.59 5753.68 5770.82 5810.66 5915.64 5884.53 5821.98 5701.99 5545.02 5429.98 5539.33 5556.29 5473.4 5486.37 5462.42
5788.83 5782.55 5770.97 5798.02 5801.53 5795.67 5801.68 5812.22 5807.07 5796.8 5803.19 5820.29 5828.37 5842.9 5863.98 5881.72 5901.61 5950.53 6031.67 6023.4 6026.74 6023.02 6012.72 6001.56 5903.9 5773.17 5572.8 5376.52 5298.88 5242.35 5168.03 5104.32 5117.08 5141.36 5172.37 5211.04 5258.85 5215.33 5200.4 5192.86 5218.92 5268.31 5246.67 5263.2 5315.11 5393.66 5532.05 5669.19 5677.57 5768.38 5838.93 5837.87 5807.11 5888.24 5993.04 6047.06 6037.79 5911.34 5721.99 5665.29 5550.31 5466.79 5494.57 5435.79 5421.25 5528.76 5471.5
5795.31 5787.45 5789.28 5795.12 5788.89 5795.31 5800.63 5801.47 5801.45 5795.69 5813.48 5836.33 5851.79 5873.75 5887.31 5905.45 5929.49 5973.8 6004.35 6043.09 6064.96 6014.35 5929.95 5838.06 5724.77 5463.61 5380.17 5262.67 5162.97 5106.34 5059.36 5033.31 5010.99 5015.16 5043.61 5068.72 5073.3 5095.54 5093.32 5093.67 5101.1 5141.61 5144.53 5156.5 5187.46 5248.79 5365.72 5413.54 5599.86 5756.06 5849.58 5842.18 5925.72 5989.41 6142.7 6226.5 6164.03 6078.65 5841.05 5741.49 5656.39 5585.4 5531.48 5416.52 5351.48 5433.88 5424.57
5794.23 5781.11 5781.19 5781.59 5795.73 5781.78 5780.32 5786.84 5800.78 5810.56 5827.55 5853.69 5869.83 5894.5 5905.44 5920.27 5958.31 6016.99 6084.05 6143.73 6129.47 6022.6 5849.35 5634.86 5462.34 5431.27 5251.53 5102.06 5038.65 4998.87 4907.08 4848.55 4836.67 4887.43 4926.14 4954.17 4967.05 4990.06 4996.01 4989.87 4970.43 4971.83 5022.33 5051.07 5071.37 5118.04 5227.69 5331.13 5491.43 5652.09 5725.4 5724.26 5744.43 5866.4 6005.5 6109.87 6207.75 6221.05 5988.72 5858.25 5815.69 5812.06 5732.67 5468.52 5357.6 5264.45 5386.05
5772.8 5760.92 5761.36 5763.15 5755.09 5755.84 5772.17 5795.4 5793.96 5810.56 5839.6 5871.98 5883.74 5904.48 5929.7 5940.36 5949.34 6072.71 6197.68 6282.73 6275.26 6060.7 5803.12 5590.53 5404.05 5313.64 5132.94 5033.04 4981.29 4942.63 4856.36 4786.42 4771.47 4802.59 4842.09 4871 4889.72 4904.66 4912.31 4909.08 4912.4 4905.1 4922.04 4956.39 5000.61 5057.13 5141.35 5256.33 5406.72 5575.69 5619.09 5619.91 5622.54 5691.98 5769.38 6039.21 6163.98 5990.05 5954.96 5921.78 5932.61 5971.47 5941.4 5632.71 5393.47 5249.81 5311.37
5752.09 5751.15 5759.31 5758.91 5740.51 5735.36 5751.02 5769.33 5782.85 5809.38 5848.04 5889.55 5908.14 5939.52 5982.08 6027.68 6085.11 6174.37 6278 6403.5 6407.89 6080.6 5719.65 5424.14 5289.46 5255.32 5159.07 5056.55 4975.62 4852.89 4785.95 4735.83 4716.09 4747.51 4786.79 4814.97 4831.04 4840.76 4858.58 4852.91 4818.23 4821.52 4851.93 4887.4 4951.58 5003.63 5042.22 5153.93 5252.66 5363.26 5616.03 5581 5546.04 5568.28 5611.49 5818.23 5955.76 5901.95 5931.44 5951.88 5987.52 6014.34 6018.49 5693.37 5406.14 5265.09 5287.87
5759.33 5752.08 5741.26 5744.54 5732.16 5725.24 5728.83 5748.46 5779.91 5810.97 5853.56 5904.76 5927.59 5975.8 6034.84 6116.38 6213.05 6262.89 6366.32 6463.68 6430.02 6060.72 5621.92 5264.74 5213.19 5142.99 4991.56 4909.23 4817.78 4750.28 4716.67 4689.39 4680.14 4707.33 4750.8 4801.15 4822.18 4823.06 4842.21 4839.19 4820.47 4809.57 4802.62 4819.14 4842.07 4885.99 4917.76 4934.23 4995.69 5231.78 5567.69 5528.38 5495.5 5496.13 5523.6 5645.34 5758.74 5845.87 5931.68 5977.6 6009.81 6034.58 6122.66 5810.32 5532.44 5420.96 5423.51
5749.07 5738.98 5743.52 5724.29 5725.05 5725.01 5735.19 5745.81 5759.66 5800.78 5854.29 5892.69 5946.11 6004.44 6058.34 6115.79 6201.63 6304.53 6375.29 6507.67 6479.48 5984.63 5492 5168.17 5172.09 4944.31 4793.95 4740.12 4691.54 4670.63 4661.38 4646.66 4643.22 4668.4 4712.28 4768.38 4819.59 4860.6 4861.45 4830.9 4789.25 4772.39 4768.21 4771.63 4775.35 4799.43 4827.62 4843.53 4895.71 5044.14 5300.62 5424.93 5443.99 5447.26 5469.16 5547.13 5678.8 5834.04 5967.75 6009.37 6018.01 6035.28 6114.26 5856.34 5644.48 5579.87 5547.85
5740.86 5741.13 5754.47 5749.24 5732.26 5735.65 5743.14 5737.36 5746.67 5792.9 5850.74 5914.43 5948.49 6011.02 6086.26 6163.83 6251.68 6354.03 6446.48 6525.41 6288.95 5775.86 5309.55 4979.54 4894.08 4784.66 4704.5 4667.45 4638.61 4629.4 4619.71 4607.75 4604.25 4625.28 4667.44 4723.44 4812.83 4889.68 4899.25 4858.18 4814.73 4773.85 4759.97 4749.45 4743.3 4767.49 4798.56 4830.78 4895.91 5032.02 5253.71 5349.49 5393.14 5406.86 5417.08 5462.87 5572.47 5846.28 6039.23 6046.06 6033.45 6020.01 6051.15 5940.91 5680.86 5640.44 5637.4
