real_craters/C172-500m.grd
DSAA
265 265
-66.0975 66.0975
-66.0975 66.0975
3475.5105133397 6023.7291639144
[rows 90 to 119 of 265, columns 134 to 200 of 265]
5401.98 5420 5425.45 5418.95 5414.49 5419.4 5387.47 5398.08 5431.96 5544.83 5573.61 5562.91 5557.92 5569.25 5599.6 5645.27 5640.78 5623.19 5623.09 5629.93 5622.11 5567.22 5498.19 5455.18 5432.76 5444.67 5464.66 5489.04 5505.98 5489.72 5461.47 5435.3 5421.26 5436.73 5457.41 5477.31 5485.42 5472.64 5459.93 5447.38 5436.64 5424.96 5413.55 5398.9 5386.28 5373.97 5367.48 5366.33 5368.22 5366.43 5364.19 5362.12 5366.53 5372.05 5376.67 5381.58 5388.39 5386.65 5366.56 5353.27 5360.38 5373.52 5382.7 5385.9 5390.88 5399.6 5418.11
5475.18 5457.64 5419.03 5396.7 5384.87 5358.84 5341.06 5389.55 5505.65 5606.19 5596.65 5559.44 5551.79 5564.83 5604.04 5660.36 5660.25 5626.13 5608.79 5590.22 5543.29 5489.63 5501.9 5480.61 5460.29 5450.96 5463.61 5478.41 5483.29 5474.82 5455.53 5437.47 5432.69 5446.14 5457.41 5471.35 5478.14 5475.1 5467.24 5458.49 5448.97 5437.77 5425.74 5410.94 5395.66 5377.4 5366.56 5371.08 5372.2 5370.75 5368.02 5367.72 5372.09 5375.14 5377.48 5380.71 5384.22 5383.07 5369 5359.92 5363.71 5370.49 5377.64 5383.84 5388.89 5394.61 5416.65
5490.37 5443.04 5382.64 5375.04 5377.72 5365 5360.43 5382.67 5450.17 5486.96 5502.77 5512.54 5510.49 5519.84 5544.62 5592.1 5591.87 5580.9 5573.31 5569.07 5551.51 5526.14 5503.61 5460.72 5435.02 5451.73 5467.11 5473.3 5470.54 5460.46 5445.62 5430.01 5422.68 5424.05 5442.03 5461.14 5478.26 5472.26 5469.31 5465.51 5459.28 5451.2 5440.31 5427.01 5411.79 5397.74 5387.07 5385.26 5383.86 5381.36 5379.55 5382.83 5380.04 5376.85 5375.6 5375.2 5373.83 5369.73 5373.36 5371.69 5369.16 5370.32 5375.73 5382.36 5388.15 5394.74 5408.18
5496.92 5443.51 5357.81 5380.25 5398.26 5425.34 5401.15 5382.73 5378.59 5423.64 5434.83 5440.75 5442.93 5449.69 5449.63 5444.15 5484.84 5513.33 5533.71 5551.6 5580.62 5638.78 5549.49 5505.86 5490.83 5493.08 5482.27 5470.8 5464.78 5448.9 5435.64 5419.12 5407.38 5405.26 5421.74 5437.65 5442.1 5463.8 5473.31 5476.86 5474.17 5467.38 5457.26 5444.55 5429.71 5419.3 5412.55 5406.41 5404.03 5399.54 5391.54 5397.41 5385.31 5377 5373.01 5370.07 5367.03 5365.01 5374.41 5376.12 5373.23 5373.53 5376.87 5381.6 5387.3 5394.25 5400.37
5648.33 5546.73 5454.58 5439.36 5424.45 5387.05 5392.7 5428.62 5373.25 5356.85 5345.02 5379 5394.08 5389.11 5369.29 5363.52 5403.32 5447.67 5480.67 5511.99 5544.01 5571.42 5562.79 5574.73 5573.21 5547.33 5501.45 5452.39 5437.85 5441.75 5431.02 5414.92 5396.84 5392.41 5412.31 5431.1 5447.84 5467.67 5483.49 5491 5492.78 5487.94 5479.89 5469.69 5450.74 5424.71 5425.78 5428.36 5426.29 5422.58 5421.47 5403.79 5381.05 5373.69 5369.26 5365.67 5362.05 5359.47 5361.54 5368.28 5373.43 5377.39 5378.03 5380.52 5385.28 5391.32 5392.65
5701.5 5738.83 5599.51 5493.76 5453.14 5467.99 5490.81 5419.74 5394.56 5385.01 5362.77 5370.37 5376.32 5358.34 5321.61 5306.9 5357.72 5404.24 5438.12 5460.75 5471.96 5467.93 5492.56 5508.75 5536.45 5541.21 5521.97 5496.19 5470.47 5455.32 5436.53 5416.46 5397.72 5397.42 5419.85 5443.55 5466.68 5486.73 5501.66 5508.46 5508.43 5505.58 5502.37 5496.51 5487.04 5477.85 5464.01 5454.64 5447.77 5441.29 5423.63 5394.56 5374.9 5369.95 5366.95 5363.41 5359.69 5355.46 5355.15 5361.55 5367.52 5374.92 5373.93 5376.13 5379.43 5384.61 5387.24
5427.27 5501.77 5528.44 5425.77 5395.6 5444.14 5483.29 5463.18 5401.76 5403.78 5437.26 5418 5390.07 5365.39 5324.52 5311.1 5356.92 5387.36 5408.75 5418.34 5417.06 5404.31 5425.69 5446.62 5490.16 5522.37 5534.27 5542.4 5514.98 5480.17 5451.03 5423.98 5409.13 5412.57 5436.59 5466.64 5491.95 5511.32 5526.85 5529.76 5529.99 5526.85 5524.61 5522.13 5522.14 5522.5 5500.2 5478.9 5464.83 5455.86 5448.3 5385.53 5376.61 5371.21 5367.88 5364.53 5361.65 5358.3 5358.48 5359.22 5358.84 5358.95 5366.02 5369.06 5371.06 5372.57 5370.13
5110.98 5165.66 5196.49 5204.13 5219.08 5235.68 5213.72 5166.26 5191.01 5284.45 5357.18 5385.41 5376.86 5390.7 5410.9 5405.5 5390.86 5389.22 5387.14 5385.9 5384.29 5386.66 5399.52 5428.52 5450.61 5481.24 5526.84 5551.92 5534.3 5497.67 5463.95 5434.86 5411.89 5435.87 5471.05 5502.78 5534.58 5560.1 5560.21 5555.03 5548.88 5545.41 5541.12 5542 5541.5 5529.85 5516.01 5490.28 5471.31 5453.89 5428.94 5389.33 5381.54 5375.33 5370.93 5367.56 5365.09 5365.26 5362.44 5361.37 5361.03 5360.87 5362.74 5363.57 5362.69 5360.66 5360.66
4814.21 4854.04 4883.42 4940.13 4989.9 5032.99 5063.06 5054.52 5077.79 5122.96 5155.83 5241.05 5308.04 5379.06 5458.53 5463.87 5415.61 5392.99 5374.75 5368.59 5364.37 5363.05 5366.39 5383.07 5400.78 5447.44 5499.33 5542.86 5527.9 5502.21 5474.49 5448.03 5438.33 5453.03 5486.45 5532.03 5599.05 5615.9 5581.43 5566.78 5558.96 5553.61 5549.47 5548.47 5553.86 5552.8 5522.65 5493.62 5469.58 5441.55 5413.02 5396.13 5385.4 5383.55 5378.77 5373.27 5368.64 5367.3 5364.9 5365.02 5363.79 5362.73 5360.68 5357.82 5354.18 5349.49 5343.71
4561.18 4579.22 4631.59 4699.46 4759.13 4823.17 4906.77 4938.44 5006.08 5016.92 5061.82 5124.62 5210.13 5290.77 5398.9 5413.74 5393.69 5380.66 5370.32 5363.62 5358.68 5358.85 5359.51 5342.08 5359.78 5404.52 5443.07 5484.7 5495.47 5493.1 5486.22 5472.58 5429.96 5465.7 5491.35 5532.89 5572.55 5582.89 5572.75 5562.71 5555.54 5550.64 5550.01 5545.3 5541.18 5533.79 5515.37 5494.17 5469.64 5437.83 5406.76 5396.16 5402.02 5396.66 5387.82 5378.91 5369.75 5364.18 5366.9 5368.75 5370.33 5365.73 5359.61 5353.99 5348.45 5343.07 5342.44
4398.46 4383.62 4422.21 4469.45 4527.74 4569.97 4593.54 4631.29 4809.88 4845.32 4923.61 5033.54 5081.59 5147.56 5161.59 5280.13 5339.98 5358.51 5360.6 5361.28 5353.74 5343.98 5325.52 5351.81 5364.28 5344.44 5388.26 5429.43 5460.85 5477.67 5497.72 5530.56 5560.89 5519.16 5506.49 5535.83 5546.06 5543.15 5551.93 5554.32 5553.23 5551.12 5545.68 5536.95 5522.39 5511.78 5506.31 5492.81 5474.4 5460.67 5435.34 5414 5418.17 5406.41 5394.97 5384.96 5372.56 5359.68 5365.6 5368.81 5372.38 5365.03 5357.94 5351.61 5345.28 5338.9 5330.31
4261.99 4255.26 4272.23 4305.66 4344.63 4352.42 4330.33 4354.91 4512.9 4584.82 4648.3 4758.09 4916.67 5064.63 5166.58 5240.51 5295.9 5324.99 5338.3 5351.85 5355.16 5353.66 5350.9 5373.94 5380.88 5378.6 5386.84 5407.87 5431.98 5457.29 5486.28 5534.01 5577.81 5568.26 5551.67 5570.74 5554.42 5532.5 5540.02 5549.02 5554.03 5553.35 5549.02 5537.65 5518.58 5508 5502.18 5490.58 5476.11 5463.27 5443.47 5416.4 5407 5408.04 5404 5394.66 5382.67 5367.59 5367.33 5363.89 5360.9 5358.64 5355.01 5349.94 5344.21 5337.77 5332.15
4136.65 4178.46 4216.26 4219.63 4230.62 4215.8 4161.03 4151.96 4235.66 4343.48 4411.56 4521.92 4762.73 5022.97 5221.48 5232.9 5242.75 5265.12 5291.05 5319.94 5352.63 5380.07 5390.43 5394.57 5362.88 5353 5353.82 5383.12 5411.29 5432.49 5451.9 5474.58 5529.07 5600.98 5674.06 5635.94 5585.22 5540.75 5545.29 5556.12 5561.39 5562.71 5558.97 5547.35 5535.88 5520.46 5507.98 5492.75 5477.08 5466 5446.85 5425.3 5421.94 5421.95 5414.95 5407.01 5399.33 5392.99 5372.61 5360.08 5351.85 5354.46 5352.63 5349.04 5343.59 5338.96 5335.7
4069.56 4157.54 4190.25 4156.22 4162.92 4157.44 4145.58 4130.68 4146.26 4206.44 4260.16 4387.32 4613.9 4892.24 5116.73 5134.67 5148.25 5181.5 5228.07 5275.5 5325.79 5383.08 5430.98 5423.94 5370.34 5344.46 5338.18 5379.17 5404.68 5416.19 5424.24 5419.92 5488.42 5604.21 5692.87 5677.2 5621.03 5570.84 5565.01 5572.89 5579.86 5581.34 5578.64 5565.18 5540.12 5532.73 5517.73 5496.47 5474.21 5459.6 5450.9 5454.07 5453.57 5436.13 5423.3 5416.92 5411.33 5397.72 5374.8 5366.21 5364.31 5357.42 5351.77 5347.2 5342.43 5338.38 5335.24
4000.45 4025.3 4081.52 4110 4127.62 4126.25 4123.15 4127.13 4139.79 4153.02 4180.11 4248.57 4413.13 4642.63 4833.96 4930.02 4994.22 5052.17 5104.7 5172.26 5256.56 5353.3 5451.74 5470.02 5408.26 5413.15 5481.32 5424.85 5415.18 5413.87 5424.88 5447.73 5508.8 5603.52 5684.79 5694.63 5651.96 5607.18 5598.76 5599.47 5600.89 5604.05 5605.36 5601.81 5595.75 5564.49 5536.01 5505.5 5472.06 5440.16 5443.2 5450.12 5442.73 5427.01 5422.92 5422.53 5419.98 5406.58 5383.84 5373.39 5370.31 5358.84 5350.37 5345.5 5339.83 5335.49 5333.77
3953.19 3957.55 3994.25 4093.07 4096.16 4093.82 4107.18 4139.65 4130.64 4130.87 4125.59 4136.72 4214.64 4380.2 4555.96 4705.07 4812.97 4890.13 4965.64 5046.2 5142.55 5257.36 5418.55 5478.3 5412.72 5418.56 5429.38 5436.92 5421.47 5419.81 5423.44 5455.4 5512.75 5590.46 5670.21 5693.64 5669.5 5646.43 5633.76 5627.68 5624.41 5625.98 5629.19 5632.87 5626.37 5592.61 5555.41 5520.88 5485.99 5450.91 5442.71 5429.86 5414.38 5412.09 5416.92 5423.66 5427.88 5413.31 5385.44 5367.64 5362.65 5356.65 5349.81 5344.3 5337.81 5331.56 5327.72
3932 3935.86 3945.79 3988.37 4025.26 4042.8 4046.52 4104.87 4148.56 4114.48 4070.64 4056.49 4098.18 4173.57 4332.73 4508.95 4634.13 4731.31 4812.89 4891.44 4973.35 5064.19 5157.68 5243.89 5368.87 5397.24 5380.9 5432.17 5429.19 5410.23 5402.03 5419.28 5483.16 5555.78 5626.05 5660.1 5663.45 5664.29 5656.96 5646.03 5642.89 5646.91 5652.97 5654.17 5643.11 5610.81 5574.61 5539.94 5510.37 5483.5 5455.43 5430.25 5408.42 5403.89 5412.25 5419.55 5427.21 5411.85 5384.92 5368.99 5362.17 5355.09 5350.48 5343.19 5335.28 5326.96 5318.71
3912.4 3909.17 3913.63 3926.63 3949.58 3966.68 3981.88 4001.95 4043.69 4033.89 3999.81 3989.75 4044.98 4131.75 4247.1 4374.93 4486.17 4578.36 4652.74 4725.72 4786.46 4834.56 4869.24 4940.71 5101.27 5244.23 5435.66 5454.84 5420.68 5389.77 5370.25 5378.16 5449.57 5522.95 5580.9 5624.08 5643.82 5650.02 5649.77 5649.35 5650.96 5657.22 5665.59 5673.39 5659.32 5623.64 5586.79 5553.41 5526.53 5500.92 5467.64 5444.31 5429.78 5417.11 5413.72 5411.19 5405.39 5398.26 5381.76 5364.71 5359.01 5355.91 5352.97 5345.64 5335.91 5326.07 5315.12
3887.66 3887.26 3888.56 3890.27 3896.82 3892.94 3884.41 3924.36 3940.12 3936.94 3926.56 3913.38 3953.78 4138.07 4201.53 4269.08 4355.06 4436.3 4500.9 4559.21 4599.74 4626.68 4626.68 4663.93 4804.82 4979.57 5292.19 5395.86 5382.71 5362.59 5344.83 5358.4 5423.74 5494.98 5555.24 5601.36 5611.39 5623.47 5632.86 5641.45 5648.82 5656.81 5663.4 5665.85 5655.62 5625.11 5591.37 5558.16 5525.27 5497.3 5472.32 5453.4 5445.07 5431.69 5413.36 5408.75 5398.98 5396.83 5383.2 5361.9 5366.04 5365.52 5360.06 5351.28 5341.21 5330.42 5319.92
3859.61 3862.52 3865.14 3864.1 3864.55 3859.03 3859.78 3860.79 3864.78 3864.28 3877.02 3890.5 3903.98 4006.02 4096.97 4171.53 4243.17 4314.19 4374.83 4426.83 4458.36 4466.4 4457.81 4451.37 4571.35 4741.9 5045.39 5237.02 5293.2 5315.91 5321.1 5353.32 5418.96 5477.25 5514.26 5528.18 5572.82 5598.66 5614.45 5628.28 5641.12 5651.86 5655.52 5649.62 5639.18 5621.06 5592.7 5559.43 5524.77 5496.62 5471.86 5448.44 5427.81 5399.58 5406.7 5421.01 5422.02 5412.78 5404.05 5398.44 5387.31 5378.6 5369.72 5359.37 5347.34 5336.52 5326.83
3831.15 3831.59 3830 3829.04 3834.07 3834.48 3835.64 3837.96 3837.76 3843.11 3848.62 3857.51 3867.67 3912.6 4001.19 4085.49 4157.86 4225.99 4286.52 4327.58 4361.17 4366.24 4370.38 4381.84 4431.79 4532.42 4813.94 5048.69 5182.02 5270.35 5314.15 5368.66 5435.43 5478.13 5507.46 5531.78 5555.43 5574.15 5591.21 5608.41 5628.81 5647.16 5656.51 5641.91 5638.67 5621.06 5591.89 5559.14 5525.07 5497.22 5471.05 5444.31 5413.91 5407.45 5423.05 5435.16 5440.75 5425.9 5420.23 5416.42 5401.94 5391.78 5380.02 5368.08 5356.13 5344.85 5335.34
3801.28 3801.57 3803 3802.69 3805.61 3808.32 3811.62 3820.26 3822.15 3825.21 3832.71 3842.05 3850.71 3871.58 3941.44 4016.17 4090.18 4147.97 4200.32 4249.06 4278.85 4308.43 4336.17 4382.03 4384.09 4402.98 4643.88 4878.58 5063.4 5237.33 5376.39 5429.99 5459.24 5483.46 5506.99 5527.55 5543.31 5549.46 5566.86 5583.51 5612.95 5643.45 5669.4 5679.05 5658.38 5626.71 5592.02 5557.49 5526.29 5498.98 5474.78 5452.08 5432.31 5433.9 5437.92 5432.29 5428.51 5419.47 5415.37 5412.77 5408.99 5401.76 5389.2 5376.82 5365.77 5354.8 5344.35
3769.89 3771.36 3772.73 3778.92 3783.34 3780.19 3782.67 3796.08 3802.06 3807.42 3819.01 3832.47 3843.99 3855.04 3898.34 3954.09 4020.53 4069.01 4127.36 4166.93 4213.09 4253.45 4306.69 4369.87 4379.68 4390.16 4524.11 4710.42 4926.38 5168.4 5417.1 5448.67 5452.56 5468.34 5490.31 5514.41 5519.19 5518 5519.16 5548.88 5590.93 5633.58 5675.46 5707.29 5667.65 5627.91 5589.18 5549.25 5516.18 5496.33 5479.1 5464.18 5450.99 5439.62 5423.84 5407.49 5402.27 5401.79 5403.07 5419.42 5427.59 5408.87 5396.3 5385.46 5374.75 5365 5355.07
3737.83 3740 3744.08 3750.82 3754.79 3759.36 3760.1 3770.21 3779.39 3789.06 3803.18 3819.24 3828.44 3832.95 3865.14 3907.11 3956.58 4008.23 4052.97 4097.58 4147.22 4194.08 4249.31 4299.65 4338.63 4388.1 4459.86 4545.86 4766.86 5016.61 5251.64 5340.67 5387.78 5428.54 5461.46 5475.94 5490.68 5493.78 5483.58 5519.74 5569.13 5618.67 5658.13 5670.74 5655.97 5621.42 5583.1 5542.39 5504.8 5494.57 5483.04 5473.56 5466.74 5445.39 5391.2 5376.48 5379.84 5383.4 5384.66 5397.84 5404.61 5403.22 5396.73 5389.78 5382.23 5374.32 5364.77
3706.56 3707.85 3710.82 3718.62 3728.9 3734.74 3736.02 3745.58 3757.26 3768.88 3784.67 3801.12 3811.43 3813.79 3837.23 3873.6 3914.69 3959.68 4005.33 4050.44 4095.5 4141.35 4185.69 4235.6 4312.74 4437.62 4489.41 4454.39 4624.21 4830.72 5011.37 5174.84 5284.8 5369.39 5436.34 5476.47 5498.39 5505.01 5493.4 5509.2 5552.58 5602.47 5651.71 5665.76 5640.24 5608.03 5574.61 5546.01 5523.83 5498.17 5484.42 5477.4 5473.07 5457.39 5386.91 5378.47 5374.82 5373.83 5372.89 5380.28 5389.33 5394.94 5394.93 5390.37 5384.52 5378.08 5373.06
3674.94 3675.45 3677.53 3685.78 3701.11 3704.05 3710.7 3722.55 3735.86 3750.56 3766 3779.36 3786.02 3789.44 3812.63 3854.9 3900.06 3938.3 3983.61 4020.31 4064.09 4100.55 4144.28 4185.47 4285.79 4503.14 4544.66 4442.95 4533.75 4693.43 4865.52 5033.22 5180.98 5309.08 5419.17 5507.26 5569.48 5541.16 5501.44 5497.71 5534.89 5577.3 5615.9 5632.14 5615.54 5589.48 5556.72 5524.65 5506.48 5492.93 5482.5 5472.66 5459.95 5423.75 5378.86 5378.3 5375.99 5375.49 5375.79 5381.51 5385.87 5393.78 5394.48 5390.53 5384.99 5379.07 5374.53
3645.07 3644.68 3645.37 3653.7 3668.08 3673.12 3683.23 3696.07 3710.21 3724.83 3738.77 3754.99 3763.9 3758.49 3793.29 3845.75 3898.19 3945.48 3994.22 4037.36 4070.18 4108.12 4131.46 4158.66 4235.32 4455.94 4527.27 4447.12 4489.08 4590.12 4736.26 4915.26 5093.17 5256.96 5404.52 5529.08 5608.67 5577.19 5511.43 5487.79 5524.34 5553.99 5572.19 5583.37 5586.65 5573.76 5545.24 5499.11 5484.73 5490.62 5481.36 5465.23 5446.24 5423.24 5387.98 5371.72 5377.59 5384.4 5389.2 5394.84 5400.65 5400.98 5396.55 5390.17 5382.84 5375.43 5370.86
3619.12 3617.93 3618.65 3624.51 3633.24 3643.6 3656.13 3671.65 3687.22 3700.93 3709.55 3722.57 3751.01 3744.12 3779.98 3831.51 3875.18 3927.81 3966.46 4012.87 4059.5 4113.7 4154.81 4195.53 4260.26 4378.07 4490.59 4494.51 4507.46 4509.47 4624.48 4824.6 5024.19 5210.32 5380.64 5526.08 5623.13 5609.91 5560.66 5532.97 5531.73 5536.71 5555.67 5558.34 5565.84 5568.36 5561.52 5538.26 5518.39 5504.93 5486.4 5462.23 5435 5407.3 5388.29 5378.66 5387.51 5397.14 5405.53 5410.55 5418.53 5409.82 5398.09 5387.58 5374.4 5364.54 5356.77
3599.11 3595.85 3592.49 3593.51 3605.92 3616.81 3628.68 3645.95 3665.32 3678.98 3676.68 3640.02 3655.27 3707.52 3768.58 3811.88 3859.41 3905.61 3950.72 3995.88 4053.72 4116.21 4187.04 4259.23 4330.58 4368.95 4419.1 4574.88 4599.67 4508.31 4589.45 4783.7 4986.17 5179.72 5360.94 5513.44 5619.9 5628.93 5599.83 5574.45 5530.92 5511.75 5503.52 5524 5546.6 5566.78 5586.05 5604.36 5567.24 5528.19 5494.85 5461.75 5428.98 5399.06 5393.67 5398.85 5401.13 5408.44 5414.13 5416.13 5413.56 5407.87 5394.54 5382.45 5369.23 5357.3 5344.02
3593.8 3584.49 3574.31 3568.07 3578.87 3589.99 3602.01 3614.78 3628.96 3651.87 3654.1 3539.86 3475.51 3631.87 3746.68 3790.25 3834.78 3888.54 3940.37 3997.22 4051.46 4131.65 4208.95 4298.4 4373.15 4325.89 4405.09 4598.91 4663.03 4550.68 4612.68 4782.53 4977.55 5168.5 5345.1 5501.51 5599.68 5622.85 5581.09 5527.5 5491.91 5479.57 5492.16 5495.7 5524.38 5556.61 5589.2 5607.88 5579.57 5536.73 5496.07 5460.98 5427.83 5398.73 5388.96 5403.45 5412.16 5416.58 5416.68 5416.71 5419.97 5407.84 5387.71 5373.73 5360.49 5350.48 5329.23
