real_craters/C172-500m.grd
DSAA
265 265
-66.0975 66.0975
-66.0975 66.0975
3475.5105133397 6023.7291639144
[rows 30 to 59 of 265, columns 134 to 200 of 265]
5209.09 5216.57 5211.94 5212.79 5208.61 5209.86 5213.1 5215.39 5217.72 5222.18 5227.29 5232.74 5237.57 5241.26 5247.06 5252.3 5259.69 5264.96 5268.11 5269.89 5271.49 5273.47 5276.05 5278.94 5279.37 5280.82 5284.67 5289.74 5297.19 5304.47 5310.4 5315.75 5321.64 5327.82 5333.56 5339.44 5346.9 5350.53 5354.45 5357.77 5358.77 5359.1 5355.3 5360.16 5368.78 5373.36 5375.1 5375.43 5375.31 5378.19 5377.37 5378.76 5380.11 5382.45 5387.31 5393.58 5401.49 5409.82 5412.54 5415.6 5415.83 5414.37 5416.1 5416.91 5418 5420.63 5424.11
5210.93 5229.75 5234.36 5230.24 5218.58 5216.23 5212.83 5211.97 5213.73 5217.9 5223.89 5230.25 5236.38 5241.92 5247.24 5252.15 5258.2 5261.69 5264.79 5266.44 5268.11 5269.62 5272.16 5273.94 5273.5 5273.4 5278.86 5286.14 5294.24 5302.19 5307.77 5312.86 5318.09 5323.22 5329.14 5335.19 5340.03 5346.37 5351.18 5355.77 5359.68 5364.74 5373.75 5375.12 5379.57 5379.65 5379.07 5378.13 5377.4 5375.73 5379.13 5381.64 5382.76 5381.51 5386.21 5397.76 5406.59 5410.61 5411.11 5412.85 5411.62 5412.95 5412.75 5415.76 5417.79 5420.79 5424.08
5229.13 5259.51 5262.93 5253.54 5250.58 5232.53 5214.88 5210.42 5210.43 5215.4 5221.52 5228.88 5236.55 5243.87 5247.16 5250.34 5254.35 5258.07 5261.24 5262.89 5264 5264.97 5266.16 5269.41 5267.11 5263.75 5274.5 5282.71 5290.43 5297.48 5303.93 5309.56 5312.99 5318.03 5322.92 5330.59 5338.73 5342.2 5347.82 5353.94 5359.72 5366.67 5373.25 5387.77 5390.41 5385.9 5384.15 5383.11 5381.55 5378.79 5384.44 5389.11 5392.11 5390.4 5395.04 5409.01 5417.47 5417.27 5417.33 5409.73 5405.82 5409.44 5410.95 5413.57 5415.51 5418.18 5418.62
5246.68 5261.56 5259.13 5255.47 5257.95 5247.29 5233.52 5219.59 5212.85 5214.05 5221.1 5229.43 5237.59 5244.8 5249.05 5252.12 5253.47 5258.42 5259.35 5260.39 5260.49 5259.71 5258.05 5256.63 5263.01 5268.1 5274.43 5280.29 5286.84 5293.28 5299.41 5304.78 5308.98 5312.54 5315.47 5319.99 5327.83 5336.81 5344.78 5352.49 5358.74 5363.84 5381.01 5388.51 5388.79 5388.05 5389.14 5388.87 5388.3 5391.64 5394.73 5399.9 5407.88 5418.78 5422.3 5427.25 5436.77 5449.17 5457.28 5438.68 5419.1 5414.96 5412.61 5411.49 5412.55 5414.39 5414.05
5251.41 5252.75 5242.23 5240.64 5245.27 5254.64 5259.8 5230.82 5207.72 5213.77 5223.28 5231.96 5239.34 5245.34 5247.04 5248.24 5252.05 5256.61 5257.16 5257.35 5256.86 5255.96 5255.16 5255.43 5260.78 5270.21 5273.53 5276.89 5282.88 5289.18 5295.6 5301.4 5305.28 5307.86 5309.89 5310.31 5319.47 5332.57 5343.57 5352.96 5359.97 5365.57 5373.3 5375.51 5374.92 5390.74 5394.82 5394.99 5394.04 5392.82 5397.75 5409.11 5419.81 5428.03 5437.04 5442.62 5451.64 5468.3 5486.04 5464.45 5443.06 5419.11 5412.71 5410.99 5410.72 5410.83 5410.51
5241.52 5246.1 5239.05 5232.56 5238.82 5251.56 5257.68 5234.63 5214.81 5220.68 5229.9 5238.13 5243.56 5242.61 5245.18 5249.92 5249.04 5252.85 5255.71 5255.21 5253.2 5252.63 5253.96 5255.4 5256.14 5259.68 5264.27 5271.34 5279.18 5286.7 5293.65 5298.64 5301.19 5304.5 5307.55 5311.28 5319.97 5332.95 5345.41 5357.42 5367.46 5372.71 5381.69 5392.5 5402.26 5407.72 5405.63 5401.88 5398.92 5400.5 5407.47 5415.95 5431.61 5445.77 5448.63 5449.68 5451.18 5450.96 5446.33 5440.73 5413.21 5409.99 5408.23 5407.16 5406.22 5405.98 5403.99
5241.71 5237.82 5231.93 5226.29 5230.22 5239.8 5246.9 5238.03 5229.77 5234.08 5241.18 5248.61 5255.75 5261.49 5266.82 5263.23 5259.84 5259.5 5256.5 5253.73 5251 5249.47 5248.99 5249.35 5250.12 5248.9 5252.88 5266.32 5276.64 5285.91 5294.18 5296.05 5298.87 5302.68 5308.23 5318.44 5324.25 5334.1 5346.7 5361.89 5378.76 5396.97 5403.67 5417.79 5439.67 5429.58 5416.41 5406.71 5399.82 5396.09 5397.59 5415.28 5437.33 5461.06 5454.98 5449.26 5444.46 5437.29 5424.72 5418.67 5410.74 5405.48 5403.91 5403.55 5403.78 5402.66 5399.26
5231.1 5226.19 5220.32 5218 5220.56 5227.91 5236.43 5249.02 5250.09 5249.28 5252.5 5259.15 5269.15 5283.12 5294.23 5292.16 5279.93 5266.81 5260.81 5255.07 5249.49 5245.87 5247.22 5246.63 5247.38 5250.51 5257.55 5266.59 5274.71 5281.7 5286.81 5291.8 5295.71 5300.62 5306.87 5313.94 5323.25 5332.63 5345.29 5361.63 5382.75 5405.8 5408.83 5420.73 5446.29 5433.6 5419.84 5409.09 5399.88 5392.62 5394.65 5408.94 5429.95 5447.48 5447.18 5442.09 5436.06 5428.9 5417.61 5405.57 5399.2 5398.45 5400.27 5400.5 5400.26 5399.18 5394.37
5219.36 5215.36 5210.14 5209 5213.21 5221.11 5235.58 5256.33 5261.6 5257.48 5259.1 5265.65 5275.75 5288.55 5299.42 5303.36 5298.51 5279.74 5267.23 5257.44 5248.02 5238.77 5233.54 5238.13 5245.48 5255.57 5267.16 5269.45 5273.39 5278.56 5284.54 5288.11 5292.66 5297.84 5304.02 5311.69 5319.95 5329.99 5341.62 5354.83 5370.99 5388.92 5394.11 5399.42 5412.56 5418.51 5415.23 5407.87 5399.76 5391.07 5382.82 5403.17 5419.79 5427.74 5433.28 5430.65 5424.65 5417.88 5404.51 5395.52 5393.04 5395.11 5395.09 5395.21 5395.78 5395.87 5395.32
5211.13 5208.79 5207.76 5205.29 5206.12 5212.27 5225.65 5242.08 5252.25 5256.14 5260.43 5267.06 5275.96 5285.32 5291.93 5290.96 5292.1 5283.66 5272.43 5260.76 5248.74 5236.04 5220.68 5231.7 5243.78 5255.68 5266.71 5268.28 5270.28 5274.81 5282.6 5284.82 5288.11 5293.87 5300.27 5307.49 5316.13 5324.76 5333.82 5343.15 5350.49 5361.07 5378.03 5394.67 5402.09 5409.01 5409.4 5405.54 5401 5398.26 5400.34 5410.6 5418.34 5423.16 5423.68 5419.65 5412.86 5405.13 5396.92 5389.3 5391.84 5392.11 5389.98 5389.56 5389.37 5389.04 5388.68
5210.26 5205.84 5202.06 5196.84 5198.79 5204.58 5215.72 5228.66 5240.36 5249.36 5256.64 5264.07 5271.47 5277.27 5280.58 5281.71 5284.73 5284.44 5275.88 5264.01 5252.53 5243.88 5243.85 5238.7 5244.15 5251.91 5259.22 5262.03 5264.29 5265.91 5265.14 5271.55 5281.92 5290.18 5297.63 5305.18 5312.22 5319.71 5326.86 5333.42 5338.23 5346.09 5363.12 5379.14 5396.44 5405.88 5404.43 5402.29 5401.06 5404.4 5415.47 5419.62 5423.76 5423.1 5418.02 5410.06 5399.81 5388.27 5379.94 5376.2 5376.08 5379.31 5381.65 5382.22 5381.23 5378.88 5373.89
5214.28 5207.62 5201.18 5194.57 5196.25 5198.88 5207.81 5217.95 5230.73 5241.82 5250.91 5258.9 5264.97 5269.95 5271.41 5269.94 5282.25 5283.79 5276.03 5264.01 5254.06 5247.27 5243.55 5242.57 5244.54 5248.1 5251.03 5255.44 5259.19 5260.55 5258.72 5268.99 5278.95 5287.04 5294.71 5302 5308.48 5314.81 5320.55 5327.65 5335.6 5343.12 5351.5 5361.84 5383.3 5396.21 5395.51 5395.46 5396.63 5401.07 5408.92 5415.74 5421.05 5419.96 5412.29 5402.69 5390.46 5376.25 5369.57 5368.57 5367.99 5371.18 5374.84 5375.72 5373.86 5370.12 5363.91
5220.95 5210.51 5203.88 5202.14 5201.19 5202.74 5205.43 5211.94 5224.07 5235.96 5246.17 5254.14 5260.66 5265.44 5269.31 5270.14 5268.78 5273.21 5269.13 5259.52 5252 5246.85 5244.32 5242.73 5243.77 5246.17 5248.32 5252.5 5257.3 5262.23 5270.91 5275.08 5277.64 5283.74 5292.08 5298.73 5303.92 5309.75 5316.71 5321.09 5323.95 5333.03 5341.74 5349.65 5363.1 5375.46 5382.42 5386.16 5389.14 5392.22 5395.81 5401.98 5407.15 5411.16 5406.6 5397.62 5386.22 5372.71 5366.87 5364.25 5363.3 5364.35 5372.3 5371.02 5367.07 5363.49 5359.73
5221.37 5211.98 5204.41 5202.97 5203.89 5204.56 5206.19 5210.44 5221.26 5232.76 5242.95 5250.51 5257.51 5262.48 5265.3 5265.91 5256.43 5259.25 5253.13 5251.23 5247.42 5242.65 5240.33 5241.33 5243.24 5245.41 5249.89 5253.23 5256.03 5260.37 5266.06 5270.78 5273.36 5277.7 5286.11 5292.67 5299.54 5306.48 5313.24 5318.97 5323.87 5330.52 5336.74 5340.78 5349.71 5362.26 5371.34 5378.68 5382.65 5383.96 5382.38 5387.13 5406.49 5406.98 5402.13 5394.31 5386.54 5378.82 5367.97 5362.85 5363.97 5377.01 5374.71 5366.87 5359.83 5354.64 5352.57
5220.93 5217.03 5218.1 5215.55 5208.54 5211.94 5210.29 5214.21 5222.38 5232.28 5242.02 5250.51 5257.28 5262.44 5263.61 5265.03 5253.86 5251.92 5247.25 5247.37 5245.18 5241.06 5239.09 5239.4 5240.82 5244.07 5248.73 5252.19 5253.62 5256.36 5260.33 5264.08 5267.78 5270.6 5271.22 5284.11 5294.29 5302.95 5311.28 5320.8 5330.34 5333.22 5337.46 5343.47 5349.87 5354.3 5366.19 5374.88 5380.4 5382.71 5379.91 5378.35 5396.19 5403.34 5398.69 5390.61 5384.01 5380.4 5365.93 5356.02 5361.87 5375.25 5369.8 5360.41 5352.08 5343.49 5339.98
5232.78 5229.95 5230.8 5226.43 5211.21 5206.32 5210.71 5216.52 5224.32 5234.25 5244.49 5253.64 5261.28 5267.1 5269.57 5267.04 5257.14 5256.67 5255.23 5249.4 5245.23 5244.65 5239.72 5237.01 5238.29 5240.82 5244.82 5248.43 5249.68 5251.99 5254.4 5258.44 5264.78 5270.18 5276.29 5283.96 5293.13 5301.05 5308.65 5318.12 5329.68 5332.81 5338.61 5347.27 5355.46 5360.57 5366.89 5375.09 5381.84 5387.86 5397.4 5413.76 5410.94 5407.06 5397.69 5385.88 5372.48 5362.8 5358.23 5352.62 5354.66 5357.12 5356.42 5351.29 5345.54 5342.92 5345.84
5242.97 5239.01 5236.65 5231.89 5221.81 5212.32 5211.45 5217.84 5228.31 5238.68 5249.36 5258.96 5267.22 5273.89 5279.99 5269.5 5264.74 5270.08 5258.76 5251.83 5243.07 5234.08 5232.72 5232.66 5234.43 5237.23 5239.34 5241.34 5245.93 5249.43 5252.09 5256.24 5265.67 5275.68 5283.93 5289 5294.68 5299.81 5304.7 5308.53 5315.82 5327.52 5337.01 5347.22 5357.54 5359.41 5369.12 5377.74 5384.29 5391.8 5403.15 5419.64 5424.81 5409.84 5396.84 5383.61 5367.15 5352.56 5356.09 5355.05 5355.66 5355.53 5350.13 5342.5 5339.14 5342 5350.33
5244.46 5243.65 5240 5237.2 5237.47 5229.76 5222.14 5226.06 5235.98 5246.06 5255.65 5265.65 5273.89 5282.11 5287.12 5273.72 5265.07 5266.63 5267.57 5260.2 5243.44 5227.15 5226.09 5228.28 5231.18 5234.24 5237.59 5241.4 5245.73 5249.5 5253.03 5257.2 5269.53 5282.84 5291.94 5293.99 5296.82 5300.25 5303.32 5306.05 5312.3 5324.37 5334.46 5342.69 5350.23 5366.5 5378.24 5382.34 5385.53 5390.2 5397.13 5408.53 5409.82 5401.85 5393.93 5385.02 5376.75 5369.05 5362.78 5361.59 5358.56 5347.18 5335.9 5332.38 5332.2 5332.56 5350.08
5243.16 5244.6 5246.84 5251.03 5251.18 5245.22 5236.94 5239.46 5246.89 5254.26 5262.83 5271.3 5280.4 5288.98 5291.25 5281.85 5269.43 5261.75 5275.94 5271.39 5247.52 5228.6 5224.77 5226.03 5229.17 5232.69 5237.17 5243.65 5246.77 5252.2 5258.92 5266.46 5275.37 5285.43 5294.29 5295.12 5297.74 5301.18 5305.5 5311 5317.13 5325.06 5334.01 5342.29 5350.9 5374.78 5385.92 5384.44 5384.34 5385.22 5385.84 5385.06 5385.72 5390.44 5389.58 5386.26 5380.92 5373.78 5366.5 5360.63 5350.57 5333.82 5321.75 5327.15 5333.55 5339.57 5360.78
5246.02 5250.7 5259.8 5261.62 5256.88 5254.24 5253.12 5253.83 5257.94 5263.55 5269.98 5276.43 5282.14 5288.23 5287.64 5283.53 5274.86 5268.03 5278.93 5274.31 5249.21 5230.95 5225.82 5227.22 5230.11 5233.09 5236.11 5239.96 5246.16 5255.59 5266.76 5280.74 5283.22 5280.96 5286.56 5294.51 5298.46 5302.02 5307.02 5314.16 5319.91 5326.02 5334.64 5345.53 5358.34 5373.44 5381.09 5380.38 5380.23 5380.13 5377.12 5371.07 5375.16 5383.95 5387.27 5387.06 5385.47 5376.98 5366.5 5357.58 5354.33 5331.42 5322.31 5331.04 5344.16 5359.87 5378.84
5249.6 5251.85 5265.38 5274.07 5268.39 5270.9 5268.43 5268.44 5270.33 5273.52 5278.52 5282.71 5283.77 5277.72 5276.27 5280.56 5275.23 5272.56 5280.94 5271.66 5246.85 5230.06 5228.89 5230.62 5233.34 5235.75 5237.55 5239.6 5246.52 5258.82 5271.7 5283.26 5289.93 5290.95 5294.72 5298.38 5300.77 5303.31 5307.09 5315.31 5318.19 5325.15 5334.08 5345.67 5361.75 5369.38 5368.65 5371.2 5374.88 5378.19 5378.84 5376.32 5383.05 5386.88 5388.4 5387.75 5385.86 5375.51 5363.14 5349.22 5328.99 5326.48 5328.48 5341.87 5358.55 5375.99 5392.87
5252.6 5255.98 5272.98 5289.51 5306.18 5302.75 5287.57 5284.74 5284.08 5285.57 5287.66 5290.62 5293.42 5298.38 5296.4 5285.54 5277.34 5273.81 5278.13 5271.85 5251.5 5237.56 5236.93 5238.3 5240.25 5241.94 5243.14 5244.2 5250.49 5263.76 5275.96 5285.6 5297.24 5310.87 5308.28 5304.57 5303.73 5303.91 5303.58 5304.85 5314.52 5322.48 5330.68 5339.2 5350.58 5353.31 5350.96 5360.2 5372.2 5382.92 5391.31 5395.25 5394.56 5396.2 5392.96 5386.5 5379 5370.76 5359.44 5346.89 5335.18 5337.6 5346.43 5355.84 5372.4 5389.33 5392.86
5274.74 5281.22 5292.84 5297.48 5310.04 5314.71 5304.85 5297.63 5295.16 5295.16 5295.85 5297.74 5299.62 5306.62 5307.63 5300.24 5292.06 5278.57 5275.65 5283.78 5263.72 5252.77 5251.43 5251.23 5252.35 5252.73 5254.18 5256.6 5262.13 5271.96 5281.93 5292.94 5304.08 5312.4 5312.05 5308.39 5307.19 5305.13 5303.3 5304.76 5312.89 5320.1 5326.21 5330.29 5328.51 5323.92 5332.35 5353.02 5373.37 5390.63 5407.57 5422.55 5419.66 5412.03 5400.44 5386.13 5374.55 5366.46 5359.28 5351.36 5348.03 5351.37 5358.03 5366.5 5376.01 5386.73 5392.37
5306.77 5322.22 5314.19 5309.83 5307.11 5308.46 5307.84 5304.35 5301.84 5300.96 5301.52 5301.54 5301.93 5299.12 5305.11 5316.1 5326.9 5296.65 5285.54 5290.37 5279.92 5272.82 5269.67 5268.34 5266.86 5266.64 5267.62 5271.13 5276.32 5280.24 5286.35 5294.95 5302.76 5304.96 5309.16 5309.52 5309.49 5307.73 5308.58 5312.82 5315.54 5321.46 5326.35 5328.95 5326.36 5325.96 5338.36 5360.1 5380.37 5399 5415.86 5432.52 5442.74 5428.42 5410.36 5392.27 5374.89 5368.57 5362.01 5356.63 5353.16 5357.86 5370.81 5376.27 5380.2 5391.46 5404.07
5324.26 5331.7 5323.81 5321.61 5331.47 5314.32 5310.47 5310.35 5309.09 5306.67 5307.16 5307.86 5308.29 5307.78 5305.82 5309.22 5304.89 5309.67 5306.88 5305.63 5306.06 5298.23 5290.68 5286.99 5283.12 5280.04 5279.06 5281.9 5289.03 5284.62 5286.22 5289.68 5293.58 5301.67 5307.36 5311.7 5312.56 5311.5 5306.6 5311.21 5320.24 5327.32 5332.54 5336.69 5342.12 5353.48 5363.39 5375.88 5392.77 5408.92 5421.72 5435.25 5450.29 5437.67 5416.4 5399.51 5387.87 5374.09 5367.07 5362.83 5361.75 5367.62 5377.91 5386.76 5392.22 5405.65 5421.98
5328.93 5336.18 5339.46 5327.19 5328.71 5327.15 5319.28 5317.1 5316.56 5317.37 5317.73 5316.94 5313.35 5310.77 5311.76 5308.35 5303.65 5315.33 5325.19 5319.61 5321.91 5318.74 5312 5305.53 5299.56 5293.55 5288.41 5285.04 5280.34 5281.31 5284.41 5285.52 5290.11 5298.82 5306.72 5312.48 5317.83 5320.11 5317.5 5321.27 5330.15 5336.34 5341.31 5346.21 5353.15 5361.22 5372.32 5390.06 5407.67 5421.41 5433.44 5444.66 5452.72 5439.45 5417.35 5391.89 5379.09 5377.46 5372.92 5369.47 5368.78 5372.41 5384.03 5394.64 5408.67 5423.48 5443.64
5322.21 5327.63 5334.54 5330.72 5328.88 5330.01 5323.77 5327.32 5329.97 5330.41 5329.95 5329.25 5327.58 5326.78 5325.52 5322.56 5312.18 5326.37 5321.23 5328.65 5334.82 5336.63 5331.31 5322.15 5313.86 5304.41 5294.48 5287.55 5281.73 5280.03 5284.31 5286.25 5289.53 5300.07 5308.2 5317.03 5324.24 5334.28 5343.03 5342.63 5343.89 5346.94 5351.23 5356.3 5362.38 5371.27 5393.1 5413.96 5425.34 5434.26 5440.17 5444.89 5444.92 5435.05 5420.4 5406.82 5393.15 5386.27 5380.93 5376.98 5376.4 5381.46 5392.95 5403.35 5407.61 5426.13 5447.07
5314.25 5306.27 5321.78 5338.47 5339.78 5322.21 5328.63 5341.07 5345.76 5346.77 5344.19 5342.1 5341.06 5343.46 5346.18 5352.22 5366.55 5378.53 5387.93 5368.42 5364.32 5359.84 5350.31 5338.19 5327.38 5317.87 5307.22 5296.49 5285.67 5282.26 5288.13 5290.82 5291.86 5299.66 5309.41 5318.01 5328.93 5343.79 5358.72 5356.5 5353.67 5355.49 5360.61 5367.02 5373.54 5385.08 5410.21 5432.38 5440.18 5447.3 5450.1 5446.97 5437.55 5428.8 5424.48 5419.05 5408.46 5397.67 5389.76 5384.13 5381.73 5382.53 5395.69 5406.72 5416.89 5422.49 5437.57
5317.06 5304.99 5321.82 5341.87 5338.59 5336.18 5354.41 5363.85 5364.2 5362.1 5357.7 5354.66 5354.5 5356.24 5364.97 5377.3 5397.64 5408.84 5412.72 5408.07 5403.76 5382.27 5366.75 5352.7 5341.1 5329.72 5319.31 5308.37 5296.45 5293.33 5297 5298.96 5307.44 5306.48 5310.87 5317.53 5325.87 5340.19 5355.94 5356.35 5357.66 5362.17 5368.71 5377.93 5387.71 5397.19 5415.18 5433.96 5449.7 5461.07 5464.21 5455.03 5439.36 5429.08 5427.9 5428.6 5417.91 5406.65 5397.68 5390.56 5385.96 5384.93 5391.19 5399.47 5409.73 5418.19 5434.95
5330.98 5321.31 5320.11 5341.64 5338.98 5382.4 5399.39 5388.78 5381.85 5376.31 5372.39 5367.38 5361.5 5372.35 5382.36 5391.96 5396.94 5408.94 5429 5428.8 5416.99 5395.32 5379.58 5365.54 5352.81 5343.47 5334.27 5325.52 5320.07 5313.6 5306.38 5301.58 5303.3 5307.71 5310.46 5312.79 5315.65 5323.44 5335.93 5345.58 5354.85 5365.08 5377.1 5390.2 5404.07 5419.12 5432.67 5441.25 5459.11 5474.29 5482.09 5464.93 5444.6 5429.7 5429.43 5427.57 5422.08 5413.1 5404.47 5396.44 5390.16 5386.07 5389.23 5395.87 5412.33 5417.17 5437.75
