real_craters/C172-500m.grd
DSAA
265 265
-66.0975 66.0975
-66.0975 66.0975
3475.5105133397 6023.7291639144
[rows 0 to 29 of 265, columns 134 to 200 of 265]
5234.6 5232.62 5230.32 5227.2 5223.44 5218.84 5221.47 5229.43 5234.88 5227.81 5229.76 5224.33 5220.82 5218.66 5219.71 5220.38 5221 5220.86 5219.53 5219.36 5222.6 5220.85 5214.34 5212.57 5210.38 5207.71 5204.33 5199.91 5201.63 5204.53 5207.25 5210.36 5213.43 5216.12 5218.58 5221.2 5223.98 5227.09 5233.66 5248 5259.3 5260.9 5263.04 5265.57 5268.52 5271.11 5274.6 5278.93 5281.69 5285.91 5290.5 5294.93 5298.09 5300.05 5301.14 5301.97 5307.37 5308.99 5310.94 5311.71 5313.52 5314.89 5314.94 5313.35 5317.82 5321.39 5324.82
5238.89 5235.9 5233.07 5230.51 5227.98 5225.95 5226.48 5230.48 5234.3 5231.34 5230.95 5228.03 5225.34 5222.41 5222.67 5223.06 5223.62 5223.04 5221.23 5217.66 5212.82 5207.7 5209.7 5211.01 5209.81 5207.72 5205.75 5204.47 5204.46 5205.64 5207.71 5209.67 5211.84 5214.31 5216.44 5218.3 5219.98 5222.04 5227.64 5244.21 5253.46 5257.54 5261.31 5264.92 5268.27 5271.78 5275.77 5278.86 5283.72 5288.35 5293.4 5298.95 5302.91 5302.39 5302.54 5306.05 5308.69 5311.19 5313.69 5315.89 5318.03 5320.73 5325.38 5330.29 5327.06 5328.24 5330.05
5249.88 5246.79 5243.12 5239.74 5236.21 5234.6 5232.57 5232.06 5228.52 5225.31 5230.37 5233.45 5230.6 5226.79 5226.69 5226.82 5226.76 5226.24 5224.45 5220.86 5214.2 5214.15 5214.22 5212.9 5210.84 5207.73 5204.89 5207.49 5207.04 5206.84 5208.57 5210.35 5212.69 5213.88 5215.48 5216.9 5218.49 5220.44 5224.77 5236.06 5245.4 5253.05 5259.26 5264.12 5268.31 5271.87 5273.86 5279.9 5284.15 5288.22 5293.3 5299.43 5302.28 5302.89 5302.66 5301.23 5309.53 5315.04 5318.22 5319.4 5322.03 5324.88 5325.8 5328.25 5331.48 5332.79 5334.15
5269.03 5272.41 5264.74 5253.81 5242.69 5237.27 5234.85 5235.33 5237.6 5238.18 5239.12 5236.91 5237.83 5233.02 5231.47 5230.69 5230.23 5230.95 5230.69 5226.13 5228.6 5226.19 5221.51 5216.41 5213.3 5211.37 5210.53 5207.39 5209.11 5210.01 5211.56 5212.74 5213.34 5214.77 5215.91 5217.3 5218.97 5220.98 5224.85 5230.09 5240.32 5249.89 5256.84 5262.82 5267.85 5273.08 5282.26 5282.6 5283.87 5287.38 5291.54 5295.74 5298.83 5301.07 5304.95 5307.52 5309.6 5314.7 5317.7 5321.34 5325.35 5329.23 5331.79 5334.27 5336.31 5337.77 5340.42
5303.88 5299.96 5281.81 5263.58 5245.27 5233.66 5231.55 5232.73 5234.42 5235.88 5231.66 5234.95 5239.26 5237.76 5234.78 5233.61 5233.59 5234.81 5237.83 5243.8 5231.2 5227.16 5222.49 5218.19 5215.3 5213.8 5212.4 5209.89 5211.12 5212.38 5214.11 5215.57 5217.59 5219.59 5220.52 5221.74 5221.72 5223.3 5224.22 5227.42 5238.63 5247.59 5255.44 5261.9 5267.19 5272.05 5276.52 5277.91 5281.36 5285.97 5290.17 5292.2 5289.44 5300.49 5309.57 5317.38 5326.48 5317.07 5317.11 5322.77 5329.01 5335.39 5341.09 5342.51 5342.23 5342.52 5343.41
5349.91 5328.02 5301.9 5275.21 5249 5233.82 5228.73 5224.43 5223.23 5225.48 5227.94 5229.39 5232.25 5235.25 5234.32 5233.12 5233.54 5235.17 5238.72 5244.27 5237.09 5227.72 5221.74 5218.11 5215.76 5214.42 5213.3 5211.55 5213.93 5215.71 5217.67 5220.5 5222.27 5223.38 5224.82 5224.77 5226.43 5226.74 5227.18 5230.96 5238.11 5248.18 5256.08 5262.65 5267.26 5269.25 5260.66 5271.7 5278.16 5284.61 5290.28 5295.77 5304.77 5310.27 5314.91 5320.88 5323.34 5311.7 5317.02 5324.3 5331.05 5338.35 5346.69 5347.18 5346.47 5346.46 5346.47
5391.51 5347.39 5311.47 5282.39 5260.81 5241.62 5230.19 5221.91 5219.71 5220.05 5219.89 5224.68 5230.06 5235.97 5231.69 5231.63 5232.89 5233.78 5233.58 5233.66 5235.52 5227.45 5221.12 5218.29 5215.26 5212.93 5214.23 5215.81 5217.24 5219.59 5221.97 5223.99 5226.08 5226.91 5229.22 5230.41 5229.55 5230.86 5232.8 5238.76 5245.02 5253.27 5260.38 5265.96 5269.58 5272.78 5266.56 5268.67 5277.21 5284.91 5291.93 5299.42 5308.63 5314.31 5317.13 5320.79 5322.95 5324.03 5323.55 5327.84 5333.23 5338.44 5342.61 5346.55 5348.32 5349.62 5349.96
5382.64 5340.38 5305.28 5277.34 5257.81 5241.93 5229.19 5223.19 5221.65 5222.64 5214.26 5223.86 5228.45 5215.24 5222.26 5228.18 5231.48 5232.55 5230.13 5223.59 5228.94 5226.57 5223.59 5219.65 5215.77 5211.01 5205.7 5214.97 5220.06 5223.3 5225.63 5228.13 5231.02 5231.01 5233.51 5234.93 5236.38 5237.63 5239.92 5243.52 5247.47 5259.28 5266.71 5270.61 5272.82 5272.68 5270.94 5273.77 5281.84 5288.85 5295.64 5302.1 5306.91 5309.94 5316.23 5319.08 5318.33 5323.67 5327.41 5331.28 5336.03 5339.42 5341.02 5347.96 5351.41 5352.84 5352.3
5328.09 5311.59 5286.7 5260.54 5237.47 5230.98 5225.57 5219.73 5222.03 5225.46 5222.23 5220.98 5219.73 5216.67 5223.47 5228.73 5231.85 5233.86 5234.79 5230.02 5223.2 5225.18 5224.06 5221.47 5218.4 5215.27 5214.79 5219.62 5224.19 5227.14 5229.79 5232.92 5235.63 5238.8 5238.99 5240.46 5242.9 5244.89 5248.39 5253.68 5267.62 5273.95 5275.21 5277.31 5278.7 5277.56 5277.12 5282.8 5289.01 5294.5 5300.25 5305.78 5310.47 5315.31 5317.14 5318.1 5323.3 5326.83 5327.71 5334.02 5341.54 5347.21 5348.8 5354.26 5356.05 5356.6 5356.38
5285.15 5278.61 5263.01 5244.41 5226.15 5225.17 5226.03 5225.82 5225.38 5227.79 5226.52 5226.93 5229.69 5232.78 5233.24 5232.9 5234.3 5235.82 5237.51 5235.47 5230.15 5228.54 5226.76 5225.19 5223.6 5222.74 5225.03 5228.98 5229.88 5231.89 5234.32 5236.99 5239.45 5242.38 5243.67 5246.69 5250.6 5252.79 5255.48 5260.01 5272.6 5279.88 5281.29 5283.07 5286.1 5290.68 5294.16 5296.42 5298.07 5301.22 5305.41 5309.57 5313.99 5318.3 5316.56 5313.97 5310.76 5310.91 5323.22 5335.11 5348.01 5362.27 5368.95 5363.73 5361.89 5360.67 5359.75
5251.07 5250.49 5244.41 5236.14 5229.2 5227.12 5227.42 5227.35 5227.56 5227.47 5232.16 5228.16 5236.61 5235.46 5235.13 5237.1 5237.46 5237.36 5236.67 5240.82 5237.23 5233.9 5231.78 5229.99 5228.37 5228.11 5230.15 5232.46 5233.88 5236.47 5239.28 5242.43 5245.65 5248.83 5251.06 5254.57 5258.16 5261.71 5264.38 5268.51 5276.7 5282.09 5284.94 5287.49 5291.18 5296.84 5301.96 5304.73 5305.18 5307.03 5309.63 5311.52 5313.54 5314.91 5313.71 5310.76 5305.87 5308.1 5321.31 5335.08 5348.99 5363.94 5370.99 5368.68 5367.32 5366.01 5364.29
5229.26 5232.26 5231.42 5228.16 5226.1 5227.26 5228.55 5228.92 5229.15 5229.34 5232.54 5237.27 5237.5 5241.21 5241.95 5241.55 5241.59 5241.43 5238.85 5240.4 5240.3 5238.46 5236.83 5235.02 5232.8 5231.62 5231.55 5232.1 5235.99 5240.03 5243.91 5247.61 5251.54 5255.31 5258.79 5262.45 5267.07 5270.73 5275.15 5278.01 5281.75 5285.96 5286.71 5289.23 5292.49 5297.77 5303.1 5307.71 5310.31 5312.15 5313.39 5314.32 5313.98 5312.09 5310.65 5313 5313.7 5314.65 5324.59 5336.77 5348.47 5357.32 5365.18 5369.14 5369.48 5368.76 5367.86
5222.93 5225.45 5225.55 5223.91 5224.65 5228.33 5231.08 5231.96 5231.33 5232.23 5232.96 5236.92 5242.54 5242.85 5245.36 5245.03 5245.87 5247.09 5249.84 5243.12 5243.05 5241.92 5240.82 5238.4 5236.14 5235.15 5234.85 5235.84 5239.29 5243.25 5247.44 5251.32 5255.35 5259.05 5263.47 5267.83 5272.6 5277.92 5284.69 5287.73 5286.24 5280.59 5287.71 5290.39 5293.59 5298.22 5304.79 5310.16 5313.93 5315.64 5316.77 5317.29 5316.23 5312.66 5312.31 5319.5 5324.33 5327.42 5330.9 5339.84 5350.53 5359.66 5365.68 5369.62 5371.22 5371.04 5370.68
5227.13 5226.18 5226.08 5226.08 5227.51 5230.27 5232.51 5232.68 5231.42 5232.44 5235.98 5239.91 5247.1 5242.79 5242.39 5247.42 5248.94 5249.71 5250.26 5252.89 5247.93 5244.9 5242.48 5240.44 5238.22 5237.25 5238.56 5240.56 5243.78 5247.07 5250.65 5254.46 5258.67 5262.75 5267.16 5271.55 5276.83 5282.12 5289.06 5290.53 5291.08 5297.32 5292.05 5291.44 5293.14 5298.73 5307.11 5315.86 5317.56 5318.62 5319.86 5320.79 5321.44 5323.48 5330.13 5328.92 5329.17 5325.61 5332.86 5344.67 5354.77 5359.12 5367.97 5371.53 5372.65 5372.7 5371.82
5231.89 5229.06 5229.77 5230.73 5231.48 5232.49 5233.49 5232.29 5231.25 5232.44 5238.04 5239.18 5246.76 5249.06 5251.52 5251.83 5252.85 5253.09 5250.82 5253.06 5250.14 5247.08 5244.42 5242.14 5240.49 5238.9 5241.54 5244.93 5248.68 5250.93 5254.15 5258.16 5262 5266.38 5270.8 5275.43 5279.74 5283.43 5286.15 5290.49 5291.53 5286.95 5289.19 5292.54 5294.34 5298.68 5307.56 5315.7 5318.31 5321.16 5323.73 5325.07 5326.92 5329.05 5331.28 5336.75 5342.76 5341.73 5342.91 5352.63 5363.09 5370.5 5372.28 5372.76 5373.46 5373.4 5373.1
5230.28 5229.96 5232.72 5236.15 5234.64 5234.01 5233.73 5230.41 5228.85 5233.42 5240.1 5244.95 5250.9 5254.08 5253.42 5255.5 5256.9 5257.8 5257.27 5252.85 5251.12 5249.02 5246.57 5244.19 5244.27 5245.35 5246.57 5249.61 5251.33 5253.85 5257.26 5261.09 5265.61 5270.37 5274.44 5278.74 5283.03 5285.94 5288.89 5293.96 5296.87 5292.79 5295.62 5297.26 5298.91 5303.4 5308.84 5310.02 5319.06 5324.35 5327.3 5329.89 5332.36 5335.45 5340.17 5345.32 5349.31 5349.98 5355.36 5362.12 5370.8 5379.2 5376.5 5375.23 5374.84 5374.26 5373.66
5232.74 5229.31 5230.5 5233.01 5233.24 5233.05 5233.32 5227.95 5220.65 5226.93 5242.44 5249.2 5254.11 5257.84 5258.93 5260.16 5260.65 5260.81 5256.01 5253.03 5252.43 5251.24 5250.16 5249.78 5249.02 5248.43 5249.51 5249.85 5252.42 5255.98 5259.97 5264.18 5268.81 5273.09 5277.66 5281.96 5285.9 5290.06 5294.76 5297.73 5300.68 5306.16 5304.36 5303.04 5305.73 5309.83 5315.44 5323.22 5327 5328.97 5331.91 5334.35 5337.4 5340.74 5346.32 5352.84 5359.45 5367.57 5369.75 5369.05 5370.94 5373.43 5375.08 5374.79 5373.75 5373.27 5372.8
5228.16 5226.86 5226.37 5227 5229.67 5230.85 5230.63 5228.54 5227.06 5231.48 5238.47 5251.59 5255.26 5254.83 5259.71 5262.44 5262.88 5262.87 5260.94 5256.85 5255.67 5254.24 5252.89 5250.71 5251.95 5253.08 5253.3 5253.48 5255.56 5258.76 5263.01 5267.44 5272.39 5276.77 5281.51 5285.29 5288.78 5291.95 5296.55 5300.4 5306.16 5302.45 5302.31 5305.96 5310.96 5315.63 5321.04 5326.94 5330.63 5333.67 5336.17 5338.47 5340.86 5344.47 5348.45 5354.74 5364.74 5372.98 5373.39 5371.4 5370.21 5370.99 5373.77 5373.68 5373.26 5372.47 5371.12
5231.98 5226.85 5225.75 5225.94 5227.28 5229.41 5230.96 5231.05 5233.82 5239.53 5247.56 5251.45 5254.6 5257.33 5259.13 5262.4 5264.35 5264.67 5264.74 5262.48 5259.89 5257.63 5255.36 5253.97 5254.86 5257.16 5256.84 5256.73 5258.61 5261.83 5266.79 5271.63 5276.31 5280.72 5284.69 5288.74 5291.93 5293.69 5297.22 5302.56 5306.18 5304.05 5303.24 5308.94 5314.88 5320.57 5325.55 5330.4 5335.1 5337.95 5340.3 5342.79 5344.82 5347.65 5350.71 5357.25 5366.12 5373.02 5373.25 5372.75 5372.79 5372.86 5373.77 5373.72 5373.21 5371.94 5370.45
5237.2 5228.55 5223.87 5223.97 5225.51 5227.16 5228.86 5230.09 5234.47 5241.37 5249.32 5251.04 5252.08 5253.64 5261.8 5266.19 5265.95 5265.47 5269.23 5266.73 5263.62 5261.01 5258.99 5256.94 5257.33 5259.46 5260.37 5259.05 5258.68 5266.01 5271.56 5276.58 5281.44 5285.75 5289.29 5293.15 5296.54 5301.18 5303.42 5305.15 5308.12 5303.74 5299.34 5312.81 5323.59 5325.07 5329.11 5335.13 5339.9 5340.61 5342.83 5345.68 5347.93 5350 5353.14 5358.15 5367.94 5374.66 5375.3 5375.94 5377.36 5376.96 5376.15 5374.82 5373.24 5371.4 5369.46
5236.6 5229.15 5224.54 5224.14 5224.67 5224.66 5225.54 5227.34 5230.25 5238.19 5243.67 5244.94 5246.89 5253.33 5258.07 5264.36 5266.87 5269.11 5269.06 5268.12 5266.25 5264.52 5263.27 5262.94 5263.81 5264.61 5266.02 5266.76 5269.68 5273.63 5277.97 5282.98 5287.04 5291.72 5295.18 5297.98 5300.6 5304.43 5306.2 5306.55 5307.25 5306.68 5308.03 5315.09 5321.99 5326.37 5330.06 5333.12 5335.84 5341.15 5345.73 5348.77 5351.31 5353.26 5355.44 5356.7 5365.4 5375.11 5380.27 5379.7 5381.09 5380.05 5378.57 5376.79 5374.78 5372.25 5369.11
5235.11 5229.19 5228.39 5226.28 5225.5 5225.62 5225.65 5226.89 5229.51 5236.04 5242.2 5246.81 5251.07 5251.7 5256.15 5262.43 5266.64 5269.05 5268.28 5268.68 5267.65 5266.26 5265.87 5267.07 5268.4 5270.24 5272.26 5274.97 5279.8 5281.33 5284.57 5289.29 5294.14 5298.56 5302.09 5303.81 5303.44 5302.42 5305.9 5308.31 5311.32 5313.9 5318.12 5317.34 5320.63 5326.44 5331.68 5334.54 5334.72 5344.79 5349.8 5353.15 5355.71 5356.98 5359.41 5364.49 5366.44 5376.52 5386.05 5384.46 5382.65 5382.28 5380.9 5378.9 5376.35 5373.45 5369.85
5231.41 5229.94 5229.82 5227.7 5226.08 5226.21 5226.2 5227.13 5230.25 5234.84 5240.38 5246.31 5250.08 5251.86 5259.72 5267.23 5265.86 5266.78 5271.25 5270.12 5268.34 5266.97 5266.53 5267.74 5273.7 5274.37 5276.19 5279.21 5281.09 5285.7 5290.34 5296.09 5301.94 5307.56 5311.68 5312.73 5310.02 5305 5310 5312.43 5313.48 5315.28 5320.83 5314.56 5319.37 5328.44 5335.83 5342.66 5351.32 5352.59 5354.96 5357.35 5359.98 5361.21 5362.64 5363 5370 5378.21 5385.48 5386.39 5387.53 5384.67 5382.66 5379.78 5377.4 5374.02 5371.35
5230.76 5225.62 5229.15 5226.77 5224.39 5224.32 5224.15 5225.94 5228.97 5233.84 5238.99 5244.46 5250.12 5252.22 5257.71 5267.87 5268.96 5269.52 5273.28 5271.21 5269.32 5267.62 5266.31 5265.39 5264.55 5273.08 5277.64 5279.5 5283.19 5288.37 5294.98 5301.61 5309.11 5316.52 5323 5327.06 5326.47 5320.51 5323.98 5321.97 5318.09 5315.7 5318.52 5317.21 5324.68 5334.62 5342.79 5349.08 5353.98 5357.11 5359.08 5361.76 5363.95 5365.66 5367.66 5372.74 5376.72 5377.98 5380.85 5383.62 5387.87 5387.29 5385.28 5382.32 5379.92 5378.39 5376.18
5224.53 5219.93 5225.88 5223.38 5221.23 5219.39 5221.61 5224.18 5227.05 5230.6 5236.03 5241.6 5245.53 5252.89 5259.25 5269.33 5273.32 5271.16 5271.29 5271.33 5269.59 5267.51 5265.51 5265.04 5270.7 5273.77 5278.81 5282.81 5284.62 5290.65 5298.35 5306.51 5315.6 5324.24 5334.08 5344.23 5354.81 5358.28 5347.16 5337.49 5329.13 5322.17 5325.95 5332.25 5339.59 5345.14 5349.16 5353.83 5360.82 5361.32 5361.66 5364.63 5367.93 5369.83 5370.4 5370.97 5367.61 5375.04 5382.75 5387.79 5390.36 5388.97 5387.48 5386.83 5384.93 5383.23 5381.89
5224.1 5218.43 5216.98 5218.47 5219.19 5218.65 5220.82 5223.88 5226.2 5228.49 5234.37 5240.05 5248.07 5250.64 5256.28 5267.25 5273.13 5273.65 5273.4 5272.36 5270.7 5268.42 5265.38 5261.05 5259.81 5274.84 5281.16 5283.03 5287.69 5293.36 5301.51 5310.16 5319.67 5330.68 5342.42 5356.75 5373.49 5378.24 5365.08 5353.45 5346.29 5342.29 5351.87 5361.71 5359.5 5357.65 5356.08 5356.15 5356.3 5357.86 5361.72 5366.61 5371.91 5375.89 5376.59 5373.3 5373.65 5377.55 5383.09 5380.19 5385.3 5390.71 5392.35 5391.94 5390.47 5388.06 5385.97
5220.26 5215.58 5211.46 5214.85 5219 5221.88 5220.92 5221.15 5225.64 5232.16 5235.06 5239.63 5244.45 5251.14 5256.44 5264.96 5271.5 5277.06 5274.99 5273.74 5272.45 5270.94 5269.26 5266.51 5270.69 5281.41 5284.48 5285.36 5287.77 5293.18 5302.52 5312.14 5322.7 5333.79 5346.12 5360.04 5374.5 5378.35 5371.63 5364.25 5362.7 5369.54 5375.72 5388.41 5375.54 5366.85 5362.21 5357.84 5350.04 5351.09 5362.57 5369.44 5375.7 5382.64 5389.83 5388.39 5384.06 5383.3 5383.22 5374.97 5390.74 5395.88 5397.87 5398.13 5396.21 5394.53 5390.63
5217.06 5212.32 5208.47 5212.22 5217.87 5220.77 5220.22 5221.21 5224.83 5230.13 5234.85 5240.22 5246.34 5253.84 5262.87 5270.76 5272.79 5270.55 5274.57 5274.34 5274.2 5274.35 5275.6 5279.74 5283.28 5283.82 5286.95 5288.61 5290.93 5296.56 5305.68 5314.75 5324.18 5334.11 5344.75 5355.46 5365.96 5370.53 5369.45 5367.17 5368.64 5372.11 5369.87 5378.52 5376.91 5371.33 5366.56 5363.99 5363.1 5366.08 5368.55 5372.19 5377.98 5384.94 5395.18 5393.29 5390.07 5388.76 5386.88 5381.04 5401.83 5403.8 5403.79 5403.77 5402.66 5399.95 5396.45
5216.98 5217.57 5207.8 5210.16 5215.45 5218.2 5217.53 5218.53 5222.99 5227.84 5233.39 5239.49 5247.21 5255.14 5262.78 5269.19 5277.8 5280.03 5276.22 5275.48 5275.13 5276.33 5278.89 5283.24 5285.3 5285.49 5287.45 5291.22 5296.3 5303.92 5309.45 5315.98 5323.46 5331.97 5340.1 5347.29 5351.83 5358.97 5363.47 5364.78 5366.57 5369.55 5369.94 5366.05 5370.66 5370.42 5369.55 5369.29 5371.92 5375.58 5373.18 5375.74 5379.36 5383.11 5385.5 5391.32 5393.16 5394.16 5396.05 5407.2 5410.92 5410.45 5409.06 5408.04 5407.67 5407.61 5406.56
5214.29 5220.74 5209.89 5209.03 5209.93 5212.3 5214.32 5216.64 5221.15 5226.01 5230.86 5236.64 5243 5247.98 5250.81 5256.55 5263.73 5271.35 5273.1 5273.47 5274.14 5275.84 5278.29 5280.76 5282.8 5284.19 5286.97 5291.73 5298.21 5305.84 5310.85 5316.44 5323.18 5329.92 5336.7 5342.42 5345.36 5353.22 5358.66 5361.37 5361.87 5359.15 5356.91 5360.72 5366.75 5371.7 5372.64 5372.24 5372.03 5369.18 5374.4 5377.12 5379.72 5382.19 5386.23 5391.37 5396.48 5400.79 5405.97 5413.31 5417.74 5414.1 5411.14 5410.35 5411.3 5413.41 5415.98
