real_craters/C172-750m.grd
DSAA
177 177
-66.0975 66.0975
-66.0975 66.0975
3532.7706767734 5967.3536684489
[rows 76 to 113 of 177, columns 84 to 167 of 177]
3722 3704 3700 3703 3700 3706 3708 3714 3729 3734 3746 3763 3785 3808 3814 3854 3915 3984 4050 4117 4186 4270 4438 4458 4624 4923 5175 5329 5436 5487 5505 5496 5553 5627 5666 5625 5575 5538 5498 5480 5473 5418 5378 5374 5373 5385 5395 5393 5385 5375 5364 5343 5310 5269 5265 5262 5263 5247 5238 5233 5230 5224 5217 5208 5196 5180 5148 5145 5165 5188 5200 5203 5201 5200 5205 5224 5242 5253 5258 5264 5251 5236 5240 5220
3690 3666 3654 3656 3659 3658 3660 3662 3687 3692 3709 3731 3754 3773 3771 3825 3898 3965 4032 4088 4132 4195 4512 4491 4505 4716 4971 5210 5412 5569 5559 5484 5527 5578 5602 5591 5548 5490 5490 5476 5453 5404 5374 5378 5383 5390 5397 5393 5384 5376 5371 5349 5305 5278 5254 5237 5230 5221 5218 5215 5210 5206 5203 5191 5173 5147 5127 5153 5157 5182 5188 5189 5186 5187 5195 5208 5233 5230 5231 5230 5229 5224 5216 5216
3671 3646 3632 3624 3628 3621 3618 3621 3633 3649 3672 3695 3710 3737 3744 3807 3875 3941 4013 4093 4155 4221 4378 4494 4507 4542 4825 5120 5381 5582 5610 5537 5532 5544 5558 5568 5562 5524 5505 5475 5435 5395 5379 5392 5406 5414 5410 5392 5374 5360 5355 5360 5330 5288 5247 5213 5192 5198 5200 5198 5191 5183 5179 5176 5158 5144 5144 5157 5167 5177 5179 5177 5176 5178 5178 5186 5197 5201 5205 5211 5225 5217 5210 5218
3671 3655 3647 3644 3625 3600 3588 3578 3592 3609 3631 3658 3665 3533 3661 3782 3847 3922 3992 4085 4197 4320 4351 4505 4646 4542 4779 5077 5352 5567 5626 5580 5516 5493 5509 5550 5591 5598 5535 5479 5427 5386 5400 5410 5416 5418 5409 5385 5368 5345 5316 5283 5279 5256 5234 5209 5193 5188 5186 5182 5185 5179 5176 5166 5155 5145 5158 5183 5149 5167 5164 5163 5163 5162 5155 5160 5166 5172 5184 5197 5212 5217 5218 5223
3697 3693 3687 3683 3655 3615 3588 3560 3556 3575 3589 3609 3629 3589 3676 3739 3813 3901 3984 4085 4201 4338 4271 4408 4659 4588 4796 5069 5345 5571 5643 5511 5446 5437 5464 5514 5569 5584 5530 5474 5429 5404 5422 5420 5413 5402 5382 5370 5353 5332 5303 5280 5259 5239 5223 5201 5190 5187 5182 5178 5175 5168 5164 5160 5159 5161 5165 5149 5135 5148 5149 5147 5145 5142 5143 5142 5136 5152 5168 5192 5204 5223 5233 5239
3765 3773 3765 3750 3716 3679 3639 3582 3551 3560 3568 3577 3597 3626 3646 3690 3776 3859 3945 4023 4108 4148 4214 4319 4648 4635 4817 5084 5354 5574 5647 5515 5424 5395 5411 5465 5512 5526 5504 5469 5435 5413 5445 5447 5425 5394 5372 5364 5350 5332 5310 5287 5264 5239 5225 5212 5195 5183 5172 5169 5164 5161 5157 5157 5161 5163 5152 5129 5121 5132 5132 5130 5128 5128 5134 5135 5143 5143 5149 5173 5186 5212 5228 5229
3911 3893 3867 3836 3818 3788 3752 3705 3638 3568 3569 3575 3582 3603 3638 3670 3738 3813 3887 3953 4010 4041 4068 4183 4450 4572 4815 5090 5364 5590 5703 5588 5474 5342 5373 5426 5471 5483 5478 5461 5435 5409 5419 5424 5419 5403 5386 5370 5352 5335 5325 5294 5264 5233 5222 5214 5192 5174 5165 5159 5155 5153 5149 5150 5155 5151 5136 5128 5128 5116 5114 5113 5111 5109 5119 5121 5120 5118 5130 5151 5174 5203 5219 5222
3922 3971 3978 3969 3969 3961 3922 3890 3853 3646 3600 3579 3574 3590 3626 3659 3711 3770 3831 3886 3936 3987 4053 4131 4291 4477 4749 5050 5349 5609 5753 5602 5447 5395 5382 5397 5421 5439 5450 5454 5447 5428 5400 5403 5404 5400 5394 5372 5351 5332 5312 5275 5325 5256 5205 5192 5170 5160 5152 5146 5140 5142 5143 5142 5144 5145 5146 5143 5120 5101 5104 5109 5109 5103 5104 5112 5115 5112 5129 5150 5170 5193 5211 5219
3924 4017 4076 4150 4210 4160 4056 3990 3875 3750 3647 3584 3563 3574 3608 3648 3694 3742 3786 3831 3871 3925 4062 4197 4203 4410 4686 5009 5324 5596 5733 5639 5497 5448 5407 5376 5351 5386 5415 5440 5458 5446 5382 5391 5394 5398 5394 5380 5346 5313 5287 5255 5278 5194 5166 5139 5141 5137 5131 5129 5128 5131 5131 5131 5131 5131 5127 5134 5099 5094 5105 5116 5125 5131 5120 5122 5126 5130 5150 5160 5176 5194 5204 5202
3944 4084 4165 4327 4491 4430 4318 4115 3962 3827 3681 3589 3550 3556 3597 3642 3683 3726 3770 3812 3850 3891 3955 4140 4244 4324 4626 4967 5304 5588 5770 5702 5558 5502 5436 5392 5364 5375 5400 5425 5454 5458 5377 5373 5378 5388 5401 5374 5326 5284 5246 5226 5208 5170 5146 5127 5117 5115 5116 5116 5115 5115 5115 5115 5117 5113 5115 5108 5099 5104 5111 5123 5137 5147 5147 5134 5126 5137 5158 5167 5174 5186 5202 5226
3979 4200 4258 4469 4656 4649 4541 4227 4040 3861 3693 3574 3535 3549 3590 3635 3676 3717 3762 3808 3860 3898 3938 4132 4266 4297 4616 4964 5304 5609 5832 5781 5566 5509 5477 5427 5396 5388 5394 5403 5406 5397 5385 5367 5355 5355 5353 5328 5292 5254 5224 5201 5193 5164 5138 5108 5099 5099 5101 5102 5101 5100 5099 5097 5098 5097 5082 5090 5083 5110 5117 5129 5142 5145 5134 5128 5121 5120 5142 5156 5160 5173 5196 5215
4060 4287 4415 4632 4804 4736 4542 4233 4037 3862 3703 3593 3549 3553 3587 3628 3670 3714 3760 3809 3867 3903 3944 4084 4241 4369 4651 4973 5305 5607 5830 5805 5621 5544 5513 5465 5422 5409 5403 5394 5370 5347 5348 5328 5319 5310 5298 5282 5257 5231 5200 5190 5180 5164 5125 5086 5083 5085 5088 5092 5096 5097 5093 5092 5087 5086 5077 5087 5089 5098 5112 5127 5140 5139 5127 5118 5120 5134 5147 5151 5149 5165 5187 5207
4126 4390 4652 4754 4822 4706 4437 4190 4028 3868 3719 3623 3574 3557 3587 3626 3668 3714 3758 3807 3865 3907 3946 4075 4250 4474 4708 5012 5315 5601 5809 5800 5586 5579 5521 5488 5457 5431 5413 5399 5382 5344 5304 5290 5280 5266 5244 5220 5229 5223 5192 5173 5166 5133 5099 5075 5078 5080 5081 5083 5085 5087 5086 5083 5081 5080 5079 5082 5086 5089 5104 5118 5128 5126 5112 5118 5119 5128 5147 5150 5156 5166 5186 5217
4197 4426 4606 4721 4775 4633 4398 4155 4004 3870 3759 3661 3603 3577 3596 3645 3677 3712 3754 3802 3856 3912 3968 4076 4228 4401 4731 5027 5312 5574 5797 5850 5646 5537 5518 5488 5461 5448 5430 5412 5392 5334 5270 5249 5249 5237 5215 5192 5227 5247 5230 5154 5110 5103 5101 5087 5082 5085 5085 5085 5083 5085 5081 5079 5076 5071 5066 5061 5071 5084 5097 5109 5117 5117 5117 5122 5118 5120 5133 5142 5152 5171 5188 5210
4221 4422 4561 4596 4586 4497 4312 4072 3959 3868 3793 3712 3658 3613 3610 3641 3674 3709 3749 3800 3857 3928 4013 4116 4198 4509 4762 5031 5291 5525 5698 5703 5506 5527 5517 5529 5492 5460 5441 5419 5390 5327 5267 5255 5235 5229 5226 5233 5239 5254 5234 5169 5140 5115 5101 5093 5092 5089 5088 5085 5085 5083 5078 5076 5072 5067 5068 5076 5076 5080 5092 5102 5110 5108 5104 5103 5114 5122 5131 5137 5147 5171 5193 5216
4074 4192 4301 4404 4452 4418 4284 4056 3925 3830 3783 3739 3714 3663 3641 3645 3666 3700 3745 3798 3872 3946 4037 4137 4207 4467 4754 5002 5243 5455 5611 5640 5568 5489 5488 5498 5470 5449 5435 5421 5387 5331 5271 5240 5226 5225 5225 5224 5221 5215 5198 5149 5123 5113 5114 5109 5104 5098 5094 5085 5081 5078 5079 5076 5073 5075 5083 5094 5086 5090 5088 5095 5097 5098 5095 5098 5108 5125 5132 5138 5149 5175 5194 5208
3906 3958 4057 4207 4315 4348 4294 4134 3912 3783 3752 3727 3718 3694 3674 3665 3658 3695 3742 3798 3869 3954 4048 4141 4294 4530 4750 4973 5200 5412 5579 5667 5585 5482 5437 5395 5412 5417 5419 5424 5408 5344 5283 5228 5233 5228 5219 5203 5191 5178 5178 5172 5116 5101 5120 5112 5103 5102 5097 5093 5086 5082 5081 5078 5076 5080 5093 5094 5092 5080 5081 5093 5102 5091 5084 5085 5097 5108 5123 5141 5162 5185 5206 5219
3783 3825 3922 4050 4148 4193 4161 3996 3869 3780 3731 3698 3708 3694 3680 3681 3681 3703 3745 3797 3866 3959 4065 4198 4376 4567 4728 4955 5175 5378 5553 5657 5560 5476 5419 5389 5377 5382 5389 5399 5398 5345 5295 5279 5260 5236 5218 5201 5184 5158 5160 5152 5129 5112 5104 5113 5110 5103 5098 5098 5094 5089 5084 5079 5077 5074 5084 5093 5085 5074 5080 5088 5091 5085 5077 5080 5091 5098 5109 5136 5158 5188 5220 5199
3763 3804 3871 3949 4004 4035 4086 3951 3825 3754 3698 3672 3659 3671 3678 3691 3698 3716 3753 3805 3874 3956 4063 4189 4346 4497 4699 4960 5177 5362 5517 5586 5511 5440 5378 5341 5346 5353 5355 5344 5336 5332 5308 5271 5260 5234 5214 5201 5178 5159 5156 5150 5129 5122 5122 5117 5113 5108 5102 5098 5095 5090 5088 5085 5082 5082 5081 5075 5073 5077 5084 5085 5084 5080 5076 5082 5094 5093 5110 5117 5135 5161 5173 5150
3759 3804 3844 3885 3912 3920 3936 3867 3774 3715 3674 3657 3654 3665 3683 3698 3710 3723 3756 3822 3884 3949 4031 4163 4314 4472 4799 5041 5227 5376 5481 5528 5437 5399 5354 5319 5331 5339 5338 5325 5320 5328 5318 5292 5248 5229 5206 5178 5151 5135 5120 5122 5125 5126 5117 5117 5110 5104 5099 5098 5095 5091 5089 5085 5083 5085 5087 5079 5073 5075 5092 5087 5082 5079 5078 5080 5099 5106 5108 5105 5115 5128 5141 5165
3774 3796 3824 3849 3864 3872 3862 3798 3732 3690 3655 3648 3652 3666 3684 3700 3713 3722 3746 3791 3873 3956 4046 4237 4441 4579 4949 5171 5315 5407 5461 5464 5394 5378 5365 5341 5335 5340 5344 5345 5329 5325 5323 5306 5259 5234 5204 5171 5144 5125 5120 5117 5121 5130 5115 5110 5106 5101 5101 5098 5097 5095 5094 5090 5085 5080 5090 5092 5086 5074 5100 5091 5086 5083 5082 5084 5090 5091 5088 5098 5103 5108 5117 5147
3808 3811 3820 3833 3840 3831 3820 3770 3717 3685 3659 3650 3658 3669 3682 3700 3717 3723 3743 3794 3896 4006 4110 4289 4474 4645 5099 5331 5419 5446 5442 5414 5383 5358 5346 5345 5340 5345 5352 5340 5324 5286 5294 5321 5302 5252 5207 5164 5123 5109 5108 5108 5110 5105 5108 5106 5103 5100 5097 5096 5095 5095 5095 5096 5096 5095 5087 5090 5084 5082 5098 5096 5093 5089 5087 5086 5083 5085 5086 5088 5092 5098 5106 5127
3809 3810 3818 3823 3823 3815 3812 3765 3721 3703 3692 3668 3670 3678 3688 3705 3720 3735 3780 3836 3975 4115 4249 4394 4543 4847 5327 5512 5522 5487 5428 5369 5342 5332 5320 5326 5334 5347 5362 5368 5344 5303 5300 5308 5299 5257 5205 5161 5133 5102 5077 5096 5108 5109 5108 5093 5094 5094 5096 5094 5094 5095 5097 5100 5103 5101 5100 5082 5074 5077 5097 5105 5101 5096 5092 5088 5092 5091 5092 5084 5085 5088 5107 5140
3806 3813 3817 3817 3815 3808 3804 3759 3713 3700 3690 3689 3686 3689 3692 3718 3767 3787 3880 3991 4110 4259 4464 4580 4753 5089 5564 5662 5587 5506 5422 5353 5325 5300 5312 5294 5309 5334 5363 5386 5362 5333 5319 5304 5289 5247 5197 5152 5111 5099 5096 5100 5115 5136 5115 5102 5093 5090 5088 5091 5091 5091 5091 5096 5106 5090 5069 5067 5065 5068 5101 5109 5106 5101 5097 5093 5093 5096 5090 5078 5079 5085 5092 5104
3813 3820 3818 3817 3816 3813 3801 3758 3714 3707 3707 3705 3700 3702 3710 3751 3844 3916 4024 4130 4248 4393 4562 4796 5034 5407 5638 5654 5609 5517 5421 5347 5310 5247 5198 5228 5277 5314 5346 5367 5376 5360 5332 5306 5283 5208 5180 5148 5113 5105 5107 5102 5106 5117 5110 5089 5087 5084 5082 5081 5083 5082 5080 5079 5075 5063 5054 5056 5056 5066 5098 5107 5107 5105 5103 5099 5090 5089 5082 5073 5075 5077 5083 5097
3816 3821 3818 3817 3816 3816 3823 3776 3730 3738 3745 3729 3731 3742 3805 3903 4012 4132 4178 4273 4395 4554 4794 5056 5367 5703 5732 5685 5612 5509 5409 5315 5231 5191 5186 5216 5257 5291 5320 5353 5386 5402 5346 5288 5212 5188 5177 5159 5140 5115 5104 5099 5089 5083 5085 5083 5082 5082 5080 5081 5078 5075 5070 5064 5053 5055 5054 5056 5062 5078 5109 5100 5099 5099 5101 5104 5100 5085 5077 5071 5073 5078 5081 5089
3806 3814 3817 3820 3818 3820 3830 3806 3774 3800 3819 3825 3804 3820 3938 4089 4163 4209 4307 4443 4550 4660 4899 5296 5677 5834 5761 5749 5606 5479 5379 5278 5180 5161 5197 5233 5254 5279 5301 5334 5375 5375 5342 5281 5220 5206 5187 5170 5154 5124 5111 5099 5089 5086 5088 5082 5080 5078 5077 5075 5071 5068 5064 5059 5060 5063 5065 5066 5067 5094 5116 5100 5092 5092 5095 5100 5095 5081 5073 5070 5072 5071 5075 5081
3813 3822 3831 3827 3820 3816 3853 3853 3841 3888 3939 3943 3927 3950 4031 4174 4239 4304 4466 4634 4752 4877 5124 5508 5871 5956 5764 5707 5545 5417 5314 5234 5189 5177 5191 5230 5250 5270 5298 5338 5388 5397 5347 5290 5239 5217 5202 5176 5141 5127 5118 5106 5094 5091 5092 5083 5078 5075 5071 5068 5066 5062 5058 5055 5058 5070 5075 5081 5092 5112 5122 5083 5084 5084 5084 5085 5077 5076 5068 5075 5076 5072 5068 5072
3859 3866 3869 3861 3844 3836 3884 3906 3907 3974 4048 4045 4087 4042 4113 4175 4290 4364 4532 4780 4999 5207 5422 5667 5903 5967 5725 5529 5467 5349 5219 5181 5164 5160 5181 5220 5238 5258 5286 5331 5373 5381 5350 5302 5253 5242 5224 5196 5161 5128 5120 5114 5109 5100 5093 5082 5077 5072 5072 5069 5066 5061 5056 5053 5059 5074 5079 5087 5104 5117 5106 5095 5080 5074 5071 5069 5074 5072 5065 5072 5080 5078 5071 5073
3950 3948 3951 3939 3902 3869 3916 3953 3985 4037 4092 4177 4241 4317 4378 4407 4427 4444 4600 4935 5252 5524 5658 5744 5801 5770 5766 5634 5455 5320 5216 5161 5133 5119 5153 5182 5215 5246 5277 5327 5371 5380 5355 5317 5283 5271 5240 5214 5182 5151 5131 5123 5120 5106 5088 5074 5070 5074 5074 5071 5067 5063 5057 5052 5055 5065 5076 5084 5091 5101 5118 5094 5080 5072 5064 5062 5073 5072 5064 5077 5080 5077 5070 5073
4057 4066 4073 4070 4041 4000 4001 4015 4063 4149 4219 4236 4326 4395 4444 4502 4555 4622 4874 5146 5466 5766 5794 5768 5732 5691 5829 5633 5439 5308 5212 5154 5127 5119 5140 5175 5214 5246 5275 5338 5395 5392 5363 5327 5296 5266 5233 5207 5189 5156 5133 5133 5132 5115 5099 5087 5077 5081 5081 5080 5074 5069 5062 5057 5058 5062 5071 5076 5080 5088 5106 5076 5076 5074 5067 5062 5069 5063 5057 5066 5071 5070 5066 5067
4253 4215 4222 4237 4238 4221 4180 4179 4186 4229 4297 4378 4440 4465 4486 4625 4752 4917 5085 5350 5582 5747 5776 5739 5694 5687 5734 5600 5419 5299 5208 5148 5119 5114 5132 5177 5219 5247 5291 5347 5393 5395 5365 5325 5288 5247 5221 5205 5201 5163 5133 5141 5138 5118 5103 5089 5103 5101 5087 5080 5079 5073 5069 5068 5068 5073 5068 5072 5075 5077 5083 5087 5081 5081 5081 5074 5061 5054 5060 5070 5086 5071 5053 5058
4366 4378 4390 4405 4430 4383 4333 4316 4319 4309 4434 4507 4565 4698 4811 4951 5114 5309 5447 5566 5641 5692 5706 5685 5647 5621 5707 5588 5406 5296 5206 5141 5108 5076 5115 5171 5228 5243 5271 5352 5404 5396 5361 5317 5275 5235 5220 5180 5182 5174 5150 5145 5143 5118 5080 5080 5113 5103 5096 5095 5083 5078 5074 5068 5056 5054 5065 5069 5075 5080 5081 5078 5079 5087 5095 5085 5066 5058 5057 5060 5079 5068 5062 5056
4516 4570 4581 4567 4543 4502 4493 4454 4554 4616 4770 4888 4937 5089 5246 5402 5574 5735 5838 5691 5658 5679 5653 5628 5606 5610 5652 5574 5418 5258 5170 5127 5104 5099 5120 5164 5206 5256 5307 5366 5403 5391 5357 5314 5267 5227 5201 5159 5171 5170 5150 5137 5131 5129 5137 5134 5096 5097 5092 5083 5084 5079 5077 5076 5075 5069 5066 5069 5074 5081 5083 5077 5076 5086 5098 5090 5066 5050 5052 5054 5058 5057 5061 5058
4851 4859 4843 4785 4663 4693 4786 4837 4961 5049 5201 5341 5388 5477 5642 5675 5742 5840 5741 5583 5596 5599 5575 5551 5526 5502 5498 5436 5338 5200 5135 5113 5101 5110 5138 5166 5199 5260 5327 5375 5402 5384 5347 5300 5254 5212 5185 5166 5180 5159 5135 5140 5138 5134 5136 5126 5102 5098 5092 5086 5084 5077 5074 5078 5069 5066 5064 5066 5069 5072 5070 5067 5073 5077 5076 5071 5062 5046 5048 5056 5065 5066 5062 5060
5241 5162 5122 5098 5065 5118 5195 5374 5438 5528 5578 5660 5716 5592 5594 5614 5627 5651 5465 5421 5501 5521 5495 5479 5463 5457 5439 5358 5255 5159 5128 5120 5111 5120 5148 5182 5209 5239 5296 5368 5393 5372 5334 5288 5244 5206 5177 5182 5190 5166 5140 5132 5133 5132 5129 5120 5100 5095 5087 5082 5075 5069 5059 5052 5053 5058 5059 5060 5059 5057 5058 5066 5064 5068 5073 5067 5066 5066 5053 5059 5074 5070 5064 5060
5540 5386 5346 5412 5539 5471 5476 5572 5651 5758 5688 5502 5398 5450 5466 5420 5319 5304 5277 5313 5320 5378 5416 5420 5404 5378 5381 5399 5230 5171 5160 5159 5165 5172 5193 5214 5230 5245 5296 5364 5383 5360 5321 5279 5236 5196 5175 5193 5194 5173 5152 5136 5131 5128 5121 5104 5095 5090 5085 5078 5072 5064 5055 5050 5054 5056 5057 5057 5054 5050 5053 5058 5060 5060 5060 5064 5065 5064 5057 5058 5063 5070 5064 5057
5540 5448 5429 5490 5518 5516 5570 5634 5678 5678 5580 5445 5372 5357 5327 5291 5269 5251 5234 5261 5281 5326 5360 5363 5345 5306 5274 5348 5262 5228 5214 5213 5219 5238 5258 5254 5261 5279 5314 5384 5377 5343 5305 5264 5228 5196 5177 5181 5177 5164 5146 5145 5135 5127 5120 5118 5101 5092 5080 5073 5066 5062 5060 5057 5055 5056 5059 5060 5056 5050 5054 5053 5053 5054 5058 5059 5059 5061 5056 5062 5058 5061 5059 5054
