real_craters/C172-500m.grd
DSAA
265 265
-66.0975 66.0975
-66.0975 66.0975
3475.5105133397 6023.7291639144
[rows 180 to 209 of 265, columns 0 to 66 of 265]
4914.76 4915.89 4914.02 4909.79 4903.05 4897.14 4890.11 4883.88 4877.59 4876.3 4886.64 4899.75 4914.68 4922.89 4886.09 4822.35 4743.92 4677.27 4655.41 4713.72 4790.54 4867.7 4937.2 4970.15 4945.82 4925.19 4917.17 4914.66 4900.62 4884.27 4883.42 4890.54 4898.72 4907.6 4913.03 4909.64 4909.56 4911.93 4913.04 4915.18 4920.78 4932.66 4941.51 4949.6 4957.93 4958.23 4976.84 4989.52 5003.84 5020.92 5041.77 5061.83 5084.23 5106.62 5129.67 5153.58 5183.69 5208.92 5235.31 5258.83 5283.6 5304.69 5294.57 5282.36 5271.75 5262.02 5251.86
4911.87 4910.55 4908.51 4905.08 4899.03 4888.56 4887.82 4884.56 4878.58 4871.28 4894.53 4908.4 4914.75 4921.86 4905.41 4881.56 4852.37 4779.09 4730.83 4778.45 4836.18 4897.78 4957.43 4983.18 4960.73 4942.78 4938.15 4934.71 4919.54 4902.51 4898.17 4902.62 4908.26 4914.06 4916.41 4912.99 4914.99 4916.13 4918.11 4918.68 4916.23 4940.22 4953.63 4960.6 4966.43 4966.52 4981.43 4989.65 5002.33 5016.46 5037.03 5056.11 5078.94 5101.24 5124.66 5148.45 5180.67 5207.74 5232.83 5257.87 5282.88 5311.25 5293.36 5278.63 5267.14 5258.27 5253.02
4913.86 4909.86 4906.49 4903.88 4902.73 4903.4 4894.21 4889.41 4888.3 4892.27 4900.28 4906.88 4905.6 4905.64 4918.65 4930.77 4957.37 4929.49 4867.98 4863.8 4887.65 4923.81 4960.25 4978.81 4971.19 4960.31 4959.46 4951.31 4937.58 4923.79 4916.68 4914.88 4916.02 4918.59 4920.22 4920.44 4918.99 4924.16 4925.29 4930.91 4942.91 4964.66 4971.54 4974.68 4980.16 4977.16 4982.65 4988.36 4998.77 5012.84 5032.67 5051.95 5072.75 5096.53 5119.24 5143.4 5168.85 5202.36 5225.93 5255.73 5272.04 5270.1 5274.75 5265.89 5253.39 5242.63 5238.8
4914.88 4909.72 4906.43 4903.78 4901.25 4898.36 4896.5 4894.05 4893.21 4893.56 4894.29 4896.79 4899.19 4906.56 4924.51 4944.73 4961.52 4976.28 4959.81 4930.74 4928.54 4941.81 4962.66 4980.3 4988.08 4984.63 4981.45 4967.88 4955.66 4943.49 4933.76 4926.4 4923.2 4922.4 4921.37 4914.8 4920.47 4921.95 4930.1 4942.07 4962.19 4978.5 4989.95 4997.88 4994.38 4987.47 4982.58 4987.23 4997.27 5011.91 5025.84 5045.12 5065 5086.96 5110.9 5134.52 5158.71 5188.46 5216.74 5245.51 5267 5280.55 5264.29 5251.52 5238.44 5224.53 5210.39
4915.85 4910.31 4906.8 4903.57 4901.5 4899.87 4898.93 4898.55 4897.4 4893.88 4888.36 4886.03 4892.39 4904.17 4922.73 4941.14 4955.41 4973.01 4975.98 4962.16 4953.02 4951.86 4956.01 4982.23 5017.84 5061.01 5042.24 5002.29 4977.76 4959.59 4944.27 4936.84 4932.09 4928.06 4924.27 4926.31 4927.94 4932.24 4936.97 4944.72 4958.84 4981.63 5008.88 5011.66 4996.19 4978.02 4971.92 4976.63 4987.79 5001.95 5019.58 5041.84 5062.31 5084.08 5105.75 5128.31 5151.02 5182.09 5209.04 5232.59 5249.12 5255.63 5247.63 5233.75 5219.59 5204.19 5187.04
4917.13 4911.66 4907.48 4904.01 4900.89 4900.24 4901.24 4903.61 4904.87 4899.05 4889.47 4883.12 4887.45 4899.5 4918.44 4935.58 4949.25 4967.02 4980.91 4975.74 4968.7 4962.33 4959.13 4985.78 5024.24 5061.08 5068.2 5038.2 5003.78 4978.54 4956.9 4948.6 4942.67 4937.87 4933.29 4934.27 4935.23 4938.24 4939.93 4941.65 4949.07 4972.05 5013.61 5025.6 4986.08 4952.43 4953.26 4962.97 4975.89 4995.42 5013.73 5033.04 5055.45 5075.31 5096.16 5117.88 5139.22 5160.7 5196.12 5218.83 5228.69 5229.65 5226.43 5216.11 5202.73 5187.45 5170.73
4918.49 4913.99 4909.74 4905.44 4902.58 4900.74 4902.07 4905.88 4911.77 4904.7 4892.25 4885.31 4886.35 4897.94 4917.06 4934.65 4948.44 4966.21 4979.55 4984.14 4984.35 4982.23 4983.46 4998.77 5016.52 5026.02 5068.99 5061.14 5029.12 4999.5 4976.01 4961.53 4954.01 4949.88 4948.09 4950.16 4941.23 4926.98 4918.33 4940.19 4956.65 4979.52 4994.37 4989.61 4969.64 4937.26 4939.11 4953.7 4968.46 4984.91 5002.4 5021.25 5040.02 5061.37 5081.19 5101.16 5121.76 5142.13 5174.78 5199.03 5217.67 5218.91 5206.78 5197.67 5188.24 5177.26 5165.56
4920.89 4917.45 4912.95 4907.63 4902.38 4900.46 4901.05 4903.19 4905.47 4904.67 4899.56 4892.43 4891.61 4904.06 4920.19 4935.53 4947.99 4961.17 4982.63 4995.06 5003.43 5008.69 5014.16 5022.23 5027.83 5026.79 5054.19 5070.14 5045.47 5014.53 4989.99 4973.93 4964.72 4961.57 4961.4 4958.51 4946.62 4942.09 4952.73 4949.02 4960.22 4971.98 4989.59 4988.54 4971.69 4941.68 4939.59 4951.01 4964.43 4980.44 4996.76 5015.68 5033.73 5052.19 5071.34 5090.27 5108.01 5126.06 5153.04 5170.69 5184.8 5191.77 5183.34 5179.04 5175.41 5171.33 5166.96
4925.89 4923.04 4918.53 4911.79 4904.54 4900.72 4899.03 4898.29 4900.3 4905.05 4910.62 4908.5 4903.87 4918.47 4933.11 4947.71 4962.55 4977.75 4994.88 5009.23 5024.68 5036.95 5045.54 5053.66 5059.16 5062.92 5078.55 5072.29 5047.5 5021.4 5000.17 4980.65 4970.83 4969.59 4972.94 4977.32 4959.74 4948.45 4944.14 4954 4967.38 4980.71 5006.57 5015.04 4990.58 4960.04 4948.27 4951.54 4959.99 4974.58 4990.64 5009.68 5027.63 5044.66 5062.7 5080.7 5097.28 5113.18 5125.42 5138.71 5137.24 5152.19 5158.44 5164.09 5166.31 5167.57 5171.56
4931.83 4930.65 4928.01 4921.48 4908.88 4905.02 4898.74 4893.11 4892.97 4902.64 4921.51 4932.92 4938.54 4941.72 4947.64 4958.01 4975.55 4992.85 5001.3 5020.46 5047.29 5074.23 5085.73 5086.81 5091.82 5105.41 5100.43 5077.42 5050.08 5020.88 4990.65 4974.35 4970.77 4969.65 4972.87 4972.92 4955.44 4945.9 4944.58 4958.26 4978.11 5006.07 5027.93 5025.24 4997.2 4968.43 4952.18 4953.05 4960.47 4973.88 4988.43 5002.24 5019.21 5037.22 5056.18 5071.14 5087.47 5099.87 5109.69 5116.58 5121.21 5133.46 5141.66 5149.15 5157.34 5164.28 5174.5
4938.14 4938.91 4940.19 4940.24 4933.01 4916.8 4900.34 4887.5 4884.83 4894.97 4912.52 4945.93 4970.88 4961.63 4957.2 4959.68 4967.94 4972.67 4984.92 5021.27 5060.71 5099.32 5114.5 5106.44 5103.94 5107.04 5097.07 5074.89 5048.97 5019.39 4991.67 4975.34 4969.08 4964.78 4960.2 4951.3 4941.07 4941.79 4950.64 4963.44 4979.48 4996.01 5009.99 5006.12 4994.63 4973.07 4956.74 4955.63 4960.06 4969.98 4982.96 4997.59 5014.12 5029.63 5046.16 5061.03 5076.16 5089.54 5100.34 5107.95 5115.66 5126.24 5132.37 5142.09 5150.12 5159.43 5169.96
4943.16 4944.47 4948.27 4957.14 4956.79 4927.09 4902.13 4881.51 4874.7 4887.53 4909.49 4944.93 4971.23 4962.64 4954.95 4951.85 4951.59 4956.59 4975.59 5019.78 5061.19 5098.75 5109.26 5102.54 5093.61 5083.98 5073.37 5058.07 5038.99 5014.7 4994.8 4981.58 4969.32 4959.8 4949.87 4935.21 4926.12 4941.19 4952.32 4963.62 4976.01 4989.28 4995.73 5005.22 5014.32 4986.14 4962.41 4956.14 4958.25 4967.32 4979.26 4993.24 5008.46 5024.2 5039.75 5056.02 5071.4 5085.2 5098.33 5107.63 5112.55 5125.18 5130.28 5138.82 5147.65 5157.86 5168.55
4944.75 4943.94 4945.37 4949.88 4946.51 4925.55 4902.79 4882.61 4874.88 4883.04 4900.55 4930.57 4946.13 4946.47 4943.23 4941.01 4943 4961.37 4989.43 5022 5051.34 5078.13 5087.3 5083.57 5073.98 5058.5 5042.57 5032.74 5018.33 5002.69 4990.24 4980.62 4967.28 4958.49 4950.65 4943.48 4947.15 4952.5 4957.39 4962.42 4970.87 4982.4 4993.78 5012.57 5017.78 4979.53 4954.19 4951.21 4957.08 4966.09 4978 4990.24 5004.47 5019.37 5034.74 5050.55 5066.38 5082.41 5097.66 5113.5 5131.53 5124.19 5128.49 5134.71 5143.45 5152.98 5163.73
4944.01 4939.96 4935.95 4930.93 4926.74 4919.67 4906.91 4890.52 4883.1 4883.08 4890.96 4911.78 4925.96 4926.75 4926.93 4930.51 4941.41 4970.55 5009.22 5019.35 5031.8 5044.94 5055.73 5058.35 5053.72 5040.49 5025.86 5012.5 4997.75 4987.03 4977.33 4965.87 4963.07 4960.21 4958.13 4958.71 4970.99 4969.35 4957.53 4953.1 4965.77 4977.31 4989.2 4995.22 4978.56 4961.93 4942.59 4947.28 4955.66 4965.48 4976.42 4989.1 5002.26 5015.75 5030.41 5045.59 5061.56 5077.45 5093.26 5102.92 5114.26 5120.11 5125.15 5131.43 5139.52 5149.09 5159.98
4943.28 4935.94 4927.74 4918.08 4916.83 4919.1 4917.85 4911.07 4903.53 4892.75 4885.12 4885.78 4896.6 4904.88 4910.27 4916.99 4935.41 4959.52 4989.27 4997.72 5003.64 5013.58 5024.45 5033.37 5037.99 5032.54 5015.06 4999.85 4983.9 4976.81 4971.63 4964.78 4965.91 4965.41 4967.2 4974.68 4986.46 4980.46 4967.56 4961.36 4965.72 4971.72 4976.01 4970.88 4957.88 4952.62 4947.33 4947.7 4953.97 4963.48 4974.09 4985.87 4997.38 5010.55 5024.52 5039.08 5055.03 5072.34 5090.42 5104.78 5114.12 5114.78 5118.36 5124.45 5132.21 5142.81 5153.78
4942.78 4933.52 4924.13 4916.45 4917.14 4923.89 4933.07 4943.65 4934.93 4921.25 4903.54 4886.53 4881.61 4888.55 4899.8 4905.15 4906.28 4938.3 4954.35 4967.47 4972.73 4973.39 4994.47 5008.68 5020.47 5021.55 5003.2 4994.06 4984.77 4975.94 4971.84 4978.62 4971.99 4968.66 4971.82 4977.87 4982.92 4985.6 4979.06 4969.82 4970.44 4967.49 4963.5 4967.55 4961.31 4952.06 4946.95 4949.07 4956.02 4963.34 4972.91 4983.22 4994.01 5005.58 5017.82 5030.54 5045.68 5062.76 5083.66 5106.98 5112.13 5106.56 5108.54 5114.03 5120.97 5130.88 5142.34
4942.35 4932.64 4923.82 4918.11 4919.75 4927.14 4938.67 4955.81 4956.15 4956.65 4932.75 4900.64 4889.26 4891.24 4901.94 4914.22 4926 4932.14 4942.44 4949.84 4954.52 4961.62 4973.04 4985.09 4993.16 4999.97 5005.52 4995.87 4978.71 4967.55 4965.48 4962.34 4961.96 4966.4 4972.38 4980.23 4990.33 4994.82 4989.78 4989.02 4978.76 4968.13 4962.31 4966.03 4959.64 4953.75 4949.39 4951.95 4958.05 4965.13 4973.39 4982.87 4992.29 5000.92 5011.42 5022.41 5034.9 5048 5060.94 5081.14 5090.79 5089.56 5094.06 5101.66 5110.76 5121.34 5132.95
4941.61 4932.47 4924.68 4920.09 4921.39 4926.38 4932.62 4939.67 4955.85 4970.56 4947.46 4918.84 4903.93 4902.68 4909.5 4918.23 4925.43 4927.51 4931.3 4934.65 4938.32 4945.54 4956.15 4966.13 4972.3 4979.93 4994.63 4989.7 4975.83 4967.38 4961.46 4956.09 4957.86 4963.75 4969.96 4978.91 4991.56 4988.37 4987.94 4990.7 4978.69 4965.84 4957.66 4960.11 4960.11 4956.69 4954.8 4956.57 4960.39 4965.89 4972.67 4980.29 4988.27 4996.25 5004.98 5012.91 5020.65 5027.81 5031.1 5038.66 5055.54 5066.22 5076.52 5087.28 5097.46 5108.45 5120.4
4940.78 4933.39 4926.37 4921.29 4922.61 4925.41 4928.32 4932.43 4941.79 4945.89 4934.08 4917.13 4914.27 4917.42 4915.98 4916.33 4918.95 4920.35 4920.99 4922.53 4923.94 4931.16 4942.56 4952.72 4961.15 4964.56 4969.76 4972.25 4971.14 4966.75 4961.59 4959.84 4960.18 4960.74 4964.19 4968.21 4969.78 4973.08 4973.24 4969.89 4963.73 4958.93 4955.61 4955.33 4955.76 4956.46 4956.78 4958.68 4961.54 4965.38 4970.58 4976.87 4983 4989.7 4996.19 5001.92 5006.4 5008.88 5006.02 5009.73 5028.05 5044.01 5057.91 5070.95 5082.36 5093.19 5103.89
4941.03 4935.24 4930.41 4926.75 4925.31 4925.57 4926.27 4927.55 4929.3 4925.11 4922.27 4916.3 4918.64 4921.29 4920.24 4917.24 4916.36 4915.19 4912.13 4910.38 4916.34 4923.93 4932.89 4942.04 4950.16 4951.52 4960.34 4967.76 4968.12 4964.45 4960.09 4956.84 4954.99 4956.79 4957.88 4957.37 4953.6 4956.63 4958.03 4953.06 4950.98 4952.43 4951.57 4953.08 4955.22 4953.6 4955.67 4960.4 4961.08 4963.85 4968.03 4972.94 4978.39 4983.51 4988.48 4992.66 4995.44 4995.9 4993.09 4998.24 5010.73 5026.77 5041.21 5053.81 5065 5075.75 5086.3
4941.22 4936.89 4933.37 4930.84 4927.49 4926.53 4927.5 4926.52 4925.26 4924.31 4923.81 4922.91 4923.07 4923.86 4924.12 4924.56 4919.72 4914.13 4908.29 4904.68 4912.08 4918.68 4925.42 4932.34 4937.25 4939.83 4957.45 4969.98 4965.08 4960.04 4956.7 4954.77 4953.28 4953.84 4953.17 4951.69 4950.62 4949.97 4950.08 4949.39 4949.27 4949.49 4951.03 4952.89 4951.19 4947.28 4950.61 4953.97 4957.42 4960.35 4964.81 4969.48 4973.84 4978.02 4982.33 4985.61 4988.03 4989 4987.57 4992.4 5003.58 5015.89 5028.36 5039.59 5050.87 5061.91 5071.61
4940.34 4937.21 4933.24 4930.23 4928.31 4925.9 4925.31 4923.08 4920.39 4923.42 4926.14 4928 4926.8 4925.64 4926.34 4927.99 4920.98 4914.77 4910.11 4908.18 4907.81 4913.12 4919.4 4924.32 4925.02 4929.49 4947.1 4959.53 4957.57 4952.71 4952.61 4953.5 4954.48 4952.83 4950.71 4948.15 4946.24 4946.17 4946.05 4946.32 4946.35 4947.34 4947.3 4946.52 4944.28 4940.89 4944.63 4947.59 4952.02 4956.8 4960.92 4965.35 4969.5 4974.03 4977.47 4980.88 4983.91 4986.91 4990.16 4996.02 5001.31 5011.05 5020.58 5030.98 5041.01 5050.11 5058.18
4939.56 4937.89 4936.47 4933.15 4929.4 4924.53 4918.08 4916.86 4913.53 4913.39 4922.86 4927.45 4929.25 4930.61 4928.66 4923.42 4919.02 4914.58 4911.51 4910.38 4907.49 4910.06 4915.2 4919.97 4920.87 4922.81 4935.35 4945.12 4947.97 4948.68 4949.74 4950.63 4951.82 4950.54 4948.23 4945.53 4942.61 4941.54 4942.92 4944.52 4947.29 4945.61 4944.91 4944.68 4947.55 4940.99 4941.62 4942.75 4948.47 4953.74 4958.13 4962.39 4966.37 4970.22 4973.83 4977.52 4981.48 4986.13 4992.86 4998.77 5001.21 5008.23 5017.55 5027.75 5035.65 5045.6 5050.75
4938.89 4937.94 4936.8 4934.69 4931.62 4927.8 4921.33 4922.02 4924.86 4926.07 4928.16 4929.72 4930.16 4930.41 4927.29 4920.66 4916.35 4912.99 4910.34 4908.27 4905.24 4907.56 4912.11 4916.98 4918.43 4919.84 4926.49 4933.45 4936.86 4941 4943.56 4944.55 4946.38 4946.62 4944.92 4942.3 4939.88 4940.73 4940.34 4940.58 4941.74 4941.98 4942.85 4943.68 4939.04 4941.17 4942.79 4946.26 4949.07 4951.42 4954.52 4958.56 4962.55 4966.2 4970.97 4974.55 4978.39 4983.29 4990.5 4997.43 5000.02 5007.06 5016.05 5025.01 5034.78 5043.4 5051.22
4938.25 4937.37 4937.16 4935.45 4934.12 4934.15 4936.06 4931.15 4930.76 4932.1 4934.91 4931.41 4929.06 4926.32 4921.14 4915.78 4913.2 4910.59 4907.89 4904.89 4903.06 4904.88 4908.69 4913.77 4916.4 4916.49 4917.96 4920.32 4923.29 4925.82 4928.28 4936.44 4941.45 4943.53 4941.88 4938.39 4935.35 4935.19 4935.17 4936.21 4935.52 4938.4 4940.32 4941.89 4939.62 4941.42 4944.98 4946.53 4947.88 4949.81 4953.04 4956.83 4960.92 4964.45 4967.61 4971.1 4974.73 4977.9 4982.29 4990.23 4996.2 5004.04 5013.49 5022.9 5030.68 5038.39 5046.46
4937.52 4936.15 4934.11 4934.69 4934.67 4935.08 4936.19 4933.03 4930.12 4930.31 4930.29 4929.27 4926.54 4922.8 4918.05 4913.23 4910.58 4907.99 4905.11 4902.49 4900.17 4901.66 4904.56 4907.73 4910.99 4911.24 4910.52 4909.29 4912.11 4915.81 4920.94 4930.32 4939.77 4943.46 4938.21 4933.49 4929.46 4926.95 4930.97 4933.97 4936.58 4935.37 4937.73 4939.45 4939.06 4942.11 4946.44 4946.17 4945.53 4948.2 4951.84 4956 4960.2 4964.03 4967.53 4970.47 4973.31 4975.24 4979.06 4987.1 4992.23 5000.17 5008.43 5017.71 5026.51 5037 5044.58
4937.15 4935.86 4934.12 4934.1 4933.61 4932.66 4931.47 4931.22 4930.12 4928.71 4927.24 4926.35 4923.78 4920.08 4916.24 4911.83 4908.4 4905.76 4902.95 4899.91 4897.4 4899.45 4901.51 4902.96 4906.07 4907.34 4905.96 4904.08 4906.42 4911.65 4917.07 4925.38 4931.96 4934.33 4931.29 4928.16 4924.96 4922.85 4930.8 4934.84 4936.53 4939.61 4938.19 4932.63 4936.49 4949.56 4955.39 4947.37 4944.03 4947.37 4951.82 4956.5 4960.29 4964.75 4968.28 4971.38 4973.73 4975.06 4979.92 4986.34 4990.98 4999.16 5007.08 5015.16 5022.66 5032.08 5040.58
4937.74 4937.23 4936.1 4934.48 4932.71 4930.69 4929.69 4929.54 4930 4928.54 4926.86 4925.76 4922.77 4918.44 4914.35 4910.46 4907.92 4905.46 4902.7 4900.16 4898.37 4900.36 4901.74 4901.9 4906.11 4906.37 4904.11 4903.63 4905.14 4909.18 4917.43 4919.89 4921.07 4920.5 4923.41 4923.67 4923.12 4923.67 4932.33 4939 4945.55 4947.81 4943.45 4940.53 4944.92 4952.59 4950.42 4946.93 4943.84 4947.97 4953.17 4957.71 4962.23 4967.33 4970.96 4974.17 4976.03 4976.98 4981.15 4984.81 4992.46 4999.42 5006.51 5014.57 5022 5029.83 5038.31
4938.28 4937.96 4937.13 4934.83 4932.47 4929.83 4927.74 4927.41 4928.14 4930.98 4930.55 4927.38 4923.45 4918.23 4912.65 4909.6 4908.92 4906.63 4903.7 4902.18 4902.31 4904.04 4906.48 4908.59 4912.6 4908.21 4903.01 4898.25 4897.12 4902.86 4909.22 4912.81 4914.89 4916.16 4919.6 4922.29 4924.37 4926.94 4933.24 4942.84 4949.01 4950.49 4949.07 4948.36 4950.71 4956.49 4951.68 4949.59 4946.75 4952 4955.84 4960.23 4964.64 4969.16 4973.8 4977.33 4980.17 4981.68 4984.02 4988.1 4994.37 5000.01 5006.44 5012.37 5018.53 5025.64 5033.03
4938.67 4937.48 4936.16 4934.72 4932.45 4931.11 4927.94 4924.77 4925.71 4932.33 4933.21 4928.81 4925.3 4921.15 4914.07 4913.29 4913.37 4909.34 4904.84 4902.04 4904.88 4909.24 4912.8 4916.69 4916.82 4910.99 4903.72 4895.64 4892.39 4898.57 4903.09 4908.42 4911.92 4915.07 4918.42 4923.46 4928.86 4934.6 4942.87 4952.37 4955.22 4953.9 4955.58 4955.02 4954.94 4955.52 4954.67 4957.99 4959.7 4958.86 4959.95 4963.64 4968.31 4973.38 4977.97 4982.43 4986.5 4992.5 4995.59 4995.09 4998.43 5002.46 5006.61 5011.16 5015.6 5020.93 5026.12
