real_craters/C173-500m.grd
DSAA
266 266
-66.29 66.29
-66.29 66.29
5260.6273617965 7440.4984787869
[rows 60 to 89 of 266, columns 134 to 200 of 266]
6788.34 6765.49 6755.25 6773.8 6795.83 6819.59 6841.81 6862.42 6877.86 6889.87 6897.56 6900.11 6899.2 6899.89 6914.03 6926.19 6936.44 6947.59 6949.34 6950.93 6946.05 6941.58 6936.07 6930.19 6925.24 6923.96 6927.81 6938.8 6940.45 6921.19 6905.87 6888.35 6872.31 6856.39 6846.39 6832.36 6809.93 6796.15 6783.94 6771.76 6762.59 6770.53 6789.4 6815.78 6837.65 6842.48 6840.85 6835.64 6831.84 6806.96 6770.58 6728.07 6681.89 6634.41 6606.78 6603.55 6612.02 6623.01 6632.85 6643.44 6675.22 6681.91 6687.6 6692.21 6694.89 6696.13 6693.12
6796.33 6769.58 6759.35 6775.64 6798.74 6821.76 6844.22 6861.57 6873.51 6897.32 6910.46 6914.3 6910.63 6908.65 6921.69 6925.27 6934.77 6952.61 6954.78 6952.4 6942.88 6940.69 6936.5 6930.45 6926.32 6922.73 6922.3 6925.32 6928.12 6925.74 6922.03 6914.52 6902.07 6884.89 6879.09 6861.38 6840.9 6817.25 6800.28 6788.22 6781.04 6780.03 6782.35 6795.32 6815.3 6828.22 6833.03 6831.22 6822.32 6798.91 6763.04 6721.54 6677.3 6632.25 6600.73 6596.27 6604.31 6616.05 6628.11 6638.23 6648.75 6674.73 6680.13 6684.29 6687.11 6688.34 6688.44
6813.86 6785.22 6774.11 6785.64 6804.39 6828.31 6854.18 6880.14 6903.25 6922.11 6933.92 6940.11 6936.44 6933.94 6953.21 6961.34 6966.75 6974.02 6966.66 6955.51 6944.66 6938.45 6930.53 6929.38 6924.91 6918.5 6911.59 6904.24 6909.6 6923.57 6934.11 6945.68 6936.92 6933.7 6919.63 6895.02 6859.21 6835.55 6821.28 6810.68 6801.77 6798.81 6799.19 6798.56 6809.86 6823.02 6830.19 6835.01 6837.1 6800.38 6760.56 6720.05 6678.23 6635.88 6603.2 6597.21 6604.04 6612.89 6625.41 6635.07 6661.04 6667.24 6672.23 6676.02 6677.8 6680.25 6681.97
6830.35 6810.41 6797.2 6798.59 6813.96 6837.06 6865.26 6901.37 6945.81 6951.22 6957.24 6972.4 6988.92 6993.15 7000.64 7019.09 7039.46 7002 6973.37 6955.04 6942.2 6935.55 6927.7 6921.77 6918.38 6916.03 6906.91 6897.38 6904.46 6920.33 6933.69 6948.77 6956.05 6966.37 6954.65 6929.92 6900.75 6870.19 6849.67 6838.94 6829.55 6828.26 6824.55 6809.11 6819.09 6830.11 6836 6837.39 6832.76 6799.8 6762.62 6725 6686.61 6649.23 6614.85 6606.74 6611.67 6616.6 6625.15 6651.67 6657.71 6663.87 6666.77 6669 6670.32 6673.32 6674.49
6835.77 6808.86 6801.78 6806.48 6823.15 6845.35 6871.62 6902.35 6931.53 6945.79 6965.08 6991.06 7028.26 7039.06 7023.08 7026.67 7025.78 6991.93 6963.88 6945.43 6936.54 6930.34 6925.96 6922.61 6921.42 6914.65 6907.55 6906.96 6906.83 6918.98 6927.52 6938.76 6957.83 6970 6970.73 6952.55 6934.42 6898.38 6880.02 6871.49 6867.49 6873.06 6861.45 6836.31 6843.56 6848.99 6849.54 6840.87 6822.82 6799.27 6767.93 6733.91 6699.88 6668.92 6642.85 6630.92 6626.25 6625.4 6627.91 6651.12 6654.91 6660.46 6663.42 6666.4 6667.88 6667.53 6666.54
6838.69 6798.58 6800.04 6812.89 6831.95 6853.12 6875.13 6893.17 6902.48 6924.02 6957.25 6986.7 7009.19 7014.32 7002.3 6984.56 6960.05 6948.47 6937.83 6930.03 6925.37 6923.76 6925.09 6926.54 6923.49 6918.92 6908.56 6901.59 6908.66 6921.15 6933.18 6943.87 6954.23 6964.06 6959.78 6949.4 6941.36 6929.16 6916.31 6901.63 6891.15 6885.28 6892.58 6890.47 6878.6 6872 6869.25 6866.84 6841.09 6814.1 6783.88 6750.91 6718.62 6691.12 6674.44 6657.73 6638.59 6634.4 6633.02 6651.51 6653.3 6657.92 6660.31 6661.49 6663.55 6663.07 6661.78
6852.23 6810.22 6816.17 6828.75 6845.3 6861.14 6878.16 6892.65 6901.81 6919.22 6947.08 6968.26 6992.91 6983.21 6962.7 6938.69 6914.5 6903.31 6903.32 6906.02 6907.77 6911.27 6918.48 6922.93 6927.57 6930.25 6922.43 6910.04 6920.72 6925.79 6932.67 6938.7 6944.8 6953.92 6941.32 6938.01 6942.01 6948.66 6947.09 6923.02 6909.74 6912.07 6934.46 6930.32 6901.51 6889.97 6889.49 6899.71 6871.29 6832.87 6797.14 6762.47 6729.76 6700.78 6675.65 6653.45 6642.74 6639.56 6653.03 6654.39 6654.86 6656.2 6657.97 6659.4 6658.81 6658.63 6658.91
6875.58 6855.67 6846.32 6848.65 6859.49 6873.33 6887.58 6903.5 6920.6 6933.49 6940.95 6936.51 6927.15 6929.75 6918.63 6895.69 6869.89 6863.34 6870.16 6878.33 6890.64 6899.98 6911.62 6923.39 6938.16 6954.39 6965.64 6962.04 6952.2 6935.07 6915.5 6920.89 6931.74 6932.97 6926.3 6930.61 6938.26 6943.97 6940.38 6930.01 6919.03 6914.59 6923.08 6913.45 6901.01 6890.9 6891.53 6902.71 6879.95 6845.37 6809.66 6774.49 6740.61 6708.63 6678.36 6655.73 6645.64 6639.39 6656.14 6658.18 6658.23 6657.87 6657.22 6655.56 6654.58 6653.05 6654.57
6887.22 6877.78 6870.17 6869.41 6872.49 6880.7 6893.11 6911.45 6944.61 6970.34 6937.64 6910.74 6889.19 6890.36 6883.51 6865.81 6840.55 6834.79 6845.04 6855.27 6867.5 6882.45 6899.3 6920.55 6947.27 6979.38 7009.25 7015.67 6992.58 6961.49 6922.32 6927.21 6933.39 6937.02 6943.45 6928.73 6930.63 6937.38 6935.48 6929.44 6921.85 6919.8 6906.75 6896.91 6884.87 6877.2 6873.71 6881.15 6872.97 6851.76 6820.06 6786.11 6751.89 6718.19 6685.02 6661.22 6649.54 6644.32 6663.36 6661.55 6659.78 6658.81 6656.16 6654.14 6651.32 6647.24 6646.08
6905.19 6892.86 6888.08 6885.47 6884.53 6888.38 6890.85 6901.82 6919.81 6926.92 6907.22 6891.34 6878.95 6873.61 6863.53 6846.1 6822.73 6816.04 6822.18 6833.13 6849.7 6867.56 6888.81 6913.9 6944.88 6989.88 7045.1 7050.8 7026.68 7006.55 6986.2 6968.78 6954.61 6943.86 6980.22 6950.83 6942.86 6940.92 6938.8 6931.36 6921.76 6899.71 6878.46 6867.04 6867.2 6860.78 6852.62 6846.88 6874.14 6854.09 6824.85 6792.88 6759.99 6726.89 6692.88 6661.41 6655.57 6668.94 6667.79 6664.79 6660.55 6656.82 6651.34 6646.64 6643.62 6639.86 6635.38
6929.45 6919.72 6907.41 6897.5 6891.55 6886.6 6884.87 6880.84 6871.08 6853.84 6868.44 6880.67 6878.69 6872.42 6856.34 6834.62 6805.52 6792.81 6801.34 6814.97 6831.86 6850.05 6870.07 6892.32 6920.3 6959.12 7012.24 7033.45 7032.2 7043.02 7048.68 7015.01 6986.84 6969.91 6972.08 7002.56 6959.8 6949.78 6943.48 6937.22 6924.67 6913.4 6884.57 6876.46 6864.69 6851.63 6841.68 6852.91 6871.48 6852.12 6826.28 6797.77 6768.08 6738.36 6709.1 6682.64 6674.16 6679.64 6675.22 6669.63 6664.79 6658.01 6653.58 6649.56 6642.88 6635.21 6629.19
6947.94 6936.4 6924.09 6910.36 6899.35 6891.13 6880.77 6865.63 6844.15 6822.81 6850.81 6890.33 6900.94 6881.93 6857.87 6830.37 6797.78 6781.53 6784.75 6796.96 6810.34 6827.52 6847.82 6864.85 6881.64 6897.81 6911 6956.29 6998.82 7038.01 7061.08 7033.06 7010.26 6984.99 6961.01 6944.4 6950.62 6953.38 6957.39 6943.8 6922.78 6906.25 6897.71 6882.2 6863.47 6848.39 6841.82 6851.49 6855.82 6845.87 6825.78 6801.72 6776.08 6750.89 6728.94 6713.87 6698.63 6691.82 6682.98 6674.37 6667.7 6657.95 6650.4 6642.69 6636.77 6630.2 6625.2
6987.69 6964.46 6938.16 6919.35 6904.59 6892.06 6877.95 6861.48 6841.94 6826.36 6854.48 6900.58 6914.96 6891.72 6862.04 6830.72 6797.15 6778.71 6773.82 6781.73 6794.65 6810.51 6825.21 6837.25 6847.25 6846.64 6843.48 6897.59 6950.11 6989.88 7011.98 7014.37 7017.5 7009.8 6968.77 6941.76 6947.71 6950.92 6948.79 6935.31 6914.92 6893.41 6877.35 6866.49 6854.03 6846.21 6845.22 6857.91 6854.42 6845.32 6825.13 6805.14 6783.04 6760.82 6740.74 6723.53 6707.26 6699.06 6688.48 6678.94 6668.65 6658.49 6649.28 6641.25 6633.63 6629.03 6626.61
7001.24 6967.3 6936.96 6917.5 6903.61 6892.32 6881.18 6870.69 6858.08 6847.77 6876.12 6924.3 6924.12 6898.94 6867.26 6833.61 6799.57 6768.81 6766.12 6775.16 6785.91 6799.66 6807.58 6817.41 6821.25 6821.71 6824.4 6863.93 6907.4 6943.74 6965.86 6973.99 6966.65 6965.63 6972.18 6976.07 6953.58 6944.37 6938.37 6927.54 6908.09 6885.74 6877.35 6865.49 6857.52 6848.13 6850.26 6856.03 6856.34 6850.13 6830.17 6811.76 6790.95 6769.15 6746.79 6720.26 6703.39 6703.01 6694.49 6683.19 6670.83 6658.5 6646.14 6635.86 6629.14 6623.19 6617.19
6928 6929.02 6919.4 6908.39 6898.44 6890.48 6884.93 6882.96 6886.87 6895.84 6920.21 6947.02 6933.6 6903.04 6871.48 6839.53 6805.42 6778.14 6773.18 6777.05 6783.53 6791.22 6799.98 6810.39 6813.75 6817.9 6825.44 6845.1 6871.57 6902.79 6922.71 6933.09 6940.09 6941.68 6943.88 6946.35 6938.22 6932.55 6928.44 6918.07 6906.21 6892.42 6871.51 6856.74 6848.32 6853.83 6856.42 6860.85 6861.53 6860.26 6835.56 6817.15 6796.97 6776.1 6754.39 6729.41 6710.89 6710.51 6700.43 6686.07 6670.81 6656.86 6643.77 6631.23 6621.36 6613.65 6608.15
6885.85 6898.04 6899.16 6897.31 6893.13 6887.7 6887.68 6894.05 6911.34 6948.54 6971.37 6936.49 6921.36 6897.86 6870.41 6843.45 6814.68 6795.74 6789.17 6782.45 6780.72 6782.79 6797.86 6801.35 6808.54 6818.97 6827.76 6828.88 6836.1 6842.38 6870.03 6896.49 6914.93 6926.97 6917.39 6910.96 6913.56 6920.8 6921.47 6915.31 6885.72 6859.61 6849.22 6853.41 6860.17 6882.05 6881.04 6884.43 6882.27 6865.99 6846.64 6823.36 6799.23 6780.85 6764.3 6750.61 6738.35 6718.93 6707.48 6688.48 6669.97 6653.88 6636.95 6621.17 6607.78 6597.82 6594.37
6887.89 6889.95 6889.34 6888.14 6886.56 6886.23 6890.06 6897.09 6909.92 6933.96 6945.89 6938.42 6907.41 6885.6 6864.17 6843.16 6819.72 6804.82 6797.32 6785.46 6777.6 6775.59 6775.94 6788.85 6796.38 6807.46 6812.47 6809.25 6808.88 6808.68 6833.3 6865.78 6902.63 6930.99 6947.34 6927.72 6918.81 6920.17 6916.86 6908.66 6901.19 6866.4 6849 6871 6907.06 6936.61 6966.56 6938.12 6908.2 6881.41 6855.15 6832.43 6808.98 6787.84 6773.12 6767.12 6765.73 6724.61 6709.59 6687.81 6666.27 6645.76 6627.18 6607.63 6590.59 6575.14 6561.05
6902.79 6887.89 6884.31 6883.62 6880.51 6881.13 6882.48 6886.32 6890.37 6889.1 6876.35 6884.38 6880.64 6868.98 6854.38 6836.33 6820.17 6802.98 6789.84 6784.34 6775.49 6767.31 6770.55 6769.4 6773.82 6787.12 6788.16 6783.6 6789.62 6799.69 6808.07 6827.38 6857.61 6914.79 6977.83 6964.79 6942.36 6928.57 6916.23 6902.07 6900.06 6878.91 6879.49 6899.92 6921.18 6957.91 6978.35 6961.37 6922.48 6888.55 6857.25 6831.33 6808.36 6787.71 6770.73 6759.14 6736.31 6714.19 6701.83 6679.45 6658.31 6634.85 6612.09 6589.62 6567.73 6545.18 6527.36
6878.24 6878.52 6878.24 6878.07 6878.8 6879.75 6878.73 6878.13 6874.45 6863.72 6849.45 6847.05 6854.36 6851.03 6841.52 6827.01 6816.15 6803.09 6791.96 6782.28 6768.05 6763.44 6752.13 6743.35 6737.83 6738.09 6743.26 6746.81 6757.69 6771.96 6774.03 6784.84 6809.67 6862.58 6914.67 6941.3 6941.39 6938 6921.67 6900.83 6882.78 6877.51 6887.1 6903.25 6930.34 6944.82 6948.06 6940.86 6916.31 6885.89 6856.79 6832.82 6809.51 6787.47 6767.36 6745.19 6720.81 6704.7 6694.1 6673.55 6649.07 6624.75 6599.8 6574.82 6550.04 6524.84 6504.61
6858.09 6863.16 6864.59 6867.64 6871.45 6872.55 6871.65 6870.41 6865.96 6856.92 6848.55 6844.65 6842.76 6837.03 6826.92 6816.24 6805.76 6799.4 6803.67 6777.4 6755.03 6737.52 6727.24 6712.23 6697.56 6683.75 6694.2 6705.81 6714.42 6721.15 6732.5 6740.45 6760.42 6797.33 6844.95 6897.73 6950.91 6937.67 6925.98 6908.62 6889.92 6872.96 6872.56 6881.51 6894.66 6914.38 6937.42 6921.8 6901.77 6875.52 6852.24 6830.98 6808.02 6786.02 6764.82 6743.87 6726.47 6707.49 6691.64 6668.97 6644.32 6619.14 6593.07 6566.74 6540.02 6515.72 6496.62
6838.32 6846.45 6852.11 6855.59 6859.46 6860.9 6861.95 6861.7 6863.03 6859.06 6854.48 6849.94 6840.01 6828.38 6814.68 6801.1 6788.78 6779.01 6765.15 6746.48 6729.14 6716.86 6700.63 6684.64 6667.75 6654.9 6662.08 6672.12 6681.34 6693.26 6701.13 6705.79 6715.69 6737.97 6771.32 6832.25 6886.64 6907.92 6920.22 6937.46 6923.77 6870.71 6858.31 6859.16 6868.32 6882.84 6903.15 6899.28 6886.8 6866.38 6846.51 6823.7 6802.15 6780.27 6760.96 6743.95 6733.79 6712.72 6691.67 6666.42 6641.21 6615.39 6589.3 6563.02 6537.2 6513.84 6502.79
6808.55 6827.72 6838.11 6845.09 6849.72 6853.6 6856.93 6859.01 6858.47 6860.6 6862.13 6858.81 6839.96 6819.77 6800.43 6782.1 6764.47 6746.77 6727.64 6711.19 6695.7 6688.51 6675.2 6661.3 6648.9 6641.78 6644.93 6651.47 6655.09 6666.16 6683.9 6697.96 6707.44 6714.89 6731.37 6759.11 6801.03 6849.2 6884.97 6932.81 6942.21 6866.69 6848.86 6844.77 6850.27 6852.86 6870.5 6871.58 6864.4 6849.7 6832.39 6811.99 6796.64 6775.09 6756.21 6741.44 6735.52 6717.78 6691.43 6664.95 6639.85 6614.56 6589.63 6564.46 6539.51 6520.53 6513.25
6783.78 6807.33 6819.78 6828.43 6836.33 6840.32 6844.95 6851.18 6855.93 6860.61 6867.26 6859.43 6829.7 6804.4 6779.55 6757.21 6735.98 6713.81 6690.47 6672.66 6661.49 6660.32 6651.25 6643.17 6635.98 6632 6636.27 6641.99 6650.47 6661.4 6678.38 6694.1 6706.19 6714.2 6720.44 6724.33 6737.95 6783.68 6820.82 6841.98 6871.22 6853.66 6838.35 6840.47 6847.58 6848.94 6852.26 6852.71 6847 6833.5 6817.95 6802.18 6783.89 6764 6746.35 6730.81 6726.15 6707.21 6682 6660.81 6641.07 6619.48 6596.86 6573 6548.21 6530.8 6528.28
6766.29 6786.25 6801.53 6812.73 6820.05 6825.85 6831.06 6837.42 6845.11 6852.01 6851.93 6835.03 6808.23 6783.36 6758.16 6733.89 6709.5 6684.54 6658.39 6639.06 6632.82 6635.37 6630.54 6626.33 6626.77 6628.46 6630.92 6638.16 6643.09 6656.81 6674.46 6698.16 6710.38 6716.59 6715.37 6713.13 6720.22 6744.03 6763.25 6772.8 6807.9 6821.51 6817.2 6815.56 6841.76 6860.08 6856.26 6839.85 6827.99 6814.54 6807.32 6793.15 6775.99 6757.43 6738.03 6716.69 6699.29 6670.75 6662.03 6657.28 6645.42 6626.86 6607.23 6585.16 6563.17 6543.6 6534.02
6731.13 6762.6 6783.72 6795.45 6802.94 6809.05 6813.89 6819.39 6826.66 6834.48 6838.91 6804.71 6779.7 6758.86 6736.29 6712.16 6687.34 6662.3 6637.14 6617.86 6611.62 6608.2 6610.59 6607.83 6608.12 6612.86 6621.2 6635.59 6655.98 6650.62 6655.41 6673.14 6693.11 6727.85 6711.45 6700.3 6708.34 6714.07 6723.31 6739.82 6757.96 6779.95 6796.4 6811.59 6833.54 6863.64 6849.88 6831.39 6814.49 6801.11 6787.79 6773.89 6761.01 6744.69 6726.87 6705.72 6685.38 6651.66 6657.13 6660.35 6656.45 6645.27 6629.48 6609.25 6585.64 6559.43 6541.55
6714.41 6751.09 6770.31 6779.36 6784.63 6788.26 6789.61 6792.65 6796.56 6799.08 6795.24 6767.85 6747.07 6730.64 6712.04 6691.07 6668.28 6644.69 6622.6 6604.96 6597.93 6596.98 6593 6588.99 6585.81 6592.09 6604.09 6617.83 6629.65 6627.63 6620.95 6617.39 6636.54 6651.49 6665 6668.94 6672.87 6679.42 6694.12 6704.88 6720.58 6751.72 6780.7 6807.57 6816.31 6816.23 6825.66 6816.65 6801.48 6790.11 6778.62 6766.19 6753.4 6739.44 6726.38 6710.01 6697.68 6677.87 6677.63 6680.38 6675.93 6669.3 6658.06 6642.18 6619.71 6588.31 6569.16
6751.98 6761.17 6760.61 6761.55 6763.08 6763.78 6763.71 6762.89 6760.46 6755.32 6744.74 6724.07 6713.68 6704.7 6689.96 6672.34 6651.94 6630.74 6611.41 6597.11 6587.52 6584.98 6580.62 6575.16 6569.08 6574.71 6584.95 6593.75 6597.59 6597.8 6591.48 6586.72 6590.2 6593.7 6618.14 6633.5 6643.91 6660.93 6676.88 6692.41 6706.05 6738.17 6771 6797.22 6813.78 6811.8 6803 6804.99 6793.92 6779.67 6769.37 6762.28 6751.75 6741.43 6732.32 6723.8 6716.58 6722.94 6715.64 6708.55 6702.13 6696.92 6691.45 6683.97 6670.68 6644.79 6631.47
6730.96 6741.53 6743.13 6743.91 6743.11 6741.94 6739.06 6734.06 6726.49 6713.91 6703.52 6692.1 6688.71 6684.77 6672.98 6656.47 6637.63 6619.06 6600.84 6586.87 6577.63 6573.88 6572.03 6567.73 6564.22 6564.06 6567.55 6572.33 6576.07 6574.61 6572.74 6569.96 6571.5 6576.42 6592.04 6606.64 6618.26 6633.21 6661.6 6700.59 6717.55 6735.99 6771.92 6800.12 6817.61 6827.42 6808.98 6793.15 6779.09 6767.02 6753.67 6746.02 6738.54 6733.35 6730.81 6727.45 6731.81 6747.19 6741.85 6730.44 6724.67 6722.71 6723.82 6727.38 6732.04 6736.61 6713.78
6701.04 6709.57 6719.29 6723.29 6726.89 6725.16 6721.02 6712.96 6701.06 6686.84 6682.73 6680.97 6682.74 6674.86 6661.26 6645.55 6628.12 6610.37 6592.36 6576.34 6567.93 6567.2 6566.45 6564.38 6559.87 6555.88 6551.65 6548.76 6548.53 6552.13 6562.16 6566.95 6565.31 6569.7 6578.55 6588.09 6599.21 6617.19 6634.24 6664.3 6706.4 6727.84 6779.9 6832.21 6866.47 6845.83 6807.52 6779.68 6758.66 6745.14 6737.15 6729.17 6726.12 6724.65 6727.14 6726.59 6735.59 6748.85 6746.81 6741.13 6738.81 6740.28 6746.5 6758.39 6775.55 6766.42 6710.99
6691.42 6694.06 6702.6 6707.38 6712.88 6715.09 6709.29 6699.44 6687.26 6677.73 6676.7 6691.9 6689.14 6670.66 6654.04 6638.95 6622.51 6605.09 6587.58 6572.49 6563.7 6561.54 6562.16 6563.42 6560.82 6550.44 6538.68 6526.9 6522.28 6524.48 6534.11 6548.94 6560.48 6565.82 6568.22 6571.27 6578.48 6586.15 6598.47 6620.98 6658.9 6715.03 6787.92 6861.38 6914.8 6859.1 6788.16 6756.37 6737.49 6723.92 6712.32 6708.22 6710.9 6713.85 6720.01 6726.14 6731.51 6739.8 6743.26 6743.3 6745.24 6749.31 6756.59 6768.29 6786.21 6795.88 6709.96
