real_craters/C173-500m.grd
DSAA
266 266
-66.29 66.29
-66.29 66.29
5260.6273617965 7440.4984787869
[rows 180 to 209 of 266, columns 0 to 66 of 266]
6131.18 6161.99 6169.35 6162.99 6149.27 6136.57 6153.98 6169.79 6169.22 6177.72 6191.22 6207.63 6227.5 6249.89 6276.68 6324.66 6318.06 6296.97 6304.23 6321.82 6336.69 6348.46 6357.53 6364.27 6370.18 6377.2 6398.74 6423.66 6450.57 6477.92 6507.18 6536.15 6559.63 6569.01 6570.82 6576.51 6577.14 6581.65 6588.82 6598.53 6607.22 6614.78 6620.06 6625.79 6647.28 6682.7 6710.61 6728.01 6735.81 6735.9 6730.25 6717.95 6699.15 6672.79 6648.85 6624 6591.48 6556.43 6521.21 6504.62 6497.78 6488.53 6479.43 6469.21 6458.23 6447.31 6431.23
6222.46 6236.51 6228.52 6213.49 6200.48 6180.14 6181.68 6188.77 6193.87 6202.22 6214.79 6231.69 6252 6276.13 6301.02 6309.97 6305.72 6301.54 6305.93 6316.05 6327.07 6337.29 6348.62 6358.05 6371.73 6389.1 6408.12 6432.1 6460.34 6492.13 6525.65 6557.08 6573.07 6573.23 6586.3 6593.97 6594.1 6603.26 6611.95 6622.57 6634.84 6648.47 6662.1 6676.13 6702.65 6721.07 6730.25 6737.29 6738.84 6733.77 6722.32 6710.02 6692.71 6672.39 6651.02 6630.84 6603.8 6556.2 6517.05 6500.44 6494.58 6488.44 6482.16 6474.58 6464.51 6451.33 6436.08
6342.84 6320.3 6286.29 6258.81 6234.2 6205.86 6199.97 6202.86 6213.16 6223.06 6235.32 6250.72 6269.21 6289.4 6303.42 6295.94 6293.75 6299.89 6306.45 6313.85 6321.93 6329 6336.35 6352.28 6372.08 6395.49 6414.83 6439.68 6469.01 6500.47 6535.14 6568.8 6585 6585.96 6602.73 6617.42 6624.7 6624 6630.21 6643.69 6662.51 6685.32 6711.76 6743.64 6767.48 6762.79 6755.05 6752.05 6745.67 6736.62 6723 6708.87 6691.35 6673.24 6653.84 6632.6 6598.76 6548.82 6511.6 6498.51 6494.25 6491.96 6489.08 6484.58 6476.34 6461.35 6444.68
6424.54 6371.76 6323.16 6288.97 6268.87 6229.29 6223.08 6229.17 6231.84 6240.05 6251.61 6265.03 6279.84 6294.7 6304.42 6297.48 6295.65 6300.08 6306.28 6314.11 6321.31 6327.97 6336.08 6350.38 6368.74 6390.7 6416.7 6443.01 6471.38 6501.12 6535.05 6572.56 6596.09 6603.85 6621.12 6627.87 6631.97 6632.02 6639.96 6659.64 6684.56 6712.85 6750.17 6793.69 6815.03 6799.53 6783.1 6768.81 6757.37 6744.39 6734.3 6718.85 6703.82 6685.97 6665.18 6636.34 6601.38 6554.86 6519.95 6503.23 6499.33 6498.86 6499.34 6498.73 6495.84 6487.57 6473.42
6401.04 6366.98 6330.64 6298.61 6271.39 6260 6247.51 6242.1 6245.14 6253.75 6264.85 6276.09 6287.34 6295.99 6301.11 6300.03 6300.75 6305.33 6310.89 6319.09 6325.93 6333.2 6341 6355.81 6372.36 6392.52 6418.89 6444.47 6468.68 6495.82 6525.39 6556.41 6599.79 6645.33 6638.09 6630.26 6622.84 6624.09 6637.72 6663.74 6694.32 6730.1 6770.65 6814 6831.97 6821.63 6806.99 6791.22 6775.41 6762.29 6746.39 6732.74 6715.15 6697.39 6680.04 6651.18 6621.53 6571.92 6530.03 6511.15 6507.86 6508.66 6512.77 6515.54 6519.28 6524.51 6529.24
6365.12 6341.33 6324.15 6300.39 6276.41 6269.79 6259.6 6251.63 6256.79 6266.47 6277.75 6288.94 6297.42 6299.61 6302.17 6306.91 6308.47 6315.43 6322.9 6327.04 6333.62 6343 6356.3 6371.03 6385.59 6404.15 6424.65 6447.16 6468.78 6490.72 6512.67 6536.58 6582.45 6621.15 6630.53 6625.7 6611.7 6609.57 6634.36 6663.75 6697.63 6736.96 6780.54 6817.06 6834.44 6832.19 6820.05 6804.4 6787.12 6769.81 6754.15 6744.39 6727.55 6711.46 6692.45 6663.83 6628.8 6589.24 6548.33 6522.84 6519.18 6519.3 6526.17 6529.54 6536.11 6543.29 6541.88
6366.9 6336.88 6326.14 6308.77 6287.68 6269.77 6261.34 6263.87 6269.62 6279.09 6291.06 6302.91 6312.62 6319.86 6322.84 6324.14 6324.47 6328.07 6331.85 6333.44 6341.04 6352.03 6366.19 6383.46 6402.82 6418.15 6433.42 6449.91 6467.02 6484.5 6503.04 6526.76 6563.92 6593.74 6615.6 6620.65 6617.98 6615.16 6634.66 6662.75 6696.3 6734.24 6780.6 6818.96 6834.69 6836.99 6828.58 6813.33 6795.62 6777.16 6762.38 6747.58 6728.63 6717.4 6704.61 6687.1 6663.49 6630.11 6579.11 6542.16 6530.34 6529.97 6531.69 6539.64 6545.39 6549.52 6544.11
6399.67 6360.1 6341.81 6325.98 6307.79 6283.81 6272.63 6274.33 6281.07 6291.69 6304.81 6318.34 6330.76 6341.25 6344.12 6345.95 6351.42 6341.98 6334.94 6338.53 6348.29 6360.36 6373.73 6391.47 6415.48 6429.32 6438.7 6451.1 6465.59 6480.94 6497.08 6518.78 6557.9 6599.9 6618.41 6615.91 6613.6 6619.09 6634.95 6660.75 6690.73 6724.82 6761.92 6808.45 6843.32 6844.38 6833.76 6817.33 6798.74 6779.51 6760.53 6745.63 6730.83 6716.32 6708.48 6705.15 6710.48 6679.35 6600.85 6557.84 6548.82 6544.81 6540.93 6543.17 6545.88 6550.57 6547.4
6422.1 6381.89 6361.74 6345.27 6327.52 6305.11 6291.54 6290.29 6295.02 6306.36 6320.02 6334.33 6348.17 6359.53 6362.18 6361.36 6359.59 6351.39 6342.94 6345.45 6356.43 6369.38 6383.16 6397.15 6413.54 6428.83 6440.36 6451.98 6464.2 6479.63 6497.56 6519.44 6551.44 6582.96 6598.34 6607.13 6608.57 6613 6636.3 6658.9 6685.91 6716.62 6761.73 6866.67 6865.76 6849.94 6833.3 6814.39 6794.72 6774.98 6757.16 6744.62 6728.45 6713.53 6701.57 6693.51 6687.68 6659.43 6627.29 6579.18 6570.38 6560.3 6550.96 6547.74 6545.29 6541.49 6531.48
6432.17 6401.9 6379.88 6363.09 6346.53 6329.07 6315.97 6311.59 6314.38 6322.93 6335.29 6349.51 6363.57 6374.83 6375.25 6372.29 6366.7 6359.91 6353.73 6355.98 6366.84 6379.75 6393.07 6407.05 6421.38 6430.44 6441.1 6452.84 6465.87 6480.97 6499.19 6517.84 6544.53 6560.92 6581.26 6605.81 6619.78 6630.1 6647.78 6664.97 6683.08 6708.76 6749.96 6854.82 6857.56 6842.03 6824.64 6807.17 6787.35 6769.2 6750.48 6732.31 6715.25 6694.22 6683.18 6672.8 6662.66 6652.79 6684.74 6649.87 6604.09 6576.07 6563.58 6555.05 6547.12 6538.31 6518.2
6428.63 6402.05 6390.74 6386.39 6372.65 6355.64 6342.41 6336.39 6333.54 6340.28 6351.16 6364.07 6376.86 6383 6386.22 6382.84 6376.47 6371.26 6367.91 6369.81 6379.75 6390.92 6402.98 6414.17 6418.28 6429.78 6441.57 6453.31 6466.32 6481.01 6501.31 6525.27 6546.1 6568.62 6592.35 6618.62 6639.82 6656.83 6662.35 6669.65 6681.67 6703.68 6740.16 6800.27 6825.54 6819.78 6805.9 6789.71 6771.88 6753.8 6735.92 6717.91 6700 6677.02 6662.17 6646.59 6631.14 6627.52 6676.37 6684.77 6606.9 6575.58 6558.7 6550.29 6543.76 6539.99 6537.51
6422.48 6395.9 6397.19 6397.18 6390.24 6380.62 6372.77 6363.03 6355.62 6358.13 6366.19 6376.38 6388.45 6398.79 6395.85 6394.08 6391.89 6391.04 6388.55 6389.18 6395.1 6401.85 6410.88 6418.2 6422.06 6431.77 6443.38 6454.44 6466.35 6479.13 6492.73 6518.19 6550.94 6583.27 6616.17 6635.06 6652.6 6665.41 6667.18 6670.03 6677.3 6695.44 6734.48 6784.9 6794.78 6792.16 6784.88 6772.94 6758.44 6742.66 6725.54 6709.72 6688.87 6665.35 6644.67 6618.78 6586.93 6587.4 6593.14 6566.24 6558.53 6551.45 6544.56 6541.74 6537.4 6535.03 6532.91
6426.1 6412.11 6407.89 6407.08 6403.81 6400.19 6398.23 6387.15 6377.09 6374.93 6380.43 6387.02 6391.58 6395.73 6401.52 6403.83 6406.6 6409.03 6407.45 6412.4 6407.97 6411.26 6417.51 6422.57 6427.22 6436.01 6446.67 6458.19 6470.35 6482.87 6495.34 6522.09 6556.88 6592.95 6627.53 6644.93 6659.35 6668.33 6666.4 6664.92 6668.54 6679.56 6701.77 6742.53 6759.98 6763.34 6760.23 6751.53 6740.85 6724.54 6709.2 6690.08 6672.25 6653.18 6632.41 6609.58 6587.84 6561.47 6544.46 6517.18 6518.11 6527.02 6532.13 6532.54 6530.05 6525.94 6515.22
6428.53 6421.11 6419.63 6416.82 6414.69 6412.93 6411.08 6402.77 6392.66 6391.65 6395.13 6398.82 6402.68 6405.09 6407.95 6410.63 6413.11 6413.47 6413.02 6411.49 6411.67 6416.18 6422.49 6428.81 6436.83 6441.76 6450.63 6461.92 6474.96 6491.42 6515.02 6534.81 6562.52 6593.41 6623.16 6643.61 6660.08 6668.76 6660.09 6657.7 6659.32 6666.36 6684.93 6708.68 6722.69 6728.98 6727.12 6721.67 6710.81 6699.14 6682.1 6668.02 6652.61 6637.61 6622.76 6607.22 6587.67 6562.26 6543.44 6523.39 6510.8 6519.56 6523.7 6526.49 6525.07 6518.97 6503.33
6434.01 6435.87 6430.79 6425 6423.18 6421.5 6418.85 6416.24 6413.61 6411.19 6409.52 6409.76 6411.28 6413.41 6413.9 6415.35 6417.32 6418.26 6413.28 6406.4 6411.56 6418.61 6425.91 6433.17 6440.84 6445.38 6453.56 6464.84 6479.07 6497.04 6518.88 6540.26 6564.56 6590.54 6613.42 6638.34 6657.15 6667.44 6653.27 6652.66 6652.39 6654.51 6665.95 6681.59 6689.66 6694.75 6693.8 6689.27 6681.72 6672.45 6659.66 6648.15 6636.35 6624.77 6615.15 6606.83 6597.9 6580.57 6574.55 6576.13 6532.02 6521.42 6520.92 6523.2 6523.62 6520.77 6512.77
6436.23 6434.75 6434.3 6432.77 6429.17 6427.52 6428.48 6428.44 6428.17 6427.53 6420.12 6418.11 6418.08 6417.84 6417.87 6418.11 6417.89 6417.55 6414.42 6413.15 6415.21 6419.85 6426.77 6435.27 6438.91 6446.13 6455.95 6467.78 6481.44 6496.17 6514.35 6539.21 6563.19 6588.35 6614.93 6636 6652.15 6662.96 6654.02 6653.29 6649.94 6646.6 6651.16 6661.95 6670.08 6673.81 6673.26 6669 6663.16 6653.36 6644.59 6634.78 6624.97 6615.64 6608.46 6603.04 6604.71 6614.37 6619.43 6597.32 6542.19 6525.14 6521.62 6520.85 6522.23 6522.86 6523
6436.76 6438.34 6438.71 6434.57 6431.39 6429.01 6427.88 6427.43 6425.23 6422.55 6423.4 6423.3 6424.3 6422.93 6421.56 6419.9 6418 6416.4 6414.22 6415.11 6416 6418.62 6424.07 6431.33 6434.64 6446.51 6457.9 6470.23 6484.29 6498.38 6511.79 6537.98 6560.93 6583.28 6605.28 6626.55 6646.1 6658.44 6660.45 6662.75 6654.22 6647.31 6642.75 6650 6656.85 6658.55 6655.7 6651.35 6645.02 6637.84 6632.91 6626.41 6617.8 6610.84 6604.11 6603.21 6610.18 6623.12 6623.46 6600.71 6552.2 6531.95 6521.89 6519.27 6518.42 6518.79 6519.17
6436.71 6433.37 6429.29 6431.79 6431.18 6428.32 6423.84 6417.52 6420.85 6423.05 6424.44 6426.68 6426.41 6426.35 6424.37 6421.8 6418.54 6413.5 6412.36 6413.92 6414.42 6414.84 6418.42 6425.24 6444.6 6448.58 6458.68 6471.56 6486.82 6507.01 6528.25 6540.51 6558.9 6577.79 6595.13 6615.34 6641.2 6664.81 6682.36 6671.61 6660.83 6653.96 6645.81 6648.04 6649 6648.1 6643.22 6638.93 6635.97 6629.55 6624.46 6619.2 6612.73 6605.41 6597.59 6592.37 6604.74 6623.3 6640.79 6617.38 6567.84 6541.84 6527.72 6519.8 6513.75 6509.26 6505.93
6437.41 6435.92 6433.92 6434.5 6432.46 6429.23 6424.81 6420.89 6421.51 6424.39 6427.3 6430.44 6433.56 6429.91 6427.38 6424.63 6421.51 6419.8 6416.39 6410.17 6406.75 6409.88 6413.12 6420 6431.07 6444.8 6458.39 6471.68 6485.03 6501.62 6521.19 6539.35 6557.12 6574.3 6589.38 6607.91 6636.82 6663.72 6675.8 6672.51 6666.32 6661.35 6657.96 6652.64 6647.06 6641.47 6636.3 6628.67 6623.88 6621.21 6616 6612.47 6608.81 6601.89 6592.32 6580.96 6592.52 6605.47 6612.04 6611.45 6591.89 6552.55 6533.58 6518.44 6503.69 6493.36 6482.75
6439.53 6441.66 6446.98 6439.41 6435.7 6432.86 6429.65 6425.94 6429.02 6429.69 6433.19 6432.67 6431.63 6432.14 6430.56 6427.89 6424.4 6420.05 6414.84 6409.67 6407.01 6407.81 6410.57 6417.77 6427.5 6445.04 6459.14 6472.07 6484.43 6493.92 6514.07 6538.03 6558.44 6575.41 6590.29 6606.77 6634.47 6656.93 6671.58 6672.73 6667.87 6663.37 6664.86 6655.4 6642.55 6633.51 6625.66 6619.58 6616.56 6613.53 6610.6 6608.27 6605.19 6600.96 6596.52 6588 6584.82 6581.18 6573.3 6572.23 6560.53 6543.96 6531.12 6515.88 6499.22 6478.68 6456.85
6441.84 6442.91 6439.23 6439.79 6439.34 6438.44 6437.94 6437.93 6440.36 6445.11 6443.11 6439.53 6436.7 6437.22 6434.84 6431.36 6427.09 6422.38 6417.35 6411.55 6407.22 6407.95 6412.34 6420.51 6436.66 6448.35 6460.22 6475.45 6490.63 6505.55 6523.79 6543.58 6562.93 6581.47 6599.66 6626.11 6637.7 6651.79 6660.06 6662.78 6669.56 6673.52 6668.74 6652.78 6638.82 6626.05 6619.43 6614.64 6612.59 6608.2 6606.14 6603.9 6601.78 6602.5 6603.83 6598.25 6583.05 6563.55 6541.29 6539.16 6544.12 6547.17 6531.33 6512.17 6489.54 6463.55 6434.67
6443.37 6445.56 6444.8 6442.76 6444.07 6444.34 6445.04 6447.36 6447.12 6445.96 6447.67 6452.98 6450.88 6444.35 6439.62 6434.92 6430.3 6425.65 6421.31 6412.83 6407.53 6408.98 6414.47 6420.84 6426.8 6439.73 6460.2 6480.2 6500.43 6520.86 6537.59 6553.95 6570.22 6587.51 6605.13 6621.46 6638.68 6652.26 6660.23 6667.15 6671.42 6673.88 6662.15 6640.35 6624.82 6614.86 6607.66 6606.78 6604.48 6601.54 6600.81 6598.19 6598.32 6601.71 6607.51 6601.29 6582.1 6557.08 6529.51 6526.85 6552.4 6552.59 6527.09 6503.78 6476.64 6447.53 6416.69
6444.56 6447.82 6451.29 6452.05 6450.6 6450.25 6450.11 6449.94 6449.34 6448.68 6450.91 6455.59 6454.38 6448.67 6443.68 6438.88 6434.16 6428.15 6420.56 6414.72 6409.47 6408.39 6413.93 6418.98 6426.55 6441.43 6461.98 6484.55 6509.25 6532.79 6548.57 6563 6577.97 6594.27 6610.02 6623.69 6641.39 6656.54 6665.58 6673.18 6666.85 6656.84 6633.44 6614.41 6604.68 6597.81 6594.87 6593.1 6590.93 6592.15 6589 6589.73 6591.45 6594.7 6600.59 6596.37 6580.98 6562.5 6543.14 6536.1 6538.41 6527.68 6516.71 6494.17 6463.22 6434.71 6402.07
6445.24 6446.83 6450.94 6455.2 6455.56 6455.24 6454.62 6453.75 6453.02 6451.48 6451.44 6452.5 6452.63 6450.64 6446.68 6442.53 6437.81 6432.49 6425.58 6419.14 6410.92 6408.37 6409.24 6415.25 6425.72 6440.01 6461.34 6488.05 6515.89 6539.68 6555.74 6569.54 6585.28 6600.2 6614.59 6629.44 6646.16 6662.09 6670.8 6668.87 6639.39 6598.89 6586.67 6581.22 6580.77 6578.63 6576.28 6576.45 6574.42 6575.33 6580.09 6579.36 6579.49 6579.17 6579.25 6578.54 6576.42 6571.9 6569.73 6567.98 6544.03 6532.09 6509.95 6480.68 6450.37 6415.39 6385.24
6446.37 6449.01 6452.38 6457.82 6460.46 6460.24 6459.09 6456.65 6453.31 6455.57 6455.13 6451.56 6452.2 6451.63 6449.42 6446.05 6442.56 6438.32 6434.87 6429.27 6425.05 6418.04 6407.72 6414.45 6420.89 6430.7 6459 6489.66 6520.69 6547.27 6560.44 6573.4 6586.21 6601.27 6616.29 6629.68 6645.38 6663.3 6676.85 6660.73 6587.99 6542.02 6543.33 6546.9 6553.12 6555.9 6559.38 6560.62 6562.06 6562.66 6561.78 6563.23 6563.89 6562.29 6560.89 6564.21 6571.63 6575.83 6579.01 6571.5 6551.66 6539.79 6504.72 6469.89 6437.66 6407.1 6378.99
6449.18 6454.18 6461.2 6467.83 6466.29 6465.11 6464.28 6463.98 6464.64 6462.01 6458.58 6456.15 6456.17 6455 6453.51 6450.84 6447.17 6443.42 6439.09 6432.59 6426.97 6423.35 6423.07 6423.83 6426.07 6434.44 6460.66 6490.55 6519.5 6542.73 6559.11 6571.95 6585.08 6599.59 6615.26 6630.97 6644.37 6650.44 6649.26 6599.98 6542.88 6515.72 6516.26 6523.22 6531.46 6539.85 6541.84 6544.02 6545.48 6544.29 6546.28 6544.88 6548.5 6551.23 6551.23 6556.52 6565.97 6575.08 6582.7 6580.94 6564.71 6529.86 6494.44 6462.28 6431.4 6406.29 6382.94
6450.67 6457.15 6464.13 6469.21 6469.11 6468.11 6468.1 6469.38 6471.36 6467.09 6463.92 6463.8 6462 6459.85 6457.43 6454.88 6451.71 6447.94 6442.66 6433.99 6419.98 6420.08 6442.48 6433.52 6433.91 6444.72 6464.82 6492.69 6522.63 6542.44 6554.16 6565 6577.22 6589.84 6606.04 6627.17 6642.5 6620.79 6591.23 6547.4 6517.39 6505.83 6503.8 6508.29 6512.39 6521.97 6526.62 6527.2 6529.28 6525.79 6529.15 6536.11 6539.55 6542.06 6542.61 6547.7 6554.13 6564.29 6580.66 6608.43 6586.08 6540.06 6489.89 6468.85 6443.88 6416.92 6389.97
6451.11 6456.87 6463.1 6469.2 6467.92 6468.15 6469.22 6470.34 6471.27 6469.13 6465.75 6468.98 6465.65 6462.74 6461.66 6459.4 6456.77 6453.12 6447.75 6440.17 6434.97 6433.04 6431.02 6433.67 6436 6444.82 6462.94 6489.41 6525.83 6540.26 6543.71 6551.11 6560.75 6571.49 6583.4 6594.28 6589.93 6575.11 6546.7 6515.02 6504.34 6499.33 6497.69 6501.33 6506.74 6510.74 6511.34 6512.3 6514.12 6513.3 6521.43 6525.08 6528.92 6533.78 6536.81 6536.97 6538.31 6543.33 6552.72 6566.65 6559.07 6533.2 6504.65 6488.14 6463.84 6432.92 6403.58
6451.37 6455.56 6458.58 6459.13 6462.68 6466.09 6468.78 6470.46 6469.41 6469.67 6466.58 6467.33 6468.48 6466.92 6464.92 6462.7 6461.41 6460.76 6458.22 6453.05 6447.53 6442.81 6432.69 6431.52 6433.48 6439.28 6451.12 6471.48 6492.24 6512.01 6524.29 6534.37 6541.2 6548.76 6555.83 6553.8 6544.71 6533.76 6515.72 6499.43 6515.06 6500.82 6497.1 6497.18 6498.36 6500.74 6501.8 6505.44 6494.88 6497.37 6507.56 6510.1 6514.36 6521.72 6525.14 6520.07 6516.48 6513.22 6509.25 6498.55 6520.57 6557.67 6541.88 6514.26 6482.55 6448.25 6417.07
6452.23 6455.23 6456.35 6456.13 6460.09 6464.98 6467.94 6470.53 6473.11 6472.54 6470.25 6473.12 6471.35 6469.62 6467.91 6467.48 6466.64 6465.79 6465.33 6463.75 6447.72 6430.7 6429.38 6431.04 6432.49 6434.17 6440.85 6452.99 6462.25 6482.77 6501.34 6513.99 6523.37 6528.46 6529.9 6525.03 6518.99 6508.4 6500.01 6497.63 6498.57 6495.74 6494.4 6494.53 6494.66 6494.26 6494.68 6493.89 6494.23 6495.56 6499.87 6500.69 6499.44 6501.28 6502.37 6497.5 6491.72 6484.86 6477.74 6473.79 6502.26 6573.75 6563.7 6539.88 6508.66 6472.59 6436.42
