real_craters/C173-500m.grd
DSAA
266 266
-66.29 66.29
-66.29 66.29
5260.6273617965 7440.4984787869
[rows 210 to 239 of 266, columns 67 to 133 of 266]
6417.08 6380.56 6348.27 6334.95 6327.93 6314.98 6294.85 6279.84 6267.83 6255.01 6254.61 6248.87 6245.26 6245.33 6250.55 6260.47 6270 6273.07 6272.39 6279.68 6255.23 6256 6251.67 6243.01 6234.41 6226.56 6219.67 6219.89 6222.75 6227 6227.94 6235 6243.83 6245.04 6247.06 6249.89 6255.66 6258.6 6269 6279.29 6289.28 6296.17 6296.84 6315.4 6315.16 6321.13 6312.86 6285.53 6198.43 6045.12 5978.28 6025.86 6212.8 6422.61 6483.83 6431.25 6389.54 6384.03 6374.42 6355.64 6338.24 6326.3 6317.04 6308.22 6302.13 6297.6 6296.82
6434.58 6380.48 6353.09 6335.07 6332.99 6337.52 6333.05 6309.59 6288.66 6259.39 6260.66 6254 6247.02 6242.63 6246.45 6256.54 6265.33 6276.02 6276.06 6306.28 6275.21 6256.48 6246.88 6239.01 6230.64 6223.32 6218.91 6217.53 6220.37 6227.35 6239.84 6237.77 6233.85 6238.3 6240.12 6241.24 6248.52 6255.41 6257.98 6265.03 6270.16 6279.6 6283.66 6296.07 6314.39 6338.38 6364.12 6400.03 6416.86 6357.88 6292.84 6341.93 6394.59 6413.23 6418.41 6410.7 6399.86 6388.49 6375.02 6359.81 6344.08 6338.83 6326.27 6314.56 6304.32 6292.77 6285.62
6483.5 6418.96 6375.95 6338.68 6338.23 6359.29 6395.22 6374.76 6325.99 6278.73 6260.79 6253.99 6247.4 6243.35 6245.38 6253.5 6262.65 6270.03 6267.75 6271.2 6279.44 6258.19 6243.65 6234.71 6226.7 6219.55 6214.3 6212.8 6215.42 6219.85 6225.57 6228.95 6233.48 6233.63 6234.98 6236.61 6240.18 6250.99 6254.36 6258.22 6264.41 6272.09 6279.77 6285.73 6308.28 6326.92 6364.62 6389.84 6402.27 6425.14 6431.96 6456.38 6429.89 6379.57 6352.51 6378.03 6406.11 6388.01 6373.58 6366.84 6363.5 6353 6332.29 6316.09 6300.48 6289.35 6280.47
6594.14 6529.82 6424.52 6354.75 6336.61 6346.26 6388.75 6425.9 6361.67 6296.23 6270.74 6254.7 6247.14 6243.96 6246.11 6251.95 6259.58 6264.58 6266.18 6271.69 6264.28 6251.79 6240 6230.54 6222.99 6215.97 6210.08 6207.61 6210.62 6213.34 6211.37 6217.17 6218.55 6221.84 6230.67 6242.3 6249.79 6248.57 6252.58 6253.5 6260.69 6268.33 6274.7 6285.5 6294.61 6315.24 6335.9 6363.17 6377.94 6376.79 6379.3 6371.66 6369.38 6336.78 6315.35 6340.42 6360.06 6363.61 6361.06 6363 6372.29 6358.32 6332.39 6312.17 6297.81 6287.34 6279.69
6640.67 6580.48 6450.02 6353.74 6330.75 6331.72 6366.39 6403.43 6397.46 6332.57 6284.65 6260.52 6248.63 6247.54 6251.49 6253.89 6259.23 6266.27 6271.57 6277.95 6258.36 6243.24 6235.93 6229.46 6222.39 6214.99 6208.17 6204.19 6208.85 6217.55 6221.41 6212.71 6205.56 6209.43 6225.18 6239.67 6244.1 6239.11 6242.95 6244.87 6249.46 6258.15 6266.11 6278.06 6290.18 6302.72 6311.15 6320.28 6311.37 6316.29 6324 6317.44 6306.57 6304.17 6302.46 6314.4 6326.91 6334.28 6337.6 6340.85 6344.67 6340.98 6329.02 6315.84 6298.4 6286.57 6279.2
6529.5 6508.42 6442.18 6362.05 6338.88 6324.47 6372.36 6456.66 6466.94 6431.4 6339.5 6269.7 6250.74 6250.88 6257.06 6260.07 6261.3 6265.38 6280.01 6282.69 6256.89 6243.03 6236.75 6229.46 6222.26 6215.86 6209.54 6202.76 6208.54 6214.13 6217 6209.36 6204.08 6207.59 6221.16 6232.86 6236.74 6234.78 6233.99 6232.37 6236.45 6245.11 6256.54 6268 6271.93 6280.4 6286.94 6287.66 6288.85 6291.39 6290.17 6282.42 6285.46 6286.91 6291.34 6298.76 6306.36 6311.5 6313.62 6312.64 6316.47 6328.03 6323.54 6313.78 6303.1 6291.98 6282.78
6441.05 6454.95 6458.94 6441.79 6385.3 6319.36 6374.37 6492.16 6521.13 6533.63 6387.02 6267.82 6249.87 6253.73 6261.98 6265.6 6265.53 6266.7 6280.29 6273.03 6248.51 6242.67 6238.67 6228.42 6221.6 6217.88 6217.2 6220.1 6215.76 6205.14 6201.91 6204.43 6207.28 6213.79 6217.22 6223 6226.48 6226.13 6224.92 6219.23 6221.71 6228.67 6235.96 6244.64 6252.63 6258.49 6264.51 6266.7 6269.1 6271.88 6275.41 6280.15 6278.29 6278.41 6285.88 6290.55 6294.52 6296.31 6295.45 6292.58 6301.77 6320.63 6317.31 6310.42 6302.44 6295.15 6289.26
6400.08 6429.1 6469.74 6514.3 6424.93 6319.52 6360.19 6470.27 6488.26 6466.77 6335.23 6254.16 6247.01 6255.31 6269 6269.84 6268.47 6267.6 6261.43 6252.57 6241.43 6238.4 6229.79 6222.62 6218.06 6216.27 6218.04 6223.23 6212.99 6201.85 6199.65 6202.11 6204.08 6203.96 6211.96 6214.9 6215.95 6223.46 6222.03 6214.45 6212.72 6216.93 6222.14 6227.62 6232.97 6236.58 6242.02 6248.04 6253.63 6262.66 6267.85 6269.93 6268.74 6273.25 6279.94 6286.3 6288.54 6287.04 6286.68 6284.85 6295.51 6312.41 6314.1 6308.71 6303.34 6299.1 6293.89
6370.28 6396.65 6430.98 6456.64 6390.41 6301.14 6324.02 6377.98 6390.25 6350.86 6278.12 6250.71 6246.45 6254.63 6265 6266.23 6262.3 6258.58 6251.38 6252.58 6246.94 6237.54 6222.08 6215.13 6211.76 6210.21 6208.98 6203.55 6201.55 6200.72 6200.25 6202.5 6206.18 6212.44 6211.59 6210.84 6213.23 6239.79 6214.77 6202.23 6202.74 6206.09 6210.61 6215.97 6221.37 6226.24 6231.05 6237.23 6248.66 6260.34 6262.39 6260.08 6263.17 6274.99 6285.92 6292.27 6291.26 6289.35 6286.76 6284.23 6290.18 6300.17 6303.98 6306.52 6308.16 6305.82 6303.46
6335.8 6354.53 6365.87 6348.4 6311.74 6283.09 6291.19 6310.43 6311.13 6285.33 6260.53 6248.19 6246.57 6252.94 6263.14 6261.03 6249.98 6245.37 6247.49 6272.98 6254.21 6228.89 6214.96 6208.03 6204.96 6203.25 6202.34 6202.17 6201.47 6202.89 6201.12 6203.12 6207.24 6211.98 6209.75 6206.54 6203.71 6197.82 6196.24 6194 6195.23 6197.45 6201.13 6205.72 6210.21 6215.08 6219.18 6224.7 6233.68 6261.24 6255.97 6253.12 6258.89 6273.44 6288.62 6296.94 6296.02 6294.13 6291.66 6290.24 6288.81 6288.9 6297.39 6304.6 6310.96 6314.14 6319.74
6312.21 6319.64 6318.03 6302.09 6281.62 6270.38 6269.06 6269.65 6269.4 6264.15 6248.1 6244.86 6245.76 6251.03 6256.09 6253.84 6244.82 6247.81 6256.09 6259.26 6242.93 6216.17 6204.26 6198.77 6197.43 6197.06 6197.3 6196.91 6195.55 6194.8 6198.41 6201.29 6204.24 6205.72 6203.68 6199.8 6194.43 6198.58 6198.44 6190.55 6188.12 6188.42 6191.48 6195.5 6200.86 6208.21 6212.03 6215.61 6223.2 6237.83 6241.04 6243.04 6253.62 6274.34 6285.7 6294.8 6298.88 6298.8 6294.98 6292.45 6288.25 6287.18 6295.53 6304.11 6312.69 6322.81 6335.2
6295 6295.28 6289.95 6280.23 6270.11 6262.65 6256.42 6252.97 6252.51 6252.8 6246.91 6243.09 6245.39 6247.74 6248.57 6247.22 6244.89 6253.29 6268.04 6254.53 6230.85 6206.1 6195.07 6191.25 6190.96 6192.01 6193.29 6194.13 6192.86 6193.17 6197.52 6200.51 6201.43 6201.22 6201.94 6199.68 6185.37 6193.84 6190.34 6181.05 6182.41 6185.63 6189.02 6193.17 6197.37 6201.34 6205.93 6210.39 6213.18 6217.45 6223.21 6227.23 6228.99 6249.33 6275.21 6303.88 6291.65 6288.28 6286.73 6291.7 6288.7 6292.25 6297.46 6302.35 6310.84 6322.44 6337.49
6280.2 6278 6273.24 6266.57 6260.36 6255 6247.52 6242.93 6240.59 6241.68 6241.55 6245.05 6247.22 6245.28 6240.88 6238.12 6245.47 6253.26 6261.09 6255.71 6226.71 6205.48 6195.11 6187.79 6186.63 6188.08 6190.98 6195.45 6201.1 6202.06 6201.34 6200.16 6198.85 6196.94 6195.97 6189.14 6185 6188.54 6185.68 6176.6 6176.52 6178.69 6182.11 6185.76 6190.09 6194.73 6199.07 6206.87 6210.84 6207.23 6210.05 6217.62 6226.32 6233 6254.21 6267.91 6271.99 6265.63 6266.38 6271.66 6278.35 6287 6293.22 6296.48 6303.95 6314.17 6326.49
6270.54 6267.71 6262.98 6257.4 6250.97 6245.93 6238.94 6235.15 6232.8 6234.55 6239.82 6249.24 6252.33 6245.81 6238.55 6236.98 6249.03 6248.52 6238.55 6226.13 6216.94 6219.98 6200.96 6185.83 6183.98 6185.8 6189.46 6194.78 6203.21 6211.74 6203.38 6198.91 6195.87 6193.07 6191.36 6186 6180.76 6187.93 6186.92 6172.96 6171.3 6173.19 6175.95 6179.81 6182.81 6187.33 6192.09 6197.17 6198.73 6195.63 6202.39 6213.06 6222.69 6230.85 6242.88 6255.74 6256.07 6253.25 6253.72 6259.42 6267.93 6274.77 6283.3 6289.56 6297.25 6305.39 6313.35
6266.16 6262.88 6257.62 6251.24 6244.76 6236.6 6232.16 6228.83 6226.92 6231.63 6240.44 6252.93 6256.01 6246 6237.95 6233.73 6245.92 6237.74 6221.02 6209.35 6204.12 6199.35 6189.34 6181.61 6181.24 6183.78 6187.1 6190.83 6194.39 6198.89 6199.31 6196.53 6193.53 6190.18 6187.55 6183.84 6177.05 6176.72 6170.77 6169.32 6168.48 6170.13 6172.27 6175.46 6178.61 6181.21 6183.71 6186.1 6190.13 6194.04 6202.13 6210.95 6223.32 6229.11 6232.66 6236.54 6242.53 6247.73 6249.27 6251.58 6260.86 6268.49 6276.98 6284.48 6292.04 6298.25 6306.33
6263.75 6260.03 6254.62 6246.9 6236.24 6230.09 6226.52 6224.34 6224.4 6229.57 6239.48 6246.4 6246.23 6242.07 6238.81 6239.29 6244.89 6225.68 6208.23 6195.97 6188.18 6185 6181.04 6177.81 6179.72 6182.32 6185.32 6187.93 6189.97 6193.34 6195.8 6195.4 6192.15 6185.94 6188.94 6182.01 6180.94 6174.89 6168.86 6166.3 6166.19 6167.09 6168.99 6170.89 6172.46 6174.14 6175.79 6178.21 6184.87 6197.56 6203.68 6203.99 6210.22 6218.67 6227.53 6229.51 6235.71 6242.91 6246.81 6249.68 6257.43 6266.75 6277.16 6285.92 6292.64 6301.42 6307.73
6263.23 6257.81 6252.58 6246.84 6236.23 6226.62 6222.78 6221.51 6221.97 6227.25 6241.69 6251.48 6235.61 6236.33 6237.92 6242.1 6230.29 6212.23 6195.28 6182.11 6178.28 6181.04 6181.7 6179.37 6179.69 6181.74 6184.06 6186.9 6190.52 6193.98 6197.27 6197.48 6195.09 6186.73 6185.66 6192.89 6187.83 6177.13 6167.19 6163.7 6164.96 6166.42 6167.25 6167.94 6168.5 6169.09 6169.08 6170.7 6176.43 6182.46 6185.14 6191.02 6195.16 6203.84 6220.36 6228.83 6234.71 6236.78 6241.44 6246.92 6253.81 6264.63 6276.64 6286.41 6297.02 6307.51 6317.36
6263.39 6257.75 6252.45 6248.3 6243.28 6223.87 6221.24 6219.97 6217.62 6222.65 6240.49 6258.24 6234.54 6232.86 6230.79 6224.66 6211.67 6197.81 6182.34 6180.17 6176.28 6177.16 6177.08 6179.51 6179.54 6181.01 6183.78 6187.62 6191.29 6194.32 6203.48 6209.46 6210.68 6199.15 6190.47 6193.65 6198.44 6181.02 6165.44 6162.85 6161.94 6161.44 6162.48 6162.23 6162.91 6162.4 6163.22 6163.71 6168.87 6172.31 6175.35 6181.62 6187.36 6194.17 6209.02 6218.38 6223.36 6227.13 6230.8 6239.36 6248.38 6260.73 6270.97 6288.93 6303.87 6316.55 6330.36
6260.96 6255.52 6249.5 6242.02 6232.05 6226.33 6223.05 6220.47 6215.56 6218.51 6231.98 6236 6240.41 6234.02 6222.29 6209.48 6193.15 6176.54 6176.27 6174.6 6178.79 6176.19 6175.36 6177.68 6179.13 6183.05 6185.13 6190.57 6196.62 6200.14 6222.11 6243.58 6247.04 6230.97 6210.21 6199.3 6201.37 6189.03 6172.27 6163.26 6158.99 6156.77 6157.9 6157.79 6159.06 6159.66 6160.7 6162.69 6165.83 6169.84 6171.69 6178.6 6183.69 6190.85 6199.97 6208.71 6210.5 6214.5 6220.11 6230.78 6241.74 6257.92 6275.72 6291.8 6307.1 6324.63 6345.08
6257.9 6252.28 6245.66 6238.82 6233.91 6229.98 6227.46 6226.52 6226.08 6228.61 6228.94 6232.36 6242.81 6231.2 6213.34 6195.17 6181.98 6170.32 6168.52 6166.67 6171.96 6173.46 6174.02 6178.86 6184.46 6191.36 6192.86 6191.07 6195.21 6206.62 6250.42 6295.81 6324.54 6316.14 6302.88 6275.39 6252.23 6212.55 6178.79 6163.37 6155.36 6151.62 6151.03 6152.92 6153.39 6155.77 6158.78 6162.58 6164.65 6170.79 6183.52 6179.04 6180.96 6188.29 6207.73 6205.86 6203.93 6204.95 6206.29 6220.31 6234.35 6251.41 6271.43 6287.34 6308.32 6332.02 6354.11
6255.29 6248.51 6241.34 6234.4 6228.81 6226.99 6227.58 6233.72 6232.2 6222.04 6232.62 6231.24 6226.89 6215.81 6203.78 6189.16 6170.56 6163.3 6159.56 6161.17 6167.12 6172.68 6176.68 6184.66 6198.9 6217.16 6216.47 6199.56 6194.55 6224.75 6284.2 6357.29 6438.06 6492.43 6494.11 6460.4 6355.27 6248.68 6185.68 6162.14 6152.75 6148.47 6146.98 6147.67 6149.71 6150.7 6152.72 6156.32 6160.73 6166.44 6169.67 6172.57 6175.58 6181.32 6187.28 6189.21 6189.23 6196.93 6202.37 6213.56 6226.63 6241.27 6258.87 6277.06 6300.37 6326.74 6356.16
6250.44 6243.65 6237.18 6229.41 6219.35 6210.04 6225.1 6243.34 6254.48 6253.84 6254.74 6237.83 6213.12 6199.78 6195.05 6180.96 6165.35 6159.65 6157.18 6157.85 6166.83 6180.7 6192.27 6212.65 6239.96 6270.78 6265.39 6239.12 6230.87 6256.06 6312.31 6395.53 6526.75 6706.53 6706.53 6633.8 6430.07 6258 6181.6 6161.05 6150.64 6146.07 6144.38 6143.86 6144.5 6145.25 6147.26 6150.94 6155.89 6160.64 6165.13 6167.02 6169.49 6171.86 6172.24 6174.82 6180.99 6190.15 6205.21 6216.59 6222.45 6227.33 6241.59 6259.25 6283.13 6312.64 6345.77
6248.14 6240.67 6232.15 6225.1 6216.3 6208.95 6223.63 6263.56 6290.73 6318.95 6291.07 6240.45 6202.18 6195.64 6194.18 6187.29 6160.53 6151.68 6156.37 6156.22 6163.82 6194.13 6228.87 6284.69 6346.16 6367.38 6344.31 6300.65 6277.45 6309.86 6311.3 6358.07 6475.45 6629.29 6654.58 6540.16 6379.56 6224.56 6166.16 6155.76 6148.65 6145.79 6143.97 6142.14 6141.75 6141.6 6141.8 6145.47 6150.92 6156.32 6159.11 6160.76 6162.93 6164.11 6164.79 6168.52 6177.36 6182.82 6189.74 6199.33 6207.98 6208.43 6217.68 6230.89 6258.85 6290 6322.97
6243.55 6234.88 6225.65 6219.29 6216.34 6214.46 6207.8 6208.65 6265.16 6339.6 6299.5 6237.54 6198.66 6193.66 6180.27 6170.61 6154.96 6152.09 6156.61 6157.27 6175.77 6221.74 6280.58 6381.12 6485.02 6495.66 6440.63 6365.45 6287.39 6232.89 6205.73 6237.82 6310.25 6404.69 6473.9 6356.9 6267.59 6179.36 6153.58 6153.06 6149.33 6146.34 6143.64 6142.01 6140.98 6140.29 6140.49 6142.81 6147.21 6151.82 6158.16 6160.61 6158.34 6159.77 6161.2 6160.92 6168.76 6170.47 6175.52 6184.83 6190.48 6196.08 6197.49 6207.82 6233.87 6263.09 6291.67
6236.2 6224.73 6217.71 6216.7 6218.63 6224.54 6206.41 6151.17 6208.84 6241.88 6242.64 6216.85 6190.64 6173.77 6159.55 6151.79 6151.87 6153 6153.29 6157.13 6178.66 6253.28 6378.71 6532.03 6684.32 6624.66 6520.84 6417.69 6270.49 6118.01 6062.36 6106.49 6134.64 6206.49 6295.8 6233.15 6199.18 6168.38 6153.28 6157.41 6154.12 6148.09 6144.69 6142.63 6140.33 6139.7 6139.91 6140.75 6143.48 6146.15 6149.01 6148.86 6152.41 6155.37 6157.29 6159.06 6159.99 6161.85 6163.54 6166.04 6174.18 6179.8 6182.36 6190.5 6212.07 6236.52 6258.98
6243.21 6224.16 6215.57 6213.24 6218.25 6227.56 6221.83 6212.93 6200.9 6207.45 6205.65 6193.35 6171.21 6154.84 6152.09 6149.94 6151.75 6155.49 6154.97 6162.07 6186.73 6298.6 6482.29 6660.26 6753.96 6676.13 6537.84 6399.38 6255.37 6097.88 6030.75 6071.04 6072.73 6163.21 6217.06 6198.25 6174.49 6152.85 6150.86 6159.02 6155.55 6148.63 6143.44 6140.28 6137.74 6136.53 6134.66 6137.71 6139.9 6141.25 6142.73 6143.06 6149.05 6153.88 6157.11 6157.62 6158.2 6159.09 6158.01 6157.81 6163.76 6169.51 6173.76 6178.17 6194.29 6212.48 6229.74
6238.69 6220.93 6214.31 6210.78 6214.56 6220.65 6215.63 6191.25 6190.36 6185.18 6180.83 6179.65 6176.7 6150.22 6147.22 6146.27 6157.36 6173.37 6174.73 6181.59 6212.73 6345.48 6539.88 6724.97 6751.41 6642.32 6492.8 6362.02 6254.68 6183.7 6170.27 6140.03 6172.69 6221.12 6169.52 6159.64 6149.49 6139.79 6143.14 6147.99 6146.33 6142.97 6140.27 6136.64 6134.35 6133.31 6134.8 6134.31 6136.2 6138.93 6140.13 6145.59 6148.97 6154.06 6156.35 6157.04 6156.8 6155.46 6154.5 6156.62 6157.02 6161.51 6165.9 6169.78 6180.74 6193.78 6204.2
6235.48 6225.93 6219.32 6215.72 6211.02 6210.39 6206.75 6195.09 6186.66 6184.64 6183.49 6168.84 6155.07 6142.13 6151.32 6147.05 6196.23 6260.96 6232.8 6206.49 6217.88 6316.46 6493.08 6660.57 6619.43 6504.38 6390.69 6296.57 6235.93 6204.56 6189.89 6176.03 6188.57 6178.23 6155.75 6147.07 6135.06 6133.19 6136.22 6138.35 6137.54 6137.09 6135.23 6132.15 6130.29 6128.31 6127.07 6130.3 6130.63 6132.67 6135.52 6139.31 6146.94 6156.36 6164.37 6163.96 6157.85 6155.39 6150.98 6147.05 6150.16 6155.16 6160.06 6162.97 6170.46 6178.55 6185.3
6233.8 6230.18 6226.23 6220.82 6209.01 6198.31 6185.4 6186.68 6183.39 6176.98 6165.07 6157.78 6147.38 6141.08 6147.17 6144.31 6224.74 6317.29 6254.96 6207.52 6197.1 6239.1 6365.55 6466.38 6412.41 6327.76 6269.39 6216.31 6192.05 6172.22 6156.06 6161.45 6165.58 6147.59 6139.65 6135.2 6129.46 6130.92 6133.63 6135.25 6133.25 6131.74 6129.52 6128.29 6126.7 6126.09 6126.38 6127.11 6128.95 6126.71 6129.61 6135.88 6142.61 6155.86 6171.88 6170.51 6155.45 6149.91 6146.24 6145.67 6147.26 6150.84 6155.96 6161.99 6167.51 6169.17 6170.35
6239.87 6239.97 6231.82 6222.83 6210.72 6194.8 6182.74 6186.15 6184.05 6174.32 6154.11 6157.6 6150.08 6140.19 6137.43 6131.94 6156.63 6179.9 6192.37 6177.96 6167.62 6188.42 6247.14 6273.39 6248.9 6208.2 6186.81 6166.61 6155.14 6145.18 6138.93 6142.8 6147.24 6135.99 6132.39 6134.09 6132.21 6135.23 6136 6132.72 6127.45 6127.12 6126.21 6125.39 6124.4 6121.7 6121.95 6124.31 6125.55 6122.78 6123.53 6125.36 6133.14 6146.97 6162.47 6161.43 6143.79 6136.17 6137.58 6139.92 6142.34 6145.42 6150.52 6159.08 6163.66 6159.57 6159.92
