real_craters/C173-1000m.grd
DSAA
77 77
-37.88 37.88
-37.88 37.88
6827.3816560099 9545.9554221002
[rows 30 to 59 of 77, columns 0 to 66 of 77]
8777.41 8823.91 8884.22 8941.47 8954.2 8963.77 8980.93 9034.15 9089.49 9107.72 9116.69 9070.61 9095.08 9091.45 9160.87 9242.36 9326.77 9226.33 9210.86 9120.34 8832.47 8505.39 8164.9 7886.38 7668.63 7414.81 7258.04 7164.5 7082.65 7002.09 6939.67 6921.74 6903.53 6893.33 6900.19 6903.56 6910.41 6925.82 6941.99 6958.26 6975.54 6992.42 7009.76 7036.69 7080.33 7126 7168.37 7203.02 7324.13 7400.63 7538.86 7725.29 7901.71 8075.87 8246.68 8383.01 8436.46 8503.72 8758.21 9018.34 9087.01 9120.29 9097.32 9099.84 9114.5 9099.53 9023.79
8807.04 8875.68 8940.96 8941.86 8971.11 8980.46 9009.95 9063.25 9125.86 9141.09 9114.5 9064.1 9102.42 9143.76 9177.99 9211.63 9241.18 9181.2 9109.91 9106.02 8775.91 8419.99 8082.4 7802.57 7578.19 7382.51 7231.82 7133.79 7052.54 6976.71 6920.86 6900.5 6881.86 6872.51 6883.91 6886.41 6889.14 6903.11 6922.22 6942.32 6960.11 6976.55 6987.65 7012.81 7048.85 7086.25 7122.66 7158.54 7236.13 7333.67 7469.96 7645.54 7813.64 7970.75 8055.56 8221.15 8343.24 8438.73 8682.25 8955.91 9096.56 9179.06 9159.19 9094.29 9067.13 9022.21 8974.5
8816.32 8886.96 8901.08 8905.54 8968.7 9013.02 9035.71 9068.06 9104.46 9105.06 9100.93 9101.79 9131.81 9191.76 9181.41 9161 9130.18 9164.72 9102.59 8949.23 8634.39 8310.12 7986.81 7736.56 7526.32 7331.83 7174.29 7071.98 7004.36 6948.55 6901.24 6876.07 6863.82 6859.31 6866.99 6873.89 6879.62 6886.91 6906.28 6931.6 6951.25 6964.61 6972.26 6996.13 7029.95 7064.95 7098.97 7147.3 7216.57 7309.6 7442.06 7606.02 7767.83 7919.28 8042.89 8117.79 8252.11 8425.83 8647.46 8868.22 9072.67 9215.47 9151.34 9025.49 9048.49 9090.87 9023.43
8797.57 8849.09 8892.34 8913.65 8946.59 8982.6 9009.75 9059.78 9086.35 9084.13 9083.03 9093.24 9123.33 9149.64 9137.03 9124.01 9099.23 9051.18 9053.99 8747.35 8467.06 8192.21 7909.95 7681.23 7483.75 7289.42 7108.29 7009.49 6959.81 6914.89 6876.56 6855.69 6849.9 6850.6 6857.91 6867.4 6879 6889.67 6907.04 6928.88 6945.84 6958.52 6962.69 6984.95 7016.29 7048.89 7078.07 7109.83 7196.52 7296.83 7429.38 7567.45 7726.98 7890.07 8052.34 8092.32 8226.96 8402.7 8609.18 8866.08 9052.34 9135.03 9095.94 9027 9035.17 9065.72 9055.68
8768.3 8790.24 8817.33 8884.96 8921.49 8949.96 8990.93 9065.88 9103.33 9076.93 9080.67 9084.52 9086.55 9066.18 9072.46 9084.16 9035.97 9015.07 9004.76 8583.66 8359.65 8104.36 7838.82 7635.14 7451.97 7288.56 7118.63 6987.19 6930.45 6895.69 6865.87 6847.92 6841.21 6839.16 6847.67 6864.99 6879.26 6893.1 6910.31 6928.92 6950.5 6958.94 6956.38 6979.82 7010.72 7043.3 7077.91 7119.5 7194.55 7279.32 7396.66 7531.15 7690.02 7861.45 8064.75 8178 8255.82 8429.8 8632.72 8935.52 9114.6 9154.77 9107.36 9037 9028.11 9019.1 8970.91
8730.16 8749.64 8784.73 8857.18 8901.46 8941.14 9016.73 9065.44 9073.36 9083.82 9086.23 9056.8 9040.95 9033.76 9037.29 9049.83 9029.06 9011.47 9037.68 8832.23 8352.33 8059.46 7814.81 7592.53 7420.99 7286.13 7117.6 6968.31 6923.19 6891.19 6864.42 6843.46 6834.22 6842.35 6863.68 6878.4 6888.48 6898.07 6902.58 6919.92 6946.99 6959.64 6959.35 6980.07 7009.55 7042.98 7079.32 7124.76 7190.36 7252.71 7339.29 7482.57 7642.8 7801.09 7949.49 8175.93 8350.24 8532.88 8769.96 9152.83 9261.13 9159.13 9108.06 9050.49 9018.67 8999.78 8962.33
8721.86 8748.51 8795.88 8855.32 8896.07 8946.57 9071.83 9053.5 9003.27 9054.67 9027.22 8974.27 9000.16 9010.72 9016.96 9002.17 8986.62 9004.09 9065.17 8866.14 8306.9 7992.19 7750.09 7549.02 7389.04 7253.07 7102.94 6988.06 6934.71 6897.02 6868.08 6844.47 6830.66 6843.96 6912.53 6955.35 6950.53 6921.2 6882.86 6898.46 6920.5 6936.59 6958.3 6982.61 7010.27 7040.03 7072.37 7108.44 7177.64 7233.06 7320.57 7455.34 7609.91 7766.17 7937.05 8161.41 8380.6 8661.74 9001.98 9337.7 9372.6 9246.26 9132.37 9060.56 9018.47 8982.73 8944.04
8723.48 8749.52 8797.24 8854.15 8889.51 8930.29 9005.51 9045.51 8997.82 8999.67 8958.52 8897.79 8932.12 8972.06 9001.14 8979.44 9005.64 8993.84 9073.89 8606.8 8162.07 7899.93 7694.45 7533.72 7378.47 7229.08 7112.58 7024.86 6952.64 6906.87 6873.98 6848.01 6827.38 6874.46 7014 7075.91 7065.07 6977.75 6888.51 6884.65 6910.74 6934.36 6962.38 6988.63 7012.95 7037.05 7060.41 7092.99 7166.27 7223.97 7315.08 7450.35 7606.03 7775.72 7966.64 8183.19 8399.06 8744.19 9155.14 9377.94 9375.46 9250.63 9161.84 9067.17 9002.83 8969.02 8915.98
8733.29 8759.24 8799.6 8853.38 8886.68 8915.87 8958.41 9025 8980.14 8921.52 8923.96 8903.32 8896.63 8931.4 8965.87 8986.14 9022.99 8988.24 8773.71 8359.87 8058.22 7867.97 7703.49 7564.14 7405.64 7229.04 7084.24 6993.91 6945.82 6908.54 6877.7 6853.85 6854.96 6931.38 7025.95 7280.7 7189.64 7040.28 6923.56 6902.83 6921.84 6944.11 6978.21 7000.66 7017.21 7032.33 7051.49 7079.01 7137.8 7215.08 7320.78 7459.85 7612.22 7782.28 7982.61 8206.41 8399.61 8746.34 9105.49 9344.4 9404.7 9314.18 9195.8 9113.28 9046.02 8969.78 8927.63
8748.78 8779.51 8808.18 8843.63 8888.35 8927.88 8967.82 8956.23 8913.54 8939.6 8923.18 8919.46 8904.86 8906.97 8915.22 9004.36 8966.85 8842.16 8513.03 8250.69 8080.9 7947.05 7791.01 7637.25 7473.41 7284.43 7109.97 7006.11 6942.18 6908.23 6887.96 6873.67 6852.97 7059.05 7007.02 7153.28 7171.91 7078.25 6976.09 6950.21 6963.46 6988.18 7010.52 7016.77 7021.32 7025.98 7034.67 7072.7 7129.28 7205.37 7306.34 7447.85 7618.13 7823.3 8040.11 8250.13 8445.24 8750.22 9142.76 9391.7 9367.94 9264.98 9198.93 9135 9064.21 8997.66 8956.39
8765.22 8793.47 8821.39 8852.63 8893.37 8936.14 8965.44 8914.21 8920.54 8921.81 8892.47 8892.83 8925.98 8918.45 8936.56 9119.76 9027.57 8870.23 8539.37 8318.7 8217.29 8085.28 7903.08 7736.03 7571.22 7391.28 7173.22 7030.83 6949.88 6915.77 6896.63 6884.76 6875.01 6926.99 7018.74 7120.76 7136.25 7096.59 7049.49 7031.12 7012.1 7007.62 7029.72 7029.7 7028.76 7028.03 7033.44 7067.57 7122.54 7191.26 7269.43 7403.98 7626.03 7870.61 8085.65 8280.79 8453.91 8742.01 9164.42 9419.24 9302.88 9241.52 9194.15 9129.99 9064.21 9029.28 8979.58
8783.56 8818.13 8843.33 8874.13 8901.68 8921.98 8934.03 8889.79 8898.85 8933.16 8925.54 8920.56 8931.71 8930.23 8959.07 9139.26 9077.15 8880.18 8603.59 8463.13 8329.86 8124.89 7975.46 7829.1 7673.66 7484.05 7266.56 7082.45 6972.24 6934.11 6913.51 6900.53 6893.98 6915.71 6987.38 7098.1 7100.89 7093.59 7097.54 7082.45 7037 7011 7030.12 7032.66 7033.24 7035.28 7046.27 7081.04 7136.67 7192.35 7265.46 7391.93 7626.65 7913.53 8127.26 8309.36 8498.67 8765.65 9113.24 9370.8 9441.32 9336.97 9215.14 9118.14 9058.52 9032.54 8991.58
8796.65 8833.86 8857.49 8885.38 8899.88 8907.37 8905.8 8882.15 8927.03 8968.88 8968.01 8955.65 8952.3 8943.07 8932.17 8987.41 9082.21 9000.06 8706.99 8487.33 8373.41 8185.49 8051.98 7921.72 7780.31 7590.7 7362.92 7155.34 7019.29 6969.04 6940.79 6920.79 6912.41 6919.34 6942.75 7007.26 7047.24 7060.82 7070.73 7063.51 7031.95 7015.68 7032.61 7034.91 7038.84 7043.65 7059.06 7104.46 7162.23 7224.39 7294.93 7409.09 7617.79 7851.48 8094.59 8307.31 8522.32 8717.41 9034.11 9321.47 9475.53 9363.38 9203.07 9062.77 8949.58 8964.72 8934.7
8798.6 8834.62 8861.24 8886.78 8902.37 8901.98 8895.74 8909.6 8926.51 8947.6 8938.04 8958.86 8980.13 8968.79 8950.47 8964.08 9069.69 9089.49 8814 8571.2 8416.37 8293.81 8159.01 8009.41 7851.66 7664.47 7446.02 7238.06 7086.5 7020.68 6977.15 6943.47 6925.25 6929.22 6936.74 6963.64 7001.84 7015.34 7009.94 6995.88 7009.17 7021.19 7023.81 7033.18 7044.21 7055.9 7078.18 7133.75 7203.2 7281.44 7360.22 7482.29 7649.72 7865.72 8076.26 8282.38 8447.82 8650.47 8991.34 9287.5 9522.53 9328.22 9163.18 9013.39 8890.21 8871.57 8870.88
8795.98 8823.78 8857.72 8897.2 8908.55 8890.95 8883.46 8883.49 8832.42 8883.91 8922.77 8958.49 8979.43 8978.89 8967.48 9034.47 9200.93 9156.74 8904.06 8652.34 8531.85 8449.36 8287.57 8098.71 7891.96 7703.65 7521.36 7337.27 7189.43 7092.27 7029.05 6979.88 6949.7 6949.72 6955.37 6963.05 6980.4 6989.69 6988.11 6988.09 6995.57 7004.06 7011.42 7032.04 7052.29 7072.36 7101.76 7170.54 7256.12 7343.36 7443.44 7560.74 7714.08 7906.54 8102.75 8297.66 8479.21 8676.69 8995.73 9313.28 9288.13 9223.91 9110.38 8972.6 8861.69 8826.72 8850.5
8792.85 8819.98 8840.53 8860.44 8867.06 8869.62 8861.47 8834.55 8794.63 8860.72 8923.28 8977 9021.09 9038.31 9009.95 9072.74 9297.65 9178.46 8987.16 8800.43 8674.07 8564.89 8405.28 8199.57 7977.29 7781.44 7606.13 7432.58 7266.83 7163.71 7091.75 7028.89 6989.11 6977.8 6970.4 6967.87 6977.08 6983.18 6985.69 6985.96 6993.63 7000.94 7012.09 7036.85 7065.21 7096.44 7134.95 7216.04 7313.48 7415 7528.92 7652.41 7789.98 7962.4 8156.33 8352.68 8537.47 8726.82 9028.49 9296.77 9308.44 9220.05 9069.11 8926.26 8817.68 8798.07 8835.84
8770.15 8792.59 8815.67 8832.29 8843.31 8841.62 8829.33 8768.89 8821.76 8872.17 8931.16 9000.44 9069.64 9113.14 9119.81 9119.22 9128.53 9124.8 9062.15 8982.22 8883.63 8732.99 8532.48 8306.44 8064.47 7876.51 7686.83 7487.75 7345.41 7249.45 7170.55 7092.21 7029.16 7005.05 6990 6982.9 6986.29 6991.69 6995.35 6997.36 7000.75 7007.91 7019.27 7048.77 7080.85 7119.95 7173.53 7265.78 7373.08 7493.06 7615.2 7741.74 7874.66 8040.5 8241.29 8445.58 8646.93 8856.29 9101.6 9272.81 9279.81 9172.24 8986.52 8863.61 8770.38 8790.71 8830.7
8752.18 8768.9 8789.53 8809.81 8828.7 8811.05 8792.29 8760.92 8792.15 8859.37 8935.53 9014.48 9097.41 9167.6 9216.29 9120.18 9027.59 9079.41 9117.3 9131.22 9017.76 8864.38 8638.85 8435.13 8227.27 8006.96 7804.7 7621.38 7462.04 7365.93 7275.79 7182.63 7106.83 7052.55 7013.31 7001.14 7003.27 7010.19 7010.79 7009.93 7010.67 7020.97 7040.56 7069.63 7097.61 7132.39 7208 7324.3 7453.06 7582.34 7708.68 7839.13 7966.89 8137.59 8350.85 8576.45 8793.26 9012.78 9236.43 9298.39 9097.59 8927.25 8885.04 8816.3 8768.51 8837.89 8849.55
8753.75 8756.48 8765.15 8773.17 8768.41 8777.53 8785.1 8766.4 8758.24 8840.56 8927.54 9017.6 9105.96 9193.43 9195.55 9138.03 9012.08 9081.57 9178.35 9240.67 9072.98 8871.99 8722.73 8566.5 8391.14 8165.56 7959.6 7789.28 7640.4 7522.14 7414.81 7312.2 7235.25 7144.18 7068.77 7033.36 7039.35 7043.3 7036.61 7026.36 7026.71 7042.51 7070.22 7103.78 7133.49 7158.05 7259.82 7402.75 7545.69 7687.29 7823.72 7947.58 8068.5 8248.34 8472.37 8716.3 8978.79 9269.87 9328.01 9216.56 8940.77 8863.15 8822.27 8792.62 8791.91 8915.82 8875.96
8727.67 8739.11 8742.73 8740.18 8723.48 8751.15 8754.93 8746.25 8776.79 8850.89 8930.06 9010.47 9093.29 9173.48 9204.4 9163.05 9039.16 9110.76 9226.46 9314.17 9196.82 8990.62 8800.48 8663.63 8506.99 8310.97 8119.79 7930.39 7797.22 7687.91 7590.19 7480.75 7404.25 7300.73 7183.72 7108.48 7101.63 7090.9 7073.6 7049.64 7040.42 7066.58 7106.13 7157.26 7213.45 7280.87 7375.53 7507.16 7653.1 7803.44 7950.39 8085.63 8205.18 8379.15 8595.53 8828.92 9073.9 9260.47 9176.16 9028.63 8924.14 8854.44 8811.97 8786.18 8824.59 8888.37 8885.99
8725 8736.17 8732.74 8736.21 8737.38 8755.39 8801.68 8753.98 8841.34 8864.13 8922.47 8998.15 9068.92 9134.75 9195.17 9128.9 9042.49 9097.3 9198.11 9320.67 9313.42 9053.44 8854.34 8731.85 8600.38 8449.42 8292.97 8140.81 8019.73 7914.6 7789.67 7681.44 7624.82 7538.62 7399.13 7272.23 7208.73 7163.88 7121.87 7082.29 7064 7108.11 7164.25 7235.64 7323.78 7396.44 7500.03 7622.47 7766.98 7918.73 8070.62 8231.71 8404.78 8545.6 8724.31 8914.87 9099.11 9202.07 9145.18 8978.55 8925.01 8881.94 8830.06 8775.38 8780.9 8920.36 8892.86
8720.22 8731.41 8729.52 8739.48 8756.94 8756.23 8744.9 8767.63 8811.07 8877.64 8935.3 8988.89 9032.7 9066.67 9063.82 9009.79 8974.43 9042.71 9119.58 9173.04 9178.87 9091.57 8942.63 8823.79 8718.63 8613.91 8478.17 8339.7 8223.32 8105.26 7974.37 7873.16 7775.51 7677.65 7533.3 7413.3 7323.23 7251.56 7182.95 7124.81 7109.79 7195.38 7270.08 7343.59 7417.68 7485.92 7614.89 7751.87 7900.17 8053.66 8198.01 8354.55 8531.64 8690.98 8840.61 8985.37 9106.53 9190.47 9154.14 8962.85 8902.88 8882.65 8848.31 8822.55 8849.51 8914.37 8886.73
8710.4 8717.3 8722.63 8730.41 8755.91 8751.71 8749.79 8817.25 8842.18 8922.09 8955.25 8977.28 9001.34 9027.82 9060.57 8955.72 8931.6 8978.87 9037.37 9063.74 9136.85 9082.29 9083.21 9092.06 8967.64 8808.49 8656.96 8521.7 8377.86 8237.01 8123.84 8019.8 7914.53 7804.45 7660.16 7558.5 7458.68 7362.54 7271.42 7200.31 7207.64 7350.04 7430.52 7484.95 7515.88 7602.09 7733.16 7883.32 8042.21 8195.66 8333.18 8461.21 8629.78 8809.99 8924.5 9016.24 9080.31 9116.9 9032.9 8913.07 8872.59 8849.94 8834.68 8829.86 8850.56 8856.65 8837.23
8681.79 8691.39 8693.28 8697.12 8696.84 8691.62 8732.59 8813.8 8814.76 8914.5 8951.86 8948.37 8945.17 8966.35 9018.61 9005.86 8929.49 8970.81 9010.31 9034.37 9053.97 9161.45 9192.59 9348.46 9173.53 8978.81 8825.18 8674.73 8519.48 8387.27 8261.84 8139.62 8046.2 7925.02 7823.64 7708.96 7597.65 7501.85 7415.11 7345.63 7461.61 7555.61 7557.5 7556.08 7608.3 7715.8 7855.16 8021.4 8180.35 8346.52 8505.13 8621.41 8746.79 8941.19 9006.51 9034.58 9038.96 9009.69 8903.33 8835.84 8795.62 8784.48 8793.95 8792.75 8779.04 8809.73 8798.08
8666.25 8667.45 8669.27 8667.09 8655.82 8661.9 8706.03 8727.05 8798.89 8944.07 8923.66 8908.33 8881.88 8851.15 8959.49 9031.32 8986.4 8993.71 9021.57 9054.19 9016.05 9101.98 9126.26 9182.09 9163.99 9064.66 8956.37 8843.72 8695.7 8526.44 8404.97 8317.45 8204.41 8098.49 7992.42 7852.19 7734.57 7666.75 7606.81 7550.94 7679.53 7745.63 7689.68 7645.69 7702.99 7824.44 7996.61 8168.25 8334.13 8513.14 8701.84 8898.99 9075 9138.53 9078.69 9038.42 8996.59 8936.95 8867.89 8806.6 8767.63 8762.67 8778.61 8774.85 8783.76 8799.87 8777.4
8642.11 8647.27 8649.36 8647.09 8644.44 8652.6 8693.97 8715.25 8754.85 8828.24 8869.68 8865.8 8858.5 8857.91 8882.01 8986.97 9016.1 9006.61 9017.8 9072.26 9044.77 9129.17 9160.76 9096.49 9119.87 9096.7 9056.41 9017.82 8946.95 8702 8565.71 8483.55 8374.03 8262.61 8142.96 8009.6 7915.02 7845.66 7818.62 7857.53 7875.94 7858.65 7829.61 7811.04 7863 8023.04 8186.38 8338 8485.58 8649.17 8843.3 9068.32 9177.12 9147.11 9080.49 9003.65 8933.33 8884.2 8843.38 8772.62 8750.41 8758.2 8799.98 8788.26 8798.57 8791.36 8760.32
8626.14 8636.07 8641.8 8644.54 8648.6 8662.05 8705.17 8724.49 8740.7 8812.57 8830.43 8833.43 8833.01 8856.64 8898.48 8929.28 8993.28 8995.54 8957.64 8909.42 8974.96 9041.87 9150.13 9150.02 9092.57 9083.02 9090.29 9130.52 9192.58 8985.62 8835.06 8724.59 8584.27 8436.04 8325.71 8191.08 8081.99 8017.21 7991.09 7984.04 7969.56 7964.22 7994.09 8027.37 8199.72 8333.59 8412.09 8502.91 8615.63 8737.81 8871.35 9015.48 9091.31 9112.56 9030.98 8958.21 8890.15 8823.45 8759.59 8736.79 8720.9 8733.61 8768.59 8790.65 8803.8 8787.09 8767.86
8622.86 8631.52 8638.84 8642.12 8647.45 8662.08 8724.48 8738.37 8753.93 8819.43 8813.83 8806.6 8796.4 8789.49 8881.29 8913.42 8975.15 8972.49 8920.08 8876.32 8941.2 8971.27 8963.55 9002.94 9023.06 9037.16 9073.98 9121.77 9133.53 9145.35 9153.31 9045.17 8878.49 8698.73 8550.91 8384.91 8240.44 8178.02 8144.62 8100.37 8102.94 8127.17 8206.32 8300.53 8445.63 8573.35 8594.59 8642.62 8709.02 8779.45 8846.9 8895.28 8950.81 8970.39 8967.72 8913.67 8844.7 8772.8 8706.05 8683.67 8694.19 8705.85 8728.13 8761.12 8782.49 8775.78 8758.74
8627.15 8634.68 8636.85 8638.91 8642.09 8660.02 8709.38 8716.34 8721.93 8763.14 8786.47 8791.87 8793.04 8788.94 8823.62 8879.36 8931.98 8944.33 8922.44 8919.47 8940.95 8965.97 8917.69 8924.61 8979.65 9009.12 9034.43 9057.07 9069.62 9092 9234.46 9281.93 9202.11 9030.03 8762.9 8534.09 8403.8 8333.55 8326.59 8356.91 8335.29 8378.48 8446.16 8563.82 8737.2 8722.23 8730.98 8750.96 8783.17 8809.91 8830.01 8813.2 8882.1 8918.63 8918.96 8875.74 8809.83 8735.55 8678.67 8673.56 8683.21 8688.63 8713.96 8739.31 8761.05 8764.4 8759.57
8636.02 8637.21 8637.37 8639.08 8641.07 8663.39 8700.44 8708.83 8713.35 8742.38 8757.97 8769.86 8789.85 8778.45 8786.49 8824.9 8883.38 8902.33 8881.97 8886.2 8901.31 8891.75 8888.66 8912.61 8950.6 8976.61 8993.09 9000.07 9007.29 8988.46 8972.11 9163.64 9344.29 9270.11 9017.73 8717.75 8547.5 8492.66 8512.36 8513.48 8546.99 8582.52 8615.7 8682.83 8732.95 8795.41 8825.89 8852.82 8857.94 8865.98 8871.13 8895.89 8884.79 8925.06 8898.81 8844.59 8780.28 8715.91 8682.42 8672.03 8699 8719.61 8728.93 8746.94 8753.22 8756.35 8760.45
