real_craters/C173-500m.grd
DSAA
266 266
-66.29 66.29
-66.29 66.29
5260.6273617965 7440.4984787869
[rows 210 to 239 of 266, columns 134 to 200 of 266]
6300.06 6324.56 6363.06 6400.45 6423.56 6431.95 6439.89 6414.79 6381.75 6373.23 6355.07 6345.94 6358.28 6399.39 6461.01 6577.2 6722.04 6747.67 6680.05 6593.47 6499.54 6402.2 6307.23 6227.7 6215.63 6269.79 6308.58 6319.58 6260.27 6196.25 6159.64 6129.4 6103.42 6077.09 6054.1 6050.47 6054.04 6057.56 6058.55 6051.69 6048.48 6035.4 6020.47 6004.1 5986.95 5970.5 5954.22 5939.23 5926.4 5919.2 5914.53 5909.91 5906.13 5897.39 5884.92 5884.42 5873.1 5868.99 5892.37 5896.85 5879.64 5853.21 5831.83 5813.5 5797.22 5759.26 5730.85
6283.53 6310.68 6363.95 6423 6486.48 6529.2 6503.76 6456.88 6418.6 6392.9 6363.38 6344.53 6342.91 6357.02 6378.66 6477.08 6619.77 6659.64 6611.93 6544.67 6471.74 6387.54 6290.95 6203.52 6190.76 6256.62 6336.55 6425.82 6343.7 6208.37 6163.37 6138.36 6118.66 6096.99 6079.76 6080.21 6084.89 6087.66 6083.89 6073.39 6058.86 6044.07 6023.05 6001.54 5979.66 5957.92 5935.69 5914.9 5893.23 5880.84 5887.77 5891.24 5889.2 5873.98 5874.01 5879.77 5869.16 5866.45 5864.31 5861.44 5849.92 5841.37 5826.16 5806.21 5782.31 5757.12 5732.61
6278.95 6306.51 6364.04 6433.06 6517.14 6600.82 6541.72 6490.4 6441.6 6400.3 6381.37 6361 6348.09 6341.8 6348.13 6412.23 6511.49 6544.03 6518.72 6482.81 6437.31 6383.71 6314.23 6228.95 6204.61 6249.67 6304.55 6354.55 6274.87 6183.81 6157.15 6145.89 6141.86 6136.87 6132.75 6133.99 6146.66 6140.85 6119.14 6100.69 6081.28 6054.06 6028.03 6001.22 5974.42 5945.79 5920.99 5896.39 5877.51 5864.88 5870.6 5876.06 5872.62 5858.06 5858.54 5865.66 5860.11 5855.02 5838.92 5839.06 5840.52 5833.7 5821.65 5799.84 5774.56 5753.02 5732.91
6282.81 6307.51 6359.19 6421.77 6480.67 6499.15 6527.78 6519.87 6480.42 6434.06 6415.69 6408.19 6374.81 6344.91 6331.76 6356.24 6386.07 6402.99 6419.12 6412.55 6399.24 6383.49 6378.18 6341.05 6262.88 6243.26 6235.71 6200.94 6136.25 6132.86 6143.85 6158.62 6176.41 6197.67 6220.3 6230.07 6231.44 6207.1 6164.99 6134.49 6107.41 6075.31 6039.36 6006.93 5974.64 5942.43 5914.01 5885.07 5869.17 5862.19 5863.5 5867.68 5865.61 5860.98 5847.7 5849.08 5846.57 5841.28 5828.93 5827.23 5828.07 5822.85 5813.1 5797.84 5776.37 5749.04 5723.31
6284.79 6304.81 6348.9 6403.05 6455.2 6495.83 6536.94 6560.8 6524.27 6469.47 6425.43 6428.31 6382.25 6348.72 6327.38 6320.41 6315.02 6312.91 6330.29 6343.57 6355.54 6369.27 6402.31 6390.8 6291.08 6224.77 6181.56 6130.82 6102.72 6114.88 6143.41 6175.94 6215.3 6264.46 6336.58 6382.56 6324.73 6271.56 6222.71 6175.53 6128.7 6091.13 6053.35 6016.44 5979.13 5943.06 5908.51 5874.66 5850.95 5846.28 5855.33 5867.73 5878.21 5874.81 5851.99 5841.03 5834.44 5825.39 5826.64 5818.72 5811.84 5807.98 5802.97 5793.08 5775.03 5746.66 5719.42
6283.65 6298.59 6335.36 6382.82 6435.1 6491.6 6529.05 6558 6511.62 6419.18 6365.32 6343.44 6353.07 6347.29 6332.88 6305.56 6278.11 6253.45 6271.62 6287.49 6300.16 6314.3 6329.82 6281.25 6231.21 6192.95 6152.47 6114.35 6098.16 6115.64 6153.68 6196.97 6250.04 6309.97 6387.95 6423.47 6377.96 6314.35 6259.18 6195.63 6153.96 6111.39 6069.67 6028.07 5986.39 5946.4 5906.76 5868.34 5841.5 5834.77 5846.89 5861.7 5883.52 5874.75 5841.49 5836.41 5830.42 5821.48 5817.52 5808.77 5797.72 5791.28 5788.63 5784.1 5769.04 5743.44 5717.02
6285.85 6292.12 6321.8 6359.32 6398.43 6431.68 6456.78 6472.63 6446.47 6386.85 6345.58 6338.19 6351.86 6351.45 6337.45 6302.83 6266.29 6243.73 6240.58 6244.3 6247.68 6245.12 6221.58 6183.17 6181.14 6167.8 6139.75 6107.39 6102.11 6118.83 6160.09 6211.08 6261.8 6319.82 6385.75 6425.24 6381.39 6328.48 6280.37 6215.54 6171.95 6129.63 6086.28 6041.41 5996.7 5952.98 5910.53 5870.66 5841.66 5832.52 5840.12 5847.61 5850.36 5856.4 5853.98 5842.72 5832.41 5823.32 5814.82 5801.52 5784.79 5778.31 5776.93 5775.82 5766.5 5746.24 5720.21
6290.84 6293.98 6313.32 6338.79 6360.15 6366.4 6372 6386.57 6394.82 6379.53 6365.89 6379.53 6388.01 6375.48 6350.43 6320.87 6276.71 6246.27 6223.62 6214.01 6208.33 6198.43 6183.05 6186.58 6178.75 6167.65 6147.07 6121.55 6103.9 6126.8 6173.33 6224.24 6269.76 6306.73 6335.51 6358.06 6331.13 6313.95 6286.59 6229.12 6192.2 6148.63 6102.3 6056.38 6010.43 5963.08 5918.06 5877.65 5846.48 5834.7 5837.48 5841.93 5843.68 5843.15 5854.62 5847.13 5834.03 5822.57 5815.89 5801.57 5787.56 5779.03 5774.3 5767.14 5764.28 5756.67 5728.91
6301.03 6299.67 6312.81 6331.75 6339.58 6336.11 6330.71 6342.55 6381.59 6413.32 6436.19 6460.12 6454.63 6441.65 6418.66 6383.47 6321.99 6255.17 6210.18 6191.38 6181.79 6175.76 6176.61 6198.12 6192.65 6180.72 6167.47 6143.24 6113.65 6142.16 6197.43 6246.72 6285.4 6303.14 6294.97 6241.26 6272.41 6305.45 6297.39 6267.68 6208.36 6166.13 6122.55 6076.11 6029.11 5981.8 5934.69 5891.72 5857.32 5844.19 5841.26 5840.64 5840.61 5844.58 5847.98 5843.96 5834.3 5818.57 5811.76 5802.4 5790.95 5783.76 5779.9 5768.38 5770.66 5762.45 5737.49
6322.38 6318.32 6330.67 6346.26 6342.56 6332.51 6322.86 6334.07 6403.29 6481.53 6556.43 6546.02 6524.47 6501.08 6479.23 6457.23 6383.24 6271.15 6203.36 6178.48 6168.32 6166.37 6178.62 6218.28 6203.09 6192.81 6187.75 6165.93 6137.49 6178.58 6243.33 6289.95 6320.44 6333.92 6327.95 6301.36 6317.65 6338.07 6322.5 6287.49 6228.91 6185.66 6142.36 6097.03 6050.25 6003.53 5955.2 5910.25 5874.36 5861.03 5854.36 5848.59 5846.31 5851.11 5850.58 5845.17 5840.87 5833.37 5818.59 5803.73 5793.15 5788.27 5788.97 5793.16 5790.66 5779 5744.08
6352.7 6382.38 6404.64 6378.5 6359.68 6344.33 6334.3 6358.61 6442.29 6531.85 6605.07 6599.56 6582.14 6559.1 6519.66 6457.75 6378.03 6277.96 6203.08 6173.56 6164.24 6165.81 6177.96 6196.99 6199.53 6196.28 6196.13 6185.11 6207.58 6270.62 6316.02 6343.1 6362.64 6382.55 6407.17 6455.98 6450.43 6392.5 6347.93 6292.37 6251.9 6211.87 6170.53 6127.71 6084.74 6036.87 5986.53 5938.21 5900.06 5887.21 5877.6 5869.9 5862.39 5858.21 5856.62 5855.91 5851.69 5840.8 5819.62 5805.65 5796.59 5791.81 5801.92 5805.72 5802.54 5790.21 5752.65
6360.88 6397.21 6419.21 6389.71 6377.48 6370.13 6365.18 6408.62 6490.73 6566.16 6606.76 6616.56 6609.76 6598.51 6555.44 6478.32 6383.48 6280.48 6202.01 6171.66 6164.47 6167.1 6172.16 6179.03 6187.63 6191.37 6193.91 6193.25 6308.09 6393.48 6391.39 6395.58 6401.68 6416.64 6449.22 6515.78 6500.41 6412.69 6348.05 6304.98 6266.12 6231.09 6198.48 6162.65 6126.68 6083.94 6032.95 5975.83 5933.52 5920.93 5906.83 5899.79 5886.21 5870.53 5868.66 5878.25 5865.51 5846.87 5825.84 5810.85 5805.91 5809.44 5816.05 5816.76 5801.23 5779.52 5757.52
6340.66 6349.8 6349.53 6374.88 6394.05 6408.71 6425.01 6480.07 6553.66 6613.2 6636.5 6625.8 6624.58 6607.05 6566.01 6523.36 6395.94 6280.32 6199.78 6173.58 6167.56 6169.52 6171 6172.58 6178.54 6185.28 6200.28 6225.39 6338.94 6424.75 6435.88 6426.31 6418.6 6418.23 6426.72 6436.67 6405.93 6366.69 6325.52 6295.25 6271.54 6246.68 6222.4 6196.63 6170.31 6137.82 6096.08 6043.66 5996.1 5966.81 5937.37 5917.87 5909.08 5891.67 5885.56 5888.07 5880.91 5866.41 5838.55 5820.44 5813.79 5809.23 5825.8 5832.69 5809.75 5783.69 5762.71
6320.33 6325.48 6335.91 6368.13 6411.99 6457.42 6522.5 6572.02 6619.92 6667.07 6670.67 6626.54 6630.38 6608.26 6519.95 6437.73 6347.88 6266.64 6208.18 6181.28 6173.07 6172.97 6174.71 6174.03 6176.38 6183.79 6197.85 6251.96 6358.94 6448.37 6448.36 6428.56 6409.24 6392.54 6375.75 6362.27 6337.22 6305.67 6284.69 6281.8 6267.98 6257.79 6245.7 6232.58 6217.48 6194.96 6167.76 6140.23 6078.97 6019.54 5968.56 5938.94 5933.27 5917.34 5908.87 5896.99 5897.54 5888.65 5858.18 5834.93 5821.63 5817.59 5821.56 5836.33 5809.46 5785.94 5767.27
6310.49 6314.62 6323.89 6365.21 6424.32 6488.95 6561.07 6619.38 6661 6701.65 6694.92 6623.3 6603.79 6562.5 6426.34 6312.96 6280.52 6243.4 6213.7 6190.79 6181.42 6177.38 6179.34 6181.45 6184.89 6188.29 6204.48 6260.47 6353.95 6430.99 6426.78 6411.88 6386.94 6357.39 6321.12 6278.94 6230.81 6237.23 6243.63 6259.06 6262.29 6264.92 6266.91 6266.95 6264.34 6253.52 6231.32 6198.24 6137.86 6069.02 5998.23 5956.84 5953 5941.54 5934 5924.66 5912.12 5897.95 5868.38 5844.6 5825.55 5813.1 5806.02 5803.01 5791.09 5781.56 5772.74
6313.52 6317.44 6326.04 6365.49 6425.79 6494.25 6583.59 6630.3 6664.27 6680.92 6661.34 6603.58 6523.61 6446.15 6343.06 6256.43 6240.3 6225.6 6211.01 6196.81 6190.45 6192.62 6188.71 6196.94 6202.59 6209.89 6226.41 6282.61 6341.69 6362.42 6392.6 6378.32 6352.92 6316.9 6275.43 6223.27 6176.74 6190.12 6210.23 6235.94 6254.27 6268.74 6283.17 6297.03 6310.56 6315.97 6299.98 6237.52 6199.12 6124.37 6038.02 5986.61 5972.96 5956.82 5955.59 5946.02 5915.48 5890.59 5866.39 5841.74 5827.88 5816.52 5812.5 5796.89 5788.05 5781.54 5773.72
6327.06 6336.12 6347.73 6376.82 6417.63 6466.32 6530.44 6605.98 6636.46 6643.12 6594.85 6511.98 6452.11 6386.59 6311.28 6253.62 6234.86 6223.82 6213.44 6204.64 6197.82 6196.84 6203.29 6219.49 6234.11 6246.65 6270.97 6320.07 6356.1 6403.04 6377.35 6350.94 6324.94 6290.84 6247.39 6199.78 6163.34 6171.29 6194.17 6211.5 6245.54 6265.63 6292.03 6315.28 6345.75 6381.01 6410 6385.4 6298.06 6194.34 6098.54 6040.87 6007.68 5992.25 5977.67 5964.66 5916.49 5889.27 5867.81 5846.13 5834.4 5826.27 5818.5 5805.9 5799.63 5788.85 5780.25
6347.97 6364.88 6382.49 6396.7 6406.34 6420.05 6464.88 6540.16 6576.81 6602.94 6536.02 6436.73 6407.83 6377.74 6322.76 6277.52 6252.62 6234.16 6223.31 6212.49 6206.37 6207.97 6222.74 6244.69 6277.63 6308.72 6345.02 6366.24 6358.43 6323.47 6324.13 6331.16 6312.26 6279.59 6238.07 6195.98 6159.65 6160.45 6181.79 6204.49 6240.56 6266.93 6292.13 6322.12 6361.63 6415.43 6497.29 6524.44 6376.93 6255.48 6166.93 6132.28 6084.66 6030.17 6007.17 5960.76 5922.54 5899.12 5878.39 5858.6 5845.2 5836.99 5827.34 5818.42 5812.98 5801.36 5789.12
6366.43 6391.71 6414.1 6420.59 6397.22 6373.12 6390.81 6456.91 6483.92 6485.07 6442.12 6382.52 6404.98 6396.84 6378.48 6321.52 6277.86 6249.49 6229.59 6214.55 6215.25 6219.69 6230.25 6263.78 6315.67 6389.89 6441.45 6400.37 6376.14 6349.29 6342.31 6337.31 6311.06 6274.92 6236.71 6199.19 6168.06 6167.03 6175.67 6202.72 6232.69 6256.7 6283.78 6311.63 6345.22 6383.55 6432.36 6445.95 6365.43 6282.75 6212.17 6189.05 6172.88 6133.53 6076.79 5996.05 5946.14 5923.84 5900.93 5875.75 5862.67 5857.02 5846.31 5837.07 5830.11 5823.35 5810.57
6382.26 6413.22 6438.72 6437.28 6393.71 6343.3 6339.68 6375.02 6386 6370.88 6357.54 6349.98 6432.57 6407.88 6354.12 6323.63 6294.99 6269.8 6246.95 6226.82 6226.08 6224.26 6236.03 6270.16 6315.52 6369.02 6358.35 6384.41 6396.69 6410.39 6406.66 6356.86 6312.44 6270.39 6233.54 6201.29 6177.63 6171.99 6176.45 6189.83 6220.56 6243.27 6264.36 6287.75 6306.36 6314.42 6297.78 6298.04 6306.14 6283.67 6256.38 6251.06 6317.38 6299.76 6192.12 6067.36 5992.25 5966.81 5940.38 5911.37 5895.01 5890.9 5875.77 5865.91 5866.43 5870.67 5855.29
6390.67 6425.59 6454.14 6456.45 6395.09 6324.25 6301 6315.77 6313.75 6298.07 6306.27 6316.94 6372.62 6383.44 6332.24 6315.2 6302.54 6292.12 6281.83 6274.26 6243.99 6236.48 6246.94 6271.03 6296.12 6307.47 6336.83 6380.66 6402.87 6420.34 6406.93 6348.13 6297.83 6262.02 6228.46 6203.23 6182.99 6176.61 6181.66 6191.35 6214.34 6232.94 6247.89 6262.26 6269.7 6269.76 6260.28 6257.15 6266.8 6274.61 6282.3 6322.25 6520.76 6476.94 6320.95 6162.95 6062.31 6037.33 6003.51 5965.39 5944.85 5945.68 5931.11 5919.28 5935.83 5962.61 5955.26
6381.72 6419.73 6457.34 6471.39 6395.17 6299.89 6267.67 6267.84 6267.81 6266.68 6280.23 6318.19 6391.72 6354.87 6328.7 6307.21 6303.75 6307.73 6316.63 6319.8 6271.54 6239.47 6251.67 6277.38 6304.32 6327.37 6391.73 6405.8 6397.63 6376.11 6336.76 6312.14 6286.45 6255.4 6228.2 6207.01 6193.08 6191.71 6185.69 6197.78 6208.23 6228.89 6238.77 6244.47 6247.37 6244.45 6239.85 6239.26 6242.01 6256.29 6274.81 6327.98 6597.09 6561.51 6417.46 6269.65 6181.02 6131.49 6080.97 6042.65 6022.52 6035.22 6016.6 5999.48 6021.93 6070.27 6095
6357.42 6393.96 6434.28 6483.41 6379.69 6269.72 6241.52 6242.5 6245.59 6246.27 6254.21 6267.08 6284.36 6285.31 6268.7 6284.09 6298.4 6314.25 6332.92 6351.29 6289.36 6242.79 6254.86 6290.27 6341.61 6421.2 6488.51 6430.78 6388.02 6347.41 6300.2 6293.22 6274.25 6253.24 6231.42 6212.35 6195.85 6186.5 6197.42 6209.47 6220.89 6231.8 6236.11 6236.07 6233.85 6223.83 6217.47 6215.64 6216.66 6227.56 6245.58 6332.24 6547.79 6537.45 6461.66 6383.93 6320.47 6201.64 6172.1 6164.09 6174.35 6167.69 6103.38 6048.78 6036.56 6097.83 6163.88
6319.68 6343.54 6356.18 6319.8 6284.45 6238.27 6225.13 6229.02 6233.48 6231.45 6230.6 6230.57 6236.96 6239.81 6244.15 6269.89 6292.71 6311.54 6322.71 6317.74 6273.93 6235.85 6259.13 6296.27 6351.22 6434.23 6450.54 6404.88 6365.35 6335.68 6334.42 6292.6 6264.22 6246.89 6233.47 6223.11 6217.75 6212.24 6221.9 6231.57 6241.12 6241.85 6239.84 6235.27 6226.28 6214.45 6204.88 6200.6 6197.52 6200.69 6205.97 6252.49 6379.4 6440.61 6451.19 6450.79 6396.83 6271.65 6266.9 6272.63 6255.04 6207.22 6150.31 6091.85 6070.44 6099.72 6162.44
6277.87 6288.26 6281.29 6251.54 6230.7 6220.89 6214.32 6216.95 6221.36 6217.21 6212.81 6211.04 6219.23 6221.05 6235.67 6270.37 6303.26 6316.43 6317.87 6285.55 6255.9 6262.5 6280.95 6296.42 6310.14 6325.12 6348.97 6342.75 6318.69 6293.21 6267.75 6248.49 6239.33 6235.06 6236.58 6239.81 6247.71 6241.24 6258.19 6260.14 6256.52 6257.68 6250.92 6240.19 6226.96 6212.41 6202.03 6192.83 6186.81 6190.69 6191.24 6206.83 6257.9 6337.62 6392.92 6448.15 6444.92 6348.46 6373.64 6386.66 6371.02 6341.07 6239.49 6146.7 6113.27 6117.05 6168.95
6241.3 6245.1 6236.55 6219.15 6209.02 6207.79 6204.53 6204.45 6202.94 6203.27 6201.1 6199.14 6206.94 6212.8 6236.84 6280.49 6324.5 6358.17 6369.89 6346.57 6324.64 6341.25 6330.21 6305.07 6280.21 6261.77 6275.67 6276.67 6264.67 6240.28 6208.3 6200.91 6212.64 6226.46 6242.8 6259.71 6280.17 6316.12 6309.5 6296.49 6287.77 6277.66 6266.65 6253.25 6235.64 6217.6 6203.34 6187.18 6180.18 6178.95 6181.01 6185.92 6210.63 6258.4 6299.24 6344.9 6361.09 6464.03 6472.78 6501.88 6567.76 6529.93 6358.28 6188.56 6152.51 6155.15 6206.39
6210.74 6212.73 6206.84 6197.08 6192.92 6195.88 6194.62 6195.29 6195.66 6196.08 6192.86 6192.02 6200.15 6209.89 6241.63 6293.99 6350.14 6407.27 6457.32 6502.93 6540.52 6487.48 6402.84 6325.07 6263.75 6235.03 6233.61 6234.49 6221.61 6201.12 6178.3 6175.7 6196.47 6221.1 6245.73 6269.57 6301.12 6328.78 6325.64 6319.85 6314.64 6300.34 6290.2 6273.11 6250.62 6225.27 6207.03 6192.62 6180.61 6177.25 6178.6 6178.44 6187.91 6206.04 6212.73 6211.06 6313.21 6453.3 6489.79 6517.93 6576.54 6540.91 6410.05 6243.46 6173.38 6181.84 6290.06
6188.39 6188.33 6186.7 6182.21 6181.37 6182.41 6186.18 6188.81 6194.37 6193.25 6187.98 6185.7 6191.46 6202.47 6247.82 6314.9 6389.64 6471.32 6554.9 6634.32 6639.43 6591.44 6462.83 6340.3 6245.45 6210.74 6205.84 6199.71 6189.48 6175.8 6164.87 6166.7 6191.2 6218.7 6246.42 6273.61 6297.09 6308.23 6320.33 6335.04 6336.18 6332.74 6318.2 6300.18 6272.25 6239.24 6219.33 6206.78 6192.24 6185.12 6187.28 6187.29 6189.91 6185.52 6174.81 6181.08 6268.18 6382.17 6413.67 6426.12 6420.12 6382.22 6324.95 6220.14 6168.23 6180.31 6255.61
6171.17 6171.45 6170.86 6169.02 6169.46 6175.14 6178.35 6181.03 6182.81 6185.38 6183.48 6184.06 6188.43 6200.31 6250.29 6321.16 6404.55 6502.75 6616.4 6749.87 6789.32 6656.38 6492.43 6342.47 6231 6198.43 6191.37 6181.42 6173.9 6167.64 6163.65 6170.03 6193.56 6219.93 6247.86 6275.76 6302.94 6326.82 6344.07 6354.59 6358.39 6357.69 6348.44 6341.83 6319.14 6273.14 6254.71 6240.41 6214.88 6196.37 6202.99 6238.86 6217.28 6191.14 6173.35 6174.79 6207.95 6249.41 6295.27 6304.6 6276.97 6244.62 6201.97 6159.67 6147.33 6153.13 6189.8
6160.37 6160.35 6160.6 6160.63 6166.64 6169.33 6172.33 6175.16 6176.65 6178.43 6177.12 6177.67 6184.73 6199.9 6252.53 6325.23 6410.47 6510.24 6614.02 6715.38 6780.34 6648.3 6490.15 6332.22 6213.19 6191.53 6184.47 6178.21 6168.59 6168.17 6172.42 6179.52 6201.67 6222.97 6248.8 6271.26 6302.34 6343.7 6370.72 6370.8 6377.46 6390.33 6395.49 6401.95 6399.03 6371.89 6341.93 6304.83 6248.98 6208.38 6178.47 6209.24 6222.3 6200.93 6179.64 6171.22 6179.42 6191.51 6210.98 6215.28 6190.96 6164.21 6151.09 6140.63 6139.85 6146.84 6152.63
