real_craters/C173-300m.grd
DSAA
443 443
-66.29 66.29
-66.29 66.29
5260.0995286345 7441.6613139228
[rows 30 to 59 of 443, columns 134 to 200 of 443]
6073.77 6076.67 6083 6088.34 6096.5 6104.65 6116.86 6125.66 6133.58 6140.76 6148.89 6157.63 6165.42 6173.29 6175.96 6176.18 6185.6 6194.91 6200.85 6203.31 6204.53 6202.15 6205.45 6206.75 6207.18 6205.03 6203.2 6200.26 6194.53 6185.59 6174.4 6171.27 6174.04 6178.63 6182.33 6184.72 6193.64 6200.64 6201.2 6202.79 6204.77 6204.83 6208.61 6212.39 6216.61 6222.86 6230.04 6239.36 6252.96 6282.69 6305.03 6320.97 6337.08 6364.58 6382.55 6393 6401.97 6406.83 6411.78 6418.75 6426.17 6433.67 6439.61 6438.75 6432.74 6425.27 6416.1
6090.94 6091.83 6095.17 6104.78 6114.42 6120.98 6127.61 6132.66 6139.75 6146.5 6153.96 6161.2 6168.65 6176.94 6182.26 6184.68 6190.2 6204.65 6208.06 6210.4 6214.24 6220.39 6211.89 6207.89 6203.62 6197.76 6197.32 6195.7 6189.44 6180.56 6176.01 6175.14 6177.03 6180.58 6183.82 6184.66 6183.76 6195.59 6200.21 6201.47 6203.61 6206.26 6208.93 6213.52 6220.29 6225.35 6234.2 6245.74 6262.71 6296.14 6327.64 6353.39 6376.65 6397.58 6417.92 6425.14 6430.37 6429.7 6432.48 6438.01 6444.85 6451.04 6454.94 6455.07 6451.31 6444.24 6436.76
6109.05 6111.09 6113.55 6117.24 6123.97 6130.52 6136.22 6141.39 6152.06 6157.67 6163.8 6169.18 6175.08 6181.18 6186.32 6188.2 6194.94 6210.08 6213.02 6214.45 6214.6 6213.44 6213.17 6209.23 6204 6199.62 6196.91 6194.71 6189.96 6184.03 6179.64 6178.34 6180.03 6183.68 6188.71 6194.8 6187.53 6197.29 6198.98 6200.85 6202.74 6205.55 6209.99 6216.55 6223.61 6231.22 6241.44 6254.97 6276.87 6318.67 6351.59 6384.17 6409.47 6426.57 6438.14 6440.6 6444.02 6444.41 6448.29 6453.56 6460.33 6466.8 6473.4 6476.14 6468.43 6460.19 6452.95
6131.77 6135.38 6139.31 6141.84 6145.56 6149.46 6150.81 6154.97 6158.28 6163.83 6172.79 6176.43 6180.19 6184.04 6189.45 6193.22 6199.18 6210.38 6214.47 6216.84 6217.39 6216.53 6214.81 6211.18 6206.22 6200.68 6197.68 6196.46 6192.85 6187.18 6181.8 6180.22 6182.1 6186.01 6192.19 6198.79 6207.86 6205.52 6202.78 6203.09 6205.74 6209.17 6213.83 6219.95 6228.02 6236.65 6248.35 6264.06 6285.05 6322.6 6368.13 6410.12 6430.93 6437.51 6439.68 6445.84 6443.67 6453.65 6461.03 6466.72 6472.22 6477.92 6484.76 6488.97 6479.01 6471.36 6465.64
6158.36 6164.98 6169.59 6173.48 6176.47 6178.76 6180.54 6175.08 6176.06 6177.37 6179.63 6181.2 6183.3 6186.24 6189.86 6194.63 6200.12 6207.77 6214.19 6219.07 6221.35 6220.85 6218.24 6214.47 6209.4 6204.35 6201.18 6199.55 6198.6 6197.99 6184.01 6181.68 6184.17 6188.34 6193.32 6197.85 6204.72 6205.22 6203.07 6204.45 6207.68 6211.81 6217.39 6224.03 6231.81 6242.16 6254.56 6271.26 6294.87 6328.22 6376.82 6424.34 6445.9 6452.22 6459.13 6456.55 6457.42 6466.18 6472.4 6476.86 6480.39 6483.4 6484.76 6481.32 6480.6 6478 6474.58
6176.36 6181.48 6185.05 6188 6189.75 6190.82 6193.43 6194.49 6193.71 6192.39 6190.79 6189.27 6188.75 6188.6 6188.98 6189.37 6199.14 6207 6216.5 6222.57 6224.73 6224.82 6222.53 6218.42 6213.28 6207.37 6202.55 6201.56 6200.29 6198.94 6183.17 6183.45 6186.66 6190.49 6194.74 6197.87 6196.45 6197.49 6200.62 6203.56 6207.89 6213.4 6220.84 6228.06 6236.53 6246.89 6259.85 6276.58 6296.65 6328.71 6382.12 6429.16 6454.15 6454.17 6454.78 6464.99 6476.92 6481.35 6483.13 6485.12 6486.64 6487.36 6485.51 6479.49 6482.61 6483.21 6481.48
6195.89 6200.71 6203.66 6205.18 6205.85 6208.64 6208.17 6206.25 6203.7 6202.44 6200.34 6199.27 6196.26 6192.18 6189.96 6189.05 6193.75 6206.85 6222.41 6227.25 6231.09 6230.45 6227.64 6223.5 6218.1 6212.16 6207.21 6203.49 6198.46 6190.45 6188.15 6188.45 6189.97 6192.5 6196.15 6199.67 6195.93 6195.17 6198.65 6203.1 6209.3 6216.23 6223.32 6231.66 6241.49 6252.32 6266.36 6283.68 6303.78 6339.27 6388.13 6432.65 6443.82 6442.62 6450.96 6468.51 6484.88 6490.54 6490.8 6491.14 6491.69 6492.09 6492.29 6494.9 6491.97 6488.76 6486.39
6220.2 6223.27 6224.2 6224.44 6227.49 6226.53 6224.85 6221.7 6219.23 6216.12 6211.5 6207.52 6203.28 6198.39 6193.6 6190.74 6198.35 6210.33 6222.61 6231.37 6235.69 6236.11 6233.1 6228.86 6223.94 6218.8 6213.87 6207.87 6201.35 6195.88 6196.55 6194.09 6193 6193.65 6195.52 6198.1 6195.2 6194.16 6197.38 6203.62 6210.87 6218.47 6227.18 6236.68 6247.84 6258.74 6274.03 6291.78 6318.92 6351.27 6387.58 6423.51 6433.37 6439.3 6454.55 6471.84 6485.51 6492.37 6494.98 6495.77 6495.97 6496.11 6496.61 6497.87 6494.74 6491.74 6489.24
6245.14 6246.78 6247.2 6247.97 6246.68 6244.54 6240.86 6237.28 6232.44 6228.27 6223.25 6217.39 6213.38 6207.91 6202.27 6199.65 6210.12 6222.89 6226.82 6237.18 6243.65 6242.45 6239.03 6234.63 6229.48 6224.52 6220.15 6213.17 6207.49 6203.59 6200.45 6197.65 6195.2 6193.88 6192.87 6191.18 6191.49 6193.82 6196.88 6204.31 6212.61 6222.79 6232.61 6242.73 6252.9 6265.03 6278.91 6295.08 6320.37 6348.12 6383.85 6416.52 6443.23 6462.21 6468.23 6477.79 6486.33 6492.5 6496.6 6498.34 6499.22 6499.4 6498.18 6493.74 6491.76 6493.34 6491.19
6268.15 6268.51 6267.87 6267.39 6264.82 6261.21 6257.29 6255.56 6250.42 6245.05 6238 6231.94 6225.85 6220.2 6214.68 6212.52 6218.42 6230.21 6236.86 6243.35 6249.99 6247.96 6244.37 6239.81 6234.7 6229.05 6222.32 6217.13 6211.75 6207.06 6204.05 6200.12 6196.92 6194.77 6192.98 6190.85 6188.38 6189.12 6195.92 6206.82 6218.38 6229.39 6239.97 6249.6 6259.84 6270.29 6282.41 6295.01 6316.16 6348.29 6391.91 6436.75 6466.17 6465.58 6476.72 6483.92 6491.2 6497.45 6498.13 6499.93 6501.41 6502.32 6502.33 6500.83 6500.19 6498.22 6494.1
6288.67 6288.25 6291.63 6288.89 6285.38 6280.93 6276.11 6275.68 6267.9 6261.75 6255.26 6249.17 6242.45 6236.37 6230.58 6228.64 6230.83 6235.17 6233.8 6245.75 6252.82 6251.38 6248.64 6244.98 6240.31 6234.57 6228.08 6223.57 6219.51 6213.43 6206.75 6201.91 6199.19 6196.88 6195.23 6193.57 6189.29 6185.64 6198.75 6212.29 6225.02 6236.44 6246.88 6256.39 6266.5 6276.4 6287.56 6299.93 6322.87 6357.52 6396.37 6439.41 6471.79 6481.49 6485.29 6489.48 6492.48 6494.71 6498.08 6501.54 6503.88 6505.63 6507.5 6510.13 6510.6 6504.63 6498.11
6310.13 6309.77 6313.95 6311.34 6308.21 6303.5 6305.26 6297.79 6290.47 6283.13 6275.4 6267.27 6259.59 6252.9 6246.86 6245.5 6247.55 6252.45 6247.77 6247.81 6251.77 6253.92 6253.27 6250.83 6247.19 6242.29 6236.99 6232.33 6228.7 6221.37 6212.33 6206.4 6204.27 6201.71 6198.52 6197.08 6197.4 6200.09 6209.79 6222.35 6234.7 6244.97 6254.97 6264.18 6273.6 6282.92 6294.33 6307.85 6332.42 6364.97 6396.86 6441.01 6476.07 6487.46 6492.37 6494.59 6494.86 6490.97 6499.54 6503.34 6505.8 6508.14 6510.78 6514.33 6515.53 6508.33 6500.82
6336.36 6336.17 6340.51 6340.41 6336.7 6334.26 6328.15 6319.12 6310.24 6301.64 6291.69 6282.83 6275.64 6268.36 6262.1 6259.41 6260.41 6257.86 6251.81 6251.19 6254.59 6258.07 6258.92 6257.83 6255.34 6251.23 6245.96 6240.35 6234.59 6228.98 6221.95 6216.42 6213.32 6210.68 6207.51 6207.92 6212.7 6217.84 6227.71 6237.58 6247.69 6256.65 6266.1 6275.07 6283.12 6292.57 6302.37 6315.81 6340.19 6373.61 6406.88 6465.71 6494.48 6494.5 6497.93 6499.74 6501.31 6507.79 6504.72 6505.35 6506.97 6508.98 6511.16 6513.5 6514.43 6507.49 6500.18
6369.98 6368.92 6368.63 6365.08 6360.11 6364.59 6358.01 6347.9 6338.57 6327.77 6317.33 6307.75 6297.31 6286.92 6277.63 6270.96 6265.21 6263.99 6262.83 6261.57 6262.73 6265.49 6266.73 6266.45 6264.78 6261.68 6257.08 6251.28 6244.39 6239.86 6234.41 6229.3 6224.7 6223.21 6225.88 6227.57 6232.74 6243.88 6252.13 6257.05 6264.66 6272.22 6280.53 6288.21 6295.48 6303.39 6314.02 6329.28 6352.58 6384.45 6419.32 6484.38 6507.39 6502.65 6502.81 6503.29 6503.63 6502.25 6504.23 6506.46 6507.37 6507.98 6508.5 6509.02 6505.33 6503.87 6497.51
6400.59 6403.99 6403.33 6402.82 6405.48 6402.36 6393.46 6383.75 6372.36 6361.84 6348.91 6336.04 6320.21 6307.29 6295.11 6283.58 6276.2 6275.22 6274.11 6272.85 6273.7 6275.71 6277.02 6277.19 6276.44 6274.34 6271.05 6266.87 6262.84 6254.74 6247.15 6240.34 6235.63 6234.14 6237.01 6242.21 6249.8 6261.41 6270.45 6275.99 6283.31 6289.95 6298.02 6304.94 6311.39 6317.67 6328.25 6344.45 6364.92 6392.64 6426.8 6469.78 6495.51 6501.7 6503.96 6505.63 6506.21 6504.84 6507.18 6508.97 6508.06 6506.63 6504.94 6504.2 6513.19 6503.29 6495.72
6433.71 6444.18 6447.63 6448.24 6447.18 6438.74 6428.06 6418.12 6409.17 6394.64 6374.39 6358.83 6345.34 6328.88 6313.39 6297.65 6285.83 6282.8 6283.59 6283.91 6285.73 6287.28 6287.86 6288.19 6288.1 6287.7 6286.84 6284.94 6279.37 6270.06 6260.5 6252.06 6246.58 6243.45 6243.87 6251.85 6262.98 6275.15 6285.7 6293.78 6303.42 6312.39 6320.75 6327.36 6332.66 6336.75 6343 6357.06 6373.39 6397.06 6428.07 6468.73 6488.77 6497.14 6502.04 6506.33 6510.12 6514.71 6516.08 6513.07 6509.75 6505.55 6500.5 6492.73 6476.06 6478.25 6496.07
6478.45 6489.47 6497.36 6494.44 6489.27 6479.57 6468.7 6454.95 6437.44 6420.15 6402.58 6384.43 6368.6 6349.62 6331.31 6312.78 6297.75 6293.11 6298.49 6299.27 6298.71 6298.98 6299.05 6299.04 6299.37 6300.12 6301.49 6302.11 6294.72 6284.19 6274.04 6265.49 6259.72 6255.32 6254.43 6264.31 6276.24 6288.03 6298.85 6310.59 6324.39 6336.49 6346.67 6355.26 6359.39 6359.31 6357.03 6360.19 6379.12 6404.48 6433.99 6467.34 6475.63 6488.88 6498.64 6506.04 6512.47 6517.62 6518.98 6516.47 6512.56 6507.06 6499.82 6490.26 6481.5 6488.64 6504.77
6539.98 6549.78 6550.51 6544.76 6537.55 6524.78 6509.18 6487.03 6468.9 6448.99 6429.63 6409.2 6389.9 6369.61 6349.73 6330.56 6314.08 6305.96 6313 6313.57 6311.48 6310.04 6309.65 6309.2 6309.48 6310.27 6311.83 6313.79 6307.42 6295.85 6286.76 6280.7 6276.52 6273.27 6272.76 6282.35 6292.6 6303.21 6314.8 6328.61 6345.71 6361.69 6376.25 6388.97 6395.3 6392.48 6380.66 6371.52 6391.18 6415.23 6444.09 6472.4 6475.11 6487.15 6498.5 6508.08 6514.51 6519.76 6521.17 6520.55 6516.79 6510.92 6504.06 6497.59 6496.92 6502.95 6516.46
6622 6619.69 6616 6604.03 6593.95 6576.57 6549.5 6528.56 6507.17 6484.62 6460.85 6438.31 6415.22 6393.15 6372.98 6354.08 6340.76 6331.45 6320.18 6323.85 6322.23 6320.22 6319.44 6318.87 6318.66 6318.39 6317.53 6314.61 6310.59 6303.65 6297.12 6293.55 6293.19 6298.13 6303.69 6306.35 6312.14 6319.72 6332.46 6346.23 6366.33 6388.3 6408.27 6428.06 6442.76 6443.61 6428.01 6412.13 6422.27 6429.1 6447.88 6466.58 6477.17 6487.89 6499.93 6510.99 6519.59 6525.43 6527.61 6527.84 6524.13 6518.14 6511.29 6504.92 6501 6503.66 6522.63
6709.73 6704.17 6694.75 6669.2 6649.67 6620.12 6596.3 6571.51 6545.68 6519.95 6494.64 6469.39 6445.23 6420.73 6397.73 6377.63 6362.65 6350.14 6341.56 6335.42 6331.31 6328.79 6327.57 6326.95 6326.2 6324.95 6322.73 6318.61 6314.67 6310.27 6306.39 6303.3 6305.91 6318.45 6328.35 6330.57 6333.47 6337.64 6341.87 6362.74 6386.96 6414.79 6444.18 6473.24 6498.68 6515.64 6513.43 6496.6 6481.7 6459.43 6458.59 6469.89 6476.76 6490.16 6504.2 6516.28 6526.59 6533.53 6540.04 6537.52 6533.23 6527.58 6520.87 6514.23 6508.89 6509.63 6525.36
6799.78 6793.59 6769.44 6739.11 6705.77 6672.35 6643.89 6615.19 6586.5 6557.63 6528.93 6501.99 6474.2 6447.33 6422.47 6399.28 6379.84 6361.19 6354.67 6344.83 6339.65 6337.54 6336.59 6335.21 6333.73 6332.13 6330.07 6325.74 6318.59 6318.88 6318.79 6318.05 6322.66 6337.6 6348.81 6354.97 6356.86 6359.38 6367.55 6385.13 6410.76 6443.59 6480.96 6520.7 6560.97 6601.9 6636.91 6620.38 6565.62 6507.48 6483.14 6482.28 6486.09 6496.76 6508.94 6521.7 6533.44 6542.27 6547.99 6547.43 6543 6538.34 6532.49 6526.46 6522.54 6523.81 6539.66
6902.87 6879.23 6849.03 6810.94 6755.53 6722.18 6689.28 6658.13 6626.03 6594.25 6562.84 6532.63 6502.57 6474.49 6447.69 6421.04 6397.02 6374.77 6362.56 6353.33 6348.82 6346.47 6345.24 6344.04 6342.11 6340.26 6338.99 6337.51 6330.01 6332.32 6337.12 6342.08 6351.18 6373.49 6382.12 6383.73 6383.05 6382.38 6386.04 6402.89 6433.01 6471.8 6514.62 6560.49 6611.74 6669.91 6728.05 6715.96 6652.93 6582.03 6524.78 6504.93 6503.11 6508.95 6518.57 6531.51 6541.77 6551.66 6558.34 6560.15 6555.89 6550.33 6544.69 6540.65 6539.19 6544.12 6562.73
6999.27 6957.44 6914.85 6868.57 6807.45 6770.38 6733.94 6698.44 6663.28 6630.23 6596.43 6564.15 6531.95 6501.6 6474.5 6444.28 6417.68 6392.94 6382.47 6364.41 6359.15 6355.8 6354.22 6352.73 6350.82 6349.34 6347.04 6344.08 6342.55 6349.07 6360.16 6373.76 6390.78 6412.24 6416.98 6414.74 6412.33 6408.52 6404.99 6417.59 6456.5 6499.19 6542.96 6588.91 6639.42 6697.93 6756.71 6755.88 6725.79 6679.6 6594.87 6537.79 6525.38 6528.34 6534.91 6543.31 6553.93 6564.31 6574.22 6575.93 6569.25 6563.5 6558.34 6555.19 6555.49 6561.51 6576.19
7049.93 7005.42 6960.31 6890.46 6849.42 6809.17 6769.68 6732.03 6694.39 6657.72 6625.57 6590.86 6557.22 6524.82 6495.88 6465.2 6439.98 6416.74 6406.15 6378.39 6370.34 6367.34 6365.44 6363.52 6361.53 6359.95 6357.09 6353.81 6355.69 6366.53 6383.93 6405.46 6427.66 6437.88 6444.73 6446.57 6446.27 6443.67 6440.18 6448.71 6488.92 6530.54 6568.31 6604.59 6641.8 6683.29 6727.45 6741.36 6749.22 6749.25 6669.37 6593.74 6559.48 6550.9 6552.19 6558.61 6567.76 6576.66 6585 6586.38 6580.36 6575.13 6570.63 6567.62 6567.28 6570.77 6571.2
7025.95 7018.73 6988.06 6923.17 6882.53 6840.89 6801.62 6761.98 6722.44 6684.25 6648.74 6613.11 6578.72 6545.81 6515.43 6485.79 6460.72 6436.94 6424.75 6396.04 6385.76 6380.22 6378.26 6376.91 6374.49 6373.37 6372.05 6369.37 6369.01 6382.81 6405.32 6431.33 6454.38 6462.67 6473.32 6479.42 6485.46 6490.31 6492.84 6498.71 6536.57 6568.81 6594.02 6613.2 6629.31 6641.11 6652.47 6683.98 6699.64 6694.56 6668.4 6618.91 6582.19 6570.72 6569.37 6573.92 6581.2 6586.8 6591.1 6590.41 6589.26 6585.63 6580.98 6576.73 6574.08 6574.22 6573.72
7000.01 7023.86 6981.32 6948.31 6908.61 6866.52 6825.33 6783.87 6743.92 6705.08 6668.14 6632.18 6597.94 6565.05 6535.18 6504.86 6479.52 6454.02 6432.19 6411.96 6395.99 6393.67 6392.03 6390.63 6388.99 6388.76 6388.98 6386.49 6384.62 6398.81 6423.91 6452.08 6479.5 6493.43 6503.16 6513.85 6528.31 6544.32 6560.74 6575.89 6602.02 6615.15 6621.39 6622.66 6618.51 6608.31 6604.48 6630.7 6645.47 6638.43 6620.86 6600.8 6589.06 6584.34 6585.18 6589.48 6595.68 6599.5 6602.02 6600.95 6600.45 6596.58 6590.38 6583.51 6577.27 6571.88 6571.77
7028.87 7047.2 7001.23 6966.42 6925.37 6882.4 6841.09 6798.49 6758.09 6721.59 6683.76 6647.96 6614.37 6583.48 6552 6521.52 6495.05 6468.89 6441.52 6424.63 6415.07 6410.33 6406.62 6404.4 6403.08 6403.67 6404.75 6403.11 6402.89 6415.65 6439.46 6467.13 6492.64 6512.91 6526.5 6544.4 6568.09 6596.91 6631.61 6672.41 6674.59 6662.9 6649.61 6634.64 6617.24 6597.66 6590.07 6602.76 6608.6 6603.6 6599.5 6601.2 6594.17 6594.32 6598.63 6604.43 6610.19 6615.27 6618.32 6618.16 6615.91 6608.96 6598.77 6588.83 6579.31 6570.74 6565.29
7073.37 7075.12 7019.99 6979.61 6936.06 6892.08 6851.05 6809.49 6769.37 6734.36 6697.99 6661.68 6628.07 6599.6 6568.07 6536.77 6507.74 6480.25 6447.33 6437.82 6429.02 6425.56 6420.1 6417.36 6416.18 6417.19 6419.92 6418.66 6419.45 6430.59 6452.12 6476.32 6495.36 6514.52 6539.42 6566.86 6599.59 6636.89 6681.41 6728.48 6726.12 6701.05 6675.88 6650.95 6626.33 6603.61 6593.28 6596.31 6596.55 6588.99 6590 6595 6597.34 6605.42 6611.62 6617.51 6624.55 6631.16 6637.49 6642.44 6633.49 6622.16 6609.38 6595.76 6583.02 6572.39 6566.34
7087.42 7085.55 7024.87 6978.75 6933.06 6890.92 6849.53 6810.21 6772.68 6736.73 6706.57 6673.1 6639.96 6613.28 6580.48 6550.2 6519.08 6490.19 6462.11 6446.77 6436.54 6435.58 6431.24 6428.9 6427.98 6427.96 6428.87 6430.8 6434.47 6444.86 6463 6483.9 6502.2 6518.29 6547.2 6581.9 6618.71 6660.02 6703.38 6738.94 6744.47 6722.58 6695.08 6667.07 6639.66 6615.45 6604.37 6603.05 6601.28 6588.28 6588.9 6599.78 6609.92 6618.09 6626.43 6632.08 6639.35 6647.11 6654.05 6656.89 6649.85 6635.6 6619.36 6602.54 6586.98 6575.38 6569.32
7080.37 7056.33 7009.99 6962.48 6918.21 6877.42 6842.05 6806.62 6772.65 6744.69 6712.43 6681.53 6650.19 6623.41 6591.86 6561.59 6531.17 6503.07 6470.91 6447.18 6441.57 6442.27 6439.62 6439.04 6439.07 6439.06 6437.64 6442.58 6448.8 6459.29 6472.03 6489.19 6507.82 6523.53 6554.63 6591.17 6629.32 6669.06 6707.88 6741.16 6749.63 6729.97 6705.59 6679.97 6654.64 6632.85 6621.59 6616.23 6607.54 6591.85 6590.35 6604.77 6621.91 6628.93 6636.59 6644.51 6652.92 6661.28 6668.61 6674.68 6664.79 6646.67 6627.81 6609.3 6591.59 6575.66 6578.28
