real_craters/C173-300m.grd
DSAA
443 443
-66.29 66.29
-66.29 66.29
5260.0995286345 7441.6613139228
[rows 240 to 269 of 443, columns 134 to 200 of 443]
6543.63 6560.45 6576.26 6591.58 6606.19 6618.77 6629.04 6637.59 6651.32 6670.44 6698.42 6728.74 6755.81 6781.87 6806.71 6828.28 6847.34 6857.88 6854.65 6849.6 6843.39 6837.58 6831.58 6821.63 6799.31 6726.23 6616.93 6538.8 6509.74 6483.08 6451.99 6418.62 6381.68 6344.53 6309.87 6269.07 6233.38 6198 6166.96 6139.97 6121.09 6114.1 6127.17 6132.64 6045.12 5917.82 5759.77 5668.27 5608.54 5562.11 5521.49 5486.76 5460.97 5439.43 5424.42 5413.9 5404.99 5397.68 5390.95 5387.42 5383.73 5379.69 5375.31 5369.67 5366.35 5362.92 5358.79
6557.32 6573.75 6589.19 6603.23 6615.49 6626.8 6637.26 6646.99 6657.92 6669.01 6695.84 6724.44 6751.23 6775.88 6798.65 6819.02 6833.51 6841.69 6848.22 6848.5 6846.93 6843.69 6840.23 6831.29 6816.97 6779.28 6705.22 6631.84 6587.98 6545.59 6503.12 6463.1 6420.15 6377.44 6332.71 6290.27 6250.15 6201.56 6164.03 6127.31 6094.87 6075.07 6092.11 6109.08 6037.43 5907.71 5760.99 5678.8 5622.31 5576.24 5534.22 5492.24 5456.01 5435.51 5424.08 5415.26 5407.13 5400.42 5396.53 5390.13 5385.46 5381.29 5376.81 5372.43 5368.23 5364.9 5361.17
6568.96 6586.29 6606.51 6615.77 6625.51 6636.43 6647.72 6658.99 6669.04 6678.77 6699.99 6723.85 6748.31 6769.72 6790.91 6808.9 6823.35 6835.05 6841.41 6845.95 6849.14 6848.37 6849.65 6850.52 6850.26 6824.58 6801.35 6748.43 6675.51 6613.52 6558.03 6507.94 6460.79 6410.09 6369.38 6322.78 6275.12 6226.29 6173.22 6125.24 6077.89 6042.82 6062.28 6112.92 6042.57 5916.94 5769.06 5695.45 5643.76 5599.75 5554.93 5505.9 5461.13 5435.16 5422.19 5416.33 5407.05 5398.82 5395.23 5390.85 5387.26 5383.56 5379.51 5374.77 5370.7 5367.69 5364.14
6575.96 6592.33 6609.04 6621.87 6633.14 6645.31 6658.18 6670.28 6679.83 6690.67 6706.98 6726.16 6746.46 6766.18 6784.31 6800.1 6813.69 6824.29 6834.61 6842.99 6852.23 6860.87 6862.87 6865.11 6871.11 6867.64 6863.19 6818.61 6744.92 6677.08 6611.58 6551.95 6499.51 6448.72 6395.2 6344.61 6292.04 6235.42 6184.33 6128.25 6071.48 6023.07 6018.05 6081.52 6043.18 5934.82 5806.51 5727.89 5679.7 5635.27 5590.63 5543.74 5489.18 5436 5419.86 5417.23 5407.4 5398.24 5391.73 5391.86 5389.99 5387.25 5383.5 5378.89 5374.67 5371.57 5368.15
6578.15 6593.77 6609.94 6623.67 6637.4 6651.96 6667.45 6682.96 6693.85 6699.31 6714.12 6729.57 6745.59 6763.04 6779.13 6794.06 6805.52 6816.5 6826.38 6838.13 6851.45 6864.64 6869.94 6872.05 6877.22 6898.61 6896.21 6854.71 6790.55 6728.9 6660.77 6597.78 6538.58 6478.26 6420.15 6365.8 6313.15 6260.96 6203.42 6145.05 6083.78 6033.68 5994 6045.87 6034.31 5946.78 5840.78 5768.9 5722.5 5679.74 5636.19 5588.58 5521.76 5443.54 5422.65 5417.82 5409.65 5402.84 5398.23 5396.07 5394.42 5392.05 5388.83 5384.77 5380.28 5376.84 5373.33
6578.86 6593.28 6608.18 6623.7 6639.17 6655.25 6672.89 6691.9 6707.69 6713.92 6720.51 6730.7 6744.7 6760.44 6775.61 6789.45 6799.17 6804.12 6816.02 6832.32 6845.56 6857.23 6867.09 6880.32 6895.08 6895.89 6898.61 6873.4 6822.15 6764.25 6694.84 6629.76 6569.15 6508.55 6454.39 6398.14 6342.37 6286.72 6229.53 6171.48 6107.75 6040.84 6002.34 6033.3 6019.22 5942.3 5871.19 5809.96 5763.94 5727.26 5687.07 5623.71 5548.16 5465.44 5437.13 5424.02 5414.74 5408.15 5404.38 5401.99 5401.12 5398.85 5395.89 5392.42 5387.85 5383.54 5379.25
6582.44 6594.4 6608.08 6623.68 6639.66 6655.9 6673.27 6692.81 6712.74 6716.57 6720.01 6729.08 6742.55 6757.8 6773.48 6788.25 6800.26 6806.87 6818 6831.29 6838.73 6846.73 6855.19 6868.46 6877.81 6887.87 6913.54 6882.08 6839.12 6789.12 6724.37 6661.21 6599.37 6542.5 6488.57 6431.09 6376.27 6322.05 6264.52 6209.67 6149.74 6082.24 6016.79 5991.6 5959.13 5914.48 5868.67 5825.28 5790.92 5770.05 5752.62 5711.46 5607.7 5500.84 5461.64 5437.16 5425.35 5419.19 5414.93 5411.31 5409.7 5406.88 5404.6 5401.37 5397.49 5391.44 5385.05
6589.56 6597.19 6609.33 6624.33 6638.83 6652.7 6666.69 6681.43 6697.84 6701.48 6711.2 6722.72 6737.7 6754.23 6771.73 6789.7 6807.44 6825.36 6838.06 6836.5 6830.35 6829.28 6835.94 6843.62 6858.3 6880.54 6899.69 6883.12 6846.98 6798.68 6748.17 6696.05 6632.44 6577.72 6517.6 6463.69 6410.5 6358.31 6306.07 6255.35 6204.3 6139.08 6048.64 5975.31 5914.44 5887.07 5850.98 5816.36 5798.51 5796.64 5810.91 5815.5 5682.41 5555.45 5497.18 5457.62 5442.78 5434.29 5427.79 5423.24 5420.49 5417.05 5413.47 5410.39 5406.48 5398.78 5391.32
6598.47 6603.61 6614.23 6627.06 6638.34 6648.02 6656.37 6662.52 6664.13 6682.25 6697.42 6713.09 6730.59 6749.02 6768.88 6789.68 6811.59 6836.96 6854.54 6840.19 6826.17 6818.81 6821.04 6825.8 6852.95 6889.14 6910.24 6883.3 6851.89 6809.08 6759.71 6710.54 6655.56 6603.72 6550.31 6493.61 6440.46 6388.71 6337.79 6291.88 6249.43 6185.42 6084.27 5995.27 5921.39 5884.85 5849.42 5805.3 5792.9 5795.72 5813.12 5824.97 5736.89 5635.3 5550.63 5494.7 5469.02 5451.61 5443.89 5437.7 5432.58 5427.26 5421.94 5417.56 5411.84 5404.41 5396.52
6609.54 6616.07 6624.5 6632.59 6639.06 6643.84 6647.1 6647.51 6651.84 6667.31 6684.66 6702.75 6721.82 6741.83 6763.3 6784.99 6807.12 6827.37 6839.24 6836.06 6827.5 6820.03 6816.04 6817.77 6845.72 6891.17 6898.55 6879.97 6851.93 6813.03 6768.54 6722.23 6672.86 6622.82 6573.19 6517.71 6466.38 6415.53 6363.94 6313.26 6266.06 6211.7 6126.38 6031.51 5948.88 5910.93 5871.52 5814.77 5783.34 5773.47 5768.96 5770.89 5780.36 5712.52 5606.47 5541.89 5502.17 5476.84 5466.59 5454.6 5444.67 5437.6 5430.27 5423.88 5417.41 5409.24 5400.8
6622.58 6632.71 6638.14 6640.26 6640.96 6640.97 6640.66 6640.44 6643.44 6655.65 6673.8 6693.38 6713.72 6734.76 6756.52 6777.94 6798.34 6814.4 6824.34 6831.02 6831.02 6825.14 6818.54 6819.75 6841.89 6894.04 6893.36 6872.35 6848.54 6812.47 6766.95 6724.22 6681.2 6635.29 6582.02 6530.95 6481.36 6430.86 6378.1 6325.18 6263.5 6205.76 6148.63 6079.34 6004.65 5966.5 5909.13 5825.48 5777.87 5752.83 5732.43 5745.17 5817.7 5761.86 5654.79 5585.01 5533.04 5500.64 5488.68 5471.18 5457.59 5446.61 5437.58 5429.96 5422.82 5413.69 5403.38
6632.36 6652.03 6652.05 6647.23 6642.62 6638.82 6636.2 6635.02 6638.7 6648.84 6665.83 6684.71 6705.29 6727.02 6748.73 6769.86 6789.16 6804.04 6816.99 6827.32 6836.22 6831.31 6823.64 6826.93 6846.96 6894.03 6887.46 6867.97 6838.09 6797.42 6765.92 6724.37 6681.55 6633.22 6589.27 6538.75 6490.16 6442.94 6395.22 6344.89 6281.84 6233.74 6184.09 6137.18 6094.74 6043.99 5968.38 5874.53 5792.96 5751.96 5721.78 5724.71 5768.64 5751.2 5703.99 5611.14 5554.19 5515.56 5502.51 5483.19 5467.91 5453.82 5443.63 5435 5427.38 5417.87 5405.56
6646.9 6671.87 6660 6650.41 6642.7 6636.38 6631.64 6630.5 6635.15 6645.41 6658.26 6675.84 6696.28 6718.25 6740.33 6762.71 6781.51 6796.53 6805.52 6824.13 6840.89 6834.68 6827.24 6833.16 6859.92 6882.84 6875.44 6856.19 6821.07 6789.13 6754.8 6717.96 6674.17 6634.05 6590.4 6546 6500.61 6454.37 6410.8 6371.7 6340.68 6268.42 6219.92 6185.78 6162.01 6110.59 6025.21 5930.1 5825.13 5771.72 5734.35 5712.59 5704.25 5702.74 5668.67 5606.81 5566.66 5537.64 5511.91 5491.59 5475.39 5460.5 5449.24 5439.09 5430.72 5420.29 5406.81
6644.92 6654.49 6653.64 6647.17 6639.9 6632.87 6626.23 6621.17 6624.77 6634.38 6648.22 6667.14 6686.93 6709.16 6731.72 6754.58 6775.37 6794.73 6813.08 6825.07 6829.9 6832.29 6833.97 6849.2 6878.64 6886.86 6871.5 6848.4 6815.28 6780.1 6745.39 6716.31 6680.88 6639.71 6602.1 6554.55 6509.99 6467.99 6420.28 6381.11 6345.13 6281.68 6236.12 6207.27 6190.72 6141.04 6050.25 5967.89 5864.9 5801.31 5753.85 5712.2 5674.91 5659.82 5623.78 5595.25 5570.29 5544.6 5522.73 5500.44 5483.2 5468.58 5456.46 5444.39 5432.87 5420.2 5406.23
6625.34 6636.18 6642.32 6641.19 6636.29 6629.82 6622.68 6616.64 6618.28 6624 6638.44 6658.47 6679.22 6701.45 6723.75 6746.5 6768.72 6791.06 6812.94 6820.49 6815.91 6827.16 6850.59 6891.82 6926.24 6916.86 6869.2 6840.09 6807.71 6776.94 6747.12 6715.07 6681.19 6648.15 6608.16 6572.14 6527.67 6480.17 6428.39 6373.67 6311.88 6265.6 6234.27 6201.58 6164.18 6109.24 6035.41 5957.36 5873.06 5836.96 5797.42 5738.75 5682.59 5655.78 5627.88 5607.28 5589.83 5564.43 5533.92 5509.34 5494.29 5481.18 5466.51 5451.36 5436.68 5422.49 5406.22
6621.87 6630.71 6635.4 6635.62 6632.64 6627.82 6622.34 6616.85 6617.96 6622.59 6634.42 6651.87 6671.91 6693.91 6716.03 6739.69 6761.43 6782.3 6799.71 6803.61 6802.37 6817.11 6840.09 6896.25 6947.52 6904.69 6856.71 6826.94 6797.26 6770.46 6745.27 6720.39 6687.61 6662.11 6624.51 6588.84 6547.6 6499.91 6445.8 6382.45 6319.53 6271.21 6237.4 6196.02 6137.76 6066.05 6018.1 5947.21 5879.54 5885.65 5884.15 5788.34 5705.84 5675.89 5653.92 5641.13 5630.21 5601.68 5557.76 5527.36 5512.71 5498.07 5480.47 5460.99 5440.75 5422.63 5404.6
6618.28 6627.61 6631.27 6632.12 6630.18 6627.04 6623.91 6623.96 6620.12 6622.21 6630.61 6645.89 6665.51 6686.84 6708.63 6731.09 6753.61 6774.61 6787.61 6790.54 6798.43 6806.74 6819.88 6849.46 6860.48 6837.83 6824.38 6806.33 6784.01 6761.34 6739.62 6715.92 6694.06 6668.37 6644.68 6616.86 6576.98 6532.38 6477.83 6413.16 6351.64 6302.91 6259.69 6211.66 6156.03 6095.35 6035.59 5968.51 5914 5925.24 5928.84 5830.8 5745.63 5708.69 5686.31 5683.27 5695.95 5658.37 5603.06 5563.37 5543.09 5524.6 5502.46 5476.13 5447.46 5418.94 5402.01
6615.94 6625.67 6627.52 6628.57 6627.59 6625.71 6623.3 6621.23 6619.78 6619.16 6624.52 6640.43 6658.79 6678.68 6700.12 6722.91 6745.65 6767.36 6787.59 6805.51 6803.97 6798.85 6800.64 6815.96 6812.51 6797 6793.09 6786.57 6773.47 6759.53 6746.08 6728.46 6710.37 6687.07 6664.17 6648.28 6615.57 6574.95 6526.29 6464.17 6402.4 6349.43 6299.93 6246.1 6191.77 6144.41 6068.27 6001.77 5952.11 5951.8 5943.7 5870.73 5797.04 5750.59 5724.24 5722.36 5748.97 5707.67 5652.26 5609 5583.89 5561.25 5534.1 5501.27 5464.36 5426.03 5407.18
6608.62 6619.09 6622.62 6624.03 6625.28 6625.13 6622.79 6620.3 6620.58 6620.76 6625.36 6637.24 6653.01 6671.04 6690.08 6712.26 6735.16 6759.31 6781.91 6799.77 6799.89 6789.97 6783.84 6794.77 6792.94 6782.16 6774.37 6773.44 6770.21 6762.53 6753.52 6742.13 6725.51 6712.24 6695.9 6676.81 6660.64 6631.62 6591.54 6537.7 6472.79 6412.32 6354.17 6291.35 6224.06 6149.97 6096.19 6041.67 5994.05 5981.59 5966.1 5902.79 5839.73 5791.2 5767.89 5761.04 5763.21 5740.6 5697.94 5655.03 5634.64 5608.57 5576.55 5539.69 5497.87 5453.51 5430.71
6600.28 6612.33 6617.56 6620.23 6623.18 6626.24 6627.29 6625.05 6623.26 6622.22 6625.85 6633.3 6645.66 6661.2 6679.79 6700.44 6722.33 6746.39 6771.64 6791.11 6795.94 6782.97 6775.82 6790.28 6801.42 6785.53 6769.48 6772.46 6772.85 6765.49 6760.29 6754.02 6746.7 6737.59 6729.84 6719.24 6714.08 6695.43 6665.23 6621.29 6554.24 6488.12 6421.55 6348.68 6273.51 6192.78 6145.39 6093.23 6043.96 6014.34 5984.02 5920.84 5874.42 5838.45 5814.95 5801.57 5790.48 5777.08 5755.49 5732.11 5701.8 5666.09 5629.28 5590.9 5549.74 5507.21 5481.19
6603.01 6609.74 6612.18 6613.91 6617.72 6624.56 6635.62 6633.67 6622.58 6618.24 6619.84 6625.11 6634.89 6648.96 6665.71 6684.19 6703.64 6726.89 6754.65 6794.53 6788.71 6772.97 6769.76 6785.66 6779.68 6780.4 6782.5 6778.49 6772.58 6769.01 6766.6 6765.88 6764.69 6763.34 6762.49 6759.91 6757.52 6759.89 6746.04 6705.62 6642.87 6574.23 6498.09 6417.92 6340.2 6268.83 6215.74 6153.84 6099.74 6059.8 6020.07 5950.21 5914.15 5889.03 5859.88 5838.45 5826.75 5819.14 5812.52 5805.65 5765.54 5723.68 5686.83 5652.31 5616.93 5581.89 5555.42
6607.79 6607.71 6604.61 6604.06 6606.26 6612.47 6623.66 6621.69 6611.92 6606.55 6606.07 6610.25 6620.95 6634.76 6649.82 6664.6 6680.81 6697.36 6713.15 6729.73 6744.21 6751.09 6757.71 6763.53 6754.09 6766.24 6782.44 6774.66 6768.47 6764.97 6769.25 6771.13 6774.79 6780.33 6786.09 6793.87 6801.64 6817.02 6824.9 6830.22 6757.66 6665.78 6575.38 6487.52 6407.55 6340.71 6280.37 6210.79 6156.33 6122.65 6080.18 6003.36 5958.41 5926.47 5904.03 5882.91 5866.4 5859.32 5850.37 5835.23 5806.69 5774.76 5744.29 5716.12 5690.85 5669.46 5650.83
6607.36 6596.34 6591.73 6589.85 6589 6589.56 6592.16 6594.74 6592.74 6590.17 6586.69 6594.16 6607.43 6620.76 6634.13 6647.2 6658.31 6666.31 6669.68 6680.34 6707.38 6722.16 6731.9 6740.76 6740.88 6749.85 6752.62 6753.24 6757 6759.45 6765.25 6771.97 6780.37 6791.7 6805.04 6820.45 6837.98 6858.83 6867.26 6862.81 6829.36 6739.71 6642.78 6550 6464.19 6385.39 6315.09 6256.69 6207.21 6174.72 6137.69 6069.65 6013.42 5974.49 5951.72 5934.12 5914.66 5898.37 5883.7 5862.84 5842.57 5821.25 5798.67 5777.98 5762.08 5754.28 5752.82
6585.08 6579.18 6577.57 6573.91 6570.42 6565.54 6558.59 6569.17 6575.02 6577.66 6579.82 6586.63 6598.07 6610.28 6621.73 6632 6640.1 6644.27 6642.89 6651.17 6673.31 6676.99 6692.23 6710.48 6730.59 6738.69 6744.74 6744.18 6745.86 6752.35 6759.74 6769.55 6782.59 6797.9 6818.83 6840.99 6864.39 6885.66 6897.01 6892.59 6869.12 6786.85 6692.93 6600.19 6511.66 6429.02 6356.41 6299.89 6254.12 6208.92 6175.03 6126.76 6076.41 6033.05 5999.11 5970.36 5950.21 5936.83 5921.27 5902.5 5884.69 5867.39 5849.02 5832.78 5821.09 5815.12 5808.93
6563.54 6566.84 6561.47 6558.51 6555.52 6550.07 6546.69 6555.43 6563.63 6569.59 6574 6580.75 6591.26 6601.59 6611.41 6620 6627.01 6632.69 6638.31 6637.37 6634.2 6637.88 6661.85 6693.57 6716.65 6725.9 6731.53 6730.3 6732.74 6743.61 6753.79 6766.78 6782.95 6802.72 6824.47 6850.3 6879.71 6911.49 6937.51 6931.78 6889.71 6814.79 6729.04 6641.2 6554.98 6472.98 6397.92 6344.9 6304.01 6247.84 6202.26 6161.08 6114.4 6076.9 6044.26 6018.41 5996.06 5976.85 5961.07 5945.83 5929.83 5912.37 5893.65 5877.86 5866.13 5859.14 5849.32
6538.41 6537.16 6541.51 6546.25 6547.41 6545.28 6541.58 6552.52 6560.27 6566.4 6571.18 6577.55 6587.13 6596.42 6604.61 6611.26 6616.39 6621.73 6629.03 6626.64 6616.23 6618.17 6647.89 6683.15 6703.39 6709.7 6707.07 6704.42 6717.66 6732.2 6745.66 6759.64 6777.26 6797.4 6820.74 6847.48 6878.63 6915.94 6964.43 6950.2 6892.9 6826.81 6753.35 6676.18 6597.77 6521.47 6447.11 6395.69 6351.67 6299.39 6241.06 6199.62 6152.61 6120.13 6087.9 6054.91 6035.87 6013.22 5998.25 5987.57 5974.31 5952.21 5931.56 5912.37 5898.16 5889.6 5888.56
6528.9 6531.61 6535.46 6540.61 6545.61 6551.8 6557.38 6557.66 6562.26 6567.35 6572.27 6577.85 6585.72 6593.67 6599.65 6603.26 6606.3 6607.84 6606.64 6606.49 6607.08 6609.8 6632.67 6668.83 6686.86 6692.5 6695.25 6703.75 6703.5 6718.2 6732.51 6749.35 6765.7 6785.23 6807.29 6831.32 6856.63 6884.98 6910.53 6909.18 6874.64 6825.18 6767.72 6704.96 6639.58 6574.21 6509.85 6452.09 6404.29 6346.98 6283.08 6246.88 6210.26 6172.66 6137.2 6095.43 6062.53 6040.33 6028.02 6021.29 6011.63 5984.53 5959.44 5938.03 5918.53 5902.61 5884.62
6531.46 6531.94 6534.35 6538.93 6545.4 6553.01 6558.89 6561.84 6566.23 6571.3 6575.43 6578.97 6587.52 6594 6597.65 6599.16 6599.68 6597.99 6593.69 6591.77 6587.72 6591.12 6613.13 6638.97 6659.23 6670.98 6677.81 6676.55 6686.87 6703.63 6718.99 6735.86 6751.81 6767.87 6787.1 6804.82 6823.21 6837.25 6840.48 6854.84 6845.42 6814.63 6773.85 6729.52 6680.58 6630.23 6575.75 6512.62 6446.71 6384.26 6335.87 6299.19 6261.56 6223.88 6191.4 6160.06 6090.8 6062.55 6050.13 6042.44 6032.6 6004.72 5978.21 5955.27 5932.69 5910.68 5885.38
6534.11 6532.39 6533.47 6537.14 6543.9 6552.55 6559.07 6563.78 6569.67 6576.61 6583.15 6589.54 6595.1 6597.82 6598.14 6596.98 6595.22 6593.34 6591.56 6587.43 6585.61 6589.69 6603.91 6614.53 6633.39 6650.01 6662.76 6673.57 6675.74 6690.27 6704.76 6719.52 6733.41 6749.46 6761.38 6776.76 6789.33 6796.97 6800.46 6822.78 6819.6 6801.14 6774.93 6744.37 6714.11 6682.04 6642.89 6580.05 6501.07 6428.67 6368.8 6348.39 6323.27 6262.49 6215.95 6173.27 6120.19 6087.77 6068.7 6053.97 6037.57 6014.2 5991.41 5968.94 5945.59 5921.16 5897.15
6529.41 6529.17 6529.16 6534.51 6541.1 6548.47 6556.41 6564.01 6572 6581.21 6591.57 6601.29 6604.48 6602.14 6598.49 6594.95 6591.43 6587.88 6585.89 6584.6 6585.84 6588.66 6593.18 6599 6615.72 6633.38 6648.46 6658.61 6664.13 6678.17 6692.04 6705.5 6717.28 6723.74 6737.15 6749.39 6759.81 6768.22 6777.25 6795.64 6795.65 6785.13 6771.04 6755.74 6741.4 6728.72 6711.88 6660.81 6570.86 6485.51 6412.19 6375.41 6336.54 6284.54 6223.5 6173.64 6143.02 6113.14 6088.1 6066.04 6043.89 6022.92 6004.52 5985.17 5962.16 5937.9 5910.99
