real_craters/C173-750m.grd
DSAA
178 178
-66.29 66.29
-66.29 66.29
5261.2144027385 7435.2731327645
[rows 114 to 151 of 178, columns 84 to 167 of 178]
6709 6787 6914 6913 6877 6855 6902 6938 6943 6926 6880 6870 6905 6939 6821 6669 6579 6615 6790 6837 6608 6513 6482 6458 6425 6440 6474 6517 6535 6484 6413 6355 6301 6250 6202 6155 6111 6069 6065 6083 6114 6198 6242 6265 6267 6229 6234 6269 6299 6340 6374 6387 6365 6404 6376 6336 6305 6283 6246 6206 6164 6117 6098 6116 6129 6130 6128 6124 6125 6104 6070 6042 6020 6012 6004 5988 5961 5938 5918 5895 5882 5875 5869 5876
6738 6844 6949 6999 7005 6924 6859 6897 6971 6913 6849 6802 6758 6690 6623 6540 6470 6490 6589 6609 6503 6422 6413 6406 6406 6442 6485 6526 6536 6466 6395 6335 6283 6234 6189 6147 6110 6071 6071 6099 6143 6218 6233 6244 6234 6234 6264 6294 6321 6346 6365 6358 6365 6385 6341 6299 6265 6237 6201 6156 6119 6100 6100 6101 6118 6113 6111 6109 6121 6104 6070 6042 6029 6032 6044 6039 5999 5958 5935 5903 5887 5870 5866 5873
6715 6829 6965 6996 6930 6770 6703 6789 6840 6798 6743 6678 6591 6460 6393 6395 6369 6381 6428 6429 6391 6369 6362 6368 6382 6423 6467 6469 6462 6404 6358 6314 6270 6228 6187 6148 6112 6070 6077 6112 6166 6212 6209 6239 6283 6305 6315 6335 6353 6364 6379 6408 6392 6352 6305 6279 6255 6204 6161 6125 6106 6100 6075 6088 6106 6102 6099 6095 6092 6085 6065 6042 6032 6047 6163 6101 6052 6020 5987 5930 5907 5882 5867 5862
6657 6742 6810 6805 6750 6669 6634 6664 6651 6654 6628 6568 6478 6371 6332 6341 6330 6323 6309 6303 6293 6302 6316 6333 6360 6378 6379 6350 6325 6331 6317 6286 6255 6222 6186 6151 6115 6063 6049 6119 6185 6233 6238 6304 6349 6340 6349 6365 6372 6368 6370 6375 6324 6252 6230 6238 6217 6168 6128 6086 6070 6068 6030 6056 6079 6077 6080 6072 6080 6076 6065 6052 6034 6036 6138 6099 6074 6103 6018 5952 5924 5899 5880 5873
6598 6651 6665 6625 6578 6588 6597 6592 6597 6588 6550 6491 6422 6362 6340 6355 6364 6327 6284 6274 6272 6274 6287 6300 6328 6339 6303 6272 6265 6282 6287 6273 6250 6222 6189 6159 6128 6095 6074 6141 6217 6282 6275 6296 6326 6390 6371 6356 6352 6348 6335 6300 6245 6183 6167 6166 6153 6128 6097 6066 6037 6006 6001 6016 6029 6060 6068 6076 6094 6072 6060 6055 6039 6032 6050 6050 6019 6014 6003 5961 5941 5915 5893 5878
6550 6586 6604 6601 6516 6509 6517 6505 6535 6533 6485 6434 6387 6355 6356 6365 6383 6328 6286 6280 6273 6263 6273 6281 6300 6314 6289 6270 6264 6265 6268 6256 6239 6216 6191 6166 6145 6128 6127 6159 6208 6252 6248 6253 6290 6338 6348 6349 6335 6322 6301 6259 6202 6157 6120 6113 6096 6077 6054 6042 6022 6000 6000 6011 6016 6039 6056 6055 6052 6053 6047 6042 6035 6035 6038 6047 6035 6071 6068 5997 5946 5931 5908 5908
6510 6537 6551 6541 6512 6445 6378 6409 6450 6460 6418 6375 6339 6312 6305 6304 6312 6284 6258 6303 6298 6284 6292 6291 6293 6320 6323 6283 6275 6257 6243 6226 6212 6197 6179 6163 6153 6147 6142 6161 6174 6192 6243 6263 6259 6265 6291 6304 6301 6290 6280 6265 6193 6159 6116 6075 6055 6034 6007 5974 5994 5997 5989 6002 6003 6011 6018 6030 6029 6032 6030 6023 6021 6031 6046 6081 6124 6205 6184 6053 5984 5993 5954 5967
6484 6508 6516 6501 6507 6426 6345 6336 6357 6367 6336 6313 6287 6254 6242 6219 6198 6238 6273 6283 6312 6325 6341 6326 6317 6357 6414 6357 6298 6271 6251 6232 6222 6209 6197 6186 6175 6161 6145 6157 6164 6227 6271 6296 6307 6259 6244 6240 6248 6253 6256 6241 6199 6164 6117 6058 6036 6014 5988 5957 5960 5970 5978 5971 5985 5997 5990 6008 6014 6017 6017 6016 6013 6014 6037 6055 6100 6208 6224 6093 6097 6146 6014 6020
6475 6505 6523 6539 6521 6425 6330 6284 6266 6234 6251 6254 6245 6231 6223 6184 6172 6195 6229 6273 6336 6408 6426 6417 6379 6379 6377 6342 6301 6273 6258 6241 6246 6234 6223 6212 6200 6162 6156 6180 6232 6286 6299 6329 6290 6233 6210 6198 6208 6215 6217 6213 6194 6165 6114 6065 6035 6015 5998 5982 5949 5952 5962 5947 5962 5991 5986 6000 6006 6006 6007 6008 6008 6013 6022 6021 6048 6093 6087 6110 6234 6317 6112 6095
6479 6512 6541 6568 6540 6433 6324 6258 6225 6200 6205 6214 6216 6213 6187 6170 6168 6183 6209 6253 6338 6432 6460 6449 6412 6387 6353 6315 6287 6283 6273 6266 6257 6249 6245 6235 6210 6198 6189 6223 6296 6297 6290 6265 6226 6201 6188 6176 6179 6180 6178 6177 6184 6168 6117 6069 6037 6013 5994 5976 5965 5945 5936 5906 5936 5985 5982 5976 5982 5990 5996 6001 6008 6015 6026 6029 6039 6031 6031 6104 6256 6457 6342 6184
6501 6531 6562 6579 6538 6442 6336 6261 6226 6206 6197 6198 6197 6197 6187 6173 6174 6198 6225 6262 6317 6374 6410 6443 6418 6392 6360 6306 6290 6280 6279 6284 6281 6283 6277 6271 6249 6248 6243 6278 6318 6292 6293 6299 6249 6195 6185 6176 6166 6159 6154 6158 6175 6165 6115 6066 6035 6011 5984 5961 5944 5929 5913 5907 5945 5967 5967 5954 5964 5976 5988 5999 6010 6026 6070 6105 6093 6045 6011 6066 6176 6291 6299 6289
6520 6546 6573 6600 6535 6457 6362 6289 6252 6223 6206 6198 6188 6183 6200 6187 6182 6197 6229 6265 6292 6306 6307 6345 6390 6390 6370 6281 6293 6298 6303 6299 6295 6285 6281 6308 6301 6298 6298 6309 6284 6260 6272 6322 6272 6194 6185 6173 6151 6141 6139 6140 6147 6147 6105 6057 6034 6018 5998 5958 5924 5910 5903 5909 5923 5936 5942 5929 5949 5969 5984 5998 6007 6045 6158 6258 6192 6088 6016 6024 6079 6182 6238 6247
6523 6539 6551 6545 6553 6482 6403 6336 6303 6262 6231 6216 6203 6200 6218 6210 6202 6204 6211 6246 6287 6295 6283 6296 6355 6387 6402 6334 6339 6339 6340 6321 6303 6305 6311 6316 6330 6339 6340 6337 6205 6210 6231 6235 6231 6185 6147 6134 6127 6120 6117 6128 6126 6115 6074 6045 6031 6023 6011 5954 5903 5895 5892 5894 5908 5934 5945 5945 5952 5967 5984 6001 6017 6050 6168 6362 6239 6113 6026 6010 6016 6049 6080 6099
6519 6512 6519 6537 6532 6487 6457 6427 6382 6321 6272 6247 6239 6237 6241 6245 6232 6224 6240 6273 6328 6386 6440 6444 6415 6395 6395 6428 6406 6366 6337 6314 6298 6301 6293 6295 6314 6330 6347 6359 6206 6192 6199 6201 6196 6154 6125 6107 6098 6095 6102 6101 6085 6053 6038 6032 6023 6013 5995 5935 5891 5891 5896 5912 5912 5906 5943 5940 5956 5966 5984 6002 6019 6038 6066 6164 6166 6102 6041 6021 6030 6014 6003 6002
6500 6477 6465 6441 6418 6466 6517 6551 6485 6380 6301 6290 6284 6278 6277 6282 6266 6249 6252 6303 6383 6481 6592 6585 6488 6396 6343 6471 6431 6364 6325 6295 6278 6267 6262 6275 6285 6296 6292 6275 6245 6189 6169 6154 6154 6114 6094 6076 6066 6060 6057 6049 6050 6048 6038 6019 6005 5990 5965 5915 5887 5896 5917 5905 5912 5884 5910 5966 5949 5954 5965 5985 6010 6025 6036 6063 6088 6071 6040 6030 6047 6023 5997 5994
6455 6438 6449 6445 6423 6469 6544 6618 6544 6439 6352 6354 6347 6322 6302 6288 6314 6318 6285 6336 6419 6511 6586 6614 6506 6385 6290 6344 6336 6307 6277 6259 6250 6236 6231 6224 6208 6208 6209 6189 6193 6178 6174 6167 6129 6052 6046 6037 6032 6028 6021 6022 6034 6037 6006 5994 5975 5960 5939 5897 5882 5896 5913 5905 5908 5879 5878 5902 5922 5929 5935 5957 6020 6020 6032 6038 6050 6047 6041 6036 6030 6031 6048 6026
6408 6411 6406 6419 6439 6479 6522 6542 6530 6514 6503 6452 6377 6350 6321 6304 6338 6357 6327 6377 6449 6522 6577 6583 6487 6375 6258 6191 6200 6222 6214 6204 6200 6189 6174 6165 6174 6169 6147 6143 6172 6153 6109 6118 6076 6014 5997 6000 6000 6006 6018 6033 6022 5998 5986 5963 5942 5917 5891 5867 5873 5891 5905 5922 5912 5913 5885 5889 5903 5912 5913 5890 5919 6016 6019 6027 6033 6039 6049 6062 6051 6139 6214 6099
6400 6410 6456 6455 6480 6500 6499 6492 6509 6559 6586 6518 6456 6394 6361 6345 6343 6354 6376 6421 6475 6531 6567 6554 6453 6321 6197 6143 6130 6140 6149 6153 6150 6154 6141 6137 6131 6131 6117 6109 6213 6125 6090 6064 6023 5993 5982 5972 5965 5965 5981 5999 5983 5974 5951 5937 5913 5880 5858 5850 5867 5893 5909 5917 5936 5938 5906 5893 5898 5903 5917 5951 5995 6006 6014 6018 6021 6026 6035 6049 6084 6268 6394 6324
6423 6398 6392 6415 6427 6444 6487 6514 6546 6577 6563 6501 6435 6412 6417 6400 6398 6414 6433 6461 6490 6532 6574 6544 6422 6280 6171 6124 6095 6090 6096 6105 6106 6106 6104 6098 6094 6097 6100 6157 6086 6056 6026 6034 6004 5987 5972 5950 5931 5914 5924 5951 5975 5951 5934 5916 5896 5869 5857 5859 5870 5885 5878 5886 5919 5927 5910 5896 5888 5895 5915 5946 5975 5998 6001 6005 6008 6011 6023 6056 6105 6420 6550 6432
6401 6390 6362 6371 6374 6396 6489 6602 6674 6592 6512 6455 6423 6397 6396 6427 6423 6492 6534 6498 6488 6500 6533 6502 6393 6276 6179 6113 6064 6056 6056 6060 6064 6069 6071 6068 6065 6061 6056 6044 6024 6013 6035 6009 5993 5983 5957 5932 5905 5882 5892 5925 5945 5918 5899 5896 5894 5885 5876 5874 5873 5881 5870 5857 5880 5889 5880 5859 5851 5874 5912 5951 5988 5999 5992 5995 6000 6005 6003 6034 6133 6409 6606 6467
6422 6416 6402 6370 6360 6392 6467 6592 6701 6541 6421 6382 6399 6368 6356 6411 6465 6503 6522 6496 6456 6408 6386 6387 6358 6301 6220 6130 6057 6031 6022 6021 6030 6052 6059 6060 6053 6042 6020 5998 6021 6003 6019 6034 5975 5947 5940 5914 5885 5860 5852 5872 5902 5879 5878 5874 5881 5905 5876 5853 5862 5873 5863 5848 5861 5861 5851 5838 5830 5851 5889 5950 5973 5974 5982 5988 5994 6000 5995 6015 6085 6306 6441 6368
6446 6434 6408 6356 6333 6334 6386 6439 6427 6403 6352 6337 6372 6349 6339 6421 6493 6529 6532 6495 6429 6345 6275 6249 6358 6403 6293 6169 6066 6019 6002 6000 5999 6020 6029 6029 6037 6019 6005 5998 6017 5992 6012 6010 5951 5920 5913 5900 5874 5838 5811 5818 5836 5846 5838 5841 5843 5834 5840 5837 5844 5854 5846 5839 5842 5839 5857 5841 5813 5825 5847 5878 5928 5953 5976 5980 5986 6000 6008 6013 6043 6110 6180 6176
6491 6412 6342 6329 6304 6286 6312 6317 6274 6322 6349 6375 6409 6372 6363 6459 6569 6605 6580 6515 6435 6356 6307 6299 6385 6505 6353 6189 6074 6014 5993 5985 5973 5990 5993 6019 6016 6008 6000 5993 5989 5973 5989 5974 5936 5921 5907 5894 5875 5847 5798 5797 5812 5814 5799 5805 5810 5817 5819 5822 5823 5818 5811 5820 5814 5813 5829 5822 5802 5811 5824 5849 5897 5931 5958 5963 5972 5992 6023 6079 6082 6032 6044 6024
6450 6381 6325 6312 6299 6288 6293 6303 6312 6352 6412 6512 6489 6419 6424 6507 6580 6677 6629 6533 6442 6374 6365 6346 6325 6368 6300 6169 6057 6003 5988 5980 5972 5966 6016 6011 6007 6004 6003 5989 5954 5938 5935 5928 5919 5905 5900 5888 5871 5838 5785 5789 5817 5832 5791 5782 5790 5799 5800 5806 5807 5800 5791 5811 5804 5794 5820 5814 5801 5815 5828 5858 5879 5903 5915 5925 5939 5959 5989 6026 6004 5961 5942 5927
6395 6354 6328 6308 6300 6298 6310 6333 6383 6404 6436 6518 6466 6419 6462 6586 6661 6735 6660 6545 6438 6356 6316 6295 6292 6266 6217 6132 6045 6007 6001 5993 5992 6020 6015 6008 6001 5997 5990 5968 5926 5916 5913 5905 5914 5909 5900 5876 5849 5804 5744 5770 5805 5810 5776 5770 5776 5777 5786 5790 5798 5809 5793 5772 5766 5786 5798 5802 5841 5828 5842 5864 5855 5859 5863 5878 5893 5908 5918 5912 5898 5889 5872 5868
6366 6332 6320 6306 6306 6320 6338 6358 6389 6408 6402 6363 6376 6371 6445 6610 6722 6757 6662 6526 6402 6331 6337 6297 6262 6209 6167 6109 6054 6024 6022 6023 6018 6031 6015 6000 5989 5980 5976 5953 5916 5899 5906 5892 5908 5916 5886 5853 5815 5767 5733 5758 5784 5801 5781 5778 5780 5777 5764 5775 5782 5797 5794 5781 5784 5818 5802 5803 5793 5801 5812 5815 5821 5837 5822 5830 5844 5856 5858 5852 5840 5838 5827 5823
6360 6333 6317 6307 6300 6304 6323 6370 6405 6417 6410 6369 6356 6350 6400 6525 6718 6762 6633 6492 6347 6237 6273 6293 6248 6187 6141 6099 6061 6042 6044 6052 6050 6034 6013 5990 5967 5948 5936 5924 5911 5905 5885 5875 5891 5907 5870 5833 5801 5754 5735 5763 5748 5771 5787 5785 5773 5773 5775 5770 5762 5754 5774 5782 5773 5758 5784 5782 5784 5784 5780 5785 5795 5792 5779 5788 5803 5812 5814 5809 5809 5808 5802 5800
6364 6344 6330 6312 6296 6283 6297 6379 6475 6542 6474 6414 6372 6342 6351 6382 6574 6643 6558 6452 6323 6192 6234 6354 6402 6196 6144 6116 6090 6086 6093 6085 6068 6039 6006 5974 5940 5910 5879 5886 5889 5871 5879 5867 5862 5857 5844 5823 5791 5754 5726 5722 5699 5719 5752 5760 5747 5757 5781 5767 5761 5757 5761 5760 5756 5763 5778 5781 5780 5779 5772 5767 5765 5744 5741 5758 5773 5782 5786 5787 5794 5794 5793 5790
6366 6378 6340 6310 6290 6279 6295 6377 6481 6534 6517 6453 6404 6373 6348 6342 6418 6456 6446 6407 6361 6271 6242 6267 6196 6150 6151 6164 6181 6187 6184 6142 6106 6059 6014 5968 5925 5887 5873 5867 5870 5853 5853 5852 5835 5832 5831 5816 5782 5747 5712 5686 5691 5703 5729 5740 5725 5734 5748 5761 5772 5773 5763 5761 5830 5785 5779 5767 5770 5771 5754 5747 5732 5728 5735 5748 5760 5769 5775 5779 5788 5783 5776 5769
6337 6339 6331 6312 6289 6279 6297 6360 6441 6509 6560 6510 6434 6413 6356 6325 6313 6309 6335 6354 6388 6369 6238 6169 6104 6119 6167 6228 6315 6384 6295 6222 6146 6088 6031 5975 5920 5869 5843 5856 5878 5874 5843 5833 5825 5817 5808 5801 5783 5743 5704 5689 5710 5705 5710 5715 5752 5730 5736 5756 5774 5766 5771 5802 5791 5790 5782 5762 5760 5762 5755 5742 5734 5742 5747 5751 5757 5761 5768 5779 5787 5798 5775 5759
6300 6313 6321 6310 6296 6286 6290 6337 6402 6471 6508 6457 6353 6338 6350 6329 6278 6246 6257 6269 6266 6198 6183 6136 6100 6123 6193 6270 6363 6418 6345 6266 6177 6115 6051 5985 5922 5864 5833 5844 5856 5869 5840 5830 5820 5802 5782 5780 5776 5742 5703 5689 5699 5705 5709 5713 5721 5737 5744 5753 5756 5778 5773 5762 5775 5780 5773 5761 5758 5766 5756 5752 5754 5759 5754 5758 5760 5756 5748 5752 5764 5765 5773 5768
6285 6300 6314 6308 6300 6294 6293 6319 6352 6361 6378 6391 6366 6389 6386 6351 6289 6240 6214 6204 6186 6185 6173 6144 6111 6136 6208 6276 6324 6340 6317 6282 6203 6143 6073 6003 5934 5873 5838 5838 5844 5844 5852 5832 5819 5800 5781 5774 5765 5756 5712 5694 5702 5707 5713 5720 5726 5738 5751 5759 5759 5763 5761 5756 5761 5765 5761 5762 5760 5748 5749 5761 5762 5766 5780 5782 5764 5755 5750 5749 5752 5756 5764 5768
6289 6290 6298 6307 6311 6312 6309 6325 6339 6329 6325 6406 6490 6510 6484 6453 6400 6246 6187 6171 6173 6213 6193 6179 6131 6172 6256 6308 6314 6246 6314 6306 6234 6170 6104 6034 5962 5896 5856 5847 5843 5850 5848 5836 5817 5801 5788 5784 5783 5766 5720 5701 5696 5713 5721 5728 5738 5745 5759 5772 5789 5758 5756 5754 5759 5765 5758 5767 5770 5759 5764 5756 5751 5756 5763 5759 5758 5752 5747 5746 5746 5754 5757 5760
6294 6288 6293 6306 6320 6340 6378 6404 6366 6343 6345 6467 6591 6599 6570 6511 6401 6258 6179 6164 6173 6197 6196 6196 6202 6293 6340 6370 6404 6477 6417 6342 6268 6207 6144 6080 6007 5933 5891 5878 5867 5858 5858 5851 5828 5805 5793 5804 5804 5785 5733 5715 5716 5723 5732 5742 5748 5752 5767 5778 5775 5763 5761 5763 5761 5764 5770 5762 5755 5755 5753 5748 5749 5751 5753 5753 5752 5750 5746 5745 5744 5745 5752 5759
6278 6284 6296 6301 6315 6335 6364 6373 6386 6394 6427 6543 6622 6624 6609 6558 6435 6260 6177 6166 6171 6177 6186 6202 6288 6419 6419 6416 6434 6474 6413 6328 6277 6236 6192 6144 6084 6000 5949 5921 5903 5880 5881 5872 5841 5814 5811 5825 5815 5778 5749 5731 5728 5734 5743 5753 5761 5766 5776 5786 5784 5762 5759 5761 5763 5760 5753 5752 5747 5757 5758 5755 5749 5749 5750 5749 5749 5747 5749 5746 5746 5744 5749 5757
6257 6269 6280 6291 6302 6314 6323 6341 6401 6475 6568 6636 6685 6627 6622 6493 6367 6251 6189 6173 6176 6174 6181 6204 6326 6456 6435 6404 6377 6353 6310 6278 6272 6256 6240 6218 6182 6141 6044 5964 5936 5917 5905 5899 5870 5834 5818 5821 5820 5783 5757 5744 5741 5747 5755 5761 5766 5771 5785 5794 5787 5774 5764 5766 5775 5758 5753 5756 5766 5766 5756 5750 5746 5748 5747 5745 5743 5743 5743 5745 5747 5745 5745 5748
6248 6261 6274 6286 6297 6306 6312 6329 6409 6513 6614 6675 6698 6604 6516 6344 6258 6227 6200 6186 6185 6189 6196 6220 6322 6366 6399 6361 6309 6234 6200 6225 6254 6269 6282 6292 6279 6217 6126 6008 5967 5948 5944 5912 5877 5841 5818 5805 5789 5780 5765 5744 5755 5761 5767 5778 5776 5779 5794 5812 5818 5792 5775 5765 5761 5758 5753 5761 5777 5757 5752 5749 5763 5751 5746 5741 5740 5739 5740 5744 5748 5745 5745 5739
6245 6256 6273 6291 6306 6322 6335 6355 6406 6476 6588 6638 6611 6492 6403 6294 6239 6222 6208 6198 6202 6225 6247 6286 6347 6406 6357 6317 6260 6191 6163 6198 6238 6269 6310 6354 6410 6388 6236 6091 6021 5991 5971 5911 5876 5844 5829 5818 5802 5789 5775 5763 5770 5778 5782 5782 5787 5793 5798 5805 5804 5787 5764 5759 5760 5765 5771 5775 5763 5749 5746 5749 5752 5750 5744 5741 5738 5738 5740 5741 5745 5743 5744 5738
