real_craters/C173-300m.grd
DSAA
443 443
-66.29 66.29
-66.29 66.29
5260.0995286345 7441.6613139228
[rows 330 to 359 of 443, columns 0 to 66 of 443]
6437.1 6436.12 6434.22 6431.94 6433.15 6433.71 6433.19 6431.55 6429.64 6427.22 6424.49 6422.48 6421.27 6420.82 6421.45 6422.64 6425.03 6427.33 6429.33 6431.49 6433.64 6430.7 6429.07 6427.49 6425.91 6424.1 6422.27 6420.41 6419.27 6420.85 6416.47 6412.87 6410.04 6407.36 6408.99 6410.51 6412.28 6414.64 6418.55 6425.73 6432.91 6440.31 6447.9 6455.55 6463.45 6471.28 6479.66 6488.23 6498.44 6512.2 6522.38 6532.33 6542.72 6553.51 6563.75 6574.14 6583.74 6592.35 6602.89 6619.15 6636.62 6653.22 6667.97 6676.02 6668.12 6671.87 6668.77
6438.49 6438.59 6439.04 6439.95 6439.22 6437.09 6435.16 6433.22 6431.3 6429.05 6426.33 6422.86 6420.24 6423.03 6425.24 6427.5 6428.54 6430.02 6431.08 6431.85 6432.41 6431.69 6430.55 6429.35 6427.77 6425.97 6424.36 6422.34 6420.53 6418.03 6415.2 6411.78 6407.64 6404.27 6406.56 6408.34 6410.09 6412.35 6416.1 6421.53 6426.3 6435.26 6446.27 6455.22 6463.49 6471.54 6478.83 6486.36 6493.1 6499.62 6515.17 6529.37 6541.85 6553.1 6563.77 6573.85 6583.07 6591.33 6601.14 6617.11 6634.55 6650.79 6665.47 6677.94 6681.88 6675.11 6670.52
6439.65 6440.86 6442.63 6445.98 6443.35 6439.54 6437.02 6435.26 6433.67 6431.96 6430.05 6428.01 6427.06 6429.01 6430.38 6429.95 6432.35 6433.79 6433.3 6431.79 6431.63 6432.54 6432.19 6431.1 6429.9 6428 6426.07 6423.73 6421.14 6418.06 6414.92 6411.79 6409.09 6407.48 6407.14 6407.78 6409.14 6411.33 6415.63 6421.95 6428.17 6438.11 6448.06 6456.22 6463.82 6471.88 6479.51 6486.55 6492.18 6497.78 6513.59 6528.64 6541.92 6554.26 6565.29 6575.18 6584.6 6592.98 6602.04 6617.25 6633.8 6648 6659.54 6667.86 6674.98 6672.37 6670.14
6441.24 6442.12 6443.01 6442.79 6441.09 6439.81 6438.71 6437.54 6436.61 6435.7 6434.96 6434.92 6436.24 6436.27 6437.69 6440.72 6441.28 6439.24 6437.18 6433.93 6433.66 6435.13 6434.91 6433.81 6431.91 6429.89 6427.94 6425.35 6422.36 6418.72 6415.31 6412.99 6410.6 6410.71 6407.86 6407.87 6409.44 6411.51 6416.06 6424.87 6437.21 6447.59 6450.57 6456.98 6465.19 6473.71 6481.97 6489.99 6497.7 6507.3 6519.17 6531.66 6544.64 6556.87 6568.15 6578.78 6588.87 6598.79 6609.21 6623.36 6635.59 6646.45 6654.95 6659.47 6661.36 6665.22 6668.21
6441.61 6443.01 6443.12 6440.75 6439.07 6440.12 6440.18 6440.11 6439.99 6439.84 6439.94 6440.55 6440.99 6442.53 6443.59 6445.71 6445.81 6444.42 6443.39 6440.27 6439.92 6439.61 6438.4 6436.62 6434.77 6432.42 6429.8 6426.99 6424.34 6421.81 6419.23 6414.74 6410.44 6405.76 6405.99 6407.99 6410.81 6415.6 6419.75 6425.49 6434 6442.21 6448.49 6456.84 6466.42 6476.22 6486.21 6495.63 6505.09 6515 6526.95 6538.03 6549.58 6560.4 6571.48 6582.1 6593.35 6605.24 6620.5 6630.79 6638.03 6646.18 6653.16 6657.66 6657.66 6661.71 6667.57
6443.12 6444.28 6445.18 6444.74 6442.24 6442.11 6442.84 6443.32 6443.39 6443.58 6444.11 6445.42 6447.96 6447.26 6446.35 6445.93 6446.03 6447.9 6450.44 6454.15 6449.43 6445.43 6442.43 6439.77 6437.13 6434.49 6431.6 6428.87 6426.21 6423.94 6422.09 6415.97 6411.2 6407.28 6406.94 6408.69 6411.65 6415.82 6419.9 6423.69 6427.68 6432.44 6444.07 6455.91 6467.48 6478.92 6490.68 6502.32 6514.03 6524.86 6535.14 6545.18 6555.24 6565.68 6575.28 6586.12 6596.82 6607.6 6618.6 6628.31 6638.26 6646.84 6653.6 6658.04 6660.36 6664.93 6669.56
6443.96 6445.7 6447.9 6449.92 6443.05 6445.67 6446.9 6446.89 6447.13 6447.29 6447.6 6448.03 6448.02 6447.86 6447.62 6446.55 6446.31 6450.12 6454 6457.03 6453.62 6449.32 6445.62 6442.67 6439.78 6436.86 6433.98 6430.8 6427.77 6424.13 6418.96 6416.04 6412.6 6410.86 6409.72 6409.27 6411.78 6416.02 6418.87 6421.99 6425.32 6430.43 6442.49 6456.07 6468.81 6481.94 6495.26 6508.76 6522.92 6534.07 6542.88 6551.95 6560.57 6570.26 6580.47 6590.25 6600.37 6609.53 6618.28 6627.15 6638.9 6648.6 6655.81 6661.3 6667.77 6672.48 6671.91
6444.59 6446.33 6448.7 6451.4 6451.91 6452.68 6451.33 6450.75 6450.58 6450.44 6450.3 6450.24 6449.92 6449.56 6449.32 6448.89 6450.05 6451.8 6454.65 6456.33 6454.37 6451.06 6447.72 6445.13 6442.28 6439.41 6436.45 6433.24 6429.59 6425.66 6420.94 6417.52 6413.58 6410.21 6407.87 6408.21 6411 6414.91 6417.74 6421.31 6426.63 6433.22 6445.78 6457.43 6470.25 6484.26 6499.3 6513.88 6528.28 6539.79 6548.7 6557.23 6565.77 6574.81 6584.75 6594.09 6603.65 6612.16 6620.84 6629.78 6641.12 6651 6658.69 6664.03 6668.55 6673 6669.38
6445.06 6446.45 6447.98 6452.19 6462.12 6457.07 6454.62 6454.03 6453.66 6453.34 6453.01 6452.64 6452.46 6452.22 6451.2 6450.68 6450.47 6451.91 6453.72 6455.15 6453.59 6451.61 6449.39 6447.02 6444.43 6441.3 6438.47 6435.42 6432.09 6428.48 6425.55 6420.51 6415.59 6409.85 6404.5 6407.25 6409.36 6413.35 6415.52 6420.07 6427.67 6441.89 6448.32 6457.76 6471.13 6486.59 6502.52 6518.04 6531.33 6543.67 6553.17 6561.68 6570.07 6578.96 6588.09 6597.05 6605.91 6615.25 6624.2 6633.42 6644.21 6654.06 6662.16 6667.07 6668.04 6668.64 6660.84
6445.21 6446.29 6446.5 6447.35 6449.73 6454.05 6456.2 6456.46 6456.5 6456.13 6455.54 6454.78 6454.15 6453.58 6452.54 6452.21 6451.8 6451.98 6451.57 6451.54 6452.27 6451.73 6450.12 6448.01 6445.48 6443.04 6440.61 6438.01 6434.91 6431.37 6426.34 6422.97 6420.16 6416.08 6413.45 6409.99 6407.07 6406.84 6412.28 6417.58 6423.53 6429.44 6439.83 6454.82 6470.89 6488.08 6505.52 6523 6538.99 6549.05 6557.52 6565.83 6573.89 6582.43 6591.46 6600.19 6609.05 6617.85 6626.52 6636.25 6646.06 6656.51 6665.65 6672.18 6674.67 6670.73 6648.08
6446.03 6447.4 6448.64 6450.29 6452.35 6456.32 6459.28 6459.73 6459.59 6459.1 6458.37 6457.14 6455.17 6452.78 6453.85 6454.73 6454.8 6453.83 6451.66 6450.96 6451.99 6451.91 6451.19 6449.52 6447.79 6445.62 6443.57 6440.85 6438.11 6435.48 6433.13 6430.45 6426.6 6423.81 6420.3 6416.14 6409.62 6407.23 6412.04 6416.76 6420.8 6424.82 6435.03 6452.52 6470.54 6488.94 6507.38 6526.17 6543.71 6552.47 6560.02 6567.82 6575.63 6583.52 6592.11 6600.67 6609.7 6619.03 6626.7 6634.33 6645.22 6656.69 6666.61 6674.95 6679.57 6670.5 6626.3
6446.97 6449.63 6452.18 6455.5 6459.63 6462.74 6463.67 6463.22 6462.76 6462.17 6461.41 6460.39 6458.8 6456.74 6457.86 6458.35 6458.37 6456.82 6454.67 6453.59 6453.75 6453.42 6452.59 6451.58 6449.89 6447.95 6445.88 6443.72 6441.54 6439.5 6438.38 6436.49 6431.04 6429.36 6433.13 6423.65 6416.43 6414.49 6416.7 6419.42 6422.14 6425.99 6435.45 6452.28 6470.84 6489.41 6507.69 6525.44 6540.33 6551.84 6560.17 6567.89 6575.65 6583.03 6591.68 6600.78 6609.74 6619.16 6627.01 6634.19 6643.96 6653.85 6661.7 6668.59 6672.7 6638.4 6591.12
6449.3 6452.19 6455.6 6459.89 6465.06 6468.09 6467.5 6466.24 6465.65 6465.11 6464.67 6464.38 6464.52 6465.25 6464.41 6462.31 6460.14 6458.1 6456.78 6456.52 6456.52 6455.83 6455.29 6453.96 6452.83 6451.01 6449.04 6446.5 6444.61 6442.15 6439.33 6434.25 6431.37 6427.42 6424.86 6423.1 6423.69 6424.36 6424.34 6424.7 6426.36 6430.06 6438.56 6454.48 6471.99 6490.02 6507.79 6523.95 6537.63 6550.27 6558.62 6566.34 6573.99 6581.8 6589.98 6598.96 6608.07 6618.03 6627.38 6636.27 6644.17 6648.59 6649.45 6648 6641.95 6599.93 6556.94
6450.53 6453.75 6457.79 6462.2 6466.86 6469.69 6469.34 6468.34 6467.57 6467.13 6467.07 6467.49 6468.67 6470.84 6469.2 6465.66 6462.32 6460.11 6461.19 6460.61 6459.75 6458.97 6458.2 6456.98 6455.07 6452.86 6451.06 6449.07 6446.9 6444.39 6441.55 6439.28 6431.38 6423.29 6413.37 6419.02 6437.8 6437.06 6431.98 6430.23 6431.37 6435.75 6444.39 6457.94 6474.14 6491.45 6509.63 6524.06 6536.44 6548.64 6555.83 6563.52 6570.65 6578.1 6586.14 6593.95 6603.05 6613.8 6625.44 6638.27 6644.57 6639.77 6630.01 6617.46 6596.37 6562.26 6535.38
6450.81 6454.5 6458.27 6462.7 6466.74 6469.19 6469.89 6468.95 6468.43 6468.3 6468.56 6469.11 6470.1 6470.61 6469.53 6467.86 6466.77 6468.16 6466.14 6464.82 6463.05 6461.76 6459.79 6458.43 6457.08 6456.25 6454.5 6452.44 6450.16 6447.17 6443.45 6438.31 6432.52 6425.13 6416.63 6420.89 6438.62 6439.36 6435.21 6433.63 6435.11 6440.11 6449.45 6460.29 6474.71 6492.22 6512.07 6529.37 6540.65 6546.63 6552.25 6557.96 6564.23 6570.87 6578.23 6585.57 6594.65 6605.02 6616.79 6632.7 6640.73 6624.16 6605.96 6587.65 6564.59 6540.14 6523.22
6451.02 6454.71 6458.34 6462.35 6466.16 6469.56 6469.27 6468.33 6468.21 6468.55 6469.15 6469.69 6470.49 6470.49 6470.12 6469 6467.81 6466.19 6470.3 6467.35 6465.17 6463.45 6462.11 6461.69 6460.5 6459.04 6456.78 6455.21 6453.1 6450.49 6446.47 6440.78 6437.21 6433.34 6430.37 6429.95 6427.36 6433.33 6434.14 6434.31 6436.18 6440.6 6448.62 6458.47 6472.19 6490.32 6511.12 6534.44 6542.05 6543.3 6545.85 6550.1 6555.43 6561.46 6567.86 6574.84 6582.38 6590.29 6598.49 6607.09 6610.12 6593.68 6578.19 6560.87 6540.13 6520.03 6508.27
6451.92 6454.65 6457.54 6460.23 6463.37 6466.62 6466.18 6466.02 6467.02 6467.97 6469.01 6469.87 6470.62 6470.75 6470.31 6469.08 6468.3 6469.66 6468.08 6467.89 6467.09 6465.38 6464 6462.69 6461.78 6460.67 6460.38 6458.85 6456.73 6454.27 6451.89 6448.92 6445.34 6442.79 6442.92 6443.78 6434.88 6432.23 6432.33 6433.13 6435.12 6438.65 6443.97 6453.39 6465.99 6481.97 6500.57 6520.43 6528.8 6532.53 6536.42 6540.21 6545.37 6551.12 6556.59 6562.28 6567.77 6572.2 6574.62 6570.27 6556.61 6559.01 6551.05 6537.63 6521.01 6506.49 6500.8
6451.39 6453.92 6456.24 6457.95 6458.95 6458.73 6460.65 6463.21 6465.37 6467.32 6468.75 6469.89 6470.68 6470.3 6468.97 6469.84 6468.15 6464.87 6466.52 6468.51 6468.81 6467.73 6466.7 6465.94 6464.46 6463.3 6462.97 6461.96 6460.86 6460.22 6458.88 6456.43 6453.38 6449.28 6445.67 6442.66 6435.1 6431.85 6431.31 6432.03 6433.31 6435.84 6440.64 6447.77 6457.34 6469.99 6482.73 6493.63 6506.9 6516.23 6523.02 6529.15 6534.8 6540.49 6543.45 6549.76 6553.29 6554.77 6553.94 6548.93 6543.42 6537.59 6529.98 6519.72 6507.55 6499.17 6511.58
6452.07 6454.15 6455.64 6456.53 6456.45 6455.38 6457.6 6461.08 6464.28 6466.42 6468.09 6469.74 6471.07 6472.69 6475.2 6472.19 6469.35 6467.33 6469.35 6470.9 6470.51 6469.82 6468.87 6467.42 6467.09 6466.34 6465.39 6464.93 6464.32 6464.01 6463.93 6465.58 6463.28 6451.83 6442.58 6432.01 6429.88 6429.97 6430.49 6431.6 6432.64 6433.85 6435.28 6439.9 6449.42 6458.47 6466.29 6474.33 6487.35 6499.43 6508.67 6516.35 6523.02 6528.16 6532.88 6536.02 6538.24 6538.48 6536.36 6531.72 6526.49 6521.38 6514.58 6507.28 6500.14 6496.61 6505.18
6451.68 6454.03 6455.62 6456.43 6456.69 6456.8 6458.4 6461.39 6464.21 6466.15 6467.91 6468.95 6470.45 6471.84 6472.81 6472.54 6471.93 6472.43 6476.34 6473.89 6471.89 6470.56 6470 6468.93 6468.68 6468.03 6467.76 6467.16 6466.83 6466.46 6465.83 6464.24 6458.94 6450.66 6441.02 6431.07 6429.41 6429.54 6430.79 6431.69 6433.02 6433.95 6434.97 6437.92 6444.41 6449.7 6453.73 6459.3 6472.81 6485.63 6495.73 6504.24 6511.19 6516.55 6521.03 6523.63 6524.74 6523.72 6520.63 6515.65 6511.74 6506.4 6501.95 6498.66 6495.8 6496.55 6499.03
6451.62 6454.53 6456.2 6457.21 6458.24 6459.01 6460.53 6463.18 6464.99 6466.69 6467.65 6468.52 6469.38 6470.05 6470.48 6472.27 6474.74 6473.95 6476.79 6474.67 6472.09 6470.42 6469.29 6468.49 6468.46 6467.83 6468.33 6468.35 6468.2 6467.46 6466.17 6462.36 6454.99 6450.74 6443.2 6434.8 6432.14 6431.72 6431.93 6432.47 6434.04 6435.78 6438.63 6442.72 6443.01 6444.71 6447.24 6452.76 6463.27 6475.11 6484.89 6493.29 6500.09 6505.72 6509.52 6511.57 6511.98 6510.43 6506.97 6500.78 6494.32 6490.45 6490.67 6490.91 6491.85 6495.79 6499.01
6451.22 6453.37 6455.64 6457.95 6460.54 6463.3 6465.43 6466.33 6466.37 6466.13 6467.11 6467.7 6468.13 6468.86 6469.9 6472.8 6476.83 6484.91 6474.98 6472.81 6471.08 6469.75 6469.03 6468.99 6468.75 6468.39 6468.6 6468.51 6468.7 6469.11 6468.72 6466.23 6460.43 6456.87 6449.89 6440.38 6437.66 6435.71 6435.83 6435.73 6435.9 6437.06 6439.73 6441.42 6441.29 6441.57 6443.11 6448.31 6457.5 6467.1 6476.38 6483.73 6489.87 6494.57 6497.5 6500.01 6499.4 6498.6 6495.65 6489.7 6484.19 6481.12 6482.56 6485.01 6486.83 6491.88 6494.76
6450.35 6452.31 6455.08 6458.53 6462.51 6467.49 6471.67 6469.33 6467.8 6466.62 6466.08 6467.08 6466.97 6467.25 6468.91 6470.66 6472.84 6472.14 6470.93 6469.55 6469.37 6469.12 6468.94 6469.02 6469.09 6469.03 6469.45 6470.09 6470.9 6471.93 6472.98 6474.59 6472.9 6469.45 6459.79 6454.43 6443.46 6441.44 6441.11 6440.97 6440.34 6439.63 6438.97 6439.54 6438.83 6439.89 6441.35 6446.04 6453.73 6461.31 6467.62 6473.96 6478.86 6483.12 6485.76 6487.18 6487.44 6486.31 6485.89 6481.75 6477.51 6475.48 6477.56 6480.64 6481.43 6482.39 6483.04
6450.4 6451.46 6454.87 6458.96 6463.18 6467.69 6471.61 6468.69 6466.95 6465.39 6464.61 6464.33 6465.65 6465.25 6464.01 6464.76 6469.46 6470.67 6466.49 6466.8 6467.06 6467.01 6467.34 6466.7 6466.93 6467.31 6468.63 6469.23 6470.37 6471.65 6473.94 6479.7 6493.63 6478.89 6461.34 6450.31 6446.34 6448.45 6448.77 6448.05 6446.1 6443.06 6439.83 6435.99 6437.15 6440.05 6441.91 6446.22 6451.36 6456.4 6460.95 6465.03 6467.96 6470.76 6472.28 6477.26 6478.24 6477.96 6476.93 6474.67 6473.44 6472.52 6476.2 6479.04 6480.43 6479.38 6480.55
6452.29 6451.93 6456.13 6460.09 6463.32 6465.75 6465.49 6465.62 6464.33 6462.78 6462.31 6462.92 6463.12 6463.27 6462.91 6464.51 6468.39 6469.76 6466.89 6465.35 6464.72 6464.4 6464.1 6463.99 6464.75 6465.88 6465.62 6466.22 6466.54 6467.4 6469.83 6471.28 6469.34 6462.93 6455.21 6450.92 6458.74 6457.92 6458.24 6456.93 6453.05 6448.56 6443.11 6439.19 6439.52 6443.4 6447.46 6449.53 6451.74 6454.51 6457.28 6459.35 6461.54 6463.64 6465.27 6466.75 6468.41 6469.66 6471.24 6472.86 6473.29 6474.41 6480.27 6486.24 6486.52 6483.56 6482.7
6458.03 6458.12 6460.45 6462.9 6464.45 6465.02 6466.02 6462.91 6461.06 6460.08 6460.22 6460.77 6462.48 6463.11 6463.72 6465.38 6467.23 6467.67 6465.67 6464.17 6463.58 6463.32 6462.6 6462.48 6462.35 6462.77 6462.02 6462.39 6462.95 6462.31 6462.95 6460.96 6455.3 6451.13 6451.34 6453.45 6458.8 6467.41 6470.43 6468.3 6462.48 6455.16 6448.41 6443.22 6442.45 6447.17 6454.03 6453.12 6453.12 6454.21 6455.59 6457.18 6458.08 6459.7 6461.33 6461.23 6463 6465.29 6468.66 6471.99 6476.45 6481.45 6491.27 6500.75 6502.85 6496.84 6493.31
6466.1 6466.04 6467.9 6468.91 6467.67 6464.43 6460.14 6456.78 6456 6456.92 6457.74 6459.33 6461.06 6463.7 6465.17 6466.35 6466.41 6465.73 6463.85 6462.42 6461.7 6461.18 6461.02 6459.97 6459.64 6459.5 6459.32 6457.84 6457.91 6457.69 6457.55 6455.62 6451.34 6449.01 6453.77 6461.74 6468.72 6484.54 6487.22 6481.84 6473.31 6463.01 6453.25 6444.98 6442.7 6447.67 6452.39 6453.13 6452.96 6453.12 6453.5 6454.41 6455.32 6456.65 6459.35 6459.7 6461.6 6464.53 6468.57 6474.22 6481.76 6492.96 6508.3 6523.58 6533.25 6532.04 6535.98
6476.58 6476.85 6479.69 6479.17 6474.59 6467.07 6457.68 6452.36 6452.64 6454.78 6456.45 6458.6 6461.27 6464.94 6466.88 6467.99 6468.4 6466.45 6463.71 6461.74 6460.72 6460.64 6458.79 6458.46 6456.65 6455.98 6455.17 6454.32 6454.09 6453.09 6453.13 6453.24 6454.95 6458.91 6458.09 6476.57 6507.8 6515.46 6508.24 6496.83 6483.41 6470.07 6457.54 6447.46 6443.71 6447.63 6452.2 6452.01 6452 6451.44 6451.2 6452.29 6452.96 6454.44 6455.85 6457.54 6459.94 6463.39 6468.37 6475.41 6485.29 6502.94 6524.19 6548.19 6571.83 6590.69 6593.08
6495.04 6496.99 6499.59 6495.35 6486.44 6474.46 6461.51 6453.18 6451.78 6453.7 6455.51 6457.87 6461.01 6464.69 6469 6473.59 6468.75 6467.36 6463.6 6460.3 6459.65 6459.48 6459.12 6459.07 6456.24 6455.63 6455 6452.94 6450.93 6450.47 6450.64 6451.94 6454.66 6457.62 6460.42 6488.79 6533.06 6539.89 6524.59 6507.64 6490.77 6474.82 6460.35 6448.35 6441.74 6447.3 6451.33 6450.51 6450.36 6449.47 6450.07 6450.05 6451.13 6452.25 6453.35 6455.08 6457.89 6461.07 6465.92 6473.09 6483.18 6500.67 6527.13 6564.71 6604.61 6627.06 6609.29
6539.98 6535.87 6529.15 6517.65 6502.51 6485.48 6468.87 6456.8 6453.48 6453.87 6455.1 6457.29 6460.5 6464.73 6469.88 6478.41 6483.66 6471.4 6464.81 6461.11 6459.29 6459.28 6458.97 6458.91 6456.96 6454.3 6454.03 6450.21 6449.82 6448.97 6449.04 6450.17 6452.62 6457.88 6463.02 6492.86 6529.49 6542.09 6530.91 6512.67 6494.25 6477.3 6462.05 6449.62 6441.66 6447.67 6450.11 6448.11 6446.57 6447.12 6446.76 6447.15 6447.52 6448.13 6448.73 6450.81 6454.42 6455.97 6461.56 6467.71 6475.13 6488.45 6515.14 6564.96 6622.24 6657.91 6597.06
