real_craters/C173-300m.grd
DSAA
443 443
-66.29 66.29
-66.29 66.29
5260.0995286345 7441.6613139228
[rows 0 to 29 of 443, columns 67 to 133 of 443]
5739.63 5744.52 5749.39 5754.41 5758.42 5762.91 5767.08 5771.13 5775 5779.17 5782.23 5784.01 5786.5 5789.9 5794.89 5807.68 5821.14 5833.95 5845.89 5857.23 5867.07 5877.62 5892.08 5907.86 5925.14 5949.8 5947.64 5945.78 5949.95 5951.16 5950.65 5953.76 5950.88 5942.03 5934.06 5936.82 5938.08 5936.53 5933.33 5929.41 5925.29 5921.18 5918.53 5918.21 5918.71 5919.35 5923.1 5925.94 5928.81 5931.51 5934.08 5935.65 5935.99 5940.63 5947.3 5951.3 5953.73 5955.07 5955.47 5957.54 5966.08 5977.3 5991.38 6004.06 6016.77 6031.31 6045.5
5748.44 5754.29 5759.52 5763.64 5769.56 5774.73 5778.83 5782.86 5785.69 5787.91 5789.68 5790.82 5792.51 5795.37 5800.38 5810.3 5823.77 5835.97 5847.3 5857.85 5867.85 5878.18 5890.79 5904.31 5917.02 5923.46 5935.78 5939.32 5940.92 5939.37 5944.51 5948.58 5949.28 5946.83 5943.89 5944.72 5945.09 5943.03 5939.81 5935.94 5932.38 5929.27 5926.73 5925.19 5926.09 5929.05 5930.36 5932.79 5935.79 5939.25 5942.93 5946.98 5951.82 5957.2 5959.1 5960.1 5960.81 5961.19 5961.06 5961.29 5970.57 5982.07 5996.91 6009.37 6022.52 6036.47 6050.9
5758.64 5765.81 5772.08 5778.27 5783.61 5788.76 5793.55 5796.69 5798.18 5798.2 5798.21 5799.05 5800.57 5803.28 5808.14 5819.47 5829.91 5839.86 5850.16 5860.06 5869.58 5879.32 5890.07 5900.85 5910.09 5917.76 5924.76 5929.41 5930.68 5930.94 5938.83 5946.59 5952.2 5954.64 5956.41 5956.37 5954.33 5950.88 5946.97 5942.92 5939.11 5936.14 5934.38 5934.22 5935.5 5935.38 5936.75 5939.18 5942.64 5946.81 5951.74 5958.08 5966.69 5972.69 5970.38 5969.08 5968.85 5969.29 5969.97 5970.95 5980.87 5990.85 6004.3 6016.09 6028.08 6041.54 6055.83
5770.97 5779.42 5786.09 5792.59 5798.28 5805.77 5811.99 5815.15 5814.5 5811.25 5808.27 5809.04 5810.62 5813.76 5818.73 5827.19 5835.8 5845.15 5854.63 5863.6 5872.26 5881.3 5890.3 5898.88 5906.66 5913.41 5918.56 5921.75 5922.97 5925.74 5935 5945.08 5954.38 5960.94 5967.49 5968.37 5963.8 5958.39 5953.23 5948.87 5945.1 5942.17 5940.32 5939.65 5939.71 5939.33 5941.62 5944.69 5948.21 5952.69 5958.14 5964.77 5972.37 5977.77 5977.08 5976.37 5976.88 5978.45 5980.93 5983.91 5992.47 6001.33 6012.08 6021.49 6033.03 6045.12 6059.15
5785.74 5796.13 5802.89 5805.28 5813.2 5827.32 5836.19 5838.81 5835.63 5828.65 5822.79 5820.97 5822.59 5826.35 5830.67 5834.56 5841.97 5852 5860.52 5868.14 5875.39 5882.85 5890.33 5897.99 5905.06 5910.57 5915.06 5917.52 5919.05 5922.44 5933.33 5942.26 5950.09 5963.85 5977.6 5979.2 5970.67 5963.89 5958.61 5954.35 5950.51 5947.06 5944.46 5941.96 5939.29 5942.41 5945.97 5949.67 5953.28 5957.57 5962.62 5968.26 5973.93 5978.14 5979.62 5980.94 5983.11 5986.34 5991.04 5996.32 6006.44 6012.21 6019.1 6027.29 6037.46 6048.06 6060.55
5804.22 5818.1 5827.8 5831.56 5840.54 5858.8 5868.37 5869.69 5863.14 5850.4 5836.55 5834.73 5836.89 5839.17 5841.51 5846.47 5854.09 5861.53 5867.75 5873.34 5878.97 5884.38 5890.58 5898.08 5905.88 5911.65 5913.97 5915.95 5918.32 5923.53 5934.6 5943.64 5951.71 5965.08 5976.84 5977.45 5970.61 5966.01 5962.05 5958.37 5954.7 5951.29 5948.17 5945.24 5943.73 5946.93 5950.31 5953.73 5957.4 5961.34 5965.75 5970.51 5974.21 5976.98 5980.6 5984.08 5987.85 5992.4 5998.29 6005.57 6016.06 6018.2 6024.2 6031.52 6040.58 6050.01 6061.18
5826.13 5845.63 5862.03 5875.51 5889.97 5902.02 5909.51 5908.45 5899.25 5881.76 5857.33 5856.32 5856.39 5854.91 5852.86 5858.32 5867.64 5872.53 5875.4 5878.6 5882.54 5886.96 5892.14 5899.21 5905.21 5910.61 5914.15 5916.16 5918.59 5923.99 5935.47 5947.42 5960.1 5965.67 5964.99 5963.13 5965.71 5966.03 5964.38 5961.55 5957.95 5954.42 5951.44 5949.1 5949.34 5953.34 5955.48 5958.45 5961.92 5965.1 5968.54 5972.05 5975.09 5977.89 5982.11 5987.09 5991.96 5996.93 6000.37 6004.64 6008.84 6018.38 6026.43 6034.63 6043.18 6051.83 6060.55
5848.81 5875.69 5900.77 5920.58 5935.28 5951.92 5957.23 5953.03 5943.09 5928.15 5908.49 5897.53 5883.06 5866.98 5863.7 5870.95 5883.09 5881.87 5881.42 5883.09 5886.09 5890.48 5896.35 5902.84 5908.2 5913.09 5916.31 5917.6 5918.92 5922.77 5934.13 5948.37 5961.6 5965.64 5961.5 5958.31 5964.19 5967.21 5967.24 5965.26 5961.15 5957.53 5954.43 5952.51 5956.47 5958.02 5959.39 5962.09 5965.21 5968.37 5971.65 5974.57 5977.41 5980.37 5984.72 5990.05 5995.54 6000.65 6005.24 6007.05 6011.28 6020.59 6029.55 6037.44 6044.76 6051.97 6059.43
5868.97 5903.88 5940.07 5972.15 5989.65 6010.96 6007.37 5996.53 5987.02 5980.6 5975.6 5955.99 5916.76 5880.59 5872.42 5876.83 5885.53 5885.82 5885.01 5886.03 5889.04 5893.37 5899.62 5908.67 5916.35 5920.53 5921.06 5920.32 5919.96 5921.47 5932.01 5946.9 5960.24 5966.02 5964.82 5963.87 5968.78 5970.98 5970.51 5968.25 5965.13 5961.68 5957.69 5953.73 5953.08 5959.01 5962.76 5965.91 5968.8 5971.44 5974.18 5976.96 5980.18 5984.13 5988.53 5993.44 5998.84 6004.33 6009.4 6012.53 6017.92 6026.9 6034.1 6040.44 6046.54 6052.31 6057.96
5882.83 5924.17 5971.83 6026.23 6078.73 6075.3 6047.67 6026.63 6016.91 6018.78 6030.51 6012.11 5949.8 5899.04 5880.17 5874.99 5881.93 5884.63 5884.93 5886.93 5890.38 5895.16 5901.88 5915.06 5932.56 5929.77 5925.98 5923.25 5921.84 5923.02 5931.93 5944.49 5956.66 5965.14 5970.06 5974.48 5977.76 5977.27 5975.53 5972.7 5969.38 5966.1 5962.32 5958.03 5956.76 5962.52 5967.05 5970.28 5972.62 5974.93 5977.35 5980.11 5983.21 5986.94 5991.29 5996.66 6002.64 6008.76 6014.75 6019.44 6025.93 6034.26 6039.57 6043.98 6049.17 6053.61 6058.07
5887.3 5929.52 5980.2 6043.84 6127.18 6099.5 6054.36 6029.98 6020.77 6024.4 6038.31 6027.87 5965.91 5917.41 5887.14 5870.26 5875.95 5880.19 5883.22 5887.48 5892.11 5897.59 5904.41 5917.07 5930.95 5932.49 5929.13 5925.82 5924 5924.92 5931.07 5940.32 5949.82 5959.95 5972.26 5986.97 5986.45 5982.89 5979.91 5976.92 5973.98 5971.17 5968.52 5966.37 5966.78 5969.51 5973.31 5974.71 5976.12 5977.81 5979.93 5982.76 5985.7 5989.35 5994.11 6000.01 6006.51 6013.18 6018.88 6025.81 6033.22 6039.94 6044.63 6049.23 6053.07 6056.75 6058.02
5881.28 5917.84 5958.43 6001.62 6033.89 6031.3 6014.8 6002.85 5997.48 5996.89 5995.44 5979.28 5950 5919.1 5891.12 5873.12 5869.89 5874.71 5882.53 5889.37 5895.73 5901.56 5907.52 5917.77 5930.38 5932.6 5930.31 5927.43 5925.34 5925.44 5929.17 5934.24 5942.33 5952.35 5968.01 5983.15 5986.85 5984.5 5981.76 5979.76 5977.87 5976.08 5974.98 5974.97 5978.37 5984.56 5980.45 5978.74 5978.9 5980.19 5982.09 5984.93 5988.23 5992.22 5997.06 6003.15 6010.36 6017.55 6023.52 6031.14 6038.95 6044.02 6048.9 6054.35 6059.15 6063.31 6065.9
5866.01 5893.27 5919.28 5936.94 5936.34 5938.87 5952.65 5957.76 5958.18 5954.2 5940.97 5917.8 5916.58 5905.47 5889.89 5879.23 5873.99 5876.51 5885.53 5893.98 5901.79 5908.49 5914.9 5922.23 5930.53 5933.03 5932.14 5929.65 5926.86 5924.59 5923.58 5928.37 5935.92 5946.15 5959.72 5974.46 5981.35 5982.1 5981.82 5981.35 5980.53 5979.84 5979.77 5980.51 5983.17 5985.39 5982.15 5979.97 5979.95 5981.2 5983.83 5986.99 5990.57 5994.74 5999.62 6006.4 6013.88 6021.44 6027.38 6034.89 6042.06 6047.34 6053.05 6059.08 6065.61 6072.13 6079.6
5846.59 5865.99 5878.94 5883.44 5874.62 5875.09 5897.71 5911.98 5917.58 5914.41 5901.71 5884.18 5883.27 5886.45 5885.77 5883.45 5882.34 5884.79 5892.54 5901.42 5910.21 5918.29 5926.68 5933 5934.94 5936.04 5935.76 5933.18 5929.5 5925.33 5922.53 5925 5930.26 5936.53 5949.97 5963.89 5973.04 5977.82 5980.33 5981.31 5981.76 5981.99 5982.58 5984.44 5982.9 5980.72 5978.7 5978.44 5979.66 5982.12 5985.34 5989.02 5993.22 5997.94 6003.65 6010.08 6017.15 6023.52 6030.62 6038.45 6045.82 6051.77 6056.6 6062.26 6070.08 6077.71 6085.71
5830.94 5842.12 5848.6 5847.36 5841.24 5841.57 5859.94 5875.86 5884.51 5885.2 5878.67 5869.41 5869.95 5876.99 5884.3 5890.24 5893.89 5895.24 5901.68 5910.32 5920.02 5929.39 5937.43 5939.95 5939.69 5941.9 5941.54 5938.58 5933.85 5928.6 5923.87 5923.55 5927.33 5932.48 5943.48 5956.09 5966.23 5974.01 5978.36 5980.69 5981.83 5982.87 5983.79 5983.74 5979.71 5973.75 5973.14 5975.64 5979.12 5982.8 5986.91 5991.25 5995.99 6001.04 6006.58 6013.34 6020.55 6026.65 6033.67 6040.84 6047.97 6053.45 6059 6065.77 6072.03 6078.94 6085.22
5820.19 5825.16 5828.23 5826.36 5822.33 5822.08 5837.02 5851.36 5861.19 5866 5865.1 5864.51 5869.16 5876.64 5885.3 5897.24 5906.71 5906.32 5909.43 5918.4 5930.26 5941.82 5948.53 5947.51 5950.63 5953.18 5950.6 5945.78 5939.71 5933.46 5928.34 5925.02 5926.68 5930.79 5940.03 5952.75 5964.24 5971.99 5976.92 5979.79 5981.73 5983.17 5983.87 5982.89 5977.09 5969.18 5969.49 5974.47 5979.54 5984.52 5989.21 5993.86 5998.91 6004.52 6010.54 6017.04 6022.89 6029.51 6036.57 6043.31 6050.45 6056.38 6061.31 6066.73 6072.67 6078.12 6082.96
5811.99 5815.25 5816.76 5815.86 5813.85 5814.02 5824.94 5836.91 5846.79 5853.93 5858.58 5867.26 5871.77 5875.93 5883.91 5895.37 5904.51 5905.04 5910.43 5923.69 5940.11 5957.17 5969.93 5969.66 5972.73 5969.52 5961.95 5954.56 5946.75 5939.26 5931.78 5925.83 5928.04 5930.75 5938.73 5952.17 5964.55 5971.63 5976.16 5979.45 5981.73 5982.81 5983.64 5982.98 5977.73 5972.46 5972.59 5976.71 5981.87 5986.68 5991.48 5996.45 6001.61 6007.43 6013.9 6019.99 6025.19 6031.39 6038.06 6045.05 6052.56 6060 6063.7 6068.45 6072.34 6076.91 6081.34
5806.33 5809.62 5810.52 5810.93 5811.3 5812.86 5820.77 5830.14 5838.78 5846.49 5852.57 5859.98 5864.77 5872.43 5879.58 5888.1 5892.33 5892.72 5907.21 5926.59 5947.73 5971.52 5998.35 6024 6003.66 5987.03 5972.77 5962.69 5954.15 5946.61 5938.63 5932.42 5933.9 5935.07 5940.9 5953.03 5965.34 5971.49 5975.74 5979.35 5981.66 5983 5983.53 5982.58 5980.77 5978.5 5979.21 5981.28 5985.96 5990.55 5995.11 5999.68 6004.49 6009.7 6015.35 6021.04 6026.45 6032.52 6039.02 6045.8 6052.71 6059.41 6064.56 6068.5 6071.46 6075.65 6080.1
5801.52 5804.45 5806.85 5808 5811.49 5815.82 5820.91 5827.06 5834.09 5841.65 5847.91 5855.48 5862.72 5869.12 5875.83 5884.12 5891.12 5896.52 5909.15 5927.88 5949.91 5975.91 6007.59 6036.65 6012.74 5994.08 5978.56 5968.64 5960.74 5954.9 5951 5948.09 5942.19 5942.03 5945.09 5953.85 5963.69 5969.95 5974.81 5979.25 5982.42 5984.01 5984.1 5985.29 5984.99 5982.74 5981.84 5986.69 5990.93 5994.89 5998.91 6003.01 6007.28 6011.63 6016.51 6021.78 6027.04 6032.98 6039.41 6045.72 6051.73 6057.89 6063.3 6067.05 6069.87 6074.3 6078.96
5799.22 5802.18 5804.34 5807.32 5811.94 5816.34 5820.86 5825.74 5831.56 5838.46 5844.6 5852.55 5857.59 5866.25 5874.95 5882.66 5891.22 5898.81 5910.36 5926.86 5946.03 5966.67 5987.26 6000.66 5998.22 5988.36 5977.46 5969.96 5964.6 5961.27 5960.54 5962.54 5951.12 5948.51 5949.47 5954.85 5960.77 5967.42 5974.32 5980.17 5984.55 5987.56 5989.51 5991.22 5991.19 5990.84 5993.69 5994.49 5997.2 6000.29 6003.49 6007.06 6010.36 6013.81 6017.44 6021.69 6027.2 6033.81 6039.99 6045.56 6050.51 6054.99 6059.97 6064.26 6067.06 6071.46 6075.75
5798.93 5801.63 5806.19 5808.89 5812.04 5815.9 5819.97 5825.01 5830.68 5837.02 5842.34 5849.83 5855.16 5865.29 5874.86 5883.07 5890.73 5898.23 5908.84 5924.48 5939.63 5952.24 5960.14 5967.26 5975.39 5975.65 5971.85 5968.5 5965.55 5963.52 5962.19 5959.14 5954.78 5953.63 5954.75 5958.18 5961.23 5967.37 5975.83 5982.46 5987.44 5992.23 5996.82 5997.37 5997.19 5998.22 6000.86 6001.51 6003.48 6006.01 6008.93 6011.97 6014.53 6016.93 6018.95 6021.29 6027.69 6035.27 6040.98 6046.23 6050.25 6053 6056.42 6061.35 6064.1 6069.58 6072.5
5801.17 5806.22 5810.47 5812.95 5815.28 5816.1 5819.33 5825.49 5831.33 5837.01 5841.27 5847.45 5858.34 5867.43 5876.74 5885.88 5895.45 5903.39 5911.58 5924.86 5935.6 5942.35 5943.89 5948.19 5957.3 5963.61 5966.28 5966.1 5965.31 5963.51 5961.37 5958.35 5956.75 5958.37 5961.93 5966.09 5968.77 5974.06 5981.07 5986.46 5990.9 5995.22 5998.65 5999.86 6000.89 6002.6 6004.5 6006.83 6009.14 6011.76 6014.62 6017.06 6019.5 6021.39 6022.83 6024.3 6031.02 6039.41 6046.25 6051.01 6053.45 6054.42 6056.38 6060.08 6062.15 6064.83 6068.27
5807.98 5812.77 5815.99 5818.28 5819.8 5819.57 5821.43 5829.38 5834.47 5839.22 5843.78 5850.13 5859.85 5869.66 5879.41 5889.64 5900.54 5911.17 5920.87 5929.67 5936.51 5940.45 5941.36 5944.02 5949.48 5956.84 5962.58 5964.88 5965.61 5964.5 5961.92 5958.75 5958.09 5962.4 5970.74 5975.31 5979.75 5985.24 5988.76 5991.51 5993.97 5996.68 5999.19 6001.06 6002.88 6005.64 6010.1 6011.85 6013.12 6016.92 6020.39 6023.43 6026.47 6028.66 6030.31 6031.69 6037.89 6047.45 6054.03 6058.06 6059.7 6058.05 6056.16 6062.34 6065.23 6064.32 6066.4
5816.2 5819.45 5822.42 5824.73 5827.18 5829.27 5835.55 5837.14 5839.63 5843.75 5848.59 5856.33 5863.03 5871.96 5882.32 5893.24 5904.67 5916.97 5930.04 5935.83 5940.91 5944.82 5947.88 5948.61 5949.74 5956.46 5962.78 5966.44 5967.85 5967.29 5965.27 5962.25 5960.07 5965.41 5971.96 5979.4 5988.2 5995.4 5996.67 5996.61 5996.46 5996.76 5999.41 6001.69 6004.6 6007.26 6010.24 6013.42 6017.09 6022.62 6027.54 6031.33 6034.95 6037.91 6040.6 6043.7 6048.98 6057.39 6063.4 6067.63 6069.65 6067.9 6063 6071.58 6078.59 6076.7 6070.54
5823.98 5827.44 5830.07 5832.51 5835.08 5837.8 5843.23 5844.44 5845.44 5848.88 5853.78 5861.26 5867.22 5875.44 5885.69 5896.39 5907.66 5920.01 5931.62 5940.79 5946.44 5951.04 5956.14 5956.84 5958.79 5962.94 5967.29 5970.78 5972.98 5973 5971.87 5969.81 5967.97 5970.93 5975 5982.94 5995.08 6003.93 6003.3 6001.3 5999.14 5997.37 5998.44 6003.27 6007.38 6010.19 6011.28 6015.34 6022.16 6029.41 6034.64 6038.81 6042.23 6046.54 6051.43 6057.62 6062.99 6068.52 6072.43 6077.11 6080.93 6083.77 6085.55 6084.96 6092.59 6093.95 6065.75
5833.59 5835.96 5838.61 5840.69 5843 5844.94 5848.07 5849.53 5850.63 5853.78 5858.07 5865.74 5871.83 5879.91 5889.64 5899.7 5910.05 5920.44 5936.59 5946.05 5951.76 5956.5 5960.01 5964.15 5967.85 5971.2 5975.16 5978.53 5980.84 5981.76 5981.85 5981.55 5980.35 5980.36 5985.09 5993.58 6002.41 6008.44 6007.49 6005.36 6003.28 6001.44 6002.74 6007.87 6012.83 6016.78 6020.75 6026.35 6030.24 6037.27 6042.38 6046.56 6050.48 6054.93 6060.43 6068.09 6073.29 6076.21 6079.95 6085.28 6091.11 6096.97 6101.99 6075.96 6041.92 6035.99 6035.35
5844.81 5847.44 5849.57 5850.87 5852 5852.21 5852.53 5854.14 5855.35 5857.54 5860.93 5867.86 5876.39 5885.82 5893.95 5903.44 5913.55 5924.72 5938.86 5949.92 5957.08 5962.91 5967.52 5971.77 5975.22 5979.4 5984.95 5989.75 5992.59 5994.36 5994.71 5994.09 5991.05 5990.67 5998.58 6009.22 6009.59 6009.97 6010.17 6010.07 6008.96 6008.77 6010.69 6015.76 6021.69 6026.75 6030.2 6032.05 6040.84 6047.56 6051.67 6055.11 6058.47 6061.94 6065.86 6070.72 6075.41 6078.95 6083.5 6089.96 6096.11 6099.56 6092.17 6034.11 5968.53 5966.07 6000.91
5858.16 5860.78 5862.67 5863.28 5862.61 5861.31 5861.59 5861.31 5860.55 5862.03 5865.42 5871.85 5880 5888.44 5897.77 5907.49 5917.79 5928.74 5942.14 5954.16 5962.55 5970.15 5976.36 5981.04 5985.51 5990.61 5996.71 6002.48 6007.56 6010.86 6011.48 6010.39 6007.56 6004.58 6007.87 6014.68 6014.78 6014.22 6015.96 6017.22 6017.16 6017.56 6020.44 6026.42 6033.5 6040.04 6046.25 6054.87 6055.63 6059.64 6061.71 6063.56 6064.72 6065.63 6068.51 6070.26 6072.37 6077.91 6083.58 6090.8 6097.17 6099.81 6088.75 6031.02 5961.8 5962.92 5996.82
5874.99 5878.42 5879.46 5878.74 5876.41 5872.2 5869.13 5866.65 5865.9 5867.42 5871.05 5877.52 5884.84 5892.69 5902.14 5911.95 5922.23 5933.55 5946.79 5958.76 5967.09 5977.27 5985.71 5990.86 5996.1 6001.75 6010.47 6018.86 6025.95 6031.11 6033.08 6031.63 6027.01 6022.58 6019.22 6019.32 6021.83 6025.76 6027.57 6027.49 6028.44 6029.37 6033.44 6039.82 6047.12 6055.02 6062.59 6068.63 6070.52 6072.62 6072.93 6071.69 6072.01 6070.5 6070.74 6070.08 6071.08 6077.27 6082.34 6089.25 6095.8 6101.63 6105.81 6092.04 6051.39 6021.46 6023.18
5897.75 5900.19 5901.58 5899.45 5894.59 5886.78 5879.19 5873.71 5872.02 5874.14 5879.08 5884.59 5891.34 5899.96 5908 5916.62 5926.53 5937.62 5948.56 5958.04 5969.9 5981.87 5992.32 6000.63 6007.88 6015.54 6026.91 6038.51 6048.89 6056.89 6060.96 6059.8 6050.94 6046.31 6040.88 6035.89 6037.35 6039.95 6040.96 6041.38 6042.8 6046.54 6049.95 6055.91 6062.75 6070.43 6077.98 6084.95 6085.33 6083.47 6084.4 6081.63 6080.02 6076.95 6074.5 6072.43 6071.22 6075.59 6081.52 6088.43 6095.11 6097.82 6099.79 6096.27 6092.94 6067.47 6053.65
