real_craters/C173-1000m.grd
DSAA
77 77
-37.88 37.88
-37.88 37.88
6827.3816560099 9545.9554221002
[rows 0 to 29 of 77, columns 0 to 66 of 77]
8919.06 8861.17 8831.35 8824.64 8823.3 8818.77 8828.48 8880.87 8867.72 8831.57 8791.34 8745.36 8676.03 8619.79 8623.92 8621.31 8640.62 8676.75 8705.13 8740.23 8806.82 9043.78 9203.1 9211.59 9214.35 9211.86 9210.1 9183.93 9166.11 9142.4 9119.55 9118.54 9113.39 9105.05 9095.69 9089.14 9083.35 9078.6 9071.59 9068.5 9060.41 9061.56 9067.96 9075.21 9084.05 9092.1 9091.54 9070.94 9032.26 8999.2 8973.48 8983.54 9014.29 9024.8 9041.09 9047.06 9041.56 9043.22 9052.54 9052.1 9044.47 9045.64 9030.33 9004.76 9002.61 8981.89 8964.11
8908.51 8857.25 8846.92 8813.22 8793.56 8784.3 8788.79 8814.39 8799.97 8753.93 8705.86 8670.88 8628.38 8612.68 8607.64 8607.4 8623.13 8636.36 8656.53 8675.86 8736.59 9008.8 9160.96 9217.11 9221.41 9209.03 9182.92 9169.1 9159.83 9139.25 9142.87 9130.47 9117.54 9107.91 9101.95 9103.7 9110.56 9099.11 9091.5 9083.42 9074.95 9069.29 9069.19 9074.11 9082.27 9095.19 9097.4 9064.94 9014.31 8967.04 8936.42 8939.2 8949.03 8970.11 8993.17 9012.42 9011.24 9009.97 9000.24 8992.68 9000.9 8997.85 9002.35 9005.1 8990.51 8967.46 8965.92
8950.79 8907.72 8830.28 8788.08 8765.14 8751.54 8760.99 8763.78 8748.88 8706.13 8666.51 8635.33 8613.86 8611.16 8626.66 8615.25 8618.92 8633 8648.48 8650.75 8696.5 8967.22 9194.37 9239.71 9225.34 9211.51 9200.22 9186.58 9162.66 9151.07 9148.61 9139.37 9123.86 9109.37 9104.86 9114.41 9114.13 9112.9 9104.53 9096 9082.39 9072.16 9063.13 9061.12 9066.03 9079.11 9090.47 9039.8 8983 8933.37 8882.2 8848.78 8868.58 8912.71 8949.92 8951.28 8968.4 8978.93 8987.54 8978.32 8975.28 8967.04 8982.67 8997.03 8988.34 8972.91 8972.6
9058.42 8908.13 8807.74 8760.4 8727.24 8700.77 8688.69 8737.81 8710.59 8666.6 8626.63 8616.28 8606.94 8614.59 8606.01 8613.93 8625.36 8640.18 8659.77 8676.74 8680.31 8890.89 9149.15 9207.69 9217.2 9206.33 9183.33 9159.69 9152.48 9149.37 9149.33 9143.63 9134.85 9121.27 9117.8 9132.9 9139.76 9128.04 9107.19 9095.99 9096.33 9062.14 9043.84 9036.19 9031.41 9027.66 8992.79 8968.9 8938.63 8895.13 8844.43 8800.26 8820.48 8857.71 8877.41 8906.63 8933.27 8956.11 8967.86 8982.43 8965.47 8957.59 8970.99 8994.32 8987.42 8955.16 8957.33
9036.16 8909.57 8809.52 8742.45 8695.77 8652.79 8629.59 8649.44 8654.75 8634.02 8615.71 8608.33 8610.02 8618.43 8616.35 8603.11 8621.08 8646.61 8673.6 8693.84 8684.45 8847.59 9124.51 9182.82 9206.46 9201.06 9178.35 9159.04 9146.78 9139.44 9142.2 9143.93 9143.5 9150.14 9157.77 9152.79 9152.13 9132.89 9090.44 9052.92 9038.47 9026 9013.46 9005.06 8993.27 8973.77 8941.37 8920.49 8905.39 8879.53 8852.23 8822.07 8812.34 8834.36 8859.38 8871.05 8911.54 8939.39 8960.79 8966.96 8947.84 8936.99 8952.69 8989.71 8985.4 8938.32 8937.12
9027.49 8898.11 8810.93 8732.61 8675.15 8620.64 8589.31 8604.01 8612.13 8602.97 8587.64 8607.97 8619.72 8619.1 8622.79 8611.16 8616.13 8651.55 8687.62 8707.76 8703.38 8903.69 9164.67 9184.67 9194.68 9197.77 9186.1 9155.05 9149.05 9141.62 9139.63 9141.13 9146.13 9161.6 9176.29 9145.54 9119.05 9087.82 9051.43 9006.83 8981.02 8991.11 8994.12 8991.73 8974.14 8946.47 8917.18 8906.53 8893.23 8875.12 8848.86 8834.13 8836.95 8840.14 8835.39 8879.94 8902.51 8926.32 8938.04 8927.45 8923.43 8922.81 8933.8 8951.61 8940.74 8920.85 8930.91
9068.9 8895.08 8781.95 8722.53 8661.09 8600.84 8564.29 8576.65 8586.29 8583.19 8591.67 8614.76 8642.76 8626.79 8638.43 8622.05 8619.52 8654.89 8698.95 8745.48 8765.1 9020.09 9212.01 9184.91 9183.81 9183.67 9172.31 9154.26 9157.13 9147.79 9138.03 9134.94 9131.19 9131.26 9147.31 9100.34 9065.03 9033.64 9017.22 8987.9 8972.9 8980.77 8988.4 8982.87 8966.58 8944.92 8929.57 8919.22 8905.48 8884.53 8867.12 8861.63 8869.77 8878.31 8882.62 8876.24 8886.13 8918.17 8937.09 8914.99 8912.07 8914.54 8916.66 8910.66 8900.2 8926.24 8926.53
9038.09 8874.26 8778.93 8715.36 8662.59 8605.77 8567.99 8557.88 8555.92 8571.83 8584.55 8598.21 8622.07 8646.48 8632.1 8614.65 8620.61 8662.1 8713.89 8758.04 8861.99 9110.25 9172.98 9159.77 9166.87 9165.43 9156.63 9151.42 9150.62 9144.94 9136.35 9110.42 9095.77 9083.37 9054.33 9056.33 9053.59 9055.8 9022.28 8998.21 8990.94 9001.35 9005.17 8998.79 8984.2 8963.14 8948.9 8948.18 8929.42 8902.4 8881.24 8880.92 8907.35 8915.53 8925.85 8894.02 8874.31 8900.96 8914.85 8912.67 8904.01 8899.38 8897.04 8885.24 8879.29 8889.24 8903.24
9002.48 8862 8761.61 8724.76 8668.72 8615.94 8580.97 8561.83 8559.96 8578.18 8598.74 8600.22 8602.81 8633.92 8626.81 8607.96 8619.19 8648.45 8701.29 8769.38 8909.08 9163.56 9177.98 9158.69 9160.09 9178.95 9152.38 9127.23 9087.24 9049.45 9044.35 9049.22 9059.87 9052.82 9039.47 9042.46 9052.47 9057.46 9048.55 9035.77 9032.31 9038.99 9038.09 9032.64 9022.16 9010.56 9004.47 8997.55 8971.02 8926.63 8888.75 8889.93 8916.99 8929.94 8940.16 8905.2 8864.66 8886.73 8895.73 8883.52 8876.48 8877.54 8871.45 8861.2 8841.05 8851.37 8873.24
8982.89 8859.29 8755.71 8710.52 8667.3 8626.87 8594.26 8576.94 8582.19 8581.18 8604.5 8609.18 8580.7 8589.23 8613.88 8600.72 8605.66 8636.15 8685.19 8761.51 9005.29 9182.42 9185.62 9154.76 9130.76 9108.91 9096.27 9055.06 9023.61 9011.51 9023.51 9037.95 9043.72 9044.49 9040.86 9049.62 9063.8 9095.18 9087.83 9082.7 9087.51 9091.7 9092.62 9090.08 9083.25 9067.06 9081.61 9090.42 9024.23 8953.18 8901.32 8891.59 8899.74 8925.74 8943.58 8920.49 8867.76 8865.51 8867.12 8864.92 8866.51 8859.55 8860.25 8845.07 8840.99 8842.63 8846.31
8993.16 8873.93 8736.6 8687.17 8640.77 8637.27 8599.55 8574.27 8560.22 8558.08 8557.2 8562.58 8556.03 8553.93 8582.59 8597.23 8584.9 8636.97 8709.76 8798.37 9027.35 9115.45 9129.02 9112.52 9089.67 9075.82 9069.24 9058.58 9022.98 9016.71 9029.25 9042.5 9046.52 9053.91 9061.41 9079.72 9102.62 9116.65 9128.75 9135.5 9148.03 9154.18 9159.14 9164.13 9162.01 9154.8 9162.72 9154.72 9059.27 8973.32 8916.6 8894.11 8887.26 8918.76 8938.74 8925.67 8866.28 8837.54 8840.36 8842.77 8836.99 8835.66 8829.34 8826.28 8819.68 8818.99 8825.21
9034.41 8937.62 8808.59 8644.82 8600.72 8568.33 8572.51 8561.43 8545.21 8531.7 8522.72 8547.16 8566.4 8562.15 8578.06 8596.25 8599.81 8687.35 8830 8991.35 9072.97 9091.22 9110 9094.12 9081.21 9077.59 9077.87 9069.8 9081.9 9058.84 9045.84 9046.53 9062.95 9075.4 9084.93 9105.93 9147.51 9175.6 9201.44 9222.13 9220.68 9220.44 9229.26 9234.64 9244.18 9241.27 9205.04 9138.93 9063.95 8979.64 8926.5 8901.78 8882.96 8906.11 8936.56 8945.27 8943.27 8891 8854.92 8838.81 8822.83 8823.92 8822.75 8818.65 8805.97 8797.48 8798.65
9073.62 9007.63 8949.56 8751 8644.12 8578.92 8582.93 8574.38 8554.51 8535.48 8516.86 8507.43 8562.94 8571.17 8574.82 8603.78 8639.65 8773.57 8932.52 9077.86 9085.6 9089.91 9094.54 9090.48 9099.06 9120.22 9099.91 9088.38 9084.03 9069.97 9067.21 9074.86 9094 9113.86 9130.7 9150.2 9192.04 9240.75 9278.36 9294.94 9283.93 9282.76 9291.33 9302.24 9311.46 9303.04 9240.52 9155.38 9069.92 8990.47 8943.53 8914.47 8898.37 8892.42 8939.43 8977.3 8957.21 8900.91 8873.43 8850.07 8833.19 8822.02 8819.6 8819.37 8812.56 8772.75 8777.14
9065.19 9022.81 8974.73 8912.83 8769.53 8666.21 8645.01 8624.27 8586.79 8565.82 8562.96 8532.18 8579.36 8573.66 8576.84 8615.96 8772.58 8874.18 8993.7 9051.34 9090.54 9100.42 9093.53 9093.36 9106.67 9100.07 9106.96 9107.28 9100.05 9089.13 9095.42 9105.59 9145.15 9182.53 9211.27 9240.91 9267.1 9318.77 9339.1 9318.96 9327.84 9330.68 9335.66 9344.69 9357.11 9344.04 9273.85 9185.6 9089.46 9000.2 8950.25 8918.08 8907.03 8910.72 8946.84 8968.1 8954.99 8920.75 8890.95 8866.13 8841.93 8824.36 8813.06 8804.56 8789.7 8754.42 8764.03
9029.75 8999.5 8958.75 8929.49 8870.23 8806.13 8745.66 8712.43 8685.92 8677.35 8688.38 8658.28 8644.11 8666.06 8707.57 8775.78 8926.07 8996.03 9072 9104.06 9112.7 9123.28 9107.67 9094.81 9088.15 9093.57 9114.72 9130.16 9131.15 9129.85 9162.16 9171.92 9228.07 9272.02 9304.41 9327.72 9354.12 9403.45 9412.93 9361.38 9346.92 9341.47 9345.52 9356.87 9374.72 9355.59 9296.06 9211.08 9106.43 8999.02 8933.49 8914.31 8898.3 8923.15 8963.21 8993.51 8972.28 8934.99 8912.89 8886.17 8859.19 8829.27 8792.98 8753.41 8745.22 8742.6 8760.99
8988.41 8973.76 8956.08 8946.71 8930.96 8891.14 8840.4 8813.61 8812.64 8828.08 8836.07 8778.35 8820.86 8854.63 8907.96 9014.82 9080.6 9097.35 9116.43 9119 9159.64 9143.72 9122.82 9110.18 9098.4 9107.17 9137 9160.94 9174.78 9197.59 9281.33 9309.25 9345.8 9359.7 9382.2 9416.41 9417.28 9465.21 9464.64 9395.94 9323.48 9283.49 9295.53 9324.62 9356.45 9336.89 9293.73 9207.78 9109.43 9012.8 8950.64 8928.81 8919.25 8939.5 8978.46 9007.02 9004.53 8973.48 8938.8 8901.04 8874.18 8833.2 8782.37 8741.12 8732.33 8741.51 8769.05
8956.66 8949.96 8937.05 8922.94 8920.28 8915.3 8891.4 8883.22 8897.76 8940.27 8939.71 8961.14 9020.25 9032.52 9035.93 9052.29 9088.48 9097.46 9080.67 9088.53 9147.74 9142.23 9128.39 9111.49 9122.29 9148.69 9183.44 9213.25 9246.28 9331.59 9430.27 9496.36 9445.9 9371.72 9372.51 9457.19 9545.96 9430.95 9410.5 9287.73 9171.71 9142.89 9171.42 9231.15 9315.03 9315.57 9275.74 9201.47 9122.03 9043.37 8985.46 8967.12 8958.34 8967.86 9000.61 9019.13 9042.21 9009.99 8944.69 8899.88 8862.83 8820.36 8774.38 8730.52 8735.05 8757.8 8777.85
8930.34 8930.99 8920.36 8911.48 8917.83 8923.11 8917.54 8918.24 8926.44 8937.55 8942.71 8954.13 8996.88 9030.82 9046.18 9059.34 9087.03 9100.05 9115.68 9108.44 9121.19 9136.99 9141.57 9130.39 9143.78 9209.45 9254.37 9287.13 9327.82 9468.21 9491.19 9467.02 9387.14 9249.59 9189.42 9175.93 9193.09 9138.05 9097.14 8965.17 8913.54 8926.98 8977.92 9063.18 9200.52 9243.92 9228.54 9214.3 9181.64 9113.67 9048.12 9029.93 9015.92 9017.67 9039.33 9045.1 9059.8 8973.34 8919.42 8875.99 8845.43 8813.38 8765.56 8734.63 8742.86 8766.87 8776.86
8913.73 8915.07 8909.78 8908.46 8908.8 8916.48 8923.15 8922.71 8927.7 8930.19 8921.96 8936.65 8948.18 8982.45 9024.4 9059.04 9087.65 9079.45 9059.91 9092.94 9105.49 9137.65 9165.82 9206.1 9204.66 9302.47 9357.88 9422.97 9477.77 9532.02 9378.22 9297.67 9160.69 8990.93 8867.41 8806.09 8763.24 8657.62 8519.12 8509.13 8590.15 8661.15 8730.12 8777.81 8850.68 9001.02 9120.8 9226.63 9268.95 9196.74 9140.99 9103.98 9080.65 9065.33 9071.1 9071.27 9029.66 8938.03 8883.33 8848.65 8816.61 8784.5 8754.14 8741.68 8749 8748.85 8759.4
8865 8872.09 8881.57 8896.55 8897.02 8910.22 8914.18 8920.57 8923.02 8934.07 8959.59 8935.07 8929.79 8955.42 9019.52 9068.23 9095.45 9071.67 9074.32 9104.01 9124.27 9159.25 9191.94 9203.75 9242.64 9348.77 9399.98 9479.92 9522.42 9293.71 9070.27 8952.98 8822.04 8640.72 8500.67 8371.35 8291.12 8179.9 8060.33 8137.5 8272.92 8368.88 8443.67 8456.46 8510.12 8723.41 8956.54 9191.98 9387.97 9296.41 9201.01 9139.54 9134.54 9153.2 9092.49 9089.43 9032.63 8896.13 8850.79 8829.37 8803.59 8767.38 8754.51 8747.24 8748.54 8755.05 8763.15
8796.21 8808.68 8833.09 8859.6 8886.95 8898.95 8903.77 8906.9 8912.38 8915.25 8918.28 8930.63 8943.91 9010.31 9039.35 9068.08 9080.1 9100.64 9141.39 9100.04 9152.93 9211.18 9260.97 9304.62 9357.1 9334.47 9313.75 9327.47 9230.34 8915.04 8641.52 8516.53 8390.88 8253.34 8137.21 8007.87 7897.93 7844.95 7833.76 7941.39 8052.25 8138.08 8196.24 8243.93 8294.24 8496.66 8743.91 9016.81 9298.09 9285.12 9135.64 9088.67 9114.48 9186.18 9130.98 9078.4 9046.83 8900.08 8857.38 8844.2 8825.89 8807.68 8783.91 8768.83 8766.16 8773.11 8772.69
8741.98 8747.2 8783.86 8813.84 8862.49 8877.48 8889.99 8902.4 8912.05 8909.41 8906.17 8933.57 8976.54 9034.73 9049.98 9068.75 9099.39 9148.1 9111.91 9127.11 9180.89 9260.96 9333.1 9393.52 9338.36 9261 9086.94 8904 8726 8462.9 8197.96 8047.22 7896.81 7881.36 7831.93 7757.82 7698 7640.44 7718.79 7871.13 7900.74 7937.47 7976.62 8022 8093.57 8281.98 8505.62 8704.56 8818.5 8807.11 8873.83 8916.66 8967.49 9014.26 8986.33 8996.59 8996.39 8947.36 8906.08 8884.63 8862.65 8842.27 8819.55 8812.49 8812.27 8798.03 8778.78
8721.52 8731.62 8761.48 8791.34 8822.7 8849.11 8879.85 8907.34 8930.71 8949.5 8958.71 8956.22 8968.12 9012.85 9040.24 9068.21 9111.14 9155.91 9180.07 9202.96 9231.16 9283.11 9372.2 9483.36 9353.66 9082.2 8749.62 8442.05 8218.96 7999 7828.56 7726.77 7635.21 7614.93 7595.98 7559.43 7515.99 7484.16 7572.17 7702.97 7732.38 7758.73 7787.37 7815.88 7886.55 8070.03 8258.09 8414.08 8483.11 8513.41 8616.69 8719.86 8780.81 8796.35 8823.96 8917.3 9006.99 9026.6 8981.53 8946.18 8909.06 8878.67 8859.85 8865.96 8866.19 8824.26 8766.38
8726.38 8740.15 8754.3 8773.36 8808.53 8832.66 8878.39 8924.88 8967.48 8992.45 8987.07 8994.17 8977.13 8994.73 9030.3 9058.33 9080.09 9144.47 9230.95 9280.54 9248.94 9240.72 9260.56 9294.76 9109.77 8685.39 8359.09 8047.83 7848.81 7688.94 7604.29 7525.28 7464.5 7424.01 7403.1 7384.21 7356.24 7338.31 7398.91 7483.94 7538.47 7583.39 7621.44 7641.08 7721.54 7871.77 8033.57 8192.11 8345.9 8310.01 8429 8535.71 8628.26 8701.39 8794.79 8904.96 9033.41 9086.32 9053 9010.84 8959.95 8916.93 8901.87 8918.08 8944.48 8878.72 8781.88
8722.99 8736.25 8748.47 8759.69 8795.84 8837.42 8894.87 8945.8 8999.77 9061.8 9068.58 9050.23 9017.04 9013.96 9041.06 9067.02 9088.07 9190.09 9203.28 9230.98 9191.73 9118.89 9027.18 8883.09 8583.19 8284.97 8028.9 7786.21 7621.65 7499.36 7438.12 7366.69 7302.2 7260.83 7219.31 7196.56 7197.81 7194.21 7230.96 7277.28 7346.4 7416.96 7478.28 7533.22 7622.14 7722.01 7848.29 7958.95 8001.83 8173.35 8286.46 8407.55 8522.39 8640.66 8782.54 8899.89 8994.38 9063.9 9100.08 9069.31 9003.06 8940.93 8907.17 8929.93 8996.76 8953.8 8882.18
8717.46 8734.51 8748.22 8772.28 8815.03 8871.44 8918.85 8965.27 9011.83 9040.82 9039.59 9075.19 9061.91 9053.26 9077.49 9107.72 9147.17 9203.9 9184.45 9193.59 9122.04 8962.3 8766.87 8531.06 8213.31 7997.85 7814.31 7622.65 7460.59 7331.31 7268.96 7220.46 7171.52 7129.47 7093.11 7072.13 7084.35 7090.53 7101.61 7108.06 7186.97 7276.26 7354.8 7413.61 7499 7582.89 7680.17 7778.64 7895.18 8039.79 8169.78 8302.5 8436.23 8568.38 8688.4 8829.99 8909.86 9001.02 9165.41 9124.42 9035.98 8950.13 8897.56 8918.9 8982.1 9015.92 9019.29
8711.07 8722.77 8749.78 8786.65 8857.82 8903.33 8933.62 8976.37 9014.87 9044.44 9045.88 9100.07 9147.24 9112.39 9116.94 9154.52 9209.2 9229.67 9287.48 9304.1 9064.25 8821.72 8546.45 8236.53 7994.29 7832.72 7676.82 7497.87 7332.03 7190.84 7120 7094.09 7050.06 7032.55 7023.28 7018.81 7028.73 7036.19 7032.73 7039.45 7095.64 7171.5 7243.38 7321.57 7395.9 7456.43 7538.01 7614.43 7710.21 7872.41 8025.43 8182.72 8336.41 8489.44 8615.37 8740.41 8813.6 8908.35 9129.97 9120.48 9038.95 8949.39 8884.74 8925.54 9006.95 9070.95 9119.52
8710.98 8730.35 8763.59 8817.82 8893.25 8899.28 8938.59 8975.72 9012.45 9062.64 9081.18 9119.1 9094.64 9095.88 9124.9 9179.06 9237.21 9281.33 9401.44 9210.27 8968.99 8713.63 8431.62 8116.5 7900.72 7701.92 7519.17 7355.79 7229.54 7112.65 7042.59 7021.77 7002.35 6986.73 6976.58 6978.17 6989.43 6999 7000.5 7013.66 7049.45 7097.96 7142.21 7175.02 7269.68 7348.97 7437.6 7524.89 7625.24 7746.21 7896.48 8065.56 8237.74 8415.64 8593.11 8695.75 8739.54 8821.5 9010.21 9072.38 9026.34 8955.23 8911.69 8973.92 9064.22 9119.88 9120.5
8718.64 8744.16 8786.35 8842.43 8903.43 8930.63 8949.29 8980.08 9004.73 9026.87 9070.18 9105.79 9057.71 9044.82 9110.14 9179.09 9241.84 9305.36 9429.11 9105.3 8867.95 8637.85 8422.59 8172.65 7889.11 7616.79 7373.44 7245.14 7155.7 7074.66 7022.39 6984.3 6965.49 6953.17 6945.02 6948.22 6958.72 6969.06 6979.67 6996.25 7020.9 7049.99 7080.4 7121.27 7183.74 7263.41 7342.14 7427.42 7508.24 7615.36 7765.61 7945.05 8134.62 8323.99 8497.29 8604.21 8652.82 8750.21 8931.29 9030.34 9027.81 8981.55 8962.02 9037.56 9131.29 9168.24 9116.02
8738.72 8773.66 8831.25 8895.62 8924.29 8937.86 8960.72 8996.86 9026.99 9045.14 9111.53 9114.04 9063.29 9068.16 9132.31 9212.45 9277.51 9323.85 9399.15 9074.57 8834.73 8572.24 8316.26 8066.72 7782.48 7503.12 7296.4 7177.65 7106.49 7031.04 6965.58 6946.11 6932.73 6922.88 6919.96 6923.32 6930.34 6947.49 6962.02 6977.14 6995.52 7016.62 7037.82 7068.53 7126.37 7187.4 7249.78 7343.27 7420.58 7508.82 7649.92 7829.37 8016.67 8208.69 8374.96 8470.18 8531.82 8607.17 8826.38 9004.81 9051.04 9038.42 9018.41 9087.46 9156.93 9176.81 9076
