real_craters/C173-750m.grd
DSAA
178 178
-66.29 66.29
-66.29 66.29
5261.2144027385 7435.2731327645
[rows 38 to 75 of 178, columns 84 to 167 of 178]
6981 6949 6911 6873 6842 6810 6780 6761 6802 6849 6889 6906 6908 6909 6911 6927 6946 6947 6943 6936 6925 6916 6905 6892 6874 6867 6855 6828 6809 6790 6775 6770 6766 6773 6795 6838 6845 6836 6826 6791 6758 6750 6702 6681 6679 6682 6691 6703 6712 6722 6722 6695 6668 6661 6644 6613 6586 6555 6530 6505 6475 6431 6402 6375 6330 6286 6202 6209 6265 6292 6263 6285 6338 6346 6308 6210 6179 6160 6154 6163 6182 6201 6224 6268
7020 6969 6923 6887 6841 6803 6777 6774 6794 6832 6865 6886 6898 6900 6905 6932 6954 6951 6948 6942 6935 6926 6919 6912 6899 6891 6876 6848 6825 6806 6776 6766 6754 6771 6801 6859 6853 6841 6831 6779 6724 6653 6632 6641 6649 6665 6677 6699 6707 6711 6700 6680 6648 6641 6621 6582 6561 6540 6515 6501 6495 6472 6407 6377 6342 6312 6257 6221 6257 6283 6267 6271 6300 6296 6299 6237 6181 6147 6151 6165 6180 6193 6214 6246
7014 6972 6927 6871 6837 6806 6771 6760 6790 6826 6857 6881 6896 6899 6898 6918 6935 6947 6952 6945 6938 6929 6924 6929 6946 6917 6892 6867 6846 6826 6797 6780 6764 6773 6809 6842 6843 6835 6818 6766 6699 6629 6603 6615 6631 6647 6666 6689 6695 6697 6690 6671 6650 6630 6612 6588 6555 6528 6500 6490 6491 6474 6399 6381 6364 6363 6358 6301 6288 6291 6292 6299 6274 6249 6254 6295 6205 6159 6176 6192 6197 6196 6206 6245
6970 6959 6935 6906 6873 6827 6781 6766 6795 6830 6862 6889 6916 6923 6915 6933 6937 6960 6955 6943 6936 6930 6923 6917 6916 6926 6930 6913 6900 6869 6830 6805 6791 6787 6793 6814 6829 6831 6812 6755 6692 6627 6595 6605 6620 6638 6668 6678 6682 6684 6685 6676 6666 6642 6619 6587 6562 6528 6490 6474 6456 6425 6410 6378 6383 6385 6395 6351 6325 6329 6356 6339 6314 6280 6253 6254 6230 6219 6260 6247 6230 6212 6208 6236
6946 6951 6948 6946 6921 6854 6811 6793 6808 6842 6889 6946 6953 6972 6979 6998 7029 6993 6961 6942 6931 6922 6914 6904 6900 6923 6947 6956 6959 6921 6875 6844 6829 6825 6809 6820 6834 6838 6811 6756 6699 6641 6605 6611 6622 6634 6662 6668 6672 6674 6675 6664 6679 6644 6621 6601 6588 6544 6494 6471 6446 6419 6406 6391 6422 6556 6580 6452 6389 6393 6487 6582 6502 6445 6342 6275 6292 6298 6294 6294 6279 6251 6228 6234
6931 6933 6942 6943 6917 6867 6810 6801 6821 6854 6892 6920 6956 6999 7034 7017 7004 6972 6945 6931 6927 6926 6919 6907 6906 6921 6934 6960 6971 6952 6920 6892 6879 6881 6853 6857 6857 6845 6810 6767 6717 6674 6650 6632 6629 6651 6658 6662 6667 6666 6661 6646 6642 6611 6610 6587 6619 6572 6516 6484 6459 6446 6425 6443 6543 6846 6825 6616 6481 6480 6738 6798 6724 6636 6410 6330 6402 6379 6355 6338 6341 6327 6280 6237
6902 6910 6928 6950 6965 6886 6816 6816 6838 6864 6888 6902 6941 6977 6995 6963 6927 6908 6909 6911 6919 6925 6930 6916 6914 6926 6941 6948 6948 6939 6945 6940 6911 6912 6940 6898 6887 6896 6843 6791 6740 6697 6660 6642 6637 6655 6657 6659 6660 6659 6659 6649 6612 6594 6595 6622 6657 6600 6540 6505 6475 6444 6439 6540 6750 7091 6957 6717 6538 6451 6592 6613 6619 6690 6415 6347 6368 6371 6331 6371 6400 6421 6349 6274
6862 6885 6912 6932 6927 6898 6875 6855 6862 6880 6904 6936 6944 6922 6912 6900 6864 6852 6867 6885 6905 6926 6958 6989 6973 6937 6915 6931 6928 6928 6939 6938 6923 6914 6909 6894 6886 6900 6859 6809 6758 6708 6666 6646 6659 6661 6661 6659 6653 6652 6653 6643 6606 6629 6653 6634 6661 6599 6550 6520 6501 6475 6475 6689 6945 7054 6941 6736 6565 6471 6454 6529 6632 6580 6405 6353 6381 6384 6398 6392 6425 6451 6392 6323
6820 6855 6890 6915 6917 6911 6890 6885 6885 6889 6899 6932 6918 6890 6876 6862 6830 6819 6832 6854 6883 6920 6975 7047 7030 6996 6965 6949 6964 6941 6940 6936 6925 6895 6871 6868 6857 6854 6862 6819 6770 6721 6671 6655 6668 6664 6657 6651 6644 6640 6633 6632 6624 6641 6697 6633 6600 6576 6545 6520 6507 6500 6493 6730 6980 7015 6881 6690 6532 6441 6405 6418 6412 6393 6383 6335 6303 6298 6319 6360 6405 6437 6427 6365
6798 6837 6879 6916 6941 6943 6927 6911 6897 6888 6877 6853 6852 6885 6879 6851 6807 6787 6803 6827 6857 6887 6928 6978 7018 7053 7037 6993 6971 6971 6953 6948 6930 6905 6885 6863 6842 6853 6857 6822 6781 6739 6701 6682 6680 6670 6659 6650 6641 6632 6622 6626 6627 6618 6626 6606 6594 6576 6544 6514 6485 6473 6515 6655 6871 6982 6800 6607 6444 6411 6446 6417 6372 6371 6344 6318 6280 6239 6255 6310 6366 6399 6397 6435
6795 6831 6875 6921 6961 6982 6967 6931 6908 6889 6866 6836 6841 6913 6898 6854 6804 6777 6781 6803 6822 6842 6852 6858 6942 7003 7020 7021 6979 6938 6951 6950 6923 6890 6873 6853 6844 6858 6850 6823 6791 6757 6729 6704 6692 6678 6663 6649 6637 6629 6627 6626 6613 6576 6568 6572 6586 6574 6544 6512 6483 6477 6523 6606 6694 6762 6676 6523 6390 6389 6421 6403 6352 6359 6353 6359 6309 6221 6220 6265 6318 6349 6335 6417
6793 6829 6870 6915 6962 6981 6963 6927 6905 6890 6876 6866 6875 6945 6910 6862 6812 6766 6773 6785 6802 6812 6820 6828 6883 6936 6958 6948 6962 6965 6943 6934 6914 6887 6866 6854 6849 6857 6856 6828 6799 6768 6733 6704 6700 6682 6662 6644 6630 6619 6604 6611 6537 6526 6539 6546 6558 6567 6544 6513 6486 6476 6494 6566 6588 6616 6557 6458 6370 6354 6354 6311 6351 6382 6380 6466 6412 6242 6210 6231 6268 6290 6294 6384
6800 6824 6858 6895 6922 6906 6899 6901 6895 6888 6891 6915 6972 6934 6906 6864 6824 6792 6782 6781 6787 6802 6815 6828 6838 6853 6894 6921 6924 6914 6921 6922 6898 6861 6853 6860 6877 6880 6870 6843 6805 6777 6753 6731 6713 6687 6661 6637 6615 6600 6600 6556 6505 6507 6520 6520 6538 6549 6539 6514 6500 6479 6472 6546 6515 6517 6496 6432 6355 6334 6305 6306 6355 6382 6398 6508 6436 6270 6213 6203 6207 6226 6255 6361
6793 6810 6835 6865 6893 6906 6891 6887 6885 6885 6892 6907 6918 6919 6886 6856 6824 6803 6788 6776 6783 6783 6797 6804 6800 6805 6844 6908 6964 6942 6924 6914 6908 6866 6871 6919 6993 6946 6893 6853 6817 6786 6766 6752 6716 6682 6650 6617 6589 6561 6541 6526 6518 6526 6520 6524 6538 6552 6534 6501 6474 6467 6454 6455 6451 6470 6487 6470 6405 6370 6339 6304 6308 6317 6360 6455 6402 6269 6226 6200 6191 6249 6314 6367
6776 6788 6810 6833 6860 6880 6881 6876 6879 6879 6880 6873 6855 6852 6856 6840 6821 6801 6785 6765 6756 6746 6745 6751 6759 6780 6786 6823 6907 6948 6940 6917 6890 6877 6900 6939 6955 6940 6898 6853 6817 6785 6754 6717 6702 6672 6636 6599 6560 6525 6501 6517 6555 6560 6525 6546 6560 6565 6532 6483 6445 6425 6420 6408 6413 6453 6501 6552 6553 6400 6318 6292 6312 6306 6327 6381 6371 6306 6255 6225 6203 6294 6323 6250
6730 6757 6773 6789 6810 6840 6856 6862 6864 6868 6870 6864 6851 6845 6836 6820 6805 6794 6779 6743 6723 6699 6674 6684 6700 6713 6724 6746 6794 6893 6933 6924 6905 6870 6870 6885 6919 6912 6881 6849 6813 6781 6751 6728 6699 6665 6628 6589 6549 6511 6497 6526 6577 6589 6557 6570 6582 6576 6526 6466 6417 6402 6403 6405 6412 6448 6502 6583 6663 6563 6374 6310 6340 6372 6385 6350 6335 6310 6282 6270 6296 6281 6210 6188
6725 6730 6735 6741 6750 6784 6827 6842 6851 6853 6857 6859 6861 6854 6827 6799 6773 6748 6721 6699 6683 6662 6645 6648 6656 6672 6695 6709 6723 6773 6851 6899 6974 6862 6847 6853 6870 6875 6859 6838 6807 6774 6748 6732 6699 6661 6624 6586 6548 6517 6528 6561 6580 6574 6569 6548 6551 6546 6512 6463 6426 6432 6410 6404 6407 6428 6462 6506 6567 6559 6418 6348 6453 6487 6549 6380 6353 6323 6291 6271 6306 6303 6267 6177
6686 6699 6697 6695 6698 6739 6796 6817 6828 6837 6844 6854 6862 6846 6804 6767 6733 6698 6663 6650 6646 6636 6631 6635 6646 6663 6690 6709 6712 6720 6757 6803 6829 6842 6832 6850 6852 6851 6835 6813 6785 6756 6731 6714 6680 6657 6630 6598 6562 6532 6541 6574 6606 6620 6592 6538 6512 6526 6512 6480 6458 6449 6427 6408 6408 6408 6414 6412 6433 6449 6398 6341 6360 6483 6519 6409 6402 6352 6293 6231 6192 6282 6250 6172
6661 6667 6661 6662 6668 6705 6759 6790 6804 6813 6821 6832 6846 6804 6769 6735 6697 6660 6625 6614 6614 6611 6615 6625 6649 6653 6674 6704 6724 6703 6717 6731 6758 6788 6805 6840 6858 6831 6811 6792 6769 6744 6716 6681 6654 6659 6646 6625 6591 6554 6537 6578 6633 6735 6666 6567 6524 6532 6523 6494 6466 6447 6432 6393 6379 6384 6383 6376 6383 6418 6373 6326 6321 6391 6420 6410 6374 6347 6299 6240 6189 6228 6162 6129
6608 6615 6624 6637 6654 6695 6747 6770 6777 6780 6782 6785 6781 6750 6726 6700 6669 6635 6606 6593 6590 6583 6582 6600 6613 6616 6605 6619 6642 6658 6667 6690 6706 6751 6795 6811 6817 6809 6787 6770 6755 6738 6718 6705 6691 6689 6681 6667 6643 6600 6583 6612 6644 6691 6636 6585 6561 6550 6532 6506 6476 6450 6431 6382 6372 6378 6377 6364 6353 6347 6331 6319 6335 6379 6430 6376 6372 6337 6314 6297 6253 6160 6123 6119
6554 6557 6592 6625 6656 6706 6748 6747 6747 6745 6741 6727 6712 6695 6690 6672 6646 6616 6593 6578 6574 6568 6565 6571 6581 6578 6571 6573 6589 6612 6630 6670 6712 6741 6790 6819 6814 6793 6769 6756 6745 6736 6730 6736 6744 6727 6719 6718 6722 6724 6705 6662 6666 6623 6616 6605 6595 6586 6569 6533 6506 6473 6436 6403 6388 6397 6394 6367 6337 6313 6305 6318 6381 6432 6507 6464 6330 6327 6321 6315 6271 6208 6174 6147
6539 6541 6577 6625 6673 6693 6700 6713 6721 6721 6710 6692 6679 6690 6676 6655 6631 6604 6579 6566 6565 6563 6556 6546 6540 6545 6566 6564 6573 6584 6601 6625 6679 6732 6825 6890 6819 6766 6742 6725 6719 6720 6726 6737 6745 6742 6743 6752 6777 6783 6680 6674 6665 6623 6623 6623 6624 6638 6627 6571 6543 6508 6471 6445 6423 6439 6438 6416 6368 6324 6308 6330 6526 6529 6787 6666 6355 6323 6311 6309 6287 6261 6270 6219
6550 6544 6585 6633 6676 6686 6689 6696 6708 6710 6697 6676 6666 6687 6668 6646 6625 6599 6575 6560 6558 6560 6551 6529 6506 6500 6509 6569 6558 6556 6565 6580 6617 6724 6838 6907 6788 6740 6716 6704 6702 6710 6721 6729 6738 6743 6750 6757 6764 6747 6700 6672 6635 6602 6604 6631 6648 6698 6733 6633 6580 6555 6527 6502 6479 6495 6517 6514 6521 6417 6331 6367 6465 6518 6769 6564 6316 6276 6281 6281 6300 6325 6360 6258
6598 6573 6626 6673 6685 6694 6677 6694 6721 6732 6722 6683 6658 6647 6643 6642 6628 6600 6569 6547 6543 6548 6550 6544 6517 6482 6467 6476 6509 6518 6526 6547 6583 6707 6792 6824 6756 6710 6695 6694 6701 6714 6724 6732 6732 6745 6752 6749 6736 6722 6701 6672 6634 6588 6596 6619 6653 6730 6784 6699 6627 6632 6619 6591 6559 6573 6600 6639 6626 6522 6404 6418 6593 6565 6495 6381 6304 6275 6259 6252 6299 6346 6355 6241
6704 6676 6729 6786 6787 6764 6709 6725 6761 6787 6786 6746 6716 6676 6663 6670 6650 6613 6567 6524 6527 6535 6551 6565 6537 6484 6453 6447 6463 6479 6491 6517 6537 6642 6686 6684 6651 6653 6665 6683 6694 6708 6722 6739 6755 6763 6755 6739 6716 6700 6684 6658 6621 6590 6586 6595 6616 6702 6840 6735 6656 6719 6689 6640 6640 6652 6649 6660 6676 6631 6545 6453 6556 6686 6557 6385 6315 6284 6257 6247 6300 6361 6329 6220
6857 6827 6882 6975 6992 6888 6798 6794 6831 6867 6893 6875 6854 6823 6792 6740 6690 6643 6582 6530 6514 6523 6554 6553 6519 6453 6426 6424 6432 6443 6451 6458 6489 6534 6563 6562 6577 6610 6639 6657 6674 6695 6716 6742 6768 6771 6751 6729 6703 6676 6660 6638 6629 6590 6555 6554 6567 6614 6643 6612 6627 6662 6652 6658 6719 6767 6745 6750 6793 6756 6708 6552 6501 6532 6482 6437 6362 6329 6283 6260 6290 6317 6304 6249
6999 6964 7006 7103 7103 6980 6911 6895 6891 6914 6994 7098 7011 6942 6889 6825 6744 6666 6604 6543 6516 6529 6583 6636 6556 6438 6413 6414 6406 6411 6420 6424 6446 6485 6492 6498 6533 6578 6604 6625 6643 6664 6694 6725 6753 6760 6739 6720 6702 6677 6657 6629 6580 6555 6531 6515 6524 6538 6544 6544 6564 6590 6610 6714 6938 6960 6898 6835 6806 6799 6779 6678 6553 6487 6428 6395 6417 6371 6316 6295 6299 6304 6281 6316
7040 7053 7080 7043 7005 6944 6977 6995 6865 6843 6938 7100 7020 6994 6984 6896 6788 6702 6640 6598 6564 6555 6605 6640 6589 6516 6416 6382 6384 6388 6393 6403 6418 6440 6442 6456 6500 6558 6566 6584 6607 6630 6660 6692 6724 6737 6711 6690 6692 6674 6666 6641 6571 6546 6523 6506 6495 6501 6502 6502 6526 6570 6619 6775 7041 7105 7103 6948 6819 6823 6806 6827 6751 6555 6431 6385 6392 6388 6345 6313 6321 6293 6239 6241
6866 6858 6832 6761 6740 6735 6761 6748 6675 6645 6663 6723 6819 6909 7014 6884 6780 6716 6675 6680 6675 6644 6616 6605 6580 6538 6426 6375 6373 6371 6371 6381 6399 6409 6412 6427 6458 6488 6510 6533 6559 6587 6615 6642 6672 6687 6660 6635 6617 6653 6670 6679 6603 6567 6539 6510 6490 6478 6487 6488 6502 6547 6634 6773 6978 7089 7119 6976 6879 6891 6936 7019 6938 6730 6501 6443 6429 6428 6365 6347 6339 6299 6285 6318
6529 6495 6437 6370 6395 6425 6424 6391 6388 6381 6362 6404 6562 6680 6753 6736 6710 6695 6690 6698 6698 6691 6641 6549 6549 6508 6444 6402 6379 6362 6355 6365 6383 6396 6402 6399 6402 6409 6446 6479 6507 6535 6561 6582 6598 6608 6591 6582 6590 6627 6652 6671 6624 6595 6567 6531 6501 6484 6466 6471 6479 6503 6563 6700 6859 6967 6995 6881 6839 6933 7099 7094 7014 6859 6574 6470 6464 6503 6424 6406 6395 6359 6360 6386
6193 6158 6106 6068 6106 6145 6140 6101 6141 6161 6152 6202 6341 6433 6484 6533 6581 6617 6662 6701 6720 6767 6801 6726 6582 6486 6511 6440 6388 6354 6339 6348 6366 6377 6379 6378 6375 6383 6402 6432 6459 6483 6504 6518 6523 6513 6525 6537 6557 6592 6618 6640 6649 6610 6583 6514 6516 6485 6464 6444 6462 6483 6514 6605 6714 6802 6849 6792 6784 6865 7010 7073 7015 6912 6687 6541 6489 6524 6623 6527 6469 6495 6446 6422
5922 5899 5846 5833 5896 5942 5950 5934 5978 6015 6026 6083 6179 6234 6282 6352 6435 6517 6599 6682 6814 6863 6978 6934 6680 6533 6532 6454 6390 6344 6316 6336 6350 6358 6370 6366 6357 6355 6370 6392 6416 6436 6453 6465 6470 6474 6486 6501 6519 6551 6593 6599 6599 6590 6574 6507 6511 6478 6463 6442 6440 6453 6458 6516 6573 6608 6645 6671 6684 6707 6762 6928 6897 6881 6735 6608 6564 6652 6748 6632 6580 6614 6706 6634
5757 5744 5718 5727 5773 5818 5845 5871 5904 5940 5969 6007 6061 6098 6141 6207 6297 6394 6480 6591 6665 6816 6976 6958 6775 6599 6491 6433 6381 6339 6315 6343 6361 6341 6352 6351 6344 6342 6348 6363 6381 6400 6416 6426 6432 6437 6451 6474 6500 6532 6583 6588 6561 6557 6535 6509 6500 6481 6464 6463 6424 6409 6418 6464 6494 6501 6549 6546 6580 6564 6554 6609 6626 6601 6554 6509 6672 6922 6758 6669 6726 6861 6862 6733
5682 5669 5665 5678 5710 5757 5801 5827 5865 5900 5918 5941 5961 5984 6015 6076 6165 6264 6350 6425 6495 6648 6827 6877 6785 6617 6468 6427 6385 6343 6318 6341 6362 6347 6327 6326 6326 6325 6326 6338 6355 6372 6387 6399 6404 6407 6418 6452 6486 6506 6523 6524 6525 6533 6532 6507 6509 6501 6470 6434 6421 6399 6414 6476 6525 6561 6658 6677 6598 6492 6419 6407 6410 6391 6395 6425 6559 6751 6672 6750 6986 7124 6934 6719
5627 5626 5631 5645 5676 5723 5777 5842 5881 5869 5888 5876 5879 5896 5918 5968 6052 6138 6220 6308 6382 6446 6560 6754 6885 6696 6524 6474 6419 6363 6327 6339 6377 6374 6328 6309 6322 6316 6306 6318 6334 6351 6369 6384 6392 6392 6393 6403 6435 6455 6465 6470 6494 6515 6528 6514 6526 6558 6583 6541 6460 6419 6450 6529 6613 6732 6819 6856 6638 6467 6377 6352 6347 6348 6373 6419 6491 6567 6636 6870 7227 7277 6878 6651
5588 5590 5595 5606 5639 5682 5734 5794 5812 5779 5767 5785 5800 5822 5851 5895 5962 6029 6097 6173 6232 6293 6367 6615 6841 6775 6652 6567 6480 6401 6351 6351 6353 6381 6347 6312 6313 6304 6290 6303 6321 6343 6362 6377 6391 6402 6402 6390 6395 6420 6432 6450 6481 6501 6508 6521 6561 6638 6731 6767 6737 6637 6607 6597 6623 6711 6729 6692 6567 6425 6353 6339 6337 6336 6381 6509 6512 6532 6682 6977 7326 7245 6797 6571
5556 5555 5560 5565 5597 5630 5660 5685 5695 5659 5654 5694 5729 5762 5801 5856 5889 5927 5986 6058 6157 6237 6279 6461 6694 6881 6807 6663 6547 6456 6441 6394 6367 6359 6345 6322 6312 6297 6288 6297 6317 6337 6354 6370 6390 6418 6448 6387 6401 6406 6426 6462 6492 6510 6517 6528 6547 6569 6618 6722 6790 6868 6741 6629 6563 6494 6520 6499 6456 6384 6350 6342 6340 6337 6448 6652 6505 6515 6732 7094 7342 7121 6699 6501
5527 5525 5523 5536 5556 5577 5590 5581 5551 5573 5594 5632 5672 5709 5740 5770 5810 5839 5880 5923 6037 6129 6175 6291 6486 6791 6802 6689 6581 6485 6454 6407 6367 6365 6353 6342 6331 6307 6282 6300 6322 6337 6349 6364 6375 6387 6388 6379 6380 6393 6418 6485 6507 6533 6541 6530 6530 6549 6569 6613 6677 6691 6681 6614 6534 6447 6429 6415 6396 6367 6359 6358 6361 6367 6529 6668 6481 6502 6744 7112 7237 6955 6604 6431
