real_craters/C173-750m.grd
DSAA
178 178
-66.29 66.29
-66.29 66.29
5261.2144027385 7435.2731327645
[rows 76 to 113 of 178, columns 0 to 83 of 178]
5984 6004 6027 6050 6071 6050 6037 6031 6049 6078 6088 6106 6133 6159 6182 6195 6222 6261 6328 6392 6412 6439 6473 6512 6553 6604 6653 6700 6748 6782 6809 6829 6834 6812 6784 6769 6734 6691 6657 6650 6661 6689 6728 6782 6860 6808 6765 6747 6749 6786 6733 6690 6675 6664 6690 6726 6747 6756 6753 6798 6830 6827 6869 6907 6923 6939 7072 6730 6437 6286 6250 6240 6239 6237 6100 5914 5730 5651 5606 5572 5548 5534 5525 5516
5976 5997 6016 6032 6039 6019 6009 6015 6030 6066 6090 6108 6129 6151 6175 6207 6212 6260 6326 6377 6409 6438 6468 6514 6564 6611 6656 6697 6739 6773 6795 6823 6828 6808 6776 6770 6732 6685 6648 6642 6652 6685 6747 6802 6855 6795 6753 6733 6726 6747 6703 6670 6666 6671 6700 6727 6744 6747 6763 6815 6852 6866 6933 6999 7033 7004 6892 6536 6293 6205 6195 6194 6178 6144 5990 5823 5673 5612 5585 5548 5527 5520 5510 5496
5981 5997 6012 6017 6005 6011 5999 6007 6018 6048 6086 6106 6123 6139 6158 6174 6214 6268 6330 6375 6405 6438 6476 6518 6568 6614 6664 6708 6736 6759 6777 6789 6797 6777 6763 6770 6725 6680 6649 6639 6654 6691 6743 6752 6789 6773 6739 6710 6704 6704 6687 6666 6666 6676 6699 6728 6754 6786 6826 6830 6871 6919 7000 7093 7169 7099 6772 6418 6229 6160 6157 6151 6138 6031 5871 5742 5625 5563 5551 5519 5502 5495 5485 5473
5991 6006 6021 6032 6026 6031 6027 6031 6030 6062 6088 6104 6116 6129 6142 6163 6192 6257 6351 6380 6411 6438 6467 6516 6565 6613 6665 6708 6725 6745 6758 6774 6772 6748 6742 6732 6711 6674 6638 6632 6646 6675 6724 6745 6744 6716 6682 6671 6674 6658 6645 6660 6668 6678 6700 6728 6759 6789 6828 6809 6850 6927 7029 7136 7200 7048 6648 6340 6190 6134 6129 6100 6053 5921 5813 5679 5582 5528 5507 5491 5476 5465 5455 5447
6008 6025 6043 6065 6085 6068 6085 6077 6059 6074 6089 6101 6110 6117 6125 6140 6163 6230 6322 6382 6410 6442 6477 6514 6556 6597 6641 6680 6703 6720 6741 6754 6758 6759 6753 6737 6705 6672 6643 6636 6648 6666 6721 6770 6716 6663 6634 6614 6601 6582 6590 6651 6674 6683 6704 6732 6768 6795 6806 6788 6829 6910 7024 7127 7146 6924 6534 6278 6159 6117 6108 6046 5947 5823 5707 5607 5526 5477 5474 5462 5451 5442 5432 5423
6033 6045 6063 6077 6087 6106 6113 6117 6103 6088 6093 6103 6105 6106 6112 6123 6144 6207 6307 6374 6412 6445 6490 6512 6544 6577 6604 6639 6672 6700 6723 6746 6761 6760 6752 6727 6700 6674 6656 6650 6650 6656 6679 6671 6634 6602 6565 6559 6539 6522 6545 6597 6683 6740 6738 6742 6776 6803 6805 6795 6831 6892 7009 7110 7102 6839 6466 6233 6124 6089 6089 5999 5879 5727 5621 5543 5484 5459 5448 5436 5429 5422 5413 5406
6054 6061 6082 6112 6122 6124 6155 6172 6141 6128 6123 6113 6104 6104 6114 6127 6147 6204 6308 6370 6391 6425 6465 6496 6524 6551 6566 6602 6639 6669 6701 6734 6762 6752 6731 6710 6691 6677 6670 6666 6646 6639 6638 6626 6585 6566 6550 6532 6515 6488 6417 6552 6682 6796 6744 6713 6752 6781 6790 6816 6850 6894 6997 7095 7111 6797 6405 6194 6084 6033 6060 5953 5790 5626 5541 5490 5459 5435 5421 5409 5409 5410 5410 5399
6071 6075 6091 6123 6135 6136 6151 6153 6152 6150 6146 6121 6109 6100 6097 6126 6172 6235 6297 6316 6356 6395 6433 6468 6499 6528 6547 6578 6610 6638 6670 6706 6744 6740 6715 6695 6681 6665 6657 6644 6624 6605 6599 6597 6565 6542 6536 6513 6490 6470 6491 6546 6640 6715 6701 6678 6714 6754 6780 6817 6868 6917 6985 7052 7004 6680 6336 6170 6057 5991 5991 5921 5733 5561 5492 5459 5442 5419 5395 5385 5391 5397 5402 5394
6097 6079 6071 6077 6108 6134 6152 6156 6148 6138 6125 6121 6119 6111 6104 6142 6199 6259 6284 6306 6337 6376 6409 6437 6469 6505 6536 6553 6575 6602 6632 6660 6679 6697 6707 6679 6659 6645 6629 6612 6591 6569 6552 6543 6512 6501 6500 6486 6468 6458 6487 6552 6597 6632 6657 6666 6706 6748 6787 6825 6875 6929 6961 6979 6906 6568 6328 6179 6046 5949 5958 5880 5646 5518 5470 5443 5429 5410 5386 5375 5379 5383 5385 5384
6108 6066 6042 6027 6078 6139 6165 6148 6143 6129 6114 6134 6142 6145 6148 6178 6217 6241 6274 6291 6323 6357 6380 6398 6424 6457 6494 6509 6530 6557 6587 6613 6625 6647 6656 6649 6635 6621 6603 6577 6559 6536 6512 6480 6457 6453 6461 6457 6452 6458 6510 6561 6562 6588 6633 6686 6723 6756 6797 6843 6887 6916 6915 6853 6691 6445 6343 6199 6048 5910 5839 5759 5545 5501 5472 5448 5423 5409 5389 5377 5374 5374 5374 5377
6025 6036 6032 6035 6080 6127 6152 6168 6145 6148 6167 6172 6184 6198 6205 6225 6247 6284 6276 6270 6292 6311 6330 6346 6365 6380 6407 6446 6480 6510 6544 6576 6609 6627 6615 6610 6601 6591 6577 6562 6531 6496 6465 6430 6407 6410 6411 6414 6433 6478 6523 6532 6532 6566 6614 6659 6708 6760 6816 6888 6923 6931 6915 6743 6559 6412 6349 6213 6053 5901 5753 5632 5545 5508 5477 5449 5420 5404 5391 5377 5371 5367 5365 5369
6002 6022 6043 6064 6102 6138 6160 6148 6150 6166 6190 6197 6220 6251 6275 6261 6257 6254 6244 6235 6247 6261 6274 6289 6303 6314 6344 6385 6427 6462 6499 6535 6567 6577 6568 6571 6565 6558 6549 6538 6501 6449 6400 6393 6383 6382 6373 6376 6399 6430 6479 6505 6532 6558 6596 6639 6678 6757 6840 6914 6946 6936 6878 6647 6477 6412 6354 6217 6059 5895 5746 5620 5549 5507 5472 5445 5420 5400 5386 5374 5367 5362 5360 5362
5999 6032 6075 6110 6136 6160 6173 6194 6190 6183 6181 6208 6245 6279 6292 6273 6254 6229 6212 6199 6204 6212 6227 6240 6249 6249 6279 6334 6378 6421 6459 6491 6514 6515 6512 6524 6533 6530 6520 6501 6467 6420 6386 6377 6365 6361 6350 6351 6368 6393 6442 6503 6516 6544 6572 6605 6668 6749 6859 6948 6963 6919 6793 6583 6450 6418 6355 6219 6059 5892 5728 5597 5546 5499 5462 5437 5414 5398 5380 5371 5364 5359 5357 5359
6008 6050 6106 6147 6164 6188 6228 6215 6204 6207 6216 6238 6262 6283 6285 6264 6243 6223 6205 6180 6174 6179 6191 6202 6210 6218 6251 6302 6353 6391 6431 6462 6476 6475 6482 6501 6509 6505 6494 6476 6446 6405 6381 6371 6341 6342 6338 6336 6347 6364 6405 6493 6499 6517 6540 6553 6600 6719 6839 6941 6954 6883 6750 6545 6448 6422 6353 6221 6072 5914 5754 5599 5543 5492 5451 5428 5405 5391 5378 5368 5361 5357 5355 5356
6047 6082 6119 6151 6174 6193 6194 6207 6205 6229 6257 6274 6269 6261 6255 6240 6224 6206 6186 6165 6152 6157 6167 6176 6185 6199 6234 6283 6332 6367 6409 6444 6468 6477 6486 6496 6493 6481 6464 6448 6426 6393 6365 6354 6347 6354 6340 6335 6340 6352 6380 6432 6487 6499 6523 6552 6630 6688 6769 6894 6929 6844 6704 6513 6443 6410 6344 6227 6095 5954 5796 5637 5549 5486 5442 5423 5403 5386 5374 5364 5358 5354 5352 5353
6083 6107 6125 6152 6176 6195 6210 6215 6214 6244 6280 6296 6268 6235 6223 6214 6202 6185 6167 6155 6145 6149 6156 6162 6170 6184 6225 6274 6323 6358 6397 6437 6476 6508 6524 6512 6484 6462 6438 6408 6378 6376 6385 6364 6360 6352 6341 6337 6342 6354 6377 6437 6471 6486 6519 6548 6594 6655 6717 6844 6892 6811 6676 6500 6433 6396 6329 6235 6127 6009 5871 5686 5552 5477 5386 5419 5402 5385 5371 5361 5355 5350 5348 5350
6118 6123 6134 6155 6178 6198 6212 6207 6225 6251 6278 6291 6250 6217 6203 6194 6185 6173 6165 6163 6166 6157 6160 6164 6171 6188 6228 6274 6319 6355 6400 6445 6493 6544 6560 6500 6473 6451 6425 6391 6356 6357 6352 6347 6355 6354 6340 6335 6347 6371 6403 6458 6453 6481 6531 6587 6632 6660 6704 6814 6866 6785 6651 6500 6428 6382 6320 6244 6158 6067 5963 5718 5554 5485 5439 5423 5406 5391 5372 5359 5352 5347 5341 5337
6126 6147 6156 6162 6179 6199 6218 6202 6234 6248 6249 6235 6218 6197 6186 6179 6173 6168 6166 6180 6196 6178 6178 6179 6183 6208 6247 6293 6340 6374 6416 6465 6520 6576 6613 6515 6473 6447 6427 6403 6382 6354 6329 6325 6342 6341 6337 6344 6361 6386 6417 6435 6438 6472 6542 6614 6660 6679 6717 6803 6841 6778 6658 6515 6426 6371 6320 6254 6187 6109 6004 5851 5610 5516 5450 5425 5406 5387 5372 5362 5353 5344 5336 5328
6121 6107 6123 6152 6172 6192 6203 6209 6238 6243 6230 6207 6196 6182 6175 6173 6171 6173 6185 6194 6220 6206 6219 6221 6213 6230 6278 6325 6367 6390 6433 6478 6533 6617 6627 6548 6486 6458 6435 6414 6394 6353 6320 6315 6330 6332 6341 6352 6369 6392 6412 6420 6424 6465 6541 6616 6656 6692 6737 6800 6841 6799 6704 6553 6450 6377 6320 6271 6230 6166 6094 5957 5727 5560 5469 5428 5404 5385 5375 5365 5354 5343 5332 5323
6113 6113 6131 6140 6154 6172 6205 6245 6236 6233 6230 6213 6189 6168 6170 6175 6184 6183 6180 6192 6221 6248 6307 6314 6274 6275 6327 6371 6397 6425 6454 6482 6511 6557 6574 6520 6501 6475 6448 6425 6394 6361 6327 6311 6325 6340 6354 6363 6377 6395 6412 6424 6446 6483 6537 6589 6639 6688 6742 6801 6852 6837 6782 6660 6485 6388 6336 6282 6217 6169 6135 6012 5730 5578 5480 5432 5401 5388 5376 5364 5355 5344 5332 5322
6092 6114 6143 6137 6124 6124 6163 6276 6234 6244 6236 6206 6169 6153 6170 6189 6206 6212 6208 6228 6287 6397 6484 6480 6411 6389 6414 6427 6420 6441 6467 6483 6511 6522 6528 6536 6521 6489 6459 6433 6418 6396 6357 6333 6336 6345 6362 6370 6381 6400 6417 6436 6482 6510 6555 6594 6626 6658 6726 6792 6848 6854 6836 6813 6615 6484 6415 6328 6239 6161 6123 6117 5783 5592 5493 5435 5406 5388 5380 5368 5359 5348 5335 5320
6095 6116 6143 6121 6068 6022 5998 6021 6159 6271 6249 6172 6131 6139 6173 6210 6247 6280 6311 6377 6526 6712 6741 6698 6654 6567 6502 6470 6440 6446 6454 6476 6478 6501 6523 6514 6515 6490 6461 6429 6396 6372 6365 6353 6350 6357 6368 6380 6396 6412 6430 6459 6529 6549 6585 6621 6648 6674 6721 6776 6819 6842 6850 6855 6821 6670 6530 6406 6287 6159 6043 6100 5807 5637 5522 5430 5409 5393 5385 5374 5366 5355 5341 5327
6097 6132 6201 6110 6015 5916 5815 5756 6022 6291 6268 6185 6137 6144 6186 6241 6304 6377 6478 6626 6800 6997 6972 6859 6754 6645 6554 6508 6472 6461 6460 6472 6457 6462 6461 6469 6497 6485 6459 6427 6387 6354 6357 6356 6358 6361 6372 6391 6414 6426 6444 6480 6536 6555 6591 6629 6669 6708 6728 6766 6799 6824 6858 6882 6901 6797 6635 6485 6343 6203 6049 6054 5881 5740 5627 5449 5415 5402 5397 5389 5379 5366 5352 5337
6109 6154 6189 6089 5976 5849 5716 5634 5899 6257 6268 6195 6143 6154 6195 6255 6338 6440 6601 6849 7019 7143 7103 6915 6735 6638 6562 6513 6485 6475 6475 6483 6453 6444 6425 6445 6476 6478 6461 6437 6407 6384 6370 6367 6366 6372 6381 6399 6413 6437 6464 6507 6553 6576 6597 6630 6662 6694 6719 6759 6806 6843 6824 6843 6898 6834 6710 6566 6426 6298 6168 5955 5857 5797 5836 5554 5451 5429 5420 5411 5394 5377 5361 5347
6111 6156 6114 6075 5975 5850 5724 5637 5841 6201 6252 6194 6127 6152 6195 6257 6338 6449 6581 6767 6961 7190 7113 6893 6709 6617 6562 6524 6499 6490 6495 6505 6497 6462 6445 6449 6477 6476 6467 6453 6438 6414 6397 6381 6374 6383 6400 6417 6433 6458 6491 6542 6577 6598 6627 6639 6642 6649 6693 6744 6797 6829 6825 6823 6897 6838 6734 6617 6491 6360 6220 6041 5908 5771 5738 5716 5534 5479 5446 5426 5405 5384 5366 5353
6098 6124 6170 6108 6014 5914 5826 5786 5926 6210 6225 6179 6140 6145 6185 6242 6314 6395 6466 6570 6751 6961 6933 6782 6652 6584 6547 6522 6517 6513 6512 6504 6496 6479 6474 6475 6475 6471 6470 6470 6471 6466 6432 6406 6401 6421 6436 6446 6461 6486 6518 6551 6586 6612 6676 6647 6631 6636 6671 6724 6777 6812 6836 6843 6877 6810 6723 6623 6512 6401 6286 6186 6052 5816 5716 5688 5574 5508 5465 5438 5410 5384 5370 5356
6078 6096 6195 6134 6055 5988 5960 6001 6120 6147 6160 6145 6107 6131 6175 6220 6270 6321 6353 6391 6555 6692 6691 6633 6562 6540 6524 6521 6513 6518 6510 6496 6484 6483 6475 6468 6463 6467 6474 6483 6486 6470 6448 6437 6443 6458 6473 6473 6488 6510 6538 6556 6578 6600 6630 6636 6623 6619 6651 6703 6760 6810 6818 6927 6869 6790 6722 6645 6551 6422 6274 6182 6033 5872 5794 5662 5620 5536 5496 5453 5409 5384 5374 5362
6063 6076 6109 6115 6081 6049 6052 6100 6153 6118 6116 6127 6119 6125 6167 6207 6244 6274 6293 6326 6442 6523 6556 6532 6507 6509 6513 6522 6518 6515 6507 6497 6492 6486 6477 6469 6460 6462 6477 6493 6503 6482 6458 6459 6467 6475 6479 6489 6507 6527 6556 6565 6572 6594 6624 6627 6624 6619 6637 6684 6740 6794 6798 6813 6789 6767 6735 6686 6631 6521 6371 6238 6088 5955 5895 5750 5751 5648 5576 5498 5412 5410 5395 5380
6051 6054 6085 6097 6084 6071 6075 6096 6107 6106 6106 6109 6113 6134 6162 6191 6213 6236 6260 6314 6412 6471 6502 6463 6459 6480 6493 6503 6506 6505 6503 6500 6496 6495 6488 6470 6468 6467 6486 6504 6519 6501 6477 6473 6481 6479 6483 6503 6529 6559 6558 6579 6595 6595 6609 6617 6633 6622 6627 6659 6706 6773 6779 6790 6779 6770 6763 6754 6743 6712 6562 6374 6208 6070 5954 5866 5818 5797 5716 5623 5533 5514 5459 5431
6044 6069 6085 6086 6078 6066 6080 6091 6091 6098 6102 6107 6132 6156 6163 6180 6200 6221 6245 6302 6394 6420 6425 6430 6439 6458 6474 6487 6496 6501 6502 6501 6505 6516 6522 6528 6512 6489 6495 6510 6520 6510 6492 6483 6475 6475 6484 6513 6545 6566 6565 6581 6593 6590 6594 6586 6585 6588 6590 6623 6653 6663 6713 6736 6750 6756 6770 6797 6839 6872 6770 6534 6335 6208 6096 5979 5929 5886 5834 5785 5768 5694 5623 5554
6023 6038 6051 6060 6071 6084 6083 6089 6099 6100 6105 6118 6135 6151 6167 6182 6202 6223 6246 6289 6346 6381 6404 6429 6436 6454 6469 6482 6495 6502 6506 6509 6524 6539 6554 6562 6541 6499 6502 6520 6532 6528 6511 6500 6480 6479 6499 6530 6549 6564 6558 6560 6569 6560 6544 6550 6541 6563 6576 6601 6618 6639 6621 6695 6713 6725 6760 6807 6875 6969 6839 6641 6445 6325 6196 6097 6032 5984 5946 5899 5882 5827 5801 5696
6013 6021 6029 6040 6052 6057 6076 6091 6110 6107 6089 6117 6140 6157 6166 6184 6206 6232 6262 6296 6336 6363 6381 6399 6433 6454 6470 6483 6494 6505 6515 6535 6546 6557 6572 6590 6556 6512 6503 6520 6551 6547 6558 6521 6496 6489 6501 6528 6531 6552 6544 6533 6524 6526 6532 6541 6558 6569 6580 6596 6599 6592 6587 6640 6674 6689 6728 6769 6813 6835 6819 6721 6600 6434 6316 6222 6109 6051 6014 5951 5893 5854 5830 5775
5995 6003 6014 6025 6036 6046 6060 6081 6104 6100 6089 6129 6137 6141 6158 6183 6210 6241 6275 6307 6333 6358 6372 6416 6442 6457 6470 6482 6495 6508 6528 6556 6559 6562 6568 6566 6541 6499 6498 6508 6518 6531 6526 6519 6507 6499 6484 6476 6498 6502 6508 6515 6518 6519 6528 6535 6553 6576 6606 6601 6589 6581 6585 6597 6637 6660 6694 6720 6740 6772 6775 6759 6755 6599 6409 6288 6167 6098 6037 5995 5933 5885 5850 5842
5970 5990 6008 6035 6015 6020 6043 6063 6077 6084 6100 6138 6129 6120 6148 6179 6211 6246 6286 6314 6342 6371 6406 6449 6450 6458 6469 6481 6494 6508 6522 6541 6551 6553 6552 6545 6522 6497 6487 6494 6500 6505 6517 6501 6503 6506 6484 6488 6488 6482 6493 6505 6516 6521 6519 6530 6551 6569 6578 6579 6580 6583 6582 6591 6625 6652 6680 6679 6677 6671 6706 6732 6765 6793 6628 6496 6330 6227 6139 6116 6042 5984 5990 5940
5952 5968 5976 5991 6000 6011 6031 6049 6063 6072 6087 6102 6117 6131 6149 6175 6206 6239 6277 6309 6340 6379 6421 6437 6449 6458 6468 6480 6492 6505 6518 6531 6538 6541 6537 6524 6503 6474 6475 6486 6489 6482 6464 6468 6477 6478 6479 6488 6489 6481 6494 6495 6503 6511 6512 6537 6562 6562 6554 6556 6565 6580 6586 6609 6658 6696 6714 6679 6639 6624 6644 6652 6669 6740 6796 6785 6635 6527 6455 6369 6228 6096 6082 6077
5957 5965 5978 5991 5998 6008 6025 6041 6055 6069 6077 6092 6111 6130 6149 6170 6196 6225 6264 6294 6326 6368 6416 6428 6443 6456 6469 6482 6493 6503 6513 6520 6531 6536 6531 6520 6509 6497 6484 6487 6484 6473 6461 6459 6462 6464 6481 6495 6483 6481 6470 6477 6491 6505 6530 6578 6568 6557 6553 6555 6553 6555 6577 6628 6732 6841 6787 6699 6628 6602 6609 6616 6611 6648 6671 6722 6809 6850 6812 6663 6501 6392 6341 6285
5960 5971 5982 5993 5996 6009 6026 6041 6055 6069 6082 6097 6112 6130 6149 6169 6189 6209 6235 6280 6325 6372 6400 6426 6442 6456 6470 6483 6492 6501 6509 6522 6540 6552 6548 6537 6517 6522 6515 6499 6486 6472 6457 6446 6446 6458 6465 6473 6446 6436 6431 6458 6488 6508 6495 6520 6539 6542 6539 6535 6537 6519 6513 6602 6746 6906 6807 6699 6624 6594 6589 6588 6591 6604 6621 6641 6711 6748 6805 6775 6737 6743 6644 6508
5966 5979 5990 6000 6011 6021 6033 6045 6056 6066 6084 6104 6119 6130 6147 6173 6192 6207 6234 6278 6321 6361 6402 6426 6445 6461 6475 6487 6498 6506 6507 6534 6566 6592 6607 6594 6555 6583 6573 6538 6506 6476 6447 6424 6418 6418 6419 6415 6415 6421 6418 6451 6483 6497 6496 6519 6524 6525 6523 6527 6516 6489 6477 6541 6656 6735 6707 6654 6611 6583 6575 6571 6573 6585 6601 6611 6623 6621 6702 6775 6855 6915 6789 6654
