real_craters/C173-750m.grd
DSAA
178 178
-66.29 66.29
-66.29 66.29
5261.2144027385 7435.2731327645
[rows 76 to 113 of 178, columns 84 to 167 of 178]
5509 5502 5501 5510 5519 5530 5536 5534 5535 5541 5561 5591 5627 5664 5693 5717 5748 5767 5797 5839 5930 6025 6097 6150 6303 6570 6663 6652 6595 6513 6428 6399 6372 6371 6356 6364 6357 6383 6333 6333 6339 6345 6350 6352 6351 6348 6333 6341 6364 6386 6419 6469 6498 6530 6534 6517 6510 6504 6501 6523 6554 6581 6590 6577 6551 6506 6455 6411 6378 6351 6362 6379 6397 6421 6582 6566 6453 6480 6728 7075 6934 6715 6485 6357
5489 5484 5480 5479 5485 5492 5499 5504 5510 5515 5533 5561 5593 5622 5650 5678 5702 5710 5733 5780 5878 6007 6042 6074 6194 6389 6534 6600 6606 6557 6459 6413 6378 6334 6319 6305 6343 6369 6387 6375 6360 6355 6347 6341 6331 6321 6315 6320 6345 6374 6404 6429 6461 6491 6496 6484 6470 6449 6440 6446 6457 6479 6507 6526 6558 6566 6492 6427 6382 6355 6378 6400 6436 6475 6556 6506 6441 6473 6706 6945 6626 6416 6325 6306
5465 5465 5464 5456 5456 5461 5469 5477 5485 5490 5507 5532 5560 5587 5612 5637 5657 5663 5682 5721 5821 5914 5992 6039 6138 6289 6460 6577 6633 6608 6504 6455 6413 6333 6309 6307 6334 6359 6379 6383 6372 6356 6341 6327 6310 6300 6301 6306 6318 6341 6356 6382 6412 6429 6445 6443 6430 6418 6408 6406 6407 6416 6442 6464 6479 6482 6463 6421 6391 6375 6378 6425 6499 6590 6530 6439 6442 6457 6540 6627 6520 6409 6309 6269
5439 5438 5438 5427 5426 5434 5444 5455 5462 5468 5484 5508 5534 5558 5579 5596 5614 5627 5649 5691 5774 5887 5971 6009 6105 6254 6450 6609 6698 6675 6575 6521 6461 6347 6324 6337 6342 6342 6362 6381 6372 6349 6329 6310 6295 6282 6275 6292 6299 6311 6320 6343 6373 6395 6407 6409 6397 6393 6395 6391 6384 6384 6395 6400 6390 6390 6384 6394 6393 6389 6395 6440 6517 6535 6477 6405 6428 6423 6417 6436 6412 6375 6312 6269
5413 5402 5399 5395 5396 5407 5420 5434 5444 5452 5467 5489 5511 5533 5551 5567 5587 5605 5632 5671 5729 5827 5935 6005 6101 6268 6494 6692 6818 6772 6679 6622 6535 6377 6354 6372 6370 6353 6377 6409 6366 6336 6312 6289 6271 6259 6258 6255 6264 6270 6281 6309 6342 6376 6381 6386 6384 6375 6372 6368 6360 6356 6360 6360 6350 6350 6364 6377 6383 6390 6405 6432 6477 6475 6426 6383 6385 6377 6367 6364 6347 6318 6309 6279
5393 5379 5373 5368 5369 5382 5398 5416 5432 5443 5454 5471 5489 5507 5525 5544 5566 5591 5625 5657 5692 5768 5918 5984 6131 6324 6556 6789 6984 6974 6831 6733 6653 6428 6394 6404 6396 6374 6363 6346 6335 6315 6294 6273 6252 6234 6222 6232 6237 6242 6256 6286 6311 6326 6350 6363 6378 6356 6352 6342 6338 6336 6342 6348 6345 6342 6352 6364 6377 6408 6425 6432 6445 6418 6391 6367 6358 6343 6341 6336 6357 6353 6313 6277
5385 5373 5360 5350 5348 5361 5379 5399 5417 5431 5444 5457 5473 5490 5508 5525 5548 5578 5623 5650 5668 5740 5879 5962 6162 6373 6601 6843 7090 7093 6923 6782 6673 6488 6454 6435 6423 6405 6381 6321 6305 6291 6275 6255 6235 6216 6203 6208 6213 6225 6248 6268 6304 6325 6321 6323 6318 6327 6344 6334 6322 6325 6341 6355 6354 6344 6340 6351 6381 6418 6431 6426 6414 6385 6370 6360 6347 6321 6306 6317 6345 6352 6312 6279
5382 5370 5352 5338 5330 5340 5358 5379 5403 5429 5431 5441 5457 5474 5492 5510 5531 5561 5600 5630 5654 5711 5799 5911 6172 6380 6595 6811 7002 7062 6956 6778 6599 6536 6487 6465 6445 6400 6357 6312 6290 6279 6262 6243 6221 6202 6190 6182 6190 6202 6222 6241 6257 6276 6286 6286 6285 6298 6334 6333 6327 6330 6354 6381 6385 6356 6338 6337 6358 6391 6410 6420 6393 6365 6353 6351 6345 6316 6293 6283 6276 6279 6290 6281
5381 5371 5353 5334 5317 5320 5334 5353 5379 5390 5402 5422 5442 5462 5480 5500 5521 5549 5582 5614 5647 5691 5747 5861 6053 6348 6567 6750 6885 7069 6975 6794 6607 6548 6496 6462 6427 6395 6344 6308 6288 6274 6261 6235 6211 6190 6176 6173 6176 6185 6199 6214 6226 6244 6262 6266 6271 6296 6328 6340 6354 6359 6401 6438 6431 6389 6347 6318 6330 6341 6376 6388 6376 6336 6333 6344 6334 6355 6317 6269 6248 6261 6293 6302
5383 5386 5371 5339 5308 5302 5310 5323 5333 5348 5376 5404 5430 5453 5475 5496 5517 5544 5573 5608 5646 5687 5737 5911 6235 6378 6544 6724 6941 7100 7009 6862 6685 6551 6486 6477 6457 6437 6389 6338 6312 6293 6267 6233 6202 6178 6163 6160 6162 6180 6196 6200 6202 6232 6262 6276 6280 6294 6328 6364 6391 6423 6488 6554 6531 6498 6377 6308 6310 6330 6349 6366 6369 6307 6304 6312 6304 6354 6292 6254 6250 6298 6351 6371
5382 5398 5389 5343 5301 5285 5290 5300 5315 5335 5364 5394 5423 5449 5473 5496 5520 5545 5571 5608 5652 5698 5758 5943 6214 6360 6509 6674 6847 7052 7049 6944 6773 6621 6519 6531 6537 6544 6521 6457 6390 6346 6295 6247 6198 6160 6142 6140 6150 6194 6206 6203 6202 6243 6287 6326 6339 6342 6393 6411 6425 6456 6579 6765 6690 6432 6363 6321 6290 6311 6318 6318 6302 6278 6274 6279 6278 6283 6272 6293 6364 6401 6436 6450
5373 5389 5387 5339 5289 5267 5272 5286 5308 5327 5357 5394 5426 5453 5477 5498 5520 5544 5571 5609 5661 5713 5786 5917 6111 6298 6469 6645 6848 7049 7078 7078 6936 6718 6633 6611 6637 6690 6751 6674 6520 6413 6327 6257 6200 6157 6131 6128 6139 6185 6210 6218 6240 6274 6319 6364 6390 6409 6432 6470 6491 6473 6594 6866 6742 6436 6343 6294 6272 6279 6278 6265 6239 6240 6244 6252 6255 6270 6296 6455 6592 6494 6482 6503
5364 5373 5367 5337 5287 5261 5267 5280 5300 5329 5364 5402 5434 5459 5480 5499 5518 5538 5564 5603 5651 5714 5790 5876 6033 6240 6442 6657 6940 7083 7100 7084 6958 6762 6625 6694 6748 6825 6887 6810 6625 6466 6352 6267 6202 6157 6136 6136 6164 6197 6215 6232 6254 6298 6347 6390 6411 6429 6467 6473 6484 6465 6510 6649 6591 6437 6333 6290 6270 6261 6247 6234 6213 6216 6218 6222 6223 6234 6296 6431 6387 6436 6485 6556
5363 5379 5386 5359 5308 5276 5289 5297 5308 5353 5391 5423 5446 5465 5483 5500 5515 5530 5557 5595 5644 5700 5764 5843 6029 6237 6441 6654 6947 7110 7111 7034 6918 6781 6712 6752 6845 6919 6932 6851 6632 6466 6350 6269 6204 6162 6153 6164 6179 6204 6237 6259 6282 6316 6359 6415 6394 6413 6454 6480 6514 6443 6411 6406 6387 6333 6302 6275 6266 6254 6241 6264 6261 6228 6204 6196 6196 6195 6228 6258 6254 6352 6475 6580
5360 5389 5417 5405 5363 5325 5353 5356 5369 5405 5447 5452 5461 5473 5486 5499 5511 5525 5553 5598 5640 5696 5770 5900 6101 6280 6473 6695 7050 7133 7128 7116 6932 6776 6661 6711 6806 6863 6870 6793 6555 6416 6329 6267 6216 6185 6195 6210 6242 6279 6278 6282 6303 6329 6349 6358 6386 6407 6427 6432 6441 6390 6330 6321 6311 6294 6283 6264 6255 6242 6238 6297 6332 6252 6206 6181 6176 6195 6213 6216 6232 6318 6438 6556
5356 5394 5448 5453 5451 5478 5455 5434 5432 5451 5472 5464 5461 5467 5481 5498 5508 5518 5553 5607 5667 5706 5829 6067 6185 6321 6503 6742 7065 7120 7089 7037 6905 6763 6647 6663 6725 6743 6724 6599 6427 6349 6310 6276 6249 6238 6247 6256 6273 6308 6324 6332 6339 6351 6358 6368 6411 6440 6459 6420 6373 6336 6306 6294 6309 6298 6276 6254 6230 6221 6217 6238 6254 6237 6206 6180 6176 6179 6197 6202 6216 6303 6417 6536
5343 5377 5418 5446 5482 5529 5517 5518 5496 5472 5459 5454 5455 5462 5474 5491 5507 5526 5559 5595 5647 5716 5848 6036 6170 6316 6491 6734 6987 7047 7040 6939 6857 6740 6651 6650 6655 6663 6603 6535 6372 6317 6308 6299 6280 6272 6280 6298 6330 6364 6369 6378 6377 6383 6396 6420 6460 6448 6418 6371 6326 6295 6275 6265 6289 6289 6276 6262 6245 6211 6194 6203 6210 6206 6190 6172 6169 6173 6184 6194 6197 6287 6401 6515
5326 5348 5369 5402 5450 5486 5503 5506 5494 5465 5439 5435 5440 5452 5469 5488 5504 5531 5566 5612 5666 5738 5847 5975 6127 6280 6437 6591 6815 6933 6990 7004 6827 6697 6600 6574 6561 6512 6495 6434 6365 6336 6335 6346 6361 6350 6343 6381 6452 6444 6407 6382 6399 6416 6440 6462 6472 6428 6377 6342 6302 6268 6252 6247 6259 6262 6268 6258 6219 6199 6189 6197 6195 6185 6168 6158 6161 6165 6176 6181 6195 6279 6403 6508
5322 5328 5340 5365 5406 5436 5461 5483 5463 5441 5416 5416 5432 5446 5468 5489 5509 5537 5574 5616 5669 5742 5838 5953 6095 6246 6414 6620 6781 6840 6839 6820 6740 6632 6527 6480 6493 6486 6464 6415 6386 6369 6368 6391 6435 6426 6417 6446 6499 6452 6432 6418 6424 6435 6456 6467 6444 6391 6371 6345 6291 6246 6239 6230 6221 6225 6231 6221 6174 6189 6193 6200 6184 6171 6163 6151 6154 6158 6174 6178 6206 6305 6432 6536
5317 5318 5325 5344 5374 5405 5414 5382 5418 5418 5405 5410 5428 5449 5467 5490 5518 5549 5577 5608 5664 5739 5834 5948 6085 6231 6393 6627 6783 6774 6742 6711 6653 6570 6485 6440 6457 6471 6462 6449 6416 6381 6395 6415 6429 6446 6444 6418 6438 6430 6456 6472 6450 6444 6432 6436 6431 6402 6384 6364 6299 6239 6222 6201 6190 6183 6174 6157 6149 6184 6192 6159 6161 6158 6152 6153 6149 6162 6175 6183 6272 6402 6516 6619
5311 5312 5316 5326 5350 5371 5383 5392 5396 5401 5400 5409 5427 5449 5472 5495 5518 5549 5581 5600 5671 5754 5883 5979 6097 6243 6381 6587 6728 6712 6667 6642 6585 6520 6458 6423 6437 6440 6450 6470 6450 6407 6424 6440 6436 6446 6454 6409 6390 6418 6448 6462 6450 6446 6453 6421 6419 6432 6385 6355 6301 6228 6191 6153 6152 6149 6138 6130 6135 6144 6150 6134 6140 6144 6146 6148 6149 6163 6183 6209 6371 6509 6599 6701
5315 5314 5316 5321 5339 5356 5367 5373 5383 5391 5395 5408 5426 5450 5472 5496 5521 5558 5595 5633 5700 5794 5908 6046 6180 6301 6437 6681 6744 6682 6606 6570 6532 6484 6440 6418 6426 6434 6446 6457 6454 6443 6467 6479 6479 6427 6391 6370 6389 6405 6414 6423 6419 6420 6426 6429 6428 6429 6400 6357 6295 6210 6158 6130 6125 6134 6137 6137 6108 6099 6118 6132 6125 6129 6142 6147 6152 6165 6192 6252 6354 6493 6668 6777
5325 5321 5321 5328 5338 5352 5364 5369 5376 5385 5391 5407 5427 5453 5479 5505 5532 5579 5633 5693 5752 5829 5959 6094 6237 6392 6556 6763 6773 6658 6543 6514 6485 6450 6416 6393 6406 6425 6436 6435 6442 6493 6514 6514 6466 6396 6339 6359 6375 6358 6361 6372 6374 6365 6356 6352 6385 6397 6353 6355 6304 6213 6168 6143 6137 6139 6136 6128 6103 6085 6092 6100 6103 6107 6116 6127 6144 6174 6219 6302 6432 6605 6825 6928
5335 5326 5325 5329 5338 5348 5355 5360 5369 5379 5383 5400 5425 5457 5493 5524 5550 5619 5685 5762 5845 5944 6077 6165 6292 6493 6738 6936 6824 6637 6478 6464 6444 6418 6391 6370 6390 6416 6437 6422 6423 6491 6552 6582 6526 6387 6306 6313 6333 6342 6364 6362 6340 6309 6279 6287 6335 6365 6354 6376 6351 6255 6215 6200 6181 6157 6137 6132 6115 6109 6079 6074 6078 6082 6088 6108 6142 6193 6261 6428 6681 6944 7069 7163
5334 5325 5328 5334 5341 5346 5351 5354 5365 5375 5377 5394 5426 5467 5513 5565 5625 5698 5776 5859 5950 6049 6152 6230 6347 6580 6822 7019 6842 6613 6435 6432 6418 6397 6374 6354 6366 6400 6423 6412 6414 6495 6549 6603 6548 6371 6289 6299 6325 6349 6376 6367 6325 6283 6269 6282 6299 6330 6339 6347 6330 6292 6272 6267 6232 6187 6140 6123 6111 6088 6069 6059 6057 6059 6071 6104 6151 6241 6379 6646 6938 7186 7250 7337
5334 5326 5332 5338 5342 5345 5351 5356 5363 5367 5378 5396 5434 5478 5535 5604 5695 5790 5892 5957 5989 6056 6162 6307 6455 6689 6896 6969 6798 6590 6431 6424 6408 6389 6368 6347 6354 6386 6403 6404 6402 6444 6482 6480 6441 6350 6311 6326 6360 6401 6435 6392 6324 6261 6247 6272 6292 6297 6299 6301 6290 6288 6318 6333 6278 6227 6187 6154 6130 6096 6065 6046 6038 6041 6066 6109 6192 6354 6591 6870 7080 7148 7276 7395
5348 5341 5341 5341 5342 5346 5349 5358 5367 5371 5385 5407 5450 5507 5573 5640 5717 5868 5978 6031 6054 6105 6227 6427 6637 6798 6883 6853 6726 6553 6430 6425 6406 6389 6374 6360 6366 6388 6400 6402 6405 6418 6430 6435 6411 6372 6377 6402 6440 6480 6494 6431 6333 6249 6239 6262 6273 6277 6278 6276 6271 6280 6315 6340 6279 6255 6238 6214 6172 6108 6066 6040 6025 6024 6053 6144 6289 6453 6647 6946 7075 7126 7235 7344
5372 5363 5356 5354 5351 5354 5360 5366 5378 5388 5404 5423 5472 5554 5641 5728 5823 5959 6099 6094 6137 6204 6344 6555 6782 6863 6823 6772 6670 6529 6444 6427 6408 6391 6381 6378 6393 6397 6399 6408 6420 6421 6416 6432 6428 6429 6463 6504 6537 6579 6601 6480 6341 6227 6214 6230 6234 6243 6250 6261 6262 6273 6279 6276 6271 6254 6250 6233 6188 6108 6066 6033 6016 6014 6043 6129 6325 6526 6741 6925 7022 7085 7161 7207
5413 5390 5381 5384 5388 5377 5367 5378 5399 5421 5442 5463 5510 5620 5730 5848 5940 6019 6092 6137 6224 6327 6474 6646 6801 6845 6843 6759 6645 6537 6465 6430 6404 6386 6376 6375 6393 6389 6390 6399 6414 6428 6436 6434 6452 6485 6546 6597 6597 6639 6656 6502 6337 6210 6191 6199 6198 6210 6237 6259 6271 6265 6258 6243 6238 6232 6240 6234 6204 6108 6047 6024 6009 6010 6033 6100 6287 6533 6783 6917 6983 7048 7069 7012
5491 5431 5423 5429 5433 5436 5410 5412 5463 5504 5525 5545 5598 5704 5819 5943 6023 6057 6096 6169 6287 6468 6606 6708 6777 6790 6783 6723 6610 6502 6458 6422 6393 6370 6352 6335 6337 6340 6352 6375 6401 6432 6457 6460 6473 6506 6579 6566 6570 6584 6597 6469 6310 6194 6185 6191 6203 6231 6250 6267 6281 6303 6262 6233 6215 6229 6230 6210 6166 6096 6045 6016 6002 6004 6020 6076 6252 6506 6755 6904 6969 6984 6898 6748
5603 5514 5513 5498 5487 5559 5589 5519 5588 5625 5644 5657 5688 5794 5900 6029 6086 6107 6162 6274 6430 6667 6742 6765 6768 6764 6756 6691 6569 6443 6424 6400 6373 6346 6318 6288 6248 6265 6306 6346 6373 6409 6464 6488 6472 6481 6522 6494 6496 6500 6504 6385 6268 6184 6191 6190 6202 6233 6258 6274 6289 6281 6248 6220 6218 6200 6198 6178 6149 6082 6033 6002 5987 5984 5997 6054 6220 6488 6751 6887 6941 6911 6716 6478
5721 5709 5649 5593 5556 5580 5668 5786 5774 5774 5781 5800 5830 5897 5963 6060 6137 6194 6303 6463 6633 6854 6834 6810 6789 6780 6832 6687 6541 6416 6401 6380 6354 6324 6290 6251 6206 6213 6260 6308 6329 6366 6464 6471 6425 6413 6429 6436 6430 6383 6319 6288 6237 6196 6194 6199 6215 6243 6266 6284 6286 6241 6204 6184 6181 6163 6148 6141 6118 6059 6006 5985 5972 5968 5978 6031 6190 6499 6759 6832 6810 6751 6524 6265
5805 5767 5729 5702 5701 5708 5791 5925 5923 5913 5919 5942 5997 5994 6011 6084 6212 6345 6519 6724 6806 6823 6839 6806 6791 6843 6784 6646 6511 6406 6387 6362 6333 6301 6266 6229 6190 6183 6214 6243 6268 6300 6358 6366 6344 6310 6327 6390 6415 6385 6312 6265 6239 6225 6227 6234 6248 6259 6280 6288 6293 6227 6193 6164 6142 6134 6127 6113 6083 6029 5987 5975 5964 5955 5965 6016 6168 6488 6638 6630 6563 6462 6256 6106
5892 5834 5799 5813 5854 5890 5918 5962 6006 6044 6066 6070 6062 6049 6054 6127 6321 6554 6745 6927 6947 6889 6824 6758 6694 6637 6625 6567 6471 6385 6378 6350 6318 6284 6251 6219 6190 6175 6177 6182 6203 6242 6287 6299 6281 6254 6280 6359 6435 6444 6339 6277 6259 6267 6276 6248 6276 6300 6298 6292 6264 6202 6181 6153 6132 6126 6114 6097 6069 6026 5990 5975 5959 5949 5954 6000 6145 6472 6426 6337 6281 6196 6058 6006
6019 5933 5882 5929 5975 6011 6051 6061 6113 6194 6229 6218 6159 6128 6131 6194 6432 6687 6871 6967 6968 6919 6803 6690 6588 6510 6524 6504 6463 6418 6382 6348 6312 6276 6241 6209 6183 6170 6147 6133 6149 6185 6265 6284 6250 6233 6263 6350 6434 6443 6374 6311 6266 6268 6275 6246 6282 6315 6316 6303 6273 6205 6178 6127 6124 6117 6103 6092 6069 6040 6008 5986 5964 5948 5945 5978 6100 6294 6255 6208 6128 6032 5970 5947
6197 6098 6037 6114 6167 6191 6261 6268 6308 6392 6432 6434 6397 6363 6330 6344 6551 6801 6938 7021 6964 6892 6764 6635 6523 6474 6489 6474 6447 6417 6388 6353 6315 6275 6235 6197 6160 6132 6112 6102 6114 6145 6189 6233 6237 6225 6276 6341 6420 6436 6388 6339 6319 6297 6304 6326 6337 6346 6328 6309 6290 6213 6160 6129 6119 6123 6112 6100 6082 6054 6029 6001 5979 5957 5944 5954 5996 6076 6134 6162 6056 5962 5917 5911
6417 6358 6342 6393 6464 6524 6565 6594 6636 6653 6653 6672 6718 6746 6651 6598 6646 6787 6963 7044 6966 6835 6691 6575 6484 6457 6474 6473 6461 6427 6397 6357 6314 6270 6225 6180 6131 6088 6080 6085 6101 6122 6139 6177 6230 6232 6258 6311 6361 6395 6403 6402 6368 6364 6362 6366 6388 6351 6320 6299 6273 6225 6166 6150 6130 6125 6121 6112 6096 6073 6040 6013 5992 5973 5953 5944 5949 5988 6022 6025 5958 5899 5888 5888
6602 6619 6696 6700 6723 6823 6819 6888 6999 6864 6816 6840 6925 6987 6804 6686 6658 6741 6935 7033 6814 6683 6584 6507 6454 6451 6470 6490 6488 6467 6413 6364 6316 6266 6217 6167 6117 6070 6065 6080 6108 6142 6159 6205 6264 6254 6251 6278 6303 6354 6394 6411 6373 6393 6391 6382 6367 6326 6290 6262 6231 6173 6145 6147 6139 6141 6131 6127 6110 6084 6052 6026 6006 5991 5977 5956 5935 5933 5942 5911 5894 5877 5875 5877
