real_craters/C174-1000m.grd
DSAA
78 78
-38.42 38.42
-38.42 38.42
9918.1868801938 11993.778865665
[rows 30 to 59 of 78, columns 0 to 66 of 78]
11381.2 11387.8 11382 11384.6 11386.1 11373.2 11376.4 11379.2 11389.7 11395.8 11392.4 11386.1 11393.8 11400.3 11409 11424 11451.7 11469.6 11499.1 11539.3 11585.9 11646.4 11415.5 11156.9 10844.8 10574.3 10513.5 10571.5 10608.8 10581.9 10540 10499.6 10457.4 10419.9 10378.5 10340.5 10301.4 10285.1 10275.9 10291.7 10332.1 10400.6 10456.2 10502.8 10541.4 10545.6 10548.8 10560.6 10552.6 10522.4 10551.7 10605.2 10737.8 11086.1 11373.1 11530.1 11656.8 11675.4 11563.2 11502.1 11500.7 11496.8 11500.1 11529.3 11565.9 11562 11547.4
11357.9 11343.7 11386.1 11377.3 11367.8 11370.9 11375.9 11385.2 11391.4 11393.7 11390 11389.8 11391.6 11396.1 11407.1 11424.2 11452.4 11479.3 11522 11581.8 11584.5 11386.9 11100.5 11066.4 10961 10619 10552.1 10657.6 10672.2 10590.9 10524.6 10463 10403 10340 10280.7 10261.9 10265.6 10272.5 10269 10267.5 10278 10326.8 10376.2 10405.9 10410.9 10393.3 10430.1 10458.2 10468 10456.2 10492.5 10575 10681.1 10886.9 11221.3 11475.7 11713 11829.7 11657.1 11505.6 11487.9 11485.6 11499.3 11514.2 11536.9 11548.8 11541.6
11376.9 11371.2 11375.3 11376 11371 11369.6 11378.9 11392.1 11399.7 11401.4 11397.8 11394.8 11400.9 11403.4 11413.4 11424.1 11455.3 11495.3 11540.9 11610.2 11548.9 11230.1 11266.2 10997 10754.2 10573.4 10570.3 10610.4 10604.6 10553.2 10490.8 10429.4 10355.7 10275.7 10206 10194.8 10212.9 10231.8 10237.9 10242.3 10266 10302.9 10325 10326.8 10315.1 10309.8 10361.4 10403 10443.8 10493.1 10503.4 10543.5 10673.5 10854 11117.7 11430.9 11707.2 11851 11744.6 11535.2 11488.1 11491 11502.8 11523.3 11546.5 11543 11542
11367.5 11388.1 11381.6 11373 11365.6 11366.4 11388.5 11406.5 11414.7 11406.1 11393.3 11403 11405.2 11425.1 11428.2 11432.1 11453.4 11477 11538.5 11625.6 11690.9 11385.7 11040.5 10810.4 10609.3 10576.9 10614.3 10589.4 10544.9 10502.6 10450.8 10394.5 10322.5 10247 10167.5 10165.2 10192.8 10225.2 10257.2 10285 10312.8 10311.5 10296.4 10277.9 10259.4 10266.2 10317 10364.3 10422 10626.2 10516.8 10455.8 10641.8 10876.9 11072.1 11387.1 11689.9 11914.8 11793.1 11563.5 11499.1 11528.7 11529.4 11513.6 11519.5 11532.1 11547.5
11367.9 11396.7 11380.6 11371.1 11366.1 11367.2 11398.8 11429.1 11429 11411.8 11392.8 11375.3 11388.1 11401.9 11417.8 11426.8 11446.6 11463.4 11554.2 11775.8 11863.2 11438.5 10900 10652.2 10576.3 10616.8 10644.7 10584.8 10499.4 10448.6 10404.9 10357.6 10309.3 10258.7 10211.6 10218.9 10249.3 10276.6 10347.5 10377.4 10351.2 10315.2 10282.9 10248.6 10222.8 10229.2 10279.9 10338.4 10392.3 10427.3 10429.4 10407.5 10577.7 10793.6 11041.3 11314.5 11629.6 11900.6 11788.8 11540.6 11516.1 11545.3 11523 11513.5 11528.4 11531.3 11548.8
11368.6 11362.8 11368 11367.1 11366.3 11376.6 11405.7 11433.4 11429 11411.8 11395.6 11384.7 11378.1 11380.9 11403.6 11414.3 11428.2 11442.3 11620.9 11862.3 11829.6 11305.4 10804.3 10590.4 10582.4 10636.1 10698.7 10612.8 10472.2 10404.1 10368.7 10339.8 10316.4 10301.7 10284.1 10316.9 10355.6 10366.3 10449.9 10484.9 10401.7 10337.5 10289.1 10236.8 10193.5 10195 10259.3 10329.3 10383.7 10404.7 10404.9 10428.2 10526.9 10639.7 10868.1 11181.9 11498.3 11745.2 11718.2 11561 11564.1 11571.4 11554.2 11526.2 11515.4 11540.5 11543.4
11358.7 11370.7 11366 11366.6 11369.2 11386.9 11407.5 11411.8 11411.6 11406.1 11395.6 11394 11391.6 11396.2 11412.6 11419.7 11427.3 11463.7 11760.2 11958.7 11662.8 11147.6 10776.8 10602.5 10605.6 10690.1 10826.9 10684.8 10483.1 10378.6 10341.7 10327.4 10332.1 10336.4 10361.1 10432.8 10448 10423.1 10447.8 10593.8 10464.2 10382.8 10358.4 10273.2 10178.9 10163.6 10241.9 10321.4 10413.2 10429.1 10437.2 10463.9 10515.2 10580.1 10722.7 11044.4 11355 11587.6 11674.1 11591.8 11568.5 11566.9 11554.9 11520.1 11524.1 11520.4 11533.6
11362.7 11358.7 11362.8 11370.4 11373.5 11384.3 11393.1 11394.5 11396.8 11405.7 11409.9 11398.6 11404.6 11419.2 11430.6 11436.8 11443.3 11462.5 11792.9 11897.8 11555.7 11041.5 10806.3 10729.8 10701.1 10787.1 10943.2 10732.7 10475.5 10355.2 10320.1 10314.5 10342.2 10401 10432 10480.6 10348.3 10162.1 10143.8 10284.1 10408.2 10582.9 10474.6 10321.1 10190.4 10153.5 10205.6 10293.8 10385.3 10451.9 10473.2 10501.5 10540.4 10587.2 10696.5 10967 11264 11515.2 11647.8 11626 11548.4 11538.3 11542.5 11544.4 11536.2 11518.6 11521.7
11350.5 11360.3 11386 11379.4 11375.9 11374.6 11384 11386 11388.8 11409.4 11425.2 11418.7 11427.7 11441.3 11460.1 11452.3 11463.4 11581.2 11852.3 11864.9 11474.5 11028.9 10860.8 10783.3 10808.1 10908.9 10883.9 10690 10450.1 10339.8 10339.9 10361.7 10384.8 10417.8 10454 10400.3 10216.2 10004.4 9955.67 10079.9 10300.2 10631 10524.2 10352.4 10206.1 10166.6 10199 10280 10371.5 10447.3 10486.3 10534.2 10585.2 10634.1 10710 10975.9 11260.9 11497.7 11639.4 11628.4 11531 11528.6 11546.1 11552.7 11526.6 11501 11519.9
11354.2 11371.2 11378.2 11385 11381.8 11378.8 11389.7 11395.1 11406.7 11414.7 11427 11452.5 11429.2 11449.4 11468.9 11465 11491.9 11622.2 11877.6 11870 11413.1 11035.9 10906 10843.7 10844.2 10876.8 10783.2 10648.4 10470.3 10359.6 10361.3 10396.1 10437.9 10462.9 10466.9 10390.9 10153.7 9969.9 9918.19 10018.3 10181.6 10401.1 10427.9 10324.5 10202 10183.5 10225.3 10284 10360.7 10431.2 10491.7 10567 10642.6 10725.1 10837.6 11073.7 11317.5 11506.3 11583.7 11614 11526.4 11518.8 11538.7 11561.3 11516.6 11515.1 11556.9
11353.9 11375.8 11388.7 11388.2 11385.3 11388 11393.3 11402.4 11416.2 11423.4 11429.9 11441.2 11440.9 11455.8 11461.8 11463.1 11516.7 11637.3 11728.9 11804.1 11469.9 11123.3 10949.5 10890.8 10968.9 10897.7 10846.2 10708 10508.1 10385.1 10386.5 10399.9 10432.5 10454 10473.1 10364.6 10169.5 10044.3 10013.5 10153.7 10288.4 10394.1 10386.1 10290.8 10208.8 10204.6 10248.6 10298.6 10347.4 10440 10508.9 10621.4 10716.7 10826.4 11001.9 11256.8 11416.2 11535.6 11578.9 11581.6 11512.2 11504.7 11538.2 11560 11532.9 11522 11543.4
11364.1 11375 11399.1 11389.4 11383.8 11378.1 11380.3 11398.1 11418.1 11441.4 11465.2 11469.4 11473.2 11478.6 11486 11507.5 11596.3 11689.9 11720.9 11802.3 11670.6 11289 10988.3 10866.8 10988.7 10922.6 10851.9 10716.2 10551.9 10441.8 10423.1 10423.8 10426.4 10441 10461 10407.7 10284.9 10211.7 10222 10335.1 10468 10458.2 10369.9 10261.2 10190.1 10213.3 10265.2 10310.4 10375.3 10501.6 10635.8 10708.3 10798.1 10906.8 11061.3 11390.5 11527.3 11593.3 11573.9 11584 11513.4 11501.9 11522.8 11547.2 11544.6 11526.9 11512.5
11348 11366.2 11379.6 11386.7 11385.8 11379 11376.6 11397.6 11421.4 11452.5 11477.4 11487.4 11494.3 11508.1 11535.3 11539.2 11599.6 11609.4 11603.9 11772.1 11800.4 11410.2 11015.3 10845.9 10887.2 10873.2 10792.6 10692.2 10604.8 10527.9 10479.8 10456.1 10437.3 10420.2 10397.4 10393.3 10361.9 10344 10412.2 10414.2 10532 10439.8 10332.2 10244.4 10194 10238.9 10302.2 10331.5 10454.7 10579.7 10695 10792.5 10887.4 10997 11147.6 11470.4 11599 11689.9 11610.8 11554.4 11525.2 11517.2 11527.4 11551.2 11557 11531 11519.8
11368.7 11385.7 11394.6 11396.1 11391.6 11387.2 11382.1 11400.2 11434.1 11451.2 11468.6 11488.3 11495.7 11516.3 11538.6 11525.8 11514.8 11685.3 11579 11716.4 11729.4 11457.7 11060.6 10864.8 10858.8 10841.2 10790.8 10724.7 10661.6 10602.2 10533.1 10482.2 10440 10396 10347.3 10309.2 10302.8 10323.9 10345 10346.7 10388.5 10365.4 10311.2 10249.9 10232.3 10291.3 10364.6 10430 10527.5 10655.5 10778.8 10881.1 10987.5 11101.1 11262.4 11517 11600 11626.7 11610.8 11615.1 11587.4 11553.9 11535.2 11546.6 11551 11524.9 11527.1
11335.3 11378.8 11401.7 11403.1 11394.4 11387.8 11386.3 11397.5 11418.3 11439.7 11465.1 11487.1 11498.6 11508 11516.3 11525.4 11485.7 11605.4 11571.9 11702.8 11811 11520 11189.1 10935.9 10857.7 10842.4 10810.7 10771.4 10695.9 10634.7 10566.1 10508.1 10452.7 10389.2 10320.2 10272.8 10253.5 10267.8 10268.7 10263.1 10296.5 10299.5 10282.4 10276.4 10298.7 10364.3 10430.3 10489.4 10602.4 10729.4 10858.3 10969.7 11091.7 11222.6 11354.4 11459.3 11581.5 11644.3 11622.3 11653.3 11614.4 11548.9 11526.5 11526.9 11525.9 11533.3 11536.6
11332.2 11374.4 11400.9 11397.6 11390.7 11384.3 11390.5 11397.1 11414.7 11453.3 11480.5 11479 11490.9 11492.4 11487.4 11487.1 11479.8 11506.8 11648.3 11775.4 11735.8 11629.7 11387.2 11045.4 10889.4 10863.6 10822.8 10763.9 10696.5 10635.2 10587.6 10539.5 10486.6 10419.3 10329.7 10280.3 10244.5 10249.1 10241.4 10224.7 10229.1 10253.1 10284 10329 10389 10473.5 10549.6 10634.5 10698.9 10793.8 10917.7 11054.2 11197.6 11340 11455.4 11521 11601.5 11645.3 11657.2 11683.1 11611.3 11536.5 11526.2 11529.2 11543.6 11547.5 11551.9
11348.7 11371.7 11385.4 11389.2 11386 11377.7 11371.8 11403.2 11437.2 11473.9 11491.3 11498.2 11489.1 11486 11475.1 11462.7 11463.6 11469.2 11652.5 11821.2 11800.9 11776.4 11681.1 11336.4 11041.5 10955.5 10860.6 10751.8 10683.3 10654.1 10616.3 10578.5 10534.7 10483 10430 10361.5 10298.6 10294 10269.6 10262.9 10272.1 10307.7 10378.4 10422.4 10496.2 10598.6 10710.8 10787.4 10805.9 10843.8 10978.1 11129.1 11283.3 11446.7 11618.5 11701.3 11627.3 11601.2 11650.9 11635.7 11611.9 11564.3 11532.4 11529.3 11551.4 11548.5 11550.5
11376.3 11376.1 11384 11390.4 11385.5 11377.1 11371.9 11412.4 11448.9 11471.8 11486 11494 11482.5 11481.6 11469.3 11455.6 11437.8 11445.9 11542.1 11648.3 11713.9 11833.9 11993.8 11778.6 11358.5 11140.3 10958 10762.8 10698.5 10696.9 10646.3 10603.6 10570.6 10546.8 10532.7 10471.9 10433.1 10399.6 10369.9 10354.2 10371.7 10394.3 10452.2 10501.3 10591.1 10713.6 10824.9 10888 10934.3 10950.2 11048.9 11182.6 11333.6 11493 11640.7 11700.2 11663.6 11646.6 11640.1 11633.8 11595.3 11553.4 11533.9 11525.4 11536.1 11549.3 11543
11369.9 11363.7 11372 11395.1 11389.2 11383.4 11387.4 11415.4 11442.7 11465.5 11473.1 11475.8 11462.5 11471.1 11457.4 11437.2 11429.9 11439.6 11470.8 11489.7 11569.9 11687.6 11817 11909 11664.4 11377.6 11144.9 10950.3 10822 10734.4 10662.8 10617.9 10585.4 10563 10546.6 10547.6 10540 10510.1 10448.6 10413.8 10446.7 10483.3 10519.8 10569.1 10678.3 10819.8 10963.4 11088.4 11063.5 11086.6 11150.9 11263.6 11394.1 11517.3 11637.2 11697.5 11657.1 11636.7 11616.3 11593.6 11566 11538.9 11537.4 11538.8 11538.2 11540.6 11536.4
11364 11369.8 11368.5 11389.9 11389.5 11388.3 11391.9 11417.6 11422.8 11420.5 11448.7 11452.3 11452.6 11458.9 11449.5 11435.8 11441.8 11474.1 11481.1 11492.6 11508.2 11544.1 11622.2 11869.7 11789.5 11589.4 11354 11141.2 10940 10780.4 10676.5 10637.5 10613.4 10590.2 10591.3 10614.7 10654.1 10644.1 10527.4 10457.2 10529.9 10566.4 10627.6 10654.8 10767 10919.3 11051.5 11123.5 11090.5 11129 11221.9 11321.5 11423.7 11533.3 11600.6 11638.5 11606.1 11587.7 11593.2 11591.8 11569.1 11562.4 11548.8 11541.5 11535.3 11539.7 11542.7
11366.4 11355.4 11363.2 11376 11388.5 11395.4 11398.7 11402.3 11420.6 11430.8 11432.5 11436.4 11435.9 11440.2 11454.8 11453.8 11463.8 11482 11510.3 11469.3 11487 11511.5 11557.2 11683.8 11842 11740 11515 11259.1 11024.9 10854.7 10713.7 10688.3 10688.4 10655.4 10640.4 10685.9 10712.8 10704.7 10639.1 10600.8 10660.1 10724 10722.5 10729.1 10862.5 11017.9 11162 11162.1 11203.1 11264.3 11341.5 11422.4 11493.4 11551.9 11588.1 11590.1 11581.9 11606.1 11600.2 11600.7 11589.5 11586 11559.9 11535.7 11530 11541.3 11542.9
11359.5 11364.2 11352.5 11368.4 11392.5 11405.2 11416.1 11422.2 11425.3 11423.1 11426.3 11428.9 11431.8 11433.7 11440.5 11444.2 11472.4 11495 11488.1 11472.4 11495.7 11543.8 11583.9 11660.5 11833.1 11806.6 11645.2 11471.7 11277.8 11025 10824.8 10806.4 10828.8 10856 10831.4 10792.1 10768 10775.9 10744.9 10740.9 10778.9 10789.6 10813.4 10855.8 10994.5 11130.6 11232.8 11397.3 11428 11442.3 11484.5 11519.9 11552.3 11568.7 11582.3 11608.2 11613.1 11611.2 11596.8 11602 11609.4 11598 11567.1 11536.4 11527.4 11543.6 11554.9
11362.5 11374.2 11367.2 11380.8 11399.5 11412.6 11427.5 11436.4 11426.9 11431.7 11434.3 11436.7 11438.9 11421 11415 11434.5 11468.7 11462.7 11477.6 11475 11498.9 11541.1 11593.7 11648.3 11707.9 11722.1 11711.8 11679.7 11575.5 11304.9 11015.3 10992.9 11006.7 11027.1 10999.1 10942.9 10873.8 10835.7 10871.4 10886.4 11000.5 11003.4 10988.4 11035.4 11167.7 11281 11433.7 11481.3 11522.5 11625.8 11606.7 11580.6 11574.4 11573.7 11589.7 11606 11633.7 11622.8 11604.3 11600.3 11599.8 11598.1 11566.8 11539 11527.1 11539.8 11547
11366.4 11377.3 11383.1 11393.6 11403.1 11415.3 11425.7 11429.8 11429.1 11426.3 11433.2 11441.8 11444.7 11430.8 11416 11438.5 11463.2 11465.9 11480.8 11480.9 11493.9 11528 11550.8 11595.1 11619.9 11654.7 11728 11826.9 11957.4 11644.9 11363.9 11298.1 11209.6 11123.4 11131.7 11140.3 11135.9 11076.9 11112 11090.5 11136.3 11164.1 11157.1 11249.5 11391.6 11483.4 11509.6 11678.4 11930 11796.9 11686.6 11638.2 11612.5 11599.4 11594.7 11590.6 11602 11616.4 11596.7 11595.9 11611 11587.7 11557.9 11540.9 11544.7 11548.6 11558.1
11368.1 11373.3 11384.7 11395.6 11405.4 11414.4 11421.1 11424.3 11431 11424.6 11434.6 11442.9 11442.8 11424.7 11418.7 11429 11449.4 11462.9 11476.1 11469.1 11483 11490.6 11528.4 11562.5 11579.2 11616.9 11688.7 11775.2 11801.6 11778.2 11844.9 11621.8 11435.1 11328.6 11325.1 11372.7 11509.5 11620.3 11446.3 11340.3 11305.1 11297.1 11346 11551.5 11676.1 11761.8 11875.6 11805.5 11698.2 11687 11678.4 11650.8 11619.6 11607.6 11590.7 11587.8 11590.7 11591.2 11571.3 11573.1 11581.3 11545.2 11535.1 11531.1 11528.9 11552.2 11552.6
11374.2 11378.8 11387.7 11399.6 11412.4 11414 11417.1 11421.4 11416.5 11417.7 11423.4 11436.4 11442.5 11434.7 11430.5 11437.3 11441.5 11455.7 11464 11473.4 11485.3 11510.2 11522.4 11540.8 11567.6 11604.6 11627.9 11654.5 11642.3 11709.5 11779.6 11732.9 11650.3 11589.8 11542.8 11568.9 11625.5 11665.2 11701.3 11665.7 11713.1 11815.6 11869.8 11882.3 11803.2 11771.9 11716.5 11645 11577.8 11599.8 11620.3 11618.9 11608.6 11586 11581.5 11578.3 11570.8 11558.4 11535.8 11532.2 11514.5 11500.7 11516 11522.9 11529.1 11551.9 11551.9
11381 11381.5 11392.2 11420.2 11410.4 11410.4 11413 11416.8 11419.2 11410.4 11410.9 11428.5 11442.8 11446.5 11439.9 11440.8 11458.1 11467.5 11478.8 11478.5 11485.8 11497.4 11500.7 11519.2 11544.4 11566.2 11588 11595 11606.6 11643 11679.3 11708.9 11726.2 11752.4 11679.2 11672.8 11761.3 11922 11922.9 11904.1 11903.2 11858.9 11847.7 11718.6 11673.4 11652.9 11612.8 11611.3 11607.1 11599.6 11606.9 11606.6 11599.4 11589.9 11574.6 11559.3 11538.7 11522.8 11502.4 11509.4 11510.6 11516 11517.6 11522.1 11528.1 11542.3 11532.5
11378.8 11389.5 11389.9 11389.9 11394 11406.6 11410.9 11409.5 11408.8 11404.1 11404.8 11419.5 11440 11453.7 11435.6 11444.3 11460.7 11455.3 11451.3 11459.2 11479.1 11491.3 11499 11503 11519.7 11537.4 11549.9 11563.1 11576.7 11598.2 11616.6 11644.7 11668.2 11675.1 11674.9 11674.7 11707.5 11878.7 11906.8 11819.6 11711 11620.4 11577.1 11610.8 11622.8 11648.7 11652.1 11646.5 11642.8 11610.4 11593.8 11581.6 11569.4 11559.5 11547.2 11529 11510.9 11508.2 11503.1 11516.5 11527.3 11526.5 11527.1 11527.4 11531 11541.9 11531.2
11378.2 11381.4 11396.3 11388.5 11403.1 11415 11413.1 11410.4 11403.6 11401.2 11398.7 11411.2 11426.5 11429.1 11435.7 11452.6 11454.1 11457.3 11455.3 11450.1 11476.8 11484.4 11470.3 11483.8 11493.8 11501.3 11518.4 11536.1 11551.5 11569.1 11582.2 11600.5 11615 11624.5 11628.7 11626.9 11643.6 11755.5 11779.6 11729.6 11671.5 11628.3 11612.5 11635.2 11655 11656.2 11651.4 11630.2 11619.4 11606.8 11594.5 11582.8 11574 11557.6 11543.7 11528.9 11514.9 11526.4 11528.7 11526.6 11538.8 11540.5 11536 11533.3 11532 11541.9 11537.3
11377.4 11380 11384.3 11391.2 11416.8 11420.6 11412.9 11406.4 11402.9 11404.7 11403.7 11411.8 11420.3 11426.2 11432.2 11460.9 11472.8 11466.7 11463.3 11467.1 11484.2 11487 11471.6 11470.1 11475.9 11486.8 11499.2 11514.3 11529 11546 11568.6 11588 11594.6 11597.6 11591.9 11594.1 11597.1 11603 11619.5 11655.5 11657.5 11654.6 11650.5 11666.6 11680 11619.1 11601.3 11597.7 11594.3 11602.3 11594.2 11588.2 11580.8 11564.8 11551.4 11537.8 11545.7 11567.9 11559 11543.2 11535 11534.7 11542.7 11541.4 11537.9 11538 11541
