real_craters/C174-300m.grd
DSAA
449 449
-67.235 67.235
-67.235 67.235
10915.954897597 14359.188353444
[rows 90 to 119 of 449, columns 335 to 401 of 449]
12270.7 12272.5 12276.5 12279.2 12281.7 12284.1 12286.3 12288.5 12290.7 12292.5 12294.3 12296 12297.5 12299.1 12299.9 12300.4 12300.4 12299.5 12299.2 12298.9 12298.5 12298.1 12297.6 12297.3 12296.9 12296.5 12296.4 12296.3 12296.3 12296.4 12296.5 12296.6 12297.2 12298.2 12299.3 12299.7 12300.3 12300.5 12300.7 12301.3 12302.7 12304.4 12305.8 12307.2 12309.7 12312.1 12314.5 12316.7 12318.7 12320.5 12322.1 12323.5 12324.7 12325.9 12328.3 12331.1 12333.8 12336.3 12338.1 12338.8 12339.3 12339.8 12340.2 12340.8 12340.1 12339 12338.2
12273.2 12275.1 12278 12280.9 12283.4 12285.7 12287.9 12290.1 12292.1 12294.1 12296 12298 12299.5 12300.8 12301.8 12302.5 12302.8 12302.2 12302.1 12301.7 12301 12300 12299.2 12298.6 12298.1 12297.8 12297.6 12297.5 12297.5 12297.8 12298.1 12298 12297.9 12298.3 12298.9 12299.2 12299.5 12299.7 12299.9 12300.5 12302.2 12304.4 12306.3 12308.1 12310.4 12312.6 12314.7 12316.8 12318.8 12320.6 12322.5 12324.4 12325.6 12326.1 12328.3 12331 12333.6 12336 12337.9 12338.8 12339.6 12340.5 12341.3 12342 12341.6 12340.6 12339.8
12275.9 12277.8 12280.9 12282.8 12285.1 12287.3 12289.5 12291.7 12293.8 12295.8 12297.7 12299.7 12301.5 12302.8 12304.2 12305.2 12306.3 12306.9 12306.8 12305.4 12303.7 12302 12300.8 12300 12299.3 12298.9 12298.7 12298.6 12298.7 12299 12299.2 12299.1 12298.7 12298.8 12299 12299.2 12299.5 12299.7 12300.1 12300.9 12302.6 12304.7 12307.2 12309.3 12311.2 12313.3 12315.1 12317.1 12318.9 12320.9 12322.8 12324.8 12326.1 12326.4 12328.5 12331 12333.5 12335.9 12337.7 12339.4 12340.2 12340.9 12341.6 12342 12342.1 12341.7 12341.2
12278.5 12281 12282.5 12284.6 12286.9 12289.1 12291.3 12293.4 12295.4 12297.5 12299.4 12301.4 12303.4 12305 12306.6 12307.8 12309.3 12311.7 12310.5 12307.8 12305.3 12303.3 12302 12301.1 12300.5 12300 12299.8 12299.7 12299.8 12300 12300.2 12300.2 12299.7 12299.6 12299.7 12299.8 12299.9 12300.1 12300.5 12301.5 12303.2 12305.3 12307.8 12309.9 12311.7 12313.6 12315.4 12317.2 12319.1 12321.1 12322.9 12324.8 12326.1 12327.3 12328.8 12331 12333.4 12335.9 12338.2 12339.1 12339.9 12340.8 12341.8 12342.6 12342.7 12342.5 12342.2
12280.5 12282.8 12284.2 12286.3 12288.5 12290.5 12292.5 12294.6 12296.7 12298.9 12301 12303.3 12305.2 12307.1 12309 12310.4 12312.5 12315.5 12312.8 12308.3 12305.6 12303.8 12302.5 12301.7 12301.1 12300.7 12300.5 12300.5 12300.6 12300.8 12300.9 12301 12300.7 12300.6 12300.5 12300.5 12300.7 12300.9 12301.3 12302.3 12304 12306 12308.2 12310.2 12311.9 12313.7 12315.4 12317.2 12319.2 12321.1 12322.9 12324.8 12326.7 12327.4 12328.9 12330.9 12333.2 12335.5 12337.6 12338.1 12339.1 12340.4 12341.6 12342.6 12343.1 12343.2 12343.1
12281.8 12283.9 12286.8 12287.9 12289.8 12291.7 12293.7 12295.7 12297.7 12299.8 12302.2 12304.4 12306.7 12308.9 12311 12312.9 12314.8 12315.6 12312.5 12307.5 12305.1 12303.6 12302.6 12302 12301.5 12301.3 12301.1 12301.2 12301.3 12301.5 12301.4 12301.3 12301.6 12301.5 12301.4 12301.5 12301.6 12301.9 12302.4 12303.4 12304.9 12306.7 12308.5 12310.3 12312 12313.6 12315.3 12317.2 12319.2 12321.1 12322.8 12324.6 12325.9 12327 12328.7 12330.6 12332.6 12334.7 12336.8 12337.2 12338.2 12340 12341.6 12342.7 12343.4 12343.7 12343.7
12282.7 12283.8 12286.7 12288.8 12290.9 12292.9 12294.8 12296.8 12298.7 12301 12303.1 12305.2 12307.5 12309.9 12312.3 12314.7 12315.4 12313.6 12310.3 12306.1 12304.4 12303.2 12302.5 12302.1 12302 12301.9 12301.7 12301.8 12302.1 12302.2 12302.4 12302.5 12302.2 12302.3 12302.5 12302.6 12302.7 12302.9 12303.5 12304.5 12305.9 12307.6 12309.4 12310.8 12312.2 12313.5 12315.2 12317.2 12319.2 12321.1 12322.7 12324.3 12325.6 12327.3 12328.8 12330.4 12331.9 12333.4 12334.8 12334.7 12337.2 12339.7 12341.8 12343.4 12344 12344.2 12344.3
12283.9 12284.5 12286.9 12289.6 12292 12294 12295.8 12297.7 12299.9 12301.7 12303.6 12305.7 12308 12310.3 12312.6 12314.9 12314.5 12311.3 12307.8 12304.9 12303.7 12302.9 12302.5 12302.2 12302.3 12302.3 12302.3 12302.5 12302.7 12303 12303.3 12303.9 12303.9 12304 12303.9 12303.8 12303.8 12304 12304.6 12305.6 12307 12308.4 12309.9 12311.3 12312.6 12314 12315.6 12317.4 12319.3 12321.3 12323.1 12324.6 12325.9 12328.2 12329.2 12330.3 12331.4 12332.3 12332.9 12334.2 12336.9 12339.6 12342 12343.6 12344.4 12344.8 12344.9
12286 12286.5 12288.9 12291.5 12293.5 12295.2 12296.9 12298.7 12300.6 12302.5 12304.1 12306 12307.9 12309.9 12311.8 12313.2 12311.7 12308.6 12305.7 12303.9 12303.1 12302.7 12302.6 12302.5 12302.6 12302.7 12302.9 12303.1 12303.4 12303.7 12304 12304.2 12305 12305.5 12305.1 12304.9 12304.9 12305.1 12305.7 12306.8 12308.2 12309.5 12310.7 12312 12313.2 12314.3 12315.6 12317.5 12319.6 12321.6 12323.6 12325.4 12327 12329.2 12330 12330.6 12331.3 12331.9 12332.4 12333.9 12337.1 12340 12342.7 12344.2 12344.9 12345.2 12345.4
12288.7 12289.8 12292.9 12294.3 12295.2 12296.6 12298.1 12299.7 12301.3 12303.1 12304.7 12306.3 12307.6 12309 12309.8 12310 12308.1 12306.1 12304.4 12303.1 12302.9 12302.7 12302.8 12302.9 12303.1 12303.3 12303.5 12303.7 12304 12304.3 12304.7 12305.1 12305.6 12306 12305.9 12306 12306.1 12306.3 12306.8 12308.2 12309.6 12311.2 12312.4 12313.2 12313.9 12314.8 12316.2 12317.9 12320 12322.1 12324.2 12326.3 12328.9 12329.5 12330.5 12331 12331.5 12332 12333 12335.2 12337.7 12340.5 12343.4 12344.7 12345.1 12345.5 12345.8
12291.7 12292.1 12295 12296.1 12296.6 12297.6 12299 12300.7 12302.3 12303.9 12305.5 12306.6 12307.4 12307.9 12307.8 12306.9 12305.1 12304.2 12303.8 12303 12302.9 12303 12303.2 12303.5 12303.8 12303.9 12304.1 12304.5 12304.8 12305 12305.4 12305.8 12306 12306.1 12306.6 12306.9 12307.3 12307.8 12308.6 12309.7 12311.1 12312.7 12313.9 12314.3 12314.8 12315.4 12316.1 12318.3 12320.5 12322.7 12324.8 12326.8 12328.4 12330.6 12331.3 12331.5 12331.9 12332.4 12333.4 12335.4 12337.8 12340.2 12342.7 12344 12344.9 12345.6 12346.2
12295.8 12296 12296.5 12297 12297.6 12298.5 12299.8 12301.7 12303.2 12304.6 12305.8 12306.9 12307.4 12307.2 12306.4 12304.8 12303.4 12302.7 12302.7 12303 12303.1 12303.4 12303.8 12304.1 12304.4 12304.7 12305 12305.3 12305.7 12305.9 12306.1 12306.4 12306.6 12307.3 12307.6 12308 12308.5 12309.2 12310 12311.1 12312.4 12313.9 12314.9 12315.3 12315.7 12316.3 12317.7 12319.1 12321.3 12323.5 12325.8 12327.7 12329.6 12331.7 12332.1 12332.1 12332.3 12332.7 12333.6 12335.7 12338 12339.4 12340.5 12342.8 12344.6 12345.7 12346.5
12300.2 12299.7 12299 12298.6 12298.3 12299.6 12301.2 12302.9 12304.5 12305.9 12306.9 12307.6 12307.8 12307.4 12306.2 12304.2 12302.3 12301.8 12302 12302.9 12303.5 12304 12304.3 12304.8 12305.2 12305.5 12305.8 12306.2 12306.3 12306.6 12306.9 12307.4 12308 12308 12308.4 12309.1 12309.8 12310.4 12311.2 12312.4 12313.5 12314.6 12315.5 12316.1 12316.6 12317.2 12317.8 12319.8 12322.1 12324.5 12326.9 12329.1 12330.8 12331.9 12332.5 12332.8 12332.9 12333.1 12333.8 12336.7 12339.3 12340.2 12340.5 12342.9 12344.8 12346 12346.9
12304.5 12302.6 12299.3 12296.6 12298.6 12300.9 12302.8 12304.6 12306.2 12307.6 12308.5 12308.9 12308.9 12308.4 12307 12304.7 12302.1 12301.8 12302.3 12303.5 12304 12304.4 12304.9 12305.5 12305.9 12306.3 12306.8 12306.8 12307.2 12307.5 12307.8 12308.1 12308.2 12308.5 12309.3 12310.3 12311.3 12312.1 12312.9 12313.7 12314.5 12315.3 12316.2 12316.9 12317.6 12318.4 12319.3 12321 12323.2 12325.5 12328 12330.6 12332.3 12332.6 12333.2 12333.5 12333.5 12333.7 12334.9 12337.6 12340.5 12342.5 12344 12344.6 12345.6 12346.6 12347.3
12309.2 12306.4 12301.9 12299 12300.6 12303 12305.1 12307 12308.6 12309.8 12310.5 12310.8 12310.6 12310 12308.5 12305.6 12302.8 12302.5 12303.1 12303.8 12304.4 12304.9 12305.4 12306 12306.4 12307 12307.3 12307.7 12308.1 12308.4 12308.7 12308.9 12309.1 12309.4 12310.4 12311.7 12312.9 12314.2 12314.7 12315.2 12315.7 12316.4 12317.2 12318 12318.9 12319.8 12321 12322.5 12324.3 12326.3 12328.6 12331 12332.8 12334 12334.6 12334.5 12334.2 12334.3 12335.2 12337.8 12340.5 12343.4 12345.4 12345.6 12346.1 12347 12347.9
12313.9 12311 12307 12304.3 12304.6 12306.3 12308.2 12309.9 12311.3 12312.3 12313.1 12313.4 12313.2 12312.3 12310.8 12307.4 12304.2 12303.3 12303.4 12304.2 12305 12305.5 12306 12306.7 12307.2 12307.7 12308.2 12308.7 12309 12309.4 12309.8 12310.1 12310.3 12311.1 12312.3 12313.3 12314.4 12315.6 12316 12316.4 12316.9 12317.5 12318.3 12319.2 12320.1 12321.1 12322.2 12323.5 12325.2 12326.9 12328.6 12330.4 12332.7 12334.9 12335.7 12335.3 12334.9 12334.7 12335.5 12338.2 12340.9 12342.7 12344.2 12345.5 12346.5 12347.5 12348.5
12318.4 12315.9 12312.4 12309.5 12309.3 12310.5 12312 12313.3 12314.5 12315.6 12316.2 12316.4 12316.1 12315.1 12313.5 12309.6 12306 12304.5 12304.3 12305.1 12305.8 12306.3 12306.9 12307.5 12308.1 12308.7 12309.2 12309.7 12310.2 12310.7 12311.1 12311.5 12312 12313.2 12314.4 12314.9 12315.4 12315.9 12316.7 12317.3 12317.9 12318.6 12319.4 12320.3 12321.4 12322.5 12323.7 12325 12326.3 12327.5 12328.6 12329.8 12332.4 12334.9 12336.1 12335.8 12335.3 12335.3 12336.4 12338.9 12341.5 12342.7 12343.8 12345.3 12346.7 12348 12349.2
12323.4 12320.8 12317.7 12315.3 12314.7 12315.4 12316.3 12317.4 12318.3 12319 12319.5 12319.7 12319.4 12318.3 12316.3 12311.6 12308 12306.1 12305.6 12306.1 12306.7 12307.2 12307.8 12308.5 12309.2 12309.8 12310.4 12310.9 12311.5 12312 12312.5 12313.1 12313.8 12314.8 12315.7 12316.1 12316.4 12316.8 12317.5 12318.1 12318.9 12319.7 12320.4 12321.4 12322.5 12323.8 12325.3 12326.8 12327.4 12328 12328.8 12330 12332.3 12334.7 12336.1 12335.8 12335.3 12335.5 12336.9 12339.5 12342.2 12343 12343.9 12345.5 12347.1 12348.5 12349.9
12327.6 12325.2 12322.7 12320.7 12320.1 12320.4 12320.9 12321.7 12322.3 12322.9 12323.3 12323.3 12322.9 12321.7 12319.3 12314.3 12310.7 12308.7 12307.7 12307.4 12307.6 12308.2 12308.9 12309.6 12310.3 12310.9 12311.6 12312.1 12312.8 12313.3 12313.9 12314.6 12315.4 12316.3 12316.6 12317.1 12317.5 12317.9 12318.5 12319.1 12319.6 12320.3 12321.3 12322.4 12323.5 12324.8 12326.2 12327.8 12328.1 12328.5 12329.1 12330.2 12332.2 12334.4 12336 12335.5 12334.8 12334.8 12336.6 12339.6 12342.3 12343.1 12344.2 12346 12347.8 12349.3 12350.8
12330.1 12328.4 12327 12326 12325.7 12325.5 12325.6 12325.9 12326.3 12326.7 12327 12326.9 12326.5 12325.3 12322.9 12317.9 12313.9 12311.1 12309.9 12309.2 12309.1 12309.6 12310.3 12311.1 12311.7 12312.4 12312.9 12313.6 12314.1 12314.6 12315.2 12315.9 12316.6 12317.2 12317.6 12318.2 12319 12319.6 12319.9 12320.3 12320.6 12321.2 12322.3 12323.4 12324.4 12325.5 12326.5 12327.1 12328 12328.9 12329.6 12330.3 12331.8 12333.5 12335.3 12334.3 12333.8 12333.9 12336.3 12339.7 12342.6 12343.4 12344.7 12346.8 12348.7 12350.5 12352
12329.8 12330.2 12330.6 12330.9 12331 12330.4 12330.1 12330.1 12330.2 12330.4 12330.5 12330.4 12330 12328.9 12326.3 12320.9 12316.8 12314.4 12312.5 12311.5 12311 12311.4 12312.1 12312.8 12313.4 12313.9 12314.5 12315 12315.4 12315.8 12316.4 12316.9 12317.5 12318.1 12318.5 12319.3 12320.2 12321 12321.3 12321.7 12322.1 12322.7 12323.6 12324.5 12325.4 12326.3 12327 12327.6 12328.5 12329.4 12330.3 12331 12331.3 12331.5 12330.8 12331.7 12333.1 12334.4 12337.1 12340.2 12342.8 12343.7 12345.7 12348 12350.1 12351.8 12353.3
12330.3 12332.2 12333.6 12334.7 12335.4 12334.5 12334.1 12334 12334.1 12334.1 12334.1 12333.8 12333.2 12332 12328.8 12323.1 12319.4 12316.6 12315.2 12314.2 12313.5 12313.7 12314.3 12314.8 12315.2 12315.6 12316 12316.3 12316.7 12317.1 12317.5 12317.9 12318.3 12318.9 12319.3 12320.3 12321.3 12322.1 12322.6 12323.2 12323.8 12324.4 12325 12325.8 12326.5 12327.2 12327.9 12328.5 12329.3 12330.3 12331 12331.3 12331.2 12330.5 12329.2 12331.1 12333.9 12336.3 12338.9 12341.5 12343.8 12345.5 12347.7 12349.8 12351.6 12353.1 12354.6
12333.8 12335.5 12336.8 12337.5 12337.6 12337.5 12337.6 12337.7 12337.8 12337.7 12337.6 12337.2 12336.2 12334.5 12330.6 12325.6 12322.3 12320.1 12318.4 12317.4 12316.6 12316.5 12316.9 12317.1 12317.3 12317.4 12317.5 12317.7 12318 12318.3 12318.7 12319 12319.3 12319.3 12320.3 12321.6 12322.5 12323.2 12323.9 12324.6 12325.4 12325.9 12326.5 12327.1 12327.7 12328.4 12328.9 12329.5 12330.3 12331.4 12332.5 12332.5 12331.8 12331.5 12332.1 12333.8 12335.9 12338.6 12341.2 12343.6 12345.9 12348.7 12350.5 12352 12353.4 12354.6 12355.9
12339.6 12340.2 12340.6 12340.4 12339.8 12340.4 12340.9 12341.2 12341.4 12341.4 12341.2 12340.7 12339.4 12337.2 12332.8 12328.3 12325.3 12323.1 12321.9 12320.9 12320.1 12319.9 12319.8 12319.6 12319.4 12319.3 12319.2 12319.3 12319.5 12319.8 12320.1 12320.3 12320.6 12321 12322.2 12323.3 12323.7 12324.3 12325 12325.7 12326.4 12327.1 12327.8 12328.4 12329 12329.6 12330.2 12330.9 12331.8 12332.7 12333.1 12333.1 12332.6 12332.3 12333 12334.7 12337.5 12341 12343.4 12345.8 12348.3 12351.1 12353 12354.1 12355.2 12356 12357
12346.6 12345.7 12345.1 12344.5 12344 12344.1 12344.4 12344.7 12344.9 12345 12345 12344.4 12343.1 12340.3 12335.5 12331.4 12328.8 12326.8 12325.4 12324.6 12324.1 12323.7 12323 12322.2 12321.5 12321 12320.8 12320.7 12320.8 12321 12321.3 12321.6 12322 12322.6 12323.6 12324.6 12324.8 12325.4 12326.1 12326.9 12327.5 12328.3 12329 12329.7 12330.2 12330.8 12331.4 12332.1 12332.9 12334 12334.8 12334.3 12333.3 12332.4 12331.7 12333 12338.2 12342.7 12345.3 12347.6 12350.2 12352.9 12354.9 12356 12356.8 12357.3 12358
12353.1 12351 12349.6 12348.6 12348.4 12347.9 12347.8 12348.1 12348.2 12348.6 12348.7 12348.2 12347 12344.2 12339.2 12335 12332.4 12330.2 12328.5 12327.9 12327.9 12327.6 12326 12324.5 12323.4 12322.6 12322.2 12322 12322.1 12322.3 12322.6 12322.9 12323.4 12323.9 12324.6 12325.5 12325.8 12326.5 12327.3 12328.3 12329.1 12329.8 12330.4 12331 12331.5 12332.1 12332.6 12333.2 12333.8 12335.2 12336 12335.4 12334.2 12332.9 12331.9 12333 12339.1 12344 12346.4 12348.8 12351.5 12354.5 12356.6 12357.4 12358 12358.3 12358.8
12357.5 12355.2 12353.4 12352 12351 12350.4 12350.6 12351.1 12351.5 12352.1 12352.5 12352.3 12351.3 12348.6 12343.2 12338.3 12334.9 12332.3 12330.5 12330 12330.3 12330.2 12328 12326 12324.6 12323.8 12323.3 12323.1 12323.1 12323.3 12323.8 12324.2 12324.8 12325.4 12326.2 12326.5 12326.9 12327.5 12328.5 12329.7 12330.7 12331.2 12331.7 12332.3 12332.8 12333.3 12333.9 12334.3 12334.7 12336.3 12337.8 12336.4 12335.3 12334.4 12333.9 12335 12339.8 12343.9 12346.5 12349.3 12352.4 12356 12358.1 12358.4 12358.7 12358.9 12359.3
12360.2 12358.2 12356.4 12354.7 12353.3 12352.7 12353.2 12353.9 12354.7 12355.5 12356.2 12356.3 12355.6 12353.1 12346.6 12340.5 12335.8 12333 12331.3 12330.5 12330.6 12330.5 12328.3 12326.5 12325.3 12324.4 12324.1 12324.1 12324.2 12324.5 12324.9 12325.4 12326 12326.6 12327.1 12327.3 12327.2 12328.4 12329.6 12330.8 12331.8 12332.4 12333 12333.5 12334.1 12334.6 12335.1 12335.6 12336.3 12336.7 12337 12336.6 12336.2 12336.2 12336.6 12338 12340.3 12343.1 12345.8 12348.7 12352.1 12355.6 12357.9 12358.4 12358.7 12359.1 12359.4
12362.2 12360.7 12359.1 12357.2 12355.8 12355.1 12355.5 12356.5 12357.5 12358.5 12359.4 12359.7 12359.1 12356.4 12348.9 12341.8 12336.2 12333 12331 12329.8 12329.1 12328.3 12326.9 12325.9 12325.3 12324.8 12324.8 12324.9 12325.1 12325.6 12326.1 12326.7 12327.2 12327.9 12328.2 12328.8 12328.7 12329.5 12330.7 12331.9 12332.9 12333.6 12334.2 12334.7 12335.3 12335.8 12336.3 12336.8 12337 12336.2 12335.5 12336.6 12337.2 12337.9 12339.1 12340.7 12341 12342.5 12344.7 12347.1 12350.1 12353.5 12356.1 12357.3 12358.1 12358.7 12359.3
12364.3 12363 12361.5 12359.7 12358.1 12357.1 12357.9 12359 12360.1 12361.1 12362 12362.2 12361.4 12357.5 12349.5 12342 12335.8 12332.7 12330.4 12328.7 12327 12325.3 12324.9 12325 12325.2 12325.2 12325.6 12326 12326.6 12327 12327.6 12328.1 12328.6 12329.2 12329.8 12329.7 12329.7 12330.7 12331.8 12333.1 12334 12334.7 12335.4 12336 12336.5 12337 12337.4 12337.7 12337.8 12336.9 12336.3 12337.3 12338.3 12339.3 12340.6 12342.1 12341.9 12342.4 12343.7 12345.2 12347.4 12351 12353.9 12355.8 12357.1 12358 12358.9
