real_craters/C174-750m.grd
DSAA
180 180
-67.235 67.235
-67.235 67.235
10915.661594877 14354.201186616
[rows 0 to 24 of 180, columns 114 to 170 of 180]
1.159e+004 1.172e+004 1.182e+004 1.184e+004 1.192e+004 1.207e+004 1.216e+004 1.221e+004 1.228e+004 1.232e+004 1.236e+004 1.238e+004 1.236e+004 1.235e+004 1.234e+004 1.233e+004 1.232e+004 1.231e+004 1.231e+004 1.23e+004 1.229e+004 1.229e+004 1.229e+004 1.229e+004 1.229e+004 1.229e+004 1.23e+004 1.232e+004 1.232e+004 1.231e+004 1.23e+004 1.229e+004 1.229e+004 1.23e+004 1.229e+004 1.229e+004 1.229e+004 1.228e+004 1.227e+004 1.227e+004 1.227e+004 1.227e+004 1.227e+004 1.227e+004 1.227e+004 1.226e+004 1.226e+004 1.227e+004 1.227e+004 1.227e+004 1.226e+004 1.226e+004 1.226e+004 1.226e+004 1.226e+004 1.226e+004 1.226e+004
1.168e+004 1.178e+004 1.185e+004 1.199e+004 1.215e+004 1.224e+004 1.226e+004 1.228e+004 1.232e+004 1.234e+004 1.237e+004 1.238e+004 1.236e+004 1.234e+004 1.233e+004 1.231e+004 1.231e+004 1.231e+004 1.23e+004 1.23e+004 1.23e+004 1.23e+004 1.229e+004 1.229e+004 1.229e+004 1.229e+004 1.229e+004 1.229e+004 1.23e+004 1.23e+004 1.23e+004 1.228e+004 1.229e+004 1.229e+004 1.229e+004 1.229e+004 1.228e+004 1.228e+004 1.227e+004 1.227e+004 1.227e+004 1.227e+004 1.227e+004 1.227e+004 1.227e+004 1.227e+004 1.227e+004 1.227e+004 1.227e+004 1.226e+004 1.226e+004 1.226e+004 1.226e+004 1.226e+004 1.226e+004 1.227e+004 1.226e+004
1.178e+004 1.199e+004 1.215e+004 1.225e+004 1.241e+004 1.236e+004 1.233e+004 1.233e+004 1.235e+004 1.236e+004 1.238e+004 1.238e+004 1.236e+004 1.234e+004 1.232e+004 1.231e+004 1.231e+004 1.231e+004 1.231e+004 1.23e+004 1.23e+004 1.23e+004 1.229e+004 1.228e+004 1.228e+004 1.229e+004 1.229e+004 1.229e+004 1.23e+004 1.23e+004 1.23e+004 1.229e+004 1.229e+004 1.229e+004 1.229e+004 1.228e+004 1.228e+004 1.227e+004 1.227e+004 1.227e+004 1.227e+004 1.227e+004 1.227e+004 1.227e+004 1.227e+004 1.227e+004 1.227e+004 1.227e+004 1.227e+004 1.226e+004 1.226e+004 1.226e+004 1.226e+004 1.226e+004 1.226e+004 1.227e+004 1.227e+004
1.203e+004 1.221e+004 1.23e+004 1.234e+004 1.235e+004 1.237e+004 1.236e+004 1.236e+004 1.237e+004 1.237e+004 1.237e+004 1.237e+004 1.235e+004 1.233e+004 1.232e+004 1.231e+004 1.232e+004 1.231e+004 1.231e+004 1.23e+004 1.229e+004 1.228e+004 1.228e+004 1.228e+004 1.228e+004 1.228e+004 1.229e+004 1.23e+004 1.23e+004 1.229e+004 1.228e+004 1.228e+004 1.228e+004 1.228e+004 1.228e+004 1.228e+004 1.228e+004 1.227e+004 1.227e+004 1.227e+004 1.227e+004 1.227e+004 1.227e+004 1.227e+004 1.228e+004 1.228e+004 1.227e+004 1.227e+004 1.227e+004 1.226e+004 1.226e+004 1.226e+004 1.226e+004 1.226e+004 1.226e+004 1.226e+004 1.226e+004
1.223e+004 1.231e+004 1.238e+004 1.236e+004 1.236e+004 1.236e+004 1.237e+004 1.236e+004 1.237e+004 1.237e+004 1.236e+004 1.236e+004 1.234e+004 1.233e+004 1.231e+004 1.231e+004 1.233e+004 1.232e+004 1.23e+004 1.229e+004 1.228e+004 1.227e+004 1.227e+004 1.227e+004 1.228e+004 1.228e+004 1.229e+004 1.229e+004 1.229e+004 1.229e+004 1.228e+004 1.227e+004 1.227e+004 1.227e+004 1.227e+004 1.227e+004 1.227e+004 1.227e+004 1.227e+004 1.227e+004 1.227e+004 1.227e+004 1.227e+004 1.227e+004 1.227e+004 1.228e+004 1.227e+004 1.227e+004 1.226e+004 1.226e+004 1.226e+004 1.227e+004 1.227e+004 1.226e+004 1.226e+004 1.227e+004 1.227e+004
1.232e+004 1.237e+004 1.233e+004 1.233e+004 1.236e+004 1.236e+004 1.236e+004 1.237e+004 1.237e+004 1.237e+004 1.237e+004 1.236e+004 1.234e+004 1.233e+004 1.231e+004 1.23e+004 1.231e+004 1.231e+004 1.23e+004 1.229e+004 1.228e+004 1.227e+004 1.226e+004 1.226e+004 1.228e+004 1.228e+004 1.229e+004 1.229e+004 1.23e+004 1.229e+004 1.228e+004 1.227e+004 1.227e+004 1.227e+004 1.227e+004 1.227e+004 1.228e+004 1.228e+004 1.228e+004 1.228e+004 1.228e+004 1.228e+004 1.227e+004 1.227e+004 1.227e+004 1.227e+004 1.227e+004 1.227e+004 1.226e+004 1.227e+004 1.227e+004 1.227e+004 1.227e+004 1.227e+004 1.227e+004 1.227e+004 1.227e+004
1.235e+004 1.236e+004 1.234e+004 1.234e+004 1.236e+004 1.237e+004 1.236e+004 1.237e+004 1.237e+004 1.237e+004 1.237e+004 1.235e+004 1.234e+004 1.233e+004 1.231e+004 1.23e+004 1.23e+004 1.23e+004 1.229e+004 1.229e+004 1.228e+004 1.228e+004 1.227e+004 1.227e+004 1.228e+004 1.229e+004 1.229e+004 1.229e+004 1.229e+004 1.228e+004 1.227e+004 1.227e+004 1.227e+004 1.226e+004 1.226e+004 1.227e+004 1.228e+004 1.229e+004 1.23e+004 1.23e+004 1.229e+004 1.229e+004 1.228e+004 1.227e+004 1.227e+004 1.227e+004 1.227e+004 1.227e+004 1.227e+004 1.227e+004 1.227e+004 1.227e+004 1.227e+004 1.227e+004 1.227e+004 1.228e+004 1.228e+004
1.235e+004 1.237e+004 1.236e+004 1.236e+004 1.237e+004 1.237e+004 1.236e+004 1.236e+004 1.237e+004 1.237e+004 1.236e+004 1.235e+004 1.233e+004 1.232e+004 1.231e+004 1.23e+004 1.229e+004 1.229e+004 1.229e+004 1.229e+004 1.228e+004 1.228e+004 1.228e+004 1.228e+004 1.228e+004 1.229e+004 1.229e+004 1.23e+004 1.229e+004 1.228e+004 1.227e+004 1.226e+004 1.226e+004 1.226e+004 1.226e+004 1.228e+004 1.229e+004 1.229e+004 1.229e+004 1.23e+004 1.229e+004 1.228e+004 1.228e+004 1.227e+004 1.227e+004 1.227e+004 1.227e+004 1.227e+004 1.227e+004 1.227e+004 1.227e+004 1.227e+004 1.227e+004 1.227e+004 1.228e+004 1.229e+004 1.229e+004
1.235e+004 1.236e+004 1.236e+004 1.236e+004 1.236e+004 1.236e+004 1.236e+004 1.236e+004 1.236e+004 1.236e+004 1.236e+004 1.234e+004 1.233e+004 1.231e+004 1.23e+004 1.23e+004 1.23e+004 1.23e+004 1.23e+004 1.229e+004 1.229e+004 1.228e+004 1.228e+004 1.228e+004 1.228e+004 1.229e+004 1.229e+004 1.23e+004 1.23e+004 1.23e+004 1.229e+004 1.226e+004 1.227e+004 1.227e+004 1.227e+004 1.229e+004 1.229e+004 1.23e+004 1.229e+004 1.227e+004 1.228e+004 1.228e+004 1.228e+004 1.227e+004 1.227e+004 1.227e+004 1.228e+004 1.227e+004 1.227e+004 1.227e+004 1.228e+004 1.228e+004 1.228e+004 1.228e+004 1.229e+004 1.229e+004 1.228e+004
1.234e+004 1.234e+004 1.235e+004 1.235e+004 1.236e+004 1.236e+004 1.236e+004 1.235e+004 1.235e+004 1.235e+004 1.234e+004 1.233e+004 1.232e+004 1.231e+004 1.23e+004 1.23e+004 1.23e+004 1.23e+004 1.23e+004 1.23e+004 1.229e+004 1.229e+004 1.228e+004 1.228e+004 1.228e+004 1.229e+004 1.229e+004 1.23e+004 1.231e+004 1.233e+004 1.23e+004 1.228e+004 1.229e+004 1.23e+004 1.23e+004 1.23e+004 1.231e+004 1.231e+004 1.23e+004 1.229e+004 1.227e+004 1.228e+004 1.228e+004 1.227e+004 1.227e+004 1.228e+004 1.228e+004 1.227e+004 1.228e+004 1.228e+004 1.228e+004 1.228e+004 1.228e+004 1.228e+004 1.229e+004 1.229e+004 1.228e+004
1.234e+004 1.234e+004 1.234e+004 1.235e+004 1.235e+004 1.235e+004 1.235e+004 1.235e+004 1.234e+004 1.233e+004 1.233e+004 1.232e+004 1.231e+004 1.23e+004 1.23e+004 1.23e+004 1.23e+004 1.23e+004 1.23e+004 1.23e+004 1.23e+004 1.23e+004 1.229e+004 1.228e+004 1.228e+004 1.229e+004 1.23e+004 1.23e+004 1.231e+004 1.233e+004 1.233e+004 1.233e+004 1.233e+004 1.233e+004 1.233e+004 1.232e+004 1.231e+004 1.229e+004 1.23e+004 1.23e+004 1.229e+004 1.228e+004 1.228e+004 1.228e+004 1.228e+004 1.228e+004 1.228e+004 1.228e+004 1.228e+004 1.228e+004 1.228e+004 1.228e+004 1.229e+004 1.229e+004 1.229e+004 1.229e+004 1.228e+004
1.233e+004 1.234e+004 1.233e+004 1.233e+004 1.234e+004 1.235e+004 1.235e+004 1.234e+004 1.233e+004 1.232e+004 1.232e+004 1.231e+004 1.231e+004 1.23e+004 1.229e+004 1.229e+004 1.23e+004 1.23e+004 1.229e+004 1.229e+004 1.229e+004 1.229e+004 1.229e+004 1.23e+004 1.231e+004 1.231e+004 1.231e+004 1.231e+004 1.231e+004 1.234e+004 1.236e+004 1.238e+004 1.236e+004 1.236e+004 1.236e+004 1.234e+004 1.231e+004 1.229e+004 1.229e+004 1.23e+004 1.229e+004 1.229e+004 1.229e+004 1.229e+004 1.228e+004 1.229e+004 1.228e+004 1.228e+004 1.228e+004 1.228e+004 1.229e+004 1.229e+004 1.229e+004 1.229e+004 1.229e+004 1.229e+004 1.229e+004
1.233e+004 1.233e+004 1.232e+004 1.232e+004 1.233e+004 1.234e+004 1.234e+004 1.233e+004 1.232e+004 1.231e+004 1.23e+004 1.23e+004 1.23e+004 1.23e+004 1.228e+004 1.229e+004 1.229e+004 1.23e+004 1.229e+004 1.228e+004 1.227e+004 1.227e+004 1.229e+004 1.231e+004 1.232e+004 1.231e+004 1.231e+004 1.231e+004 1.232e+004 1.234e+004 1.236e+004 1.238e+004 1.237e+004 1.236e+004 1.235e+004 1.233e+004 1.23e+004 1.229e+004 1.229e+004 1.229e+004 1.229e+004 1.229e+004 1.229e+004 1.229e+004 1.23e+004 1.229e+004 1.229e+004 1.229e+004 1.228e+004 1.229e+004 1.229e+004 1.229e+004 1.229e+004 1.23e+004 1.23e+004 1.229e+004 1.229e+004
1.232e+004 1.232e+004 1.232e+004 1.232e+004 1.233e+004 1.233e+004 1.233e+004 1.232e+004 1.231e+004 1.231e+004 1.23e+004 1.23e+004 1.23e+004 1.23e+004 1.227e+004 1.228e+004 1.229e+004 1.229e+004 1.229e+004 1.228e+004 1.227e+004 1.227e+004 1.229e+004 1.23e+004 1.231e+004 1.231e+004 1.231e+004 1.232e+004 1.232e+004 1.233e+004 1.234e+004 1.235e+004 1.235e+004 1.235e+004 1.233e+004 1.232e+004 1.23e+004 1.228e+004 1.228e+004 1.229e+004 1.229e+004 1.229e+004 1.229e+004 1.229e+004 1.229e+004 1.229e+004 1.229e+004 1.229e+004 1.229e+004 1.229e+004 1.229e+004 1.229e+004 1.229e+004 1.229e+004 1.229e+004 1.229e+004 1.229e+004
1.232e+004 1.232e+004 1.232e+004 1.232e+004 1.232e+004 1.232e+004 1.231e+004 1.231e+004 1.23e+004 1.23e+004 1.23e+004 1.23e+004 1.23e+004 1.23e+004 1.228e+004 1.228e+004 1.23e+004 1.231e+004 1.231e+004 1.23e+004 1.228e+004 1.228e+004 1.229e+004 1.23e+004 1.23e+004 1.231e+004 1.231e+004 1.231e+004 1.231e+004 1.231e+004 1.232e+004 1.233e+004 1.233e+004 1.234e+004 1.234e+004 1.233e+004 1.23e+004 1.228e+004 1.228e+004 1.228e+004 1.229e+004 1.229e+004 1.229e+004 1.229e+004 1.229e+004 1.229e+004 1.229e+004 1.228e+004 1.228e+004 1.228e+004 1.229e+004 1.229e+004 1.229e+004 1.229e+004 1.229e+004 1.229e+004 1.229e+004
1.231e+004 1.231e+004 1.232e+004 1.232e+004 1.232e+004 1.231e+004 1.23e+004 1.23e+004 1.229e+004 1.229e+004 1.229e+004 1.23e+004 1.23e+004 1.229e+004 1.228e+004 1.229e+004 1.23e+004 1.232e+004 1.232e+004 1.231e+004 1.23e+004 1.23e+004 1.229e+004 1.229e+004 1.229e+004 1.23e+004 1.23e+004 1.23e+004 1.23e+004 1.23e+004 1.23e+004 1.231e+004 1.232e+004 1.232e+004 1.232e+004 1.231e+004 1.23e+004 1.228e+004 1.227e+004 1.228e+004 1.229e+004 1.229e+004 1.229e+004 1.229e+004 1.229e+004 1.229e+004 1.229e+004 1.229e+004 1.228e+004 1.229e+004 1.229e+004 1.229e+004 1.229e+004 1.229e+004 1.229e+004 1.229e+004 1.229e+004
1.231e+004 1.231e+004 1.231e+004 1.231e+004 1.231e+004 1.23e+004 1.229e+004 1.229e+004 1.228e+004 1.228e+004 1.229e+004 1.229e+004 1.23e+004 1.23e+004 1.229e+004 1.23e+004 1.23e+004 1.231e+004 1.231e+004 1.232e+004 1.232e+004 1.231e+004 1.23e+004 1.229e+004 1.229e+004 1.229e+004 1.23e+004 1.23e+004 1.229e+004 1.229e+004 1.229e+004 1.23e+004 1.231e+004 1.231e+004 1.231e+004 1.231e+004 1.23e+004 1.229e+004 1.228e+004 1.229e+004 1.229e+004 1.23e+004 1.23e+004 1.23e+004 1.23e+004 1.23e+004 1.23e+004 1.23e+004 1.229e+004 1.229e+004 1.229e+004 1.229e+004 1.229e+004 1.229e+004 1.229e+004 1.229e+004 1.229e+004
1.23e+004 1.23e+004 1.23e+004 1.23e+004 1.229e+004 1.229e+004 1.23e+004 1.229e+004 1.227e+004 1.227e+004 1.228e+004 1.229e+004 1.23e+004 1.231e+004 1.231e+004 1.23e+004 1.229e+004 1.228e+004 1.227e+004 1.231e+004 1.233e+004 1.231e+004 1.229e+004 1.228e+004 1.229e+004 1.229e+004 1.229e+004 1.23e+004 1.23e+004 1.229e+004 1.23e+004 1.23e+004 1.23e+004 1.23e+004 1.231e+004 1.231e+004 1.23e+004 1.229e+004 1.229e+004 1.229e+004 1.23e+004 1.231e+004 1.231e+004 1.23e+004 1.23e+004 1.23e+004 1.231e+004 1.23e+004 1.23e+004 1.229e+004 1.229e+004 1.229e+004 1.229e+004 1.229e+004 1.229e+004 1.229e+004 1.229e+004
1.229e+004 1.229e+004 1.229e+004 1.229e+004 1.229e+004 1.229e+004 1.23e+004 1.229e+004 1.228e+004 1.227e+004 1.228e+004 1.229e+004 1.229e+004 1.231e+004 1.231e+004 1.23e+004 1.229e+004 1.228e+004 1.229e+004 1.231e+004 1.233e+004 1.231e+004 1.229e+004 1.228e+004 1.228e+004 1.228e+004 1.229e+004 1.23e+004 1.231e+004 1.231e+004 1.231e+004 1.23e+004 1.23e+004 1.23e+004 1.23e+004 1.23e+004 1.229e+004 1.23e+004 1.23e+004 1.23e+004 1.231e+004 1.231e+004 1.231e+004 1.231e+004 1.231e+004 1.231e+004 1.23e+004 1.23e+004 1.23e+004 1.23e+004 1.23e+004 1.23e+004 1.23e+004 1.229e+004 1.229e+004 1.229e+004 1.229e+004
1.228e+004 1.228e+004 1.228e+004 1.228e+004 1.229e+004 1.229e+004 1.23e+004 1.23e+004 1.229e+004 1.228e+004 1.228e+004 1.228e+004 1.229e+004 1.23e+004 1.23e+004 1.23e+004 1.229e+004 1.229e+004 1.229e+004 1.23e+004 1.231e+004 1.23e+004 1.23e+004 1.229e+004 1.228e+004 1.229e+004 1.229e+004 1.23e+004 1.231e+004 1.232e+004 1.232e+004 1.231e+004 1.23e+004 1.23e+004 1.23e+004 1.229e+004 1.229e+004 1.229e+004 1.23e+004 1.23e+004 1.231e+004 1.231e+004 1.231e+004 1.23e+004 1.23e+004 1.23e+004 1.23e+004 1.23e+004 1.23e+004 1.23e+004 1.23e+004 1.23e+004 1.23e+004 1.23e+004 1.229e+004 1.229e+004 1.229e+004
1.228e+004 1.228e+004 1.228e+004 1.228e+004 1.228e+004 1.229e+004 1.229e+004 1.229e+004 1.229e+004 1.228e+004 1.228e+004 1.228e+004 1.229e+004 1.23e+004 1.23e+004 1.229e+004 1.228e+004 1.228e+004 1.228e+004 1.228e+004 1.229e+004 1.23e+004 1.23e+004 1.23e+004 1.23e+004 1.23e+004 1.23e+004 1.23e+004 1.231e+004 1.232e+004 1.23e+004 1.23e+004 1.23e+004 1.23e+004 1.23e+004 1.23e+004 1.229e+004 1.229e+004 1.23e+004 1.231e+004 1.231e+004 1.231e+004 1.231e+004 1.23e+004 1.23e+004 1.23e+004 1.23e+004 1.229e+004 1.23e+004 1.23e+004 1.23e+004 1.23e+004 1.23e+004 1.23e+004 1.23e+004 1.23e+004 1.23e+004
1.228e+004 1.228e+004 1.228e+004 1.228e+004 1.228e+004 1.229e+004 1.229e+004 1.23e+004 1.228e+004 1.228e+004 1.228e+004 1.228e+004 1.228e+004 1.229e+004 1.229e+004 1.228e+004 1.228e+004 1.227e+004 1.227e+004 1.227e+004 1.229e+004 1.23e+004 1.231e+004 1.231e+004 1.23e+004 1.23e+004 1.23e+004 1.23e+004 1.231e+004 1.231e+004 1.231e+004 1.231e+004 1.231e+004 1.231e+004 1.23e+004 1.23e+004 1.23e+004 1.23e+004 1.231e+004 1.231e+004 1.231e+004 1.231e+004 1.231e+004 1.231e+004 1.23e+004 1.229e+004 1.229e+004 1.229e+004 1.23e+004 1.23e+004 1.23e+004 1.23e+004 1.231e+004 1.23e+004 1.23e+004 1.23e+004 1.23e+004
1.228e+004 1.228e+004 1.228e+004 1.228e+004 1.228e+004 1.229e+004 1.231e+004 1.231e+004 1.229e+004 1.228e+004 1.228e+004 1.228e+004 1.228e+004 1.227e+004 1.228e+004 1.228e+004 1.228e+004 1.228e+004 1.228e+004 1.228e+004 1.229e+004 1.23e+004 1.23e+004 1.23e+004 1.231e+004 1.23e+004 1.23e+004 1.231e+004 1.231e+004 1.231e+004 1.231e+004 1.231e+004 1.231e+004 1.231e+004 1.231e+004 1.231e+004 1.231e+004 1.231e+004 1.231e+004 1.231e+004 1.231e+004 1.231e+004 1.231e+004 1.231e+004 1.23e+004 1.229e+004 1.229e+004 1.229e+004 1.23e+004 1.23e+004 1.23e+004 1.23e+004 1.231e+004 1.231e+004 1.231e+004 1.231e+004 1.23e+004
1.228e+004 1.228e+004 1.228e+004 1.228e+004 1.228e+004 1.229e+004 1.231e+004 1.231e+004 1.229e+004 1.228e+004 1.228e+004 1.228e+004 1.228e+004 1.227e+004 1.227e+004 1.227e+004 1.227e+004 1.228e+004 1.228e+004 1.23e+004 1.23e+004 1.23e+004 1.231e+004 1.231e+004 1.23e+004 1.23e+004 1.23e+004 1.23e+004 1.231e+004 1.232e+004 1.232e+004 1.232e+004 1.231e+004 1.231e+004 1.231e+004 1.231e+004 1.232e+004 1.231e+004 1.231e+004 1.231e+004 1.232e+004 1.232e+004 1.232e+004 1.231e+004 1.23e+004 1.229e+004 1.229e+004 1.229e+004 1.23e+004 1.23e+004 1.23e+004 1.23e+004 1.231e+004 1.231e+004 1.231e+004 1.231e+004 1.23e+004
1.228e+004 1.228e+004 1.228e+004 1.228e+004 1.228e+004 1.229e+004 1.231e+004 1.231e+004 1.23e+004 1.228e+004 1.228e+004 1.227e+004 1.227e+004 1.226e+004 1.227e+004 1.227e+004 1.227e+004 1.227e+004 1.228e+004 1.228e+004 1.229e+004 1.23e+004 1.23e+004 1.23e+004 1.23e+004 1.229e+004 1.23e+004 1.23e+004 1.23e+004 1.231e+004 1.231e+004 1.231e+004 1.231e+004 1.231e+004 1.231e+004 1.231e+004 1.231e+004 1.231e+004 1.232e+004 1.232e+004 1.232e+004 1.232e+004 1.231e+004 1.231e+004 1.23e+004 1.229e+004 1.229e+004 1.23e+004 1.23e+004 1.23e+004 1.23e+004 1.23e+004 1.231e+004 1.231e+004 1.231e+004 1.231e+004 1.231e+004
