real_craters/C174-1000m.grd
DSAA
78 78
-38.42 38.42
-38.42 38.42
9918.1868801938 11993.778865665
[rows 0 to 29 of 78, columns 0 to 66 of 78]
11319.1 11330.5 11324.6 11328.4 11324.9 11321.2 11316.1 11313.1 11313.6 11324.9 11322.9 11326 11329 11334.1 11329.4 11322.2 11324 11318.4 11298.7 11293.7 11296.5 11298.4 11294 11297.7 11303.2 11304.6 11307.4 11309.2 11311.3 11310.3 11313.4 11319.9 11327.8 11338.5 11343.3 11339.8 11345.8 11350 11351.3 11352.7 11354 11352.9 11358.5 11365.7 11370.4 11371 11373.6 11376.1 11380.3 11388.3 11388.1 11377 11369 11365.5 11363.2 11362.5 11364.5 11368.4 11378 11383.5 11386.5 11386.2 11385.1 11402.3 11403.5 11401.2 11403.4
11310.1 11312.5 11326 11335.4 11330.3 11318.7 11304.2 11289.2 11300.1 11301.6 11322.5 11342.1 11339.9 11339.7 11343.3 11327.9 11338.8 11324 11300.5 11297.2 11300.5 11303.1 11303 11299.4 11307.9 11309.9 11313.1 11318 11318.9 11313.8 11318.7 11326.2 11334 11342 11344.4 11339 11353 11358.4 11357.2 11357.7 11356.9 11358 11364.6 11374.7 11379.2 11379.7 11380.6 11382.5 11387.8 11391.2 11386.7 11376 11368.2 11360.4 11362.4 11364.2 11363.1 11365.8 11374.4 11378.5 11380.2 11381.7 11386.4 11395.2 11390.5 11397.5 11406.8
11296.8 11318 11323 11322.8 11319.3 11309.4 11290.5 11288.3 11297.8 11314.5 11324.3 11333.3 11338.6 11319.3 11303.9 11466.2 11346.2 11327 11308.4 11301.9 11307 11311.8 11310.9 11303.4 11313.1 11315.6 11321 11327.2 11332 11327.1 11326.5 11331.2 11338.1 11344.8 11345 11334.9 11348.2 11356.8 11358.2 11360.9 11363.4 11363 11371.3 11383.1 11386.2 11383.9 11381.8 11381.6 11383.6 11389.2 11375.2 11370.2 11364 11363.9 11366.9 11366 11364.9 11366.6 11374.2 11374.4 11372.2 11374.2 11384.4 11393.9 11393.6 11398.8 11404.5
11295.8 11318.2 11318.5 11301.2 11295.8 11294.5 11286.5 11286.9 11298.8 11321.8 11321 11319.1 11377.5 11290.7 11102.1 10994.3 11213.6 11352.5 11327.8 11309.2 11313.8 11316.7 11318.1 11322.4 11325 11324.9 11329.3 11334.1 11336.5 11332 11330 11332.4 11339.5 11343.3 11339.1 11337.7 11344.7 11353.8 11357.3 11357.8 11362.2 11370.4 11381 11390.9 11390.2 11386.2 11381 11375.2 11369.3 11368.7 11370.4 11367.2 11365.3 11368.4 11371.2 11367.2 11370.8 11370.9 11374.7 11374.9 11373.2 11371.7 11382.7 11396.3 11394.3 11400.3 11405.7
11301.9 11306.9 11302.7 11281.2 11282.7 11297.9 11296.2 11290.6 11298.5 11312 11308.9 11301.5 11440.2 11305.6 10971.7 10804 11149.7 11399.8 11356.3 11321.7 11323.9 11324.4 11325.8 11335.8 11339.3 11335.6 11339.5 11341.7 11341.4 11340.2 11336 11335.4 11342.3 11345.7 11336 11337.8 11348.7 11361.2 11357.8 11353.6 11359.3 11375.9 11388 11390.7 11390.3 11386.6 11380.9 11371.9 11359.8 11358.7 11371.3 11368.2 11363.9 11371 11376 11382.9 11381.6 11391.3 11383.3 11379.6 11381.8 11373.8 11382 11392.7 11397.7 11402.5 11401.7
11296.6 11295.2 11290.9 11280.7 11290 11307.2 11303.2 11301.8 11307.6 11317.4 11318.9 11309.8 11403.5 11340.6 11080 10960.5 11223.7 11407.7 11376.3 11341.8 11335.8 11332 11332 11339.4 11351.7 11356.3 11353.1 11353.9 11350.5 11352.4 11342.7 11340.2 11347 11352 11339.7 11342.5 11352 11364.1 11358.9 11353.9 11360.9 11373.7 11381.6 11387.3 11390.3 11389.6 11387.1 11382.1 11372.4 11366.6 11371.7 11372.4 11373.9 11385.2 11389.2 11387.1 11385.3 11383.6 11384.8 11380.6 11379.4 11382.6 11375.2 11390 11399.1 11399.8 11393.4
11296 11296.7 11294.6 11292.6 11299.4 11309.8 11304.3 11303.4 11311.8 11323.1 11333.7 11328.2 11352.9 11353.2 11357.4 11335.2 11324.8 11379.5 11375.7 11364 11347.7 11348.9 11340.5 11339.9 11355.9 11364.3 11364.5 11365 11355.5 11349.4 11346.6 11345.2 11353.8 11360.9 11362.2 11349.4 11354 11358 11361.4 11361.9 11369.2 11379.9 11389.8 11388.7 11393.8 11397.6 11399.8 11400.3 11401.1 11392 11376.1 11381.6 11388.1 11385.1 11385.9 11384.5 11384 11383.4 11384.7 11376.1 11393.4 11384.9 11386.9 11393.8 11391 11396.3 11397.2
11295.1 11299.6 11303.8 11306.1 11305.7 11306.9 11309.2 11312.5 11313.7 11318 11322.8 11337.8 11349 11349.1 11356.7 11363.7 11350.6 11353.7 11361.1 11362.2 11352.8 11354.5 11353.1 11350.1 11354.9 11363.3 11369 11373.5 11365.9 11356.9 11352 11350.2 11362.3 11374.3 11370 11356.8 11364.7 11363 11373.3 11382.8 11384.9 11386 11383 11390 11401.6 11407.8 11411.3 11415 11415.5 11403.4 11392 11388.8 11389.3 11383.2 11379.5 11381.8 11383.9 11385.1 11383.5 11389.9 11391.6 11394.4 11392.1 11388.6 11384.5 11399.6 11415.9
11304.6 11301.7 11313.1 11318.6 11323 11309.4 11311.8 11312.7 11317 11322.2 11332.6 11345.3 11360.1 11356.9 11350.4 11350.6 11350.5 11349.6 11357.6 11366.3 11362.5 11368.8 11358.5 11358.9 11357.5 11362.2 11366.8 11371.1 11367.6 11363.5 11360.4 11361.9 11372.4 11384 11382.5 11375 11387 11390.5 11394.3 11398.6 11401.4 11401.1 11403.4 11413.9 11416.2 11419.7 11422 11425.1 11430.1 11412.8 11392.1 11394.5 11392.5 11382.8 11377.9 11383.9 11386.1 11385.8 11385.8 11392.5 11394.1 11393 11391.2 11385 11384.4 11391.3 11399.4
11329.9 11315.6 11315.9 11325 11332.4 11324.4 11315.6 11311.6 11310.1 11324.6 11336.4 11344.1 11343.3 11350.6 11363.4 11348.2 11339.8 11344.6 11348.7 11351.9 11350.3 11354.2 11347.4 11358.7 11357.9 11359.1 11361.7 11361.6 11369.9 11369.1 11368.2 11370.8 11379.2 11394.9 11403.9 11407.7 11410.6 11406.2 11406.8 11416.7 11415.4 11417.1 11423.6 11431.2 11433.4 11432.9 11431.2 11426.6 11417.2 11415.4 11408.5 11398.8 11389.5 11386.9 11387.2 11389.1 11388.3 11388.3 11390.5 11399.5 11400 11396.6 11393 11393.1 11391.9 11404.5 11410.1
11329.2 11329.3 11332 11320.6 11303.8 11313.9 11316.1 11317.5 11318.9 11330.6 11344.3 11342.7 11336.4 11344.4 11341.9 11343.9 11341.1 11339.7 11341.7 11338.9 11341.6 11351.6 11359.4 11358.5 11359.3 11362 11361.9 11363.6 11372.6 11375.8 11376.2 11372.9 11382.2 11397.6 11410.9 11429.4 11435.3 11417.3 11412.8 11419.2 11423.3 11428.5 11437.2 11445 11446.9 11445.1 11440.6 11433.4 11420.2 11421.6 11418.5 11406.2 11394.6 11393.4 11396.1 11390.3 11390.9 11392.9 11397.2 11399.5 11398.8 11398.6 11399.8 11404.9 11401.8 11410.7 11415.3
11322 11331.4 11338.5 11323.3 11315.8 11315.7 11321 11322.6 11330.1 11332.9 11333.8 11339.1 11346.8 11355.4 11353.2 11347.5 11341.8 11341.7 11341.1 11340.3 11340 11353.1 11368.3 11362.4 11358.4 11368.1 11364.4 11369.7 11381.8 11389.7 11394.9 11395.7 11403.8 11413.6 11425 11440.8 11428.5 11430 11423.7 11423.5 11429.8 11436.5 11448 11460.9 11459.9 11457.3 11454.1 11449.9 11445.9 11437.4 11428.9 11416.2 11402.1 11397.3 11397.5 11390.4 11395.2 11395.5 11395.7 11392.5 11400 11410 11399.3 11390.4 11411.7 11419.3 11417.4
11319.9 11318.4 11311.5 11309.4 11315.8 11330.7 11329.8 11328.2 11332 11331.9 11332.7 11339.6 11352 11355.3 11354.9 11353.9 11347.9 11347.9 11346 11343.8 11343.7 11351 11359.3 11366.7 11362.5 11372.8 11366.3 11378.3 11406 11408.4 11418.6 11433.8 11443.7 11435.4 11425.6 11421.5 11421.1 11442 11445.6 11439.7 11437.7 11438.8 11455.5 11469.5 11467.7 11466.3 11464.2 11463.5 11457.9 11451.4 11446.2 11419.2 11402.4 11403 11405.9 11411.7 11405.5 11403.3 11396.5 11403.5 11410.8 11409.4 11423.4 11419.3 11421 11417.5 11419.7
11324 11312.6 11308.3 11305.9 11321 11341.2 11333.5 11326.1 11326 11327.2 11328.4 11335.5 11351.1 11364.8 11369.2 11364.3 11361.6 11357.5 11355.4 11349.7 11350 11348.1 11346.1 11355.9 11376.2 11368.9 11375.1 11386.1 11400.6 11417 11435.8 11457 11469.1 11453.6 11443.2 11428.3 11438.4 11458.3 11452.2 11463.4 11455.4 11440.4 11438.4 11461.2 11465.5 11467.2 11468.3 11470.8 11471.4 11459.8 11448.4 11429 11433.2 11419.4 11413.8 11411.9 11418.9 11418.8 11417.9 11419.8 11418.1 11422.3 11426.4 11431.8 11423.8 11424.8 11424.4
11323.1 11309.4 11297.2 11308.6 11306.8 11327.8 11328.5 11324.8 11320.6 11321.2 11327 11336 11346.6 11352.4 11363.3 11361.5 11361.7 11364.3 11366.4 11369.8 11360.9 11360 11362.6 11363.3 11380 11389.2 11394.8 11394.2 11400.2 11421.5 11442.9 11464.2 11476.7 11462.8 11447.2 11441.5 11459.6 11501.4 11541 11514.6 11491.7 11458 11433.9 11454.3 11459 11461.5 11468.4 11470 11467.6 11460.8 11458.4 11452.7 11438 11427.6 11426.1 11437.6 11441.6 11439.4 11439.3 11443.9 11448.8 11433.2 11432.7 11424 11438.8 11439.5 11431.6
11313.5 11308.2 11308.5 11303.1 11304.2 11313.2 11324.5 11324.4 11322.2 11320.5 11329 11338.8 11350.1 11362.9 11367.9 11363.1 11365.6 11373.9 11378.6 11381.3 11383.5 11380.3 11388.1 11385.6 11392.1 11398.3 11401.6 11409.9 11412.5 11429.3 11447 11462.4 11476.2 11474.9 11468.7 11486.6 11530.1 11563.1 11567.4 11554.7 11541.9 11532 11499.8 11470.7 11476 11481 11475.5 11463.3 11463 11467.2 11465.9 11454.4 11452.1 11434 11439.5 11456.3 11456.3 11453.5 11453.9 11453.6 11442.9 11438.6 11438.5 11424.2 11439.1 11441.5 11435.1
11303.9 11306.8 11304.3 11309.9 11311.2 11329.3 11328.7 11326.8 11320 11328.8 11331.9 11339.8 11352 11365.9 11371.7 11371 11379 11387.8 11394.2 11404.2 11411.6 11405.5 11413.3 11402.4 11399.1 11403.3 11408 11417.9 11428.6 11441.2 11450.8 11459.7 11457.9 11491.3 11526.1 11560.3 11593.8 11605.3 11589 11580.1 11578.4 11588.6 11576.3 11520.8 11532.7 11527.4 11507 11472.8 11477.5 11490.1 11487.6 11489.6 11485.9 11457.3 11454.9 11450.4 11460.3 11456.8 11457.6 11456.9 11445.1 11444.6 11440.4 11449.1 11447.6 11446.6 11443.6
11308.1 11310.6 11311.7 11316.8 11326.1 11325.8 11334.8 11341.5 11347.9 11334.4 11333.9 11336.4 11349.4 11362.3 11358.4 11387.4 11396.6 11401.6 11409.9 11422.9 11435.4 11441.6 11437.7 11426.8 11411.1 11421.4 11438.1 11459.7 11456.5 11455.6 11453.4 11465.4 11480.2 11524.6 11566.4 11593 11619.3 11614.5 11587.6 11591.2 11591.6 11590.1 11604 11634.5 11618.4 11595.5 11573.7 11533.5 11539.8 11545 11540.4 11563.2 11544.9 11547.4 11495.4 11472.6 11453.4 11448.4 11447.4 11443.5 11442.8 11444.4 11441.1 11444.4 11449.1 11456.3 11450.5
11315.6 11319 11322.9 11328.2 11336.1 11344.8 11352.2 11353.3 11350 11342 11337.3 11333.1 11345 11358.8 11368.5 11410 11413.6 11416.2 11421.5 11433.1 11461.9 11462.9 11471 11463 11438.8 11444.4 11456.3 11485.9 11486.1 11470.3 11461.3 11471.4 11529 11565.9 11573.9 11595.2 11594.2 11591.6 11583.6 11601.6 11604.2 11605.1 11625.6 11655.3 11659.7 11657.2 11670.6 11687.3 11641.9 11621.7 11611.4 11586.7 11565.2 11539.2 11521.4 11470.4 11442.1 11434.3 11436.3 11437.6 11436.7 11436.1 11441.8 11440.5 11454 11455.6 11453.4
11321.1 11325.9 11332.3 11335.4 11346.9 11365.8 11369 11361.4 11355.2 11353.5 11346.2 11340.7 11346.7 11362.7 11374.3 11400.3 11414 11419.9 11427.6 11445.2 11452.2 11467 11457.3 11454.9 11469.4 11483.3 11521.5 11533 11513 11477.3 11447.4 11431.1 11456.5 11465.8 11522 11632.1 11605.8 11598.5 11604.1 11612.4 11637 11650.3 11655.9 11660.7 11669.5 11684.6 11717.8 11747.7 11707.7 11682.7 11660.2 11625.6 11611.7 11605.6 11558.4 11488.7 11434.9 11437.9 11439 11432.2 11435.1 11440.1 11438.8 11449.2 11468.9 11460.9 11455.1
11326.1 11331.8 11333.3 11344.7 11354.5 11363.6 11363.9 11363 11361.8 11363.7 11362.5 11358.8 11361.2 11367.3 11379.8 11397.9 11410.6 11420.6 11432.3 11437.9 11441.9 11453 11452.6 11460.3 11497.3 11536.7 11560.3 11582.5 11559.5 11503.5 11440.7 11369.3 11241.8 11169.9 11348.6 11457 11587.8 11618.6 11626.1 11647.7 11681 11677.5 11679.4 11670.3 11674.8 11694.9 11703.4 11705.1 11713 11707.9 11693.1 11642 11624.4 11629.4 11606.6 11605.4 11525.9 11495.9 11464.6 11433.1 11429.2 11434.2 11451.8 11463.9 11474 11467.1 11459.8
11334.5 11336.7 11342.2 11342.5 11351.5 11353.5 11357.5 11364.1 11367.8 11377.3 11380.1 11383.7 11388 11384.6 11391.4 11401.9 11411.3 11419 11426.6 11447.4 11449.5 11444.9 11431.8 11458.1 11521.5 11595.1 11644.8 11641.8 11596.1 11538.9 11463.9 11378.9 11288.1 11249.7 11255.5 11112.3 11190.7 11383.9 11498.3 11689.7 11698.2 11715.1 11681.1 11673.8 11687.3 11714.7 11708.3 11697.3 11713.4 11711.3 11680.4 11647.2 11613.7 11617.7 11621.2 11624.9 11636.4 11565 11503.6 11454.7 11435.2 11442.1 11452.9 11470.5 11466.9 11466.4 11464.4
11337.9 11335.4 11334.9 11338.1 11346.5 11355.9 11364.3 11368.4 11373.8 11379.3 11385.5 11392.3 11401.7 11405.9 11407.1 11408.9 11411.2 11415.3 11419.3 11418.1 11426.2 11428.9 11447.6 11494.5 11547.2 11608.3 11673.4 11677.2 11597.1 11502.8 11447.9 11409.4 11421.1 11468.9 11340.1 11264 11136.7 11067 11153.7 11300.4 11433.5 11578 11558.3 11628.4 11735.3 11746.5 11739.4 11735.2 11725.4 11715.6 11687.1 11645.6 11636 11626 11611.5 11583.8 11555.8 11549.8 11534.9 11523.2 11488.1 11471.6 11472.9 11473.2 11478.1 11478.2 11476
11321.5 11333 11336.6 11334.5 11347.3 11356.4 11362.7 11371.4 11383.1 11391.9 11395.2 11401.2 11405.4 11407.7 11404.1 11405.9 11408.8 11410.9 11408.6 11399.6 11410.5 11420 11464.1 11520.4 11558.3 11624.9 11662.9 11613.8 11470.5 11361.1 11302.5 11304.2 11350.4 11381.5 11287.6 11250.1 11190.9 11165.5 11006.9 10877.8 10936.4 11080.6 11257.4 11430.1 11667.3 11668.4 11674 11720.5 11736.3 11730.4 11691.8 11668.1 11671.2 11653.8 11615.9 11575 11547.5 11548.4 11555.2 11559.7 11552.4 11519.4 11526.7 11517.3 11500.6 11490.3 11482.7
11338.7 11341.3 11340.5 11343 11360.7 11362.8 11357.6 11376.5 11388 11397.1 11411.7 11412.9 11416.5 11413.3 11403.7 11403.1 11409 11412.9 11410.7 11407.5 11411.8 11437.3 11506.2 11555.4 11597.9 11666.9 11712.2 11396.3 11271.9 11219.3 11194.7 11169.6 11172.4 11194.3 11044.9 10859.3 10733.3 10683.2 10632.9 10656.9 10662.8 10773.5 10955.8 11079.9 11163.8 11369.7 11722.8 11706 11704.7 11751.7 11777.5 11734.6 11704.6 11683.2 11636.8 11587.5 11555.8 11570.4 11562.7 11553.2 11548.3 11541.4 11561.5 11553.4 11520 11504.8 11495
11347.5 11354.1 11363.3 11365 11372.9 11378.1 11385.7 11387.2 11393.7 11406.5 11412.6 11423.2 11425.7 11420.7 11410.2 11402.7 11412.7 11420.1 11423.4 11422.3 11418.7 11469.3 11553.5 11602.8 11652 11666.7 11439.8 11102.2 11026.7 11004.6 10991.9 10983.6 10949.6 10876.6 10776.2 10611 10486.2 10476.8 10497.1 10554.3 10639.6 10696.9 10749.4 10773.7 10740.9 10933.1 11255.4 11432.9 11557.4 11700.1 11768.7 11744.1 11712.8 11705.3 11652.8 11603.5 11570.3 11582.4 11565.7 11545.1 11549 11557.4 11566.2 11551.4 11540.8 11524.3 11507.9
11348.9 11355 11362.4 11370.7 11379.4 11387.2 11394.9 11392.2 11392.7 11405.7 11429.6 11432.5 11430.9 11418.5 11423.1 11415.3 11423.9 11433.4 11431 11424.9 11441.8 11506.6 11600.8 11596 11578.3 11495.8 11116 10945.1 10832.9 10800.5 10775.7 10777.9 10742.1 10666.4 10607 10604.4 10663.4 10628.1 10569.8 10577.4 10592.6 10640.9 10660.1 10648.3 10621.5 10687.2 10809.8 11092 11293.2 11515.8 11774.1 11695 11696.8 11707.5 11658.5 11617.1 11584.8 11586.9 11562.6 11544.3 11540.4 11544.2 11543.1 11535.7 11546.3 11547.1 11554.4
11357.6 11365.8 11361.6 11373.7 11386.9 11391.1 11389.9 11388.6 11385.8 11376.4 11417.6 11420.1 11408 11406.6 11408.8 11429.4 11433.3 11443 11444.4 11446.4 11462.6 11534.4 11627 11522.1 11314.4 10975.7 10749 10600.4 10633.5 10654.3 10661.4 10630.1 10598.8 10535 10508.7 10568.6 10634.7 10680 10747.4 10655.4 10608.1 10620.8 10636.9 10649.9 10675.5 10697.8 10738.3 10884.1 10994.7 11046.7 11218.4 11445.3 11680.3 11722.8 11685.4 11620.2 11571.4 11558.1 11554.9 11537.5 11543.1 11532.2 11520.3 11521.3 11549 11557.8 11561.6
11373.2 11382.7 11381.9 11383.4 11391.6 11394.8 11396.6 11396.4 11388.6 11387.7 11402.8 11405.8 11406.2 11404.3 11406.5 11419.7 11437 11445.3 11454.8 11481.6 11516.7 11574.1 11661.6 11424.4 11090.7 10672.9 10545.3 10507.1 10550.5 10594.8 10595.9 10573.8 10539 10491.6 10477 10467.8 10439.2 10450.1 10499.5 10588.8 10650.4 10599.9 10615.3 10663.6 10750.1 10854.2 10820.1 10787.6 10814.7 10797.8 10835.2 11002.3 11262.9 11663.9 11658.9 11620.7 11574.2 11563.6 11557.3 11548.4 11526.3 11525.9 11524.7 11534.3 11545.5 11562 11565.4
11391.8 11396.1 11389.5 11388.4 11383.6 11387.6 11392.6 11393.5 11391.4 11395.1 11395.7 11396.4 11399.8 11401.8 11409.5 11435 11448.3 11450.1 11489.1 11512.4 11544.8 11624.4 11635.5 11297.6 10915.6 10586.7 10495.8 10525.5 10548.8 10564.4 10563.1 10535.1 10504.8 10483.3 10481.7 10415.7 10372.6 10331.7 10360.3 10405.2 10440.9 10499.8 10543 10601.6 10671.7 10686.3 10688.5 10689 10708.9 10767 10681.8 10699 10899.1 11365.4 11542.2 11573.7 11588.5 11592.9 11559.5 11521.8 11512.4 11518.4 11521.5 11547.4 11571 11569.7 11567.8
