real_craters/C174-750m.grd
DSAA
180 180
-67.235 67.235
-67.235 67.235
10915.661594877 14354.201186616
[rows 25 to 49 of 180, columns 0 to 56 of 180]
1.206e+004 1.206e+004 1.206e+004 1.206e+004 1.206e+004 1.206e+004 1.207e+004 1.207e+004 1.207e+004 1.208e+004 1.208e+004 1.208e+004 1.209e+004 1.209e+004 1.209e+004 1.21e+004 1.21e+004 1.21e+004 1.211e+004 1.211e+004 1.211e+004 1.211e+004 1.211e+004 1.211e+004 1.212e+004 1.213e+004 1.214e+004 1.214e+004 1.213e+004 1.217e+004 1.219e+004 1.22e+004 1.22e+004 1.22e+004 1.219e+004 1.219e+004 1.218e+004 1.219e+004 1.221e+004 1.222e+004 1.222e+004 1.222e+004 1.222e+004 1.222e+004 1.223e+004 1.223e+004 1.223e+004 1.223e+004 1.223e+004 1.223e+004 1.223e+004 1.223e+004 1.223e+004 1.223e+004 1.224e+004 1.224e+004 1.225e+004
1.206e+004 1.206e+004 1.206e+004 1.206e+004 1.206e+004 1.206e+004 1.206e+004 1.206e+004 1.207e+004 1.207e+004 1.208e+004 1.208e+004 1.209e+004 1.209e+004 1.21e+004 1.21e+004 1.21e+004 1.21e+004 1.211e+004 1.211e+004 1.211e+004 1.211e+004 1.211e+004 1.211e+004 1.211e+004 1.212e+004 1.216e+004 1.221e+004 1.221e+004 1.224e+004 1.224e+004 1.224e+004 1.224e+004 1.222e+004 1.22e+004 1.219e+004 1.219e+004 1.22e+004 1.221e+004 1.222e+004 1.222e+004 1.223e+004 1.223e+004 1.223e+004 1.223e+004 1.223e+004 1.223e+004 1.223e+004 1.223e+004 1.223e+004 1.223e+004 1.223e+004 1.223e+004 1.223e+004 1.224e+004 1.224e+004 1.225e+004
1.205e+004 1.205e+004 1.206e+004 1.207e+004 1.206e+004 1.206e+004 1.206e+004 1.206e+004 1.207e+004 1.207e+004 1.208e+004 1.208e+004 1.208e+004 1.209e+004 1.209e+004 1.209e+004 1.21e+004 1.21e+004 1.211e+004 1.211e+004 1.211e+004 1.211e+004 1.21e+004 1.21e+004 1.21e+004 1.211e+004 1.218e+004 1.23e+004 1.237e+004 1.233e+004 1.23e+004 1.228e+004 1.226e+004 1.223e+004 1.221e+004 1.22e+004 1.22e+004 1.221e+004 1.223e+004 1.222e+004 1.223e+004 1.223e+004 1.223e+004 1.223e+004 1.223e+004 1.224e+004 1.223e+004 1.223e+004 1.223e+004 1.223e+004 1.223e+004 1.223e+004 1.223e+004 1.223e+004 1.224e+004 1.224e+004 1.225e+004
1.204e+004 1.205e+004 1.206e+004 1.207e+004 1.207e+004 1.207e+004 1.206e+004 1.207e+004 1.207e+004 1.207e+004 1.208e+004 1.208e+004 1.208e+004 1.209e+004 1.209e+004 1.21e+004 1.21e+004 1.21e+004 1.21e+004 1.21e+004 1.21e+004 1.211e+004 1.21e+004 1.209e+004 1.208e+004 1.21e+004 1.219e+004 1.232e+004 1.239e+004 1.236e+004 1.233e+004 1.23e+004 1.227e+004 1.225e+004 1.222e+004 1.221e+004 1.221e+004 1.223e+004 1.226e+004 1.224e+004 1.224e+004 1.224e+004 1.224e+004 1.224e+004 1.223e+004 1.223e+004 1.223e+004 1.223e+004 1.223e+004 1.223e+004 1.223e+004 1.223e+004 1.223e+004 1.223e+004 1.224e+004 1.224e+004 1.225e+004
1.203e+004 1.204e+004 1.205e+004 1.206e+004 1.207e+004 1.207e+004 1.207e+004 1.207e+004 1.207e+004 1.208e+004 1.208e+004 1.208e+004 1.209e+004 1.209e+004 1.209e+004 1.209e+004 1.21e+004 1.21e+004 1.21e+004 1.21e+004 1.21e+004 1.21e+004 1.21e+004 1.208e+004 1.207e+004 1.209e+004 1.217e+004 1.232e+004 1.239e+004 1.238e+004 1.235e+004 1.233e+004 1.23e+004 1.226e+004 1.224e+004 1.222e+004 1.223e+004 1.226e+004 1.229e+004 1.228e+004 1.226e+004 1.224e+004 1.224e+004 1.224e+004 1.223e+004 1.223e+004 1.223e+004 1.223e+004 1.223e+004 1.223e+004 1.223e+004 1.223e+004 1.223e+004 1.223e+004 1.223e+004 1.224e+004 1.224e+004
1.202e+004 1.203e+004 1.204e+004 1.206e+004 1.206e+004 1.206e+004 1.207e+004 1.207e+004 1.207e+004 1.208e+004 1.208e+004 1.209e+004 1.209e+004 1.209e+004 1.209e+004 1.209e+004 1.209e+004 1.209e+004 1.21e+004 1.21e+004 1.21e+004 1.21e+004 1.21e+004 1.209e+004 1.208e+004 1.209e+004 1.218e+004 1.235e+004 1.24e+004 1.237e+004 1.235e+004 1.233e+004 1.232e+004 1.229e+004 1.226e+004 1.224e+004 1.225e+004 1.229e+004 1.232e+004 1.23e+004 1.227e+004 1.225e+004 1.224e+004 1.224e+004 1.224e+004 1.224e+004 1.224e+004 1.224e+004 1.223e+004 1.223e+004 1.223e+004 1.223e+004 1.223e+004 1.223e+004 1.223e+004 1.223e+004 1.224e+004
1.201e+004 1.202e+004 1.204e+004 1.205e+004 1.206e+004 1.206e+004 1.207e+004 1.207e+004 1.207e+004 1.207e+004 1.208e+004 1.208e+004 1.209e+004 1.209e+004 1.209e+004 1.209e+004 1.209e+004 1.209e+004 1.209e+004 1.209e+004 1.209e+004 1.21e+004 1.21e+004 1.209e+004 1.21e+004 1.212e+004 1.218e+004 1.231e+004 1.238e+004 1.237e+004 1.236e+004 1.234e+004 1.232e+004 1.23e+004 1.228e+004 1.227e+004 1.228e+004 1.23e+004 1.232e+004 1.231e+004 1.228e+004 1.225e+004 1.224e+004 1.224e+004 1.224e+004 1.224e+004 1.224e+004 1.224e+004 1.223e+004 1.223e+004 1.223e+004 1.223e+004 1.223e+004 1.223e+004 1.223e+004 1.223e+004 1.223e+004
1.201e+004 1.202e+004 1.204e+004 1.206e+004 1.206e+004 1.206e+004 1.207e+004 1.207e+004 1.207e+004 1.207e+004 1.207e+004 1.208e+004 1.209e+004 1.209e+004 1.208e+004 1.209e+004 1.209e+004 1.209e+004 1.209e+004 1.209e+004 1.209e+004 1.209e+004 1.21e+004 1.21e+004 1.212e+004 1.215e+004 1.223e+004 1.229e+004 1.236e+004 1.239e+004 1.238e+004 1.235e+004 1.232e+004 1.229e+004 1.229e+004 1.229e+004 1.23e+004 1.231e+004 1.231e+004 1.23e+004 1.227e+004 1.225e+004 1.224e+004 1.224e+004 1.224e+004 1.224e+004 1.224e+004 1.224e+004 1.223e+004 1.223e+004 1.223e+004 1.223e+004 1.223e+004 1.223e+004 1.223e+004 1.223e+004 1.223e+004
1.202e+004 1.202e+004 1.204e+004 1.206e+004 1.206e+004 1.206e+004 1.206e+004 1.207e+004 1.206e+004 1.206e+004 1.207e+004 1.207e+004 1.208e+004 1.208e+004 1.208e+004 1.209e+004 1.209e+004 1.209e+004 1.209e+004 1.209e+004 1.209e+004 1.209e+004 1.21e+004 1.211e+004 1.213e+004 1.216e+004 1.22e+004 1.23e+004 1.236e+004 1.239e+004 1.237e+004 1.234e+004 1.232e+004 1.23e+004 1.231e+004 1.231e+004 1.231e+004 1.231e+004 1.23e+004 1.229e+004 1.227e+004 1.225e+004 1.224e+004 1.224e+004 1.224e+004 1.224e+004 1.224e+004 1.224e+004 1.223e+004 1.223e+004 1.223e+004 1.223e+004 1.223e+004 1.222e+004 1.222e+004 1.222e+004 1.222e+004
1.202e+004 1.202e+004 1.203e+004 1.204e+004 1.205e+004 1.206e+004 1.206e+004 1.206e+004 1.206e+004 1.205e+004 1.205e+004 1.206e+004 1.207e+004 1.208e+004 1.208e+004 1.208e+004 1.209e+004 1.209e+004 1.209e+004 1.209e+004 1.209e+004 1.209e+004 1.211e+004 1.213e+004 1.216e+004 1.219e+004 1.222e+004 1.231e+004 1.235e+004 1.237e+004 1.235e+004 1.234e+004 1.233e+004 1.232e+004 1.232e+004 1.233e+004 1.232e+004 1.23e+004 1.23e+004 1.228e+004 1.227e+004 1.225e+004 1.224e+004 1.224e+004 1.224e+004 1.224e+004 1.224e+004 1.224e+004 1.223e+004 1.223e+004 1.223e+004 1.223e+004 1.223e+004 1.222e+004 1.222e+004 1.222e+004 1.222e+004
1.202e+004 1.202e+004 1.203e+004 1.203e+004 1.204e+004 1.204e+004 1.205e+004 1.205e+004 1.205e+004 1.205e+004 1.205e+004 1.205e+004 1.206e+004 1.207e+004 1.208e+004 1.208e+004 1.208e+004 1.209e+004 1.21e+004 1.209e+004 1.21e+004 1.21e+004 1.212e+004 1.214e+004 1.218e+004 1.224e+004 1.231e+004 1.235e+004 1.236e+004 1.235e+004 1.235e+004 1.234e+004 1.234e+004 1.233e+004 1.232e+004 1.232e+004 1.231e+004 1.23e+004 1.229e+004 1.228e+004 1.227e+004 1.226e+004 1.225e+004 1.224e+004 1.224e+004 1.224e+004 1.223e+004 1.223e+004 1.223e+004 1.223e+004 1.223e+004 1.223e+004 1.223e+004 1.222e+004 1.222e+004 1.222e+004 1.222e+004
1.202e+004 1.202e+004 1.202e+004 1.203e+004 1.203e+004 1.203e+004 1.204e+004 1.204e+004 1.204e+004 1.204e+004 1.204e+004 1.205e+004 1.205e+004 1.206e+004 1.208e+004 1.208e+004 1.208e+004 1.209e+004 1.21e+004 1.21e+004 1.21e+004 1.21e+004 1.212e+004 1.216e+004 1.221e+004 1.227e+004 1.233e+004 1.236e+004 1.236e+004 1.235e+004 1.234e+004 1.233e+004 1.233e+004 1.232e+004 1.231e+004 1.231e+004 1.231e+004 1.23e+004 1.229e+004 1.23e+004 1.229e+004 1.227e+004 1.226e+004 1.224e+004 1.224e+004 1.223e+004 1.223e+004 1.223e+004 1.223e+004 1.223e+004 1.223e+004 1.223e+004 1.223e+004 1.223e+004 1.222e+004 1.222e+004 1.222e+004
1.202e+004 1.202e+004 1.202e+004 1.202e+004 1.202e+004 1.203e+004 1.203e+004 1.204e+004 1.204e+004 1.204e+004 1.204e+004 1.205e+004 1.205e+004 1.206e+004 1.207e+004 1.208e+004 1.208e+004 1.208e+004 1.209e+004 1.21e+004 1.211e+004 1.212e+004 1.214e+004 1.218e+004 1.224e+004 1.229e+004 1.234e+004 1.236e+004 1.235e+004 1.234e+004 1.233e+004 1.233e+004 1.233e+004 1.231e+004 1.23e+004 1.23e+004 1.23e+004 1.23e+004 1.231e+004 1.232e+004 1.23e+004 1.228e+004 1.226e+004 1.224e+004 1.223e+004 1.223e+004 1.223e+004 1.223e+004 1.223e+004 1.222e+004 1.222e+004 1.223e+004 1.223e+004 1.223e+004 1.223e+004 1.223e+004 1.223e+004
1.202e+004 1.202e+004 1.202e+004 1.202e+004 1.203e+004 1.203e+004 1.203e+004 1.203e+004 1.204e+004 1.204e+004 1.204e+004 1.204e+004 1.205e+004 1.205e+004 1.206e+004 1.207e+004 1.208e+004 1.208e+004 1.209e+004 1.21e+004 1.211e+004 1.213e+004 1.217e+004 1.221e+004 1.226e+004 1.231e+004 1.234e+004 1.236e+004 1.234e+004 1.233e+004 1.233e+004 1.232e+004 1.231e+004 1.23e+004 1.229e+004 1.229e+004 1.229e+004 1.23e+004 1.231e+004 1.233e+004 1.23e+004 1.227e+004 1.225e+004 1.224e+004 1.223e+004 1.223e+004 1.223e+004 1.224e+004 1.223e+004 1.223e+004 1.222e+004 1.223e+004 1.223e+004 1.223e+004 1.223e+004 1.223e+004 1.223e+004
1.202e+004 1.202e+004 1.202e+004 1.203e+004 1.203e+004 1.203e+004 1.203e+004 1.203e+004 1.203e+004 1.204e+004 1.204e+004 1.204e+004 1.204e+004 1.205e+004 1.206e+004 1.206e+004 1.208e+004 1.208e+004 1.208e+004 1.209e+004 1.211e+004 1.214e+004 1.218e+004 1.222e+004 1.228e+004 1.234e+004 1.239e+004 1.24e+004 1.236e+004 1.233e+004 1.232e+004 1.231e+004 1.231e+004 1.229e+004 1.228e+004 1.228e+004 1.229e+004 1.229e+004 1.229e+004 1.228e+004 1.228e+004 1.226e+004 1.225e+004 1.224e+004 1.224e+004 1.224e+004 1.223e+004 1.224e+004 1.224e+004 1.224e+004 1.223e+004 1.223e+004 1.223e+004 1.223e+004 1.223e+004 1.223e+004 1.224e+004
1.203e+004 1.203e+004 1.203e+004 1.203e+004 1.203e+004 1.203e+004 1.205e+004 1.206e+004 1.205e+004 1.205e+004 1.205e+004 1.204e+004 1.204e+004 1.205e+004 1.206e+004 1.207e+004 1.207e+004 1.207e+004 1.207e+004 1.208e+004 1.211e+004 1.215e+004 1.219e+004 1.224e+004 1.23e+004 1.237e+004 1.242e+004 1.243e+004 1.237e+004 1.233e+004 1.232e+004 1.231e+004 1.229e+004 1.228e+004 1.227e+004 1.228e+004 1.23e+004 1.231e+004 1.229e+004 1.228e+004 1.227e+004 1.226e+004 1.225e+004 1.225e+004 1.224e+004 1.224e+004 1.224e+004 1.225e+004 1.226e+004 1.226e+004 1.225e+004 1.224e+004 1.223e+004 1.223e+004 1.223e+004 1.223e+004 1.223e+004
1.203e+004 1.203e+004 1.203e+004 1.203e+004 1.203e+004 1.203e+004 1.205e+004 1.207e+004 1.201e+004 1.198e+004 1.204e+004 1.204e+004 1.204e+004 1.205e+004 1.205e+004 1.205e+004 1.206e+004 1.206e+004 1.206e+004 1.208e+004 1.212e+004 1.217e+004 1.222e+004 1.227e+004 1.232e+004 1.237e+004 1.239e+004 1.238e+004 1.233e+004 1.232e+004 1.231e+004 1.23e+004 1.228e+004 1.228e+004 1.227e+004 1.23e+004 1.233e+004 1.237e+004 1.235e+004 1.231e+004 1.228e+004 1.226e+004 1.225e+004 1.225e+004 1.225e+004 1.225e+004 1.226e+004 1.227e+004 1.227e+004 1.227e+004 1.225e+004 1.224e+004 1.224e+004 1.223e+004 1.223e+004 1.223e+004 1.222e+004
1.203e+004 1.203e+004 1.203e+004 1.203e+004 1.203e+004 1.203e+004 1.205e+004 1.206e+004 1.204e+004 1.206e+004 1.205e+004 1.204e+004 1.204e+004 1.205e+004 1.205e+004 1.205e+004 1.206e+004 1.206e+004 1.206e+004 1.207e+004 1.212e+004 1.218e+004 1.225e+004 1.233e+004 1.233e+004 1.234e+004 1.234e+004 1.229e+004 1.229e+004 1.23e+004 1.231e+004 1.23e+004 1.229e+004 1.228e+004 1.228e+004 1.232e+004 1.236e+004 1.241e+004 1.239e+004 1.232e+004 1.227e+004 1.226e+004 1.225e+004 1.224e+004 1.224e+004 1.225e+004 1.226e+004 1.227e+004 1.227e+004 1.227e+004 1.225e+004 1.225e+004 1.224e+004 1.224e+004 1.223e+004 1.223e+004 1.222e+004
1.203e+004 1.203e+004 1.203e+004 1.203e+004 1.203e+004 1.203e+004 1.204e+004 1.204e+004 1.204e+004 1.204e+004 1.205e+004 1.204e+004 1.204e+004 1.205e+004 1.205e+004 1.205e+004 1.206e+004 1.206e+004 1.206e+004 1.207e+004 1.212e+004 1.218e+004 1.225e+004 1.231e+004 1.231e+004 1.229e+004 1.228e+004 1.228e+004 1.228e+004 1.23e+004 1.231e+004 1.231e+004 1.23e+004 1.23e+004 1.233e+004 1.235e+004 1.236e+004 1.237e+004 1.235e+004 1.23e+004 1.226e+004 1.226e+004 1.225e+004 1.224e+004 1.224e+004 1.224e+004 1.225e+004 1.226e+004 1.226e+004 1.227e+004 1.227e+004 1.225e+004 1.225e+004 1.224e+004 1.224e+004 1.223e+004 1.222e+004
1.203e+004 1.203e+004 1.203e+004 1.203e+004 1.203e+004 1.203e+004 1.203e+004 1.204e+004 1.204e+004 1.204e+004 1.205e+004 1.205e+004 1.205e+004 1.205e+004 1.205e+004 1.205e+004 1.206e+004 1.206e+004 1.206e+004 1.207e+004 1.211e+004 1.217e+004 1.222e+004 1.225e+004 1.227e+004 1.227e+004 1.227e+004 1.228e+004 1.229e+004 1.229e+004 1.231e+004 1.232e+004 1.232e+004 1.233e+004 1.24e+004 1.236e+004 1.233e+004 1.23e+004 1.23e+004 1.228e+004 1.227e+004 1.226e+004 1.225e+004 1.225e+004 1.224e+004 1.224e+004 1.224e+004 1.224e+004 1.225e+004 1.226e+004 1.226e+004 1.225e+004 1.225e+004 1.225e+004 1.224e+004 1.224e+004 1.223e+004
1.203e+004 1.203e+004 1.203e+004 1.203e+004 1.203e+004 1.203e+004 1.204e+004 1.204e+004 1.204e+004 1.204e+004 1.204e+004 1.204e+004 1.205e+004 1.205e+004 1.205e+004 1.206e+004 1.206e+004 1.206e+004 1.207e+004 1.208e+004 1.211e+004 1.215e+004 1.219e+004 1.22e+004 1.223e+004 1.226e+004 1.227e+004 1.228e+004 1.229e+004 1.23e+004 1.232e+004 1.234e+004 1.234e+004 1.235e+004 1.234e+004 1.233e+004 1.231e+004 1.229e+004 1.228e+004 1.227e+004 1.226e+004 1.225e+004 1.225e+004 1.225e+004 1.224e+004 1.224e+004 1.224e+004 1.224e+004 1.225e+004 1.225e+004 1.225e+004 1.225e+004 1.226e+004 1.226e+004 1.226e+004 1.225e+004 1.225e+004
1.203e+004 1.203e+004 1.203e+004 1.203e+004 1.203e+004 1.204e+004 1.204e+004 1.204e+004 1.204e+004 1.205e+004 1.204e+004 1.205e+004 1.205e+004 1.205e+004 1.206e+004 1.206e+004 1.206e+004 1.206e+004 1.208e+004 1.209e+004 1.212e+004 1.215e+004 1.217e+004 1.219e+004 1.222e+004 1.225e+004 1.226e+004 1.227e+004 1.23e+004 1.234e+004 1.235e+004 1.235e+004 1.235e+004 1.234e+004 1.232e+004 1.231e+004 1.23e+004 1.229e+004 1.227e+004 1.226e+004 1.226e+004 1.225e+004 1.224e+004 1.224e+004 1.224e+004 1.224e+004 1.224e+004 1.224e+004 1.225e+004 1.226e+004 1.225e+004 1.226e+004 1.227e+004 1.227e+004 1.227e+004 1.227e+004 1.227e+004
1.203e+004 1.203e+004 1.203e+004 1.203e+004 1.203e+004 1.203e+004 1.204e+004 1.204e+004 1.205e+004 1.205e+004 1.205e+004 1.205e+004 1.205e+004 1.206e+004 1.206e+004 1.206e+004 1.206e+004 1.207e+004 1.208e+004 1.21e+004 1.212e+004 1.215e+004 1.218e+004 1.22e+004 1.222e+004 1.224e+004 1.227e+004 1.228e+004 1.233e+004 1.236e+004 1.238e+004 1.238e+004 1.236e+004 1.234e+004 1.232e+004 1.229e+004 1.228e+004 1.226e+004 1.226e+004 1.225e+004 1.225e+004 1.224e+004 1.225e+004 1.225e+004 1.225e+004 1.225e+004 1.224e+004 1.224e+004 1.224e+004 1.225e+004 1.226e+004 1.227e+004 1.227e+004 1.227e+004 1.228e+004 1.229e+004 1.23e+004
1.203e+004 1.203e+004 1.203e+004 1.203e+004 1.203e+004 1.204e+004 1.204e+004 1.204e+004 1.204e+004 1.205e+004 1.205e+004 1.205e+004 1.205e+004 1.206e+004 1.206e+004 1.206e+004 1.207e+004 1.207e+004 1.208e+004 1.209e+004 1.212e+004 1.216e+004 1.22e+004 1.225e+004 1.229e+004 1.23e+004 1.235e+004 1.238e+004 1.241e+004 1.244e+004 1.246e+004 1.243e+004 1.238e+004 1.234e+004 1.231e+004 1.229e+004 1.227e+004 1.225e+004 1.225e+004 1.225e+004 1.224e+004 1.224e+004 1.225e+004 1.226e+004 1.225e+004 1.225e+004 1.224e+004 1.223e+004 1.223e+004 1.223e+004 1.226e+004 1.227e+004 1.227e+004 1.227e+004 1.228e+004 1.229e+004 1.23e+004
1.203e+004 1.203e+004 1.203e+004 1.203e+004 1.204e+004 1.204e+004 1.204e+004 1.204e+004 1.204e+004 1.205e+004 1.205e+004 1.205e+004 1.206e+004 1.206e+004 1.206e+004 1.207e+004 1.208e+004 1.207e+004 1.207e+004 1.208e+004 1.211e+004 1.216e+004 1.223e+004 1.229e+004 1.236e+004 1.243e+004 1.25e+004 1.253e+004 1.255e+004 1.254e+004 1.253e+004 1.249e+004 1.24e+004 1.234e+004 1.232e+004 1.23e+004 1.228e+004 1.226e+004 1.226e+004 1.225e+004 1.225e+004 1.225e+004 1.225e+004 1.225e+004 1.225e+004 1.225e+004 1.224e+004 1.223e+004 1.223e+004 1.223e+004 1.224e+004 1.225e+004 1.226e+004 1.226e+004 1.227e+004 1.227e+004 1.227e+004
