real_craters/C174-500m.grd
DSAA
270 270
-67.235 67.235
-67.235 67.235
10916.712483413 14348.873120299
[rows 240 to 269 of 270, columns 0 to 66 of 270]
12273 12269.4 12265.8 12262.9 12260.1 12257.7 12259.9 12267.8 12276.5 12283.8 12289.8 12293.2 12289.1 12284.1 12280.5 12276.4 12273 12271 12269.5 12268.3 12267.2 12266.6 12266.7 12267.2 12268 12268.7 12269.8 12271.7 12272.2 12269.5 12266.6 12265.5 12265.8 12268 12271 12274.2 12279.5 12284.1 12284.5 12284.2 12283.6 12282.9 12283.2 12284.4 12285.3 12287.2 12288.8 12286.1 12285.3 12288.8 12293.2 12292.6 12292.9 12293.4 12293.9 12294.3 12294.4 12295.1 12295.5 12295.7 12295.8 12295.6 12294.7 12294.4 12293.8 12292.8 12291.7
12273.5 12269.5 12265.4 12261.2 12258 12258.7 12263.3 12274.9 12284.5 12288.9 12293.3 12292 12285.6 12282.3 12279.3 12275.7 12272.5 12271.3 12269.1 12268.8 12269.1 12268.4 12268.1 12268.3 12268.8 12269.9 12271.3 12274.2 12275.2 12269 12267.7 12266.7 12266.9 12269.1 12272.3 12276 12280.8 12283.8 12285.3 12285.5 12285.2 12284.5 12284.9 12285.5 12285.8 12285.8 12291.7 12289.7 12287.2 12289.2 12291.1 12292.7 12293.5 12294.1 12294.7 12295.1 12295.8 12296.1 12296.4 12296.8 12296.9 12296.5 12296.2 12296.5 12295.7 12294.7 12293.5
12274.3 12270.1 12266 12261.7 12259.6 12261.4 12266.6 12278.1 12287.5 12291.6 12292.1 12285.9 12280.9 12280.5 12278.9 12276.4 12272.1 12269.2 12265.1 12266.1 12268.2 12268.7 12269 12269.3 12269.7 12270.5 12271.6 12273.1 12271.6 12269.3 12269.7 12268.1 12267.1 12270.3 12275.4 12280.5 12283.2 12285.5 12286.3 12286.7 12287.2 12288.2 12287.6 12287.5 12287.5 12286.5 12289.4 12290.9 12288.9 12289.4 12290.9 12292.8 12294.1 12294.9 12295.5 12295.9 12296 12296.6 12297.2 12298 12298.8 12298.4 12297.9 12298.2 12297.6 12296.4 12295.1
12275.6 12271.7 12268 12264.3 12262.6 12266.8 12274.1 12285.6 12293.8 12294.1 12289.8 12284.5 12281.1 12280.4 12279.8 12277.6 12268 12255.8 12253.6 12261 12265.8 12268.2 12269.4 12270.2 12270.6 12270.8 12271.3 12272.5 12273.9 12274.7 12276.9 12270.9 12267.3 12271.5 12277.1 12282.7 12285.5 12286.3 12287 12287.6 12288.2 12288.1 12289.1 12289.3 12289.3 12287.7 12287.6 12290.3 12289.4 12290.8 12292.3 12294 12295.3 12296 12296.5 12296.7 12296.8 12297.2 12297.9 12298.8 12299.8 12299.3 12299.2 12300 12299.3 12298.2 12296.8
12276.6 12273.9 12271.4 12269.4 12268.4 12275.2 12285 12294.2 12301.1 12296.9 12289.9 12285.3 12282.5 12280.7 12279.3 12276.2 12260.5 12236.5 12243.4 12257.7 12264.5 12268.4 12270 12270.6 12270.8 12271 12271.4 12272.9 12276.1 12288.4 12285 12273.8 12269.6 12273.5 12279 12285.9 12286.8 12286.8 12287.4 12288.5 12289.4 12290.2 12290.6 12291.1 12291.5 12290.3 12289.8 12291 12291.8 12292.9 12294.8 12296 12296.9 12297.5 12297.9 12298 12297.6 12297.8 12298.7 12299.4 12300 12300.1 12300.4 12301.2 12300.9 12299.8 12298.4
12277.3 12276 12275.6 12276.4 12279.5 12285 12292.1 12298.1 12301.7 12296.3 12290 12286.3 12282.9 12279.9 12277.1 12272 12261.3 12250 12252.4 12262.8 12268 12270 12270.9 12271.2 12270.8 12271.1 12271.8 12273.9 12276.6 12278.8 12279.3 12274.4 12272.4 12276.1 12281.5 12284.9 12286.1 12287.3 12288.4 12289.4 12290.3 12291.2 12291.8 12292.5 12293.1 12293.7 12291.9 12292.8 12293.3 12295.2 12297.1 12298.1 12298.8 12299.3 12299.7 12300 12299.9 12299.9 12300.1 12300 12300.1 12301.4 12302.7 12303.7 12302.7 12301.4 12299.9
12278.2 12278.4 12279.6 12282.2 12287.4 12291 12293.5 12295.3 12294.6 12292.3 12288.2 12285 12281.8 12279 12276.2 12272.1 12267.5 12265.2 12266.3 12268.5 12271.1 12271.8 12272.2 12272.1 12271.8 12271.6 12272 12275.1 12278.2 12278.6 12277.2 12275.2 12275.1 12278.2 12282.6 12284.8 12286 12288.2 12289.9 12290.4 12290.8 12291.4 12292.6 12293.2 12293.9 12295.4 12296.3 12297.4 12297 12298.2 12299.3 12300.2 12300.8 12301.4 12301.9 12302.3 12302.8 12303.2 12302.1 12301.1 12301 12302 12303.3 12304.5 12303.6 12302.4 12301.2
12279 12280.1 12282 12284.8 12288.5 12291 12292 12292.4 12291.9 12289.3 12286.4 12284 12281.2 12278.6 12276.5 12274.8 12272.4 12272.2 12272.9 12271.8 12272.6 12273.3 12273.6 12273.6 12273.3 12272.9 12273.3 12276.5 12279.4 12279.5 12277.3 12275.6 12276.6 12279.6 12283 12285.3 12286.7 12288.7 12290.6 12291.7 12292 12292.5 12293.5 12294.3 12295.3 12297.1 12299.6 12302 12301.2 12301.3 12301.7 12302.3 12302.8 12303.4 12304 12304.5 12305 12305 12304.1 12302.8 12302.3 12303 12303.5 12303.8 12303.3 12302.9 12302.2
12279.8 12281.4 12283.5 12285.6 12287.4 12289.2 12292 12292.2 12288.1 12285.3 12284 12282.9 12280.7 12278.7 12276.9 12275.4 12275.1 12275.8 12276 12274.5 12274.5 12274.9 12275.1 12275.2 12275.3 12275.4 12276.1 12278.5 12280.4 12280.3 12278.1 12276.2 12277.7 12280.3 12283 12285 12285.9 12289 12292.1 12293.4 12294 12294.3 12294.8 12295.7 12297 12298.6 12303 12305.1 12304.1 12303.6 12303.7 12304 12304.8 12305.4 12306 12306.6 12307.1 12307.3 12306.4 12305.2 12304.3 12304 12303.9 12303.3 12303.4 12303.5 12303
12280.5 12282.6 12284.7 12286.6 12288.4 12289.9 12290.6 12288.8 12284.7 12282.1 12281.5 12280.8 12280 12278.9 12277.4 12276.2 12276.9 12278.3 12278.3 12277.5 12277.1 12277 12277.1 12277.4 12277.7 12278.6 12279.9 12281 12281.7 12280.6 12279 12278 12279 12280.8 12282.7 12283.9 12284.2 12289 12294.3 12294.7 12294.2 12295.1 12296.2 12297.3 12298.7 12299.6 12306.5 12307.6 12305.7 12305.2 12305.6 12306 12306.9 12307.3 12307.7 12308.4 12309.1 12309.3 12308.7 12307.4 12305.9 12305 12305 12305.1 12305.4 12305.3 12304.7
12281.6 12283.6 12285.7 12287.4 12289.4 12290.8 12288 12284.7 12282.1 12280.4 12280 12280 12280.1 12279.9 12278.6 12277.6 12278.1 12278.8 12279.5 12279.9 12279.5 12279.3 12279.4 12279.7 12280.3 12280.9 12282.2 12284 12284.7 12283 12280.7 12279.9 12280.2 12281.3 12282.5 12282.9 12282.9 12288.2 12293.5 12294.8 12294.5 12296.3 12298.1 12299.6 12301.6 12308.4 12308.8 12305.4 12304.9 12305.5 12307.1 12309.9 12308.5 12308.4 12308.8 12309.6 12310.5 12311.6 12310.7 12308.9 12307.2 12306 12306.7 12308.4 12309.2 12307.4 12306.3
12282.4 12285.2 12286.3 12287.1 12287.8 12287.4 12284.7 12281.8 12280.3 12279.8 12279.3 12279.2 12280.6 12283 12280.4 12279.1 12279.3 12279.9 12281.1 12281.6 12281.7 12281.6 12281.6 12282 12282.9 12284 12285.2 12286.9 12289.2 12291.8 12282.7 12281.4 12281.4 12282 12283 12283.1 12284.1 12288 12291.1 12294.2 12296.8 12298.4 12300.1 12302.1 12304.8 12309 12307.7 12303.4 12303.7 12305.2 12306.7 12307.5 12308.2 12308.5 12309.2 12310 12311 12312 12311.4 12310 12308.5 12307.7 12308.1 12308.6 12308.7 12308.4 12307.8
12284 12286.7 12286.8 12286.4 12285.4 12283.1 12281.5 12279.5 12278.8 12279 12278.9 12279.3 12280.9 12281.6 12280.6 12280.1 12280.6 12281.4 12283.4 12283.6 12283.8 12283.8 12283.6 12283.8 12284.4 12286.3 12287.1 12288 12289.4 12288.6 12283.8 12282.4 12282.7 12283.5 12284.7 12285.5 12287.8 12289.4 12290.6 12294.5 12299.1 12300 12301.5 12303.8 12306.4 12307.9 12306.6 12303.4 12304.1 12305.1 12305.9 12306.5 12307.3 12308.3 12309.1 12309.8 12310.5 12311.2 12310.9 12309.9 12309.6 12309.4 12309.6 12309.7 12309.5 12309.8 12309.4
12287.8 12288.7 12287.6 12286.1 12284.2 12281.7 12279.4 12277.8 12277.4 12278 12278.7 12279.6 12280.9 12280.1 12280.5 12281.2 12282.5 12283.7 12285.8 12286.7 12286.2 12285.6 12285.1 12284.6 12284.4 12284.2 12286.1 12287.5 12288 12286.6 12285.5 12284.1 12284.6 12285.5 12286.7 12288.5 12290.8 12291.5 12292.2 12294.8 12298 12299.9 12301.5 12303.4 12304.4 12304.8 12308 12306.1 12305.1 12305.6 12306.1 12306.2 12307.3 12308.4 12309.1 12309.6 12309.8 12309.5 12309.4 12310.1 12310.6 12311 12311.3 12311.7 12312.2 12312 12311.3
12293.1 12291 12288.8 12286.4 12283.8 12280.5 12278.2 12276.5 12276.1 12277 12278.4 12280.3 12281.6 12281.1 12281.1 12282.8 12285 12287.2 12289.3 12289.4 12288.5 12287.3 12286.1 12285.1 12284.2 12284 12285.4 12286.9 12287.8 12288.1 12287.3 12286.5 12286.9 12287.6 12288.6 12289.9 12291.5 12292.7 12293.9 12295.5 12297.8 12299.5 12300.9 12301.5 12301.1 12302.7 12305.7 12305.2 12306.5 12306.4 12306.7 12307.5 12308.2 12308.7 12309.3 12309.6 12309.5 12309.1 12309.2 12310.6 12311.4 12312.1 12312.9 12313.9 12314.7 12314.3 12313.2
12295.4 12292.5 12289.7 12287 12284.1 12281.1 12278.5 12276.6 12275.7 12276.1 12278.2 12280.8 12282.1 12282.6 12282.8 12284.4 12287 12290.5 12290.3 12291.2 12290 12288.5 12286.9 12285.5 12284.5 12284.2 12285.3 12286.6 12287.7 12288.4 12288.1 12288.9 12289.3 12289.9 12290.6 12291 12291.5 12294.2 12295.9 12296.8 12297.7 12299.5 12300.6 12301 12300.3 12301.9 12304.5 12304.8 12305.8 12306.4 12306.9 12307.6 12308.3 12309 12309.6 12310 12310.1 12309.8 12310.7 12311.9 12312.2 12313.2 12314.4 12315.7 12316.7 12316.3 12314.9
12295.9 12292.8 12290 12287.6 12285.2 12282.7 12280.2 12277.4 12275.7 12275.9 12278.3 12281.8 12283.3 12284.4 12284.5 12285.5 12287.2 12289.3 12290 12292.6 12290.7 12288.8 12287.2 12285.8 12285 12285 12285.5 12286.6 12287.9 12288.8 12289.1 12290.8 12291.3 12292.1 12293 12293.9 12295.2 12297 12298.4 12298.8 12299.1 12300.3 12301.1 12301.2 12300.5 12301.5 12303.5 12304.8 12305 12305.9 12306.8 12307.7 12308.4 12309.5 12310.3 12310.9 12311.3 12311.6 12311.9 12312.9 12313 12314.2 12315.6 12317 12318.1 12317.7 12316.3
12294.1 12291.6 12289.5 12287.7 12286.2 12284.8 12282.8 12279.1 12276.8 12277.1 12279.3 12282.5 12284.8 12286.6 12286.2 12285.9 12286.2 12287.1 12289.2 12291.1 12289.9 12288.2 12286.5 12285.1 12284.3 12284.4 12285.3 12286.6 12288.1 12289.5 12289.3 12292 12293.1 12294.3 12295.8 12297.5 12299.4 12300.3 12301.7 12301.2 12301.5 12302.2 12302.6 12302.1 12301.6 12302 12303.5 12305.3 12305 12305.8 12306.9 12308.1 12309.2 12310.4 12311.3 12312.2 12312.9 12313.7 12314.4 12313.8 12314.1 12315.3 12316.8 12318.1 12318.9 12318.7 12317.4
12290.7 12289.6 12288.6 12287.5 12286.6 12285.8 12284.3 12280.8 12278.7 12279.4 12281.3 12283.5 12286.1 12286.8 12286.4 12285.6 12284.7 12284.5 12286.1 12288.5 12288.1 12286.6 12285 12283.8 12283.3 12283.8 12285 12286.6 12288.3 12290.1 12291.5 12292.8 12294.5 12296.3 12298.2 12300.4 12303.1 12308 12306.9 12305.1 12305.1 12305 12304.7 12304.2 12302 12302.8 12303.8 12306 12305.7 12306.1 12307.2 12308.7 12310.3 12311.4 12312.5 12313.6 12314.4 12314.9 12314.6 12314.4 12315.2 12316.5 12318.1 12319.3 12319.8 12319.6 12318.9
12287 12287.4 12287.3 12287 12286.5 12285.6 12283.8 12282.3 12280.8 12281.8 12283.5 12285.1 12286.1 12286.5 12285.8 12284.9 12283.5 12282.9 12284.9 12288 12286 12284.1 12282.8 12282.3 12282.9 12283.4 12284.8 12286.6 12288.7 12290.7 12293.6 12294.9 12296.4 12298.1 12300.2 12302.9 12306.8 12312.1 12311.4 12310.1 12308.9 12307.7 12307.2 12306.6 12305.2 12304.7 12304.8 12306.2 12306 12306.4 12307.6 12309.3 12310.9 12312.3 12313.8 12315.1 12316 12316.2 12315.4 12315.3 12316.3 12318 12319.7 12321.1 12322.1 12322.6 12321.2
12284.3 12285.5 12286.1 12286.4 12286.4 12286 12285.4 12284.5 12284 12284 12285 12286.3 12287.1 12286.6 12285.6 12284.8 12283.4 12282.9 12284.4 12285.5 12282.5 12281.1 12280.4 12280.1 12280.6 12282.2 12284.1 12286.4 12288.9 12291.6 12294 12295.8 12297.8 12299.2 12301.5 12304.2 12307.7 12311.7 12313 12312.6 12311.3 12310.1 12309.1 12308.4 12307.7 12307.5 12307.5 12307.5 12306.4 12306.7 12308.3 12310 12311.3 12313.2 12315 12316.6 12318 12318.6 12317.2 12316.8 12318.1 12319.7 12321.5 12323.1 12324.4 12324.6 12323.9
12283.2 12284.3 12285.2 12285.9 12286.4 12286.7 12287 12286.1 12285.2 12284.7 12285.1 12286.5 12287.3 12287.8 12286.1 12284.9 12283.5 12283.1 12282.6 12280.6 12277.8 12277.8 12277.7 12277.6 12278.3 12280.5 12283.2 12286 12288.8 12291.7 12292.7 12294.6 12297.2 12299.4 12302.1 12304.9 12307.7 12311.2 12312.8 12313.2 12313 12311.8 12310.7 12310.3 12310.4 12310.5 12310.5 12309.2 12308.1 12308.1 12309.7 12311.4 12313.3 12314.6 12316.1 12317.8 12319.6 12321.4 12319.8 12319 12320 12321.9 12323.7 12325.5 12327.1 12327.9 12327.2
12283 12283.7 12284.6 12285.5 12286.2 12286.8 12287.4 12286.3 12285 12284.2 12284 12287 12288.1 12288.5 12287 12285.1 12283.3 12282 12279.8 12276.3 12275.2 12275.8 12276.3 12276.1 12276.4 12279.7 12282.7 12285.6 12288.2 12290.5 12290.9 12293.2 12295.7 12299.7 12303.1 12306.1 12308.7 12310.6 12311.7 12313.1 12313.9 12313.2 12312.2 12312.7 12313.4 12312.9 12312.4 12311.9 12311 12310.8 12311.9 12313.2 12314.4 12315.9 12317.3 12318.5 12319.8 12320.9 12321.1 12320.8 12322.1 12324.2 12326.3 12328 12329.8 12330.9 12330.3
12282.8 12283.3 12284.2 12285 12285.9 12286.5 12286.3 12285.3 12283.7 12283.5 12285.3 12286.8 12288.3 12288.2 12288 12285.7 12283.5 12280.8 12278.5 12275.5 12275.1 12275.8 12276.5 12277.2 12278.3 12280.2 12282.7 12285.2 12287.5 12289.9 12291.1 12294.3 12297.2 12300.9 12304.3 12307.6 12310.1 12311.1 12311.6 12313.1 12314.3 12314.7 12314.5 12315.6 12316 12315.9 12315.5 12315.3 12314.4 12314 12314.5 12315.5 12316.8 12317.9 12318.6 12319.2 12319.9 12321 12322.2 12323.5 12324.9 12326.9 12328.9 12330.5 12331.9 12332.6 12332.5
12282.7 12283.1 12284 12285 12285.9 12286.4 12286.4 12285.4 12284 12284.2 12286.5 12288 12289.2 12289 12288.3 12286.3 12284.3 12282.2 12279.9 12277.4 12276.8 12277.1 12277.6 12278.4 12279.6 12281.2 12283.2 12285.3 12287 12288.2 12291.4 12295.5 12299.3 12302.4 12305.9 12309.2 12312.2 12313.7 12312.7 12313.9 12316.1 12316.6 12317.3 12317.6 12318.4 12319.4 12319.5 12318.8 12317.7 12316.6 12317.3 12318.1 12319.2 12320.2 12320.2 12320.3 12320.5 12321.8 12324 12326 12328 12329.9 12331.4 12332.8 12333.8 12334.8 12334.4
12281.7 12282.7 12283.9 12285.1 12286.2 12287.1 12287.4 12286.8 12285.6 12285.6 12288 12290.6 12289.9 12288.8 12288.5 12287.6 12286.5 12284.5 12282.4 12280.6 12279.2 12278.9 12278.8 12279.5 12280.5 12281.8 12283.7 12286 12288.2 12290.4 12292.5 12296.2 12300.1 12303.9 12307.4 12310.8 12313.7 12315.4 12313.3 12314.1 12316 12317.4 12318.9 12318.4 12320.1 12322 12322.7 12322.4 12321.6 12320.7 12320.4 12320.9 12321.4 12321.9 12322.2 12322.4 12322.7 12324.4 12326.9 12329.8 12331.7 12332.9 12333.8 12334.6 12335.5 12336 12335.7
12281.6 12282.7 12284 12285.4 12286.8 12288 12289.1 12288.9 12287.1 12286.3 12289 12290.7 12290.3 12289.6 12288.9 12288.6 12287.9 12286.3 12284.8 12283.4 12281.7 12280.6 12279.7 12279.7 12280.5 12282.1 12284.3 12286.9 12289.8 12292.3 12294.1 12297.4 12302 12305.4 12308.8 12311.9 12314.6 12316 12314.1 12314.3 12314.9 12317.5 12320.1 12321 12322 12323.5 12325.3 12327.2 12327.3 12324.4 12323.8 12324 12324.2 12324.4 12325.3 12325.6 12325.8 12328 12330.5 12333.7 12335.3 12335.5 12335.9 12336.4 12337.2 12337.9 12337.7
12282.1 12283.1 12284.4 12286 12287.6 12289 12290.2 12290 12288.6 12287 12288 12291.5 12290.6 12290.8 12290.1 12289.3 12288 12287.9 12286.7 12285.5 12284.1 12281.9 12280 12279 12280.2 12282.2 12284.8 12287.6 12290.6 12293.2 12295.8 12299.3 12303.3 12306.8 12309.9 12312.8 12315.1 12316.6 12315.9 12315.5 12316.1 12318.3 12320.8 12323 12323.8 12324.6 12327.3 12330.2 12330.9 12328.8 12327.3 12327.1 12327.8 12329.2 12329.6 12330.1 12330.7 12332.2 12334.2 12336.3 12337.2 12337 12337.3 12337.8 12338.5 12339.1 12338.6
12282 12283.4 12284.8 12286.5 12288.1 12289.7 12291.2 12292 12289.9 12288.1 12287.1 12291.1 12291 12291.7 12291 12290.1 12289.2 12289.2 12287.9 12286.4 12284.3 12282.6 12280.4 12279 12280.2 12282.5 12285.2 12288.2 12291.2 12293.9 12296.7 12300.2 12304.8 12308.2 12311 12313.5 12315.5 12316.8 12316.1 12316.7 12318.2 12320.1 12322.9 12325.2 12325.5 12326.4 12329.3 12331.9 12332.7 12331.1 12329.5 12329.3 12330.6 12332.9 12333.6 12334.5 12335.5 12336.1 12337.3 12337.7 12337.4 12337.6 12338.2 12338.9 12339.5 12339.6 12338.8
12282.9 12284 12285.4 12287 12288.6 12290.2 12291.6 12292 12290.5 12288.4 12287 12287.5 12289.8 12292 12292.1 12290.9 12289.9 12289.7 12288.8 12287.6 12286.2 12284 12281.2 12279.9 12280.9 12283.1 12285.8 12288.8 12292.2 12294.8 12297.4 12300.6 12305.1 12309.5 12312.6 12314.5 12315.8 12316.7 12317.3 12317.9 12319.7 12321.5 12323.2 12325.5 12327.4 12329.2 12331.7 12333.9 12334.4 12331.8 12329.8 12330.2 12331.8 12334 12335.3 12336.8 12338 12338.6 12339 12337.9 12337 12338.1 12339.2 12340.1 12340.6 12340.5 12339.5
