real_craters/C174-300m.grd
DSAA
449 449
-67.235 67.235
-67.235 67.235
10915.954897597 14359.188353444
[rows 270 to 299 of 449, columns 268 to 334 of 449]
12869 12923.6 12963.8 12985.3 12998.2 13006.1 13014.5 13021.4 13026.8 13032.2 13032.1 13013 12984.8 12962.7 12944.7 12929.1 12916 12898.7 12866.3 12864.1 12871.3 12881.3 12905.6 12929.8 12912.9 12893.6 12890.6 12883.4 12857.8 12818.5 12778.3 12745.6 12724.4 12711.7 12702.4 12692.9 12683.3 12673.3 12665.3 12657.2 12648.6 12644.5 12643.3 12646.7 12654.2 12662.9 12670.8 12678.6 12689.4 12696 12700.1 12702.7 12704.6 12706.1 12706.3 12707.3 12708 12708.7 12705.8 12701.2 12695.3 12686.5 12687 12665.5 12648.9 12640.6 12635.8
12998.8 13058.3 13079.3 13070.7 13060 13052.1 13048.4 13049 13052.8 13057.9 13053.6 13031.2 13006.1 12982.2 12963.2 12947 12930.6 12908.7 12887.4 12890.8 12903.7 12919.7 12942.6 12963.4 12956.2 12946.2 12937.3 12914.8 12880.3 12839.4 12799.5 12765 12744.8 12733.3 12724.2 12714 12702.4 12688.4 12673 12661.9 12653.4 12646 12644.9 12651.2 12660.9 12670.7 12678.8 12686.3 12697 12704.2 12708.5 12711.2 12712.5 12713.5 12713.9 12713.9 12714.4 12716.2 12715.9 12716 12714.5 12707.8 12712.9 12694.3 12671.9 12658.6 12649.8
13100.1 13166.7 13166.9 13132.8 13103.8 13082.6 13069.6 13064.7 13066.8 13074.2 13075 13047 13014.5 12992.2 12975.7 12962 12948.9 12935.2 12914.6 12921.4 12940.1 12958 12973.6 12988.6 12993.2 12996.4 12985 12948.1 12902.1 12861.7 12822.9 12786.9 12769 12760 12751.2 12740.8 12728.1 12711.5 12690.9 12676.9 12665.8 12654.8 12651.1 12658.8 12671.3 12684.7 12696.1 12704.2 12711.4 12716.3 12719.5 12721.4 12721.6 12721.9 12721.6 12720.4 12719 12718.5 12723.2 12733.4 12743 12747.1 12744.3 12726.9 12697 12678.9 12665.6
13152.3 13194.8 13193.7 13156.2 13119.3 13090.5 13071.2 13061.7 13060.1 13067.1 13068.7 13025.5 13005.3 12993.3 12983.3 12975.2 12966.8 12958.2 12944.3 12951.6 12975.4 12998.1 13004.5 13009.9 13018.5 13023 13014.7 12977 12925.3 12887.6 12853.4 12821.3 12803.6 12794 12784.9 12774.8 12762.9 12746.8 12724.9 12707.5 12689.7 12672.2 12663.5 12671.5 12686 12703.4 12720.4 12726.3 12729 12731.2 12733 12733.2 12733.3 12732.1 12730.1 12728.5 12725.4 12723.4 12731.7 12751.3 12774 12798.2 12800.5 12755.7 12717.5 12700 12685.5
13159.8 13183.1 13178.6 13142.9 13105.4 13074.5 13052.7 13039.8 13032.8 13028.6 13020.7 13002.5 12988.2 12987.3 12986.7 12986 12983.2 12978.3 12968.4 12975.5 12998.3 13022.4 13031.3 13036.9 13043 13044.2 13037.7 13007 12953.9 12919.4 12891 12866.1 12848.3 12833.8 12822.5 12813.2 12804.4 12793.4 12776.2 12751.8 12724.7 12699.9 12684.8 12690.2 12703.8 12721.5 12742.5 12745.9 12745.6 12746.8 12747.3 12747.3 12746.9 12745.2 12742.7 12739.6 12736.3 12735.3 12744.8 12765.8 12791.7 12817 12821.2 12784.7 12745.3 12722.7 12702.1
13132.6 13141.2 13132.9 13100.7 13066 13037.5 13015.6 13001.7 12992.5 12982.8 12972 12958.5 12966.1 12979.2 12987.6 12992.8 12997.9 13001.8 12996.7 12995.7 13009.3 13027.6 13047.7 13061.5 13070.4 13073 13074.4 13050.1 12994.4 12956.5 12930.5 12910.4 12893.1 12873.1 12860.1 12852.1 12847.3 12844.2 12836.8 12801.4 12765.9 12735.5 12714.7 12715.3 12725 12737.2 12748.4 12756.6 12760.5 12763 12763.7 12763.8 12762.4 12760.2 12757.9 12754.1 12749.8 12747.4 12753.7 12777 12799.4 12820.3 12829.1 12806.8 12770.8 12743.4 12719.6
13079.1 13076.7 13069.6 13032.9 13005.9 12983.2 12964.6 12952.2 12945.1 12943 12944 12947.2 12959.9 12975 12986.9 12997.8 13009.4 13020.1 13022.5 13017.7 13023.2 13039.6 13065.5 13087.7 13100.1 13098.9 13099.1 13079.4 13030.3 12994.1 12967 12942.5 12921.5 12904.8 12894.2 12888 12885 12883.9 12875.7 12843 12807.5 12776.2 12752.6 12748.3 12752.5 12757.9 12762.8 12771.7 12777.6 12780.3 12782.2 12781.2 12779.2 12776.3 12773.7 12770.2 12767.2 12765 12771.1 12791.3 12811.5 12825.1 12832.6 12817.8 12787.2 12759.9 12733.6
13011.7 12989.6 12954.7 12946.4 12934.5 12919.3 12904.2 12893.3 12888.8 12896.3 12911.7 12936.4 12958.8 12969.6 12982.1 12997.3 13015.3 13031.7 13039.7 13038 13039.4 13056.6 13082.6 13106.7 13120.4 13109.3 13097.5 13084.8 13060.7 13032 13000.4 12968.8 12942.7 12932.2 12925.3 12919.9 12915.8 12911.5 12901.2 12876.1 12848.2 12820.9 12797.9 12789.7 12789.6 12789.4 12789.5 12796.4 12800.8 12802.5 12801.9 12800.4 12797.2 12796 12791 12788.2 12787.1 12788.1 12796.1 12809 12821.2 12827.3 12830.4 12820.3 12798 12769 12745
12948.5 12918.1 12877.7 12872.2 12866.4 12855.1 12841.4 12828.6 12820.8 12826.4 12855.6 12904.2 12943.4 12950.2 12965.9 12989.6 13017.1 13042.9 13055 13051.6 13054.4 13071.1 13094.9 13114.8 13126.2 13112.4 13098.7 13092.4 13084.1 13065.2 13029.8 12998.3 12973.5 12962.8 12956 12949.8 12943.1 12933.9 12923.6 12908.7 12890.2 12870.3 12850.9 12841.3 12837.2 12832.7 12829.6 12830 12830.4 12829.4 12826.6 12823 12818.4 12814.3 12810.2 12807.4 12807.5 12810.4 12819.8 12826.3 12828.8 12825 12821.6 12809.4 12789.4 12768.8 12748.5
12900.3 12869.5 12838.9 12820.7 12809.3 12797.6 12783.1 12767.4 12751.9 12745.1 12781.4 12836.7 12886 12904.8 12935.7 12974.7 13016 13055.2 13081.4 13072.8 13070 13085.7 13105.3 13117.9 13119.7 13112.2 13101.7 13097.6 13090.9 13075.1 13051.1 13027 13007.8 12995.9 12987.1 12979.8 12971.6 12961.5 12953.5 12945.1 12935.2 12924.4 12914.5 12904.9 12892.4 12881.5 12874 12868.4 12864.8 12860.4 12854.7 12849.6 12842.1 12834.8 12829.5 12825.9 12825.4 12827.3 12834.4 12838.4 12839.8 12823.2 12815.9 12805.3 12782.3 12766.8 12751.7
12865.5 12832.4 12799.2 12774.8 12760.7 12749 12734.3 12716.9 12698.6 12688.9 12715.7 12754 12785.9 12838.9 12892.7 12950.8 13009.7 13064.7 13108 13105.9 13097.5 13107.9 13121.6 13129.1 13124.4 13120.5 13109.7 13103.5 13096 13083.2 13066.9 13050.7 13037.7 13027.3 13017.9 13010.3 13002.4 12994.2 12989.6 12985.4 12981.4 12977.9 12977.1 12969.8 12947.6 12929 12917 12908.9 12901.7 12893.1 12885.6 12876.2 12867.1 12857.4 12849.6 12843.4 12839.4 12838.3 12841.4 12841.7 12837.5 12827.8 12820.7 12810.1 12788 12772.9 12756.3
12839.9 12800.7 12756.7 12729.9 12721.1 12710.4 12696.5 12679.8 12662.5 12655 12667.3 12689.1 12717.4 12775.6 12844.8 12919.3 12996.6 13071.2 13130.5 13138.2 13128.2 13134.6 13144.6 13153.8 13156.5 13147.1 13126 13112.7 13102.8 13093.7 13079.8 13069.4 13062.1 13055.2 13046.9 13040.3 13035.3 13032.1 13029 13026.9 13026.2 13025.8 13025.5 13018 12996.8 12976.3 12962.1 12951.2 12939.8 12928 12915.8 12902.5 12892.4 12879.7 12868.8 12859.1 12851 12843.9 12839.9 12837 12837.8 12838.4 12827.6 12814.7 12794.9 12780.4 12760.8
12819.8 12776.7 12735.5 12707.7 12693.8 12682.3 12669.7 12655.5 12639.3 12630.5 12633.3 12642.9 12664.5 12721.1 12798.2 12884.2 12975.7 13065.2 13146.4 13169.9 13150.9 13156 13169.3 13183.7 13196.1 13184 13151.6 13126.6 13111.4 13098.6 13088.8 13084 13082.6 13079.9 13072.5 13068.3 13066.7 13066.5 13066.8 13067.3 13068.4 13069.4 13066.7 13056.2 13044.2 13026.5 13010.6 12995.2 12979.8 12963.9 12946.8 12930.7 12916.2 12901.1 12885.9 12872.7 12860.8 12848.2 12838.7 12834 12839.2 12839.1 12827.3 12810.9 12796.2 12783.9 12764.3
12797 12753 12716.1 12688.9 12674.6 12662.8 12652.2 12642.3 12632.5 12621.7 12613.1 12610.8 12621.8 12672.6 12752.1 12844.2 12940.3 13039.2 13135.6 13188.3 13176.7 13179.8 13190.2 13206.1 13220.9 13214.4 13182 13150.5 13127.4 13107 13097.6 13096.5 13097.3 13096.6 13091.9 13092.2 13096 13098.3 13101.6 13104.3 13107.7 13111.7 13113.5 13109.8 13098.9 13079.3 13061.1 13041.1 13020.7 13000.8 12979.7 12960.1 12941 12922.8 12903.4 12886.5 12871.1 12854.7 12841.2 12833.8 12836.4 12833.5 12823.4 12805.9 12789.3 12777.2 12765.2
12760.2 12723.1 12694.2 12674 12658.3 12646.7 12638.8 12634.8 12634.9 12622.3 12601.9 12589.2 12591.4 12632.9 12708.9 12796.4 12892.9 12989.1 13086.5 13163.7 13185.1 13187.3 13193.9 13213.5 13236 13242 13218.9 13189.6 13161.2 13131 13115.3 13111.4 13106.3 13102.2 13103.9 13111.2 13123.5 13134 13133.7 13136.5 13142.7 13151.2 13160.1 13167.1 13156.2 13135.6 13111.7 13086.1 13061.9 13038.5 13015.7 12991.7 12970.2 12948.5 12923.7 12902 12883.1 12863.9 12847.1 12835.2 12834 12828.7 12819.7 12801 12784.3 12777.7 12768.5
12706.9 12685.1 12666.5 12653.3 12640.6 12629.1 12622.9 12622.9 12628.9 12617.9 12592.4 12576.2 12574.2 12605 12672.3 12750.4 12834.2 12915.1 12996 13066.4 13118.6 13146.4 13169.7 13203.8 13238 13258.6 13253.6 13237.6 13211.5 13175.8 13150.3 13133.1 13119.3 13109.1 13113.3 13123.4 13138.8 13152.4 13156.1 13162.4 13172 13183.9 13197.7 13209.7 13204.9 13185.2 13157.9 13129.2 13103.1 13078.1 13053.8 13027.8 13003.7 12979.6 12949.4 12924.8 12902.1 12875.9 12857.4 12845.2 12835.6 12822.8 12809.4 12793.4 12782.9 12781.8 12775.3
12649.1 12641 12633.5 12631.3 12618.6 12606.3 12601 12601.7 12602.7 12594.9 12578.9 12567.3 12566.9 12590.4 12643.8 12707.5 12774.4 12835.5 12893.8 12948.9 13011 13069.3 13124.2 13177.7 13228.4 13267.5 13274.6 13268.8 13243.4 13208.3 13179.9 13158.8 13139.7 13126.7 13125.7 13131.6 13140.6 13153.7 13169.4 13182.8 13196.2 13210 13224.4 13237.9 13236.2 13219.6 13194.4 13167.3 13141.9 13115.3 13090.5 13066.4 13040 13013.5 12979.3 12951.9 12924.1 12890.5 12866.9 12851.3 12834.4 12815.3 12796.7 12787.9 12785.3 12790.3 12784.6
12600.1 12597.5 12593.9 12595.4 12585.8 12575.3 12572.6 12576.6 12581.9 12575.7 12565.6 12560.4 12563.3 12582.5 12624.3 12673.7 12722.1 12761.9 12802.5 12846.6 12908.6 12992.9 13069.5 13140.6 13205 13260 13273.1 13266.6 13247.2 13229.7 13210.7 13186.6 13164.3 13146.3 13140.2 13143.2 13147.5 13161.3 13183.2 13201.5 13217.2 13231 13241.8 13247.4 13247.5 13241.3 13223 13199 13175.5 13151.9 13129.1 13104.3 13078.9 13051.3 13016.2 12985.6 12951.1 12910 12874 12841.9 12824.9 12808.6 12797.2 12790 12790.5 12794.7 12792.9
12562.9 12559 12553 12548.7 12541.9 12537.3 12538.2 12545.2 12558.6 12555.7 12554.8 12556.6 12565.4 12577.3 12613.6 12650.7 12683.9 12707.4 12735.9 12775.4 12837.3 12933.4 13016.4 13094.7 13167 13231.6 13254.5 13255 13255.9 13251.3 13234.6 13216.3 13193.1 13169.1 13161.2 13164.3 13168.7 13182.9 13204 13223.2 13239.3 13252.2 13260 13261.9 13261.1 13261 13248.5 13231.2 13212.2 13192 13170.7 13148.2 13123.8 13096.3 13060.8 13026.2 12990.1 12937.4 12889 12838 12816.9 12806.1 12797.3 12794.4 12797.2 12802.4 12803.1
12536.3 12529.6 12518.7 12505.9 12497.8 12500.7 12502.9 12505.7 12513.8 12528.1 12543.1 12558.2 12574.9 12595.3 12618.2 12639.4 12659.6 12672.7 12693.2 12727.4 12800.7 12890.8 12969 13045.6 13116.3 13178 13222.7 13254.7 13277.7 13279.6 13266.5 13251.6 13229.9 13207.6 13197.1 13196.2 13200 13213.3 13231.6 13249.5 13264.2 13276.3 13283.1 13285.6 13286.9 13286 13275.1 13260.7 13245.4 13228.7 13210.6 13191.2 13171.5 13147 13113.4 13079.9 13042.2 12984.8 12929.2 12868.2 12838.4 12819.8 12805.2 12803.7 12804.6 12811.4 12816.2
12521.7 12512.9 12499.2 12485.2 12475.5 12476.8 12477.4 12475.6 12481 12508.2 12534.4 12559.7 12585.1 12614.4 12628.4 12637.1 12644.2 12654.9 12669.3 12694.8 12774.7 12855.1 12924.1 12993.8 13060.3 13121.2 13180.1 13243.8 13288.3 13303.8 13304.1 13291.4 13269.4 13249.2 13237.5 13234.6 13237.6 13250.2 13265.9 13280.7 13293.5 13304.2 13310.6 13313.7 13315 13311.8 13302.2 13292.1 13280.5 13265.6 13251.7 13235 13217.9 13199.7 13175.6 13145.3 13109.4 13056.5 13000.8 12939.7 12891.6 12861.2 12838.8 12828 12818.2 12823.3 12832.9
12519.6 12510.3 12496.3 12482.7 12471.4 12470.2 12469 12466.9 12476.5 12503.7 12533.7 12563.3 12591.8 12617.3 12632.5 12639 12643.2 12646 12653.7 12671.3 12740.5 12811.5 12878.6 12944.2 13006.8 13062.6 13121.8 13194 13255.1 13297.2 13324.9 13323 13302.4 13283.5 13273.3 13276.7 13283.1 13292 13303 13314.7 13325.9 13335.4 13341.4 13343.4 13339.1 13339.3 13331.3 13323.4 13315.2 13307.1 13297.7 13288.7 13278.4 13264.2 13242.5 13219.2 13189.6 13146 13096.3 13037.3 12973.1 12933.7 12902.6 12874 12848.5 12844.8 12855.5
12529 12521.1 12508.8 12496.9 12482.4 12482.6 12479.1 12474.8 12485 12511.5 12541.4 12570.9 12598.2 12621.2 12636.5 12643 12646 12645.4 12646.7 12654.2 12707.3 12771.4 12838 12901.8 12962.4 13017.5 13074.5 13140 13197.9 13257.5 13311.7 13330.8 13324.2 13314.7 13310 13319.2 13329.5 13333.5 13340.4 13350 13359.7 13368.2 13374.9 13377.4 13377.1 13372.1 13362.7 13356.6 13351.9 13349.2 13347.2 13344.7 13341 13333.9 13325 13307.4 13284.9 13248.4 13205.1 13143.5 13072.4 13026.9 12984.8 12939.4 12899.4 12882.4 12885.7
12547.7 12542.7 12534.6 12529.2 12520.4 12516.5 12505.9 12497.2 12506 12529.8 12556.9 12584.3 12608.8 12628.8 12643.3 12652.4 12655.8 12654.5 12650.5 12657.3 12694.5 12748.2 12807.9 12868.9 12928 12985.9 13048.3 13105.2 13167.3 13234.9 13292.1 13324.1 13336.4 13342.8 13348.1 13356 13362.8 13369.1 13375.9 13384.8 13394.4 13402.4 13409.2 13413 13414.2 13403.7 13391.9 13387.2 13388.1 13391 13395.9 13401.5 13406 13408.5 13408.1 13399.6 13387.3 13365 13329.6 13263.8 13184.4 13129 13075.7 13017.8 12966.7 12938.9 12938.3
12573.9 12571.8 12567.3 12570.1 12581.3 12562.9 12541.3 12531 12536.9 12555.8 12579 12602.7 12624.7 12644.4 12661.1 12668.1 12672.8 12674.5 12672.2 12675.8 12695.9 12738.1 12791.1 12845.7 12900.7 12955.5 13011.5 13077.8 13151.3 13225.8 13275.9 13312.3 13343.7 13367.7 13387 13392.4 13393.8 13399.7 13407 13416.2 13426.6 13434.6 13440.4 13442 13438.6 13422.3 13412.9 13413.6 13421.5 13433 13447 13461.1 13473.9 13485.6 13494.1 13496 13491.4 13484.9 13465.9 13400.5 13301.2 13241.2 13173 13102.5 13042.9 13007.5 13003.1
12608.4 12605.7 12600.8 12601.8 12607.2 12590.9 12570.5 12564.6 12570.1 12585.9 12605.7 12625.8 12644.5 12660.8 12673.3 12684.8 12693.8 12701.6 12707.5 12705.7 12711.3 12741.9 12784.5 12829.5 12878.9 12930 12983.2 13053.6 13126.8 13205.4 13263.5 13305.9 13349.9 13384.7 13412.2 13418.7 13420.2 13425.5 13433.3 13443.9 13454.7 13465 13470.3 13466.7 13448.2 13426.2 13426.9 13437.1 13453 13474 13496.5 13520.1 13542.2 13561.3 13581.8 13592.5 13594.9 13592.5 13575.8 13520.2 13407.4 13334.6 13262.2 13186.6 13122 13081.5 13086.6
12650.1 12644.4 12633.6 12625.4 12613.4 12600 12592.7 12588.5 12601.7 12619.7 12637.5 12653.8 12668.5 12681 12691.4 12704.6 12717 12727.8 12735.1 12733.3 12738.6 12760.6 12783.2 12814.8 12858.7 12911.8 12971.6 13044.1 13116.2 13193.3 13258.3 13313.6 13355.3 13392.2 13420.7 13430.6 13435.4 13443.8 13453.4 13466.3 13480.2 13492.7 13500.2 13495.7 13469.2 13439.3 13439.8 13457.9 13482.7 13513.4 13545.8 13578.3 13608.2 13636 13664.4 13684.3 13696.4 13689.9 13652.9 13602.5 13498.3 13419.6 13344.4 13268.3 13202.4 13158.8 13165.7
12696.4 12685.1 12667.8 12653.4 12637.1 12625.7 12626.4 12625 12642.3 12659.2 12673.5 12685.5 12696.5 12706.3 12716.1 12727.8 12741.2 12753.7 12758 12758 12763.3 12773.5 12769.9 12788.1 12833.2 12895 12971.2 13048.9 13122.1 13192.4 13254.6 13308.8 13349.9 13389.1 13424.3 13438.8 13444.9 13455.3 13467.3 13482.8 13500.1 13517.3 13530.3 13530.2 13493.8 13448.3 13453.5 13479.2 13512.1 13549.4 13590.8 13632.1 13672.3 13708.4 13745.4 13773.7 13794.3 13800.3 13769.1 13683.4 13584.8 13507 13423.6 13348.3 13284.6 13238.7 13239.1
12743.4 12725.7 12703.3 12687.2 12677.9 12678.8 12680.9 12685 12695.6 12705 12713.3 12721 12728.9 12734.8 12741.6 12752 12766.9 12782.7 12794.6 12789.8 12760.5 12732.3 12715.6 12741.9 12795.3 12866.8 12954.4 13040.8 13120.6 13194.7 13245.1 13285 13326.3 13370.3 13413.6 13439.4 13446.4 13457.1 13472.8 13491.5 13512.7 13535.4 13554.6 13562.7 13519.8 13470 13472.4 13501.9 13541 13584.4 13628.4 13680.3 13727 13775.7 13819.8 13857.1 13884.3 13895.2 13853.2 13754.2 13663.4 13577 13494.2 13425.1 13368.6 13328.4 13321.4
12781.2 12761.3 12736.1 12718.8 12710.2 12716.3 12739.7 12756.3 12752.6 12751.6 12753.6 12757.6 12762.7 12767 12769.7 12777.6 12789.4 12804.9 12825.1 12805.8 12735.6 12662.9 12640.4 12685.7 12751 12827.3 12907.9 12991 13085.1 13162.5 13210.9 13247.3 13286.9 13332.8 13380.5 13420.6 13430.9 13446 13467 13491.5 13518.1 13544.4 13567.7 13580.9 13537.5 13490.2 13493.8 13527.5 13571.1 13619.3 13670.6 13725 13777.6 13832.3 13881.4 13927.2 13956.1 13962.1 13907.4 13810.8 13723.7 13635.8 13555.8 13495.3 13449.6 13420.8 13409.4
