real_craters/C174-300m.grd
DSAA
449 449
-67.235 67.235
-67.235 67.235
10915.954897597 14359.188353444
[rows 210 to 239 of 449, columns 0 to 66 of 449]
12089.7 12089.9 12089.8 12089.2 12088.2 12087.3 12088.4 12089.7 12091 12091.6 12091.9 12092.1 12092.4 12091.9 12092.2 12092.3 12092.4 12092.5 12093.5 12095 12098.1 12103.9 12113.9 12131.8 12160.9 12185.7 12221.7 12257.1 12295.3 12336 12379.3 12423.3 12466.6 12505.5 12520.5 12490.2 12460.4 12442.3 12434.9 12418 12383.2 12353.2 12328.7 12307.8 12290.6 12275.3 12262.6 12253.8 12247.2 12244.8 12252.4 12260 12249.3 12221 12196.4 12179.4 12170.2 12165.1 12162 12160.1 12159.8 12158.5 12158.2 12159.4 12161.2 12166.1 12174
12091.3 12090.9 12090.5 12090.4 12090.6 12088.8 12088.7 12090.3 12091.4 12092.5 12092.8 12092.8 12093.1 12093.4 12093.7 12093.4 12093.6 12093.9 12094.7 12096.1 12098.8 12103.4 12111.1 12123.2 12138.1 12152.9 12187.3 12226 12264.9 12304.5 12345.3 12386.1 12428.6 12469.4 12489.9 12445.6 12415 12399.9 12395.7 12382.1 12351.2 12325 12303.3 12285.2 12270.9 12256.4 12243.4 12232.4 12220.3 12208.2 12202.9 12204.3 12203.9 12191.2 12174.3 12169.3 12165.5 12162.9 12161.4 12161.1 12161.9 12159.6 12158.5 12158.9 12160.6 12166.1 12174.5
12093.5 12092.7 12092 12091.7 12091.8 12092 12092.2 12093 12093.6 12093.9 12094.1 12094.2 12094.7 12095.5 12095.6 12095.1 12095.2 12095.5 12096.4 12097.7 12099.8 12103 12107.5 12111.7 12120.9 12129.5 12159.3 12196.5 12233.5 12269.8 12305.5 12339 12370.8 12396.5 12410.4 12367.9 12345.2 12335.1 12329.8 12320.8 12303.5 12288.1 12274.1 12261.2 12248.7 12236 12223.4 12211.6 12196.5 12179.9 12169.9 12166.7 12171.2 12168.9 12162.3 12161.4 12160.9 12160.5 12160.4 12161.2 12161.5 12159.8 12158.4 12158.1 12159.4 12165.9 12175.1
12096.2 12094.7 12093.4 12092.6 12093.1 12095.6 12097.8 12096.6 12096.4 12096.2 12096.1 12096.3 12096.8 12097.7 12098 12097.3 12097.7 12098.2 12098.5 12099.6 12101.3 12103.6 12106.7 12109.7 12115.2 12120.9 12141.1 12171.4 12203.2 12233.9 12262.4 12286 12304.2 12309.2 12297.3 12270.7 12264 12263.7 12259.3 12250.4 12249.7 12247.7 12242 12234.6 12225.8 12215.6 12205.4 12192.9 12179.8 12166.5 12159.3 12158.6 12159.6 12159.6 12158.5 12157.9 12158.1 12158.4 12158.9 12159.8 12160.2 12159.3 12158.2 12157.9 12159.7 12166.6 12176
12098.8 12096.7 12094.9 12093.6 12093.7 12097.6 12099.5 12099.2 12099 12098.6 12098.5 12098.6 12098.9 12099.8 12100.1 12100.3 12101.1 12102 12101.4 12102.5 12103.9 12105.7 12108.4 12111.8 12115 12114.9 12127.5 12151.9 12177.8 12202.2 12223.3 12237.8 12243.7 12236.8 12214.3 12193.4 12195.7 12203.4 12202.5 12197.6 12205.7 12212.5 12214.1 12211.6 12206.4 12198.8 12190.3 12179.9 12169.1 12159.4 12155.1 12155.9 12156.3 12156.4 12156.4 12156.4 12156.6 12156.9 12157.4 12158 12159 12158.7 12157.8 12157.8 12160.3 12167.7 12177.1
12101.2 12098.8 12096.6 12095 12095.2 12098.4 12100.2 12100.9 12101.1 12101.1 12101 12100.9 12101.1 12101.8 12102.3 12102.8 12103.6 12104.6 12105.5 12105.9 12107.2 12108.7 12110.6 12113.1 12114.7 12112.8 12119.6 12138.1 12157.7 12175.9 12190.4 12198.6 12198.5 12188 12169.5 12154.8 12156.4 12164.7 12168.4 12170.4 12178.6 12187.8 12192.8 12193.7 12191.2 12186.1 12179.1 12170.9 12162.7 12155.5 12153.1 12154.1 12155.5 12155.6 12155.8 12155.9 12156.1 12156.3 12156.6 12157 12158 12157.9 12157.3 12157.8 12161.2 12169.1 12178.7
12103.6 12101.1 12098.8 12097.3 12097.8 12101.2 12102.2 12102.9 12103.3 12103.4 12103.3 12103.2 12103.3 12103.8 12104.2 12105 12105.8 12106.7 12107.8 12108.2 12109.4 12110.6 12111.8 12113.3 12114 12113.2 12116.5 12129.3 12143.5 12156.4 12166.1 12170.2 12168.2 12158.9 12145.1 12137.7 12139.5 12145.3 12150.7 12155.5 12163.9 12173.1 12179.2 12181.7 12180.8 12176.5 12171.6 12164.7 12158.9 12154.1 12152.8 12154.2 12155.7 12155.6 12155.9 12155.8 12155.8 12155.9 12156.2 12156.6 12157.1 12157.2 12157.1 12157.9 12162.2 12170.6 12180.6
12105.9 12103.4 12101.3 12099.9 12100.5 12102.9 12104.7 12105.2 12105.6 12105.7 12105.6 12105.5 12105.4 12105.7 12106.2 12106.8 12107.5 12108.1 12109.1 12109.4 12110.4 12111.5 12112.5 12113.9 12114.8 12114.5 12116 12124.5 12134.2 12142.9 12149.1 12151.8 12150 12143.9 12138 12133.8 12134.4 12138.2 12143.7 12149.9 12157.2 12165.2 12170.7 12173.2 12173 12170.5 12166.6 12161.2 12156.9 12153.8 12153.5 12154.3 12155.2 12155.4 12155.4 12155.3 12155.5 12155.8 12155.9 12156.1 12156.7 12157 12157.1 12158.3 12163.4 12172.5 12182.7
12108 12105.7 12103.9 12102.8 12103.4 12105.4 12106.8 12107.5 12107.9 12108 12108 12108 12108 12108 12108.2 12108.5 12109.1 12109.7 12110.4 12110.5 12111.3 12112.4 12113.5 12114.8 12115.7 12116.3 12117.3 12122.9 12129.3 12134.9 12139.1 12141 12140.4 12137.1 12135.6 12134.3 12134.1 12137.6 12143.4 12150.9 12157.7 12163 12166.3 12168.7 12168.6 12166.8 12163.7 12159.6 12155.9 12153.6 12153.2 12154.3 12155.3 12155.4 12155.2 12155 12155.4 12155.8 12156.3 12156.4 12156.7 12157 12157.7 12159.5 12165.3 12174.6 12185
12110 12108 12106.6 12106.1 12106.8 12108.2 12109.3 12110.1 12110.4 12110.3 12110.3 12110.4 12110.3 12110.1 12110 12110.1 12110.4 12110.8 12111.4 12112 12112.7 12113.5 12114.4 12115.6 12116.6 12118.6 12120.4 12123.8 12126.5 12130.7 12133.4 12135 12135.6 12134.7 12134.9 12135.8 12136 12139.8 12146 12154.2 12160.3 12163.7 12166.2 12167.1 12166.7 12164.6 12161.8 12158.8 12155.4 12153.6 12153.1 12154.5 12156 12155.8 12155.3 12155.1 12155.5 12156 12156.7 12157 12157.2 12157.7 12158.8 12161 12167.6 12176.9 12187.2
12112.2 12110.5 12109 12108.9 12109.7 12111.3 12112.9 12113 12113 12112.7 12112.4 12112.4 12112.2 12111.8 12111.5 12111.3 12111.5 12111.8 12112.2 12112.7 12113.4 12114.2 12115.2 12116.5 12118.6 12121.1 12124.4 12126 12127.1 12128.7 12130.3 12131.6 12132.9 12133.9 12134.2 12137 12138.3 12143 12149.5 12156.7 12161.9 12166.2 12168.7 12169.2 12167.8 12165.3 12162 12158.6 12155.8 12154.3 12154 12154.9 12156 12156 12155.7 12155.7 12155.8 12156 12156.4 12157 12157.7 12158.7 12160.3 12163.4 12170.1 12179.1 12189.1
12114.9 12113.2 12111.4 12110 12111.9 12114.2 12115.8 12115.9 12115.5 12114.9 12114.3 12113.9 12113.5 12113 12112.6 12112.4 12112.4 12112.7 12113 12113.4 12113.8 12114.5 12115.4 12116.6 12118.3 12121.2 12125 12126.8 12127.3 12128.2 12129.5 12130.9 12132.4 12133.9 12134 12137.7 12140.9 12147.2 12154.6 12161.7 12166.3 12171.5 12173.5 12172.8 12170.3 12166.9 12162.8 12159.1 12155.9 12154.8 12154.8 12155.3 12155.9 12155.9 12155.9 12156 12155.8 12156 12156.4 12157.2 12158.4 12160.1 12161.7 12165 12172 12180.8 12190.5
12118.1 12116.6 12115.1 12113.9 12115.3 12117.2 12118.6 12118.6 12117.8 12116.7 12115.7 12115 12114.4 12113.8 12113.3 12113.1 12113.1 12113.2 12113.5 12113.8 12114.2 12114.8 12115.5 12116.4 12117.8 12120.4 12123.8 12126.1 12127 12128.4 12129.8 12131.2 12132.6 12134.3 12135.1 12139.4 12144.5 12152.4 12161.7 12170.7 12177 12180.7 12180.4 12177.7 12173.7 12169 12164.3 12160.1 12156.6 12155.2 12155.1 12155.4 12155.8 12155.6 12155.4 12155.3 12155.4 12156 12157 12157.8 12159 12160.6 12162.4 12165.9 12173 12181.7 12191.2
12121.3 12120.1 12119.5 12119.1 12119 12119.9 12121.1 12120.9 12119.8 12118.4 12116.8 12115.4 12114.8 12114.5 12114.2 12113.9 12113.9 12114 12114.1 12114.4 12114.7 12115.1 12115.6 12116.1 12117.1 12119 12121.8 12124.4 12126.5 12128.5 12130.2 12131.9 12133.5 12135.2 12137 12140.2 12147.6 12158.1 12169.7 12181.3 12190.7 12191.8 12188 12182.6 12176.8 12171.1 12165.7 12161 12157.3 12156 12155.7 12155.7 12155.3 12155.2 12155 12154.4 12154.7 12155.6 12156.8 12158.1 12159.6 12161 12162.9 12166.6 12173.7 12181.7 12190.6
12124.3 12123 12122.5 12122 12121.6 12122 12122.4 12122.5 12121.5 12119.7 12117.9 12116 12115.4 12115.2 12115 12114.8 12114.7 12114.8 12114.8 12115 12115.3 12115.6 12116 12116.1 12116.5 12117.8 12121 12123.7 12126.7 12128.9 12130.9 12132.9 12134.9 12136.9 12138.8 12140.9 12150.3 12163.5 12176.7 12189.8 12200.8 12200.7 12193.9 12186.2 12179 12172.5 12166.7 12161.8 12158.1 12157 12156.5 12156.4 12156.2 12155.9 12155.4 12154.7 12154.9 12155.7 12156.8 12158.8 12160.7 12162.3 12164.3 12167.9 12173.9 12181 12188.6
12126.7 12125.1 12123.8 12123.1 12123 12123.3 12123.9 12123.5 12122.7 12121 12119.1 12117.4 12116.7 12116.4 12116.1 12116 12115.8 12115.8 12115.9 12115.8 12116 12116.3 12116.5 12116.7 12117.3 12118.9 12122.3 12125.5 12127.4 12129.5 12131.7 12134.2 12136.8 12139.4 12142.2 12145.5 12155.3 12169 12181.4 12193.7 12204.8 12204.5 12195.6 12186.8 12179.2 12172.6 12166.8 12162.2 12159.5 12157.9 12157.5 12157.4 12157.4 12157.2 12156.8 12156.3 12156.3 12156.7 12158.1 12160.4 12162.7 12164.6 12166.2 12169.2 12174.3 12179.9 12185.6
12128.8 12126.8 12125.1 12124 12123.9 12124.1 12124.3 12124.5 12123.7 12121.9 12120.4 12119.2 12118.2 12117.5 12117.1 12116.9 12116.8 12116.7 12116.8 12116.9 12117.2 12117.5 12117.7 12118.1 12118.6 12119.8 12123 12126.2 12127.5 12129.7 12132.3 12135.4 12138.9 12142.7 12147 12151.3 12160.6 12173.4 12182.5 12191.4 12200.1 12199.7 12191.4 12183.8 12177.1 12171.1 12165.9 12161.3 12158.8 12158.6 12158.1 12158.2 12158.7 12159 12158.3 12157.8 12157.6 12157.8 12159.7 12162.7 12165.3 12167.6 12168.7 12171 12174.8 12178.9 12182.8
12130.7 12128.4 12126 12124.9 12124.7 12124.7 12124.9 12125 12123.7 12122.2 12120.9 12119.9 12119.1 12118.4 12118 12117.7 12117.7 12117.7 12117.9 12118 12118.4 12118.6 12119 12119.4 12120.3 12122 12123.1 12124.1 12126.7 12129.6 12132.9 12136.6 12140.8 12145.9 12152.2 12159.7 12169.2 12176.5 12179.5 12183.1 12185.6 12184.5 12181.7 12177.8 12173.2 12168.5 12164.2 12160.5 12158.4 12157.9 12158.1 12158.6 12159.4 12160 12159.3 12158.8 12158.6 12159.3 12162 12165.9 12169.3 12171.7 12171.9 12173.7 12176.1 12178.4 12180.7
12132.4 12130 12127.6 12126 12125.3 12124.9 12124.7 12124.6 12123.2 12122 12120.8 12119.9 12119.6 12119.2 12118.8 12118.7 12118.5 12118.6 12118.8 12119 12119.4 12119.8 12120.2 12120.7 12121.4 12122.1 12122.8 12123.6 12126 12129.4 12133.1 12137.3 12142.1 12147.6 12154.7 12164.7 12176 12171.4 12171.6 12172.7 12171.4 12169.8 12171.6 12171 12168.7 12165.5 12162.1 12159.3 12157.5 12157 12157.7 12158.5 12159.4 12160 12159.9 12159.9 12160.3 12161.5 12165 12170 12174.8 12177.8 12177.6 12178.1 12178.3 12178.4 12178.6
12134.2 12131.4 12128.3 12126.9 12125.8 12124.9 12124 12122.9 12122.3 12122 12121.1 12120.4 12120.2 12119.7 12119.4 12119.3 12119.2 12119.3 12119.7 12120 12120.4 12120.9 12121.4 12121.9 12122.5 12122.7 12123.1 12123.4 12125.9 12129.6 12133.6 12137.7 12142.1 12147.1 12152.9 12158.4 12158.9 12159.8 12162.4 12163.9 12163.4 12162.9 12164.9 12165.6 12164.7 12162.6 12159.8 12156.7 12155.9 12156.3 12157.3 12158.3 12159.2 12159.9 12160.2 12160.4 12161.1 12163.1 12167.9 12174.3 12181.2 12186.3 12185.3 12183.4 12180.8 12178.8 12176.8
12135.8 12133.1 12130.8 12128.1 12126.2 12124.7 12123.6 12122.9 12122 12122.2 12122.2 12121.7 12121.1 12120.5 12120 12119.9 12120 12120.3 12120.7 12120.7 12121.2 12121.8 12122.5 12123.3 12124.1 12124.8 12125.2 12124.8 12126.8 12130.4 12134.3 12137.9 12141.7 12145.7 12149.3 12152 12152.7 12154.1 12156.1 12157.8 12158.8 12159.5 12161.3 12162 12161.7 12160.6 12158.8 12156.4 12155.2 12156.1 12157.1 12158.1 12159 12159.8 12160.3 12160.7 12161.5 12164 12170.2 12177.9 12186.6 12195.9 12198.4 12187.3 12183 12179.6 12176
12136.1 12133.7 12131.3 12128.4 12126.1 12124.4 12123 12122 12121.6 12122 12122.9 12122.3 12121.3 12120.8 12120.6 12120.7 12120.9 12121.3 12121.7 12122.1 12122.8 12123.5 12124.3 12125 12125.9 12127.1 12127.7 12127.4 12128.7 12131.7 12135 12138.1 12141.2 12144 12146.2 12147.9 12149.3 12149.9 12151.1 12153.3 12155.9 12158.7 12159.4 12159.4 12159.5 12159.4 12159 12158 12157 12156.8 12157.2 12158 12158.8 12159.7 12160.3 12160.9 12162.2 12165.1 12171.7 12179.9 12188.6 12195.2 12193 12188.2 12185.1 12181 12176.6
12134.9 12132.3 12129.8 12127.7 12125.5 12123.7 12122.2 12121.1 12120.6 12120.5 12120.8 12120.8 12120.7 12120.6 12120.8 12121.1 12121.5 12122 12122.8 12123.4 12124.2 12125 12125.8 12126.5 12127.6 12129 12130.3 12130 12131.1 12133.5 12136.1 12138.4 12140.6 12142.5 12143.8 12144.4 12144.3 12144.6 12146.3 12149.1 12152.4 12156.1 12156.6 12156.7 12157.5 12158.5 12159.7 12159.7 12157.9 12157.4 12157.4 12157.9 12158.4 12159.4 12160.1 12160.5 12162.1 12164.9 12172.4 12181.1 12189 12194.1 12194 12191.7 12188.1 12183.5 12178.5
12133.8 12131.4 12128.8 12126.8 12124.9 12123 12121.3 12120.1 12119.3 12118.5 12118 12118.7 12119.5 12120 12120.7 12121.4 12122.1 12122.9 12123.6 12124.4 12125.3 12126.1 12127 12127.8 12128.7 12129.6 12130.4 12131.7 12133.2 12135 12136.8 12138.6 12140.2 12141.6 12142.2 12142 12141.2 12141.5 12143.3 12145.3 12147.6 12149.8 12151.3 12153.1 12155 12157.2 12159.4 12160.3 12158.3 12157.6 12157.3 12157.4 12157.7 12158.4 12158.9 12159.1 12160.3 12164.5 12172.6 12181.7 12189.9 12195.6 12198.4 12197 12191.8 12186.6 12181.4
12132.6 12130.6 12128.1 12126.1 12124.2 12122.3 12120.4 12118.6 12117.6 12117 12116.5 12117.3 12118.4 12119.4 12120.4 12121.3 12122.4 12123.4 12124.4 12125.4 12126.4 12127.3 12128.2 12129 12129.6 12129.9 12130.1 12132.9 12135.1 12136.5 12137.6 12138.8 12139.8 12140.6 12140.9 12140.7 12140.6 12140.7 12141.3 12142.3 12143.4 12144 12146 12149.4 12152.4 12155 12157.2 12157.9 12157.4 12157 12156.8 12156.8 12156.8 12157 12157 12157.2 12158.5 12164.2 12172.6 12182 12191.2 12197.9 12200.5 12198.9 12194.2 12189.5 12184.9
12131.3 12129.3 12127.5 12125.7 12123.8 12121.8 12119.7 12117.7 12116.9 12116.2 12115.6 12116.5 12117.8 12119.1 12120.3 12121.6 12122.7 12123.9 12125.1 12126.2 12127.3 12128.4 12129.4 12130.4 12131.1 12131.5 12132 12134.6 12136.8 12137.8 12138.5 12139 12139.6 12140.2 12140.5 12140.7 12140.9 12140.7 12140 12140.4 12140.7 12141 12142.9 12146.6 12150.2 12153.1 12154.7 12155.4 12155.8 12156 12156 12155.9 12155.8 12155.7 12155.8 12155.6 12157.1 12163.3 12171.6 12181 12191.2 12201.1 12199.8 12196.8 12194.9 12192.1 12188.8
12131 12129.1 12127.5 12125.7 12123.8 12121.7 12119.6 12117.5 12116.4 12115.7 12115.1 12116.2 12117.7 12119.1 12120.6 12122 12123.2 12124.4 12125.7 12127 12128.1 12129.4 12130.6 12131.8 12133 12134.2 12135.5 12137.2 12138 12138.9 12139.4 12139.8 12140.1 12140.3 12140.6 12140.7 12141.2 12141.6 12140 12139.5 12139.4 12139.7 12141.4 12144.9 12148.6 12151.8 12153.8 12154 12154.7 12155.1 12155.2 12155.1 12154.9 12154.6 12154 12154.2 12156.2 12162.4 12169.5 12177.6 12186.8 12195.4 12196.4 12195.7 12195.6 12194.3 12192.5
12131.8 12129.9 12128.2 12126.3 12124.3 12122.2 12120.2 12118.2 12117.1 12116 12115.6 12116.5 12117.8 12119.1 12120.8 12122.2 12123.6 12124.9 12126.3 12127.6 12129.1 12130.4 12131.9 12133.4 12135.1 12136.9 12139.1 12140.1 12140 12140.2 12140.3 12140.3 12140.3 12140.3 12140.4 12140.4 12140.7 12140.1 12139.7 12138.9 12138.6 12139 12140.5 12143.9 12147.6 12151.1 12154.5 12153.9 12154.1 12154.4 12154.5 12154.6 12154.4 12154.2 12154 12153.2 12154.3 12160.8 12166.2 12171.9 12178.1 12184.5 12191.2 12196.4 12196.1 12195 12195.1
12133.5 12131.5 12129.3 12127.2 12125.2 12123.2 12121.3 12119.4 12118.1 12117.1 12116.6 12117.3 12118.4 12119.6 12120.9 12122.5 12123.9 12125.5 12126.8 12128.2 12129.5 12131.3 12132.9 12134.6 12136.5 12138.8 12141 12141.9 12141.7 12141.3 12141 12140.7 12140.4 12140 12139.7 12139.6 12139.4 12140.1 12138.9 12138.1 12138.1 12138.8 12140.5 12143.4 12146.7 12149.9 12152 12153.1 12153.5 12153.7 12153.9 12154.1 12154.2 12154.2 12154 12153.1 12153.7 12158.1 12161.8 12165.4 12169.1 12174.5 12183.3 12191.2 12192.3 12192.7 12193.8
12134.6 12132.4 12130.2 12128.3 12126.4 12124.5 12122.6 12120.8 12119.2 12118.4 12117.9 12118.5 12119.3 12120.3 12121.5 12122.9 12124.4 12125.8 12127.4 12128.9 12130.3 12131.9 12133.7 12135.6 12137.5 12139.7 12141.8 12142.7 12142 12141.7 12141.5 12140.9 12140.2 12139.5 12138.7 12138.1 12137.2 12136.4 12136.2 12136.5 12137.3 12138.6 12140.6 12142.9 12145.7 12148.6 12151.2 12152.2 12152.4 12152.8 12153.3 12153.8 12154.1 12154.2 12154.1 12153.2 12153.4 12155.5 12157.6 12159.7 12162.2 12166.9 12173.7 12179.7 12183.9 12187.4 12189.8
