real_craters/C174-500m.grd
DSAA
270 270
-67.235 67.235
-67.235 67.235
10916.712483413 14348.873120299
[rows 90 to 119 of 270, columns 0 to 66 of 270]
12077.4 12077.5 12077.4 12076.9 12076.5 12076.1 12075.8 12075.8 12077.2 12080.8 12081.4 12077.6 12074.2 12071.9 12071.4 12072.4 12073.4 12073.9 12074.7 12082.1 12102.5 12129.1 12159 12197.9 12246.8 12305.3 12360.2 12391.5 12419.2 12461.9 12507.3 12544.1 12583.6 12623 12656.7 12696.9 12740.6 12788.1 12774 12743.1 12722.2 12705.8 12686 12669.3 12681.3 12644.7 12587.9 12525 12465.6 12412 12366.2 12328.4 12302.1 12276.1 12261.6 12249.4 12239.2 12230.9 12223.2 12217.1 12211.5 12206.9 12200.8 12193.9 12190.4 12187.5 12183.8
12084.4 12083.2 12081.5 12080.4 12079.5 12079.4 12078.9 12079 12080.4 12081.8 12082.1 12081.2 12077.5 12075.7 12074.8 12075.1 12073.9 12077.2 12077.3 12083.4 12106.9 12134.5 12168.7 12208.8 12252 12301.4 12353.2 12376.5 12397.8 12456.8 12520.7 12579.7 12626 12646.9 12664.4 12691.7 12728.3 12742 12705.6 12697.7 12683.6 12671.1 12663 12656.8 12674.8 12643.2 12586.3 12531.6 12467.7 12410.5 12363.4 12323.7 12289.7 12261.8 12241.3 12231.2 12222.7 12216.4 12212.2 12209.9 12208 12207.2 12203.2 12196.1 12194 12193.4 12187.6
12090.4 12088 12086.4 12085.1 12084 12083.4 12082.1 12081.6 12082.2 12082.5 12081.5 12080.8 12078 12076.8 12078.1 12080.4 12084.2 12085.8 12084.1 12091.6 12110.1 12136.8 12169.7 12207.6 12249.3 12291.3 12331.7 12365.3 12396.4 12468.9 12542.1 12606.1 12651.2 12666.2 12669.2 12682.3 12716.3 12726.9 12684.1 12668 12642.4 12631.7 12633.6 12647.6 12658.5 12608.1 12545.8 12502.9 12443.1 12393.7 12353.7 12317.1 12277.1 12250.8 12232.5 12214.6 12206.1 12202 12199.9 12199.5 12200.8 12202.8 12200.1 12196.6 12193.2 12193.2 12183.9
12092.2 12090.8 12089.7 12088.8 12088.3 12087.4 12086.1 12083.5 12084.7 12084.6 12083.3 12082.2 12079.5 12078.7 12081.3 12084.6 12088 12089 12086.3 12092.4 12109.4 12136 12168.4 12203.4 12242.3 12282.4 12322.4 12372.2 12437.5 12504.4 12567.4 12624 12664 12680.2 12683.1 12691.4 12707.7 12713.2 12690.9 12657.3 12627.9 12601.5 12583.3 12576.7 12562.1 12517.6 12464.2 12415.4 12391.6 12366.2 12340.5 12315.2 12286.4 12244.3 12210.9 12196.9 12191.7 12189.8 12189.6 12190.5 12192.1 12195.5 12192.4 12188.4 12184.9 12180.6 12171.9
12092.7 12092.9 12092.6 12091.9 12091.4 12091.5 12091.4 12091.6 12090.5 12089.1 12087.3 12086.7 12083.9 12083.2 12084.9 12087.5 12089.3 12086.1 12085.9 12089.1 12106.4 12131.5 12161.9 12195.8 12232.9 12274.8 12325 12390.8 12469.3 12535.7 12586.2 12633.5 12675.7 12676.6 12682.8 12679.1 12683.5 12690.1 12661 12625.6 12611 12564.2 12520.5 12475.6 12452 12427.9 12392.2 12351.1 12347.6 12337.9 12323 12310.1 12295.2 12248.1 12204.1 12184.6 12180.7 12180.6 12181.7 12182.3 12181.8 12180.3 12180 12177.4 12176.4 12175 12173.9
12095.2 12095.5 12095.4 12094.9 12094.5 12094.5 12095.6 12098 12095.8 12093.9 12093.3 12091.1 12087.3 12086.8 12088.3 12090.2 12091.2 12089.6 12088.3 12090.9 12105.5 12129 12157.3 12189 12224.3 12265 12318 12392.1 12485 12554.6 12581.8 12608 12634 12616.8 12600.2 12610.1 12616.6 12612.7 12570.4 12538 12521 12499.3 12468.4 12436.1 12422.1 12406.8 12373.9 12338.2 12329.3 12316.1 12300.9 12289.2 12280.9 12239.3 12196.3 12176.3 12174.7 12176 12177.4 12177.5 12175.1 12171.3 12173.1 12173.9 12175 12176.7 12173.7
12099.6 12099 12098.3 12097.6 12097 12096.4 12096.4 12097.1 12097.3 12096.6 12096.2 12094.8 12092 12090.7 12091.9 12093.4 12094.2 12093.4 12092.7 12094.8 12106.5 12126.8 12151.6 12181.1 12213.2 12249.1 12289.9 12346.1 12455.9 12525.8 12545.3 12549.8 12531.1 12536.4 12517.5 12523.6 12527.3 12515.4 12482.3 12456.7 12439.2 12442.4 12431.5 12420.1 12422.1 12423.4 12405 12368.2 12328.8 12299.3 12274.7 12251.3 12229.4 12217.7 12190.5 12174.5 12173.8 12175.6 12177.4 12178 12176.2 12173 12175.2 12177.5 12180 12180.9 12177.5
12103.9 12102.4 12101.2 12100.2 12099.2 12098.1 12096.8 12096.4 12097.9 12097.9 12096.7 12096.6 12095.3 12094.2 12095.1 12096.7 12098.4 12099.7 12098.6 12099.8 12109.1 12125.2 12146.7 12172.1 12201.2 12232.8 12270.9 12328.9 12409.1 12475.5 12487.9 12493.5 12499.5 12496.7 12489.4 12448.7 12433.3 12434.3 12439 12436.6 12417.9 12410.8 12403.6 12398.2 12404.8 12412 12403.8 12366.6 12317.4 12280.7 12250.1 12221.7 12203.9 12202.9 12189 12179.5 12177.4 12178.1 12180.5 12182.9 12184.5 12184.1 12182.2 12183.1 12185.8 12186.8 12186.1
12105.2 12104.8 12103.8 12102.7 12101.7 12100.6 12099.4 12099.1 12100.1 12100.1 12099.1 12097.8 12095.9 12096.7 12098.1 12099.9 12101.8 12103 12102.9 12102.2 12107.3 12124.1 12144.2 12167.1 12192 12218.6 12247.7 12285.5 12341.4 12394 12408.2 12421.3 12438.4 12414.6 12372.2 12351.2 12338.7 12350.9 12387.5 12421.6 12404.8 12380.6 12372.6 12365.8 12358.9 12357.8 12344 12316.1 12283.6 12254 12227.3 12204 12191.7 12191 12187.2 12186 12181.6 12182.4 12185.1 12189.1 12192.9 12193.3 12188.1 12184.7 12184 12189.7 12196.3
12106.9 12106.6 12105.6 12104.8 12104 12103.4 12103 12103.2 12103.2 12103.1 12102.9 12101.2 12099 12099.7 12100.7 12102 12104.1 12106.5 12107.3 12105.9 12111.5 12124.8 12143.9 12163.8 12186.6 12209.2 12228.4 12236.5 12271.7 12287.9 12322 12334 12321.4 12277.1 12246.4 12256.4 12260.7 12275 12295 12321.1 12340.3 12323.6 12317.3 12306.6 12288.1 12269.2 12249.5 12249.1 12240.2 12224.4 12206.7 12191.4 12181.8 12178.4 12178.4 12178.1 12180.6 12183.8 12187.8 12193.4 12197.8 12197 12191.3 12185.6 12183.1 12192.9 12204.3
12109.6 12108.2 12107.3 12106.7 12106.5 12106.7 12107 12107.3 12106.9 12106.4 12106 12104.4 12103.4 12103.3 12103.3 12103.8 12104.7 12105.8 12107.5 12107.8 12111.5 12125.1 12143.2 12165 12188.1 12208.3 12229.8 12255.7 12260.7 12255.1 12269 12268.5 12240.4 12200.8 12195.3 12201.7 12191.1 12214.2 12217.7 12215.2 12246.7 12248.4 12230.5 12229.4 12220.6 12197.3 12193.4 12201.7 12202.9 12197.6 12188.8 12178.9 12172 12169.8 12170.9 12173.9 12178 12182.5 12188.1 12195.3 12203.1 12200.8 12193.3 12186.7 12182.9 12191.2 12205.6
12109 12108.3 12108 12108 12108.3 12109.1 12111.3 12110.7 12109.5 12108.6 12108.3 12107.2 12106.6 12106.2 12105.5 12105 12104.5 12105 12106.1 12106.4 12109.8 12123 12141.7 12164.2 12187.5 12211.7 12234.1 12251.5 12256.9 12256.4 12251.6 12240.9 12220 12200.2 12193.1 12193.1 12195.1 12190.8 12186.1 12177.1 12193.6 12197.5 12181.4 12183.2 12182.7 12176.1 12170.5 12176.7 12179 12178.2 12174.2 12168.9 12164.4 12162.6 12164.5 12171.3 12173.9 12178.1 12184.6 12192.1 12198.8 12198.7 12193.7 12188.3 12184.1 12188 12203.7
12108.4 12108.1 12108.3 12108.6 12109 12109.7 12110.5 12111.3 12110.2 12109.2 12108.7 12107.8 12108 12108.3 12107.1 12105.5 12103.9 12102.7 12103.2 12104 12107.1 12120.7 12142.4 12165.4 12192.1 12218.4 12241 12257.3 12263.6 12260.6 12251.1 12237.3 12223 12213.5 12202 12197.1 12194.8 12188.7 12186.1 12188.5 12186.1 12182.7 12181.1 12172.8 12169.1 12167 12163.8 12165.7 12165.7 12165.8 12163.8 12160.8 12157.8 12155.6 12156.5 12159.6 12164.9 12171 12178 12185.2 12191.8 12194.2 12193.7 12191 12187.9 12189 12203.7
12107 12108.2 12108.4 12108.8 12109.3 12110.2 12112 12111.1 12109.6 12108.5 12108.1 12108.1 12110 12110.3 12108.1 12105.2 12102.7 12100.5 12100.3 12100.7 12103.7 12116.8 12140.3 12168.5 12197.3 12227.4 12254.6 12276.3 12284.8 12272.8 12256.4 12241.2 12227.2 12216.4 12206 12198.9 12193.7 12190 12189.3 12190.7 12183.6 12178.5 12174.8 12169.2 12164.4 12162 12161.6 12159.8 12160.1 12160.2 12157.9 12154.7 12153.5 12151.4 12150.7 12151.5 12156.6 12163.7 12171.1 12178.2 12184.2 12190.7 12194.6 12196 12195.4 12195.7 12207.7
12107.7 12108.5 12108.6 12108.9 12109.3 12110 12111.6 12110.3 12108.8 12107.6 12107.5 12111.3 12115.7 12113.1 12108.6 12105 12101.7 12098.8 12096.8 12096 12097.5 12109.8 12136.9 12168.2 12201.8 12235.1 12266.7 12293.2 12305 12285.6 12263.9 12245.8 12229.7 12216.8 12206.4 12199.9 12193.5 12189.5 12187.6 12183 12176.5 12173 12169.9 12165.1 12160.6 12159.5 12159.9 12159.7 12159.5 12158.8 12157 12154.6 12152.7 12150.5 12149 12149.1 12152.8 12158.8 12165.7 12173 12181.2 12189.5 12197.4 12203.8 12207.2 12207.8 12216
12109.4 12109 12109.1 12109.4 12109.4 12109.5 12109.1 12108.8 12107.5 12105.8 12104.5 12106.9 12111.6 12109.9 12106.8 12103.5 12100.4 12097.3 12094.1 12091.8 12092.8 12104.6 12132.7 12166.8 12203.8 12240.7 12275 12302.1 12315.1 12295.9 12271.8 12247.4 12227.8 12213.8 12203.4 12200.1 12192.2 12185.5 12180.9 12176 12170.3 12166.3 12162.9 12160.1 12157.5 12156.6 12158.1 12158.7 12159.1 12159.1 12158.3 12156.9 12154.6 12152.4 12150.6 12150.1 12152 12156.8 12162.7 12169.2 12177.8 12189.7 12201.3 12212.5 12222.2 12223.5 12227.1
12109.2 12109 12109.9 12110.2 12110.2 12110.2 12109.8 12109 12107.4 12105.2 12102.1 12102.2 12105.7 12104.7 12103.6 12102 12099.9 12096.5 12091.2 12089.9 12089.6 12099.9 12130.2 12167.4 12207 12245.3 12280.2 12307.5 12314 12301 12269.4 12245.1 12221.3 12201 12192 12188.9 12183.9 12178.1 12172.6 12168.3 12165 12160.5 12157.2 12155.4 12153.8 12153 12155.8 12157.3 12158.8 12160 12160.2 12159.3 12157.6 12155.8 12154.5 12152.6 12153.2 12157.2 12162.8 12169.1 12178.7 12192 12205.3 12218.5 12231.4 12237.7 12237.9
12109 12111.8 12111.1 12110.6 12111 12112.2 12111.6 12110 12108.7 12107.2 12105 12103 12102.5 12101.2 12101.4 12100.9 12100.3 12099.9 12100.7 12094.8 12090.7 12098.8 12131.1 12170.7 12211.3 12250.5 12286.1 12317.2 12342.9 12314.5 12271.3 12243.8 12219.5 12196.6 12181.7 12175.1 12173.6 12171 12167.2 12164.6 12162.2 12157.7 12154.3 12152.1 12150.6 12150.4 12152.6 12155.6 12158.4 12160.9 12163.5 12162.5 12160.4 12159 12158.3 12155.6 12155.3 12159.9 12166.6 12174 12184.4 12197.1 12209.3 12221.1 12233.2 12244.6 12244.7
12106 12110.4 12109.5 12109.6 12110.9 12112 12111.5 12110.6 12109.7 12109.1 12109.8 12107.5 12103.2 12100.7 12099.3 12099.5 12100 12101 12101.1 12098.1 12095.8 12105.1 12138.9 12179.3 12219.3 12255.4 12286.2 12313.1 12329.5 12307.9 12268.6 12240.9 12218.2 12194.2 12175.1 12169.2 12167.5 12166.1 12164.5 12162.6 12160.4 12156 12152.7 12149.8 12148 12148.9 12150.7 12154.9 12158 12160.4 12163.2 12163 12161.9 12161 12160.2 12158.2 12158.2 12164.5 12174 12183 12194.1 12205 12214.2 12222.2 12233.8 12248 12245.8
12099.8 12100.1 12103.8 12107.3 12110.2 12112.2 12112.3 12110.6 12109.9 12109.7 12108.3 12105.5 12100.7 12097.9 12097.7 12098.2 12098.7 12099.5 12100.5 12098.6 12105 12120.1 12155.7 12196 12231.7 12262.6 12285.2 12298.8 12300 12284 12259.8 12232.5 12209.2 12188.6 12173.7 12168 12164 12162.5 12162.3 12160.5 12159 12157 12152.9 12148.6 12144.5 12144.5 12151.7 12155.9 12158.2 12159.5 12158.9 12161.6 12162.3 12162.2 12162.1 12160 12160.1 12170.4 12185.1 12197.7 12208.5 12215.8 12220.6 12223.4 12226.4 12232.1 12235.9
12097.3 12096.8 12100.6 12105.2 12108.7 12111.3 12111.4 12109.7 12109.1 12108.9 12110.2 12105.1 12099.8 12097.7 12097.3 12097.6 12097.8 12096.9 12097.3 12100.4 12122.2 12149.7 12185.8 12223 12251.9 12272.6 12285.1 12287.7 12278.4 12261.4 12240.1 12219 12198.6 12183.6 12174.3 12168.3 12163.3 12158.7 12158.9 12157.7 12158.8 12157.8 12153.8 12149.7 12145.5 12145.6 12152.5 12156.9 12159.4 12161.1 12162.8 12162.6 12162.8 12162.6 12162.5 12160.9 12161.7 12176.7 12201 12220.2 12227.4 12229 12228.5 12226.1 12219.5 12217.8 12224.5
12098 12100.1 12101.2 12104.2 12107.7 12109.6 12109.5 12107.9 12106.9 12105.6 12103.9 12103.7 12103.9 12100.3 12098.4 12097.9 12097.9 12098.4 12099.5 12113.8 12149.4 12188.3 12227 12258.5 12278 12286.8 12289 12284.3 12270.9 12252.5 12230.5 12210.3 12194.1 12178.8 12169 12165.1 12161.9 12157.7 12152.5 12155.9 12156.2 12155.3 12155 12153.2 12152.7 12152.9 12155 12158.5 12161.8 12163.8 12164.4 12164.4 12163.7 12163.1 12163.1 12161.7 12161.7 12181 12215.8 12245.2 12245.1 12241.6 12237.3 12231.7 12226.1 12220.3 12223.4
12098.4 12099.8 12100.6 12103.1 12106.6 12109.1 12107.6 12106.3 12104.6 12102.9 12101 12101.9 12102.9 12102.4 12100.9 12101 12103 12105.8 12111.5 12135.7 12191.3 12246.3 12284.7 12300.8 12304.5 12298.6 12291.7 12282.9 12268.6 12250.8 12224.6 12201.6 12184.9 12172.9 12164.5 12164.5 12166.2 12164.7 12160.5 12161 12159.9 12159 12157.8 12157 12155.6 12157.4 12159.6 12162.4 12165.6 12167.9 12168.3 12166.6 12164.7 12163.3 12162.8 12161.8 12162.4 12182.7 12221.2 12250 12253.2 12250.1 12245.4 12240.1 12234.7 12229.6 12229.5
12098.7 12098.9 12099.3 12101.1 12103.2 12104.5 12104.6 12104 12103.1 12102 12101.3 12100.1 12099.9 12101.1 12102.2 12104.1 12111.2 12119.5 12130.3 12169.3 12251.4 12322.4 12353 12342.8 12328.4 12313.5 12297.7 12280.4 12262.3 12242.8 12210.2 12185.4 12174.9 12168.7 12167.1 12168.5 12171.3 12183.6 12181 12168.9 12164.4 12162.9 12162 12161.6 12160.2 12162.3 12165.4 12168.3 12169.5 12171.7 12171.5 12168.8 12166.2 12164 12162.6 12162.9 12166.9 12186.8 12221.9 12246.7 12254.6 12254.6 12251.6 12246.9 12241.8 12239.7 12239.4
12099.3 12099.9 12099.7 12099.7 12099.5 12100.6 12102 12102.2 12101.7 12100.4 12099.2 12098.1 12096.9 12096.6 12101.1 12112.7 12131.5 12153.4 12176.1 12229.8 12332.4 12383.4 12391.4 12370.9 12346.9 12323.7 12300.6 12276.9 12251.5 12223.2 12199 12180.5 12173.4 12167.8 12169.7 12171.6 12165.3 12153.9 12164.7 12166.1 12166.1 12165.2 12166.3 12168.4 12169.9 12169.6 12170.2 12170.8 12171.9 12172.4 12172.1 12170.6 12168.5 12166.2 12164.2 12164.9 12175.4 12196.8 12227.9 12247.9 12254.8 12255.7 12254.3 12249.3 12244.1 12240.3 12234
12100.6 12100.7 12100.9 12099.7 12098 12099 12100.8 12101.7 12101.4 12100.1 12098.7 12097.2 12094.5 12092.7 12098.2 12123.6 12161 12205.4 12258.1 12336.8 12439.4 12434.5 12416.4 12386 12357.7 12330.5 12303.5 12274.5 12245 12214.5 12195.8 12184.9 12177.1 12171.2 12172.4 12173.7 12169.6 12150.9 12152.2 12164.9 12168.2 12169.3 12171.6 12174.2 12176.6 12175.2 12174.3 12174.5 12173.5 12173.3 12173.2 12172.8 12172.1 12171.1 12170.2 12172.1 12187.7 12210.5 12238.7 12251.1 12253.8 12254.3 12253.6 12250.5 12245.2 12240.1 12233.7
12102.3 12104.1 12103.3 12101.2 12099.8 12100.1 12101.5 12103 12103.2 12102 12100.6 12098.6 12096.2 12093.7 12096.2 12135.8 12192.4 12261.5 12346 12449 12489.9 12459.5 12416.8 12389.4 12363.1 12335.1 12304.9 12274.1 12243.5 12214 12196.9 12188.2 12181.2 12175.6 12172.9 12173.8 12179.7 12190.5 12183.9 12172.5 12170.6 12170.5 12172.6 12176.7 12179.2 12177.5 12175.8 12174.2 12173.9 12174.4 12175.1 12176 12177.1 12178.7 12181 12186.1 12202.2 12223.4 12238.9 12247.8 12249.8 12249.3 12248.4 12248.1 12244 12241.4 12239.1
12103.2 12104.8 12105.8 12103 12101.1 12101.9 12103.8 12105.6 12106.9 12106.5 12104.5 12101.6 12098.6 12096.3 12096.7 12145.8 12217.8 12304 12399.8 12489.5 12500.7 12461.4 12412.4 12390.8 12365 12335.3 12304.6 12273.6 12243.6 12217 12199.3 12190.2 12182.1 12176.6 12172.8 12172.4 12174.3 12174.5 12175.8 12173 12170 12170.9 12173.3 12176.5 12178.6 12177.6 12176.1 12174.3 12174 12175.7 12177.3 12180 12183.5 12188.2 12195 12204.6 12217.2 12228 12234.8 12242.7 12245.1 12242.7 12238.1 12234.9 12238.8 12241.6 12244.8
12102.7 12103.6 12102.5 12103 12103.1 12104.2 12106 12108.3 12111.3 12113.2 12109 12104.5 12100.7 12098 12098.7 12151.8 12232.5 12327.9 12425.8 12500.1 12481.8 12459.8 12437.3 12403.8 12372.3 12340.8 12307.1 12275.5 12245.3 12219 12200.1 12190.1 12179.4 12174.2 12170.7 12169.4 12169.1 12169.7 12171 12171.2 12171 12171.1 12172.2 12173.7 12175.8 12177.1 12177.1 12175.5 12174.9 12175.8 12179.7 12184.3 12189.9 12197.1 12207 12221.6 12230.4 12234.4 12240.9 12243.3 12243 12239.5 12233 12229.9 12235.1 12239.8 12242.9
12101.7 12102.4 12103.1 12105 12105 12105.9 12107.6 12109.7 12112.6 12114.7 12110.3 12105.8 12102.2 12100 12097.1 12150.5 12239.4 12339.7 12437.5 12512.9 12483.2 12465.6 12440.3 12412.3 12381.1 12348.4 12314.4 12281.3 12249.8 12221.7 12200.3 12186.4 12175.5 12170.6 12167.1 12164.9 12164.9 12165.9 12168.1 12169.1 12170 12170 12170.3 12170.9 12174 12177.5 12180.1 12182.2 12181.5 12179.7 12183 12188.7 12195.4 12203.5 12213.2 12223.1 12232.1 12243 12247.5 12244.2 12242.8 12240.8 12237.5 12233.9 12235.4 12238.4 12241.9
