real_craters/C174-500m.grd
DSAA
270 270
-67.235 67.235
-67.235 67.235
10916.712483413 14348.873120299
[rows 120 to 149 of 270, columns 201 to 267 of 270]
12402.6 12399.9 12395.5 12392.9 12390.3 12390.2 12387.1 12383 12379.5 12377.4 12376.9 12378 12380.9 12385.3 12391.4 12400.5 12408.4 12411 12414.8 12416.2 12416.4 12416.8 12418.5 12421.8 12426.7 12427.1 12427.6 12427.9 12427.4 12426.6 12425.3 12422.3 12420 12419 12419.6 12420.8 12422.7 12422.9 12423.2 12427.7 12431.8 12430.3 12428.2 12426.9 12426 12426.6 12428.2 12430.7 12433.7 12437.4 12442.9 12446.8 12447.6 12444 12440.2 12443.8 12443.5 12441.4 12438.1 12434.5 12430.9 12428.4 12427.2 12426.2 12424.8 12423 12421.2
12403.5 12402.4 12397.9 12390.4 12386.4 12384.1 12381.7 12378.6 12376.2 12374.3 12373.9 12375.8 12379.4 12384.1 12389.9 12396.6 12402.8 12408.1 12411.4 12412.2 12413 12414.6 12416.5 12418.7 12420 12423.5 12425.2 12427.3 12428.8 12426.8 12425.9 12423.4 12421.8 12421.3 12421.7 12423.1 12426 12427.7 12429.4 12430.3 12431.9 12429.6 12428.4 12427.4 12425.6 12426 12427 12428.8 12431.3 12435.8 12438.9 12441.6 12442.6 12442 12441.1 12442 12440.4 12438.9 12436.7 12434.2 12431.8 12429.6 12428.9 12427.8 12426.8 12425.9 12425.6
12402.8 12402.7 12395.7 12386.2 12382 12379.5 12377.6 12375.7 12373.8 12371.9 12371.2 12374.3 12377.8 12381.5 12386.2 12392.3 12397.4 12401.8 12405.9 12407.7 12409.2 12411.2 12413.2 12415.8 12418.4 12419.5 12421.1 12422.1 12420.7 12421.2 12421 12421.7 12421.7 12421.7 12422.3 12423.3 12424.6 12429 12432.1 12431 12426.8 12427.1 12428.2 12427.9 12428.1 12427.5 12427.8 12429 12431 12433.3 12437.5 12442.4 12444.6 12443.6 12443.7 12443.3 12440.6 12438.9 12437.1 12435.1 12432.5 12431.1 12430.6 12429.8 12429.3 12429.1 12429.2
12397.3 12394.1 12384.2 12377.6 12376 12375.5 12374.8 12374 12373.2 12372.1 12372.4 12374.2 12376.6 12379.2 12381.6 12384.2 12390.2 12395.3 12399.4 12402.9 12404.8 12407.6 12409.6 12410.8 12412.7 12415.1 12416.6 12417.4 12418.4 12417.5 12418.4 12420 12420.9 12421.6 12422.3 12423 12424.1 12429 12433.1 12431.7 12431.1 12430.6 12428.8 12427.8 12427.2 12428.6 12430.8 12433.8 12436.9 12439.7 12442 12444.6 12445.3 12445.4 12445.9 12445.1 12444 12442.1 12440 12437.9 12436.1 12434 12432.4 12431.5 12431.1 12431.3 12432.3
12389.8 12380.8 12373.7 12371.3 12372.1 12373.1 12373.9 12374 12373.7 12373.4 12373.9 12374.9 12376.6 12378.1 12379 12380.4 12386.7 12393.7 12398.2 12400.8 12402.4 12405.9 12407.4 12407.3 12408.9 12411.9 12413.2 12413.5 12417 12417.5 12418.7 12419.9 12420.8 12421.4 12422.3 12423.5 12425 12427.4 12429.6 12430.6 12431.3 12430.6 12429 12427.5 12426.1 12427.5 12431.2 12434.5 12437.7 12440.8 12443 12443.8 12444.1 12444.7 12446.3 12445.8 12444.8 12442.9 12440.6 12438.6 12437.6 12435.3 12433.5 12432.6 12432.2 12432.1 12431.9
12384.5 12376.2 12372.7 12370.6 12371.6 12373.3 12374.6 12375.4 12375.5 12375.5 12375.4 12376.5 12377.7 12378.6 12379.6 12381.6 12386.9 12393 12397.4 12400.6 12403.8 12406 12407.6 12408.5 12409.8 12411.4 12412.1 12412.1 12414.9 12419.3 12420.2 12419.7 12420.4 12421.3 12422.6 12423.7 12425.1 12425.6 12426.4 12428.1 12428.9 12429 12428.6 12428.1 12427.6 12426.9 12431.1 12434.6 12437.7 12440 12440.7 12440.8 12442.7 12445.2 12447 12446.5 12444.9 12442.5 12439.9 12437.4 12435.5 12434.8 12434.4 12434.1 12433.9 12433.6 12432.9
12381.3 12373.1 12372.9 12372.8 12374.4 12375.9 12377.2 12377.9 12378.1 12378.3 12379.3 12379.5 12379.6 12380.2 12381.2 12384.3 12387.6 12392.9 12396.7 12399.8 12402.4 12405.6 12408.8 12412.2 12412.4 12412.5 12413.2 12414.4 12414.9 12415.2 12416.8 12418.5 12419.9 12421.4 12422.7 12423.7 12424.7 12424.5 12424.7 12426.2 12427.5 12428.4 12428.2 12428.4 12429.1 12430.5 12431.7 12433.8 12435.4 12437.1 12438.6 12440.4 12443.2 12445.1 12446.7 12446.6 12443.4 12440.7 12438.3 12435.9 12433.9 12434.2 12434.4 12434.2 12434.1 12434.1 12434.1
12380.3 12373 12375.6 12378 12378.7 12379.7 12380.7 12381.4 12381.6 12381.6 12381 12381 12382.2 12382.8 12383 12383.7 12387.4 12391 12395.6 12399.7 12403 12406.6 12409.4 12411.4 12412.8 12413.2 12414 12416.1 12416.7 12417.4 12416.3 12417.7 12419.6 12421.5 12423.2 12424.3 12424.9 12424.2 12424.4 12425.3 12426.1 12426.2 12427.6 12428.7 12430.7 12433.1 12434 12435.2 12436.1 12437.1 12439.7 12441.6 12443.3 12444.7 12445.6 12445.8 12444 12440.9 12439 12436.9 12434.8 12435 12434.9 12434.8 12434.5 12434.5 12434.6
12382.4 12376.1 12379.8 12382.5 12383.4 12384.3 12384.8 12385.4 12385.7 12385.6 12385.2 12385.4 12386.2 12386.8 12387.5 12388.2 12388.8 12391.4 12395.6 12400.4 12405.5 12408.7 12409.6 12411 12412.5 12413.5 12413.6 12412.4 12416.2 12415.5 12415.6 12417.6 12419.8 12422 12424.1 12425.7 12426.5 12426 12425.1 12425.2 12425.5 12426.7 12426.9 12428.8 12431.8 12434.9 12436.3 12436.9 12437.4 12438.1 12439.6 12441 12442.4 12443.5 12444.2 12444.3 12443.2 12441.5 12440.5 12439.8 12438.4 12436.7 12436.4 12434.9 12434.3 12433.9 12433.6
12387.1 12378.5 12383.4 12387.2 12387.8 12388.7 12389.5 12390.4 12390.6 12390.6 12390.3 12390.3 12391.1 12392 12391.9 12391.7 12391.1 12391.7 12396.7 12401.2 12404.9 12407.3 12409.2 12410.3 12412.4 12414.1 12415.7 12416.8 12416.4 12415.2 12415.7 12418 12420.6 12423 12425.2 12427.3 12428.8 12427.6 12425.9 12425.6 12425.3 12424.2 12425.4 12427.3 12431.5 12436.6 12437.7 12437.4 12437.5 12438.1 12439 12440.1 12441.1 12441.9 12442.3 12442.5 12441.8 12440.9 12440.8 12441.5 12440.4 12437.6 12436.2 12435.1 12434.4 12433.7 12432.2
12396.2 12383.5 12385.3 12389.4 12391.9 12393.7 12394.8 12395.8 12396.2 12396.1 12395.9 12394.6 12397.9 12398.5 12398.6 12397.7 12396.7 12396.8 12399.4 12402.8 12405.9 12408.4 12409.9 12410.9 12412.4 12414.1 12416.5 12418.1 12416.9 12414.1 12416.6 12419 12421.5 12423.7 12426.1 12428.6 12430.7 12430.5 12428 12426.9 12426.2 12425.9 12426.2 12426.7 12430.4 12435.2 12436.3 12436.4 12436.8 12437.4 12438.2 12439.1 12439.8 12440.4 12440.4 12440.1 12439.8 12439.4 12439.5 12440.1 12439.2 12437.4 12436.1 12435 12434.2 12433.4 12432.3
12414.8 12400.8 12392.1 12392.6 12397.1 12399.4 12400.6 12401 12401.4 12401.9 12403.3 12408.7 12405.4 12405.6 12407 12404.7 12403.3 12402.6 12402.6 12404.8 12407.9 12411.1 12411.6 12411.8 12412.2 12413 12414.4 12415.3 12415 12416.6 12418.7 12420.8 12422.6 12424.4 12426.3 12428.8 12431.6 12432.2 12429.6 12427.8 12426.9 12427.2 12427.3 12427.6 12428.7 12430.4 12432.1 12434.1 12435.5 12436.6 12437.4 12438.1 12438.6 12438.8 12438.9 12438.2 12438.1 12437.5 12437.2 12436.8 12436.5 12435.9 12435.3 12434.6 12434 12433.3 12432.4
12442.6 12431.3 12414.1 12407.2 12406.5 12406.3 12406.4 12406.6 12406.5 12406.9 12407.5 12406.6 12409 12411.3 12410.2 12407.8 12404 12403.3 12404.4 12406.6 12409.2 12411.5 12411.9 12412 12411.7 12411.2 12410.3 12410.9 12412.3 12417 12420.9 12422.2 12423.1 12424.2 12425.5 12427.1 12429.5 12430.9 12429 12427.6 12426.7 12426.1 12425.3 12425.1 12426.6 12427.9 12429.8 12432.2 12434.1 12435.5 12436.6 12437.4 12437.8 12438 12438 12437.9 12437.3 12435.9 12434.8 12433.5 12434 12434.5 12434.6 12434.4 12434.1 12433.6 12433
12466.2 12456.3 12436.1 12425 12419.2 12416.1 12414.7 12414.2 12413.7 12413.7 12413.2 12412.6 12415.7 12419.9 12419 12413 12404.7 12403.7 12406.2 12408.6 12410.5 12411.1 12411.7 12411.8 12411.6 12410.8 12409.5 12410.1 12412.1 12417.8 12422.6 12422.7 12422.8 12423.1 12423.6 12423.7 12423.5 12424.8 12426.4 12426.3 12426 12425.4 12424.1 12424.1 12425.6 12427.3 12429 12431.5 12433.4 12434.9 12436 12436.8 12437.4 12437.6 12437.4 12437.1 12436.4 12434.7 12433.5 12432.4 12432.9 12433.5 12434 12434.2 12434 12433.8 12433.1
12482.5 12468.5 12454.2 12439.6 12431 12425.9 12423.1 12422 12421.3 12420.8 12420.7 12420.7 12425.1 12432.6 12434.1 12422.9 12411.1 12408.9 12410.4 12411.9 12413.1 12414.4 12414.1 12412.9 12412.4 12411.9 12411.2 12411.9 12414 12418.7 12421.4 12421.5 12421.7 12421.8 12421.8 12421.2 12419.9 12421.2 12423.3 12424.9 12425.7 12426 12425.6 12424.1 12425.8 12428 12430.9 12431.4 12432.8 12434.2 12435.6 12436.5 12437.2 12437.3 12437 12436.2 12435.2 12434.1 12433.2 12433 12432.8 12433.1 12433.4 12433.5 12433.5 12433.5 12433.6
12487.9 12471.6 12459.1 12447.6 12439.3 12433.9 12431.1 12429.5 12428.8 12428.4 12429 12430.7 12435.9 12445.5 12447.5 12434.1 12420.2 12417.1 12416.8 12416.5 12416 12415.7 12414.2 12413.4 12413.9 12414.4 12414.3 12414.6 12415.9 12418.1 12418.5 12419.4 12420.1 12420.4 12420.4 12420.3 12420.2 12420.8 12422 12424.3 12426 12427.2 12427.4 12425.7 12426.7 12428.2 12429.3 12430.8 12432.4 12434.1 12435.4 12436.5 12437.4 12437.7 12437.4 12435.9 12434.1 12434.1 12433.4 12432.9 12432.9 12433.1 12433.2 12433.5 12433.5 12433.6 12433.6
12463.8 12456.7 12453.1 12450.4 12445.4 12441.6 12438.6 12436.9 12436.1 12436.7 12437.5 12440.3 12445.1 12453.9 12456.8 12445.3 12432.1 12428.7 12425.4 12422 12418.7 12415.4 12413.5 12414.3 12415.7 12417.6 12418.9 12416.7 12415.8 12417.6 12418.3 12418.2 12418.8 12419.3 12419.7 12420.2 12421 12422.1 12423.6 12425.5 12426.9 12428.6 12429.7 12428.1 12428.6 12429 12429.1 12430.4 12432.3 12434 12435.5 12436.7 12437.7 12438.6 12438.9 12438.1 12435.8 12436.6 12434.7 12433.3 12433.7 12433.9 12433.9 12433.8 12433.6 12433.5 12433.6
12461.9 12457.2 12454.9 12454.5 12452.3 12449.7 12447.2 12445.3 12444.2 12444.3 12445.2 12447 12448.2 12453.7 12457.3 12457.9 12453.2 12442.7 12434.7 12428.2 12422.5 12417 12414.3 12416 12417.8 12419.3 12419.8 12416.9 12414.6 12416.3 12417.2 12417.4 12418 12418.6 12419.2 12419.9 12421.5 12422.9 12425.3 12426.5 12427.7 12429.1 12430.1 12431.8 12431.4 12430.7 12430.1 12431.1 12433.1 12434.7 12436.3 12437.6 12438.8 12440 12441.2 12442.5 12445.4 12442.3 12438.5 12436.2 12435.2 12434.7 12434.4 12434.1 12433.8 12433.4 12433.2
12465.7 12464.4 12463.6 12461.3 12459.9 12457.9 12454.4 12452.7 12451.4 12451 12452.1 12454.5 12457.4 12452.6 12454.9 12463.8 12464.8 12452 12442.2 12434.4 12427.8 12421.9 12417.9 12419.9 12420.6 12420.3 12419 12416.6 12415.2 12415.9 12417.2 12417 12417.6 12418.4 12419.5 12419.8 12420.3 12422.7 12424.1 12425.9 12428.2 12429.8 12432.2 12435.5 12434.1 12433 12432.3 12432.9 12434.4 12436 12437.4 12438.7 12440 12441.4 12442.8 12444.6 12445.8 12444 12441.1 12438.8 12436.9 12435.8 12435 12434.3 12433.8 12433.4 12433.1
12466.1 12468.1 12468.9 12468.1 12466.7 12464.1 12461.5 12458.9 12457.2 12456.5 12456.5 12458.3 12459.7 12456.6 12456.1 12459 12458.9 12453.8 12446.4 12439.6 12433.7 12429.5 12426.6 12426.7 12425.5 12422.6 12420.1 12417.5 12415.2 12416.5 12417.9 12417 12418.5 12419.5 12420.5 12421.1 12422.1 12424 12425.7 12427.6 12429.7 12430.9 12432.8 12436 12435.5 12435.1 12435.1 12435.5 12436.4 12437.4 12438.5 12439.8 12441.1 12442.4 12443.6 12444.4 12444.2 12443.1 12441.9 12439.9 12438.1 12436.7 12435.6 12434.9 12434 12433.5 12433.2
12479 12475.8 12476.2 12474.8 12472.4 12469.7 12467.4 12464.8 12462 12460.5 12459.2 12458.7 12457.7 12455.5 12455.6 12457.4 12457 12453.8 12448.9 12444 12439.2 12436.5 12437.2 12435.7 12433.4 12429.7 12427.3 12424.4 12419.4 12419.6 12417.1 12417.3 12419.6 12421.3 12422.6 12423.4 12424.5 12426.3 12429.7 12432.5 12431.5 12431.7 12433.2 12434.6 12435.8 12436.7 12437.7 12438.7 12438.4 12438.7 12439.5 12440.7 12442.1 12443.3 12444.2 12444.7 12444.4 12443.5 12442.3 12440.5 12438.8 12437.5 12436.3 12435.5 12434.9 12434.2 12434.1
12483.1 12489.6 12486.7 12483.5 12480.2 12476.7 12473.4 12470.7 12467.5 12464 12461.4 12458.2 12454.3 12451.5 12453.2 12454 12455.4 12454.7 12451.9 12448.1 12443.9 12440.5 12442 12442.5 12442.7 12444.4 12443.8 12443.3 12438.2 12429.5 12421.1 12420.3 12422.7 12424.8 12425.6 12426.2 12426.3 12426.5 12429 12435.9 12428.3 12431.5 12434 12434.1 12436.1 12437.7 12439.1 12440.6 12439.3 12439.3 12440.1 12441.3 12442.6 12443.8 12444.8 12445.6 12445.7 12444.6 12442.2 12440.2 12438.8 12437.8 12437.4 12437 12436.6 12436 12435.2
12489.3 12494.2 12493.7 12489.8 12486.1 12481.9 12478.3 12474.1 12470.6 12466.2 12462.8 12458.1 12454.9 12453.5 12454.2 12454.5 12456.5 12456.8 12455.2 12452.4 12449 12445.4 12445.8 12447.7 12449.5 12452.2 12454.9 12458.9 12454.6 12441.3 12430.8 12428.4 12429.3 12429.3 12429.6 12429.1 12428.3 12426.2 12418.8 12393 12423.8 12432.3 12435.3 12435.9 12437.3 12438.3 12438.3 12438.1 12437.9 12438.9 12440.2 12441.7 12443.1 12444.4 12445.5 12446.3 12446.5 12445.4 12440.9 12439.9 12439.4 12439.1 12438.8 12438.6 12438.4 12438.1 12437.4
12487.3 12498.2 12497.6 12495 12491 12486.2 12481.5 12476.6 12471.9 12467 12462.2 12458.3 12454.8 12454 12458.3 12463 12461.9 12460.6 12459.3 12457.4 12455.5 12454 12454.6 12455.5 12454.6 12453.8 12458.4 12461.6 12458.4 12450 12442.5 12440.7 12437.6 12435.3 12433.9 12433 12431.7 12430.5 12431.2 12443.8 12437.1 12436.4 12438 12439.6 12440.3 12439.6 12437.5 12434.4 12436.6 12438.9 12440.7 12442.2 12443.5 12444.6 12445.5 12446.3 12446.3 12444.9 12441.4 12440.2 12440.3 12440.5 12440.7 12440.7 12440.8 12440.8 12440.4
12488.5 12495.6 12500 12498.5 12494.6 12490.1 12485.4 12480.3 12474.7 12469.5 12464 12459.3 12454.7 12455.6 12461.7 12466.2 12465.8 12464.5 12463.3 12462.5 12462.3 12463.1 12462.5 12461.9 12460.3 12459.3 12462 12463.9 12460.8 12455.2 12450.5 12447.5 12442.4 12439 12437 12437.6 12435.1 12434.6 12437.2 12441.3 12440.9 12440.6 12441.7 12443.8 12443.8 12441.7 12439.4 12437.7 12438.5 12440 12441.5 12442.7 12443.8 12444.8 12445.7 12446.3 12446.2 12444.5 12441.1 12440.9 12441.3 12441.8 12442.2 12442.7 12443 12443.5 12443.8
12502.1 12505.7 12505.6 12503.1 12498.8 12494.6 12489.5 12484.4 12479 12473.1 12467.5 12462.3 12458.7 12461.4 12465.7 12467.7 12468 12467.9 12467.6 12467.6 12468 12468.4 12467.8 12466.4 12466.6 12466.5 12466 12465.6 12461.7 12457.2 12453 12447.7 12443.7 12440.6 12437.3 12434.5 12435.1 12435.8 12436.7 12436.8 12438.1 12440.9 12443.3 12445.6 12445.4 12443.5 12442 12441.2 12441.3 12441.8 12442.6 12443.4 12444.4 12445.1 12445.9 12446.3 12446.4 12445.5 12442.8 12442.6 12443 12443.3 12444.3 12444.9 12445.4 12446 12446.6
12512.4 12517.3 12514.3 12510.6 12506.4 12501.7 12496.5 12490.9 12485.1 12479 12473 12468.9 12467.1 12472.5 12472.3 12470.3 12471.3 12471.6 12471.4 12471.6 12472.7 12474.2 12473.7 12472.9 12473.5 12471.6 12468.2 12464 12460.1 12456.6 12454.2 12451.9 12446.1 12441.9 12438 12434.7 12435.6 12436.4 12436.6 12436 12437.1 12438.7 12442.2 12444.2 12444.5 12444.1 12443.6 12443.4 12443.7 12443.7 12444 12444.5 12445 12445.7 12446.3 12446.7 12446.9 12446.4 12445.5 12445.1 12445.2 12445.5 12445.8 12446.8 12447.3 12447.7 12448.3
12522.7 12523.4 12517.3 12512.8 12509.3 12504.5 12499.9 12495.3 12489.8 12483.7 12478.6 12474.2 12473.1 12480.2 12477.7 12474.9 12475.2 12475.6 12475.4 12475.3 12475.5 12477.1 12480.1 12482.8 12482.9 12477 12468.2 12461.8 12455.7 12452.8 12451.6 12450.5 12445.5 12443.2 12440.9 12438.9 12438.1 12438.3 12438.4 12438.8 12440.8 12443.8 12443.1 12443.6 12444.1 12443.9 12444 12444.5 12445 12444.8 12444.8 12445.1 12445.7 12446.2 12446.9 12447.3 12447.4 12447 12448.2 12447.9 12447.7 12447.6 12447.8 12447.9 12448.8 12449.1 12449.8
12508.9 12516.5 12517 12514 12510.5 12507.3 12502.3 12498.9 12494.5 12489.3 12484 12479.7 12475.9 12479.9 12480.4 12480 12480.7 12481 12480.3 12479 12477.9 12480 12484.9 12489 12491.1 12480.6 12462.1 12450.4 12447.8 12446.6 12446.1 12445.3 12445 12443.7 12443.9 12443.1 12440.5 12439.3 12439.1 12440.2 12442.3 12444.4 12442.4 12442.1 12442.3 12442.6 12443.4 12444.2 12444.8 12444.9 12445.1 12445.5 12446 12446.8 12447.4 12448 12448.4 12449.1 12450.3 12450.3 12450.2 12449.9 12449.7 12449.8 12449.9 12449.9 12451.5
12510.4 12517.5 12518.8 12517.4 12514.9 12511.3 12507.7 12504.4 12500.2 12495.8 12491.9 12487.4 12483.1 12483.3 12485.5 12487.4 12487.6 12487.6 12486 12483.8 12480.3 12481.9 12487.5 12492.5 12485 12469.1 12451.9 12441.1 12439.6 12439.6 12440.1 12441.6 12441 12440.4 12442.6 12442.9 12440.3 12439 12438.8 12439.2 12439.4 12438.6 12439.5 12439.4 12438.9 12441 12442.7 12443.5 12444 12444.7 12445.3 12445.7 12446.3 12446.9 12447.8 12448.7 12449.7 12450.1 12452 12452.3 12452.1 12451.6 12451.3 12451.1 12451.2 12450.4 12452.4
