real_craters/C174-500m.grd
DSAA
270 270
-67.235 67.235
-67.235 67.235
10916.712483413 14348.873120299
[rows 150 to 179 of 270, columns 134 to 200 of 270]
11281.6 11274.3 11273.7 11279 11285.8 11288.2 11294.3 11304.2 11312.9 11321.4 11330 11334.6 11336.1 11340.4 11348 11359.5 11373.7 11385.4 11396 11400.9 11414.9 11450.7 11514.6 11596.8 11711 11831.8 11944.8 12040.7 12126.9 12214.1 12302.9 12392.2 12497.1 12633.7 12765.4 12922.2 12945.8 12867.5 12772 12701.9 12717 12721.6 12657.4 12611.5 12579.3 12561.7 12548.4 12536.8 12527.4 12520.3 12512.7 12507.8 12509.8 12520 12527.8 12533.5 12537 12530.2 12515.1 12501.3 12491.3 12487 12484.4 12485.1 12494.9 12505.9 12519.7
11282.6 11274.7 11275.2 11284.2 11292.9 11297.7 11304.1 11312.7 11321.1 11329.3 11338.3 11343.4 11347.9 11351.8 11356.2 11364.6 11377.3 11388.3 11394.1 11409.1 11427.3 11469.9 11537.4 11623.5 11777.4 11916.1 12055.3 12126.7 12201.5 12278.7 12352.3 12430.5 12537 12706.9 12864 12994.2 12984.5 12851.3 12761.6 12707.5 12701.3 12713.8 12665.3 12622.8 12587.1 12567.5 12555.4 12545.4 12538.4 12534.2 12533.6 12526.7 12522.6 12530.7 12538.7 12545.9 12550.7 12542.8 12524.9 12505.3 12492.6 12496 12500.9 12500 12503.4 12511.6 12525.7
11284.8 11276.7 11277.6 11288.4 11298.2 11306.7 11314.2 11322.2 11329.4 11335.3 11339.2 11344.4 11354.4 11364.9 11374.1 11378.8 11389.8 11420 11433.3 11441.5 11458.8 11515.1 11627.2 11762.8 11888.4 12005.1 12098.6 12193 12275.1 12346.9 12415.3 12485 12583.2 12790.8 13004.3 13062.5 12967.1 12817.4 12742.3 12691.5 12682.6 12696.7 12698.4 12645.2 12601.3 12578.6 12565.1 12555.7 12548.9 12545.6 12547.3 12545.4 12541.3 12543.1 12549.4 12556 12560.6 12552.7 12537 12518.2 12504.9 12513.8 12522.2 12523.6 12523.3 12523.4 12519.2
11287.8 11281.9 11283.2 11296.1 11307.1 11315.7 11325.2 11332.3 11338.2 11342.5 11346.8 11351.6 11362.2 11373.2 11384 11386.1 11406.5 11450 11476.9 11503.8 11528.3 11607.5 11752.7 11903 12020.4 12114.1 12192.7 12285.3 12357 12423.4 12491.6 12560.8 12648.1 12860.3 13063.2 13044.1 12874.1 12772.8 12727.7 12690.7 12678 12688.2 12691.7 12646 12611.9 12588.4 12574.7 12565 12557.1 12551.3 12544.7 12541.8 12546.8 12552.6 12559.1 12564.3 12564.7 12562.7 12554 12543.4 12539.3 12539.3 12542.4 12542.4 12540.2 12536 12526.6
11293.1 11290.8 11292.9 11303.1 11312.4 11324.7 11334.5 11342.9 11347.7 11351.8 11355.4 11363.1 11374 11386.6 11394.9 11390.6 11412.7 11515.1 11563.1 11606.7 11647.1 11740.2 11888.2 12044.8 12145.8 12221 12320.5 12386.8 12427.1 12495.4 12578.2 12665 12757.2 12927.3 13061.6 13000 12844 12775.5 12737.4 12710.1 12699.9 12705.6 12679.2 12630.1 12607.4 12595.1 12585.3 12575.2 12565.6 12557.8 12551.9 12549.3 12553.7 12560.9 12568.3 12574.5 12578.1 12577.4 12573.9 12569.7 12563.5 12566.9 12565.8 12560.6 12548.5 12542.4 12539.7
11302.7 11303 11305.1 11314.4 11322.4 11337 11349.3 11355.1 11358.8 11362.1 11368.4 11372.9 11389.1 11402 11407.8 11419.2 11475.2 11623.8 11682.9 11730 11813.7 11894.3 12007.9 12142.2 12232.1 12278.9 12327.1 12378.6 12458.1 12551.8 12661.3 12782.3 12907.8 13017.6 13063.2 12986 12874.3 12812.3 12769 12741.8 12741.6 12761.6 12695.5 12626.4 12619 12614.9 12598 12585 12574.1 12564.6 12558 12555 12560.7 12569.3 12578.4 12586.3 12592.1 12594.2 12595.1 12596.9 12606.5 12598.2 12589.2 12577.8 12562 12541.2 12554.8
11318.3 11321 11323.6 11334.7 11343.3 11354 11364.2 11367.9 11370 11374.7 11382.4 11394.5 11422.5 11434.1 11439.7 11477 11564.5 11721.8 11776.5 11813.4 11888.6 11976.6 12084.2 12202.8 12275 12301.7 12321.4 12368.2 12469 12589.3 12724.6 12876.7 13039.3 13093.4 13026.6 12968.6 12902.3 12845.6 12800.1 12779.4 12780.4 12794.9 12706.6 12632.1 12619 12612.8 12606.3 12595.1 12582.8 12570.9 12560.3 12556.3 12564.9 12575.9 12588.4 12600.2 12606.1 12611.8 12614.5 12616.9 12616.5 12615.1 12611.4 12600.7 12573.7 12553.6 12560.1
11342.7 11346.6 11350.7 11360.4 11370.2 11376.6 11379.4 11385.6 11391.6 11392.8 11398.5 11452.6 11494.4 11510.5 11525.5 11563.5 11641.4 11764.6 11831 11856.6 11882.5 12006 12127.3 12234.7 12304.4 12315.1 12323.1 12362.1 12475.9 12611.1 12762.4 12917.5 13058.8 13082.6 12997 12946.2 12893.9 12846.4 12819.6 12815.5 12828.2 12808.6 12690.3 12639.9 12631.1 12626 12620.2 12608.7 12593.6 12578.8 12565.4 12560.3 12571.4 12584 12598.9 12616.8 12628.7 12628.3 12631.3 12633.3 12633.2 12633.5 12631.7 12625.2 12588.2 12569.2 12569.5
11379.3 11382.5 11382.9 11388.6 11399.8 11408.8 11416.8 11427.2 11435.5 11437.4 11477.3 11579.6 11595.1 11616.6 11651.1 11674 11740.1 11822.7 11890.7 11934.1 11962 12070.2 12170.9 12262.2 12321.4 12321.2 12324.4 12366.6 12480.2 12631.5 12782.3 12923.3 13034.9 13052 12973.2 12928.5 12891.1 12839.8 12817.4 12826.1 12860.8 12771.3 12689.9 12666.3 12666.4 12658 12646.8 12626.9 12608.9 12592.1 12577.2 12570.4 12579.6 12593 12606.6 12617.8 12629.5 12639.9 12646.1 12650.2 12652 12650.6 12646.3 12633.6 12602.9 12582.4 12588.5
11434.2 11433.8 11422.7 11416.6 11430.4 11453.2 11473.9 11491 11507.8 11530.1 11600.8 11675.5 11674.4 11681.7 11686.8 11731.4 11814.5 11886.5 11978.3 12065.2 12135.1 12174.6 12222.3 12269.1 12304.8 12323 12339.6 12359.7 12500.2 12660.5 12804.1 12921 13007.8 13027.8 12946.7 12908 12871.4 12819.1 12803.1 12806.2 12783.9 12752.5 12724 12724 12719.3 12709.8 12670.7 12645.1 12625.5 12610 12596.3 12586.4 12592.5 12606.3 12618.8 12626.3 12639.1 12652.7 12661 12666.4 12670.7 12671.1 12657.8 12639.8 12617.2 12599 12602.2
11504.3 11504.5 11490.9 11468.9 11486.7 11517.4 11547.1 11579.1 11597.6 11619.5 11658.1 11697 11715.1 11732.1 11730.3 11781.3 11882.2 11975.2 12061.7 12175.3 12258.9 12264 12276.4 12286 12294.8 12349 12408.5 12460 12586.2 12729.1 12847.7 12929.4 12975.5 12950.2 12919.3 12897.5 12863.7 12822.4 12804 12805.4 12797.7 12790.9 12784.5 12804.2 12770.2 12713.8 12678.8 12658.3 12642.4 12630.2 12622.8 12614.5 12614.6 12623.7 12638.8 12652.5 12661.8 12669.6 12676.2 12680.4 12682.5 12677.8 12668.5 12652.5 12637 12615.9 12613
11590.9 11594 11595.7 11603.7 11596.8 11604.4 11625.6 11654.2 11694.3 11733.2 11717.1 11726.8 11745.9 11743.3 11758.5 11825.5 11929.3 12016.8 12113.9 12208.8 12287.6 12327 12345.4 12345 12331.9 12432.5 12545.3 12635.2 12740.3 12839.9 12913 12959.4 12978 12943.5 12931 12913.3 12887.2 12851.6 12825 12831.2 12851.4 12850.7 12841.6 12844.8 12804.5 12734.1 12693.2 12676.7 12662.8 12651.4 12642.9 12635.1 12633.5 12639.3 12656.4 12681.7 12683.5 12685.4 12690.5 12692.9 12694.7 12696 12684.1 12671.4 12658.2 12629.7 12617.6
11689.8 11690.1 11702.9 11732.9 11706.2 11702.9 11714.9 11724.9 11787.6 11827.7 11792.7 11787.1 11805.4 11819.1 11823.7 11882.7 11999.6 12081.7 12161.2 12235.7 12318.9 12395.2 12442.7 12473.6 12500.1 12610 12741.4 12849.5 12932.9 12975.1 12998.3 13014.6 13024.8 13025.1 12984.4 12949.6 12923.4 12905 12859.2 12867.1 12891.4 12916.5 12885.1 12880.5 12836.8 12769.6 12724 12703.5 12687.8 12672.6 12660.9 12647.3 12643.3 12648.7 12662.9 12675.5 12691.3 12698.6 12702.1 12704.6 12706 12706.2 12701.5 12691.8 12687.8 12653.1 12636.7
11791.6 11787.8 11813.5 11931.4 11857 11821.8 11840.6 11872.9 11920.6 11941.9 11896.4 11865.8 11866 11886.8 11878.7 11926.1 12029.9 12122 12221.1 12324.2 12408.5 12490.3 12568.5 12647.4 12733.5 12843.6 12950.4 13059.9 13130.6 13093.7 13066.9 13058.2 13063.7 13059.6 13015.2 12978.4 12951.6 12925.3 12900.1 12923.1 12953.2 12976.6 12974.5 12938.7 12872.1 12805.3 12757.7 12740.5 12724.5 12701.3 12671.9 12656.9 12646.5 12658.8 12677.5 12691.8 12706.2 12713.5 12716.9 12717.6 12716.6 12717.4 12721.3 12726.8 12722.9 12701.4 12666.8
11899 11881.2 11880.9 12003.9 11965.2 11933.9 11972 12039.3 12075.7 12100.9 12002.3 11942.9 11903.7 11891.7 11911.9 11966.8 12054.5 12161.8 12282.7 12400.5 12500.2 12590.8 12689.3 12806.3 12959.6 13071.1 13097.7 13161.4 13199.5 13138.3 13086.6 13061.4 13059.5 13060.3 13007.1 12988.4 12975.7 12962.7 12947.8 12982.9 13007.7 13016.7 13025.5 12991.1 12911.2 12854.3 12811.4 12794.9 12778.5 12756.3 12721.7 12691.8 12666 12679.4 12707.8 12729.2 12732.1 12734.9 12734.9 12732.8 12729.4 12724.8 12741.3 12779.5 12817.1 12740.9 12701.5
12011.7 11986.8 11945.3 11989.1 12010.6 12023 12074.9 12139.3 12169 12153.1 12091.9 12026.7 11961.3 11936.2 11973.9 12025.5 12123.6 12226.9 12357.7 12476 12585.5 12682 12778.8 12892.5 13022.6 13104.1 13120.7 13141.7 13146.6 13094.7 13043.8 13013.7 12998.2 12978.2 12967 12983.8 12992.3 12997.2 12987.6 13009.4 13040.9 13059.4 13065.7 13049.6 12966.7 12920 12889.1 12859 12843.7 12835.3 12810.9 12754 12710.5 12713.6 12735.3 12753.2 12758.1 12760.3 12759.3 12755.5 12750.4 12744.7 12760.8 12799.6 12828.4 12786.9 12737.3
12143.3 12149.1 12130 12086.5 12079 12113.9 12176.7 12203.3 12207.7 12211.8 12186.2 12145.1 12089 12068.7 12095.5 12103.7 12165.2 12308.6 12462.9 12584.6 12677.5 12752.5 12829 12911.1 12986.8 13035 13051.3 13047 13020.6 12984.1 12952.6 12928.5 12920.9 12932.2 12956.8 12978.5 13000.4 13023.9 13028.6 13031.8 13068.5 13106.5 13103.8 13087.3 13028.7 12979.5 12933.1 12913.2 12902.8 12898.2 12876.7 12823 12777.2 12766.9 12771 12780.7 12788.6 12790.8 12787.9 12784.1 12778.6 12775 12788.6 12817.6 12831.4 12809.5 12762.5
12293.4 12341.3 12388 12290.9 12260.7 12312.5 12336.4 12310.4 12270.6 12281.6 12300.6 12322.4 12306.6 12298.2 12294.5 12245.9 12272.5 12420.7 12594.3 12724.7 12760.4 12800.8 12849.5 12900.3 12935.6 12942.8 12961 12938 12879.7 12862.8 12845.7 12823.2 12811.5 12852.2 12935.9 12952.7 12992.2 13038.7 13056.4 13056.8 13091.6 13121.9 13110.6 13094.4 13082.5 13029.4 12982.2 12963.6 12952.8 12939.4 12922 12893.8 12862.5 12846.7 12838.2 12834.9 12834.2 12829.9 12822.6 12814.6 12809.4 12811.9 12825.4 12829.6 12821.7 12800.2 12766.3
12433.8 12479 12516.5 12502.6 12518.5 12569.8 12546.9 12509.4 12471.4 12487 12521 12564.2 12592.3 12583 12547.4 12468.1 12457.3 12538.6 12664.6 12770.4 12780.1 12808.8 12844.1 12879.1 12903.1 12905.4 12904.2 12867.6 12813.9 12777.2 12756.3 12729.2 12701.5 12733.2 12798.7 12874.8 12963.2 13052.5 13108.5 13091 13114.6 13125.4 13116.6 13102.9 13089.5 13061.8 13034.7 13016.5 13003.1 12989.1 12980 12971.2 12965.3 12948.2 12917.6 12902.1 12891 12877.9 12864 12849.6 12840.1 12836.8 12841.8 12837.2 12821.3 12799 12769
12550.4 12549.7 12581.6 12648.2 12756.5 12783.7 12721.7 12714.5 12737.9 12751.1 12775.8 12808 12850.8 12836.9 12818.1 12729.1 12661 12619.4 12631.3 12687.2 12751.4 12790.7 12828.2 12863.1 12890 12903.4 12883.7 12824.9 12754.3 12713 12694.6 12670.7 12644.6 12651.6 12685.4 12782.4 12914.2 13053.7 13161.5 13137.4 13153.3 13172.2 13161.2 13121.2 13101.6 13083.2 13072.7 13063.3 13053.4 13049.1 13046.1 13045.9 13045 13027.5 12997.2 12974.3 12952.6 12928.8 12906.7 12883.9 12864.7 12849.8 12834.8 12839.2 12831.3 12804.8 12781.6
12639.5 12588.7 12577.1 12638.9 12675.3 12703.1 12754.6 12832.1 12939.3 12988.3 12970.4 12974.1 12983.3 12934 12882.9 12770.5 12704.8 12655.8 12630.5 12661.3 12718.8 12762.6 12795.4 12827.1 12865.9 12915 12875.9 12787.1 12720 12680 12659.3 12643.1 12627 12610.4 12613.6 12701.5 12849.7 13014 13169.1 13179.9 13189.1 13215.7 13215.1 13160.6 13120.9 13098.8 13098.3 13095.4 13095.3 13101.7 13106.7 13112.9 13119.2 13114.1 13084.3 13052.2 13019.2 12983.2 12950.9 12919.6 12888.8 12860.8 12836.5 12835.9 12826 12796.7 12776.3
12680.7 12641.8 12617.1 12605.1 12595.7 12640.1 12736.5 12860.1 12990.5 13020.4 13019.6 13033.2 13034.7 12901.1 12771.7 12690.1 12673.6 12685.9 12675.4 12685.5 12706.6 12728 12751.3 12772.9 12791.2 12808.7 12769.9 12715.2 12676.2 12651.8 12632 12625.9 12636.5 12592.3 12576.1 12640.5 12769.9 12913.9 13051.8 13139 13173.1 13222.1 13255.7 13232 13185.3 13140.6 13118.5 13107.6 13122.8 13149.7 13154.3 13167.5 13187.4 13201.4 13173.2 13127.9 13084.9 13044.9 13005.4 12963.7 12918.8 12878.7 12848.8 12834.3 12814.9 12787.6 12780.3
12665.7 12649.3 12623.3 12589.6 12593.8 12641 12714.1 12796.4 12863.8 12909.3 12947.5 12972.3 12961.7 12836.5 12739.7 12723.5 12735.6 12740.8 12756.7 12728.7 12712.5 12713.9 12720 12720.8 12705.5 12657 12621.6 12625 12615.8 12612.9 12592.3 12590 12590.2 12571.1 12563.5 12606.7 12699.3 12792 12871 12971.9 13085.2 13188.2 13267.9 13273.6 13233.2 13191.1 13154.8 13133.5 13136.6 13150 13182.5 13207.8 13230 13243.3 13228.4 13188.9 13148.4 13108.2 13066.2 13016.5 12965.9 12908.8 12860.6 12829 12799.4 12786.9 12792.1
12627.7 12597.6 12578.8 12560.7 12544.6 12570.6 12610.7 12654.5 12713.4 12787.6 12815.2 12835.5 12821.9 12758.6 12713.2 12733.3 12755.2 12747.4 12757.9 12734.8 12710.1 12699.2 12689.3 12675.4 12645.6 12598.7 12566.8 12558.8 12549.3 12540.3 12532.6 12538.6 12554.4 12553.5 12564.1 12594.1 12653.4 12697.1 12744 12846.9 12993.1 13122.1 13232.1 13254.7 13258.2 13236 13202.6 13166 13167.8 13181.8 13215.7 13243.7 13261.2 13263.1 13263 13238.8 13207.8 13173.1 13134.6 13092.6 13028.9 12959.6 12869 12816.5 12799.4 12795.7 12803.9
12602.7 12585.1 12564.3 12543.6 12524.5 12519 12523.6 12520.9 12521.2 12596.5 12676.3 12696.4 12697 12689.9 12660.1 12643.4 12679.6 12695.7 12694.3 12702.7 12692.3 12682.3 12667.9 12644 12613.2 12571.4 12535.1 12522.6 12504.4 12481.5 12480.8 12480.7 12496.9 12539.1 12578.4 12620.4 12638.2 12654.9 12683.6 12794.1 12918.8 13035.5 13140.8 13236.8 13296.5 13295.7 13266.1 13235.4 13226.1 13238.2 13265 13288 13303.1 13308.8 13305.9 13288.1 13265.8 13241.5 13211.7 13174.8 13130.5 13054.1 12955.8 12874.2 12832.5 12817.6 12821.3
12587.7 12583.2 12561.6 12542.4 12523.3 12507.9 12501 12499.8 12504.3 12544.3 12601.4 12629.2 12635.1 12643.4 12623.1 12613.7 12634.5 12654.3 12662.7 12673 12674.8 12668.9 12655.2 12634 12605 12570.1 12535.9 12521.4 12502.4 12480.4 12473.1 12468.7 12490.1 12539.8 12588.4 12626.9 12639.7 12643.9 12654.1 12730.8 12844.8 12952.6 13046.4 13153.4 13251.3 13325.7 13317.2 13292.3 13297 13309.5 13325 13342.8 13355.4 13358 13353.2 13340.7 13330.6 13321.9 13312.2 13292.6 13258.7 13199.8 13119.8 13009.3 12946.9 12886.8 12859.9
12573.7 12560.2 12555.8 12551.2 12543.7 12529.6 12518.5 12522.6 12527.2 12548.1 12578.9 12602.1 12585.1 12556.5 12568.8 12584.3 12618.7 12629.5 12643.4 12661 12666.2 12664.6 12656.2 12639.8 12619.5 12589.7 12561 12549.8 12538.6 12531.7 12520.4 12501.7 12519.1 12562.6 12605.5 12636.6 12654.5 12656.7 12651.9 12699.4 12794.1 12893.2 12989 13088.9 13196.9 13295.1 13334.9 13348.9 13360.4 13371.2 13383.4 13399.2 13411.5 13418.2 13405.5 13390.8 13393.5 13401.9 13411.8 13417.9 13409.4 13383.2 13320 13191.2 13101.2 13004 12945.7
12566.5 12548.6 12554.6 12567.1 12587.7 12605.8 12570.6 12566.8 12585.3 12587 12571.9 12552.7 12527 12498.4 12518.5 12547.3 12573.2 12619.6 12648 12659.1 12665.1 12665.7 12664.5 12660.4 12648.2 12629.3 12606.3 12599.8 12593.7 12599.3 12583.4 12558.7 12569.5 12602.2 12635.9 12663.8 12681.9 12694.2 12698.8 12708.1 12775.7 12855.4 12941.1 13042.1 13166.5 13270.5 13340 13394.9 13414.9 13419.3 13432.8 13450 13463.3 13457 13423.5 13430.1 13455.1 13488.3 13523.5 13552.6 13572.3 13572.3 13534.9 13375.8 13262.5 13139.4 13063.2
12545.1 12541.8 12552.3 12573.9 12604.1 12624.8 12640.7 12636.1 12629.4 12598.9 12553.3 12509 12489.8 12477.9 12485 12513.6 12549.6 12604.9 12645.3 12656.5 12667.3 12673.1 12682.1 12684.9 12685.7 12682.7 12676.2 12669.4 12650.6 12630.9 12608.2 12601.2 12627 12654.8 12678.1 12696.1 12716.2 12736.8 12742.1 12753.9 12778.4 12821.7 12912.7 13029.2 13150.1 13263.2 13346.3 13406.9 13434.4 13447.1 13467 13491.3 13512.6 13501.5 13440.4 13461.8 13511 13569 13630.5 13684.1 13725 13741.5 13678.5 13527.1 13399.3 13275.2 13190.6
12501.5 12517.7 12540.7 12566.5 12596.3 12632.8 12662.8 12681.9 12606.6 12574.8 12541.6 12497.5 12482.6 12474.8 12475.7 12505.5 12553.8 12595.4 12632.1 12655 12674.2 12682.6 12697.4 12712 12726.6 12738.7 12751.2 12746.1 12710.8 12686.1 12684.1 12692 12706.2 12718.8 12731.6 12741.2 12756.3 12781.9 12802.3 12754.3 12706.1 12758.4 12872.1 13022.2 13155.6 13246.8 13313 13387.6 13439.4 13453.6 13480.3 13516.2 13553.1 13553.2 13470.6 13496.4 13562.8 13640.3 13722.1 13800.6 13868.2 13903.4 13816.4 13664 13520.1 13408.4 13337.7
