real_craters/C174-750m.grd
DSAA
180 180
-67.235 67.235
-67.235 67.235
10915.661594877 14354.201186616
[rows 75 to 99 of 180, columns 114 to 170 of 180]
1.255e+004 1.253e+004 1.253e+004 1.253e+004 1.253e+004 1.253e+004 1.255e+004 1.254e+004 1.252e+004 1.25e+004 1.248e+004 1.246e+004 1.244e+004 1.243e+004 1.243e+004 1.242e+004 1.242e+004 1.241e+004 1.241e+004 1.241e+004 1.241e+004 1.242e+004 1.242e+004 1.241e+004 1.241e+004 1.241e+004 1.241e+004 1.24e+004 1.24e+004 1.239e+004 1.239e+004 1.239e+004 1.238e+004 1.239e+004 1.239e+004 1.24e+004 1.241e+004 1.242e+004 1.242e+004 1.242e+004 1.242e+004 1.242e+004 1.242e+004 1.242e+004 1.241e+004 1.241e+004 1.241e+004 1.241e+004 1.241e+004 1.242e+004 1.242e+004 1.242e+004 1.243e+004 1.244e+004 1.246e+004 1.25e+004 1.243e+004
1.263e+004 1.258e+004 1.254e+004 1.254e+004 1.254e+004 1.254e+004 1.254e+004 1.254e+004 1.252e+004 1.25e+004 1.248e+004 1.246e+004 1.244e+004 1.244e+004 1.243e+004 1.242e+004 1.241e+004 1.241e+004 1.241e+004 1.241e+004 1.241e+004 1.241e+004 1.241e+004 1.241e+004 1.241e+004 1.241e+004 1.24e+004 1.24e+004 1.239e+004 1.239e+004 1.238e+004 1.238e+004 1.238e+004 1.239e+004 1.239e+004 1.24e+004 1.241e+004 1.242e+004 1.243e+004 1.242e+004 1.242e+004 1.242e+004 1.241e+004 1.241e+004 1.241e+004 1.241e+004 1.241e+004 1.241e+004 1.242e+004 1.242e+004 1.243e+004 1.243e+004 1.242e+004 1.242e+004 1.238e+004 1.23e+004 1.237e+004
1.278e+004 1.271e+004 1.258e+004 1.256e+004 1.256e+004 1.256e+004 1.256e+004 1.254e+004 1.252e+004 1.25e+004 1.248e+004 1.246e+004 1.244e+004 1.244e+004 1.243e+004 1.242e+004 1.241e+004 1.241e+004 1.241e+004 1.241e+004 1.241e+004 1.241e+004 1.24e+004 1.24e+004 1.24e+004 1.239e+004 1.239e+004 1.239e+004 1.239e+004 1.239e+004 1.238e+004 1.239e+004 1.239e+004 1.24e+004 1.24e+004 1.24e+004 1.241e+004 1.243e+004 1.243e+004 1.243e+004 1.241e+004 1.241e+004 1.241e+004 1.241e+004 1.241e+004 1.241e+004 1.241e+004 1.242e+004 1.242e+004 1.242e+004 1.243e+004 1.243e+004 1.242e+004 1.242e+004 1.24e+004 1.237e+004 1.241e+004
1.283e+004 1.28e+004 1.265e+004 1.26e+004 1.257e+004 1.254e+004 1.256e+004 1.256e+004 1.253e+004 1.251e+004 1.249e+004 1.247e+004 1.245e+004 1.243e+004 1.242e+004 1.242e+004 1.241e+004 1.241e+004 1.241e+004 1.24e+004 1.24e+004 1.24e+004 1.241e+004 1.241e+004 1.24e+004 1.239e+004 1.238e+004 1.238e+004 1.238e+004 1.239e+004 1.239e+004 1.24e+004 1.241e+004 1.241e+004 1.241e+004 1.241e+004 1.242e+004 1.243e+004 1.244e+004 1.243e+004 1.242e+004 1.241e+004 1.241e+004 1.241e+004 1.241e+004 1.242e+004 1.242e+004 1.242e+004 1.242e+004 1.242e+004 1.242e+004 1.243e+004 1.243e+004 1.244e+004 1.245e+004 1.252e+004 1.249e+004
1.293e+004 1.283e+004 1.276e+004 1.267e+004 1.26e+004 1.254e+004 1.258e+004 1.255e+004 1.253e+004 1.251e+004 1.248e+004 1.247e+004 1.245e+004 1.243e+004 1.242e+004 1.241e+004 1.241e+004 1.241e+004 1.241e+004 1.24e+004 1.24e+004 1.24e+004 1.241e+004 1.24e+004 1.239e+004 1.238e+004 1.238e+004 1.238e+004 1.238e+004 1.239e+004 1.24e+004 1.241e+004 1.242e+004 1.242e+004 1.242e+004 1.242e+004 1.242e+004 1.243e+004 1.243e+004 1.242e+004 1.242e+004 1.242e+004 1.242e+004 1.242e+004 1.242e+004 1.242e+004 1.242e+004 1.243e+004 1.243e+004 1.243e+004 1.243e+004 1.243e+004 1.243e+004 1.244e+004 1.246e+004 1.246e+004 1.246e+004
1.296e+004 1.285e+004 1.282e+004 1.273e+004 1.267e+004 1.261e+004 1.254e+004 1.252e+004 1.25e+004 1.248e+004 1.247e+004 1.246e+004 1.245e+004 1.243e+004 1.242e+004 1.241e+004 1.241e+004 1.241e+004 1.241e+004 1.24e+004 1.24e+004 1.24e+004 1.239e+004 1.239e+004 1.238e+004 1.238e+004 1.238e+004 1.238e+004 1.238e+004 1.239e+004 1.24e+004 1.241e+004 1.241e+004 1.242e+004 1.242e+004 1.242e+004 1.243e+004 1.243e+004 1.243e+004 1.243e+004 1.242e+004 1.242e+004 1.242e+004 1.242e+004 1.242e+004 1.242e+004 1.243e+004 1.243e+004 1.243e+004 1.243e+004 1.243e+004 1.243e+004 1.244e+004 1.244e+004 1.245e+004 1.244e+004 1.244e+004
1.305e+004 1.285e+004 1.276e+004 1.273e+004 1.271e+004 1.272e+004 1.255e+004 1.249e+004 1.248e+004 1.247e+004 1.246e+004 1.245e+004 1.244e+004 1.243e+004 1.242e+004 1.242e+004 1.242e+004 1.241e+004 1.241e+004 1.24e+004 1.24e+004 1.24e+004 1.239e+004 1.238e+004 1.238e+004 1.237e+004 1.237e+004 1.237e+004 1.238e+004 1.239e+004 1.24e+004 1.24e+004 1.241e+004 1.241e+004 1.241e+004 1.242e+004 1.242e+004 1.242e+004 1.242e+004 1.242e+004 1.242e+004 1.242e+004 1.242e+004 1.242e+004 1.243e+004 1.243e+004 1.243e+004 1.243e+004 1.243e+004 1.243e+004 1.243e+004 1.243e+004 1.243e+004 1.244e+004 1.244e+004 1.244e+004 1.244e+004
1.303e+004 1.291e+004 1.276e+004 1.273e+004 1.268e+004 1.265e+004 1.255e+004 1.25e+004 1.249e+004 1.247e+004 1.246e+004 1.245e+004 1.244e+004 1.243e+004 1.243e+004 1.243e+004 1.242e+004 1.242e+004 1.241e+004 1.24e+004 1.239e+004 1.238e+004 1.238e+004 1.237e+004 1.237e+004 1.237e+004 1.237e+004 1.237e+004 1.238e+004 1.238e+004 1.238e+004 1.239e+004 1.24e+004 1.24e+004 1.241e+004 1.241e+004 1.241e+004 1.242e+004 1.242e+004 1.242e+004 1.242e+004 1.242e+004 1.242e+004 1.242e+004 1.243e+004 1.243e+004 1.243e+004 1.243e+004 1.243e+004 1.243e+004 1.243e+004 1.243e+004 1.244e+004 1.244e+004 1.244e+004 1.245e+004 1.245e+004
1.284e+004 1.303e+004 1.293e+004 1.283e+004 1.27e+004 1.257e+004 1.256e+004 1.253e+004 1.25e+004 1.248e+004 1.246e+004 1.246e+004 1.245e+004 1.244e+004 1.244e+004 1.244e+004 1.243e+004 1.242e+004 1.241e+004 1.24e+004 1.238e+004 1.237e+004 1.237e+004 1.237e+004 1.237e+004 1.237e+004 1.237e+004 1.238e+004 1.238e+004 1.238e+004 1.238e+004 1.239e+004 1.24e+004 1.24e+004 1.241e+004 1.241e+004 1.241e+004 1.241e+004 1.241e+004 1.242e+004 1.242e+004 1.242e+004 1.242e+004 1.242e+004 1.243e+004 1.243e+004 1.243e+004 1.243e+004 1.243e+004 1.243e+004 1.243e+004 1.243e+004 1.244e+004 1.244e+004 1.244e+004 1.244e+004 1.245e+004
1.274e+004 1.308e+004 1.31e+004 1.297e+004 1.28e+004 1.265e+004 1.258e+004 1.253e+004 1.249e+004 1.248e+004 1.247e+004 1.246e+004 1.245e+004 1.245e+004 1.245e+004 1.245e+004 1.244e+004 1.243e+004 1.241e+004 1.239e+004 1.238e+004 1.237e+004 1.237e+004 1.238e+004 1.238e+004 1.238e+004 1.238e+004 1.238e+004 1.238e+004 1.238e+004 1.239e+004 1.239e+004 1.24e+004 1.24e+004 1.241e+004 1.241e+004 1.241e+004 1.241e+004 1.242e+004 1.241e+004 1.242e+004 1.242e+004 1.242e+004 1.242e+004 1.242e+004 1.242e+004 1.243e+004 1.243e+004 1.243e+004 1.243e+004 1.243e+004 1.243e+004 1.244e+004 1.244e+004 1.244e+004 1.245e+004 1.245e+004
1.268e+004 1.307e+004 1.311e+004 1.299e+004 1.288e+004 1.275e+004 1.26e+004 1.25e+004 1.247e+004 1.247e+004 1.247e+004 1.247e+004 1.246e+004 1.246e+004 1.247e+004 1.247e+004 1.246e+004 1.244e+004 1.242e+004 1.24e+004 1.238e+004 1.238e+004 1.238e+004 1.238e+004 1.238e+004 1.238e+004 1.238e+004 1.238e+004 1.239e+004 1.239e+004 1.239e+004 1.239e+004 1.24e+004 1.24e+004 1.241e+004 1.241e+004 1.241e+004 1.241e+004 1.241e+004 1.242e+004 1.242e+004 1.242e+004 1.242e+004 1.243e+004 1.243e+004 1.242e+004 1.243e+004 1.243e+004 1.243e+004 1.243e+004 1.244e+004 1.244e+004 1.244e+004 1.244e+004 1.244e+004 1.244e+004 1.244e+004
1.267e+004 1.298e+004 1.3e+004 1.29e+004 1.282e+004 1.28e+004 1.262e+004 1.248e+004 1.246e+004 1.246e+004 1.247e+004 1.248e+004 1.247e+004 1.246e+004 1.248e+004 1.249e+004 1.247e+004 1.246e+004 1.243e+004 1.241e+004 1.238e+004 1.238e+004 1.239e+004 1.239e+004 1.239e+004 1.239e+004 1.239e+004 1.239e+004 1.239e+004 1.239e+004 1.239e+004 1.239e+004 1.24e+004 1.24e+004 1.241e+004 1.241e+004 1.241e+004 1.242e+004 1.242e+004 1.242e+004 1.242e+004 1.242e+004 1.242e+004 1.243e+004 1.243e+004 1.243e+004 1.243e+004 1.242e+004 1.243e+004 1.243e+004 1.244e+004 1.244e+004 1.244e+004 1.244e+004 1.244e+004 1.244e+004 1.244e+004
1.261e+004 1.28e+004 1.291e+004 1.285e+004 1.277e+004 1.279e+004 1.263e+004 1.249e+004 1.246e+004 1.247e+004 1.248e+004 1.249e+004 1.248e+004 1.248e+004 1.249e+004 1.249e+004 1.249e+004 1.248e+004 1.246e+004 1.243e+004 1.24e+004 1.239e+004 1.239e+004 1.24e+004 1.24e+004 1.24e+004 1.24e+004 1.24e+004 1.24e+004 1.241e+004 1.24e+004 1.24e+004 1.24e+004 1.241e+004 1.241e+004 1.241e+004 1.241e+004 1.241e+004 1.242e+004 1.242e+004 1.242e+004 1.242e+004 1.243e+004 1.243e+004 1.243e+004 1.243e+004 1.243e+004 1.243e+004 1.243e+004 1.243e+004 1.243e+004 1.243e+004 1.244e+004 1.244e+004 1.244e+004 1.244e+004 1.244e+004
1.26e+004 1.282e+004 1.292e+004 1.277e+004 1.278e+004 1.277e+004 1.264e+004 1.253e+004 1.25e+004 1.249e+004 1.249e+004 1.25e+004 1.249e+004 1.25e+004 1.25e+004 1.251e+004 1.252e+004 1.25e+004 1.248e+004 1.246e+004 1.245e+004 1.242e+004 1.241e+004 1.241e+004 1.241e+004 1.241e+004 1.241e+004 1.241e+004 1.241e+004 1.241e+004 1.241e+004 1.24e+004 1.241e+004 1.241e+004 1.241e+004 1.241e+004 1.241e+004 1.241e+004 1.241e+004 1.242e+004 1.242e+004 1.242e+004 1.242e+004 1.243e+004 1.243e+004 1.243e+004 1.243e+004 1.243e+004 1.242e+004 1.243e+004 1.243e+004 1.243e+004 1.243e+004 1.244e+004 1.244e+004 1.244e+004 1.244e+004
1.263e+004 1.289e+004 1.298e+004 1.276e+004 1.271e+004 1.269e+004 1.263e+004 1.257e+004 1.253e+004 1.251e+004 1.25e+004 1.249e+004 1.249e+004 1.25e+004 1.25e+004 1.252e+004 1.253e+004 1.252e+004 1.25e+004 1.249e+004 1.247e+004 1.245e+004 1.243e+004 1.242e+004 1.242e+004 1.242e+004 1.242e+004 1.242e+004 1.243e+004 1.243e+004 1.242e+004 1.241e+004 1.241e+004 1.241e+004 1.241e+004 1.241e+004 1.241e+004 1.241e+004 1.241e+004 1.242e+004 1.242e+004 1.242e+004 1.242e+004 1.242e+004 1.242e+004 1.242e+004 1.243e+004 1.243e+004 1.242e+004 1.243e+004 1.243e+004 1.243e+004 1.243e+004 1.244e+004 1.244e+004 1.244e+004 1.244e+004
1.265e+004 1.3e+004 1.297e+004 1.276e+004 1.264e+004 1.262e+004 1.26e+004 1.257e+004 1.254e+004 1.252e+004 1.251e+004 1.25e+004 1.25e+004 1.25e+004 1.251e+004 1.253e+004 1.256e+004 1.254e+004 1.251e+004 1.249e+004 1.247e+004 1.246e+004 1.245e+004 1.244e+004 1.243e+004 1.243e+004 1.243e+004 1.243e+004 1.244e+004 1.245e+004 1.243e+004 1.242e+004 1.242e+004 1.242e+004 1.241e+004 1.241e+004 1.241e+004 1.242e+004 1.242e+004 1.242e+004 1.242e+004 1.242e+004 1.242e+004 1.242e+004 1.242e+004 1.242e+004 1.243e+004 1.243e+004 1.243e+004 1.243e+004 1.243e+004 1.243e+004 1.243e+004 1.244e+004 1.244e+004 1.244e+004 1.244e+004
1.271e+004 1.299e+004 1.29e+004 1.274e+004 1.265e+004 1.261e+004 1.259e+004 1.257e+004 1.255e+004 1.253e+004 1.251e+004 1.25e+004 1.25e+004 1.251e+004 1.253e+004 1.253e+004 1.254e+004 1.253e+004 1.25e+004 1.248e+004 1.246e+004 1.245e+004 1.245e+004 1.245e+004 1.244e+004 1.244e+004 1.244e+004 1.245e+004 1.245e+004 1.246e+004 1.245e+004 1.244e+004 1.243e+004 1.242e+004 1.241e+004 1.242e+004 1.242e+004 1.242e+004 1.242e+004 1.242e+004 1.242e+004 1.242e+004 1.242e+004 1.242e+004 1.242e+004 1.243e+004 1.243e+004 1.243e+004 1.243e+004 1.243e+004 1.243e+004 1.243e+004 1.243e+004 1.244e+004 1.244e+004 1.244e+004 1.244e+004
1.264e+004 1.299e+004 1.3e+004 1.277e+004 1.264e+004 1.26e+004 1.259e+004 1.258e+004 1.256e+004 1.253e+004 1.251e+004 1.25e+004 1.251e+004 1.252e+004 1.253e+004 1.253e+004 1.252e+004 1.251e+004 1.249e+004 1.247e+004 1.246e+004 1.247e+004 1.246e+004 1.246e+004 1.246e+004 1.245e+004 1.245e+004 1.246e+004 1.246e+004 1.245e+004 1.247e+004 1.245e+004 1.244e+004 1.243e+004 1.242e+004 1.242e+004 1.242e+004 1.242e+004 1.242e+004 1.242e+004 1.242e+004 1.242e+004 1.242e+004 1.242e+004 1.242e+004 1.242e+004 1.243e+004 1.243e+004 1.243e+004 1.243e+004 1.243e+004 1.243e+004 1.244e+004 1.244e+004 1.244e+004 1.244e+004 1.244e+004
1.263e+004 1.291e+004 1.3e+004 1.271e+004 1.257e+004 1.258e+004 1.258e+004 1.257e+004 1.256e+004 1.253e+004 1.25e+004 1.249e+004 1.25e+004 1.252e+004 1.254e+004 1.252e+004 1.251e+004 1.25e+004 1.249e+004 1.248e+004 1.247e+004 1.247e+004 1.247e+004 1.247e+004 1.247e+004 1.246e+004 1.246e+004 1.246e+004 1.246e+004 1.246e+004 1.246e+004 1.245e+004 1.245e+004 1.244e+004 1.243e+004 1.243e+004 1.243e+004 1.242e+004 1.242e+004 1.242e+004 1.242e+004 1.242e+004 1.242e+004 1.242e+004 1.242e+004 1.243e+004 1.243e+004 1.243e+004 1.243e+004 1.244e+004 1.244e+004 1.244e+004 1.244e+004 1.244e+004 1.244e+004 1.244e+004 1.244e+004
1.267e+004 1.289e+004 1.293e+004 1.267e+004 1.258e+004 1.256e+004 1.257e+004 1.257e+004 1.256e+004 1.253e+004 1.25e+004 1.249e+004 1.249e+004 1.25e+004 1.252e+004 1.251e+004 1.249e+004 1.249e+004 1.249e+004 1.248e+004 1.249e+004 1.249e+004 1.248e+004 1.248e+004 1.247e+004 1.247e+004 1.246e+004 1.246e+004 1.245e+004 1.245e+004 1.245e+004 1.246e+004 1.245e+004 1.245e+004 1.244e+004 1.244e+004 1.245e+004 1.245e+004 1.245e+004 1.243e+004 1.242e+004 1.242e+004 1.243e+004 1.243e+004 1.243e+004 1.243e+004 1.242e+004 1.243e+004 1.243e+004 1.244e+004 1.244e+004 1.244e+004 1.244e+004 1.244e+004 1.244e+004 1.244e+004 1.245e+004
1.276e+004 1.302e+004 1.302e+004 1.276e+004 1.258e+004 1.255e+004 1.255e+004 1.256e+004 1.256e+004 1.253e+004 1.251e+004 1.249e+004 1.249e+004 1.249e+004 1.25e+004 1.25e+004 1.249e+004 1.249e+004 1.248e+004 1.248e+004 1.249e+004 1.25e+004 1.249e+004 1.249e+004 1.248e+004 1.247e+004 1.247e+004 1.246e+004 1.246e+004 1.246e+004 1.246e+004 1.246e+004 1.246e+004 1.245e+004 1.245e+004 1.245e+004 1.245e+004 1.246e+004 1.246e+004 1.245e+004 1.244e+004 1.244e+004 1.243e+004 1.243e+004 1.243e+004 1.243e+004 1.244e+004 1.244e+004 1.244e+004 1.244e+004 1.244e+004 1.243e+004 1.244e+004 1.244e+004 1.244e+004 1.244e+004 1.245e+004
1.284e+004 1.292e+004 1.284e+004 1.276e+004 1.259e+004 1.256e+004 1.254e+004 1.254e+004 1.254e+004 1.253e+004 1.252e+004 1.25e+004 1.249e+004 1.247e+004 1.248e+004 1.249e+004 1.25e+004 1.249e+004 1.249e+004 1.248e+004 1.249e+004 1.25e+004 1.25e+004 1.249e+004 1.248e+004 1.248e+004 1.247e+004 1.246e+004 1.245e+004 1.246e+004 1.247e+004 1.247e+004 1.246e+004 1.246e+004 1.246e+004 1.246e+004 1.246e+004 1.246e+004 1.246e+004 1.246e+004 1.245e+004 1.244e+004 1.244e+004 1.244e+004 1.243e+004 1.244e+004 1.244e+004 1.244e+004 1.244e+004 1.244e+004 1.244e+004 1.244e+004 1.244e+004 1.244e+004 1.244e+004 1.244e+004 1.245e+004
1.284e+004 1.281e+004 1.282e+004 1.275e+004 1.265e+004 1.258e+004 1.254e+004 1.252e+004 1.251e+004 1.251e+004 1.252e+004 1.251e+004 1.249e+004 1.248e+004 1.248e+004 1.249e+004 1.25e+004 1.25e+004 1.25e+004 1.251e+004 1.251e+004 1.251e+004 1.251e+004 1.25e+004 1.249e+004 1.248e+004 1.247e+004 1.247e+004 1.247e+004 1.247e+004 1.247e+004 1.247e+004 1.247e+004 1.247e+004 1.247e+004 1.247e+004 1.247e+004 1.247e+004 1.246e+004 1.246e+004 1.245e+004 1.245e+004 1.244e+004 1.243e+004 1.244e+004 1.244e+004 1.244e+004 1.244e+004 1.244e+004 1.244e+004 1.244e+004 1.244e+004 1.244e+004 1.244e+004 1.244e+004 1.245e+004 1.245e+004
1.287e+004 1.279e+004 1.281e+004 1.268e+004 1.261e+004 1.258e+004 1.254e+004 1.251e+004 1.248e+004 1.25e+004 1.252e+004 1.251e+004 1.25e+004 1.249e+004 1.249e+004 1.25e+004 1.25e+004 1.249e+004 1.25e+004 1.251e+004 1.252e+004 1.252e+004 1.251e+004 1.251e+004 1.25e+004 1.249e+004 1.248e+004 1.248e+004 1.248e+004 1.248e+004 1.248e+004 1.248e+004 1.248e+004 1.248e+004 1.248e+004 1.249e+004 1.248e+004 1.247e+004 1.246e+004 1.245e+004 1.245e+004 1.245e+004 1.244e+004 1.244e+004 1.244e+004 1.244e+004 1.244e+004 1.244e+004 1.244e+004 1.244e+004 1.244e+004 1.244e+004 1.244e+004 1.244e+004 1.245e+004 1.245e+004 1.245e+004
1.287e+004 1.272e+004 1.276e+004 1.266e+004 1.26e+004 1.257e+004 1.254e+004 1.252e+004 1.25e+004 1.25e+004 1.251e+004 1.252e+004 1.251e+004 1.251e+004 1.25e+004 1.249e+004 1.248e+004 1.25e+004 1.25e+004 1.249e+004 1.251e+004 1.252e+004 1.251e+004 1.251e+004 1.25e+004 1.25e+004 1.249e+004 1.249e+004 1.248e+004 1.248e+004 1.249e+004 1.249e+004 1.248e+004 1.248e+004 1.248e+004 1.249e+004 1.249e+004 1.246e+004 1.244e+004 1.244e+004 1.244e+004 1.244e+004 1.244e+004 1.244e+004 1.244e+004 1.244e+004 1.244e+004 1.244e+004 1.244e+004 1.244e+004 1.244e+004 1.244e+004 1.244e+004 1.245e+004 1.245e+004 1.245e+004 1.245e+004
