real_craters/C174-300m.grd
DSAA
449 449
-67.235 67.235
-67.235 67.235
10915.954897597 14359.188353444
[rows 210 to 239 of 449, columns 335 to 401 of 449]
12379.6 12374.4 12372.5 12373 12373.2 12373.4 12374.3 12375.3 12376.2 12376.8 12377.5 12378 12378.3 12378.4 12378.5 12378.7 12379.1 12379.8 12379.6 12379.7 12379.9 12380.3 12380.7 12381.2 12382.7 12384.5 12386.5 12389.3 12392.4 12395 12397.1 12399 12400.8 12402.2 12403.8 12406.1 12408.2 12410.1 12412.2 12412.8 12412.5 12412.5 12412.8 12413.3 12414.2 12414.9 12415 12415 12415 12415.2 12417 12418.1 12419 12419.8 12420.7 12421.6 12422.4 12423.2 12423.7 12424.3 12424.8 12425 12424.1 12424.6 12425.5 12426.3 12427.1
12378.4 12373.8 12372.7 12374.2 12375.7 12376.5 12377.1 12377.9 12378.6 12379.2 12379.7 12380 12380.5 12380.6 12380.6 12380.5 12380.4 12380.3 12380.5 12381 12381.4 12381.8 12382.1 12382.1 12382.2 12383.8 12386.4 12388.7 12391.1 12393.9 12396.5 12398.7 12400.7 12402.1 12404 12406.6 12408.6 12410.3 12412.1 12412.8 12412.9 12413 12413.3 12413.9 12415.2 12416.8 12416.1 12416.1 12416.3 12415.6 12416.4 12417.5 12418.5 12419.5 12420.5 12421.5 12422.5 12423.3 12424.1 12424.5 12424.7 12424.2 12424 12424.4 12425 12425.7 12426.3
12379 12374.8 12374.8 12376.8 12378.9 12379.8 12379.9 12380.5 12381 12381.6 12382 12382.2 12382.7 12382.8 12382.7 12382.5 12382 12381.2 12381.6 12382.7 12383.3 12383.7 12384 12384.2 12384.2 12385.2 12387 12388.9 12391 12393.5 12396.3 12398.8 12401.3 12403.8 12406.1 12407.8 12409 12410.2 12410.9 12412.1 12412.8 12413.1 12413.5 12413.8 12414.3 12415.4 12416.5 12417.6 12417.9 12416.4 12416.3 12417.1 12418.3 12419.6 12420.7 12421.9 12423 12423.8 12424.6 12425 12425.3 12425 12424.5 12424.6 12424.9 12425.3 12425.8
12380.6 12376.1 12377.3 12379.3 12381.3 12382.4 12382.6 12383.4 12383.7 12384.1 12384.3 12384.9 12385.2 12385.2 12385.2 12385 12384.7 12384.3 12384.6 12385.5 12385.9 12386.2 12386.6 12387 12387.9 12387.8 12388.2 12389.4 12391.3 12393.6 12396.4 12399.2 12402.1 12405.2 12408.2 12408.8 12409.3 12410.1 12411 12411.9 12412.7 12413.3 12413.6 12413.6 12412.9 12413.3 12415.7 12416.9 12416 12415 12415.9 12417.1 12418.3 12419.7 12421 12422.3 12423.6 12424.5 12425.4 12426 12426.3 12426 12425.4 12425 12425 12425.2 12425.4
12382.6 12377.3 12378.6 12381.1 12382.8 12384.4 12385.1 12386 12386.5 12386.9 12387.4 12387.9 12388.1 12388.2 12388.1 12387.9 12387.9 12388.6 12389.4 12388.7 12388.8 12389.1 12389.4 12389.6 12390 12389.8 12389.7 12389.7 12391 12393.8 12396.7 12399.6 12402.4 12405.1 12407.2 12408.3 12409.2 12409.9 12410.9 12411.8 12412.6 12413.5 12414.1 12414.4 12414.1 12414.4 12415.7 12415.9 12414.7 12414.6 12415.8 12417.2 12418.7 12420.1 12421.6 12422.9 12424.2 12425.4 12426.4 12427.2 12427.8 12427.5 12426.1 12425.5 12425.4 12425.3 12425.3
12385.6 12379.3 12379.6 12383.5 12387.4 12387.8 12387.9 12388.6 12389.1 12389.7 12390.3 12390.9 12391.2 12391.2 12391.1 12391 12390.8 12390.6 12390.2 12391 12391.9 12392.4 12392.6 12392.4 12392.1 12392.1 12391.7 12391.1 12391.9 12394.7 12397.6 12400.3 12402.8 12404.8 12406.2 12407.8 12408.9 12409.6 12410.2 12411.5 12412.7 12413.7 12414.7 12415.9 12417.2 12417.1 12416.7 12416.3 12415.3 12415.2 12416.2 12417.5 12419 12420.6 12422 12423.4 12424.8 12426.2 12427.4 12428.5 12429.2 12428.9 12426.1 12426.1 12425.9 12425.7 12425.4
12390.1 12382.4 12381.5 12385 12390 12389.8 12390.1 12391 12391.8 12392.6 12393.2 12393.8 12394 12394.2 12394.3 12394.3 12394 12392.9 12391.6 12394.1 12395.7 12396.4 12396.5 12396.1 12395.3 12395.4 12394.9 12394.3 12394.9 12396.8 12399 12401.3 12403.5 12405.4 12407 12408.3 12409.3 12409.9 12410.4 12411.6 12412.7 12413.8 12415 12416.6 12418.5 12418.2 12417.3 12416.5 12414.9 12415.4 12416.7 12418.1 12419.6 12421.1 12422.4 12423.9 12425.3 12426.8 12428.2 12429.5 12430.5 12430.6 12428.5 12427.3 12426.8 12426.3 12426
12397.7 12388.8 12385.9 12385.7 12386.8 12389.8 12392.2 12393.7 12394.9 12395.7 12396.4 12397 12397.2 12397.4 12397.7 12397.9 12398 12398.1 12398.9 12399.8 12400.5 12400.7 12400.9 12401.3 12400.8 12399.8 12399 12398.4 12398.5 12399.4 12400.9 12402.7 12404.5 12406.4 12407.9 12409.2 12410.1 12410.6 12411.2 12411.8 12412.6 12413.5 12414.6 12416 12417.2 12417.3 12416.8 12416.5 12415 12416 12417.6 12419.1 12420.6 12421.8 12423.2 12424.4 12425.8 12427.3 12428.7 12430.2 12431.4 12431.5 12429.8 12428.6 12427.7 12427 12426.6
12409.6 12400.7 12395.4 12391 12389.2 12392.5 12395.5 12397.3 12398.6 12399.4 12400 12400.2 12400.4 12400.7 12401 12401.4 12402.2 12403.7 12407.3 12406 12404.8 12404.8 12405.2 12406.3 12405.9 12403.7 12402.8 12402.9 12402.1 12401.9 12402.6 12404 12405.7 12407.6 12409.5 12410.9 12411.3 12411.4 12411.6 12412 12412.4 12412.9 12413.6 12414.6 12416.1 12415.6 12415.3 12415.6 12416.2 12417.6 12418.9 12420.2 12421.4 12422.5 12423.6 12424.7 12425.9 12427.3 12428.8 12430.5 12432 12432.4 12431.1 12429.6 12428.4 12427.5 12427
12425.5 12417.8 12410.5 12402.5 12398.4 12399.3 12400.9 12402 12402.9 12403.4 12403.5 12403.6 12403.8 12404 12404.2 12404.5 12405.2 12406.2 12407.1 12407.2 12407.5 12408.3 12408.6 12409 12408 12406 12404.7 12404.5 12403.7 12403.3 12403.9 12405.1 12406.7 12408.6 12410.6 12412.1 12412.1 12412.6 12412.4 12412 12412 12412 12412.1 12412.3 12412.6 12413.1 12413.3 12413.8 12416.7 12418.7 12420.1 12421.2 12422 12422.8 12423.7 12424.6 12425.6 12426.8 12428.1 12429.8 12431.9 12432.9 12431.4 12429.8 12428.5 12427.6 12427.1
12443.8 12437.8 12428.1 12417.3 12410.8 12408.6 12407.7 12407.4 12407.3 12406.9 12407 12407.1 12407.1 12407.2 12407.4 12407.6 12407.9 12407.7 12406.9 12407.9 12410 12411.8 12411.9 12410.8 12409.5 12407.4 12404.8 12403 12403.2 12403.8 12404.8 12406.1 12407.6 12409.2 12410.6 12411.5 12411.7 12411.8 12411.9 12411.8 12411.6 12411.3 12410.8 12410 12409.6 12410.9 12411.8 12412.9 12416.8 12420 12421.4 12422.1 12422.6 12423.1 12423.7 12424.3 12425 12425.8 12426.8 12427.9 12429.5 12430.5 12429.7 12428.8 12428 12427.3 12426.8
12459.4 12454.4 12443.4 12431.1 12423.2 12418.9 12416.1 12414.4 12413.2 12412.2 12412 12411.9 12411.8 12411.7 12411.5 12411.4 12411.4 12410.7 12410.3 12411.5 12413.9 12416.3 12416.9 12415.6 12413.3 12409.8 12405.5 12402.4 12403.1 12404.5 12405.9 12407.3 12408.7 12409.9 12410.6 12410.9 12411.3 12411.1 12411.6 12411.7 12411.4 12411 12410.2 12409.4 12409.1 12410.2 12411.4 12412.9 12417.3 12421 12422.4 12422.7 12422.8 12423 12423.3 12423.6 12423.9 12424.3 12424.8 12425.1 12425.3 12426.1 12427 12427.3 12427 12426.6 12426.3
12469.8 12464.1 12454.4 12443.3 12434.7 12428.5 12424.5 12421.4 12419.4 12417.7 12417.3 12416.6 12416.2 12416.2 12415.9 12415.6 12415.5 12415 12414.9 12416.3 12419.1 12422.5 12424.1 12423.3 12419.5 12414 12408 12404.2 12404.8 12406.2 12407.6 12408.9 12410.1 12411 12411.7 12411.9 12412.3 12412.2 12412.1 12412 12411.6 12411.2 12410.5 12409.9 12409.9 12410.8 12411.9 12413.7 12417.9 12421.7 12422.9 12422.6 12422.5 12422.4 12422.5 12422.7 12422.8 12422.9 12422.8 12422.5 12422 12422.8 12424.4 12425.5 12425.7 12425.8 12425.9
12479.2 12471 12462.5 12453.7 12444.3 12437 12431.6 12427.8 12425.1 12423.3 12422.6 12421.5 12421.1 12420.6 12420.2 12420 12419.9 12419.6 12419.7 12421.1 12425.1 12429.8 12432.8 12432.9 12427.2 12419.8 12412.6 12408.2 12408 12409 12410.1 12411.1 12412 12412.7 12413.5 12414.3 12414.2 12413.7 12412.8 12412.5 12412.2 12411.9 12411.5 12411 12411.1 12412 12413.2 12415 12418.5 12421.1 12421.8 12421.8 12421.7 12421.8 12421.9 12422 12422 12421.8 12421.4 12420.7 12420 12420.8 12422.4 12423.5 12424.5 12425.2 12425.6
12487.5 12477.4 12467.2 12459 12450.2 12443 12437.3 12433.2 12430.2 12428.1 12427.2 12426.3 12425.6 12425 12424.7 12424.5 12424.6 12424.8 12425.3 12427.2 12431.8 12437.4 12441.6 12442.1 12434.9 12426.2 12418.1 12413.6 12412.6 12412.9 12413.5 12413.9 12414.2 12414.5 12415 12415.8 12414.9 12413.1 12413.1 12413.1 12413.1 12413.1 12412.9 12412.7 12412.8 12413.5 12414.6 12416.3 12418.5 12419.7 12419.8 12420.3 12420.6 12420.9 12421 12421.1 12421 12420.9 12420.6 12420 12419.5 12420.2 12421.3 12422.3 12423.6 12424.7 12425.6
12483.2 12473.9 12465.6 12459.5 12452.5 12446.6 12441.5 12437.8 12434.7 12432.5 12431.5 12430.5 12429.7 12429.5 12429.3 12429.3 12429.6 12430.3 12431.6 12433.7 12438.4 12444.5 12449.3 12449 12441.9 12432.6 12423.6 12419.2 12418.1 12417.8 12417.5 12417.2 12416.7 12416.3 12415.9 12415.5 12414.5 12413.7 12413.5 12413.8 12414.2 12414.6 12414.8 12414.7 12414.7 12414.9 12415.5 12416.7 12418 12418.5 12418.4 12419 12419.6 12420 12420.2 12420.3 12420.4 12420.3 12420.3 12420.2 12420.4 12420.7 12421.3 12421.9 12423.4 12424.8 12425.7
12467.2 12460.3 12458.5 12455.8 12452.4 12448.6 12445.3 12442.4 12439.4 12437.7 12436.3 12434.9 12434.2 12434.2 12434 12434.2 12434.8 12435.7 12437.7 12440.2 12444.2 12450 12455.6 12455.7 12448.2 12439.3 12430.3 12426.3 12424.9 12423.6 12422.2 12420.8 12419.3 12417.9 12416.4 12415 12413.9 12413.7 12414 12414.6 12415.4 12416.3 12417.1 12417.4 12416.7 12416 12415.7 12416.3 12417.6 12418.3 12418 12418.3 12418.8 12419.2 12419.5 12419.6 12419.8 12420 12420.2 12420.5 12421 12421.5 12422 12422.7 12424.1 12425.3 12426.3
12459.7 12456.1 12453.7 12452.1 12452.4 12450.7 12448.8 12446.7 12444.4 12442.8 12441.5 12439.9 12439.4 12439 12438.8 12439.2 12439.7 12440.7 12442.5 12444.3 12447.5 12452.5 12457.4 12457.9 12453.4 12447.1 12439.7 12435.8 12433.1 12430.2 12427.4 12424.7 12422.2 12419.8 12417.4 12415.2 12413.3 12413.6 12414.6 12415.6 12416.6 12417.9 12419.2 12420.3 12418.2 12416.5 12415.7 12416 12417.4 12418.9 12418.2 12417.9 12418.2 12418.5 12418.9 12419.1 12419.4 12419.7 12420.1 12420.9 12421.5 12422.2 12423.2 12424.8 12425.7 12426.1 12427.2
12460.3 12457.5 12455.3 12454.2 12454.6 12453.5 12452.4 12451 12449.2 12447.8 12445.9 12444.8 12444.2 12443.5 12443.3 12443.7 12444.2 12445 12446.3 12447.1 12448.9 12452.7 12455.9 12457.5 12457.4 12456.3 12453 12447.3 12441.8 12436.9 12432.7 12429 12425.5 12422.3 12419.1 12416.3 12414.1 12414.6 12415.7 12416.8 12417.8 12418.8 12419.8 12420 12418.3 12416.4 12415 12415 12416.5 12417.7 12417.4 12417.4 12417.7 12418 12418.4 12418.8 12419.1 12419.4 12419.9 12420.8 12421.8 12422.5 12423.7 12425.3 12426.3 12426.8 12427.4
12463.8 12461.5 12460.4 12459.2 12458.3 12457 12455.9 12454.8 12453.1 12451.7 12450.2 12449.2 12448.2 12447.7 12447.4 12447.8 12448.3 12449.1 12450.7 12451.3 12451.9 12452.7 12452.1 12455.5 12459.7 12463.8 12465.2 12456.9 12448.9 12442.7 12437.5 12433 12428.9 12425.2 12421.6 12418.4 12416.2 12416.5 12417.6 12418.5 12419.1 12419.5 12419.6 12419 12417.8 12416.2 12414.8 12414.6 12415.7 12416.2 12416.8 12417.1 12417.3 12417.6 12418 12418.4 12418.8 12419.2 12419.6 12420.2 12421.1 12422.3 12423.5 12424.6 12425.6 12426.5 12427.5
12465.2 12464.7 12465.5 12464.4 12463.1 12461.7 12460.8 12459.8 12458.5 12456.3 12454.7 12453.7 12452.6 12452 12451.6 12451.6 12451.8 12453.3 12454.9 12457.1 12458.7 12454.6 12450.3 12454.5 12459.8 12464.9 12466.7 12460 12452.8 12446.7 12441.3 12436.6 12432.4 12428.5 12425 12421.9 12418.4 12419.4 12420.3 12420.8 12420.9 12420.6 12420.1 12419.1 12417.7 12416.3 12415.5 12415.3 12415.9 12417 12417.2 12417 12417.2 12417.6 12418.1 12418.6 12419.5 12419.8 12419.8 12419.8 12420.7 12422.3 12423.4 12424 12424.6 12426.5 12427.9
12465.3 12466.6 12467.4 12467.5 12467 12466 12465.2 12464.2 12462.8 12460.8 12459.3 12458.1 12456.9 12456 12455.4 12455.3 12455.2 12456.1 12457.7 12459.6 12460.4 12456.8 12453 12455.3 12458.6 12460.9 12461.2 12458.7 12454 12449 12444.1 12439.8 12435.7 12432.1 12429 12426.6 12424.9 12424.1 12424.3 12424.2 12423.5 12422.3 12421.1 12419.8 12418.2 12416.6 12415.7 12415.6 12416.3 12417.5 12417.6 12417 12417.2 12417.8 12419 12419.6 12419.8 12420.2 12420.5 12420.7 12421.6 12423 12424.1 12424.8 12425.7 12427.3 12428.7
12468.8 12469.6 12469.8 12470.6 12470.5 12469.7 12468.7 12467.3 12466 12464.5 12463 12461.3 12460 12458.9 12458.1 12457.7 12457.3 12457.6 12458.4 12458.8 12458.1 12457.6 12457.4 12456.4 12457.5 12458.2 12457.9 12456.8 12453.9 12450.1 12446 12442.2 12438.6 12435.5 12433.3 12431.4 12430.1 12429.7 12429.4 12428.5 12427.1 12424.9 12421.7 12420.9 12420 12417.7 12415.3 12415.9 12416.9 12417.4 12417.4 12417 12417.4 12418.7 12419.4 12420.2 12420.6 12421.2 12421.8 12422.6 12423.3 12424.3 12425.5 12426.7 12427.5 12429.1 12430.1
12476.8 12475.3 12474.2 12475.3 12475 12473.9 12472.2 12471.1 12469.5 12468.3 12466.4 12464.9 12463.1 12461.8 12460.7 12459.9 12459.2 12458.8 12458.7 12458.1 12457.8 12456.5 12455.3 12455.7 12456.6 12457.8 12457.5 12456 12453.8 12451 12447.8 12444.6 12441.5 12438.7 12436.7 12435.8 12436.1 12436.2 12434.9 12433.6 12432 12429.8 12426.7 12426 12425.2 12422.1 12418.3 12419 12419.1 12418 12416.8 12416.9 12417.8 12419.2 12420.3 12421.3 12422 12422.7 12423.2 12423.9 12424.6 12425.6 12427.1 12429.2 12430.8 12432 12431.6
12483.2 12482.8 12482.5 12481.6 12480.2 12478.6 12476.9 12475.1 12473.3 12472 12470.1 12468.4 12466.7 12465.1 12463.6 12461.9 12460.6 12459.7 12458.9 12457.3 12455.9 12454.5 12453.8 12454.3 12455.2 12456.5 12456.5 12455.6 12454.1 12452.2 12449.7 12447 12444.3 12441.5 12439.5 12438.2 12439.4 12441 12439.7 12438.7 12438 12437.1 12435.6 12435.2 12434.3 12431.8 12427.9 12426.4 12424 12420.6 12417.7 12417.9 12419.1 12420.7 12422.1 12423.1 12423.8 12424.2 12424.6 12424.7 12425.4 12426.3 12427.8 12430.9 12436.1 12435.2 12431.6
12484.6 12488.7 12489.9 12487.8 12485.6 12483.7 12481.8 12479.7 12477.3 12475.4 12473.3 12471.4 12469.9 12467.9 12465.6 12463.8 12462.1 12460.4 12458.4 12456.2 12453.2 12451.4 12451.9 12453 12453.5 12453.6 12454.9 12455.4 12454.9 12453.7 12451.6 12449.5 12447 12444.4 12442.2 12440.5 12441.3 12442.9 12443 12443.2 12443.8 12445.1 12447 12445.6 12445.4 12445.6 12442.8 12436.9 12431 12425.5 12421 12420.4 12421.6 12423.2 12424.5 12425.4 12425.8 12426.2 12426.5 12426.6 12426.4 12426.3 12426.5 12427.8 12433.7 12431.1 12427
12488.2 12491.8 12493.1 12492.1 12489.9 12487.8 12485.7 12483.1 12481.3 12479.2 12477 12474.8 12472.5 12470 12467.8 12465.6 12463.3 12460.9 12458.2 12456 12453.6 12452.3 12452.4 12453.3 12453.5 12453.1 12454.9 12456 12455.9 12455.1 12453.7 12451.9 12449.8 12447.5 12445.3 12444 12443.9 12444.4 12445.9 12447 12448.2 12450.2 12452.5 12452.8 12454.3 12457.1 12455.3 12446.3 12438.5 12431.7 12426.5 12425.1 12426 12427 12427.5 12428 12428.3 12428.3 12428.3 12428.2 12427.5 12426.5 12424.6 12420.3 12408.5 12403.8 12419.7
12490.9 12495.1 12496.3 12495.2 12492.7 12490.4 12488.3 12486.3 12483.9 12481.8 12479.3 12476.6 12474.1 12471.7 12469 12465.8 12463.3 12460.9 12458.4 12456.5 12455.4 12455.4 12454.4 12455.3 12456.3 12456.9 12457.7 12458 12457.8 12457 12455.8 12454.4 12452.8 12450.9 12448.9 12446.4 12447.5 12448.6 12449.7 12450.6 12451.3 12452.1 12453.8 12456.2 12458.7 12460.9 12458.7 12451.9 12444.7 12438.2 12433 12431.6 12432.2 12431.8 12431.4 12431.4 12431 12430.6 12430.1 12429.5 12428.9 12427.8 12425.6 12421.4 12414.1 12416.3 12424.6
12489.6 12497.1 12498.2 12497 12495.8 12493.9 12491.8 12489.4 12487.2 12483.7 12480.4 12477.4 12475.1 12472.3 12469.5 12466.6 12463.3 12460.9 12458.5 12456.4 12454.7 12454.1 12455.2 12457.7 12460.6 12462.2 12461.7 12461 12460.4 12459.6 12458.5 12457.4 12456.2 12454.9 12453.8 12453 12453.2 12454.2 12454.7 12454.4 12454 12453.5 12454.8 12458 12460.5 12461.5 12459.7 12455.1 12449.6 12444.5 12440.6 12439.4 12439 12436.9 12435.3 12434.5 12433.8 12433.2 12432.6 12431.8 12431.1 12430.3 12429.6 12429.9 12434.2 12441.7 12436.8
12488.2 12494.7 12498 12499.1 12497.8 12496.1 12493.9 12491.3 12488.3 12485.4 12482.5 12479.7 12476.7 12473.7 12470.7 12466.9 12464.3 12461.4 12458.7 12456 12453.4 12451.2 12455.8 12459.8 12463.8 12466 12464.8 12463.7 12462.9 12462 12461.2 12460.4 12459.7 12459.1 12458.9 12458.9 12458.9 12459.8 12459.5 12458.2 12457 12455.7 12456.8 12459.8 12462 12462.6 12460.9 12457.4 12453.3 12449.4 12446.8 12445.7 12444.1 12440.9 12438.8 12437.1 12436.1 12435.7 12435.8 12434.8 12433.5 12433 12433.4 12435.6 12440.5 12444.6 12441.7
