real_craters/C175-750m.grd
DSAA
183 183
-68.25 68.25
-68.25 68.25
4032.5387827366 6570.3091998997
[rows 0 to 37 of 183, columns 84 to 167 of 183]
5810 5809 5815 5833 5832 5826 5821 5808 5799 5807 5810 5828 5837 5842 5848 5848 5849 5855 5867 5881 5937 5983 5991 6018 6082 6176 6317 6430 6134 6076 6025 5871 5860 5845 5861 5876 5663 5301 5013 4892 4825 4761 4704 4645 4597 4553 4524 4493 4462 4431 4401 4378 4378 4389 4393 4395 4421 4435 4447 4454 4466 4461 4456 4445 4424 4427 4432 4419 4407 4404 4405 4406 4407 4407 4407 4411 4427 4429 4453 4686 4795 4858 4930 5013
5819 5823 5835 5840 5835 5839 5832 5826 5816 5810 5809 5820 5841 5842 5842 5851 5865 5878 5882 5900 5976 5997 5996 6012 6095 6229 6489 6480 6086 5958 5880 5812 5811 5808 5779 5711 5446 5176 4935 4852 4782 4721 4671 4634 4618 4557 4536 4507 4462 4428 4409 4392 4382 4384 4387 4396 4421 4444 4461 4479 4488 4493 4482 4472 4465 4476 4486 4468 4431 4414 4403 4396 4394 4391 4391 4396 4411 4420 4438 4565 4685 4770 4857 4947
5830 5840 5851 5843 5834 5841 5838 5825 5824 5821 5828 5828 5827 5844 5853 5865 5881 5907 5941 5988 6007 5997 5991 6017 6135 6316 6412 6411 6073 5906 5799 5764 5755 5760 5658 5502 5282 5101 4907 4806 4749 4693 4658 4633 4621 4569 4551 4511 4472 4444 4432 4417 4394 4394 4399 4411 4434 4460 4481 4495 4501 4500 4506 4517 4528 4548 4572 4570 4522 4443 4408 4397 4389 4385 4380 4382 4400 4419 4443 4473 4564 4676 4776 4876
5830 5848 5862 5847 5831 5847 5846 5826 5819 5827 5840 5843 5861 5857 5860 5871 5898 5935 5982 6029 6011 5968 5993 6027 6178 6388 6448 6295 6083 5901 5755 5720 5693 5582 5530 5414 5224 5065 4903 4786 4714 4668 4653 4630 4630 4607 4569 4517 4494 4470 4454 4436 4413 4416 4425 4424 4464 4486 4501 4498 4509 4517 4533 4550 4574 4624 4662 4673 4581 4474 4428 4410 4394 4382 4374 4375 4394 4419 4451 4471 4516 4612 4719 4824
5836 5852 5861 5855 5854 5860 5855 5849 5830 5824 5835 5853 5862 5865 5860 5869 5908 5948 5988 5993 5959 5977 6020 6115 6218 6345 6404 6134 6094 5922 5742 5706 5680 5514 5435 5365 5180 5034 4863 4763 4707 4656 4641 4636 4635 4630 4604 4531 4520 4501 4482 4457 4434 4445 4470 4502 4512 4517 4523 4530 4515 4527 4553 4591 4626 4684 4731 4749 4670 4555 4480 4437 4405 4384 4372 4373 4387 4404 4445 4465 4481 4568 4673 4779
5855 5865 5868 5852 5866 5868 5865 5882 5852 5861 5849 5835 5851 5872 5870 5874 5910 5950 5989 6013 5974 6008 6037 6057 6195 6316 6353 6079 6069 5936 5743 5725 5649 5443 5337 5243 5141 5015 4845 4760 4697 4653 4639 4631 4638 4640 4624 4558 4546 4530 4511 4486 4459 4475 4510 4553 4555 4540 4533 4532 4510 4520 4557 4624 4673 4715 4767 4808 4702 4611 4533 4469 4422 4390 4371 4367 4384 4400 4419 4438 4461 4547 4650 4754
5873 5884 5878 5872 5884 5869 5868 5892 5867 5832 5848 5838 5846 5884 5880 5886 5909 5946 5979 6009 5984 6013 6093 6169 6176 6221 6291 6149 6092 5915 5739 5670 5504 5359 5284 5275 5183 4945 4826 4770 4699 4653 4636 4628 4632 4632 4617 4583 4571 4560 4546 4517 4494 4505 4534 4556 4559 4546 4533 4521 4485 4486 4512 4578 4633 4690 4752 4767 4698 4653 4558 4486 4430 4389 4366 4361 4382 4399 4420 4441 4463 4539 4635 4740
5878 5896 5890 5893 5889 5856 5844 5849 5838 5829 5846 5860 5873 5881 5879 5877 5904 5933 5958 5970 5974 6024 6126 6203 6129 6064 6175 6052 5930 5825 5688 5536 5419 5338 5266 5245 5140 4937 4803 4741 4721 4656 4638 4633 4633 4619 4602 4595 4591 4582 4571 4547 4527 4531 4549 4559 4558 4541 4521 4500 4453 4433 4420 4420 4520 4631 4712 4729 4672 4614 4549 4484 4427 4384 4358 4353 4376 4390 4406 4438 4462 4531 4624 4727
5872 5895 5917 5894 5872 5839 5816 5819 5827 5839 5868 5860 5841 5864 5878 5888 5906 5924 5941 5952 5981 6028 6091 6122 6082 6030 6086 5949 5850 5745 5663 5545 5444 5323 5221 5196 5084 4880 4758 4713 4686 4663 4645 4634 4630 4608 4596 4598 4596 4590 4585 4573 4563 4561 4563 4569 4564 4528 4499 4473 4421 4376 4333 4319 4440 4583 4686 4703 4642 4581 4520 4463 4410 4367 4337 4342 4368 4385 4404 4436 4467 4530 4613 4704
5834 5847 5840 5842 5825 5823 5838 5846 5838 5835 5838 5818 5820 5848 5877 5899 5905 5915 5934 5962 5980 5982 6049 6080 6058 6023 6007 6223 5946 5735 5688 5615 5436 5289 5165 5120 4982 4858 4778 4693 4673 4656 4647 4640 4633 4615 4601 4594 4592 4592 4589 4586 4584 4576 4565 4554 4529 4503 4481 4433 4397 4349 4301 4287 4424 4586 4706 4735 4613 4537 4489 4440 4390 4350 4329 4343 4360 4380 4402 4441 4470 4527 4602 4679
5748 5740 5762 5791 5794 5795 5827 5852 5844 5837 5843 5829 5839 5871 5877 5877 5887 5904 5920 5939 5949 5959 5988 6023 6046 6042 6055 6177 6024 5775 5696 5603 5405 5227 5156 5088 4920 4833 4760 4684 4656 4644 4636 4636 4625 4609 4600 4588 4586 4591 4596 4597 4593 4583 4561 4527 4485 4475 4460 4441 4387 4358 4330 4348 4471 4626 4730 4719 4617 4526 4469 4410 4365 4329 4309 4320 4350 4371 4404 4444 4487 4540 4599 4661
5687 5658 5694 5737 5770 5766 5770 5807 5836 5846 5854 5854 5850 5860 5866 5870 5881 5897 5908 5916 5931 5939 5955 5978 6017 6117 6185 6283 6097 5812 5689 5544 5325 5228 5263 5126 4901 4789 4724 4673 4645 4636 4625 4627 4615 4601 4592 4585 4582 4581 4589 4597 4603 4593 4565 4524 4487 4467 4455 4423 4402 4388 4395 4451 4573 4707 4781 4701 4580 4503 4442 4387 4338 4306 4292 4319 4340 4365 4408 4454 4502 4548 4593 4645
5658 5621 5602 5619 5629 5663 5692 5727 5775 5815 5820 5826 5824 5827 5844 5860 5875 5894 5903 5916 5933 5951 5968 5953 5943 6014 6261 6397 6204 5879 5707 5548 5338 5220 5222 5083 4935 4761 4699 4662 4640 4631 4617 4612 4607 4601 4593 4583 4578 4578 4588 4600 4613 4615 4574 4526 4490 4462 4451 4429 4422 4423 4447 4523 4670 4814 4884 4749 4565 4492 4424 4368 4314 4281 4270 4306 4336 4368 4415 4462 4503 4542 4586 4634
5629 5595 5580 5562 5566 5576 5592 5612 5669 5742 5743 5752 5776 5804 5818 5846 5879 5887 5900 5914 5926 5945 5954 5929 5916 6014 6266 6395 6217 5863 5699 5568 5401 5190 5098 4980 4874 4746 4690 4663 4642 4626 4618 4605 4599 4595 4592 4582 4579 4584 4590 4603 4618 4622 4574 4514 4461 4441 4451 4438 4452 4474 4505 4595 4754 4910 5010 4830 4633 4513 4422 4352 4298 4262 4254 4298 4332 4371 4421 4461 4499 4533 4581 4637
5607 5596 5588 5581 5572 5563 5570 5582 5609 5649 5650 5674 5714 5751 5772 5804 5841 5859 5879 5910 5926 5936 5926 5900 5902 6014 6171 6298 6172 5842 5650 5619 5513 5272 5059 4899 4832 4749 4691 4661 4642 4629 4619 4599 4589 4582 4582 4586 4584 4590 4591 4602 4606 4600 4556 4497 4430 4416 4449 4460 4494 4536 4589 4678 4812 4942 4983 4815 4665 4512 4414 4342 4288 4254 4251 4296 4331 4368 4407 4451 4487 4516 4579 4665
5604 5594 5588 5588 5576 5568 5577 5612 5640 5643 5588 5614 5663 5692 5711 5748 5785 5811 5831 5872 5920 5933 5916 5873 5874 6017 6248 6326 6207 5817 5648 5590 5463 5372 5115 4868 4803 4736 4689 4660 4632 4616 4601 4587 4575 4571 4572 4581 4587 4589 4589 4590 4590 4576 4549 4494 4424 4412 4461 4491 4538 4600 4655 4741 4834 4919 4904 4723 4567 4485 4399 4332 4284 4253 4253 4297 4331 4366 4401 4440 4476 4492 4575 4700
5608 5600 5587 5572 5568 5565 5575 5610 5659 5673 5588 5602 5639 5671 5677 5701 5724 5777 5831 5861 5878 5888 5876 5843 5851 6036 6281 6356 6238 5840 5638 5556 5423 5305 5070 4917 4812 4707 4679 4653 4622 4598 4584 4573 4563 4560 4565 4570 4581 4587 4579 4573 4575 4581 4557 4511 4455 4445 4491 4522 4576 4642 4732 4756 4810 4857 4845 4666 4536 4458 4391 4329 4282 4252 4272 4301 4333 4367 4399 4433 4464 4491 4566 4695
5611 5598 5568 5550 5551 5551 5572 5603 5626 5639 5611 5619 5638 5655 5660 5686 5724 5782 5840 5850 5837 5842 5864 5816 5821 6029 6286 6364 6298 5921 5649 5532 5449 5341 5126 4953 4887 4756 4697 4656 4601 4584 4569 4558 4553 4559 4559 4556 4562 4564 4559 4552 4555 4562 4555 4528 4509 4515 4522 4547 4586 4632 4666 4709 4747 4758 4703 4599 4507 4443 4378 4325 4282 4257 4280 4306 4336 4367 4399 4433 4471 4507 4562 4654
5606 5601 5569 5554 5550 5556 5586 5619 5625 5637 5640 5640 5647 5651 5649 5687 5740 5805 5860 5844 5818 5810 5827 5801 5808 6022 6236 6322 6267 5973 5659 5515 5466 5362 5167 5016 4956 4838 4753 4697 4603 4545 4551 4541 4551 4545 4533 4536 4540 4540 4535 4534 4538 4545 4551 4543 4542 4547 4555 4562 4577 4601 4633 4653 4672 4664 4598 4539 4468 4405 4357 4317 4284 4264 4290 4313 4339 4368 4398 4429 4463 4498 4592 4717
5592 5585 5568 5563 5562 5585 5598 5615 5621 5645 5660 5660 5660 5655 5655 5694 5768 5837 5861 5836 5799 5770 5798 5814 5855 6036 6205 6258 6224 6056 5699 5518 5442 5353 5237 5104 5016 4890 4787 4703 4619 4510 4533 4516 4527 4527 4515 4512 4508 4509 4510 4506 4502 4517 4525 4541 4557 4577 4565 4553 4550 4549 4559 4590 4614 4611 4536 4463 4416 4379 4347 4317 4294 4285 4302 4321 4343 4369 4398 4433 4463 4512 4655 4846
5581 5569 5568 5565 5567 5593 5600 5615 5640 5654 5670 5668 5669 5672 5672 5696 5758 5814 5836 5818 5788 5771 5779 5851 5946 5991 6089 6191 6244 6116 5762 5562 5457 5357 5228 5133 5035 4929 4814 4736 4639 4537 4521 4501 4489 4485 4486 4490 4491 4489 4491 4490 4493 4502 4515 4529 4544 4556 4544 4530 4519 4508 4510 4535 4558 4570 4472 4374 4364 4353 4338 4321 4308 4302 4314 4326 4347 4369 4394 4433 4488 4563 4676 4781
5553 5546 5574 5583 5569 5581 5605 5600 5622 5649 5661 5664 5668 5675 5679 5693 5719 5743 5789 5793 5781 5769 5793 5897 6029 5973 6032 6131 6173 6163 5877 5673 5514 5411 5325 5110 5030 5001 4886 4771 4721 4592 4501 4501 4479 4467 4466 4475 4477 4478 4479 4481 4487 4490 4494 4507 4514 4511 4507 4501 4488 4474 4472 4481 4482 4448 4393 4354 4342 4335 4330 4325 4323 4320 4323 4327 4340 4361 4387 4426 4503 4606 4692 4803
5551 5539 5553 5582 5580 5580 5596 5597 5609 5619 5639 5652 5662 5668 5668 5678 5690 5717 5762 5774 5777 5771 5777 5879 6017 5977 6022 6092 6147 6200 6045 5824 5604 5478 5395 5179 5028 4953 4870 4756 4660 4639 4498 4503 4482 4459 4450 4459 4468 4467 4468 4471 4474 4477 4479 4485 4489 4485 4482 4476 4464 4445 4440 4439 4426 4392 4364 4351 4337 4336 4333 4328 4327 4326 4327 4327 4338 4356 4383 4421 4521 4642 4741 4931
5543 5539 5545 5574 5600 5595 5600 5601 5593 5599 5621 5641 5654 5663 5667 5673 5669 5663 5707 5752 5783 5790 5776 5834 5952 5993 6031 6058 6067 6070 6171 5971 5694 5475 5458 5344 5095 4924 4841 4767 4683 4612 4551 4515 4492 4464 4448 4445 4453 4454 4457 4460 4466 4467 4467 4472 4474 4468 4460 4458 4449 4436 4423 4414 4399 4380 4354 4340 4340 4338 4336 4333 4333 4333 4333 4333 4343 4365 4401 4470 4598 4744 4884 5005
5544 5540 5551 5585 5612 5609 5628 5605 5602 5607 5625 5641 5652 5662 5672 5673 5662 5658 5694 5737 5772 5768 5742 5787 5901 6053 6068 6050 6003 5915 6035 6066 5826 5571 5458 5316 5121 4982 4895 4783 4685 4619 4565 4531 4500 4470 4449 4438 4435 4441 4446 4449 4452 4457 4465 4469 4467 4463 4458 4449 4441 4431 4415 4400 4384 4376 4357 4344 4341 4339 4337 4336 4333 4339 4341 4346 4359 4385 4422 4483 4633 4939 4990 5128
5546 5544 5577 5597 5610 5621 5616 5610 5610 5635 5638 5643 5651 5658 5667 5666 5662 5675 5698 5724 5744 5743 5731 5738 5883 6084 6093 6064 6016 5884 5946 6125 5962 5700 5484 5357 5249 5043 4975 4808 4698 4628 4584 4548 4521 4488 4459 4437 4428 4433 4437 4441 4445 4453 4463 4467 4463 4458 4451 4439 4428 4417 4403 4388 4375 4367 4361 4352 4345 4341 4339 4339 4343 4346 4351 4363 4391 4412 4450 4506 4637 4898 4987 5238
5550 5559 5577 5589 5610 5618 5629 5620 5636 5647 5642 5642 5646 5652 5654 5653 5656 5663 5694 5712 5723 5726 5721 5734 5872 6059 6090 6061 6007 5857 5895 6070 6036 5768 5541 5461 5295 5148 5107 4883 4754 4658 4598 4570 4543 4498 4468 4446 4425 4429 4433 4436 4440 4446 4456 4462 4454 4447 4436 4427 4416 4402 4390 4377 4368 4366 4364 4357 4351 4346 4341 4340 4344 4351 4359 4377 4410 4438 4482 4555 4671 4835 5038 5228
5568 5569 5574 5586 5601 5619 5615 5616 5624 5629 5634 5637 5641 5645 5650 5654 5659 5661 5687 5708 5719 5728 5741 5760 5930 6081 6084 6037 5968 5883 5885 6002 6096 5863 5631 5538 5348 5241 5126 4918 4774 4694 4637 4617 4566 4513 4477 4452 4433 4434 4433 4433 4433 4436 4440 4438 4441 4436 4427 4416 4403 4393 4381 4369 4358 4357 4351 4357 4353 4350 4347 4344 4347 4354 4365 4387 4427 4469 4529 4606 4717 4831 4991 5217
5602 5592 5585 5579 5602 5616 5622 5612 5608 5611 5621 5628 5635 5640 5646 5660 5665 5682 5710 5713 5726 5739 5761 5808 5975 6098 6090 6031 5946 5952 5995 6008 6062 5908 5686 5572 5461 5374 5260 5039 4879 4837 4741 4683 4606 4523 4499 4473 4449 4442 4438 4434 4428 4425 4426 4432 4427 4423 4416 4400 4384 4375 4370 4364 4358 4356 4358 4360 4360 4359 4357 4355 4360 4362 4372 4395 4447 4512 4583 4657 4732 4909 5137 5234
5612 5612 5628 5615 5614 5621 5629 5617 5602 5610 5617 5626 5632 5637 5641 5651 5661 5708 5732 5707 5713 5749 5796 5833 6045 6132 6113 6060 6011 6013 6128 6101 6029 5985 5780 5623 5588 5556 5390 5259 5128 5013 4837 4795 4777 4633 4555 4497 4464 4456 4449 4441 4428 4416 4416 4416 4417 4412 4400 4382 4364 4361 4365 4365 4364 4363 4363 4368 4371 4373 4371 4368 4377 4384 4381 4402 4472 4561 4652 4737 4825 4990 5198 5319
5624 5620 5633 5635 5641 5633 5624 5610 5601 5601 5615 5625 5631 5637 5642 5643 5662 5684 5669 5678 5701 5760 5843 5960 6194 6177 6137 6099 6050 6016 6051 6115 6094 6108 6035 5781 5671 5691 5642 5441 5176 5087 4988 4910 4867 4751 4635 4529 4489 4482 4475 4459 4440 4418 4417 4421 4420 4411 4393 4377 4364 4366 4371 4372 4372 4375 4379 4382 4384 4389 4387 4387 4403 4414 4407 4432 4525 4637 4746 4851 4964 5079 5200 5390
5629 5626 5637 5656 5641 5643 5623 5638 5625 5630 5625 5628 5634 5637 5645 5660 5664 5668 5663 5657 5686 5767 5865 5992 6118 6136 6128 6130 6131 6046 6025 6140 6127 6156 6185 5970 5758 5769 5796 5605 5332 5224 5124 5072 4978 4882 4751 4632 4565 4534 4516 4497 4467 4440 4431 4436 4433 4423 4410 4397 4387 4387 4390 4389 4390 4394 4399 4403 4404 4405 4406 4415 4447 4475 4483 4504 4628 4753 4870 4987 5114 5213 5358 5608
5634 5653 5675 5682 5668 5631 5614 5643 5656 5637 5636 5638 5638 5638 5640 5642 5651 5662 5668 5653 5682 5779 5884 5953 5989 6049 6065 6079 6100 6058 6010 6169 6155 6176 6260 6111 5876 5797 5806 5789 5659 5452 5308 5300 5188 5065 4906 4759 4657 4606 4574 4542 4508 4472 4452 4453 4448 4442 4433 4425 4419 4420 4421 4420 4412 4417 4426 4431 4433 4437 4439 4455 4512 4568 4613 4689 4782 4888 5002 5116 5226 5349 5588 5937
5646 5665 5679 5678 5669 5656 5650 5673 5658 5648 5649 5646 5645 5641 5636 5630 5651 5669 5676 5662 5700 5808 5922 6029 6002 5999 5995 5965 5984 6038 5983 6081 6104 6119 6236 6198 6027 5838 5799 5857 5732 5606 5473 5369 5330 5232 5108 4944 4781 4710 4660 4613 4567 4519 4490 4486 4477 4469 4460 4455 4454 4456 4459 4458 4449 4441 4457 4471 4480 4485 4490 4525 4594 4675 4756 4853 4930 5026 5128 5247 5370 5507 5815 6122
5635 5656 5676 5687 5679 5650 5642 5650 5638 5664 5675 5663 5654 5648 5643 5634 5652 5681 5688 5680 5716 5813 5950 6069 5982 5984 5963 5937 5940 5962 5972 5974 5990 6091 6250 6231 6150 5980 5841 5828 5861 5702 5539 5498 5444 5370 5310 5143 4955 4837 4762 4702 4647 4596 4555 4536 4521 4511 4497 4479 4486 4502 4510 4506 4492 4476 4509 4538 4557 4563 4556 4596 4685 4787 4873 4983 5077 5174 5279 5379 5494 5671 5905 6066
5621 5639 5650 5670 5628 5639 5630 5619 5625 5669 5680 5674 5661 5660 5663 5663 5685 5696 5692 5676 5719 5795 5886 6009 6013 5975 5962 5965 5965 5955 5924 5905 5934 5989 6054 6088 6180 6114 5964 5848 5844 5801 5756 5707 5589 5500 5436 5275 5078 4952 4879 4814 4747 4683 4631 4595 4578 4581 4577 4540 4555 4577 4574 4567 4571 4581 4605 4636 4664 4678 4665 4706 4815 4915 4980 5093 5218 5334 5444 5542 5662 5911 6053 6199
5634 5614 5622 5636 5637 5620 5607 5612 5624 5649 5668 5673 5666 5670 5679 5700 5736 5738 5723 5703 5737 5770 5799 5913 5934 5933 5937 5978 5993 5978 5946 5940 5951 6016 6004 5966 6012 6151 6136 5984 5887 5864 5868 5896 5755 5588 5551 5381 5184 5076 5013 4945 4871 4789 4692 4684 4655 4699 4736 4727 4715 4699 4670 4653 4660 4671 4712 4755 4802 4854 4900 4942 5000 5073 5158 5247 5358 5485 5616 5736 5870 6088 6174 6182
5646 5638 5623 5619 5653 5639 5610 5621 5626 5646 5667 5674 5674 5679 5690 5708 5767 5774 5771 5781 5774 5776 5786 5834 5851 5872 5880 5872 5944 5968 5967 5976 6040 6085 6052 6006 5991 6088 6203 6180 6013 5942 5868 5849 5750 5638 5571 5473 5351 5252 5176 5100 5026 4954 4916 4857 4841 4884 4954 5036 4935 4847 4782 4729 4752 4777 4821 4878 4939 5018 5134 5180 5191 5234 5267 5392 5518 5652 5787 5939 6112 6230 6228 6169
