real_craters/C175-500m.grd
DSAA
274 274
-68.25 68.25
-68.25 68.25
4042.2176505916 6591.0405846952
[rows 60 to 89 of 274, columns 201 to 267 of 274]
5712.97 5662.93 5608.66 5564.52 5515.75 5460.45 5392.12 5330.82 5326.57 5289.02 5247.46 5223.66 5204.05 5180.32 5154.39 5139.52 5140.63 5131.99 5105.2 5090.99 5104.57 5119.7 5163.58 5230.97 5260.73 5297.87 5325.82 5343.68 5367.04 5391.07 5430.79 5533.66 5633.39 5744.38 5857.62 5968.37 6024.65 5994.79 5977.6 5976.68 5987.75 6002.3 6009.23 6034.87 6054.37 6073 6040.12 5956.03 5915.14 5923.25 5906.06 5858.87 5837.91 5831.21 5814.1 5792.79 5772.57 5748.84 5726.15 5705.96 5689.91 5680.78 5695.83 5711.68 5735.11 5766.59 5795.3
5825.9 5781.12 5730.69 5684.08 5647.11 5606.33 5551.92 5491.2 5456.62 5392.34 5315.72 5292.53 5273.06 5244.52 5224.63 5212.78 5248.82 5248.8 5213 5187.49 5239.86 5262.58 5311.45 5382.38 5402.67 5428.88 5441.55 5455.56 5476.83 5511.07 5563.27 5644.53 5745.51 5854.51 5963.92 6057.9 6097.78 6080.02 6052.25 6034.54 6023.04 6011.63 5997.88 5995.94 5991.33 5966.58 5917.78 5884.78 5873.29 5846.73 5801.37 5779.17 5771.95 5781.8 5783.48 5776.87 5755.89 5744.32 5727.18 5708.19 5690.97 5679.55 5712.88 5756.95 5786.72 5782.68 5789.82
5931.78 5885.62 5838.45 5806.1 5777.88 5762.84 5756.6 5737.02 5650.52 5540.73 5427.46 5414.34 5406.38 5380.9 5391.84 5403.64 5431.68 5428.83 5404.27 5398.93 5461.52 5501.5 5534.49 5564.96 5587.28 5565.17 5566.98 5573.09 5586.24 5624.4 5681.54 5743.99 5842.37 5941.29 6036.63 6113.29 6138.67 6122.45 6093.75 6062.23 6034.37 5995.68 5971.41 5952.33 5925.34 5892.21 5854.27 5835.09 5843.33 5812.13 5780.41 5757.06 5748.99 5752.57 5762.17 5773.49 5782.25 5755.1 5733.72 5714.89 5700.28 5692.45 5730.55 5786.72 5783.06 5779.49 5775.78
6032.71 5985.94 5952.46 5912.91 5894 5896.79 5927.2 5959.35 5835.76 5716.41 5612.62 5604.71 5614.49 5613.52 5641.31 5670.55 5674.97 5659.55 5651.9 5661.7 5727.42 5812.84 5781.49 5738.06 5716.97 5703.03 5698.32 5696.27 5695.05 5691.98 5742.88 5837.58 5925.03 6009.73 6091.12 6143.36 6158.79 6138.91 6099.79 6065.01 6028.81 5992.47 5941.78 5907.24 5871.58 5842.56 5813.04 5788.44 5779.89 5781.37 5767.56 5744.35 5723.37 5731.51 5741.4 5757.15 5773.62 5752.05 5733.39 5721.51 5716.04 5718.94 5744.2 5775.51 5777.74 5761.08 5756.54
6096.23 6060.89 6034.17 6001.88 5987.14 5990.03 6011.89 6017.51 5944.82 5879.26 5840.68 5832.54 5854.72 5887.13 5886.39 5938.06 5903.97 5873.53 5886.64 5916.77 5949.48 6001.65 5961.03 5904.13 5844.9 5823.3 5822.73 5824.93 5823.51 5808.05 5847.98 5930.19 5997.49 6060.4 6123.23 6177.07 6160.09 6129.33 6089.17 6044.78 6006.93 5965.66 5920.11 5878.48 5825.82 5784.89 5769.65 5760.13 5761.89 5766.18 5764.01 5744.82 5727.24 5718.74 5717.59 5719.45 5724.71 5724.93 5721.99 5720.01 5723.32 5735.24 5740.88 5746.82 5726.5 5723.91 5727.92
6135.4 6120.78 6100.23 6079.63 6067.51 6064.19 6053.63 6025.8 6002.66 5992.13 5983.87 5985.88 6016.61 6033.58 6028.9 6052.64 6029.37 6014.13 6032.29 6036.21 6067.56 6114.47 6055.63 6004.45 5946.68 5927.38 5925.65 5940.8 5974.64 5999.19 6006.35 6035.16 6063.33 6096.52 6126.96 6137.57 6138.17 6109.36 6070.87 6035.4 5980.23 5950.34 5906.85 5859.08 5811.66 5768.07 5747.35 5744.96 5757.12 5761.9 5753.71 5736.54 5721.82 5705.25 5695.87 5685.57 5684.9 5699.47 5707.84 5713.52 5718.35 5719.59 5722.37 5724.61 5710.74 5699.84 5696.06
6178.44 6161.92 6140.93 6121.21 6111.83 6105.99 6092.43 6071.29 6062.7 6071.67 6064.53 6071.07 6097.87 6097.29 6071 6052.11 6048.63 6067.29 6099.58 6085.27 6085.44 6087.92 6082.01 6036.63 6008.81 5993.18 5998.09 6030.44 6099.89 6213.87 6136.51 6110.52 6104.67 6117.01 6131.57 6125.12 6115.24 6080.28 6039.94 5984.98 5949.19 5930.77 5891.47 5851.67 5813.41 5771.35 5756.82 5758.61 5771.64 5761.47 5738.78 5716.06 5692.28 5689.17 5683.79 5674.31 5674.79 5686 5696.77 5705.42 5713.68 5717.22 5709.55 5701.32 5688.29 5675.01 5669.67
6220.2 6184.92 6159.84 6139.31 6130.77 6125.36 6124.55 6133.73 6139.35 6128.24 6134.27 6130.89 6098.83 6086.01 6068.13 6040.55 6037.57 6065.4 6083.16 6087.92 6082.13 6080.01 6090.3 6063.33 6041.93 6027.45 6034.42 6060.28 6111.03 6157.13 6134.25 6116.91 6102.69 6111.72 6141.79 6140.59 6092.05 6038.59 5995.72 5969.27 5936.53 5914.12 5880.16 5848.14 5810.93 5795.8 5795.48 5802.71 5785.2 5755.7 5727.38 5704.11 5697.24 5691.11 5683.78 5678.43 5676.26 5679.97 5686.66 5695.26 5703.66 5707.19 5702.11 5683.46 5661.97 5651.23 5654.38
6188.74 6169.26 6150.22 6136.33 6130.62 6132 6142.5 6162.07 6176.53 6164.32 6150.34 6133.42 6104.76 6079.94 6061.6 6044.48 6045.48 6064.72 6081.97 6095.29 6096.51 6097.37 6105.63 6094.92 6057.45 6047.31 6038.94 6043.57 6056.19 6064.27 6062.19 6065.03 6053.27 6057.43 6096.69 6101.52 6033.76 5989.25 5957.45 5940.84 5919.98 5894.97 5871.42 5852.19 5842.52 5835.68 5832.86 5838.86 5792.41 5752.61 5725.69 5706.41 5702.56 5692.79 5682.03 5681.43 5676.05 5672.76 5674.76 5680.68 5692.45 5697.59 5701.19 5686.77 5668.87 5657.19 5650.04
6118.09 6123.69 6114.82 6108.4 6107.39 6115.91 6130.45 6151.44 6172.23 6144.2 6118.01 6072.52 6059.82 6063.07 6058.73 6054.81 6057.94 6073.12 6091.27 6121.02 6138.68 6137.13 6123.07 6090.82 6058.41 6039.84 6015.51 5996.22 5984.32 5985.37 5994.01 5986.75 5971.59 5953.84 5939.84 5949.62 5944.5 5933.76 5916.4 5900.18 5883.02 5868.9 5857.1 5851.25 5841.19 5834.17 5837.22 5833.18 5801.83 5759.17 5718.89 5696.44 5678.66 5671.66 5670.88 5669.62 5665.96 5663.24 5661.14 5659.82 5657.09 5667.38 5675.63 5676.54 5675.06 5675.97 5649.61
6070.13 6066.57 6063.27 6059.99 6066.81 6080.05 6090.42 6104.82 6092.51 6113.41 6104.47 6084.92 6069.09 6062.15 6063.13 6065.2 6072.04 6076 6093.05 6151.2 6196.45 6179.3 6137.75 6096.52 6057.74 6023.97 5983.41 5941.32 5895.44 5880.25 5910.61 5909.31 5890.44 5856.8 5814.96 5828.86 5861.68 5871.97 5871.4 5867.77 5856.37 5842.17 5837.26 5843.3 5854.55 5839.59 5820.25 5802.55 5776.98 5737.68 5695.61 5664.37 5656.62 5658.27 5658.91 5655.55 5654.91 5651.27 5647.32 5643.23 5638.83 5643.62 5645.18 5644.6 5639.04 5648.72 5640.07
5997.55 5995.36 5997.73 6004.89 6015.88 6028.71 6048.07 6070.11 6103.45 6100 6095.44 6083.73 6071.18 6071.2 6069.62 6070.53 6076.59 6082.84 6099.68 6159.54 6235.14 6187.29 6129.13 6081.54 6038.13 5994.25 5948.79 5902.66 5853.76 5834.24 5854.15 5851.09 5832.27 5805.58 5769.45 5781.87 5808.08 5823.55 5830.48 5829.9 5820.36 5811.7 5804.48 5798 5792.16 5784.79 5790.94 5778.22 5736.68 5695.21 5668.03 5644.64 5643.4 5648.41 5650.12 5650.58 5644.17 5638.61 5633.77 5631.03 5633.7 5632.24 5639.26 5634.35 5630.92 5637.13 5634.19
5899.8 5911.29 5921.78 5933.13 5951.1 5969.73 5990.07 6020.27 6043.13 6062.6 6074.09 6093.57 6097.95 6079.57 6069.81 6067.89 6079.16 6082.12 6090.93 6112.95 6122.86 6126.16 6092.19 6049.81 6006.58 5960.46 5917.31 5873.79 5835.65 5816.57 5824.09 5816.66 5800.95 5783.87 5766.2 5768.07 5783.53 5794.15 5799.14 5796.96 5788.25 5783.05 5772.45 5757.86 5754.97 5763.27 5765.62 5747.03 5705.22 5664.71 5652.59 5642.05 5639.28 5637.7 5638.62 5637.62 5632.28 5626.95 5621.13 5614.39 5608.68 5607.4 5615.98 5630.64 5648.89 5650.2 5640.51
5821.96 5834.78 5849.95 5867.2 5885.6 5901.36 5923.1 5949.94 5972.5 5994.03 6024.49 6070.7 6092.09 6070.66 6053.32 6045.07 6043.48 6050.05 6059.38 6059.78 6047.55 6055.09 6033.04 5998.92 5959.2 5917.15 5880.16 5849.15 5824.18 5803.29 5805.42 5797.27 5787.37 5779.01 5766.37 5768.05 5770.96 5774.98 5773.38 5771.71 5766.58 5758.16 5747.96 5742.91 5753.28 5758.9 5750.14 5729.52 5692.84 5660.18 5652.87 5652.5 5648.88 5639.72 5629.23 5622.86 5620.76 5617.4 5611.86 5603 5592.12 5583.86 5586.85 5623 5658.37 5663.95 5650
5751.99 5756.04 5776.36 5798.82 5818.89 5836.9 5850.98 5868.47 5885.81 5908.06 5935.96 5992.59 6045.89 6026.69 6013.13 6004.63 5990.6 5996.86 6027.73 6039.69 6029.19 6009.01 5984.34 5951.04 5913.5 5877.1 5843.15 5818.74 5808.91 5786.53 5787.03 5783.02 5781.59 5787.5 5783.43 5772.32 5765.57 5762.16 5757.49 5751.42 5743.05 5737.01 5728.97 5718.13 5726.06 5737.29 5736.8 5718.62 5689.34 5662.94 5659.64 5663.56 5661.25 5645.61 5624.63 5614.94 5613.15 5611.2 5608.6 5604.8 5597.83 5588.69 5591.88 5615.63 5636.35 5650.62 5645.72
5668.92 5687.4 5715.42 5738.53 5759.45 5773.2 5782.05 5788.48 5790.26 5796.92 5826.07 5846.36 5917.85 5952.14 5957.16 5959.88 5984.41 6022.47 6003.17 6017.79 6008.58 5970.26 5929.21 5899.67 5868.4 5839.58 5809.38 5777.4 5751.53 5757.61 5768.16 5771.06 5775.73 5786.44 5786.67 5771.57 5759.25 5750.77 5745.6 5738.13 5727.28 5720.8 5716.32 5707.71 5700.4 5711.97 5732.31 5712.98 5683.53 5666.13 5660.28 5667.01 5668.65 5644.4 5627.18 5615.2 5610.97 5608.15 5607.96 5612.24 5609.93 5609.29 5611.13 5615.54 5619.39 5623.32 5621.08
5646.93 5656.68 5682.48 5700.62 5717.83 5726.54 5728.77 5723.08 5715 5716.92 5755.66 5780.81 5847.66 5883.37 5887.11 5887.5 5906.51 5909.88 5909.21 5947.84 5945.48 5903.15 5876.08 5853.49 5827.41 5802 5777.11 5749.23 5734.5 5742.3 5750.6 5757.94 5765.47 5773.18 5770.86 5762.38 5750.32 5739.91 5728.88 5719.32 5708.24 5703.26 5704.24 5716.68 5684.53 5681.37 5682.78 5679.62 5663.9 5648.15 5645.7 5650.23 5647.7 5639.56 5624.49 5615.56 5610.9 5610.13 5608.14 5607.18 5612.21 5616.95 5619.13 5619.12 5616.8 5610.59 5604.91
5655.14 5658 5670.39 5682.02 5688.01 5695.35 5693.5 5685.45 5680.16 5686.67 5730.38 5785.3 5841.08 5825.17 5810.16 5790.71 5762.73 5754.01 5767.27 5772.86 5802.73 5813.56 5809.57 5798.31 5786.02 5769.23 5750.48 5730.08 5720.95 5732.49 5739.7 5747.97 5756.95 5769.67 5763.8 5754.66 5742.51 5729.2 5715.34 5699.88 5691.27 5682.54 5673.86 5659.64 5651.48 5653.56 5652.29 5649.19 5641.21 5631.44 5628.63 5628.9 5629.36 5622.96 5617.17 5614.08 5615.59 5615.26 5612.7 5609.39 5619.07 5624.1 5627.27 5624.47 5617.14 5606.68 5601.44
5679.36 5678.84 5671.01 5670.87 5672.34 5671.36 5671.17 5667.03 5665.1 5674 5719.95 5764.04 5759.41 5750.11 5732.89 5707.63 5671.59 5652.18 5666.37 5664.16 5705.98 5742.08 5751.7 5753.18 5747.61 5742.47 5733.56 5726.17 5721.18 5724.77 5730.19 5737.7 5749.77 5753.95 5750.15 5741.75 5730.48 5718.28 5703.08 5691.16 5677.38 5664.56 5648.9 5639.51 5635.89 5635.54 5635.99 5628.87 5621.67 5616.28 5611.3 5606.89 5598.51 5603.31 5606.35 5612.45 5621.15 5625.94 5623.81 5621.3 5641.62 5646.08 5641.41 5630.21 5621.87 5614.76 5602.78
5683.51 5677.63 5667.97 5663 5660.39 5656.29 5655.31 5653.42 5656.12 5676.09 5699.25 5716.35 5689.66 5676.5 5669.68 5654.27 5633.67 5623.04 5636.38 5651.41 5675.63 5701.75 5716.14 5720.39 5719.69 5715.24 5715.27 5721.89 5717.2 5716.46 5719.55 5726.29 5735.46 5738.75 5734.99 5727.16 5716.2 5702.99 5689.28 5677.64 5666.1 5652.16 5633.63 5626.54 5630.86 5620.84 5613.79 5609.95 5603.99 5596.58 5592.51 5593.65 5595.92 5596.15 5596.55 5609.83 5625.62 5639.64 5646.97 5643.11 5671.03 5694.1 5646.98 5623.12 5618.27 5616.4 5601.44
5673.82 5661.68 5662.47 5659.93 5655.69 5647.29 5642.26 5639.03 5640.2 5646.09 5652.64 5648.6 5626.48 5622.42 5625.82 5622.71 5618.02 5624.97 5640.21 5656.95 5665.35 5678.92 5684.62 5687.05 5686.06 5683.85 5683.73 5693.65 5694.46 5695.26 5700.31 5708.5 5720.32 5724.73 5719 5708.92 5698.71 5687.51 5678.69 5665.04 5655.03 5645.42 5637.11 5627.68 5619.48 5608.65 5600.03 5596.72 5591.51 5584.6 5581.21 5587.84 5593.03 5598.95 5598.14 5609.68 5626.49 5646.91 5676.74 5670.31 5617.69 5614.55 5588.18 5587.11 5599.17 5605.62 5590.62
5676.13 5668.25 5666.49 5661.97 5653.7 5645.63 5637.23 5630.05 5623.4 5618.78 5614.73 5608.21 5599.69 5597.04 5601.16 5606.27 5613.55 5628.89 5644.17 5656.19 5654.65 5655.74 5658.71 5658.84 5656.71 5651.63 5644.62 5634.68 5651.04 5665.19 5675.4 5685.28 5698.23 5707.57 5699.04 5690.1 5681.74 5672.52 5665.61 5652.84 5644.5 5637.92 5633.15 5622.21 5610.8 5600.8 5592.75 5589.42 5586.42 5584.09 5585.16 5589.72 5595.03 5605.17 5605.56 5609.48 5619.32 5628.39 5632.8 5586.08 5469.89 5426.29 5485.3 5535.54 5576.9 5605.51 5601.61
5684.65 5683.1 5676.56 5665.59 5655.13 5643.1 5628.83 5620.37 5609.73 5598.34 5588.11 5581.93 5577.45 5578.17 5586.23 5595.72 5606.61 5621.62 5638.59 5648.28 5645.3 5642.25 5637.2 5633.87 5629.09 5621.84 5614.75 5610.98 5622.25 5638.16 5650.17 5659.45 5666.33 5669.23 5672.56 5670.7 5665.32 5657.78 5649.31 5640.38 5631.16 5626.73 5624.27 5618.97 5608.81 5597.82 5588.53 5584.2 5583.6 5586.74 5593.13 5594.09 5598.59 5609.11 5606.93 5607.09 5609.09 5597.89 5557.41 5476.86 5360.26 5337.05 5421.08 5500.98 5564.86 5612.13 5614.56
5687.65 5686.83 5682.62 5671.91 5657.93 5642.4 5623.64 5608.15 5597 5583.71 5574.17 5567.3 5564.56 5567.13 5577.68 5590.35 5604.73 5621.8 5636.8 5638.73 5632.31 5627.9 5620.92 5615.15 5608.27 5600.51 5593.41 5590.75 5601.65 5616.41 5627.81 5636.74 5644.47 5647.69 5651.01 5650.03 5645.6 5639.36 5627.45 5621.77 5616.14 5612.95 5614.29 5624.53 5605.55 5589.31 5580.34 5577.41 5578.23 5582.75 5589.79 5592.43 5599.33 5604.96 5603.7 5605.05 5606.93 5592.07 5534.32 5446.86 5347.22 5338.47 5413.2 5496.18 5566.81 5616.23 5630.79
5689.67 5695.25 5689.94 5674.21 5656.63 5637.23 5618.55 5600.06 5583.14 5569.02 5560.6 5557.47 5557.54 5561.75 5571.79 5586.31 5608.87 5614.01 5616.44 5618.72 5617.04 5609.8 5603.63 5596.74 5590.4 5584.38 5579.9 5579.82 5588.76 5599.25 5609.13 5617.68 5626.61 5630.76 5632.38 5632.21 5628.83 5622.9 5616.72 5607.23 5600.87 5594.7 5592.26 5593.45 5584.05 5570.33 5566.7 5568.21 5571.07 5574.68 5577.36 5586.08 5594.6 5600.07 5598.6 5604 5617.49 5626.36 5602.96 5502.53 5380.49 5385.45 5445.23 5513.43 5583.34 5640.35 5653.82
5688.2 5697.63 5691.02 5672.29 5650.12 5628.62 5607.28 5587.34 5568 5552.49 5546.65 5548.08 5551.82 5558.85 5564.84 5574.03 5591.93 5600.38 5610.19 5603.39 5598.44 5591.67 5585.83 5580.36 5574.88 5570.48 5569.1 5570.6 5577.52 5585.67 5594.27 5602.09 5609.02 5613.79 5616.21 5616.2 5613.47 5608.67 5603.08 5594.6 5587.5 5577.53 5566.45 5561.48 5560.62 5551.91 5554.97 5559.64 5564.38 5569.2 5573.89 5581.77 5589 5589.44 5588.34 5596.87 5624.13 5661.19 5694.61 5603.2 5518.08 5488.95 5504.39 5540.93 5598.66 5671.94 5703.59
5680.12 5691.22 5687.22 5663.46 5639.23 5615.1 5593.33 5572.92 5553.11 5536.48 5532.23 5538.55 5544.41 5552.59 5557.34 5561.21 5574.94 5578.14 5575.77 5576.9 5575.85 5570.78 5566.88 5562.41 5558.97 5556.54 5555.68 5558.33 5565.38 5572.73 5580.95 5591.38 5597.88 5601.23 5601.83 5601.19 5598.62 5594.13 5586.59 5582.68 5577.42 5572.23 5569.76 5566.55 5555.99 5547.23 5549.01 5553.47 5558.66 5565.08 5573.41 5580.69 5586.31 5588.96 5584.18 5590.84 5615.81 5648.5 5677.77 5682.47 5667.24 5601.17 5563.32 5555.63 5578.52 5654.2 5744.39
5667.48 5674.14 5668.76 5645.9 5622.69 5599.59 5578.42 5557.88 5540.31 5525.97 5522.64 5528.1 5534.16 5542.32 5548.55 5555.97 5560.95 5557.23 5549.84 5551.01 5550.95 5548.92 5546.05 5543.83 5542.17 5541.64 5543.43 5546.17 5552.4 5559.62 5567.96 5578.81 5587.39 5588.57 5588.15 5586.91 5584.75 5581.49 5575.08 5572.96 5570.02 5568.53 5573.54 5572.32 5556.5 5548.22 5546.62 5548.63 5552.98 5559.55 5570.58 5578.83 5582.79 5582.71 5576.99 5582.01 5597.85 5613.33 5647.19 5714.2 5731.78 5660.51 5586.52 5533.43 5501.73 5495.06 5511.96
5645.42 5643.81 5632.49 5618.86 5601.52 5582.06 5562.07 5545.24 5530 5518.63 5513.55 5518.44 5523.03 5525.18 5536.85 5553.13 5551.65 5541.82 5533.27 5531.29 5530.66 5530.23 5529.09 5527.99 5527.3 5527.17 5527.29 5532.63 5539.04 5546.31 5555.02 5565.46 5569.7 5574.21 5575.15 5574.93 5573.63 5572.16 5570.28 5565.8 5563.77 5560.59 5558.64 5557.5 5552.86 5546.91 5544.97 5545.26 5546.79 5550.7 5557.31 5565.31 5573.66 5569.77 5568.17 5581.29 5585.7 5594.68 5638.37 5714.66 5738.48 5667.79 5581.98 5498.05 5416.44 5338.73 5311.99
5623.45 5615.09 5603.03 5591.18 5577.32 5563.38 5552.59 5538.09 5524.15 5513.11 5513.54 5518.5 5517.76 5515.46 5525.48 5546.47 5543.41 5530.12 5516.48 5514.52 5515.35 5515.17 5514.41 5513.38 5513.54 5514.73 5514.95 5519.75 5525.21 5532.29 5541.3 5554.54 5563.14 5561.57 5561.82 5561.6 5561.22 5560.54 5557.52 5557.93 5558.06 5556.47 5550.51 5549.37 5547.48 5544.67 5541.87 5541.08 5540.4 5538.88 5535.35 5539.3 5561.6 5561.82 5561.23 5578.27 5576.67 5578.68 5625.63 5689.67 5706.44 5650.55 5566.37 5472.85 5368.82 5265.88 5208.48
