real_craters/C175-750m.grd
DSAA
183 183
-68.25 68.25
-68.25 68.25
4032.5387827366 6570.3091998997
[rows 114 to 151 of 183, columns 0 to 83 of 183]
5481 5471 5471 5476 5481 5482 5479 5469 5448 5430 5419 5411 5404 5398 5394 5400 5405 5404 5402 5401 5406 5405 5414 5418 5426 5435 5442 5452 5466 5461 5442 5419 5399 5400 5408 5415 5402 5387 5386 5392 5396 5402 5407 5408 5405 5402 5403 5401 5392 5387 5397 5400 5394 5395 5389 5384 5383 5393 5408 5412 5412 5413 5409 5415 5419 5426 5431 5437 5443 5453 5488 5504 5520 5548 5572 5603 5614 5626 5706 5675 5706 5763 5861 5832
5489 5481 5482 5493 5503 5501 5495 5482 5467 5450 5432 5419 5410 5403 5400 5407 5409 5406 5404 5399 5392 5393 5403 5436 5441 5443 5449 5463 5478 5469 5446 5422 5406 5400 5406 5415 5408 5407 5405 5399 5399 5403 5410 5406 5394 5391 5394 5397 5392 5396 5403 5408 5407 5394 5385 5379 5380 5409 5409 5405 5409 5415 5420 5414 5412 5413 5417 5421 5421 5427 5449 5473 5502 5528 5549 5550 5548 5533 5547 5565 5601 5598 5808 5815
5493 5490 5494 5504 5516 5511 5503 5491 5476 5459 5441 5426 5416 5407 5402 5404 5409 5408 5405 5400 5393 5393 5403 5436 5450 5448 5446 5460 5467 5469 5444 5417 5397 5387 5388 5395 5406 5415 5426 5412 5401 5400 5404 5398 5387 5387 5393 5397 5400 5407 5409 5404 5403 5394 5382 5373 5374 5390 5398 5399 5401 5408 5412 5405 5401 5399 5400 5406 5414 5422 5447 5459 5467 5490 5498 5518 5525 5515 5525 5540 5561 5544 5587 5720
5496 5497 5499 5505 5509 5508 5502 5492 5477 5461 5445 5431 5421 5412 5406 5404 5412 5413 5410 5407 5406 5413 5423 5441 5454 5453 5443 5454 5469 5469 5434 5407 5381 5372 5377 5385 5399 5414 5431 5406 5393 5392 5392 5394 5395 5400 5396 5397 5409 5418 5410 5399 5402 5388 5374 5364 5363 5385 5392 5383 5386 5389 5392 5388 5384 5381 5383 5390 5409 5415 5446 5429 5438 5415 5478 5493 5528 5531 5513 5536 5549 5551 5559 5656
5503 5504 5507 5505 5498 5504 5513 5495 5475 5459 5446 5435 5426 5419 5416 5424 5426 5419 5415 5414 5417 5429 5439 5450 5458 5465 5468 5467 5454 5425 5415 5400 5386 5378 5374 5381 5397 5410 5412 5387 5383 5383 5392 5404 5407 5404 5393 5378 5382 5412 5399 5372 5380 5376 5365 5353 5349 5362 5367 5366 5365 5363 5364 5366 5367 5367 5367 5368 5369 5399 5422 5422 5397 5400 5440 5455 5495 5530 5492 5509 5545 5577 5606 5623
5500 5501 5515 5503 5500 5505 5507 5491 5469 5456 5447 5438 5429 5423 5420 5421 5419 5419 5419 5417 5418 5419 5430 5440 5461 5473 5480 5471 5445 5410 5405 5399 5389 5380 5379 5383 5395 5409 5409 5393 5375 5372 5378 5414 5410 5397 5378 5353 5340 5379 5388 5369 5365 5365 5356 5343 5332 5327 5329 5341 5339 5335 5339 5345 5352 5356 5357 5355 5359 5381 5395 5399 5372 5392 5410 5416 5419 5448 5461 5468 5515 5570 5579 5567
5484 5482 5473 5481 5497 5505 5501 5487 5467 5457 5448 5440 5433 5424 5415 5404 5417 5420 5422 5423 5421 5422 5423 5432 5459 5466 5462 5460 5442 5419 5411 5404 5400 5398 5383 5383 5388 5402 5413 5377 5362 5357 5361 5354 5381 5368 5354 5353 5358 5374 5378 5358 5360 5358 5349 5340 5327 5314 5309 5310 5311 5309 5317 5329 5338 5345 5349 5351 5351 5375 5367 5360 5374 5371 5394 5404 5403 5408 5432 5438 5458 5493 5516 5502
5474 5465 5455 5462 5484 5498 5499 5489 5480 5464 5455 5447 5439 5430 5421 5412 5417 5424 5428 5430 5429 5426 5423 5428 5442 5451 5447 5445 5438 5435 5418 5406 5404 5413 5387 5378 5374 5372 5373 5363 5350 5345 5348 5368 5364 5356 5351 5358 5358 5352 5352 5350 5348 5346 5341 5335 5325 5309 5294 5292 5295 5297 5307 5319 5329 5339 5348 5357 5357 5355 5346 5339 5346 5336 5366 5388 5382 5395 5412 5404 5417 5439 5459 5457
5470 5460 5446 5455 5481 5505 5506 5489 5475 5469 5462 5455 5448 5441 5434 5432 5430 5436 5436 5437 5438 5441 5429 5428 5445 5452 5440 5432 5425 5416 5405 5398 5393 5386 5383 5370 5359 5345 5347 5353 5342 5340 5342 5347 5351 5352 5354 5355 5350 5340 5330 5329 5332 5332 5327 5323 5318 5313 5314 5301 5298 5304 5306 5315 5325 5335 5346 5358 5360 5341 5331 5322 5330 5347 5342 5349 5352 5372 5395 5391 5385 5410 5448 5471
5479 5463 5455 5459 5476 5497 5495 5488 5479 5475 5469 5463 5457 5451 5448 5446 5454 5450 5444 5442 5442 5444 5440 5439 5445 5449 5437 5422 5413 5400 5390 5384 5380 5373 5367 5364 5355 5341 5333 5343 5349 5338 5332 5339 5342 5346 5351 5347 5343 5334 5318 5318 5316 5311 5310 5305 5307 5309 5308 5304 5299 5298 5303 5311 5320 5329 5338 5345 5344 5333 5321 5312 5319 5325 5325 5329 5340 5336 5360 5373 5378 5402 5424 5428
5476 5463 5449 5447 5465 5479 5487 5495 5496 5485 5479 5474 5468 5464 5462 5461 5459 5452 5446 5443 5440 5437 5441 5440 5439 5444 5443 5427 5407 5385 5371 5374 5373 5371 5367 5364 5361 5358 5344 5348 5373 5338 5320 5324 5333 5339 5338 5334 5335 5327 5305 5303 5307 5304 5297 5290 5295 5302 5302 5305 5301 5297 5298 5303 5310 5319 5329 5335 5328 5323 5317 5314 5331 5328 5318 5316 5317 5327 5321 5345 5376 5380 5391 5413
5477 5457 5445 5444 5458 5476 5481 5492 5496 5491 5486 5480 5477 5475 5473 5472 5463 5451 5447 5443 5439 5436 5433 5437 5431 5423 5430 5422 5405 5385 5371 5375 5373 5369 5368 5365 5363 5365 5343 5332 5361 5328 5317 5321 5329 5335 5338 5329 5331 5332 5309 5307 5305 5304 5290 5275 5287 5297 5308 5302 5296 5288 5289 5293 5299 5307 5317 5325 5333 5323 5319 5334 5337 5326 5308 5292 5293 5301 5305 5319 5331 5340 5338 5354
5439 5442 5440 5441 5455 5472 5474 5481 5487 5487 5485 5483 5481 5479 5478 5476 5469 5456 5452 5448 5442 5440 5445 5438 5429 5423 5421 5416 5404 5399 5402 5384 5375 5377 5368 5359 5356 5347 5333 5328 5350 5323 5318 5321 5327 5334 5342 5335 5330 5331 5320 5310 5308 5305 5298 5291 5287 5289 5289 5288 5286 5281 5278 5281 5287 5294 5304 5318 5325 5314 5302 5323 5305 5311 5299 5284 5283 5290 5295 5303 5310 5318 5324 5317
5425 5431 5439 5445 5455 5465 5476 5480 5483 5485 5485 5484 5484 5484 5484 5484 5475 5464 5462 5459 5454 5451 5452 5441 5430 5418 5408 5401 5396 5395 5393 5380 5370 5358 5346 5351 5350 5345 5334 5337 5371 5337 5332 5326 5327 5332 5337 5335 5321 5308 5309 5310 5304 5303 5296 5293 5289 5285 5282 5276 5270 5262 5261 5264 5269 5275 5282 5290 5304 5297 5289 5284 5299 5300 5285 5272 5277 5274 5270 5288 5297 5307 5318 5312
5430 5433 5438 5447 5448 5454 5475 5489 5483 5482 5484 5484 5485 5486 5488 5492 5496 5480 5475 5473 5471 5468 5461 5445 5432 5411 5388 5382 5384 5382 5369 5368 5359 5356 5354 5351 5347 5341 5333 5330 5345 5335 5320 5322 5324 5326 5328 5325 5314 5299 5298 5303 5296 5286 5286 5288 5287 5282 5273 5261 5240 5238 5243 5248 5252 5256 5260 5263 5266 5274 5275 5266 5274 5273 5269 5278 5276 5272 5279 5265 5275 5288 5295 5300
5424 5426 5432 5439 5439 5435 5435 5442 5464 5469 5470 5471 5480 5482 5486 5488 5484 5492 5485 5486 5492 5479 5463 5445 5429 5410 5379 5375 5376 5376 5374 5361 5347 5342 5355 5351 5345 5339 5333 5328 5317 5313 5317 5319 5321 5322 5325 5326 5313 5299 5294 5291 5289 5289 5293 5293 5289 5280 5270 5257 5238 5228 5231 5235 5238 5239 5241 5245 5248 5258 5259 5257 5264 5256 5255 5270 5269 5267 5272 5269 5268 5269 5268 5282
5414 5417 5425 5433 5435 5428 5427 5444 5456 5467 5476 5482 5490 5495 5495 5491 5479 5469 5483 5487 5485 5472 5453 5435 5422 5401 5382 5375 5373 5371 5367 5354 5335 5327 5343 5343 5343 5340 5334 5330 5326 5319 5320 5323 5323 5322 5318 5327 5319 5305 5291 5283 5289 5290 5300 5302 5290 5278 5264 5251 5239 5225 5224 5227 5229 5228 5223 5223 5236 5248 5254 5246 5257 5249 5247 5244 5250 5256 5261 5265 5264 5258 5248 5258
5413 5414 5418 5425 5427 5425 5434 5440 5455 5468 5478 5486 5489 5495 5497 5496 5488 5509 5486 5478 5484 5462 5436 5421 5418 5396 5387 5375 5370 5368 5365 5354 5332 5316 5319 5326 5335 5335 5331 5327 5328 5330 5334 5328 5325 5324 5322 5332 5328 5320 5308 5303 5301 5301 5311 5302 5287 5273 5260 5248 5227 5219 5223 5226 5226 5224 5218 5216 5228 5240 5248 5241 5257 5237 5247 5250 5245 5249 5254 5261 5264 5259 5254 5254
5409 5408 5410 5411 5415 5424 5434 5446 5449 5456 5465 5473 5483 5489 5495 5499 5492 5417 5375 5447 5492 5457 5423 5405 5404 5396 5377 5373 5369 5366 5361 5355 5351 5340 5324 5321 5321 5326 5329 5332 5337 5339 5334 5329 5326 5326 5330 5326 5332 5329 5327 5325 5303 5297 5300 5293 5279 5264 5249 5237 5223 5222 5227 5229 5229 5228 5226 5225 5225 5228 5229 5226 5255 5240 5237 5244 5241 5244 5244 5254 5261 5260 5261 5261
5407 5407 5404 5403 5407 5422 5433 5436 5437 5443 5450 5459 5470 5482 5493 5501 5496 5416 5350 5435 5475 5448 5424 5411 5400 5392 5374 5372 5368 5362 5357 5355 5358 5351 5337 5330 5328 5325 5327 5329 5332 5329 5327 5326 5323 5319 5318 5315 5327 5344 5324 5287 5277 5280 5286 5281 5270 5255 5235 5211 5223 5235 5234 5234 5233 5233 5232 5226 5223 5221 5220 5233 5232 5247 5239 5237 5236 5238 5239 5236 5245 5256 5264 5265
5403 5402 5400 5401 5409 5422 5429 5422 5428 5438 5450 5459 5471 5474 5486 5495 5505 5502 5478 5444 5447 5432 5422 5415 5405 5390 5385 5375 5366 5358 5350 5346 5352 5347 5335 5327 5323 5324 5325 5325 5325 5326 5328 5329 5323 5313 5299 5291 5292 5303 5291 5267 5262 5270 5269 5272 5264 5251 5236 5226 5227 5240 5239 5239 5238 5238 5236 5223 5226 5220 5220 5219 5215 5237 5251 5234 5245 5242 5236 5232 5241 5254 5265 5274
5400 5398 5400 5402 5408 5425 5417 5405 5408 5416 5426 5436 5457 5468 5483 5486 5479 5461 5445 5433 5429 5429 5416 5402 5402 5395 5386 5378 5367 5357 5347 5336 5350 5343 5322 5302 5313 5325 5336 5334 5333 5330 5338 5326 5314 5310 5304 5292 5292 5292 5288 5273 5265 5278 5283 5275 5267 5255 5242 5231 5235 5239 5241 5241 5240 5241 5246 5256 5238 5229 5223 5210 5218 5232 5227 5227 5236 5236 5223 5224 5238 5251 5263 5278
5402 5402 5403 5408 5421 5426 5422 5393 5395 5403 5411 5418 5425 5432 5450 5456 5456 5451 5426 5420 5420 5418 5409 5400 5404 5408 5392 5379 5369 5360 5352 5352 5354 5341 5322 5302 5306 5345 5372 5374 5374 5399 5344 5298 5301 5306 5305 5299 5294 5292 5261 5236 5271 5292 5293 5283 5272 5260 5250 5247 5246 5247 5244 5241 5240 5240 5240 5243 5243 5233 5221 5222 5224 5227 5227 5228 5239 5237 5215 5219 5241 5243 5249 5249
5406 5403 5403 5406 5414 5422 5416 5389 5392 5400 5408 5415 5425 5431 5439 5441 5439 5435 5419 5415 5417 5414 5403 5393 5405 5396 5388 5379 5371 5365 5360 5357 5352 5343 5331 5321 5317 5367 5414 5439 5261 5143 5172 5233 5280 5309 5314 5302 5292 5292 5274 5279 5273 5285 5296 5293 5276 5262 5251 5250 5245 5244 5240 5238 5238 5240 5242 5247 5245 5243 5228 5237 5232 5232 5227 5229 5244 5234 5197 5205 5224 5229 5230 5229
5411 5408 5404 5397 5395 5402 5413 5393 5396 5403 5408 5416 5421 5422 5425 5425 5425 5424 5416 5411 5410 5407 5399 5392 5399 5385 5378 5372 5371 5371 5370 5366 5352 5346 5337 5333 5340 5380 5425 5418 5161 5038 5083 5205 5273 5311 5315 5301 5291 5290 5277 5263 5262 5255 5273 5281 5274 5261 5245 5228 5227 5226 5227 5232 5236 5242 5251 5250 5244 5234 5231 5226 5230 5241 5235 5230 5228 5223 5204 5201 5209 5213 5215 5212
5413 5405 5398 5387 5383 5386 5395 5404 5405 5405 5407 5409 5412 5413 5415 5414 5412 5409 5403 5406 5404 5401 5397 5395 5397 5384 5372 5365 5370 5375 5380 5380 5367 5348 5338 5328 5336 5366 5394 5391 5202 5100 5176 5250 5286 5311 5304 5288 5276 5273 5271 5262 5264 5268 5268 5270 5272 5261 5245 5225 5221 5221 5224 5230 5234 5237 5244 5245 5240 5230 5218 5214 5218 5224 5238 5230 5219 5211 5203 5200 5199 5204 5209 5210
5407 5392 5383 5384 5383 5383 5388 5406 5408 5408 5407 5407 5407 5407 5406 5405 5403 5401 5401 5404 5398 5396 5394 5392 5385 5380 5373 5375 5372 5377 5384 5395 5362 5342 5335 5331 5330 5345 5351 5334 5330 5363 5409 5317 5293 5286 5285 5273 5271 5269 5271 5276 5263 5257 5272 5288 5277 5263 5252 5245 5228 5226 5228 5232 5234 5233 5231 5234 5232 5229 5213 5210 5207 5202 5223 5214 5198 5188 5192 5195 5199 5203 5206 5208
5392 5377 5370 5375 5377 5373 5385 5399 5405 5407 5407 5405 5405 5404 5402 5399 5398 5397 5401 5403 5400 5394 5392 5388 5385 5372 5369 5363 5369 5372 5374 5367 5336 5332 5333 5335 5332 5334 5327 5319 5320 5322 5299 5297 5283 5271 5269 5265 5258 5262 5271 5272 5261 5255 5272 5283 5278 5262 5245 5235 5231 5233 5237 5237 5234 5236 5229 5226 5225 5223 5214 5210 5204 5199 5205 5211 5199 5192 5187 5191 5195 5199 5204 5213
5372 5365 5361 5381 5381 5372 5382 5393 5401 5403 5403 5401 5399 5398 5396 5395 5394 5393 5395 5392 5389 5391 5392 5390 5389 5373 5369 5369 5368 5368 5364 5350 5328 5329 5333 5341 5339 5342 5333 5315 5304 5314 5290 5275 5270 5264 5267 5270 5263 5263 5270 5279 5268 5266 5273 5285 5279 5263 5239 5228 5230 5237 5254 5239 5229 5221 5221 5220 5220 5216 5211 5207 5199 5186 5183 5216 5213 5204 5193 5190 5188 5189 5198 5209
5357 5356 5369 5384 5386 5387 5382 5392 5403 5404 5402 5401 5398 5397 5392 5392 5389 5390 5391 5384 5382 5387 5393 5400 5382 5373 5369 5367 5366 5364 5361 5354 5347 5335 5330 5333 5361 5354 5359 5340 5304 5310 5288 5271 5268 5267 5268 5271 5275 5261 5265 5268 5262 5256 5271 5279 5280 5271 5255 5237 5225 5228 5231 5230 5224 5214 5217 5217 5212 5215 5215 5208 5204 5202 5196 5198 5200 5196 5198 5190 5183 5182 5188 5198
5338 5342 5351 5362 5376 5377 5364 5384 5398 5398 5396 5395 5395 5394 5392 5391 5389 5385 5383 5383 5381 5384 5389 5388 5379 5372 5368 5366 5363 5362 5361 5358 5350 5341 5330 5327 5332 5347 5365 5355 5315 5280 5272 5268 5273 5272 5266 5262 5255 5255 5263 5268 5272 5265 5273 5291 5297 5283 5265 5246 5229 5224 5225 5225 5225 5228 5226 5219 5215 5218 5211 5211 5212 5207 5204 5193 5190 5195 5195 5189 5183 5178 5181 5180
5333 5329 5330 5341 5361 5363 5355 5371 5385 5389 5390 5391 5392 5393 5394 5393 5391 5386 5383 5383 5381 5382 5384 5386 5385 5373 5367 5364 5362 5362 5364 5365 5358 5349 5339 5335 5335 5337 5320 5343 5353 5288 5278 5280 5276 5271 5264 5257 5260 5262 5265 5270 5272 5259 5271 5293 5306 5292 5282 5260 5236 5228 5228 5226 5225 5223 5222 5219 5214 5216 5207 5209 5211 5207 5188 5183 5188 5186 5191 5189 5186 5182 5178 5170
5327 5327 5332 5348 5359 5357 5351 5362 5372 5378 5381 5386 5388 5391 5393 5393 5393 5390 5383 5381 5381 5379 5376 5376 5374 5369 5365 5363 5363 5362 5364 5365 5361 5357 5354 5350 5354 5341 5333 5330 5318 5300 5281 5276 5277 5272 5264 5258 5261 5265 5265 5267 5272 5267 5262 5271 5275 5287 5286 5273 5259 5246 5234 5227 5224 5219 5219 5221 5218 5215 5211 5207 5204 5194 5188 5187 5184 5180 5186 5187 5187 5187 5176 5165
5328 5333 5346 5377 5351 5332 5355 5358 5359 5367 5374 5380 5385 5388 5391 5394 5397 5399 5399 5389 5382 5375 5370 5369 5370 5365 5362 5360 5360 5363 5365 5369 5374 5378 5376 5364 5343 5334 5339 5337 5326 5298 5271 5272 5280 5274 5266 5265 5263 5259 5256 5256 5257 5242 5245 5250 5259 5283 5299 5282 5264 5250 5243 5240 5231 5224 5222 5224 5223 5215 5208 5206 5206 5206 5199 5187 5182 5181 5185 5185 5181 5175 5165 5157
5338 5343 5357 5390 5375 5366 5360 5358 5356 5362 5370 5376 5380 5384 5388 5393 5398 5403 5404 5384 5374 5371 5371 5367 5367 5362 5360 5359 5360 5366 5373 5381 5394 5404 5399 5378 5353 5333 5323 5338 5326 5289 5269 5274 5279 5272 5262 5257 5257 5248 5246 5245 5242 5242 5240 5242 5247 5275 5292 5281 5266 5254 5250 5244 5239 5222 5220 5224 5223 5217 5207 5209 5208 5201 5190 5184 5179 5180 5187 5183 5171 5156 5149 5147
5353 5348 5348 5349 5368 5370 5368 5362 5361 5366 5372 5376 5378 5381 5384 5388 5392 5397 5392 5372 5363 5364 5368 5371 5365 5358 5359 5360 5364 5371 5382 5391 5402 5406 5407 5386 5357 5346 5339 5321 5307 5288 5281 5279 5278 5269 5259 5255 5253 5247 5244 5245 5248 5246 5244 5246 5250 5265 5275 5271 5261 5254 5253 5255 5233 5223 5218 5223 5229 5234 5220 5213 5211 5200 5182 5179 5176 5182 5198 5182 5164 5147 5140 5139
5355 5347 5336 5330 5339 5352 5359 5359 5365 5371 5374 5376 5378 5379 5381 5382 5384 5383 5381 5370 5356 5356 5357 5364 5364 5361 5358 5360 5366 5373 5381 5390 5397 5413 5412 5387 5356 5338 5337 5321 5304 5289 5284 5282 5275 5268 5259 5255 5253 5250 5247 5248 5253 5255 5253 5256 5262 5266 5266 5263 5255 5247 5247 5248 5230 5215 5214 5221 5275 5242 5234 5220 5204 5192 5182 5175 5181 5187 5184 5170 5157 5146 5140 5135
5353 5345 5335 5327 5331 5334 5330 5340 5361 5375 5375 5374 5375 5376 5377 5378 5377 5374 5375 5372 5353 5350 5350 5353 5354 5354 5355 5359 5363 5370 5377 5383 5386 5390 5392 5377 5356 5340 5334 5319 5304 5289 5278 5287 5276 5273 5273 5264 5261 5256 5253 5256 5264 5269 5265 5266 5276 5275 5266 5259 5250 5241 5238 5229 5217 5205 5211 5222 5251 5273 5249 5233 5209 5198 5191 5178 5178 5174 5160 5154 5148 5142 5137 5132
