real_craters/C175-1000m.grd
DSAA
79 79
-39 39
-39 39
3857.8399880313 5876.1712841164
[rows 30 to 59 of 79, columns 0 to 66 of 79]
5440.21 5443.75 5458.74 5489.76 5522.76 5528.95 5519.11 5512.61 5506.72 5501.71 5493.6 5487.16 5478.66 5464.24 5456.97 5451.5 5458.03 5457.32 5460.58 5472.18 5483.37 5488.07 5552.25 5638.51 5724.87 5778.16 5535.5 5306 5108.92 4874.58 4726.63 4601.87 4522.96 4448.15 4378.03 4317.53 4278.7 4249.2 4231.67 4243.89 4248.71 4272.34 4289.48 4343.18 4395.11 4459.23 4565.43 4741.67 4932.52 5164.5 5433.31 5751.43 5738.09 5672.87 5637.19 5620.61 5617.06 5613.93 5611.81 5610.1 5610.5 5617.52 5619.11 5622.59 5625.59 5629.18 5631.59
5460.78 5473.5 5493.6 5503.33 5508.09 5515 5513.63 5509.61 5507.36 5504.06 5499.62 5489.34 5474.59 5462.69 5460.4 5466.91 5474.53 5473.1 5478.1 5492.43 5504.1 5507.02 5565.79 5648.91 5700.43 5629.15 5319.38 5036.11 4837.55 4668.17 4544.75 4431.69 4342.9 4313.46 4269.36 4219.97 4181.98 4137.49 4104.6 4105.82 4114.3 4138.46 4170.87 4241.57 4303.03 4353.11 4429.94 4604.16 4780.33 4974.71 5196.27 5462.14 5701.26 5732.31 5668.17 5644.97 5627.85 5616.73 5613.76 5610.76 5613.72 5621.65 5620.75 5622.54 5626.05 5628.86 5630.99
5477.08 5495.69 5508.43 5508.22 5503.25 5503.46 5504.58 5502.45 5502.07 5503.7 5507.51 5503.81 5491.16 5482.06 5470.69 5476.35 5484.11 5493.99 5505.85 5517.88 5532.92 5545.41 5590.94 5656.9 5683.07 5537.21 5201.2 4868.59 4678.03 4557.09 4449.64 4361.49 4286.42 4221.24 4172.59 4122.53 4072.38 4043.73 4027.28 4025.77 4032.69 4049.67 4065.48 4128.54 4202.89 4268.32 4336.3 4477.03 4638.82 4803.35 4975.16 5187.46 5483.21 5781.06 5761.05 5693.34 5651.35 5620.93 5620.68 5618.65 5617.34 5620.48 5618.77 5622.23 5626.63 5629.4 5631.36
5480.22 5504.84 5508.87 5508.07 5498.49 5494.09 5492.25 5492.41 5494.5 5497.38 5501.74 5503.09 5503.63 5496.36 5481.47 5484.26 5498.2 5509.44 5522.83 5537.91 5570.96 5615.05 5652.28 5653.43 5651.78 5489.53 5141.79 4832.48 4576.8 4488.16 4389.64 4304.6 4213.7 4127.87 4063.9 4019.87 3982.34 3983.33 3984.3 3985.91 3992.88 4000.48 4011.26 4036.66 4107.95 4195.27 4269.07 4374.85 4527.39 4675.71 4828.25 5013.46 5256.82 5603.06 5785.87 5730.63 5667.92 5625.07 5624.2 5631.63 5627.58 5624.64 5622.39 5627.27 5629.61 5630.98 5632.98
5464.07 5477 5479.64 5481.55 5490.27 5484.15 5484.11 5483.7 5483.99 5485.35 5485.92 5487.22 5494.57 5492.63 5487.28 5490.83 5496.19 5501.57 5500.8 5541.52 5584.8 5629.51 5641.47 5613.35 5576.05 5345.38 5067.65 4787.86 4530.44 4427.19 4321.52 4221.43 4106.91 4041.9 3997.74 3972.95 3966.54 3971.77 3973.93 3975.49 3983.53 3990.54 3991.87 4000.06 4036.95 4118.26 4214.94 4309.22 4450.8 4587.6 4724.84 4884.58 5053.18 5318.47 5633.58 5690.04 5666.21 5630.49 5624.6 5631.03 5635.22 5633.71 5632.01 5633.24 5633.23 5634.78 5636.81
5443.36 5448.48 5448.4 5453.29 5479.7 5476.91 5477.07 5476.49 5475.3 5472.86 5470.99 5470.95 5476.58 5487.8 5500.22 5506.77 5512.92 5505.59 5495.53 5541.05 5588.39 5615.1 5600.18 5544.55 5455.24 5212.5 4986.93 4743.27 4510.23 4376.56 4249.4 4128.41 4049.75 4001.06 3978.37 3970.6 3975.79 3975.68 3975.48 3972.05 3972.26 3985.71 3982.87 3978.87 3993.04 4034.87 4142.48 4243.66 4388.88 4523.22 4665.6 4829.56 4971.75 5178.4 5486.91 5637.19 5671.89 5643.31 5624.97 5622.13 5631.06 5635.52 5636.67 5635.39 5637.07 5640.43 5642.46
5430.75 5434.27 5432.16 5447.52 5480.72 5473 5472 5469.14 5465.18 5461.69 5457.98 5459.33 5465.29 5485.54 5500.02 5505.72 5509.72 5503.45 5507.95 5544.62 5595.15 5618.12 5584.66 5507.92 5349.26 5117.14 4934.18 4699.43 4470.41 4317.57 4193.91 4081.86 4014.84 3980.35 3974.58 3973.85 3975.69 3974.67 3969.22 3963.6 3976.77 3975.45 3977.36 3967.41 3964.11 3991.36 4069.18 4187.96 4335.74 4471.93 4606.4 4778.54 4926.03 5155.17 5468.31 5631.04 5697.69 5660.44 5629.63 5621.94 5628.57 5633.58 5636.88 5632.65 5641.52 5647.46 5650.68
5426.8 5438.01 5446.19 5471.03 5477.2 5474.72 5469.26 5464.43 5459.91 5455.88 5452.75 5454.26 5459.53 5479.05 5488.48 5483.96 5475.44 5488.48 5495.22 5537.59 5606.7 5661.98 5664.57 5528.28 5314.94 5072.8 4894.47 4639.4 4395.62 4262.78 4141 4038.57 3984.77 3972.08 3971.09 3971.23 3971.88 3975.64 3977.68 3976.77 3977.28 3983.98 3964.84 3936.36 3923.95 3948.73 4024.65 4120.04 4282.03 4426.81 4574.08 4731.9 4864.16 5149.91 5496.44 5656.12 5738.4 5673.01 5632.86 5621.3 5624.6 5631.47 5636.84 5641.9 5652.73 5656.95 5659.7
5424.01 5433.91 5443.17 5454.27 5468.08 5471.28 5466.79 5462.02 5457.07 5452.57 5451.4 5459.44 5462.42 5468.67 5467.32 5472.66 5475.79 5479.66 5474.32 5520.41 5610.55 5700.4 5750.41 5546.96 5248.54 5029.4 4854.92 4568.59 4351.9 4207.18 4109.03 4013.94 3973.37 3973.8 3971.56 3971.65 3974.81 3981.41 4029.82 4041.36 4113.08 4063.57 3975.52 3918.55 3893.98 3923.88 4002.36 4115.05 4262.52 4413.65 4560.4 4694.85 4833.12 5145.31 5495.99 5672.69 5765.46 5677.83 5633.8 5623.53 5626.16 5632.37 5651.82 5669.28 5669.83 5669.64 5671.89
5423.47 5431.44 5441.31 5454.02 5463.67 5464.55 5462.16 5457.83 5453.91 5450.2 5447.42 5454.9 5471.14 5460.03 5448.15 5450.96 5473.19 5476.23 5459.42 5494.33 5592.15 5683.13 5710.6 5503.54 5169.73 4981.28 4827.05 4540.73 4316.25 4168.26 4087.84 4006.29 3970.38 3971.39 3972.95 3972.6 3976.76 4017.72 4086.25 4151.21 4122.82 4062.79 3989.05 3928.46 3895.66 3928.47 3999.05 4120.64 4264.52 4415.64 4548.53 4661.16 4805.87 5167.32 5467.75 5669.22 5765.78 5672.44 5632.03 5628.05 5631.43 5634.44 5661.88 5674.96 5677.2 5678.48 5680.56
5432.45 5450.65 5446.05 5453.6 5459.62 5460.12 5455.66 5451.39 5449.45 5450.87 5450.67 5448.11 5451.63 5450.11 5434.91 5431 5453.4 5466.05 5442.35 5462.16 5559.28 5641.53 5657.4 5451.79 5100.56 4938.97 4817.58 4524.54 4323.03 4168.24 4078.88 4007.08 3970.3 3974.44 3974.68 3971.29 3978.9 4028.91 4076.91 4171.32 4053.55 3985.87 3965 3931.77 3927.24 3937.14 4006.08 4122.36 4261.85 4413.11 4549.66 4654.19 4788.49 5130.11 5424.32 5672.47 5777.11 5675.64 5629.11 5632.5 5639.22 5648.47 5660.42 5669.89 5680.42 5684.07 5685.07
5438.78 5447.7 5439.53 5444.43 5452.5 5453.81 5446.56 5442.03 5440.39 5442.99 5446.81 5440.92 5441.87 5446.45 5445.55 5429.39 5435.01 5439.28 5425.49 5436.3 5526.18 5610.57 5616.65 5432.68 5106.59 4941.6 4790.71 4503.86 4315.35 4170.72 4082.47 4014.96 3971.17 3974.47 3976.91 3979.22 3977.73 3969.99 3999.24 3999.72 3978.81 3982.39 3968.34 3919.44 3908.61 3935.39 4010.51 4121.04 4250.57 4386.05 4538.98 4666.35 4811.72 5065.58 5437.82 5697.11 5789.82 5679.31 5635.2 5639.38 5647.58 5662.12 5676.1 5689.63 5692.07 5686.78 5684.82
5437.51 5439.43 5432.15 5425.32 5431.32 5434.04 5430.7 5428.23 5426.11 5422.56 5422.89 5429.3 5436.27 5443.87 5444.69 5431.08 5429.05 5420.68 5414.16 5421.19 5509.04 5607.22 5662.22 5566.32 5170.79 4970.48 4797.52 4560.84 4360.96 4188.07 4102.16 4030.3 3978.83 3975.34 3978.47 3980.25 3981.15 3980.52 3980.9 3980.86 3986.34 3980.61 3936.84 3894.36 3875.23 3925.13 4018.06 4126.55 4246.82 4375.17 4542.78 4679.02 4836.51 5086.42 5484.29 5719.54 5752.42 5667.58 5634.86 5653.97 5671.74 5676.97 5685.87 5692.91 5689.14 5681.69 5678.77
5421.68 5426.7 5422.44 5409.52 5410.52 5410 5412.67 5414.85 5414.43 5411.08 5410.88 5416.33 5427.27 5438.37 5443.28 5436.66 5436.06 5435.72 5426.99 5420.91 5496.6 5598.96 5682.91 5642.82 5266.98 5025.52 4816.95 4626.97 4443.09 4258.39 4142.88 4058.7 3993.78 3978.03 3981.54 3982.88 3982.29 3981.86 3982.11 3984.33 3985.66 3979.18 3940.61 3882.79 3857.84 3920.01 4015.05 4136.78 4257.11 4399.09 4574.14 4686.48 4815.96 5149.94 5601.71 5753.82 5722.92 5658.24 5634.92 5658.36 5681.24 5686.06 5690.52 5689.08 5673.34 5671.06 5670.92
5392.04 5399.03 5402.93 5401.55 5400.29 5401.34 5402.7 5406.43 5408.49 5410.66 5413.6 5422.5 5423.14 5430.29 5443.03 5445.07 5437.69 5443.87 5433.16 5421.45 5482.28 5565.81 5640.29 5637.65 5358.12 5102.46 4850.92 4667.62 4491.92 4315.16 4191.5 4099.97 4024.77 3984.15 3984.78 3984.92 3985.79 3984.84 3984.02 3983.77 3983.37 3967.8 3929.47 3870.28 3888.13 3948.76 4048.7 4159.66 4277.75 4412.76 4587.32 4704.74 4858.24 5264.76 5703.7 5826.56 5743.23 5663.64 5637.44 5665.44 5675.57 5682.63 5688.47 5682.81 5662.13 5662.87 5664.4
5375.81 5379.42 5384.41 5391.42 5394.84 5399.3 5401.4 5404.06 5406.19 5409.14 5417.87 5424.69 5427.07 5432.53 5440.46 5439.43 5435.47 5431.8 5431.15 5432.73 5466 5517.82 5560.65 5574.21 5457.95 5180.2 4892.82 4754.16 4575 4381.27 4253.3 4151.9 4064.1 4009.27 3986.66 3988.35 3988.85 3989.23 3986.38 3988.58 3973.62 3939.5 3921.31 3890.87 3923.27 4006.33 4115.79 4212.11 4324.25 4462.69 4627.54 4760.05 4967.19 5384.98 5755.46 5792.96 5749.47 5664.69 5639.37 5662.33 5673.48 5684.18 5688.1 5678.29 5666.58 5660.58 5661.18
5375.39 5375.04 5380.05 5382.39 5389.29 5402.38 5401.18 5403.87 5407.08 5407.18 5406.46 5413.25 5425.94 5435.95 5439.44 5443.05 5439.48 5434.99 5436.15 5438.15 5451.65 5474.51 5496.94 5511.67 5470.74 5257.38 4971.56 4863.95 4675.06 4480.11 4334.53 4221.23 4119.93 4048.66 4015.75 4007.76 4015.86 4008.91 3991.91 3994.56 3968.89 3928.32 3921.2 3931.33 4002.47 4078.1 4198.3 4302.96 4422.52 4603.35 4724.56 4845.42 5119.21 5515.1 5809.03 5742.84 5690.16 5645.3 5640.21 5656.73 5677.06 5690.63 5688.96 5676.71 5664.47 5660.31 5660.41
5373.38 5374.64 5379.25 5381.66 5383.69 5388.28 5393.64 5402.03 5410.92 5419.9 5412.09 5411.24 5422.84 5434.4 5439.99 5438.51 5434.89 5442.55 5447.31 5445.59 5448.35 5452.87 5464.58 5501.79 5515.73 5345.21 5048.44 4916.93 4752.67 4575.22 4427.57 4307.32 4200.21 4122.86 4081.16 4062.03 4060.28 4056.39 4032.47 4023.66 4020.22 4000.16 3995.45 4010.38 4070.27 4164.57 4288.6 4404.02 4518.08 4656.96 4824.97 4987.2 5332.66 5635.19 5804.53 5692.02 5646.45 5633.17 5640.34 5654.07 5674.04 5688.17 5690.8 5680.1 5668.16 5662.25 5661.48
5374.86 5374.84 5379.38 5380.12 5378.37 5383.35 5387.86 5400.8 5411.24 5418.27 5419.86 5417.9 5425.97 5433.54 5445.53 5446.17 5451.17 5463.41 5471.26 5457.26 5454.91 5458 5472.2 5541.31 5632.15 5491.44 5184.41 5000.99 4865.14 4699.45 4545.49 4423.65 4308.32 4217.2 4173.54 4147.5 4136.34 4123.67 4101.69 4094.54 4088.97 4095.87 4105.84 4123.76 4199.54 4284.01 4412.02 4520.25 4621.25 4760.92 4952.52 5223.55 5583.87 5709.99 5709.93 5646.91 5624.13 5630.11 5638.82 5653.35 5676.65 5693.8 5694.33 5681.71 5668.71 5663.53 5663.3
5377.26 5375.93 5378.78 5381.39 5382.17 5383.08 5392 5404.02 5413.99 5424.75 5431.74 5432.52 5434.71 5444.06 5447.6 5453.45 5457.2 5467.73 5472.86 5465.39 5465.01 5467.03 5488.27 5583.67 5669.82 5653.4 5447.85 5226.33 5075.36 4889.56 4714.51 4593.03 4445.45 4338.7 4290.28 4248.62 4228.04 4214.86 4202.3 4185.6 4183.58 4201.26 4243.43 4285.94 4381.99 4509.22 4558.31 4662.37 4758.8 4918.27 5195.53 5559.62 5755.84 5740.09 5673.27 5626.44 5618.9 5626.72 5639.07 5659.03 5681.87 5699.81 5693.19 5679.03 5669.06 5664.67 5664.9
5377.53 5375.1 5379.4 5382.68 5383.57 5384.34 5389.83 5404.02 5415.84 5427.05 5434.67 5437.4 5438.53 5440.66 5445.74 5451.1 5453.86 5463.68 5466.04 5468.62 5472.26 5470.93 5486.25 5560.91 5663.86 5705.04 5668.65 5552.14 5355.05 5199.83 5046.89 4843.99 4625.15 4488.91 4418.78 4366.26 4343.98 4334.95 4352.85 4364.4 4361.83 4340.28 4380.32 4462.77 4539.64 4640.86 4731.56 4824.39 4916.44 5113.1 5446.59 5761.53 5738.7 5709.18 5648.14 5623.77 5624.87 5630.39 5640 5660.95 5683.06 5698.06 5684.55 5672.07 5665.16 5661.86 5664.75
5373.29 5371.38 5379.56 5383.66 5385.02 5388.76 5396.54 5402.75 5415.46 5427.02 5433.2 5437.32 5441.09 5442.19 5446.22 5454.94 5458.01 5463.46 5471.16 5472.08 5474.35 5472.48 5476.63 5534.2 5616.99 5763.33 5729.21 5660.46 5583.05 5530.36 5445.98 5176.29 4855.64 4671.23 4564.61 4503.04 4481.09 4485.96 4544.11 4522.59 4578.62 4505.07 4522.88 4562.09 4638.8 4734.2 4887.8 5030.23 5141.16 5386.86 5634.87 5834.06 5738.5 5684.71 5640.5 5624.59 5628.54 5634.27 5639.99 5659.01 5680.84 5695.32 5680.4 5666 5660.83 5658.03 5664.61
5368.05 5373.99 5382.09 5385.32 5386.88 5391.69 5398.98 5404.99 5414.1 5432.04 5436.27 5436.81 5442.04 5447.33 5451.72 5453.04 5455.36 5460.11 5468.24 5475.59 5483.75 5477.62 5470.36 5506.12 5563.74 5648.79 5655.07 5649.48 5677.73 5737.45 5778.39 5512.27 5203.25 4939.58 4751.3 4662.78 4636.72 4632.79 4668.69 4664.77 4652.07 4636.9 4666.51 4706.96 4745.67 4860.27 5085.62 5302.92 5522.4 5715.1 5837.15 5876.17 5761.38 5682.34 5638.93 5629.43 5629.98 5634.91 5641.86 5660.76 5677.32 5687.32 5675.32 5660.78 5656.01 5658.03 5666.65
5370.52 5379.19 5388.54 5386.4 5384.69 5390.2 5400.54 5410.21 5414.63 5432.67 5435.13 5430.82 5427.6 5436.41 5447.1 5447.23 5450.63 5457.63 5466.42 5476.26 5483.36 5481.37 5474.29 5491.95 5516.68 5553.86 5569.15 5613.05 5688.94 5775.61 5837.15 5729.96 5597.24 5371.6 5121.35 4876.09 4798.55 4764.12 4750.05 4746.63 4748.51 4760.05 4788.88 4832.36 4898.37 5084.79 5346.85 5571.99 5819.65 5860.87 5829.22 5745.41 5699.44 5662.49 5633.46 5635.37 5637.35 5646.24 5658.96 5668.86 5674.44 5676.1 5668.02 5658.96 5657.53 5659.29 5669.12
5375.47 5381.17 5384.14 5384.97 5385.22 5389.24 5395.51 5404.01 5406.99 5417.74 5419.96 5422.42 5422.66 5426.84 5433.3 5440.96 5447.22 5446.79 5461.5 5474.26 5483.77 5485 5480.46 5483.44 5488.07 5498.06 5504.85 5559.51 5628.97 5700.83 5741.65 5732.18 5714.19 5700.77 5544.61 5212.57 5054.72 4941.85 4887.33 4863.91 4870.14 4921.37 4995.14 5123.29 5198.15 5510.84 5591.16 5694.76 5763.68 5743.85 5720.12 5674.46 5656.78 5649.25 5638.78 5649.54 5660.09 5670.66 5679.39 5673.97 5672.05 5669.24 5663.73 5659.59 5661.84 5663.85 5675.87
5378.28 5383.49 5384.77 5383.08 5384.07 5386.9 5390.43 5396 5407.1 5413.86 5417.04 5418.06 5420.56 5423.37 5422.87 5435.1 5444.16 5444.25 5456.03 5468.6 5478.33 5483.91 5485.22 5485.72 5489.02 5491.35 5485.15 5527.27 5573.68 5609.64 5624.39 5638.8 5665.75 5676.77 5626.79 5506.17 5423.71 5230.39 5152.51 5092.69 5100.24 5255.52 5343.05 5487.66 5515.44 5684.35 5682.83 5681.35 5675.45 5665.82 5656.72 5649.36 5652.22 5656.44 5657.55 5662.37 5671.49 5675.36 5674.97 5670.97 5668.07 5664.96 5663.78 5667.21 5667.48 5677.35 5687.36
5372.1 5373.17 5377.59 5380.54 5381.65 5383.52 5386.94 5386.22 5395.44 5405.78 5409.17 5416.19 5421.35 5424.86 5426.56 5434.5 5442.17 5443.35 5450.94 5459.92 5469.57 5479.51 5486.55 5489.11 5493.67 5503.23 5502.46 5518 5540.26 5555.83 5560.95 5569.16 5592.87 5605.24 5667.86 5663.43 5657.91 5556.39 5490.19 5439.45 5455.88 5582.63 5709.12 5639.79 5600.52 5626.65 5647.18 5632.06 5626.76 5633.75 5648.56 5662.09 5665.72 5663.34 5662.99 5651.67 5649.34 5659.16 5663.38 5664.35 5663.17 5662 5663.18 5673.49 5674.08 5684.16 5697.33
5373.62 5372.8 5378.53 5381.63 5379.32 5376.42 5383.42 5386.41 5391.06 5402.51 5409.1 5418.12 5424.54 5428.12 5432.76 5438.46 5445.07 5450.62 5449.12 5450.88 5458.42 5462.9 5477.95 5487.92 5493.45 5509.44 5517.59 5519.73 5527.1 5531.28 5528.3 5526.72 5547.98 5577 5716.47 5735.01 5749.66 5710.34 5682.18 5678.07 5692.53 5781.14 5784.35 5653.37 5598.86 5594.09 5606.75 5603.72 5611.57 5629.58 5647.52 5657.04 5659.71 5656.53 5655.63 5655.01 5653.24 5653.11 5654.09 5656.93 5659.45 5661.98 5666.66 5670.49 5676.74 5691.68 5707.52
5389.21 5384.46 5390.55 5386.59 5381.84 5378.34 5381.36 5384.64 5390.46 5401.45 5410.73 5420.46 5428.93 5432.6 5437.66 5441.88 5445.47 5447.13 5451.5 5453.29 5455.33 5456.7 5472.84 5487.44 5499.6 5513.43 5516.99 5521.17 5524.37 5527.27 5529.11 5532.03 5534.66 5552.5 5604.06 5616.17 5634.23 5644.28 5665.58 5703.91 5749.82 5738.4 5683.93 5627.95 5597.42 5591.35 5593 5595.9 5605.45 5615.86 5624.86 5635.53 5648.39 5657.34 5664.17 5659.63 5650.93 5647.92 5647.26 5653.8 5659.1 5663.97 5668.29 5680.31 5691.31 5702.48 5708.34
5399.42 5393.71 5398.27 5393.45 5387.66 5381.41 5383.16 5386 5391.12 5405.08 5414.52 5420.04 5428.16 5437.69 5440.82 5441.94 5442.95 5450.34 5456.14 5458.94 5459.79 5458.27 5471.88 5486.74 5500.12 5514.21 5517.01 5521.44 5524.85 5528.01 5530.74 5533.15 5533.8 5540.45 5555.43 5561.42 5573.86 5591.24 5616.67 5645.28 5657.82 5650.4 5623.05 5605.92 5599.97 5595.3 5592.77 5594.12 5601.57 5605.79 5619.37 5638.67 5653.15 5664.86 5669.29 5661.4 5654.58 5645.86 5647.17 5653.69 5660.95 5669.49 5680.94 5693.41 5696.62 5697.26 5697.5
