real_craters/C175-500m.grd
DSAA
274 274
-68.25 68.25
-68.25 68.25
4042.2176505916 6591.0405846952
[rows 150 to 179 of 274, columns 0 to 66 of 274]
5438.07 5425 5427.19 5430.41 5428.83 5427.64 5426.45 5424.13 5421.14 5418.14 5415.13 5411.92 5409.94 5409.04 5410.13 5412 5412.14 5419.26 5420.01 5413.98 5409.1 5410.79 5413.29 5413.4 5412.14 5409.5 5405.8 5402.22 5399.19 5393.69 5386.58 5380.21 5373.69 5370.82 5369.99 5368.91 5367.08 5364.5 5358.21 5354.02 5356.61 5359.13 5360.54 5367.85 5381.23 5389.34 5400.49 5407.23 5411.49 5414.16 5415.21 5415.02 5415.14 5415.78 5415 5420.04 5431.63 5442.47 5450.89 5459.34 5469.28 5481.11 5494.24 5510.31 5524.51 5530.81 5532.36
5469.82 5445.68 5438.76 5435.75 5435.77 5434.55 5431.83 5428.34 5423.79 5420.16 5416.88 5414.58 5412.27 5410.65 5408.81 5407.45 5406.96 5409.82 5410.63 5408.06 5404.45 5405.36 5407.58 5408.97 5408.65 5407.51 5405.76 5404.5 5402.34 5394.82 5387.14 5380.82 5375.51 5371.33 5367.9 5365.89 5365.71 5364.39 5361.87 5352.32 5352.86 5355.54 5357.6 5368.06 5392.69 5410.54 5414.02 5413.6 5415.62 5417.22 5419.15 5419.23 5419.48 5421.31 5424.49 5434.25 5449.47 5460.05 5469.8 5477.8 5486.64 5496.03 5503.88 5511.76 5514.23 5517.19 5522.22
5468.3 5457.34 5450.13 5445.99 5444.9 5443.24 5438.58 5433.57 5428.88 5424.04 5420.52 5417.41 5414.95 5411.87 5408.72 5406.27 5406.76 5406.92 5408.79 5409.85 5404.5 5404.9 5406.77 5407.07 5407.19 5406.23 5405.12 5403.06 5399.39 5394.43 5387.96 5382.07 5376.62 5371.85 5367.28 5363.24 5361.4 5364.29 5364.06 5355.95 5357.51 5359.92 5364.81 5374.78 5401.69 5416.27 5415.43 5417.41 5420.57 5422.62 5423.74 5425.9 5427.08 5427.4 5433 5455.16 5471.14 5480.78 5488.72 5495.51 5501.01 5506.79 5512.37 5516.3 5520.4 5522.74 5516.43
5461.55 5460.28 5460.53 5462.73 5460.5 5451.78 5444.25 5437.42 5431.62 5426 5421.86 5419.4 5419.05 5413.75 5408.33 5403.05 5401.24 5404.72 5407.29 5408.17 5407.84 5406.9 5406.2 5406.37 5406.12 5405.94 5405.18 5402.83 5397.52 5395.54 5390.5 5384.04 5378.54 5372.99 5368.47 5363.46 5360.63 5363.03 5366.66 5369.37 5369.72 5368.52 5371.09 5385.52 5404.54 5413.54 5415.21 5419.15 5423.65 5427.23 5429.72 5433.58 5436.88 5437.93 5439.52 5464.54 5488.05 5500.33 5508.74 5514.41 5518.82 5520.5 5520.37 5520.28 5520.99 5521.5 5504.66
5455.61 5460.89 5465.28 5474.65 5468.51 5455.93 5447.09 5439.43 5432.44 5426.53 5421.01 5417.07 5416.67 5410.76 5407.22 5403.33 5402.32 5404.46 5407.07 5408.37 5409.97 5408.37 5407.89 5407.68 5407.16 5406.64 5406.13 5405.42 5405.66 5399.26 5392.21 5385.53 5380.7 5377.46 5370.97 5367.1 5362.74 5359.37 5363.92 5374.43 5379.41 5381.13 5384.05 5407.49 5417.14 5418.54 5415.02 5423.3 5428.84 5433.2 5437.43 5443.87 5451.08 5459.55 5471.85 5491.88 5509.11 5519.54 5527.72 5532.13 5532.93 5532.75 5528.57 5521.17 5509.78 5495.39 5494.46
5461.34 5460.31 5462.79 5462.05 5458.76 5455.41 5449.34 5441.99 5434.58 5426.68 5419.05 5411.07 5403.18 5404.9 5406.09 5404.69 5404.13 5405.31 5407.82 5412.04 5409.33 5408.04 5409.14 5407.61 5406.69 5406.49 5405.89 5405.34 5403.24 5398.93 5392.01 5386.06 5380.89 5377.71 5372.5 5369.49 5366.16 5361.17 5367.64 5380.21 5388.9 5396.07 5408.44 5422.57 5432.07 5432.85 5432.36 5434.06 5434.93 5438.98 5445.16 5451.83 5463.54 5479.25 5501.06 5512.73 5523.2 5534.57 5546.8 5556.09 5550.49 5548.72 5537.89 5523.84 5506.71 5489.73 5485.94
5459.44 5458.6 5459.9 5457.97 5455.67 5455.4 5450.78 5443.24 5435.03 5426.63 5418.26 5408.97 5400.93 5402.35 5404.85 5408.32 5406 5404.52 5405.93 5408.8 5414.34 5418.6 5410.41 5407.52 5405.49 5404.36 5404.01 5403.96 5402.11 5398.8 5392.24 5384.78 5378.85 5374.11 5370.76 5370.83 5371.45 5374.93 5381.49 5391.87 5401.87 5407.87 5417.36 5430.35 5437.94 5440.76 5450.44 5440.45 5434.65 5437.74 5445.98 5456.12 5469.73 5485.92 5497.7 5518.9 5530.38 5545.85 5561.87 5579.33 5591.22 5567.96 5547.32 5529.03 5511.14 5494.32 5486.94
5453.39 5455.36 5458.96 5461.91 5462.69 5459.2 5451.58 5442.91 5434.1 5425.91 5418.16 5411.34 5406.24 5402.94 5402.16 5398.55 5400.28 5400.69 5401.43 5403.82 5408.38 5409.54 5406.06 5403.62 5401.84 5400.85 5400.59 5401.48 5403.95 5401.03 5390.07 5381.44 5374.69 5369.23 5367.19 5368.01 5375.92 5387.21 5394.6 5404.06 5413.26 5419.42 5421.39 5430.37 5436.81 5430.83 5422.99 5421.29 5425.43 5432.5 5440.32 5452.62 5468.87 5487.84 5508.61 5525.87 5537.41 5554.19 5567.37 5579.43 5583.45 5568.17 5549.78 5533.22 5517.99 5505.91 5500.8
5451.82 5451.99 5458.12 5466.41 5475.16 5462.92 5451.06 5440.9 5431.66 5424.03 5417.92 5413.83 5409.01 5404.16 5400.99 5396.57 5396.49 5396.47 5395.55 5393.62 5393.01 5395.47 5396.78 5397.3 5396.73 5395.89 5395.24 5394.94 5395.13 5391.34 5383.34 5376.15 5370.35 5365.62 5365.2 5370.88 5380.79 5391.08 5404.35 5415.7 5424.77 5434.05 5437.5 5426.76 5419.57 5416.5 5404.47 5404.72 5414.16 5424 5435.41 5448.04 5461.45 5480.31 5500.22 5518.61 5550.27 5557.9 5562.7 5566.88 5566.63 5558.86 5546.55 5533.89 5523.22 5515.66 5512.77
5450.29 5449.62 5453.45 5460.28 5465.2 5456.48 5446.03 5436.03 5427.04 5419.89 5414.96 5413.81 5410.08 5404.4 5401.42 5397.98 5395.67 5393.58 5390.81 5387.75 5386.59 5386.88 5389.15 5390.41 5390.52 5389.81 5388.39 5385.99 5382.12 5379.54 5373.63 5370.89 5367.62 5364.85 5366.26 5375.89 5389.6 5402.59 5415 5425.74 5437.34 5442.29 5432.58 5430.95 5424.8 5414.25 5402.17 5398.5 5407.24 5417.14 5427.6 5438.42 5448.13 5463.81 5485.69 5509.03 5535.63 5546.74 5549.61 5551.96 5551.76 5546.57 5538.6 5529.87 5522.41 5516.49 5509.73
5444.11 5441.81 5444.93 5447.61 5447.08 5444 5437.04 5429.04 5421.63 5414.07 5408.04 5404.77 5402.99 5402.37 5402.35 5399.15 5395.76 5391.59 5387.51 5383.55 5380.98 5384.37 5383.88 5384.43 5385.06 5384.51 5382.71 5378.68 5370.52 5354.94 5366.45 5368.45 5367.94 5367.64 5369.99 5381.09 5402.32 5418.92 5425.71 5431.51 5436.38 5436.49 5437.57 5443.78 5436.77 5419.29 5405.37 5401.84 5406.07 5413.86 5421.45 5428.72 5434.86 5441.71 5456.85 5485.6 5502.19 5517.63 5529.61 5536.29 5537.36 5534.3 5528.54 5521.82 5516.05 5510.88 5500.16
5438.1 5435.92 5435.64 5435.64 5434.25 5430.77 5427.76 5422.27 5415.18 5407.75 5399.47 5391.68 5393.34 5397.56 5401.71 5401.55 5395.33 5390.07 5385.43 5380.95 5377.29 5375.44 5377.8 5379.92 5380.92 5380.87 5379.29 5376.8 5374.68 5387.95 5374.41 5371.65 5371.92 5373.3 5376.08 5386.38 5413.32 5431.44 5431.87 5433.23 5433.97 5435.45 5440.16 5439.88 5434.35 5422.76 5411.39 5406.74 5409.11 5413.3 5417.5 5420.4 5422.64 5424.6 5432.37 5448.18 5478.47 5492.62 5505.43 5518.51 5521.53 5518.2 5513.81 5509.01 5503.61 5496.11 5479.99
5437.78 5430.6 5427.74 5426.04 5422.27 5421.08 5420.25 5416.45 5410.67 5403.62 5395.27 5385.7 5388.27 5392.25 5396.37 5396.68 5392.38 5388.54 5384.96 5381.44 5377.66 5377.01 5377 5377.18 5377.93 5377.93 5377.46 5376.87 5376.68 5373.38 5375.32 5376.76 5378.01 5381.19 5385.39 5397.7 5414.15 5426.34 5430.72 5432.36 5433.51 5434.13 5436.45 5432.99 5430.26 5425.45 5419.57 5415.96 5415.48 5415.35 5414.98 5414.24 5413.59 5411.85 5411.82 5415.36 5438.84 5453.28 5476.03 5500.23 5501 5500.58 5497.97 5494.09 5488.25 5477.98 5465.37
5432.74 5425.58 5420.09 5420.91 5423.42 5423.72 5416.93 5412.69 5407.68 5402.01 5396.12 5392.51 5388.19 5386.75 5386.98 5387.93 5388.07 5387.56 5386.15 5384.16 5382.46 5379.39 5376.96 5376.32 5376.78 5377.16 5377.59 5378.27 5377.99 5377.11 5379.66 5382.92 5385.51 5390.25 5398.62 5404.8 5413.32 5421.6 5427.06 5430.39 5432.71 5433.38 5434.34 5428.4 5428.49 5428.41 5427.34 5423.87 5422.95 5418.77 5414.66 5410.03 5407.15 5405.86 5401.53 5399.92 5402.68 5417.47 5445.67 5463.78 5476.29 5479.52 5479.24 5477.52 5474.02 5468.52 5454.8
5426.46 5410.62 5414.37 5418.49 5417.74 5413.48 5413.54 5411.61 5407.44 5402.12 5396.69 5391.23 5387.32 5382.57 5375.73 5379.88 5384.89 5387.1 5387.77 5387.16 5385.34 5381.62 5377.93 5377.06 5377.49 5378.13 5379.38 5380.75 5383.27 5386.41 5388.59 5389.73 5391.66 5395.99 5400.73 5406.95 5408.24 5416.63 5424.38 5429.36 5432.8 5435.46 5435.03 5430.94 5430.7 5431.88 5434.33 5439.62 5431.38 5421.22 5412.87 5406.03 5400.22 5396.98 5390.3 5386.01 5395.78 5413.08 5427.67 5444.19 5454.12 5459.53 5461.14 5461.01 5459.52 5456.85 5448.65
5429.94 5430.64 5428.13 5423.38 5417.64 5410.51 5415.73 5415.11 5410.26 5403.68 5397.45 5392.53 5387.91 5384.56 5381.67 5382.34 5385.76 5388.33 5389.88 5390.6 5390.1 5386.76 5380.61 5379.63 5380.19 5381.26 5382.9 5385.15 5388.41 5392.83 5395.77 5394.67 5395.45 5399.51 5408.28 5410.41 5410.83 5416.96 5423.98 5429.65 5434.82 5438.76 5436.66 5431.26 5433.01 5434.52 5435.77 5435.67 5428.38 5417.63 5408.1 5399.35 5392.25 5384.88 5380.28 5374.85 5388.94 5401.22 5415.68 5429.34 5436.47 5441.07 5442.99 5442.91 5442.46 5443.14 5441.44
5435.79 5435.38 5433.45 5433.13 5432.24 5431.57 5430.12 5424.72 5417.09 5407.85 5398.4 5392.35 5390.26 5388.62 5390.84 5387.75 5388.45 5390.29 5392.42 5394.14 5395.71 5392.67 5383.58 5382.09 5383.32 5384.75 5386.76 5388.92 5391.68 5394.46 5395.83 5395.69 5396.05 5397.78 5398.33 5407.57 5416.8 5420.2 5426.34 5432.94 5437.47 5440.17 5443.19 5438.22 5437.91 5436.17 5433.09 5427.4 5420.72 5411.91 5402.17 5392.91 5384.9 5380.11 5377.43 5378.21 5386.97 5396.34 5402.75 5413.28 5420.28 5424.78 5426.06 5426.39 5423.82 5422.2 5422.75
5444.54 5443.64 5444.46 5444.22 5448.35 5456.29 5446.94 5436.52 5426.5 5415.03 5403.15 5397 5395.31 5392.84 5387.84 5391.45 5392.57 5393.79 5395.33 5397.09 5398.34 5395.88 5386.63 5385.95 5387.8 5389.48 5390.72 5392.17 5393.15 5394.16 5394.67 5395.03 5395.29 5395.92 5399.17 5407.16 5413.22 5421.04 5428.97 5437.12 5444.83 5445.53 5454.01 5451.06 5443.67 5436.99 5429.87 5423.78 5416.29 5405.34 5396.83 5388.05 5378.89 5374.1 5379.37 5388.72 5394.53 5390.94 5391.67 5397.93 5406.01 5410.75 5412.96 5412.66 5409.48 5407.96 5412.09
5454.94 5452.1 5450.86 5451.77 5455.46 5458.71 5453.92 5446.66 5437.98 5426.91 5412.23 5407.05 5405.21 5403.19 5401.63 5398.07 5397.22 5397.22 5397.69 5398.71 5400.8 5402.6 5393.72 5392.31 5393.4 5394.17 5394.93 5394.72 5394.97 5395.17 5393.8 5395.56 5395.5 5395.32 5398.16 5404.1 5411.57 5421.32 5431.1 5440.53 5449.33 5452.09 5460.61 5455.49 5446.91 5436.98 5426.14 5414.15 5403.03 5398.81 5393.71 5386.74 5377.9 5374.37 5382.4 5392.66 5398.85 5393.62 5391.56 5392.96 5398.2 5402.98 5405.28 5405.9 5404.57 5404.67 5410.04
5464.04 5458.22 5454.01 5455.79 5458.68 5458.67 5458.2 5456.62 5452.39 5446.3 5438.21 5427.29 5418.76 5411.87 5407.44 5404.04 5402.1 5400.85 5399.53 5398.6 5397.27 5397.79 5398.61 5399.94 5398.77 5398.14 5397.94 5398.02 5398.17 5398.58 5399.48 5399.11 5397.64 5395.53 5398.81 5407.59 5412.86 5422.55 5432.39 5441.9 5450.22 5454.94 5458.58 5456.54 5448.93 5437.53 5423.82 5409.39 5396.21 5395.5 5394.27 5391.78 5386.34 5383.4 5387.14 5389.89 5387.31 5387.1 5382.41 5387.32 5394.03 5399.06 5402.25 5404.15 5404.97 5405.5 5405.84
5473 5464.52 5457.08 5460.76 5464.71 5466.13 5467.58 5468.75 5467.8 5466.05 5464.09 5448.54 5433.29 5418.32 5410.79 5409.87 5407.53 5404.8 5401.79 5398.51 5394.25 5388.5 5398.54 5404.85 5402.88 5401.74 5400.88 5400.11 5400.19 5401.52 5404.55 5403.92 5402.04 5400.61 5404.13 5411.31 5417.82 5425.92 5434.25 5442.29 5450.34 5456.13 5462.46 5459.74 5451.35 5438.83 5424.26 5409.32 5397.77 5396.15 5398.01 5401.16 5404.43 5400.67 5394.17 5388.51 5383.86 5385.05 5383.04 5387.81 5393.55 5398.37 5402.11 5404.98 5406.46 5407.7 5411.25
5480.6 5473.07 5469.44 5470.68 5474.39 5478.04 5481.05 5482.5 5481.81 5479.49 5475.88 5462.21 5448.45 5435.61 5424.85 5419.06 5413.88 5409.15 5404.47 5399.86 5395.8 5394.37 5398 5402.88 5404.98 5404.44 5403.02 5401.86 5401.26 5402.03 5406.23 5405.84 5405.76 5413.51 5417.09 5419.65 5425.84 5432.01 5437.05 5442.37 5447.18 5457.55 5466.36 5466.09 5455.4 5441.62 5426.41 5411.83 5399.36 5398.92 5402.17 5407.78 5414.45 5410.8 5401.59 5392.38 5380.53 5386.37 5392.64 5393.37 5396.23 5400.36 5404.32 5407.18 5408.47 5406.64 5405.18
5486.64 5480.81 5478.5 5479.33 5484.67 5491.65 5496.56 5496.17 5493.94 5489.39 5481.26 5472.49 5461.19 5451.06 5439.22 5428.77 5420.18 5413.3 5407.6 5403.07 5399.43 5397.65 5401.39 5407.5 5407.47 5406.28 5404.88 5402.79 5401.07 5398.97 5397.03 5395.88 5400.5 5410.57 5424.23 5434.35 5435.56 5438.61 5441.93 5446.13 5452.35 5464.54 5476 5473.12 5460.54 5444.79 5429.08 5415.35 5406.38 5401.89 5402.74 5408.63 5416.69 5413.03 5407.07 5402.45 5401.8 5400.26 5401.39 5398.59 5399.27 5401.73 5405.81 5409 5408.39 5402.86 5397.13
5490.15 5485.61 5482.05 5485.75 5493.71 5502.81 5509.71 5507.66 5503.71 5500.34 5493.21 5481.33 5470.57 5460.92 5448.08 5436 5426.14 5418.29 5411.34 5405.96 5402.5 5401.33 5404.29 5409.67 5408.98 5407.45 5405.79 5403.65 5400.9 5396.37 5390.35 5387.88 5393.13 5399.74 5424.74 5449.1 5445.16 5444.57 5445.57 5450.97 5464.53 5467.83 5473.39 5475.61 5462.8 5446.18 5428.93 5414.5 5404.17 5398.25 5397.2 5401.31 5408.87 5408.63 5407.72 5409.13 5412.55 5410.15 5399.95 5400.42 5400.21 5401.9 5405.33 5410.02 5411.29 5398.77 5390.49
5492.55 5490.66 5491.17 5494.01 5500.09 5509.13 5516.22 5513.33 5508.06 5502.59 5495.67 5485.9 5475.69 5464.43 5452.93 5440.98 5430.92 5422.73 5415.78 5409.8 5405.05 5402.29 5402.09 5406.29 5408.74 5408.6 5406.97 5404.86 5401.68 5397.49 5392.97 5391.12 5395.05 5402.95 5424.97 5444.59 5449.78 5448.91 5446.56 5445.86 5455.67 5460.82 5467.45 5472.58 5462.29 5443.67 5425.23 5408.82 5396.7 5389.14 5386.51 5388.35 5390.5 5399.35 5405.6 5411.55 5418.84 5426.16 5420.71 5406.15 5400.72 5399.59 5401.45 5404.26 5402.99 5391.91 5387
5494.7 5494.71 5493.92 5495.75 5502.37 5508.75 5515.15 5511.78 5507.76 5502.17 5495.4 5486.99 5477.31 5468.78 5455.43 5444.28 5434.69 5426.32 5419.26 5413.42 5408.08 5403.48 5400.58 5405.27 5409.69 5411.4 5410.04 5407.86 5404.52 5402.14 5400.48 5400.52 5406.91 5414.8 5429.88 5443.41 5454.57 5452.07 5447.51 5442 5447.47 5455.77 5467.05 5479.11 5460.2 5438.48 5419.01 5401.28 5384.09 5372.66 5376.33 5379.58 5384.13 5392.15 5401.34 5410.78 5419.53 5433.64 5434.43 5404.23 5397.02 5394.7 5395.17 5395.78 5394.66 5391.45 5389.78
5498.73 5499.26 5499.33 5500.05 5503.63 5504.76 5501.61 5503.51 5506.83 5504.9 5497.87 5487.66 5475.96 5464.79 5455.02 5445.39 5436.45 5428.58 5422.44 5416.71 5412.2 5408.53 5406.29 5410.98 5415.88 5416.1 5414.18 5412.02 5409.89 5409.27 5411.38 5418.99 5424.54 5431.99 5440.56 5449.85 5454.34 5456.57 5454.07 5447.85 5453.43 5460.64 5466.68 5469.71 5446.64 5427.89 5411.94 5396.33 5381.45 5371.31 5373.04 5374.54 5379.59 5388.17 5397.98 5407.48 5417.1 5422.74 5404.45 5391.96 5389.59 5388.72 5389.76 5390.72 5393.74 5397.04 5399.06
5503.15 5502.98 5504.81 5506.62 5507.17 5503.2 5497.65 5500.28 5508 5512.96 5501.88 5487.58 5474.83 5463.52 5454.02 5445.66 5438.63 5431.72 5425.84 5420.69 5417.23 5416.27 5420.72 5427.34 5426.1 5420.4 5417.46 5415.4 5414.18 5413.98 5417.03 5424.95 5432.07 5439.36 5445.35 5453.21 5458.18 5463.17 5466.1 5468.31 5466.31 5466.68 5454.48 5428.48 5422.74 5415.14 5405.5 5395.11 5386.14 5382.18 5375.54 5373.57 5377.19 5386.71 5397.14 5406.27 5412.29 5411.72 5392.52 5385.5 5383.15 5382.43 5384.8 5391.96 5400.04 5405.22 5407.27
5503 5502.67 5507.66 5516.19 5510.18 5502.94 5499.07 5501.06 5507.9 5510.49 5500.04 5485.08 5470.94 5460.57 5453.1 5446.64 5440.22 5434.08 5428.4 5423.68 5420.39 5419.99 5423.54 5424.4 5422.28 5420.4 5418.83 5417.49 5416.82 5416.56 5417.4 5418.11 5425.49 5433.49 5439.18 5449.41 5463.17 5469.19 5474.85 5479.66 5473.33 5469.84 5447.44 5419.14 5409.17 5406.69 5401.91 5395.23 5388.04 5381.34 5377.52 5376.34 5379.43 5386.44 5395.78 5405.42 5410.61 5407.22 5397.19 5386.79 5378.11 5375.76 5377.01 5383.68 5402.24 5416.59 5412.08
5494.78 5495.04 5497.98 5505.52 5499.68 5497.63 5500.55 5505.07 5506.79 5503.99 5495.33 5481.46 5466.17 5457.66 5452.49 5447.15 5441.57 5435.93 5430.59 5425.7 5421.04 5418.18 5416.43 5415.28 5416.46 5418.92 5419.13 5418.82 5418.59 5418.26 5418.32 5418.03 5422.87 5427.09 5430.64 5444.12 5459.86 5469.69 5474.26 5480.12 5472.89 5462.87 5443.14 5418.84 5407.12 5405.55 5402.33 5397.81 5392.25 5384.35 5382.65 5382 5382.21 5386.66 5394.45 5403.29 5412.95 5413.05 5401.74 5381.65 5370.6 5367.01 5367.56 5373.05 5395.96 5421.46 5403.89
