real_craters/C175-500m.grd
DSAA
274 274
-68.25 68.25
-68.25 68.25
4042.2176505916 6591.0405846952
[rows 90 to 119 of 274, columns 67 to 133 of 274]
5536.55 5539.99 5538.59 5535.11 5529.02 5523.12 5527.78 5552.19 5572.94 5581.63 5589.21 5586.27 5580.94 5575.5 5572.03 5570.82 5574.19 5580.56 5590.52 5601.23 5612.39 5623.4 5634.83 5650.34 5666.39 5681.37 5691.66 5694.4 5690.29 5695.95 5709.09 5726.82 5749.01 5757.81 5762.61 5770.25 5779.08 5785.12 5787.28 5783 5773.5 5763.67 5755.73 5761.44 5796.42 5838.67 5892.93 5929.56 5961.58 5992.29 5995.9 5974.79 5903.93 5812.24 5785.45 5788.77 5786.29 5761.43 5738.29 5727.94 5734.64 5744.37 5758.44 5763.79 5779.02 5783.27 5808.13
5542.75 5553.24 5554.04 5546.53 5541.48 5538.81 5544.18 5562.05 5581.27 5583.86 5588.6 5589.2 5583.76 5579.84 5576.26 5575.72 5580.69 5587.18 5596.88 5608 5619.53 5634.77 5642.21 5654.4 5668.54 5682.62 5694.82 5709.06 5703.92 5699.64 5709.5 5722.29 5735.55 5744.99 5752.16 5761.05 5772.87 5779.97 5782.5 5772.72 5760.98 5748.58 5733.43 5723.7 5790.46 5876.15 5918.48 5956.24 5973.46 6001.98 6012.72 6009.87 5959.33 5881.71 5846.12 5843.09 5826.49 5792.75 5767.34 5751.92 5755.4 5773.57 5803.15 5806.99 5794.61 5792.29 5824.03
5542.55 5554.06 5558.37 5555.86 5554.72 5556.22 5561.69 5571.01 5583.71 5587.39 5589.08 5590.29 5585.81 5582.22 5578.18 5576.43 5581.08 5590.09 5602.55 5615.3 5623.48 5628.63 5642.38 5656.86 5670.88 5683.05 5693.62 5700.42 5701.32 5701.93 5706.56 5713.81 5721.49 5729.28 5737.39 5746.32 5754.29 5761 5763.52 5760.48 5756.09 5748.95 5740.36 5741.14 5803.89 5872.41 5913.79 5952.32 5966.13 5977.06 5999.04 6032.82 6011.71 5952.46 5911.99 5888.97 5859.77 5823.61 5790.06 5778.04 5787.48 5806.08 5833.35 5834.89 5817.63 5803.5 5829.2
5542.75 5548.9 5556.54 5560.82 5563.86 5568.6 5572.5 5574.73 5574.3 5567.57 5580.45 5586.25 5586.68 5584.11 5579.77 5575.81 5577.28 5589.39 5606.79 5626.85 5631.12 5626.84 5643.6 5660.24 5673.43 5684.22 5690.77 5690.95 5693.35 5699.46 5701.61 5705.66 5708.23 5711.6 5723.65 5732.35 5740.22 5744.48 5747.22 5752.53 5758.87 5763.48 5768.89 5782.09 5822.95 5856.7 5878.86 5918.63 5932.96 5933.71 5954.76 5998.69 6015.32 5999.2 5972.75 5918.88 5898.72 5871.74 5843.76 5835.42 5837.43 5843.34 5854.81 5869.01 5848.17 5828.17 5845.55
5547.93 5554.14 5559.15 5563.1 5567.94 5574.41 5577.54 5577.46 5574.59 5564.72 5574.57 5585.03 5588.87 5587.9 5583.62 5577.77 5576.94 5583.26 5601.6 5640.7 5646.83 5636.07 5653.73 5669.9 5681.67 5688.84 5692.46 5690.59 5689.78 5690.9 5697.07 5702.85 5706.42 5712.17 5718.33 5723.99 5727.1 5736.44 5743.25 5753.84 5769.97 5784.82 5802.8 5828.97 5852.08 5855.87 5850.65 5870.86 5890.69 5896.08 5914.72 5950.81 5999.25 6027.48 6029.48 5974.16 5958.9 5951.09 5939.97 5925.97 5903.7 5896.46 5897.24 5897.4 5899.77 5891.14 5895.17
5551.7 5558.47 5560.68 5562.36 5565.79 5571.87 5576.25 5579.66 5583.38 5580.05 5583.41 5592.97 5594.51 5592.87 5590.08 5586.51 5578.5 5571.15 5568.31 5590.67 5631.36 5654.09 5671.39 5682.3 5690.17 5695.11 5696.99 5696.82 5689.47 5687.6 5698.5 5706.35 5711.55 5715.7 5720.72 5725.93 5730.68 5741.24 5751.86 5767.75 5789.86 5811.09 5834.53 5859.39 5877.63 5875.91 5869.29 5868.71 5877.63 5887.29 5913.75 5969.27 6022.32 6039.74 6061.99 6044.14 6013.9 6018.49 6032.29 6010.95 5975.3 5960.64 5960.36 5969.48 5983.51 5979.06 5966.84
5560.59 5564.24 5559.44 5556.8 5557.21 5561.49 5567.94 5576.23 5584.34 5582.26 5585.72 5595.67 5597.62 5596.86 5599.21 5603.36 5587.61 5562.93 5531.23 5496.38 5605.77 5681.83 5689.89 5693.73 5697.91 5701.78 5702.03 5697.77 5690.93 5695.64 5707.5 5716.91 5722.42 5723.66 5731.09 5737.11 5744.7 5756.19 5773.48 5795.5 5813.53 5837.13 5859.06 5881.6 5894.5 5886.01 5878.14 5879.09 5892.33 5899.88 5908.74 5993.69 6014.75 6010.65 6020.12 6034.84 6013.84 6014.98 6034.07 6051.46 6053.32 6037.37 6040.08 6080.38 6088.39 6075.09 6054.75
5555.77 5559.18 5550.9 5546.54 5543.98 5544.31 5553.57 5566.89 5580.84 5580.08 5582.96 5596.64 5596.62 5596.73 5598.46 5598.21 5589.9 5572.18 5547.87 5524.18 5634.64 5694.31 5695.7 5697.5 5701.44 5706.23 5708.91 5702.98 5686.09 5707.05 5723.19 5733.48 5741.47 5748.77 5750.79 5750.43 5757.55 5771.66 5789.56 5808.46 5833.59 5857.29 5878.68 5891.22 5892.46 5901.28 5896.23 5902.91 5936.08 5960.56 6000.06 6053.56 5997.7 5949.78 5903.81 5922.48 5969.71 6008.77 6053.82 6081.93 6102.95 6101.99 6113.57 6148.57 6195.54 6174.15 6126.41
5533.11 5533.39 5536.21 5535.19 5531.49 5528.66 5538.51 5550.73 5565.69 5563.27 5565.17 5580.43 5592.04 5594.73 5592.92 5588.47 5593.3 5595.75 5606.65 5635.88 5640.59 5670.11 5684.99 5693.14 5700.29 5708.68 5718.23 5716.52 5686.15 5719.9 5742.74 5752.48 5762.39 5773.36 5774.01 5766.38 5770.05 5789.32 5809.01 5829.36 5856.3 5882.97 5909.33 5929.64 5929.39 5972.58 6003.59 6011.63 5986.98 6002.14 6059.33 6008.69 5950.99 5879.5 5849.33 5859.58 5898.81 5986.16 6043.44 6056.33 6097.34 6139.01 6165.16 6202.26 6202.32 6161.96 6108.92
5519.86 5519.21 5527.82 5528.79 5526.19 5524.45 5529.27 5533.42 5532.34 5541.89 5554.44 5580.82 5589.42 5593.63 5596.44 5598.47 5604.74 5614.43 5630.44 5643.2 5631.44 5650.44 5671.57 5688.19 5698.71 5707.22 5718.34 5731.2 5720.88 5744.62 5759.1 5767.31 5779.93 5792.91 5798.03 5798.27 5800.05 5812.58 5831.96 5859.8 5877.03 5899.45 5933.27 5981.91 6059.66 6053.6 6038.24 6031.6 5971.36 5945.31 5931.43 5847.21 5815.15 5805.69 5827.56 5791.56 5767.27 5780.2 5839.13 5913.18 5980.88 6019.76 6099.55 6077.55 6002.68 5990.2 5999.3
5524.8 5532.25 5530.99 5528.78 5526.46 5525.59 5528.28 5529.18 5528.32 5543.15 5563.52 5575.17 5583.48 5591.55 5601.44 5611.47 5614.36 5622.92 5634.02 5636.46 5631.41 5646.93 5665.77 5681.87 5692.66 5700.64 5705.04 5718.7 5755.27 5765.73 5762.66 5774.69 5793.12 5812.37 5823.35 5820.75 5825.29 5832.14 5844.09 5865.72 5875.94 5895.4 5930.62 5979.73 6035.78 5981.9 5886.91 5899.74 5878.74 5833.41 5771.62 5728.6 5726.88 5749.31 5731.17 5681.52 5627.49 5588.7 5645.24 5735.09 5814.96 5882.24 5889.97 5845.19 5799.73 5818.68 5853.2
5534 5538.32 5533.81 5531.87 5531.53 5533.04 5533.89 5537.64 5541.63 5550.74 5561.21 5565.93 5573.03 5585.74 5599.97 5610.22 5614.36 5621.87 5635.26 5642.14 5641.5 5648.19 5662.92 5677.69 5689.97 5697.87 5704.69 5727.7 5765.12 5769.11 5758.33 5776.79 5801.86 5830.87 5855.78 5847.74 5852.02 5848.75 5843.74 5833.67 5848.27 5883.62 5916.01 5937.79 5924.31 5860.4 5817.78 5811.42 5778.65 5727.08 5680.82 5669.61 5644.31 5618.28 5566.86 5570.77 5551.89 5542.92 5579.71 5628.57 5695.2 5754.75 5740.87 5685.28 5642.55 5670.7 5696.1
5543.68 5529.68 5535.08 5536.63 5535.09 5536.05 5540.37 5547.21 5552.73 5554 5556.27 5556.56 5562.27 5576.92 5591.39 5601.07 5604.73 5610.11 5617 5623.56 5629.74 5643.96 5658.66 5673.77 5685.66 5700.57 5716.68 5742.07 5772.71 5778.46 5759.55 5775.69 5803.28 5834.24 5864.15 5893.79 5884.55 5874.43 5859.61 5839.04 5849.58 5887.84 5906.96 5908.3 5868.33 5828.85 5833.71 5775.49 5706.51 5645.94 5586.56 5578.16 5569.65 5528.21 5514.01 5518.57 5521.78 5531.28 5569.47 5621.04 5657.98 5652.11 5616.31 5590.64 5583.92 5553.03 5532.59
5536.72 5550.84 5550.5 5544.84 5540.22 5538.3 5543.89 5551.39 5555.02 5550.11 5551.1 5552.37 5559.62 5567.78 5577.08 5585.17 5590.12 5593.8 5602.6 5613.01 5627.41 5642.36 5657.45 5673.26 5689.21 5708.13 5729.02 5751.55 5773.38 5778.3 5755.86 5772.42 5798.71 5828.47 5853.85 5894.83 5907.02 5907.72 5900.15 5892.89 5896.63 5911.47 5914.24 5900.68 5883.24 5860.63 5826.1 5701.86 5640.69 5599.2 5565.95 5580 5562.72 5531.74 5511.08 5503.64 5507.03 5519.84 5557.01 5621.15 5587.59 5486.43 5435.66 5470.47 5490.17 5419.85 5363.27
5558.33 5556.42 5554.12 5551.85 5551.44 5549.27 5545.3 5542.24 5540.99 5538.14 5533.86 5538.53 5550.36 5557.33 5566.79 5573.69 5577.51 5576.88 5577.24 5601.62 5627.53 5646.67 5662.59 5678.49 5694.09 5712.59 5734.99 5751.92 5765.82 5766.01 5756.94 5771.21 5795.05 5826.09 5872.58 5901.55 5920.97 5940.14 5953.98 5957.69 5954.59 5949.4 5923.95 5887.15 5860.98 5829.37 5685.12 5587.14 5585.71 5578.74 5581.02 5589.83 5571.73 5544.79 5504.83 5494.6 5489.59 5491.9 5486.89 5485.51 5418.94 5329.22 5306.12 5316.67 5294.66 5263.86 5203.9
5555.21 5550.71 5549.56 5556.52 5557.72 5554.48 5546.72 5535.84 5530.74 5528.51 5524.51 5527.06 5535.09 5549.3 5557.64 5567.13 5573.04 5574.3 5569.82 5610.78 5637.3 5653.31 5668.69 5683.64 5698.09 5712.47 5724.96 5746.45 5761.34 5769.01 5765.42 5772.8 5788.64 5809.75 5834.62 5871.5 5921.84 5965.52 6003.62 6030.47 6027.11 6009.24 5940.39 5856.31 5764 5666.33 5593.24 5561.17 5565.39 5567.62 5563.19 5566.92 5529.81 5482.44 5477.5 5478.73 5466.91 5435.68 5362.83 5298.34 5262.06 5262.47 5256.16 5254.06 5201.16 5140.65 5068.43
5556.44 5550.72 5552.16 5563.09 5573.73 5567.06 5551.36 5536.57 5529.55 5526.74 5525.61 5530.37 5538.9 5551.66 5558.76 5567.59 5576.75 5590.75 5612.33 5633.2 5647.59 5658.24 5671.47 5686.34 5700.7 5714.48 5731.16 5745.31 5760.5 5772.58 5773.78 5776.42 5780.64 5788.12 5802.81 5850.13 5925.29 5985.7 6046.66 6114.81 6173.8 6076.99 5947.42 5823.16 5701.1 5618.06 5609.78 5588.49 5572.48 5554.5 5526.88 5483.68 5480.16 5470.07 5451.85 5444.8 5432.57 5303.55 5244.32 5199.65 5228.55 5274.35 5212.31 5159.25 5099.56 5019.17 4953.68
5546.65 5546.72 5557.37 5563.63 5573.47 5570.8 5555.33 5539.11 5532.47 5529.72 5528.64 5532.03 5551.82 5559.67 5564.35 5569.41 5577.39 5595.09 5618.55 5625.91 5641.71 5656.52 5671.81 5687.95 5702.99 5715.98 5729.03 5746.23 5760.22 5769.32 5778.58 5782.94 5781.49 5779.58 5790.83 5874.28 5931.04 5983.38 6043.01 6114.7 6180.9 6067.88 5923.78 5794.34 5677.48 5637.5 5648.47 5645.03 5574.53 5525.22 5483.24 5468.69 5487.45 5465.53 5399.49 5348.97 5294.33 5174.94 5168.82 5172.81 5179.1 5160.11 5093.82 5016.14 4927.27 4890.7 4860.93
5525.35 5519.67 5513.68 5539.87 5578.48 5573.7 5556.24 5545.56 5536.45 5535.37 5537.44 5542.34 5555.39 5565.42 5570.88 5568.12 5568.73 5573.73 5591.87 5610.41 5632.38 5650.65 5668.88 5687.66 5707.93 5725.74 5736.69 5749.47 5760.69 5774.98 5790.64 5796.36 5789.55 5782 5791.4 5885.72 5921.24 5958.27 5993.25 6022.8 6020.32 5947.94 5849.7 5754.69 5675.81 5660.95 5655.03 5606.97 5533.86 5481.65 5454.51 5494.23 5553.1 5432.63 5291.33 5195.9 5115.72 5062.6 5082.12 5061.07 4995.52 4953.98 4936.08 4899.23 4857.89 4831.52 4796.84
5515.35 5488.32 5461.56 5499.6 5548.93 5560.29 5551.15 5538.07 5538.11 5540.05 5545.86 5558.83 5565.09 5568.52 5566.05 5563.69 5559.96 5554.24 5568.69 5605.5 5624.81 5643.34 5662.13 5684.17 5708.22 5737.78 5751.31 5750.14 5756.32 5768.97 5789.84 5805.27 5803.28 5796.47 5795.79 5842.29 5897.81 5920.03 5923.21 5904.61 5853.46 5801.46 5762.72 5712.73 5668.16 5650.62 5603.41 5506.29 5445.92 5430.98 5453.78 5482.07 5414.44 5220.13 5127.57 5045.17 5004.96 4986.52 4945.96 4888.33 4827.88 4812.72 4794.04 4780.06 4793.33 4782.83 4736.79
5510.3 5483.65 5458.11 5484.76 5516.94 5542.21 5547.52 5545.47 5539.62 5540.26 5544 5549.2 5552.77 5556.32 5558.65 5558.46 5559.26 5560.79 5571.26 5592.42 5614.37 5634.3 5653.82 5673.44 5695.12 5721.1 5734.04 5735.31 5740.25 5750.9 5777.25 5806.26 5818.94 5835.3 5840.37 5903.16 5893.25 5883.34 5860.81 5813.3 5742.4 5696.89 5690.81 5673.33 5651.67 5594.83 5519.4 5416.09 5368.16 5393.38 5437.76 5339.87 5179.58 5022.15 4965.12 4913.31 4894.56 4858.72 4758.22 4719.75 4721.92 4719.41 4676.67 4646.92 4654.05 4649.37 4661.01
5512.77 5499.74 5494.56 5518.63 5546.55 5540.86 5539.06 5538.12 5534.91 5536.1 5538.32 5540.32 5540.74 5538.33 5545.38 5554.71 5562.12 5571.29 5579 5591.19 5607.87 5625.61 5642.92 5660.12 5675.77 5688.23 5702.62 5711.59 5716.97 5720.66 5732.93 5778.36 5823.55 5879.6 5941.82 5903.02 5881.09 5851.68 5815.26 5760.33 5694.75 5652.8 5651.18 5638.2 5603.88 5563.45 5486.68 5351.69 5294.11 5304.68 5312.24 5166.42 4980.45 4867.46 4836.13 4808.1 4766.03 4718.56 4649.72 4617.9 4615.8 4616.35 4596.03 4575.75 4580.78 4587.96 4607.52
5519.36 5515.52 5528.94 5539.18 5538.29 5527.31 5517.13 5517.82 5524.36 5529.17 5533.37 5536.72 5537.13 5535.01 5542.39 5553.8 5565.29 5571.82 5582.06 5591.07 5602.8 5618.83 5635.24 5650.27 5661.59 5669.55 5681.14 5690.22 5694.03 5701.79 5720.01 5752.59 5811.78 5873.77 5911.82 5896.94 5867.1 5827.43 5782.05 5731.3 5681.37 5646.71 5637.4 5621.16 5576.37 5510.35 5387.23 5260.01 5198.38 5159.5 5124.08 4991.84 4838.05 4782.39 4758.65 4733.82 4704.41 4654.87 4604.88 4576.09 4561.59 4559.76 4559.21 4557.04 4563.52 4574.22 4581.9
5515.42 5514.75 5517.78 5513.4 5504.12 5505.91 5499.27 5504.29 5515.61 5524.99 5531.41 5531.38 5529.17 5533.95 5541.72 5554.62 5570.72 5588.95 5582.91 5584.82 5596.58 5613.5 5630.89 5645.42 5656.47 5668.88 5671.67 5674.51 5676.95 5684.05 5708.99 5735.24 5805.2 5861.43 5887.42 5895.12 5850.95 5800.64 5754.97 5716.95 5680.73 5651.91 5633.08 5607.68 5532.25 5351.87 5221.04 5167.54 5128.05 5076.58 5010.36 4896.72 4803.3 4750.36 4708.74 4672.14 4648.25 4608.51 4571.26 4550.3 4538.19 4538.9 4546.18 4552.39 4561.31 4571.64 4571.11
5505.66 5506.47 5504.94 5498.25 5494.08 5494.43 5496.56 5501.96 5511.92 5522.96 5534.17 5545.72 5552.66 5540.42 5546.39 5553.74 5560.24 5566.45 5557.63 5566.49 5584.19 5605.53 5626.61 5644.67 5658.06 5664.85 5669.71 5669.02 5665.09 5665.99 5684.82 5741.33 5832.72 5902.95 5910.4 5866.19 5807.92 5771.07 5736.99 5704.58 5678.72 5657.04 5614.84 5561.03 5437.61 5245.3 5144.74 5114.9 5095.62 5050.64 4972.12 4864.35 4771.09 4720.99 4667.65 4622.42 4593.8 4565.44 4540.51 4525.17 4518.95 4525.56 4538.9 4547.92 4557.57 4570.16 4562.89
5496.41 5498.37 5497.47 5494.54 5490.54 5488.92 5491.96 5500.1 5512.1 5523.85 5536.32 5547.68 5548.84 5545.48 5559.17 5555.58 5544.91 5533.39 5534.93 5552.18 5577.81 5603.32 5627.61 5649.99 5671.72 5682.2 5677.91 5668.79 5661.89 5658.63 5672.47 5745.95 5892.67 6034.29 5998.89 5876.42 5778.18 5746.03 5719.75 5687.54 5657.45 5627.87 5567.56 5487.13 5342.44 5189.49 5112.3 5078.43 5061.76 5025.43 4938.5 4827.5 4720.03 4681.5 4625.52 4577.84 4549.57 4528.99 4512.72 4504.56 4503.55 4512.64 4523.34 4533.46 4543.82 4552.52 4548.13
5490.15 5493.01 5493.66 5493.9 5489.83 5485.28 5482.02 5498.29 5512.31 5527.75 5539.52 5547.2 5549.93 5551.02 5572.68 5568.43 5545.23 5526.53 5529.32 5550.78 5579.54 5606.2 5631.67 5654.73 5682.54 5694.45 5685.86 5677 5668.59 5659.83 5670.92 5777.88 5973.23 6103.32 6049.58 5900.99 5778.58 5740.62 5711.57 5673.32 5626.12 5564.73 5505.41 5425.75 5273.16 5146.36 5084.08 5039.92 5007.3 4949.86 4851.19 4740.33 4664.38 4630.51 4581.84 4541.46 4518.11 4504.91 4497.53 4496.21 4496.8 4501.4 4505.5 4514.51 4522.86 4529.15 4525.98
5492.44 5491.17 5488.79 5486.55 5487.22 5490.15 5494.45 5505.12 5519.51 5535.38 5549.53 5558.8 5556.42 5593.45 5619.75 5602.19 5572.35 5544.37 5537.68 5563.75 5589.2 5613.52 5633.64 5655.68 5679.62 5692.2 5690.84 5687.26 5688.48 5686.59 5707.06 5801.95 5987.09 6109.6 6051.51 5923.05 5801.16 5752.33 5710.79 5662.96 5602.5 5533.53 5460.78 5379.87 5248.84 5127.44 5054.63 4996.49 4932.24 4835.51 4764.03 4675.31 4616.99 4582.13 4543.72 4511.12 4496.78 4492.8 4490.48 4491.97 4493.12 4491.24 4491.52 4493.69 4498.2 4499.75 4497.84
5495.25 5494.46 5490.32 5483.98 5485.35 5495.81 5512.89 5511.42 5526.28 5545.66 5565.35 5586.91 5613.36 5641.91 5653.41 5638.48 5635.43 5615.91 5600.13 5594.16 5606.27 5624.39 5639.69 5662.16 5683.45 5694.51 5698.12 5698.47 5710.34 5727.2 5785.96 5885.74 5943.57 6050.56 6028.06 5943.95 5844.19 5778.22 5716.82 5651.09 5582.89 5508.78 5422.47 5324.89 5201.25 5081.16 5003.77 4936.34 4847.19 4777.25 4713.63 4642.64 4588.83 4557.32 4522.38 4496.52 4484.59 4481.35 4481.72 4490.67 4490.14 4477.01 4470.09 4468.91 4471.71 4473.19 4470.86
5502.65 5504.18 5497.65 5489.2 5482.82 5455.24 5467.2 5507.49 5534.26 5556.91 5580.03 5608.13 5647.71 5657.97 5657.29 5647.11 5640.66 5636.72 5627.59 5621.28 5623.08 5630.51 5648.82 5665.98 5688.29 5700.66 5707.99 5716.11 5729.34 5756.91 5802.96 5851.73 5873.34 5995.5 6010.11 5962.05 5889.49 5805.46 5720.67 5637.95 5558.07 5480.31 5376.92 5212.46 5069.73 4975.65 4901.68 4832.76 4773.87 4732.8 4680.23 4624.63 4573.1 4538.92 4507.64 4486.09 4474.13 4468.43 4468.69 4484.11 4477.55 4450.87 4437.59 4441.36 4446.61 4449.63 4447.37
