real_craters/C175-500m.grd
DSAA
274 274
-68.25 68.25
-68.25 68.25
4042.2176505916 6591.0405846952
[rows 0 to 29 of 274, columns 0 to 66 of 274]
5654.09 5638.24 5630.32 5628.26 5626.89 5632.38 5645.77 5654.37 5663.93 5672.14 5675.28 5667.33 5650.88 5626.1 5621.94 5618.42 5606.02 5590.47 5578.63 5562.2 5555.07 5557.94 5557.79 5554.06 5547.39 5539.47 5536.35 5542.54 5546.68 5549.12 5550.51 5550.8 5548.64 5547.65 5548.25 5552.4 5549.22 5548.01 5548.82 5549.16 5549.9 5550.61 5549.06 5544.56 5540.63 5546.37 5558.87 5568.37 5573.65 5575.01 5564.24 5560.49 5567.05 5577.81 5591.21 5602.3 5605.52 5619.89 5661.4 5718.74 5779.17 5838.3 5885.81 5888.8 5893.64 5881.26 5872.4
5669.15 5653.17 5638.93 5630.47 5629.26 5631.18 5646.36 5663.7 5673.45 5700.43 5716.38 5706.23 5669.4 5642.61 5643.02 5630.74 5605.66 5582.47 5567.19 5565.5 5550.74 5553.97 5554.86 5553.97 5550.76 5546.95 5546.69 5549.31 5552.53 5554.91 5556.69 5559.03 5556.93 5544.68 5537.41 5543.6 5542.84 5542.7 5544.99 5545.72 5547.76 5548.37 5547.83 5546.72 5546.22 5549.93 5555.75 5561.54 5567.24 5571.16 5555.78 5548.82 5556.54 5568.24 5584.18 5602.34 5610.97 5626.44 5674.47 5735.68 5796.2 5847.02 5889.99 5905.17 5891.45 5909.72 5896.8
5638.79 5646.15 5642.68 5636.71 5634.24 5640.36 5666.01 5705.14 5731.33 5778.74 5810.09 5797.69 5748.32 5723.25 5691.7 5635.48 5596.93 5574.81 5563.07 5565.6 5558.25 5554.18 5554.45 5554.15 5554.26 5555.21 5556.16 5557.59 5557.96 5558.76 5559.61 5560.06 5556.02 5546.08 5535.43 5528.27 5532.2 5536.68 5540.9 5544.17 5546.71 5549.58 5550.73 5551.87 5553.47 5556.02 5557.84 5557.64 5557.49 5555.73 5545.77 5544.46 5547.6 5557.01 5571.25 5591.9 5614.71 5651.91 5698.36 5758.7 5818.09 5861.06 5886.99 5919.88 5933.62 5916.92 5902.4
5628.97 5642.73 5640.66 5638.94 5637.14 5650.77 5709.09 5785.14 5850.94 5915.19 5954.47 5938.93 5902.55 5918.13 5758.04 5629.39 5588.62 5572.86 5564.83 5556.49 5557.81 5557.69 5556.82 5556.74 5558.02 5561.49 5568.2 5563.08 5561.32 5561.03 5560.78 5558.85 5554.83 5548.35 5535.18 5525.62 5525.11 5530.99 5537.64 5543.47 5548.43 5551.91 5554.9 5557.77 5560.09 5562.41 5561.37 5556.97 5550.51 5537.48 5534.97 5536.59 5537.66 5546.1 5557.27 5573.78 5610.53 5659.46 5715.99 5783.03 5849.92 5899.45 5920.3 5941.08 5952.17 5935.05 5916.17
5613.66 5621.79 5639.02 5642.3 5644.06 5681.45 5770.54 5882.95 5998.1 6089.05 6129.3 6123.99 6075.85 5946.62 5768.84 5634.76 5590.38 5578.04 5573.27 5569.37 5568.22 5562.63 5559.9 5559.12 5559.99 5562.71 5565.18 5564.04 5562.31 5561.53 5561.38 5559.65 5554.85 5548.01 5539.53 5527.29 5522.87 5529.85 5536.49 5542.53 5549.65 5554.27 5558.68 5562.51 5565.41 5566.47 5565.55 5561.37 5555.84 5547.46 5536.35 5523.71 5529.6 5540.6 5552.35 5568.89 5603.05 5648.57 5725.92 5808.62 5893.21 5963.56 5973.94 5988.96 5983.94 5979.31 5962.54
5609.74 5613.44 5621.12 5636.51 5657.76 5720.51 5816.93 5952.31 6127.02 6254.18 6253.1 6270.12 6138.16 5909.71 5738.55 5629.84 5593.33 5587.1 5582.62 5575.69 5572.15 5565.67 5561.27 5558.94 5558.93 5560.41 5561.96 5560.87 5559.92 5559.57 5559.62 5559.58 5554.06 5546.08 5538.38 5532.24 5526.62 5531.61 5537.69 5544.1 5551.34 5557.87 5564.55 5568.39 5571.47 5571.58 5572.94 5570.93 5567.78 5564.01 5550.28 5528.87 5531.77 5544.79 5561.8 5585.04 5612.7 5657.49 5736.7 5829.58 5929.9 6035.19 6049.18 6061.67 6048.07 6026.7 5990.68
5606.35 5609.7 5613.48 5625.69 5648.8 5713.95 5811.91 5941.92 6101.19 6226.27 6204.08 6209.29 6062.49 5855.82 5700.47 5614.79 5590.53 5589.28 5585.72 5580.89 5569.33 5563.46 5559.87 5557.93 5556.67 5556.03 5555.26 5555.02 5555.58 5556.54 5556.3 5553.49 5549.99 5543.75 5537.37 5534.12 5532.6 5534.97 5540.08 5546.74 5553.48 5561.53 5569.01 5576.49 5580.98 5582.67 5584.76 5584.14 5580.63 5573.77 5558.91 5542.5 5542.45 5554.97 5575.4 5601.93 5629.7 5672.48 5747.97 5839.2 5936.62 6045.61 6156.6 6209.52 6138.61 6075.26 6038.36
5606.06 5608.66 5609.54 5616.09 5629.9 5681.33 5765.75 5858.51 5940.91 5978.48 5997.74 5962.97 5884.73 5758.36 5653.38 5604.53 5585.63 5580.37 5579.24 5576.35 5564.93 5559.98 5557.58 5555.2 5552.77 5550.53 5548.51 5547.99 5550.89 5553.75 5555.29 5552.91 5548.91 5542.8 5537.42 5538.84 5533.89 5536.75 5542.37 5550.6 5558.74 5566.7 5576.19 5584.1 5592.2 5597.18 5601.25 5600.67 5595.28 5583.06 5565.63 5556.89 5554.59 5564.64 5583.73 5607.52 5632.88 5679.83 5757.53 5844.08 5921.95 5980.67 6075.31 6116.24 6101.45 6065.76 6061.32
5609.12 5608.38 5609.21 5611.67 5618.23 5652.05 5709.54 5761.52 5785.35 5773.21 5795.73 5781.63 5751.01 5684.75 5628.5 5599.81 5583.14 5575.63 5574.25 5570.62 5563.52 5558.64 5556.1 5552.93 5549.57 5545.66 5542.56 5542.27 5546.31 5551.86 5556.25 5556.5 5549.65 5541.8 5533.41 5526.8 5532.55 5538.72 5545.8 5555.03 5563.19 5571.66 5581.26 5591.51 5603.41 5615.19 5622.65 5620.49 5614.65 5606.02 5589.56 5573.01 5561.41 5571.45 5589.15 5606.74 5626.57 5682.1 5766.91 5857.95 5931.38 5975.64 5994.84 5952.61 5963.58 5992.27 5986.13
5615.83 5616.39 5612.28 5615.93 5619.71 5640.1 5668.17 5692.79 5691.66 5676.26 5681.62 5673.28 5656.29 5640.22 5616.63 5598.68 5584.7 5576.04 5575.82 5572.87 5565.64 5560.8 5556.23 5551.85 5547.56 5542.91 5537.8 5534.66 5543.74 5551.24 5556.42 5556.45 5550.29 5541.68 5532.82 5518.65 5531.2 5540.41 5548.62 5557.49 5566.36 5574.82 5585.36 5596.82 5609.87 5624.82 5635.33 5633.39 5632.46 5636.11 5642.64 5601.35 5572.76 5577.15 5590.54 5605.96 5628.12 5686.81 5776.44 5879.01 5978.47 6025.12 5982.47 5894.38 5881.38 5945.55 6011.67
5625.71 5618.04 5617.61 5626.36 5640.56 5640.89 5645.64 5650.36 5645.93 5637.28 5633.31 5630.28 5622.97 5615.55 5612.39 5598.81 5589.89 5583.64 5582.99 5578.14 5571.76 5564.79 5556.5 5550.88 5546.71 5543.41 5540.85 5541.62 5546.74 5552.92 5557.76 5557.54 5551.51 5542.2 5528.04 5522.53 5533.15 5544.56 5552 5559.44 5566.67 5576.68 5585.49 5596.62 5608.33 5620.68 5628.88 5632.71 5637.64 5649.13 5659 5623.79 5588.45 5579.53 5587.26 5597 5613.3 5681.2 5775.69 5885.67 6008.41 6090.68 6014.11 5912.03 5855.01 5915.49 6000.67
5623.08 5615.24 5615.92 5622.45 5628 5633.16 5631.38 5630.74 5623.83 5610.56 5606.1 5605.98 5605.94 5602.03 5594.35 5594.3 5594.33 5591.5 5585.31 5576.65 5567.42 5559.61 5554.47 5550.49 5547.46 5545.51 5545.35 5548.56 5550.67 5555.05 5559.42 5559.27 5554.29 5546.94 5537.43 5528.65 5536.46 5547.93 5554.35 5559.65 5565.82 5573.31 5580.73 5591.33 5600.73 5608.67 5613.24 5620.57 5627.11 5635.99 5642.88 5617.16 5584.39 5573.4 5571.46 5584.6 5605.72 5668.98 5758.3 5859.18 5959.82 6058.88 6016.94 5911.48 5834.67 5879.82 5952.89
5614.58 5611.22 5609.74 5618.64 5628.46 5629.25 5626.21 5622.42 5614.63 5601.58 5602.84 5605.2 5603.12 5599.14 5592.81 5589.65 5588.15 5583.66 5572.95 5567.02 5560.12 5554.38 5551.97 5550.07 5548.59 5547.32 5547.18 5548.03 5551.28 5556.06 5560.2 5560.58 5558 5554.25 5548.54 5540.72 5537.81 5547.38 5553.06 5558.53 5564.12 5569.25 5576.2 5583.42 5590.97 5596.45 5600.35 5604.08 5607.06 5608.24 5601.39 5589.05 5578.22 5569.38 5567.62 5579.26 5599.49 5653.9 5727.97 5809.27 5900.31 5985.45 5975.15 5898.74 5818.12 5842.46 5901.77
5610.96 5607.23 5603.3 5611.27 5627.02 5627.5 5624.02 5617.42 5610.37 5604.24 5606.61 5613.29 5607.54 5598.55 5590.13 5581.6 5574.8 5569.23 5562.65 5559.19 5554.88 5551.16 5550.73 5550.57 5550.14 5549.43 5548.54 5548.23 5550.96 5556.24 5561.12 5561.23 5560.18 5559.66 5556.18 5550.06 5549.22 5551.68 5553.34 5557.27 5561 5566.21 5570.73 5575.56 5580.43 5583.32 5582.24 5585.32 5585.76 5581.36 5571.35 5564.58 5565.51 5570.67 5576.76 5584.38 5603.54 5644.34 5696.79 5747.93 5794.01 5886.87 5925.8 5875.07 5796.4 5803.98 5852.23
5608.38 5603.62 5599.65 5603.09 5620.08 5624.44 5619.77 5612.41 5604.87 5599.23 5599.07 5607.59 5602.19 5589.59 5581.23 5576.26 5567.97 5561.85 5558.3 5555.72 5553.23 5550.55 5552.33 5553.34 5553.12 5552.32 5551.29 5550 5551.13 5554.76 5557.77 5559.39 5559.48 5559.23 5557.39 5554.16 5555.55 5551.19 5551.08 5553.69 5557.8 5562.98 5566.3 5570.64 5572.29 5574.22 5575.59 5575 5569.26 5561.36 5551.37 5548.63 5561.53 5573.83 5582.77 5594.18 5613.53 5642.21 5677.45 5707.49 5723.15 5779.41 5841.63 5821.3 5763.95 5767.25 5810.1
5607.63 5604.8 5600.82 5602.41 5621.75 5622.48 5616.06 5607.44 5599.48 5593.22 5593.64 5597.94 5591.63 5581.39 5577.2 5575.52 5565.89 5559 5554.38 5555.97 5557.06 5558.3 5559.5 5558.97 5558.22 5557.21 5555.89 5553.84 5553.98 5556.3 5554.58 5557.57 5557.03 5553.97 5551.12 5547.79 5546.59 5547.18 5546.19 5550.08 5554.25 5558.1 5561.89 5564.18 5565.55 5566.45 5568.06 5565.2 5557.37 5549.32 5541.02 5539.96 5560.01 5574.57 5582.46 5595.91 5617.16 5644.46 5674.25 5702.7 5730.02 5752.18 5770.51 5764.51 5740.33 5739.81 5765.58
5611.92 5611.54 5606.77 5611.91 5629.13 5620.52 5611.64 5602.78 5594.24 5586.19 5581.32 5582.36 5582.76 5577.31 5573.89 5570.28 5565.17 5560.52 5557.99 5558.77 5561.8 5567.77 5565.95 5563.91 5562.89 5562.21 5562.06 5562.81 5564.84 5565.2 5563.56 5559.96 5556.39 5551.79 5545.62 5538.8 5536.62 5536.06 5541.59 5546.39 5551.09 5555.08 5557.41 5559.13 5558.74 5558.55 5557.56 5555.25 5548.2 5542.95 5539.46 5542.71 5558.78 5571.74 5576.5 5590.22 5615.86 5646.68 5678.16 5707.3 5730.21 5743.1 5745.65 5732.71 5715.31 5709.43 5719.46
5617.62 5617.08 5609.89 5622.43 5615.34 5611.42 5605.59 5598.63 5590.96 5582.75 5576.17 5581.36 5577.08 5570.82 5569.61 5567.82 5559.34 5559.93 5560.87 5560.68 5562.73 5562.4 5564.78 5567.16 5566.8 5565.89 5566.6 5569.74 5573.96 5570.94 5567.22 5561.95 5557.13 5550.82 5543.76 5535.83 5532.34 5534.19 5539.59 5545.09 5549.17 5550.86 5553.19 5552.8 5553.15 5551.26 5547.92 5544.21 5542.25 5540.25 5539.93 5540.32 5549.47 5555.63 5568.12 5586.16 5616.31 5654.85 5681.85 5712.59 5737.62 5741.12 5732.94 5710.91 5685.57 5669.02 5672.81
5622.47 5628.84 5614.41 5599.24 5597.24 5600.6 5599.64 5596.43 5590.79 5584.75 5581.65 5579.45 5574.65 5569.06 5565.43 5562.76 5554.16 5552.7 5555.55 5560.15 5565.04 5568.56 5572.22 5572.11 5569.99 5567.78 5567.17 5568.14 5569.7 5567.31 5564.11 5560.28 5558.17 5554.25 5545.09 5535.55 5532.15 5541.88 5541.29 5544.02 5545.18 5546.72 5548.3 5549.05 5548.56 5546.83 5542.4 5536.99 5539.7 5541.2 5545.17 5553.23 5550.35 5546.68 5566.04 5588.16 5614.74 5643.44 5674.21 5706.37 5730.92 5729.93 5717.33 5690.9 5662.25 5639.18 5635.97
5627.91 5619.22 5596.73 5586.04 5588.94 5593 5594.27 5594.15 5591.84 5587.91 5585.04 5582.16 5575.28 5567.01 5563.34 5557.26 5551.63 5548.24 5551.95 5559.44 5568.27 5579 5582.68 5576.43 5570.85 5566.86 5563.93 5561.62 5558.13 5553.04 5552.62 5554.42 5556 5557.3 5546.04 5537.23 5533.12 5541 5542.42 5541.29 5541.16 5542.41 5543.97 5545.49 5546.08 5545.77 5543.38 5541.56 5543.08 5544.09 5547.64 5554.26 5552.75 5555.3 5572.59 5593.85 5612.46 5633.1 5659.95 5687.63 5704.56 5708.41 5697.08 5674.51 5647.22 5622.38 5615.82
5629.48 5617.25 5594.45 5586.86 5586.95 5588.51 5590.61 5593.03 5594.76 5595.42 5589.75 5585.95 5579.13 5571.81 5566.35 5561.72 5553.81 5549.19 5551.15 5558.06 5567.49 5579.35 5586.96 5574.78 5567.85 5562.87 5558.37 5553.97 5550.67 5544.24 5544.4 5547.61 5548.88 5545.51 5543.12 5538.61 5538.97 5545.86 5541.36 5537.44 5537.52 5539.1 5541.46 5543.21 5545.82 5547.3 5548.78 5550.8 5550.99 5547.64 5546.02 5544.84 5547.38 5564.15 5581.43 5597.46 5612.96 5627.22 5648.61 5671.81 5685.71 5690.27 5681.89 5663.1 5640.74 5619.99 5612.2
5633.2 5617.77 5596.31 5588.36 5586.89 5587 5589.16 5592.18 5596.61 5602.08 5593.79 5589.64 5584.21 5578.3 5571.41 5562.48 5554.26 5547.04 5549.74 5555.5 5561.78 5566.03 5564.68 5564.35 5561.93 5557.75 5552.32 5545.63 5537.28 5537.06 5539.97 5542.14 5544.4 5544.61 5539.17 5535.65 5533.28 5528.47 5525.87 5529.04 5533.42 5536.43 5539.57 5542.56 5545.31 5548.86 5553.56 5560.69 5558.22 5550.64 5546.32 5542.27 5543.79 5567.7 5591.73 5604.25 5619.22 5632.35 5647.04 5661.43 5674.45 5676.75 5670.69 5657.05 5639.24 5623.8 5612.94
5611.58 5614.84 5604.29 5591.38 5586.75 5585.8 5586.92 5589.72 5594.06 5596.34 5593.89 5589.23 5587.38 5583.53 5577.38 5571.16 5560.56 5549.22 5549.6 5553.13 5555.83 5554.64 5550.74 5554.88 5555.6 5552.4 5547.73 5541.14 5533.95 5534.4 5538.51 5538.53 5535.68 5534.38 5533.76 5530.51 5525.61 5518.11 5516.49 5522.86 5528.71 5534 5539.07 5543.45 5547.19 5551.08 5554.52 5556.36 5555.03 5553.39 5551.7 5550.39 5556.75 5586.76 5612.93 5622.25 5630.4 5639.7 5649.04 5658.22 5675.17 5674.24 5669.04 5656.02 5638.38 5621.28 5610.13
5621.13 5621.17 5624.01 5597.84 5587.1 5584.25 5583.7 5585.19 5589.12 5601.14 5602.28 5592.52 5584.3 5579.35 5578.56 5578.6 5567 5553.55 5551.16 5552.43 5554.14 5555.14 5558.48 5556.6 5553.62 5549.95 5545.67 5541.97 5539.44 5541.98 5541.92 5539.09 5534.34 5532.06 5530.74 5527.52 5522.52 5516.6 5515 5520.11 5526.08 5533.13 5538.02 5543.98 5548.83 5553.64 5557.1 5556.43 5557.61 5561.01 5561.47 5564.66 5576.16 5606.62 5633.52 5638.78 5640.66 5645.32 5651.78 5662.35 5686.13 5693.13 5677.44 5658.33 5638.25 5618.56 5604.2
5618.22 5619.23 5623.63 5599.59 5586.99 5583.18 5581.16 5579.07 5576.84 5574.9 5588.92 5589.12 5581.09 5573.86 5570.25 5571.34 5568.53 5558.19 5552.22 5550.83 5552.89 5557.76 5565.72 5560.01 5552.51 5547.55 5544.26 5543.3 5544.77 5550.98 5546.66 5543.03 5537.68 5534.34 5530.42 5525.82 5521.31 5516.53 5518.1 5519.86 5524.86 5530.35 5537.57 5544.02 5551.06 5558.02 5564.58 5572.54 5579.67 5573.24 5572.2 5577.36 5592.31 5611.23 5631.44 5642.49 5646.24 5650.49 5658.78 5680.45 5694.75 5697.78 5680.46 5659.53 5638.57 5618.17 5602.22
5606.79 5604.94 5604.58 5602.39 5588.72 5583.31 5578.51 5574.25 5568.44 5562.19 5562.76 5566.64 5561.93 5560.02 5556.51 5551.1 5554.69 5551.6 5548.34 5547.18 5548.47 5551.87 5555.28 5552.46 5546.6 5542.56 5540.96 5541.39 5544.31 5548.48 5548.31 5547.05 5545.56 5538.78 5532.25 5525.89 5519.48 5514.93 5516.3 5520.5 5525.31 5531.75 5538.4 5545.44 5551.81 5560.46 5569 5578.18 5586.12 5581.67 5578.27 5580.94 5590.84 5611.96 5627.97 5641.32 5647.69 5653.15 5662.53 5677.48 5685.79 5684.05 5674.23 5657.6 5638.88 5619.95 5603.2
5599.67 5594.87 5596.13 5601.58 5592.15 5585.07 5578.98 5572.73 5566.08 5560.35 5557.04 5560.02 5554.94 5551.34 5549.28 5546.22 5540.25 5540.85 5542.11 5541.91 5541.83 5541.73 5541.92 5539.16 5536.44 5535.21 5535.51 5536.95 5540.74 5544.74 5547.62 5547.3 5550.75 5540.33 5533.21 5527.16 5521.65 5520.61 5523.32 5523.55 5528.2 5532.9 5540.34 5546.27 5554.86 5563.66 5572 5579.84 5581.9 5584.73 5582.16 5581.45 5589.08 5616.75 5634.81 5642.42 5647.03 5651.7 5657.03 5671.33 5675.57 5671.81 5666.9 5653.92 5638.03 5622.98 5611.04
5590.33 5589.94 5593.92 5595.69 5591.54 5586.57 5580.52 5573.43 5565.3 5559.8 5557.89 5556.89 5552.38 5548.57 5544.41 5540.79 5538.77 5537.8 5538.11 5537.14 5534.82 5531.43 5526.54 5523.42 5525.19 5526.79 5528.49 5531.24 5535.75 5540.6 5540.81 5540.71 5538.74 5538.73 5534.01 5528.17 5523.55 5523.41 5523.06 5522.99 5529.13 5538.05 5545.66 5553.1 5560.29 5566.52 5574.92 5583.15 5593.57 5589.86 5584.62 5586.22 5601.69 5625.23 5640.39 5643.57 5644.74 5647.28 5652.75 5661.63 5673.27 5674.13 5663.8 5650.68 5636.01 5621.48 5609.26
5588.25 5588.2 5591.48 5593.95 5592.09 5589.25 5585.14 5578.31 5570.21 5564.38 5562.89 5560.47 5556.29 5550.36 5544.13 5540.51 5539.13 5538.03 5536.58 5534.26 5530.4 5525.54 5517.65 5513.24 5516.8 5518.15 5519.53 5521.87 5526.62 5524.6 5529.53 5535.99 5538.2 5536.99 5533.43 5529.55 5524.94 5518.53 5518.46 5525.34 5534.46 5542.79 5547.92 5553.31 5559.94 5566.41 5573.88 5582.03 5589.67 5586.86 5581.79 5585.87 5605.57 5624.52 5630.44 5636.5 5637.84 5639.95 5641.32 5651.25 5667.91 5670.38 5659.75 5646.82 5632.64 5616.95 5597.6
5589.88 5590.93 5593.12 5595.42 5593.92 5593.11 5590.08 5585.54 5580.95 5575.45 5570.17 5566.79 5561.96 5555.02 5548.96 5545.04 5543.73 5540.13 5536.65 5532.89 5529.04 5523.87 5518.65 5515.8 5513.57 5512.15 5511.32 5510.61 5510.82 5514.83 5522.55 5535.44 5540.99 5536.52 5532.14 5529.48 5527.29 5527.67 5533.74 5532.75 5543.13 5547.63 5553.09 5557.48 5560.98 5565.6 5570.7 5575.81 5577.73 5576.85 5573.16 5573.69 5586.72 5605.9 5616.55 5621.55 5627.29 5632.83 5637.83 5639.74 5654 5657.92 5650.84 5640.95 5628.89 5616.27 5604.37
