real_craters/C175-300m.grd
DSAA
456 456
-68.25 68.25
-68.25 68.25
4029.9822563496 6595.3393296852
[rows 360 to 389 of 456, columns 335 to 401 of 456]
5239.84 5232.46 5224.91 5224.22 5228.18 5220.46 5211.35 5204.17 5205.71 5213.04 5213.42 5213.99 5215.37 5217.48 5220.12 5224.94 5245.52 5245.68 5245.66 5246.54 5247.34 5240.38 5231.5 5223.77 5218.08 5216.87 5217.09 5218.86 5219.44 5218.21 5216 5214.74 5214.5 5213.2 5210.29 5207.01 5203.23 5198.93 5194.15 5189.67 5184.75 5183.19 5185.77 5184.95 5180.81 5175.86 5167.35 5153.42 5138.33 5124.11 5115.17 5112.02 5110.61 5110.54 5111.05 5112.59 5114.81 5118.41 5122.08 5121.26 5123.72 5127.18 5130.27 5128.44 5125.04 5121.34 5118.06
5247.79 5241.33 5232.38 5230.58 5226.9 5222.82 5218.37 5213.14 5206.93 5212.36 5212.04 5211.83 5212.09 5212.52 5212.64 5213.16 5223.14 5232.75 5237.11 5240.61 5245.44 5237.46 5229.08 5222.42 5214.47 5210.88 5216.52 5218.96 5218.96 5217.15 5215.09 5213.17 5212.64 5211.8 5210.09 5207.59 5204.26 5199.88 5195.14 5190.57 5186.04 5185.67 5186.13 5183.21 5175.66 5169.01 5167.63 5152.93 5138.64 5125.49 5116.63 5112.77 5110.81 5110.06 5109.96 5110.16 5110.26 5110.24 5108.22 5112.92 5116.65 5120.24 5122.8 5122.52 5120.74 5118.54 5116.35
5250.23 5244.85 5244.56 5238.22 5230.47 5226.64 5225.26 5219.61 5204.79 5209.28 5210.05 5210 5209.35 5208.53 5207.87 5209.05 5214.45 5221.27 5225.19 5226.51 5227.31 5223.88 5223.69 5224.08 5220.67 5219.19 5222.22 5222.5 5220.79 5217.86 5214.68 5212.07 5211.5 5211.37 5210.75 5209 5205.99 5202.41 5198.04 5193.18 5188.05 5191.13 5196.33 5187.29 5172.98 5159.95 5158.45 5150.93 5139.33 5128.64 5120.81 5114.35 5111.73 5110.31 5109.54 5108.55 5107.14 5105.51 5104.95 5106.51 5109.74 5112.99 5115.66 5116.28 5116.27 5115.98 5115.63
5258.98 5254.78 5256.64 5248.35 5238.72 5233.66 5233.05 5230.22 5208.45 5208.33 5210.14 5209.67 5208.31 5206.84 5205.33 5204.32 5209.82 5213.57 5213.95 5210.96 5203.87 5205.3 5218.51 5230.49 5237.39 5236.71 5232.76 5228.22 5223.8 5219.5 5215.39 5211.82 5211.85 5212.21 5211.52 5210.29 5208.38 5205.17 5201.02 5196.62 5192.64 5195.09 5203.21 5188.88 5175.12 5164.12 5160.96 5151.44 5139.9 5128.29 5118.7 5114.8 5112.86 5111.18 5109.54 5107.82 5105.75 5103.54 5101.1 5102.07 5104.1 5106.22 5108.34 5110.28 5111.92 5113.56 5115.71
5273.49 5275.81 5270.27 5258.7 5246.95 5240.1 5239.13 5237.11 5228.79 5217.77 5213.33 5210.15 5208.05 5206.25 5204.87 5204.12 5205.5 5207.99 5205.85 5201.66 5195.91 5198.65 5216.29 5237.26 5258.82 5253.65 5241.44 5232.69 5226.37 5221.4 5217.31 5213.67 5213.5 5213.4 5212.6 5211.53 5210.01 5208.17 5205.33 5200.92 5195.86 5190.73 5185.87 5181.82 5176.07 5174.74 5165.92 5152.92 5141.22 5129.83 5118.75 5117.77 5115.79 5113.64 5111.34 5109.01 5106.37 5103.51 5101.12 5100.09 5100.42 5100.87 5102.27 5105.05 5107.77 5110.42 5113.57
5284.69 5295.44 5281.81 5265.69 5252.27 5244.15 5240.25 5239.77 5227.89 5220.38 5214.27 5208.47 5206 5205.36 5204.91 5204.49 5202.33 5203.29 5201.82 5197.87 5194.84 5199.03 5211.87 5233.13 5259.56 5252.23 5240.95 5232.41 5226.47 5222.24 5219.79 5218.11 5215.98 5214.6 5213.49 5212.63 5212 5211.07 5209.61 5205.96 5199.1 5186.04 5175.66 5173.94 5171.71 5168.26 5161.13 5151.95 5142.91 5135.09 5130.63 5124.27 5119.93 5116.72 5113.98 5111.46 5108.63 5105.53 5102.2 5100.37 5099.57 5098.01 5098.27 5101.55 5104.33 5106.61 5108.62
5280.67 5289.7 5281.11 5265.13 5249.54 5236.42 5234.31 5231.72 5217.99 5210.89 5207.09 5202.62 5202.16 5203.95 5205.18 5204.78 5206.7 5204.99 5201.69 5196.88 5192.46 5190.83 5201.67 5216.03 5225.71 5232.98 5230.96 5226.94 5223.2 5220.59 5219.27 5218.73 5216.73 5214.71 5213.85 5213.15 5213.12 5213.18 5213.15 5211.65 5203.56 5183.69 5170.73 5168.61 5167.18 5163.11 5155.89 5150.05 5143.9 5138.36 5134.4 5128.78 5124.12 5120.7 5117.91 5115.47 5112.84 5109.95 5106.85 5104.43 5102.61 5099.73 5098.78 5100.63 5102.21 5103.36 5103.98
5266.69 5273.27 5269.38 5257.53 5245.8 5236.64 5224.53 5211.34 5194.33 5189.06 5190.57 5192.07 5196.2 5202.13 5209.18 5212.4 5210.85 5208.67 5203.8 5197.47 5191.8 5187.93 5193.13 5199.96 5206.48 5214.07 5217.99 5218.5 5217.58 5216.7 5215.58 5215.99 5213.93 5212.94 5212.48 5212.55 5212.86 5213.5 5214.49 5215.22 5207.03 5181.85 5168.21 5166.57 5165.28 5161 5154.01 5149.14 5144.14 5139.15 5134.4 5130.3 5126.89 5124.29 5121.86 5119.67 5117.59 5115.71 5114.22 5112.07 5108.6 5106.09 5103.34 5101.74 5101.43 5101.5 5101.65
5249.05 5252.93 5252.3 5243.68 5236.4 5228.69 5213.68 5195.34 5177.01 5171.66 5173.21 5179.83 5188.79 5198.42 5207.06 5210.82 5210.85 5212.97 5205.07 5197.78 5192.4 5190.37 5190.97 5190.43 5191.52 5201.29 5206.78 5209.81 5210.81 5210.99 5210.66 5208.04 5208.16 5209.37 5209.73 5210.26 5210.78 5210.93 5211.46 5211.3 5201.63 5180.62 5169.46 5167.45 5166.92 5163.06 5155.07 5149.39 5144.3 5139.47 5134.52 5131.38 5129.81 5128.2 5126.42 5124.64 5122.95 5121.86 5120.84 5118.39 5114.25 5109.93 5105.78 5102.65 5101.04 5100.26 5099.95
5234.18 5231.68 5225.79 5226.59 5223.55 5217 5205.42 5190.53 5174.69 5165.34 5160.83 5169.76 5181.28 5193.01 5203.12 5205.53 5204.36 5206.74 5202.22 5195.74 5190.89 5189.66 5189.58 5188.48 5190.82 5194.63 5198.79 5202.3 5204.3 5205.57 5205.52 5204.35 5204.41 5205.66 5206.38 5206.7 5206.75 5206.47 5205.22 5201.18 5191.62 5177.55 5170.28 5168.69 5169.14 5166.73 5156.5 5149.58 5144.66 5140.45 5136.37 5133.86 5133.19 5132.28 5130.86 5129.1 5127.51 5126.71 5126.7 5126.27 5118.17 5110.08 5105.48 5102.53 5100.31 5098.94 5097.97
5219.78 5216.52 5212.54 5214.34 5213.58 5208.37 5201.92 5193.99 5188.82 5182.21 5160.74 5165.46 5175.65 5186.74 5197.35 5197.71 5195.22 5197.62 5196.01 5191.1 5186.31 5182.65 5180.09 5182.86 5186.37 5189.23 5192.42 5196.02 5198.47 5200.37 5201.06 5200.77 5201.29 5202.98 5203.17 5202.9 5202.57 5201.4 5199.15 5192.22 5185.51 5175.31 5170.7 5168.13 5166.94 5162.83 5153.94 5148.41 5145.03 5142.42 5139.54 5137.62 5138.1 5137.27 5135.42 5133.15 5130.92 5129.34 5128.48 5129.02 5118.81 5110.22 5105.5 5102.22 5099.2 5096.86 5095.15
5210.85 5208.89 5207.04 5208.65 5210.23 5207.66 5204.58 5197.91 5191.4 5192.58 5167.25 5166.29 5172.07 5179.59 5185.71 5187.42 5186.04 5187.76 5189 5185.56 5180.75 5175.52 5170.78 5174.85 5179.97 5183.44 5186.62 5190.21 5192.82 5195.25 5197.34 5200.08 5203.12 5200.92 5199.5 5198.28 5197.22 5195.36 5193.62 5195.23 5186.31 5180.3 5171.12 5165.53 5161.4 5156.05 5149.17 5146.48 5145.67 5145.65 5145.7 5145.57 5144.94 5142.92 5140.02 5136.67 5133.19 5129.81 5125.78 5119.96 5116.16 5110.99 5106.8 5102.39 5098.05 5094.12 5091.17
5210.16 5206.94 5204.65 5206.61 5211.61 5217.15 5212.51 5200.95 5189.83 5185.77 5174.43 5168.68 5169.27 5172.56 5177.05 5178.25 5178.84 5181.34 5183.33 5180.5 5176.46 5171.49 5167.03 5170.9 5175.46 5178.8 5181.49 5184.61 5187.22 5189.62 5192.22 5194.7 5196.37 5195.73 5194.23 5192.83 5190.79 5188.25 5184.24 5178.46 5176.85 5173.26 5166.64 5161.25 5156.22 5151 5146.15 5144.77 5146.35 5149.09 5152.34 5154.99 5152.37 5148.63 5144.46 5139.71 5134.93 5129.9 5123.92 5117.34 5115.62 5115.88 5109 5103 5097.39 5091.99 5088.33
5213.03 5208.15 5203.49 5204.87 5211.38 5218.39 5214.18 5202.01 5191.78 5184.85 5176.28 5169.31 5166.3 5165.34 5166.49 5170.99 5174.63 5178.32 5178.25 5177.08 5174.43 5170.75 5167.84 5171.48 5172.78 5174.63 5176.63 5178.97 5181.18 5183.36 5185.52 5187.81 5189.44 5189.19 5187.57 5186.09 5184.53 5181.53 5176.09 5168.28 5165.03 5161.55 5159.54 5156.61 5152.75 5148.03 5143.18 5143.42 5147.09 5151.74 5156.87 5160.56 5158.36 5153.36 5147.97 5142.43 5136.68 5130.83 5124.07 5117.89 5114.77 5113.35 5109.16 5103.73 5097.88 5091.77 5087.84
5218.3 5211.04 5204.39 5203.96 5209.13 5211.22 5207.5 5199.37 5190.24 5185.03 5176.43 5167.96 5163.57 5160.44 5160.98 5166.74 5171.14 5173.77 5174.45 5175.45 5174.41 5172.38 5169.97 5169.77 5169.16 5169.89 5171.49 5173.41 5175.33 5176.58 5178.01 5179.73 5181.28 5180.75 5180.08 5179.79 5178.92 5176.7 5172.9 5166.98 5158.69 5154.41 5153.92 5153.08 5151.17 5147.1 5143.43 5143.79 5147.98 5153.28 5159.14 5164.55 5161.89 5156.6 5150.84 5144.76 5138.56 5132.41 5125.45 5118.5 5113.44 5110.83 5109.21 5105.43 5100.2 5094.2 5090.18
5217.89 5214.04 5209.69 5208.19 5208.92 5207.24 5202.49 5195.58 5186.52 5178.4 5171.05 5165.65 5162.43 5159.89 5161.17 5166.55 5171.12 5172.56 5172.59 5175.75 5175.84 5175.07 5172.07 5164.05 5165.78 5166.34 5166.5 5167.61 5169.2 5170.3 5170.81 5170.94 5169.92 5171.4 5172.89 5174.1 5174.31 5173.51 5171.26 5165.46 5155.64 5150.96 5150.73 5150.75 5150.12 5146.75 5144.09 5144.46 5148.45 5153.69 5158.9 5162.47 5161.83 5157.97 5152.76 5147.04 5141.08 5134.66 5128.13 5121.72 5116.69 5114 5112.06 5108.99 5104.81 5099.72 5095.03
5218.57 5216.47 5214.68 5213.89 5210.34 5206.07 5200.03 5192.82 5183.48 5172.22 5162.85 5163.18 5162.24 5162.43 5164.31 5168.45 5174.35 5179.95 5179.25 5177.7 5176.2 5176.97 5178.92 5171.15 5164.89 5163.17 5162.88 5162.75 5164.03 5164.05 5164.2 5163.68 5163.3 5164.07 5166.53 5168.95 5170.33 5170.79 5169.71 5164.06 5154.65 5150.18 5149.43 5149.28 5148.22 5146.32 5144.52 5144.88 5148.55 5153.25 5157.86 5161.01 5161.19 5158.61 5154.33 5149.19 5143.53 5137.54 5131.58 5126.19 5121.44 5119.16 5116.86 5113.76 5110.56 5106.99 5100.89
5217.76 5216.3 5215.38 5214.08 5210.22 5205.95 5200.48 5190.5 5179.28 5167.23 5154.52 5158.79 5161.75 5164.76 5166.19 5168.21 5172.8 5179.62 5181.47 5174.14 5171.66 5173.72 5178.08 5173.15 5162.01 5158.45 5157.89 5158.65 5159.31 5159.6 5159.5 5158.31 5155.95 5156.64 5161.58 5165.01 5167.18 5167.81 5167.43 5161.97 5154.05 5150.18 5149.17 5149.07 5148.14 5146.1 5144.72 5145.19 5148.15 5152.49 5156.76 5159.84 5160.6 5159.02 5155.56 5150.95 5145.53 5140.05 5134.93 5130.97 5129.73 5126.11 5121.9 5118.24 5115.01 5111.5 5105.09
5212.72 5213.06 5211.95 5212.53 5205.15 5201.82 5198.54 5184.42 5171.15 5160.37 5150.35 5155.1 5158.89 5165.43 5165.33 5163.99 5163.3 5162.21 5157.95 5157.99 5160.58 5163.43 5166 5159.83 5152.54 5151.46 5151.87 5153.53 5155.28 5155.68 5156.09 5155.66 5154.02 5154.61 5160.03 5162.97 5164.55 5164.97 5163.95 5159.22 5152.43 5149.88 5148.97 5148.94 5147.78 5145.38 5143.85 5144 5146.95 5151.43 5155.96 5159.2 5160.45 5159.74 5156.75 5152.3 5147.08 5141.88 5136.86 5132.87 5129.94 5129.04 5125.03 5121.34 5117.62 5113.21 5107.6
5210.01 5209.53 5205.59 5195.68 5193.92 5190.72 5184.44 5171.11 5158.1 5148.29 5146.27 5142.13 5153.41 5163.95 5161.15 5157.15 5151.43 5143.24 5135.77 5141.78 5148.77 5150.71 5148.27 5145.21 5143.19 5144.69 5146.24 5148.93 5150.73 5152.28 5153.79 5155.29 5157.85 5161.52 5161.61 5161.79 5162.47 5162.5 5161.69 5157.53 5152.62 5149.53 5148.18 5147.82 5146.2 5143.75 5142.03 5141.69 5145.23 5150.23 5155.56 5160.28 5162.75 5161.56 5158.03 5153.42 5148.03 5142.42 5137.28 5132.72 5129.08 5126.69 5125.85 5123.52 5119.86 5115.35 5110.1
5210.15 5208.35 5203.54 5196.57 5188.78 5178.12 5165.97 5153.37 5143.13 5135.71 5138.34 5144.58 5149.77 5151.91 5154.73 5151.04 5143.64 5134.1 5130.31 5138.55 5143.08 5142.54 5137.74 5136.99 5137.48 5139.16 5141.7 5144.47 5146.77 5149.25 5151.55 5154.19 5157.61 5162.49 5159.64 5159.83 5160.11 5159.78 5158.6 5155.1 5151.39 5147.87 5146.11 5145.78 5143.74 5141.27 5139.82 5140.11 5143.32 5148.86 5155.17 5161.34 5165.76 5163.31 5158.96 5153.92 5148.13 5142.86 5137.68 5132.31 5125.71 5124.7 5126.34 5125.86 5122.93 5118.59 5113.29
5212.97 5209.19 5203.92 5198.84 5186.35 5167 5147.46 5135.86 5130.52 5127.82 5131.83 5143.46 5151.43 5152.69 5152.9 5148.09 5141.03 5134.37 5137.92 5145.07 5143.4 5139.95 5136.48 5133.59 5131.53 5135.21 5138.13 5141.07 5143.61 5146.49 5149.53 5152.11 5153.1 5149.61 5155.78 5157.79 5157.44 5156.33 5154.25 5149.95 5146.77 5144.32 5142.56 5141.22 5139.78 5138.17 5137.05 5137.12 5140.64 5147.03 5154.27 5161.08 5164.44 5164.48 5159.68 5153.64 5148 5142.58 5137.78 5133.65 5130.18 5127.12 5127.17 5128.44 5130.3 5124.67 5116.49
5215.02 5209.34 5202.59 5192.58 5177.52 5160.44 5138.04 5126.21 5123.15 5121.96 5126.62 5139.94 5156.39 5162.98 5154.5 5147.45 5141.08 5137.97 5145.38 5151.97 5142.14 5137.11 5135.4 5132.15 5132.54 5133.99 5135.94 5138.38 5141.26 5144.25 5147.67 5151.14 5154.14 5158.27 5158.15 5156.86 5154.57 5152.1 5149.64 5144.56 5141.5 5140.77 5139.09 5137.01 5136.15 5135.2 5134.37 5134.43 5137.82 5144.94 5152.93 5160.75 5168.25 5164.87 5158.84 5152.19 5146.36 5141.07 5136.79 5133.75 5131.21 5127.19 5126.09 5126.57 5128.62 5124.12 5116.29
5214.17 5208.03 5201.68 5194.29 5183.73 5162.22 5141.42 5128.08 5122.48 5119.54 5122.53 5132.5 5147.93 5156.58 5151.95 5145.78 5140.08 5136.74 5136.91 5135.61 5133.65 5130.14 5127.9 5128.83 5131.27 5132.34 5133.67 5136.21 5139.31 5142.49 5145.74 5149.84 5154.38 5158.48 5158.88 5155.73 5151.32 5146.83 5144.77 5145.37 5142.26 5138.67 5136.54 5134.82 5133.65 5133.01 5132.73 5132.41 5135.36 5143.33 5151.07 5157.62 5161.63 5160.48 5155.44 5149.7 5144.03 5138.37 5134.28 5131.38 5129.18 5124.51 5122.7 5120.19 5117.2 5115.62 5112.59
5208.17 5204.04 5200.1 5194.35 5183.91 5166.75 5148.78 5134.85 5126.88 5122.7 5124.15 5130.15 5137.65 5145.5 5145.9 5141.92 5137.03 5131.85 5126.34 5124.8 5124.49 5123.5 5123.24 5124.59 5125.86 5127.34 5130.99 5134.56 5137.74 5140.55 5143.12 5146.45 5151.8 5159.78 5160.88 5152.56 5147.49 5144.08 5143 5145.45 5141.08 5135.71 5132.77 5132.69 5131.19 5131.92 5133.11 5134.11 5136.85 5143.9 5149.47 5153.63 5156.5 5154.94 5150.62 5145.95 5140.82 5135.32 5129.8 5125.69 5124.25 5123.3 5119.2 5113.91 5109.42 5108.87 5108.88
5195.91 5197.78 5197.85 5194.08 5185.06 5172.56 5157.08 5143.17 5133.97 5128.03 5125.59 5127.77 5134.37 5140.04 5140.84 5138.4 5134.11 5128.92 5122.99 5119.05 5119.12 5118.91 5120.39 5122.27 5122.79 5122.86 5130.18 5134.52 5136.68 5138.19 5139.18 5140.06 5142.04 5148.97 5147.77 5140.66 5141.63 5144.32 5142.07 5137.54 5135.89 5131.66 5125.86 5124.37 5127.9 5131.36 5135.04 5139.23 5143.64 5147.17 5148.81 5149.35 5148.55 5146.58 5144.71 5141.89 5137.88 5131.84 5125.27 5118.49 5117.47 5121.45 5115.44 5108.69 5104.03 5103.51 5105.1
5184.2 5193.48 5198.02 5197.84 5192.11 5181.52 5167.07 5152.9 5141.6 5134.65 5134.08 5137.84 5141.15 5139.4 5137.6 5135.64 5132.63 5129.22 5125.41 5121.35 5118.83 5117.32 5120.13 5124.12 5127.81 5131.59 5135.2 5136.71 5136.82 5136.78 5135.77 5133.17 5127.4 5114.91 5106.69 5123.44 5135.61 5141.19 5142.7 5137.03 5135.68 5130.98 5123.96 5122.28 5126.87 5131.39 5136.74 5143.44 5150.28 5150.17 5148.31 5145.95 5141.98 5139.05 5140.55 5139.67 5136.13 5130.54 5122.34 5112.78 5110.6 5115.3 5109.92 5103.31 5099.05 5098.31 5099.39
5182.75 5195.04 5202.04 5204.72 5204.32 5192.17 5175.61 5161.04 5147.13 5138.2 5133.64 5141.33 5143.17 5136.22 5133.66 5133.33 5132.41 5131.35 5128.09 5124.03 5121.99 5120.82 5123.8 5128.55 5135.33 5144.64 5141.88 5139.18 5137.65 5136.08 5133.73 5129.67 5121.9 5108.21 5099.9 5120.25 5136.18 5147.5 5150.46 5149.09 5140.45 5134.03 5130.03 5127.63 5128.12 5131.2 5136.29 5143.4 5149.98 5150.42 5146.72 5143.78 5141.01 5139.49 5141.04 5140.57 5137.67 5132.1 5123.88 5113.81 5109.13 5107.93 5104.21 5099.08 5095.13 5093.67 5093.14
5193.75 5203.81 5208.93 5210.72 5208.27 5197.03 5179.04 5161.17 5147.9 5139.86 5136.19 5137.16 5132.83 5126.99 5127.77 5130.16 5132.51 5135.17 5135.17 5132.83 5129.58 5128.28 5129.4 5132.49 5137.33 5141.17 5141.34 5139.77 5137.93 5136.18 5134.29 5131.8 5128.44 5124.86 5125.15 5134.69 5141.41 5145.94 5147.93 5149.57 5139.21 5134.82 5132.98 5130.15 5128.24 5129.06 5132.38 5138.19 5146.9 5144.9 5141.75 5141.73 5142.68 5143.85 5145.35 5144.91 5141.9 5137.35 5130.94 5122.99 5115.89 5109.18 5102.9 5097.81 5094.11 5091.78 5089.35
5213.96 5216 5216.4 5215.35 5212.33 5201.2 5179.58 5157.88 5147.29 5140.2 5135.76 5134.55 5123.19 5119.31 5122.57 5126.82 5132.21 5140.08 5152.03 5155.25 5143.76 5135.25 5133.75 5134 5136.18 5137.72 5138.65 5138.24 5136.82 5135.84 5135.28 5135.53 5137.79 5144.6 5157.46 5151.26 5144.89 5140.75 5130.01 5125.62 5129.04 5130.48 5132.91 5128.6 5125.31 5124.54 5125.14 5126.21 5126.53 5127.98 5133.11 5139.02 5145.02 5150.1 5151.93 5150.84 5148.41 5145.34 5141.6 5136.83 5128.71 5117.65 5107.86 5100.67 5096.41 5094.11 5091.66
