real_craters/C175-300m.grd
DSAA
456 456
-68.25 68.25
-68.25 68.25
4029.9822563496 6595.3393296852
[rows 180 to 209 of 456, columns 335 to 401 of 456]
5560.08 5556.74 5553.37 5548.89 5545.46 5541.26 5535.8 5523.65 5511.65 5495.63 5475.12 5455 5442.78 5438.6 5436.09 5433.74 5432.87 5433.59 5435.2 5438.23 5444.18 5457.35 5484.37 5484.64 5481.52 5477.61 5473.76 5464.14 5452.94 5444.61 5437.08 5428.87 5419.19 5407.72 5394.31 5384.88 5385.18 5385.47 5387.05 5392.38 5390.32 5389.86 5393.27 5398.63 5405.42 5412.39 5418.94 5423.7 5424.58 5425.77 5434.52 5438.85 5440.46 5441.23 5441.17 5441.47 5441.86 5442.19 5442.71 5442.94 5445.73 5449.08 5452.99 5458.19 5462.66 5465.71 5465.65
5554.33 5550.39 5546.92 5542.75 5539.09 5535.85 5533.11 5530.86 5519.36 5494.69 5471.62 5450.77 5439.49 5436.04 5434.14 5433.69 5432.98 5432.98 5432.84 5432.26 5432.82 5443.66 5482.6 5488.32 5487.27 5480.59 5464.93 5450.06 5447.23 5441.85 5434.54 5426.27 5416.31 5405 5393.6 5385.75 5383.57 5382.64 5382.63 5381.96 5385.89 5388.48 5392.63 5398.22 5404.96 5412.58 5420.09 5426.76 5430.3 5431.85 5435.54 5437.54 5438.11 5437.8 5437.46 5437.27 5436.88 5437.35 5437.96 5436.82 5439.52 5442.95 5447 5453.15 5460.93 5463.97 5463.07
5548.23 5542.72 5538.94 5534.2 5529.94 5526.51 5524.56 5524.93 5514.23 5487.69 5466.02 5450.61 5440.08 5435.36 5432.93 5432.73 5432.84 5433.54 5433.18 5432.21 5432.19 5446.99 5477.49 5488.96 5490.78 5487.7 5467.14 5450.18 5447.53 5441.86 5433.97 5425.13 5415.46 5405.71 5396.4 5389.08 5385.37 5382.44 5380.27 5378.61 5382.04 5386.26 5391.16 5397.06 5404.07 5412.43 5421.52 5431.91 5442.13 5443.05 5439.1 5437.02 5435.11 5434.25 5433.43 5432.83 5431.93 5431.54 5432.25 5429.51 5431.98 5435.01 5439.74 5444.75 5451.34 5459.25 5467.63
5539.98 5534.84 5529.47 5523.91 5518.32 5513.07 5506.93 5499.5 5486.84 5470.87 5455.55 5443.46 5437.65 5435.19 5434.54 5435.51 5436.74 5438.05 5438.71 5438.8 5439.86 5458.24 5480.23 5489.75 5490.15 5486.52 5475.63 5467.17 5454.73 5444.09 5434.55 5425.02 5415.84 5407.51 5400.42 5394.91 5389.43 5384.37 5380.83 5379.98 5381.19 5384.74 5389.57 5395.36 5402.23 5410.8 5420.5 5432.56 5445.16 5445.14 5438.65 5434.41 5431.2 5428.71 5426.96 5426.01 5425.75 5424.47 5424.56 5423.62 5424.82 5426.96 5429.61 5434.02 5439.62 5447.76 5455.04
5530.43 5525.29 5519.42 5512.62 5505.62 5497.28 5486.8 5472.75 5456.46 5452.39 5446.68 5438.21 5436.73 5435.87 5436.64 5438.48 5441.33 5444.72 5447.35 5449.72 5450.6 5457.33 5490.43 5488.59 5485.09 5480.52 5476.85 5471.25 5457.94 5445.2 5434.26 5424.49 5415.65 5408.75 5403.55 5401.08 5393.58 5386.11 5380.96 5378.83 5380.6 5383.55 5387.98 5393.13 5399.13 5406.51 5415 5425.56 5435.26 5435.97 5431.51 5427.4 5425.12 5422.88 5421.89 5420.34 5419.64 5418.6 5418.28 5416.61 5416.94 5418.16 5419.85 5423.36 5430.03 5439.14 5445.66
5520.63 5514.13 5507.38 5500.26 5492.31 5482.92 5471.35 5457.25 5445.05 5441.37 5441.42 5443.74 5437.73 5436.69 5438.67 5441.21 5445.08 5450.49 5456.95 5463.27 5463.69 5460.32 5477.11 5478.83 5476.94 5474.19 5470.95 5463.93 5454.43 5443.19 5432.56 5422.84 5414.61 5408.12 5403.11 5399.31 5392.68 5386.02 5381.27 5379.04 5380.11 5382.31 5385.7 5390.2 5394.71 5399.7 5405.41 5412.56 5421 5421.34 5420.15 5419.1 5417.71 5416.53 5414.75 5413.86 5412.41 5411.53 5409.21 5408.81 5408.82 5409.42 5410.26 5412.16 5417.55 5432.47 5443.57
5508.79 5502.71 5496.34 5489.14 5481.21 5471.79 5461.11 5449.01 5438.94 5434.13 5432.73 5433.46 5434.81 5436.33 5439.29 5443.9 5449.45 5456.46 5464.86 5476.57 5483.99 5468.26 5461.65 5466.14 5468.85 5467.78 5465.09 5459.41 5450.37 5439.27 5428.93 5419.7 5411.88 5405.57 5399.84 5394.1 5388.43 5383.93 5381.86 5380.29 5379.7 5381.39 5384.01 5386.96 5389.53 5392.05 5394.93 5395.2 5395.81 5403.37 5407.07 5409.09 5409.29 5409.31 5408.71 5408.14 5406.28 5405.56 5403.65 5402.97 5402.26 5401.47 5401.47 5402.55 5407.11 5416.25 5426.06
5496.64 5490.49 5485.32 5478.5 5471.65 5463.16 5453.79 5443.81 5433.57 5429.08 5426.72 5427.69 5431.22 5434.99 5439.27 5443.9 5449.93 5457.14 5466.24 5477.19 5482.98 5467.88 5458.74 5461.08 5466.67 5464.77 5459.14 5453.5 5444.43 5433.73 5424.29 5415.54 5408.91 5402.37 5396.75 5391.65 5386.64 5380.61 5375.74 5376.25 5378.22 5380.17 5382.06 5383.66 5384.93 5385.52 5385.57 5382.91 5382.47 5389.84 5395.72 5399.79 5401.39 5402.62 5402.66 5402.52 5401.8 5401.08 5398.85 5397.93 5396.73 5394.82 5393.64 5394.16 5398.06 5405.2 5414.78
5486.25 5481.17 5475.84 5470.23 5463.85 5456.65 5449.01 5441.93 5435.94 5430.92 5426.06 5426.6 5430.37 5434.51 5438.74 5444.11 5448.99 5454.69 5460.96 5465.81 5458.01 5454.83 5456.78 5459.76 5461.31 5457.42 5450.11 5442.46 5433.74 5425.19 5417.84 5411.01 5404.99 5399.04 5393.42 5388.61 5383.88 5378.18 5373.53 5375.15 5378.22 5380.06 5381.07 5381.54 5381.62 5381.15 5380.23 5378.14 5378.13 5383.44 5387.94 5391.94 5394.17 5396.11 5396.53 5397.05 5396.81 5396.21 5393.76 5392.97 5391.74 5389.84 5388.2 5386.38 5391 5396.85 5410.69
5475.97 5471.48 5466.13 5461.41 5456.28 5450.77 5445.59 5440.95 5437.92 5433.92 5429.27 5429.67 5432.65 5436.15 5439.49 5444.32 5449.18 5452.46 5454.7 5453.95 5442.4 5445.54 5452.81 5456.87 5454.41 5448.07 5438.95 5428.56 5419.59 5414.96 5410.75 5406.26 5401.48 5396.3 5390.57 5384.82 5380.01 5378.95 5376.88 5379.75 5381.29 5381.46 5381.02 5380.34 5379.42 5378.62 5378.41 5378.37 5378.65 5380.84 5383.36 5385.77 5387.69 5390.13 5391.34 5391.92 5391.97 5391.66 5390.65 5389.99 5389.63 5388.27 5387.14 5386.39 5394.48 5413 5417.46
5465.14 5461.07 5457.63 5453.92 5450 5446.11 5442.48 5439.31 5436.27 5433.72 5433.25 5434.2 5435.88 5437.77 5439.95 5442.46 5446.94 5448.27 5447.98 5443.47 5436.39 5441.5 5449.65 5454.54 5449.24 5438.69 5428.11 5416.93 5408.1 5406.62 5405.04 5402.43 5398.93 5394.49 5389.42 5383.4 5379.17 5386.02 5390.45 5389.62 5386.67 5383.92 5381.61 5379.67 5378.03 5376.88 5376.87 5379.54 5379.66 5379.12 5380.33 5382.81 5385.12 5386.83 5388.04 5388.5 5388.95 5389.04 5388.09 5387.17 5387.43 5388.13 5390.28 5395.46 5401.24 5410.36 5420.38
5454.16 5452.01 5449.34 5447.47 5445.08 5442.6 5440.86 5438.62 5436.79 5437.63 5441.05 5440.22 5438.63 5438.1 5438.52 5440.99 5443.79 5444.49 5443.87 5440.58 5437.15 5439.23 5443.1 5448.2 5437.5 5427.02 5418.51 5410.26 5404.03 5402.3 5401.6 5400.19 5397.8 5394.39 5390.81 5386.86 5384.09 5397.97 5410.04 5399.07 5391.21 5385.86 5382.07 5379.22 5377.09 5375.18 5373.7 5372.59 5374.86 5376.84 5378.88 5380.13 5381.48 5383.73 5384.85 5383.94 5384.79 5385.36 5386.9 5386.93 5387.08 5387.86 5391.23 5397.86 5402.9 5409.16 5420.52
5444.96 5444.98 5444.89 5444.04 5443.23 5442.13 5440.62 5439.39 5438.83 5441 5448.38 5443.42 5438.97 5436.33 5437.54 5437.6 5439.28 5440.61 5442.43 5444.65 5443.06 5437.49 5429.66 5415.06 5413.3 5414.15 5411.21 5406.83 5402.22 5400.95 5400.55 5399.57 5397.9 5395.95 5394.07 5394.1 5398.99 5404.89 5405.98 5399.37 5391.46 5385.66 5381.56 5378.5 5376.03 5373.86 5371.36 5369.49 5371.46 5374.63 5376.84 5378.68 5379.63 5381.39 5382.05 5382.98 5384.03 5386.29 5385.68 5385.95 5387.1 5388.14 5389.75 5393.93 5401.72 5410.64 5419.96
5438.39 5439.27 5441.33 5441.7 5442.08 5442.18 5441.65 5441.08 5440.16 5439.69 5442.34 5441.06 5437.89 5434.84 5432.9 5432.37 5433.22 5435.47 5439.76 5445.78 5448.66 5436.58 5422.32 5408.47 5405.5 5407.97 5408.13 5406.21 5403.4 5402.28 5401.61 5401.27 5399.53 5397.73 5396.46 5397.69 5401.38 5403.83 5400.62 5392.49 5386.95 5382.79 5379.59 5377.13 5375.13 5373.52 5371.51 5370.31 5371.85 5374.14 5376.57 5377.74 5379.41 5379.92 5381.6 5382.49 5383.83 5386.51 5385.77 5386.32 5386.8 5387.95 5388.71 5392.17 5400.19 5408.71 5417.14
5434.09 5435.78 5437.05 5438.99 5440.72 5441.78 5442.44 5442.69 5442.12 5441.77 5440.65 5438.09 5434.45 5430.57 5428.01 5426.85 5426.13 5427.45 5432.48 5446.46 5448.87 5434.42 5420.64 5407.92 5406.53 5409.7 5411.1 5409.98 5407.41 5406.34 5405.75 5403.86 5401.24 5398.62 5396.35 5395.15 5395.34 5385.14 5379.45 5380.82 5379.78 5378.18 5376.6 5375.27 5374.31 5373.61 5373.22 5373.24 5373.92 5374.44 5375.99 5376.87 5379.22 5381.53 5383.33 5385.83 5387.13 5387.75 5387.36 5388.06 5388.2 5388.68 5389.63 5393.29 5401.36 5408.58 5414.49
5431.42 5432.49 5434.52 5437.28 5438.57 5440.6 5442.19 5443.08 5443.31 5444.83 5440.03 5433.73 5429.19 5425.23 5422.19 5420.27 5418.25 5417.28 5417.11 5423.13 5431.34 5428.69 5422.1 5415.16 5414.42 5417.43 5418.86 5418.11 5415.69 5414.04 5412.59 5408.98 5404.47 5399.85 5395.02 5389.98 5382 5368.13 5367.35 5371.53 5373.46 5374.05 5373.93 5373.7 5373.73 5373.57 5375.19 5376.39 5376 5375.15 5376.1 5377.72 5379.67 5381.76 5385.61 5387.55 5389.09 5389.79 5390.81 5391.16 5391.5 5391.55 5391.25 5394.05 5401.87 5407.93 5413.08
5427.89 5430.3 5432.54 5435.65 5437.79 5440.17 5442.02 5443.01 5442.35 5441.26 5435.59 5427.26 5420.68 5416.32 5413.6 5412.1 5408.8 5406.1 5403.1 5403.73 5416.49 5424.67 5427.14 5426.08 5427.94 5429.32 5429.57 5429.25 5430.59 5428.91 5421.44 5414.67 5408.04 5401.4 5394.53 5386.89 5377.83 5370.33 5366.39 5367.82 5369.59 5370.83 5371.46 5371.96 5372.54 5372.73 5374.77 5376.16 5375.59 5375.66 5376.51 5378.06 5379.85 5384.15 5386.43 5388.58 5390.62 5392.41 5394.06 5396.21 5396.8 5397.69 5398.96 5400.11 5400.13 5407.73 5412.96
5424.38 5427.6 5430.73 5434.43 5437.44 5438.77 5440.73 5441.65 5440.04 5434.08 5427.35 5416.99 5410.81 5408.06 5406.87 5406.19 5403.22 5402.02 5398.61 5400.53 5413.58 5426.2 5436.04 5442.74 5444.44 5442.32 5439.28 5437.91 5439 5436.55 5426.85 5418.54 5410.58 5402.67 5394.5 5385.74 5377.31 5370.95 5367.53 5366.77 5367.4 5368.31 5369.34 5370.02 5370.75 5370.91 5372.64 5374.14 5375.02 5376 5378.81 5380.99 5383.28 5385.79 5388.1 5390.59 5393.21 5395.84 5398.61 5401.04 5403.06 5405.13 5406.2 5410.07 5416.14 5414.72 5415.58
5423.6 5426.62 5430.04 5432.46 5435.43 5437.64 5439.83 5441.1 5440.33 5431.54 5414.3 5401.84 5397.27 5396.89 5397.83 5399.43 5401.17 5402.68 5404.58 5407.18 5417.62 5430.35 5444.3 5457.78 5459.28 5451.52 5445.21 5441.38 5437.75 5432.23 5427.31 5420.5 5412.56 5403.98 5395.3 5385.76 5375.65 5367.78 5367.4 5366.55 5366.42 5366.96 5367.38 5368.08 5368.77 5368.33 5369.42 5371.5 5374.11 5376.92 5379.32 5382.25 5384.77 5386.73 5389.46 5392.53 5395.67 5399.83 5402.88 5405.88 5409.47 5413.65 5417.34 5420.03 5420.84 5421.75 5420.87
5427.17 5428.94 5431.17 5433.49 5435.28 5436.66 5437.57 5438.52 5439.32 5430.77 5391.84 5383.9 5384.86 5388.01 5391.53 5396.71 5401.1 5406.73 5411.09 5414.89 5422.71 5432.38 5444.36 5457.28 5460.09 5450.52 5444.32 5440.7 5436.41 5430.02 5428.46 5422.11 5414 5405.13 5396.57 5387.51 5377.95 5371.13 5367.99 5366.62 5366.16 5366.26 5366.73 5366.63 5367.3 5366.54 5367.88 5369.86 5372.84 5376.05 5379.01 5381.98 5385.17 5388.56 5391.66 5395.24 5398.73 5402.7 5406.9 5410.77 5415.02 5421.11 5429.88 5431.07 5431.9 5428.13 5426.3
5431.95 5432.79 5434.24 5435.62 5436.41 5436.4 5435.6 5433.07 5428.39 5412.68 5372.59 5370.22 5376.77 5383 5388.81 5394.25 5401.02 5409.65 5421.64 5424.11 5425.02 5429.98 5435.3 5438.71 5441.95 5438.36 5436.76 5436.63 5437.97 5441.93 5433.05 5423.15 5414.4 5406.2 5398.47 5390.96 5382.99 5373.6 5368.36 5366.71 5365.9 5365.82 5365.98 5366.39 5366.98 5366.19 5367.44 5369.91 5372.32 5375.84 5379.25 5382.68 5386.36 5389.94 5393.54 5397.6 5401.74 5406.11 5410.28 5415.17 5418.53 5421.96 5426.72 5433.6 5435.02 5432.41 5428.62
5436.93 5437.25 5438.36 5438.94 5438.73 5437.16 5433.38 5426.54 5413.94 5392.18 5367.17 5368.25 5376.18 5383.18 5388.93 5394.26 5399.83 5406.73 5416.68 5421.38 5421.44 5424.22 5428.06 5427.08 5419.11 5421.54 5425.69 5429.2 5432.85 5435.47 5429.04 5420.38 5412.45 5405.41 5399.13 5393.56 5389.42 5380.09 5371.33 5368.5 5367.05 5366.38 5366.16 5366.28 5364.82 5366.46 5369.11 5369.99 5372.39 5375.55 5379.06 5382.77 5386.84 5391.6 5396.2 5400.06 5404.59 5409.75 5414.41 5419.55 5422.57 5424.07 5426.77 5437.96 5441.11 5436.13 5429.67
5442.41 5442.34 5442.95 5442.97 5442.09 5439.48 5434.19 5425 5410.58 5394.08 5381.95 5380.34 5384.8 5388.96 5392.28 5395.31 5397.75 5399.3 5400.2 5408.17 5413.33 5416.36 5416.85 5414.1 5407.93 5409.78 5415.56 5419.77 5422.1 5421.32 5418.35 5413.89 5408.84 5403.81 5398.94 5394.28 5389.15 5381.39 5373.99 5370.59 5368.65 5367.49 5366.78 5366.37 5364.35 5365.36 5367.78 5369.66 5372.38 5375.79 5379.74 5383.96 5388.45 5392.32 5397.09 5401.93 5406.98 5413.05 5418.3 5423.86 5428.86 5432.4 5435.65 5439.87 5442.06 5440.94 5438.23
5447.65 5447.59 5447.64 5447.6 5446.69 5444.36 5439.34 5430.63 5417.8 5407.57 5399.07 5398.63 5399.76 5398.99 5398.09 5396.85 5396.34 5396.12 5397 5401.37 5407.28 5410.87 5410.91 5408.76 5404.76 5405.35 5409.31 5411.88 5412.62 5410.94 5408.91 5406.85 5403.83 5400.66 5397.49 5393.81 5387.66 5381.54 5375.76 5372.92 5370.82 5369.32 5368.09 5366.99 5364.22 5363.54 5364.65 5368.54 5372.35 5376.03 5379.64 5384.24 5388.74 5393.6 5398.81 5404.14 5409.65 5415.18 5421.12 5427.8 5434.02 5440.95 5443.22 5440.12 5442.65 5445.44 5447.62
5453.27 5453.17 5453.06 5453.1 5452.39 5451.14 5448.36 5443.33 5435.56 5431.41 5432.99 5429.3 5418.28 5410.61 5404.91 5400.18 5396.77 5394.31 5391.36 5398.46 5405.63 5410.51 5410.57 5410.16 5408.23 5407.1 5406.43 5406.46 5405.86 5403.98 5402.13 5400.74 5398.88 5397.32 5395.92 5394.53 5393.2 5385.2 5379.04 5375.07 5372.75 5370.96 5369.27 5367.59 5364.3 5364.75 5365.99 5368.19 5371.76 5375.95 5379.87 5384.72 5389.41 5394.42 5399.49 5404.9 5410.63 5417 5422.71 5430.15 5436.73 5443.28 5446.5 5444.58 5447.05 5449.6 5449.42
5458.54 5458.68 5458.05 5458.05 5458.72 5459.11 5459.33 5459.3 5459.15 5455.73 5454.05 5446.32 5432.7 5420.78 5411.54 5403.82 5398.09 5394.41 5395.51 5399.32 5407.99 5415.18 5420.07 5415.61 5411.22 5407.67 5404.67 5403.25 5401.29 5399.77 5398.86 5395.38 5394.09 5393.71 5393.44 5393.36 5392.99 5386 5379.25 5376.91 5375.02 5373.13 5371.01 5368.68 5364.73 5363.13 5365.01 5367.91 5371.74 5376.25 5380.9 5386.03 5390 5395.04 5400.32 5405.8 5411.68 5417.51 5423.53 5431.47 5437.31 5441.62 5448.11 5454.84 5452.94 5453.95 5455.87
5464.49 5463.23 5462.22 5462.37 5463.9 5465.91 5468.71 5472.13 5474.28 5469.45 5464.15 5456.88 5440.46 5427.46 5417.06 5408.08 5400.87 5395.57 5393.91 5403.04 5412.34 5420.95 5425.56 5420.63 5412.98 5404.56 5404.06 5401.78 5398.2 5393.88 5388.66 5389.25 5389.37 5389.93 5390.55 5390.36 5386.86 5385.62 5381.62 5379.6 5378 5375.92 5373.32 5370.26 5365.79 5363.86 5365.21 5368.17 5371.93 5376.18 5380.66 5385.43 5390.88 5395.88 5401.11 5406.47 5411.91 5418.38 5424.84 5431.78 5438.14 5442.53 5449.12 5453.24 5454.29 5454.77 5457.18
5467.58 5465.15 5463.97 5464.5 5467.1 5470.3 5474.55 5479.41 5481.44 5474.05 5464.16 5452 5441.63 5431.56 5422.09 5413.28 5405.01 5399.05 5400.87 5408.96 5418.15 5426.36 5430.26 5425.64 5418.87 5412.42 5408.06 5403.06 5397.5 5391.74 5387.89 5385.34 5385.14 5386.22 5388.16 5391.08 5392.33 5388.08 5385.19 5383.63 5381.96 5379.51 5376.37 5372.82 5367.58 5365.91 5366.99 5369.95 5373.64 5377.89 5382.23 5386.93 5392.26 5397.67 5402.79 5407.98 5413.26 5418.78 5424.72 5432.31 5440.22 5447.22 5450.66 5454.06 5452.36 5451.5 5447.78
5466.23 5463.69 5462.88 5464.27 5467.2 5471.25 5476.01 5480.66 5481.76 5473.04 5460.73 5447.56 5441.69 5435.4 5428.33 5420.43 5412.12 5405.88 5409.3 5417.53 5424.92 5430.76 5433.5 5430.84 5426.39 5421.55 5414.67 5407.54 5399.81 5391.83 5385.81 5381.76 5381.51 5383.1 5385.39 5388.03 5389.96 5390.12 5389.58 5388.7 5386.88 5383.78 5379.99 5374.8 5370.16 5367.43 5369.26 5372.11 5375.47 5379.46 5384.33 5389.25 5394.52 5399.53 5404.7 5409.59 5414.36 5418.56 5423.39 5430.29 5439.04 5447.43 5444.9 5445.49 5449.03 5449.79 5449.08
5460.18 5457.05 5458.15 5461.62 5466.09 5470.62 5474.76 5477.38 5476.68 5470.76 5461.16 5451.3 5445.83 5441.31 5436.08 5430.08 5423.48 5417.99 5423.3 5428.88 5433.51 5435.27 5436.88 5436.75 5433.83 5429.31 5422.33 5413.94 5404.21 5392.65 5380.88 5377.37 5379.3 5381.44 5383.22 5384.81 5387.85 5391.92 5394.64 5395.01 5392.45 5388.26 5383.84 5378.4 5374.08 5371.56 5372.62 5374.86 5378.05 5382.12 5386.59 5391.33 5396.68 5401.03 5407.1 5411.61 5415.69 5419.17 5422.06 5425.22 5428.72 5434.58 5439.96 5444.18 5448.32 5450.27 5450.19
