real_craters/C175-750m.grd
DSAA
183 183
-68.25 68.25
-68.25 68.25
4032.5387827366 6570.3091998997
[rows 76 to 113 of 183, columns 0 to 83 of 183]
5508 5505 5520 5526 5520 5510 5496 5483 5472 5468 5485 5470 5466 5479 5494 5493 5484 5487 5527 5520 5492 5477 5470 5475 5476 5472 5470 5474 5482 5483 5476 5466 5463 5454 5459 5463 5468 5471 5474 5476 5484 5494 5512 5518 5503 5506 5505 5496 5494 5499 5512 5529 5546 5546 5546 5557 5566 5559 5584 5616 5645 5663 5670 5668 5666 5707 5833 5908 5866 5789 5737 5690 5657 5590 5438 5189 5115 5075 4972 4809 4721 4643 4594 4552
5499 5498 5499 5515 5510 5498 5486 5475 5464 5454 5459 5452 5457 5468 5471 5469 5476 5498 5515 5515 5501 5481 5465 5468 5469 5470 5469 5464 5471 5475 5475 5472 5468 5446 5447 5459 5467 5474 5481 5488 5510 5501 5489 5478 5488 5495 5495 5495 5487 5492 5512 5532 5547 5535 5565 5552 5529 5539 5578 5617 5653 5691 5681 5667 5655 5698 5932 6087 5888 5755 5712 5663 5595 5499 5305 5128 5061 5029 4898 4719 4658 4579 4533 4508
5483 5487 5482 5478 5483 5486 5481 5474 5465 5453 5451 5460 5466 5474 5474 5466 5472 5497 5513 5517 5503 5489 5484 5474 5471 5470 5474 5473 5457 5465 5476 5488 5475 5442 5449 5459 5469 5476 5486 5497 5504 5496 5481 5478 5491 5492 5489 5487 5490 5499 5520 5543 5559 5565 5620 5589 5544 5551 5589 5622 5656 5689 5691 5687 5687 5726 5987 6097 5923 5773 5711 5633 5534 5423 5249 5087 4996 4884 4764 4640 4582 4524 4497 4492
5482 5491 5499 5471 5475 5481 5482 5480 5477 5477 5490 5480 5475 5483 5480 5478 5489 5496 5503 5503 5503 5494 5484 5476 5469 5463 5465 5473 5460 5464 5477 5481 5480 5462 5467 5468 5471 5477 5487 5503 5504 5491 5479 5473 5491 5499 5493 5488 5482 5502 5530 5562 5600 5651 5660 5644 5634 5612 5617 5637 5665 5702 5705 5714 5745 5855 5901 6034 5953 5828 5718 5607 5499 5345 5133 4990 4888 4775 4697 4602 4549 4501 4479 4474
5486 5498 5500 5490 5487 5488 5488 5486 5487 5493 5503 5495 5471 5461 5462 5469 5479 5488 5498 5504 5504 5496 5484 5477 5468 5456 5439 5437 5458 5466 5480 5491 5487 5479 5471 5477 5478 5479 5481 5487 5489 5493 5492 5490 5515 5530 5521 5508 5493 5512 5550 5578 5606 5625 5638 5636 5638 5638 5641 5647 5662 5691 5720 5749 5782 5808 5931 6021 5978 5863 5714 5570 5410 5171 4949 4840 4749 4701 4640 4569 4514 4481 4465 4459
5496 5515 5519 5511 5504 5499 5495 5491 5489 5490 5490 5484 5450 5425 5433 5448 5459 5478 5496 5511 5505 5496 5489 5479 5468 5459 5445 5438 5444 5462 5481 5494 5500 5484 5495 5486 5483 5479 5473 5470 5493 5514 5526 5556 5594 5584 5574 5589 5612 5594 5585 5592 5600 5606 5619 5649 5637 5641 5657 5668 5669 5700 5751 5802 5852 5915 6135 6115 5981 5850 5667 5515 5347 5134 4855 4756 4684 4628 4567 4516 4472 4453 4447 4439
5525 5532 5539 5538 5525 5515 5507 5500 5494 5485 5475 5460 5433 5408 5424 5442 5459 5473 5489 5499 5500 5493 5485 5479 5475 5468 5463 5451 5443 5458 5481 5494 5506 5501 5489 5491 5492 5488 5478 5472 5497 5523 5549 5590 5592 5576 5581 5613 5619 5609 5601 5599 5599 5603 5613 5639 5625 5644 5674 5690 5714 5748 5797 5851 5917 6013 6102 6099 5931 5708 5570 5443 5317 5181 4883 4744 4641 4574 4519 4472 4447 4429 4421 4398
5545 5537 5542 5548 5543 5534 5524 5513 5497 5482 5463 5437 5432 5433 5436 5448 5457 5471 5480 5486 5487 5489 5489 5487 5485 5478 5469 5455 5445 5455 5468 5480 5480 5510 5498 5509 5514 5511 5506 5505 5517 5537 5545 5547 5546 5561 5575 5594 5604 5608 5604 5600 5605 5611 5620 5636 5634 5656 5691 5717 5779 5818 5854 5914 5990 6060 6098 6061 5891 5672 5498 5353 5224 5102 4937 4747 4622 4553 4488 4445 4421 4404 4389 4369
5549 5548 5554 5558 5555 5548 5537 5526 5510 5489 5462 5442 5445 5447 5453 5459 5469 5473 5474 5472 5477 5489 5495 5495 5495 5490 5478 5463 5458 5461 5461 5480 5490 5510 5527 5542 5542 5540 5538 5538 5534 5530 5551 5547 5543 5569 5598 5608 5612 5601 5596 5595 5596 5604 5619 5638 5647 5671 5701 5734 5752 5816 5882 5961 6040 6111 6128 6064 5873 5652 5440 5261 5100 4959 4851 4713 4594 4543 4469 4432 4407 4393 4364 4354
5538 5530 5557 5569 5565 5557 5547 5534 5521 5507 5485 5472 5478 5479 5470 5468 5469 5473 5479 5482 5488 5497 5504 5507 5508 5500 5497 5488 5481 5479 5480 5499 5516 5524 5543 5570 5565 5565 5568 5566 5562 5560 5570 5579 5595 5593 5584 5589 5588 5587 5588 5591 5593 5603 5618 5639 5663 5680 5703 5728 5744 5809 5888 5973 6058 6142 6190 6099 5839 5589 5367 5176 5010 4877 4782 4679 4589 4519 4465 4424 4395 4382 4351 4346
5525 5516 5564 5577 5571 5561 5551 5543 5535 5531 5532 5507 5492 5483 5478 5476 5474 5478 5491 5504 5516 5507 5503 5526 5503 5501 5507 5512 5504 5502 5507 5524 5542 5539 5551 5572 5572 5576 5591 5590 5577 5589 5579 5582 5579 5550 5548 5561 5562 5570 5577 5586 5598 5607 5621 5641 5660 5680 5702 5722 5740 5822 5916 6009 6085 6132 6216 6006 5755 5506 5283 5115 4962 4849 4747 4650 4565 4488 4442 4417 4390 4373 4337 4328
5520 5529 5572 5578 5569 5560 5552 5546 5542 5539 5536 5510 5487 5480 5480 5481 5486 5495 5500 5513 5518 5506 5485 5439 5455 5498 5521 5530 5527 5530 5536 5534 5535 5536 5533 5564 5561 5560 5564 5564 5558 5554 5566 5573 5570 5538 5530 5545 5557 5559 5568 5579 5592 5608 5623 5641 5658 5677 5694 5712 5732 5823 5931 6036 6113 6145 6138 5862 5648 5453 5263 5076 4926 4834 4731 4625 4541 4469 4436 4415 4399 4367 4328 4315
5506 5528 5565 5564 5557 5552 5546 5541 5538 5535 5522 5503 5490 5485 5483 5484 5489 5497 5501 5509 5513 5503 5487 5486 5503 5500 5518 5542 5543 5555 5563 5560 5552 5539 5521 5535 5539 5533 5524 5527 5527 5520 5547 5556 5556 5537 5539 5541 5544 5550 5562 5572 5586 5609 5633 5666 5664 5672 5683 5687 5743 5826 5936 6052 6138 6167 6017 5744 5574 5406 5241 5037 4860 4779 4718 4602 4530 4454 4423 4404 4380 4342 4318 4310
5505 5513 5525 5533 5535 5534 5532 5530 5527 5527 5524 5509 5508 5496 5489 5486 5484 5485 5489 5498 5501 5495 5491 5493 5494 5511 5516 5520 5521 5525 5538 5570 5559 5541 5540 5526 5524 5514 5498 5502 5507 5516 5534 5535 5530 5523 5527 5527 5533 5549 5563 5575 5588 5610 5648 5665 5663 5665 5666 5651 5707 5820 5944 6069 6167 6206 6044 5795 5569 5368 5154 5008 4893 4714 4656 4579 4513 4443 4411 4389 4365 4328 4312 4299
5508 5495 5492 5505 5512 5515 5515 5516 5513 5510 5508 5507 5495 5495 5493 5488 5483 5475 5481 5485 5483 5485 5488 5491 5500 5525 5510 5491 5487 5480 5490 5518 5530 5523 5510 5527 5516 5502 5497 5489 5489 5491 5491 5512 5517 5513 5515 5533 5550 5563 5568 5584 5597 5607 5641 5690 5664 5663 5658 5630 5693 5824 5955 6080 6171 6224 6095 5864 5593 5381 5185 4999 4827 4691 4610 4572 4512 4433 4403 4387 4361 4333 4304 4286
5506 5493 5482 5483 5489 5494 5499 5501 5502 5499 5500 5502 5497 5497 5495 5492 5488 5486 5485 5484 5483 5481 5484 5492 5505 5502 5487 5472 5466 5462 5473 5498 5502 5497 5490 5483 5485 5481 5480 5476 5476 5480 5497 5505 5509 5510 5518 5541 5553 5558 5562 5573 5590 5609 5637 5681 5663 5664 5670 5657 5722 5837 5962 6072 6141 6121 6067 5881 5596 5405 5249 5017 4777 4655 4586 4552 4507 4431 4405 4391 4369 4342 4291 4264
5478 5464 5463 5468 5474 5479 5487 5493 5496 5497 5504 5516 5513 5502 5497 5495 5494 5494 5491 5482 5473 5470 5478 5485 5482 5467 5467 5460 5453 5453 5464 5478 5480 5477 5475 5473 5457 5449 5449 5460 5468 5478 5495 5511 5519 5523 5532 5545 5542 5539 5549 5556 5580 5615 5646 5634 5641 5663 5687 5713 5765 5854 5964 6067 6134 6149 6066 5901 5595 5401 5243 5026 4764 4630 4556 4499 4466 4429 4391 4378 4357 4335 4299 4257
5439 5447 5453 5460 5464 5471 5478 5486 5496 5502 5511 5521 5512 5499 5497 5497 5497 5499 5496 5485 5474 5470 5477 5486 5487 5467 5459 5450 5443 5435 5444 5453 5457 5457 5454 5454 5448 5442 5442 5455 5465 5475 5492 5524 5537 5539 5543 5549 5542 5544 5541 5555 5571 5597 5632 5658 5642 5656 5681 5713 5766 5850 5957 6066 6147 6172 6078 5912 5579 5380 5219 5103 4918 4676 4535 4466 4434 4419 4372 4345 4334 4325 4292 4257
5435 5451 5450 5452 5457 5462 5467 5478 5494 5517 5512 5506 5499 5496 5497 5497 5498 5500 5498 5488 5480 5475 5478 5486 5501 5504 5455 5443 5439 5438 5435 5432 5438 5440 5435 5429 5436 5460 5463 5457 5462 5481 5519 5544 5556 5559 5557 5546 5516 5491 5510 5552 5560 5564 5575 5656 5639 5638 5640 5650 5727 5821 5928 6041 6131 6150 6080 5933 5571 5370 5220 5114 4895 4690 4546 4457 4407 4380 4355 4332 4316 4296 4279 4245
5433 5431 5440 5443 5446 5450 5456 5463 5473 5487 5490 5493 5502 5500 5495 5492 5491 5491 5487 5484 5481 5479 5473 5468 5467 5471 5457 5442 5433 5432 5425 5428 5431 5434 5431 5427 5444 5450 5454 5454 5458 5472 5518 5548 5570 5585 5577 5556 5502 5419 5500 5545 5548 5548 5552 5581 5618 5608 5583 5591 5676 5776 5876 5983 6101 6143 6069 5938 5627 5384 5189 5003 4807 4685 4585 4462 4395 4371 4345 4314 4306 4285 4264 4229
5434 5441 5437 5436 5437 5439 5441 5444 5445 5444 5458 5466 5477 5496 5488 5482 5480 5479 5477 5474 5471 5474 5457 5443 5430 5427 5449 5435 5423 5412 5416 5420 5426 5430 5438 5456 5446 5446 5444 5445 5453 5481 5510 5551 5577 5592 5579 5564 5548 5567 5542 5529 5535 5540 5555 5567 5587 5581 5560 5567 5639 5715 5788 5866 5928 6013 6046 6011 5734 5459 5197 4935 4792 4686 4608 4464 4404 4373 4344 4316 4290 4262 4249 4217
5433 5435 5426 5428 5429 5430 5430 5427 5426 5428 5440 5445 5451 5469 5467 5464 5461 5461 5467 5451 5443 5436 5426 5418 5412 5411 5418 5419 5414 5411 5412 5419 5421 5425 5431 5435 5435 5435 5434 5433 5439 5466 5528 5569 5575 5572 5566 5566 5555 5553 5549 5540 5533 5539 5555 5575 5575 5570 5559 5568 5609 5654 5706 5745 5767 5892 6025 6103 5943 5613 5319 5017 4799 4691 4574 4477 4422 4377 4333 4309 4276 4257 4232 4201
5431 5425 5416 5421 5422 5423 5421 5418 5414 5419 5433 5439 5433 5433 5444 5444 5440 5431 5411 5413 5410 5401 5396 5395 5392 5390 5390 5397 5405 5402 5415 5413 5417 5419 5420 5414 5420 5426 5426 5427 5429 5454 5517 5561 5562 5558 5545 5544 5541 5542 5543 5534 5524 5531 5552 5567 5561 5566 5569 5574 5583 5608 5624 5660 5716 5842 6008 6138 6081 5819 5507 5171 4927 4741 4572 4486 4431 4385 4338 4308 4267 4236 4216 4180
5424 5417 5420 5422 5422 5422 5418 5413 5407 5411 5428 5449 5438 5437 5428 5427 5423 5413 5399 5396 5392 5383 5378 5378 5376 5372 5371 5375 5382 5388 5386 5402 5412 5413 5413 5409 5409 5417 5427 5434 5438 5461 5510 5549 5549 5550 5543 5512 5519 5523 5518 5519 5523 5542 5611 5580 5566 5574 5565 5568 5570 5569 5576 5600 5659 5805 5983 6144 6215 6024 5713 5379 5098 4842 4636 4518 4445 4407 4348 4298 4258 4226 4197 4168
5438 5425 5430 5428 5426 5423 5418 5413 5410 5410 5412 5416 5420 5411 5411 5414 5412 5408 5402 5396 5387 5377 5371 5370 5367 5362 5354 5358 5361 5375 5389 5404 5411 5415 5415 5415 5415 5426 5442 5455 5469 5487 5510 5529 5532 5531 5526 5508 5507 5509 5512 5528 5543 5560 5585 5593 5624 5620 5568 5573 5585 5556 5544 5547 5600 5758 5937 6094 6157 6085 5891 5639 5287 5000 4769 4651 4525 4497 4405 4301 4255 4223 4192 4167
5473 5448 5440 5440 5435 5429 5422 5417 5413 5410 5407 5407 5409 5406 5405 5407 5408 5406 5404 5398 5387 5378 5371 5366 5363 5364 5351 5355 5360 5384 5416 5416 5418 5421 5422 5424 5431 5454 5470 5483 5493 5505 5514 5517 5520 5509 5492 5496 5497 5502 5501 5556 5600 5606 5576 5472 5513 5652 5606 5610 5603 5558 5529 5517 5565 5718 5890 6052 6167 6091 6049 5942 5555 5198 4985 4886 4715 4660 4620 4382 4276 4229 4199 4194
5462 5460 5463 5456 5444 5434 5426 5420 5419 5411 5403 5403 5407 5408 5407 5407 5406 5405 5403 5397 5391 5381 5373 5366 5361 5365 5369 5369 5371 5396 5414 5417 5424 5428 5434 5438 5440 5477 5500 5512 5519 5520 5520 5524 5505 5491 5490 5483 5485 5496 5508 5589 5674 5548 5361 5257 5243 5474 5650 5650 5624 5595 5527 5508 5552 5696 5847 5995 6110 6076 6107 6088 5761 5360 5176 5090 4914 4796 4706 4575 4354 4263 4228 4217
5460 5462 5468 5460 5448 5437 5427 5417 5412 5408 5403 5404 5408 5411 5408 5408 5407 5406 5406 5404 5392 5383 5374 5370 5365 5360 5377 5386 5400 5421 5426 5425 5432 5439 5449 5463 5489 5510 5527 5541 5529 5537 5522 5498 5488 5479 5478 5467 5472 5493 5507 5590 5678 5482 5285 5190 5171 5375 5640 5666 5638 5604 5543 5532 5572 5681 5800 5916 6004 6028 6135 6079 5753 5418 5295 5217 5070 4871 4691 4600 4556 4358 4278 4241
5459 5459 5458 5456 5451 5439 5427 5414 5401 5404 5408 5405 5406 5411 5419 5409 5405 5404 5404 5400 5392 5382 5374 5370 5371 5378 5392 5405 5417 5435 5441 5448 5435 5441 5456 5478 5498 5525 5546 5570 5591 5557 5529 5502 5487 5474 5469 5461 5468 5492 5508 5556 5612 5538 5388 5277 5239 5482 5651 5659 5640 5604 5582 5564 5591 5661 5743 5828 5893 5968 6127 6081 5757 5451 5283 5221 5138 4982 4758 4583 4527 4450 4357 4282
5452 5456 5465 5466 5452 5438 5425 5415 5407 5402 5397 5398 5398 5399 5403 5401 5399 5398 5399 5403 5387 5376 5368 5367 5378 5395 5410 5424 5430 5430 5422 5404 5419 5433 5449 5475 5505 5536 5557 5570 5575 5557 5534 5516 5511 5498 5484 5475 5472 5489 5502 5518 5533 5613 5511 5441 5484 5595 5596 5600 5589 5577 5559 5539 5570 5628 5684 5742 5812 5873 6009 6080 5895 5587 5377 5297 5215 5166 4959 4692 4576 4521 4496 4395
5450 5451 5460 5462 5446 5432 5420 5414 5410 5402 5398 5395 5391 5387 5387 5390 5391 5389 5386 5381 5374 5369 5365 5370 5390 5409 5426 5441 5433 5428 5414 5398 5407 5423 5438 5455 5486 5521 5547 5551 5552 5543 5530 5519 5510 5489 5490 5485 5474 5480 5493 5503 5500 5521 5527 5521 5558 5524 5512 5525 5532 5534 5523 5500 5545 5589 5629 5664 5686 5712 5919 6089 6001 5818 5614 5451 5374 5347 5081 4740 4632 4648 4579 4522
5440 5439 5442 5442 5432 5422 5411 5400 5398 5401 5403 5393 5386 5380 5380 5381 5383 5382 5377 5365 5369 5370 5370 5374 5409 5429 5433 5435 5442 5442 5421 5403 5407 5416 5425 5430 5445 5478 5504 5524 5530 5525 5516 5508 5491 5475 5467 5464 5471 5478 5493 5506 5511 5518 5519 5509 5487 5469 5461 5471 5483 5494 5504 5507 5536 5568 5595 5611 5611 5620 5738 5935 6035 6010 5876 5612 5473 5438 5190 4945 4851 4861 4778 4760
5438 5428 5426 5420 5420 5414 5404 5391 5388 5394 5397 5390 5385 5380 5377 5377 5378 5378 5377 5376 5375 5377 5381 5391 5414 5429 5432 5434 5436 5432 5425 5417 5415 5415 5414 5413 5412 5427 5453 5488 5501 5500 5494 5484 5465 5453 5449 5448 5454 5462 5478 5484 5490 5504 5495 5481 5464 5440 5433 5443 5457 5473 5489 5506 5523 5547 5565 5585 5593 5598 5619 5754 5890 5953 5988 5843 5604 5493 5418 5259 5174 5123 5107 4926
5429 5415 5419 5425 5415 5410 5402 5394 5388 5382 5383 5387 5387 5385 5380 5377 5377 5377 5379 5381 5384 5387 5393 5402 5411 5423 5430 5433 5434 5430 5430 5431 5428 5417 5409 5402 5396 5394 5412 5444 5464 5470 5470 5466 5451 5445 5442 5442 5441 5444 5459 5464 5452 5466 5466 5456 5445 5429 5414 5421 5434 5449 5456 5475 5502 5522 5544 5573 5601 5642 5603 5658 5718 5782 5998 6017 5917 5857 5607 5331 5244 5242 5241 5067
5430 5432 5423 5413 5416 5413 5404 5395 5388 5383 5382 5387 5390 5390 5387 5380 5380 5382 5385 5390 5396 5395 5400 5411 5411 5421 5430 5437 5437 5432 5435 5436 5428 5413 5399 5389 5380 5377 5401 5424 5436 5442 5443 5443 5441 5438 5437 5438 5442 5442 5443 5450 5446 5447 5443 5435 5426 5417 5399 5408 5419 5430 5439 5456 5476 5499 5522 5551 5579 5603 5624 5621 5644 5712 5939 6016 6015 5943 5795 5586 5381 5364 5333 5255
5440 5435 5439 5444 5439 5426 5411 5396 5392 5389 5390 5391 5394 5397 5392 5383 5385 5388 5391 5393 5394 5396 5397 5404 5415 5424 5435 5442 5449 5443 5437 5429 5420 5404 5390 5379 5378 5392 5394 5398 5412 5418 5419 5414 5415 5431 5429 5427 5439 5436 5427 5417 5417 5422 5422 5416 5408 5402 5400 5405 5411 5417 5420 5433 5455 5475 5498 5516 5538 5545 5577 5596 5617 5630 5750 5869 5971 5964 5900 5841 5603 5409 5368 5369
5455 5451 5452 5458 5454 5443 5427 5408 5405 5403 5398 5397 5398 5400 5403 5392 5393 5395 5395 5395 5394 5396 5395 5401 5412 5426 5441 5451 5461 5451 5437 5420 5403 5397 5387 5374 5382 5398 5394 5392 5398 5405 5406 5404 5410 5419 5422 5422 5426 5421 5413 5406 5411 5409 5404 5399 5393 5398 5402 5406 5410 5411 5409 5421 5439 5458 5475 5485 5502 5525 5550 5569 5590 5609 5684 5789 5918 5998 5956 5943 5863 5629 5536 5510
5469 5458 5458 5462 5462 5462 5457 5447 5426 5411 5407 5404 5400 5397 5389 5401 5401 5400 5399 5400 5401 5401 5397 5405 5415 5429 5442 5453 5460 5454 5438 5417 5399 5396 5396 5393 5390 5387 5386 5384 5393 5400 5404 5406 5409 5416 5414 5413 5409 5399 5401 5402 5401 5401 5395 5388 5383 5388 5400 5407 5410 5410 5410 5415 5426 5436 5448 5459 5476 5496 5517 5536 5552 5586 5639 5700 5743 5874 5863 5819 5897 5868 5789 5719
