real_craters/C175-300m.grd
DSAA
456 456
-68.25 68.25
-68.25 68.25
4029.9822563496 6595.3393296852
[rows 390 to 419 of 456, columns 67 to 133 of 456]
5341.67 5343.79 5346.65 5350.01 5354.42 5360.82 5369.53 5374.44 5370.72 5364.67 5358.74 5353.49 5349.01 5344.61 5341.36 5339.31 5340 5344.77 5348.06 5347.45 5347.03 5346.54 5346.1 5345.62 5344.82 5342.67 5340.77 5340.12 5341.13 5342.47 5338.24 5332 5326.05 5320.29 5314.43 5308.68 5302.4 5296.49 5291.66 5287.78 5286.54 5288.47 5291.54 5293.56 5294.19 5292.87 5290.82 5288.58 5285.05 5282.78 5281.96 5281.96 5282.78 5284.72 5286.85 5289.39 5292.6 5296.91 5303.13 5307.96 5299.71 5291.83 5289.07 5288.32 5287.99 5287.74 5288.2
5338.8 5342.42 5346.72 5351.93 5358.4 5366.81 5374.63 5375.02 5368.72 5362.13 5355.97 5350.59 5345.73 5341.27 5337.23 5332.83 5329.25 5336.43 5340.45 5342.75 5343.3 5343.39 5343.69 5344.35 5344.81 5341.83 5339.3 5338.79 5339.28 5339.77 5336.72 5331.39 5325.63 5319.64 5313.9 5308.41 5302.42 5297.11 5292.78 5289.05 5287.78 5289.74 5290.98 5293.42 5293.79 5292.18 5290.14 5287.77 5283.53 5279.53 5280.41 5281.93 5283.35 5284.88 5286.92 5289.32 5292.18 5295.79 5300.43 5304.78 5303.81 5296.03 5293.11 5293.73 5296.07 5299.94 5304.47
5335.15 5340.37 5345.56 5351.51 5358.55 5367.25 5373.61 5369.71 5363.53 5357.76 5352.28 5347.32 5342.76 5338.41 5334.55 5330.76 5329.29 5333.1 5336.59 5338.84 5339.37 5339.74 5340.15 5340.95 5340.83 5338.08 5335.01 5333.29 5334.37 5335.84 5333.71 5329.13 5323.62 5317.85 5312.26 5307.19 5301.71 5297.2 5292.62 5289.43 5288.17 5286.66 5288.79 5292.88 5292.46 5290.37 5288.06 5285.81 5283.09 5279.8 5281.07 5282.32 5283.55 5284.82 5286.52 5288.36 5290.06 5291.46 5290.86 5287.6 5284.77 5290.37 5293.34 5296.75 5301.08 5306.24 5309.98
5332.03 5337.59 5343.25 5348.85 5354.79 5360.77 5363.19 5359.17 5355.21 5351.7 5347.39 5343.42 5339.61 5336.1 5332.98 5330.86 5330.27 5332.24 5337.16 5335.05 5335.04 5335.32 5335.59 5335.97 5335.65 5333.02 5329.8 5325.93 5328.63 5333.55 5330.67 5326.37 5321.36 5316.09 5311.35 5306.41 5300.91 5296.44 5292.03 5288.05 5282.68 5276.52 5283.5 5289.12 5289.21 5287.71 5285.69 5284.85 5285.72 5286 5283.48 5282.81 5283.15 5284.12 5285.36 5286.64 5287.59 5287.29 5285.15 5280.26 5280.09 5286.61 5292.62 5297.84 5302.97 5307.62 5309.84
5329.97 5335.31 5340.55 5345.32 5349.03 5350.94 5350.75 5347.2 5346.17 5344.52 5341.91 5339.02 5336.09 5333.46 5331.49 5330.32 5329.35 5328.82 5327.27 5329.36 5330.52 5330.95 5330.65 5329.78 5329.24 5328.3 5326.32 5323.89 5325.62 5328.69 5326.29 5322.84 5318.58 5314.52 5310.22 5305.89 5300.84 5296.71 5292.3 5287.06 5277.95 5272.67 5280.72 5285.15 5287.15 5284.96 5281.99 5281.81 5284.44 5285.79 5283.41 5281.94 5281.77 5282.34 5283.3 5284.3 5285.14 5285.32 5284.21 5282.01 5282.92 5287.5 5293.01 5298.16 5302.76 5306.3 5307.38
5329.34 5333.55 5338.01 5341.93 5343.94 5342.42 5336.4 5337.26 5338.3 5337.89 5336.41 5334.38 5332.15 5330.17 5328.91 5329.46 5327.94 5325.82 5324.66 5325.68 5327.06 5327.56 5326.68 5324.59 5324.29 5325.04 5324.81 5324.71 5323.95 5321.96 5321.32 5319.3 5316.25 5312.33 5308.86 5305.23 5300.66 5297.26 5293.66 5290.93 5284.85 5286.82 5284.53 5284.11 5284.55 5283 5280.88 5279.78 5279.96 5280.24 5280.55 5280.41 5280.76 5281.52 5282.49 5283.58 5284.62 5285.43 5285.73 5284.86 5286.1 5289.76 5293.68 5297.72 5301.32 5303.62 5303.3
5329.1 5332.35 5336.03 5339.53 5341.84 5341.29 5336.53 5334.27 5333.64 5332.47 5331.13 5329.67 5327.85 5326.14 5324.72 5323.17 5323.34 5323.01 5322.94 5323.71 5325.05 5325.89 5325.19 5322.68 5322.93 5324.01 5324.16 5323.93 5321.76 5318.46 5317.2 5315.72 5313.67 5310.8 5308.3 5305.44 5302.19 5298.49 5295.43 5293.95 5293.53 5289.06 5285.66 5283.11 5281.24 5281.61 5282.36 5279.74 5277.74 5277.04 5277.4 5278.06 5278.77 5279.59 5280.71 5281.99 5283.53 5285.53 5288.14 5289.86 5291.48 5291.84 5294.04 5296.91 5299.57 5301.05 5300.39
5328.24 5330.97 5334.39 5337.89 5341.31 5344.06 5343.3 5334.93 5330.99 5329.06 5327.09 5325.55 5323.87 5322.23 5320.67 5319.93 5319.92 5320.61 5320.83 5321.99 5324.23 5325.99 5326.89 5325.84 5325.03 5324.25 5323.28 5322.09 5320.02 5316.34 5313.94 5312.62 5311.86 5310.17 5308.59 5306.54 5303.79 5300.43 5295.41 5289.5 5288.48 5288.27 5286.36 5285.28 5281.86 5280.59 5278.24 5276.1 5274.01 5273.77 5274.34 5275.22 5276.02 5276.93 5278.02 5279.31 5280.97 5284.06 5288.31 5295.83 5293.31 5291.44 5293.23 5295.71 5297.92 5298.72 5298.24
5326.36 5329.26 5332.54 5335.85 5339.55 5342.86 5340.05 5332.04 5328.4 5326.12 5324.17 5322.43 5320.76 5319.19 5317.61 5315.34 5317.89 5319.46 5320.05 5321.3 5324.25 5326.29 5329.03 5331.93 5327.76 5324.63 5322.46 5320.22 5316.63 5312.98 5310.96 5310.35 5310.45 5309.81 5309.39 5308.53 5306.97 5302.87 5298.09 5291.59 5287.94 5289.21 5291.61 5291.57 5288.72 5283.01 5276.67 5272.9 5270.26 5270.71 5271.97 5273.04 5273.96 5274.53 5275.33 5276.36 5278.04 5279.9 5282.33 5284.71 5284.76 5288.07 5291.15 5293.86 5295.85 5297.22 5297.61
5324.53 5327.23 5329.99 5332.98 5335.78 5338.3 5335.82 5329.54 5326.08 5323.72 5321.57 5319.67 5318.02 5316.69 5316.01 5317.09 5317.47 5319.65 5322.37 5324.99 5325.15 5324.92 5325.42 5327.68 5325.72 5323.91 5321.92 5319.15 5313.57 5308.07 5307.48 5308.27 5308.23 5308.99 5309.44 5310 5309.41 5307.65 5304.3 5299.04 5292.33 5292.03 5300.82 5296.91 5294.19 5286.53 5278.14 5272.61 5269.31 5269.89 5271.07 5271.89 5272.74 5272.29 5272.77 5273.34 5273.68 5274.55 5275.35 5276.09 5280.98 5285.96 5289.34 5292.08 5294.63 5296.75 5298.47
5323.02 5325.12 5327.41 5329.51 5330.67 5331.2 5329.87 5326.97 5324.43 5322.27 5320.07 5318.14 5315.59 5314.48 5313.57 5313.4 5316.1 5319.31 5323.73 5328.09 5324.71 5321.51 5318.77 5318.07 5321.28 5322.39 5321.58 5318.04 5309.41 5304.22 5305.59 5307.27 5309.22 5311.21 5312.73 5313.68 5313.92 5313.81 5313.15 5310.34 5297.55 5283.26 5295.94 5297.49 5296.17 5287.39 5276.9 5273.87 5272.06 5271.03 5270.75 5270.91 5271.05 5270.78 5269.9 5270.07 5270.38 5270.64 5270.82 5271.03 5280.96 5285.52 5287.54 5290.08 5292.99 5295.87 5299.16
5321.79 5323.61 5325.45 5326.53 5326.43 5325.31 5325.25 5325.28 5322.43 5319.68 5317.56 5315.56 5314.27 5312.98 5312.61 5312.65 5314.01 5316.72 5320.72 5324.96 5320.37 5316.24 5314.27 5315.16 5318.48 5321.66 5322.87 5320.38 5312.83 5306.79 5306.79 5308.97 5311.38 5313.98 5315.97 5318.1 5319.75 5320.73 5320.86 5318.74 5307.29 5294.47 5293.12 5298.11 5298.11 5288.59 5279.53 5276.85 5275.23 5273.21 5271.28 5270.13 5269.23 5268.72 5269.16 5268.83 5268.73 5268.91 5269.32 5271.53 5278.09 5281.64 5284.25 5287.02 5289.88 5292.79 5296.19
5321.04 5323.43 5324.86 5325.06 5324.16 5322.68 5322.16 5321.7 5319.61 5317.44 5315.43 5313.5 5311.78 5310.25 5310.47 5310.58 5310.48 5312.02 5313.82 5314.49 5311.95 5308.99 5308.1 5311.01 5316.43 5322.12 5326.29 5327.19 5319.99 5310.01 5309.02 5310.96 5313.79 5316.79 5319.73 5322.69 5325.34 5327.15 5327.44 5324.97 5319.88 5312.93 5303.52 5302.27 5302.93 5292.81 5284.41 5280.72 5278.3 5275.36 5273.43 5271.69 5269.95 5268.8 5268.09 5268.04 5267.5 5267.67 5268.83 5270.7 5271.99 5275.09 5279.91 5283.91 5286.88 5288.94 5289.86
5322.65 5325.77 5326.5 5325.26 5323.05 5321.05 5319.27 5317.91 5316.46 5315.25 5313.84 5312.05 5309.83 5306.97 5303.74 5304.25 5305.79 5306.53 5306.27 5304.64 5302.59 5300.63 5300.26 5305.93 5314.39 5322.85 5330 5333.9 5324.03 5308.13 5313.04 5315.19 5317.03 5320.02 5323.43 5327.55 5331.03 5333.92 5335.11 5333.93 5332.4 5330.96 5312.14 5305.28 5303.16 5288.76 5285.06 5283.15 5280.77 5277.41 5274.73 5273.15 5271.33 5269.82 5268.49 5266.19 5265.34 5265.36 5267.38 5269.14 5268.42 5271.13 5277.67 5282.48 5284.94 5285.28 5284.06
5329.96 5331.87 5330.53 5327.23 5322.7 5318.65 5316.84 5314.72 5313.83 5313.67 5312.84 5311.58 5309.48 5306.08 5301.19 5301.51 5302.64 5302.26 5300.5 5297.6 5295.37 5294.23 5294.18 5302.18 5312.57 5323.01 5332.23 5337.88 5334.24 5327.73 5322.51 5320.03 5320.38 5323.17 5327.57 5333.22 5337.87 5341.59 5343.99 5343.69 5340.53 5335.55 5319.97 5308.53 5303.63 5293.29 5285.37 5283.16 5281.42 5279.06 5276.68 5274.49 5271.2 5268.99 5267.07 5265.27 5263.84 5262.78 5262.28 5265.11 5268.08 5271.17 5279.79 5283.95 5284.75 5283.48 5280.91
5343.93 5341.28 5336.48 5330.84 5324.41 5318.89 5317.21 5315.58 5314.41 5313.41 5312.83 5312.22 5311.28 5309.21 5305.63 5303.9 5302.28 5300.09 5297.28 5294.07 5292.11 5291.92 5293.2 5300.73 5310.63 5321.61 5332.61 5340.58 5341.28 5341.99 5327.05 5320.95 5321.86 5325.72 5331.4 5337.87 5343.68 5348.31 5350.44 5349.46 5344.69 5336.97 5324.68 5312 5301.45 5289.82 5284.47 5282.94 5282.17 5280.24 5277.46 5275.14 5272.51 5269.91 5267.57 5265.38 5263.64 5262 5259.92 5266.51 5276.48 5284.66 5289.19 5288.49 5286.49 5283.99 5280.83
5358.65 5349.49 5342 5335.61 5329.57 5323.82 5320.25 5317.09 5314.72 5313.53 5313.47 5313.65 5314.04 5313.99 5314.02 5308.01 5303.38 5299.31 5295.8 5293.46 5292.74 5292.48 5295.04 5299.71 5307.24 5316.89 5328.61 5339.69 5331.68 5318.32 5313.64 5314.84 5319.45 5326.03 5333.4 5340.73 5348.19 5354.18 5357.23 5354.53 5346.95 5337.43 5326.29 5313.93 5300.69 5287.22 5284.15 5284.52 5284.07 5282.41 5279.84 5276.89 5273.97 5270.96 5268.26 5265.98 5264.39 5263.92 5266.53 5273.74 5288.14 5305.24 5299.58 5292.09 5287.89 5285.04 5282.8
5358.17 5351.18 5344.44 5339.12 5335.44 5330.45 5324.08 5318.38 5313.96 5314.12 5313.94 5314.19 5316.09 5318.32 5314.76 5310.56 5303.69 5298.29 5294.4 5291.6 5289.48 5291.27 5293.72 5296.66 5301.4 5307.41 5314.58 5320.19 5310.47 5295.54 5296.78 5305.91 5314.77 5324.43 5333.41 5342.44 5350.82 5357.94 5361.85 5357.52 5347.14 5336.08 5325.56 5313.69 5301.12 5292.07 5288.92 5289.75 5288.35 5285.83 5282.61 5279 5275.75 5272.48 5269.8 5267.3 5265.73 5265.52 5268.3 5275.36 5286.55 5298.7 5294.03 5289.42 5286.73 5284.84 5284.09
5350.6 5347.07 5343.09 5339.41 5336.39 5332.37 5327.1 5322.36 5318.92 5316.51 5314.07 5312.3 5313.91 5322.59 5325.05 5310.16 5301.13 5295.79 5292.46 5290.64 5289.21 5288.52 5289.41 5292.01 5294.03 5295.33 5294.62 5291.89 5290.11 5284.79 5288.3 5299.48 5311.11 5322.26 5332.55 5342.61 5351.76 5358.87 5361.46 5356.06 5344.41 5330.97 5316.69 5305.21 5296.72 5291.86 5294.39 5295.74 5292.95 5289.3 5285.43 5281.44 5277.73 5274.38 5270.83 5268.25 5266.51 5265.89 5266.39 5272.32 5275.94 5272.04 5276.75 5283.34 5284.14 5283.35 5282.9
5340.45 5341.2 5339.74 5337.27 5334.05 5331.49 5328.84 5326.44 5324.29 5319.22 5313.49 5307.12 5300.93 5304.07 5309.85 5297.65 5293.94 5291.53 5289.46 5288.86 5293.65 5289.03 5287.88 5288.06 5287.26 5285.37 5281.42 5277.81 5279.17 5279.4 5284.71 5296.68 5308.76 5320.01 5330.67 5341.04 5350.89 5358.45 5360.25 5353.09 5339.94 5324.55 5308.09 5295.68 5290.24 5289.4 5297.17 5299.07 5295.94 5291.52 5287.07 5282.99 5279.05 5275.36 5271.57 5268.95 5267.05 5266.56 5268.87 5271.35 5274.16 5274.39 5280.13 5282.98 5282.81 5280.95 5279.49
5337.83 5336.88 5336.11 5334.7 5332.79 5330.83 5329.16 5328.06 5326.97 5321.16 5313.25 5303.44 5287.18 5250.79 5253.96 5279.95 5286.7 5287.47 5286.16 5283.53 5277.77 5287.94 5287.88 5284.77 5281.95 5279.14 5276.61 5275.75 5277.49 5278.46 5283.46 5297.82 5308.52 5317.99 5327.47 5337.08 5347.14 5356.26 5360.02 5349.09 5334.8 5319.02 5302.64 5291.89 5287.81 5289.99 5300.01 5301.6 5296.93 5291.76 5286.75 5282.83 5278.73 5275.21 5272.12 5269.44 5267.34 5265.61 5266.18 5271.72 5278.04 5288.1 5291.26 5285.23 5281.36 5278.19 5275.48
5332.88 5332.86 5332.84 5331.92 5330.5 5328.95 5327.67 5326.79 5325.82 5320.93 5314.2 5306.75 5297.08 5287.16 5278.77 5283.02 5286.53 5286.74 5284.99 5281.89 5280.24 5285.07 5285.22 5280.73 5277.22 5274.54 5274.14 5275.93 5280.78 5288.93 5299.83 5304.45 5308.66 5314.27 5321.41 5329.63 5339.14 5347.99 5350.44 5341.15 5328.3 5314.68 5301.51 5291.45 5288.83 5290.92 5301.35 5301.12 5296.19 5290.77 5285.67 5281.22 5277.37 5273.78 5271.38 5269.15 5267.5 5266.88 5268.17 5271.65 5277.24 5283.98 5285.78 5281.71 5277.68 5274.29 5271.02
5331.12 5330.92 5330.45 5328.98 5326.98 5325.96 5324.67 5323.26 5321.34 5318.24 5315.07 5312.94 5313.48 5320.53 5306.81 5295.98 5291.62 5288.73 5286.1 5282.88 5280.99 5280.78 5279.38 5275.95 5272.35 5269.49 5268.89 5273.03 5281.86 5296.01 5312.08 5307.41 5305.44 5307.58 5312.21 5318.55 5326.38 5335.1 5337.28 5329.05 5319.39 5309.85 5301.85 5296.23 5288.61 5292.82 5302.37 5297.92 5291.79 5286.57 5282.06 5278.04 5274.55 5271.94 5269.91 5268.56 5267.45 5266.64 5267.57 5270.03 5273.05 5275.79 5276.21 5274.5 5272.19 5269.85 5267.4
5331.44 5330.81 5328.73 5326.69 5324.37 5322.82 5321.07 5319.05 5316.29 5314.34 5314.34 5315.41 5318.42 5321.31 5313.57 5303.49 5296.53 5291.68 5288.14 5284.39 5280.93 5277.54 5274.98 5271.38 5267.66 5264.39 5262.7 5267.6 5276.57 5288.14 5297.23 5296.85 5295.59 5296.87 5299.77 5303.8 5308.44 5314.4 5316.43 5312.64 5307.88 5302.76 5297.37 5291.13 5290.01 5290.52 5292.49 5288.16 5283.08 5279.16 5275.94 5274.6 5272.27 5270.39 5269.06 5268.1 5267.82 5267.34 5267.34 5267.88 5268.27 5268.19 5266.61 5266.73 5266.45 5265.57 5264.43
5329.83 5328.99 5326.02 5324.12 5322.17 5319.59 5317.52 5315.39 5312.99 5311.77 5312.32 5313.8 5315.75 5316.08 5311.56 5304.75 5298.65 5294.14 5290.12 5286.18 5281.93 5275.87 5271.53 5267.54 5263.9 5260.77 5259.25 5262.3 5267.93 5273.31 5275.46 5278.91 5281.5 5283.77 5286.05 5287.97 5288.49 5286.74 5290.07 5294.2 5294.83 5294.42 5294.28 5295.69 5294.38 5282.23 5274.44 5273.49 5272.56 5271.7 5271 5271.27 5269.33 5268.18 5267.4 5267.17 5267.77 5269.25 5267.34 5265.57 5264.04 5262.36 5260.07 5260.82 5261.85 5262.22 5262.37
5326.01 5324.28 5321.31 5318.5 5316.92 5315.68 5314.2 5312.37 5310.48 5309.22 5309.08 5309.74 5310.4 5310.38 5307.17 5302.89 5298.54 5295.04 5291.61 5287.86 5283.02 5274.7 5268.87 5264.53 5261.08 5258.52 5257.34 5258.01 5259.44 5260.66 5261.17 5263.31 5266.82 5269.84 5272.01 5272.84 5271.86 5268.99 5272.4 5278.73 5282.52 5284.51 5288.24 5295.11 5293.11 5275.21 5261.63 5262.17 5263.47 5264.45 5264.8 5264.72 5266.3 5265.67 5264.98 5264.85 5265.31 5266.99 5264.66 5262.67 5260.58 5258.74 5257.18 5257.2 5258 5258.91 5259.79
5322.22 5318.91 5317.07 5313.86 5312.44 5312.63 5311.8 5310.07 5308.03 5305.87 5305.42 5304.85 5303.92 5303.13 5301.9 5299.83 5297.23 5294.95 5292.4 5289.16 5283.95 5273.04 5266.31 5261.95 5258.77 5256.58 5255.32 5253.82 5252.6 5250.97 5248.41 5249.33 5253.81 5257.23 5259.41 5260.4 5260.41 5260.22 5262.72 5267.34 5271.05 5273.85 5275.62 5275.38 5273.38 5269.16 5260.38 5254.63 5256.39 5258.19 5259.39 5262.5 5262.43 5262.11 5261.62 5261.11 5260.46 5260.36 5259.95 5259.01 5257.46 5255.96 5254.84 5254.72 5255.29 5256.16 5257.14
5320.78 5318.39 5315.68 5312.75 5311.38 5310.94 5310.28 5308.78 5306.68 5304.65 5302.58 5300.69 5298.21 5297.11 5297.19 5296.34 5295.18 5293.76 5292.08 5289.94 5285.02 5272 5263.99 5259.8 5256.89 5254.37 5252.36 5250.24 5247.71 5244.52 5240.99 5240.97 5244.38 5247.42 5249.37 5250.69 5251.62 5253.01 5254.87 5257.95 5261.16 5263.04 5262.76 5258.64 5263.37 5260.47 5253.57 5250.75 5252.62 5254.88 5256.7 5257.8 5258.46 5258.48 5258.06 5257.19 5255.62 5254.62 5255.47 5255.38 5254.49 5253.49 5252.62 5252.44 5253.05 5254.02 5255.05
5320.05 5319.68 5315.38 5311.23 5311.11 5311.16 5310.34 5308.79 5306.41 5302.75 5300.87 5298.51 5294.83 5293.54 5294.42 5293.88 5293.59 5292.47 5290.92 5288.41 5282.63 5269.9 5261.57 5258.42 5256.35 5253.21 5250.29 5248.11 5244.8 5241.07 5237.68 5236.65 5238.13 5239.84 5241.53 5242.62 5243.75 5245.12 5247.64 5250.14 5252.73 5254.43 5255.55 5254.85 5257.05 5251.11 5248.43 5250.75 5251.49 5252.9 5253.62 5254.77 5256.49 5256.57 5256.08 5254.49 5252.28 5251.61 5252.25 5252.64 5252.22 5251.28 5250.34 5250.11 5250.76 5251.78 5253.06
5318.51 5316.5 5315.81 5314.73 5313.85 5312.95 5311.75 5310.15 5308.07 5305.57 5302.75 5298.96 5295.13 5293.21 5292.78 5293.14 5292.98 5291.8 5289.36 5285.99 5278.38 5266.02 5259.11 5258.47 5257.96 5257.11 5253.27 5248.16 5243.45 5239.16 5236.05 5234.76 5233.83 5234.6 5235.4 5236.65 5237.67 5238.76 5241.27 5243.9 5246.17 5248.01 5249.93 5251.34 5246.39 5241.74 5245.27 5251.17 5249.84 5249.97 5250.92 5252.06 5253.1 5254.58 5254.7 5253.43 5249.92 5249.02 5250.99 5251.33 5250.47 5249.37 5248.42 5248.1 5248.61 5249.52 5250.63
