real_craters/C175-1000m.grd
DSAA
79 79
-39 39
-39 39
3857.8399880313 5876.1712841164
[rows 0 to 29 of 79, columns 0 to 66 of 79]
5327.65 5342.1 5351.91 5347.38 5338.67 5328.87 5324.83 5330.3 5334.79 5338.39 5340.1 5345 5347.16 5347.44 5349.14 5352.41 5359.22 5365.23 5371.6 5378.93 5388.71 5397.46 5404.57 5411.82 5420.93 5429.82 5440.77 5459.34 5469.98 5482.38 5486.68 5486.5 5503.29 5504.33 5507.38 5505.5 5509.47 5512.71 5515.33 5516.31 5516.32 5513.49 5515.21 5521.43 5521.55 5525.81 5526.83 5524.18 5526.96 5528.24 5524.71 5521.89 5518.44 5525.37 5531.15 5535.58 5548.98 5562.1 5566.77 5566.53 5570.4 5578.9 5576.7 5581.06 5583.2 5584.52 5590.74
5351.42 5353.63 5362.23 5356.3 5346.26 5337.23 5333.08 5335.41 5333.36 5336.17 5344.21 5353.61 5356.18 5357.96 5360.88 5360.01 5365.86 5373.07 5379.8 5385.61 5394.01 5402.53 5408.66 5415.59 5424.43 5433.28 5443.5 5460.72 5466.5 5469.79 5477.38 5483.37 5493.71 5497.12 5506.74 5503.96 5512.39 5516.39 5517.48 5515.86 5513.5 5515.5 5516.66 5522.71 5520.73 5520.64 5526.71 5529.23 5536.28 5538.54 5532.21 5529.91 5525.97 5527.24 5531.65 5536.94 5553.64 5568.28 5571.8 5569.85 5570.36 5573.68 5578 5580.54 5583.5 5584.7 5592.77
5360.8 5367.21 5371.34 5362.9 5351.98 5343.92 5341.61 5341.89 5344.12 5342.76 5344.06 5348.24 5356.83 5369.58 5371.23 5367.27 5371.79 5380.58 5386.24 5390.31 5397.59 5405.34 5411.73 5418.46 5427.33 5436.1 5443.76 5451.08 5460.03 5463.19 5472.59 5483.33 5498 5504.59 5507.03 5520.41 5522.42 5521.1 5520.57 5517.11 5512.38 5511.69 5515.54 5517.41 5515.38 5517.95 5521.56 5529 5540.51 5537.69 5539.23 5535.82 5529.48 5533.02 5536.82 5538.01 5551.04 5563.6 5577.43 5571.26 5573.36 5577.98 5577.9 5578.91 5584.52 5589.56 5597.53
5376.09 5384.13 5379.55 5368.43 5355.96 5343.56 5343.44 5347.96 5352.19 5352.9 5349.02 5350.15 5359.01 5371.41 5377.99 5373.57 5376.05 5380.79 5386.99 5394.55 5399.83 5407.27 5414.21 5423.43 5432.23 5438.12 5446.03 5456.68 5456.28 5457.62 5470.47 5487.35 5495.49 5499.46 5509.94 5523.01 5526.7 5524.45 5520.13 5520.17 5512.46 5507.81 5505.73 5506.16 5513.55 5514.87 5519.56 5530.19 5537.58 5547.08 5548.02 5544.94 5539.88 5542.57 5547.1 5553.87 5555.01 5565.62 5574.42 5577.69 5582.1 5581.35 5588.04 5590.1 5592.48 5597.06 5599.53
5392.69 5393.32 5385.11 5373.06 5361.02 5353.7 5354.92 5355.83 5351.37 5350.39 5347.81 5352.12 5358.89 5368.34 5372.07 5372.37 5377.35 5380.38 5387.96 5394.11 5403.38 5406.32 5415.06 5423.33 5431.14 5438.02 5444.56 5452.96 5450.94 5455.68 5469.7 5488.15 5503.72 5508.77 5514.87 5527.67 5534.27 5526.9 5519.87 5517.44 5511.32 5505.27 5507.44 5502.22 5508.64 5512.34 5522.58 5530.03 5539.8 5544.61 5550.21 5549.17 5551.12 5552.2 5557.46 5560.8 5556.58 5566.96 5581.89 5585.11 5589.32 5595.98 5602.21 5603.28 5603.1 5597.43 5602.49
5378.1 5381.14 5381.42 5375.67 5368.72 5361.28 5368.52 5371.7 5362.51 5355.86 5359.94 5356.25 5358.2 5365.87 5374.34 5373.51 5374.47 5376.88 5381.92 5389.12 5390.43 5402.36 5412.96 5422.24 5430.27 5434.76 5439.91 5443.96 5447.68 5456.98 5471.23 5496.2 5508.91 5515.88 5517.4 5526.01 5528.6 5523.49 5518.6 5513.98 5510.16 5499.47 5499.58 5500.06 5506.32 5509.7 5524.8 5540.87 5547.17 5551.95 5550.43 5552.21 5555.44 5557.15 5561.19 5561 5554.22 5567.38 5573.6 5579.61 5587.87 5604.36 5610.54 5614.67 5605.55 5599.97 5612.15
5373.6 5368.37 5376.61 5383.53 5384.45 5380.75 5393.97 5403.87 5391.85 5369.39 5356.58 5358.87 5362.38 5365.72 5363.81 5374.42 5377.06 5378.61 5375.44 5383.9 5389.04 5399.82 5410.76 5420.01 5426.97 5432.07 5436.6 5440.37 5448.08 5455.9 5472.69 5495.51 5505.75 5512.63 5513.41 5515.05 5519.62 5515 5510.22 5501.99 5498.74 5496.81 5500.14 5498.94 5507.01 5510.95 5528.3 5544.05 5545.97 5546.05 5547.44 5550.42 5557.55 5558.81 5557.9 5557.04 5551.3 5553.91 5555.54 5574.47 5591.17 5597.83 5604.49 5605.13 5598.22 5610.28 5614.78
5384.18 5373.76 5383.98 5398.23 5410.58 5417.26 5419.13 5428.5 5409.52 5379.08 5366.6 5365.14 5364.35 5372.35 5381.62 5387.61 5395.09 5390.51 5386.63 5388.19 5391.34 5400.91 5409.86 5417.49 5424.19 5429.05 5435.75 5442.86 5446.16 5453.87 5468.72 5491.19 5500.35 5506.41 5508.72 5510.67 5507.34 5503.7 5500.9 5500.64 5505.3 5507.53 5506.05 5501.74 5505.05 5506.97 5523.99 5535.01 5536.65 5543.77 5548.2 5554.1 5560.07 5562.73 5561.67 5561.92 5553.48 5555.75 5567.7 5582.81 5588.94 5598.55 5599.64 5602.27 5601.78 5612.77 5613.53
5400.72 5387.61 5398.27 5414.78 5436.11 5454.88 5447.46 5448.19 5427.75 5394.41 5371.3 5366.39 5364.46 5372.59 5382.44 5390.6 5397.09 5398.22 5399.34 5401.26 5400.9 5404.97 5411.29 5417.15 5422.69 5428.86 5436.96 5443.64 5449.54 5456.85 5471.83 5495.65 5505.13 5507.5 5505.03 5499.06 5499.3 5497.77 5498.54 5504.5 5505.13 5504.43 5507.07 5503.71 5509.42 5512.99 5519.61 5527.13 5527.31 5534.9 5548.06 5557.27 5565.39 5570.45 5577.7 5578.61 5575.81 5573.61 5583.69 5588.74 5587.87 5594.51 5596.11 5605.07 5611.75 5614.34 5615.48
5437.31 5411.14 5412.56 5424.82 5444.08 5459.42 5461.21 5455.43 5440.47 5408.32 5379.76 5365.09 5366.1 5372.77 5381.14 5386 5392.71 5397.95 5404.4 5403.54 5406.05 5409.56 5415.32 5420.4 5426.32 5432.42 5440.62 5447.84 5452.61 5463.65 5472.95 5488.03 5491.57 5492.5 5494.93 5497.04 5505.36 5499.77 5498.22 5503.66 5504.47 5503.14 5505.16 5509.02 5518.17 5524.22 5533.68 5535.57 5538.58 5532.41 5542.81 5562.85 5567.64 5571.04 5577.12 5583.44 5581.26 5582.32 5585.22 5588.19 5589.15 5594.54 5599.69 5606.19 5609.17 5614.46 5615.58
5457.64 5428.54 5421.75 5426.99 5438.78 5451.44 5462.98 5460.86 5442.58 5416.58 5397.64 5374.43 5369.02 5371.83 5376.1 5380.24 5386.59 5390.26 5392.64 5396.47 5406.02 5414.88 5421.14 5426.87 5431.24 5439.35 5447.9 5455.07 5458.98 5465.27 5470.38 5480.05 5487.41 5489.29 5491.36 5500.11 5507.31 5501.69 5501.02 5508.57 5513.19 5516.14 5518.48 5518.07 5525.24 5525.38 5531.54 5535.79 5539.04 5535.73 5538.11 5557.64 5565.11 5568.78 5569.7 5580.93 5580.9 5581.16 5584.08 5585.8 5585.3 5592.23 5607.23 5609.28 5611.39 5612.55 5615.1
5470.41 5442.56 5428.7 5423.24 5422.35 5432.35 5441.54 5439.61 5425.78 5410.53 5396.62 5382.29 5376.2 5375.1 5375.03 5378.63 5386.75 5391.89 5393.7 5402.85 5414.84 5422.01 5427.99 5434.97 5444.45 5452.35 5453.33 5460.22 5465.53 5466.33 5468.38 5480.65 5487.24 5491.96 5492.75 5503.35 5507.57 5505.67 5503.46 5516.53 5515.92 5509.67 5509.15 5518.87 5528.75 5526.24 5527.83 5532.91 5537.78 5532.86 5537.7 5552.43 5562.69 5569.09 5573.13 5575.28 5584.84 5586.26 5588.22 5591.15 5588.93 5591.87 5601.47 5600.03 5602.43 5607.17 5610.42
5471.12 5451.94 5433.19 5419.91 5408.83 5421.18 5427.33 5409.46 5402.45 5400.12 5398.15 5392.72 5392.34 5403.59 5396.35 5397.65 5400.77 5416 5424.39 5429.33 5427.66 5430.24 5435.5 5440.78 5448.84 5454.23 5452.54 5457.77 5479.26 5483.81 5476.6 5486.37 5492.73 5497.62 5499.68 5511.28 5517.19 5505.79 5505.37 5509.28 5511.76 5510.22 5510.79 5513.53 5521.13 5524.26 5526.49 5533.36 5535.02 5537.63 5543.14 5555.99 5560.81 5565.91 5572.26 5573.4 5582.32 5582.73 5587.59 5591.15 5593.22 5592.08 5597.95 5599.44 5596.77 5602.36 5604.15
5461.02 5447.15 5442.71 5431.36 5409.39 5419.61 5419.37 5397.26 5396.82 5400.4 5402.4 5396.99 5396.45 5397.9 5405.83 5406.31 5410.21 5421.33 5430.1 5435.33 5432.77 5435.69 5439.92 5444.39 5447.38 5447.76 5449.92 5455.7 5483.9 5492.65 5491.65 5492.67 5496.86 5499.86 5502.12 5512.93 5521.04 5513.06 5511.2 5515.27 5515.83 5515.13 5512.23 5514.12 5515.67 5523.04 5526.37 5536.09 5540.89 5546.12 5553.88 5560.04 5559.63 5557.68 5566.16 5571.75 5584.1 5582.51 5585.6 5584.68 5590.7 5592.11 5600.89 5603.63 5602.12 5603.24 5605.37
5490.65 5493.28 5489.13 5464.71 5438.81 5421.71 5400.62 5392.18 5400.23 5405.22 5405.62 5400.19 5393.45 5394.24 5402.77 5406.17 5406.8 5409.92 5415.25 5421.29 5430.34 5437.74 5444.89 5450.08 5452.77 5454.67 5455.96 5463.01 5483.15 5487.56 5492.59 5502 5503.56 5503.87 5505.98 5510.85 5515.04 5523.56 5526.8 5530.28 5526.49 5518.31 5519.79 5521.99 5524.61 5536.02 5544.79 5544.8 5547.33 5553.58 5556.81 5562.12 5563.11 5563.66 5569.95 5574.4 5582.2 5585.85 5589.35 5587.13 5592.95 5595.4 5604.31 5603.86 5603.16 5604.7 5607.53
5569.84 5604.91 5512.97 5470.73 5502.51 5460.4 5421.22 5405.4 5407.05 5407.36 5411.84 5405.6 5394.63 5392.3 5396.51 5397.47 5401.08 5401.06 5410.37 5418.92 5429.21 5441.62 5450.94 5458.4 5464.66 5472.21 5468.67 5470.53 5482.97 5489.25 5505.68 5509.76 5511.04 5510.68 5510.23 5512.93 5515.5 5522.43 5530.67 5531.97 5529.32 5526.52 5523.51 5533.37 5539.77 5546.38 5551.84 5553.85 5557.22 5560.06 5561.7 5565.65 5570.75 5572.82 5576.52 5578.47 5586.09 5592.34 5591.49 5587.61 5592.02 5599.43 5606.28 5602.75 5604.56 5606.37 5608.52
5411.51 5391.27 5391.73 5400.28 5406.96 5521.84 5483.13 5440.77 5422.82 5416.18 5427.86 5429.94 5404.4 5387.87 5390.42 5399.84 5405.71 5411.96 5416.69 5424.01 5436.47 5449.97 5461.13 5470.48 5478.37 5483.93 5479.93 5478.2 5486.01 5496.59 5506.41 5512.21 5515.29 5518.66 5523.93 5522.98 5521.39 5522.69 5527.27 5532.75 5540.66 5538.96 5536.75 5554.39 5555.32 5558.21 5555.72 5556.81 5558.25 5563.37 5568.31 5570.64 5578.77 5579.86 5583.21 5584.84 5590.26 5597.26 5595.52 5592.81 5591.56 5596.45 5607.95 5607.48 5608.11 5608.24 5608.81
5371.39 5358.36 5358.84 5356.9 5363.75 5376.52 5464.58 5453.9 5439.57 5438.86 5452.98 5456.37 5425.19 5397.74 5395.66 5406.1 5411.95 5414.8 5428.21 5442.64 5451.93 5460.68 5471.6 5483.13 5493.2 5498.09 5490.49 5483.24 5487.45 5496.75 5510.64 5515.28 5519.07 5522.27 5523.62 5525.6 5525.77 5532.88 5535.85 5537.9 5543.12 5546.92 5546.1 5550.83 5552.35 5557.21 5558.97 5560.98 5564.04 5567.16 5570.97 5574.56 5580.47 5588.66 5587.51 5590.59 5593.67 5596.54 5598.2 5595.71 5593.23 5596.67 5603.68 5616.19 5611.49 5610.02 5610.12
5351.42 5340.54 5339.07 5340.77 5342.41 5350.79 5371.53 5413.63 5438.39 5462.73 5477.38 5482.46 5461.18 5443.69 5430.35 5422.25 5423.72 5424.22 5431.88 5445.32 5456.83 5470.67 5483.24 5495.32 5507.01 5515.66 5512.17 5491.61 5492.33 5496.07 5516.12 5520.88 5522.94 5526.32 5527.81 5528.89 5533.24 5540.91 5543.96 5543.44 5543.51 5547.19 5554.83 5556.32 5559.71 5558.15 5558.73 5562.6 5565.57 5570.83 5574.27 5576.64 5580.79 5585.08 5585.69 5588.23 5589.73 5604.02 5607.92 5599.8 5596.99 5598.79 5603.09 5604.17 5609.93 5611.49 5611.84
5337.88 5335.12 5334.35 5330.69 5330.93 5337.01 5358.93 5393.09 5428.28 5458.3 5487.39 5513.2 5509.83 5497.17 5460.56 5437.6 5427.21 5434.15 5440.22 5452.49 5464.97 5478.92 5490.97 5503.68 5517.93 5531.71 5532.29 5509.85 5502.1 5500.93 5505.66 5515.7 5529.19 5537.7 5541.8 5545.12 5547.02 5548.26 5547.28 5570.84 5561.74 5555.9 5556.2 5561.1 5559.55 5561.57 5560.37 5563.98 5569.57 5572.93 5579.2 5581.96 5580.73 5583.61 5584.03 5589.7 5591.92 5598.4 5606.78 5612.31 5604.24 5602.33 5605.88 5609.34 5611.98 5614.95 5616.67
5325.31 5324.49 5327 5322.47 5322.91 5330.44 5344.25 5377.86 5414.04 5449.77 5480.4 5506.6 5527.32 5502.94 5466.08 5444.93 5432.31 5438.3 5447.77 5461.64 5476.07 5486.01 5495.88 5505.76 5517.26 5526.33 5518.76 5504.08 5503.75 5507.3 5506.53 5524.75 5548 5566.38 5571.06 5568.86 5573.17 5593.79 5568.71 5597.26 5581.54 5553.79 5556.44 5556.35 5559.73 5562.5 5560.24 5567.93 5589.47 5587.4 5588.35 5595.84 5588.09 5584.21 5586.82 5587.56 5585.86 5586.67 5593.96 5612.34 5612.97 5604.89 5606.72 5611.11 5614.4 5617.22 5620.98
5316.37 5315.78 5318.03 5317.13 5316.49 5320.19 5334.99 5372.61 5409.52 5441.67 5471.55 5496.07 5522.89 5508.87 5473 5452.55 5439.92 5443.7 5455.87 5467.75 5482.5 5490.93 5497.6 5503.86 5509.57 5514.09 5515.81 5502.53 5500.78 5515.77 5518.18 5553.85 5589.98 5608.74 5619.87 5618.19 5664.48 5614.24 5572.34 5553.66 5564.29 5562.67 5549.88 5561.19 5571.11 5565.34 5562.39 5581.73 5636.19 5645.15 5611.31 5599.76 5598.97 5588.98 5584.55 5586.18 5589.65 5592.45 5597.22 5601.68 5612.97 5612.92 5617.71 5616.89 5616.99 5620.34 5623.87
5311.06 5308.47 5313.49 5314.8 5306.51 5311.15 5340.7 5387.79 5422.25 5448.1 5472.42 5493.38 5509.82 5503.77 5485.21 5454.85 5441.55 5443.08 5453.03 5469.11 5484.62 5492.39 5494.56 5495.04 5494.46 5492.61 5489.53 5497.02 5500.94 5515.55 5539.69 5613.2 5652.29 5666.52 5670.04 5686.62 5686.47 5673.92 5633.43 5608.82 5713.81 5714.06 5592.82 5644.17 5620.04 5594.85 5574.56 5591.34 5639.83 5677.9 5633.27 5603.31 5606.77 5598.48 5585.2 5587.03 5590.46 5593.05 5593.79 5601.51 5613.79 5625.15 5615.02 5614.01 5616.71 5620.76 5625.58
5311.36 5309 5308.2 5300.47 5285.29 5306.89 5371.38 5422.1 5445.08 5460.56 5472.67 5488.52 5499.74 5488.62 5469.01 5446.87 5434.96 5436.84 5448.03 5467.78 5486.27 5495.75 5495.73 5491.88 5486.93 5479.51 5483.6 5493.11 5495.65 5525.76 5630.31 5716.61 5703.75 5689.49 5698.02 5758.81 5728.22 5762.16 5755.8 5718.08 5694.91 5727.06 5638.77 5605.5 5643.78 5694.32 5625.71 5592.83 5610.99 5635.4 5633.73 5618.75 5610.76 5606.26 5597.56 5594.4 5594.95 5597.89 5598.74 5611.41 5622.9 5627.73 5616.34 5614.07 5618.09 5622.22 5626.89
5365.24 5381.16 5321.75 5303.37 5303.46 5470.41 5504.93 5484.01 5478.14 5473.85 5470.51 5480.39 5483.96 5478.36 5463.07 5442.91 5431.15 5430.75 5443.29 5466.57 5490.42 5498.23 5495.15 5490.12 5481.39 5477.95 5479.99 5489.28 5480.36 5519.85 5598.68 5737.06 5688.97 5628.23 5614.15 5606.3 5570.14 5557.64 5482.77 5501.9 5567.04 5631.05 5632.08 5572.09 5564.57 5649.7 5638.2 5607.37 5611.41 5641.27 5638.72 5623.73 5611.12 5607.51 5606.68 5610.37 5608.32 5608.02 5609 5615.47 5623.17 5621.29 5622.6 5619.95 5620.94 5622.98 5626.5
5602.8 5550.86 5519.11 5572.38 5552.45 5555.52 5550.93 5521.16 5502.65 5490.34 5478.68 5482.71 5471.92 5478.76 5471.46 5450.19 5436.89 5427.85 5442.76 5464.28 5486.03 5497.7 5498.18 5492.56 5490.24 5485.91 5505.46 5530.17 5510.69 5544.18 5649.97 5657.54 5548.41 5455.89 5397.12 5375.26 5270.28 5249.45 5160.33 5188.59 5241.62 5380.48 5472.34 5382.4 5334.28 5334.37 5417.34 5534.97 5651.44 5667.94 5658.91 5629.65 5603.49 5599.94 5610.64 5621.57 5618.25 5616.55 5622.47 5617.52 5627.71 5624.4 5622.92 5626.16 5627.46 5627.67 5627.97
5536.83 5552.83 5551.51 5540.18 5521.32 5509.55 5523.65 5522.72 5512.09 5502.84 5506.62 5503.04 5482.71 5473.01 5475.58 5462.06 5438.92 5431.52 5444.91 5462.25 5480.51 5493.27 5500.37 5503.42 5506.51 5507.37 5560.7 5645.59 5751.09 5639.46 5613.53 5420.29 5305.74 5219.8 5132.1 5021.4 4939.78 4914.28 4867.63 4864.87 4894.48 4972.69 5041.19 5079.13 5122.45 5156.97 5271.53 5405.98 5551.68 5694.13 5682.03 5654.65 5613.94 5599.62 5606.41 5614.32 5616.16 5616.59 5619.79 5620.81 5627.05 5626.26 5629.45 5631.06 5631.36 5630.6 5629.97
5465.7 5484.87 5490.49 5481.52 5478.02 5489.42 5501.03 5507.17 5507.74 5506.42 5505.6 5506.41 5487.01 5462.92 5467.51 5471.46 5458.33 5445.05 5448.63 5458.88 5469.97 5478.47 5500.2 5522.02 5540.67 5556.01 5603.15 5719.25 5769.3 5532.44 5335.88 5176.99 5070.78 4977.89 4879.43 4792.45 4699.15 4692.28 4681.34 4659 4662.99 4700.9 4751.7 4792.57 4887.25 5087.22 5222.76 5304.04 5478.49 5656.72 5671.65 5670.7 5647.8 5615.9 5607.11 5605.84 5611.96 5615.34 5617.83 5621.33 5627.92 5633.61 5635.72 5632.41 5630.88 5630.79 5631.16
5430.07 5438.01 5450.54 5462.17 5474.01 5494.9 5503.79 5506.38 5505.77 5503.4 5497.93 5489.8 5469.39 5454.38 5457.77 5464.06 5461.92 5453.34 5450.39 5457.33 5462.3 5468.8 5512.99 5565.92 5609.44 5635.83 5671.17 5671.28 5514.97 5298.23 5146.26 5021.56 4890.69 4782.6 4677.69 4558.48 4488.5 4478.58 4512.14 4501.18 4499.02 4513.56 4557.03 4583.95 4656.74 4832.04 4979.96 5101.38 5321.56 5518.34 5623.69 5698.37 5708.63 5647.25 5620.87 5613.83 5613.6 5616.11 5613.38 5614.6 5618.19 5628.57 5631.69 5629.53 5629.67 5630.36 5632.78
5425.14 5426.21 5443.32 5475.51 5501.37 5512.12 5513.45 5510.92 5507 5502.19 5496.41 5487.98 5468.72 5460.72 5451.9 5446.09 5451.83 5453.54 5453.24 5460.31 5469 5484.35 5536.68 5610.81 5697.61 5782.47 5701.8 5554.1 5312.82 5097.77 4966.95 4841.02 4719.91 4612.34 4512.53 4424.02 4372.92 4352.43 4361.1 4366.91 4371.09 4383.79 4403.62 4444.41 4495.99 4592.49 4720.66 4885.27 5099.9 5334.98 5552.34 5708.71 5715.85 5661.32 5628.27 5616.64 5615.03 5616.35 5610.99 5604.65 5609.66 5618.58 5619.72 5624.53 5627.77 5630.41 5633.71
