real_craters/C175-300m.grd
DSAA
456 456
-68.25 68.25
-68.25 68.25
4029.9822563496 6595.3393296852
[rows 0 to 29 of 456, columns 268 to 334 of 456]
6027.59 6049.99 6081.81 6115.96 6154.69 6197.96 6246.35 6317.5 6390.44 6425.84 6413.08 6284.55 6133.94 6089.72 6077.67 6075.43 6067.88 6025.29 5947.36 5883.17 5865.31 5861.84 5860.03 5856.34 5848.73 5842.85 5852.26 5860.99 5874.35 5894.48 5843.01 5761.95 5663.38 5530.99 5379.22 5224.75 5084.56 5012.91 4960.57 4910.91 4875.98 4853.32 4825.23 4789.62 4770.56 4750.89 4728.89 4703.62 4676.77 4653.17 4637.05 4614.08 4596.78 4580.43 4560.64 4547.31 4535.05 4523.52 4512.03 4499.86 4486.67 4474.54 4462.18 4450.46 4437.29 4424.77 4412.45
6025.12 6046.89 6084.2 6127.15 6173.34 6223.9 6287.65 6434.34 6476.1 6477.89 6434.99 6293 6143.54 6063.44 6030.99 6011.52 5983.55 5939.33 5892.25 5848.63 5836.96 5838.83 5840.53 5835.09 5831.96 5830.07 5829.85 5830.59 5831.98 5852.14 5782.52 5681.39 5572.1 5455.57 5322.18 5179.92 5051.98 4971.14 4920.92 4880.42 4851.64 4831.86 4805.23 4772.23 4751.54 4730.42 4708.61 4685.35 4661.09 4642.31 4631.72 4620.24 4609.7 4595.77 4571.75 4553.08 4539.36 4527.69 4515.57 4505.02 4493.16 4477.37 4461.91 4447.36 4434.28 4421.39 4410.7
6022.55 6045.39 6089.78 6139.34 6192.25 6246.65 6318.9 6489.06 6519.19 6502.09 6447.92 6281.11 6092.21 6029.67 5990.79 5960.49 5928.55 5890.89 5856.43 5827.35 5817.8 5819.12 5819.69 5817.35 5816.07 5813.25 5806.52 5796.84 5782.99 5777.53 5703.03 5594.83 5485.91 5386.17 5266.63 5138.56 5023.64 4944.41 4898.41 4865.31 4838.5 4814.26 4788.35 4760.95 4738.04 4716.68 4695.73 4674.49 4653.49 4638.51 4629.87 4622.43 4618.06 4603.23 4572.19 4554.2 4543.16 4533.23 4522.3 4511.2 4497.74 4479.83 4461.9 4445.55 4433.15 4421.57 4412.4
6021.82 6049.33 6100.06 6157.67 6215.55 6269.67 6324.7 6461.43 6503.01 6491.41 6435.64 6270.13 6081.97 6008.91 5962.57 5925.49 5892.7 5862.02 5831.27 5809.23 5801.46 5802.71 5802.41 5798.41 5800.09 5796.98 5779.92 5760.73 5741.55 5718.11 5620.16 5511.19 5407.85 5307.94 5203.09 5100.39 5003.37 4930.83 4885.16 4854.99 4828.15 4800.8 4775.68 4750.95 4726.17 4704.99 4685.66 4667.92 4651.5 4638.79 4630.47 4626.24 4610.36 4556.9 4553.21 4551.32 4546.35 4539.7 4530.74 4516.86 4500.36 4481.57 4462.88 4446.28 4435.2 4425.45 4417.93
6023.45 6054.97 6114.76 6180.33 6245.67 6305.91 6360.12 6412.13 6455.16 6458.83 6413.94 6268.99 6090.32 5997.8 5943.33 5900.06 5862.63 5828.79 5804.14 5789.28 5783.54 5781.04 5781.52 5784.68 5793.07 5777.91 5745.87 5714.3 5682.24 5647.18 5528.49 5426.09 5336.08 5246.61 5154.37 5072.88 4993.01 4922.3 4872.19 4837.53 4809.87 4788.51 4763.24 4735.51 4713.88 4694.91 4677.99 4662.95 4650.45 4638.83 4629.83 4620.76 4606.39 4563.83 4555.44 4554.67 4551.53 4546.37 4537.9 4519.78 4501.71 4483.72 4466.01 4450.72 4440.41 4431.62 4425.02
6029.82 6072.16 6134.99 6206.73 6280.57 6350.08 6406.24 6412.11 6422.93 6422.25 6386.82 6248 6072.7 5988.34 5931.7 5881.69 5837.19 5799.35 5775.63 5766.17 5761.55 5754.38 5755.29 5760.66 5770.04 5740.04 5698.99 5657.99 5610.68 5555.92 5443.76 5351.63 5281.83 5213.99 5139.13 5059.67 4977.96 4906.88 4859.11 4822.35 4792.62 4774.37 4749.06 4721.8 4701.6 4685.08 4670.92 4658 4646.13 4636.74 4629.68 4625.77 4620.95 4586.86 4573.41 4566.04 4559.34 4551.32 4539.53 4520.45 4502.95 4487.13 4471.73 4458.49 4448.27 4439.61 4433.14
6033.67 6082.37 6153.07 6232.25 6312.94 6388.18 6436.6 6419.03 6401.59 6387.55 6349.03 6217.24 6058.61 5985.58 5927.09 5871.11 5821.34 5775.09 5748.83 5742.15 5737.73 5733.04 5726.57 5714.09 5709.08 5676.72 5641.32 5600.89 5549.62 5483.75 5389.65 5307.89 5250.39 5198.89 5144.6 5053 4964.72 4900.5 4854.44 4815.57 4783.35 4757.89 4732.71 4708.01 4689.42 4675.79 4664.83 4654.66 4644.27 4635.08 4628.5 4628.42 4625.81 4613.14 4593.32 4580.36 4568.65 4555.26 4539.68 4522.01 4506.02 4492.2 4479.25 4467.78 4458.08 4449.53 4443.19
6033.57 6089.42 6169.39 6253.42 6338.95 6418.42 6467.17 6435.36 6392.56 6351.34 6294.57 6187.15 6069.52 5997.23 5930.91 5869.73 5811.5 5760.01 5730.17 5724.81 5724.76 5723.77 5702.33 5667.53 5617.86 5602.04 5582.45 5551.03 5508.09 5445.85 5361.11 5289.36 5232 5179.85 5126.07 5035.01 4950.7 4903.03 4857.64 4811.14 4772.06 4743.49 4718.45 4693.97 4677.78 4667.37 4659.66 4653.66 4645.93 4634.9 4627.15 4628.77 4626.74 4619.17 4607.57 4594.9 4580.57 4561.24 4541.04 4523.35 4509.38 4498.63 4489.1 4479.06 4469.21 4460.28 4453.11
6047.49 6108.45 6187.17 6267.95 6349.41 6429.58 6487.19 6459.1 6404.26 6308.93 6211.92 6103.26 6095.51 6018.21 5942.15 5870.84 5807.28 5750.39 5717.04 5715.03 5722.76 5716.05 5686.14 5642.66 5592.05 5554.12 5534.23 5510.09 5480.66 5443.59 5347.1 5276.56 5215.91 5156.01 5088.85 5013.16 4943.54 4896.78 4849.93 4803.96 4768.44 4736.15 4710.71 4685.71 4668.72 4659.97 4654.45 4651.05 4645.95 4635.43 4628.53 4628.25 4628.31 4626.14 4617.95 4608.25 4596.36 4580.4 4552.12 4524.78 4513.03 4506.06 4500.06 4490.95 4480.99 4471.68 4463.2
6101.5 6147.22 6206.99 6273.95 6341.79 6404.29 6449.05 6448.41 6399.2 6263.1 6127.17 6064.32 6104.25 6033.22 5954.82 5877.79 5805.59 5744.96 5706.87 5705.75 5719.36 5715.44 5678.67 5622.18 5563.96 5522.84 5496.03 5473.5 5448.43 5413.8 5332.72 5260.99 5199.38 5137.58 5070.5 5003.2 4939.79 4878.58 4827.72 4790.76 4763.17 4742.33 4709.04 4680.17 4662.15 4654.51 4649.38 4645.52 4641.4 4636.66 4632.48 4630.23 4630.47 4630.29 4625.99 4619.62 4610.89 4599.3 4563.27 4529.79 4518.95 4514.34 4510.77 4502.33 4492.98 4483.95 4475.54
6146.1 6172.55 6217.67 6272.43 6324.18 6359.35 6383.48 6404.24 6356.68 6213.68 6066.16 6043.23 6093.72 6036.4 5961.21 5882.35 5806.37 5741.89 5700.33 5698.66 5715.72 5732.43 5680.03 5604.08 5537.98 5494.23 5461.41 5435.12 5410.27 5382.72 5323.82 5239.35 5180.42 5124.06 5065.66 4999.54 4928.36 4863.23 4809.66 4776.21 4750.42 4734.84 4706.81 4679.99 4661.43 4651.79 4645.58 4641.04 4637.96 4636.12 4635.19 4634.77 4635.07 4633.7 4631.56 4627.85 4620.22 4603.95 4568.46 4537.51 4527.37 4523.37 4520.04 4512.99 4504.83 4496.75 4489.35
6120.97 6163.42 6212.5 6264.14 6311 6342.39 6362.7 6369.37 6316.45 6173.66 6019.16 6007.77 6074.25 6034.46 5965.83 5887.81 5809.67 5741.26 5696.21 5697.72 5721.3 5745.47 5676.39 5591.42 5518.67 5466.14 5426.95 5394.95 5365.11 5334.34 5290.18 5207.32 5159.79 5111.34 5061.73 5000.64 4921.69 4852.21 4795.17 4767.54 4750.86 4730.58 4703.62 4679.8 4662.21 4650.57 4643.54 4638.44 4635.57 4633.77 4633.35 4634.42 4635.09 4634.29 4635.06 4633.92 4627.76 4610.16 4574.06 4546.84 4537.42 4533.49 4529.7 4523.72 4516.55 4509.13 4502.06
6079.52 6143.24 6200.51 6252.97 6301.43 6346 6368.11 6355.96 6299.48 6159.46 5995.74 5986.05 6057.35 6036.83 5972.06 5894.14 5813.9 5742.17 5693.62 5701.53 5734.46 5720.07 5658.88 5576.72 5495.96 5432.35 5388.88 5354.03 5320.45 5280.24 5235.26 5186.6 5144.94 5098.73 5048.46 4990.94 4918.08 4846.27 4787.44 4764.73 4753.86 4726.43 4699.5 4677.23 4659.31 4649.28 4642.75 4638.31 4634.79 4632.74 4632.5 4633.55 4636.72 4634.79 4637.58 4639.09 4636.16 4619.62 4581.58 4557.06 4548.52 4544.67 4541.14 4534.8 4528.17 4521.01 4513.43
6084.41 6139.92 6191.09 6238.28 6283.85 6322.4 6347.74 6349.12 6316.49 6182.47 6011.35 6019.53 6098.09 6049.79 5976.26 5894.8 5814.71 5742.31 5690.08 5698.91 5741.83 5713.43 5636.49 5541.25 5460.72 5393.45 5351.9 5320.09 5288.49 5251.95 5215.99 5177.91 5140.99 5089.53 5030.43 4977.85 4911.14 4843.83 4791.92 4768.21 4751.33 4719.75 4695.94 4675.57 4658.73 4648.48 4642.27 4638.27 4634.23 4631.75 4631.54 4633.58 4636.52 4635.42 4638.26 4641.95 4642.71 4627.39 4591.23 4568.86 4559.88 4555.17 4550.9 4545.6 4539.68 4533.14 4526.03
6124.48 6152.96 6184.81 6217.61 6254.79 6296.46 6321.5 6330.6 6315.97 6209.15 6056.7 6059.97 6106.32 6052.54 5973.38 5890.27 5812.73 5742.65 5690.9 5687.62 5707.26 5670.74 5588.8 5502.81 5424.26 5358.01 5321.49 5297.76 5274.12 5247.89 5212.55 5200.88 5156.2 5085.05 5007.19 4941.54 4890.93 4836.98 4794.83 4774.43 4762.73 4722.02 4695.84 4675.96 4659.06 4648.1 4641.66 4637.15 4632.51 4630.55 4630.75 4632.05 4633.18 4632.4 4636.17 4639.79 4642.77 4629.36 4597.58 4579.38 4570.62 4565.35 4560.71 4555.66 4550.92 4545.66 4539.67
6166.23 6167.66 6176.18 6188.19 6206.78 6239.25 6268.82 6291.48 6287.42 6210.07 6100.5 6072.28 6092.4 6031.92 5954.59 5875.89 5803.39 5738.59 5691.7 5671.79 5654.74 5579.75 5504.22 5454.51 5389.28 5329.95 5300.19 5283.9 5271.08 5269.82 5277.19 5269.04 5182.78 5084.48 4988.57 4912.78 4868.65 4826.12 4790.3 4773.15 4763.48 4723.8 4698.8 4678.63 4660.11 4647.39 4640.14 4635.53 4630.37 4627.2 4630.09 4631.93 4632.03 4632.21 4632.43 4632.06 4627.56 4616.6 4598.88 4586.55 4579.71 4575.88 4571.25 4566.09 4562.19 4557.92 4553.18
6183.74 6172.63 6161.05 6150.66 6144.04 6145.26 6195.8 6242.29 6257.99 6196.77 6054.96 6030.25 6028.09 5984.01 5920.37 5850.99 5784.71 5725.04 5679.71 5644.76 5591.61 5508.78 5434.94 5397.84 5363.45 5322.96 5295.02 5276.96 5267.02 5270.13 5305.33 5286.28 5182.81 5078.8 4980.21 4904.37 4858.02 4816.43 4780.26 4760.67 4751.63 4729.34 4707.37 4683.79 4661.16 4646.62 4638.51 4633.67 4631.38 4629.92 4631.63 4632.95 4631.77 4629.88 4627.88 4624.15 4617.1 4607.74 4597.9 4591.08 4586.68 4583.09 4579.57 4575.43 4572.06 4568.7 4565.41
6193.75 6165.91 6139.63 6116.59 6091.45 6079.01 6136.69 6194.59 6221.2 6156.9 5991.05 5968.12 5958.66 5926.56 5878.35 5820.76 5757.73 5700.69 5647.4 5590.84 5530.66 5473.67 5420.18 5389.24 5354.86 5324.45 5295.74 5270.89 5256.14 5250.96 5273.21 5246.53 5154.49 5064.67 4977.45 4909.67 4860.39 4808.89 4768.58 4747.11 4744.18 4740.47 4719.1 4689.16 4663.88 4647.98 4640.44 4636.16 4634.54 4633.22 4631.9 4631.76 4631.9 4629.15 4624.43 4618.27 4611.49 4603.47 4596.99 4594.06 4592.48 4590.66 4587.25 4583.28 4579.89 4576.9 4573.67
6179.95 6149.05 6117.63 6088.16 6059.55 6049.29 6100.17 6157.03 6189.91 6141.67 5966.81 5921.25 5904.93 5872.81 5829.7 5781.86 5733.17 5677.25 5615.41 5548.67 5505.66 5461.78 5418.53 5386.87 5351.6 5319.53 5287.86 5259.74 5240.09 5233.05 5250.47 5218.99 5129.37 5045.59 4964.79 4898.09 4846.16 4792.05 4756.34 4737.54 4735.36 4733.71 4715.73 4688.9 4666.09 4650.99 4644.4 4639.96 4637.04 4634.28 4632.52 4638.77 4633.94 4627.95 4620.81 4612.8 4605.65 4600 4596.59 4596.14 4596.93 4598.22 4593.42 4589.11 4585.82 4582.93 4580.14
6149.4 6125.71 6096.91 6070.01 6043.77 6035.96 6075.77 6124.29 6161.55 6131.77 5932.4 5893.11 5862.09 5824.27 5789.25 5750.35 5711.94 5662.68 5607.34 5550.86 5508.34 5466.9 5421.46 5387.82 5349.64 5311.75 5277.42 5243.67 5220.76 5212.61 5246.07 5228.52 5116.24 5022.74 4939.39 4867.82 4802.33 4767.72 4743.19 4728.05 4722.25 4712.13 4698.3 4682.8 4667.23 4655.38 4648.25 4642.81 4638.42 4634.57 4632.17 4638.42 4633.23 4625.06 4616.06 4607.31 4600.31 4597.58 4596.63 4597.19 4598.71 4599.42 4596.18 4592.47 4589.35 4586.97 4584.73
6119.94 6105.24 6082.25 6058.47 6036.84 6030.37 6054.06 6085.98 6113.67 6103.5 5942.2 5907.86 5850.03 5792.43 5760.75 5729.11 5698.55 5662.68 5620.05 5566.05 5527.91 5484.64 5444 5400.05 5348.61 5298.99 5253.68 5221.08 5199.21 5189.3 5206.58 5190.26 5083.98 4994.86 4913.45 4848.85 4791.23 4758.45 4735.48 4717.66 4707.19 4696.14 4686.15 4676.28 4666.67 4658.81 4650.61 4645.24 4640.99 4636.59 4632.29 4632.92 4630.43 4622.76 4612.62 4603.61 4596.34 4595.64 4596.18 4597.16 4598.39 4598.56 4596.49 4593.85 4591.36 4589.23 4587.12
6099.85 6089.25 6070.75 6051.05 6033.17 6025.04 6033.03 6042.92 6045.47 6015.32 6048.3 5979.54 5877.45 5788.1 5747.41 5719.88 5696.15 5673.18 5648.97 5622.84 5565.57 5499.85 5445.28 5406.48 5343.66 5282.68 5229.55 5196.99 5176.38 5164.63 5161.38 5126 5042.97 4967.01 4900.57 4844.82 4799.87 4765.61 4736.53 4711.42 4693.55 4685.21 4677.85 4670.86 4663.79 4656.43 4648.85 4646.44 4644.77 4640.61 4638.16 4635.33 4630.91 4624.01 4615.3 4603.76 4596.52 4595.3 4595.94 4596.62 4597.24 4597.01 4595.56 4593.9 4592.16 4590.15 4588.65
6084.82 6074.3 6061.71 6044.97 6030.75 6021.04 6017.1 6012.82 6004.14 6003.43 6194.76 6070.94 5923.67 5798.2 5748.29 5720.61 5701.11 5684.8 5671.57 5644.31 5580.73 5504.84 5436.62 5396.45 5332.12 5265.66 5210.3 5175.29 5154.42 5139.65 5129.58 5111.5 5011.34 4939.32 4884.72 4841.93 4807.77 4775.32 4741.31 4710.3 4685.98 4677.89 4673.45 4666.52 4660.3 4655.25 4649.33 4647.06 4645.26 4641.52 4640.36 4639.16 4632.87 4626.11 4618.27 4605.81 4598.76 4598.38 4597.27 4595.93 4595.16 4594.41 4593.53 4592.82 4592.17 4591.14 4587.44
6068.75 6061.98 6052.72 6040.82 6026.78 6018 6013.01 6006.58 6006.81 6062.91 6242.12 6125.88 5965.45 5822.71 5758.93 5727.51 5707.25 5692.27 5678.89 5649.44 5582.28 5506.12 5431.45 5390.88 5312.95 5244.75 5188.72 5155.22 5136.41 5116.68 5089.72 5048.72 4972.7 4915.45 4871.51 4836.39 4806.56 4776.69 4742.66 4710.13 4681.66 4672.11 4667.38 4661.09 4655.77 4651.74 4648.57 4646.9 4645.11 4641.77 4644.08 4639.93 4632.86 4626.71 4621.57 4614.08 4607.61 4604.83 4599.2 4594.58 4591.68 4590.64 4590.77 4591.2 4591.77 4592.58 4596.42
6050.33 6049.55 6047.82 6040.56 6026.9 6022.76 6024.33 6021.45 6024.72 6080.82 6220.81 6141.8 5996.93 5852.98 5778.42 5738.69 5714.52 5694.82 5672.3 5634.86 5579.87 5509.6 5433.47 5350.19 5280.07 5222.99 5175.49 5147.31 5129.05 5101.6 5058.58 4993.76 4939.43 4897.56 4862.37 4828.53 4798.81 4769.37 4737.25 4704.65 4677.59 4666.27 4659.41 4654.88 4650.71 4646.57 4644.46 4644.06 4643.71 4640.51 4636.03 4634.67 4629.52 4623.84 4618.47 4612.58 4608.54 4605.07 4598.57 4592.34 4586.91 4586.63 4588 4589.4 4590.87 4592.03 4589.7
6028.61 6036.74 6045.99 6050.21 6045.06 6049.11 6054.61 6054.92 6058.6 6111.11 6213.34 6151.12 6023.83 5892.4 5803.29 5751.83 5721.09 5696.48 5671.35 5629.28 5573.02 5495.42 5405.36 5307.26 5246.12 5208.78 5174.95 5155.77 5154.22 5117.66 5053.96 4979.38 4920.2 4880.75 4849.69 4816.87 4787.9 4760.4 4728.74 4697.07 4673.6 4662.07 4655.8 4651.03 4646.41 4642.54 4639.13 4636 4636.05 4636.95 4633.08 4629.43 4624.85 4618.87 4612.26 4606.47 4603.34 4600.18 4595.82 4590.72 4585 4585.05 4586.21 4587.55 4589.42 4592.79 4597.47
6008.54 6022.9 6041.07 6064.69 6089.97 6096.42 6098.27 6104.77 6113.83 6158.04 6226.83 6169.47 6049.4 5917.1 5820.27 5764.39 5725.92 5694.64 5664.79 5613.01 5542.73 5460.57 5370.18 5278.54 5227.37 5210.67 5200.11 5201.37 5207.44 5151.28 5066.2 4979.66 4911.4 4862.31 4831.02 4801.12 4774.09 4750.06 4719.07 4690.49 4669.44 4658.32 4652.85 4647.9 4642.66 4637.89 4633.89 4630.01 4629.92 4632.62 4630.42 4626.06 4620.59 4614.17 4606.62 4601.03 4598.44 4595.83 4593.03 4590.48 4589.05 4585.76 4584.85 4585.24 4586.48 4588.27 4590.43
5991.43 6006.39 6028.22 6064.29 6119.43 6127.31 6136.94 6160.15 6192.36 6233.92 6261.67 6199.64 6078.8 5939.9 5833.88 5775.6 5730.67 5689.89 5645.91 5586.89 5507.53 5414.29 5334.94 5268.65 5229.18 5224.36 5234.38 5248.83 5240.32 5170.5 5077.45 4986.29 4906.42 4842.72 4812.19 4783.86 4757.14 4731.65 4709.79 4686.58 4665.27 4653.99 4647.38 4642.35 4639.29 4636.37 4632.22 4627.9 4627.22 4629.17 4628.3 4622.5 4617.01 4610.96 4604.22 4598.38 4595.45 4592.84 4590.27 4588.52 4588.59 4584.54 4582.88 4582.64 4583.08 4584.54 4587.54
5976.46 5986.9 6002.65 6029.99 6076.42 6113.08 6156.35 6206.48 6261.16 6300.24 6309.22 6240.3 6116.79 5975.15 5859.45 5792.27 5739.23 5689.54 5636.23 5577.7 5507.41 5400.85 5320.75 5265.79 5233.79 5233.76 5251.81 5270.16 5246.24 5168.23 5078.97 4988.35 4902.2 4836.57 4798.27 4767.84 4741.06 4716.62 4699.73 4680.4 4661.32 4650.52 4644.71 4641.01 4636.01 4632.68 4627.51 4623.61 4622.59 4622.17 4620.7 4617.89 4613.79 4609.19 4604.48 4598.81 4594.09 4591.01 4587.56 4583.69 4580.77 4580.72 4580.3 4580.26 4580.49 4579.65 4583.17
5962.41 5964.49 5969.69 5979.43 5997.71 6079.33 6160.81 6236.4 6305.15 6346.45 6346.92 6282.67 6160.56 6016.75 5889.22 5813.27 5751.82 5696.91 5639.77 5579.68 5511 5397.03 5322.82 5267.3 5230.49 5230.55 5246.77 5258.68 5207.2 5145.84 5070 4991.6 4911.72 4830.79 4787.65 4755.51 4728.75 4704.93 4686.99 4671.97 4657.49 4647.85 4642.05 4636.6 4632.06 4628.53 4629.11 4620.94 4618.34 4617.86 4615.6 4613.27 4610.45 4607.47 4604.42 4598.06 4594.34 4590.96 4586.56 4581.23 4577.32 4578.17 4578.35 4578.53 4579.34 4583.4 4584.65
