real_craters/C175-750m.grd
DSAA
183 183
-68.25 68.25
-68.25 68.25
4032.5387827366 6570.3091998997
[rows 76 to 113 of 183, columns 84 to 167 of 183]
4525 4521 4539 4552 4570 4556 4530 4504 4496 4501 4506 4501 4488 4490 4503 4547 4646 4756 4844 4916 4971 5029 5227 5210 5230 5245 5320 5534 5773 5864 5855 5829 5781 5715 5641 5604 5586 5580 5556 5540 5511 5506 5504 5472 5486 5521 5516 5512 5511 5484 5465 5456 5446 5438 5433 5437 5442 5449 5436 5453 5439 5412 5405 5397 5383 5389 5387 5381 5377 5381 5380 5386 5388 5390 5387 5393 5410 5433 5444 5448 5451 5451 5447 5440
4500 4503 4514 4529 4542 4533 4514 4474 4455 4465 4475 4462 4443 4439 4452 4492 4535 4624 4723 4778 4814 4859 5016 5207 5273 5254 5294 5451 5659 5904 5916 5842 5755 5692 5660 5612 5578 5562 5538 5511 5492 5494 5483 5455 5452 5473 5487 5484 5463 5438 5441 5442 5442 5440 5445 5438 5435 5439 5446 5418 5410 5404 5401 5398 5397 5406 5390 5379 5374 5370 5376 5381 5384 5385 5387 5390 5410 5434 5443 5446 5448 5448 5444 5435
4492 4492 4492 4496 4500 4495 4483 4455 4423 4435 4439 4426 4407 4404 4416 4432 4445 4483 4607 4651 4672 4705 4841 5039 5158 5214 5289 5421 5581 5798 5906 5841 5770 5723 5695 5629 5564 5559 5539 5507 5495 5502 5477 5459 5457 5464 5467 5463 5453 5438 5431 5436 5441 5444 5440 5427 5420 5417 5431 5418 5417 5417 5413 5402 5390 5366 5373 5374 5374 5376 5376 5381 5388 5390 5391 5391 5408 5421 5430 5439 5443 5445 5446 5435
4489 4475 4456 4457 4460 4455 4436 4404 4403 4414 4422 4397 4374 4369 4385 4419 4413 4442 4516 4557 4580 4599 4739 4888 5014 5126 5254 5383 5491 5574 5740 5811 5811 5774 5736 5652 5587 5558 5553 5537 5532 5497 5449 5459 5466 5456 5459 5456 5440 5427 5424 5432 5438 5441 5422 5403 5401 5401 5415 5446 5448 5440 5427 5407 5386 5368 5367 5368 5369 5373 5379 5385 5391 5399 5406 5411 5419 5416 5427 5435 5439 5441 5438 5429
4461 4436 4410 4420 4430 4427 4403 4383 4387 4389 4389 4364 4344 4337 4354 4371 4370 4398 4444 4482 4503 4533 4659 4845 4959 5095 5234 5308 5414 5520 5630 5789 5930 5845 5768 5676 5596 5598 5564 5551 5538 5500 5466 5452 5449 5458 5459 5458 5459 5441 5432 5435 5436 5431 5373 5380 5394 5416 5425 5436 5438 5437 5433 5410 5391 5370 5366 5366 5366 5371 5379 5388 5398 5408 5419 5431 5432 5427 5429 5433 5435 5435 5432 5424
4432 4406 4388 4391 4394 4388 4375 4366 4368 4358 4343 4329 4316 4312 4325 4340 4336 4358 4398 4427 4452 4487 4541 4718 4929 5182 5253 5330 5417 5517 5592 5737 5878 5915 5808 5707 5627 5605 5581 5558 5535 5496 5458 5444 5425 5428 5445 5457 5466 5452 5445 5445 5442 5420 5391 5393 5396 5397 5410 5412 5407 5417 5413 5404 5394 5378 5370 5367 5364 5371 5380 5391 5403 5417 5431 5440 5443 5440 5434 5433 5431 5430 5432 5419
4386 4380 4373 4370 4365 4354 4357 4354 4350 4336 4320 4313 4302 4297 4309 4313 4312 4336 4364 4388 4412 4442 4526 4646 4855 5108 5187 5278 5381 5476 5514 5670 5801 5869 5839 5723 5626 5590 5581 5554 5523 5485 5464 5464 5454 5430 5440 5454 5464 5458 5459 5458 5459 5459 5454 5426 5404 5394 5408 5418 5408 5402 5399 5394 5393 5382 5375 5370 5363 5370 5381 5393 5406 5421 5437 5452 5454 5451 5441 5435 5428 5421 5413 5410
4369 4364 4360 4358 4357 4358 4351 4343 4341 4326 4307 4292 4284 4289 4292 4293 4301 4324 4342 4359 4381 4422 4512 4610 4727 4872 5039 5159 5328 5438 5483 5653 5780 5809 5811 5715 5628 5591 5595 5550 5504 5497 5494 5502 5536 5552 5462 5452 5462 5465 5467 5464 5471 5483 5462 5437 5417 5402 5421 5431 5417 5402 5388 5384 5390 5388 5384 5376 5367 5373 5383 5396 5409 5421 5440 5450 5450 5448 5444 5436 5427 5416 5405 5403
4354 4349 4349 4346 4346 4346 4347 4343 4335 4331 4305 4269 4252 4254 4274 4267 4260 4304 4320 4335 4357 4394 4486 4595 4661 4743 4926 5116 5299 5454 5493 5672 5813 5796 5769 5707 5643 5590 5592 5561 5517 5502 5499 5507 5515 5507 5451 5448 5453 5449 5440 5454 5469 5474 5464 5451 5442 5442 5444 5445 5437 5418 5382 5383 5384 5398 5397 5385 5377 5379 5389 5402 5414 5421 5418 5441 5453 5451 5446 5438 5428 5419 5410 5403
4345 4342 4334 4331 4332 4335 4346 4356 4355 4354 4322 4266 4239 4234 4244 4247 4250 4276 4296 4314 4335 4370 4423 4579 4681 4760 4847 5022 5238 5419 5524 5688 5825 5793 5760 5715 5669 5587 5589 5575 5544 5525 5516 5518 5512 5489 5454 5450 5440 5415 5418 5449 5473 5481 5479 5472 5462 5464 5465 5468 5465 5454 5440 5409 5382 5395 5397 5383 5378 5382 5393 5406 5421 5434 5442 5457 5458 5455 5449 5441 5431 5421 5414 5407
4324 4322 4313 4306 4307 4325 4334 4353 4396 4390 4358 4280 4235 4218 4218 4222 4231 4248 4272 4292 4311 4343 4400 4511 4633 4707 4780 4944 5179 5391 5500 5644 5835 5831 5775 5721 5654 5584 5571 5573 5563 5541 5544 5548 5541 5509 5481 5472 5462 5451 5454 5466 5486 5496 5482 5473 5472 5479 5489 5485 5504 5491 5453 5435 5401 5397 5395 5378 5373 5382 5395 5410 5429 5450 5463 5453 5452 5454 5450 5444 5436 5424 5419 5416
4307 4299 4285 4270 4262 4258 4249 4248 4239 4364 4385 4323 4233 4203 4206 4205 4206 4236 4259 4282 4304 4341 4402 4490 4587 4686 4800 4940 5119 5311 5444 5562 5881 5850 5816 5722 5650 5604 5576 5565 5566 5559 5559 5561 5565 5563 5507 5492 5487 5488 5473 5476 5490 5496 5481 5474 5487 5511 5535 5472 5382 5355 5467 5488 5404 5391 5384 5380 5379 5385 5396 5410 5429 5451 5463 5450 5461 5456 5451 5447 5443 5442 5437 5434
4298 4282 4261 4237 4207 4171 4148 4147 4165 4284 4387 4347 4232 4194 4198 4196 4200 4222 4249 4280 4313 4343 4382 4460 4620 4731 4830 4951 5063 5248 5408 5490 5863 6022 5891 5757 5681 5635 5591 5577 5577 5578 5572 5559 5567 5558 5511 5497 5493 5491 5477 5474 5482 5484 5479 5479 5497 5535 5565 5442 5273 5223 5404 5466 5405 5392 5388 5379 5380 5386 5396 5408 5420 5433 5448 5450 5448 5448 5449 5450 5452 5455 5456 5457
4282 4260 4235 4204 4167 4124 4094 4091 4104 4202 4416 4372 4212 4184 4196 4191 4194 4208 4243 4278 4311 4330 4355 4422 4658 4774 4864 4981 5119 5259 5376 5445 5804 6014 5921 5808 5730 5646 5592 5573 5583 5603 5600 5579 5566 5541 5516 5493 5491 5490 5479 5474 5478 5480 5482 5490 5509 5543 5537 5455 5335 5276 5389 5429 5406 5393 5388 5379 5379 5385 5394 5403 5411 5412 5423 5427 5423 5436 5444 5452 5458 5465 5474 5481
4267 4243 4217 4185 4145 4103 4071 4072 4096 4199 4399 4353 4210 4187 4190 4200 4194 4205 4237 4274 4306 4310 4345 4447 4640 4782 4882 5021 5195 5287 5371 5439 5727 5933 5894 5818 5758 5683 5612 5576 5592 5623 5626 5608 5577 5535 5501 5491 5490 5481 5480 5476 5474 5476 5487 5498 5503 5539 5553 5507 5479 5538 5445 5410 5400 5388 5382 5375 5377 5384 5392 5400 5407 5412 5422 5421 5421 5431 5440 5451 5463 5474 5487 5500
4245 4228 4207 4180 4148 4110 4078 4082 4111 4211 4358 4329 4235 4193 4187 4202 4194 4202 4228 4262 4292 4287 4342 4454 4631 4801 4927 5016 5120 5259 5366 5402 5645 5847 5849 5805 5756 5706 5642 5601 5604 5621 5627 5622 5590 5548 5514 5513 5501 5489 5483 5479 5451 5473 5492 5508 5506 5530 5546 5544 5535 5499 5462 5406 5394 5386 5378 5372 5376 5386 5394 5402 5408 5416 5424 5425 5427 5431 5437 5449 5466 5481 5490 5505
4239 4223 4207 4188 4169 4145 4115 4122 4140 4215 4356 4296 4223 4187 4178 4202 4191 4191 4215 4243 4258 4264 4346 4478 4667 4832 4955 5006 5087 5234 5350 5399 5607 5792 5828 5759 5729 5707 5674 5631 5618 5619 5617 5617 5597 5571 5546 5534 5516 5500 5498 5496 5501 5500 5503 5498 5500 5545 5561 5558 5546 5532 5485 5426 5398 5385 5374 5369 5380 5390 5400 5407 5413 5416 5427 5437 5437 5431 5431 5436 5451 5463 5469 5485
4243 4224 4214 4209 4208 4209 4194 4211 4235 4271 4288 4250 4196 4168 4150 4175 4178 4181 4206 4227 4235 4247 4365 4499 4674 4853 4954 5012 5118 5239 5358 5413 5672 5787 5806 5720 5695 5689 5661 5635 5625 5630 5634 5619 5600 5579 5560 5544 5532 5518 5510 5512 5536 5527 5526 5530 5560 5564 5565 5558 5543 5527 5497 5465 5410 5398 5386 5384 5393 5401 5409 5417 5424 5431 5439 5451 5443 5431 5421 5414 5410 5416 5425 5432
4223 4216 4215 4221 4240 4278 4350 4342 4263 4272 4248 4211 4177 4152 4138 4168 4195 4203 4211 4221 4220 4252 4405 4608 4775 4862 4931 4996 5105 5247 5380 5441 5715 5796 5769 5656 5664 5667 5656 5634 5634 5639 5631 5619 5598 5585 5578 5565 5554 5542 5534 5521 5526 5539 5549 5562 5589 5572 5563 5550 5537 5514 5487 5448 5428 5416 5411 5409 5411 5415 5422 5430 5440 5448 5461 5451 5440 5427 5411 5392 5369 5371 5382 5375
4210 4205 4209 4217 4240 4281 4348 4329 4241 4208 4178 4175 4161 4144 4138 4177 4212 4212 4219 4229 4235 4284 4435 4627 4806 4883 4936 4998 5110 5251 5379 5478 5768 5810 5780 5637 5637 5652 5648 5643 5640 5632 5632 5608 5594 5590 5593 5588 5572 5566 5563 5544 5539 5556 5571 5583 5563 5566 5558 5550 5535 5514 5483 5454 5433 5429 5435 5431 5424 5426 5432 5443 5458 5481 5475 5445 5438 5425 5408 5385 5362 5358 5361 5358
4193 4191 4194 4202 4211 4222 4216 4178 4138 4109 4109 4134 4136 4136 4143 4170 4202 4208 4229 4256 4277 4336 4449 4609 4839 4902 4963 5045 5136 5258 5385 5566 5805 5780 5706 5644 5651 5656 5656 5631 5619 5609 5594 5581 5574 5587 5595 5576 5571 5579 5595 5576 5569 5578 5589 5588 5572 5565 5564 5555 5541 5521 5493 5462 5446 5432 5428 5428 5428 5432 5438 5449 5462 5481 5482 5462 5447 5430 5409 5388 5376 5362 5357 5355
4180 4174 4173 4173 4170 4156 4119 4061 4049 4049 4061 4090 4107 4120 4141 4157 4172 4209 4248 4282 4312 4380 4480 4587 4845 4916 4982 5062 5158 5275 5403 5659 5674 5736 5715 5673 5678 5671 5643 5619 5613 5586 5561 5557 5570 5584 5586 5568 5564 5573 5588 5606 5605 5597 5601 5607 5587 5579 5576 5566 5553 5536 5510 5479 5454 5433 5411 5417 5428 5438 5445 5452 5462 5477 5492 5484 5459 5435 5414 5396 5382 5371 5364 5353
4163 4160 4157 4149 4135 4111 4078 4047 4045 4047 4045 4062 4086 4104 4141 4190 4174 4219 4272 4322 4361 4441 4561 4730 4853 4921 4979 5050 5201 5347 5552 5735 5661 5747 5763 5711 5706 5699 5673 5636 5600 5570 5542 5545 5577 5576 5568 5555 5552 5556 5572 5602 5604 5599 5601 5606 5610 5616 5594 5579 5564 5549 5527 5502 5467 5448 5439 5429 5438 5449 5453 5454 5456 5475 5495 5493 5466 5440 5416 5399 5391 5378 5377 5375
4156 4151 4142 4130 4111 4088 4064 4047 4043 4033 4052 4062 4078 4094 4139 4188 4183 4229 4292 4357 4419 4508 4623 4746 4845 4899 4985 5119 5269 5434 5722 5856 5680 5759 5802 5717 5702 5726 5727 5665 5611 5566 5539 5540 5565 5566 5536 5512 5522 5534 5542 5550 5568 5583 5595 5603 5616 5615 5605 5591 5577 5569 5563 5528 5488 5470 5465 5462 5466 5468 5463 5456 5452 5450 5482 5483 5461 5437 5412 5388 5375 5379 5380 5375
4160 4149 4135 4119 4097 4077 4058 4046 4047 4046 4058 4072 4081 4097 4137 4171 4180 4247 4356 4442 4496 4573 4657 4739 4815 4885 5018 5154 5297 5487 5758 5828 5694 5664 5661 5680 5689 5706 5704 5660 5585 5555 5558 5574 5583 5572 5543 5520 5506 5518 5525 5526 5542 5564 5585 5607 5613 5618 5608 5598 5588 5580 5568 5549 5524 5494 5478 5504 5511 5489 5475 5463 5450 5447 5458 5461 5449 5429 5408 5388 5379 5385 5387 5382
4178 4160 4142 4121 4100 4078 4058 4046 4059 4062 4061 4073 4088 4106 4145 4176 4189 4255 4348 4507 4583 4642 4697 4751 4793 4878 5057 5191 5326 5504 5799 5835 5742 5618 5609 5639 5657 5661 5643 5591 5562 5552 5565 5589 5582 5570 5550 5532 5523 5514 5517 5525 5541 5548 5554 5573 5591 5612 5606 5599 5593 5586 5579 5565 5547 5523 5510 5517 5514 5501 5488 5476 5467 5459 5455 5450 5441 5425 5408 5394 5388 5392 5402 5397
4195 4177 4159 4134 4115 4087 4064 4065 4073 4076 4074 4085 4105 4129 4160 4185 4193 4297 4446 4595 4683 4709 4732 4770 4812 4919 5103 5229 5396 5644 5924 5840 5754 5584 5562 5596 5613 5615 5583 5540 5530 5533 5545 5553 5565 5559 5550 5530 5506 5510 5521 5532 5542 5538 5531 5536 5544 5582 5594 5592 5589 5585 5583 5571 5548 5535 5526 5518 5510 5506 5498 5489 5486 5482 5459 5452 5441 5424 5405 5390 5387 5392 5398 5391
4214 4203 4185 4166 4135 4102 4073 4061 4094 4109 4112 4117 4133 4154 4174 4204 4223 4400 4629 4712 4776 4766 4768 4811 4872 5046 5179 5286 5501 5872 5987 5851 5633 5532 5530 5559 5564 5558 5539 5512 5500 5503 5532 5561 5581 5586 5552 5527 5527 5513 5524 5558 5552 5532 5514 5520 5534 5577 5580 5578 5576 5575 5562 5540 5528 5526 5530 5524 5518 5512 5504 5497 5495 5492 5484 5466 5446 5426 5404 5385 5383 5386 5375 5380
4260 4262 4252 4224 4186 4139 4096 4078 4112 4144 4174 4147 4178 4207 4228 4308 4412 4564 4741 4810 4814 4799 4814 4889 5011 5240 5378 5407 5581 5897 5980 5760 5568 5511 5506 5512 5521 5514 5504 5493 5487 5495 5529 5553 5582 5588 5548 5506 5510 5511 5527 5582 5568 5518 5505 5499 5513 5546 5554 5554 5554 5555 5545 5527 5517 5521 5521 5522 5531 5516 5502 5494 5485 5493 5501 5478 5454 5432 5411 5395 5387 5385 5380 5373
4344 4332 4317 4287 4239 4188 4141 4136 4151 4210 4229 4277 4276 4282 4327 4470 4669 4737 4808 4855 4844 4828 4844 4999 5148 5398 5437 5508 5662 5974 5827 5670 5586 5508 5496 5495 5495 5487 5486 5478 5483 5508 5522 5551 5562 5569 5534 5501 5490 5496 5509 5537 5512 5477 5439 5452 5462 5495 5514 5526 5530 5521 5519 5513 5492 5482 5480 5495 5508 5504 5495 5481 5472 5490 5498 5479 5458 5436 5418 5405 5395 5389 5381 5363
4491 4459 4417 4372 4324 4270 4214 4233 4302 4375 4417 4471 4486 4505 4550 4652 4750 4811 4872 4871 4892 4907 4968 5184 5410 5496 5529 5631 5803 5929 5759 5669 5628 5594 5499 5482 5490 5490 5478 5466 5468 5484 5496 5506 5516 5515 5512 5504 5495 5495 5497 5473 5453 5449 5436 5442 5452 5463 5486 5506 5515 5511 5498 5482 5449 5414 5436 5460 5472 5485 5490 5484 5473 5478 5481 5473 5457 5439 5422 5411 5406 5403 5390 5382
4709 4608 4551 4504 4454 4403 4361 4432 4528 4569 4603 4632 4611 4720 4858 4860 4855 4890 4963 4963 4985 5049 5180 5371 5534 5540 5605 5751 5988 5942 5751 5660 5609 5515 5482 5476 5485 5490 5475 5461 5455 5453 5466 5486 5496 5495 5497 5507 5508 5506 5524 5474 5454 5445 5447 5443 5449 5460 5476 5494 5507 5512 5482 5440 5430 5413 5423 5445 5459 5474 5493 5511 5497 5489 5481 5470 5457 5441 5426 5418 5420 5421 5422 5418
4780 4731 4689 4642 4598 4559 4551 4606 4690 4719 4737 4726 4737 4871 5031 5011 4991 5036 5027 5033 5076 5160 5312 5529 5666 5703 5760 5785 5793 5757 5632 5586 5568 5490 5460 5461 5470 5475 5468 5460 5453 5442 5449 5466 5474 5468 5477 5501 5515 5501 5506 5486 5468 5439 5444 5446 5451 5458 5471 5488 5501 5500 5472 5439 5439 5432 5435 5443 5443 5455 5487 5517 5515 5499 5484 5469 5454 5441 5431 5425 5429 5427 5422 5402
4903 4892 4853 4805 4767 4735 4692 4702 4790 4826 4831 4819 4776 4915 5059 5093 5083 5059 5067 5088 5177 5286 5443 5651 5765 5779 5839 5770 5667 5570 5497 5513 5512 5474 5454 5456 5451 5455 5461 5459 5453 5444 5445 5456 5467 5468 5472 5483 5482 5475 5479 5463 5431 5421 5429 5438 5447 5459 5470 5480 5486 5486 5454 5454 5427 5449 5463 5454 5439 5443 5478 5499 5500 5504 5479 5460 5446 5437 5433 5433 5436 5423 5405 5396
5228 5110 5035 4978 4930 4917 4980 4921 4955 5006 4884 4718 4749 4962 5113 5175 5164 5128 5154 5235 5298 5388 5533 5700 5757 5745 5848 5723 5573 5526 5544 5503 5475 5446 5462 5465 5468 5462 5460 5458 5451 5436 5429 5449 5472 5476 5482 5479 5478 5460 5452 5435 5410 5411 5421 5419 5433 5448 5465 5455 5450 5435 5407 5337 5253 5351 5466 5467 5452 5452 5479 5495 5487 5475 5457 5444 5435 5430 5430 5435 5446 5449 5412 5365
5317 5253 5197 5135 5079 5016 4971 4949 5009 5062 4956 4757 4803 5121 5274 5281 5283 5255 5294 5360 5458 5477 5567 5677 5681 5628 5683 5640 5580 5534 5524 5511 5488 5490 5482 5476 5472 5466 5459 5455 5454 5434 5422 5443 5465 5477 5486 5472 5454 5429 5434 5422 5409 5413 5418 5422 5415 5407 5406 5409 5422 5417 5389 5340 5282 5380 5484 5477 5465 5465 5488 5494 5467 5436 5430 5425 5421 5418 5413 5429 5445 5453 5415 5375
5410 5397 5358 5297 5234 5135 5030 5033 5066 5055 5077 5023 5028 5201 5320 5376 5427 5483 5566 5682 5686 5673 5608 5592 5582 5527 5515 5567 5586 5582 5577 5529 5512 5484 5477 5466 5465 5458 5452 5448 5443 5437 5436 5442 5456 5466 5471 5460 5449 5424 5426 5422 5420 5409 5409 5418 5388 5358 5326 5357 5397 5409 5400 5416 5468 5443 5465 5474 5472 5480 5501 5498 5451 5413 5406 5404 5405 5408 5421 5422 5435 5429 5406 5380
5698 5630 5528 5460 5405 5380 5378 5353 5294 5261 5289 5307 5270 5206 5319 5438 5533 5670 5722 5726 5645 5586 5583 5567 5549 5530 5520 5542 5576 5583 5561 5510 5480 5474 5461 5442 5436 5439 5440 5440 5440 5434 5425 5426 5439 5446 5446 5444 5432 5433 5442 5421 5394 5382 5386 5380 5358 5327 5301 5319 5354 5377 5393 5409 5421 5442 5452 5462 5465 5469 5491 5482 5436 5402 5387 5387 5392 5398 5406 5411 5419 5428 5405 5386
