real_craters/C176-500m.grd
DSAA
284 284
-70.805 70.805
-70.805 70.805
8076.2691305612 10811.221674705
[rows 60 to 89 of 284, columns 201 to 267 of 284]
10026.2 10026.5 10028.4 10030.3 10029.9 10031.5 10035.1 10041.9 10051.1 10062.3 10076 10088.3 10099.3 10110.6 10121.7 10133.8 10143.1 10150.8 10153 10152.4 10150.8 10153 10160.9 10167.8 10176.1 10175.7 10174.5 10172.5 10171.6 10170.4 10168.4 10166.8 10163.7 10162.3 10159.6 10156.9 10154.1 10151 10147 10146 10152.2 10159.7 10166.5 10172.8 10168.1 10164.7 10170.1 10172.7 10170.4 10169.9 10170.5 10172.7 10176.3 10184.2 10173 10163.4 10156.9 10153.6 10153.3 10154.6 10161.5 10168.6 10171.2 10169 10166.3 10167.9 10191.9
10031.1 10029.1 10029.4 10030.5 10031.5 10034.3 10039 10045.5 10052.3 10065.1 10078.7 10090.4 10101.3 10111.7 10122.8 10139 10154.7 10166.8 10173.5 10169.8 10165.2 10178.1 10164.7 10186 10188.8 10187.5 10186.5 10183.3 10179.7 10176.1 10171.9 10169.7 10166 10164.2 10161.3 10158.3 10155.6 10152 10149.2 10152 10160.4 10172 10180.4 10187.1 10180.3 10182.8 10187 10189.1 10186.9 10181.1 10178 10178.3 10181.3 10187.3 10177.3 10166 10159 10155.7 10155.1 10155.7 10161.2 10166.7 10171.9 10177.7 10185.7 10186.6 10186.1
10036.4 10032.1 10032.9 10033.1 10033.8 10037.3 10042.9 10049.4 10055.6 10071.6 10083.3 10093.7 10102.9 10111.7 10122.2 10141.2 10159.8 10178.9 10190.4 10189.8 10114.2 10077.1 10122 10185.5 10188.3 10188.5 10186.6 10184.2 10180.7 10177.2 10173 10168.2 10168.2 10166.3 10164.2 10161.8 10159.1 10156.1 10153.2 10156.5 10171.6 10184.4 10195.2 10195.9 10193.4 10196.5 10200 10202 10196.9 10186.8 10178.8 10174.6 10172.8 10175.6 10168 10161.5 10157.5 10156 10155.4 10155.8 10157.8 10158.8 10168.8 10181 10190.5 10193.9 10188.1
10040.7 10034.6 10024.8 10030.2 10036.7 10040.7 10044.2 10049.2 10060.3 10080.6 10088.8 10095.8 10104.4 10111.9 10125.7 10144.4 10163.7 10180.4 10192.1 10173.8 10055.4 10016.8 10063.2 10134.2 10166.1 10177.7 10180.4 10179.9 10178 10174.9 10172.2 10168.9 10170.5 10168.7 10167 10165.5 10164 10163.3 10163.8 10170.8 10184.7 10190.8 10195.3 10196.5 10201.3 10204.6 10204.2 10205.6 10198.1 10184.8 10172.9 10163.3 10155.6 10154.1 10153 10152.2 10152.2 10152.9 10153.6 10153.9 10154.1 10152.8 10168.1 10184.3 10195.6 10200.6 10182.4
10046.7 10045.4 10049.7 10042.4 10045.1 10047.3 10047.5 10048.3 10063.7 10082.4 10089.3 10095.7 10105 10114.4 10128 10144.6 10161 10175.3 10185.1 10171.5 10056.6 10013.4 10046.3 10111.2 10157.9 10174.6 10179.8 10180.8 10179.3 10177.1 10175.1 10174.4 10173.4 10173.6 10169.6 10169.1 10170.1 10171.9 10175.6 10181.5 10188.6 10193.7 10197.2 10201.2 10205.8 10206.8 10202.9 10193.3 10188.2 10176 10162 10148.2 10133.9 10130.4 10137 10142.4 10147 10150.5 10154.2 10157 10159.6 10161 10176.1 10190 10197.4 10195.5 10166.6
10053.1 10055.8 10057.8 10057.5 10056.4 10057.1 10058 10060.9 10066.8 10075.2 10083.2 10094.3 10105 10113.4 10126.7 10142.7 10155.6 10164.8 10167.8 10163.1 10130.9 10079.8 10093.9 10150.3 10170.5 10175.5 10178.8 10179.5 10178.5 10176.6 10175.2 10174.9 10174.8 10173.6 10171.8 10172.6 10174.8 10178.8 10185.4 10194.6 10195.6 10199.2 10203.4 10212.8 10209.4 10212.1 10206.8 10203 10180.8 10165.6 10151.4 10136 10119.5 10117.5 10126.1 10135.8 10144.1 10150.9 10158.2 10163.7 10170.8 10178.5 10188.7 10200.5 10206.9 10205.4 10170.7
10054.7 10061 10067.4 10065.8 10065.6 10067.4 10070.6 10071.3 10071.4 10070.3 10078.2 10094.1 10109.1 10120.6 10131 10140.5 10147.4 10150 10147.4 10143.6 10159.3 10154.6 10165.3 10162.6 10168.1 10172.6 10176.7 10177.6 10177.3 10176.1 10172.7 10173.7 10172.5 10171.4 10173.2 10175.1 10178.4 10183.8 10190.8 10199.7 10206.9 10208.1 10211.4 10210.7 10200.3 10184.5 10197.7 10171.1 10163 10155.9 10144.5 10128.8 10114.8 10114.9 10124.2 10134.8 10145.4 10154.4 10163.9 10170.8 10178.1 10186.8 10198.9 10211.3 10224 10215.6 10183.1
10053.6 10059.9 10065.1 10068.9 10071.7 10076.1 10083.4 10094.5 10092.3 10081.1 10083.9 10098.8 10115.2 10133.1 10136.2 10138.9 10141 10140.6 10138.5 10139.9 10149.4 10160 10165.6 10162.4 10163.2 10168.4 10171.8 10174.8 10174.5 10172.3 10167.7 10163.4 10164.4 10168.8 10172.9 10176.4 10180.3 10185.2 10190.8 10198.7 10205.2 10208.6 10206.2 10205.7 10198.5 10183.5 10178.5 10166 10157.9 10151.2 10142.4 10130.2 10121.2 10121.7 10128.6 10138.5 10150 10159.9 10169.3 10177.1 10183.9 10191.7 10202.8 10212.7 10226.3 10210 10188.6
10053.8 10058.8 10064.3 10070.6 10076.2 10081.6 10088.3 10097.1 10099.7 10093.9 10095.7 10107.3 10119.4 10128.8 10137.3 10141.1 10142.4 10140.9 10137.6 10136.2 10143.8 10152.5 10155 10158.2 10162 10166.3 10168.5 10170.8 10170.6 10168.8 10164.2 10160.3 10161.8 10166.3 10170.8 10174.6 10178.9 10182.4 10186.4 10189.2 10196.6 10201 10199.1 10190.7 10184.5 10177.6 10170.6 10164.8 10158.6 10151.6 10144.7 10135.4 10129.4 10131 10136.6 10144.8 10153.9 10164.5 10174.4 10185.3 10193 10200.1 10205.1 10206.2 10199.6 10198.8 10195.7
10056.5 10059.8 10065.9 10074.5 10080.8 10085.8 10089.1 10091.4 10101.4 10106.7 10108.8 10121.8 10129.5 10133.9 10143.4 10148.2 10149.8 10148.2 10144 10139.9 10142.8 10146.7 10148.5 10155.2 10162.6 10166.1 10167.2 10167.7 10167.6 10164 10162.7 10160.8 10161.1 10166.3 10170.5 10174.7 10178 10181 10183.5 10185.5 10190.7 10190.6 10189.3 10185 10181.2 10177.5 10170.8 10166.2 10160.7 10154.7 10149.6 10144.1 10143.9 10141.6 10144 10150.2 10157.9 10167.8 10178.9 10191.8 10202.4 10207.8 10208.9 10206.1 10199.8 10198.8 10199.9
10061.8 10064.4 10072.1 10081.9 10088.3 10093 10094.9 10097.8 10118.7 10129.5 10140.5 10143.4 10148.3 10153.2 10155.8 10158.5 10159.8 10160.3 10160.2 10154.4 10148 10145.5 10145.2 10152.2 10162.6 10165.5 10166.6 10167 10166.8 10166.2 10164.5 10164.4 10166.5 10168.1 10170.6 10173.7 10177.6 10179.8 10182.1 10183.9 10190.6 10197.2 10192.1 10187.4 10180.8 10179 10172.3 10166.3 10162.8 10157.3 10152.2 10147.8 10149.5 10147.3 10149.9 10155.4 10162.5 10171.9 10181.7 10194.2 10209.2 10212.9 10215.1 10214.4 10209.4 10206.5 10201.9
10069 10076.9 10085 10093.1 10099.6 10103.5 10106 10113.1 10139 10147.9 10158.3 10161 10164.5 10167.4 10168.6 10169.9 10171.2 10172.1 10173.5 10167.4 10151.5 10148.3 10146.4 10151.9 10162.3 10165.8 10167 10167.1 10167.2 10167 10165.9 10167.4 10169.3 10170.4 10170.7 10172.5 10174.3 10178.4 10182.5 10188 10196.4 10199.4 10196 10182.9 10182.5 10178.2 10173.6 10170.8 10165.9 10160.2 10154.2 10146.4 10144.7 10147.8 10152.6 10158.6 10165.7 10174.2 10183.3 10192.5 10197.6 10211.7 10221.3 10228.9 10230.7 10220.2 10201.4
10077.1 10092.8 10101.2 10108.2 10115.2 10120.1 10123.5 10126.2 10140.8 10155.7 10164.8 10170.4 10175.6 10178.4 10179.1 10180.2 10181.3 10181.6 10179.9 10173.6 10159.7 10154.8 10155.9 10160.5 10165.3 10168.2 10168.6 10168.2 10167.8 10167.5 10166.5 10168.9 10173.4 10170.7 10169.4 10170.2 10172.1 10175.5 10180.2 10187.4 10196.5 10195.9 10189.2 10177 10174.5 10171.1 10171.8 10171.9 10168.1 10162.8 10156.5 10146.1 10142.9 10149.7 10155.1 10161 10167.4 10174.9 10183.7 10193.3 10202.5 10213.9 10226.8 10239.2 10243.3 10235 10221.2
10088.2 10104.1 10115.4 10124.1 10130.8 10140.9 10152.9 10156.1 10158 10166.5 10175.9 10181.2 10182.7 10184.9 10187 10187 10188.1 10188.7 10187.7 10174.4 10161.6 10160.2 10163.7 10168.1 10170.6 10170.3 10169.5 10168.5 10167.6 10166.9 10166.2 10166 10165.6 10166.1 10166.1 10167.6 10169.5 10171.8 10175.1 10179.4 10181.1 10177.3 10173.6 10166.4 10161.1 10163.1 10166.1 10172.5 10170.5 10166.4 10162.2 10158 10155 10154.7 10157.4 10161.8 10167.2 10174.5 10182.6 10193.6 10205.3 10214 10225.9 10238.7 10243.2 10237.5 10238.7
10104.8 10118.6 10130 10138.7 10150.4 10163.3 10179.7 10193.7 10175.1 10186.9 10199.2 10202.9 10196.1 10197.4 10198 10195.8 10192.9 10191.9 10187.7 10166.5 10159.8 10163.5 10169.9 10175 10173.6 10171.5 10169.7 10168.4 10167.1 10165.5 10164.1 10162.5 10163.3 10162.8 10161.4 10163.8 10166.6 10169 10169.7 10169.2 10165.8 10164.7 10163.1 10161.5 10161.2 10162.1 10168.5 10172 10171.1 10168 10164 10164.1 10161.9 10159.1 10160.2 10162.7 10166.4 10172.1 10178.8 10187.4 10198.4 10209.7 10220.4 10227.2 10228.7 10223.5 10228.2
10138.9 10146.6 10143.3 10148.1 10160.5 10175.8 10186.1 10195.3 10207.4 10226.8 10245 10246.4 10233.6 10221.7 10213.7 10204.4 10195.1 10185.5 10174.7 10163.5 10161.3 10165.5 10172.2 10179.6 10174 10170.3 10168.8 10167.5 10165.9 10164 10161.5 10157.2 10153.7 10149.7 10154.7 10161.1 10164.4 10165.8 10164.5 10161.8 10156.2 10155.9 10159.9 10163.8 10163.9 10159.5 10159 10170.8 10170.2 10166.7 10162 10159.9 10159.5 10159.1 10160.1 10161.8 10164.7 10168.7 10173.7 10179.3 10189.9 10204.4 10215.5 10221.2 10221.2 10218.2 10219.5
10174.2 10149.9 10144.9 10146.8 10157.8 10182 10213.1 10231.7 10264.4 10285.5 10272.5 10255.2 10253.9 10241.6 10226.4 10212.4 10195.5 10177.6 10167 10164 10164.2 10166.8 10169.6 10168.7 10169.5 10168.2 10167.8 10166.8 10165.3 10163.4 10160.2 10154.7 10138.4 10135.5 10154.9 10161.6 10163.8 10163.6 10162.8 10159.9 10156.6 10159.2 10160.4 10161.4 10161.6 10162.9 10162.8 10168 10166.6 10163.7 10159.3 10154.2 10156.4 10157.9 10158.9 10160.3 10162.1 10165.7 10170.1 10175.7 10187.4 10202.4 10214.9 10221.2 10219.8 10215.7 10215.6
10157.6 10144 10133.4 10127.1 10131.5 10154.1 10219.2 10226.4 10236.3 10261.1 10282.2 10331 10268.9 10262.4 10239.6 10218.6 10197.2 10175.3 10166.1 10167.3 10167 10167.6 10167.8 10167.8 10167.6 10167.3 10167.6 10166.8 10165.9 10164.8 10163.5 10162.6 10167.2 10176 10167.4 10165.9 10165.3 10164.7 10163.4 10162.4 10161.2 10163 10163 10163.7 10164.4 10163.6 10162 10162.3 10162 10161 10159.3 10160.7 10157.6 10157.5 10157.7 10158.6 10159.9 10162.8 10166.7 10172.5 10186.3 10202.9 10217.9 10225.6 10220.9 10213.2 10210.5
10144.2 10133.7 10114.6 10094.7 10077.3 10068.5 10064.9 10065.6 10050 10066.8 10195.9 10342.9 10355.9 10281.7 10244.2 10219.4 10197.8 10178.4 10170 10170 10169.2 10168.7 10168.1 10166.5 10167.2 10168.4 10167.7 10166.7 10166.2 10166.1 10166.8 10169.3 10175.5 10179.1 10173.6 10169.4 10167.2 10165.9 10165.2 10165.4 10166.3 10163.5 10163.2 10163 10162.8 10157.9 10160.9 10158.5 10158.1 10158.8 10158.9 10159.1 10158.6 10157.9 10157.8 10158.1 10158.7 10159.9 10163.4 10170.7 10185 10203.4 10221.2 10232.2 10220.7 10209.6 10205.7
10142 10125.1 10094.4 10055.4 10010.9 9968.14 9933.1 9906.19 9878.71 9890.5 10026.4 10169.5 10239.1 10231.9 10218.4 10209.1 10197.7 10196.9 10176 10172.8 10172.1 10170.7 10169.7 10168.9 10168.3 10168.5 10167.1 10166.3 10166.2 10166.9 10168.5 10170.9 10173.5 10172.8 10173.2 10171.1 10169 10168 10167.3 10167.7 10167.5 10163.5 10161.9 10160.7 10158.1 10159.2 10158 10159.2 10157 10157.3 10158.5 10159.2 10159.2 10158.2 10157.6 10157.1 10156.5 10157.3 10159.5 10165.9 10183 10201.8 10218.9 10227.3 10216.8 10207.7 10204.1
10144.9 10126.1 10077.8 10017.3 9948.24 9876.25 9819.38 9779.81 9752.35 9760.9 9858.1 9978.11 10078.7 10144.3 10174.5 10186.4 10186.8 10186.1 10179.3 10177.4 10175.4 10173.7 10171.9 10169.9 10168 10165.5 10165.1 10165.3 10165.7 10166.7 10168.5 10170.5 10172.6 10174.2 10173.5 10171.6 10170.2 10168.9 10168.2 10168 10167.8 10162.4 10162.5 10160.4 10157.6 10158.8 10157.1 10159.9 10154.4 10156.7 10159.1 10161 10159.1 10158 10156.9 10155.9 10155.4 10155.7 10157.5 10163.4 10181.5 10199.9 10213.3 10217.4 10211.1 10206.7 10209
10151.8 10138.7 10078.7 9997.23 9903.72 9803.73 9724.35 9690.73 9666.58 9663.36 9731.88 9833.67 9974.12 10071.4 10129.9 10164.9 10181.8 10184.3 10181.7 10183 10180.8 10177.7 10174.3 10171.2 10168.4 10166.1 10164.5 10164.1 10164.7 10165.8 10167.5 10169.2 10171.5 10173.4 10172.8 10170.4 10168.7 10167.9 10167.2 10166.1 10164.7 10161.5 10162.7 10160.1 10157 10154.6 10154.7 10157 10156.3 10157.5 10158.9 10160.7 10159.8 10158.5 10157 10155.9 10155.1 10155.3 10158.4 10167.6 10183 10200.8 10214.5 10218.1 10213.7 10213.1 10217.9
10162.5 10157.1 10088.4 9995.12 9886.6 9772.08 9686.67 9653.92 9630.3 9623 9667.82 9760.72 9919.81 10033.7 10109.7 10153.4 10182.5 10196.2 10188.7 10190.1 10186.3 10181.4 10176.5 10172.2 10168.7 10164.6 10162.3 10162.6 10163.5 10164.5 10165.8 10166.8 10167.8 10168.9 10167.8 10166.6 10166.2 10165.8 10165.2 10164.2 10161.5 10159.8 10162.7 10160.3 10158.2 10154.8 10154.1 10156.5 10157.6 10160 10162.4 10163.1 10162 10160.3 10158.6 10157.1 10156.4 10156.4 10159 10168 10184.6 10203 10219.4 10223.2 10219.9 10219 10223.3
10168.3 10178.2 10106.9 10010.1 9899.77 9790.28 9710.53 9672.72 9644.39 9628.19 9661.37 9756.85 9911.99 10036 10116 10161 10184.8 10192.5 10201.8 10198.5 10190.2 10183.2 10177 10171.5 10166.4 10162.5 10160.7 10161.4 10162.5 10163.3 10163.5 10163.7 10162.9 10160.5 10159.7 10162.1 10163.8 10164.3 10164.6 10164.1 10162.7 10160.9 10160.8 10160.5 10160.2 10158.7 10156.9 10159.5 10160 10163 10166.9 10166.8 10164 10161.7 10159.9 10158.6 10158 10157.9 10157.5 10167.5 10185.1 10203.1 10218.3 10221.3 10218.9 10218.9 10221.6
10174.3 10181.8 10127.8 10045.4 9943.75 9841.45 9775.76 9739.73 9707.94 9684.63 9709.64 9816.19 9986.1 10092.2 10152.3 10182.9 10195.1 10193.9 10201.3 10197.2 10190.8 10183.7 10176.9 10170.6 10165.5 10161.8 10159.8 10161.2 10161.9 10162.1 10162 10162 10160.3 10157.2 10156.3 10159.9 10162 10163.2 10164 10164.9 10166.8 10163.5 10163.1 10159.4 10160.6 10157.1 10158.1 10162 10164.6 10166.1 10166.6 10167.6 10165.5 10163.3 10161.3 10160.3 10160.2 10161.5 10166.2 10172.8 10184.9 10199.6 10217.3 10214.8 10208 10214.8 10217.3
10185.5 10189.7 10158.5 10097 10017.8 9924.26 9874.29 9848.1 9821.32 9803.45 9828.84 9948.08 10113.5 10187.1 10206.6 10213.1 10216.8 10211.2 10198 10195.4 10189.9 10183.2 10176.3 10169.6 10163.7 10162.1 10163.4 10163 10162.5 10162 10161.9 10161 10159.5 10158.7 10157.5 10160.3 10161.9 10163.2 10163.7 10164.4 10164.1 10162.3 10163 10161.2 10159.4 10161.4 10160.4 10162.9 10166.7 10171.5 10172.5 10170.3 10167.1 10164.7 10162.7 10161.9 10162.1 10164.3 10169.7 10174.6 10182.3 10191.3 10198.7 10208.1 10212.1 10215.6 10217.4
10197.6 10212.7 10200.6 10168.2 10124.7 10064 10019.1 9985.3 9968.47 9971.97 10008.4 10133.6 10295.1 10287.8 10256 10237.2 10225 10216.1 10201.9 10194.8 10188.7 10182.2 10174.7 10169 10165 10164.4 10165.2 10165.2 10163.2 10162 10160.7 10160.3 10160.3 10160.9 10163 10162.2 10162.4 10163.3 10163.5 10163.4 10162.8 10161.2 10161.5 10161.4 10162 10162 10160.4 10165.1 10172.7 10174.4 10176.1 10171.3 10167.6 10165.2 10163.4 10162.5 10162.4 10163.8 10166.9 10171.6 10177.5 10184.2 10192.7 10204.3 10214.6 10217.5 10221.3
10203.8 10228.5 10240.1 10238 10237.5 10248.9 10169.5 10122.2 10112.1 10146.4 10229.4 10293.3 10341.2 10303.3 10265 10240.2 10225.6 10215.8 10209.3 10195.1 10185.9 10178.8 10172.9 10168.7 10164.7 10163.8 10166.8 10163.6 10161 10159.9 10159.6 10159.9 10160.5 10161.9 10163.1 10163.3 10163.1 10163.1 10163.2 10162.5 10161.6 10160.6 10161.1 10163.9 10168.1 10164.6 10165.8 10165.1 10164.1 10164 10167.7 10167.7 10166.6 10165.7 10164.2 10163.1 10162.3 10162.5 10164.4 10167.7 10172.3 10177.7 10187.5 10198.6 10208.9 10217.1 10224
10213.8 10249.8 10273.5 10285.9 10296.2 10291.1 10252.4 10214.4 10205.4 10239.6 10316.8 10315.5 10259.1 10245.4 10239.2 10224.8 10205.4 10202.5 10198.2 10190.8 10183.3 10177.1 10172.4 10167.6 10164.6 10163 10158.2 10157.3 10157.8 10158.1 10158.5 10159.1 10160.2 10161.6 10163.1 10163.4 10163.5 10163.7 10164.2 10163.8 10162.8 10161.6 10161.6 10167.4 10173.1 10173.7 10175.5 10169.5 10165.2 10158.4 10160.2 10164 10165.3 10165.2 10164.9 10163.8 10162.6 10161.6 10161.7 10165.7 10168.8 10170.7 10177.9 10194.3 10207.5 10216.7 10226
10224.7 10273.5 10297.7 10291.8 10313.2 10319.6 10282.1 10251.5 10239.1 10239.7 10231.1 10245 10226.6 10213.9 10211.8 10206.1 10197.9 10186.4 10185.6 10183.8 10179.3 10174.8 10170.4 10165.9 10161.3 10156.4 10155.1 10155.1 10155.5 10155.9 10156.7 10158.1 10159.1 10160.3 10162 10162.5 10163.3 10164.3 10165.6 10167.3 10165.9 10164.1 10164.4 10170.7 10171.9 10172.8 10178.1 10174 10169.2 10165.5 10162.6 10165.6 10167.7 10168.3 10166.9 10165.8 10164.5 10163.2 10163.6 10166.1 10169.1 10173.5 10179.2 10188 10202.2 10217.6 10233
