real_craters/C176-1000m.grd
DSAA
82 82
-40.46 40.46
-40.46 40.46
4124.1329366599 5815.7842965983
[rows 0 to 29 of 82, columns 0 to 66 of 82]
5295.3 5296.68 5332.02 5335.41 5369.37 5374.13 5382.09 5396.04 5398.33 5382.84 5375.04 5381.05 5392.78 5399.22 5402.26 5403.16 5400.15 5403.34 5416.66 5424.45 5423.09 5420.78 5426.04 5433.87 5443.55 5464.76 5472.88 5495.84 5519.51 5528.07 5555.62 5580.92 5557.09 5555.14 5557.66 5548.12 5536.71 5526.52 5510.14 5518.17 5518.7 5513.81 5500.29 5486.34 5479.88 5476.96 5478.62 5479.03 5486.06 5482.51 5475.6 5463.84 5457.94 5452.14 5475.34 5495.63 5487.7 5471.38 5465.18 5453.77 5451.66 5443.51 5427.8 5413.71 5402.99 5402.68 5392.81
5297.73 5309.85 5313.17 5327.45 5332.6 5364.05 5384.65 5387.19 5394.44 5369.91 5364.96 5372.38 5388.48 5393.7 5387.04 5390.23 5389.53 5394.58 5409.31 5423.46 5421.54 5418.18 5434.1 5431.29 5431.14 5450.81 5476.27 5493.48 5495.11 5502.91 5525.03 5548.55 5540.97 5538.14 5546.71 5546.06 5547.98 5534.48 5532.67 5523.32 5517.13 5517.34 5516.34 5487.43 5478.57 5472.05 5468.81 5469.4 5471.33 5465.53 5465.78 5460.49 5447.58 5459.47 5492.4 5504.59 5491.52 5482.72 5466.42 5448.6 5444.27 5429.31 5417.59 5404.34 5392.56 5394.73 5387.57
5275.85 5287.74 5294.24 5299.42 5306.08 5345.36 5365.4 5359.73 5342.85 5342.84 5347.59 5356.39 5364.19 5379.14 5394.87 5392.25 5388.72 5393.52 5415.77 5426.56 5422.16 5419.75 5426.59 5438.6 5424.54 5434.53 5472.49 5494.22 5496.68 5490.79 5514.1 5521.65 5520.31 5525.15 5538.22 5560.8 5537.51 5529.83 5525.96 5514.26 5508.55 5507.34 5505.27 5494.01 5481.13 5472.15 5470.33 5468.8 5464.56 5461.18 5460.42 5457.63 5452.7 5476.36 5498.02 5497.84 5484.54 5474.14 5464.84 5451.19 5422.45 5415.23 5408.2 5400.13 5391.64 5389.61 5388.47
5260.62 5272.24 5269.22 5270.31 5290.01 5317.08 5334.1 5337.33 5342.07 5348.53 5343.32 5343.44 5355.49 5362.9 5374.38 5386.91 5393.82 5406.05 5423.85 5434.38 5415.58 5413.92 5413.53 5437.96 5428.73 5438.88 5470.45 5493.35 5503.65 5504.23 5507.9 5514.14 5510.74 5506.07 5511.59 5518.03 5516.07 5510.62 5508.11 5493.37 5492.05 5493.53 5492.28 5490.69 5482.7 5476.41 5467.17 5467.33 5465.58 5461.28 5456.27 5449.71 5457.78 5491.28 5494.13 5491.66 5470.88 5461.42 5453.62 5448.29 5427.05 5411.52 5404.04 5399.87 5396.01 5389.05 5385.15
5233.05 5238.12 5246.3 5238.19 5254.32 5280.77 5296.78 5308.02 5314.28 5317.56 5324.99 5327.85 5332.94 5348.79 5366.27 5379.6 5392.64 5393.14 5399 5385.78 5404.26 5422.29 5428.78 5437.2 5447.71 5463.84 5478.91 5494.75 5505.68 5508.42 5499.13 5483.42 5472.21 5479.09 5480.79 5476.06 5487.22 5486.91 5477 5473.05 5478.39 5478.65 5483.02 5485.26 5481.79 5477.13 5465.53 5462.44 5460.95 5461.11 5460.63 5451.65 5459.62 5502.98 5489.52 5471.38 5464 5449.66 5446.09 5440.47 5420.78 5409.29 5399.53 5393.88 5393.66 5386.97 5381.39
5208.72 5224.06 5242.69 5265.33 5273.66 5266.59 5277.05 5284.2 5290.12 5304.71 5309.26 5318.53 5324.86 5338.49 5351.82 5371.78 5391.58 5413.73 5424.62 5430.86 5434.76 5439.07 5454.03 5446.99 5453.84 5472.21 5488.64 5500.62 5509.38 5495.94 5480.03 5467.51 5457.1 5462.4 5465.33 5463.62 5468.67 5471.1 5471.23 5483.47 5480.39 5479.53 5477.18 5482.99 5480.8 5473.84 5465.69 5465.69 5449.46 5459.33 5465.8 5479.14 5492.58 5507.84 5490.95 5478.19 5469.43 5463.11 5435.97 5420.98 5418.06 5406.3 5392.99 5382.05 5385.24 5380.72 5374.25
5203.04 5219.1 5237.89 5262.84 5260.3 5274 5273.47 5274.87 5279.43 5287.33 5297.67 5311.4 5324.04 5333.07 5347.02 5362.14 5383.69 5403.25 5402.97 5409.13 5420.23 5438.35 5459.29 5474.45 5480.49 5479.23 5498.1 5526.68 5495.36 5464.53 5458.96 5456.46 5452.72 5457.45 5461.8 5456.57 5459.99 5460.49 5460.8 5465.17 5477.09 5476.2 5477.33 5481.49 5481.24 5471.56 5455.76 5454.22 5441.93 5459.42 5491.92 5516.29 5517.8 5501.75 5480.46 5464.1 5463.13 5450.39 5429.53 5411.92 5405.94 5398.6 5388.66 5377.28 5382.32 5378.24 5369.76
5192.07 5204.95 5217.85 5232.82 5244.27 5269.82 5268.86 5260.85 5274.98 5284.98 5282.88 5290.44 5301.9 5311.65 5327.83 5342.94 5363.73 5392.39 5387.78 5377.72 5381.57 5402.71 5414.43 5403.09 5459.43 5490.54 5509.91 5495.79 5472.83 5453.72 5448.58 5450.29 5453.51 5456.8 5459.99 5456.71 5452.72 5453.95 5453.07 5447.29 5457.34 5460.14 5464.94 5474.55 5483.82 5472.61 5444.25 5442.76 5455.67 5513.82 5546.46 5540.91 5523.56 5499.99 5473.36 5468.13 5457.79 5441.56 5419.36 5406.51 5398.78 5393.88 5387.06 5383.41 5366.56 5363.38 5364.19
5196.51 5193.48 5192.13 5206.74 5249.94 5259.12 5269.79 5255.94 5245.17 5249.26 5261.37 5266.33 5273.94 5282.45 5297.1 5316.53 5332.22 5336.39 5342.03 5338.22 5343.11 5366.06 5410.16 5415.87 5439.63 5487.43 5516.68 5496.35 5473.62 5449.96 5445.75 5447.64 5452.53 5456.33 5459.5 5454.38 5449.82 5450.99 5450.94 5448.31 5442.03 5446.01 5451.62 5467.69 5476.2 5471.31 5457.04 5462.41 5534.2 5556.06 5567.28 5542.83 5511.39 5486.97 5466.18 5455.68 5442.52 5425.85 5415.39 5410.78 5408.4 5399.84 5380.63 5359.76 5364.46 5357.15 5360.92
5210.74 5193.22 5184.02 5198.35 5259.54 5287.17 5276.48 5280.84 5245.08 5235.21 5245.73 5250.81 5259.95 5264.16 5277.53 5295.56 5306.53 5312.14 5321.26 5315.7 5311.4 5334.56 5344.89 5400.6 5424.35 5466.89 5493.53 5499.42 5497.57 5451.4 5445.21 5441.94 5448.65 5453.63 5459.47 5454.13 5431.84 5433.36 5457.72 5449.2 5444.8 5450.56 5454.64 5455.95 5451.33 5473.13 5481.5 5506.21 5552.81 5559.06 5545.71 5525.17 5502.8 5480.46 5464.85 5455.89 5439.99 5413.29 5386.95 5409.25 5407.79 5398.04 5375.64 5354.32 5358.66 5360.71 5358.3
5218.61 5197.09 5199.23 5209.69 5230.66 5253.13 5256.54 5246.89 5247.73 5237.29 5235.69 5262.24 5262.21 5266.79 5278.78 5290.13 5293.12 5294.6 5301.06 5302.09 5305.28 5316.13 5333.2 5350.26 5394.31 5440.02 5493.95 5517.94 5502.84 5501.03 5457.11 5428.65 5434.66 5448.21 5458.53 5452.55 5439.28 5447.11 5454.61 5451.29 5445.16 5447.73 5449.45 5452.45 5474.24 5503.67 5530.69 5555.97 5564.02 5553.69 5542.96 5514.57 5488.95 5467.69 5453.11 5433.98 5425.48 5410.76 5404.91 5402.38 5402.81 5395.97 5378.22 5360.97 5348.56 5340.07 5342.38
5204.18 5199.09 5206.7 5206.93 5203.26 5214.92 5240.01 5257.72 5247.95 5221.45 5187.19 5150.58 5226.27 5275.1 5283.11 5284.02 5286.28 5283.28 5287.61 5287.88 5290.68 5304.71 5324.84 5347.23 5354.88 5404.21 5453.56 5475.79 5477.8 5463.48 5431.18 5419.86 5444.99 5455.67 5448.68 5451.5 5443.89 5435.51 5452.35 5455.47 5450.87 5444.62 5447.87 5454.77 5495.54 5541.54 5571.55 5579.57 5570.82 5557.54 5539.86 5511.93 5481.4 5457.51 5452 5438.08 5423.12 5406.73 5389.98 5391.49 5397.81 5395.55 5380.42 5363.73 5351.78 5349.25 5352.01
5164.27 5181.56 5166.32 5179.41 5199.09 5187.29 5206.28 5224.92 5223.06 5215.1 5195.44 5168.12 5216.31 5278.81 5283.18 5288.55 5288.27 5280.85 5275.04 5275.8 5287.14 5298.59 5307.09 5320.52 5338.98 5374.2 5408.18 5431.9 5448.27 5423.14 5406.25 5429.28 5463.4 5470.62 5446.96 5455.03 5474.26 5481.85 5474.72 5465.65 5459.83 5457.77 5461.17 5476.2 5516.87 5565.38 5589.32 5584.49 5580.01 5559.32 5523.68 5494.72 5462.68 5445.21 5435 5435.49 5433.43 5423.19 5409.01 5401.59 5397.69 5390.46 5378.18 5372.96 5366.38 5356.06 5349.71
5128.67 5158.64 5121.91 5144.14 5179.8 5172.03 5169.2 5193.77 5212.45 5217.3 5222.05 5234.05 5237.59 5248.65 5267.51 5262.72 5270.16 5279.88 5269.87 5274.5 5287.63 5295.25 5298.58 5305.52 5330.85 5357.11 5370.62 5378.85 5401.13 5418.61 5432.71 5440.62 5459.06 5455.61 5460.03 5485.95 5522.5 5534.12 5508.74 5483.3 5474.89 5476.99 5481.44 5495 5538.59 5575.89 5597.96 5584.98 5566.23 5529.76 5514.62 5480.95 5444.4 5437.27 5426.07 5434.36 5436.53 5434.41 5406.49 5399.08 5399.21 5397.39 5384.02 5373.07 5365.16 5355.77 5352.09
5091.89 5113.56 5114.51 5122.04 5132.4 5148.63 5156.69 5187.84 5224.62 5215.85 5211.66 5212.31 5223.3 5233.12 5242.86 5255.01 5264.82 5269.03 5274.7 5282.84 5288.7 5292.83 5296.56 5299.33 5327.54 5350.86 5384.44 5422.42 5430.86 5424.07 5433.87 5450.09 5465.47 5470.94 5473.9 5516.71 5549.18 5563.7 5530.34 5496.44 5478.47 5472.98 5500.39 5515.47 5554.57 5610 5620.53 5618.02 5577.73 5548.59 5504.81 5475.27 5462.69 5450.32 5454.87 5449.58 5444.99 5436.16 5415.28 5402.22 5403.31 5397.63 5369.71 5354.46 5355.85 5361.6 5358.44
5074.26 5096.74 5106.79 5100 5090.31 5119.45 5136.87 5168.22 5197.91 5201.16 5199 5201.44 5200.84 5211.47 5230.81 5245.54 5257.59 5268.63 5284.45 5295.08 5298.57 5307.22 5314.03 5333.59 5316.2 5337.14 5370.17 5386.36 5408.67 5410.37 5422.31 5444.4 5480.19 5534.49 5570.98 5545.48 5553.09 5549.21 5528.63 5503.54 5525.18 5520.7 5535.48 5551.46 5578.21 5633.25 5627.82 5607.39 5567.59 5547.13 5488.46 5459.78 5449.78 5445.75 5448.21 5460.08 5440.6 5418.54 5415.71 5420.19 5408.86 5379.5 5360.25 5351.88 5342.71 5341.95 5334.73
5059.17 5071.95 5072.96 5077.45 5084.31 5092.94 5115.27 5133.57 5150.71 5173.04 5184.47 5195.89 5200.21 5207.5 5223.79 5237.65 5251.07 5266.98 5281.72 5295.32 5305.51 5316.85 5342.24 5327.36 5327.86 5339.35 5359.53 5384.51 5390.93 5392.29 5398.02 5435.33 5476.76 5529.75 5553.69 5533.63 5531.79 5533.68 5541.16 5567.03 5560.61 5564.65 5577.7 5596.98 5616.09 5641.48 5620.82 5586.41 5559.7 5512.96 5478.64 5460.02 5446.03 5447.71 5447.22 5425.34 5415.71 5408.23 5404.72 5422.61 5407.86 5379.19 5354.49 5337.07 5336.81 5334.34 5338.76
5035.81 5042.56 5060.52 5055.83 5062.63 5089.55 5120.3 5126.37 5137.68 5156.56 5185.69 5201.91 5234.99 5229.38 5225.38 5236 5246.19 5261.01 5275.42 5291.74 5306.22 5322.7 5331.51 5325.53 5326.86 5339.54 5354.37 5346.41 5369.04 5389.73 5408.65 5434.98 5460.44 5465.52 5488.39 5513.93 5506.36 5533.23 5575.01 5606.94 5585.77 5584.97 5617.2 5635.61 5642.3 5621.96 5622.86 5591.07 5559.25 5509.13 5474.25 5452.08 5449.44 5451.04 5445.9 5424.02 5413.49 5412.74 5403.81 5397.75 5388.5 5378.27 5372.09 5354.13 5347.35 5343.5 5354.68
5009.93 5018.02 5028.08 5030.09 5038.65 5069.46 5099.21 5101.03 5118.75 5135.14 5138.75 5156.45 5147.3 5184.28 5210.49 5235.16 5256.52 5271.59 5276.13 5289.48 5304.63 5312.08 5315.07 5331.34 5335.53 5341.44 5360.23 5376.6 5393.33 5395.86 5410.2 5440.38 5469.84 5498.89 5518.33 5551.55 5559.15 5562.54 5606.05 5686.38 5592.85 5626.07 5643.21 5653.36 5648.88 5658.23 5673.07 5658.1 5589.96 5524.21 5492.45 5466.14 5448.03 5446.02 5444.44 5443.31 5425.93 5399.88 5386.8 5382.86 5376.68 5371.02 5371.57 5371.44 5361.33 5346.59 5341.29
4970.79 4990.29 5015.47 5010.15 5017.03 5057.2 5118.72 5125.21 5129.83 5138.03 5144.19 5140.86 5133.41 5156.62 5189.74 5224.39 5258.68 5278.61 5281.49 5292.77 5308.15 5324.6 5330.8 5340.72 5331.48 5319.15 5368.34 5401.71 5403.51 5386.69 5410.32 5446.34 5480.92 5527.01 5552.21 5596.24 5659.54 5553.43 5435.18 5454.78 5492.16 5591.79 5628.13 5684.22 5703.83 5764.24 5738.54 5678.87 5616.26 5567.03 5506.63 5471.96 5438.4 5431.48 5442.5 5422.33 5415.28 5399.62 5385.19 5374.47 5362.84 5348.65 5334.61 5352.22 5354.43 5349.08 5341.27
4937.68 4966.65 5002.68 4993.96 4994.64 5022.44 5096.98 5156.74 5155.47 5157.77 5137.05 5142.1 5134.41 5140.04 5163.38 5202.32 5250.99 5277.05 5280.85 5294.12 5315.18 5344.32 5361.32 5363.58 5365.26 5372.68 5378.75 5393.83 5439.4 5444.37 5436.47 5455.2 5494.48 5536.15 5569.65 5557.68 5545.65 5492.15 5476.7 5433.53 5316.04 5338.54 5545.88 5718.72 5812.52 5815.78 5784.77 5761.67 5691.84 5651.3 5584.46 5517.54 5450.97 5420.14 5449.34 5448.66 5398.45 5382.57 5383.67 5363.28 5342.01 5336.97 5329.37 5335.96 5334.9 5341.93 5345.66
4921.21 4938.39 4980.53 4976.73 4972.95 4986.34 5035.1 5137.31 5157.07 5170.01 5162.79 5071.04 5081.81 5077.34 5128.17 5181.72 5218.21 5246.66 5278.16 5304.23 5312.48 5335.25 5353.92 5366.57 5374.28 5378.46 5407.27 5432.18 5495.61 5496.87 5540.58 5517.82 5568.13 5605.45 5645.02 5518.84 5417.08 5397.18 5410.17 5407.51 5392.71 5289.7 5357.96 5468.9 5586.24 5626.29 5656.73 5701.25 5763.99 5691.01 5721.39 5649.07 5517.75 5456.17 5473.41 5460.23 5410.95 5408.45 5376.38 5351.52 5337.63 5336.85 5334.37 5337.85 5341.11 5346.47 5349.5
4880.98 4914.09 4957.86 4958.11 4948.9 4949.21 4994.71 5039.87 5087.11 5113.08 5096.73 4949.08 4833.51 5009.06 5111.17 5187.77 5251.14 5264.37 5277.92 5289.96 5304.22 5328.44 5341.36 5369.61 5391.45 5416.72 5450.72 5527.74 5507.98 5637.92 5697.35 5766.91 5633.38 5640.94 5669.56 5442.94 5313.75 5275.21 5278.79 5304.18 5326.94 5315.97 5229.09 5207.09 5267.21 5308.83 5322.96 5349.2 5366.82 5508.14 5638.19 5734.57 5749.79 5651.64 5522.38 5467.62 5426.42 5381.76 5349.49 5331.25 5321.47 5340.61 5340.07 5342.87 5351.58 5350.37 5358.51
4910.56 4925.61 4959.99 4940.38 4929.71 4929.5 4957.78 4984.5 5033.63 5047.94 5053.95 5075.16 5060.34 5065.87 5133.41 5206.48 5270.49 5275.43 5277.93 5284.23 5301.1 5322.76 5370.13 5385.39 5391.87 5425.66 5472.51 5584.09 5605.77 5708.61 5649.29 5557.41 5351.05 5264.21 5283.4 5201.12 5140.22 5117.05 5118.14 5177.31 5215.03 5245.71 5275.69 5177.08 5037.44 5088.69 5169.52 5176.76 5133.96 5164.31 5336.96 5466.06 5628.52 5800.21 5714.61 5621.68 5520.88 5385.47 5339.93 5331.86 5322.92 5339.3 5341.56 5354.28 5361.42 5370.14 5371.9
4911.35 4918.75 4934.16 4919.88 4924.31 4934.46 4945.33 4983.62 5000.52 5024.33 5053.19 5096.72 5123.01 5120.59 5157.95 5209.76 5276.44 5269.78 5277.73 5285.78 5302.79 5327.36 5366.35 5394.74 5433.03 5444.59 5547.69 5494.64 5511.26 5516.8 5479.21 5248.83 5100.13 5043.14 4933.15 4894.97 4924.27 4985.75 5032.16 5116.24 5185.79 5262.67 5277.03 5122.39 4930.46 4858.88 5072.65 5089 5053.81 5035.17 5020.29 5152.85 5221.07 5446.86 5627.06 5689.44 5665.44 5490.35 5419.95 5380.2 5326.16 5323.1 5367.91 5361.87 5373.22 5380.11 5386.4
4907.36 4911.87 4936.49 4934.18 4929.8 4933.43 4943.16 4961.83 4982.02 5017.31 5034.35 5043.09 5078.73 5121.02 5162.64 5202.35 5223.1 5253.96 5272.74 5289.52 5296.16 5334.2 5379.74 5390.5 5397.34 5477.9 5555.36 5466.57 5513.23 5522.55 5316 5091.17 5032.22 5004.36 4746.54 4705.19 4794.65 4892.55 4988.15 5032.76 5122.53 5242.59 5171.15 4964.24 4756.96 4659.59 4768.23 4908.2 4976.5 4928.25 4904.86 4967.84 4899.66 5061.31 5220.27 5499.75 5699.03 5661.43 5590.47 5470.9 5373.03 5331.21 5354.02 5376.21 5386.27 5391.99 5396.67
4903.34 4910.5 4919.93 4949.46 4927.17 4911.74 4924.99 4935.15 4958.53 4968.11 5002.17 5003.66 5054.07 5113.15 5164.08 5211.3 5246.82 5257.69 5271.64 5280.35 5283.38 5330.13 5360.54 5391.39 5413.19 5539.31 5523.14 5490.5 5442.19 5220.68 5052.55 4933.69 4943.48 4817.63 4639.76 4652.91 4739.08 4805.42 4878.08 4995.29 4951.35 4962.72 4929.79 4818.45 4686.13 4597.47 4671.15 4611.59 4711.38 4763.92 4791.49 4832.08 4778.99 4837.09 5018.6 5236.38 5494.13 5655.72 5642 5522.24 5426.88 5391 5399.93 5397.23 5392.61 5400.1 5399.16
4880.69 4891.07 4918.34 4971.12 4921.79 4893.09 4911.87 4920.43 4956.96 4986.75 5013.36 5053.15 5068.5 5111.73 5159.18 5205.14 5241.25 5252.4 5269.65 5278.83 5261.57 5292.87 5350.69 5398.28 5456.56 5478.26 5602.2 5513.94 5263.54 4981.85 4880.54 4838.92 4746.43 4696.12 4640.12 4669.52 4743.49 4753.27 4758.96 4710.08 4707.43 4698.99 4715.49 4712.22 4653.48 4575.93 4537.97 4427.58 4596.73 4756.13 4708.07 4654.12 4722.78 4749.46 4872.38 5022.72 5295.06 5480.56 5547.58 5494.26 5451.53 5430.15 5436.54 5431.73 5406.79 5404.06 5395.35
4878.12 4874.04 4904.28 4930.46 4913.14 4895.96 4896.57 4938.2 4964.56 4994.25 5012.69 5039.7 5068.54 5105.07 5144.26 5187.17 5220.99 5238.67 5262.95 5292.89 5264.92 5306.24 5339.13 5400.3 5466.4 5487.66 5575.73 5413.03 5242.05 4967.83 4891.64 4831.43 4783.79 4751.79 4799.27 4876.29 4755.88 4676.36 4610.49 4550.14 4518.28 4510.96 4483.89 4493.75 4469.12 4431.3 4390.92 4427.03 4535.57 4570.11 4551.13 4534.45 4546.48 4640.3 4731.98 4839.87 4980.06 5238.42 5377.9 5413.3 5378.24 5466.65 5488.78 5453 5417.95 5402.19 5390.76
4879.09 4878.08 4878.85 4888.17 4897.12 4892.88 4896.16 4927.41 4960.75 4995.38 5005.65 5016.88 5054.9 5095.68 5134.05 5166.29 5194.54 5221.62 5244.22 5248.13 5263.81 5297.77 5361.16 5431.04 5500.15 5591.89 5509.39 5245.71 5048.88 4982.89 4913.16 4789.54 4740.19 4749.19 4776.75 4769.5 4652.94 4580.69 4500.31 4446.68 4447.33 4424.77 4403.28 4302.03 4285.03 4297.9 4302.86 4315.52 4325.21 4388.07 4422.83 4475.65 4494.3 4566.94 4701.54 4838.64 4889.24 5102.23 5288.81 5373.63 5408.25 5474.18 5491.57 5419.16 5395.31 5393.24 5383.84
