real_craters/C176-750m.grd
DSAA
190 190
-70.805 70.805
-70.805 70.805
8056.7824132774 10816.965100191
[rows 81 to 107 of 190, columns 62 to 123 of 190]
1.027e+004 1.027e+004 1.026e+004 1.025e+004 1.025e+004 1.028e+004 1.034e+004 1.039e+004 1.042e+004 1.048e+004 1.053e+004 1.037e+004 1.015e+004 9895 9649 9415 9180 9010 8965 8957 8970 8956 8936 8911 8880 8834 8769 8697 8713 8726 8729 8723 8722 8717 8708 8694 8693 8704 8713 8726 8744 8818 8933 9037 9168 9287 9408 9543 9676 9801 9963 1.016e+004 1.035e+004 1.049e+004 1.06e+004 1.061e+004 1.061e+004 1.061e+004 1.057e+004 1.052e+004 1.037e+004 1.027e+004
1.025e+004 1.025e+004 1.023e+004 1.024e+004 1.026e+004 1.03e+004 1.036e+004 1.042e+004 1.046e+004 1.051e+004 1.054e+004 1.033e+004 1.007e+004 9788 9498 9269 9052 8940 8898 8826 8760 8785 8806 8802 8784 8748 8705 8675 8693 8702 8703 8699 8701 8701 8699 8700 8704 8708 8710 8718 8718 8785 8890 8980 9098 9199 9308 9421 9535 9650 9769 9993 1.027e+004 1.044e+004 1.05e+004 1.057e+004 1.061e+004 1.064e+004 1.064e+004 1.056e+004 1.047e+004 1.038e+004
1.024e+004 1.024e+004 1.025e+004 1.026e+004 1.028e+004 1.032e+004 1.039e+004 1.047e+004 1.056e+004 1.064e+004 1.052e+004 1.028e+004 9991 9683 9384 9140 8967 8861 8840 8734 8672 8685 8709 8718 8708 8691 8678 8668 8680 8691 8687 8683 8692 8701 8703 8698 8706 8709 8711 8716 8710 8765 8852 8920 9030 9125 9228 9333 9439 9539 9640 9888 1.021e+004 1.043e+004 1.047e+004 1.054e+004 1.061e+004 1.067e+004 1.072e+004 1.068e+004 1.059e+004 1.049e+004
1.025e+004 1.026e+004 1.027e+004 1.027e+004 1.031e+004 1.034e+004 1.041e+004 1.05e+004 1.059e+004 1.063e+004 1.048e+004 1.022e+004 9908 9582 9268 9023 8841 8728 8685 8668 8643 8642 8656 8661 8661 8656 8647 8651 8679 8687 8686 8686 8699 8715 8719 8710 8710 8708 8710 8713 8705 8750 8805 8877 8969 9059 9152 9252 9360 9482 9592 9802 1.005e+004 1.032e+004 1.043e+004 1.051e+004 1.059e+004 1.068e+004 1.076e+004 1.075e+004 1.065e+004 1.053e+004
1.028e+004 1.03e+004 1.03e+004 1.034e+004 1.032e+004 1.033e+004 1.041e+004 1.051e+004 1.062e+004 1.062e+004 1.044e+004 1.015e+004 9821 9491 9177 8934 8761 8682 8652 8637 8625 8622 8627 8634 8635 8634 8632 8642 8673 8684 8697 8688 8719 8728 8727 8725 8706 8705 8706 8709 8693 8729 8782 8848 8929 9000 9083 9159 9266 9428 9670 9742 9881 1.016e+004 1.035e+004 1.048e+004 1.058e+004 1.067e+004 1.075e+004 1.077e+004 1.071e+004 1.064e+004
1.031e+004 1.033e+004 1.036e+004 1.029e+004 1.028e+004 1.035e+004 1.041e+004 1.049e+004 1.054e+004 1.068e+004 1.039e+004 1.006e+004 9731 9420 9129 8914 8736 8663 8645 8631 8615 8604 8610 8615 8621 8623 8624 8645 8677 8697 8731 8770 8744 8721 8727 8717 8708 8702 8702 8704 8688 8717 8759 8816 8889 8933 8995 9069 9163 9292 9457 9633 9796 1.005e+004 1.026e+004 1.041e+004 1.054e+004 1.064e+004 1.071e+004 1.073e+004 1.073e+004 1.054e+004
1.033e+004 1.037e+004 1.038e+004 1.038e+004 1.031e+004 1.034e+004 1.04e+004 1.047e+004 1.055e+004 1.059e+004 1.024e+004 9928 9631 9352 9111 8955 8818 8648 8629 8609 8599 8595 8600 8609 8611 8619 8638 8662 8721 8766 8712 8695 8641 8648 8698 8711 8700 8698 8701 8702 8700 8704 8737 8780 8838 8871 8914 8966 9030 9119 9282 9533 9828 1.005e+004 1.019e+004 1.033e+004 1.048e+004 1.06e+004 1.069e+004 1.072e+004 1.07e+004 1.053e+004
1.035e+004 1.039e+004 1.042e+004 1.039e+004 1.035e+004 1.033e+004 1.037e+004 1.043e+004 1.042e+004 1.027e+004 1.003e+004 9770 9509 9258 9037 8890 8755 8644 8622 8596 8590 8593 8595 8596 8603 8612 8625 8672 8785 8788 8575 8421 8400 8505 8654 8710 8696 8708 8712 8710 8705 8700 8723 8759 8791 8815 8845 8877 8914 8972 9131 9427 9732 9937 1.011e+004 1.026e+004 1.04e+004 1.055e+004 1.068e+004 1.076e+004 1.062e+004 1.045e+004
1.036e+004 1.042e+004 1.043e+004 1.041e+004 1.036e+004 1.034e+004 1.036e+004 1.038e+004 1.028e+004 1e+004 9799 9612 9396 9167 8943 8753 8696 8644 8617 8594 8585 8586 8587 8588 8595 8605 8623 8670 8792 8584 8391 8234 8211 8340 8500 8691 8714 8726 8723 8717 8712 8709 8724 8747 8768 8785 8805 8828 8849 8891 9044 9313 9632 9880 1.003e+004 1.019e+004 1.034e+004 1.05e+004 1.066e+004 1.08e+004 1.069e+004 1.053e+004
1.036e+004 1.044e+004 1.047e+004 1.041e+004 1.035e+004 1.036e+004 1.038e+004 1.032e+004 1.015e+004 9900 9698 9520 9334 9139 8930 8747 8679 8638 8608 8588 8578 8568 8570 8578 8583 8596 8623 8694 8791 8504 8291 8180 8166 8229 8363 8639 8724 8717 8712 8710 8711 8715 8727 8743 8757 8777 8792 8803 8819 8867 9003 9211 9483 9735 9936 1.011e+004 1.029e+004 1.044e+004 1.058e+004 1.066e+004 1.064e+004 1.054e+004
1.035e+004 1.041e+004 1.042e+004 1.037e+004 1.034e+004 1.045e+004 1.047e+004 1.028e+004 1.008e+004 9858 9655 9474 9315 9158 8990 8796 8681 8629 8599 8584 8573 8571 8574 8571 8576 8585 8608 8688 8805 8540 8316 8158 8057 8207 8389 8629 8683 8699 8708 8712 8712 8704 8721 8741 8753 8763 8778 8796 8823 8873 8994 9150 9331 9603 9827 1.001e+004 1.018e+004 1.033e+004 1.046e+004 1.052e+004 1.052e+004 1.049e+004
1.033e+004 1.037e+004 1.039e+004 1.038e+004 1.036e+004 1.046e+004 1.046e+004 1.025e+004 1.002e+004 9789 9591 9433 9311 9204 9110 9017 8800 8632 8592 8570 8567 8567 8568 8568 8569 8576 8590 8657 8826 8678 8489 8287 8133 8294 8486 8492 8594 8658 8689 8706 8714 8711 8727 8740 8756 8769 8790 8812 8849 8907 9018 9176 9402 9571 9757 9934 1.01e+004 1.025e+004 1.037e+004 1.044e+004 1.046e+004 1.047e+004
1.031e+004 1.037e+004 1.038e+004 1.039e+004 1.041e+004 1.046e+004 1.046e+004 1.017e+004 9922 9713 9517 9408 9326 9258 9195 9124 8903 8725 8603 8566 8561 8559 8560 8559 8561 8569 8587 8655 8764 8812 8706 8523 8462 8419 8412 8466 8565 8630 8665 8696 8709 8707 8728 8737 8745 8763 8783 8819 8875 8946 9057 9177 9351 9548 9707 9872 1.004e+004 1.018e+004 1.031e+004 1.041e+004 1.051e+004 1.053e+004
1.03e+004 1.032e+004 1.036e+004 1.037e+004 1.036e+004 1.043e+004 1.044e+004 1.012e+004 9836 9673 9531 9426 9355 9296 9207 9076 8928 8677 8591 8565 8556 8552 8549 8549 8553 8560 8592 8658 8741 8815 8792 8669 8565 8493 8496 8600 8623 8651 8680 8696 8705 8699 8715 8729 8740 8755 8781 8822 8892 9004 9098 9228 9380 9529 9680 9838 9989 1.014e+004 1.028e+004 1.04e+004 1.047e+004 1.049e+004
1.033e+004 1.033e+004 1.038e+004 1.039e+004 1.038e+004 1.043e+004 1.049e+004 1.017e+004 9854 9686 9554 9454 9378 9320 9266 9092 8859 8685 8600 8565 8556 8548 8542 8542 8547 8555 8590 8658 8739 8806 8809 8739 8623 8560 8585 8673 8680 8683 8689 8699 8702 8704 8702 8717 8730 8746 8770 8804 8856 8953 9098 9260 9375 9502 9643 9797 9950 1.011e+004 1.025e+004 1.037e+004 1.045e+004 1.043e+004
1.041e+004 1.046e+004 1.045e+004 1.044e+004 1.044e+004 1.046e+004 1.047e+004 1.017e+004 9894 9716 9591 9484 9390 9318 9238 9024 8806 8710 8624 8584 8565 8551 8540 8538 8542 8540 8559 8620 8704 8798 8884 8799 8724 8695 8695 8723 8716 8705 8691 8687 8689 8689 8690 8704 8716 8735 8756 8781 8812 8909 9073 9220 9345 9481 9624 9774 9924 1.007e+004 1.022e+004 1.035e+004 1.046e+004 1.038e+004
1.042e+004 1.051e+004 1.049e+004 1.049e+004 1.053e+004 1.057e+004 1.042e+004 1.012e+004 9889 9730 9602 9489 9393 9305 9185 8999 8794 8703 8651 8609 8580 8559 8542 8540 8546 8538 8539 8569 8645 8741 8799 8830 8861 8905 8825 8773 8734 8706 8686 8679 8672 8672 8668 8679 8702 8723 8751 8783 8825 8919 9064 9182 9302 9464 9610 9766 9910 1.006e+004 1.019e+004 1.03e+004 1.037e+004 1.032e+004
1.034e+004 1.039e+004 1.046e+004 1.051e+004 1.057e+004 1.061e+004 1.035e+004 1.008e+004 9875 9728 9601 9476 9400 9317 9212 9077 8834 8722 8676 8634 8598 8573 8558 8551 8550 8536 8542 8538 8590 8674 8764 8792 8839 8865 8798 8754 8709 8685 8667 8659 8657 8653 8645 8661 8689 8719 8752 8794 8862 8956 9073 9206 9316 9456 9603 9749 9890 1.003e+004 1.015e+004 1.025e+004 1.031e+004 1.029e+004
1.029e+004 1.032e+004 1.043e+004 1.052e+004 1.057e+004 1.057e+004 1.026e+004 9949 9820 9723 9624 9521 9432 9340 9240 9103 8870 8748 8693 8651 8609 8588 8570 8559 8553 8533 8528 8518 8548 8596 8632 8675 8703 8678 8678 8678 8665 8654 8642 8634 8633 8632 8624 8643 8672 8708 8752 8802 8878 8971 9073 9200 9328 9442 9565 9702 9839 9976 1.01e+004 1.02e+004 1.028e+004 1.03e+004
1.026e+004 1.03e+004 1.04e+004 1.052e+004 1.064e+004 1.055e+004 1.021e+004 9917 9803 9727 9657 9593 9470 9367 9258 9108 8925 8795 8764 8695 8634 8604 8583 8564 8550 8528 8521 8505 8521 8542 8554 8575 8602 8625 8602 8610 8625 8628 8621 8620 8617 8616 8605 8625 8663 8708 8754 8798 8847 8973 9110 9213 9321 9450 9580 9706 9833 9948 1.006e+004 1.017e+004 1.026e+004 1.032e+004
1.021e+004 1.027e+004 1.038e+004 1.05e+004 1.061e+004 1.057e+004 1.024e+004 9929 9814 9747 9683 9591 9476 9361 9259 9102 8944 8836 8798 8727 8662 8624 8590 8566 8553 8529 8523 8517 8509 8508 8502 8506 8521 8526 8532 8549 8568 8585 8597 8602 8603 8602 8585 8606 8657 8714 8774 8835 8885 8999 9091 9163 9320 9453 9585 9709 9828 9947 1.006e+004 1.016e+004 1.026e+004 1.033e+004
1.019e+004 1.025e+004 1.035e+004 1.045e+004 1.052e+004 1.049e+004 1.026e+004 9990 9845 9788 9732 9650 9517 9324 9161 9074 8955 8844 8782 8743 8689 8637 8598 8567 8548 8530 8523 8516 8503 8492 8478 8472 8477 8471 8483 8515 8540 8560 8572 8584 8591 8564 8572 8601 8660 8729 8808 8896 8997 9061 9146 9260 9358 9475 9605 9730 9853 9964 1.007e+004 1.017e+004 1.025e+004 1.03e+004
1.019e+004 1.023e+004 1.029e+004 1.036e+004 1.041e+004 1.044e+004 1.022e+004 1.002e+004 9894 9850 9807 9742 9587 9364 9195 9095 8975 8856 8829 8769 8684 8640 8604 8583 8551 8529 8519 8512 8502 8490 8477 8466 8475 8466 8467 8493 8518 8540 8558 8571 8582 8546 8562 8596 8662 8753 8847 8921 9000 9111 9202 9317 9408 9512 9626 9752 9874 9982 1.01e+004 1.02e+004 1.028e+004 1.033e+004
1.018e+004 1.021e+004 1.024e+004 1.027e+004 1.03e+004 1.027e+004 1.024e+004 1.002e+004 9960 9943 9895 9827 9690 9443 9343 9190 9010 8863 8813 8762 8701 8645 8616 8584 8551 8528 8518 8510 8503 8495 8487 8483 8479 8478 8479 8492 8514 8535 8554 8570 8533 8543 8558 8583 8669 8781 8904 9012 9082 9147 9240 9346 9429 9537 9653 9766 9884 1.001e+004 1.012e+004 1.023e+004 1.031e+004 1.033e+004
1.019e+004 1.021e+004 1.021e+004 1.021e+004 1.02e+004 1.019e+004 1.024e+004 1.02e+004 1.013e+004 1.007e+004 9983 9878 9723 9516 9361 9259 9108 8915 8832 8780 8743 8701 8649 8582 8546 8540 8527 8516 8509 8501 8493 8486 8483 8482 8485 8502 8521 8542 8562 8540 8549 8552 8570 8605 8690 8810 8959 9121 9162 9146 9179 9302 9419 9536 9662 9787 9914 1.003e+004 1.015e+004 1.026e+004 1.034e+004 1.032e+004
1.024e+004 1.02e+004 1.018e+004 1.017e+004 1.016e+004 1.015e+004 1.018e+004 1.031e+004 1.032e+004 1.018e+004 1.007e+004 9922 9754 9649 9480 9379 9270 9094 8945 8870 8887 8835 8706 8590 8547 8552 8533 8524 8518 8510 8501 8493 8486 8490 8500 8521 8544 8566 8578 8591 8597 8592 8610 8651 8724 8827 8964 9134 9160 9132 9147 9271 9419 9556 9682 9815 9935 1.005e+004 1.016e+004 1.027e+004 1.036e+004 1.035e+004
1.021e+004 1.019e+004 1.017e+004 1.015e+004 1.015e+004 1.015e+004 1.016e+004 1.026e+004 1.031e+004 1.024e+004 1.015e+004 1.004e+004 9905 9829 9691 9539 9407 9271 9112 9041 8989 8891 8756 8635 8576 8566 8550 8541 8533 8524 8512 8500 8494 8503 8525 8546 8573 8600 8619 8639 8656 8656 8661 8677 8731 8824 8918 8986 9080 9121 9184 9305 9452 9589 9719 9840 9963 1.007e+004 1.018e+004 1.026e+004 1.034e+004 1.032e+004
