real_craters/C176-750m.grd
DSAA
190 190
-70.805 70.805
-70.805 70.805
8056.7824132774 10816.965100191
[rows 54 to 80 of 190, columns 124 to 185 of 190]
1.009e+004 1.008e+004 1.009e+004 1.01e+004 1.01e+004 1.011e+004 1.011e+004 1.012e+004 1.013e+004 1.014e+004 1.015e+004 1.013e+004 1.003e+004 9895 9758 9697 9669 9759 9935 1.009e+004 1.016e+004 1.018e+004 1.018e+004 1.018e+004 1.018e+004 1.017e+004 1.017e+004 1.017e+004 1.016e+004 1.017e+004 1.017e+004 1.017e+004 1.017e+004 1.017e+004 1.017e+004 1.017e+004 1.017e+004 1.016e+004 1.016e+004 1.016e+004 1.016e+004 1.016e+004 1.016e+004 1.016e+004 1.016e+004 1.016e+004 1.016e+004 1.016e+004 1.015e+004 1.016e+004 1.018e+004 1.02e+004 1.022e+004 1.021e+004 1.021e+004 1.022e+004 1.021e+004 1.02e+004 1.021e+004 1.021e+004 1.021e+004 1.021e+004
1.01e+004 1.01e+004 1.01e+004 1.01e+004 1.011e+004 1.011e+004 1.011e+004 1.012e+004 1.013e+004 1.014e+004 1.016e+004 1.016e+004 1.003e+004 9871 9708 9651 9620 9668 9848 1.004e+004 1.014e+004 1.019e+004 1.02e+004 1.019e+004 1.018e+004 1.018e+004 1.017e+004 1.016e+004 1.016e+004 1.016e+004 1.016e+004 1.017e+004 1.017e+004 1.016e+004 1.016e+004 1.017e+004 1.016e+004 1.016e+004 1.016e+004 1.016e+004 1.016e+004 1.015e+004 1.016e+004 1.016e+004 1.016e+004 1.016e+004 1.016e+004 1.016e+004 1.016e+004 1.016e+004 1.018e+004 1.02e+004 1.022e+004 1.022e+004 1.022e+004 1.023e+004 1.022e+004 1.021e+004 1.022e+004 1.021e+004 1.021e+004 1.021e+004
1.011e+004 1.011e+004 1.011e+004 1.011e+004 1.012e+004 1.011e+004 1.012e+004 1.008e+004 1.012e+004 1.014e+004 1.016e+004 1.018e+004 1.007e+004 9920 9785 9722 9679 9708 9913 1.009e+004 1.017e+004 1.019e+004 1.02e+004 1.02e+004 1.019e+004 1.018e+004 1.017e+004 1.016e+004 1.016e+004 1.016e+004 1.016e+004 1.016e+004 1.016e+004 1.016e+004 1.016e+004 1.016e+004 1.016e+004 1.017e+004 1.016e+004 1.016e+004 1.016e+004 1.016e+004 1.016e+004 1.017e+004 1.017e+004 1.017e+004 1.016e+004 1.016e+004 1.016e+004 1.017e+004 1.018e+004 1.02e+004 1.022e+004 1.021e+004 1.022e+004 1.022e+004 1.021e+004 1.02e+004 1.021e+004 1.022e+004 1.022e+004 1.022e+004
1.012e+004 1.012e+004 1.012e+004 1.013e+004 1.013e+004 1.014e+004 1.015e+004 1.017e+004 1.015e+004 1.016e+004 1.018e+004 1.02e+004 1.014e+004 1.004e+004 9931 9891 9861 9897 1.012e+004 1.023e+004 1.022e+004 1.022e+004 1.02e+004 1.019e+004 1.019e+004 1.018e+004 1.017e+004 1.016e+004 1.016e+004 1.016e+004 1.016e+004 1.016e+004 1.016e+004 1.016e+004 1.016e+004 1.016e+004 1.016e+004 1.016e+004 1.016e+004 1.016e+004 1.016e+004 1.016e+004 1.017e+004 1.017e+004 1.017e+004 1.017e+004 1.016e+004 1.016e+004 1.016e+004 1.017e+004 1.018e+004 1.019e+004 1.02e+004 1.021e+004 1.022e+004 1.022e+004 1.021e+004 1.02e+004 1.021e+004 1.022e+004 1.022e+004 1.023e+004
1.013e+004 1.013e+004 1.014e+004 1.015e+004 1.015e+004 1.016e+004 1.017e+004 1.018e+004 1.017e+004 1.017e+004 1.019e+004 1.023e+004 1.023e+004 1.022e+004 1.018e+004 1.01e+004 1.011e+004 1.021e+004 1.033e+004 1.03e+004 1.025e+004 1.022e+004 1.022e+004 1.019e+004 1.018e+004 1.017e+004 1.017e+004 1.016e+004 1.017e+004 1.016e+004 1.016e+004 1.016e+004 1.016e+004 1.016e+004 1.016e+004 1.016e+004 1.016e+004 1.016e+004 1.016e+004 1.016e+004 1.016e+004 1.016e+004 1.017e+004 1.017e+004 1.017e+004 1.017e+004 1.016e+004 1.016e+004 1.016e+004 1.016e+004 1.017e+004 1.018e+004 1.019e+004 1.021e+004 1.022e+004 1.023e+004 1.024e+004 1.022e+004 1.021e+004 1.022e+004 1.023e+004 1.023e+004
1.013e+004 1.014e+004 1.016e+004 1.016e+004 1.016e+004 1.017e+004 1.018e+004 1.018e+004 1.019e+004 1.018e+004 1.02e+004 1.026e+004 1.029e+004 1.03e+004 1.028e+004 1.023e+004 1.023e+004 1.028e+004 1.026e+004 1.023e+004 1.022e+004 1.02e+004 1.02e+004 1.019e+004 1.018e+004 1.017e+004 1.016e+004 1.016e+004 1.015e+004 1.016e+004 1.016e+004 1.016e+004 1.016e+004 1.016e+004 1.016e+004 1.016e+004 1.016e+004 1.016e+004 1.016e+004 1.017e+004 1.017e+004 1.018e+004 1.017e+004 1.016e+004 1.016e+004 1.017e+004 1.017e+004 1.016e+004 1.016e+004 1.016e+004 1.017e+004 1.017e+004 1.018e+004 1.021e+004 1.022e+004 1.025e+004 1.028e+004 1.026e+004 1.023e+004 1.023e+004 1.024e+004 1.024e+004
1.013e+004 1.015e+004 1.017e+004 1.017e+004 1.017e+004 1.017e+004 1.017e+004 1.019e+004 1.02e+004 1.021e+004 1.021e+004 1.025e+004 1.024e+004 1.029e+004 1.028e+004 1.024e+004 1.023e+004 1.022e+004 1.021e+004 1.02e+004 1.02e+004 1.019e+004 1.018e+004 1.018e+004 1.017e+004 1.017e+004 1.016e+004 1.016e+004 1.016e+004 1.015e+004 1.016e+004 1.016e+004 1.016e+004 1.016e+004 1.016e+004 1.016e+004 1.017e+004 1.017e+004 1.017e+004 1.017e+004 1.017e+004 1.018e+004 1.017e+004 1.017e+004 1.017e+004 1.017e+004 1.017e+004 1.017e+004 1.017e+004 1.017e+004 1.017e+004 1.018e+004 1.019e+004 1.02e+004 1.023e+004 1.026e+004 1.029e+004 1.029e+004 1.027e+004 1.026e+004 1.025e+004 1.024e+004
1.013e+004 1.013e+004 1.014e+004 1.014e+004 1.014e+004 1.015e+004 1.016e+004 1.018e+004 1.022e+004 1.023e+004 1.016e+004 1.004e+004 1e+004 1.005e+004 1.013e+004 1.018e+004 1.022e+004 1.023e+004 1.02e+004 1.019e+004 1.018e+004 1.018e+004 1.017e+004 1.017e+004 1.017e+004 1.017e+004 1.016e+004 1.016e+004 1.015e+004 1.015e+004 1.015e+004 1.016e+004 1.016e+004 1.016e+004 1.016e+004 1.017e+004 1.017e+004 1.017e+004 1.016e+004 1.016e+004 1.016e+004 1.017e+004 1.017e+004 1.017e+004 1.018e+004 1.018e+004 1.017e+004 1.017e+004 1.017e+004 1.017e+004 1.017e+004 1.018e+004 1.019e+004 1.021e+004 1.023e+004 1.026e+004 1.027e+004 1.028e+004 1.029e+004 1.027e+004 1.026e+004 1.025e+004
1.012e+004 1.013e+004 1.012e+004 1.012e+004 1.012e+004 1.014e+004 1.016e+004 1.018e+004 1.022e+004 1.024e+004 1.012e+004 9926 9831 9869 9998 1.011e+004 1.019e+004 1.022e+004 1.02e+004 1.018e+004 1.017e+004 1.017e+004 1.017e+004 1.017e+004 1.016e+004 1.016e+004 1.016e+004 1.016e+004 1.015e+004 1.015e+004 1.015e+004 1.016e+004 1.016e+004 1.016e+004 1.017e+004 1.017e+004 1.017e+004 1.017e+004 1.016e+004 1.016e+004 1.016e+004 1.017e+004 1.017e+004 1.018e+004 1.018e+004 1.018e+004 1.018e+004 1.018e+004 1.018e+004 1.018e+004 1.018e+004 1.019e+004 1.02e+004 1.021e+004 1.022e+004 1.024e+004 1.025e+004 1.027e+004 1.027e+004 1.027e+004 1.027e+004 1.026e+004
1.013e+004 1.013e+004 1.012e+004 1.012e+004 1.013e+004 1.015e+004 1.017e+004 1.019e+004 1.022e+004 1.023e+004 1.011e+004 9940 9835 9867 9992 1.01e+004 1.017e+004 1.019e+004 1.017e+004 1.017e+004 1.016e+004 1.016e+004 1.016e+004 1.016e+004 1.016e+004 1.016e+004 1.015e+004 1.015e+004 1.015e+004 1.015e+004 1.015e+004 1.015e+004 1.016e+004 1.016e+004 1.017e+004 1.017e+004 1.017e+004 1.017e+004 1.017e+004 1.016e+004 1.017e+004 1.017e+004 1.017e+004 1.017e+004 1.018e+004 1.018e+004 1.018e+004 1.018e+004 1.018e+004 1.019e+004 1.019e+004 1.02e+004 1.021e+004 1.021e+004 1.021e+004 1.022e+004 1.023e+004 1.023e+004 1.023e+004 1.025e+004 1.027e+004 1.028e+004
1.014e+004 1.013e+004 1.013e+004 1.013e+004 1.013e+004 1.014e+004 1.017e+004 1.018e+004 1.02e+004 1.019e+004 1.014e+004 1.005e+004 1e+004 1.003e+004 1.008e+004 1.013e+004 1.017e+004 1.017e+004 1.016e+004 1.017e+004 1.016e+004 1.015e+004 1.015e+004 1.015e+004 1.015e+004 1.015e+004 1.015e+004 1.015e+004 1.015e+004 1.015e+004 1.015e+004 1.015e+004 1.015e+004 1.016e+004 1.016e+004 1.016e+004 1.016e+004 1.017e+004 1.017e+004 1.017e+004 1.016e+004 1.017e+004 1.017e+004 1.017e+004 1.017e+004 1.018e+004 1.018e+004 1.018e+004 1.018e+004 1.019e+004 1.02e+004 1.02e+004 1.02e+004 1.02e+004 1.02e+004 1.021e+004 1.023e+004 1.022e+004 1.023e+004 1.027e+004 1.029e+004 1.031e+004
1.015e+004 1.015e+004 1.014e+004 1.013e+004 1.013e+004 1.014e+004 1.015e+004 1.016e+004 1.019e+004 1.019e+004 1.019e+004 1.02e+004 1.028e+004 1.025e+004 1.019e+004 1.018e+004 1.018e+004 1.018e+004 1.017e+004 1.018e+004 1.016e+004 1.014e+004 1.014e+004 1.014e+004 1.014e+004 1.014e+004 1.014e+004 1.014e+004 1.014e+004 1.014e+004 1.014e+004 1.015e+004 1.015e+004 1.015e+004 1.016e+004 1.016e+004 1.017e+004 1.017e+004 1.017e+004 1.016e+004 1.015e+004 1.016e+004 1.016e+004 1.017e+004 1.017e+004 1.018e+004 1.018e+004 1.019e+004 1.019e+004 1.02e+004 1.02e+004 1.02e+004 1.02e+004 1.02e+004 1.02e+004 1.021e+004 1.021e+004 1.022e+004 1.025e+004 1.029e+004 1.031e+004 1.033e+004
1.016e+004 1.016e+004 1.016e+004 1.016e+004 1.014e+004 1.014e+004 1.013e+004 1.016e+004 1.019e+004 1.021e+004 1.022e+004 1.024e+004 1.026e+004 1.027e+004 1.024e+004 1.021e+004 1.018e+004 1.018e+004 1.018e+004 1.018e+004 1.017e+004 1.014e+004 1.014e+004 1.014e+004 1.014e+004 1.014e+004 1.014e+004 1.014e+004 1.014e+004 1.013e+004 1.014e+004 1.014e+004 1.015e+004 1.015e+004 1.015e+004 1.016e+004 1.017e+004 1.017e+004 1.017e+004 1.016e+004 1.016e+004 1.016e+004 1.016e+004 1.017e+004 1.018e+004 1.018e+004 1.019e+004 1.02e+004 1.02e+004 1.021e+004 1.021e+004 1.021e+004 1.02e+004 1.021e+004 1.021e+004 1.022e+004 1.022e+004 1.024e+004 1.027e+004 1.029e+004 1.031e+004 1.033e+004
1.017e+004 1.019e+004 1.02e+004 1.02e+004 1.018e+004 1.016e+004 1.015e+004 1.018e+004 1.019e+004 1.021e+004 1.023e+004 1.024e+004 1.024e+004 1.025e+004 1.024e+004 1.022e+004 1.021e+004 1.02e+004 1.02e+004 1.018e+004 1.017e+004 1.015e+004 1.014e+004 1.014e+004 1.014e+004 1.014e+004 1.014e+004 1.014e+004 1.013e+004 1.012e+004 1.013e+004 1.014e+004 1.015e+004 1.016e+004 1.016e+004 1.017e+004 1.018e+004 1.017e+004 1.016e+004 1.016e+004 1.016e+004 1.016e+004 1.017e+004 1.018e+004 1.018e+004 1.019e+004 1.019e+004 1.02e+004 1.02e+004 1.02e+004 1.021e+004 1.021e+004 1.021e+004 1.022e+004 1.023e+004 1.024e+004 1.025e+004 1.026e+004 1.027e+004 1.029e+004 1.03e+004 1.032e+004
1.018e+004 1.021e+004 1.023e+004 1.026e+004 1.023e+004 1.018e+004 1.016e+004 1.016e+004 1.017e+004 1.019e+004 1.021e+004 1.022e+004 1.023e+004 1.023e+004 1.022e+004 1.022e+004 1.022e+004 1.02e+004 1.019e+004 1.017e+004 1.016e+004 1.016e+004 1.015e+004 1.015e+004 1.015e+004 1.015e+004 1.014e+004 1.014e+004 1.013e+004 1.014e+004 1.014e+004 1.014e+004 1.015e+004 1.016e+004 1.017e+004 1.017e+004 1.017e+004 1.017e+004 1.016e+004 1.016e+004 1.016e+004 1.017e+004 1.018e+004 1.018e+004 1.019e+004 1.019e+004 1.02e+004 1.02e+004 1.02e+004 1.02e+004 1.019e+004 1.021e+004 1.022e+004 1.023e+004 1.023e+004 1.025e+004 1.025e+004 1.026e+004 1.027e+004 1.027e+004 1.028e+004 1.03e+004
1.02e+004 1.023e+004 1.026e+004 1.028e+004 1.025e+004 1.019e+004 1.015e+004 1.014e+004 1.017e+004 1.018e+004 1.02e+004 1.021e+004 1.021e+004 1.02e+004 1.02e+004 1.02e+004 1.02e+004 1.019e+004 1.017e+004 1.016e+004 1.017e+004 1.017e+004 1.016e+004 1.016e+004 1.015e+004 1.015e+004 1.014e+004 1.014e+004 1.015e+004 1.015e+004 1.015e+004 1.015e+004 1.015e+004 1.016e+004 1.016e+004 1.017e+004 1.016e+004 1.016e+004 1.015e+004 1.015e+004 1.015e+004 1.017e+004 1.018e+004 1.019e+004 1.02e+004 1.02e+004 1.02e+004 1.02e+004 1.02e+004 1.019e+004 1.019e+004 1.021e+004 1.022e+004 1.023e+004 1.024e+004 1.025e+004 1.025e+004 1.025e+004 1.025e+004 1.026e+004 1.027e+004 1.028e+004
1.022e+004 1.025e+004 1.028e+004 1.031e+004 1.029e+004 1.026e+004 1.021e+004 1.016e+004 1.015e+004 1.017e+004 1.018e+004 1.019e+004 1.02e+004 1.019e+004 1.019e+004 1.018e+004 1.017e+004 1.017e+004 1.017e+004 1.017e+004 1.016e+004 1.017e+004 1.017e+004 1.016e+004 1.016e+004 1.015e+004 1.015e+004 1.015e+004 1.015e+004 1.015e+004 1.015e+004 1.015e+004 1.015e+004 1.015e+004 1.015e+004 1.015e+004 1.015e+004 1.014e+004 1.014e+004 1.015e+004 1.017e+004 1.017e+004 1.018e+004 1.019e+004 1.02e+004 1.02e+004 1.02e+004 1.02e+004 1.02e+004 1.02e+004 1.019e+004 1.02e+004 1.021e+004 1.022e+004 1.023e+004 1.022e+004 1.023e+004 1.024e+004 1.025e+004 1.025e+004 1.026e+004 1.027e+004
1.024e+004 1.027e+004 1.03e+004 1.03e+004 1.03e+004 1.031e+004 1.028e+004 1.022e+004 1.017e+004 1.017e+004 1.018e+004 1.018e+004 1.017e+004 1.017e+004 1.018e+004 1.017e+004 1.016e+004 1.016e+004 1.015e+004 1.015e+004 1.015e+004 1.017e+004 1.017e+004 1.017e+004 1.016e+004 1.015e+004 1.015e+004 1.015e+004 1.015e+004 1.015e+004 1.015e+004 1.015e+004 1.014e+004 1.014e+004 1.014e+004 1.013e+004 1.013e+004 1.014e+004 1.014e+004 1.016e+004 1.018e+004 1.018e+004 1.019e+004 1.019e+004 1.02e+004 1.02e+004 1.02e+004 1.02e+004 1.02e+004 1.02e+004 1.02e+004 1.02e+004 1.021e+004 1.021e+004 1.021e+004 1.022e+004 1.022e+004 1.023e+004 1.025e+004 1.027e+004 1.027e+004 1.026e+004
1.026e+004 1.029e+004 1.033e+004 1.037e+004 1.03e+004 1.033e+004 1.031e+004 1.027e+004 1.022e+004 1.019e+004 1.018e+004 1.018e+004 1.017e+004 1.018e+004 1.017e+004 1.017e+004 1.016e+004 1.015e+004 1.014e+004 1.015e+004 1.018e+004 1.018e+004 1.018e+004 1.017e+004 1.016e+004 1.016e+004 1.015e+004 1.014e+004 1.014e+004 1.014e+004 1.015e+004 1.014e+004 1.014e+004 1.013e+004 1.013e+004 1.012e+004 1.013e+004 1.014e+004 1.015e+004 1.016e+004 1.018e+004 1.018e+004 1.019e+004 1.019e+004 1.019e+004 1.02e+004 1.02e+004 1.02e+004 1.02e+004 1.02e+004 1.02e+004 1.02e+004 1.021e+004 1.021e+004 1.021e+004 1.02e+004 1.02e+004 1.017e+004 1.022e+004 1.028e+004 1.025e+004 1.025e+004
1.028e+004 1.029e+004 1.032e+004 1.035e+004 1.037e+004 1.035e+004 1.033e+004 1.03e+004 1.026e+004 1.02e+004 1.019e+004 1.018e+004 1.018e+004 1.017e+004 1.015e+004 1.014e+004 1.013e+004 1.014e+004 1.014e+004 1.015e+004 1.018e+004 1.019e+004 1.018e+004 1.017e+004 1.016e+004 1.015e+004 1.015e+004 1.014e+004 1.014e+004 1.014e+004 1.014e+004 1.014e+004 1.013e+004 1.013e+004 1.012e+004 1.012e+004 1.013e+004 1.014e+004 1.015e+004 1.016e+004 1.019e+004 1.02e+004 1.019e+004 1.019e+004 1.019e+004 1.02e+004 1.02e+004 1.021e+004 1.02e+004 1.02e+004 1.021e+004 1.021e+004 1.021e+004 1.02e+004 1.021e+004 1.021e+004 1.02e+004 1.019e+004 1.024e+004 1.026e+004 1.025e+004 1.027e+004
1.029e+004 1.03e+004 1.03e+004 1.034e+004 1.044e+004 1.041e+004 1.034e+004 1.029e+004 1.021e+004 1.018e+004 1.018e+004 1.018e+004 1.017e+004 1.015e+004 1.013e+004 1.012e+004 1.012e+004 1.012e+004 1.013e+004 1.015e+004 1.017e+004 1.018e+004 1.017e+004 1.016e+004 1.016e+004 1.015e+004 1.015e+004 1.014e+004 1.014e+004 1.014e+004 1.014e+004 1.014e+004 1.013e+004 1.012e+004 1.011e+004 1.011e+004 1.012e+004 1.013e+004 1.014e+004 1.016e+004 1.018e+004 1.02e+004 1.02e+004 1.018e+004 1.019e+004 1.02e+004 1.021e+004 1.021e+004 1.021e+004 1.021e+004 1.021e+004 1.022e+004 1.021e+004 1.021e+004 1.021e+004 1.021e+004 1.022e+004 1.023e+004 1.025e+004 1.026e+004 1.025e+004 1.027e+004
1.029e+004 1.032e+004 1.034e+004 1.036e+004 1.041e+004 1.043e+004 1.032e+004 1.022e+004 1.015e+004 1.017e+004 1.017e+004 1.016e+004 1.015e+004 1.014e+004 1.013e+004 1.011e+004 1.012e+004 1.012e+004 1.012e+004 1.013e+004 1.015e+004 1.015e+004 1.016e+004 1.015e+004 1.015e+004 1.015e+004 1.015e+004 1.014e+004 1.014e+004 1.014e+004 1.013e+004 1.013e+004 1.013e+004 1.012e+004 1.011e+004 1.011e+004 1.011e+004 1.012e+004 1.013e+004 1.015e+004 1.018e+004 1.02e+004 1.019e+004 1.018e+004 1.018e+004 1.02e+004 1.021e+004 1.022e+004 1.021e+004 1.021e+004 1.022e+004 1.023e+004 1.023e+004 1.022e+004 1.023e+004 1.024e+004 1.025e+004 1.026e+004 1.026e+004 1.027e+004 1.026e+004 1.029e+004
1.029e+004 1.034e+004 1.042e+004 1.04e+004 1.033e+004 1.029e+004 1.025e+004 1.019e+004 1.019e+004 1.018e+004 1.017e+004 1.017e+004 1.015e+004 1.014e+004 1.013e+004 1.012e+004 1.012e+004 1.012e+004 1.012e+004 1.013e+004 1.014e+004 1.014e+004 1.014e+004 1.015e+004 1.015e+004 1.015e+004 1.015e+004 1.014e+004 1.014e+004 1.014e+004 1.014e+004 1.014e+004 1.013e+004 1.012e+004 1.011e+004 1.011e+004 1.011e+004 1.012e+004 1.012e+004 1.015e+004 1.018e+004 1.02e+004 1.017e+004 1.017e+004 1.018e+004 1.02e+004 1.021e+004 1.021e+004 1.021e+004 1.021e+004 1.023e+004 1.024e+004 1.025e+004 1.02e+004 1.024e+004 1.027e+004 1.027e+004 1.027e+004 1.028e+004 1.027e+004 1.026e+004 1.029e+004
1.029e+004 1.034e+004 1.039e+004 1.038e+004 1.032e+004 1.024e+004 1.02e+004 1.017e+004 1.016e+004 1.017e+004 1.017e+004 1.018e+004 1.017e+004 1.015e+004 1.014e+004 1.013e+004 1.013e+004 1.013e+004 1.012e+004 1.012e+004 1.013e+004 1.013e+004 1.014e+004 1.014e+004 1.015e+004 1.015e+004 1.015e+004 1.015e+004 1.015e+004 1.015e+004 1.014e+004 1.014e+004 1.013e+004 1.012e+004 1.012e+004 1.012e+004 1.012e+004 1.012e+004 1.013e+004 1.015e+004 1.016e+004 1.016e+004 1.016e+004 1.017e+004 1.017e+004 1.021e+004 1.02e+004 1.021e+004 1.022e+004 1.023e+004 1.024e+004 1.026e+004 1.027e+004 1.028e+004 1.027e+004 1.028e+004 1.028e+004 1.028e+004 1.029e+004 1.028e+004 1.029e+004 1.03e+004
1.027e+004 1.033e+004 1.036e+004 1.036e+004 1.031e+004 1.023e+004 1.019e+004 1.016e+004 1.015e+004 1.016e+004 1.017e+004 1.018e+004 1.018e+004 1.017e+004 1.016e+004 1.016e+004 1.015e+004 1.015e+004 1.014e+004 1.013e+004 1.013e+004 1.014e+004 1.014e+004 1.015e+004 1.015e+004 1.015e+004 1.015e+004 1.015e+004 1.014e+004 1.013e+004 1.013e+004 1.013e+004 1.013e+004 1.013e+004 1.013e+004 1.013e+004 1.013e+004 1.013e+004 1.014e+004 1.014e+004 1.015e+004 1.015e+004 1.016e+004 1.017e+004 1.017e+004 1.017e+004 1.018e+004 1.02e+004 1.021e+004 1.023e+004 1.025e+004 1.026e+004 1.026e+004 1.025e+004 1.026e+004 1.026e+004 1.027e+004 1.028e+004 1.029e+004 1.029e+004 1.029e+004 1.029e+004
1.025e+004 1.035e+004 1.044e+004 1.04e+004 1.033e+004 1.023e+004 1.02e+004 1.02e+004 1.017e+004 1.016e+004 1.018e+004 1.019e+004 1.018e+004 1.018e+004 1.018e+004 1.018e+004 1.017e+004 1.017e+004 1.017e+004 1.016e+004 1.014e+004 1.015e+004 1.015e+004 1.015e+004 1.016e+004 1.016e+004 1.015e+004 1.015e+004 1.014e+004 1.014e+004 1.014e+004 1.014e+004 1.014e+004 1.013e+004 1.014e+004 1.014e+004 1.015e+004 1.014e+004 1.014e+004 1.014e+004 1.014e+004 1.015e+004 1.016e+004 1.016e+004 1.017e+004 1.019e+004 1.02e+004 1.02e+004 1.02e+004 1.021e+004 1.023e+004 1.024e+004 1.024e+004 1.022e+004 1.022e+004 1.024e+004 1.026e+004 1.027e+004 1.028e+004 1.028e+004 1.028e+004 1.027e+004
1.025e+004 1.036e+004 1.046e+004 1.042e+004 1.035e+004 1.025e+004 1.021e+004 1.021e+004 1.021e+004 1.022e+004 1.021e+004 1.02e+004 1.019e+004 1.018e+004 1.017e+004 1.018e+004 1.018e+004 1.018e+004 1.018e+004 1.017e+004 1.016e+004 1.016e+004 1.016e+004 1.016e+004 1.016e+004 1.016e+004 1.016e+004 1.015e+004 1.015e+004 1.015e+004 1.015e+004 1.014e+004 1.013e+004 1.014e+004 1.014e+004 1.014e+004 1.014e+004 1.014e+004 1.013e+004 1.013e+004 1.013e+004 1.015e+004 1.016e+004 1.016e+004 1.017e+004 1.018e+004 1.019e+004 1.02e+004 1.02e+004 1.021e+004 1.023e+004 1.022e+004 1.021e+004 1.021e+004 1.021e+004 1.023e+004 1.025e+004 1.026e+004 1.027e+004 1.027e+004 1.026e+004 1.026e+004
