real_craters/C176-500m.grd
DSAA
284 284
-70.805 70.805
-70.805 70.805
8076.2691305612 10811.221674705
[rows 150 to 179 of 284, columns 201 to 267 of 284]
10240.3 10216.5 10206.8 10212 10221.6 10230 10236.7 10243.2 10245.2 10242.1 10249.1 10250.4 10248.4 10246.4 10245.5 10245.4 10245.6 10247.7 10254.8 10254.3 10253.1 10245 10230.3 10221.6 10214.4 10207.1 10200 10192.7 10186.1 10180.6 10175.7 10172.3 10172.1 10174.6 10176.8 10185.8 10202.1 10205.2 10203.2 10202.2 10203.4 10207.6 10214.2 10216.8 10217.9 10220.9 10224.7 10228.7 10231 10229 10217.2 10198.9 10185.2 10173.2 10169.1 10168.6 10162.3 10162.6 10161.1 10154 10150 10151.9 10149.5 10144.5 10141 10141.2 10139.8
10242.4 10221.8 10207.8 10218.2 10228.3 10237.5 10245.2 10251.5 10255.2 10260.1 10268.3 10259.7 10254.3 10251.2 10249.9 10251 10253.1 10258.8 10268.7 10262.4 10243.8 10228.2 10226.2 10221.2 10216.3 10211 10206.4 10201.1 10196.4 10192.1 10188.9 10185.9 10187.6 10193.4 10188.3 10190.8 10205.7 10209.7 10206.1 10203.6 10203.7 10205.9 10211.4 10214.2 10215.2 10218.3 10222.1 10225.1 10225 10218.9 10205.3 10189.5 10174.8 10173.1 10165.8 10157.7 10148.4 10150.5 10140.2 10139.8 10136.5 10133.5 10137.8 10139.6 10139.6 10139.9 10137.8
10243.5 10230.9 10227.9 10231.2 10238.3 10246 10254.9 10261.1 10261.8 10257.3 10262.7 10259.4 10255.2 10252.2 10250.7 10252.2 10254.8 10258.2 10260.6 10253 10237.9 10227.1 10225.5 10222.2 10218.6 10214.9 10211 10207.6 10204.2 10201.9 10201.1 10202.3 10200.5 10196.8 10198.2 10203.2 10206.4 10207.9 10204.9 10201.6 10200.1 10203.4 10202.2 10202.9 10208.2 10213.7 10218.6 10221.8 10222.6 10218 10205 10190 10183.5 10176.1 10171.7 10168.2 10153.2 10145.7 10141.6 10133.5 10128.4 10129.2 10132.5 10134.9 10136.4 10135.4 10135.2
10244.4 10239.5 10238.2 10244.3 10249 10255.7 10263.9 10275.6 10289.4 10275.6 10262.9 10256.4 10252.9 10252.5 10252.4 10253.9 10256 10255.6 10250.5 10242.5 10238.6 10234.8 10229.1 10225.5 10221.5 10218.5 10215.6 10212.6 10211.4 10209.9 10209.6 10208.6 10209.5 10211.4 10210 10209.7 10211.3 10205.6 10201.7 10197.3 10192.6 10188.3 10191.3 10194.5 10203.1 10210 10214.7 10218.2 10221.2 10222.3 10209.6 10194.2 10185.6 10183.5 10175.5 10168.5 10156 10150.3 10146.2 10134.1 10129.3 10127.6 10129.1 10131.7 10133.7 10134.5 10131.4
10245.3 10248.4 10252.9 10256.6 10259.8 10263.2 10267.7 10277.9 10289.3 10282.4 10253.2 10248.8 10246.8 10247 10248.6 10252.8 10255.5 10256.5 10252.2 10244.6 10243 10237.1 10231.3 10228.4 10225.5 10223.3 10221.3 10219.4 10218.8 10217.7 10217.1 10215.2 10216.1 10215.9 10215.4 10214.3 10201.7 10200.5 10198.7 10194.9 10189.4 10185 10190 10196.7 10202.7 10208 10212.7 10216.4 10219 10218.7 10210.3 10201.5 10200.2 10195.2 10186.6 10171.6 10157.4 10153.9 10144.8 10140 10131.6 10126 10128 10129.9 10130.5 10130.7 10131.5
10246 10259.8 10265.4 10265.9 10269.7 10270.4 10266.7 10253 10248.6 10246.9 10250.4 10241.4 10237.6 10239.2 10243.5 10249.3 10254.9 10260.1 10263.9 10268.3 10256.2 10244.5 10237.5 10233.3 10229.8 10228.1 10226.7 10226.3 10225.5 10225.6 10224.6 10222 10223.5 10224.1 10223.6 10215.9 10204.7 10200.1 10198.4 10196.7 10194 10191.2 10195.5 10200.4 10204.3 10209.4 10213.2 10216 10217.4 10215.8 10212.2 10207.9 10194.3 10194.8 10186.3 10176.2 10161.3 10154.7 10150.3 10151.7 10142.5 10133.5 10131.2 10130.6 10130.1 10129.6 10129
10247.8 10267 10275.1 10277.7 10279.9 10278.2 10274.6 10265.2 10255.7 10246.6 10233.4 10225.9 10225.4 10229 10235.1 10243.9 10253 10262.9 10273.5 10283.5 10270.2 10255 10244.5 10237.2 10232.3 10230.4 10230 10230.1 10231.7 10233.4 10234.3 10232 10231.3 10227.9 10224.4 10222.1 10205.3 10200.7 10200.1 10201.4 10204.5 10206.2 10204.1 10204.3 10207.9 10211.9 10214.7 10216.4 10216.4 10216.8 10219.1 10229.1 10165.4 10134.2 10183.3 10181.8 10165.7 10154.3 10151.2 10153.3 10151 10142.6 10135.9 10132.5 10129.8 10128.5 10126.6
10249 10264.5 10286.2 10296.2 10286.3 10278.7 10280 10285.6 10263.7 10242.5 10217.7 10206.7 10210.5 10218.6 10228.8 10239.3 10250.1 10261.8 10273 10279 10271.1 10258.3 10247.3 10239.3 10233.9 10231.2 10231.1 10231.2 10234.3 10238.7 10244.8 10243.4 10237.2 10230.8 10225.1 10215.8 10202.4 10200.5 10202.1 10206 10210.4 10212.6 10212.4 10213.1 10214.6 10215.5 10216.7 10217.7 10218 10218.2 10220.5 10219.1 10211.4 10196.9 10190.7 10187.6 10174.4 10163 10155.9 10153.2 10150.8 10145.1 10138.5 10134 10130.6 10129.2 10126.4
10251 10270.7 10288.8 10296.5 10278 10262.5 10256.2 10254.3 10239.8 10226.4 10204.9 10193.1 10199 10208.1 10219.1 10231.1 10244 10257.8 10268.6 10272.7 10270 10258.1 10247.1 10236.8 10231.4 10229.3 10229.5 10231.2 10234.7 10239.7 10245.2 10243.7 10238.7 10232 10225.1 10219.9 10204 10201.1 10203.8 10208.6 10215.9 10217.8 10217.5 10220.3 10220.8 10218.2 10218 10219 10220.1 10220.3 10219.8 10216 10213.8 10206.5 10197.7 10188.5 10181.7 10166 10156.9 10151.4 10144.9 10142.3 10138 10134.3 10130.8 10127.9 10125.4
10250.9 10262.9 10273.1 10273 10253.2 10233.9 10213.7 10191.6 10214.4 10214.4 10197.8 10187.1 10189.5 10198.1 10209.8 10222.7 10236 10250 10262.9 10274.7 10269.9 10250.5 10236.1 10229.5 10226 10225 10225.8 10228.3 10231.8 10236.6 10240.5 10239 10235.2 10230.6 10223.3 10217.1 10202 10202.6 10205.9 10209.7 10212 10215.8 10217.7 10219.1 10219.2 10217.8 10218.1 10219.6 10222.5 10222.3 10219.8 10219.1 10217 10211.3 10206.3 10191.4 10179.1 10167 10158.7 10151.5 10143.8 10140.7 10137.2 10134 10131.3 10127.8 10124.9
10255 10265.8 10254.5 10234.9 10221.5 10205.3 10189.2 10184 10214.9 10205.4 10189.9 10182 10180 10188.1 10199.9 10213.9 10228 10241.3 10252.7 10261.7 10256.7 10237.6 10224.1 10220.5 10219.5 10219.9 10221.8 10224.3 10227.5 10230.8 10233.7 10232.9 10231.2 10227.7 10224.5 10216.1 10209.2 10206.9 10208.9 10211.7 10214.6 10216 10216.8 10215.4 10213.2 10216.4 10217.7 10218.1 10219.6 10219.8 10217.2 10217.3 10217.2 10214 10205.6 10191.8 10182.7 10175.5 10162.2 10153 10147 10139.7 10137.6 10134.7 10131.4 10128.1 10124.8
10255.2 10266.2 10242.5 10211.3 10198.9 10185.9 10169.5 10170.6 10186.9 10187.9 10175.6 10165.2 10165.9 10176.1 10190 10204.8 10219.6 10232.1 10240.8 10242.6 10235.3 10225.3 10215.6 10212.7 10213.5 10215.5 10216.1 10217.2 10219 10221.5 10221.4 10224.7 10224 10222.5 10220 10218.9 10212.1 10211.7 10213.6 10214.7 10216.3 10217.5 10218.1 10217.7 10216.5 10219.3 10219.2 10215.7 10207.9 10209 10211.3 10210.9 10208.3 10202 10190.9 10182.5 10180.7 10180.2 10170.8 10153.3 10138.3 10138.6 10137.4 10135 10132.6 10129.7 10126
10242.7 10251.7 10232.4 10210.3 10195.8 10181.3 10168.8 10173.5 10181.1 10176.2 10161.5 10144.9 10151.5 10165.8 10182.1 10198.2 10212.5 10224 10232.4 10236.4 10235.5 10220.5 10207.4 10205.2 10208.9 10210 10209.1 10208.3 10208.6 10210.1 10212.6 10214.4 10216.3 10217.1 10213.5 10217.3 10216.8 10220.5 10221.5 10218.8 10216 10218.9 10221.1 10223.3 10225.2 10225.6 10223.4 10218.7 10211.3 10210.2 10209.4 10203.8 10197.2 10200.6 10191.7 10174.8 10174.9 10177.3 10173 10151.2 10142.2 10141.9 10140.6 10138.2 10135.7 10132.8 10129.1
10221.7 10226.3 10220.5 10210.3 10196.6 10183.8 10178.1 10183.6 10185.1 10172.9 10157 10140.3 10145.6 10161.4 10178.5 10194.8 10209 10221 10228.8 10231.9 10227.6 10219 10204.2 10208.4 10209.8 10207.4 10205.1 10201.7 10200 10197.4 10197.1 10204.3 10210.3 10215.7 10219.9 10227.4 10236.4 10238.1 10232.5 10226.2 10221.6 10222 10224.1 10228.1 10233.8 10232.3 10228.7 10225.8 10224.3 10219.7 10215 10207 10198.6 10197.8 10185.8 10169.3 10170.7 10172.7 10160.5 10159.6 10156.4 10149.9 10147 10144.8 10141.2 10136.9 10132.6
10208.1 10211.1 10207.2 10200.5 10191.4 10182.7 10183.7 10191.1 10187.2 10172.4 10158.3 10146.9 10149.4 10163.2 10179.3 10194.7 10208.5 10220.1 10228.4 10231.7 10225.3 10230.9 10236.2 10229.3 10215.1 10207.1 10200.9 10196.7 10193.4 10190.9 10190.9 10197.6 10205.7 10216.8 10225.8 10237.7 10250.3 10250.7 10242.5 10233.7 10227.3 10224.3 10224.6 10227.9 10232.5 10232.9 10231.6 10230.5 10229.3 10228.1 10226.6 10223.8 10223.2 10216.6 10198.3 10178.4 10173.9 10175.3 10179 10166 10162.5 10159.3 10155.1 10151.2 10146.8 10142.5 10138.3
10193.2 10196.3 10194.5 10187.1 10178.2 10175.1 10168.7 10176.6 10179.8 10172.6 10161.2 10151.8 10152.8 10168.8 10184.5 10198.9 10211.3 10223.1 10232.9 10241.8 10253.1 10249.3 10243.4 10231.3 10215.6 10204.8 10197.3 10192.2 10188.3 10188.7 10188.6 10192.2 10200.5 10213.8 10231.3 10248 10255.9 10256.6 10247.7 10237 10228 10223 10220.5 10221.7 10225.2 10228.2 10230.9 10233.8 10231.9 10235.5 10237.2 10242.5 10243.9 10230.8 10210.6 10196.3 10195.6 10199.6 10197.8 10179.3 10173.7 10169.1 10163.7 10158.5 10153.7 10148.9 10144.3
10184.3 10186.1 10186.4 10183.4 10180.3 10171.5 10167.1 10162.1 10171.3 10175.3 10172.9 10167.2 10168.8 10181.2 10191.2 10202 10213.8 10225.4 10236.8 10247.7 10252.9 10250.4 10234.7 10216.5 10206.5 10197.8 10191.9 10188.1 10184 10180.1 10181.5 10185.8 10192.4 10200.2 10211.4 10234.3 10251.2 10255.7 10246.5 10238.9 10227.1 10216.6 10210.7 10209.3 10213.4 10218.1 10222.1 10239 10251.5 10238.6 10237.5 10242.9 10237.7 10234.4 10224.4 10214.4 10217.8 10222.8 10214.5 10196.1 10186.4 10179.4 10173.1 10167.3 10161.7 10156.3 10151.2
10195 10187.8 10182.4 10178.7 10176 10165.5 10163 10175.2 10181.3 10185.2 10187.6 10188.8 10196.1 10197 10201.3 10207.9 10215.9 10225.3 10236.5 10248.5 10263.7 10258.1 10225.9 10204.6 10194.7 10189.7 10186.5 10184.7 10183.1 10172.1 10175.8 10180.2 10183.9 10191.4 10205.3 10225.2 10240.6 10240 10233.3 10222.7 10213.3 10203.2 10195.1 10189.8 10190.7 10194.9 10194 10206.7 10221.3 10225.8 10226.6 10223 10225.7 10228.3 10224.7 10220 10218.6 10218.2 10215.1 10207.4 10197.3 10188.9 10182.6 10175.7 10169.2 10163.1 10157.9
10199.9 10189.2 10180.3 10170.4 10158 10162.5 10165.7 10184.2 10191.8 10195 10198.8 10201.6 10207.8 10206.6 10207.8 10212.3 10217.1 10223 10229.2 10235.9 10239.9 10229.1 10207.2 10187.6 10181.7 10178.3 10177.7 10181.4 10190.4 10206.8 10185.7 10175 10172.5 10177.8 10190.5 10218.7 10228.4 10226.1 10216.1 10200.8 10195.5 10188.1 10178.6 10167.3 10151.7 10134.4 10157.4 10170.8 10188.8 10207.8 10217.2 10220.7 10224.9 10231.3 10222.6 10220.3 10219.4 10219 10214.8 10210.1 10205.3 10197.6 10189.2 10182 10175.9 10169.5 10163.5
10190.6 10186.1 10181.2 10173.5 10159.6 10172.8 10186.8 10195.3 10201.3 10203.3 10205.2 10205.3 10207.5 10207.6 10209.4 10211.4 10214.3 10217.1 10219.5 10218.1 10208.9 10192.1 10187.3 10184.6 10169 10164.2 10164.8 10169.2 10178.6 10188.6 10176.5 10163.1 10155.7 10157.2 10174.5 10192.4 10202.8 10204.9 10201.8 10197.8 10186.2 10174.6 10164.2 10152.9 10138.1 10128.4 10151.5 10167.7 10185.1 10201.1 10214 10224.8 10228.6 10228.2 10229.9 10221.6 10216.4 10223.5 10215.3 10210.2 10210.2 10203.4 10195.4 10187 10179.8 10172.9 10167.3
10176.9 10182.8 10188 10190.6 10194.3 10194.4 10205.9 10211.8 10207 10206.6 10207.3 10206.5 10204.4 10206.9 10208.9 10209.2 10209 10208.5 10208.4 10204.6 10196.1 10191.1 10172.6 10158.3 10149.2 10147.1 10147.5 10149.4 10151 10152.5 10150.7 10144.6 10136.8 10134.7 10155.6 10178.5 10187.2 10173.9 10168.8 10175 10170.3 10163.8 10157.2 10149.6 10145.6 10154 10167.2 10188.3 10195.4 10199.2 10205.2 10215.2 10229 10240.1 10226.4 10217.8 10211 10217.1 10219.8 10227.1 10214.8 10205.3 10197.5 10188.8 10181.8 10175.3 10169.5
10171.9 10183.4 10196.5 10210.3 10223.8 10215 10202.4 10202.9 10202.9 10203.1 10205.1 10206.3 10208.5 10209.4 10206.1 10202.4 10200.2 10198.2 10195.7 10194.2 10190 10187.5 10162.3 10136 10129.1 10130.6 10131.9 10131.2 10126.4 10123.8 10129.3 10129.4 10125.5 10118.8 10138.3 10164 10169.6 10150.2 10139.2 10139.3 10152.2 10155.2 10153.7 10151 10151.1 10159.9 10174.2 10211.7 10199.3 10196.3 10193.9 10200 10212.7 10213.1 10209.5 10207.2 10205.9 10208.1 10215.4 10221.6 10214.9 10204.4 10194.7 10187.2 10180.7 10175 10170.4
10171.1 10186.8 10203.2 10221.3 10239.8 10224.3 10194 10194.4 10194.6 10195.8 10199 10203.6 10209.5 10208.8 10199.6 10193.7 10189.7 10187.2 10184.4 10182.4 10177 10168 10149.5 10128.3 10120.9 10122 10120.7 10119.7 10119.7 10117.4 10118.5 10120.8 10124 10130.9 10143 10155.8 10163.2 10155.8 10150.1 10147.9 10151.7 10153.7 10153.8 10153.8 10155.2 10155.5 10169.7 10173.1 10192.8 10193.4 10189.4 10192.2 10199.5 10198.5 10194.1 10194.4 10199.3 10203.4 10208.4 10207.5 10205.1 10199.9 10193.3 10186.4 10179.4 10174.1 10170
10179.5 10192.2 10206.6 10222 10233.5 10225.2 10192.5 10185 10185.5 10187.2 10189.6 10192.2 10193.8 10193.5 10186.6 10182.2 10178.9 10176.2 10174.2 10168.9 10161 10149 10139.7 10132.4 10127.1 10120.5 10112.4 10106.7 10113.8 10113.4 10109.8 10115.2 10123.7 10130.3 10134.2 10147.8 10157.9 10155.8 10159.9 10162.6 10157.9 10157.9 10157.4 10158.3 10162.1 10172.6 10190.8 10208.7 10198.5 10194.2 10191.4 10187.7 10192.6 10196.7 10189.9 10193.8 10203.1 10206.1 10193.6 10189.4 10192.8 10193 10189.1 10184 10178.1 10171.9 10166.7
10187.2 10195.3 10205 10215.2 10219.1 10207.4 10189.1 10177 10175.1 10175.9 10175.9 10175.8 10173.3 10168.6 10168.5 10168 10166.4 10164.6 10161.5 10157.4 10150.2 10141.8 10139.4 10141.6 10141 10122.8 10105.2 10086.2 10066.6 10079.2 10095.8 10109.1 10120.5 10123.9 10129.4 10143.2 10146.7 10154.2 10154.5 10160.4 10161.9 10162 10162.8 10164.2 10166.8 10170.2 10177.6 10193 10200 10195.9 10187.4 10180 10164.6 10173.8 10196.8 10187.6 10202 10200.1 10195.8 10184.1 10183.2 10188.5 10186.5 10181.4 10175.8 10169.4 10162.5
10188.5 10192.6 10199.2 10204.6 10207.6 10201.3 10184.4 10170.8 10166.1 10164.4 10165.3 10162.6 10157.2 10152.4 10153.6 10152.7 10152.7 10152 10150.6 10148.6 10144.2 10139.9 10138.3 10140.2 10140 10123.3 10105.4 10083.2 10051.6 10067.9 10089.5 10105.6 10120.8 10134.6 10138.3 10146.6 10160.3 10164.3 10168.1 10166.1 10166.1 10167.3 10168.1 10169 10171.8 10174.2 10184 10202.6 10206.9 10201.8 10189.4 10184.3 10181.7 10178.8 10183 10183.2 10181 10188.5 10184.9 10179.1 10185.2 10186.6 10181.4 10177.3 10171.8 10166 10159
10179.2 10183.3 10189 10195 10196.8 10184.5 10171.9 10163.6 10160.2 10157.5 10154.1 10150.6 10146.4 10143 10140.8 10140.1 10140.5 10142 10143.3 10142 10139.5 10135.5 10133.2 10132.9 10127.6 10121.9 10113.7 10106.1 10109.5 10094.2 10097.7 10105 10113.8 10123.2 10134.2 10146.3 10157.2 10164.4 10166.9 10168.5 10167.9 10170.5 10175 10179.9 10185.5 10191.1 10205.6 10217.1 10219.6 10217.5 10208.1 10194.5 10181 10171.7 10165.4 10164.4 10169 10179 10176.8 10175 10175.7 10178.4 10175.7 10172.7 10169.3 10165.4 10160.1
10170.6 10170.5 10176.7 10183.7 10186.1 10167.4 10151.7 10153.9 10150.7 10147.5 10143.4 10138.3 10133.7 10130.9 10127.3 10129.4 10131 10134.8 10135.5 10136.2 10136.1 10136.2 10135.3 10132.6 10124.9 10124.4 10123.3 10123 10121.6 10114 10108.2 10106.4 10107.4 10113.6 10128.2 10143.5 10158.7 10167.2 10162.8 10164.1 10169.2 10174.7 10181.7 10187.8 10195.9 10204.4 10215.1 10224.3 10228.2 10234.3 10232.9 10202.7 10179.4 10165.4 10156 10150.7 10157.4 10165.7 10164.7 10166.6 10166.2 10167.3 10169.1 10169.9 10169.6 10167.8 10163.4
10142 10154.8 10163.3 10171.9 10179.1 10172.2 10161.9 10150.2 10144.6 10140.4 10135.2 10129.8 10122.3 10113 10113.8 10121.1 10124.7 10127.9 10130.9 10132.4 10133.6 10135.7 10143.9 10133.7 10136 10133.7 10131.2 10131.5 10133.1 10123.4 10116.2 10109.9 10105.7 10114.5 10125.1 10138.7 10153 10166.7 10169.8 10165 10171.6 10179.3 10186.9 10195.2 10204.5 10213.1 10228.4 10225 10224.8 10227.8 10222.2 10201.5 10178.9 10164.4 10153.1 10152.5 10156.4 10160.2 10160.7 10159.8 10155.2 10157.3 10163.4 10168.5 10171.7 10172.8 10170.6
10144.5 10143.6 10148.6 10155.8 10163.3 10160.4 10152.7 10144.6 10138.5 10132.6 10128.2 10122.8 10117.1 10111.4 10113.5 10117.1 10120.1 10125.3 10128.2 10130.3 10131.3 10128.5 10116.4 10126.2 10134.6 10135.4 10135.9 10132.7 10129.3 10130.3 10124.2 10116.6 10107.4 10113.5 10122.7 10132.7 10142.9 10156.2 10171.4 10167 10173.5 10182.7 10192.3 10200.8 10208 10212 10206.1 10203.8 10209.6 10216.1 10212.3 10198.1 10180.4 10166.2 10156.3 10156.8 10156.8 10157.4 10163 10163.3 10151.1 10151.9 10159.8 10166.9 10173.7 10180.3 10184.2
