real_craters/C176-300m.grd
DSAA
473 473
-70.805 70.805
-70.805 70.805
8052.2728334306 10828.815817101
[rows 120 to 149 of 473, columns 268 to 334 of 473]
10060.3 10062.2 10064.2 10062.7 10066 10068.9 10070.8 10075.1 10077.9 10079.3 10078 10080.6 10081.4 10080.7 10081.5 10080.8 10088.7 10084.1 10080.7 10075.3 10071.8 10069.1 10068.2 10069.8 10071.1 10079.9 10089.7 10095.7 10096.9 10095.2 10090.9 10088.2 10087.6 10086.2 10084.1 10082.4 10081.8 10082.1 10082.8 10084.3 10086.4 10088.8 10092.1 10095.3 10093 10086.7 10081.3 10077.3 10073.4 10069.9 10066.6 10063.7 10060.9 10060.9 10064.7 10068.8 10070.9 10071.3 10073 10072.7 10070.5 10067.7 10065.5 10064.6 10064.2 10064.4 10066.7
10059.9 10063 10065.2 10064.3 10067.2 10069.4 10071 10070.8 10072.6 10074.2 10075 10077.8 10078.8 10077.3 10079.6 10078.4 10081.9 10080.8 10079.6 10077.3 10076.8 10078.8 10080.6 10084.6 10090.2 10093.2 10097.9 10101.5 10102.9 10101.8 10100.4 10101.4 10098.4 10096.2 10093.6 10091.3 10089.8 10090.3 10089.5 10088.8 10088.7 10088.2 10087.9 10086.2 10082.8 10080.8 10077.8 10074.9 10072.1 10069.5 10066.7 10063.8 10061.3 10060.9 10065.5 10071.3 10075.5 10077.6 10076.1 10073.3 10069.7 10066.2 10064.1 10064.7 10066.1 10068.2 10072.1
10058.2 10060.7 10062.8 10065 10066.7 10068.5 10069.6 10070.7 10072.5 10073.5 10073.8 10075 10076.3 10079.1 10081.9 10081.6 10084.7 10084.1 10082.5 10081.1 10083.2 10086.4 10089.9 10095.6 10100.1 10102.2 10105.5 10109.8 10108.9 10107.7 10107.9 10109.2 10108 10106 10103.4 10099.2 10096.7 10094.4 10092.8 10089.2 10087.8 10085.7 10083.5 10080.6 10077.7 10076.4 10074.9 10073.1 10071.7 10069.4 10067.4 10065.1 10062.6 10061.6 10068.8 10077.3 10082.7 10083.8 10081.3 10076.2 10070.3 10065.3 10063.3 10066.1 10070.1 10074.4 10080.1
10057.1 10058.8 10060.4 10059.7 10062.5 10064.3 10066.8 10069.3 10070.9 10070 10071.1 10074.1 10075.4 10078.3 10081.7 10081.4 10086.8 10086.8 10087.1 10086 10088.7 10092.9 10097.5 10101.7 10105.1 10107 10108.7 10111.1 10110.9 10112.4 10119.3 10120.9 10115.2 10112.8 10109.3 10104.2 10099.8 10096.4 10092.5 10089.4 10086.1 10083.5 10080.4 10077.6 10075.6 10073.6 10072.2 10071.2 10072.3 10071.1 10069.4 10068.2 10067.1 10067.6 10076 10087.3 10095.7 10095.3 10088.8 10080.3 10072 10065.4 10063.8 10069.7 10076.5 10082.9 10089
10058.9 10060.2 10061.5 10062.9 10063.3 10064.8 10064.4 10063.8 10066.2 10068.1 10067.7 10069.1 10072.1 10076.3 10080.6 10079.5 10085 10086 10087.4 10090 10093.2 10095.5 10098 10100.4 10106.8 10108.6 10107.5 10106.2 10107.6 10112.5 10120.9 10121.7 10120.6 10117.7 10112.6 10106.4 10100.7 10096.6 10091.7 10088.2 10084.4 10080.9 10077.6 10074.5 10071.9 10070.6 10069.9 10070.3 10072.8 10073 10073 10073.4 10074.4 10076.8 10085.5 10098 10111.4 10108.1 10095.8 10084.8 10074.9 10067.4 10067.6 10076.3 10086.3 10095.2 10101.5
10065 10066.1 10066.5 10067.8 10067.6 10068.8 10070 10069.5 10070.7 10071.1 10071.4 10072.9 10073.5 10078.1 10081.8 10082.9 10084.6 10086.2 10087.8 10089.3 10094.4 10095.9 10097.6 10099.7 10105.2 10107 10105 10102.3 10103.7 10110.6 10121.3 10128.9 10127.6 10121.2 10113.5 10106 10100.3 10095.8 10091.1 10086.7 10082.4 10078.7 10075 10071.7 10069.1 10068.3 10068.6 10069.4 10070.8 10074.8 10076.6 10078.8 10082 10087.6 10095.1 10102.7 10112.8 10109 10098.8 10088.3 10078.8 10072.4 10075 10086 10099.4 10112.6 10123.6
10066.2 10066.9 10067.7 10068.5 10069.4 10070.2 10070.4 10070.1 10070.4 10072 10072.3 10073.5 10074.9 10082.3 10086.6 10087.1 10088.7 10090.5 10092.4 10094.7 10097.6 10097.5 10096.8 10099.5 10103.9 10104.9 10103.4 10100.8 10101.2 10106.5 10121.7 10135.5 10131.4 10120.5 10111.4 10104.4 10098.8 10093.4 10088.9 10084.7 10080.7 10076.9 10073 10069.6 10067.3 10066.6 10067.7 10068.6 10071.1 10076.9 10080.1 10083.7 10088 10093 10097.7 10101.8 10102.1 10103.9 10099.4 10091.9 10084 10078.3 10083.8 10097.2 10113.4 10131.5 10151.7
10073.8 10073 10074.3 10075 10076.5 10077.3 10075.5 10075.3 10076.1 10075.9 10077.4 10078.6 10080.7 10086.1 10086.7 10089.9 10091.2 10092.8 10094.6 10096.2 10099.8 10100.4 10099.9 10102.9 10106.8 10106.9 10104.1 10100.6 10099.8 10105.1 10119.8 10126.2 10120.9 10113.3 10106.9 10101 10095.4 10090.7 10086 10082.5 10078.4 10074.7 10070.9 10068.2 10066 10065.6 10067.1 10069.8 10072.6 10078.9 10083.3 10088 10092.8 10096.6 10100.2 10103.8 10104.2 10104.3 10101.9 10097.3 10092 10087.3 10095.1 10108.7 10124.9 10143.9 10165.9
10078.7 10079.2 10079.7 10080.2 10080.9 10080.4 10081.1 10082.1 10082.8 10085.6 10081.7 10084.2 10087.6 10093.2 10092.6 10093.9 10095.5 10095.3 10097.2 10100.9 10103.7 10106.5 10110.9 10114.5 10114.3 10111.9 10106.3 10102.1 10101.1 10107 10110.6 10109.3 10103 10102.1 10099.6 10095.2 10091.7 10087.9 10084.4 10080.8 10076.6 10072.8 10069.6 10066.9 10065.4 10065.6 10066.6 10070.4 10074.5 10080.8 10086.3 10092 10097.8 10103.2 10108.1 10109 10110.5 10108.1 10106.3 10104.5 10103.3 10104.4 10109.1 10119 10132 10146.7 10161
10084.3 10084.6 10083.4 10083.9 10084.9 10085.9 10086.6 10085.6 10088.1 10089 10091.3 10092 10093.3 10100 10100.1 10099.4 10099.9 10100.7 10101 10103.6 10106.5 10111.5 10118.7 10123.1 10118.3 10111.9 10107.6 10104.2 10102.7 10103.8 10104 10098.8 10092.7 10092.9 10092.8 10090.6 10088.6 10085.9 10083.1 10079.9 10075.8 10072 10068.5 10065.6 10063 10061.6 10065.5 10070.6 10076.1 10082.8 10089.1 10095.8 10102.4 10108.4 10112.3 10111.8 10110.4 10111.5 10111.4 10111.7 10113.8 10118 10120.6 10126.7 10135.2 10144.6 10151.6
10085.8 10085.8 10088.8 10089.1 10090.7 10091.6 10092.2 10092.8 10093.4 10098.3 10099.2 10100.4 10099.4 10105 10105.7 10108.3 10108.6 10108 10104.3 10105.3 10107.5 10111.7 10119.4 10126 10119.1 10111.9 10109.4 10106.4 10104.1 10103.8 10101.1 10094.1 10086.9 10087.5 10088.9 10087.6 10086.8 10084.4 10081.9 10078.3 10075.4 10072 10068.7 10065.3 10062.6 10061.9 10065.9 10071.5 10077.7 10084.5 10091.4 10098.6 10106.2 10112.9 10117.6 10117.1 10115.3 10115.1 10116 10117.3 10120.2 10124 10126.9 10131.2 10136.6 10141.8 10144.9
10096.3 10096.3 10097.4 10097.5 10101.7 10101.1 10101.3 10101.6 10101.9 10102.2 10105.4 10106.1 10105.5 10112.4 10112.7 10115.9 10112 10110.8 10109.7 10108.9 10107.9 10108.3 10111.6 10113 10115.4 10117 10114.2 10108.7 10104.8 10104 10101.1 10091.6 10086.7 10086.4 10087.1 10086 10084.8 10083.8 10081.9 10079 10076.3 10072.8 10069.9 10067.1 10065 10065 10068.2 10073.4 10079.8 10086.7 10093.7 10101 10108.5 10116.8 10125.5 10122.9 10118.6 10118 10119.1 10121.1 10123.6 10126.7 10130 10133.5 10137 10139.4 10140.9
10110.4 10110.4 10110.7 10110.7 10111.1 10110 10110.8 10110.9 10110.4 10110.5 10110.8 10111.1 10113.4 10115.1 10115 10116.3 10119 10116.7 10114.1 10106.8 10106.3 10104.6 10104.4 10105.2 10115.1 10121.5 10117.3 10110.3 10102.4 10100.9 10100.8 10092.8 10088.3 10087.7 10087 10086.1 10085.9 10084.6 10082.4 10079.9 10077.9 10074.9 10072.2 10069.7 10067.9 10067.2 10070.5 10076 10082.4 10088.9 10095.4 10101.7 10108.4 10115.9 10122.1 10121.8 10119.9 10119.4 10120.7 10123.2 10126.1 10128.8 10131.5 10134 10136.4 10138.2 10139.3
10118.1 10117.9 10119.7 10119.5 10119.6 10118.6 10118.4 10118.4 10117.5 10117.4 10117.3 10116.5 10117.1 10117.5 10117.1 10115.6 10115 10115.7 10113.6 10110.4 10108.6 10103.4 10101.1 10113 10117.4 10116.7 10115.3 10113.7 10110.8 10106 10104.4 10098 10092.2 10090.3 10089.9 10087.9 10086.8 10085.8 10083.5 10081.5 10079.8 10077.7 10075.7 10073.7 10072 10071 10074.2 10079.6 10085.3 10090.9 10096.5 10101.8 10107.1 10111.8 10115 10118.2 10118.2 10119 10121 10123.9 10127.4 10129.8 10132 10134 10135.9 10137.9 10139.5
10123.7 10123.4 10123 10124.3 10124.9 10124.4 10124.2 10123.9 10123 10122.8 10122.6 10121.5 10124 10120.5 10119.7 10118 10120.5 10118.7 10118.3 10114.3 10111.1 10104.9 10103.1 10111.8 10117.7 10116.5 10116.5 10119.1 10120.9 10120.6 10114 10103.8 10096.5 10095.4 10094.3 10092 10090.2 10088.2 10085.6 10085.3 10083.1 10081.5 10080.1 10079.2 10078.3 10078.2 10080.7 10084.7 10088.6 10093.1 10097.5 10101.4 10105.2 10108.1 10109.9 10109.7 10113.7 10117.2 10120.6 10123.7 10126 10129.1 10131.9 10133.9 10136 10138.4 10141
10128.1 10128.5 10129.7 10130.4 10129.9 10129.2 10128.8 10128.8 10128.2 10127.8 10126.6 10126.7 10127.6 10126.4 10128 10127 10126 10123.7 10122 10117.4 10115.7 10109.5 10108.1 10115.5 10120.1 10120.5 10122.5 10124.6 10127.3 10129.7 10121.1 10108.9 10101.5 10102.5 10099.8 10096.5 10094 10092.5 10090.9 10088.4 10087.3 10086.9 10085.9 10084.8 10085.3 10086.5 10088.6 10090.7 10093.2 10096.1 10099.1 10101.4 10103.9 10105.4 10106.6 10108 10111.1 10115.6 10120.2 10124.4 10126.5 10129.7 10131.7 10133.5 10136 10139.4 10143.3
10138.5 10137.2 10137.4 10136.8 10135.1 10134.5 10134 10133.5 10132.2 10131.7 10131.8 10132.5 10134 10132.2 10132.6 10131.7 10132.3 10130.6 10129.6 10125.5 10124.1 10117.5 10112.5 10115.8 10117.9 10121.4 10125 10125.1 10129.5 10129.9 10121.1 10110.9 10105.3 10107.6 10103.6 10101.3 10099.3 10096.9 10095 10094 10092.6 10091.4 10091 10091.3 10092.6 10093.7 10095.3 10096.5 10097.6 10099.3 10101.7 10102.5 10104.5 10105.3 10105.6 10106.1 10110 10114.3 10119.8 10127.1 10131.6 10132.3 10131.8 10133 10136.2 10140.4 10145.8
10147.8 10146.6 10145.7 10145 10142.8 10139.8 10139 10138.3 10137.2 10136.8 10136.3 10136.6 10137 10136.5 10136.1 10136.5 10136.5 10136.4 10136.7 10135.1 10137.1 10134.7 10128.1 10121 10116 10117.6 10118.5 10117.9 10119.5 10124.5 10115.8 10110.9 10106 10103.6 10104.7 10104.2 10102.8 10101.8 10100.7 10098.7 10097.9 10097.2 10097 10098 10098.8 10100.2 10102.8 10101.8 10101.9 10103 10104.5 10105.3 10106.3 10106.8 10107.5 10109.4 10111.1 10112.5 10116.2 10126.6 10141.2 10132 10129.8 10131.9 10136 10141.2 10148.3
10154.5 10152.7 10152.1 10151 10148.8 10147.8 10148.8 10147.7 10145.4 10144.5 10143.6 10143 10143.2 10139.7 10139.6 10139.8 10140.3 10137.7 10141 10142 10148.5 10153.3 10147.1 10129.2 10117 10117.6 10118.9 10114.1 10110.4 10107.4 10110.5 10113.5 10113.4 10109.7 10109.2 10107.6 10105.8 10106.7 10105.4 10104.9 10104.1 10103.2 10102.8 10102.9 10103.5 10104.2 10104.7 10105 10105.3 10106.3 10109.7 10109.7 10108.6 10108.9 10110.2 10112.5 10112.3 10109.7 10106.9 10107 10112.8 10118.9 10124.2 10130 10135.7 10141.5 10148.5
10157.4 10159.3 10158 10157.9 10155.4 10156.8 10155.6 10153.5 10152.3 10151.2 10150.1 10150.4 10150.6 10145.8 10144 10141 10140 10141 10143.9 10147.3 10155.4 10161.6 10153.2 10135.5 10122.2 10123.4 10125.9 10124.4 10124.6 10119.3 10118.8 10121.8 10123.3 10120.1 10115.8 10113.2 10111.4 10109.7 10108.7 10110.7 10109.3 10108.6 10107.8 10107.2 10107.1 10106.9 10106.4 10107.5 10108.6 10109.6 10111.3 10112.8 10112.7 10111.3 10112.3 10115.7 10115.3 10109.3 10099.5 10084.3 10083.6 10105.1 10119.7 10129.4 10137.1 10143.5 10149.5
10160.7 10158.5 10160.5 10160.6 10159 10157.4 10159.1 10156.9 10155.4 10155.7 10154.1 10151.6 10150.2 10146.1 10144.8 10145.7 10145.5 10144.4 10145.1 10147.3 10152.4 10160 10151.6 10137.6 10130.3 10133.7 10143.7 10153.9 10171 10164.8 10143.4 10132.6 10128.5 10125.7 10120.3 10116.6 10114.5 10114.8 10114.1 10114.5 10113.6 10112.9 10112.2 10111.7 10111.2 10110.7 10110.9 10111.1 10112.1 10113.4 10115.6 10117.5 10116.8 10115 10114.1 10118.1 10119.5 10115.5 10105.9 10089.5 10089 10108 10122.7 10133.1 10141.5 10148.8 10156.1
10166.8 10163.9 10161.9 10165.2 10163.8 10162 10163.5 10161.3 10159.6 10158.1 10156.9 10154.8 10153.3 10147 10146.9 10146.8 10145.7 10147.1 10145.9 10144.2 10141.7 10136.3 10135.6 10132.2 10131 10136.4 10153.4 10174.7 10183.5 10168 10147.4 10138.1 10129.9 10122.4 10120.7 10119.2 10118 10118.7 10118.3 10115.8 10115.4 10114.8 10114.3 10115.7 10115 10114 10113.5 10114 10116 10118.7 10121.4 10123.3 10123.5 10122 10119.6 10124.8 10128.9 10128.8 10127.1 10125.5 10122.7 10126.4 10133.5 10141 10148.7 10156.8 10164.5
10171.3 10169.1 10166.8 10169.1 10166.7 10164.6 10162.7 10162.3 10160.6 10159 10158.5 10155.6 10153.7 10142.6 10147.5 10147.4 10147.9 10148.4 10146.2 10141.6 10134.8 10125 10125.9 10124.5 10122 10125.7 10135.8 10146.4 10155.4 10151.3 10145.2 10142.7 10132.6 10123.7 10122.4 10121.8 10121.6 10120.6 10119 10120.8 10120.4 10120 10119.6 10120.1 10119.2 10117.9 10115.6 10116.5 10121.2 10124.7 10127.3 10130.1 10132.2 10133.3 10133.2 10138.1 10142.6 10144.7 10149.7 10159.4 10153.3 10147.1 10147 10150.8 10156.9 10165.3 10176
10181.4 10178.6 10174.1 10175.5 10172.4 10168.7 10166.4 10163.6 10162 10160.3 10158.5 10155 10153.5 10140.5 10145.9 10146.3 10149.1 10149.1 10146.9 10142.7 10137.1 10130.2 10126.1 10121.2 10115.4 10114.5 10118.9 10122.3 10126.5 10147.2 10165.2 10151.5 10137.6 10126.6 10122.5 10124.2 10124.3 10123.8 10123.3 10124.1 10123.8 10123.5 10123.5 10124.6 10124 10124.1 10124.7 10127.4 10129.3 10131.8 10134.7 10138 10141.4 10145.8 10150.2 10150.1 10152.4 10156.1 10162.6 10169.9 10166.9 10160.9 10158.2 10159.3 10163.8 10171.6 10181.5
10193.8 10190.5 10187.3 10181.5 10178.4 10175.7 10171 10167.9 10165 10162.9 10162.3 10155 10152.1 10135.7 10140.9 10142.5 10147.1 10148.9 10148.3 10144.7 10143.1 10138.7 10130.7 10123 10115.7 10111.7 10113.1 10117.3 10125.2 10145.9 10161.4 10152 10140 10130.3 10128.3 10130.3 10129.1 10128.1 10126.6 10124.8 10123.7 10123.9 10125 10128.4 10129.2 10130.7 10133.6 10136.2 10137.4 10139.2 10142.1 10145.5 10149 10153.7 10157.8 10156.7 10157 10162.6 10169 10172.4 10172.3 10168.7 10166.7 10166.3 10168.6 10174.6 10183.9
10200.9 10197.4 10191.4 10186.6 10183 10179.5 10173.8 10170.6 10167.9 10162.3 10162.6 10155.6 10149.4 10134.1 10137.8 10140.2 10144.1 10147.8 10149.7 10147.2 10146.1 10142.7 10135.2 10127.7 10121.3 10116.7 10113.9 10120.4 10131.9 10140.6 10144 10143.5 10139.6 10136.9 10142.1 10137.7 10133.5 10130.6 10127.8 10126.7 10126.5 10127 10128.6 10132.3 10134 10136.1 10138.8 10141.5 10143.6 10145.9 10148.5 10151.9 10154.5 10157.1 10159.4 10161.6 10162.5 10169.1 10175.7 10179.6 10177.6 10174.8 10171.8 10171.3 10171.5 10174.9 10182
10201.6 10197.4 10191.8 10187.2 10184.4 10180.6 10176.2 10171.3 10168.5 10165.6 10165.1 10156.3 10153.5 10132.8 10139.6 10141.4 10144.1 10146.9 10148.8 10147.1 10145.2 10142.4 10138.1 10133 10128.3 10124 10116.8 10120.7 10135.7 10136.9 10136.3 10137.5 10137 10136.7 10142.7 10139.5 10134.5 10130.4 10128.8 10127.7 10129.1 10130.1 10131.9 10134.7 10138.2 10141.2 10143.6 10144.6 10149.3 10152.6 10154.9 10157.4 10158.8 10161.1 10164.1 10168 10173.8 10177.9 10181.1 10183.3 10181.6 10179.7 10177.2 10175.7 10173.9 10175.1 10182.7
10202.7 10198 10193.1 10188.6 10185 10180.4 10176 10172.7 10169.2 10167.8 10169.6 10165.4 10155.6 10139.2 10138 10140.1 10143.1 10151.1 10149.9 10147.1 10141.7 10141 10140.4 10137.4 10133.3 10127.7 10120.3 10124.1 10128.8 10134.2 10137.5 10137.3 10133.5 10129.8 10134 10136.3 10132.2 10128.7 10127.5 10127.2 10129.2 10130.7 10133.5 10137 10141.7 10146.3 10150.4 10153.7 10158.2 10160.5 10161.2 10162.2 10162.2 10161.7 10165.7 10171.9 10178.6 10181.3 10181.3 10181.8 10184.1 10184 10182.7 10181.2 10178.4 10177.3 10185.4
10208 10200.4 10192.5 10187.2 10181.6 10177.3 10175.2 10171.4 10169.5 10166.1 10169.2 10165.3 10141.4 10142.9 10139.1 10139 10143.7 10152.3 10150.9 10150 10144.2 10144.9 10144.7 10142.2 10138.8 10133.4 10126.9 10125.1 10127.4 10131 10136.2 10135.6 10129.3 10124.9 10128.6 10129.1 10125.6 10123.7 10124.2 10125 10127.2 10130.2 10134 10138.3 10144.6 10151 10158.5 10166.8 10169.3 10167.9 10166.2 10166.4 10167 10164.8 10168.9 10173.3 10177.2 10181 10184.5 10185.8 10187.3 10188.4 10188.9 10188.5 10186.2 10185.9 10194.6
10210.1 10204.6 10195.8 10189.1 10183.6 10179 10174.1 10169.3 10165.4 10163.1 10165.9 10167.6 10140.9 10141.5 10142 10144 10140.4 10150.5 10153.5 10158.3 10158.9 10155.2 10150.5 10146.5 10143.7 10142.1 10132.7 10123.9 10122.2 10125.4 10128.3 10126.8 10122.8 10119.4 10117.4 10115.6 10115.3 10116.2 10118.7 10121.4 10124.6 10128.5 10133.1 10138.5 10145.7 10153.1 10162.4 10172.6 10174.9 10171.4 10168.5 10167.8 10170.9 10178.8 10173.9 10173.2 10174.9 10178.1 10183.7 10187.4 10189.8 10193.4 10195.9 10197.5 10196.8 10196.9 10203.2
