real_craters/C176-300m.grd
DSAA
473 473
-70.805 70.805
-70.805 70.805
8052.2728334306 10828.815817101
[rows 90 to 119 of 473, columns 268 to 334 of 473]
9981.98 9983.48 9984.76 9986.28 9987.51 9988.9 9990.35 9992.62 9994.41 9995.88 9997.7 9999.76 10001.9 10003.9 10006.9 10010.9 10015.5 10020.9 10023 10023.8 10024.6 10028.3 10030.2 10029.3 10031.8 10031 10028.1 10023.1 10020.7 10021.5 10021.6 10020.7 10018.8 10016 10014.1 10018.9 10019.6 10017.3 10014 10009.5 10006.9 10011.5 10016.2 10020.1 10022.7 10025.7 10028 10030.3 10033.5 10036 10036.8 10038.3 10039.8 10041.6 10044.2 10046 10046.9 10047.3 10046.9 10045.7 10043.4 10044.7 10058.2 10065 10070.1 10073.6 10073.8
9983.66 9984.36 9985.85 9988.56 9990.09 9991.53 9993.04 9994.19 9995.42 9997.24 9999.17 10000.9 10003.3 10005.7 10009 10013.5 10018.8 10026.3 10034.3 10035.3 10038.5 10039.5 10039.4 10039 10037.6 10034 10029.9 10026.9 10024.2 10024.3 10024.4 10024.2 10023.7 10023.5 10025.9 10031.9 10029.2 10024.4 10018.6 10011.7 10008.3 10013.6 10019.3 10023.4 10025.4 10028.2 10030.1 10031.9 10034.4 10036.7 10037.6 10039.2 10041.2 10044.1 10047.3 10049.6 10050.9 10052.4 10051.7 10050.8 10049.9 10053.8 10062.9 10069.5 10074.8 10079.8 10082.5
9986.84 9987.79 9989.02 9989.06 9990.77 9992.3 9993.91 9995.82 9997.64 9999.37 10001.2 10003 10005.1 10006.8 10010.1 10013.7 10018.3 10024.7 10031.5 10037.3 10046.3 10046 10046.7 10050.1 10043.5 10036.1 10030.5 10028 10028.9 10028.9 10029.1 10029.3 10029.9 10031.8 10036.4 10040.1 10037.4 10032.3 10026.7 10020.4 10016.2 10021.4 10026.2 10029.1 10030 10031.4 10032.1 10033.4 10034.3 10035.4 10037.4 10040.1 10043.2 10047.3 10050.8 10054 10055.9 10058.3 10058.5 10058.3 10058.6 10062.2 10068.4 10073.9 10077.6 10081.4 10083.3
9988.83 9989.86 9990.5 9991.6 9993.09 9994.51 9996.02 9997.93 9999.35 10001 10002.8 10004.7 10006.7 10008.2 10010.9 10012.9 10014.7 10015.6 10015.8 10027.5 10038.7 10043 10044.9 10047.8 10041.7 10035.3 10031.4 10031 10033 10033.4 10033.6 10034 10034.9 10037.1 10042.2 10047.1 10044.2 10040.2 10036.6 10033.9 10033.6 10034 10035.2 10034.1 10034.4 10034.4 10034.5 10034.4 10034.5 10035.3 10037.5 10041.4 10045.8 10050.5 10055 10059.2 10061.9 10065.2 10066.4 10067.1 10068.2 10072.2 10077.6 10079.4 10077.8 10074.6 10071.4
9990.08 9990.67 9991.73 9993 9994.64 9996.01 9997.47 9998.84 10000.3 10002.2 10003.9 10005.8 10007.6 10009.7 10011.7 10012.6 10012.7 10011.4 10010.7 10020.8 10032.2 10037 10036 10032 10030.3 10031.9 10034 10037.1 10037.9 10037.9 10037.5 10038.1 10039.1 10040 10044.1 10048.7 10047.9 10046.1 10045.3 10046.3 10048.7 10047.3 10044.6 10040.4 10038.9 10037.6 10036.8 10036.2 10035.6 10035.6 10038 10043.4 10049.2 10054.7 10060 10065 10069.2 10073 10075.5 10076.6 10076.9 10081 10085.2 10083.5 10076.7 10068.6 10062.5
9991.39 9993.49 9994.55 9994.63 9996.05 9997.37 9998.43 9999.89 10000.7 10003 10005.2 10006.9 10008.5 10010.9 10012.4 10013.3 10013.8 10013 10013 10020 10029.2 10031.2 10027.7 10021.8 10022 10028.8 10034.5 10039.3 10040.5 10040.5 10040.6 10041.8 10043.4 10044.8 10046.7 10049 10049.2 10049.3 10050.6 10054.1 10059.5 10057 10051.3 10045.6 10042.9 10041 10039.7 10038.8 10038 10037.3 10039.7 10046.2 10053.1 10059.5 10065.4 10071.3 10076.4 10081.2 10085.3 10088.1 10088.8 10091.2 10092.1 10086.6 10074.5 10063.3 10055
9992.91 9994.68 9995.78 9995.74 9997.78 9999.06 9999.96 10001.4 10002.6 10004.9 10006.5 10008.1 10009.8 10011.4 10012.5 10014.7 10016.5 10018 10021.4 10024.8 10024.7 10023.9 10023.9 10022 10023.2 10029.4 10033.7 10036.4 10039.7 10041.1 10042 10043.9 10046.4 10048.8 10046.1 10047.1 10048.3 10049.3 10051.5 10055.1 10059.3 10058 10053.4 10048.1 10045.5 10043.7 10042.9 10042.5 10042 10042.4 10045.1 10050.8 10057.8 10064.4 10070.8 10076.9 10082.8 10088.8 10095 10100.7 10103.5 10101.7 10097.9 10088.5 10069.7 10051.3 10044.2
9994.99 9996.96 9997.59 9998.82 9999.65 10001 10001.5 10003 10004 10007.7 10009.5 10010.8 10012.4 10013.8 10015 10017.3 10019.6 10022.6 10028.4 10029.5 10023.6 10021.5 10026 10029.5 10033 10034.3 10035.1 10036 10038.4 10040 10041.8 10044.3 10047.1 10048.8 10044.7 10044.3 10045.7 10047.3 10049.3 10051.5 10053 10052.7 10051.6 10048.6 10047.2 10046.5 10046.4 10046.7 10047.1 10048.2 10050.5 10056.4 10063.1 10069.4 10075.3 10081.4 10087.7 10094.7 10102.6 10110.8 10114.4 10108 10098.8 10084.4 10063.2 10044 10035.7
9999.28 9998.97 10000 10001.7 10003.1 10004.7 10006 10007.5 10009.4 10011.1 10012.4 10013.6 10015 10016.6 10017.2 10019 10021.6 10024.6 10027.4 10028.1 10026.7 10027.9 10032.2 10037.5 10042.3 10039.2 10036.7 10035.3 10035.9 10038.2 10040.1 10042.2 10045 10046.5 10041.8 10041.2 10042.3 10043.7 10045.3 10046.6 10046.7 10046.9 10048.6 10048.2 10048.2 10048.6 10049.6 10051.4 10053.3 10054.8 10056.4 10063.3 10069.3 10074.3 10078.7 10084 10090.5 10097.6 10105.9 10114.5 10116.8 10108 10096.1 10080.8 10056.4 10034 10029
10001.9 10003.6 10005.8 10007.4 10009.3 10011.4 10013.2 10015.5 10017.1 10017.3 10018.3 10017 10018.4 10019.4 10020.8 10022.7 10024.1 10024.7 10025.6 10025.9 10030.1 10034.8 10038.5 10042.1 10043.2 10041.4 10037.5 10035.1 10036.3 10036.5 10036.8 10037.7 10039.8 10042.1 10040.1 10037.8 10038.1 10039.2 10040.8 10042 10042.7 10043.8 10046.5 10047.8 10048.8 10050.3 10052.8 10056 10059.8 10064.2 10068.4 10072.9 10076 10078.4 10081.1 10084.8 10089.8 10096.2 10103.3 10110.7 10111.4 10101.8 10089.6 10074.2 10050.7 10030.7 10026.2
10006.4 10008.9 10011.4 10013.5 10015.7 10016.4 10018.3 10020.1 10021.8 10023.5 10025.8 10024.8 10025.8 10026.4 10024.4 10024.2 10025.9 10026.5 10027.6 10028.7 10033.9 10039.5 10043.2 10045.2 10047 10042.8 10037.4 10034.9 10035.7 10033.7 10032.1 10031.3 10031.5 10034.1 10033 10032.5 10033.2 10034.6 10036.3 10038.1 10039.8 10042.4 10044.6 10046.3 10049.3 10051.6 10055.3 10059.6 10065.6 10073.5 10081.2 10082.9 10081.3 10080.3 10080.9 10082.7 10085.9 10090.4 10095.4 10100 10098.8 10091.3 10079.9 10064.9 10046.6 10032.2 10027.7
10011.1 10013.6 10016.5 10018.3 10020.8 10023.1 10025 10027.2 10029 10030.6 10029.5 10030.6 10030.3 10031.2 10031.6 10030.5 10030.2 10030.6 10031.2 10033.2 10037.7 10044.2 10045.9 10045.7 10045.4 10041.5 10036 10032.1 10030.6 10028.9 10026.2 10023.9 10023.2 10033.1 10028.2 10026.6 10028.1 10030 10032.3 10034.7 10036.5 10038.8 10041.8 10045 10048.8 10051.9 10055.9 10061.3 10068.2 10077.8 10088.2 10088.3 10082.5 10078.6 10077.1 10077 10078.5 10080.8 10083.6 10086.4 10084.9 10079.2 10070.6 10058.9 10046.9 10037.2 10031.9
10014.1 10017.4 10020.9 10023.1 10025.7 10027.5 10029.6 10031.7 10033.6 10035.6 10034.9 10036.2 10037.1 10037.8 10038 10036.6 10035.8 10035.1 10035.5 10035.5 10037.7 10041.7 10042.8 10043 10041.9 10038.8 10034.4 10029.9 10027.3 10024 10020 10016.6 10014.9 10020.8 10018.1 10020.2 10023.1 10026.1 10029.4 10032.1 10033.8 10034.7 10039.1 10043.6 10047.7 10050.9 10054.5 10059.6 10065.8 10074.5 10083.2 10083.5 10077 10072.1 10069.5 10068.5 10068.5 10069.1 10069.4 10069.2 10069.3 10067.3 10063.1 10057.6 10052.7 10044.4 10036.9
10016.9 10020 10023.5 10026.5 10029.1 10031.6 10033.8 10036.3 10038.5 10040.1 10042.1 10043.5 10044.6 10045.2 10044.7 10044.3 10042.4 10041 10039.7 10036.3 10035.7 10036 10037.4 10040 10040.2 10037 10031.2 10027 10023.5 10018.9 10014.1 10010.1 10007.4 10008.3 10009.8 10014.7 10019 10023.3 10027.1 10030.5 10033.4 10035.8 10039.7 10043 10045.9 10048.7 10051.3 10054.6 10059 10064.2 10069.4 10070.2 10064.8 10061.1 10058.8 10057.9 10057.4 10056.9 10055.9 10054.3 10055.9 10056.7 10056.1 10055 10051.1 10045.2 10040
10019.4 10022.3 10029.5 10032.5 10035.4 10038.2 10038.3 10041 10044 10046 10048.8 10050.5 10051.7 10052.5 10052.9 10051.9 10051 10047.5 10046.1 10041.3 10038.5 10036.7 10036.9 10039.4 10040.5 10037 10028.4 10023 10019.2 10013.7 10008.8 10005.1 10002.2 10001.5 10005.3 10011.6 10016.3 10021.2 10025.3 10029.5 10033.9 10039.1 10042.3 10042.6 10043.6 10045 10046.3 10047.7 10049.3 10050.1 10048.9 10047 10047.3 10047.3 10047 10046.9 10046.5 10045.6 10044.6 10044.3 10045.7 10047.7 10049 10049.4 10047.8 10044.6 10041.8
10022.2 10025.1 10030.1 10033.1 10036.2 10039.3 10043.7 10046.4 10049.2 10051.6 10054.9 10056.8 10058.9 10060 10060.3 10059.7 10059 10056.5 10055.1 10049.6 10044.7 10041.3 10039.6 10040.4 10042 10040.9 10026.7 10018.3 10012.2 10006.6 10004.1 10002.7 10000.9 10000.9 10006.1 10011.9 10015.9 10020.2 10023.9 10028.3 10033 10038.4 10041.2 10040.3 10040.1 10040.3 10040.6 10040.3 10039.3 10036.4 10030.8 10027.2 10030.5 10034.2 10036.4 10037.2 10037 10035.6 10034.4 10034.5 10037 10040 10042.7 10044.7 10042.7 10044.5 10043.7
10027.6 10030.8 10033.6 10036.9 10040.1 10044.6 10049.2 10052.2 10053.8 10056.9 10059.6 10062.1 10065.2 10067 10068.9 10069.6 10068.4 10066.3 10065.9 10059.5 10053.1 10048.2 10043.3 10041.5 10039.1 10031.8 10021.7 10013.3 10004.7 9999.48 10001.9 10004 10004.8 10006.8 10010.3 10014 10016.3 10019.4 10022.9 10026.2 10029.9 10034.5 10037.7 10035.8 10035.4 10035.3 10035.2 10033.9 10031.5 10026.6 10019.5 10014.5 10018.8 10024.1 10027.7 10029.3 10029.4 10027.8 10026.2 10026.2 10029.9 10033.9 10037.8 10042.4 10046.8 10047.2 10046.4
10032.9 10035.3 10040 10043.4 10046.8 10050.2 10053 10056.2 10058.9 10062.5 10065.5 10067.4 10071.2 10073.7 10076 10077.7 10078.1 10078 10079.3 10073.7 10066.7 10059.6 10051.2 10045.1 10037.6 10028.3 10020.3 10011.6 10003.3 10000.2 10004.6 10009 10011.3 10014.1 10014.8 10016.4 10018.4 10019.9 10022.5 10024.1 10025.9 10027.4 10027.4 10028.7 10030.4 10031.2 10030.9 10029.3 10026.4 10021.7 10015 10011 10013.7 10018.6 10022.1 10024.3 10024.5 10023.1 10021.3 10021.9 10025.1 10029.1 10033.3 10038.6 10045.8 10048.6 10049.1
10038.6 10041.8 10045.1 10048 10051.4 10055.1 10058.3 10059.7 10062.1 10065.6 10069 10072.5 10076.2 10079 10082.3 10085.8 10088.2 10090.8 10093.8 10090.7 10083.6 10075 10063.8 10051.4 10039.9 10029.8 10021.8 10013.7 10007.5 10007.3 10010.5 10015.9 10019.1 10018.8 10017.8 10018.5 10019.5 10021 10022.1 10023 10022.8 10021.3 10018.8 10022.9 10026.4 10028.7 10029.3 10027.9 10025 10020.9 10015.6 10012.9 10013.8 10017.5 10020.8 10022.8 10023.1 10021.7 10019.5 10020.2 10023.2 10026.2 10029 10032.5 10040.4 10048.6 10051.1
10042.1 10045.4 10048.7 10051.6 10055 10058.4 10061.2 10064.8 10067.6 10069.9 10073.6 10077.1 10081.1 10084.3 10089.1 10093.7 10097.1 10102.7 10108.8 10109.2 10105 10091.9 10074 10055.7 10042.1 10033.7 10025.7 10017.9 10012 10011.8 10016.6 10018.3 10018.9 10017.9 10018.6 10019.2 10020.4 10021.8 10023.2 10023.5 10022.9 10020.6 10018.3 10022.2 10026.5 10029.1 10029.5 10028.8 10026.4 10023.2 10019 10014.9 10016.2 10020.5 10023.3 10024.9 10025.1 10024 10021.8 10022.2 10024.2 10025.7 10026.7 10028.3 10038.4 10049.4 10052.3
10047 10050.3 10053.1 10056.1 10059.2 10062.4 10065.2 10068.6 10072 10075.7 10079.6 10083.4 10087.5 10091 10094.1 10099.4 10104.4 10115.6 10120.7 10125.4 10126.3 10105.7 10073.6 10050.7 10041.5 10035.5 10029.8 10024.1 10019.1 10020.4 10024.3 10024 10022.1 10019.7 10019.2 10020 10021.5 10023.4 10025.1 10026.2 10026.4 10025.3 10024.5 10027.3 10030.3 10032 10032.6 10031.4 10029.9 10028 10025.7 10024.9 10026.3 10027.3 10028.5 10029.6 10030.2 10029.8 10027.7 10028.1 10028.5 10028.2 10027.5 10028.3 10038.4 10049.1 10052
10051.8 10054.5 10057.6 10060.8 10063.6 10066.9 10070.3 10073.6 10077.1 10080.9 10083.5 10086.6 10090.8 10095.2 10098.2 10103.7 10109.9 10120.5 10127.2 10133.3 10134.7 10111.9 10072.1 10048 10042.2 10038.4 10035.7 10032.6 10030.2 10030.2 10031.4 10031.7 10024.7 10020 10019.7 10021.8 10024 10026.1 10028.4 10030.2 10031.4 10032.8 10035 10036.7 10036.8 10037 10037 10036 10034.6 10033.7 10033.4 10035.8 10037.3 10034.8 10034.7 10035.6 10037.2 10039.6 10038.9 10037.8 10035.5 10033.5 10031.5 10031 10037.2 10044.8 10049.7
10054.5 10056.9 10060 10063.6 10066.4 10069.7 10073.4 10076.8 10079.7 10082.6 10086.3 10090.1 10094.2 10097.4 10101.1 10105.3 10111.7 10123.6 10128.3 10132.4 10132 10112.7 10078 10053.3 10046.1 10045.5 10044.9 10041.1 10040.6 10041.4 10039.1 10034.6 10022.1 10019.2 10020.8 10023.9 10026.4 10029.6 10032.2 10034.8 10037.2 10039.8 10042.9 10044.2 10043.6 10042.6 10042.4 10041.6 10040.8 10039.9 10039.2 10039.9 10040.2 10039.6 10040.2 10041.2 10043 10047.1 10054.9 10046.9 10043 10040.8 10038.4 10034.7 10038.2 10042.1 10047.8
10055.7 10059.2 10062.3 10065.4 10068.4 10071.7 10075.7 10077.9 10081.6 10085.1 10088.8 10092 10095.4 10099.5 10104.2 10105.3 10110.5 10121 10124 10125.8 10124.3 10108.7 10076.5 10052.6 10048.6 10048.7 10045.6 10045.4 10047.6 10050 10046.7 10040.3 10025 10021.6 10023.4 10026.6 10030.1 10033.7 10036.6 10039.7 10043 10045.8 10048 10049.1 10049.5 10049.2 10048.8 10048.1 10046.9 10045.7 10044 10042.4 10040.7 10043.3 10045.5 10046.5 10046.6 10045.5 10045.2 10048.5 10049.1 10049.3 10049.3 10049.4 10046.8 10046.8 10049.3
10057.5 10060.6 10063.6 10066.8 10069.9 10073.4 10077 10079.9 10084.1 10087.4 10089.6 10092.7 10096.7 10100.2 10102.6 10104.6 10108.7 10117.7 10118 10114.6 10109.7 10096.3 10072.7 10054.2 10050.7 10048.4 10043.7 10047 10052 10054.4 10049.4 10040.4 10027.3 10026.2 10028.4 10031.3 10034.9 10038.8 10042.3 10045.8 10049.1 10051.9 10053.6 10054.5 10055.4 10056.1 10055.5 10054.5 10053.2 10052 10049.7 10048 10046.8 10049.8 10052.3 10053.3 10052.1 10047.7 10046.4 10052.2 10055.4 10057.5 10060 10061 10055.8 10052.3 10052.1
10058.9 10061 10064.1 10067.4 10069.8 10073.7 10077 10078.8 10083.8 10086.6 10088.5 10091.8 10095.6 10097.8 10099.9 10102.2 10106 10113.3 10108.2 10102.3 10093.2 10080.5 10068.5 10059.8 10054.7 10049.7 10044.9 10049.9 10056.8 10060.1 10051.1 10042.3 10034.1 10033.5 10035.1 10037.5 10041 10044.5 10048.6 10052.2 10055.9 10058.8 10060.9 10061.8 10063.4 10063.3 10062.2 10061 10059.5 10058 10056.1 10056.1 10058 10059.2 10060.5 10062.3 10063.1 10059.7 10058.3 10061.5 10062.8 10063.9 10066.5 10067.6 10060.9 10056.2 10055.2
10057.2 10058.6 10061.5 10063.7 10069.5 10073.3 10076.6 10080.1 10083.5 10086 10089.3 10092.2 10094.6 10097.5 10101.5 10100.9 10101.7 10109.2 10100.3 10091.9 10080.6 10069.4 10063.5 10061.8 10057.3 10053.5 10051.7 10056.9 10063.3 10065.5 10056.2 10050.3 10046.3 10043.6 10043.7 10045.5 10048.8 10052 10055.8 10060.1 10063.9 10067.3 10070.3 10071.8 10072.6 10072 10069.8 10067 10064.8 10063.3 10061.7 10062.6 10065.1 10066.3 10067.8 10071.3 10077.4 10083.2 10079.7 10073.7 10069.7 10067.5 10066.1 10064.7 10062.1 10059.4 10058.6
10058.4 10059.6 10062.3 10063.7 10068.4 10071.1 10074.1 10076.9 10079.7 10087.3 10090.2 10092.7 10094.3 10093.5 10095.9 10096.4 10095.6 10102.3 10092.6 10082.6 10072.1 10061.9 10057.5 10056 10055.3 10057.5 10062.3 10068.3 10072.5 10073.2 10065.9 10058.2 10054.2 10053.9 10054.1 10055.5 10058.1 10060.4 10063.8 10067.2 10071.6 10076 10080.3 10083.9 10083.1 10080.4 10076.4 10072.8 10069.7 10067 10065.2 10065.9 10068.1 10069.6 10071.2 10075.6 10084.7 10100.9 10093.3 10080.8 10073.7 10069 10065 10062.8 10062.2 10061.3 10061.4
10056.4 10059.2 10062.2 10063 10069 10073 10075.6 10079.2 10079.8 10082.2 10085.4 10087.3 10089.1 10091.7 10093.2 10092.2 10101.5 10094.8 10086.5 10077.4 10068.7 10060.9 10056 10052.6 10052.6 10061.5 10073.6 10081.4 10082.7 10082.5 10079 10069.9 10065.2 10064.3 10064 10064.6 10066.8 10068.6 10071 10074.2 10078.5 10083.4 10089 10093.9 10092.5 10086.8 10080.9 10076.2 10072.2 10069.2 10067 10066.2 10067.4 10068.5 10070.1 10073.8 10078.2 10080.9 10083 10079 10073.9 10069.6 10065.8 10063.6 10062.9 10063.2 10064.7
10058.5 10063.6 10064.2 10066.4 10068.6 10072.3 10074.3 10074.7 10081.6 10084.2 10084.7 10087.8 10088.7 10089.4 10088.9 10087.9 10093.5 10089.9 10080.6 10074.7 10069 10063.2 10058.7 10056.5 10055.7 10068.1 10082.3 10090.9 10091 10089.2 10084.8 10079.2 10076.8 10075.8 10074.4 10075.2 10075.6 10076.5 10077.9 10080.1 10083.5 10087.6 10093.3 10100.1 10098.4 10089.5 10082.9 10077.8 10073.7 10069.9 10067.1 10064.8 10062.8 10062.1 10066.4 10069.9 10071.3 10069.9 10074.3 10074.7 10072.3 10069.2 10067.1 10064.7 10063.5 10063.7 10065.5
