real_craters/C176-500m.grd
DSAA
284 284
-70.805 70.805
-70.805 70.805
8076.2691305612 10811.221674705
[rows 90 to 119 of 284, columns 0 to 66 of 284]
9851.13 9850.2 9851.02 9855.54 9853.51 9853.89 9869.35 9867.94 9862.33 9851.9 9851.61 9864.34 9874.24 9878.46 9882.02 9885.87 9886.47 9882.95 9883.55 9885.29 9889.24 9894.33 9899.62 9902.35 9897.44 9895.73 9894.9 9890.68 9888.62 9887.92 9887.67 9887.61 9887.34 9887.46 9890.22 9901.89 9907.43 9910.27 9906.39 9904.14 9905.01 9908.58 9916.97 9934.31 9955.21 9958.51 9956.93 9954.3 9949.21 9942.81 9941.43 9945.83 9948.45 9950.23 9947.93 9943.65 9939.4 9934.52 9935.32 9936.26 9937.05 9936.18 9940.31 9942.52 9942.2 9941.05 9944.64
9857.88 9855.85 9857.07 9862.57 9869.66 9878.51 9885.41 9884.93 9873.03 9867.82 9871.19 9878.36 9888.86 9900.12 9898.62 9891.22 9886.01 9891.7 9893.74 9893.89 9896.42 9900.73 9905.47 9908.73 9907.84 9903.81 9899.17 9895 9892.56 9891.5 9891.17 9891.6 9892.02 9893.14 9896.82 9904 9902.96 9904.86 9912.35 9913.25 9911.68 9913.79 9917.52 9931.87 9948.95 9953.89 9954.76 9952.81 9948.28 9940.5 9941.23 9946.1 9954.52 9954.33 9951.91 9948.71 9945.03 9942.56 9942.44 9944.09 9945.03 9945.18 9947.14 9947.26 9945.72 9943.36 9947.36
9866.29 9862.97 9862.31 9866.45 9889.96 9905.47 9892.69 9873.14 9873.55 9874.03 9878.42 9886.28 9898.41 9911.12 9908.27 9895.1 9890.75 9891.28 9895.5 9898.18 9900.45 9903.63 9907.74 9911.95 9907.85 9902.53 9899.38 9896.96 9895.25 9895.21 9895.59 9897 9898.24 9899.41 9901.51 9901.43 9899.85 9901.62 9909.37 9916.79 9919.5 9918.65 9919.51 9928.98 9941.29 9949.1 9953.14 9954.21 9953.57 9951.71 9947.81 9947.65 9953.52 9956.6 9956.71 9954.91 9952.43 9949.7 9950.68 9953.19 9956.11 9958.7 9959.05 9955.96 9952.99 9952.81 9957.28
9876.41 9872.46 9870.76 9877.99 9893.59 9903.89 9888.91 9870.83 9869.54 9864.36 9871.9 9887.41 9901.77 9912.22 9916.65 9904.03 9897.09 9897.66 9898.97 9900.26 9902.51 9904.4 9906.35 9905.7 9901.81 9899.12 9898.8 9899.14 9899.2 9900.65 9901.22 9902.01 9903.22 9905.73 9905.88 9899.15 9896.58 9896.72 9902.13 9915.55 9922.31 9923.67 9924.87 9929.84 9938.98 9947.43 9953.03 9957.35 9960.69 9963.32 9958.4 9956.47 9959.23 9962.74 9962.51 9961.1 9959.9 9958.75 9959.35 9962.08 9966.35 9971.48 9970.59 9965.09 9960.28 9956.05 9959.31
9889.01 9884.38 9879.49 9882.47 9901.62 9897.93 9888.23 9879.08 9874.57 9870.74 9877.28 9889.73 9903.43 9917.75 9925.6 9920.66 9910.66 9908.91 9906.04 9904.91 9902.86 9903.56 9903.36 9902.41 9901 9900.77 9899.27 9900.85 9903.49 9904.78 9905.85 9906.52 9907.17 9908.36 9908.18 9904.65 9899.75 9898.36 9901.4 9916.12 9923.17 9927.79 9932.44 9935.15 9941.71 9949.09 9954.44 9959.14 9963.75 9967.49 9962.39 9959.03 9965.2 9968.93 9966.86 9965.87 9965.76 9965 9966.94 9969.43 9972.83 9976.12 9975.95 9972.77 9968.65 9965.06 9963.41
9901.53 9898 9894.24 9893.92 9903.08 9888.61 9891.54 9892.07 9887.62 9882.93 9883.65 9894.57 9906.65 9918.41 9929.64 9930.36 9916.02 9913.18 9904.96 9904.88 9905.2 9905.35 9902.74 9898.15 9897.55 9891.92 9901.48 9906.19 9908.72 9909.91 9910.46 9910.44 9909.8 9909.12 9909.22 9909.17 9906.15 9903.19 9905.33 9910.73 9919.64 9929.04 9941.23 9947.07 9949.44 9952.28 9955.6 9958.85 9962.12 9964.3 9961.96 9960.54 9963.49 9967.12 9968.37 9969.21 9970.25 9971.38 9972.7 9974.12 9977.12 9980.7 9982.38 9978.96 9976.56 9975.96 9979.16
9911.27 9911.4 9912.14 9900.25 9880.99 9881.51 9894.82 9904.54 9907.98 9893.03 9890.89 9904.38 9917.49 9935.36 9949.13 9864.47 9901.89 9906.7 9900.4 9900.31 9901.65 9905.86 9906.79 9911.14 9915.81 9910.79 9913.04 9915.63 9916.42 9917.06 9916.65 9915.15 9912.97 9909.06 9910.74 9912.41 9910.75 9908.21 9910.14 9911.32 9917.46 9924.31 9936.55 9955.13 9953.47 9953.82 9955.93 9959.05 9960.38 9960.46 9960.59 9958.72 9960.25 9964.31 9970.01 9973 9973.96 9972.46 9972.55 9976.37 9979.71 9982.92 9984.8 9983.03 9982.48 9982.67 9982.98
9916.39 9919.19 9919.05 9904.11 9883.22 9887.2 9894.88 9912.11 9927.56 9913.63 9909.97 9919.83 9932.33 9941.93 9942.21 9930.82 9906.77 9895.79 9896.97 9900.77 9903.13 9905.57 9911.86 9921.33 9934.23 9932.73 9928.35 9925.93 9925.01 9924.27 9922.53 9921.08 9918.95 9916.53 9916.78 9917.22 9915.66 9913.77 9917.01 9923.32 9920.17 9919.1 9925.72 9942.08 9949.31 9953.39 9956.81 9959.35 9962.64 9963.48 9962.42 9960.66 9963.28 9966.81 9973.42 9977.32 9977.69 9976.22 9975.91 9978.84 9981.13 9982.32 9982.26 9983.97 9986.2 9988.17 9996.28
9915.2 9919.88 9922.94 9907.83 9895.87 9890.92 9890.69 9914.22 9940.45 9937.81 9931.73 9935.74 9941.37 9942.28 9934.96 9923.84 9910.67 9899.64 9898.66 9899.61 9903.36 9907.99 9914.58 9922.74 9946.39 9945.09 9938.04 9932.75 9929.88 9927.8 9926.24 9925.54 9926.13 9928.53 9927.44 9925.11 9922.35 9921.73 9923.88 9926.1 9922.46 9918.58 9919.8 9928.9 9941.91 9951.01 9957.62 9961.13 9959.92 9961.89 9965.67 9973.79 9980.73 9973.7 9981.82 9984.05 9982.23 9980.66 9980.05 9981.96 9983.75 9984.12 9983.26 9986.93 9989.58 9991.15 9995.14
9909.96 9910.93 9914.42 9896.38 9885.69 9886.5 9889.33 9909.71 9935.43 9941.23 9942.59 9946.45 9949.33 9939.64 9922.66 9914.91 9911.52 9905.13 9902.06 9903.94 9908.66 9912.83 9916.71 9919.57 9939.73 9944.72 9942.37 9938.76 9934.96 9932.74 9932.66 9931.33 9929.76 9931.61 9936.21 9939.1 9938.75 9937.35 9936.44 9933.68 9926.57 9919.44 9920.33 9928.93 9940.16 9951.3 9960.92 9967.3 9970.26 9966.08 9963.42 9967.54 9979.96 9997.4 10001.2 9989.67 9984.57 9982.85 9983.32 9985.42 9987.75 9990.78 9995.3 9994.87 9993.17 9993.41 9999.97
9902.75 9895.6 9883.49 9880.41 9880.04 9887.38 9897.3 9906.97 9912.36 9935.71 9945.42 9951.13 9957.06 9940.05 9920.72 9913.18 9912.77 9912.2 9908.54 9910.48 9914.44 9919.11 9924.12 9929.84 9941.19 9944.51 9943.94 9943.76 9941.46 9940.16 9938.94 9938.09 9934.64 9930.95 9946.51 9959.53 9966.66 9961.5 9950.93 9941.8 9933.16 9925 9922.44 9928.37 9939.32 9952.99 9965.52 9975.02 9979.7 9968.61 9953.47 9939.86 9938.8 9983.91 9988.39 9980.23 9980.98 9983.58 9987.07 9988.38 9991.18 9995.74 10001.7 10000.4 9995.13 9993.46 9997.96
9898.41 9890.6 9882.76 9879.04 9880.51 9890.91 9905.01 9916.4 9926.19 9940.08 9947.55 9948.94 9942.83 9932.62 9920.14 9911.85 9912.98 9911.63 9912.43 9916.5 9921.87 9927.84 9933.8 9942.73 9943.61 9943.26 9945.42 9945.8 9943.9 9942.81 9942.5 9944.54 9952.9 9958.23 9958.37 9969.18 9974.95 9969.79 9960.95 9951.35 9938.49 9932.4 9928 9927.06 9939.08 9955 9970.18 9981.63 9985.49 9968.35 9943.62 9916.5 9900.09 9912.05 9934.7 9959.54 9972.67 9981.2 9988.75 9989.42 9992 9996.18 9999.24 9997.87 9993.88 9990.46 9989.36
9897.16 9891.38 9886.62 9882.2 9884.66 9892.18 9909.25 9933.28 9944.84 9950.03 9953.07 9951.09 9941.9 9929.42 9913.91 9914.46 9920.68 9920.11 9918.35 9922.86 9929.91 9936.65 9941.85 9944.05 9944.95 9946.22 9947.68 9947.15 9946.23 9944.63 9943.93 9945.29 9952.04 9959.63 9958.06 9951.48 9962.06 9958.85 9956.13 9947.7 9936.04 9927.41 9934.29 9934.5 9941.69 9956.67 9974.37 9990.52 9990.88 9971.39 9941.21 9907.34 9879.08 9890.77 9920.81 9951.66 9968.99 9978.89 9983.93 9986.52 9991.88 9995.37 9996.83 9995.8 9992.53 9989.37 9990.42
9895.27 9886.46 9882.94 9880.94 9889.84 9899.15 9919.45 9947.03 9957.86 9959.02 9960.65 9960.73 9952.76 9935.55 9923.63 9925.6 9930.15 9925.88 9922.36 9929.36 9938.22 9947.53 9954.33 9954.02 9953.07 9954.11 9954.09 9952.74 9949.92 9946.82 9944.53 9941.6 9935.68 9944.41 9959.14 9963.36 9966.94 9963.8 9959.58 9948.14 9936.09 9930.54 9936.91 9933.62 9940.84 9956.37 9975.85 9998.29 10007 9977.05 9947.95 9917.38 9887.06 9911.38 9950.37 9962.56 9973.07 9980.3 9984.63 9991.34 9993.76 9996.32 9997.85 9997.57 9993.4 9991 9993.83
9894.17 9880.98 9879.3 9884.23 9891.32 9905.65 9928.35 9954.33 9962.78 9966.2 9967.98 9970.81 9965.27 9943.61 9933.87 9947.45 9938.9 9930.71 9930.27 9937.88 9948.78 9960.61 9971.9 9979.63 9976.06 9970.02 9965.19 9960.33 9954.85 9949.95 9946.96 9945.37 9947.29 9952.86 9967.37 9981.12 9972.63 9969.47 9967.48 9951.69 9938.06 9932.26 9932.34 9930.52 9938.13 9953.48 9969.52 9981.94 9986.37 9976.73 9960.42 9946.12 9945.6 9960.2 9974.02 9976.51 9980.28 9984.75 9989.65 9996.17 9997.13 9997.37 9997.54 9996.54 9994.77 9994.68 9998.4
9895.24 9881.65 9882.33 9889.07 9892.88 9903.92 9932.59 9960.18 9974.35 9975.33 9972.85 9967.83 9961.3 9951.19 9947.87 9957.9 9943.07 9936.1 9937.94 9946.63 9959.2 9972.9 9986.86 9998.89 9996.94 9985.3 9977.37 9968.44 9960.11 9953.39 9948.91 9947.38 9952.82 9957.76 9966.37 9973.6 9974.55 9974.96 9973.81 9955.09 9942.34 9936.02 9932.55 9932.06 9938.11 9950.68 9963.14 9972.25 9976.98 9977.37 9973.66 9972.22 9981.41 9986.12 9983.17 9984.43 9987.01 9990.48 9995.21 10002.5 10001.9 10001.1 9999.78 9998.79 10000.1 10002.5 10006.1
9895.13 9882.97 9886.48 9895.23 9905.22 9915.68 9947.14 9978.2 9985.6 9985.19 9978.04 9966.19 9961.37 9959.98 9958.84 9959.42 9952.56 9946.14 9944.07 9956.53 9969.77 9983.46 9998.94 10019.4 10017.5 10004.5 9988.28 9974.26 9963.76 9955.95 9950.05 9945.22 9941.37 9952.53 9963.17 9971.16 9979.31 9978.76 9970.46 9950.95 9934.6 9932.8 9934.7 9935.72 9941.07 9950.16 9961.03 9970.04 9976.66 9980.55 9982.65 9985.29 9986.94 9987.38 9986.06 9989.64 9992.62 9995.66 10000.6 10007.3 10006.5 10007.2 10007.1 10006.6 10009.9 10014.7 10020.3
9894.87 9887.2 9897.31 9914.5 9931.37 9947.96 9966.1 9984.53 9999.79 9993.81 9987.62 9981.27 9975.12 9970.42 9965.13 9959.74 9962.99 9962.99 9965.07 9972.23 9980.41 9990.82 10003.2 10018.8 10018.3 10009 9987.95 9973.2 9962.95 9955.5 9950.07 9946.79 9946.8 9952.28 9961.07 9968.3 9974.54 9969.82 9957.52 9948.33 9937.13 9935.08 9937.05 9938.45 9941.67 9951.56 9962.71 9971.12 9979.07 9984.57 9989.06 9994 9999.82 10005.4 10002 9998.89 9997.68 9999.4 10002.5 10004.4 10013 10017.8 10019.5 10021 10024.4 10031.6 10038.5
9893.77 9895.62 9922.55 9954.05 9960.45 9969.99 9981.17 9967.3 9984.54 9994.74 9996.93 9997.85 9995.05 9989.13 9979.47 9965.77 9966.71 9973.53 9984.93 9983.32 9986.6 9993.6 10000.2 10008.5 10000.7 9985.98 9976.31 9967.36 9959.75 9954.16 9950.08 9948.02 9948.7 9952.38 9956.49 9959.63 9959.69 9961.94 9956.57 9951 9945.85 9949.31 9947.49 9944.48 9944.39 9956.42 9968.81 9979.01 9984.64 9988.91 9993.78 9998.83 10004.7 10008.6 10004.2 10000.4 10000.9 10003.2 10007.4 10016.4 10027 10035.3 10038.7 10036.7 10043.2 10053.2 10059.8
9895.54 9907.87 9950.59 9975.72 9976.51 9979.54 9998.89 10005.7 9989.3 10001 10007 10009.3 10011.1 10008.4 9999.19 9985.49 9977.06 9979.89 9974.85 9977.94 9988.2 9996.78 9995.96 9989.74 9983.6 9972.96 9964.74 9960.39 9956.72 9953.47 9950.83 9949.49 9949.95 9953.29 9956.05 9954.89 9952.7 9951.51 9951.89 9953.45 9957.46 9956.57 9954.74 9953.59 9956.99 9964.17 9974.87 9986.54 9987.96 9991.14 9995.67 10000.2 10004 10005.1 10001.9 10002.4 10005.2 10009.5 10015.5 10025.9 10047.4 10059 10065 10070.8 10075.8 10076.4 10079.5
9911.66 9926.11 9962.46 9988.52 9994.39 9998.3 10006.8 10018 10016.3 10015.6 10020.9 10025.4 10029 10032.2 10023.1 10015.6 10010.6 9994.21 9982.32 9981.31 9990.52 10001.8 10010.4 9988.43 9973.67 9960.49 9955.22 9955.05 9954.03 9952.43 9951.18 9952.38 9953.5 9954.56 9956.28 9952.28 9948.53 9947.42 9947.81 9951.06 9957.62 9955.98 9956.38 9960.94 9965.9 9970.75 9974.5 9979.47 9985.66 9990.63 9995.82 10000.1 10003.2 10004.8 10005.9 10008.7 10010.9 10017.3 10026.7 10041.9 10075.3 10084.9 10089.8 10097 10099.3 10094.5 10092.3
9947.47 9959.51 9968.03 9993.08 10009 10008.1 10003.6 10003.3 10017 10025 10033.2 10039.9 10042.1 10041.1 10039.6 10036 10026.3 10008.3 9993.85 9988.53 9992.2 9996.87 9993.94 9980.21 9967.89 9956.12 9951.9 9953.86 9954.37 9953.38 9951.77 9950.31 9952.89 9956.12 9955.75 9950.94 9946.6 9943.3 9944.96 9948.78 9950.53 9949.45 9958.46 9968.3 9976.47 9977.54 9973.14 9974.16 9983.03 9990.74 9997.21 10002.5 10006.1 10006.9 10007.2 10007.5 10015.7 10026.1 10040.2 10063.2 10105.6 10105.4 10105.7 10106.7 10105.5 10105 10101.2
9966.52 9971.14 9969.35 10000.5 10018.2 10011.9 9989.6 9993.14 10015.2 10033.7 10044.8 10047.6 10048.5 10051.8 10047.4 10048.8 10038.5 10016.9 10001.9 9992.82 9994.41 9994.22 9986.35 9975.41 9967.58 9959.42 9955.95 9958.56 9958.71 9957.02 9954.82 9952.64 9955.88 9958.68 9957.96 9953.22 9952.39 9957.09 9948.75 9949.93 9951.69 9953.05 9963.84 9975.77 9985.51 9984.8 9976.81 9976.09 9984.26 9992.41 9999.92 10006.1 10011.5 10015.2 10015.2 10012.3 10022.7 10035 10050.7 10072.4 10105.3 10111.5 10113.8 10115.5 10116 10114.3 10109.5
9965.22 9971.78 9980.88 10007.6 10017.8 10018.4 10015.1 10013.1 10026.6 10045.4 10062.9 10061.1 10043.9 10037 10045.6 10048.5 10035 10021.1 10010.7 10004.7 10000 9996 9985.34 9976.81 9974.43 9972.35 9971.89 9969.73 9966.44 9962.9 9960.49 9961.46 9964.52 9967 9962.87 9956.2 9952.14 9952.11 9948.08 9946.63 9953.01 9961.5 9972.17 9983.62 9993.06 9992.61 9981.57 9981.51 9988.69 9996.31 10003.7 10010.6 10017.7 10025.7 10029.5 10028.8 10031.7 10041.4 10056.4 10075 10096.1 10107.8 10114.4 10119.8 10126.8 10120.4 10116.5
9972.45 9984.33 9996.96 10015 10025.1 10024.2 10024.8 10031.2 10042.4 10057.3 10071.9 10069.6 10052.8 10045.3 10048.7 10044.7 10038.5 10030.6 10021.6 10012.9 10009.8 10000.8 9987.27 9984.05 9986.03 9989.4 9992.38 9984.7 9977.19 9970.16 9965.32 9965.59 9973.48 9982.15 9979.12 9965.94 9955.48 9947.2 9943.2 9944.6 9956.1 9972.3 9978.31 9990.21 10002 10005.3 9994.49 9992.56 9997.08 10002.8 10009.2 10015.4 10021.4 10025.6 10026.3 10030 10033.8 10044.3 10059.1 10076.3 10091.1 10103.7 10111.9 10116.7 10118.4 10119.8 10120.6
9979.3 10005.4 10022.6 10025.3 10023.7 10027.5 10032.6 10045.2 10056.8 10068.3 10072.9 10080.1 10078.5 10073.4 10067.4 10052.8 10043 10040.3 10037.9 10032.9 10026.4 10019.6 10008.6 9998.78 10000 10003.3 10002.2 9998.46 9988.49 9978.12 9970.25 9969.52 9980.64 9991.8 9986.84 9972.64 9961.68 9955.04 9951.18 9946.25 9955.57 9962.55 9979.11 9993.96 10007.5 10015.1 10008.4 10005 10006.3 10009.8 10014.9 10020.3 10024.9 10027.3 10027.9 10025.4 10032.3 10044.6 10058.9 10075.3 10094.6 10101.2 10107.9 10112.6 10113.5 10119.1 10123.4
9985.42 10024.6 10045.8 10035.7 10030.1 10035.8 10039.9 10050.5 10072.8 10089.4 10095 10107.9 10102.6 10100.2 10095.1 10084 10069.5 10059.9 10059.4 10049.2 10037.2 10034.7 10014.7 10010.1 10012.5 10018 10023.3 10014.6 10000.5 9985.71 9974.08 9973.84 9985.14 9995.68 9987.45 9971.41 9960.86 9955.89 9954.4 9956.65 9963.67 9969.68 9981.45 9995.21 10007.2 10013.4 10018.7 10013.6 10013 10015.3 10019.4 10024.4 10029.5 10034.1 10037.6 10034 10037.1 10045.4 10056.9 10069.9 10083.4 10095.5 10105 10113 10118.9 10124.6 10128.4
9998.57 10035.6 10049.2 10042.8 10041 10052.4 10048.5 10057.9 10095 10125.5 10132.8 10136.4 10171.5 10112.7 10104.4 10145.2 10128.3 10104.9 10092.1 10058.9 10032.6 10017.3 10013.6 10015.7 10021.7 10029.6 10035.6 10027.5 10011.8 9993.52 9976.14 9975.33 9988.66 9996.77 9986.6 9968.73 9960.89 9956.5 9956.7 9963.39 9974.06 9977.04 9983.73 9995.18 10006.6 10013 10013.8 10016.8 10017.9 10019.9 10023.7 10028.7 10034.4 10040.4 10045.1 10040.8 10040.3 10047 10056 10064.4 10070.7 10089.4 10105.4 10117.3 10125.7 10131.4 10135.6
10014.2 10056.5 10056.9 10051 10052.4 10060.8 10066.7 10071.8 10122 10169.3 10165.7 10092.7 10045.1 10016.4 10025.6 10098.9 10141.5 10179.3 10128.8 10070.8 10027.2 10006.4 10011 10017.7 10027.5 10037.6 10044.4 10039.1 10023.8 10005.5 9988.25 9986.84 9996.53 9999.85 9989.89 9975.76 9965.04 9957.4 9955.79 9957.31 9964.11 9972.81 9982.67 9993.19 10005.1 10017.5 10020 10019.6 10021 10023.5 10027.3 10032.2 10038.2 10044 10046.5 10044.5 10041.7 10049.9 10056.7 10063.9 10074.9 10093.3 10109.9 10124.6 10136.5 10144.6 10145.6
10029.6 10064.5 10062.6 10060.8 10063.5 10074.3 10072.6 10081.4 10141.6 10192.6 10152.2 9992.8 9864.4 9853.84 9863.65 9898.48 10039.4 10160.5 10125.8 10070.8 10025 10001.1 10003.3 10017.8 10031.4 10044.2 10053 10050.7 10037 10021.1 10008.7 10006.5 10011.2 10012.7 9998.55 9977.91 9963.89 9956.3 9952.35 9956.56 9965.23 9973.53 9980.02 9988.03 9998.91 10009.9 10016.4 10018.7 10021.4 10024.6 10028.7 10033.6 10039.1 10046 10056.5 10057.1 10055.8 10056.7 10059.9 10065.4 10074.3 10096.5 10117 10133.6 10148.3 10157.2 10155.4
