real_craters/C176-750m.grd
DSAA
190 190
-70.805 70.805
-70.805 70.805
8056.7824132774 10816.965100191
[rows 27 to 53 of 190, columns 0 to 61 of 190]
9783 9803 9814 9821 9795 9785 9774 9783 9785 9795 9797 9796 9798 9788 9786 9791 9786 9779 9771 9766 9777 9787 9796 9803 9808 9811 9811 9808 9807 9803 9811 9814 9819 9821 9830 9844 9839 9802 9827 9888 9907 9938 9954 9931 9933 9942 9947 9944 9937 9939 9939 9934 9933 9939 9946 9954 9961 9965 9943 9914 9917 9922
9784 9811 9814 9808 9803 9795 9783 9788 9795 9796 9800 9805 9803 9799 9792 9784 9777 9773 9771 9770 9780 9792 9799 9807 9812 9812 9811 9814 9807 9812 9817 9823 9825 9838 9872 9873 9886 9823 9814 9898 9912 9933 9948 9933 9942 9951 9957 9952 9957 9956 9946 9933 9921 9938 9949 9958 9967 9975 9950 9949 9938 9932
9784 9810 9810 9807 9803 9798 9803 9800 9799 9804 9812 9811 9811 9810 9795 9775 9771 9772 9774 9780 9784 9795 9802 9806 9808 9809 9809 9808 9799 9799 9823 9825 9821 9830 9850 9880 9880 9862 9849 9875 9893 9914 9929 9945 9956 9960 9961 9951 9953 9962 9957 9947 9947 9948 9954 9961 9968 9968 9937 9934 9933 9938
9787 9804 9807 9803 9806 9809 9809 9806 9811 9818 9820 9814 9808 9793 9783 9778 9773 9774 9776 9777 9782 9794 9802 9803 9804 9806 9806 9808 9808 9806 9813 9825 9821 9840 9886 9880 9872 9857 9868 9880 9900 9910 9921 9952 9962 9962 9963 9961 9966 9976 9970 9964 9958 9954 9954 9955 9956 9952 9940 9922 9917 9921
9798 9812 9812 9813 9811 9810 9810 9804 9825 9826 9820 9811 9799 9786 9777 9779 9779 9779 9779 9779 9780 9785 9797 9804 9808 9806 9803 9805 9815 9818 9797 9801 9818 9829 9858 9863 9859 9859 9880 9910 9911 9910 9926 9946 9953 9958 9967 9974 9986 9981 9982 9973 9961 9954 9950 9945 9942 9937 9935 9923 9910 9916
9803 9810 9811 9816 9811 9814 9814 9814 9826 9825 9813 9799 9788 9777 9776 9778 9782 9787 9789 9788 9783 9785 9797 9806 9810 9806 9798 9799 9811 9812 9809 9817 9803 9833 9836 9842 9850 9864 9897 9932 9925 9921 9931 9930 9929 9950 9975 9993 9995 1.002e+004 9997 9978 9963 9953 9946 9939 9934 9929 9925 9922 9911 9914
9793 9795 9786 9783 9801 9808 9817 9824 9823 9816 9801 9792 9787 9780 9782 9782 9782 9784 9794 9801 9798 9786 9803 9807 9812 9809 9800 9800 9806 9820 9822 9826 9820 9825 9830 9839 9848 9873 9911 9939 9962 9945 9935 9916 9906 9950 9986 1.001e+004 1.002e+004 1.003e+004 1e+004 9979 9957 9949 9947 9939 9932 9926 9924 9925 9922 9919
9778 9783 9778 9791 9804 9812 9818 9824 9825 9807 9793 9787 9785 9784 9789 9785 9785 9785 9790 9803 9816 9796 9803 9803 9803 9802 9806 9808 9810 9829 9826 9814 9815 9829 9837 9846 9870 9898 9923 9935 9936 9943 9940 9930 9938 9965 1e+004 1.003e+004 1.003e+004 1e+004 9989 9979 9972 9965 9952 9943 9936 9930 9928 9931 9925 9923
9767 9784 9807 9810 9814 9822 9822 9817 9816 9793 9779 9784 9785 9789 9791 9788 9786 9784 9781 9769 9808 9800 9794 9799 9795 9801 9818 9818 9824 9825 9833 9826 9835 9845 9854 9878 9903 9920 9929 9935 9941 9952 9962 9970 9952 9980 1.002e+004 1.006e+004 1.003e+004 9998 9983 9979 9975 9966 9956 9948 9939 9931 9927 9934 9937 9934
9771 9791 9809 9813 9816 9821 9812 9808 9795 9775 9775 9785 9789 9793 9794 9789 9785 9782 9780 9786 9811 9801 9807 9804 9808 9817 9819 9821 9815 9831 9818 9836 9847 9857 9870 9887 9915 9925 9926 9935 9947 9958 9975 9997 9980 9987 1.001e+004 1.002e+004 1.002e+004 1e+004 9986 9979 9972 9965 9959 9951 9942 9934 9932 9939 9942 9939
9790 9793 9800 9803 9808 9810 9803 9802 9785 9789 9790 9787 9784 9789 9795 9789 9785 9781 9782 9789 9787 9797 9800 9808 9811 9815 9833 9833 9828 9824 9840 9847 9853 9867 9884 9913 9945 9930 9923 9937 9955 9964 9967 9963 9964 9987 1e+004 9992 1.001e+004 1e+004 9990 9981 9977 9973 9963 9954 9946 9940 9938 9949 9946 9944
9781 9786 9794 9798 9797 9792 9793 9789 9786 9787 9789 9786 9785 9786 9790 9790 9790 9789 9787 9782 9792 9800 9810 9818 9818 9818 9827 9833 9830 9825 9833 9849 9868 9878 9895 9920 9939 9934 9923 9944 9960 9966 9960 9953 9976 1.001e+004 1.003e+004 1.005e+004 1.004e+004 1e+004 9990 9983 9978 9974 9962 9955 9951 9946 9947 9953 9949 9952
9776 9778 9790 9794 9789 9785 9798 9788 9777 9774 9765 9782 9790 9788 9790 9792 9790 9788 9786 9784 9788 9805 9828 9831 9826 9823 9831 9830 9829 9829 9833 9843 9862 9887 9901 9912 9926 9938 9949 9957 9963 9965 9961 9966 9997 1.002e+004 1.004e+004 1.006e+004 1.005e+004 1.002e+004 9996 9988 9976 9964 9954 9951 9952 9959 9961 9964 9961 9963
9775 9774 9780 9787 9787 9786 9791 9786 9781 9784 9755 9784 9802 9794 9796 9795 9794 9792 9789 9788 9793 9806 9817 9823 9831 9841 9835 9830 9826 9829 9833 9839 9871 9894 9904 9914 9928 9947 9966 9967 9965 9962 9960 9960 9981 1.001e+004 1.003e+004 1.005e+004 1.005e+004 1.003e+004 1.003e+004 9995 9971 9954 9947 9948 9950 9955 9968 9980 9976 9965
9774 9771 9773 9783 9788 9790 9780 9775 9780 9787 9775 9770 9782 9789 9798 9798 9796 9795 9795 9800 9806 9818 9820 9824 9830 9836 9836 9829 9826 9831 9835 9844 9862 9884 9906 9922 9940 9953 9962 9962 9960 9962 9947 9953 9971 9992 1.001e+004 1.003e+004 1.002e+004 1.002e+004 1e+004 9984 9968 9952 9947 9948 9949 9952 9967 9986 9994 9975
9782 9775 9773 9775 9783 9782 9775 9771 9773 9778 9769 9751 9762 9798 9803 9803 9802 9800 9801 9806 9814 9818 9820 9822 9825 9831 9841 9833 9831 9838 9839 9846 9863 9886 9918 9942 9956 9960 9950 9943 9939 9930 9932 9944 9955 9980 9996 1.001e+004 1.001e+004 1e+004 9975 9972 9966 9962 9958 9954 9954 9954 9963 9983 1e+004 9993
9783 9785 9749 9762 9773 9773 9772 9772 9772 9772 9767 9755 9763 9800 9801 9801 9801 9802 9802 9801 9807 9813 9816 9819 9822 9826 9840 9839 9843 9844 9845 9850 9877 9908 9937 9975 9999 9974 9946 9930 9923 9917 9930 9948 9964 9965 9984 1e+004 1e+004 9985 9979 9973 9969 9966 9962 9961 9962 9965 9962 9969 9997 1e+004
9780 9789 9726 9758 9778 9771 9768 9762 9767 9772 9772 9777 9773 9778 9793 9797 9799 9802 9804 9805 9806 9807 9815 9824 9828 9831 9840 9842 9850 9846 9853 9862 9897 9921 9940 9976 1.001e+004 9983 9945 9921 9921 9926 9944 9951 9957 9961 9978 1e+004 1.002e+004 1e+004 9982 9974 9974 9972 9967 9969 9963 9962 9965 9967 9981 9992
9767 9765 9768 9781 9789 9769 9763 9759 9758 9764 9769 9774 9783 9794 9790 9795 9799 9802 9805 9809 9808 9807 9816 9826 9833 9838 9835 9843 9852 9857 9865 9881 9899 9913 9926 9939 9989 9977 9948 9928 9930 9937 9946 9948 9948 9953 9973 9999 1.002e+004 1e+004 9985 9986 9981 9987 1e+004 9982 9968 9965 9973 9972 9968 9970
9761 9767 9778 9795 9815 9785 9772 9765 9752 9758 9764 9766 9771 9775 9783 9791 9798 9803 9807 9812 9812 9811 9818 9828 9835 9835 9834 9846 9858 9867 9872 9895 9901 9916 9921 9932 9957 9962 9951 9944 9939 9939 9945 9947 9949 9958 9974 9994 1.001e+004 9993 9967 9970 9981 9990 9989 9991 9982 9977 9976 9973 9965 9963
9768 9775 9768 9760 9786 9784 9793 9770 9762 9763 9769 9776 9777 9783 9787 9793 9801 9808 9814 9816 9818 9817 9822 9832 9838 9840 9845 9851 9865 9872 9876 9905 9912 9918 9924 9930 9946 9947 9946 9948 9945 9940 9939 9949 9957 9963 9971 9985 9996 9995 9996 9974 9981 9995 1.001e+004 1e+004 1e+004 9990 9985 9977 9971 9940
9774 9782 9752 9694 9618 9635 9771 9782 9762 9768 9774 9777 9778 9779 9787 9796 9803 9811 9821 9827 9829 9829 9833 9836 9835 9840 9845 9856 9864 9869 9875 9898 9915 9920 9924 9928 9921 9928 9936 9940 9940 9941 9948 9957 9964 9968 9968 9976 9985 9991 9986 9976 9985 9996 1e+004 9992 9968 9979 9993 9985 9979 9959
9785 9773 9760 9729 9674 9692 9794 9797 9773 9772 9771 9772 9778 9780 9796 9800 9807 9814 9827 9841 9842 9845 9850 9854 9854 9849 9845 9857 9856 9865 9884 9897 9902 9911 9909 9910 9914 9924 9933 9935 9943 9944 9938 9959 9957 9951 9953 9968 9982 9990 9987 9990 9994 9995 9992 9989 9986 9978 9973 9988 9995 1.001e+004
9777 9775 9781 9797 9821 9840 9807 9789 9782 9771 9766 9768 9773 9783 9793 9802 9810 9817 9826 9844 9851 9858 9865 9869 9872 9862 9849 9850 9840 9856 9867 9880 9892 9906 9911 9911 9918 9927 9937 9952 9958 9954 9951 9957 9947 9945 9948 9964 9980 9992 1.001e+004 1.001e+004 1e+004 9999 9995 9997 1.001e+004 1e+004 9993 1.001e+004 1.004e+004 1.005e+004
9778 9784 9790 9797 9803 9803 9801 9793 9780 9773 9773 9769 9767 9778 9791 9804 9814 9826 9840 9847 9856 9863 9869 9875 9879 9872 9871 9866 9860 9861 9874 9887 9892 9902 9914 9918 9922 9926 9939 9954 9965 9970 9971 9929 9936 9957 9945 9965 9984 1e+004 9995 1e+004 1.001e+004 1e+004 9999 9999 1.001e+004 1.003e+004 1.004e+004 1.003e+004 1.004e+004 1.006e+004
9775 9785 9788 9791 9794 9798 9796 9801 9789 9778 9773 9774 9774 9784 9804 9810 9815 9822 9833 9847 9857 9865 9873 9872 9863 9867 9873 9876 9871 9865 9883 9897 9900 9904 9918 9924 9926 9934 9940 9952 9966 9973 9972 9891 9933 9970 9964 9970 9985 1e+004 9988 9993 1e+004 1e+004 1e+004 1.001e+004 1.001e+004 1.002e+004 1.003e+004 1.004e+004 1.004e+004 1.005e+004
9778 9782 9784 9789 9803 9804 9801 9803 9799 9786 9777 9778 9784 9795 9808 9816 9816 9814 9827 9847 9858 9865 9869 9868 9863 9866 9874 9879 9880 9881 9892 9905 9910 9910 9921 9924 9926 9926 9939 9945 9944 9967 9968 9957 9951 9954 9960 9966 9982 9994 1e+004 1.001e+004 9999 1e+004 1e+004 1.001e+004 1.001e+004 1.002e+004 1.003e+004 1.004e+004 1.005e+004 1.006e+004
