real_craters/C176-500m.grd
DSAA
284 284
-70.805 70.805
-70.805 70.805
8076.2691305612 10811.221674705
[rows 90 to 119 of 284, columns 67 to 133 of 284]
9951.43 9955.9 9959.03 9961.6 9965.92 9966.17 9966.68 9966.49 9966.43 9974.48 9982.44 9986.75 9987.16 9989.94 9991.44 10001.6 10021.3 10029.5 10028.7 10032.9 10033.6 10030.6 10025.1 10021 10011.9 10007.1 10011.6 10019.3 10045.2 10063.5 10075.9 10085.4 10091.9 10092.8 10082.3 10089.3 10105.8 10118 10126.1 10136.9 10147.8 10161.7 10181 10222 10210.1 10200.6 10272.5 10353.6 10364.9 10313.4 10282.4 10264.7 10290.8 10302.1 10346.3 10356 10315.2 10316.2 10302.5 10286.9 10274.9 10282.9 10293.1 10306.3 10318.9 10329.2 10336.5
9953.01 9956.15 9956.36 9959.73 9961.53 9962.89 9964.14 9964.42 9964.97 9973.54 9984.79 9992.72 9998.06 10001.8 10003.2 10009.9 10022.6 10030.9 10038.1 10037.3 10037.1 10033.6 10027.4 10021.4 10019.2 10016.1 10017.6 10025.1 10050 10066 10077.6 10086.9 10094.7 10101.1 10100.9 10099.5 10110.8 10119.7 10132.1 10145.5 10157.5 10169.6 10178.7 10224.1 10254.2 10264.7 10293.7 10327.9 10310.3 10297.7 10276.6 10258.1 10245.6 10271.7 10311.6 10338.9 10330.2 10292.6 10272.6 10268.6 10276.7 10283 10306.1 10338.4 10362.6 10364.4 10371.8
9958.52 9961.58 9965.92 9964.04 9960.15 9963.53 9966.34 9968.1 9970.06 9980.04 9993.9 10005 10011.2 10019 10025.2 10027.6 10028.9 10031 10039.4 10042.9 10044.1 10042.6 10037.5 10031.8 10031.9 10034.5 10028.7 10036.6 10053.3 10068.2 10080.7 10089.4 10097.2 10109.2 10131.2 10130.4 10121.8 10126.5 10137 10150.4 10164.8 10179.4 10197.2 10231 10233.4 10257.1 10280.3 10305.9 10308.2 10282.7 10264.9 10252.3 10237.8 10251.4 10260.4 10277.5 10278.8 10253.1 10232.3 10222 10238.1 10273.1 10312.7 10354.8 10387.9 10387.4 10391.1
9963.7 9968.26 9970.82 9970.43 9967.77 9971.02 9974.29 9976.78 9982.28 9993.7 10010.6 10025.8 10033 10040.5 10045.1 10044.9 10042.3 10038.9 10044.3 10050.5 10054.4 10055.5 10054.8 10054 10050.1 10047.3 10053.1 10065.3 10073.1 10081.2 10086.7 10091.6 10095.8 10099.5 10104 10111.7 10118.1 10126.8 10138.5 10149.5 10161.6 10180.3 10203.7 10203.9 10140 10179.4 10220.4 10261.5 10288.8 10257.6 10253.3 10255.2 10267.3 10269.2 10244.4 10222 10213 10206.7 10196.2 10185 10215.4 10267.2 10315.3 10356.5 10387.2 10395.6 10402.7
9970.91 9976.78 9981.63 9983.79 9983.96 9985.5 9986.88 9988.03 9991.32 10001.4 10019.7 10040.8 10058.6 10064.1 10063.3 10061.6 10058.6 10057.8 10057 10062.8 10069.4 10075.2 10076.8 10079 10082.5 10081.3 10083.7 10087.2 10089.7 10090.9 10093.2 10095.1 10095.1 10092.2 10093.1 10094 10110.6 10128.3 10143.3 10155.6 10164.5 10172 10172.9 10147.3 10107.9 10130 10165.6 10197.3 10202.3 10214.5 10238.2 10260.8 10283.7 10291.9 10261.6 10183 10166.3 10179.6 10186.9 10187.7 10229.9 10281.9 10326.5 10359.8 10382.5 10402.8 10422.9
9981.33 9987.36 9992.21 9995.1 10001.6 10003.2 10002.3 10000.1 9997.57 9999.42 10015.2 10030.7 10059.8 10076.2 10082 10077.3 10070.3 10069.1 10070.5 10075 10085 10097.9 10114.3 10122.4 10128.3 10125.2 10123.9 10112.5 10106.3 10103.3 10103.2 10103 10101 10095.5 10094.8 10104.1 10116.7 10130.7 10144.8 10158 10165.7 10165 10150.8 10139.8 10126.1 10128.7 10144.5 10157.5 10165.5 10193.8 10237.3 10265 10274.3 10275.4 10274.4 10166.4 10153.2 10182.7 10216 10246.4 10281.8 10322.7 10361.9 10387 10390.2 10433.2 10468.3
9990.54 9999.95 10009 10016.8 10021.3 10021.6 10019.7 10014.9 10010.7 10011.2 10021 10033.2 10054.4 10079.5 10100.4 10087.4 10073.4 10068.3 10075 10083.5 10098.2 10115.8 10134.3 10150.2 10158.9 10147 10126.6 10130.6 10124.3 10115.7 10116.5 10114.7 10113.2 10116 10114.7 10116.4 10124.2 10134.1 10144.9 10156 10165.7 10168.6 10157.1 10147.2 10151.7 10131.6 10120.3 10150.7 10179.8 10217.3 10259.1 10286.6 10295.9 10293.6 10269.5 10171.3 10175.4 10212.6 10259.3 10312.4 10341.6 10377 10418.1 10456.2 10489.1 10523.2 10537.8
10001.4 10011.7 10024.1 10037.6 10044.2 10047.2 10038.3 10030.4 10025.5 10025.3 10036.5 10050.1 10066.1 10083.5 10096.9 10091.7 10077.7 10065 10072.4 10089.9 10107.3 10127.7 10151.8 10166 10176 10167.6 10144.5 10149.8 10146.7 10147.9 10137.9 10129.9 10123.9 10122.1 10122.9 10126.8 10133.8 10139.9 10146.8 10155.9 10167.4 10185.2 10214 10207.6 10196.3 10166.9 10143.9 10178.2 10219.9 10265.8 10297.1 10325.5 10349 10362.8 10320.1 10226.9 10228.4 10264.8 10307.2 10344.3 10392.4 10431.5 10476.5 10530.3 10599.8 10622.1 10606.5
10009.4 10020.1 10030.3 10040.8 10053.5 10060.9 10050.8 10042.9 10039.7 10043.7 10052.1 10071.3 10081.6 10090.1 10093.6 10096.8 10098.2 10091.4 10088.3 10096.8 10113.1 10133.4 10159.6 10177.4 10185.6 10191.8 10193.7 10171.8 10165.1 10162.9 10155.7 10146.4 10134.3 10120.7 10127.1 10138.4 10145.7 10144.9 10149.9 10159.5 10172.8 10193.4 10226.1 10266.6 10260.6 10225.4 10212.9 10220.8 10263.6 10308.8 10330.6 10357.2 10387 10420.1 10379.3 10293.9 10296.9 10329.2 10375.9 10422.1 10442.5 10478.2 10520.8 10569.4 10620.1 10639.9 10633.9
10015.8 10025.3 10034.3 10040.6 10050.8 10056.3 10054.9 10051 10047.7 10049.6 10056.2 10069.9 10082.7 10091.4 10091.3 10098 10110.1 10105.1 10092.4 10103.4 10115.8 10131.6 10151.3 10187.6 10215.3 10207.7 10195.7 10173 10184 10179.6 10174.2 10166.3 10155.7 10141.7 10140.5 10141.8 10144.6 10146.1 10154.6 10165 10173.8 10182.1 10207.2 10253.4 10298.6 10258.5 10232.4 10244.7 10279.6 10317.1 10352.6 10384.8 10411.8 10428 10404 10364.9 10373.5 10390.6 10416.3 10451.7 10476.4 10506.8 10543.2 10582.2 10602 10600.2 10633
10013.6 10027.5 10039.4 10049.4 10055.9 10055.6 10060.2 10057.5 10052.2 10048.5 10051.6 10061.2 10071.9 10083.3 10088.1 10091.1 10092.4 10099.6 10109.3 10108.7 10116.6 10133.7 10165.6 10201 10219.9 10217 10212 10237.1 10222.4 10209.5 10199.4 10190.8 10185.9 10181.9 10161.7 10145.5 10130.2 10145.4 10163.4 10176.6 10183.3 10177 10166.9 10205.2 10273.5 10257.9 10242.6 10260.7 10301 10337.9 10381.6 10419 10440 10445.8 10457.1 10458.3 10456 10456.4 10448.4 10467.3 10498.4 10524.4 10552 10588.4 10632.3 10691.7 10648.9
10005.4 10030.6 10047.1 10057.2 10066.3 10076.3 10073.4 10066.2 10057.6 10048.9 10048.2 10057.8 10068.8 10080 10086.9 10087 10082.3 10092.1 10099.8 10107.8 10114.5 10126.8 10161.4 10220 10248.6 10232.4 10241.8 10270.7 10248 10228.7 10217.1 10210.7 10208 10200.9 10182.9 10162.2 10146 10161.2 10183 10200.7 10212.2 10216.8 10216.8 10224.7 10243.3 10254 10256.4 10284.9 10335.8 10383.1 10431.9 10473.7 10484.3 10483.7 10527.7 10543.6 10534.6 10534.1 10525.1 10521.3 10522.7 10524.4 10537.3 10564.4 10607.7 10639.5 10620.8
10016.5 10040.1 10057.4 10073.7 10087 10090.9 10085.2 10075.4 10066.5 10058.4 10056.6 10065.2 10073.8 10084.3 10093.5 10094.3 10092.3 10098.5 10108.5 10113.5 10114.5 10120.1 10153.5 10208.8 10237.3 10230.7 10232.3 10236.3 10241.5 10230.8 10224.1 10225 10225 10219.6 10207.2 10193.6 10184.7 10198.4 10218.6 10238.6 10256.9 10272.8 10284.2 10280.4 10265.8 10280.9 10294.3 10331.1 10395.1 10444.6 10527.6 10556.3 10554.4 10543.8 10582.7 10586 10585.9 10607.1 10612.4 10578.1 10531.9 10500.3 10487.1 10494.9 10520.6 10548.3 10539.1
10018.6 10047.7 10065 10080.3 10089.7 10091.9 10087.9 10082.1 10076.8 10073.8 10075.6 10079.2 10087 10103.7 10113.1 10107.2 10105.4 10108 10117.3 10119.1 10119.5 10128 10156.4 10192.5 10221.7 10234 10237.6 10238.5 10228.3 10231.1 10234.8 10237.2 10240.3 10238.8 10232.3 10229.7 10238.9 10252.9 10265.6 10286 10310.4 10337.4 10354.3 10355.9 10347 10347.5 10357.1 10396.2 10474.5 10603.9 10677 10635.3 10616.9 10615.9 10574.3 10575.3 10589.6 10636.7 10691.9 10588.8 10494.6 10432.9 10397.9 10378.8 10381.6 10403.5 10371.1
10016.4 10048.4 10068.3 10084.3 10094.7 10093.5 10089.8 10087.5 10085.9 10087.7 10092.7 10094.5 10105.2 10121.3 10126.8 10116.9 10110 10115.1 10118.6 10121.7 10128.5 10139.5 10171.7 10203.1 10231.4 10245.1 10245.8 10232.8 10225.5 10230.5 10236.6 10243.9 10256.3 10256.6 10253.7 10257.5 10273.7 10287.9 10308 10335.5 10364.1 10400.1 10452.4 10467.2 10453.8 10423.1 10405.2 10424.7 10502.8 10611.5 10672.5 10641.3 10619.6 10585.2 10535.5 10528.6 10525.1 10550.3 10557 10486.6 10395.7 10326.2 10274.9 10227.5 10185.4 10129.1 10104.3
10018.1 10048.8 10071 10086.9 10096.2 10096.6 10093.8 10090.8 10090 10092.2 10097.5 10094.3 10095.8 10115.7 10128.5 10127 10125.4 10127.7 10131.5 10136.4 10145.6 10157.3 10193.7 10251.4 10254.2 10263.6 10254 10242.8 10239.4 10228.9 10224.2 10236.8 10263.7 10265 10266.3 10274.2 10283.5 10304.6 10349.7 10388.8 10424.3 10454.5 10558.3 10571.1 10516.2 10466.8 10439.6 10437.4 10496 10540.4 10555.3 10570.5 10573 10551.7 10498.3 10452.7 10408 10383.5 10356.3 10314 10253.4 10196.4 10141.6 10076 10004.5 9911.96 9866.81
10030.6 10058.5 10075.1 10088.6 10097.2 10096.9 10093.5 10090.8 10089.1 10087.8 10084.6 10085.6 10091.7 10106.4 10121 10127.6 10134.1 10141.9 10155.7 10169.2 10166.7 10175.2 10195.4 10221.8 10246.1 10257.2 10256 10247.2 10237.4 10225.2 10218.3 10222.1 10226.2 10253.3 10273.2 10293.1 10321.6 10356.8 10399.9 10446.9 10498.6 10565.6 10663.8 10635.4 10555 10499.7 10476.3 10484.1 10511.9 10520.1 10515.2 10479.2 10415.1 10362 10354.5 10317.5 10254.5 10194.6 10152.4 10128.8 10094.7 10050.9 9999.98 9933.57 9859.74 9770.5 9710.88
10046.7 10064.3 10079 10091.6 10097.7 10098.4 10093.2 10090.4 10087.9 10085 10082.7 10081.4 10081 10090.4 10104 10114.9 10132.1 10151 10170.3 10183.9 10180.3 10180.9 10194.2 10207.7 10235.1 10245.5 10253.1 10256.3 10234.9 10220.7 10215.3 10219.1 10236.8 10253.7 10280.4 10311.2 10352.3 10405.7 10441.3 10495.7 10560.8 10630.1 10675.3 10633.2 10545.2 10486.2 10495.4 10536 10555.9 10544.5 10516.5 10396 10273.9 10217.4 10192.4 10160.9 10093.1 10010 9968.12 9958.63 9940.04 9910.22 9866.25 9813.18 9756 9693.41 9650.59
10064.9 10068.7 10083.5 10096.6 10107 10107.1 10098.4 10093.1 10088.7 10084.9 10081.9 10081.2 10081.4 10090.7 10101.9 10117.5 10135.6 10157.5 10178.4 10193.1 10198.2 10199.1 10216.9 10231.3 10250 10257.3 10248.8 10235.2 10218.3 10212.7 10210.9 10215.5 10231.8 10260.5 10289.4 10322.2 10359.7 10401.5 10457.3 10526.6 10605.1 10667.2 10698.1 10608.8 10486.3 10407.4 10499 10598.3 10611.6 10539.3 10422.8 10314.2 10219.4 10206.6 10158.3 10049.2 9951.87 9871.13 9829.92 9816.73 9798.3 9771.61 9741.91 9701.69 9657.46 9624.98 9625.66
10085.6 10085.8 10088.8 10100.8 10114.4 10116.6 10104.5 10096.2 10091.7 10087.5 10082.5 10082.6 10098.8 10101.4 10118 10128.5 10144.3 10163 10185.5 10216.1 10232.9 10240.4 10243.8 10254 10262.8 10262.3 10243.2 10218.3 10201.9 10204 10210.8 10224.3 10243.3 10272.7 10302.2 10331.4 10363.5 10399.7 10461.8 10536.3 10623 10693.6 10679.6 10584.8 10462.8 10394.1 10515.5 10675 10679 10515.9 10319.1 10265.1 10240.6 10175.5 10039.4 9907.5 9847.63 9777.36 9736.65 9708.09 9679.97 9655.07 9620.85 9581.97 9542.98 9498.09 9442.33
10089.8 10083.6 10088.3 10100.5 10111.5 10111.8 10103.6 10098.8 10097.7 10095.2 10092.3 10097 10109.6 10112.7 10129.9 10138.2 10151.1 10166.4 10182.9 10197.8 10232.4 10250.6 10249.4 10257.4 10265.3 10259.9 10240.4 10213.7 10194.7 10203.1 10216.1 10233.4 10265.9 10290.9 10318.1 10346.4 10377 10416.3 10468.3 10530.9 10584.5 10640.7 10649.7 10577.2 10471.6 10405.3 10524.4 10696.7 10705.8 10509.8 10312.9 10263.3 10242.1 10072.2 9928.62 9824.15 9781.28 9723.56 9665.09 9623.08 9587.89 9554.98 9519.92 9479.05 9433.45 9375.77 9300.41
10094.7 10082.9 10086 10100.5 10112.4 10118.9 10110.5 10107 10107.8 10107.3 10107.1 10108.9 10111.9 10116.4 10132.6 10145 10154.5 10166.6 10178.9 10190.8 10207.5 10233.4 10244.9 10256.3 10269.6 10263.9 10246.6 10226 10209 10216.8 10236.4 10254.1 10283.5 10313.7 10341.5 10369.7 10397.9 10425.3 10477.6 10544.3 10578.4 10642.3 10672.4 10599.4 10505.8 10433.3 10532.2 10675.8 10681.4 10492.9 10281.2 10246.6 10227.8 10001.3 9910.68 9858.2 9738.32 9645.69 9580.91 9537.37 9501.9 9471.13 9437.24 9399.44 9352.09 9300.7 9252.85
10102.4 10089.8 10092.5 10105.2 10117.1 10126 10123.7 10122.8 10121.4 10121.6 10122.4 10122.7 10120 10123 10131.4 10142.4 10155.8 10167.9 10180.8 10196.6 10229 10242.4 10246.4 10257.8 10264.8 10265.2 10259.5 10250.6 10242.4 10244.3 10271.2 10310.6 10321.5 10344.6 10370.7 10398.1 10433 10475.1 10537.5 10603.8 10652.7 10694.5 10699.4 10642.8 10564.8 10509.9 10562.7 10668.3 10683.5 10452.1 10230.1 10155.4 10075.2 9922.45 9856.31 9816.62 9663.61 9547.04 9490.5 9459.41 9428.34 9400.93 9367.83 9329.78 9281.14 9240.66 9215.04
10114 10112.3 10108.5 10112.5 10120.1 10123 10131.3 10134 10133.8 10134.6 10136.8 10143 10135.7 10125.9 10133.3 10146.4 10158 10171.7 10186.8 10204.3 10233.1 10261.1 10277.6 10272.1 10265.2 10271 10276 10280.2 10280.1 10276 10298 10320.5 10349.6 10373.3 10396.1 10424.7 10467.8 10538.2 10614.8 10667.1 10740.7 10811.2 10770.1 10690.8 10621.7 10573.2 10579.7 10609.2 10571.5 10348.5 10109.1 9960.9 9868.7 9777.86 9727.91 9667.01 9542.47 9438.24 9412.98 9390.55 9366.94 9337.83 9300.06 9262.76 9216.81 9172.93 9119.76
10121.1 10121.8 10115.8 10118.6 10124.9 10130.4 10137.4 10142.1 10142.7 10144.4 10145.6 10143.4 10142.8 10141.9 10144.1 10146.2 10163.2 10179.8 10196.3 10213.8 10235.4 10274.8 10296.3 10286.4 10279.3 10283.1 10294.3 10307.5 10322.3 10311.9 10324.7 10345.9 10375.9 10394.9 10410.6 10433.8 10469.9 10522.1 10588.7 10677.4 10760.7 10804.3 10773.4 10708.1 10652.6 10614 10583.3 10526.2 10400.1 10224 10009.7 9832.87 9734.79 9646.01 9591.79 9523.66 9448.47 9383.83 9362.42 9339.46 9312.52 9282.2 9250.63 9216.98 9177.06 9128.56 9073.01
10124.4 10120.3 10117.4 10122.5 10130.2 10138 10143.6 10142.9 10148.8 10151.1 10154.1 10157.4 10154.2 10161.6 10171.7 10164.9 10174.7 10189.3 10206.8 10227.3 10258.1 10281.6 10299 10288.7 10281.4 10295.1 10308.8 10321.6 10336.8 10350.5 10348.8 10373.2 10415.8 10414.3 10416.4 10428.9 10450.2 10477.2 10517.8 10635.9 10756.6 10755.9 10717.6 10675.6 10638 10611.9 10571.5 10459.3 10318.2 10147.5 9949.88 9784.9 9651.19 9550.26 9494.49 9444.78 9414.97 9372.48 9326.6 9294.41 9268.9 9245.41 9218.63 9189.47 9154.75 9105.41 9052.57
10128.9 10125.7 10120.8 10126.9 10134.9 10145.4 10153.2 10164 10155.5 10153.7 10160.5 10164.7 10158.5 10164.4 10170.9 10180.9 10189 10198 10214.7 10239.3 10258.7 10272.3 10290.8 10297.7 10300 10311.6 10320.5 10325.5 10332.1 10328.7 10362.4 10415.7 10439.3 10412.6 10407 10412.3 10425.6 10443.3 10475.3 10545.2 10596.1 10610.1 10620.2 10604.5 10576.8 10537.6 10459.5 10372.8 10259.9 10066.4 9861.91 9707.5 9545.53 9460.67 9421.33 9387.49 9354.23 9323.47 9289.77 9258.55 9227.15 9203.27 9178.52 9150.7 9125.7 9091.51 9046.31
10135.6 10133.1 10131.4 10130.9 10136.3 10143 10147.4 10148 10149.8 10149.4 10163.9 10176.3 10158.9 10163 10168.6 10192 10195.7 10201.9 10213.4 10230.1 10238.9 10258.9 10291.3 10320.6 10330.5 10330.2 10327 10327.5 10330.3 10344.3 10357 10375.3 10372.7 10374.4 10380.7 10390.7 10403.5 10417.5 10439.4 10482.1 10504.9 10495.7 10529.1 10522.6 10490.6 10449.7 10403.7 10244.5 10073.7 9891.33 9718.48 9547.72 9465.77 9405.93 9362.01 9327.85 9300.34 9280.44 9252.17 9224.14 9188.83 9159.47 9133.84 9112.81 9094.27 9080.19 9053.47
10143 10137.2 10129.7 10132.3 10136.5 10139.2 10141.6 10145 10150.7 10159.9 10165.9 10170.2 10154.6 10166.9 10178.3 10182.2 10193.1 10203.2 10211.1 10217.2 10261.4 10283.8 10315.3 10361.7 10362.7 10343.8 10330.7 10322 10316.8 10310.8 10308.2 10302.3 10296.6 10325.1 10347.9 10367.8 10386.3 10402 10411 10431.6 10475.4 10497.9 10479.8 10444 10387.6 10313.5 10206.8 10058.4 9879.45 9709.75 9583.51 9478.28 9435.26 9346.97 9299.46 9283.02 9286.59 9249.07 9209.84 9171.98 9136.89 9102.99 9077.59 9062.09 9051.18 9050.95 9059.85
10151.2 10145.2 10138.1 10137.4 10138.9 10142.9 10149.9 10151 10155 10158.6 10160.1 10161.3 10168.9 10178.7 10190.1 10192 10197.5 10209.2 10220.8 10230.4 10269.9 10323.6 10344.8 10376.2 10365.1 10339.9 10322.3 10310.5 10298.4 10283.3 10271.6 10265.1 10267 10293.9 10324.5 10352.6 10374.8 10399.3 10423.2 10419.8 10461.1 10493.4 10450.3 10378.7 10286.6 10170.6 10023.1 9873.72 9719.27 9565.17 9454.99 9362.67 9252.26 9224.68 9208.86 9217.34 9234.97 9192.93 9149.18 9110.61 9078.25 9048.84 9023.94 9001.63 8984.2 8972.1 8952.88
