real_craters/C176-750m.grd
DSAA
190 190
-70.805 70.805
-70.805 70.805
8056.7824132774 10816.965100191
[rows 0 to 26 of 190, columns 0 to 61 of 190]
9747 9752 9746 9743 9744 9739 9745 9742 9752 9763 9769 9763 9752 9748 9752 9764 9762 9769 9778 9793 9798 9808 9821 9833 9842 9826 9828 9810 9812 9816 9815 9821 9811 9798 9794 9793 9785 9776 9768 9769 9777 9777 9782 9791 9797 9794 9807 9817 9828 9831 9835 9840 9847 9857 9859 9850 9854 9872 9886 9898 9912 9922
9745 9742 9745 9744 9749 9741 9733 9779 9774 9779 9765 9754 9744 9748 9751 9755 9768 9778 9783 9790 9798 9810 9828 9844 9846 9828 9805 9801 9805 9810 9812 9814 9806 9803 9797 9793 9781 9778 9774 9785 9790 9785 9788 9792 9796 9797 9805 9811 9817 9821 9827 9833 9840 9845 9840 9843 9853 9867 9880 9892 9904 9915
9741 9739 9746 9756 9755 9723 9643 9636 9809 9790 9759 9745 9742 9745 9749 9762 9773 9781 9784 9793 9796 9809 9832 9854 9864 9816 9809 9806 9806 9810 9817 9815 9802 9795 9797 9798 9811 9796 9785 9784 9781 9777 9778 9781 9789 9801 9804 9806 9806 9813 9822 9830 9836 9838 9837 9848 9861 9871 9880 9887 9890 9897
9737 9735 9738 9742 9747 9722 9663 9666 9786 9774 9748 9743 9739 9745 9755 9764 9771 9780 9783 9793 9797 9810 9835 9860 9876 9850 9818 9803 9802 9809 9810 9805 9803 9796 9799 9799 9798 9795 9787 9782 9780 9774 9778 9785 9803 9803 9804 9805 9806 9810 9817 9823 9829 9835 9843 9855 9865 9879 9884 9885 9884 9888
9734 9737 9738 9737 9737 9740 9759 9774 9753 9752 9741 9738 9739 9745 9754 9763 9773 9783 9793 9796 9798 9810 9838 9863 9872 9868 9828 9803 9802 9812 9817 9791 9779 9806 9798 9797 9793 9796 9789 9782 9786 9784 9791 9803 9811 9809 9806 9806 9808 9812 9816 9821 9827 9833 9841 9861 9884 9894 9890 9887 9887 9889
9728 9737 9733 9736 9738 9742 9742 9740 9744 9746 9740 9734 9740 9750 9754 9762 9768 9778 9792 9798 9803 9818 9843 9873 9898 9873 9840 9817 9810 9813 9818 9806 9800 9801 9804 9802 9803 9801 9790 9785 9787 9790 9799 9806 9810 9808 9806 9806 9807 9810 9817 9823 9827 9832 9841 9851 9894 9897 9888 9885 9882 9881
9728 9742 9734 9734 9736 9736 9734 9730 9736 9738 9731 9735 9743 9753 9762 9767 9766 9778 9791 9798 9807 9823 9842 9867 9875 9862 9842 9825 9807 9811 9812 9802 9802 9801 9801 9805 9798 9785 9790 9790 9793 9797 9806 9814 9814 9809 9806 9807 9810 9811 9824 9829 9831 9832 9829 9838 9857 9869 9875 9878 9879 9876
9729 9729 9733 9729 9731 9732 9731 9735 9732 9747 9748 9742 9745 9753 9773 9776 9778 9786 9794 9801 9805 9813 9833 9850 9854 9846 9834 9824 9802 9805 9805 9796 9805 9812 9809 9804 9797 9794 9799 9803 9802 9805 9811 9817 9817 9809 9802 9812 9824 9839 9838 9837 9837 9835 9834 9830 9839 9851 9864 9872 9877 9884
9729 9728 9729 9729 9730 9730 9728 9737 9737 9752 9757 9766 9765 9755 9782 9781 9778 9786 9791 9797 9801 9808 9826 9839 9842 9833 9822 9813 9812 9805 9801 9801 9809 9809 9811 9807 9796 9805 9809 9808 9811 9811 9814 9815 9817 9815 9807 9820 9834 9849 9845 9843 9841 9840 9835 9822 9836 9846 9858 9865 9870 9873
9730 9730 9732 9733 9730 9738 9742 9744 9750 9757 9760 9765 9762 9763 9779 9781 9782 9779 9781 9792 9795 9800 9820 9846 9830 9822 9814 9803 9809 9813 9812 9815 9816 9810 9807 9808 9812 9796 9814 9808 9807 9817 9817 9813 9812 9813 9829 9832 9837 9832 9841 9846 9847 9846 9843 9848 9851 9858 9858 9862 9864 9870
9732 9733 9739 9740 9750 9752 9750 9751 9759 9762 9756 9764 9766 9765 9771 9781 9782 9780 9779 9788 9790 9794 9813 9830 9820 9816 9813 9811 9812 9827 9832 9827 9820 9812 9813 9815 9816 9815 9817 9818 9821 9828 9823 9817 9819 9831 9842 9845 9847 9850 9852 9852 9850 9851 9852 9852 9857 9856 9858 9861 9861 9862
9733 9737 9743 9743 9751 9754 9751 9753 9761 9772 9770 9768 9770 9770 9776 9781 9779 9769 9775 9779 9788 9797 9815 9827 9810 9815 9818 9826 9833 9835 9834 9830 9829 9823 9817 9822 9824 9820 9822 9828 9833 9840 9827 9816 9822 9852 9858 9858 9858 9862 9862 9858 9858 9859 9861 9859 9860 9856 9861 9863 9863 9866
9727 9731 9733 9739 9738 9749 9748 9750 9755 9766 9765 9759 9769 9778 9774 9775 9773 9773 9776 9782 9794 9804 9819 9837 9825 9820 9822 9831 9842 9840 9826 9820 9827 9829 9828 9830 9836 9831 9830 9830 9810 9836 9831 9810 9799 9857 9873 9866 9864 9863 9862 9862 9863 9864 9865 9866 9867 9871 9869 9867 9865 9862
9729 9726 9723 9721 9726 9728 9736 9745 9751 9763 9774 9760 9758 9760 9766 9767 9773 9776 9781 9796 9805 9823 9845 9841 9826 9821 9820 9822 9826 9832 9823 9812 9823 9825 9821 9823 9830 9830 9824 9820 9834 9853 9845 9820 9808 9850 9871 9866 9864 9864 9865 9867 9869 9869 9870 9870 9871 9871 9872 9871 9869 9866
9728 9727 9724 9721 9726 9730 9737 9745 9754 9763 9762 9751 9748 9770 9763 9761 9766 9775 9782 9791 9812 9834 9851 9829 9821 9819 9816 9815 9814 9816 9822 9818 9807 9816 9811 9808 9820 9831 9838 9839 9827 9870 9866 9844 9829 9857 9862 9854 9863 9866 9866 9870 9873 9875 9877 9877 9870 9877 9878 9874 9871 9866
9734 9734 9732 9732 9739 9746 9745 9748 9749 9761 9748 9745 9751 9760 9762 9759 9768 9781 9790 9805 9820 9832 9832 9825 9823 9817 9813 9809 9801 9817 9820 9818 9811 9814 9815 9809 9820 9832 9834 9843 9832 9860 9873 9870 9875 9866 9856 9867 9870 9872 9871 9875 9878 9881 9883 9886 9886 9885 9882 9876 9868 9866
9741 9743 9748 9748 9752 9753 9750 9751 9754 9754 9750 9749 9752 9754 9762 9774 9776 9794 9805 9818 9830 9833 9832 9827 9820 9815 9812 9809 9808 9814 9815 9816 9822 9824 9811 9816 9823 9832 9840 9852 9866 9877 9884 9880 9873 9862 9858 9874 9880 9880 9880 9880 9883 9886 9889 9891 9893 9891 9886 9880 9872 9869
9745 9748 9753 9756 9761 9763 9756 9756 9763 9769 9752 9757 9754 9747 9762 9775 9779 9790 9812 9829 9837 9835 9834 9819 9815 9814 9812 9810 9810 9810 9810 9814 9823 9824 9814 9818 9826 9841 9859 9860 9864 9882 9895 9883 9870 9863 9872 9882 9891 9888 9884 9885 9889 9890 9893 9894 9891 9894 9896 9888 9879 9873
9740 9750 9754 9754 9755 9755 9760 9763 9768 9774 9774 9767 9774 9754 9765 9780 9795 9796 9813 9826 9830 9826 9819 9810 9811 9813 9814 9815 9817 9814 9804 9806 9818 9821 9822 9818 9830 9843 9853 9857 9863 9873 9883 9883 9874 9870 9881 9900 9898 9896 9894 9895 9897 9898 9898 9898 9895 9898 9903 9896 9886 9877
9748 9755 9761 9760 9761 9763 9770 9770 9773 9777 9779 9780 9782 9778 9785 9792 9799 9803 9818 9826 9828 9812 9795 9804 9810 9812 9814 9815 9812 9804 9792 9805 9817 9819 9822 9828 9839 9846 9848 9853 9861 9870 9887 9888 9886 9885 9889 9894 9901 9903 9905 9906 9906 9905 9905 9904 9903 9903 9906 9899 9888 9878
9755 9764 9768 9770 9771 9777 9780 9775 9774 9781 9792 9791 9790 9795 9799 9803 9813 9824 9826 9821 9811 9800 9793 9811 9811 9813 9814 9815 9813 9793 9802 9815 9818 9819 9821 9831 9849 9853 9854 9857 9859 9882 9886 9893 9899 9913 9907 9908 9908 9909 9914 9918 9915 9913 9910 9910 9912 9907 9909 9901 9889 9876
9761 9772 9774 9779 9777 9772 9773 9781 9783 9793 9789 9803 9802 9808 9812 9814 9818 9822 9813 9808 9803 9802 9803 9807 9810 9810 9810 9809 9805 9805 9800 9805 9815 9822 9823 9836 9856 9860 9860 9857 9859 9868 9881 9893 9902 9898 9893 9894 9905 9910 9916 9920 9920 9919 9918 9915 9912 9909 9909 9898 9884 9876
9766 9776 9783 9786 9783 9777 9773 9773 9784 9798 9794 9803 9804 9815 9837 9827 9833 9818 9809 9807 9811 9810 9805 9805 9807 9808 9808 9807 9807 9809 9808 9809 9820 9814 9822 9834 9853 9864 9872 9869 9874 9881 9888 9897 9905 9911 9902 9898 9901 9911 9919 9924 9925 9924 9923 9919 9915 9920 9908 9894 9885 9883
9774 9781 9786 9791 9790 9786 9781 9774 9784 9789 9797 9801 9807 9810 9808 9816 9805 9811 9812 9812 9809 9803 9800 9802 9804 9807 9807 9805 9801 9794 9810 9815 9817 9808 9772 9812 9847 9861 9870 9884 9889 9892 9900 9908 9909 9906 9909 9912 9905 9916 9924 9930 9930 9928 9926 9924 9922 9921 9908 9896 9894 9898
9781 9791 9798 9802 9794 9793 9791 9790 9790 9794 9799 9798 9804 9807 9809 9803 9809 9810 9817 9814 9798 9793 9800 9802 9805 9808 9810 9809 9803 9800 9806 9809 9811 9819 9808 9817 9845 9861 9873 9894 9905 9912 9925 9924 9916 9913 9916 9923 9930 9926 9929 9933 9934 9933 9931 9927 9925 9923 9912 9902 9902 9900
9785 9796 9804 9805 9799 9800 9805 9806 9810 9802 9800 9798 9799 9800 9802 9799 9801 9803 9807 9804 9791 9791 9803 9805 9807 9810 9814 9821 9820 9815 9814 9814 9813 9815 9823 9828 9835 9860 9881 9889 9912 9936 9939 9917 9920 9925 9928 9927 9923 9928 9932 9937 9939 9937 9935 9933 9930 9928 9919 9910 9907 9906
9783 9795 9808 9811 9794 9795 9802 9800 9793 9797 9798 9801 9802 9793 9791 9794 9793 9791 9784 9779 9783 9792 9798 9802 9806 9810 9812 9813 9813 9812 9804 9812 9815 9813 9820 9826 9824 9858 9888 9884 9906 9936 9944 9926 9928 9935 9940 9932 9925 9929 9935 9943 9941 9938 9941 9943 9943 9937 9931 9911 9909 9915
