real_craters/C176-300m.grd
DSAA
473 473
-70.805 70.805
-70.805 70.805
8052.2728334306 10828.815817101
[rows 240 to 269 of 473, columns 335 to 401 of 473]
10249.4 10231.3 10219.2 10215.1 10213.6 10214.1 10213.2 10213.4 10215.5 10218 10220.3 10222.8 10224.4 10224.2 10223.4 10223 10225.8 10226.6 10219.9 10218.8 10218.8 10219.7 10221.4 10222.8 10224.2 10225.4 10226.4 10226.6 10226.2 10224.1 10221.3 10218.1 10213.5 10207.2 10206.4 10204.6 10201.1 10196.9 10192.4 10187.9 10183.7 10178.5 10172.4 10167.1 10161.1 10154.7 10149 10143.3 10137.4 10132.3 10127.4 10123.6 10121 10120.7 10121.2 10121.7 10122.1 10124.3 10128.9 10134.6 10140 10145.1 10150.9 10157.6 10163.6 10168.5 10172.8
10244 10230 10220 10213 10211 10212.9 10212 10211.7 10213.6 10216.3 10219.7 10222.9 10226.2 10229 10229.8 10228.2 10228.5 10228.7 10224 10222.9 10221.5 10222.2 10222.8 10223.7 10224.4 10225.4 10226.1 10226.9 10227.5 10227.8 10226.8 10223.3 10220.7 10218.8 10215.5 10210.8 10206.3 10201.9 10198 10192.5 10187.4 10182 10176.4 10169.8 10163.9 10157.9 10151.4 10145 10139.3 10134.1 10129.6 10125.6 10122.4 10120.7 10120.7 10122.6 10123.2 10125.2 10132.1 10138.5 10143.6 10145 10150.9 10157.2 10163.6 10169.3 10174.1
10240.1 10227.1 10217.1 10209.4 10206.2 10206.8 10207.4 10209.3 10212.2 10215.8 10220 10223.7 10228.4 10233.6 10238.5 10237.4 10228.3 10225 10224.4 10223.9 10223.7 10223.1 10223.1 10223.7 10224.6 10225.2 10226 10226.9 10228.4 10231 10231 10227 10225.7 10226.7 10222.7 10216.4 10211.3 10206.6 10201.9 10196.9 10191.2 10185.6 10179.9 10173.6 10167.7 10160.7 10154.3 10149 10143 10137.5 10132.5 10128 10123.9 10122.2 10123.3 10125.1 10127.7 10131.8 10137.7 10144.3 10151.4 10157.6 10156.1 10159.6 10165.6 10171.1 10176.1
10237.4 10223.7 10211.4 10204.6 10200.4 10198.4 10202.7 10207 10211 10215 10220 10224.6 10229.7 10235.6 10241.9 10235.9 10229.2 10227.4 10225.8 10225.1 10224.3 10223.6 10223.7 10224 10224.4 10224.6 10225.6 10226.3 10227.3 10228.7 10228.7 10226.5 10225.8 10225.4 10222.6 10218.7 10214.6 10210.1 10205.2 10200 10195.1 10189.7 10183.4 10177.7 10171.8 10165.9 10158.9 10152.7 10147.3 10141.4 10135.8 10130.5 10125.8 10123 10124.1 10127.8 10132.5 10138.5 10143.1 10149.6 10157.9 10167 10164.4 10165.4 10169.5 10174.1 10178.5
10236.3 10222.4 10210.3 10203.2 10198.8 10196.7 10202.1 10207.6 10212.2 10216.5 10220.1 10224.4 10228.5 10233.8 10240.7 10243.4 10231.9 10228.7 10226.7 10226.2 10225.2 10224.6 10224.2 10224.3 10225 10225.3 10225.3 10225.4 10225.5 10224.9 10223.9 10223.3 10223.8 10222.7 10221 10220.5 10217.1 10212.6 10207.5 10202.1 10198.1 10192.8 10187 10181.4 10175.4 10169 10163.4 10157.3 10151.6 10145.4 10139.9 10133.6 10128.8 10125.4 10126.3 10131.3 10136.2 10140.5 10146.5 10153.2 10158.7 10162.5 10167.1 10169.9 10173.6 10177.5 10181.5
10236.8 10223.2 10212.4 10207.2 10204.5 10202.5 10207 10210.8 10214.6 10218.2 10221.2 10224.1 10226.6 10229.4 10232.4 10241.7 10236.5 10230.6 10227.9 10227.4 10226.6 10227.5 10227 10227 10227.2 10227.5 10226.4 10225.6 10223.8 10221.3 10219.1 10219.9 10222.7 10224.9 10226 10224.3 10220.5 10215.9 10210.8 10205.2 10200.1 10194.5 10188.8 10185 10178.7 10172.8 10167.1 10160.9 10155.6 10149.5 10144.4 10138.7 10133.6 10130.4 10134 10138.8 10141.2 10144.5 10150.6 10157.9 10163.4 10166.4 10170.3 10174 10177.6 10181.2 10184.6
10237.7 10224.4 10216.2 10212.9 10217.5 10218.1 10214.4 10215 10217.4 10220.1 10222.6 10224.4 10225.1 10225.4 10227.9 10235.5 10235.3 10230.5 10229.1 10228.8 10230.7 10230.5 10231.1 10232.2 10232.2 10231.1 10229.4 10226.6 10223.4 10219.4 10216.3 10217.5 10222.6 10227.8 10232.2 10228.2 10223.9 10219 10213.8 10208.3 10202.6 10197.4 10191.7 10186.6 10181 10175 10171.2 10165.7 10160.2 10154.3 10149 10143.9 10139.7 10137.8 10140.9 10144.6 10146.4 10149.3 10155.2 10164.1 10174.1 10177.3 10175.7 10178.9 10182.2 10185.3 10188
10238.7 10224.5 10213.3 10209.3 10216.8 10219.3 10217.6 10217.6 10219.2 10221.6 10223.7 10225.1 10225.1 10223.6 10222.8 10225.5 10224.2 10227.1 10230.3 10232.2 10234.5 10235.5 10235.9 10235.2 10234.4 10233.2 10230.4 10228.5 10224.8 10220 10215.2 10216.7 10223.4 10228.6 10230.8 10229.9 10227.1 10222.4 10217.3 10211.8 10206.1 10200 10194.5 10189.2 10184.1 10179.4 10174.7 10169.5 10164.6 10159 10154.4 10150.4 10146.8 10145.4 10147.5 10150 10151.5 10153.4 10159.3 10169.8 10178.4 10182 10182 10184.8 10187.5 10189.8 10191.9
10240.5 10224.6 10211 10203.7 10207.4 10212.6 10216.1 10218.4 10221.4 10223.5 10225.9 10227.1 10227.7 10225.5 10222.1 10222.6 10223 10228.8 10233.8 10237.1 10238.9 10240 10238.9 10238.6 10237.8 10236.2 10234.6 10232.5 10229.2 10224.6 10219.2 10220.4 10227.4 10232.4 10232.6 10232.9 10230.8 10225.7 10220.1 10214.6 10208.6 10203.7 10199 10194 10188.9 10184.1 10179 10174.4 10169.7 10165.2 10160.7 10157.9 10154.3 10152.6 10154.3 10156.5 10157.8 10159.9 10165.8 10176.9 10187 10189.7 10190 10191.4 10192.8 10194.3 10195.8
10242.6 10225.8 10211.3 10201.6 10204.4 10209.4 10215.1 10219.3 10223.6 10226.8 10229.8 10232.5 10233.9 10233.6 10230 10229 10231.9 10236.5 10240.8 10242.4 10243.6 10244.4 10244.3 10243.9 10242.3 10241.4 10240 10238.6 10236.6 10234.3 10230.8 10231.5 10237.7 10241.7 10242.4 10240.9 10235.3 10228.5 10222.5 10217 10211.9 10207.8 10203.1 10198.5 10193.3 10188.5 10184.1 10179.5 10175.5 10171.8 10167.9 10165.2 10162 10160.5 10161.8 10162.5 10165 10168.4 10174.7 10184.3 10194.5 10197.9 10198.1 10197.9 10198.1 10198.5 10199.4
10243.9 10227.9 10214.6 10206.2 10207.3 10210.6 10216 10221.3 10226.6 10230.8 10234.7 10238.8 10242 10245 10238.7 10239.3 10241.8 10247.4 10249.3 10248.8 10248.5 10246.8 10245.5 10245.3 10244.3 10244.1 10244.2 10244.4 10245.8 10246.9 10249.6 10253.1 10251.7 10251.4 10254.1 10248.5 10237.7 10229.9 10224.2 10219.6 10215.2 10210.9 10206.3 10201.8 10197.7 10193 10189 10185 10181.5 10178.1 10175 10172.9 10170.7 10170 10171.2 10172.3 10173.8 10175.7 10179.9 10189.3 10199.7 10203.8 10204.2 10203.2 10202.2 10201.8 10201.9
10245.1 10230.4 10218.2 10211 10205.9 10212.4 10219 10225 10230.5 10235.6 10240.4 10244.1 10248.6 10254.2 10252 10252.7 10259.5 10260.5 10257.8 10254.1 10252 10250.1 10248.9 10248.1 10248.1 10248.3 10249.5 10250.6 10252.9 10257.1 10264.2 10269.2 10260.9 10253.7 10248.7 10241.2 10233.6 10228.4 10223.7 10220.6 10216.5 10212.8 10209.1 10205.7 10202 10198.4 10195 10191.6 10188.1 10185.3 10182.9 10180.6 10178.6 10178.9 10181.4 10183.7 10183.9 10182.5 10183.5 10192.4 10202.9 10208.3 10208.3 10206.3 10204.7 10203.6 10203.4
10245.7 10233.2 10221.3 10210.4 10210.5 10217.3 10223.6 10229.6 10234.7 10240.3 10245.2 10249.1 10252.2 10254.3 10255.1 10258.4 10267.9 10268.4 10262.5 10257.8 10254.3 10252.7 10251.1 10250.4 10250.3 10251.2 10252 10253.8 10256.8 10261.3 10267.2 10269.9 10261.2 10250 10237.2 10227 10226.9 10225.8 10222.7 10220.2 10217.2 10214.3 10211.2 10209 10205.7 10202.6 10199.9 10197 10194.7 10192.2 10190.8 10188.9 10187.4 10187.6 10190.4 10193.8 10193 10189.1 10188.2 10194.8 10203.6 10209.8 10209.8 10207.6 10205.3 10203.8 10203
10245.6 10235.3 10226.6 10219.5 10220.8 10225.7 10230.5 10235 10240 10245.6 10250.4 10254.8 10256.9 10253.3 10255.3 10256.9 10263.9 10266.5 10262.2 10258 10255 10253.2 10250.5 10250.2 10250.5 10251.1 10252.3 10254.5 10257.2 10260.7 10263.7 10264.5 10256.1 10245.3 10233.6 10224.2 10224.9 10224.8 10222.8 10220.6 10218.8 10216.2 10213.6 10211.3 10208.5 10205.7 10203.3 10201.9 10199.9 10198.5 10197.9 10197.3 10197.5 10197 10197.3 10196.2 10194.3 10194.8 10195.2 10200 10205.6 10210.7 10209.1 10206.9 10204.9 10203.1 10201.8
10245.7 10238.5 10233.7 10232.8 10233 10234.9 10238.1 10241.8 10246.1 10251 10255.2 10261.3 10266.4 10272 10272.6 10275.4 10263.8 10261.7 10260.5 10258.1 10255.3 10253.5 10252.2 10252.5 10251.8 10252.8 10254.1 10255.5 10256.5 10257.6 10257.1 10253.8 10248.3 10241.8 10235.4 10231 10228.1 10226.3 10224.2 10222 10219.9 10217.7 10215.3 10214 10211.9 10209.4 10207.5 10206.1 10204.9 10204 10204.1 10204.5 10206.3 10204.6 10203.5 10201.4 10200.2 10201.9 10203.9 10206 10207.1 10205.3 10206.9 10205.2 10203.3 10201.1 10199.2
10245.4 10241.2 10238.6 10237.3 10238.1 10242.1 10245.1 10248.6 10252 10256.3 10261.3 10267.4 10275 10283.6 10286.2 10279.9 10268.8 10263.9 10258.1 10256.7 10254.1 10253.2 10253 10252.2 10252.8 10253.9 10255.4 10255.7 10256.1 10255.1 10252.2 10246.6 10242.8 10240.1 10237.4 10235.5 10231.4 10228.5 10226.2 10224.2 10221.6 10219.7 10217.8 10216.1 10214.4 10212.2 10210.9 10210.5 10209.5 10208.7 10209.1 10208.6 10209 10208.8 10209.1 10209.6 10211.8 10208.9 10208.2 10210.4 10211.4 10210.2 10205.8 10203.3 10201 10198.5 10195.8
10245.3 10243.8 10243.1 10241.4 10246.5 10249.7 10252.1 10254.8 10257.8 10261.2 10266.1 10271.5 10280 10290 10292 10283.6 10268.6 10254.5 10252.9 10252.5 10251.3 10250.3 10250.4 10252.1 10252.6 10253.9 10255.2 10255.7 10256.2 10254.8 10251.2 10245.3 10241.6 10240.8 10239.1 10236.9 10233.2 10230.2 10228.1 10226.3 10224.6 10222.5 10220.1 10218.6 10217.4 10216.2 10215.5 10214.6 10214.5 10213.6 10213.6 10211.8 10210.2 10211.8 10213.3 10213.5 10212 10212.6 10212.7 10211.8 10207.8 10204.6 10202.9 10201.1 10199 10196.5 10193.5
10244.9 10247.3 10249.8 10252.6 10256 10257.2 10259.1 10261 10263.1 10265.2 10267.1 10270.5 10277.5 10288.8 10286.5 10284.6 10266.3 10252.3 10249 10247.5 10246.3 10245.8 10246.3 10247.7 10249 10252.1 10254 10255.7 10256.9 10256.4 10254 10249.3 10245.9 10245.5 10242.2 10237.8 10233.7 10231.6 10230 10228.2 10226.4 10224.8 10223.6 10222.4 10221.3 10220.1 10219.4 10219.3 10218.7 10218.1 10218.2 10217.2 10216.4 10216.4 10217.5 10217 10215.6 10216.1 10215.4 10212.5 10203.6 10200.3 10200.2 10199.3 10197.7 10195.6 10192.8
10244.4 10250.7 10257.4 10263.2 10262.6 10263.1 10265.2 10266.7 10268.2 10268.4 10266.7 10265.1 10262.8 10263.3 10260.3 10257.4 10255.5 10252.4 10247.2 10243.3 10241.2 10241.1 10242.1 10244 10246.6 10249.2 10252.2 10255.1 10257 10259.1 10260.4 10260 10259.1 10254.9 10248.4 10240.3 10236 10234.8 10232.8 10230.5 10228.5 10227 10226.5 10225.5 10224.5 10224.3 10224 10223.7 10223.1 10222.9 10222.9 10221.4 10221 10221.1 10221.9 10221.8 10222.2 10221.2 10217.8 10209.4 10203.6 10200.8 10199.6 10198.7 10197.6 10196.1 10194.2
10244.4 10253.9 10262.9 10268.1 10265.9 10267.5 10270.7 10272.4 10273.2 10271.8 10269.1 10262.1 10245.8 10238.7 10239.6 10238.8 10244.8 10246.6 10241.6 10236 10233.4 10234 10235.5 10238.6 10242.3 10246.8 10250.8 10255 10259.3 10263 10266.6 10270.2 10271 10265.5 10257.2 10250.4 10244.9 10239.6 10236.5 10233.7 10231.5 10229.8 10228.3 10227.6 10227 10227.8 10227.7 10227.6 10228.1 10228 10227.5 10225.5 10224.6 10225.3 10226.1 10225.8 10225.7 10224.8 10223.6 10217.3 10208.5 10203.3 10200.5 10198.9 10198.3 10197.9 10197.4
10244.9 10256.2 10267.6 10275.3 10271.4 10274.6 10278.1 10278.7 10278 10276.2 10274.7 10269.9 10259.4 10250.7 10250.7 10245.2 10240.2 10234.6 10229.4 10226.5 10226 10227.4 10229.9 10233.6 10237.9 10243.3 10248.1 10253.6 10259.1 10265.5 10271.3 10277.5 10281 10274.9 10265.1 10256.1 10248.9 10243.6 10239.1 10235.5 10232.7 10230.7 10230.2 10230 10229.4 10229.6 10230.1 10231.2 10232.2 10232.9 10233.3 10231.7 10230.7 10230.2 10229.9 10228.2 10226 10224.7 10224.5 10218 10208.1 10202.9 10200.6 10199.8 10200 10200.5 10201.7
10245.6 10256.7 10267.8 10278.1 10284.2 10287.7 10286.6 10283.9 10281.2 10279.5 10279.4 10281.3 10286.2 10275.2 10266.6 10254.8 10237.3 10225 10217.4 10216 10217.7 10220.3 10224.2 10229.1 10233.5 10239.1 10245.2 10251.6 10258.4 10265.6 10272.5 10280.2 10286.1 10278.9 10268.7 10259.7 10253.2 10246.3 10241.4 10237.4 10234.6 10232.6 10230.3 10229.9 10229.9 10231.2 10232.2 10233.5 10235.3 10237.3 10239.7 10240.9 10238.1 10235.3 10233.4 10230.3 10226.8 10224.2 10220.8 10210.3 10201.9 10201 10200.5 10200.5 10201.6 10203.2 10205.5
10246.7 10256.9 10265 10278 10292.4 10298.2 10292.4 10285.5 10280.1 10277.7 10278.4 10282.8 10284.2 10271.8 10254.8 10244.3 10230.6 10215.2 10205.6 10205.8 10208.6 10212.7 10217.5 10224.4 10230.6 10237 10243.7 10250.6 10257.3 10264.9 10271 10276.2 10277.1 10273.7 10268.2 10260.2 10253 10246.9 10241.8 10237.7 10234.6 10232.3 10231 10230.8 10231.2 10231 10232.4 10234.6 10237.2 10240.6 10244.3 10247.1 10243.5 10239 10236.1 10232.1 10228.3 10225.1 10221 10212.3 10203.8 10201 10200.6 10201.3 10203.1 10205.6 10208.5
10248 10258.8 10271 10282.5 10295.3 10301.8 10292 10281.6 10273.3 10268 10266.9 10270.9 10271.1 10254.8 10242.5 10234.6 10221.8 10206.9 10196.1 10197.3 10201 10206 10211.9 10218.3 10224.9 10231.7 10239.1 10247.8 10255.2 10262.4 10268.6 10272.2 10271.2 10270 10267.3 10260 10252.9 10246.9 10240.7 10236.4 10232.9 10230.9 10230.1 10230 10230.5 10231.5 10232.8 10235.1 10238 10241.4 10245.2 10247 10244.1 10240.1 10237.2 10233 10228.7 10224.6 10223.8 10215.5 10205.9 10201.6 10201.2 10202.4 10204.5 10207.1 10210.7
10248.8 10259.1 10270.6 10280.6 10289.4 10293.2 10283.5 10271.4 10260.8 10251.6 10245.3 10241.7 10232.1 10229.5 10231.1 10224 10214.1 10201.5 10192.2 10191.8 10195 10199.9 10205.2 10211.5 10218.5 10225.9 10233 10241.5 10249.7 10258 10265.7 10271.4 10275.4 10275.3 10268.2 10258.8 10253 10244.4 10237.6 10233.3 10230.2 10228.6 10228.3 10227.9 10228.6 10229.9 10232.1 10234.5 10237.3 10240.2 10243.1 10244.1 10242.3 10239.4 10236.9 10232.9 10229.1 10226.5 10222.4 10215.7 10205.3 10201.1 10201.4 10203 10205 10208.1 10211.4
10248.9 10257.1 10265 10272.1 10277.2 10279.1 10267.9 10255.5 10243.6 10232.5 10221.2 10206.1 10195.1 10209.6 10216 10216.8 10208.8 10197.8 10190.8 10187.3 10189.4 10193.5 10199 10205 10212.9 10221.6 10229.2 10237.7 10245.9 10254 10261.5 10269.6 10276.2 10276.1 10266.5 10254.3 10243.8 10236.8 10232.5 10229.2 10227.1 10226.1 10225.8 10225.7 10226.7 10227.9 10229.9 10232.4 10235.2 10238 10240.3 10240.9 10239.4 10237.3 10235.2 10231.8 10228.2 10223.7 10221.7 10213.4 10202.7 10201.2 10202.6 10204.4 10206.5 10208.8 10211
10250.1 10256.3 10256.2 10262.7 10262 10257.1 10247.1 10236.7 10226 10214.7 10202.7 10190.9 10187.9 10208.1 10222.5 10214 10204.2 10193.4 10185.2 10182.8 10184.8 10188.5 10194.1 10200.7 10208.7 10216.4 10224.8 10233 10241.7 10249.2 10256.4 10264 10270.3 10271.6 10261 10247.7 10238.1 10231.1 10226.7 10224.2 10222.7 10222 10222.7 10223 10224.3 10225.6 10227.6 10229.9 10232.3 10235.1 10236.5 10237.3 10236 10234.3 10232.8 10230.1 10227.3 10224.1 10219.8 10215 10206.4 10203.9 10204.4 10205.7 10207.7 10209.8 10211.6
10252.8 10263 10267.8 10259 10248.6 10235.2 10225.7 10218.2 10209.1 10198.9 10189.2 10185.1 10183.8 10203 10212.9 10206.4 10197.8 10188.4 10183.2 10179.2 10178.5 10182.1 10187.4 10194.6 10202.9 10211.3 10219.8 10228.3 10236.6 10243.7 10250.3 10255.9 10260 10259.6 10250.2 10239.8 10229.3 10222.3 10220.1 10219.5 10218.8 10219.1 10219.4 10220.8 10221.8 10223.4 10225.1 10227 10228.9 10231.1 10233.4 10233.5 10232.2 10231.1 10230 10227.8 10226 10224.3 10218.2 10214 10210.8 10207.8 10207.3 10208.2 10209.8 10211.5 10213.2
10253.4 10265.6 10268.6 10255.5 10238.7 10220 10209.1 10203.6 10195.9 10186.4 10176.8 10170.1 10176.5 10188.8 10196.5 10194.6 10188.6 10180.1 10174.5 10170.6 10170.5 10174.2 10180 10187.6 10195.5 10205.4 10214.7 10223 10230.8 10237.7 10243 10246.8 10246.8 10241.1 10237.8 10231.4 10222 10214.9 10214.8 10215 10215 10216.1 10216.7 10217.5 10218.4 10220 10221.1 10222.5 10224 10225.6 10227.7 10228.5 10227.4 10226.7 10226.1 10224.8 10223.4 10222.5 10220.9 10223.8 10214.1 10210.2 10210.3 10211.3 10212.6 10213.4 10214.7
10249.8 10261.5 10261.9 10249.2 10231.8 10212.9 10200.8 10195.5 10188.1 10178.9 10169.1 10160.1 10168.2 10174.1 10183.5 10184.3 10179.1 10170.1 10162 10157.1 10160.1 10166.1 10173.9 10182.2 10191.1 10199.6 10208.6 10216.9 10225 10231.5 10237.3 10240 10239.9 10236.2 10232.4 10226.5 10219.1 10215.7 10211.9 10210.9 10211.3 10212.2 10213 10213.7 10214.9 10214.3 10215.8 10216.4 10217.5 10219.2 10220.4 10221.3 10222 10222.2 10222.3 10221.2 10219.3 10217 10214.4 10215.5 10213.3 10211.6 10213.5 10214.9 10215.6 10215.6 10215.4
