real_craters/C176-1000m.grd
DSAA
82 82
-40.46 40.46
-40.46 40.46
4124.1329366599 5815.7842965983
[rows 30 to 59 of 82, columns 0 to 66 of 82]
4880.29 4878.24 4873.39 4890.62 4888.91 4888.43 4894.81 4905.99 4948.22 5001.95 5004.43 5008.57 5046.5 5083.48 5123.77 5170.82 5187.43 5205.04 5229.99 5275.32 5284.14 5318.83 5382.27 5450.71 5509.1 5521.87 5275.07 5010.09 4904.66 4844.46 4756.64 4713.37 4764.24 4687.09 4608.71 4500.11 4490.59 4429.09 4391.72 4412.71 4452.17 4388.47 4346.46 4235.48 4212.23 4215.22 4228.62 4251.19 4220.62 4350.21 4392.23 4411.49 4463.74 4493.81 4626.81 4876.04 4911.82 5050.35 5218.18 5394.32 5478.06 5504.99 5508.12 5474.12 5425.68 5406.36 5391.63
4880.1 4887.07 4882.28 4895.9 4891.23 4882.58 4886.13 4893.3 4936.51 5000.09 4997.2 5006.99 5034.96 5072.68 5105.02 5138.79 5163.56 5186.42 5207.28 5232.34 5272.41 5331.77 5424.48 5466.32 5458.07 5308.04 5039.02 4917.72 4819.3 4736.08 4617.94 4623.17 4584.73 4569.29 4513.76 4451.34 4415.41 4370.71 4326.63 4335.65 4362.19 4305.93 4257.06 4224.93 4203.88 4198.65 4202.95 4228.59 4219.32 4212.87 4294.48 4375.37 4422.76 4447.22 4534.6 4617.26 4831.7 4988.73 5197.94 5425.33 5625.22 5564.9 5552.91 5533.81 5455.43 5423.75 5406.98
4894.09 4951.7 4985.56 4982.34 4936.52 4889.41 4883.89 4905.69 4931.3 4982.18 4988.32 5000.86 5030.13 5059.73 5085.51 5105.14 5141.11 5171.61 5198.56 5224.78 5258.6 5349.78 5504.94 5613.93 5449.61 5155.73 4967.02 4882.43 4796.26 4705.14 4613.68 4590.5 4577.34 4499.72 4430.64 4392.91 4382.31 4364.76 4280.57 4252.51 4267.19 4262.65 4222.93 4212.59 4211.49 4204.44 4203.5 4199.08 4197.64 4206.13 4268.69 4302.96 4340.19 4430.88 4520.65 4633.45 4770.77 4876.5 5011.96 5334.94 5660.65 5621.88 5565.28 5584.31 5509.21 5439.7 5406.21
4908.96 4946.78 5000.09 5010.62 4957.73 4905.57 4903.44 4949.93 5027.83 5001.02 4999.09 5011.41 5034.24 5057.74 5075.47 5109.78 5132.84 5166.14 5197.59 5221.93 5244.82 5354.02 5574.66 5709 5495.67 5138.86 4954.41 4891.63 4815.93 4727.84 4645.61 4623.14 4553.04 4463.88 4396.84 4354.92 4331.06 4296.35 4238.01 4213.03 4225.95 4238.66 4233.56 4223.72 4227.44 4211.77 4199.57 4205.74 4196.63 4207.52 4247.01 4299.12 4319.9 4353.05 4469.85 4614.12 4726.87 4770.97 4850.75 5155.45 5505.71 5523.82 5490.33 5502.57 5465.41 5446.09 5418.34
4898.2 4897 4937.58 4991.68 4981.9 4889.93 4905.24 4970.78 5008.78 5013.22 5029.11 5027.79 5036.34 5052.63 5060.99 5090.12 5127.53 5170.09 5209.93 5237.61 5272.7 5370.1 5597.64 5754.3 5488.26 5106.26 4960.98 4861.76 4816.73 4745.21 4715.94 4717.79 4544.28 4445.83 4378.71 4316.82 4297.78 4272.44 4227 4217.74 4233.32 4247.3 4250.5 4253.42 4259.76 4249.47 4207.16 4203.31 4193.75 4217.64 4285.89 4300.58 4304.08 4315.62 4382.98 4491.08 4608.36 4680.01 4771.15 5015.09 5402.73 5520.78 5462.16 5451.53 5465.68 5477.21 5457.04
4873.22 4883.92 4885.11 4890.36 4862.21 4852.56 4903.81 4980.89 5042.15 5030.83 5018.11 5028.12 5041.4 5045.04 5056.51 5081.78 5125.81 5174.45 5223.97 5255.37 5278.62 5372.04 5544.09 5669.64 5381.24 5058.69 4963.54 4841.23 4790.61 4704.58 4646.41 4628.91 4503.4 4402.54 4345.78 4286.49 4272.59 4253.71 4227.95 4240.53 4265.12 4306.37 4297.84 4300.49 4300.6 4274.34 4226.26 4213.98 4203.49 4204.72 4223.51 4264.66 4282.83 4300.66 4321.23 4436.32 4544.25 4623.16 4730.52 4934.45 5357.67 5590.01 5595.08 5579.41 5587.95 5546.71 5490.26
4895.97 4904.37 4950.08 4873.19 4822.59 4835.33 4909.97 4983.5 5032.3 5021.81 5012.34 5042.4 5055.29 5062.76 5062.77 5089.26 5130.36 5173.92 5219.4 5261.98 5325.74 5387.89 5454.38 5415.92 5247.67 5056.73 4904.1 4805.79 4737.24 4672.23 4592.48 4535.4 4393.67 4314.4 4249.91 4219.77 4214.6 4231.63 4236.51 4291.34 4325.86 4356.55 4378.86 4378.76 4374.08 4330.06 4261.4 4220.36 4196.3 4193.22 4217.01 4288.29 4311.39 4305.08 4324.56 4389.09 4486.85 4575.02 4700.6 4940.72 5417.07 5637.35 5712.02 5714.75 5726.41 5596.67 5506.98
4890.52 4903.27 4914.14 4906.67 4917.57 4925.68 4939.84 4978.84 5017.01 5049.64 5124.59 5085.16 5073.51 5072.52 5070.06 5097.08 5133.52 5175.64 5219.64 5263.88 5317.38 5421.72 5421.39 5326.64 5250.01 5063.46 4894.36 4756.89 4689.53 4627.97 4566.16 4434.35 4295.57 4219.32 4201.87 4198.38 4198.76 4245.01 4291.26 4379.68 4477.66 4464.39 4467.37 4492.74 4436.46 4358.39 4276.08 4217.53 4188.97 4192.96 4217.13 4362.08 4424.13 4317.45 4356.51 4376.38 4471.12 4553.11 4667.47 4950.82 5436.06 5619.51 5706.29 5707.7 5637.2 5550.9 5487.37
4894.19 4909.8 4916.04 4907.54 4917.49 4950.65 4957.97 4966.46 4974.29 5030.96 5094.94 5092.93 5079.2 5067.83 5060.92 5090.27 5131.73 5176.31 5218.74 5271.04 5346.53 5443.57 5434.97 5318.01 5213.28 5081.45 4939.09 4796.2 4670.52 4577.51 4481.01 4379.83 4275.52 4207.48 4202.35 4213.82 4238.29 4313.64 4381.91 4457.74 4535.57 4559.54 4531.68 4528.91 4503.26 4417.06 4280.27 4200.55 4187.38 4200.31 4240.7 4351.36 4368.4 4355.22 4487.11 4433.9 4486.39 4562.64 4648.89 4788.5 5160.67 5489.38 5693.19 5647.04 5530.74 5478.55 5452.34
4890.98 4900.21 4912.62 4913.33 4901.52 4918.43 4955.97 4996.44 5013.07 5024.4 5065.25 5082.75 5075.7 5059.05 5030.86 5082.36 5132.27 5178.81 5228.99 5276.96 5354.62 5483.04 5485.93 5331.95 5187.87 5086.6 4921.73 4737.39 4653.56 4530.15 4401.61 4333.83 4267.2 4216.97 4219.21 4239.92 4299.56 4404.75 4491.84 4498.77 4567 4693.42 4625.44 4563.6 4594.23 4473.78 4346.64 4223.62 4176.07 4177.1 4200.65 4244.8 4316.66 4325.72 4400.86 4462.29 4532.36 4629.14 4726.35 4833.67 4984.17 5365.39 5694.87 5684.2 5500.69 5464.83 5493.29
4895.49 4890.18 4905.41 4920.11 4901.63 4908.17 4945.21 4998.03 5037.84 5077.53 5094.25 5085.47 5077.36 5062.73 5046.87 5093.86 5145.02 5201.4 5255.87 5316.19 5406.2 5522.91 5515.41 5326.1 5092.68 5034.47 4883.9 4698.75 4626.5 4513.93 4394.18 4310.89 4271.83 4240.69 4237.73 4260.25 4317.49 4427.71 4495.86 4491.25 4488.31 4687.79 4840.05 4704.5 4552.2 4406.89 4251.45 4243.27 4156.56 4145.36 4158.03 4175.98 4291.03 4332.75 4487.58 4514.87 4587.14 4686.43 4816.6 5021.52 5158.48 5256.51 5529.97 5614.62 5508.72 5511.53 5592.96
4960.75 4931.91 4925.07 4925.22 4911.39 4915.41 4933.24 4941.09 4979.14 5045.43 5072.58 5072.5 5076.08 5077.44 5084.54 5120.06 5171.84 5227.2 5284.84 5343.27 5427.96 5519.3 5480.09 5232.47 5069.86 4962.28 4788.22 4675.73 4583.43 4523.73 4448.31 4339.16 4269.57 4258.56 4244.52 4273.92 4326.95 4417.66 4474.87 4487.52 4494.72 4558.28 4711.51 4897.05 4757 4418.21 4210.13 4136.74 4124.71 4133.04 4166.03 4188.02 4212.16 4387.96 4530.37 4536.98 4625.43 4737.18 4842.73 4952.35 5100.83 5199.26 5513.5 5650.37 5562.81 5539.25 5554.51
4980.62 4966.63 4948.37 4946.66 4953.66 4944.05 4931.72 4945.16 4982.67 4981.2 5019.75 5055.34 5077.83 5095.9 5103.8 5152.88 5201.15 5255.98 5313.15 5379.8 5451.06 5525.02 5484.89 5175.76 5028.94 4922.62 4825.56 4662.43 4574.35 4532.05 4508.52 4377.27 4284.3 4232.87 4234.1 4271.85 4310.01 4377.96 4437.62 4474.71 4545.6 4560.6 4653.64 4710.62 4682.38 4364.56 4173.7 4129.79 4124.13 4136.69 4175.23 4213.3 4218.01 4375.2 4454.73 4543.25 4681.9 4812.84 4900.04 4918.98 5019.86 5261.39 5575.62 5656.31 5536.22 5457.18 5520.23
4963.48 4927.46 4945.21 4935.15 4946.77 4876.97 4933.17 4998.2 5047.66 5088.3 5036.75 5055.61 5088.85 5124.93 5157.6 5181.34 5224.39 5275.42 5329.2 5372.8 5457.77 5531.67 5495.54 5180.13 5007.37 4921.08 4806.4 4680.8 4566.68 4515.34 4471.33 4362.84 4304.45 4250.72 4231.33 4237.72 4276.22 4334.07 4392.3 4428.3 4474.34 4596.57 4525.62 4491.83 4428.38 4281.32 4177.56 4138.07 4130.45 4149.37 4174.66 4186.38 4246.03 4324.51 4459.17 4580.02 4746.17 4921.66 5065.01 5021.11 5054.15 5266.73 5642.81 5696.83 5573.28 5513.03 5499.14
4941.14 4979.18 4947.22 4925.59 4938.06 4868.05 4947.09 5050.96 5093.22 5121.19 5039.58 5057.36 5089.99 5127.27 5156.23 5188.88 5224.52 5273.71 5336.88 5394.63 5467.4 5528.18 5466.02 5174.73 5024.69 4961.27 4813.06 4698.03 4600.72 4529.89 4438.48 4387.08 4308.94 4272.77 4236.51 4192.31 4259.51 4307.07 4359.26 4410.53 4458.64 4495.8 4432.46 4355.59 4279.44 4221.33 4176.49 4148.91 4150.5 4161.77 4173.32 4197.76 4209.13 4328.94 4476.91 4595.13 4776.87 4978.31 5153.88 5061.82 5070 5342.74 5585.62 5609.92 5554.17 5520.87 5483.61
4931.69 4911.86 4927.44 4914.38 4933.03 4924.88 4960.62 5036.23 5088.02 5095.17 5061.35 5068.69 5094.04 5113.99 5146.71 5180.06 5220.9 5281.1 5323.39 5374.14 5481.75 5559.7 5545.03 5265.86 5015.31 4943.96 4843.6 4724.86 4736.63 4640.34 4518.25 4423.05 4331.58 4304.55 4261.5 4269.65 4285.06 4309.56 4336.93 4372.37 4384.49 4360.06 4315.19 4256.53 4210.09 4180.13 4167.4 4162.35 4165.21 4166.29 4173.33 4209.41 4267.16 4407.85 4455.77 4568.64 4780.66 4992.81 5158.22 5168.89 5098.83 5503.74 5606 5483.16 5472.96 5431.47 5439.26
4933.87 4914.24 4923.42 4913.01 4927.94 4907.91 4944.48 5008.83 5054.54 5073.02 5055.93 5075.09 5093.32 5110.18 5135.94 5170.22 5215.62 5265.69 5328.74 5384.92 5504.97 5607.8 5680.37 5407.86 5112.76 4923.18 4846.74 4784.24 4847.07 4718.65 4567.26 4488.44 4420.3 4392.11 4385.63 4349.52 4316.27 4301.35 4314.77 4317.05 4293.15 4239.18 4221.01 4203.89 4174.22 4166.18 4166.52 4168.48 4171.69 4174.59 4198.79 4315.11 4368.13 4514.09 4558.14 4609.75 4794.7 4994.35 5164.41 5214.87 5170.76 5491.85 5571.33 5456.04 5417.65 5404.92 5410.2
4941.75 4925.02 4912.32 4916.86 4914.55 4892.65 4922.03 4968.05 5007.56 5047.63 5073.06 5094.04 5093.84 5095.02 5120.78 5151.34 5197.12 5263.97 5342.39 5443.82 5520.93 5596.71 5642.83 5517.34 5229.22 5014.1 4913.25 4827.47 4860.4 4747.2 4638.54 4560.43 4501.27 4473.48 4432.61 4378.59 4346.96 4323.81 4311.15 4276.69 4239.72 4192.15 4183.77 4178.39 4165.6 4177.26 4186.9 4223.71 4216.05 4235.91 4278.93 4323.81 4410.08 4482.03 4541.93 4625.17 4805.84 4995.02 5159.82 5225.87 5229.91 5482.32 5485.91 5419.14 5376.39 5347.08 5367.68
4958.29 4957.05 4961.33 4900.68 4881.36 4889.21 4894.38 4913.9 4947.64 5016.11 5099.15 5116.97 5101.22 5089.49 5114.06 5142.69 5174.29 5246.61 5378.77 5465.86 5531.54 5567.75 5539.99 5450.14 5323.58 5230.4 5032.28 4906.7 4858.4 4748.97 4715.69 4616.23 4547.46 4497.62 4464.65 4415.86 4385.24 4377.94 4358.99 4299.1 4278.63 4249.98 4238.21 4261.93 4237.88 4238.08 4291.87 4313.98 4245.64 4242.66 4298.05 4332.91 4564.86 4555.03 4566.14 4689.98 4854.2 5026.48 5216.87 5304.9 5440.09 5452.9 5373.59 5385.74 5391.63 5378.89 5368.77
4974.76 5017.28 4987.62 4907.89 4857.38 4884.92 4899.69 4906.57 4920.1 4988.78 5085.9 5111.93 5105.99 5104.19 5127.17 5157.3 5193.2 5267.44 5419.39 5524.61 5539.67 5564.75 5533.66 5395.73 5309 5290.5 5110.59 4955.51 4921.17 4907.45 4778.07 4659.2 4546.58 4515.36 4468.47 4439.66 4441.66 4458.28 4462.16 4450.52 4423.62 4418.8 4411.77 4436.32 4365.66 4330.68 4311.84 4348.97 4301.14 4280.51 4323.3 4468.34 4641.07 4615.95 4611.68 4832.46 4934.98 5037.27 5231.83 5448.6 5436.79 5420.6 5392.47 5435.62 5433.66 5397.91 5367.67
4995.9 5013.51 4994.63 4912.32 4870.11 4898.67 4923.66 4926.11 4931.69 4984.18 5057.29 5086.77 5097.93 5124.56 5142.12 5178.75 5233.85 5294.39 5343.8 5427.96 5511.95 5582.51 5625.77 5488.95 5421.71 5336.61 5173.42 4979.93 4903.57 4912.4 4879.53 4707.86 4551.11 4565.12 4493.75 4508.84 4501.18 4532.68 4541.32 4528.27 4516.73 4523.76 4555.61 4486.47 4455.26 4417.83 4415.06 4394.67 4373 4381.51 4374.22 4491.63 4676.14 4623.62 4720.39 4873.77 5008.02 5178.41 5368.61 5465.94 5433.39 5505.74 5469.43 5448.55 5452.74 5406.84 5345.72
5019.43 5012.07 4992.36 4938.26 4902.81 4918.24 4973.02 4956.9 4954.83 4991.14 5022.12 5062.49 5085.22 5103.97 5142.16 5182.55 5230.82 5273.75 5311.64 5380.97 5462.34 5545.35 5685.72 5639.21 5559.86 5532.47 5322.84 5064.01 4915.1 4874 4883.65 4743.9 4634.18 4610.96 4542.66 4561.78 4559.92 4573.49 4576.81 4552.32 4508.74 4495.26 4491.67 4470.93 4507.2 4460.24 4456.56 4481.15 4413.91 4414.44 4419.93 4483.47 4588.16 4675.72 4794.44 4862.2 5057.82 5265.67 5346.99 5394.44 5402.17 5512.78 5470.27 5408.42 5385.38 5369.64 5332.53
5049.6 5021.25 5029.68 5003.6 4906.42 4923.58 4969.44 4971.73 4980.95 5011.26 5061.63 5099.47 5105.2 5123.29 5151.66 5183.18 5220.9 5258.31 5293.77 5351.47 5412.83 5449.65 5418.61 5539.91 5574.85 5580 5428.16 5193.33 5030.49 4934.53 4847.82 4752.94 4666.4 4604.61 4570.52 4555.88 4575.11 4576.56 4559.29 4538.86 4492.17 4480.57 4480.15 4488.95 4547.44 4447.58 4445.05 4469.13 4475.17 4457.48 4515.95 4583.46 4619.55 4804.32 4828.15 4921.87 5146.73 5371.35 5385.42 5440.65 5554.06 5548.34 5427.97 5348.14 5330.46 5335.9 5315.22
5053.09 5029.62 5025.88 5016.1 4963.83 4956.87 4981.55 4990.2 4984.01 5025.7 5078.09 5120.05 5123.53 5139.64 5162.73 5186.47 5214.6 5249.99 5293.02 5334.33 5378.34 5417.27 5448.62 5377.46 5517.88 5656.8 5579.17 5316.58 5117.22 5051.33 4885.17 4763.25 4668.42 4629.03 4607.33 4596.15 4602.18 4589.15 4566.94 4560.71 4509.83 4515.02 4546.84 4547.12 4521.43 4467.83 4459.57 4486.46 4548.49 4584.44 4670.21 4738.13 4811.13 4915.01 4935.03 5094.67 5296.73 5434.81 5446.9 5445.03 5447.1 5373.23 5354.79 5326.67 5333.08 5317.95 5296.67
5086.87 5038.91 5074.31 5051.79 5035.67 5009.77 5005.13 5007.14 5015.11 5039.62 5073.35 5094.73 5142.55 5167.4 5183.93 5199.41 5209.5 5254.95 5281.44 5322.34 5352.93 5380.98 5382.07 5379.11 5485.95 5644.16 5578.19 5449.48 5276.59 5236.49 5064.44 4842.71 4701.25 4681.82 4658.7 4624.73 4641.68 4637.79 4636.85 4605.42 4592.82 4582.53 4611.7 4609.73 4567.19 4456.51 4519.55 4549.21 4595.79 4735.91 4839.13 4885.97 4914.18 5009.69 5127.95 5347.03 5463.3 5503.55 5518.56 5443.22 5377.48 5353.17 5342.92 5317.36 5294.44 5298.48 5287.28
5095.64 5054.95 5099.13 5106.52 5053.97 5029.93 5018.67 5016.91 5031.54 5052.23 5078.94 5098.7 5152.17 5184.56 5205.37 5222.61 5240.86 5271.86 5312.16 5311.99 5323.47 5338.68 5338.33 5345.73 5474.96 5588.85 5711.67 5583.32 5580.53 5594.88 5389.38 5094.19 4899.24 4797.83 4740.65 4731.32 4698.1 4688.09 4684.17 4655.7 4604.68 4627.87 4641.24 4563.36 4534.68 4584.43 4521.07 4546.03 4618.65 4785.72 4993.2 5023.16 5030.51 5193.4 5427.54 5556.48 5527.64 5606.96 5579.46 5407.95 5345.6 5375.19 5362.01 5325.73 5305.77 5284.96 5253.63
5114.39 5065 5057.86 5065.16 5057.82 5038.74 5023.05 5011.77 5033.11 5070.82 5109.04 5155.27 5178.95 5204 5225.85 5248.84 5262.26 5262.4 5279.57 5284.47 5292.56 5301.1 5315.79 5362.65 5487.36 5542.31 5472.12 5530.72 5509.06 5514.34 5563.07 5358.6 5155.42 5007.48 4847.99 4835.93 4785.84 4754.4 4714.21 4702.51 4689.18 4656.92 4613.62 4545.54 4520.39 4514.4 4531.9 4606.71 4733.83 4862.19 4978.4 5145.24 5304.58 5556.62 5766.88 5624.76 5535.5 5547.93 5470.2 5337.27 5340.36 5411.34 5367.73 5322.06 5298.44 5284.94 5270.74
5122.69 5100.51 5086.58 5086.12 5068.61 5032.49 5016.88 5019.16 5045.4 5094.73 5141.55 5190.51 5203.87 5214.88 5235.16 5260.57 5271.41 5245.12 5227.24 5256.59 5267.07 5274.41 5302.96 5351.62 5400.22 5460.3 5512.72 5499.87 5488.53 5501.09 5603.52 5481.16 5339.32 5153.04 4972.59 4901.62 4861.2 4885.1 4890.08 4783.5 4689.85 4707.63 4669.6 4598.74 4561.7 4564.22 4591.06 4688.64 4807.19 4884.75 5022.84 5357.7 5565.53 5535.4 5553.74 5515.89 5487.2 5468.18 5381.67 5353.03 5399.12 5440.06 5391.87 5325.16 5286.8 5283.58 5282.44
5085.22 5093.21 5131.62 5131.04 5082.09 5038.25 5050.53 5105.62 5106.16 5123.29 5154.4 5183.98 5192.09 5208.65 5234.79 5257.72 5266.41 5260.71 5254.09 5260.12 5268.31 5279.56 5327.99 5386.9 5425.64 5464.19 5505.41 5506.99 5474.32 5640.19 5691.96 5585.75 5507.36 5454.27 5313.32 5127.97 5054.78 5077.02 5090.06 4966.69 4819.34 4848.61 4856.08 4831.85 4846.1 4824.65 4726.92 4850.25 4957.39 5143.49 5452.69 5515.9 5422.77 5352.75 5371.58 5371.79 5364.09 5372.42 5350.6 5340.83 5365.4 5396.23 5384.27 5336.46 5308.37 5288.02 5277.32
5099.79 5093.09 5121.92 5152.87 5095.73 5042.52 5073.06 5111.05 5128.28 5140 5155.17 5163.2 5162.31 5188.64 5219.88 5263.13 5273.2 5272.26 5275.53 5276.63 5288.24 5315.92 5395.4 5451.46 5471.56 5460.09 5509.84 5522.07 5519.7 5611.79 5647.28 5686.25 5594.25 5503.75 5446.9 5468.67 5377.23 5322.73 5268.24 5282.07 5173.98 5120.09 5089.32 5126.95 5300.76 5284.93 5150.87 5118.02 5235.15 5526.15 5623.66 5507.69 5363.69 5360.98 5368.47 5353.79 5302.85 5304.99 5326.33 5354.6 5341.9 5326.93 5320.13 5344.69 5303.11 5265.25 5267.84
