real_craters/C176-300m.grd
DSAA
473 473
-70.805 70.805
-70.805 70.805
8052.2728334306 10828.815817101
[rows 390 to 419 of 473, columns 335 to 401 of 473]
10060 10057.2 10054.4 10051.6 10049 10046.7 10043.8 10041.3 10038.8 10036.3 10034.2 10032.5 10030.7 10030.5 10032.2 10033.3 10035.6 10036.8 10038 10038.9 10039.7 10040.9 10041.9 10042.2 10042.8 10043.4 10043.8 10044.1 10044 10044 10044.4 10044.9 10045.9 10047.2 10049.2 10052.3 10055.1 10059 10062.9 10066.4 10069.2 10070.7 10069.2 10065 10065.4 10067.8 10071 10074.9 10079.1 10083.4 10087.3 10091.3 10095.4 10099.5 10103.1 10105.7 10108 10109.9 10111.3 10112.7 10113.8 10114.6 10115.6 10116.6 10117.6 10119.2 10122.4
10052.2 10053.2 10052.4 10050.9 10048.8 10046.7 10044.3 10041.9 10039.7 10037.4 10035.5 10034 10032.7 10032.9 10033.6 10034.2 10034.8 10036.9 10038.1 10038.8 10039.2 10039.8 10040.4 10041.4 10042.4 10043.3 10043.7 10043.9 10044.1 10044.3 10044.5 10045 10045.8 10047.1 10048.1 10049.7 10054.5 10059.3 10063.7 10067.5 10070.7 10073 10073.8 10071.9 10070.8 10071.9 10074.2 10077.1 10080.2 10083.6 10087.4 10092.1 10096.7 10101.4 10104.7 10107.1 10109.3 10111.2 10112.8 10114.1 10115.2 10116.3 10117.2 10118 10119.4 10122.1 10124.5
10046.6 10049.1 10049.7 10049.3 10047.8 10045.8 10043.9 10042 10040.1 10038.2 10036.6 10035.5 10035.6 10036.7 10035.1 10035.2 10035.7 10036.4 10038.3 10038.9 10039.2 10038.8 10038.8 10041.4 10042.7 10043.6 10044.2 10044.6 10044.7 10044.8 10045.1 10045.4 10045.9 10047 10049.8 10050 10054.9 10060.3 10065.1 10069 10072.2 10074.3 10075.5 10075.7 10075.4 10076 10077.7 10079.8 10082.1 10084.5 10087.8 10092.7 10097.7 10102.4 10106.1 10108.9 10111.1 10113 10114.7 10116.3 10117.4 10118.4 10119.1 10119.7 10120.4 10122.6 10126.3
10045.1 10047.6 10048.4 10047.8 10046.8 10045.3 10044.1 10042.1 10040.2 10038.6 10037.1 10036.1 10035.1 10034.1 10034.9 10035.5 10036.5 10037.4 10038.7 10039.7 10040.2 10040.7 10041.8 10043.4 10044.2 10044.9 10045.2 10045.2 10045.3 10045.4 10045.5 10045.3 10045.8 10046.4 10047.1 10051.7 10057.6 10062.8 10067.4 10071.2 10074.2 10076.2 10077.4 10078.1 10078.7 10079.6 10081 10082.6 10084.5 10086.6 10089.5 10094 10099 10104.1 10108 10110.7 10113.2 10115.4 10117.3 10118.9 10120.2 10121.1 10121.8 10122.2 10122.4 10124.2 10128.8
10047.6 10048 10048.2 10047.6 10047 10045.5 10044.2 10042.5 10040.5 10038.9 10037.5 10036.4 10034.8 10033.8 10035 10035.9 10036.8 10037.9 10039 10040.8 10042.1 10043.7 10045.7 10046.3 10046.3 10046.4 10046.4 10046.5 10046.3 10046.3 10046.3 10046.2 10046.6 10047.4 10049.8 10056.7 10062 10066.1 10070.3 10073.8 10076.8 10079.4 10080.5 10081.3 10082.3 10082.9 10084.2 10085.7 10087.4 10089.4 10091.9 10095.8 10100.9 10105.5 10109.4 10112.8 10115.4 10117.8 10119.9 10121.8 10123.4 10124.6 10125.5 10126.2 10127.5 10129.4 10132.9
10046.8 10047.9 10048.1 10047.3 10046.6 10045.7 10044.3 10042.5 10040.9 10039.3 10037.8 10036.7 10035.9 10037 10036.1 10036.1 10037.1 10038.2 10039.7 10041.8 10043.6 10045.7 10047.9 10048.4 10048.1 10048 10047.9 10047.6 10047.6 10047.4 10047.4 10046.7 10047.6 10049.4 10053.4 10059.9 10065.6 10070.2 10073.8 10077.2 10080.1 10081.6 10082.8 10084.2 10085.6 10086.3 10087.5 10088.8 10090.5 10092.5 10095 10099.2 10103.6 10108.2 10112.6 10115.2 10117.9 10120.5 10122.9 10125 10127 10128.7 10130 10131 10132.2 10134.5 10137.8
10046.9 10048.2 10048.5 10047.7 10046.8 10045.6 10044.1 10042.7 10041 10039.7 10038.3 10037 10035.9 10035.2 10035.4 10036 10037.2 10038.5 10040.2 10042.5 10044.5 10046.6 10048.6 10049.4 10049.3 10049.2 10049.3 10047.9 10047.8 10047.8 10048.1 10048.8 10049.4 10051.3 10056.1 10063.2 10069.6 10074 10077.7 10081.1 10084 10086.3 10086.9 10088.1 10089.4 10090.7 10091.7 10093 10094.5 10096.5 10099.8 10103.3 10106.7 10110.3 10113.5 10117.3 10120.6 10123.5 10126.3 10128.9 10131.2 10133.4 10135.4 10136.8 10137.4 10140.1 10143.4
10049.1 10049.5 10049.6 10048.6 10047.5 10046 10044.7 10043.2 10041.5 10040 10038.6 10037.1 10035.6 10035.2 10035.2 10035.7 10036.8 10038.6 10040.8 10043.2 10045.3 10047.4 10049.1 10050.2 10050.6 10049.9 10049.6 10049.4 10049.6 10049.7 10050.2 10051 10052.3 10052.8 10057.5 10066.3 10073.6 10077.1 10081.1 10085.1 10088.7 10090.5 10092.5 10093.9 10094.7 10095.3 10095.6 10096.4 10097.8 10100.2 10103.8 10106.6 10109.6 10112.8 10116 10120 10123.4 10126.6 10129.7 10132.7 10135.6 10138.6 10141.6 10144.4 10147.2 10148.2 10149.8
10050.5 10051.4 10051.1 10050 10048.7 10047.2 10046 10044.2 10042.5 10040.7 10038.9 10037.2 10035.4 10033.8 10033.6 10035.3 10037.1 10039.3 10041.6 10044.1 10046.2 10048.3 10050.3 10051.5 10051.8 10051.4 10051.2 10051.2 10052.9 10053.3 10053.9 10055 10056.4 10057.3 10061.5 10068.5 10074.7 10079 10084.1 10089.1 10094.1 10098.8 10100.1 10100.2 10099.9 10099.8 10098.9 10099.3 10100.3 10102.3 10104.6 10108.8 10112.4 10116.1 10120.2 10123.4 10126.2 10129.4 10132.7 10136.1 10139.6 10143.3 10147.1 10151.5 10155.7 10155.8 10156
10053.2 10053.8 10053.5 10052.2 10050.5 10049 10047.3 10045.5 10043.6 10041.7 10039.6 10037.6 10035.7 10034.3 10034.5 10035.6 10037.7 10040 10042.2 10045.1 10047.1 10049.1 10051 10052.2 10052.1 10053.4 10054 10053.9 10054.3 10054.6 10055.5 10057.4 10061.3 10069.2 10069.7 10070.3 10072.6 10080.4 10087.7 10093.2 10097.5 10102 10105.6 10105.6 10104.7 10103.4 10102.7 10102.5 10102.7 10104 10106.9 10111.3 10114.6 10118.5 10123.1 10126 10128.7 10132 10135.7 10139.4 10143.4 10147.4 10151.5 10156 10159.6 10160.4 10160.9
10056.5 10057.1 10056.2 10054.6 10052.5 10050.6 10048.9 10046.8 10044.8 10042.7 10040.7 10038.6 10036.7 10035.4 10035.1 10036.4 10038.7 10041.2 10043.6 10046.2 10048.4 10050.1 10051.3 10052.2 10053.1 10054.6 10055.4 10055.4 10055.6 10056.1 10056.8 10058.2 10061.4 10067.4 10070.7 10072.9 10075.8 10084.9 10093.7 10098.6 10100.1 10103.9 10109 10108.9 10107.9 10107.2 10106.3 10105.4 10104.8 10105 10107.1 10111.9 10115.9 10119.7 10123.1 10126.6 10130.5 10134.3 10138.5 10142.7 10147 10151.3 10155.2 10158.4 10160.9 10163.5 10164.7
10059.9 10060.9 10058.4 10056.2 10053.9 10051.9 10049.8 10048.2 10046.2 10044 10042.1 10040 10038 10036.4 10035.8 10037.4 10040.1 10042.9 10045.5 10048.3 10050.1 10051.6 10052.7 10053.2 10054.9 10056.4 10057.1 10057.5 10057.6 10058.2 10058.3 10058.7 10059.3 10060.1 10070.2 10078.8 10082.5 10095.5 10103.4 10107.7 10107.2 10107.3 10110 10111.8 10111.7 10110.2 10109.1 10108.4 10107.3 10106.7 10107.8 10112.3 10117.5 10121.3 10124 10127.5 10132.2 10136.7 10141.1 10145.6 10150.2 10154.7 10159 10162.7 10165.1 10167 10168.2
10060 10059.9 10058.7 10057 10054.8 10053 10051.5 10049.6 10047.8 10045.9 10044 10042.1 10040.2 10038.4 10036.8 10039.4 10042.4 10045.3 10047.8 10050.3 10052.8 10054.5 10056 10057.9 10058.6 10059.6 10060.3 10060.4 10060.3 10060.3 10060.5 10060.4 10060.2 10062.2 10072.9 10087.8 10110.9 10115.6 10111.4 10117.2 10127.7 10120.8 10114.9 10116.4 10116.2 10114.3 10112.7 10111.4 10110.6 10110.5 10112.9 10117.6 10121.8 10124.6 10127 10130.3 10134.7 10139.2 10143.7 10148.3 10153 10157.9 10162.8 10167.8 10170.1 10170.7 10171.4
10058.8 10058.5 10058.1 10057.3 10055.6 10054.1 10052.6 10050.9 10049.2 10047.6 10046 10044.5 10043.2 10042.2 10042.1 10043.7 10045.9 10048.5 10050.9 10053.3 10056.1 10057.9 10059.9 10061.9 10062.5 10063.3 10063.6 10063.4 10063.2 10063.1 10063 10063.4 10064.2 10066.3 10074.6 10086.1 10103.7 10107.3 10104.1 10111.5 10135.4 10130 10125 10122.5 10119.7 10117.3 10116.5 10115.2 10114 10114.5 10118.2 10124.2 10126.7 10128.6 10130.7 10133.7 10137.7 10141.9 10146.3 10150.8 10155.5 10160.3 10165.3 10170.4 10172.7 10173.4 10174.2
10058.1 10057.3 10058 10057.8 10056.4 10055.1 10053.5 10052.1 10050.8 10049.5 10048.2 10047.3 10046.7 10046.7 10047.5 10048.7 10050.1 10051.9 10054.2 10056.4 10059.4 10061.6 10063.7 10065.9 10066.8 10067.1 10066.9 10066.6 10066.3 10066.5 10066.6 10067.6 10069.8 10072.4 10074.2 10075.6 10067.7 10064.3 10088.9 10095 10084.8 10127.3 10133 10127 10122.4 10119.4 10117.7 10116.9 10117.1 10119 10122.5 10127 10130.3 10132.2 10134.4 10137.2 10140.8 10144.7 10148.8 10153 10157.2 10161.7 10166.2 10170.7 10173.4 10174.8 10176
10057.8 10057.8 10059 10058.6 10057.2 10055.8 10054.6 10053.5 10052.2 10051.2 10050.4 10050.1 10050.1 10050.8 10052.5 10053.7 10054.1 10055.4 10057.3 10059.5 10062.5 10064.9 10067.4 10069.9 10071.2 10070.8 10070.3 10069.6 10069.2 10069.3 10069.7 10070.8 10072.7 10074.2 10074.6 10073.9 10071 10078.1 10094.7 10106.6 10108.6 10128 10131 10125.8 10122 10120 10118.5 10117.9 10119 10122 10125.6 10130 10133 10135.1 10137.4 10140.1 10143.6 10147.4 10151.2 10155 10158.8 10162.5 10166.2 10169.9 10173 10175.4 10177.4
10057.8 10058.3 10059.7 10059.4 10058.1 10057 10056.1 10054.6 10053.6 10052.9 10052.5 10052.4 10052.7 10053.6 10055 10056.1 10056.9 10058.3 10060.1 10062.2 10065.1 10067.8 10070.4 10073 10074.5 10073.9 10073.2 10072.5 10071.8 10071.6 10071.6 10072.1 10073.4 10074.7 10076.2 10079.1 10087 10103.1 10108.8 10127.4 10144.2 10123.9 10121.5 10120.5 10119 10117.3 10116.8 10117.1 10118.8 10122.2 10126.1 10130.3 10134.1 10137.1 10139.9 10142.7 10146.3 10149.8 10153.3 10156.7 10160 10163.1 10166 10168.8 10172.8 10176.1 10178.8
10057.6 10058.3 10059.9 10060.2 10059.1 10057.9 10056.8 10055.7 10055 10054.5 10054.2 10054.4 10054.8 10055.6 10056.3 10057.2 10059 10060.7 10062.5 10064.7 10067.6 10070.1 10072.8 10075.2 10076.6 10076.3 10075.6 10074.8 10074.1 10073.6 10073.2 10073.3 10073.4 10075.2 10077.5 10081.3 10088.6 10097.5 10104.4 10114.6 10119 10111.2 10111.1 10112.3 10113.2 10113.5 10114.4 10115.4 10116.9 10119.5 10124.9 10130.4 10135.2 10138.5 10141.9 10145.7 10149.2 10152.2 10155.2 10158.3 10161.4 10164.2 10166.7 10169.3 10173.6 10177.5 10180.7
10057 10058.9 10060.4 10060.8 10060.4 10059.2 10058.1 10057.1 10056.6 10056.2 10055.8 10056.1 10056.6 10057.3 10058.2 10059.5 10061 10062.8 10064.8 10067.4 10069.7 10072.1 10074.6 10076.6 10077.8 10077.9 10077.6 10076.9 10076.1 10075.4 10075 10074.9 10075.9 10076.4 10077.7 10080 10082.7 10083.4 10089.3 10092.3 10094.1 10096.6 10101 10104.6 10107.6 10109.5 10111.7 10113.5 10115.2 10118.2 10123.7 10129.4 10134.5 10138.5 10142.8 10147.5 10151.2 10153.7 10156.6 10159.7 10163 10166 10169.1 10172.3 10175.9 10179.5 10183
10056 10058.7 10061.3 10061.2 10060.8 10059.9 10059.1 10058 10057.5 10057.3 10057.3 10057.6 10058.1 10059 10060.1 10061.5 10062.9 10064.7 10066.7 10069.2 10071.5 10073.8 10076.1 10078 10079.2 10079.6 10079.2 10078.6 10077.9 10077.1 10076.5 10076 10076 10076.7 10077.7 10078.6 10079 10079 10080.3 10080.5 10082 10086.5 10093.2 10098.4 10102.8 10106.5 10109.5 10112.1 10114.1 10117.2 10122.5 10127.8 10132.8 10137.4 10142.1 10147.3 10151.5 10154.3 10157.5 10161.1 10164.7 10168.2 10171.6 10175.1 10178.4 10181.7 10185.1
10054.4 10057.6 10059.8 10060.6 10060.8 10060 10059.7 10059.5 10058.7 10058.8 10058.5 10059 10059.7 10060.5 10061.5 10062.6 10064.4 10066.3 10068.3 10070.8 10073 10075.2 10077.3 10079.4 10081.5 10081.4 10080.9 10080.5 10079.9 10079.5 10078.8 10077.7 10076.3 10077.2 10077.7 10077.8 10077.7 10077.8 10077.3 10076 10078.1 10082.7 10089.2 10095.6 10100.9 10105.2 10108.8 10112.1 10115.6 10119 10122.3 10126.5 10131 10135.2 10140 10145.2 10149.8 10153.6 10157.8 10162.2 10166.5 10170.5 10173.8 10177.4 10180.9 10183.8 10186.8
10052.9 10056.1 10058.6 10059.6 10060.2 10060.1 10060.1 10060.1 10060.1 10060.3 10059.8 10060.3 10061 10061.8 10062.9 10064.1 10066 10067.9 10070 10072.3 10074.4 10076.4 10078.3 10080 10081.7 10081.8 10081.8 10081.9 10082 10082 10081.6 10081 10079.6 10079.2 10078.6 10077.7 10077 10076.5 10076 10076 10077 10081.5 10087.4 10092.4 10098.6 10103.3 10107.5 10111.4 10115.3 10118.9 10121.9 10124.9 10127.9 10132.4 10137.4 10142.4 10147.3 10152.1 10157.5 10163.1 10168.5 10173.6 10177.9 10181 10183.6 10185.9 10188.3
10051.9 10054.9 10057.7 10058.9 10059.5 10059.7 10060.2 10060.7 10060.7 10061.2 10060.8 10061.3 10062.1 10063.1 10064.4 10065.9 10067.6 10069.5 10071.6 10073.7 10075.8 10077.7 10079.1 10080 10080.3 10080.9 10082 10082.8 10083.4 10083.8 10084.5 10086 10085.5 10082.2 10080.1 10078.4 10077.1 10075.9 10075.8 10078.3 10079.5 10083.1 10088.2 10093.3 10098.4 10102.4 10106.9 10111 10114.9 10118.4 10121.6 10124.5 10127.2 10131.1 10135.5 10139.5 10143.4 10150.2 10157.3 10164 10170.5 10176.8 10182.7 10184.9 10186.3 10187.8 10189.6
10051.1 10053.7 10056.4 10057.8 10058.6 10059.1 10060 10060.6 10061 10061.7 10061.3 10062.3 10063.3 10064.4 10065.7 10067.4 10069.1 10070.9 10073 10075.1 10077.2 10079.1 10080.4 10080.8 10080.2 10080.7 10083 10084.3 10084.9 10085.3 10086 10087.5 10086.5 10083.4 10080.8 10078.9 10077.6 10077.4 10079.4 10081.3 10084.2 10086.5 10090.2 10094.8 10099.7 10104.4 10108.4 10112.3 10115.5 10119 10122.1 10124.8 10127.8 10131.1 10134.9 10138.6 10142.9 10150 10157.8 10165.2 10172.1 10178.9 10184.9 10187 10188.2 10189.4 10190.9
10050.5 10052.4 10054.3 10055.9 10057.2 10058.6 10059.4 10060.6 10061.3 10062.3 10062.4 10063.3 10064.5 10065.7 10066.8 10067.8 10069 10071.9 10074.4 10076.8 10079 10080.9 10082.5 10083.3 10083 10083.4 10085.6 10086.3 10086 10085.6 10085.3 10085.6 10084.6 10082.6 10080.7 10079.1 10077.9 10077.1 10076.8 10080.5 10084.9 10087.8 10091.5 10096.1 10101 10105.9 10110.5 10114.6 10118 10120.9 10123.5 10125.7 10128.2 10131.3 10135.4 10139.9 10144.8 10151.9 10159.7 10166.8 10173.4 10179.8 10184.8 10187.6 10189.3 10190.8 10192.4
10050.4 10051.5 10052.4 10053.5 10055.9 10058 10059 10060.7 10061.9 10063.1 10064.3 10064.6 10065.8 10067 10068.3 10069.3 10070.7 10073.6 10076.3 10078.5 10080.9 10083 10085.2 10087.2 10089.4 10091.7 10090.4 10088.6 10087 10085.3 10083.7 10081.5 10081.6 10081 10080 10078.9 10078 10077.1 10077.8 10080.9 10083 10087.6 10092.5 10097.3 10102.5 10107.7 10112.9 10117.7 10121.4 10123.7 10125.4 10127.1 10128.9 10131.9 10137 10142.7 10148.8 10155.8 10162.5 10168.8 10174.8 10180.2 10184.4 10188 10190.2 10192 10193.9
10050.7 10051.5 10052 10052.8 10055.4 10057.7 10059.2 10061 10062.3 10063.8 10065 10065.8 10067.2 10068.5 10070 10072 10074.8 10075.9 10078.1 10080.4 10082.8 10084.9 10087.6 10090.5 10093.9 10096.4 10093.7 10090.4 10087.4 10084.9 10082.6 10081 10080.2 10079.9 10079.6 10079 10078.5 10078.4 10079.1 10080.6 10083.3 10088.3 10093.7 10098.8 10104.1 10109.6 10115.3 10120.9 10124.7 10126.5 10127.7 10128.9 10130.5 10133.5 10139.2 10146.2 10154 10160.8 10165.8 10171.1 10176.4 10181.8 10185.9 10188.9 10191.2 10193.2 10195.4
10052.2 10052.6 10052.7 10053.3 10056.2 10058.5 10059.8 10061.5 10063.2 10064.8 10066.1 10067 10068.5 10070.1 10071.7 10073.4 10074.5 10077.2 10079.8 10082.1 10084.4 10086.5 10089.1 10091.9 10094.7 10096.5 10094.2 10090.7 10087.4 10084.2 10081.5 10079.9 10079.4 10079.5 10079.6 10079.7 10079.7 10080 10081.7 10084.7 10087.4 10090.5 10095 10100 10105.3 10111.2 10117.2 10123.4 10127.3 10128.7 10129.7 10131 10132.5 10135.4 10141.7 10149.2 10157.3 10164 10168.2 10172.9 10177.8 10182.6 10186.9 10190 10192.6 10194.7 10196.7
10054.6 10054.7 10055.3 10057.4 10058.1 10059.7 10061.2 10062.6 10064.2 10065.4 10066.8 10067.9 10069.7 10071.5 10073.3 10075.2 10077.1 10079.4 10081.4 10083.4 10085.6 10087.9 10089.9 10092.2 10093.9 10094.5 10092.8 10090 10086.8 10083.6 10080.6 10078.3 10079.2 10080 10080.6 10081.1 10081.4 10081.8 10082.9 10086.8 10089.3 10092.2 10096.2 10101 10106.1 10111.8 10117.9 10124.5 10128.3 10129.8 10131.2 10133.2 10135.6 10139.1 10145.1 10151.5 10157.9 10163.6 10169 10174.4 10179.4 10183.6 10187.8 10191.6 10194.4 10196.7 10198.7
10056.6 10056.9 10057.1 10057.2 10059.4 10061.3 10062.8 10063.9 10065.3 10066.6 10068 10069.3 10070.7 10072.6 10074.5 10076.9 10080.1 10081.5 10082.4 10084.4 10086.5 10088.6 10090.4 10092.1 10092.8 10092.3 10091.2 10089.2 10086.3 10083.2 10080.9 10080.3 10080.2 10081.4 10082.6 10083.5 10083.9 10084 10085 10087.4 10090 10093.3 10097.1 10101.2 10105.8 10111 10116.9 10123.7 10127.4 10129.4 10131.9 10135 10139 10144.3 10149.3 10153.7 10157.9 10162 10169.5 10176.2 10181.8 10186.6 10190.7 10194.2 10196.9 10199.3 10201.8
