real_craters/C177-750m.grd
DSAA
191 191
-71.1725 71.1725
-71.1725 71.1725
1999.1411768544 4408.6254994752
[rows 38 to 75 of 191, columns 84 to 167 of 191]
3623 3595 3611 3578 3539 3548 3550 3555 3561 3564 3565 3570 3575 3580 3601 3616 3616 3617 3621 3610 3593 3577 3559 3547 3566 3589 3595 3595 3603 3617 3637 3647 3652 3654 3647 3641 3631 3616 3602 3589 3577 3566 3554 3545 3535 3555 3595 3615 3597 3582 3566 3551 3551 3562 3566 3556 3551 3542 3541 3541 3545 3540 3528 3526 3531 3533 3549 3560 3589 3598 3616 3632 3622 3590 3565 3556 3549 3555 3546 3534 3522 3517 3516 3516
3611 3590 3602 3589 3548 3541 3548 3565 3563 3566 3570 3577 3588 3604 3592 3582 3596 3608 3616 3604 3587 3569 3549 3528 3543 3554 3563 3574 3589 3604 3616 3625 3639 3629 3634 3637 3630 3616 3602 3590 3577 3567 3560 3557 3540 3547 3582 3588 3587 3579 3570 3564 3561 3558 3558 3551 3540 3544 3547 3548 3547 3543 3534 3533 3537 3540 3560 3574 3591 3603 3622 3631 3605 3606 3576 3519 3551 3566 3549 3536 3525 3515 3517 3516
3598 3585 3596 3594 3573 3536 3541 3553 3560 3565 3572 3580 3586 3592 3579 3582 3585 3591 3606 3596 3581 3567 3557 3561 3570 3590 3554 3560 3577 3590 3598 3603 3610 3619 3620 3620 3619 3613 3604 3593 3580 3569 3563 3568 3537 3540 3570 3575 3577 3577 3575 3576 3574 3576 3519 3554 3548 3550 3555 3557 3548 3549 3543 3543 3553 3557 3560 3576 3590 3591 3594 3607 3594 3587 3577 3552 3552 3552 3543 3533 3525 3519 3521 3516
3601 3587 3607 3600 3592 3579 3544 3544 3555 3564 3571 3578 3574 3570 3572 3583 3582 3578 3588 3584 3576 3568 3559 3562 3577 3586 3553 3558 3574 3589 3600 3607 3608 3603 3612 3617 3614 3609 3604 3596 3584 3570 3559 3550 3544 3553 3562 3566 3572 3578 3580 3579 3574 3562 3568 3561 3567 3564 3570 3574 3579 3566 3551 3547 3562 3570 3563 3571 3580 3581 3581 3582 3587 3592 3571 3555 3547 3540 3534 3528 3519 3515 3513 3511
3603 3599 3608 3609 3591 3588 3549 3552 3560 3562 3561 3553 3557 3557 3567 3591 3582 3579 3575 3574 3570 3567 3565 3566 3574 3582 3578 3573 3579 3591 3605 3619 3608 3618 3609 3607 3607 3607 3606 3602 3597 3583 3565 3551 3552 3563 3569 3573 3583 3591 3594 3590 3581 3589 3577 3584 3580 3590 3592 3586 3581 3558 3553 3554 3561 3558 3559 3564 3574 3582 3577 3560 3566 3566 3570 3549 3530 3522 3525 3523 3524 3518 3505 3505
3594 3618 3614 3611 3582 3572 3562 3579 3574 3566 3557 3547 3549 3553 3553 3571 3576 3568 3569 3571 3570 3567 3567 3570 3572 3570 3576 3577 3583 3592 3606 3618 3611 3608 3601 3595 3599 3604 3606 3607 3605 3593 3570 3551 3556 3559 3575 3588 3600 3608 3613 3619 3623 3620 3603 3601 3608 3618 3611 3592 3571 3555 3549 3545 3551 3551 3554 3558 3563 3575 3565 3552 3546 3561 3559 3545 3527 3529 3525 3521 3517 3510 3498 3503
3576 3596 3611 3603 3579 3573 3570 3588 3580 3568 3557 3550 3545 3543 3546 3556 3571 3573 3564 3564 3563 3565 3570 3572 3572 3565 3588 3579 3582 3589 3596 3602 3600 3602 3592 3596 3597 3600 3604 3610 3612 3603 3589 3575 3582 3573 3581 3615 3619 3620 3626 3636 3641 3631 3617 3615 3621 3628 3616 3592 3570 3554 3546 3542 3539 3542 3547 3550 3558 3569 3556 3538 3530 3545 3543 3540 3538 3535 3526 3520 3519 3507 3507 3503
3569 3584 3600 3585 3580 3587 3589 3591 3581 3567 3552 3539 3538 3542 3541 3549 3550 3551 3555 3558 3559 3560 3566 3572 3580 3601 3610 3583 3581 3582 3582 3583 3587 3586 3573 3588 3592 3597 3602 3608 3612 3608 3603 3597 3595 3612 3629 3629 3628 3628 3631 3639 3650 3631 3628 3638 3628 3617 3603 3587 3574 3556 3545 3534 3537 3535 3543 3552 3550 3553 3538 3529 3527 3534 3530 3529 3538 3527 3523 3519 3511 3509 3530 3504
3585 3591 3609 3577 3569 3580 3592 3591 3581 3568 3551 3536 3535 3542 3543 3548 3548 3545 3549 3552 3554 3554 3552 3564 3579 3590 3600 3586 3579 3574 3570 3562 3569 3587 3576 3580 3587 3593 3598 3601 3601 3606 3607 3605 3608 3627 3626 3620 3623 3625 3627 3629 3629 3626 3624 3632 3622 3603 3588 3578 3569 3561 3546 3535 3530 3535 3546 3547 3543 3531 3516 3516 3520 3530 3532 3530 3528 3521 3522 3523 3512 3502 3493 3505
3605 3608 3611 3581 3578 3590 3600 3591 3588 3572 3554 3539 3535 3539 3553 3550 3550 3544 3549 3553 3558 3560 3563 3569 3579 3588 3589 3586 3578 3573 3567 3560 3559 3564 3584 3579 3586 3591 3597 3595 3589 3599 3603 3599 3603 3624 3621 3622 3621 3619 3619 3620 3625 3621 3621 3620 3610 3593 3582 3569 3558 3554 3545 3539 3538 3540 3539 3534 3531 3526 3507 3515 3525 3535 3536 3532 3534 3523 3523 3525 3512 3505 3498 3502
3627 3632 3623 3590 3585 3591 3571 3599 3595 3575 3555 3538 3530 3537 3545 3551 3554 3552 3555 3558 3563 3569 3572 3574 3577 3580 3577 3575 3575 3575 3575 3576 3573 3566 3584 3585 3585 3591 3596 3599 3601 3595 3592 3590 3586 3595 3615 3613 3612 3613 3612 3610 3607 3611 3610 3596 3603 3590 3576 3559 3547 3541 3539 3535 3535 3528 3528 3529 3528 3518 3518 3521 3519 3530 3540 3537 3532 3526 3526 3530 3514 3501 3497 3497
3638 3640 3625 3616 3601 3592 3581 3588 3590 3575 3556 3538 3530 3537 3547 3556 3557 3558 3561 3565 3568 3573 3581 3574 3572 3569 3570 3565 3571 3576 3579 3582 3555 3543 3566 3576 3581 3587 3596 3605 3603 3590 3577 3582 3590 3598 3610 3609 3608 3608 3606 3603 3600 3596 3599 3587 3595 3576 3560 3548 3536 3533 3532 3529 3526 3533 3521 3524 3524 3528 3523 3520 3519 3530 3540 3544 3539 3534 3531 3528 3516 3504 3500 3508
3626 3629 3628 3614 3609 3591 3588 3585 3584 3575 3557 3540 3534 3541 3553 3563 3558 3567 3570 3571 3571 3566 3564 3569 3568 3564 3565 3582 3571 3572 3573 3574 3537 3532 3552 3568 3577 3584 3589 3594 3593 3586 3585 3578 3591 3580 3609 3612 3610 3605 3599 3594 3589 3586 3580 3594 3594 3569 3544 3544 3543 3535 3531 3530 3525 3535 3508 3519 3522 3529 3524 3517 3523 3533 3541 3542 3540 3533 3527 3532 3515 3506 3506 3515
3610 3613 3607 3585 3601 3601 3591 3595 3597 3583 3564 3546 3537 3543 3552 3567 3581 3580 3578 3577 3577 3575 3572 3569 3567 3567 3570 3572 3566 3564 3562 3553 3534 3540 3546 3562 3572 3577 3577 3572 3573 3566 3567 3578 3584 3598 3604 3609 3607 3598 3592 3587 3585 3584 3583 3589 3578 3552 3551 3547 3540 3534 3529 3525 3519 3526 3519 3516 3520 3516 3513 3514 3518 3528 3531 3537 3536 3528 3521 3521 3510 3503 3508 3510
3623 3609 3591 3576 3592 3589 3575 3591 3608 3590 3571 3555 3538 3550 3559 3568 3588 3585 3580 3580 3580 3586 3582 3572 3568 3567 3570 3566 3558 3556 3554 3549 3550 3543 3549 3568 3569 3570 3570 3574 3570 3569 3572 3580 3587 3597 3605 3596 3588 3587 3584 3582 3583 3586 3582 3582 3552 3549 3555 3551 3545 3535 3527 3523 3507 3512 3517 3517 3522 3508 3511 3511 3522 3527 3534 3544 3547 3542 3524 3512 3503 3503 3513 3534
3627 3616 3591 3562 3599 3581 3563 3589 3600 3594 3582 3571 3566 3573 3572 3572 3582 3583 3581 3580 3578 3577 3575 3572 3567 3562 3557 3546 3542 3551 3556 3553 3552 3543 3577 3569 3565 3567 3568 3565 3574 3579 3579 3580 3587 3589 3588 3585 3582 3579 3581 3583 3583 3579 3582 3567 3555 3563 3574 3568 3554 3544 3532 3526 3523 3524 3538 3533 3520 3509 3514 3517 3524 3548 3547 3562 3566 3554 3528 3509 3496 3499 3510 3521
3634 3636 3632 3602 3604 3601 3579 3581 3597 3591 3587 3582 3573 3567 3581 3581 3571 3574 3577 3577 3578 3571 3571 3571 3567 3558 3543 3538 3533 3550 3568 3580 3568 3545 3571 3555 3556 3563 3572 3584 3585 3590 3586 3580 3578 3572 3576 3575 3570 3579 3582 3583 3589 3604 3604 3579 3587 3581 3591 3599 3585 3570 3562 3564 3567 3569 3567 3566 3578 3570 3567 3569 3576 3573 3589 3583 3581 3563 3531 3510 3503 3500 3502 3504
3635 3638 3647 3634 3646 3641 3618 3604 3585 3583 3585 3589 3594 3597 3594 3585 3569 3574 3578 3581 3586 3586 3580 3576 3570 3562 3551 3542 3540 3555 3574 3594 3573 3547 3541 3531 3543 3559 3572 3579 3585 3593 3585 3580 3577 3571 3572 3576 3585 3589 3588 3590 3598 3609 3618 3598 3595 3595 3608 3623 3610 3601 3603 3599 3593 3590 3581 3578 3586 3584 3599 3597 3582 3587 3581 3593 3602 3587 3557 3524 3509 3500 3497 3496
3633 3631 3636 3655 3672 3667 3643 3614 3581 3579 3590 3599 3611 3620 3604 3602 3578 3579 3584 3589 3594 3599 3590 3583 3577 3571 3568 3568 3560 3564 3571 3575 3583 3590 3531 3523 3538 3560 3578 3583 3575 3570 3576 3581 3580 3581 3576 3581 3591 3597 3600 3601 3605 3611 3600 3586 3587 3588 3605 3625 3617 3610 3606 3607 3593 3586 3567 3573 3568 3576 3595 3591 3594 3575 3581 3595 3606 3572 3535 3515 3505 3497 3493 3489
3639 3643 3645 3669 3662 3671 3653 3624 3595 3587 3601 3615 3614 3604 3592 3577 3582 3587 3592 3599 3605 3606 3599 3591 3584 3579 3578 3589 3587 3576 3569 3567 3581 3577 3535 3521 3542 3564 3585 3586 3572 3569 3574 3580 3589 3592 3590 3588 3594 3599 3606 3614 3606 3601 3593 3585 3577 3585 3598 3604 3606 3604 3607 3601 3586 3576 3570 3560 3562 3564 3582 3588 3581 3576 3579 3591 3588 3546 3507 3490 3493 3491 3489 3487
3646 3657 3654 3653 3673 3679 3669 3653 3615 3606 3623 3643 3656 3614 3597 3596 3596 3601 3607 3613 3623 3627 3610 3600 3592 3586 3581 3586 3605 3583 3574 3575 3575 3570 3542 3552 3554 3567 3583 3582 3569 3564 3576 3588 3605 3600 3593 3588 3593 3595 3594 3596 3595 3588 3581 3575 3571 3574 3585 3588 3593 3592 3590 3587 3575 3568 3578 3578 3571 3571 3564 3556 3581 3568 3572 3582 3569 3523 3490 3475 3484 3486 3488 3491
3656 3660 3666 3647 3636 3674 3680 3675 3642 3632 3639 3651 3648 3622 3610 3606 3610 3613 3615 3618 3623 3624 3615 3608 3600 3595 3592 3597 3597 3582 3573 3571 3575 3562 3563 3560 3554 3562 3577 3579 3581 3580 3583 3585 3573 3586 3590 3587 3597 3601 3594 3591 3586 3581 3573 3561 3562 3565 3584 3588 3583 3582 3580 3575 3571 3569 3568 3575 3576 3573 3568 3561 3563 3546 3551 3560 3558 3524 3494 3474 3476 3483 3490 3493
3673 3664 3658 3665 3651 3667 3676 3676 3649 3654 3650 3642 3627 3622 3626 3629 3631 3628 3628 3629 3637 3634 3628 3617 3611 3606 3602 3600 3595 3582 3586 3586 3583 3568 3569 3552 3542 3546 3563 3566 3574 3576 3574 3562 3531 3549 3576 3601 3603 3602 3601 3594 3586 3575 3567 3551 3550 3567 3581 3578 3574 3573 3572 3569 3566 3562 3554 3567 3570 3565 3552 3567 3547 3539 3543 3551 3555 3527 3486 3474 3474 3485 3494 3501
3702 3660 3679 3689 3678 3696 3675 3670 3652 3661 3664 3659 3663 3664 3651 3644 3648 3642 3639 3638 3647 3646 3642 3637 3621 3615 3608 3599 3573 3583 3598 3597 3592 3575 3561 3533 3528 3529 3520 3548 3563 3560 3554 3533 3528 3549 3570 3596 3603 3610 3604 3598 3592 3588 3585 3558 3548 3560 3572 3571 3569 3568 3566 3566 3560 3549 3552 3558 3558 3553 3556 3549 3529 3512 3531 3535 3535 3513 3486 3486 3487 3493 3499 3505
3681 3691 3722 3712 3715 3697 3689 3685 3697 3681 3691 3704 3708 3693 3667 3649 3652 3656 3654 3649 3644 3653 3658 3653 3634 3625 3612 3595 3590 3595 3593 3594 3591 3574 3544 3518 3522 3529 3535 3539 3544 3541 3532 3525 3527 3535 3547 3574 3595 3598 3601 3597 3592 3586 3576 3555 3537 3543 3554 3563 3564 3561 3559 3563 3559 3554 3556 3550 3554 3549 3535 3541 3526 3515 3521 3511 3509 3497 3482 3493 3494 3498 3504 3509
3691 3719 3729 3720 3714 3728 3716 3707 3703 3716 3732 3737 3743 3727 3694 3684 3688 3685 3690 3689 3687 3688 3689 3682 3668 3643 3626 3611 3599 3595 3600 3590 3574 3556 3536 3520 3523 3533 3535 3531 3525 3522 3515 3530 3534 3517 3520 3574 3591 3601 3599 3593 3587 3580 3567 3556 3534 3524 3541 3552 3552 3556 3557 3564 3558 3550 3554 3561 3552 3552 3546 3543 3539 3541 3538 3517 3510 3510 3493 3491 3496 3501 3507 3510
3749 3759 3739 3745 3758 3772 3756 3748 3751 3796 3806 3799 3873 3807 3766 3741 3711 3723 3747 3754 3744 3741 3731 3716 3693 3667 3643 3625 3618 3609 3595 3590 3577 3558 3540 3528 3548 3539 3535 3530 3522 3522 3522 3537 3538 3523 3527 3569 3586 3588 3584 3586 3587 3584 3583 3566 3544 3532 3537 3542 3546 3548 3554 3554 3556 3559 3551 3554 3557 3559 3571 3559 3552 3545 3542 3529 3522 3522 3507 3493 3498 3504 3509 3511
3793 3817 3789 3775 3772 3770 3781 3809 3829 3866 3883 3902 3952 3897 3879 3828 3763 3796 3830 3843 3838 3802 3773 3741 3708 3678 3655 3636 3625 3617 3605 3597 3586 3572 3556 3541 3535 3536 3540 3543 3541 3535 3535 3551 3545 3537 3530 3558 3586 3587 3582 3579 3573 3573 3569 3561 3549 3530 3533 3540 3538 3537 3542 3546 3552 3554 3560 3562 3556 3563 3586 3574 3563 3551 3539 3536 3534 3524 3513 3505 3504 3511 3516 3516
3777 3838 3850 3871 3813 3794 3868 3900 3901 3924 3926 3900 3942 3961 3949 3953 3942 3940 3933 3911 3893 3847 3800 3762 3720 3692 3665 3651 3635 3634 3619 3611 3598 3588 3572 3557 3547 3547 3554 3563 3559 3548 3500 3541 3543 3543 3557 3576 3592 3593 3584 3573 3567 3561 3557 3552 3546 3533 3519 3518 3518 3524 3531 3543 3550 3552 3558 3561 3566 3574 3588 3570 3574 3566 3499 3539 3548 3532 3522 3517 3517 3524 3529 3531
3771 3811 3903 3926 3912 3938 4044 4022 3983 3993 3993 3975 4007 4043 4067 4067 4081 4088 4038 3968 3917 3885 3833 3779 3727 3696 3679 3670 3651 3651 3643 3638 3629 3607 3586 3578 3567 3564 3569 3575 3570 3550 3547 3544 3548 3542 3541 3575 3585 3582 3571 3559 3553 3549 3543 3538 3541 3534 3522 3518 3518 3514 3524 3541 3547 3545 3547 3555 3561 3558 3567 3574 3578 3574 3564 3553 3554 3549 3543 3534 3533 3539 3546 3553
3853 3934 3980 4033 4006 4058 4155 4072 4058 4088 4079 4115 4066 4074 4078 4030 4108 4137 4080 4073 4019 3933 3862 3799 3751 3745 3718 3697 3674 3664 3654 3654 3648 3629 3613 3600 3585 3579 3581 3582 3573 3566 3559 3559 3551 3547 3548 3562 3570 3562 3546 3546 3541 3542 3540 3534 3535 3540 3529 3523 3509 3504 3517 3533 3540 3538 3542 3542 3535 3554 3576 3565 3576 3572 3569 3560 3558 3550 3541 3544 3549 3552 3559 3567
4116 4090 4003 3954 3992 4039 4016 3952 3952 3989 3920 3903 3879 3868 3801 3789 3818 3853 3958 4102 4054 3930 3847 3804 3784 3762 3757 3734 3710 3687 3665 3658 3653 3646 3637 3622 3616 3604 3593 3590 3576 3568 3579 3564 3556 3554 3556 3562 3554 3551 3546 3547 3547 3544 3549 3562 3549 3553 3547 3538 3509 3505 3519 3536 3543 3530 3519 3520 3522 3540 3561 3580 3560 3575 3585 3581 3583 3571 3558 3556 3562 3562 3565 3566
4124 4034 3973 3922 3894 3909 3798 3732 3695 3637 3557 3562 3585 3548 3517 3517 3519 3540 3696 3826 3855 3815 3788 3779 3776 3783 3789 3781 3759 3743 3706 3683 3670 3664 3654 3642 3634 3617 3594 3578 3577 3570 3576 3560 3560 3559 3556 3554 3549 3552 3557 3549 3543 3545 3547 3549 3544 3552 3558 3537 3515 3509 3523 3540 3547 3525 3506 3502 3513 3520 3550 3566 3557 3572 3582 3592 3604 3599 3574 3552 3560 3568 3564 3556
4120 3926 3812 3753 3709 3641 3579 3530 3483 3420 3389 3410 3381 3317 3305 3306 3307 3330 3436 3500 3605 3665 3696 3713 3737 3763 3789 3829 3867 3877 3827 3750 3709 3691 3678 3667 3645 3607 3594 3588 3592 3605 3594 3579 3572 3569 3565 3569 3575 3566 3558 3556 3550 3543 3537 3527 3527 3544 3554 3541 3528 3517 3524 3531 3528 3523 3517 3522 3516 3524 3538 3562 3575 3574 3586 3600 3611 3614 3606 3577 3592 3578 3563 3543
3796 3723 3629 3583 3542 3474 3430 3392 3348 3331 3329 3300 3239 3199 3160 3144 3160 3203 3250 3303 3405 3502 3573 3636 3669 3728 3776 3853 3943 3985 3932 3809 3761 3733 3708 3688 3660 3613 3609 3607 3609 3608 3598 3594 3589 3584 3580 3577 3574 3567 3561 3547 3545 3541 3534 3527 3528 3531 3540 3538 3534 3530 3526 3524 3516 3513 3517 3517 3514 3529 3534 3549 3557 3568 3582 3586 3606 3603 3597 3597 3600 3586 3562 3536
3563 3480 3455 3450 3417 3373 3331 3252 3211 3197 3189 3144 3071 3027 3007 3004 3023 3059 3087 3128 3221 3320 3408 3482 3555 3647 3758 3852 3917 3994 4080 3884 3837 3792 3744 3702 3657 3637 3636 3639 3639 3615 3615 3612 3604 3598 3595 3599 3588 3573 3547 3547 3544 3540 3535 3535 3534 3532 3530 3527 3532 3531 3526 3521 3516 3511 3513 3508 3500 3514 3517 3533 3541 3555 3569 3579 3590 3587 3594 3597 3599 3584 3560 3534
3428 3415 3465 3380 3304 3252 3205 3120 3036 2995 2978 2903 2871 2847 2861 2867 2879 2905 2938 2981 3054 3150 3253 3359 3465 3567 3677 3803 3902 3999 4058 4057 3954 3859 3775 3708 3674 3664 3656 3660 3674 3658 3653 3636 3622 3609 3598 3598 3583 3560 3549 3545 3542 3539 3536 3532 3533 3528 3523 3528 3538 3537 3529 3520 3508 3501 3505 3507 3501 3493 3502 3530 3541 3542 3555 3564 3569 3573 3584 3579 3582 3577 3558 3536
3300 3327 3364 3260 3148 3047 2954 2865 2819 2785 2754 2654 2694 2730 2715 2721 2732 2760 2782 2818 2899 3000 3113 3232 3351 3473 3610 3749 3937 4165 4153 4158 4037 3922 3813 3731 3701 3677 3668 3678 3692 3689 3683 3655 3631 3613 3594 3567 3563 3551 3555 3545 3543 3541 3538 3536 3532 3520 3517 3530 3543 3542 3533 3523 3512 3508 3519 3511 3509 3497 3505 3518 3522 3530 3539 3555 3569 3569 3567 3573 3574 3570 3558 3539
