real_craters/C177-500m.grd
DSAA
286 286
-71.1725 71.1725
-71.1725 71.1725
1992.5219207935 4397.9392632885
[rows 150 to 179 of 286, columns 201 to 267 of 286]
3608.12 3616.27 3589.42 3582.4 3585.34 3596.26 3595.12 3590.53 3592.32 3590.04 3568.01 3548.01 3536.85 3530.25 3530.6 3532.34 3540.23 3546.39 3554.7 3552.84 3527.5 3514.53 3510.74 3501.02 3495.28 3504.24 3507.73 3510.53 3505.5 3498.74 3503.89 3510.55 3516.73 3526.15 3500.92 3508.62 3524.47 3531.94 3528.1 3543.14 3562.83 3560.27 3528.16 3521.59 3507.76 3524.82 3535.12 3543.05 3543.9 3543.9 3549.91 3551.39 3555 3557.44 3549.87 3529.6 3544.18 3565.73 3559.21 3564.78 3578.9 3594.1 3591.8 3590.34 3589.92 3582.21 3568.94
3613.44 3616.41 3602.14 3578.86 3565.23 3564.99 3567.93 3570.94 3568.28 3573.26 3578.42 3569.16 3554.63 3530.93 3535.64 3535.32 3546.07 3555.04 3551.98 3523.75 3543.18 3518.5 3502.55 3496.13 3503.41 3506.44 3511.79 3513.58 3509.8 3499.83 3493.53 3501.25 3503.14 3498.47 3499.18 3506.65 3514.79 3517.94 3527.03 3532.8 3542.51 3536 3525.73 3520.02 3523.98 3523.28 3524.4 3526.87 3544.01 3540.35 3540.03 3552.47 3560.07 3569.76 3586.74 3576.23 3563.31 3567.32 3555.7 3560.37 3574.96 3579.86 3592.2 3599.78 3609.13 3599.49 3584.97
3604.44 3600.64 3590.57 3571.6 3550.68 3543.34 3547.58 3558.1 3568.12 3582.97 3606.49 3589.64 3569.2 3555.37 3542.37 3533.42 3544.01 3562.49 3577.44 3577.5 3550.84 3523.57 3518.25 3504.93 3505.12 3522.25 3527.58 3531.3 3526.4 3515.42 3510.58 3519.3 3531.25 3529.48 3506.79 3496.95 3509.45 3515.41 3510.2 3518.49 3519.66 3514.07 3518.78 3522.41 3533.74 3528.3 3520.32 3521.03 3532.3 3540.6 3544.03 3554.99 3562.52 3569.25 3571.5 3585.67 3573.6 3558.01 3552.5 3565.53 3576.71 3587.4 3592.63 3597.55 3598.87 3598.74 3582.34
3590.47 3578.97 3588.65 3571.16 3547.43 3547.06 3553.49 3555.52 3554.64 3576.27 3599.46 3589.81 3572.89 3556.81 3551.26 3554.65 3552.95 3560.4 3571.65 3576.48 3565.78 3568.81 3568.46 3557.24 3554.4 3560.13 3565.38 3562.85 3556.76 3549.61 3546.2 3539.01 3536.14 3535.05 3508.68 3496.01 3504.91 3515.36 3516.87 3513.77 3516.46 3505.76 3501.65 3513.24 3515.93 3519.69 3520.48 3507.67 3527.85 3543.68 3555.22 3557.51 3563 3568.79 3576.17 3588.55 3572.15 3557.55 3560.79 3574.62 3581.85 3583.85 3587.86 3590.53 3589.01 3588.97 3565.91
3595.13 3577.48 3576.88 3576.57 3566.68 3560.47 3559.97 3562.91 3571.38 3572.85 3577.41 3579.22 3572.36 3561.9 3557.79 3554.42 3557.49 3556.45 3553.48 3563.22 3568.12 3580.37 3606.12 3615.86 3611.38 3608.61 3598.5 3596.67 3596.49 3581.16 3546.37 3520.64 3531.26 3540.83 3510.21 3486.55 3503.33 3510.09 3502.04 3511.53 3515.91 3511.89 3511.87 3513.34 3514.64 3519.87 3528.96 3540.19 3538.32 3542.94 3542.44 3550.32 3561.06 3568.72 3568.19 3565.27 3563.77 3561.35 3568.19 3584.68 3588.16 3591.51 3589.12 3580.68 3576.69 3564.23 3538.93
3611.47 3604.62 3584.37 3587.39 3581.98 3574.54 3570.25 3571.51 3572.39 3572.55 3571.46 3571.76 3568.03 3564.94 3553.53 3543.04 3542.84 3552.24 3564.19 3563.5 3566.36 3599.62 3631.93 3658.55 3665.64 3663.15 3661.56 3658.69 3647.11 3627.64 3601.52 3541.49 3522.86 3538.29 3524.14 3513.3 3522.79 3535.97 3540.71 3536.11 3533.95 3537.41 3530.67 3529.85 3527.02 3529.27 3538.87 3554.66 3542.87 3548.08 3543.57 3549.88 3557.94 3566.14 3557.94 3542.76 3554.5 3569.18 3583.37 3588.35 3589.92 3587.78 3579.27 3561.2 3541.6 3526.85 3513.04
3621.33 3606.88 3608.93 3606.62 3596.02 3582.89 3578.97 3573.04 3575.55 3576.3 3573.53 3568.53 3560.12 3548.62 3537.3 3528.14 3528.02 3534.91 3538.35 3563.25 3595.74 3629.46 3655.99 3682.48 3697.47 3703.93 3718.2 3723.38 3696.83 3671.92 3641.4 3569.98 3532.27 3527.6 3540.72 3544.69 3543.35 3550.99 3554.87 3548.62 3539.73 3541.65 3554.7 3546.59 3530.33 3527.15 3532.99 3546.8 3545.45 3535.67 3541.99 3547.41 3551.62 3552.62 3535.66 3528.57 3547.94 3570.82 3598.48 3602.77 3584.18 3571.76 3556.41 3541.23 3518.78 3498.77 3496.37
3630.42 3629.32 3631.56 3615.33 3595.32 3576.45 3562.19 3569.32 3578.86 3584.86 3580.77 3568.11 3554.55 3540.93 3530.33 3524.45 3532.14 3546.26 3565.15 3587.26 3615.18 3635.3 3677.03 3690.15 3705.6 3723.82 3743.73 3751.67 3727.02 3698.17 3661.15 3580.03 3512.28 3522.2 3552.02 3562.76 3542.92 3529.02 3530.86 3537.47 3523.09 3522.4 3552.53 3536.61 3510.02 3493.88 3522.33 3533.54 3541.81 3545.71 3550.02 3553.04 3548.2 3535.53 3535.86 3533.72 3541.47 3556.26 3567.17 3569.37 3566.25 3556.69 3547.18 3526.57 3507.71 3494.17 3490.57
3633.23 3629.66 3622.45 3609.38 3579.85 3566.73 3556.89 3567.8 3581.56 3584.79 3579.22 3565.88 3552 3536.27 3526.22 3538.9 3551.91 3577.96 3601.85 3631.64 3656.6 3669.1 3676.87 3677.33 3699.64 3723.96 3744.34 3751.98 3733.88 3706.99 3669.57 3606.36 3531.05 3503.44 3509.71 3527.25 3519.8 3503.77 3495.26 3507.96 3505.32 3493.77 3516.33 3501.26 3505.34 3518.49 3537.24 3553.51 3569.83 3573.14 3574.93 3571.14 3556.69 3533.74 3534.42 3531.17 3529.58 3536.49 3547.85 3552.96 3542.75 3533.78 3526 3511.88 3500.68 3492.2 3490.69
3622.79 3618.12 3620.26 3557.99 3556.19 3563.11 3564.69 3560.63 3560.38 3563.8 3566.23 3561.99 3555.27 3550.87 3554.24 3557.49 3564.55 3592.34 3619.65 3662.71 3694.44 3688.7 3659.13 3664.4 3690.87 3715.37 3733.97 3735.92 3728.6 3706.45 3677.22 3629.89 3548.35 3502.8 3494.48 3495.87 3503.43 3500.93 3500.33 3518.93 3503.4 3485.93 3479.83 3483.4 3517.59 3556.2 3564.24 3570.57 3596.24 3604.57 3600.63 3580.45 3567.55 3561.13 3531.24 3513.76 3511.76 3512.64 3509.11 3510.48 3513.38 3509.07 3496 3499.83 3499.61 3489.65 3492.77
3611.73 3598.8 3602.74 3614.85 3583.25 3570.41 3562.53 3548.59 3545.99 3557.54 3558.52 3559.33 3558.41 3557.96 3559.22 3571.6 3583.15 3605.21 3649.36 3690.35 3697.72 3702.92 3683.88 3679.64 3689.19 3709.15 3725.61 3737.72 3721.81 3699.17 3664.88 3623.29 3560.95 3509.89 3496.78 3511.61 3518.21 3518.09 3522.96 3516.7 3507.04 3489.28 3484.47 3485.33 3524.89 3576.08 3583.89 3588.35 3608.43 3621.53 3609.73 3577.37 3563.54 3546.64 3490 3492.81 3495.41 3495.38 3492.59 3489.98 3496.16 3497.78 3499.89 3497.58 3497.95 3496.1 3497.79
3596.8 3582.89 3582.15 3593.11 3592.31 3577.91 3565.04 3551.53 3545.13 3547.1 3554.53 3558.86 3562.13 3565.67 3570.93 3574.16 3589.89 3619.53 3682.67 3707.6 3696.8 3722.93 3687.14 3667.21 3685.97 3704.46 3718.98 3720.71 3712.97 3691.12 3663.02 3639.23 3590.24 3527.41 3531.28 3526.25 3529.95 3528.97 3534.58 3538.89 3520.17 3499.05 3491.87 3496.44 3530.63 3564.44 3588.5 3610 3620.6 3622.1 3607.29 3583.42 3551.78 3524.27 3495.6 3487.96 3488.43 3488.27 3486.38 3490.63 3493.06 3493.88 3495.15 3497.32 3500.58 3499.74 3494.93
3589.97 3577.74 3571.39 3570.81 3587.12 3583.69 3573.04 3551.4 3550.25 3548.69 3556.55 3564.21 3569.84 3574 3574.96 3576.08 3596.8 3635.33 3700.83 3714.3 3693.29 3720.34 3681.09 3670.11 3689.32 3706.92 3719.3 3724.14 3710.24 3683.85 3654.54 3643.09 3562.94 3517.71 3512.33 3517.54 3524.91 3522.81 3523.77 3528.34 3520.26 3514.77 3520.08 3532.54 3541.88 3558.92 3588.77 3618.22 3636.12 3625.44 3595.32 3559.52 3533.58 3510.62 3497.47 3492.43 3490.02 3488.38 3486.58 3487.42 3491.23 3493.32 3495.22 3496.04 3499.7 3483.55 3487.8
3586.01 3581.67 3587.27 3591.05 3587.55 3587.16 3589.34 3589.14 3569.46 3559.49 3567.46 3573.7 3580.62 3585.77 3591.3 3586.69 3605.99 3659.81 3701.29 3682.99 3664.72 3722.21 3718.22 3698.66 3700.28 3710.33 3720.96 3724.95 3710.22 3673.54 3629.11 3590.9 3543.82 3510.92 3495.8 3498.08 3503.55 3511.99 3508.8 3505.66 3510.39 3521.44 3530.1 3538.88 3551.5 3570.13 3595.57 3627.12 3654.79 3630.47 3585.37 3552.36 3527.87 3514.54 3507.79 3501.19 3496.75 3493.41 3492.03 3490.9 3492.77 3492.67 3492.62 3488.66 3482.66 3488.85 3491.19
3582.59 3576.49 3573.79 3573.6 3576.69 3586.27 3596.95 3594.87 3584.83 3582.56 3582.71 3586.27 3591.25 3597.4 3605.05 3601.55 3611.92 3644.15 3691.71 3687.56 3680.11 3682.25 3705.07 3701.62 3702.3 3706.85 3715.05 3723.62 3708.24 3657.06 3604 3531.97 3501.54 3491.43 3483.72 3490.07 3499.41 3514.84 3524.08 3517.42 3516.71 3526.4 3542.61 3551.36 3556.07 3579.69 3602.78 3625.46 3649.28 3628.02 3587.22 3568.41 3544.21 3529.18 3523.39 3515.01 3507.86 3501.69 3498.05 3496.04 3495.07 3491.99 3488.31 3483.76 3482.13 3486.22 3491.28
3579.79 3570.89 3565.38 3565.17 3571.79 3583.72 3593.24 3594.15 3599.66 3599.65 3594.47 3593.75 3594.16 3601.25 3610.61 3610.6 3616.24 3631.39 3643.3 3695.01 3711.82 3677.81 3666.5 3688.64 3698.12 3699.09 3697.45 3694.26 3673.93 3629.05 3580.5 3516.97 3492.32 3481.46 3485.67 3494.66 3512.54 3522.62 3538.21 3543.24 3534.61 3527.76 3531.42 3551.92 3563.4 3578.68 3604.73 3624.83 3627.22 3612.84 3593.28 3586.16 3575.24 3561.72 3540.17 3525.7 3516.24 3509.01 3504.01 3500.56 3495.99 3491.53 3489.13 3486.51 3484.55 3491.39 3496.47
3579.62 3570.54 3557.17 3578.13 3578.72 3583.36 3589.84 3584.54 3596.58 3604.18 3599.59 3595.31 3594.58 3599.59 3610.7 3621.03 3629.63 3638.69 3645.96 3674.78 3696.94 3664.13 3667.63 3709.82 3689.1 3676.65 3665.29 3647.47 3617.12 3594.82 3567.76 3547.09 3510.85 3487.99 3486.83 3495.41 3500.77 3526.71 3544.01 3545.59 3533.06 3533.88 3540.73 3551.25 3570.49 3577.71 3591.04 3599.85 3590.73 3583.3 3582.18 3576.19 3567.17 3554.19 3539.83 3527.96 3519.98 3514.72 3510.74 3508.64 3491.04 3490.43 3488.9 3490.69 3494.82 3497.49 3501.2
3577.35 3574.45 3574.31 3564.52 3564.57 3582.86 3592.76 3594.08 3609.21 3607.21 3598.09 3591.26 3587.79 3587.78 3593.56 3599.33 3623.42 3631.65 3615.91 3626.93 3697.58 3676.21 3659.18 3664.64 3661.34 3646.97 3629.8 3609.22 3585.17 3562.65 3541.21 3518.21 3499.85 3486.63 3482.84 3490.82 3517.07 3531.72 3541.6 3542.55 3538.78 3539.22 3550.83 3559.9 3568.72 3565.88 3561.66 3575.78 3576.65 3570.93 3562.6 3556.89 3556.17 3537.35 3530.71 3524.91 3519.92 3516.87 3515.75 3513.44 3498.86 3494.51 3491.47 3490.54 3492.36 3497.43 3497.98
3579.39 3576.31 3577.11 3558.7 3574.01 3581.42 3594.64 3598.92 3600.08 3597.3 3590.87 3583.84 3576.72 3571.43 3564.17 3574.94 3604.72 3612 3588.14 3588.16 3678.52 3673.05 3658.62 3644.45 3633.24 3617.27 3597.73 3576.03 3556.8 3533.57 3505.18 3487.93 3493.17 3487.67 3484.25 3487.82 3506.44 3521.86 3538.3 3543.45 3532.25 3531.2 3546.54 3557.32 3559.13 3556.67 3561.21 3569.83 3570.8 3563.43 3548.9 3536.53 3526.01 3526.32 3521.73 3518.96 3516.74 3515.53 3515.7 3517.63 3511.2 3502.81 3499.14 3492.33 3496.13 3498.2 3497.47
3578.64 3573.01 3562.53 3561.51 3548.52 3558.18 3567.89 3573.07 3575.54 3581.33 3579.39 3573.4 3566.04 3556.59 3545.38 3538.28 3577.61 3592.09 3598.21 3627.57 3625.82 3628.58 3626.9 3622.07 3604.38 3587.45 3568.33 3544.03 3519.03 3515.74 3531.98 3523.37 3513.7 3498.46 3489.66 3492.48 3492.85 3506.01 3528.26 3545.21 3523.59 3521.05 3504.18 3510.32 3506.06 3545.96 3577.1 3578.6 3572.04 3563.25 3546.88 3533.83 3517.11 3510.77 3513.7 3513.98 3512.82 3510.97 3509.13 3507.04 3504.16 3506.05 3510.07 3515.12 3506.56 3500.9 3494.33
3581.57 3572.85 3564.01 3560.49 3543.08 3535.7 3546.38 3551.43 3560.46 3570.56 3570.46 3565.6 3558.15 3548.63 3544.85 3536.4 3535.28 3551.61 3565.26 3574.61 3575.67 3591.09 3592.59 3577.39 3574.32 3564.85 3547.46 3525.54 3501.26 3502.97 3515.63 3527.87 3530.85 3506.77 3502.89 3495.03 3500.06 3506.05 3507.07 3507.27 3527.27 3528.98 3525.27 3501.92 3475.31 3538.4 3587.85 3580.15 3568.75 3555.29 3544.11 3539.42 3526.51 3515.51 3513.34 3511.68 3509.82 3507.63 3503.31 3498.82 3498.8 3502.53 3510.32 3517.77 3506.21 3502.69 3502.23
3584.62 3574.96 3562.13 3544.05 3527.89 3525.07 3523.28 3542.93 3562.54 3565.91 3563.78 3557.61 3550.16 3541.45 3538.64 3540.55 3540.78 3534.44 3533.37 3525.79 3564.49 3579.43 3579.26 3574.23 3564.88 3549.2 3534.77 3519.89 3512.84 3512.28 3496.46 3506.94 3527.11 3538.9 3511.09 3496.52 3487.46 3482.49 3490.38 3504.76 3523.49 3525.99 3505.8 3474.74 3462.03 3539.38 3587.19 3574.38 3558.61 3539.01 3524.55 3513.34 3520.72 3519.92 3514.45 3510.1 3508.1 3504.67 3500.1 3493.96 3490.82 3495.31 3498.77 3495.95 3495.62 3498.84 3501.44
3586.72 3575.74 3560.86 3547.76 3543.76 3529.86 3534.5 3540.44 3558.11 3562.75 3557.11 3552.07 3545.24 3536.49 3527.55 3538.88 3536.7 3531.27 3534.35 3534.82 3521.42 3537.03 3546.62 3564.31 3556.05 3539.6 3527.53 3515.82 3509.02 3518.16 3537.28 3513.65 3509.47 3532.19 3522.96 3498.88 3486.44 3480.16 3482.17 3488.76 3506.93 3517.56 3515.29 3499.36 3517.63 3557.08 3574.41 3562.15 3548.6 3533.33 3515.92 3496.94 3507.73 3512.86 3510.73 3509.24 3506.44 3502.39 3497.54 3494.33 3492.54 3491.64 3493.95 3492.5 3492.1 3492.6 3491.34
3593.32 3585.82 3569.85 3551.34 3541.38 3555.04 3565.55 3552.12 3562.58 3559.11 3552.63 3546.9 3541.32 3534.92 3530.43 3543.51 3530.44 3547.36 3547.43 3551.96 3542.52 3521.89 3529.75 3529.9 3529.76 3530.98 3525.68 3514.93 3501.07 3508.27 3553.1 3535.34 3508.02 3524.88 3540.64 3532.9 3504.34 3484.6 3475.57 3474.45 3488.54 3506.41 3519.11 3519.78 3519.78 3542.61 3550.48 3544.87 3540.42 3532.98 3522.86 3513 3503.69 3508.9 3512.4 3509.52 3504.36 3499.96 3496.36 3493.4 3489.6 3490.97 3493.72 3491.79 3487.33 3487.87 3486.47
3596.15 3589.64 3575.8 3560.44 3561.75 3546.35 3565.53 3574.64 3555.97 3549.8 3548.91 3546.7 3543.7 3540.43 3543.83 3539.25 3535.47 3538.66 3538.75 3534.42 3544 3550.27 3534.98 3530.95 3526.37 3533.63 3533.25 3529.69 3524.59 3529.45 3547.55 3545.11 3538.4 3552.75 3567.03 3568.74 3516.08 3480.43 3472.37 3473.75 3483.28 3498.81 3513.45 3521.14 3514.86 3515.33 3531.21 3533.57 3532.26 3533.88 3532.32 3541.71 3529.41 3519.9 3517.94 3513.32 3508.37 3503.55 3498.72 3494.88 3492.86 3491.2 3493.31 3491.13 3487.91 3485.77 3484.61
3596.13 3592.64 3579.31 3562.73 3554.15 3536.55 3574.23 3607.65 3569.53 3551.08 3552.31 3551.49 3546.83 3544.49 3545.55 3540.74 3546.09 3539.16 3541.92 3536.98 3530.25 3529.69 3549.71 3549.28 3549.98 3551.15 3551.56 3552.11 3556.57 3566.61 3575.92 3561.19 3544.69 3563.99 3575.94 3542.06 3499.62 3480.51 3472.17 3473.96 3479.54 3485.99 3503.65 3521.01 3522.04 3521.98 3517.88 3512.73 3522.44 3526.24 3527.08 3525.2 3546.55 3536 3522.92 3514.36 3508.14 3503.05 3498.67 3495.18 3492.56 3490.51 3490.61 3489.21 3486.66 3483.27 3480.69
3595.64 3578.69 3581.92 3583.22 3571.49 3571.91 3596.9 3623 3587.51 3568.08 3567.9 3564.02 3557.08 3545.5 3538.08 3542.44 3558.07 3553.82 3551.06 3542.35 3537.41 3538.59 3558.61 3570.38 3567.62 3569.67 3567.84 3568.34 3573.24 3577.13 3588.2 3572.23 3565.37 3573.99 3579.33 3538.79 3498.34 3477.28 3469.52 3471.98 3477.8 3481.62 3482.44 3483.6 3508.95 3511.92 3507.64 3508.63 3516.04 3527.71 3533.12 3523.68 3516.56 3529.77 3519.28 3512.18 3506.93 3502.83 3498.95 3495.65 3493.82 3492.33 3483.18 3483.16 3482.26 3478.47 3475.83
3602.47 3595.45 3589.34 3588.68 3580.4 3586.83 3602.68 3601.84 3608.27 3601.41 3589.02 3580.41 3572.9 3565.02 3560.96 3561.68 3602.61 3571.41 3559.88 3549.76 3551.68 3559.05 3580.54 3586.85 3593.09 3584.95 3580.53 3581.43 3584.61 3582.8 3561.85 3558.76 3567.65 3581.05 3561.34 3557.35 3506.56 3479.68 3467.15 3469.13 3476.09 3479.86 3478.67 3482.08 3487.92 3479.89 3493.37 3501.69 3508.89 3511.54 3502.75 3487.39 3489.12 3499.71 3505.84 3505 3502.38 3499.67 3497.22 3494.85 3492.86 3491.53 3486.02 3481.66 3472.83 3473.32 3468.23
3610.74 3600.59 3595.41 3588.79 3584.68 3594.44 3614.19 3619.02 3620.73 3616.73 3605.18 3597.55 3594.32 3595.01 3599.12 3624.17 3617.75 3581.46 3557.47 3540.16 3559.61 3556.8 3564.67 3575.24 3589.13 3582.65 3579.52 3582.28 3584.65 3570.18 3553.67 3565.22 3576.58 3580.52 3552.9 3576.21 3534.79 3489.93 3465.84 3465.36 3474.91 3479.06 3479.95 3479.39 3483.3 3482.21 3487.07 3495.42 3503.63 3508.33 3510.32 3497.3 3489.15 3494.16 3498.87 3499.63 3498.41 3496.79 3495.02 3493.82 3491.92 3488.01 3485.69 3482.61 3483.45 3471.33 3460.37
3625.05 3616.93 3605.98 3594.79 3596.56 3616.98 3620.05 3616.59 3619.77 3619.34 3613.75 3610.7 3610.32 3612.07 3606.07 3588.55 3591.85 3581.4 3571.52 3540.72 3541.98 3562.97 3558.01 3560.49 3559.39 3561.33 3568.61 3578.3 3585.66 3591.04 3570.8 3572.81 3572.48 3564.66 3584.74 3581.04 3552.04 3499.22 3465.55 3461.65 3463.21 3479.53 3479.77 3477.78 3478.25 3483.67 3485.25 3491.13 3500.31 3508.13 3507.57 3505.41 3507.3 3499.09 3498.29 3497.73 3497 3495.72 3494.11 3492.48 3489.99 3485.17 3483.01 3480.68 3473.31 3466.72 3456.41
